#depth	N	N+	N+2	N+3	N+4	N+5	N+6	N+7
 4.62852e+21	0.00e+00	1.76e-28	2.14e-22	2.68e-17	1.19e-12	1.16e-07	6.84e-04	9.99e-01
 1.05465e+22	0.00e+00	1.48e-27	1.28e-21	1.15e-16	3.65e-12	2.41e-07	9.76e-04	9.99e-01
 1.27170e+22	0.00e+00	6.24e-27	4.28e-21	3.09e-16	7.81e-12	3.96e-07	1.24e-03	9.99e-01
 1.43030e+22	0.00e+00	1.96e-26	1.12e-20	6.81e-16	1.43e-11	5.88e-07	1.50e-03	9.98e-01
 1.51841e+22	0.00e+00	2.61e-26	1.43e-20	8.31e-16	1.67e-11	6.49e-07	1.58e-03	9.98e-01
 1.55050e+22	0.00e+00	3.30e-26	1.74e-20	9.76e-16	1.89e-11	7.04e-07	1.64e-03	9.98e-01
 1.57808e+22	2.03e-33	4.09e-26	2.08e-20	1.13e-15	2.12e-11	7.58e-07	1.70e-03	9.98e-01
 1.60821e+22	2.75e-33	5.31e-26	2.60e-20	1.35e-15	2.44e-11	8.30e-07	1.78e-03	9.98e-01
 1.63923e+22	3.62e-33	6.73e-26	3.17e-20	1.59e-15	2.76e-11	9.00e-07	1.85e-03	9.98e-01
 1.66612e+22	4.65e-33	8.35e-26	3.80e-20	1.85e-15	3.09e-11	9.70e-07	1.92e-03	9.98e-01
 1.69582e+22	6.24e-33	1.08e-25	4.71e-20	2.20e-15	3.55e-11	1.06e-06	2.00e-03	9.98e-01
 1.72649e+22	8.21e-33	1.36e-25	5.74e-20	2.59e-15	4.01e-11	1.15e-06	2.08e-03	9.98e-01
 1.75292e+22	1.05e-32	1.68e-25	6.86e-20	2.99e-15	4.49e-11	1.24e-06	2.15e-03	9.98e-01
 1.78177e+22	1.40e-32	2.16e-25	8.45e-20	3.55e-15	5.13e-11	1.35e-06	2.25e-03	9.98e-01
 1.81244e+22	1.84e-32	2.74e-25	1.03e-19	4.17e-15	5.81e-11	1.46e-06	2.34e-03	9.98e-01
 1.84003e+22	2.38e-32	3.41e-25	1.24e-19	4.86e-15	6.53e-11	1.58e-06	2.43e-03	9.98e-01
 1.86479e+22	2.99e-32	4.15e-25	1.46e-19	5.55e-15	7.24e-11	1.69e-06	2.51e-03	9.97e-01
 1.88785e+22	3.69e-32	4.98e-25	1.71e-19	6.30e-15	7.99e-11	1.80e-06	2.59e-03	9.97e-01
 1.91437e+22	4.77e-32	6.22e-25	2.06e-19	7.35e-15	9.00e-11	1.95e-06	2.68e-03	9.97e-01
 1.94292e+22	6.18e-32	7.77e-25	2.48e-19	8.55e-15	1.01e-10	2.11e-06	2.79e-03	9.97e-01
 1.96865e+22	7.84e-32	9.53e-25	2.95e-19	9.84e-15	1.13e-10	2.26e-06	2.88e-03	9.97e-01
 1.99663e+22	1.04e-31	1.21e-24	3.61e-19	1.16e-14	1.28e-10	2.46e-06	3.00e-03	9.97e-01
 2.02502e+22	1.34e-31	1.51e-24	4.34e-19	1.35e-14	1.44e-10	2.65e-06	3.12e-03	9.97e-01
 2.04872e+22	1.66e-31	1.82e-24	5.08e-19	1.53e-14	1.59e-10	2.83e-06	3.22e-03	9.97e-01
 2.07430e+22	2.14e-31	2.26e-24	6.10e-19	1.78e-14	1.79e-10	3.06e-06	3.34e-03	9.97e-01
 2.10197e+22	2.76e-31	2.81e-24	7.34e-19	2.07e-14	2.00e-10	3.30e-06	3.46e-03	9.97e-01
 2.12719e+22	3.46e-31	3.42e-24	8.63e-19	2.36e-14	2.22e-10	3.53e-06	3.58e-03	9.96e-01
 2.15053e+22	4.29e-31	4.11e-24	1.01e-18	2.69e-14	2.45e-10	3.77e-06	3.70e-03	9.96e-01
 2.17659e+22	5.53e-31	5.12e-24	1.21e-18	3.12e-14	2.76e-10	4.07e-06	3.83e-03	9.96e-01
 2.20399e+22	7.06e-31	6.31e-24	1.45e-18	3.60e-14	3.08e-10	4.38e-06	3.98e-03	9.96e-01
 2.22807e+22	8.82e-31	7.64e-24	1.70e-18	4.11e-14	3.40e-10	4.68e-06	4.11e-03	9.96e-01
 2.25434e+22	1.14e-30	9.56e-24	2.05e-18	4.79e-14	3.84e-10	5.07e-06	4.27e-03	9.96e-01
 2.28221e+22	1.47e-30	1.19e-23	2.45e-18	5.55e-14	4.29e-10	5.47e-06	4.43e-03	9.96e-01
 2.30651e+22	1.84e-30	1.44e-23	2.88e-18	6.32e-14	4.74e-10	5.85e-06	4.58e-03	9.95e-01
 2.32861e+22	2.26e-30	1.71e-23	3.34e-18	7.13e-14	5.21e-10	6.22e-06	4.72e-03	9.95e-01
 2.35351e+22	2.88e-30	2.11e-23	3.98e-18	8.23e-14	5.82e-10	6.70e-06	4.89e-03	9.95e-01
 2.38027e+22	3.69e-30	2.61e-23	4.75e-18	9.50e-14	6.49e-10	7.21e-06	5.07e-03	9.95e-01
 2.40439e+22	4.59e-30	3.14e-23	5.55e-18	1.08e-13	7.16e-10	7.70e-06	5.24e-03	9.95e-01
 2.43066e+22	5.97e-30	3.94e-23	6.70e-18	1.26e-13	8.06e-10	8.34e-06	5.45e-03	9.95e-01
 2.45848e+22	7.74e-30	4.91e-23	8.06e-18	1.46e-13	9.02e-10	9.01e-06	5.66e-03	9.94e-01
 2.48192e+22	9.52e-30	5.86e-23	9.35e-18	1.65e-13	9.90e-10	9.59e-06	5.84e-03	9.94e-01
 2.50600e+22	1.22e-29	7.22e-23	1.11e-17	1.90e-13	1.10e-09	1.03e-05	6.06e-03	9.94e-01
 2.53177e+22	1.54e-29	8.84e-23	1.32e-17	2.17e-13	1.22e-09	1.11e-05	6.28e-03	9.94e-01
 2.55536e+22	1.92e-29	1.07e-22	1.54e-17	2.46e-13	1.34e-09	1.18e-05	6.49e-03	9.94e-01
 2.58167e+22	2.53e-29	1.35e-22	1.87e-17	2.88e-13	1.52e-09	1.28e-05	6.76e-03	9.93e-01
 2.60859e+22	3.21e-29	1.65e-22	2.21e-17	3.30e-13	1.68e-09	1.38e-05	7.01e-03	9.93e-01
 2.63129e+22	3.99e-29	1.99e-22	2.57e-17	3.73e-13	1.84e-09	1.47e-05	7.24e-03	9.93e-01
 2.65256e+22	4.86e-29	2.35e-22	2.96e-17	4.17e-13	2.00e-09	1.56e-05	7.46e-03	9.93e-01
 2.67697e+22	6.30e-29	2.93e-22	3.55e-17	4.82e-13	2.23e-09	1.68e-05	7.76e-03	9.92e-01
 2.70238e+22	7.96e-29	3.57e-22	4.18e-17	5.49e-13	2.46e-09	1.80e-05	8.04e-03	9.92e-01
 2.72519e+22	9.98e-29	4.32e-22	4.89e-17	6.22e-13	2.69e-09	1.92e-05	8.32e-03	9.92e-01
 2.75092e+22	1.30e-28	5.41e-22	5.89e-17	7.23e-13	3.01e-09	2.08e-05	8.67e-03	9.91e-01
 2.77684e+22	1.68e-28	6.69e-22	7.00e-17	8.27e-13	3.32e-09	2.23e-05	9.01e-03	9.91e-01
 2.79776e+22	2.04e-28	7.88e-22	8.01e-17	9.21e-13	3.60e-09	2.37e-05	9.28e-03	9.91e-01
 2.81970e+22	2.60e-28	9.66e-22	9.46e-17	1.05e-12	3.96e-09	2.54e-05	9.63e-03	9.90e-01
 2.84331e+22	3.27e-28	1.17e-21	1.11e-16	1.19e-12	4.34e-09	2.71e-05	9.97e-03	9.90e-01
 2.86522e+22	4.09e-28	1.42e-21	1.29e-16	1.34e-12	4.72e-09	2.89e-05	1.03e-02	9.90e-01
 2.88988e+22	5.42e-28	1.79e-21	1.57e-16	1.56e-12	5.27e-09	3.13e-05	1.08e-02	9.89e-01
 2.91401e+22	6.79e-28	2.16e-21	1.83e-16	1.76e-12	5.73e-09	3.33e-05	1.12e-02	9.89e-01
 2.93383e+22	8.32e-28	2.56e-21	2.10e-16	1.96e-12	6.19e-09	3.53e-05	1.15e-02	9.88e-01
 2.95596e+22	1.08e-27	3.18e-21	2.49e-16	2.24e-12	6.82e-09	3.79e-05	1.20e-02	9.88e-01
 2.97893e+22	1.35e-27	3.85e-21	2.91e-16	2.52e-12	7.42e-09	4.04e-05	1.24e-02	9.88e-01
 2.99947e+22	1.69e-27	4.63e-21	3.38e-16	2.83e-12	8.03e-09	4.30e-05	1.28e-02	9.87e-01
 3.02263e+22	2.24e-27	5.85e-21	4.08e-16	3.27e-12	8.88e-09	4.65e-05	1.34e-02	9.87e-01
 3.04538e+22	2.78e-27	7.01e-21	4.72e-16	3.66e-12	9.62e-09	4.94e-05	1.38e-02	9.86e-01
 3.06450e+22	3.42e-27	8.33e-21	5.43e-16	4.08e-12	1.04e-08	5.23e-05	1.43e-02	9.86e-01
 3.08627e+22	4.47e-27	1.04e-20	6.49e-16	4.68e-12	1.14e-08	5.63e-05	1.49e-02	9.85e-01
 3.10840e+22	5.62e-27	1.26e-20	7.56e-16	5.26e-12	1.23e-08	5.99e-05	1.54e-02	9.85e-01
 3.12773e+22	6.99e-27	1.51e-20	8.74e-16	5.87e-12	1.33e-08	6.36e-05	1.59e-02	9.84e-01
 3.14957e+22	9.18e-27	1.89e-20	1.05e-15	6.75e-12	1.47e-08	6.86e-05	1.66e-02	9.83e-01
 3.17133e+22	1.16e-26	2.29e-20	1.22e-15	7.58e-12	1.58e-08	7.30e-05	1.72e-02	9.83e-01
 3.18962e+22	1.42e-26	2.71e-20	1.40e-15	8.42e-12	1.70e-08	7.72e-05	1.77e-02	9.82e-01
 3.21002e+22	1.85e-26	3.38e-20	1.67e-15	9.62e-12	1.86e-08	8.29e-05	1.85e-02	9.81e-01
 3.23091e+22	2.31e-26	4.06e-20	1.93e-15	1.08e-11	2.01e-08	8.81e-05	1.91e-02	9.81e-01
 3.25241e+22	3.10e-26	5.18e-20	2.35e-15	1.25e-11	2.22e-08	9.54e-05	1.99e-02	9.80e-01
 3.27367e+22	3.85e-26	6.20e-20	2.72e-15	1.39e-11	2.40e-08	1.01e-04	2.06e-02	9.79e-01
 3.29462e+22	5.13e-26	7.87e-20	3.29e-15	1.61e-11	2.64e-08	1.09e-04	2.15e-02	9.78e-01
 3.31583e+22	6.50e-26	9.57e-20	3.84e-15	1.81e-11	2.86e-08	1.17e-04	2.23e-02	9.78e-01
 3.33418e+22	8.08e-26	1.15e-19	4.45e-15	2.03e-11	3.08e-08	1.24e-04	2.30e-02	9.77e-01
 3.35483e+22	1.07e-25	1.44e-19	5.35e-15	2.33e-11	3.39e-08	1.33e-04	2.40e-02	9.76e-01
 3.37624e+22	1.37e-25	1.77e-19	6.31e-15	2.64e-11	3.69e-08	1.43e-04	2.49e-02	9.75e-01
 3.39550e+22	1.74e-25	2.17e-19	7.42e-15	2.99e-11	4.00e-08	1.52e-04	2.58e-02	9.74e-01
 3.41743e+22	2.39e-25	2.81e-19	9.14e-15	3.50e-11	4.45e-08	1.66e-04	2.70e-02	9.73e-01
 3.43892e+22	3.01e-25	3.42e-19	1.07e-14	3.95e-11	4.83e-08	1.76e-04	2.79e-02	9.72e-01
 3.45691e+22	3.84e-25	4.18e-19	1.26e-14	4.46e-11	5.23e-08	1.88e-04	2.89e-02	9.71e-01
 3.47444e+22	4.84e-25	5.07e-19	1.47e-14	5.02e-11	5.66e-08	2.00e-04	2.98e-02	9.70e-01
 3.49428e+22	6.48e-25	6.46e-19	1.78e-14	5.82e-11	6.25e-08	2.16e-04	3.11e-02	9.69e-01
 3.51319e+22	8.04e-25	7.73e-19	2.06e-14	6.50e-11	6.73e-08	2.29e-04	3.21e-02	9.68e-01
 3.52728e+22	9.72e-25	9.04e-19	2.34e-14	7.15e-11	7.17e-08	2.40e-04	3.29e-02	9.67e-01
 3.53999e+22	1.17e-24	1.06e-18	2.65e-14	7.86e-11	7.63e-08	2.52e-04	3.38e-02	9.66e-01
 3.55452e+22	1.48e-24	1.28e-18	3.09e-14	8.84e-11	8.25e-08	2.68e-04	3.49e-02	9.65e-01
 3.56880e+22	1.77e-24	1.49e-18	3.49e-14	9.69e-11	8.77e-08	2.81e-04	3.57e-02	9.64e-01
 3.58083e+22	2.11e-24	1.72e-18	3.93e-14	1.06e-10	9.32e-08	2.94e-04	3.66e-02	9.63e-01
 3.59455e+22	2.64e-24	2.08e-18	4.57e-14	1.19e-10	1.01e-07	3.12e-04	3.77e-02	9.62e-01
 3.60844e+22	3.18e-24	2.43e-18	5.18e-14	1.31e-10	1.07e-07	3.27e-04	3.87e-02	9.61e-01
 3.62007e+22	3.79e-24	2.81e-18	5.83e-14	1.43e-10	1.14e-07	3.42e-04	3.96e-02	9.60e-01
 3.63101e+22	4.52e-24	3.26e-18	6.57e-14	1.57e-10	1.21e-07	3.58e-04	4.05e-02	9.59e-01
 3.64190e+22	5.34e-24	3.74e-18	7.35e-14	1.71e-10	1.28e-07	3.73e-04	4.14e-02	9.58e-01
 3.65439e+22	6.68e-24	4.51e-18	8.55e-14	1.92e-10	1.38e-07	3.95e-04	4.26e-02	9.57e-01
 3.66705e+22	7.97e-24	5.24e-18	9.65e-14	2.10e-10	1.47e-07	4.13e-04	4.36e-02	9.56e-01
 3.67990e+22	1.02e-23	6.45e-18	1.14e-13	2.39e-10	1.60e-07	4.40e-04	4.50e-02	9.55e-01
 3.69190e+22	1.21e-23	7.43e-18	1.28e-13	2.61e-10	1.70e-07	4.58e-04	4.60e-02	9.54e-01
 3.70280e+22	1.50e-23	8.87e-18	1.48e-13	2.91e-10	1.83e-07	4.83e-04	4.72e-02	9.52e-01
 3.71392e+22	1.79e-23	1.03e-17	1.67e-13	3.20e-10	1.94e-07	5.05e-04	4.83e-02	9.51e-01
 3.72379e+22	2.12e-23	1.19e-17	1.88e-13	3.49e-10	2.06e-07	5.27e-04	4.93e-02	9.50e-01
 3.73508e+22	2.71e-23	1.46e-17	2.22e-13	3.96e-10	2.24e-07	5.59e-04	5.08e-02	9.49e-01
 3.74626e+22	3.26e-23	1.71e-17	2.52e-13	4.37e-10	2.39e-07	5.84e-04	5.20e-02	9.47e-01
 3.75732e+22	4.16e-23	2.10e-17	2.98e-13	4.96e-10	2.60e-07	6.19e-04	5.35e-02	9.46e-01
 3.76850e+22	5.06e-23	2.47e-17	3.41e-13	5.49e-10	2.78e-07	6.49e-04	5.47e-02	9.45e-01
 3.77984e+22	6.62e-23	3.10e-17	4.10e-13	6.32e-10	3.06e-07	6.92e-04	5.65e-02	9.43e-01
 3.79071e+22	7.91e-23	3.61e-17	4.64e-13	6.94e-10	3.25e-07	7.22e-04	5.77e-02	9.42e-01
 3.80095e+22	1.02e-22	4.49e-17	5.54e-13	7.95e-10	3.56e-07	7.66e-04	5.94e-02	9.40e-01
 3.81128e+22	1.23e-22	5.24e-17	6.29e-13	8.76e-10	3.80e-07	8.00e-04	6.07e-02	9.39e-01
 3.82171e+22	1.63e-22	6.65e-17	7.64e-13	1.02e-09	4.19e-07	8.53e-04	6.26e-02	9.37e-01
 3.83180e+22	1.94e-22	7.71e-17	8.62e-13	1.11e-09	4.46e-07	8.89e-04	6.39e-02	9.35e-01
 3.84143e+22	2.56e-22	9.74e-17	1.04e-12	1.29e-09	4.91e-07	9.46e-04	6.58e-02	9.33e-01
 3.85106e+22	3.09e-22	1.14e-16	1.19e-12	1.43e-09	5.25e-07	9.88e-04	6.72e-02	9.32e-01
 3.86068e+22	4.08e-22	1.45e-16	1.44e-12	1.65e-09	5.78e-07	1.05e-03	6.93e-02	9.30e-01
 3.87047e+22	5.02e-22	1.73e-16	1.67e-12	1.84e-09	6.23e-07	1.10e-03	7.09e-02	9.28e-01
 3.88049e+22	6.79e-22	2.23e-16	2.06e-12	2.16e-09	6.92e-07	1.18e-03	7.32e-02	9.26e-01
 3.89053e+22	8.42e-22	2.68e-16	2.39e-12	2.42e-09	7.47e-07	1.24e-03	7.49e-02	9.24e-01
 3.90060e+22	1.13e-21	3.45e-16	2.95e-12	2.84e-09	8.31e-07	1.32e-03	7.73e-02	9.21e-01
 3.91058e+22	1.42e-21	4.18e-16	3.46e-12	3.21e-09	9.00e-07	1.39e-03	7.92e-02	9.19e-01
 3.92044e+22	1.92e-21	5.41e-16	4.27e-12	3.76e-09	1.00e-06	1.49e-03	8.17e-02	9.17e-01
 3.93048e+22	2.44e-21	6.64e-16	5.05e-12	4.28e-09	1.09e-06	1.57e-03	8.38e-02	9.15e-01
 3.94074e+22	3.36e-21	8.72e-16	6.32e-12	5.08e-09	1.22e-06	1.68e-03	8.66e-02	9.12e-01
 3.95109e+22	4.32e-21	1.08e-15	7.53e-12	5.80e-09	1.34e-06	1.78e-03	8.89e-02	9.09e-01
 3.96155e+22	6.00e-21	1.43e-15	9.50e-12	6.92e-09	1.50e-06	1.91e-03	9.20e-02	9.06e-01
 3.97207e+22	7.72e-21	1.77e-15	1.13e-11	7.93e-09	1.65e-06	2.02e-03	9.44e-02	9.04e-01
 3.98117e+22	9.91e-21	2.19e-15	1.35e-11	9.06e-09	1.80e-06	2.14e-03	9.69e-02	9.01e-01
 3.99151e+22	1.38e-20	2.91e-15	1.71e-11	1.08e-08	2.03e-06	2.30e-03	1.00e-01	8.97e-01
 4.00174e+22	1.74e-20	3.54e-15	2.01e-11	1.23e-08	2.20e-06	2.42e-03	1.03e-01	8.95e-01
 4.01184e+22	2.36e-20	4.60e-15	2.49e-11	1.45e-08	2.46e-06	2.59e-03	1.06e-01	8.91e-01
 4.02224e+22	3.03e-20	5.70e-15	2.98e-11	1.65e-08	2.70e-06	2.74e-03	1.09e-01	8.88e-01
 4.03302e+22	4.16e-20	7.49e-15	3.73e-11	1.97e-08	3.03e-06	2.95e-03	1.13e-01	8.85e-01
 4.04399e+22	5.35e-20	9.29e-15	4.46e-11	2.25e-08	3.32e-06	3.12e-03	1.16e-01	8.81e-01
 4.05522e+22	7.39e-20	1.22e-14	5.60e-11	2.69e-08	3.74e-06	3.35e-03	1.19e-01	8.77e-01
 4.06668e+22	9.47e-20	1.51e-14	6.68e-11	3.07e-08	4.10e-06	3.55e-03	1.23e-01	8.74e-01
 4.07843e+22	1.31e-19	2.00e-14	8.40e-11	3.66e-08	4.62e-06	3.82e-03	1.27e-01	8.69e-01
 4.09038e+22	1.67e-19	2.47e-14	1.00e-10	4.20e-08	5.07e-06	4.05e-03	1.30e-01	8.66e-01
 4.10259e+22	2.30e-19	3.24e-14	1.26e-10	5.00e-08	5.72e-06	4.36e-03	1.35e-01	8.61e-01
 4.11487e+22	2.92e-19	3.98e-14	1.49e-10	5.70e-08	6.25e-06	4.61e-03	1.38e-01	8.57e-01
 4.12725e+22	3.98e-19	5.19e-14	1.86e-10	6.76e-08	7.03e-06	4.96e-03	1.43e-01	8.52e-01
 4.13992e+22	5.05e-19	6.37e-14	2.20e-10	7.71e-08	7.70e-06	5.25e-03	1.47e-01	8.48e-01
 4.15097e+22	6.32e-19	7.72e-14	2.59e-10	8.73e-08	8.39e-06	5.54e-03	1.50e-01	8.44e-01
 4.16330e+22	8.44e-19	9.90e-14	3.18e-10	1.03e-07	9.37e-06	5.94e-03	1.55e-01	8.39e-01
 4.17567e+22	1.04e-18	1.19e-13	3.70e-10	1.15e-07	1.02e-05	6.24e-03	1.59e-01	8.35e-01
 4.18807e+22	1.38e-18	1.51e-13	4.52e-10	1.35e-07	1.13e-05	6.68e-03	1.63e-01	8.30e-01
 4.20073e+22	1.70e-18	1.81e-13	5.27e-10	1.52e-07	1.23e-05	7.04e-03	1.67e-01	8.26e-01
 4.21192e+22	2.10e-18	2.17e-13	6.12e-10	1.71e-07	1.34e-05	7.41e-03	1.71e-01	8.22e-01
 4.22466e+22	2.77e-18	2.75e-13	7.47e-10	1.99e-07	1.49e-05	7.92e-03	1.76e-01	8.16e-01
 4.23733e+22	3.35e-18	3.24e-13	8.56e-10	2.22e-07	1.60e-05	8.30e-03	1.80e-01	8.12e-01
 4.24989e+22	4.35e-18	4.06e-13	1.03e-09	2.57e-07	1.78e-05	8.85e-03	1.85e-01	8.06e-01
 4.26269e+22	5.27e-18	4.79e-13	1.19e-09	2.86e-07	1.92e-05	9.28e-03	1.89e-01	8.02e-01
 4.27581e+22	6.84e-18	6.00e-13	1.43e-09	3.32e-07	2.13e-05	9.91e-03	1.94e-01	7.96e-01
 4.28918e+22	8.32e-18	7.09e-13	1.65e-09	3.71e-07	2.30e-05	1.04e-02	1.99e-01	7.91e-01
 4.30288e+22	1.08e-17	8.90e-13	2.00e-09	4.31e-07	2.56e-05	1.11e-02	2.04e-01	7.85e-01
 4.31683e+22	1.32e-17	1.05e-12	2.30e-09	4.82e-07	2.77e-05	1.17e-02	2.09e-01	7.80e-01
 4.33110e+22	1.71e-17	1.32e-12	2.78e-09	5.60e-07	3.08e-05	1.25e-02	2.15e-01	7.73e-01
 4.34505e+22	2.03e-17	1.53e-12	3.15e-09	6.18e-07	3.30e-05	1.30e-02	2.19e-01	7.68e-01
 4.35858e+22	2.61e-17	1.90e-12	3.78e-09	7.12e-07	3.65e-05	1.39e-02	2.25e-01	7.61e-01
 4.37232e+22	3.10e-17	2.21e-12	4.28e-09	7.86e-07	3.92e-05	1.45e-02	2.29e-01	7.57e-01
 4.38632e+22	3.94e-17	2.71e-12	5.09e-09	9.03e-07	4.32e-05	1.54e-02	2.35e-01	7.50e-01
 4.40076e+22	4.78e-17	3.20e-12	5.86e-09	1.01e-06	4.67e-05	1.62e-02	2.40e-01	7.44e-01
 4.41575e+22	6.06e-17	3.94e-12	6.96e-09	1.16e-06	5.15e-05	1.72e-02	2.46e-01	7.37e-01
 4.43123e+22	7.42e-17	4.69e-12	8.06e-09	1.30e-06	5.60e-05	1.81e-02	2.51e-01	7.31e-01
 4.44734e+22	9.50e-17	5.80e-12	9.65e-09	1.50e-06	6.20e-05	1.93e-02	2.58e-01	7.23e-01
 4.46387e+22	1.17e-16	6.93e-12	1.12e-08	1.69e-06	6.75e-05	2.03e-02	2.63e-01	7.16e-01
 4.48097e+22	1.50e-16	8.63e-12	1.35e-08	1.95e-06	7.49e-05	2.17e-02	2.70e-01	7.08e-01
 4.49861e+22	1.86e-16	1.04e-11	1.57e-08	2.21e-06	8.19e-05	2.29e-02	2.76e-01	7.01e-01
 4.51696e+22	2.43e-16	1.30e-11	1.91e-08	2.58e-06	9.13e-05	2.45e-02	2.84e-01	6.92e-01
 4.53589e+22	3.03e-16	1.58e-11	2.24e-08	2.93e-06	1.00e-04	2.59e-02	2.90e-01	6.84e-01
 4.55298e+22	3.77e-16	1.90e-11	2.62e-08	3.32e-06	1.10e-04	2.74e-02	2.97e-01	6.76e-01
 4.57260e+22	4.95e-16	2.41e-11	3.20e-08	3.89e-06	1.23e-04	2.94e-02	3.05e-01	6.66e-01
 4.59261e+22	6.20e-16	2.93e-11	3.77e-08	4.43e-06	1.35e-04	3.11e-02	3.12e-01	6.57e-01
 4.61311e+22	8.22e-16	3.73e-11	4.63e-08	5.22e-06	1.51e-04	3.34e-02	3.20e-01	6.46e-01
 4.63389e+22	1.04e-15	4.56e-11	5.47e-08	5.97e-06	1.67e-04	3.54e-02	3.27e-01	6.37e-01
 4.65503e+22	1.39e-15	5.87e-11	6.77e-08	7.07e-06	1.88e-04	3.81e-02	3.36e-01	6.26e-01
 4.67638e+22	1.75e-15	7.17e-11	8.02e-08	8.09e-06	2.07e-04	4.04e-02	3.43e-01	6.16e-01
 4.69801e+22	2.37e-15	9.33e-11	1.00e-07	9.66e-06	2.35e-04	4.36e-02	3.53e-01	6.03e-01
 4.71975e+22	2.98e-15	1.14e-10	1.18e-07	1.10e-05	2.59e-04	4.62e-02	3.60e-01	5.93e-01
 4.73782e+22	3.68e-15	1.36e-10	1.38e-07	1.25e-05	2.82e-04	4.86e-02	3.67e-01	5.84e-01
 4.75748e+22	4.86e-15	1.74e-10	1.69e-07	1.47e-05	3.17e-04	5.21e-02	3.76e-01	5.72e-01
 4.77707e+22	5.97e-15	2.07e-10	1.97e-07	1.66e-05	3.46e-04	5.49e-02	3.82e-01	5.63e-01
 4.79657e+22	7.88e-15	2.64e-10	2.41e-07	1.95e-05	3.88e-04	5.88e-02	3.91e-01	5.50e-01
 4.81631e+22	9.74e-15	3.17e-10	2.82e-07	2.21e-05	4.25e-04	6.20e-02	3.98e-01	5.40e-01
 4.83636e+22	1.29e-14	4.06e-10	3.48e-07	2.62e-05	4.79e-04	6.65e-02	4.07e-01	5.26e-01
 4.85665e+22	1.61e-14	4.90e-10	4.08e-07	2.98e-05	5.26e-04	7.02e-02	4.13e-01	5.16e-01
 4.87725e+22	2.15e-14	6.30e-10	5.05e-07	3.55e-05	5.95e-04	7.54e-02	4.22e-01	5.02e-01
 4.89826e+22	2.70e-14	7.70e-10	6.00e-07	4.08e-05	6.57e-04	7.99e-02	4.30e-01	4.90e-01
 4.91979e+22	3.65e-14	1.00e-09	7.50e-07	4.90e-05	7.49e-04	8.61e-02	4.39e-01	4.74e-01
 4.94173e+22	4.62e-14	1.23e-09	8.96e-07	5.66e-05	8.31e-04	9.14e-02	4.46e-01	4.62e-01
 4.96417e+22	6.29e-14	1.61e-09	1.13e-06	6.85e-05	9.53e-04	9.87e-02	4.55e-01	4.45e-01
 4.98686e+22	7.98e-14	1.98e-09	1.35e-06	7.95e-05	1.06e-03	1.05e-01	4.62e-01	4.32e-01
 5.00604e+22	9.92e-14	2.40e-09	1.60e-06	9.13e-05	1.17e-03	1.11e-01	4.68e-01	4.20e-01
 5.02694e+22	1.31e-13	3.06e-09	1.97e-06	1.09e-04	1.33e-03	1.19e-01	4.75e-01	4.04e-01
 5.04790e+22	1.61e-13	3.69e-09	2.33e-06	1.25e-04	1.47e-03	1.26e-01	4.81e-01	3.92e-01
 5.06839e+22	2.08e-13	4.62e-09	2.83e-06	1.48e-04	1.66e-03	1.34e-01	4.87e-01	3.77e-01
 5.08929e+22	2.58e-13	5.58e-09	3.35e-06	1.70e-04	1.84e-03	1.42e-01	4.92e-01	3.64e-01
 5.10978e+22	3.26e-13	6.88e-09	4.04e-06	2.00e-04	2.06e-03	1.51e-01	4.97e-01	3.49e-01
 5.13071e+22	4.03e-13	8.31e-09	4.78e-06	2.31e-04	2.30e-03	1.60e-01	5.01e-01	3.36e-01
 5.15131e+22	5.00e-13	1.01e-08	5.69e-06	2.69e-04	2.57e-03	1.70e-01	5.05e-01	3.22e-01
 5.17208e+22	6.13e-13	1.21e-08	6.72e-06	3.11e-04	2.86e-03	1.79e-01	5.09e-01	3.09e-01
 5.19259e+22	7.47e-13	1.45e-08	7.91e-06	3.59e-04	3.18e-03	1.89e-01	5.11e-01	2.96e-01
 5.21307e+22	9.03e-13	1.72e-08	9.26e-06	4.13e-04	3.52e-03	2.00e-01	5.13e-01	2.83e-01
 5.23356e+22	1.09e-12	2.04e-08	1.08e-05	4.74e-04	3.91e-03	2.11e-01	5.15e-01	2.70e-01
 5.25412e+22	1.30e-12	2.40e-08	1.26e-05	5.44e-04	4.33e-03	2.22e-01	5.16e-01	2.58e-01
 5.27478e+22	1.54e-12	2.81e-08	1.46e-05	6.22e-04	4.79e-03	2.33e-01	5.16e-01	2.46e-01
 5.29561e+22	1.82e-12	3.29e-08	1.69e-05	7.11e-04	5.30e-03	2.45e-01	5.16e-01	2.34e-01
 5.31665e+22	2.15e-12	3.83e-08	1.96e-05	8.11e-04	5.85e-03	2.57e-01	5.15e-01	2.22e-01
 5.33781e+22	2.51e-12	4.43e-08	2.25e-05	9.23e-04	6.45e-03	2.69e-01	5.13e-01	2.11e-01
 5.35929e+22	2.94e-12	5.13e-08	2.59e-05	1.05e-03	7.12e-03	2.82e-01	5.11e-01	2.00e-01
 5.38100e+22	3.40e-12	5.90e-08	2.96e-05	1.19e-03	7.84e-03	2.94e-01	5.08e-01	1.89e-01
 5.40314e+22	3.95e-12	6.80e-08	3.40e-05	1.36e-03	8.65e-03	3.08e-01	5.04e-01	1.78e-01
 5.42565e+22	4.55e-12	7.78e-08	3.88e-05	1.53e-03	9.51e-03	3.21e-01	5.00e-01	1.68e-01
 5.44628e+22	5.11e-12	8.70e-08	4.33e-05	1.70e-03	1.03e-02	3.33e-01	4.96e-01	1.60e-01
 5.46783e+22	5.89e-12	9.97e-08	4.96e-05	1.93e-03	1.14e-02	3.47e-01	4.90e-01	1.50e-01
 5.48972e+22	6.59e-12	1.11e-07	5.52e-05	2.13e-03	1.23e-02	3.59e-01	4.85e-01	1.42e-01
 5.51224e+22	7.58e-12	1.28e-07	6.33e-05	2.43e-03	1.35e-02	3.74e-01	4.78e-01	1.32e-01
 5.53482e+22	8.43e-12	1.41e-07	7.02e-05	2.67e-03	1.46e-02	3.86e-01	4.72e-01	1.25e-01
 5.55747e+22	9.61e-12	1.61e-07	8.00e-05	3.02e-03	1.61e-02	4.01e-01	4.64e-01	1.16e-01
 5.58019e+22	1.06e-11	1.78e-07	8.83e-05	3.31e-03	1.72e-02	4.12e-01	4.57e-01	1.10e-01
 5.60302e+22	1.21e-11	2.02e-07	1.00e-04	3.73e-03	1.89e-02	4.27e-01	4.48e-01	1.02e-01
 5.62609e+22	1.33e-11	2.22e-07	1.11e-04	4.08e-03	2.03e-02	4.38e-01	4.41e-01	9.64e-02
 5.64947e+22	1.51e-11	2.51e-07	1.25e-04	4.58e-03	2.22e-02	4.53e-01	4.31e-01	8.92e-02
 5.67316e+22	1.66e-11	2.77e-07	1.38e-04	5.01e-03	2.38e-02	4.64e-01	4.23e-01	8.39e-02
 5.69725e+22	1.88e-11	3.13e-07	1.57e-04	5.61e-03	2.60e-02	4.79e-01	4.12e-01	7.73e-02
 5.72178e+22	2.08e-11	3.46e-07	1.73e-04	6.14e-03	2.78e-02	4.90e-01	4.04e-01	7.24e-02
 5.74689e+22	2.34e-11	3.91e-07	1.96e-04	6.88e-03	3.04e-02	5.04e-01	3.92e-01	6.64e-02
 5.77256e+22	2.60e-11	4.33e-07	2.17e-04	7.52e-03	3.25e-02	5.15e-01	3.82e-01	6.19e-02
 5.79897e+22	2.94e-11	4.92e-07	2.47e-04	8.43e-03	3.55e-02	5.29e-01	3.70e-01	5.64e-02
 5.82589e+22	3.28e-11	5.47e-07	2.75e-04	9.22e-03	3.80e-02	5.40e-01	3.60e-01	5.24e-02
 5.84864e+22	3.59e-11	5.99e-07	3.01e-04	9.98e-03	4.04e-02	5.49e-01	3.51e-01	4.90e-02
 5.87342e+22	4.04e-11	6.74e-07	3.39e-04	1.10e-02	4.36e-02	5.61e-01	3.39e-01	4.48e-02
 5.89741e+22	4.40e-11	7.34e-07	3.69e-04	1.19e-02	4.60e-02	5.69e-01	3.31e-01	4.21e-02
 5.92039e+22	4.88e-11	8.15e-07	4.11e-04	1.30e-02	4.93e-02	5.79e-01	3.20e-01	3.86e-02
 5.94360e+22	5.36e-11	8.92e-07	4.49e-04	1.39e-02	5.19e-02	5.86e-01	3.11e-01	3.62e-02
 5.96712e+22	5.96e-11	9.94e-07	5.01e-04	1.52e-02	5.56e-02	5.95e-01	3.00e-01	3.32e-02
 5.99099e+22	6.56e-11	1.09e-06	5.47e-04	1.63e-02	5.85e-02	6.02e-01	2.92e-01	3.10e-02
 6.01530e+22	7.33e-11	1.22e-06	6.13e-04	1.79e-02	6.26e-02	6.10e-01	2.81e-01	2.83e-02
 6.03996e+22	8.11e-11	1.34e-06	6.71e-04	1.92e-02	6.58e-02	6.16e-01	2.72e-01	2.64e-02
 6.06507e+22	9.08e-11	1.51e-06	7.53e-04	2.10e-02	7.04e-02	6.23e-01	2.61e-01	2.39e-02
 6.09062e+22	1.01e-10	1.67e-06	8.28e-04	2.26e-02	7.40e-02	6.28e-01	2.52e-01	2.22e-02
 6.11675e+22	1.14e-10	1.88e-06	9.33e-04	2.47e-02	7.91e-02	6.34e-01	2.41e-01	2.01e-02
 6.14343e+22	1.28e-10	2.09e-06	1.03e-03	2.66e-02	8.31e-02	6.39e-01	2.32e-01	1.85e-02
 6.17083e+22	1.45e-10	2.37e-06	1.17e-03	2.91e-02	8.89e-02	6.44e-01	2.21e-01	1.66e-02
 6.19896e+22	1.63e-10	2.65e-06	1.29e-03	3.14e-02	9.35e-02	6.47e-01	2.12e-01	1.53e-02
 6.22802e+22	1.88e-10	3.04e-06	1.48e-03	3.46e-02	9.99e-02	6.50e-01	2.00e-01	1.36e-02
 6.25740e+22	2.13e-10	3.41e-06	1.64e-03	3.72e-02	1.05e-01	6.52e-01	1.92e-01	1.24e-02
 6.28718e+22	2.47e-10	3.93e-06	1.88e-03	4.09e-02	1.12e-01	6.54e-01	1.81e-01	1.10e-02
 6.31729e+22	2.81e-10	4.43e-06	2.09e-03	4.41e-02	1.17e-01	6.54e-01	1.72e-01	1.00e-02
 6.34784e+22	3.28e-10	5.12e-06	2.40e-03	4.84e-02	1.25e-01	6.53e-01	1.62e-01	8.85e-03
 6.37889e+22	3.77e-10	5.80e-06	2.69e-03	5.22e-02	1.31e-01	6.52e-01	1.54e-01	8.02e-03
 6.40632e+22	4.27e-10	6.53e-06	2.99e-03	5.61e-02	1.37e-01	6.50e-01	1.46e-01	7.25e-03
 6.43773e+22	5.06e-10	7.63e-06	3.44e-03	6.15e-02	1.45e-01	6.47e-01	1.36e-01	6.36e-03
 6.46971e+22	5.78e-10	8.63e-06	3.86e-03	6.62e-02	1.52e-01	6.43e-01	1.29e-01	5.70e-03
 6.49560e+22	6.52e-10	9.63e-06	4.25e-03	7.05e-02	1.58e-01	6.39e-01	1.23e-01	5.20e-03
 6.52244e+22	7.56e-10	1.10e-05	4.76e-03	7.58e-02	1.65e-01	6.34e-01	1.16e-01	4.66e-03
 6.55066e+22	8.59e-10	1.23e-05	5.27e-03	8.08e-02	1.71e-01	6.29e-01	1.09e-01	4.22e-03
 6.57656e+22	9.76e-10	1.38e-05	5.82e-03	8.60e-02	1.77e-01	6.23e-01	1.04e-01	3.82e-03
 6.60615e+22	1.15e-09	1.60e-05	6.60e-03	9.30e-02	1.85e-01	6.15e-01	9.66e-02	3.37e-03
 6.63648e+22	1.32e-09	1.81e-05	7.35e-03	9.94e-02	1.92e-01	6.07e-01	9.07e-02	3.01e-03
 6.66325e+22	1.51e-09	2.04e-05	8.12e-03	1.06e-01	1.99e-01	5.99e-01	8.54e-02	2.71e-03
 6.69351e+22	1.79e-09	2.36e-05	9.21e-03	1.14e-01	2.07e-01	5.89e-01	7.92e-02	2.37e-03
 6.72493e+22	2.07e-09	2.69e-05	1.03e-02	1.22e-01	2.14e-01	5.78e-01	7.37e-02	2.09e-03
 6.75313e+22	2.39e-09	3.04e-05	1.14e-02	1.29e-01	2.20e-01	5.68e-01	6.90e-02	1.87e-03
 6.78502e+22	2.87e-09	3.56e-05	1.30e-02	1.39e-01	2.28e-01	5.54e-01	6.34e-02	1.62e-03
 6.81796e+22	3.36e-09	4.08e-05	1.45e-02	1.49e-01	2.35e-01	5.41e-01	5.86e-02	1.42e-03
 6.84735e+22	3.90e-09	4.63e-05	1.61e-02	1.58e-01	2.42e-01	5.29e-01	5.44e-02	1.25e-03
 6.88066e+22	4.73e-09	5.46e-05	1.84e-02	1.70e-01	2.49e-01	5.12e-01	4.93e-02	1.06e-03
 6.91498e+22	5.56e-09	6.27e-05	2.05e-02	1.81e-01	2.56e-01	4.97e-01	4.53e-02	9.24e-04
 6.95062e+22	6.85e-09	7.46e-05	2.36e-02	1.95e-01	2.63e-01	4.78e-01	4.06e-02	7.73e-04
 6.98692e+22	8.13e-09	8.62e-05	2.64e-02	2.07e-01	2.69e-01	4.61e-01	3.69e-02	6.65e-04
 7.01916e+22	9.62e-09	9.91e-05	2.94e-02	2.19e-01	2.73e-01	4.44e-01	3.36e-02	5.73e-04
 7.05613e+22	1.19e-08	1.19e-04	3.37e-02	2.34e-01	2.79e-01	4.22e-01	2.97e-02	4.71e-04
 7.09356e+22	1.42e-08	1.37e-04	3.76e-02	2.48e-01	2.83e-01	4.04e-01	2.68e-02	3.99e-04
 7.13159e+22	1.78e-08	1.64e-04	4.31e-02	2.65e-01	2.87e-01	3.81e-01	2.34e-02	3.25e-04
 7.17003e+22	2.13e-08	1.90e-04	4.80e-02	2.78e-01	2.90e-01	3.63e-01	2.09e-02	2.73e-04
 7.20898e+22	2.69e-08	2.29e-04	5.49e-02	2.96e-01	2.92e-01	3.39e-01	1.81e-02	2.19e-04
 7.24829e+22	3.23e-08	2.65e-04	6.09e-02	3.10e-01	2.92e-01	3.20e-01	1.60e-02	1.82e-04
 7.28805e+22	4.09e-08	3.19e-04	6.94e-02	3.28e-01	2.92e-01	2.96e-01	1.37e-02	1.44e-04
 7.32827e+22	4.93e-08	3.69e-04	7.69e-02	3.42e-01	2.91e-01	2.77e-01	1.20e-02	1.18e-04
 7.36908e+22	6.29e-08	4.46e-04	8.73e-02	3.60e-01	2.88e-01	2.54e-01	1.01e-02	9.18e-05
 7.41039e+22	7.62e-08	5.17e-04	9.64e-02	3.74e-01	2.85e-01	2.36e-01	8.79e-03	7.47e-05
 7.45232e+22	9.78e-08	6.25e-04	1.09e-01	3.90e-01	2.80e-01	2.13e-01	7.29e-03	5.70e-05
 7.49339e+22	1.17e-07	7.17e-04	1.19e-01	4.02e-01	2.75e-01	1.97e-01	6.33e-03	4.65e-05
 7.53332e+22	1.49e-07	8.55e-04	1.33e-01	4.16e-01	2.67e-01	1.78e-01	5.24e-03	3.55e-05
 7.57192e+22	1.76e-07	9.68e-04	1.43e-01	4.25e-01	2.61e-01	1.65e-01	4.57e-03	2.92e-05
 7.60878e+22	2.17e-07	1.13e-03	1.58e-01	4.35e-01	2.53e-01	1.49e-01	3.83e-03	2.27e-05
 7.64623e+22	2.59e-07	1.29e-03	1.70e-01	4.43e-01	2.46e-01	1.37e-01	3.30e-03	1.84e-05
 7.67935e+22	3.07e-07	1.46e-03	1.83e-01	4.50e-01	2.38e-01	1.25e-01	2.84e-03	1.49e-05
 7.71731e+22	3.81e-07	1.70e-03	1.99e-01	4.57e-01	2.28e-01	1.12e-01	2.34e-03	1.14e-05
 7.75584e+22	4.54e-07	1.93e-03	2.14e-01	4.61e-01	2.20e-01	1.01e-01	1.99e-03	9.05e-06
 7.79513e+22	5.67e-07	2.26e-03	2.33e-01	4.66e-01	2.08e-01	8.93e-02	1.61e-03	6.78e-06
 7.83476e+22	6.76e-07	2.55e-03	2.48e-01	4.68e-01	1.99e-01	8.06e-02	1.36e-03	5.36e-06
 7.87483e+22	8.50e-07	3.00e-03	2.69e-01	4.69e-01	1.87e-01	7.01e-02	1.08e-03	3.92e-06
 7.91493e+22	1.01e-06	3.37e-03	2.86e-01	4.69e-01	1.78e-01	6.29e-02	9.07e-04	3.08e-06
 7.94715e+22	1.17e-06	3.74e-03	3.00e-01	4.68e-01	1.70e-01	5.72e-02	7.77e-04	2.49e-06
 7.98109e+22	1.40e-06	4.23e-03	3.18e-01	4.66e-01	1.60e-01	5.07e-02	6.41e-04	1.92e-06
 8.01552e+22	1.63e-06	4.68e-03	3.34e-01	4.63e-01	1.52e-01	4.58e-02	5.45e-04	1.54e-06
 8.04578e+22	1.88e-06	5.16e-03	3.49e-01	4.60e-01	1.45e-01	4.14e-02	4.64e-04	1.24e-06
 8.08031e+22	2.27e-06	5.85e-03	3.68e-01	4.54e-01	1.35e-01	3.63e-02	3.77e-04	9.33e-07
 8.11499e+22	2.61e-06	6.43e-03	3.84e-01	4.49e-01	1.28e-01	3.27e-02	3.20e-04	7.48e-07
 8.14988e+22	3.13e-06	7.25e-03	4.03e-01	4.42e-01	1.19e-01	2.86e-02	2.59e-04	5.62e-07
 8.18527e+22	3.64e-06	8.01e-03	4.20e-01	4.35e-01	1.12e-01	2.55e-02	2.16e-04	4.41e-07
 8.21632e+22	4.20e-06	8.79e-03	4.35e-01	4.28e-01	1.05e-01	2.28e-02	1.82e-04	3.50e-07
 8.25167e+22	5.01e-06	9.88e-03	4.55e-01	4.18e-01	9.70e-02	1.98e-02	1.46e-04	2.60e-07
 8.28778e+22	5.82e-06	1.09e-02	4.71e-01	4.10e-01	9.05e-02	1.75e-02	1.21e-04	2.02e-07
 8.31990e+22	6.71e-06	1.19e-02	4.87e-01	4.01e-01	8.45e-02	1.55e-02	1.00e-04	1.58e-07
 8.35669e+22	8.05e-06	1.34e-02	5.07e-01	3.89e-01	7.73e-02	1.33e-02	7.90e-05	0.00e+00
 8.39400e+22	9.35e-06	1.48e-02	5.23e-01	3.78e-01	7.16e-02	1.17e-02	6.47e-05	0.00e+00
 8.43198e+22	1.12e-05	1.66e-02	5.43e-01	3.65e-01	6.51e-02	9.97e-03	5.06e-05	0.00e+00
 8.47079e+22	1.31e-05	1.83e-02	5.60e-01	3.54e-01	5.98e-02	8.64e-03	4.06e-05	0.00e+00
 8.50477e+22	1.51e-05	2.01e-02	5.75e-01	3.43e-01	5.51e-02	7.57e-03	3.32e-05	0.00e+00
 8.54301e+22	1.81e-05	2.25e-02	5.93e-01	3.28e-01	4.97e-02	6.39e-03	2.56e-05	0.00e+00
 8.58263e+22	2.12e-05	2.48e-02	6.08e-01	3.16e-01	4.54e-02	5.51e-03	2.04e-05	0.00e+00
 8.62402e+22	2.58e-05	2.80e-02	6.27e-01	3.00e-01	4.03e-02	4.55e-03	1.52e-05	0.00e+00
 8.66549e+22	2.99e-05	3.08e-02	6.41e-01	2.88e-01	3.67e-02	3.91e-03	1.21e-05	0.00e+00
 8.70706e+22	3.62e-05	3.46e-02	6.57e-01	2.72e-01	3.25e-02	3.23e-03	9.05e-06	0.00e+00
 8.74984e+22	4.25e-05	3.82e-02	6.70e-01	2.59e-01	2.93e-02	2.74e-03	7.03e-06	0.00e+00
 8.78237e+22	4.77e-05	4.10e-02	6.79e-01	2.50e-01	2.71e-02	2.43e-03	5.88e-06	0.00e+00
 8.81284e+22	5.46e-05	4.46e-02	6.89e-01	2.39e-01	2.48e-02	2.11e-03	4.72e-06	0.00e+00
 8.84429e+22	6.14e-05	4.79e-02	6.97e-01	2.30e-01	2.29e-02	1.86e-03	3.91e-06	0.00e+00
 8.87701e+22	7.11e-05	5.24e-02	7.07e-01	2.18e-01	2.06e-02	1.59e-03	3.07e-06	0.00e+00
 8.90981e+22	7.99e-05	5.62e-02	7.14e-01	2.09e-01	1.90e-02	1.40e-03	2.54e-06	0.00e+00
 8.94270e+22	9.25e-05	6.15e-02	7.22e-01	1.98e-01	1.71e-02	1.19e-03	1.98e-06	0.00e+00
 8.97596e+22	1.04e-04	6.60e-02	7.28e-01	1.89e-01	1.57e-02	1.04e-03	1.62e-06	0.00e+00
 9.00970e+22	1.21e-04	7.22e-02	7.34e-01	1.78e-01	1.41e-02	8.80e-04	1.26e-06	0.00e+00
 9.04402e+22	1.36e-04	7.76e-02	7.39e-01	1.70e-01	1.28e-02	7.65e-04	1.02e-06	0.00e+00
 9.07910e+22	1.59e-04	8.51e-02	7.44e-01	1.59e-01	1.14e-02	6.40e-04	7.79e-07	0.00e+00
 9.11468e+22	1.80e-04	9.17e-02	7.47e-01	1.51e-01	1.03e-02	5.52e-04	6.23e-07	0.00e+00
 9.15095e+22	2.11e-04	1.01e-01	7.49e-01	1.40e-01	9.14e-03	4.58e-04	4.70e-07	0.00e+00
 9.18786e+22	2.40e-04	1.09e-01	7.51e-01	1.32e-01	8.24e-03	3.92e-04	3.71e-07	0.00e+00
 9.22561e+22	2.81e-04	1.19e-01	7.51e-01	1.22e-01	7.22e-03	3.21e-04	2.75e-07	0.00e+00
 9.25199e+22	2.93e-04	1.22e-01	7.51e-01	1.20e-01	6.99e-03	3.06e-04	2.56e-07	0.00e+00
