#depth	C	C+	C+2	C+3	C+4	C+5	C+6	C[1]	C[2]	C[3]	C+[1]	C+[2]	CO
 4.62852e+21	0.00e+00	9.20e-25	1.19e-18	1.78e-13	3.07e-08	2.96e-04	1.00e+00	0.00e+00	0.00e+00	0.00e+00	0.00e+00	0.00e+00	5.44e-100
 1.05465e+22	5.41e-32	5.63e-24	5.18e-18	5.53e-13	6.46e-08	4.22e-04	1.00e+00	0.00e+00	0.00e+00	0.00e+00	0.00e+00	0.00e+00	4.89e-106
 1.27170e+22	2.29e-31	1.89e-23	1.39e-17	1.19e-12	1.07e-07	5.36e-04	9.99e-01	0.00e+00	0.00e+00	0.00e+00	0.00e+00	0.00e+00	2.62e-93
 1.43030e+22	7.26e-31	4.99e-23	3.06e-17	2.21e-12	1.60e-07	6.50e-04	9.99e-01	0.00e+00	0.00e+00	0.00e+00	0.00e+00	0.00e+00	8.55e-91
 1.51841e+22	9.71e-31	6.38e-23	3.73e-17	2.57e-12	1.77e-07	6.82e-04	9.99e-01	0.00e+00	0.00e+00	0.00e+00	0.00e+00	0.00e+00	1.02e-85
 1.55050e+22	1.23e-30	7.77e-23	4.39e-17	2.92e-12	1.93e-07	7.09e-04	9.99e-01	0.00e+00	0.00e+00	0.00e+00	0.00e+00	0.00e+00	8.19e-86
 1.57808e+22	1.52e-30	9.31e-23	5.08e-17	3.27e-12	2.08e-07	7.35e-04	9.99e-01	0.00e+00	0.00e+00	0.00e+00	0.00e+00	0.00e+00	8.31e-86
 1.60821e+22	1.99e-30	1.16e-22	6.09e-17	3.77e-12	2.28e-07	7.67e-04	9.99e-01	0.00e+00	0.00e+00	0.00e+00	0.00e+00	0.00e+00	3.59e-85
 1.63923e+22	2.52e-30	1.42e-22	7.16e-17	4.27e-12	2.47e-07	7.98e-04	9.99e-01	0.00e+00	0.00e+00	0.00e+00	0.00e+00	0.00e+00	3.90e-84
 1.66612e+22	3.13e-30	1.71e-22	8.31e-17	4.79e-12	2.67e-07	8.28e-04	9.99e-01	0.00e+00	0.00e+00	0.00e+00	0.00e+00	0.00e+00	3.90e-84
 1.69582e+22	4.04e-30	2.12e-22	9.92e-17	5.50e-12	2.92e-07	8.64e-04	9.99e-01	0.00e+00	0.00e+00	0.00e+00	0.00e+00	0.00e+00	1.27e-83
 1.72649e+22	5.13e-30	2.58e-22	1.16e-16	6.23e-12	3.17e-07	8.99e-04	9.99e-01	0.00e+00	0.00e+00	0.00e+00	0.00e+00	0.00e+00	2.22e-83
 1.75292e+22	6.34e-30	3.09e-22	1.35e-16	6.97e-12	3.42e-07	9.31e-04	9.99e-01	0.00e+00	0.00e+00	0.00e+00	0.00e+00	0.00e+00	4.14e-83
 1.78177e+22	8.14e-30	3.81e-22	1.60e-16	7.97e-12	3.73e-07	9.70e-04	9.99e-01	0.00e+00	0.00e+00	0.00e+00	0.00e+00	0.00e+00	6.06e-83
 1.81244e+22	1.03e-29	4.66e-22	1.88e-16	9.04e-12	4.06e-07	1.01e-03	9.99e-01	0.00e+00	0.00e+00	0.00e+00	0.00e+00	0.00e+00	9.27e-83
 1.84003e+22	1.29e-29	5.61e-22	2.19e-16	1.02e-11	4.38e-07	1.05e-03	9.99e-01	0.00e+00	0.00e+00	0.00e+00	0.00e+00	0.00e+00	2.21e-82
 1.86479e+22	1.57e-29	6.62e-22	2.50e-16	1.13e-11	4.70e-07	1.08e-03	9.99e-01	0.00e+00	0.00e+00	0.00e+00	0.00e+00	0.00e+00	1.87e-82
 1.88785e+22	1.89e-29	7.73e-22	2.84e-16	1.24e-11	5.01e-07	1.12e-03	9.99e-01	0.00e+00	0.00e+00	0.00e+00	0.00e+00	0.00e+00	3.86e-82
 1.91437e+22	2.36e-29	9.33e-22	3.31e-16	1.40e-11	5.43e-07	1.16e-03	9.99e-01	0.00e+00	0.00e+00	0.00e+00	0.00e+00	0.00e+00	2.99e-82
 1.94292e+22	2.96e-29	1.12e-21	3.85e-16	1.58e-11	5.86e-07	1.20e-03	9.99e-01	0.00e+00	0.00e+00	0.00e+00	0.00e+00	0.00e+00	1.00e-81
 1.96865e+22	3.63e-29	1.34e-21	4.43e-16	1.76e-11	6.30e-07	1.25e-03	9.99e-01	0.00e+00	0.00e+00	0.00e+00	0.00e+00	0.00e+00	1.33e-81
 1.99663e+22	4.63e-29	1.64e-21	5.23e-16	2.00e-11	6.87e-07	1.30e-03	9.99e-01	0.00e+00	0.00e+00	0.00e+00	0.00e+00	0.00e+00	2.96e-81
 2.02502e+22	5.77e-29	1.97e-21	6.06e-16	2.24e-11	7.41e-07	1.35e-03	9.99e-01	0.00e+00	0.00e+00	0.00e+00	0.00e+00	0.00e+00	2.03e-80
 2.04872e+22	6.96e-29	2.31e-21	6.90e-16	2.48e-11	7.92e-07	1.39e-03	9.99e-01	0.00e+00	0.00e+00	0.00e+00	0.00e+00	0.00e+00	3.25e-80
 2.07430e+22	8.68e-29	2.77e-21	8.01e-16	2.79e-11	8.56e-07	1.44e-03	9.99e-01	0.00e+00	0.00e+00	0.00e+00	0.00e+00	0.00e+00	5.60e-80
 2.10197e+22	1.08e-28	3.34e-21	9.31e-16	3.13e-11	9.25e-07	1.50e-03	9.99e-01	0.00e+00	0.00e+00	0.00e+00	0.00e+00	0.00e+00	9.70e-80
 2.12719e+22	1.32e-28	3.93e-21	1.06e-15	3.47e-11	9.91e-07	1.55e-03	9.98e-01	0.00e+00	0.00e+00	0.00e+00	0.00e+00	0.00e+00	1.58e-79
 2.15053e+22	1.59e-28	4.60e-21	1.21e-15	3.82e-11	1.06e-06	1.60e-03	9.98e-01	0.00e+00	0.00e+00	0.00e+00	0.00e+00	0.00e+00	2.51e-79
 2.17659e+22	1.98e-28	5.53e-21	1.40e-15	4.30e-11	1.14e-06	1.66e-03	9.98e-01	0.00e+00	0.00e+00	0.00e+00	0.00e+00	0.00e+00	4.34e-79
 2.20399e+22	2.44e-28	6.59e-21	1.62e-15	4.80e-11	1.23e-06	1.72e-03	9.98e-01	0.00e+00	0.00e+00	0.00e+00	0.00e+00	0.00e+00	7.35e-79
 2.22807e+22	2.96e-28	7.74e-21	1.84e-15	5.31e-11	1.32e-06	1.77e-03	9.98e-01	0.00e+00	0.00e+00	0.00e+00	0.00e+00	0.00e+00	1.18e-78
 2.25434e+22	3.71e-28	9.35e-21	2.15e-15	5.99e-11	1.43e-06	1.84e-03	9.98e-01	0.00e+00	0.00e+00	0.00e+00	0.00e+00	0.00e+00	2.08e-78
 2.28221e+22	4.62e-28	1.12e-20	2.48e-15	6.70e-11	1.54e-06	1.91e-03	9.98e-01	0.00e+00	0.00e+00	0.00e+00	0.00e+00	0.00e+00	3.57e-78
 2.30651e+22	5.60e-28	1.32e-20	2.82e-15	7.40e-11	1.65e-06	1.98e-03	9.98e-01	0.00e+00	0.00e+00	0.00e+00	0.00e+00	0.00e+00	5.77e-78
 2.32861e+22	6.69e-28	1.53e-20	3.18e-15	8.12e-11	1.75e-06	2.04e-03	9.98e-01	0.00e+00	0.00e+00	0.00e+00	0.00e+00	0.00e+00	8.99e-78
 2.35351e+22	8.26e-28	1.82e-20	3.67e-15	9.07e-11	1.89e-06	2.11e-03	9.98e-01	0.00e+00	0.00e+00	0.00e+00	0.00e+00	0.00e+00	1.52e-77
 2.38027e+22	1.02e-27	2.17e-20	4.23e-15	1.01e-10	2.04e-06	2.19e-03	9.98e-01	0.00e+00	0.00e+00	0.00e+00	0.00e+00	0.00e+00	2.59e-77
 2.40439e+22	1.23e-27	2.54e-20	4.80e-15	1.11e-10	2.17e-06	2.26e-03	9.98e-01	0.00e+00	0.00e+00	0.00e+00	0.00e+00	0.00e+00	4.14e-77
 2.43066e+22	1.55e-27	3.07e-20	5.59e-15	1.25e-10	2.36e-06	2.36e-03	9.98e-01	0.00e+00	0.00e+00	0.00e+00	0.00e+00	0.00e+00	7.32e-77
 2.45848e+22	1.94e-27	3.69e-20	6.47e-15	1.40e-10	2.54e-06	2.45e-03	9.98e-01	0.00e+00	0.00e+00	0.00e+00	0.00e+00	0.00e+00	1.28e-76
 2.48192e+22	2.31e-27	4.28e-20	7.29e-15	1.54e-10	2.71e-06	2.52e-03	9.97e-01	0.00e+00	0.00e+00	0.00e+00	0.00e+00	0.00e+00	1.99e-76
 2.50600e+22	2.86e-27	5.09e-20	8.38e-15	1.71e-10	2.92e-06	2.62e-03	9.97e-01	0.00e+00	0.00e+00	0.00e+00	0.00e+00	0.00e+00	3.38e-76
 2.53177e+22	3.50e-27	6.02e-20	9.58e-15	1.89e-10	3.13e-06	2.71e-03	9.97e-01	0.00e+00	0.00e+00	0.00e+00	0.00e+00	0.00e+00	5.63e-76
 2.55536e+22	4.23e-27	7.03e-20	1.08e-14	2.08e-10	3.34e-06	2.80e-03	9.97e-01	0.00e+00	0.00e+00	0.00e+00	0.00e+00	0.00e+00	9.04e-76
 2.58167e+22	5.36e-27	8.56e-20	1.27e-14	2.34e-10	3.62e-06	2.92e-03	9.97e-01	0.00e+00	0.00e+00	0.00e+00	0.00e+00	0.00e+00	1.65e-75
 2.60859e+22	6.58e-27	1.01e-19	1.45e-14	2.59e-10	3.89e-06	3.03e-03	9.97e-01	0.00e+00	0.00e+00	0.00e+00	0.00e+00	0.00e+00	2.75e-75
 2.63129e+22	7.91e-27	1.18e-19	1.63e-14	2.84e-10	4.14e-06	3.13e-03	9.97e-01	0.00e+00	0.00e+00	0.00e+00	0.00e+00	0.00e+00	4.39e-75
 2.65256e+22	9.38e-27	1.35e-19	1.82e-14	3.09e-10	4.39e-06	3.23e-03	9.97e-01	0.00e+00	0.00e+00	0.00e+00	0.00e+00	0.00e+00	6.72e-75
 2.67697e+22	1.17e-26	1.62e-19	2.10e-14	3.44e-10	4.73e-06	3.36e-03	9.97e-01	0.00e+00	0.00e+00	0.00e+00	0.00e+00	0.00e+00	1.18e-74
 2.70238e+22	1.43e-26	1.91e-19	2.39e-14	3.78e-10	5.06e-06	3.48e-03	9.97e-01	0.00e+00	0.00e+00	0.00e+00	0.00e+00	0.00e+00	1.95e-74
 2.72519e+22	1.73e-26	2.23e-19	2.69e-14	4.13e-10	5.39e-06	3.60e-03	9.96e-01	0.00e+00	0.00e+00	0.00e+00	0.00e+00	0.00e+00	3.18e-74
 2.75092e+22	2.17e-26	2.69e-19	3.12e-14	4.62e-10	5.83e-06	3.75e-03	9.96e-01	0.00e+00	0.00e+00	0.00e+00	0.00e+00	0.00e+00	5.69e-74
 2.77684e+22	2.69e-26	3.18e-19	3.55e-14	5.07e-10	6.24e-06	3.90e-03	9.96e-01	0.00e+00	0.00e+00	0.00e+00	0.00e+00	0.00e+00	9.77e-74
 2.79776e+22	3.17e-26	3.64e-19	3.95e-14	5.48e-10	6.60e-06	4.02e-03	9.96e-01	0.00e+00	0.00e+00	0.00e+00	0.00e+00	0.00e+00	1.49e-73
 2.81970e+22	3.89e-26	4.29e-19	4.49e-14	6.02e-10	7.06e-06	4.17e-03	9.96e-01	0.00e+00	0.00e+00	0.00e+00	0.00e+00	0.00e+00	2.51e-73
 2.84331e+22	4.73e-26	5.03e-19	5.07e-14	6.58e-10	7.53e-06	4.32e-03	9.96e-01	0.00e+00	0.00e+00	0.00e+00	0.00e+00	0.00e+00	4.15e-73
 2.86522e+22	5.70e-26	5.84e-19	5.68e-14	7.14e-10	8.00e-06	4.47e-03	9.96e-01	0.00e+00	0.00e+00	0.00e+00	0.00e+00	0.00e+00	6.71e-73
 2.88988e+22	7.22e-26	7.06e-19	6.57e-14	7.93e-10	8.64e-06	4.67e-03	9.95e-01	0.00e+00	0.00e+00	0.00e+00	0.00e+00	0.00e+00	1.23e-72
 2.91401e+22	8.72e-26	8.21e-19	7.37e-14	8.61e-10	9.18e-06	4.84e-03	9.95e-01	0.00e+00	0.00e+00	0.00e+00	0.00e+00	0.00e+00	2.00e-72
 2.93383e+22	1.03e-25	9.39e-19	8.17e-14	9.26e-10	9.70e-06	4.99e-03	9.95e-01	0.00e+00	0.00e+00	0.00e+00	0.00e+00	0.00e+00	3.10e-72
 2.95596e+22	1.28e-25	1.11e-18	9.30e-14	1.02e-09	1.04e-05	5.19e-03	9.95e-01	0.00e+00	0.00e+00	0.00e+00	0.00e+00	0.00e+00	5.40e-72
 2.97893e+22	1.55e-25	1.30e-18	1.04e-13	1.10e-09	1.10e-05	5.38e-03	9.95e-01	0.00e+00	0.00e+00	0.00e+00	0.00e+00	0.00e+00	8.86e-72
 2.99947e+22	1.86e-25	1.50e-18	1.16e-13	1.18e-09	1.17e-05	5.57e-03	9.94e-01	0.00e+00	0.00e+00	0.00e+00	0.00e+00	0.00e+00	1.43e-71
 3.02263e+22	2.34e-25	1.80e-18	1.33e-13	1.30e-09	1.25e-05	5.81e-03	9.94e-01	0.00e+00	0.00e+00	0.00e+00	0.00e+00	0.00e+00	2.63e-71
 3.04538e+22	2.80e-25	2.07e-18	1.48e-13	1.40e-09	1.33e-05	6.01e-03	9.94e-01	0.00e+00	0.00e+00	0.00e+00	0.00e+00	0.00e+00	4.19e-71
 3.06450e+22	3.32e-25	2.37e-18	1.64e-13	1.50e-09	1.40e-05	6.21e-03	9.94e-01	0.00e+00	0.00e+00	0.00e+00	0.00e+00	0.00e+00	6.55e-71
 3.08627e+22	4.13e-25	2.81e-18	1.86e-13	1.64e-09	1.50e-05	6.47e-03	9.94e-01	0.00e+00	0.00e+00	0.00e+00	0.00e+00	0.00e+00	1.17e-70
 3.10840e+22	4.97e-25	3.25e-18	2.07e-13	1.76e-09	1.59e-05	6.71e-03	9.93e-01	0.00e+00	0.00e+00	0.00e+00	0.00e+00	0.00e+00	1.91e-70
 3.12773e+22	5.93e-25	3.73e-18	2.29e-13	1.89e-09	1.68e-05	6.94e-03	9.93e-01	0.00e+00	0.00e+00	0.00e+00	0.00e+00	0.00e+00	3.04e-70
 3.14957e+22	7.39e-25	4.44e-18	2.61e-13	2.06e-09	1.79e-05	7.23e-03	9.93e-01	0.00e+00	0.00e+00	0.00e+00	0.00e+00	0.00e+00	5.47e-70
 3.17133e+22	8.88e-25	5.12e-18	2.90e-13	2.20e-09	1.90e-05	7.49e-03	9.92e-01	0.00e+00	0.00e+00	0.00e+00	0.00e+00	0.00e+00	8.97e-70
 3.18962e+22	1.05e-24	5.83e-18	3.18e-13	2.35e-09	1.99e-05	7.74e-03	9.92e-01	0.00e+00	0.00e+00	0.00e+00	0.00e+00	0.00e+00	1.39e-69
 3.21002e+22	1.29e-24	6.86e-18	3.59e-13	2.54e-09	2.12e-05	8.06e-03	9.92e-01	0.00e+00	0.00e+00	0.00e+00	0.00e+00	0.00e+00	2.46e-69
 3.23091e+22	1.54e-24	7.88e-18	3.97e-13	2.72e-09	2.24e-05	8.34e-03	9.92e-01	0.00e+00	0.00e+00	0.00e+00	0.00e+00	0.00e+00	3.95e-69
 3.25241e+22	1.94e-24	9.42e-18	4.52e-13	2.95e-09	2.40e-05	8.72e-03	9.91e-01	0.00e+00	0.00e+00	0.00e+00	0.00e+00	0.00e+00	7.38e-69
 3.27367e+22	2.31e-24	1.08e-17	4.99e-13	3.15e-09	2.53e-05	9.01e-03	9.91e-01	0.00e+00	0.00e+00	0.00e+00	0.00e+00	0.00e+00	1.17e-68
 3.29462e+22	2.90e-24	1.28e-17	5.66e-13	3.41e-09	2.71e-05	9.41e-03	9.91e-01	0.00e+00	0.00e+00	0.00e+00	0.00e+00	0.00e+00	2.17e-68
 3.31583e+22	3.48e-24	1.48e-17	6.28e-13	3.65e-09	2.86e-05	9.76e-03	9.90e-01	0.00e+00	0.00e+00	0.00e+00	0.00e+00	0.00e+00	3.57e-68
 3.33418e+22	4.13e-24	1.69e-17	6.91e-13	3.88e-09	3.02e-05	1.01e-02	9.90e-01	0.00e+00	0.00e+00	0.00e+00	0.00e+00	0.00e+00	5.68e-68
 3.35483e+22	5.13e-24	2.00e-17	7.80e-13	4.20e-09	3.22e-05	1.05e-02	9.89e-01	0.00e+00	0.00e+00	0.00e+00	0.00e+00	0.00e+00	1.03e-67
 3.37624e+22	6.21e-24	2.31e-17	8.67e-13	4.49e-09	3.41e-05	1.09e-02	9.89e-01	0.00e+00	0.00e+00	0.00e+00	0.00e+00	0.00e+00	1.73e-67
 3.39550e+22	7.48e-24	2.67e-17	9.62e-13	4.79e-09	3.60e-05	1.13e-02	9.89e-01	0.00e+00	0.00e+00	0.00e+00	0.00e+00	0.00e+00	2.89e-67
 3.41743e+22	9.51e-24	3.21e-17	1.10e-12	5.20e-09	3.87e-05	1.19e-02	9.88e-01	0.00e+00	0.00e+00	0.00e+00	0.00e+00	0.00e+00	5.59e-67
 3.43892e+22	1.14e-23	3.69e-17	1.21e-12	5.55e-09	4.09e-05	1.23e-02	9.88e-01	0.00e+00	0.00e+00	0.00e+00	0.00e+00	0.00e+00	9.13e-67
 3.45691e+22	1.37e-23	4.24e-17	1.34e-12	5.88e-09	4.31e-05	1.27e-02	9.87e-01	0.00e+00	0.00e+00	0.00e+00	0.00e+00	0.00e+00	1.52e-66
 3.47444e+22	1.63e-23	4.85e-17	1.47e-12	6.24e-09	4.54e-05	1.32e-02	9.87e-01	0.00e+00	0.00e+00	0.00e+00	4.85e-17	5.34e-26	2.46e-66
 3.49428e+22	8.77e-28	5.74e-17	1.66e-12	6.72e-09	4.85e-05	1.37e-02	9.86e-01	0.00e+00	0.00e+00	0.00e+00	5.74e-17	6.95e-24	3.55e-66
 3.51319e+22	3.86e-28	6.50e-17	1.82e-12	7.10e-09	5.09e-05	1.42e-02	9.86e-01	0.00e+00	0.00e+00	0.00e+00	6.50e-17	7.88e-24	9.75e-67
 3.52728e+22	4.42e-28	7.22e-17	1.96e-12	7.41e-09	5.30e-05	1.46e-02	9.85e-01	0.00e+00	0.00e+00	0.00e+00	7.22e-17	8.76e-24	2.08e-66
 3.53999e+22	5.23e-28	8.03e-17	2.11e-12	7.75e-09	5.52e-05	1.49e-02	9.85e-01	0.00e+00	0.00e+00	0.00e+00	8.03e-17	9.74e-24	3.04e-66
 3.55452e+22	6.51e-28	9.14e-17	2.32e-12	8.18e-09	5.80e-05	1.54e-02	9.85e-01	0.00e+00	0.00e+00	0.00e+00	9.14e-17	1.11e-23	4.83e-66
 3.56880e+22	7.63e-28	1.01e-16	2.49e-12	8.55e-09	6.03e-05	1.58e-02	9.84e-01	0.00e+00	0.00e+00	0.00e+00	1.01e-16	1.23e-23	6.93e-66
 3.58083e+22	8.99e-28	1.12e-16	2.67e-12	8.91e-09	6.27e-05	1.62e-02	9.84e-01	0.00e+00	0.00e+00	0.00e+00	1.12e-16	1.36e-23	9.88e-66
 3.59455e+22	1.12e-27	1.27e-16	2.92e-12	9.39e-09	6.58e-05	1.67e-02	9.83e-01	0.00e+00	0.00e+00	0.00e+00	1.27e-16	1.54e-23	1.55e-65
 3.60844e+22	1.32e-27	1.41e-16	3.15e-12	9.81e-09	6.85e-05	1.72e-02	9.83e-01	0.00e+00	0.00e+00	0.00e+00	1.41e-16	1.71e-23	2.26e-65
 3.62007e+22	1.55e-27	1.55e-16	3.37e-12	1.02e-08	7.11e-05	1.76e-02	9.82e-01	0.00e+00	0.00e+00	0.00e+00	1.55e-16	1.88e-23	3.19e-65
 3.63101e+22	1.31e-27	1.71e-16	3.61e-12	1.06e-08	7.38e-05	1.80e-02	9.82e-01	0.00e+00	0.00e+00	0.00e+00	1.71e-16	2.08e-23	4.48e-65
 3.64190e+22	9.59e-28	1.88e-16	3.86e-12	1.10e-08	7.65e-05	1.84e-02	9.81e-01	0.00e+00	0.00e+00	0.00e+00	1.88e-16	2.28e-23	6.30e-65
 3.65439e+22	7.38e-28	2.13e-16	4.21e-12	1.16e-08	8.02e-05	1.90e-02	9.81e-01	0.00e+00	0.00e+00	0.00e+00	2.13e-16	2.58e-23	9.78e-65
 3.66705e+22	8.16e-28	2.35e-16	4.52e-12	1.21e-08	8.33e-05	1.95e-02	9.80e-01	0.00e+00	0.00e+00	0.00e+00	2.35e-16	2.85e-23	1.39e-64
 3.67990e+22	1.02e-27	2.69e-16	4.98e-12	1.28e-08	8.77e-05	2.01e-02	9.80e-01	0.00e+00	0.00e+00	0.00e+00	2.69e-16	3.27e-23	2.26e-64
 3.69190e+22	1.22e-27	2.96e-16	5.32e-12	1.33e-08	9.09e-05	2.06e-02	9.79e-01	0.00e+00	0.00e+00	0.00e+00	2.96e-16	3.59e-23	3.14e-64
 3.70280e+22	1.47e-27	3.32e-16	5.78e-12	1.39e-08	9.50e-05	2.11e-02	9.79e-01	0.00e+00	0.00e+00	0.00e+00	3.32e-16	4.04e-23	4.74e-64
 3.71392e+22	1.79e-27	3.67e-16	6.20e-12	1.45e-08	9.86e-05	2.16e-02	9.78e-01	0.00e+00	0.00e+00	0.00e+00	3.67e-16	4.46e-23	6.73e-64
 3.72379e+22	2.12e-27	4.04e-16	6.64e-12	1.51e-08	1.02e-04	2.21e-02	9.78e-01	0.00e+00	0.00e+00	0.00e+00	4.04e-16	4.91e-23	9.36e-64
 3.73508e+22	2.63e-27	4.62e-16	7.30e-12	1.59e-08	1.07e-04	2.28e-02	9.77e-01	0.00e+00	0.00e+00	0.00e+00	4.62e-16	5.61e-23	1.49e-63
 3.74626e+22	3.18e-27	5.12e-16	7.86e-12	1.66e-08	1.12e-04	2.33e-02	9.77e-01	0.00e+00	0.00e+00	0.00e+00	5.12e-16	6.23e-23	2.14e-63
 3.75732e+22	3.96e-27	5.87e-16	8.67e-12	1.76e-08	1.18e-04	2.40e-02	9.76e-01	0.00e+00	0.00e+00	0.00e+00	5.87e-16	7.14e-23	3.41e-63
 3.76850e+22	4.80e-27	6.56e-16	9.38e-12	1.84e-08	1.22e-04	2.46e-02	9.75e-01	0.00e+00	0.00e+00	0.00e+00	6.56e-16	7.98e-23	4.98e-63
 3.77984e+22	6.11e-27	7.63e-16	1.05e-11	1.96e-08	1.29e-04	2.54e-02	9.74e-01	0.00e+00	0.00e+00	0.00e+00	7.63e-16	9.29e-23	8.31e-63
 3.79071e+22	7.23e-27	8.45e-16	1.13e-11	2.04e-08	1.34e-04	2.60e-02	9.74e-01	0.00e+00	0.00e+00	0.00e+00	8.45e-16	1.03e-22	1.17e-62
 3.80095e+22	9.09e-27	9.80e-16	1.25e-11	2.17e-08	1.42e-04	2.68e-02	9.73e-01	0.00e+00	0.00e+00	0.00e+00	9.80e-16	1.19e-22	1.91e-62
 3.81128e+22	1.08e-26	1.09e-15	1.35e-11	2.28e-08	1.47e-04	2.74e-02	9.72e-01	0.00e+00	0.00e+00	0.00e+00	1.09e-15	1.33e-22	2.72e-62
 3.82171e+22	1.38e-26	1.28e-15	1.52e-11	2.44e-08	1.56e-04	2.83e-02	9.72e-01	0.00e+00	0.00e+00	0.00e+00	1.28e-15	1.56e-22	4.63e-62
 3.83180e+22	1.62e-26	1.42e-15	1.64e-11	2.55e-08	1.62e-04	2.89e-02	9.71e-01	0.00e+00	0.00e+00	0.00e+00	1.42e-15	1.73e-22	6.47e-62
 3.84143e+22	2.05e-26	1.68e-15	1.85e-11	2.73e-08	1.72e-04	2.99e-02	9.70e-01	0.00e+00	0.00e+00	0.00e+00	1.68e-15	2.04e-22	1.09e-61
 3.85106e+22	2.43e-26	1.88e-15	2.01e-11	2.88e-08	1.79e-04	3.05e-02	9.69e-01	0.00e+00	0.00e+00	0.00e+00	1.88e-15	2.29e-22	1.57e-61
 3.86068e+22	3.07e-26	2.22e-15	2.28e-11	3.09e-08	1.90e-04	3.15e-02	9.68e-01	0.00e+00	0.00e+00	0.00e+00	2.22e-15	2.71e-22	2.64e-61
 3.87047e+22	3.69e-26	2.52e-15	2.50e-11	3.28e-08	1.98e-04	3.23e-02	9.68e-01	0.00e+00	0.00e+00	0.00e+00	2.52e-15	3.08e-22	3.94e-61
 3.88049e+22	4.78e-26	3.04e-15	2.88e-11	3.57e-08	2.11e-04	3.34e-02	9.66e-01	0.00e+00	0.00e+00	0.00e+00	3.04e-15	3.71e-22	6.98e-61
 3.89053e+22	5.78e-26	3.48e-15	3.18e-11	3.80e-08	2.22e-04	3.42e-02	9.66e-01	0.00e+00	0.00e+00	0.00e+00	3.48e-15	4.25e-22	1.05e-60
 3.90060e+22	7.49e-26	4.21e-15	3.67e-11	4.15e-08	2.36e-04	3.54e-02	9.64e-01	0.00e+00	0.00e+00	0.00e+00	4.21e-15	5.14e-22	1.86e-60
 3.91058e+22	9.14e-26	4.87e-15	4.10e-11	4.44e-08	2.48e-04	3.63e-02	9.63e-01	0.00e+00	0.00e+00	0.00e+00	4.87e-15	5.95e-22	2.86e-60
 3.92044e+22	1.19e-25	5.93e-15	4.75e-11	4.87e-08	2.65e-04	3.75e-02	9.62e-01	0.00e+00	0.00e+00	0.00e+00	5.93e-15	7.24e-22	5.09e-60
 3.93048e+22	1.47e-25	6.95e-15	5.36e-11	5.26e-08	2.80e-04	3.85e-02	9.61e-01	0.00e+00	0.00e+00	0.00e+00	6.95e-15	8.49e-22	8.08e-60
 3.94074e+22	1.95e-25	8.60e-15	6.30e-11	5.83e-08	3.00e-04	3.99e-02	9.60e-01	0.00e+00	0.00e+00	0.00e+00	8.60e-15	1.05e-21	1.49e-59
 3.95109e+22	2.44e-25	1.02e-14	7.16e-11	6.32e-08	3.17e-04	4.10e-02	9.59e-01	0.00e+00	0.00e+00	0.00e+00	1.02e-14	1.24e-21	2.41e-59
 3.96155e+22	3.28e-25	1.27e-14	8.51e-11	7.06e-08	3.41e-04	4.26e-02	9.57e-01	0.00e+00	0.00e+00	0.00e+00	1.27e-14	1.56e-21	4.55e-59
 3.97207e+22	4.13e-25	1.52e-14	9.73e-11	7.70e-08	3.61e-04	4.38e-02	9.56e-01	0.00e+00	0.00e+00	0.00e+00	1.52e-14	1.86e-21	7.41e-59
 3.98117e+22	5.16e-25	1.80e-14	1.11e-10	8.40e-08	3.82e-04	4.50e-02	9.55e-01	0.00e+00	0.00e+00	0.00e+00	1.80e-14	2.21e-21	1.20e-58
 3.99151e+22	6.98e-25	2.28e-14	1.33e-10	9.43e-08	4.12e-04	4.67e-02	9.53e-01	0.00e+00	0.00e+00	0.00e+00	2.28e-14	2.79e-21	2.28e-58
 4.00174e+22	8.62e-25	2.68e-14	1.51e-10	1.02e-07	4.34e-04	4.79e-02	9.52e-01	0.00e+00	0.00e+00	0.00e+00	2.68e-14	3.28e-21	3.57e-58
 4.01184e+22	1.15e-24	3.33e-14	1.79e-10	1.14e-07	4.66e-04	4.96e-02	9.50e-01	0.00e+00	0.00e+00	0.00e+00	3.33e-14	4.09e-21	6.48e-58
 4.02224e+22	1.44e-24	3.99e-14	2.05e-10	1.25e-07	4.94e-04	5.10e-02	9.49e-01	0.00e+00	0.00e+00	0.00e+00	3.99e-14	4.89e-21	1.06e-57
 4.03302e+22	1.95e-24	5.02e-14	2.45e-10	1.41e-07	5.32e-04	5.29e-02	9.47e-01	0.00e+00	0.00e+00	0.00e+00	5.02e-14	6.16e-21	1.97e-57
 4.04399e+22	2.47e-24	6.03e-14	2.83e-10	1.55e-07	5.64e-04	5.44e-02	9.45e-01	0.00e+00	0.00e+00	0.00e+00	6.03e-14	7.40e-21	3.22e-57
 4.05522e+22	3.36e-24	7.64e-14	3.40e-10	1.75e-07	6.09e-04	5.64e-02	9.43e-01	0.00e+00	0.00e+00	0.00e+00	7.64e-14	9.37e-21	6.07e-57
 4.06668e+22	4.26e-24	9.16e-14	3.92e-10	1.93e-07	6.46e-04	5.80e-02	9.41e-01	0.00e+00	0.00e+00	0.00e+00	9.16e-14	1.13e-20	9.89e-57
 4.07843e+22	5.81e-24	1.16e-13	4.72e-10	2.18e-07	6.98e-04	6.02e-02	9.39e-01	0.00e+00	0.00e+00	0.00e+00	1.16e-13	1.43e-20	1.86e-56
 4.09038e+22	7.35e-24	1.40e-13	5.45e-10	2.40e-07	7.41e-04	6.20e-02	9.37e-01	0.00e+00	0.00e+00	0.00e+00	1.40e-13	1.72e-20	3.04e-56
 4.10259e+22	1.00e-23	1.77e-13	6.56e-10	2.72e-07	8.01e-04	6.43e-02	9.35e-01	0.00e+00	0.00e+00	0.00e+00	1.77e-13	2.18e-20	5.72e-56
 4.11487e+22	1.26e-23	2.12e-13	7.55e-10	2.99e-07	8.49e-04	6.62e-02	9.33e-01	0.00e+00	0.00e+00	0.00e+00	2.12e-13	2.60e-20	9.18e-56
 4.12725e+22	1.71e-23	2.67e-13	9.05e-10	3.38e-07	9.16e-04	6.86e-02	9.30e-01	0.00e+00	0.00e+00	0.00e+00	2.67e-13	3.28e-20	1.69e-55
 4.13992e+22	2.15e-23	3.19e-13	1.04e-09	3.72e-07	9.73e-04	7.06e-02	9.28e-01	0.00e+00	0.00e+00	0.00e+00	3.19e-13	3.93e-20	2.72e-55
 4.15097e+22	2.69e-23	3.78e-13	1.19e-09	4.07e-07	1.03e-03	7.25e-02	9.26e-01	0.00e+00	0.00e+00	0.00e+00	3.78e-13	4.65e-20	4.26e-55
 4.16330e+22	3.59e-23	4.70e-13	1.41e-09	4.58e-07	1.11e-03	7.51e-02	9.24e-01	0.00e+00	0.00e+00	0.00e+00	4.70e-13	5.80e-20	7.59e-55
 4.17567e+22	4.44e-23	5.51e-13	1.60e-09	4.99e-07	1.17e-03	7.70e-02	9.22e-01	0.00e+00	0.00e+00	0.00e+00	5.51e-13	6.80e-20	1.16e-54
 4.18807e+22	5.87e-23	6.81e-13	1.89e-09	5.59e-07	1.25e-03	7.97e-02	9.19e-01	0.00e+00	0.00e+00	0.00e+00	6.81e-13	8.41e-20	2.02e-54
 4.20073e+22	7.29e-23	8.01e-13	2.15e-09	6.10e-07	1.32e-03	8.18e-02	9.17e-01	0.00e+00	0.00e+00	0.00e+00	8.01e-13	9.89e-20	3.10e-54
 4.21192e+22	9.00e-23	9.40e-13	2.44e-09	6.66e-07	1.40e-03	8.39e-02	9.15e-01	0.00e+00	0.00e+00	0.00e+00	9.40e-13	1.16e-19	4.73e-54
 4.22466e+22	1.19e-22	1.16e-12	2.88e-09	7.46e-07	1.50e-03	8.68e-02	9.12e-01	0.00e+00	0.00e+00	0.00e+00	1.16e-12	1.43e-19	8.23e-54
 4.23733e+22	1.45e-22	1.34e-12	3.23e-09	8.08e-07	1.58e-03	8.88e-02	9.10e-01	0.00e+00	0.00e+00	0.00e+00	1.34e-12	1.66e-19	1.21e-53
 4.24989e+22	1.90e-22	1.64e-12	3.79e-09	9.01e-07	1.69e-03	9.17e-02	9.07e-01	0.00e+00	0.00e+00	0.00e+00	1.64e-12	2.03e-19	2.04e-53
 4.26269e+22	2.32e-22	1.90e-12	4.25e-09	9.77e-07	1.78e-03	9.40e-02	9.04e-01	0.00e+00	0.00e+00	0.00e+00	1.90e-12	2.35e-19	3.02e-53
 4.27581e+22	3.03e-22	2.32e-12	4.99e-09	1.09e-06	1.91e-03	9.71e-02	9.01e-01	0.00e+00	0.00e+00	0.00e+00	2.32e-12	2.88e-19	5.12e-53
 4.28918e+22	3.72e-22	2.70e-12	5.62e-09	1.19e-06	2.01e-03	9.95e-02	8.99e-01	0.00e+00	0.00e+00	0.00e+00	2.70e-12	3.35e-19	7.61e-53
 4.30288e+22	1.55e-23	3.31e-12	6.60e-09	1.33e-06	2.16e-03	1.03e-01	8.95e-01	0.00e+00	0.00e+00	0.00e+00	3.31e-12	4.10e-19	1.14e-52
 4.31683e+22	1.83e-23	3.85e-12	7.45e-09	1.44e-06	2.27e-03	1.05e-01	8.92e-01	0.00e+00	0.00e+00	0.00e+00	3.85e-12	4.78e-19	1.93e-52
 4.33110e+22	2.36e-23	4.72e-12	8.76e-09	1.61e-06	2.44e-03	1.09e-01	8.89e-01	0.00e+00	0.00e+00	0.00e+00	4.72e-12	5.86e-19	3.30e-52
 4.34505e+22	2.79e-23	5.38e-12	9.73e-09	1.74e-06	2.56e-03	1.11e-01	8.86e-01	0.00e+00	0.00e+00	0.00e+00	5.38e-12	6.69e-19	4.70e-52
 4.35858e+22	3.56e-23	6.54e-12	1.14e-08	1.94e-06	2.74e-03	1.15e-01	8.82e-01	0.00e+00	0.00e+00	0.00e+00	6.54e-12	8.14e-19	7.81e-52
 4.37232e+22	4.22e-23	7.46e-12	1.26e-08	2.09e-06	2.87e-03	1.17e-01	8.80e-01	0.00e+00	0.00e+00	0.00e+00	7.46e-12	9.29e-19	1.11e-51
 4.38632e+22	5.34e-23	9.00e-12	1.46e-08	2.32e-06	3.07e-03	1.21e-01	8.76e-01	0.00e+00	0.00e+00	0.00e+00	9.00e-12	1.12e-18	1.82e-51
 4.40076e+22	6.45e-23	1.04e-11	1.65e-08	2.52e-06	3.23e-03	1.24e-01	8.73e-01	0.00e+00	0.00e+00	0.00e+00	1.04e-11	1.30e-18	2.70e-51
 4.41575e+22	8.15e-23	1.26e-11	1.91e-08	2.80e-06	3.45e-03	1.28e-01	8.69e-01	0.00e+00	0.00e+00	0.00e+00	1.26e-11	1.57e-18	4.40e-51
 4.43123e+22	9.97e-23	1.47e-11	2.17e-08	3.06e-06	3.65e-03	1.31e-01	8.65e-01	0.00e+00	0.00e+00	0.00e+00	1.47e-11	1.84e-18	6.67e-51
 4.44734e+22	1.27e-22	1.78e-11	2.53e-08	3.41e-06	3.91e-03	1.36e-01	8.61e-01	0.00e+00	0.00e+00	0.00e+00	1.78e-11	2.23e-18	1.11e-50
 4.46387e+22	1.57e-22	2.09e-11	2.87e-08	3.73e-06	4.15e-03	1.39e-01	8.57e-01	0.00e+00	0.00e+00	0.00e+00	2.09e-11	2.62e-18	1.70e-50
 4.48097e+22	2.02e-22	2.55e-11	3.36e-08	4.18e-06	4.45e-03	1.44e-01	8.52e-01	0.00e+00	0.00e+00	0.00e+00	2.55e-11	3.19e-18	2.87e-50
 4.49861e+22	2.51e-22	3.01e-11	3.84e-08	4.59e-06	4.73e-03	1.48e-01	8.48e-01	0.00e+00	0.00e+00	0.00e+00	3.01e-11	3.78e-18	4.47e-50
 4.51696e+22	3.27e-22	3.69e-11	4.53e-08	5.16e-06	5.09e-03	1.53e-01	8.42e-01	0.00e+00	0.00e+00	0.00e+00	3.69e-11	4.64e-18	7.73e-50
 4.53589e+22	4.12e-22	4.39e-11	5.21e-08	5.70e-06	5.43e-03	1.57e-01	8.37e-01	0.00e+00	0.00e+00	0.00e+00	4.39e-11	5.53e-18	1.23e-49
 4.55298e+22	5.13e-22	5.20e-11	5.96e-08	6.28e-06	5.77e-03	1.62e-01	8.33e-01	0.00e+00	0.00e+00	0.00e+00	5.20e-11	6.55e-18	1.92e-49
 4.57260e+22	6.78e-22	6.43e-11	7.06e-08	7.10e-06	6.23e-03	1.67e-01	8.26e-01	0.00e+00	0.00e+00	0.00e+00	6.43e-11	8.11e-18	3.39e-49
 4.59261e+22	8.57e-22	7.67e-11	8.14e-08	7.85e-06	6.64e-03	1.72e-01	8.21e-01	0.00e+00	0.00e+00	0.00e+00	7.67e-11	9.70e-18	5.43e-49
 4.61311e+22	1.15e-21	9.56e-11	9.71e-08	8.91e-06	7.20e-03	1.78e-01	8.14e-01	0.00e+00	0.00e+00	0.00e+00	9.56e-11	1.21e-17	9.75e-49
 4.63389e+22	1.46e-21	1.15e-10	1.12e-07	9.89e-06	7.69e-03	1.84e-01	8.09e-01	0.00e+00	0.00e+00	0.00e+00	1.15e-10	1.45e-17	1.58e-48
 4.65503e+22	1.98e-21	1.44e-10	1.35e-07	1.13e-05	8.35e-03	1.91e-01	8.01e-01	0.00e+00	0.00e+00	0.00e+00	1.44e-10	1.83e-17	2.90e-48
 4.67638e+22	2.52e-21	1.73e-10	1.57e-07	1.25e-05	8.92e-03	1.96e-01	7.95e-01	0.00e+00	0.00e+00	0.00e+00	1.73e-10	2.21e-17	4.70e-48
 4.69801e+22	3.47e-21	2.21e-10	1.90e-07	1.44e-05	9.74e-03	2.04e-01	7.87e-01	0.00e+00	0.00e+00	0.00e+00	2.21e-10	2.82e-17	8.85e-48
 4.71975e+22	4.42e-21	2.65e-10	2.20e-07	1.60e-05	1.04e-02	2.10e-01	7.80e-01	0.00e+00	0.00e+00	0.00e+00	2.65e-10	3.39e-17	1.43e-47
 4.73782e+22	5.50e-21	3.14e-10	2.52e-07	1.76e-05	1.10e-02	2.15e-01	7.74e-01	0.00e+00	0.00e+00	0.00e+00	3.14e-10	4.02e-17	2.22e-47
 4.75748e+22	7.38e-21	3.93e-10	3.02e-07	2.00e-05	1.20e-02	2.23e-01	7.65e-01	0.00e+00	0.00e+00	0.00e+00	3.93e-10	5.05e-17	3.97e-47
 4.77707e+22	9.17e-21	4.64e-10	3.45e-07	2.20e-05	1.27e-02	2.28e-01	7.59e-01	0.00e+00	0.00e+00	0.00e+00	4.64e-10	5.97e-17	6.10e-47
 4.79657e+22	1.23e-20	5.82e-10	4.14e-07	2.51e-05	1.38e-02	2.36e-01	7.50e-01	0.00e+00	0.00e+00	0.00e+00	5.82e-10	7.50e-17	1.09e-46
 4.81631e+22	1.54e-20	6.92e-10	4.76e-07	2.77e-05	1.46e-02	2.42e-01	7.43e-01	0.00e+00	0.00e+00	0.00e+00	6.92e-10	8.94e-17	1.69e-46
 4.83636e+22	2.08e-20	8.78e-10	5.76e-07	3.17e-05	1.59e-02	2.51e-01	7.33e-01	0.00e+00	0.00e+00	0.00e+00	8.78e-10	1.14e-16	3.08e-46
 4.85665e+22	2.62e-20	1.05e-09	6.65e-07	3.51e-05	1.70e-02	2.58e-01	7.25e-01	0.00e+00	0.00e+00	0.00e+00	1.05e-09	1.36e-16	4.86e-46
 4.87725e+22	3.55e-20	1.34e-09	8.09e-07	4.04e-05	1.85e-02	2.67e-01	7.15e-01	0.00e+00	0.00e+00	0.00e+00	1.34e-09	1.74e-16	8.91e-46
 4.89826e+22	4.55e-20	1.63e-09	9.46e-07	4.52e-05	1.98e-02	2.74e-01	7.06e-01	0.00e+00	0.00e+00	0.00e+00	1.63e-09	2.12e-16	1.45e-45
 4.91979e+22	6.25e-20	2.11e-09	1.16e-06	5.23e-05	2.17e-02	2.84e-01	6.94e-01	0.00e+00	0.00e+00	0.00e+00	2.11e-09	2.76e-16	2.72e-45
 4.94173e+22	8.09e-20	2.58e-09	1.37e-06	5.89e-05	2.33e-02	2.93e-01	6.84e-01	0.00e+00	0.00e+00	0.00e+00	2.58e-09	3.40e-16	4.50e-45
 4.96417e+22	1.13e-19	3.39e-09	1.71e-06	6.88e-05	2.56e-02	3.04e-01	6.71e-01	0.00e+00	0.00e+00	0.00e+00	3.39e-09	4.47e-16	8.64e-45
 4.98686e+22	1.47e-19	4.18e-09	2.03e-06	7.78e-05	2.76e-02	3.13e-01	6.60e-01	0.00e+00	0.00e+00	0.00e+00	4.18e-09	5.54e-16	1.44e-44
 5.00604e+22	1.87e-19	5.08e-09	2.38e-06	8.71e-05	2.95e-02	3.21e-01	6.49e-01	0.00e+00	0.00e+00	0.00e+00	5.08e-09	6.76e-16	2.29e-44
 5.02694e+22	2.52e-19	6.52e-09	2.91e-06	1.01e-04	3.23e-02	3.32e-01	6.36e-01	0.00e+00	0.00e+00	0.00e+00	6.52e-09	8.72e-16	4.11e-44
 5.04790e+22	3.22e-19	7.92e-09	3.41e-06	1.13e-04	3.46e-02	3.40e-01	6.25e-01	0.00e+00	0.00e+00	0.00e+00	7.92e-09	1.07e-15	6.50e-44
 5.06839e+22	4.30e-19	1.00e-08	4.14e-06	1.30e-04	3.76e-02	3.51e-01	6.11e-01	0.00e+00	0.00e+00	0.00e+00	1.00e-08	1.36e-15	1.13e-43
 5.08929e+22	5.54e-19	1.23e-08	4.89e-06	1.47e-04	4.04e-02	3.60e-01	6.00e-01	0.00e+00	0.00e+00	0.00e+00	1.23e-08	1.67e-15	1.79e-43
 5.10978e+22	7.26e-19	1.54e-08	5.89e-06	1.68e-04	4.38e-02	3.70e-01	5.86e-01	0.00e+00	0.00e+00	0.00e+00	1.54e-08	2.12e-15	2.99e-43
 5.13071e+22	9.35e-19	1.89e-08	6.99e-06	1.90e-04	4.71e-02	3.80e-01	5.73e-01	0.00e+00	0.00e+00	0.00e+00	1.89e-08	2.63e-15	4.77e-43
 5.15131e+22	1.23e-18	2.34e-08	8.36e-06	2.17e-04	5.09e-02	3.90e-01	5.59e-01	0.00e+00	0.00e+00	0.00e+00	2.34e-08	3.28e-15	7.68e-43
 5.17208e+22	1.59e-18	2.87e-08	9.92e-06	2.46e-04	5.48e-02	3.99e-01	5.45e-01	0.00e+00	0.00e+00	0.00e+00	2.87e-08	4.08e-15	1.21e-42
 5.19259e+22	2.09e-18	3.51e-08	1.18e-05	2.79e-04	5.90e-02	4.09e-01	5.32e-01	0.00e+00	0.00e+00	0.00e+00	3.51e-08	5.05e-15	1.88e-42
 5.21307e+22	2.75e-18	4.28e-08	1.39e-05	3.15e-04	6.34e-02	4.18e-01	5.18e-01	0.00e+00	0.00e+00	0.00e+00	4.28e-08	6.24e-15	2.89e-42
 5.23356e+22	3.66e-18	5.20e-08	1.64e-05	3.57e-04	6.81e-02	4.27e-01	5.04e-01	0.00e+00	0.00e+00	0.00e+00	5.20e-08	7.70e-15	4.40e-42
 5.25412e+22	4.92e-18	6.29e-08	1.93e-05	4.03e-04	7.31e-02	4.36e-01	4.90e-01	0.00e+00	0.00e+00	0.00e+00	6.29e-08	9.47e-15	6.63e-42
 5.27478e+22	6.70e-18	7.60e-08	2.28e-05	4.55e-04	7.84e-02	4.45e-01	4.76e-01	0.00e+00	0.00e+00	0.00e+00	7.60e-08	1.16e-14	9.88e-42
 5.29561e+22	9.23e-18	9.15e-08	2.67e-05	5.14e-04	8.40e-02	4.54e-01	4.62e-01	0.00e+00	0.00e+00	0.00e+00	9.15e-08	1.43e-14	1.46e-41
 5.31665e+22	1.29e-17	1.10e-07	3.14e-05	5.79e-04	8.99e-02	4.62e-01	4.47e-01	0.00e+00	0.00e+00	0.00e+00	1.10e-07	1.75e-14	2.15e-41
 5.33781e+22	1.81e-17	1.31e-07	3.67e-05	6.52e-04	9.62e-02	4.70e-01	4.33e-01	0.00e+00	0.00e+00	0.00e+00	1.31e-07	2.13e-14	3.11e-41
 5.35929e+22	2.58e-17	1.57e-07	4.30e-05	7.36e-04	1.03e-01	4.78e-01	4.19e-01	0.00e+00	0.00e+00	0.00e+00	1.57e-07	2.60e-14	4.52e-41
 5.38100e+22	3.66e-17	1.87e-07	5.02e-05	8.27e-04	1.10e-01	4.85e-01	4.05e-01	0.00e+00	0.00e+00	0.00e+00	1.87e-07	3.14e-14	6.45e-41
 5.40314e+22	5.22e-17	2.23e-07	5.88e-05	9.34e-04	1.17e-01	4.92e-01	3.90e-01	5.22e-17	1.46e-22	3.45e-23	2.23e-07	3.83e-14	9.28e-41
 5.42565e+22	7.33e-17	2.64e-07	6.85e-05	1.05e-03	1.25e-01	4.98e-01	3.75e-01	7.33e-17	2.70e-21	4.29e-22	2.64e-07	4.62e-14	1.31e-40
 5.44628e+22	5.07e-16	3.04e-07	7.78e-05	1.16e-03	1.32e-01	5.03e-01	3.63e-01	5.07e-16	1.87e-20	2.98e-21	3.04e-07	5.39e-14	1.75e-40
 5.46783e+22	2.39e-15	3.62e-07	9.13e-05	1.31e-03	1.41e-01	5.09e-01	3.48e-01	2.39e-15	8.83e-20	1.41e-20	3.62e-07	6.54e-14	2.50e-40
 5.48972e+22	2.89e-15	4.15e-07	1.03e-04	1.44e-03	1.49e-01	5.13e-01	3.36e-01	2.89e-15	1.07e-19	1.71e-20	4.15e-07	7.60e-14	3.32e-40
 5.51224e+22	3.68e-15	4.94e-07	1.21e-04	1.63e-03	1.59e-01	5.18e-01	3.21e-01	3.68e-15	1.37e-19	2.19e-20	4.94e-07	9.19e-14	4.75e-40
 5.53482e+22	4.44e-15	5.63e-07	1.37e-04	1.79e-03	1.67e-01	5.21e-01	3.10e-01	4.44e-15	1.65e-19	2.65e-20	5.63e-07	1.06e-13	6.23e-40
 5.55747e+22	5.61e-15	6.64e-07	1.60e-04	2.02e-03	1.78e-01	5.25e-01	2.95e-01	5.61e-15	2.10e-19	3.37e-20	6.64e-07	1.27e-13	8.76e-40
 5.58019e+22	6.74e-15	7.53e-07	1.80e-04	2.21e-03	1.86e-01	5.27e-01	2.84e-01	6.74e-15	2.53e-19	4.06e-20	7.53e-07	1.46e-13	1.14e-39
 5.60302e+22	8.50e-15	8.83e-07	2.09e-04	2.49e-03	1.98e-01	5.30e-01	2.70e-01	8.50e-15	3.20e-19	5.14e-20	8.83e-07	1.73e-13	1.59e-39
 5.62609e+22	1.02e-14	9.97e-07	2.34e-04	2.72e-03	2.07e-01	5.31e-01	2.60e-01	1.02e-14	3.85e-19	6.20e-20	9.97e-07	1.98e-13	2.06e-39
 5.64947e+22	1.29e-14	1.16e-06	2.72e-04	3.05e-03	2.19e-01	5.32e-01	2.46e-01	1.29e-14	4.87e-19	7.86e-20	1.16e-06	2.34e-13	2.86e-39
 5.67316e+22	1.55e-14	1.31e-06	3.04e-04	3.33e-03	2.29e-01	5.32e-01	2.36e-01	1.55e-14	5.90e-19	9.52e-20	1.31e-06	2.66e-13	3.72e-39
 5.69725e+22	1.96e-14	1.53e-06	3.52e-04	3.74e-03	2.42e-01	5.31e-01	2.23e-01	1.96e-14	7.49e-19	1.21e-19	1.53e-06	3.14e-13	5.16e-39
 5.72178e+22	2.38e-14	1.72e-06	3.94e-04	4.08e-03	2.53e-01	5.30e-01	2.13e-01	2.38e-14	9.12e-19	1.48e-19	1.72e-06	3.57e-13	6.74e-39
 5.74689e+22	3.04e-14	2.00e-06	4.56e-04	4.58e-03	2.67e-01	5.28e-01	2.00e-01	3.03e-14	1.17e-18	1.90e-19	2.00e-06	4.21e-13	9.40e-39
 5.77256e+22	3.73e-14	2.26e-06	5.11e-04	5.00e-03	2.78e-01	5.26e-01	1.90e-01	3.73e-14	1.44e-18	2.34e-19	2.26e-06	4.79e-13	1.24e-38
 5.79897e+22	4.81e-14	2.63e-06	5.92e-04	5.62e-03	2.94e-01	5.22e-01	1.78e-01	4.81e-14	1.87e-18	3.05e-19	2.63e-06	5.65e-13	1.75e-38
 5.82589e+22	6.00e-14	2.96e-06	6.63e-04	6.13e-03	3.06e-01	5.19e-01	1.69e-01	6.00e-14	2.34e-18	3.82e-19	2.96e-06	6.44e-13	2.34e-38
 5.84864e+22	7.27e-14	3.29e-06	7.34e-04	6.64e-03	3.17e-01	5.15e-01	1.61e-01	7.27e-14	2.85e-18	4.66e-19	3.29e-06	7.22e-13	3.00e-38
 5.87342e+22	9.31e-14	3.76e-06	8.36e-04	7.36e-03	3.32e-01	5.10e-01	1.50e-01	9.31e-14	3.66e-18	6.01e-19	3.76e-06	8.36e-13	4.13e-38
 5.89741e+22	1.13e-13	4.14e-06	9.15e-04	7.89e-03	3.42e-01	5.06e-01	1.44e-01	1.13e-13	4.46e-18	7.32e-19	4.14e-06	9.27e-13	5.23e-38
 5.92039e+22	1.43e-13	4.66e-06	1.03e-03	8.66e-03	3.56e-01	5.00e-01	1.35e-01	1.43e-13	5.67e-18	9.34e-19	4.66e-06	1.06e-12	6.99e-38
 5.94360e+22	1.76e-13	5.12e-06	1.12e-03	9.27e-03	3.66e-01	4.95e-01	1.28e-01	1.76e-13	7.04e-18	1.16e-18	5.12e-06	1.17e-12	8.96e-38
 5.96712e+22	2.30e-13	5.76e-06	1.26e-03	1.01e-02	3.80e-01	4.88e-01	1.20e-01	2.30e-13	9.23e-18	1.53e-18	5.76e-06	1.34e-12	1.21e-37
 5.99099e+22	2.92e-13	6.34e-06	1.38e-03	1.09e-02	3.91e-01	4.82e-01	1.14e-01	2.92e-13	1.18e-17	1.95e-18	6.34e-06	1.48e-12	1.56e-37
 6.01530e+22	3.95e-13	7.13e-06	1.55e-03	1.19e-02	4.06e-01	4.74e-01	1.07e-01	3.95e-13	1.61e-17	2.67e-18	7.13e-06	1.69e-12	2.13e-37
 6.03996e+22	5.29e-13	7.85e-06	1.69e-03	1.27e-02	4.17e-01	4.68e-01	1.01e-01	5.29e-13	2.16e-17	3.59e-18	7.85e-06	1.89e-12	2.79e-37
 6.06507e+22	7.68e-13	8.83e-06	1.90e-03	1.39e-02	4.32e-01	4.59e-01	9.38e-02	7.68e-13	3.16e-17	5.27e-18	8.83e-06	2.15e-12	3.85e-37
 6.09062e+22	1.14e-12	9.74e-06	2.08e-03	1.49e-02	4.43e-01	4.51e-01	8.86e-02	1.14e-12	4.73e-17	7.90e-18	9.74e-06	2.40e-12	5.11e-37
 6.11675e+22	1.91e-12	1.10e-05	2.33e-03	1.63e-02	4.58e-01	4.41e-01	8.19e-02	1.91e-12	7.98e-17	1.34e-17	1.10e-05	2.75e-12	7.19e-37
 6.14343e+22	3.63e-12	1.21e-05	2.56e-03	1.75e-02	4.70e-01	4.33e-01	7.70e-02	3.63e-12	1.52e-16	2.56e-17	1.21e-05	3.08e-12	9.74e-37
 6.17083e+22	8.34e-12	1.37e-05	2.88e-03	1.92e-02	4.85e-01	4.22e-01	7.08e-02	8.34e-12	3.53e-16	5.95e-17	1.37e-05	3.54e-12	1.42e-36
 6.19896e+22	2.22e-11	1.52e-05	3.16e-03	2.06e-02	4.97e-01	4.13e-01	6.62e-02	2.22e-11	9.46e-16	1.60e-16	1.52e-05	3.99e-12	2.02e-36
 6.22802e+22	7.17e-11	1.73e-05	3.57e-03	2.25e-02	5.13e-01	4.00e-01	6.05e-02	7.17e-11	3.09e-15	5.24e-16	1.73e-05	4.62e-12	3.34e-36
 6.25740e+22	1.55e-10	1.92e-05	3.92e-03	2.42e-02	5.25e-01	3.91e-01	5.64e-02	1.55e-10	6.75e-15	1.15e-15	1.92e-05	5.22e-12	5.31e-36
 6.28718e+22	2.52e-10	2.18e-05	4.42e-03	2.65e-02	5.40e-01	3.78e-01	5.12e-02	2.52e-10	1.11e-14	1.89e-15	2.18e-05	6.05e-12	8.74e-36
 6.31729e+22	3.38e-10	2.42e-05	4.85e-03	2.83e-02	5.51e-01	3.68e-01	4.76e-02	3.38e-10	1.50e-14	2.57e-15	2.42e-05	6.85e-12	1.29e-35
 6.34784e+22	4.50e-10	2.75e-05	5.46e-03	3.10e-02	5.66e-01	3.54e-01	4.31e-02	4.50e-10	2.02e-14	3.47e-15	2.75e-05	7.97e-12	2.05e-35
 6.37889e+22	5.66e-10	3.07e-05	6.00e-03	3.32e-02	5.77e-01	3.44e-01	3.98e-02	5.66e-10	2.56e-14	4.42e-15	3.07e-05	9.04e-12	3.02e-35
 6.40632e+22	6.91e-10	3.40e-05	6.58e-03	3.55e-02	5.88e-01	3.33e-01	3.68e-02	6.91e-10	3.16e-14	5.47e-15	3.40e-05	1.02e-11	4.36e-35
 6.43773e+22	8.71e-10	3.88e-05	7.39e-03	3.86e-02	6.01e-01	3.20e-01	3.31e-02	8.71e-10	4.03e-14	7.01e-15	3.88e-05	1.19e-11	6.96e-35
 6.46971e+22	1.04e-09	4.31e-05	8.11e-03	4.14e-02	6.11e-01	3.09e-01	3.04e-02	1.04e-09	4.88e-14	8.51e-15	4.31e-05	1.35e-11	1.01e-34
 6.49560e+22	1.21e-09	4.73e-05	8.78e-03	4.38e-02	6.20e-01	3.00e-01	2.82e-02	1.21e-09	5.73e-14	1.00e-14	4.73e-05	1.51e-11	1.40e-34
 6.52244e+22	1.44e-09	5.28e-05	9.64e-03	4.68e-02	6.29e-01	2.89e-01	2.59e-02	1.44e-09	6.90e-14	1.21e-14	5.28e-05	1.73e-11	2.07e-34
 6.55066e+22	1.68e-09	5.81e-05	1.05e-02	4.96e-02	6.37e-01	2.79e-01	2.39e-02	1.68e-09	8.12e-14	1.43e-14	5.81e-05	1.94e-11	2.92e-34
 6.57656e+22	1.94e-09	6.39e-05	1.13e-02	5.25e-02	6.44e-01	2.70e-01	2.21e-02	1.94e-09	9.48e-14	1.68e-14	6.39e-05	2.18e-11	4.10e-34
 6.60615e+22	2.31e-09	7.21e-05	1.25e-02	5.63e-02	6.53e-01	2.58e-01	1.99e-02	2.31e-09	1.15e-13	2.04e-14	7.21e-05	2.52e-11	6.32e-34
 6.63648e+22	2.69e-09	7.98e-05	1.37e-02	5.98e-02	6.60e-01	2.48e-01	1.82e-02	2.68e-09	1.35e-13	2.41e-14	7.98e-05	2.86e-11	9.14e-34
 6.66325e+22	3.07e-09	8.79e-05	1.48e-02	6.32e-02	6.66e-01	2.39e-01	1.68e-02	3.07e-09	1.56e-13	2.80e-14	8.79e-05	3.22e-11	1.29e-33
 6.69351e+22	3.64e-09	9.93e-05	1.63e-02	6.77e-02	6.73e-01	2.28e-01	1.51e-02	3.64e-09	1.89e-13	3.39e-14	9.93e-05	3.74e-11	2.01e-33
 6.72493e+22	4.19e-09	1.10e-04	1.78e-02	7.19e-02	6.79e-01	2.17e-01	1.37e-02	4.19e-09	2.20e-13	3.98e-14	1.10e-04	4.27e-11	2.94e-33
 6.75313e+22	4.80e-09	1.22e-04	1.93e-02	7.60e-02	6.84e-01	2.08e-01	1.25e-02	4.80e-09	2.56e-13	4.64e-14	1.22e-04	4.84e-11	4.23e-33
 6.78502e+22	5.70e-09	1.39e-04	2.14e-02	8.12e-02	6.89e-01	1.97e-01	1.11e-02	5.70e-09	3.10e-13	5.64e-14	1.39e-04	5.69e-11	6.75e-33
 6.81796e+22	6.59e-09	1.55e-04	2.33e-02	8.62e-02	6.92e-01	1.88e-01	1.00e-02	6.59e-09	3.64e-13	6.65e-14	1.55e-04	6.54e-11	1.01e-32
 6.84735e+22	7.53e-09	1.72e-04	2.53e-02	9.10e-02	6.95e-01	1.79e-01	9.09e-03	7.53e-09	4.23e-13	7.76e-14	1.72e-04	7.46e-11	1.47e-32
 6.88066e+22	8.95e-09	1.97e-04	2.81e-02	9.74e-02	6.98e-01	1.68e-01	8.01e-03	8.95e-09	5.14e-13	9.48e-14	1.97e-04	8.84e-11	2.41e-32
 6.91498e+22	1.03e-08	2.20e-04	3.06e-02	1.03e-01	7.00e-01	1.59e-01	7.17e-03	1.03e-08	6.05e-13	1.12e-13	2.20e-04	1.02e-10	3.63e-32
 6.95062e+22	1.24e-08	2.54e-04	3.41e-02	1.10e-01	7.00e-01	1.49e-01	6.24e-03	1.24e-08	7.42e-13	1.38e-13	2.54e-04	1.23e-10	6.13e-32
 6.98692e+22	1.43e-08	2.86e-04	3.72e-02	1.17e-01	7.00e-01	1.40e-01	5.55e-03	1.43e-08	8.77e-13	1.64e-13	2.86e-04	1.43e-10	9.42e-32
 7.01916e+22	1.65e-08	3.21e-04	4.05e-02	1.23e-01	6.99e-01	1.32e-01	4.94e-03	1.65e-08	1.03e-12	1.94e-13	3.21e-04	1.66e-10	1.44e-31
 7.05613e+22	1.98e-08	3.72e-04	4.52e-02	1.32e-01	6.96e-01	1.22e-01	4.25e-03	1.98e-08	1.27e-12	2.41e-13	3.72e-04	2.01e-10	2.47e-31
 7.09356e+22	2.28e-08	4.18e-04	4.92e-02	1.39e-01	6.93e-01	1.14e-01	3.74e-03	2.28e-08	1.50e-12	2.85e-13	4.18e-04	2.34e-10	3.82e-31
 7.13159e+22	2.76e-08	4.87e-04	5.49e-02	1.48e-01	6.88e-01	1.05e-01	3.20e-03	2.76e-08	1.87e-12	3.57e-13	4.87e-04	2.86e-10	6.67e-31
 7.17003e+22	3.20e-08	5.51e-04	5.98e-02	1.56e-01	6.83e-01	9.78e-02	2.80e-03	3.20e-08	2.22e-12	4.26e-13	5.51e-04	3.36e-10	1.04e-30
 7.20898e+22	3.86e-08	6.43e-04	6.67e-02	1.67e-01	6.74e-01	8.92e-02	2.36e-03	3.86e-08	2.78e-12	5.35e-13	6.43e-04	4.12e-10	1.85e-30
 7.24829e+22	3.27e-08	7.28e-04	7.26e-02	1.75e-01	6.67e-01	8.27e-02	2.06e-03	3.27e-08	2.41e-12	4.67e-13	7.28e-04	4.86e-10	2.60e-30
 7.28805e+22	4.13e-08	8.53e-04	8.09e-02	1.86e-01	6.56e-01	7.49e-02	1.72e-03	4.13e-08	3.15e-12	6.12e-13	8.53e-04	5.99e-10	4.72e-30
 7.32827e+22	4.94e-08	9.67e-04	8.80e-02	1.95e-01	6.46e-01	6.90e-02	1.49e-03	4.94e-08	3.88e-12	7.57e-13	9.67e-04	7.07e-10	7.56e-30
 7.36908e+22	6.22e-08	1.14e-03	9.80e-02	2.06e-01	6.32e-01	6.19e-02	1.23e-03	6.22e-08	5.06e-12	9.93e-13	1.14e-03	8.78e-10	1.39e-29
 7.41039e+22	7.44e-08	1.29e-03	1.07e-01	2.15e-01	6.19e-01	5.67e-02	1.05e-03	7.44e-08	6.24e-12	1.23e-12	1.29e-03	1.04e-09	2.24e-29
 7.45232e+22	9.36e-08	1.53e-03	1.19e-01	2.27e-01	6.02e-01	5.04e-02	8.58e-04	9.36e-08	8.17e-12	1.62e-12	1.53e-03	1.30e-09	4.14e-29
 7.49339e+22	1.11e-07	1.72e-03	1.28e-01	2.35e-01	5.88e-01	4.61e-02	7.37e-04	1.11e-07	9.94e-12	1.98e-12	1.72e-03	1.54e-09	6.49e-29
 7.53332e+22	1.37e-07	2.02e-03	1.41e-01	2.46e-01	5.69e-01	4.09e-02	6.02e-04	1.37e-07	1.28e-11	2.55e-12	2.02e-03	1.90e-09	1.16e-28
 7.57192e+22	1.59e-07	2.25e-03	1.51e-01	2.54e-01	5.55e-01	3.76e-02	5.20e-04	1.59e-07	1.53e-11	3.07e-12	2.25e-03	2.21e-09	1.75e-28
 7.60878e+22	1.93e-07	2.60e-03	1.65e-01	2.63e-01	5.36e-01	3.35e-02	4.31e-04	1.93e-07	1.93e-11	3.88e-12	2.60e-03	2.68e-09	2.95e-28
 7.64623e+22	2.26e-07	2.91e-03	1.77e-01	2.70e-01	5.20e-01	3.05e-02	3.68e-04	2.26e-07	2.33e-11	4.69e-12	2.91e-03	3.14e-09	4.50e-28
 7.67935e+22	2.63e-07	3.26e-03	1.89e-01	2.77e-01	5.03e-01	2.77e-02	3.14e-04	2.63e-07	2.79e-11	5.65e-12	3.26e-03	3.66e-09	6.81e-28
 7.71731e+22	3.19e-07	3.76e-03	2.05e-01	2.85e-01	4.82e-01	2.44e-02	2.56e-04	3.19e-07	3.54e-11	7.18e-12	3.76e-03	4.46e-09	1.16e-27
 7.75584e+22	3.74e-07	4.22e-03	2.19e-01	2.91e-01	4.64e-01	2.19e-02	2.15e-04	3.74e-07	4.28e-11	8.72e-12	4.22e-03	5.23e-09	1.78e-27
 7.79513e+22	4.56e-07	4.87e-03	2.38e-01	2.97e-01	4.40e-01	1.91e-02	1.73e-04	4.56e-07	5.46e-11	1.12e-11	4.87e-03	6.40e-09	3.05e-27
 7.83476e+22	5.35e-07	5.46e-03	2.54e-01	3.02e-01	4.21e-01	1.71e-02	1.45e-04	5.35e-07	6.63e-11	1.36e-11	5.46e-03	7.52e-09	4.68e-27
 7.87483e+22	6.54e-07	6.32e-03	2.75e-01	3.07e-01	3.97e-01	1.47e-02	1.14e-04	6.54e-07	8.48e-11	1.75e-11	6.32e-03	9.25e-09	8.14e-27
 7.91493e+22	7.64e-07	7.06e-03	2.92e-01	3.10e-01	3.78e-01	1.30e-02	9.45e-05	7.63e-07	1.03e-10	2.12e-11	7.06e-03	1.08e-08	1.24e-26
 7.94715e+22	8.71e-07	7.76e-03	3.07e-01	3.12e-01	3.61e-01	1.17e-02	8.03e-05	8.71e-07	1.21e-10	2.50e-11	7.76e-03	1.24e-08	1.77e-26
 7.98109e+22	1.03e-06	8.69e-03	3.26e-01	3.14e-01	3.41e-01	1.03e-02	6.55e-05	1.02e-06	1.48e-10	3.07e-11	8.69e-03	1.46e-08	2.75e-26
 8.01552e+22	1.17e-06	9.55e-03	3.42e-01	3.14e-01	3.25e-01	9.18e-03	5.51e-05	1.17e-06	1.75e-10	3.63e-11	9.55e-03	1.67e-08	3.96e-26
 8.04578e+22	1.33e-06	1.04e-02	3.58e-01	3.14e-01	3.09e-01	8.22e-03	4.65e-05	1.33e-06	2.06e-10	4.28e-11	1.04e-02	1.90e-08	5.62e-26
 8.08031e+22	1.57e-06	1.17e-02	3.79e-01	3.14e-01	2.89e-01	7.09e-03	3.72e-05	1.57e-06	2.53e-10	5.28e-11	1.17e-02	2.25e-08	8.81e-26
 8.11499e+22	1.79e-06	1.28e-02	3.95e-01	3.12e-01	2.74e-01	6.32e-03	3.12e-05	1.79e-06	2.97e-10	6.22e-11	1.28e-02	2.56e-08	1.25e-25
 8.14988e+22	2.10e-06	1.42e-02	4.16e-01	3.10e-01	2.55e-01	5.43e-03	2.49e-05	2.09e-06	3.64e-10	7.63e-11	1.42e-02	3.00e-08	1.93e-25
 8.18527e+22	2.39e-06	1.56e-02	4.34e-01	3.07e-01	2.39e-01	4.77e-03	2.05e-05	2.39e-06	4.31e-10	9.05e-11	1.56e-02	3.44e-08	2.78e-25
 8.21632e+22	2.71e-06	1.69e-02	4.50e-01	3.03e-01	2.25e-01	4.21e-03	1.70e-05	2.71e-06	5.06e-10	1.06e-10	1.69e-02	3.90e-08	3.91e-25
 8.25167e+22	3.17e-06	1.88e-02	4.72e-01	2.98e-01	2.08e-01	3.58e-03	1.34e-05	3.17e-06	6.20e-10	1.31e-10	1.88e-02	4.56e-08	6.03e-25
