#depth	Cl	Cl+	Cl+2	Cl+3	Cl+4	Cl+5	Cl+6	Cl+7	Cl+8	Cl+9	Cl+10	Cl+11	Cl+12	Cl+13	Cl+14	Cl+15	Cl+16	Cl+17
 4.62852e+21	0.00e+00	0.00e+00	0.00e+00	0.00e+00	0.00e+00	0.00e+00	0.00e+00	2.24e-24	6.61e-21	8.44e-18	5.04e-15	1.86e-12	3.89e-10	5.06e-08	7.27e-06	1.92e-03	7.42e-02	9.24e-01
 1.05465e+22	0.00e+00	0.00e+00	0.00e+00	0.00e+00	0.00e+00	0.00e+00	1.14e-26	8.01e-23	1.62e-19	1.43e-16	5.96e-14	1.52e-11	2.22e-09	2.03e-07	2.04e-05	3.79e-03	1.03e-01	8.94e-01
 1.27170e+22	0.00e+00	0.00e+00	0.00e+00	0.00e+00	0.00e+00	4.66e-29	1.67e-25	9.04e-22	1.42e-18	9.69e-16	3.15e-13	6.25e-11	7.13e-09	5.14e-07	4.08e-05	5.95e-03	1.27e-01	8.67e-01
 1.43030e+22	0.00e+00	0.00e+00	0.00e+00	0.00e+00	0.00e+00	4.75e-28	1.41e-24	6.24e-21	7.96e-18	4.45e-15	1.18e-12	1.92e-10	1.80e-08	1.08e-06	7.05e-05	8.50e-03	1.49e-01	8.42e-01
 1.51841e+22	0.00e+00	0.00e+00	0.00e+00	0.00e+00	0.00e+00	8.48e-28	2.41e-24	1.01e-20	1.23e-17	6.52e-15	1.65e-12	2.55e-10	2.28e-08	1.29e-06	8.09e-05	9.29e-03	1.55e-01	8.35e-01
 1.55050e+22	0.00e+00	0.00e+00	0.00e+00	0.00e+00	0.00e+00	1.36e-27	3.73e-24	1.50e-20	1.75e-17	8.91e-15	2.16e-12	3.21e-10	2.75e-08	1.50e-06	9.04e-05	9.98e-03	1.61e-01	8.29e-01
 1.57808e+22	0.00e+00	0.00e+00	0.00e+00	0.00e+00	0.00e+00	2.09e-27	5.54e-24	2.15e-20	2.40e-17	1.18e-14	2.76e-12	3.94e-10	3.27e-08	1.72e-06	9.99e-05	1.07e-02	1.65e-01	8.24e-01
 1.60821e+22	0.00e+00	0.00e+00	0.00e+00	0.00e+00	8.05e-31	3.55e-27	9.01e-24	3.33e-20	3.56e-17	1.67e-14	3.73e-12	5.09e-10	4.03e-08	2.03e-06	1.13e-04	1.15e-02	1.71e-01	8.17e-01
 1.63923e+22	0.00e+00	0.00e+00	0.00e+00	0.00e+00	1.34e-30	5.71e-27	1.40e-23	4.95e-20	5.08e-17	2.28e-14	4.89e-12	6.41e-10	4.87e-08	2.36e-06	1.26e-04	1.24e-02	1.77e-01	8.11e-01
 1.66612e+22	0.00e+00	0.00e+00	0.00e+00	0.00e+00	2.14e-30	8.83e-27	2.08e-23	7.11e-20	7.01e-17	3.04e-14	6.27e-12	7.91e-10	5.79e-08	2.71e-06	1.40e-04	1.32e-02	1.82e-01	8.05e-01
 1.69582e+22	0.00e+00	0.00e+00	0.00e+00	0.00e+00	3.73e-30	1.48e-26	3.35e-23	1.09e-19	1.03e-16	4.26e-14	8.40e-12	1.01e-09	7.10e-08	3.19e-06	1.57e-04	1.43e-02	1.88e-01	7.97e-01
 1.72649e+22	0.00e+00	0.00e+00	0.00e+00	0.00e+00	6.21e-30	2.37e-26	5.17e-23	1.62e-19	1.46e-16	5.81e-14	1.10e-11	1.27e-09	8.58e-08	3.70e-06	1.76e-04	1.53e-02	1.94e-01	7.90e-01
 1.75292e+22	0.00e+00	0.00e+00	0.00e+00	0.00e+00	9.80e-30	3.62e-26	7.64e-23	2.31e-19	2.01e-16	7.67e-14	1.40e-11	1.56e-09	1.02e-07	4.23e-06	1.94e-04	1.63e-02	2.00e-01	7.84e-01
 1.78177e+22	0.00e+00	0.00e+00	0.00e+00	0.00e+00	1.68e-29	5.97e-26	1.21e-22	3.49e-19	2.91e-16	1.06e-13	1.86e-11	1.99e-09	1.24e-07	4.94e-06	2.17e-04	1.76e-02	2.06e-01	7.76e-01
 1.81244e+22	0.00e+00	0.00e+00	0.00e+00	0.00e+00	2.80e-29	9.61e-26	1.88e-22	5.20e-19	4.15e-16	1.46e-13	2.44e-11	2.50e-09	1.50e-07	5.74e-06	2.43e-04	1.89e-02	2.12e-01	7.68e-01
 1.84003e+22	0.00e+00	0.00e+00	0.00e+00	0.00e+00	4.51e-29	1.50e-25	2.82e-22	7.52e-19	5.77e-16	1.95e-13	3.14e-11	3.10e-09	1.78e-07	6.60e-06	2.69e-04	2.01e-02	2.18e-01	7.61e-01
 1.86479e+22	0.00e+00	0.00e+00	0.00e+00	0.00e+00	6.90e-29	2.22e-25	4.06e-22	1.04e-18	7.73e-16	2.52e-13	3.93e-11	3.75e-09	2.09e-07	7.47e-06	2.94e-04	2.13e-02	2.24e-01	7.54e-01
 1.88785e+22	0.00e+00	0.00e+00	0.00e+00	0.00e+00	1.03e-28	3.21e-25	5.70e-22	1.42e-18	1.02e-15	3.21e-13	4.85e-11	4.47e-09	2.41e-07	8.38e-06	3.20e-04	2.25e-02	2.29e-01	7.48e-01
 1.91437e+22	0.00e+00	0.00e+00	0.00e+00	0.00e+00	1.65e-28	5.00e-25	8.59e-22	2.06e-18	1.42e-15	4.29e-13	6.23e-11	5.53e-09	2.87e-07	9.61e-06	3.54e-04	2.40e-02	2.35e-01	7.40e-01
 1.94292e+22	0.00e+00	0.00e+00	0.00e+00	0.00e+00	1.31e-28	3.82e-25	6.33e-22	2.98e-18	1.97e-15	5.76e-13	8.04e-11	6.87e-09	3.43e-07	1.11e-05	3.92e-04	2.56e-02	2.42e-01	7.32e-01
 1.96865e+22	0.00e+00	0.00e+00	0.00e+00	0.00e+00	4.16e-28	1.18e-24	1.89e-21	4.20e-18	2.68e-15	7.54e-13	1.02e-10	8.37e-09	4.03e-07	1.26e-05	4.31e-04	2.71e-02	2.48e-01	7.25e-01
 1.99663e+22	0.00e+00	0.00e+00	0.00e+00	0.00e+00	3.42e-28	9.35e-25	1.44e-21	6.28e-18	3.84e-15	1.03e-12	1.33e-10	1.05e-08	4.87e-07	1.46e-05	4.80e-04	2.91e-02	2.55e-01	7.16e-01
 2.02502e+22	0.00e+00	0.00e+00	0.00e+00	0.00e+00	5.47e-28	1.44e-24	2.15e-21	9.02e-18	5.31e-15	1.38e-12	1.71e-10	1.30e-08	5.79e-07	1.67e-05	5.31e-04	3.10e-02	2.61e-01	7.07e-01
 2.04872e+22	0.00e+00	0.00e+00	0.00e+00	0.00e+00	8.20e-28	2.10e-24	3.05e-21	1.23e-17	7.02e-15	1.76e-12	2.12e-10	1.56e-08	6.72e-07	1.88e-05	5.78e-04	3.26e-02	2.67e-01	7.00e-01
 2.07430e+22	0.00e+00	0.00e+00	0.00e+00	0.00e+00	1.31e-27	3.26e-24	4.56e-21	1.78e-17	9.72e-15	2.35e-12	2.71e-10	1.92e-08	7.98e-07	2.15e-05	6.37e-04	3.47e-02	2.74e-01	6.91e-01
 2.10197e+22	0.00e+00	0.00e+00	0.00e+00	5.63e-31	2.11e-27	5.07e-24	6.85e-21	2.57e-17	1.35e-14	3.13e-12	3.49e-10	2.37e-08	9.49e-07	2.46e-05	7.03e-04	3.69e-02	2.80e-01	6.82e-01
 2.12719e+22	0.00e+00	0.00e+00	0.00e+00	8.81e-31	3.21e-27	7.48e-24	9.80e-21	3.55e-17	1.80e-14	4.04e-12	4.35e-10	2.86e-08	1.11e-06	2.78e-05	7.68e-04	3.90e-02	2.86e-01	6.74e-01
 2.15053e+22	0.00e+00	0.00e+00	0.00e+00	1.35e-30	4.79e-27	1.08e-23	1.38e-20	4.83e-17	2.38e-14	5.16e-12	5.37e-10	3.42e-08	1.28e-06	3.12e-05	8.34e-04	4.11e-02	2.92e-01	6.66e-01
 2.17659e+22	0.00e+00	0.00e+00	0.00e+00	2.23e-30	7.67e-27	1.68e-23	2.07e-20	6.97e-17	3.29e-14	6.87e-12	6.88e-10	4.21e-08	1.52e-06	3.56e-05	9.19e-04	4.36e-02	2.99e-01	6.56e-01
 2.20399e+22	0.00e+00	0.00e+00	0.00e+00	3.63e-30	1.21e-26	2.56e-23	3.04e-20	9.88e-17	4.50e-14	9.05e-12	8.74e-10	5.16e-08	1.79e-06	4.06e-05	1.01e-03	4.62e-02	3.06e-01	6.47e-01
 2.22807e+22	0.00e+00	0.00e+00	0.00e+00	5.63e-30	1.82e-26	3.75e-23	4.33e-20	1.36e-16	5.98e-14	1.16e-11	1.09e-09	6.20e-08	2.08e-06	4.56e-05	1.10e-03	4.87e-02	3.12e-01	6.39e-01
 2.25434e+22	0.00e+00	0.00e+00	0.00e+00	9.44e-30	2.95e-26	5.88e-23	6.55e-20	1.98e-16	8.35e-14	1.56e-11	1.40e-09	7.68e-08	2.48e-06	5.23e-05	1.21e-03	5.18e-02	3.19e-01	6.28e-01
 2.28221e+22	0.00e+00	0.00e+00	0.00e+00	1.55e-29	4.69e-26	9.05e-23	9.73e-20	2.83e-16	1.15e-13	2.07e-11	1.79e-09	9.44e-08	2.94e-06	5.97e-05	1.33e-03	5.49e-02	3.25e-01	6.18e-01
 2.30651e+22	0.00e+00	0.00e+00	0.00e+00	2.41e-29	7.07e-26	1.33e-22	1.38e-19	3.88e-16	1.53e-13	2.66e-11	2.22e-09	1.13e-07	3.41e-06	6.71e-05	1.45e-03	5.78e-02	3.31e-01	6.09e-01
 2.32861e+22	0.00e+00	0.00e+00	0.00e+00	3.62e-29	1.03e-25	1.89e-22	1.91e-19	5.22e-16	1.99e-13	3.35e-11	2.71e-09	1.34e-07	3.92e-06	7.48e-05	1.57e-03	6.06e-02	3.37e-01	6.01e-01
 2.35351e+22	0.00e+00	0.00e+00	0.00e+00	5.84e-29	1.62e-25	2.87e-22	2.81e-19	7.39e-16	2.71e-13	4.41e-11	3.44e-09	1.64e-07	4.61e-06	8.49e-05	1.72e-03	6.41e-02	3.44e-01	5.91e-01
 2.38027e+22	0.00e+00	0.00e+00	0.00e+00	9.50e-29	2.55e-25	4.37e-22	4.14e-19	1.05e-15	3.71e-13	5.81e-11	4.37e-09	2.01e-07	5.44e-06	9.66e-05	1.88e-03	6.77e-02	3.50e-01	5.80e-01
 2.40439e+22	0.00e+00	0.00e+00	0.00e+00	8.44e-29	2.21e-25	3.67e-22	5.84e-19	1.43e-15	4.90e-13	7.42e-11	5.39e-09	2.40e-07	6.30e-06	1.08e-04	2.04e-03	7.11e-02	3.56e-01	5.71e-01
 2.43066e+22	0.00e+00	0.00e+00	0.00e+00	2.45e-28	6.18e-25	9.94e-22	8.83e-19	2.08e-15	6.85e-13	9.96e-11	6.96e-09	2.97e-07	7.50e-06	1.24e-04	2.25e-03	7.54e-02	3.63e-01	5.59e-01
 2.45848e+22	0.00e+00	0.00e+00	0.00e+00	2.36e-28	5.76e-25	8.95e-22	1.32e-18	3.00e-15	9.50e-13	1.33e-10	8.94e-09	3.68e-07	8.92e-06	1.42e-04	2.48e-03	7.99e-02	3.70e-01	5.48e-01
 2.48192e+22	0.00e+00	0.00e+00	0.00e+00	3.54e-28	8.43e-25	1.27e-21	1.83e-18	4.03e-15	1.24e-12	1.67e-10	1.09e-08	4.35e-07	1.02e-05	1.58e-04	2.67e-03	8.36e-02	3.75e-01	5.39e-01
 2.50600e+22	0.00e+00	0.00e+00	0.00e+00	5.72e-28	1.32e-24	1.93e-21	2.67e-18	5.69e-15	1.68e-12	2.20e-10	1.38e-08	5.31e-07	1.20e-05	1.79e-04	2.92e-03	8.81e-02	3.81e-01	5.28e-01
 2.53177e+22	0.00e+00	0.00e+00	0.00e+00	9.09e-28	2.03e-24	2.88e-21	3.86e-18	7.94e-15	2.27e-12	2.86e-10	1.73e-08	6.43e-07	1.41e-05	2.02e-04	3.18e-03	9.27e-02	3.87e-01	5.17e-01
 2.55536e+22	0.00e+00	0.00e+00	0.00e+00	1.40e-27	3.03e-24	4.18e-21	5.42e-18	1.08e-14	2.99e-12	3.65e-10	2.14e-08	7.69e-07	1.63e-05	2.26e-04	3.45e-03	9.71e-02	3.92e-01	5.07e-01
 2.58167e+22	0.00e+00	0.00e+00	3.36e-31	2.40e-27	5.03e-24	6.68e-21	8.32e-18	1.59e-14	4.23e-12	4.96e-10	2.79e-08	9.63e-07	1.96e-05	2.60e-04	3.81e-03	1.03e-01	3.99e-01	4.94e-01
 2.60859e+22	0.00e+00	0.00e+00	5.49e-31	3.82e-27	7.76e-24	9.98e-21	1.20e-17	2.23e-14	5.70e-12	6.46e-10	3.51e-08	1.17e-06	2.29e-05	2.93e-04	4.14e-03	1.08e-01	4.04e-01	4.83e-01
 2.63129e+22	0.00e+00	0.00e+00	8.59e-31	5.81e-27	1.15e-23	1.43e-20	1.67e-17	3.00e-14	7.46e-12	8.19e-10	4.31e-08	1.39e-06	2.64e-05	3.27e-04	4.48e-03	1.13e-01	4.09e-01	4.73e-01
 2.65256e+22	0.00e+00	0.00e+00	1.29e-30	8.55e-27	1.65e-23	2.00e-20	2.27e-17	3.97e-14	9.56e-12	1.02e-09	5.21e-08	1.63e-06	3.00e-05	3.62e-04	4.80e-03	1.18e-01	4.13e-01	4.64e-01
 2.67697e+22	0.00e+00	0.00e+00	2.20e-30	1.41e-26	2.63e-23	3.08e-20	3.36e-17	5.68e-14	1.32e-11	1.35e-09	6.67e-08	2.01e-06	3.56e-05	4.12e-04	5.26e-03	1.24e-01	4.18e-01	4.52e-01
 2.70238e+22	0.00e+00	0.00e+00	3.56e-30	2.22e-26	4.00e-23	4.55e-20	4.78e-17	7.84e-14	1.76e-11	1.75e-09	8.32e-08	2.42e-06	4.15e-05	4.63e-04	5.70e-03	1.30e-01	4.23e-01	4.41e-01
 2.72519e+22	0.00e+00	0.00e+00	5.66e-30	3.43e-26	5.99e-23	6.59e-20	6.70e-17	1.07e-13	2.33e-11	2.24e-09	1.03e-07	2.90e-06	4.80e-05	5.18e-04	6.17e-03	1.36e-01	4.27e-01	4.30e-01
 2.75092e+22	0.00e+00	0.00e+00	9.81e-30	5.75e-26	9.70e-23	1.03e-19	1.01e-16	1.55e-13	3.24e-11	3.00e-09	1.33e-07	3.59e-06	5.72e-05	5.92e-04	6.76e-03	1.43e-01	4.32e-01	4.18e-01
 2.77684e+22	0.00e+00	0.00e+00	1.64e-29	9.29e-26	1.51e-22	1.55e-19	1.45e-16	2.17e-13	4.39e-11	3.93e-09	1.68e-07	4.39e-06	6.73e-05	6.70e-04	7.37e-03	1.50e-01	4.36e-01	4.06e-01
 2.79776e+22	0.00e+00	0.00e+00	2.43e-29	1.35e-25	2.14e-22	2.13e-19	1.95e-16	2.83e-13	5.58e-11	4.85e-09	2.02e-07	5.12e-06	7.63e-05	7.38e-04	7.87e-03	1.56e-01	4.39e-01	3.97e-01
 2.81970e+22	0.00e+00	0.00e+00	3.98e-29	2.14e-25	3.28e-22	3.16e-19	2.78e-16	3.92e-13	7.49e-11	6.29e-09	2.53e-07	6.21e-06	8.92e-05	8.30e-04	8.54e-03	1.63e-01	4.42e-01	3.85e-01
 2.84331e+22	0.00e+00	0.00e+00	6.38e-29	3.34e-25	4.95e-22	4.62e-19	3.92e-16	5.36e-13	9.92e-11	8.08e-09	3.14e-07	7.46e-06	1.04e-04	9.30e-04	9.23e-03	1.70e-01	4.45e-01	3.74e-01
 2.86522e+22	0.00e+00	0.00e+00	1.00e-28	5.08e-25	7.31e-22	6.60e-19	5.41e-16	7.21e-13	1.30e-10	1.02e-08	3.86e-07	8.89e-06	1.19e-04	1.04e-03	9.94e-03	1.77e-01	4.48e-01	3.64e-01
 2.88988e+22	0.00e+00	0.00e+00	1.76e-28	8.65e-25	1.20e-21	1.04e-18	8.13e-16	1.05e-12	1.82e-10	1.38e-08	5.00e-07	1.11e-05	1.43e-04	1.19e-03	1.09e-02	1.86e-01	4.51e-01	3.51e-01
 2.91401e+22	0.00e+00	0.00e+00	2.78e-28	1.32e-24	1.77e-21	1.49e-18	1.13e-15	1.41e-12	2.38e-10	1.75e-08	6.16e-07	1.32e-05	1.65e-04	1.32e-03	1.17e-02	1.93e-01	4.53e-01	3.40e-01
 2.93383e+22	0.00e+00	0.00e+00	4.17e-28	1.93e-24	2.52e-21	2.05e-18	1.50e-15	1.85e-12	3.02e-10	2.17e-08	7.41e-07	1.55e-05	1.87e-04	1.45e-03	1.25e-02	2.00e-01	4.54e-01	3.31e-01
 2.95596e+22	0.00e+00	0.00e+00	6.96e-28	3.13e-24	3.92e-21	3.08e-18	2.17e-15	2.58e-12	4.10e-10	2.84e-08	9.37e-07	1.89e-05	2.20e-04	1.64e-03	1.36e-02	2.09e-01	4.56e-01	3.19e-01
 2.97893e+22	0.00e+00	0.00e+00	1.10e-27	4.79e-24	5.81e-21	4.41e-18	2.99e-15	3.48e-12	5.36e-10	3.61e-08	1.15e-06	2.25e-05	2.54e-04	1.83e-03	1.46e-02	2.17e-01	4.57e-01	3.09e-01
 2.99947e+22	0.00e+00	1.21e-31	1.70e-27	7.22e-24	8.48e-21	6.22e-18	4.08e-15	4.62e-12	6.94e-10	4.54e-08	1.41e-06	2.67e-05	2.92e-04	2.03e-03	1.56e-02	2.25e-01	4.58e-01	2.99e-01
 3.02263e+22	0.00e+00	2.19e-31	2.97e-27	1.21e-23	1.36e-20	9.59e-18	6.01e-15	6.62e-12	9.60e-10	6.07e-08	1.81e-06	3.31e-05	3.48e-04	2.31e-03	1.71e-02	2.35e-01	4.58e-01	2.87e-01
 3.04538e+22	0.00e+00	3.46e-31	4.56e-27	1.81e-23	1.98e-20	1.34e-17	8.13e-15	8.76e-12	1.24e-09	7.60e-08	2.21e-06	3.91e-05	3.98e-04	2.55e-03	1.82e-02	2.43e-01	4.58e-01	2.78e-01
 3.06450e+22	0.00e+00	5.34e-31	6.85e-27	2.65e-23	2.80e-20	1.85e-17	1.08e-14	1.14e-11	1.57e-09	9.40e-08	2.65e-06	4.57e-05	4.52e-04	2.81e-03	1.94e-02	2.51e-01	4.58e-01	2.69e-01
 3.08627e+22	0.00e+00	9.36e-31	1.16e-26	4.31e-23	4.39e-20	2.78e-17	1.56e-14	1.60e-11	2.13e-09	1.23e-07	3.36e-06	5.60e-05	5.32e-04	3.17e-03	2.10e-02	2.61e-01	4.57e-01	2.57e-01
 3.10840e+22	0.00e+00	1.51e-30	1.80e-26	6.52e-23	6.41e-20	3.92e-17	2.12e-14	2.12e-11	2.76e-09	1.56e-07	4.11e-06	6.64e-05	6.11e-04	3.51e-03	2.24e-02	2.69e-01	4.56e-01	2.48e-01
 3.12773e+22	0.00e+00	2.36e-30	2.75e-26	9.64e-23	9.18e-20	5.43e-17	2.83e-14	2.78e-11	3.52e-09	1.94e-07	4.98e-06	7.81e-05	6.96e-04	3.86e-03	2.39e-02	2.78e-01	4.54e-01	2.39e-01
 3.14957e+22	0.00e+00	4.15e-30	4.64e-26	1.57e-22	1.44e-19	8.15e-17	4.06e-14	3.89e-11	4.79e-09	2.54e-07	6.31e-06	9.55e-05	8.19e-04	4.35e-03	2.58e-02	2.88e-01	4.52e-01	2.28e-01
 3.17133e+22	0.00e+00	6.66e-30	7.21e-26	2.37e-22	2.09e-19	1.14e-16	5.48e-14	5.15e-11	6.17e-09	3.19e-07	7.69e-06	1.13e-04	9.39e-04	4.81e-03	2.75e-02	2.97e-01	4.50e-01	2.20e-01
 3.18962e+22	0.00e+00	1.02e-29	1.07e-25	3.42e-22	2.92e-19	1.55e-16	7.18e-14	6.62e-11	7.76e-09	3.91e-07	9.19e-06	1.32e-04	1.06e-03	5.26e-03	2.92e-02	3.05e-01	4.48e-01	2.12e-01
 3.21002e+22	0.00e+00	1.74e-29	1.77e-25	5.45e-22	4.47e-19	2.27e-16	1.01e-13	9.09e-11	1.04e-08	5.07e-07	1.15e-05	1.59e-04	1.24e-03	5.89e-03	3.13e-02	3.15e-01	4.44e-01	2.02e-01
 3.23091e+22	0.00e+00	2.73e-29	2.68e-25	8.04e-22	6.39e-19	3.14e-16	1.34e-13	1.19e-10	1.32e-08	6.30e-07	1.39e-05	1.87e-04	1.41e-03	6.46e-03	3.32e-02	3.24e-01	4.41e-01	1.94e-01
 3.25241e+22	0.00e+00	4.91e-29	4.64e-25	1.33e-21	1.01e-18	4.76e-16	1.94e-13	1.68e-10	1.81e-08	8.35e-07	1.78e-05	2.30e-04	1.66e-03	7.30e-03	3.59e-02	3.35e-01	4.37e-01	1.84e-01
 3.27367e+22	0.00e+00	7.61e-29	6.98e-25	1.95e-21	1.44e-18	6.52e-16	2.56e-13	2.17e-10	2.29e-08	1.03e-06	2.13e-05	2.69e-04	1.88e-03	7.99e-03	3.80e-02	3.43e-01	4.33e-01	1.76e-01
 3.29462e+22	0.00e+00	1.35e-28	1.19e-24	3.19e-21	2.25e-18	9.74e-16	3.65e-13	3.03e-10	3.11e-08	1.35e-06	2.71e-05	3.29e-04	2.21e-03	8.97e-03	4.08e-02	3.54e-01	4.27e-01	1.67e-01
 3.31583e+22	0.00e+00	2.15e-28	1.83e-24	4.77e-21	3.24e-18	1.35e-15	4.88e-13	3.98e-10	3.98e-08	1.69e-06	3.28e-05	3.88e-04	2.53e-03	9.86e-03	4.33e-02	3.62e-01	4.23e-01	1.59e-01
 3.33418e+22	0.00e+00	3.30e-28	2.73e-24	6.92e-21	4.54e-18	1.83e-15	6.38e-13	5.12e-10	5.01e-08	2.08e-06	3.93e-05	4.51e-04	2.85e-03	1.08e-02	4.56e-02	3.70e-01	4.18e-01	1.52e-01
 3.35483e+22	0.00e+00	5.69e-28	4.54e-24	1.11e-20	6.97e-18	2.69e-15	8.95e-13	7.03e-10	6.70e-08	2.70e-06	4.92e-05	5.46e-04	3.32e-03	1.20e-02	4.87e-02	3.80e-01	4.11e-01	1.44e-01
 3.37624e+22	0.00e+00	9.19e-28	7.09e-24	1.67e-20	1.01e-17	3.77e-15	1.20e-12	9.28e-10	8.65e-08	3.39e-06	6.00e-05	6.46e-04	3.79e-03	1.32e-02	5.16e-02	3.89e-01	4.05e-01	1.37e-01
 3.39550e+22	0.00e+00	1.47e-27	1.10e-23	2.50e-20	1.46e-17	5.22e-15	1.60e-12	1.22e-09	1.11e-07	4.23e-06	7.28e-05	7.60e-04	4.32e-03	1.45e-02	5.45e-02	3.97e-01	3.99e-01	1.30e-01
 3.41743e+22	0.00e+00	2.67e-27	1.91e-23	4.18e-20	2.32e-17	7.92e-15	2.30e-12	1.72e-09	1.52e-07	5.61e-06	9.31e-05	9.36e-04	5.09e-03	1.62e-02	5.85e-02	4.07e-01	3.91e-01	1.22e-01
 3.43892e+22	0.00e+00	4.17e-27	2.89e-23	6.13e-20	3.29e-17	1.08e-14	3.02e-12	2.22e-09	1.93e-07	6.94e-06	1.12e-04	1.09e-03	5.75e-03	1.77e-02	6.15e-02	4.14e-01	3.84e-01	1.16e-01
 3.45691e+22	0.00e+00	6.56e-27	4.40e-23	9.03e-20	4.66e-17	1.47e-14	3.95e-12	2.87e-09	2.44e-07	8.58e-06	1.34e-04	1.28e-03	6.50e-03	1.93e-02	6.47e-02	4.21e-01	3.77e-01	1.10e-01
 3.47444e+22	0.00e+00	1.01e-26	6.56e-23	1.30e-19	6.50e-17	1.98e-14	5.11e-12	3.66e-09	3.06e-07	1.05e-05	1.60e-04	1.48e-03	7.31e-03	2.09e-02	6.78e-02	4.28e-01	3.71e-01	1.04e-01
 3.49428e+22	0.00e+00	1.73e-26	1.08e-22	2.07e-19	9.85e-17	2.86e-14	7.05e-12	4.98e-09	4.05e-07	1.35e-05	2.00e-04	1.78e-03	8.45e-03	2.32e-02	7.18e-02	4.35e-01	3.62e-01	9.74e-02
 3.51319e+22	0.00e+00	2.57e-26	1.56e-22	2.90e-19	1.34e-16	3.76e-14	8.93e-12	6.24e-09	4.99e-07	1.63e-05	2.35e-04	2.04e-03	9.40e-03	2.49e-02	7.48e-02	4.41e-01	3.55e-01	9.27e-02
 3.52728e+22	0.00e+00	3.61e-26	2.14e-22	3.87e-19	1.73e-16	4.71e-14	1.08e-11	7.52e-09	5.94e-07	1.91e-05	2.69e-04	2.29e-03	1.03e-02	2.66e-02	7.75e-02	4.45e-01	3.49e-01	8.88e-02
 3.53999e+22	0.00e+00	5.06e-26	2.92e-22	5.15e-19	2.23e-16	5.90e-14	1.32e-11	9.07e-09	7.06e-07	2.23e-05	3.08e-04	2.56e-03	1.13e-02	2.82e-02	8.02e-02	4.49e-01	3.43e-01	8.50e-02
 3.55452e+22	0.00e+00	7.61e-26	4.26e-22	7.28e-19	3.05e-16	7.76e-14	1.67e-11	1.14e-08	8.72e-07	2.70e-05	3.63e-04	2.94e-03	1.25e-02	3.04e-02	8.35e-02	4.54e-01	3.36e-01	8.06e-02
 3.56880e+22	0.00e+00	1.05e-25	5.72e-22	9.54e-19	3.88e-16	9.60e-14	2.00e-11	1.36e-08	1.03e-06	3.13e-05	4.13e-04	3.28e-03	1.36e-02	3.22e-02	8.61e-02	4.57e-01	3.30e-01	7.72e-02
 3.58083e+22	0.00e+00	1.43e-25	7.62e-22	1.24e-18	4.92e-16	1.18e-13	2.39e-11	1.61e-08	1.21e-06	3.62e-05	4.67e-04	3.64e-03	1.48e-02	3.40e-02	8.87e-02	4.60e-01	3.24e-01	7.40e-02
 3.59455e+22	0.00e+00	2.11e-25	1.09e-21	1.73e-18	6.60e-16	1.53e-13	2.98e-11	2.00e-08	1.47e-06	4.33e-05	5.46e-04	4.14e-03	1.64e-02	3.65e-02	9.20e-02	4.64e-01	3.16e-01	7.01e-02
 3.60844e+22	0.00e+00	2.92e-25	1.48e-21	2.27e-18	8.43e-16	1.89e-13	3.58e-11	2.39e-08	1.74e-06	5.03e-05	6.21e-04	4.61e-03	1.78e-02	3.86e-02	9.48e-02	4.66e-01	3.10e-01	6.70e-02
 3.62007e+22	0.00e+00	3.93e-25	1.94e-21	2.92e-18	1.05e-15	2.30e-13	4.22e-11	2.81e-08	2.02e-06	5.77e-05	6.99e-04	5.09e-03	1.92e-02	4.06e-02	9.73e-02	4.69e-01	3.04e-01	6.42e-02
 3.63101e+22	0.00e+00	5.30e-25	2.56e-21	3.74e-18	1.31e-15	2.79e-13	4.98e-11	3.30e-08	2.35e-06	6.61e-05	7.86e-04	5.62e-03	2.07e-02	4.27e-02	9.99e-02	4.70e-01	2.98e-01	6.15e-02
 3.64190e+22	0.00e+00	7.02e-25	3.31e-21	4.74e-18	1.62e-15	3.35e-13	5.81e-11	3.85e-08	2.71e-06	7.52e-05	8.79e-04	6.16e-03	2.22e-02	4.48e-02	1.02e-01	4.72e-01	2.93e-01	5.90e-02
 3.65439e+22	0.00e+00	1.02e-24	4.67e-21	6.48e-18	2.14e-15	4.26e-13	7.12e-11	4.70e-08	3.27e-06	8.91e-05	1.02e-03	6.96e-03	2.44e-02	4.77e-02	1.06e-01	4.74e-01	2.85e-01	5.58e-02
 3.66705e+22	0.00e+00	1.37e-24	6.13e-21	8.30e-18	2.67e-15	5.16e-13	8.39e-11	5.52e-08	3.80e-06	1.02e-04	1.14e-03	7.66e-03	2.63e-02	5.00e-02	1.08e-01	4.75e-01	2.79e-01	5.33e-02
 3.67990e+22	0.00e+00	2.05e-24	8.88e-21	1.16e-17	3.58e-15	6.65e-13	1.04e-10	6.83e-08	4.65e-06	1.22e-04	1.34e-03	8.72e-03	2.90e-02	5.34e-02	1.12e-01	4.75e-01	2.70e-01	5.01e-02
 3.69190e+22	0.00e+00	2.69e-24	1.14e-20	1.45e-17	4.37e-15	7.89e-13	1.20e-10	7.88e-08	5.32e-06	1.38e-04	1.48e-03	9.52e-03	3.10e-02	5.58e-02	1.14e-01	4.76e-01	2.65e-01	4.80e-02
 3.70280e+22	0.00e+00	3.78e-24	1.56e-20	1.93e-17	5.59e-15	9.75e-13	1.43e-10	9.41e-08	6.29e-06	1.61e-04	1.69e-03	1.06e-02	3.37e-02	5.89e-02	1.17e-01	4.75e-01	2.57e-01	4.54e-02
 3.71392e+22	0.00e+00	5.03e-24	2.02e-20	2.44e-17	6.88e-15	1.16e-12	1.66e-10	1.09e-07	7.25e-06	1.83e-04	1.89e-03	1.16e-02	3.61e-02	6.16e-02	1.19e-01	4.75e-01	2.51e-01	4.33e-02
 3.72379e+22	0.00e+00	6.58e-24	2.59e-20	3.05e-17	8.37e-15	1.38e-12	1.91e-10	1.26e-07	8.28e-06	2.06e-04	2.09e-03	1.26e-02	3.85e-02	6.42e-02	1.21e-01	4.74e-01	2.45e-01	4.14e-02
 3.73508e+22	0.00e+00	9.56e-24	3.64e-20	4.14e-17	1.09e-14	1.73e-12	2.30e-10	1.52e-07	9.93e-06	2.44e-04	2.41e-03	1.42e-02	4.20e-02	6.79e-02	1.24e-01	4.73e-01	2.37e-01	3.89e-02
 3.74626e+22	0.00e+00	1.27e-23	4.72e-20	5.23e-17	1.34e-14	2.05e-12	2.65e-10	1.76e-07	1.14e-05	2.76e-04	2.69e-03	1.55e-02	4.50e-02	7.08e-02	1.26e-01	4.71e-01	2.31e-01	3.70e-02
 3.75732e+22	0.00e+00	1.84e-23	6.61e-20	7.07e-17	1.74e-14	2.56e-12	3.17e-10	2.12e-07	1.36e-05	3.25e-04	3.09e-03	1.74e-02	4.89e-02	7.47e-02	1.29e-01	4.69e-01	2.23e-01	3.47e-02
 3.76850e+22	0.00e+00	2.47e-23	8.65e-20	8.99e-17	2.15e-14	3.05e-12	3.67e-10	2.47e-07	1.57e-05	3.70e-04	3.45e-03	1.90e-02	5.23e-02	7.79e-02	1.31e-01	4.66e-01	2.17e-01	3.29e-02
 3.77984e+22	0.00e+00	3.67e-23	1.24e-19	1.24e-16	2.83e-14	3.85e-12	4.42e-10	3.00e-07	1.90e-05	4.39e-04	3.99e-03	2.14e-02	5.72e-02	8.23e-02	1.34e-01	4.62e-01	2.08e-01	3.05e-02
 3.79071e+22	0.00e+00	4.78e-23	1.58e-19	1.54e-16	3.41e-14	4.50e-12	5.02e-10	3.43e-07	2.15e-05	4.92e-04	4.40e-03	2.32e-02	6.07e-02	8.53e-02	1.36e-01	4.59e-01	2.02e-01	2.91e-02
 3.80095e+22	0.00e+00	6.92e-23	2.21e-19	2.07e-16	4.39e-14	5.55e-12	5.94e-10	4.10e-07	2.56e-05	5.77e-04	5.03e-03	2.59e-02	6.58e-02	8.96e-02	1.38e-01	4.54e-01	1.94e-01	2.71e-02
 3.81128e+22	0.00e+00	9.04e-23	2.81e-19	2.57e-16	5.30e-14	6.49e-12	6.75e-10	4.69e-07	2.91e-05	6.48e-04	5.55e-03	2.80e-02	6.97e-02	9.27e-02	1.39e-01	4.50e-01	1.88e-01	2.57e-02
 3.82171e+22	0.00e+00	1.34e-22	4.01e-19	3.51e-16	6.91e-14	8.07e-12	8.02e-10	5.65e-07	3.49e-05	7.65e-04	6.39e-03	3.14e-02	7.57e-02	9.74e-02	1.41e-01	4.44e-01	1.79e-01	2.37e-02
 3.83180e+22	0.00e+00	1.72e-22	5.03e-19	4.29e-16	8.22e-14	9.32e-12	9.01e-10	6.39e-07	3.93e-05	8.50e-04	6.99e-03	3.37e-02	7.97e-02	1.00e-01	1.43e-01	4.39e-01	1.74e-01	2.25e-02
 3.84143e+22	0.00e+00	2.51e-22	7.06e-19	5.77e-16	1.06e-13	1.14e-11	1.06e-09	7.61e-07	4.66e-05	9.95e-04	7.98e-03	3.75e-02	8.61e-02	1.05e-01	1.44e-01	4.32e-01	1.66e-01	2.08e-02
 3.85106e+22	0.00e+00	3.26e-22	8.97e-19	7.12e-16	1.26e-13	1.32e-11	1.19e-09	8.63e-07	5.26e-05	1.11e-03	8.75e-03	4.03e-02	9.08e-02	1.08e-01	1.45e-01	4.26e-01	1.60e-01	1.96e-02
 3.86068e+22	0.00e+00	4.73e-22	1.25e-18	9.53e-16	1.61e-13	1.61e-11	1.38e-09	1.02e-06	6.22e-05	1.29e-03	9.94e-03	4.46e-02	9.76e-02	1.13e-01	1.46e-01	4.18e-01	1.52e-01	1.81e-02
 3.87047e+22	0.00e+00	6.27e-22	1.62e-18	1.19e-15	1.95e-13	1.88e-11	1.56e-09	1.17e-06	7.06e-05	1.45e-03	1.10e-02	4.81e-02	1.03e-01	1.16e-01	1.47e-01	4.11e-01	1.46e-01	1.70e-02
 3.88049e+22	0.00e+00	9.33e-22	2.31e-18	1.62e-15	2.53e-13	2.31e-11	1.83e-09	1.40e-06	8.41e-05	1.70e-03	1.25e-02	5.35e-02	1.11e-01	1.21e-01	1.47e-01	4.01e-01	1.37e-01	1.55e-02
 3.89053e+22	0.00e+00	1.24e-21	2.98e-18	2.03e-15	3.05e-13	2.69e-11	2.06e-09	1.59e-06	9.55e-05	1.91e-03	1.38e-02	5.76e-02	1.17e-01	1.24e-01	1.47e-01	3.93e-01	1.31e-01	1.44e-02
 3.90060e+22	0.00e+00	1.83e-21	4.22e-18	2.75e-15	3.93e-13	3.28e-11	2.40e-09	1.89e-06	1.13e-04	2.23e-03	1.57e-02	6.36e-02	1.25e-01	1.28e-01	1.47e-01	3.82e-01	1.23e-01	1.31e-02
 3.91058e+22	0.00e+00	2.45e-21	5.49e-18	3.45e-15	4.75e-13	3.82e-11	2.69e-09	2.15e-06	1.28e-04	2.50e-03	1.72e-02	6.83e-02	1.31e-01	1.31e-01	1.47e-01	3.73e-01	1.17e-01	1.22e-02
 3.92044e+22	0.00e+00	3.61e-21	7.75e-18	4.64e-15	6.08e-13	4.64e-11	3.12e-09	2.55e-06	1.51e-04	2.90e-03	1.95e-02	7.50e-02	1.40e-01	1.35e-01	1.46e-01	3.60e-01	1.10e-01	1.10e-02
 3.93048e+22	0.00e+00	4.90e-21	1.02e-17	5.88e-15	7.40e-13	5.41e-11	3.51e-09	2.91e-06	1.72e-04	3.26e-03	2.14e-02	8.07e-02	1.47e-01	1.38e-01	1.45e-01	3.50e-01	1.04e-01	1.01e-02
 3.94074e+22	0.00e+00	7.34e-21	1.46e-17	8.01e-15	9.56e-13	6.61e-11	4.08e-09	3.45e-06	2.03e-04	3.79e-03	2.43e-02	8.85e-02	1.56e-01	1.42e-01	1.44e-01	3.36e-01	9.62e-02	9.07e-03
 3.95109e+22	0.00e+00	1.00e-20	1.93e-17	1.02e-14	1.16e-12	7.72e-11	4.58e-09	3.93e-06	2.31e-04	4.26e-03	2.66e-02	9.49e-02	1.63e-01	1.44e-01	1.42e-01	3.25e-01	9.04e-02	8.30e-03
 3.96155e+22	0.00e+00	1.51e-20	2.78e-17	1.39e-14	1.51e-12	9.43e-11	5.31e-09	4.64e-06	2.72e-04	4.94e-03	3.01e-02	1.04e-01	1.73e-01	1.48e-01	1.40e-01	3.10e-01	8.31e-02	7.36e-03
 3.97207e+22	0.00e+00	2.07e-20	3.68e-17	1.77e-14	1.84e-12	1.10e-10	5.96e-09	5.27e-06	3.07e-04	5.52e-03	3.29e-02	1.11e-01	1.80e-01	1.50e-01	1.38e-01	2.99e-01	7.78e-02	6.69e-03
 3.98117e+22	0.00e+00	2.81e-20	4.83e-17	2.23e-14	2.23e-12	1.28e-10	6.66e-09	5.96e-06	3.46e-04	6.15e-03	3.59e-02	1.18e-01	1.87e-01	1.51e-01	1.36e-01	2.87e-01	7.27e-02	6.09e-03
 3.99151e+22	0.00e+00	4.22e-20	6.92e-17	3.03e-14	2.86e-12	1.55e-10	7.68e-09	6.97e-06	4.03e-04	7.05e-03	4.01e-02	1.27e-01	1.96e-01	1.53e-01	1.33e-01	2.72e-01	6.63e-02	5.35e-03
 4.00174e+22	0.00e+00	5.61e-20	8.92e-17	3.76e-14	3.42e-12	1.78e-10	8.53e-09	7.78e-06	4.48e-04	7.76e-03	4.33e-02	1.34e-01	2.02e-01	1.54e-01	1.30e-01	2.61e-01	6.20e-02	4.88e-03
 4.01184e+22	4.12e-32	8.16e-20	1.25e-16	5.00e-14	4.32e-12	2.13e-10	9.76e-09	8.97e-06	5.14e-04	8.78e-03	4.77e-02	1.44e-01	2.10e-01	1.55e-01	1.26e-01	2.47e-01	5.66e-02	4.30e-03
 4.02224e+22	5.76e-32	1.11e-19	1.64e-16	6.30e-14	5.23e-12	2.47e-10	1.09e-08	1.01e-05	5.74e-04	9.69e-03	5.16e-02	1.52e-01	2.16e-01	1.55e-01	1.23e-01	2.35e-01	5.24e-02	3.87e-03
 4.03302e+22	8.86e-32	1.64e-19	2.31e-16	8.46e-14	6.67e-12	2.99e-10	1.25e-08	1.16e-05	6.58e-04	1.10e-02	5.68e-02	1.62e-01	2.24e-01	1.55e-01	1.19e-01	2.21e-01	4.74e-02	3.38e-03
 4.04399e+22	1.24e-31	2.23e-19	3.04e-16	1.07e-13	8.09e-12	3.47e-10	1.40e-08	1.30e-05	7.31e-04	1.20e-02	6.12e-02	1.70e-01	2.29e-01	1.55e-01	1.16e-01	2.09e-01	4.37e-02	3.03e-03
 4.05522e+22	1.93e-31	3.30e-19	4.32e-16	1.44e-13	1.03e-11	4.20e-10	1.62e-08	1.49e-05	8.34e-04	1.36e-02	6.71e-02	1.80e-01	2.36e-01	1.54e-01	1.11e-01	1.95e-01	3.92e-02	2.62e-03
 4.06668e+22	2.71e-31	4.48e-19	5.67e-16	1.82e-13	1.25e-11	4.89e-10	1.81e-08	1.66e-05	9.23e-04	1.48e-02	7.19e-02	1.88e-01	2.40e-01	1.53e-01	1.08e-01	1.84e-01	3.60e-02	2.33e-03
 4.07843e+22	4.21e-31	6.65e-19	8.05e-16	2.45e-13	1.61e-11	5.93e-10	2.10e-08	1.90e-05	1.05e-03	1.66e-02	7.84e-02	1.99e-01	2.46e-01	1.51e-01	1.03e-01	1.71e-01	3.21e-02	2.00e-03
 4.09038e+22	5.89e-31	9.02e-19	1.06e-15	3.09e-13	1.95e-11	6.90e-10	2.35e-08	2.11e-05	1.15e-03	1.81e-02	8.37e-02	2.07e-01	2.49e-01	1.50e-01	9.92e-02	1.61e-01	2.93e-02	1.78e-03
 4.10259e+22	9.13e-31	1.33e-18	1.50e-15	4.16e-13	2.50e-11	8.39e-10	2.73e-08	2.40e-05	1.30e-03	2.01e-02	9.07e-02	2.17e-01	2.54e-01	1.47e-01	9.43e-02	1.48e-01	2.60e-02	1.52e-03
 4.11487e+22	1.27e-30	1.79e-18	1.95e-15	5.21e-13	3.01e-11	9.73e-10	3.06e-08	2.65e-05	1.43e-03	2.18e-02	9.63e-02	2.24e-01	2.56e-01	1.45e-01	9.06e-02	1.39e-01	2.37e-02	1.34e-03
 4.12725e+22	1.94e-30	2.62e-18	2.73e-15	6.96e-13	3.84e-11	1.18e-09	3.54e-08	3.00e-05	1.60e-03	2.40e-02	1.04e-01	2.34e-01	2.59e-01	1.42e-01	8.58e-02	1.28e-01	2.10e-02	1.14e-03
 4.13992e+22	2.71e-30	3.51e-18	3.56e-15	8.73e-13	4.64e-11	1.37e-09	3.97e-08	3.31e-05	1.75e-03	2.59e-02	1.10e-01	2.41e-01	2.61e-01	1.39e-01	8.21e-02	1.20e-01	1.90e-02	1.01e-03
 4.15097e+22	3.70e-30	4.63e-18	4.55e-15	1.08e-12	5.54e-11	1.58e-09	4.43e-08	3.62e-05	1.89e-03	2.78e-02	1.15e-01	2.48e-01	2.62e-01	1.36e-01	7.87e-02	1.12e-01	1.73e-02	8.93e-04
 4.16330e+22	5.55e-30	6.61e-18	6.26e-15	1.42e-12	6.96e-11	1.89e-09	5.10e-08	4.06e-05	2.10e-03	3.04e-02	1.23e-01	2.56e-01	2.63e-01	1.33e-01	7.43e-02	1.03e-01	1.53e-02	7.62e-04
 4.17567e+22	7.49e-30	8.59e-18	7.91e-15	1.73e-12	8.25e-11	2.17e-09	5.67e-08	4.42e-05	2.26e-03	3.24e-02	1.29e-01	2.62e-01	2.63e-01	1.30e-01	7.11e-02	9.65e-02	1.40e-02	6.77e-04
 4.18807e+22	1.11e-29	1.21e-17	1.08e-14	2.26e-12	1.03e-10	2.59e-09	6.50e-08	4.94e-05	2.49e-03	3.52e-02	1.37e-01	2.69e-01	2.63e-01	1.26e-01	6.70e-02	8.84e-02	1.24e-02	5.78e-04
 4.20073e+22	1.50e-29	1.58e-17	1.36e-14	2.77e-12	1.22e-10	2.98e-09	7.25e-08	5.38e-05	2.68e-03	3.74e-02	1.43e-01	2.74e-01	2.62e-01	1.23e-01	6.39e-02	8.25e-02	1.12e-02	5.10e-04
 4.21192e+22	2.02e-29	2.04e-17	1.72e-14	3.38e-12	1.45e-10	3.42e-09	8.06e-08	5.84e-05	2.88e-03	3.97e-02	1.49e-01	2.79e-01	2.61e-01	1.19e-01	6.10e-02	7.70e-02	1.02e-02	4.51e-04
 4.22466e+22	2.98e-29	2.86e-17	2.33e-14	4.39e-12	1.80e-10	4.07e-09	9.24e-08	6.49e-05	3.16e-03	4.29e-02	1.57e-01	2.86e-01	2.59e-01	1.15e-01	5.72e-02	7.03e-02	8.97e-03	3.83e-04
 4.23733e+22	3.93e-29	3.62e-17	2.88e-14	5.27e-12	2.11e-10	4.63e-09	1.02e-07	7.02e-05	3.37e-03	4.53e-02	1.63e-01	2.90e-01	2.58e-01	1.12e-01	5.46e-02	6.58e-02	8.19e-03	3.41e-04
 4.24989e+22	5.70e-29	5.00e-17	3.84e-14	6.75e-12	2.60e-10	5.48e-09	1.17e-07	7.76e-05	3.67e-03	4.86e-02	1.71e-01	2.95e-01	2.55e-01	1.08e-01	5.12e-02	6.01e-02	7.22e-03	2.90e-04
 4.26269e+22	7.55e-29	6.34e-17	4.76e-14	8.14e-12	3.05e-10	6.24e-09	1.29e-07	8.39e-05	3.92e-03	5.12e-02	1.77e-01	2.98e-01	2.53e-01	1.04e-01	4.87e-02	5.60e-02	6.56e-03	2.57e-04
 4.27581e+22	1.10e-28	8.74e-17	6.35e-14	1.04e-11	3.77e-10	7.41e-09	1.48e-07	9.29e-05	4.27e-03	5.49e-02	1.85e-01	3.03e-01	2.50e-01	1.00e-01	4.55e-02	5.10e-02	5.76e-03	2.18e-04
 4.28918e+22	1.46e-28	1.11e-16	7.90e-14	1.26e-11	4.43e-10	8.46e-09	1.64e-07	1.01e-04	4.56e-03	5.78e-02	1.92e-01	3.06e-01	2.47e-01	9.68e-02	4.32e-02	4.73e-02	5.21e-03	1.92e-04
 4.30288e+22	6.76e-30	1.54e-16	1.06e-13	1.62e-11	5.48e-10	1.01e-08	1.88e-07	1.11e-04	4.96e-03	6.18e-02	2.00e-01	3.10e-01	2.43e-01	9.24e-02	4.02e-02	4.29e-02	4.55e-03	1.62e-04
 4.31683e+22	8.64e-30	1.96e-16	1.32e-13	1.97e-11	6.46e-10	1.15e-08	2.10e-07	1.21e-04	5.29e-03	6.51e-02	2.07e-01	3.12e-01	2.40e-01	8.91e-02	3.80e-02	3.97e-02	4.10e-03	1.42e-04
 4.33110e+22	1.24e-29	2.71e-16	1.76e-13	2.53e-11	8.02e-10	1.37e-08	2.41e-07	1.34e-04	5.76e-03	6.95e-02	2.16e-01	3.15e-01	2.35e-01	8.47e-02	3.52e-02	3.58e-02	3.56e-03	1.19e-04
 4.34505e+22	1.58e-29	3.37e-16	2.14e-13	3.00e-11	9.29e-10	1.55e-08	2.66e-07	1.44e-04	6.10e-03	7.27e-02	2.22e-01	3.16e-01	2.31e-01	8.18e-02	3.34e-02	3.33e-02	3.24e-03	1.06e-04
 4.35858e+22	2.23e-29	4.57e-16	2.82e-13	3.81e-11	1.14e-09	1.83e-08	3.03e-07	1.59e-04	6.60e-03	7.72e-02	2.30e-01	3.18e-01	2.26e-01	7.77e-02	3.10e-02	3.01e-02	2.83e-03	8.90e-05
 4.37232e+22	2.85e-29	5.67e-16	3.43e-13	4.52e-11	1.32e-09	2.07e-08	3.35e-07	1.71e-04	6.99e-03	8.06e-02	2.36e-01	3.19e-01	2.22e-01	7.48e-02	2.94e-02	2.80e-02	2.56e-03	7.87e-05
 4.38632e+22	3.97e-29	7.61e-16	4.47e-13	5.70e-11	1.61e-09	2.44e-08	3.81e-07	1.88e-04	7.55e-03	8.54e-02	2.44e-01	3.20e-01	2.17e-01	7.10e-02	2.72e-02	2.53e-02	2.24e-03	6.65e-05
 4.40076e+22	5.20e-29	9.66e-16	5.55e-13	6.88e-11	1.89e-09	2.79e-08	4.24e-07	2.04e-04	8.03e-03	8.94e-02	2.51e-01	3.20e-01	2.13e-01	6.80e-02	2.56e-02	2.33e-02	2.00e-03	5.79e-05
 4.41575e+22	7.27e-29	1.30e-15	7.25e-13	8.70e-11	2.32e-09	3.30e-08	4.85e-07	2.25e-04	8.68e-03	9.46e-02	2.59e-01	3.20e-01	2.07e-01	6.42e-02	2.36e-02	2.10e-02	1.74e-03	4.87e-05
 4.43123e+22	9.68e-29	1.67e-15	9.10e-13	1.06e-10	2.75e-09	3.81e-08	5.44e-07	2.45e-04	9.26e-03	9.92e-02	2.66e-01	3.20e-01	2.02e-01	6.12e-02	2.21e-02	1.92e-02	1.55e-03	4.19e-05
 4.44734e+22	1.37e-28	2.27e-15	1.20e-12	1.35e-10	3.39e-09	4.53e-08	6.26e-07	2.72e-04	1.00e-02	1.05e-01	2.74e-01	3.19e-01	1.95e-01	5.75e-02	2.03e-02	1.71e-02	1.33e-03	3.48e-05
 4.46387e+22	1.85e-28	2.93e-15	1.52e-12	1.66e-10	4.05e-09	5.25e-08	7.04e-07	2.97e-04	1.07e-02	1.10e-01	2.81e-01	3.18e-01	1.90e-01	5.45e-02	1.88e-02	1.56e-02	1.17e-03	2.98e-05
 4.48097e+22	2.66e-28	4.01e-15	2.02e-12	2.14e-10	5.03e-09	6.30e-08	8.15e-07	3.31e-04	1.16e-02	1.17e-01	2.89e-01	3.16e-01	1.83e-01	5.10e-02	1.72e-02	1.38e-02	1.00e-03	2.45e-05
 4.49861e+22	3.62e-28	5.24e-15	2.57e-12	2.64e-10	6.05e-09	7.34e-08	9.23e-07	3.63e-04	1.25e-02	1.22e-01	2.96e-01	3.14e-01	1.77e-01	4.81e-02	1.59e-02	1.25e-02	8.77e-04	2.08e-05
 4.51696e+22	5.30e-28	7.27e-15	3.47e-12	3.44e-10	7.59e-09	8.88e-08	1.08e-06	4.06e-04	1.36e-02	1.30e-01	3.05e-01	3.11e-01	1.70e-01	4.46e-02	1.44e-02	1.10e-02	7.41e-04	1.69e-05
 4.53589e+22	7.34e-28	9.60e-15	4.47e-12	4.30e-10	9.20e-09	1.04e-07	1.22e-06	4.47e-04	1.46e-02	1.36e-01	3.11e-01	3.08e-01	1.64e-01	4.18e-02	1.32e-02	9.81e-03	6.42e-04	1.41e-05
 4.55298e+22	1.00e-27	1.26e-14	5.71e-12	5.33e-10	1.11e-08	1.22e-07	1.39e-06	4.91e-04	1.56e-02	1.42e-01	3.18e-01	3.05e-01	1.58e-01	3.92e-02	1.21e-02	8.80e-03	5.57e-04	1.19e-05
 4.57260e+22	1.49e-27	1.76e-14	7.77e-12	6.99e-10	1.40e-08	1.48e-07	1.63e-06	5.52e-04	1.70e-02	1.51e-01	3.26e-01	3.01e-01	1.50e-01	3.61e-02	1.09e-02	7.66e-03	4.65e-04	9.51e-06
 4.59261e+22	2.08e-27	2.33e-14	1.00e-11	8.76e-10	1.71e-08	1.75e-07	1.86e-06	6.08e-04	1.82e-02	1.58e-01	3.32e-01	2.96e-01	1.44e-01	3.36e-02	9.93e-03	6.81e-03	4.00e-04	7.90e-06
 4.61311e+22	3.14e-27	3.31e-14	1.38e-11	1.16e-09	2.17e-08	2.14e-07	2.19e-06	6.86e-04	1.99e-02	1.67e-01	3.39e-01	2.91e-01	1.36e-01	3.07e-02	8.84e-03	5.88e-03	3.30e-04	6.25e-06
 4.63389e+22	4.40e-27	4.39e-14	1.79e-11	1.46e-09	2.65e-08	2.52e-07	2.50e-06	7.57e-04	2.14e-02	1.75e-01	3.45e-01	2.86e-01	1.30e-01	2.85e-02	8.03e-03	5.20e-03	2.82e-04	5.15e-06
 4.65503e+22	6.73e-27	6.29e-14	2.48e-11	1.94e-09	3.40e-08	3.11e-07	2.96e-06	8.56e-04	2.33e-02	1.85e-01	3.52e-01	2.79e-01	1.22e-01	2.59e-02	7.10e-03	4.44e-03	2.30e-04	4.02e-06
 4.67638e+22	9.45e-27	8.37e-14	3.21e-11	2.44e-09	4.14e-08	3.67e-07	3.39e-06	9.44e-04	2.50e-02	1.93e-01	3.57e-01	2.73e-01	1.16e-01	2.39e-02	6.42e-03	3.91e-03	1.95e-04	3.29e-06
 4.69801e+22	1.46e-26	1.21e-13	4.50e-11	3.28e-09	5.35e-08	4.54e-07	4.03e-06	1.07e-03	2.73e-02	2.03e-01	3.63e-01	2.66e-01	1.09e-01	2.15e-02	5.63e-03	3.31e-03	1.58e-04	2.53e-06
 4.71975e+22	2.05e-26	1.61e-13	5.81e-11	4.10e-09	6.51e-08	5.35e-07	4.60e-06	1.18e-03	2.92e-02	2.12e-01	3.67e-01	2.59e-01	1.03e-01	1.98e-02	5.08e-03	2.91e-03	1.33e-04	2.07e-06
 4.73782e+22	2.77e-26	2.07e-13	7.33e-11	5.03e-09	7.77e-08	6.21e-07	5.18e-06	1.28e-03	3.10e-02	2.20e-01	3.71e-01	2.53e-01	9.81e-02	1.84e-02	4.62e-03	2.58e-03	1.15e-04	1.72e-06
 4.75748e+22	4.11e-26	2.90e-13	9.94e-11	6.57e-09	9.79e-08	7.54e-07	6.07e-06	1.44e-03	3.35e-02	2.30e-01	3.75e-01	2.45e-01	9.17e-02	1.66e-02	4.07e-03	2.20e-03	9.34e-05	1.34e-06
 4.77707e+22	5.52e-26	3.72e-13	1.25e-10	8.01e-09	1.16e-07	8.72e-07	6.82e-06	1.56e-03	3.55e-02	2.38e-01	3.78e-01	2.39e-01	8.71e-02	1.53e-02	3.70e-03	1.95e-03	8.02e-05	1.11e-06
 4.79657e+22	8.15e-26	5.18e-13	1.68e-10	1.04e-08	1.46e-07	1.06e-06	7.98e-06	1.75e-03	3.83e-02	2.48e-01	3.81e-01	2.31e-01	8.11e-02	1.38e-02	3.26e-03	1.66e-03	6.51e-05	8.64e-07
 4.81631e+22	1.10e-25	6.69e-13	2.12e-10	1.28e-08	1.75e-07	1.23e-06	9.01e-06	1.90e-03	4.06e-02	2.57e-01	3.83e-01	2.24e-01	7.67e-02	1.27e-02	2.94e-03	1.46e-03	5.54e-05	7.10e-07
 4.83636e+22	1.64e-25	9.39e-13	2.88e-10	1.67e-08	2.21e-07	1.50e-06	1.06e-05	2.13e-03	4.38e-02	2.68e-01	3.85e-01	2.15e-01	7.09e-02	1.13e-02	2.57e-03	1.23e-03	4.44e-05	5.43e-07
 4.85665e+22	2.23e-25	1.22e-12	3.65e-10	2.06e-08	2.65e-07	1.74e-06	1.20e-05	2.33e-03	4.65e-02	2.77e-01	3.86e-01	2.08e-01	6.67e-02	1.03e-02	2.30e-03	1.07e-03	3.74e-05	4.41e-07
 4.87725e+22	3.31e-25	1.71e-12	4.98e-10	2.70e-08	3.37e-07	2.13e-06	1.42e-05	2.62e-03	5.02e-02	2.88e-01	3.87e-01	1.99e-01	6.13e-02	9.16e-03	2.00e-03	8.95e-04	2.97e-05	3.34e-07
 4.89826e+22	4.56e-25	2.25e-12	6.37e-10	3.36e-08	4.08e-07	2.51e-06	1.62e-05	2.87e-03	5.34e-02	2.98e-01	3.87e-01	1.91e-01	5.72e-02	8.29e-03	1.77e-03	7.71e-04	2.46e-05	2.66e-07
 4.91979e+22	6.85e-25	3.20e-12	8.77e-10	4.45e-08	5.24e-07	3.10e-06	1.93e-05	3.25e-03	5.79e-02	3.10e-01	3.86e-01	1.81e-01	5.20e-02	7.25e-03	1.52e-03	6.33e-04	1.91e-05	1.96e-07
 4.94173e+22	9.52e-25	4.22e-12	1.13e-09	5.56e-08	6.39e-07	3.68e-06	2.22e-05	3.58e-03	6.16e-02	3.20e-01	3.85e-01	1.73e-01	4.81e-02	6.50e-03	1.34e-03	5.39e-04	1.56e-05	1.54e-07
 4.96417e+22	1.44e-24	6.04e-12	1.57e-09	7.43e-08	8.28e-07	4.59e-06	2.67e-05	4.07e-03	6.69e-02	3.33e-01	3.83e-01	1.62e-01	4.33e-02	5.61e-03	1.13e-03	4.35e-04	1.19e-05	0.00e+00
 4.98686e+22	2.00e-24	7.97e-12	2.02e-09	9.30e-08	1.01e-06	5.46e-06	3.09e-05	4.50e-03	7.13e-02	3.44e-01	3.80e-01	1.54e-01	3.98e-02	4.99e-03	9.85e-04	3.67e-04	9.63e-06	0.00e+00
 5.00604e+22	2.68e-24	1.02e-11	2.54e-09	1.14e-07	1.22e-06	6.40e-06	3.53e-05	4.93e-03	7.56e-02	3.53e-01	3.77e-01	1.47e-01	3.67e-02	4.46e-03	8.67e-04	3.12e-04	7.87e-06	0.00e+00
 5.02694e+22	3.86e-24	1.40e-11	3.38e-09	1.48e-07	1.54e-06	7.86e-06	4.20e-05	5.56e-03	8.15e-02	3.65e-01	3.73e-01	1.37e-01	3.30e-02	3.86e-03	7.35e-04	2.54e-04	6.06e-06	0.00e+00
 5.04790e+22	5.18e-24	1.79e-11	4.23e-09	1.81e-07	1.86e-06	9.22e-06	4.81e-05	6.10e-03	8.63e-02	3.75e-01	3.69e-01	1.30e-01	3.03e-02	3.43e-03	6.44e-04	2.15e-04	4.92e-06	0.00e+00
 5.06839e+22	7.26e-24	2.38e-11	5.51e-09	2.31e-07	2.32e-06	1.12e-05	5.69e-05	6.84e-03	9.26e-02	3.86e-01	3.63e-01	1.21e-01	2.72e-02	2.96e-03	5.47e-04	1.75e-04	3.80e-06	0.00e+00
 5.08929e+22	9.75e-24	3.03e-11	6.89e-09	2.83e-07	2.80e-06	1.32e-05	6.56e-05	7.54e-03	9.83e-02	3.95e-01	3.57e-01	1.14e-01	2.47e-02	2.61e-03	4.74e-04	1.46e-04	3.04e-06	0.00e+00
 5.10978e+22	1.33e-23	3.94e-11	8.80e-09	3.55e-07	3.46e-06	1.60e-05	7.72e-05	8.43e-03	1.05e-01	4.06e-01	3.50e-01	1.06e-01	2.21e-02	2.25e-03	4.02e-04	1.19e-04	2.35e-06	0.00e+00
 5.13071e+22	1.77e-23	4.98e-11	1.10e-08	4.36e-07	4.20e-06	1.89e-05	8.97e-05	9.33e-03	1.12e-01	4.15e-01	3.43e-01	9.85e-02	1.99e-02	1.96e-03	3.45e-04	9.80e-05	1.85e-06	0.00e+00
 5.15131e+22	2.39e-23	6.30e-11	1.38e-08	5.39e-07	5.13e-06	2.26e-05	1.05e-04	1.04e-02	1.19e-01	4.24e-01	3.35e-01	9.13e-02	1.78e-02	1.69e-03	2.93e-04	8.00e-05	1.44e-06	0.00e+00
 5.17208e+22	3.17e-23	7.87e-11	1.70e-08	6.60e-07	6.22e-06	2.69e-05	1.22e-04	1.15e-02	1.26e-01	4.33e-01	3.27e-01	8.46e-02	1.59e-02	1.46e-03	2.50e-04	6.54e-05	1.12e-06	0.00e+00
 5.19259e+22	4.23e-23	9.73e-11	2.09e-08	8.04e-07	7.52e-06	3.19e-05	1.42e-04	1.27e-02	1.34e-01	4.41e-01	3.18e-01	7.82e-02	1.42e-02	1.26e-03	2.12e-04	5.34e-05	8.71e-07	0.00e+00
 5.21307e+22	5.65e-23	1.19e-10	2.55e-08	9.74e-07	9.05e-06	3.77e-05	1.66e-04	1.41e-02	1.42e-01	4.49e-01	3.09e-01	7.22e-02	1.27e-02	1.09e-03	1.80e-04	4.36e-05	6.78e-07	0.00e+00
 5.23356e+22	7.60e-23	1.45e-10	3.10e-08	1.18e-06	1.09e-05	4.46e-05	1.93e-04	1.56e-02	1.51e-01	4.56e-01	2.99e-01	6.65e-02	1.13e-02	9.36e-04	1.53e-04	3.55e-05	5.26e-07	0.00e+00
 5.25412e+22	1.03e-22	1.74e-10	3.74e-08	1.42e-06	1.30e-05	5.26e-05	2.24e-04	1.73e-02	1.59e-01	4.62e-01	2.89e-01	6.11e-02	1.00e-02	8.05e-04	1.30e-04	2.89e-05	4.08e-07	0.00e+00
 5.27478e+22	1.41e-22	2.09e-10	4.49e-08	1.70e-06	1.56e-05	6.19e-05	2.60e-04	1.91e-02	1.68e-01	4.67e-01	2.79e-01	5.60e-02	8.91e-03	6.90e-04	1.09e-04	2.35e-05	3.16e-07	0.00e+00
 5.29561e+22	1.94e-22	2.48e-10	5.37e-08	2.03e-06	1.86e-05	7.28e-05	3.02e-04	2.10e-02	1.78e-01	4.72e-01	2.69e-01	5.13e-02	7.89e-03	5.91e-04	9.23e-05	1.90e-05	2.44e-07	0.00e+00
 5.31665e+22	2.71e-22	2.93e-10	6.41e-08	2.42e-06	2.21e-05	8.55e-05	3.51e-04	2.32e-02	1.87e-01	4.76e-01	2.58e-01	4.68e-02	6.96e-03	5.04e-04	7.77e-05	1.54e-05	1.87e-07	0.00e+00
 5.33781e+22	3.81e-22	3.44e-10	7.61e-08	2.88e-06	2.63e-05	1.00e-04	4.06e-04	2.56e-02	1.97e-01	4.79e-01	2.48e-01	4.27e-02	6.15e-03	4.31e-04	6.54e-05	1.24e-05	1.44e-07	0.00e+00
 5.35929e+22	5.40e-22	4.03e-10	9.05e-08	3.43e-06	3.13e-05	1.18e-04	4.73e-04	2.83e-02	2.08e-01	4.82e-01	2.37e-01	3.88e-02	5.40e-03	3.66e-04	5.47e-05	9.97e-06	0.00e+00	0.00e+00
 5.38100e+22	7.63e-22	4.68e-10	1.07e-07	4.06e-06	3.71e-05	1.37e-04	5.47e-04	3.11e-02	2.18e-01	4.83e-01	2.26e-01	3.52e-02	4.76e-03	3.12e-04	4.59e-05	8.04e-06	0.00e+00	0.00e+00
 5.40314e+22	1.08e-21	5.45e-10	1.27e-07	4.83e-06	4.41e-05	1.61e-04	6.37e-04	3.43e-02	2.29e-01	4.84e-01	2.15e-01	3.18e-02	4.16e-03	2.63e-04	3.81e-05	6.41e-06	0.00e+00	0.00e+00
 5.42565e+22	1.52e-21	6.29e-10	1.50e-07	5.71e-06	5.22e-05	1.89e-04	7.38e-04	3.78e-02	2.40e-01	4.84e-01	2.05e-01	2.88e-02	3.64e-03	2.23e-04	3.18e-05	5.13e-06	0.00e+00	0.00e+00
 5.44628e+22	1.05e-20	7.09e-10	1.72e-07	6.57e-06	6.00e-05	2.15e-04	8.34e-04	4.09e-02	2.50e-01	4.83e-01	1.96e-01	2.64e-02	3.25e-03	1.94e-04	2.73e-05	4.26e-06	0.00e+00	0.00e+00
 5.46783e+22	4.92e-20	8.19e-10	2.04e-07	7.83e-06	7.15e-05	2.52e-04	9.75e-04	4.52e-02	2.62e-01	4.80e-01	1.85e-01	2.36e-02	2.81e-03	1.62e-04	2.24e-05	3.35e-06	0.00e+00	0.00e+00
 5.48972e+22	5.98e-20	9.23e-10	2.34e-07	9.01e-06	8.22e-05	2.87e-04	1.10e-03	4.88e-02	2.72e-01	4.78e-01	1.76e-01	2.15e-02	2.51e-03	1.40e-04	1.92e-05	2.77e-06	0.00e+00	0.00e+00
 5.51224e+22	7.65e-20	1.07e-09	2.80e-07	1.08e-05	9.82e-05	3.38e-04	1.29e-03	5.39e-02	2.84e-01	4.74e-01	1.65e-01	1.91e-02	2.16e-03	1.16e-04	1.56e-05	2.16e-06	0.00e+00	0.00e+00
 5.53482e+22	9.27e-20	1.20e-09	3.21e-07	1.24e-05	1.13e-04	3.83e-04	1.45e-03	5.82e-02	2.94e-01	4.70e-01	1.57e-01	1.75e-02	1.92e-03	1.01e-04	1.33e-05	1.78e-06	0.00e+00	0.00e+00
 5.55747e+22	1.18e-19	1.38e-09	3.82e-07	1.47e-05	1.34e-04	4.49e-04	1.69e-03	6.40e-02	3.06e-01	4.64e-01	1.46e-01	1.55e-02	1.65e-03	8.35e-05	1.09e-05	1.39e-06	0.00e+00	0.00e+00
 5.58019e+22	1.44e-19	1.55e-09	4.39e-07	1.68e-05	1.53e-04	5.06e-04	1.90e-03	6.88e-02	3.16e-01	4.59e-01	1.39e-01	1.41e-02	1.47e-03	7.24e-05	9.29e-06	1.15e-06	0.00e+00	0.00e+00
 5.60302e+22	1.84e-19	1.79e-09	5.23e-07	2.00e-05	1.81e-04	5.91e-04	2.20e-03	7.54e-02	3.28e-01	4.51e-01	1.29e-01	1.24e-02	1.26e-03	6.00e-05	7.56e-06	8.96e-07	0.00e+00	0.00e+00
 5.62609e+22	2.26e-19	2.01e-09	6.01e-07	2.29e-05	2.06e-04	6.65e-04	2.46e-03	8.08e-02	3.37e-01	4.44e-01	1.22e-01	1.13e-02	1.12e-03	5.19e-05	6.45e-06	7.39e-07	0.00e+00	0.00e+00
 5.64947e+22	2.93e-19	2.33e-09	7.19e-07	2.73e-05	2.44e-04	7.75e-04	2.85e-03	8.84e-02	3.49e-01	4.35e-01	1.13e-01	9.95e-03	9.56e-04	4.28e-05	5.23e-06	5.74e-07	0.00e+00	0.00e+00
 5.67316e+22	3.63e-19	2.63e-09	8.31e-07	3.14e-05	2.79e-04	8.72e-04	3.19e-03	9.46e-02	3.58e-01	4.27e-01	1.06e-01	9.00e-03	8.46e-04	3.69e-05	4.44e-06	4.72e-07	0.00e+00	0.00e+00
 5.69725e+22	4.77e-19	3.06e-09	9.99e-07	3.74e-05	3.30e-04	1.02e-03	3.68e-03	1.03e-01	3.69e-01	4.17e-01	9.78e-02	7.88e-03	7.20e-04	3.03e-05	3.58e-06	3.64e-07	0.00e+00	0.00e+00
