#depth	Si	Si+	Si+2	Si+3	Si+4	Si+5	Si+6	Si+7	Si+8	Si+9	Si+10	Si+11	Si+12	Si+13	Si+14
 4.62852e+21	0.00e+00	0.00e+00	0.00e+00	0.00e+00	0.00e+00	0.00e+00	0.00e+00	0.00e+00	4.33e-24	1.16e-19	1.63e-15	1.98e-11	5.19e-07	1.32e-03	9.99e-01
 1.05199e+22	0.00e+00	0.00e+00	0.00e+00	0.00e+00	0.00e+00	0.00e+00	0.00e+00	8.35e-28	3.64e-23	6.76e-19	6.94e-15	5.87e-11	1.07e-06	1.90e-03	9.98e-01
 1.26148e+22	0.00e+00	0.00e+00	0.00e+00	0.00e+00	0.00e+00	0.00e+00	0.00e+00	4.39e-27	1.51e-22	2.21e-18	1.79e-14	1.20e-10	1.72e-06	2.40e-03	9.98e-01
 1.41126e+22	0.00e+00	0.00e+00	0.00e+00	0.00e+00	0.00e+00	0.00e+00	2.30e-31	1.63e-26	4.62e-22	5.71e-18	3.82e-14	2.11e-10	2.51e-06	2.90e-03	9.97e-01
 1.50751e+22	0.00e+00	0.00e+00	0.00e+00	0.00e+00	0.00e+00	0.00e+00	4.37e-31	2.85e-26	7.48e-22	8.53e-18	5.27e-14	2.69e-10	2.95e-06	3.15e-03	9.97e-01
 1.57576e+22	0.00e+00	0.00e+00	0.00e+00	0.00e+00	0.00e+00	0.00e+00	1.08e-30	6.32e-26	1.48e-21	1.50e-17	8.30e-14	3.78e-10	3.70e-06	3.52e-03	9.96e-01
 1.64541e+22	0.00e+00	0.00e+00	0.00e+00	0.00e+00	0.00e+00	0.00e+00	2.12e-30	1.13e-25	2.44e-21	2.28e-17	1.16e-13	4.85e-10	4.37e-06	3.83e-03	9.96e-01
 1.71688e+22	0.00e+00	0.00e+00	0.00e+00	0.00e+00	0.00e+00	0.00e+00	5.48e-30	2.61e-25	4.97e-21	4.13e-17	1.86e-13	6.92e-10	5.54e-06	4.31e-03	9.96e-01
 1.78813e+22	0.00e+00	0.00e+00	0.00e+00	0.00e+00	0.00e+00	0.00e+00	1.07e-29	4.66e-25	8.18e-21	6.26e-17	2.60e-13	8.88e-10	6.54e-06	4.68e-03	9.95e-01
 1.85908e+22	0.00e+00	0.00e+00	0.00e+00	0.00e+00	0.00e+00	0.00e+00	2.73e-29	1.06e-24	1.66e-20	1.12e-16	4.15e-13	1.26e-09	8.27e-06	5.27e-03	9.95e-01
 1.93016e+22	0.00e+00	0.00e+00	0.00e+00	0.00e+00	0.00e+00	0.00e+00	5.32e-29	1.90e-24	2.73e-20	1.71e-16	5.79e-13	1.62e-09	9.77e-06	5.72e-03	9.94e-01
 1.98559e+22	0.00e+00	0.00e+00	0.00e+00	0.00e+00	0.00e+00	0.00e+00	9.35e-29	3.11e-24	4.16e-20	2.42e-16	7.67e-13	2.00e-09	1.12e-05	6.13e-03	9.94e-01
 2.03355e+22	0.00e+00	0.00e+00	0.00e+00	0.00e+00	0.00e+00	0.00e+00	1.60e-28	4.99e-24	6.23e-20	3.39e-16	1.00e-12	2.45e-09	1.29e-05	6.56e-03	9.93e-01
 2.08763e+22	0.00e+00	0.00e+00	0.00e+00	0.00e+00	0.00e+00	0.00e+00	3.24e-28	9.24e-24	1.06e-19	5.26e-16	1.43e-12	3.19e-09	1.53e-05	7.16e-03	9.93e-01
 2.14097e+22	0.00e+00	0.00e+00	0.00e+00	0.00e+00	0.00e+00	0.00e+00	5.28e-28	1.42e-23	1.52e-19	7.13e-16	1.82e-12	3.82e-09	1.73e-05	7.61e-03	9.92e-01
 2.19335e+22	0.00e+00	0.00e+00	0.00e+00	0.00e+00	0.00e+00	1.31e-32	1.01e-27	2.49e-23	2.48e-19	1.07e-15	2.52e-12	4.88e-09	2.03e-05	8.25e-03	9.92e-01
 2.24690e+22	0.00e+00	0.00e+00	0.00e+00	0.00e+00	0.00e+00	2.45e-32	1.76e-27	4.06e-23	3.77e-19	1.52e-15	3.33e-12	6.01e-09	2.34e-05	8.84e-03	9.91e-01
 2.29402e+22	0.00e+00	0.00e+00	0.00e+00	0.00e+00	0.00e+00	4.41e-32	2.97e-27	6.39e-23	5.56e-19	2.10e-15	4.31e-12	7.30e-09	2.66e-05	9.43e-03	9.91e-01
 2.34733e+22	0.00e+00	0.00e+00	0.00e+00	0.00e+00	0.00e+00	9.26e-32	5.73e-27	1.14e-22	9.11e-19	3.16e-15	5.99e-12	9.34e-09	3.14e-05	1.02e-02	9.90e-01
 2.40165e+22	0.00e+00	0.00e+00	0.00e+00	0.00e+00	0.00e+00	1.73e-31	9.99e-27	1.85e-22	1.38e-18	4.47e-15	7.90e-12	1.15e-08	3.60e-05	1.10e-02	9.89e-01
 2.44953e+22	0.00e+00	0.00e+00	0.00e+00	0.00e+00	0.00e+00	3.17e-31	1.71e-26	2.95e-22	2.06e-18	6.24e-15	1.03e-11	1.40e-08	4.11e-05	1.17e-02	9.88e-01
 2.50404e+22	0.00e+00	0.00e+00	0.00e+00	0.00e+00	0.00e+00	7.02e-31	3.46e-26	5.48e-22	3.50e-18	9.68e-15	1.47e-11	1.83e-08	4.90e-05	1.28e-02	9.87e-01
 2.55782e+22	0.00e+00	0.00e+00	0.00e+00	0.00e+00	0.00e+00	1.21e-30	5.63e-26	8.38e-22	5.03e-18	1.31e-14	1.87e-11	2.19e-08	5.53e-05	1.36e-02	9.86e-01
 2.61066e+22	0.00e+00	0.00e+00	0.00e+00	0.00e+00	0.00e+00	2.66e-30	1.13e-25	1.54e-21	8.47e-18	2.02e-14	2.64e-11	2.84e-08	6.58e-05	1.48e-02	9.85e-01
 2.66355e+22	0.00e+00	0.00e+00	0.00e+00	0.00e+00	0.00e+00	4.57e-30	1.83e-25	2.35e-21	1.21e-17	2.73e-14	3.36e-11	3.40e-08	7.41e-05	1.57e-02	9.84e-01
 2.70770e+22	0.00e+00	0.00e+00	0.00e+00	0.00e+00	0.00e+00	7.77e-30	2.93e-25	3.54e-21	1.73e-17	3.65e-14	4.25e-11	4.05e-08	8.33e-05	1.66e-02	9.83e-01
 2.74883e+22	0.00e+00	0.00e+00	0.00e+00	0.00e+00	0.00e+00	1.29e-29	4.61e-25	5.27e-21	2.42e-17	4.85e-14	5.32e-11	4.80e-08	9.32e-05	1.76e-02	9.82e-01
 2.78818e+22	0.00e+00	0.00e+00	0.00e+00	0.00e+00	0.00e+00	2.11e-29	7.12e-25	7.69e-21	3.35e-17	6.34e-14	6.60e-11	5.64e-08	1.04e-04	1.85e-02	9.81e-01
 2.83266e+22	0.00e+00	0.00e+00	0.00e+00	0.00e+00	0.00e+00	3.92e-29	1.23e-24	1.24e-20	5.05e-17	8.93e-14	8.68e-11	6.92e-08	1.19e-04	1.98e-02	9.80e-01
 2.87786e+22	0.00e+00	0.00e+00	0.00e+00	0.00e+00	0.00e+00	6.51e-29	1.94e-24	1.84e-20	7.07e-17	1.18e-13	1.08e-10	8.18e-08	1.33e-04	2.10e-02	9.79e-01
 2.92402e+22	0.00e+00	0.00e+00	0.00e+00	0.00e+00	0.00e+00	1.23e-28	3.42e-24	3.03e-20	1.08e-16	1.68e-13	1.44e-10	1.01e-07	1.53e-04	2.25e-02	9.77e-01
 2.96997e+22	0.00e+00	0.00e+00	0.00e+00	0.00e+00	0.00e+00	2.05e-28	5.36e-24	4.49e-20	1.51e-16	2.22e-13	1.80e-10	1.19e-07	1.71e-04	2.37e-02	9.76e-01
 3.00962e+22	0.00e+00	0.00e+00	0.00e+00	0.00e+00	4.10e-33	3.34e-28	8.27e-24	6.57e-20	2.10e-16	2.91e-13	2.23e-10	1.40e-07	1.90e-04	2.50e-02	9.75e-01
 3.05512e+22	0.00e+00	0.00e+00	0.00e+00	0.00e+00	8.28e-33	6.29e-28	1.45e-23	1.07e-19	3.19e-16	4.13e-13	2.95e-10	1.73e-07	2.19e-04	2.68e-02	9.73e-01
 3.10066e+22	0.00e+00	0.00e+00	0.00e+00	0.00e+00	1.44e-32	1.04e-27	2.26e-23	1.58e-19	4.44e-16	5.43e-13	3.68e-10	2.04e-07	2.44e-04	2.83e-02	9.71e-01
 3.13700e+22	0.00e+00	0.00e+00	0.00e+00	0.00e+00	2.34e-32	1.60e-27	3.33e-23	2.22e-19	5.93e-16	6.91e-13	4.46e-10	2.36e-07	2.69e-04	2.97e-02	9.70e-01
 3.16970e+22	0.00e+00	0.00e+00	0.00e+00	0.00e+00	3.68e-32	2.40e-27	4.77e-23	3.03e-19	7.75e-16	8.63e-13	5.33e-10	2.69e-07	2.93e-04	3.10e-02	9.69e-01
 3.20690e+22	0.00e+00	0.00e+00	0.00e+00	0.00e+00	6.30e-32	3.90e-27	7.33e-23	4.42e-19	1.07e-15	1.13e-12	6.59e-10	3.16e-07	3.26e-04	3.26e-02	9.67e-01
 3.24594e+22	0.00e+00	0.00e+00	0.00e+00	0.00e+00	1.05e-31	6.17e-27	1.10e-22	6.30e-19	1.45e-15	1.45e-12	8.07e-10	3.67e-07	3.61e-04	3.43e-02	9.65e-01
 3.28050e+22	0.00e+00	0.00e+00	0.00e+00	0.00e+00	1.68e-31	9.42e-27	1.60e-22	8.75e-19	1.92e-15	1.83e-12	9.72e-10	4.22e-07	3.96e-04	3.59e-02	9.64e-01
 3.31856e+22	0.00e+00	0.00e+00	0.00e+00	0.00e+00	2.93e-31	1.56e-26	2.50e-22	1.29e-18	2.67e-15	2.41e-12	1.21e-09	4.98e-07	4.41e-04	3.79e-02	9.62e-01
 3.35846e+22	0.00e+00	0.00e+00	0.00e+00	0.00e+00	4.96e-31	2.50e-26	3.81e-22	1.86e-18	3.65e-15	3.13e-12	1.49e-09	5.81e-07	4.89e-04	3.98e-02	9.60e-01
 3.39304e+22	0.00e+00	0.00e+00	0.00e+00	0.00e+00	7.90e-31	3.79e-26	5.52e-22	2.57e-18	4.81e-15	3.93e-12	1.79e-09	6.67e-07	5.36e-04	4.16e-02	9.58e-01
 3.43029e+22	0.00e+00	0.00e+00	0.00e+00	0.00e+00	1.36e-30	6.19e-26	8.53e-22	3.76e-18	6.66e-15	5.15e-12	2.22e-09	7.83e-07	5.96e-04	4.39e-02	9.56e-01
 3.46654e+22	0.00e+00	0.00e+00	0.00e+00	0.00e+00	2.15e-30	9.31e-26	1.23e-21	5.17e-18	8.73e-15	6.45e-12	2.66e-09	8.96e-07	6.52e-04	4.58e-02	9.54e-01
 3.49522e+22	0.00e+00	0.00e+00	0.00e+00	0.00e+00	3.15e-30	1.32e-25	1.67e-21	6.75e-18	1.10e-14	7.80e-12	3.10e-09	1.00e-06	7.02e-04	4.75e-02	9.52e-01
 3.52626e+22	0.00e+00	0.00e+00	0.00e+00	0.00e+00	4.93e-30	1.97e-25	2.38e-21	9.22e-18	1.43e-14	9.73e-12	3.69e-09	1.15e-06	7.66e-04	4.96e-02	9.50e-01
 3.56004e+22	0.00e+00	0.00e+00	0.00e+00	0.00e+00	7.66e-30	2.92e-25	3.38e-21	1.25e-17	1.86e-14	1.21e-11	4.39e-09	1.30e-06	8.35e-04	5.17e-02	9.47e-01
 3.59109e+22	0.00e+00	0.00e+00	0.00e+00	0.00e+00	1.16e-29	4.24e-25	4.71e-21	1.67e-17	2.38e-14	1.48e-11	5.17e-09	1.47e-06	9.05e-04	5.38e-02	9.45e-01
 3.62041e+22	0.00e+00	0.00e+00	0.00e+00	0.00e+00	1.74e-29	6.10e-25	6.50e-21	2.22e-17	3.03e-14	1.81e-11	6.07e-09	1.66e-06	9.80e-04	5.59e-02	9.43e-01
 3.65382e+22	0.00e+00	0.00e+00	0.00e+00	0.00e+00	2.80e-29	9.38e-25	9.53e-21	3.09e-17	4.02e-14	2.29e-11	7.33e-09	1.91e-06	1.08e-03	5.85e-02	9.40e-01
 3.68889e+22	0.00e+00	0.00e+00	0.00e+00	0.00e+00	4.45e-29	1.42e-24	1.38e-20	4.27e-17	5.30e-14	2.88e-11	8.79e-09	2.19e-06	1.18e-03	6.11e-02	9.38e-01
 3.71953e+22	0.00e+00	0.00e+00	0.00e+00	0.00e+00	6.73e-29	2.06e-24	1.92e-20	5.69e-17	6.77e-14	3.53e-11	1.03e-08	2.47e-06	1.27e-03	6.35e-02	9.35e-01
 3.74630e+22	0.00e+00	0.00e+00	0.00e+00	0.00e+00	9.64e-29	2.85e-24	2.55e-20	7.32e-17	8.39e-14	4.22e-11	1.19e-08	2.75e-06	1.37e-03	6.56e-02	9.33e-01
 3.77086e+22	0.00e+00	0.00e+00	0.00e+00	0.00e+00	1.34e-28	3.82e-24	3.31e-20	9.18e-17	1.02e-13	4.96e-11	1.36e-08	3.02e-06	1.46e-03	6.77e-02	9.31e-01
 3.79904e+22	0.00e+00	0.00e+00	0.00e+00	1.18e-33	1.99e-28	5.46e-24	4.55e-20	1.21e-16	1.29e-13	6.03e-11	1.59e-08	3.40e-06	1.57e-03	7.02e-02	9.28e-01
 3.82954e+22	0.00e+00	0.00e+00	0.00e+00	1.85e-33	3.00e-28	7.91e-24	6.32e-20	1.61e-16	1.65e-13	7.39e-11	1.86e-08	3.83e-06	1.70e-03	7.30e-02	9.25e-01
 3.85697e+22	0.00e+00	0.00e+00	0.00e+00	2.74e-33	4.29e-28	1.09e-23	8.40e-20	2.07e-16	2.04e-13	8.81e-11	2.15e-08	4.26e-06	1.82e-03	7.54e-02	9.23e-01
 3.88657e+22	0.00e+00	0.00e+00	0.00e+00	4.41e-33	6.61e-28	1.61e-23	1.19e-19	2.79e-16	2.63e-13	1.09e-10	2.54e-08	4.83e-06	1.98e-03	7.85e-02	9.20e-01
 3.91695e+22	0.00e+00	0.00e+00	0.00e+00	6.80e-33	9.79e-28	2.29e-23	1.62e-19	3.67e-16	3.32e-13	1.32e-10	2.97e-08	5.42e-06	2.14e-03	8.14e-02	9.16e-01
 3.94305e+22	0.00e+00	0.00e+00	0.00e+00	1.00e-32	1.39e-27	3.14e-23	2.15e-19	4.69e-16	4.10e-13	1.57e-10	3.41e-08	6.01e-06	2.29e-03	8.41e-02	9.14e-01
 3.97168e+22	0.00e+00	0.00e+00	0.00e+00	1.58e-32	2.10e-27	4.55e-23	2.99e-19	6.25e-16	5.24e-13	1.93e-10	4.01e-08	6.78e-06	2.48e-03	8.73e-02	9.10e-01
 4.00220e+22	0.00e+00	0.00e+00	0.00e+00	2.45e-32	3.14e-27	6.51e-23	4.11e-19	8.26e-16	6.64e-13	2.35e-10	4.69e-08	7.62e-06	2.68e-03	9.06e-02	9.07e-01
 4.02971e+22	0.00e+00	0.00e+00	0.00e+00	3.68e-32	4.54e-27	9.08e-23	5.51e-19	1.07e-15	8.27e-13	2.81e-10	5.42e-08	8.48e-06	2.87e-03	9.37e-02	9.03e-01
 4.05442e+22	0.00e+00	0.00e+00	0.00e+00	5.30e-32	6.32e-27	1.22e-22	7.18e-19	1.35e-15	1.01e-12	3.32e-10	6.18e-08	9.35e-06	3.06e-03	9.65e-02	9.00e-01
 4.07736e+22	0.00e+00	0.00e+00	0.00e+00	7.43e-32	8.58e-27	1.61e-22	9.16e-19	1.66e-15	1.21e-12	3.85e-10	6.96e-08	1.02e-05	3.24e-03	9.92e-02	8.98e-01
 4.10361e+22	0.00e+00	0.00e+00	0.00e+00	1.12e-31	1.24e-26	2.25e-22	1.23e-18	2.15e-15	1.50e-12	4.62e-10	8.05e-08	1.14e-05	3.48e-03	1.03e-01	8.94e-01
 4.13181e+22	0.00e+00	0.00e+00	0.00e+00	1.68e-31	1.80e-26	3.13e-22	1.65e-18	2.78e-15	1.87e-12	5.54e-10	9.30e-08	1.27e-05	3.74e-03	1.06e-01	8.90e-01
 4.15741e+22	0.00e+00	0.00e+00	0.00e+00	2.46e-31	2.55e-26	4.28e-22	2.18e-18	3.54e-15	2.30e-12	6.58e-10	1.07e-07	1.40e-05	3.99e-03	1.09e-01	8.87e-01
 4.18178e+22	0.00e+00	0.00e+00	0.00e+00	3.55e-31	3.56e-26	5.78e-22	2.85e-18	4.47e-15	2.81e-12	7.75e-10	1.21e-07	1.55e-05	4.25e-03	1.13e-01	8.83e-01
 4.20576e+22	0.00e+00	0.00e+00	0.00e+00	5.07e-31	4.92e-26	7.73e-22	3.69e-18	5.60e-15	3.40e-12	9.09e-10	1.38e-07	1.70e-05	4.52e-03	1.16e-01	8.79e-01
 4.23300e+22	0.00e+00	0.00e+00	0.00e+00	7.77e-31	7.24e-26	1.09e-21	5.02e-18	7.33e-15	4.28e-12	1.10e-09	1.60e-07	1.90e-05	4.87e-03	1.20e-01	8.75e-01
 4.26148e+22	0.00e+00	0.00e+00	0.00e+00	1.17e-30	1.05e-25	1.53e-21	6.76e-18	9.51e-15	5.34e-12	1.32e-09	1.86e-07	2.12e-05	5.23e-03	1.24e-01	8.71e-01
 4.28621e+22	0.00e+00	0.00e+00	0.00e+00	1.69e-30	1.47e-25	2.07e-21	8.82e-18	1.20e-14	6.51e-12	1.56e-09	2.12e-07	2.33e-05	5.56e-03	1.28e-01	8.67e-01
 4.31299e+22	0.00e+00	0.00e+00	0.00e+00	2.59e-30	2.17e-25	2.93e-21	1.20e-17	1.57e-14	8.20e-12	1.88e-09	2.46e-07	2.61e-05	5.99e-03	1.32e-01	8.62e-01
 4.33997e+22	0.00e+00	0.00e+00	0.00e+00	3.79e-30	3.06e-25	3.99e-21	1.58e-17	2.00e-14	1.01e-11	2.23e-09	2.82e-07	2.88e-05	6.39e-03	1.36e-01	8.57e-01
 4.36257e+22	0.00e+00	0.00e+00	0.00e+00	5.29e-30	4.14e-25	5.25e-21	2.02e-17	2.47e-14	1.20e-11	2.59e-09	3.17e-07	3.15e-05	6.76e-03	1.40e-01	8.53e-01
 4.38732e+22	0.00e+00	0.00e+00	0.00e+00	7.83e-30	5.91e-25	7.22e-21	2.68e-17	3.16e-14	1.49e-11	3.08e-09	3.64e-07	3.49e-05	7.23e-03	1.44e-01	8.49e-01
 4.41400e+22	0.00e+00	0.00e+00	0.00e+00	1.16e-29	8.45e-25	9.95e-21	3.56e-17	4.05e-14	1.84e-11	3.67e-09	4.19e-07	3.87e-05	7.73e-03	1.49e-01	8.44e-01
 4.43837e+22	0.00e+00	0.00e+00	0.00e+00	1.65e-29	1.16e-24	1.33e-20	4.59e-17	5.05e-14	2.22e-11	4.30e-09	4.74e-07	4.24e-05	8.21e-03	1.53e-01	8.39e-01
 4.46519e+22	0.00e+00	0.00e+00	4.79e-34	2.53e-29	1.72e-24	1.89e-20	6.27e-17	6.63e-14	2.80e-11	5.21e-09	5.52e-07	4.74e-05	8.83e-03	1.58e-01	8.33e-01
 4.49261e+22	0.00e+00	0.00e+00	7.36e-34	3.76e-29	2.46e-24	2.60e-20	8.34e-17	8.51e-14	3.46e-11	6.21e-09	6.35e-07	5.26e-05	9.43e-03	1.63e-01	8.28e-01
 4.51546e+22	0.00e+00	0.00e+00	1.06e-33	5.26e-29	3.34e-24	3.42e-20	1.06e-16	1.05e-13	4.15e-11	7.22e-09	7.15e-07	5.74e-05	9.98e-03	1.67e-01	8.23e-01
 4.53984e+22	0.00e+00	0.00e+00	1.62e-33	7.75e-29	4.75e-24	4.70e-20	1.41e-16	1.34e-13	5.11e-11	8.58e-09	8.20e-07	6.35e-05	1.07e-02	1.72e-01	8.18e-01
 4.56617e+22	0.00e+00	0.00e+00	2.46e-33	1.14e-28	6.73e-24	6.42e-20	1.86e-16	1.71e-13	6.29e-11	1.02e-08	9.39e-07	7.02e-05	1.14e-02	1.77e-01	8.12e-01
 4.59053e+22	0.00e+00	0.00e+00	3.65e-33	1.63e-28	9.36e-24	8.64e-20	2.42e-16	2.15e-13	7.64e-11	1.20e-08	1.07e-06	7.71e-05	1.21e-02	1.82e-01	8.06e-01
 4.61769e+22	0.00e+00	0.00e+00	5.87e-33	2.53e-28	1.39e-23	1.23e-19	3.32e-16	2.84e-13	9.67e-11	1.45e-08	1.25e-06	8.64e-05	1.30e-02	1.87e-01	7.99e-01
 4.64599e+22	0.00e+00	0.00e+00	9.30e-33	3.85e-28	2.04e-23	1.74e-19	4.51e-16	3.70e-13	1.21e-10	1.75e-08	1.45e-06	9.64e-05	1.39e-02	1.93e-01	7.93e-01
 4.66937e+22	0.00e+00	0.00e+00	1.35e-32	5.41e-28	2.78e-23	2.30e-19	5.76e-16	4.59e-13	1.46e-10	2.04e-08	1.63e-06	1.05e-04	1.47e-02	1.98e-01	7.87e-01
 4.69334e+22	0.00e+00	0.00e+00	2.07e-32	8.02e-28	3.98e-23	3.17e-19	7.66e-16	5.89e-13	1.80e-10	2.43e-08	1.87e-06	1.17e-04	1.57e-02	2.04e-01	7.80e-01
 4.71906e+22	0.00e+00	0.00e+00	3.11e-32	1.16e-27	5.58e-23	4.30e-19	1.00e-15	7.45e-13	2.20e-10	2.87e-08	2.13e-06	1.28e-04	1.67e-02	2.09e-01	7.74e-01
 4.74306e+22	0.00e+00	0.00e+00	4.62e-32	1.67e-27	7.77e-23	5.79e-19	1.31e-15	9.37e-13	2.68e-10	3.38e-08	2.43e-06	1.41e-04	1.78e-02	2.15e-01	7.67e-01
 4.77029e+22	0.00e+00	0.00e+00	7.73e-32	2.68e-27	1.19e-22	8.50e-19	1.84e-15	1.26e-12	3.46e-10	4.17e-08	2.86e-06	1.59e-04	1.92e-02	2.22e-01	7.59e-01
 4.79750e+22	0.00e+00	0.00e+00	1.17e-31	3.90e-27	1.68e-22	1.16e-18	2.41e-15	1.60e-12	4.24e-10	4.94e-08	3.27e-06	1.76e-04	2.04e-02	2.28e-01	7.52e-01
 4.82007e+22	0.00e+00	0.00e+00	1.70e-31	5.51e-27	2.30e-22	1.53e-18	3.10e-15	1.99e-12	5.11e-10	5.76e-08	3.69e-06	1.92e-04	2.16e-02	2.33e-01	7.45e-01
 4.84478e+22	0.00e+00	0.00e+00	2.70e-31	8.40e-27	3.37e-22	2.16e-18	4.21e-15	2.60e-12	6.41e-10	6.95e-08	4.28e-06	2.14e-04	2.31e-02	2.40e-01	7.37e-01
 4.87030e+22	0.00e+00	0.00e+00	4.01e-31	1.21e-26	4.69e-22	2.91e-18	5.47e-15	3.27e-12	7.80e-10	8.18e-08	4.86e-06	2.35e-04	2.45e-02	2.46e-01	7.29e-01
 4.89337e+22	0.00e+00	0.00e+00	5.97e-31	1.74e-26	6.53e-22	3.92e-18	7.13e-15	4.12e-12	9.50e-10	9.63e-08	5.53e-06	2.58e-04	2.60e-02	2.52e-01	7.22e-01
 4.91985e+22	0.00e+00	0.00e+00	9.92e-31	2.76e-26	9.96e-22	5.72e-18	9.97e-15	5.52e-12	1.22e-09	1.18e-07	6.51e-06	2.90e-04	2.80e-02	2.60e-01	7.12e-01
 4.94649e+22	0.00e+00	0.00e+00	1.50e-30	4.03e-26	1.41e-21	7.81e-18	1.31e-14	7.02e-12	1.50e-09	1.40e-07	7.44e-06	3.20e-04	2.98e-02	2.66e-01	7.04e-01
 4.96870e+22	0.00e+00	0.00e+00	2.23e-30	5.76e-26	1.95e-21	1.05e-17	1.70e-14	8.80e-12	1.82e-09	1.65e-07	8.43e-06	3.50e-04	3.15e-02	2.72e-01	6.96e-01
 4.98945e+22	0.00e+00	0.00e+00	3.13e-30	7.87e-26	2.59e-21	1.35e-17	2.13e-14	1.07e-11	2.15e-09	1.90e-07	9.40e-06	3.79e-04	3.31e-02	2.78e-01	6.89e-01
 5.01290e+22	0.00e+00	0.00e+00	4.95e-30	1.19e-25	3.78e-21	1.90e-17	2.89e-14	1.40e-11	2.70e-09	2.29e-07	1.09e-05	4.22e-04	3.54e-02	2.85e-01	6.79e-01
 5.03728e+22	0.00e+00	0.00e+00	7.44e-30	1.73e-25	5.30e-21	2.57e-17	3.78e-14	1.77e-11	3.30e-09	2.70e-07	1.24e-05	4.64e-04	3.75e-02	2.92e-01	6.70e-01
 5.05915e+22	0.00e+00	0.00e+00	1.10e-29	2.47e-25	7.35e-21	3.45e-17	4.90e-14	2.22e-11	4.01e-09	3.17e-07	1.41e-05	5.08e-04	3.97e-02	2.98e-01	6.62e-01
 5.08386e+22	0.00e+00	0.00e+00	1.28e-29	2.74e-25	1.09e-20	4.89e-17	6.69e-14	2.91e-11	5.06e-09	3.85e-07	1.63e-05	5.66e-04	4.24e-02	3.06e-01	6.51e-01
 5.10866e+22	0.00e+00	1.72e-34	1.96e-29	4.04e-25	1.55e-20	6.73e-17	8.87e-14	3.72e-11	6.25e-09	4.58e-07	1.87e-05	6.24e-04	4.51e-02	3.13e-01	6.42e-01
 5.12891e+22	0.00e+00	2.53e-34	2.79e-29	5.57e-25	2.07e-20	8.74e-17	1.12e-13	4.56e-11	7.44e-09	5.29e-07	2.09e-05	6.77e-04	4.74e-02	3.18e-01	6.34e-01
 5.15057e+22	0.00e+00	4.07e-34	4.32e-29	8.27e-25	2.97e-20	1.21e-16	1.49e-13	5.86e-11	9.23e-09	6.33e-07	2.41e-05	7.48e-04	5.03e-02	3.26e-01	6.23e-01
 5.17346e+22	0.00e+00	6.30e-34	6.44e-29	1.19e-24	4.13e-20	1.63e-16	1.94e-13	7.38e-11	1.12e-08	7.45e-07	2.73e-05	8.20e-04	5.32e-02	3.32e-01	6.14e-01
 5.19436e+22	0.00e+00	9.55e-34	9.43e-29	1.68e-24	5.66e-20	2.16e-16	2.50e-13	9.19e-11	1.36e-08	8.71e-07	3.08e-05	8.94e-04	5.61e-02	3.38e-01	6.05e-01
 5.21798e+22	0.00e+00	1.64e-33	1.54e-28	2.62e-24	8.49e-20	3.11e-16	3.45e-13	1.22e-10	1.73e-08	1.07e-06	3.60e-05	9.99e-04	6.00e-02	3.46e-01	5.93e-01
 5.24113e+22	0.00e+00	2.47e-33	2.25e-28	3.69e-24	1.16e-19	4.12e-16	4.43e-13	1.52e-10	2.09e-08	1.24e-06	4.06e-05	1.09e-03	6.31e-02	3.52e-01	5.83e-01
 5.26073e+22	0.00e+00	3.76e-33	3.30e-28	5.21e-24	1.59e-19	5.47e-16	5.69e-13	1.89e-10	2.52e-08	1.45e-06	4.58e-05	1.19e-03	6.65e-02	3.59e-01	5.74e-01
 5.28007e+22	0.00e+00	5.57e-33	4.73e-28	7.21e-24	2.14e-19	7.13e-16	7.21e-13	2.32e-10	3.01e-08	1.68e-06	5.13e-05	1.29e-03	6.98e-02	3.64e-01	5.64e-01
 5.30201e+22	0.00e+00	9.06e-33	7.38e-28	1.08e-23	3.09e-19	9.92e-16	9.66e-13	3.00e-10	3.74e-08	2.02e-06	5.90e-05	1.42e-03	7.40e-02	3.71e-01	5.53e-01
 5.32483e+22	0.00e+00	1.42e-32	1.11e-27	1.56e-23	4.32e-19	1.34e-15	1.26e-12	3.79e-10	4.58e-08	2.38e-06	6.71e-05	1.56e-03	7.82e-02	3.78e-01	5.42e-01
 5.34498e+22	0.00e+00	2.14e-32	1.61e-27	2.18e-23	5.88e-19	1.77e-15	1.62e-12	4.70e-10	5.51e-08	2.78e-06	7.54e-05	1.69e-03	8.21e-02	3.84e-01	5.32e-01
 5.36414e+22	0.00e+00	3.22e-32	2.34e-27	3.05e-23	7.99e-19	2.33e-15	2.06e-12	5.82e-10	6.62e-08	3.23e-06	8.48e-05	1.84e-03	8.62e-02	3.89e-01	5.23e-01
 5.38291e+22	0.00e+00	4.71e-32	3.32e-27	4.18e-23	1.06e-18	3.02e-15	2.59e-12	7.11e-10	7.86e-08	3.73e-06	9.45e-05	1.98e-03	9.01e-02	3.95e-01	5.13e-01
 5.40437e+22	0.00e+00	7.72e-32	5.20e-27	6.27e-23	1.54e-18	4.22e-15	3.49e-12	9.21e-10	9.81e-08	4.48e-06	1.09e-04	2.19e-03	9.55e-02	4.01e-01	5.01e-01
 5.42657e+22	0.00e+00	1.20e-31	7.77e-27	8.99e-23	2.14e-18	5.67e-15	4.54e-12	1.16e-09	1.20e-07	5.27e-06	1.23e-04	2.39e-03	1.00e-01	4.07e-01	4.90e-01
 5.44582e+22	0.00e+00	1.78e-31	1.12e-26	1.24e-22	2.89e-18	7.42e-15	5.76e-12	1.43e-09	1.43e-07	6.11e-06	1.38e-04	2.59e-03	1.05e-01	4.12e-01	4.80e-01
 5.46697e+22	0.00e+00	2.89e-31	1.73e-26	1.85e-22	4.15e-18	1.03e-14	7.69e-12	1.84e-09	1.78e-07	7.31e-06	1.58e-04	2.85e-03	1.11e-01	4.18e-01	4.68e-01
 5.48895e+22	0.00e+00	4.51e-31	2.59e-26	2.66e-22	5.78e-18	1.38e-14	1.00e-11	2.32e-09	2.17e-07	8.61e-06	1.79e-04	3.11e-03	1.17e-01	4.23e-01	4.57e-01
 5.50837e+22	0.00e+00	6.77e-31	3.76e-26	3.71e-22	7.84e-18	1.82e-14	1.28e-11	2.86e-09	2.60e-07	1.00e-05	2.01e-04	3.37e-03	1.22e-01	4.28e-01	4.46e-01
 5.52997e+22	0.00e+00	1.13e-30	5.99e-26	5.63e-22	1.15e-17	2.57e-14	1.74e-11	3.74e-09	3.28e-07	1.21e-05	2.32e-04	3.72e-03	1.29e-01	4.34e-01	4.33e-01
 5.55172e+22	0.00e+00	1.72e-30	8.76e-26	7.91e-22	1.57e-17	3.40e-14	2.23e-11	4.65e-09	3.95e-07	1.41e-05	2.61e-04	4.04e-03	1.35e-01	4.38e-01	4.23e-01
 5.57079e+22	0.00e+00	2.60e-30	1.27e-25	1.11e-21	2.14e-17	4.49e-14	2.85e-11	5.77e-09	4.75e-07	1.65e-05	2.93e-04	4.37e-03	1.41e-01	4.42e-01	4.12e-01
 5.59271e+22	0.00e+00	3.55e-30	1.67e-25	1.68e-21	3.12e-17	6.32e-14	3.86e-11	7.52e-09	5.97e-07	1.98e-05	3.38e-04	4.82e-03	1.49e-01	4.47e-01	3.99e-01
 5.61544e+22	0.00e+00	5.68e-30	2.55e-25	2.45e-21	4.43e-17	8.66e-14	5.10e-11	9.61e-09	7.36e-07	2.36e-05	3.85e-04	5.28e-03	1.57e-01	4.51e-01	3.87e-01
 5.63545e+22	0.00e+00	8.65e-30	3.74e-25	3.45e-21	6.06e-17	1.15e-13	6.55e-11	1.20e-08	8.89e-07	2.75e-05	4.33e-04	5.71e-03	1.64e-01	4.54e-01	3.76e-01
 5.65772e+22	0.00e+00	1.45e-29	5.98e-25	5.25e-21	8.91e-17	1.63e-13	8.93e-11	1.57e-08	1.12e-06	3.33e-05	5.00e-04	6.30e-03	1.73e-01	4.58e-01	3.63e-01
 5.67961e+22	0.00e+00	2.19e-29	8.68e-25	7.32e-21	1.21e-16	2.14e-13	1.14e-10	1.94e-08	1.35e-06	3.87e-05	5.60e-04	6.80e-03	1.80e-01	4.61e-01	3.52e-01
 5.69795e+22	0.00e+00	3.26e-29	1.24e-24	1.01e-20	1.62e-16	2.79e-13	1.44e-10	2.38e-08	1.61e-06	4.48e-05	6.25e-04	7.33e-03	1.87e-01	4.63e-01	3.42e-01
 5.71871e+22	0.00e+00	5.44e-29	1.98e-24	1.52e-20	2.37e-16	3.93e-13	1.96e-10	3.11e-08	2.02e-06	5.41e-05	7.19e-04	8.06e-03	1.97e-01	4.65e-01	3.29e-01
 5.73797e+22	0.00e+00	7.67e-29	2.70e-24	2.01e-20	3.06e-16	4.95e-13	2.40e-10	3.72e-08	2.36e-06	6.14e-05	7.91e-04	8.58e-03	2.03e-01	4.67e-01	3.21e-01
 5.75528e+22	0.00e+00	1.17e-28	3.94e-24	2.81e-20	4.18e-16	6.55e-13	3.08e-10	4.62e-08	2.84e-06	7.16e-05	8.87e-04	9.27e-03	2.12e-01	4.68e-01	3.10e-01
 5.77303e+22	0.00e+00	1.67e-28	5.44e-24	3.74e-20	5.44e-16	8.31e-13	3.81e-10	5.57e-08	3.33e-06	8.16e-05	9.78e-04	9.89e-03	2.19e-01	4.69e-01	3.01e-01
 5.78763e+22	0.00e+00	2.26e-28	7.17e-24	4.78e-20	6.81e-16	1.02e-12	4.57e-10	6.53e-08	3.82e-06	9.13e-05	1.06e-03	1.05e-02	2.25e-01	4.70e-01	2.94e-01
 5.80077e+22	0.00e+00	3.05e-28	9.39e-24	6.06e-20	8.49e-16	1.24e-12	5.45e-10	7.62e-08	4.37e-06	1.02e-04	1.15e-03	1.10e-02	2.31e-01	4.70e-01	2.86e-01
 5.81575e+22	0.00e+00	4.36e-28	1.29e-23	8.05e-20	1.10e-15	1.58e-12	6.74e-10	9.17e-08	5.12e-06	1.16e-04	1.27e-03	1.18e-02	2.39e-01	4.70e-01	2.78e-01
 5.83138e+22	0.00e+00	6.01e-28	1.73e-23	1.04e-19	1.40e-15	1.95e-12	8.15e-10	1.08e-07	5.92e-06	1.31e-04	1.39e-03	1.25e-02	2.46e-01	4.70e-01	2.70e-01
 5.84468e+22	0.00e+00	8.00e-28	2.24e-23	1.30e-19	1.73e-15	2.36e-12	9.67e-10	1.26e-07	6.73e-06	1.45e-04	1.50e-03	1.31e-02	2.52e-01	4.70e-01	2.63e-01
 5.85678e+22	0.00e+00	1.06e-27	2.87e-23	1.63e-19	2.12e-15	2.85e-12	1.14e-09	1.45e-07	7.62e-06	1.61e-04	1.62e-03	1.38e-02	2.58e-01	4.70e-01	2.56e-01
 5.87051e+22	0.00e+00	1.48e-27	3.89e-23	2.13e-19	2.72e-15	3.57e-12	1.40e-09	1.73e-07	8.87e-06	1.82e-04	1.77e-03	1.46e-02	2.66e-01	4.69e-01	2.48e-01
 5.88463e+22	0.00e+00	1.98e-27	5.05e-23	2.68e-19	3.36e-15	4.33e-12	1.66e-09	2.02e-07	1.01e-05	2.02e-04	1.92e-03	1.54e-02	2.72e-01	4.68e-01	2.42e-01
 5.89723e+22	0.00e+00	2.62e-27	6.50e-23	3.34e-19	4.13e-15	5.22e-12	1.96e-09	2.33e-07	1.15e-05	2.24e-04	2.07e-03	1.62e-02	2.79e-01	4.67e-01	2.35e-01
 5.90922e+22	0.00e+00	3.44e-27	8.29e-23	4.13e-19	5.04e-15	6.25e-12	2.30e-09	2.69e-07	1.30e-05	2.48e-04	2.22e-03	1.69e-02	2.85e-01	4.66e-01	2.29e-01
 5.92053e+22	5.23e-35	4.47e-27	1.05e-22	5.07e-19	6.10e-15	7.43e-12	2.69e-09	3.08e-07	1.46e-05	2.73e-04	2.39e-03	1.77e-02	2.91e-01	4.65e-01	2.23e-01
 5.93328e+22	7.50e-35	6.16e-27	1.40e-22	6.52e-19	7.72e-15	9.21e-12	3.26e-09	3.64e-07	1.68e-05	3.07e-04	2.60e-03	1.87e-02	2.99e-01	4.63e-01	2.16e-01
 5.94633e+22	1.03e-34	8.20e-27	1.80e-22	8.14e-19	9.51e-15	1.11e-11	3.86e-09	4.23e-07	1.91e-05	3.41e-04	2.81e-03	1.97e-02	3.06e-01	4.62e-01	2.10e-01
 5.95761e+22	1.38e-34	1.06e-26	2.26e-22	9.94e-19	1.15e-14	1.32e-11	4.50e-09	4.84e-07	2.15e-05	3.75e-04	3.01e-03	2.06e-02	3.12e-01	4.60e-01	2.04e-01
 5.97014e+22	1.98e-34	1.47e-26	3.03e-22	1.28e-18	1.46e-14	1.64e-11	5.47e-09	5.74e-07	2.49e-05	4.23e-04	3.29e-03	2.17e-02	3.20e-01	4.58e-01	1.97e-01
 5.98300e+22	2.73e-34	1.96e-26	3.90e-22	1.60e-18	1.79e-14	1.98e-11	6.48e-09	6.66e-07	2.84e-05	4.70e-04	3.55e-03	2.28e-02	3.27e-01	4.55e-01	1.91e-01
 5.99427e+22	3.64e-34	2.52e-26	4.90e-22	1.95e-18	2.16e-14	2.35e-11	7.55e-09	7.61e-07	3.18e-05	5.16e-04	3.80e-03	2.38e-02	3.33e-01	4.53e-01	1.86e-01
 6.00508e+22	4.89e-34	3.28e-26	6.18e-22	2.38e-18	2.61e-14	2.80e-11	8.84e-09	8.74e-07	3.59e-05	5.69e-04	4.08e-03	2.49e-02	3.40e-01	4.51e-01	1.80e-01
 6.01538e+22	6.38e-34	4.16e-26	7.63e-22	2.86e-18	3.10e-14	3.28e-11	1.02e-08	9.90e-07	3.99e-05	6.21e-04	4.35e-03	2.59e-02	3.46e-01	4.48e-01	1.75e-01
 6.02687e+22	9.18e-34	5.74e-26	1.02e-21	3.65e-18	3.92e-14	4.06e-11	1.24e-08	1.17e-06	4.63e-05	7.01e-04	4.75e-03	2.73e-02	3.54e-01	4.45e-01	1.69e-01
 6.03835e+22	1.22e-33	7.39e-26	1.27e-21	4.42e-18	4.70e-14	4.81e-11	1.44e-08	1.34e-06	5.20e-05	7.70e-04	5.09e-03	2.85e-02	3.60e-01	4.42e-01	1.64e-01
 6.04981e+22	1.75e-33	1.02e-25	1.68e-21	5.64e-18	5.93e-14	5.95e-11	1.75e-08	1.59e-06	6.02e-05	8.68e-04	5.55e-03	3.00e-02	3.68e-01	4.38e-01	1.57e-01
 6.06143e+22	2.35e-33	1.32e-25	2.11e-21	6.86e-18	7.15e-14	7.08e-11	2.04e-08	1.82e-06	6.78e-05	9.56e-04	5.95e-03	3.13e-02	3.74e-01	4.35e-01	1.52e-01
 6.07328e+22	3.47e-33	1.86e-25	2.86e-21	8.87e-18	9.16e-14	8.90e-11	2.51e-08	2.19e-06	7.95e-05	1.09e-03	6.53e-03	3.32e-02	3.83e-01	4.30e-01	1.46e-01
 6.08492e+22	4.58e-33	2.38e-25	3.55e-21	1.07e-17	1.09e-13	1.05e-10	2.92e-08	2.50e-06	8.91e-05	1.19e-03	6.97e-03	3.45e-02	3.89e-01	4.27e-01	1.41e-01
 6.09631e+22	6.72e-33	3.34e-25	4.77e-21	1.37e-17	1.40e-13	1.32e-10	3.59e-08	3.00e-06	1.04e-04	1.36e-03	7.65e-03	3.65e-02	3.98e-01	4.22e-01	1.35e-01
 6.10767e+22	8.88e-33	4.27e-25	5.92e-21	1.65e-17	1.67e-13	1.55e-10	4.17e-08	3.42e-06	1.17e-04	1.49e-03	8.17e-03	3.79e-02	4.04e-01	4.18e-01	1.31e-01
 6.11900e+22	1.31e-32	6.01e-25	7.97e-21	2.12e-17	2.13e-13	1.95e-10	5.14e-08	4.11e-06	1.37e-04	1.69e-03	8.97e-03	4.01e-02	4.12e-01	4.12e-01	1.25e-01
 6.13034e+22	1.75e-32	7.73e-25	9.92e-21	2.55e-17	2.55e-13	2.31e-10	6.00e-08	4.71e-06	1.54e-04	1.86e-03	9.60e-03	4.17e-02	4.18e-01	4.08e-01	1.20e-01
 6.14170e+22	2.60e-32	1.10e-24	1.34e-20	3.28e-17	3.28e-13	2.93e-10	7.43e-08	5.69e-06	1.82e-04	2.13e-03	1.06e-02	4.41e-02	4.27e-01	4.02e-01	1.14e-01
 6.15312e+22	3.48e-32	1.42e-24	1.68e-20	3.95e-17	3.94e-13	3.48e-10	8.71e-08	6.54e-06	2.05e-04	2.34e-03	1.13e-02	4.59e-02	4.33e-01	3.97e-01	1.10e-01
 6.16460e+22	5.17e-32	2.00e-24	2.26e-20	5.07e-17	5.06e-13	4.40e-10	1.08e-07	7.92e-06	2.42e-04	2.68e-03	1.24e-02	4.85e-02	4.42e-01	3.90e-01	1.05e-01
 6.17570e+22	6.84e-32	2.56e-24	2.79e-20	6.04e-17	6.03e-13	5.19e-10	1.26e-07	9.05e-06	2.72e-04	2.94e-03	1.33e-02	5.04e-02	4.47e-01	3.85e-01	1.01e-01
 6.18630e+22	9.88e-32	3.53e-24	3.68e-20	7.60e-17	7.60e-13	6.47e-10	1.54e-07	1.08e-05	3.17e-04	3.33e-03	1.45e-02	5.30e-02	4.55e-01	3.78e-01	9.57e-02
 6.19709e+22	1.33e-31	4.56e-24	4.58e-20	9.11e-17	9.14e-13	7.71e-10	1.81e-07	1.25e-05	3.58e-04	3.67e-03	1.56e-02	5.51e-02	4.60e-01	3.73e-01	9.18e-02
 6.20812e+22	1.95e-31	6.37e-24	6.10e-20	1.15e-16	1.16e-12	9.69e-10	2.24e-07	1.50e-05	4.20e-04	4.18e-03	1.71e-02	5.81e-02	4.68e-01	3.65e-01	8.69e-02
 6.21935e+22	1.52e-31	8.31e-24	7.65e-20	1.39e-16	1.41e-12	1.16e-09	2.65e-07	1.74e-05	4.78e-04	4.63e-03	1.84e-02	6.05e-02	4.74e-01	3.59e-01	8.30e-02
 6.23082e+22	2.27e-31	1.18e-23	1.03e-19	1.77e-16	1.81e-12	1.48e-09	3.31e-07	2.12e-05	5.65e-04	5.30e-03	2.02e-02	6.38e-02	4.81e-01	3.51e-01	7.81e-02
 6.24235e+22	3.09e-31	1.53e-23	1.29e-19	2.12e-16	2.19e-12	1.78e-09	3.93e-07	2.46e-05	6.43e-04	5.87e-03	2.17e-02	6.64e-02	4.86e-01	3.45e-01	7.45e-02
 6.25395e+22	4.62e-31	2.17e-23	1.73e-19	2.69e-16	2.81e-12	2.26e-09	4.91e-07	3.00e-05	7.61e-04	6.72e-03	2.39e-02	6.99e-02	4.93e-01	3.36e-01	6.99e-02
 6.26531e+22	6.17e-31	2.78e-23	2.13e-19	3.19e-16	3.36e-12	2.69e-09	5.77e-07	3.46e-05	8.59e-04	7.40e-03	2.55e-02	7.25e-02	4.97e-01	3.30e-01	6.67e-02
 6.27634e+22	9.01e-31	3.85e-23	2.80e-19	3.97e-16	4.25e-12	3.38e-09	7.14e-07	4.17e-05	1.01e-03	8.40e-03	2.79e-02	7.61e-02	5.03e-01	3.21e-01	6.26e-02
 6.28757e+22	1.21e-30	4.94e-23	3.46e-19	4.71e-16	5.10e-12	4.03e-09	8.41e-07	4.81e-05	1.14e-03	9.25e-03	2.99e-02	7.89e-02	5.07e-01	3.14e-01	5.95e-02
 6.29907e+22	1.77e-30	6.86e-23	4.56e-19	5.87e-16	6.47e-12	5.09e-09	1.04e-06	5.82e-05	1.34e-03	1.05e-02	3.27e-02	8.28e-02	5.12e-01	3.05e-01	5.56e-02
 6.31054e+22	2.35e-30	8.74e-23	5.58e-19	6.90e-16	7.72e-12	6.03e-09	1.22e-06	6.69e-05	1.51e-03	1.15e-02	3.49e-02	8.56e-02	5.15e-01	2.98e-01	5.29e-02
 6.32198e+22	3.41e-30	1.20e-22	7.28e-19	8.51e-16	9.72e-12	7.56e-09	1.51e-06	8.06e-05	1.76e-03	1.31e-02	3.80e-02	8.96e-02	5.19e-01	2.89e-01	4.93e-02
 6.33361e+22	4.51e-30	1.53e-22	8.91e-19	1.00e-15	1.16e-11	8.96e-09	1.77e-06	9.25e-05	1.98e-03	1.43e-02	4.05e-02	9.26e-02	5.22e-01	2.82e-01	4.68e-02
 6.34548e+22	6.53e-30	2.09e-22	1.16e-18	1.23e-15	1.45e-11	1.12e-08	2.18e-06	1.11e-04	2.31e-03	1.62e-02	4.41e-02	9.67e-02	5.24e-01	2.73e-01	4.35e-02
 6.35764e+22	8.68e-30	2.67e-22	1.42e-18	1.45e-15	1.74e-11	1.33e-08	2.56e-06	1.28e-04	2.60e-03	1.77e-02	4.70e-02	9.98e-02	5.26e-01	2.65e-01	4.11e-02
 6.37018e+22	1.26e-29	3.66e-22	1.85e-18	1.78e-15	2.18e-11	1.67e-08	3.16e-06	1.54e-04	3.03e-03	2.00e-02	5.10e-02	1.04e-01	5.28e-01	2.56e-01	3.81e-02
 6.38254e+22	1.64e-29	4.59e-22	2.23e-18	2.07e-15	2.58e-11	1.96e-08	3.68e-06	1.76e-04	3.38e-03	2.18e-02	5.41e-02	1.07e-01	5.29e-01	2.49e-01	3.60e-02
 6.39468e+22	2.31e-29	6.15e-22	2.85e-18	2.50e-15	3.18e-11	2.41e-08	4.46e-06	2.08e-04	3.89e-03	2.43e-02	5.83e-02	1.11e-01	5.29e-01	2.40e-01	3.34e-02
 6.40717e+22	2.65e-29	7.77e-22	3.46e-18	2.92e-15	3.77e-11	2.85e-08	5.21e-06	2.38e-04	4.35e-03	2.65e-02	6.18e-02	1.14e-01	5.29e-01	2.33e-01	3.15e-02
 6.42013e+22	3.76e-29	1.05e-21	4.44e-18	3.55e-15	4.68e-11	3.52e-08	6.35e-06	2.83e-04	5.02e-03	2.96e-02	6.66e-02	1.18e-01	5.28e-01	2.23e-01	2.91e-02
 6.43340e+22	4.95e-29	1.33e-21	5.40e-18	4.15e-15	5.55e-11	4.15e-08	7.40e-06	3.24e-04	5.60e-03	3.22e-02	7.05e-02	1.22e-01	5.27e-01	2.16e-01	2.73e-02
 6.44708e+22	7.06e-29	1.79e-21	6.94e-18	5.05e-15	6.89e-11	5.13e-08	9.01e-06	3.85e-04	6.45e-03	3.59e-02	7.57e-02	1.26e-01	5.24e-01	2.07e-01	2.51e-02
 6.46075e+22	9.23e-29	2.25e-21	8.39e-18	5.86e-15	8.10e-11	6.02e-08	1.05e-05	4.38e-04	7.17e-03	3.89e-02	7.99e-02	1.29e-01	5.22e-01	1.99e-01	2.35e-02
 6.47441e+22	1.30e-28	3.01e-21	1.07e-17	7.09e-15	9.97e-11	7.38e-08	1.26e-05	5.18e-04	8.21e-03	4.31e-02	8.55e-02	1.33e-01	5.18e-01	1.90e-01	2.16e-02
 6.48826e+22	1.69e-28	3.77e-21	1.29e-17	8.23e-15	1.17e-10	8.61e-08	1.46e-05	5.86e-04	9.08e-03	4.66e-02	8.99e-02	1.35e-01	5.15e-01	1.83e-01	2.02e-02
 6.50236e+22	2.38e-28	5.04e-21	1.64e-17	9.94e-15	1.43e-10	1.05e-07	1.76e-05	6.90e-04	1.04e-02	5.14e-02	9.59e-02	1.39e-01	5.10e-01	1.74e-01	1.85e-02
 6.51674e+22	3.11e-28	6.32e-21	1.99e-17	1.16e-14	1.68e-10	1.23e-07	2.03e-05	7.82e-04	1.15e-02	5.55e-02	1.01e-01	1.42e-01	5.05e-01	1.68e-01	1.72e-02
 6.52922e+22	4.00e-28	7.82e-21	2.37e-17	1.33e-14	1.95e-10	1.42e-07	2.32e-05	8.79e-04	1.26e-02	5.95e-02	1.05e-01	1.44e-01	5.00e-01	1.61e-01	1.61e-02
 6.54313e+22	5.52e-28	1.03e-20	2.98e-17	1.59e-14	2.36e-10	1.71e-07	2.76e-05	1.02e-03	1.42e-02	6.51e-02	1.11e-01	1.47e-01	4.93e-01	1.53e-01	1.47e-02
 6.55703e+22	7.03e-28	1.26e-20	3.54e-17	1.82e-14	2.71e-10	1.96e-07	3.13e-05	1.14e-03	1.55e-02	6.95e-02	1.16e-01	1.50e-01	4.88e-01	1.47e-01	1.37e-02
 6.57090e+22	9.64e-28	1.65e-20	4.43e-17	2.17e-14	3.25e-10	2.34e-07	3.69e-05	1.32e-03	1.74e-02	7.57e-02	1.22e-01	1.52e-01	4.79e-01	1.39e-01	1.25e-02
 6.58493e+22	1.22e-27	2.02e-20	5.26e-17	2.49e-14	3.74e-10	2.67e-07	4.18e-05	1.47e-03	1.89e-02	8.05e-02	1.27e-01	1.54e-01	4.73e-01	1.34e-01	1.17e-02
 6.59915e+22	1.68e-27	2.64e-20	6.57e-17	2.97e-14	4.47e-10	3.18e-07	4.91e-05	1.69e-03	2.11e-02	8.73e-02	1.33e-01	1.56e-01	4.64e-01	1.26e-01	1.06e-02
 6.61362e+22	2.14e-27	3.25e-20	7.83e-17	3.42e-14	5.13e-10	3.63e-07	5.55e-05	1.88e-03	2.29e-02	9.27e-02	1.38e-01	1.58e-01	4.56e-01	1.21e-01	9.88e-03
 6.62640e+22	2.72e-27	3.99e-20	9.30e-17	3.92e-14	5.88e-10	4.14e-07	6.27e-05	2.09e-03	2.49e-02	9.83e-02	1.42e-01	1.59e-01	4.49e-01	1.15e-01	9.17e-03
 6.63908e+22	3.45e-27	4.89e-20	1.10e-16	4.48e-14	6.71e-10	4.71e-07	7.06e-05	2.31e-03	2.70e-02	1.04e-01	1.47e-01	1.60e-01	4.40e-01	1.10e-01	8.51e-03
 6.65365e+22	4.68e-27	6.33e-20	1.37e-16	5.33e-14	7.95e-10	5.54e-07	8.21e-05	2.64e-03	2.98e-02	1.12e-01	1.53e-01	1.62e-01	4.30e-01	1.03e-01	7.72e-03
 6.66831e+22	5.94e-27	7.75e-20	1.63e-16	6.11e-14	9.06e-10	6.28e-07	9.22e-05	2.91e-03	3.22e-02	1.18e-01	1.58e-01	1.63e-01	4.21e-01	9.84e-02	7.15e-03
 6.68311e+22	8.07e-27	1.01e-19	2.02e-16	7.27e-14	1.07e-09	7.38e-07	1.07e-04	3.31e-03	3.55e-02	1.27e-01	1.64e-01	1.63e-01	4.09e-01	9.21e-02	6.45e-03
 6.69806e+22	1.02e-26	1.23e-19	2.40e-16	8.34e-14	1.22e-09	8.34e-07	1.20e-04	3.65e-03	3.82e-02	1.33e-01	1.68e-01	1.64e-01	4.00e-01	8.76e-02	5.96e-03
 6.71322e+22	1.39e-26	1.60e-19	2.99e-16	9.94e-14	1.43e-09	9.76e-07	1.38e-04	4.13e-03	4.20e-02	1.42e-01	1.73e-01	1.64e-01	3.87e-01	8.17e-02	5.36e-03
 6.72868e+22	1.76e-26	1.96e-19	3.56e-16	1.15e-13	1.63e-09	1.10e-06	1.55e-04	4.55e-03	4.52e-02	1.49e-01	1.78e-01	1.64e-01	3.77e-01	7.74e-02	4.94e-03
 6.74454e+22	2.42e-26	2.56e-19	4.47e-16	1.37e-13	1.93e-09	1.29e-06	1.79e-04	5.15e-03	4.95e-02	1.59e-01	1.83e-01	1.63e-01	3.64e-01	7.19e-02	4.41e-03
 6.76075e+22	3.10e-26	3.17e-19	5.36e-16	1.59e-13	2.20e-09	1.47e-06	2.00e-04	5.67e-03	5.32e-02	1.66e-01	1.87e-01	1.63e-01	3.53e-01	6.77e-02	4.04e-03
 6.77740e+22	4.26e-26	4.16e-19	6.76e-16	1.92e-13	2.60e-09	1.72e-06	2.31e-04	6.41e-03	5.82e-02	1.76e-01	1.91e-01	1.62e-01	3.40e-01	6.26e-02	3.60e-03
 6.79457e+22	5.54e-26	5.21e-19	8.20e-16	2.25e-13	2.99e-09	1.96e-06	2.60e-04	7.08e-03	6.26e-02	1.85e-01	1.95e-01	1.60e-01	3.28e-01	5.86e-02	3.26e-03
 6.81242e+22	7.74e-26	6.93e-19	1.05e-15	2.74e-13	3.56e-09	2.30e-06	3.01e-04	8.02e-03	6.85e-02	1.96e-01	1.99e-01	1.59e-01	3.13e-01	5.37e-02	2.87e-03
 6.82973e+22	9.82e-26	8.50e-19	1.25e-15	3.17e-13	4.04e-09	2.59e-06	3.34e-04	8.74e-03	7.29e-02	2.03e-01	2.02e-01	1.57e-01	3.03e-01	5.05e-02	2.63e-03
 6.84634e+22	1.34e-25	1.11e-18	1.57e-15	3.81e-13	4.74e-09	3.00e-06	3.82e-04	9.79e-03	7.90e-02	2.14e-01	2.05e-01	1.55e-01	2.89e-01	4.63e-02	2.32e-03
 6.86332e+22	1.71e-25	1.37e-18	1.88e-15	4.42e-13	5.39e-09	3.38e-06	4.24e-04	1.07e-02	8.40e-02	2.22e-01	2.07e-01	1.53e-01	2.78e-01	4.33e-02	2.11e-03
 6.88076e+22	2.26e-25	1.78e-18	2.35e-15	5.32e-13	6.31e-09	3.91e-06	4.82e-04	1.19e-02	9.05e-02	2.31e-01	2.10e-01	1.50e-01	2.64e-01	3.98e-02	1.87e-03
 6.89920e+22	3.00e-25	2.26e-18	2.90e-15	6.31e-13	7.29e-09	4.46e-06	5.43e-04	1.31e-02	9.68e-02	2.41e-01	2.12e-01	1.47e-01	2.52e-01	3.66e-02	1.66e-03
 6.91618e+22	3.90e-25	2.83e-18	3.52e-15	7.40e-13	8.35e-09	5.05e-06	6.05e-04	1.43e-02	1.03e-01	2.49e-01	2.13e-01	1.44e-01	2.41e-01	3.39e-02	1.49e-03
 6.93546e+22	5.34e-25	3.77e-18	4.51e-15	9.08e-13	9.92e-09	5.90e-06	6.93e-04	1.60e-02	1.11e-01	2.60e-01	2.14e-01	1.40e-01	2.26e-01	3.06e-02	1.29e-03
 6.95576e+22	7.18e-25	4.85e-18	5.61e-15	1.09e-12	1.15e-08	6.76e-06	7.81e-04	1.76e-02	1.18e-01	2.69e-01	2.14e-01	1.37e-01	2.14e-01	2.79e-02	1.14e-03
 6.97371e+22	9.34e-25	6.08e-18	6.82e-15	1.27e-12	1.32e-08	7.62e-06	8.67e-04	1.92e-02	1.25e-01	2.77e-01	2.14e-01	1.33e-01	2.03e-01	2.57e-02	1.01e-03
 6.99337e+22	1.30e-24	8.05e-18	8.70e-15	1.56e-12	1.56e-08	8.85e-06	9.87e-04	2.13e-02	1.34e-01	2.86e-01	2.14e-01	1.29e-01	1.90e-01	2.31e-02	8.77e-04
 7.01354e+22	1.72e-24	1.02e-17	1.07e-14	1.85e-12	1.79e-08	1.00e-05	1.10e-03	2.32e-02	1.42e-01	2.94e-01	2.13e-01	1.25e-01	1.79e-01	2.10e-02	7.71e-04
 7.03141e+22	2.24e-24	1.28e-17	1.30e-14	2.17e-12	2.05e-08	1.13e-05	1.22e-03	2.52e-02	1.50e-01	3.01e-01	2.12e-01	1.21e-01	1.69e-01	1.92e-02	6.82e-04
 7.05168e+22	3.12e-24	1.70e-17	1.67e-14	2.66e-12	2.42e-08	1.31e-05	1.38e-03	2.79e-02	1.59e-01	3.10e-01	2.10e-01	1.17e-01	1.57e-01	1.71e-02	5.84e-04
 7.07260e+22	4.17e-24	2.18e-17	2.06e-14	3.17e-12	2.78e-08	1.49e-05	1.54e-03	3.04e-02	1.68e-01	3.17e-01	2.08e-01	1.12e-01	1.47e-01	1.55e-02	5.08e-04
 7.09121e+22	5.45e-24	2.74e-17	2.51e-14	3.73e-12	3.18e-08	1.67e-05	1.70e-03	3.28e-02	1.76e-01	3.23e-01	2.06e-01	1.08e-01	1.38e-01	1.40e-02	4.47e-04
 7.11223e+22	7.70e-24	3.68e-17	3.24e-14	4.59e-12	3.75e-08	1.94e-05	1.93e-03	3.63e-02	1.87e-01	3.30e-01	2.02e-01	1.03e-01	1.27e-01	1.23e-02	3.76e-04
 7.13376e+22	1.03e-23	4.70e-17	4.00e-14	5.44e-12	4.30e-08	2.19e-05	2.14e-03	3.94e-02	1.97e-01	3.35e-01	1.99e-01	9.85e-02	1.18e-01	1.10e-02	3.24e-04
 7.15304e+22	1.35e-23	5.95e-17	4.90e-14	6.44e-12	4.92e-08	2.46e-05	2.37e-03	4.25e-02	2.06e-01	3.40e-01	1.95e-01	9.44e-02	1.10e-01	9.92e-03	2.81e-04
 7.17519e+22	1.95e-23	8.12e-17	6.39e-14	7.98e-12	5.83e-08	2.86e-05	2.69e-03	4.70e-02	2.18e-01	3.45e-01	1.90e-01	8.88e-02	9.91e-02	8.56e-03	2.31e-04
 7.19750e+22	2.57e-23	1.03e-16	7.86e-14	9.44e-12	6.67e-08	3.21e-05	2.97e-03	5.07e-02	2.27e-01	3.49e-01	1.86e-01	8.46e-02	9.18e-02	7.64e-03	1.99e-04
 7.22002e+22	3.73e-23	1.41e-16	1.03e-13	1.17e-11	7.88e-08	3.72e-05	3.37e-03	5.60e-02	2.40e-01	3.53e-01	1.80e-01	7.91e-02	8.24e-02	6.53e-03	1.62e-04
 7.24279e+22	4.93e-23	1.80e-16	1.27e-13	1.39e-11	9.00e-08	4.18e-05	3.71e-03	6.03e-02	2.49e-01	3.55e-01	1.75e-01	7.49e-02	7.58e-02	5.78e-03	1.38e-04
 7.26590e+22	7.19e-23	2.48e-16	1.66e-13	1.73e-11	1.06e-07	4.85e-05	4.21e-03	6.65e-02	2.62e-01	3.57e-01	1.68e-01	6.96e-02	6.75e-02	4.90e-03	1.11e-04
 7.28934e+22	9.65e-23	3.20e-16	2.06e-13	2.06e-11	1.22e-07	5.44e-05	4.64e-03	7.16e-02	2.72e-01	3.58e-01	1.63e-01	6.55e-02	6.16e-02	4.29e-03	9.38e-05
 7.30892e+22	1.25e-22	3.99e-16	2.49e-13	2.40e-11	1.37e-07	6.03e-05	5.05e-03	7.64e-02	2.81e-01	3.58e-01	1.58e-01	6.20e-02	5.67e-02	3.81e-03	8.05e-05
 7.33008e+22	1.78e-22	5.38e-16	3.20e-13	2.92e-11	1.59e-07	6.87e-05	5.65e-03	8.33e-02	2.92e-01	3.57e-01	1.51e-01	5.75e-02	5.04e-02	3.23e-03	6.50e-05
 7.35113e+22	2.30e-22	6.71e-16	3.86e-13	3.40e-11	1.79e-07	7.59e-05	6.13e-03	8.86e-02	3.01e-01	3.56e-01	1.45e-01	5.43e-02	4.63e-02	2.86e-03	5.56e-05
 7.37206e+22	3.24e-22	9.00e-16	4.94e-13	4.14e-11	2.07e-07	8.63e-05	6.82e-03	9.62e-02	3.12e-01	3.53e-01	1.38e-01	5.02e-02	4.11e-02	2.42e-03	4.49e-05
 7.39343e+22	4.23e-22	1.13e-15	6.01e-13	4.86e-11	2.33e-07	9.56e-05	7.42e-03	1.02e-01	3.20e-01	3.51e-01	1.33e-01	4.71e-02	3.75e-02	2.13e-03	3.80e-05
 7.41536e+22	6.08e-22	1.55e-15	7.80e-13	5.98e-11	2.72e-07	1.09e-04	8.29e-03	1.11e-01	3.31e-01	3.46e-01	1.25e-01	4.32e-02	3.29e-02	1.77e-03	3.01e-05
 7.43766e+22	8.10e-22	1.98e-15	9.60e-13	7.07e-11	3.08e-07	1.21e-04	9.04e-03	1.19e-01	3.39e-01	3.42e-01	1.19e-01	4.02e-02	2.96e-02	1.53e-03	2.50e-05
 7.46041e+22	1.18e-21	2.73e-15	1.26e-12	8.80e-11	3.62e-07	1.39e-04	1.01e-02	1.29e-01	3.50e-01	3.36e-01	1.12e-01	3.66e-02	2.58e-02	1.26e-03	1.95e-05
 7.48376e+22	1.60e-21	3.56e-15	1.57e-12	1.05e-10	4.14e-07	1.56e-04	1.11e-02	1.38e-01	3.58e-01	3.30e-01	1.05e-01	3.38e-02	2.29e-02	1.08e-03	1.59e-05
 7.50788e+22	2.39e-21	5.05e-15	2.11e-12	1.33e-10	4.93e-07	1.80e-04	1.25e-02	1.51e-01	3.68e-01	3.21e-01	9.74e-02	3.03e-02	1.96e-02	8.69e-04	1.21e-05
 7.53226e+22	3.29e-21	6.64e-15	2.66e-12	1.61e-10	5.68e-07	2.02e-04	1.37e-02	1.61e-01	3.75e-01	3.13e-01	9.12e-02	2.78e-02	1.73e-02	7.32e-04	9.76e-06
 7.55648e+22	4.92e-21	9.43e-15	3.56e-12	2.05e-10	6.78e-07	2.34e-04	1.53e-02	1.75e-01	3.83e-01	3.03e-01	8.37e-02	2.48e-02	1.47e-02	5.87e-04	7.39e-06
 7.58093e+22	6.83e-21	1.25e-14	4.54e-12	2.50e-10	7.86e-07	2.63e-04	1.68e-02	1.87e-01	3.88e-01	2.93e-01	7.77e-02	2.26e-02	1.29e-02	4.90e-04	5.88e-06
 7.60482e+22	1.01e-20	1.76e-14	6.04e-12	3.17e-10	9.37e-07	3.04e-04	1.88e-02	2.02e-01	3.94e-01	2.82e-01	7.10e-02	2.02e-02	1.09e-02	3.93e-04	4.47e-06
 7.62835e+22	1.39e-20	2.33e-14	7.65e-12	3.85e-10	1.09e-06	3.41e-04	2.05e-02	2.15e-01	3.98e-01	2.72e-01	6.57e-02	1.83e-02	9.56e-03	3.28e-04	3.56e-06
 7.64903e+22	1.88e-20	3.04e-14	9.59e-12	4.65e-10	1.25e-06	3.81e-04	2.23e-02	2.28e-01	4.01e-01	2.62e-01	6.09e-02	1.67e-02	8.39e-03	2.76e-04	2.86e-06
 7.67145e+22	2.74e-20	4.21e-14	1.27e-11	5.88e-10	1.49e-06	4.37e-04	2.47e-02	2.44e-01	4.04e-01	2.50e-01	5.53e-02	1.49e-02	7.12e-03	2.22e-04	2.18e-06
 7.69358e+22	3.68e-20	5.44e-14	1.58e-11	7.08e-10	1.71e-06	4.87e-04	2.67e-02	2.57e-01	4.05e-01	2.40e-01	5.11e-02	1.35e-02	6.24e-03	1.86e-04	1.76e-06
 7.71596e+22	5.39e-20	7.59e-14	2.10e-11	9.01e-10	2.06e-06	5.61e-04	2.96e-02	2.74e-01	4.05e-01	2.27e-01	4.60e-02	1.20e-02	5.26e-03	1.48e-04	1.33e-06
 7.73830e+22	7.21e-20	9.78e-14	2.61e-11	1.09e-09	2.37e-06	6.24e-04	3.20e-02	2.87e-01	4.05e-01	2.17e-01	4.24e-02	1.09e-02	4.60e-03	1.24e-04	1.07e-06
 7.76074e+22	1.06e-19	1.36e-13	3.48e-11	1.39e-09	2.85e-06	7.18e-04	3.53e-02	3.05e-01	4.03e-01	2.04e-01	3.79e-02	9.55e-03	3.85e-03	9.86e-05	8.00e-07
 7.78319e+22	1.41e-19	1.75e-13	4.33e-11	1.67e-09	3.28e-06	7.98e-04	3.81e-02	3.19e-01	4.00e-01	1.95e-01	3.48e-02	8.64e-03	3.36e-03	8.25e-05	6.42e-07
 7.80565e+22	2.06e-19	2.42e-13	5.74e-11	2.13e-09	3.95e-06	9.17e-04	4.19e-02	3.37e-01	3.96e-01	1.82e-01	3.09e-02	7.57e-03	2.80e-03	6.51e-05	4.80e-07
 7.82821e+22	2.74e-19	3.11e-13	7.13e-11	2.57e-09	4.55e-06	1.02e-03	4.50e-02	3.51e-01	3.92e-01	1.73e-01	2.82e-02	6.82e-03	2.43e-03	5.42e-05	3.84e-07
 7.85089e+22	3.98e-19	4.29e-13	9.45e-11	3.28e-09	5.48e-06	1.17e-03	4.94e-02	3.70e-01	3.86e-01	1.61e-01	2.50e-02	5.94e-03	2.02e-03	4.26e-05	2.86e-07
