#depth	N	N+	N+2	N+3	N+4	N+5	N+6	N+7
 4.62852e+21	0.00e+00	0.00e+00	0.00e+00	1.12e-23	2.60e-17	1.33e-10	2.50e-05	1.00e+00
 1.05199e+22	0.00e+00	0.00e+00	8.35e-30	4.78e-23	7.74e-17	2.75e-10	3.59e-05	1.00e+00
 1.26148e+22	0.00e+00	0.00e+00	2.60e-29	1.18e-22	1.58e-16	4.43e-10	4.55e-05	1.00e+00
 1.41126e+22	0.00e+00	0.00e+00	6.72e-29	2.52e-22	2.80e-16	6.48e-10	5.49e-05	1.00e+00
 1.50751e+22	0.00e+00	0.00e+00	1.00e-28	3.47e-22	3.57e-16	7.61e-10	5.95e-05	1.00e+00
 1.57576e+22	0.00e+00	0.00e+00	1.78e-28	5.48e-22	5.03e-16	9.57e-10	6.67e-05	1.00e+00
 1.64541e+22	0.00e+00	0.00e+00	2.70e-28	7.66e-22	6.47e-16	1.13e-09	7.25e-05	1.00e+00
 1.71688e+22	0.00e+00	0.00e+00	4.90e-28	1.24e-21	9.29e-16	1.44e-09	8.17e-05	1.00e+00
 1.78813e+22	0.00e+00	0.00e+00	7.43e-28	1.73e-21	1.19e-15	1.70e-09	8.87e-05	1.00e+00
 1.85908e+22	0.00e+00	0.00e+00	1.34e-27	2.78e-21	1.71e-15	2.15e-09	9.98e-05	1.00e+00
 1.93016e+22	0.00e+00	0.00e+00	2.04e-27	3.88e-21	2.19e-15	2.54e-09	1.08e-04	1.00e+00
 1.98559e+22	0.00e+00	0.00e+00	2.90e-27	5.15e-21	2.72e-15	2.93e-09	1.16e-04	1.00e+00
 2.03355e+22	0.00e+00	0.00e+00	4.06e-27	6.75e-21	3.33e-15	3.35e-09	1.24e-04	1.00e+00
 2.08763e+22	0.00e+00	0.00e+00	6.33e-27	9.64e-21	4.37e-15	4.01e-09	1.36e-04	1.00e+00
 2.14097e+22	0.00e+00	0.00e+00	8.58e-27	1.23e-20	5.24e-15	4.53e-09	1.44e-04	1.00e+00
 2.19335e+22	0.00e+00	0.00e+00	1.30e-26	1.71e-20	6.74e-15	5.34e-09	1.57e-04	1.00e+00
 2.24690e+22	0.00e+00	0.00e+00	1.84e-26	2.27e-20	8.32e-15	6.14e-09	1.68e-04	1.00e+00
 2.29402e+22	0.00e+00	0.00e+00	2.55e-26	2.95e-20	1.02e-14	7.01e-09	1.79e-04	1.00e+00
 2.34733e+22	0.00e+00	0.00e+00	3.86e-26	4.12e-20	1.31e-14	8.27e-09	1.95e-04	1.00e+00
 2.40165e+22	0.00e+00	4.28e-33	5.47e-26	5.46e-20	1.62e-14	9.52e-09	2.09e-04	1.00e+00
 2.44953e+22	0.00e+00	6.41e-33	7.66e-26	7.15e-20	1.98e-14	1.09e-08	2.23e-04	1.00e+00
 2.50404e+22	0.00e+00	1.09e-32	1.20e-25	1.02e-19	2.60e-14	1.30e-08	2.44e-04	1.00e+00
 2.55782e+22	0.00e+00	1.57e-32	1.62e-25	1.31e-19	3.13e-14	1.47e-08	2.59e-04	1.00e+00
 2.61066e+22	0.00e+00	2.65e-32	2.52e-25	1.86e-19	4.10e-14	1.76e-08	2.82e-04	1.00e+00
 2.66355e+22	0.00e+00	3.81e-32	3.40e-25	2.38e-19	4.93e-14	1.98e-08	3.00e-04	1.00e+00
 2.70770e+22	0.00e+00	5.43e-32	4.58e-25	3.02e-19	5.91e-14	2.24e-08	3.18e-04	1.00e+00
 2.74883e+22	0.00e+00	7.64e-32	6.09e-25	3.80e-19	7.04e-14	2.51e-08	3.37e-04	1.00e+00
 2.78818e+22	0.00e+00	1.06e-31	8.01e-25	4.74e-19	8.33e-14	2.80e-08	3.55e-04	1.00e+00
 2.83266e+22	0.00e+00	1.60e-31	1.13e-24	6.28e-19	1.03e-13	3.22e-08	3.81e-04	1.00e+00
 2.87786e+22	0.00e+00	2.25e-31	1.51e-24	7.88e-19	1.23e-13	3.61e-08	4.03e-04	1.00e+00
 2.92402e+22	0.00e+00	3.45e-31	2.16e-24	1.05e-18	1.53e-13	4.17e-08	4.32e-04	1.00e+00
 2.96997e+22	0.00e+00	4.80e-31	2.84e-24	1.32e-18	1.82e-13	4.67e-08	4.57e-04	1.00e+00
 3.00962e+22	0.00e+00	6.67e-31	3.74e-24	1.66e-18	2.16e-13	5.22e-08	4.83e-04	1.00e+00
 3.05512e+22	0.00e+00	1.02e-30	5.33e-24	2.21e-18	2.68e-13	6.03e-08	5.18e-04	9.99e-01
 3.10066e+22	0.00e+00	1.42e-30	7.05e-24	2.76e-18	3.18e-13	6.74e-08	5.47e-04	9.99e-01
 3.13700e+22	0.00e+00	1.90e-30	9.00e-24	3.36e-18	3.70e-13	7.44e-08	5.74e-04	9.99e-01
 3.16970e+22	0.00e+00	2.50e-30	1.13e-23	4.05e-18	4.26e-13	8.16e-08	6.01e-04	9.99e-01
 3.20690e+22	0.00e+00	3.45e-30	1.49e-23	5.05e-18	5.04e-13	9.11e-08	6.34e-04	9.99e-01
 3.24594e+22	0.00e+00	4.70e-30	1.92e-23	6.21e-18	5.90e-13	1.01e-07	6.67e-04	9.99e-01
 3.28050e+22	0.00e+00	6.23e-30	2.44e-23	7.53e-18	6.83e-13	1.11e-07	6.99e-04	9.99e-01
 3.31856e+22	0.00e+00	8.72e-30	3.23e-23	9.47e-18	8.15e-13	1.25e-07	7.39e-04	9.99e-01
 3.35846e+22	0.00e+00	1.20e-29	4.21e-23	1.17e-17	9.58e-13	1.39e-07	7.79e-04	9.99e-01
 3.39304e+22	0.00e+00	1.58e-29	5.33e-23	1.42e-17	1.11e-12	1.53e-07	8.16e-04	9.99e-01
 3.43029e+22	0.00e+00	2.20e-29	7.02e-23	1.77e-17	1.32e-12	1.71e-07	8.61e-04	9.99e-01
 3.46654e+22	0.00e+00	2.89e-29	8.83e-23	2.13e-17	1.51e-12	1.87e-07	9.01e-04	9.99e-01
 3.49522e+22	0.00e+00	3.65e-29	1.07e-22	2.50e-17	1.71e-12	2.02e-07	9.37e-04	9.99e-01
 3.52626e+22	0.00e+00	4.78e-29	1.35e-22	3.00e-17	1.97e-12	2.22e-07	9.79e-04	9.99e-01
 3.56004e+22	0.00e+00	6.23e-29	1.68e-22	3.60e-17	2.26e-12	2.43e-07	1.02e-03	9.99e-01
 3.59109e+22	0.00e+00	8.00e-29	2.07e-22	4.26e-17	2.57e-12	2.64e-07	1.07e-03	9.99e-01
 3.62041e+22	0.00e+00	1.02e-28	2.54e-22	5.03e-17	2.91e-12	2.87e-07	1.11e-03	9.99e-01
 3.65382e+22	0.00e+00	1.36e-28	3.25e-22	6.13e-17	3.39e-12	3.17e-07	1.16e-03	9.99e-01
 3.68889e+22	0.00e+00	1.80e-28	4.10e-22	7.39e-17	3.91e-12	3.48e-07	1.22e-03	9.99e-01
 3.71953e+22	0.00e+00	2.31e-28	5.05e-22	8.76e-17	4.46e-12	3.79e-07	1.27e-03	9.99e-01
 3.74630e+22	0.00e+00	2.87e-28	6.06e-22	1.01e-16	4.98e-12	4.08e-07	1.32e-03	9.99e-01
 3.77086e+22	0.00e+00	3.50e-28	7.15e-22	1.16e-16	5.53e-12	4.36e-07	1.36e-03	9.99e-01
 3.79904e+22	0.00e+00	4.45e-28	8.75e-22	1.37e-16	6.27e-12	4.73e-07	1.42e-03	9.99e-01
 3.82954e+22	0.00e+00	5.70e-28	1.08e-21	1.62e-16	7.12e-12	5.15e-07	1.48e-03	9.99e-01
 3.85697e+22	0.00e+00	7.08e-28	1.29e-21	1.87e-16	7.97e-12	5.54e-07	1.53e-03	9.98e-01
 3.88657e+22	0.00e+00	9.19e-28	1.61e-21	2.24e-16	9.14e-12	6.06e-07	1.60e-03	9.98e-01
 3.91695e+22	0.00e+00	1.16e-27	1.96e-21	2.63e-16	1.03e-11	6.57e-07	1.66e-03	9.98e-01
 3.94305e+22	0.00e+00	1.44e-27	2.34e-21	3.04e-16	1.15e-11	7.06e-07	1.72e-03	9.98e-01
 3.97168e+22	0.00e+00	1.85e-27	2.89e-21	3.60e-16	1.31e-11	7.69e-07	1.80e-03	9.98e-01
 4.00220e+22	0.00e+00	2.35e-27	3.54e-21	4.24e-16	1.49e-11	8.34e-07	1.87e-03	9.98e-01
 4.02971e+22	0.00e+00	2.94e-27	4.27e-21	4.93e-16	1.67e-11	9.00e-07	1.94e-03	9.98e-01
 4.05442e+22	0.00e+00	3.60e-27	5.05e-21	5.65e-16	1.85e-11	9.63e-07	2.01e-03	9.98e-01
 4.07736e+22	0.00e+00	4.33e-27	5.90e-21	6.41e-16	2.04e-11	1.03e-06	2.07e-03	9.98e-01
 4.10361e+22	0.00e+00	5.42e-27	7.12e-21	7.47e-16	2.29e-11	1.11e-06	2.15e-03	9.98e-01
 4.13181e+22	0.00e+00	6.77e-27	8.58e-21	8.68e-16	2.57e-11	1.20e-06	2.23e-03	9.98e-01
 4.15741e+22	0.00e+00	8.35e-27	1.02e-20	1.00e-15	2.87e-11	1.28e-06	2.31e-03	9.98e-01
 4.18178e+22	2.31e-34	1.02e-26	1.21e-20	1.15e-15	3.19e-11	1.38e-06	2.39e-03	9.98e-01
 4.20576e+22	2.90e-34	1.24e-26	1.43e-20	1.31e-15	3.52e-11	1.47e-06	2.46e-03	9.98e-01
 4.23300e+22	3.81e-34	1.57e-26	1.74e-20	1.54e-15	3.99e-11	1.59e-06	2.56e-03	9.97e-01
 4.26148e+22	4.96e-34	1.97e-26	2.10e-20	1.79e-15	4.47e-11	1.72e-06	2.66e-03	9.97e-01
 4.28621e+22	6.27e-34	2.41e-26	2.48e-20	2.05e-15	4.96e-11	1.84e-06	2.75e-03	9.97e-01
 4.31299e+22	8.24e-34	3.05e-26	3.03e-20	2.41e-15	5.61e-11	2.00e-06	2.86e-03	9.97e-01
 4.33997e+22	1.05e-33	3.75e-26	3.60e-20	2.77e-15	6.23e-11	2.14e-06	2.96e-03	9.97e-01
 4.36257e+22	1.30e-33	4.51e-26	4.20e-20	3.13e-15	6.85e-11	2.28e-06	3.06e-03	9.97e-01
 4.38732e+22	1.67e-33	5.59e-26	5.03e-20	3.63e-15	7.67e-11	2.46e-06	3.17e-03	9.97e-01
 4.41400e+22	2.15e-33	6.94e-26	6.02e-20	4.19e-15	8.55e-11	2.64e-06	3.28e-03	9.97e-01
 4.43837e+22	2.69e-33	8.42e-26	7.08e-20	4.78e-15	9.45e-11	2.82e-06	3.39e-03	9.97e-01
 4.46519e+22	3.55e-33	1.07e-25	8.63e-20	5.61e-15	1.07e-10	3.06e-06	3.53e-03	9.96e-01
 4.49261e+22	4.56e-33	1.32e-25	1.03e-19	6.48e-15	1.19e-10	3.29e-06	3.66e-03	9.96e-01
 4.51546e+22	5.66e-33	1.59e-25	1.21e-19	7.33e-15	1.31e-10	3.50e-06	3.78e-03	9.96e-01
 4.53984e+22	7.26e-33	1.97e-25	1.44e-19	8.48e-15	1.46e-10	3.77e-06	3.92e-03	9.96e-01
 4.56617e+22	9.27e-33	2.43e-25	1.72e-19	9.75e-15	1.62e-10	4.05e-06	4.06e-03	9.96e-01
 4.59053e+22	1.17e-32	2.97e-25	2.03e-19	1.11e-14	1.80e-10	4.33e-06	4.20e-03	9.96e-01
 4.61769e+22	1.55e-32	3.78e-25	2.48e-19	1.31e-14	2.03e-10	4.70e-06	4.37e-03	9.96e-01
 4.64599e+22	2.03e-32	4.76e-25	3.00e-19	1.53e-14	2.28e-10	5.08e-06	4.54e-03	9.95e-01
 4.66937e+22	2.53e-32	5.73e-25	3.50e-19	1.73e-14	2.50e-10	5.41e-06	4.69e-03	9.95e-01
 4.69334e+22	3.25e-32	7.12e-25	4.19e-19	1.99e-14	2.78e-10	5.82e-06	4.87e-03	9.95e-01
 4.71906e+22	4.14e-32	8.73e-25	4.97e-19	2.28e-14	3.08e-10	6.24e-06	5.04e-03	9.95e-01
 4.74306e+22	5.23e-32	1.07e-24	5.86e-19	2.60e-14	3.40e-10	6.67e-06	5.21e-03	9.95e-01
 4.77029e+22	7.08e-32	1.38e-24	7.26e-19	3.09e-14	3.86e-10	7.28e-06	5.45e-03	9.95e-01
 4.79750e+22	9.02e-32	1.70e-24	8.60e-19	3.54e-14	4.26e-10	7.80e-06	5.64e-03	9.94e-01
 4.82007e+22	1.13e-31	2.05e-24	1.01e-18	4.00e-14	4.67e-10	8.30e-06	5.83e-03	9.94e-01
 4.84478e+22	1.48e-31	2.58e-24	1.22e-18	4.65e-14	5.22e-10	8.97e-06	6.07e-03	9.94e-01
 4.87030e+22	1.87e-31	3.15e-24	1.43e-18	5.30e-14	5.75e-10	9.58e-06	6.28e-03	9.94e-01
 4.89337e+22	2.37e-31	3.84e-24	1.69e-18	6.02e-14	6.31e-10	1.02e-05	6.50e-03	9.93e-01
 4.91985e+22	3.19e-31	4.95e-24	2.08e-18	7.09e-14	7.11e-10	1.11e-05	6.79e-03	9.93e-01
 4.94649e+22	4.08e-31	6.10e-24	2.47e-18	8.11e-14	7.85e-10	1.19e-05	7.04e-03	9.93e-01
 4.96870e+22	5.15e-31	7.42e-24	2.89e-18	9.18e-14	8.57e-10	1.27e-05	7.28e-03	9.93e-01
 4.98945e+22	6.30e-31	8.81e-24	3.33e-18	1.03e-13	9.32e-10	1.35e-05	7.50e-03	9.92e-01
 5.01290e+22	8.27e-31	1.11e-23	4.01e-18	1.19e-13	1.03e-09	1.45e-05	7.81e-03	9.92e-01
 5.03728e+22	1.05e-30	1.36e-23	4.73e-18	1.35e-13	1.13e-09	1.55e-05	8.09e-03	9.92e-01
 5.05915e+22	1.33e-30	1.65e-23	5.55e-18	1.53e-13	1.23e-09	1.65e-05	8.38e-03	9.92e-01
 5.08386e+22	1.76e-30	2.09e-23	6.72e-18	1.77e-13	1.37e-09	1.78e-05	8.73e-03	9.91e-01
 5.10866e+22	2.27e-30	2.59e-23	7.99e-18	2.02e-13	1.51e-09	1.91e-05	9.06e-03	9.91e-01
 5.12891e+22	2.80e-30	3.08e-23	9.21e-18	2.26e-13	1.63e-09	2.02e-05	9.35e-03	9.91e-01
 5.15057e+22	3.63e-30	3.84e-23	1.10e-17	2.58e-13	1.79e-09	2.17e-05	9.71e-03	9.90e-01
 5.17346e+22	4.62e-30	4.69e-23	1.29e-17	2.92e-13	1.95e-09	2.31e-05	1.01e-02	9.90e-01
 5.19436e+22	5.80e-30	5.67e-23	1.51e-17	3.29e-13	2.12e-09	2.46e-05	1.04e-02	9.90e-01
 5.21798e+22	7.80e-30	7.26e-23	1.84e-17	3.82e-13	2.35e-09	2.66e-05	1.09e-02	9.89e-01
 5.24113e+22	9.79e-30	8.79e-23	2.14e-17	4.30e-13	2.55e-09	2.83e-05	1.12e-02	9.89e-01
 5.26073e+22	1.23e-29	1.07e-22	2.50e-17	4.83e-13	2.76e-09	3.01e-05	1.16e-02	9.88e-01
 5.28007e+22	1.53e-29	1.28e-22	2.89e-17	5.40e-13	2.98e-09	3.19e-05	1.20e-02	9.88e-01
 5.30201e+22	2.01e-29	1.60e-22	3.46e-17	6.20e-13	3.27e-09	3.43e-05	1.25e-02	9.87e-01
 5.32483e+22	2.58e-29	1.97e-22	4.09e-17	7.02e-13	3.56e-09	3.66e-05	1.30e-02	9.87e-01
 5.34498e+22	3.23e-29	2.38e-22	4.76e-17	7.89e-13	3.86e-09	3.89e-05	1.34e-02	9.87e-01
 5.36414e+22	4.07e-29	2.88e-22	5.55e-17	8.85e-13	4.16e-09	4.13e-05	1.39e-02	9.86e-01
 5.38291e+22	5.03e-29	3.44e-22	6.40e-17	9.87e-13	4.48e-09	4.37e-05	1.43e-02	9.86e-01
 5.40437e+22	6.65e-29	4.33e-22	7.70e-17	1.13e-12	4.93e-09	4.71e-05	1.49e-02	9.85e-01
 5.42657e+22	8.53e-29	5.33e-22	9.09e-17	1.28e-12	5.36e-09	5.02e-05	1.55e-02	9.84e-01
 5.44582e+22	1.07e-28	6.43e-22	1.06e-16	1.44e-12	5.79e-09	5.33e-05	1.60e-02	9.84e-01
 5.46697e+22	1.41e-28	8.08e-22	1.27e-16	1.65e-12	6.35e-09	5.73e-05	1.66e-02	9.83e-01
 5.48895e+22	1.81e-28	9.98e-22	1.50e-16	1.88e-12	6.92e-09	6.13e-05	1.72e-02	9.83e-01
 5.50837e+22	2.29e-28	1.21e-21	1.75e-16	2.11e-12	7.49e-09	6.52e-05	1.78e-02	9.82e-01
 5.52997e+22	3.08e-28	1.55e-21	2.14e-16	2.45e-12	8.28e-09	7.05e-05	1.86e-02	9.81e-01
 5.55172e+22	3.93e-28	1.90e-21	2.51e-16	2.77e-12	8.98e-09	7.52e-05	1.93e-02	9.81e-01
 5.57079e+22	5.00e-28	2.32e-21	2.95e-16	3.12e-12	9.74e-09	8.01e-05	2.00e-02	9.80e-01
 5.59271e+22	6.73e-28	2.97e-21	3.59e-16	3.63e-12	1.08e-08	8.67e-05	2.08e-02	9.79e-01
 5.61544e+22	8.89e-28	3.74e-21	4.32e-16	4.17e-12	1.18e-08	9.32e-05	2.17e-02	9.78e-01
 5.63545e+22	1.14e-27	4.61e-21	5.11e-16	4.73e-12	1.29e-08	9.95e-05	2.25e-02	9.77e-01
 5.65772e+22	1.56e-27	5.97e-21	6.28e-16	5.53e-12	1.43e-08	1.08e-04	2.35e-02	9.76e-01
 5.67961e+22	1.99e-27	7.32e-21	7.41e-16	6.27e-12	1.56e-08	1.15e-04	2.43e-02	9.76e-01
 5.69795e+22	2.54e-27	8.96e-21	8.71e-16	7.08e-12	1.69e-08	1.23e-04	2.51e-02	9.75e-01
 5.71871e+22	3.47e-27	1.16e-20	1.07e-15	8.29e-12	1.88e-08	1.33e-04	2.63e-02	9.74e-01
 5.73797e+22	4.29e-27	1.39e-20	1.24e-15	9.23e-12	2.02e-08	1.41e-04	2.71e-02	9.73e-01
 5.75528e+22	5.57e-27	1.73e-20	1.47e-15	1.05e-11	2.20e-08	1.51e-04	2.80e-02	9.72e-01
 5.77303e+22	6.96e-27	2.08e-20	1.71e-15	1.18e-11	2.38e-08	1.60e-04	2.89e-02	9.71e-01
 5.78763e+22	8.46e-27	2.44e-20	1.95e-15	1.30e-11	2.54e-08	1.68e-04	2.97e-02	9.70e-01
 5.80077e+22	1.02e-26	2.86e-20	2.21e-15	1.43e-11	2.71e-08	1.77e-04	3.05e-02	9.69e-01
 5.81575e+22	1.28e-26	3.46e-20	2.58e-15	1.61e-11	2.93e-08	1.87e-04	3.14e-02	9.68e-01
 5.83138e+22	1.58e-26	4.12e-20	2.96e-15	1.79e-11	3.14e-08	1.98e-04	3.23e-02	9.67e-01
 5.84468e+22	1.90e-26	4.81e-20	3.36e-15	1.97e-11	3.35e-08	2.07e-04	3.31e-02	9.67e-01
 5.85678e+22	2.29e-26	5.61e-20	3.80e-15	2.16e-11	3.57e-08	2.17e-04	3.39e-02	9.66e-01
 5.87051e+22	2.86e-26	6.76e-20	4.42e-15	2.42e-11	3.85e-08	2.30e-04	3.50e-02	9.65e-01
 5.88463e+22	3.47e-26	7.95e-20	5.03e-15	2.67e-11	4.12e-08	2.42e-04	3.59e-02	9.64e-01
 5.89723e+22	4.18e-26	9.29e-20	5.71e-15	2.94e-11	4.39e-08	2.54e-04	3.68e-02	9.63e-01
 5.90922e+22	5.04e-26	1.09e-19	6.47e-15	3.23e-11	4.68e-08	2.66e-04	3.77e-02	9.62e-01
 5.92053e+22	6.03e-26	1.26e-19	7.30e-15	3.54e-11	4.98e-08	2.78e-04	3.85e-02	9.61e-01
 5.93328e+22	7.52e-26	1.52e-19	8.48e-15	3.97e-11	5.38e-08	2.94e-04	3.97e-02	9.60e-01
 5.94633e+22	9.18e-26	1.79e-19	9.71e-15	4.40e-11	5.76e-08	3.09e-04	4.07e-02	9.59e-01
 5.95761e+22	1.10e-25	2.09e-19	1.10e-14	4.83e-11	6.13e-08	3.24e-04	4.16e-02	9.58e-01
 5.97014e+22	1.39e-25	2.54e-19	1.29e-14	5.45e-11	6.65e-08	3.43e-04	4.29e-02	9.57e-01
 5.98300e+22	1.71e-25	3.02e-19	1.48e-14	6.06e-11	7.15e-08	3.61e-04	4.40e-02	9.56e-01
 5.99427e+22	2.05e-25	3.51e-19	1.67e-14	6.67e-11	7.62e-08	3.78e-04	4.50e-02	9.55e-01
 6.00508e+22	2.49e-25	4.14e-19	1.91e-14	7.37e-11	8.16e-08	3.97e-04	4.61e-02	9.54e-01
 6.01538e+22	2.96e-25	4.79e-19	2.15e-14	8.07e-11	8.67e-08	4.14e-04	4.71e-02	9.52e-01
 6.02687e+22	3.78e-25	5.88e-19	2.54e-14	9.17e-11	9.45e-08	4.39e-04	4.85e-02	9.51e-01
 6.03835e+22	4.57e-25	6.91e-19	2.90e-14	1.01e-10	1.01e-07	4.60e-04	4.97e-02	9.50e-01
 6.04981e+22	5.85e-25	8.50e-19	3.43e-14	1.15e-10	1.10e-07	4.89e-04	5.11e-02	9.48e-01
 6.06143e+22	7.15e-25	1.01e-18	3.94e-14	1.28e-10	1.18e-07	5.13e-04	5.24e-02	9.47e-01
 6.07328e+22	9.39e-25	1.27e-18	4.75e-14	1.48e-10	1.30e-07	5.48e-04	5.41e-02	9.45e-01
 6.08492e+22	1.14e-24	1.49e-18	5.42e-14	1.63e-10	1.40e-07	5.74e-04	5.54e-02	9.44e-01
 6.09631e+22	1.50e-24	1.88e-18	6.56e-14	1.89e-10	1.54e-07	6.13e-04	5.72e-02	9.42e-01
 6.10767e+22	1.83e-24	2.22e-18	7.51e-14	2.10e-10	1.65e-07	6.43e-04	5.85e-02	9.41e-01
 6.11900e+22	2.43e-24	2.83e-18	9.15e-14	2.44e-10	1.83e-07	6.88e-04	6.04e-02	9.39e-01
 6.13034e+22	2.99e-24	3.37e-18	1.06e-13	2.72e-10	1.97e-07	7.23e-04	6.19e-02	9.37e-01
 6.14170e+22	4.04e-24	4.34e-18	1.30e-13	3.19e-10	2.20e-07	7.75e-04	6.40e-02	9.35e-01
 6.15312e+22	5.01e-24	5.21e-18	1.51e-13	3.58e-10	2.38e-07	8.16e-04	6.56e-02	9.34e-01
 6.16460e+22	6.78e-24	6.73e-18	1.86e-13	4.21e-10	2.65e-07	8.76e-04	6.79e-02	9.31e-01
 6.17570e+22	8.39e-24	8.06e-18	2.16e-13	4.71e-10	2.86e-07	9.21e-04	6.95e-02	9.30e-01
 6.18630e+22	1.12e-23	1.03e-17	2.64e-13	5.49e-10	3.18e-07	9.85e-04	7.18e-02	9.27e-01
 6.19709e+22	1.41e-23	1.25e-17	3.09e-13	6.21e-10	3.45e-07	1.04e-03	7.37e-02	9.25e-01
 6.20812e+22	1.91e-23	1.62e-17	3.83e-13	7.31e-10	3.86e-07	1.12e-03	7.62e-02	9.23e-01
 6.21935e+22	2.43e-23	1.99e-17	4.54e-13	8.34e-10	4.22e-07	1.18e-03	7.83e-02	9.21e-01
 6.23082e+22	3.36e-23	2.62e-17	5.69e-13	9.92e-10	4.75e-07	1.27e-03	8.11e-02	9.18e-01
 6.24235e+22	4.31e-23	3.24e-17	6.77e-13	1.13e-09	5.20e-07	1.35e-03	8.34e-02	9.15e-01
 6.25395e+22	6.00e-23	4.28e-17	8.53e-13	1.36e-09	5.87e-07	1.46e-03	8.64e-02	9.12e-01
 6.26531e+22	7.60e-23	5.24e-17	1.01e-12	1.54e-09	6.41e-07	1.54e-03	8.87e-02	9.10e-01
 6.27634e+22	1.04e-22	6.85e-17	1.26e-12	1.83e-09	7.21e-07	1.66e-03	9.19e-02	9.06e-01
 6.28757e+22	1.33e-22	8.42e-17	1.49e-12	2.09e-09	7.89e-07	1.75e-03	9.43e-02	9.04e-01
 6.29907e+22	1.84e-22	1.11e-16	1.88e-12	2.49e-09	8.90e-07	1.89e-03	9.78e-02	9.00e-01
 6.31054e+22	2.33e-22	1.36e-16	2.22e-12	2.83e-09	9.73e-07	2.00e-03	1.00e-01	8.98e-01
 6.32198e+22	3.20e-22	1.78e-16	2.78e-12	3.37e-09	1.10e-06	2.16e-03	1.04e-01	8.94e-01
 6.33361e+22	4.06e-22	2.18e-16	3.28e-12	3.84e-09	1.20e-06	2.28e-03	1.07e-01	8.91e-01
 6.34548e+22	5.58e-22	2.86e-16	4.11e-12	4.58e-09	1.35e-06	2.46e-03	1.11e-01	8.87e-01
 6.35764e+22	7.11e-22	3.52e-16	4.88e-12	5.23e-09	1.48e-06	2.61e-03	1.14e-01	8.84e-01
 6.37018e+22	9.80e-22	4.63e-16	6.13e-12	6.25e-09	1.68e-06	2.82e-03	1.18e-01	8.80e-01
 6.38254e+22	1.23e-21	5.62e-16	7.21e-12	7.09e-09	1.83e-06	2.98e-03	1.21e-01	8.76e-01
 6.39468e+22	1.66e-21	7.25e-16	8.91e-12	8.36e-09	2.05e-06	3.20e-03	1.25e-01	8.72e-01
 6.40717e+22	2.10e-21	8.88e-16	1.05e-11	9.54e-09	2.25e-06	3.39e-03	1.28e-01	8.68e-01
 6.42013e+22	2.85e-21	1.15e-15	1.31e-11	1.13e-08	2.53e-06	3.66e-03	1.33e-01	8.64e-01
 6.43340e+22	3.61e-21	1.41e-15	1.55e-11	1.29e-08	2.78e-06	3.88e-03	1.36e-01	8.60e-01
 6.44708e+22	4.91e-21	1.84e-15	1.93e-11	1.53e-08	3.13e-06	4.18e-03	1.41e-01	8.55e-01
 6.46075e+22	6.18e-21	2.24e-15	2.28e-11	1.75e-08	3.43e-06	4.43e-03	1.45e-01	8.51e-01
 6.47441e+22	8.35e-21	2.90e-15	2.83e-11	2.07e-08	3.86e-06	4.77e-03	1.50e-01	8.46e-01
 6.48826e+22	1.04e-20	3.51e-15	3.32e-11	2.35e-08	4.22e-06	5.05e-03	1.53e-01	8.41e-01
 6.50236e+22	1.40e-20	4.52e-15	4.11e-11	2.78e-08	4.75e-06	5.44e-03	1.59e-01	8.36e-01
 6.51674e+22	1.76e-20	5.50e-15	4.85e-11	3.16e-08	5.21e-06	5.76e-03	1.63e-01	8.31e-01
 6.52922e+22	2.19e-20	6.62e-15	5.66e-11	3.58e-08	5.68e-06	6.08e-03	1.67e-01	8.27e-01
 6.54313e+22	2.89e-20	8.40e-15	6.91e-11	4.19e-08	6.35e-06	6.52e-03	1.72e-01	8.21e-01
 6.55703e+22	3.54e-20	1.00e-14	8.02e-11	4.71e-08	6.90e-06	6.87e-03	1.76e-01	8.17e-01
 6.57090e+22	4.66e-20	1.27e-14	9.77e-11	5.51e-08	7.71e-06	7.37e-03	1.82e-01	8.11e-01
 6.58493e+22	5.68e-20	1.50e-14	1.13e-10	6.17e-08	8.36e-06	7.75e-03	1.86e-01	8.06e-01
 6.59915e+22	7.45e-20	1.90e-14	1.37e-10	7.22e-08	9.33e-06	8.31e-03	1.92e-01	8.00e-01
 6.61362e+22	9.11e-20	2.26e-14	1.59e-10	8.11e-08	1.01e-05	8.76e-03	1.96e-01	7.95e-01
 6.62640e+22	1.12e-19	2.69e-14	1.84e-10	9.11e-08	1.10e-05	9.23e-03	2.01e-01	7.90e-01
 6.63908e+22	1.36e-19	3.19e-14	2.13e-10	1.02e-07	1.20e-05	9.71e-03	2.05e-01	7.85e-01
 6.65365e+22	1.76e-19	3.97e-14	2.56e-10	1.19e-07	1.33e-05	1.04e-02	2.11e-01	7.79e-01
 6.66831e+22	2.14e-19	4.71e-14	2.95e-10	1.33e-07	1.44e-05	1.09e-02	2.16e-01	7.73e-01
 6.68311e+22	2.77e-19	5.87e-14	3.56e-10	1.54e-07	1.60e-05	1.17e-02	2.22e-01	7.66e-01
 6.69806e+22	3.35e-19	6.91e-14	4.08e-10	1.72e-07	1.74e-05	1.23e-02	2.27e-01	7.61e-01
 6.71322e+22	4.31e-19	8.61e-14	4.92e-10	2.00e-07	1.93e-05	1.31e-02	2.33e-01	7.54e-01
 6.72868e+22	5.23e-19	1.02e-13	5.66e-10	2.24e-07	2.09e-05	1.38e-02	2.38e-01	7.48e-01
 6.74454e+22	6.76e-19	1.27e-13	6.82e-10	2.60e-07	2.33e-05	1.47e-02	2.45e-01	7.40e-01
 6.76075e+22	8.24e-19	1.50e-13	7.88e-10	2.92e-07	2.53e-05	1.55e-02	2.50e-01	7.34e-01
 6.77740e+22	1.06e-18	1.88e-13	9.50e-10	3.39e-07	2.82e-05	1.66e-02	2.57e-01	7.26e-01
 6.79457e+22	1.31e-18	2.25e-13	1.11e-09	3.84e-07	3.08e-05	1.75e-02	2.63e-01	7.19e-01
 6.81242e+22	1.71e-18	2.82e-13	1.34e-09	4.48e-07	3.44e-05	1.88e-02	2.70e-01	7.11e-01
 6.82973e+22	2.06e-18	3.31e-13	1.54e-09	4.99e-07	3.72e-05	1.97e-02	2.76e-01	7.04e-01
 6.84634e+22	2.64e-18	4.11e-13	1.84e-09	5.78e-07	4.14e-05	2.10e-02	2.83e-01	6.96e-01
 6.86332e+22	3.19e-18	4.84e-13	2.12e-09	6.46e-07	4.48e-05	2.21e-02	2.89e-01	6.89e-01
 6.88076e+22	4.04e-18	5.93e-13	2.51e-09	7.41e-07	4.95e-05	2.35e-02	2.96e-01	6.81e-01
 6.89920e+22	5.04e-18	7.17e-13	2.95e-09	8.44e-07	5.43e-05	2.49e-02	3.03e-01	6.73e-01
 6.91618e+22	6.18e-18	8.55e-13	3.42e-09	9.50e-07	5.92e-05	2.62e-02	3.09e-01	6.65e-01
 6.93546e+22	8.00e-18	1.07e-12	4.13e-09	1.11e-06	6.60e-05	2.80e-02	3.17e-01	6.55e-01
 6.95576e+22	1.00e-17	1.30e-12	4.88e-09	1.26e-06	7.26e-05	2.97e-02	3.24e-01	6.46e-01
 6.97371e+22	1.23e-17	1.55e-12	5.65e-09	1.42e-06	7.91e-05	3.13e-02	3.30e-01	6.38e-01
 6.99337e+22	1.58e-17	1.92e-12	6.79e-09	1.65e-06	8.79e-05	3.34e-02	3.38e-01	6.28e-01
 7.01354e+22	1.97e-17	2.32e-12	7.96e-09	1.87e-06	9.64e-05	3.53e-02	3.45e-01	6.19e-01
 7.03141e+22	2.41e-17	2.77e-12	9.24e-09	2.11e-06	1.05e-04	3.72e-02	3.52e-01	6.11e-01
 7.05168e+22	3.11e-17	3.44e-12	1.11e-08	2.45e-06	1.17e-04	3.96e-02	3.60e-01	6.00e-01
 7.07260e+22	3.89e-17	4.18e-12	1.31e-08	2.79e-06	1.28e-04	4.20e-02	3.68e-01	5.90e-01
 7.09121e+22	4.78e-17	4.98e-12	1.52e-08	3.15e-06	1.40e-04	4.42e-02	3.74e-01	5.81e-01
 7.11223e+22	6.25e-17	6.29e-12	1.85e-08	3.69e-06	1.57e-04	4.73e-02	3.83e-01	5.69e-01
 7.13376e+22	7.84e-17	7.65e-12	2.18e-08	4.22e-06	1.73e-04	5.01e-02	3.91e-01	5.59e-01
 7.15304e+22	9.67e-17	9.16e-12	2.54e-08	4.77e-06	1.88e-04	5.28e-02	3.97e-01	5.50e-01
 7.17519e+22	1.29e-16	1.17e-11	3.14e-08	5.66e-06	2.13e-04	5.67e-02	4.07e-01	5.36e-01
 7.19750e+22	1.60e-16	1.41e-11	3.67e-08	6.42e-06	2.33e-04	5.98e-02	4.14e-01	5.26e-01
 7.22002e+22	2.14e-16	1.82e-11	4.55e-08	7.64e-06	2.64e-04	6.44e-02	4.23e-01	5.12e-01
 7.24279e+22	2.66e-16	2.20e-11	5.35e-08	8.72e-06	2.90e-04	6.80e-02	4.30e-01	5.01e-01
 7.26590e+22	3.58e-16	2.84e-11	6.66e-08	1.04e-05	3.30e-04	7.32e-02	4.40e-01	4.87e-01
 7.28934e+22	4.50e-16	3.47e-11	7.89e-08	1.19e-05	3.64e-04	7.75e-02	4.47e-01	4.75e-01
 7.30892e+22	5.49e-16	4.12e-11	9.14e-08	1.35e-05	3.96e-04	8.14e-02	4.53e-01	4.65e-01
 7.33008e+22	7.21e-16	5.23e-11	1.12e-07	1.59e-05	4.47e-04	8.72e-02	4.62e-01	4.51e-01
 7.35113e+22	8.77e-16	6.19e-11	1.30e-07	1.80e-05	4.87e-04	9.15e-02	4.67e-01	4.41e-01
 7.37206e+22	1.14e-15	7.79e-11	1.58e-07	2.11e-05	5.47e-04	9.77e-02	4.75e-01	4.27e-01
 7.39343e+22	1.39e-15	9.28e-11	1.84e-07	2.39e-05	5.98e-04	1.03e-01	4.81e-01	4.16e-01
 7.41536e+22	1.83e-15	1.18e-10	2.26e-07	2.84e-05	6.76e-04	1.10e-01	4.88e-01	4.01e-01
 7.43766e+22	2.26e-15	1.42e-10	2.65e-07	3.24e-05	7.44e-04	1.16e-01	4.94e-01	3.89e-01
 7.46041e+22	2.96e-15	1.80e-10	3.27e-07	3.86e-05	8.43e-04	1.24e-01	5.01e-01	3.74e-01
 7.48376e+22	3.69e-15	2.18e-10	3.86e-07	4.44e-05	9.33e-04	1.31e-01	5.06e-01	3.62e-01
 7.50788e+22	4.88e-15	2.79e-10	4.81e-07	5.34e-05	1.07e-03	1.41e-01	5.13e-01	3.45e-01
 7.53226e+22	6.06e-15	3.38e-10	5.69e-07	6.16e-05	1.18e-03	1.49e-01	5.17e-01	3.33e-01
 7.55648e+22	7.92e-15	4.29e-10	7.03e-07	7.38e-05	1.35e-03	1.60e-01	5.22e-01	3.17e-01
 7.58093e+22	9.79e-15	5.18e-10	8.32e-07	8.53e-05	1.50e-03	1.69e-01	5.26e-01	3.04e-01
 7.60482e+22	1.25e-14	6.45e-10	1.01e-06	1.01e-04	1.69e-03	1.80e-01	5.29e-01	2.89e-01
 7.62835e+22	1.52e-14	7.68e-10	1.19e-06	1.16e-04	1.87e-03	1.89e-01	5.31e-01	2.77e-01
 7.64903e+22	1.82e-14	9.04e-10	1.37e-06	1.32e-04	2.06e-03	1.99e-01	5.33e-01	2.66e-01
 7.67145e+22	2.26e-14	1.10e-09	1.64e-06	1.54e-04	2.31e-03	2.10e-01	5.34e-01	2.53e-01
 7.69358e+22	2.67e-14	1.28e-09	1.89e-06	1.74e-04	2.52e-03	2.20e-01	5.35e-01	2.42e-01
 7.71596e+22	3.29e-14	1.55e-09	2.25e-06	2.03e-04	2.83e-03	2.33e-01	5.35e-01	2.29e-01
 7.73830e+22	3.85e-14	1.78e-09	2.56e-06	2.28e-04	3.08e-03	2.43e-01	5.34e-01	2.19e-01
 7.76074e+22	4.68e-14	2.14e-09	3.03e-06	2.65e-04	3.45e-03	2.56e-01	5.33e-01	2.07e-01
 7.78319e+22	5.43e-14	2.45e-09	3.44e-06	2.97e-04	3.75e-03	2.66e-01	5.32e-01	1.98e-01
 7.80565e+22	6.54e-14	2.91e-09	4.04e-06	3.43e-04	4.18e-03	2.80e-01	5.29e-01	1.86e-01
 7.82821e+22	7.53e-14	3.31e-09	4.56e-06	3.83e-04	4.53e-03	2.91e-01	5.26e-01	1.78e-01
 7.85089e+22	8.97e-14	3.90e-09	5.32e-06	4.41e-04	5.04e-03	3.05e-01	5.22e-01	1.67e-01
 7.87373e+22	1.03e-13	4.42e-09	5.99e-06	4.90e-04	5.45e-03	3.16e-01	5.19e-01	1.59e-01
 7.89677e+22	1.22e-13	5.18e-09	6.97e-06	5.62e-04	6.04e-03	3.31e-01	5.13e-01	1.49e-01
 7.92009e+22	1.39e-13	5.86e-09	7.82e-06	6.25e-04	6.54e-03	3.43e-01	5.09e-01	1.41e-01
 7.94377e+22	1.63e-13	6.84e-09	9.07e-06	7.15e-04	7.24e-03	3.58e-01	5.02e-01	1.32e-01
 7.96782e+22	1.86e-13	7.73e-09	1.02e-05	7.94e-04	7.83e-03	3.70e-01	4.96e-01	1.25e-01
 7.99234e+22	2.18e-13	8.99e-09	1.18e-05	9.08e-04	8.67e-03	3.86e-01	4.89e-01	1.16e-01
 8.01736e+22	2.49e-13	1.02e-08	1.32e-05	1.01e-03	9.37e-03	3.98e-01	4.82e-01	1.10e-01
 8.04303e+22	2.92e-13	1.18e-08	1.54e-05	1.15e-03	1.04e-02	4.15e-01	4.73e-01	1.01e-01
 8.06899e+22	3.32e-13	1.34e-08	1.72e-05	1.28e-03	1.12e-02	4.27e-01	4.65e-01	9.53e-02
 8.09531e+22	3.87e-13	1.55e-08	1.99e-05	1.46e-03	1.24e-02	4.44e-01	4.55e-01	8.78e-02
 8.12062e+22	4.34e-13	1.73e-08	2.21e-05	1.59e-03	1.32e-02	4.55e-01	4.48e-01	8.30e-02
 8.14117e+22	4.82e-13	1.91e-08	2.43e-05	1.74e-03	1.41e-02	4.65e-01	4.40e-01	7.84e-02
 8.16442e+22	5.50e-13	2.17e-08	2.75e-05	1.94e-03	1.53e-02	4.79e-01	4.30e-01	7.28e-02
 8.18746e+22	6.08e-13	2.39e-08	3.01e-05	2.10e-03	1.63e-02	4.90e-01	4.23e-01	6.89e-02
 8.21021e+22	6.87e-13	2.69e-08	3.39e-05	2.34e-03	1.76e-02	5.03e-01	4.13e-01	6.39e-02
 8.23316e+22	7.63e-13	2.97e-08	3.71e-05	2.53e-03	1.87e-02	5.13e-01	4.05e-01	6.04e-02
 8.25637e+22	8.62e-13	3.34e-08	4.18e-05	2.80e-03	2.02e-02	5.26e-01	3.95e-01	5.59e-02
 8.27987e+22	9.57e-13	3.69e-08	4.58e-05	3.04e-03	2.14e-02	5.36e-01	3.87e-01	5.27e-02
 8.30376e+22	1.08e-12	4.16e-08	5.16e-05	3.37e-03	2.32e-02	5.49e-01	3.76e-01	4.86e-02
 8.32799e+22	1.20e-12	4.60e-08	5.67e-05	3.65e-03	2.45e-02	5.59e-01	3.67e-01	4.57e-02
 8.35268e+22	1.36e-12	5.19e-08	6.39e-05	4.04e-03	2.65e-02	5.71e-01	3.56e-01	4.20e-02
 8.37781e+22	1.52e-12	5.76e-08	7.04e-05	4.38e-03	2.81e-02	5.81e-01	3.47e-01	3.93e-02
 8.40351e+22	1.73e-12	6.52e-08	7.96e-05	4.86e-03	3.04e-02	5.93e-01	3.36e-01	3.60e-02
 8.42975e+22	1.94e-12	7.28e-08	8.81e-05	5.27e-03	3.22e-02	6.02e-01	3.27e-01	3.36e-02
 8.45670e+22	2.21e-12	8.25e-08	1.00e-04	5.86e-03	3.49e-02	6.14e-01	3.14e-01	3.05e-02
 8.48380e+22	2.48e-12	9.20e-08	1.11e-04	6.35e-03	3.69e-02	6.23e-01	3.05e-01	2.84e-02
 8.51109e+22	2.83e-12	1.05e-07	1.26e-04	7.05e-03	3.99e-02	6.34e-01	2.93e-01	2.57e-02
 8.53875e+22	3.19e-12	1.17e-07	1.39e-04	7.64e-03	4.22e-02	6.42e-01	2.84e-01	2.39e-02
 8.56691e+22	3.65e-12	1.34e-07	1.58e-04	8.48e-03	4.56e-02	6.52e-01	2.72e-01	2.16e-02
 8.59427e+22	4.10e-12	1.49e-07	1.75e-04	9.13e-03	4.79e-02	6.59e-01	2.64e-01	2.01e-02
 8.62062e+22	4.63e-12	1.68e-07	1.97e-04	1.00e-02	5.14e-02	6.67e-01	2.53e-01	1.82e-02
 8.64564e+22	5.11e-12	1.84e-07	2.14e-04	1.07e-02	5.37e-02	6.72e-01	2.46e-01	1.71e-02
 8.66893e+22	5.75e-12	2.06e-07	2.38e-04	1.16e-02	5.68e-02	6.79e-01	2.37e-01	1.57e-02
 8.69334e+22	6.40e-12	2.27e-07	2.61e-04	1.24e-02	5.97e-02	6.84e-01	2.29e-01	1.46e-02
 8.71565e+22	7.05e-12	2.50e-07	2.86e-04	1.33e-02	6.26e-02	6.88e-01	2.22e-01	1.36e-02
 8.74108e+22	8.04e-12	2.82e-07	3.21e-04	1.45e-02	6.64e-02	6.94e-01	2.13e-01	1.24e-02
 8.76697e+22	8.95e-12	3.12e-07	3.53e-04	1.55e-02	6.97e-02	6.98e-01	2.05e-01	1.15e-02
 8.79346e+22	1.03e-11	3.55e-07	3.98e-04	1.70e-02	7.39e-02	7.03e-01	1.96e-01	1.04e-02
 8.82045e+22	1.15e-11	3.95e-07	4.39e-04	1.82e-02	7.76e-02	7.06e-01	1.88e-01	9.58e-03
 8.84810e+22	1.33e-11	4.52e-07	4.98e-04	1.99e-02	8.24e-02	7.09e-01	1.79e-01	8.64e-03
 8.87635e+22	1.50e-11	5.06e-07	5.52e-04	2.14e-02	8.65e-02	7.12e-01	1.72e-01	7.92e-03
 8.90149e+22	1.69e-11	5.65e-07	6.11e-04	2.30e-02	9.07e-02	7.13e-01	1.65e-01	7.28e-03
 8.93031e+22	1.97e-11	6.52e-07	6.95e-04	2.52e-02	9.61e-02	7.15e-01	1.56e-01	6.53e-03
 8.95955e+22	2.24e-11	7.32e-07	7.73e-04	2.71e-02	1.01e-01	7.16e-01	1.50e-01	5.96e-03
 8.98544e+22	2.54e-11	8.22e-07	8.58e-04	2.91e-02	1.06e-01	7.16e-01	1.43e-01	5.45e-03
 9.01519e+22	2.99e-11	9.53e-07	9.80e-04	3.18e-02	1.12e-01	7.16e-01	1.35e-01	4.86e-03
 9.04546e+22	3.42e-11	1.08e-06	1.09e-03	3.42e-02	1.17e-01	7.15e-01	1.29e-01	4.42e-03
 9.07640e+22	4.06e-11	1.26e-06	1.25e-03	3.75e-02	1.24e-01	7.13e-01	1.21e-01	3.92e-03
 9.10779e+22	4.67e-11	1.43e-06	1.40e-03	4.04e-02	1.30e-01	7.10e-01	1.15e-01	3.55e-03
 9.13973e+22	5.59e-11	1.68e-06	1.61e-03	4.43e-02	1.37e-01	7.07e-01	1.08e-01	3.13e-03
 9.17249e+22	6.48e-11	1.92e-06	1.82e-03	4.78e-02	1.44e-01	7.03e-01	1.01e-01	2.80e-03
 9.20084e+22	7.50e-11	2.18e-06	2.03e-03	5.13e-02	1.49e-01	6.98e-01	9.62e-02	2.54e-03
 9.23221e+22	8.97e-11	2.56e-06	2.33e-03	5.61e-02	1.57e-01	6.92e-01	8.98e-02	2.23e-03
 9.25349e+22	9.36e-11	2.65e-06	2.40e-03	5.72e-02	1.59e-01	6.91e-01	8.85e-02	2.17e-03
