#depth	C	C+	C+2	C+3	C+4	C+5	C+6	C[1]	C[2]	C[3]	C+[1]	C+[2]	CO
 4.62852e+21	0.00e+00	0.00e+00	2.07e-25	1.94e-18	1.98e-11	8.34e-06	1.00e+00	0.00e+00	0.00e+00	0.00e+00	0.00e+00	0.00e+00	3.44e-135
 1.05199e+22	0.00e+00	0.00e+00	8.86e-25	5.79e-18	4.10e-11	1.20e-05	1.00e+00	0.00e+00	0.00e+00	0.00e+00	0.00e+00	0.00e+00	3.87e-135
 1.26148e+22	0.00e+00	3.75e-32	2.30e-24	1.19e-17	6.60e-11	1.52e-05	1.00e+00	0.00e+00	0.00e+00	0.00e+00	0.00e+00	0.00e+00	2.50e-139
 1.41126e+22	0.00e+00	9.69e-32	4.91e-24	2.10e-17	9.65e-11	1.84e-05	1.00e+00	0.00e+00	0.00e+00	0.00e+00	0.00e+00	0.00e+00	3.21e-139
 1.50751e+22	0.00e+00	1.45e-31	6.78e-24	2.68e-17	1.13e-10	1.99e-05	1.00e+00	0.00e+00	0.00e+00	0.00e+00	0.00e+00	0.00e+00	3.79e-139
 1.57576e+22	0.00e+00	2.46e-31	1.03e-23	3.78e-17	1.43e-10	2.23e-05	1.00e+00	0.00e+00	0.00e+00	0.00e+00	0.00e+00	0.00e+00	8.34e-133
 1.64541e+22	0.00e+00	3.74e-31	1.44e-23	4.87e-17	1.69e-10	2.42e-05	1.00e+00	0.00e+00	0.00e+00	0.00e+00	0.00e+00	0.00e+00	9.87e-133
 1.71688e+22	0.00e+00	6.81e-31	2.33e-23	6.99e-17	2.15e-10	2.73e-05	1.00e+00	0.00e+00	0.00e+00	0.00e+00	0.00e+00	0.00e+00	1.20e-132
 1.78813e+22	0.00e+00	1.03e-30	3.25e-23	8.98e-17	2.53e-10	2.96e-05	1.00e+00	0.00e+00	0.00e+00	0.00e+00	0.00e+00	0.00e+00	1.79e-130
 1.85908e+22	0.00e+00	1.87e-30	5.23e-23	1.29e-16	3.22e-10	3.33e-05	1.00e+00	0.00e+00	0.00e+00	0.00e+00	0.00e+00	0.00e+00	2.20e-130
 1.93016e+22	0.00e+00	2.83e-30	7.31e-23	1.65e-16	3.80e-10	3.62e-05	1.00e+00	0.00e+00	0.00e+00	0.00e+00	0.00e+00	0.00e+00	6.60e-129
 1.98559e+22	0.00e+00	4.04e-30	9.73e-23	2.05e-16	4.39e-10	3.89e-05	1.00e+00	0.00e+00	0.00e+00	0.00e+00	0.00e+00	0.00e+00	7.56e-129
 2.03355e+22	0.00e+00	5.66e-30	1.27e-22	2.52e-16	5.02e-10	4.16e-05	1.00e+00	0.00e+00	0.00e+00	0.00e+00	0.00e+00	0.00e+00	8.61e-129
 2.08763e+22	0.00e+00	8.84e-30	1.82e-22	3.30e-16	6.01e-10	4.54e-05	1.00e+00	0.00e+00	0.00e+00	0.00e+00	0.00e+00	0.00e+00	1.02e-128
 2.14097e+22	0.00e+00	1.20e-29	2.33e-22	3.97e-16	6.79e-10	4.83e-05	1.00e+00	0.00e+00	0.00e+00	0.00e+00	0.00e+00	0.00e+00	4.92e-126
 2.19335e+22	0.00e+00	1.81e-29	3.25e-22	5.11e-16	8.03e-10	5.24e-05	1.00e+00	0.00e+00	0.00e+00	0.00e+00	0.00e+00	0.00e+00	1.48e-125
 2.24690e+22	0.00e+00	2.57e-29	4.30e-22	6.31e-16	9.23e-10	5.62e-05	1.00e+00	0.00e+00	0.00e+00	0.00e+00	0.00e+00	0.00e+00	1.69e-125
 2.29402e+22	0.00e+00	3.57e-29	5.61e-22	7.72e-16	1.06e-09	5.99e-05	1.00e+00	0.00e+00	0.00e+00	0.00e+00	0.00e+00	0.00e+00	1.92e-125
 2.34733e+22	0.00e+00	5.41e-29	7.83e-22	9.93e-16	1.25e-09	6.51e-05	1.00e+00	0.00e+00	0.00e+00	0.00e+00	0.00e+00	0.00e+00	2.16e-125
 2.40165e+22	0.00e+00	7.68e-29	1.04e-21	1.23e-15	1.44e-09	6.97e-05	1.00e+00	0.00e+00	0.00e+00	0.00e+00	0.00e+00	0.00e+00	7.90e-124
 2.44953e+22	0.00e+00	1.08e-28	1.36e-21	1.51e-15	1.65e-09	7.46e-05	1.00e+00	0.00e+00	0.00e+00	0.00e+00	0.00e+00	0.00e+00	7.58e-123
 2.50404e+22	0.00e+00	1.68e-28	1.95e-21	1.99e-15	1.97e-09	8.14e-05	1.00e+00	0.00e+00	0.00e+00	0.00e+00	0.00e+00	0.00e+00	8.30e-123
 2.55782e+22	0.00e+00	2.29e-28	2.50e-21	2.39e-15	2.23e-09	8.65e-05	1.00e+00	0.00e+00	0.00e+00	0.00e+00	0.00e+00	0.00e+00	9.51e-123
 2.61066e+22	0.00e+00	3.55e-28	3.56e-21	3.13e-15	2.66e-09	9.44e-05	1.00e+00	0.00e+00	0.00e+00	0.00e+00	0.00e+00	0.00e+00	1.20e-122
 2.66355e+22	0.00e+00	4.81e-28	4.55e-21	3.78e-15	3.01e-09	1.00e-04	1.00e+00	0.00e+00	0.00e+00	0.00e+00	0.00e+00	0.00e+00	1.34e-122
 2.70770e+22	0.00e+00	6.48e-28	5.78e-21	4.54e-15	3.40e-09	1.06e-04	1.00e+00	0.00e+00	0.00e+00	0.00e+00	0.00e+00	0.00e+00	1.40e-122
 2.74883e+22	0.00e+00	8.63e-28	7.29e-21	5.41e-15	3.82e-09	1.12e-04	1.00e+00	0.00e+00	0.00e+00	0.00e+00	0.00e+00	0.00e+00	1.50e-122
 2.78818e+22	0.00e+00	1.14e-27	9.10e-21	6.40e-15	4.27e-09	1.19e-04	1.00e+00	0.00e+00	0.00e+00	0.00e+00	0.00e+00	0.00e+00	1.93e-122
 2.83266e+22	0.00e+00	1.61e-27	1.21e-20	7.94e-15	4.92e-09	1.27e-04	1.00e+00	0.00e+00	0.00e+00	0.00e+00	0.00e+00	0.00e+00	2.19e-122
 2.87786e+22	0.00e+00	2.14e-27	1.52e-20	9.44e-15	5.51e-09	1.35e-04	1.00e+00	0.00e+00	0.00e+00	0.00e+00	0.00e+00	0.00e+00	1.72e-118
 2.92402e+22	0.00e+00	3.07e-27	2.03e-20	1.18e-14	6.39e-09	1.44e-04	1.00e+00	0.00e+00	0.00e+00	0.00e+00	0.00e+00	0.00e+00	1.83e-118
 2.96997e+22	0.00e+00	4.08e-27	2.55e-20	1.40e-14	7.16e-09	1.53e-04	1.00e+00	0.00e+00	0.00e+00	0.00e+00	0.00e+00	0.00e+00	1.94e-118
 3.00962e+22	0.00e+00	5.39e-27	3.20e-20	1.67e-14	8.02e-09	1.61e-04	1.00e+00	0.00e+00	0.00e+00	0.00e+00	0.00e+00	0.00e+00	2.44e-118
 3.05512e+22	0.00e+00	7.69e-27	4.26e-20	2.08e-14	9.27e-09	1.73e-04	1.00e+00	0.00e+00	0.00e+00	0.00e+00	0.00e+00	0.00e+00	2.71e-118
 3.10066e+22	0.00e+00	1.02e-26	5.35e-20	2.47e-14	1.04e-08	1.83e-04	1.00e+00	0.00e+00	0.00e+00	0.00e+00	0.00e+00	0.00e+00	1.24e-96
 3.13700e+22	0.00e+00	1.30e-26	6.52e-20	2.87e-14	1.15e-08	1.92e-04	1.00e+00	0.00e+00	0.00e+00	0.00e+00	0.00e+00	0.00e+00	3.37e-96
 3.16970e+22	0.00e+00	1.64e-26	7.85e-20	3.31e-14	1.26e-08	2.01e-04	1.00e+00	0.00e+00	0.00e+00	0.00e+00	0.00e+00	0.00e+00	3.16e-96
 3.20690e+22	0.00e+00	2.15e-26	9.81e-20	3.93e-14	1.41e-08	2.12e-04	1.00e+00	0.00e+00	0.00e+00	0.00e+00	0.00e+00	0.00e+00	1.39e-95
 3.24594e+22	0.00e+00	2.79e-26	1.21e-19	4.60e-14	1.56e-08	2.23e-04	1.00e+00	0.00e+00	0.00e+00	0.00e+00	0.00e+00	0.00e+00	1.74e-95
 3.28050e+22	0.00e+00	3.54e-26	1.46e-19	5.33e-14	1.72e-08	2.33e-04	1.00e+00	0.00e+00	0.00e+00	0.00e+00	0.00e+00	0.00e+00	4.31e-95
 3.31856e+22	0.00e+00	4.70e-26	1.84e-19	6.37e-14	1.94e-08	2.47e-04	1.00e+00	0.00e+00	0.00e+00	0.00e+00	0.00e+00	0.00e+00	1.40e-94
 3.35846e+22	0.00e+00	6.13e-26	2.29e-19	7.50e-14	2.16e-08	2.60e-04	1.00e+00	0.00e+00	0.00e+00	0.00e+00	0.00e+00	0.00e+00	3.08e-94
 3.39304e+22	0.00e+00	7.76e-26	2.77e-19	8.68e-14	2.37e-08	2.72e-04	1.00e+00	0.00e+00	0.00e+00	0.00e+00	0.00e+00	0.00e+00	5.47e-94
 3.43029e+22	0.00e+00	1.02e-25	3.47e-19	1.03e-13	2.66e-08	2.88e-04	1.00e+00	0.00e+00	0.00e+00	0.00e+00	0.00e+00	0.00e+00	1.41e-93
 3.46654e+22	2.43e-34	1.29e-25	4.17e-19	1.19e-13	2.92e-08	3.01e-04	1.00e+00	0.00e+00	0.00e+00	0.00e+00	0.00e+00	0.00e+00	3.13e-93
 3.49522e+22	3.07e-34	1.57e-25	4.89e-19	1.34e-13	3.16e-08	3.13e-04	1.00e+00	0.00e+00	0.00e+00	0.00e+00	0.00e+00	0.00e+00	5.20e-93
 3.52626e+22	4.03e-34	1.97e-25	5.88e-19	1.55e-13	3.47e-08	3.27e-04	1.00e+00	0.00e+00	0.00e+00	0.00e+00	0.00e+00	0.00e+00	8.22e-93
 3.56004e+22	5.25e-34	2.46e-25	7.05e-19	1.78e-13	3.80e-08	3.42e-04	1.00e+00	0.00e+00	0.00e+00	0.00e+00	0.00e+00	0.00e+00	1.47e-92
 3.59109e+22	6.75e-34	3.04e-25	8.36e-19	2.02e-13	4.14e-08	3.56e-04	1.00e+00	0.00e+00	0.00e+00	0.00e+00	0.00e+00	0.00e+00	3.56e-92
 3.62041e+22	8.60e-34	3.72e-25	9.87e-19	2.30e-13	4.50e-08	3.71e-04	1.00e+00	0.00e+00	0.00e+00	0.00e+00	0.00e+00	0.00e+00	6.89e-92
 3.65382e+22	1.15e-33	4.76e-25	1.20e-18	2.68e-13	4.98e-08	3.89e-04	1.00e+00	0.00e+00	0.00e+00	0.00e+00	0.00e+00	0.00e+00	1.31e-91
 3.68889e+22	1.52e-33	6.01e-25	1.45e-18	3.09e-13	5.48e-08	4.07e-04	1.00e+00	0.00e+00	0.00e+00	0.00e+00	0.00e+00	0.00e+00	9.08e-92
 3.71953e+22	1.95e-33	7.42e-25	1.72e-18	3.52e-13	5.97e-08	4.25e-04	1.00e+00	0.00e+00	0.00e+00	0.00e+00	0.00e+00	0.00e+00	4.16e-91
 3.74630e+22	2.43e-33	8.90e-25	2.00e-18	3.94e-13	6.43e-08	4.40e-04	1.00e+00	0.00e+00	0.00e+00	0.00e+00	0.00e+00	0.00e+00	6.77e-91
 3.77086e+22	2.96e-33	1.05e-24	2.29e-18	4.37e-13	6.88e-08	4.55e-04	1.00e+00	0.00e+00	0.00e+00	0.00e+00	0.00e+00	0.00e+00	3.89e-91
 3.79904e+22	3.77e-33	1.29e-24	2.70e-18	4.96e-13	7.48e-08	4.73e-04	1.00e+00	0.00e+00	0.00e+00	0.00e+00	0.00e+00	0.00e+00	1.52e-90
 3.82954e+22	4.84e-33	1.59e-24	3.19e-18	5.64e-13	8.14e-08	4.93e-04	1.00e+00	0.00e+00	0.00e+00	0.00e+00	0.00e+00	0.00e+00	1.96e-90
 3.85697e+22	6.01e-33	1.90e-24	3.70e-18	6.32e-13	8.77e-08	5.11e-04	9.99e-01	0.00e+00	0.00e+00	0.00e+00	0.00e+00	0.00e+00	6.55e-90
 3.88657e+22	7.80e-33	2.37e-24	4.42e-18	7.25e-13	9.60e-08	5.34e-04	9.99e-01	0.00e+00	0.00e+00	0.00e+00	0.00e+00	0.00e+00	3.68e-90
 3.91695e+22	9.90e-33	2.90e-24	5.19e-18	8.19e-13	1.04e-07	5.55e-04	9.99e-01	0.00e+00	0.00e+00	0.00e+00	0.00e+00	0.00e+00	9.91e-90
 3.94305e+22	1.23e-32	3.46e-24	6.00e-18	9.15e-13	1.12e-07	5.75e-04	9.99e-01	0.00e+00	0.00e+00	0.00e+00	0.00e+00	0.00e+00	5.06e-89
 3.97168e+22	1.57e-32	4.28e-24	7.12e-18	1.04e-12	1.22e-07	5.99e-04	9.99e-01	0.00e+00	0.00e+00	0.00e+00	0.00e+00	0.00e+00	4.50e-89
 4.00220e+22	2.01e-32	5.24e-24	8.39e-18	1.18e-12	1.33e-07	6.24e-04	9.99e-01	0.00e+00	0.00e+00	0.00e+00	0.00e+00	0.00e+00	1.30e-88
 4.02971e+22	2.51e-32	6.32e-24	9.76e-18	1.33e-12	1.43e-07	6.47e-04	9.99e-01	0.00e+00	0.00e+00	0.00e+00	0.00e+00	0.00e+00	8.16e-89
 4.05442e+22	3.07e-32	7.48e-24	1.12e-17	1.47e-12	1.53e-07	6.69e-04	9.99e-01	0.00e+00	0.00e+00	0.00e+00	0.00e+00	0.00e+00	3.12e-88
 4.07736e+22	3.70e-32	8.74e-24	1.27e-17	1.62e-12	1.64e-07	6.90e-04	9.99e-01	0.00e+00	0.00e+00	0.00e+00	0.00e+00	0.00e+00	3.52e-88
 4.10361e+22	4.63e-32	1.06e-23	1.48e-17	1.83e-12	1.77e-07	7.16e-04	9.99e-01	0.00e+00	0.00e+00	0.00e+00	0.00e+00	0.00e+00	1.79e-88
 4.13181e+22	5.79e-32	1.27e-23	1.72e-17	2.05e-12	1.91e-07	7.44e-04	9.99e-01	0.00e+00	0.00e+00	0.00e+00	0.00e+00	0.00e+00	1.38e-87
 4.15741e+22	7.14e-32	1.52e-23	1.98e-17	2.28e-12	2.05e-07	7.70e-04	9.99e-01	0.00e+00	0.00e+00	0.00e+00	0.00e+00	0.00e+00	1.12e-87
 4.18178e+22	8.76e-32	1.80e-23	2.28e-17	2.54e-12	2.20e-07	7.96e-04	9.99e-01	0.00e+00	0.00e+00	0.00e+00	0.00e+00	0.00e+00	2.59e-87
 4.20576e+22	1.07e-31	2.12e-23	2.60e-17	2.81e-12	2.35e-07	8.23e-04	9.99e-01	0.00e+00	0.00e+00	0.00e+00	0.00e+00	0.00e+00	4.29e-87
 4.23300e+22	1.35e-31	2.59e-23	3.05e-17	3.18e-12	2.55e-07	8.56e-04	9.99e-01	0.00e+00	0.00e+00	0.00e+00	0.00e+00	0.00e+00	7.06e-87
 4.26148e+22	1.69e-31	3.13e-23	3.55e-17	3.57e-12	2.75e-07	8.88e-04	9.99e-01	0.00e+00	0.00e+00	0.00e+00	0.00e+00	0.00e+00	1.65e-86
 4.28621e+22	2.07e-31	3.70e-23	4.07e-17	3.96e-12	2.95e-07	9.19e-04	9.99e-01	0.00e+00	0.00e+00	0.00e+00	0.00e+00	0.00e+00	2.70e-86
 4.31299e+22	2.62e-31	4.52e-23	4.78e-17	4.48e-12	3.20e-07	9.56e-04	9.99e-01	0.00e+00	0.00e+00	0.00e+00	0.00e+00	0.00e+00	3.75e-86
 4.33997e+22	3.23e-31	5.37e-23	5.49e-17	4.98e-12	3.44e-07	9.90e-04	9.99e-01	0.00e+00	0.00e+00	0.00e+00	0.00e+00	0.00e+00	7.18e-86
 4.36257e+22	3.88e-31	6.27e-23	6.22e-17	5.47e-12	3.66e-07	1.02e-03	9.99e-01	0.00e+00	0.00e+00	0.00e+00	0.00e+00	0.00e+00	1.15e-85
 4.38732e+22	4.82e-31	7.51e-23	7.20e-17	6.12e-12	3.94e-07	1.06e-03	9.99e-01	0.00e+00	0.00e+00	0.00e+00	0.00e+00	0.00e+00	2.40e-85
 4.41400e+22	5.99e-31	9.00e-23	8.32e-17	6.83e-12	4.24e-07	1.10e-03	9.99e-01	0.00e+00	0.00e+00	0.00e+00	0.00e+00	0.00e+00	2.37e-85
 4.43837e+22	7.27e-31	1.06e-22	9.49e-17	7.55e-12	4.54e-07	1.13e-03	9.99e-01	0.00e+00	0.00e+00	0.00e+00	0.00e+00	0.00e+00	9.72e-85
 4.46519e+22	9.23e-31	1.29e-22	1.11e-16	8.53e-12	4.92e-07	1.18e-03	9.99e-01	0.00e+00	0.00e+00	0.00e+00	0.00e+00	0.00e+00	1.32e-84
 4.49261e+22	1.15e-30	1.55e-22	1.29e-16	9.51e-12	5.29e-07	1.22e-03	9.99e-01	0.00e+00	0.00e+00	0.00e+00	0.00e+00	0.00e+00	2.29e-84
 4.51546e+22	1.38e-30	1.81e-22	1.46e-16	1.04e-11	5.64e-07	1.26e-03	9.99e-01	0.00e+00	0.00e+00	0.00e+00	0.00e+00	0.00e+00	2.16e-84
 4.53984e+22	1.71e-30	2.16e-22	1.68e-16	1.17e-11	6.07e-07	1.31e-03	9.99e-01	0.00e+00	0.00e+00	0.00e+00	0.00e+00	0.00e+00	3.66e-84
 4.56617e+22	2.11e-30	2.57e-22	1.93e-16	1.30e-11	6.51e-07	1.35e-03	9.99e-01	0.00e+00	0.00e+00	0.00e+00	0.00e+00	0.00e+00	3.77e-84
 4.59053e+22	2.58e-30	3.04e-22	2.21e-16	1.43e-11	6.97e-07	1.40e-03	9.99e-01	0.00e+00	0.00e+00	0.00e+00	0.00e+00	0.00e+00	3.56e-83
 4.61769e+22	3.28e-30	3.72e-22	2.60e-16	1.62e-11	7.57e-07	1.46e-03	9.99e-01	0.00e+00	0.00e+00	0.00e+00	0.00e+00	0.00e+00	6.52e-83
 4.64599e+22	4.14e-30	4.50e-22	3.02e-16	1.82e-11	8.18e-07	1.52e-03	9.98e-01	0.00e+00	0.00e+00	0.00e+00	0.00e+00	0.00e+00	1.16e-82
 4.66937e+22	4.99e-30	5.26e-22	3.42e-16	1.99e-11	8.70e-07	1.57e-03	9.98e-01	0.00e+00	0.00e+00	0.00e+00	0.00e+00	0.00e+00	1.86e-82
 4.69334e+22	6.20e-30	6.30e-22	3.95e-16	2.22e-11	9.37e-07	1.63e-03	9.98e-01	0.00e+00	0.00e+00	0.00e+00	0.00e+00	0.00e+00	3.20e-82
 4.71906e+22	7.62e-30	7.46e-22	4.52e-16	2.46e-11	1.00e-06	1.68e-03	9.98e-01	0.00e+00	0.00e+00	0.00e+00	0.00e+00	0.00e+00	5.34e-82
 4.74306e+22	9.31e-30	8.81e-22	5.15e-16	2.71e-11	1.07e-06	1.74e-03	9.98e-01	0.00e+00	0.00e+00	0.00e+00	0.00e+00	0.00e+00	8.83e-82
 4.77029e+22	1.21e-29	1.09e-21	6.10e-16	3.07e-11	1.17e-06	1.82e-03	9.98e-01	0.00e+00	0.00e+00	0.00e+00	0.00e+00	0.00e+00	1.70e-81
 4.79750e+22	1.48e-29	1.29e-21	6.98e-16	3.39e-11	1.25e-06	1.89e-03	9.98e-01	0.00e+00	0.00e+00	0.00e+00	0.00e+00	0.00e+00	2.85e-81
 4.82007e+22	1.79e-29	1.51e-21	7.90e-16	3.72e-11	1.33e-06	1.95e-03	9.98e-01	0.00e+00	0.00e+00	0.00e+00	0.00e+00	0.00e+00	4.59e-81
 4.84478e+22	2.26e-29	1.83e-21	9.17e-16	4.15e-11	1.44e-06	2.03e-03	9.98e-01	0.00e+00	0.00e+00	0.00e+00	0.00e+00	0.00e+00	8.24e-81
 4.87030e+22	2.76e-29	2.15e-21	1.04e-15	4.56e-11	1.53e-06	2.10e-03	9.98e-01	0.00e+00	0.00e+00	0.00e+00	0.00e+00	0.00e+00	1.36e-80
 4.89337e+22	3.37e-29	2.54e-21	1.18e-15	5.01e-11	1.64e-06	2.17e-03	9.98e-01	0.00e+00	0.00e+00	0.00e+00	0.00e+00	0.00e+00	2.26e-80
 4.91985e+22	4.35e-29	3.12e-21	1.39e-15	5.63e-11	1.78e-06	2.27e-03	9.98e-01	0.00e+00	0.00e+00	0.00e+00	0.00e+00	0.00e+00	4.31e-80
 4.94649e+22	5.36e-29	3.71e-21	1.59e-15	6.21e-11	1.90e-06	2.36e-03	9.98e-01	0.00e+00	0.00e+00	0.00e+00	0.00e+00	0.00e+00	7.30e-80
 4.96870e+22	6.51e-29	4.34e-21	1.80e-15	6.77e-11	2.02e-06	2.44e-03	9.98e-01	0.00e+00	0.00e+00	0.00e+00	0.00e+00	0.00e+00	1.20e-79
 4.98945e+22	7.74e-29	5.00e-21	2.01e-15	7.35e-11	2.14e-06	2.51e-03	9.97e-01	0.00e+00	0.00e+00	0.00e+00	0.00e+00	0.00e+00	1.85e-79
 5.01290e+22	9.72e-29	6.01e-21	2.31e-15	8.13e-11	2.30e-06	2.61e-03	9.97e-01	0.00e+00	0.00e+00	0.00e+00	0.00e+00	0.00e+00	3.32e-79
 5.03728e+22	1.19e-28	7.09e-21	2.63e-15	8.89e-11	2.45e-06	2.71e-03	9.97e-01	0.00e+00	0.00e+00	0.00e+00	0.00e+00	0.00e+00	5.58e-79
 5.05915e+22	1.45e-28	8.30e-21	2.96e-15	9.67e-11	2.60e-06	2.81e-03	9.97e-01	0.00e+00	0.00e+00	0.00e+00	0.00e+00	0.00e+00	9.21e-79
 5.08386e+22	1.83e-28	1.00e-20	3.43e-15	1.07e-10	2.80e-06	2.93e-03	9.97e-01	0.00e+00	0.00e+00	0.00e+00	0.00e+00	0.00e+00	1.68e-78
 5.10866e+22	2.27e-28	1.19e-20	3.90e-15	1.17e-10	2.99e-06	3.04e-03	9.97e-01	0.00e+00	0.00e+00	0.00e+00	0.00e+00	0.00e+00	2.89e-78
 5.12891e+22	2.70e-28	1.37e-20	4.34e-15	1.26e-10	3.16e-06	3.14e-03	9.97e-01	0.00e+00	0.00e+00	0.00e+00	0.00e+00	0.00e+00	4.55e-78
 5.15057e+22	3.35e-28	1.63e-20	4.95e-15	1.39e-10	3.38e-06	3.26e-03	9.97e-01	0.00e+00	0.00e+00	0.00e+00	0.00e+00	0.00e+00	7.96e-78
 5.17346e+22	4.09e-28	1.91e-20	5.58e-15	1.50e-10	3.59e-06	3.38e-03	9.97e-01	0.00e+00	0.00e+00	0.00e+00	0.00e+00	0.00e+00	1.33e-77
 5.19436e+22	4.94e-28	2.22e-20	6.25e-15	1.63e-10	3.80e-06	3.49e-03	9.97e-01	0.00e+00	0.00e+00	0.00e+00	0.00e+00	0.00e+00	2.17e-77
 5.21798e+22	6.30e-28	2.70e-20	7.22e-15	1.79e-10	4.09e-06	3.65e-03	9.96e-01	0.00e+00	0.00e+00	0.00e+00	0.00e+00	0.00e+00	4.09e-77
 5.24113e+22	7.61e-28	3.13e-20	8.09e-15	1.94e-10	4.33e-06	3.78e-03	9.96e-01	0.00e+00	0.00e+00	0.00e+00	0.00e+00	0.00e+00	6.65e-77
 5.26073e+22	9.19e-28	3.64e-20	9.04e-15	2.09e-10	4.58e-06	3.91e-03	9.96e-01	0.00e+00	0.00e+00	0.00e+00	0.00e+00	0.00e+00	1.09e-76
 5.28007e+22	1.10e-27	4.19e-20	1.00e-14	2.24e-10	4.83e-06	4.04e-03	9.96e-01	0.00e+00	0.00e+00	0.00e+00	0.00e+00	0.00e+00	1.73e-76
 5.30201e+22	1.37e-27	4.99e-20	1.14e-14	2.45e-10	5.16e-06	4.21e-03	9.96e-01	0.00e+00	0.00e+00	0.00e+00	0.00e+00	0.00e+00	3.09e-76
 5.32483e+22	1.68e-27	5.86e-20	1.29e-14	2.64e-10	5.48e-06	4.37e-03	9.96e-01	0.00e+00	0.00e+00	0.00e+00	0.00e+00	0.00e+00	5.27e-76
 5.34498e+22	2.02e-27	6.79e-20	1.44e-14	2.85e-10	5.79e-06	4.52e-03	9.95e-01	0.00e+00	0.00e+00	0.00e+00	0.00e+00	0.00e+00	8.56e-76
 5.36414e+22	2.43e-27	7.85e-20	1.60e-14	3.05e-10	6.11e-06	4.67e-03	9.95e-01	0.00e+00	0.00e+00	0.00e+00	0.00e+00	0.00e+00	1.40e-75
 5.38291e+22	2.89e-27	9.00e-20	1.77e-14	3.26e-10	6.44e-06	4.82e-03	9.95e-01	0.00e+00	0.00e+00	0.00e+00	0.00e+00	0.00e+00	2.20e-75
 5.40437e+22	3.61e-27	1.07e-19	2.01e-14	3.55e-10	6.88e-06	5.03e-03	9.95e-01	0.00e+00	0.00e+00	0.00e+00	0.00e+00	0.00e+00	3.98e-75
 5.42657e+22	4.40e-27	1.25e-19	2.25e-14	3.82e-10	7.29e-06	5.22e-03	9.95e-01	0.00e+00	0.00e+00	0.00e+00	0.00e+00	0.00e+00	6.76e-75
 5.44582e+22	5.28e-27	1.45e-19	2.50e-14	4.09e-10	7.69e-06	5.39e-03	9.95e-01	0.00e+00	0.00e+00	0.00e+00	0.00e+00	0.00e+00	1.09e-74
 5.46697e+22	6.57e-27	1.72e-19	2.84e-14	4.44e-10	8.20e-06	5.62e-03	9.94e-01	0.00e+00	0.00e+00	0.00e+00	0.00e+00	0.00e+00	1.96e-74
 5.48895e+22	8.04e-27	2.01e-19	3.18e-14	4.78e-10	8.69e-06	5.83e-03	9.94e-01	0.00e+00	0.00e+00	0.00e+00	0.00e+00	0.00e+00	3.35e-74
 5.50837e+22	9.68e-27	2.33e-19	3.54e-14	5.12e-10	9.18e-06	6.04e-03	9.94e-01	0.00e+00	0.00e+00	0.00e+00	0.00e+00	0.00e+00	5.50e-74
 5.52997e+22	1.22e-26	2.79e-19	4.04e-14	5.57e-10	9.83e-06	6.31e-03	9.94e-01	0.00e+00	0.00e+00	0.00e+00	0.00e+00	0.00e+00	1.03e-73
 5.55172e+22	1.48e-26	3.24e-19	4.51e-14	5.97e-10	1.04e-05	6.54e-03	9.93e-01	0.00e+00	0.00e+00	0.00e+00	0.00e+00	0.00e+00	1.71e-73
 5.57079e+22	1.79e-26	3.76e-19	5.01e-14	6.38e-10	1.10e-05	6.77e-03	9.93e-01	0.00e+00	0.00e+00	0.00e+00	0.00e+00	0.00e+00	2.85e-73
 5.59271e+22	2.26e-26	4.51e-19	5.72e-14	6.95e-10	1.18e-05	7.07e-03	9.93e-01	0.00e+00	0.00e+00	0.00e+00	0.00e+00	0.00e+00	5.35e-73
 5.61544e+22	2.80e-26	5.33e-19	6.45e-14	7.47e-10	1.25e-05	7.36e-03	9.93e-01	0.00e+00	0.00e+00	0.00e+00	0.00e+00	0.00e+00	9.58e-73
 5.63545e+22	3.40e-26	6.20e-19	7.19e-14	8.00e-10	1.32e-05	7.64e-03	9.92e-01	0.00e+00	0.00e+00	0.00e+00	0.00e+00	0.00e+00	1.62e-72
 5.65772e+22	4.33e-26	7.48e-19	8.24e-14	8.72e-10	1.42e-05	7.99e-03	9.92e-01	0.00e+00	0.00e+00	0.00e+00	0.00e+00	0.00e+00	3.09e-72
 5.67961e+22	5.23e-26	8.68e-19	9.18e-14	9.34e-10	1.50e-05	8.27e-03	9.92e-01	0.00e+00	0.00e+00	0.00e+00	0.00e+00	0.00e+00	5.17e-72
 5.69795e+22	6.30e-26	1.00e-18	1.02e-13	9.94e-10	1.59e-05	8.57e-03	9.91e-01	0.00e+00	0.00e+00	0.00e+00	0.00e+00	0.00e+00	8.56e-72
 5.71871e+22	8.00e-26	1.21e-18	1.16e-13	1.08e-09	1.70e-05	8.96e-03	9.91e-01	0.00e+00	0.00e+00	0.00e+00	0.00e+00	0.00e+00	1.64e-71
 5.73797e+22	9.40e-26	1.37e-18	1.27e-13	1.14e-09	1.78e-05	9.23e-03	9.91e-01	0.00e+00	0.00e+00	0.00e+00	0.00e+00	0.00e+00	2.55e-71
 5.75528e+22	1.15e-25	1.59e-18	1.42e-13	1.22e-09	1.89e-05	9.58e-03	9.90e-01	0.00e+00	0.00e+00	0.00e+00	0.00e+00	0.00e+00	4.37e-71
 5.77303e+22	1.36e-25	1.81e-18	1.55e-13	1.29e-09	1.98e-05	9.89e-03	9.90e-01	0.00e+00	0.00e+00	0.00e+00	0.00e+00	0.00e+00	6.92e-71
 5.78763e+22	1.57e-25	2.03e-18	1.68e-13	1.35e-09	2.07e-05	1.02e-02	9.90e-01	0.00e+00	0.00e+00	0.00e+00	0.00e+00	0.00e+00	1.03e-70
 5.80077e+22	1.81e-25	2.27e-18	1.82e-13	1.41e-09	2.16e-05	1.04e-02	9.90e-01	0.00e+00	0.00e+00	0.00e+00	0.00e+00	0.00e+00	1.52e-70
 5.81575e+22	2.15e-25	2.58e-18	2.00e-13	1.50e-09	2.27e-05	1.08e-02	9.89e-01	0.00e+00	0.00e+00	0.00e+00	0.00e+00	0.00e+00	2.43e-70
 5.83138e+22	2.51e-25	2.91e-18	2.18e-13	1.57e-09	2.37e-05	1.11e-02	9.89e-01	0.00e+00	0.00e+00	0.00e+00	0.00e+00	0.00e+00	3.70e-70
 5.84468e+22	2.88e-25	3.24e-18	2.35e-13	1.65e-09	2.47e-05	1.14e-02	9.89e-01	0.00e+00	0.00e+00	0.00e+00	0.00e+00	0.00e+00	5.42e-70
 5.85678e+22	3.30e-25	3.60e-18	2.53e-13	1.72e-09	2.57e-05	1.17e-02	9.88e-01	0.00e+00	0.00e+00	0.00e+00	0.00e+00	0.00e+00	7.85e-70
 5.87051e+22	3.90e-25	4.10e-18	2.77e-13	1.82e-09	2.70e-05	1.20e-02	9.88e-01	0.00e+00	0.00e+00	0.00e+00	0.00e+00	0.00e+00	1.24e-69
 5.88463e+22	4.50e-25	4.58e-18	3.00e-13	1.90e-09	2.81e-05	1.23e-02	9.88e-01	0.00e+00	0.00e+00	0.00e+00	0.00e+00	0.00e+00	1.83e-69
 5.89723e+22	5.17e-25	5.10e-18	3.24e-13	1.99e-09	2.93e-05	1.27e-02	9.87e-01	0.00e+00	0.00e+00	0.00e+00	0.00e+00	0.00e+00	2.67e-69
 5.90922e+22	5.93e-25	5.66e-18	3.48e-13	2.08e-09	3.05e-05	1.30e-02	9.87e-01	0.00e+00	0.00e+00	0.00e+00	0.00e+00	0.00e+00	3.88e-69
 5.92053e+22	6.76e-25	6.26e-18	3.74e-13	2.17e-09	3.17e-05	1.33e-02	9.87e-01	0.00e+00	0.00e+00	0.00e+00	0.00e+00	0.00e+00	5.55e-69
 5.93328e+22	7.96e-25	7.11e-18	4.09e-13	2.29e-09	3.32e-05	1.37e-02	9.86e-01	0.00e+00	0.00e+00	0.00e+00	0.00e+00	0.00e+00	8.66e-69
 5.94633e+22	9.21e-25	7.96e-18	4.43e-13	2.40e-09	3.47e-05	1.41e-02	9.86e-01	0.00e+00	0.00e+00	0.00e+00	0.00e+00	0.00e+00	1.29e-68
 5.95761e+22	1.05e-24	8.82e-18	4.77e-13	2.50e-09	3.61e-05	1.44e-02	9.86e-01	0.00e+00	0.00e+00	0.00e+00	0.00e+00	0.00e+00	1.85e-68
 5.97014e+22	1.25e-24	1.01e-17	5.24e-13	2.64e-09	3.79e-05	1.48e-02	9.85e-01	0.00e+00	0.00e+00	0.00e+00	0.00e+00	0.00e+00	2.94e-68
 5.98300e+22	1.45e-24	1.13e-17	5.69e-13	2.77e-09	3.96e-05	1.52e-02	9.85e-01	0.00e+00	0.00e+00	0.00e+00	0.00e+00	0.00e+00	4.42e-68
 5.99427e+22	1.66e-24	1.26e-17	6.14e-13	2.90e-09	4.13e-05	1.56e-02	9.84e-01	0.00e+00	0.00e+00	0.00e+00	0.00e+00	0.00e+00	6.35e-68
 6.00508e+22	1.92e-24	1.40e-17	6.64e-13	3.03e-09	4.30e-05	1.60e-02	9.84e-01	0.00e+00	0.00e+00	0.00e+00	0.00e+00	0.00e+00	9.32e-68
 6.01538e+22	2.18e-24	1.55e-17	7.13e-13	3.17e-09	4.47e-05	1.64e-02	9.84e-01	0.00e+00	0.00e+00	0.00e+00	0.00e+00	0.00e+00	1.31e-67
 6.02687e+22	2.61e-24	1.78e-17	7.87e-13	3.35e-09	4.71e-05	1.69e-02	9.83e-01	0.00e+00	0.00e+00	0.00e+00	0.00e+00	0.00e+00	2.13e-67
 6.03835e+22	3.01e-24	1.99e-17	8.51e-13	3.51e-09	4.90e-05	1.73e-02	9.83e-01	0.00e+00	0.00e+00	0.00e+00	0.00e+00	0.00e+00	3.09e-67
 6.04981e+22	3.61e-24	2.29e-17	9.43e-13	3.73e-09	5.17e-05	1.78e-02	9.82e-01	0.00e+00	0.00e+00	0.00e+00	0.00e+00	0.00e+00	5.02e-67
 6.06143e+22	4.19e-24	2.58e-17	1.03e-12	3.92e-09	5.40e-05	1.83e-02	9.82e-01	0.00e+00	0.00e+00	0.00e+00	0.00e+00	0.00e+00	7.44e-67
 6.07328e+22	5.14e-24	3.02e-17	1.15e-12	4.19e-09	5.73e-05	1.89e-02	9.81e-01	0.00e+00	0.00e+00	0.00e+00	0.00e+00	0.00e+00	1.27e-66
 6.08492e+22	5.94e-24	3.39e-17	1.25e-12	4.41e-09	5.98e-05	1.94e-02	9.81e-01	0.00e+00	0.00e+00	0.00e+00	0.00e+00	0.00e+00	1.85e-66
 6.09631e+22	7.32e-24	3.99e-17	1.40e-12	4.73e-09	6.35e-05	2.00e-02	9.80e-01	0.00e+00	0.00e+00	0.00e+00	0.00e+00	0.00e+00	3.18e-66
 6.10767e+22	8.51e-24	4.49e-17	1.53e-12	4.99e-09	6.64e-05	2.05e-02	9.79e-01	0.00e+00	0.00e+00	0.00e+00	0.00e+00	0.00e+00	4.68e-66
 6.11900e+22	1.06e-23	5.33e-17	1.74e-12	5.38e-09	7.07e-05	2.13e-02	9.79e-01	0.00e+00	0.00e+00	0.00e+00	5.33e-17	6.09e-25	8.17e-66
 6.13034e+22	1.24e-23	6.05e-17	1.91e-12	5.70e-09	7.41e-05	2.18e-02	9.78e-01	0.00e+00	0.00e+00	0.00e+00	6.05e-17	2.04e-22	1.23e-65
 6.14170e+22	1.57e-23	7.27e-17	2.18e-12	6.19e-09	7.92e-05	2.26e-02	9.77e-01	0.00e+00	0.00e+00	0.00e+00	7.27e-17	2.45e-22	2.20e-65
 6.15312e+22	1.86e-23	8.33e-17	2.41e-12	6.59e-09	8.32e-05	2.32e-02	9.77e-01	0.00e+00	0.00e+00	0.00e+00	8.33e-17	2.80e-22	3.37e-65
 6.16460e+22	2.36e-23	1.01e-16	2.78e-12	7.20e-09	8.91e-05	2.40e-02	9.76e-01	0.00e+00	0.00e+00	0.00e+00	1.01e-16	3.39e-22	6.09e-65
 6.17570e+22	2.80e-23	1.15e-16	3.08e-12	7.67e-09	9.35e-05	2.46e-02	9.75e-01	0.00e+00	0.00e+00	0.00e+00	1.15e-16	3.88e-22	9.26e-65
 6.18630e+22	3.52e-23	1.39e-16	3.53e-12	8.37e-09	9.98e-05	2.55e-02	9.74e-01	0.00e+00	0.00e+00	0.00e+00	1.39e-16	4.67e-22	1.63e-64
 6.19709e+22	4.25e-23	1.61e-16	3.95e-12	9.00e-09	1.05e-04	2.62e-02	9.74e-01	0.00e+00	0.00e+00	0.00e+00	1.61e-16	5.42e-22	2.56e-64
 6.20812e+22	5.45e-23	1.97e-16	4.60e-12	9.92e-09	1.13e-04	2.72e-02	9.73e-01	0.00e+00	0.00e+00	0.00e+00	1.97e-16	6.63e-22	4.66e-64
 6.21935e+22	1.97e-24	2.32e-16	5.20e-12	1.07e-08	1.20e-04	2.80e-02	9.72e-01	0.00e+00	0.00e+00	0.00e+00	2.32e-16	7.80e-22	1.78e-64
 6.23082e+22	2.59e-24	2.88e-16	6.13e-12	1.20e-08	1.29e-04	2.90e-02	9.71e-01	0.00e+00	0.00e+00	0.00e+00	2.88e-16	9.69e-22	3.34e-64
 6.24235e+22	3.21e-24	3.41e-16	6.97e-12	1.30e-08	1.37e-04	2.99e-02	9.70e-01	0.00e+00	0.00e+00	0.00e+00	3.41e-16	1.15e-21	5.43e-64
 6.25395e+22	4.26e-24	4.28e-16	8.29e-12	1.46e-08	1.48e-04	3.11e-02	9.69e-01	0.00e+00	0.00e+00	0.00e+00	4.28e-16	1.44e-21	1.03e-63
 6.26531e+22	5.24e-24	5.05e-16	9.41e-12	1.59e-08	1.56e-04	3.20e-02	9.68e-01	0.00e+00	0.00e+00	0.00e+00	5.05e-16	1.70e-21	1.64e-63
 6.27634e+22	6.91e-24	6.30e-16	1.11e-11	1.77e-08	1.69e-04	3.32e-02	9.67e-01	0.00e+00	0.00e+00	0.00e+00	6.30e-16	2.12e-21	3.05e-63
 6.28757e+22	8.55e-24	7.47e-16	1.27e-11	1.94e-08	1.79e-04	3.41e-02	9.66e-01	0.00e+00	0.00e+00	0.00e+00	7.47e-16	2.51e-21	4.91e-63
 6.29907e+22	1.14e-23	9.41e-16	1.52e-11	2.18e-08	1.93e-04	3.55e-02	9.64e-01	0.00e+00	0.00e+00	0.00e+00	9.41e-16	3.17e-21	9.30e-63
 6.31054e+22	1.41e-23	1.11e-15	1.73e-11	2.39e-08	2.05e-04	3.65e-02	9.63e-01	0.00e+00	0.00e+00	0.00e+00	1.11e-15	3.75e-21	1.48e-62
 6.32198e+22	1.87e-23	1.40e-15	2.07e-11	2.69e-08	2.22e-04	3.79e-02	9.62e-01	0.00e+00	0.00e+00	0.00e+00	1.40e-15	4.72e-21	2.79e-62
 6.33361e+22	2.32e-23	1.67e-15	2.37e-11	2.94e-08	2.35e-04	3.90e-02	9.61e-01	0.00e+00	0.00e+00	0.00e+00	1.67e-15	5.60e-21	4.45e-62
 6.34548e+22	3.10e-23	2.10e-15	2.84e-11	3.33e-08	2.54e-04	4.06e-02	9.59e-01	0.00e+00	0.00e+00	0.00e+00	2.10e-15	7.08e-21	8.39e-62
 6.35764e+22	3.86e-23	2.51e-15	3.26e-11	3.66e-08	2.70e-04	4.18e-02	9.58e-01	0.00e+00	0.00e+00	0.00e+00	2.51e-15	8.45e-21	1.36e-61
 6.37018e+22	5.17e-23	3.18e-15	3.91e-11	4.15e-08	2.93e-04	4.34e-02	9.56e-01	0.00e+00	0.00e+00	0.00e+00	3.18e-15	1.07e-20	2.57e-61
 6.38254e+22	6.37e-23	3.76e-15	4.46e-11	4.54e-08	3.10e-04	4.47e-02	9.55e-01	0.00e+00	0.00e+00	0.00e+00	3.76e-15	1.27e-20	4.05e-61
 6.39468e+22	8.35e-23	4.69e-15	5.30e-11	5.11e-08	3.35e-04	4.63e-02	9.53e-01	0.00e+00	0.00e+00	0.00e+00	4.69e-15	1.58e-20	7.33e-61
 6.40717e+22	7.69e-23	5.59e-15	6.09e-11	5.62e-08	3.56e-04	4.77e-02	9.52e-01	0.00e+00	0.00e+00	0.00e+00	5.59e-15	1.88e-20	1.14e-60
 6.42013e+22	1.02e-22	7.03e-15	7.29e-11	6.36e-08	3.85e-04	4.96e-02	9.50e-01	0.00e+00	0.00e+00	0.00e+00	7.03e-15	2.37e-20	2.10e-60
 6.43340e+22	1.27e-22	8.38e-15	8.37e-11	7.00e-08	4.09e-04	5.11e-02	9.49e-01	0.00e+00	0.00e+00	0.00e+00	8.38e-15	2.82e-20	3.38e-60
 6.44708e+22	1.69e-22	1.06e-14	1.00e-10	7.94e-08	4.44e-04	5.31e-02	9.46e-01	0.00e+00	0.00e+00	0.00e+00	1.06e-14	3.55e-20	6.25e-60
 6.46075e+22	2.09e-22	1.26e-14	1.15e-10	8.73e-08	4.71e-04	5.46e-02	9.45e-01	0.00e+00	0.00e+00	0.00e+00	1.26e-14	4.23e-20	9.95e-60
 6.47441e+22	2.78e-22	1.58e-14	1.38e-10	9.88e-08	5.10e-04	5.68e-02	9.43e-01	0.00e+00	0.00e+00	0.00e+00	1.58e-14	5.31e-20	1.82e-59
 6.48826e+22	3.42e-22	1.87e-14	1.57e-10	1.08e-07	5.41e-04	5.84e-02	9.41e-01	0.00e+00	0.00e+00	0.00e+00	1.87e-14	6.28e-20	2.86e-59
 6.50236e+22	4.53e-22	2.34e-14	1.88e-10	1.23e-07	5.86e-04	6.07e-02	9.39e-01	0.00e+00	0.00e+00	0.00e+00	2.34e-14	7.87e-20	5.22e-59
 6.51674e+22	5.61e-22	2.78e-14	2.15e-10	1.35e-07	6.23e-04	6.25e-02	9.37e-01	0.00e+00	0.00e+00	0.00e+00	2.78e-14	9.35e-20	8.28e-59
 6.52922e+22	6.88e-22	3.27e-14	2.45e-10	1.48e-07	6.60e-04	6.42e-02	9.35e-01	0.00e+00	0.00e+00	0.00e+00	3.27e-14	1.10e-19	1.28e-58
 6.54313e+22	8.96e-22	4.05e-14	2.90e-10	1.67e-07	7.12e-04	6.66e-02	9.33e-01	0.00e+00	0.00e+00	0.00e+00	4.05e-14	1.36e-19	2.25e-58
 6.55703e+22	1.09e-21	4.73e-14	3.28e-10	1.82e-07	7.53e-04	6.84e-02	9.31e-01	0.00e+00	0.00e+00	0.00e+00	4.73e-14	1.59e-19	3.42e-58
 6.57090e+22	1.42e-21	5.84e-14	3.88e-10	2.04e-07	8.12e-04	7.09e-02	9.28e-01	0.00e+00	0.00e+00	0.00e+00	5.84e-14	1.97e-19	5.96e-58
 6.58493e+22	1.71e-21	6.80e-14	4.37e-10	2.23e-07	8.57e-04	7.28e-02	9.26e-01	0.00e+00	0.00e+00	0.00e+00	6.80e-14	2.29e-19	8.93e-58
 6.59915e+22	2.22e-21	8.38e-14	5.16e-10	2.50e-07	9.24e-04	7.54e-02	9.24e-01	0.00e+00	0.00e+00	0.00e+00	8.38e-14	2.82e-19	1.55e-57
 6.61362e+22	2.70e-21	9.79e-14	5.84e-10	2.73e-07	9.77e-04	7.74e-02	9.22e-01	0.00e+00	0.00e+00	0.00e+00	9.79e-14	3.30e-19	2.35e-57
 6.62640e+22	3.28e-21	1.15e-13	6.62e-10	2.98e-07	1.03e-03	7.95e-02	9.19e-01	0.00e+00	0.00e+00	0.00e+00	1.15e-13	3.86e-19	3.55e-57
 6.63908e+22	3.98e-21	1.34e-13	7.48e-10	3.25e-07	1.09e-03	8.17e-02	9.17e-01	0.00e+00	0.00e+00	0.00e+00	1.34e-13	4.50e-19	5.35e-57
 6.65365e+22	5.09e-21	1.63e-13	8.75e-10	3.64e-07	1.17e-03	8.45e-02	9.14e-01	0.00e+00	0.00e+00	0.00e+00	1.63e-13	5.48e-19	9.02e-57
 6.66831e+22	6.18e-21	1.90e-13	9.90e-10	3.97e-07	1.24e-03	8.67e-02	9.12e-01	0.00e+00	0.00e+00	0.00e+00	1.90e-13	6.39e-19	1.35e-56
 6.68311e+22	7.94e-21	2.32e-13	1.16e-09	4.45e-07	1.34e-03	8.98e-02	9.09e-01	0.00e+00	0.00e+00	0.00e+00	2.32e-13	7.81e-19	2.29e-56
 6.69806e+22	9.55e-21	2.69e-13	1.31e-09	4.84e-07	1.41e-03	9.21e-02	9.06e-01	0.00e+00	0.00e+00	0.00e+00	2.69e-13	9.05e-19	3.39e-56
 6.71322e+22	1.23e-20	3.28e-13	1.53e-09	5.42e-07	1.52e-03	9.53e-02	9.03e-01	0.00e+00	0.00e+00	0.00e+00	3.28e-13	1.10e-18	5.73e-56
 6.72868e+22	1.48e-20	3.81e-13	1.73e-09	5.91e-07	1.60e-03	9.78e-02	9.01e-01	0.00e+00	0.00e+00	0.00e+00	3.81e-13	1.28e-18	8.56e-56
 6.74454e+22	1.91e-20	4.66e-13	2.03e-09	6.63e-07	1.72e-03	1.01e-01	8.97e-01	0.00e+00	0.00e+00	0.00e+00	4.66e-13	1.57e-18	1.45e-55
 6.76075e+22	2.32e-20	5.44e-13	2.29e-09	7.24e-07	1.83e-03	1.04e-01	8.94e-01	0.00e+00	0.00e+00	0.00e+00	5.44e-13	1.83e-18	2.19e-55
 6.77740e+22	2.99e-20	6.64e-13	2.69e-09	8.12e-07	1.97e-03	1.08e-01	8.90e-01	0.00e+00	0.00e+00	0.00e+00	6.64e-13	2.24e-18	3.73e-55
 6.79457e+22	3.68e-20	7.83e-13	3.07e-09	8.93e-07	2.09e-03	1.11e-01	8.87e-01	0.00e+00	0.00e+00	0.00e+00	7.83e-13	2.64e-18	5.77e-55
 6.81242e+22	4.79e-20	9.63e-13	3.63e-09	1.01e-06	2.26e-03	1.15e-01	8.83e-01	0.00e+00	0.00e+00	0.00e+00	9.63e-13	3.25e-18	1.00e-54
 6.82973e+22	5.75e-20	1.11e-12	4.08e-09	1.10e-06	2.38e-03	1.18e-01	8.80e-01	0.00e+00	0.00e+00	0.00e+00	1.11e-12	3.75e-18	1.47e-54
 6.84634e+22	7.39e-20	1.36e-12	4.78e-09	1.23e-06	2.56e-03	1.22e-01	8.76e-01	0.00e+00	0.00e+00	0.00e+00	1.36e-12	4.58e-18	2.48e-54
 6.86332e+22	8.93e-20	1.57e-12	5.38e-09	1.34e-06	2.71e-03	1.25e-01	8.72e-01	0.00e+00	0.00e+00	0.00e+00	1.57e-12	5.31e-18	3.69e-54
 6.88076e+22	1.13e-19	1.89e-12	6.25e-09	1.49e-06	2.90e-03	1.29e-01	8.68e-01	0.00e+00	0.00e+00	0.00e+00	1.89e-12	6.39e-18	6.05e-54
 6.89920e+22	1.41e-19	2.25e-12	7.18e-09	1.65e-06	3.09e-03	1.33e-01	8.64e-01	0.00e+00	0.00e+00	0.00e+00	2.25e-12	7.60e-18	9.59e-54
 6.91618e+22	1.73e-19	2.64e-12	8.17e-09	1.81e-06	3.28e-03	1.37e-01	8.60e-01	0.00e+00	0.00e+00	0.00e+00	2.64e-12	8.92e-18	1.47e-53
 6.93546e+22	2.25e-19	3.24e-12	9.62e-09	2.04e-06	3.54e-03	1.41e-01	8.55e-01	0.00e+00	0.00e+00	0.00e+00	3.24e-12	1.09e-17	2.53e-53
 6.95576e+22	2.83e-19	3.88e-12	1.11e-08	2.26e-06	3.79e-03	1.46e-01	8.50e-01	0.00e+00	0.00e+00	0.00e+00	3.88e-12	1.31e-17	4.09e-53
 6.97371e+22	3.48e-19	4.55e-12	1.26e-08	2.49e-06	4.02e-03	1.50e-01	8.46e-01	0.00e+00	0.00e+00	0.00e+00	4.55e-12	1.54e-17	6.26e-53
 6.99337e+22	4.49e-19	5.55e-12	1.48e-08	2.79e-06	4.33e-03	1.55e-01	8.41e-01	0.00e+00	0.00e+00	0.00e+00	5.55e-12	1.88e-17	1.07e-52
 7.01354e+22	5.61e-19	6.60e-12	1.70e-08	3.09e-06	4.62e-03	1.59e-01	8.36e-01	0.00e+00	0.00e+00	0.00e+00	6.60e-12	2.23e-17	1.69e-52
 7.03141e+22	6.91e-19	7.76e-12	1.94e-08	3.40e-06	4.91e-03	1.64e-01	8.31e-01	0.00e+00	0.00e+00	0.00e+00	7.76e-12	2.62e-17	2.60e-52
 7.05168e+22	8.95e-19	9.48e-12	2.28e-08	3.82e-06	5.29e-03	1.70e-01	8.25e-01	0.00e+00	0.00e+00	0.00e+00	9.48e-12	3.21e-17	4.45e-52
 7.07260e+22	1.13e-18	1.13e-11	2.64e-08	4.24e-06	5.66e-03	1.75e-01	8.20e-01	0.00e+00	0.00e+00	0.00e+00	1.13e-11	3.84e-17	7.15e-52
 7.09121e+22	1.39e-18	1.33e-11	3.01e-08	4.67e-06	6.01e-03	1.79e-01	8.15e-01	0.00e+00	0.00e+00	0.00e+00	1.33e-11	4.52e-17	1.10e-51
 7.11223e+22	1.84e-18	1.66e-11	3.58e-08	5.30e-06	6.51e-03	1.86e-01	8.08e-01	0.00e+00	0.00e+00	0.00e+00	1.66e-11	5.61e-17	1.95e-51
 7.13376e+22	2.32e-18	1.99e-11	4.15e-08	5.90e-06	6.97e-03	1.92e-01	8.01e-01	0.00e+00	0.00e+00	0.00e+00	1.99e-11	6.74e-17	3.15e-51
 7.15304e+22	2.88e-18	2.35e-11	4.75e-08	6.51e-06	7.42e-03	1.97e-01	7.96e-01	0.00e+00	0.00e+00	0.00e+00	2.35e-11	7.97e-17	4.92e-51
 7.17519e+22	3.89e-18	2.97e-11	5.75e-08	7.47e-06	8.09e-03	2.05e-01	7.87e-01	0.00e+00	0.00e+00	0.00e+00	2.97e-11	1.01e-16	9.05e-51
 7.19750e+22	4.86e-18	3.54e-11	6.61e-08	8.27e-06	8.63e-03	2.10e-01	7.81e-01	0.00e+00	0.00e+00	0.00e+00	3.54e-11	1.20e-16	1.43e-50
 7.22002e+22	6.60e-18	4.50e-11	8.03e-08	9.53e-06	9.44e-03	2.19e-01	7.72e-01	0.00e+00	0.00e+00	0.00e+00	4.50e-11	1.53e-16	2.65e-50
 7.24279e+22	8.31e-18	5.40e-11	9.30e-08	1.06e-05	1.01e-02	2.25e-01	7.65e-01	0.00e+00	0.00e+00	0.00e+00	5.40e-11	1.83e-16	4.25e-50
 7.26590e+22	1.14e-17	6.90e-11	1.14e-07	1.23e-05	1.11e-02	2.34e-01	7.55e-01	0.00e+00	0.00e+00	0.00e+00	6.90e-11	2.34e-16	7.96e-50
 7.28934e+22	1.45e-17	8.35e-11	1.33e-07	1.37e-05	1.19e-02	2.41e-01	7.47e-01	0.00e+00	0.00e+00	0.00e+00	8.35e-11	2.84e-16	1.30e-49
 7.30892e+22	1.79e-17	9.87e-11	1.52e-07	1.51e-05	1.26e-02	2.47e-01	7.40e-01	0.00e+00	0.00e+00	0.00e+00	9.87e-11	3.35e-16	1.99e-49
 7.33008e+22	2.41e-17	1.25e-10	1.84e-07	1.74e-05	1.37e-02	2.56e-01	7.30e-01	0.00e+00	0.00e+00	0.00e+00	1.25e-10	4.24e-16	3.56e-49
 7.35113e+22	2.97e-17	1.47e-10	2.10e-07	1.92e-05	1.46e-02	2.63e-01	7.23e-01	0.00e+00	0.00e+00	0.00e+00	1.47e-10	5.01e-16	5.42e-49
 7.37206e+22	3.96e-17	1.85e-10	2.54e-07	2.20e-05	1.59e-02	2.72e-01	7.12e-01	0.00e+00	0.00e+00	0.00e+00	1.85e-10	6.30e-16	9.52e-49
 7.39343e+22	4.92e-17	2.20e-10	2.92e-07	2.44e-05	1.69e-02	2.79e-01	7.04e-01	4.92e-17	4.73e-22	1.13e-22	2.20e-10	7.49e-16	1.47e-48
 7.41536e+22	6.66e-17	2.79e-10	3.56e-07	2.81e-05	1.85e-02	2.89e-01	6.92e-01	6.65e-17	5.19e-20	7.87e-21	2.79e-10	9.53e-16	2.64e-48
 7.43766e+22	8.44e-17	3.37e-10	4.15e-07	3.15e-05	1.98e-02	2.97e-01	6.83e-01	8.43e-17	6.57e-20	9.98e-21	3.37e-10	1.15e-15	4.17e-48
 7.46041e+22	1.15e-16	4.31e-10	5.08e-07	3.65e-05	2.17e-02	3.08e-01	6.70e-01	1.15e-16	8.97e-20	1.36e-20	4.31e-10	1.47e-15	7.52e-48
 7.48376e+22	1.48e-16	5.25e-10	5.99e-07	4.11e-05	2.34e-02	3.17e-01	6.60e-01	1.48e-16	1.15e-19	1.75e-20	5.25e-10	1.79e-15	1.21e-47
 7.50788e+22	2.06e-16	6.81e-10	7.43e-07	4.82e-05	2.57e-02	3.29e-01	6.45e-01	2.05e-16	1.60e-19	2.44e-20	6.81e-10	2.33e-15	2.24e-47
 7.53226e+22	2.67e-16	8.34e-10	8.80e-07	5.46e-05	2.77e-02	3.38e-01	6.34e-01	2.66e-16	2.08e-19	3.16e-20	8.34e-10	2.85e-15	3.61e-47
 7.55648e+22	3.69e-16	1.08e-09	1.09e-06	6.39e-05	3.05e-02	3.50e-01	6.19e-01	3.69e-16	2.88e-19	4.38e-20	1.08e-09	3.69e-15	6.53e-47
 7.58093e+22	4.81e-16	1.32e-09	1.29e-06	7.25e-05	3.29e-02	3.60e-01	6.07e-01	4.81e-16	3.76e-19	5.72e-20	1.32e-09	4.53e-15	1.05e-46
 7.60482e+22	6.59e-16	1.68e-09	1.58e-06	8.43e-05	3.60e-02	3.72e-01	5.92e-01	6.59e-16	5.15e-19	7.84e-20	1.68e-09	5.76e-15	1.81e-46
 7.62835e+22	8.51e-16	2.04e-09	1.87e-06	9.52e-05	3.88e-02	3.82e-01	5.79e-01	8.51e-16	6.65e-19	1.01e-19	2.04e-09	7.00e-15	2.82e-46
 7.64903e+22	1.09e-15	2.44e-09	2.18e-06	1.07e-04	4.15e-02	3.91e-01	5.68e-01	1.09e-15	8.52e-19	1.30e-19	2.44e-09	8.41e-15	4.27e-46
 7.67145e+22	1.48e-15	3.05e-09	2.64e-06	1.23e-04	4.52e-02	4.02e-01	5.53e-01	1.48e-15	1.16e-18	1.77e-19	3.05e-09	1.05e-14	7.04e-46
 7.69358e+22	1.89e-15	3.62e-09	3.06e-06	1.38e-04	4.82e-02	4.11e-01	5.41e-01	1.89e-15	1.48e-18	2.25e-19	3.62e-09	1.25e-14	1.04e-45
 7.71596e+22	2.61e-15	4.51e-09	3.69e-06	1.58e-04	5.24e-02	4.22e-01	5.26e-01	2.61e-15	2.04e-18	3.11e-19	4.51e-09	1.56e-14	1.70e-45
 7.73830e+22	3.34e-15	5.32e-09	4.26e-06	1.76e-04	5.58e-02	4.30e-01	5.14e-01	3.33e-15	2.61e-18	3.98e-19	5.32e-09	1.84e-14	2.47e-45
 7.76074e+22	4.68e-15	6.58e-09	5.13e-06	2.03e-04	6.05e-02	4.41e-01	4.98e-01	4.68e-15	3.67e-18	5.59e-19	6.58e-09	2.28e-14	3.99e-45
 7.78319e+22	6.07e-15	7.72e-09	5.90e-06	2.26e-04	6.43e-02	4.49e-01	4.86e-01	6.07e-15	4.76e-18	7.26e-19	7.72e-09	2.68e-14	5.75e-45
 7.80565e+22	8.68e-15	9.48e-09	7.07e-06	2.59e-04	6.96e-02	4.60e-01	4.71e-01	8.67e-15	6.81e-18	1.04e-18	9.48e-09	3.29e-14	9.23e-45
 7.82821e+22	1.15e-14	1.11e-08	8.10e-06	2.87e-04	7.38e-02	4.67e-01	4.59e-01	1.15e-14	9.04e-18	1.38e-18	1.11e-08	3.85e-14	1.33e-44
 7.85089e+22	1.71e-14	1.35e-08	9.67e-06	3.28e-04	7.97e-02	4.77e-01	4.43e-01	1.71e-14	1.34e-17	2.05e-18	1.35e-08	4.71e-14	2.15e-44
 7.87373e+22	2.33e-14	1.57e-08	1.11e-05	3.63e-04	8.44e-02	4.84e-01	4.31e-01	2.33e-14	1.83e-17	2.80e-18	1.57e-08	5.48e-14	3.13e-44
 7.89677e+22	3.55e-14	1.91e-08	1.31e-05	4.15e-04	9.09e-02	4.93e-01	4.16e-01	3.55e-14	2.79e-17	4.27e-18	1.91e-08	6.67e-14	5.12e-44
 7.92009e+22	4.91e-14	2.22e-08	1.50e-05	4.59e-04	9.63e-02	5.00e-01	4.04e-01	4.90e-14	3.86e-17	5.91e-18	2.22e-08	7.75e-14	7.54e-44
 7.94377e+22	7.43e-14	2.68e-08	1.79e-05	5.24e-04	1.04e-01	5.08e-01	3.88e-01	7.42e-14	5.85e-17	8.96e-18	2.68e-08	9.41e-14	1.24e-43
 7.96782e+22	1.01e-13	3.11e-08	2.04e-05	5.80e-04	1.10e-01	5.14e-01	3.76e-01	1.01e-13	7.93e-17	1.21e-17	3.11e-08	1.09e-13	1.82e-43
 7.99234e+22	1.46e-13	3.76e-08	2.42e-05	6.63e-04	1.18e-01	5.22e-01	3.60e-01	1.46e-13	1.15e-16	1.76e-17	3.76e-08	1.33e-13	2.94e-43
 8.01736e+22	1.90e-13	4.36e-08	2.77e-05	7.34e-04	1.25e-01	5.27e-01	3.48e-01	1.90e-13	1.50e-16	2.30e-17	4.36e-08	1.54e-13	4.27e-43
 8.04303e+22	2.63e-13	5.27e-08	3.30e-05	8.40e-04	1.34e-01	5.34e-01	3.32e-01	2.63e-13	2.08e-16	3.19e-17	5.27e-08	1.87e-13	6.75e-43
 8.06899e+22	3.32e-13	6.10e-08	3.76e-05	9.29e-04	1.41e-01	5.38e-01	3.20e-01	3.32e-13	2.63e-16	4.03e-17	6.10e-08	2.17e-13	9.61e-43
 8.09531e+22	4.42e-13	7.35e-08	4.47e-05	1.06e-03	1.52e-01	5.43e-01	3.04e-01	4.42e-13	3.50e-16	5.38e-17	7.35e-08	2.62e-13	1.48e-42
 8.12062e+22	5.31e-13	8.35e-08	5.01e-05	1.16e-03	1.59e-01	5.46e-01	2.94e-01	5.30e-13	4.21e-16	6.46e-17	8.35e-08	2.98e-13	2.00e-42
 8.14117e+22	6.31e-13	9.44e-08	5.61e-05	1.26e-03	1.66e-01	5.49e-01	2.83e-01	6.30e-13	5.01e-16	7.70e-17	9.44e-08	3.37e-13	2.65e-42
 8.16442e+22	7.85e-13	1.10e-07	6.48e-05	1.41e-03	1.76e-01	5.52e-01	2.71e-01	7.84e-13	6.23e-16	9.59e-17	1.10e-07	3.96e-13	3.78e-42
 8.18746e+22	9.14e-13	1.24e-07	7.20e-05	1.53e-03	1.84e-01	5.54e-01	2.61e-01	9.13e-13	7.27e-16	1.12e-16	1.24e-07	4.45e-13	4.91e-42
 8.21021e+22	1.11e-12	1.43e-07	8.27e-05	1.71e-03	1.94e-01	5.55e-01	2.49e-01	1.11e-12	8.85e-16	1.36e-16	1.43e-07	5.17e-13	6.80e-42
 8.23316e+22	1.29e-12	1.61e-07	9.17e-05	1.85e-03	2.02e-01	5.56e-01	2.40e-01	1.29e-12	1.03e-15	1.58e-16	1.61e-07	5.81e-13	8.88e-42
 8.25637e+22	1.55e-12	1.86e-07	1.05e-04	2.05e-03	2.13e-01	5.57e-01	2.28e-01	1.55e-12	1.24e-15	1.91e-16	1.86e-07	6.74e-13	1.23e-41
 8.27987e+22	1.79e-12	2.08e-07	1.16e-04	2.22e-03	2.21e-01	5.57e-01	2.20e-01	1.78e-12	1.43e-15	2.20e-16	2.08e-07	7.57e-13	1.60e-41
 8.30376e+22	2.14e-12	2.40e-07	1.33e-04	2.47e-03	2.33e-01	5.56e-01	2.08e-01	2.14e-12	1.71e-15	2.64e-16	2.40e-07	8.78e-13	2.21e-41
 8.32799e+22	2.46e-12	2.69e-07	1.48e-04	2.68e-03	2.42e-01	5.55e-01	2.00e-01	2.45e-12	1.97e-15	3.04e-16	2.69e-07	9.87e-13	2.89e-41
 8.35268e+22	2.93e-12	3.11e-07	1.70e-04	2.97e-03	2.55e-01	5.53e-01	1.89e-01	2.92e-12	2.35e-15	3.63e-16	3.11e-07	1.14e-12	4.00e-41
 8.37781e+22	3.36e-12	3.49e-07	1.88e-04	3.22e-03	2.65e-01	5.51e-01	1.81e-01	3.35e-12	2.70e-15	4.18e-16	3.49e-07	1.29e-12	5.27e-41
 8.40351e+22	3.99e-12	4.03e-07	2.16e-04	3.59e-03	2.78e-01	5.48e-01	1.70e-01	3.98e-12	3.21e-15	4.98e-16	4.03e-07	1.50e-12	7.34e-41
 8.42975e+22	4.58e-12	4.53e-07	2.40e-04	3.88e-03	2.89e-01	5.45e-01	1.62e-01	4.58e-12	3.70e-15	5.74e-16	4.53e-07	1.69e-12	9.82e-41
 8.45670e+22	5.43e-12	5.24e-07	2.76e-04	4.34e-03	3.03e-01	5.40e-01	1.52e-01	5.42e-12	4.39e-15	6.82e-16	5.24e-07	1.97e-12	1.37e-40
 8.48380e+22	6.20e-12	5.88e-07	3.07e-04	4.69e-03	3.14e-01	5.36e-01	1.44e-01	6.20e-12	5.02e-15	7.81e-16	5.88e-07	2.22e-12	1.83e-40
 8.51109e+22	7.32e-12	6.79e-07	3.52e-04	5.22e-03	3.29e-01	5.30e-01	1.35e-01	7.31e-12	5.94e-15	9.25e-16	6.79e-07	2.57e-12	2.58e-40
 8.53875e+22	8.36e-12	7.63e-07	3.91e-04	5.65e-03	3.41e-01	5.25e-01	1.28e-01	8.35e-12	6.80e-15	1.06e-15	7.63e-07	2.91e-12	3.47e-40
 8.56691e+22	1.04e-11	8.80e-07	4.48e-04	6.28e-03	3.57e-01	5.18e-01	1.19e-01	1.03e-11	8.44e-15	1.32e-15	8.80e-07	3.38e-12	5.10e-40
 8.59427e+22	1.11e-11	9.79e-07	4.92e-04	6.74e-03	3.68e-01	5.12e-01	1.13e-01	1.11e-11	9.08e-15	1.42e-15	9.79e-07	3.77e-12	6.55e-40
 8.62062e+22	1.34e-11	1.11e-06	5.57e-04	7.43e-03	3.83e-01	5.04e-01	1.05e-01	1.34e-11	1.10e-14	1.72e-15	1.11e-06	4.32e-12	9.29e-40
 8.64564e+22	1.48e-11	1.22e-06	6.06e-04	7.91e-03	3.93e-01	4.99e-01	1.00e-01	1.48e-11	1.22e-14	1.90e-15	1.22e-06	4.76e-12	1.18e-39
 8.66893e+22	1.68e-11	1.37e-06	6.72e-04	8.55e-03	4.05e-01	4.92e-01	9.42e-02	1.68e-11	1.38e-14	2.17e-15	1.37e-06	5.36e-12	1.60e-39
 8.69334e+22	1.87e-11	1.51e-06	7.36e-04	9.16e-03	4.16e-01	4.85e-01	8.92e-02	1.87e-11	1.55e-14	2.43e-15	1.51e-06	5.96e-12	2.08e-39
 8.71565e+22	2.07e-11	1.66e-06	8.03e-04	9.79e-03	4.27e-01	4.78e-01	8.45e-02	2.07e-11	1.71e-14	2.69e-15	1.66e-06	6.58e-12	2.67e-39
 8.74108e+22	2.37e-11	1.87e-06	8.96e-04	1.06e-02	4.41e-01	4.69e-01	7.89e-02	2.37e-11	1.97e-14	3.09e-15	1.87e-06	7.47e-12	3.72e-39
 8.76697e+22	2.63e-11	2.06e-06	9.80e-04	1.14e-02	4.52e-01	4.61e-01	7.44e-02	2.63e-11	2.19e-14	3.45e-15	2.06e-06	8.29e-12	4.86e-39
