#depth	Ar	Ar+	Ar+2	Ar+3	Ar+4	Ar+5	Ar+6	Ar+7	Ar+8	Ar+9	Ar+10	Ar+11	Ar+12	Ar+13	Ar+14	Ar+15	Ar+16	Ar+17	Ar+18
 4.62852e+21	9.56e-29	2.64e-22	3.60e-17	1.01e-14	1.38e-12	6.58e-11	1.67e-09	5.21e-08	2.97e-05	1.18e-03	1.49e-02	6.53e-02	2.01e-01	2.39e-01	1.55e-01	1.08e-01	1.79e-01	3.45e-02	2.24e-03
 1.02921e+22	7.26e-26	1.44e-19	1.38e-14	1.83e-12	1.22e-10	2.83e-09	3.35e-08	5.14e-07	2.10e-04	6.94e-03	6.13e-02	1.76e-01	3.42e-01	2.41e-01	9.05e-02	3.77e-02	3.96e-02	4.17e-03	1.50e-04
 1.17207e+22	5.34e-25	9.37e-19	7.88e-14	8.53e-12	4.73e-10	9.09e-09	8.78e-08	1.11e-06	3.74e-04	1.11e-02	8.56e-02	2.14e-01	3.58e-01	2.14e-01	6.80e-02	2.45e-02	2.23e-02	1.94e-03	5.73e-05
 1.23110e+22	1.35e-24	2.22e-18	1.75e-13	1.73e-11	8.87e-10	1.57e-08	1.38e-07	1.59e-06	4.91e-04	1.37e-02	9.90e-02	2.32e-01	3.60e-01	1.99e-01	5.84e-02	1.97e-02	1.68e-02	1.33e-03	3.59e-05
 1.25575e+22	1.68e-24	2.73e-18	2.12e-13	2.06e-11	1.03e-09	1.79e-08	1.54e-07	1.74e-06	5.25e-04	1.44e-02	1.02e-01	2.36e-01	3.60e-01	1.95e-01	5.62e-02	1.87e-02	1.57e-02	1.21e-03	3.21e-05
 1.26716e+22	2.26e-24	3.59e-18	2.74e-13	2.58e-11	1.26e-09	2.13e-08	1.78e-07	1.95e-06	5.73e-04	1.54e-02	1.07e-01	2.41e-01	3.60e-01	1.90e-01	5.34e-02	1.74e-02	1.43e-02	1.07e-03	2.75e-05
 1.28001e+22	2.99e-24	4.67e-18	3.48e-13	3.20e-11	1.53e-09	2.51e-08	2.05e-07	2.19e-06	6.23e-04	1.64e-02	1.12e-01	2.47e-01	3.59e-01	1.85e-01	5.08e-02	1.62e-02	1.30e-02	9.51e-04	2.37e-05
 1.29247e+22	3.89e-24	5.96e-18	4.36e-13	3.91e-11	1.83e-09	2.94e-08	2.33e-07	2.43e-06	6.73e-04	1.74e-02	1.16e-01	2.51e-01	3.58e-01	1.80e-01	4.84e-02	1.52e-02	1.20e-02	8.50e-04	2.06e-05
 1.30642e+22	5.46e-24	8.18e-18	5.84e-13	5.07e-11	2.30e-09	3.60e-08	2.76e-07	2.79e-06	7.46e-04	1.88e-02	1.22e-01	2.57e-01	3.57e-01	1.74e-01	4.54e-02	1.39e-02	1.07e-02	7.34e-04	1.72e-05
 1.32045e+22	7.08e-24	1.04e-17	7.28e-13	6.18e-11	2.74e-09	4.20e-08	3.15e-07	3.10e-06	8.06e-04	2.00e-02	1.27e-01	2.62e-01	3.55e-01	1.69e-01	4.32e-02	1.30e-02	9.82e-03	6.55e-04	1.50e-05
 1.33456e+22	9.85e-24	1.41e-17	9.65e-13	7.95e-11	3.43e-09	5.10e-08	3.71e-07	3.54e-06	8.90e-04	2.15e-02	1.33e-01	2.67e-01	3.53e-01	1.63e-01	4.05e-02	1.19e-02	8.78e-03	5.66e-04	1.25e-05
 1.34906e+22	1.29e-23	1.81e-17	1.21e-12	9.76e-11	4.12e-09	5.99e-08	4.24e-07	3.95e-06	9.66e-04	2.28e-02	1.38e-01	2.72e-01	3.51e-01	1.58e-01	3.83e-02	1.11e-02	8.01e-03	5.02e-04	1.08e-05
 1.36407e+22	1.81e-23	2.48e-17	1.61e-12	1.26e-10	5.18e-09	7.32e-08	5.02e-07	4.53e-06	1.07e-03	2.46e-02	1.44e-01	2.77e-01	3.48e-01	1.52e-01	3.58e-02	1.01e-02	7.13e-03	4.32e-04	8.96e-06
 1.37950e+22	2.39e-23	3.21e-17	2.05e-12	1.56e-10	6.28e-09	8.65e-08	5.78e-07	5.08e-06	1.16e-03	2.61e-02	1.50e-01	2.82e-01	3.45e-01	1.47e-01	3.37e-02	9.36e-03	6.46e-03	3.80e-04	7.66e-06
 1.39546e+22	3.39e-23	4.43e-17	2.75e-12	2.03e-10	7.94e-09	1.06e-07	6.88e-07	5.85e-06	1.29e-03	2.82e-02	1.57e-01	2.87e-01	3.41e-01	1.40e-01	3.13e-02	8.49e-03	5.71e-03	3.24e-04	6.30e-06
 1.41186e+22	4.53e-23	5.79e-17	3.51e-12	2.53e-10	9.67e-09	1.26e-07	7.95e-07	6.59e-06	1.41e-03	3.00e-02	1.63e-01	2.91e-01	3.37e-01	1.35e-01	2.94e-02	7.82e-03	5.15e-03	2.83e-04	5.34e-06
 1.42883e+22	6.48e-23	8.05e-17	4.74e-12	3.32e-10	1.23e-08	1.56e-07	9.52e-07	7.63e-06	1.58e-03	3.24e-02	1.71e-01	2.96e-01	3.32e-01	1.29e-01	2.71e-02	7.05e-03	4.52e-03	2.39e-04	4.35e-06
 1.44635e+22	8.78e-23	1.07e-16	6.12e-12	4.18e-10	1.52e-08	1.87e-07	1.11e-06	8.64e-06	1.73e-03	3.46e-02	1.77e-01	3.00e-01	3.27e-01	1.23e-01	2.53e-02	6.45e-03	4.04e-03	2.07e-04	3.65e-06
 1.46458e+22	1.28e-22	1.50e-16	8.38e-12	5.55e-10	1.95e-08	2.34e-07	1.34e-06	1.01e-05	1.94e-03	3.75e-02	1.86e-01	3.04e-01	3.21e-01	1.17e-01	2.32e-02	5.77e-03	3.52e-03	1.73e-04	2.93e-06
 1.48337e+22	1.75e-22	2.01e-16	1.09e-11	7.05e-10	2.42e-08	2.82e-07	1.56e-06	1.15e-05	2.13e-03	4.01e-02	1.93e-01	3.08e-01	3.16e-01	1.11e-01	2.15e-02	5.24e-03	3.12e-03	1.49e-04	2.44e-06
 1.50031e+22	2.38e-22	2.67e-16	1.41e-11	8.89e-10	2.97e-08	3.38e-07	1.82e-06	1.30e-05	2.34e-03	4.27e-02	2.00e-01	3.11e-01	3.10e-01	1.06e-01	2.00e-02	4.77e-03	2.78e-03	1.28e-04	2.03e-06
 1.51977e+22	3.52e-22	3.81e-16	1.95e-11	1.19e-09	3.86e-08	4.25e-07	2.21e-06	1.52e-05	2.63e-03	4.63e-02	2.09e-01	3.14e-01	3.03e-01	9.97e-02	1.82e-02	4.23e-03	2.39e-03	1.06e-04	1.61e-06
 1.53960e+22	4.85e-22	5.12e-16	2.55e-11	1.51e-09	4.80e-08	5.14e-07	2.59e-06	1.73e-05	2.89e-03	4.94e-02	2.17e-01	3.17e-01	2.96e-01	9.46e-02	1.68e-02	3.82e-03	2.11e-03	9.01e-05	1.32e-06
 1.55993e+22	7.22e-22	7.38e-16	3.55e-11	2.04e-09	6.27e-08	6.50e-07	3.16e-06	2.04e-05	3.26e-03	5.36e-02	2.27e-01	3.20e-01	2.88e-01	8.84e-02	1.51e-02	3.36e-03	1.80e-03	7.37e-05	1.04e-06
 1.58053e+22	1.00e-21	9.95e-16	4.65e-11	2.61e-09	7.81e-08	7.88e-07	3.72e-06	2.33e-05	3.59e-03	5.72e-02	2.35e-01	3.22e-01	2.81e-01	8.35e-02	1.39e-02	3.02e-03	1.58e-03	6.23e-05	8.46e-07
 1.60149e+22	1.51e-21	1.45e-15	6.54e-11	3.55e-09	1.03e-07	1.00e-06	4.56e-06	2.75e-05	4.05e-03	6.21e-02	2.45e-01	3.24e-01	2.72e-01	7.75e-02	1.24e-02	2.63e-03	1.33e-03	5.03e-05	6.53e-07
 1.62266e+22	2.09e-21	1.95e-15	8.56e-11	4.52e-09	1.28e-07	1.21e-06	5.36e-06	3.14e-05	4.46e-03	6.61e-02	2.53e-01	3.25e-01	2.64e-01	7.29e-02	1.14e-02	2.36e-03	1.16e-03	4.23e-05	5.30e-07
 1.64410e+22	3.19e-21	2.87e-15	1.21e-10	6.18e-09	1.70e-07	1.56e-06	6.60e-06	3.72e-05	5.05e-03	7.17e-02	2.63e-01	3.25e-01	2.54e-01	6.72e-02	1.01e-02	2.04e-03	9.72e-04	3.37e-05	4.03e-07
 1.66565e+22	4.40e-21	3.85e-15	1.58e-10	7.86e-09	2.10e-07	1.88e-06	7.74e-06	4.24e-05	5.55e-03	7.63e-02	2.71e-01	3.26e-01	2.47e-01	6.30e-02	9.20e-03	1.82e-03	8.46e-04	2.83e-05	3.26e-07
 1.68356e+22	5.88e-21	5.02e-15	2.00e-10	9.74e-09	2.55e-07	2.23e-06	8.95e-06	4.77e-05	6.04e-03	8.06e-02	2.78e-01	3.25e-01	2.40e-01	5.94e-02	8.44e-03	1.64e-03	7.45e-04	2.41e-05	2.68e-07
 1.70305e+22	8.58e-21	7.08e-15	2.73e-10	1.29e-08	3.29e-07	2.79e-06	1.08e-05	5.58e-05	6.76e-03	8.65e-02	2.87e-01	3.25e-01	2.30e-01	5.48e-02	7.52e-03	1.43e-03	6.28e-04	1.94e-05	2.07e-07
 1.72246e+22	1.14e-20	9.16e-15	3.44e-10	1.59e-08	3.98e-07	3.30e-06	1.24e-05	6.26e-05	7.34e-03	9.12e-02	2.94e-01	3.24e-01	2.23e-01	5.15e-02	6.89e-03	1.28e-03	5.52e-04	1.65e-05	1.70e-07
 1.74177e+22	1.65e-20	1.28e-14	4.66e-10	2.09e-08	5.10e-07	4.11e-06	1.50e-05	7.30e-05	8.19e-03	9.76e-02	3.03e-01	3.22e-01	2.14e-01	4.74e-02	6.12e-03	1.11e-03	4.64e-04	1.33e-05	1.31e-07
 1.76133e+22	2.20e-20	1.67e-14	5.89e-10	2.58e-08	6.18e-07	4.88e-06	1.73e-05	8.23e-05	8.91e-03	1.03e-01	3.10e-01	3.21e-01	2.06e-01	4.43e-02	5.57e-03	9.96e-04	4.05e-04	1.12e-05	0.00e+00
 1.78120e+22	3.21e-20	2.35e-14	7.99e-10	3.41e-08	7.97e-07	6.12e-06	2.10e-05	9.65e-05	9.97e-03	1.10e-01	3.19e-01	3.18e-01	1.97e-01	4.04e-02	4.90e-03	8.56e-04	3.36e-04	8.85e-06	0.00e+00
 1.80132e+22	4.29e-20	3.06e-14	1.01e-09	4.22e-08	9.69e-07	7.29e-06	2.43e-05	1.09e-04	1.09e-02	1.16e-01	3.25e-01	3.15e-01	1.89e-01	3.76e-02	4.44e-03	7.61e-04	2.91e-04	7.39e-06	0.00e+00
 1.82176e+22	6.27e-20	4.31e-14	1.37e-09	5.57e-08	1.25e-06	9.17e-06	2.96e-05	1.28e-04	1.22e-02	1.24e-01	3.34e-01	3.12e-01	1.79e-01	3.41e-02	3.87e-03	6.48e-04	2.39e-04	5.78e-06	0.00e+00
 1.84258e+22	8.47e-20	5.66e-14	1.75e-09	6.95e-08	1.54e-06	1.10e-05	3.45e-05	1.46e-04	1.33e-02	1.31e-01	3.40e-01	3.08e-01	1.71e-01	3.14e-02	3.46e-03	5.69e-04	2.04e-04	4.74e-06	0.00e+00
 1.86390e+22	1.25e-19	8.01e-14	2.37e-09	9.22e-08	2.00e-06	1.40e-05	4.23e-05	1.73e-04	1.50e-02	1.41e-01	3.48e-01	3.03e-01	1.61e-01	2.81e-02	2.98e-03	4.79e-04	1.65e-04	3.64e-06	0.00e+00
 1.88563e+22	1.69e-19	1.06e-13	3.03e-09	1.15e-07	2.46e-06	1.69e-05	4.97e-05	1.99e-04	1.65e-02	1.49e-01	3.54e-01	2.99e-01	1.53e-01	2.57e-02	2.64e-03	4.16e-04	1.39e-04	2.94e-06	0.00e+00
 1.90791e+22	2.51e-19	1.50e-13	4.12e-09	1.54e-07	3.23e-06	2.16e-05	6.14e-05	2.38e-04	1.86e-02	1.59e-01	3.62e-01	2.92e-01	1.42e-01	2.28e-02	2.24e-03	3.44e-04	1.10e-04	2.20e-06	0.00e+00
 1.93040e+22	3.39e-19	1.96e-13	5.22e-09	1.92e-07	3.98e-06	2.62e-05	7.24e-05	2.74e-04	2.05e-02	1.68e-01	3.67e-01	2.87e-01	1.34e-01	2.06e-02	1.97e-03	2.96e-04	9.17e-05	1.75e-06	0.00e+00
 1.94943e+22	4.46e-19	2.51e-13	6.45e-09	2.34e-07	4.82e-06	3.12e-05	8.42e-05	3.12e-04	2.24e-02	1.77e-01	3.72e-01	2.81e-01	1.27e-01	1.88e-02	1.74e-03	2.57e-04	7.72e-05	1.42e-06	0.00e+00
 1.97011e+22	6.26e-19	3.39e-13	8.37e-09	3.00e-07	6.13e-06	3.89e-05	1.02e-04	3.68e-04	2.51e-02	1.88e-01	3.77e-01	2.74e-01	1.18e-01	1.66e-02	1.48e-03	2.14e-04	6.18e-05	1.08e-06	0.00e+00
 1.99083e+22	8.15e-19	4.28e-13	1.02e-08	3.64e-07	7.40e-06	4.64e-05	1.19e-04	4.19e-04	2.74e-02	1.97e-01	3.80e-01	2.67e-01	1.11e-01	1.51e-02	1.30e-03	1.84e-04	5.16e-05	8.62e-07	0.00e+00
 2.01111e+22	1.11e-18	5.62e-13	1.29e-08	4.57e-07	9.25e-06	5.72e-05	1.42e-04	4.92e-04	3.05e-02	2.09e-01	3.84e-01	2.59e-01	1.03e-01	1.33e-02	1.10e-03	1.54e-04	4.14e-05	6.56e-07	0.00e+00
 2.03179e+22	1.45e-18	7.07e-13	1.57e-08	5.55e-07	1.12e-05	6.83e-05	1.66e-04	5.64e-04	3.34e-02	2.19e-01	3.86e-01	2.52e-01	9.57e-02	1.19e-02	9.58e-04	1.31e-04	3.41e-05	5.17e-07	0.00e+00
 2.05207e+22	1.92e-18	9.06e-13	1.94e-08	6.84e-07	1.38e-05	8.33e-05	1.97e-04	6.57e-04	3.70e-02	2.31e-01	3.88e-01	2.43e-01	8.83e-02	1.05e-02	8.14e-04	1.09e-04	2.73e-05	3.94e-07	0.00e+00
 2.07277e+22	2.48e-18	1.13e-12	2.35e-08	8.28e-07	1.67e-05	9.99e-05	2.31e-04	7.58e-04	4.06e-02	2.42e-01	3.90e-01	2.35e-01	8.17e-02	9.35e-03	6.98e-04	9.18e-05	2.22e-05	3.05e-07	0.00e+00
 2.09319e+22	3.22e-18	1.42e-12	2.83e-08	1.00e-06	2.03e-05	1.20e-04	2.72e-04	8.79e-04	4.48e-02	2.54e-01	3.90e-01	2.26e-01	7.51e-02	8.23e-03	5.93e-04	7.65e-05	1.78e-05	2.33e-07	0.00e+00
 2.11375e+22	4.12e-18	1.75e-12	3.37e-08	1.21e-06	2.45e-05	1.44e-04	3.18e-04	1.01e-03	4.92e-02	2.65e-01	3.90e-01	2.17e-01	6.90e-02	7.25e-03	5.04e-04	6.38e-05	1.43e-05	1.79e-07	0.00e+00
 2.13406e+22	5.23e-18	2.15e-12	3.99e-08	1.44e-06	2.95e-05	1.72e-04	3.71e-04	1.17e-03	5.40e-02	2.77e-01	3.89e-01	2.08e-01	6.32e-02	6.37e-03	4.28e-04	5.32e-05	1.15e-05	1.37e-07	0.00e+00
 2.15434e+22	6.59e-18	2.62e-12	4.69e-08	1.71e-06	3.52e-05	2.04e-04	4.32e-04	1.35e-03	5.91e-02	2.89e-01	3.87e-01	1.99e-01	5.78e-02	5.58e-03	3.63e-04	4.42e-05	9.24e-06	0.00e+00	0.00e+00
 2.17463e+22	8.26e-18	3.16e-12	5.47e-08	2.03e-06	4.20e-05	2.42e-04	5.01e-04	1.55e-03	6.46e-02	3.01e-01	3.84e-01	1.90e-01	5.27e-02	4.88e-03	3.07e-04	3.67e-05	7.39e-06	0.00e+00	0.00e+00
 2.19500e+22	1.03e-17	3.81e-12	6.36e-08	2.39e-06	5.00e-05	2.86e-04	5.79e-04	1.78e-03	7.06e-02	3.13e-01	3.80e-01	1.81e-01	4.80e-02	4.27e-03	2.59e-04	3.04e-05	5.90e-06	0.00e+00	0.00e+00
 2.21547e+22	1.28e-17	4.56e-12	7.35e-08	2.82e-06	5.92e-05	3.38e-04	6.69e-04	2.04e-03	7.69e-02	3.24e-01	3.76e-01	1.72e-01	4.35e-02	3.71e-03	2.18e-04	2.51e-05	4.70e-06	0.00e+00	0.00e+00
 2.23611e+22	1.58e-17	5.45e-12	8.47e-08	3.31e-06	7.01e-05	3.98e-04	7.71e-04	2.33e-03	8.38e-02	3.36e-01	3.71e-01	1.63e-01	3.93e-02	3.23e-03	1.83e-04	2.07e-05	3.74e-06	0.00e+00	0.00e+00
 2.25697e+22	1.96e-17	6.50e-12	9.75e-08	3.87e-06	8.28e-05	4.68e-04	8.87e-04	2.67e-03	9.11e-02	3.47e-01	3.65e-01	1.54e-01	3.55e-02	2.79e-03	1.53e-04	1.70e-05	2.96e-06	0.00e+00	0.00e+00
 2.27795e+22	2.41e-17	7.73e-12	1.12e-07	4.53e-06	9.74e-05	5.47e-04	1.02e-03	3.04e-03	9.88e-02	3.58e-01	3.59e-01	1.45e-01	3.20e-02	2.42e-03	1.28e-04	1.39e-05	2.35e-06	0.00e+00	0.00e+00
 2.29925e+22	2.98e-17	9.21e-12	1.28e-07	5.30e-06	1.15e-04	6.42e-04	1.16e-03	3.48e-03	1.07e-01	3.69e-01	3.51e-01	1.36e-01	2.86e-02	2.08e-03	1.07e-04	1.13e-05	1.84e-06	0.00e+00	0.00e+00
 2.32078e+22	3.67e-17	1.09e-11	1.47e-07	6.19e-06	1.35e-04	7.49e-04	1.33e-03	3.96e-03	1.16e-01	3.79e-01	3.44e-01	1.28e-01	2.57e-02	1.79e-03	8.91e-05	9.26e-06	1.46e-06	0.00e+00	0.00e+00
 2.34273e+22	4.56e-17	1.31e-11	1.69e-07	7.27e-06	1.59e-04	8.77e-04	1.52e-03	4.52e-03	1.25e-01	3.89e-01	3.35e-01	1.19e-01	2.28e-02	1.53e-03	7.36e-05	7.48e-06	1.13e-06	0.00e+00	0.00e+00
 2.36507e+22	5.64e-17	1.56e-11	1.94e-07	8.50e-06	1.87e-04	1.02e-03	1.72e-03	5.13e-03	1.35e-01	3.98e-01	3.26e-01	1.11e-01	2.03e-02	1.31e-03	6.10e-05	6.07e-06	8.88e-07	0.00e+00	0.00e+00
 2.38553e+22	6.77e-17	1.81e-11	2.19e-07	9.70e-06	2.13e-04	1.16e-03	1.92e-03	5.70e-03	1.44e-01	4.05e-01	3.18e-01	1.05e-01	1.84e-02	1.15e-03	5.20e-05	5.08e-06	7.23e-07	0.00e+00	0.00e+00
 2.40692e+22	8.52e-17	2.19e-11	2.54e-07	1.15e-05	2.52e-04	1.36e-03	2.18e-03	6.51e-03	1.55e-01	4.13e-01	3.08e-01	9.67e-02	1.62e-02	9.70e-04	4.24e-05	4.05e-06	5.54e-07	0.00e+00	0.00e+00
 2.42864e+22	1.03e-16	2.57e-11	2.89e-07	1.32e-05	2.88e-04	1.54e-03	2.42e-03	7.21e-03	1.64e-01	4.19e-01	2.99e-01	9.07e-02	1.46e-02	8.47e-04	3.60e-05	3.38e-06	4.49e-07	0.00e+00	0.00e+00
 2.45100e+22	1.32e-16	3.16e-11	3.40e-07	1.57e-05	3.42e-04	1.81e-03	2.76e-03	8.22e-03	1.77e-01	4.26e-01	2.88e-01	8.33e-02	1.28e-02	7.10e-04	2.91e-05	2.66e-06	3.41e-07	0.00e+00	0.00e+00
 2.47339e+22	1.61e-16	3.72e-11	3.88e-07	1.80e-05	3.90e-04	2.04e-03	3.04e-03	9.06e-03	1.86e-01	4.31e-01	2.79e-01	7.79e-02	1.15e-02	6.19e-04	2.47e-05	2.22e-06	2.76e-07	0.00e+00	0.00e+00
 2.49581e+22	2.07e-16	4.59e-11	4.59e-07	2.15e-05	4.62e-04	2.38e-03	3.44e-03	1.03e-02	1.99e-01	4.35e-01	2.67e-01	7.12e-02	9.99e-03	5.18e-04	2.00e-05	1.75e-06	2.10e-07	0.00e+00	0.00e+00
 2.51833e+22	2.54e-16	5.45e-11	5.27e-07	2.47e-05	5.26e-04	2.67e-03	3.77e-03	1.13e-02	2.10e-01	4.38e-01	2.58e-01	6.65e-02	8.99e-03	4.52e-04	1.70e-05	1.46e-06	1.70e-07	0.00e+00	0.00e+00
 2.54097e+22	3.30e-16	6.79e-11	6.30e-07	2.96e-05	6.22e-04	3.11e-03	4.24e-03	1.27e-02	2.23e-01	4.41e-01	2.46e-01	6.06e-02	7.81e-03	3.78e-04	1.37e-05	1.15e-06	1.29e-07	0.00e+00	0.00e+00
 2.56384e+22	4.08e-16	8.13e-11	7.30e-07	3.43e-05	7.09e-04	3.49e-03	4.64e-03	1.39e-02	2.34e-01	4.43e-01	2.37e-01	5.64e-02	7.00e-03	3.29e-04	1.16e-05	9.58e-07	0.00e+00	0.00e+00	0.00e+00
 2.58703e+22	5.38e-16	1.03e-10	8.83e-07	4.13e-05	8.39e-04	4.05e-03	5.20e-03	1.56e-02	2.48e-01	4.44e-01	2.25e-01	5.12e-02	6.05e-03	2.74e-04	9.33e-06	7.52e-07	0.00e+00	0.00e+00	0.00e+00
 2.61053e+22	6.73e-16	1.24e-10	1.03e-06	4.81e-05	9.59e-04	4.55e-03	5.68e-03	1.70e-02	2.59e-01	4.44e-01	2.16e-01	4.74e-02	5.40e-03	2.37e-04	7.87e-06	6.22e-07	0.00e+00	0.00e+00	0.00e+00
 2.63443e+22	9.03e-16	1.60e-10	1.27e-06	5.84e-05	1.14e-03	5.28e-03	6.36e-03	1.91e-02	2.73e-01	4.43e-01	2.04e-01	4.28e-02	4.64e-03	1.96e-04	6.30e-06	4.86e-07	0.00e+00	0.00e+00	0.00e+00
 2.65878e+22	1.15e-15	1.96e-10	1.51e-06	6.85e-05	1.31e-03	5.94e-03	6.93e-03	2.08e-02	2.85e-01	4.41e-01	1.95e-01	3.95e-02	4.12e-03	1.69e-04	5.28e-06	4.00e-07	0.00e+00	0.00e+00	0.00e+00
 2.68370e+22	1.57e-15	2.56e-10	1.88e-06	8.42e-05	1.56e-03	6.90e-03	7.75e-03	2.32e-02	3.00e-01	4.38e-01	1.83e-01	3.54e-02	3.52e-03	1.39e-04	4.19e-06	3.09e-07	0.00e+00	0.00e+00	0.00e+00
 2.70920e+22	2.04e-15	3.20e-10	2.26e-06	9.97e-05	1.80e-03	7.78e-03	8.46e-03	2.53e-02	3.12e-01	4.35e-01	1.74e-01	3.24e-02	3.10e-03	1.19e-04	3.49e-06	2.52e-07	0.00e+00	0.00e+00	0.00e+00
 2.73544e+22	2.85e-15	4.28e-10	2.88e-06	1.24e-04	2.16e-03	9.07e-03	9.45e-03	2.83e-02	3.27e-01	4.30e-01	1.62e-01	2.89e-02	2.62e-03	9.70e-05	2.73e-06	1.93e-07	0.00e+00	0.00e+00	0.00e+00
 2.76215e+22	3.76e-15	5.42e-10	3.52e-06	1.48e-04	2.50e-03	1.02e-02	1.03e-02	3.06e-02	3.39e-01	4.25e-01	1.54e-01	2.63e-02	2.30e-03	8.27e-05	2.26e-06	1.57e-07	0.00e+00	0.00e+00	0.00e+00
 2.78479e+22	4.82e-15	6.73e-10	4.22e-06	1.74e-04	2.85e-03	1.14e-02	1.11e-02	3.30e-02	3.49e-01	4.20e-01	1.46e-01	2.41e-02	2.03e-03	7.12e-05	1.90e-06	1.29e-07	0.00e+00	0.00e+00	0.00e+00
 2.80954e+22	6.69e-15	8.92e-10	5.35e-06	2.14e-04	3.38e-03	1.31e-02	1.23e-02	3.63e-02	3.63e-01	4.13e-01	1.36e-01	2.16e-02	1.73e-03	5.87e-05	1.51e-06	0.00e+00	0.00e+00	0.00e+00	0.00e+00
 2.83343e+22	8.44e-15	1.09e-09	6.34e-06	2.48e-04	3.81e-03	1.44e-02	1.31e-02	3.87e-02	3.72e-01	4.07e-01	1.30e-01	1.99e-02	1.55e-03	5.13e-05	1.29e-06	0.00e+00	0.00e+00	0.00e+00	0.00e+00
 2.85620e+22	1.14e-14	1.42e-09	7.91e-06	3.00e-04	4.45e-03	1.63e-02	1.43e-02	4.20e-02	3.83e-01	3.99e-01	1.21e-01	1.79e-02	1.34e-03	4.29e-05	1.04e-06	0.00e+00	0.00e+00	0.00e+00	0.00e+00
 2.87922e+22	1.45e-14	1.75e-09	9.44e-06	3.49e-04	5.03e-03	1.80e-02	1.53e-02	4.46e-02	3.92e-01	3.93e-01	1.15e-01	1.65e-02	1.19e-03	3.74e-05	8.90e-07	0.00e+00	0.00e+00	0.00e+00	0.00e+00
 2.90255e+22	1.99e-14	2.29e-09	1.19e-05	4.25e-04	5.88e-03	2.04e-02	1.66e-02	4.83e-02	4.02e-01	3.83e-01	1.07e-01	1.47e-02	1.02e-03	3.12e-05	7.17e-07	0.00e+00	0.00e+00	0.00e+00	0.00e+00
 2.92622e+22	2.55e-14	2.85e-09	1.43e-05	4.97e-04	6.65e-03	2.24e-02	1.78e-02	5.12e-02	4.10e-01	3.76e-01	1.01e-01	1.35e-02	9.07e-04	2.71e-05	6.08e-07	0.00e+00	0.00e+00	0.00e+00	0.00e+00
 2.95035e+22	3.53e-14	3.77e-09	1.81e-05	6.08e-04	7.80e-03	2.54e-02	1.93e-02	5.53e-02	4.20e-01	3.65e-01	9.37e-02	1.20e-02	7.73e-04	2.24e-05	4.86e-07	0.00e+00	0.00e+00	0.00e+00	0.00e+00
 2.97483e+22	4.57e-14	4.72e-09	2.19e-05	7.12e-04	8.84e-03	2.80e-02	2.06e-02	5.85e-02	4.27e-01	3.57e-01	8.82e-02	1.10e-02	6.83e-04	1.93e-05	4.10e-07	0.00e+00	0.00e+00	0.00e+00	0.00e+00
 2.99974e+22	6.39e-14	6.32e-09	2.80e-05	8.76e-04	1.04e-02	3.17e-02	2.24e-02	6.29e-02	4.35e-01	3.45e-01	8.12e-02	9.67e-03	5.77e-04	1.59e-05	3.25e-07	0.00e+00	0.00e+00	0.00e+00	0.00e+00
 3.02512e+22	8.35e-14	7.97e-09	3.41e-05	1.03e-03	1.18e-02	3.49e-02	2.39e-02	6.64e-02	4.41e-01	3.36e-01	7.61e-02	8.77e-03	5.07e-04	1.36e-05	2.72e-07	0.00e+00	0.00e+00	0.00e+00	0.00e+00
 3.05109e+22	1.18e-13	1.08e-08	4.41e-05	1.28e-03	1.39e-02	3.96e-02	2.59e-02	7.13e-02	4.48e-01	3.23e-01	6.95e-02	7.68e-03	4.24e-04	1.11e-05	2.13e-07	0.00e+00	0.00e+00	0.00e+00	0.00e+00
 3.07761e+22	1.57e-13	1.37e-08	5.41e-05	1.51e-03	1.59e-02	4.37e-02	2.76e-02	7.52e-02	4.52e-01	3.12e-01	6.46e-02	6.91e-03	3.69e-04	9.41e-06	1.76e-07	0.00e+00	0.00e+00	0.00e+00	0.00e+00
 3.10486e+22	2.25e-13	1.88e-08	7.06e-05	1.88e-03	1.88e-02	4.95e-02	2.99e-02	8.04e-02	4.56e-01	2.98e-01	5.86e-02	6.00e-03	3.06e-04	7.58e-06	1.37e-07	0.00e+00	0.00e+00	0.00e+00	0.00e+00
 3.13285e+22	3.02e-13	2.43e-08	8.77e-05	2.24e-03	2.15e-02	5.47e-02	3.18e-02	8.46e-02	4.59e-01	2.87e-01	5.40e-02	5.34e-03	2.63e-04	6.36e-06	0.00e+00	0.00e+00	0.00e+00	0.00e+00	0.00e+00
 3.16181e+22	4.42e-13	3.38e-08	1.16e-04	2.82e-03	2.56e-02	6.20e-02	3.44e-02	9.01e-02	4.61e-01	2.71e-01	4.84e-02	4.57e-03	2.15e-04	5.04e-06	0.00e+00	0.00e+00	0.00e+00	0.00e+00	0.00e+00
 3.19102e+22	5.93e-13	4.36e-08	1.44e-04	3.35e-03	2.92e-02	6.83e-02	3.65e-02	9.42e-02	4.60e-01	2.59e-01	4.44e-02	4.05e-03	1.84e-04	4.21e-06	0.00e+00	0.00e+00	0.00e+00	0.00e+00	0.00e+00
 3.22056e+22	8.72e-13	6.09e-08	1.90e-04	4.20e-03	3.46e-02	7.71e-02	3.92e-02	9.97e-02	4.59e-01	2.43e-01	3.94e-02	3.43e-03	1.49e-04	3.30e-06	0.00e+00	0.00e+00	0.00e+00	0.00e+00	0.00e+00
 3.25041e+22	1.17e-12	7.85e-08	2.35e-04	4.99e-03	3.94e-02	8.44e-02	4.14e-02	1.04e-01	4.56e-01	2.31e-01	3.59e-02	3.02e-03	1.26e-04	2.74e-06	0.00e+00	0.00e+00	0.00e+00	0.00e+00	0.00e+00
 3.28066e+22	1.72e-12	1.10e-07	3.12e-04	6.24e-03	4.65e-02	9.48e-02	4.43e-02	1.09e-01	4.50e-01	2.15e-01	3.16e-02	2.53e-03	1.01e-04	2.13e-06	0.00e+00	0.00e+00	0.00e+00	0.00e+00	0.00e+00
 3.31140e+22	2.32e-12	1.42e-07	3.86e-04	7.40e-03	5.27e-02	1.03e-01	4.65e-02	1.12e-01	4.44e-01	2.02e-01	2.85e-02	2.21e-03	8.50e-05	1.75e-06	0.00e+00	0.00e+00	0.00e+00	0.00e+00	0.00e+00
 3.34276e+22	3.43e-12	1.98e-07	5.11e-04	9.24e-03	6.20e-02	1.15e-01	4.93e-02	1.17e-01	4.34e-01	1.86e-01	2.47e-02	1.83e-03	6.69e-05	1.34e-06	0.00e+00	0.00e+00	0.00e+00	0.00e+00	0.00e+00
 3.37377e+22	4.55e-12	2.53e-07	6.26e-04	1.08e-02	6.96e-02	1.25e-01	5.14e-02	1.20e-01	4.25e-01	1.74e-01	2.22e-02	1.59e-03	5.62e-05	1.10e-06	0.00e+00	0.00e+00	0.00e+00	0.00e+00	0.00e+00
 3.39895e+22	5.88e-12	3.14e-07	7.50e-04	1.25e-02	7.71e-02	1.33e-01	5.31e-02	1.22e-01	4.16e-01	1.63e-01	2.01e-02	1.39e-03	4.77e-05	9.16e-07	0.00e+00	0.00e+00	0.00e+00	0.00e+00	0.00e+00
 3.42631e+22	8.08e-12	4.13e-07	9.40e-04	1.49e-02	8.73e-02	1.44e-01	5.53e-02	1.25e-01	4.04e-01	1.50e-01	1.76e-02	1.17e-03	3.88e-05	7.25e-07	0.00e+00	0.00e+00	0.00e+00	0.00e+00	0.00e+00
 3.45404e+22	1.05e-11	5.14e-07	1.13e-03	1.71e-02	9.64e-02	1.53e-01	5.69e-02	1.26e-01	3.92e-01	1.40e-01	1.58e-02	1.02e-03	3.26e-05	5.98e-07	0.00e+00	0.00e+00	0.00e+00	0.00e+00	0.00e+00
 3.48223e+22	1.44e-11	6.76e-07	1.41e-03	2.03e-02	1.09e-01	1.65e-01	5.87e-02	1.28e-01	3.76e-01	1.27e-01	1.37e-02	8.46e-04	2.60e-05	4.66e-07	0.00e+00	0.00e+00	0.00e+00	0.00e+00	0.00e+00
 3.51077e+22	1.86e-11	8.40e-07	1.69e-03	2.32e-02	1.19e-01	1.74e-01	6.00e-02	1.29e-01	3.62e-01	1.17e-01	1.22e-02	7.27e-04	2.17e-05	3.80e-07	0.00e+00	0.00e+00	0.00e+00	0.00e+00	0.00e+00
 3.53973e+22	2.57e-11	1.10e-06	2.10e-03	2.75e-02	1.34e-01	1.86e-01	6.13e-02	1.29e-01	3.44e-01	1.05e-01	1.04e-02	5.97e-04	1.71e-05	2.92e-07	0.00e+00	0.00e+00	0.00e+00	0.00e+00	0.00e+00
 3.56934e+22	3.33e-11	1.37e-06	2.51e-03	3.14e-02	1.46e-01	1.96e-01	6.22e-02	1.29e-01	3.28e-01	9.60e-02	9.08e-03	5.04e-04	1.40e-05	2.34e-07	0.00e+00	0.00e+00	0.00e+00	0.00e+00	0.00e+00
 3.59979e+22	4.58e-11	1.79e-06	3.12e-03	3.68e-02	1.62e-01	2.07e-01	6.30e-02	1.28e-01	3.08e-01	8.51e-02	7.66e-03	4.08e-04	1.09e-05	1.77e-07	0.00e+00	0.00e+00	0.00e+00	0.00e+00	0.00e+00
 3.63107e+22	6.03e-11	2.26e-06	3.75e-03	4.22e-02	1.77e-01	2.16e-01	6.34e-02	1.26e-01	2.89e-01	7.61e-02	6.55e-03	3.37e-04	8.63e-06	1.38e-07	0.00e+00	0.00e+00	0.00e+00	0.00e+00	0.00e+00
 3.65869e+22	7.72e-11	2.77e-06	4.43e-03	4.75e-02	1.91e-01	2.24e-01	6.35e-02	1.24e-01	2.72e-01	6.84e-02	5.66e-03	2.81e-04	6.98e-06	0.00e+00	0.00e+00	0.00e+00	0.00e+00	0.00e+00	0.00e+00
 3.68986e+22	1.05e-10	3.57e-06	5.41e-03	5.49e-02	2.08e-01	2.32e-01	6.33e-02	1.21e-01	2.51e-01	5.96e-02	4.68e-03	2.24e-04	5.33e-06	0.00e+00	0.00e+00	0.00e+00	0.00e+00	0.00e+00	0.00e+00
 3.72216e+22	1.37e-10	4.46e-06	6.44e-03	6.21e-02	2.24e-01	2.39e-01	6.28e-02	1.17e-01	2.32e-01	5.23e-02	3.93e-03	1.81e-04	4.16e-06	0.00e+00	0.00e+00	0.00e+00	0.00e+00	0.00e+00	0.00e+00
 3.75106e+22	1.75e-10	5.45e-06	7.55e-03	6.93e-02	2.39e-01	2.45e-01	6.20e-02	1.14e-01	2.14e-01	4.62e-02	3.33e-03	1.48e-04	3.29e-06	0.00e+00	0.00e+00	0.00e+00	0.00e+00	0.00e+00	0.00e+00
 3.78379e+22	2.38e-10	7.02e-06	9.18e-03	7.93e-02	2.57e-01	2.50e-01	6.07e-02	1.09e-01	1.93e-01	3.91e-02	2.67e-03	1.14e-04	2.43e-06	0.00e+00	0.00e+00	0.00e+00	0.00e+00	0.00e+00	0.00e+00
 3.81744e+22	3.07e-10	8.64e-06	1.08e-02	8.84e-02	2.72e-01	2.53e-01	5.93e-02	1.04e-01	1.76e-01	3.38e-02	2.21e-03	9.08e-05	1.87e-06	0.00e+00	0.00e+00	0.00e+00	0.00e+00	0.00e+00	0.00e+00
 3.85229e+22	4.19e-10	1.11e-05	1.31e-02	1.00e-01	2.91e-01	2.56e-01	5.73e-02	9.79e-02	1.55e-01	2.80e-02	1.73e-03	6.80e-05	1.34e-06	0.00e+00	0.00e+00	0.00e+00	0.00e+00	0.00e+00	0.00e+00
 3.88780e+22	5.40e-10	1.37e-05	1.53e-02	1.11e-01	3.05e-01	2.56e-01	5.54e-02	9.26e-02	1.39e-01	2.38e-02	1.40e-03	5.32e-05	1.01e-06	0.00e+00	0.00e+00	0.00e+00	0.00e+00	0.00e+00	0.00e+00
 3.92418e+22	7.37e-10	1.75e-05	1.84e-02	1.25e-01	3.22e-01	2.55e-01	5.27e-02	8.57e-02	1.21e-01	1.93e-02	1.07e-03	3.88e-05	7.02e-07	0.00e+00	0.00e+00	0.00e+00	0.00e+00	0.00e+00	0.00e+00
 3.96090e+22	9.44e-10	2.14e-05	2.14e-02	1.37e-01	3.34e-01	2.53e-01	5.04e-02	8.00e-02	1.07e-01	1.62e-02	8.60e-04	3.00e-05	5.22e-07	0.00e+00	0.00e+00	0.00e+00	0.00e+00	0.00e+00	0.00e+00
 3.99320e+22	1.20e-09	2.58e-05	2.46e-02	1.50e-01	3.45e-01	2.49e-01	4.80e-02	7.46e-02	9.46e-02	1.36e-02	6.89e-04	2.31e-05	3.89e-07	0.00e+00	0.00e+00	0.00e+00	0.00e+00	0.00e+00	0.00e+00
 4.03032e+22	1.62e-09	3.27e-05	2.92e-02	1.66e-01	3.57e-01	2.44e-01	4.49e-02	6.77e-02	8.03e-02	1.07e-02	5.15e-04	1.65e-05	2.65e-07	0.00e+00	0.00e+00	0.00e+00	0.00e+00	0.00e+00	0.00e+00
 4.06782e+22	2.05e-09	3.95e-05	3.35e-02	1.79e-01	3.66e-01	2.38e-01	4.23e-02	6.23e-02	7.00e-02	8.85e-03	4.05e-04	1.25e-05	1.93e-07	0.00e+00	0.00e+00	0.00e+00	0.00e+00	0.00e+00	0.00e+00
 4.10583e+22	2.74e-09	4.95e-05	3.93e-02	1.96e-01	3.74e-01	2.29e-01	3.91e-02	5.59e-02	5.88e-02	6.93e-03	2.99e-04	8.83e-06	1.30e-07	0.00e+00	0.00e+00	0.00e+00	0.00e+00	0.00e+00	0.00e+00
 4.14443e+22	3.47e-09	5.94e-05	4.48e-02	2.11e-01	3.79e-01	2.22e-01	3.65e-02	5.08e-02	5.06e-02	5.62e-03	2.32e-04	6.58e-06	0.00e+00	0.00e+00	0.00e+00	0.00e+00	0.00e+00	0.00e+00	0.00e+00
 4.18381e+22	4.65e-09	7.45e-05	5.25e-02	2.29e-01	3.83e-01	2.11e-01	3.33e-02	4.49e-02	4.16e-02	4.30e-03	1.67e-04	4.52e-06	0.00e+00	0.00e+00	0.00e+00	0.00e+00	0.00e+00	0.00e+00	0.00e+00
 4.22353e+22	5.84e-09	8.87e-05	5.92e-02	2.43e-01	3.85e-01	2.02e-01	3.08e-02	4.05e-02	3.55e-02	3.46e-03	1.28e-04	3.34e-06	0.00e+00	0.00e+00	0.00e+00	0.00e+00	0.00e+00	0.00e+00	0.00e+00
 4.26368e+22	7.79e-09	1.10e-04	6.88e-02	2.62e-01	3.85e-01	1.90e-01	2.78e-02	3.53e-02	2.89e-02	2.61e-03	9.09e-05	2.26e-06	0.00e+00	0.00e+00	0.00e+00	0.00e+00	0.00e+00	0.00e+00	0.00e+00
 4.30427e+22	9.74e-09	1.31e-04	7.71e-02	2.76e-01	3.83e-01	1.81e-01	2.55e-02	3.15e-02	2.44e-02	2.08e-03	6.91e-05	1.65e-06	0.00e+00	0.00e+00	0.00e+00	0.00e+00	0.00e+00	0.00e+00	0.00e+00
 4.34543e+22	1.29e-08	1.62e-04	8.88e-02	2.94e-01	3.78e-01	1.68e-01	2.28e-02	2.72e-02	1.96e-02	1.54e-03	4.83e-05	1.10e-06	0.00e+00	0.00e+00	0.00e+00	0.00e+00	0.00e+00	0.00e+00	0.00e+00
 4.38715e+22	1.61e-08	1.91e-04	9.90e-02	3.08e-01	3.73e-01	1.58e-01	2.07e-02	2.40e-02	1.64e-02	1.21e-03	3.62e-05	7.94e-07	0.00e+00	0.00e+00	0.00e+00	0.00e+00	0.00e+00	0.00e+00	0.00e+00
 4.42343e+22	1.99e-08	2.23e-04	1.10e-01	3.20e-01	3.67e-01	1.48e-01	1.89e-02	2.13e-02	1.37e-02	9.57e-04	2.73e-05	5.77e-07	0.00e+00	0.00e+00	0.00e+00	0.00e+00	0.00e+00	0.00e+00	0.00e+00
 4.46442e+22	2.58e-08	2.71e-04	1.24e-01	3.35e-01	3.57e-01	1.37e-01	1.67e-02	1.82e-02	1.10e-02	7.09e-04	1.91e-05	3.86e-07	0.00e+00	0.00e+00	0.00e+00	0.00e+00	0.00e+00	0.00e+00	0.00e+00
 4.50353e+22	3.10e-08	3.10e-04	1.35e-01	3.46e-01	3.49e-01	1.29e-01	1.53e-02	1.62e-02	9.30e-03	5.70e-04	1.48e-05	2.88e-07	0.00e+00	0.00e+00	0.00e+00	0.00e+00	0.00e+00	0.00e+00	0.00e+00
 4.54019e+22	3.91e-08	3.66e-04	1.50e-01	3.58e-01	3.38e-01	1.18e-01	1.36e-02	1.40e-02	7.53e-03	4.31e-04	1.06e-05	1.98e-07	0.00e+00	0.00e+00	0.00e+00	0.00e+00	0.00e+00	0.00e+00	0.00e+00
 4.57682e+22	4.66e-08	4.16e-04	1.62e-01	3.66e-01	3.29e-01	1.11e-01	1.24e-02	1.25e-02	6.40e-03	3.47e-04	8.24e-06	1.49e-07	0.00e+00	0.00e+00	0.00e+00	0.00e+00	0.00e+00	0.00e+00	0.00e+00
 4.61340e+22	5.77e-08	4.85e-04	1.78e-01	3.75e-01	3.17e-01	1.02e-01	1.11e-02	1.08e-02	5.21e-03	2.64e-04	5.98e-06	0.00e+00	0.00e+00	0.00e+00	0.00e+00	0.00e+00	0.00e+00	0.00e+00	0.00e+00
 4.65124e+22	6.97e-08	5.55e-04	1.93e-01	3.83e-01	3.06e-01	9.44e-02	9.97e-03	9.41e-03	4.32e-03	2.07e-04	4.49e-06	0.00e+00	0.00e+00	0.00e+00	0.00e+00	0.00e+00	0.00e+00	0.00e+00	0.00e+00
 4.68512e+22	8.27e-08	6.27e-04	2.07e-01	3.89e-01	2.95e-01	8.78e-02	9.04e-03	8.30e-03	3.64e-03	1.65e-04	3.44e-06	0.00e+00	0.00e+00	0.00e+00	0.00e+00	0.00e+00	0.00e+00	0.00e+00	0.00e+00
 4.72358e+22	1.03e-07	7.31e-04	2.26e-01	3.95e-01	2.81e-01	7.96e-02	7.94e-03	7.04e-03	2.90e-03	1.22e-04	2.44e-06	0.00e+00	0.00e+00	0.00e+00	0.00e+00	0.00e+00	0.00e+00	0.00e+00	0.00e+00
 4.76265e+22	1.23e-07	8.28e-04	2.42e-01	3.99e-01	2.68e-01	7.33e-02	7.12e-03	6.14e-03	2.40e-03	9.56e-05	1.83e-06	0.00e+00	0.00e+00	0.00e+00	0.00e+00	0.00e+00	0.00e+00	0.00e+00	0.00e+00
 4.79729e+22	1.46e-07	9.31e-04	2.59e-01	4.02e-01	2.57e-01	6.76e-02	6.40e-03	5.37e-03	2.00e-03	7.53e-05	1.39e-06	0.00e+00	0.00e+00	0.00e+00	0.00e+00	0.00e+00	0.00e+00	0.00e+00	0.00e+00
 4.83085e+22	1.70e-07	1.04e-03	2.75e-01	4.04e-01	2.45e-01	6.25e-02	5.78e-03	4.72e-03	1.68e-03	6.00e-05	1.07e-06	0.00e+00	0.00e+00	0.00e+00	0.00e+00	0.00e+00	0.00e+00	0.00e+00	0.00e+00
 4.86181e+22	1.97e-07	1.15e-03	2.90e-01	4.05e-01	2.35e-01	5.80e-02	5.26e-03	4.19e-03	1.43e-03	4.86e-05	8.38e-07	0.00e+00	0.00e+00	0.00e+00	0.00e+00	0.00e+00	0.00e+00	0.00e+00	0.00e+00
 4.89124e+22	2.25e-07	1.26e-03	3.04e-01	4.05e-01	2.25e-01	5.40e-02	4.80e-03	3.73e-03	1.23e-03	3.97e-05	6.64e-07	0.00e+00	0.00e+00	0.00e+00	0.00e+00	0.00e+00	0.00e+00	0.00e+00	0.00e+00
 4.92508e+22	2.68e-07	1.41e-03	3.23e-01	4.05e-01	2.13e-01	4.92e-02	4.26e-03	3.22e-03	1.01e-03	3.06e-05	4.93e-07	0.00e+00	0.00e+00	0.00e+00	0.00e+00	0.00e+00	0.00e+00	0.00e+00	0.00e+00
 4.95941e+22	3.09e-07	1.56e-03	3.40e-01	4.03e-01	2.02e-01	4.54e-02	3.85e-03	2.83e-03	8.50e-04	2.45e-05	3.83e-07	0.00e+00	0.00e+00	0.00e+00	0.00e+00	0.00e+00	0.00e+00	0.00e+00	0.00e+00
 4.98939e+22	3.54e-07	1.70e-03	3.55e-01	4.01e-01	1.93e-01	4.21e-02	3.49e-03	2.51e-03	7.23e-04	1.99e-05	3.01e-07	0.00e+00	0.00e+00	0.00e+00	0.00e+00	0.00e+00	0.00e+00	0.00e+00	0.00e+00
 5.02339e+22	4.18e-07	1.90e-03	3.75e-01	3.98e-01	1.81e-01	3.82e-02	3.09e-03	2.15e-03	5.90e-04	1.53e-05	2.23e-07	0.00e+00	0.00e+00	0.00e+00	0.00e+00	0.00e+00	0.00e+00	0.00e+00	0.00e+00
 5.05804e+22	4.80e-07	2.09e-03	3.92e-01	3.94e-01	1.71e-01	3.51e-02	2.78e-03	1.89e-03	4.97e-04	1.22e-05	1.73e-07	0.00e+00	0.00e+00	0.00e+00	0.00e+00	0.00e+00	0.00e+00	0.00e+00	0.00e+00
 5.08871e+22	5.47e-07	2.27e-03	4.08e-01	3.90e-01	1.62e-01	3.24e-02	2.52e-03	1.67e-03	4.22e-04	9.86e-06	1.36e-07	0.00e+00	0.00e+00	0.00e+00	0.00e+00	0.00e+00	0.00e+00	0.00e+00	0.00e+00
 5.12373e+22	6.45e-07	2.53e-03	4.29e-01	3.84e-01	1.51e-01	2.92e-02	2.21e-03	1.42e-03	3.42e-04	7.50e-06	0.00e+00	0.00e+00	0.00e+00	0.00e+00	0.00e+00	0.00e+00	0.00e+00	0.00e+00	0.00e+00
 5.15925e+22	7.38e-07	2.76e-03	4.46e-01	3.78e-01	1.42e-01	2.67e-02	1.99e-03	1.25e-03	2.87e-04	5.97e-06	0.00e+00	0.00e+00	0.00e+00	0.00e+00	0.00e+00	0.00e+00	0.00e+00	0.00e+00	0.00e+00
 5.19060e+22	8.40e-07	3.00e-03	4.63e-01	3.72e-01	1.34e-01	2.45e-02	1.79e-03	1.09e-03	2.42e-04	4.79e-06	0.00e+00	0.00e+00	0.00e+00	0.00e+00	0.00e+00	0.00e+00	0.00e+00	0.00e+00	0.00e+00
 5.22653e+22	9.87e-07	3.33e-03	4.84e-01	3.64e-01	1.24e-01	2.20e-02	1.56e-03	9.29e-04	1.95e-04	3.62e-06	0.00e+00	0.00e+00	0.00e+00	0.00e+00	0.00e+00	0.00e+00	0.00e+00	0.00e+00	0.00e+00
 5.26303e+22	1.13e-06	3.62e-03	5.01e-01	3.57e-01	1.16e-01	2.01e-02	1.40e-03	8.10e-04	1.63e-04	2.87e-06	0.00e+00	0.00e+00	0.00e+00	0.00e+00	0.00e+00	0.00e+00	0.00e+00	0.00e+00	0.00e+00
 5.30027e+22	1.32e-06	4.00e-03	5.22e-01	3.47e-01	1.07e-01	1.79e-02	1.22e-03	6.86e-04	1.31e-04	2.16e-06	0.00e+00	0.00e+00	0.00e+00	0.00e+00	0.00e+00	0.00e+00	0.00e+00	0.00e+00	0.00e+00
 5.32969e+22	1.42e-06	4.18e-03	5.31e-01	3.43e-01	1.03e-01	1.70e-02	1.14e-03	6.35e-04	1.18e-04	1.89e-06	0.00e+00	0.00e+00	0.00e+00	0.00e+00	0.00e+00	0.00e+00	0.00e+00	0.00e+00	0.00e+00
 5.34893e+22	1.55e-06	4.42e-03	5.42e-01	3.37e-01	9.85e-02	1.60e-02	1.06e-03	5.79e-04	1.05e-04	1.62e-06	0.00e+00	0.00e+00	0.00e+00	0.00e+00	0.00e+00	0.00e+00	0.00e+00	0.00e+00	0.00e+00
 5.37394e+22	1.72e-06	4.71e-03	5.56e-01	3.30e-01	9.31e-02	1.48e-02	9.67e-04	5.18e-04	9.04e-05	1.34e-06	0.00e+00	0.00e+00	0.00e+00	0.00e+00	0.00e+00	0.00e+00	0.00e+00	0.00e+00	0.00e+00
 5.40645e+22	1.98e-06	5.12e-03	5.73e-01	3.21e-01	8.62e-02	1.34e-02	8.54e-04	4.46e-04	7.42e-05	1.04e-06	0.00e+00	0.00e+00	0.00e+00	0.00e+00	0.00e+00	0.00e+00	0.00e+00	0.00e+00	0.00e+00
 5.44234e+22	2.25e-06	5.55e-03	5.90e-01	3.11e-01	8.01e-02	1.21e-02	7.58e-04	3.87e-04	6.15e-05	8.13e-07	0.00e+00	0.00e+00	0.00e+00	0.00e+00	0.00e+00	0.00e+00	0.00e+00	0.00e+00	0.00e+00
 5.48260e+22	2.67e-06	6.16e-03	6.12e-01	2.98e-01	7.24e-02	1.06e-02	6.47e-04	3.20e-04	4.78e-05	5.88e-07	0.00e+00	0.00e+00	0.00e+00	0.00e+00	0.00e+00	0.00e+00	0.00e+00	0.00e+00	0.00e+00
 5.52278e+22	3.03e-06	6.64e-03	6.27e-01	2.89e-01	6.71e-02	9.60e-03	5.74e-04	2.78e-04	3.97e-05	4.62e-07	0.00e+00	0.00e+00	0.00e+00	0.00e+00	0.00e+00	0.00e+00	0.00e+00	0.00e+00	0.00e+00
 5.56286e+22	3.55e-06	7.29e-03	6.46e-01	2.76e-01	6.09e-02	8.47e-03	4.94e-04	2.33e-04	3.13e-05	3.40e-07	0.00e+00	0.00e+00	0.00e+00	0.00e+00	0.00e+00	0.00e+00	0.00e+00	0.00e+00	0.00e+00
 5.60445e+22	4.07e-06	7.90e-03	6.62e-01	2.66e-01	5.59e-02	7.58e-03	4.33e-04	2.00e-04	2.55e-05	2.60e-07	0.00e+00	0.00e+00	0.00e+00	0.00e+00	0.00e+00	0.00e+00	0.00e+00	0.00e+00	0.00e+00
 5.64216e+22	4.64e-06	8.54e-03	6.78e-01	2.55e-01	5.13e-02	6.81e-03	3.81e-04	1.72e-04	2.08e-05	2.01e-07	0.00e+00	0.00e+00	0.00e+00	0.00e+00	0.00e+00	0.00e+00	0.00e+00	0.00e+00	0.00e+00
 5.67430e+22	5.12e-06	9.04e-03	6.89e-01	2.47e-01	4.82e-02	6.28e-03	3.46e-04	1.54e-04	1.79e-05	1.66e-07	0.00e+00	0.00e+00	0.00e+00	0.00e+00	0.00e+00	0.00e+00	0.00e+00	0.00e+00	0.00e+00
 5.70507e+22	5.75e-06	9.67e-03	7.02e-01	2.38e-01	4.46e-02	5.70e-03	3.08e-04	1.35e-04	1.50e-05	1.31e-07	0.00e+00	0.00e+00	0.00e+00	0.00e+00	0.00e+00	0.00e+00	0.00e+00	0.00e+00	0.00e+00
 5.73656e+22	6.35e-06	1.02e-02	7.13e-01	2.30e-01	4.17e-02	5.24e-03	2.79e-04	1.21e-04	1.28e-05	0.00e+00	0.00e+00	0.00e+00	0.00e+00	0.00e+00	0.00e+00	0.00e+00	0.00e+00	0.00e+00	0.00e+00
 5.76900e+22	7.14e-06	1.09e-02	7.26e-01	2.20e-01	3.85e-02	4.74e-03	2.48e-04	1.05e-04	1.06e-05	0.00e+00	0.00e+00	0.00e+00	0.00e+00	0.00e+00	0.00e+00	0.00e+00	0.00e+00	0.00e+00	0.00e+00
 5.80198e+22	7.91e-06	1.16e-02	7.36e-01	2.12e-01	3.59e-02	4.34e-03	2.23e-04	9.39e-05	9.07e-06	0.00e+00	0.00e+00	0.00e+00	0.00e+00	0.00e+00	0.00e+00	0.00e+00	0.00e+00	0.00e+00	0.00e+00
 5.83089e+22	8.71e-06	1.23e-02	7.46e-01	2.04e-01	3.35e-02	3.99e-03	2.02e-04	8.41e-05	7.77e-06	0.00e+00	0.00e+00	0.00e+00	0.00e+00	0.00e+00	0.00e+00	0.00e+00	0.00e+00	0.00e+00	0.00e+00
 5.86368e+22	9.79e-06	1.31e-02	7.58e-01	1.94e-01	3.09e-02	3.60e-03	1.79e-04	7.36e-05	6.43e-06	0.00e+00	0.00e+00	0.00e+00	0.00e+00	0.00e+00	0.00e+00	0.00e+00	0.00e+00	0.00e+00	0.00e+00
 5.89740e+22	1.09e-05	1.39e-02	7.68e-01	1.86e-01	2.87e-02	3.29e-03	1.61e-04	6.55e-05	5.44e-06	0.00e+00	0.00e+00	0.00e+00	0.00e+00	0.00e+00	0.00e+00	0.00e+00	0.00e+00	0.00e+00	0.00e+00
 5.92750e+22	1.20e-05	1.47e-02	7.77e-01	1.79e-01	2.67e-02	3.01e-03	1.45e-04	5.87e-05	4.64e-06	0.00e+00	0.00e+00	0.00e+00	0.00e+00	0.00e+00	0.00e+00	0.00e+00	0.00e+00	0.00e+00	0.00e+00
 5.96178e+22	1.35e-05	1.57e-02	7.88e-01	1.69e-01	2.44e-02	2.70e-03	1.27e-04	5.10e-05	3.79e-06	0.00e+00	0.00e+00	0.00e+00	0.00e+00	0.00e+00	0.00e+00	0.00e+00	0.00e+00	0.00e+00	0.00e+00
 5.99672e+22	1.50e-05	1.66e-02	7.96e-01	1.62e-01	2.26e-02	2.46e-03	1.14e-04	4.56e-05	3.21e-06	0.00e+00	0.00e+00	0.00e+00	0.00e+00	0.00e+00	0.00e+00	0.00e+00	0.00e+00	0.00e+00	0.00e+00
 6.03251e+22	1.70e-05	1.78e-02	8.07e-01	1.52e-01	2.06e-02	2.19e-03	9.97e-05	3.95e-05	2.60e-06	0.00e+00	0.00e+00	0.00e+00	0.00e+00	0.00e+00	0.00e+00	0.00e+00	0.00e+00	0.00e+00	0.00e+00
 6.06894e+22	1.89e-05	1.88e-02	8.15e-01	1.45e-01	1.90e-02	2.00e-03	8.92e-05	3.52e-05	2.19e-06	0.00e+00	0.00e+00	0.00e+00	0.00e+00	0.00e+00	0.00e+00	0.00e+00	0.00e+00	0.00e+00	0.00e+00
 6.10619e+22	2.15e-05	2.02e-02	8.25e-01	1.36e-01	1.72e-02	1.77e-03	7.75e-05	3.05e-05	1.76e-06	0.00e+00	0.00e+00	0.00e+00	0.00e+00	0.00e+00	0.00e+00	0.00e+00	0.00e+00	0.00e+00	0.00e+00
 6.14429e+22	2.39e-05	2.14e-02	8.32e-01	1.29e-01	1.59e-02	1.60e-03	6.90e-05	2.71e-05	1.47e-06	0.00e+00	0.00e+00	0.00e+00	0.00e+00	0.00e+00	0.00e+00	0.00e+00	0.00e+00	0.00e+00	0.00e+00
 6.18348e+22	2.72e-05	2.29e-02	8.41e-01	1.20e-01	1.44e-02	1.42e-03	5.99e-05	2.35e-05	1.17e-06	0.00e+00	0.00e+00	0.00e+00	0.00e+00	0.00e+00	0.00e+00	0.00e+00	0.00e+00	0.00e+00	0.00e+00
 6.22371e+22	3.06e-05	2.44e-02	8.48e-01	1.13e-01	1.31e-02	1.28e-03	5.28e-05	2.07e-05	9.65e-07	0.00e+00	0.00e+00	0.00e+00	0.00e+00	0.00e+00	0.00e+00	0.00e+00	0.00e+00	0.00e+00	0.00e+00
 6.25986e+22	3.41e-05	2.58e-02	8.54e-01	1.07e-01	1.20e-02	1.15e-03	4.68e-05	1.84e-05	7.99e-07	0.00e+00	0.00e+00	0.00e+00	0.00e+00	0.00e+00	0.00e+00	0.00e+00	0.00e+00	0.00e+00	0.00e+00
 6.30144e+22	3.92e-05	2.78e-02	8.62e-01	9.86e-02	1.08e-02	1.01e-03	4.01e-05	1.58e-05	6.27e-07	0.00e+00	0.00e+00	0.00e+00	0.00e+00	0.00e+00	0.00e+00	0.00e+00	0.00e+00	0.00e+00	0.00e+00
 6.34349e+22	4.39e-05	2.95e-02	8.67e-01	9.27e-02	9.87e-03	9.09e-04	3.55e-05	1.41e-05	5.17e-07	0.00e+00	0.00e+00	0.00e+00	0.00e+00	0.00e+00	0.00e+00	0.00e+00	0.00e+00	0.00e+00	0.00e+00
 6.38615e+22	5.05e-05	3.17e-02	8.73e-01	8.51e-02	8.81e-03	7.95e-04	3.03e-05	1.21e-05	4.03e-07	0.00e+00	0.00e+00	0.00e+00	0.00e+00	0.00e+00	0.00e+00	0.00e+00	0.00e+00	0.00e+00	0.00e+00
 6.42954e+22	5.67e-05	3.36e-02	8.78e-01	7.97e-02	8.03e-03	7.13e-04	2.67e-05	1.07e-05	3.30e-07	0.00e+00	0.00e+00	0.00e+00	0.00e+00	0.00e+00	0.00e+00	0.00e+00	0.00e+00	0.00e+00	0.00e+00
 6.47388e+22	6.55e-05	3.62e-02	8.83e-01	7.26e-02	7.13e-03	6.21e-04	2.27e-05	9.21e-06	2.55e-07	0.00e+00	0.00e+00	0.00e+00	0.00e+00	0.00e+00	0.00e+00	0.00e+00	0.00e+00	0.00e+00	0.00e+00
 6.51907e+22	7.37e-05	3.85e-02	8.87e-01	6.76e-02	6.48e-03	5.56e-04	2.00e-05	8.16e-06	2.07e-07	0.00e+00	0.00e+00	0.00e+00	0.00e+00	0.00e+00	0.00e+00	0.00e+00	0.00e+00	0.00e+00	0.00e+00
 6.56539e+22	8.60e-05	4.16e-02	8.91e-01	6.11e-02	5.72e-03	4.80e-04	1.68e-05	6.96e-06	1.58e-07	0.00e+00	0.00e+00	0.00e+00	0.00e+00	0.00e+00	0.00e+00	0.00e+00	0.00e+00	0.00e+00	0.00e+00
 6.61247e+22	9.70e-05	4.41e-02	8.94e-01	5.66e-02	5.18e-03	4.28e-04	1.48e-05	6.16e-06	1.28e-07	0.00e+00	0.00e+00	0.00e+00	0.00e+00	0.00e+00	0.00e+00	0.00e+00	0.00e+00	0.00e+00	0.00e+00
 6.66051e+22	1.14e-04	4.78e-02	8.97e-01	5.06e-02	4.55e-03	3.68e-04	1.24e-05	5.24e-06	0.00e+00	0.00e+00	0.00e+00	0.00e+00	0.00e+00	0.00e+00	0.00e+00	0.00e+00	0.00e+00	0.00e+00	0.00e+00
 6.70997e+22	1.29e-04	5.09e-02	8.98e-01	4.65e-02	4.10e-03	3.27e-04	1.08e-05	4.61e-06	0.00e+00	0.00e+00	0.00e+00	0.00e+00	0.00e+00	0.00e+00	0.00e+00	0.00e+00	0.00e+00	0.00e+00	0.00e+00
 6.76125e+22	1.53e-04	5.53e-02	9.00e-01	4.09e-02	3.55e-03	2.78e-04	8.96e-06	3.88e-06	0.00e+00	0.00e+00	0.00e+00	0.00e+00	0.00e+00	0.00e+00	0.00e+00	0.00e+00	0.00e+00	0.00e+00	0.00e+00
 6.81395e+22	1.76e-04	5.91e-02	9.00e-01	3.71e-02	3.18e-03	2.45e-04	7.75e-06	3.39e-06	0.00e+00	0.00e+00	0.00e+00	0.00e+00	0.00e+00	0.00e+00	0.00e+00	0.00e+00	0.00e+00	0.00e+00	0.00e+00
 6.86852e+22	2.11e-04	6.45e-02	9.00e-01	3.21e-02	2.73e-03	2.06e-04	6.38e-06	2.82e-06	0.00e+00	0.00e+00	0.00e+00	0.00e+00	0.00e+00	0.00e+00	0.00e+00	0.00e+00	0.00e+00	0.00e+00	0.00e+00
 6.92515e+22	2.46e-04	6.94e-02	8.99e-01	2.86e-02	2.41e-03	1.79e-04	5.44e-06	2.43e-06	0.00e+00	0.00e+00	0.00e+00	0.00e+00	0.00e+00	0.00e+00	0.00e+00	0.00e+00	0.00e+00	0.00e+00	0.00e+00
 6.98449e+22	3.01e-04	7.62e-02	8.97e-01	2.41e-02	2.04e-03	1.48e-04	4.42e-06	1.99e-06	0.00e+00	0.00e+00	0.00e+00	0.00e+00	0.00e+00	0.00e+00	0.00e+00	0.00e+00	0.00e+00	0.00e+00	0.00e+00
 7.04636e+22	3.58e-04	8.26e-02	8.94e-01	2.09e-02	1.77e-03	1.26e-04	3.71e-06	1.69e-06	0.00e+00	0.00e+00	0.00e+00	0.00e+00	0.00e+00	0.00e+00	0.00e+00	0.00e+00	0.00e+00	0.00e+00	0.00e+00
 7.09468e+22	4.07e-04	8.75e-02	8.92e-01	1.88e-02	1.59e-03	1.13e-04	3.28e-06	1.50e-06	0.00e+00	0.00e+00	0.00e+00	0.00e+00	0.00e+00	0.00e+00	0.00e+00	0.00e+00	0.00e+00	0.00e+00	0.00e+00
 7.14065e+22	4.77e-04	9.40e-02	8.88e-01	1.62e-02	1.39e-03	9.70e-05	2.80e-06	1.28e-06	0.00e+00	0.00e+00	0.00e+00	0.00e+00	0.00e+00	0.00e+00	0.00e+00	0.00e+00	0.00e+00	0.00e+00	0.00e+00
 7.18799e+22	5.52e-04	1.00e-01	8.84e-01	1.42e-02	1.24e-03	8.52e-05	2.44e-06	1.11e-06	0.00e+00	0.00e+00	0.00e+00	0.00e+00	0.00e+00	0.00e+00	0.00e+00	0.00e+00	0.00e+00	0.00e+00	0.00e+00
 7.23711e+22	6.63e-04	1.09e-01	8.78e-01	1.19e-02	1.06e-03	7.19e-05	2.05e-06	9.28e-07	0.00e+00	0.00e+00	0.00e+00	0.00e+00	0.00e+00	0.00e+00	0.00e+00	0.00e+00	0.00e+00	0.00e+00	0.00e+00
 7.28724e+22	7.78e-04	1.16e-01	8.72e-01	1.02e-02	9.31e-04	6.23e-05	1.78e-06	7.96e-07	0.00e+00	0.00e+00	0.00e+00	0.00e+00	0.00e+00	0.00e+00	0.00e+00	0.00e+00	0.00e+00	0.00e+00	0.00e+00
 7.33869e+22	9.55e-04	1.27e-01	8.63e-01	8.24e-03	7.81e-04	5.13e-05	1.47e-06	6.47e-07	0.00e+00	0.00e+00	0.00e+00	0.00e+00	0.00e+00	0.00e+00	0.00e+00	0.00e+00	0.00e+00	0.00e+00	0.00e+00
 7.39187e+22	1.15e-03	1.37e-01	8.55e-01	6.79e-03	6.67e-04	4.32e-05	1.25e-06	5.39e-07	0.00e+00	0.00e+00	0.00e+00	0.00e+00	0.00e+00	0.00e+00	0.00e+00	0.00e+00	0.00e+00	0.00e+00	0.00e+00
 7.43421e+22	1.34e-03	1.45e-01	8.47e-01	5.76e-03	5.85e-04	3.75e-05	1.09e-06	4.62e-07	0.00e+00	0.00e+00	0.00e+00	0.00e+00	0.00e+00	0.00e+00	0.00e+00	0.00e+00	0.00e+00	0.00e+00	0.00e+00
 7.47033e+22	1.55e-03	1.54e-01	8.39e-01	4.90e-03	5.14e-04	3.26e-05	9.61e-07	3.97e-07	0.00e+00	0.00e+00	0.00e+00	0.00e+00	0.00e+00	0.00e+00	0.00e+00	0.00e+00	0.00e+00	0.00e+00	0.00e+00
 7.51144e+22	1.88e-03	1.65e-01	8.28e-01	3.93e-03	4.30e-04	2.69e-05	8.08e-07	3.24e-07	0.00e+00	0.00e+00	0.00e+00	0.00e+00	0.00e+00	0.00e+00	0.00e+00	0.00e+00	0.00e+00	0.00e+00	0.00e+00
 7.55461e+22	2.27e-03	1.77e-01	8.17e-01	3.15e-03	3.61e-04	2.23e-05	6.84e-07	2.64e-07	0.00e+00	0.00e+00	0.00e+00	0.00e+00	0.00e+00	0.00e+00	0.00e+00	0.00e+00	0.00e+00	0.00e+00	0.00e+00
 7.59361e+22	2.75e-03	1.89e-01	8.05e-01	2.51e-03	3.00e-04	1.83e-05	5.78e-07	2.15e-07	0.00e+00	0.00e+00	0.00e+00	0.00e+00	0.00e+00	0.00e+00	0.00e+00	0.00e+00	0.00e+00	0.00e+00	0.00e+00
 7.63103e+22	3.34e-03	2.02e-01	7.93e-01	1.97e-03	2.47e-04	1.49e-05	4.83e-07	1.73e-07	0.00e+00	0.00e+00	0.00e+00	0.00e+00	0.00e+00	0.00e+00	0.00e+00	0.00e+00	0.00e+00	0.00e+00	0.00e+00
