#depth	O	O+	O+2	O+3	O+4	O+5	O+6	O+7	O+8	O[1]	O[2]	O[3]
 1.54284e+22	5.92e-10	1.01e-05	5.20e-03	1.37e-01	3.03e-01	2.87e-01	2.55e-01	1.29e-02	1.59e-04	5.92e-10	1.49e-18	1.83e-18
 3.50173e+22	2.45e-09	3.11e-05	1.16e-02	2.17e-01	3.46e-01	2.57e-01	1.63e-01	5.72e-03	4.94e-05	2.45e-09	6.52e-18	7.94e-18
 4.12580e+22	4.93e-09	5.28e-05	1.67e-02	2.63e-01	3.57e-01	2.34e-01	1.26e-01	3.71e-03	2.68e-05	4.93e-09	1.38e-17	1.67e-17
 4.48241e+22	8.10e-09	7.62e-05	2.14e-02	2.97e-01	3.60e-01	2.15e-01	1.04e-01	2.68e-03	1.71e-05	8.10e-09	2.35e-17	2.85e-17
 4.69506e+22	1.00e-08	8.91e-05	2.38e-02	3.12e-01	3.60e-01	2.07e-01	9.52e-02	2.32e-03	1.40e-05	1.00e-08	2.96e-17	3.59e-17
 4.84239e+22	1.32e-08	1.09e-04	2.71e-02	3.31e-01	3.59e-01	1.96e-01	8.47e-02	1.92e-03	1.08e-05	1.32e-08	4.00e-17	4.84e-17
 4.99895e+22	1.68e-08	1.29e-04	3.03e-02	3.48e-01	3.57e-01	1.86e-01	7.62e-02	1.63e-03	8.60e-06	1.68e-08	5.20e-17	6.29e-17
 5.16749e+22	2.28e-08	1.61e-04	3.49e-02	3.70e-01	3.54e-01	1.74e-01	6.63e-02	1.30e-03	6.36e-06	2.28e-08	7.30e-17	8.83e-17
 5.33763e+22	2.92e-08	1.92e-04	3.90e-02	3.88e-01	3.49e-01	1.63e-01	5.90e-02	1.09e-03	4.97e-06	2.92e-08	9.58e-17	1.16e-16
 5.50985e+22	3.99e-08	2.39e-04	4.48e-02	4.10e-01	3.43e-01	1.51e-01	5.07e-02	8.57e-04	3.61e-06	3.99e-08	1.36e-16	1.64e-16
 5.68391e+22	5.10e-08	2.83e-04	4.98e-02	4.27e-01	3.37e-01	1.41e-01	4.48e-02	7.08e-04	2.79e-06	5.10e-08	1.79e-16	2.16e-16
 5.83441e+22	6.44e-08	3.33e-04	5.50e-02	4.42e-01	3.30e-01	1.32e-01	3.97e-02	5.88e-04	2.18e-06	6.44e-08	2.33e-16	2.81e-16
 6.00412e+22	8.70e-08	4.10e-04	6.24e-02	4.62e-01	3.21e-01	1.20e-01	3.38e-02	4.60e-04	1.57e-06	8.70e-08	3.28e-16	3.96e-16
 6.16632e+22	1.07e-07	4.72e-04	6.79e-02	4.75e-01	3.13e-01	1.13e-01	3.02e-02	3.87e-04	1.25e-06	1.07e-07	4.14e-16	5.00e-16
 6.31875e+22	1.39e-07	5.65e-04	7.55e-02	4.91e-01	3.04e-01	1.03e-01	2.60e-02	3.10e-04	9.26e-07	1.39e-07	5.57e-16	6.73e-16
 6.47204e+22	1.71e-07	6.50e-04	8.21e-02	5.03e-01	2.95e-01	9.59e-02	2.31e-02	2.58e-04	7.29e-07	1.71e-07	7.04e-16	8.50e-16
 6.62646e+22	2.22e-07	7.75e-04	9.09e-02	5.17e-01	2.84e-01	8.72e-02	1.98e-02	2.05e-04	5.37e-07	2.22e-07	9.47e-16	1.14e-15
 6.78433e+22	2.75e-07	8.95e-04	9.88e-02	5.27e-01	2.75e-01	8.04e-02	1.73e-02	1.68e-04	4.14e-07	2.75e-07	1.21e-15	1.45e-15
 6.92545e+22	3.39e-07	1.03e-03	1.07e-01	5.37e-01	2.66e-01	7.41e-02	1.52e-02	1.39e-04	3.21e-07	3.39e-07	1.53e-15	1.84e-15
 7.08767e+22	4.42e-07	1.23e-03	1.18e-01	5.48e-01	2.53e-01	6.65e-02	1.28e-02	1.08e-04	2.31e-07	4.42e-07	2.06e-15	2.48e-15
 7.25184e+22	5.48e-07	1.42e-03	1.28e-01	5.56e-01	2.43e-01	6.07e-02	1.11e-02	8.75e-05	1.75e-07	5.48e-07	2.63e-15	3.16e-15
 7.41857e+22	7.11e-07	1.68e-03	1.40e-01	5.64e-01	2.30e-01	5.41e-02	9.33e-03	6.76e-05	1.25e-07	7.11e-07	3.53e-15	4.25e-15
 7.58091e+22	8.68e-07	1.92e-03	1.51e-01	5.69e-01	2.20e-01	4.94e-02	8.11e-03	5.51e-05	0.00e+00	8.68e-07	4.42e-15	5.31e-15
 7.70899e+22	1.03e-06	2.15e-03	1.60e-01	5.73e-01	2.12e-01	4.56e-02	7.18e-03	4.61e-05	0.00e+00	1.03e-06	5.37e-15	6.44e-15
 7.84693e+22	1.27e-06	2.46e-03	1.72e-01	5.76e-01	2.01e-01	4.12e-02	6.17e-03	3.70e-05	0.00e+00	1.27e-06	6.82e-15	8.17e-15
 7.98889e+22	1.52e-06	2.76e-03	1.83e-01	5.78e-01	1.92e-01	3.77e-02	5.41e-03	3.05e-05	0.00e+00	1.52e-06	8.33e-15	9.98e-15
 8.11627e+22	1.80e-06	3.09e-03	1.94e-01	5.79e-01	1.84e-01	3.45e-02	4.75e-03	2.53e-05	0.00e+00	1.80e-06	1.01e-14	1.21e-14
 8.26207e+22	2.23e-06	3.55e-03	2.09e-01	5.80e-01	1.73e-01	3.08e-02	4.03e-03	1.99e-05	0.00e+00	2.23e-06	1.30e-14	1.55e-14
 8.40934e+22	2.66e-06	3.97e-03	2.21e-01	5.79e-01	1.65e-01	2.80e-02	3.50e-03	1.63e-05	0.00e+00	2.66e-06	1.58e-14	1.89e-14
 8.53843e+22	3.15e-06	4.43e-03	2.34e-01	5.77e-01	1.56e-01	2.55e-02	3.06e-03	1.34e-05	0.00e+00	3.15e-06	1.92e-14	2.29e-14
 8.68614e+22	3.89e-06	5.07e-03	2.50e-01	5.73e-01	1.46e-01	2.26e-02	2.57e-03	1.04e-05	0.00e+00	3.89e-06	2.45e-14	2.92e-14
 8.83640e+22	4.63e-06	5.66e-03	2.64e-01	5.69e-01	1.38e-01	2.04e-02	2.22e-03	8.44e-06	0.00e+00	4.63e-06	2.99e-14	3.57e-14
 8.96959e+22	5.49e-06	6.31e-03	2.78e-01	5.65e-01	1.30e-01	1.84e-02	1.92e-03	6.85e-06	0.00e+00	5.49e-06	3.65e-14	4.34e-14
 9.12233e+22	6.80e-06	7.24e-03	2.97e-01	5.57e-01	1.21e-01	1.61e-02	1.60e-03	5.27e-06	0.00e+00	6.80e-06	4.68e-14	5.57e-14
 9.27668e+22	8.09e-06	8.08e-03	3.12e-01	5.50e-01	1.14e-01	1.44e-02	1.37e-03	4.22e-06	0.00e+00	8.09e-06	5.73e-14	6.81e-14
 9.41259e+22	9.58e-06	9.00e-03	3.28e-01	5.42e-01	1.07e-01	1.29e-02	1.17e-03	3.39e-06	0.00e+00	9.58e-06	6.98e-14	8.30e-14
 9.56877e+22	1.18e-05	1.03e-02	3.48e-01	5.31e-01	9.81e-02	1.12e-02	9.67e-04	2.57e-06	0.00e+00	1.18e-05	8.97e-14	1.06e-13
 9.72769e+22	1.41e-05	1.15e-02	3.65e-01	5.21e-01	9.12e-02	9.94e-03	8.20e-04	2.03e-06	0.00e+00	1.41e-05	1.10e-13	1.30e-13
 9.89019e+22	1.75e-05	1.32e-02	3.87e-01	5.07e-01	8.33e-02	8.53e-03	6.66e-04	1.51e-06	0.00e+00	1.75e-05	1.42e-13	1.69e-13
 1.00547e+23	2.08e-05	1.47e-02	4.06e-01	4.95e-01	7.69e-02	7.49e-03	5.58e-04	1.18e-06	0.00e+00	2.08e-05	1.75e-13	2.07e-13
 1.02218e+23	2.58e-05	1.68e-02	4.28e-01	4.78e-01	6.96e-02	6.37e-03	4.49e-04	8.66e-07	0.00e+00	2.58e-05	2.28e-13	2.69e-13
 1.03922e+23	3.08e-05	1.88e-02	4.48e-01	4.64e-01	6.37e-02	5.54e-03	3.72e-04	6.65e-07	0.00e+00	3.08e-05	2.82e-13	3.32e-13
 1.05668e+23	3.84e-05	2.16e-02	4.72e-01	4.45e-01	5.71e-02	4.65e-03	2.95e-04	4.78e-07	0.00e+00	3.84e-05	3.68e-13	4.33e-13
 1.06912e+23	4.05e-05	2.23e-02	4.79e-01	4.39e-01	5.51e-02	4.40e-03	2.74e-04	4.32e-07	0.00e+00	4.05e-05	3.94e-13	4.63e-13
 1.07420e+23	4.27e-05	2.30e-02	4.85e-01	4.34e-01	5.35e-02	4.21e-03	2.59e-04	3.97e-07	0.00e+00	4.27e-05	4.21e-13	4.94e-13
 1.07997e+23	4.61e-05	2.41e-02	4.94e-01	4.27e-01	5.14e-02	3.95e-03	2.38e-04	3.53e-07	0.00e+00	4.61e-05	4.61e-13	5.41e-13
 1.08748e+23	5.02e-05	2.54e-02	5.03e-01	4.18e-01	4.91e-02	3.67e-03	2.16e-04	3.09e-07	0.00e+00	5.02e-05	5.13e-13	6.02e-13
 1.09724e+23	5.68e-05	2.75e-02	5.17e-01	4.06e-01	4.58e-02	3.30e-03	1.88e-04	2.54e-07	0.00e+00	5.68e-05	5.98e-13	6.99e-13
 1.10993e+23	6.66e-05	3.03e-02	5.34e-01	3.90e-01	4.18e-02	2.87e-03	1.56e-04	1.96e-07	0.00e+00	6.66e-05	7.28e-13	8.49e-13
 1.12284e+23	7.49e-05	3.25e-02	5.48e-01	3.78e-01	3.88e-02	2.57e-03	1.35e-04	1.60e-07	0.00e+00	7.49e-05	8.44e-13	9.82e-13
 1.13605e+23	8.73e-05	3.58e-02	5.65e-01	3.62e-01	3.54e-02	2.22e-03	1.12e-04	0.00e+00	0.00e+00	8.73e-05	1.02e-12	1.19e-12
 1.14966e+23	9.95e-05	3.87e-02	5.79e-01	3.47e-01	3.24e-02	1.95e-03	9.50e-05	0.00e+00	0.00e+00	9.95e-05	1.21e-12	1.40e-12
 1.16187e+23	1.12e-04	4.17e-02	5.93e-01	3.34e-01	2.99e-02	1.73e-03	8.11e-05	0.00e+00	0.00e+00	1.12e-04	1.41e-12	1.63e-12
 1.17582e+23	1.32e-04	4.59e-02	6.10e-01	3.16e-01	2.68e-02	1.47e-03	6.60e-05	0.00e+00	0.00e+00	1.32e-04	1.73e-12	1.98e-12
 1.18998e+23	1.49e-04	4.94e-02	6.23e-01	3.02e-01	2.45e-02	1.29e-03	5.56e-05	0.00e+00	0.00e+00	1.49e-04	2.03e-12	2.32e-12
 1.20444e+23	1.75e-04	5.45e-02	6.39e-01	2.84e-01	2.18e-02	1.08e-03	4.46e-05	0.00e+00	0.00e+00	1.75e-04	2.51e-12	2.84e-12
 1.21901e+23	1.97e-04	5.84e-02	6.51e-01	2.69e-01	1.97e-02	9.43e-04	3.74e-05	0.00e+00	0.00e+00	1.97e-04	2.94e-12	3.31e-12
 1.23375e+23	2.30e-04	6.41e-02	6.65e-01	2.52e-01	1.75e-02	7.91e-04	3.00e-05	0.00e+00	0.00e+00	2.30e-04	3.62e-12	4.04e-12
 1.24895e+23	2.62e-04	6.91e-02	6.77e-01	2.37e-01	1.57e-02	6.76e-04	2.46e-05	0.00e+00	0.00e+00	2.62e-04	4.30e-12	4.77e-12
 1.26476e+23	3.10e-04	7.63e-02	6.90e-01	2.19e-01	1.36e-02	5.54e-04	1.91e-05	0.00e+00	0.00e+00	3.10e-04	5.39e-12	5.91e-12
 1.28065e+23	3.49e-04	8.18e-02	7.01e-01	2.05e-01	1.22e-02	4.72e-04	1.56e-05	0.00e+00	0.00e+00	3.49e-04	6.38e-12	6.93e-12
 1.29664e+23	4.12e-04	9.02e-02	7.11e-01	1.87e-01	1.05e-02	3.83e-04	1.21e-05	0.00e+00	0.00e+00	4.12e-04	8.01e-12	8.58e-12
 1.31299e+23	4.68e-04	9.69e-02	7.20e-01	1.73e-01	9.25e-03	3.21e-04	9.71e-06	0.00e+00	0.00e+00	4.68e-04	9.58e-12	1.01e-11
 1.32979e+23	5.55e-04	1.07e-01	7.28e-01	1.57e-01	7.87e-03	2.56e-04	7.34e-06	0.00e+00	0.00e+00	5.55e-04	1.22e-11	1.27e-11
 1.34672e+23	6.27e-04	1.15e-01	7.34e-01	1.44e-01	6.89e-03	2.13e-04	5.86e-06	0.00e+00	0.00e+00	6.27e-04	1.46e-11	1.49e-11
 1.36379e+23	7.42e-04	1.27e-01	7.38e-01	1.29e-01	5.82e-03	1.68e-04	4.39e-06	0.00e+00	0.00e+00	7.42e-04	1.85e-11	1.86e-11
 1.38116e+23	8.42e-04	1.36e-01	7.41e-01	1.17e-01	5.04e-03	1.38e-04	3.46e-06	0.00e+00	0.00e+00	8.42e-04	2.22e-11	2.19e-11
 1.39891e+23	1.00e-03	1.51e-01	7.41e-01	1.03e-01	4.20e-03	1.06e-04	2.54e-06	0.00e+00	0.00e+00	1.00e-03	2.86e-11	2.76e-11
 1.41667e+23	1.14e-03	1.62e-01	7.41e-01	9.24e-02	3.60e-03	8.63e-05	1.98e-06	0.00e+00	0.00e+00	1.14e-03	3.45e-11	3.26e-11
 1.43446e+23	1.36e-03	1.79e-01	7.36e-01	8.01e-02	2.97e-03	6.56e-05	1.43e-06	0.00e+00	0.00e+00	1.36e-03	4.47e-11	4.12e-11
 1.45230e+23	1.55e-03	1.93e-01	7.32e-01	7.11e-02	2.53e-03	5.26e-05	1.11e-06	0.00e+00	0.00e+00	1.55e-03	5.42e-11	4.89e-11
 1.47022e+23	1.87e-03	2.14e-01	7.21e-01	6.06e-02	2.07e-03	3.92e-05	7.91e-07	0.00e+00	0.00e+00	1.87e-03	7.09e-11	6.21e-11
 1.48815e+23	2.14e-03	2.31e-01	7.12e-01	5.30e-02	1.75e-03	3.09e-05	6.03e-07	0.00e+00	0.00e+00	2.14e-03	8.67e-11	7.42e-11
 1.50610e+23	2.59e-03	2.57e-01	6.95e-01	4.43e-02	1.42e-03	2.26e-05	4.25e-07	0.00e+00	0.00e+00	2.59e-03	1.14e-10	9.47e-11
 1.52405e+23	2.99e-03	2.78e-01	6.80e-01	3.80e-02	1.19e-03	1.75e-05	3.21e-07	0.00e+00	0.00e+00	2.99e-03	1.41e-10	1.14e-10
 1.54199e+23	3.65e-03	3.10e-01	6.54e-01	3.09e-02	9.50e-04	1.24e-05	2.22e-07	0.00e+00	0.00e+00	3.65e-03	1.88e-10	1.47e-10
 1.55989e+23	4.25e-03	3.36e-01	6.33e-01	2.60e-02	7.93e-04	9.34e-06	1.65e-07	0.00e+00	0.00e+00	4.25e-03	2.32e-10	1.78e-10
 1.57772e+23	5.21e-03	3.74e-01	5.99e-01	2.06e-02	6.30e-04	6.43e-06	0.00e+00	0.00e+00	0.00e+00	5.21e-03	3.10e-10	2.31e-10
 1.59571e+23	6.16e-03	4.07e-01	5.69e-01	1.67e-02	5.18e-04	4.65e-06	0.00e+00	0.00e+00	0.00e+00	6.16e-03	3.90e-10	2.84e-10
 1.61389e+23	7.64e-03	4.53e-01	5.27e-01	1.27e-02	4.04e-04	3.04e-06	0.00e+00	0.00e+00	0.00e+00	7.64e-03	5.24e-10	3.72e-10
 1.63225e+23	9.18e-03	4.93e-01	4.88e-01	9.81e-03	3.26e-04	2.09e-06	0.00e+00	0.00e+00	0.00e+00	9.18e-03	6.69e-10	4.66e-10
 1.64834e+23	1.10e-02	5.34e-01	4.47e-01	7.52e-03	2.63e-04	1.41e-06	0.00e+00	0.00e+00	0.00e+00	1.10e-02	8.52e-10	5.84e-10
 1.66427e+23	1.33e-02	5.76e-01	4.04e-01	5.65e-03	2.11e-04	9.35e-07	0.00e+00	0.00e+00	0.00e+00	1.33e-02	1.09e-09	7.33e-10
 1.67821e+23	1.55e-02	6.11e-01	3.69e-01	4.43e-03	1.76e-04	6.61e-07	0.00e+00	0.00e+00	0.00e+00	1.55e-02	1.32e-09	8.79e-10
 1.69208e+23	1.87e-02	6.52e-01	3.26e-01	3.24e-03	1.40e-04	4.24e-07	0.00e+00	0.00e+00	0.00e+00	1.87e-02	1.67e-09	1.10e-09
 1.70654e+23	2.24e-02	6.89e-01	2.86e-01	2.36e-03	1.12e-04	2.74e-07	0.00e+00	0.00e+00	0.00e+00	2.24e-02	2.09e-09	1.37e-09
 1.71954e+23	2.67e-02	7.23e-01	2.48e-01	1.71e-03	8.93e-05	1.76e-07	0.00e+00	0.00e+00	0.00e+00	2.67e-02	2.60e-09	1.68e-09
 1.73420e+23	3.35e-02	7.62e-01	2.03e-01	1.12e-03	6.61e-05	0.00e+00	0.00e+00	0.00e+00	0.00e+00	3.35e-02	3.43e-09	2.20e-09
 1.74907e+23	4.19e-02	7.94e-01	1.64e-01	7.24e-04	4.88e-05	0.00e+00	0.00e+00	0.00e+00	0.00e+00	4.19e-02	4.47e-09	2.85e-09
 1.76090e+23	5.10e-02	8.15e-01	1.33e-01	4.91e-04	3.70e-05	0.00e+00	0.00e+00	0.00e+00	0.00e+00	5.10e-02	5.62e-09	3.56e-09
 1.77093e+23	6.10e-02	8.30e-01	1.09e-01	3.42e-04	2.85e-05	0.00e+00	0.00e+00	0.00e+00	0.00e+00	6.10e-02	6.92e-09	4.36e-09
 1.78016e+23	7.30e-02	8.39e-01	8.78e-02	2.38e-04	2.16e-05	0.00e+00	0.00e+00	0.00e+00	0.00e+00	7.30e-02	8.48e-09	5.33e-09
 1.78849e+23	8.69e-02	8.42e-01	7.06e-02	1.67e-04	1.63e-05	0.00e+00	0.00e+00	0.00e+00	0.00e+00	8.69e-02	1.03e-08	6.44e-09
 1.79586e+23	1.02e-01	8.41e-01	5.68e-02	1.21e-04	1.24e-05	0.00e+00	0.00e+00	0.00e+00	0.00e+00	1.02e-01	1.23e-08	7.68e-09
 1.80252e+23	1.20e-01	8.35e-01	4.57e-02	8.82e-05	9.44e-06	0.00e+00	0.00e+00	0.00e+00	0.00e+00	1.20e-01	1.45e-08	9.06e-09
 1.80872e+23	1.40e-01	8.24e-01	3.65e-02	6.51e-05	7.11e-06	0.00e+00	0.00e+00	0.00e+00	0.00e+00	1.40e-01	1.71e-08	1.06e-08
 1.81457e+23	1.63e-01	8.08e-01	2.89e-02	4.83e-05	5.29e-06	0.00e+00	0.00e+00	0.00e+00	0.00e+00	1.63e-01	2.00e-08	1.24e-08
 1.82006e+23	1.89e-01	7.88e-01	2.27e-02	3.62e-05	3.89e-06	0.00e+00	0.00e+00	0.00e+00	0.00e+00	1.89e-01	2.32e-08	1.44e-08
 1.82529e+23	2.19e-01	7.64e-01	1.78e-02	2.75e-05	2.85e-06	0.00e+00	0.00e+00	0.00e+00	0.00e+00	2.19e-01	2.66e-08	1.65e-08
 1.83043e+23	2.53e-01	7.33e-01	1.36e-02	2.08e-05	2.04e-06	0.00e+00	0.00e+00	0.00e+00	0.00e+00	2.53e-01	3.04e-08	1.88e-08
 1.83526e+23	2.91e-01	6.99e-01	1.05e-02	1.59e-05	1.45e-06	0.00e+00	0.00e+00	0.00e+00	0.00e+00	2.91e-01	3.43e-08	2.11e-08
 1.83958e+23	3.29e-01	6.63e-01	8.15e-03	1.25e-05	1.05e-06	0.00e+00	0.00e+00	0.00e+00	0.00e+00	3.29e-01	3.78e-08	2.33e-08
 1.84346e+23	3.66e-01	6.28e-01	6.42e-03	1.01e-05	7.77e-07	0.00e+00	0.00e+00	0.00e+00	0.00e+00	3.66e-01	4.10e-08	2.52e-08
 1.84690e+23	4.01e-01	5.94e-01	5.17e-03	8.33e-06	5.88e-07	0.00e+00	0.00e+00	0.00e+00	0.00e+00	4.01e-01	4.36e-08	2.68e-08
 1.84989e+23	4.33e-01	5.62e-01	4.25e-03	7.06e-06	4.60e-07	0.00e+00	0.00e+00	0.00e+00	0.00e+00	4.33e-01	4.57e-08	2.80e-08
 1.85218e+23	4.58e-01	5.39e-01	3.67e-03	6.25e-06	3.82e-07	0.00e+00	0.00e+00	0.00e+00	0.00e+00	4.58e-01	4.71e-08	2.88e-08
 1.85391e+23	4.76e-01	5.20e-01	3.28e-03	5.69e-06	3.31e-07	0.00e+00	0.00e+00	0.00e+00	0.00e+00	4.76e-01	4.81e-08	2.94e-08
 1.85575e+23	4.97e-01	5.01e-01	2.89e-03	5.15e-06	2.83e-07	0.00e+00	0.00e+00	0.00e+00	0.00e+00	4.97e-01	4.90e-08	3.00e-08
 1.85789e+23	5.20e-01	4.77e-01	2.49e-03	4.58e-06	2.35e-07	0.00e+00	0.00e+00	0.00e+00	0.00e+00	5.20e-01	5.00e-08	3.06e-08
 1.86019e+23	5.45e-01	4.53e-01	2.13e-03	4.06e-06	1.94e-07	0.00e+00	0.00e+00	0.00e+00	0.00e+00	5.45e-01	5.08e-08	3.10e-08
 1.86244e+23	5.68e-01	4.30e-01	1.84e-03	3.63e-06	1.61e-07	0.00e+00	0.00e+00	0.00e+00	0.00e+00	5.68e-01	5.14e-08	3.14e-08
 1.86452e+23	5.89e-01	4.10e-01	1.60e-03	3.28e-06	1.36e-07	0.00e+00	0.00e+00	0.00e+00	0.00e+00	5.89e-01	5.18e-08	3.16e-08
 1.86614e+23	6.03e-01	3.95e-01	1.45e-03	3.05e-06	0.00e+00	0.00e+00	0.00e+00	0.00e+00	0.00e+00	6.03e-01	5.19e-08	3.17e-08
 1.86728e+23	6.14e-01	3.85e-01	1.34e-03	2.89e-06	0.00e+00	0.00e+00	0.00e+00	0.00e+00	0.00e+00	6.14e-01	5.20e-08	3.17e-08
 1.86842e+23	6.24e-01	3.75e-01	1.25e-03	2.75e-06	0.00e+00	0.00e+00	0.00e+00	0.00e+00	0.00e+00	6.24e-01	5.21e-08	3.17e-08
 1.86976e+23	6.36e-01	3.63e-01	1.14e-03	2.58e-06	0.00e+00	0.00e+00	0.00e+00	0.00e+00	0.00e+00	6.36e-01	5.21e-08	3.18e-08
 1.87123e+23	6.49e-01	3.50e-01	1.04e-03	2.42e-06	0.00e+00	0.00e+00	0.00e+00	0.00e+00	0.00e+00	6.49e-01	5.21e-08	3.17e-08
 1.87264e+23	6.60e-01	3.39e-01	9.52e-04	2.28e-06	0.00e+00	0.00e+00	0.00e+00	0.00e+00	0.00e+00	6.60e-01	5.20e-08	3.17e-08
 1.87404e+23	6.71e-01	3.28e-01	8.72e-04	2.15e-06	0.00e+00	0.00e+00	0.00e+00	0.00e+00	0.00e+00	6.71e-01	5.19e-08	3.16e-08
 1.87549e+23	6.82e-01	3.17e-01	7.96e-04	2.02e-06	0.00e+00	0.00e+00	0.00e+00	0.00e+00	0.00e+00	6.82e-01	5.18e-08	3.15e-08
 1.87696e+23	6.93e-01	3.06e-01	7.27e-04	1.90e-06	0.00e+00	0.00e+00	0.00e+00	0.00e+00	0.00e+00	6.93e-01	5.16e-08	3.14e-08
 1.87847e+23	7.04e-01	2.96e-01	6.64e-04	1.80e-06	0.00e+00	0.00e+00	0.00e+00	0.00e+00	0.00e+00	7.04e-01	5.14e-08	3.12e-08
 1.88003e+23	7.14e-01	2.86e-01	6.05e-04	1.69e-06	0.00e+00	0.00e+00	0.00e+00	0.00e+00	0.00e+00	7.14e-01	5.11e-08	3.10e-08
 1.88163e+23	7.24e-01	2.75e-01	5.50e-04	1.59e-06	0.00e+00	0.00e+00	0.00e+00	0.00e+00	0.00e+00	7.24e-01	5.09e-08	3.09e-08
 1.88328e+23	7.34e-01	2.65e-01	5.00e-04	1.50e-06	0.00e+00	0.00e+00	0.00e+00	0.00e+00	0.00e+00	7.34e-01	5.05e-08	3.07e-08
 1.88494e+23	7.44e-01	2.56e-01	4.55e-04	1.41e-06	0.00e+00	0.00e+00	0.00e+00	0.00e+00	0.00e+00	7.44e-01	5.02e-08	3.04e-08
 1.88665e+23	7.53e-01	2.47e-01	4.13e-04	1.33e-06	0.00e+00	0.00e+00	0.00e+00	0.00e+00	0.00e+00	7.53e-01	4.99e-08	3.02e-08
 1.88843e+23	7.62e-01	2.37e-01	3.75e-04	1.26e-06	0.00e+00	0.00e+00	0.00e+00	0.00e+00	0.00e+00	7.62e-01	4.95e-08	3.00e-08
 1.89027e+23	7.71e-01	2.28e-01	3.39e-04	1.18e-06	0.00e+00	0.00e+00	0.00e+00	0.00e+00	0.00e+00	7.71e-01	4.91e-08	2.97e-08
 1.89215e+23	7.80e-01	2.20e-01	3.08e-04	1.12e-06	0.00e+00	0.00e+00	0.00e+00	0.00e+00	0.00e+00	7.80e-01	4.87e-08	2.95e-08
 1.89407e+23	7.88e-01	2.11e-01	2.79e-04	1.05e-06	0.00e+00	0.00e+00	0.00e+00	0.00e+00	0.00e+00	7.88e-01	4.83e-08	2.92e-08
 1.89607e+23	7.97e-01	2.03e-01	2.52e-04	9.90e-07	0.00e+00	0.00e+00	0.00e+00	0.00e+00	0.00e+00	7.97e-01	4.79e-08	2.89e-08
 1.89813e+23	8.04e-01	1.95e-01	2.28e-04	9.34e-07	0.00e+00	0.00e+00	0.00e+00	0.00e+00	0.00e+00	8.04e-01	4.75e-08	2.86e-08
 1.90027e+23	8.12e-01	1.88e-01	2.06e-04	8.80e-07	0.00e+00	0.00e+00	0.00e+00	0.00e+00	0.00e+00	8.12e-01	4.70e-08	2.84e-08
 1.90251e+23	8.20e-01	1.80e-01	1.86e-04	8.28e-07	0.00e+00	0.00e+00	0.00e+00	0.00e+00	0.00e+00	8.20e-01	4.66e-08	2.81e-08
 1.90478e+23	8.27e-01	1.73e-01	1.68e-04	7.80e-07	0.00e+00	0.00e+00	0.00e+00	0.00e+00	0.00e+00	8.27e-01	4.61e-08	2.78e-08
 1.90708e+23	8.34e-01	1.66e-01	1.53e-04	7.37e-07	0.00e+00	0.00e+00	0.00e+00	0.00e+00	0.00e+00	8.34e-01	4.57e-08	2.75e-08
 1.90950e+23	8.41e-01	1.59e-01	1.39e-04	6.94e-07	0.00e+00	0.00e+00	0.00e+00	0.00e+00	0.00e+00	8.41e-01	4.53e-08	2.72e-08
 1.91207e+23	8.47e-01	1.53e-01	1.25e-04	6.54e-07	0.00e+00	0.00e+00	0.00e+00	0.00e+00	0.00e+00	8.47e-01	4.49e-08	2.70e-08
 1.91471e+23	8.54e-01	1.46e-01	1.14e-04	6.16e-07	0.00e+00	0.00e+00	0.00e+00	0.00e+00	0.00e+00	8.54e-01	4.45e-08	2.67e-08
 1.91739e+23	8.60e-01	1.40e-01	1.04e-04	5.81e-07	0.00e+00	0.00e+00	0.00e+00	0.00e+00	0.00e+00	8.60e-01	4.41e-08	2.64e-08
 1.92013e+23	8.65e-01	1.35e-01	9.52e-05	5.50e-07	0.00e+00	0.00e+00	0.00e+00	0.00e+00	0.00e+00	8.65e-01	4.36e-08	2.61e-08
 1.92298e+23	8.70e-01	1.30e-01	8.75e-05	5.20e-07	0.00e+00	0.00e+00	0.00e+00	0.00e+00	0.00e+00	8.70e-01	4.32e-08	2.57e-08
 1.92591e+23	8.75e-01	1.25e-01	8.06e-05	4.92e-07	0.00e+00	0.00e+00	0.00e+00	0.00e+00	0.00e+00	8.75e-01	4.28e-08	2.54e-08
 1.92894e+23	8.80e-01	1.20e-01	7.46e-05	4.66e-07	0.00e+00	0.00e+00	0.00e+00	0.00e+00	0.00e+00	8.80e-01	4.25e-08	2.50e-08
 1.93208e+23	8.85e-01	1.15e-01	6.93e-05	4.41e-07	0.00e+00	0.00e+00	0.00e+00	0.00e+00	0.00e+00	8.85e-01	4.21e-08	2.47e-08
 1.93533e+23	8.89e-01	1.11e-01	6.46e-05	4.18e-07	0.00e+00	0.00e+00	0.00e+00	0.00e+00	0.00e+00	8.89e-01	4.18e-08	2.44e-08
 1.93872e+23	8.93e-01	1.07e-01	6.05e-05	3.97e-07	0.00e+00	0.00e+00	0.00e+00	0.00e+00	0.00e+00	8.93e-01	4.15e-08	2.41e-08
 1.94228e+23	8.97e-01	1.03e-01	5.68e-05	3.77e-07	0.00e+00	0.00e+00	0.00e+00	0.00e+00	0.00e+00	8.97e-01	4.13e-08	2.39e-08
 1.94599e+23	9.00e-01	9.95e-02	5.36e-05	3.58e-07	0.00e+00	0.00e+00	0.00e+00	0.00e+00	0.00e+00	9.00e-01	4.11e-08	2.36e-08
 1.94986e+23	9.04e-01	9.60e-02	5.07e-05	3.39e-07	0.00e+00	0.00e+00	0.00e+00	0.00e+00	0.00e+00	9.04e-01	4.09e-08	2.34e-08
 1.95397e+23	9.07e-01	9.25e-02	4.81e-05	3.22e-07	0.00e+00	0.00e+00	0.00e+00	0.00e+00	0.00e+00	9.07e-01	4.07e-08	2.31e-08
 1.95830e+23	9.11e-01	8.92e-02	4.58e-05	3.05e-07	0.00e+00	0.00e+00	0.00e+00	0.00e+00	0.00e+00	9.11e-01	4.05e-08	2.29e-08
 1.96284e+23	9.14e-01	8.59e-02	4.37e-05	2.89e-07	0.00e+00	0.00e+00	0.00e+00	0.00e+00	0.00e+00	9.14e-01	4.04e-08	2.27e-08
 1.96736e+23	9.17e-01	8.30e-02	4.20e-05	2.74e-07	0.00e+00	0.00e+00	0.00e+00	0.00e+00	0.00e+00	9.17e-01	4.03e-08	2.25e-08
 1.97170e+23	9.20e-01	8.04e-02	4.06e-05	2.62e-07	0.00e+00	0.00e+00	0.00e+00	0.00e+00	0.00e+00	9.20e-01	4.02e-08	2.23e-08
 1.97593e+23	9.22e-01	7.80e-02	3.94e-05	2.51e-07	0.00e+00	0.00e+00	0.00e+00	0.00e+00	0.00e+00	9.22e-01	4.02e-08	2.22e-08
 1.98005e+23	9.24e-01	7.58e-02	3.83e-05	2.40e-07	0.00e+00	0.00e+00	0.00e+00	0.00e+00	0.00e+00	9.24e-01	4.02e-08	2.21e-08
 1.98407e+23	9.26e-01	7.37e-02	3.74e-05	2.30e-07	0.00e+00	0.00e+00	0.00e+00	0.00e+00	0.00e+00	9.26e-01	4.02e-08	2.19e-08
 1.98796e+23	9.28e-01	7.18e-02	3.66e-05	2.21e-07	0.00e+00	0.00e+00	0.00e+00	0.00e+00	0.00e+00	9.28e-01	4.01e-08	2.18e-08
 1.99168e+23	9.30e-01	6.99e-02	3.59e-05	2.13e-07	0.00e+00	0.00e+00	0.00e+00	0.00e+00	0.00e+00	9.30e-01	4.00e-08	2.17e-08
 1.99514e+23	9.32e-01	6.83e-02	3.53e-05	2.06e-07	0.00e+00	0.00e+00	0.00e+00	0.00e+00	0.00e+00	9.32e-01	4.00e-08	2.16e-08
 1.99851e+23	9.33e-01	6.67e-02	3.48e-05	1.99e-07	0.00e+00	0.00e+00	0.00e+00	0.00e+00	0.00e+00	9.33e-01	4.00e-08	2.15e-08
 2.00188e+23	9.35e-01	6.51e-02	3.42e-05	1.92e-07	0.00e+00	0.00e+00	0.00e+00	0.00e+00	0.00e+00	9.35e-01	3.99e-08	2.14e-08
 2.00514e+23	9.36e-01	6.36e-02	3.38e-05	1.86e-07	0.00e+00	0.00e+00	0.00e+00	0.00e+00	0.00e+00	9.36e-01	3.99e-08	2.13e-08
 2.00829e+23	9.38e-01	6.22e-02	3.33e-05	1.80e-07	0.00e+00	0.00e+00	0.00e+00	0.00e+00	0.00e+00	9.38e-01	3.99e-08	2.12e-08
 2.01133e+23	9.39e-01	6.08e-02	3.30e-05	1.74e-07	0.00e+00	0.00e+00	0.00e+00	0.00e+00	0.00e+00	9.39e-01	3.98e-08	2.11e-08
 2.01426e+23	9.40e-01	5.95e-02	3.26e-05	1.69e-07	0.00e+00	0.00e+00	0.00e+00	0.00e+00	0.00e+00	9.40e-01	3.98e-08	2.10e-08
 2.01710e+23	9.42e-01	5.82e-02	3.23e-05	1.64e-07	0.00e+00	0.00e+00	0.00e+00	0.00e+00	0.00e+00	9.42e-01	3.98e-08	2.09e-08
 2.01984e+23	9.43e-01	5.70e-02	3.20e-05	1.60e-07	0.00e+00	0.00e+00	0.00e+00	0.00e+00	0.00e+00	9.43e-01	3.97e-08	2.08e-08
 2.02249e+23	9.44e-01	5.58e-02	3.17e-05	1.55e-07	0.00e+00	0.00e+00	0.00e+00	0.00e+00	0.00e+00	9.44e-01	3.97e-08	2.08e-08
 2.02503e+23	9.45e-01	5.47e-02	3.15e-05	1.51e-07	0.00e+00	0.00e+00	0.00e+00	0.00e+00	0.00e+00	9.45e-01	3.97e-08	2.07e-08
 2.02750e+23	9.46e-01	5.36e-02	3.12e-05	1.47e-07	0.00e+00	0.00e+00	0.00e+00	0.00e+00	0.00e+00	9.46e-01	3.96e-08	2.06e-08
 2.02983e+23	9.47e-01	5.26e-02	3.10e-05	1.43e-07	0.00e+00	0.00e+00	0.00e+00	0.00e+00	0.00e+00	9.47e-01	3.96e-08	2.05e-08
 2.03212e+23	9.48e-01	5.15e-02	3.08e-05	1.40e-07	0.00e+00	0.00e+00	0.00e+00	0.00e+00	0.00e+00	9.48e-01	3.96e-08	2.05e-08
 2.03434e+23	9.49e-01	5.05e-02	3.06e-05	1.36e-07	0.00e+00	0.00e+00	0.00e+00	0.00e+00	0.00e+00	9.49e-01	3.95e-08	2.04e-08
 2.03638e+23	9.50e-01	4.96e-02	3.04e-05	1.33e-07	0.00e+00	0.00e+00	0.00e+00	0.00e+00	0.00e+00	9.50e-01	3.95e-08	2.03e-08
 2.03823e+23	9.51e-01	4.88e-02	3.03e-05	1.30e-07	0.00e+00	0.00e+00	0.00e+00	0.00e+00	0.00e+00	9.51e-01	3.94e-08	2.02e-08
 2.03991e+23	9.52e-01	4.81e-02	3.01e-05	1.28e-07	0.00e+00	0.00e+00	0.00e+00	0.00e+00	0.00e+00	9.52e-01	3.94e-08	2.02e-08
 2.04144e+23	9.52e-01	4.75e-02	3.00e-05	1.26e-07	0.00e+00	0.00e+00	0.00e+00	0.00e+00	0.00e+00	9.52e-01	3.93e-08	2.01e-08
 2.04283e+23	9.53e-01	4.69e-02	2.99e-05	1.24e-07	0.00e+00	0.00e+00	0.00e+00	0.00e+00	0.00e+00	9.53e-01	3.93e-08	2.00e-08
 2.04410e+23	9.54e-01	4.64e-02	2.98e-05	0.00e+00	0.00e+00	0.00e+00	0.00e+00	0.00e+00	0.00e+00	9.54e-01	3.92e-08	2.00e-08
 2.04526e+23	9.54e-01	4.59e-02	2.97e-05	0.00e+00	0.00e+00	0.00e+00	0.00e+00	0.00e+00	0.00e+00	9.54e-01	3.92e-08	1.99e-08
 2.04652e+23	9.55e-01	4.53e-02	2.96e-05	0.00e+00	0.00e+00	0.00e+00	0.00e+00	0.00e+00	0.00e+00	9.55e-01	3.90e-08	1.99e-08
 2.04789e+23	9.55e-01	4.46e-02	2.94e-05	0.00e+00	0.00e+00	0.00e+00	0.00e+00	0.00e+00	0.00e+00	9.55e-01	3.88e-08	1.98e-08
 2.04913e+23	9.56e-01	4.40e-02	2.93e-05	0.00e+00	0.00e+00	0.00e+00	0.00e+00	0.00e+00	0.00e+00	9.56e-01	3.87e-08	1.98e-08
 2.05049e+23	9.57e-01	4.34e-02	2.92e-05	0.00e+00	0.00e+00	0.00e+00	0.00e+00	0.00e+00	0.00e+00	9.57e-01	3.85e-08	1.97e-08
 2.05196e+23	9.57e-01	4.26e-02	2.90e-05	0.00e+00	0.00e+00	0.00e+00	0.00e+00	0.00e+00	0.00e+00	9.57e-01	3.84e-08	1.96e-08
 2.05330e+23	9.58e-01	4.21e-02	2.89e-05	0.00e+00	0.00e+00	0.00e+00	0.00e+00	0.00e+00	0.00e+00	9.58e-01	3.82e-08	1.96e-08
 2.05452e+23	9.58e-01	4.16e-02	2.87e-05	0.00e+00	0.00e+00	0.00e+00	0.00e+00	0.00e+00	0.00e+00	9.58e-01	3.81e-08	1.95e-08
 2.05585e+23	9.59e-01	4.10e-02	2.86e-05	0.00e+00	0.00e+00	0.00e+00	0.00e+00	0.00e+00	0.00e+00	9.59e-01	3.80e-08	1.95e-08
 2.05729e+23	9.60e-01	4.03e-02	2.84e-05	0.00e+00	0.00e+00	0.00e+00	0.00e+00	0.00e+00	0.00e+00	9.60e-01	3.78e-08	1.94e-08
 2.05860e+23	9.60e-01	3.98e-02	2.82e-05	0.00e+00	0.00e+00	0.00e+00	0.00e+00	0.00e+00	0.00e+00	9.60e-01	3.77e-08	1.94e-08
 2.06004e+23	9.61e-01	3.92e-02	2.80e-05	0.00e+00	0.00e+00	0.00e+00	0.00e+00	0.00e+00	0.00e+00	9.61e-01	3.77e-08	1.93e-08
 2.06159e+23	9.61e-01	3.86e-02	2.78e-05	0.00e+00	0.00e+00	0.00e+00	0.00e+00	0.00e+00	0.00e+00	9.61e-01	3.76e-08	1.93e-08
 2.06300e+23	9.62e-01	3.80e-02	2.76e-05	0.00e+00	0.00e+00	0.00e+00	0.00e+00	0.00e+00	0.00e+00	9.62e-01	3.74e-08	1.92e-08
 2.06428e+23	9.62e-01	3.77e-02	2.75e-05	0.00e+00	0.00e+00	0.00e+00	0.00e+00	0.00e+00	0.00e+00	9.62e-01	3.75e-08	1.92e-08
 2.06569e+23	9.63e-01	3.71e-02	2.73e-05	0.00e+00	0.00e+00	0.00e+00	0.00e+00	0.00e+00	0.00e+00	9.63e-01	3.74e-08	1.92e-08
 2.06721e+23	9.63e-01	3.65e-02	2.70e-05	0.00e+00	0.00e+00	0.00e+00	0.00e+00	0.00e+00	0.00e+00	9.63e-01	3.73e-08	1.92e-08
 2.06859e+23	9.64e-01	3.61e-02	2.68e-05	0.00e+00	0.00e+00	0.00e+00	0.00e+00	0.00e+00	0.00e+00	9.64e-01	3.72e-08	1.91e-08
 2.07010e+23	9.64e-01	3.55e-02	2.66e-05	0.00e+00	0.00e+00	0.00e+00	0.00e+00	0.00e+00	0.00e+00	9.64e-01	3.72e-08	1.91e-08
 2.07174e+23	9.65e-01	3.49e-02	2.64e-05	0.00e+00	0.00e+00	0.00e+00	0.00e+00	0.00e+00	0.00e+00	9.65e-01	3.71e-08	1.90e-08
 2.07323e+23	9.66e-01	3.44e-02	2.62e-05	0.00e+00	0.00e+00	0.00e+00	0.00e+00	0.00e+00	0.00e+00	9.66e-01	3.71e-08	1.90e-08
 2.07486e+23	9.66e-01	3.38e-02	2.59e-05	0.00e+00	0.00e+00	0.00e+00	0.00e+00	0.00e+00	0.00e+00	9.66e-01	3.70e-08	1.90e-08
 2.07662e+23	9.67e-01	3.32e-02	2.56e-05	0.00e+00	0.00e+00	0.00e+00	0.00e+00	0.00e+00	0.00e+00	9.67e-01	3.69e-08	1.89e-08
 2.07822e+23	9.67e-01	3.27e-02	2.53e-05	0.00e+00	0.00e+00	0.00e+00	0.00e+00	0.00e+00	0.00e+00	9.67e-01	3.69e-08	1.89e-08
 2.07968e+23	9.68e-01	3.22e-02	2.51e-05	0.00e+00	0.00e+00	0.00e+00	0.00e+00	0.00e+00	0.00e+00	9.68e-01	3.68e-08	1.88e-08
 2.08100e+23	9.68e-01	3.18e-02	2.49e-05	0.00e+00	0.00e+00	0.00e+00	0.00e+00	0.00e+00	0.00e+00	9.68e-01	3.67e-08	1.88e-08
 2.08221e+23	9.69e-01	3.14e-02	2.47e-05	0.00e+00	0.00e+00	0.00e+00	0.00e+00	0.00e+00	0.00e+00	9.69e-01	3.67e-08	1.87e-08
 2.08353e+23	9.69e-01	3.10e-02	2.44e-05	0.00e+00	0.00e+00	0.00e+00	0.00e+00	0.00e+00	0.00e+00	9.69e-01	3.66e-08	1.87e-08
 2.08496e+23	9.70e-01	3.04e-02	2.42e-05	0.00e+00	0.00e+00	0.00e+00	0.00e+00	0.00e+00	0.00e+00	9.70e-01	3.65e-08	1.86e-08
 2.08626e+23	9.70e-01	3.00e-02	2.39e-05	0.00e+00	0.00e+00	0.00e+00	0.00e+00	0.00e+00	0.00e+00	9.70e-01	3.64e-08	1.86e-08
 2.08768e+23	9.70e-01	2.96e-02	2.37e-05	0.00e+00	0.00e+00	0.00e+00	0.00e+00	0.00e+00	0.00e+00	9.70e-01	3.64e-08	1.85e-08
 2.08922e+23	9.71e-01	2.90e-02	2.34e-05	0.00e+00	0.00e+00	0.00e+00	0.00e+00	0.00e+00	0.00e+00	9.71e-01	3.63e-08	1.85e-08
 2.09062e+23	9.71e-01	2.86e-02	2.32e-05	0.00e+00	0.00e+00	0.00e+00	0.00e+00	0.00e+00	0.00e+00	9.71e-01	3.62e-08	1.84e-08
 2.09189e+23	9.72e-01	2.83e-02	2.30e-05	0.00e+00	0.00e+00	0.00e+00	0.00e+00	0.00e+00	0.00e+00	9.72e-01	3.62e-08	1.83e-08
 2.09305e+23	9.72e-01	2.80e-02	2.29e-05	0.00e+00	0.00e+00	0.00e+00	0.00e+00	0.00e+00	0.00e+00	9.72e-01	3.61e-08	1.83e-08
 2.09432e+23	9.72e-01	2.76e-02	2.26e-05	0.00e+00	0.00e+00	0.00e+00	0.00e+00	0.00e+00	0.00e+00	9.72e-01	3.61e-08	1.83e-08
 2.09569e+23	9.73e-01	2.71e-02	2.24e-05	0.00e+00	0.00e+00	0.00e+00	0.00e+00	0.00e+00	0.00e+00	9.73e-01	3.60e-08	1.82e-08
 2.09694e+23	9.73e-01	2.67e-02	2.22e-05	0.00e+00	0.00e+00	0.00e+00	0.00e+00	0.00e+00	0.00e+00	9.73e-01	3.59e-08	1.81e-08
 2.09807e+23	9.73e-01	2.65e-02	2.21e-05	0.00e+00	0.00e+00	0.00e+00	0.00e+00	0.00e+00	0.00e+00	9.73e-01	3.59e-08	1.81e-08
 2.09932e+23	9.74e-01	2.62e-02	2.19e-05	0.00e+00	0.00e+00	0.00e+00	0.00e+00	0.00e+00	0.00e+00	9.74e-01	3.59e-08	1.81e-08
 2.10066e+23	9.74e-01	2.57e-02	2.17e-05	0.00e+00	0.00e+00	0.00e+00	0.00e+00	0.00e+00	0.00e+00	9.74e-01	3.58e-08	1.80e-08
 2.10213e+23	9.75e-01	2.53e-02	2.15e-05	0.00e+00	0.00e+00	0.00e+00	0.00e+00	0.00e+00	0.00e+00	9.75e-01	3.57e-08	1.79e-08
 2.10372e+23	9.75e-01	2.49e-02	2.13e-05	0.00e+00	0.00e+00	0.00e+00	0.00e+00	0.00e+00	0.00e+00	9.75e-01	3.54e-08	1.78e-08
 2.10516e+23	9.75e-01	2.45e-02	2.11e-05	0.00e+00	0.00e+00	0.00e+00	0.00e+00	0.00e+00	0.00e+00	9.75e-01	3.51e-08	1.76e-08
 2.10648e+23	9.76e-01	2.43e-02	2.09e-05	0.00e+00	0.00e+00	0.00e+00	0.00e+00	0.00e+00	0.00e+00	9.76e-01	3.50e-08	1.76e-08
 2.10792e+23	9.76e-01	2.39e-02	2.07e-05	0.00e+00	0.00e+00	0.00e+00	0.00e+00	0.00e+00	0.00e+00	9.76e-01	3.47e-08	1.74e-08
 2.10947e+23	9.76e-01	2.35e-02	2.05e-05	0.00e+00	0.00e+00	0.00e+00	0.00e+00	0.00e+00	0.00e+00	9.76e-01	3.44e-08	1.73e-08
 2.11089e+23	9.77e-01	2.33e-02	2.04e-05	0.00e+00	0.00e+00	0.00e+00	0.00e+00	0.00e+00	0.00e+00	9.77e-01	3.43e-08	1.72e-08
 2.11244e+23	9.77e-01	2.29e-02	2.02e-05	0.00e+00	0.00e+00	0.00e+00	0.00e+00	0.00e+00	0.00e+00	9.77e-01	3.40e-08	1.70e-08
 2.11412e+23	9.78e-01	2.25e-02	2.00e-05	0.00e+00	0.00e+00	0.00e+00	0.00e+00	0.00e+00	0.00e+00	9.78e-01	3.37e-08	1.68e-08
 2.11564e+23	9.78e-01	2.21e-02	1.98e-05	0.00e+00	0.00e+00	0.00e+00	0.00e+00	0.00e+00	0.00e+00	9.78e-01	3.34e-08	1.66e-08
 2.11703e+23	9.78e-01	2.19e-02	1.97e-05	0.00e+00	0.00e+00	0.00e+00	0.00e+00	0.00e+00	0.00e+00	9.78e-01	3.33e-08	1.65e-08
 2.11855e+23	9.78e-01	2.16e-02	1.95e-05	0.00e+00	0.00e+00	0.00e+00	0.00e+00	0.00e+00	0.00e+00	9.78e-01	3.31e-08	1.64e-08
 2.12019e+23	9.79e-01	2.12e-02	1.93e-05	0.00e+00	0.00e+00	0.00e+00	0.00e+00	0.00e+00	0.00e+00	9.79e-01	3.28e-08	1.62e-08
 2.12168e+23	9.79e-01	2.10e-02	1.91e-05	0.00e+00	0.00e+00	0.00e+00	0.00e+00	0.00e+00	0.00e+00	9.79e-01	3.27e-08	1.61e-08
 2.12332e+23	9.79e-01	2.06e-02	1.89e-05	0.00e+00	0.00e+00	0.00e+00	0.00e+00	0.00e+00	0.00e+00	9.79e-01	3.23e-08	1.59e-08
 2.12508e+23	9.80e-01	2.02e-02	1.87e-05	0.00e+00	0.00e+00	0.00e+00	0.00e+00	0.00e+00	0.00e+00	9.80e-01	3.21e-08	1.57e-08
 2.12669e+23	9.80e-01	1.99e-02	1.86e-05	0.00e+00	0.00e+00	0.00e+00	0.00e+00	0.00e+00	0.00e+00	9.80e-01	3.18e-08	1.55e-08
 2.12815e+23	9.80e-01	1.97e-02	1.84e-05	0.00e+00	0.00e+00	0.00e+00	0.00e+00	0.00e+00	0.00e+00	9.80e-01	3.17e-08	1.54e-08
 2.12976e+23	9.81e-01	1.94e-02	1.83e-05	0.00e+00	0.00e+00	0.00e+00	0.00e+00	0.00e+00	0.00e+00	9.81e-01	3.15e-08	1.53e-08
 2.13149e+23	9.81e-01	1.90e-02	1.81e-05	0.00e+00	0.00e+00	0.00e+00	0.00e+00	0.00e+00	0.00e+00	9.81e-01	3.12e-08	1.51e-08
 2.13306e+23	9.81e-01	1.88e-02	1.80e-05	0.00e+00	0.00e+00	0.00e+00	0.00e+00	0.00e+00	0.00e+00	9.81e-01	3.10e-08	1.50e-08
 2.13479e+23	9.82e-01	1.85e-02	1.78e-05	0.00e+00	0.00e+00	0.00e+00	0.00e+00	0.00e+00	0.00e+00	9.82e-01	3.07e-08	1.47e-08
 2.13665e+23	9.82e-01	1.81e-02	1.76e-05	0.00e+00	0.00e+00	0.00e+00	0.00e+00	0.00e+00	0.00e+00	9.82e-01	3.04e-08	1.46e-08
 2.13834e+23	9.82e-01	1.79e-02	1.74e-05	0.00e+00	0.00e+00	0.00e+00	0.00e+00	0.00e+00	0.00e+00	9.82e-01	3.02e-08	1.44e-08
 2.14020e+23	9.82e-01	1.75e-02	1.72e-05	0.00e+00	0.00e+00	0.00e+00	0.00e+00	0.00e+00	0.00e+00	9.82e-01	2.98e-08	1.42e-08
 2.14221e+23	9.83e-01	1.72e-02	1.71e-05	0.00e+00	0.00e+00	0.00e+00	0.00e+00	0.00e+00	0.00e+00	9.83e-01	2.95e-08	1.40e-08
 2.14403e+23	9.83e-01	1.69e-02	1.69e-05	0.00e+00	0.00e+00	0.00e+00	0.00e+00	0.00e+00	0.00e+00	9.83e-01	2.94e-08	1.39e-08
 2.14603e+23	9.83e-01	1.66e-02	1.67e-05	0.00e+00	0.00e+00	0.00e+00	0.00e+00	0.00e+00	0.00e+00	9.83e-01	2.90e-08	1.36e-08
 2.14819e+23	9.84e-01	1.62e-02	1.65e-05	0.00e+00	0.00e+00	0.00e+00	0.00e+00	0.00e+00	0.00e+00	9.84e-01	2.86e-08	1.34e-08
 2.15015e+23	9.84e-01	1.60e-02	1.64e-05	0.00e+00	0.00e+00	0.00e+00	0.00e+00	0.00e+00	0.00e+00	9.84e-01	2.84e-08	1.33e-08
 2.15231e+23	9.84e-01	1.56e-02	1.62e-05	0.00e+00	0.00e+00	0.00e+00	0.00e+00	0.00e+00	0.00e+00	9.84e-01	2.80e-08	1.30e-08
 2.15463e+23	9.85e-01	1.53e-02	1.60e-05	0.00e+00	0.00e+00	0.00e+00	0.00e+00	0.00e+00	0.00e+00	9.85e-01	2.77e-08	1.28e-08
 2.15675e+23	9.85e-01	1.50e-02	1.58e-05	0.00e+00	0.00e+00	0.00e+00	0.00e+00	0.00e+00	0.00e+00	9.85e-01	2.74e-08	1.26e-08
 2.15867e+23	9.85e-01	1.47e-02	1.57e-05	0.00e+00	0.00e+00	0.00e+00	0.00e+00	0.00e+00	0.00e+00	9.85e-01	2.70e-08	1.24e-08
 2.16042e+23	9.85e-01	1.46e-02	1.56e-05	0.00e+00	0.00e+00	0.00e+00	0.00e+00	0.00e+00	0.00e+00	9.85e-01	2.69e-08	1.23e-08
 2.16234e+23	9.86e-01	1.43e-02	1.54e-05	0.00e+00	0.00e+00	0.00e+00	0.00e+00	0.00e+00	0.00e+00	9.86e-01	2.66e-08	1.21e-08
 2.16441e+23	9.86e-01	1.40e-02	1.52e-05	0.00e+00	0.00e+00	0.00e+00	0.00e+00	0.00e+00	0.00e+00	9.86e-01	2.63e-08	1.19e-08
 2.16630e+23	9.86e-01	1.38e-02	1.51e-05	0.00e+00	0.00e+00	0.00e+00	0.00e+00	0.00e+00	0.00e+00	9.86e-01	2.62e-08	1.18e-08
 2.16836e+23	9.86e-01	1.36e-02	1.49e-05	0.00e+00	0.00e+00	0.00e+00	0.00e+00	0.00e+00	0.00e+00	9.86e-01	2.59e-08	1.16e-08
 2.17059e+23	9.87e-01	1.33e-02	1.48e-05	0.00e+00	0.00e+00	0.00e+00	0.00e+00	0.00e+00	0.00e+00	9.87e-01	2.56e-08	1.14e-08
 2.17262e+23	9.87e-01	1.31e-02	1.47e-05	0.00e+00	0.00e+00	0.00e+00	0.00e+00	0.00e+00	0.00e+00	9.87e-01	2.55e-08	1.14e-08
 2.17485e+23	9.87e-01	1.28e-02	1.45e-05	0.00e+00	0.00e+00	0.00e+00	0.00e+00	0.00e+00	0.00e+00	9.87e-01	2.52e-08	1.12e-08
 2.17725e+23	9.87e-01	1.25e-02	1.43e-05	0.00e+00	0.00e+00	0.00e+00	0.00e+00	0.00e+00	0.00e+00	9.87e-01	2.48e-08	1.09e-08
 2.17943e+23	9.88e-01	1.23e-02	1.42e-05	0.00e+00	0.00e+00	0.00e+00	0.00e+00	0.00e+00	0.00e+00	9.88e-01	2.47e-08	1.08e-08
 2.18183e+23	9.88e-01	1.20e-02	1.40e-05	0.00e+00	0.00e+00	0.00e+00	0.00e+00	0.00e+00	0.00e+00	9.88e-01	2.44e-08	1.06e-08
 2.18441e+23	9.88e-01	1.17e-02	1.38e-05	0.00e+00	0.00e+00	0.00e+00	0.00e+00	0.00e+00	0.00e+00	9.88e-01	2.41e-08	1.03e-08
 2.18677e+23	9.88e-01	1.16e-02	1.37e-05	0.00e+00	0.00e+00	0.00e+00	0.00e+00	0.00e+00	0.00e+00	9.88e-01	2.40e-08	1.02e-08
 2.18934e+23	9.89e-01	1.13e-02	1.35e-05	0.00e+00	0.00e+00	0.00e+00	0.00e+00	0.00e+00	0.00e+00	9.89e-01	2.36e-08	1.00e-08
 2.19213e+23	9.89e-01	1.10e-02	1.34e-05	0.00e+00	0.00e+00	0.00e+00	0.00e+00	0.00e+00	0.00e+00	9.89e-01	2.32e-08	9.78e-09
 2.19466e+23	9.89e-01	1.08e-02	1.32e-05	0.00e+00	0.00e+00	0.00e+00	0.00e+00	0.00e+00	0.00e+00	9.89e-01	2.31e-08	9.66e-09
 2.19743e+23	9.89e-01	1.05e-02	1.30e-05	0.00e+00	0.00e+00	0.00e+00	0.00e+00	0.00e+00	0.00e+00	9.89e-01	2.27e-08	9.45e-09
 2.20043e+23	9.90e-01	1.02e-02	1.29e-05	0.00e+00	0.00e+00	0.00e+00	0.00e+00	0.00e+00	0.00e+00	9.90e-01	2.24e-08	9.22e-09
 2.20315e+23	9.90e-01	1.01e-02	1.27e-05	0.00e+00	0.00e+00	0.00e+00	0.00e+00	0.00e+00	0.00e+00	9.90e-01	2.22e-08	9.10e-09
 2.20614e+23	9.90e-01	9.78e-03	1.25e-05	0.00e+00	0.00e+00	0.00e+00	0.00e+00	0.00e+00	0.00e+00	9.90e-01	2.19e-08	8.89e-09
 2.20937e+23	9.90e-01	9.54e-03	1.24e-05	0.00e+00	0.00e+00	0.00e+00	0.00e+00	0.00e+00	0.00e+00	9.90e-01	2.16e-08	8.71e-09
 2.21230e+23	9.91e-01	9.32e-03	1.22e-05	0.00e+00	0.00e+00	0.00e+00	0.00e+00	0.00e+00	0.00e+00	9.91e-01	2.14e-08	8.54e-09
 2.21497e+23	9.91e-01	9.14e-03	1.21e-05	0.00e+00	0.00e+00	0.00e+00	0.00e+00	0.00e+00	0.00e+00	9.91e-01	2.12e-08	8.41e-09
 2.21790e+23	9.91e-01	8.90e-03	1.19e-05	0.00e+00	0.00e+00	0.00e+00	0.00e+00	0.00e+00	0.00e+00	9.91e-01	2.08e-08	8.21e-09
 2.22106e+23	9.91e-01	8.65e-03	1.17e-05	0.00e+00	0.00e+00	0.00e+00	0.00e+00	0.00e+00	0.00e+00	9.91e-01	2.05e-08	8.00e-09
 2.22393e+23	9.91e-01	8.49e-03	1.16e-05	0.00e+00	0.00e+00	0.00e+00	0.00e+00	0.00e+00	0.00e+00	9.91e-01	2.04e-08	7.89e-09
 2.22708e+23	9.92e-01	8.25e-03	1.14e-05	0.00e+00	0.00e+00	0.00e+00	0.00e+00	0.00e+00	0.00e+00	9.92e-01	2.01e-08	7.70e-09
 2.23048e+23	9.92e-01	8.02e-03	1.13e-05	0.00e+00	0.00e+00	0.00e+00	0.00e+00	0.00e+00	0.00e+00	9.92e-01	1.97e-08	7.50e-09
 2.23358e+23	9.92e-01	7.85e-03	1.11e-05	0.00e+00	0.00e+00	0.00e+00	0.00e+00	0.00e+00	0.00e+00	9.92e-01	1.96e-08	7.39e-09
 2.23697e+23	9.92e-01	7.63e-03	1.10e-05	0.00e+00	0.00e+00	0.00e+00	0.00e+00	0.00e+00	0.00e+00	9.92e-01	1.93e-08	7.21e-09
 2.24063e+23	9.93e-01	7.42e-03	1.08e-05	0.00e+00	0.00e+00	0.00e+00	0.00e+00	0.00e+00	0.00e+00	9.93e-01	1.91e-08	7.04e-09
 2.24396e+23	9.93e-01	7.23e-03	1.07e-05	0.00e+00	0.00e+00	0.00e+00	0.00e+00	0.00e+00	0.00e+00	9.93e-01	1.89e-08	6.88e-09
 2.24699e+23	9.93e-01	7.07e-03	1.05e-05	0.00e+00	0.00e+00	0.00e+00	0.00e+00	0.00e+00	0.00e+00	9.93e-01	1.87e-08	6.75e-09
 2.25032e+23	9.93e-01	6.88e-03	1.04e-05	0.00e+00	0.00e+00	0.00e+00	0.00e+00	0.00e+00	0.00e+00	9.93e-01	1.84e-08	6.59e-09
 2.25390e+23	9.93e-01	6.69e-03	1.02e-05	0.00e+00	0.00e+00	0.00e+00	0.00e+00	0.00e+00	0.00e+00	9.93e-01	1.82e-08	6.44e-09
 2.25717e+23	9.93e-01	6.53e-03	1.01e-05	0.00e+00	0.00e+00	0.00e+00	0.00e+00	0.00e+00	0.00e+00	9.93e-01	1.80e-08	6.30e-09
 2.26074e+23	9.94e-01	6.34e-03	9.93e-06	0.00e+00	0.00e+00	0.00e+00	0.00e+00	0.00e+00	0.00e+00	9.94e-01	1.77e-08	6.12e-09
 2.26460e+23	9.94e-01	6.16e-03	9.78e-06	0.00e+00	0.00e+00	0.00e+00	0.00e+00	0.00e+00	0.00e+00	9.94e-01	1.75e-08	5.97e-09
 2.26812e+23	9.94e-01	6.01e-03	9.65e-06	0.00e+00	0.00e+00	0.00e+00	0.00e+00	0.00e+00	0.00e+00	9.94e-01	1.73e-08	5.83e-09
 2.27197e+23	9.94e-01	5.82e-03	9.48e-06	0.00e+00	0.00e+00	0.00e+00	0.00e+00	0.00e+00	0.00e+00	9.94e-01	1.70e-08	5.66e-09
 2.27612e+23	9.94e-01	5.65e-03	9.33e-06	0.00e+00	0.00e+00	0.00e+00	0.00e+00	0.00e+00	0.00e+00	9.94e-01	1.68e-08	5.51e-09
 2.27991e+23	9.94e-01	5.49e-03	9.20e-06	0.00e+00	0.00e+00	0.00e+00	0.00e+00	0.00e+00	0.00e+00	9.94e-01	1.66e-08	5.36e-09
 2.28335e+23	9.95e-01	5.36e-03	9.08e-06	0.00e+00	0.00e+00	0.00e+00	0.00e+00	0.00e+00	0.00e+00	9.95e-01	1.64e-08	5.24e-09
 2.28712e+23	9.95e-01	5.21e-03	8.93e-06	0.00e+00	0.00e+00	0.00e+00	0.00e+00	0.00e+00	0.00e+00	9.95e-01	1.62e-08	5.10e-09
 2.29119e+23	9.95e-01	5.05e-03	8.79e-06	0.00e+00	0.00e+00	0.00e+00	0.00e+00	0.00e+00	0.00e+00	9.95e-01	1.60e-08	4.96e-09
 2.29490e+23	9.95e-01	4.91e-03	8.66e-06	0.00e+00	0.00e+00	0.00e+00	0.00e+00	0.00e+00	0.00e+00	9.95e-01	1.58e-08	4.82e-09
 2.29896e+23	9.95e-01	4.66e-03	8.51e-06	0.00e+00	0.00e+00	0.00e+00	0.00e+00	0.00e+00	0.00e+00	9.95e-01	1.55e-08	4.67e-09
 2.30424e+23	9.96e-01	4.25e-03	8.30e-06	0.00e+00	0.00e+00	0.00e+00	0.00e+00	0.00e+00	0.00e+00	9.96e-01	1.51e-08	4.44e-09
 2.30996e+23	9.96e-01	4.03e-03	8.13e-06	0.00e+00	0.00e+00	0.00e+00	0.00e+00	0.00e+00	0.00e+00	9.96e-01	1.49e-08	4.26e-09
 2.31573e+23	9.96e-01	3.80e-03	7.93e-06	0.00e+00	0.00e+00	0.00e+00	0.00e+00	0.00e+00	0.00e+00	9.96e-01	1.45e-08	4.05e-09
 2.32175e+23	9.96e-01	3.58e-03	7.75e-06	0.00e+00	0.00e+00	0.00e+00	0.00e+00	0.00e+00	0.00e+00	9.96e-01	1.42e-08	3.86e-09
 2.32775e+23	9.97e-01	3.37e-03	7.57e-06	0.00e+00	0.00e+00	0.00e+00	0.00e+00	0.00e+00	0.00e+00	9.97e-01	1.39e-08	3.67e-09
 2.33382e+23	9.97e-01	3.16e-03	7.39e-06	0.00e+00	0.00e+00	0.00e+00	0.00e+00	0.00e+00	0.00e+00	9.97e-01	1.36e-08	3.49e-09
 2.33996e+23	9.97e-01	2.97e-03	7.21e-06	0.00e+00	0.00e+00	0.00e+00	0.00e+00	0.00e+00	0.00e+00	9.97e-01	1.33e-08	3.31e-09
 2.34615e+23	9.97e-01	2.78e-03	7.04e-06	0.00e+00	0.00e+00	0.00e+00	0.00e+00	0.00e+00	0.00e+00	9.97e-01	1.30e-08	3.14e-09
 2.35239e+23	9.97e-01	2.60e-03	6.87e-06	0.00e+00	0.00e+00	0.00e+00	0.00e+00	0.00e+00	0.00e+00	9.97e-01	1.27e-08	2.97e-09
 2.35869e+23	9.98e-01	2.43e-03	6.70e-06	0.00e+00	0.00e+00	0.00e+00	0.00e+00	0.00e+00	0.00e+00	9.98e-01	1.24e-08	2.81e-09
 2.36507e+23	9.98e-01	2.26e-03	6.54e-06	0.00e+00	0.00e+00	0.00e+00	0.00e+00	0.00e+00	0.00e+00	9.98e-01	1.21e-08	2.66e-09
 2.37150e+23	9.98e-01	2.10e-03	6.37e-06	0.00e+00	0.00e+00	0.00e+00	0.00e+00	0.00e+00	0.00e+00	9.98e-01	1.18e-08	2.51e-09
 2.37798e+23	9.98e-01	1.95e-03	6.21e-06	0.00e+00	0.00e+00	0.00e+00	0.00e+00	0.00e+00	0.00e+00	9.98e-01	1.14e-08	2.37e-09
 2.38452e+23	9.98e-01	1.81e-03	6.06e-06	0.00e+00	0.00e+00	0.00e+00	0.00e+00	0.00e+00	0.00e+00	9.98e-01	1.11e-08	2.23e-09
 2.39112e+23	9.98e-01	1.68e-03	5.90e-06	0.00e+00	0.00e+00	0.00e+00	0.00e+00	0.00e+00	0.00e+00	9.98e-01	1.08e-08	2.09e-09
 2.39775e+23	9.98e-01	1.55e-03	5.75e-06	0.00e+00	0.00e+00	0.00e+00	0.00e+00	0.00e+00	0.00e+00	9.98e-01	1.05e-08	1.96e-09
 2.40443e+23	9.99e-01	1.43e-03	5.61e-06	0.00e+00	0.00e+00	0.00e+00	0.00e+00	0.00e+00	0.00e+00	9.99e-01	1.02e-08	1.83e-09
 2.41116e+23	9.99e-01	1.32e-03	5.46e-06	0.00e+00	0.00e+00	0.00e+00	0.00e+00	0.00e+00	0.00e+00	9.99e-01	9.84e-09	1.71e-09
 2.41795e+23	9.99e-01	1.21e-03	5.32e-06	0.00e+00	0.00e+00	0.00e+00	0.00e+00	0.00e+00	0.00e+00	9.99e-01	9.52e-09	1.60e-09
 2.42479e+23	9.99e-01	1.11e-03	5.18e-06	0.00e+00	0.00e+00	0.00e+00	0.00e+00	0.00e+00	0.00e+00	9.99e-01	9.21e-09	1.48e-09
 2.43167e+23	9.99e-01	1.01e-03	5.04e-06	0.00e+00	0.00e+00	0.00e+00	0.00e+00	0.00e+00	0.00e+00	9.99e-01	8.89e-09	1.38e-09
 2.43861e+23	9.99e-01	9.25e-04	4.91e-06	0.00e+00	0.00e+00	0.00e+00	0.00e+00	0.00e+00	0.00e+00	9.99e-01	8.58e-09	1.27e-09
 2.44559e+23	9.99e-01	8.43e-04	4.78e-06	0.00e+00	0.00e+00	0.00e+00	0.00e+00	0.00e+00	0.00e+00	9.99e-01	8.26e-09	1.18e-09
 2.45263e+23	9.99e-01	7.68e-04	4.65e-06	0.00e+00	0.00e+00	0.00e+00	0.00e+00	0.00e+00	0.00e+00	9.99e-01	7.97e-09	1.09e-09
 2.45984e+23	9.99e-01	6.96e-04	4.52e-06	0.00e+00	0.00e+00	0.00e+00	0.00e+00	0.00e+00	0.00e+00	9.99e-01	7.65e-09	9.96e-10
 2.46720e+23	9.99e-01	6.30e-04	4.39e-06	0.00e+00	0.00e+00	0.00e+00	0.00e+00	0.00e+00	0.00e+00	9.99e-01	7.35e-09	9.13e-10
