#depth	N	N+	N+2	N+3	N+4	N+5	N+6	N+7
 1.54284e+22	2.93e-09	3.90e-05	1.40e-02	1.46e-01	2.33e-01	5.46e-01	6.01e-02	1.48e-03
 3.50173e+22	8.56e-09	9.70e-05	2.90e-02	2.17e-01	2.73e-01	4.46e-01	3.40e-02	5.83e-04
 4.12580e+22	1.47e-08	1.50e-04	4.04e-02	2.57e-01	2.86e-01	3.92e-01	2.49e-02	3.57e-04
 4.48241e+22	2.16e-08	2.05e-04	5.07e-02	2.86e-01	2.91e-01	3.52e-01	1.97e-02	2.48e-04
 4.69506e+22	2.55e-08	2.34e-04	5.58e-02	2.99e-01	2.92e-01	3.35e-01	1.77e-02	2.11e-04
 4.84239e+22	3.17e-08	2.77e-04	6.30e-02	3.15e-01	2.93e-01	3.13e-01	1.54e-02	1.71e-04
 4.99895e+22	3.83e-08	3.21e-04	6.98e-02	3.29e-01	2.92e-01	2.94e-01	1.35e-02	1.41e-04
 5.16749e+22	4.89e-08	3.87e-04	7.95e-02	3.47e-01	2.90e-01	2.71e-01	1.15e-02	1.10e-04
 5.33763e+22	5.96e-08	4.50e-04	8.80e-02	3.61e-01	2.88e-01	2.52e-01	9.97e-03	9.00e-05
 5.50985e+22	7.66e-08	5.43e-04	9.98e-02	3.79e-01	2.84e-01	2.29e-01	8.31e-03	6.90e-05
 5.68391e+22	9.34e-08	6.30e-04	1.10e-01	3.92e-01	2.79e-01	2.11e-01	7.17e-03	5.56e-05
 5.83441e+22	1.13e-07	7.26e-04	1.20e-01	4.03e-01	2.74e-01	1.95e-01	6.20e-03	4.51e-05
 6.00412e+22	1.44e-07	8.70e-04	1.35e-01	4.18e-01	2.66e-01	1.75e-01	5.10e-03	3.41e-05
 6.16632e+22	1.71e-07	9.84e-04	1.45e-01	4.27e-01	2.60e-01	1.62e-01	4.45e-03	2.81e-05
 6.31875e+22	2.13e-07	1.15e-03	1.60e-01	4.37e-01	2.52e-01	1.46e-01	3.72e-03	2.18e-05
 6.47204e+22	2.53e-07	1.30e-03	1.72e-01	4.44e-01	2.45e-01	1.35e-01	3.21e-03	1.77e-05
 6.62646e+22	3.14e-07	1.52e-03	1.88e-01	4.52e-01	2.35e-01	1.21e-01	2.66e-03	1.36e-05
 6.78433e+22	3.76e-07	1.72e-03	2.02e-01	4.58e-01	2.27e-01	1.10e-01	2.27e-03	1.09e-05
 6.92545e+22	4.48e-07	1.95e-03	2.16e-01	4.63e-01	2.18e-01	9.96e-02	1.93e-03	8.71e-06
 7.08767e+22	5.61e-07	2.28e-03	2.35e-01	4.67e-01	2.07e-01	8.78e-02	1.57e-03	6.52e-06
 7.25184e+22	6.73e-07	2.58e-03	2.51e-01	4.69e-01	1.98e-01	7.89e-02	1.31e-03	5.11e-06
 7.41857e+22	8.39e-07	3.00e-03	2.71e-01	4.70e-01	1.86e-01	6.91e-02	1.06e-03	3.79e-06
 7.58091e+22	9.97e-07	3.37e-03	2.87e-01	4.70e-01	1.77e-01	6.21e-02	8.88e-04	2.99e-06
 7.70899e+22	1.15e-06	3.72e-03	3.01e-01	4.69e-01	1.69e-01	5.65e-02	7.63e-04	2.43e-06
 7.84693e+22	1.38e-06	4.19e-03	3.19e-01	4.66e-01	1.60e-01	5.02e-02	6.32e-04	1.88e-06
 7.98889e+22	1.61e-06	4.64e-03	3.34e-01	4.64e-01	1.52e-01	4.53e-02	5.36e-04	1.50e-06
 8.11627e+22	1.86e-06	5.11e-03	3.50e-01	4.60e-01	1.44e-01	4.09e-02	4.56e-04	1.21e-06
 8.26207e+22	2.23e-06	5.77e-03	3.69e-01	4.55e-01	1.34e-01	3.59e-02	3.71e-04	9.13e-07
 8.40934e+22	2.60e-06	6.37e-03	3.85e-01	4.49e-01	1.27e-01	3.21e-02	3.11e-04	7.20e-07
 8.53843e+22	3.00e-06	7.00e-03	4.01e-01	4.43e-01	1.19e-01	2.88e-02	2.62e-04	5.72e-07
 8.68614e+22	3.59e-06	7.87e-03	4.21e-01	4.35e-01	1.11e-01	2.51e-02	2.11e-04	4.27e-07
 8.83640e+22	4.16e-06	8.67e-03	4.38e-01	4.28e-01	1.04e-01	2.23e-02	1.75e-04	3.33e-07
 8.96959e+22	4.81e-06	9.53e-03	4.54e-01	4.20e-01	9.70e-02	1.98e-02	1.46e-04	2.61e-07
 9.12233e+22	5.77e-06	1.07e-02	4.74e-01	4.09e-01	8.91e-02	1.71e-02	1.16e-04	1.92e-07
 9.27668e+22	6.70e-06	1.18e-02	4.91e-01	4.00e-01	8.28e-02	1.51e-02	9.55e-05	1.48e-07
 9.41259e+22	7.74e-06	1.29e-02	5.07e-01	3.90e-01	7.70e-02	1.33e-02	7.88e-05	0.00e+00
 9.56877e+22	9.28e-06	1.45e-02	5.27e-01	3.77e-01	7.02e-02	1.13e-02	6.18e-05	0.00e+00
 9.72769e+22	1.08e-05	1.60e-02	5.43e-01	3.66e-01	6.48e-02	9.92e-03	5.03e-05	0.00e+00
 9.89019e+22	1.30e-05	1.80e-02	5.63e-01	3.53e-01	5.85e-02	8.38e-03	3.88e-05	0.00e+00
 1.00547e+23	1.51e-05	1.97e-02	5.79e-01	3.41e-01	5.36e-02	7.27e-03	3.12e-05	0.00e+00
 1.02218e+23	1.82e-05	2.22e-02	5.98e-01	3.26e-01	4.81e-02	6.09e-03	2.38e-05	0.00e+00
 1.03922e+23	2.12e-05	2.44e-02	6.13e-01	3.13e-01	4.38e-02	5.24e-03	1.89e-05	0.00e+00
 1.05668e+23	2.57e-05	2.75e-02	6.32e-01	2.98e-01	3.89e-02	4.34e-03	1.42e-05	0.00e+00
 1.06912e+23	2.71e-05	2.83e-02	6.37e-01	2.93e-01	3.75e-02	4.10e-03	1.30e-05	0.00e+00
 1.07420e+23	2.84e-05	2.92e-02	6.41e-01	2.89e-01	3.64e-02	3.91e-03	1.21e-05	0.00e+00
 1.07997e+23	3.04e-05	3.04e-02	6.47e-01	2.84e-01	3.49e-02	3.65e-03	1.09e-05	0.00e+00
 1.08748e+23	3.27e-05	3.18e-02	6.54e-01	2.78e-01	3.32e-02	3.38e-03	9.72e-06	0.00e+00
 1.09724e+23	3.65e-05	3.40e-02	6.63e-01	2.69e-01	3.09e-02	3.02e-03	8.19e-06	0.00e+00
 1.10993e+23	4.21e-05	3.71e-02	6.75e-01	2.57e-01	2.81e-02	2.61e-03	6.55e-06	0.00e+00
 1.12284e+23	4.68e-05	3.96e-02	6.84e-01	2.48e-01	2.61e-02	2.33e-03	5.50e-06	0.00e+00
 1.13605e+23	5.36e-05	4.30e-02	6.94e-01	2.37e-01	2.38e-02	2.01e-03	4.40e-06	0.00e+00
 1.14966e+23	6.05e-05	4.62e-02	7.03e-01	2.27e-01	2.18e-02	1.76e-03	3.61e-06	0.00e+00
 1.16187e+23	6.76e-05	4.94e-02	7.11e-01	2.18e-01	2.01e-02	1.55e-03	2.99e-06	0.00e+00
 1.17582e+23	7.82e-05	5.39e-02	7.20e-01	2.06e-01	1.81e-02	1.32e-03	2.34e-06	0.00e+00
 1.18998e+23	8.77e-05	5.76e-02	7.27e-01	1.97e-01	1.66e-02	1.16e-03	1.91e-06	0.00e+00
 1.20444e+23	1.02e-04	6.30e-02	7.36e-01	1.86e-01	1.48e-02	9.75e-04	1.48e-06	0.00e+00
 1.21901e+23	1.14e-04	6.73e-02	7.41e-01	1.77e-01	1.35e-02	8.51e-04	1.20e-06	0.00e+00
 1.23375e+23	1.32e-04	7.34e-02	7.48e-01	1.66e-01	1.20e-02	7.16e-04	9.28e-07	0.00e+00
 1.24895e+23	1.49e-04	7.88e-02	7.53e-01	1.57e-01	1.09e-02	6.15e-04	7.38e-07	0.00e+00
 1.26476e+23	1.75e-04	8.65e-02	7.58e-01	1.46e-01	9.56e-03	5.07e-04	5.53e-07	0.00e+00
 1.28065e+23	1.97e-04	9.26e-02	7.61e-01	1.37e-01	8.61e-03	4.35e-04	4.39e-07	0.00e+00
 1.29664e+23	2.31e-04	1.02e-01	7.63e-01	1.27e-01	7.54e-03	3.57e-04	3.26e-07	0.00e+00
 1.31299e+23	2.63e-04	1.09e-01	7.65e-01	1.19e-01	6.74e-03	3.02e-04	2.55e-07	0.00e+00
 1.32979e+23	3.10e-04	1.20e-01	7.65e-01	1.08e-01	5.84e-03	2.44e-04	1.85e-07	0.00e+00
 1.34672e+23	3.52e-04	1.29e-01	7.65e-01	1.01e-01	5.20e-03	2.05e-04	1.44e-07	0.00e+00
 1.36379e+23	4.15e-04	1.42e-01	7.62e-01	9.16e-02	4.49e-03	1.65e-04	0.00e+00	0.00e+00
 1.38116e+23	4.73e-04	1.52e-01	7.59e-01	8.45e-02	3.97e-03	1.37e-04	0.00e+00	0.00e+00
 1.39891e+23	5.63e-04	1.68e-01	7.52e-01	7.57e-02	3.39e-03	1.08e-04	0.00e+00	0.00e+00
 1.41667e+23	6.44e-04	1.80e-01	7.47e-01	6.93e-02	2.98e-03	8.91e-05	0.00e+00	0.00e+00
 1.43446e+23	7.69e-04	1.99e-01	7.36e-01	6.14e-02	2.53e-03	6.92e-05	0.00e+00	0.00e+00
 1.45230e+23	8.84e-04	2.15e-01	7.27e-01	5.56e-02	2.21e-03	5.66e-05	0.00e+00	0.00e+00
 1.47022e+23	1.06e-03	2.37e-01	7.11e-01	4.86e-02	1.86e-03	4.32e-05	0.00e+00	0.00e+00
 1.48815e+23	1.23e-03	2.56e-01	6.98e-01	4.35e-02	1.62e-03	3.48e-05	0.00e+00	0.00e+00
 1.50610e+23	1.48e-03	2.84e-01	6.76e-01	3.74e-02	1.35e-03	2.61e-05	0.00e+00	0.00e+00
 1.52405e+23	1.72e-03	3.06e-01	6.58e-01	3.30e-02	1.16e-03	2.07e-05	0.00e+00	0.00e+00
 1.54199e+23	2.10e-03	3.40e-01	6.29e-01	2.77e-02	9.53e-04	1.50e-05	0.00e+00	0.00e+00
 1.55989e+23	2.45e-03	3.67e-01	6.06e-01	2.40e-02	8.14e-04	1.16e-05	0.00e+00	0.00e+00
 1.57772e+23	2.99e-03	4.06e-01	5.71e-01	1.97e-02	6.59e-04	8.24e-06	0.00e+00	0.00e+00
 1.59571e+23	3.54e-03	4.40e-01	5.40e-01	1.66e-02	5.49e-04	6.12e-06	0.00e+00	0.00e+00
 1.61389e+23	4.36e-03	4.85e-01	4.97e-01	1.31e-02	4.32e-04	4.12e-06	0.00e+00	0.00e+00
 1.63225e+23	5.22e-03	5.26e-01	4.58e-01	1.06e-02	3.49e-04	2.90e-06	0.00e+00	0.00e+00
 1.64834e+23	6.23e-03	5.67e-01	4.18e-01	8.47e-03	2.79e-04	2.01e-06	0.00e+00	0.00e+00
 1.66427e+23	7.44e-03	6.09e-01	3.77e-01	6.64e-03	2.20e-04	1.36e-06	0.00e+00	0.00e+00
 1.67821e+23	8.58e-03	6.43e-01	3.43e-01	5.39e-03	1.79e-04	9.73e-07	0.00e+00	0.00e+00
 1.69208e+23	1.02e-02	6.84e-01	3.02e-01	4.11e-03	1.37e-04	6.33e-07	0.00e+00	0.00e+00
 1.70654e+23	1.20e-02	7.21e-01	2.64e-01	3.12e-03	1.05e-04	4.12e-07	0.00e+00	0.00e+00
 1.71954e+23	1.40e-02	7.55e-01	2.28e-01	2.36e-03	7.94e-05	2.66e-07	0.00e+00	0.00e+00
 1.73420e+23	1.70e-02	7.95e-01	1.86e-01	1.62e-03	5.42e-05	1.47e-07	0.00e+00	0.00e+00
 1.74907e+23	2.06e-02	8.29e-01	1.49e-01	1.10e-03	3.64e-05	0.00e+00	0.00e+00	0.00e+00
 1.76090e+23	2.42e-02	8.54e-01	1.21e-01	7.75e-04	2.52e-05	0.00e+00	0.00e+00	0.00e+00
 1.77093e+23	2.80e-02	8.72e-01	9.91e-02	5.59e-04	1.76e-05	0.00e+00	0.00e+00	0.00e+00
 1.78016e+23	3.25e-02	8.87e-01	7.99e-02	4.03e-04	1.21e-05	0.00e+00	0.00e+00	0.00e+00
 1.78849e+23	3.75e-02	8.98e-01	6.44e-02	2.94e-04	8.34e-06	0.00e+00	0.00e+00	0.00e+00
 1.79586e+23	4.30e-02	9.05e-01	5.20e-02	2.19e-04	5.77e-06	0.00e+00	0.00e+00	0.00e+00
 1.80252e+23	4.92e-02	9.09e-01	4.19e-02	1.65e-04	4.00e-06	0.00e+00	0.00e+00	0.00e+00
 1.80872e+23	5.63e-02	9.10e-01	3.37e-02	1.26e-04	2.76e-06	0.00e+00	0.00e+00	0.00e+00
 1.81457e+23	6.48e-02	9.08e-01	2.69e-02	9.72e-05	1.89e-06	0.00e+00	0.00e+00	0.00e+00
 1.82006e+23	7.48e-02	9.04e-01	2.13e-02	7.56e-05	1.28e-06	0.00e+00	0.00e+00	0.00e+00
 1.82529e+23	8.63e-02	8.97e-01	1.69e-02	5.96e-05	8.72e-07	0.00e+00	0.00e+00	0.00e+00
 1.83043e+23	1.01e-01	8.86e-01	1.31e-02	4.71e-05	5.81e-07	0.00e+00	0.00e+00	0.00e+00
 1.83526e+23	1.17e-01	8.72e-01	1.03e-02	3.77e-05	3.90e-07	0.00e+00	0.00e+00	0.00e+00
 1.83958e+23	1.36e-01	8.56e-01	8.10e-03	3.10e-05	2.70e-07	0.00e+00	0.00e+00	0.00e+00
 1.84346e+23	1.55e-01	8.38e-01	6.49e-03	2.61e-05	1.92e-07	0.00e+00	0.00e+00	0.00e+00
 1.84690e+23	1.75e-01	8.19e-01	5.31e-03	2.24e-05	1.41e-07	0.00e+00	0.00e+00	0.00e+00
 1.84989e+23	1.95e-01	8.01e-01	4.43e-03	1.97e-05	0.00e+00	0.00e+00	0.00e+00	0.00e+00
 1.85218e+23	2.11e-01	7.85e-01	3.87e-03	1.79e-05	0.00e+00	0.00e+00	0.00e+00	0.00e+00
 1.85391e+23	2.24e-01	7.73e-01	3.48e-03	1.67e-05	0.00e+00	0.00e+00	0.00e+00	0.00e+00
 1.85575e+23	2.39e-01	7.58e-01	3.09e-03	1.55e-05	0.00e+00	0.00e+00	0.00e+00	0.00e+00
 1.85789e+23	2.57e-01	7.40e-01	2.69e-03	1.42e-05	0.00e+00	0.00e+00	0.00e+00	0.00e+00
 1.86019e+23	2.78e-01	7.20e-01	2.32e-03	1.29e-05	0.00e+00	0.00e+00	0.00e+00	0.00e+00
 1.86244e+23	2.98e-01	7.00e-01	2.01e-03	1.19e-05	0.00e+00	0.00e+00	0.00e+00	0.00e+00
 1.86452e+23	3.18e-01	6.81e-01	1.76e-03	1.10e-05	0.00e+00	0.00e+00	0.00e+00	0.00e+00
 1.86614e+23	3.32e-01	6.66e-01	1.60e-03	1.04e-05	0.00e+00	0.00e+00	0.00e+00	0.00e+00
 1.86728e+23	3.43e-01	6.55e-01	1.49e-03	1.00e-05	0.00e+00	0.00e+00	0.00e+00	0.00e+00
 1.86842e+23	3.54e-01	6.45e-01	1.39e-03	9.61e-06	0.00e+00	0.00e+00	0.00e+00	0.00e+00
 1.86976e+23	3.67e-01	6.31e-01	1.27e-03	9.17e-06	0.00e+00	0.00e+00	0.00e+00	0.00e+00
 1.87123e+23	3.82e-01	6.17e-01	1.16e-03	8.72e-06	0.00e+00	0.00e+00	0.00e+00	0.00e+00
 1.87264e+23	3.95e-01	6.04e-01	1.06e-03	8.32e-06	0.00e+00	0.00e+00	0.00e+00	0.00e+00
 1.87404e+23	4.09e-01	5.90e-01	9.74e-04	7.95e-06	0.00e+00	0.00e+00	0.00e+00	0.00e+00
 1.87549e+23	4.24e-01	5.76e-01	8.89e-04	7.58e-06	0.00e+00	0.00e+00	0.00e+00	0.00e+00
 1.87696e+23	4.38e-01	5.61e-01	8.11e-04	7.23e-06	0.00e+00	0.00e+00	0.00e+00	0.00e+00
 1.87847e+23	4.52e-01	5.47e-01	7.40e-04	6.90e-06	0.00e+00	0.00e+00	0.00e+00	0.00e+00
 1.88003e+23	4.67e-01	5.32e-01	6.72e-04	6.58e-06	0.00e+00	0.00e+00	0.00e+00	0.00e+00
 1.88163e+23	4.82e-01	5.17e-01	6.10e-04	6.27e-06	0.00e+00	0.00e+00	0.00e+00	0.00e+00
 1.88328e+23	4.98e-01	5.02e-01	5.53e-04	5.97e-06	0.00e+00	0.00e+00	0.00e+00	0.00e+00
 1.88494e+23	5.13e-01	4.87e-01	5.01e-04	5.68e-06	0.00e+00	0.00e+00	0.00e+00	0.00e+00
 1.88665e+23	5.28e-01	4.72e-01	4.53e-04	5.41e-06	0.00e+00	0.00e+00	0.00e+00	0.00e+00
 1.88843e+23	5.43e-01	4.56e-01	4.09e-04	5.15e-06	0.00e+00	0.00e+00	0.00e+00	0.00e+00
 1.89027e+23	5.59e-01	4.41e-01	3.68e-04	4.89e-06	0.00e+00	0.00e+00	0.00e+00	0.00e+00
 1.89215e+23	5.74e-01	4.25e-01	3.31e-04	4.65e-06	0.00e+00	0.00e+00	0.00e+00	0.00e+00
 1.89407e+23	5.90e-01	4.10e-01	2.98e-04	4.41e-06	0.00e+00	0.00e+00	0.00e+00	0.00e+00
 1.89607e+23	6.05e-01	3.94e-01	2.68e-04	4.19e-06	0.00e+00	0.00e+00	0.00e+00	0.00e+00
 1.89813e+23	6.20e-01	3.79e-01	2.41e-04	3.97e-06	0.00e+00	0.00e+00	0.00e+00	0.00e+00
 1.90027e+23	6.36e-01	3.64e-01	2.16e-04	3.76e-06	0.00e+00	0.00e+00	0.00e+00	0.00e+00
 1.90251e+23	6.51e-01	3.49e-01	1.93e-04	3.56e-06	0.00e+00	0.00e+00	0.00e+00	0.00e+00
 1.90478e+23	6.66e-01	3.34e-01	1.73e-04	3.37e-06	0.00e+00	0.00e+00	0.00e+00	0.00e+00
 1.90708e+23	6.80e-01	3.20e-01	1.56e-04	3.19e-06	0.00e+00	0.00e+00	0.00e+00	0.00e+00
 1.90950e+23	6.95e-01	3.05e-01	1.40e-04	3.02e-06	0.00e+00	0.00e+00	0.00e+00	0.00e+00
 1.91207e+23	7.09e-01	2.91e-01	1.26e-04	2.85e-06	0.00e+00	0.00e+00	0.00e+00	0.00e+00
 1.91471e+23	7.23e-01	2.77e-01	1.13e-04	2.69e-06	0.00e+00	0.00e+00	0.00e+00	0.00e+00
 1.91739e+23	7.36e-01	2.64e-01	1.02e-04	2.55e-06	0.00e+00	0.00e+00	0.00e+00	0.00e+00
 1.92013e+23	7.49e-01	2.51e-01	9.30e-05	2.41e-06	0.00e+00	0.00e+00	0.00e+00	0.00e+00
 1.92298e+23	7.61e-01	2.39e-01	8.47e-05	2.28e-06	0.00e+00	0.00e+00	0.00e+00	0.00e+00
 1.92591e+23	7.73e-01	2.27e-01	7.73e-05	2.16e-06	0.00e+00	0.00e+00	0.00e+00	0.00e+00
 1.92894e+23	7.84e-01	2.16e-01	7.08e-05	2.05e-06	0.00e+00	0.00e+00	0.00e+00	0.00e+00
 1.93208e+23	7.95e-01	2.05e-01	6.51e-05	1.94e-06	0.00e+00	0.00e+00	0.00e+00	0.00e+00
 1.93533e+23	8.06e-01	1.94e-01	6.02e-05	1.84e-06	0.00e+00	0.00e+00	0.00e+00	0.00e+00
 1.93872e+23	8.16e-01	1.84e-01	5.57e-05	1.74e-06	0.00e+00	0.00e+00	0.00e+00	0.00e+00
 1.94228e+23	8.25e-01	1.75e-01	5.18e-05	1.65e-06	0.00e+00	0.00e+00	0.00e+00	0.00e+00
 1.94599e+23	8.35e-01	1.65e-01	4.83e-05	1.57e-06	0.00e+00	0.00e+00	0.00e+00	0.00e+00
 1.94986e+23	8.44e-01	1.56e-01	4.52e-05	1.49e-06	0.00e+00	0.00e+00	0.00e+00	0.00e+00
 1.95397e+23	8.53e-01	1.47e-01	4.24e-05	1.41e-06	0.00e+00	0.00e+00	0.00e+00	0.00e+00
 1.95830e+23	8.61e-01	1.39e-01	3.98e-05	1.34e-06	0.00e+00	0.00e+00	0.00e+00	0.00e+00
 1.96284e+23	8.70e-01	1.30e-01	3.75e-05	1.27e-06	0.00e+00	0.00e+00	0.00e+00	0.00e+00
 1.96736e+23	8.77e-01	1.23e-01	3.56e-05	1.20e-06	0.00e+00	0.00e+00	0.00e+00	0.00e+00
 1.97170e+23	8.84e-01	1.16e-01	3.39e-05	1.15e-06	0.00e+00	0.00e+00	0.00e+00	0.00e+00
 1.97593e+23	8.90e-01	1.10e-01	3.25e-05	1.10e-06	0.00e+00	0.00e+00	0.00e+00	0.00e+00
 1.98005e+23	8.95e-01	1.05e-01	3.13e-05	1.05e-06	0.00e+00	0.00e+00	0.00e+00	0.00e+00
 1.98407e+23	9.01e-01	9.93e-02	3.01e-05	1.01e-06	0.00e+00	0.00e+00	0.00e+00	0.00e+00
 1.98796e+23	9.05e-01	9.45e-02	2.91e-05	9.74e-07	0.00e+00	0.00e+00	0.00e+00	0.00e+00
 1.99168e+23	9.10e-01	8.99e-02	2.82e-05	9.40e-07	0.00e+00	0.00e+00	0.00e+00	0.00e+00
 1.99514e+23	9.14e-01	8.61e-02	2.75e-05	9.10e-07	0.00e+00	0.00e+00	0.00e+00	0.00e+00
 1.99851e+23	9.18e-01	8.23e-02	2.68e-05	8.82e-07	0.00e+00	0.00e+00	0.00e+00	0.00e+00
 2.00188e+23	9.21e-01	7.87e-02	2.61e-05	8.54e-07	0.00e+00	0.00e+00	0.00e+00	0.00e+00
 2.00514e+23	9.25e-01	7.54e-02	2.55e-05	8.30e-07	0.00e+00	0.00e+00	0.00e+00	0.00e+00
 2.00829e+23	9.28e-01	7.23e-02	2.49e-05	8.07e-07	0.00e+00	0.00e+00	0.00e+00	0.00e+00
 2.01133e+23	9.31e-01	6.94e-02	2.44e-05	7.86e-07	0.00e+00	0.00e+00	0.00e+00	0.00e+00
 2.01426e+23	9.33e-01	6.68e-02	2.40e-05	7.68e-07	0.00e+00	0.00e+00	0.00e+00	0.00e+00
 2.01710e+23	9.36e-01	6.43e-02	2.35e-05	7.51e-07	0.00e+00	0.00e+00	0.00e+00	0.00e+00
 2.01984e+23	9.38e-01	6.20e-02	2.31e-05	7.35e-07	0.00e+00	0.00e+00	0.00e+00	0.00e+00
 2.02249e+23	9.40e-01	5.99e-02	2.28e-05	7.22e-07	0.00e+00	0.00e+00	0.00e+00	0.00e+00
 2.02503e+23	9.42e-01	5.80e-02	2.24e-05	7.09e-07	0.00e+00	0.00e+00	0.00e+00	0.00e+00
 2.02750e+23	9.44e-01	5.62e-02	2.21e-05	6.99e-07	0.00e+00	0.00e+00	0.00e+00	0.00e+00
 2.02983e+23	9.45e-01	5.46e-02	2.18e-05	6.90e-07	0.00e+00	0.00e+00	0.00e+00	0.00e+00
 2.03212e+23	9.47e-01	5.31e-02	2.16e-05	6.82e-07	0.00e+00	0.00e+00	0.00e+00	0.00e+00
 2.03434e+23	9.48e-01	5.17e-02	2.13e-05	6.76e-07	0.00e+00	0.00e+00	0.00e+00	0.00e+00
 2.03638e+23	9.49e-01	5.05e-02	2.11e-05	6.71e-07	0.00e+00	0.00e+00	0.00e+00	0.00e+00
 2.03823e+23	9.50e-01	4.95e-02	2.09e-05	6.68e-07	0.00e+00	0.00e+00	0.00e+00	0.00e+00
 2.03991e+23	9.51e-01	4.87e-02	2.07e-05	6.66e-07	0.00e+00	0.00e+00	0.00e+00	0.00e+00
 2.04144e+23	9.52e-01	4.80e-02	2.06e-05	6.65e-07	0.00e+00	0.00e+00	0.00e+00	0.00e+00
 2.04283e+23	9.53e-01	4.73e-02	2.05e-05	6.64e-07	0.00e+00	0.00e+00	0.00e+00	0.00e+00
 2.04410e+23	9.53e-01	4.68e-02	2.04e-05	6.65e-07	0.00e+00	0.00e+00	0.00e+00	0.00e+00
 2.04526e+23	9.54e-01	4.63e-02	2.03e-05	6.65e-07	0.00e+00	0.00e+00	0.00e+00	0.00e+00
 2.04652e+23	9.54e-01	4.57e-02	2.01e-05	6.66e-07	0.00e+00	0.00e+00	0.00e+00	0.00e+00
 2.04789e+23	9.55e-01	4.52e-02	2.00e-05	6.66e-07	0.00e+00	0.00e+00	0.00e+00	0.00e+00
 2.04913e+23	9.55e-01	4.47e-02	1.99e-05	6.67e-07	0.00e+00	0.00e+00	0.00e+00	0.00e+00
 2.05049e+23	9.56e-01	4.42e-02	1.98e-05	6.68e-07	0.00e+00	0.00e+00	0.00e+00	0.00e+00
 2.05196e+23	9.56e-01	4.36e-02	1.97e-05	6.69e-07	0.00e+00	0.00e+00	0.00e+00	0.00e+00
 2.05330e+23	9.57e-01	4.32e-02	1.95e-05	6.71e-07	0.00e+00	0.00e+00	0.00e+00	0.00e+00
 2.05452e+23	9.57e-01	4.29e-02	1.95e-05	6.73e-07	0.00e+00	0.00e+00	0.00e+00	0.00e+00
 2.05585e+23	9.58e-01	4.25e-02	1.93e-05	6.77e-07	0.00e+00	0.00e+00	0.00e+00	0.00e+00
 2.05729e+23	9.58e-01	4.21e-02	1.92e-05	6.80e-07	0.00e+00	0.00e+00	0.00e+00	0.00e+00
 2.05860e+23	9.58e-01	4.17e-02	1.91e-05	6.81e-07	0.00e+00	0.00e+00	0.00e+00	0.00e+00
 2.06004e+23	9.59e-01	4.14e-02	1.90e-05	6.82e-07	0.00e+00	0.00e+00	0.00e+00	0.00e+00
 2.06159e+23	9.59e-01	4.10e-02	1.89e-05	6.84e-07	0.00e+00	0.00e+00	0.00e+00	0.00e+00
 2.06300e+23	9.59e-01	4.07e-02	1.88e-05	6.89e-07	0.00e+00	0.00e+00	0.00e+00	0.00e+00
 2.06428e+23	9.60e-01	4.04e-02	1.87e-05	6.87e-07	0.00e+00	0.00e+00	0.00e+00	0.00e+00
 2.06569e+23	9.60e-01	4.01e-02	1.86e-05	6.90e-07	0.00e+00	0.00e+00	0.00e+00	0.00e+00
 2.06721e+23	9.60e-01	3.98e-02	1.85e-05	6.92e-07	0.00e+00	0.00e+00	0.00e+00	0.00e+00
 2.06859e+23	9.60e-01	3.95e-02	1.84e-05	6.94e-07	0.00e+00	0.00e+00	0.00e+00	0.00e+00
 2.07010e+23	9.61e-01	3.92e-02	1.83e-05	6.96e-07	0.00e+00	0.00e+00	0.00e+00	0.00e+00
 2.07174e+23	9.61e-01	3.89e-02	1.82e-05	6.99e-07	0.00e+00	0.00e+00	0.00e+00	0.00e+00
 2.07323e+23	9.61e-01	3.86e-02	1.81e-05	7.01e-07	0.00e+00	0.00e+00	0.00e+00	0.00e+00
 2.07486e+23	9.62e-01	3.83e-02	1.80e-05	7.05e-07	0.00e+00	0.00e+00	0.00e+00	0.00e+00
 2.07662e+23	9.62e-01	3.80e-02	1.78e-05	7.08e-07	0.00e+00	0.00e+00	0.00e+00	0.00e+00
 2.07822e+23	9.62e-01	3.78e-02	1.78e-05	7.12e-07	0.00e+00	0.00e+00	0.00e+00	0.00e+00
 2.07968e+23	9.62e-01	3.76e-02	1.78e-05	7.16e-07	0.00e+00	0.00e+00	0.00e+00	0.00e+00
 2.08100e+23	9.63e-01	3.74e-02	1.77e-05	7.21e-07	0.00e+00	0.00e+00	0.00e+00	0.00e+00
 2.08221e+23	9.63e-01	3.73e-02	1.77e-05	7.25e-07	0.00e+00	0.00e+00	0.00e+00	0.00e+00
 2.08353e+23	9.63e-01	3.71e-02	1.76e-05	7.31e-07	0.00e+00	0.00e+00	0.00e+00	0.00e+00
 2.08496e+23	9.63e-01	3.69e-02	1.76e-05	7.35e-07	0.00e+00	0.00e+00	0.00e+00	0.00e+00
 2.08626e+23	9.63e-01	3.67e-02	1.76e-05	7.39e-07	0.00e+00	0.00e+00	0.00e+00	0.00e+00
 2.08768e+23	9.63e-01	3.65e-02	1.75e-05	7.43e-07	0.00e+00	0.00e+00	0.00e+00	0.00e+00
 2.08922e+23	9.64e-01	3.63e-02	1.75e-05	7.47e-07	0.00e+00	0.00e+00	0.00e+00	0.00e+00
 2.09062e+23	9.64e-01	3.61e-02	1.74e-05	7.51e-07	0.00e+00	0.00e+00	0.00e+00	0.00e+00
 2.09189e+23	9.64e-01	3.60e-02	1.74e-05	7.58e-07	0.00e+00	0.00e+00	0.00e+00	0.00e+00
 2.09305e+23	9.64e-01	3.59e-02	1.74e-05	7.60e-07	0.00e+00	0.00e+00	0.00e+00	0.00e+00
 2.09432e+23	9.64e-01	3.57e-02	1.73e-05	7.63e-07	0.00e+00	0.00e+00	0.00e+00	0.00e+00
 2.09569e+23	9.65e-01	3.55e-02	1.73e-05	7.67e-07	0.00e+00	0.00e+00	0.00e+00	0.00e+00
 2.09694e+23	9.65e-01	3.54e-02	1.73e-05	7.74e-07	0.00e+00	0.00e+00	0.00e+00	0.00e+00
 2.09807e+23	9.65e-01	3.52e-02	1.72e-05	7.73e-07	0.00e+00	0.00e+00	0.00e+00	0.00e+00
 2.09932e+23	9.65e-01	3.50e-02	1.72e-05	7.77e-07	0.00e+00	0.00e+00	0.00e+00	0.00e+00
 2.10066e+23	9.65e-01	3.48e-02	1.72e-05	7.79e-07	0.00e+00	0.00e+00	0.00e+00	0.00e+00
 2.10213e+23	9.65e-01	3.46e-02	1.71e-05	7.82e-07	0.00e+00	0.00e+00	0.00e+00	0.00e+00
 2.10372e+23	9.66e-01	3.43e-02	1.71e-05	7.83e-07	0.00e+00	0.00e+00	0.00e+00	0.00e+00
 2.10516e+23	9.66e-01	3.42e-02	1.70e-05	7.86e-07	0.00e+00	0.00e+00	0.00e+00	0.00e+00
 2.10648e+23	9.66e-01	3.40e-02	1.70e-05	7.85e-07	0.00e+00	0.00e+00	0.00e+00	0.00e+00
 2.10792e+23	9.66e-01	3.38e-02	1.69e-05	7.85e-07	0.00e+00	0.00e+00	0.00e+00	0.00e+00
 2.10947e+23	9.66e-01	3.35e-02	1.69e-05	7.86e-07	0.00e+00	0.00e+00	0.00e+00	0.00e+00
 2.11089e+23	9.67e-01	3.33e-02	1.68e-05	7.86e-07	0.00e+00	0.00e+00	0.00e+00	0.00e+00
 2.11244e+23	9.67e-01	3.31e-02	1.67e-05	7.88e-07	0.00e+00	0.00e+00	0.00e+00	0.00e+00
 2.11412e+23	9.67e-01	3.29e-02	1.67e-05	7.88e-07	0.00e+00	0.00e+00	0.00e+00	0.00e+00
 2.11564e+23	9.67e-01	3.27e-02	1.67e-05	7.91e-07	0.00e+00	0.00e+00	0.00e+00	0.00e+00
 2.11703e+23	9.67e-01	3.25e-02	1.66e-05	7.89e-07	0.00e+00	0.00e+00	0.00e+00	0.00e+00
 2.11855e+23	9.68e-01	3.23e-02	1.65e-05	7.89e-07	0.00e+00	0.00e+00	0.00e+00	0.00e+00
 2.12019e+23	9.68e-01	3.20e-02	1.65e-05	7.90e-07	0.00e+00	0.00e+00	0.00e+00	0.00e+00
 2.12168e+23	9.68e-01	3.19e-02	1.64e-05	7.88e-07	0.00e+00	0.00e+00	0.00e+00	0.00e+00
 2.12332e+23	9.68e-01	3.16e-02	1.64e-05	7.90e-07	0.00e+00	0.00e+00	0.00e+00	0.00e+00
 2.12508e+23	9.69e-01	3.14e-02	1.63e-05	7.89e-07	0.00e+00	0.00e+00	0.00e+00	0.00e+00
 2.12669e+23	9.69e-01	3.12e-02	1.63e-05	7.92e-07	0.00e+00	0.00e+00	0.00e+00	0.00e+00
 2.12815e+23	9.69e-01	3.10e-02	1.62e-05	7.89e-07	0.00e+00	0.00e+00	0.00e+00	0.00e+00
 2.12976e+23	9.69e-01	3.08e-02	1.61e-05	7.88e-07	0.00e+00	0.00e+00	0.00e+00	0.00e+00
 2.13149e+23	9.69e-01	3.05e-02	1.61e-05	7.89e-07	0.00e+00	0.00e+00	0.00e+00	0.00e+00
 2.13306e+23	9.70e-01	3.03e-02	1.60e-05	7.86e-07	0.00e+00	0.00e+00	0.00e+00	0.00e+00
 2.13479e+23	9.70e-01	3.01e-02	1.60e-05	7.86e-07	0.00e+00	0.00e+00	0.00e+00	0.00e+00
 2.13665e+23	9.70e-01	2.98e-02	1.59e-05	7.84e-07	0.00e+00	0.00e+00	0.00e+00	0.00e+00
 2.13834e+23	9.70e-01	2.96e-02	1.58e-05	7.82e-07	0.00e+00	0.00e+00	0.00e+00	0.00e+00
 2.14020e+23	9.71e-01	2.93e-02	1.58e-05	7.81e-07	0.00e+00	0.00e+00	0.00e+00	0.00e+00
 2.14221e+23	9.71e-01	2.91e-02	1.57e-05	7.81e-07	0.00e+00	0.00e+00	0.00e+00	0.00e+00
 2.14403e+23	9.71e-01	2.89e-02	1.56e-05	7.77e-07	0.00e+00	0.00e+00	0.00e+00	0.00e+00
 2.14603e+23	9.71e-01	2.86e-02	1.56e-05	7.75e-07	0.00e+00	0.00e+00	0.00e+00	0.00e+00
 2.14819e+23	9.72e-01	2.83e-02	1.55e-05	7.74e-07	0.00e+00	0.00e+00	0.00e+00	0.00e+00
 2.15015e+23	9.72e-01	2.81e-02	1.54e-05	7.69e-07	0.00e+00	0.00e+00	0.00e+00	0.00e+00
 2.15231e+23	9.72e-01	2.77e-02	1.54e-05	7.67e-07	0.00e+00	0.00e+00	0.00e+00	0.00e+00
 2.15463e+23	9.73e-01	2.74e-02	1.53e-05	7.62e-07	0.00e+00	0.00e+00	0.00e+00	0.00e+00
 2.15675e+23	9.73e-01	2.72e-02	1.52e-05	7.61e-07	0.00e+00	0.00e+00	0.00e+00	0.00e+00
 2.15867e+23	9.73e-01	2.70e-02	1.52e-05	7.61e-07	0.00e+00	0.00e+00	0.00e+00	0.00e+00
 2.16042e+23	9.73e-01	2.69e-02	1.51e-05	7.57e-07	0.00e+00	0.00e+00	0.00e+00	0.00e+00
 2.16234e+23	9.73e-01	2.66e-02	1.50e-05	7.53e-07	0.00e+00	0.00e+00	0.00e+00	0.00e+00
 2.16441e+23	9.74e-01	2.63e-02	1.49e-05	7.51e-07	0.00e+00	0.00e+00	0.00e+00	0.00e+00
 2.16630e+23	9.74e-01	2.61e-02	1.49e-05	7.46e-07	0.00e+00	0.00e+00	0.00e+00	0.00e+00
 2.16836e+23	9.74e-01	2.58e-02	1.48e-05	7.42e-07	0.00e+00	0.00e+00	0.00e+00	0.00e+00
 2.17059e+23	9.74e-01	2.56e-02	1.47e-05	7.39e-07	0.00e+00	0.00e+00	0.00e+00	0.00e+00
 2.17262e+23	9.75e-01	2.54e-02	1.46e-05	7.34e-07	0.00e+00	0.00e+00	0.00e+00	0.00e+00
 2.17485e+23	9.75e-01	2.51e-02	1.46e-05	7.28e-07	0.00e+00	0.00e+00	0.00e+00	0.00e+00
 2.17725e+23	9.75e-01	2.48e-02	1.45e-05	7.25e-07	0.00e+00	0.00e+00	0.00e+00	0.00e+00
 2.17943e+23	9.75e-01	2.46e-02	1.44e-05	7.19e-07	0.00e+00	0.00e+00	0.00e+00	0.00e+00
 2.18183e+23	9.76e-01	2.42e-02	1.43e-05	7.13e-07	0.00e+00	0.00e+00	0.00e+00	0.00e+00
 2.18441e+23	9.76e-01	2.40e-02	1.42e-05	7.09e-07	0.00e+00	0.00e+00	0.00e+00	0.00e+00
 2.18677e+23	9.76e-01	2.37e-02	1.41e-05	7.02e-07	0.00e+00	0.00e+00	0.00e+00	0.00e+00
 2.18934e+23	9.77e-01	2.34e-02	1.40e-05	6.95e-07	0.00e+00	0.00e+00	0.00e+00	0.00e+00
 2.19213e+23	9.77e-01	2.31e-02	1.40e-05	6.90e-07	0.00e+00	0.00e+00	0.00e+00	0.00e+00
 2.19466e+23	9.77e-01	2.29e-02	1.39e-05	6.84e-07	0.00e+00	0.00e+00	0.00e+00	0.00e+00
 2.19743e+23	9.77e-01	2.25e-02	1.38e-05	6.75e-07	0.00e+00	0.00e+00	0.00e+00	0.00e+00
 2.20043e+23	9.78e-01	2.22e-02	1.37e-05	6.69e-07	0.00e+00	0.00e+00	0.00e+00	0.00e+00
 2.20315e+23	9.78e-01	2.20e-02	1.36e-05	6.62e-07	0.00e+00	0.00e+00	0.00e+00	0.00e+00
 2.20614e+23	9.78e-01	2.16e-02	1.34e-05	6.52e-07	0.00e+00	0.00e+00	0.00e+00	0.00e+00
 2.20937e+23	9.79e-01	2.13e-02	1.33e-05	6.45e-07	0.00e+00	0.00e+00	0.00e+00	0.00e+00
 2.21230e+23	9.79e-01	2.10e-02	1.32e-05	6.39e-07	0.00e+00	0.00e+00	0.00e+00	0.00e+00
 2.21497e+23	9.79e-01	2.08e-02	1.32e-05	6.33e-07	0.00e+00	0.00e+00	0.00e+00	0.00e+00
 2.21790e+23	9.80e-01	2.04e-02	1.30e-05	6.23e-07	0.00e+00	0.00e+00	0.00e+00	0.00e+00
 2.22106e+23	9.80e-01	2.02e-02	1.30e-05	6.17e-07	0.00e+00	0.00e+00	0.00e+00	0.00e+00
 2.22393e+23	9.80e-01	1.99e-02	1.29e-05	6.10e-07	0.00e+00	0.00e+00	0.00e+00	0.00e+00
 2.22708e+23	9.80e-01	1.96e-02	1.27e-05	5.99e-07	0.00e+00	0.00e+00	0.00e+00	0.00e+00
 2.23048e+23	9.81e-01	1.93e-02	1.26e-05	5.92e-07	0.00e+00	0.00e+00	0.00e+00	0.00e+00
 2.23358e+23	9.81e-01	1.91e-02	1.25e-05	5.85e-07	0.00e+00	0.00e+00	0.00e+00	0.00e+00
 2.23697e+23	9.81e-01	1.87e-02	1.24e-05	5.73e-07	0.00e+00	0.00e+00	0.00e+00	0.00e+00
 2.24063e+23	9.82e-01	1.84e-02	1.23e-05	5.64e-07	0.00e+00	0.00e+00	0.00e+00	0.00e+00
 2.24396e+23	9.82e-01	1.82e-02	1.22e-05	5.57e-07	0.00e+00	0.00e+00	0.00e+00	0.00e+00
 2.24699e+23	9.82e-01	1.79e-02	1.21e-05	5.51e-07	0.00e+00	0.00e+00	0.00e+00	0.00e+00
 2.25032e+23	9.82e-01	1.76e-02	1.20e-05	5.40e-07	0.00e+00	0.00e+00	0.00e+00	0.00e+00
 2.25390e+23	9.83e-01	1.73e-02	1.19e-05	5.32e-07	0.00e+00	0.00e+00	0.00e+00	0.00e+00
 2.25717e+23	9.83e-01	1.71e-02	1.18e-05	5.25e-07	0.00e+00	0.00e+00	0.00e+00	0.00e+00
 2.26074e+23	9.83e-01	1.67e-02	1.16e-05	5.13e-07	0.00e+00	0.00e+00	0.00e+00	0.00e+00
 2.26460e+23	9.84e-01	1.65e-02	1.15e-05	5.04e-07	0.00e+00	0.00e+00	0.00e+00	0.00e+00
 2.26812e+23	9.84e-01	1.63e-02	1.14e-05	4.97e-07	0.00e+00	0.00e+00	0.00e+00	0.00e+00
 2.27197e+23	9.84e-01	1.59e-02	1.13e-05	4.84e-07	0.00e+00	0.00e+00	0.00e+00	0.00e+00
 2.27612e+23	9.84e-01	1.56e-02	1.11e-05	4.75e-07	0.00e+00	0.00e+00	0.00e+00	0.00e+00
 2.27991e+23	9.85e-01	1.54e-02	1.10e-05	4.68e-07	0.00e+00	0.00e+00	0.00e+00	0.00e+00
 2.28335e+23	9.85e-01	1.52e-02	1.09e-05	4.61e-07	0.00e+00	0.00e+00	0.00e+00	0.00e+00
 2.28712e+23	9.85e-01	1.48e-02	1.08e-05	4.49e-07	0.00e+00	0.00e+00	0.00e+00	0.00e+00
 2.29119e+23	9.85e-01	1.46e-02	1.07e-05	4.41e-07	0.00e+00	0.00e+00	0.00e+00	0.00e+00
 2.29490e+23	9.86e-01	1.44e-02	1.06e-05	4.34e-07	0.00e+00	0.00e+00	0.00e+00	0.00e+00
 2.29896e+23	9.86e-01	1.41e-02	1.04e-05	4.21e-07	0.00e+00	0.00e+00	0.00e+00	0.00e+00
 2.30424e+23	9.86e-01	1.36e-02	1.03e-05	4.07e-07	0.00e+00	0.00e+00	0.00e+00	0.00e+00
 2.30996e+23	9.87e-01	1.33e-02	1.01e-05	3.96e-07	0.00e+00	0.00e+00	0.00e+00	0.00e+00
 2.31573e+23	9.87e-01	1.29e-02	9.93e-06	3.83e-07	0.00e+00	0.00e+00	0.00e+00	0.00e+00
 2.32175e+23	9.87e-01	1.26e-02	9.77e-06	3.71e-07	0.00e+00	0.00e+00	0.00e+00	0.00e+00
 2.32775e+23	9.88e-01	1.23e-02	9.60e-06	3.59e-07	0.00e+00	0.00e+00	0.00e+00	0.00e+00
 2.33382e+23	9.88e-01	1.20e-02	9.43e-06	3.48e-07	0.00e+00	0.00e+00	0.00e+00	0.00e+00
 2.33996e+23	9.88e-01	1.16e-02	9.27e-06	3.37e-07	0.00e+00	0.00e+00	0.00e+00	0.00e+00
 2.34615e+23	9.89e-01	1.13e-02	9.10e-06	3.26e-07	0.00e+00	0.00e+00	0.00e+00	0.00e+00
 2.35239e+23	9.89e-01	1.10e-02	8.94e-06	3.15e-07	0.00e+00	0.00e+00	0.00e+00	0.00e+00
 2.35869e+23	9.89e-01	1.07e-02	8.77e-06	3.04e-07	0.00e+00	0.00e+00	0.00e+00	0.00e+00
 2.36507e+23	9.90e-01	1.05e-02	8.61e-06	2.94e-07	0.00e+00	0.00e+00	0.00e+00	0.00e+00
 2.37150e+23	9.90e-01	1.02e-02	8.45e-06	2.84e-07	0.00e+00	0.00e+00	0.00e+00	0.00e+00
 2.37798e+23	9.90e-01	9.90e-03	8.29e-06	2.74e-07	0.00e+00	0.00e+00	0.00e+00	0.00e+00
 2.38452e+23	9.90e-01	9.63e-03	8.13e-06	2.65e-07	0.00e+00	0.00e+00	0.00e+00	0.00e+00
 2.39112e+23	9.91e-01	9.36e-03	7.98e-06	2.55e-07	0.00e+00	0.00e+00	0.00e+00	0.00e+00
 2.39775e+23	9.91e-01	9.11e-03	7.82e-06	2.46e-07	0.00e+00	0.00e+00	0.00e+00	0.00e+00
 2.40443e+23	9.91e-01	8.86e-03	7.67e-06	2.38e-07	0.00e+00	0.00e+00	0.00e+00	0.00e+00
 2.41116e+23	9.91e-01	8.62e-03	7.52e-06	2.29e-07	0.00e+00	0.00e+00	0.00e+00	0.00e+00
 2.41795e+23	9.92e-01	8.38e-03	7.36e-06	2.21e-07	0.00e+00	0.00e+00	0.00e+00	0.00e+00
 2.42479e+23	9.92e-01	8.15e-03	7.21e-06	2.13e-07	0.00e+00	0.00e+00	0.00e+00	0.00e+00
 2.43167e+23	9.92e-01	7.93e-03	7.07e-06	2.05e-07	0.00e+00	0.00e+00	0.00e+00	0.00e+00
 2.43861e+23	9.92e-01	7.71e-03	6.92e-06	1.97e-07	0.00e+00	0.00e+00	0.00e+00	0.00e+00
 2.44559e+23	9.92e-01	7.49e-03	6.77e-06	1.90e-07	0.00e+00	0.00e+00	0.00e+00	0.00e+00
 2.45263e+23	9.93e-01	7.29e-03	6.63e-06	1.82e-07	0.00e+00	0.00e+00	0.00e+00	0.00e+00
 2.45984e+23	9.93e-01	7.07e-03	6.48e-06	1.75e-07	0.00e+00	0.00e+00	0.00e+00	0.00e+00
 2.46720e+23	9.93e-01	6.87e-03	6.34e-06	1.68e-07	0.00e+00	0.00e+00	0.00e+00	0.00e+00
 2.47462e+23	9.93e-01	6.67e-03	6.19e-06	1.61e-07	0.00e+00	0.00e+00	0.00e+00	0.00e+00
 2.48214e+23	9.94e-01	6.47e-03	6.05e-06	1.54e-07	0.00e+00	0.00e+00	0.00e+00	0.00e+00
 2.48972e+23	9.94e-01	6.28e-03	5.90e-06	1.48e-07	0.00e+00	0.00e+00	0.00e+00	0.00e+00
 2.49740e+23	9.94e-01	6.10e-03	5.76e-06	1.41e-07	0.00e+00	0.00e+00	0.00e+00	0.00e+00
 2.50515e+23	9.94e-01	5.91e-03	5.62e-06	1.35e-07	0.00e+00	0.00e+00	0.00e+00	0.00e+00
 2.51301e+23	9.94e-01	5.73e-03	5.48e-06	1.29e-07	0.00e+00	0.00e+00	0.00e+00	0.00e+00
 2.52100e+23	9.94e-01	5.56e-03	5.34e-06	0.00e+00	0.00e+00	0.00e+00	0.00e+00	0.00e+00
 2.52913e+23	9.95e-01	5.39e-03	5.20e-06	0.00e+00	0.00e+00	0.00e+00	0.00e+00	0.00e+00
 2.53748e+23	9.95e-01	5.21e-03	5.06e-06	0.00e+00	0.00e+00	0.00e+00	0.00e+00	0.00e+00
 2.54603e+23	9.95e-01	5.04e-03	4.92e-06	0.00e+00	0.00e+00	0.00e+00	0.00e+00	0.00e+00
 2.55471e+23	9.95e-01	4.87e-03	4.78e-06	0.00e+00	0.00e+00	0.00e+00	0.00e+00	0.00e+00
 2.56356e+23	9.95e-01	4.71e-03	4.64e-06	0.00e+00	0.00e+00	0.00e+00	0.00e+00	0.00e+00
 2.57255e+23	9.95e-01	4.55e-03	4.50e-06	0.00e+00	0.00e+00	0.00e+00	0.00e+00	0.00e+00
 2.58172e+23	9.96e-01	4.39e-03	4.36e-06	0.00e+00	0.00e+00	0.00e+00	0.00e+00	0.00e+00
 2.59107e+23	9.96e-01	4.24e-03	4.22e-06	0.00e+00	0.00e+00	0.00e+00	0.00e+00	0.00e+00
 2.60062e+23	9.96e-01	4.09e-03	4.08e-06	0.00e+00	0.00e+00	0.00e+00	0.00e+00	0.00e+00
 2.61042e+23	9.96e-01	3.94e-03	3.94e-06	0.00e+00	0.00e+00	0.00e+00	0.00e+00	0.00e+00
 2.62045e+23	9.96e-01	3.79e-03	3.81e-06	0.00e+00	0.00e+00	0.00e+00	0.00e+00	0.00e+00
 2.63070e+23	9.96e-01	3.64e-03	3.67e-06	0.00e+00	0.00e+00	0.00e+00	0.00e+00	0.00e+00
 2.64120e+23	9.96e-01	3.50e-03	3.53e-06	0.00e+00	0.00e+00	0.00e+00	0.00e+00	0.00e+00
 2.65195e+23	9.97e-01	3.36e-03	3.40e-06	0.00e+00	0.00e+00	0.00e+00	0.00e+00	0.00e+00
 2.66297e+23	9.97e-01	3.22e-03	3.26e-06	0.00e+00	0.00e+00	0.00e+00	0.00e+00	0.00e+00
 2.67427e+23	9.97e-01	3.08e-03	3.13e-06	0.00e+00	0.00e+00	0.00e+00	0.00e+00	0.00e+00
 2.68576e+23	9.97e-01	2.95e-03	2.99e-06	0.00e+00	0.00e+00	0.00e+00	0.00e+00	0.00e+00
 2.69733e+23	9.97e-01	2.82e-03	2.87e-06	0.00e+00	0.00e+00	0.00e+00	0.00e+00	0.00e+00
 2.70902e+23	9.97e-01	2.70e-03	2.74e-06	0.00e+00	0.00e+00	0.00e+00	0.00e+00	0.00e+00
 2.72085e+23	9.97e-01	2.57e-03	2.62e-06	0.00e+00	0.00e+00	0.00e+00	0.00e+00	0.00e+00
 2.73280e+23	9.98e-01	2.46e-03	2.50e-06	0.00e+00	0.00e+00	0.00e+00	0.00e+00	0.00e+00
 2.74487e+23	9.98e-01	2.34e-03	2.38e-06	0.00e+00	0.00e+00	0.00e+00	0.00e+00	0.00e+00
 2.75707e+23	9.98e-01	2.23e-03	2.27e-06	0.00e+00	0.00e+00	0.00e+00	0.00e+00	0.00e+00
 2.76940e+23	9.98e-01	2.13e-03	2.15e-06	0.00e+00	0.00e+00	0.00e+00	0.00e+00	0.00e+00
 2.78187e+23	9.98e-01	2.02e-03	2.05e-06	0.00e+00	0.00e+00	0.00e+00	0.00e+00	0.00e+00
 2.79447e+23	9.98e-01	1.92e-03	1.94e-06	0.00e+00	0.00e+00	0.00e+00	0.00e+00	0.00e+00
 2.80716e+23	9.98e-01	1.83e-03	1.84e-06	0.00e+00	0.00e+00	0.00e+00	0.00e+00	0.00e+00
 2.81997e+23	9.98e-01	1.73e-03	1.74e-06	0.00e+00	0.00e+00	0.00e+00	0.00e+00	0.00e+00
 2.83289e+23	9.98e-01	1.64e-03	1.65e-06	0.00e+00	0.00e+00	0.00e+00	0.00e+00	0.00e+00
 2.84590e+23	9.98e-01	1.55e-03	1.55e-06	0.00e+00	0.00e+00	0.00e+00	0.00e+00	0.00e+00
 2.85910e+23	9.99e-01	1.47e-03	1.47e-06	0.00e+00	0.00e+00	0.00e+00	0.00e+00	0.00e+00
 2.87249e+23	9.99e-01	1.39e-03	1.38e-06	0.00e+00	0.00e+00	0.00e+00	0.00e+00	0.00e+00
 2.88603e+23	9.99e-01	1.31e-03	1.30e-06	0.00e+00	0.00e+00	0.00e+00	0.00e+00	0.00e+00
 2.89937e+23	9.99e-01	1.23e-03	1.22e-06	0.00e+00	0.00e+00	0.00e+00	0.00e+00	0.00e+00
 2.91198e+23	9.99e-01	1.17e-03	1.15e-06	0.00e+00	0.00e+00	0.00e+00	0.00e+00	0.00e+00
 2.92369e+23	9.99e-01	1.11e-03	1.09e-06	0.00e+00	0.00e+00	0.00e+00	0.00e+00	0.00e+00
 2.93468e+23	9.99e-01	1.06e-03	1.03e-06	0.00e+00	0.00e+00	0.00e+00	0.00e+00	0.00e+00
 2.94514e+23	9.99e-01	1.01e-03	9.83e-07	0.00e+00	0.00e+00	0.00e+00	0.00e+00	0.00e+00
 2.95515e+23	9.99e-01	9.68e-04	9.37e-07	0.00e+00	0.00e+00	0.00e+00	0.00e+00	0.00e+00
 2.96468e+23	9.99e-01	9.27e-04	8.94e-07	0.00e+00	0.00e+00	0.00e+00	0.00e+00	0.00e+00
 2.97370e+23	9.99e-01	8.90e-04	8.55e-07	0.00e+00	0.00e+00	0.00e+00	0.00e+00	0.00e+00
 2.98223e+23	9.99e-01	8.55e-04	8.19e-07	0.00e+00	0.00e+00	0.00e+00	0.00e+00	0.00e+00
 2.99033e+23	9.99e-01	8.24e-04	7.86e-07	0.00e+00	0.00e+00	0.00e+00	0.00e+00	0.00e+00
 2.99804e+23	9.99e-01	7.95e-04	7.56e-07	0.00e+00	0.00e+00	0.00e+00	0.00e+00	0.00e+00
 3.00534e+23	9.99e-01	7.68e-04	7.28e-07	0.00e+00	0.00e+00	0.00e+00	0.00e+00	0.00e+00
 3.01221e+23	9.99e-01	7.43e-04	7.03e-07	0.00e+00	0.00e+00	0.00e+00	0.00e+00	0.00e+00
 3.01878e+23	9.99e-01	7.20e-04	6.79e-07	0.00e+00	0.00e+00	0.00e+00	0.00e+00	0.00e+00
 3.02512e+23	9.99e-01	6.98e-04	6.57e-07	0.00e+00	0.00e+00	0.00e+00	0.00e+00	0.00e+00
 3.03120e+23	9.99e-01	6.77e-04	6.36e-07	0.00e+00	0.00e+00	0.00e+00	0.00e+00	0.00e+00
 3.03699e+23	9.99e-01	6.59e-04	6.16e-07	0.00e+00	0.00e+00	0.00e+00	0.00e+00	0.00e+00
 3.04248e+23	9.99e-01	6.41e-04	5.98e-07	0.00e+00	0.00e+00	0.00e+00	0.00e+00	0.00e+00
 3.04772e+23	9.99e-01	6.24e-04	5.82e-07	0.00e+00	0.00e+00	0.00e+00	0.00e+00	0.00e+00
 3.05275e+23	9.99e-01	6.09e-04	5.66e-07	0.00e+00	0.00e+00	0.00e+00	0.00e+00	0.00e+00
 3.05760e+23	9.99e-01	5.94e-04	5.51e-07	0.00e+00	0.00e+00	0.00e+00	0.00e+00	0.00e+00
 3.06229e+23	9.99e-01	5.80e-04	5.37e-07	0.00e+00	0.00e+00	0.00e+00	0.00e+00	0.00e+00
 3.06680e+23	9.99e-01	5.67e-04	5.24e-07	0.00e+00	0.00e+00	0.00e+00	0.00e+00	0.00e+00
 3.07112e+23	9.99e-01	5.54e-04	5.11e-07	0.00e+00	0.00e+00	0.00e+00	0.00e+00	0.00e+00
 3.07529e+23	9.99e-01	5.42e-04	4.99e-07	0.00e+00	0.00e+00	0.00e+00	0.00e+00	0.00e+00
 3.07935e+23	9.99e-01	5.31e-04	4.88e-07	0.00e+00	0.00e+00	0.00e+00	0.00e+00	0.00e+00
 3.08329e+23	9.99e-01	5.20e-04	4.77e-07	0.00e+00	0.00e+00	0.00e+00	0.00e+00	0.00e+00
 3.08545e+23	9.99e-01	5.36e-04	4.74e-07	0.00e+00	0.00e+00	0.00e+00	0.00e+00	0.00e+00
