#depth	O	O+	O+2	O+3	O+4	O+5	O+6	O+7	O+8	O[1]	O[2]	O[3]
 4.62852e+21	1.18e-12	1.77e-07	4.90e-04	4.98e-02	2.55e-01	3.79e-01	3.12e-01	3.04e-03	5.68e-06	1.18e-12	2.76e-22	3.25e-22
 1.04231e+22	6.45e-12	7.05e-07	1.35e-03	9.40e-02	3.34e-01	3.64e-01	2.05e-01	1.36e-03	1.73e-06	6.45e-12	1.74e-21	2.04e-21
 1.21721e+22	1.48e-11	1.36e-06	2.17e-03	1.25e-01	3.69e-01	3.43e-01	1.60e-01	8.76e-04	9.21e-07	1.48e-11	4.36e-21	5.10e-21
 1.32215e+22	2.85e-11	2.27e-06	3.11e-03	1.53e-01	3.93e-01	3.21e-01	1.29e-01	6.05e-04	5.47e-07	2.85e-11	9.05e-21	1.06e-20
 1.38235e+22	3.47e-11	2.64e-06	3.45e-03	1.63e-01	3.99e-01	3.14e-01	1.20e-01	5.40e-04	4.65e-07	3.47e-11	1.13e-20	1.31e-20
 1.41354e+22	4.41e-11	3.17e-06	3.92e-03	1.75e-01	4.06e-01	3.05e-01	1.10e-01	4.68e-04	3.82e-07	4.41e-11	1.47e-20	1.72e-20
 1.44823e+22	5.59e-11	3.80e-06	4.44e-03	1.87e-01	4.12e-01	2.95e-01	1.01e-01	4.05e-04	3.12e-07	5.59e-11	1.92e-20	2.24e-20
 1.48208e+22	6.99e-11	4.49e-06	4.99e-03	1.99e-01	4.17e-01	2.85e-01	9.30e-02	3.53e-04	2.58e-07	6.99e-11	2.47e-20	2.88e-20
 1.52067e+22	9.49e-11	5.65e-06	5.84e-03	2.17e-01	4.22e-01	2.72e-01	8.25e-02	2.91e-04	1.98e-07	9.49e-11	3.49e-20	4.06e-20
 1.55905e+22	1.19e-10	6.70e-06	6.55e-03	2.30e-01	4.26e-01	2.62e-01	7.52e-02	2.51e-04	1.61e-07	1.19e-10	4.51e-20	5.26e-20
 1.59716e+22	1.58e-10	8.27e-06	7.55e-03	2.48e-01	4.29e-01	2.49e-01	6.68e-02	2.08e-04	1.25e-07	1.58e-10	6.23e-20	7.26e-20
 1.63671e+22	2.04e-10	9.98e-06	8.56e-03	2.64e-01	4.31e-01	2.37e-01	5.99e-02	1.75e-04	0.00e+00	2.04e-10	8.31e-20	9.68e-20
 1.67209e+22	2.57e-10	1.18e-05	9.57e-03	2.79e-01	4.31e-01	2.26e-01	5.41e-02	1.49e-04	0.00e+00	2.57e-10	1.08e-19	1.26e-19
 1.71201e+22	3.46e-10	1.47e-05	1.10e-02	2.99e-01	4.31e-01	2.12e-01	4.72e-02	1.21e-04	0.00e+00	3.46e-10	1.52e-19	1.77e-19
 1.75319e+22	4.46e-10	1.76e-05	1.24e-02	3.16e-01	4.29e-01	2.00e-01	4.19e-02	1.01e-04	0.00e+00	4.46e-10	2.03e-19	2.37e-19
 1.79599e+22	6.10e-10	2.20e-05	1.44e-02	3.38e-01	4.25e-01	1.86e-01	3.60e-02	8.00e-05	0.00e+00	6.10e-10	2.92e-19	3.40e-19
 1.83970e+22	7.93e-10	2.66e-05	1.62e-02	3.57e-01	4.21e-01	1.74e-01	3.16e-02	6.56e-05	0.00e+00	7.93e-10	3.95e-19	4.59e-19
 1.88456e+22	1.10e-09	3.36e-05	1.88e-02	3.81e-01	4.15e-01	1.59e-01	2.67e-02	5.08e-05	0.00e+00	1.10e-09	5.80e-19	6.74e-19
 1.92944e+22	1.42e-09	4.01e-05	2.10e-02	3.99e-01	4.08e-01	1.48e-01	2.34e-02	4.16e-05	0.00e+00	1.42e-09	7.77e-19	9.04e-19
 1.96566e+22	1.76e-09	4.65e-05	2.31e-02	4.15e-01	4.02e-01	1.39e-01	2.08e-02	3.51e-05	0.00e+00	1.76e-09	9.98e-19	1.16e-18
 2.00407e+22	2.32e-09	5.64e-05	2.60e-02	4.35e-01	3.94e-01	1.28e-01	1.79e-02	2.79e-05	0.00e+00	2.32e-09	1.38e-18	1.61e-18
 2.04674e+22	3.04e-09	6.78e-05	2.91e-02	4.54e-01	3.84e-01	1.18e-01	1.53e-02	2.24e-05	0.00e+00	3.04e-09	1.89e-18	2.20e-18
 2.08429e+22	3.74e-09	7.82e-05	3.18e-02	4.68e-01	3.76e-01	1.10e-01	1.36e-02	1.87e-05	0.00e+00	3.74e-09	2.42e-18	2.81e-18
 2.12244e+22	4.90e-09	9.40e-05	3.55e-02	4.87e-01	3.65e-01	1.00e-01	1.16e-02	1.48e-05	0.00e+00	4.90e-09	3.32e-18	3.87e-18
 2.16077e+22	6.04e-09	1.08e-04	3.86e-02	5.01e-01	3.57e-01	9.31e-02	1.02e-02	1.24e-05	0.00e+00	6.04e-09	4.25e-18	4.95e-18
 2.19935e+22	7.88e-09	1.29e-04	4.30e-02	5.19e-01	3.45e-01	8.46e-02	8.68e-03	9.74e-06	0.00e+00	7.88e-09	5.84e-18	6.81e-18
 2.23826e+22	9.76e-09	1.49e-04	4.67e-02	5.33e-01	3.35e-01	7.81e-02	7.59e-03	8.02e-06	0.00e+00	9.76e-09	7.53e-18	8.77e-18
 2.27236e+22	1.20e-08	1.71e-04	5.06e-02	5.46e-01	3.25e-01	7.21e-02	6.65e-03	6.63e-06	0.00e+00	1.20e-08	9.64e-18	1.12e-17
 2.31146e+22	1.55e-08	2.03e-04	5.59e-02	5.61e-01	3.12e-01	6.51e-02	5.62e-03	5.22e-06	0.00e+00	1.55e-08	1.32e-17	1.54e-17
 2.35116e+22	1.93e-08	2.35e-04	6.07e-02	5.74e-01	3.01e-01	5.96e-02	4.86e-03	4.23e-06	0.00e+00	1.93e-08	1.71e-17	2.00e-17
 2.38573e+22	2.37e-08	2.68e-04	6.54e-02	5.85e-01	2.91e-01	5.48e-02	4.24e-03	3.49e-06	0.00e+00	2.37e-08	2.18e-17	2.55e-17
 2.42478e+22	3.05e-08	3.16e-04	7.17e-02	5.97e-01	2.78e-01	4.92e-02	3.57e-03	2.73e-06	0.00e+00	3.05e-08	2.97e-17	3.47e-17
 2.46517e+22	3.80e-08	3.65e-04	7.76e-02	6.08e-01	2.66e-01	4.46e-02	3.06e-03	2.19e-06	0.00e+00	3.80e-08	3.88e-17	4.53e-17
 2.50125e+22	4.67e-08	4.17e-04	8.35e-02	6.17e-01	2.56e-01	4.06e-02	2.65e-03	1.78e-06	0.00e+00	4.67e-08	4.98e-17	5.82e-17
 2.54211e+22	6.04e-08	4.92e-04	9.14e-02	6.27e-01	2.43e-01	3.61e-02	2.20e-03	1.37e-06	0.00e+00	6.04e-08	6.84e-17	7.99e-17
 2.58438e+22	7.55e-08	5.68e-04	9.87e-02	6.35e-01	2.31e-01	3.25e-02	1.87e-03	1.09e-06	0.00e+00	7.55e-08	8.97e-17	1.05e-16
 2.62241e+22	9.35e-08	6.50e-04	1.06e-01	6.42e-01	2.20e-01	2.93e-02	1.59e-03	8.74e-07	0.00e+00	9.35e-08	1.17e-16	1.36e-16
 2.66581e+22	1.23e-07	7.75e-04	1.16e-01	6.50e-01	2.07e-01	2.55e-02	1.30e-03	6.53e-07	0.00e+00	1.23e-07	1.63e-16	1.91e-16
 2.70949e+22	1.52e-07	8.84e-04	1.25e-01	6.54e-01	1.96e-01	2.29e-02	1.10e-03	5.22e-07	0.00e+00	1.52e-07	2.12e-16	2.48e-16
 2.75355e+22	2.01e-07	1.05e-03	1.36e-01	6.59e-01	1.83e-01	1.98e-02	8.87e-04	3.84e-07	0.00e+00	2.01e-07	2.99e-16	3.49e-16
 2.79772e+22	2.47e-07	1.20e-03	1.46e-01	6.61e-01	1.73e-01	1.77e-02	7.53e-04	3.06e-07	0.00e+00	2.47e-07	3.86e-16	4.52e-16
 2.83503e+22	3.00e-07	1.36e-03	1.55e-01	6.63e-01	1.64e-01	1.59e-02	6.44e-04	2.46e-07	0.00e+00	3.00e-07	4.91e-16	5.75e-16
 2.87652e+22	3.81e-07	1.57e-03	1.67e-01	6.63e-01	1.54e-01	1.39e-02	5.31e-04	1.89e-07	0.00e+00	3.81e-07	6.62e-16	7.74e-16
 2.91883e+22	4.71e-07	1.79e-03	1.78e-01	6.63e-01	1.44e-01	1.23e-02	4.45e-04	1.48e-07	0.00e+00	4.71e-07	8.60e-16	1.01e-15
 2.95491e+22	5.66e-07	2.01e-03	1.88e-01	6.62e-01	1.37e-01	1.11e-02	3.82e-04	0.00e+00	0.00e+00	5.66e-07	1.08e-15	1.26e-15
 2.99452e+22	7.07e-07	2.30e-03	2.01e-01	6.59e-01	1.28e-01	9.70e-03	3.17e-04	0.00e+00	0.00e+00	7.07e-07	1.43e-15	1.67e-15
 3.03616e+22	8.73e-07	2.63e-03	2.14e-01	6.55e-01	1.20e-01	8.53e-03	2.64e-04	0.00e+00	0.00e+00	8.73e-07	1.86e-15	2.17e-15
 3.07315e+22	1.05e-06	2.94e-03	2.25e-01	6.51e-01	1.13e-01	7.62e-03	2.26e-04	0.00e+00	0.00e+00	1.05e-06	2.34e-15	2.73e-15
 3.11397e+22	1.31e-06	3.37e-03	2.40e-01	6.45e-01	1.05e-01	6.61e-03	1.85e-04	0.00e+00	0.00e+00	1.31e-06	3.11e-15	3.63e-15
 3.15674e+22	1.61e-06	3.82e-03	2.54e-01	6.39e-01	9.74e-02	5.79e-03	1.54e-04	0.00e+00	0.00e+00	1.61e-06	4.02e-15	4.70e-15
 3.19520e+22	1.95e-06	4.29e-03	2.68e-01	6.31e-01	9.09e-02	5.09e-03	1.30e-04	0.00e+00	0.00e+00	1.95e-06	5.13e-15	5.99e-15
 3.23833e+22	2.46e-06	4.94e-03	2.85e-01	6.22e-01	8.36e-02	4.36e-03	1.05e-04	0.00e+00	0.00e+00	2.46e-06	6.89e-15	8.04e-15
 3.28287e+22	3.02e-06	5.60e-03	3.01e-01	6.12e-01	7.73e-02	3.78e-03	8.65e-05	0.00e+00	0.00e+00	3.02e-06	8.93e-15	1.04e-14
 3.32223e+22	3.68e-06	6.30e-03	3.17e-01	6.01e-01	7.16e-02	3.29e-03	7.18e-05	0.00e+00	0.00e+00	3.68e-06	1.14e-14	1.34e-14
 3.36637e+22	4.62e-06	7.24e-03	3.36e-01	5.88e-01	6.54e-02	2.79e-03	5.77e-05	0.00e+00	0.00e+00	4.62e-06	1.54e-14	1.79e-14
 3.41230e+22	5.74e-06	8.25e-03	3.55e-01	5.75e-01	5.97e-02	2.37e-03	4.66e-05	0.00e+00	0.00e+00	5.74e-06	2.02e-14	2.36e-14
 3.45244e+22	6.88e-06	9.20e-03	3.71e-01	5.62e-01	5.52e-02	2.07e-03	3.89e-05	0.00e+00	0.00e+00	6.88e-06	2.55e-14	2.98e-14
 3.49651e+22	8.60e-06	1.05e-02	3.92e-01	5.46e-01	5.01e-02	1.74e-03	3.10e-05	0.00e+00	0.00e+00	8.60e-06	3.41e-14	3.98e-14
 3.54325e+22	1.07e-05	1.20e-02	4.12e-01	5.29e-01	4.53e-02	1.46e-03	2.48e-05	0.00e+00	0.00e+00	1.07e-05	4.49e-14	5.24e-14
 3.58530e+22	1.29e-05	1.34e-02	4.30e-01	5.14e-01	4.14e-02	1.25e-03	2.03e-05	0.00e+00	0.00e+00	1.29e-05	5.71e-14	6.66e-14
 3.61864e+22	1.46e-05	1.44e-02	4.42e-01	5.03e-01	3.89e-02	1.13e-03	1.78e-05	0.00e+00	0.00e+00	1.46e-05	6.69e-14	7.81e-14
 3.64881e+22	1.70e-05	1.58e-02	4.57e-01	4.90e-01	3.61e-02	9.88e-04	1.51e-05	0.00e+00	0.00e+00	1.70e-05	8.16e-14	9.51e-14
 3.68804e+22	2.07e-05	1.78e-02	4.77e-01	4.72e-01	3.27e-02	8.34e-04	1.21e-05	0.00e+00	0.00e+00	2.07e-05	1.05e-13	1.23e-13
 3.73095e+22	2.47e-05	1.97e-02	4.95e-01	4.55e-01	2.97e-02	7.10e-04	9.92e-06	0.00e+00	0.00e+00	2.47e-05	1.33e-13	1.55e-13
 3.77865e+22	3.17e-05	2.28e-02	5.19e-01	4.31e-01	2.59e-02	5.66e-04	7.49e-06	0.00e+00	0.00e+00	3.17e-05	1.83e-13	2.13e-13
 3.82526e+22	3.76e-05	2.53e-02	5.37e-01	4.14e-01	2.35e-02	4.81e-04	6.11e-06	0.00e+00	0.00e+00	3.76e-05	2.29e-13	2.66e-13
 3.87043e+22	4.71e-05	2.89e-02	5.59e-01	3.91e-01	2.06e-02	3.87e-04	4.68e-06	0.00e+00	0.00e+00	4.71e-05	3.07e-13	3.56e-13
 3.91081e+22	5.38e-05	3.12e-02	5.72e-01	3.77e-01	1.90e-02	3.39e-04	3.97e-06	0.00e+00	0.00e+00	5.38e-05	3.64e-13	4.23e-13
 3.94497e+22	6.33e-05	3.44e-02	5.88e-01	3.60e-01	1.71e-02	2.87e-04	3.25e-06	0.00e+00	0.00e+00	6.33e-05	4.53e-13	5.23e-13
 3.98031e+22	7.27e-05	3.73e-02	6.01e-01	3.45e-01	1.57e-02	2.49e-04	2.73e-06	0.00e+00	0.00e+00	7.27e-05	5.44e-13	6.27e-13
 4.01719e+22	8.64e-05	4.13e-02	6.17e-01	3.27e-01	1.40e-02	2.07e-04	2.19e-06	0.00e+00	0.00e+00	8.64e-05	6.85e-13	7.88e-13
 4.05435e+22	9.93e-05	4.48e-02	6.30e-01	3.12e-01	1.27e-02	1.78e-04	1.82e-06	0.00e+00	0.00e+00	9.93e-05	8.24e-13	9.45e-13
 4.08694e+22	1.14e-04	4.84e-02	6.42e-01	2.98e-01	1.15e-02	1.53e-04	1.52e-06	0.00e+00	0.00e+00	1.14e-04	9.89e-13	1.13e-12
 4.12440e+22	1.34e-04	5.34e-02	6.56e-01	2.80e-01	1.02e-02	1.27e-04	1.21e-06	0.00e+00	0.00e+00	1.34e-04	1.24e-12	1.41e-12
 4.16273e+22	1.55e-04	5.80e-02	6.67e-01	2.65e-01	9.19e-03	1.07e-04	9.91e-07	0.00e+00	0.00e+00	1.55e-04	1.51e-12	1.70e-12
 4.19673e+22	1.78e-04	6.28e-02	6.78e-01	2.51e-01	8.27e-03	9.11e-05	8.16e-07	0.00e+00	0.00e+00	1.78e-04	1.82e-12	2.04e-12
 4.23549e+22	2.11e-04	6.93e-02	6.89e-01	2.34e-01	7.23e-03	7.42e-05	6.39e-07	0.00e+00	0.00e+00	2.11e-04	2.30e-12	2.57e-12
 4.27516e+22	2.43e-04	7.53e-02	6.99e-01	2.19e-01	6.42e-03	6.19e-05	5.16e-07	0.00e+00	0.00e+00	2.43e-04	2.81e-12	3.10e-12
 4.31024e+22	2.79e-04	8.14e-02	7.07e-01	2.06e-01	5.72e-03	5.19e-05	4.19e-07	0.00e+00	0.00e+00	2.79e-04	3.40e-12	3.73e-12
 4.35005e+22	3.30e-04	8.97e-02	7.15e-01	1.90e-01	4.95e-03	4.17e-05	3.24e-07	0.00e+00	0.00e+00	3.30e-04	4.32e-12	4.68e-12
 4.39140e+22	3.83e-04	9.76e-02	7.22e-01	1.75e-01	4.32e-03	3.41e-05	2.55e-07	0.00e+00	0.00e+00	3.83e-04	5.34e-12	5.71e-12
 4.42865e+22	4.40e-04	1.06e-01	7.27e-01	1.63e-01	3.79e-03	2.81e-05	2.04e-07	0.00e+00	0.00e+00	4.40e-04	6.51e-12	6.89e-12
 4.47100e+22	5.23e-04	1.16e-01	7.32e-01	1.48e-01	3.22e-03	2.20e-05	1.53e-07	0.00e+00	0.00e+00	5.23e-04	8.39e-12	8.72e-12
 4.51445e+22	6.04e-04	1.26e-01	7.35e-01	1.35e-01	2.78e-03	1.78e-05	0.00e+00	0.00e+00	0.00e+00	6.04e-04	1.04e-11	1.06e-11
 4.55343e+22	6.97e-04	1.37e-01	7.36e-01	1.24e-01	2.40e-03	1.44e-05	0.00e+00	0.00e+00	0.00e+00	6.97e-04	1.28e-11	1.29e-11
 4.59818e+22	8.35e-04	1.51e-01	7.36e-01	1.10e-01	1.98e-03	1.09e-05	0.00e+00	0.00e+00	0.00e+00	8.35e-04	1.68e-11	1.65e-11
 4.64310e+22	9.57e-04	1.63e-01	7.34e-01	1.00e-01	1.69e-03	8.74e-06	0.00e+00	0.00e+00	0.00e+00	9.57e-04	2.07e-11	1.99e-11
 4.68826e+22	1.15e-03	1.80e-01	7.29e-01	8.81e-02	1.38e-03	6.52e-06	0.00e+00	0.00e+00	0.00e+00	1.15e-03	2.72e-11	2.56e-11
 4.73380e+22	1.31e-03	1.93e-01	7.25e-01	7.94e-02	1.17e-03	5.18e-06	0.00e+00	0.00e+00	0.00e+00	1.31e-03	3.34e-11	3.08e-11
 4.77983e+22	1.56e-03	2.13e-01	7.16e-01	6.91e-02	9.44e-04	3.84e-06	0.00e+00	0.00e+00	0.00e+00	1.56e-03	4.39e-11	3.94e-11
 4.82705e+22	1.79e-03	2.29e-01	7.07e-01	6.14e-02	7.87e-04	2.99e-06	0.00e+00	0.00e+00	0.00e+00	1.79e-03	5.44e-11	4.77e-11
 4.87582e+22	2.16e-03	2.53e-01	6.92e-01	5.22e-02	6.16e-04	2.13e-06	0.00e+00	0.00e+00	0.00e+00	2.16e-03	7.27e-11	6.19e-11
 4.92488e+22	2.46e-03	2.71e-01	6.80e-01	4.59e-02	5.08e-04	1.64e-06	0.00e+00	0.00e+00	0.00e+00	2.46e-03	8.97e-11	7.47e-11
 4.97433e+22	2.96e-03	2.98e-01	6.60e-01	3.84e-02	3.91e-04	1.15e-06	0.00e+00	0.00e+00	0.00e+00	2.96e-03	1.20e-10	9.67e-11
 5.02497e+22	3.39e-03	3.19e-01	6.44e-01	3.32e-02	3.16e-04	8.64e-07	0.00e+00	0.00e+00	0.00e+00	3.39e-03	1.49e-10	1.18e-10
 5.07716e+22	4.10e-03	3.52e-01	6.17e-01	2.71e-02	2.36e-04	5.85e-07	0.00e+00	0.00e+00	0.00e+00	4.10e-03	2.00e-10	1.54e-10
 5.13064e+22	4.69e-03	3.76e-01	5.96e-01	2.30e-02	1.87e-04	4.30e-07	0.00e+00	0.00e+00	0.00e+00	4.69e-03	2.48e-10	1.87e-10
 5.17346e+22	5.26e-03	3.97e-01	5.77e-01	1.99e-02	1.53e-04	3.31e-07	0.00e+00	0.00e+00	0.00e+00	5.26e-03	2.97e-10	2.21e-10
 5.21065e+22	5.88e-03	4.19e-01	5.58e-01	1.73e-02	1.26e-04	2.56e-07	0.00e+00	0.00e+00	0.00e+00	5.88e-03	3.53e-10	2.59e-10
 5.25291e+22	6.76e-03	4.48e-01	5.31e-01	1.43e-02	9.85e-05	1.84e-07	0.00e+00	0.00e+00	0.00e+00	6.76e-03	4.39e-10	3.16e-10
 5.29584e+22	7.57e-03	4.72e-01	5.08e-01	1.22e-02	7.93e-05	1.39e-07	0.00e+00	0.00e+00	0.00e+00	7.57e-03	5.21e-10	3.69e-10
 5.33391e+22	8.46e-03	4.97e-01	4.84e-01	1.03e-02	6.39e-05	0.00e+00	0.00e+00	0.00e+00	0.00e+00	8.46e-03	6.19e-10	4.32e-10
 5.37768e+22	9.75e-03	5.29e-01	4.53e-01	8.32e-03	4.85e-05	0.00e+00	0.00e+00	0.00e+00	0.00e+00	9.75e-03	7.70e-10	5.29e-10
 5.42244e+22	1.10e-02	5.56e-01	4.26e-01	6.85e-03	3.79e-05	0.00e+00	0.00e+00	0.00e+00	0.00e+00	1.10e-02	9.19e-10	6.22e-10
 5.46215e+22	1.23e-02	5.83e-01	3.99e-01	5.63e-03	2.98e-05	0.00e+00	0.00e+00	0.00e+00	0.00e+00	1.23e-02	1.09e-09	7.31e-10
 5.50740e+22	1.42e-02	6.17e-01	3.65e-01	4.34e-03	2.18e-05	0.00e+00	0.00e+00	0.00e+00	0.00e+00	1.42e-02	1.36e-09	8.97e-10
 5.55406e+22	1.61e-02	6.46e-01	3.34e-01	3.41e-03	1.64e-05	0.00e+00	0.00e+00	0.00e+00	0.00e+00	1.61e-02	1.64e-09	1.07e-09
 5.59395e+22	1.80e-02	6.71e-01	3.08e-01	2.73e-03	1.27e-05	0.00e+00	0.00e+00	0.00e+00	0.00e+00	1.80e-02	1.93e-09	1.24e-09
 5.63723e+22	2.07e-02	7.03e-01	2.75e-01	2.03e-03	9.24e-06	0.00e+00	0.00e+00	0.00e+00	0.00e+00	2.07e-02	2.38e-09	1.52e-09
 5.68286e+22	2.37e-02	7.30e-01	2.45e-01	1.52e-03	6.79e-06	0.00e+00	0.00e+00	0.00e+00	0.00e+00	2.37e-02	2.88e-09	1.81e-09
 5.72263e+22	2.66e-02	7.53e-01	2.20e-01	1.17e-03	5.16e-06	0.00e+00	0.00e+00	0.00e+00	0.00e+00	2.66e-02	3.40e-09	2.12e-09
 5.76539e+22	3.08e-02	7.79e-01	1.89e-01	8.19e-04	3.64e-06	0.00e+00	0.00e+00	0.00e+00	0.00e+00	3.08e-02	4.20e-09	2.60e-09
 5.80984e+22	3.53e-02	8.01e-01	1.63e-01	5.83e-04	2.64e-06	0.00e+00	0.00e+00	0.00e+00	0.00e+00	3.53e-02	5.09e-09	3.13e-09
 5.84854e+22	4.02e-02	8.19e-01	1.41e-01	4.19e-04	1.96e-06	0.00e+00	0.00e+00	0.00e+00	0.00e+00	4.02e-02	6.08e-09	3.71e-09
 5.88370e+22	4.54e-02	8.33e-01	1.22e-01	3.04e-04	1.48e-06	0.00e+00	0.00e+00	0.00e+00	0.00e+00	4.54e-02	7.17e-09	4.36e-09
 5.92218e+22	5.31e-02	8.47e-01	9.99e-02	1.99e-04	1.03e-06	0.00e+00	0.00e+00	0.00e+00	0.00e+00	5.31e-02	8.89e-09	5.38e-09
 5.96115e+22	6.17e-02	8.56e-01	8.21e-02	1.33e-04	7.46e-07	0.00e+00	0.00e+00	0.00e+00	0.00e+00	6.17e-02	1.08e-08	6.52e-09
 5.99375e+22	7.11e-02	8.61e-01	6.78e-02	8.98e-05	5.50e-07	0.00e+00	0.00e+00	0.00e+00	0.00e+00	7.11e-02	1.30e-08	7.81e-09
 6.02910e+22	8.47e-02	8.62e-01	5.28e-02	5.46e-05	3.75e-07	0.00e+00	0.00e+00	0.00e+00	0.00e+00	8.47e-02	1.62e-08	9.79e-09
 6.05448e+22	9.40e-02	8.60e-01	4.56e-02	4.13e-05	3.08e-07	0.00e+00	0.00e+00	0.00e+00	0.00e+00	9.40e-02	1.83e-08	1.11e-08
 6.06242e+22	9.77e-02	8.59e-01	4.33e-02	3.73e-05	2.85e-07	0.00e+00	0.00e+00	0.00e+00	0.00e+00	9.77e-02	1.91e-08	1.16e-08
 6.06783e+22	1.01e-01	8.58e-01	4.14e-02	3.42e-05	2.68e-07	0.00e+00	0.00e+00	0.00e+00	0.00e+00	1.01e-01	1.98e-08	1.20e-08
 6.07441e+22	1.05e-01	8.56e-01	3.90e-02	3.06e-05	2.47e-07	0.00e+00	0.00e+00	0.00e+00	0.00e+00	1.05e-01	2.08e-08	1.26e-08
 6.08214e+22	1.09e-01	8.54e-01	3.65e-02	2.70e-05	2.24e-07	0.00e+00	0.00e+00	0.00e+00	0.00e+00	1.09e-01	2.20e-08	1.33e-08
 6.08990e+22	1.14e-01	8.52e-01	3.41e-02	2.38e-05	2.04e-07	0.00e+00	0.00e+00	0.00e+00	0.00e+00	1.14e-01	2.32e-08	1.40e-08
 6.09717e+22	1.19e-01	8.49e-01	3.20e-02	2.11e-05	1.87e-07	0.00e+00	0.00e+00	0.00e+00	0.00e+00	1.19e-01	2.43e-08	1.48e-08
 6.10430e+22	1.25e-01	8.46e-01	2.98e-02	1.86e-05	1.70e-07	0.00e+00	0.00e+00	0.00e+00	0.00e+00	1.25e-01	2.56e-08	1.56e-08
 6.11129e+22	1.30e-01	8.42e-01	2.80e-02	1.65e-05	1.55e-07	0.00e+00	0.00e+00	0.00e+00	0.00e+00	1.30e-01	2.69e-08	1.64e-08
 6.11823e+22	1.36e-01	8.38e-01	2.61e-02	1.45e-05	1.41e-07	0.00e+00	0.00e+00	0.00e+00	0.00e+00	1.36e-01	2.84e-08	1.72e-08
 6.12516e+22	1.42e-01	8.34e-01	2.43e-02	1.28e-05	1.28e-07	0.00e+00	0.00e+00	0.00e+00	0.00e+00	1.42e-01	2.98e-08	1.82e-08
 6.13182e+22	1.48e-01	8.29e-01	2.26e-02	1.12e-05	0.00e+00	0.00e+00	0.00e+00	0.00e+00	0.00e+00	1.48e-01	3.14e-08	1.91e-08
 6.13820e+22	1.55e-01	8.24e-01	2.11e-02	9.96e-06	0.00e+00	0.00e+00	0.00e+00	0.00e+00	0.00e+00	1.55e-01	3.29e-08	2.01e-08
 6.14446e+22	1.61e-01	8.19e-01	1.97e-02	8.79e-06	0.00e+00	0.00e+00	0.00e+00	0.00e+00	0.00e+00	1.61e-01	3.46e-08	2.11e-08
 6.15077e+22	1.68e-01	8.13e-01	1.83e-02	7.77e-06	0.00e+00	0.00e+00	0.00e+00	0.00e+00	0.00e+00	1.68e-01	3.62e-08	2.21e-08
 6.15717e+22	1.76e-01	8.07e-01	1.70e-02	6.80e-06	0.00e+00	0.00e+00	0.00e+00	0.00e+00	0.00e+00	1.76e-01	3.81e-08	2.33e-08
 6.16350e+22	1.84e-01	8.00e-01	1.57e-02	5.97e-06	0.00e+00	0.00e+00	0.00e+00	0.00e+00	0.00e+00	1.84e-01	4.00e-08	2.45e-08
 6.16954e+22	1.93e-01	7.93e-01	1.45e-02	5.23e-06	0.00e+00	0.00e+00	0.00e+00	0.00e+00	0.00e+00	1.93e-01	4.20e-08	2.57e-08
 6.17529e+22	2.00e-01	7.86e-01	1.35e-02	4.64e-06	0.00e+00	0.00e+00	0.00e+00	0.00e+00	0.00e+00	2.00e-01	4.39e-08	2.69e-08
 6.18115e+22	2.09e-01	7.78e-01	1.25e-02	4.08e-06	0.00e+00	0.00e+00	0.00e+00	0.00e+00	0.00e+00	2.09e-01	4.60e-08	2.82e-08
 6.18728e+22	2.20e-01	7.69e-01	1.15e-02	3.55e-06	0.00e+00	0.00e+00	0.00e+00	0.00e+00	0.00e+00	2.20e-01	4.83e-08	2.97e-08
 6.19298e+22	2.30e-01	7.60e-01	1.06e-02	3.11e-06	0.00e+00	0.00e+00	0.00e+00	0.00e+00	0.00e+00	2.30e-01	5.05e-08	3.11e-08
 6.19821e+22	2.38e-01	7.52e-01	9.87e-03	2.78e-06	0.00e+00	0.00e+00	0.00e+00	0.00e+00	0.00e+00	2.38e-01	5.25e-08	3.24e-08
 6.20376e+22	2.50e-01	7.41e-01	9.07e-03	2.43e-06	0.00e+00	0.00e+00	0.00e+00	0.00e+00	0.00e+00	2.50e-01	5.49e-08	3.39e-08
 6.20949e+22	2.61e-01	7.30e-01	8.31e-03	2.11e-06	0.00e+00	0.00e+00	0.00e+00	0.00e+00	0.00e+00	2.61e-01	5.75e-08	3.54e-08
 6.21472e+22	2.72e-01	7.20e-01	7.67e-03	1.87e-06	0.00e+00	0.00e+00	0.00e+00	0.00e+00	0.00e+00	2.72e-01	5.98e-08	3.69e-08
 6.21978e+22	2.83e-01	7.10e-01	7.10e-03	1.66e-06	0.00e+00	0.00e+00	0.00e+00	0.00e+00	0.00e+00	2.83e-01	6.20e-08	3.83e-08
 6.22530e+22	2.96e-01	6.97e-01	6.48e-03	1.45e-06	0.00e+00	0.00e+00	0.00e+00	0.00e+00	0.00e+00	2.96e-01	6.47e-08	4.00e-08
 6.23091e+22	3.09e-01	6.85e-01	5.92e-03	1.27e-06	0.00e+00	0.00e+00	0.00e+00	0.00e+00	0.00e+00	3.09e-01	6.73e-08	4.16e-08
 6.23619e+22	3.22e-01	6.72e-01	5.41e-03	1.11e-06	0.00e+00	0.00e+00	0.00e+00	0.00e+00	0.00e+00	3.22e-01	6.99e-08	4.32e-08
 6.24135e+22	3.36e-01	6.59e-01	4.95e-03	9.78e-07	0.00e+00	0.00e+00	0.00e+00	0.00e+00	0.00e+00	3.36e-01	7.24e-08	4.48e-08
 6.24634e+22	3.50e-01	6.46e-01	4.54e-03	8.65e-07	0.00e+00	0.00e+00	0.00e+00	0.00e+00	0.00e+00	3.50e-01	7.48e-08	4.64e-08
 6.25135e+22	3.64e-01	6.32e-01	4.15e-03	7.63e-07	0.00e+00	0.00e+00	0.00e+00	0.00e+00	0.00e+00	3.64e-01	7.73e-08	4.79e-08
 6.25648e+22	3.79e-01	6.18e-01	3.78e-03	6.71e-07	0.00e+00	0.00e+00	0.00e+00	0.00e+00	0.00e+00	3.79e-01	7.98e-08	4.95e-08
 6.26163e+22	3.94e-01	6.03e-01	3.43e-03	5.91e-07	0.00e+00	0.00e+00	0.00e+00	0.00e+00	0.00e+00	3.94e-01	8.22e-08	5.10e-08
 6.26676e+22	4.10e-01	5.87e-01	3.12e-03	5.20e-07	0.00e+00	0.00e+00	0.00e+00	0.00e+00	0.00e+00	4.10e-01	8.46e-08	5.25e-08
 6.27187e+22	4.26e-01	5.71e-01	2.83e-03	4.59e-07	0.00e+00	0.00e+00	0.00e+00	0.00e+00	0.00e+00	4.26e-01	8.69e-08	5.39e-08
 6.27698e+22	4.42e-01	5.55e-01	2.56e-03	4.04e-07	0.00e+00	0.00e+00	0.00e+00	0.00e+00	0.00e+00	4.42e-01	8.91e-08	5.52e-08
 6.28211e+22	4.59e-01	5.39e-01	2.32e-03	3.57e-07	0.00e+00	0.00e+00	0.00e+00	0.00e+00	0.00e+00	4.59e-01	9.12e-08	5.65e-08
 6.28730e+22	4.76e-01	5.22e-01	2.09e-03	3.15e-07	0.00e+00	0.00e+00	0.00e+00	0.00e+00	0.00e+00	4.76e-01	9.32e-08	5.77e-08
 6.29256e+22	4.94e-01	5.05e-01	1.88e-03	2.77e-07	0.00e+00	0.00e+00	0.00e+00	0.00e+00	0.00e+00	4.94e-01	9.50e-08	5.89e-08
 6.29788e+22	5.11e-01	4.87e-01	1.69e-03	2.44e-07	0.00e+00	0.00e+00	0.00e+00	0.00e+00	0.00e+00	5.11e-01	9.67e-08	5.99e-08
 6.30328e+22	5.30e-01	4.69e-01	1.51e-03	2.15e-07	0.00e+00	0.00e+00	0.00e+00	0.00e+00	0.00e+00	5.30e-01	9.83e-08	6.08e-08
 6.30874e+22	5.48e-01	4.51e-01	1.35e-03	1.90e-07	0.00e+00	0.00e+00	0.00e+00	0.00e+00	0.00e+00	5.48e-01	9.96e-08	6.16e-08
 6.31430e+22	5.67e-01	4.32e-01	1.20e-03	1.67e-07	0.00e+00	0.00e+00	0.00e+00	0.00e+00	0.00e+00	5.67e-01	1.01e-07	6.22e-08
 6.31999e+22	5.85e-01	4.14e-01	1.06e-03	1.47e-07	0.00e+00	0.00e+00	0.00e+00	0.00e+00	0.00e+00	5.85e-01	1.02e-07	6.27e-08
 6.32482e+22	6.00e-01	3.99e-01	9.66e-04	1.33e-07	0.00e+00	0.00e+00	0.00e+00	0.00e+00	0.00e+00	6.00e-01	1.02e-07	6.30e-08
 6.32843e+22	6.11e-01	3.88e-01	8.97e-04	1.23e-07	0.00e+00	0.00e+00	0.00e+00	0.00e+00	0.00e+00	6.11e-01	1.03e-07	6.32e-08
 6.33188e+22	6.22e-01	3.77e-01	8.33e-04	0.00e+00	0.00e+00	0.00e+00	0.00e+00	0.00e+00	0.00e+00	6.22e-01	1.03e-07	6.33e-08
 6.33568e+22	6.34e-01	3.65e-01	7.69e-04	0.00e+00	0.00e+00	0.00e+00	0.00e+00	0.00e+00	0.00e+00	6.34e-01	1.03e-07	6.33e-08
 6.33972e+22	6.46e-01	3.53e-01	7.05e-04	0.00e+00	0.00e+00	0.00e+00	0.00e+00	0.00e+00	0.00e+00	6.46e-01	1.03e-07	6.33e-08
 6.34372e+22	6.58e-01	3.41e-01	6.48e-04	0.00e+00	0.00e+00	0.00e+00	0.00e+00	0.00e+00	0.00e+00	6.58e-01	1.03e-07	6.32e-08
 6.34759e+22	6.69e-01	3.30e-01	5.98e-04	0.00e+00	0.00e+00	0.00e+00	0.00e+00	0.00e+00	0.00e+00	6.69e-01	1.03e-07	6.31e-08
 6.35154e+22	6.80e-01	3.19e-01	5.50e-04	0.00e+00	0.00e+00	0.00e+00	0.00e+00	0.00e+00	0.00e+00	6.80e-01	1.03e-07	6.29e-08
 6.35564e+22	6.92e-01	3.08e-01	5.05e-04	0.00e+00	0.00e+00	0.00e+00	0.00e+00	0.00e+00	0.00e+00	6.92e-01	1.02e-07	6.26e-08
 6.35972e+22	7.03e-01	2.97e-01	4.63e-04	0.00e+00	0.00e+00	0.00e+00	0.00e+00	0.00e+00	0.00e+00	7.03e-01	1.02e-07	6.23e-08
 6.36374e+22	7.13e-01	2.87e-01	4.27e-04	0.00e+00	0.00e+00	0.00e+00	0.00e+00	0.00e+00	0.00e+00	7.13e-01	1.02e-07	6.20e-08
 6.36787e+22	7.23e-01	2.77e-01	3.91e-04	0.00e+00	0.00e+00	0.00e+00	0.00e+00	0.00e+00	0.00e+00	7.23e-01	1.01e-07	6.15e-08
 6.37214e+22	7.33e-01	2.66e-01	3.58e-04	0.00e+00	0.00e+00	0.00e+00	0.00e+00	0.00e+00	0.00e+00	7.33e-01	1.01e-07	6.10e-08
 6.37638e+22	7.43e-01	2.57e-01	3.28e-04	0.00e+00	0.00e+00	0.00e+00	0.00e+00	0.00e+00	0.00e+00	7.43e-01	1.00e-07	6.06e-08
 6.38063e+22	7.53e-01	2.47e-01	3.01e-04	0.00e+00	0.00e+00	0.00e+00	0.00e+00	0.00e+00	0.00e+00	7.53e-01	9.93e-08	6.01e-08
 6.38502e+22	7.62e-01	2.38e-01	2.75e-04	0.00e+00	0.00e+00	0.00e+00	0.00e+00	0.00e+00	0.00e+00	7.62e-01	9.86e-08	5.95e-08
 6.38952e+22	7.71e-01	2.29e-01	2.52e-04	0.00e+00	0.00e+00	0.00e+00	0.00e+00	0.00e+00	0.00e+00	7.71e-01	9.78e-08	5.89e-08
 6.39407e+22	7.80e-01	2.20e-01	2.30e-04	0.00e+00	0.00e+00	0.00e+00	0.00e+00	0.00e+00	0.00e+00	7.80e-01	9.70e-08	5.83e-08
 6.39864e+22	7.88e-01	2.11e-01	2.10e-04	0.00e+00	0.00e+00	0.00e+00	0.00e+00	0.00e+00	0.00e+00	7.88e-01	9.62e-08	5.77e-08
 6.40329e+22	7.97e-01	2.03e-01	1.91e-04	0.00e+00	0.00e+00	0.00e+00	0.00e+00	0.00e+00	0.00e+00	7.97e-01	9.53e-08	5.71e-08
 6.40810e+22	8.05e-01	1.95e-01	1.74e-04	0.00e+00	0.00e+00	0.00e+00	0.00e+00	0.00e+00	0.00e+00	8.05e-01	9.45e-08	5.64e-08
 6.41301e+22	8.13e-01	1.87e-01	1.58e-04	0.00e+00	0.00e+00	0.00e+00	0.00e+00	0.00e+00	0.00e+00	8.13e-01	9.35e-08	5.57e-08
 6.41798e+22	8.20e-01	1.79e-01	1.44e-04	0.00e+00	0.00e+00	0.00e+00	0.00e+00	0.00e+00	0.00e+00	8.20e-01	9.25e-08	5.50e-08
 6.42296e+22	8.28e-01	1.72e-01	1.31e-04	0.00e+00	0.00e+00	0.00e+00	0.00e+00	0.00e+00	0.00e+00	8.28e-01	9.16e-08	5.43e-08
 6.42804e+22	8.35e-01	1.65e-01	1.19e-04	0.00e+00	0.00e+00	0.00e+00	0.00e+00	0.00e+00	0.00e+00	8.35e-01	9.07e-08	5.36e-08
 6.43330e+22	8.42e-01	1.58e-01	1.08e-04	0.00e+00	0.00e+00	0.00e+00	0.00e+00	0.00e+00	0.00e+00	8.42e-01	8.97e-08	5.28e-08
 6.43864e+22	8.48e-01	1.52e-01	9.75e-05	0.00e+00	0.00e+00	0.00e+00	0.00e+00	0.00e+00	0.00e+00	8.48e-01	8.87e-08	5.21e-08
 6.44404e+22	8.55e-01	1.45e-01	8.83e-05	0.00e+00	0.00e+00	0.00e+00	0.00e+00	0.00e+00	0.00e+00	8.55e-01	8.78e-08	5.14e-08
 6.44956e+22	8.61e-01	1.39e-01	7.98e-05	0.00e+00	0.00e+00	0.00e+00	0.00e+00	0.00e+00	0.00e+00	8.61e-01	8.69e-08	5.07e-08
 6.45524e+22	8.67e-01	1.33e-01	7.20e-05	0.00e+00	0.00e+00	0.00e+00	0.00e+00	0.00e+00	0.00e+00	8.67e-01	8.59e-08	5.00e-08
 6.46098e+22	8.73e-01	1.27e-01	6.49e-05	0.00e+00	0.00e+00	0.00e+00	0.00e+00	0.00e+00	0.00e+00	8.73e-01	8.50e-08	4.92e-08
 6.46669e+22	8.78e-01	1.22e-01	5.87e-05	0.00e+00	0.00e+00	0.00e+00	0.00e+00	0.00e+00	0.00e+00	8.78e-01	8.40e-08	4.85e-08
 6.47246e+22	8.84e-01	1.16e-01	5.30e-05	0.00e+00	0.00e+00	0.00e+00	0.00e+00	0.00e+00	0.00e+00	8.84e-01	8.32e-08	4.79e-08
 6.47836e+22	8.89e-01	1.11e-01	4.78e-05	0.00e+00	0.00e+00	0.00e+00	0.00e+00	0.00e+00	0.00e+00	8.89e-01	8.23e-08	4.72e-08
 6.48431e+22	8.94e-01	1.06e-01	4.32e-05	0.00e+00	0.00e+00	0.00e+00	0.00e+00	0.00e+00	0.00e+00	8.94e-01	8.14e-08	4.65e-08
 6.49019e+22	8.98e-01	1.02e-01	3.91e-05	0.00e+00	0.00e+00	0.00e+00	0.00e+00	0.00e+00	0.00e+00	8.98e-01	8.06e-08	4.59e-08
 6.49604e+22	9.03e-01	9.74e-02	3.54e-05	0.00e+00	0.00e+00	0.00e+00	0.00e+00	0.00e+00	0.00e+00	9.03e-01	7.98e-08	4.53e-08
 6.50202e+22	9.07e-01	9.33e-02	3.20e-05	0.00e+00	0.00e+00	0.00e+00	0.00e+00	0.00e+00	0.00e+00	9.07e-01	7.91e-08	4.47e-08
 6.50804e+22	9.11e-01	8.92e-02	2.90e-05	0.00e+00	0.00e+00	0.00e+00	0.00e+00	0.00e+00	0.00e+00	9.11e-01	7.84e-08	4.42e-08
 6.51400e+22	9.15e-01	8.54e-02	2.63e-05	0.00e+00	0.00e+00	0.00e+00	0.00e+00	0.00e+00	0.00e+00	9.15e-01	7.77e-08	4.36e-08
 6.51996e+22	9.18e-01	8.17e-02	2.39e-05	0.00e+00	0.00e+00	0.00e+00	0.00e+00	0.00e+00	0.00e+00	9.18e-01	7.70e-08	4.31e-08
 6.52589e+22	9.22e-01	7.83e-02	2.18e-05	0.00e+00	0.00e+00	0.00e+00	0.00e+00	0.00e+00	0.00e+00	9.22e-01	7.64e-08	4.26e-08
 6.53182e+22	9.25e-01	7.49e-02	1.99e-05	0.00e+00	0.00e+00	0.00e+00	0.00e+00	0.00e+00	0.00e+00	9.25e-01	7.57e-08	4.21e-08
 6.53775e+22	9.28e-01	7.18e-02	1.81e-05	0.00e+00	0.00e+00	0.00e+00	0.00e+00	0.00e+00	0.00e+00	9.28e-01	7.50e-08	4.16e-08
 6.54364e+22	9.31e-01	6.87e-02	1.66e-05	0.00e+00	0.00e+00	0.00e+00	0.00e+00	0.00e+00	0.00e+00	9.31e-01	7.44e-08	4.11e-08
 6.54951e+22	9.34e-01	6.58e-02	1.52e-05	0.00e+00	0.00e+00	0.00e+00	0.00e+00	0.00e+00	0.00e+00	9.34e-01	7.37e-08	4.06e-08
 6.55534e+22	9.37e-01	6.30e-02	1.40e-05	0.00e+00	0.00e+00	0.00e+00	0.00e+00	0.00e+00	0.00e+00	9.37e-01	7.31e-08	4.01e-08
 6.56105e+22	9.40e-01	6.04e-02	1.29e-05	0.00e+00	0.00e+00	0.00e+00	0.00e+00	0.00e+00	0.00e+00	9.40e-01	7.25e-08	3.97e-08
 6.56656e+22	9.42e-01	5.80e-02	1.19e-05	0.00e+00	0.00e+00	0.00e+00	0.00e+00	0.00e+00	0.00e+00	9.42e-01	7.20e-08	3.93e-08
 6.57175e+22	9.44e-01	5.59e-02	1.11e-05	0.00e+00	0.00e+00	0.00e+00	0.00e+00	0.00e+00	0.00e+00	9.44e-01	7.15e-08	3.90e-08
 6.57663e+22	9.46e-01	5.39e-02	1.04e-05	0.00e+00	0.00e+00	0.00e+00	0.00e+00	0.00e+00	0.00e+00	9.46e-01	7.11e-08	3.86e-08
 6.58125e+22	9.48e-01	5.21e-02	9.79e-06	0.00e+00	0.00e+00	0.00e+00	0.00e+00	0.00e+00	0.00e+00	9.48e-01	7.07e-08	3.83e-08
 6.58566e+22	9.50e-01	5.05e-02	9.24e-06	0.00e+00	0.00e+00	0.00e+00	0.00e+00	0.00e+00	0.00e+00	9.50e-01	7.03e-08	3.80e-08
 6.58986e+22	9.51e-01	4.89e-02	8.76e-06	0.00e+00	0.00e+00	0.00e+00	0.00e+00	0.00e+00	0.00e+00	9.51e-01	7.00e-08	3.78e-08
 6.59387e+22	9.53e-01	4.75e-02	8.33e-06	0.00e+00	0.00e+00	0.00e+00	0.00e+00	0.00e+00	0.00e+00	9.53e-01	6.96e-08	3.75e-08
 6.59764e+22	9.54e-01	4.61e-02	7.94e-06	0.00e+00	0.00e+00	0.00e+00	0.00e+00	0.00e+00	0.00e+00	9.54e-01	6.93e-08	3.72e-08
 6.60115e+22	9.55e-01	4.49e-02	7.61e-06	0.00e+00	0.00e+00	0.00e+00	0.00e+00	0.00e+00	0.00e+00	9.55e-01	6.90e-08	3.70e-08
 6.60460e+22	9.56e-01	4.37e-02	7.29e-06	0.00e+00	0.00e+00	0.00e+00	0.00e+00	0.00e+00	0.00e+00	9.56e-01	6.87e-08	3.68e-08
 6.60801e+22	9.57e-01	4.25e-02	6.99e-06	0.00e+00	0.00e+00	0.00e+00	0.00e+00	0.00e+00	0.00e+00	9.57e-01	6.84e-08	3.66e-08
 6.61128e+22	9.59e-01	4.14e-02	6.72e-06	0.00e+00	0.00e+00	0.00e+00	0.00e+00	0.00e+00	0.00e+00	9.59e-01	6.81e-08	3.64e-08
 6.61433e+22	9.60e-01	4.04e-02	6.48e-06	0.00e+00	0.00e+00	0.00e+00	0.00e+00	0.00e+00	0.00e+00	9.60e-01	6.78e-08	3.62e-08
 6.61710e+22	9.60e-01	3.95e-02	6.27e-06	0.00e+00	0.00e+00	0.00e+00	0.00e+00	0.00e+00	0.00e+00	9.60e-01	6.76e-08	3.60e-08
 6.61962e+22	9.61e-01	3.87e-02	6.08e-06	0.00e+00	0.00e+00	0.00e+00	0.00e+00	0.00e+00	0.00e+00	9.61e-01	6.73e-08	3.58e-08
 6.62191e+22	9.62e-01	3.80e-02	5.92e-06	0.00e+00	0.00e+00	0.00e+00	0.00e+00	0.00e+00	0.00e+00	9.62e-01	6.71e-08	3.56e-08
 6.62400e+22	9.63e-01	3.74e-02	5.78e-06	0.00e+00	0.00e+00	0.00e+00	0.00e+00	0.00e+00	0.00e+00	9.63e-01	6.69e-08	3.55e-08
 6.62590e+22	9.63e-01	3.68e-02	5.65e-06	0.00e+00	0.00e+00	0.00e+00	0.00e+00	0.00e+00	0.00e+00	9.63e-01	6.67e-08	3.53e-08
 6.62763e+22	9.64e-01	3.63e-02	5.54e-06	0.00e+00	0.00e+00	0.00e+00	0.00e+00	0.00e+00	0.00e+00	9.64e-01	6.65e-08	3.52e-08
 6.62953e+22	9.64e-01	3.56e-02	5.40e-06	0.00e+00	0.00e+00	0.00e+00	0.00e+00	0.00e+00	0.00e+00	9.64e-01	6.61e-08	3.51e-08
 6.63157e+22	9.65e-01	3.52e-02	5.29e-06	0.00e+00	0.00e+00	0.00e+00	0.00e+00	0.00e+00	0.00e+00	9.65e-01	6.59e-08	3.50e-08
 6.63381e+22	9.66e-01	3.44e-02	5.13e-06	0.00e+00	0.00e+00	0.00e+00	0.00e+00	0.00e+00	0.00e+00	9.66e-01	6.54e-08	3.48e-08
 6.63623e+22	9.66e-01	3.36e-02	4.98e-06	0.00e+00	0.00e+00	0.00e+00	0.00e+00	0.00e+00	0.00e+00	9.66e-01	6.49e-08	3.46e-08
 6.63844e+22	9.67e-01	3.29e-02	4.84e-06	0.00e+00	0.00e+00	0.00e+00	0.00e+00	0.00e+00	0.00e+00	9.67e-01	6.46e-08	3.44e-08
 6.64044e+22	9.68e-01	3.23e-02	4.72e-06	0.00e+00	0.00e+00	0.00e+00	0.00e+00	0.00e+00	0.00e+00	9.68e-01	6.42e-08	3.43e-08
 6.64226e+22	9.68e-01	3.19e-02	4.62e-06	0.00e+00	0.00e+00	0.00e+00	0.00e+00	0.00e+00	0.00e+00	9.68e-01	6.40e-08	3.41e-08
 6.64392e+22	9.69e-01	3.14e-02	4.53e-06	0.00e+00	0.00e+00	0.00e+00	0.00e+00	0.00e+00	0.00e+00	9.69e-01	6.37e-08	3.40e-08
 6.64543e+22	9.69e-01	3.10e-02	4.45e-06	0.00e+00	0.00e+00	0.00e+00	0.00e+00	0.00e+00	0.00e+00	9.69e-01	6.35e-08	3.39e-08
 6.64709e+22	9.69e-01	3.06e-02	4.35e-06	0.00e+00	0.00e+00	0.00e+00	0.00e+00	0.00e+00	0.00e+00	9.69e-01	6.33e-08	3.38e-08
 6.64887e+22	9.70e-01	3.02e-02	4.27e-06	0.00e+00	0.00e+00	0.00e+00	0.00e+00	0.00e+00	0.00e+00	9.70e-01	6.31e-08	3.37e-08
 6.65083e+22	9.70e-01	2.96e-02	4.16e-06	0.00e+00	0.00e+00	0.00e+00	0.00e+00	0.00e+00	0.00e+00	9.70e-01	6.29e-08	3.36e-08
 6.65295e+22	9.71e-01	2.91e-02	4.05e-06	0.00e+00	0.00e+00	0.00e+00	0.00e+00	0.00e+00	0.00e+00	9.71e-01	6.26e-08	3.35e-08
 6.65487e+22	9.71e-01	2.88e-02	3.97e-06	0.00e+00	0.00e+00	0.00e+00	0.00e+00	0.00e+00	0.00e+00	9.71e-01	6.25e-08	3.34e-08
 6.65698e+22	9.72e-01	2.82e-02	3.86e-06	0.00e+00	0.00e+00	0.00e+00	0.00e+00	0.00e+00	0.00e+00	9.72e-01	6.22e-08	3.33e-08
 6.65925e+22	9.72e-01	2.77e-02	3.75e-06	0.00e+00	0.00e+00	0.00e+00	0.00e+00	0.00e+00	0.00e+00	9.72e-01	6.20e-08	3.32e-08
 6.66132e+22	9.73e-01	2.72e-02	3.66e-06	0.00e+00	0.00e+00	0.00e+00	0.00e+00	0.00e+00	0.00e+00	9.73e-01	6.18e-08	3.31e-08
 6.66321e+22	9.73e-01	2.69e-02	3.59e-06	0.00e+00	0.00e+00	0.00e+00	0.00e+00	0.00e+00	0.00e+00	9.73e-01	6.16e-08	3.30e-08
 6.66527e+22	9.74e-01	2.64e-02	3.49e-06	0.00e+00	0.00e+00	0.00e+00	0.00e+00	0.00e+00	0.00e+00	9.74e-01	6.14e-08	3.29e-08
 6.66750e+22	9.74e-01	2.59e-02	3.40e-06	0.00e+00	0.00e+00	0.00e+00	0.00e+00	0.00e+00	0.00e+00	9.74e-01	6.12e-08	3.28e-08
 6.66953e+22	9.74e-01	2.55e-02	3.32e-06	0.00e+00	0.00e+00	0.00e+00	0.00e+00	0.00e+00	0.00e+00	9.74e-01	6.10e-08	3.27e-08
 6.67137e+22	9.75e-01	2.52e-02	3.25e-06	0.00e+00	0.00e+00	0.00e+00	0.00e+00	0.00e+00	0.00e+00	9.75e-01	6.08e-08	3.26e-08
 6.67340e+22	9.75e-01	2.47e-02	3.16e-06	0.00e+00	0.00e+00	0.00e+00	0.00e+00	0.00e+00	0.00e+00	9.75e-01	6.06e-08	3.24e-08
 6.67558e+22	9.76e-01	2.43e-02	3.08e-06	0.00e+00	0.00e+00	0.00e+00	0.00e+00	0.00e+00	0.00e+00	9.76e-01	6.04e-08	3.23e-08
 6.67757e+22	9.76e-01	2.39e-02	3.00e-06	0.00e+00	0.00e+00	0.00e+00	0.00e+00	0.00e+00	0.00e+00	9.76e-01	6.02e-08	3.22e-08
 6.67937e+22	9.76e-01	2.35e-02	2.93e-06	0.00e+00	0.00e+00	0.00e+00	0.00e+00	0.00e+00	0.00e+00	9.76e-01	6.00e-08	3.21e-08
 6.68136e+22	9.77e-01	2.31e-02	2.85e-06	0.00e+00	0.00e+00	0.00e+00	0.00e+00	0.00e+00	0.00e+00	9.77e-01	5.98e-08	3.19e-08
 6.68349e+22	9.77e-01	2.27e-02	2.77e-06	0.00e+00	0.00e+00	0.00e+00	0.00e+00	0.00e+00	0.00e+00	9.77e-01	5.95e-08	3.18e-08
 6.68544e+22	9.78e-01	2.23e-02	2.71e-06	0.00e+00	0.00e+00	0.00e+00	0.00e+00	0.00e+00	0.00e+00	9.78e-01	5.93e-08	3.16e-08
 6.68721e+22	9.78e-01	2.20e-02	2.65e-06	0.00e+00	0.00e+00	0.00e+00	0.00e+00	0.00e+00	0.00e+00	9.78e-01	5.92e-08	3.15e-08
 6.68882e+22	9.78e-01	2.17e-02	2.60e-06	0.00e+00	0.00e+00	0.00e+00	0.00e+00	0.00e+00	0.00e+00	9.78e-01	5.89e-08	3.13e-08
 6.69029e+22	9.79e-01	2.15e-02	2.56e-06	0.00e+00	0.00e+00	0.00e+00	0.00e+00	0.00e+00	0.00e+00	9.79e-01	5.88e-08	3.13e-08
 6.69190e+22	9.79e-01	2.12e-02	2.50e-06	0.00e+00	0.00e+00	0.00e+00	0.00e+00	0.00e+00	0.00e+00	9.79e-01	5.86e-08	3.11e-08
 6.69363e+22	9.79e-01	2.08e-02	2.45e-06	0.00e+00	0.00e+00	0.00e+00	0.00e+00	0.00e+00	0.00e+00	9.79e-01	5.84e-08	3.10e-08
 6.69521e+22	9.79e-01	2.07e-02	2.41e-06	0.00e+00	0.00e+00	0.00e+00	0.00e+00	0.00e+00	0.00e+00	9.79e-01	5.83e-08	3.09e-08
 6.69694e+22	9.80e-01	2.03e-02	2.36e-06	0.00e+00	0.00e+00	0.00e+00	0.00e+00	0.00e+00	0.00e+00	9.80e-01	5.81e-08	3.08e-08
 6.69881e+22	9.80e-01	2.00e-02	2.30e-06	0.00e+00	0.00e+00	0.00e+00	0.00e+00	0.00e+00	0.00e+00	9.80e-01	5.79e-08	3.06e-08
 6.70051e+22	9.80e-01	1.98e-02	2.27e-06	0.00e+00	0.00e+00	0.00e+00	0.00e+00	0.00e+00	0.00e+00	9.80e-01	5.78e-08	3.06e-08
 6.70237e+22	9.81e-01	1.94e-02	2.21e-06	0.00e+00	0.00e+00	0.00e+00	0.00e+00	0.00e+00	0.00e+00	9.81e-01	5.75e-08	3.04e-08
 6.70438e+22	9.81e-01	1.91e-02	2.16e-06	0.00e+00	0.00e+00	0.00e+00	0.00e+00	0.00e+00	0.00e+00	9.81e-01	5.73e-08	3.02e-08
 6.70621e+22	9.81e-01	1.88e-02	2.12e-06	0.00e+00	0.00e+00	0.00e+00	0.00e+00	0.00e+00	0.00e+00	9.81e-01	5.71e-08	3.01e-08
 6.70822e+22	9.81e-01	1.85e-02	2.07e-06	0.00e+00	0.00e+00	0.00e+00	0.00e+00	0.00e+00	0.00e+00	9.81e-01	5.67e-08	2.99e-08
 6.71039e+22	9.82e-01	1.83e-02	2.03e-06	0.00e+00	0.00e+00	0.00e+00	0.00e+00	0.00e+00	0.00e+00	9.82e-01	5.61e-08	2.96e-08
 6.71276e+22	9.82e-01	1.79e-02	1.98e-06	0.00e+00	0.00e+00	0.00e+00	0.00e+00	0.00e+00	0.00e+00	9.82e-01	5.54e-08	2.93e-08
 6.71532e+22	9.82e-01	1.76e-02	1.93e-06	0.00e+00	0.00e+00	0.00e+00	0.00e+00	0.00e+00	0.00e+00	9.82e-01	5.48e-08	2.89e-08
 6.71765e+22	9.83e-01	1.73e-02	1.88e-06	0.00e+00	0.00e+00	0.00e+00	0.00e+00	0.00e+00	0.00e+00	9.83e-01	5.42e-08	2.87e-08
 6.71977e+22	9.83e-01	1.70e-02	1.84e-06	0.00e+00	0.00e+00	0.00e+00	0.00e+00	0.00e+00	0.00e+00	9.83e-01	5.35e-08	2.83e-08
 6.72170e+22	9.83e-01	1.68e-02	1.81e-06	0.00e+00	0.00e+00	0.00e+00	0.00e+00	0.00e+00	0.00e+00	9.83e-01	5.33e-08	2.81e-08
 6.72381e+22	9.83e-01	1.66e-02	1.77e-06	0.00e+00	0.00e+00	0.00e+00	0.00e+00	0.00e+00	0.00e+00	9.83e-01	5.27e-08	2.77e-08
 6.72610e+22	9.84e-01	1.63e-02	1.74e-06	0.00e+00	0.00e+00	0.00e+00	0.00e+00	0.00e+00	0.00e+00	9.84e-01	5.22e-08	2.74e-08
 6.72860e+22	9.84e-01	1.60e-02	1.69e-06	0.00e+00	0.00e+00	0.00e+00	0.00e+00	0.00e+00	0.00e+00	9.84e-01	5.16e-08	2.70e-08
 6.73130e+22	9.84e-01	1.57e-02	1.66e-06	0.00e+00	0.00e+00	0.00e+00	0.00e+00	0.00e+00	0.00e+00	9.84e-01	5.10e-08	2.67e-08
 6.73376e+22	9.85e-01	1.54e-02	1.62e-06	0.00e+00	0.00e+00	0.00e+00	0.00e+00	0.00e+00	0.00e+00	9.85e-01	5.05e-08	2.63e-08
 6.73600e+22	9.85e-01	1.52e-02	1.58e-06	0.00e+00	0.00e+00	0.00e+00	0.00e+00	0.00e+00	0.00e+00	9.85e-01	4.98e-08	2.59e-08
 6.73803e+22	9.85e-01	1.50e-02	1.56e-06	0.00e+00	0.00e+00	0.00e+00	0.00e+00	0.00e+00	0.00e+00	9.85e-01	4.96e-08	2.57e-08
 6.74026e+22	9.85e-01	1.48e-02	1.53e-06	0.00e+00	0.00e+00	0.00e+00	0.00e+00	0.00e+00	0.00e+00	9.85e-01	4.91e-08	2.54e-08
 6.74267e+22	9.85e-01	1.45e-02	1.50e-06	0.00e+00	0.00e+00	0.00e+00	0.00e+00	0.00e+00	0.00e+00	9.85e-01	4.86e-08	2.51e-08
 6.74486e+22	9.86e-01	1.43e-02	1.47e-06	0.00e+00	0.00e+00	0.00e+00	0.00e+00	0.00e+00	0.00e+00	9.86e-01	4.82e-08	2.49e-08
 6.74726e+22	9.86e-01	1.41e-02	1.44e-06	0.00e+00	0.00e+00	0.00e+00	0.00e+00	0.00e+00	0.00e+00	9.86e-01	4.76e-08	2.45e-08
 6.74985e+22	9.86e-01	1.39e-02	1.41e-06	0.00e+00	0.00e+00	0.00e+00	0.00e+00	0.00e+00	0.00e+00	9.86e-01	4.71e-08	2.42e-08
 6.75221e+22	9.86e-01	1.36e-02	1.38e-06	0.00e+00	0.00e+00	0.00e+00	0.00e+00	0.00e+00	0.00e+00	9.86e-01	4.64e-08	2.37e-08
 6.75436e+22	9.87e-01	1.35e-02	1.36e-06	0.00e+00	0.00e+00	0.00e+00	0.00e+00	0.00e+00	0.00e+00	9.87e-01	4.61e-08	2.36e-08
 6.75671e+22	9.87e-01	1.33e-02	1.34e-06	0.00e+00	0.00e+00	0.00e+00	0.00e+00	0.00e+00	0.00e+00	9.87e-01	4.56e-08	2.33e-08
 6.75977e+22	9.87e-01	1.30e-02	1.30e-06	0.00e+00	0.00e+00	0.00e+00	0.00e+00	0.00e+00	0.00e+00	9.87e-01	4.48e-08	2.28e-08
 6.76307e+22	9.87e-01	1.27e-02	1.27e-06	0.00e+00	0.00e+00	0.00e+00	0.00e+00	0.00e+00	0.00e+00	9.87e-01	4.42e-08	2.25e-08
 6.76607e+22	9.88e-01	1.25e-02	1.24e-06	0.00e+00	0.00e+00	0.00e+00	0.00e+00	0.00e+00	0.00e+00	9.88e-01	4.36e-08	2.21e-08
 6.76881e+22	9.88e-01	1.22e-02	1.22e-06	0.00e+00	0.00e+00	0.00e+00	0.00e+00	0.00e+00	0.00e+00	9.88e-01	4.28e-08	2.16e-08
 6.77130e+22	9.88e-01	1.21e-02	1.20e-06	0.00e+00	0.00e+00	0.00e+00	0.00e+00	0.00e+00	0.00e+00	9.88e-01	4.25e-08	2.14e-08
 6.77402e+22	9.88e-01	1.19e-02	1.18e-06	0.00e+00	0.00e+00	0.00e+00	0.00e+00	0.00e+00	0.00e+00	9.88e-01	4.19e-08	2.10e-08
 6.77696e+22	9.88e-01	1.17e-02	1.15e-06	0.00e+00	0.00e+00	0.00e+00	0.00e+00	0.00e+00	0.00e+00	9.88e-01	4.13e-08	2.06e-08
 6.77964e+22	9.88e-01	1.15e-02	1.13e-06	0.00e+00	0.00e+00	0.00e+00	0.00e+00	0.00e+00	0.00e+00	9.88e-01	4.09e-08	2.04e-08
 6.78258e+22	9.89e-01	1.13e-02	1.11e-06	0.00e+00	0.00e+00	0.00e+00	0.00e+00	0.00e+00	0.00e+00	9.89e-01	4.02e-08	2.00e-08
 6.78574e+22	9.89e-01	1.10e-02	1.09e-06	0.00e+00	0.00e+00	0.00e+00	0.00e+00	0.00e+00	0.00e+00	9.89e-01	3.96e-08	1.96e-08
 6.78863e+22	9.89e-01	1.09e-02	1.07e-06	0.00e+00	0.00e+00	0.00e+00	0.00e+00	0.00e+00	0.00e+00	9.89e-01	3.92e-08	1.93e-08
 6.79179e+22	9.89e-01	1.07e-02	1.04e-06	0.00e+00	0.00e+00	0.00e+00	0.00e+00	0.00e+00	0.00e+00	9.89e-01	3.84e-08	1.89e-08
 6.79520e+22	9.90e-01	1.04e-02	1.02e-06	0.00e+00	0.00e+00	0.00e+00	0.00e+00	0.00e+00	0.00e+00	9.90e-01	3.79e-08	1.86e-08
 6.79830e+22	9.90e-01	1.03e-02	1.01e-06	0.00e+00	0.00e+00	0.00e+00	0.00e+00	0.00e+00	0.00e+00	9.90e-01	3.75e-08	1.83e-08
 6.80170e+22	9.90e-01	1.01e-02	9.82e-07	0.00e+00	0.00e+00	0.00e+00	0.00e+00	0.00e+00	0.00e+00	9.90e-01	3.68e-08	1.80e-08
 6.80537e+22	9.90e-01	9.84e-03	9.61e-07	0.00e+00	0.00e+00	0.00e+00	0.00e+00	0.00e+00	0.00e+00	9.90e-01	3.62e-08	1.76e-08
 6.80871e+22	9.90e-01	9.68e-03	9.45e-07	0.00e+00	0.00e+00	0.00e+00	0.00e+00	0.00e+00	0.00e+00	9.90e-01	3.59e-08	1.74e-08
 6.81238e+22	9.91e-01	9.46e-03	9.23e-07	0.00e+00	0.00e+00	0.00e+00	0.00e+00	0.00e+00	0.00e+00	9.91e-01	3.52e-08	1.70e-08
 6.81633e+22	9.91e-01	9.25e-03	9.03e-07	0.00e+00	0.00e+00	0.00e+00	0.00e+00	0.00e+00	0.00e+00	9.91e-01	3.46e-08	1.66e-08
 6.81993e+22	9.91e-01	9.07e-03	8.86e-07	0.00e+00	0.00e+00	0.00e+00	0.00e+00	0.00e+00	0.00e+00	9.91e-01	3.41e-08	1.63e-08
 6.82320e+22	9.91e-01	8.90e-03	8.70e-07	0.00e+00	0.00e+00	0.00e+00	0.00e+00	0.00e+00	0.00e+00	9.91e-01	3.35e-08	1.59e-08
 6.82618e+22	9.91e-01	8.80e-03	8.59e-07	0.00e+00	0.00e+00	0.00e+00	0.00e+00	0.00e+00	0.00e+00	9.91e-01	3.32e-08	1.57e-08
 6.82944e+22	9.91e-01	8.64e-03	8.43e-07	0.00e+00	0.00e+00	0.00e+00	0.00e+00	0.00e+00	0.00e+00	9.91e-01	3.28e-08	1.54e-08
 6.83296e+22	9.92e-01	8.47e-03	8.28e-07	0.00e+00	0.00e+00	0.00e+00	0.00e+00	0.00e+00	0.00e+00	9.92e-01	3.22e-08	1.51e-08
 6.83683e+22	9.92e-01	8.29e-03	8.12e-07	0.00e+00	0.00e+00	0.00e+00	0.00e+00	0.00e+00	0.00e+00	9.92e-01	3.17e-08	1.48e-08
 6.84099e+22	9.92e-01	8.10e-03	7.95e-07	0.00e+00	0.00e+00	0.00e+00	0.00e+00	0.00e+00	0.00e+00	9.92e-01	3.10e-08	1.44e-08
 6.84479e+22	9.92e-01	7.96e-03	7.81e-07	0.00e+00	0.00e+00	0.00e+00	0.00e+00	0.00e+00	0.00e+00	9.92e-01	3.06e-08	1.41e-08
 6.84894e+22	9.92e-01	7.77e-03	7.65e-07	0.00e+00	0.00e+00	0.00e+00	0.00e+00	0.00e+00	0.00e+00	9.92e-01	3.00e-08	1.38e-08
 6.85343e+22	9.92e-01	7.60e-03	7.50e-07	0.00e+00	0.00e+00	0.00e+00	0.00e+00	0.00e+00	0.00e+00	9.92e-01	2.95e-08	1.35e-08
 6.85752e+22	9.93e-01	7.43e-03	7.36e-07	0.00e+00	0.00e+00	0.00e+00	0.00e+00	0.00e+00	0.00e+00	9.93e-01	2.90e-08	1.32e-08
 6.86123e+22	9.93e-01	7.31e-03	7.24e-07	0.00e+00	0.00e+00	0.00e+00	0.00e+00	0.00e+00	0.00e+00	9.93e-01	2.85e-08	1.29e-08
 6.86530e+22	9.93e-01	7.15e-03	7.11e-07	0.00e+00	0.00e+00	0.00e+00	0.00e+00	0.00e+00	0.00e+00	9.93e-01	2.80e-08	1.26e-08
 6.86970e+22	9.93e-01	6.97e-03	6.96e-07	0.00e+00	0.00e+00	0.00e+00	0.00e+00	0.00e+00	0.00e+00	9.93e-01	2.74e-08	1.23e-08
 6.87370e+22	9.93e-01	6.86e-03	6.86e-07	0.00e+00	0.00e+00	0.00e+00	0.00e+00	0.00e+00	0.00e+00	9.93e-01	2.70e-08	1.21e-08
 6.87808e+22	9.93e-01	6.70e-03	6.73e-07	0.00e+00	0.00e+00	0.00e+00	0.00e+00	0.00e+00	0.00e+00	9.93e-01	2.65e-08	1.18e-08
