#depth	N	N+	N+2	N+3	N+4	N+5	N+6	N+7
 1.54284e+22	1.00e-16	6.06e-12	1.00e-08	1.54e-06	6.33e-05	1.95e-02	2.59e-01	7.21e-01
 3.44079e+22	7.36e-16	3.40e-11	4.28e-08	4.91e-06	1.45e-04	3.25e-02	3.17e-01	6.51e-01
 3.97347e+22	1.86e-15	7.57e-11	8.39e-08	8.40e-06	2.13e-04	4.10e-02	3.45e-01	6.13e-01
 4.24249e+22	2.99e-15	1.14e-10	1.19e-07	1.11e-05	2.59e-04	4.62e-02	3.60e-01	5.93e-01
 4.37642e+22	3.74e-15	1.39e-10	1.40e-07	1.26e-05	2.85e-04	4.89e-02	3.67e-01	5.83e-01
 4.45934e+22	4.61e-15	1.66e-10	1.63e-07	1.43e-05	3.11e-04	5.15e-02	3.74e-01	5.74e-01
 4.55241e+22	6.04e-15	2.10e-10	1.99e-07	1.68e-05	3.48e-04	5.51e-02	3.83e-01	5.62e-01
 4.64659e+22	7.51e-15	2.54e-10	2.33e-07	1.90e-05	3.81e-04	5.81e-02	3.90e-01	5.52e-01
 4.74220e+22	9.97e-15	3.25e-10	2.87e-07	2.25e-05	4.30e-04	6.24e-02	3.99e-01	5.39e-01
 4.83837e+22	1.24e-14	3.91e-10	3.37e-07	2.56e-05	4.71e-04	6.58e-02	4.05e-01	5.28e-01
 4.93526e+22	1.65e-14	5.03e-10	4.17e-07	3.04e-05	5.33e-04	7.08e-02	4.14e-01	5.14e-01
 5.03345e+22	2.06e-14	6.09e-10	4.91e-07	3.47e-05	5.85e-04	7.47e-02	4.21e-01	5.03e-01
 5.13332e+22	2.75e-14	7.86e-10	6.11e-07	4.14e-05	6.64e-04	8.04e-02	4.30e-01	4.89e-01
 5.23535e+22	3.48e-14	9.64e-10	7.27e-07	4.77e-05	7.35e-04	8.52e-02	4.37e-01	4.77e-01
 5.34018e+22	4.71e-14	1.26e-09	9.13e-07	5.75e-05	8.40e-04	9.20e-02	4.47e-01	4.61e-01
 5.44729e+22	6.00e-14	1.55e-09	1.10e-06	6.68e-05	9.36e-04	9.77e-02	4.54e-01	4.48e-01
 5.55481e+22	8.10e-14	2.02e-09	1.38e-06	8.07e-05	1.07e-03	1.05e-01	4.62e-01	4.31e-01
 5.65714e+22	9.99e-14	2.43e-09	1.62e-06	9.21e-05	1.18e-03	1.11e-01	4.68e-01	4.19e-01
 5.75525e+22	1.31e-13	3.09e-09	1.99e-06	1.10e-04	1.34e-03	1.19e-01	4.76e-01	4.04e-01
 5.85499e+22	1.62e-13	3.73e-09	2.35e-06	1.26e-04	1.48e-03	1.26e-01	4.81e-01	3.91e-01
 5.95319e+22	2.09e-13	4.67e-09	2.86e-06	1.49e-04	1.67e-03	1.35e-01	4.87e-01	3.76e-01
 6.05333e+22	2.59e-13	5.64e-09	3.38e-06	1.72e-04	1.85e-03	1.42e-01	4.92e-01	3.63e-01
 6.15104e+22	3.26e-13	6.95e-09	4.07e-06	2.01e-04	2.08e-03	1.52e-01	4.97e-01	3.49e-01
 6.25086e+22	4.03e-13	8.40e-09	4.83e-06	2.33e-04	2.31e-03	1.60e-01	5.02e-01	3.35e-01
 6.34942e+22	4.99e-13	1.02e-08	5.74e-06	2.71e-04	2.58e-03	1.70e-01	5.06e-01	3.21e-01
 6.44871e+22	6.11e-13	1.22e-08	6.78e-06	3.13e-04	2.87e-03	1.80e-01	5.09e-01	3.08e-01
 6.54682e+22	7.43e-13	1.46e-08	7.97e-06	3.61e-04	3.20e-03	1.90e-01	5.11e-01	2.95e-01
 6.64477e+22	8.97e-13	1.74e-08	9.34e-06	4.16e-04	3.55e-03	2.00e-01	5.13e-01	2.82e-01
 6.74284e+22	1.08e-12	2.06e-08	1.09e-05	4.78e-04	3.93e-03	2.11e-01	5.15e-01	2.69e-01
 6.84124e+22	1.28e-12	2.42e-08	1.27e-05	5.48e-04	4.35e-03	2.22e-01	5.16e-01	2.57e-01
 6.94014e+22	1.52e-12	2.84e-08	1.47e-05	6.27e-04	4.82e-03	2.34e-01	5.16e-01	2.45e-01
 7.03991e+22	1.80e-12	3.31e-08	1.71e-05	7.16e-04	5.33e-03	2.45e-01	5.16e-01	2.33e-01
 7.14077e+22	2.11e-12	3.85e-08	1.97e-05	8.17e-04	5.88e-03	2.57e-01	5.14e-01	2.21e-01
 7.24218e+22	2.46e-12	4.46e-08	2.26e-05	9.29e-04	6.49e-03	2.70e-01	5.13e-01	2.10e-01
 7.34521e+22	2.87e-12	5.16e-08	2.61e-05	1.06e-03	7.16e-03	2.82e-01	5.10e-01	1.99e-01
 7.44935e+22	3.32e-12	5.94e-08	2.98e-05	1.20e-03	7.88e-03	2.95e-01	5.07e-01	1.88e-01
 7.55555e+22	3.93e-12	6.84e-08	3.42e-05	1.36e-03	8.69e-03	3.09e-01	5.04e-01	1.78e-01
 7.66363e+22	4.53e-12	7.83e-08	3.91e-05	1.54e-03	9.56e-03	3.22e-01	4.99e-01	1.67e-01
 7.76271e+22	5.08e-12	8.75e-08	4.36e-05	1.71e-03	1.03e-02	3.33e-01	4.95e-01	1.59e-01
 7.86611e+22	5.84e-12	1.00e-07	4.99e-05	1.94e-03	1.14e-02	3.48e-01	4.90e-01	1.49e-01
 7.97131e+22	6.54e-12	1.12e-07	5.56e-05	2.15e-03	1.23e-02	3.60e-01	4.85e-01	1.41e-01
 8.07988e+22	7.53e-12	1.28e-07	6.37e-05	2.44e-03	1.36e-02	3.75e-01	4.77e-01	1.32e-01
 8.18865e+22	8.37e-12	1.42e-07	7.06e-05	2.69e-03	1.47e-02	3.86e-01	4.71e-01	1.25e-01
 8.29766e+22	9.53e-12	1.62e-07	8.05e-05	3.04e-03	1.61e-02	4.02e-01	4.63e-01	1.16e-01
 8.40712e+22	1.06e-11	1.79e-07	8.90e-05	3.34e-03	1.73e-02	4.13e-01	4.57e-01	1.10e-01
 8.51717e+22	1.20e-11	2.03e-07	1.01e-04	3.76e-03	1.90e-02	4.28e-01	4.48e-01	1.02e-01
 8.62841e+22	1.32e-11	2.24e-07	1.11e-04	4.11e-03	2.04e-02	4.39e-01	4.40e-01	9.59e-02
 8.74122e+22	1.50e-11	2.53e-07	1.26e-04	4.62e-03	2.23e-02	4.54e-01	4.30e-01	8.87e-02
 8.85556e+22	1.65e-11	2.79e-07	1.39e-04	5.05e-03	2.39e-02	4.65e-01	4.22e-01	8.34e-02
 8.97191e+22	1.86e-11	3.16e-07	1.58e-04	5.66e-03	2.61e-02	4.80e-01	4.11e-01	7.68e-02
 9.09043e+22	2.06e-11	3.49e-07	1.74e-04	6.19e-03	2.80e-02	4.91e-01	4.03e-01	7.20e-02
 9.21178e+22	2.33e-11	3.95e-07	1.98e-04	6.93e-03	3.06e-02	5.05e-01	3.91e-01	6.60e-02
 9.33598e+22	2.59e-11	4.37e-07	2.19e-04	7.58e-03	3.27e-02	5.16e-01	3.82e-01	6.15e-02
 9.46386e+22	2.93e-11	4.96e-07	2.50e-04	8.51e-03	3.58e-02	5.31e-01	3.69e-01	5.60e-02
 9.59412e+22	3.27e-11	5.52e-07	2.77e-04	9.30e-03	3.83e-02	5.41e-01	3.59e-01	5.20e-02
 9.70395e+22	3.58e-11	6.05e-07	3.04e-04	1.01e-02	4.07e-02	5.50e-01	3.50e-01	4.86e-02
 9.82321e+22	4.02e-11	6.80e-07	3.42e-04	1.11e-02	4.39e-02	5.62e-01	3.38e-01	4.45e-02
 9.93898e+22	4.39e-11	7.41e-07	3.73e-04	1.20e-02	4.63e-02	5.70e-01	3.30e-01	4.17e-02
 1.00502e+23	4.87e-11	8.23e-07	4.15e-04	1.31e-02	4.97e-02	5.80e-01	3.19e-01	3.83e-02
 1.01626e+23	5.35e-11	9.01e-07	4.53e-04	1.41e-02	5.23e-02	5.87e-01	3.10e-01	3.59e-02
 1.02765e+23	5.95e-11	1.00e-06	5.06e-04	1.54e-02	5.60e-02	5.96e-01	2.99e-01	3.29e-02
 1.03922e+23	6.56e-11	1.10e-06	5.53e-04	1.65e-02	5.89e-02	6.03e-01	2.91e-01	3.07e-02
 1.05100e+23	7.33e-11	1.23e-06	6.19e-04	1.81e-02	6.30e-02	6.11e-01	2.79e-01	2.80e-02
 1.06296e+23	8.12e-11	1.36e-06	6.79e-04	1.94e-02	6.63e-02	6.17e-01	2.71e-01	2.61e-02
 1.07516e+23	9.10e-11	1.52e-06	7.62e-04	2.12e-02	7.09e-02	6.24e-01	2.59e-01	2.37e-02
 1.08756e+23	1.02e-10	1.69e-06	8.38e-04	2.28e-02	7.45e-02	6.29e-01	2.51e-01	2.20e-02
 1.10025e+23	1.14e-10	1.90e-06	9.45e-04	2.50e-02	7.97e-02	6.35e-01	2.39e-01	1.98e-02
 1.11321e+23	1.28e-10	2.11e-06	1.04e-03	2.68e-02	8.38e-02	6.39e-01	2.31e-01	1.83e-02
 1.12654e+23	1.46e-10	2.40e-06	1.18e-03	2.95e-02	8.95e-02	6.44e-01	2.19e-01	1.64e-02
 1.14024e+23	1.64e-10	2.68e-06	1.31e-03	3.18e-02	9.42e-02	6.47e-01	2.10e-01	1.51e-02
 1.15441e+23	1.90e-10	3.08e-06	1.50e-03	3.49e-02	1.01e-01	6.50e-01	1.99e-01	1.34e-02
 1.16872e+23	2.16e-10	3.47e-06	1.67e-03	3.77e-02	1.06e-01	6.52e-01	1.90e-01	1.23e-02
 1.18320e+23	2.49e-10	3.99e-06	1.91e-03	4.14e-02	1.13e-01	6.54e-01	1.79e-01	1.09e-02
 1.19783e+23	2.85e-10	4.50e-06	2.13e-03	4.46e-02	1.18e-01	6.54e-01	1.71e-01	9.89e-03
 1.21267e+23	3.32e-10	5.21e-06	2.44e-03	4.90e-02	1.26e-01	6.53e-01	1.61e-01	8.71e-03
 1.22777e+23	3.82e-10	5.91e-06	2.73e-03	5.28e-02	1.32e-01	6.52e-01	1.53e-01	7.89e-03
 1.24114e+23	4.24e-10	6.65e-06	3.04e-03	5.67e-02	1.38e-01	6.50e-01	1.45e-01	7.13e-03
 1.25642e+23	5.04e-10	7.77e-06	3.50e-03	6.22e-02	1.46e-01	6.46e-01	1.35e-01	6.25e-03
 1.27199e+23	5.76e-10	8.79e-06	3.92e-03	6.70e-02	1.53e-01	6.43e-01	1.28e-01	5.60e-03
 1.28462e+23	6.51e-10	9.81e-06	4.32e-03	7.13e-02	1.59e-01	6.39e-01	1.21e-01	5.11e-03
 1.29771e+23	7.55e-10	1.12e-05	4.84e-03	7.67e-02	1.66e-01	6.33e-01	1.14e-01	4.58e-03
 1.31149e+23	8.61e-10	1.26e-05	5.36e-03	8.18e-02	1.72e-01	6.28e-01	1.08e-01	4.14e-03
 1.32412e+23	9.79e-10	1.41e-05	5.93e-03	8.71e-02	1.79e-01	6.22e-01	1.02e-01	3.75e-03
 1.33853e+23	1.17e-09	1.63e-05	6.72e-03	9.41e-02	1.87e-01	6.14e-01	9.55e-02	3.30e-03
 1.35335e+23	1.33e-09	1.84e-05	7.49e-03	1.01e-01	1.94e-01	6.06e-01	8.96e-02	2.94e-03
 1.36637e+23	1.52e-09	2.08e-05	8.27e-03	1.07e-01	2.00e-01	5.98e-01	8.44e-02	2.65e-03
 1.38099e+23	1.80e-09	2.41e-05	9.36e-03	1.15e-01	2.08e-01	5.87e-01	7.83e-02	2.32e-03
 1.39629e+23	2.09e-09	2.74e-05	1.05e-02	1.23e-01	2.15e-01	5.76e-01	7.29e-02	2.05e-03
 1.41009e+23	2.41e-09	3.10e-05	1.16e-02	1.31e-01	2.22e-01	5.66e-01	6.82e-02	1.83e-03
 1.42568e+23	2.90e-09	3.63e-05	1.32e-02	1.41e-01	2.29e-01	5.52e-01	6.26e-02	1.58e-03
 1.44179e+23	3.40e-09	4.16e-05	1.48e-02	1.50e-01	2.36e-01	5.39e-01	5.78e-02	1.39e-03
 1.45616e+23	3.95e-09	4.73e-05	1.64e-02	1.59e-01	2.43e-01	5.27e-01	5.37e-02	1.22e-03
 1.47242e+23	4.80e-09	5.57e-05	1.87e-02	1.72e-01	2.50e-01	5.10e-01	4.86e-02	1.04e-03
 1.48922e+23	5.66e-09	6.40e-05	2.09e-02	1.82e-01	2.57e-01	4.94e-01	4.46e-02	9.02e-04
 1.50672e+23	6.98e-09	7.62e-05	2.40e-02	1.97e-01	2.64e-01	4.75e-01	4.00e-02	7.54e-04
 1.52454e+23	8.30e-09	8.80e-05	2.68e-02	2.09e-01	2.69e-01	4.58e-01	3.63e-02	6.47e-04
 1.54031e+23	9.83e-09	1.01e-04	2.99e-02	2.21e-01	2.74e-01	4.41e-01	3.31e-02	5.57e-04
 1.55835e+23	1.22e-08	1.21e-04	3.43e-02	2.37e-01	2.80e-01	4.20e-01	2.92e-02	4.59e-04
 1.57668e+23	1.45e-08	1.40e-04	3.83e-02	2.50e-01	2.84e-01	4.01e-01	2.63e-02	3.88e-04
 1.59291e+23	1.74e-08	1.61e-04	4.25e-02	2.63e-01	2.87e-01	3.83e-01	2.37e-02	3.31e-04
 1.61156e+23	2.18e-08	1.93e-04	4.86e-02	2.80e-01	2.90e-01	3.60e-01	2.06e-02	2.67e-04
 1.63043e+23	2.60e-08	2.23e-04	5.40e-02	2.94e-01	2.92e-01	3.41e-01	1.83e-02	2.23e-04
 1.64958e+23	3.28e-08	2.68e-04	6.15e-02	3.12e-01	2.93e-01	3.18e-01	1.58e-02	1.79e-04
 1.66913e+23	3.97e-08	3.11e-04	6.84e-02	3.26e-01	2.92e-01	2.98e-01	1.39e-02	1.47e-04
 1.68654e+23	4.78e-08	3.60e-04	7.57e-02	3.40e-01	2.91e-01	2.80e-01	1.22e-02	1.21e-04
 1.70651e+23	6.08e-08	4.34e-04	8.59e-02	3.58e-01	2.89e-01	2.57e-01	1.03e-02	9.46e-05
 1.72681e+23	7.38e-08	5.04e-04	9.49e-02	3.72e-01	2.86e-01	2.38e-01	8.95e-03	7.68e-05
 1.74754e+23	9.47e-08	6.10e-04	1.08e-01	3.89e-01	2.80e-01	2.15e-01	7.42e-03	5.85e-05
 1.76847e+23	1.15e-07	7.07e-04	1.18e-01	4.01e-01	2.75e-01	1.98e-01	6.37e-03	4.69e-05
 1.78667e+23	1.40e-07	8.16e-04	1.29e-01	4.13e-01	2.69e-01	1.82e-01	5.48e-03	3.78e-05
 1.80413e+23	1.67e-07	9.32e-04	1.41e-01	4.23e-01	2.63e-01	1.68e-01	4.73e-03	3.07e-05
 1.82075e+23	1.98e-07	1.06e-03	1.52e-01	4.32e-01	2.57e-01	1.55e-01	4.11e-03	2.51e-05
 1.83949e+23	2.48e-07	1.24e-03	1.67e-01	4.42e-01	2.48e-01	1.39e-01	3.39e-03	1.91e-05
 1.85802e+23	2.92e-07	1.40e-03	1.79e-01	4.48e-01	2.40e-01	1.28e-01	2.94e-03	1.56e-05
 1.87627e+23	3.61e-07	1.63e-03	1.95e-01	4.56e-01	2.30e-01	1.14e-01	2.43e-03	1.20e-05
 1.89506e+23	4.31e-07	1.85e-03	2.10e-01	4.61e-01	2.22e-01	1.04e-01	2.06e-03	9.55e-06
 1.91455e+23	5.38e-07	2.17e-03	2.29e-01	4.66e-01	2.11e-01	9.14e-02	1.67e-03	7.15e-06
 1.93418e+23	6.42e-07	2.46e-03	2.44e-01	4.68e-01	2.01e-01	8.24e-02	1.41e-03	5.64e-06
 1.95399e+23	8.05e-07	2.88e-03	2.65e-01	4.70e-01	1.89e-01	7.18e-02	1.12e-03	4.13e-06
 1.97387e+23	9.56e-07	3.24e-03	2.81e-01	4.70e-01	1.80e-01	6.44e-02	9.42e-04	3.24e-06
 1.98990e+23	1.11e-06	3.58e-03	2.96e-01	4.69e-01	1.72e-01	5.85e-02	8.07e-04	2.62e-06
 2.00681e+23	1.33e-06	4.06e-03	3.14e-01	4.67e-01	1.62e-01	5.19e-02	6.65e-04	2.02e-06
 2.02395e+23	1.54e-06	4.49e-03	3.30e-01	4.65e-01	1.54e-01	4.68e-02	5.65e-04	1.61e-06
 2.03905e+23	1.78e-06	4.95e-03	3.45e-01	4.61e-01	1.46e-01	4.23e-02	4.80e-04	1.30e-06
 2.05633e+23	2.13e-06	5.58e-03	3.64e-01	4.56e-01	1.37e-01	3.72e-02	3.91e-04	9.83e-07
 2.07385e+23	2.48e-06	6.16e-03	3.80e-01	4.51e-01	1.29e-01	3.33e-02	3.29e-04	7.76e-07
 2.08925e+23	2.86e-06	6.77e-03	3.96e-01	4.45e-01	1.22e-01	2.98e-02	2.77e-04	6.16e-07
 2.10687e+23	3.42e-06	7.62e-03	4.16e-01	4.37e-01	1.13e-01	2.60e-02	2.23e-04	4.61e-07
 2.12477e+23	3.97e-06	8.40e-03	4.32e-01	4.30e-01	1.06e-01	2.31e-02	1.86e-04	3.60e-07
 2.14056e+23	4.59e-06	9.23e-03	4.49e-01	4.22e-01	9.91e-02	2.06e-02	1.55e-04	2.82e-07
 2.15862e+23	5.50e-06	1.04e-02	4.69e-01	4.12e-01	9.11e-02	1.78e-02	1.23e-04	2.08e-07
 2.17692e+23	6.38e-06	1.14e-02	4.85e-01	4.03e-01	8.48e-02	1.57e-02	1.02e-04	1.61e-07
 2.19309e+23	7.37e-06	1.25e-02	5.01e-01	3.93e-01	7.89e-02	1.39e-02	8.40e-05	0.00e+00
 2.21166e+23	8.83e-06	1.41e-02	5.21e-01	3.81e-01	7.19e-02	1.18e-02	6.60e-05	0.00e+00
 2.23055e+23	1.03e-05	1.55e-02	5.38e-01	3.70e-01	6.64e-02	1.04e-02	5.37e-05	0.00e+00
 2.24984e+23	1.23e-05	1.74e-02	5.57e-01	3.56e-01	6.01e-02	8.76e-03	4.15e-05	0.00e+00
 2.26937e+23	1.44e-05	1.91e-02	5.74e-01	3.45e-01	5.51e-02	7.61e-03	3.35e-05	0.00e+00
 2.28920e+23	1.73e-05	2.15e-02	5.93e-01	3.30e-01	4.95e-02	6.38e-03	2.56e-05	0.00e+00
 2.30940e+23	2.02e-05	2.36e-02	6.08e-01	3.17e-01	4.51e-02	5.50e-03	2.04e-05	0.00e+00
 2.33009e+23	2.44e-05	2.66e-02	6.27e-01	3.02e-01	4.01e-02	4.56e-03	1.53e-05	0.00e+00
 2.35115e+23	2.86e-05	2.93e-02	6.42e-01	2.89e-01	3.63e-02	3.89e-03	1.20e-05	0.00e+00
 2.36988e+23	3.33e-05	3.22e-02	6.55e-01	2.76e-01	3.28e-02	3.33e-03	9.47e-06	0.00e+00
 2.39141e+23	4.04e-05	3.62e-02	6.72e-01	2.60e-01	2.89e-02	2.72e-03	7.00e-06	0.00e+00
 2.41030e+23	4.54e-05	3.88e-02	6.82e-01	2.50e-01	2.66e-02	2.40e-03	5.78e-06	0.00e+00
 2.42579e+23	5.18e-05	4.20e-02	6.92e-01	2.40e-01	2.43e-02	2.09e-03	4.67e-06	0.00e+00
 2.44198e+23	5.84e-05	4.51e-02	7.01e-01	2.30e-01	2.23e-02	1.83e-03	3.83e-06	0.00e+00
 2.45674e+23	6.52e-05	4.82e-02	7.09e-01	2.21e-01	2.06e-02	1.62e-03	3.18e-06	0.00e+00
 2.47361e+23	7.52e-05	5.26e-02	7.18e-01	2.09e-01	1.86e-02	1.38e-03	2.50e-06	0.00e+00
 2.49078e+23	8.48e-05	5.64e-02	7.26e-01	2.00e-01	1.69e-02	1.20e-03	2.03e-06	0.00e+00
 2.50836e+23	9.84e-05	6.16e-02	7.34e-01	1.88e-01	1.51e-02	1.01e-03	1.57e-06	0.00e+00
 2.52605e+23	1.11e-04	6.61e-02	7.40e-01	1.79e-01	1.38e-02	8.79e-04	1.26e-06	0.00e+00
 2.54390e+23	1.29e-04	7.23e-02	7.47e-01	1.68e-01	1.22e-02	7.37e-04	9.70e-07	0.00e+00
 2.56203e+23	1.46e-04	7.76e-02	7.52e-01	1.59e-01	1.11e-02	6.34e-04	7.75e-07	0.00e+00
 2.58053e+23	1.70e-04	8.49e-02	7.57e-01	1.48e-01	9.78e-03	5.27e-04	5.86e-07	0.00e+00
 2.59936e+23	1.93e-04	9.13e-02	7.60e-01	1.39e-01	8.79e-03	4.50e-04	4.63e-07	0.00e+00
 2.61863e+23	2.26e-04	1.00e-01	7.63e-01	1.28e-01	7.70e-03	3.69e-04	3.45e-07	0.00e+00
 2.63823e+23	2.58e-04	1.08e-01	7.65e-01	1.20e-01	6.87e-03	3.12e-04	2.68e-07	0.00e+00
 2.65828e+23	3.05e-04	1.19e-01	7.65e-01	1.10e-01	5.95e-03	2.52e-04	1.95e-07	0.00e+00
 2.67843e+23	3.48e-04	1.28e-01	7.65e-01	1.02e-01	5.29e-03	2.12e-04	1.51e-07	0.00e+00
 2.69869e+23	4.12e-04	1.41e-01	7.62e-01	9.23e-02	4.56e-03	1.69e-04	0.00e+00	0.00e+00
 2.71914e+23	4.71e-04	1.52e-01	7.59e-01	8.51e-02	4.04e-03	1.41e-04	0.00e+00	0.00e+00
 2.73982e+23	5.58e-04	1.67e-01	7.52e-01	7.65e-02	3.46e-03	1.12e-04	0.00e+00	0.00e+00
 2.76069e+23	6.42e-04	1.80e-01	7.46e-01	6.98e-02	3.04e-03	9.21e-05	0.00e+00	0.00e+00
 2.78181e+23	7.70e-04	2.00e-01	7.35e-01	6.18e-02	2.57e-03	7.14e-05	0.00e+00	0.00e+00
 2.80278e+23	8.85e-04	2.15e-01	7.26e-01	5.60e-02	2.26e-03	5.85e-05	0.00e+00	0.00e+00
 2.82358e+23	1.07e-03	2.38e-01	7.10e-01	4.89e-02	1.90e-03	4.47e-05	0.00e+00	0.00e+00
 2.84433e+23	1.23e-03	2.57e-01	6.96e-01	4.39e-02	1.66e-03	3.63e-05	0.00e+00	0.00e+00
 2.86504e+23	1.49e-03	2.85e-01	6.75e-01	3.78e-02	1.38e-03	2.72e-05	0.00e+00	0.00e+00
 2.88580e+23	1.73e-03	3.08e-01	6.56e-01	3.33e-02	1.19e-03	2.16e-05	0.00e+00	0.00e+00
 2.90661e+23	2.10e-03	3.41e-01	6.28e-01	2.81e-02	9.83e-04	1.58e-05	0.00e+00	0.00e+00
 2.92753e+23	2.46e-03	3.69e-01	6.04e-01	2.42e-02	8.37e-04	1.22e-05	0.00e+00	0.00e+00
 2.94861e+23	3.02e-03	4.09e-01	5.68e-01	1.98e-02	6.74e-04	8.56e-06	0.00e+00	0.00e+00
 2.96973e+23	3.57e-03	4.43e-01	5.37e-01	1.67e-02	5.63e-04	6.37e-06	0.00e+00	0.00e+00
 2.99092e+23	4.39e-03	4.88e-01	4.94e-01	1.32e-02	4.44e-04	4.31e-06	0.00e+00	0.00e+00
 3.01243e+23	5.28e-03	5.29e-01	4.55e-01	1.06e-02	3.57e-04	3.01e-06	0.00e+00	0.00e+00
 3.03116e+23	6.30e-03	5.70e-01	4.15e-01	8.48e-03	2.86e-04	2.08e-06	0.00e+00	0.00e+00
 3.04946e+23	7.50e-03	6.11e-01	3.74e-01	6.68e-03	2.26e-04	1.42e-06	0.00e+00	0.00e+00
 3.06572e+23	8.75e-03	6.48e-01	3.37e-01	5.34e-03	1.82e-04	9.95e-07	0.00e+00	0.00e+00
 3.07928e+23	1.00e-02	6.81e-01	3.04e-01	4.33e-03	1.48e-04	7.14e-07	0.00e+00	0.00e+00
