#depth	C	C+	C+2	C+3	C+4	C+5	C+6	C[1]	C[2]	C[3]	C+[1]	C+[2]	CO
 4.62852e+21	0.00e+00	0.00e+00	1.89e-27	5.72e-20	1.89e-12	2.58e-06	1.00e+00	0.00e+00	0.00e+00	0.00e+00	0.00e+00	0.00e+00	4.63e-160
 1.05188e+22	0.00e+00	0.00e+00	8.09e-27	1.70e-19	3.91e-12	3.71e-06	1.00e+00	0.00e+00	0.00e+00	0.00e+00	0.00e+00	0.00e+00	8.60e-160
 1.26100e+22	0.00e+00	0.00e+00	2.09e-26	3.48e-19	6.29e-12	4.71e-06	1.00e+00	0.00e+00	0.00e+00	0.00e+00	0.00e+00	0.00e+00	1.30e-159
 1.41033e+22	0.00e+00	0.00e+00	4.47e-26	6.15e-19	9.20e-12	5.69e-06	1.00e+00	0.00e+00	0.00e+00	0.00e+00	0.00e+00	0.00e+00	1.83e-159
 1.50631e+22	0.00e+00	0.00e+00	6.17e-26	7.82e-19	1.08e-11	6.17e-06	1.00e+00	0.00e+00	0.00e+00	0.00e+00	0.00e+00	0.00e+00	4.87e-160
 1.57441e+22	0.00e+00	0.00e+00	9.74e-26	1.10e-18	1.36e-11	6.91e-06	1.00e+00	0.00e+00	0.00e+00	0.00e+00	0.00e+00	0.00e+00	5.90e-160
 1.64374e+22	0.00e+00	0.00e+00	1.36e-25	1.42e-18	1.60e-11	7.51e-06	1.00e+00	0.00e+00	0.00e+00	0.00e+00	0.00e+00	0.00e+00	6.84e-160
 1.71464e+22	0.00e+00	0.00e+00	2.19e-25	2.03e-18	2.04e-11	8.46e-06	1.00e+00	0.00e+00	0.00e+00	0.00e+00	0.00e+00	0.00e+00	8.38e-160
 1.78529e+22	0.00e+00	0.00e+00	3.05e-25	2.60e-18	2.40e-11	9.19e-06	1.00e+00	0.00e+00	0.00e+00	0.00e+00	0.00e+00	0.00e+00	9.72e-160
 1.85563e+22	0.00e+00	0.00e+00	4.89e-25	3.71e-18	3.04e-11	1.03e-05	1.00e+00	0.00e+00	0.00e+00	0.00e+00	0.00e+00	0.00e+00	1.19e-159
 1.92604e+22	0.00e+00	8.22e-33	6.80e-25	4.75e-18	3.59e-11	1.12e-05	1.00e+00	0.00e+00	0.00e+00	0.00e+00	0.00e+00	0.00e+00	9.69e-161
 1.99653e+22	0.00e+00	1.48e-32	1.09e-24	6.78e-18	4.55e-11	1.26e-05	1.00e+00	0.00e+00	0.00e+00	0.00e+00	0.00e+00	0.00e+00	3.63e-161
 2.06714e+22	0.00e+00	2.24e-32	1.52e-24	8.70e-18	5.37e-11	1.37e-05	1.00e+00	0.00e+00	0.00e+00	0.00e+00	0.00e+00	0.00e+00	1.90e-161
 2.13788e+22	0.00e+00	4.06e-32	2.45e-24	1.24e-17	6.81e-11	1.54e-05	1.00e+00	0.00e+00	0.00e+00	0.00e+00	0.00e+00	0.00e+00	1.50e-161
 2.20860e+22	0.00e+00	6.14e-32	3.41e-24	1.60e-17	8.04e-11	1.68e-05	1.00e+00	0.00e+00	0.00e+00	0.00e+00	0.00e+00	0.00e+00	1.64e-161
 2.27928e+22	0.00e+00	1.11e-31	5.48e-24	2.28e-17	1.02e-10	1.89e-05	1.00e+00	0.00e+00	0.00e+00	0.00e+00	0.00e+00	0.00e+00	1.16e-161
 2.35016e+22	0.00e+00	1.61e-31	7.34e-24	2.93e-17	1.20e-10	2.05e-05	1.00e+00	0.00e+00	0.00e+00	0.00e+00	0.00e+00	0.00e+00	1.89e-142
 2.42128e+22	0.00e+00	2.93e-31	1.18e-23	4.20e-17	1.53e-10	2.31e-05	1.00e+00	0.00e+00	0.00e+00	0.00e+00	0.00e+00	0.00e+00	2.17e-142
 2.49234e+22	0.00e+00	4.43e-31	1.65e-23	5.39e-17	1.81e-10	2.51e-05	1.00e+00	0.00e+00	0.00e+00	0.00e+00	0.00e+00	0.00e+00	7.21e-141
 2.56332e+22	0.00e+00	8.01e-31	2.65e-23	7.72e-17	2.29e-10	2.82e-05	1.00e+00	0.00e+00	0.00e+00	0.00e+00	0.00e+00	0.00e+00	5.30e-140
 2.63451e+22	0.00e+00	1.22e-30	3.71e-23	9.92e-17	2.71e-10	3.06e-05	1.00e+00	0.00e+00	0.00e+00	0.00e+00	0.00e+00	0.00e+00	3.78e-135
 2.70596e+22	0.00e+00	2.21e-30	5.98e-23	1.42e-16	3.44e-10	3.45e-05	1.00e+00	0.00e+00	0.00e+00	0.00e+00	0.00e+00	0.00e+00	4.76e-135
 2.77742e+22	0.00e+00	3.35e-30	8.36e-23	1.83e-16	4.07e-10	3.75e-05	1.00e+00	0.00e+00	0.00e+00	0.00e+00	0.00e+00	0.00e+00	1.83e-134
 2.83309e+22	0.00e+00	4.78e-30	1.11e-22	2.27e-16	4.69e-10	4.02e-05	1.00e+00	0.00e+00	0.00e+00	0.00e+00	0.00e+00	0.00e+00	2.07e-127
 2.88140e+22	0.00e+00	6.71e-30	1.46e-22	2.79e-16	5.38e-10	4.30e-05	1.00e+00	0.00e+00	0.00e+00	0.00e+00	0.00e+00	0.00e+00	6.57e-127
 2.92867e+22	0.00e+00	9.36e-30	1.91e-22	3.42e-16	6.15e-10	4.59e-05	1.00e+00	0.00e+00	0.00e+00	0.00e+00	0.00e+00	0.00e+00	7.47e-127
 2.98289e+22	0.00e+00	1.46e-29	2.73e-22	4.48e-16	7.36e-10	5.02e-05	1.00e+00	0.00e+00	0.00e+00	0.00e+00	0.00e+00	0.00e+00	8.86e-127
 3.03645e+22	0.00e+00	1.98e-29	3.49e-22	5.39e-16	8.32e-10	5.33e-05	1.00e+00	0.00e+00	0.00e+00	0.00e+00	0.00e+00	0.00e+00	1.00e-126
 3.08914e+22	0.00e+00	3.00e-29	4.88e-22	6.94e-16	9.83e-10	5.79e-05	1.00e+00	0.00e+00	0.00e+00	0.00e+00	0.00e+00	0.00e+00	1.18e-126
 3.14302e+22	0.00e+00	4.26e-29	6.46e-22	8.59e-16	1.13e-09	6.21e-05	1.00e+00	0.00e+00	0.00e+00	0.00e+00	0.00e+00	0.00e+00	1.35e-126
 3.19089e+22	0.00e+00	5.97e-29	8.47e-22	1.05e-15	1.30e-09	6.63e-05	1.00e+00	0.00e+00	0.00e+00	0.00e+00	0.00e+00	0.00e+00	1.54e-126
 3.24559e+22	0.00e+00	9.35e-29	1.22e-21	1.39e-15	1.55e-09	7.25e-05	1.00e+00	0.00e+00	0.00e+00	0.00e+00	0.00e+00	0.00e+00	1.77e-126
 3.29962e+22	0.00e+00	1.27e-28	1.55e-21	1.67e-15	1.76e-09	7.70e-05	1.00e+00	0.00e+00	0.00e+00	0.00e+00	0.00e+00	0.00e+00	2.01e-126
 3.35276e+22	0.00e+00	1.98e-28	2.22e-21	2.19e-15	2.10e-09	8.40e-05	1.00e+00	0.00e+00	0.00e+00	0.00e+00	0.00e+00	0.00e+00	2.32e-126
 3.40553e+22	0.00e+00	2.67e-28	2.83e-21	2.63e-15	2.37e-09	8.92e-05	1.00e+00	0.00e+00	0.00e+00	0.00e+00	0.00e+00	0.00e+00	2.59e-126
 3.45779e+22	0.00e+00	4.07e-28	3.98e-21	3.41e-15	2.82e-09	9.70e-05	1.00e+00	0.00e+00	0.00e+00	0.00e+00	0.00e+00	0.00e+00	3.20e-126
 3.50597e+22	0.00e+00	5.32e-28	4.93e-21	4.01e-15	3.14e-09	1.02e-04	1.00e+00	0.00e+00	0.00e+00	0.00e+00	0.00e+00	0.00e+00	1.49e-125
 3.54885e+22	0.00e+00	7.43e-28	6.46e-21	4.93e-15	3.59e-09	1.09e-04	1.00e+00	0.00e+00	0.00e+00	0.00e+00	0.00e+00	0.00e+00	1.73e-125
 3.59360e+22	0.00e+00	9.90e-28	8.14e-21	5.87e-15	4.03e-09	1.16e-04	1.00e+00	0.00e+00	0.00e+00	0.00e+00	0.00e+00	0.00e+00	1.82e-125
 3.63387e+22	0.00e+00	1.31e-27	1.02e-20	6.98e-15	4.52e-09	1.22e-04	1.00e+00	0.00e+00	0.00e+00	0.00e+00	0.00e+00	0.00e+00	2.29e-125
 3.67928e+22	0.00e+00	1.87e-27	1.36e-20	8.68e-15	5.22e-09	1.31e-04	1.00e+00	0.00e+00	0.00e+00	0.00e+00	0.00e+00	0.00e+00	2.48e-125
 3.72506e+22	0.00e+00	2.48e-27	1.71e-20	1.03e-14	5.85e-09	1.38e-04	1.00e+00	0.00e+00	0.00e+00	0.00e+00	0.00e+00	0.00e+00	2.72e-123
 3.76492e+22	0.00e+00	3.30e-27	2.15e-20	1.23e-14	6.57e-09	1.46e-04	1.00e+00	0.00e+00	0.00e+00	0.00e+00	0.00e+00	0.00e+00	7.96e-118
 3.80428e+22	0.00e+00	4.32e-27	2.68e-20	1.45e-14	7.33e-09	1.54e-04	1.00e+00	0.00e+00	0.00e+00	0.00e+00	0.00e+00	0.00e+00	8.23e-118
 3.84935e+22	0.00e+00	6.14e-27	3.55e-20	1.81e-14	8.45e-09	1.65e-04	1.00e+00	0.00e+00	0.00e+00	0.00e+00	0.00e+00	0.00e+00	9.54e-118
 3.89546e+22	0.00e+00	8.19e-27	4.49e-20	2.16e-14	9.50e-09	1.75e-04	1.00e+00	0.00e+00	0.00e+00	0.00e+00	0.00e+00	0.00e+00	6.42e-97
 3.93266e+22	0.00e+00	1.05e-26	5.47e-20	2.51e-14	1.05e-08	1.84e-04	1.00e+00	0.00e+00	0.00e+00	0.00e+00	0.00e+00	0.00e+00	1.20e-96
 3.96516e+22	0.00e+00	1.32e-26	6.58e-20	2.89e-14	1.15e-08	1.92e-04	1.00e+00	0.00e+00	0.00e+00	0.00e+00	0.00e+00	0.00e+00	1.63e-96
 4.00178e+22	0.00e+00	1.72e-26	8.19e-20	3.42e-14	1.29e-08	2.03e-04	1.00e+00	0.00e+00	0.00e+00	0.00e+00	0.00e+00	0.00e+00	7.23e-96
 4.04110e+22	0.00e+00	2.24e-26	1.01e-19	4.01e-14	1.43e-08	2.13e-04	1.00e+00	0.00e+00	0.00e+00	0.00e+00	0.00e+00	0.00e+00	1.56e-95
 4.07638e+22	0.00e+00	2.85e-26	1.23e-19	4.66e-14	1.58e-08	2.24e-04	1.00e+00	0.00e+00	0.00e+00	0.00e+00	0.00e+00	0.00e+00	3.25e-95
 4.10962e+22	0.00e+00	3.60e-26	1.49e-19	5.38e-14	1.73e-08	2.34e-04	1.00e+00	0.00e+00	0.00e+00	0.00e+00	0.00e+00	0.00e+00	6.90e-95
 4.14773e+22	0.00e+00	4.76e-26	1.87e-19	6.41e-14	1.94e-08	2.47e-04	1.00e+00	0.00e+00	0.00e+00	0.00e+00	0.00e+00	0.00e+00	6.26e-95
 4.18795e+22	0.00e+00	6.23e-26	2.32e-19	7.56e-14	2.17e-08	2.61e-04	1.00e+00	0.00e+00	0.00e+00	0.00e+00	0.00e+00	0.00e+00	2.03e-94
 4.22302e+22	0.00e+00	7.91e-26	2.81e-19	8.76e-14	2.39e-08	2.73e-04	1.00e+00	0.00e+00	0.00e+00	0.00e+00	0.00e+00	0.00e+00	1.90e-94
 4.26073e+22	0.00e+00	1.05e-25	3.53e-19	1.04e-13	2.68e-08	2.89e-04	1.00e+00	0.00e+00	0.00e+00	0.00e+00	0.00e+00	0.00e+00	8.37e-94
 4.29727e+22	2.51e-34	1.32e-25	4.26e-19	1.20e-13	2.94e-08	3.02e-04	1.00e+00	0.00e+00	0.00e+00	0.00e+00	0.00e+00	0.00e+00	2.80e-93
 4.32587e+22	3.16e-34	1.60e-25	4.98e-19	1.36e-13	3.19e-08	3.14e-04	1.00e+00	0.00e+00	0.00e+00	0.00e+00	0.00e+00	0.00e+00	5.58e-93
 4.35666e+22	4.13e-34	2.01e-25	5.98e-19	1.56e-13	3.50e-08	3.28e-04	1.00e+00	0.00e+00	0.00e+00	0.00e+00	0.00e+00	0.00e+00	3.93e-93
 4.39033e+22	5.38e-34	2.51e-25	7.16e-19	1.79e-13	3.83e-08	3.43e-04	1.00e+00	0.00e+00	0.00e+00	0.00e+00	0.00e+00	0.00e+00	1.56e-92
 4.42159e+22	6.93e-34	3.10e-25	8.50e-19	2.04e-13	4.17e-08	3.57e-04	1.00e+00	0.00e+00	0.00e+00	0.00e+00	0.00e+00	0.00e+00	1.35e-92
 4.45118e+22	8.84e-34	3.80e-25	1.00e-18	2.32e-13	4.54e-08	3.72e-04	1.00e+00	0.00e+00	0.00e+00	0.00e+00	0.00e+00	0.00e+00	4.46e-92
 4.48473e+22	1.18e-33	4.86e-25	1.23e-18	2.71e-13	5.02e-08	3.90e-04	1.00e+00	0.00e+00	0.00e+00	0.00e+00	0.00e+00	0.00e+00	5.78e-92
 4.51987e+22	1.56e-33	6.14e-25	1.48e-18	3.13e-13	5.52e-08	4.09e-04	1.00e+00	0.00e+00	0.00e+00	0.00e+00	0.00e+00	0.00e+00	1.92e-91
 4.55053e+22	2.01e-33	7.58e-25	1.75e-18	3.56e-13	6.01e-08	4.26e-04	1.00e+00	0.00e+00	0.00e+00	0.00e+00	0.00e+00	0.00e+00	4.13e-91
 4.57737e+22	2.50e-33	9.09e-25	2.03e-18	3.98e-13	6.47e-08	4.42e-04	1.00e+00	0.00e+00	0.00e+00	0.00e+00	0.00e+00	0.00e+00	2.35e-91
 4.60575e+22	3.18e-33	1.12e-24	2.40e-18	4.53e-13	7.05e-08	4.60e-04	1.00e+00	0.00e+00	0.00e+00	0.00e+00	0.00e+00	0.00e+00	1.30e-90
 4.63627e+22	4.05e-33	1.37e-24	2.83e-18	5.13e-13	7.65e-08	4.78e-04	1.00e+00	0.00e+00	0.00e+00	0.00e+00	0.00e+00	0.00e+00	1.46e-90
 4.66389e+22	5.05e-33	1.64e-24	3.29e-18	5.76e-13	8.25e-08	4.96e-04	1.00e+00	0.00e+00	0.00e+00	0.00e+00	0.00e+00	0.00e+00	4.35e-90
 4.69415e+22	6.59e-33	2.06e-24	3.94e-18	6.62e-13	9.04e-08	5.18e-04	9.99e-01	0.00e+00	0.00e+00	0.00e+00	0.00e+00	0.00e+00	2.35e-90
 4.72559e+22	8.48e-33	2.54e-24	4.67e-18	7.53e-13	9.85e-08	5.41e-04	9.99e-01	0.00e+00	0.00e+00	0.00e+00	0.00e+00	0.00e+00	9.20e-90
 4.75209e+22	1.05e-32	3.03e-24	5.38e-18	8.40e-13	1.06e-07	5.60e-04	9.99e-01	0.00e+00	0.00e+00	0.00e+00	0.00e+00	0.00e+00	2.34e-89
 4.78006e+22	1.34e-32	3.72e-24	6.36e-18	9.56e-13	1.15e-07	5.83e-04	9.99e-01	0.00e+00	0.00e+00	0.00e+00	0.00e+00	0.00e+00	1.28e-89
 4.81000e+22	1.69e-32	4.53e-24	7.46e-18	1.08e-12	1.25e-07	6.06e-04	9.99e-01	0.00e+00	0.00e+00	0.00e+00	0.00e+00	0.00e+00	7.78e-89
 4.83751e+22	2.12e-32	5.48e-24	8.69e-18	1.21e-12	1.35e-07	6.29e-04	9.99e-01	0.00e+00	0.00e+00	0.00e+00	0.00e+00	0.00e+00	1.18e-88
 4.86236e+22	2.59e-32	6.47e-24	9.94e-18	1.34e-12	1.44e-07	6.50e-04	9.99e-01	0.00e+00	0.00e+00	0.00e+00	0.00e+00	0.00e+00	3.23e-88
 4.88532e+22	3.11e-32	7.55e-24	1.13e-17	1.48e-12	1.54e-07	6.70e-04	9.99e-01	0.00e+00	0.00e+00	0.00e+00	0.00e+00	0.00e+00	3.61e-88
 4.91171e+22	3.90e-32	9.14e-24	1.32e-17	1.67e-12	1.66e-07	6.96e-04	9.99e-01	0.00e+00	0.00e+00	0.00e+00	0.00e+00	0.00e+00	7.44e-88
 4.93972e+22	4.87e-32	1.10e-23	1.53e-17	1.87e-12	1.79e-07	7.22e-04	9.99e-01	0.00e+00	0.00e+00	0.00e+00	0.00e+00	0.00e+00	1.22e-87
 4.96482e+22	5.98e-32	1.31e-23	1.76e-17	2.08e-12	1.93e-07	7.47e-04	9.99e-01	0.00e+00	0.00e+00	0.00e+00	0.00e+00	0.00e+00	7.62e-88
 4.99247e+22	7.63e-32	1.60e-23	2.07e-17	2.36e-12	2.09e-07	7.77e-04	9.99e-01	0.00e+00	0.00e+00	0.00e+00	0.00e+00	0.00e+00	8.58e-88
 5.02058e+22	9.51e-32	1.93e-23	2.40e-17	2.64e-12	2.26e-07	8.07e-04	9.99e-01	0.00e+00	0.00e+00	0.00e+00	0.00e+00	0.00e+00	2.82e-87
 5.04412e+22	1.15e-31	2.26e-23	2.73e-17	2.91e-12	2.41e-07	8.32e-04	9.99e-01	0.00e+00	0.00e+00	0.00e+00	0.00e+00	0.00e+00	6.54e-87
 5.06956e+22	1.44e-31	2.72e-23	3.18e-17	3.27e-12	2.60e-07	8.64e-04	9.99e-01	0.00e+00	0.00e+00	0.00e+00	0.00e+00	0.00e+00	1.54e-86
 5.09689e+22	1.78e-31	3.26e-23	3.67e-17	3.65e-12	2.80e-07	8.95e-04	9.99e-01	0.00e+00	0.00e+00	0.00e+00	0.00e+00	0.00e+00	1.04e-86
 5.12216e+22	2.19e-31	3.88e-23	4.22e-17	4.06e-12	3.00e-07	9.27e-04	9.99e-01	0.00e+00	0.00e+00	0.00e+00	0.00e+00	0.00e+00	9.71e-87
 5.15051e+22	2.81e-31	4.78e-23	5.00e-17	4.63e-12	3.27e-07	9.66e-04	9.99e-01	0.00e+00	0.00e+00	0.00e+00	0.00e+00	0.00e+00	8.51e-86
 5.17845e+22	3.48e-31	5.71e-23	5.77e-17	5.15e-12	3.52e-07	1.00e-03	9.99e-01	0.00e+00	0.00e+00	0.00e+00	0.00e+00	0.00e+00	1.18e-85
 5.20088e+22	4.18e-31	6.66e-23	6.53e-17	5.66e-12	3.75e-07	1.03e-03	9.99e-01	0.00e+00	0.00e+00	0.00e+00	0.00e+00	0.00e+00	1.94e-85
 5.22504e+22	5.17e-31	7.95e-23	7.53e-17	6.32e-12	4.03e-07	1.07e-03	9.99e-01	0.00e+00	0.00e+00	0.00e+00	0.00e+00	0.00e+00	2.07e-85
 5.25148e+22	6.37e-31	9.46e-23	8.67e-17	7.03e-12	4.33e-07	1.11e-03	9.99e-01	0.00e+00	0.00e+00	0.00e+00	0.00e+00	0.00e+00	3.70e-85
 5.27655e+22	7.84e-31	1.13e-22	9.96e-17	7.82e-12	4.64e-07	1.15e-03	9.99e-01	0.00e+00	0.00e+00	0.00e+00	0.00e+00	0.00e+00	2.63e-85
 5.30095e+22	9.59e-31	1.33e-22	1.14e-16	8.66e-12	4.97e-07	1.19e-03	9.99e-01	0.00e+00	0.00e+00	0.00e+00	0.00e+00	0.00e+00	1.91e-85
 5.32434e+22	1.16e-30	1.56e-22	1.29e-16	9.54e-12	5.30e-07	1.22e-03	9.99e-01	0.00e+00	0.00e+00	0.00e+00	0.00e+00	0.00e+00	1.69e-84
 5.35028e+22	1.45e-30	1.88e-22	1.51e-16	1.07e-11	5.73e-07	1.27e-03	9.99e-01	0.00e+00	0.00e+00	0.00e+00	0.00e+00	0.00e+00	3.76e-84
 5.37736e+22	1.80e-30	2.25e-22	1.74e-16	1.19e-11	6.16e-07	1.32e-03	9.99e-01	0.00e+00	0.00e+00	0.00e+00	0.00e+00	0.00e+00	8.80e-84
 5.40105e+22	2.19e-30	2.65e-22	1.98e-16	1.32e-11	6.58e-07	1.36e-03	9.99e-01	0.00e+00	0.00e+00	0.00e+00	0.00e+00	0.00e+00	1.52e-83
 5.42697e+22	2.76e-30	3.21e-22	2.31e-16	1.48e-11	7.12e-07	1.42e-03	9.99e-01	0.00e+00	0.00e+00	0.00e+00	0.00e+00	0.00e+00	4.17e-83
 5.45442e+22	3.45e-30	3.87e-22	2.68e-16	1.65e-11	7.67e-07	1.47e-03	9.99e-01	0.00e+00	0.00e+00	0.00e+00	0.00e+00	0.00e+00	7.32e-83
 5.47888e+22	4.21e-30	4.56e-22	3.05e-16	1.83e-11	8.21e-07	1.52e-03	9.98e-01	0.00e+00	0.00e+00	0.00e+00	0.00e+00	0.00e+00	1.20e-82
 5.50186e+22	5.11e-30	5.35e-22	3.47e-16	2.01e-11	8.75e-07	1.57e-03	9.98e-01	0.00e+00	0.00e+00	0.00e+00	0.00e+00	0.00e+00	1.94e-82
 5.52446e+22	6.15e-30	6.24e-22	3.92e-16	2.20e-11	9.32e-07	1.62e-03	9.98e-01	0.00e+00	0.00e+00	0.00e+00	0.00e+00	0.00e+00	3.10e-82
 5.55042e+22	7.81e-30	7.60e-22	4.59e-16	2.48e-11	1.01e-06	1.69e-03	9.98e-01	0.00e+00	0.00e+00	0.00e+00	0.00e+00	0.00e+00	5.64e-82
 5.57721e+22	9.60e-30	9.02e-22	5.25e-16	2.74e-11	1.08e-06	1.75e-03	9.98e-01	0.00e+00	0.00e+00	0.00e+00	0.00e+00	0.00e+00	9.46e-82
 5.60121e+22	1.18e-29	1.07e-21	6.01e-16	3.03e-11	1.16e-06	1.81e-03	9.98e-01	0.00e+00	0.00e+00	0.00e+00	0.00e+00	0.00e+00	1.59e-81
 5.62483e+22	1.44e-29	1.26e-21	6.85e-16	3.34e-11	1.24e-06	1.88e-03	9.98e-01	0.00e+00	0.00e+00	0.00e+00	0.00e+00	0.00e+00	2.63e-81
 5.64757e+22	1.74e-29	1.47e-21	7.74e-16	3.66e-11	1.32e-06	1.94e-03	9.98e-01	0.00e+00	0.00e+00	0.00e+00	0.00e+00	0.00e+00	4.23e-81
 5.67285e+22	2.21e-29	1.79e-21	9.03e-16	4.10e-11	1.42e-06	2.02e-03	9.98e-01	0.00e+00	0.00e+00	0.00e+00	0.00e+00	0.00e+00	7.73e-81
 5.69854e+22	2.70e-29	2.11e-21	1.03e-15	4.50e-11	1.52e-06	2.09e-03	9.98e-01	0.00e+00	0.00e+00	0.00e+00	0.00e+00	0.00e+00	1.28e-80
 5.72120e+22	3.28e-29	2.48e-21	1.16e-15	4.93e-11	1.62e-06	2.16e-03	9.98e-01	0.00e+00	0.00e+00	0.00e+00	0.00e+00	0.00e+00	2.09e-80
 5.74709e+22	4.17e-29	3.02e-21	1.36e-15	5.52e-11	1.75e-06	2.25e-03	9.98e-01	0.00e+00	0.00e+00	0.00e+00	0.00e+00	0.00e+00	3.86e-80
 5.77379e+22	5.20e-29	3.61e-21	1.56e-15	6.11e-11	1.88e-06	2.34e-03	9.98e-01	0.00e+00	0.00e+00	0.00e+00	0.00e+00	0.00e+00	6.72e-80
 5.79613e+22	6.29e-29	4.21e-21	1.76e-15	6.65e-11	2.00e-06	2.42e-03	9.98e-01	0.00e+00	0.00e+00	0.00e+00	0.00e+00	0.00e+00	1.09e-79
 5.81661e+22	7.49e-29	4.86e-21	1.97e-15	7.22e-11	2.11e-06	2.50e-03	9.98e-01	0.00e+00	0.00e+00	0.00e+00	0.00e+00	0.00e+00	1.69e-79
 5.84009e+22	9.39e-29	5.84e-21	2.26e-15	7.98e-11	2.27e-06	2.60e-03	9.97e-01	0.00e+00	0.00e+00	0.00e+00	0.00e+00	0.00e+00	3.01e-79
 5.86467e+22	1.15e-28	6.89e-21	2.57e-15	8.74e-11	2.42e-06	2.69e-03	9.97e-01	0.00e+00	0.00e+00	0.00e+00	0.00e+00	0.00e+00	5.08e-79
 5.88676e+22	1.40e-28	8.07e-21	2.90e-15	9.51e-11	2.57e-06	2.79e-03	9.97e-01	0.00e+00	0.00e+00	0.00e+00	0.00e+00	0.00e+00	8.40e-79
 5.91161e+22	1.79e-28	9.83e-21	3.37e-15	1.06e-10	2.78e-06	2.91e-03	9.97e-01	0.00e+00	0.00e+00	0.00e+00	0.00e+00	0.00e+00	1.57e-78
 5.93602e+22	2.18e-28	1.15e-20	3.81e-15	1.15e-10	2.95e-06	3.02e-03	9.97e-01	0.00e+00	0.00e+00	0.00e+00	0.00e+00	0.00e+00	2.61e-78
 5.95613e+22	2.60e-28	1.33e-20	4.24e-15	1.24e-10	3.12e-06	3.11e-03	9.97e-01	0.00e+00	0.00e+00	0.00e+00	0.00e+00	0.00e+00	4.08e-78
 5.97853e+22	3.25e-28	1.59e-20	4.86e-15	1.37e-10	3.34e-06	3.24e-03	9.97e-01	0.00e+00	0.00e+00	0.00e+00	0.00e+00	0.00e+00	7.29e-78
 6.00169e+22	3.96e-28	1.86e-20	5.46e-15	1.48e-10	3.54e-06	3.36e-03	9.97e-01	0.00e+00	0.00e+00	0.00e+00	0.00e+00	0.00e+00	1.21e-77
 6.02237e+22	4.77e-28	2.16e-20	6.12e-15	1.60e-10	3.75e-06	3.47e-03	9.97e-01	0.00e+00	0.00e+00	0.00e+00	0.00e+00	0.00e+00	1.97e-77
 6.04578e+22	6.10e-28	2.62e-20	7.08e-15	1.77e-10	4.04e-06	3.63e-03	9.96e-01	0.00e+00	0.00e+00	0.00e+00	0.00e+00	0.00e+00	3.73e-77
 6.06862e+22	7.31e-28	3.03e-20	7.89e-15	1.90e-10	4.27e-06	3.75e-03	9.96e-01	0.00e+00	0.00e+00	0.00e+00	0.00e+00	0.00e+00	5.95e-77
 6.09072e+22	9.12e-28	3.61e-20	9.00e-15	2.08e-10	4.56e-06	3.90e-03	9.96e-01	0.00e+00	0.00e+00	0.00e+00	0.00e+00	0.00e+00	1.06e-76
 6.11346e+22	1.11e-27	4.24e-20	1.01e-14	2.25e-10	4.85e-06	4.05e-03	9.96e-01	0.00e+00	0.00e+00	0.00e+00	0.00e+00	0.00e+00	1.79e-76
 6.13320e+22	1.34e-27	4.90e-20	1.13e-14	2.42e-10	5.12e-06	4.19e-03	9.96e-01	0.00e+00	0.00e+00	0.00e+00	0.00e+00	0.00e+00	2.89e-76
 6.15502e+22	1.68e-27	5.86e-20	1.29e-14	2.64e-10	5.47e-06	4.36e-03	9.96e-01	0.00e+00	0.00e+00	0.00e+00	0.00e+00	0.00e+00	5.25e-76
 6.17744e+22	2.03e-27	6.82e-20	1.44e-14	2.85e-10	5.79e-06	4.52e-03	9.95e-01	0.00e+00	0.00e+00	0.00e+00	0.00e+00	0.00e+00	8.67e-76
 6.19705e+22	2.44e-27	7.87e-20	1.60e-14	3.05e-10	6.12e-06	4.67e-03	9.95e-01	0.00e+00	0.00e+00	0.00e+00	0.00e+00	0.00e+00	1.40e-75
 6.21894e+22	3.06e-27	9.42e-20	1.83e-14	3.33e-10	6.54e-06	4.87e-03	9.95e-01	0.00e+00	0.00e+00	0.00e+00	0.00e+00	0.00e+00	2.55e-75
 6.24127e+22	3.73e-27	1.10e-19	2.05e-14	3.58e-10	6.93e-06	5.05e-03	9.95e-01	0.00e+00	0.00e+00	0.00e+00	0.00e+00	0.00e+00	4.31e-75
 6.26071e+22	4.47e-27	1.27e-19	2.27e-14	3.84e-10	7.31e-06	5.23e-03	9.95e-01	0.00e+00	0.00e+00	0.00e+00	0.00e+00	0.00e+00	6.97e-75
 6.28252e+22	5.60e-27	1.51e-19	2.59e-14	4.17e-10	7.81e-06	5.45e-03	9.95e-01	0.00e+00	0.00e+00	0.00e+00	0.00e+00	0.00e+00	1.27e-74
 6.30487e+22	6.85e-27	1.77e-19	2.90e-14	4.49e-10	8.28e-06	5.66e-03	9.94e-01	0.00e+00	0.00e+00	0.00e+00	0.00e+00	0.00e+00	2.17e-74
 6.32416e+22	8.23e-27	2.05e-19	3.23e-14	4.81e-10	8.74e-06	5.85e-03	9.94e-01	0.00e+00	0.00e+00	0.00e+00	0.00e+00	0.00e+00	3.53e-74
 6.34549e+22	1.03e-26	2.44e-19	3.67e-14	5.23e-10	9.34e-06	6.10e-03	9.94e-01	0.00e+00	0.00e+00	0.00e+00	0.00e+00	0.00e+00	6.44e-74
 6.36768e+22	1.26e-26	2.86e-19	4.11e-14	5.62e-10	9.91e-06	6.34e-03	9.94e-01	0.00e+00	0.00e+00	0.00e+00	0.00e+00	0.00e+00	1.11e-73
 6.38715e+22	1.52e-26	3.31e-19	4.57e-14	6.01e-10	1.05e-05	6.56e-03	9.93e-01	0.00e+00	0.00e+00	0.00e+00	0.00e+00	0.00e+00	1.83e-73
 6.40865e+22	1.91e-26	3.95e-19	5.21e-14	6.53e-10	1.12e-05	6.85e-03	9.93e-01	0.00e+00	0.00e+00	0.00e+00	0.00e+00	0.00e+00	3.38e-73
 6.43105e+22	2.36e-26	4.66e-19	5.85e-14	7.02e-10	1.19e-05	7.12e-03	9.93e-01	0.00e+00	0.00e+00	0.00e+00	0.00e+00	0.00e+00	5.97e-73
 6.45092e+22	2.85e-26	5.40e-19	6.52e-14	7.52e-10	1.26e-05	7.38e-03	9.93e-01	0.00e+00	0.00e+00	0.00e+00	0.00e+00	0.00e+00	9.97e-73
 6.47305e+22	3.62e-26	6.51e-19	7.46e-14	8.19e-10	1.35e-05	7.72e-03	9.92e-01	0.00e+00	0.00e+00	0.00e+00	0.00e+00	0.00e+00	1.90e-72
 6.49632e+22	4.52e-26	7.73e-19	8.44e-14	8.84e-10	1.44e-05	8.05e-03	9.92e-01	0.00e+00	0.00e+00	0.00e+00	0.00e+00	0.00e+00	3.46e-72
 6.51574e+22	5.40e-26	8.87e-19	9.32e-14	9.39e-10	1.51e-05	8.32e-03	9.92e-01	0.00e+00	0.00e+00	0.00e+00	0.00e+00	0.00e+00	5.59e-72
 6.53565e+22	6.74e-26	1.05e-18	1.05e-13	1.01e-09	1.62e-05	8.67e-03	9.91e-01	0.00e+00	0.00e+00	0.00e+00	0.00e+00	0.00e+00	1.02e-71
 6.55623e+22	8.14e-26	1.22e-18	1.17e-13	1.08e-09	1.71e-05	8.98e-03	9.91e-01	0.00e+00	0.00e+00	0.00e+00	0.00e+00	0.00e+00	1.70e-71
 6.57342e+22	9.62e-26	1.39e-18	1.28e-13	1.14e-09	1.79e-05	9.27e-03	9.91e-01	0.00e+00	0.00e+00	0.00e+00	0.00e+00	0.00e+00	2.69e-71
 6.58887e+22	1.13e-25	1.57e-18	1.40e-13	1.21e-09	1.88e-05	9.55e-03	9.90e-01	0.00e+00	0.00e+00	0.00e+00	0.00e+00	0.00e+00	4.18e-71
 6.60629e+22	1.38e-25	1.83e-18	1.56e-13	1.29e-09	1.99e-05	9.90e-03	9.90e-01	0.00e+00	0.00e+00	0.00e+00	0.00e+00	0.00e+00	7.12e-71
 6.62310e+22	1.61e-25	2.06e-18	1.70e-13	1.36e-09	2.08e-05	1.02e-02	9.90e-01	0.00e+00	0.00e+00	0.00e+00	0.00e+00	0.00e+00	1.09e-70
 6.63647e+22	1.85e-25	2.30e-18	1.84e-13	1.42e-09	2.17e-05	1.05e-02	9.90e-01	0.00e+00	0.00e+00	0.00e+00	0.00e+00	0.00e+00	1.61e-70
 6.65119e+22	2.19e-25	2.62e-18	2.02e-13	1.50e-09	2.28e-05	1.08e-02	9.89e-01	0.00e+00	0.00e+00	0.00e+00	0.00e+00	0.00e+00	2.54e-70
 6.66672e+22	2.56e-25	2.96e-18	2.20e-13	1.58e-09	2.38e-05	1.11e-02	9.89e-01	0.00e+00	0.00e+00	0.00e+00	0.00e+00	0.00e+00	3.89e-70
 6.68008e+22	2.94e-25	3.29e-18	2.37e-13	1.66e-09	2.48e-05	1.14e-02	9.89e-01	0.00e+00	0.00e+00	0.00e+00	0.00e+00	0.00e+00	5.68e-70
 6.69227e+22	3.37e-25	3.66e-18	2.56e-13	1.73e-09	2.58e-05	1.17e-02	9.88e-01	0.00e+00	0.00e+00	0.00e+00	0.00e+00	0.00e+00	8.24e-70
 6.70615e+22	4.00e-25	4.17e-18	2.81e-13	1.83e-09	2.71e-05	1.21e-02	9.88e-01	0.00e+00	0.00e+00	0.00e+00	0.00e+00	0.00e+00	1.32e-69
 6.72024e+22	4.60e-25	4.65e-18	3.03e-13	1.91e-09	2.83e-05	1.24e-02	9.88e-01	0.00e+00	0.00e+00	0.00e+00	0.00e+00	0.00e+00	1.93e-69
 6.73459e+22	5.49e-25	5.33e-18	3.34e-13	2.03e-09	2.98e-05	1.28e-02	9.87e-01	0.00e+00	0.00e+00	0.00e+00	0.00e+00	0.00e+00	3.13e-69
 6.74848e+22	6.30e-25	5.92e-18	3.60e-13	2.12e-09	3.10e-05	1.31e-02	9.87e-01	0.00e+00	0.00e+00	0.00e+00	0.00e+00	0.00e+00	4.53e-69
 6.75982e+22	7.20e-25	6.57e-18	3.87e-13	2.21e-09	3.22e-05	1.34e-02	9.87e-01	0.00e+00	0.00e+00	0.00e+00	0.00e+00	0.00e+00	6.54e-69
 6.77095e+22	8.23e-25	7.28e-18	4.16e-13	2.31e-09	3.35e-05	1.38e-02	9.86e-01	0.00e+00	0.00e+00	0.00e+00	0.00e+00	0.00e+00	9.39e-69
 6.78374e+22	9.72e-25	8.28e-18	4.56e-13	2.43e-09	3.52e-05	1.42e-02	9.86e-01	0.00e+00	0.00e+00	0.00e+00	0.00e+00	0.00e+00	1.48e-68
 6.79684e+22	1.13e-24	9.30e-18	4.95e-13	2.55e-09	3.68e-05	1.46e-02	9.85e-01	0.00e+00	0.00e+00	0.00e+00	0.00e+00	0.00e+00	2.22e-68
 6.80816e+22	1.29e-24	1.03e-17	5.34e-13	2.67e-09	3.83e-05	1.49e-02	9.85e-01	0.00e+00	0.00e+00	0.00e+00	0.00e+00	0.00e+00	3.20e-68
 6.82070e+22	1.54e-24	1.18e-17	5.88e-13	2.82e-09	4.03e-05	1.54e-02	9.85e-01	0.00e+00	0.00e+00	0.00e+00	0.00e+00	0.00e+00	5.13e-68
 6.83354e+22	1.80e-24	1.33e-17	6.39e-13	2.96e-09	4.21e-05	1.58e-02	9.84e-01	0.00e+00	0.00e+00	0.00e+00	0.00e+00	0.00e+00	7.76e-68
 6.84419e+22	2.04e-24	1.47e-17	6.87e-13	3.09e-09	4.37e-05	1.62e-02	9.84e-01	0.00e+00	0.00e+00	0.00e+00	0.00e+00	0.00e+00	1.10e-67
 6.85547e+22	2.42e-24	1.68e-17	7.53e-13	3.26e-09	4.59e-05	1.66e-02	9.83e-01	0.00e+00	0.00e+00	0.00e+00	0.00e+00	0.00e+00	1.72e-67
 6.86702e+22	2.79e-24	1.88e-17	8.16e-13	3.42e-09	4.79e-05	1.71e-02	9.83e-01	0.00e+00	0.00e+00	0.00e+00	0.00e+00	0.00e+00	2.52e-67
 6.87729e+22	3.22e-24	2.09e-17	8.83e-13	3.58e-09	5.00e-05	1.75e-02	9.82e-01	0.00e+00	0.00e+00	0.00e+00	0.00e+00	0.00e+00	3.68e-67
 6.88899e+22	3.88e-24	2.42e-17	9.81e-13	3.81e-09	5.28e-05	1.80e-02	9.82e-01	0.00e+00	0.00e+00	0.00e+00	0.00e+00	0.00e+00	6.04e-67
 6.90078e+22	4.52e-24	2.73e-17	1.07e-12	4.01e-09	5.52e-05	1.85e-02	9.81e-01	0.00e+00	0.00e+00	0.00e+00	0.00e+00	0.00e+00	9.00e-67
 6.91269e+22	5.56e-24	3.21e-17	1.20e-12	4.29e-09	5.86e-05	1.91e-02	9.81e-01	0.00e+00	0.00e+00	0.00e+00	0.00e+00	0.00e+00	1.54e-66
 6.92438e+22	6.43e-24	3.60e-17	1.30e-12	4.52e-09	6.11e-05	1.96e-02	9.80e-01	0.00e+00	0.00e+00	0.00e+00	0.00e+00	0.00e+00	2.25e-66
 6.93578e+22	7.94e-24	4.24e-17	1.47e-12	4.85e-09	6.50e-05	2.03e-02	9.80e-01	0.00e+00	0.00e+00	0.00e+00	0.00e+00	0.00e+00	3.88e-66
 6.94715e+22	9.22e-24	4.77e-17	1.60e-12	5.12e-09	6.79e-05	2.08e-02	9.79e-01	0.00e+00	0.00e+00	0.00e+00	4.77e-17	5.34e-25	5.69e-66
 6.95848e+22	1.15e-23	5.69e-17	1.82e-12	5.53e-09	7.24e-05	2.15e-02	9.78e-01	0.00e+00	0.00e+00	0.00e+00	5.69e-17	1.90e-22	1.01e-65
 6.96979e+22	1.35e-23	6.46e-17	2.00e-12	5.86e-09	7.58e-05	2.21e-02	9.78e-01	0.00e+00	0.00e+00	0.00e+00	6.46e-17	2.16e-22	1.51e-65
 6.98107e+22	1.71e-23	7.76e-17	2.29e-12	6.37e-09	8.10e-05	2.29e-02	9.77e-01	0.00e+00	0.00e+00	0.00e+00	7.76e-17	2.60e-22	2.70e-65
 6.99223e+22	2.01e-23	8.84e-17	2.52e-12	6.77e-09	8.50e-05	2.34e-02	9.76e-01	0.00e+00	0.00e+00	0.00e+00	8.84e-17	2.96e-22	4.05e-65
 7.00321e+22	2.53e-23	1.06e-16	2.89e-12	7.37e-09	9.07e-05	2.43e-02	9.76e-01	0.00e+00	0.00e+00	0.00e+00	1.06e-16	3.55e-22	7.16e-65
 7.01409e+22	3.01e-23	1.22e-16	3.21e-12	7.87e-09	9.53e-05	2.49e-02	9.75e-01	0.00e+00	0.00e+00	0.00e+00	1.22e-16	4.08e-22	1.10e-64
 7.02482e+22	3.80e-23	1.47e-16	3.69e-12	8.61e-09	1.02e-04	2.58e-02	9.74e-01	0.00e+00	0.00e+00	0.00e+00	1.47e-16	4.93e-22	1.94e-64
 7.03572e+22	4.59e-23	1.71e-16	4.14e-12	9.26e-09	1.07e-04	2.65e-02	9.73e-01	0.00e+00	0.00e+00	0.00e+00	1.71e-16	5.73e-22	3.07e-64
 7.04684e+22	5.90e-23	2.10e-16	4.82e-12	1.02e-08	1.15e-04	2.75e-02	9.72e-01	0.00e+00	0.00e+00	0.00e+00	2.10e-16	7.02e-22	5.62e-64
 7.05816e+22	7.24e-23	2.47e-16	5.46e-12	1.11e-08	1.22e-04	2.83e-02	9.72e-01	0.00e+00	0.00e+00	0.00e+00	2.47e-16	8.28e-22	9.15e-64
 7.06975e+22	9.51e-23	3.08e-16	6.46e-12	1.24e-08	1.32e-04	2.94e-02	9.70e-01	0.00e+00	0.00e+00	0.00e+00	3.08e-16	1.03e-21	1.75e-63
 7.08136e+22	1.17e-22	3.66e-16	7.35e-12	1.35e-08	1.40e-04	3.02e-02	9.70e-01	0.00e+00	0.00e+00	0.00e+00	3.66e-16	1.22e-21	2.87e-63
 7.09137e+22	1.45e-22	4.33e-16	8.38e-12	1.47e-08	1.48e-04	3.11e-02	9.69e-01	0.00e+00	0.00e+00	0.00e+00	4.33e-16	1.45e-21	4.68e-63
 7.10274e+22	1.91e-22	5.43e-16	9.95e-12	1.64e-08	1.60e-04	3.24e-02	9.67e-01	0.00e+00	0.00e+00	0.00e+00	5.43e-16	1.82e-21	8.92e-63
 7.11410e+22	2.35e-22	6.43e-16	1.13e-11	1.79e-08	1.70e-04	3.33e-02	9.67e-01	0.00e+00	0.00e+00	0.00e+00	6.43e-16	2.15e-21	1.44e-62
 7.12545e+22	3.11e-22	8.09e-16	1.35e-11	2.02e-08	1.84e-04	3.46e-02	9.65e-01	0.00e+00	0.00e+00	0.00e+00	8.09e-16	2.71e-21	2.76e-62
 7.13674e+22	3.80e-22	9.52e-16	1.53e-11	2.20e-08	1.94e-04	3.56e-02	9.64e-01	0.00e+00	0.00e+00	0.00e+00	9.52e-16	3.19e-21	4.38e-62
 7.14798e+22	5.00e-22	1.19e-15	1.83e-11	2.47e-08	2.10e-04	3.69e-02	9.63e-01	0.00e+00	0.00e+00	0.00e+00	1.19e-15	3.99e-21	8.22e-62
 7.15944e+22	6.17e-22	1.42e-15	2.09e-11	2.70e-08	2.22e-04	3.80e-02	9.62e-01	0.00e+00	0.00e+00	0.00e+00	1.42e-15	4.74e-21	1.33e-61
 7.17119e+22	8.18e-22	1.79e-15	2.50e-11	3.05e-08	2.40e-04	3.95e-02	9.60e-01	0.00e+00	0.00e+00	0.00e+00	1.79e-15	5.98e-21	2.52e-61
 7.18320e+22	1.01e-21	2.13e-15	2.87e-11	3.35e-08	2.55e-04	4.06e-02	9.59e-01	0.00e+00	0.00e+00	0.00e+00	2.13e-15	7.13e-21	4.11e-61
 7.19552e+22	1.35e-21	2.69e-15	3.44e-11	3.79e-08	2.77e-04	4.22e-02	9.57e-01	0.00e+00	0.00e+00	0.00e+00	2.69e-15	9.01e-21	7.82e-61
 7.20821e+22	1.69e-21	3.24e-15	3.97e-11	4.19e-08	2.95e-04	4.36e-02	9.56e-01	0.00e+00	0.00e+00	0.00e+00	3.24e-15	1.08e-20	1.30e-60
 7.21942e+22	2.09e-21	3.87e-15	4.56e-11	4.61e-08	3.13e-04	4.49e-02	9.55e-01	0.00e+00	0.00e+00	0.00e+00	3.87e-15	1.29e-20	2.12e-60
 7.23208e+22	2.76e-21	4.86e-15	5.45e-11	5.20e-08	3.39e-04	4.66e-02	9.53e-01	0.00e+00	0.00e+00	0.00e+00	4.86e-15	1.63e-20	3.94e-60
 7.24490e+22	3.41e-21	5.80e-15	6.26e-11	5.73e-08	3.60e-04	4.80e-02	9.52e-01	0.00e+00	0.00e+00	0.00e+00	5.80e-15	1.94e-20	6.39e-60
 7.25796e+22	4.50e-21	7.27e-15	7.49e-11	6.48e-08	3.89e-04	4.98e-02	9.50e-01	0.00e+00	0.00e+00	0.00e+00	7.27e-15	2.44e-20	1.19e-59
 7.27137e+22	5.59e-21	8.72e-15	8.63e-11	7.14e-08	4.15e-04	5.14e-02	9.48e-01	0.00e+00	0.00e+00	0.00e+00	8.72e-15	2.92e-20	1.94e-59
 7.28340e+22	6.94e-21	1.04e-14	9.92e-11	7.87e-08	4.41e-04	5.29e-02	9.47e-01	0.00e+00	0.00e+00	0.00e+00	1.04e-14	3.49e-20	3.14e-59
 7.29722e+22	9.15e-21	1.31e-14	1.19e-10	8.92e-08	4.78e-04	5.50e-02	9.45e-01	0.00e+00	0.00e+00	0.00e+00	1.31e-14	4.38e-20	5.84e-59
 7.31112e+22	1.13e-20	1.56e-14	1.36e-10	9.81e-08	5.08e-04	5.66e-02	9.43e-01	0.00e+00	0.00e+00	0.00e+00	1.56e-14	5.21e-20	9.35e-59
 7.32512e+22	1.49e-20	1.96e-14	1.63e-10	1.11e-07	5.50e-04	5.89e-02	9.41e-01	0.00e+00	0.00e+00	0.00e+00	1.96e-14	6.55e-20	1.73e-58
 7.33932e+22	1.82e-20	2.32e-14	1.86e-10	1.22e-07	5.84e-04	6.06e-02	9.39e-01	0.00e+00	0.00e+00	0.00e+00	2.32e-14	7.76e-20	2.74e-58
 7.35379e+22	2.30e-20	2.91e-14	2.23e-10	1.38e-07	6.33e-04	6.29e-02	9.36e-01	0.00e+00	0.00e+00	0.00e+00	2.91e-14	9.74e-20	4.88e-58
 7.36775e+22	2.76e-20	3.39e-14	2.52e-10	1.51e-07	6.68e-04	6.46e-02	9.35e-01	0.00e+00	0.00e+00	0.00e+00	3.39e-14	1.13e-19	7.34e-58
 7.38104e+22	3.52e-20	4.14e-14	2.95e-10	1.69e-07	7.18e-04	6.68e-02	9.32e-01	0.00e+00	0.00e+00	0.00e+00	4.14e-14	1.39e-19	1.26e-57
 7.39466e+22	4.26e-20	4.85e-14	3.35e-10	1.84e-07	7.59e-04	6.87e-02	9.31e-01	0.00e+00	0.00e+00	0.00e+00	4.85e-14	1.63e-19	1.93e-57
 7.40870e+22	5.48e-20	5.99e-14	3.96e-10	2.07e-07	8.19e-04	7.12e-02	9.28e-01	0.00e+00	0.00e+00	0.00e+00	5.99e-14	2.01e-19	3.39e-57
 7.42287e+22	6.59e-20	6.99e-14	4.47e-10	2.26e-07	8.65e-04	7.31e-02	9.26e-01	0.00e+00	0.00e+00	0.00e+00	6.99e-14	2.34e-19	5.12e-57
 7.43720e+22	8.48e-20	8.62e-14	5.28e-10	2.54e-07	9.33e-04	7.57e-02	9.23e-01	0.00e+00	0.00e+00	0.00e+00	8.62e-14	2.89e-19	8.95e-57
 7.45177e+22	1.02e-19	1.01e-13	5.97e-10	2.77e-07	9.86e-04	7.78e-02	9.21e-01	0.00e+00	0.00e+00	0.00e+00	1.01e-13	3.37e-19	1.36e-56
 7.46462e+22	1.23e-19	1.18e-13	6.77e-10	3.03e-07	1.04e-03	7.99e-02	9.19e-01	0.00e+00	0.00e+00	0.00e+00	1.18e-13	3.95e-19	2.06e-56
 7.47736e+22	1.48e-19	1.37e-13	7.65e-10	3.30e-07	1.10e-03	8.21e-02	9.17e-01	0.00e+00	0.00e+00	0.00e+00	1.37e-13	4.60e-19	3.11e-56
 7.49201e+22	1.88e-19	1.67e-13	8.95e-10	3.69e-07	1.19e-03	8.49e-02	9.14e-01	0.00e+00	0.00e+00	0.00e+00	1.67e-13	5.61e-19	5.26e-56
 7.50675e+22	2.26e-19	1.95e-13	1.01e-09	4.03e-07	1.25e-03	8.72e-02	9.12e-01	0.00e+00	0.00e+00	0.00e+00	1.95e-13	6.54e-19	7.92e-56
 7.52163e+22	2.87e-19	2.38e-13	1.19e-09	4.51e-07	1.35e-03	9.02e-02	9.08e-01	0.00e+00	0.00e+00	0.00e+00	2.38e-13	7.99e-19	1.35e-55
 7.53666e+22	3.42e-19	2.76e-13	1.34e-09	4.91e-07	1.42e-03	9.25e-02	9.06e-01	0.00e+00	0.00e+00	0.00e+00	2.76e-13	9.26e-19	2.00e-55
 7.55191e+22	4.34e-19	3.37e-13	1.57e-09	5.50e-07	1.53e-03	9.57e-02	9.03e-01	0.00e+00	0.00e+00	0.00e+00	3.37e-13	1.13e-18	3.38e-55
 7.56746e+22	5.20e-19	3.92e-13	1.77e-09	6.00e-07	1.62e-03	9.83e-02	9.00e-01	0.00e+00	0.00e+00	0.00e+00	3.92e-13	1.31e-18	5.06e-55
 7.58342e+22	6.61e-19	4.80e-13	2.08e-09	6.73e-07	1.74e-03	1.02e-01	8.97e-01	0.00e+00	0.00e+00	0.00e+00	4.80e-13	1.61e-18	8.62e-55
 7.59973e+22	7.95e-19	5.60e-13	2.35e-09	7.36e-07	1.84e-03	1.04e-01	8.94e-01	0.00e+00	0.00e+00	0.00e+00	5.60e-13	1.88e-18	1.30e-54
 7.61650e+22	1.01e-18	6.84e-13	2.76e-09	8.26e-07	1.99e-03	1.08e-01	8.90e-01	0.00e+00	0.00e+00	0.00e+00	6.84e-13	2.29e-18	2.22e-54
 7.63379e+22	1.18e-18	8.07e-13	3.15e-09	9.08e-07	2.11e-03	1.11e-01	8.87e-01	0.00e+00	0.00e+00	0.00e+00	8.07e-13	2.71e-18	3.31e-54
 7.64873e+22	1.39e-18	9.30e-13	3.53e-09	9.86e-07	2.23e-03	1.14e-01	8.84e-01	0.00e+00	0.00e+00	0.00e+00	9.30e-13	3.12e-18	4.84e-54
 7.66512e+22	8.19e-19	1.13e-12	4.13e-09	1.11e-06	2.39e-03	1.18e-01	8.80e-01	0.00e+00	0.00e+00	0.00e+00	1.13e-12	3.80e-18	4.48e-54
 7.68173e+22	9.81e-19	1.31e-12	4.65e-09	1.20e-06	2.53e-03	1.21e-01	8.76e-01	0.00e+00	0.00e+00	0.00e+00	1.31e-12	4.40e-18	6.65e-54
 7.69863e+22	1.23e-18	1.57e-12	5.38e-09	1.34e-06	2.70e-03	1.25e-01	8.72e-01	0.00e+00	0.00e+00	0.00e+00	1.57e-12	5.28e-18	1.09e-53
 7.71648e+22	1.52e-18	1.86e-12	6.16e-09	1.47e-06	2.88e-03	1.29e-01	8.69e-01	0.00e+00	0.00e+00	0.00e+00	1.86e-12	6.25e-18	1.71e-53
 7.73286e+22	1.84e-18	2.18e-12	6.99e-09	1.62e-06	3.05e-03	1.32e-01	8.65e-01	0.00e+00	0.00e+00	0.00e+00	2.18e-12	7.31e-18	2.61e-53
 7.75147e+22	2.34e-18	2.64e-12	8.16e-09	1.81e-06	3.28e-03	1.36e-01	8.60e-01	0.00e+00	0.00e+00	0.00e+00	2.64e-12	8.87e-18	4.40e-53
 7.77116e+22	2.87e-18	3.17e-12	9.44e-09	2.01e-06	3.51e-03	1.41e-01	8.56e-01	0.00e+00	0.00e+00	0.00e+00	3.17e-12	1.06e-17	7.05e-53
 7.78938e+22	3.53e-18	3.75e-12	1.08e-08	2.22e-06	3.74e-03	1.45e-01	8.51e-01	0.00e+00	0.00e+00	0.00e+00	3.75e-12	1.26e-17	1.11e-52
 7.81017e+22	4.62e-18	4.65e-12	1.29e-08	2.51e-06	4.05e-03	1.50e-01	8.46e-01	0.00e+00	0.00e+00	0.00e+00	4.65e-12	1.56e-17	1.99e-52
 7.83069e+22	5.65e-18	5.46e-12	1.46e-08	2.76e-06	4.30e-03	1.54e-01	8.41e-01	0.00e+00	0.00e+00	0.00e+00	5.46e-12	1.84e-17	3.08e-52
 7.85084e+22	7.17e-18	6.74e-12	1.73e-08	3.12e-06	4.65e-03	1.60e-01	8.35e-01	0.00e+00	0.00e+00	0.00e+00	6.74e-12	2.27e-17	5.32e-52
 7.87122e+22	8.79e-18	7.93e-12	1.98e-08	3.44e-06	4.95e-03	1.64e-01	8.31e-01	0.00e+00	0.00e+00	0.00e+00	7.93e-12	2.67e-17	8.27e-52
 7.89191e+22	1.15e-17	9.81e-12	2.35e-08	3.89e-06	5.36e-03	1.70e-01	8.24e-01	0.00e+00	0.00e+00	0.00e+00	9.81e-12	3.30e-17	1.46e-51
 7.91287e+22	1.41e-17	1.16e-11	2.69e-08	4.29e-06	5.70e-03	1.75e-01	8.19e-01	0.00e+00	0.00e+00	0.00e+00	1.16e-11	3.90e-17	2.30e-51
 7.93418e+22	1.56e-17	1.44e-11	3.20e-08	4.88e-06	6.18e-03	1.82e-01	8.12e-01	0.00e+00	0.00e+00	0.00e+00	1.44e-11	4.86e-17	3.64e-51
 7.95576e+22	1.94e-17	1.71e-11	3.68e-08	5.40e-06	6.59e-03	1.87e-01	8.06e-01	0.00e+00	0.00e+00	0.00e+00	1.71e-11	5.77e-17	5.77e-51
 7.97769e+22	2.59e-17	2.16e-11	4.44e-08	6.19e-06	7.19e-03	1.94e-01	7.99e-01	0.00e+00	0.00e+00	0.00e+00	2.16e-11	7.29e-17	1.07e-50
 7.99968e+22	3.14e-17	2.56e-11	5.08e-08	6.83e-06	7.65e-03	2.00e-01	7.93e-01	0.00e+00	0.00e+00	0.00e+00	2.56e-11	8.62e-17	1.65e-50
 8.02176e+22	4.21e-17	3.23e-11	6.15e-08	7.84e-06	8.34e-03	2.07e-01	7.84e-01	0.00e+00	0.00e+00	0.00e+00	3.23e-11	1.09e-16	3.05e-50
 8.04409e+22	5.15e-17	3.86e-11	7.09e-08	8.70e-06	8.91e-03	2.13e-01	7.78e-01	5.15e-17	3.78e-22	9.06e-23	3.86e-11	1.30e-16	4.81e-50
 8.06676e+22	6.93e-17	4.88e-11	8.58e-08	9.99e-06	9.72e-03	2.21e-01	7.69e-01	6.92e-17	5.36e-20	8.12e-21	4.88e-11	1.65e-16	8.91e-50
 8.08985e+22	8.58e-17	5.88e-11	9.97e-08	1.11e-05	1.04e-02	2.28e-01	7.62e-01	8.57e-17	6.64e-20	1.01e-20	5.88e-11	1.99e-16	1.43e-49
 8.11348e+22	1.16e-16	7.60e-11	1.23e-07	1.30e-05	1.14e-02	2.37e-01	7.51e-01	1.16e-16	8.98e-20	1.36e-20	7.60e-11	2.57e-16	2.72e-49
 8.13606e+22	1.44e-16	8.97e-11	1.41e-07	1.43e-05	1.22e-02	2.44e-01	7.44e-01	1.43e-16	1.11e-19	1.68e-20	8.97e-11	3.03e-16	4.21e-49
 8.15728e+22	1.88e-16	1.13e-10	1.70e-07	1.64e-05	1.32e-02	2.52e-01	7.34e-01	1.88e-16	1.46e-19	2.21e-20	1.13e-10	3.82e-16	7.44e-49
 8.17840e+22	2.28e-16	1.33e-10	1.94e-07	1.81e-05	1.41e-02	2.59e-01	7.27e-01	2.28e-16	1.77e-19	2.68e-20	1.33e-10	4.50e-16	1.13e-48
 8.19940e+22	3.07e-16	1.67e-10	2.34e-07	2.07e-05	1.53e-02	2.68e-01	7.17e-01	3.06e-16	2.37e-19	3.60e-20	1.67e-10	5.67e-16	2.01e-48
 8.22072e+22	3.76e-16	1.99e-10	2.69e-07	2.29e-05	1.63e-02	2.75e-01	7.09e-01	3.76e-16	2.91e-19	4.42e-20	1.99e-10	6.73e-16	3.09e-48
 8.24243e+22	5.02e-16	2.51e-10	3.26e-07	2.64e-05	1.78e-02	2.85e-01	6.97e-01	5.01e-16	3.89e-19	5.90e-20	2.51e-10	8.52e-16	5.50e-48
 8.26457e+22	6.31e-16	3.03e-10	3.80e-07	2.95e-05	1.91e-02	2.93e-01	6.88e-01	6.30e-16	4.89e-19	7.42e-20	3.03e-10	1.03e-15	8.70e-48
 8.28727e+22	1.16e-15	3.87e-10	4.65e-07	3.42e-05	2.09e-02	3.03e-01	6.76e-01	1.16e-15	9.00e-19	1.37e-19	3.87e-10	1.31e-15	1.98e-47
 8.31047e+22	1.44e-15	4.71e-10	5.47e-07	3.85e-05	2.24e-02	3.12e-01	6.66e-01	1.44e-15	1.12e-18	1.70e-19	4.71e-10	1.60e-15	3.13e-47
 8.33433e+22	1.99e-15	6.08e-10	6.76e-07	4.50e-05	2.47e-02	3.24e-01	6.52e-01	1.99e-15	1.54e-18	2.34e-19	6.08e-10	2.07e-15	5.80e-47
 8.35857e+22	2.51e-15	7.45e-10	8.01e-07	5.09e-05	2.66e-02	3.33e-01	6.40e-01	2.51e-15	1.95e-18	2.96e-19	7.45e-10	2.53e-15	9.27e-47
 8.38285e+22	3.50e-15	9.61e-10	9.91e-07	5.96e-05	2.92e-02	3.45e-01	6.26e-01	3.50e-15	2.72e-18	4.14e-19	9.61e-10	3.27e-15	1.71e-46
 8.40732e+22	4.49e-15	1.18e-09	1.18e-06	6.76e-05	3.16e-02	3.55e-01	6.14e-01	4.48e-15	3.48e-18	5.30e-19	1.18e-09	4.02e-15	2.74e-46
 8.43135e+22	6.11e-15	1.50e-09	1.44e-06	7.86e-05	3.46e-02	3.67e-01	5.99e-01	6.10e-15	4.74e-18	7.22e-19	1.50e-09	5.13e-15	4.82e-46
 8.45562e+22	7.90e-15	1.85e-09	1.72e-06	8.94e-05	3.73e-02	3.77e-01	5.86e-01	7.90e-15	6.14e-18	9.35e-19	1.85e-09	6.31e-15	7.73e-46
 8.47677e+22	9.79e-15	2.21e-09	2.00e-06	1.00e-04	4.00e-02	3.86e-01	5.74e-01	9.78e-15	7.61e-18	1.16e-18	2.21e-09	7.57e-15	1.15e-45
 8.49924e+22	1.31e-14	2.77e-09	2.43e-06	1.16e-04	4.35e-02	3.97e-01	5.59e-01	1.31e-14	1.02e-17	1.56e-18	2.77e-09	9.49e-15	1.93e-45
 8.52190e+22	1.63e-14	3.32e-09	2.83e-06	1.30e-04	4.66e-02	4.06e-01	5.47e-01	1.63e-14	1.27e-17	1.94e-18	3.32e-09	1.14e-14	2.87e-45
 8.54208e+22	2.05e-14	3.95e-09	3.29e-06	1.45e-04	4.98e-02	4.15e-01	5.35e-01	2.05e-14	1.59e-17	2.43e-18	3.95e-09	1.36e-14	4.26e-45
 8.56453e+22	2.69e-14	4.89e-09	3.97e-06	1.67e-04	5.40e-02	4.26e-01	5.20e-01	2.68e-14	2.09e-17	3.19e-18	4.89e-09	1.68e-14	6.83e-45
 8.58675e+22	3.29e-14	5.77e-09	4.57e-06	1.86e-04	5.75e-02	4.34e-01	5.08e-01	3.29e-14	2.56e-17	3.91e-18	5.77e-09	1.98e-14	9.79e-45
 8.60928e+22	4.30e-14	7.13e-09	5.50e-06	2.14e-04	6.24e-02	4.45e-01	4.92e-01	4.30e-14	3.35e-17	5.12e-18	7.13e-09	2.46e-14	1.55e-44
 8.63182e+22	5.16e-14	8.35e-09	6.32e-06	2.37e-04	6.62e-02	4.53e-01	4.80e-01	5.16e-14	4.03e-17	6.14e-18	8.35e-09	2.88e-14	2.16e-44
 8.65435e+22	6.67e-14	1.02e-08	7.56e-06	2.72e-04	7.16e-02	4.63e-01	4.65e-01	6.67e-14	5.21e-17	7.95e-18	1.02e-08	3.54e-14	3.35e-44
 8.67700e+22	8.00e-14	1.19e-08	8.66e-06	3.02e-04	7.59e-02	4.71e-01	4.53e-01	7.99e-14	6.24e-17	9.54e-18	1.19e-08	4.13e-14	4.63e-44
 8.69980e+22	1.02e-13	1.46e-08	1.03e-05	3.45e-04	8.19e-02	4.80e-01	4.37e-01	1.02e-13	7.94e-17	1.21e-17	1.46e-08	5.05e-14	7.01e-44
 8.72278e+22	1.21e-13	1.69e-08	1.18e-05	3.82e-04	8.68e-02	4.87e-01	4.25e-01	1.21e-13	9.47e-17	1.45e-17	1.69e-08	5.87e-14	9.60e-44
 8.74599e+22	1.53e-13	2.05e-08	1.40e-05	4.36e-04	9.35e-02	4.96e-01	4.10e-01	1.53e-13	1.20e-16	1.83e-17	2.05e-08	7.14e-14	1.44e-43
 8.76951e+22	1.82e-13	2.38e-08	1.60e-05	4.82e-04	9.89e-02	5.03e-01	3.98e-01	1.82e-13	1.42e-16	2.18e-17	2.38e-08	8.30e-14	1.95e-43
 8.79342e+22	2.28e-13	2.88e-08	1.91e-05	5.51e-04	1.06e-01	5.11e-01	3.82e-01	2.28e-13	1.79e-16	2.74e-17	2.88e-08	1.01e-13	2.90e-43
 8.81772e+22	2.70e-13	3.34e-08	2.18e-05	6.10e-04	1.13e-01	5.17e-01	3.70e-01	2.70e-13	2.12e-16	3.25e-17	3.34e-08	1.17e-13	3.93e-43
 8.84253e+22	3.38e-13	4.04e-08	2.59e-05	6.97e-04	1.21e-01	5.24e-01	3.54e-01	3.37e-13	2.65e-16	4.06e-17	4.04e-08	1.42e-13	5.79e-43
 8.86789e+22	4.00e-13	4.69e-08	2.96e-05	7.72e-04	1.28e-01	5.30e-01	3.42e-01	4.00e-13	3.15e-16	4.82e-17	4.69e-08	1.65e-13	7.91e-43
 8.89396e+22	4.99e-13	5.68e-08	3.52e-05	8.84e-04	1.38e-01	5.36e-01	3.26e-01	4.99e-13	3.93e-16	6.03e-17	5.68e-08	2.00e-13	1.17e-42
 8.92021e+22	5.88e-13	6.56e-08	4.02e-05	9.77e-04	1.45e-01	5.40e-01	3.14e-01	5.87e-13	4.63e-16	7.11e-17	6.56e-08	2.32e-13	1.58e-42
 8.94251e+22	6.84e-13	7.50e-08	4.54e-05	1.07e-03	1.53e-01	5.44e-01	3.03e-01	6.83e-13	5.39e-16	8.27e-17	7.50e-08	2.66e-13	2.09e-42
 8.96732e+22	8.33e-13	8.90e-08	5.31e-05	1.21e-03	1.63e-01	5.48e-01	2.88e-01	8.32e-13	6.57e-16	1.01e-16	8.90e-08	3.16e-13	2.98e-42
 8.99105e+22	9.46e-13	9.99e-08	5.91e-05	1.32e-03	1.70e-01	5.50e-01	2.79e-01	9.45e-13	7.47e-16	1.15e-16	9.99e-08	3.56e-13	3.81e-42
 9.01337e+22	1.12e-12	1.16e-07	6.78e-05	1.46e-03	1.79e-01	5.53e-01	2.67e-01	1.12e-12	8.86e-16	1.36e-16	1.16e-07	4.14e-13	5.19e-42
 9.03602e+22	1.27e-12	1.30e-07	7.54e-05	1.59e-03	1.87e-01	5.54e-01	2.57e-01	1.27e-12	1.01e-15	1.55e-16	1.30e-07	4.66e-13	6.64e-42
 9.05907e+22	1.50e-12	1.51e-07	8.65e-05	1.77e-03	1.97e-01	5.56e-01	2.45e-01	1.50e-12	1.19e-15	1.84e-16	1.51e-07	5.42e-13	9.03e-42
 9.08227e+22	1.71e-12	1.69e-07	9.60e-05	1.91e-03	2.05e-01	5.56e-01	2.36e-01	1.70e-12	1.35e-15	2.09e-16	1.69e-07	6.08e-13	1.16e-41
 9.10566e+22	2.01e-12	1.95e-07	1.10e-04	2.13e-03	2.17e-01	5.57e-01	2.24e-01	2.01e-12	1.59e-15	2.46e-16	1.95e-07	7.06e-13	1.58e-41
 9.12934e+22	2.28e-12	2.19e-07	1.22e-04	2.30e-03	2.25e-01	5.57e-01	2.16e-01	2.27e-12	1.81e-15	2.79e-16	2.19e-07	7.93e-13	2.03e-41
 9.15341e+22	2.67e-12	2.52e-07	1.40e-04	2.56e-03	2.37e-01	5.56e-01	2.05e-01	2.67e-12	2.13e-15	3.29e-16	2.52e-07	9.19e-13	2.77e-41
 9.17786e+22	3.03e-12	2.83e-07	1.55e-04	2.77e-03	2.46e-01	5.55e-01	1.96e-01	3.03e-12	2.42e-15	3.74e-16	2.83e-07	1.03e-12	3.60e-41
 9.20279e+22	3.56e-12	3.27e-07	1.78e-04	3.08e-03	2.59e-01	5.53e-01	1.85e-01	3.55e-12	2.84e-15	4.40e-16	3.27e-07	1.20e-12	4.93e-41
 9.22818e+22	4.04e-12	3.67e-07	1.97e-04	3.34e-03	2.69e-01	5.50e-01	1.77e-01	4.04e-12	3.23e-15	5.01e-16	3.67e-07	1.35e-12	6.46e-41
 9.24825e+22	4.44e-12	4.00e-07	2.14e-04	3.56e-03	2.77e-01	5.48e-01	1.71e-01	4.43e-12	3.56e-15	5.51e-16	4.00e-07	1.48e-12	7.86e-41
