#depth	He	He+	He+2
 1.54284e+22	2.26e-04	1.47e-01	8.53e-01
 3.57543e+22	4.01e-04	1.91e-01	8.09e-01
 4.31006e+22	5.27e-04	2.16e-01	7.84e-01
 4.75084e+22	6.53e-04	2.37e-01	7.63e-01
 5.02334e+22	7.11e-04	2.46e-01	7.54e-01
 5.19954e+22	7.88e-04	2.57e-01	7.43e-01
 5.39024e+22	8.69e-04	2.68e-01	7.32e-01
 5.57233e+22	9.53e-04	2.78e-01	7.21e-01
 5.78158e+22	1.08e-03	2.92e-01	7.06e-01
 5.99273e+22	1.19e-03	3.04e-01	6.94e-01
 6.20636e+22	1.33e-03	3.19e-01	6.79e-01
 6.39399e+22	1.44e-03	3.29e-01	6.69e-01
 6.52676e+22	1.53e-03	3.37e-01	6.61e-01
 6.67828e+22	1.66e-03	3.49e-01	6.50e-01
 6.83606e+22	1.79e-03	3.59e-01	6.40e-01
 6.98021e+22	1.91e-03	3.68e-01	6.30e-01
 7.14584e+22	2.09e-03	3.81e-01	6.17e-01
 7.31341e+22	2.25e-03	3.92e-01	6.06e-01
 7.48350e+22	2.46e-03	4.05e-01	5.93e-01
 7.65590e+22	2.65e-03	4.16e-01	5.81e-01
 7.80826e+22	2.84e-03	4.27e-01	5.70e-01
 7.98328e+22	3.09e-03	4.40e-01	5.57e-01
 8.16466e+22	3.35e-03	4.53e-01	5.44e-01
 8.32653e+22	3.60e-03	4.64e-01	5.32e-01
 8.50915e+22	3.94e-03	4.79e-01	5.17e-01
 8.69834e+22	4.25e-03	4.91e-01	5.05e-01
 8.89606e+22	4.69e-03	5.07e-01	4.88e-01
 9.09572e+22	5.06e-03	5.20e-01	4.75e-01
 9.29790e+22	5.56e-03	5.36e-01	4.59e-01
 9.50462e+22	6.02e-03	5.49e-01	4.45e-01
 9.71722e+22	6.63e-03	5.65e-01	4.28e-01
 9.93316e+22	7.19e-03	5.79e-01	4.14e-01
 1.01534e+23	7.93e-03	5.95e-01	3.97e-01
 1.03780e+23	8.60e-03	6.09e-01	3.83e-01
 1.06081e+23	9.50e-03	6.25e-01	3.65e-01
 1.08438e+23	1.03e-02	6.39e-01	3.51e-01
 1.10866e+23	1.14e-02	6.55e-01	3.34e-01
 1.13370e+23	1.25e-02	6.69e-01	3.19e-01
 1.15970e+23	1.39e-02	6.85e-01	3.01e-01
 1.18650e+23	1.51e-02	6.98e-01	2.87e-01
 1.21432e+23	1.70e-02	7.15e-01	2.68e-01
 1.24314e+23	1.85e-02	7.28e-01	2.54e-01
 1.27323e+23	2.09e-02	7.44e-01	2.35e-01
 1.30498e+23	2.31e-02	7.57e-01	2.20e-01
 1.33754e+23	2.61e-02	7.72e-01	2.02e-01
 1.37164e+23	2.90e-02	7.83e-01	1.88e-01
 1.39993e+23	3.13e-02	7.91e-01	1.78e-01
 1.42758e+23	3.47e-02	8.01e-01	1.64e-01
 1.45624e+23	3.76e-02	8.08e-01	1.54e-01
 1.48622e+23	4.19e-02	8.17e-01	1.41e-01
 1.51777e+23	4.57e-02	8.23e-01	1.31e-01
 1.55016e+23	5.10e-02	8.29e-01	1.20e-01
 1.58456e+23	5.63e-02	8.34e-01	1.10e-01
 1.61391e+23	6.06e-02	8.37e-01	1.02e-01
 1.64322e+23	6.68e-02	8.40e-01	9.35e-02
 1.67304e+23	7.21e-02	8.41e-01	8.69e-02
 1.70353e+23	7.96e-02	8.42e-01	7.88e-02
 1.73467e+23	8.61e-02	8.41e-01	7.27e-02
 1.76625e+23	9.49e-02	8.39e-01	6.57e-02
 1.79860e+23	1.03e-01	8.37e-01	6.02e-02
 1.83124e+23	1.13e-01	8.32e-01	5.41e-02
 1.86449e+23	1.23e-01	8.28e-01	4.92e-02
 1.89797e+23	1.36e-01	8.20e-01	4.40e-02
 1.93221e+23	1.48e-01	8.13e-01	3.98e-02
 1.96672e+23	1.62e-01	8.02e-01	3.54e-02
 2.00210e+23	1.77e-01	7.91e-01	3.17e-02
 2.03780e+23	1.95e-01	7.77e-01	2.80e-02
 2.06142e+23	2.00e-01	7.73e-01	2.70e-02
 2.06987e+23	2.04e-01	7.70e-01	2.64e-02
 2.07740e+23	2.08e-01	7.66e-01	2.57e-02
 2.08533e+23	2.12e-01	7.63e-01	2.50e-02
 2.09321e+23	2.16e-01	7.59e-01	2.44e-02
 2.10100e+23	2.21e-01	7.56e-01	2.38e-02
 2.10873e+23	2.25e-01	7.52e-01	2.32e-02
 2.11654e+23	2.29e-01	7.48e-01	2.26e-02
 2.12429e+23	2.33e-01	7.45e-01	2.20e-02
 2.13204e+23	2.38e-01	7.41e-01	2.15e-02
 2.13979e+23	2.42e-01	7.37e-01	2.09e-02
 2.14735e+23	2.47e-01	7.32e-01	2.04e-02
 2.15477e+23	2.51e-01	7.29e-01	2.00e-02
 2.16226e+23	2.56e-01	7.25e-01	1.95e-02
 2.16992e+23	2.61e-01	7.20e-01	1.90e-02
 2.17725e+23	2.65e-01	7.16e-01	1.86e-02
 2.18463e+23	2.70e-01	7.12e-01	1.81e-02
 2.19204e+23	2.75e-01	7.07e-01	1.77e-02
 2.19907e+23	2.80e-01	7.03e-01	1.73e-02
 2.20610e+23	2.84e-01	6.99e-01	1.70e-02
 2.21355e+23	2.89e-01	6.94e-01	1.66e-02
 2.22090e+23	2.94e-01	6.89e-01	1.62e-02
 2.22772e+23	2.99e-01	6.86e-01	1.59e-02
 2.23487e+23	3.04e-01	6.80e-01	1.55e-02
 2.24193e+23	3.09e-01	6.76e-01	1.53e-02
 2.24881e+23	3.14e-01	6.71e-01	1.50e-02
 2.25602e+23	3.20e-01	6.66e-01	1.46e-02
 2.26273e+23	3.23e-01	6.62e-01	1.44e-02
 2.26953e+23	3.29e-01	6.56e-01	1.41e-02
 2.27641e+23	3.34e-01	6.52e-01	1.39e-02
 2.28321e+23	3.39e-01	6.47e-01	1.37e-02
 2.29024e+23	3.44e-01	6.42e-01	1.34e-02
 2.29692e+23	3.49e-01	6.37e-01	1.32e-02
 2.30335e+23	3.54e-01	6.33e-01	1.30e-02
 2.31002e+23	3.60e-01	6.27e-01	1.28e-02
 2.31674e+23	3.64e-01	6.23e-01	1.27e-02
 2.32344e+23	3.70e-01	6.18e-01	1.25e-02
 2.33022e+23	3.75e-01	6.12e-01	1.23e-02
 2.33666e+23	3.80e-01	6.08e-01	1.22e-02
 2.34323e+23	3.86e-01	6.02e-01	1.20e-02
 2.34985e+23	3.91e-01	5.97e-01	1.20e-02
 2.35651e+23	3.96e-01	5.92e-01	1.18e-02
 2.36336e+23	4.02e-01	5.86e-01	1.17e-02
 2.36987e+23	4.07e-01	5.81e-01	1.16e-02
 2.37651e+23	4.13e-01	5.75e-01	1.15e-02
 2.38328e+23	4.18e-01	5.70e-01	1.14e-02
 2.39021e+23	4.25e-01	5.64e-01	1.13e-02
 2.39729e+23	4.31e-01	5.58e-01	1.13e-02
 2.40405e+23	4.37e-01	5.52e-01	1.12e-02
 2.40995e+23	4.41e-01	5.48e-01	1.12e-02
 2.41500e+23	4.46e-01	5.43e-01	1.11e-02
 2.42003e+23	4.50e-01	5.39e-01	1.11e-02
 2.42519e+23	4.55e-01	5.34e-01	1.10e-02
 2.43041e+23	4.60e-01	5.29e-01	1.10e-02
 2.43555e+23	4.65e-01	5.24e-01	1.09e-02
 2.44056e+23	4.70e-01	5.19e-01	1.09e-02
 2.44561e+23	4.75e-01	5.14e-01	1.08e-02
 2.45075e+23	4.80e-01	5.09e-01	1.08e-02
 2.45593e+23	4.86e-01	5.04e-01	1.08e-02
 2.46109e+23	4.91e-01	4.98e-01	1.07e-02
 2.46618e+23	4.96e-01	4.93e-01	1.07e-02
 2.47122e+23	5.02e-01	4.88e-01	1.06e-02
 2.47627e+23	5.07e-01	4.82e-01	1.06e-02
 2.48142e+23	5.13e-01	4.77e-01	1.05e-02
 2.48662e+23	5.19e-01	4.71e-01	1.04e-02
 2.49174e+23	5.24e-01	4.65e-01	1.04e-02
 2.49690e+23	5.30e-01	4.59e-01	1.03e-02
 2.50221e+23	5.37e-01	4.53e-01	1.03e-02
 2.50741e+23	5.43e-01	4.47e-01	1.02e-02
 2.51254e+23	5.49e-01	4.41e-01	1.01e-02
 2.51772e+23	5.55e-01	4.35e-01	1.00e-02
 2.52294e+23	5.62e-01	4.28e-01	9.92e-03
 2.52819e+23	5.68e-01	4.22e-01	9.83e-03
 2.53353e+23	5.75e-01	4.15e-01	9.73e-03
 2.53892e+23	5.82e-01	4.08e-01	9.62e-03
 2.54432e+23	5.89e-01	4.02e-01	9.51e-03
 2.54972e+23	5.96e-01	3.95e-01	9.37e-03
 2.55514e+23	6.03e-01	3.88e-01	9.25e-03
 2.56060e+23	6.10e-01	3.81e-01	9.11e-03
 2.56616e+23	6.17e-01	3.74e-01	8.98e-03
 2.57180e+23	6.25e-01	3.66e-01	8.81e-03
 2.57741e+23	6.33e-01	3.59e-01	8.65e-03
 2.58302e+23	6.40e-01	3.51e-01	8.48e-03
 2.58874e+23	6.48e-01	3.43e-01	8.30e-03
 2.59452e+23	6.56e-01	3.36e-01	8.12e-03
 2.60026e+23	6.64e-01	3.28e-01	7.93e-03
 2.60596e+23	6.72e-01	3.20e-01	7.73e-03
 2.61177e+23	6.80e-01	3.13e-01	7.53e-03
 2.61758e+23	6.88e-01	3.05e-01	7.31e-03
 2.62338e+23	6.96e-01	2.97e-01	7.10e-03
 2.62924e+23	7.04e-01	2.89e-01	6.88e-03
 2.63506e+23	7.12e-01	2.81e-01	6.65e-03
 2.64083e+23	7.20e-01	2.74e-01	6.43e-03
 2.64658e+23	7.28e-01	2.66e-01	6.20e-03
 2.65236e+23	7.36e-01	2.58e-01	5.97e-03
 2.65815e+23	7.43e-01	2.51e-01	5.74e-03
 2.66391e+23	7.51e-01	2.43e-01	5.51e-03
 2.66942e+23	7.58e-01	2.36e-01	5.30e-03
 2.67461e+23	7.65e-01	2.30e-01	5.09e-03
 2.67957e+23	7.72e-01	2.23e-01	4.89e-03
 2.68425e+23	7.78e-01	2.18e-01	4.71e-03
 2.68867e+23	7.83e-01	2.12e-01	4.54e-03
 2.69287e+23	7.89e-01	2.07e-01	4.37e-03
 2.69679e+23	7.94e-01	2.02e-01	4.22e-03
 2.70035e+23	7.98e-01	1.98e-01	4.08e-03
 2.70360e+23	8.03e-01	1.94e-01	3.95e-03
 2.70655e+23	8.06e-01	1.90e-01	3.83e-03
 2.70924e+23	8.10e-01	1.87e-01	3.73e-03
 2.71168e+23	8.13e-01	1.83e-01	3.63e-03
 2.71391e+23	8.15e-01	1.81e-01	3.57e-03
 2.71634e+23	8.19e-01	1.78e-01	3.45e-03
 2.71897e+23	8.22e-01	1.74e-01	3.36e-03
 2.72137e+23	8.25e-01	1.71e-01	3.26e-03
 2.72355e+23	8.27e-01	1.69e-01	3.20e-03
 2.72594e+23	8.31e-01	1.66e-01	3.10e-03
 2.72851e+23	8.34e-01	1.63e-01	3.01e-03
 2.73086e+23	8.37e-01	1.60e-01	2.93e-03
 2.73300e+23	8.39e-01	1.58e-01	2.85e-03
 2.73494e+23	8.41e-01	1.56e-01	2.80e-03
 2.73707e+23	8.44e-01	1.53e-01	2.72e-03
 2.73936e+23	8.46e-01	1.51e-01	2.67e-03
 2.74188e+23	8.49e-01	1.48e-01	2.59e-03
 2.74460e+23	8.52e-01	1.46e-01	2.51e-03
 2.74708e+23	8.54e-01	1.43e-01	2.44e-03
 2.74933e+23	8.57e-01	1.41e-01	2.38e-03
 2.75138e+23	8.59e-01	1.39e-01	2.33e-03
 2.75324e+23	8.60e-01	1.37e-01	2.29e-03
 2.75528e+23	8.63e-01	1.35e-01	2.22e-03
 2.75749e+23	8.65e-01	1.33e-01	2.18e-03
 2.75991e+23	8.67e-01	1.31e-01	2.11e-03
 2.76252e+23	8.70e-01	1.28e-01	2.05e-03
 2.76489e+23	8.72e-01	1.26e-01	1.99e-03
 2.76705e+23	8.74e-01	1.24e-01	1.93e-03
 2.76902e+23	8.76e-01	1.22e-01	1.89e-03
 2.77081e+23	8.77e-01	1.21e-01	1.85e-03
 2.77243e+23	8.79e-01	1.19e-01	1.82e-03
 2.77422e+23	8.81e-01	1.17e-01	1.77e-03
 2.77615e+23	8.82e-01	1.16e-01	1.73e-03
 2.77790e+23	8.84e-01	1.14e-01	1.69e-03
 2.77982e+23	8.86e-01	1.12e-01	1.65e-03
 2.78189e+23	8.88e-01	1.11e-01	1.61e-03
 2.78378e+23	8.89e-01	1.09e-01	1.57e-03
 2.78550e+23	8.90e-01	1.08e-01	1.54e-03
 2.78738e+23	8.92e-01	1.06e-01	1.49e-03
 2.78941e+23	8.94e-01	1.05e-01	1.47e-03
 2.79164e+23	8.96e-01	1.03e-01	1.42e-03
 2.79404e+23	8.98e-01	1.01e-01	1.38e-03
 2.79623e+23	8.99e-01	9.92e-02	1.34e-03
 2.79822e+23	9.01e-01	9.78e-02	1.31e-03
 2.80003e+23	9.02e-01	9.65e-02	1.28e-03
 2.80201e+23	9.04e-01	9.50e-02	1.24e-03
 2.80415e+23	9.05e-01	9.38e-02	1.22e-03
 2.80650e+23	9.07e-01	9.20e-02	1.18e-03
 2.80904e+23	9.08e-01	9.05e-02	1.15e-03
 2.81134e+23	9.10e-01	8.90e-02	1.12e-03
 2.81344e+23	9.11e-01	8.78e-02	1.09e-03
 2.81574e+23	9.13e-01	8.62e-02	1.06e-03
 2.81822e+23	9.14e-01	8.48e-02	1.03e-03
 2.82048e+23	9.16e-01	8.34e-02	1.00e-03
 2.82254e+23	9.17e-01	8.22e-02	9.76e-04
 2.82441e+23	9.18e-01	8.13e-02	9.59e-04
 2.82646e+23	9.19e-01	7.99e-02	9.33e-04
 2.82867e+23	9.20e-01	7.88e-02	9.10e-04
 2.83069e+23	9.21e-01	7.77e-02	8.90e-04
 2.83289e+23	9.23e-01	7.63e-02	8.62e-04
 2.83528e+23	9.24e-01	7.53e-02	8.42e-04
 2.83745e+23	9.25e-01	7.41e-02	8.21e-04
 2.83982e+23	9.26e-01	7.28e-02	7.96e-04
 2.84239e+23	9.28e-01	7.16e-02	7.74e-04
 2.84472e+23	9.29e-01	7.05e-02	7.54e-04
 2.84685e+23	9.30e-01	6.94e-02	7.35e-04
 2.84878e+23	9.31e-01	6.87e-02	7.21e-04
 2.85090e+23	9.32e-01	6.76e-02	7.01e-04
 2.85318e+23	9.33e-01	6.65e-02	6.83e-04
 2.85569e+23	9.34e-01	6.54e-02	6.62e-04
 2.85839e+23	9.35e-01	6.42e-02	6.43e-04
 2.86086e+23	9.36e-01	6.32e-02	6.25e-04
 2.86310e+23	9.37e-01	6.24e-02	6.12e-04
 2.86555e+23	9.38e-01	6.12e-02	5.92e-04
 2.86820e+23	9.39e-01	6.02e-02	5.76e-04
 2.87061e+23	9.40e-01	5.94e-02	5.63e-04
 2.87326e+23	9.41e-01	5.82e-02	5.43e-04
 2.87611e+23	9.42e-01	5.72e-02	5.27e-04
 2.87870e+23	9.43e-01	5.64e-02	5.14e-04
 2.88155e+23	9.44e-01	5.52e-02	4.95e-04
 2.88462e+23	9.45e-01	5.42e-02	4.80e-04
 2.88742e+23	9.46e-01	5.33e-02	4.66e-04
 2.89048e+23	9.47e-01	5.22e-02	4.49e-04
 2.89378e+23	9.48e-01	5.13e-02	4.35e-04
 2.89679e+23	9.49e-01	5.03e-02	4.21e-04
 2.89953e+23	9.50e-01	4.95e-02	4.10e-04
 2.90253e+23	9.51e-01	4.85e-02	3.95e-04
 2.90577e+23	9.52e-01	4.76e-02	3.82e-04
 2.90872e+23	9.53e-01	4.68e-02	3.71e-04
 2.91195e+23	9.54e-01	4.58e-02	3.57e-04
 2.91543e+23	9.55e-01	4.49e-02	3.44e-04
 2.91861e+23	9.55e-01	4.42e-02	3.34e-04
 2.92209e+23	9.57e-01	4.32e-02	3.21e-04
 2.92584e+23	9.57e-01	4.23e-02	3.10e-04
 2.92925e+23	9.58e-01	4.15e-02	2.99e-04
 2.93236e+23	9.59e-01	4.08e-02	2.90e-04
 2.93577e+23	9.60e-01	3.99e-02	2.78e-04
 2.93945e+23	9.61e-01	3.91e-02	2.68e-04
 2.94279e+23	9.61e-01	3.84e-02	2.60e-04
 2.94646e+23	9.62e-01	3.76e-02	2.49e-04
 2.95042e+23	9.63e-01	3.68e-02	2.41e-04
 2.95402e+23	9.64e-01	3.61e-02	2.32e-04
 2.95730e+23	9.64e-01	3.55e-02	2.25e-04
 2.96089e+23	9.65e-01	3.47e-02	2.16e-04
 2.96477e+23	9.66e-01	3.40e-02	2.08e-04
 2.96830e+23	9.66e-01	3.34e-02	2.01e-04
 2.97217e+23	9.67e-01	3.26e-02	1.92e-04
 2.97634e+23	9.68e-01	3.19e-02	1.85e-04
 2.98014e+23	9.68e-01	3.13e-02	1.79e-04
 2.98430e+23	9.69e-01	3.06e-02	1.71e-04
 2.98880e+23	9.70e-01	2.99e-02	1.64e-04
 2.99289e+23	9.71e-01	2.93e-02	1.58e-04
 2.99661e+23	9.71e-01	2.88e-02	1.53e-04
 3.00069e+23	9.72e-01	2.81e-02	1.46e-04
 3.00509e+23	9.72e-01	2.75e-02	1.40e-04
 3.00910e+23	9.73e-01	2.70e-02	1.35e-04
 3.01349e+23	9.74e-01	2.63e-02	1.29e-04
 3.01823e+23	9.74e-01	2.58e-02	1.24e-04
 3.02254e+23	9.75e-01	2.52e-02	1.19e-04
 3.02727e+23	9.75e-01	2.46e-02	1.13e-04
 3.03237e+23	9.76e-01	2.40e-02	1.09e-04
 3.03796e+23	9.77e-01	2.34e-02	1.03e-04
 3.04455e+23	9.77e-01	2.26e-02	9.67e-05
 3.05115e+23	9.78e-01	2.20e-02	9.16e-05
 3.05755e+23	9.79e-01	2.13e-02	8.63e-05
 3.06404e+23	9.79e-01	2.07e-02	8.13e-05
 3.07057e+23	9.80e-01	2.00e-02	7.65e-05
 3.07713e+23	9.81e-01	1.94e-02	7.21e-05
 3.08304e+23	9.81e-01	1.89e-02	6.85e-05
