#depth	Si	Si+	Si+2	Si+3	Si+4	Si+5	Si+6	Si+7	Si+8	Si+9	Si+10	Si+11	Si+12	Si+13	Si+14
 1.54284e+22	2.70e-33	7.07e-26	1.18e-21	3.41e-18	2.44e-14	1.78e-11	3.86e-09	2.71e-07	8.43e-06	1.21e-04	1.01e-03	8.65e-03	1.77e-01	4.58e-01	3.55e-01
 3.54532e+22	6.42e-34	3.93e-24	4.52e-20	1.02e-16	5.72e-13	3.09e-10	4.90e-08	2.51e-06	5.75e-05	5.87e-04	3.26e-03	1.88e-02	2.63e-01	4.66e-01	2.49e-01
 4.23479e+22	8.60e-33	3.58e-23	3.29e-19	5.73e-16	2.92e-12	1.37e-09	1.86e-07	8.10e-06	1.58e-04	1.34e-03	5.97e-03	2.76e-02	3.15e-01	4.53e-01	1.97e-01
 4.57952e+22	3.37e-32	1.15e-22	9.29e-19	1.40e-15	6.84e-12	2.99e-09	3.78e-07	1.51e-05	2.72e-04	2.09e-03	8.22e-03	3.36e-02	3.43e-01	4.41e-01	1.72e-01
 4.72316e+22	4.83e-32	1.57e-22	1.22e-18	1.76e-15	8.55e-12	3.68e-09	4.56e-07	1.78e-05	3.14e-04	2.34e-03	8.94e-03	3.53e-02	3.51e-01	4.37e-01	1.65e-01
 4.77549e+22	6.45e-32	2.01e-22	1.52e-18	2.12e-15	1.02e-11	4.34e-09	5.30e-07	2.03e-05	3.52e-04	2.57e-03	9.56e-03	3.68e-02	3.57e-01	4.34e-01	1.60e-01
 4.82226e+22	8.54e-32	2.55e-22	1.87e-18	2.53e-15	1.22e-11	5.11e-09	6.14e-07	2.31e-05	3.94e-04	2.82e-03	1.02e-02	3.83e-02	3.63e-01	4.31e-01	1.55e-01
 4.87558e+22	1.23e-31	3.50e-22	2.47e-18	3.20e-15	1.53e-11	6.32e-09	7.45e-07	2.75e-05	4.57e-04	3.18e-03	1.11e-02	4.03e-02	3.70e-01	4.26e-01	1.49e-01
 4.92872e+22	1.65e-31	4.49e-22	3.07e-18	3.84e-15	1.83e-11	7.46e-09	8.68e-07	3.14e-05	5.13e-04	3.50e-03	1.19e-02	4.20e-02	3.76e-01	4.22e-01	1.44e-01
 4.98166e+22	2.42e-31	6.26e-22	4.10e-18	4.87e-15	2.31e-11	9.32e-09	1.06e-06	3.76e-05	6.00e-04	3.97e-03	1.30e-02	4.43e-02	3.84e-01	4.17e-01	1.37e-01
 5.03395e+22	3.17e-31	7.90e-22	5.02e-18	5.78e-15	2.74e-11	1.09e-08	1.23e-06	4.26e-05	6.69e-04	4.34e-03	1.39e-02	4.60e-02	3.90e-01	4.13e-01	1.33e-01
 5.08539e+22	4.59e-31	1.09e-21	6.62e-18	7.27e-15	3.44e-11	1.35e-08	1.50e-06	5.07e-05	7.78e-04	4.90e-03	1.52e-02	4.84e-02	3.97e-01	4.07e-01	1.27e-01
 5.13780e+22	6.17e-31	1.40e-21	8.25e-18	8.71e-15	4.12e-11	1.60e-08	1.75e-06	5.83e-05	8.78e-04	5.40e-03	1.63e-02	5.04e-02	4.03e-01	4.02e-01	1.22e-01
 5.18366e+22	8.21e-31	1.79e-21	1.02e-17	1.04e-14	4.91e-11	1.89e-08	2.04e-06	6.67e-05	9.86e-04	5.93e-03	1.74e-02	5.24e-02	4.09e-01	3.97e-01	1.18e-01
 5.23546e+22	1.19e-30	2.47e-21	1.34e-17	1.30e-14	6.16e-11	2.35e-08	2.49e-06	7.95e-05	1.15e-03	6.70e-03	1.90e-02	5.51e-02	4.16e-01	3.91e-01	1.12e-01
 5.28749e+22	1.59e-30	3.16e-21	1.66e-17	1.55e-14	7.36e-11	2.79e-08	2.91e-06	9.13e-05	1.29e-03	7.37e-03	2.03e-02	5.72e-02	4.21e-01	3.85e-01	1.07e-01
 5.33984e+22	2.31e-30	4.37e-21	2.19e-17	1.93e-14	9.26e-11	3.47e-08	3.57e-06	1.09e-04	1.51e-03	8.35e-03	2.21e-02	6.01e-02	4.28e-01	3.78e-01	1.02e-01
 5.39308e+22	3.13e-30	5.65e-21	2.72e-17	2.31e-14	1.11e-10	4.13e-08	4.20e-06	1.26e-04	1.71e-03	9.21e-03	2.37e-02	6.25e-02	4.33e-01	3.72e-01	9.75e-02
 5.44748e+22	4.60e-30	7.88e-21	3.62e-17	2.90e-14	1.41e-10	5.19e-08	5.18e-06	1.52e-04	2.00e-03	1.05e-02	2.60e-02	6.57e-02	4.40e-01	3.64e-01	9.20e-02
 5.50204e+22	6.21e-30	1.02e-20	4.49e-17	3.45e-14	1.69e-10	6.19e-08	6.10e-06	1.75e-04	2.26e-03	1.15e-02	2.78e-02	6.83e-02	4.45e-01	3.57e-01	8.79e-02
 5.55679e+22	9.13e-30	1.41e-20	5.93e-17	4.31e-14	2.14e-10	7.77e-08	7.54e-06	2.11e-04	2.66e-03	1.31e-02	3.04e-02	7.17e-02	4.51e-01	3.49e-01	8.26e-02
 5.61019e+22	1.20e-29	1.79e-20	7.23e-17	5.04e-14	2.52e-10	9.12e-08	8.76e-06	2.41e-04	2.97e-03	1.43e-02	3.24e-02	7.42e-02	4.54e-01	3.42e-01	7.90e-02
 5.66182e+22	1.71e-29	2.42e-20	9.31e-17	6.16e-14	3.13e-10	1.12e-07	1.06e-05	2.85e-04	3.44e-03	1.61e-02	3.51e-02	7.74e-02	4.59e-01	3.34e-01	7.45e-02
 5.71448e+22	2.27e-29	3.07e-20	1.14e-16	7.23e-14	3.71e-10	1.33e-07	1.24e-05	3.27e-04	3.86e-03	1.76e-02	3.75e-02	8.01e-02	4.63e-01	3.27e-01	7.09e-02
 5.76848e+22	3.25e-29	4.17e-20	1.47e-16	8.83e-14	4.61e-10	1.64e-07	1.52e-05	3.90e-04	4.47e-03	1.98e-02	4.06e-02	8.36e-02	4.67e-01	3.18e-01	6.65e-02
 5.82328e+22	4.30e-29	5.29e-20	1.79e-16	1.03e-13	5.46e-10	1.94e-07	1.77e-05	4.46e-04	5.01e-03	2.17e-02	4.32e-02	8.64e-02	4.69e-01	3.11e-01	6.32e-02
 5.87913e+22	6.18e-29	7.18e-20	2.31e-16	1.26e-13	6.79e-10	2.40e-07	2.16e-05	5.31e-04	5.81e-03	2.43e-02	4.68e-02	9.00e-02	4.72e-01	3.01e-01	5.91e-02
 5.93581e+22	8.12e-29	9.05e-20	2.81e-16	1.46e-13	8.00e-10	2.82e-07	2.51e-05	6.06e-04	6.48e-03	2.65e-02	4.97e-02	9.27e-02	4.74e-01	2.94e-01	5.60e-02
 5.99358e+22	1.16e-28	1.22e-19	3.60e-16	1.77e-13	9.90e-10	3.47e-07	3.05e-05	7.19e-04	7.48e-03	2.97e-02	5.36e-02	9.64e-02	4.76e-01	2.84e-01	5.22e-02
 6.05300e+22	1.53e-28	1.55e-19	4.38e-16	2.07e-13	1.17e-09	4.10e-07	3.56e-05	8.23e-04	8.37e-03	3.24e-02	5.69e-02	9.92e-02	4.77e-01	2.76e-01	4.93e-02
 6.11458e+22	2.20e-28	2.09e-19	5.63e-16	2.51e-13	1.45e-09	5.05e-07	4.33e-05	9.77e-04	9.65e-03	3.62e-02	6.13e-02	1.03e-01	4.77e-01	2.66e-01	4.57e-02
 6.17720e+22	2.90e-28	2.64e-19	6.84e-16	2.92e-13	1.72e-09	5.95e-07	5.05e-05	1.12e-03	1.08e-02	3.94e-02	6.49e-02	1.06e-01	4.77e-01	2.58e-01	4.30e-02
 6.24117e+22	4.14e-28	3.56e-19	8.75e-16	3.53e-13	2.12e-09	7.32e-07	6.12e-05	1.32e-03	1.24e-02	4.38e-02	6.97e-02	1.09e-01	4.76e-01	2.48e-01	3.97e-02
 6.30559e+22	5.42e-28	4.47e-19	1.06e-15	4.08e-13	2.49e-09	8.57e-07	7.09e-05	1.50e-03	1.38e-02	4.75e-02	7.35e-02	1.12e-01	4.75e-01	2.40e-01	3.73e-02
 6.37060e+22	7.67e-28	5.96e-19	1.34e-15	4.90e-13	3.05e-09	1.05e-06	8.54e-05	1.77e-03	1.57e-02	5.25e-02	7.86e-02	1.15e-01	4.72e-01	2.29e-01	3.44e-02
 6.43683e+22	1.00e-27	7.44e-19	1.61e-15	5.66e-13	3.56e-09	1.22e-06	9.84e-05	2.00e-03	1.74e-02	5.67e-02	8.26e-02	1.18e-01	4.70e-01	2.21e-01	3.22e-02
 6.49462e+22	1.29e-27	9.19e-19	1.92e-15	6.48e-13	4.13e-09	1.41e-06	1.13e-04	2.25e-03	1.91e-02	6.09e-02	8.65e-02	1.20e-01	4.67e-01	2.14e-01	3.03e-02
 6.55970e+22	1.79e-27	1.21e-18	2.41e-15	7.69e-13	4.98e-09	1.70e-06	1.34e-04	2.61e-03	2.16e-02	6.67e-02	9.17e-02	1.23e-01	4.62e-01	2.04e-01	2.78e-02
 6.62460e+22	2.27e-27	1.47e-18	2.84e-15	8.75e-13	5.72e-09	1.94e-06	1.52e-04	2.91e-03	2.35e-02	7.12e-02	9.55e-02	1.25e-01	4.59e-01	1.97e-01	2.62e-02
 6.68929e+22	3.10e-27	1.90e-18	3.51e-15	1.03e-12	6.83e-09	2.31e-06	1.78e-04	3.35e-03	2.63e-02	7.74e-02	1.01e-01	1.28e-01	4.53e-01	1.88e-01	2.41e-02
 6.75557e+22	3.97e-27	2.33e-18	4.17e-15	1.18e-12	7.86e-09	2.64e-06	2.02e-04	3.74e-03	2.87e-02	8.25e-02	1.05e-01	1.29e-01	4.48e-01	1.80e-01	2.25e-02
 6.81411e+22	5.03e-27	2.84e-18	4.90e-15	1.33e-12	8.98e-09	3.01e-06	2.28e-04	4.15e-03	3.12e-02	8.77e-02	1.09e-01	1.31e-01	4.43e-01	1.73e-01	2.10e-02
 6.88039e+22	6.84e-27	3.65e-18	6.03e-15	1.56e-12	1.06e-08	3.56e-06	2.66e-04	4.75e-03	3.47e-02	9.48e-02	1.14e-01	1.33e-01	4.35e-01	1.64e-01	1.92e-02
 6.94655e+22	8.57e-27	4.39e-18	7.05e-15	1.76e-12	1.21e-08	4.01e-06	2.98e-04	5.22e-03	3.74e-02	1.00e-01	1.18e-01	1.34e-01	4.29e-01	1.58e-01	1.80e-02
 7.01253e+22	1.15e-26	5.59e-18	8.61e-15	2.06e-12	1.42e-08	4.70e-06	3.45e-04	5.93e-03	4.13e-02	1.07e-01	1.22e-01	1.36e-01	4.21e-01	1.50e-01	1.65e-02
 7.07981e+22	1.45e-26	6.75e-18	1.01e-14	2.33e-12	1.61e-08	5.30e-06	3.85e-04	6.52e-03	4.44e-02	1.13e-01	1.26e-01	1.36e-01	4.14e-01	1.43e-01	1.54e-02
 7.14877e+22	1.95e-26	8.62e-18	1.24e-14	2.72e-12	1.89e-08	6.20e-06	4.45e-04	7.39e-03	4.89e-02	1.21e-01	1.31e-01	1.37e-01	4.04e-01	1.35e-01	1.40e-02
 7.21905e+22	2.47e-26	1.04e-17	1.45e-14	3.09e-12	2.14e-08	6.99e-06	4.97e-04	8.12e-03	5.26e-02	1.28e-01	1.35e-01	1.38e-01	3.97e-01	1.29e-01	1.30e-02
 7.29103e+22	1.44e-27	1.34e-17	1.78e-14	3.62e-12	2.51e-08	8.16e-06	5.73e-04	9.18e-03	5.77e-02	1.36e-01	1.39e-01	1.38e-01	3.86e-01	1.21e-01	1.18e-02
 7.36436e+22	1.51e-27	1.62e-17	2.10e-14	4.12e-12	2.84e-08	9.20e-06	6.39e-04	1.01e-02	6.19e-02	1.43e-01	1.43e-01	1.39e-01	3.77e-01	1.15e-01	1.09e-02
 7.43944e+22	2.08e-27	2.08e-17	2.59e-14	4.84e-12	3.33e-08	1.07e-05	7.36e-04	1.14e-02	6.78e-02	1.52e-01	1.47e-01	1.39e-01	3.65e-01	1.07e-01	9.81e-03
 7.51284e+22	2.62e-27	2.48e-17	3.01e-14	5.47e-12	3.74e-08	1.19e-05	8.10e-04	1.23e-02	7.20e-02	1.58e-01	1.50e-01	1.38e-01	3.57e-01	1.02e-01	9.12e-03
 7.58404e+22	3.56e-27	3.14e-17	3.66e-14	6.35e-12	4.32e-08	1.37e-05	9.22e-04	1.38e-02	7.82e-02	1.67e-01	1.54e-01	1.38e-01	3.45e-01	9.54e-02	8.22e-03
 7.65636e+22	4.50e-27	3.75e-17	4.26e-14	7.18e-12	4.84e-08	1.53e-05	1.01e-03	1.49e-02	8.29e-02	1.74e-01	1.56e-01	1.37e-01	3.36e-01	9.07e-02	7.62e-03
 7.73015e+22	6.10e-27	4.73e-17	5.18e-14	8.36e-12	5.58e-08	1.75e-05	1.15e-03	1.66e-02	8.95e-02	1.82e-01	1.59e-01	1.36e-01	3.24e-01	8.44e-02	6.86e-03
 7.80624e+22	7.90e-27	5.72e-17	6.09e-14	9.50e-12	6.28e-08	1.96e-05	1.27e-03	1.80e-02	9.51e-02	1.89e-01	1.62e-01	1.35e-01	3.14e-01	7.95e-02	6.28e-03
 7.88532e+22	1.08e-26	7.26e-17	7.46e-14	1.12e-11	7.28e-08	2.25e-05	1.44e-03	2.00e-02	1.02e-01	1.98e-01	1.64e-01	1.33e-01	3.01e-01	7.37e-02	5.62e-03
 7.96701e+22	1.43e-26	8.88e-17	8.86e-14	1.28e-11	8.23e-08	2.52e-05	1.59e-03	2.18e-02	1.09e-01	2.06e-01	1.66e-01	1.32e-01	2.90e-01	6.89e-02	5.11e-03
 8.05208e+22	1.99e-26	1.14e-16	1.10e-13	1.52e-11	9.59e-08	2.90e-05	1.81e-03	2.42e-02	1.17e-01	2.15e-01	1.68e-01	1.29e-01	2.77e-01	6.34e-02	4.53e-03
 8.13948e+22	2.68e-26	1.40e-16	1.31e-13	1.75e-11	1.09e-07	3.27e-05	2.01e-03	2.63e-02	1.24e-01	2.22e-01	1.69e-01	1.27e-01	2.65e-01	5.89e-02	4.08e-03
 8.22991e+22	3.79e-26	1.82e-16	1.64e-13	2.09e-11	1.27e-07	3.77e-05	2.28e-03	2.92e-02	1.34e-01	2.31e-01	1.70e-01	1.24e-01	2.51e-01	5.37e-02	3.58e-03
 8.32334e+22	5.19e-26	2.26e-16	1.98e-13	2.43e-11	1.45e-07	4.25e-05	2.53e-03	3.18e-02	1.42e-01	2.39e-01	1.71e-01	1.22e-01	2.40e-01	4.96e-02	3.20e-03
 8.42066e+22	7.49e-26	2.96e-16	2.50e-13	2.93e-11	1.71e-07	4.93e-05	2.88e-03	3.53e-02	1.52e-01	2.48e-01	1.71e-01	1.18e-01	2.25e-01	4.47e-02	2.78e-03
 8.52070e+22	1.04e-25	3.72e-16	3.04e-13	3.43e-11	1.95e-07	5.57e-05	3.21e-03	3.85e-02	1.61e-01	2.55e-01	1.71e-01	1.15e-01	2.13e-01	4.09e-02	2.46e-03
 8.61047e+22	1.41e-25	4.62e-16	3.67e-13	4.00e-11	2.22e-07	6.26e-05	3.54e-03	4.17e-02	1.69e-01	2.61e-01	1.71e-01	1.12e-01	2.02e-01	3.76e-02	2.19e-03
 8.71336e+22	2.11e-25	6.14e-16	4.67e-13	4.85e-11	2.61e-07	7.26e-05	4.03e-03	4.63e-02	1.81e-01	2.69e-01	1.69e-01	1.07e-01	1.87e-01	3.34e-02	1.86e-03
 8.81716e+22	2.88e-25	7.62e-16	5.65e-13	5.66e-11	2.97e-07	8.15e-05	4.45e-03	5.00e-02	1.90e-01	2.75e-01	1.68e-01	1.04e-01	1.77e-01	3.05e-02	1.64e-03
 8.92213e+22	4.28e-25	1.01e-15	7.19e-13	6.85e-11	3.49e-07	9.40e-05	5.04e-03	5.51e-02	2.01e-01	2.81e-01	1.66e-01	9.95e-02	1.63e-01	2.69e-02	1.39e-03
 9.02933e+22	5.98e-25	1.27e-15	8.74e-13	8.01e-11	3.97e-07	1.06e-04	5.56e-03	5.95e-02	2.11e-01	2.86e-01	1.64e-01	9.56e-02	1.53e-01	2.43e-02	1.21e-03
 9.13941e+22	8.98e-25	1.69e-15	1.12e-12	9.75e-11	4.66e-07	1.22e-04	6.29e-03	6.55e-02	2.23e-01	2.92e-01	1.60e-01	9.07e-02	1.40e-01	2.13e-02	1.01e-03
 9.25128e+22	1.26e-24	2.13e-15	1.37e-12	1.14e-10	5.29e-07	1.37e-04	6.94e-03	7.07e-02	2.33e-01	2.95e-01	1.57e-01	8.67e-02	1.30e-01	1.90e-02	8.75e-04
 9.36547e+22	1.92e-24	2.88e-15	1.76e-12	1.39e-10	6.20e-07	1.58e-04	7.84e-03	7.78e-02	2.46e-01	2.99e-01	1.53e-01	8.15e-02	1.17e-01	1.64e-02	7.19e-04
 9.48019e+22	2.68e-24	3.62e-15	2.14e-12	1.63e-10	7.02e-07	1.76e-04	8.60e-03	8.35e-02	2.56e-01	3.02e-01	1.49e-01	7.76e-02	1.08e-01	1.46e-02	6.17e-04
 9.57517e+22	3.57e-24	4.45e-15	2.55e-12	1.87e-10	7.81e-07	1.93e-04	9.33e-03	8.89e-02	2.64e-01	3.03e-01	1.46e-01	7.41e-02	1.01e-01	1.31e-02	5.36e-04
 9.67818e+22	5.20e-24	5.82e-15	3.19e-12	2.22e-10	8.92e-07	2.18e-04	1.04e-02	9.63e-02	2.75e-01	3.04e-01	1.41e-01	6.95e-02	9.12e-02	1.14e-02	4.44e-04
 9.78117e+22	6.93e-24	7.13e-15	3.79e-12	2.54e-10	9.90e-07	2.39e-04	1.12e-02	1.02e-01	2.83e-01	3.05e-01	1.37e-01	6.61e-02	8.45e-02	1.02e-02	3.85e-04
 9.88412e+22	1.00e-23	9.31e-15	4.72e-12	3.00e-10	1.12e-06	2.68e-04	1.24e-02	1.10e-01	2.94e-01	3.04e-01	1.32e-01	6.18e-02	7.61e-02	8.76e-03	3.17e-04
 9.98837e+22	1.34e-23	1.15e-14	5.63e-12	3.44e-10	1.25e-06	2.94e-04	1.33e-02	1.17e-01	3.02e-01	3.04e-01	1.28e-01	5.85e-02	7.00e-02	7.78e-03	2.72e-04
 1.00943e+23	1.96e-23	1.51e-14	7.05e-12	4.08e-10	1.41e-06	3.29e-04	1.47e-02	1.26e-01	3.12e-01	3.02e-01	1.22e-01	5.43e-02	6.25e-02	6.62e-03	2.20e-04
 1.02016e+23	2.64e-23	1.87e-14	8.43e-12	4.68e-10	1.56e-06	3.60e-04	1.59e-02	1.33e-01	3.19e-01	3.00e-01	1.17e-01	5.11e-02	5.71e-02	5.83e-03	1.87e-04
 1.03105e+23	3.86e-23	2.49e-14	1.06e-11	5.57e-10	1.77e-06	4.03e-04	1.75e-02	1.44e-01	3.29e-01	2.96e-01	1.11e-01	4.71e-02	5.06e-02	4.91e-03	1.50e-04
 1.04216e+23	5.27e-23	3.12e-14	1.28e-11	6.42e-10	1.96e-06	4.41e-04	1.89e-02	1.52e-01	3.36e-01	2.92e-01	1.06e-01	4.40e-02	4.57e-02	4.26e-03	1.25e-04
 1.05355e+23	7.85e-23	4.21e-14	1.63e-11	7.70e-10	2.23e-06	4.94e-04	2.08e-02	1.64e-01	3.44e-01	2.87e-01	9.98e-02	4.01e-02	4.00e-02	3.53e-03	9.84e-05
 1.06517e+23	1.09e-22	5.36e-14	1.98e-11	8.93e-10	2.48e-06	5.42e-04	2.25e-02	1.74e-01	3.51e-01	2.82e-01	9.46e-02	3.72e-02	3.57e-02	3.03e-03	8.08e-05
 1.07709e+23	1.65e-22	7.36e-14	2.55e-11	1.08e-09	2.83e-06	6.09e-04	2.49e-02	1.87e-01	3.58e-01	2.74e-01	8.78e-02	3.36e-02	3.08e-02	2.47e-03	6.22e-05
 1.08912e+23	2.30e-22	9.45e-14	3.12e-11	1.26e-09	3.14e-06	6.68e-04	2.68e-02	1.98e-01	3.63e-01	2.68e-01	8.26e-02	3.10e-02	2.73e-02	2.09e-03	5.05e-05
 1.09920e+23	3.11e-22	1.19e-13	3.75e-11	1.45e-09	3.46e-06	7.26e-04	2.88e-02	2.08e-01	3.68e-01	2.62e-01	7.80e-02	2.87e-02	2.45e-02	1.80e-03	4.16e-05
 1.11013e+23	4.55e-22	1.60e-13	4.75e-11	1.73e-09	3.92e-06	8.06e-04	3.14e-02	2.22e-01	3.72e-01	2.53e-01	7.22e-02	2.59e-02	2.11e-02	1.47e-03	3.24e-05
 1.12117e+23	6.21e-22	2.03e-13	5.75e-11	2.01e-09	4.34e-06	8.78e-04	3.36e-02	2.34e-01	3.75e-01	2.45e-01	6.76e-02	2.39e-02	1.88e-02	1.25e-03	2.64e-05
 1.13195e+23	8.97e-22	2.71e-13	7.24e-11	2.40e-09	4.90e-06	9.73e-04	3.65e-02	2.48e-01	3.78e-01	2.36e-01	6.23e-02	2.16e-02	1.62e-02	1.03e-03	2.06e-05
 1.14295e+23	1.24e-21	3.49e-13	8.87e-11	2.81e-09	5.47e-06	1.06e-03	3.92e-02	2.61e-01	3.79e-01	2.28e-01	5.78e-02	1.97e-02	1.42e-02	8.62e-04	1.65e-05
 1.15374e+23	1.77e-21	4.64e-13	1.11e-10	3.36e-09	6.19e-06	1.18e-03	4.24e-02	2.75e-01	3.80e-01	2.18e-01	5.31e-02	1.78e-02	1.23e-02	7.07e-04	1.29e-05
 1.16475e+23	2.49e-21	6.08e-13	1.38e-10	3.99e-09	6.99e-06	1.30e-03	4.57e-02	2.89e-01	3.79e-01	2.08e-01	4.88e-02	1.61e-02	1.07e-02	5.85e-04	1.02e-05
 1.17565e+23	3.53e-21	8.07e-13	1.74e-10	4.78e-09	7.93e-06	1.43e-03	4.93e-02	3.04e-01	3.78e-01	1.98e-01	4.46e-02	1.45e-02	9.17e-03	4.80e-04	7.94e-06
 1.18660e+23	4.98e-21	1.07e-12	2.17e-10	5.72e-09	9.02e-06	1.58e-03	5.30e-02	3.19e-01	3.76e-01	1.88e-01	4.07e-02	1.30e-02	7.90e-03	3.94e-04	6.21e-06
 1.19743e+23	7.01e-21	1.41e-12	2.72e-10	6.87e-09	1.03e-05	1.75e-03	5.71e-02	3.34e-01	3.73e-01	1.78e-01	3.70e-02	1.17e-02	6.79e-03	3.22e-04	4.85e-06
 1.20824e+23	9.87e-21	1.86e-12	3.41e-10	8.27e-09	1.17e-05	1.94e-03	6.13e-02	3.49e-01	3.69e-01	1.68e-01	3.36e-02	1.05e-02	5.83e-03	2.63e-04	3.78e-06
 1.21907e+23	1.39e-20	2.46e-12	4.29e-10	9.98e-09	1.34e-05	2.14e-03	6.59e-02	3.65e-01	3.64e-01	1.58e-01	3.04e-02	9.37e-03	4.98e-03	2.15e-04	2.93e-06
 1.22994e+23	1.95e-20	3.25e-12	5.39e-10	1.21e-08	1.54e-05	2.37e-03	7.07e-02	3.80e-01	3.58e-01	1.49e-01	2.74e-02	8.35e-03	4.25e-03	1.75e-04	2.27e-06
 1.24087e+23	2.75e-20	4.30e-12	6.80e-10	1.47e-08	1.78e-05	2.63e-03	7.59e-02	3.95e-01	3.51e-01	1.39e-01	2.47e-02	7.43e-03	3.62e-03	1.41e-04	1.76e-06
 1.25191e+23	3.87e-20	5.70e-12	8.58e-10	1.78e-08	2.05e-05	2.92e-03	8.14e-02	4.10e-01	3.44e-01	1.30e-01	2.21e-02	6.59e-03	3.07e-03	1.14e-04	1.35e-06
 1.26307e+23	5.46e-20	7.55e-12	1.08e-09	2.18e-08	2.37e-05	3.25e-03	8.72e-02	4.25e-01	3.36e-01	1.21e-01	1.98e-02	5.83e-03	2.59e-03	9.19e-05	1.04e-06
 1.27429e+23	7.66e-20	9.97e-12	1.37e-09	2.65e-08	2.74e-05	3.61e-03	9.33e-02	4.39e-01	3.27e-01	1.12e-01	1.76e-02	5.15e-03	2.19e-03	7.39e-05	7.94e-07
 1.28570e+23	1.08e-19	1.33e-11	1.74e-09	3.26e-08	3.19e-05	4.01e-03	1.00e-01	4.53e-01	3.17e-01	1.04e-01	1.56e-02	4.52e-03	1.83e-03	5.89e-05	6.03e-07
 1.29724e+23	1.51e-19	1.75e-11	2.19e-09	3.99e-08	3.70e-05	4.45e-03	1.07e-01	4.66e-01	3.07e-01	9.56e-02	1.39e-02	3.97e-03	1.54e-03	4.71e-05	4.59e-07
 1.30900e+23	2.14e-19	2.33e-11	2.80e-09	4.92e-08	4.32e-05	4.97e-03	1.14e-01	4.80e-01	2.97e-01	8.77e-02	1.22e-02	3.46e-03	1.28e-03	3.72e-05	3.45e-07
 1.32098e+23	3.01e-19	3.07e-11	3.55e-09	6.05e-08	5.03e-05	5.52e-03	1.22e-01	4.92e-01	2.86e-01	8.05e-02	1.08e-02	3.02e-03	1.07e-03	2.95e-05	2.60e-07
 1.33197e+23	3.99e-19	3.87e-11	4.32e-09	7.19e-08	5.72e-05	6.02e-03	1.28e-01	5.01e-01	2.76e-01	7.47e-02	9.68e-03	2.69e-03	9.13e-04	2.42e-05	2.05e-07
 1.34344e+23	5.67e-19	5.18e-11	5.55e-09	8.96e-08	6.72e-05	6.73e-03	1.37e-01	5.13e-01	2.64e-01	6.79e-02	8.43e-03	2.31e-03	7.48e-04	1.88e-05	1.51e-07
 1.35509e+23	7.72e-19	6.51e-11	6.77e-09	1.07e-07	7.65e-05	7.34e-03	1.44e-01	5.21e-01	2.55e-01	6.28e-02	7.54e-03	2.05e-03	6.38e-04	1.54e-05	0.00e+00
 1.36709e+23	7.38e-18	8.72e-11	8.73e-09	1.34e-07	9.02e-05	8.21e-03	1.54e-01	5.30e-01	2.42e-01	5.67e-02	6.52e-03	1.75e-03	5.18e-04	1.18e-05	0.00e+00
 1.37911e+23	9.77e-18	1.09e-10	1.06e-08	1.59e-07	1.02e-04	8.94e-03	1.62e-01	5.37e-01	2.32e-01	5.23e-02	5.82e-03	1.55e-03	4.41e-04	9.65e-06	0.00e+00
 1.39116e+23	1.40e-17	1.45e-10	1.36e-08	1.98e-07	1.20e-04	9.97e-03	1.72e-01	5.45e-01	2.20e-01	4.71e-02	5.03e-03	1.32e-03	3.58e-04	7.40e-06	0.00e+00
 1.40327e+23	1.85e-17	1.79e-10	1.64e-08	2.35e-07	1.36e-04	1.08e-02	1.80e-01	5.49e-01	2.11e-01	4.34e-02	4.49e-03	1.17e-03	3.05e-04	6.05e-06	0.00e+00
 1.41546e+23	2.65e-17	2.36e-10	2.10e-08	2.92e-07	1.60e-04	1.20e-02	1.90e-01	5.55e-01	1.99e-01	3.90e-02	3.87e-03	9.94e-04	2.47e-04	4.64e-06	0.00e+00
 1.42778e+23	3.52e-17	2.92e-10	2.53e-08	3.46e-07	1.81e-04	1.30e-02	1.98e-01	5.58e-01	1.90e-01	3.59e-02	3.45e-03	8.76e-04	2.10e-04	3.78e-06	0.00e+00
 1.44028e+23	5.05e-17	3.82e-10	3.22e-08	4.30e-07	2.12e-04	1.44e-02	2.10e-01	5.61e-01	1.78e-01	3.21e-02	2.96e-03	7.42e-04	1.69e-04	2.89e-06	0.00e+00
 1.45296e+23	6.77e-17	4.72e-10	3.89e-08	5.09e-07	2.40e-04	1.57e-02	2.18e-01	5.63e-01	1.70e-01	2.94e-02	2.63e-03	6.52e-04	1.43e-04	2.34e-06	0.00e+00
 1.46587e+23	9.85e-17	6.17e-10	4.96e-08	6.34e-07	2.81e-04	1.73e-02	2.30e-01	5.64e-01	1.59e-01	2.63e-02	2.25e-03	5.49e-04	1.15e-04	1.78e-06	0.00e+00
 1.47903e+23	1.34e-16	7.62e-10	6.00e-08	7.53e-07	3.19e-04	1.88e-02	2.40e-01	5.64e-01	1.51e-01	2.40e-02	1.99e-03	4.80e-04	9.64e-05	1.43e-06	0.00e+00
 1.49252e+23	2.00e-16	9.98e-10	7.68e-08	9.41e-07	3.75e-04	2.08e-02	2.52e-01	5.63e-01	1.40e-01	2.13e-02	1.70e-03	4.02e-04	7.68e-05	1.07e-06	0.00e+00
 1.50633e+23	2.80e-16	1.24e-09	9.33e-08	1.12e-06	4.26e-04	2.26e-02	2.62e-01	5.62e-01	1.32e-01	1.94e-02	1.49e-03	3.48e-04	6.41e-05	8.56e-07	0.00e+00
 1.52056e+23	4.32e-16	1.63e-09	1.20e-07	1.41e-06	5.03e-04	2.51e-02	2.75e-01	5.58e-01	1.22e-01	1.71e-02	1.26e-03	2.89e-04	5.05e-05	6.36e-07	0.00e+00
 1.53502e+23	6.28e-16	2.01e-09	1.46e-07	1.69e-06	5.70e-04	2.72e-02	2.85e-01	5.55e-01	1.15e-01	1.55e-02	1.11e-03	2.50e-04	4.21e-05	5.06e-07	0.00e+00
 1.54725e+23	8.87e-16	2.44e-09	1.74e-07	1.98e-06	6.41e-04	2.92e-02	2.95e-01	5.51e-01	1.08e-01	1.41e-02	9.80e-04	2.19e-04	3.54e-05	4.08e-07	0.00e+00
 1.56059e+23	1.40e-15	3.11e-09	2.19e-07	2.44e-06	7.44e-04	3.20e-02	3.07e-01	5.46e-01	1.01e-01	1.26e-02	8.38e-04	1.84e-04	2.85e-05	3.11e-07	0.00e+00
 1.57349e+23	2.01e-15	3.69e-09	2.56e-07	2.82e-06	8.25e-04	3.41e-02	3.16e-01	5.41e-01	9.53e-02	1.16e-02	7.52e-04	1.63e-04	2.44e-05	2.56e-07	0.00e+00
 1.58581e+23	3.14e-15	4.60e-09	3.15e-07	3.41e-06	9.45e-04	3.71e-02	3.27e-01	5.35e-01	8.86e-02	1.04e-02	6.50e-04	1.39e-04	1.99e-05	1.99e-07	0.00e+00
 1.59827e+23	4.72e-15	5.45e-09	3.68e-07	3.93e-06	1.05e-03	3.95e-02	3.36e-01	5.29e-01	8.39e-02	9.56e-03	5.83e-04	1.23e-04	1.71e-05	1.64e-07	0.00e+00
 1.61090e+23	7.18e-15	6.78e-09	4.52e-07	4.76e-06	1.20e-03	4.28e-02	3.47e-01	5.22e-01	7.78e-02	8.56e-03	5.03e-04	1.04e-04	1.39e-05	1.27e-07	0.00e+00
 1.62374e+23	9.84e-15	8.05e-09	5.31e-07	5.50e-06	1.33e-03	4.56e-02	3.56e-01	5.15e-01	7.34e-02	7.86e-03	4.50e-04	9.19e-05	1.19e-05	0.00e+00	0.00e+00
 1.63683e+23	1.30e-14	1.00e-08	6.54e-07	6.67e-06	1.52e-03	4.95e-02	3.68e-01	5.06e-01	6.78e-02	7.01e-03	3.86e-04	7.77e-05	9.60e-06	0.00e+00	0.00e+00
 1.65012e+23	1.58e-14	1.19e-08	7.68e-07	7.72e-06	1.69e-03	5.27e-02	3.77e-01	4.98e-01	6.38e-02	6.42e-03	3.45e-04	6.83e-05	8.17e-06	0.00e+00	0.00e+00
 1.66366e+23	2.00e-14	1.49e-08	9.50e-07	9.40e-06	1.94e-03	5.72e-02	3.88e-01	4.88e-01	5.86e-02	5.70e-03	2.94e-04	5.74e-05	6.57e-06	0.00e+00	0.00e+00
 1.67743e+23	2.41e-14	1.78e-08	1.12e-06	1.09e-05	2.16e-03	6.09e-02	3.97e-01	4.80e-01	5.49e-02	5.20e-03	2.61e-04	5.02e-05	5.55e-06	0.00e+00	0.00e+00
 1.69151e+23	3.05e-14	2.22e-08	1.39e-06	1.33e-05	2.48e-03	6.60e-02	4.08e-01	4.68e-01	5.03e-02	4.61e-03	2.23e-04	4.21e-05	4.44e-06	0.00e+00	0.00e+00
 1.70601e+23	3.71e-14	2.67e-08	1.65e-06	1.56e-05	2.77e-03	7.04e-02	4.17e-01	4.58e-01	4.69e-02	4.18e-03	1.96e-04	3.64e-05	3.71e-06	0.00e+00	0.00e+00
 1.72105e+23	4.74e-14	3.38e-08	2.06e-06	1.92e-05	3.19e-03	7.66e-02	4.29e-01	4.45e-01	4.26e-02	3.67e-03	1.65e-04	3.02e-05	2.93e-06	0.00e+00	0.00e+00
 1.73638e+23	5.80e-14	4.07e-08	2.46e-06	2.26e-05	3.57e-03	8.17e-02	4.37e-01	4.34e-01	3.95e-02	3.32e-03	1.44e-04	2.60e-05	2.43e-06	0.00e+00	0.00e+00
 1.75209e+23	7.42e-14	5.17e-08	3.10e-06	2.79e-05	4.14e-03	8.88e-02	4.48e-01	4.20e-01	3.57e-02	2.90e-03	1.21e-04	2.14e-05	1.91e-06	0.00e+00	0.00e+00
 1.76796e+23	1.49e-14	6.24e-08	3.69e-06	3.27e-05	4.62e-03	9.45e-02	4.56e-01	4.09e-01	3.30e-02	2.62e-03	1.06e-04	1.84e-05	1.58e-06	0.00e+00	0.00e+00
 1.78404e+23	8.80e-15	7.92e-08	4.65e-06	4.05e-05	5.35e-03	1.03e-01	4.66e-01	3.94e-01	2.97e-02	2.28e-03	8.81e-05	1.51e-05	1.23e-06	0.00e+00	0.00e+00
 1.80030e+23	1.20e-14	9.56e-08	5.55e-06	4.75e-05	5.97e-03	1.09e-01	4.73e-01	3.82e-01	2.74e-02	2.05e-03	7.68e-05	1.29e-05	1.02e-06	0.00e+00	0.00e+00
 1.81680e+23	1.79e-14	1.21e-07	6.99e-06	5.88e-05	6.91e-03	1.18e-01	4.82e-01	3.66e-01	2.45e-02	1.78e-03	6.37e-05	1.06e-05	7.87e-07	0.00e+00	0.00e+00
 1.83292e+23	2.47e-14	1.45e-07	8.24e-06	6.82e-05	7.64e-03	1.25e-01	4.88e-01	3.55e-01	2.26e-02	1.61e-03	5.59e-05	9.14e-06	6.57e-07	0.00e+00	0.00e+00
 1.84857e+23	3.76e-14	1.81e-07	1.02e-05	8.31e-05	8.75e-03	1.34e-01	4.95e-01	3.40e-01	2.03e-02	1.41e-03	4.68e-05	7.53e-06	5.16e-07	0.00e+00	0.00e+00
 1.86480e+23	5.56e-14	2.18e-07	1.22e-05	9.72e-05	9.72e-03	1.42e-01	5.00e-01	3.28e-01	1.87e-02	1.26e-03	4.07e-05	6.45e-06	4.25e-07	0.00e+00	0.00e+00
 1.87863e+23	8.05e-14	2.56e-07	1.42e-05	1.12e-04	1.07e-02	1.49e-01	5.04e-01	3.17e-01	1.72e-02	1.15e-03	3.58e-05	5.61e-06	3.57e-07	0.00e+00	0.00e+00
 1.89347e+23	1.26e-13	3.14e-07	1.72e-05	1.34e-04	1.21e-02	1.59e-01	5.08e-01	3.04e-01	1.56e-02	1.01e-03	3.03e-05	4.69e-06	2.85e-07	0.00e+00	0.00e+00
 1.90844e+23	2.07e-13	3.70e-07	2.01e-05	1.54e-04	1.32e-02	1.67e-01	5.11e-01	2.93e-01	1.43e-02	9.15e-04	2.66e-05	4.07e-06	2.38e-07	0.00e+00	0.00e+00
 1.92356e+23	3.35e-13	4.52e-07	2.44e-05	1.84e-04	1.49e-02	1.77e-01	5.14e-01	2.79e-01	1.29e-02	8.07e-04	2.26e-05	3.40e-06	1.91e-07	0.00e+00	0.00e+00
 1.93914e+23	6.31e-13	5.38e-07	2.88e-05	2.14e-04	1.65e-02	1.87e-01	5.16e-01	2.68e-01	1.18e-02	7.21e-04	1.95e-05	2.90e-06	1.56e-07	0.00e+00	0.00e+00
 1.95293e+23	9.21e-13	6.33e-07	3.36e-05	2.46e-04	1.81e-02	1.95e-01	5.18e-01	2.57e-01	1.08e-02	6.52e-04	1.70e-05	2.51e-06	1.30e-07	0.00e+00	0.00e+00
 1.96848e+23	1.42e-12	7.75e-07	4.07e-05	2.92e-04	2.02e-02	2.07e-01	5.18e-01	2.44e-01	9.69e-03	5.73e-04	1.44e-05	2.09e-06	0.00e+00	0.00e+00	0.00e+00
 1.98489e+23	2.03e-12	9.31e-07	4.84e-05	3.43e-04	2.24e-02	2.17e-01	5.18e-01	2.32e-01	8.74e-03	5.08e-04	1.23e-05	1.77e-06	0.00e+00	0.00e+00	0.00e+00
 1.99983e+23	2.58e-12	1.10e-06	5.70e-05	3.97e-04	2.47e-02	2.27e-01	5.17e-01	2.22e-01	7.94e-03	4.54e-04	1.06e-05	1.51e-06	0.00e+00	0.00e+00	0.00e+00
 2.01669e+23	3.47e-12	1.37e-06	6.97e-05	4.77e-04	2.78e-02	2.40e-01	5.15e-01	2.09e-01	7.03e-03	3.94e-04	8.81e-06	1.24e-06	0.00e+00	0.00e+00	0.00e+00
 2.03407e+23	4.50e-12	1.65e-06	8.32e-05	5.60e-04	3.08e-02	2.52e-01	5.13e-01	1.97e-01	6.30e-03	3.47e-04	7.46e-06	1.04e-06	0.00e+00	0.00e+00	0.00e+00
 2.04950e+23	5.72e-12	1.96e-06	9.79e-05	6.49e-04	3.38e-02	2.63e-01	5.09e-01	1.87e-01	5.68e-03	3.09e-04	6.39e-06	8.79e-07	0.00e+00	0.00e+00	0.00e+00
 2.06695e+23	7.73e-12	2.43e-06	1.20e-04	7.80e-04	3.80e-02	2.77e-01	5.04e-01	1.74e-01	4.99e-03	2.66e-04	5.26e-06	7.14e-07	0.00e+00	0.00e+00	0.00e+00
 2.08506e+23	1.01e-11	2.94e-06	1.44e-04	9.19e-04	4.21e-02	2.90e-01	4.99e-01	1.64e-01	4.43e-03	2.33e-04	4.40e-06	5.92e-07	0.00e+00	0.00e+00	0.00e+00
 2.10132e+23	1.30e-11	3.51e-06	1.70e-04	1.07e-03	4.63e-02	3.01e-01	4.93e-01	1.54e-01	3.96e-03	2.05e-04	3.73e-06	4.97e-07	0.00e+00	0.00e+00	0.00e+00
 2.11975e+23	1.78e-11	4.39e-06	2.10e-04	1.29e-03	5.21e-02	3.16e-01	4.85e-01	1.42e-01	3.42e-03	1.74e-04	3.01e-06	3.97e-07	0.00e+00	0.00e+00	0.00e+00
 2.13879e+23	2.32e-11	5.32e-06	2.51e-04	1.52e-03	5.75e-02	3.29e-01	4.76e-01	1.32e-01	3.01e-03	1.51e-04	2.50e-06	3.27e-07	0.00e+00	0.00e+00	0.00e+00
 2.15863e+23	3.20e-11	6.75e-06	3.14e-04	1.86e-03	6.50e-02	3.45e-01	4.65e-01	1.20e-01	2.57e-03	1.26e-04	1.98e-06	2.56e-07	0.00e+00	0.00e+00	0.00e+00
 2.17869e+23	4.13e-11	8.19e-06	3.76e-04	2.19e-03	7.17e-02	3.57e-01	4.55e-01	1.11e-01	2.24e-03	1.09e-04	1.63e-06	2.09e-07	0.00e+00	0.00e+00	0.00e+00
 2.19630e+23	5.29e-11	9.88e-06	4.47e-04	2.55e-03	7.86e-02	3.69e-01	4.44e-01	1.03e-01	1.97e-03	9.44e-05	1.36e-06	1.72e-07	0.00e+00	0.00e+00	0.00e+00
 2.21647e+23	7.08e-11	1.25e-05	5.58e-04	3.13e-03	8.87e-02	3.84e-01	4.29e-01	9.27e-02	1.65e-03	7.77e-05	1.05e-06	1.32e-07	0.00e+00	0.00e+00	0.00e+00
 2.23687e+23	8.95e-11	1.51e-05	6.65e-04	3.67e-03	9.72e-02	3.96e-01	4.16e-01	8.51e-02	1.43e-03	6.67e-05	8.64e-07	0.00e+00	0.00e+00	0.00e+00	0.00e+00
 2.25758e+23	1.20e-10	1.92e-05	8.29e-04	4.46e-03	1.09e-01	4.09e-01	3.99e-01	7.62e-02	1.20e-03	5.49e-05	6.71e-07	0.00e+00	0.00e+00	0.00e+00	0.00e+00
 2.27866e+23	1.52e-10	2.33e-05	9.92e-04	5.23e-03	1.19e-01	4.19e-01	3.85e-01	6.93e-02	1.03e-03	4.65e-05	5.43e-07	0.00e+00	0.00e+00	0.00e+00	0.00e+00
 2.29742e+23	1.89e-10	2.82e-05	1.18e-03	6.14e-03	1.30e-01	4.29e-01	3.70e-01	6.28e-02	8.82e-04	3.94e-05	4.38e-07	0.00e+00	0.00e+00	0.00e+00	0.00e+00
 2.31898e+23	2.51e-10	3.60e-05	1.48e-03	7.49e-03	1.45e-01	4.40e-01	3.50e-01	5.52e-02	7.22e-04	3.17e-05	3.31e-07	0.00e+00	0.00e+00	0.00e+00	0.00e+00
 2.34082e+23	3.14e-10	4.38e-05	1.76e-03	8.77e-03	1.58e-01	4.47e-01	3.34e-01	4.96e-02	6.14e-04	2.66e-05	2.65e-07	0.00e+00	0.00e+00	0.00e+00	0.00e+00
 2.36300e+23	4.15e-10	5.61e-05	2.20e-03	1.07e-02	1.76e-01	4.55e-01	3.13e-01	4.30e-02	4.96e-04	2.12e-05	1.98e-07	0.00e+00	0.00e+00	0.00e+00	0.00e+00
 2.38549e+23	5.18e-10	6.83e-05	2.63e-03	1.25e-02	1.91e-01	4.59e-01	2.96e-01	3.83e-02	4.17e-04	1.76e-05	1.56e-07	0.00e+00	0.00e+00	0.00e+00	0.00e+00
 2.40837e+23	6.86e-10	8.79e-05	3.28e-03	1.52e-02	2.11e-01	4.63e-01	2.74e-01	3.28e-02	3.33e-04	1.38e-05	1.15e-07	0.00e+00	0.00e+00	0.00e+00	0.00e+00
 2.43080e+23	8.43e-10	1.06e-04	3.87e-03	1.76e-02	2.26e-01	4.65e-01	2.58e-01	2.91e-02	2.80e-04	1.14e-05	0.00e+00	0.00e+00	0.00e+00	0.00e+00	0.00e+00
 2.45265e+23	1.09e-09	1.34e-04	4.76e-03	2.11e-02	2.47e-01	4.64e-01	2.37e-01	2.49e-02	2.24e-04	8.98e-06	0.00e+00	0.00e+00	0.00e+00	0.00e+00	0.00e+00
 2.47378e+23	1.33e-09	1.59e-04	5.51e-03	2.39e-02	2.62e-01	4.62e-01	2.23e-01	2.22e-02	1.91e-04	7.56e-06	0.00e+00	0.00e+00	0.00e+00	0.00e+00	0.00e+00
 2.49397e+23	1.68e-09	1.98e-04	6.64e-03	2.81e-02	2.83e-01	4.58e-01	2.05e-01	1.90e-02	1.54e-04	5.99e-06	0.00e+00	0.00e+00	0.00e+00	0.00e+00	0.00e+00
 2.51409e+23	2.03e-09	2.34e-04	7.65e-03	3.17e-02	2.98e-01	4.54e-01	1.91e-01	1.68e-02	1.30e-04	5.01e-06	0.00e+00	0.00e+00	0.00e+00	0.00e+00	0.00e+00
 2.53412e+23	2.55e-09	2.88e-04	9.12e-03	3.67e-02	3.18e-01	4.46e-01	1.75e-01	1.44e-02	1.06e-04	3.99e-06	0.00e+00	0.00e+00	0.00e+00	0.00e+00	0.00e+00
 2.55491e+23	3.11e-09	3.45e-04	1.06e-02	4.19e-02	3.36e-01	4.38e-01	1.61e-01	1.25e-02	8.68e-05	3.24e-06	0.00e+00	0.00e+00	0.00e+00	0.00e+00	0.00e+00
 2.57358e+23	3.78e-09	4.10e-04	1.22e-02	4.70e-02	3.52e-01	4.29e-01	1.48e-01	1.09e-02	7.26e-05	2.67e-06	0.00e+00	0.00e+00	0.00e+00	0.00e+00	0.00e+00
 2.59475e+23	4.84e-09	5.10e-04	1.46e-02	5.45e-02	3.72e-01	4.16e-01	1.33e-01	9.08e-03	5.71e-05	2.06e-06	0.00e+00	0.00e+00	0.00e+00	0.00e+00	0.00e+00
 2.61621e+23	5.90e-09	6.09e-04	1.69e-02	6.12e-02	3.89e-01	4.04e-01	1.21e-01	7.81e-03	4.69e-05	1.66e-06	0.00e+00	0.00e+00	0.00e+00	0.00e+00	0.00e+00
 2.63805e+23	7.58e-09	7.59e-04	2.02e-02	7.06e-02	4.08e-01	3.88e-01	1.06e-01	6.42e-03	3.65e-05	1.26e-06	0.00e+00	0.00e+00	0.00e+00	0.00e+00	0.00e+00
 2.66024e+23	9.31e-09	9.10e-04	2.33e-02	7.91e-02	4.23e-01	3.73e-01	9.56e-02	5.43e-03	2.95e-05	1.00e-06	0.00e+00	0.00e+00	0.00e+00	0.00e+00	0.00e+00
 2.67807e+23	1.10e-08	1.05e-03	2.61e-02	8.66e-02	4.35e-01	3.60e-01	8.73e-02	4.72e-03	2.47e-05	8.28e-07	0.00e+00	0.00e+00	0.00e+00	0.00e+00	0.00e+00
 2.69643e+23	1.35e-08	1.26e-03	3.00e-02	9.64e-02	4.47e-01	3.43e-01	7.78e-02	3.97e-03	1.99e-05	6.54e-07	0.00e+00	0.00e+00	0.00e+00	0.00e+00	0.00e+00
 2.71523e+23	1.61e-08	1.46e-03	3.36e-02	1.05e-01	4.57e-01	3.29e-01	7.03e-02	3.41e-03	1.65e-05	5.32e-07	0.00e+00	0.00e+00	0.00e+00	0.00e+00	0.00e+00
 2.73197e+23	1.90e-08	1.69e-03	3.75e-02	1.14e-01	4.66e-01	3.14e-01	6.34e-02	2.94e-03	1.37e-05	4.35e-07	0.00e+00	0.00e+00	0.00e+00	0.00e+00	0.00e+00
 2.75111e+23	2.35e-08	2.03e-03	4.30e-02	1.26e-01	4.75e-01	2.96e-01	5.56e-02	2.42e-03	1.08e-05	3.36e-07	0.00e+00	0.00e+00	0.00e+00	0.00e+00	0.00e+00
 2.77048e+23	2.80e-08	2.35e-03	4.81e-02	1.37e-01	4.81e-01	2.80e-01	4.95e-02	2.05e-03	8.84e-06	2.69e-07	0.00e+00	0.00e+00	0.00e+00	0.00e+00	0.00e+00
 2.78745e+23	3.31e-08	2.72e-03	5.33e-02	1.48e-01	4.86e-01	2.65e-01	4.41e-02	1.74e-03	7.26e-06	2.17e-07	0.00e+00	0.00e+00	0.00e+00	0.00e+00	0.00e+00
 2.80681e+23	4.09e-08	3.24e-03	6.07e-02	1.62e-01	4.89e-01	2.46e-01	3.81e-02	1.41e-03	5.66e-06	1.65e-07	0.00e+00	0.00e+00	0.00e+00	0.00e+00	0.00e+00
 2.82648e+23	4.88e-08	3.76e-03	6.74e-02	1.74e-01	4.91e-01	2.30e-01	3.35e-02	1.18e-03	4.57e-06	1.30e-07	0.00e+00	0.00e+00	0.00e+00	0.00e+00	0.00e+00
 2.84380e+23	5.78e-08	4.32e-03	7.44e-02	1.86e-01	4.91e-01	2.15e-01	2.94e-02	9.90e-04	3.70e-06	0.00e+00	0.00e+00	0.00e+00	0.00e+00	0.00e+00	0.00e+00
 2.86355e+23	7.13e-08	5.14e-03	8.41e-02	2.01e-01	4.88e-01	1.96e-01	2.49e-02	7.90e-04	2.84e-06	0.00e+00	0.00e+00	0.00e+00	0.00e+00	0.00e+00	0.00e+00
 2.88366e+23	8.50e-08	5.94e-03	9.27e-02	2.14e-01	4.85e-01	1.81e-01	2.16e-02	6.50e-04	2.26e-06	0.00e+00	0.00e+00	0.00e+00	0.00e+00	0.00e+00	0.00e+00
 2.90144e+23	1.01e-07	6.82e-03	1.02e-01	2.26e-01	4.79e-01	1.67e-01	1.87e-02	5.36e-04	1.81e-06	0.00e+00	0.00e+00	0.00e+00	0.00e+00	0.00e+00	0.00e+00
 2.92179e+23	1.24e-07	8.09e-03	1.14e-01	2.42e-01	4.70e-01	1.50e-01	1.55e-02	4.19e-04	1.36e-06	0.00e+00	0.00e+00	0.00e+00	0.00e+00	0.00e+00	0.00e+00
 2.94251e+23	1.48e-07	9.32e-03	1.25e-01	2.55e-01	4.61e-01	1.36e-01	1.32e-02	3.38e-04	1.06e-06	0.00e+00	0.00e+00	0.00e+00	0.00e+00	0.00e+00	0.00e+00
 2.96091e+23	1.76e-07	1.07e-02	1.36e-01	2.67e-01	4.51e-01	1.24e-01	1.12e-02	2.74e-04	8.35e-07	0.00e+00	0.00e+00	0.00e+00	0.00e+00	0.00e+00	0.00e+00
 2.98200e+23	2.17e-07	1.26e-02	1.51e-01	2.82e-01	4.36e-01	1.09e-01	9.11e-03	2.09e-04	6.13e-07	0.00e+00	0.00e+00	0.00e+00	0.00e+00	0.00e+00	0.00e+00
 3.00354e+23	2.60e-07	1.45e-02	1.65e-01	2.94e-01	4.22e-01	9.72e-02	7.60e-03	1.65e-04	4.70e-07	0.00e+00	0.00e+00	0.00e+00	0.00e+00	0.00e+00	0.00e+00
 3.02271e+23	3.08e-07	1.66e-02	1.78e-01	3.05e-01	4.07e-01	8.67e-02	6.33e-03	1.31e-04	3.61e-07	0.00e+00	0.00e+00	0.00e+00	0.00e+00	0.00e+00	0.00e+00
 3.04470e+23	3.81e-07	1.95e-02	1.96e-01	3.18e-01	3.87e-01	7.47e-02	5.00e-03	9.73e-05	2.58e-07	0.00e+00	0.00e+00	0.00e+00	0.00e+00	0.00e+00	0.00e+00
 3.06707e+23	4.57e-07	2.25e-02	2.12e-01	3.27e-01	3.69e-01	6.54e-02	4.07e-03	7.50e-05	1.93e-07	0.00e+00	0.00e+00	0.00e+00	0.00e+00	0.00e+00	0.00e+00
 3.08134e+23	4.97e-07	2.40e-02	2.19e-01	3.30e-01	3.61e-01	6.16e-02	3.71e-03	6.67e-05	1.69e-07	0.00e+00	0.00e+00	0.00e+00	0.00e+00	0.00e+00	0.00e+00
