#depth	Cl	Cl+	Cl+2	Cl+3	Cl+4	Cl+5	Cl+6	Cl+7	Cl+8	Cl+9	Cl+10	Cl+11	Cl+12	Cl+13	Cl+14	Cl+15	Cl+16	Cl+17
 1.54284e+22	0.00e+00	1.15e-26	7.39e-23	1.45e-19	7.17e-17	2.15e-14	5.52e-12	3.96e-09	3.28e-07	1.12e-05	1.69e-04	1.55e-03	7.57e-03	2.15e-02	6.88e-02	4.30e-01	3.68e-01	1.02e-01
 3.54532e+22	0.00e+00	1.37e-24	6.12e-21	8.28e-18	2.66e-15	5.15e-13	8.34e-11	5.48e-08	3.79e-06	1.02e-04	1.14e-03	7.65e-03	2.63e-02	5.00e-02	1.08e-01	4.74e-01	2.79e-01	5.34e-02
 4.23479e+22	0.00e+00	1.74e-23	6.28e-20	6.75e-17	1.67e-14	2.48e-12	3.09e-10	2.06e-07	1.33e-05	3.17e-04	3.02e-03	1.71e-02	4.83e-02	7.41e-02	1.29e-01	4.69e-01	2.24e-01	3.50e-02
 4.57952e+22	0.00e+00	6.80e-23	2.17e-19	2.04e-16	4.35e-14	5.50e-12	5.91e-10	4.07e-07	2.54e-05	5.73e-04	5.00e-03	2.58e-02	6.55e-02	8.94e-02	1.38e-01	4.55e-01	1.94e-01	2.71e-02
 4.72316e+22	0.00e+00	9.76e-23	3.01e-19	2.73e-16	5.57e-14	6.76e-12	6.97e-10	4.85e-07	3.01e-05	6.69e-04	5.70e-03	2.86e-02	7.08e-02	9.36e-02	1.40e-01	4.49e-01	1.86e-01	2.53e-02
 4.77549e+22	0.00e+00	1.30e-22	3.92e-19	3.44e-16	6.80e-14	7.97e-12	7.95e-10	5.59e-07	3.45e-05	7.57e-04	6.33e-03	3.11e-02	7.53e-02	9.71e-02	1.41e-01	4.44e-01	1.80e-01	2.38e-02
 4.82226e+22	0.00e+00	1.73e-22	5.07e-19	4.32e-16	8.26e-14	9.35e-12	9.03e-10	6.41e-07	3.94e-05	8.53e-04	7.01e-03	3.38e-02	7.99e-02	1.00e-01	1.43e-01	4.39e-01	1.74e-01	2.25e-02
 4.87558e+22	0.00e+00	2.52e-22	7.12e-19	5.81e-16	1.06e-13	1.15e-11	1.06e-09	7.65e-07	4.68e-05	9.98e-04	8.00e-03	3.75e-02	8.62e-02	1.05e-01	1.44e-01	4.32e-01	1.65e-01	2.08e-02
 4.92872e+22	0.00e+00	3.39e-22	9.29e-19	7.34e-16	1.30e-13	1.35e-11	1.21e-09	8.79e-07	5.35e-05	1.13e-03	8.87e-03	4.07e-02	9.15e-02	1.09e-01	1.45e-01	4.26e-01	1.59e-01	1.95e-02
 4.98166e+22	0.00e+00	5.04e-22	1.33e-18	1.00e-15	1.68e-13	1.66e-11	1.42e-09	1.05e-06	6.40e-05	1.33e-03	1.02e-02	4.54e-02	9.88e-02	1.13e-01	1.46e-01	4.16e-01	1.50e-01	1.78e-02
 5.03395e+22	0.00e+00	6.65e-22	1.70e-18	1.25e-15	2.03e-13	1.94e-11	1.60e-09	1.20e-06	7.25e-05	1.49e-03	1.12e-02	4.89e-02	1.04e-01	1.17e-01	1.47e-01	4.10e-01	1.44e-01	1.67e-02
 5.08539e+22	0.00e+00	9.75e-22	2.40e-18	1.68e-15	2.60e-13	2.37e-11	1.86e-09	1.43e-06	8.59e-05	1.74e-03	1.27e-02	5.41e-02	1.12e-01	1.21e-01	1.47e-01	4.00e-01	1.36e-01	1.53e-02
 5.13780e+22	0.00e+00	1.32e-21	3.16e-18	2.13e-15	3.18e-13	2.78e-11	2.11e-09	1.64e-06	9.82e-05	1.96e-03	1.41e-02	5.85e-02	1.18e-01	1.25e-01	1.47e-01	3.91e-01	1.30e-01	1.42e-02
 5.18366e+22	0.00e+00	1.78e-21	4.12e-18	2.69e-15	3.86e-13	3.24e-11	2.37e-09	1.87e-06	1.12e-04	2.20e-03	1.55e-02	6.31e-02	1.24e-01	1.28e-01	1.47e-01	3.82e-01	1.24e-01	1.32e-02
 5.23546e+22	0.00e+00	2.62e-21	5.82e-18	3.62e-15	4.95e-13	3.94e-11	2.76e-09	2.22e-06	1.32e-04	2.56e-03	1.76e-02	6.95e-02	1.33e-01	1.32e-01	1.47e-01	3.71e-01	1.16e-01	1.20e-02
 5.28749e+22	0.00e+00	3.55e-21	7.63e-18	4.58e-15	6.01e-13	4.60e-11	3.10e-09	2.53e-06	1.50e-04	2.88e-03	1.94e-02	7.47e-02	1.40e-01	1.35e-01	1.46e-01	3.61e-01	1.10e-01	1.11e-02
 5.33984e+22	0.00e+00	5.25e-21	1.08e-17	6.20e-15	7.73e-13	5.60e-11	3.60e-09	2.99e-06	1.77e-04	3.35e-03	2.19e-02	8.20e-02	1.48e-01	1.39e-01	1.45e-01	3.48e-01	1.02e-01	9.95e-03
 5.39308e+22	0.00e+00	7.19e-21	1.43e-17	7.89e-15	9.44e-13	6.55e-11	4.05e-09	3.42e-06	2.01e-04	3.77e-03	2.41e-02	8.81e-02	1.56e-01	1.42e-01	1.44e-01	3.37e-01	9.65e-02	9.12e-03
 5.44748e+22	0.00e+00	1.08e-20	2.07e-17	1.08e-14	1.22e-12	8.01e-11	4.71e-09	4.05e-06	2.38e-04	4.38e-03	2.73e-02	9.66e-02	1.65e-01	1.45e-01	1.42e-01	3.22e-01	8.90e-02	8.11e-03
 5.50204e+22	3.08e-32	1.49e-20	2.74e-17	1.37e-14	1.49e-12	9.35e-11	5.28e-09	4.61e-06	2.70e-04	4.91e-03	2.99e-02	1.03e-01	1.72e-01	1.47e-01	1.40e-01	3.11e-01	8.34e-02	7.40e-03
 5.55679e+22	4.75e-32	2.24e-20	3.95e-17	1.88e-14	1.93e-12	1.14e-10	6.13e-09	5.44e-06	3.17e-04	5.68e-03	3.37e-02	1.13e-01	1.82e-01	1.50e-01	1.37e-01	2.96e-01	7.64e-02	6.53e-03
 5.61019e+22	6.48e-32	3.00e-20	5.12e-17	2.34e-14	2.32e-12	1.32e-10	6.81e-09	6.11e-06	3.55e-04	6.28e-03	3.65e-02	1.19e-01	1.88e-01	1.52e-01	1.35e-01	2.85e-01	7.17e-02	5.97e-03
 5.66182e+22	9.68e-32	4.38e-20	7.16e-17	3.12e-14	2.93e-12	1.58e-10	7.80e-09	7.08e-06	4.09e-04	7.15e-03	4.05e-02	1.28e-01	1.97e-01	1.53e-01	1.32e-01	2.70e-01	6.57e-02	5.29e-03
 5.71448e+22	1.34e-31	5.94e-20	9.39e-17	3.93e-14	3.55e-12	1.83e-10	8.70e-09	7.95e-06	4.58e-04	7.91e-03	4.39e-02	1.36e-01	2.03e-01	1.54e-01	1.29e-01	2.59e-01	6.12e-02	4.79e-03
 5.76848e+22	2.02e-31	8.75e-20	1.33e-16	5.27e-14	4.51e-12	2.20e-10	9.99e-09	9.20e-06	5.27e-04	8.98e-03	4.86e-02	1.46e-01	2.11e-01	1.55e-01	1.26e-01	2.44e-01	5.56e-02	4.20e-03
 5.82328e+22	2.78e-31	1.18e-19	1.73e-16	6.62e-14	5.45e-12	2.55e-10	1.11e-08	1.03e-05	5.87e-04	9.90e-03	5.25e-02	1.53e-01	2.17e-01	1.55e-01	1.23e-01	2.33e-01	5.16e-02	3.79e-03
 5.87913e+22	4.24e-31	1.76e-19	2.46e-16	8.92e-14	6.96e-12	3.08e-10	1.28e-08	1.19e-05	6.73e-04	1.12e-02	5.78e-02	1.64e-01	2.25e-01	1.55e-01	1.19e-01	2.18e-01	4.66e-02	3.30e-03
 5.93581e+22	5.82e-31	2.36e-19	3.20e-16	1.12e-13	8.39e-12	3.57e-10	1.43e-08	1.32e-05	7.45e-04	1.23e-02	6.20e-02	1.71e-01	2.30e-01	1.55e-01	1.15e-01	2.07e-01	4.30e-02	2.96e-03
 5.99358e+22	8.82e-31	3.48e-19	4.52e-16	1.50e-13	1.07e-11	4.31e-10	1.65e-08	1.52e-05	8.49e-04	1.38e-02	6.79e-02	1.82e-01	2.36e-01	1.54e-01	1.11e-01	1.93e-01	3.86e-02	2.57e-03
 6.05300e+22	1.23e-30	4.73e-19	5.94e-16	1.89e-13	1.30e-11	5.02e-10	1.85e-08	1.69e-05	9.39e-04	1.51e-02	7.28e-02	1.90e-01	2.41e-01	1.53e-01	1.07e-01	1.83e-01	3.54e-02	2.28e-03
 6.11458e+22	1.87e-30	7.02e-19	8.44e-16	2.55e-13	1.66e-11	6.09e-10	2.14e-08	1.93e-05	1.07e-03	1.68e-02	7.93e-02	2.00e-01	2.46e-01	1.51e-01	1.02e-01	1.69e-01	3.16e-02	1.96e-03
 6.17720e+22	2.61e-30	9.54e-19	1.11e-15	3.22e-13	2.02e-11	7.10e-10	2.40e-08	2.15e-05	1.17e-03	1.84e-02	8.47e-02	2.08e-01	2.50e-01	1.49e-01	9.85e-02	1.59e-01	2.88e-02	1.74e-03
 6.24117e+22	3.97e-30	1.41e-18	1.57e-15	4.34e-13	2.59e-11	8.62e-10	2.79e-08	2.45e-05	1.33e-03	2.04e-02	9.18e-02	2.18e-01	2.54e-01	1.47e-01	9.36e-02	1.47e-01	2.55e-02	1.48e-03
 6.30559e+22	5.48e-30	1.90e-18	2.05e-15	5.45e-13	3.13e-11	1.00e-09	3.13e-08	2.70e-05	1.45e-03	2.21e-02	9.74e-02	2.26e-01	2.57e-01	1.45e-01	8.98e-02	1.37e-01	2.33e-02	1.31e-03
 6.37060e+22	8.30e-30	2.79e-18	2.89e-15	7.30e-13	3.99e-11	1.22e-09	3.62e-08	3.06e-05	1.63e-03	2.44e-02	1.05e-01	2.35e-01	2.59e-01	1.41e-01	8.50e-02	1.26e-01	2.05e-02	1.11e-03
 6.43683e+22	1.14e-29	3.73e-18	3.75e-15	9.13e-13	4.81e-11	1.41e-09	4.07e-08	3.37e-05	1.78e-03	2.63e-02	1.11e-01	2.42e-01	2.61e-01	1.39e-01	8.14e-02	1.18e-01	1.87e-02	9.83e-04
 6.49462e+22	1.54e-29	4.92e-18	4.81e-15	1.13e-12	5.76e-11	1.63e-09	4.54e-08	3.69e-05	1.93e-03	2.82e-02	1.17e-01	2.49e-01	2.62e-01	1.36e-01	7.79e-02	1.11e-01	1.70e-02	8.70e-04
 6.55970e+22	2.29e-29	7.06e-18	6.63e-15	1.49e-12	7.26e-11	1.96e-09	5.23e-08	4.14e-05	2.14e-03	3.09e-02	1.24e-01	2.57e-01	2.63e-01	1.32e-01	7.35e-02	1.01e-01	1.50e-02	7.40e-04
 6.62460e+22	3.04e-29	9.15e-18	8.37e-15	1.82e-12	8.59e-11	2.24e-09	5.81e-08	4.51e-05	2.30e-03	3.29e-02	1.30e-01	2.63e-01	2.63e-01	1.29e-01	7.04e-02	9.49e-02	1.37e-02	6.58e-04
 6.68929e+22	4.42e-29	1.29e-17	1.14e-14	2.37e-12	1.07e-10	2.68e-09	6.67e-08	5.03e-05	2.53e-03	3.57e-02	1.38e-01	2.70e-01	2.63e-01	1.25e-01	6.63e-02	8.70e-02	1.21e-02	5.62e-04
 6.75557e+22	5.94e-29	1.68e-17	1.44e-14	2.91e-12	1.28e-10	3.08e-09	7.44e-08	5.49e-05	2.73e-03	3.80e-02	1.44e-01	2.76e-01	2.62e-01	1.22e-01	6.32e-02	8.12e-02	1.10e-02	4.95e-04
 6.81411e+22	7.89e-29	2.17e-17	1.82e-14	3.55e-12	1.51e-10	3.53e-09	8.27e-08	5.96e-05	2.93e-03	4.03e-02	1.50e-01	2.81e-01	2.61e-01	1.19e-01	6.02e-02	7.58e-02	9.96e-03	4.38e-04
 6.88039e+22	1.14e-28	3.04e-17	2.45e-14	4.59e-12	1.87e-10	4.20e-09	9.47e-08	6.61e-05	3.21e-03	4.35e-02	1.59e-01	2.87e-01	2.59e-01	1.14e-01	5.65e-02	6.91e-02	8.77e-03	3.72e-04
 6.94655e+22	1.49e-28	3.85e-17	3.04e-14	5.53e-12	2.20e-10	4.78e-09	1.05e-07	7.15e-05	3.43e-03	4.59e-02	1.64e-01	2.91e-01	2.57e-01	1.11e-01	5.39e-02	6.47e-02	8.00e-03	3.31e-04
 7.01253e+22	2.13e-28	5.31e-17	4.05e-14	7.08e-12	2.71e-10	5.66e-09	1.20e-07	7.91e-05	3.73e-03	4.92e-02	1.73e-01	2.96e-01	2.55e-01	1.07e-01	5.06e-02	5.90e-02	7.05e-03	2.82e-04
 7.07981e+22	2.79e-28	6.76e-17	5.03e-14	8.55e-12	3.18e-10	6.46e-09	1.33e-07	8.56e-05	3.99e-03	5.19e-02	1.79e-01	2.99e-01	2.53e-01	1.04e-01	4.81e-02	5.50e-02	6.40e-03	2.49e-04
 7.14877e+22	4.00e-28	9.31e-17	6.72e-14	1.10e-11	3.93e-10	7.66e-09	1.52e-07	9.47e-05	4.34e-03	5.56e-02	1.87e-01	3.04e-01	2.49e-01	9.93e-02	4.49e-02	5.00e-02	5.61e-03	2.11e-04
 7.21905e+22	5.27e-28	1.19e-16	8.37e-14	1.33e-11	4.62e-10	8.76e-09	1.69e-07	1.03e-04	4.63e-03	5.86e-02	1.94e-01	3.07e-01	2.46e-01	9.59e-02	4.25e-02	4.64e-02	5.07e-03	1.86e-04
 7.29103e+22	3.26e-29	1.64e-16	1.12e-13	1.71e-11	5.73e-10	1.04e-08	1.94e-07	1.14e-04	5.04e-03	6.27e-02	2.02e-01	3.10e-01	2.42e-01	9.15e-02	3.96e-02	4.20e-02	4.43e-03	1.56e-04
 7.36436e+22	3.55e-29	2.10e-16	1.40e-13	2.07e-11	6.75e-10	1.19e-08	2.16e-07	1.23e-04	5.38e-03	6.60e-02	2.09e-01	3.13e-01	2.39e-01	8.82e-02	3.74e-02	3.89e-02	3.98e-03	1.37e-04
 7.43944e+22	5.18e-29	2.90e-16	1.87e-13	2.66e-11	8.38e-10	1.43e-08	2.48e-07	1.37e-04	5.86e-03	7.04e-02	2.18e-01	3.15e-01	2.34e-01	8.38e-02	3.46e-02	3.50e-02	3.46e-03	1.15e-04
 7.51284e+22	6.74e-29	3.61e-16	2.28e-13	3.17e-11	9.72e-10	1.61e-08	2.74e-07	1.47e-04	6.21e-03	7.37e-02	2.24e-01	3.17e-01	2.30e-01	8.08e-02	3.29e-02	3.26e-02	3.14e-03	1.02e-04
 7.58404e+22	9.70e-29	4.89e-16	3.00e-13	4.02e-11	1.19e-09	1.90e-08	3.12e-07	1.62e-04	6.71e-03	7.82e-02	2.32e-01	3.18e-01	2.25e-01	7.68e-02	3.05e-02	2.95e-02	2.74e-03	8.56e-05
 7.65636e+22	1.27e-28	6.08e-16	3.65e-13	4.78e-11	1.38e-09	2.16e-08	3.45e-07	1.75e-04	7.12e-03	8.17e-02	2.38e-01	3.19e-01	2.21e-01	7.39e-02	2.88e-02	2.73e-02	2.48e-03	7.56e-05
 7.73015e+22	1.81e-28	8.17e-16	4.77e-13	6.03e-11	1.69e-09	2.54e-08	3.93e-07	1.93e-04	7.69e-03	8.66e-02	2.46e-01	3.20e-01	2.16e-01	7.01e-02	2.67e-02	2.47e-02	2.17e-03	6.38e-05
 7.80624e+22	2.43e-28	1.04e-15	5.92e-13	7.28e-11	1.99e-09	2.91e-08	4.38e-07	2.09e-04	8.18e-03	9.06e-02	2.53e-01	3.20e-01	2.11e-01	6.71e-02	2.51e-02	2.27e-02	1.94e-03	5.55e-05
 7.88532e+22	3.49e-28	1.40e-15	7.75e-13	9.22e-11	2.43e-09	3.44e-08	5.02e-07	2.31e-04	8.84e-03	9.59e-02	2.61e-01	3.20e-01	2.05e-01	6.33e-02	2.32e-02	2.04e-02	1.68e-03	4.66e-05
 7.96701e+22	4.81e-28	1.80e-15	9.74e-13	1.13e-10	2.89e-09	3.97e-08	5.63e-07	2.51e-04	9.44e-03	1.01e-01	2.68e-01	3.20e-01	2.00e-01	6.03e-02	2.16e-02	1.86e-02	1.49e-03	4.01e-05
 8.05208e+22	7.02e-28	2.44e-15	1.29e-12	1.44e-10	3.57e-09	4.73e-08	6.48e-07	2.79e-04	1.02e-02	1.07e-01	2.76e-01	3.19e-01	1.94e-01	5.66e-02	1.98e-02	1.66e-02	1.28e-03	3.33e-05
 8.13948e+22	9.84e-28	3.17e-15	1.63e-12	1.77e-10	4.27e-09	5.49e-08	7.30e-07	3.05e-04	1.09e-02	1.12e-01	2.83e-01	3.18e-01	1.88e-01	5.36e-02	1.84e-02	1.51e-02	1.13e-03	2.84e-05
 8.22991e+22	1.46e-27	4.35e-15	2.17e-12	2.28e-10	5.31e-09	6.59e-08	8.46e-07	3.40e-04	1.19e-02	1.18e-01	2.91e-01	3.16e-01	1.81e-01	5.01e-02	1.68e-02	1.34e-02	9.64e-04	2.33e-05
 8.32334e+22	2.09e-27	5.69e-15	2.78e-12	2.82e-10	6.40e-09	7.70e-08	9.59e-07	3.73e-04	1.27e-02	1.24e-01	2.98e-01	3.13e-01	1.75e-01	4.72e-02	1.55e-02	1.21e-02	8.41e-04	1.97e-05
 8.42066e+22	3.17e-27	7.92e-15	3.75e-12	3.68e-10	8.05e-09	9.32e-08	1.12e-06	4.19e-04	1.39e-02	1.32e-01	3.07e-01	3.10e-01	1.68e-01	4.37e-02	1.40e-02	1.06e-02	7.09e-04	1.60e-05
 8.52070e+22	4.62e-27	1.05e-14	4.83e-12	4.60e-10	9.77e-09	1.10e-07	1.28e-06	4.61e-04	1.49e-02	1.38e-01	3.14e-01	3.07e-01	1.62e-01	4.10e-02	1.28e-02	9.47e-03	6.13e-04	1.34e-05
 8.61047e+22	6.50e-27	1.36e-14	6.14e-12	5.68e-10	1.17e-08	1.28e-07	1.44e-06	5.05e-04	1.59e-02	1.44e-01	3.20e-01	3.04e-01	1.56e-01	3.85e-02	1.18e-02	8.52e-03	5.34e-04	1.13e-05
 8.71336e+22	1.03e-26	1.93e-14	8.46e-12	7.53e-10	1.50e-08	1.56e-07	1.70e-06	5.70e-04	1.74e-02	1.53e-01	3.28e-01	2.99e-01	1.48e-01	3.53e-02	1.06e-02	7.37e-03	4.42e-04	8.94e-06
 8.81716e+22	1.46e-26	2.51e-14	1.07e-11	9.30e-10	1.80e-08	1.82e-07	1.93e-06	6.25e-04	1.86e-02	1.60e-01	3.34e-01	2.95e-01	1.42e-01	3.30e-02	9.69e-03	6.60e-03	3.84e-04	7.52e-06
 8.92213e+22	2.29e-26	3.55e-14	1.47e-11	1.23e-09	2.28e-08	2.23e-07	2.26e-06	7.03e-04	2.03e-02	1.69e-01	3.41e-01	2.90e-01	1.35e-01	3.02e-02	8.63e-03	5.70e-03	3.17e-04	5.95e-06
 9.02933e+22	3.36e-26	4.70e-14	1.90e-11	1.54e-09	2.77e-08	2.62e-07	2.58e-06	7.75e-04	2.17e-02	1.77e-01	3.47e-01	2.85e-01	1.29e-01	2.80e-02	7.85e-03	5.05e-03	2.71e-04	4.92e-06
 9.13941e+22	5.34e-26	6.71e-14	2.63e-11	2.04e-09	3.55e-08	3.22e-07	3.05e-06	8.75e-04	2.37e-02	1.86e-01	3.53e-01	2.78e-01	1.21e-01	2.54e-02	6.94e-03	4.32e-03	2.22e-04	3.85e-06
 9.25128e+22	7.87e-26	8.95e-14	3.41e-11	2.57e-09	4.34e-08	3.81e-07	3.49e-06	9.65e-04	2.54e-02	1.95e-01	3.58e-01	2.72e-01	1.15e-01	2.35e-02	6.27e-03	3.80e-03	1.88e-04	3.14e-06
 9.36547e+22	1.28e-25	1.30e-13	4.78e-11	3.46e-09	5.61e-08	4.73e-07	4.16e-06	1.09e-03	2.77e-02	2.05e-01	3.64e-01	2.64e-01	1.07e-01	2.11e-02	5.49e-03	3.21e-03	1.51e-04	2.41e-06
 9.48019e+22	1.86e-25	1.72e-13	6.19e-11	4.34e-09	6.83e-08	5.57e-07	4.75e-06	1.21e-03	2.97e-02	2.14e-01	3.68e-01	2.58e-01	1.02e-01	1.94e-02	4.95e-03	2.82e-03	1.28e-04	1.97e-06
 9.57517e+22	2.60e-25	2.22e-13	7.81e-11	5.32e-09	8.15e-08	6.46e-07	5.36e-06	1.31e-03	3.15e-02	2.22e-01	3.72e-01	2.52e-01	9.68e-02	1.80e-02	4.50e-03	2.50e-03	1.10e-04	1.63e-06
 9.67818e+22	4.01e-25	3.11e-13	1.06e-10	6.93e-09	1.03e-07	7.84e-07	6.26e-06	1.47e-03	3.40e-02	2.32e-01	3.76e-01	2.44e-01	9.05e-02	1.62e-02	3.97e-03	2.13e-03	8.96e-05	1.27e-06
 9.78117e+22	5.57e-25	3.99e-13	1.33e-10	8.47e-09	1.22e-07	9.08e-07	7.05e-06	1.60e-03	3.61e-02	2.40e-01	3.78e-01	2.38e-01	8.58e-02	1.50e-02	3.60e-03	1.89e-03	7.67e-05	1.05e-06
 9.88412e+22	8.53e-25	5.56e-13	1.79e-10	1.10e-08	1.54e-07	1.10e-06	8.25e-06	1.79e-03	3.89e-02	2.51e-01	3.81e-01	2.29e-01	7.99e-02	1.35e-02	3.17e-03	1.60e-03	6.22e-05	8.18e-07
 9.98837e+22	1.19e-24	7.19e-13	2.27e-10	1.35e-08	1.84e-07	1.28e-06	9.32e-06	1.95e-03	4.13e-02	2.59e-01	3.83e-01	2.22e-01	7.54e-02	1.24e-02	2.86e-03	1.41e-03	5.28e-05	6.71e-07
 1.00943e+23	1.84e-24	1.01e-12	3.08e-10	1.77e-08	2.33e-07	1.56e-06	1.10e-05	2.19e-03	4.46e-02	2.70e-01	3.85e-01	2.13e-01	6.97e-02	1.10e-02	2.49e-03	1.18e-03	4.23e-05	5.12e-07
 1.02016e+23	2.58e-24	1.31e-12	3.91e-10	2.18e-08	2.80e-07	1.82e-06	1.24e-05	2.39e-03	4.73e-02	2.79e-01	3.86e-01	2.06e-01	6.55e-02	1.01e-02	2.23e-03	1.03e-03	3.56e-05	4.15e-07
 1.03105e+23	3.98e-24	1.85e-12	5.34e-10	2.87e-08	3.56e-07	2.23e-06	1.47e-05	2.69e-03	5.11e-02	2.91e-01	3.87e-01	1.97e-01	6.01e-02	8.91e-03	1.93e-03	8.58e-04	2.82e-05	3.13e-07
 1.04216e+23	5.65e-24	2.43e-12	6.84e-10	3.57e-08	4.31e-07	2.63e-06	1.68e-05	2.95e-03	5.44e-02	3.00e-01	3.87e-01	1.89e-01	5.60e-02	8.05e-03	1.71e-03	7.39e-04	2.33e-05	2.49e-07
 1.05355e+23	8.82e-24	3.46e-12	9.42e-10	4.73e-08	5.54e-07	3.25e-06	2.00e-05	3.34e-03	5.89e-02	3.13e-01	3.86e-01	1.79e-01	5.09e-02	7.03e-03	1.46e-03	6.05e-04	1.81e-05	1.83e-07
 1.06517e+23	1.26e-23	4.58e-12	1.22e-09	5.93e-08	6.77e-07	3.86e-06	2.31e-05	3.68e-03	6.28e-02	3.23e-01	3.85e-01	1.70e-01	4.70e-02	6.29e-03	1.29e-03	5.14e-04	1.47e-05	1.43e-07
 1.07709e+23	1.99e-23	6.56e-12	1.69e-09	7.93e-08	8.78e-07	4.83e-06	2.78e-05	4.19e-03	6.82e-02	3.36e-01	3.82e-01	1.60e-01	4.23e-02	5.42e-03	1.08e-03	4.14e-04	1.12e-05	0.00e+00
 1.08912e+23	2.84e-23	8.66e-12	2.17e-09	9.95e-08	1.08e-06	5.75e-06	3.22e-05	4.63e-03	7.27e-02	3.47e-01	3.79e-01	1.52e-01	3.88e-02	4.81e-03	9.45e-04	3.48e-04	9.02e-06	0.00e+00
 1.09920e+23	3.89e-23	1.11e-11	2.72e-09	1.22e-07	1.29e-06	6.74e-06	3.68e-05	5.08e-03	7.70e-02	3.56e-01	3.76e-01	1.44e-01	3.58e-02	4.30e-03	8.33e-04	2.97e-04	7.38e-06	0.00e+00
 1.11013e+23	5.76e-23	1.51e-11	3.62e-09	1.57e-07	1.63e-06	8.25e-06	4.37e-05	5.72e-03	8.29e-02	3.68e-01	3.72e-01	1.35e-01	3.21e-02	3.72e-03	7.06e-04	2.41e-04	5.69e-06	0.00e+00
 1.12117e+23	7.89e-23	1.93e-11	4.53e-09	1.93e-07	1.97e-06	9.70e-06	5.02e-05	6.28e-03	8.79e-02	3.78e-01	3.67e-01	1.27e-01	2.94e-02	3.30e-03	6.17e-04	2.04e-04	4.60e-06	0.00e+00
 1.13195e+23	1.13e-22	2.55e-11	5.88e-09	2.45e-07	2.45e-06	1.18e-05	5.92e-05	7.04e-03	9.42e-02	3.89e-01	3.61e-01	1.19e-01	2.64e-02	2.86e-03	5.25e-04	1.66e-04	3.56e-06	0.00e+00
 1.14295e+23	1.55e-22	3.25e-11	7.36e-09	3.01e-07	2.96e-06	1.39e-05	6.85e-05	7.77e-03	1.00e-01	3.98e-01	3.55e-01	1.11e-01	2.40e-02	2.51e-03	4.54e-04	1.38e-04	2.84e-06	0.00e+00
 1.15374e+23	2.14e-22	4.20e-11	9.35e-09	3.76e-07	3.65e-06	1.67e-05	8.04e-05	8.66e-03	1.07e-01	4.08e-01	3.48e-01	1.04e-01	2.15e-02	2.17e-03	3.86e-04	1.13e-04	2.20e-06	0.00e+00
 1.16475e+23	2.91e-22	5.31e-11	1.17e-08	4.62e-07	4.43e-06	1.99e-05	9.36e-05	9.60e-03	1.14e-01	4.18e-01	3.41e-01	9.65e-02	1.93e-02	1.89e-03	3.30e-04	9.28e-05	1.73e-06	0.00e+00
 1.17565e+23	3.95e-22	6.70e-11	1.46e-08	5.70e-07	5.41e-06	2.37e-05	1.09e-04	1.07e-02	1.21e-01	4.27e-01	3.33e-01	8.94e-02	1.73e-02	1.63e-03	2.81e-04	7.57e-05	1.34e-06	0.00e+00
 1.18660e+23	5.28e-22	8.34e-11	1.80e-08	6.96e-07	6.55e-06	2.82e-05	1.28e-04	1.18e-02	1.28e-01	4.35e-01	3.24e-01	8.28e-02	1.55e-02	1.41e-03	2.39e-04	6.19e-05	1.05e-06	0.00e+00
 1.19743e+23	7.00e-22	1.03e-10	2.21e-08	8.47e-07	7.91e-06	3.34e-05	1.48e-04	1.31e-02	1.36e-01	4.43e-01	3.15e-01	7.65e-02	1.38e-02	1.21e-03	2.03e-04	5.05e-05	8.14e-07	0.00e+00
 1.20824e+23	9.19e-22	1.26e-10	2.69e-08	1.03e-06	9.51e-06	3.95e-05	1.73e-04	1.45e-02	1.44e-01	4.51e-01	3.06e-01	7.06e-02	1.23e-02	1.04e-03	1.72e-04	4.12e-05	6.33e-07	0.00e+00
 1.21907e+23	1.20e-21	1.52e-10	3.26e-08	1.24e-06	1.14e-05	4.66e-05	2.01e-04	1.60e-02	1.53e-01	4.57e-01	2.97e-01	6.50e-02	1.09e-02	8.99e-04	1.46e-04	3.36e-05	4.91e-07	0.00e+00
 1.22994e+23	1.55e-21	1.83e-10	3.93e-08	1.49e-06	1.37e-05	5.49e-05	2.33e-04	1.77e-02	1.62e-01	4.63e-01	2.87e-01	5.97e-02	9.72e-03	7.72e-04	1.24e-04	2.73e-05	3.81e-07	0.00e+00
 1.24087e+23	1.99e-21	2.19e-10	4.72e-08	1.78e-06	1.63e-05	6.47e-05	2.71e-04	1.96e-02	1.71e-01	4.69e-01	2.76e-01	5.47e-02	8.62e-03	6.62e-04	1.05e-04	2.22e-05	2.94e-07	0.00e+00
 1.25191e+23	2.55e-21	2.60e-10	5.64e-08	2.13e-06	1.95e-05	7.60e-05	3.14e-04	2.16e-02	1.80e-01	4.73e-01	2.66e-01	5.01e-02	7.63e-03	5.66e-04	8.81e-05	1.79e-05	2.27e-07	0.00e+00
 1.26307e+23	3.25e-21	3.07e-10	6.72e-08	2.54e-06	2.32e-05	8.93e-05	3.65e-04	2.39e-02	1.90e-01	4.77e-01	2.56e-01	4.57e-02	6.73e-03	4.83e-04	7.41e-05	1.45e-05	1.75e-07	0.00e+00
 1.27429e+23	4.10e-21	3.59e-10	7.98e-08	3.02e-06	2.76e-05	1.05e-04	4.23e-04	2.63e-02	2.00e-01	4.80e-01	2.45e-01	4.16e-02	5.94e-03	4.13e-04	6.24e-05	1.17e-05	1.34e-07	0.00e+00
 1.28570e+23	5.20e-21	4.20e-10	9.47e-08	3.59e-06	3.28e-05	1.23e-04	4.92e-04	2.90e-02	2.10e-01	4.82e-01	2.34e-01	3.78e-02	5.22e-03	3.50e-04	5.21e-05	9.40e-06	0.00e+00	0.00e+00
 1.29724e+23	6.53e-21	4.88e-10	1.12e-07	4.25e-06	3.88e-05	1.43e-04	5.70e-04	3.19e-02	2.21e-01	4.84e-01	2.23e-01	3.43e-02	4.59e-03	2.98e-04	4.37e-05	7.57e-06	0.00e+00	0.00e+00
 1.30900e+23	8.25e-21	5.67e-10	1.33e-07	5.06e-06	4.62e-05	1.68e-04	6.63e-04	3.52e-02	2.32e-01	4.84e-01	2.12e-01	3.10e-02	4.01e-03	2.52e-04	3.63e-05	6.03e-06	0.00e+00	0.00e+00
 1.32098e+23	1.04e-20	6.54e-10	1.56e-07	5.98e-06	5.46e-05	1.97e-04	7.68e-04	3.88e-02	2.43e-01	4.83e-01	2.02e-01	2.80e-02	3.51e-03	2.13e-04	3.03e-05	4.83e-06	0.00e+00	0.00e+00
 1.33197e+23	1.25e-20	7.37e-10	1.80e-07	6.88e-06	6.28e-05	2.24e-04	8.69e-04	4.20e-02	2.53e-01	4.82e-01	1.93e-01	2.56e-02	3.13e-03	1.85e-04	2.59e-05	4.00e-06	0.00e+00	0.00e+00
 1.34344e+23	1.58e-20	8.51e-10	2.13e-07	8.19e-06	7.48e-05	2.63e-04	1.01e-03	4.63e-02	2.65e-01	4.80e-01	1.82e-01	2.29e-02	2.71e-03	1.54e-04	2.13e-05	3.14e-06	0.00e+00	0.00e+00
 1.35509e+23	1.97e-20	9.59e-10	2.45e-07	9.43e-06	8.61e-05	2.99e-04	1.15e-03	5.01e-02	2.75e-01	4.77e-01	1.73e-01	2.09e-02	2.41e-03	1.34e-04	1.82e-05	2.60e-06	0.00e+00	0.00e+00
 1.36709e+23	1.78e-19	1.11e-09	2.93e-07	1.13e-05	1.03e-04	3.52e-04	1.34e-03	5.53e-02	2.87e-01	4.73e-01	1.62e-01	1.86e-02	2.07e-03	1.11e-04	1.48e-05	2.02e-06	0.00e+00	0.00e+00
 1.37911e+23	2.18e-19	1.25e-09	3.36e-07	1.29e-05	1.18e-04	3.99e-04	1.51e-03	5.96e-02	2.97e-01	4.68e-01	1.54e-01	1.69e-02	1.85e-03	9.60e-05	1.27e-05	1.67e-06	0.00e+00	0.00e+00
 1.39116e+23	2.81e-19	1.44e-09	4.00e-07	1.54e-05	1.40e-04	4.68e-04	1.76e-03	6.56e-02	3.10e-01	4.62e-01	1.44e-01	1.50e-02	1.58e-03	7.95e-05	1.03e-05	1.30e-06	0.00e+00	0.00e+00
 1.40327e+23	3.47e-19	1.61e-09	4.60e-07	1.76e-05	1.60e-04	5.28e-04	1.97e-03	7.05e-02	3.19e-01	4.57e-01	1.36e-01	1.36e-02	1.41e-03	6.89e-05	8.80e-06	1.08e-06	0.00e+00	0.00e+00
 1.41546e+23	4.52e-19	1.86e-09	5.48e-07	2.10e-05	1.89e-04	6.16e-04	2.29e-03	7.73e-02	3.31e-01	4.49e-01	1.27e-01	1.20e-02	1.21e-03	5.71e-05	7.16e-06	8.39e-07	0.00e+00	0.00e+00
 1.42778e+23	5.66e-19	2.09e-09	6.31e-07	2.41e-05	2.16e-04	6.94e-04	2.56e-03	8.28e-02	3.40e-01	4.42e-01	1.19e-01	1.09e-02	1.07e-03	4.92e-05	6.09e-06	6.91e-07	0.00e+00	0.00e+00
 1.44028e+23	7.51e-19	2.42e-09	7.55e-07	2.86e-05	2.56e-04	8.08e-04	2.96e-03	9.05e-02	3.52e-01	4.32e-01	1.10e-01	9.61e-03	9.16e-04	4.06e-05	4.94e-06	5.36e-07	0.00e+00	0.00e+00
 1.45296e+23	9.59e-19	2.74e-09	8.74e-07	3.29e-05	2.92e-04	9.10e-04	3.32e-03	9.69e-02	3.61e-01	4.25e-01	1.04e-01	8.68e-03	8.09e-04	3.49e-05	4.19e-06	4.39e-07	0.00e+00	0.00e+00
 1.46587e+23	1.31e-18	3.20e-09	1.05e-06	3.93e-05	3.46e-04	1.06e-03	3.83e-03	1.06e-01	3.72e-01	4.13e-01	9.55e-02	7.59e-03	6.88e-04	2.87e-05	3.37e-06	3.39e-07	0.00e+00	0.00e+00
 1.47903e+23	1.72e-18	3.65e-09	1.23e-06	4.54e-05	3.96e-04	1.19e-03	4.29e-03	1.13e-01	3.80e-01	4.04e-01	8.93e-02	6.82e-03	6.05e-04	2.45e-05	2.84e-06	2.76e-07	0.00e+00	0.00e+00
 1.49252e+23	2.45e-18	4.29e-09	1.49e-06	5.46e-05	4.71e-04	1.39e-03	4.95e-03	1.23e-01	3.90e-01	3.92e-01	8.16e-02	5.92e-03	5.10e-04	1.99e-05	2.27e-06	2.11e-07	0.00e+00	0.00e+00
 1.50633e+23	3.38e-18	4.95e-09	1.76e-06	6.35e-05	5.41e-04	1.57e-03	5.54e-03	1.31e-01	3.98e-01	3.81e-01	7.58e-02	5.29e-03	4.46e-04	1.69e-05	1.90e-06	1.70e-07	0.00e+00	0.00e+00
 1.52056e+23	5.13e-18	5.91e-09	2.16e-06	7.70e-05	6.46e-04	1.83e-03	6.41e-03	1.43e-01	4.07e-01	3.67e-01	6.86e-02	4.55e-03	3.72e-04	1.36e-05	1.50e-06	1.28e-07	0.00e+00	0.00e+00
 1.53502e+23	7.63e-18	6.93e-09	2.57e-06	9.01e-05	7.43e-04	2.07e-03	7.15e-03	1.52e-01	4.14e-01	3.56e-01	6.35e-02	4.05e-03	3.24e-04	1.15e-05	1.25e-06	0.00e+00	0.00e+00	0.00e+00
 1.54725e+23	1.11e-17	7.92e-09	2.99e-06	1.04e-04	8.43e-04	2.31e-03	7.91e-03	1.61e-01	4.19e-01	3.45e-01	5.89e-02	3.63e-03	2.85e-04	9.84e-06	1.05e-06	0.00e+00	0.00e+00	0.00e+00
 1.56059e+23	1.87e-17	9.46e-09	3.64e-06	1.24e-04	9.90e-04	2.65e-03	8.98e-03	1.73e-01	4.26e-01	3.32e-01	5.35e-02	3.15e-03	2.41e-04	8.04e-06	8.44e-07	0.00e+00	0.00e+00	0.00e+00
 1.57349e+23	2.99e-17	1.08e-08	4.20e-06	1.41e-04	1.11e-03	2.92e-03	9.80e-03	1.82e-01	4.30e-01	3.22e-01	4.99e-02	2.85e-03	2.14e-04	6.98e-06	7.23e-07	0.00e+00	0.00e+00	0.00e+00
 1.58581e+23	5.55e-17	1.27e-08	5.04e-06	1.66e-04	1.28e-03	3.30e-03	1.10e-02	1.93e-01	4.34e-01	3.09e-01	4.55e-02	2.49e-03	1.83e-04	5.77e-06	5.89e-07	0.00e+00	0.00e+00	0.00e+00
 1.59827e+23	1.16e-16	1.47e-08	5.86e-06	1.90e-04	1.44e-03	3.63e-03	1.19e-02	2.02e-01	4.37e-01	2.99e-01	4.24e-02	2.25e-03	1.62e-04	5.00e-06	5.04e-07	0.00e+00	0.00e+00	0.00e+00
 1.61090e+23	2.94e-16	1.76e-08	7.07e-06	2.25e-04	1.67e-03	4.11e-03	1.33e-02	2.15e-01	4.40e-01	2.86e-01	3.84e-02	1.96e-03	1.38e-04	4.13e-06	4.09e-07	0.00e+00	0.00e+00	0.00e+00
 1.62374e+23	9.30e-16	2.05e-08	8.26e-06	2.58e-04	1.87e-03	4.53e-03	1.45e-02	2.24e-01	4.41e-01	2.76e-01	3.56e-02	1.76e-03	1.22e-04	3.56e-06	3.48e-07	0.00e+00	0.00e+00	0.00e+00
 1.63683e+23	2.71e-15	2.47e-08	1.00e-05	3.07e-04	2.17e-03	5.12e-03	1.62e-02	2.37e-01	4.43e-01	2.62e-01	3.21e-02	1.52e-03	1.03e-04	2.91e-06	2.80e-07	0.00e+00	0.00e+00	0.00e+00
 1.65012e+23	5.76e-15	2.92e-08	1.18e-05	3.53e-04	2.45e-03	5.64e-03	1.76e-02	2.47e-01	4.43e-01	2.52e-01	2.96e-02	1.37e-03	9.08e-05	2.50e-06	2.37e-07	0.00e+00	0.00e+00	0.00e+00
 1.66366e+23	1.00e-14	3.56e-08	1.45e-05	4.23e-04	2.85e-03	6.39e-03	1.96e-02	2.61e-01	4.43e-01	2.39e-01	2.65e-02	1.17e-03	7.62e-05	2.03e-06	1.89e-07	0.00e+00	0.00e+00	0.00e+00
 1.67743e+23	1.53e-14	4.23e-08	1.71e-05	4.89e-04	3.21e-03	7.04e-03	2.13e-02	2.72e-01	4.42e-01	2.28e-01	2.43e-02	1.05e-03	6.65e-05	1.73e-06	1.59e-07	0.00e+00	0.00e+00	0.00e+00
 1.69151e+23	2.41e-14	5.25e-08	2.11e-05	5.89e-04	3.74e-03	7.98e-03	2.36e-02	2.87e-01	4.40e-01	2.15e-01	2.17e-02	8.95e-04	5.56e-05	1.40e-06	1.26e-07	0.00e+00	0.00e+00	0.00e+00
 1.70601e+23	3.47e-14	6.33e-08	2.53e-05	6.87e-04	4.25e-03	8.82e-03	2.57e-02	2.98e-01	4.37e-01	2.05e-01	1.97e-02	7.89e-04	4.80e-05	1.17e-06	0.00e+00	0.00e+00	0.00e+00	0.00e+00
 1.72105e+23	5.46e-14	8.03e-08	3.17e-05	8.36e-04	4.99e-03	1.00e-02	2.86e-02	3.13e-01	4.33e-01	1.91e-01	1.74e-02	6.68e-04	3.96e-05	9.34e-07	0.00e+00	0.00e+00	0.00e+00	0.00e+00
 1.73638e+23	7.79e-14	9.79e-08	3.82e-05	9.80e-04	5.67e-03	1.11e-02	3.10e-02	3.25e-01	4.29e-01	1.81e-01	1.57e-02	5.85e-04	3.39e-05	7.79e-07	0.00e+00	0.00e+00	0.00e+00	0.00e+00
 1.75209e+23	7.41e-14	1.26e-07	4.83e-05	1.20e-03	6.68e-03	1.26e-02	3.45e-02	3.40e-01	4.22e-01	1.68e-01	1.37e-02	4.90e-04	2.77e-05	6.13e-07	0.00e+00	0.00e+00	0.00e+00	0.00e+00
 1.76796e+23	2.29e-16	1.55e-07	5.84e-05	1.41e-03	7.59e-03	1.40e-02	3.72e-02	3.52e-01	4.17e-01	1.58e-01	1.24e-02	4.29e-04	2.37e-05	5.10e-07	0.00e+00	0.00e+00	0.00e+00	0.00e+00
 1.78404e+23	1.32e-16	2.02e-07	7.43e-05	1.73e-03	8.94e-03	1.59e-02	4.12e-02	3.67e-01	4.08e-01	1.46e-01	1.07e-02	3.57e-04	1.92e-05	3.98e-07	0.00e+00	0.00e+00	0.00e+00	0.00e+00
 1.80030e+23	1.92e-16	2.50e-07	9.00e-05	2.04e-03	1.02e-02	1.75e-02	4.44e-02	3.78e-01	4.01e-01	1.37e-01	9.59e-03	3.10e-04	1.63e-05	3.29e-07	0.00e+00	0.00e+00	0.00e+00	0.00e+00
 1.81680e+23	3.18e-16	3.29e-07	1.15e-04	2.51e-03	1.20e-02	1.98e-02	4.90e-02	3.92e-01	3.91e-01	1.25e-01	8.25e-03	2.57e-04	1.31e-05	2.55e-07	0.00e+00	0.00e+00	0.00e+00	0.00e+00
 1.83292e+23	4.74e-16	4.04e-07	1.38e-04	2.92e-03	1.34e-02	2.17e-02	5.23e-02	4.02e-01	3.83e-01	1.17e-01	7.42e-03	2.25e-04	1.12e-05	2.13e-07	0.00e+00	0.00e+00	0.00e+00	0.00e+00
 1.84857e+23	8.12e-16	5.23e-07	1.73e-04	3.55e-03	1.56e-02	2.43e-02	5.70e-02	4.14e-01	3.71e-01	1.07e-01	6.41e-03	1.87e-04	9.11e-06	1.67e-07	0.00e+00	0.00e+00	0.00e+00	0.00e+00
 1.86480e+23	1.33e-15	6.54e-07	2.10e-04	4.17e-03	1.77e-02	2.66e-02	6.09e-02	4.23e-01	3.62e-01	9.99e-02	5.69e-03	1.62e-04	7.70e-06	1.37e-07	0.00e+00	0.00e+00	0.00e+00	0.00e+00
 1.87863e+23	2.14e-15	7.92e-07	2.48e-04	4.79e-03	1.96e-02	2.88e-02	6.46e-02	4.31e-01	3.53e-01	9.35e-02	5.11e-03	1.42e-04	6.61e-06	0.00e+00	0.00e+00	0.00e+00	0.00e+00	0.00e+00
 1.89347e+23	3.89e-15	1.01e-06	3.06e-04	5.71e-03	2.25e-02	3.18e-02	6.94e-02	4.40e-01	3.41e-01	8.56e-02	4.44e-03	1.20e-04	5.42e-06	0.00e+00	0.00e+00	0.00e+00	0.00e+00	0.00e+00
 1.90844e+23	7.77e-15	1.23e-06	3.63e-04	6.58e-03	2.50e-02	3.44e-02	7.33e-02	4.46e-01	3.31e-01	7.97e-02	3.97e-03	1.04e-04	4.63e-06	0.00e+00	0.00e+00	0.00e+00	0.00e+00	0.00e+00
 1.92356e+23	1.60e-14	1.58e-06	4.47e-04	7.82e-03	2.84e-02	3.78e-02	7.83e-02	4.53e-01	3.18e-01	7.27e-02	3.44e-03	8.79e-05	3.79e-06	0.00e+00	0.00e+00	0.00e+00	0.00e+00	0.00e+00
 1.93914e+23	5.13e-14	1.95e-06	5.36e-04	9.08e-03	3.18e-02	4.10e-02	8.30e-02	4.58e-01	3.07e-01	6.69e-02	3.02e-03	7.53e-05	3.17e-06	0.00e+00	0.00e+00	0.00e+00	0.00e+00	0.00e+00
 1.95293e+23	1.13e-13	2.38e-06	6.33e-04	1.04e-02	3.52e-02	4.41e-02	8.71e-02	4.62e-01	2.96e-01	6.19e-02	2.69e-03	6.54e-05	2.69e-06	0.00e+00	0.00e+00	0.00e+00	0.00e+00	0.00e+00
 1.96848e+23	3.82e-13	3.05e-06	7.80e-04	1.24e-02	3.98e-02	4.81e-02	9.24e-02	4.66e-01	2.82e-01	5.60e-02	2.31e-03	5.47e-05	2.19e-06	0.00e+00	0.00e+00	0.00e+00	0.00e+00	0.00e+00
 1.98489e+23	1.75e-12	3.82e-06	9.42e-04	1.44e-02	4.46e-02	5.21e-02	9.73e-02	4.68e-01	2.70e-01	5.10e-02	2.00e-03	4.62e-05	1.80e-06	0.00e+00	0.00e+00	0.00e+00	0.00e+00	0.00e+00
 1.99983e+23	3.60e-12	4.72e-06	1.12e-03	1.66e-02	4.94e-02	5.60e-02	1.02e-01	4.69e-01	2.58e-01	4.65e-02	1.75e-03	3.95e-05	1.50e-06	0.00e+00	0.00e+00	0.00e+00	0.00e+00	0.00e+00
 2.01669e+23	6.80e-12	6.14e-06	1.39e-03	1.98e-02	5.60e-02	6.10e-02	1.08e-01	4.69e-01	2.43e-01	4.14e-02	1.48e-03	3.23e-05	1.19e-06	0.00e+00	0.00e+00	0.00e+00	0.00e+00	0.00e+00
 2.03407e+23	1.13e-11	7.72e-06	1.68e-03	2.30e-02	6.24e-02	6.57e-02	1.12e-01	4.67e-01	2.29e-01	3.72e-02	1.26e-03	2.70e-05	9.70e-07	0.00e+00	0.00e+00	0.00e+00	0.00e+00	0.00e+00
 2.04950e+23	1.70e-11	9.54e-06	2.00e-03	2.65e-02	6.87e-02	7.01e-02	1.17e-01	4.64e-01	2.17e-01	3.36e-02	1.09e-03	2.28e-05	7.99e-07	0.00e+00	0.00e+00	0.00e+00	0.00e+00	0.00e+00
 2.06695e+23	2.73e-11	1.24e-05	2.48e-03	3.14e-02	7.74e-02	7.58e-02	1.22e-01	4.59e-01	2.02e-01	2.95e-02	9.08e-04	1.84e-05	6.24e-07	0.00e+00	0.00e+00	0.00e+00	0.00e+00	0.00e+00
 2.08506e+23	4.19e-11	1.57e-05	2.99e-03	3.64e-02	8.57e-02	8.09e-02	1.27e-01	4.52e-01	1.88e-01	2.61e-02	7.65e-04	1.51e-05	4.98e-07	0.00e+00	0.00e+00	0.00e+00	0.00e+00	0.00e+00
 2.10132e+23	6.05e-11	1.94e-05	3.55e-03	4.17e-02	9.39e-02	8.58e-02	1.31e-01	4.45e-01	1.76e-01	2.32e-02	6.51e-04	1.26e-05	4.03e-07	0.00e+00	0.00e+00	0.00e+00	0.00e+00	0.00e+00
 2.11975e+23	9.67e-11	2.55e-05	4.41e-03	4.93e-02	1.05e-01	9.19e-02	1.35e-01	4.33e-01	1.60e-01	1.99e-02	5.27e-04	9.91e-06	3.06e-07	0.00e+00	0.00e+00	0.00e+00	0.00e+00	0.00e+00
 2.13879e+23	1.43e-10	3.21e-05	5.28e-03	5.68e-02	1.15e-01	9.72e-02	1.38e-01	4.22e-01	1.47e-01	1.74e-02	4.38e-04	8.04e-06	2.41e-07	0.00e+00	0.00e+00	0.00e+00	0.00e+00	0.00e+00
 2.15863e+23	2.27e-10	4.25e-05	6.58e-03	6.72e-02	1.28e-01	1.03e-01	1.42e-01	4.06e-01	1.32e-01	1.46e-02	3.46e-04	6.16e-06	1.78e-07	0.00e+00	0.00e+00	0.00e+00	0.00e+00	0.00e+00
 2.17869e+23	3.30e-10	5.33e-05	7.85e-03	7.68e-02	1.39e-01	1.08e-01	1.44e-01	3.91e-01	1.20e-01	1.25e-02	2.84e-04	4.93e-06	1.38e-07	0.00e+00	0.00e+00	0.00e+00	0.00e+00	0.00e+00
 2.19630e+23	4.67e-10	6.61e-05	9.27e-03	8.69e-02	1.50e-01	1.13e-01	1.45e-01	3.75e-01	1.09e-01	1.08e-02	2.34e-04	3.97e-06	0.00e+00	0.00e+00	0.00e+00	0.00e+00	0.00e+00	0.00e+00
 2.21647e+23	7.28e-10	8.69e-05	1.14e-02	1.01e-01	1.65e-01	1.18e-01	1.46e-01	3.53e-01	9.53e-02	8.84e-03	1.79e-04	2.96e-06	0.00e+00	0.00e+00	0.00e+00	0.00e+00	0.00e+00	0.00e+00
 2.23687e+23	1.02e-09	1.08e-04	1.34e-02	1.14e-01	1.76e-01	1.22e-01	1.46e-01	3.35e-01	8.53e-02	7.50e-03	1.45e-04	2.34e-06	0.00e+00	0.00e+00	0.00e+00	0.00e+00	0.00e+00	0.00e+00
 2.25758e+23	1.55e-09	1.40e-04	1.63e-02	1.31e-01	1.90e-01	1.25e-01	1.45e-01	3.11e-01	7.37e-02	6.05e-03	1.11e-04	1.73e-06	0.00e+00	0.00e+00	0.00e+00	0.00e+00	0.00e+00	0.00e+00
 2.27866e+23	2.17e-09	1.73e-04	1.91e-02	1.47e-01	2.02e-01	1.28e-01	1.43e-01	2.91e-01	6.48e-02	5.04e-03	8.76e-05	1.34e-06	0.00e+00	0.00e+00	0.00e+00	0.00e+00	0.00e+00	0.00e+00
 2.29742e+23	3.00e-09	2.12e-04	2.22e-02	1.63e-01	2.12e-01	1.30e-01	1.41e-01	2.71e-01	5.67e-02	4.17e-03	6.92e-05	1.03e-06	0.00e+00	0.00e+00	0.00e+00	0.00e+00	0.00e+00	0.00e+00
 2.31898e+23	4.51e-09	2.74e-04	2.67e-02	1.84e-01	2.25e-01	1.31e-01	1.37e-01	2.45e-01	4.75e-02	3.25e-03	5.08e-05	7.33e-07	0.00e+00	0.00e+00	0.00e+00	0.00e+00	0.00e+00	0.00e+00
 2.34082e+23	6.16e-09	3.34e-04	3.08e-02	2.02e-01	2.34e-01	1.31e-01	1.33e-01	2.25e-01	4.09e-02	2.65e-03	3.95e-05	5.56e-07	0.00e+00	0.00e+00	0.00e+00	0.00e+00	0.00e+00	0.00e+00
 2.36300e+23	9.12e-09	4.29e-04	3.67e-02	2.26e-01	2.44e-01	1.31e-01	1.27e-01	2.00e-01	3.35e-02	2.02e-03	2.83e-05	3.87e-07	0.00e+00	0.00e+00	0.00e+00	0.00e+00	0.00e+00	0.00e+00
 2.38549e+23	1.23e-08	5.20e-04	4.19e-02	2.45e-01	2.51e-01	1.29e-01	1.21e-01	1.81e-01	2.84e-02	1.62e-03	2.16e-05	2.88e-07	0.00e+00	0.00e+00	0.00e+00	0.00e+00	0.00e+00	0.00e+00
 2.40837e+23	1.80e-08	6.61e-04	4.94e-02	2.71e-01	2.58e-01	1.27e-01	1.14e-01	1.57e-01	2.28e-02	1.21e-03	1.52e-05	1.96e-07	0.00e+00	0.00e+00	0.00e+00	0.00e+00	0.00e+00	0.00e+00
 2.43080e+23	2.36e-08	7.86e-04	5.55e-02	2.89e-01	2.61e-01	1.24e-01	1.08e-01	1.41e-01	1.92e-02	9.67e-04	1.16e-05	1.46e-07	0.00e+00	0.00e+00	0.00e+00	0.00e+00	0.00e+00	0.00e+00
 2.45265e+23	3.32e-08	9.76e-04	6.40e-02	3.13e-01	2.64e-01	1.20e-01	1.00e-01	1.22e-01	1.54e-02	7.21e-04	8.20e-06	0.00e+00	0.00e+00	0.00e+00	0.00e+00	0.00e+00	0.00e+00	0.00e+00
 2.47378e+23	4.19e-08	1.13e-03	7.06e-02	3.29e-01	2.65e-01	1.16e-01	9.47e-02	1.10e-01	1.31e-02	5.84e-04	6.40e-06	0.00e+00	0.00e+00	0.00e+00	0.00e+00	0.00e+00	0.00e+00	0.00e+00
 2.49397e+23	5.65e-08	1.37e-03	7.97e-02	3.49e-01	2.64e-01	1.11e-01	8.76e-02	9.52e-02	1.05e-02	4.40e-04	4.58e-06	0.00e+00	0.00e+00	0.00e+00	0.00e+00	0.00e+00	0.00e+00	0.00e+00
 2.51409e+23	7.04e-08	1.58e-03	8.71e-02	3.65e-01	2.63e-01	1.08e-01	8.22e-02	8.50e-02	8.86e-03	3.55e-04	3.55e-06	0.00e+00	0.00e+00	0.00e+00	0.00e+00	0.00e+00	0.00e+00	0.00e+00
 2.53412e+23	9.20e-08	1.88e-03	9.70e-02	3.82e-01	2.60e-01	1.02e-01	7.56e-02	7.35e-02	7.13e-03	2.69e-04	2.58e-06	0.00e+00	0.00e+00	0.00e+00	0.00e+00	0.00e+00	0.00e+00	0.00e+00
 2.55491e+23	1.17e-07	2.19e-03	1.06e-01	3.98e-01	2.56e-01	9.76e-02	7.00e-02	6.42e-02	5.84e-03	2.09e-04	1.92e-06	0.00e+00	0.00e+00	0.00e+00	0.00e+00	0.00e+00	0.00e+00	0.00e+00
 2.57358e+23	1.44e-07	2.51e-03	1.16e-01	4.11e-01	2.52e-01	9.31e-02	6.49e-02	5.65e-02	4.85e-03	1.66e-04	1.46e-06	0.00e+00	0.00e+00	0.00e+00	0.00e+00	0.00e+00	0.00e+00	0.00e+00
 2.59475e+23	1.88e-07	2.99e-03	1.28e-01	4.26e-01	2.45e-01	8.72e-02	5.86e-02	4.77e-02	3.79e-03	1.22e-04	1.02e-06	0.00e+00	0.00e+00	0.00e+00	0.00e+00	0.00e+00	0.00e+00	0.00e+00
 2.61621e+23	2.33e-07	3.42e-03	1.39e-01	4.38e-01	2.39e-01	8.25e-02	5.38e-02	4.14e-02	3.10e-03	9.45e-05	7.66e-07	0.00e+00	0.00e+00	0.00e+00	0.00e+00	0.00e+00	0.00e+00	0.00e+00
 2.63805e+23	3.02e-07	4.06e-03	1.53e-01	4.51e-01	2.31e-01	7.65e-02	4.81e-02	3.46e-02	2.39e-03	6.86e-05	5.30e-07	0.00e+00	0.00e+00	0.00e+00	0.00e+00	0.00e+00	0.00e+00	0.00e+00
 2.66024e+23	3.73e-07	4.65e-03	1.65e-01	4.60e-01	2.23e-01	7.18e-02	4.38e-02	2.97e-02	1.93e-03	5.25e-05	3.90e-07	0.00e+00	0.00e+00	0.00e+00	0.00e+00	0.00e+00	0.00e+00	0.00e+00
 2.67807e+23	4.41e-07	5.19e-03	1.75e-01	4.66e-01	2.17e-01	6.80e-02	4.05e-02	2.62e-02	1.61e-03	4.22e-05	3.03e-07	0.00e+00	0.00e+00	0.00e+00	0.00e+00	0.00e+00	0.00e+00	0.00e+00
 2.69643e+23	5.40e-07	5.92e-03	1.88e-01	4.73e-01	2.09e-01	6.35e-02	3.67e-02	2.24e-02	1.29e-03	3.22e-05	2.23e-07	0.00e+00	0.00e+00	0.00e+00	0.00e+00	0.00e+00	0.00e+00	0.00e+00
 2.71523e+23	6.38e-07	6.60e-03	2.00e-01	4.78e-01	2.02e-01	5.98e-02	3.37e-02	1.96e-02	1.07e-03	2.56e-05	1.71e-07	0.00e+00	0.00e+00	0.00e+00	0.00e+00	0.00e+00	0.00e+00	0.00e+00
 2.73197e+23	7.50e-07	7.33e-03	2.11e-01	4.82e-01	1.95e-01	5.63e-02	3.09e-02	1.72e-02	8.89e-04	2.04e-05	1.33e-07	0.00e+00	0.00e+00	0.00e+00	0.00e+00	0.00e+00	0.00e+00	0.00e+00
 2.75111e+23	9.13e-07	8.34e-03	2.26e-01	4.85e-01	1.86e-01	5.21e-02	2.77e-02	1.46e-02	7.03e-04	1.54e-05	0.00e+00	0.00e+00	0.00e+00	0.00e+00	0.00e+00	0.00e+00	0.00e+00	0.00e+00
 2.77048e+23	1.07e-06	9.28e-03	2.38e-01	4.87e-01	1.78e-01	4.88e-02	2.53e-02	1.26e-02	5.77e-04	1.21e-05	0.00e+00	0.00e+00	0.00e+00	0.00e+00	0.00e+00	0.00e+00	0.00e+00	0.00e+00
 2.78745e+23	1.25e-06	1.03e-02	2.51e-01	4.88e-01	1.71e-01	4.57e-02	2.31e-02	1.10e-02	4.76e-04	9.60e-06	0.00e+00	0.00e+00	0.00e+00	0.00e+00	0.00e+00	0.00e+00	0.00e+00	0.00e+00
 2.80681e+23	1.51e-06	1.16e-02	2.67e-01	4.88e-01	1.62e-01	4.20e-02	2.06e-02	9.24e-03	3.74e-04	7.19e-06	0.00e+00	0.00e+00	0.00e+00	0.00e+00	0.00e+00	0.00e+00	0.00e+00	0.00e+00
 2.82648e+23	1.77e-06	1.29e-02	2.80e-01	4.86e-01	1.54e-01	3.91e-02	1.87e-02	7.97e-03	3.04e-04	5.62e-06	0.00e+00	0.00e+00	0.00e+00	0.00e+00	0.00e+00	0.00e+00	0.00e+00	0.00e+00
 2.84380e+23	2.06e-06	1.42e-02	2.94e-01	4.84e-01	1.47e-01	3.64e-02	1.69e-02	6.90e-03	2.49e-04	4.43e-06	0.00e+00	0.00e+00	0.00e+00	0.00e+00	0.00e+00	0.00e+00	0.00e+00	0.00e+00
 2.86355e+23	2.47e-06	1.60e-02	3.11e-01	4.80e-01	1.38e-01	3.33e-02	1.50e-02	5.76e-03	1.94e-04	3.30e-06	0.00e+00	0.00e+00	0.00e+00	0.00e+00	0.00e+00	0.00e+00	0.00e+00	0.00e+00
 2.88366e+23	2.87e-06	1.77e-02	3.26e-01	4.76e-01	1.31e-01	3.08e-02	1.35e-02	4.93e-03	1.57e-04	2.56e-06	0.00e+00	0.00e+00	0.00e+00	0.00e+00	0.00e+00	0.00e+00	0.00e+00	0.00e+00
 2.90144e+23	3.32e-06	1.95e-02	3.40e-01	4.71e-01	1.24e-01	2.85e-02	1.22e-02	4.24e-03	1.28e-04	2.01e-06	0.00e+00	0.00e+00	0.00e+00	0.00e+00	0.00e+00	0.00e+00	0.00e+00	0.00e+00
 2.92179e+23	3.97e-06	2.19e-02	3.58e-01	4.64e-01	1.16e-01	2.59e-02	1.07e-02	3.51e-03	9.84e-05	1.48e-06	0.00e+00	0.00e+00	0.00e+00	0.00e+00	0.00e+00	0.00e+00	0.00e+00	0.00e+00
 2.94251e+23	4.61e-06	2.42e-02	3.73e-01	4.57e-01	1.09e-01	2.38e-02	9.56e-03	2.98e-03	7.88e-05	1.14e-06	0.00e+00	0.00e+00	0.00e+00	0.00e+00	0.00e+00	0.00e+00	0.00e+00	0.00e+00
 2.96091e+23	5.32e-06	2.66e-02	3.89e-01	4.49e-01	1.03e-01	2.19e-02	8.57e-03	2.54e-03	6.35e-05	8.83e-07	0.00e+00	0.00e+00	0.00e+00	0.00e+00	0.00e+00	0.00e+00	0.00e+00	0.00e+00
 2.98200e+23	6.33e-06	2.98e-02	4.07e-01	4.39e-01	9.50e-02	1.97e-02	7.44e-03	2.08e-03	4.83e-05	6.43e-07	0.00e+00	0.00e+00	0.00e+00	0.00e+00	0.00e+00	0.00e+00	0.00e+00	0.00e+00
 3.00354e+23	7.35e-06	3.28e-02	4.24e-01	4.29e-01	8.87e-02	1.79e-02	6.59e-03	1.75e-03	3.83e-05	4.90e-07	0.00e+00	0.00e+00	0.00e+00	0.00e+00	0.00e+00	0.00e+00	0.00e+00	0.00e+00
 3.02271e+23	8.46e-06	3.60e-02	4.39e-01	4.18e-01	8.29e-02	1.64e-02	5.86e-03	1.48e-03	3.05e-05	3.76e-07	0.00e+00	0.00e+00	0.00e+00	0.00e+00	0.00e+00	0.00e+00	0.00e+00	0.00e+00
 3.04470e+23	1.01e-05	4.03e-02	4.59e-01	4.04e-01	7.59e-02	1.46e-02	5.03e-03	1.20e-03	2.29e-05	2.70e-07	0.00e+00	0.00e+00	0.00e+00	0.00e+00	0.00e+00	0.00e+00	0.00e+00	0.00e+00
 3.06707e+23	1.17e-05	4.45e-02	4.76e-01	3.91e-01	7.02e-02	1.31e-02	4.41e-03	9.97e-04	1.79e-05	2.03e-07	0.00e+00	0.00e+00	0.00e+00	0.00e+00	0.00e+00	0.00e+00	0.00e+00	0.00e+00
 3.08134e+23	1.26e-05	4.67e-02	4.84e-01	3.84e-01	6.77e-02	1.25e-02	4.14e-03	9.16e-04	1.60e-05	1.78e-07	0.00e+00	0.00e+00	0.00e+00	0.00e+00	0.00e+00	0.00e+00	0.00e+00	0.00e+00
