#depth	O	O+	O+2	O+3	O+4	O+5	O+6	O+7	O+8	O[1]	O[2]	O[3]
 1.54284e+22	1.37e-26	1.43e-20	5.34e-16	1.80e-12	1.58e-09	5.96e-07	8.59e-04	6.01e-02	9.39e-01	0.00e+00	0.00e+00	0.00e+00
 3.54532e+22	3.84e-25	2.56e-19	6.19e-15	1.36e-11	7.55e-09	1.79e-06	1.78e-03	8.54e-02	9.13e-01	0.00e+00	0.00e+00	0.00e+00
 4.23479e+22	2.63e-24	1.36e-18	2.56e-14	4.38e-11	1.85e-08	3.33e-06	2.65e-03	1.03e-01	8.94e-01	0.00e+00	0.00e+00	0.00e+00
 4.57952e+22	7.74e-24	3.46e-18	5.67e-14	8.43e-11	3.06e-08	4.70e-06	3.29e-03	1.14e-01	8.83e-01	0.00e+00	0.00e+00	0.00e+00
 4.72316e+22	1.04e-23	4.46e-18	7.03e-14	1.01e-10	3.50e-08	5.16e-06	3.49e-03	1.17e-01	8.79e-01	0.00e+00	0.00e+00	0.00e+00
 4.77549e+22	1.31e-23	5.48e-18	8.36e-14	1.16e-10	3.90e-08	5.56e-06	3.65e-03	1.20e-01	8.77e-01	0.00e+00	0.00e+00	0.00e+00
 4.82226e+22	1.66e-23	6.70e-18	9.93e-14	1.34e-10	4.34e-08	5.98e-06	3.82e-03	1.22e-01	8.74e-01	0.00e+00	0.00e+00	0.00e+00
 4.87558e+22	2.26e-23	8.78e-18	1.25e-13	1.61e-10	5.01e-08	6.59e-06	4.06e-03	1.26e-01	8.70e-01	0.00e+00	0.00e+00	0.00e+00
 4.92872e+22	2.89e-23	1.09e-17	1.50e-13	1.87e-10	5.61e-08	7.12e-06	4.26e-03	1.28e-01	8.67e-01	0.00e+00	0.00e+00	0.00e+00
 4.98166e+22	4.04e-23	1.45e-17	1.91e-13	2.29e-10	6.53e-08	7.90e-06	4.54e-03	1.32e-01	8.63e-01	0.00e+00	0.00e+00	0.00e+00
 5.03395e+22	5.08e-23	1.77e-17	2.27e-13	2.63e-10	7.27e-08	8.50e-06	4.75e-03	1.35e-01	8.60e-01	0.00e+00	0.00e+00	0.00e+00
 5.08539e+22	7.04e-23	2.35e-17	2.88e-13	3.20e-10	8.43e-08	9.40e-06	5.05e-03	1.39e-01	8.56e-01	0.00e+00	0.00e+00	0.00e+00
 5.13780e+22	9.13e-23	2.95e-17	3.49e-13	3.74e-10	9.50e-08	1.02e-05	5.31e-03	1.42e-01	8.53e-01	0.00e+00	0.00e+00	0.00e+00
 5.18366e+22	1.18e-22	3.67e-17	4.21e-13	4.36e-10	1.07e-07	1.10e-05	5.58e-03	1.45e-01	8.49e-01	0.00e+00	0.00e+00	0.00e+00
 5.23546e+22	1.64e-22	4.90e-17	5.37e-13	5.33e-10	1.24e-07	1.22e-05	5.94e-03	1.49e-01	8.45e-01	0.00e+00	0.00e+00	0.00e+00
 5.28749e+22	2.13e-22	6.15e-17	6.51e-13	6.24e-10	1.40e-07	1.33e-05	6.25e-03	1.53e-01	8.41e-01	0.00e+00	0.00e+00	0.00e+00
 5.33984e+22	3.00e-22	8.27e-17	8.38e-13	7.67e-10	1.64e-07	1.48e-05	6.67e-03	1.57e-01	8.36e-01	0.00e+00	0.00e+00	0.00e+00
 5.39308e+22	3.95e-22	1.05e-16	1.02e-12	9.05e-10	1.86e-07	1.61e-05	7.03e-03	1.61e-01	8.32e-01	0.00e+00	0.00e+00	0.00e+00
 5.44748e+22	5.65e-22	1.43e-16	1.34e-12	1.12e-09	2.19e-07	1.80e-05	7.53e-03	1.66e-01	8.26e-01	0.00e+00	0.00e+00	0.00e+00
 5.50204e+22	7.45e-22	1.82e-16	1.64e-12	1.33e-09	2.48e-07	1.96e-05	7.94e-03	1.70e-01	8.22e-01	0.00e+00	0.00e+00	0.00e+00
 5.55679e+22	1.07e-21	2.49e-16	2.14e-12	1.65e-09	2.93e-07	2.19e-05	8.51e-03	1.75e-01	8.16e-01	0.00e+00	0.00e+00	0.00e+00
 5.61019e+22	1.38e-21	3.11e-16	2.58e-12	1.93e-09	3.30e-07	2.38e-05	8.94e-03	1.79e-01	8.12e-01	0.00e+00	0.00e+00	0.00e+00
 5.66182e+22	1.93e-21	4.16e-16	3.30e-12	2.36e-09	3.84e-07	2.64e-05	9.54e-03	1.84e-01	8.06e-01	0.00e+00	0.00e+00	0.00e+00
 5.71448e+22	2.52e-21	5.24e-16	4.01e-12	2.77e-09	4.35e-07	2.87e-05	1.00e-02	1.89e-01	8.01e-01	0.00e+00	0.00e+00	0.00e+00
 5.76848e+22	3.55e-21	7.06e-16	5.16e-12	3.41e-09	5.09e-07	3.20e-05	1.07e-02	1.94e-01	7.95e-01	0.00e+00	0.00e+00	0.00e+00
 5.82328e+22	4.63e-21	8.88e-16	6.27e-12	4.00e-09	5.76e-07	3.48e-05	1.13e-02	1.99e-01	7.90e-01	0.00e+00	0.00e+00	0.00e+00
 5.87913e+22	6.56e-21	1.20e-15	8.10e-12	4.94e-09	6.76e-07	3.89e-05	1.21e-02	2.04e-01	7.83e-01	0.00e+00	0.00e+00	0.00e+00
 5.93581e+22	8.49e-21	1.50e-15	9.80e-12	5.77e-09	7.63e-07	4.22e-05	1.27e-02	2.09e-01	7.78e-01	0.00e+00	0.00e+00	0.00e+00
 5.99358e+22	1.19e-20	2.01e-15	1.26e-11	7.10e-09	8.94e-07	4.71e-05	1.36e-02	2.15e-01	7.71e-01	0.00e+00	0.00e+00	0.00e+00
 6.05300e+22	1.56e-20	2.54e-15	1.53e-11	8.35e-09	1.01e-06	5.14e-05	1.44e-02	2.20e-01	7.66e-01	0.00e+00	0.00e+00	0.00e+00
 6.11458e+22	2.19e-20	3.42e-15	1.97e-11	1.03e-08	1.19e-06	5.75e-05	1.54e-02	2.26e-01	7.58e-01	0.00e+00	0.00e+00	0.00e+00
 6.17720e+22	2.86e-20	4.31e-15	2.40e-11	1.21e-08	1.35e-06	6.27e-05	1.63e-02	2.32e-01	7.52e-01	0.00e+00	0.00e+00	0.00e+00
 6.24117e+22	4.02e-20	5.78e-15	3.08e-11	1.49e-08	1.59e-06	7.01e-05	1.74e-02	2.38e-01	7.44e-01	0.00e+00	0.00e+00	0.00e+00
 6.30559e+22	5.19e-20	7.22e-15	3.73e-11	1.74e-08	1.79e-06	7.64e-05	1.84e-02	2.44e-01	7.38e-01	0.00e+00	0.00e+00	0.00e+00
 6.37060e+22	7.24e-20	9.63e-15	4.77e-11	2.13e-08	2.10e-06	8.53e-05	1.96e-02	2.51e-01	7.30e-01	0.00e+00	0.00e+00	0.00e+00
 6.43683e+22	9.28e-20	1.19e-14	5.73e-11	2.49e-08	2.37e-06	9.27e-05	2.07e-02	2.56e-01	7.23e-01	0.00e+00	0.00e+00	0.00e+00
 6.49462e+22	1.18e-19	1.47e-14	6.84e-11	2.88e-08	2.65e-06	1.00e-04	2.17e-02	2.61e-01	7.17e-01	0.00e+00	0.00e+00	0.00e+00
 6.55970e+22	1.61e-19	1.92e-14	8.60e-11	3.49e-08	3.08e-06	1.12e-04	2.32e-02	2.68e-01	7.09e-01	0.00e+00	0.00e+00	0.00e+00
 6.62460e+22	2.01e-19	2.33e-14	1.01e-10	4.00e-08	3.43e-06	1.20e-04	2.43e-02	2.73e-01	7.03e-01	0.00e+00	0.00e+00	0.00e+00
 6.68929e+22	2.69e-19	3.00e-14	1.26e-10	4.79e-08	3.96e-06	1.33e-04	2.58e-02	2.80e-01	6.94e-01	0.00e+00	0.00e+00	0.00e+00
 6.75557e+22	3.37e-19	3.66e-14	1.49e-10	5.52e-08	4.42e-06	1.44e-04	2.71e-02	2.85e-01	6.88e-01	0.00e+00	0.00e+00	0.00e+00
 6.81411e+22	4.21e-19	4.43e-14	1.76e-10	6.32e-08	4.92e-06	1.55e-04	2.83e-02	2.90e-01	6.81e-01	0.00e+00	0.00e+00	0.00e+00
 6.88039e+22	5.61e-19	5.69e-14	2.17e-10	7.56e-08	5.67e-06	1.71e-04	3.01e-02	2.97e-01	6.73e-01	0.00e+00	0.00e+00	0.00e+00
 6.94655e+22	6.86e-19	6.78e-14	2.53e-10	8.57e-08	6.26e-06	1.84e-04	3.14e-02	3.02e-01	6.66e-01	0.00e+00	0.00e+00	0.00e+00
 7.01253e+22	9.04e-19	8.61e-14	3.10e-10	1.02e-07	7.17e-06	2.02e-04	3.33e-02	3.09e-01	6.58e-01	0.00e+00	0.00e+00	0.00e+00
 7.07981e+22	1.11e-18	1.03e-13	3.61e-10	1.16e-07	7.93e-06	2.17e-04	3.48e-02	3.14e-01	6.51e-01	0.00e+00	0.00e+00	0.00e+00
 7.14877e+22	1.46e-18	1.31e-13	4.43e-10	1.37e-07	9.09e-06	2.39e-04	3.69e-02	3.21e-01	6.42e-01	0.00e+00	0.00e+00	0.00e+00
 7.21905e+22	1.80e-18	1.56e-13	5.17e-10	1.56e-07	1.01e-05	2.57e-04	3.85e-02	3.26e-01	6.35e-01	0.00e+00	0.00e+00	0.00e+00
 7.29103e+22	2.37e-18	1.99e-13	6.36e-10	1.86e-07	1.16e-05	2.83e-04	4.08e-02	3.33e-01	6.26e-01	0.00e+00	0.00e+00	0.00e+00
 7.36436e+22	2.91e-18	2.38e-13	7.42e-10	2.11e-07	1.28e-05	3.05e-04	4.27e-02	3.39e-01	6.18e-01	0.00e+00	0.00e+00	0.00e+00
 7.43944e+22	3.84e-18	3.03e-13	9.13e-10	2.51e-07	1.47e-05	3.36e-04	4.53e-02	3.46e-01	6.09e-01	0.00e+00	0.00e+00	0.00e+00
 7.51284e+22	4.61e-18	3.56e-13	1.05e-09	2.82e-07	1.61e-05	3.59e-04	4.71e-02	3.51e-01	6.02e-01	0.00e+00	0.00e+00	0.00e+00
 7.58404e+22	5.99e-18	4.46e-13	1.27e-09	3.32e-07	1.84e-05	3.93e-04	4.97e-02	3.57e-01	5.92e-01	0.00e+00	0.00e+00	0.00e+00
 7.65636e+22	7.20e-18	5.24e-13	1.46e-09	3.73e-07	2.01e-05	4.20e-04	5.17e-02	3.62e-01	5.86e-01	0.00e+00	0.00e+00	0.00e+00
 7.73015e+22	9.25e-18	6.52e-13	1.76e-09	4.37e-07	2.29e-05	4.59e-04	5.46e-02	3.69e-01	5.76e-01	0.00e+00	0.00e+00	0.00e+00
 7.80624e+22	1.13e-17	7.78e-13	2.05e-09	4.96e-07	2.53e-05	4.93e-04	5.69e-02	3.74e-01	5.68e-01	0.00e+00	0.00e+00	0.00e+00
 7.88532e+22	1.46e-17	9.68e-13	2.47e-09	5.81e-07	2.87e-05	5.40e-04	6.01e-02	3.81e-01	5.58e-01	0.00e+00	0.00e+00	0.00e+00
 7.96701e+22	1.80e-17	1.17e-12	2.90e-09	6.65e-07	3.20e-05	5.82e-04	6.28e-02	3.87e-01	5.50e-01	0.00e+00	0.00e+00	0.00e+00
 8.05208e+22	2.34e-17	1.46e-12	3.53e-09	7.83e-07	3.64e-05	6.39e-04	6.63e-02	3.93e-01	5.40e-01	2.34e-17	5.77e-28	6.13e-28
 8.13948e+22	2.92e-17	1.77e-12	4.16e-09	8.99e-07	4.07e-05	6.91e-04	6.95e-02	3.99e-01	5.31e-01	2.92e-17	5.38e-26	6.78e-26
 8.22991e+22	3.81e-17	2.24e-12	5.08e-09	1.06e-06	4.65e-05	7.60e-04	7.34e-02	4.06e-01	5.20e-01	3.81e-17	7.04e-26	8.86e-26
 8.32334e+22	4.79e-17	2.73e-12	6.03e-09	1.23e-06	5.22e-05	8.24e-04	7.70e-02	4.12e-01	5.10e-01	4.79e-17	8.84e-26	1.11e-25
 8.42066e+22	6.33e-17	3.48e-12	7.43e-09	1.46e-06	6.00e-05	9.09e-04	8.16e-02	4.19e-01	4.99e-01	6.33e-17	1.17e-25	1.47e-25
 8.52070e+22	8.02e-17	4.28e-12	8.87e-09	1.70e-06	6.76e-05	9.89e-04	8.56e-02	4.25e-01	4.89e-01	8.02e-17	1.48e-25	1.86e-25
 8.61047e+22	9.99e-17	5.18e-12	1.05e-08	1.95e-06	7.54e-05	1.07e-03	8.95e-02	4.30e-01	4.79e-01	9.99e-17	1.84e-25	2.32e-25
 8.71336e+22	1.35e-16	6.73e-12	1.31e-08	2.35e-06	8.77e-05	1.19e-03	9.52e-02	4.37e-01	4.66e-01	1.35e-16	2.49e-25	3.13e-25
 8.81716e+22	1.68e-16	8.15e-12	1.54e-08	2.70e-06	9.79e-05	1.28e-03	9.95e-02	4.42e-01	4.57e-01	1.68e-16	3.10e-25	3.90e-25
 8.92213e+22	2.25e-16	1.05e-11	1.92e-08	3.25e-06	1.13e-04	1.42e-03	1.06e-01	4.49e-01	4.44e-01	2.25e-16	4.16e-25	5.23e-25
 9.02933e+22	2.86e-16	1.29e-11	2.30e-08	3.77e-06	1.28e-04	1.55e-03	1.11e-01	4.54e-01	4.33e-01	2.86e-16	5.26e-25	6.63e-25
 9.13941e+22	3.86e-16	1.68e-11	2.88e-08	4.56e-06	1.49e-04	1.72e-03	1.17e-01	4.61e-01	4.20e-01	3.86e-16	7.11e-25	8.95e-25
 9.25128e+22	4.93e-16	2.08e-11	3.46e-08	5.32e-06	1.68e-04	1.88e-03	1.23e-01	4.66e-01	4.09e-01	4.93e-16	9.08e-25	1.14e-24
 9.36547e+22	6.75e-16	2.74e-11	4.38e-08	6.49e-06	1.97e-04	2.10e-03	1.31e-01	4.72e-01	3.95e-01	6.75e-16	1.24e-24	1.56e-24
 9.48019e+22	8.58e-16	3.38e-11	5.24e-08	7.55e-06	2.22e-04	2.28e-03	1.37e-01	4.76e-01	3.84e-01	8.58e-16	1.58e-24	1.99e-24
 9.57517e+22	1.07e-15	4.08e-11	6.17e-08	8.65e-06	2.48e-04	2.46e-03	1.43e-01	4.80e-01	3.74e-01	1.07e-15	1.96e-24	2.47e-24
 9.67818e+22	1.41e-15	5.21e-11	7.63e-08	1.04e-05	2.87e-04	2.73e-03	1.51e-01	4.84e-01	3.61e-01	1.41e-15	2.60e-24	3.27e-24
 9.78117e+22	1.75e-15	6.27e-11	8.94e-08	1.18e-05	3.19e-04	2.94e-03	1.58e-01	4.88e-01	3.51e-01	1.75e-15	3.22e-24	4.04e-24
 9.88412e+22	2.31e-15	8.01e-11	1.10e-07	1.42e-05	3.69e-04	3.25e-03	1.66e-01	4.92e-01	3.38e-01	2.31e-15	4.25e-24	5.35e-24
 9.98837e+22	2.87e-15	9.67e-11	1.30e-07	1.63e-05	4.13e-04	3.52e-03	1.73e-01	4.94e-01	3.28e-01	2.87e-15	5.28e-24	6.64e-24
 1.00943e+23	3.82e-15	1.24e-10	1.61e-07	1.96e-05	4.80e-04	3.90e-03	1.83e-01	4.97e-01	3.15e-01	3.82e-15	7.03e-24	8.84e-24
 1.02016e+23	4.76e-15	1.50e-10	1.91e-07	2.25e-05	5.37e-04	4.23e-03	1.91e-01	4.99e-01	3.05e-01	4.76e-15	8.75e-24	1.10e-23
 1.03105e+23	6.34e-15	1.93e-10	2.37e-07	2.71e-05	6.26e-04	4.70e-03	2.02e-01	5.02e-01	2.91e-01	6.34e-15	1.17e-23	1.47e-23
 1.04216e+23	7.96e-15	2.36e-10	2.82e-07	3.15e-05	7.07e-04	5.12e-03	2.11e-01	5.03e-01	2.80e-01	7.96e-15	1.47e-23	1.84e-23
 1.05355e+23	1.07e-14	3.04e-10	3.53e-07	3.82e-05	8.29e-04	5.72e-03	2.23e-01	5.04e-01	2.67e-01	1.07e-14	1.96e-23	2.47e-23
 1.06517e+23	1.35e-14	3.73e-10	4.21e-07	4.46e-05	9.41e-04	6.25e-03	2.33e-01	5.04e-01	2.55e-01	1.35e-14	2.48e-23	3.11e-23
 1.07709e+23	1.81e-14	4.84e-10	5.30e-07	5.44e-05	1.11e-03	7.02e-03	2.47e-01	5.04e-01	2.41e-01	1.81e-14	3.34e-23	4.19e-23
 1.08912e+23	2.28e-14	5.91e-10	6.33e-07	6.35e-05	1.26e-03	7.68e-03	2.58e-01	5.03e-01	2.30e-01	2.28e-14	4.19e-23	5.27e-23
 1.09920e+23	2.79e-14	7.06e-10	7.41e-07	7.29e-05	1.42e-03	8.33e-03	2.68e-01	5.02e-01	2.20e-01	2.79e-14	5.14e-23	6.45e-23
 1.11013e+23	3.59e-14	8.82e-10	9.04e-07	8.69e-05	1.65e-03	9.25e-03	2.82e-01	4.99e-01	2.08e-01	3.59e-14	6.62e-23	8.31e-23
 1.12117e+23	4.38e-14	1.05e-09	1.06e-06	9.99e-05	1.85e-03	1.01e-02	2.93e-01	4.97e-01	1.98e-01	4.38e-14	8.06e-23	1.01e-22
 1.13195e+23	5.50e-14	1.29e-09	1.27e-06	1.18e-04	2.13e-03	1.11e-02	3.06e-01	4.93e-01	1.87e-01	5.50e-14	1.01e-22	1.27e-22
 1.14295e+23	6.68e-14	1.53e-09	1.48e-06	1.35e-04	2.40e-03	1.21e-02	3.18e-01	4.90e-01	1.77e-01	6.68e-14	1.23e-22	1.55e-22
 1.15374e+23	8.21e-14	1.83e-09	1.76e-06	1.58e-04	2.73e-03	1.33e-02	3.32e-01	4.85e-01	1.67e-01	8.21e-14	1.51e-22	1.90e-22
 1.16475e+23	9.91e-14	2.17e-09	2.05e-06	1.82e-04	3.09e-03	1.45e-02	3.45e-01	4.80e-01	1.57e-01	9.91e-14	1.83e-22	2.29e-22
 1.17565e+23	1.19e-13	2.56e-09	2.39e-06	2.09e-04	3.50e-03	1.58e-02	3.58e-01	4.74e-01	1.48e-01	1.19e-13	2.20e-22	2.76e-22
 1.18660e+23	1.42e-13	2.99e-09	2.77e-06	2.40e-04	3.94e-03	1.73e-02	3.71e-01	4.68e-01	1.39e-01	1.42e-13	2.62e-22	3.28e-22
 1.19743e+23	1.67e-13	3.47e-09	3.20e-06	2.74e-04	4.43e-03	1.88e-02	3.85e-01	4.61e-01	1.31e-01	1.67e-13	3.09e-22	3.87e-22
 1.20824e+23	1.96e-13	4.01e-09	3.67e-06	3.13e-04	4.97e-03	2.04e-02	3.98e-01	4.54e-01	1.23e-01	1.96e-13	3.61e-22	4.53e-22
 1.21907e+23	2.28e-13	4.60e-09	4.20e-06	3.55e-04	5.56e-03	2.22e-02	4.11e-01	4.46e-01	1.15e-01	2.28e-13	4.20e-22	5.26e-22
 1.22994e+23	2.62e-13	5.25e-09	4.78e-06	4.02e-04	6.20e-03	2.40e-02	4.24e-01	4.38e-01	1.07e-01	2.62e-13	4.84e-22	6.07e-22
 1.24087e+23	3.01e-13	5.96e-09	5.42e-06	4.54e-04	6.91e-03	2.60e-02	4.36e-01	4.30e-01	1.00e-01	3.01e-13	5.55e-22	6.96e-22
 1.25191e+23	3.43e-13	6.73e-09	6.13e-06	5.12e-04	7.68e-03	2.82e-02	4.49e-01	4.21e-01	9.35e-02	3.43e-13	6.33e-22	7.93e-22
 1.26307e+23	3.88e-13	7.58e-09	6.92e-06	5.77e-04	8.53e-03	3.05e-02	4.62e-01	4.12e-01	8.71e-02	3.88e-13	7.17e-22	8.99e-22
 1.27429e+23	4.37e-13	8.49e-09	7.77e-06	6.47e-04	9.44e-03	3.29e-02	4.74e-01	4.02e-01	8.10e-02	4.37e-13	8.08e-22	1.01e-21
 1.28570e+23	4.90e-13	9.49e-09	8.73e-06	7.27e-04	1.05e-02	3.55e-02	4.86e-01	3.92e-01	7.51e-02	4.90e-13	9.07e-22	1.14e-21
 1.29724e+23	5.46e-13	1.06e-08	9.77e-06	8.14e-04	1.15e-02	3.83e-02	4.98e-01	3.82e-01	6.97e-02	5.46e-13	1.01e-21	1.27e-21
 1.30900e+23	6.08e-13	1.17e-08	1.09e-05	9.13e-04	1.28e-02	4.13e-02	5.09e-01	3.71e-01	6.43e-02	6.08e-13	1.13e-21	1.41e-21
 1.32098e+23	6.73e-13	1.30e-08	1.22e-05	1.02e-03	1.40e-02	4.44e-02	5.21e-01	3.61e-01	5.94e-02	6.73e-13	1.25e-21	1.56e-21
 1.33197e+23	7.31e-13	1.41e-08	1.34e-05	1.12e-03	1.52e-02	4.72e-02	5.30e-01	3.51e-01	5.55e-02	7.31e-13	1.36e-21	1.70e-21
 1.34344e+23	8.06e-13	1.56e-08	1.50e-05	1.26e-03	1.68e-02	5.09e-02	5.40e-01	3.40e-01	5.09e-02	8.06e-13	1.50e-21	1.87e-21
 1.35509e+23	8.74e-13	1.70e-08	1.64e-05	1.38e-03	1.81e-02	5.40e-02	5.49e-01	3.30e-01	4.74e-02	8.74e-13	1.62e-21	2.03e-21
 1.36709e+23	9.63e-13	1.88e-08	1.84e-05	1.55e-03	1.99e-02	5.82e-02	5.59e-01	3.18e-01	4.32e-02	9.63e-13	1.79e-21	2.24e-21
 1.37911e+23	1.04e-12	2.04e-08	2.00e-05	1.69e-03	2.15e-02	6.16e-02	5.66e-01	3.09e-01	4.02e-02	1.04e-12	1.93e-21	2.41e-21
 1.39116e+23	1.13e-12	2.24e-08	2.24e-05	1.90e-03	2.35e-02	6.62e-02	5.75e-01	2.97e-01	3.65e-02	1.13e-12	2.11e-21	2.64e-21
 1.40327e+23	1.22e-12	2.43e-08	2.44e-05	2.07e-03	2.53e-02	6.98e-02	5.81e-01	2.88e-01	3.40e-02	1.22e-12	2.28e-21	2.84e-21
 1.41546e+23	1.33e-12	2.67e-08	2.72e-05	2.32e-03	2.76e-02	7.48e-02	5.89e-01	2.76e-01	3.08e-02	1.33e-12	2.49e-21	3.10e-21
 1.42778e+23	1.43e-12	2.90e-08	2.97e-05	2.53e-03	2.95e-02	7.88e-02	5.94e-01	2.66e-01	2.86e-02	1.43e-12	2.68e-21	3.34e-21
 1.44028e+23	1.56e-12	3.19e-08	3.32e-05	2.83e-03	3.22e-02	8.42e-02	6.00e-01	2.55e-01	2.58e-02	1.56e-12	2.92e-21	3.65e-21
 1.45296e+23	1.68e-12	3.46e-08	3.63e-05	3.09e-03	3.44e-02	8.86e-02	6.04e-01	2.46e-01	2.39e-02	1.68e-12	3.15e-21	3.93e-21
 1.46587e+23	1.84e-12	3.83e-08	4.07e-05	3.46e-03	3.74e-02	9.45e-02	6.09e-01	2.34e-01	2.15e-02	1.84e-12	3.45e-21	4.30e-21
 1.47903e+23	1.99e-12	4.18e-08	4.47e-05	3.78e-03	4.00e-02	9.94e-02	6.12e-01	2.25e-01	1.98e-02	1.99e-12	3.73e-21	4.65e-21
 1.49252e+23	2.18e-12	4.65e-08	5.03e-05	4.25e-03	4.35e-02	1.06e-01	6.15e-01	2.13e-01	1.77e-02	2.18e-12	4.10e-21	5.12e-21
 1.50633e+23	2.38e-12	5.10e-08	5.55e-05	4.66e-03	4.65e-02	1.11e-01	6.17e-01	2.04e-01	1.62e-02	2.38e-12	4.47e-21	5.57e-21
 1.52056e+23	2.62e-12	5.72e-08	6.29e-05	5.25e-03	5.05e-02	1.19e-01	6.19e-01	1.93e-01	1.44e-02	2.62e-12	4.95e-21	6.17e-21
 1.53502e+23	2.89e-12	6.35e-08	7.00e-05	5.78e-03	5.40e-02	1.24e-01	6.19e-01	1.84e-01	1.31e-02	2.89e-12	5.47e-21	6.81e-21
 1.54725e+23	3.12e-12	6.91e-08	7.66e-05	6.29e-03	5.72e-02	1.30e-01	6.19e-01	1.76e-01	1.20e-02	3.12e-12	5.90e-21	7.34e-21
 1.56059e+23	3.45e-12	7.76e-08	8.64e-05	7.02e-03	6.15e-02	1.37e-01	6.18e-01	1.66e-01	1.08e-02	3.45e-12	6.55e-21	8.15e-21
 1.57349e+23	3.74e-12	8.46e-08	9.43e-05	7.59e-03	6.47e-02	1.42e-01	6.16e-01	1.60e-01	9.93e-03	3.74e-12	7.10e-21	8.84e-21
 1.58581e+23	4.09e-12	9.40e-08	1.05e-04	8.37e-03	6.91e-02	1.49e-01	6.14e-01	1.51e-01	8.93e-03	4.09e-12	7.79e-21	9.69e-21
 1.59827e+23	4.49e-12	1.03e-07	1.15e-04	9.06e-03	7.27e-02	1.54e-01	6.11e-01	1.45e-01	8.24e-03	4.49e-12	8.55e-21	1.06e-20
 1.61090e+23	4.97e-12	1.16e-07	1.30e-04	1.00e-02	7.74e-02	1.61e-01	6.07e-01	1.36e-01	7.39e-03	4.97e-12	9.49e-21	1.18e-20
 1.62374e+23	5.47e-12	1.28e-07	1.43e-04	1.08e-02	8.14e-02	1.67e-01	6.04e-01	1.30e-01	6.78e-03	5.47e-12	1.05e-20	1.30e-20
 1.63683e+23	6.11e-12	1.45e-07	1.61e-04	1.20e-02	8.68e-02	1.74e-01	5.98e-01	1.23e-01	6.05e-03	6.11e-12	1.17e-20	1.46e-20
 1.65012e+23	6.81e-12	1.62e-07	1.78e-04	1.30e-02	9.12e-02	1.80e-01	5.93e-01	1.17e-01	5.54e-03	6.81e-12	1.31e-20	1.63e-20
 1.66366e+23	7.66e-12	1.84e-07	2.02e-04	1.44e-02	9.71e-02	1.88e-01	5.86e-01	1.09e-01	4.91e-03	7.66e-12	1.48e-20	1.83e-20
 1.67743e+23	8.56e-12	2.07e-07	2.24e-04	1.57e-02	1.02e-01	1.94e-01	5.80e-01	1.04e-01	4.46e-03	8.56e-12	1.66e-20	2.06e-20
 1.69151e+23	9.82e-12	2.39e-07	2.56e-04	1.74e-02	1.09e-01	2.02e-01	5.72e-01	9.65e-02	3.94e-03	9.82e-12	1.90e-20	2.36e-20
 1.70601e+23	1.11e-11	2.71e-07	2.86e-04	1.90e-02	1.14e-01	2.08e-01	5.64e-01	9.11e-02	3.55e-03	1.11e-11	2.16e-20	2.68e-20
 1.72105e+23	1.30e-11	3.17e-07	3.30e-04	2.13e-02	1.22e-01	2.16e-01	5.53e-01	8.42e-02	3.10e-03	1.30e-11	2.53e-20	3.14e-20
 1.73638e+23	1.48e-11	3.63e-07	3.71e-04	2.32e-02	1.28e-01	2.22e-01	5.44e-01	7.91e-02	2.78e-03	1.48e-11	2.91e-20	3.60e-20
 1.75209e+23	1.76e-11	4.31e-07	4.32e-04	2.60e-02	1.37e-01	2.31e-01	5.31e-01	7.27e-02	2.41e-03	1.76e-11	3.46e-20	4.28e-20
 1.76796e+23	2.04e-11	4.97e-07	4.87e-04	2.84e-02	1.44e-01	2.36e-01	5.21e-01	6.80e-02	2.15e-03	2.04e-11	4.03e-20	4.99e-20
 1.78404e+23	2.44e-11	5.95e-07	5.68e-04	3.18e-02	1.53e-01	2.44e-01	5.06e-01	6.22e-02	1.85e-03	2.44e-11	4.84e-20	5.98e-20
 1.80030e+23	2.85e-11	6.90e-07	6.43e-04	3.48e-02	1.60e-01	2.50e-01	4.95e-01	5.80e-02	1.65e-03	2.85e-11	5.69e-20	7.03e-20
 1.81680e+23	3.46e-11	8.33e-07	7.53e-04	3.89e-02	1.70e-01	2.57e-01	4.79e-01	5.27e-02	1.40e-03	3.46e-11	6.94e-20	8.57e-20
 1.83292e+23	4.04e-11	9.62e-07	8.46e-04	4.23e-02	1.78e-01	2.62e-01	4.67e-01	4.91e-02	1.25e-03	4.04e-11	8.14e-20	1.01e-19
 1.84857e+23	4.88e-11	1.15e-06	9.82e-04	4.69e-02	1.87e-01	2.68e-01	4.51e-01	4.47e-02	1.08e-03	4.88e-11	9.89e-20	1.22e-19
 1.86480e+23	5.81e-11	1.35e-06	1.11e-03	5.11e-02	1.96e-01	2.72e-01	4.38e-01	4.14e-02	9.50e-04	5.81e-11	1.18e-19	1.46e-19
 1.87863e+23	6.72e-11	1.54e-06	1.24e-03	5.50e-02	2.03e-01	2.76e-01	4.25e-01	3.85e-02	8.49e-04	6.72e-11	1.37e-19	1.69e-19
 1.89347e+23	8.12e-11	1.84e-06	1.42e-03	6.03e-02	2.13e-01	2.80e-01	4.10e-01	3.51e-02	7.33e-04	8.12e-11	1.67e-19	2.06e-19
 1.90844e+23	9.51e-11	2.11e-06	1.59e-03	6.50e-02	2.20e-01	2.83e-01	3.97e-01	3.26e-02	6.52e-04	9.51e-11	1.97e-19	2.42e-19
 1.92356e+23	1.16e-10	2.52e-06	1.82e-03	7.11e-02	2.30e-01	2.86e-01	3.81e-01	2.96e-02	5.61e-04	1.16e-10	2.41e-19	2.96e-19
 1.93914e+23	1.37e-10	2.93e-06	2.05e-03	7.69e-02	2.38e-01	2.88e-01	3.67e-01	2.72e-02	4.91e-04	1.37e-10	2.87e-19	3.53e-19
 1.95293e+23	1.62e-10	3.38e-06	2.29e-03	8.25e-02	2.46e-01	2.90e-01	3.54e-01	2.51e-02	4.34e-04	1.62e-10	3.40e-19	4.18e-19
 1.96848e+23	1.99e-10	4.04e-06	2.63e-03	9.01e-02	2.56e-01	2.91e-01	3.37e-01	2.27e-02	3.71e-04	1.99e-10	4.22e-19	5.19e-19
 1.98489e+23	2.41e-10	4.76e-06	2.98e-03	9.75e-02	2.65e-01	2.92e-01	3.22e-01	2.06e-02	3.20e-04	2.41e-10	5.14e-19	6.31e-19
 1.99983e+23	2.88e-10	5.55e-06	3.34e-03	1.05e-01	2.73e-01	2.92e-01	3.08e-01	1.88e-02	2.79e-04	2.88e-10	6.20e-19	7.61e-19
 2.01669e+23	3.63e-10	6.73e-06	3.86e-03	1.15e-01	2.83e-01	2.91e-01	2.91e-01	1.67e-02	2.33e-04	3.63e-10	7.87e-19	9.66e-19
 2.03407e+23	4.44e-10	7.96e-06	4.37e-03	1.24e-01	2.91e-01	2.90e-01	2.76e-01	1.50e-02	1.99e-04	4.44e-10	9.71e-19	1.19e-18
 2.04950e+23	5.36e-10	9.31e-06	4.90e-03	1.33e-01	2.99e-01	2.88e-01	2.62e-01	1.35e-02	1.72e-04	5.36e-10	1.18e-18	1.45e-18
 2.06695e+23	6.83e-10	1.13e-05	5.66e-03	1.44e-01	3.08e-01	2.85e-01	2.45e-01	1.19e-02	1.42e-04	6.83e-10	1.52e-18	1.86e-18
 2.08506e+23	8.46e-10	1.35e-05	6.42e-03	1.55e-01	3.16e-01	2.82e-01	2.30e-01	1.06e-02	1.19e-04	8.46e-10	1.90e-18	2.33e-18
 2.10132e+23	1.04e-09	1.58e-05	7.21e-03	1.66e-01	3.23e-01	2.78e-01	2.16e-01	9.45e-03	1.01e-04	1.04e-09	2.35e-18	2.88e-18
 2.11975e+23	1.34e-09	1.95e-05	8.35e-03	1.81e-01	3.31e-01	2.73e-01	1.99e-01	8.16e-03	8.19e-05	1.34e-09	3.09e-18	3.77e-18
 2.13879e+23	1.68e-09	2.32e-05	9.46e-03	1.94e-01	3.37e-01	2.67e-01	1.85e-01	7.17e-03	6.81e-05	1.68e-09	3.91e-18	4.76e-18
 2.15863e+23	2.22e-09	2.88e-05	1.10e-02	2.11e-01	3.44e-01	2.60e-01	1.69e-01	6.08e-03	5.38e-05	2.22e-09	5.25e-18	6.39e-18
 2.17869e+23	2.80e-09	3.43e-05	1.24e-02	2.25e-01	3.49e-01	2.53e-01	1.56e-01	5.29e-03	4.42e-05	2.80e-09	6.68e-18	8.13e-18
 2.19630e+23	3.49e-09	4.06e-05	1.40e-02	2.39e-01	3.52e-01	2.45e-01	1.44e-01	4.63e-03	3.66e-05	3.49e-09	8.44e-18	1.03e-17
 2.21647e+23	4.66e-09	5.06e-05	1.62e-02	2.59e-01	3.56e-01	2.36e-01	1.29e-01	3.85e-03	2.83e-05	4.66e-09	1.15e-17	1.39e-17
 2.23687e+23	5.86e-09	6.00e-05	1.82e-02	2.74e-01	3.58e-01	2.27e-01	1.18e-01	3.32e-03	2.30e-05	5.86e-09	1.46e-17	1.77e-17
 2.25758e+23	7.83e-09	7.43e-05	2.10e-02	2.94e-01	3.60e-01	2.17e-01	1.06e-01	2.75e-03	1.77e-05	7.83e-09	1.99e-17	2.41e-17
 2.27866e+23	9.95e-09	8.85e-05	2.36e-02	3.11e-01	3.60e-01	2.07e-01	9.57e-02	2.34e-03	1.42e-05	9.95e-09	2.57e-17	3.11e-17
 2.29742e+23	1.26e-08	1.05e-04	2.65e-02	3.28e-01	3.59e-01	1.98e-01	8.65e-02	1.99e-03	1.14e-05	1.26e-08	3.30e-17	4.00e-17
 2.31898e+23	1.70e-08	1.31e-04	3.05e-02	3.49e-01	3.57e-01	1.86e-01	7.57e-02	1.61e-03	8.48e-06	1.70e-08	4.57e-17	5.52e-17
 2.34082e+23	2.17e-08	1.55e-04	3.41e-02	3.66e-01	3.54e-01	1.76e-01	6.79e-02	1.35e-03	6.71e-06	2.17e-08	5.91e-17	7.13e-17
 2.36300e+23	2.95e-08	1.93e-04	3.91e-02	3.88e-01	3.49e-01	1.63e-01	5.88e-02	1.08e-03	4.93e-06	2.95e-08	8.23e-17	9.93e-17
 2.38549e+23	3.76e-08	2.29e-04	4.36e-02	4.06e-01	3.44e-01	1.53e-01	5.22e-02	8.97e-04	3.84e-06	3.76e-08	1.07e-16	1.29e-16
 2.40837e+23	5.14e-08	2.85e-04	4.99e-02	4.27e-01	3.37e-01	1.41e-01	4.46e-02	7.04e-04	2.77e-06	5.14e-08	1.50e-16	1.81e-16
 2.43080e+23	6.46e-08	3.34e-04	5.51e-02	4.43e-01	3.30e-01	1.32e-01	3.96e-02	5.86e-04	2.17e-06	6.46e-08	1.93e-16	2.32e-16
 2.45265e+23	8.67e-08	4.09e-04	6.23e-02	4.62e-01	3.21e-01	1.20e-01	3.39e-02	4.61e-04	1.57e-06	8.67e-08	2.66e-16	3.19e-16
 2.47378e+23	1.06e-07	4.71e-04	6.78e-02	4.75e-01	3.14e-01	1.13e-01	3.03e-02	3.89e-04	1.25e-06	1.06e-07	3.32e-16	3.99e-16
 2.49397e+23	1.39e-07	5.66e-04	7.56e-02	4.91e-01	3.04e-01	1.03e-01	2.60e-02	3.09e-04	9.24e-07	1.39e-07	4.47e-16	5.36e-16
 2.51409e+23	1.70e-07	6.49e-04	8.19e-02	5.03e-01	2.95e-01	9.60e-02	2.31e-02	2.59e-04	7.32e-07	1.70e-07	5.57e-16	6.68e-16
 2.53412e+23	2.19e-07	7.69e-04	9.04e-02	5.16e-01	2.85e-01	8.76e-02	1.99e-02	2.07e-04	5.45e-07	2.19e-07	7.37e-16	8.83e-16
 2.55491e+23	2.74e-07	8.94e-04	9.87e-02	5.27e-01	2.75e-01	8.06e-02	1.74e-02	1.69e-04	4.16e-07	2.74e-07	9.44e-16	1.13e-15
 2.57358e+23	3.36e-07	1.02e-03	1.07e-01	5.37e-01	2.66e-01	7.43e-02	1.53e-02	1.40e-04	3.24e-07	3.36e-07	1.18e-15	1.42e-15
 2.59475e+23	4.38e-07	1.22e-03	1.18e-01	5.48e-01	2.53e-01	6.68e-02	1.29e-02	1.09e-04	2.33e-07	4.38e-07	1.59e-15	1.90e-15
 2.61621e+23	5.41e-07	1.40e-03	1.27e-01	5.56e-01	2.43e-01	6.11e-02	1.12e-02	8.87e-05	1.78e-07	5.41e-07	2.02e-15	2.41e-15
 2.63805e+23	7.05e-07	1.67e-03	1.40e-01	5.64e-01	2.31e-01	5.44e-02	9.39e-03	6.82e-05	1.27e-07	7.05e-07	2.72e-15	3.25e-15
 2.66024e+23	8.73e-07	1.93e-03	1.51e-01	5.70e-01	2.20e-01	4.93e-02	8.08e-03	5.48e-05	0.00e+00	8.73e-07	3.47e-15	4.13e-15
 2.67807e+23	1.04e-06	2.16e-03	1.61e-01	5.73e-01	2.11e-01	4.54e-02	7.14e-03	4.58e-05	0.00e+00	1.04e-06	4.22e-15	5.03e-15
 2.69643e+23	1.28e-06	2.48e-03	1.73e-01	5.77e-01	2.01e-01	4.10e-02	6.13e-03	3.66e-05	0.00e+00	1.28e-06	5.39e-15	6.41e-15
 2.71523e+23	1.53e-06	2.79e-03	1.84e-01	5.78e-01	1.92e-01	3.75e-02	5.38e-03	3.03e-05	0.00e+00	1.53e-06	6.59e-15	7.84e-15
 2.73197e+23	1.82e-06	3.11e-03	1.95e-01	5.79e-01	1.83e-01	3.44e-02	4.72e-03	2.51e-05	0.00e+00	1.82e-06	8.03e-15	9.54e-15
 2.75111e+23	2.26e-06	3.58e-03	2.09e-01	5.80e-01	1.73e-01	3.07e-02	4.01e-03	1.98e-05	0.00e+00	2.26e-06	1.03e-14	1.22e-14
 2.77048e+23	2.70e-06	4.02e-03	2.22e-01	5.79e-01	1.64e-01	2.79e-02	3.49e-03	1.62e-05	0.00e+00	2.70e-06	1.26e-14	1.50e-14
 2.78745e+23	3.20e-06	4.48e-03	2.34e-01	5.77e-01	1.56e-01	2.54e-02	3.04e-03	1.33e-05	0.00e+00	3.20e-06	1.54e-14	1.82e-14
 2.80681e+23	3.95e-06	5.14e-03	2.50e-01	5.73e-01	1.46e-01	2.25e-02	2.56e-03	1.04e-05	0.00e+00	3.95e-06	1.97e-14	2.34e-14
 2.82648e+23	4.72e-06	5.76e-03	2.65e-01	5.69e-01	1.38e-01	2.03e-02	2.22e-03	8.41e-06	0.00e+00	4.72e-06	2.42e-14	2.87e-14
 2.84380e+23	5.60e-06	6.43e-03	2.79e-01	5.64e-01	1.30e-01	1.84e-02	1.92e-03	6.85e-06	0.00e+00	5.60e-06	2.95e-14	3.50e-14
 2.86355e+23	6.92e-06	7.37e-03	2.97e-01	5.57e-01	1.21e-01	1.62e-02	1.60e-03	5.29e-06	0.00e+00	6.92e-06	3.79e-14	4.49e-14
 2.88366e+23	8.25e-06	8.26e-03	3.12e-01	5.50e-01	1.14e-01	1.45e-02	1.37e-03	4.24e-06	0.00e+00	8.25e-06	4.67e-14	5.52e-14
 2.90144e+23	9.79e-06	9.21e-03	3.28e-01	5.42e-01	1.07e-01	1.30e-02	1.18e-03	3.42e-06	0.00e+00	9.79e-06	5.71e-14	6.75e-14
 2.92179e+23	1.21e-05	1.06e-02	3.47e-01	5.31e-01	9.83e-02	1.13e-02	9.75e-04	2.60e-06	0.00e+00	1.21e-05	7.35e-14	8.70e-14
 2.94251e+23	1.45e-05	1.18e-02	3.65e-01	5.21e-01	9.15e-02	1.00e-02	8.27e-04	2.06e-06	0.00e+00	1.45e-05	9.08e-14	1.07e-13
 2.96091e+23	1.72e-05	1.32e-02	3.82e-01	5.10e-01	8.52e-02	8.89e-03	7.03e-04	1.64e-06	0.00e+00	1.72e-05	1.11e-13	1.32e-13
 2.98200e+23	2.13e-05	1.52e-02	4.03e-01	4.96e-01	7.76e-02	7.63e-03	5.72e-04	1.22e-06	0.00e+00	2.13e-05	1.45e-13	1.71e-13
 3.00354e+23	2.56e-05	1.70e-02	4.22e-01	4.83e-01	7.15e-02	6.69e-03	4.79e-04	9.50e-07	0.00e+00	2.56e-05	1.80e-13	2.12e-13
 3.02271e+23	3.05e-05	1.90e-02	4.40e-01	4.69e-01	6.60e-02	5.87e-03	4.02e-04	7.42e-07	0.00e+00	3.05e-05	2.22e-13	2.62e-13
 3.04470e+23	3.80e-05	2.19e-02	4.63e-01	4.51e-01	5.94e-02	4.97e-03	3.22e-04	5.42e-07	0.00e+00	3.80e-05	2.90e-13	3.43e-13
 3.06707e+23	4.63e-05	2.50e-02	4.82e-01	4.34e-01	5.41e-02	4.29e-03	2.65e-04	4.13e-07	0.00e+00	4.63e-05	3.67e-13	4.34e-13
 3.08134e+23	5.12e-05	2.68e-02	4.91e-01	4.27e-01	5.18e-02	4.01e-03	2.43e-04	3.64e-07	0.00e+00	5.12e-05	4.12e-13	4.87e-13
