#depth	He	He+	He+2
 4.62852e+21	8.16e-07	9.61e-03	9.90e-01
 1.03317e+22	1.76e-06	1.40e-02	9.86e-01
 1.19437e+22	2.56e-06	1.69e-02	9.83e-01
 1.28043e+22	3.20e-06	1.89e-02	9.81e-01
 1.32534e+22	3.50e-06	1.97e-02	9.80e-01
 1.35430e+22	3.90e-06	2.08e-02	9.79e-01
 1.38561e+22	4.32e-06	2.19e-02	9.78e-01
 1.41999e+22	4.91e-06	2.33e-02	9.77e-01
 1.45507e+22	5.49e-06	2.46e-02	9.75e-01
 1.48565e+22	6.07e-06	2.58e-02	9.74e-01
 1.52001e+22	6.92e-06	2.76e-02	9.72e-01
 1.55539e+22	7.72e-06	2.91e-02	9.71e-01
 1.59207e+22	8.85e-06	3.11e-02	9.69e-01
 1.62911e+22	9.91e-06	3.29e-02	9.67e-01
 1.66170e+22	1.11e-05	3.47e-02	9.65e-01
 1.69914e+22	1.27e-05	3.72e-02	9.63e-01
 1.73707e+22	1.43e-05	3.93e-02	9.61e-01
 1.77561e+22	1.64e-05	4.21e-02	9.58e-01
 1.81485e+22	1.85e-05	4.47e-02	9.55e-01
 1.84974e+22	2.08e-05	4.73e-02	9.53e-01
 1.88986e+22	2.41e-05	5.08e-02	9.49e-01
 1.93056e+22	2.73e-05	5.39e-02	9.46e-01
 1.97201e+22	3.17e-05	5.80e-02	9.42e-01
 2.01266e+22	3.56e-05	6.13e-02	9.39e-01
 2.05227e+22	4.12e-05	6.58e-02	9.34e-01
 2.09117e+22	4.59e-05	6.93e-02	9.31e-01
 2.12391e+22	5.09e-05	7.29e-02	9.27e-01
 2.16127e+22	5.85e-05	7.79e-02	9.22e-01
 2.19826e+22	6.48e-05	8.18e-02	9.18e-01
 2.23478e+22	7.36e-05	8.69e-02	9.13e-01
 2.27249e+22	8.24e-05	9.17e-02	9.08e-01
 2.30623e+22	9.16e-05	9.64e-02	9.03e-01
 2.34455e+22	1.05e-04	1.03e-01	8.97e-01
 2.38350e+22	1.17e-04	1.08e-01	8.91e-01
 2.42327e+22	1.34e-04	1.15e-01	8.84e-01
 2.46023e+22	1.47e-04	1.21e-01	8.79e-01
 2.48889e+22	1.62e-04	1.26e-01	8.74e-01
 2.52154e+22	1.80e-04	1.33e-01	8.67e-01
 2.55518e+22	1.97e-04	1.38e-01	8.62e-01
 2.58553e+22	2.17e-04	1.44e-01	8.56e-01
 2.61585e+22	2.37e-04	1.50e-01	8.49e-01
 2.65069e+22	2.66e-04	1.58e-01	8.41e-01
 2.68579e+22	2.92e-04	1.66e-01	8.34e-01
 2.71623e+22	3.20e-04	1.72e-01	8.27e-01
 2.75084e+22	3.58e-04	1.81e-01	8.18e-01
 2.78616e+22	3.92e-04	1.89e-01	8.11e-01
 2.82242e+22	4.40e-04	1.99e-01	8.01e-01
 2.85887e+22	4.85e-04	2.08e-01	7.92e-01
 2.89061e+22	5.30e-04	2.16e-01	7.84e-01
 2.92690e+22	5.92e-04	2.27e-01	7.73e-01
 2.96417e+22	6.52e-04	2.36e-01	7.63e-01
 3.00272e+22	7.32e-04	2.49e-01	7.51e-01
 3.04170e+22	8.07e-04	2.59e-01	7.40e-01
 3.08122e+22	9.08e-04	2.72e-01	7.27e-01
 3.12160e+22	1.00e-03	2.84e-01	7.15e-01
 3.15766e+22	1.10e-03	2.96e-01	7.03e-01
 3.19909e+22	1.24e-03	3.10e-01	6.88e-01
 3.24147e+22	1.37e-03	3.23e-01	6.75e-01
 3.26517e+22	1.41e-03	3.27e-01	6.72e-01
 3.27314e+22	1.43e-03	3.29e-01	6.70e-01
 3.28057e+22	1.47e-03	3.32e-01	6.67e-01
 3.29023e+22	1.50e-03	3.35e-01	6.64e-01
 3.30279e+22	1.56e-03	3.40e-01	6.59e-01
 3.31911e+22	1.63e-03	3.46e-01	6.52e-01
 3.34033e+22	1.73e-03	3.54e-01	6.44e-01
 3.36792e+22	1.87e-03	3.65e-01	6.33e-01
 3.39777e+22	2.01e-03	3.76e-01	6.22e-01
 3.43057e+22	2.20e-03	3.89e-01	6.09e-01
 3.46352e+22	2.37e-03	4.00e-01	5.98e-01
 3.49667e+22	2.59e-03	4.13e-01	5.84e-01
 3.53039e+22	2.79e-03	4.25e-01	5.73e-01
 3.56484e+22	3.06e-03	4.39e-01	5.58e-01
 3.59966e+22	3.29e-03	4.51e-01	5.46e-01
 3.63497e+22	3.59e-03	4.65e-01	5.32e-01
 3.67158e+22	3.89e-03	4.78e-01	5.19e-01
 3.70986e+22	4.28e-03	4.94e-01	5.02e-01
 3.74847e+22	4.63e-03	5.07e-01	4.89e-01
 3.78751e+22	5.09e-03	5.23e-01	4.72e-01
 3.82755e+22	5.53e-03	5.37e-01	4.58e-01
 3.86889e+22	6.09e-03	5.53e-01	4.41e-01
 3.91081e+22	6.62e-03	5.68e-01	4.26e-01
 3.95346e+22	7.32e-03	5.85e-01	4.08e-01
 3.99636e+22	7.93e-03	5.99e-01	3.93e-01
 4.03956e+22	8.77e-03	6.16e-01	3.75e-01
 4.08382e+22	9.51e-03	6.30e-01	3.60e-01
 4.11859e+22	1.01e-02	6.41e-01	3.49e-01
 4.15295e+22	1.09e-02	6.54e-01	3.35e-01
 4.19762e+22	1.21e-02	6.71e-01	3.17e-01
 4.24487e+22	1.32e-02	6.86e-01	3.01e-01
 4.29548e+22	1.48e-02	7.05e-01	2.81e-01
 4.34667e+22	1.61e-02	7.18e-01	2.65e-01
 4.39860e+22	1.81e-02	7.36e-01	2.45e-01
 4.45238e+22	1.99e-02	7.51e-01	2.29e-01
 4.50857e+22	2.25e-02	7.68e-01	2.09e-01
 4.56708e+22	2.49e-02	7.82e-01	1.93e-01
 4.62799e+22	2.84e-02	7.99e-01	1.73e-01
 4.68969e+22	3.17e-02	8.12e-01	1.57e-01
 4.73757e+22	3.43e-02	8.20e-01	1.45e-01
 4.78432e+22	3.80e-02	8.30e-01	1.32e-01
 4.83262e+22	4.18e-02	8.38e-01	1.20e-01
 4.88292e+22	4.68e-02	8.46e-01	1.08e-01
 4.93469e+22	5.18e-02	8.52e-01	9.66e-02
 4.98837e+22	5.91e-02	8.57e-01	8.43e-02
 5.03719e+22	6.46e-02	8.59e-01	7.64e-02
 5.07259e+22	6.99e-02	8.60e-01	7.02e-02
 5.11149e+22	7.75e-02	8.59e-01	6.31e-02
 5.15343e+22	8.57e-02	8.57e-01	5.68e-02
 5.19188e+22	9.46e-02	8.54e-01	5.15e-02
 5.22763e+22	1.04e-01	8.49e-01	4.70e-02
 5.26072e+22	1.14e-01	8.42e-01	4.33e-02
 5.29131e+22	1.25e-01	8.34e-01	4.01e-02
 5.31947e+22	1.37e-01	8.25e-01	3.76e-02
 5.34493e+22	1.49e-01	8.16e-01	3.56e-02
 5.36801e+22	1.61e-01	8.05e-01	3.39e-02
 5.38903e+22	1.74e-01	7.93e-01	3.26e-02
 5.40222e+22	1.81e-01	7.86e-01	3.23e-02
 5.40713e+22	1.84e-01	7.83e-01	3.21e-02
 5.41109e+22	1.87e-01	7.81e-01	3.19e-02
 5.41623e+22	1.91e-01	7.77e-01	3.16e-02
 5.42237e+22	1.96e-01	7.72e-01	3.13e-02
 5.42854e+22	2.01e-01	7.68e-01	3.10e-02
 5.43423e+22	2.06e-01	7.63e-01	3.09e-02
 5.44006e+22	2.11e-01	7.59e-01	3.06e-02
 5.44615e+22	2.16e-01	7.53e-01	3.04e-02
 5.45213e+22	2.22e-01	7.48e-01	3.03e-02
 5.45815e+22	2.27e-01	7.43e-01	3.01e-02
 5.46442e+22	2.33e-01	7.37e-01	3.00e-02
 5.47088e+22	2.40e-01	7.31e-01	2.99e-02
 5.47756e+22	2.47e-01	7.24e-01	2.97e-02
 5.48433e+22	2.54e-01	7.17e-01	2.96e-02
 5.49121e+22	2.61e-01	7.09e-01	2.95e-02
 5.49846e+22	2.70e-01	7.01e-01	2.95e-02
 5.50591e+22	2.78e-01	6.92e-01	2.94e-02
 5.51179e+22	2.84e-01	6.86e-01	2.95e-02
 5.51564e+22	2.89e-01	6.82e-01	2.96e-02
 5.51927e+22	2.93e-01	6.77e-01	2.95e-02
 5.52362e+22	2.99e-01	6.72e-01	2.95e-02
 5.52845e+22	3.06e-01	6.65e-01	2.94e-02
 5.53309e+22	3.11e-01	6.59e-01	2.94e-02
 5.53758e+22	3.17e-01	6.53e-01	2.94e-02
 5.54222e+22	3.24e-01	6.47e-01	2.93e-02
 5.54697e+22	3.30e-01	6.40e-01	2.92e-02
 5.55176e+22	3.38e-01	6.33e-01	2.91e-02
 5.55651e+22	3.44e-01	6.27e-01	2.91e-02
 5.56144e+22	3.52e-01	6.19e-01	2.89e-02
 5.56660e+22	3.60e-01	6.11e-01	2.87e-02
 5.57170e+22	3.67e-01	6.04e-01	2.86e-02
 5.57688e+22	3.76e-01	5.96e-01	2.84e-02
 5.58231e+22	3.85e-01	5.87e-01	2.82e-02
 5.58780e+22	3.94e-01	5.78e-01	2.79e-02
 5.59337e+22	4.03e-01	5.69e-01	2.77e-02
 5.59914e+22	4.13e-01	5.60e-01	2.74e-02
 5.60510e+22	4.23e-01	5.50e-01	2.70e-02
 5.61117e+22	4.34e-01	5.40e-01	2.67e-02
 5.61748e+22	4.45e-01	5.29e-01	2.62e-02
 5.62405e+22	4.56e-01	5.18e-01	2.58e-02
 5.63067e+22	4.68e-01	5.06e-01	2.53e-02
 5.63742e+22	4.80e-01	4.95e-01	2.48e-02
 5.64439e+22	4.93e-01	4.83e-01	2.42e-02
 5.65159e+22	5.06e-01	4.70e-01	2.36e-02
 5.65903e+22	5.19e-01	4.58e-01	2.30e-02
 5.66667e+22	5.33e-01	4.45e-01	2.23e-02
 5.67448e+22	5.47e-01	4.31e-01	2.16e-02
 5.68241e+22	5.61e-01	4.18e-01	2.08e-02
 5.69045e+22	5.75e-01	4.05e-01	2.01e-02
 5.69865e+22	5.89e-01	3.92e-01	1.93e-02
 5.70704e+22	6.03e-01	3.79e-01	1.86e-02
 5.71546e+22	6.16e-01	3.66e-01	1.78e-02
 5.72395e+22	6.30e-01	3.53e-01	1.71e-02
 5.73268e+22	6.43e-01	3.40e-01	1.63e-02
 5.74157e+22	6.56e-01	3.28e-01	1.56e-02
 5.75055e+22	6.69e-01	3.16e-01	1.48e-02
 5.75977e+22	6.82e-01	3.04e-01	1.41e-02
 5.76922e+22	6.95e-01	2.92e-01	1.33e-02
 5.77882e+22	7.07e-01	2.80e-01	1.26e-02
 5.78856e+22	7.19e-01	2.69e-01	1.18e-02
 5.79860e+22	7.31e-01	2.58e-01	1.11e-02
 5.80885e+22	7.42e-01	2.47e-01	1.04e-02
 5.81884e+22	7.53e-01	2.37e-01	9.80e-03
 5.82821e+22	7.62e-01	2.29e-01	9.22e-03
 5.83684e+22	7.71e-01	2.21e-01	8.71e-03
 5.84490e+22	7.78e-01	2.13e-01	8.24e-03
 5.85236e+22	7.85e-01	2.07e-01	7.83e-03
 5.85959e+22	7.92e-01	2.01e-01	7.44e-03
 5.86686e+22	7.97e-01	1.96e-01	7.09e-03
 5.87399e+22	8.03e-01	1.90e-01	6.73e-03
 5.88067e+22	8.09e-01	1.85e-01	6.43e-03
 5.88688e+22	8.13e-01	1.80e-01	6.14e-03
 5.89313e+22	8.18e-01	1.76e-01	5.86e-03
 5.89916e+22	8.23e-01	1.72e-01	5.62e-03
 5.90485e+22	8.27e-01	1.68e-01	5.38e-03
 5.91051e+22	8.31e-01	1.64e-01	5.15e-03
 5.91593e+22	8.34e-01	1.61e-01	4.95e-03
 5.92103e+22	8.38e-01	1.57e-01	4.76e-03
 5.92602e+22	8.41e-01	1.54e-01	4.57e-03
 5.93089e+22	8.44e-01	1.51e-01	4.40e-03
 5.93547e+22	8.47e-01	1.48e-01	4.24e-03
 5.93963e+22	8.50e-01	1.46e-01	4.10e-03
 5.94342e+22	8.53e-01	1.43e-01	3.97e-03
 5.94687e+22	8.55e-01	1.41e-01	3.86e-03
 5.95001e+22	8.57e-01	1.39e-01	3.75e-03
 5.95287e+22	8.59e-01	1.38e-01	3.66e-03
 5.95547e+22	8.60e-01	1.36e-01	3.58e-03
 5.95832e+22	8.62e-01	1.34e-01	3.48e-03
 5.96139e+22	8.64e-01	1.32e-01	3.39e-03
 5.96419e+22	8.66e-01	1.31e-01	3.31e-03
 5.96674e+22	8.67e-01	1.29e-01	3.24e-03
 5.96906e+22	8.69e-01	1.28e-01	3.19e-03
 5.97160e+22	8.70e-01	1.27e-01	3.10e-03
 5.97490e+22	8.72e-01	1.25e-01	3.01e-03
 5.97846e+22	8.74e-01	1.23e-01	2.92e-03
 5.98171e+22	8.76e-01	1.21e-01	2.85e-03
 5.98466e+22	8.77e-01	1.20e-01	2.78e-03
 5.98789e+22	8.79e-01	1.18e-01	2.70e-03
 5.99138e+22	8.81e-01	1.17e-01	2.63e-03
 5.99456e+22	8.82e-01	1.15e-01	2.57e-03
 5.99745e+22	8.84e-01	1.14e-01	2.51e-03
 6.00009e+22	8.85e-01	1.13e-01	2.47e-03
 6.00297e+22	8.86e-01	1.11e-01	2.40e-03
 6.00672e+22	8.88e-01	1.09e-01	2.32e-03
 6.01076e+22	8.90e-01	1.08e-01	2.25e-03
 6.01445e+22	8.91e-01	1.06e-01	2.19e-03
 6.01780e+22	8.93e-01	1.05e-01	2.14e-03
 6.02085e+22	8.94e-01	1.04e-01	2.09e-03
 6.02362e+22	8.95e-01	1.03e-01	2.04e-03
 6.02666e+22	8.97e-01	1.01e-01	1.98e-03
 6.02995e+22	8.98e-01	9.98e-02	1.93e-03
 6.03293e+22	9.00e-01	9.86e-02	1.88e-03
 6.03565e+22	9.01e-01	9.75e-02	1.84e-03
 6.03813e+22	9.02e-01	9.66e-02	1.81e-03
 6.04084e+22	9.03e-01	9.53e-02	1.76e-03
 6.04436e+22	9.04e-01	9.38e-02	1.71e-03
 6.04817e+22	9.06e-01	9.24e-02	1.65e-03
 6.05163e+22	9.07e-01	9.12e-02	1.61e-03
 6.05478e+22	9.08e-01	9.01e-02	1.57e-03
 6.05765e+22	9.09e-01	8.91e-02	1.54e-03
 6.06025e+22	9.10e-01	8.81e-02	1.50e-03
 6.06311e+22	9.12e-01	8.69e-02	1.46e-03
 6.06620e+22	9.13e-01	8.58e-02	1.43e-03
 6.06901e+22	9.14e-01	8.49e-02	1.39e-03
 6.07209e+22	9.15e-01	8.37e-02	1.36e-03
 6.07541e+22	9.16e-01	8.26e-02	1.32e-03
 6.07843e+22	9.17e-01	8.17e-02	1.29e-03
 6.08118e+22	9.18e-01	8.07e-02	1.26e-03
 6.08369e+22	9.19e-01	8.01e-02	1.24e-03
 6.08643e+22	9.20e-01	7.91e-02	1.21e-03
 6.09000e+22	9.21e-01	7.80e-02	1.18e-03
 6.09385e+22	9.22e-01	7.71e-02	1.15e-03
 6.09735e+22	9.23e-01	7.60e-02	1.12e-03
 6.10054e+22	9.24e-01	7.54e-02	1.10e-03
 6.10404e+22	9.25e-01	7.42e-02	1.07e-03
 6.10781e+22	9.26e-01	7.33e-02	1.04e-03
 6.11124e+22	9.27e-01	7.24e-02	1.02e-03
 6.11500e+22	9.28e-01	7.13e-02	9.85e-04
 6.11906e+22	9.29e-01	7.03e-02	9.59e-04
 6.12276e+22	9.30e-01	6.93e-02	9.31e-04
 6.12612e+22	9.30e-01	6.87e-02	9.14e-04
 6.12981e+22	9.32e-01	6.76e-02	8.85e-04
 6.13379e+22	9.32e-01	6.67e-02	8.62e-04
 6.13741e+22	9.33e-01	6.58e-02	8.39e-04
 6.14070e+22	9.34e-01	6.52e-02	8.23e-04
 6.14431e+22	9.35e-01	6.42e-02	7.98e-04
 6.14821e+22	9.36e-01	6.34e-02	7.79e-04
 6.15175e+22	9.36e-01	6.27e-02	7.63e-04
 6.15564e+22	9.38e-01	6.17e-02	7.37e-04
 6.15984e+22	9.38e-01	6.09e-02	7.19e-04
 6.16365e+22	9.39e-01	6.00e-02	6.99e-04
 6.16713e+22	9.40e-01	5.94e-02	6.85e-04
 6.17094e+22	9.41e-01	5.85e-02	6.64e-04
 6.17505e+22	9.42e-01	5.78e-02	6.47e-04
 6.17879e+22	9.42e-01	5.72e-02	6.33e-04
 6.18288e+22	9.43e-01	5.62e-02	6.12e-04
 6.18731e+22	9.44e-01	5.55e-02	5.97e-04
 6.19134e+22	9.45e-01	5.48e-02	5.83e-04
 6.19575e+22	9.46e-01	5.39e-02	5.63e-04
 6.20051e+22	9.46e-01	5.31e-02	5.47e-04
 6.20485e+22	9.47e-01	5.24e-02	5.34e-04
 6.20960e+22	9.48e-01	5.15e-02	5.14e-04
 6.21472e+22	9.49e-01	5.07e-02	4.99e-04
 6.21939e+22	9.49e-01	5.01e-02	4.86e-04
 6.22450e+22	9.50e-01	4.91e-02	4.68e-04
 6.23002e+22	9.51e-01	4.84e-02	4.55e-04
 6.23505e+22	9.52e-01	4.76e-02	4.40e-04
 6.23962e+22	9.53e-01	4.70e-02	4.28e-04
 6.24463e+22	9.54e-01	4.61e-02	4.12e-04
 6.25004e+22	9.54e-01	4.53e-02	3.99e-04
 6.25496e+22	9.55e-01	4.48e-02	3.89e-04
 6.26035e+22	9.56e-01	4.39e-02	3.74e-04
 6.26617e+22	9.56e-01	4.32e-02	3.62e-04
 6.27147e+22	9.57e-01	4.26e-02	3.52e-04
 6.27727e+22	9.58e-01	4.17e-02	3.38e-04
 6.28354e+22	9.59e-01	4.11e-02	3.28e-04
 6.28924e+22	9.59e-01	4.04e-02	3.17e-04
 6.29443e+22	9.60e-01	3.98e-02	3.07e-04
 6.30012e+22	9.61e-01	3.90e-02	2.95e-04
 6.30626e+22	9.61e-01	3.83e-02	2.86e-04
 6.31185e+22	9.62e-01	3.78e-02	2.77e-04
 6.31797e+22	9.63e-01	3.70e-02	2.66e-04
 6.32458e+22	9.63e-01	3.64e-02	2.57e-04
 6.33060e+22	9.64e-01	3.58e-02	2.49e-04
 6.33719e+22	9.65e-01	3.50e-02	2.39e-04
 6.34430e+22	9.65e-01	3.44e-02	2.31e-04
 6.35078e+22	9.66e-01	3.38e-02	2.22e-04
 6.35667e+22	9.67e-01	3.32e-02	2.15e-04
 6.36313e+22	9.67e-01	3.25e-02	2.06e-04
 6.37010e+22	9.68e-01	3.20e-02	1.99e-04
 6.37644e+22	9.68e-01	3.14e-02	1.92e-04
 6.38339e+22	9.69e-01	3.08e-02	1.84e-04
 6.39090e+22	9.70e-01	3.02e-02	1.78e-04
 6.39772e+22	9.70e-01	2.97e-02	1.72e-04
 6.40521e+22	9.71e-01	2.90e-02	1.64e-04
 6.41329e+22	9.71e-01	2.84e-02	1.58e-04
 6.42064e+22	9.72e-01	2.79e-02	1.52e-04
 6.42869e+22	9.73e-01	2.72e-02	1.45e-04
 6.43739e+22	9.73e-01	2.67e-02	1.39e-04
 6.44530e+22	9.74e-01	2.61e-02	1.33e-04
 6.45397e+22	9.74e-01	2.55e-02	1.27e-04
 6.46334e+22	9.75e-01	2.49e-02	1.21e-04
 6.47186e+22	9.75e-01	2.44e-02	1.16e-04
 6.47961e+22	9.76e-01	2.39e-02	1.12e-04
 6.48810e+22	9.77e-01	2.33e-02	1.06e-04
 6.49910e+22	9.77e-01	2.27e-02	1.00e-04
 6.51144e+22	9.78e-01	2.20e-02	9.46e-05
 6.52368e+22	9.79e-01	2.13e-02	8.88e-05
 6.53601e+22	9.79e-01	2.06e-02	8.34e-05
 6.54861e+22	9.80e-01	2.00e-02	7.82e-05
 6.56145e+22	9.81e-01	1.93e-02	7.33e-05
 6.57442e+22	9.81e-01	1.87e-02	6.87e-05
 6.58755e+22	9.82e-01	1.81e-02	6.43e-05
 6.60084e+22	9.82e-01	1.75e-02	6.02e-05
 6.61430e+22	9.83e-01	1.69e-02	5.63e-05
 6.62792e+22	9.84e-01	1.64e-02	5.26e-05
 6.64169e+22	9.84e-01	1.58e-02	4.92e-05
 6.65560e+22	9.85e-01	1.53e-02	4.59e-05
 6.66966e+22	9.85e-01	1.48e-02	4.29e-05
 6.68388e+22	9.86e-01	1.43e-02	4.00e-05
 6.69821e+22	9.86e-01	1.38e-02	3.73e-05
 6.71267e+22	9.87e-01	1.33e-02	3.48e-05
 6.72724e+22	9.87e-01	1.28e-02	3.24e-05
 6.74197e+22	9.88e-01	1.24e-02	3.02e-05
 6.75685e+22	9.88e-01	1.19e-02	2.81e-05
 6.77185e+22	9.88e-01	1.15e-02	2.61e-05
 6.78699e+22	9.89e-01	1.11e-02	2.43e-05
 6.80224e+22	9.89e-01	1.07e-02	2.26e-05
 6.81764e+22	9.90e-01	1.03e-02	2.10e-05
 6.83335e+22	9.90e-01	9.93e-03	1.95e-05
 6.84943e+22	9.90e-01	9.55e-03	1.80e-05
 6.86573e+22	9.91e-01	9.19e-03	1.67e-05
 6.88221e+22	9.91e-01	8.84e-03	1.55e-05
 6.89887e+22	9.91e-01	8.50e-03	1.43e-05
 6.91572e+22	9.92e-01	8.17e-03	1.32e-05
 6.93275e+22	9.92e-01	7.85e-03	1.22e-05
 6.95000e+22	9.92e-01	7.54e-03	1.13e-05
 6.96754e+22	9.93e-01	7.24e-03	1.04e-05
 6.98537e+22	9.93e-01	6.95e-03	9.58e-06
 7.00364e+22	9.93e-01	6.66e-03	8.81e-06
 7.02240e+22	9.94e-01	6.38e-03	8.08e-06
 7.04147e+22	9.94e-01	6.11e-03	7.41e-06
 7.06086e+22	9.94e-01	5.85e-03	6.79e-06
 7.08059e+22	9.94e-01	5.59e-03	6.21e-06
 7.10068e+22	9.95e-01	5.34e-03	5.68e-06
 7.12114e+22	9.95e-01	5.10e-03	5.18e-06
 7.14201e+22	9.95e-01	4.87e-03	4.72e-06
 7.16340e+22	9.95e-01	4.64e-03	4.29e-06
 7.18532e+22	9.96e-01	4.42e-03	3.89e-06
 7.20769e+22	9.96e-01	4.21e-03	3.53e-06
 7.23056e+22	9.96e-01	4.00e-03	3.19e-06
 7.25399e+22	9.96e-01	3.80e-03	2.88e-06
 7.27796e+22	9.96e-01	3.61e-03	2.59e-06
 7.30229e+22	9.97e-01	3.42e-03	2.34e-06
 7.32687e+22	9.97e-01	3.25e-03	2.10e-06
 7.35174e+22	9.97e-01	3.08e-03	1.89e-06
 7.37685e+22	9.97e-01	2.92e-03	1.70e-06
 7.40220e+22	9.97e-01	2.77e-03	1.52e-06
 7.42780e+22	9.97e-01	2.62e-03	1.37e-06
 7.45364e+22	9.98e-01	2.48e-03	1.23e-06
 7.47975e+22	9.98e-01	2.35e-03	1.10e-06
 7.50613e+22	9.98e-01	2.22e-03	9.83e-07
 7.53282e+22	9.98e-01	2.10e-03	8.80e-07
 7.55979e+22	9.98e-01	1.99e-03	7.86e-07
 7.58696e+22	9.98e-01	1.88e-03	7.02e-07
 7.61440e+22	9.98e-01	1.77e-03	6.27e-07
 7.64213e+22	9.98e-01	1.67e-03	5.59e-07
 7.67017e+22	9.98e-01	1.58e-03	4.98e-07
 7.69861e+22	9.99e-01	1.49e-03	4.43e-07
 7.72737e+22	9.99e-01	1.40e-03	3.93e-07
 7.75646e+22	9.99e-01	1.32e-03	3.49e-07
 7.78588e+22	9.99e-01	1.25e-03	3.09e-07
 7.81516e+22	9.99e-01	1.17e-03	2.75e-07
 7.84320e+22	9.99e-01	1.11e-03	2.46e-07
 7.86929e+22	9.99e-01	1.05e-03	2.21e-07
 7.89361e+22	9.99e-01	1.01e-03	2.01e-07
 7.91662e+22	9.99e-01	9.60e-04	1.83e-07
 7.93864e+22	9.99e-01	9.19e-04	1.68e-07
 7.95967e+22	9.99e-01	8.81e-04	1.54e-07
 7.97963e+22	9.99e-01	8.47e-04	1.43e-07
 7.99851e+22	9.99e-01	8.16e-04	1.32e-07
 8.01639e+22	9.99e-01	7.87e-04	1.23e-07
 8.03343e+22	9.99e-01	7.61e-04	1.15e-07
 8.04970e+22	9.99e-01	7.38e-04	1.08e-07
 8.06506e+22	9.99e-01	7.16e-04	1.02e-07
 8.07958e+22	9.99e-01	6.96e-04	9.63e-08
 8.09352e+22	9.99e-01	6.77e-04	9.11e-08
 8.10700e+22	9.99e-01	6.59e-04	8.63e-08
 8.11998e+22	9.99e-01	6.42e-04	8.20e-08
 8.13236e+22	9.99e-01	6.27e-04	7.81e-08
 8.14417e+22	9.99e-01	6.12e-04	7.45e-08
 8.15548e+22	9.99e-01	5.99e-04	7.12e-08
 8.16640e+22	9.99e-01	5.86e-04	6.81e-08
 8.17699e+22	9.99e-01	5.73e-04	6.52e-08
 8.18728e+22	9.99e-01	5.61e-04	6.26e-08
 8.19727e+22	9.99e-01	5.50e-04	6.01e-08
 8.20692e+22	9.99e-01	5.40e-04	5.79e-08
 8.21628e+22	9.99e-01	5.30e-04	5.57e-08
 8.22541e+22	9.99e-01	5.20e-04	5.37e-08
 8.23440e+22	9.99e-01	5.11e-04	5.18e-08
 8.24329e+22	9.99e-01	5.02e-04	5.00e-08
 8.25207e+22	1.00e+00	4.93e-04	4.82e-08
 8.26076e+22	1.00e+00	4.84e-04	4.66e-08
 8.26939e+22	1.00e+00	4.76e-04	4.50e-08
 8.27803e+22	1.00e+00	4.67e-04	4.34e-08
 8.28673e+22	1.00e+00	4.60e-04	4.19e-08
 8.29550e+22	1.00e+00	4.51e-04	4.04e-08
 8.30441e+22	1.00e+00	4.43e-04	3.90e-08
 8.31353e+22	1.00e+00	4.35e-04	3.75e-08
 8.32290e+22	1.00e+00	4.26e-04	3.61e-08
 8.33260e+22	1.00e+00	4.18e-04	3.46e-08
 8.34265e+22	1.00e+00	4.09e-04	3.32e-08
 8.35310e+22	1.00e+00	4.00e-04	3.19e-08
 8.36398e+22	1.00e+00	3.91e-04	3.04e-08
 8.37544e+22	1.00e+00	3.82e-04	2.90e-08
 8.38760e+22	1.00e+00	3.72e-04	2.75e-08
 8.40059e+22	1.00e+00	3.62e-04	2.60e-08
 8.41448e+22	1.00e+00	3.52e-04	2.46e-08
 8.42918e+22	1.00e+00	3.41e-04	2.31e-08
 8.44473e+22	1.00e+00	3.30e-04	2.16e-08
 8.46138e+22	1.00e+00	3.18e-04	2.01e-08
 8.47939e+22	1.00e+00	3.06e-04	1.86e-08
 8.49882e+22	1.00e+00	2.93e-04	1.71e-08
 8.51966e+22	1.00e+00	2.81e-04	1.57e-08
 8.54197e+22	1.00e+00	2.67e-04	1.42e-08
 8.56599e+22	1.00e+00	2.54e-04	1.28e-08
 8.59192e+22	1.00e+00	2.40e-04	1.14e-08
 8.62000e+22	1.00e+00	2.25e-04	1.01e-08
 8.65050e+22	1.00e+00	2.11e-04	8.83e-09
 8.68368e+22	1.00e+00	1.96e-04	7.61e-09
 8.71973e+22	1.00e+00	1.81e-04	6.49e-09
 8.75871e+22	1.00e+00	1.65e-04	5.43e-09
 8.80096e+22	1.00e+00	1.50e-04	4.48e-09
 8.84670e+22	1.00e+00	1.35e-04	3.63e-09
 8.89567e+22	1.00e+00	1.20e-04	2.90e-09
 8.94739e+22	1.00e+00	1.07e-04	2.27e-09
 9.00090e+22	1.00e+00	9.41e-05	1.77e-09
 9.05487e+22	1.00e+00	8.28e-05	1.37e-09
 9.10755e+22	1.00e+00	7.31e-05	1.07e-09
 9.15712e+22	1.00e+00	6.50e-05	8.48e-10
 9.20210e+22	1.00e+00	5.85e-05	6.86e-10
 9.24004e+22	1.00e+00	5.36e-05	5.78e-10
 9.25691e+22	1.00e+00	5.31e-05	5.65e-10
