#depth	H	H+	H2
 4.62852e+21	9.55e-05	1.00e+00	2.73e-24
 1.04403e+22	1.38e-04	1.00e+00	1.46e-23
 1.22152e+22	1.66e-04	1.00e+00	3.29e-23
 1.32061e+22	1.88e-04	1.00e+00	5.82e-23
 1.37800e+22	1.98e-04	1.00e+00	7.44e-23
 1.41817e+22	2.12e-04	1.00e+00	1.03e-22
 1.46072e+22	2.26e-04	1.00e+00	1.38e-22
 1.50638e+22	2.44e-04	1.00e+00	1.99e-22
 1.55270e+22	2.60e-04	1.00e+00	2.69e-22
 1.59365e+22	2.77e-04	1.00e+00	3.63e-22
 1.63362e+22	2.94e-04	1.00e+00	4.81e-22
 1.67856e+22	3.17e-04	1.00e+00	7.02e-22
 1.72237e+22	3.36e-04	1.00e+00	9.19e-22
 1.75900e+22	3.54e-04	1.00e+00	1.20e-21
 1.80092e+22	3.81e-04	1.00e+00	1.72e-21
 1.84243e+22	4.02e-04	1.00e+00	2.26e-21
 1.88343e+22	4.30e-04	1.00e+00	3.18e-21
 1.92577e+22	4.57e-04	1.00e+00	4.34e-21
 1.96364e+22	4.83e-04	1.00e+00	5.82e-21
 2.00666e+22	5.19e-04	9.99e-01	8.56e-21
 2.05039e+22	5.51e-04	9.99e-01	1.19e-20
 2.09505e+22	5.92e-04	9.99e-01	1.79e-20
 2.13654e+22	6.23e-04	9.99e-01	2.42e-20
 2.16874e+22	6.55e-04	9.99e-01	3.17e-20
 2.20540e+22	6.94e-04	9.99e-01	4.62e-20
 2.24315e+22	7.29e-04	9.99e-01	6.15e-20
 2.28229e+22	7.78e-04	9.99e-01	9.62e-20
 2.32098e+22	8.18e-04	9.99e-01	1.30e-19
 2.35908e+22	8.69e-04	9.99e-01	2.00e-19
 2.39799e+22	9.15e-04	9.99e-01	2.79e-19
 2.43244e+22	9.61e-04	9.99e-01	3.92e-19
 2.47171e+22	1.02e-03	9.99e-01	6.23e-19
 2.51170e+22	1.08e-03	9.99e-01	9.08e-19
 2.54717e+22	1.13e-03	9.99e-01	1.35e-18
 2.58781e+22	1.21e-03	9.99e-01	2.41e-18
 2.62902e+22	1.27e-03	9.99e-01	3.91e-18
 2.67099e+22	1.36e-03	9.99e-01	7.20e-18
 2.71391e+22	1.44e-03	9.99e-01	1.41e-17
 2.75153e+22	1.51e-03	9.98e-01	3.31e-17
 2.79393e+22	1.62e-03	9.98e-01	7.93e-17
 2.83783e+22	1.71e-03	9.98e-01	1.48e-16
 2.88369e+22	1.84e-03	9.98e-01	3.21e-16
 2.92972e+22	1.94e-03	9.98e-01	4.72e-16
 2.97597e+22	2.09e-03	9.98e-01	7.65e-16
 3.00865e+22	2.13e-03	9.98e-01	9.02e-16
 3.02151e+22	2.17e-03	9.98e-01	1.00e-15
 3.03605e+22	2.22e-03	9.98e-01	1.13e-15
 3.05496e+22	2.28e-03	9.98e-01	1.29e-15
 3.07953e+22	2.37e-03	9.98e-01	1.59e-15
 3.11148e+22	2.48e-03	9.98e-01	2.02e-15
 3.14550e+22	2.60e-03	9.97e-01	2.51e-15
 3.17726e+22	2.71e-03	9.97e-01	3.07e-15
 3.21358e+22	2.86e-03	9.97e-01	3.93e-15
 3.25063e+22	3.00e-03	9.97e-01	4.87e-15
 3.28339e+22	3.13e-03	9.97e-01	5.89e-15
 3.32074e+22	3.31e-03	9.97e-01	7.45e-15
 3.35921e+22	3.47e-03	9.97e-01	9.09e-15
 3.39914e+22	3.69e-03	9.96e-01	1.16e-14
 3.43893e+22	3.86e-03	9.96e-01	1.41e-14
 3.47855e+22	4.09e-03	9.96e-01	1.77e-14
 3.51985e+22	4.31e-03	9.96e-01	2.18e-14
 3.56335e+22	4.59e-03	9.95e-01	2.81e-14
 3.60739e+22	4.83e-03	9.95e-01	3.47e-14
 3.65211e+22	5.16e-03	9.95e-01	4.54e-14
 3.69739e+22	5.44e-03	9.95e-01	5.61e-14
 3.74339e+22	5.82e-03	9.94e-01	7.28e-14
 3.78991e+22	6.12e-03	9.94e-01	8.95e-14
 3.83710e+22	6.55e-03	9.93e-01	1.17e-13
 3.88533e+22	6.92e-03	9.93e-01	1.45e-13
 3.93489e+22	7.43e-03	9.93e-01	1.91e-13
 3.98419e+22	7.84e-03	9.92e-01	2.37e-13
 4.03314e+22	8.41e-03	9.92e-01	3.11e-13
 4.08456e+22	8.94e-03	9.91e-01	3.96e-13
 4.13920e+22	9.69e-03	9.90e-01	5.40e-13
 4.19482e+22	1.03e-02	9.90e-01	6.87e-13
 4.25171e+22	1.12e-02	9.89e-01	9.58e-13
 4.30992e+22	1.20e-02	9.88e-01	1.23e-12
 4.36985e+22	1.31e-02	9.87e-01	1.76e-12
 4.43176e+22	1.41e-02	9.86e-01	2.34e-12
 4.49623e+22	1.57e-02	9.84e-01	3.45e-12
 4.56349e+22	1.71e-02	9.83e-01	4.79e-12
 4.62488e+22	1.88e-02	9.81e-01	6.74e-12
 4.67748e+22	2.00e-02	9.80e-01	8.60e-12
 4.72810e+22	2.20e-02	9.78e-01	1.19e-11
 4.78059e+22	2.40e-02	9.76e-01	1.61e-11
 4.83549e+22	2.70e-02	9.73e-01	2.38e-11
 4.89161e+22	3.00e-02	9.70e-01	3.35e-11
 4.94935e+22	3.47e-02	9.65e-01	5.27e-11
 5.00249e+22	3.89e-02	9.61e-01	7.41e-11
 5.04189e+22	4.34e-02	9.57e-01	1.02e-10
 5.08535e+22	5.00e-02	9.50e-01	1.52e-10
 5.13226e+22	5.86e-02	9.41e-01	2.33e-10
 5.17453e+22	6.89e-02	9.31e-01	3.53e-10
 5.21286e+22	8.14e-02	9.19e-01	5.34e-10
 5.24839e+22	9.67e-02	9.03e-01	8.08e-10
 5.28128e+22	1.15e-01	8.85e-01	1.22e-09
 5.31130e+22	1.38e-01	8.62e-01	1.83e-09
 5.33839e+22	1.64e-01	8.36e-01	2.68e-09
 5.36300e+22	1.94e-01	8.06e-01	3.88e-09
 5.38552e+22	2.29e-01	7.71e-01	5.48e-09
 5.39973e+22	2.52e-01	7.48e-01	6.66e-09
 5.40506e+22	2.62e-01	7.38e-01	7.19e-09
 5.40933e+22	2.70e-01	7.30e-01	7.69e-09
 5.41486e+22	2.82e-01	7.18e-01	8.38e-09
 5.42149e+22	2.96e-01	7.04e-01	9.32e-09
 5.42822e+22	3.11e-01	6.89e-01	1.04e-08
 5.43445e+22	3.25e-01	6.75e-01	1.13e-08
 5.44078e+22	3.40e-01	6.60e-01	1.25e-08
 5.44731e+22	3.56e-01	6.44e-01	1.37e-08
 5.45402e+22	3.73e-01	6.27e-01	1.51e-08
 5.46096e+22	3.92e-01	6.08e-01	1.67e-08
 5.46767e+22	4.09e-01	5.91e-01	1.83e-08
 5.47445e+22	4.28e-01	5.72e-01	2.00e-08
 5.48168e+22	4.48e-01	5.52e-01	2.19e-08
 5.48923e+22	4.68e-01	5.32e-01	2.40e-08
 5.49712e+22	4.91e-01	5.09e-01	2.64e-08
 5.50528e+22	5.14e-01	4.86e-01	2.89e-08
 5.51341e+22	5.36e-01	4.64e-01	3.15e-08
 5.51978e+22	5.52e-01	4.48e-01	3.31e-08
 5.52402e+22	5.63e-01	4.37e-01	3.45e-08
 5.52803e+22	5.74e-01	4.26e-01	3.58e-08
 5.53269e+22	5.86e-01	4.14e-01	3.73e-08
 5.53781e+22	5.99e-01	4.01e-01	3.90e-08
 5.54289e+22	6.11e-01	3.89e-01	4.05e-08
 5.54786e+22	6.23e-01	3.77e-01	4.20e-08
 5.55289e+22	6.35e-01	3.65e-01	4.36e-08
 5.55807e+22	6.46e-01	3.54e-01	4.51e-08
 5.56339e+22	6.58e-01	3.42e-01	4.67e-08
 5.56878e+22	6.69e-01	3.31e-01	4.83e-08
 5.57416e+22	6.80e-01	3.20e-01	4.99e-08
 5.57964e+22	6.91e-01	3.09e-01	5.14e-08
 5.58534e+22	7.01e-01	2.99e-01	5.30e-08
 5.59123e+22	7.12e-01	2.88e-01	5.46e-08
 5.59718e+22	7.22e-01	2.78e-01	5.62e-08
 5.60319e+22	7.32e-01	2.68e-01	5.77e-08
 5.60941e+22	7.41e-01	2.59e-01	5.93e-08
 5.61587e+22	7.51e-01	2.49e-01	6.09e-08
 5.62249e+22	7.60e-01	2.40e-01	6.25e-08
 5.62923e+22	7.69e-01	2.31e-01	6.41e-08
 5.63614e+22	7.78e-01	2.22e-01	6.56e-08
 5.64328e+22	7.86e-01	2.14e-01	6.73e-08
 5.65067e+22	7.95e-01	2.05e-01	6.89e-08
 5.65825e+22	8.03e-01	1.97e-01	7.06e-08
 5.66601e+22	8.10e-01	1.90e-01	7.22e-08
 5.67398e+22	8.18e-01	1.82e-01	7.39e-08
 5.68224e+22	8.25e-01	1.75e-01	7.57e-08
 5.69076e+22	8.32e-01	1.68e-01	7.75e-08
 5.69947e+22	8.39e-01	1.61e-01	7.92e-08
 5.70823e+22	8.45e-01	1.55e-01	8.10e-08
 5.71715e+22	8.51e-01	1.49e-01	8.29e-08
 5.72641e+22	8.57e-01	1.43e-01	8.50e-08
 5.73575e+22	8.63e-01	1.37e-01	8.69e-08
 5.74503e+22	8.68e-01	1.32e-01	8.90e-08
 5.75454e+22	8.73e-01	1.27e-01	9.12e-08
 5.76438e+22	8.78e-01	1.22e-01	9.35e-08
 5.77433e+22	8.82e-01	1.18e-01	9.57e-08
 5.78438e+22	8.87e-01	1.13e-01	9.83e-08
 5.79476e+22	8.91e-01	1.09e-01	1.01e-07
 5.80542e+22	8.95e-01	1.05e-01	1.04e-07
 5.81623e+22	8.99e-01	1.01e-01	1.07e-07
 5.82724e+22	9.03e-01	9.74e-02	1.11e-07
 5.83851e+22	9.06e-01	9.38e-02	1.15e-07
 5.84983e+22	9.10e-01	9.05e-02	1.19e-07
 5.86077e+22	9.13e-01	8.74e-02	1.24e-07
 5.87101e+22	9.15e-01	8.48e-02	1.27e-07
 5.88051e+22	9.18e-01	8.25e-02	1.31e-07
 5.88945e+22	9.20e-01	8.03e-02	1.34e-07
 5.89776e+22	9.22e-01	7.85e-02	1.38e-07
 5.90582e+22	9.23e-01	7.66e-02	1.42e-07
 5.91392e+22	9.25e-01	7.48e-02	1.46e-07
 5.92161e+22	9.27e-01	7.31e-02	1.51e-07
 5.92907e+22	9.28e-01	7.15e-02	1.55e-07
 5.93640e+22	9.30e-01	7.00e-02	1.60e-07
 5.94329e+22	9.31e-01	6.86e-02	1.65e-07
 5.94999e+22	9.33e-01	6.72e-02	1.70e-07
 5.95657e+22	9.34e-01	6.58e-02	1.75e-07
 5.96274e+22	9.35e-01	6.46e-02	1.80e-07
 5.96874e+22	9.37e-01	6.34e-02	1.86e-07
 5.97459e+22	9.38e-01	6.22e-02	1.91e-07
 5.98011e+22	9.39e-01	6.12e-02	1.97e-07
 5.98554e+22	9.40e-01	6.01e-02	2.03e-07
 5.99067e+22	9.41e-01	5.91e-02	2.09e-07
 5.99534e+22	9.42e-01	5.82e-02	2.15e-07
 5.99960e+22	9.43e-01	5.74e-02	2.20e-07
 6.00346e+22	9.43e-01	5.67e-02	2.25e-07
 6.00698e+22	9.44e-01	5.60e-02	2.29e-07
 6.01019e+22	9.45e-01	5.54e-02	2.33e-07
 6.01310e+22	9.45e-01	5.49e-02	2.36e-07
 6.01630e+22	9.46e-01	5.43e-02	2.41e-07
 6.01975e+22	9.46e-01	5.36e-02	2.45e-07
 6.02289e+22	9.47e-01	5.30e-02	2.49e-07
 6.02574e+22	9.48e-01	5.25e-02	2.53e-07
 6.02834e+22	9.48e-01	5.21e-02	2.56e-07
 6.03119e+22	9.48e-01	5.15e-02	2.58e-07
 6.03489e+22	9.49e-01	5.07e-02	2.62e-07
 6.03889e+22	9.50e-01	4.99e-02	2.66e-07
 6.04253e+22	9.51e-01	4.92e-02	2.69e-07
 6.04584e+22	9.51e-01	4.87e-02	2.71e-07
 6.04946e+22	9.52e-01	4.81e-02	2.74e-07
 6.05338e+22	9.53e-01	4.74e-02	2.76e-07
 6.05694e+22	9.53e-01	4.69e-02	2.78e-07
 6.06018e+22	9.54e-01	4.65e-02	2.79e-07
 6.06313e+22	9.54e-01	4.62e-02	2.81e-07
 6.06637e+22	9.54e-01	4.56e-02	2.81e-07
 6.07057e+22	9.55e-01	4.48e-02	2.82e-07
 6.07511e+22	9.56e-01	4.41e-02	2.83e-07
 6.07924e+22	9.56e-01	4.35e-02	2.84e-07
 6.08300e+22	9.57e-01	4.30e-02	2.84e-07
 6.08642e+22	9.57e-01	4.26e-02	2.84e-07
 6.08953e+22	9.58e-01	4.22e-02	2.83e-07
 6.09236e+22	9.58e-01	4.19e-02	2.84e-07
 6.09546e+22	9.59e-01	4.14e-02	2.82e-07
 6.09950e+22	9.59e-01	4.07e-02	2.81e-07
 6.10385e+22	9.60e-01	4.00e-02	2.80e-07
 6.10782e+22	9.61e-01	3.95e-02	2.80e-07
 6.11142e+22	9.61e-01	3.91e-02	2.79e-07
 6.11470e+22	9.61e-01	3.87e-02	2.78e-07
 6.11769e+22	9.62e-01	3.83e-02	2.77e-07
 6.12096e+22	9.62e-01	3.78e-02	2.75e-07
 6.12450e+22	9.63e-01	3.74e-02	2.74e-07
 6.12771e+22	9.63e-01	3.70e-02	2.73e-07
 6.13064e+22	9.63e-01	3.67e-02	2.71e-07
 6.13330e+22	9.64e-01	3.64e-02	2.71e-07
 6.13622e+22	9.64e-01	3.60e-02	2.69e-07
 6.14001e+22	9.65e-01	3.55e-02	2.67e-07
 6.14410e+22	9.65e-01	3.49e-02	2.65e-07
 6.14783e+22	9.65e-01	3.45e-02	2.64e-07
 6.15122e+22	9.66e-01	3.41e-02	2.63e-07
 6.15430e+22	9.66e-01	3.39e-02	2.63e-07
 6.15769e+22	9.66e-01	3.35e-02	2.61e-07
 6.16208e+22	9.67e-01	3.30e-02	2.60e-07
 6.16683e+22	9.67e-01	3.26e-02	2.60e-07
 6.17114e+22	9.68e-01	3.21e-02	2.58e-07
 6.17507e+22	9.68e-01	3.17e-02	2.56e-07
 6.17865e+22	9.68e-01	3.15e-02	2.56e-07
 6.18257e+22	9.69e-01	3.11e-02	2.54e-07
 6.18680e+22	9.69e-01	3.07e-02	2.54e-07
 6.19065e+22	9.70e-01	3.04e-02	2.52e-07
 6.19487e+22	9.70e-01	3.00e-02	2.51e-07
 6.19942e+22	9.70e-01	2.96e-02	2.50e-07
 6.20356e+22	9.71e-01	2.92e-02	2.49e-07
 6.20733e+22	9.71e-01	2.90e-02	2.49e-07
 6.21147e+22	9.71e-01	2.86e-02	2.47e-07
 6.21593e+22	9.72e-01	2.82e-02	2.46e-07
 6.21999e+22	9.72e-01	2.79e-02	2.45e-07
 6.22368e+22	9.72e-01	2.77e-02	2.45e-07
 6.22773e+22	9.73e-01	2.74e-02	2.43e-07
 6.23210e+22	9.73e-01	2.70e-02	2.43e-07
 6.23608e+22	9.73e-01	2.68e-02	2.42e-07
 6.24044e+22	9.74e-01	2.64e-02	2.41e-07
 6.24514e+22	9.74e-01	2.61e-02	2.40e-07
 6.24942e+22	9.74e-01	2.57e-02	2.39e-07
 6.25332e+22	9.74e-01	2.56e-02	2.39e-07
 6.25759e+22	9.75e-01	2.53e-02	2.38e-07
 6.26220e+22	9.75e-01	2.49e-02	2.37e-07
 6.26639e+22	9.75e-01	2.47e-02	2.37e-07
 6.27099e+22	9.76e-01	2.44e-02	2.36e-07
 6.27595e+22	9.76e-01	2.40e-02	2.36e-07
 6.28046e+22	9.76e-01	2.38e-02	2.36e-07
 6.28541e+22	9.77e-01	2.34e-02	2.35e-07
 6.29075e+22	9.77e-01	2.31e-02	2.35e-07
 6.29561e+22	9.77e-01	2.28e-02	2.35e-07
 6.30094e+22	9.77e-01	2.25e-02	2.34e-07
 6.30669e+22	9.78e-01	2.22e-02	2.35e-07
 6.31192e+22	9.78e-01	2.19e-02	2.34e-07
 6.31766e+22	9.78e-01	2.16e-02	2.33e-07
 6.32385e+22	9.79e-01	2.12e-02	2.34e-07
 6.32948e+22	9.79e-01	2.10e-02	2.33e-07
 6.33461e+22	9.79e-01	2.08e-02	2.33e-07
 6.34022e+22	9.80e-01	2.05e-02	2.32e-07
 6.34629e+22	9.80e-01	2.01e-02	2.32e-07
 6.35181e+22	9.80e-01	1.99e-02	2.32e-07
 6.35785e+22	9.80e-01	1.96e-02	2.31e-07
 6.36438e+22	9.81e-01	1.93e-02	2.31e-07
 6.37032e+22	9.81e-01	1.90e-02	2.31e-07
 6.37683e+22	9.81e-01	1.88e-02	2.30e-07
 6.38386e+22	9.82e-01	1.84e-02	2.31e-07
 6.39026e+22	9.82e-01	1.82e-02	2.30e-07
 6.39608e+22	9.82e-01	1.80e-02	2.30e-07
 6.40245e+22	9.82e-01	1.77e-02	2.29e-07
 6.40934e+22	9.83e-01	1.74e-02	2.29e-07
 6.41560e+22	9.83e-01	1.72e-02	2.29e-07
 6.42247e+22	9.83e-01	1.70e-02	2.29e-07
 6.42988e+22	9.83e-01	1.66e-02	2.29e-07
 6.43663e+22	9.84e-01	1.64e-02	2.29e-07
 6.44402e+22	9.84e-01	1.62e-02	2.28e-07
 6.45200e+22	9.84e-01	1.58e-02	2.28e-07
 6.45926e+22	9.84e-01	1.56e-02	2.28e-07
 6.46721e+22	9.85e-01	1.54e-02	2.28e-07
 6.47580e+22	9.85e-01	1.51e-02	2.28e-07
 6.48362e+22	9.85e-01	1.48e-02	2.28e-07
 6.49073e+22	9.85e-01	1.47e-02	2.28e-07
 6.49853e+22	9.86e-01	1.44e-02	2.27e-07
 6.50694e+22	9.86e-01	1.41e-02	2.27e-07
 6.51460e+22	9.86e-01	1.39e-02	2.27e-07
 6.52299e+22	9.86e-01	1.37e-02	2.27e-07
 6.53205e+22	9.87e-01	1.34e-02	2.27e-07
 6.54029e+22	9.87e-01	1.32e-02	2.27e-07
 6.54933e+22	9.87e-01	1.30e-02	2.27e-07
 6.55908e+22	9.87e-01	1.27e-02	2.28e-07
 6.56795e+22	9.87e-01	1.25e-02	2.27e-07
 6.57768e+22	9.88e-01	1.23e-02	2.27e-07
 6.58818e+22	9.88e-01	1.20e-02	2.28e-07
 6.59773e+22	9.88e-01	1.18e-02	2.27e-07
 6.60642e+22	9.88e-01	1.17e-02	2.27e-07
 6.61595e+22	9.89e-01	1.15e-02	2.27e-07
 6.62833e+22	9.89e-01	1.11e-02	2.28e-07
 6.64228e+22	9.89e-01	1.08e-02	2.28e-07
 6.65616e+22	9.89e-01	1.06e-02	2.28e-07
 6.67022e+22	9.90e-01	1.03e-02	2.28e-07
 6.68455e+22	9.90e-01	1.00e-02	2.28e-07
 6.69909e+22	9.90e-01	9.75e-03	2.28e-07
 6.71384e+22	9.91e-01	9.49e-03	2.28e-07
 6.72876e+22	9.91e-01	9.24e-03	2.29e-07
 6.74386e+22	9.91e-01	8.99e-03	2.29e-07
 6.75915e+22	9.91e-01	8.74e-03	2.29e-07
 6.77461e+22	9.92e-01	8.50e-03	2.29e-07
 6.79024e+22	9.92e-01	8.26e-03	2.29e-07
 6.80604e+22	9.92e-01	8.03e-03	2.29e-07
 6.82200e+22	9.92e-01	7.80e-03	2.29e-07
 6.83812e+22	9.92e-01	7.58e-03	2.30e-07
 6.85438e+22	9.93e-01	7.36e-03	2.30e-07
 6.87077e+22	9.93e-01	7.15e-03	2.30e-07
 6.88729e+22	9.93e-01	6.95e-03	2.30e-07
 6.90398e+22	9.93e-01	6.74e-03	2.31e-07
 6.92084e+22	9.93e-01	6.55e-03	2.31e-07
 6.93783e+22	9.94e-01	6.35e-03	2.31e-07
 6.95496e+22	9.94e-01	6.16e-03	2.31e-07
 6.97223e+22	9.94e-01	5.98e-03	2.32e-07
 6.98964e+22	9.94e-01	5.80e-03	2.32e-07
 7.00743e+22	9.94e-01	5.62e-03	2.33e-07
 7.02563e+22	9.95e-01	5.45e-03	2.33e-07
 7.04405e+22	9.95e-01	5.28e-03	2.34e-07
 7.06268e+22	9.95e-01	5.11e-03	2.35e-07
 7.08151e+22	9.95e-01	4.95e-03	2.35e-07
 7.10054e+22	9.95e-01	4.79e-03	2.36e-07
 7.11978e+22	9.95e-01	4.64e-03	2.37e-07
 7.13926e+22	9.96e-01	4.49e-03	2.38e-07
 7.15907e+22	9.96e-01	4.34e-03	2.39e-07
 7.17920e+22	9.96e-01	4.20e-03	2.40e-07
 7.19985e+22	9.96e-01	4.05e-03	2.41e-07
 7.22103e+22	9.96e-01	3.91e-03	2.42e-07
 7.24256e+22	9.96e-01	3.78e-03	2.44e-07
 7.26445e+22	9.96e-01	3.64e-03	2.45e-07
 7.28672e+22	9.96e-01	3.51e-03	2.47e-07
 7.30939e+22	9.97e-01	3.39e-03	2.49e-07
 7.33248e+22	9.97e-01	3.26e-03	2.51e-07
 7.35605e+22	9.97e-01	3.14e-03	2.53e-07
 7.38020e+22	9.97e-01	3.02e-03	2.56e-07
 7.40494e+22	9.97e-01	2.90e-03	2.59e-07
 7.43022e+22	9.97e-01	2.79e-03	2.62e-07
 7.45605e+22	9.97e-01	2.68e-03	2.65e-07
 7.48248e+22	9.97e-01	2.57e-03	2.69e-07
 7.50956e+22	9.98e-01	2.46e-03	2.73e-07
 7.53711e+22	9.98e-01	2.36e-03	2.77e-07
 7.56496e+22	9.98e-01	2.26e-03	2.82e-07
 7.59300e+22	9.98e-01	2.16e-03	2.87e-07
 7.62130e+22	9.98e-01	2.07e-03	2.93e-07
 7.64995e+22	9.98e-01	1.98e-03	3.00e-07
 7.67889e+22	9.98e-01	1.90e-03	3.07e-07
 7.70811e+22	9.98e-01	1.81e-03	3.15e-07
 7.73763e+22	9.98e-01	1.73e-03	3.24e-07
 7.76746e+22	9.98e-01	1.66e-03	3.33e-07
 7.79764e+22	9.98e-01	1.58e-03	3.44e-07
 7.82814e+22	9.98e-01	1.51e-03	3.56e-07
 7.85886e+22	9.99e-01	1.45e-03	3.70e-07
 7.88990e+22	9.99e-01	1.38e-03	3.85e-07
 7.92127e+22	9.99e-01	1.32e-03	4.02e-07
 7.95299e+22	9.99e-01	1.26e-03	4.21e-07
 7.98516e+22	9.99e-01	1.20e-03	4.43e-07
 8.01769e+22	9.99e-01	1.14e-03	4.69e-07
 8.05060e+22	9.99e-01	1.09e-03	4.99e-07
 8.08389e+22	9.99e-01	1.03e-03	5.33e-07
 8.11689e+22	9.99e-01	9.85e-04	5.74e-07
 8.14831e+22	9.99e-01	9.41e-04	6.20e-07
 8.17751e+22	9.99e-01	9.02e-04	6.70e-07
 8.20476e+22	9.99e-01	8.67e-04	7.24e-07
 8.23061e+22	9.99e-01	8.35e-04	7.83e-07
 8.25535e+22	9.99e-01	8.06e-04	8.49e-07
 8.27897e+22	9.99e-01	7.78e-04	9.23e-07
 8.30136e+22	9.99e-01	7.53e-04	1.00e-06
 8.32253e+22	9.99e-01	7.30e-04	1.09e-06
 8.34260e+22	9.99e-01	7.09e-04	1.19e-06
 8.36172e+22	9.99e-01	6.90e-04	1.30e-06
 8.37998e+22	9.99e-01	6.69e-04	1.43e-06
 8.39722e+22	9.99e-01	6.52e-04	1.56e-06
 8.41350e+22	9.99e-01	6.37e-04	1.71e-06
 8.42913e+22	9.99e-01	6.22e-04	1.87e-06
 8.44426e+22	9.99e-01	6.08e-04	2.05e-06
 8.45881e+22	9.99e-01	5.95e-04	2.25e-06
 8.47270e+22	9.99e-01	5.83e-04	2.47e-06
 8.48594e+22	9.99e-01	5.72e-04	2.71e-06
 8.49862e+22	9.99e-01	5.61e-04	2.98e-06
 8.51085e+22	9.99e-01	5.50e-04	3.27e-06
 8.52276e+22	9.99e-01	5.41e-04	3.60e-06
 8.53428e+22	9.99e-01	5.31e-04	3.96e-06
 8.54540e+22	9.99e-01	5.23e-04	4.35e-06
 8.55618e+22	9.99e-01	5.14e-04	4.79e-06
 8.56667e+22	9.99e-01	5.06e-04	5.26e-06
 8.57693e+22	9.99e-01	4.98e-04	5.79e-06
 8.58700e+22	9.99e-01	4.91e-04	6.36e-06
 8.59691e+22	1.00e+00	4.83e-04	6.99e-06
 8.60669e+22	1.00e+00	4.76e-04	7.68e-06
 8.61638e+22	1.00e+00	4.69e-04	8.43e-06
 8.62602e+22	1.00e+00	4.62e-04	9.26e-06
 8.63567e+22	1.00e+00	4.55e-04	1.02e-05
 8.64536e+22	1.00e+00	4.48e-04	1.11e-05
 8.65514e+22	1.00e+00	4.42e-04	1.22e-05
 8.66504e+22	1.00e+00	4.34e-04	1.34e-05
 8.67513e+22	1.00e+00	4.28e-04	1.46e-05
 8.68551e+22	1.00e+00	4.20e-04	1.60e-05
 8.69624e+22	1.00e+00	4.13e-04	1.74e-05
 8.70739e+22	1.00e+00	4.05e-04	1.90e-05
 8.71897e+22	1.00e+00	3.98e-04	2.07e-05
 8.73103e+22	1.00e+00	3.90e-04	2.25e-05
 8.74369e+22	1.00e+00	3.82e-04	2.45e-05
 8.75711e+22	1.00e+00	3.74e-04	2.66e-05
 8.77139e+22	1.00e+00	3.65e-04	2.88e-05
 8.78657e+22	1.00e+00	3.56e-04	3.12e-05
 8.80263e+22	1.00e+00	3.47e-04	3.37e-05
 8.81967e+22	1.00e+00	3.37e-04	3.64e-05
 8.83796e+22	1.00e+00	3.27e-04	3.92e-05
 8.85767e+22	1.00e+00	3.16e-04	4.21e-05
 8.87885e+22	1.00e+00	3.05e-04	4.52e-05
 8.90151e+22	1.00e+00	2.93e-04	4.85e-05
 8.92577e+22	1.00e+00	2.81e-04	5.18e-05
 8.95188e+22	1.00e+00	2.68e-04	5.52e-05
 8.98011e+22	1.00e+00	2.56e-04	5.87e-05
 9.01059e+22	1.00e+00	2.42e-04	6.21e-05
 9.04350e+22	1.00e+00	2.28e-04	6.56e-05
 9.07921e+22	1.00e+00	2.14e-04	6.90e-05
 9.11808e+22	1.00e+00	1.99e-04	7.23e-05
 9.16032e+22	1.00e+00	1.84e-04	7.54e-05
 9.20617e+22	1.00e+00	1.68e-04	7.84e-05
 9.24353e+22	1.00e+00	1.59e-04	8.15e-05
