#depth	S	S+	S+2	S+3	S+4	S+5	S+6	S+7	S+8	S+9	S+10	S+11	S+12	S+13	S+14	S+15	S+16
 4.62852e+21	0.00e+00	0.00e+00	0.00e+00	0.00e+00	0.00e+00	0.00e+00	3.77e-24	1.31e-20	1.79e-17	1.03e-14	3.60e-12	6.57e-10	7.79e-08	9.72e-06	2.40e-03	8.37e-02	9.14e-01
 1.05551e+22	0.00e+00	0.00e+00	0.00e+00	0.00e+00	0.00e+00	1.48e-26	1.36e-22	3.24e-19	3.08e-16	1.23e-13	2.95e-11	3.74e-09	3.11e-07	2.72e-05	4.72e-03	1.15e-01	8.80e-01
 1.27419e+22	0.00e+00	0.00e+00	0.00e+00	0.00e+00	4.17e-29	2.16e-25	1.55e-21	2.86e-18	2.11e-15	6.55e-13	1.22e-10	1.21e-08	7.92e-07	5.45e-05	7.42e-03	1.42e-01	8.50e-01
 1.43419e+22	0.00e+00	0.00e+00	0.00e+00	5.04e-32	4.24e-28	1.84e-24	1.07e-20	1.62e-17	9.78e-15	2.48e-12	3.80e-10	3.08e-08	1.66e-06	9.42e-05	1.06e-02	1.67e-01	8.22e-01
 1.52307e+22	0.00e+00	0.00e+00	0.00e+00	9.42e-32	7.58e-28	3.14e-24	1.75e-20	2.51e-17	1.44e-14	3.47e-12	5.04e-10	3.89e-08	2.00e-06	1.08e-04	1.16e-02	1.74e-01	8.15e-01
 1.55234e+22	0.00e+00	0.00e+00	0.00e+00	1.41e-31	1.10e-27	4.43e-24	2.39e-20	3.32e-17	1.84e-14	4.30e-12	6.05e-10	4.52e-08	2.25e-06	1.18e-04	1.22e-02	1.78e-01	8.10e-01
 1.57877e+22	0.00e+00	0.00e+00	0.00e+00	2.37e-31	1.79e-27	6.93e-24	3.58e-20	4.77e-17	2.54e-14	5.68e-12	7.66e-10	5.49e-08	2.63e-06	1.32e-04	1.32e-02	1.84e-01	8.03e-01
 1.60585e+22	0.00e+00	0.00e+00	0.00e+00	3.68e-31	2.69e-27	1.01e-23	5.04e-20	6.47e-17	3.32e-14	7.19e-12	9.35e-10	6.47e-08	2.99e-06	1.45e-04	1.40e-02	1.89e-01	7.97e-01
 1.63000e+22	0.00e+00	0.00e+00	0.00e+00	2.96e-31	2.10e-27	7.67e-24	6.91e-20	8.59e-17	4.27e-14	8.93e-12	1.12e-09	7.53e-08	3.37e-06	1.59e-04	1.48e-02	1.94e-01	7.91e-01
 1.65764e+22	0.00e+00	0.00e+00	0.00e+00	4.91e-31	3.38e-27	1.19e-23	1.03e-19	1.22e-16	5.83e-14	1.17e-11	1.41e-09	9.09e-08	3.92e-06	1.77e-04	1.59e-02	2.00e-01	7.84e-01
 1.68594e+22	0.00e+00	0.00e+00	0.00e+00	7.80e-31	5.19e-27	1.76e-23	1.47e-19	1.69e-16	7.75e-14	1.50e-11	1.74e-09	1.08e-07	4.49e-06	1.96e-04	1.70e-02	2.05e-01	7.77e-01
 1.71000e+22	0.00e+00	0.00e+00	0.00e+00	1.18e-30	7.64e-27	2.52e-23	2.03e-19	2.25e-16	1.00e-13	1.87e-11	2.10e-09	1.26e-07	5.08e-06	2.15e-04	1.80e-02	2.11e-01	7.71e-01
 1.73617e+22	0.00e+00	0.00e+00	0.00e+00	1.91e-30	1.20e-26	3.82e-23	2.95e-19	3.15e-16	1.35e-13	2.42e-11	2.62e-09	1.51e-07	5.85e-06	2.38e-04	1.92e-02	2.17e-01	7.64e-01
 1.76408e+22	0.00e+00	0.00e+00	0.00e+00	3.05e-30	1.85e-26	5.69e-23	4.25e-19	4.36e-16	1.79e-13	3.11e-11	3.23e-09	1.80e-07	6.71e-06	2.63e-04	2.05e-02	2.23e-01	7.57e-01
 1.78927e+22	0.00e+00	0.00e+00	0.00e+00	4.70e-30	2.77e-26	8.25e-23	5.94e-19	5.89e-16	2.34e-13	3.91e-11	3.93e-09	2.11e-07	7.62e-06	2.89e-04	2.17e-02	2.28e-01	7.50e-01
 1.81704e+22	0.00e+00	0.00e+00	0.00e+00	7.84e-30	4.46e-26	1.28e-22	8.85e-19	8.42e-16	3.20e-13	5.14e-11	4.95e-09	2.55e-07	8.85e-06	3.22e-04	2.33e-02	2.35e-01	7.41e-01
 1.84481e+22	0.00e+00	0.00e+00	0.00e+00	1.23e-29	6.79e-26	1.89e-22	1.26e-18	1.15e-15	4.23e-13	6.55e-11	6.09e-09	3.02e-07	1.01e-05	3.56e-04	2.48e-02	2.41e-01	7.34e-01
 1.86759e+22	0.00e+00	0.00e+00	0.00e+00	1.82e-29	9.76e-26	2.64e-22	1.70e-18	1.51e-15	5.38e-13	8.07e-11	7.26e-09	3.49e-07	1.13e-05	3.86e-04	2.61e-02	2.47e-01	7.27e-01
 1.89221e+22	0.00e+00	0.00e+00	0.00e+00	2.86e-29	1.49e-25	3.89e-22	2.42e-18	2.07e-15	7.10e-13	1.03e-10	8.90e-09	4.13e-07	1.29e-05	4.25e-04	2.78e-02	2.53e-01	7.19e-01
 1.91903e+22	0.00e+00	0.00e+00	4.92e-33	4.50e-29	2.27e-25	5.74e-22	3.45e-18	2.84e-15	9.39e-13	1.31e-10	1.09e-08	4.89e-07	1.48e-05	4.69e-04	2.95e-02	2.59e-01	7.11e-01
 1.94392e+22	0.00e+00	0.00e+00	7.70e-33	6.85e-29	3.35e-25	8.23e-22	4.78e-18	3.81e-15	1.22e-12	1.64e-10	1.32e-08	5.72e-07	1.67e-05	5.13e-04	3.12e-02	2.65e-01	7.03e-01
 1.97152e+22	0.00e+00	0.00e+00	1.32e-32	1.14e-28	5.37e-25	1.27e-21	7.09e-18	5.42e-15	1.66e-12	2.14e-10	1.66e-08	6.89e-07	1.94e-05	5.71e-04	3.34e-02	2.72e-01	6.94e-01
 1.99916e+22	0.00e+00	0.00e+00	2.14e-32	1.79e-28	8.18e-25	1.87e-21	1.01e-17	7.43e-15	2.19e-12	2.73e-10	2.04e-08	8.17e-07	2.21e-05	6.29e-04	3.55e-02	2.79e-01	6.85e-01
 2.02172e+22	0.00e+00	0.00e+00	3.22e-32	2.63e-28	1.17e-24	2.61e-21	1.36e-17	9.72e-15	2.78e-12	3.36e-10	2.43e-08	9.43e-07	2.47e-05	6.82e-04	3.74e-02	2.85e-01	6.77e-01
 2.04594e+22	0.00e+00	0.00e+00	5.17e-32	4.10e-28	1.78e-24	3.82e-21	1.93e-17	1.33e-14	3.66e-12	4.26e-10	2.97e-08	1.11e-06	2.82e-05	7.49e-04	3.96e-02	2.91e-01	6.68e-01
 2.07229e+22	0.00e+00	0.00e+00	8.33e-32	6.41e-28	2.69e-24	5.61e-21	2.73e-17	1.81e-14	4.82e-12	5.41e-10	3.64e-08	1.31e-06	3.21e-05	8.23e-04	4.20e-02	2.98e-01	6.59e-01
 2.09680e+22	0.00e+00	0.00e+00	1.29e-31	9.70e-28	3.96e-24	8.00e-21	3.76e-17	2.42e-14	6.22e-12	6.75e-10	4.39e-08	1.53e-06	3.62e-05	8.99e-04	4.43e-02	3.04e-01	6.51e-01
 2.12403e+22	0.00e+00	0.00e+00	1.38e-31	1.00e-27	3.96e-24	1.23e-20	5.56e-17	3.43e-14	8.47e-12	8.82e-10	5.51e-08	1.84e-06	4.19e-05	9.98e-04	4.73e-02	3.11e-01	6.40e-01
 2.15126e+22	0.00e+00	0.00e+00	2.23e-31	1.57e-27	5.99e-24	1.80e-20	7.86e-17	4.68e-14	1.11e-11	1.12e-09	6.74e-08	2.18e-06	4.77e-05	1.10e-03	5.01e-02	3.18e-01	6.31e-01
 2.17359e+22	0.00e+00	0.00e+00	3.37e-31	2.31e-27	8.59e-24	2.50e-20	1.06e-16	6.12e-14	1.41e-11	1.38e-09	8.04e-08	2.52e-06	5.34e-05	1.19e-03	5.27e-02	3.24e-01	6.22e-01
 2.19773e+22	0.00e+00	0.00e+00	5.43e-31	3.62e-27	1.31e-23	3.68e-20	1.50e-16	8.37e-14	1.86e-11	1.75e-09	9.84e-08	2.97e-06	6.07e-05	1.30e-03	5.58e-02	3.31e-01	6.12e-01
 2.22381e+22	0.00e+00	0.00e+00	8.78e-31	5.68e-27	1.98e-23	5.39e-20	2.13e-16	1.14e-13	2.46e-11	2.23e-09	1.21e-07	3.51e-06	6.92e-05	1.43e-03	5.91e-02	3.37e-01	6.02e-01
 2.24764e+22	0.00e+00	0.00e+00	1.34e-30	8.48e-27	2.88e-23	7.59e-20	2.91e-16	1.51e-13	3.14e-11	2.75e-09	1.45e-07	4.07e-06	7.77e-05	1.56e-03	6.21e-02	3.43e-01	5.93e-01
 2.27383e+22	0.00e+00	0.00e+00	2.28e-30	1.39e-26	4.56e-23	1.16e-19	4.27e-16	2.13e-13	4.26e-11	3.59e-09	1.81e-07	4.89e-06	8.96e-05	1.72e-03	6.61e-02	3.51e-01	5.81e-01
 2.30000e+22	0.00e+00	0.00e+00	3.61e-30	2.14e-26	6.81e-23	1.67e-19	5.96e-16	2.88e-13	5.55e-11	4.51e-09	2.20e-07	5.75e-06	1.02e-04	1.88e-03	6.97e-02	3.57e-01	5.71e-01
 2.32165e+22	0.00e+00	0.00e+00	5.36e-30	3.10e-26	9.60e-23	2.28e-19	7.94e-16	3.72e-13	6.97e-11	5.50e-09	2.60e-07	6.60e-06	1.13e-04	2.03e-03	7.30e-02	3.62e-01	5.62e-01
 2.34531e+22	0.00e+00	0.00e+00	8.85e-30	4.96e-26	1.48e-22	3.40e-19	1.14e-15	5.15e-13	9.30e-11	7.07e-09	3.22e-07	7.86e-06	1.29e-04	2.24e-03	7.73e-02	3.69e-01	5.51e-01
 2.37005e+22	0.00e+00	0.00e+00	1.36e-29	7.44e-26	2.16e-22	4.79e-19	1.56e-15	6.82e-13	1.19e-10	8.77e-09	3.87e-07	9.13e-06	1.45e-04	2.43e-03	8.12e-02	3.75e-01	5.41e-01
 2.39620e+22	0.00e+00	0.00e+00	2.42e-29	1.27e-25	3.56e-22	7.54e-19	2.36e-15	9.90e-13	1.66e-10	1.17e-08	4.94e-07	1.12e-05	1.70e-04	2.72e-03	8.67e-02	3.83e-01	5.28e-01
 2.42206e+22	0.00e+00	0.00e+00	3.73e-29	1.91e-25	5.18e-22	1.06e-18	3.23e-15	1.31e-12	2.13e-10	1.45e-08	5.93e-07	1.30e-05	1.91e-04	2.95e-03	9.10e-02	3.88e-01	5.18e-01
 2.44378e+22	0.00e+00	0.00e+00	5.66e-29	2.82e-25	7.42e-22	1.47e-18	4.35e-15	1.72e-12	2.70e-10	1.79e-08	7.08e-07	1.50e-05	2.13e-04	3.19e-03	9.53e-02	3.94e-01	5.08e-01
 2.46498e+22	0.00e+00	1.68e-33	8.59e-29	4.16e-25	1.06e-21	2.04e-18	5.87e-15	2.25e-12	3.43e-10	2.20e-08	8.45e-07	1.73e-05	2.38e-04	3.45e-03	9.98e-02	3.99e-01	4.98e-01
 2.48926e+22	0.00e+00	2.91e-33	1.43e-28	6.69e-25	1.65e-21	3.05e-18	8.47e-15	3.12e-12	4.59e-10	2.83e-08	1.05e-06	2.07e-05	2.73e-04	3.80e-03	1.06e-01	4.05e-01	4.85e-01
 2.51419e+22	0.00e+00	4.73e-33	2.25e-28	1.02e-24	2.44e-21	4.34e-18	1.17e-14	4.18e-12	5.95e-10	3.55e-08	1.27e-06	2.42e-05	3.09e-04	4.14e-03	1.11e-01	4.10e-01	4.74e-01
 2.53601e+22	0.00e+00	7.48e-33	3.45e-28	1.52e-24	3.53e-21	6.06e-18	1.59e-14	5.51e-12	7.59e-10	4.39e-08	1.52e-06	2.81e-05	3.46e-04	4.48e-03	1.16e-01	4.15e-01	4.64e-01
 2.56037e+22	0.00e+00	1.35e-32	5.96e-28	2.53e-24	5.65e-21	9.28e-18	2.35e-14	7.83e-12	1.04e-09	5.76e-08	1.92e-06	3.40e-05	4.00e-04	4.96e-03	1.23e-01	4.21e-01	4.50e-01
 2.58403e+22	0.00e+00	2.10e-32	9.00e-28	3.72e-24	8.04e-21	1.28e-17	3.15e-14	1.02e-11	1.31e-09	7.07e-08	2.29e-06	3.93e-05	4.46e-04	5.36e-03	1.29e-01	4.25e-01	4.40e-01
 2.60371e+22	0.00e+00	3.15e-32	1.32e-27	5.30e-24	1.11e-20	1.72e-17	4.13e-14	1.30e-11	1.63e-09	8.53e-08	2.69e-06	4.48e-05	4.94e-04	5.74e-03	1.34e-01	4.29e-01	4.31e-01
 2.62626e+22	0.00e+00	5.41e-32	2.17e-27	8.44e-24	1.71e-20	2.53e-17	5.90e-14	1.79e-11	2.17e-09	1.09e-07	3.33e-06	5.33e-05	5.64e-04	6.30e-03	1.41e-01	4.34e-01	4.18e-01
 2.64936e+22	0.00e+00	8.62e-32	3.35e-27	1.26e-23	2.47e-20	3.52e-17	8.01e-14	2.37e-11	2.77e-09	1.36e-07	3.99e-06	6.19e-05	6.32e-04	6.81e-03	1.47e-01	4.38e-01	4.08e-01
 2.66971e+22	0.00e+00	1.35e-31	5.08e-27	1.86e-23	3.52e-20	4.85e-17	1.08e-13	3.09e-11	3.51e-09	1.67e-07	4.76e-06	7.16e-05	7.05e-04	7.35e-03	1.53e-01	4.41e-01	3.97e-01
 2.69273e+22	0.00e+00	2.37e-31	8.56e-27	3.02e-23	5.50e-20	7.23e-17	1.55e-13	4.30e-11	4.72e-09	2.16e-07	5.94e-06	8.58e-05	8.10e-04	8.08e-03	1.62e-01	4.45e-01	3.84e-01
 2.71543e+22	0.00e+00	3.70e-31	1.29e-26	4.42e-23	7.81e-20	9.91e-17	2.08e-13	5.60e-11	5.97e-09	2.64e-07	7.07e-06	9.90e-05	9.02e-04	8.69e-03	1.68e-01	4.48e-01	3.74e-01
 2.73456e+22	0.00e+00	5.61e-31	1.90e-26	6.33e-23	1.09e-19	1.33e-16	2.73e-13	7.17e-11	7.43e-09	3.20e-07	8.33e-06	1.13e-04	9.98e-04	9.31e-03	1.75e-01	4.51e-01	3.64e-01
 2.75625e+22	0.00e+00	9.58e-31	3.12e-26	1.00e-22	1.65e-19	1.94e-16	3.87e-13	9.82e-11	9.84e-09	4.09e-07	1.03e-05	1.34e-04	1.14e-03	1.02e-02	1.83e-01	4.53e-01	3.52e-01
 2.77833e+22	0.00e+00	1.52e-30	4.79e-26	1.49e-22	2.37e-19	2.68e-16	5.22e-13	1.29e-10	1.25e-08	5.05e-07	1.23e-05	1.56e-04	1.27e-03	1.10e-02	1.91e-01	4.56e-01	3.41e-01
 2.79752e+22	0.00e+00	2.32e-30	7.07e-26	2.13e-22	3.30e-19	3.61e-16	6.86e-13	1.65e-10	1.56e-08	6.12e-07	1.45e-05	1.78e-04	1.40e-03	1.17e-02	1.98e-01	4.57e-01	3.32e-01
 2.81907e+22	0.00e+00	3.95e-30	1.16e-25	3.37e-22	5.01e-19	5.24e-16	9.70e-13	2.26e-10	2.07e-08	7.80e-07	1.79e-05	2.11e-04	1.60e-03	1.28e-02	2.07e-01	4.59e-01	3.20e-01
 2.84062e+22	0.00e+00	6.19e-30	1.75e-25	4.94e-22	7.09e-19	7.14e-16	1.29e-12	2.93e-10	2.61e-08	9.56e-07	2.13e-05	2.44e-04	1.78e-03	1.37e-02	2.15e-01	4.60e-01	3.09e-01
 2.85895e+22	0.00e+00	9.21e-30	2.54e-25	6.95e-22	9.70e-19	9.45e-16	1.68e-12	3.70e-10	3.21e-08	1.15e-06	2.48e-05	2.76e-04	1.95e-03	1.46e-02	2.22e-01	4.61e-01	3.01e-01
 2.87954e+22	0.00e+00	1.55e-29	4.11e-25	1.09e-21	1.45e-18	1.35e-15	2.34e-12	5.02e-10	4.22e-08	1.45e-06	3.04e-05	3.26e-04	2.21e-03	1.59e-02	2.31e-01	4.61e-01	2.89e-01
 2.90051e+22	0.00e+00	2.42e-29	6.19e-25	1.58e-21	2.05e-18	1.84e-15	3.11e-12	6.49e-10	5.31e-08	1.78e-06	3.61e-05	3.76e-04	2.45e-03	1.70e-02	2.39e-01	4.61e-01	2.79e-01
 2.91886e+22	0.00e+00	3.67e-29	9.10e-25	2.26e-21	2.83e-18	2.45e-15	4.07e-12	8.28e-10	6.59e-08	2.15e-06	4.25e-05	4.29e-04	2.71e-03	1.82e-02	2.47e-01	4.61e-01	2.70e-01
 2.93964e+22	0.00e+00	6.18e-29	1.47e-24	3.52e-21	4.24e-18	3.51e-15	5.68e-12	1.12e-09	8.64e-08	2.72e-06	5.20e-05	5.05e-04	3.06e-03	1.97e-02	2.57e-01	4.60e-01	2.59e-01
 2.96107e+22	0.00e+00	9.79e-29	2.25e-24	5.20e-21	6.04e-18	4.80e-15	7.62e-12	1.46e-09	1.10e-07	3.34e-06	6.21e-05	5.84e-04	3.40e-03	2.11e-02	2.66e-01	4.59e-01	2.49e-01
 2.97999e+22	0.00e+00	1.52e-28	3.38e-24	7.55e-21	8.47e-18	6.47e-15	1.01e-11	1.89e-09	1.38e-07	4.08e-06	7.36e-05	6.71e-04	3.77e-03	2.25e-02	2.75e-01	4.58e-01	2.40e-01
 2.99819e+22	0.00e+00	2.31e-28	4.97e-24	1.08e-20	1.17e-17	8.61e-15	1.32e-11	2.41e-09	1.71e-07	4.93e-06	8.65e-05	7.65e-04	4.15e-03	2.40e-02	2.83e-01	4.56e-01	2.31e-01
 3.01879e+22	0.00e+00	3.93e-28	8.10e-24	1.69e-20	1.75e-17	1.23e-14	1.84e-11	3.27e-09	2.25e-07	6.25e-06	1.06e-04	9.02e-04	4.69e-03	2.59e-02	2.94e-01	4.54e-01	2.21e-01
 3.03995e+22	0.00e+00	6.11e-28	1.22e-23	2.45e-20	2.46e-17	1.66e-14	2.44e-11	4.22e-09	2.83e-07	7.63e-06	1.26e-04	1.04e-03	5.19e-03	2.76e-02	3.03e-01	4.51e-01	2.12e-01
 3.06184e+22	0.00e+00	1.07e-27	2.03e-23	3.93e-20	3.77e-17	2.42e-14	3.47e-11	5.83e-09	3.77e-07	9.80e-06	1.56e-04	1.23e-03	5.89e-03	3.00e-02	3.14e-01	4.48e-01	2.01e-01
 3.08415e+22	0.00e+00	1.74e-27	3.19e-23	5.93e-20	5.47e-17	3.36e-14	4.72e-11	7.72e-09	4.85e-07	1.22e-05	1.88e-04	1.43e-03	6.58e-03	3.21e-02	3.24e-01	4.44e-01	1.92e-01
 3.10274e+22	0.00e+00	2.62e-27	4.65e-23	8.37e-20	7.46e-17	4.41e-14	6.10e-11	9.76e-09	5.99e-07	1.46e-05	2.20e-04	1.63e-03	7.21e-03	3.40e-02	3.32e-01	4.40e-01	1.84e-01
 3.12265e+22	0.00e+00	4.40e-27	7.50e-23	1.30e-19	1.11e-16	6.24e-14	8.46e-11	1.32e-08	7.83e-07	1.85e-05	2.68e-04	1.91e-03	8.10e-03	3.66e-02	3.43e-01	4.36e-01	1.75e-01
 3.14279e+22	0.00e+00	6.80e-27	1.12e-22	1.86e-19	1.53e-16	8.30e-14	1.11e-10	1.69e-08	9.78e-07	2.24e-05	3.16e-04	2.18e-03	8.92e-03	3.88e-02	3.52e-01	4.31e-01	1.67e-01
 3.16033e+22	0.00e+00	1.01e-26	1.62e-22	2.61e-19	2.08e-16	1.08e-13	1.43e-10	2.12e-08	1.20e-06	2.68e-05	3.68e-04	2.47e-03	9.75e-03	4.10e-02	3.60e-01	4.27e-01	1.60e-01
 3.17682e+22	0.00e+00	1.50e-26	2.31e-22	3.61e-19	2.78e-16	1.39e-13	1.81e-10	2.64e-08	1.47e-06	3.19e-05	4.27e-04	2.78e-03	1.06e-02	4.32e-02	3.67e-01	4.22e-01	1.53e-01
 3.19206e+22	0.00e+00	2.14e-26	3.20e-22	4.86e-19	3.62e-16	1.76e-13	2.26e-10	3.24e-08	1.76e-06	3.74e-05	4.89e-04	3.10e-03	1.15e-02	4.53e-02	3.74e-01	4.18e-01	1.47e-01
 3.20599e+22	0.00e+00	2.97e-26	4.32e-22	6.38e-19	4.62e-16	2.17e-13	2.76e-10	3.90e-08	2.08e-06	4.32e-05	5.53e-04	3.42e-03	1.23e-02	4.72e-02	3.81e-01	4.14e-01	1.42e-01
 3.21899e+22	0.00e+00	4.07e-26	5.77e-22	8.29e-19	5.84e-16	2.66e-13	3.35e-10	4.66e-08	2.44e-06	4.97e-05	6.24e-04	3.77e-03	1.32e-02	4.92e-02	3.87e-01	4.09e-01	1.37e-01
 3.23381e+22	0.00e+00	6.05e-26	8.28e-22	1.15e-18	7.83e-16	3.43e-13	4.28e-10	5.83e-08	2.99e-06	5.92e-05	7.24e-04	4.25e-03	1.44e-02	5.18e-02	3.94e-01	4.04e-01	1.31e-01
 3.24828e+22	0.00e+00	8.23e-26	1.10e-21	1.49e-18	9.82e-16	4.17e-13	5.16e-10	6.94e-08	3.49e-06	6.78e-05	8.13e-04	4.66e-03	1.54e-02	5.38e-02	4.00e-01	3.99e-01	1.26e-01
 3.26025e+22	0.00e+00	1.11e-25	1.45e-21	1.91e-18	1.22e-15	5.04e-13	6.20e-10	8.22e-08	4.07e-06	7.74e-05	9.11e-04	5.10e-03	1.64e-02	5.59e-02	4.06e-01	3.95e-01	1.21e-01
 3.27200e+22	0.00e+00	1.49e-25	1.89e-21	2.42e-18	1.52e-15	6.06e-13	7.40e-10	9.68e-08	4.72e-06	8.80e-05	1.02e-03	5.57e-03	1.74e-02	5.79e-02	4.11e-01	3.90e-01	1.17e-01
 3.28345e+22	0.00e+00	1.95e-25	2.42e-21	3.03e-18	1.85e-15	7.19e-13	8.73e-10	1.13e-07	5.42e-06	9.92e-05	1.12e-03	6.04e-03	1.85e-02	5.99e-02	4.15e-01	3.86e-01	1.13e-01
 3.29628e+22	0.00e+00	2.77e-25	3.33e-21	4.05e-18	2.39e-15	8.95e-13	1.08e-09	1.37e-07	6.47e-06	1.16e-04	1.28e-03	6.70e-03	1.99e-02	6.25e-02	4.21e-01	3.80e-01	1.08e-01
 3.30921e+22	0.00e+00	3.69e-25	4.33e-21	5.13e-18	2.94e-15	1.07e-12	1.28e-09	1.61e-07	7.48e-06	1.31e-04	1.43e-03	7.30e-03	2.11e-02	6.46e-02	4.26e-01	3.75e-01	1.04e-01
 3.32046e+22	0.00e+00	4.90e-25	5.59e-21	6.46e-18	3.60e-15	1.27e-12	1.52e-09	1.89e-07	8.63e-06	1.48e-04	1.59e-03	7.94e-03	2.24e-02	6.68e-02	4.31e-01	3.70e-01	1.01e-01
 3.33326e+22	0.00e+00	7.15e-25	7.89e-21	8.78e-18	4.71e-15	1.60e-12	1.90e-09	2.33e-07	1.04e-05	1.75e-04	1.83e-03	8.88e-03	2.42e-02	6.98e-02	4.36e-01	3.63e-01	9.57e-02
 3.34585e+22	0.00e+00	9.41e-25	1.01e-20	1.10e-17	5.74e-15	1.89e-12	2.24e-09	2.71e-07	1.20e-05	1.97e-04	2.02e-03	9.62e-03	2.56e-02	7.20e-02	4.41e-01	3.58e-01	9.22e-02
 3.35618e+22	0.00e+00	1.23e-24	1.29e-20	1.37e-17	6.94e-15	2.22e-12	2.63e-09	3.15e-07	1.37e-05	2.22e-04	2.23e-03	1.04e-02	2.71e-02	7.42e-02	4.44e-01	3.53e-01	8.88e-02
 3.36596e+22	0.00e+00	1.59e-24	1.63e-20	1.68e-17	8.31e-15	2.59e-12	3.05e-09	3.62e-07	1.56e-05	2.48e-04	2.45e-03	1.12e-02	2.85e-02	7.64e-02	4.48e-01	3.48e-01	8.57e-02
 3.37698e+22	0.00e+00	2.19e-24	2.17e-20	2.17e-17	1.04e-14	3.12e-12	3.68e-09	4.31e-07	1.83e-05	2.84e-04	2.76e-03	1.23e-02	3.04e-02	7.90e-02	4.52e-01	3.41e-01	8.20e-02
 3.38831e+22	0.00e+00	2.91e-24	2.81e-20	2.73e-17	1.27e-14	3.68e-12	4.34e-09	5.04e-07	2.11e-05	3.22e-04	3.06e-03	1.34e-02	3.22e-02	8.15e-02	4.55e-01	3.36e-01	7.86e-02
 3.39817e+22	0.00e+00	3.75e-24	3.54e-20	3.34e-17	1.51e-14	4.27e-12	5.03e-09	5.80e-07	2.39e-05	3.59e-04	3.36e-03	1.44e-02	3.38e-02	8.37e-02	4.58e-01	3.30e-01	7.58e-02
 3.40912e+22	0.00e+00	5.23e-24	4.78e-20	4.36e-17	1.90e-14	5.17e-12	6.10e-09	6.95e-07	2.82e-05	4.14e-04	3.79e-03	1.58e-02	3.61e-02	8.66e-02	4.62e-01	3.23e-01	7.21e-02
 3.42029e+22	0.00e+00	6.96e-24	6.18e-20	5.47e-17	2.31e-14	6.08e-12	7.18e-09	8.12e-07	3.26e-05	4.68e-04	4.21e-03	1.72e-02	3.82e-02	8.91e-02	4.64e-01	3.17e-01	6.90e-02
 3.43010e+22	0.00e+00	9.10e-24	7.87e-20	6.76e-17	2.77e-14	7.07e-12	8.38e-09	9.39e-07	3.72e-05	5.25e-04	4.64e-03	1.86e-02	4.02e-02	9.15e-02	4.67e-01	3.12e-01	6.62e-02
 3.44119e+22	0.00e+00	1.29e-23	1.08e-19	8.93e-17	3.52e-14	8.60e-12	1.02e-08	1.14e-06	4.43e-05	6.10e-04	5.27e-03	2.05e-02	4.31e-02	9.47e-02	4.69e-01	3.04e-01	6.27e-02
 3.45241e+22	0.00e+00	1.72e-23	1.40e-19	1.12e-16	4.25e-14	1.01e-11	1.20e-08	1.32e-06	5.10e-05	6.89e-04	5.84e-03	2.22e-02	4.55e-02	9.73e-02	4.71e-01	2.97e-01	5.98e-02
 3.46200e+22	0.00e+00	2.24e-23	1.77e-19	1.37e-16	5.07e-14	1.16e-11	1.39e-08	1.53e-06	5.80e-05	7.69e-04	6.41e-03	2.39e-02	4.78e-02	9.97e-02	4.72e-01	2.92e-01	5.73e-02
 3.47265e+22	0.00e+00	3.22e-23	2.45e-19	1.82e-16	6.43e-14	1.41e-11	1.71e-08	1.85e-06	6.94e-05	8.98e-04	7.31e-03	2.65e-02	5.11e-02	1.03e-01	4.74e-01	2.83e-01	5.39e-02
 3.48316e+22	0.00e+00	4.16e-23	3.08e-19	2.22e-16	7.62e-14	1.62e-11	1.97e-08	2.13e-06	7.86e-05	9.99e-04	7.99e-03	2.84e-02	5.36e-02	1.05e-01	4.75e-01	2.77e-01	5.17e-02
 3.49347e+22	0.00e+00	5.95e-23	4.23e-19	2.93e-16	9.58e-14	1.94e-11	2.40e-08	2.57e-06	9.36e-05	1.16e-03	9.07e-03	3.14e-02	5.72e-02	1.09e-01	4.75e-01	2.69e-01	4.85e-02
 3.50355e+22	0.00e+00	7.63e-23	5.28e-19	3.55e-16	1.13e-13	2.22e-11	2.75e-08	2.93e-06	1.06e-04	1.29e-03	9.90e-03	3.36e-02	5.98e-02	1.11e-01	4.75e-01	2.63e-01	4.64e-02
 3.51334e+22	0.00e+00	1.08e-22	7.20e-19	4.63e-16	1.40e-13	2.64e-11	3.32e-08	3.52e-06	1.25e-04	1.49e-03	1.12e-02	3.69e-02	6.36e-02	1.14e-01	4.75e-01	2.54e-01	4.36e-02
 3.52317e+22	0.00e+00	1.39e-22	9.02e-19	5.62e-16	1.65e-13	3.01e-11	3.82e-08	4.03e-06	1.42e-04	1.65e-03	1.22e-02	3.95e-02	6.65e-02	1.16e-01	4.74e-01	2.48e-01	4.16e-02
 3.53304e+22	0.00e+00	2.00e-22	1.24e-18	7.37e-16	2.06e-13	3.58e-11	4.62e-08	4.86e-06	1.68e-04	1.91e-03	1.38e-02	4.34e-02	7.08e-02	1.19e-01	4.72e-01	2.40e-01	3.88e-02
 3.54293e+22	0.00e+00	2.59e-22	1.57e-18	9.00e-16	2.43e-13	4.08e-11	5.32e-08	5.57e-06	1.91e-04	2.13e-03	1.51e-02	4.65e-02	7.40e-02	1.21e-01	4.71e-01	2.33e-01	3.69e-02
 3.55284e+22	0.00e+00	3.75e-22	2.17e-18	1.18e-15	3.04e-13	4.85e-11	6.46e-08	6.74e-06	2.27e-04	2.47e-03	1.71e-02	5.12e-02	7.86e-02	1.24e-01	4.68e-01	2.24e-01	3.43e-02
 3.56282e+22	0.00e+00	4.89e-22	2.74e-18	1.45e-15	3.59e-13	5.53e-11	7.45e-08	7.73e-06	2.58e-04	2.75e-03	1.87e-02	5.47e-02	8.21e-02	1.26e-01	4.65e-01	2.17e-01	3.25e-02
 3.57288e+22	4.69e-34	7.04e-22	3.78e-18	1.90e-15	4.47e-13	6.56e-11	9.01e-08	9.32e-06	3.07e-04	3.18e-03	2.10e-02	6.00e-02	8.70e-02	1.29e-01	4.61e-01	2.08e-01	3.01e-02
 3.58288e+22	6.51e-34	9.27e-22	4.82e-18	2.33e-15	5.28e-13	7.45e-11	1.04e-07	1.07e-05	3.49e-04	3.54e-03	2.30e-02	6.42e-02	9.07e-02	1.31e-01	4.58e-01	2.01e-01	2.84e-02
 3.59278e+22	1.00e-33	1.33e-21	6.62e-18	3.05e-15	6.55e-13	8.79e-11	1.25e-07	1.29e-05	4.13e-04	4.08e-03	2.58e-02	7.01e-02	9.58e-02	1.33e-01	4.52e-01	1.92e-01	2.62e-02
 3.60286e+22	1.41e-33	1.78e-21	8.53e-18	3.77e-15	7.77e-13	1.00e-10	1.45e-07	1.49e-05	4.72e-04	4.56e-03	2.83e-02	7.51e-02	9.99e-02	1.35e-01	4.47e-01	1.85e-01	2.46e-02
 3.61320e+22	2.22e-33	2.60e-21	1.19e-17	4.98e-15	9.69e-13	1.19e-10	1.76e-07	1.80e-05	5.61e-04	5.27e-03	3.19e-02	8.21e-02	1.05e-01	1.37e-01	4.40e-01	1.75e-01	2.25e-02
 3.62359e+22	3.13e-33	3.48e-21	1.54e-17	6.16e-15	1.15e-12	1.35e-10	2.04e-07	2.08e-05	6.40e-04	5.88e-03	3.48e-02	8.78e-02	1.10e-01	1.38e-01	4.34e-01	1.68e-01	2.10e-02
 3.63404e+22	4.94e-33	5.10e-21	2.15e-17	8.14e-15	1.43e-12	1.59e-10	2.46e-07	2.51e-05	7.60e-04	6.78e-03	3.91e-02	9.56e-02	1.15e-01	1.40e-01	4.25e-01	1.59e-01	1.91e-02
 3.64458e+22	7.01e-33	6.85e-21	2.78e-17	1.01e-14	1.70e-12	1.81e-10	2.85e-07	2.90e-05	8.66e-04	7.55e-03	4.26e-02	1.02e-01	1.20e-01	1.41e-01	4.17e-01	1.51e-01	1.77e-02
 3.65370e+22	9.84e-33	9.12e-21	3.57e-17	1.24e-14	2.00e-12	2.05e-10	3.27e-07	3.32e-05	9.82e-04	8.37e-03	4.63e-02	1.08e-01	1.24e-01	1.42e-01	4.09e-01	1.44e-01	1.64e-02
 3.66404e+22	1.52e-32	1.32e-20	4.92e-17	1.62e-14	2.47e-12	2.40e-10	3.90e-07	3.95e-05	1.15e-03	9.53e-03	5.13e-02	1.17e-01	1.29e-01	1.42e-01	3.99e-01	1.36e-01	1.49e-02
 3.67440e+22	2.12e-32	1.75e-20	6.29e-17	1.99e-14	2.90e-12	2.70e-10	4.46e-07	4.51e-05	1.30e-03	1.05e-02	5.55e-02	1.24e-01	1.33e-01	1.43e-01	3.90e-01	1.29e-01	1.38e-02
 3.68478e+22	3.28e-32	2.52e-20	8.66e-17	2.59e-14	3.56e-12	3.15e-10	5.29e-07	5.35e-05	1.51e-03	1.19e-02	6.12e-02	1.33e-01	1.38e-01	1.43e-01	3.78e-01	1.21e-01	1.24e-02
 3.69528e+22	4.53e-32	3.32e-20	1.10e-16	3.16e-14	4.17e-12	3.55e-10	6.01e-07	6.07e-05	1.69e-03	1.30e-02	6.57e-02	1.40e-01	1.42e-01	1.43e-01	3.69e-01	1.15e-01	1.15e-02
 3.70592e+22	6.99e-32	4.79e-20	1.52e-16	4.11e-14	5.13e-12	4.14e-10	7.10e-07	7.15e-05	1.97e-03	1.47e-02	7.21e-02	1.49e-01	1.47e-01	1.42e-01	3.56e-01	1.07e-01	1.03e-02
 3.71677e+22	9.68e-32	6.32e-20	1.93e-16	5.03e-14	6.01e-12	4.67e-10	8.06e-07	8.10e-05	2.20e-03	1.61e-02	7.72e-02	1.56e-01	1.50e-01	1.41e-01	3.47e-01	1.01e-01	9.46e-03
 3.72787e+22	1.49e-31	9.13e-20	2.66e-16	6.56e-14	7.40e-12	5.46e-10	9.47e-07	9.50e-05	2.54e-03	1.80e-02	8.43e-02	1.66e-01	1.54e-01	1.40e-01	3.33e-01	9.31e-02	8.43e-03
 3.73926e+22	2.08e-31	1.21e-19	3.41e-16	8.06e-14	8.71e-12	6.18e-10	1.07e-06	1.07e-04	2.83e-03	1.96e-02	9.00e-02	1.74e-01	1.57e-01	1.39e-01	3.22e-01	8.75e-02	7.70e-03
 3.75102e+22	3.21e-31	1.75e-19	4.71e-16	1.05e-13	1.08e-11	7.25e-10	1.26e-06	1.26e-04	3.26e-03	2.19e-02	9.78e-02	1.84e-01	1.61e-01	1.37e-01	3.08e-01	8.05e-02	6.82e-03
 3.76302e+22	4.49e-31	2.34e-19	6.06e-16	1.30e-13	1.27e-11	8.23e-10	1.43e-06	1.42e-04	3.63e-03	2.39e-02	1.04e-01	1.91e-01	1.63e-01	1.35e-01	2.97e-01	7.53e-02	6.19e-03
 3.77530e+22	6.92e-31	3.39e-19	8.38e-16	1.70e-13	1.57e-11	9.67e-10	1.67e-06	1.65e-04	4.15e-03	2.65e-02	1.12e-01	2.01e-01	1.66e-01	1.33e-01	2.82e-01	6.89e-02	5.45e-03
 3.78767e+22	9.59e-31	4.49e-19	1.07e-15	2.09e-13	1.85e-11	1.10e-09	1.88e-06	1.85e-04	4.59e-03	2.87e-02	1.19e-01	2.09e-01	1.68e-01	1.31e-01	2.71e-01	6.42e-02	4.94e-03
 3.80015e+22	1.47e-30	6.46e-19	1.47e-15	2.72e-13	2.29e-11	1.29e-09	2.18e-06	2.14e-04	5.22e-03	3.16e-02	1.28e-01	2.18e-01	1.70e-01	1.28e-01	2.57e-01	5.85e-02	4.33e-03
 3.81223e+22	1.95e-30	8.24e-19	1.82e-15	3.26e-13	2.64e-11	1.44e-09	2.41e-06	2.36e-04	5.68e-03	3.38e-02	1.34e-01	2.24e-01	1.71e-01	1.25e-01	2.47e-01	5.49e-02	3.96e-03
 3.82379e+22	2.84e-30	1.14e-18	2.42e-15	4.13e-13	3.19e-11	1.66e-09	2.74e-06	2.68e-04	6.34e-03	3.67e-02	1.42e-01	2.32e-01	1.72e-01	1.22e-01	2.34e-01	5.03e-02	3.51e-03
 3.83565e+22	3.80e-30	1.47e-18	3.02e-15	4.98e-13	3.70e-11	1.87e-09	3.04e-06	2.96e-04	6.91e-03	3.92e-02	1.48e-01	2.38e-01	1.73e-01	1.20e-01	2.25e-01	4.69e-02	3.18e-03
 3.84790e+22	5.61e-30	2.05e-18	4.06e-15	6.36e-13	4.50e-11	2.17e-09	3.46e-06	3.35e-04	7.71e-03	4.25e-02	1.57e-01	2.46e-01	1.73e-01	1.16e-01	2.12e-01	4.27e-02	2.79e-03
 3.86031e+22	7.46e-30	2.62e-18	5.04e-15	7.64e-13	5.22e-11	2.44e-09	3.83e-06	3.69e-04	8.36e-03	4.52e-02	1.63e-01	2.51e-01	1.73e-01	1.14e-01	2.03e-01	3.97e-02	2.53e-03
 3.87292e+22	1.09e-29	3.62e-18	6.69e-15	9.70e-13	6.32e-11	2.83e-09	4.34e-06	4.16e-04	9.28e-03	4.88e-02	1.72e-01	2.58e-01	1.73e-01	1.10e-01	1.91e-01	3.61e-02	2.22e-03
 3.88543e+22	1.44e-29	4.60e-18	8.27e-15	1.16e-12	7.30e-11	3.16e-09	4.77e-06	4.55e-04	1.00e-02	5.16e-02	1.78e-01	2.63e-01	1.72e-01	1.07e-01	1.82e-01	3.35e-02	2.01e-03
 3.89781e+22	2.07e-29	6.30e-18	1.09e-14	1.46e-12	8.78e-11	3.65e-09	5.38e-06	5.09e-04	1.10e-02	5.55e-02	1.86e-01	2.69e-01	1.71e-01	1.04e-01	1.71e-01	3.04e-02	1.76e-03
 3.91031e+22	2.71e-29	7.93e-18	1.34e-14	1.74e-12	1.01e-10	4.08e-09	5.89e-06	5.55e-04	1.19e-02	5.84e-02	1.92e-01	2.73e-01	1.70e-01	1.01e-01	1.63e-01	2.83e-02	1.60e-03
 3.92297e+22	3.88e-29	1.08e-17	1.75e-14	2.18e-12	1.22e-10	4.71e-09	6.62e-06	6.19e-04	1.30e-02	6.25e-02	2.01e-01	2.78e-01	1.69e-01	9.69e-02	1.53e-01	2.56e-02	1.40e-03
 3.93587e+22	5.09e-29	1.36e-17	2.16e-14	2.60e-12	1.40e-10	5.28e-09	7.26e-06	6.74e-04	1.40e-02	6.58e-02	2.07e-01	2.81e-01	1.67e-01	9.40e-02	1.45e-01	2.37e-02	1.26e-03
 3.94909e+22	7.32e-29	1.86e-17	2.84e-14	3.28e-12	1.69e-10	6.11e-09	8.16e-06	7.52e-04	1.53e-02	7.02e-02	2.15e-01	2.85e-01	1.65e-01	9.01e-02	1.36e-01	2.13e-02	1.09e-03
 3.96256e+22	1.72e-29	2.36e-17	3.50e-14	3.92e-12	1.95e-10	6.86e-09	8.95e-06	8.18e-04	1.65e-02	7.38e-02	2.21e-01	2.88e-01	1.63e-01	8.72e-02	1.28e-01	1.97e-02	9.83e-04
 3.97633e+22	2.46e-29	3.23e-17	4.61e-14	4.95e-12	2.36e-10	7.96e-09	1.01e-05	9.11e-04	1.80e-02	7.86e-02	2.29e-01	2.92e-01	1.61e-01	8.33e-02	1.19e-01	1.76e-02	8.49e-04
 3.99036e+22	3.22e-29	4.10e-17	5.70e-14	5.93e-12	2.74e-10	8.95e-09	1.10e-05	9.91e-04	1.93e-02	8.25e-02	2.35e-01	2.94e-01	1.58e-01	8.03e-02	1.13e-01	1.62e-02	7.59e-04
 4.00473e+22	4.61e-29	5.62e-17	7.53e-14	7.50e-12	3.32e-10	1.04e-08	1.24e-05	1.10e-03	2.11e-02	8.77e-02	2.43e-01	2.96e-01	1.55e-01	7.64e-02	1.04e-01	1.44e-02	6.53e-04
 4.01878e+22	5.87e-29	6.94e-17	9.10e-14	8.83e-12	3.80e-10	1.16e-08	1.35e-05	1.19e-03	2.24e-02	9.14e-02	2.48e-01	2.97e-01	1.53e-01	7.37e-02	9.88e-02	1.33e-02	5.89e-04
 4.03239e+22	8.24e-29	9.34e-17	1.18e-13	1.10e-11	4.54e-10	1.34e-08	1.51e-05	1.31e-03	2.43e-02	9.66e-02	2.56e-01	2.99e-01	1.49e-01	7.01e-02	9.15e-02	1.19e-02	5.09e-04
 4.04623e+22	1.05e-28	1.16e-16	1.43e-13	1.30e-11	5.21e-10	1.49e-08	1.65e-05	1.42e-03	2.58e-02	1.01e-01	2.61e-01	2.99e-01	1.47e-01	6.75e-02	8.65e-02	1.10e-02	4.58e-04
 4.06034e+22	1.46e-28	1.54e-16	1.85e-13	1.62e-11	6.23e-10	1.72e-08	1.84e-05	1.56e-03	2.79e-02	1.06e-01	2.67e-01	3.00e-01	1.43e-01	6.41e-02	8.01e-02	9.84e-03	3.96e-04
 4.07490e+22	1.90e-28	1.95e-16	2.28e-13	1.93e-11	7.21e-10	1.94e-08	2.01e-05	1.69e-03	2.98e-02	1.10e-01	2.72e-01	3.00e-01	1.40e-01	6.14e-02	7.51e-02	8.98e-03	3.51e-04
 4.09002e+22	2.65e-28	2.61e-16	2.95e-13	2.41e-11	8.67e-10	2.25e-08	2.26e-05	1.87e-03	3.22e-02	1.16e-01	2.79e-01	2.99e-01	1.36e-01	5.80e-02	6.92e-02	7.99e-03	3.02e-04
 4.10564e+22	3.51e-28	3.34e-16	3.68e-13	2.91e-11	1.01e-09	2.55e-08	2.49e-05	2.03e-03	3.44e-02	1.21e-01	2.84e-01	2.99e-01	1.33e-01	5.53e-02	6.45e-02	7.23e-03	2.65e-04
 4.12190e+22	4.96e-28	4.53e-16	4.82e-13	3.68e-11	1.23e-09	2.98e-08	2.81e-05	2.25e-03	3.73e-02	1.28e-01	2.90e-01	2.97e-01	1.28e-01	5.20e-02	5.91e-02	6.38e-03	2.26e-04
 4.13861e+22	6.64e-28	5.84e-16	6.05e-13	4.47e-11	1.45e-09	3.39e-08	3.10e-05	2.45e-03	3.98e-02	1.33e-01	2.95e-01	2.96e-01	1.24e-01	4.93e-02	5.48e-02	5.74e-03	1.97e-04
 4.15590e+22	9.49e-28	7.99e-16	8.00e-13	5.70e-11	1.77e-09	3.99e-08	3.52e-05	2.73e-03	4.32e-02	1.40e-01	3.00e-01	2.93e-01	1.20e-01	4.61e-02	4.98e-02	5.03e-03	1.66e-04
 4.17377e+22	1.29e-27	1.04e-15	1.02e-12	6.99e-11	2.10e-09	4.58e-08	3.91e-05	2.98e-03	4.62e-02	1.46e-01	3.05e-01	2.91e-01	1.16e-01	4.35e-02	4.59e-02	4.48e-03	1.44e-04
 4.19238e+22	1.87e-27	1.45e-15	1.36e-12	9.01e-11	2.59e-09	5.44e-08	4.46e-05	3.32e-03	5.02e-02	1.53e-01	3.10e-01	2.87e-01	1.11e-01	4.03e-02	4.14e-02	3.89e-03	1.20e-04
 4.21148e+22	2.57e-27	1.91e-15	1.74e-12	1.11e-10	3.10e-09	6.28e-08	4.98e-05	3.64e-03	5.38e-02	1.59e-01	3.14e-01	2.84e-01	1.06e-01	3.78e-02	3.79e-02	3.44e-03	1.02e-04
 4.22864e+22	3.45e-27	2.47e-15	2.20e-12	1.37e-10	3.67e-09	7.22e-08	5.55e-05	3.97e-03	5.74e-02	1.66e-01	3.17e-01	2.80e-01	1.02e-01	3.56e-02	3.49e-02	3.06e-03	8.82e-05
 4.24835e+22	5.17e-27	3.52e-15	3.01e-12	1.79e-10	4.60e-09	8.66e-08	6.37e-05	4.45e-03	6.24e-02	1.74e-01	3.21e-01	2.75e-01	9.70e-02	3.27e-02	3.10e-02	2.61e-03	7.20e-05
 4.26819e+22	6.96e-27	4.56e-15	3.80e-12	2.19e-10	5.45e-09	9.95e-08	7.09e-05	4.85e-03	6.65e-02	1.80e-01	3.24e-01	2.70e-01	9.30e-02	3.06e-02	2.84e-02	2.31e-03	6.19e-05
 4.28818e+22	1.03e-26	6.44e-15	5.18e-12	2.86e-10	6.81e-09	1.19e-07	8.13e-05	5.42e-03	7.21e-02	1.88e-01	3.27e-01	2.64e-01	8.78e-02	2.80e-02	2.53e-02	1.97e-03	5.04e-05
 4.30860e+22	1.42e-26	8.51e-15	6.64e-12	3.55e-10	8.15e-09	1.38e-07	9.08e-05	5.92e-03	7.68e-02	1.95e-01	3.28e-01	2.59e-01	8.37e-02	2.61e-02	2.29e-02	1.72e-03	4.27e-05
 4.32957e+22	2.13e-26	1.21e-14	9.14e-12	4.68e-10	1.03e-08	1.66e-07	1.05e-04	6.63e-03	8.33e-02	2.04e-01	3.30e-01	2.52e-01	7.86e-02	2.37e-02	2.02e-02	1.45e-03	3.44e-05
 4.35087e+22	2.96e-26	1.62e-14	1.18e-11	5.84e-10	1.23e-08	1.93e-07	1.17e-04	7.25e-03	8.88e-02	2.11e-01	3.31e-01	2.46e-01	7.46e-02	2.19e-02	1.82e-02	1.26e-03	2.88e-05
 4.37259e+22	4.51e-26	2.36e-14	1.65e-11	7.79e-10	1.57e-08	2.34e-07	1.35e-04	8.13e-03	9.63e-02	2.19e-01	3.31e-01	2.39e-01	6.96e-02	1.98e-02	1.59e-02	1.05e-03	2.28e-05
 4.39311e+22	5.95e-26	3.01e-14	2.06e-11	9.42e-10	1.84e-08	2.67e-07	1.49e-04	8.78e-03	1.02e-01	2.25e-01	3.31e-01	2.33e-01	6.63e-02	1.85e-02	1.45e-02	9.29e-04	1.96e-05
 4.41209e+22	8.62e-26	4.19e-14	2.76e-11	1.21e-09	2.26e-08	3.16e-07	1.69e-04	9.69e-03	1.09e-01	2.33e-01	3.30e-01	2.26e-01	6.22e-02	1.68e-02	1.28e-02	7.86e-04	1.59e-05
 4.43123e+22	1.14e-25	5.37e-14	3.44e-11	1.47e-09	2.66e-08	3.60e-07	1.87e-04	1.05e-02	1.14e-01	2.38e-01	3.29e-01	2.20e-01	5.91e-02	1.56e-02	1.17e-02	6.93e-04	1.35e-05
 4.45059e+22	1.66e-25	7.55e-14	4.66e-11	1.90e-09	3.29e-08	4.28e-07	2.12e-04	1.15e-02	1.22e-01	2.46e-01	3.27e-01	2.13e-01	5.51e-02	1.42e-02	1.02e-02	5.81e-04	1.09e-05
 4.47012e+22	2.20e-25	9.78e-14	5.87e-11	2.32e-09	3.88e-08	4.90e-07	2.35e-04	1.25e-02	1.29e-01	2.51e-01	3.26e-01	2.07e-01	5.21e-02	1.31e-02	9.26e-03	5.08e-04	9.18e-06
 4.48988e+22	3.22e-25	1.38e-13	8.00e-11	3.02e-09	4.84e-08	5.85e-07	2.67e-04	1.38e-02	1.38e-01	2.58e-01	3.23e-01	1.99e-01	4.84e-02	1.18e-02	8.08e-03	4.23e-04	7.30e-06
 4.50990e+22	4.31e-25	1.81e-13	1.01e-10	3.71e-09	5.74e-08	6.73e-07	2.96e-04	1.49e-02	1.45e-01	2.64e-01	3.20e-01	1.92e-01	4.56e-02	1.09e-02	7.26e-03	3.67e-04	6.11e-06
 4.53028e+22	6.35e-25	2.60e-13	1.40e-10	4.89e-09	7.21e-08	8.11e-07	3.40e-04	1.65e-02	1.55e-01	2.71e-01	3.15e-01	1.84e-01	4.20e-02	9.75e-03	6.27e-03	3.02e-04	4.79e-06
 4.55093e+22	8.52e-25	3.42e-13	1.79e-10	6.04e-09	8.61e-08	9.38e-07	3.78e-04	1.79e-02	1.63e-01	2.76e-01	3.12e-01	1.77e-01	3.94e-02	8.93e-03	5.60e-03	2.59e-04	3.96e-06
 4.57193e+22	1.26e-24	4.96e-13	2.49e-10	8.02e-09	1.09e-07	1.14e-06	4.36e-04	1.99e-02	1.74e-01	2.82e-01	3.06e-01	1.69e-01	3.60e-02	7.93e-03	4.80e-03	2.11e-04	3.07e-06
 4.59337e+22	1.72e-24	6.68e-13	3.24e-10	1.01e-08	1.32e-07	1.33e-06	4.89e-04	2.17e-02	1.83e-01	2.86e-01	3.01e-01	1.62e-01	3.35e-02	7.20e-03	4.23e-03	1.79e-04	2.49e-06
 4.61539e+22	2.55e-24	9.85e-13	4.58e-10	1.36e-08	1.69e-07	1.64e-06	5.69e-04	2.43e-02	1.96e-01	2.92e-01	2.94e-01	1.53e-01	3.04e-02	6.33e-03	3.58e-03	1.43e-04	1.89e-06
 4.63787e+22	3.51e-24	1.34e-12	6.04e-10	1.73e-08	2.08e-07	1.94e-06	6.44e-04	2.65e-02	2.07e-01	2.96e-01	2.88e-01	1.46e-01	2.80e-02	5.69e-03	3.12e-03	1.19e-04	1.51e-06
 4.66025e+22	5.12e-24	1.98e-12	8.51e-10	2.33e-08	2.67e-07	2.40e-06	7.52e-04	2.97e-02	2.20e-01	3.00e-01	2.79e-01	1.37e-01	2.53e-02	4.98e-03	2.62e-03	9.49e-05	1.14e-06
 4.68162e+22	6.76e-24	2.60e-12	1.09e-09	2.88e-08	3.21e-07	2.80e-06	8.41e-04	3.22e-02	2.30e-01	3.03e-01	2.73e-01	1.31e-01	2.34e-02	4.52e-03	2.31e-03	8.03e-05	9.24e-07
 4.70233e+22	9.55e-24	3.74e-12	1.51e-09	3.83e-08	4.09e-07	3.44e-06	9.78e-04	3.59e-02	2.44e-01	3.06e-01	2.64e-01	1.22e-01	2.11e-02	3.95e-03	1.94e-03	6.41e-05	6.99e-07
 4.72332e+22	1.26e-23	4.95e-12	1.94e-09	4.79e-08	4.95e-07	4.04e-06	1.10e-03	3.90e-02	2.55e-01	3.08e-01	2.57e-01	1.16e-01	1.93e-02	3.55e-03	1.69e-03	5.35e-05	5.60e-07
 4.74386e+22	1.72e-23	6.97e-12	2.64e-09	6.29e-08	6.26e-07	4.94e-06	1.28e-03	4.33e-02	2.69e-01	3.09e-01	2.47e-01	1.09e-01	1.74e-02	3.11e-03	1.43e-03	4.28e-05	4.26e-07
 4.76482e+22	2.26e-23	9.30e-12	3.43e-09	7.94e-08	7.66e-07	5.89e-06	1.45e-03	4.74e-02	2.81e-01	3.09e-01	2.39e-01	1.02e-01	1.58e-02	2.77e-03	1.23e-03	3.52e-05	3.35e-07
 4.78522e+22	2.96e-23	1.27e-11	4.56e-09	1.03e-07	9.59e-07	7.15e-06	1.67e-03	5.24e-02	2.95e-01	3.09e-01	2.29e-01	9.52e-02	1.42e-02	2.43e-03	1.04e-03	2.83e-05	2.56e-07
 4.80606e+22	3.84e-23	1.71e-11	5.95e-09	1.30e-07	1.18e-06	8.59e-06	1.91e-03	5.75e-02	3.08e-01	3.08e-01	2.20e-01	8.89e-02	1.28e-02	2.14e-03	8.83e-04	2.29e-05	1.98e-07
 4.82668e+22	4.94e-23	2.29e-11	7.80e-09	1.67e-07	1.47e-06	1.04e-05	2.20e-03	6.33e-02	3.21e-01	3.07e-01	2.10e-01	8.25e-02	1.14e-02	1.87e-03	7.44e-04	1.84e-05	1.51e-07
 4.84741e+22	6.29e-23	3.04e-11	1.01e-08	2.12e-07	1.82e-06	1.25e-05	2.52e-03	6.96e-02	3.34e-01	3.04e-01	2.00e-01	7.64e-02	1.02e-02	1.63e-03	6.27e-04	1.48e-05	0.00e+00
 4.86790e+22	7.92e-23	4.00e-11	1.31e-08	2.68e-07	2.24e-06	1.51e-05	2.89e-03	7.63e-02	3.47e-01	3.01e-01	1.91e-01	7.06e-02	9.10e-03	1.42e-03	5.27e-04	1.19e-05	0.00e+00
 4.88835e+22	9.88e-23	5.22e-11	1.67e-08	3.38e-07	2.76e-06	1.81e-05	3.30e-03	8.36e-02	3.60e-01	2.98e-01	1.81e-01	6.50e-02	8.09e-03	1.23e-03	4.43e-04	9.48e-06	0.00e+00
 4.90884e+22	1.22e-22	6.77e-11	2.13e-08	4.25e-07	3.39e-06	2.18e-05	3.78e-03	9.15e-02	3.72e-01	2.93e-01	1.71e-01	5.97e-02	7.17e-03	1.07e-03	3.70e-04	7.55e-06	0.00e+00
 4.92940e+22	1.51e-22	8.70e-11	2.71e-08	5.31e-07	4.15e-06	2.62e-05	4.31e-03	9.99e-02	3.84e-01	2.88e-01	1.61e-01	5.46e-02	6.33e-03	9.23e-04	3.09e-04	6.00e-06	0.00e+00
 4.95009e+22	1.84e-22	1.11e-10	3.42e-08	6.64e-07	5.07e-06	3.14e-05	4.92e-03	1.09e-01	3.95e-01	2.82e-01	1.52e-01	4.98e-02	5.57e-03	7.94e-04	2.56e-04	4.75e-06	0.00e+00
 4.97097e+22	2.24e-22	1.41e-10	4.29e-08	8.26e-07	6.19e-06	3.77e-05	5.61e-03	1.19e-01	4.06e-01	2.76e-01	1.42e-01	4.53e-02	4.89e-03	6.80e-04	2.12e-04	3.75e-06	0.00e+00
 4.99208e+22	2.73e-22	1.77e-10	5.37e-08	1.03e-06	7.54e-06	4.51e-05	6.39e-03	1.29e-01	4.16e-01	2.69e-01	1.33e-01	4.10e-02	4.27e-03	5.80e-04	1.75e-04	2.94e-06	0.00e+00
 5.01331e+22	3.30e-22	2.21e-10	6.67e-08	1.27e-06	9.15e-06	5.39e-05	7.25e-03	1.40e-01	4.26e-01	2.62e-01	1.24e-01	3.70e-02	3.72e-03	4.94e-04	1.44e-04	2.31e-06	0.00e+00
 5.03488e+22	4.00e-22	2.76e-10	8.29e-08	1.57e-06	1.11e-05	6.46e-05	8.25e-03	1.52e-01	4.34e-01	2.54e-01	1.15e-01	3.33e-02	3.23e-03	4.18e-04	1.18e-04	1.79e-06	0.00e+00
 5.05669e+22	4.82e-22	3.40e-10	1.02e-07	1.92e-06	1.34e-05	7.69e-05	9.33e-03	1.64e-01	4.42e-01	2.45e-01	1.06e-01	2.98e-02	2.80e-03	3.53e-04	9.62e-05	1.40e-06	0.00e+00
 5.07893e+22	7.06e-21	4.19e-10	1.26e-07	2.37e-06	1.63e-05	9.21e-05	1.06e-02	1.77e-01	4.48e-01	2.36e-01	9.80e-02	2.66e-02	2.40e-03	2.96e-04	7.77e-05	1.07e-06	0.00e+00
 5.09961e+22	1.70e-20	4.94e-10	1.49e-07	2.80e-06	1.90e-05	1.06e-04	1.17e-02	1.88e-01	4.53e-01	2.29e-01	9.15e-02	2.41e-02	2.12e-03	2.55e-04	6.53e-05	8.65e-07	0.00e+00
 5.12090e+22	3.01e-20	6.06e-10	1.84e-07	3.46e-06	2.31e-05	1.28e-04	1.33e-02	2.03e-01	4.58e-01	2.19e-01	8.35e-02	2.13e-02	1.80e-03	2.11e-04	5.21e-05	6.54e-07	0.00e+00
 5.14252e+22	4.73e-20	7.10e-10	2.16e-07	4.08e-06	2.69e-05	1.47e-04	1.47e-02	2.15e-01	4.61e-01	2.11e-01	7.76e-02	1.92e-02	1.58e-03	1.81e-04	4.35e-05	5.24e-07	0.00e+00
 5.16465e+22	7.85e-20	8.62e-10	2.65e-07	5.02e-06	3.26e-05	1.77e-04	1.67e-02	2.31e-01	4.63e-01	2.01e-01	7.02e-02	1.68e-02	1.33e-03	1.48e-04	3.43e-05	3.90e-07	0.00e+00
 5.18691e+22	1.20e-19	1.00e-09	3.10e-07	5.87e-06	3.77e-05	2.03e-04	1.83e-02	2.43e-01	4.64e-01	1.93e-01	6.51e-02	1.51e-02	1.16e-03	1.27e-04	2.86e-05	3.13e-07	0.00e+00
 5.20932e+22	1.94e-19	1.21e-09	3.78e-07	7.18e-06	4.54e-05	2.42e-04	2.06e-02	2.60e-01	4.64e-01	1.83e-01	5.87e-02	1.31e-02	9.75e-04	1.03e-04	2.25e-05	2.33e-07	0.00e+00
 5.23186e+22	2.79e-19	1.39e-09	4.39e-07	8.35e-06	5.22e-05	2.76e-04	2.25e-02	2.72e-01	4.63e-01	1.75e-01	5.42e-02	1.18e-02	8.52e-04	8.80e-05	1.87e-05	1.86e-07	0.00e+00
 5.25457e+22	4.17e-19	1.65e-09	5.30e-07	1.01e-05	6.24e-05	3.28e-04	2.53e-02	2.89e-01	4.60e-01	1.65e-01	4.87e-02	1.02e-02	7.12e-04	7.14e-05	1.47e-05	1.38e-07	0.00e+00
 5.27747e+22	5.65e-19	1.89e-09	6.13e-07	1.17e-05	7.15e-05	3.73e-04	2.75e-02	3.02e-01	4.58e-01	1.57e-01	4.48e-02	9.14e-03	6.19e-04	6.07e-05	1.22e-05	0.00e+00	0.00e+00
 5.30061e+22	7.92e-19	2.24e-09	7.36e-07	1.42e-05	8.51e-05	4.41e-04	3.07e-02	3.19e-01	4.53e-01	1.48e-01	4.00e-02	7.89e-03	5.16e-04	4.91e-05	9.51e-06	0.00e+00	0.00e+00
 5.32404e+22	1.04e-18	2.56e-09	8.49e-07	1.64e-05	9.72e-05	5.01e-04	3.34e-02	3.33e-01	4.49e-01	1.40e-01	3.67e-02	7.03e-03	4.47e-04	4.15e-05	7.85e-06	0.00e+00	0.00e+00
 5.34785e+22	1.41e-18	3.01e-09	1.02e-06	1.97e-05	1.15e-04	5.91e-04	3.72e-02	3.50e-01	4.42e-01	1.31e-01	3.26e-02	6.03e-03	3.70e-04	3.33e-05	6.09e-06	0.00e+00	0.00e+00
 5.37204e+22	1.81e-18	3.43e-09	1.17e-06	2.28e-05	1.31e-04	6.70e-04	4.03e-02	3.63e-01	4.36e-01	1.24e-01	2.97e-02	5.34e-03	3.19e-04	2.80e-05	4.99e-06	0.00e+00	0.00e+00
 5.39674e+22	2.43e-18	4.03e-09	1.41e-06	2.74e-05	1.56e-04	7.90e-04	4.48e-02	3.80e-01	4.27e-01	1.15e-01	2.63e-02	4.55e-03	2.62e-04	2.23e-05	3.84e-06	0.00e+00	0.00e+00
 5.42195e+22	3.10e-18	4.61e-09	1.63e-06	3.17e-05	1.78e-04	8.96e-04	4.85e-02	3.94e-01	4.20e-01	1.09e-01	2.38e-02	4.01e-03	2.24e-04	1.86e-05	3.13e-06	0.00e+00	0.00e+00
 5.44783e+22	4.13e-18	5.43e-09	1.95e-06	3.81e-05	2.10e-04	1.06e-03	5.38e-02	4.11e-01	4.09e-01	1.00e-01	2.09e-02	3.39e-03	1.82e-04	1.47e-05	2.38e-06	0.00e+00	0.00e+00
 5.47436e+22	5.27e-18	6.24e-09	2.27e-06	4.43e-05	2.40e-04	1.20e-03	5.82e-02	4.24e-01	4.00e-01	9.37e-02	1.88e-02	2.96e-03	1.55e-04	1.21e-05	1.91e-06	0.00e+00	0.00e+00
 5.50174e+22	7.00e-18	7.37e-09	2.73e-06	5.35e-05	2.85e-04	1.42e-03	6.45e-02	4.41e-01	3.88e-01	8.57e-02	1.63e-02	2.47e-03	1.24e-04	9.40e-06	1.43e-06	0.00e+00	0.00e+00
 5.52750e+22	8.65e-18	8.34e-09	3.11e-06	6.06e-05	3.18e-04	1.57e-03	6.87e-02	4.52e-01	3.80e-01	8.09e-02	1.49e-02	2.20e-03	1.08e-04	7.99e-06	1.19e-06	0.00e+00	0.00e+00
 5.55114e+22	1.11e-17	9.65e-09	3.65e-06	7.10e-05	3.66e-04	1.80e-03	7.47e-02	4.65e-01	3.68e-01	7.48e-02	1.32e-02	1.89e-03	8.94e-05	6.44e-06	9.32e-07	0.00e+00	0.00e+00
 5.57459e+22	1.35e-17	1.08e-08	4.13e-06	8.00e-05	4.06e-04	1.99e-03	7.92e-02	4.74e-01	3.60e-01	7.06e-02	1.21e-02	1.68e-03	7.78e-05	5.49e-06	7.77e-07	0.00e+00	0.00e+00
 5.59779e+22	1.69e-17	1.24e-08	4.81e-06	9.31e-05	4.64e-04	2.27e-03	8.57e-02	4.87e-01	3.48e-01	6.51e-02	1.07e-02	1.44e-03	6.45e-05	4.42e-06	6.08e-07	0.00e+00	0.00e+00
 5.62113e+22	2.08e-17	1.40e-08	5.45e-06	1.05e-04	5.14e-04	2.50e-03	9.07e-02	4.95e-01	3.39e-01	6.13e-02	9.74e-03	1.28e-03	5.61e-05	3.77e-06	5.07e-07	0.00e+00	0.00e+00
 5.64465e+22	2.65e-17	1.62e-08	6.36e-06	1.22e-04	5.86e-04	2.84e-03	9.77e-02	5.06e-01	3.27e-01	5.64e-02	8.61e-03	1.10e-03	4.65e-05	3.04e-06	3.97e-07	0.00e+00	0.00e+00
 5.66860e+22	3.29e-17	1.83e-08	7.24e-06	1.38e-04	6.49e-04	3.13e-03	1.03e-01	5.14e-01	3.17e-01	5.29e-02	7.82e-03	9.73e-04	4.02e-05	2.57e-06	3.28e-07	0.00e+00	0.00e+00
 5.69309e+22	4.24e-17	2.13e-08	8.49e-06	1.60e-04	7.41e-04	3.56e-03	1.11e-01	5.23e-01	3.05e-01	4.84e-02	6.86e-03	8.26e-04	3.30e-05	2.05e-06	2.55e-07	0.00e+00	0.00e+00
 5.71791e+22	5.34e-17	2.43e-08	9.69e-06	1.81e-04	8.21e-04	3.92e-03	1.17e-01	5.30e-01	2.95e-01	4.53e-02	6.21e-03	7.29e-04	2.84e-05	1.73e-06	2.10e-07	0.00e+00	0.00e+00
 5.74317e+22	7.00e-17	2.84e-08	1.14e-05	2.12e-04	9.37e-04	4.45e-03	1.26e-01	5.39e-01	2.82e-01	4.13e-02	5.43e-03	6.16e-04	2.32e-05	1.37e-06	1.61e-07	0.00e+00	0.00e+00
 5.76892e+22	9.02e-17	3.28e-08	1.31e-05	2.40e-04	1.04e-03	4.90e-03	1.33e-01	5.44e-01	2.72e-01	3.84e-02	4.89e-03	5.41e-04	1.99e-05	1.15e-06	1.32e-07	0.00e+00	0.00e+00
 5.79533e+22	1.21e-16	3.87e-08	1.56e-05	2.82e-04	1.19e-03	5.57e-03	1.43e-01	5.51e-01	2.59e-01	3.48e-02	4.24e-03	4.54e-04	1.61e-05	9.03e-07	0.00e+00	0.00e+00	0.00e+00
 5.82230e+22	1.61e-16	4.50e-08	1.80e-05	3.21e-04	1.32e-03	6.14e-03	1.51e-01	5.56e-01	2.49e-01	3.22e-02	3.80e-03	3.95e-04	1.36e-05	7.50e-07	0.00e+00	0.00e+00	0.00e+00
 5.85001e+22	2.25e-16	5.38e-08	2.15e-05	3.79e-04	1.51e-03	6.99e-03	1.62e-01	5.61e-01	2.36e-01	2.90e-02	3.27e-03	3.28e-04	1.09e-05	5.83e-07	0.00e+00	0.00e+00	0.00e+00
 5.87834e+22	3.08e-16	6.30e-08	2.51e-05	4.33e-04	1.68e-03	7.72e-03	1.70e-01	5.64e-01	2.26e-01	2.67e-02	2.90e-03	2.84e-04	9.17e-06	4.78e-07	0.00e+00	0.00e+00	0.00e+00
 5.90747e+22	4.64e-16	7.68e-08	3.04e-05	5.15e-04	1.93e-03	8.79e-03	1.82e-01	5.67e-01	2.12e-01	2.39e-02	2.48e-03	2.34e-04	7.28e-06	3.68e-07	0.00e+00	0.00e+00	0.00e+00
 5.93695e+22	6.74e-16	9.11e-08	3.55e-05	5.90e-04	2.15e-03	9.67e-03	1.92e-01	5.69e-01	2.03e-01	2.19e-02	2.20e-03	2.02e-04	6.10e-06	3.02e-07	0.00e+00	0.00e+00	0.00e+00
 5.96687e+22	1.11e-15	1.12e-07	4.32e-05	7.02e-04	2.47e-03	1.10e-02	2.05e-01	5.70e-01	1.90e-01	1.94e-02	1.87e-03	1.65e-04	4.80e-06	2.30e-07	0.00e+00	0.00e+00	0.00e+00
 5.99708e+22	1.79e-15	1.33e-07	5.07e-05	8.06e-04	2.75e-03	1.21e-02	2.15e-01	5.70e-01	1.80e-01	1.78e-02	1.65e-03	1.42e-04	4.01e-06	1.88e-07	0.00e+00	0.00e+00	0.00e+00
