#depth	Si	Si+	Si+2	Si+3	Si+4	Si+5	Si+6	Si+7	Si+8	Si+9	Si+10	Si+11	Si+12	Si+13	Si+14
 4.62852e+21	0.00e+00	0.00e+00	0.00e+00	0.00e+00	0.00e+00	0.00e+00	2.26e-27	3.26e-23	2.05e-19	6.07e-16	1.15e-12	2.20e-09	9.89e-06	5.74e-03	9.94e-01
 1.05257e+22	0.00e+00	0.00e+00	0.00e+00	0.00e+00	0.00e+00	1.27e-30	3.88e-26	3.90e-22	1.70e-18	3.65e-15	4.85e-12	6.46e-09	2.03e-05	8.21e-03	9.92e-01
 1.26407e+22	0.00e+00	0.00e+00	0.00e+00	0.00e+00	0.00e+00	1.06e-29	2.55e-25	2.02e-21	7.06e-18	1.19e-14	1.25e-11	1.31e-08	3.25e-05	1.04e-02	9.90e-01
 1.41642e+22	0.00e+00	0.00e+00	0.00e+00	0.00e+00	0.00e+00	5.91e-29	1.17e-24	7.66e-21	2.21e-17	3.08e-14	2.67e-11	2.32e-08	4.75e-05	1.25e-02	9.87e-01
 1.50465e+22	0.00e+00	0.00e+00	0.00e+00	0.00e+00	0.00e+00	9.73e-29	1.82e-24	1.13e-20	3.07e-17	4.05e-14	3.32e-11	2.73e-08	5.30e-05	1.32e-02	9.87e-01
 1.55186e+22	0.00e+00	0.00e+00	0.00e+00	0.00e+00	0.00e+00	1.89e-28	3.29e-24	1.89e-20	4.77e-17	5.84e-14	4.45e-11	3.41e-08	6.13e-05	1.42e-02	9.86e-01
 1.60311e+22	0.00e+00	0.00e+00	0.00e+00	0.00e+00	0.00e+00	3.48e-28	5.65e-24	3.03e-20	7.14e-17	8.17e-14	5.83e-11	4.17e-08	7.01e-05	1.52e-02	9.85e-01
 1.64741e+22	0.00e+00	0.00e+00	0.00e+00	0.00e+00	0.00e+00	5.70e-28	8.77e-24	4.44e-20	9.91e-17	1.07e-13	7.24e-11	4.90e-08	7.82e-05	1.61e-02	9.84e-01
 1.69280e+22	0.00e+00	0.00e+00	0.00e+00	0.00e+00	2.26e-32	1.07e-27	1.54e-23	7.25e-20	1.51e-16	1.52e-13	9.57e-11	6.04e-08	8.98e-05	1.72e-02	9.83e-01
 1.73877e+22	0.00e+00	0.00e+00	0.00e+00	0.00e+00	4.00e-32	1.79e-27	2.42e-23	1.08e-19	2.12e-16	2.02e-13	1.20e-10	7.16e-08	1.01e-04	1.82e-02	9.82e-01
 1.77876e+22	0.00e+00	0.00e+00	0.00e+00	0.00e+00	6.93e-32	2.93e-27	3.75e-23	1.58e-19	2.93e-16	2.64e-13	1.49e-10	8.42e-08	1.12e-04	1.92e-02	9.81e-01
 1.82400e+22	0.00e+00	0.00e+00	0.00e+00	0.00e+00	1.39e-31	5.47e-27	6.52e-23	2.57e-19	4.45e-16	3.74e-13	1.97e-10	1.04e-07	1.29e-04	2.06e-02	9.79e-01
 1.86986e+22	0.00e+00	0.00e+00	0.00e+00	0.00e+00	2.44e-31	9.11e-27	1.03e-22	3.82e-19	6.23e-16	4.95e-13	2.46e-10	1.23e-07	1.44e-04	2.17e-02	9.78e-01
 1.90993e+22	0.00e+00	0.00e+00	0.00e+00	0.00e+00	4.23e-31	1.49e-26	1.59e-22	5.61e-19	8.65e-16	6.49e-13	3.06e-10	1.44e-07	1.60e-04	2.29e-02	9.77e-01
 1.95542e+22	0.00e+00	0.00e+00	0.00e+00	0.00e+00	8.69e-31	2.85e-26	2.82e-22	9.25e-19	1.33e-15	9.26e-13	4.07e-10	1.79e-07	1.85e-04	2.46e-02	9.75e-01
 2.00087e+22	0.00e+00	0.00e+00	0.00e+00	0.00e+00	1.49e-30	4.62e-26	4.34e-22	1.35e-18	1.83e-15	1.21e-12	5.03e-10	2.09e-07	2.05e-04	2.59e-02	9.74e-01
 2.04625e+22	0.00e+00	0.00e+00	0.00e+00	0.00e+00	3.03e-30	8.76e-26	7.65e-22	2.21e-18	2.79e-15	1.72e-12	6.67e-10	2.59e-07	2.36e-04	2.78e-02	9.72e-01
 2.08810e+22	0.00e+00	0.00e+00	0.00e+00	0.00e+00	4.84e-30	1.34e-25	1.11e-21	3.06e-18	3.69e-15	2.17e-12	8.03e-10	2.97e-07	2.59e-04	2.91e-02	9.71e-01
 2.12535e+22	0.00e+00	0.00e+00	0.00e+00	0.00e+00	8.33e-30	2.17e-25	1.71e-21	4.47e-18	5.09e-15	2.83e-12	9.93e-10	3.48e-07	2.88e-04	3.06e-02	9.69e-01
 2.16498e+22	0.00e+00	0.00e+00	0.00e+00	0.00e+00	1.41e-29	3.49e-25	2.61e-21	6.44e-18	6.96e-15	3.67e-12	1.22e-09	4.07e-07	3.20e-04	3.22e-02	9.67e-01
 2.19984e+22	0.00e+00	0.00e+00	0.00e+00	0.00e+00	2.23e-29	5.27e-25	3.76e-21	8.87e-18	9.14e-15	4.60e-12	1.47e-09	4.66e-07	3.50e-04	3.37e-02	9.66e-01
 2.23730e+22	0.00e+00	0.00e+00	0.00e+00	0.00e+00	3.86e-29	8.62e-25	5.82e-21	1.30e-17	1.27e-14	6.02e-12	1.82e-09	5.48e-07	3.89e-04	3.55e-02	9.64e-01
 2.27666e+22	0.00e+00	0.00e+00	0.00e+00	0.00e+00	6.50e-29	1.38e-24	8.83e-21	1.87e-17	1.73e-14	7.80e-12	2.24e-09	6.39e-07	4.31e-04	3.74e-02	9.62e-01
 2.31148e+22	0.00e+00	0.00e+00	0.00e+00	0.00e+00	1.03e-28	2.09e-24	1.28e-20	2.58e-17	2.27e-14	9.80e-12	2.69e-09	7.33e-07	4.72e-04	3.91e-02	9.60e-01
 2.34975e+22	0.00e+00	0.00e+00	0.00e+00	0.00e+00	1.80e-28	3.43e-24	1.99e-20	3.79e-17	3.15e-14	1.29e-11	3.34e-09	8.62e-07	5.26e-04	4.12e-02	9.58e-01
 2.38972e+22	0.00e+00	0.00e+00	0.00e+00	0.00e+00	3.02e-28	5.49e-24	3.01e-20	5.45e-17	4.30e-14	1.66e-11	4.10e-09	1.01e-06	5.82e-04	4.33e-02	9.56e-01
 2.42189e+22	0.00e+00	0.00e+00	0.00e+00	0.00e+00	4.58e-28	7.97e-24	4.19e-20	7.27e-17	5.50e-14	2.04e-11	4.83e-09	1.14e-06	6.32e-04	4.50e-02	9.54e-01
 2.44941e+22	0.00e+00	0.00e+00	0.00e+00	6.64e-33	6.68e-28	1.12e-23	5.67e-20	9.46e-17	6.89e-14	2.46e-11	5.60e-09	1.27e-06	6.80e-04	4.67e-02	9.53e-01
 2.48086e+22	0.00e+00	0.00e+00	0.00e+00	1.08e-32	1.04e-27	1.66e-23	8.04e-20	1.28e-16	8.94e-14	3.05e-11	6.66e-09	1.45e-06	7.41e-04	4.87e-02	9.51e-01
 2.51550e+22	0.00e+00	0.00e+00	0.00e+00	1.77e-32	1.63e-27	2.49e-23	1.15e-19	1.76e-16	1.17e-13	3.81e-11	7.96e-09	1.65e-06	8.09e-04	5.08e-02	9.48e-01
 2.54790e+22	0.00e+00	0.00e+00	0.00e+00	2.85e-32	2.51e-27	3.68e-23	1.63e-19	2.38e-16	1.51e-13	4.72e-11	9.44e-09	1.88e-06	8.80e-04	5.30e-02	9.46e-01
 2.57794e+22	0.00e+00	0.00e+00	0.00e+00	4.47e-32	3.78e-27	5.31e-23	2.26e-19	3.16e-16	1.93e-13	5.77e-11	1.11e-08	2.12e-06	9.53e-04	5.50e-02	9.44e-01
 2.61129e+22	0.00e+00	0.00e+00	0.00e+00	7.71e-32	6.20e-27	8.29e-23	3.35e-19	4.46e-16	2.59e-13	7.36e-11	1.35e-08	2.45e-06	1.05e-03	5.77e-02	9.41e-01
 2.64566e+22	0.00e+00	0.00e+00	0.00e+00	1.24e-31	9.53e-27	1.22e-22	4.73e-19	6.02e-16	3.34e-13	9.10e-11	1.60e-08	2.78e-06	1.14e-03	6.01e-02	9.39e-01
 2.67622e+22	0.00e+00	0.00e+00	0.00e+00	1.95e-31	1.44e-26	1.77e-22	6.57e-19	8.03e-16	4.27e-13	1.12e-10	1.88e-08	3.14e-06	1.24e-03	6.24e-02	9.36e-01
 2.70593e+22	0.00e+00	0.00e+00	0.00e+00	3.03e-31	2.15e-26	2.54e-22	9.06e-19	1.06e-15	5.42e-13	1.36e-10	2.20e-08	3.53e-06	1.34e-03	6.48e-02	9.34e-01
 2.73359e+22	0.00e+00	0.00e+00	0.00e+00	4.50e-31	3.08e-26	3.50e-22	1.20e-18	1.36e-15	6.70e-13	1.62e-10	2.53e-08	3.92e-06	1.43e-03	6.70e-02	9.32e-01
 2.76343e+22	0.00e+00	0.00e+00	0.00e+00	7.16e-31	4.70e-26	5.12e-22	1.69e-18	1.83e-15	8.61e-13	2.00e-10	2.99e-08	4.43e-06	1.55e-03	6.97e-02	9.29e-01
 2.79479e+22	0.00e+00	0.00e+00	0.00e+00	1.12e-30	7.05e-26	7.37e-22	2.33e-18	2.42e-15	1.10e-12	2.44e-10	3.50e-08	4.99e-06	1.68e-03	7.24e-02	9.26e-01
 2.82232e+22	0.00e+00	0.00e+00	0.00e+00	1.67e-30	1.02e-25	1.02e-21	3.12e-18	3.13e-15	1.36e-12	2.92e-10	4.05e-08	5.56e-06	1.80e-03	7.49e-02	9.23e-01
 2.85230e+22	0.00e+00	0.00e+00	0.00e+00	2.68e-30	1.56e-25	1.51e-21	4.40e-18	4.22e-15	1.76e-12	3.60e-10	4.79e-08	6.30e-06	1.96e-03	7.80e-02	9.20e-01
 2.88318e+22	0.00e+00	0.00e+00	0.00e+00	4.15e-30	2.32e-25	2.15e-21	6.04e-18	5.56e-15	2.22e-12	4.38e-10	5.60e-08	7.08e-06	2.12e-03	8.09e-02	9.17e-01
 2.90962e+22	0.00e+00	0.00e+00	0.00e+00	6.11e-30	3.30e-25	2.95e-21	7.99e-18	7.10e-15	2.74e-12	5.21e-10	6.43e-08	7.85e-06	2.26e-03	8.35e-02	9.14e-01
 2.93841e+22	0.00e+00	0.00e+00	0.00e+00	9.60e-30	4.98e-25	4.27e-21	1.11e-17	9.45e-15	3.50e-12	6.37e-10	7.55e-08	8.85e-06	2.45e-03	8.67e-02	9.11e-01
 2.96914e+22	0.00e+00	0.00e+00	0.00e+00	1.49e-29	7.41e-25	6.11e-21	1.52e-17	1.25e-14	4.43e-12	7.75e-10	8.83e-08	9.94e-06	2.65e-03	8.99e-02	9.07e-01
 2.99694e+22	0.00e+00	0.00e+00	0.00e+00	2.24e-29	1.07e-24	8.53e-21	2.05e-17	1.61e-14	5.52e-12	9.31e-10	1.02e-07	1.11e-05	2.84e-03	9.30e-02	9.04e-01
 3.02191e+22	0.00e+00	0.00e+00	0.00e+00	3.21e-29	1.49e-24	1.15e-20	2.67e-17	2.03e-14	6.71e-12	1.10e-09	1.16e-07	1.22e-05	3.03e-03	9.59e-02	9.01e-01
 3.04510e+22	0.00e+00	0.00e+00	0.00e+00	4.51e-29	2.03e-24	1.51e-20	3.41e-17	2.52e-14	8.06e-12	1.27e-09	1.31e-07	1.33e-05	3.21e-03	9.86e-02	8.98e-01
 3.07174e+22	0.00e+00	0.00e+00	0.00e+00	6.77e-29	2.94e-24	2.11e-20	4.58e-17	3.25e-14	1.00e-11	1.53e-09	1.52e-07	1.49e-05	3.44e-03	1.02e-01	8.95e-01
 3.10044e+22	0.00e+00	0.00e+00	3.52e-33	1.02e-28	4.28e-24	2.96e-20	6.18e-17	4.23e-14	1.25e-11	1.84e-09	1.76e-07	1.66e-05	3.70e-03	1.05e-01	8.91e-01
 3.12630e+22	0.00e+00	0.00e+00	5.30e-33	1.49e-28	6.03e-24	4.03e-20	8.12e-17	5.37e-14	1.54e-11	2.17e-09	2.01e-07	1.83e-05	3.95e-03	1.09e-01	8.87e-01
 3.15441e+22	0.00e+00	0.00e+00	8.56e-33	2.32e-28	9.02e-24	5.78e-20	1.12e-16	7.10e-14	1.95e-11	2.65e-09	2.35e-07	2.06e-05	4.27e-03	1.13e-01	8.83e-01
 3.18293e+22	0.00e+00	0.00e+00	1.33e-32	3.47e-28	1.30e-23	8.04e-20	1.50e-16	9.17e-14	2.43e-11	3.17e-09	2.71e-07	2.29e-05	4.57e-03	1.16e-01	8.79e-01
 3.20675e+22	0.00e+00	0.00e+00	1.93e-32	4.90e-28	1.78e-23	1.07e-19	1.93e-16	1.14e-13	2.93e-11	3.70e-09	3.07e-07	2.51e-05	4.86e-03	1.20e-01	8.75e-01
 3.23248e+22	0.00e+00	0.00e+00	2.98e-32	7.33e-28	2.57e-23	1.48e-19	2.58e-16	1.47e-13	3.63e-11	4.43e-09	3.54e-07	2.79e-05	5.21e-03	1.24e-01	8.71e-01
 3.26032e+22	0.00e+00	0.00e+00	4.63e-32	1.10e-27	3.72e-23	2.07e-19	3.47e-16	1.90e-13	4.52e-11	5.32e-09	4.09e-07	3.11e-05	5.58e-03	1.28e-01	8.67e-01
 3.28573e+22	0.00e+00	0.00e+00	6.85e-32	1.58e-27	5.17e-23	2.78e-19	4.51e-16	2.40e-13	5.50e-11	6.25e-09	4.66e-07	3.42e-05	5.94e-03	1.31e-01	8.63e-01
 3.30923e+22	0.00e+00	0.00e+00	9.95e-32	2.23e-27	7.08e-23	3.68e-19	5.79e-16	2.98e-13	6.63e-11	7.29e-09	5.26e-07	3.74e-05	6.30e-03	1.35e-01	8.59e-01
 3.33538e+22	0.00e+00	0.00e+00	1.54e-31	3.33e-27	1.02e-22	5.12e-19	7.76e-16	3.84e-13	8.23e-11	8.72e-09	6.07e-07	4.16e-05	6.75e-03	1.39e-01	8.54e-01
 3.36291e+22	0.00e+00	0.00e+00	2.35e-31	4.92e-27	1.46e-22	7.05e-19	1.03e-15	4.93e-13	1.02e-10	1.04e-08	6.98e-07	4.61e-05	7.22e-03	1.44e-01	8.49e-01
 3.38714e+22	0.00e+00	0.00e+00	3.45e-31	7.01e-27	2.01e-22	9.42e-19	1.33e-15	6.16e-13	1.23e-10	1.22e-08	7.91e-07	5.06e-05	7.67e-03	1.48e-01	8.44e-01
 3.41356e+22	0.00e+00	0.00e+00	5.41e-31	1.06e-26	2.93e-22	1.32e-18	1.80e-15	8.02e-13	1.54e-10	1.47e-08	9.17e-07	5.64e-05	8.23e-03	1.53e-01	8.39e-01
 3.44159e+22	0.00e+00	0.00e+00	8.35e-31	1.58e-26	4.23e-22	1.84e-18	2.41e-15	1.03e-12	1.91e-10	1.75e-08	1.06e-06	6.27e-05	8.82e-03	1.57e-01	8.34e-01
 3.46602e+22	0.00e+00	0.00e+00	1.23e-30	2.26e-26	5.85e-22	2.46e-18	3.13e-15	1.30e-12	2.32e-10	2.06e-08	1.20e-06	6.89e-05	9.37e-03	1.62e-01	8.29e-01
 3.48824e+22	0.00e+00	0.00e+00	1.75e-30	3.14e-26	7.88e-22	3.22e-18	3.97e-15	1.60e-12	2.77e-10	2.38e-08	1.35e-06	7.51e-05	9.90e-03	1.66e-01	8.24e-01
 3.51325e+22	0.00e+00	0.00e+00	2.69e-30	4.65e-26	1.13e-21	4.45e-18	5.29e-15	2.05e-12	3.43e-10	2.84e-08	1.55e-06	8.32e-05	1.06e-02	1.71e-01	8.18e-01
 3.53992e+22	0.00e+00	0.00e+00	4.04e-30	6.77e-26	1.59e-21	6.05e-18	6.95e-15	2.60e-12	4.21e-10	3.36e-08	1.77e-06	9.18e-05	1.13e-02	1.76e-01	8.13e-01
 3.56434e+22	0.00e+00	0.00e+00	5.97e-30	9.70e-26	2.21e-21	8.13e-18	9.03e-15	3.27e-12	5.11e-10	3.95e-08	2.02e-06	1.01e-04	1.20e-02	1.81e-01	8.07e-01
 3.59170e+22	0.00e+00	0.00e+00	9.54e-30	1.50e-25	3.28e-21	1.16e-17	1.24e-14	4.31e-12	6.46e-10	4.80e-08	2.35e-06	1.13e-04	1.29e-02	1.87e-01	8.00e-01
 3.62020e+22	0.00e+00	0.00e+00	1.51e-29	2.28e-25	4.82e-21	1.64e-17	1.69e-14	5.64e-12	8.14e-10	5.81e-08	2.73e-06	1.26e-04	1.38e-02	1.93e-01	7.93e-01
 3.64352e+22	0.00e+00	0.00e+00	2.14e-29	3.15e-25	6.47e-21	2.14e-17	2.13e-14	6.92e-12	9.69e-10	6.71e-08	3.06e-06	1.37e-04	1.46e-02	1.97e-01	7.88e-01
 3.66718e+22	0.00e+00	0.00e+00	3.25e-29	4.63e-25	9.18e-21	2.93e-17	2.82e-14	8.83e-12	1.19e-09	7.98e-08	3.51e-06	1.52e-04	1.56e-02	2.03e-01	7.82e-01
 3.69273e+22	0.00e+00	0.00e+00	4.84e-29	6.68e-25	1.28e-20	3.96e-17	3.69e-14	1.12e-11	1.46e-09	9.41e-08	4.00e-06	1.67e-04	1.66e-02	2.08e-01	7.75e-01
 3.71673e+22	0.00e+00	0.00e+00	7.14e-29	9.55e-25	1.78e-20	5.31e-17	4.78e-14	1.40e-11	1.77e-09	1.11e-07	4.54e-06	1.83e-04	1.76e-02	2.14e-01	7.69e-01
 3.74394e+22	0.00e+00	1.79e-33	1.15e-28	1.48e-24	2.65e-20	7.60e-17	6.58e-14	1.85e-11	2.24e-09	1.34e-07	5.30e-06	2.06e-04	1.89e-02	2.20e-01	7.61e-01
 3.77205e+22	0.00e+00	2.93e-33	1.81e-28	2.25e-24	3.89e-20	1.07e-16	8.94e-14	2.42e-11	2.82e-09	1.63e-07	6.16e-06	2.29e-04	2.03e-02	2.27e-01	7.53e-01
 3.79480e+22	0.00e+00	3.10e-33	1.87e-28	2.25e-24	5.27e-20	1.41e-16	1.14e-13	2.98e-11	3.38e-09	1.89e-07	6.92e-06	2.50e-04	2.14e-02	2.32e-01	7.46e-01
 3.81787e+22	0.00e+00	4.84e-33	2.83e-28	3.30e-24	7.46e-20	1.93e-16	1.50e-13	3.80e-11	4.15e-09	2.24e-07	7.93e-06	2.76e-04	2.28e-02	2.38e-01	7.39e-01
 3.84278e+22	0.00e+00	7.45e-33	4.23e-28	4.77e-24	1.04e-19	2.61e-16	1.96e-13	4.81e-11	5.08e-09	2.64e-07	9.03e-06	3.03e-04	2.42e-02	2.44e-01	7.31e-01
 3.86609e+22	0.00e+00	1.13e-32	6.22e-28	6.80e-24	1.44e-19	3.49e-16	2.54e-13	6.03e-11	6.16e-09	3.10e-07	1.02e-05	3.33e-04	2.56e-02	2.50e-01	7.24e-01
 3.89239e+22	0.00e+00	1.89e-32	1.00e-27	1.05e-23	2.15e-19	5.00e-16	3.50e-13	7.97e-11	7.82e-09	3.78e-07	1.20e-05	3.73e-04	2.75e-02	2.58e-01	7.14e-01
 3.91937e+22	0.00e+00	3.04e-32	1.56e-27	1.58e-23	3.12e-19	6.98e-16	4.71e-13	1.03e-10	9.76e-09	4.54e-07	1.38e-05	4.14e-04	2.94e-02	2.65e-01	7.06e-01
 3.94151e+22	0.00e+00	4.56e-32	2.28e-27	2.24e-23	4.28e-19	9.27e-16	6.07e-13	1.29e-10	1.18e-08	5.31e-07	1.56e-05	4.52e-04	3.11e-02	2.71e-01	6.98e-01
 3.96142e+22	0.00e+00	6.45e-32	3.15e-27	3.01e-23	5.61e-19	1.18e-15	7.53e-13	1.55e-10	1.38e-08	6.07e-07	1.73e-05	4.88e-04	3.26e-02	2.76e-01	6.91e-01
 3.98414e+22	0.00e+00	1.03e-31	4.88e-27	4.49e-23	8.08e-19	1.64e-15	1.01e-12	2.01e-10	1.72e-08	7.28e-07	2.00e-05	5.41e-04	3.48e-02	2.83e-01	6.82e-01
 4.00809e+22	0.00e+00	1.59e-31	7.26e-27	6.46e-23	1.13e-18	2.22e-15	1.32e-12	2.53e-10	2.10e-08	8.58e-07	2.27e-05	5.94e-04	3.68e-02	2.89e-01	6.73e-01
 4.02999e+22	0.00e+00	2.40e-31	1.07e-26	9.19e-23	1.55e-18	2.96e-15	1.70e-12	3.17e-10	2.55e-08	1.01e-06	2.57e-05	6.50e-04	3.90e-02	2.95e-01	6.65e-01
 4.05483e+22	0.00e+00	4.02e-31	1.72e-26	1.42e-22	2.32e-18	4.24e-15	2.34e-12	4.19e-10	3.24e-08	1.23e-06	3.00e-05	7.26e-04	4.17e-02	3.03e-01	6.54e-01
 4.07938e+22	0.00e+00	6.29e-31	2.60e-26	2.08e-22	3.27e-18	5.79e-15	3.08e-12	5.33e-10	3.98e-08	1.46e-06	3.43e-05	8.00e-04	4.43e-02	3.10e-01	6.45e-01
 4.09915e+22	0.00e+00	9.15e-31	3.69e-26	2.85e-22	4.38e-18	7.52e-15	3.89e-12	6.53e-10	4.74e-08	1.68e-06	3.84e-05	8.68e-04	4.65e-02	3.16e-01	6.37e-01
 4.12046e+22	0.00e+00	1.44e-30	5.62e-26	4.19e-22	6.22e-18	1.03e-14	5.15e-12	8.35e-10	5.85e-08	2.00e-06	4.39e-05	9.57e-04	4.94e-02	3.23e-01	6.27e-01
 4.14314e+22	0.00e+00	2.19e-30	8.27e-26	5.96e-22	8.59e-18	1.38e-14	6.67e-12	1.05e-09	7.10e-08	2.35e-06	4.97e-05	1.05e-03	5.22e-02	3.29e-01	6.17e-01
 4.16426e+22	0.00e+00	3.34e-30	1.22e-25	8.51e-22	1.19e-17	1.85e-14	8.65e-12	1.31e-09	8.63e-08	2.76e-06	5.64e-05	1.14e-03	5.51e-02	3.36e-01	6.08e-01
 4.18506e+22	0.00e+00	5.08e-30	1.80e-25	1.21e-21	1.64e-17	2.47e-14	1.12e-11	1.65e-09	1.05e-07	3.24e-06	6.38e-05	1.25e-03	5.82e-02	3.42e-01	5.98e-01
 4.20504e+22	0.00e+00	7.56e-30	2.60e-25	1.69e-21	2.23e-17	3.26e-14	1.43e-11	2.04e-09	1.26e-07	3.77e-06	7.18e-05	1.36e-03	6.12e-02	3.48e-01	5.89e-01
 4.22431e+22	0.00e+00	1.11e-29	3.72e-25	2.34e-21	3.00e-17	4.26e-14	1.81e-11	2.51e-09	1.50e-07	4.38e-06	8.05e-05	1.48e-03	6.43e-02	3.54e-01	5.80e-01
 4.24639e+22	0.00e+00	1.81e-29	5.84e-25	3.53e-21	4.38e-17	5.97e-14	2.45e-11	3.26e-09	1.89e-07	5.28e-06	9.30e-05	1.64e-03	6.84e-02	3.61e-01	5.68e-01
 4.26888e+22	0.00e+00	2.78e-29	8.67e-25	5.05e-21	6.08e-17	8.03e-14	3.19e-11	4.11e-09	2.30e-07	6.21e-06	1.05e-04	1.79e-03	7.21e-02	3.68e-01	5.58e-01
 4.28834e+22	0.00e+00	3.39e-29	1.03e-24	7.06e-21	8.27e-17	1.06e-13	4.07e-11	5.09e-09	2.76e-07	7.24e-06	1.19e-04	1.95e-03	7.58e-02	3.74e-01	5.48e-01
 4.31008e+22	0.00e+00	5.60e-29	1.63e-24	1.07e-20	1.21e-16	1.50e-13	5.54e-11	6.66e-09	3.48e-07	8.76e-06	1.37e-04	2.16e-03	8.06e-02	3.81e-01	5.36e-01
 4.33164e+22	0.00e+00	8.29e-29	2.34e-24	1.49e-20	1.64e-16	1.96e-13	7.05e-11	8.22e-09	4.17e-07	1.02e-05	1.54e-04	2.34e-03	8.46e-02	3.87e-01	5.26e-01
 4.35298e+22	0.00e+00	1.35e-28	3.66e-24	2.24e-20	2.38e-16	2.74e-13	9.49e-11	1.07e-08	5.21e-07	1.22e-05	1.77e-04	2.59e-03	8.97e-02	3.93e-01	5.14e-01
 4.37483e+22	0.00e+00	2.07e-28	5.44e-24	3.19e-20	3.30e-16	3.68e-13	1.23e-10	1.34e-08	6.34e-07	1.44e-05	2.01e-04	2.83e-03	9.44e-02	3.99e-01	5.03e-01
 4.39358e+22	0.00e+00	3.01e-28	7.69e-24	4.37e-20	4.40e-16	4.77e-13	1.55e-10	1.64e-08	7.54e-07	1.66e-05	2.24e-04	3.05e-03	9.87e-02	4.04e-01	4.94e-01
 4.41418e+22	0.00e+00	4.85e-28	1.19e-23	6.50e-20	6.34e-16	6.62e-13	2.08e-10	2.11e-08	9.38e-07	1.99e-05	2.57e-04	3.36e-03	1.04e-01	4.10e-01	4.82e-01
 4.43543e+22	0.00e+00	7.37e-28	1.76e-23	9.20e-20	8.73e-16	8.83e-13	2.68e-10	2.64e-08	1.14e-06	2.33e-05	2.91e-04	3.66e-03	1.10e-01	4.16e-01	4.71e-01
 4.45431e+22	0.00e+00	1.10e-27	2.54e-23	1.28e-19	1.19e-15	1.16e-12	3.42e-10	3.27e-08	1.37e-06	2.71e-05	3.26e-04	3.97e-03	1.15e-01	4.21e-01	4.60e-01
 4.47561e+22	0.00e+00	1.80e-27	4.00e-23	1.93e-19	1.73e-15	1.63e-12	4.62e-10	4.25e-08	1.71e-06	3.27e-05	3.76e-04	4.38e-03	1.21e-01	4.26e-01	4.47e-01
 4.49715e+22	0.00e+00	2.75e-27	5.89e-23	2.74e-19	2.38e-15	2.18e-12	5.98e-10	5.33e-08	2.08e-06	3.83e-05	4.24e-04	4.76e-03	1.27e-01	4.31e-01	4.36e-01
 4.51570e+22	0.00e+00	4.07e-27	8.46e-23	3.79e-19	3.21e-15	2.86e-12	7.60e-10	6.57e-08	2.49e-06	4.45e-05	4.75e-04	5.15e-03	1.33e-01	4.35e-01	4.26e-01
 4.53653e+22	0.00e+00	6.62e-27	1.33e-22	5.67e-19	4.66e-15	3.99e-12	1.02e-09	8.51e-08	3.11e-06	5.34e-05	5.45e-04	5.67e-03	1.40e-01	4.40e-01	4.13e-01
 4.55824e+22	0.00e+00	1.03e-26	1.99e-22	8.18e-19	6.52e-15	5.41e-12	1.34e-09	1.08e-07	3.81e-06	6.32e-05	6.19e-04	6.18e-03	1.47e-01	4.45e-01	4.01e-01
 4.57771e+22	5.09e-34	1.54e-26	2.88e-22	1.14e-18	8.87e-15	7.13e-12	1.71e-09	1.34e-07	4.58e-06	7.35e-05	6.94e-04	6.69e-03	1.54e-01	4.48e-01	3.91e-01
 4.59632e+22	7.98e-34	2.31e-26	4.18e-22	1.59e-18	1.20e-14	9.40e-12	2.19e-09	1.66e-07	5.51e-06	8.56e-05	7.78e-04	7.23e-03	1.60e-01	4.51e-01	3.80e-01
 4.61400e+22	1.20e-33	3.34e-26	5.87e-22	2.15e-18	1.59e-14	1.21e-11	2.74e-09	2.01e-07	6.52e-06	9.83e-05	8.64e-04	7.76e-03	1.67e-01	4.54e-01	3.70e-01
 4.63382e+22	2.07e-33	5.47e-26	9.20e-22	3.22e-18	2.31e-14	1.69e-11	3.69e-09	2.61e-07	8.16e-06	1.18e-04	9.92e-04	8.53e-03	1.75e-01	4.58e-01	3.57e-01
 4.65377e+22	3.21e-33	8.12e-26	1.32e-21	4.45e-18	3.12e-14	2.22e-11	4.69e-09	3.22e-07	9.78e-06	1.37e-04	1.11e-03	9.20e-03	1.83e-01	4.60e-01	3.47e-01
 4.66992e+22	4.64e-33	1.13e-25	1.79e-21	5.83e-18	4.00e-14	2.78e-11	5.74e-09	3.84e-07	1.14e-05	1.55e-04	1.22e-03	9.79e-03	1.89e-01	4.62e-01	3.38e-01
 4.68387e+22	6.53e-33	1.54e-25	2.37e-21	7.49e-18	5.05e-14	3.42e-11	6.91e-09	4.52e-07	1.31e-05	1.74e-04	1.33e-03	1.04e-02	1.95e-01	4.63e-01	3.30e-01
 4.69672e+22	8.94e-33	2.04e-25	3.07e-21	9.43e-18	6.25e-14	4.15e-11	8.20e-09	5.25e-07	1.49e-05	1.94e-04	1.44e-03	1.09e-02	2.00e-01	4.64e-01	3.23e-01
 4.71124e+22	1.33e-32	2.92e-25	4.25e-21	1.26e-17	8.17e-14	5.29e-11	1.02e-08	6.35e-07	1.75e-05	2.22e-04	1.59e-03	1.17e-02	2.07e-01	4.65e-01	3.14e-01
 4.72623e+22	1.86e-32	3.94e-25	5.59e-21	1.61e-17	1.03e-13	6.50e-11	1.22e-08	7.44e-07	2.01e-05	2.48e-04	1.72e-03	1.24e-02	2.13e-01	4.66e-01	3.06e-01
 4.73917e+22	2.55e-32	5.23e-25	7.25e-21	2.02e-17	1.27e-13	7.88e-11	1.45e-08	8.65e-07	2.29e-05	2.76e-04	1.87e-03	1.30e-02	2.19e-01	4.67e-01	2.99e-01
 4.75134e+22	3.50e-32	6.95e-25	9.38e-21	2.54e-17	1.57e-13	9.55e-11	1.72e-08	1.00e-06	2.60e-05	3.07e-04	2.02e-03	1.37e-02	2.25e-01	4.67e-01	2.92e-01
 4.76325e+22	4.70e-32	9.05e-25	1.19e-20	3.15e-17	1.91e-13	1.14e-10	2.02e-08	1.16e-06	2.94e-05	3.38e-04	2.17e-03	1.44e-02	2.31e-01	4.68e-01	2.85e-01
 4.77486e+22	6.29e-32	1.17e-24	1.51e-20	3.88e-17	2.33e-13	1.36e-10	2.36e-08	1.33e-06	3.31e-05	3.73e-04	2.34e-03	1.51e-02	2.36e-01	4.68e-01	2.78e-01
 4.78623e+22	8.42e-32	1.53e-24	1.92e-20	4.79e-17	2.83e-13	1.63e-10	2.77e-08	1.52e-06	3.73e-05	4.12e-04	2.51e-03	1.58e-02	2.42e-01	4.68e-01	2.72e-01
 4.79752e+22	1.13e-31	1.98e-24	2.43e-20	5.90e-17	3.44e-13	1.94e-10	3.24e-08	1.75e-06	4.20e-05	4.54e-04	2.70e-03	1.66e-02	2.48e-01	4.67e-01	2.65e-01
 4.81044e+22	1.62e-31	2.75e-24	3.27e-20	7.66e-17	4.39e-13	2.43e-10	3.95e-08	2.08e-06	4.88e-05	5.13e-04	2.95e-03	1.76e-02	2.55e-01	4.67e-01	2.57e-01
 4.82350e+22	2.24e-31	3.66e-24	4.24e-20	9.63e-17	5.43e-13	2.95e-10	4.70e-08	2.42e-06	5.56e-05	5.71e-04	3.20e-03	1.85e-02	2.61e-01	4.66e-01	2.50e-01
 4.83452e+22	2.97e-31	4.71e-24	5.32e-20	1.18e-16	6.55e-13	3.49e-10	5.47e-08	2.77e-06	6.24e-05	6.27e-04	3.43e-03	1.94e-02	2.67e-01	4.65e-01	2.44e-01
 4.84474e+22	3.90e-31	6.00e-24	6.62e-20	1.42e-16	7.83e-13	4.11e-10	6.33e-08	3.14e-06	6.97e-05	6.87e-04	3.66e-03	2.02e-02	2.73e-01	4.64e-01	2.38e-01
 4.85463e+22	5.09e-31	7.61e-24	8.21e-20	1.72e-16	9.34e-13	4.82e-10	7.31e-08	3.57e-06	7.77e-05	7.51e-04	3.91e-03	2.11e-02	2.78e-01	4.63e-01	2.33e-01
 4.86596e+22	7.10e-31	1.02e-23	1.07e-19	2.17e-16	1.16e-12	5.89e-10	8.74e-08	4.17e-06	8.90e-05	8.39e-04	4.24e-03	2.22e-02	2.85e-01	4.62e-01	2.26e-01
 4.87751e+22	9.56e-31	1.33e-23	1.36e-19	2.67e-16	1.41e-12	7.04e-10	1.03e-07	4.80e-06	1.01e-04	9.26e-04	4.56e-03	2.33e-02	2.91e-01	4.60e-01	2.20e-01
 4.88740e+22	1.25e-30	1.69e-23	1.68e-19	3.20e-16	1.68e-12	8.24e-10	1.18e-07	5.44e-06	1.12e-04	1.01e-03	4.86e-03	2.42e-02	2.97e-01	4.59e-01	2.14e-01
 4.89831e+22	1.74e-30	2.28e-23	2.20e-19	4.04e-16	2.10e-12	1.01e-09	1.42e-07	6.37e-06	1.28e-04	1.13e-03	5.28e-03	2.55e-02	3.04e-01	4.57e-01	2.07e-01
 4.90954e+22	2.35e-30	2.96e-23	2.78e-19	4.95e-16	2.54e-12	1.20e-09	1.66e-07	7.33e-06	1.45e-04	1.25e-03	5.67e-03	2.67e-02	3.10e-01	4.55e-01	2.01e-01
 4.91945e+22	3.10e-30	3.79e-23	3.46e-19	5.99e-16	3.04e-12	1.42e-09	1.93e-07	8.35e-06	1.62e-04	1.37e-03	6.06e-03	2.78e-02	3.16e-01	4.53e-01	1.96e-01
 4.93061e+22	4.46e-30	5.23e-23	4.61e-19	7.67e-16	3.85e-12	1.76e-09	2.34e-07	9.91e-06	1.88e-04	1.55e-03	6.62e-03	2.94e-02	3.24e-01	4.50e-01	1.89e-01
 4.94189e+22	5.98e-30	6.78e-23	5.81e-19	9.35e-16	4.65e-12	2.10e-09	2.74e-07	1.14e-05	2.12e-04	1.71e-03	7.11e-03	3.07e-02	3.30e-01	4.47e-01	1.83e-01
 4.95152e+22	7.88e-30	8.65e-23	7.21e-19	1.12e-15	5.55e-12	2.47e-09	3.18e-07	1.30e-05	2.38e-04	1.87e-03	7.60e-03	3.20e-02	3.36e-01	4.44e-01	1.78e-01
 4.96222e+22	1.14e-29	1.20e-22	9.61e-19	1.44e-15	7.03e-12	3.07e-09	3.87e-07	1.54e-05	2.77e-04	2.12e-03	8.30e-03	3.38e-02	3.44e-01	4.41e-01	1.71e-01
 4.97284e+22	1.49e-29	1.52e-22	1.19e-18	1.72e-15	8.35e-12	3.60e-09	4.47e-07	1.75e-05	3.09e-04	2.31e-03	8.86e-03	3.51e-02	3.50e-01	4.38e-01	1.66e-01
 4.98338e+22	2.16e-29	2.11e-22	1.58e-18	2.19e-15	1.06e-11	4.48e-09	5.46e-07	2.09e-05	3.60e-04	2.62e-03	9.69e-03	3.71e-02	3.58e-01	4.33e-01	1.59e-01
 4.99361e+22	2.78e-29	2.63e-22	1.92e-18	2.59e-15	1.24e-11	5.21e-09	6.25e-07	2.35e-05	3.99e-04	2.85e-03	1.03e-02	3.85e-02	3.63e-01	4.30e-01	1.55e-01
 5.00346e+22	4.00e-29	3.61e-22	2.54e-18	3.26e-15	1.56e-11	6.44e-09	7.59e-07	2.79e-05	4.63e-04	3.22e-03	1.12e-02	4.05e-02	3.71e-01	4.25e-01	1.48e-01
 5.01327e+22	5.15e-29	4.51e-22	3.08e-18	3.85e-15	1.83e-11	7.48e-09	8.69e-07	3.14e-05	5.13e-04	3.50e-03	1.19e-02	4.20e-02	3.76e-01	4.22e-01	1.44e-01
 5.02305e+22	7.43e-29	6.22e-22	4.07e-18	4.85e-15	2.30e-11	9.27e-09	1.06e-06	3.74e-05	5.98e-04	3.95e-03	1.30e-02	4.43e-02	3.84e-01	4.17e-01	1.37e-01
 5.03286e+22	9.67e-29	7.83e-22	4.99e-18	5.74e-15	2.72e-11	1.08e-08	1.22e-06	4.24e-05	6.66e-04	4.32e-03	1.39e-02	4.59e-02	3.89e-01	4.13e-01	1.33e-01
 5.04271e+22	1.40e-28	1.08e-21	6.60e-18	7.24e-15	3.42e-11	1.35e-08	1.49e-06	5.06e-05	7.77e-04	4.89e-03	1.51e-02	4.84e-02	3.97e-01	4.07e-01	1.27e-01
 5.05268e+22	1.84e-28	1.37e-21	8.11e-18	8.60e-15	4.06e-11	1.58e-08	1.73e-06	5.77e-05	8.69e-04	5.35e-03	1.62e-02	5.02e-02	4.03e-01	4.02e-01	1.22e-01
 5.06279e+22	2.67e-28	1.90e-21	1.07e-17	1.08e-14	5.11e-11	1.97e-08	2.11e-06	6.88e-05	1.01e-03	6.06e-03	1.76e-02	5.28e-02	4.10e-01	3.96e-01	1.17e-01
 5.07281e+22	3.52e-28	2.42e-21	1.32e-17	1.28e-14	6.08e-11	2.32e-08	2.46e-06	7.87e-05	1.14e-03	6.65e-03	1.88e-02	5.49e-02	4.15e-01	3.91e-01	1.12e-01
 5.08273e+22	5.08e-28	3.32e-21	1.73e-17	1.60e-14	7.62e-11	2.88e-08	3.00e-06	9.37e-05	1.32e-03	7.51e-03	2.05e-02	5.76e-02	4.22e-01	3.84e-01	1.07e-01
 5.09283e+22	6.79e-28	4.28e-21	2.15e-17	1.91e-14	9.12e-11	3.42e-08	3.52e-06	1.08e-04	1.49e-03	8.27e-03	2.20e-02	5.99e-02	4.27e-01	3.78e-01	1.02e-01
 5.10316e+22	9.94e-28	5.95e-21	2.85e-17	2.40e-14	1.15e-10	4.28e-08	4.33e-06	1.30e-04	1.75e-03	9.39e-03	2.41e-02	6.30e-02	4.34e-01	3.71e-01	9.67e-02
 5.11357e+22	1.33e-27	7.67e-21	3.54e-17	2.85e-14	1.38e-10	5.10e-08	5.09e-06	1.49e-04	1.98e-03	1.04e-02	2.58e-02	6.54e-02	4.39e-01	3.65e-01	9.25e-02
 5.12406e+22	1.96e-27	1.07e-20	4.68e-17	3.57e-14	1.75e-10	6.40e-08	6.29e-06	1.80e-04	2.32e-03	1.18e-02	2.82e-02	6.88e-02	4.45e-01	3.56e-01	8.71e-02
 5.13463e+22	2.62e-27	1.38e-20	5.80e-17	4.23e-14	2.09e-10	7.61e-08	7.40e-06	2.07e-04	2.62e-03	1.30e-02	3.02e-02	7.14e-02	4.50e-01	3.50e-01	8.31e-02
 5.14379e+22	3.49e-27	1.76e-20	7.14e-17	4.99e-14	2.50e-10	9.03e-08	8.67e-06	2.38e-04	2.95e-03	1.42e-02	3.23e-02	7.40e-02	4.54e-01	3.43e-01	7.93e-02
 5.15418e+22	5.06e-27	2.43e-20	9.34e-17	6.17e-14	3.13e-10	1.13e-07	1.07e-05	2.86e-04	3.44e-03	1.61e-02	3.52e-02	7.75e-02	4.59e-01	3.34e-01	7.44e-02
 5.16447e+22	6.59e-27	3.05e-20	1.13e-16	7.18e-14	3.69e-10	1.32e-07	1.23e-05	3.25e-04	3.84e-03	1.76e-02	3.73e-02	8.00e-02	4.62e-01	3.27e-01	7.11e-02
 5.17463e+22	9.30e-27	4.10e-20	1.45e-16	8.73e-14	4.55e-10	1.62e-07	1.50e-05	3.85e-04	4.43e-03	1.97e-02	4.04e-02	8.34e-02	4.66e-01	3.19e-01	6.68e-02
 5.18509e+22	1.23e-26	5.21e-20	1.77e-16	1.02e-13	5.40e-10	1.92e-07	1.75e-05	4.42e-04	4.97e-03	2.15e-02	4.30e-02	8.62e-02	4.69e-01	3.11e-01	6.35e-02
 5.19594e+22	1.75e-26	7.06e-20	2.28e-16	1.25e-13	6.70e-10	2.37e-07	2.13e-05	5.25e-04	5.75e-03	2.41e-02	4.66e-02	8.97e-02	4.72e-01	3.02e-01	5.93e-02
 5.20698e+22	2.31e-26	8.97e-20	2.79e-16	1.45e-13	7.95e-10	2.80e-07	2.49e-05	6.02e-04	6.45e-03	2.64e-02	4.95e-02	9.26e-02	4.74e-01	2.94e-01	5.62e-02
 5.21829e+22	3.30e-26	1.22e-19	3.59e-16	1.77e-13	9.86e-10	3.46e-07	3.04e-05	7.17e-04	7.46e-03	2.96e-02	5.35e-02	9.63e-02	4.76e-01	2.84e-01	5.23e-02
 5.22983e+22	4.35e-26	1.54e-19	4.37e-16	2.06e-13	1.17e-09	4.08e-07	3.54e-05	8.20e-04	8.34e-03	3.23e-02	5.68e-02	9.92e-02	4.77e-01	2.77e-01	4.94e-02
 5.24166e+22	6.18e-26	2.08e-19	5.60e-16	2.50e-13	1.45e-09	5.03e-07	4.31e-05	9.74e-04	9.62e-03	3.61e-02	6.12e-02	1.03e-01	4.77e-01	2.66e-01	4.58e-02
 5.25370e+22	8.11e-26	2.63e-19	6.80e-16	2.91e-13	1.71e-09	5.92e-07	5.02e-05	1.11e-03	1.07e-02	3.92e-02	6.48e-02	1.06e-01	4.77e-01	2.58e-01	4.31e-02
 5.26600e+22	1.15e-25	3.54e-19	8.70e-16	3.51e-13	2.11e-09	7.28e-07	6.09e-05	1.32e-03	1.23e-02	4.37e-02	6.96e-02	1.09e-01	4.76e-01	2.48e-01	3.98e-02
 5.27837e+22	1.49e-25	4.43e-19	1.05e-15	4.06e-13	2.47e-09	8.51e-07	7.04e-05	1.49e-03	1.37e-02	4.73e-02	7.34e-02	1.12e-01	4.75e-01	2.40e-01	3.74e-02
 5.29083e+22	2.09e-25	5.91e-19	1.33e-15	4.87e-13	3.02e-09	1.04e-06	8.49e-05	1.76e-03	1.56e-02	5.24e-02	7.84e-02	1.15e-01	4.72e-01	2.30e-01	3.45e-02
 5.30355e+22	2.70e-25	7.36e-19	1.60e-15	5.62e-13	3.53e-09	1.21e-06	9.77e-05	1.99e-03	1.73e-02	5.64e-02	8.24e-02	1.18e-01	4.70e-01	2.22e-01	3.24e-02
 5.31470e+22	3.47e-25	9.12e-19	1.91e-15	6.44e-13	4.10e-09	1.40e-06	1.12e-04	2.24e-03	1.90e-02	6.07e-02	8.63e-02	1.20e-01	4.67e-01	2.14e-01	3.04e-02
 5.32568e+22	3.98e-26	1.12e-18	2.27e-15	7.36e-13	4.74e-09	1.61e-06	1.28e-04	2.51e-03	2.09e-02	6.51e-02	9.03e-02	1.22e-01	4.64e-01	2.07e-01	2.85e-02
 5.33829e+22	5.48e-26	1.47e-18	2.83e-15	8.72e-13	5.71e-09	1.94e-06	1.52e-04	2.91e-03	2.35e-02	7.12e-02	9.56e-02	1.25e-01	4.59e-01	1.97e-01	2.62e-02
 5.35092e+22	6.94e-26	1.79e-18	3.34e-15	9.92e-13	6.55e-09	2.21e-06	1.71e-04	3.24e-03	2.56e-02	7.58e-02	9.94e-02	1.27e-01	4.54e-01	1.90e-01	2.46e-02
 5.36355e+22	9.44e-26	2.32e-18	4.14e-15	1.17e-12	7.81e-09	2.63e-06	2.01e-04	3.72e-03	2.86e-02	8.23e-02	1.05e-01	1.29e-01	4.48e-01	1.81e-01	2.25e-02
 5.37601e+22	1.18e-25	2.79e-18	4.83e-15	1.32e-12	8.87e-09	2.98e-06	2.26e-04	4.11e-03	3.09e-02	8.72e-02	1.08e-01	1.31e-01	4.43e-01	1.74e-01	2.12e-02
 5.38825e+22	1.58e-25	3.55e-18	5.91e-15	1.54e-12	1.04e-08	3.49e-06	2.62e-04	4.68e-03	3.43e-02	9.40e-02	1.13e-01	1.33e-01	4.36e-01	1.65e-01	1.94e-02
 5.40067e+22	1.97e-25	4.27e-18	6.89e-15	1.73e-12	1.18e-08	3.94e-06	2.93e-04	5.15e-03	3.69e-02	9.92e-02	1.17e-01	1.34e-01	4.30e-01	1.59e-01	1.82e-02
 5.41334e+22	2.63e-25	5.44e-18	8.43e-15	2.02e-12	1.39e-08	4.62e-06	3.39e-04	5.84e-03	4.08e-02	1.07e-01	1.22e-01	1.35e-01	4.22e-01	1.51e-01	1.67e-02
 5.42625e+22	3.30e-25	6.57e-18	9.87e-15	2.29e-12	1.58e-08	5.21e-06	3.79e-04	6.43e-03	4.39e-02	1.12e-01	1.26e-01	1.36e-01	4.15e-01	1.44e-01	1.56e-02
 5.43948e+22	4.43e-25	8.39e-18	1.21e-14	2.68e-12	1.85e-08	6.09e-06	4.38e-04	7.29e-03	4.84e-02	1.20e-01	1.30e-01	1.37e-01	4.06e-01	1.36e-01	1.42e-02
 5.45294e+22	5.56e-25	1.01e-17	1.42e-14	3.03e-12	2.10e-08	6.87e-06	4.88e-04	8.00e-03	5.20e-02	1.27e-01	1.34e-01	1.38e-01	3.98e-01	1.30e-01	1.32e-02
 5.46671e+22	2.04e-25	1.30e-17	1.74e-14	3.55e-12	2.46e-08	8.01e-06	5.63e-04	9.05e-03	5.71e-02	1.35e-01	1.39e-01	1.38e-01	3.87e-01	1.22e-01	1.19e-02
 5.48073e+22	2.57e-25	1.57e-17	2.05e-14	4.04e-12	2.79e-08	9.03e-06	6.28e-04	9.93e-03	6.12e-02	1.42e-01	1.42e-01	1.39e-01	3.79e-01	1.16e-01	1.10e-02
 5.49508e+22	3.49e-25	2.02e-17	2.53e-14	4.75e-12	3.27e-08	1.05e-05	7.23e-04	1.12e-02	6.71e-02	1.51e-01	1.47e-01	1.39e-01	3.67e-01	1.08e-01	9.94e-03
 5.50911e+22	4.31e-25	2.41e-17	2.93e-14	5.35e-12	3.66e-08	1.17e-05	7.96e-04	1.21e-02	7.12e-02	1.57e-01	1.49e-01	1.38e-01	3.59e-01	1.03e-01	9.25e-03
 5.52272e+22	5.73e-25	3.04e-17	3.56e-14	6.21e-12	4.23e-08	1.35e-05	9.06e-04	1.36e-02	7.73e-02	1.66e-01	1.53e-01	1.38e-01	3.47e-01	9.64e-02	8.34e-03
 5.53654e+22	7.09e-25	3.62e-17	4.14e-14	7.02e-12	4.74e-08	1.50e-05	9.96e-04	1.47e-02	8.20e-02	1.72e-01	1.56e-01	1.37e-01	3.38e-01	9.16e-02	7.74e-03
 5.55063e+22	9.41e-25	4.57e-17	5.04e-14	8.18e-12	5.47e-08	1.72e-05	1.13e-03	1.63e-02	8.85e-02	1.81e-01	1.59e-01	1.36e-01	3.26e-01	8.54e-02	6.97e-03
 5.56515e+22	1.18e-24	5.53e-17	5.92e-14	9.28e-12	6.15e-08	1.92e-05	1.25e-03	1.77e-02	9.41e-02	1.88e-01	1.61e-01	1.35e-01	3.16e-01	8.05e-02	6.39e-03
 5.58024e+22	1.58e-24	7.01e-17	7.24e-14	1.09e-11	7.12e-08	2.20e-05	1.41e-03	1.97e-02	1.01e-01	1.97e-01	1.64e-01	1.33e-01	3.03e-01	7.46e-02	5.72e-03
 5.59582e+22	2.02e-24	8.56e-17	8.59e-14	1.25e-11	8.05e-08	2.47e-05	1.56e-03	2.14e-02	1.08e-01	2.04e-01	1.66e-01	1.32e-01	2.92e-01	6.98e-02	5.20e-03
 5.61203e+22	2.74e-24	1.10e-16	1.06e-13	1.48e-11	9.37e-08	2.84e-05	1.77e-03	2.38e-02	1.16e-01	2.13e-01	1.68e-01	1.30e-01	2.79e-01	6.42e-02	4.61e-03
 5.62868e+22	3.53e-24	1.35e-16	1.27e-13	1.70e-11	1.06e-07	3.19e-05	1.97e-03	2.59e-02	1.23e-01	2.21e-01	1.69e-01	1.28e-01	2.68e-01	5.98e-02	4.16e-03
 5.64589e+22	4.83e-24	1.75e-16	1.58e-13	2.03e-11	1.24e-07	3.68e-05	2.23e-03	2.87e-02	1.32e-01	2.30e-01	1.70e-01	1.25e-01	2.54e-01	5.45e-02	3.66e-03
 5.66366e+22	6.30e-24	2.17e-16	1.91e-13	2.36e-11	1.41e-07	4.15e-05	2.48e-03	3.13e-02	1.40e-01	2.37e-01	1.71e-01	1.22e-01	2.42e-01	5.04e-02	3.27e-03
 5.68215e+22	8.76e-24	2.84e-16	2.40e-13	2.85e-11	1.66e-07	4.81e-05	2.82e-03	3.47e-02	1.50e-01	2.46e-01	1.71e-01	1.19e-01	2.28e-01	4.55e-02	2.84e-03
 5.70120e+22	1.16e-23	3.56e-16	2.92e-13	3.33e-11	1.90e-07	5.44e-05	3.14e-03	3.79e-02	1.59e-01	2.53e-01	1.71e-01	1.16e-01	2.16e-01	4.17e-02	2.52e-03
 5.71838e+22	1.51e-23	4.42e-16	3.53e-13	3.88e-11	2.16e-07	6.11e-05	3.47e-03	4.10e-02	1.67e-01	2.60e-01	1.71e-01	1.13e-01	2.04e-01	3.83e-02	2.24e-03
 5.73811e+22	2.14e-23	5.88e-16	4.51e-13	4.71e-11	2.55e-07	7.10e-05	3.96e-03	4.56e-02	1.79e-01	2.68e-01	1.70e-01	1.08e-01	1.90e-01	3.40e-02	1.91e-03
 5.75795e+22	2.79e-23	7.29e-16	5.44e-13	5.48e-11	2.90e-07	7.96e-05	4.36e-03	4.92e-02	1.88e-01	2.74e-01	1.68e-01	1.05e-01	1.79e-01	3.11e-02	1.69e-03
 5.77795e+22	3.94e-23	9.65e-16	6.92e-13	6.64e-11	3.40e-07	9.19e-05	4.94e-03	5.42e-02	2.00e-01	2.80e-01	1.66e-01	1.00e-01	1.65e-01	2.75e-02	1.43e-03
 5.79837e+22	5.21e-23	1.21e-15	8.40e-13	7.76e-11	3.86e-07	1.03e-04	5.45e-03	5.86e-02	2.09e-01	2.85e-01	1.64e-01	9.64e-02	1.55e-01	2.49e-02	1.25e-03
 5.81935e+22	7.40e-23	1.61e-15	1.07e-12	9.44e-11	4.53e-07	1.19e-04	6.16e-03	6.45e-02	2.21e-01	2.91e-01	1.61e-01	9.16e-02	1.42e-01	2.18e-02	1.05e-03
 5.84076e+22	9.91e-23	2.04e-15	1.31e-12	1.11e-10	5.16e-07	1.34e-04	6.80e-03	6.97e-02	2.31e-01	2.95e-01	1.58e-01	8.75e-02	1.32e-01	1.95e-02	9.01e-04
 5.85984e+22	1.32e-22	2.57e-15	1.60e-12	1.29e-10	5.85e-07	1.49e-04	7.48e-03	7.50e-02	2.41e-01	2.98e-01	1.55e-01	8.35e-02	1.22e-01	1.74e-02	7.76e-04
 5.88173e+22	1.91e-22	3.46e-15	2.06e-12	1.58e-10	6.84e-07	1.72e-04	8.44e-03	8.24e-02	2.54e-01	3.01e-01	1.50e-01	7.84e-02	1.10e-01	1.49e-02	6.36e-04
 5.90250e+22	2.44e-22	4.22e-15	2.44e-12	1.81e-10	7.62e-07	1.89e-04	9.14e-03	8.75e-02	2.62e-01	3.03e-01	1.47e-01	7.50e-02	1.03e-01	1.35e-02	5.57e-04
 5.92179e+22	3.39e-22	5.51e-15	3.05e-12	2.14e-10	8.67e-07	2.13e-04	1.01e-02	9.48e-02	2.73e-01	3.04e-01	1.42e-01	7.05e-02	9.31e-02	1.17e-02	4.62e-04
 5.94111e+22	4.33e-22	6.72e-15	3.60e-12	2.44e-10	9.61e-07	2.33e-04	1.09e-02	1.00e-01	2.81e-01	3.05e-01	1.38e-01	6.71e-02	8.65e-02	1.05e-02	4.02e-04
 5.96046e+22	5.97e-22	8.71e-15	4.48e-12	2.88e-10	1.09e-06	2.61e-04	1.21e-02	1.08e-01	2.91e-01	3.05e-01	1.33e-01	6.29e-02	7.82e-02	9.11e-03	3.33e-04
 5.98028e+22	7.78e-22	1.08e-14	5.35e-12	3.31e-10	1.21e-06	2.86e-04	1.30e-02	1.15e-01	2.99e-01	3.04e-01	1.29e-01	5.95e-02	7.18e-02	8.07e-03	2.85e-04
 6.00069e+22	1.10e-21	1.42e-14	6.72e-12	3.93e-10	1.37e-06	3.21e-04	1.44e-02	1.24e-01	3.10e-01	3.02e-01	1.23e-01	5.52e-02	6.41e-02	6.86e-03	2.31e-04
 6.02121e+22	1.43e-21	1.76e-14	8.02e-12	4.50e-10	1.52e-06	3.51e-04	1.55e-02	1.31e-01	3.17e-01	3.00e-01	1.19e-01	5.20e-02	5.87e-02	6.05e-03	1.96e-04
 6.04186e+22	2.02e-21	2.33e-14	1.01e-11	5.36e-10	1.72e-06	3.93e-04	1.71e-02	1.41e-01	3.27e-01	2.97e-01	1.13e-01	4.80e-02	5.20e-02	5.11e-03	1.58e-04
 6.06291e+22	2.68e-21	2.93e-14	1.21e-11	6.17e-10	1.91e-06	4.30e-04	1.85e-02	1.50e-01	3.34e-01	2.94e-01	1.08e-01	4.49e-02	4.71e-02	4.45e-03	1.32e-04
 6.08449e+22	3.86e-21	3.94e-14	1.54e-11	7.39e-10	2.17e-06	4.82e-04	2.04e-02	1.61e-01	3.42e-01	2.88e-01	1.01e-01	4.10e-02	4.12e-02	3.69e-03	1.04e-04
 6.10648e+22	5.18e-21	4.99e-14	1.87e-11	8.55e-10	2.40e-06	5.28e-04	2.20e-02	1.71e-01	3.49e-01	2.83e-01	9.61e-02	3.81e-02	3.70e-02	3.17e-03	8.57e-05
 6.12901e+22	7.63e-21	6.84e-14	2.41e-11	1.03e-09	2.74e-06	5.93e-04	2.43e-02	1.84e-01	3.57e-01	2.76e-01	8.94e-02	3.44e-02	3.19e-02	2.59e-03	6.62e-05
 6.15177e+22	1.04e-20	8.76e-14	2.94e-11	1.20e-09	3.04e-06	6.49e-04	2.62e-02	1.95e-01	3.62e-01	2.70e-01	8.42e-02	3.18e-02	2.84e-02	2.20e-03	5.38e-05
 6.17102e+22	1.38e-20	1.10e-13	3.53e-11	1.38e-09	3.35e-06	7.06e-04	2.81e-02	2.05e-01	3.66e-01	2.64e-01	7.95e-02	2.94e-02	2.54e-02	1.89e-03	4.44e-05
 6.19201e+22	1.99e-20	1.49e-13	4.48e-11	1.66e-09	3.80e-06	7.85e-04	3.07e-02	2.19e-01	3.71e-01	2.55e-01	7.36e-02	2.66e-02	2.19e-02	1.55e-03	3.45e-05
 6.21304e+22	2.66e-20	1.88e-13	5.41e-11	1.92e-09	4.20e-06	8.55e-04	3.29e-02	2.30e-01	3.74e-01	2.48e-01	6.90e-02	2.45e-02	1.95e-02	1.32e-03	2.82e-05
 6.23361e+22	3.80e-20	2.52e-13	6.83e-11	2.29e-09	4.75e-06	9.48e-04	3.58e-02	2.44e-01	3.77e-01	2.39e-01	6.36e-02	2.21e-02	1.68e-02	1.08e-03	2.19e-05
 6.25459e+22	5.19e-20	3.23e-13	8.35e-11	2.68e-09	5.29e-06	1.04e-03	3.84e-02	2.57e-01	3.79e-01	2.30e-01	5.92e-02	2.03e-02	1.48e-02	9.10e-04	1.77e-05
 6.27516e+22	7.39e-20	4.31e-13	1.05e-10	3.21e-09	5.99e-06	1.15e-03	4.16e-02	2.71e-01	3.80e-01	2.20e-01	5.43e-02	1.83e-02	1.28e-02	7.45e-04	1.38e-05
 6.29616e+22	1.03e-19	5.63e-13	1.30e-10	3.80e-09	6.75e-06	1.26e-03	4.47e-02	2.85e-01	3.80e-01	2.11e-01	5.00e-02	1.66e-02	1.11e-02	6.18e-04	1.09e-05
 6.31683e+22	1.46e-19	7.47e-13	1.63e-10	4.55e-09	7.66e-06	1.39e-03	4.83e-02	3.00e-01	3.79e-01	2.01e-01	4.57e-02	1.49e-02	9.56e-03	5.07e-04	8.50e-06
 6.33768e+22	2.07e-19	9.86e-13	2.04e-10	5.44e-09	8.70e-06	1.54e-03	5.20e-02	3.15e-01	3.77e-01	1.91e-01	4.18e-02	1.34e-02	8.24e-03	4.16e-04	6.66e-06
 6.35827e+22	2.94e-19	1.30e-12	2.56e-10	6.53e-09	9.90e-06	1.70e-03	5.59e-02	3.30e-01	3.74e-01	1.81e-01	3.80e-02	1.21e-02	7.09e-03	3.41e-04	5.20e-06
 6.37881e+22	4.18e-19	1.72e-12	3.20e-10	7.85e-09	1.13e-05	1.88e-03	6.01e-02	3.45e-01	3.70e-01	1.71e-01	3.45e-02	1.08e-02	6.09e-03	2.79e-04	4.06e-06
 6.39939e+22	5.99e-19	2.28e-12	4.03e-10	9.47e-09	1.29e-05	2.08e-03	6.46e-02	3.60e-01	3.65e-01	1.61e-01	3.13e-02	9.67e-03	5.21e-03	2.27e-04	3.15e-06
 6.42003e+22	8.62e-19	3.01e-12	5.06e-10	1.15e-08	1.48e-05	2.31e-03	6.93e-02	3.76e-01	3.60e-01	1.51e-01	2.82e-02	8.63e-03	4.45e-03	1.85e-04	2.44e-06
 6.44076e+22	1.25e-18	3.98e-12	6.37e-10	1.39e-08	1.71e-05	2.56e-03	7.44e-02	3.91e-01	3.53e-01	1.42e-01	2.54e-02	7.68e-03	3.78e-03	1.50e-04	1.89e-06
 6.46166e+22	1.83e-18	5.27e-12	8.04e-10	1.69e-08	1.97e-05	2.84e-03	7.98e-02	4.06e-01	3.46e-01	1.32e-01	2.28e-02	6.82e-03	3.21e-03	1.21e-04	1.46e-06
 6.48278e+22	2.72e-18	6.99e-12	1.02e-09	2.06e-08	2.28e-05	3.15e-03	8.56e-02	4.21e-01	3.38e-01	1.23e-01	2.04e-02	6.03e-03	2.72e-03	9.77e-05	1.12e-06
 6.50401e+22	4.08e-18	9.23e-12	1.28e-09	2.51e-08	2.63e-05	3.50e-03	9.16e-02	4.35e-01	3.29e-01	1.14e-01	1.82e-02	5.33e-03	2.29e-03	7.86e-05	8.57e-07
 6.52558e+22	6.27e-18	1.23e-11	1.63e-09	3.08e-08	3.06e-05	3.90e-03	9.81e-02	4.49e-01	3.20e-01	1.06e-01	1.62e-02	4.69e-03	1.92e-03	6.27e-05	6.51e-07
 6.54736e+22	9.78e-18	1.62e-11	2.06e-09	3.77e-08	3.55e-05	4.32e-03	1.05e-01	4.63e-01	3.10e-01	9.78e-02	1.44e-02	4.12e-03	1.62e-03	5.02e-05	4.96e-07
 6.56958e+22	1.60e-17	2.15e-11	2.62e-09	4.65e-08	4.14e-05	4.82e-03	1.12e-01	4.76e-01	3.00e-01	8.98e-02	1.27e-02	3.59e-03	1.35e-03	3.97e-05	3.73e-07
 6.59218e+22	2.70e-17	2.84e-11	3.32e-09	5.71e-08	4.82e-05	5.35e-03	1.20e-01	4.88e-01	2.89e-01	8.25e-02	1.12e-02	3.14e-03	1.12e-03	3.15e-05	2.82e-07
 6.61288e+22	4.50e-17	3.58e-11	4.04e-09	6.78e-08	5.47e-05	5.85e-03	1.26e-01	4.98e-01	2.79e-01	7.66e-02	1.00e-02	2.80e-03	9.62e-04	2.59e-05	2.22e-07
 6.63451e+22	8.84e-17	4.79e-11	5.19e-09	8.45e-08	6.44e-05	6.53e-03	1.35e-01	5.10e-01	2.67e-01	6.96e-02	8.75e-03	2.41e-03	7.89e-04	2.01e-05	1.64e-07
 6.65648e+22	1.60e-16	6.03e-11	6.33e-09	1.01e-07	7.32e-05	7.13e-03	1.42e-01	5.18e-01	2.58e-01	6.45e-02	7.83e-03	2.14e-03	6.74e-04	1.65e-05	1.29e-07
 6.67908e+22	3.41e-16	8.08e-11	8.17e-09	1.26e-07	8.64e-05	7.97e-03	1.51e-01	5.28e-01	2.45e-01	5.82e-02	6.78e-03	1.83e-03	5.47e-04	1.27e-05	0.00e+00
 6.70174e+22	4.30e-16	1.01e-10	9.92e-09	1.50e-07	9.80e-05	8.68e-03	1.59e-01	5.35e-01	2.36e-01	5.38e-02	6.06e-03	1.62e-03	4.66e-04	1.04e-05	0.00e+00
 6.72447e+22	5.80e-16	1.34e-10	1.27e-08	1.87e-07	1.15e-04	9.68e-03	1.69e-01	5.43e-01	2.23e-01	4.84e-02	5.23e-03	1.38e-03	3.78e-04	7.95e-06	0.00e+00
 6.74728e+22	7.24e-16	1.66e-10	1.54e-08	2.21e-07	1.30e-04	1.05e-02	1.77e-01	5.48e-01	2.14e-01	4.47e-02	4.68e-03	1.22e-03	3.23e-04	6.50e-06	0.00e+00
 6.77020e+22	9.66e-16	2.19e-10	1.96e-08	2.75e-07	1.53e-04	1.17e-02	1.87e-01	5.53e-01	2.02e-01	4.02e-02	4.03e-03	1.04e-03	2.62e-04	4.99e-06	0.00e+00
 6.79335e+22	1.20e-15	2.71e-10	2.37e-08	3.25e-07	1.73e-04	1.27e-02	1.95e-01	5.57e-01	1.93e-01	3.70e-02	3.60e-03	9.17e-04	2.22e-04	4.07e-06	0.00e+00
 6.81682e+22	1.56e-15	3.55e-10	3.02e-08	4.05e-07	2.03e-04	1.40e-02	2.06e-01	5.61e-01	1.82e-01	3.31e-02	3.09e-03	7.77e-04	1.79e-04	3.11e-06	0.00e+00
 6.84059e+22	1.94e-15	4.38e-10	3.64e-08	4.79e-07	2.29e-04	1.52e-02	2.15e-01	5.62e-01	1.73e-01	3.04e-02	2.75e-03	6.83e-04	1.52e-04	2.53e-06	0.00e+00
 6.86477e+22	2.56e-15	5.72e-10	4.63e-08	5.96e-07	2.69e-04	1.68e-02	2.27e-01	5.64e-01	1.62e-01	2.71e-02	2.36e-03	5.77e-04	1.22e-04	1.92e-06	0.00e+00
 6.88939e+22	3.18e-15	7.06e-10	5.60e-08	7.07e-07	3.04e-04	1.82e-02	2.36e-01	5.64e-01	1.54e-01	2.48e-02	2.09e-03	5.04e-04	1.03e-04	1.55e-06	0.00e+00
 6.91458e+22	4.21e-15	9.24e-10	7.16e-08	8.83e-07	3.58e-04	2.02e-02	2.48e-01	5.64e-01	1.43e-01	2.20e-02	1.78e-03	4.23e-04	8.21e-05	1.17e-06	0.00e+00
 6.94034e+22	5.24e-15	1.14e-09	8.68e-08	1.05e-06	4.06e-04	2.19e-02	2.58e-01	5.62e-01	1.35e-01	2.01e-02	1.57e-03	3.68e-04	6.86e-05	9.33e-07	0.00e+00
 6.96684e+22	6.94e-15	1.50e-09	1.12e-07	1.32e-06	4.79e-04	2.43e-02	2.71e-01	5.59e-01	1.25e-01	1.77e-02	1.32e-03	3.05e-04	5.42e-05	6.94e-07	0.00e+00
 6.99386e+22	8.65e-15	1.86e-09	1.35e-07	1.58e-06	5.43e-04	2.63e-02	2.81e-01	5.56e-01	1.18e-01	1.61e-02	1.16e-03	2.65e-04	4.51e-05	5.53e-07	0.00e+00
 7.01671e+22	1.05e-14	2.25e-09	1.62e-07	1.85e-06	6.10e-04	2.83e-02	2.91e-01	5.53e-01	1.11e-01	1.47e-02	1.03e-03	2.32e-04	3.81e-05	4.47e-07	0.00e+00
 7.04160e+22	1.35e-14	2.87e-09	2.03e-07	2.28e-06	7.07e-04	3.10e-02	3.03e-01	5.48e-01	1.03e-01	1.31e-02	8.84e-04	1.95e-04	3.07e-05	3.41e-07	0.00e+00
 7.06570e+22	1.61e-14	3.40e-09	2.37e-07	2.63e-06	7.84e-04	3.31e-02	3.12e-01	5.43e-01	9.78e-02	1.21e-02	7.93e-04	1.73e-04	2.63e-05	2.82e-07	0.00e+00
 7.08876e+22	2.01e-14	4.24e-09	2.91e-07	3.18e-06	8.99e-04	3.60e-02	3.23e-01	5.37e-01	9.10e-02	1.08e-02	6.86e-04	1.47e-04	2.15e-05	2.18e-07	0.00e+00
 7.11205e+22	2.40e-14	5.02e-09	3.41e-07	3.66e-06	9.94e-04	3.83e-02	3.32e-01	5.32e-01	8.62e-02	9.97e-03	6.16e-04	1.30e-04	1.84e-05	1.81e-07	0.00e+00
 7.13565e+22	3.00e-14	6.24e-09	4.19e-07	4.43e-06	1.14e-03	4.15e-02	3.43e-01	5.25e-01	8.00e-02	8.92e-03	5.32e-04	1.11e-04	1.50e-05	1.40e-07	0.00e+00
