#depth	C	C+	C+2	C+3	C+4	C+5	C+6	C[1]	C[2]	C[3]	C+[1]	C+[2]	CO
 4.62852e+21	0.00e+00	2.90e-28	1.79e-21	1.22e-15	1.15e-09	5.98e-05	1.00e+00	0.00e+00	0.00e+00	0.00e+00	0.00e+00	0.00e+00	5.14e-130
 1.05257e+22	0.00e+00	1.70e-27	7.34e-21	3.67e-15	2.39e-09	8.57e-05	1.00e+00	0.00e+00	0.00e+00	0.00e+00	0.00e+00	0.00e+00	1.24e-137
 1.26407e+22	0.00e+00	5.63e-27	1.93e-20	7.64e-15	3.87e-09	1.09e-04	1.00e+00	0.00e+00	0.00e+00	0.00e+00	0.00e+00	0.00e+00	2.59e-118
 1.41642e+22	0.00e+00	1.47e-26	4.18e-20	1.37e-14	5.71e-09	1.31e-04	1.00e+00	0.00e+00	0.00e+00	0.00e+00	0.00e+00	0.00e+00	3.81e-118
 1.50465e+22	0.00e+00	1.95e-26	5.26e-20	1.64e-14	6.41e-09	1.39e-04	1.00e+00	0.00e+00	0.00e+00	0.00e+00	0.00e+00	0.00e+00	7.46e-118
 1.55186e+22	0.00e+00	2.83e-26	7.11e-20	2.06e-14	7.45e-09	1.49e-04	1.00e+00	0.00e+00	0.00e+00	0.00e+00	0.00e+00	0.00e+00	8.58e-118
 1.60311e+22	0.00e+00	3.99e-26	9.36e-20	2.54e-14	8.56e-09	1.60e-04	1.00e+00	0.00e+00	0.00e+00	0.00e+00	0.00e+00	0.00e+00	3.41e-114
 1.64741e+22	0.00e+00	5.27e-26	1.17e-19	3.02e-14	9.58e-09	1.69e-04	1.00e+00	0.00e+00	0.00e+00	0.00e+00	0.00e+00	0.00e+00	1.33e-113
 1.69280e+22	0.00e+00	7.52e-26	1.57e-19	3.77e-14	1.11e-08	1.81e-04	1.00e+00	0.00e+00	0.00e+00	0.00e+00	0.00e+00	0.00e+00	6.42e-94
 1.73877e+22	0.00e+00	1.00e-25	1.97e-19	4.49e-14	1.24e-08	1.92e-04	1.00e+00	0.00e+00	0.00e+00	0.00e+00	0.00e+00	0.00e+00	3.01e-93
 1.77876e+22	0.00e+00	1.32e-25	2.47e-19	5.34e-14	1.39e-08	2.02e-04	1.00e+00	0.00e+00	0.00e+00	0.00e+00	0.00e+00	0.00e+00	2.56e-93
 1.82400e+22	0.00e+00	1.89e-25	3.30e-19	6.66e-14	1.61e-08	2.17e-04	1.00e+00	0.00e+00	0.00e+00	0.00e+00	0.00e+00	0.00e+00	1.01e-92
 1.86986e+22	0.00e+00	2.51e-25	4.15e-19	7.95e-14	1.81e-08	2.29e-04	1.00e+00	0.00e+00	0.00e+00	0.00e+00	0.00e+00	0.00e+00	4.29e-92
 1.90993e+22	0.00e+00	3.32e-25	5.21e-19	9.45e-14	2.03e-08	2.42e-04	1.00e+00	0.00e+00	0.00e+00	0.00e+00	0.00e+00	0.00e+00	6.74e-92
 1.95542e+22	2.88e-33	4.78e-25	7.00e-19	1.19e-13	2.35e-08	2.60e-04	1.00e+00	0.00e+00	0.00e+00	0.00e+00	0.00e+00	0.00e+00	1.25e-91
 2.00087e+22	3.99e-33	6.28e-25	8.73e-19	1.41e-13	2.63e-08	2.75e-04	1.00e+00	0.00e+00	0.00e+00	0.00e+00	0.00e+00	0.00e+00	4.95e-91
 2.04625e+22	6.13e-33	9.01e-25	1.17e-18	1.76e-13	3.05e-08	2.95e-04	1.00e+00	0.00e+00	0.00e+00	0.00e+00	0.00e+00	0.00e+00	7.62e-91
 2.08810e+22	8.12e-33	1.14e-24	1.42e-18	2.04e-13	3.36e-08	3.09e-04	1.00e+00	0.00e+00	0.00e+00	0.00e+00	0.00e+00	0.00e+00	3.09e-90
 2.12535e+22	1.13e-32	1.51e-24	1.78e-18	2.43e-13	3.76e-08	3.26e-04	1.00e+00	0.00e+00	0.00e+00	0.00e+00	0.00e+00	0.00e+00	5.46e-90
 2.16498e+22	1.55e-32	1.96e-24	2.20e-18	2.86e-13	4.19e-08	3.43e-04	1.00e+00	0.00e+00	0.00e+00	0.00e+00	0.00e+00	0.00e+00	9.81e-90
 2.19984e+22	2.04e-32	2.48e-24	2.66e-18	3.31e-13	4.61e-08	3.59e-04	1.00e+00	0.00e+00	0.00e+00	0.00e+00	0.00e+00	0.00e+00	2.34e-89
 2.23730e+22	2.83e-32	3.27e-24	3.34e-18	3.94e-13	5.17e-08	3.79e-04	1.00e+00	0.00e+00	0.00e+00	0.00e+00	0.00e+00	0.00e+00	1.26e-89
 2.27666e+22	3.88e-32	4.25e-24	4.14e-18	4.65e-13	5.77e-08	4.00e-04	1.00e+00	0.00e+00	0.00e+00	0.00e+00	0.00e+00	0.00e+00	1.08e-88
 2.31148e+22	5.13e-32	5.38e-24	5.01e-18	5.39e-13	6.35e-08	4.18e-04	1.00e+00	0.00e+00	0.00e+00	0.00e+00	0.00e+00	0.00e+00	1.27e-88
 2.34975e+22	7.17e-32	7.13e-24	6.30e-18	6.44e-13	7.14e-08	4.42e-04	1.00e+00	0.00e+00	0.00e+00	0.00e+00	0.00e+00	0.00e+00	5.68e-88
 2.38972e+22	9.77e-32	9.24e-24	7.77e-18	7.58e-13	7.95e-08	4.66e-04	1.00e+00	0.00e+00	0.00e+00	0.00e+00	0.00e+00	0.00e+00	8.02e-88
 2.42189e+22	1.25e-31	1.14e-23	9.21e-18	8.65e-13	8.66e-08	4.85e-04	1.00e+00	0.00e+00	0.00e+00	0.00e+00	0.00e+00	0.00e+00	2.37e-87
 2.44941e+22	1.58e-31	1.38e-23	1.08e-17	9.76e-13	9.38e-08	5.04e-04	9.99e-01	0.00e+00	0.00e+00	0.00e+00	0.00e+00	0.00e+00	1.64e-87
 2.48086e+22	2.06e-31	1.73e-23	1.29e-17	1.13e-12	1.03e-07	5.26e-04	9.99e-01	0.00e+00	0.00e+00	0.00e+00	0.00e+00	0.00e+00	9.27e-87
 2.51550e+22	2.70e-31	2.17e-23	1.56e-17	1.30e-12	1.13e-07	5.51e-04	9.99e-01	0.00e+00	0.00e+00	0.00e+00	0.00e+00	0.00e+00	6.14e-87
 2.54790e+22	3.50e-31	2.70e-23	1.86e-17	1.49e-12	1.24e-07	5.75e-04	9.99e-01	0.00e+00	0.00e+00	0.00e+00	0.00e+00	0.00e+00	8.94e-87
 2.57794e+22	4.47e-31	3.32e-23	2.20e-17	1.70e-12	1.35e-07	5.99e-04	9.99e-01	0.00e+00	0.00e+00	0.00e+00	0.00e+00	0.00e+00	4.82e-86
 2.61129e+22	6.03e-31	4.27e-23	2.70e-17	1.99e-12	1.50e-07	6.29e-04	9.99e-01	0.00e+00	0.00e+00	0.00e+00	0.00e+00	0.00e+00	5.74e-86
 2.64566e+22	7.82e-31	5.31e-23	3.22e-17	2.28e-12	1.64e-07	6.57e-04	9.99e-01	0.00e+00	0.00e+00	0.00e+00	0.00e+00	0.00e+00	1.13e-85
 2.67622e+22	1.00e-30	6.54e-23	3.81e-17	2.60e-12	1.79e-07	6.84e-04	9.99e-01	0.00e+00	0.00e+00	0.00e+00	0.00e+00	0.00e+00	4.70e-85
 2.70593e+22	1.28e-30	8.02e-23	4.50e-17	2.96e-12	1.94e-07	7.12e-04	9.99e-01	0.00e+00	0.00e+00	0.00e+00	0.00e+00	0.00e+00	8.57e-85
 2.73359e+22	1.58e-30	9.61e-23	5.22e-17	3.32e-12	2.10e-07	7.38e-04	9.99e-01	0.00e+00	0.00e+00	0.00e+00	0.00e+00	0.00e+00	6.13e-85
 2.76343e+22	2.04e-30	1.19e-22	6.22e-17	3.81e-12	2.29e-07	7.70e-04	9.99e-01	0.00e+00	0.00e+00	0.00e+00	0.00e+00	0.00e+00	7.80e-85
 2.79479e+22	2.60e-30	1.46e-22	7.33e-17	4.33e-12	2.49e-07	8.02e-04	9.99e-01	0.00e+00	0.00e+00	0.00e+00	0.00e+00	0.00e+00	2.39e-84
 2.82232e+22	3.24e-30	1.76e-22	8.52e-17	4.86e-12	2.69e-07	8.32e-04	9.99e-01	0.00e+00	0.00e+00	0.00e+00	0.00e+00	0.00e+00	2.33e-84
 2.85230e+22	4.20e-30	2.19e-22	1.02e-16	5.59e-12	2.95e-07	8.68e-04	9.99e-01	0.00e+00	0.00e+00	0.00e+00	0.00e+00	0.00e+00	1.38e-83
 2.88318e+22	5.33e-30	2.67e-22	1.20e-16	6.33e-12	3.21e-07	9.03e-04	9.99e-01	0.00e+00	0.00e+00	0.00e+00	0.00e+00	0.00e+00	1.37e-83
 2.90962e+22	6.58e-30	3.19e-22	1.38e-16	7.08e-12	3.45e-07	9.36e-04	9.99e-01	0.00e+00	0.00e+00	0.00e+00	0.00e+00	0.00e+00	3.70e-83
 2.93841e+22	8.44e-30	3.93e-22	1.64e-16	8.09e-12	3.77e-07	9.75e-04	9.99e-01	0.00e+00	0.00e+00	0.00e+00	0.00e+00	0.00e+00	4.92e-83
 2.96914e+22	1.07e-29	4.80e-22	1.93e-16	9.17e-12	4.10e-07	1.01e-03	9.99e-01	0.00e+00	0.00e+00	0.00e+00	0.00e+00	0.00e+00	8.41e-83
 2.99694e+22	1.34e-29	5.79e-22	2.25e-16	1.03e-11	4.43e-07	1.05e-03	9.99e-01	0.00e+00	0.00e+00	0.00e+00	0.00e+00	0.00e+00	1.86e-82
 3.02191e+22	1.63e-29	6.83e-22	2.57e-16	1.14e-11	4.74e-07	1.09e-03	9.99e-01	0.00e+00	0.00e+00	0.00e+00	0.00e+00	0.00e+00	1.46e-82
 3.04510e+22	1.97e-29	7.99e-22	2.92e-16	1.26e-11	5.07e-07	1.12e-03	9.99e-01	0.00e+00	0.00e+00	0.00e+00	0.00e+00	0.00e+00	3.66e-82
 3.07174e+22	2.46e-29	9.63e-22	3.40e-16	1.43e-11	5.48e-07	1.17e-03	9.99e-01	0.00e+00	0.00e+00	0.00e+00	0.00e+00	0.00e+00	2.68e-82
 3.10044e+22	3.08e-29	1.16e-21	3.96e-16	1.60e-11	5.93e-07	1.21e-03	9.99e-01	0.00e+00	0.00e+00	0.00e+00	0.00e+00	0.00e+00	1.04e-81
 3.12630e+22	3.78e-29	1.38e-21	4.55e-16	1.79e-11	6.37e-07	1.25e-03	9.99e-01	0.00e+00	0.00e+00	0.00e+00	0.00e+00	0.00e+00	2.50e-81
 3.15441e+22	4.82e-29	1.69e-21	5.38e-16	2.04e-11	6.95e-07	1.30e-03	9.99e-01	0.00e+00	0.00e+00	0.00e+00	0.00e+00	0.00e+00	5.85e-81
 3.18293e+22	6.00e-29	2.03e-21	6.23e-16	2.28e-11	7.49e-07	1.35e-03	9.99e-01	0.00e+00	0.00e+00	0.00e+00	0.00e+00	0.00e+00	2.22e-80
 3.20675e+22	7.25e-29	2.38e-21	7.09e-16	2.52e-11	8.01e-07	1.40e-03	9.99e-01	0.00e+00	0.00e+00	0.00e+00	0.00e+00	0.00e+00	3.55e-80
 3.23248e+22	9.03e-29	2.87e-21	8.24e-16	2.83e-11	8.66e-07	1.45e-03	9.99e-01	0.00e+00	0.00e+00	0.00e+00	0.00e+00	0.00e+00	6.13e-80
 3.26032e+22	1.13e-28	3.45e-21	9.57e-16	3.18e-11	9.35e-07	1.50e-03	9.98e-01	0.00e+00	0.00e+00	0.00e+00	0.00e+00	0.00e+00	1.06e-79
 3.28573e+22	1.37e-28	4.07e-21	1.09e-15	3.53e-11	1.00e-06	1.56e-03	9.98e-01	0.00e+00	0.00e+00	0.00e+00	0.00e+00	0.00e+00	1.73e-79
 3.30923e+22	1.65e-28	4.76e-21	1.24e-15	3.89e-11	1.07e-06	1.61e-03	9.98e-01	0.00e+00	0.00e+00	0.00e+00	0.00e+00	0.00e+00	2.76e-79
 3.33538e+22	2.06e-28	5.72e-21	1.44e-15	4.38e-11	1.16e-06	1.67e-03	9.98e-01	0.00e+00	0.00e+00	0.00e+00	0.00e+00	0.00e+00	4.77e-79
 3.36291e+22	2.55e-28	6.83e-21	1.66e-15	4.89e-11	1.25e-06	1.73e-03	9.98e-01	0.00e+00	0.00e+00	0.00e+00	0.00e+00	0.00e+00	8.09e-79
 3.38714e+22	3.09e-28	8.02e-21	1.90e-15	5.41e-11	1.33e-06	1.79e-03	9.98e-01	0.00e+00	0.00e+00	0.00e+00	0.00e+00	0.00e+00	1.30e-78
 3.41356e+22	3.88e-28	9.70e-21	2.21e-15	6.10e-11	1.45e-06	1.85e-03	9.98e-01	0.00e+00	0.00e+00	0.00e+00	0.00e+00	0.00e+00	2.29e-78
 3.44159e+22	4.82e-28	1.16e-20	2.56e-15	6.82e-11	1.56e-06	1.93e-03	9.98e-01	0.00e+00	0.00e+00	0.00e+00	0.00e+00	0.00e+00	3.94e-78
 3.46602e+22	5.85e-28	1.37e-20	2.91e-15	7.53e-11	1.67e-06	1.99e-03	9.98e-01	0.00e+00	0.00e+00	0.00e+00	0.00e+00	0.00e+00	6.38e-78
 3.48824e+22	6.99e-28	1.58e-20	3.28e-15	8.27e-11	1.78e-06	2.05e-03	9.98e-01	0.00e+00	0.00e+00	0.00e+00	0.00e+00	0.00e+00	9.94e-78
 3.51325e+22	8.67e-28	1.90e-20	3.80e-15	9.26e-11	1.92e-06	2.13e-03	9.98e-01	0.00e+00	0.00e+00	0.00e+00	0.00e+00	0.00e+00	1.70e-77
 3.53992e+22	1.06e-27	2.24e-20	4.35e-15	1.03e-10	2.06e-06	2.20e-03	9.98e-01	0.00e+00	0.00e+00	0.00e+00	0.00e+00	0.00e+00	2.83e-77
 3.56434e+22	1.29e-27	2.64e-20	4.95e-15	1.14e-10	2.20e-06	2.28e-03	9.98e-01	0.00e+00	0.00e+00	0.00e+00	0.00e+00	0.00e+00	4.60e-77
 3.59170e+22	1.63e-27	3.21e-20	5.80e-15	1.28e-10	2.39e-06	2.37e-03	9.98e-01	0.00e+00	0.00e+00	0.00e+00	0.00e+00	0.00e+00	8.29e-77
 3.62020e+22	2.05e-27	3.87e-20	6.73e-15	1.44e-10	2.59e-06	2.47e-03	9.98e-01	0.00e+00	0.00e+00	0.00e+00	0.00e+00	0.00e+00	1.47e-76
 3.64352e+22	2.45e-27	4.48e-20	7.57e-15	1.58e-10	2.75e-06	2.55e-03	9.97e-01	0.00e+00	0.00e+00	0.00e+00	0.00e+00	0.00e+00	2.27e-76
 3.66718e+22	3.01e-27	5.32e-20	8.68e-15	1.75e-10	2.96e-06	2.64e-03	9.97e-01	0.00e+00	0.00e+00	0.00e+00	0.00e+00	0.00e+00	3.82e-76
 3.69273e+22	3.67e-27	6.27e-20	9.89e-15	1.93e-10	3.17e-06	2.73e-03	9.97e-01	0.00e+00	0.00e+00	0.00e+00	0.00e+00	0.00e+00	6.29e-76
 3.71673e+22	4.45e-27	7.35e-20	1.12e-14	2.13e-10	3.39e-06	2.83e-03	9.97e-01	0.00e+00	0.00e+00	0.00e+00	0.00e+00	0.00e+00	1.02e-75
 3.74394e+22	5.64e-27	8.92e-20	1.31e-14	2.40e-10	3.68e-06	2.95e-03	9.97e-01	0.00e+00	0.00e+00	0.00e+00	0.00e+00	0.00e+00	1.85e-75
 3.77205e+22	7.07e-27	1.07e-19	1.52e-14	2.67e-10	3.97e-06	3.07e-03	9.97e-01	0.00e+00	0.00e+00	0.00e+00	0.00e+00	0.00e+00	3.27e-75
 3.79480e+22	8.45e-27	1.24e-19	1.70e-14	2.92e-10	4.22e-06	3.16e-03	9.97e-01	0.00e+00	0.00e+00	0.00e+00	0.00e+00	0.00e+00	5.11e-75
 3.81787e+22	1.04e-26	1.47e-19	1.94e-14	3.23e-10	4.53e-06	3.28e-03	9.97e-01	0.00e+00	0.00e+00	0.00e+00	0.00e+00	0.00e+00	8.59e-75
 3.84278e+22	1.26e-26	1.73e-19	2.21e-14	3.55e-10	4.84e-06	3.40e-03	9.97e-01	0.00e+00	0.00e+00	0.00e+00	0.00e+00	0.00e+00	1.42e-74
 3.86609e+22	1.53e-26	2.02e-19	2.49e-14	3.88e-10	5.16e-06	3.52e-03	9.96e-01	0.00e+00	0.00e+00	0.00e+00	0.00e+00	0.00e+00	2.29e-74
 3.89239e+22	1.93e-26	2.44e-19	2.89e-14	4.34e-10	5.58e-06	3.67e-03	9.96e-01	0.00e+00	0.00e+00	0.00e+00	0.00e+00	0.00e+00	4.17e-74
 3.91937e+22	2.40e-26	2.91e-19	3.32e-14	4.81e-10	6.01e-06	3.81e-03	9.96e-01	0.00e+00	0.00e+00	0.00e+00	0.00e+00	0.00e+00	7.23e-74
 3.94151e+22	2.89e-26	3.37e-19	3.72e-14	5.22e-10	6.38e-06	3.94e-03	9.96e-01	0.00e+00	0.00e+00	0.00e+00	0.00e+00	0.00e+00	1.16e-73
 3.96142e+22	3.38e-26	3.84e-19	4.13e-14	5.64e-10	6.74e-06	4.06e-03	9.96e-01	0.00e+00	0.00e+00	0.00e+00	0.00e+00	0.00e+00	1.73e-73
 3.98414e+22	4.19e-26	4.56e-19	4.70e-14	6.21e-10	7.22e-06	4.22e-03	9.96e-01	0.00e+00	0.00e+00	0.00e+00	0.00e+00	0.00e+00	3.00e-73
 4.00809e+22	5.08e-26	5.32e-19	5.30e-14	6.76e-10	7.68e-06	4.37e-03	9.96e-01	0.00e+00	0.00e+00	0.00e+00	0.00e+00	0.00e+00	4.93e-73
 4.02999e+22	6.13e-26	6.19e-19	5.95e-14	7.35e-10	8.17e-06	4.52e-03	9.95e-01	0.00e+00	0.00e+00	0.00e+00	0.00e+00	0.00e+00	7.97e-73
 4.05483e+22	7.72e-26	7.45e-19	6.86e-14	8.14e-10	8.81e-06	4.72e-03	9.95e-01	0.00e+00	0.00e+00	0.00e+00	0.00e+00	0.00e+00	1.45e-72
 4.07938e+22	9.44e-26	8.74e-19	7.74e-14	8.86e-10	9.39e-06	4.90e-03	9.95e-01	0.00e+00	0.00e+00	0.00e+00	0.00e+00	0.00e+00	2.44e-72
 4.09915e+22	1.12e-25	1.00e-18	8.58e-14	9.55e-10	9.92e-06	5.05e-03	9.95e-01	0.00e+00	0.00e+00	0.00e+00	0.00e+00	0.00e+00	3.76e-72
 4.12046e+22	1.37e-25	1.18e-18	9.69e-14	1.04e-09	1.06e-05	5.25e-03	9.95e-01	0.00e+00	0.00e+00	0.00e+00	0.00e+00	0.00e+00	6.41e-72
 4.14314e+22	1.65e-25	1.37e-18	1.09e-13	1.13e-09	1.12e-05	5.44e-03	9.95e-01	0.00e+00	0.00e+00	0.00e+00	0.00e+00	0.00e+00	1.04e-71
 4.16426e+22	1.99e-25	1.58e-18	1.21e-13	1.22e-09	1.19e-05	5.63e-03	9.94e-01	0.00e+00	0.00e+00	0.00e+00	0.00e+00	0.00e+00	1.71e-71
 4.18506e+22	2.40e-25	1.84e-18	1.36e-13	1.31e-09	1.26e-05	5.83e-03	9.94e-01	0.00e+00	0.00e+00	0.00e+00	0.00e+00	0.00e+00	2.78e-71
 4.20504e+22	2.87e-25	2.11e-18	1.50e-13	1.41e-09	1.33e-05	6.03e-03	9.94e-01	0.00e+00	0.00e+00	0.00e+00	0.00e+00	0.00e+00	4.43e-71
 4.22431e+22	3.41e-25	2.42e-18	1.67e-13	1.51e-09	1.41e-05	6.23e-03	9.94e-01	0.00e+00	0.00e+00	0.00e+00	0.00e+00	0.00e+00	6.96e-71
 4.24639e+22	4.24e-25	2.87e-18	1.89e-13	1.65e-09	1.51e-05	6.50e-03	9.93e-01	0.00e+00	0.00e+00	0.00e+00	0.00e+00	0.00e+00	1.24e-70
 4.26888e+22	5.13e-25	3.33e-18	2.11e-13	1.78e-09	1.60e-05	6.73e-03	9.93e-01	0.00e+00	0.00e+00	0.00e+00	0.00e+00	0.00e+00	2.05e-70
 4.28834e+22	6.12e-25	3.83e-18	2.34e-13	1.91e-09	1.69e-05	6.97e-03	9.93e-01	0.00e+00	0.00e+00	0.00e+00	0.00e+00	0.00e+00	3.28e-70
 4.31008e+22	7.65e-25	4.56e-18	2.66e-13	2.08e-09	1.81e-05	7.27e-03	9.93e-01	0.00e+00	0.00e+00	0.00e+00	0.00e+00	0.00e+00	5.94e-70
 4.33164e+22	9.11e-25	5.22e-18	2.94e-13	2.22e-09	1.91e-05	7.52e-03	9.92e-01	0.00e+00	0.00e+00	0.00e+00	0.00e+00	0.00e+00	9.46e-70
 4.35298e+22	1.13e-24	6.18e-18	3.33e-13	2.41e-09	2.04e-05	7.83e-03	9.92e-01	0.00e+00	0.00e+00	0.00e+00	0.00e+00	0.00e+00	1.69e-69
 4.37483e+22	1.37e-24	7.16e-18	3.71e-13	2.59e-09	2.16e-05	8.13e-03	9.92e-01	0.00e+00	0.00e+00	0.00e+00	0.00e+00	0.00e+00	2.81e-69
 4.39358e+22	1.61e-24	8.16e-18	4.08e-13	2.76e-09	2.27e-05	8.39e-03	9.92e-01	0.00e+00	0.00e+00	0.00e+00	0.00e+00	0.00e+00	4.39e-69
 4.41418e+22	2.00e-24	9.62e-18	4.60e-13	2.98e-09	2.42e-05	8.74e-03	9.91e-01	0.00e+00	0.00e+00	0.00e+00	0.00e+00	0.00e+00	7.80e-69
 4.43543e+22	2.41e-24	1.11e-17	5.11e-13	3.19e-09	2.56e-05	9.06e-03	9.91e-01	0.00e+00	0.00e+00	0.00e+00	0.00e+00	0.00e+00	1.29e-68
 4.45431e+22	2.88e-24	1.28e-17	5.64e-13	3.40e-09	2.70e-05	9.38e-03	9.91e-01	0.00e+00	0.00e+00	0.00e+00	0.00e+00	0.00e+00	2.10e-68
 4.47561e+22	3.58e-24	1.51e-17	6.39e-13	3.68e-09	2.88e-05	9.79e-03	9.90e-01	0.00e+00	0.00e+00	0.00e+00	0.00e+00	0.00e+00	3.81e-68
 4.49715e+22	4.33e-24	1.75e-17	7.10e-13	3.94e-09	3.05e-05	1.02e-02	9.90e-01	0.00e+00	0.00e+00	0.00e+00	0.00e+00	0.00e+00	6.37e-68
 4.51570e+22	5.16e-24	2.00e-17	7.83e-13	4.19e-09	3.22e-05	1.05e-02	9.89e-01	0.00e+00	0.00e+00	0.00e+00	0.00e+00	0.00e+00	1.03e-67
 4.53653e+22	6.43e-24	2.37e-17	8.85e-13	4.53e-09	3.44e-05	1.10e-02	9.89e-01	0.00e+00	0.00e+00	0.00e+00	0.00e+00	0.00e+00	1.88e-67
 4.55824e+22	7.85e-24	2.77e-17	9.88e-13	4.85e-09	3.65e-05	1.14e-02	9.89e-01	0.00e+00	0.00e+00	0.00e+00	0.00e+00	0.00e+00	3.25e-67
 4.57771e+22	9.42e-24	3.19e-17	1.09e-12	5.18e-09	3.85e-05	1.18e-02	9.88e-01	0.00e+00	0.00e+00	0.00e+00	0.00e+00	0.00e+00	5.35e-67
 4.59632e+22	1.13e-23	3.67e-17	1.21e-12	5.50e-09	4.07e-05	1.22e-02	9.88e-01	0.00e+00	0.00e+00	0.00e+00	0.00e+00	0.00e+00	8.90e-67
 4.61400e+22	1.34e-23	4.17e-17	1.33e-12	5.84e-09	4.28e-05	1.26e-02	9.87e-01	0.00e+00	0.00e+00	0.00e+00	0.00e+00	0.00e+00	1.41e-66
 4.63382e+22	1.68e-23	4.96e-17	1.50e-12	6.29e-09	4.57e-05	1.32e-02	9.87e-01	0.00e+00	0.00e+00	0.00e+00	4.96e-17	5.44e-26	2.64e-66
 4.65377e+22	2.01e-23	5.70e-17	1.66e-12	6.67e-09	4.82e-05	1.37e-02	9.86e-01	0.00e+00	0.00e+00	0.00e+00	5.70e-17	6.85e-24	4.36e-66
 4.66992e+22	2.34e-23	6.41e-17	1.80e-12	7.02e-09	5.05e-05	1.41e-02	9.86e-01	0.00e+00	0.00e+00	0.00e+00	6.41e-17	7.71e-24	6.67e-66
 4.68387e+22	2.70e-23	7.14e-17	1.94e-12	7.35e-09	5.26e-05	1.45e-02	9.85e-01	0.00e+00	0.00e+00	0.00e+00	7.14e-17	8.59e-24	9.91e-66
 4.69672e+22	3.08e-23	7.90e-17	2.09e-12	7.67e-09	5.47e-05	1.49e-02	9.85e-01	0.00e+00	0.00e+00	0.00e+00	7.90e-17	9.51e-24	1.43e-65
 4.71124e+22	3.64e-23	8.98e-17	2.29e-12	8.09e-09	5.74e-05	1.53e-02	9.85e-01	0.00e+00	0.00e+00	0.00e+00	8.98e-17	1.08e-23	2.28e-65
 4.72623e+22	4.20e-23	1.00e-16	2.47e-12	8.49e-09	5.99e-05	1.58e-02	9.84e-01	0.00e+00	0.00e+00	0.00e+00	1.00e-16	1.20e-23	3.38e-65
 4.73917e+22	4.80e-23	1.11e-16	2.66e-12	8.86e-09	6.24e-05	1.62e-02	9.84e-01	0.00e+00	0.00e+00	0.00e+00	1.11e-16	1.34e-23	4.92e-65
 4.75134e+22	5.50e-23	1.23e-16	2.86e-12	9.25e-09	6.49e-05	1.66e-02	9.83e-01	0.00e+00	0.00e+00	0.00e+00	1.23e-16	1.48e-23	7.17e-65
 4.76325e+22	6.24e-23	1.36e-16	3.07e-12	9.63e-09	6.73e-05	1.70e-02	9.83e-01	0.00e+00	0.00e+00	0.00e+00	1.36e-16	1.63e-23	1.02e-64
 4.77486e+22	7.08e-23	1.49e-16	3.28e-12	1.00e-08	6.99e-05	1.74e-02	9.83e-01	0.00e+00	0.00e+00	0.00e+00	1.49e-16	1.80e-23	1.45e-64
 4.78623e+22	8.04e-23	1.65e-16	3.52e-12	1.04e-08	7.25e-05	1.78e-02	9.82e-01	0.00e+00	0.00e+00	0.00e+00	1.65e-16	1.98e-23	2.07e-64
 4.79752e+22	9.14e-23	1.82e-16	3.77e-12	1.09e-08	7.53e-05	1.83e-02	9.82e-01	0.00e+00	0.00e+00	0.00e+00	1.82e-16	2.19e-23	2.96e-64
 4.81044e+22	1.07e-22	2.05e-16	4.12e-12	1.14e-08	7.90e-05	1.88e-02	9.81e-01	0.00e+00	0.00e+00	0.00e+00	2.05e-16	2.48e-23	4.62e-64
 4.82350e+22	1.24e-22	2.29e-16	4.45e-12	1.20e-08	8.23e-05	1.93e-02	9.81e-01	0.00e+00	0.00e+00	0.00e+00	2.29e-16	2.76e-23	6.90e-64
 4.83452e+22	1.41e-22	2.53e-16	4.77e-12	1.24e-08	8.54e-05	1.98e-02	9.80e-01	0.00e+00	0.00e+00	0.00e+00	2.53e-16	3.05e-23	9.80e-64
 4.84474e+22	1.59e-22	2.78e-16	5.09e-12	1.29e-08	8.85e-05	2.02e-02	9.80e-01	0.00e+00	0.00e+00	0.00e+00	2.78e-16	3.35e-23	1.38e-63
 4.85463e+22	1.80e-22	3.05e-16	5.44e-12	1.34e-08	9.18e-05	2.07e-02	9.79e-01	0.00e+00	0.00e+00	0.00e+00	3.05e-16	3.68e-23	1.93e-63
 4.86596e+22	2.10e-22	3.43e-16	5.92e-12	1.41e-08	9.60e-05	2.13e-02	9.79e-01	0.00e+00	0.00e+00	0.00e+00	3.43e-16	4.14e-23	2.95e-63
 4.87751e+22	2.41e-22	3.82e-16	6.39e-12	1.47e-08	9.99e-05	2.18e-02	9.78e-01	0.00e+00	0.00e+00	0.00e+00	3.82e-16	4.61e-23	4.33e-63
 4.88740e+22	2.73e-22	4.21e-16	6.84e-12	1.53e-08	1.04e-04	2.23e-02	9.78e-01	0.00e+00	0.00e+00	0.00e+00	4.21e-16	5.08e-23	6.10e-63
 4.89831e+22	3.21e-22	4.77e-16	7.48e-12	1.61e-08	1.09e-04	2.29e-02	9.77e-01	0.00e+00	0.00e+00	0.00e+00	4.77e-16	5.75e-23	9.48e-63
 4.90954e+22	3.71e-22	5.33e-16	8.09e-12	1.68e-08	1.13e-04	2.35e-02	9.76e-01	0.00e+00	0.00e+00	0.00e+00	5.33e-16	6.43e-23	1.40e-62
 4.91945e+22	4.25e-22	5.92e-16	8.73e-12	1.76e-08	1.18e-04	2.41e-02	9.76e-01	0.00e+00	0.00e+00	0.00e+00	5.92e-16	7.15e-23	2.03e-62
 4.93061e+22	5.10e-22	6.82e-16	9.66e-12	1.86e-08	1.24e-04	2.48e-02	9.75e-01	0.00e+00	0.00e+00	0.00e+00	6.82e-16	8.23e-23	3.32e-62
 4.94189e+22	5.91e-22	7.66e-16	1.05e-11	1.96e-08	1.29e-04	2.54e-02	9.74e-01	0.00e+00	0.00e+00	0.00e+00	7.66e-16	9.25e-23	4.96e-62
 4.95152e+22	6.82e-22	8.55e-16	1.14e-11	2.05e-08	1.35e-04	2.60e-02	9.74e-01	0.00e+00	0.00e+00	0.00e+00	8.55e-16	1.03e-22	7.25e-62
 4.96222e+22	8.28e-22	9.95e-16	1.27e-11	2.18e-08	1.42e-04	2.69e-02	9.73e-01	0.00e+00	0.00e+00	0.00e+00	9.95e-16	1.20e-22	1.22e-61
 4.97284e+22	9.55e-22	1.11e-15	1.37e-11	2.29e-08	1.48e-04	2.75e-02	9.72e-01	0.00e+00	0.00e+00	0.00e+00	1.11e-15	1.35e-22	1.77e-61
 4.98338e+22	1.17e-21	1.31e-15	1.54e-11	2.45e-08	1.57e-04	2.84e-02	9.71e-01	0.00e+00	0.00e+00	0.00e+00	1.31e-15	1.58e-22	3.03e-61
 4.99361e+22	1.35e-21	1.46e-15	1.67e-11	2.57e-08	1.63e-04	2.90e-02	9.71e-01	0.00e+00	0.00e+00	0.00e+00	1.46e-15	1.76e-22	4.34e-61
 5.00346e+22	1.65e-21	1.72e-15	1.88e-11	2.75e-08	1.73e-04	3.00e-02	9.70e-01	0.00e+00	0.00e+00	0.00e+00	1.72e-15	2.08e-22	7.41e-61
 5.01327e+22	1.91e-21	1.92e-15	2.05e-11	2.90e-08	1.80e-04	3.06e-02	9.69e-01	0.00e+00	0.00e+00	0.00e+00	1.92e-15	2.33e-22	1.07e-60
 5.02305e+22	2.38e-21	2.29e-15	2.33e-11	3.13e-08	1.91e-04	3.16e-02	9.68e-01	0.00e+00	0.00e+00	0.00e+00	2.29e-15	2.77e-22	1.87e-60
 5.03286e+22	2.78e-21	2.59e-15	2.56e-11	3.31e-08	2.00e-04	3.24e-02	9.67e-01	0.00e+00	0.00e+00	0.00e+00	2.59e-15	3.14e-22	2.78e-60
 5.04271e+22	3.50e-21	3.12e-15	2.93e-11	3.60e-08	2.13e-04	3.35e-02	9.66e-01	0.00e+00	0.00e+00	0.00e+00	3.12e-15	3.78e-22	4.95e-60
 5.05268e+22	4.15e-21	3.57e-15	3.24e-11	3.83e-08	2.23e-04	3.43e-02	9.65e-01	0.00e+00	0.00e+00	0.00e+00	3.57e-15	4.32e-22	7.54e-60
 5.06279e+22	5.25e-21	4.32e-15	3.74e-11	4.18e-08	2.38e-04	3.55e-02	9.64e-01	0.00e+00	0.00e+00	0.00e+00	4.32e-15	5.23e-22	1.35e-59
 5.07281e+22	6.30e-21	5.00e-15	4.18e-11	4.48e-08	2.50e-04	3.64e-02	9.63e-01	0.00e+00	0.00e+00	0.00e+00	5.00e-15	6.06e-22	2.11e-59
 5.08273e+22	8.04e-21	6.09e-15	4.85e-11	4.92e-08	2.67e-04	3.76e-02	9.62e-01	0.00e+00	0.00e+00	0.00e+00	6.09e-15	7.38e-22	3.80e-59
 5.09283e+22	9.79e-21	7.14e-15	5.47e-11	5.31e-08	2.82e-04	3.87e-02	9.61e-01	0.00e+00	0.00e+00	0.00e+00	7.14e-15	8.67e-22	6.12e-59
 5.10316e+22	1.27e-20	8.85e-15	6.44e-11	5.89e-08	3.02e-04	4.01e-02	9.60e-01	0.00e+00	0.00e+00	0.00e+00	8.85e-15	1.07e-21	1.15e-58
 5.11357e+22	1.57e-20	1.05e-14	7.33e-11	6.40e-08	3.19e-04	4.12e-02	9.58e-01	0.00e+00	0.00e+00	0.00e+00	1.05e-14	1.27e-21	1.88e-58
 5.12406e+22	2.07e-20	1.31e-14	8.71e-11	7.15e-08	3.44e-04	4.27e-02	9.57e-01	0.00e+00	0.00e+00	0.00e+00	1.31e-14	1.59e-21	3.61e-58
 5.13463e+22	2.56e-20	1.56e-14	9.96e-11	7.79e-08	3.64e-04	4.39e-02	9.56e-01	0.00e+00	0.00e+00	0.00e+00	1.56e-14	1.90e-21	5.95e-58
 5.14379e+22	3.16e-20	1.86e-14	1.14e-10	8.50e-08	3.85e-04	4.52e-02	9.54e-01	0.00e+00	0.00e+00	0.00e+00	1.86e-14	2.26e-21	9.75e-58
 5.15418e+22	4.19e-20	2.35e-14	1.36e-10	9.55e-08	4.15e-04	4.69e-02	9.53e-01	0.00e+00	0.00e+00	0.00e+00	2.35e-14	2.85e-21	1.88e-57
 5.16447e+22	5.11e-20	2.76e-14	1.55e-10	1.04e-07	4.38e-04	4.81e-02	9.51e-01	0.00e+00	0.00e+00	0.00e+00	2.76e-14	3.36e-21	2.97e-57
 5.17463e+22	6.67e-20	3.44e-14	1.83e-10	1.16e-07	4.70e-04	4.98e-02	9.50e-01	0.00e+00	0.00e+00	0.00e+00	3.44e-14	4.19e-21	5.47e-57
 5.18509e+22	8.29e-20	4.12e-14	2.10e-10	1.27e-07	4.98e-04	5.12e-02	9.48e-01	0.00e+00	0.00e+00	0.00e+00	4.12e-14	5.01e-21	9.02e-57
 5.19594e+22	1.10e-19	5.18e-14	2.52e-10	1.43e-07	5.36e-04	5.31e-02	9.46e-01	0.00e+00	0.00e+00	0.00e+00	5.18e-14	6.31e-21	1.70e-56
 5.20698e+22	1.37e-19	6.23e-14	2.90e-10	1.57e-07	5.69e-04	5.46e-02	9.45e-01	0.00e+00	0.00e+00	0.00e+00	6.23e-14	7.58e-21	2.82e-56
 5.21829e+22	1.82e-19	7.89e-14	3.49e-10	1.78e-07	6.14e-04	5.66e-02	9.43e-01	0.00e+00	0.00e+00	0.00e+00	7.89e-14	9.61e-21	5.38e-56
 5.22983e+22	2.27e-19	9.47e-14	4.02e-10	1.95e-07	6.51e-04	5.83e-02	9.41e-01	0.00e+00	0.00e+00	0.00e+00	9.47e-14	1.15e-20	8.87e-56
 5.24166e+22	3.02e-19	1.20e-13	4.84e-10	2.21e-07	7.04e-04	6.05e-02	9.39e-01	0.00e+00	0.00e+00	0.00e+00	1.20e-13	1.46e-20	1.69e-55
 5.25370e+22	3.77e-19	1.44e-13	5.59e-10	2.44e-07	7.47e-04	6.23e-02	9.37e-01	0.00e+00	0.00e+00	0.00e+00	1.44e-13	1.76e-20	2.79e-55
 5.26600e+22	5.01e-19	1.83e-13	6.74e-10	2.76e-07	8.08e-04	6.46e-02	9.35e-01	0.00e+00	0.00e+00	0.00e+00	1.83e-13	2.23e-20	5.31e-55
 5.27837e+22	6.21e-19	2.19e-13	7.75e-10	3.04e-07	8.57e-04	6.65e-02	9.33e-01	0.00e+00	0.00e+00	0.00e+00	2.19e-13	2.67e-20	8.60e-55
 5.29083e+22	8.23e-19	2.77e-13	9.31e-10	3.44e-07	9.26e-04	6.90e-02	9.30e-01	0.00e+00	0.00e+00	0.00e+00	2.77e-13	3.38e-20	1.62e-54
 5.30355e+22	1.01e-18	3.29e-13	1.07e-09	3.77e-07	9.81e-04	7.09e-02	9.28e-01	0.00e+00	0.00e+00	0.00e+00	3.29e-13	4.02e-20	2.58e-54
 5.31470e+22	1.24e-18	3.91e-13	1.22e-09	4.14e-07	1.04e-03	7.29e-02	9.26e-01	0.00e+00	0.00e+00	0.00e+00	3.91e-13	4.78e-20	4.10e-54
 5.32568e+22	3.57e-21	4.63e-13	1.40e-09	4.53e-07	1.10e-03	7.48e-02	9.24e-01	0.00e+00	0.00e+00	0.00e+00	4.63e-13	5.66e-20	7.98e-55
 5.33829e+22	4.70e-21	5.77e-13	1.66e-09	5.10e-07	1.18e-03	7.75e-02	9.21e-01	0.00e+00	0.00e+00	0.00e+00	5.77e-13	7.07e-20	1.32e-54
 5.35092e+22	5.70e-21	6.75e-13	1.88e-09	5.55e-07	1.25e-03	7.95e-02	9.19e-01	0.00e+00	0.00e+00	0.00e+00	6.75e-13	8.27e-20	2.00e-54
 5.36355e+22	7.40e-21	8.34e-13	2.22e-09	6.22e-07	1.34e-03	8.22e-02	9.16e-01	0.00e+00	0.00e+00	0.00e+00	8.34e-13	1.02e-19	3.49e-54
 5.37601e+22	8.89e-21	9.67e-13	2.50e-09	6.74e-07	1.41e-03	8.42e-02	9.14e-01	0.00e+00	0.00e+00	0.00e+00	9.67e-13	1.19e-19	5.16e-54
 5.38825e+22	1.14e-20	1.18e-12	2.93e-09	7.52e-07	1.51e-03	8.70e-02	9.12e-01	0.00e+00	0.00e+00	0.00e+00	1.18e-12	1.45e-19	8.77e-54
 5.40067e+22	1.37e-20	1.37e-12	3.28e-09	8.14e-07	1.59e-03	8.90e-02	9.09e-01	0.00e+00	0.00e+00	0.00e+00	1.37e-12	1.68e-19	1.29e-53
 5.41334e+22	1.76e-20	1.67e-12	3.85e-09	9.08e-07	1.70e-03	9.20e-02	9.06e-01	0.00e+00	0.00e+00	0.00e+00	1.67e-12	2.06e-19	2.18e-53
 5.42625e+22	2.12e-20	1.94e-12	4.33e-09	9.86e-07	1.79e-03	9.42e-02	9.04e-01	0.00e+00	0.00e+00	0.00e+00	1.94e-12	2.39e-19	3.24e-53
 5.43948e+22	2.72e-20	2.38e-12	5.08e-09	1.10e-06	1.92e-03	9.73e-02	9.01e-01	0.00e+00	0.00e+00	0.00e+00	2.38e-12	2.92e-19	5.51e-53
 5.45294e+22	3.29e-20	2.76e-12	5.72e-09	1.20e-06	2.02e-03	9.97e-02	8.98e-01	0.00e+00	0.00e+00	0.00e+00	2.76e-12	3.40e-19	8.19e-53
 5.46671e+22	1.07e-20	3.38e-12	6.73e-09	1.34e-06	2.17e-03	1.03e-01	8.95e-01	0.00e+00	0.00e+00	0.00e+00	3.38e-12	4.17e-19	1.37e-52
 5.48073e+22	1.30e-20	3.93e-12	7.59e-09	1.46e-06	2.29e-03	1.06e-01	8.92e-01	0.00e+00	0.00e+00	0.00e+00	3.93e-12	4.85e-19	2.05e-52
 5.49508e+22	1.68e-20	4.82e-12	8.92e-09	1.63e-06	2.45e-03	1.09e-01	8.88e-01	0.00e+00	0.00e+00	0.00e+00	4.82e-12	5.95e-19	3.50e-52
 5.50911e+22	1.98e-20	5.50e-12	9.91e-09	1.75e-06	2.57e-03	1.12e-01	8.86e-01	0.00e+00	0.00e+00	0.00e+00	5.50e-12	6.79e-19	4.98e-52
 5.52272e+22	2.53e-20	6.69e-12	1.16e-08	1.95e-06	2.75e-03	1.15e-01	8.82e-01	0.00e+00	0.00e+00	0.00e+00	6.69e-12	8.26e-19	8.28e-52
 5.53654e+22	3.00e-20	7.64e-12	1.29e-08	2.11e-06	2.89e-03	1.18e-01	8.79e-01	0.00e+00	0.00e+00	0.00e+00	7.64e-12	9.44e-19	1.18e-51
 5.55063e+22	3.80e-20	9.20e-12	1.49e-08	2.34e-06	3.08e-03	1.21e-01	8.75e-01	0.00e+00	0.00e+00	0.00e+00	9.20e-12	1.14e-18	1.93e-51
 5.56515e+22	4.60e-20	1.07e-11	1.68e-08	2.54e-06	3.25e-03	1.24e-01	8.72e-01	0.00e+00	0.00e+00	0.00e+00	1.07e-11	1.32e-18	2.86e-51
 5.58024e+22	5.82e-20	1.29e-11	1.95e-08	2.82e-06	3.48e-03	1.28e-01	8.68e-01	0.00e+00	0.00e+00	0.00e+00	1.29e-11	1.59e-18	4.68e-51
 5.59582e+22	7.12e-20	1.50e-11	2.21e-08	3.09e-06	3.68e-03	1.32e-01	8.65e-01	0.00e+00	0.00e+00	0.00e+00	1.50e-11	1.87e-18	7.09e-51
 5.61203e+22	9.11e-20	1.82e-11	2.57e-08	3.44e-06	3.94e-03	1.36e-01	8.60e-01	0.00e+00	0.00e+00	0.00e+00	1.82e-11	2.26e-18	1.18e-50
 5.62868e+22	1.12e-19	2.14e-11	2.93e-08	3.77e-06	4.17e-03	1.40e-01	8.56e-01	0.00e+00	0.00e+00	0.00e+00	2.14e-11	2.66e-18	1.81e-50
 5.64589e+22	1.44e-19	2.61e-11	3.43e-08	4.22e-06	4.48e-03	1.44e-01	8.51e-01	0.00e+00	0.00e+00	0.00e+00	2.61e-11	3.25e-18	3.06e-50
 5.66366e+22	1.79e-19	3.08e-11	3.92e-08	4.64e-06	4.76e-03	1.48e-01	8.47e-01	0.00e+00	0.00e+00	0.00e+00	3.08e-11	3.84e-18	4.77e-50
 5.68215e+22	2.34e-19	3.79e-11	4.62e-08	5.22e-06	5.13e-03	1.53e-01	8.42e-01	0.00e+00	0.00e+00	0.00e+00	3.79e-11	4.72e-18	8.26e-50
 5.70120e+22	2.92e-19	4.51e-11	5.31e-08	5.77e-06	5.46e-03	1.58e-01	8.37e-01	0.00e+00	0.00e+00	0.00e+00	4.51e-11	5.63e-18	1.31e-49
 5.71838e+22	3.61e-19	5.30e-11	6.05e-08	6.33e-06	5.80e-03	1.62e-01	8.32e-01	0.00e+00	0.00e+00	0.00e+00	5.30e-11	6.62e-18	2.03e-49
 5.73811e+22	4.83e-19	6.64e-11	7.25e-08	7.20e-06	6.29e-03	1.68e-01	8.26e-01	0.00e+00	0.00e+00	0.00e+00	6.64e-11	8.32e-18	3.69e-49
 5.75795e+22	5.96e-19	7.80e-11	8.25e-08	7.90e-06	6.67e-03	1.72e-01	8.21e-01	0.00e+00	0.00e+00	0.00e+00	7.80e-11	9.79e-18	5.69e-49
 5.77795e+22	7.92e-19	9.73e-11	9.85e-08	8.97e-06	7.22e-03	1.79e-01	8.14e-01	0.00e+00	0.00e+00	0.00e+00	9.73e-11	1.22e-17	1.02e-48
 5.79837e+22	9.96e-19	1.16e-10	1.14e-07	9.92e-06	7.70e-03	1.84e-01	8.08e-01	0.00e+00	0.00e+00	0.00e+00	1.16e-10	1.46e-17	1.63e-48
 5.81935e+22	1.33e-18	1.45e-10	1.36e-07	1.13e-05	8.35e-03	1.91e-01	8.01e-01	0.00e+00	0.00e+00	0.00e+00	1.45e-10	1.83e-17	2.96e-48
 5.84076e+22	1.70e-18	1.76e-10	1.58e-07	1.26e-05	8.94e-03	1.96e-01	7.95e-01	0.00e+00	0.00e+00	0.00e+00	1.76e-10	2.22e-17	4.86e-48
 5.85984e+22	2.16e-18	2.11e-10	1.84e-07	1.40e-05	9.56e-03	2.02e-01	7.88e-01	0.00e+00	0.00e+00	0.00e+00	2.11e-10	2.67e-17	7.90e-48
 5.88173e+22	2.96e-18	2.70e-10	2.24e-07	1.61e-05	1.04e-02	2.10e-01	7.80e-01	0.00e+00	0.00e+00	0.00e+00	2.70e-10	3.42e-17	1.50e-47
 5.90250e+22	3.63e-18	3.16e-10	2.53e-07	1.76e-05	1.10e-02	2.15e-01	7.74e-01	0.00e+00	0.00e+00	0.00e+00	3.16e-10	4.01e-17	2.26e-47
 5.92179e+22	4.85e-18	3.96e-10	3.04e-07	2.00e-05	1.20e-02	2.23e-01	7.65e-01	0.00e+00	0.00e+00	0.00e+00	3.96e-10	5.04e-17	4.05e-47
 5.94111e+22	5.97e-18	4.66e-10	3.46e-07	2.20e-05	1.27e-02	2.28e-01	7.59e-01	0.00e+00	0.00e+00	0.00e+00	4.66e-10	5.93e-17	6.16e-47
 5.96046e+22	7.91e-18	5.80e-10	4.13e-07	2.49e-05	1.37e-02	2.36e-01	7.50e-01	0.00e+00	0.00e+00	0.00e+00	5.80e-10	7.41e-17	1.08e-46
 5.98028e+22	9.96e-18	6.94e-10	4.77e-07	2.76e-05	1.46e-02	2.42e-01	7.43e-01	0.00e+00	0.00e+00	0.00e+00	6.94e-10	8.89e-17	1.71e-46
 6.00069e+22	1.35e-17	8.83e-10	5.79e-07	3.17e-05	1.59e-02	2.51e-01	7.33e-01	0.00e+00	0.00e+00	0.00e+00	8.83e-10	1.13e-16	3.14e-46
 6.02121e+22	1.70e-17	1.06e-09	6.69e-07	3.51e-05	1.70e-02	2.58e-01	7.25e-01	0.00e+00	0.00e+00	0.00e+00	1.06e-09	1.36e-16	4.95e-46
 6.04186e+22	2.32e-17	1.35e-09	8.13e-07	4.04e-05	1.85e-02	2.67e-01	7.15e-01	0.00e+00	0.00e+00	0.00e+00	1.35e-09	1.74e-16	9.08e-46
 6.06291e+22	2.97e-17	1.64e-09	9.51e-07	4.51e-05	1.98e-02	2.74e-01	7.06e-01	0.00e+00	0.00e+00	0.00e+00	1.64e-09	2.11e-16	1.47e-45
 6.08449e+22	4.11e-17	2.11e-09	1.17e-06	5.23e-05	2.16e-02	2.84e-01	6.94e-01	0.00e+00	0.00e+00	0.00e+00	2.11e-09	2.74e-16	2.77e-45
 6.10648e+22	5.34e-17	2.59e-09	1.38e-06	5.88e-05	2.33e-02	2.93e-01	6.84e-01	5.34e-17	7.53e-23	1.80e-23	2.59e-09	3.37e-16	4.57e-45
 6.12901e+22	7.52e-17	3.40e-09	1.72e-06	6.88e-05	2.56e-02	3.04e-01	6.71e-01	7.52e-17	2.65e-21	4.13e-22	3.40e-09	4.43e-16	8.78e-45
 6.15177e+22	9.83e-17	4.20e-09	2.04e-06	7.77e-05	2.76e-02	3.13e-01	6.60e-01	9.83e-17	3.47e-21	5.42e-22	4.20e-09	5.49e-16	1.46e-44
 6.17102e+22	1.26e-16	5.10e-09	2.38e-06	8.70e-05	2.95e-02	3.21e-01	6.50e-01	1.26e-16	4.45e-21	6.95e-22	5.10e-09	6.68e-16	2.32e-44
 6.19201e+22	1.73e-16	6.54e-09	2.92e-06	1.01e-04	3.22e-02	3.32e-01	6.36e-01	1.73e-16	6.12e-21	9.57e-22	6.54e-09	8.61e-16	4.18e-44
 6.21304e+22	2.22e-16	7.95e-09	3.42e-06	1.13e-04	3.45e-02	3.40e-01	6.25e-01	2.22e-16	7.86e-21	1.23e-21	7.95e-09	1.05e-15	6.61e-44
 6.23361e+22	3.01e-16	1.01e-08	4.16e-06	1.30e-04	3.76e-02	3.51e-01	6.12e-01	3.01e-16	1.07e-20	1.67e-21	1.01e-08	1.33e-15	1.15e-43
 6.25459e+22	3.91e-16	1.23e-08	4.91e-06	1.46e-04	4.04e-02	3.60e-01	6.00e-01	3.91e-16	1.39e-20	2.17e-21	1.23e-08	1.64e-15	1.82e-43
 6.27516e+22	5.24e-16	1.54e-08	5.92e-06	1.68e-04	4.38e-02	3.70e-01	5.86e-01	5.24e-16	1.86e-20	2.92e-21	1.54e-08	2.06e-15	3.04e-43
 6.29616e+22	6.86e-16	1.90e-08	7.02e-06	1.90e-04	4.71e-02	3.80e-01	5.73e-01	6.86e-16	2.44e-20	3.83e-21	1.90e-08	2.54e-15	4.85e-43
 6.31683e+22	9.10e-16	2.35e-08	8.38e-06	2.16e-04	5.09e-02	3.90e-01	5.59e-01	9.10e-16	3.24e-20	5.10e-21	2.35e-08	3.16e-15	7.82e-43
 6.33768e+22	1.20e-15	2.88e-08	9.96e-06	2.45e-04	5.48e-02	3.99e-01	5.46e-01	1.20e-15	4.28e-20	6.73e-21	2.88e-08	3.89e-15	1.23e-42
 6.35827e+22	1.58e-15	3.53e-08	1.18e-05	2.78e-04	5.90e-02	4.09e-01	5.32e-01	1.58e-15	5.64e-20	8.88e-21	3.53e-08	4.78e-15	1.92e-42
 6.37881e+22	2.08e-15	4.30e-08	1.39e-05	3.15e-04	6.34e-02	4.18e-01	5.18e-01	2.08e-15	7.44e-20	1.17e-20	4.30e-08	5.85e-15	2.95e-42
 6.39939e+22	2.74e-15	5.22e-08	1.65e-05	3.56e-04	6.81e-02	4.27e-01	5.04e-01	2.74e-15	9.84e-20	1.55e-20	5.22e-08	7.15e-15	4.49e-42
 6.42003e+22	3.63e-15	6.32e-08	1.94e-05	4.02e-04	7.31e-02	4.36e-01	4.90e-01	3.63e-15	1.30e-19	2.06e-20	6.32e-08	8.69e-15	6.76e-42
 6.44076e+22	4.83e-15	7.63e-08	2.28e-05	4.55e-04	7.83e-02	4.45e-01	4.76e-01	4.83e-15	1.74e-19	2.75e-20	7.63e-08	1.05e-14	1.01e-41
 6.46166e+22	6.48e-15	9.18e-08	2.68e-05	5.13e-04	8.39e-02	4.54e-01	4.62e-01	6.48e-15	2.34e-19	3.69e-20	9.18e-08	1.28e-14	1.49e-41
 6.48278e+22	8.79e-15	1.10e-07	3.15e-05	5.79e-04	8.99e-02	4.62e-01	4.48e-01	8.79e-15	3.17e-19	5.02e-20	1.10e-07	1.54e-14	2.20e-41
 6.50401e+22	1.21e-14	1.32e-07	3.68e-05	6.52e-04	9.61e-02	4.70e-01	4.33e-01	1.21e-14	4.36e-19	6.91e-20	1.32e-07	1.85e-14	3.19e-41
 6.52558e+22	1.70e-14	1.58e-07	4.32e-05	7.35e-04	1.03e-01	4.78e-01	4.19e-01	1.70e-14	6.16e-19	9.77e-20	1.58e-07	2.23e-14	4.65e-41
 6.54736e+22	2.44e-14	1.87e-07	5.03e-05	8.27e-04	1.10e-01	4.85e-01	4.05e-01	2.44e-14	8.88e-19	1.41e-19	1.87e-07	2.67e-14	6.67e-41
 6.56958e+22	3.72e-14	2.24e-07	5.90e-05	9.33e-04	1.17e-01	4.92e-01	3.90e-01	3.72e-14	1.36e-18	2.16e-19	2.24e-07	3.20e-14	9.65e-41
 6.59218e+22	5.99e-14	2.65e-07	6.87e-05	1.05e-03	1.25e-01	4.98e-01	3.76e-01	5.98e-14	2.19e-18	3.48e-19	2.65e-07	3.82e-14	1.38e-40
 6.61288e+22	1.00e-13	3.05e-07	7.80e-05	1.16e-03	1.32e-01	5.03e-01	3.64e-01	1.00e-13	3.66e-18	5.84e-19	3.05e-07	4.42e-14	1.87e-40
 6.63451e+22	2.17e-13	3.63e-07	9.16e-05	1.31e-03	1.41e-01	5.09e-01	3.48e-01	2.17e-13	7.95e-18	1.27e-18	3.63e-07	5.31e-14	2.79e-40
 6.65648e+22	5.33e-13	4.16e-07	1.04e-04	1.44e-03	1.49e-01	5.13e-01	3.37e-01	5.33e-13	1.96e-17	3.13e-18	4.16e-07	6.12e-14	4.09e-40
 6.67908e+22	1.42e-11	4.95e-07	1.22e-04	1.63e-03	1.59e-01	5.18e-01	3.21e-01	1.42e-11	5.23e-16	8.37e-17	4.95e-07	7.35e-14	2.79e-39
 6.70174e+22	1.68e-11	5.65e-07	1.37e-04	1.79e-03	1.67e-01	5.21e-01	3.10e-01	1.68e-11	6.21e-16	9.94e-17	5.65e-07	8.43e-14	3.65e-39
 6.72447e+22	2.07e-11	6.67e-07	1.61e-04	2.02e-03	1.78e-01	5.25e-01	2.95e-01	2.07e-11	7.67e-16	1.23e-16	6.67e-07	1.00e-13	5.10e-39
 6.74728e+22	2.41e-11	7.55e-07	1.80e-04	2.21e-03	1.86e-01	5.27e-01	2.84e-01	2.41e-11	8.98e-16	1.44e-16	7.55e-07	1.15e-13	6.61e-39
 6.77020e+22	2.92e-11	8.86e-07	2.10e-04	2.49e-03	1.97e-01	5.30e-01	2.70e-01	2.92e-11	1.09e-15	1.76e-16	8.86e-07	1.36e-13	9.08e-39
 6.79335e+22	3.39e-11	1.00e-06	2.35e-04	2.72e-03	2.07e-01	5.31e-01	2.60e-01	3.38e-11	1.27e-15	2.04e-16	1.00e-06	1.55e-13	1.17e-38
 6.81682e+22	4.06e-11	1.17e-06	2.72e-04	3.05e-03	2.19e-01	5.32e-01	2.46e-01	4.06e-11	1.53e-15	2.46e-16	1.17e-06	1.82e-13	1.59e-38
 6.84059e+22	4.67e-11	1.32e-06	3.05e-04	3.33e-03	2.29e-01	5.32e-01	2.36e-01	4.67e-11	1.76e-15	2.85e-16	1.32e-06	2.07e-13	2.04e-38
 6.86477e+22	5.57e-11	1.53e-06	3.53e-04	3.73e-03	2.42e-01	5.31e-01	2.23e-01	5.57e-11	2.11e-15	3.41e-16	1.53e-06	2.44e-13	2.76e-38
 6.88939e+22	6.38e-11	1.73e-06	3.95e-04	4.08e-03	2.52e-01	5.30e-01	2.13e-01	6.38e-11	2.43e-15	3.93e-16	1.73e-06	2.78e-13	3.55e-38
 6.91458e+22	7.57e-11	2.01e-06	4.57e-04	4.57e-03	2.67e-01	5.28e-01	2.00e-01	7.57e-11	2.89e-15	4.69e-16	2.01e-06	3.27e-13	4.83e-38
 6.94034e+22	8.67e-11	2.27e-06	5.12e-04	5.00e-03	2.78e-01	5.26e-01	1.90e-01	8.67e-11	3.32e-15	5.41e-16	2.27e-06	3.73e-13	6.24e-38
 6.96684e+22	1.03e-10	2.64e-06	5.93e-04	5.61e-03	2.93e-01	5.22e-01	1.78e-01	1.03e-10	3.95e-15	6.45e-16	2.64e-06	4.40e-13	8.54e-38
 6.99386e+22	1.18e-10	2.97e-06	6.65e-04	6.13e-03	3.05e-01	5.19e-01	1.69e-01	1.18e-10	4.55e-15	7.43e-16	2.97e-06	5.02e-13	1.12e-37
 7.01671e+22	1.32e-10	3.30e-06	7.36e-04	6.64e-03	3.17e-01	5.15e-01	1.61e-01	1.32e-10	5.13e-15	8.39e-16	3.30e-06	5.64e-13	1.40e-37
 7.04160e+22	1.53e-10	3.78e-06	8.38e-04	7.35e-03	3.31e-01	5.10e-01	1.50e-01	1.53e-10	5.97e-15	9.79e-16	3.78e-06	6.54e-13	1.88e-37
 7.06570e+22	1.70e-10	4.15e-06	9.18e-04	7.89e-03	3.42e-01	5.06e-01	1.44e-01	1.70e-10	6.65e-15	1.09e-15	4.15e-06	7.27e-13	2.34e-37
 7.08876e+22	1.92e-10	4.67e-06	1.03e-03	8.65e-03	3.56e-01	5.00e-01	1.35e-01	1.92e-10	7.59e-15	1.25e-15	4.67e-06	8.30e-13	3.04e-37
 7.11205e+22	2.14e-10	5.14e-06	1.13e-03	9.26e-03	3.66e-01	4.95e-01	1.29e-01	2.14e-10	8.48e-15	1.40e-15	5.14e-06	9.23e-13	3.82e-37
 7.13565e+22	2.43e-10	5.78e-06	1.27e-03	1.01e-02	3.80e-01	4.88e-01	1.20e-01	2.43e-10	9.67e-15	1.60e-15	5.78e-06	1.05e-12	5.02e-37
 7.15960e+22	2.70e-10	6.36e-06	1.38e-03	1.09e-02	3.91e-01	4.82e-01	1.14e-01	2.70e-10	1.08e-14	1.79e-15	6.36e-06	1.17e-12	6.35e-37
 7.18399e+22	3.06e-10	7.15e-06	1.55e-03	1.19e-02	4.06e-01	4.74e-01	1.07e-01	3.05e-10	1.23e-14	2.05e-15	7.15e-06	1.34e-12	8.42e-37
 7.20874e+22	3.40e-10	7.88e-06	1.70e-03	1.27e-02	4.17e-01	4.68e-01	1.01e-01	3.40e-10	1.38e-14	2.29e-15	7.88e-06	1.50e-12	1.08e-36
 7.23394e+22	3.85e-10	8.86e-06	1.90e-03	1.39e-02	4.32e-01	4.59e-01	9.39e-02	3.85e-10	1.57e-14	2.62e-15	8.86e-06	1.72e-12	1.45e-36
 7.25957e+22	4.29e-10	9.77e-06	2.08e-03	1.49e-02	4.43e-01	4.51e-01	8.87e-02	4.29e-10	1.76e-14	2.95e-15	9.77e-06	1.92e-12	1.88e-36
 7.28576e+22	4.86e-10	1.10e-05	2.34e-03	1.63e-02	4.58e-01	4.41e-01	8.20e-02	4.86e-10	2.01e-14	3.37e-15	1.10e-05	2.21e-12	2.55e-36
 7.31252e+22	5.43e-10	1.22e-05	2.56e-03	1.75e-02	4.70e-01	4.33e-01	7.71e-02	5.43e-10	2.26e-14	3.80e-15	1.22e-05	2.48e-12	3.37e-36
 7.34002e+22	6.17e-10	1.37e-05	2.88e-03	1.91e-02	4.85e-01	4.22e-01	7.09e-02	6.17e-10	2.59e-14	4.37e-15	1.37e-05	2.86e-12	4.67e-36
 7.36825e+22	6.90e-10	1.52e-05	3.17e-03	2.05e-02	4.97e-01	4.13e-01	6.62e-02	6.90e-10	2.92e-14	4.94e-15	1.52e-05	3.23e-12	6.24e-36
 7.39742e+22	7.91e-10	1.73e-05	3.58e-03	2.25e-02	5.13e-01	4.00e-01	6.05e-02	7.91e-10	3.38e-14	5.74e-15	1.73e-05	3.76e-12	8.97e-36
 7.42690e+22	8.87e-10	1.92e-05	3.93e-03	2.41e-02	5.25e-01	3.91e-01	5.64e-02	8.87e-10	3.82e-14	6.50e-15	1.92e-05	4.26e-12	1.22e-35
 7.45679e+22	1.02e-09	2.18e-05	4.43e-03	2.65e-02	5.40e-01	3.78e-01	5.13e-02	1.02e-09	4.42e-14	7.55e-15	2.18e-05	4.97e-12	1.77e-35
 7.48703e+22	1.14e-09	2.43e-05	4.86e-03	2.83e-02	5.51e-01	3.68e-01	4.76e-02	1.14e-09	5.02e-14	8.60e-15	2.43e-05	5.64e-12	2.44e-35
 7.51771e+22	1.31e-09	2.76e-05	5.47e-03	3.10e-02	5.66e-01	3.54e-01	4.31e-02	1.31e-09	5.81e-14	1.00e-14	2.76e-05	6.59e-12	3.60e-35
 7.54888e+22	1.48e-09	3.08e-05	6.01e-03	3.31e-02	5.77e-01	3.44e-01	3.99e-02	1.48e-09	6.63e-14	1.14e-14	3.08e-05	7.51e-12	5.04e-35
 7.57641e+22	1.64e-09	3.41e-05	6.59e-03	3.55e-02	5.88e-01	3.33e-01	3.68e-02	1.64e-09	7.46e-14	1.29e-14	3.41e-05	8.50e-12	6.93e-35
 7.60793e+22	1.90e-09	3.89e-05	7.41e-03	3.86e-02	6.01e-01	3.20e-01	3.32e-02	1.90e-09	8.73e-14	1.52e-14	3.89e-05	1.00e-11	1.06e-34
 7.64002e+22	2.12e-09	4.32e-05	8.13e-03	4.14e-02	6.11e-01	3.09e-01	3.04e-02	2.12e-09	9.85e-14	1.72e-14	4.32e-05	1.14e-11	1.48e-34
 7.66601e+22	2.35e-09	4.74e-05	8.80e-03	4.38e-02	6.19e-01	3.00e-01	2.82e-02	2.35e-09	1.10e-13	1.93e-14	4.74e-05	1.28e-11	1.99e-34
 7.69294e+22	2.65e-09	5.29e-05	9.66e-03	4.68e-02	6.29e-01	2.89e-01	2.59e-02	2.65e-09	1.26e-13	2.21e-14	5.29e-05	1.46e-11	2.86e-34
 7.72126e+22	2.95e-09	5.83e-05	1.05e-02	4.96e-02	6.37e-01	2.79e-01	2.39e-02	2.95e-09	1.42e-13	2.50e-14	5.83e-05	1.65e-11	3.94e-34
 7.74726e+22	3.27e-09	6.40e-05	1.14e-02	5.25e-02	6.44e-01	2.70e-01	2.21e-02	3.27e-09	1.59e-13	2.81e-14	6.40e-05	1.85e-11	5.41e-34
 7.77694e+22	3.73e-09	7.23e-05	1.26e-02	5.63e-02	6.53e-01	2.58e-01	2.00e-02	3.73e-09	1.84e-13	3.27e-14	7.23e-05	2.16e-11	8.13e-34
 7.80739e+22	4.15e-09	7.99e-05	1.37e-02	5.99e-02	6.60e-01	2.48e-01	1.82e-02	4.15e-09	2.08e-13	3.70e-14	7.99e-05	2.45e-11	1.14e-33
 7.83411e+22	4.63e-09	8.80e-05	1.48e-02	6.32e-02	6.66e-01	2.39e-01	1.68e-02	4.63e-09	2.34e-13	4.19e-14	8.80e-05	2.77e-11	1.59e-33
 7.86415e+22	5.30e-09	9.93e-05	1.63e-02	6.75e-02	6.73e-01	2.28e-01	1.51e-02	5.30e-09	2.72e-13	4.90e-14	9.93e-05	3.23e-11	2.42e-33
 7.89556e+22	5.92e-09	1.10e-04	1.78e-02	7.18e-02	6.79e-01	2.18e-01	1.37e-02	5.92e-09	3.09e-13	5.58e-14	1.10e-04	3.70e-11	3.48e-33
 7.92394e+22	6.64e-09	1.22e-04	1.93e-02	7.58e-02	6.83e-01	2.09e-01	1.25e-02	6.64e-09	3.51e-13	6.36e-14	1.22e-04	4.21e-11	4.95e-33
 7.95600e+22	7.67e-09	1.39e-04	2.14e-02	8.11e-02	6.89e-01	1.98e-01	1.12e-02	7.67e-09	4.14e-13	7.53e-14	1.39e-04	4.97e-11	7.78e-33
 7.98908e+22	8.61e-09	1.55e-04	2.33e-02	8.61e-02	6.92e-01	1.88e-01	1.00e-02	8.61e-09	4.73e-13	8.63e-14	1.55e-04	5.72e-11	1.14e-32
 8.01852e+22	9.70e-09	1.72e-04	2.53e-02	9.09e-02	6.95e-01	1.79e-01	9.11e-03	9.70e-09	5.41e-13	9.92e-14	1.72e-04	6.56e-11	1.65e-32
 8.05186e+22	1.13e-08	1.97e-04	2.80e-02	9.71e-02	6.98e-01	1.69e-01	8.05e-03	1.13e-08	6.43e-13	1.18e-13	1.97e-04	7.80e-11	2.66e-32
 8.08651e+22	1.28e-08	2.21e-04	3.06e-02	1.03e-01	7.00e-01	1.59e-01	7.18e-03	1.28e-08	7.44e-13	1.38e-13	2.21e-04	9.08e-11	4.01e-32
 8.11771e+22	1.45e-08	2.46e-04	3.33e-02	1.09e-01	7.00e-01	1.51e-01	6.45e-03	1.45e-08	8.58e-13	1.59e-13	2.46e-04	1.05e-10	5.95e-32
 8.15313e+22	1.70e-08	2.84e-04	3.70e-02	1.16e-01	7.00e-01	1.41e-01	5.61e-03	1.70e-08	1.03e-12	1.93e-13	2.84e-04	1.26e-10	9.89e-32
 8.18947e+22	1.94e-08	3.19e-04	4.04e-02	1.23e-01	6.99e-01	1.32e-01	4.98e-03	1.94e-08	1.20e-12	2.26e-13	3.19e-04	1.48e-10	1.51e-31
 8.22208e+22	2.21e-08	3.58e-04	4.40e-02	1.30e-01	6.97e-01	1.25e-01	4.43e-03	2.21e-08	1.40e-12	2.64e-13	3.58e-04	1.72e-10	2.30e-31
 8.25955e+22	2.62e-08	4.16e-04	4.90e-02	1.38e-01	6.93e-01	1.15e-01	3.79e-03	2.62e-08	1.71e-12	3.23e-13	4.16e-04	2.10e-10	3.95e-31
