#depth	Cl	Cl+	Cl+2	Cl+3	Cl+4	Cl+5	Cl+6	Cl+7	Cl+8	Cl+9	Cl+10	Cl+11	Cl+12	Cl+13	Cl+14	Cl+15	Cl+16	Cl+17
 4.62852e+21	0.00e+00	0.00e+00	0.00e+00	0.00e+00	0.00e+00	0.00e+00	0.00e+00	0.00e+00	0.00e+00	2.48e-23	7.61e-20	1.40e-16	1.40e-13	8.99e-11	6.36e-08	8.29e-05	1.59e-02	9.84e-01
 1.05257e+22	0.00e+00	0.00e+00	0.00e+00	0.00e+00	0.00e+00	0.00e+00	0.00e+00	0.00e+00	8.90e-26	4.10e-22	8.73e-19	1.15e-15	8.41e-13	3.76e-10	1.86e-07	1.69e-04	2.26e-02	9.77e-01
 1.26407e+22	0.00e+00	0.00e+00	0.00e+00	0.00e+00	0.00e+00	0.00e+00	0.00e+00	9.02e-29	7.59e-25	2.74e-21	4.59e-18	4.73e-15	2.73e-12	9.65e-10	3.76e-07	2.70e-04	2.85e-02	9.71e-01
 1.41642e+22	0.00e+00	0.00e+00	0.00e+00	0.00e+00	0.00e+00	0.00e+00	0.00e+00	6.10e-28	4.22e-24	1.26e-20	1.73e-17	1.47e-14	7.03e-12	2.05e-09	6.62e-07	3.93e-04	3.43e-02	9.65e-01
 1.50465e+22	0.00e+00	0.00e+00	0.00e+00	0.00e+00	0.00e+00	0.00e+00	0.00e+00	1.06e-27	6.90e-24	1.94e-20	2.55e-17	2.04e-14	9.23e-12	2.55e-09	7.79e-07	4.38e-04	3.62e-02	9.63e-01
 1.55186e+22	0.00e+00	0.00e+00	0.00e+00	0.00e+00	0.00e+00	0.00e+00	0.00e+00	2.22e-27	1.34e-23	3.49e-20	4.26e-17	3.17e-14	1.33e-11	3.42e-09	9.69e-07	5.06e-04	3.89e-02	9.61e-01
 1.60311e+22	0.00e+00	0.00e+00	0.00e+00	0.00e+00	0.00e+00	0.00e+00	0.00e+00	4.38e-27	2.47e-23	5.99e-20	6.82e-17	4.74e-14	1.86e-11	4.46e-09	1.18e-06	5.78e-04	4.15e-02	9.58e-01
 1.64741e+22	0.00e+00	0.00e+00	0.00e+00	0.00e+00	0.00e+00	0.00e+00	0.00e+00	7.61e-27	4.05e-23	9.29e-20	1.00e-16	6.57e-14	2.43e-11	5.54e-09	1.39e-06	6.43e-04	4.37e-02	9.56e-01
 1.69280e+22	0.00e+00	0.00e+00	0.00e+00	0.00e+00	0.00e+00	0.00e+00	0.00e+00	1.54e-26	7.63e-23	1.63e-19	1.63e-16	9.96e-14	3.44e-11	7.30e-09	1.71e-06	7.38e-04	4.67e-02	9.53e-01
 1.73877e+22	0.00e+00	0.00e+00	0.00e+00	0.00e+00	0.00e+00	0.00e+00	0.00e+00	2.73e-26	1.27e-22	2.56e-19	2.42e-16	1.40e-13	4.55e-11	9.14e-09	2.02e-06	8.24e-04	4.93e-02	9.50e-01
 1.77876e+22	0.00e+00	0.00e+00	0.00e+00	0.00e+00	0.00e+00	0.00e+00	0.00e+00	4.75e-26	2.09e-22	3.97e-19	3.55e-16	1.93e-13	5.96e-11	1.13e-08	2.38e-06	9.17e-04	5.19e-02	9.47e-01
 1.82400e+22	0.00e+00	0.00e+00	0.00e+00	0.00e+00	0.00e+00	0.00e+00	6.70e-30	9.59e-26	3.92e-22	6.93e-19	5.76e-16	2.92e-13	8.40e-11	1.49e-08	2.92e-06	1.05e-03	5.55e-02	9.43e-01
 1.86986e+22	0.00e+00	0.00e+00	0.00e+00	0.00e+00	0.00e+00	0.00e+00	1.26e-29	1.69e-25	6.53e-22	1.09e-18	8.54e-16	4.09e-13	1.11e-10	1.86e-08	3.44e-06	1.17e-03	5.85e-02	9.40e-01
 1.90993e+22	0.00e+00	0.00e+00	0.00e+00	0.00e+00	0.00e+00	0.00e+00	2.31e-29	2.94e-25	1.07e-21	1.69e-18	1.25e-15	5.66e-13	1.45e-10	2.31e-08	4.04e-06	1.30e-03	6.16e-02	9.37e-01
 1.95542e+22	0.00e+00	0.00e+00	0.00e+00	0.00e+00	0.00e+00	0.00e+00	5.14e-29	6.06e-25	2.05e-21	2.99e-18	2.06e-15	8.66e-13	2.07e-10	3.06e-08	4.99e-06	1.50e-03	6.59e-02	9.33e-01
 2.00087e+22	0.00e+00	0.00e+00	0.00e+00	0.00e+00	0.00e+00	0.00e+00	9.36e-29	1.04e-24	3.32e-21	4.59e-18	2.99e-15	1.19e-12	2.69e-10	3.77e-08	5.84e-06	1.66e-03	6.93e-02	9.29e-01
 2.04625e+22	0.00e+00	0.00e+00	0.00e+00	0.00e+00	0.00e+00	0.00e+00	2.06e-28	2.13e-24	6.30e-21	8.09e-18	4.90e-15	1.81e-12	3.81e-10	4.98e-08	7.18e-06	1.90e-03	7.40e-02	9.24e-01
 2.08810e+22	0.00e+00	0.00e+00	0.00e+00	0.00e+00	0.00e+00	0.00e+00	3.46e-28	3.40e-24	9.57e-21	1.17e-17	6.78e-15	2.39e-12	4.79e-10	5.98e-08	8.23e-06	2.08e-03	7.72e-02	9.21e-01
 2.12535e+22	0.00e+00	0.00e+00	0.00e+00	0.00e+00	0.00e+00	0.00e+00	6.34e-28	5.87e-24	1.56e-20	1.81e-17	9.86e-15	3.29e-12	6.24e-10	7.38e-08	9.63e-06	2.31e-03	8.11e-02	9.17e-01
 2.16498e+22	0.00e+00	0.00e+00	0.00e+00	0.00e+00	0.00e+00	0.00e+00	1.13e-27	9.94e-24	2.50e-20	2.74e-17	1.42e-14	4.48e-12	8.07e-10	9.06e-08	1.12e-05	2.55e-03	8.51e-02	9.12e-01
 2.19984e+22	0.00e+00	0.00e+00	0.00e+00	0.00e+00	0.00e+00	0.00e+00	1.89e-27	1.58e-23	3.79e-20	3.96e-17	1.95e-14	5.87e-12	1.01e-09	1.08e-07	1.28e-05	2.79e-03	8.87e-02	9.08e-01
 2.23730e+22	0.00e+00	0.00e+00	0.00e+00	0.00e+00	0.00e+00	0.00e+00	3.48e-27	2.74e-23	6.20e-20	6.12e-17	2.85e-14	8.10e-12	1.32e-09	1.34e-07	1.50e-05	3.09e-03	9.32e-02	9.04e-01
 2.27666e+22	0.00e+00	0.00e+00	0.00e+00	0.00e+00	0.00e+00	0.00e+00	6.22e-27	4.63e-23	9.91e-20	9.26e-17	4.09e-14	1.10e-11	1.70e-09	1.64e-07	1.75e-05	3.42e-03	9.77e-02	8.99e-01
 2.31148e+22	0.00e+00	0.00e+00	0.00e+00	0.00e+00	0.00e+00	2.29e-30	1.04e-26	7.37e-23	1.50e-19	1.34e-16	5.63e-14	1.45e-11	2.13e-09	1.96e-07	2.00e-05	3.73e-03	1.02e-01	8.94e-01
 2.34975e+22	0.00e+00	0.00e+00	0.00e+00	0.00e+00	0.00e+00	4.48e-30	1.93e-26	1.29e-22	2.47e-19	2.08e-16	8.24e-14	2.00e-11	2.78e-09	2.43e-07	2.34e-05	4.14e-03	1.07e-01	8.89e-01
 2.38972e+22	0.00e+00	0.00e+00	0.00e+00	0.00e+00	0.00e+00	8.39e-30	3.43e-26	2.17e-22	3.95e-19	3.14e-16	1.18e-13	2.72e-11	3.59e-09	2.97e-07	2.72e-05	4.57e-03	1.12e-01	8.83e-01
 2.42189e+22	0.00e+00	0.00e+00	0.00e+00	0.00e+00	0.00e+00	1.38e-29	5.43e-26	3.29e-22	5.73e-19	4.36e-16	1.57e-13	3.47e-11	4.38e-09	3.49e-07	3.06e-05	4.93e-03	1.16e-01	8.79e-01
 2.44941e+22	0.00e+00	0.00e+00	0.00e+00	0.00e+00	0.00e+00	2.18e-29	8.28e-26	4.81e-22	8.05e-19	5.89e-16	2.04e-13	4.33e-11	5.27e-09	4.04e-07	3.41e-05	5.30e-03	1.20e-01	8.75e-01
 2.48086e+22	0.00e+00	0.00e+00	0.00e+00	0.00e+00	0.00e+00	3.72e-29	1.35e-25	7.49e-22	1.20e-18	8.35e-16	2.76e-13	5.59e-11	6.51e-09	4.78e-07	3.87e-05	5.75e-03	1.25e-01	8.69e-01
 2.51550e+22	0.00e+00	0.00e+00	0.00e+00	0.00e+00	0.00e+00	6.42e-29	2.24e-25	1.18e-21	1.79e-18	1.19e-15	3.78e-13	7.29e-11	8.10e-09	5.69e-07	4.40e-05	6.25e-03	1.30e-01	8.64e-01
 2.54790e+22	0.00e+00	0.00e+00	0.00e+00	0.00e+00	0.00e+00	1.08e-28	3.62e-25	1.82e-21	2.65e-18	1.68e-15	5.09e-13	9.39e-11	9.99e-09	6.72e-07	4.98e-05	6.78e-03	1.35e-01	8.59e-01
 2.57794e+22	0.00e+00	0.00e+00	0.00e+00	0.00e+00	0.00e+00	1.77e-28	5.68e-25	2.74e-21	3.82e-18	2.33e-15	6.74e-13	1.19e-10	1.22e-08	7.86e-07	5.59e-05	7.31e-03	1.39e-01	8.53e-01
 2.61129e+22	0.00e+00	0.00e+00	0.00e+00	0.00e+00	0.00e+00	3.21e-28	9.86e-25	4.51e-21	5.96e-18	3.45e-15	9.48e-13	1.59e-10	1.54e-08	9.50e-07	6.44e-05	8.01e-03	1.45e-01	8.47e-01
 2.64566e+22	0.00e+00	0.00e+00	0.00e+00	0.00e+00	0.00e+00	5.40e-28	1.59e-24	6.94e-21	8.76e-18	4.85e-15	1.27e-12	2.05e-10	1.90e-08	1.12e-06	7.27e-05	8.67e-03	1.51e-01	8.41e-01
 2.67622e+22	0.00e+00	0.00e+00	0.00e+00	0.00e+00	0.00e+00	8.88e-28	2.51e-24	1.05e-20	1.27e-17	6.72e-15	1.69e-12	2.61e-10	2.32e-08	1.31e-06	8.17e-05	9.35e-03	1.56e-01	8.35e-01
 2.70593e+22	0.00e+00	0.00e+00	0.00e+00	0.00e+00	0.00e+00	1.44e-27	3.93e-24	1.57e-20	1.82e-17	9.24e-15	2.23e-12	3.29e-10	2.82e-08	1.53e-06	9.16e-05	1.01e-02	1.61e-01	8.29e-01
 2.73359e+22	0.00e+00	0.00e+00	0.00e+00	0.00e+00	0.00e+00	2.22e-27	5.84e-24	2.25e-20	2.51e-17	1.23e-14	2.85e-12	4.06e-10	3.34e-08	1.75e-06	1.01e-04	1.07e-02	1.66e-01	8.23e-01
 2.76343e+22	0.00e+00	0.00e+00	0.00e+00	0.00e+00	8.39e-31	3.69e-27	9.34e-24	3.44e-20	3.67e-17	1.71e-14	3.81e-12	5.19e-10	4.09e-08	2.06e-06	1.14e-04	1.16e-02	1.72e-01	8.17e-01
 2.79479e+22	0.00e+00	0.00e+00	0.00e+00	0.00e+00	1.42e-30	6.01e-27	1.46e-23	5.16e-20	5.27e-17	2.36e-14	5.03e-12	6.57e-10	4.97e-08	2.40e-06	1.28e-04	1.25e-02	1.77e-01	8.10e-01
 2.82232e+22	0.00e+00	0.00e+00	0.00e+00	0.00e+00	2.27e-30	9.32e-27	2.19e-23	7.45e-20	7.31e-17	3.15e-14	6.47e-12	8.12e-10	5.92e-08	2.76e-06	1.42e-04	1.33e-02	1.83e-01	8.04e-01
 2.85230e+22	0.00e+00	0.00e+00	0.00e+00	0.00e+00	3.98e-30	1.57e-26	3.54e-23	1.15e-19	1.07e-16	4.42e-14	8.68e-12	1.04e-09	7.27e-08	3.25e-06	1.60e-04	1.44e-02	1.89e-01	7.96e-01
 2.88318e+22	0.00e+00	0.00e+00	0.00e+00	0.00e+00	6.64e-30	2.52e-26	5.47e-23	1.70e-19	1.53e-16	6.05e-14	1.14e-11	1.31e-09	8.79e-08	3.77e-06	1.78e-04	1.55e-02	1.95e-01	7.89e-01
 2.90962e+22	0.00e+00	0.00e+00	0.00e+00	0.00e+00	1.04e-29	3.84e-26	8.07e-23	2.42e-19	2.10e-16	7.98e-14	1.45e-11	1.61e-09	1.04e-07	4.31e-06	1.97e-04	1.65e-02	2.00e-01	7.83e-01
 2.93841e+22	0.00e+00	0.00e+00	0.00e+00	0.00e+00	1.78e-29	6.31e-26	1.28e-22	3.66e-19	3.03e-16	1.10e-13	1.92e-11	2.04e-09	1.26e-07	5.03e-06	2.20e-04	1.77e-02	2.07e-01	7.75e-01
 2.96914e+22	0.00e+00	0.00e+00	0.00e+00	0.00e+00	2.97e-29	1.02e-25	1.98e-22	5.44e-19	4.32e-16	1.51e-13	2.52e-11	2.57e-09	1.53e-07	5.84e-06	2.46e-04	1.90e-02	2.13e-01	7.68e-01
 2.99694e+22	0.00e+00	0.00e+00	0.00e+00	0.00e+00	4.80e-29	1.58e-25	2.98e-22	7.88e-19	6.02e-16	2.02e-13	3.24e-11	3.19e-09	1.82e-07	6.72e-06	2.72e-04	2.03e-02	2.19e-01	7.60e-01
 3.02191e+22	0.00e+00	0.00e+00	0.00e+00	0.00e+00	7.35e-29	2.35e-25	4.28e-22	1.10e-18	8.08e-16	2.62e-13	4.06e-11	3.85e-09	2.13e-07	7.61e-06	2.98e-04	2.15e-02	2.25e-01	7.54e-01
 3.04510e+22	0.00e+00	0.00e+00	0.00e+00	0.00e+00	1.09e-28	3.40e-25	6.02e-22	1.49e-18	1.06e-15	3.34e-13	5.01e-11	4.60e-09	2.47e-07	8.53e-06	3.25e-04	2.27e-02	2.30e-01	7.47e-01
 3.07174e+22	0.00e+00	0.00e+00	0.00e+00	0.00e+00	1.76e-28	5.31e-25	9.08e-22	2.16e-18	1.48e-15	4.47e-13	6.45e-11	5.69e-09	2.94e-07	9.79e-06	3.59e-04	2.42e-02	2.36e-01	7.39e-01
 3.10044e+22	0.00e+00	0.00e+00	0.00e+00	0.00e+00	1.40e-28	4.06e-25	6.69e-22	3.14e-18	2.07e-15	5.99e-13	8.32e-11	7.07e-09	3.51e-07	1.13e-05	3.98e-04	2.58e-02	2.43e-01	7.31e-01
 3.12630e+22	0.00e+00	0.00e+00	0.00e+00	0.00e+00	4.44e-28	1.25e-24	2.00e-21	4.41e-18	2.80e-15	7.84e-13	1.05e-10	8.61e-09	4.13e-07	1.28e-05	4.37e-04	2.74e-02	2.49e-01	7.24e-01
 3.15441e+22	0.00e+00	0.00e+00	0.00e+00	0.00e+00	3.65e-28	9.94e-25	1.53e-21	6.61e-18	4.02e-15	1.08e-12	1.38e-10	1.09e-08	4.99e-07	1.49e-05	4.87e-04	2.93e-02	2.56e-01	7.15e-01
 3.18293e+22	0.00e+00	0.00e+00	0.00e+00	0.00e+00	5.84e-28	1.54e-24	2.28e-21	9.49e-18	5.56e-15	1.43e-12	1.77e-10	1.34e-08	5.94e-07	1.70e-05	5.38e-04	3.12e-02	2.62e-01	7.06e-01
 3.20675e+22	0.00e+00	0.00e+00	0.00e+00	0.00e+00	8.77e-28	2.24e-24	3.23e-21	1.30e-17	7.35e-15	1.83e-12	2.19e-10	1.61e-08	6.89e-07	1.91e-05	5.86e-04	3.29e-02	2.68e-01	6.99e-01
 3.23248e+22	0.00e+00	0.00e+00	0.00e+00	0.00e+00	1.41e-27	3.47e-24	4.84e-21	1.87e-17	1.02e-14	2.44e-12	2.81e-10	1.98e-08	8.18e-07	2.19e-05	6.46e-04	3.50e-02	2.75e-01	6.90e-01
 3.26032e+22	0.00e+00	0.00e+00	0.00e+00	6.05e-31	2.26e-27	5.39e-24	7.25e-21	2.70e-17	1.41e-14	3.26e-12	3.61e-10	2.45e-08	9.72e-07	2.51e-05	7.13e-04	3.73e-02	2.81e-01	6.81e-01
 3.28573e+22	0.00e+00	0.00e+00	0.00e+00	9.51e-31	3.44e-27	7.98e-24	1.04e-20	3.74e-17	1.89e-14	4.22e-12	4.51e-10	2.95e-08	1.13e-06	2.83e-05	7.79e-04	3.94e-02	2.87e-01	6.72e-01
 3.30923e+22	0.00e+00	0.00e+00	0.00e+00	1.46e-30	5.14e-27	1.16e-23	1.47e-20	5.11e-17	2.50e-14	5.39e-12	5.58e-10	3.53e-08	1.31e-06	3.18e-05	8.47e-04	4.15e-02	2.93e-01	6.65e-01
 3.33538e+22	0.00e+00	0.00e+00	0.00e+00	2.42e-30	8.23e-27	1.80e-23	2.20e-20	7.36e-17	3.46e-14	7.17e-12	7.14e-10	4.35e-08	1.56e-06	3.64e-05	9.33e-04	4.40e-02	3.00e-01	6.55e-01
 3.36291e+22	0.00e+00	0.00e+00	0.00e+00	3.93e-30	1.30e-26	2.74e-23	3.24e-20	1.05e-16	4.73e-14	9.46e-12	9.08e-10	5.33e-08	1.84e-06	4.14e-05	1.02e-03	4.67e-02	3.07e-01	6.46e-01
 3.38714e+22	0.00e+00	0.00e+00	0.00e+00	6.10e-30	1.96e-26	4.02e-23	4.61e-20	1.44e-16	6.29e-14	1.22e-11	1.13e-09	6.40e-08	2.14e-06	4.66e-05	1.12e-03	4.92e-02	3.13e-01	6.37e-01
 3.41356e+22	0.00e+00	0.00e+00	0.00e+00	1.02e-29	3.17e-26	6.30e-23	6.98e-20	2.09e-16	8.79e-14	1.63e-11	1.45e-09	7.93e-08	2.55e-06	5.34e-05	1.23e-03	5.23e-02	3.20e-01	6.27e-01
 3.44159e+22	0.00e+00	0.00e+00	0.00e+00	1.68e-29	5.05e-26	9.70e-23	1.04e-19	3.00e-16	1.21e-13	2.17e-11	1.86e-09	9.76e-08	3.02e-06	6.10e-05	1.35e-03	5.54e-02	3.27e-01	6.17e-01
 3.46602e+22	0.00e+00	0.00e+00	0.00e+00	2.61e-29	7.63e-26	1.42e-22	1.47e-19	4.12e-16	1.61e-13	2.78e-11	2.31e-09	1.17e-07	3.51e-06	6.86e-05	1.47e-03	5.84e-02	3.33e-01	6.07e-01
 3.48824e+22	0.00e+00	0.00e+00	0.00e+00	3.93e-29	1.12e-25	2.03e-22	2.04e-19	5.53e-16	2.10e-13	3.51e-11	2.82e-09	1.39e-07	4.03e-06	7.64e-05	1.59e-03	6.12e-02	3.38e-01	5.99e-01
 3.51325e+22	0.00e+00	0.00e+00	0.00e+00	6.41e-29	1.77e-25	3.10e-22	3.03e-19	7.89e-16	2.88e-13	4.64e-11	3.59e-09	1.70e-07	4.76e-06	8.69e-05	1.75e-03	6.47e-02	3.45e-01	5.89e-01
 3.53992e+22	0.00e+00	0.00e+00	0.00e+00	1.02e-28	2.72e-25	4.64e-22	4.38e-19	1.10e-15	3.88e-13	6.04e-11	4.51e-09	2.07e-07	5.57e-06	9.83e-05	1.91e-03	6.83e-02	3.51e-01	5.79e-01
 3.56434e+22	0.00e+00	0.00e+00	0.00e+00	9.20e-29	2.39e-25	3.95e-22	6.24e-19	1.52e-15	5.17e-13	7.78e-11	5.62e-09	2.49e-07	6.48e-06	1.11e-04	2.08e-03	7.18e-02	3.57e-01	5.69e-01
 3.59170e+22	0.00e+00	0.00e+00	0.00e+00	1.57e-28	3.94e-25	6.30e-22	9.59e-19	2.24e-15	7.32e-13	1.06e-10	7.32e-09	3.10e-07	7.76e-06	1.27e-04	2.29e-03	7.63e-02	3.64e-01	5.57e-01
 3.62020e+22	0.00e+00	0.00e+00	0.00e+00	2.65e-28	6.41e-25	9.87e-22	1.45e-18	3.26e-15	1.02e-12	1.42e-10	9.46e-09	3.86e-07	9.28e-06	1.46e-04	2.53e-03	8.09e-02	3.71e-01	5.45e-01
 3.64352e+22	0.00e+00	0.00e+00	0.00e+00	3.95e-28	9.32e-25	1.40e-21	1.99e-18	4.35e-15	1.32e-12	1.78e-10	1.15e-08	4.55e-07	1.06e-05	1.62e-04	2.73e-03	8.46e-02	3.76e-01	5.36e-01
 3.66718e+22	0.00e+00	0.00e+00	0.00e+00	6.33e-28	1.45e-24	2.11e-21	2.89e-18	6.11e-15	1.79e-12	2.33e-10	1.45e-08	5.53e-07	1.24e-05	1.83e-04	2.98e-03	8.91e-02	3.82e-01	5.26e-01
 3.69273e+22	0.00e+00	0.00e+00	0.00e+00	9.95e-28	2.21e-24	3.11e-21	4.14e-18	8.46e-15	2.40e-12	3.01e-10	1.81e-08	6.67e-07	1.45e-05	2.07e-04	3.24e-03	9.36e-02	3.88e-01	5.15e-01
 3.71673e+22	0.00e+00	0.00e+00	2.11e-31	1.55e-27	3.33e-24	4.56e-21	5.86e-18	1.16e-14	3.18e-12	3.86e-10	2.25e-08	8.01e-07	1.68e-05	2.32e-04	3.51e-03	9.82e-02	3.93e-01	5.05e-01
 3.74394e+22	0.00e+00	0.00e+00	3.72e-31	2.64e-27	5.49e-24	7.25e-21	8.97e-18	1.71e-14	4.50e-12	5.23e-10	2.92e-08	1.00e-06	2.02e-05	2.66e-04	3.87e-03	1.04e-01	4.00e-01	4.92e-01
 3.77205e+22	0.00e+00	0.00e+00	6.43e-31	4.42e-27	8.87e-24	1.13e-20	1.34e-17	2.47e-14	6.25e-12	7.00e-10	3.77e-08	1.24e-06	2.40e-05	3.05e-04	4.26e-03	1.10e-01	4.06e-01	4.80e-01
 3.79480e+22	0.00e+00	0.00e+00	9.88e-31	6.62e-27	1.29e-23	1.60e-20	1.85e-17	3.29e-14	8.10e-12	8.81e-10	4.59e-08	1.46e-06	2.75e-05	3.38e-04	4.58e-03	1.15e-01	4.10e-01	4.70e-01
 3.81787e+22	0.00e+00	0.00e+00	1.62e-30	1.05e-26	1.99e-23	2.39e-20	2.66e-17	4.60e-14	1.09e-11	1.15e-09	5.77e-08	1.78e-06	3.22e-05	3.82e-04	4.98e-03	1.20e-01	4.15e-01	4.59e-01
 3.84278e+22	0.00e+00	0.00e+00	2.61e-30	1.65e-26	3.03e-23	3.51e-20	3.78e-17	6.33e-14	1.45e-11	1.48e-09	7.19e-08	2.14e-06	3.75e-05	4.29e-04	5.41e-03	1.26e-01	4.20e-01	4.48e-01
 3.86609e+22	0.00e+00	0.00e+00	4.12e-30	2.54e-26	4.52e-23	5.09e-20	5.30e-17	8.60e-14	1.92e-11	1.88e-09	8.88e-08	2.56e-06	4.33e-05	4.79e-04	5.84e-03	1.32e-01	4.24e-01	4.38e-01
 3.89239e+22	0.00e+00	0.00e+00	7.25e-30	4.32e-26	7.42e-23	8.04e-20	8.03e-17	1.26e-13	2.69e-11	2.55e-09	1.15e-07	3.19e-06	5.19e-05	5.50e-04	6.43e-03	1.39e-01	4.29e-01	4.25e-01
 3.91937e+22	0.00e+00	0.00e+00	1.22e-29	7.06e-26	1.17e-22	1.23e-19	1.18e-16	1.78e-13	3.69e-11	3.36e-09	1.47e-07	3.91e-06	6.13e-05	6.24e-04	7.01e-03	1.46e-01	4.34e-01	4.13e-01
 3.94151e+22	0.00e+00	0.00e+00	1.91e-29	1.07e-25	1.72e-22	1.75e-19	1.62e-16	2.39e-13	4.81e-11	4.25e-09	1.80e-07	4.65e-06	7.06e-05	6.95e-04	7.56e-03	1.52e-01	4.37e-01	4.02e-01
 3.96142e+22	0.00e+00	0.00e+00	2.79e-29	1.53e-25	2.41e-22	2.38e-19	2.15e-16	3.10e-13	6.05e-11	5.21e-09	2.14e-07	5.40e-06	7.96e-05	7.61e-04	8.05e-03	1.58e-01	4.40e-01	3.93e-01
 3.98414e+22	0.00e+00	0.00e+00	4.67e-29	2.48e-25	3.76e-22	3.59e-19	3.12e-16	4.35e-13	8.22e-11	6.83e-09	2.71e-07	6.59e-06	9.37e-05	8.62e-04	8.76e-03	1.65e-01	4.43e-01	3.82e-01
 4.00809e+22	0.00e+00	0.00e+00	7.44e-29	3.84e-25	5.63e-22	5.19e-19	4.36e-16	5.91e-13	1.08e-10	8.74e-09	3.36e-07	7.90e-06	1.09e-04	9.64e-04	9.46e-03	1.72e-01	4.46e-01	3.71e-01
 4.02999e+22	0.00e+00	0.00e+00	1.17e-28	5.86e-25	8.34e-22	7.45e-19	6.03e-16	7.97e-13	1.42e-10	1.11e-08	4.13e-07	9.42e-06	1.25e-04	1.07e-03	1.02e-02	1.79e-01	4.49e-01	3.60e-01
 4.05483e+22	0.00e+00	0.00e+00	2.04e-28	9.88e-25	1.35e-21	1.16e-18	9.00e-16	1.15e-12	1.97e-10	1.49e-08	5.33e-07	1.17e-05	1.49e-04	1.23e-03	1.11e-02	1.88e-01	4.52e-01	3.48e-01
 4.07938e+22	0.00e+00	0.00e+00	3.30e-28	1.55e-24	2.05e-21	1.70e-18	1.27e-15	1.58e-12	2.62e-10	1.92e-08	6.65e-07	1.41e-05	1.74e-04	1.38e-03	1.20e-02	1.96e-01	4.54e-01	3.37e-01
 4.09915e+22	0.00e+00	0.00e+00	4.95e-28	2.27e-24	2.91e-21	2.34e-18	1.70e-15	2.06e-12	3.34e-10	2.37e-08	8.01e-07	1.65e-05	1.98e-04	1.51e-03	1.29e-02	2.03e-01	4.55e-01	3.27e-01
 4.12046e+22	0.00e+00	0.00e+00	8.08e-28	3.59e-24	4.44e-21	3.44e-18	2.40e-15	2.83e-12	4.46e-10	3.07e-08	1.00e-06	2.00e-05	2.31e-04	1.70e-03	1.39e-02	2.12e-01	4.56e-01	3.16e-01
 4.14314e+22	0.00e+00	0.00e+00	1.27e-27	5.46e-24	6.54e-21	4.91e-18	3.30e-15	3.80e-12	5.81e-10	3.88e-08	1.23e-06	2.38e-05	2.66e-04	1.89e-03	1.49e-02	2.19e-01	4.57e-01	3.06e-01
 4.16426e+22	0.00e+00	1.43e-31	1.99e-27	8.33e-24	9.66e-21	7.00e-18	4.54e-15	5.10e-12	7.58e-10	4.92e-08	1.51e-06	2.83e-05	3.06e-04	2.10e-03	1.60e-02	2.28e-01	4.58e-01	2.96e-01
 4.18506e+22	0.00e+00	2.30e-31	3.11e-27	1.26e-23	1.42e-20	9.94e-18	6.21e-15	6.82e-12	9.86e-10	6.21e-08	1.85e-06	3.37e-05	3.52e-04	2.33e-03	1.72e-02	2.36e-01	4.58e-01	2.86e-01
 4.20504e+22	0.00e+00	3.62e-31	4.76e-27	1.88e-23	2.04e-20	1.38e-17	8.35e-15	8.98e-12	1.26e-09	7.76e-08	2.24e-06	3.97e-05	4.03e-04	2.58e-03	1.83e-02	2.44e-01	4.58e-01	2.77e-01
 4.22431e+22	0.00e+00	5.63e-31	7.19e-27	2.76e-23	2.91e-20	1.91e-17	1.11e-14	1.17e-11	1.61e-09	9.62e-08	2.71e-06	4.65e-05	4.58e-04	2.83e-03	1.95e-02	2.52e-01	4.58e-01	2.68e-01
 4.24639e+22	0.00e+00	9.84e-31	1.21e-26	4.49e-23	4.55e-20	2.87e-17	1.60e-14	1.64e-11	2.18e-09	1.26e-07	3.43e-06	5.69e-05	5.39e-04	3.20e-03	2.11e-02	2.62e-01	4.57e-01	2.57e-01
 4.26888e+22	0.00e+00	1.60e-30	1.91e-26	6.86e-23	6.70e-20	4.08e-17	2.19e-14	2.20e-11	2.84e-09	1.60e-07	4.21e-06	6.78e-05	6.21e-04	3.55e-03	2.26e-02	2.70e-01	4.56e-01	2.47e-01
 4.28834e+22	0.00e+00	2.53e-30	2.92e-26	1.02e-22	9.63e-20	5.67e-17	2.94e-14	2.88e-11	3.64e-09	1.99e-07	5.10e-06	7.98e-05	7.09e-04	3.91e-03	2.41e-02	2.79e-01	4.54e-01	2.38e-01
 4.31008e+22	0.00e+00	4.46e-30	4.96e-26	1.67e-22	1.52e-19	8.54e-17	4.24e-14	4.05e-11	4.96e-09	2.62e-07	6.49e-06	9.78e-05	8.35e-04	4.42e-03	2.61e-02	2.89e-01	4.52e-01	2.27e-01
 4.33164e+22	0.00e+00	6.97e-30	7.52e-26	2.46e-22	2.16e-19	1.18e-16	5.64e-14	5.28e-11	6.32e-09	3.26e-07	7.83e-06	1.15e-04	9.50e-04	4.85e-03	2.77e-02	2.98e-01	4.50e-01	2.19e-01
 4.35298e+22	0.00e+00	1.21e-29	1.26e-25	3.96e-22	3.34e-19	1.75e-16	8.01e-14	7.32e-11	8.50e-09	4.25e-07	9.86e-06	1.40e-04	1.11e-03	5.45e-03	2.98e-02	3.08e-01	4.47e-01	2.09e-01
 4.37483e+22	0.00e+00	1.96e-29	1.97e-25	6.02e-22	4.90e-19	2.47e-16	1.09e-13	9.74e-11	1.10e-08	5.36e-07	1.21e-05	1.66e-04	1.28e-03	6.03e-03	3.18e-02	3.17e-01	4.44e-01	2.00e-01
 4.39358e+22	0.00e+00	3.00e-29	2.93e-25	8.71e-22	6.86e-19	3.35e-16	1.42e-13	1.25e-10	1.39e-08	6.58e-07	1.44e-05	1.93e-04	1.44e-03	6.58e-03	3.36e-02	3.25e-01	4.41e-01	1.92e-01
 4.41418e+22	0.00e+00	5.14e-29	4.84e-25	1.39e-21	1.05e-18	4.92e-16	2.00e-13	1.72e-10	1.85e-08	8.52e-07	1.81e-05	2.34e-04	1.68e-03	7.36e-03	3.61e-02	3.35e-01	4.36e-01	1.83e-01
 4.43543e+22	0.00e+00	8.25e-29	7.53e-25	2.09e-21	1.52e-18	6.88e-16	2.69e-13	2.27e-10	2.39e-08	1.07e-06	2.20e-05	2.76e-04	1.93e-03	8.11e-03	3.83e-02	3.44e-01	4.32e-01	1.75e-01
 4.45431e+22	0.00e+00	1.30e-28	1.15e-24	3.09e-21	2.18e-18	9.47e-16	3.57e-13	2.96e-10	3.04e-08	1.33e-06	2.66e-05	3.24e-04	2.19e-03	8.90e-03	4.06e-02	3.53e-01	4.28e-01	1.67e-01
 4.47561e+22	0.00e+00	2.26e-28	1.92e-24	4.99e-21	3.37e-18	1.40e-15	5.05e-13	4.10e-10	4.09e-08	1.73e-06	3.35e-05	3.94e-04	2.56e-03	9.96e-03	4.35e-02	3.63e-01	4.22e-01	1.58e-01
 4.49715e+22	0.00e+00	3.64e-28	3.00e-24	7.52e-21	4.89e-18	1.96e-15	6.78e-13	5.41e-10	5.27e-08	2.17e-06	4.08e-05	4.66e-04	2.92e-03	1.10e-02	4.62e-02	3.72e-01	4.17e-01	1.51e-01
 4.51570e+22	0.00e+00	5.68e-28	4.53e-24	1.10e-20	6.93e-18	2.68e-15	8.91e-13	7.00e-10	6.68e-08	2.69e-06	4.91e-05	5.45e-04	3.31e-03	1.20e-02	4.87e-02	3.80e-01	4.12e-01	1.44e-01
 4.53653e+22	0.00e+00	9.84e-28	7.55e-24	1.77e-20	1.07e-17	3.94e-15	1.25e-12	9.64e-10	8.95e-08	3.49e-06	6.16e-05	6.60e-04	3.86e-03	1.34e-02	5.20e-02	3.90e-01	4.05e-01	1.36e-01
 4.55824e+22	0.00e+00	1.62e-27	1.20e-23	2.72e-20	1.57e-17	5.58e-15	1.70e-12	1.29e-09	1.17e-07	4.42e-06	7.57e-05	7.86e-04	4.43e-03	1.47e-02	5.52e-02	3.98e-01	3.98e-01	1.29e-01
 4.57771e+22	0.00e+00	2.55e-27	1.83e-23	4.02e-20	2.24e-17	7.68e-15	2.24e-12	1.67e-09	1.48e-07	5.49e-06	9.13e-05	9.20e-04	5.02e-03	1.61e-02	5.81e-02	4.06e-01	3.92e-01	1.22e-01
 4.59632e+22	0.00e+00	4.04e-27	2.80e-23	5.95e-20	3.19e-17	1.05e-14	2.95e-12	2.17e-09	1.89e-07	6.81e-06	1.10e-04	1.08e-03	5.69e-03	1.76e-02	6.12e-02	4.13e-01	3.85e-01	1.16e-01
 4.61400e+22	0.00e+00	6.12e-27	4.13e-23	8.50e-20	4.41e-17	1.40e-14	3.80e-12	2.76e-09	2.35e-07	8.29e-06	1.31e-04	1.24e-03	6.37e-03	1.90e-02	6.41e-02	4.20e-01	3.79e-01	1.11e-01
 4.63382e+22	0.00e+00	1.07e-26	6.90e-23	1.37e-19	6.76e-17	2.05e-14	5.27e-12	3.77e-09	3.14e-07	1.08e-05	1.64e-04	1.51e-03	7.41e-03	2.11e-02	6.81e-02	4.28e-01	3.70e-01	1.03e-01
 4.65377e+22	0.00e+00	1.67e-26	1.04e-22	2.00e-19	9.54e-17	2.78e-14	6.87e-12	4.86e-09	3.96e-07	1.33e-05	1.96e-04	1.76e-03	8.36e-03	2.30e-02	7.15e-02	4.35e-01	3.63e-01	9.79e-02
 4.66992e+22	0.00e+00	2.42e-26	1.48e-22	2.75e-19	1.27e-16	3.59e-14	8.56e-12	6.00e-09	4.82e-07	1.58e-05	2.28e-04	1.99e-03	9.24e-03	2.47e-02	7.44e-02	4.40e-01	3.56e-01	9.35e-02
 4.68387e+22	0.00e+00	3.43e-26	2.04e-22	3.69e-19	1.66e-16	4.53e-14	1.05e-11	7.28e-09	5.76e-07	1.86e-05	2.63e-04	2.24e-03	1.01e-02	2.63e-02	7.71e-02	4.44e-01	3.50e-01	8.95e-02
 4.69672e+22	0.00e+00	4.73e-26	2.74e-22	4.85e-19	2.12e-16	5.62e-14	1.26e-11	8.72e-09	6.81e-07	2.16e-05	2.99e-04	2.50e-03	1.10e-02	2.79e-02	7.96e-02	4.48e-01	3.44e-01	8.58e-02
 4.71124e+22	0.00e+00	7.08e-26	3.98e-22	6.83e-19	2.88e-16	7.37e-14	1.59e-11	1.09e-08	8.38e-07	2.61e-05	3.52e-04	2.87e-03	1.23e-02	3.00e-02	8.29e-02	4.53e-01	3.37e-01	8.14e-02
 4.72623e+22	0.00e+00	9.96e-26	5.46e-22	9.13e-19	3.73e-16	9.27e-14	1.94e-11	1.32e-08	1.00e-06	3.05e-05	4.04e-04	3.22e-03	1.34e-02	3.19e-02	8.57e-02	4.57e-01	3.31e-01	7.78e-02
 4.73917e+22	0.00e+00	1.37e-25	7.36e-22	1.20e-18	4.76e-16	1.15e-13	2.33e-11	1.58e-08	1.18e-06	3.55e-05	4.59e-04	3.58e-03	1.46e-02	3.38e-02	8.84e-02	4.60e-01	3.25e-01	7.45e-02
 4.75134e+22	0.00e+00	1.90e-25	9.90e-22	1.57e-18	6.07e-16	1.42e-13	2.80e-11	1.88e-08	1.39e-06	4.11e-05	5.22e-04	3.99e-03	1.59e-02	3.57e-02	9.11e-02	4.63e-01	3.19e-01	7.12e-02
 4.76325e+22	0.00e+00	2.56e-25	1.31e-21	2.03e-18	7.61e-16	1.73e-13	3.32e-11	2.22e-08	1.62e-06	4.73e-05	5.89e-04	4.41e-03	1.72e-02	3.77e-02	9.36e-02	4.65e-01	3.13e-01	6.83e-02
 4.77486e+22	0.00e+00	3.44e-25	1.72e-21	2.60e-18	9.51e-16	2.10e-13	3.92e-11	2.61e-08	1.89e-06	5.42e-05	6.62e-04	4.87e-03	1.85e-02	3.97e-02	9.61e-02	4.68e-01	3.07e-01	6.55e-02
 4.78623e+22	4.47e-32	4.64e-25	2.26e-21	3.34e-18	1.19e-15	2.56e-13	4.62e-11	3.07e-08	2.20e-06	6.21e-05	7.45e-04	5.37e-03	2.00e-02	4.17e-02	9.87e-02	4.70e-01	3.01e-01	6.27e-02
 4.79752e+22	6.13e-32	6.25e-25	2.98e-21	4.29e-18	1.48e-15	3.10e-13	5.44e-11	3.61e-08	2.55e-06	7.12e-05	8.38e-04	5.92e-03	2.16e-02	4.39e-02	1.01e-01	4.71e-01	2.95e-01	6.01e-02
 4.81044e+22	9.07e-32	9.07e-25	4.19e-21	5.87e-18	1.96e-15	3.95e-13	6.68e-11	4.41e-08	3.08e-06	8.44e-05	9.70e-04	6.69e-03	2.37e-02	4.67e-02	1.04e-01	4.73e-01	2.87e-01	5.68e-02
 4.82350e+22	1.28e-31	1.26e-24	5.68e-21	7.72e-18	2.50e-15	4.87e-13	7.98e-11	5.26e-08	3.64e-06	9.80e-05	1.10e-03	7.45e-03	2.57e-02	4.93e-02	1.07e-01	4.74e-01	2.81e-01	5.40e-02
 4.83452e+22	1.74e-31	1.68e-24	7.40e-21	9.82e-18	3.08e-15	5.85e-13	9.30e-11	6.13e-08	4.20e-06	1.12e-04	1.23e-03	8.17e-03	2.76e-02	5.17e-02	1.10e-01	4.75e-01	2.75e-01	5.17e-02
 4.84474e+22	2.33e-31	2.22e-24	9.54e-21	1.24e-17	3.78e-15	6.97e-13	1.08e-10	7.10e-08	4.82e-06	1.26e-04	1.37e-03	8.93e-03	2.96e-02	5.41e-02	1.12e-01	4.75e-01	2.69e-01	4.95e-02
 4.85463e+22	3.10e-31	2.91e-24	1.23e-20	1.55e-17	4.61e-15	8.27e-13	1.24e-10	8.20e-08	5.52e-06	1.43e-04	1.53e-03	9.75e-03	3.16e-02	5.65e-02	1.14e-01	4.76e-01	2.63e-01	4.74e-02
 4.86596e+22	4.44e-31	4.10e-24	1.67e-20	2.06e-17	5.92e-15	1.02e-12	1.49e-10	9.81e-08	6.54e-06	1.67e-04	1.74e-03	1.09e-02	3.43e-02	5.96e-02	1.17e-01	4.75e-01	2.56e-01	4.48e-02
 4.87751e+22	6.12e-31	5.56e-24	2.21e-20	2.64e-17	7.38e-15	1.24e-12	1.74e-10	1.15e-07	7.60e-06	1.91e-04	1.96e-03	1.20e-02	3.69e-02	6.25e-02	1.20e-01	4.75e-01	2.49e-01	4.26e-02
 4.88740e+22	8.13e-31	7.29e-24	2.84e-20	3.31e-17	8.97e-15	1.46e-12	2.00e-10	1.32e-07	8.68e-06	2.15e-04	2.17e-03	1.30e-02	3.94e-02	6.51e-02	1.22e-01	4.74e-01	2.43e-01	4.08e-02
 4.89831e+22	1.17e-30	1.03e-23	3.89e-20	4.39e-17	1.15e-14	1.80e-12	2.38e-10	1.58e-07	1.03e-05	2.51e-04	2.48e-03	1.45e-02	4.27e-02	6.86e-02	1.25e-01	4.72e-01	2.36e-01	3.84e-02
 4.90954e+22	1.61e-30	1.40e-23	5.14e-20	5.64e-17	1.43e-14	2.17e-12	2.77e-10	1.84e-07	1.19e-05	2.87e-04	2.78e-03	1.60e-02	4.59e-02	7.18e-02	1.27e-01	4.71e-01	2.29e-01	3.64e-02
 4.91945e+22	2.18e-30	1.86e-23	6.67e-20	7.12e-17	1.75e-14	2.57e-12	3.19e-10	2.13e-07	1.37e-05	3.26e-04	3.09e-03	1.74e-02	4.90e-02	7.48e-02	1.29e-01	4.69e-01	2.23e-01	3.46e-02
 4.93061e+22	3.22e-30	2.70e-23	9.39e-20	9.66e-17	2.28e-14	3.21e-12	3.82e-10	2.57e-07	1.64e-05	3.84e-04	3.56e-03	1.95e-02	5.34e-02	7.89e-02	1.32e-01	4.65e-01	2.15e-01	3.23e-02
 4.94189e+22	4.43e-30	3.66e-23	1.24e-19	1.23e-16	2.82e-14	3.84e-12	4.42e-10	2.99e-07	1.89e-05	4.38e-04	3.98e-03	2.14e-02	5.71e-02	8.22e-02	1.34e-01	4.62e-01	2.08e-01	3.06e-02
 4.95152e+22	5.97e-30	4.86e-23	1.60e-19	1.55e-16	3.44e-14	4.53e-12	5.05e-10	3.45e-07	2.17e-05	4.95e-04	4.42e-03	2.33e-02	6.09e-02	8.55e-02	1.36e-01	4.59e-01	2.02e-01	2.90e-02
 4.96222e+22	8.91e-30	7.12e-23	2.26e-19	2.11e-16	4.47e-14	5.63e-12	6.01e-10	4.15e-07	2.59e-05	5.83e-04	5.08e-03	2.61e-02	6.61e-02	8.99e-02	1.38e-01	4.54e-01	1.93e-01	2.69e-02
 4.97284e+22	1.19e-29	9.40e-23	2.91e-19	2.64e-16	5.42e-14	6.61e-12	6.85e-10	4.76e-07	2.96e-05	6.57e-04	5.62e-03	2.83e-02	7.02e-02	9.31e-02	1.40e-01	4.50e-01	1.87e-01	2.55e-02
 4.98338e+22	1.79e-29	1.39e-22	4.13e-19	3.60e-16	7.05e-14	8.20e-12	8.13e-10	5.73e-07	3.54e-05	7.74e-04	6.46e-03	3.16e-02	7.62e-02	9.77e-02	1.42e-01	4.43e-01	1.79e-01	2.36e-02
 4.99361e+22	2.35e-29	1.80e-22	5.24e-19	4.44e-16	8.44e-14	9.52e-12	9.16e-10	6.51e-07	4.00e-05	8.65e-04	7.09e-03	3.41e-02	8.04e-02	1.01e-01	1.43e-01	4.39e-01	1.73e-01	2.23e-02
 5.00346e+22	3.49e-29	2.62e-22	7.36e-19	5.98e-16	1.09e-13	1.17e-11	1.07e-09	7.76e-07	4.75e-05	1.01e-03	8.09e-03	3.79e-02	8.68e-02	1.05e-01	1.44e-01	4.31e-01	1.65e-01	2.06e-02
 5.01327e+22	4.59e-29	3.41e-22	9.33e-19	7.36e-16	1.30e-13	1.35e-11	1.21e-09	8.80e-07	5.36e-05	1.13e-03	8.87e-03	4.07e-02	9.15e-02	1.09e-01	1.45e-01	4.26e-01	1.59e-01	1.95e-02
 5.02305e+22	6.86e-29	5.00e-22	1.32e-18	9.95e-16	1.67e-13	1.66e-11	1.41e-09	1.05e-06	6.37e-05	1.32e-03	1.01e-02	4.53e-02	9.86e-02	1.13e-01	1.46e-01	4.17e-01	1.51e-01	1.79e-02
 5.03286e+22	9.15e-29	6.59e-22	1.69e-18	1.24e-15	2.01e-13	1.92e-11	1.59e-09	1.19e-06	7.21e-05	1.48e-03	1.11e-02	4.87e-02	1.04e-01	1.16e-01	1.47e-01	4.10e-01	1.45e-01	1.68e-02
 5.04271e+22	1.38e-28	9.73e-22	2.39e-18	1.68e-15	2.59e-13	2.35e-11	1.86e-09	1.42e-06	8.56e-05	1.73e-03	1.27e-02	5.40e-02	1.12e-01	1.21e-01	1.47e-01	4.00e-01	1.37e-01	1.53e-02
 5.05268e+22	1.85e-28	1.29e-21	3.10e-18	2.10e-15	3.13e-13	2.74e-11	2.09e-09	1.62e-06	9.71e-05	1.94e-03	1.40e-02	5.81e-02	1.18e-01	1.24e-01	1.47e-01	3.92e-01	1.31e-01	1.43e-02
 5.06279e+22	2.79e-28	1.91e-21	4.39e-18	2.84e-15	4.03e-13	3.35e-11	2.44e-09	1.93e-06	1.15e-04	2.26e-03	1.59e-02	6.42e-02	1.26e-01	1.29e-01	1.47e-01	3.80e-01	1.23e-01	1.30e-02
 5.07281e+22	3.79e-28	2.56e-21	5.71e-18	3.56e-15	4.87e-13	3.89e-11	2.73e-09	2.19e-06	1.30e-04	2.54e-03	1.74e-02	6.90e-02	1.32e-01	1.32e-01	1.47e-01	3.71e-01	1.17e-01	1.21e-02
 5.08273e+22	5.67e-28	3.77e-21	8.06e-18	4.79e-15	6.24e-13	4.73e-11	3.17e-09	2.59e-06	1.54e-04	2.95e-03	1.97e-02	7.58e-02	1.41e-01	1.36e-01	1.46e-01	3.59e-01	1.09e-01	1.09e-02
 5.09283e+22	7.82e-28	5.13e-21	1.06e-17	6.08e-15	7.60e-13	5.53e-11	3.56e-09	2.96e-06	1.75e-04	3.31e-03	2.17e-02	8.15e-02	1.48e-01	1.39e-01	1.45e-01	3.49e-01	1.03e-01	1.00e-02
 5.10316e+22	1.19e-27	7.68e-21	1.52e-17	8.28e-15	9.82e-13	6.75e-11	4.14e-09	3.51e-06	2.07e-04	3.85e-03	2.46e-02	8.94e-02	1.57e-01	1.42e-01	1.44e-01	3.35e-01	9.54e-02	8.96e-03
 5.11357e+22	1.65e-27	1.05e-20	2.01e-17	1.05e-14	1.20e-12	7.88e-11	4.65e-09	4.00e-06	2.35e-04	4.32e-03	2.70e-02	9.58e-02	1.64e-01	1.45e-01	1.42e-01	3.24e-01	8.97e-02	8.20e-03
 5.12406e+22	2.54e-27	1.58e-20	2.90e-17	1.44e-14	1.55e-12	9.63e-11	5.40e-09	4.72e-06	2.76e-04	5.01e-03	3.04e-02	1.05e-01	1.74e-01	1.48e-01	1.40e-01	3.09e-01	8.24e-02	7.27e-03
 5.13463e+22	3.53e-27	2.17e-20	3.83e-17	1.83e-14	1.89e-12	1.12e-10	6.05e-09	5.36e-06	3.12e-04	5.60e-03	3.33e-02	1.12e-01	1.81e-01	1.50e-01	1.38e-01	2.97e-01	7.71e-02	6.61e-03
 5.14379e+22	4.86e-27	2.95e-20	5.04e-17	2.31e-14	2.29e-12	1.30e-10	6.76e-09	6.06e-06	3.52e-04	6.24e-03	3.63e-02	1.19e-01	1.88e-01	1.51e-01	1.35e-01	2.85e-01	7.20e-02	6.01e-03
 5.15418e+22	7.42e-27	4.42e-20	7.22e-17	3.13e-14	2.94e-12	1.58e-10	7.80e-09	7.08e-06	4.09e-04	7.16e-03	4.06e-02	1.29e-01	1.97e-01	1.53e-01	1.32e-01	2.70e-01	6.57e-02	5.28e-03
 5.16447e+22	1.00e-26	5.88e-20	9.30e-17	3.89e-14	3.52e-12	1.82e-10	8.66e-09	7.91e-06	4.56e-04	7.88e-03	4.38e-02	1.36e-01	2.03e-01	1.54e-01	1.30e-01	2.59e-01	6.14e-02	4.81e-03
 5.17463e+22	1.48e-26	8.56e-20	1.30e-16	5.17e-14	4.44e-12	2.18e-10	9.91e-09	9.12e-06	5.22e-04	8.91e-03	4.83e-02	1.45e-01	2.11e-01	1.55e-01	1.26e-01	2.45e-01	5.60e-02	4.24e-03
 5.18509e+22	2.04e-26	1.16e-19	1.71e-16	6.53e-14	5.38e-12	2.53e-10	1.11e-08	1.02e-05	5.83e-04	9.83e-03	5.22e-02	1.53e-01	2.17e-01	1.55e-01	1.23e-01	2.34e-01	5.19e-02	3.82e-03
 5.19594e+22	3.07e-26	1.72e-19	2.41e-16	8.76e-14	6.86e-12	3.05e-10	1.27e-08	1.18e-05	6.68e-04	1.11e-02	5.74e-02	1.63e-01	2.24e-01	1.55e-01	1.19e-01	2.19e-01	4.69e-02	3.33e-03
 5.20698e+22	4.23e-26	2.34e-19	3.17e-16	1.11e-13	8.32e-12	3.55e-10	1.42e-08	1.32e-05	7.42e-04	1.22e-02	6.18e-02	1.71e-01	2.30e-01	1.55e-01	1.15e-01	2.08e-01	4.32e-02	2.98e-03
 5.21829e+22	6.39e-26	3.47e-19	4.51e-16	1.49e-13	1.06e-11	4.29e-10	1.64e-08	1.51e-05	8.46e-04	1.37e-02	6.78e-02	1.81e-01	2.36e-01	1.54e-01	1.11e-01	1.94e-01	3.87e-02	2.57e-03
 5.22983e+22	8.81e-26	4.71e-19	5.92e-16	1.88e-13	1.29e-11	4.99e-10	1.84e-08	1.68e-05	9.36e-04	1.50e-02	7.26e-02	1.90e-01	2.41e-01	1.53e-01	1.07e-01	1.83e-01	3.55e-02	2.29e-03
 5.24166e+22	1.33e-25	6.98e-19	8.40e-16	2.54e-13	1.65e-11	6.06e-10	2.13e-08	1.93e-05	1.06e-03	1.68e-02	7.92e-02	2.00e-01	2.46e-01	1.51e-01	1.02e-01	1.69e-01	3.17e-02	1.97e-03
 5.25370e+22	1.83e-25	9.47e-19	1.10e-15	3.20e-13	2.01e-11	7.06e-10	2.39e-08	2.14e-05	1.17e-03	1.83e-02	8.45e-02	2.08e-01	2.50e-01	1.49e-01	9.86e-02	1.59e-01	2.89e-02	1.74e-03
 5.26600e+22	2.75e-25	1.40e-18	1.56e-15	4.32e-13	2.57e-11	8.58e-10	2.78e-08	2.44e-05	1.32e-03	2.04e-02	9.16e-02	2.18e-01	2.54e-01	1.47e-01	9.37e-02	1.47e-01	2.56e-02	1.49e-03
 5.27837e+22	3.75e-25	1.88e-18	2.04e-15	5.41e-13	3.10e-11	9.96e-10	3.11e-08	2.69e-05	1.45e-03	2.20e-02	9.72e-02	2.26e-01	2.57e-01	1.45e-01	9.00e-02	1.38e-01	2.34e-02	1.32e-03
 5.29083e+22	5.59e-25	2.76e-18	2.86e-15	7.24e-13	3.96e-11	1.21e-09	3.60e-08	3.05e-05	1.62e-03	2.43e-02	1.05e-01	2.35e-01	2.59e-01	1.41e-01	8.52e-02	1.27e-01	2.06e-02	1.12e-03
 5.30355e+22	7.56e-25	3.68e-18	3.70e-15	9.03e-13	4.76e-11	1.40e-09	4.04e-08	3.36e-05	1.77e-03	2.62e-02	1.11e-01	2.42e-01	2.61e-01	1.39e-01	8.16e-02	1.19e-01	1.88e-02	9.90e-04
 5.31470e+22	1.01e-24	4.88e-18	4.77e-15	1.12e-12	5.71e-11	1.62e-09	4.51e-08	3.68e-05	1.92e-03	2.82e-02	1.16e-01	2.49e-01	2.62e-01	1.36e-01	7.81e-02	1.11e-01	1.71e-02	8.75e-04
 5.32568e+22	5.47e-28	6.42e-18	6.10e-15	1.38e-12	6.82e-11	1.86e-09	5.04e-08	4.02e-05	2.08e-03	3.01e-02	1.22e-01	2.55e-01	2.63e-01	1.33e-01	7.47e-02	1.04e-01	1.55e-02	7.74e-04
 5.33829e+22	8.07e-28	9.19e-18	8.40e-15	1.82e-12	8.58e-11	2.24e-09	5.80e-08	4.51e-05	2.30e-03	3.29e-02	1.30e-01	2.63e-01	2.63e-01	1.29e-01	7.04e-02	9.50e-02	1.37e-02	6.58e-04
 5.35092e+22	1.07e-27	1.19e-17	1.06e-14	2.22e-12	1.02e-10	2.57e-09	6.45e-08	4.90e-05	2.47e-03	3.50e-02	1.36e-01	2.68e-01	2.63e-01	1.26e-01	6.73e-02	8.90e-02	1.25e-02	5.84e-04
 5.36355e+22	1.55e-27	1.67e-17	1.44e-14	2.89e-12	1.27e-10	3.06e-09	7.40e-08	5.46e-05	2.72e-03	3.79e-02	1.44e-01	2.75e-01	2.62e-01	1.22e-01	6.33e-02	8.14e-02	1.10e-02	4.98e-04
 5.37601e+22	2.02e-27	2.13e-17	1.78e-14	3.49e-12	1.48e-10	3.48e-09	8.18e-08	5.91e-05	2.91e-03	4.01e-02	1.50e-01	2.80e-01	2.61e-01	1.19e-01	6.05e-02	7.63e-02	1.01e-02	4.43e-04
 5.38825e+22	2.88e-27	2.94e-17	2.38e-14	4.47e-12	1.83e-10	4.12e-09	9.33e-08	6.54e-05	3.18e-03	4.31e-02	1.58e-01	2.86e-01	2.59e-01	1.15e-01	5.69e-02	6.98e-02	8.90e-03	3.79e-04
 5.40067e+22	3.74e-27	3.73e-17	2.95e-14	5.38e-12	2.14e-10	4.69e-09	1.03e-07	7.07e-05	3.39e-03	4.55e-02	1.64e-01	2.90e-01	2.58e-01	1.12e-01	5.43e-02	6.54e-02	8.11e-03	3.37e-04
 5.41334e+22	5.33e-27	5.13e-17	3.93e-14	6.89e-12	2.64e-10	5.55e-09	1.18e-07	7.82e-05	3.70e-03	4.88e-02	1.72e-01	2.95e-01	2.55e-01	1.07e-01	5.09e-02	5.97e-02	7.15e-03	2.87e-04
 5.42625e+22	6.96e-27	6.54e-17	4.89e-14	8.32e-12	3.10e-10	6.33e-09	1.31e-07	8.46e-05	3.95e-03	5.15e-02	1.78e-01	2.99e-01	2.53e-01	1.04e-01	4.84e-02	5.56e-02	6.49e-03	2.54e-04
 5.43948e+22	9.95e-27	9.02e-17	6.52e-14	1.07e-11	3.83e-10	7.52e-09	1.49e-07	9.37e-05	4.30e-03	5.52e-02	1.86e-01	3.03e-01	2.50e-01	9.98e-02	4.53e-02	5.06e-02	5.70e-03	2.15e-04
 5.45294e+22	1.30e-26	1.15e-16	8.12e-14	1.29e-11	4.51e-10	8.58e-09	1.66e-07	1.01e-04	4.59e-03	5.81e-02	1.92e-01	3.06e-01	2.47e-01	9.64e-02	4.29e-02	4.70e-02	5.15e-03	1.89e-04
 5.46671e+22	4.71e-27	1.59e-16	1.08e-13	1.66e-11	5.58e-10	1.02e-08	1.90e-07	1.12e-04	4.99e-03	6.22e-02	2.01e-01	3.10e-01	2.43e-01	9.21e-02	3.99e-02	4.25e-02	4.50e-03	1.60e-04
 5.48073e+22	6.19e-27	2.02e-16	1.35e-13	2.01e-11	6.58e-10	1.17e-08	2.12e-07	1.22e-04	5.33e-03	6.54e-02	2.08e-01	3.12e-01	2.39e-01	8.87e-02	3.77e-02	3.94e-02	4.05e-03	1.40e-04
 5.49508e+22	8.89e-27	2.80e-16	1.81e-13	2.59e-11	8.16e-10	1.39e-08	2.44e-07	1.35e-04	5.80e-03	6.99e-02	2.16e-01	3.15e-01	2.34e-01	8.43e-02	3.50e-02	3.55e-02	3.52e-03	1.17e-04
 5.50911e+22	1.13e-26	3.47e-16	2.20e-13	3.07e-11	9.46e-10	1.58e-08	2.69e-07	1.45e-04	6.15e-03	7.31e-02	2.22e-01	3.16e-01	2.31e-01	8.14e-02	3.32e-02	3.31e-02	3.20e-03	1.04e-04
 5.52272e+22	1.60e-26	4.71e-16	2.89e-13	3.89e-11	1.16e-09	1.86e-08	3.07e-07	1.60e-04	6.64e-03	7.76e-02	2.31e-01	3.18e-01	2.26e-01	7.74e-02	3.08e-02	2.99e-02	2.79e-03	8.77e-05
 5.53654e+22	2.04e-26	5.85e-16	3.52e-13	4.62e-11	1.34e-09	2.10e-08	3.39e-07	1.73e-04	7.04e-03	8.10e-02	2.37e-01	3.19e-01	2.22e-01	7.45e-02	2.92e-02	2.78e-02	2.53e-03	7.76e-05
 5.55063e+22	2.85e-26	7.85e-16	4.60e-13	5.83e-11	1.64e-09	2.48e-08	3.86e-07	1.90e-04	7.60e-03	8.58e-02	2.45e-01	3.20e-01	2.17e-01	7.07e-02	2.70e-02	2.51e-02	2.21e-03	6.55e-05
 5.56515e+22	3.74e-26	9.96e-16	5.70e-13	7.04e-11	1.93e-09	2.84e-08	4.30e-07	2.06e-04	8.09e-03	8.99e-02	2.51e-01	3.20e-01	2.12e-01	6.76e-02	2.54e-02	2.31e-02	1.98e-03	5.70e-05
 5.58024e+22	5.24e-26	1.34e-15	7.46e-13	8.90e-11	2.36e-09	3.35e-08	4.91e-07	2.27e-04	8.74e-03	9.51e-02	2.60e-01	3.20e-01	2.06e-01	6.39e-02	2.35e-02	2.08e-02	1.72e-03	4.79e-05
 5.59582e+22	6.97e-26	1.72e-15	9.36e-13	1.09e-10	2.80e-09	3.86e-08	5.51e-07	2.47e-04	9.32e-03	9.97e-02	2.66e-01	3.20e-01	2.01e-01	6.08e-02	2.19e-02	1.90e-02	1.53e-03	4.12e-05
 5.61203e+22	9.91e-26	2.34e-15	1.24e-12	1.39e-10	3.46e-09	4.61e-08	6.34e-07	2.75e-04	1.01e-02	1.06e-01	2.75e-01	3.19e-01	1.95e-01	5.72e-02	2.01e-02	1.69e-02	1.31e-03	3.43e-05
 5.62868e+22	1.33e-25	3.02e-15	1.56e-12	1.70e-10	4.12e-09	5.34e-08	7.14e-07	3.00e-04	1.08e-02	1.11e-01	2.82e-01	3.18e-01	1.89e-01	5.42e-02	1.87e-02	1.54e-02	1.16e-03	2.93e-05
 5.64589e+22	1.92e-25	4.15e-15	2.08e-12	2.19e-10	5.13e-09	6.40e-08	8.26e-07	3.34e-04	1.17e-02	1.17e-01	2.90e-01	3.16e-01	1.82e-01	5.06e-02	1.70e-02	1.37e-02	9.89e-04	2.41e-05
 5.66366e+22	2.61e-25	5.42e-15	2.65e-12	2.71e-10	6.17e-09	7.46e-08	9.35e-07	3.66e-04	1.26e-02	1.23e-01	2.97e-01	3.14e-01	1.77e-01	4.77e-02	1.57e-02	1.23e-02	8.64e-04	2.04e-05
 5.68215e+22	3.81e-25	7.53e-15	3.58e-12	3.53e-10	7.75e-09	9.03e-08	1.09e-06	4.11e-04	1.37e-02	1.30e-01	3.05e-01	3.11e-01	1.69e-01	4.43e-02	1.43e-02	1.08e-02	7.30e-04	1.66e-05
 5.70120e+22	5.26e-25	9.94e-15	4.61e-12	4.41e-10	9.40e-09	1.06e-07	1.24e-06	4.52e-04	1.47e-02	1.37e-01	3.12e-01	3.08e-01	1.63e-01	4.15e-02	1.31e-02	9.69e-03	6.32e-04	1.39e-05
 5.71838e+22	7.13e-25	1.29e-14	5.86e-12	5.44e-10	1.13e-08	1.24e-07	1.41e-06	4.96e-04	1.57e-02	1.43e-01	3.18e-01	3.05e-01	1.57e-01	3.90e-02	1.20e-02	8.72e-03	5.50e-04	1.17e-05
 5.73811e+22	1.07e-24	1.84e-14	8.08e-12	7.22e-10	1.44e-08	1.52e-07	1.66e-06	5.59e-04	1.72e-02	1.52e-01	3.27e-01	3.00e-01	1.49e-01	3.58e-02	1.07e-02	7.54e-03	4.55e-04	9.27e-06
 5.75795e+22	1.45e-24	2.39e-14	1.02e-11	8.91e-10	1.73e-08	1.77e-07	1.88e-06	6.13e-04	1.83e-02	1.58e-01	3.32e-01	2.96e-01	1.43e-01	3.35e-02	9.87e-03	6.76e-03	3.96e-04	7.80e-06
 5.77795e+22	2.18e-24	3.37e-14	1.40e-11	1.17e-09	2.20e-08	2.16e-07	2.21e-06	6.90e-04	2.00e-02	1.67e-01	3.40e-01	2.91e-01	1.36e-01	3.06e-02	8.80e-03	5.84e-03	3.27e-04	6.18e-06
 5.79837e+22	3.01e-24	4.45e-14	1.81e-11	1.47e-09	2.66e-08	2.54e-07	2.51e-06	7.59e-04	2.14e-02	1.75e-01	3.45e-01	2.86e-01	1.30e-01	2.85e-02	8.01e-03	5.18e-03	2.80e-04	5.12e-06
 5.81935e+22	4.53e-24	6.33e-14	2.49e-11	1.95e-09	3.40e-08	3.11e-07	2.96e-06	8.57e-04	2.33e-02	1.85e-01	3.52e-01	2.79e-01	1.22e-01	2.59e-02	7.09e-03	4.44e-03	2.30e-04	4.02e-06
 5.84076e+22	6.38e-24	8.48e-14	3.25e-11	2.46e-09	4.17e-08	3.69e-07	3.40e-06	9.47e-04	2.50e-02	1.93e-01	3.57e-01	2.73e-01	1.16e-01	2.38e-02	6.40e-03	3.90e-03	1.95e-04	3.27e-06
 5.85984e+22	8.90e-24	1.13e-13	4.21e-11	3.09e-09	5.08e-08	4.35e-07	3.89e-06	1.04e-03	2.68e-02	2.01e-01	3.62e-01	2.67e-01	1.10e-01	2.20e-02	5.78e-03	3.43e-03	1.65e-04	2.68e-06
 5.88173e+22	1.37e-23	1.64e-13	5.91e-11	4.15e-09	6.57e-08	5.40e-07	4.63e-06	1.18e-03	2.93e-02	2.12e-01	3.68e-01	2.59e-01	1.03e-01	1.97e-02	5.05e-03	2.89e-03	1.32e-04	2.05e-06
 5.90250e+22	1.83e-23	2.09e-13	7.37e-11	5.05e-09	7.78e-08	6.22e-07	5.19e-06	1.29e-03	3.10e-02	2.20e-01	3.71e-01	2.53e-01	9.81e-02	1.84e-02	4.62e-03	2.58e-03	1.15e-04	1.72e-06
 5.92179e+22	2.69e-23	2.91e-13	9.97e-11	6.57e-09	9.79e-08	7.54e-07	6.06e-06	1.44e-03	3.35e-02	2.30e-01	3.75e-01	2.45e-01	9.18e-02	1.66e-02	4.07e-03	2.20e-03	9.35e-05	1.34e-06
 5.94111e+22	3.59e-23	3.72e-13	1.25e-10	7.99e-09	1.16e-07	8.69e-07	6.81e-06	1.56e-03	3.55e-02	2.38e-01	3.78e-01	2.39e-01	8.72e-02	1.54e-02	3.71e-03	1.96e-03	8.04e-05	1.12e-06
 5.96046e+22	5.23e-23	5.14e-13	1.67e-10	1.03e-08	1.45e-07	1.05e-06	7.93e-06	1.74e-03	3.82e-02	2.48e-01	3.81e-01	2.31e-01	8.14e-02	1.39e-02	3.27e-03	1.67e-03	6.57e-05	8.74e-07
 5.98028e+22	7.13e-23	6.69e-13	2.12e-10	1.27e-08	1.74e-07	1.22e-06	8.99e-06	1.90e-03	4.06e-02	2.56e-01	3.83e-01	2.24e-01	7.68e-02	1.27e-02	2.95e-03	1.46e-03	5.56e-05	7.13e-07
 6.00069e+22	1.07e-22	9.43e-13	2.89e-10	1.67e-08	2.21e-07	1.50e-06	1.06e-05	2.13e-03	4.38e-02	2.68e-01	3.85e-01	2.15e-01	7.09e-02	1.13e-02	2.57e-03	1.23e-03	4.44e-05	5.43e-07
 6.02121e+22	1.45e-22	1.22e-12	3.66e-10	2.06e-08	2.65e-07	1.74e-06	1.20e-05	2.33e-03	4.65e-02	2.77e-01	3.86e-01	2.08e-01	6.67e-02	1.03e-02	2.31e-03	1.07e-03	3.74e-05	4.42e-07
 6.04186e+22	2.16e-22	1.72e-12	4.99e-10	2.70e-08	3.37e-07	2.13e-06	1.42e-05	2.62e-03	5.02e-02	2.88e-01	3.87e-01	1.99e-01	6.13e-02	9.16e-03	2.00e-03	8.95e-04	2.97e-05	3.34e-07
 6.06291e+22	2.97e-22	2.26e-12	6.39e-10	3.36e-08	4.08e-07	2.51e-06	1.62e-05	2.87e-03	5.34e-02	2.98e-01	3.87e-01	1.91e-01	5.72e-02	8.29e-03	1.78e-03	7.72e-04	2.46e-05	2.66e-07
 6.08449e+22	4.51e-22	3.21e-12	8.79e-10	4.45e-08	5.23e-07	3.10e-06	1.93e-05	3.24e-03	5.78e-02	3.10e-01	3.86e-01	1.81e-01	5.21e-02	7.26e-03	1.52e-03	6.34e-04	1.92e-05	1.97e-07
 6.10648e+22	6.27e-22	4.23e-12	1.13e-09	5.56e-08	6.38e-07	3.67e-06	2.22e-05	3.58e-03	6.16e-02	3.20e-01	3.85e-01	1.73e-01	4.82e-02	6.51e-03	1.34e-03	5.40e-04	1.57e-05	1.54e-07
 6.12901e+22	9.60e-22	6.06e-12	1.57e-09	7.42e-08	8.26e-07	4.58e-06	2.66e-05	4.06e-03	6.69e-02	3.33e-01	3.83e-01	1.62e-01	4.34e-02	5.62e-03	1.13e-03	4.36e-04	1.20e-05	0.00e+00
 6.15177e+22	1.34e-21	7.99e-12	2.02e-09	9.30e-08	1.01e-06	5.45e-06	3.08e-05	4.49e-03	7.13e-02	3.44e-01	3.80e-01	1.54e-01	3.98e-02	4.99e-03	9.86e-04	3.67e-04	9.64e-06	0.00e+00
 6.17102e+22	1.81e-21	1.03e-11	2.54e-09	1.14e-07	1.22e-06	6.39e-06	3.53e-05	4.93e-03	7.56e-02	3.53e-01	3.77e-01	1.47e-01	3.67e-02	4.47e-03	8.68e-04	3.13e-04	7.89e-06	0.00e+00
 6.19201e+22	2.65e-21	1.41e-11	3.39e-09	1.48e-07	1.54e-06	7.84e-06	4.19e-05	5.55e-03	8.14e-02	3.65e-01	3.73e-01	1.37e-01	3.30e-02	3.86e-03	7.36e-04	2.54e-04	6.07e-06	0.00e+00
