#depth	Cl	Cl+	Cl+2	Cl+3	Cl+4	Cl+5	Cl+6	Cl+7	Cl+8	Cl+9	Cl+10	Cl+11	Cl+12	Cl+13	Cl+14	Cl+15	Cl+16	Cl+17
 4.62852e+21	2.08e-32	2.03e-19	1.95e-16	6.00e-14	3.81e-12	1.47e-10	5.64e-09	4.63e-06	2.97e-04	5.74e-03	3.51e-02	1.18e-01	1.91e-01	1.55e-01	1.37e-01	2.83e-01	6.87e-02	5.51e-03
 1.02385e+22	6.93e-30	1.01e-16	4.76e-14	6.25e-12	1.76e-10	2.97e-09	5.62e-08	3.51e-05	1.96e-03	3.10e-02	1.30e-01	2.65e-01	2.69e-01	1.31e-01	6.98e-02	9.01e-02	1.21e-02	5.46e-04
 1.15826e+22	4.45e-29	5.49e-16	2.16e-13	2.28e-11	5.27e-10	7.28e-09	1.15e-07	6.04e-05	3.11e-03	4.53e-02	1.70e-01	2.96e-01	2.61e-01	1.09e-01	5.13e-02	5.76e-02	6.49e-03	2.44e-04
 1.21266e+22	1.04e-28	1.19e-15	4.31e-13	4.14e-11	8.75e-10	1.11e-08	1.61e-07	7.79e-05	3.82e-03	5.36e-02	1.90e-01	3.06e-01	2.53e-01	9.89e-02	4.38e-02	4.60e-02	4.76e-03	1.65e-04
 1.23595e+22	1.31e-28	1.47e-15	5.21e-13	4.87e-11	1.01e-09	1.24e-08	1.77e-07	8.37e-05	4.05e-03	5.60e-02	1.95e-01	3.09e-01	2.50e-01	9.60e-02	4.18e-02	4.31e-02	4.36e-03	1.48e-04
 1.24782e+22	1.77e-28	1.93e-15	6.67e-13	6.03e-11	1.21e-09	1.45e-08	2.00e-07	9.17e-05	4.36e-03	5.93e-02	2.03e-01	3.12e-01	2.47e-01	9.22e-02	3.93e-02	3.96e-02	3.89e-03	1.28e-04
 1.26096e+22	2.35e-28	2.50e-15	8.42e-13	7.37e-11	1.44e-09	1.67e-08	2.24e-07	1.00e-04	4.67e-03	6.26e-02	2.10e-01	3.14e-01	2.43e-01	8.87e-02	3.71e-02	3.65e-02	3.48e-03	1.11e-04
 1.27336e+22	3.03e-28	3.16e-15	1.04e-12	8.84e-11	1.68e-09	1.90e-08	2.49e-07	1.08e-04	4.98e-03	6.57e-02	2.16e-01	3.16e-01	2.39e-01	8.55e-02	3.51e-02	3.39e-02	3.15e-03	9.79e-05
 1.28711e+22	4.26e-28	4.30e-15	1.37e-12	1.12e-10	2.06e-09	2.26e-08	2.86e-07	1.20e-04	5.40e-03	6.99e-02	2.25e-01	3.18e-01	2.34e-01	8.13e-02	3.27e-02	3.07e-02	2.75e-03	8.26e-05
 1.30090e+22	5.39e-28	5.33e-15	1.66e-12	1.33e-10	2.39e-09	2.56e-08	3.17e-07	1.30e-04	5.73e-03	7.31e-02	2.31e-01	3.19e-01	2.30e-01	7.84e-02	3.10e-02	2.85e-02	2.50e-03	7.32e-05
 1.31474e+22	7.45e-28	7.15e-15	2.17e-12	1.67e-10	2.91e-09	3.01e-08	3.63e-07	1.43e-04	6.20e-03	7.76e-02	2.39e-01	3.21e-01	2.25e-01	7.45e-02	2.88e-02	2.59e-02	2.19e-03	6.20e-05
 1.32895e+22	9.56e-28	8.97e-15	2.66e-12	2.00e-10	3.40e-09	3.44e-08	4.04e-07	1.55e-04	6.60e-03	8.12e-02	2.46e-01	3.21e-01	2.21e-01	7.15e-02	2.72e-02	2.39e-02	1.97e-03	5.44e-05
 1.34363e+22	1.34e-27	1.22e-14	3.52e-12	2.55e-10	4.19e-09	4.09e-08	4.65e-07	1.73e-04	7.17e-03	8.62e-02	2.54e-01	3.22e-01	2.15e-01	6.75e-02	2.51e-02	2.15e-02	1.71e-03	4.55e-05
 1.35847e+22	1.72e-27	1.53e-14	4.31e-12	3.05e-10	4.89e-09	4.66e-08	5.18e-07	1.87e-04	7.62e-03	9.02e-02	2.61e-01	3.22e-01	2.10e-01	6.47e-02	2.36e-02	1.98e-02	1.53e-03	3.99e-05
 1.37353e+22	2.38e-27	2.05e-14	5.62e-12	3.84e-10	5.98e-09	5.52e-08	5.95e-07	2.08e-04	8.25e-03	9.54e-02	2.69e-01	3.21e-01	2.04e-01	6.10e-02	2.18e-02	1.78e-02	1.33e-03	3.35e-05
 1.38918e+22	3.11e-27	2.60e-14	7.00e-12	4.66e-10	7.07e-09	6.36e-08	6.68e-07	2.27e-04	8.82e-03	1.00e-01	2.76e-01	3.20e-01	1.99e-01	5.81e-02	2.04e-02	1.63e-02	1.19e-03	2.89e-05
 1.40562e+22	4.40e-27	3.55e-14	9.28e-12	5.96e-10	8.76e-09	7.62e-08	7.75e-07	2.53e-04	9.59e-03	1.06e-01	2.84e-01	3.19e-01	1.92e-01	5.44e-02	1.86e-02	1.45e-02	1.02e-03	2.39e-05
 1.42246e+22	5.79e-27	4.55e-14	1.16e-11	7.27e-10	1.04e-08	8.82e-08	8.74e-07	2.77e-04	1.03e-02	1.11e-01	2.91e-01	3.18e-01	1.87e-01	5.16e-02	1.73e-02	1.32e-02	8.98e-04	2.05e-05
 1.43984e+22	8.30e-27	6.28e-14	1.56e-11	9.40e-10	1.30e-08	1.07e-07	1.02e-06	3.11e-04	1.12e-02	1.18e-01	3.00e-01	3.15e-01	1.79e-01	4.80e-02	1.58e-02	1.17e-02	7.62e-04	1.67e-05
 1.45775e+22	1.10e-26	8.10e-14	1.97e-11	1.15e-09	1.56e-08	1.24e-07	1.16e-06	3.42e-04	1.20e-02	1.24e-01	3.07e-01	3.13e-01	1.74e-01	4.53e-02	1.46e-02	1.05e-02	6.68e-04	1.42e-05
 1.47633e+22	1.60e-26	1.13e-13	2.66e-11	1.50e-09	1.96e-08	1.51e-07	1.36e-06	3.86e-04	1.31e-02	1.31e-01	3.15e-01	3.09e-01	1.66e-01	4.19e-02	1.32e-02	9.23e-03	5.62e-04	1.15e-05
 1.49513e+22	2.14e-26	1.46e-13	3.37e-11	1.85e-09	2.35e-08	1.76e-07	1.54e-06	4.25e-04	1.41e-02	1.37e-01	3.22e-01	3.06e-01	1.60e-01	3.93e-02	1.21e-02	8.30e-03	4.90e-04	9.71e-06
 1.51421e+22	3.12e-26	2.05e-13	4.58e-11	2.43e-09	2.97e-08	2.14e-07	1.82e-06	4.80e-04	1.54e-02	1.46e-01	3.30e-01	3.02e-01	1.52e-01	3.62e-02	1.09e-02	7.22e-03	4.08e-04	7.77e-06
 1.53381e+22	4.19e-26	2.67e-13	5.85e-11	3.01e-09	3.59e-08	2.51e-07	2.07e-06	5.29e-04	1.65e-02	1.53e-01	3.36e-01	2.98e-01	1.46e-01	3.38e-02	9.96e-03	6.45e-03	3.53e-04	6.50e-06
 1.55408e+22	6.26e-26	3.83e-13	8.11e-11	4.00e-09	4.60e-08	3.10e-07	2.46e-06	6.02e-04	1.81e-02	1.62e-01	3.44e-01	2.92e-01	1.38e-01	3.07e-02	8.83e-03	5.53e-03	2.89e-04	5.09e-06
 1.57446e+22	8.40e-26	4.98e-13	1.03e-10	4.95e-09	5.54e-08	3.63e-07	2.81e-06	6.63e-04	1.94e-02	1.69e-01	3.50e-01	2.87e-01	1.32e-01	2.86e-02	8.06e-03	4.93e-03	2.49e-04	4.25e-06
 1.59500e+22	1.26e-25	7.16e-13	1.44e-10	6.60e-09	7.12e-08	4.50e-07	3.34e-06	7.54e-04	2.13e-02	1.79e-01	3.57e-01	2.80e-01	1.24e-01	2.59e-02	7.11e-03	4.20e-03	2.03e-04	3.30e-06
 1.61581e+22	1.70e-25	9.43e-13	1.84e-10	8.23e-09	8.63e-08	5.29e-07	3.83e-06	8.34e-04	2.28e-02	1.87e-01	3.63e-01	2.74e-01	1.18e-01	2.40e-02	6.45e-03	3.71e-03	1.73e-04	2.71e-06
 1.63335e+22	2.24e-25	1.21e-12	2.32e-10	1.01e-08	1.03e-07	6.14e-07	4.33e-06	9.12e-04	2.43e-02	1.95e-01	3.67e-01	2.69e-01	1.13e-01	2.23e-02	5.89e-03	3.30e-03	1.49e-04	2.27e-06
 1.65250e+22	3.25e-25	1.71e-12	3.15e-10	1.31e-08	1.30e-07	7.49e-07	5.10e-06	1.03e-03	2.65e-02	2.05e-01	3.73e-01	2.61e-01	1.06e-01	2.01e-02	5.21e-03	2.82e-03	1.22e-04	1.77e-06
 1.67147e+22	4.24e-25	2.18e-12	3.93e-10	1.59e-08	1.54e-07	8.66e-07	5.75e-06	1.12e-03	2.81e-02	2.12e-01	3.76e-01	2.55e-01	1.01e-01	1.87e-02	4.75e-03	2.51e-03	1.05e-04	1.48e-06
 1.69018e+22	6.04e-25	3.04e-12	5.29e-10	2.06e-08	1.93e-07	1.05e-06	6.75e-06	1.26e-03	3.05e-02	2.23e-01	3.81e-01	2.47e-01	9.40e-02	1.69e-02	4.20e-03	2.14e-03	8.56e-05	1.15e-06
 1.70912e+22	1.05e-24	3.92e-12	6.64e-10	2.52e-08	2.30e-07	1.22e-06	7.65e-06	1.38e-03	3.24e-02	2.31e-01	3.84e-01	2.41e-01	8.91e-02	1.56e-02	3.80e-03	1.89e-03	7.30e-05	9.51e-07
 1.72836e+22	1.51e-24	5.52e-12	9.01e-10	3.28e-08	2.91e-07	1.49e-06	9.05e-06	1.56e-03	3.52e-02	2.42e-01	3.88e-01	2.32e-01	8.26e-02	1.39e-02	3.33e-03	1.59e-03	5.87e-05	7.29e-07
 1.74771e+22	1.97e-24	7.14e-12	1.13e-09	4.01e-08	3.48e-07	1.74e-06	1.03e-05	1.71e-03	3.75e-02	2.51e-01	3.90e-01	2.25e-01	7.79e-02	1.28e-02	3.00e-03	1.40e-03	4.96e-05	5.95e-07
 1.76720e+22	2.80e-24	1.01e-11	1.54e-09	5.23e-08	4.41e-07	2.13e-06	1.22e-05	1.93e-03	4.07e-02	2.63e-01	3.92e-01	2.15e-01	7.18e-02	1.13e-02	2.61e-03	1.17e-03	3.95e-05	4.51e-07
 1.78697e+22	3.68e-24	1.32e-11	1.96e-09	6.45e-08	5.32e-07	2.51e-06	1.40e-05	2.13e-03	4.35e-02	2.72e-01	3.94e-01	2.07e-01	6.72e-02	1.03e-02	2.33e-03	1.01e-03	3.28e-05	3.61e-07
 1.80707e+22	5.22e-24	1.88e-11	2.67e-09	8.46e-08	6.79e-07	3.11e-06	1.68e-05	2.42e-03	4.73e-02	2.85e-01	3.95e-01	1.97e-01	6.13e-02	9.02e-03	2.00e-03	8.32e-04	2.57e-05	2.68e-07
 1.82743e+22	6.83e-24	2.47e-11	3.39e-09	1.05e-07	8.24e-07	3.68e-06	1.94e-05	2.68e-03	5.06e-02	2.96e-01	3.95e-01	1.89e-01	5.69e-02	8.11e-03	1.77e-03	7.11e-04	2.11e-05	2.11e-07
 1.84753e+22	9.43e-24	3.46e-11	4.56e-09	1.36e-07	1.05e-06	4.54e-06	2.33e-05	3.04e-03	5.50e-02	3.09e-01	3.94e-01	1.78e-01	5.16e-02	7.07e-03	1.51e-03	5.82e-04	1.63e-05	1.55e-07
 1.86660e+22	1.18e-23	4.37e-11	5.61e-09	1.64e-07	1.24e-06	5.27e-06	2.65e-05	3.33e-03	5.84e-02	3.18e-01	3.93e-01	1.71e-01	4.81e-02	6.40e-03	1.35e-03	5.04e-04	1.36e-05	1.25e-07
 1.88490e+22	1.56e-23	5.93e-11	7.33e-09	2.08e-07	1.55e-06	6.43e-06	3.15e-05	3.76e-03	6.31e-02	3.31e-01	3.91e-01	1.61e-01	4.36e-02	5.59e-03	1.15e-03	4.14e-04	1.06e-05	0.00e+00
 1.90356e+22	1.93e-23	7.53e-11	9.04e-09	2.52e-07	1.85e-06	7.53e-06	3.63e-05	4.14e-03	6.71e-02	3.41e-01	3.88e-01	1.53e-01	4.02e-02	5.00e-03	1.02e-03	3.53e-04	8.71e-06	0.00e+00
 1.92137e+22	2.42e-23	9.84e-11	1.14e-08	3.12e-07	2.27e-06	9.04e-06	4.27e-05	4.64e-03	7.21e-02	3.52e-01	3.85e-01	1.44e-01	3.65e-02	4.38e-03	8.79e-04	2.93e-04	6.88e-06	0.00e+00
 1.93967e+22	2.96e-23	1.25e-10	1.41e-08	3.79e-07	2.74e-06	1.07e-05	4.96e-05	5.15e-03	7.70e-02	3.63e-01	3.80e-01	1.36e-01	3.33e-02	3.87e-03	7.66e-04	2.46e-04	5.52e-06	0.00e+00
 1.95742e+22	3.59e-23	1.58e-10	1.74e-08	4.61e-07	3.30e-06	1.27e-05	5.79e-05	5.73e-03	8.23e-02	3.74e-01	3.76e-01	1.28e-01	3.03e-02	3.40e-03	6.63e-04	2.04e-04	4.39e-06	0.00e+00
 1.97502e+22	4.26e-23	1.97e-10	2.12e-08	5.55e-07	3.95e-06	1.50e-05	6.73e-05	6.35e-03	8.77e-02	3.84e-01	3.70e-01	1.20e-01	2.75e-02	2.99e-03	5.76e-04	1.71e-04	3.52e-06	0.00e+00
 1.99230e+22	5.04e-23	2.44e-10	2.55e-08	6.65e-07	4.72e-06	1.76e-05	7.82e-05	7.04e-03	9.35e-02	3.94e-01	3.64e-01	1.13e-01	2.50e-02	2.63e-03	4.99e-04	1.43e-04	2.81e-06	0.00e+00
 2.00944e+22	5.86e-23	2.97e-10	3.06e-08	7.92e-07	5.61e-06	2.07e-05	9.06e-05	7.78e-03	9.94e-02	4.04e-01	3.58e-01	1.06e-01	2.26e-02	2.31e-03	4.33e-04	1.19e-04	2.24e-06	0.00e+00
 2.02640e+22	6.75e-23	3.59e-10	3.63e-08	9.38e-07	6.65e-06	2.42e-05	1.05e-04	8.61e-03	1.06e-01	4.13e-01	3.51e-01	9.89e-02	2.05e-02	2.03e-03	3.75e-04	9.95e-05	1.79e-06	0.00e+00
 2.04332e+22	7.72e-23	4.30e-10	4.29e-08	1.11e-06	7.86e-06	2.83e-05	1.21e-04	9.51e-03	1.12e-01	4.22e-01	3.43e-01	9.24e-02	1.86e-02	1.78e-03	3.25e-04	8.30e-05	1.43e-06	0.00e+00
 2.06026e+22	8.77e-23	5.11e-10	5.05e-08	1.30e-06	9.27e-06	3.30e-05	1.41e-04	1.05e-02	1.19e-01	4.30e-01	3.36e-01	8.61e-02	1.68e-02	1.56e-03	2.81e-04	6.92e-05	1.14e-06	0.00e+00
 2.07729e+22	9.91e-23	6.02e-10	5.90e-08	1.53e-06	1.09e-05	3.85e-05	1.63e-04	1.16e-02	1.26e-01	4.38e-01	3.27e-01	8.01e-02	1.51e-02	1.36e-03	2.42e-04	5.75e-05	9.10e-07	0.00e+00
 2.09448e+22	1.12e-22	7.06e-10	6.89e-08	1.79e-06	1.28e-05	4.48e-05	1.88e-04	1.28e-02	1.33e-01	4.46e-01	3.19e-01	7.44e-02	1.36e-02	1.19e-03	2.09e-04	4.78e-05	7.23e-07	0.00e+00
 2.11191e+22	1.26e-22	8.23e-10	8.02e-08	2.10e-06	1.51e-05	5.22e-05	2.18e-04	1.41e-02	1.41e-01	4.53e-01	3.10e-01	6.90e-02	1.22e-02	1.04e-03	1.79e-04	3.96e-05	5.73e-07	0.00e+00
 2.12964e+22	1.42e-22	9.54e-10	9.32e-08	2.45e-06	1.77e-05	6.08e-05	2.53e-04	1.56e-02	1.49e-01	4.59e-01	3.00e-01	6.38e-02	1.10e-02	9.01e-04	1.54e-04	3.27e-05	4.52e-07	0.00e+00
 2.14748e+22	1.61e-22	1.10e-09	1.08e-07	2.85e-06	2.07e-05	7.06e-05	2.92e-04	1.72e-02	1.57e-01	4.65e-01	2.91e-01	5.90e-02	9.83e-03	7.84e-04	1.32e-04	2.70e-05	3.58e-07	0.00e+00
 2.16572e+22	1.80e-22	1.27e-09	1.25e-07	3.34e-06	2.43e-05	8.23e-05	3.39e-04	1.90e-02	1.66e-01	4.70e-01	2.81e-01	5.43e-02	8.77e-03	6.78e-04	1.13e-04	2.22e-05	2.81e-07	0.00e+00
 2.18407e+22	2.04e-22	1.45e-09	1.44e-07	3.87e-06	2.84e-05	9.51e-05	3.91e-04	2.08e-02	1.75e-01	4.74e-01	2.71e-01	5.01e-02	7.86e-03	5.90e-04	9.65e-05	1.83e-05	2.22e-07	0.00e+00
 2.20292e+22	2.36e-22	1.66e-09	1.68e-07	4.54e-06	3.34e-05	1.11e-04	4.56e-04	2.31e-02	1.85e-01	4.78e-01	2.60e-01	4.58e-02	6.97e-03	5.07e-04	8.17e-05	1.49e-05	1.73e-07	0.00e+00
 2.22058e+22	2.66e-22	1.85e-09	1.90e-07	5.14e-06	3.80e-05	1.26e-04	5.14e-04	2.49e-02	1.93e-01	4.80e-01	2.52e-01	4.27e-02	6.34e-03	4.50e-04	7.16e-05	1.27e-05	1.41e-07	0.00e+00
 2.23862e+22	3.11e-22	2.11e-09	2.21e-07	6.04e-06	4.48e-05	1.47e-04	5.99e-04	2.76e-02	2.03e-01	4.83e-01	2.41e-01	3.89e-02	5.59e-03	3.85e-04	6.03e-05	1.03e-05	0.00e+00	0.00e+00
 2.25688e+22	3.55e-22	2.36e-09	2.50e-07	6.85e-06	5.09e-05	1.65e-04	6.73e-04	2.98e-02	2.11e-01	4.84e-01	2.33e-01	3.61e-02	5.08e-03	3.41e-04	5.28e-05	8.73e-06	0.00e+00	0.00e+00
 2.27544e+22	4.23e-22	2.70e-09	2.92e-07	8.04e-06	6.00e-05	1.93e-04	7.83e-04	3.29e-02	2.22e-01	4.85e-01	2.22e-01	3.28e-02	4.48e-03	2.92e-04	4.44e-05	7.06e-06	0.00e+00	0.00e+00
 2.29450e+22	4.90e-22	3.02e-09	3.33e-07	9.17e-06	6.84e-05	2.18e-04	8.85e-04	3.56e-02	2.31e-01	4.84e-01	2.13e-01	3.04e-02	4.05e-03	2.57e-04	3.86e-05	5.94e-06	0.00e+00	0.00e+00
 2.31420e+22	5.94e-22	3.46e-09	3.92e-07	1.08e-05	8.10e-05	2.56e-04	1.04e-03	3.94e-02	2.42e-01	4.84e-01	2.02e-01	2.74e-02	3.54e-03	2.17e-04	3.21e-05	4.74e-06	0.00e+00	0.00e+00
 2.33415e+22	7.01e-22	3.89e-09	4.48e-07	1.24e-05	9.24e-05	2.89e-04	1.16e-03	4.25e-02	2.51e-01	4.82e-01	1.94e-01	2.53e-02	3.19e-03	1.91e-04	2.79e-05	4.00e-06	0.00e+00	0.00e+00
 2.35442e+22	8.63e-22	4.48e-09	5.31e-07	1.47e-05	1.09e-04	3.38e-04	1.36e-03	4.69e-02	2.63e-01	4.79e-01	1.83e-01	2.27e-02	2.78e-03	1.61e-04	2.31e-05	3.18e-06	0.00e+00	0.00e+00
 2.37483e+22	1.03e-21	5.04e-09	6.09e-07	1.68e-05	1.25e-04	3.81e-04	1.53e-03	5.05e-02	2.72e-01	4.77e-01	1.75e-01	2.09e-02	2.51e-03	1.42e-04	2.00e-05	2.68e-06	0.00e+00	0.00e+00
 2.39541e+22	1.28e-21	5.82e-09	7.24e-07	1.99e-05	1.47e-04	4.44e-04	1.78e-03	5.56e-02	2.84e-01	4.72e-01	1.64e-01	1.87e-02	2.18e-03	1.20e-04	1.66e-05	2.13e-06	0.00e+00	0.00e+00
 2.41624e+22	1.54e-21	6.59e-09	8.34e-07	2.28e-05	1.68e-04	5.00e-04	1.99e-03	5.97e-02	2.93e-01	4.68e-01	1.57e-01	1.72e-02	1.96e-03	1.05e-04	1.44e-05	1.79e-06	0.00e+00	0.00e+00
 2.43738e+22	1.95e-21	7.67e-09	9.98e-07	2.71e-05	1.99e-04	5.83e-04	2.31e-03	6.55e-02	3.05e-01	4.62e-01	1.47e-01	1.54e-02	1.70e-03	8.81e-05	1.18e-05	1.42e-06	0.00e+00	0.00e+00
 2.45885e+22	2.38e-21	8.73e-09	1.16e-06	3.12e-05	2.27e-04	6.57e-04	2.59e-03	7.03e-02	3.14e-01	4.57e-01	1.39e-01	1.41e-02	1.53e-03	7.70e-05	1.02e-05	1.18e-06	0.00e+00	0.00e+00
 2.48077e+22	3.07e-21	1.03e-08	1.40e-06	3.73e-05	2.69e-04	7.67e-04	3.01e-03	7.70e-02	3.26e-01	4.49e-01	1.30e-01	1.25e-02	1.32e-03	6.43e-05	8.37e-06	9.31e-07	0.00e+00	0.00e+00
 2.50308e+22	3.80e-21	1.18e-08	1.63e-06	4.32e-05	3.08e-04	8.65e-04	3.37e-03	8.26e-02	3.35e-01	4.43e-01	1.23e-01	1.14e-02	1.17e-03	5.59e-05	7.17e-06	7.73e-07	0.00e+00	0.00e+00
 2.52590e+22	4.99e-21	1.40e-08	1.99e-06	5.21e-05	3.66e-04	1.01e-03	3.91e-03	9.04e-02	3.46e-01	4.33e-01	1.14e-01	1.00e-02	1.01e-03	4.64e-05	5.84e-06	6.04e-07	0.00e+00	0.00e+00
 2.54923e+22	6.27e-21	1.63e-08	2.35e-06	6.06e-05	4.21e-04	1.14e-03	4.38e-03	9.69e-02	3.55e-01	4.25e-01	1.07e-01	9.09e-03	8.93e-04	4.00e-05	4.96e-06	4.97e-07	0.00e+00	0.00e+00
 2.56888e+22	7.69e-21	1.86e-08	2.72e-06	6.93e-05	4.75e-04	1.27e-03	4.85e-03	1.03e-01	3.63e-01	4.18e-01	1.01e-01	8.31e-03	8.02e-04	3.51e-05	4.30e-06	4.18e-07	0.00e+00	0.00e+00
 2.59009e+22	9.98e-21	2.20e-08	3.28e-06	8.25e-05	5.57e-04	1.46e-03	5.54e-03	1.11e-01	3.72e-01	4.07e-01	9.35e-02	7.38e-03	6.94e-04	2.95e-05	3.55e-06	3.31e-07	0.00e+00	0.00e+00
 2.61139e+22	1.24e-20	2.54e-08	3.81e-06	9.45e-05	6.28e-04	1.63e-03	6.09e-03	1.18e-01	3.79e-01	3.99e-01	8.83e-02	6.75e-03	6.24e-04	2.59e-05	3.07e-06	2.80e-07	0.00e+00	0.00e+00
 2.63281e+22	1.62e-20	3.03e-08	4.62e-06	1.13e-04	7.35e-04	1.87e-03	6.92e-03	1.27e-01	3.87e-01	3.88e-01	8.16e-02	5.98e-03	5.40e-04	2.17e-05	2.54e-06	2.22e-07	0.00e+00	0.00e+00
 2.65408e+22	2.01e-20	3.49e-08	5.36e-06	1.29e-04	8.27e-04	2.06e-03	7.58e-03	1.34e-01	3.93e-01	3.80e-01	7.70e-02	5.48e-03	4.85e-04	1.91e-05	2.20e-06	1.87e-07	0.00e+00	0.00e+00
 2.67517e+22	2.65e-20	4.18e-08	6.48e-06	1.53e-04	9.62e-04	2.35e-03	8.56e-03	1.43e-01	4.00e-01	3.68e-01	7.10e-02	4.86e-03	4.21e-04	1.61e-05	1.82e-06	1.50e-07	0.00e+00	0.00e+00
 2.69650e+22	3.32e-20	4.86e-08	7.56e-06	1.75e-04	1.08e-03	2.61e-03	9.37e-03	1.51e-01	4.05e-01	3.59e-01	6.68e-02	4.43e-03	3.77e-04	1.41e-05	1.57e-06	1.26e-07	0.00e+00	0.00e+00
 2.71815e+22	4.42e-20	5.89e-08	9.20e-06	2.09e-04	1.26e-03	2.97e-03	1.05e-02	1.61e-01	4.11e-01	3.47e-01	6.14e-02	3.92e-03	3.26e-04	1.18e-05	1.30e-06	0.00e+00	0.00e+00	0.00e+00
 2.74020e+22	5.61e-20	6.91e-08	1.08e-05	2.41e-04	1.43e-03	3.30e-03	1.16e-02	1.69e-01	4.16e-01	3.37e-01	5.74e-02	3.55e-03	2.90e-04	1.03e-05	1.11e-06	0.00e+00	0.00e+00	0.00e+00
 2.76276e+22	7.61e-20	8.48e-08	1.33e-05	2.90e-04	1.67e-03	3.77e-03	1.30e-02	1.81e-01	4.21e-01	3.24e-01	5.24e-02	3.11e-03	2.48e-04	8.53e-06	9.10e-07	0.00e+00	0.00e+00	0.00e+00
 2.78548e+22	9.76e-20	1.01e-07	1.57e-05	3.35e-04	1.89e-03	4.17e-03	1.42e-02	1.90e-01	4.24e-01	3.14e-01	4.89e-02	2.82e-03	2.21e-04	7.43e-06	7.81e-07	0.00e+00	0.00e+00	0.00e+00
 2.80841e+22	1.33e-19	1.24e-07	1.93e-05	4.04e-04	2.21e-03	4.77e-03	1.60e-02	2.02e-01	4.27e-01	3.00e-01	4.44e-02	2.46e-03	1.88e-04	6.13e-06	6.33e-07	0.00e+00	0.00e+00	0.00e+00
 2.83158e+22	1.73e-19	1.48e-07	2.29e-05	4.68e-04	2.50e-03	5.28e-03	1.74e-02	2.11e-01	4.29e-01	2.90e-01	4.13e-02	2.22e-03	1.67e-04	5.31e-06	5.41e-07	0.00e+00	0.00e+00	0.00e+00
 2.85507e+22	2.39e-19	1.85e-07	2.84e-05	5.66e-04	2.93e-03	6.03e-03	1.96e-02	2.24e-01	4.31e-01	2.76e-01	3.73e-02	1.93e-03	1.42e-04	4.36e-06	4.37e-07	0.00e+00	0.00e+00	0.00e+00
 2.87909e+22	3.14e-19	2.23e-07	3.39e-05	6.60e-04	3.32e-03	6.69e-03	2.13e-02	2.34e-01	4.31e-01	2.66e-01	3.45e-02	1.73e-03	1.25e-04	3.75e-06	3.70e-07	0.00e+00	0.00e+00	0.00e+00
 2.90380e+22	4.45e-19	2.83e-07	4.25e-05	8.05e-04	3.92e-03	7.67e-03	2.40e-02	2.48e-01	4.31e-01	2.51e-01	3.08e-02	1.49e-03	1.04e-04	3.04e-06	2.95e-07	0.00e+00	0.00e+00	0.00e+00
 2.92902e+22	5.94e-19	3.46e-07	5.11e-05	9.44e-04	4.46e-03	8.52e-03	2.61e-02	2.59e-01	4.31e-01	2.41e-01	2.83e-02	1.33e-03	9.13e-05	2.59e-06	2.47e-07	0.00e+00	0.00e+00	0.00e+00
 2.95491e+22	8.60e-19	4.45e-07	6.48e-05	1.16e-03	5.28e-03	9.79e-03	2.94e-02	2.74e-01	4.28e-01	2.26e-01	2.51e-02	1.13e-03	7.57e-05	2.08e-06	1.94e-07	0.00e+00	0.00e+00	0.00e+00
 2.98100e+22	1.16e-18	5.47e-07	7.81e-05	1.36e-03	6.01e-03	1.09e-02	3.19e-02	2.85e-01	4.26e-01	2.15e-01	2.29e-02	1.00e-03	6.59e-05	1.76e-06	1.62e-07	0.00e+00	0.00e+00	0.00e+00
 3.00735e+22	1.69e-18	7.11e-07	9.94e-05	1.68e-03	7.10e-03	1.25e-02	3.57e-02	3.00e-01	4.21e-01	2.01e-01	2.02e-02	8.48e-04	5.44e-05	1.40e-06	1.27e-07	0.00e+00	0.00e+00	0.00e+00
 3.03240e+22	2.22e-18	8.57e-07	1.18e-04	1.94e-03	7.98e-03	1.37e-02	3.85e-02	3.10e-01	4.17e-01	1.91e-01	1.85e-02	7.56e-04	4.76e-05	1.20e-06	0.00e+00	0.00e+00	0.00e+00	0.00e+00
 3.05576e+22	3.08e-18	1.08e-06	1.44e-04	2.31e-03	9.17e-03	1.53e-02	4.20e-02	3.22e-01	4.12e-01	1.80e-01	1.66e-02	6.58e-04	4.05e-05	9.94e-07	0.00e+00	0.00e+00	0.00e+00	0.00e+00
 3.08072e+22	4.21e-18	1.33e-06	1.75e-04	2.72e-03	1.04e-02	1.69e-02	4.56e-02	3.33e-01	4.06e-01	1.70e-01	1.50e-02	5.75e-04	3.47e-05	8.29e-07	0.00e+00	0.00e+00	0.00e+00	0.00e+00
 3.10398e+22	3.76e-18	1.64e-06	2.10e-04	3.17e-03	1.18e-02	1.87e-02	4.92e-02	3.43e-01	4.00e-01	1.60e-01	1.36e-02	5.06e-04	2.99e-05	6.97e-07	0.00e+00	0.00e+00	0.00e+00	0.00e+00
 3.12585e+22	4.92e-18	1.97e-06	2.48e-04	3.66e-03	1.32e-02	2.04e-02	5.27e-02	3.52e-01	3.94e-01	1.51e-01	1.23e-02	4.49e-04	2.60e-05	5.93e-07	0.00e+00	0.00e+00	0.00e+00	0.00e+00
 3.14657e+22	6.41e-18	2.38e-06	2.91e-04	4.20e-03	1.47e-02	2.22e-02	5.63e-02	3.61e-01	3.87e-01	1.43e-01	1.12e-02	3.99e-04	2.27e-05	5.06e-07	0.00e+00	0.00e+00	0.00e+00	0.00e+00
 3.17037e+22	9.09e-18	3.01e-06	3.59e-04	5.00e-03	1.68e-02	2.47e-02	6.10e-02	3.71e-01	3.78e-01	1.33e-01	9.95e-03	3.42e-04	1.90e-05	4.12e-07	0.00e+00	0.00e+00	0.00e+00	0.00e+00
 3.19459e+22	1.20e-17	3.66e-06	4.25e-04	5.77e-03	1.88e-02	2.69e-02	6.51e-02	3.80e-01	3.69e-01	1.25e-01	8.98e-03	3.01e-04	1.65e-05	3.48e-07	0.00e+00	0.00e+00	0.00e+00	0.00e+00
 3.21935e+22	1.71e-17	4.66e-06	5.24e-04	6.88e-03	2.15e-02	2.99e-02	7.04e-02	3.89e-01	3.58e-01	1.15e-01	7.90e-03	2.57e-04	1.37e-05	2.81e-07	0.00e+00	0.00e+00	0.00e+00	0.00e+00
 3.24472e+22	2.33e-17	5.74e-06	6.28e-04	8.00e-03	2.41e-02	3.27e-02	7.52e-02	3.97e-01	3.48e-01	1.07e-01	7.04e-03	2.23e-04	1.17e-05	2.33e-07	0.00e+00	0.00e+00	0.00e+00	0.00e+00
 3.26709e+22	3.09e-17	6.98e-06	7.43e-04	9.20e-03	2.69e-02	3.55e-02	7.99e-02	4.03e-01	3.39e-01	9.97e-02	6.31e-03	1.95e-04	9.98e-06	1.95e-07	0.00e+00	0.00e+00	0.00e+00	0.00e+00
 3.29239e+22	4.44e-17	8.92e-06	9.15e-04	1.09e-02	3.06e-02	3.93e-02	8.58e-02	4.10e-01	3.26e-01	9.11e-02	5.50e-03	1.65e-04	8.23e-06	1.56e-07	0.00e+00	0.00e+00	0.00e+00	0.00e+00
 3.31883e+22	6.16e-17	1.11e-05	1.10e-03	1.28e-02	3.43e-02	4.28e-02	9.12e-02	4.15e-01	3.14e-01	8.38e-02	4.84e-03	1.41e-04	6.90e-06	1.28e-07	0.00e+00	0.00e+00	0.00e+00	0.00e+00
 3.34286e+22	8.38e-17	1.36e-05	1.31e-03	1.47e-02	3.83e-02	4.65e-02	9.66e-02	4.19e-01	3.02e-01	7.71e-02	4.27e-03	1.22e-04	5.81e-06	0.00e+00	0.00e+00	0.00e+00	0.00e+00	0.00e+00
 3.37016e+22	1.24e-16	1.77e-05	1.64e-03	1.76e-02	4.37e-02	5.13e-02	1.03e-01	4.23e-01	2.86e-01	6.92e-02	3.64e-03	1.01e-04	4.67e-06	0.00e+00	0.00e+00	0.00e+00	0.00e+00	0.00e+00
 3.39818e+22	1.75e-16	2.21e-05	1.97e-03	2.05e-02	4.89e-02	5.58e-02	1.09e-01	4.25e-01	2.73e-01	6.27e-02	3.15e-03	8.50e-05	3.85e-06	0.00e+00	0.00e+00	0.00e+00	0.00e+00	0.00e+00
 3.42302e+22	2.40e-16	2.72e-05	2.35e-03	2.37e-02	5.42e-02	6.02e-02	1.15e-01	4.25e-01	2.60e-01	5.71e-02	2.75e-03	7.23e-05	3.20e-06	0.00e+00	0.00e+00	0.00e+00	0.00e+00	0.00e+00
 3.45122e+22	3.58e-16	3.53e-05	2.91e-03	2.82e-02	6.14e-02	6.59e-02	1.22e-01	4.24e-01	2.43e-01	5.04e-02	2.31e-03	5.88e-05	2.53e-06	0.00e+00	0.00e+00	0.00e+00	0.00e+00	0.00e+00
 3.48031e+22	5.16e-16	4.42e-05	3.51e-03	3.27e-02	6.83e-02	7.12e-02	1.28e-01	4.21e-01	2.28e-01	4.50e-02	1.97e-03	4.89e-05	2.05e-06	0.00e+00	0.00e+00	0.00e+00	0.00e+00	0.00e+00
 3.50635e+22	7.17e-16	5.45e-05	4.18e-03	3.76e-02	7.53e-02	7.63e-02	1.33e-01	4.17e-01	2.15e-01	4.03e-02	1.69e-03	4.09e-05	1.67e-06	0.00e+00	0.00e+00	0.00e+00	0.00e+00	0.00e+00
 3.53598e+22	1.09e-15	7.10e-05	5.18e-03	4.46e-02	8.48e-02	8.28e-02	1.39e-01	4.10e-01	1.97e-01	3.49e-02	1.38e-03	3.25e-05	1.29e-06	0.00e+00	0.00e+00	0.00e+00	0.00e+00	0.00e+00
 3.56596e+22	1.60e-15	8.83e-05	6.19e-03	5.12e-02	9.33e-02	8.84e-02	1.44e-01	4.02e-01	1.83e-01	3.06e-02	1.16e-03	2.66e-05	1.03e-06	0.00e+00	0.00e+00	0.00e+00	0.00e+00	0.00e+00
 3.59223e+22	2.21e-15	1.08e-04	7.30e-03	5.83e-02	1.02e-01	9.37e-02	1.49e-01	3.93e-01	1.69e-01	2.71e-02	9.81e-04	2.20e-05	8.28e-07	0.00e+00	0.00e+00	0.00e+00	0.00e+00	0.00e+00
 3.62220e+22	3.45e-15	1.40e-04	8.95e-03	6.81e-02	1.13e-01	1.00e-01	1.53e-01	3.80e-01	1.53e-01	2.30e-02	7.90e-04	1.72e-05	6.27e-07	0.00e+00	0.00e+00	0.00e+00	0.00e+00	0.00e+00
 3.65288e+22	5.25e-15	1.73e-04	1.06e-02	7.75e-02	1.23e-01	1.06e-01	1.57e-01	3.67e-01	1.39e-01	1.98e-02	6.52e-04	1.39e-05	4.90e-07	0.00e+00	0.00e+00	0.00e+00	0.00e+00	0.00e+00
 3.68017e+22	7.45e-15	2.11e-04	1.24e-02	8.74e-02	1.32e-01	1.11e-01	1.59e-01	3.54e-01	1.27e-01	1.72e-02	5.40e-04	1.12e-05	3.86e-07	0.00e+00	0.00e+00	0.00e+00	0.00e+00	0.00e+00
 3.71137e+22	1.18e-14	2.71e-04	1.51e-02	1.01e-01	1.45e-01	1.17e-01	1.61e-01	3.35e-01	1.11e-01	1.42e-02	4.23e-04	8.53e-06	2.83e-07	0.00e+00	0.00e+00	0.00e+00	0.00e+00	0.00e+00
 3.74327e+22	1.92e-14	3.33e-04	1.78e-02	1.14e-01	1.55e-01	1.21e-01	1.62e-01	3.18e-01	9.94e-02	1.20e-02	3.40e-04	6.70e-06	2.16e-07	0.00e+00	0.00e+00	0.00e+00	0.00e+00	0.00e+00
 3.77149e+22	2.85e-14	4.04e-04	2.07e-02	1.27e-01	1.65e-01	1.25e-01	1.62e-01	3.01e-01	8.87e-02	1.01e-02	2.76e-04	5.31e-06	1.66e-07	0.00e+00	0.00e+00	0.00e+00	0.00e+00	0.00e+00
 3.79910e+22	4.21e-14	4.85e-04	2.38e-02	1.40e-01	1.74e-01	1.29e-01	1.61e-01	2.83e-01	7.89e-02	8.57e-03	2.23e-04	4.20e-06	1.28e-07	0.00e+00	0.00e+00	0.00e+00	0.00e+00	0.00e+00
 3.83047e+22	7.00e-14	6.08e-04	2.82e-02	1.57e-01	1.86e-01	1.32e-01	1.59e-01	2.62e-01	6.76e-02	6.89e-03	1.71e-04	3.12e-06	0.00e+00	0.00e+00	0.00e+00	0.00e+00	0.00e+00	0.00e+00
 3.86220e+22	1.31e-13	7.31e-04	3.24e-02	1.73e-01	1.94e-01	1.35e-01	1.57e-01	2.43e-01	5.90e-02	5.70e-03	1.35e-04	2.41e-06	0.00e+00	0.00e+00	0.00e+00	0.00e+00	0.00e+00	0.00e+00
 3.88976e+22	1.99e-13	8.66e-04	3.68e-02	1.88e-01	2.02e-01	1.36e-01	1.54e-01	2.26e-01	5.17e-02	4.75e-03	1.08e-04	1.89e-06	0.00e+00	0.00e+00	0.00e+00	0.00e+00	0.00e+00	0.00e+00
 3.92097e+22	3.56e-13	1.07e-03	4.29e-02	2.08e-01	2.11e-01	1.37e-01	1.49e-01	2.04e-01	4.34e-02	3.74e-03	8.09e-05	1.38e-06	0.00e+00	0.00e+00	0.00e+00	0.00e+00	0.00e+00	0.00e+00
 3.95291e+22	7.18e-13	1.27e-03	4.86e-02	2.25e-01	2.17e-01	1.37e-01	1.44e-01	1.86e-01	3.73e-02	3.04e-03	6.29e-05	1.05e-06	0.00e+00	0.00e+00	0.00e+00	0.00e+00	0.00e+00	0.00e+00
 3.98028e+22	1.20e-12	1.47e-03	5.42e-02	2.40e-01	2.23e-01	1.37e-01	1.39e-01	1.71e-01	3.22e-02	2.50e-03	4.98e-05	8.11e-07	0.00e+00	0.00e+00	0.00e+00	0.00e+00	0.00e+00	0.00e+00
 4.01034e+22	2.72e-12	1.77e-03	6.18e-02	2.59e-01	2.28e-01	1.36e-01	1.32e-01	1.53e-01	2.68e-02	1.96e-03	3.73e-05	5.91e-07	0.00e+00	0.00e+00	0.00e+00	0.00e+00	0.00e+00	0.00e+00
 4.04114e+22	6.57e-12	2.06e-03	6.87e-02	2.75e-01	2.31e-01	1.34e-01	1.26e-01	1.38e-01	2.28e-02	1.58e-03	2.89e-05	4.49e-07	0.00e+00	0.00e+00	0.00e+00	0.00e+00	0.00e+00	0.00e+00
 4.06861e+22	1.44e-11	2.38e-03	7.59e-02	2.91e-01	2.33e-01	1.32e-01	1.20e-01	1.25e-01	1.94e-02	1.28e-03	2.25e-05	3.42e-07	0.00e+00	0.00e+00	0.00e+00	0.00e+00	0.00e+00	0.00e+00
 4.09333e+22	3.37e-11	2.67e-03	8.23e-02	3.04e-01	2.35e-01	1.30e-01	1.15e-01	1.14e-01	1.69e-02	1.07e-03	1.82e-05	2.72e-07	0.00e+00	0.00e+00	0.00e+00	0.00e+00	0.00e+00	0.00e+00
 4.11541e+22	1.09e-10	2.97e-03	8.85e-02	3.15e-01	2.35e-01	1.27e-01	1.10e-01	1.05e-01	1.48e-02	9.01e-04	1.49e-05	2.19e-07	0.00e+00	0.00e+00	0.00e+00	0.00e+00	0.00e+00	0.00e+00
 4.14077e+22	3.05e-10	3.40e-03	9.68e-02	3.29e-01	2.35e-01	1.24e-01	1.04e-01	9.37e-02	1.25e-02	7.24e-04	1.16e-05	1.66e-07	0.00e+00	0.00e+00	0.00e+00	0.00e+00	0.00e+00	0.00e+00
 4.16698e+22	2.74e-09	3.82e-03	1.05e-01	3.42e-01	2.34e-01	1.21e-01	9.84e-02	8.45e-02	1.07e-02	5.91e-04	9.13e-06	1.28e-07	0.00e+00	0.00e+00	0.00e+00	0.00e+00	0.00e+00	0.00e+00
 4.19012e+22	1.32e-08	4.25e-03	1.12e-01	3.53e-01	2.33e-01	1.18e-01	9.33e-02	7.68e-02	9.23e-03	4.91e-04	7.36e-06	0.00e+00	0.00e+00	0.00e+00	0.00e+00	0.00e+00	0.00e+00	0.00e+00
 4.21599e+22	6.75e-08	4.85e-03	1.22e-01	3.66e-01	2.31e-01	1.14e-01	8.69e-02	6.76e-02	7.64e-03	3.86e-04	5.57e-06	0.00e+00	0.00e+00	0.00e+00	0.00e+00	0.00e+00	0.00e+00	0.00e+00
 4.24237e+22	8.20e-07	5.39e-03	1.31e-01	3.76e-01	2.28e-01	1.10e-01	8.17e-02	6.08e-02	6.51e-03	3.15e-04	4.41e-06	0.00e+00	0.00e+00	0.00e+00	0.00e+00	0.00e+00	0.00e+00	0.00e+00
 4.26942e+22	1.13e-06	6.11e-03	1.42e-01	3.88e-01	2.25e-01	1.05e-01	7.56e-02	5.32e-02	5.36e-03	2.46e-04	3.33e-06	0.00e+00	0.00e+00	0.00e+00	0.00e+00	0.00e+00	0.00e+00	0.00e+00
 4.29715e+22	1.49e-06	6.84e-03	1.52e-01	3.97e-01	2.21e-01	1.01e-01	7.04e-02	4.72e-02	4.48e-03	1.97e-04	2.57e-06	0.00e+00	0.00e+00	0.00e+00	0.00e+00	0.00e+00	0.00e+00	0.00e+00
 4.32151e+22	1.83e-06	7.55e-03	1.62e-01	4.05e-01	2.17e-01	9.73e-02	6.57e-02	4.21e-02	3.80e-03	1.60e-04	2.03e-06	0.00e+00	0.00e+00	0.00e+00	0.00e+00	0.00e+00	0.00e+00	0.00e+00
 4.34890e+22	2.29e-06	8.55e-03	1.74e-01	4.14e-01	2.11e-01	9.23e-02	6.01e-02	3.64e-02	3.07e-03	1.23e-04	1.50e-06	0.00e+00	0.00e+00	0.00e+00	0.00e+00	0.00e+00	0.00e+00	0.00e+00
 4.37693e+22	2.74e-06	9.44e-03	1.85e-01	4.21e-01	2.06e-01	8.82e-02	5.56e-02	3.22e-02	2.57e-03	9.84e-05	1.17e-06	0.00e+00	0.00e+00	0.00e+00	0.00e+00	0.00e+00	0.00e+00	0.00e+00
 4.40578e+22	3.37e-06	1.07e-02	1.99e-01	4.28e-01	1.99e-01	8.29e-02	5.03e-02	2.74e-02	2.04e-03	7.39e-05	8.43e-07	0.00e+00	0.00e+00	0.00e+00	0.00e+00	0.00e+00	0.00e+00	0.00e+00
 4.43495e+22	3.96e-06	1.18e-02	2.11e-01	4.33e-01	1.93e-01	7.88e-02	4.63e-02	2.41e-02	1.70e-03	5.87e-05	6.49e-07	0.00e+00	0.00e+00	0.00e+00	0.00e+00	0.00e+00	0.00e+00	0.00e+00
 4.46454e+22	4.83e-06	1.34e-02	2.27e-01	4.38e-01	1.86e-01	7.35e-02	4.15e-02	2.03e-02	1.33e-03	4.35e-05	4.62e-07	0.00e+00	0.00e+00	0.00e+00	0.00e+00	0.00e+00	0.00e+00	0.00e+00
 4.49439e+22	5.59e-06	1.47e-02	2.39e-01	4.40e-01	1.79e-01	6.95e-02	3.80e-02	1.77e-02	1.10e-03	3.43e-05	3.54e-07	0.00e+00	0.00e+00	0.00e+00	0.00e+00	0.00e+00	0.00e+00	0.00e+00
 4.52459e+22	6.69e-06	1.66e-02	2.56e-01	4.42e-01	1.71e-01	6.45e-02	3.39e-02	1.49e-02	8.57e-04	2.54e-05	2.52e-07	0.00e+00	0.00e+00	0.00e+00	0.00e+00	0.00e+00	0.00e+00	0.00e+00
 4.55572e+22	7.76e-06	1.84e-02	2.70e-01	4.43e-01	1.64e-01	6.04e-02	3.06e-02	1.28e-02	6.93e-04	1.96e-05	1.88e-07	0.00e+00	0.00e+00	0.00e+00	0.00e+00	0.00e+00	0.00e+00	0.00e+00
 4.58807e+22	9.28e-06	2.08e-02	2.88e-01	4.42e-01	1.55e-01	5.55e-02	2.69e-02	1.06e-02	5.29e-04	1.41e-05	1.30e-07	0.00e+00	0.00e+00	0.00e+00	0.00e+00	0.00e+00	0.00e+00	0.00e+00
 4.62098e+22	1.07e-05	2.29e-02	3.03e-01	4.41e-01	1.48e-01	5.17e-02	2.42e-02	9.03e-03	4.25e-04	1.08e-05	0.00e+00	0.00e+00	0.00e+00	0.00e+00	0.00e+00	0.00e+00	0.00e+00	0.00e+00
 4.64701e+22	1.19e-05	2.47e-02	3.14e-01	4.39e-01	1.43e-01	4.88e-02	2.22e-02	7.99e-03	3.58e-04	8.80e-06	0.00e+00	0.00e+00	0.00e+00	0.00e+00	0.00e+00	0.00e+00	0.00e+00	0.00e+00
 4.67321e+22	1.35e-05	2.71e-02	3.30e-01	4.35e-01	1.35e-01	4.53e-02	1.99e-02	6.80e-03	2.86e-04	6.72e-06	0.00e+00	0.00e+00	0.00e+00	0.00e+00	0.00e+00	0.00e+00	0.00e+00	0.00e+00
 4.69949e+22	1.50e-05	2.91e-02	3.41e-01	4.32e-01	1.30e-01	4.27e-02	1.83e-02	6.01e-03	2.41e-04	5.46e-06	0.00e+00	0.00e+00	0.00e+00	0.00e+00	0.00e+00	0.00e+00	0.00e+00	0.00e+00
 4.72589e+22	1.69e-05	3.18e-02	3.56e-01	4.27e-01	1.23e-01	3.96e-02	1.64e-02	5.13e-03	1.94e-04	4.20e-06	0.00e+00	0.00e+00	0.00e+00	0.00e+00	0.00e+00	0.00e+00	0.00e+00	0.00e+00
 4.75295e+22	1.87e-05	3.42e-02	3.69e-01	4.22e-01	1.18e-01	3.70e-02	1.49e-02	4.47e-03	1.61e-04	3.35e-06	0.00e+00	0.00e+00	0.00e+00	0.00e+00	0.00e+00	0.00e+00	0.00e+00	0.00e+00
 4.78088e+22	2.12e-05	3.75e-02	3.85e-01	4.15e-01	1.11e-01	3.40e-02	1.31e-02	3.76e-03	1.27e-04	2.52e-06	0.00e+00	0.00e+00	0.00e+00	0.00e+00	0.00e+00	0.00e+00	0.00e+00	0.00e+00
 4.80885e+22	2.34e-05	4.03e-02	3.98e-01	4.09e-01	1.06e-01	3.17e-02	1.19e-02	3.28e-03	1.05e-04	2.02e-06	0.00e+00	0.00e+00	0.00e+00	0.00e+00	0.00e+00	0.00e+00	0.00e+00	0.00e+00
 4.83689e+22	2.64e-05	4.40e-02	4.13e-01	4.01e-01	9.92e-02	2.91e-02	1.05e-02	2.76e-03	8.28e-05	1.52e-06	0.00e+00	0.00e+00	0.00e+00	0.00e+00	0.00e+00	0.00e+00	0.00e+00	0.00e+00
 4.86560e+22	2.91e-05	4.73e-02	4.26e-01	3.94e-01	9.40e-02	2.70e-02	9.49e-03	2.39e-03	6.80e-05	1.20e-06	0.00e+00	0.00e+00	0.00e+00	0.00e+00	0.00e+00	0.00e+00	0.00e+00	0.00e+00
 4.89519e+22	3.28e-05	5.17e-02	4.43e-01	3.83e-01	8.76e-02	2.45e-02	8.28e-03	1.98e-03	5.27e-05	8.89e-07	0.00e+00	0.00e+00	0.00e+00	0.00e+00	0.00e+00	0.00e+00	0.00e+00	0.00e+00
 4.92502e+22	3.60e-05	5.54e-02	4.55e-01	3.75e-01	8.28e-02	2.27e-02	7.45e-03	1.71e-03	4.33e-05	7.04e-07	0.00e+00	0.00e+00	0.00e+00	0.00e+00	0.00e+00	0.00e+00	0.00e+00	0.00e+00
 4.95517e+22	4.04e-05	6.05e-02	4.71e-01	3.63e-01	7.69e-02	2.05e-02	6.47e-03	1.41e-03	3.34e-05	5.18e-07	0.00e+00	0.00e+00	0.00e+00	0.00e+00	0.00e+00	0.00e+00	0.00e+00	0.00e+00
 4.98322e+22	4.34e-05	6.39e-02	4.80e-01	3.56e-01	7.33e-02	1.92e-02	5.92e-03	1.25e-03	2.85e-05	4.29e-07	0.00e+00	0.00e+00	0.00e+00	0.00e+00	0.00e+00	0.00e+00	0.00e+00	0.00e+00
 5.00296e+22	4.60e-05	6.67e-02	4.88e-01	3.50e-01	7.04e-02	1.82e-02	5.50e-03	1.14e-03	2.50e-05	3.67e-07	0.00e+00	0.00e+00	0.00e+00	0.00e+00	0.00e+00	0.00e+00	0.00e+00	0.00e+00
 5.02304e+22	4.94e-05	7.04e-02	4.98e-01	3.42e-01	6.69e-02	1.70e-02	5.01e-03	1.00e-03	2.11e-05	3.01e-07	0.00e+00	0.00e+00	0.00e+00	0.00e+00	0.00e+00	0.00e+00	0.00e+00	0.00e+00
 5.04557e+22	5.29e-05	7.41e-02	5.07e-01	3.34e-01	6.37e-02	1.59e-02	4.57e-03	8.88e-04	1.79e-05	2.48e-07	0.00e+00	0.00e+00	0.00e+00	0.00e+00	0.00e+00	0.00e+00	0.00e+00	0.00e+00
 5.07130e+22	5.79e-05	7.94e-02	5.19e-01	3.23e-01	5.95e-02	1.45e-02	4.04e-03	7.54e-04	1.44e-05	1.92e-07	0.00e+00	0.00e+00	0.00e+00	0.00e+00	0.00e+00	0.00e+00	0.00e+00	0.00e+00
 5.09559e+22	6.15e-05	8.31e-02	5.26e-01	3.16e-01	5.68e-02	1.36e-02	3.72e-03	6.77e-04	1.24e-05	1.62e-07	0.00e+00	0.00e+00	0.00e+00	0.00e+00	0.00e+00	0.00e+00	0.00e+00	0.00e+00
 5.11505e+22	6.52e-05	8.69e-02	5.34e-01	3.08e-01	5.42e-02	1.28e-02	3.42e-03	6.07e-04	1.08e-05	1.36e-07	0.00e+00	0.00e+00	0.00e+00	0.00e+00	0.00e+00	0.00e+00	0.00e+00	0.00e+00
 5.13735e+22	7.01e-05	9.18e-02	5.43e-01	2.98e-01	5.11e-02	1.18e-02	3.07e-03	5.28e-04	8.92e-06	0.00e+00	0.00e+00	0.00e+00	0.00e+00	0.00e+00	0.00e+00	0.00e+00	0.00e+00	0.00e+00
 5.16146e+22	7.47e-05	9.64e-02	5.51e-01	2.90e-01	4.84e-02	1.10e-02	2.79e-03	4.66e-04	7.55e-06	0.00e+00	0.00e+00	0.00e+00	0.00e+00	0.00e+00	0.00e+00	0.00e+00	0.00e+00	0.00e+00
 5.18376e+22	7.95e-05	1.01e-01	5.58e-01	2.82e-01	4.59e-02	1.02e-02	2.54e-03	4.13e-04	6.43e-06	0.00e+00	0.00e+00	0.00e+00	0.00e+00	0.00e+00	0.00e+00	0.00e+00	0.00e+00	0.00e+00
 5.20414e+22	8.37e-05	1.05e-01	5.64e-01	2.74e-01	4.38e-02	9.60e-03	2.34e-03	3.72e-04	5.60e-06	0.00e+00	0.00e+00	0.00e+00	0.00e+00	0.00e+00	0.00e+00	0.00e+00	0.00e+00	0.00e+00
 5.22617e+22	8.98e-05	1.11e-01	5.72e-01	2.64e-01	4.11e-02	8.83e-03	2.09e-03	3.23e-04	4.64e-06	0.00e+00	0.00e+00	0.00e+00	0.00e+00	0.00e+00	0.00e+00	0.00e+00	0.00e+00	0.00e+00
 5.25481e+22	9.80e-05	1.18e-01	5.82e-01	2.52e-01	3.79e-02	7.91e-03	1.81e-03	2.70e-04	3.64e-06	0.00e+00	0.00e+00	0.00e+00	0.00e+00	0.00e+00	0.00e+00	0.00e+00	0.00e+00	0.00e+00
 5.28659e+22	1.07e-04	1.26e-01	5.90e-01	2.40e-01	3.49e-02	7.10e-03	1.57e-03	2.26e-04	2.88e-06	0.00e+00	0.00e+00	0.00e+00	0.00e+00	0.00e+00	0.00e+00	0.00e+00	0.00e+00	0.00e+00
 5.31745e+22	1.15e-04	1.34e-01	5.97e-01	2.28e-01	3.23e-02	6.40e-03	1.37e-03	1.92e-04	2.31e-06	0.00e+00	0.00e+00	0.00e+00	0.00e+00	0.00e+00	0.00e+00	0.00e+00	0.00e+00	0.00e+00
 5.35259e+22	1.28e-04	1.45e-01	6.07e-01	2.13e-01	2.90e-02	5.54e-03	1.14e-03	1.53e-04	1.70e-06	0.00e+00	0.00e+00	0.00e+00	0.00e+00	0.00e+00	0.00e+00	0.00e+00	0.00e+00	0.00e+00
 5.38893e+22	1.39e-04	1.54e-01	6.12e-01	2.01e-01	2.66e-02	4.94e-03	9.79e-04	1.28e-04	1.34e-06	0.00e+00	0.00e+00	0.00e+00	0.00e+00	0.00e+00	0.00e+00	0.00e+00	0.00e+00	0.00e+00
 5.42683e+22	1.54e-04	1.67e-01	6.20e-01	1.85e-01	2.36e-02	4.21e-03	7.96e-04	1.00e-04	9.66e-07	0.00e+00	0.00e+00	0.00e+00	0.00e+00	0.00e+00	0.00e+00	0.00e+00	0.00e+00	0.00e+00
 5.46496e+22	1.67e-04	1.77e-01	6.24e-01	1.73e-01	2.14e-02	3.72e-03	6.79e-04	8.31e-05	7.53e-07	0.00e+00	0.00e+00	0.00e+00	0.00e+00	0.00e+00	0.00e+00	0.00e+00	0.00e+00	0.00e+00
 5.50339e+22	1.85e-04	1.91e-01	6.28e-01	1.58e-01	1.89e-02	3.15e-03	5.47e-04	6.49e-05	5.38e-07	0.00e+00	0.00e+00	0.00e+00	0.00e+00	0.00e+00	0.00e+00	0.00e+00	0.00e+00	0.00e+00
 5.54216e+22	2.02e-04	2.04e-01	6.30e-01	1.46e-01	1.70e-02	2.74e-03	4.58e-04	5.33e-05	4.11e-07	0.00e+00	0.00e+00	0.00e+00	0.00e+00	0.00e+00	0.00e+00	0.00e+00	0.00e+00	0.00e+00
 5.58137e+22	2.23e-04	2.20e-01	6.32e-01	1.31e-01	1.48e-02	2.28e-03	3.62e-04	4.11e-05	2.87e-07	0.00e+00	0.00e+00	0.00e+00	0.00e+00	0.00e+00	0.00e+00	0.00e+00	0.00e+00	0.00e+00
 5.61597e+22	2.37e-04	2.30e-01	6.31e-01	1.23e-01	1.37e-02	2.05e-03	3.17e-04	3.56e-05	2.35e-07	0.00e+00	0.00e+00	0.00e+00	0.00e+00	0.00e+00	0.00e+00	0.00e+00	0.00e+00	0.00e+00
 5.64456e+22	2.55e-04	2.42e-01	6.31e-01	1.13e-01	1.23e-02	1.78e-03	2.64e-04	2.93e-05	1.79e-07	0.00e+00	0.00e+00	0.00e+00	0.00e+00	0.00e+00	0.00e+00	0.00e+00	0.00e+00	0.00e+00
 5.67384e+22	2.72e-04	2.53e-01	6.29e-01	1.04e-01	1.12e-02	1.58e-03	2.26e-04	2.49e-05	1.43e-07	0.00e+00	0.00e+00	0.00e+00	0.00e+00	0.00e+00	0.00e+00	0.00e+00	0.00e+00	0.00e+00
 5.69966e+22	2.89e-04	2.64e-01	6.27e-01	9.65e-02	1.02e-02	1.40e-03	1.93e-04	2.13e-05	0.00e+00	0.00e+00	0.00e+00	0.00e+00	0.00e+00	0.00e+00	0.00e+00	0.00e+00	0.00e+00	0.00e+00
 5.72890e+22	3.12e-04	2.79e-01	6.24e-01	8.67e-02	9.00e-03	1.19e-03	1.57e-04	1.72e-05	0.00e+00	0.00e+00	0.00e+00	0.00e+00	0.00e+00	0.00e+00	0.00e+00	0.00e+00	0.00e+00	0.00e+00
 5.75820e+22	3.32e-04	2.92e-01	6.20e-01	7.91e-02	8.11e-03	1.04e-03	1.32e-04	1.45e-05	0.00e+00	0.00e+00	0.00e+00	0.00e+00	0.00e+00	0.00e+00	0.00e+00	0.00e+00	0.00e+00	0.00e+00
 5.78344e+22	3.52e-04	3.04e-01	6.15e-01	7.20e-02	7.29e-03	9.10e-04	1.10e-04	1.22e-05	0.00e+00	0.00e+00	0.00e+00	0.00e+00	0.00e+00	0.00e+00	0.00e+00	0.00e+00	0.00e+00	0.00e+00
 5.81213e+22	3.79e-04	3.20e-01	6.08e-01	6.34e-02	6.34e-03	7.61e-04	8.76e-05	9.80e-06	0.00e+00	0.00e+00	0.00e+00	0.00e+00	0.00e+00	0.00e+00	0.00e+00	0.00e+00	0.00e+00	0.00e+00
 5.84173e+22	4.05e-04	3.35e-01	6.02e-01	5.63e-02	5.56e-03	6.45e-04	7.08e-05	8.03e-06	0.00e+00	0.00e+00	0.00e+00	0.00e+00	0.00e+00	0.00e+00	0.00e+00	0.00e+00	0.00e+00	0.00e+00
 5.86796e+22	4.31e-04	3.50e-01	5.94e-01	4.99e-02	4.88e-03	5.48e-04	5.73e-05	6.61e-06	0.00e+00	0.00e+00	0.00e+00	0.00e+00	0.00e+00	0.00e+00	0.00e+00	0.00e+00	0.00e+00	0.00e+00
 5.89749e+22	4.65e-04	3.69e-01	5.83e-01	4.25e-02	4.10e-03	4.41e-04	4.33e-05	5.14e-06	0.00e+00	0.00e+00	0.00e+00	0.00e+00	0.00e+00	0.00e+00	0.00e+00	0.00e+00	0.00e+00	0.00e+00
 5.92866e+22	5.00e-04	3.88e-01	5.72e-01	3.60e-02	3.44e-03	3.56e-04	3.29e-05	4.02e-06	0.00e+00	0.00e+00	0.00e+00	0.00e+00	0.00e+00	0.00e+00	0.00e+00	0.00e+00	0.00e+00	0.00e+00
 5.95613e+22	5.32e-04	4.05e-01	5.61e-01	3.06e-02	2.90e-03	2.90e-04	2.53e-05	3.20e-06	0.00e+00	0.00e+00	0.00e+00	0.00e+00	0.00e+00	0.00e+00	0.00e+00	0.00e+00	0.00e+00	0.00e+00
 5.98174e+22	5.64e-04	4.22e-01	5.49e-01	2.59e-02	2.43e-03	2.35e-04	1.94e-05	2.55e-06	0.00e+00	0.00e+00	0.00e+00	0.00e+00	0.00e+00	0.00e+00	0.00e+00	0.00e+00	0.00e+00	0.00e+00
 6.00625e+22	5.95e-04	4.38e-01	5.37e-01	2.18e-02	2.04e-03	1.91e-04	1.49e-05	2.03e-06	0.00e+00	0.00e+00	0.00e+00	0.00e+00	0.00e+00	0.00e+00	0.00e+00	0.00e+00	0.00e+00	0.00e+00
 6.02222e+22	6.07e-04	4.45e-01	5.32e-01	1.99e-02	1.86e-03	1.72e-04	1.30e-05	1.81e-06	0.00e+00	0.00e+00	0.00e+00	0.00e+00	0.00e+00	0.00e+00	0.00e+00	0.00e+00	0.00e+00	0.00e+00
 6.02867e+22	6.17e-04	4.50e-01	5.29e-01	1.90e-02	1.77e-03	1.62e-04	1.21e-05	1.71e-06	0.00e+00	0.00e+00	0.00e+00	0.00e+00	0.00e+00	0.00e+00	0.00e+00	0.00e+00	0.00e+00	0.00e+00
 6.03357e+22	6.24e-04	4.53e-01	5.26e-01	1.83e-02	1.70e-03	1.55e-04	1.15e-05	1.63e-06	0.00e+00	0.00e+00	0.00e+00	0.00e+00	0.00e+00	0.00e+00	0.00e+00	0.00e+00	0.00e+00	0.00e+00
 6.03936e+22	6.31e-04	4.57e-01	5.23e-01	1.75e-02	1.62e-03	1.46e-04	1.07e-05	1.53e-06	0.00e+00	0.00e+00	0.00e+00	0.00e+00	0.00e+00	0.00e+00	0.00e+00	0.00e+00	0.00e+00	0.00e+00
 6.04641e+22	6.40e-04	4.63e-01	5.19e-01	1.65e-02	1.52e-03	1.37e-04	9.85e-06	1.43e-06	0.00e+00	0.00e+00	0.00e+00	0.00e+00	0.00e+00	0.00e+00	0.00e+00	0.00e+00	0.00e+00	0.00e+00
 6.05365e+22	6.50e-04	4.67e-01	5.15e-01	1.56e-02	1.43e-03	1.28e-04	9.06e-06	1.33e-06	0.00e+00	0.00e+00	0.00e+00	0.00e+00	0.00e+00	0.00e+00	0.00e+00	0.00e+00	0.00e+00	0.00e+00
 6.06026e+22	6.59e-04	4.72e-01	5.11e-01	1.47e-02	1.35e-03	1.20e-04	8.38e-06	1.24e-06	0.00e+00	0.00e+00	0.00e+00	0.00e+00	0.00e+00	0.00e+00	0.00e+00	0.00e+00	0.00e+00	0.00e+00
 6.06641e+22	6.66e-04	4.76e-01	5.08e-01	1.40e-02	1.29e-03	1.13e-04	7.81e-06	1.17e-06	0.00e+00	0.00e+00	0.00e+00	0.00e+00	0.00e+00	0.00e+00	0.00e+00	0.00e+00	0.00e+00	0.00e+00
 6.07263e+22	6.76e-04	4.81e-01	5.04e-01	1.33e-02	1.22e-03	1.06e-04	7.23e-06	1.10e-06	0.00e+00	0.00e+00	0.00e+00	0.00e+00	0.00e+00	0.00e+00	0.00e+00	0.00e+00	0.00e+00	0.00e+00
 6.07888e+22	6.85e-04	4.86e-01	5.00e-01	1.26e-02	1.15e-03	9.93e-05	6.70e-06	1.03e-06	0.00e+00	0.00e+00	0.00e+00	0.00e+00	0.00e+00	0.00e+00	0.00e+00	0.00e+00	0.00e+00	0.00e+00
 6.08486e+22	6.93e-04	4.90e-01	4.96e-01	1.19e-02	1.09e-03	9.34e-05	6.24e-06	9.64e-07	0.00e+00	0.00e+00	0.00e+00	0.00e+00	0.00e+00	0.00e+00	0.00e+00	0.00e+00	0.00e+00	0.00e+00
 6.09074e+22	6.98e-04	4.94e-01	4.93e-01	1.13e-02	1.03e-03	8.81e-05	5.82e-06	9.08e-07	0.00e+00	0.00e+00	0.00e+00	0.00e+00	0.00e+00	0.00e+00	0.00e+00	0.00e+00	0.00e+00	0.00e+00
 6.09677e+22	7.09e-04	4.98e-01	4.89e-01	1.07e-02	9.73e-04	8.26e-05	5.39e-06	8.50e-07	0.00e+00	0.00e+00	0.00e+00	0.00e+00	0.00e+00	0.00e+00	0.00e+00	0.00e+00	0.00e+00	0.00e+00
 6.10270e+22	7.17e-04	5.03e-01	4.85e-01	1.02e-02	9.20e-04	7.76e-05	5.01e-06	7.98e-07	0.00e+00	0.00e+00	0.00e+00	0.00e+00	0.00e+00	0.00e+00	0.00e+00	0.00e+00	0.00e+00	0.00e+00
 6.10832e+22	7.24e-04	5.07e-01	4.82e-01	9.65e-03	8.72e-04	7.31e-05	4.68e-06	7.51e-07	0.00e+00	0.00e+00	0.00e+00	0.00e+00	0.00e+00	0.00e+00	0.00e+00	0.00e+00	0.00e+00	0.00e+00
 6.11390e+22	7.32e-04	5.11e-01	4.79e-01	9.14e-03	8.25e-04	6.88e-05	4.36e-06	7.06e-07	0.00e+00	0.00e+00	0.00e+00	0.00e+00	0.00e+00	0.00e+00	0.00e+00	0.00e+00	0.00e+00	0.00e+00
 6.11945e+22	7.39e-04	5.14e-01	4.75e-01	8.68e-03	7.82e-04	6.49e-05	4.07e-06	6.65e-07	0.00e+00	0.00e+00	0.00e+00	0.00e+00	0.00e+00	0.00e+00	0.00e+00	0.00e+00	0.00e+00	0.00e+00
 6.12497e+22	7.47e-04	5.18e-01	4.72e-01	8.24e-03	7.41e-04	6.11e-05	3.81e-06	6.27e-07	0.00e+00	0.00e+00	0.00e+00	0.00e+00	0.00e+00	0.00e+00	0.00e+00	0.00e+00	0.00e+00	0.00e+00
 6.13052e+22	7.54e-04	5.22e-01	4.68e-01	7.81e-03	7.01e-04	5.76e-05	3.55e-06	5.90e-07	0.00e+00	0.00e+00	0.00e+00	0.00e+00	0.00e+00	0.00e+00	0.00e+00	0.00e+00	0.00e+00	0.00e+00
 6.13602e+22	7.61e-04	5.26e-01	4.65e-01	7.41e-03	6.64e-04	5.42e-05	3.32e-06	5.56e-07	0.00e+00	0.00e+00	0.00e+00	0.00e+00	0.00e+00	0.00e+00	0.00e+00	0.00e+00	0.00e+00	0.00e+00
 6.14145e+22	7.68e-04	5.30e-01	4.62e-01	7.03e-03	6.29e-04	5.11e-05	3.11e-06	5.24e-07	0.00e+00	0.00e+00	0.00e+00	0.00e+00	0.00e+00	0.00e+00	0.00e+00	0.00e+00	0.00e+00	0.00e+00
 6.14683e+22	7.75e-04	5.33e-01	4.59e-01	6.68e-03	5.96e-04	4.83e-05	2.91e-06	4.94e-07	0.00e+00	0.00e+00	0.00e+00	0.00e+00	0.00e+00	0.00e+00	0.00e+00	0.00e+00	0.00e+00	0.00e+00
