#depth	Si	Si+	Si+2	Si+3	Si+4	Si+5	Si+6	Si+7	Si+8	Si+9	Si+10	Si+11	Si+12	Si+13	Si+14
 4.62852e+21	0.00e+00	0.00e+00	0.00e+00	0.00e+00	0.00e+00	5.23e-28	1.23e-23	9.30e-20	2.80e-16	3.71e-13	2.71e-10	1.62e-07	2.10e-04	2.63e-02	9.74e-01
 1.05385e+22	0.00e+00	0.00e+00	0.00e+00	0.00e+00	2.39e-31	1.30e-26	2.13e-22	1.12e-18	2.37e-15	2.18e-12	1.12e-09	4.69e-07	4.24e-04	3.71e-02	9.62e-01
 1.26862e+22	0.00e+00	0.00e+00	0.00e+00	0.00e+00	2.63e-30	1.12e-25	1.44e-21	5.95e-18	9.85e-15	7.13e-12	2.88e-09	9.51e-07	6.78e-04	4.67e-02	9.53e-01
 1.42452e+22	0.00e+00	0.00e+00	0.00e+00	0.00e+00	1.78e-29	6.24e-25	6.63e-21	2.25e-17	3.07e-14	1.83e-11	6.13e-09	1.67e-06	9.84e-04	5.60e-02	9.43e-01
 1.51113e+22	0.00e+00	0.00e+00	0.00e+00	0.00e+00	2.87e-29	9.59e-25	9.71e-21	3.15e-17	4.08e-14	2.32e-11	7.40e-09	1.92e-06	1.08e-03	5.86e-02	9.40e-01
 1.54319e+22	0.00e+00	0.00e+00	0.00e+00	0.00e+00	4.31e-29	1.38e-24	1.34e-20	4.17e-17	5.20e-14	2.84e-11	8.69e-09	2.17e-06	1.17e-03	6.09e-02	9.38e-01
 1.57708e+22	0.00e+00	0.00e+00	0.00e+00	0.00e+00	7.24e-29	2.20e-24	2.03e-20	5.99e-17	7.08e-14	3.67e-11	1.07e-08	2.53e-06	1.29e-03	6.39e-02	9.35e-01
 1.60885e+22	0.00e+00	0.00e+00	0.00e+00	0.00e+00	1.06e-28	3.09e-24	2.74e-20	7.79e-17	8.86e-14	4.42e-11	1.24e-08	2.82e-06	1.39e-03	6.62e-02	9.32e-01
 1.63343e+22	0.00e+00	0.00e+00	0.00e+00	0.00e+00	1.45e-28	4.11e-24	3.54e-20	9.72e-17	1.07e-13	5.16e-11	1.40e-08	3.10e-06	1.48e-03	6.82e-02	9.30e-01
 1.66095e+22	0.00e+00	0.00e+00	0.00e+00	1.29e-33	2.17e-28	5.91e-24	4.88e-20	1.29e-16	1.36e-13	6.30e-11	1.64e-08	3.49e-06	1.60e-03	7.08e-02	9.28e-01
 1.69047e+22	0.00e+00	0.00e+00	0.00e+00	1.99e-33	3.21e-28	8.39e-24	6.66e-20	1.69e-16	1.71e-13	7.64e-11	1.92e-08	3.91e-06	1.73e-03	7.34e-02	9.25e-01
 1.71761e+22	0.00e+00	0.00e+00	0.00e+00	2.96e-33	4.62e-28	1.16e-23	8.90e-20	2.18e-16	2.13e-13	9.14e-11	2.21e-08	4.35e-06	1.85e-03	7.60e-02	9.22e-01
 1.74789e+22	0.00e+00	0.00e+00	0.00e+00	4.81e-33	7.17e-28	1.73e-23	1.26e-19	2.95e-16	2.76e-13	1.13e-10	2.63e-08	4.95e-06	2.01e-03	7.91e-02	9.19e-01
 1.77875e+22	0.00e+00	0.00e+00	0.00e+00	7.51e-33	1.07e-27	2.49e-23	1.75e-19	3.92e-16	3.51e-13	1.39e-10	3.08e-08	5.57e-06	2.18e-03	8.21e-02	9.16e-01
 1.80461e+22	0.00e+00	0.00e+00	0.00e+00	1.10e-32	1.52e-27	3.40e-23	2.31e-19	4.99e-16	4.32e-13	1.64e-10	3.53e-08	6.17e-06	2.33e-03	8.48e-02	9.13e-01
 1.83248e+22	0.00e+00	0.00e+00	0.00e+00	1.73e-32	2.29e-27	4.91e-23	3.19e-19	6.63e-16	5.51e-13	2.01e-10	4.15e-08	6.95e-06	2.52e-03	8.80e-02	9.09e-01
 1.86235e+22	0.00e+00	0.00e+00	0.00e+00	2.66e-32	3.39e-27	6.98e-23	4.36e-19	8.71e-16	6.95e-13	2.44e-10	4.83e-08	7.79e-06	2.72e-03	9.12e-02	9.06e-01
 1.88793e+22	0.00e+00	0.00e+00	0.00e+00	3.84e-32	4.73e-27	9.43e-23	5.70e-19	1.10e-15	8.48e-13	2.88e-10	5.51e-08	8.59e-06	2.90e-03	9.40e-02	9.03e-01
 1.91056e+22	0.00e+00	0.00e+00	0.00e+00	5.43e-32	6.47e-27	1.25e-22	7.32e-19	1.37e-15	1.02e-12	3.36e-10	6.24e-08	9.42e-06	3.08e-03	9.68e-02	9.00e-01
 1.93623e+22	0.00e+00	0.00e+00	0.00e+00	8.10e-32	9.32e-27	1.73e-22	9.78e-19	1.76e-15	1.27e-12	4.01e-10	7.19e-08	1.05e-05	3.30e-03	1.00e-01	8.97e-01
 1.96400e+22	0.00e+00	0.00e+00	0.00e+00	1.21e-31	1.34e-26	2.41e-22	1.31e-18	2.27e-15	1.57e-12	4.80e-10	8.30e-08	1.16e-05	3.53e-03	1.03e-01	8.93e-01
 1.98937e+22	0.00e+00	0.00e+00	0.00e+00	1.77e-31	1.89e-26	3.28e-22	1.72e-18	2.88e-15	1.93e-12	5.69e-10	9.50e-08	1.29e-05	3.77e-03	1.07e-01	8.90e-01
 2.01352e+22	0.00e+00	0.00e+00	0.00e+00	2.56e-31	2.65e-26	4.43e-22	2.25e-18	3.64e-15	2.36e-12	6.71e-10	1.08e-07	1.42e-05	4.02e-03	1.10e-01	8.86e-01
 2.03714e+22	0.00e+00	0.00e+00	0.00e+00	3.63e-31	3.64e-26	5.90e-22	2.90e-18	4.55e-15	2.85e-12	7.85e-10	1.23e-07	1.56e-05	4.27e-03	1.13e-01	8.83e-01
 2.06378e+22	0.00e+00	0.00e+00	0.00e+00	5.53e-31	5.34e-26	8.32e-22	3.94e-18	5.93e-15	3.57e-12	9.46e-10	1.42e-07	1.74e-05	4.60e-03	1.17e-01	8.79e-01
 2.09168e+22	0.00e+00	0.00e+00	0.00e+00	8.30e-31	7.71e-26	1.16e-21	5.28e-18	7.66e-15	4.44e-12	1.13e-09	1.65e-07	1.94e-05	4.93e-03	1.21e-01	8.74e-01
 2.11601e+22	0.00e+00	0.00e+00	0.00e+00	1.19e-30	1.07e-25	1.56e-21	6.87e-18	9.64e-15	5.41e-12	1.33e-09	1.87e-07	2.13e-05	5.25e-03	1.24e-01	8.70e-01
 2.14246e+22	0.00e+00	0.00e+00	0.00e+00	1.82e-30	1.58e-25	2.20e-21	9.34e-18	1.26e-14	6.79e-12	1.61e-09	2.18e-07	2.38e-05	5.64e-03	1.29e-01	8.66e-01
 2.17050e+22	0.00e+00	0.00e+00	0.00e+00	2.74e-30	2.29e-25	3.07e-21	1.25e-17	1.63e-14	8.46e-12	1.93e-09	2.52e-07	2.65e-05	6.05e-03	1.33e-01	8.61e-01
 2.19441e+22	0.00e+00	0.00e+00	0.00e+00	3.89e-30	3.14e-25	4.09e-21	1.62e-17	2.03e-14	1.02e-11	2.26e-09	2.85e-07	2.91e-05	6.42e-03	1.36e-01	8.57e-01
 2.21599e+22	0.00e+00	0.00e+00	0.00e+00	5.33e-30	4.18e-25	5.29e-21	2.03e-17	2.48e-14	1.21e-11	2.60e-09	3.18e-07	3.16e-05	6.78e-03	1.40e-01	8.53e-01
 2.24074e+22	0.00e+00	0.00e+00	0.00e+00	7.91e-30	5.99e-25	7.31e-21	2.70e-17	3.19e-14	1.50e-11	3.10e-09	3.66e-07	3.50e-05	7.25e-03	1.44e-01	8.48e-01
 2.26728e+22	0.00e+00	0.00e+00	0.00e+00	1.17e-29	8.52e-25	1.00e-20	3.58e-17	4.07e-14	1.85e-11	3.69e-09	4.20e-07	3.88e-05	7.74e-03	1.49e-01	8.44e-01
 2.29153e+22	0.00e+00	0.00e+00	0.00e+00	1.68e-29	1.19e-24	1.35e-20	4.67e-17	5.13e-14	2.25e-11	4.35e-09	4.78e-07	4.27e-05	8.24e-03	1.53e-01	8.39e-01
 2.31843e+22	0.00e+00	0.00e+00	4.90e-34	2.59e-29	1.76e-24	1.93e-20	6.39e-17	6.74e-14	2.84e-11	5.27e-09	5.58e-07	4.78e-05	8.87e-03	1.58e-01	8.33e-01
 2.34584e+22	0.00e+00	0.00e+00	7.54e-34	3.85e-29	2.52e-24	2.66e-20	8.51e-17	8.66e-14	3.52e-11	6.29e-09	6.42e-07	5.30e-05	9.48e-03	1.63e-01	8.27e-01
 2.36855e+22	0.00e+00	0.00e+00	1.09e-33	5.39e-29	3.43e-24	3.50e-20	1.09e-16	1.07e-13	4.21e-11	7.31e-09	7.23e-07	5.79e-05	1.00e-02	1.67e-01	8.23e-01
 2.39272e+22	0.00e+00	0.00e+00	1.66e-33	7.96e-29	4.88e-24	4.82e-20	1.44e-16	1.37e-13	5.20e-11	8.69e-09	8.29e-07	6.40e-05	1.07e-02	1.72e-01	8.17e-01
 2.41877e+22	0.00e+00	0.00e+00	2.53e-33	1.17e-28	6.94e-24	6.60e-20	1.91e-16	1.75e-13	6.40e-11	1.03e-08	9.51e-07	7.08e-05	1.14e-02	1.77e-01	8.11e-01
 2.44269e+22	0.00e+00	0.00e+00	3.72e-33	1.67e-28	9.56e-24	8.80e-20	2.46e-16	2.18e-13	7.74e-11	1.21e-08	1.08e-06	7.76e-05	1.21e-02	1.82e-01	8.06e-01
 2.46920e+22	0.00e+00	0.00e+00	5.95e-33	2.56e-28	1.41e-23	1.25e-19	3.36e-16	2.87e-13	9.76e-11	1.47e-08	1.25e-06	8.68e-05	1.30e-02	1.88e-01	7.99e-01
 2.49705e+22	0.00e+00	0.00e+00	9.38e-33	3.89e-28	2.07e-23	1.76e-19	4.55e-16	3.73e-13	1.22e-10	1.77e-08	1.45e-06	9.68e-05	1.40e-02	1.94e-01	7.92e-01
 2.52035e+22	0.00e+00	0.00e+00	1.36e-32	5.47e-28	2.82e-23	2.33e-19	5.82e-16	4.63e-13	1.47e-10	2.06e-08	1.64e-06	1.06e-04	1.48e-02	1.98e-01	7.87e-01
 2.54438e+22	0.00e+00	0.00e+00	2.11e-32	8.17e-28	4.06e-23	3.23e-19	7.79e-16	5.97e-13	1.83e-10	2.46e-08	1.89e-06	1.17e-04	1.58e-02	2.04e-01	7.80e-01
 2.56991e+22	0.00e+00	0.00e+00	3.15e-32	1.18e-27	5.67e-23	4.36e-19	1.02e-15	7.53e-13	2.23e-10	2.90e-08	2.15e-06	1.29e-04	1.68e-02	2.10e-01	7.73e-01
 2.59365e+22	0.00e+00	0.00e+00	4.69e-32	1.70e-27	7.90e-23	5.87e-19	1.32e-15	9.48e-13	2.71e-10	3.41e-08	2.44e-06	1.42e-04	1.78e-02	2.15e-01	7.67e-01
 2.62075e+22	0.00e+00	0.00e+00	7.92e-32	2.74e-27	1.22e-22	8.69e-19	1.87e-15	1.28e-12	3.51e-10	4.23e-08	2.89e-06	1.61e-04	1.93e-02	2.22e-01	7.58e-01
 2.64762e+22	0.00e+00	0.00e+00	1.18e-31	3.95e-27	1.70e-22	1.17e-18	2.44e-15	1.62e-12	4.27e-10	4.97e-08	3.29e-06	1.76e-04	2.05e-02	2.28e-01	7.51e-01
 2.67004e+22	0.00e+00	0.00e+00	1.72e-31	5.59e-27	2.34e-22	1.55e-18	3.14e-15	2.01e-12	5.16e-10	5.81e-08	3.72e-06	1.93e-04	2.17e-02	2.34e-01	7.44e-01
 2.69502e+22	0.00e+00	0.00e+00	2.74e-31	8.55e-27	3.44e-22	2.20e-18	4.27e-15	2.63e-12	6.48e-10	7.02e-08	4.32e-06	2.15e-04	2.32e-02	2.40e-01	7.36e-01
 2.72075e+22	0.00e+00	0.00e+00	4.12e-31	1.24e-26	4.82e-22	2.98e-18	5.59e-15	3.33e-12	7.93e-10	8.30e-08	4.92e-06	2.37e-04	2.47e-02	2.47e-01	7.29e-01
 2.74359e+22	0.00e+00	0.00e+00	6.10e-31	1.77e-26	6.68e-22	4.00e-18	7.25e-15	4.18e-12	9.63e-10	9.74e-08	5.58e-06	2.59e-04	2.61e-02	2.52e-01	7.21e-01
 2.76942e+22	0.00e+00	0.00e+00	9.90e-31	2.76e-26	9.99e-22	5.74e-18	9.99e-15	5.53e-12	1.22e-09	1.19e-07	6.52e-06	2.91e-04	2.81e-02	2.60e-01	7.12e-01
 2.79601e+22	0.00e+00	0.00e+00	1.53e-30	4.11e-26	1.44e-21	7.96e-18	1.34e-14	7.12e-12	1.52e-09	1.42e-07	7.50e-06	3.22e-04	2.99e-02	2.67e-01	7.03e-01
 2.81825e+22	0.00e+00	0.00e+00	2.26e-30	5.85e-26	1.98e-21	1.06e-17	1.73e-14	8.91e-12	1.84e-09	1.66e-07	8.50e-06	3.52e-04	3.16e-02	2.73e-01	6.95e-01
 2.83853e+22	0.00e+00	0.00e+00	3.20e-30	8.03e-26	2.64e-21	1.38e-17	2.17e-14	1.09e-11	2.18e-09	1.92e-07	9.49e-06	3.82e-04	3.33e-02	2.78e-01	6.88e-01
 2.86158e+22	0.00e+00	0.00e+00	5.01e-30	1.21e-25	3.84e-21	1.92e-17	2.92e-14	1.41e-11	2.72e-09	2.30e-07	1.10e-05	4.24e-04	3.55e-02	2.85e-01	6.79e-01
 2.88579e+22	0.00e+00	0.00e+00	7.55e-30	1.75e-25	5.39e-21	2.61e-17	3.83e-14	1.79e-11	3.34e-09	2.73e-07	1.25e-05	4.66e-04	3.77e-02	2.92e-01	6.70e-01
 2.90771e+22	0.00e+00	0.00e+00	1.12e-29	2.51e-25	7.48e-21	3.51e-17	4.98e-14	2.25e-11	4.06e-09	3.21e-07	1.42e-05	5.11e-04	3.98e-02	2.98e-01	6.61e-01
 2.93240e+22	0.00e+00	0.00e+00	1.33e-29	2.85e-25	1.13e-20	5.06e-17	6.89e-14	2.98e-11	5.18e-09	3.92e-07	1.66e-05	5.72e-04	4.27e-02	3.06e-01	6.50e-01
 2.95662e+22	0.00e+00	1.74e-34	1.99e-29	4.10e-25	1.57e-20	6.81e-17	8.97e-14	3.76e-11	6.31e-09	4.62e-07	1.88e-05	6.27e-04	4.52e-02	3.13e-01	6.41e-01
 2.97651e+22	0.00e+00	2.54e-34	2.80e-29	5.61e-25	2.09e-20	8.80e-17	1.13e-13	4.58e-11	7.47e-09	5.32e-07	2.10e-05	6.79e-04	4.74e-02	3.19e-01	6.33e-01
 2.99861e+22	0.00e+00	4.17e-34	4.42e-29	8.47e-25	3.04e-20	1.23e-16	1.52e-13	5.96e-11	9.36e-09	6.41e-07	2.43e-05	7.53e-04	5.06e-02	3.26e-01	6.23e-01
 3.02142e+22	0.00e+00	6.43e-34	6.56e-29	1.21e-24	4.21e-20	1.66e-16	1.97e-13	7.48e-11	1.14e-08	7.53e-07	2.75e-05	8.25e-04	5.34e-02	3.33e-01	6.13e-01
 3.04186e+22	0.00e+00	9.71e-34	9.58e-29	1.71e-24	5.75e-20	2.19e-16	2.53e-13	9.30e-11	1.37e-08	8.79e-07	3.11e-05	8.99e-04	5.63e-02	3.39e-01	6.04e-01
 3.06511e+22	0.00e+00	1.65e-33	1.56e-28	2.65e-24	8.60e-20	3.14e-16	3.48e-13	1.23e-10	1.74e-08	1.07e-06	3.62e-05	1.00e-03	6.01e-02	3.47e-01	5.92e-01
 3.08803e+22	0.00e+00	2.53e-33	2.30e-28	3.76e-24	1.18e-19	4.19e-16	4.50e-13	1.54e-10	2.11e-08	1.26e-06	4.10e-05	1.10e-03	6.34e-02	3.53e-01	5.83e-01
 3.10734e+22	0.00e+00	3.71e-33	3.27e-28	5.18e-24	1.58e-19	5.44e-16	5.67e-13	1.88e-10	2.51e-08	1.45e-06	4.57e-05	1.19e-03	6.65e-02	3.59e-01	5.74e-01
 3.12926e+22	0.00e+00	6.16e-33	5.19e-28	7.86e-24	2.32e-19	7.67e-16	7.69e-13	2.46e-10	3.16e-08	1.75e-06	5.29e-05	1.32e-03	7.07e-02	3.66e-01	5.62e-01
 3.15154e+22	0.00e+00	9.46e-33	7.67e-28	1.12e-23	3.20e-19	1.02e-15	9.94e-13	3.07e-10	3.83e-08	2.06e-06	5.99e-05	1.44e-03	7.45e-02	3.72e-01	5.52e-01
 3.17102e+22	0.00e+00	1.42e-32	1.11e-27	1.56e-23	4.34e-19	1.35e-15	1.27e-12	3.80e-10	4.59e-08	2.39e-06	6.72e-05	1.56e-03	7.82e-02	3.78e-01	5.42e-01
 3.19310e+22	0.00e+00	2.34e-32	1.75e-27	2.35e-23	6.32e-19	1.89e-15	1.71e-12	4.94e-10	5.75e-08	2.88e-06	7.76e-05	1.73e-03	8.30e-02	3.85e-01	5.30e-01
 3.21533e+22	0.00e+00	3.60e-32	2.60e-27	3.36e-23	8.73e-19	2.53e-15	2.21e-12	6.19e-10	6.98e-08	3.38e-06	8.78e-05	1.88e-03	8.74e-02	3.91e-01	5.20e-01
 3.23420e+22	0.00e+00	5.35e-32	3.72e-27	4.64e-23	1.17e-18	3.30e-15	2.81e-12	7.62e-10	8.35e-08	3.92e-06	9.83e-05	2.04e-03	9.16e-02	3.96e-01	5.10e-01
 3.25520e+22	0.00e+00	8.67e-32	5.78e-27	6.90e-23	1.69e-18	4.57e-15	3.75e-12	9.81e-10	1.04e-07	4.69e-06	1.13e-04	2.25e-03	9.69e-02	4.03e-01	4.98e-01
 3.27720e+22	0.00e+00	1.34e-31	8.63e-27	9.90e-23	2.35e-18	6.15e-15	4.87e-12	1.23e-09	1.26e-07	5.51e-06	1.28e-04	2.45e-03	1.02e-01	4.09e-01	4.87e-01
 3.29667e+22	0.00e+00	2.03e-31	1.25e-26	1.39e-22	3.19e-18	8.11e-15	6.23e-12	1.53e-09	1.52e-07	6.42e-06	1.43e-04	2.66e-03	1.07e-01	4.14e-01	4.77e-01
 3.31531e+22	0.00e+00	3.02e-31	1.80e-26	1.92e-22	4.30e-18	1.06e-14	7.91e-12	1.88e-09	1.82e-07	7.44e-06	1.61e-04	2.88e-03	1.12e-01	4.19e-01	4.67e-01
 3.33674e+22	0.00e+00	4.98e-31	2.84e-26	2.89e-22	6.25e-18	1.49e-14	1.07e-11	2.45e-09	2.27e-07	8.96e-06	1.85e-04	3.18e-03	1.18e-01	4.25e-01	4.54e-01
 3.35877e+22	0.00e+00	7.73e-31	4.24e-26	4.14e-22	8.69e-18	2.00e-14	1.39e-11	3.08e-09	2.77e-07	1.05e-05	2.09e-04	3.46e-03	1.24e-01	4.30e-01	4.43e-01
 3.37815e+22	0.00e+00	1.18e-30	6.21e-26	5.82e-22	1.19e-17	2.65e-14	1.78e-11	3.83e-09	3.34e-07	1.23e-05	2.36e-04	3.76e-03	1.30e-01	4.34e-01	4.32e-01
 3.39690e+22	0.00e+00	1.76e-30	8.95e-26	8.08e-22	1.60e-17	3.47e-14	2.26e-11	4.72e-09	4.00e-07	1.43e-05	2.64e-04	4.06e-03	1.36e-01	4.38e-01	4.22e-01
 3.41827e+22	0.00e+00	2.90e-30	1.41e-25	1.22e-21	2.33e-17	4.86e-14	3.06e-11	6.14e-09	5.01e-07	1.72e-05	3.03e-04	4.48e-03	1.43e-01	4.43e-01	4.09e-01
 3.44038e+22	0.00e+00	3.72e-30	1.74e-25	1.74e-21	3.24e-17	6.54e-14	3.97e-11	7.72e-09	6.10e-07	2.02e-05	3.43e-04	4.87e-03	1.50e-01	4.47e-01	3.97e-01
 3.46029e+22	0.00e+00	5.72e-30	2.57e-25	2.47e-21	4.47e-17	8.73e-14	5.14e-11	9.67e-09	7.40e-07	2.37e-05	3.87e-04	5.29e-03	1.57e-01	4.51e-01	3.86e-01
 3.48300e+22	0.00e+00	9.81e-30	4.19e-25	3.82e-21	6.68e-17	1.25e-13	7.08e-11	1.28e-08	9.42e-07	2.89e-05	4.49e-04	5.86e-03	1.66e-01	4.55e-01	3.73e-01
 3.50634e+22	0.00e+00	1.58e-29	6.46e-25	5.63e-21	9.52e-17	1.73e-13	9.41e-11	1.64e-08	1.17e-06	3.45e-05	5.13e-04	6.41e-03	1.74e-01	4.59e-01	3.60e-01
 3.52534e+22	0.00e+00	2.31e-29	9.11e-25	7.64e-21	1.26e-16	2.22e-13	1.18e-10	2.00e-08	1.38e-06	3.96e-05	5.70e-04	6.88e-03	1.81e-01	4.61e-01	3.51e-01
 3.54487e+22	0.00e+00	3.70e-29	1.40e-24	1.12e-20	1.79e-16	3.05e-13	1.56e-10	2.55e-08	1.71e-06	4.71e-05	6.49e-04	7.51e-03	1.90e-01	4.64e-01	3.39e-01
 3.56515e+22	0.00e+00	5.53e-29	2.01e-24	1.55e-20	2.41e-16	3.99e-13	1.98e-10	3.15e-08	2.04e-06	5.45e-05	7.24e-04	8.09e-03	1.97e-01	4.65e-01	3.29e-01
 3.58221e+22	0.00e+00	7.91e-29	2.78e-24	2.06e-20	3.14e-16	5.07e-13	2.45e-10	3.79e-08	2.40e-06	6.22e-05	7.99e-04	8.64e-03	2.04e-01	4.67e-01	3.20e-01
 3.59754e+22	0.00e+00	1.12e-28	3.79e-24	2.71e-20	4.05e-16	6.37e-13	3.01e-10	4.53e-08	2.79e-06	7.06e-05	8.78e-04	9.21e-03	2.11e-01	4.68e-01	3.11e-01
 3.61482e+22	0.00e+00	1.69e-28	5.50e-24	3.78e-20	5.50e-16	8.40e-13	3.84e-10	5.61e-08	3.36e-06	8.21e-05	9.83e-04	9.93e-03	2.19e-01	4.69e-01	3.01e-01
 3.63148e+22	0.00e+00	2.34e-28	7.38e-24	4.90e-20	7.00e-16	1.04e-12	4.66e-10	6.65e-08	3.89e-06	9.26e-05	1.07e-03	1.05e-02	2.26e-01	4.70e-01	2.93e-01
 3.64471e+22	0.00e+00	3.15e-28	9.67e-24	6.23e-20	8.72e-16	1.27e-12	5.57e-10	7.77e-08	4.45e-06	1.03e-04	1.17e-03	1.11e-02	2.32e-01	4.70e-01	2.85e-01
 3.65928e+22	0.00e+00	4.47e-28	1.32e-23	8.22e-20	1.13e-15	1.61e-12	6.85e-10	9.31e-08	5.19e-06	1.17e-04	1.28e-03	1.18e-02	2.39e-01	4.70e-01	2.77e-01
 3.67466e+22	0.00e+00	6.16e-28	1.77e-23	1.06e-19	1.43e-15	1.99e-12	8.30e-10	1.10e-07	6.00e-06	1.32e-04	1.40e-03	1.25e-02	2.46e-01	4.70e-01	2.69e-01
 3.68790e+22	0.00e+00	8.20e-28	2.29e-23	1.33e-19	1.76e-15	2.41e-12	9.83e-10	1.28e-07	6.82e-06	1.47e-04	1.51e-03	1.32e-02	2.53e-01	4.70e-01	2.62e-01
 3.69997e+22	0.00e+00	1.08e-27	2.94e-23	1.66e-19	2.17e-15	2.90e-12	1.16e-09	1.48e-07	7.73e-06	1.63e-04	1.63e-03	1.39e-02	2.59e-01	4.70e-01	2.56e-01
 3.71372e+22	0.00e+00	1.54e-27	4.02e-23	2.19e-19	2.80e-15	3.66e-12	1.43e-09	1.77e-07	9.04e-06	1.85e-04	1.79e-03	1.47e-02	2.67e-01	4.69e-01	2.47e-01
 3.72766e+22	0.00e+00	2.04e-27	5.18e-23	2.74e-19	3.44e-15	4.42e-12	1.69e-09	2.05e-07	1.03e-05	2.05e-04	1.94e-03	1.55e-02	2.73e-01	4.68e-01	2.41e-01
 3.74187e+22	0.00e+00	2.91e-27	7.13e-23	3.62e-19	4.47e-15	5.60e-12	2.09e-09	2.47e-07	1.20e-05	2.33e-04	2.13e-03	1.65e-02	2.81e-01	4.67e-01	2.33e-01
 3.75561e+22	0.00e+00	3.82e-27	9.09e-23	4.49e-19	5.46e-15	6.71e-12	2.45e-09	2.84e-07	1.36e-05	2.58e-04	2.29e-03	1.73e-02	2.88e-01	4.66e-01	2.27e-01
 3.76684e+22	0.00e+00	4.97e-27	1.15e-22	5.52e-19	6.62e-15	8.00e-12	2.87e-09	3.26e-07	1.53e-05	2.84e-04	2.46e-03	1.81e-02	2.94e-01	4.65e-01	2.21e-01
 3.77786e+22	0.00e+00	6.46e-27	1.46e-22	6.77e-19	8.01e-15	9.52e-12	3.36e-09	3.74e-07	1.72e-05	3.13e-04	2.64e-03	1.89e-02	3.00e-01	4.63e-01	2.15e-01
 3.79054e+22	0.00e+00	8.93e-27	1.94e-22	8.72e-19	1.02e-14	1.18e-11	4.07e-09	4.43e-07	1.99e-05	3.53e-04	2.88e-03	2.00e-02	3.08e-01	4.61e-01	2.08e-01
 3.80351e+22	0.00e+00	1.19e-26	2.52e-22	1.09e-18	1.25e-14	1.43e-11	4.84e-09	5.16e-07	2.27e-05	3.93e-04	3.12e-03	2.10e-02	3.15e-01	4.59e-01	2.01e-01
 3.81473e+22	0.00e+00	1.54e-26	3.16e-22	1.33e-18	1.51e-14	1.70e-11	5.64e-09	5.90e-07	2.55e-05	4.32e-04	3.34e-03	2.19e-02	3.21e-01	4.57e-01	1.96e-01
 3.82714e+22	0.00e+00	2.15e-26	4.24e-22	1.72e-18	1.92e-14	2.12e-11	6.87e-09	7.01e-07	2.97e-05	4.88e-04	3.65e-03	2.32e-02	3.29e-01	4.54e-01	1.89e-01
 3.83986e+22	0.00e+00	2.86e-26	5.47e-22	2.14e-18	2.37e-14	2.56e-11	8.16e-09	8.15e-07	3.38e-05	5.42e-04	3.94e-03	2.43e-02	3.36e-01	4.52e-01	1.83e-01
 3.85042e+22	0.00e+00	3.63e-26	6.76e-22	2.57e-18	2.81e-14	3.00e-11	9.41e-09	9.24e-07	3.77e-05	5.92e-04	4.21e-03	2.53e-02	3.42e-01	4.50e-01	1.78e-01
 3.86159e+22	0.00e+00	4.92e-26	8.85e-22	3.25e-18	3.51e-14	3.68e-11	1.13e-08	1.08e-06	4.33e-05	6.63e-04	4.57e-03	2.67e-02	3.50e-01	4.46e-01	1.72e-01
 3.87303e+22	0.00e+00	6.38e-26	1.11e-21	3.96e-18	4.24e-14	4.37e-11	1.32e-08	1.24e-06	4.87e-05	7.31e-04	4.90e-03	2.78e-02	3.56e-01	4.44e-01	1.67e-01
 3.88320e+22	0.00e+00	8.20e-26	1.39e-21	4.79e-18	5.08e-14	5.17e-11	1.54e-08	1.42e-06	5.47e-05	8.02e-04	5.24e-03	2.90e-02	3.63e-01	4.41e-01	1.62e-01
 3.89479e+22	0.00e+00	1.14e-25	1.86e-21	6.14e-18	6.44e-14	6.43e-11	1.87e-08	1.69e-06	6.35e-05	9.07e-04	5.73e-03	3.06e-02	3.71e-01	4.37e-01	1.55e-01
 3.90647e+22	0.00e+00	1.48e-25	2.34e-21	7.47e-18	7.78e-14	7.65e-11	2.19e-08	1.94e-06	7.17e-05	1.00e-03	6.14e-03	3.20e-02	3.77e-01	4.33e-01	1.50e-01
 3.91827e+22	0.00e+00	2.09e-25	3.16e-21	9.68e-18	9.98e-14	9.64e-11	2.70e-08	2.34e-06	8.41e-05	1.14e-03	6.75e-03	3.38e-02	3.86e-01	4.28e-01	1.44e-01
 3.92984e+22	0.00e+00	2.67e-25	3.92e-21	1.16e-17	1.19e-13	1.14e-10	3.14e-08	2.66e-06	9.42e-05	1.25e-03	7.21e-03	3.52e-02	3.92e-01	4.25e-01	1.39e-01
 3.94114e+22	0.00e+00	3.75e-25	5.28e-21	1.50e-17	1.52e-13	1.43e-10	3.86e-08	3.20e-06	1.10e-04	1.42e-03	7.91e-03	3.72e-02	4.01e-01	4.20e-01	1.33e-01
 3.95240e+22	0.00e+00	4.79e-25	6.54e-21	1.79e-17	1.82e-13	1.68e-10	4.48e-08	3.64e-06	1.24e-04	1.56e-03	8.44e-03	3.87e-02	4.07e-01	4.16e-01	1.29e-01
 3.96362e+22	0.00e+00	6.76e-25	8.82e-21	2.31e-17	2.32e-13	2.12e-10	5.54e-08	4.39e-06	1.45e-04	1.77e-03	9.28e-03	4.09e-02	4.15e-01	4.10e-01	1.23e-01
 3.97484e+22	0.00e+00	8.68e-25	1.10e-20	2.77e-17	2.78e-13	2.51e-10	6.45e-08	5.03e-06	1.63e-04	1.95e-03	9.93e-03	4.25e-02	4.22e-01	4.06e-01	1.18e-01
 3.98606e+22	0.00e+00	1.23e-24	1.48e-20	3.56e-17	3.57e-13	3.17e-10	8.00e-08	6.08e-06	1.93e-04	2.23e-03	1.09e-02	4.50e-02	4.30e-01	3.99e-01	1.12e-01
 3.99713e+22	0.00e+00	1.57e-24	1.83e-20	4.26e-17	4.26e-13	3.74e-10	9.30e-08	6.94e-06	2.16e-04	2.44e-03	1.17e-02	4.67e-02	4.36e-01	3.95e-01	1.08e-01
 4.00801e+22	0.00e+00	2.19e-24	2.44e-20	5.40e-17	5.40e-13	4.68e-10	1.14e-07	8.32e-06	2.53e-04	2.77e-03	1.28e-02	4.92e-02	4.44e-01	3.88e-01	1.03e-01
 4.01879e+22	0.00e+00	2.80e-24	3.01e-20	6.45e-17	6.45e-13	5.54e-10	1.33e-07	9.53e-06	2.84e-04	3.05e-03	1.37e-02	5.12e-02	4.49e-01	3.83e-01	9.92e-02
 4.02942e+22	0.00e+00	3.87e-24	3.98e-20	8.12e-17	8.15e-13	6.91e-10	1.64e-07	1.14e-05	3.32e-04	3.46e-03	1.49e-02	5.38e-02	4.57e-01	3.76e-01	9.42e-02
 4.04021e+22	3.36e-35	5.01e-24	4.97e-20	9.74e-17	9.81e-13	8.24e-10	1.93e-07	1.32e-05	3.76e-04	3.82e-03	1.60e-02	5.60e-02	4.63e-01	3.71e-01	9.03e-02
 4.05123e+22	5.05e-35	7.01e-24	6.62e-20	1.23e-16	1.25e-12	1.04e-09	2.38e-07	1.59e-05	4.42e-04	4.35e-03	1.76e-02	5.90e-02	4.70e-01	3.63e-01	8.54e-02
 4.06244e+22	6.99e-35	9.17e-24	8.32e-20	1.49e-16	1.51e-12	1.25e-09	2.83e-07	1.85e-05	5.02e-04	4.82e-03	1.89e-02	6.15e-02	4.76e-01	3.57e-01	8.15e-02
 4.07392e+22	1.07e-34	1.30e-23	1.12e-19	1.89e-16	1.95e-12	1.59e-09	3.54e-07	2.25e-05	5.95e-04	5.52e-03	2.08e-02	6.48e-02	4.83e-01	3.49e-01	7.67e-02
 4.08542e+22	1.47e-34	1.69e-23	1.40e-19	2.27e-16	2.36e-12	1.91e-09	4.20e-07	2.61e-05	6.77e-04	6.12e-03	2.24e-02	6.74e-02	4.88e-01	3.42e-01	7.31e-02
 4.09534e+22	2.02e-34	2.20e-23	1.75e-19	2.72e-16	2.85e-12	2.29e-09	4.97e-07	3.03e-05	7.68e-04	6.77e-03	2.40e-02	7.01e-02	4.93e-01	3.35e-01	6.96e-02
 4.10660e+22	3.03e-34	3.07e-23	2.32e-19	3.41e-16	3.63e-12	2.90e-09	6.18e-07	3.67e-05	9.05e-04	7.71e-03	2.63e-02	7.37e-02	4.99e-01	3.27e-01	6.53e-02
 4.11785e+22	4.10e-34	3.95e-23	2.86e-19	4.05e-16	4.35e-12	3.45e-09	7.27e-07	4.24e-05	1.02e-03	8.50e-03	2.82e-02	7.64e-02	5.04e-01	3.20e-01	6.22e-02
 4.12907e+22	6.11e-34	5.48e-23	3.77e-19	5.04e-16	5.51e-12	4.35e-09	9.03e-07	5.13e-05	1.20e-03	9.66e-03	3.08e-02	8.02e-02	5.09e-01	3.11e-01	5.82e-02
 4.14026e+22	8.14e-34	6.95e-23	4.61e-19	5.92e-16	6.55e-12	5.14e-09	1.05e-06	5.87e-05	1.35e-03	1.06e-02	3.28e-02	8.30e-02	5.12e-01	3.05e-01	5.54e-02
 4.15139e+22	1.19e-33	9.54e-23	6.00e-19	7.30e-16	8.24e-12	6.44e-09	1.30e-06	7.06e-05	1.58e-03	1.20e-02	3.58e-02	8.68e-02	5.16e-01	2.96e-01	5.18e-02
 4.16272e+22	1.59e-33	1.21e-22	7.34e-19	8.58e-16	9.80e-12	7.62e-09	1.52e-06	8.11e-05	1.77e-03	1.31e-02	3.81e-02	8.97e-02	5.19e-01	2.89e-01	4.92e-02
 4.17430e+22	2.33e-33	1.66e-22	9.54e-19	1.06e-15	1.23e-11	9.54e-09	1.88e-06	9.75e-05	2.07e-03	1.48e-02	4.15e-02	9.38e-02	5.23e-01	2.79e-01	4.58e-02
 4.18613e+22	3.13e-33	2.12e-22	1.17e-18	1.24e-15	1.47e-11	1.13e-08	2.20e-06	1.12e-04	2.33e-03	1.63e-02	4.43e-02	9.69e-02	5.25e-01	2.72e-01	4.34e-02
 4.19829e+22	4.57e-33	2.90e-22	1.52e-18	1.53e-15	1.85e-11	1.42e-08	2.71e-06	1.35e-04	2.71e-03	1.83e-02	4.81e-02	1.01e-01	5.27e-01	2.63e-01	4.03e-02
 4.21081e+22	6.18e-33	3.72e-22	1.87e-18	1.80e-15	2.22e-11	1.69e-08	3.20e-06	1.56e-04	3.06e-03	2.01e-02	5.13e-02	1.04e-01	5.28e-01	2.55e-01	3.79e-02
 4.22192e+22	8.22e-33	4.72e-22	2.28e-18	2.10e-15	2.63e-11	2.00e-08	3.75e-06	1.79e-04	3.43e-03	2.20e-02	5.45e-02	1.08e-01	5.29e-01	2.48e-01	3.57e-02
 4.23447e+22	1.18e-32	6.38e-22	2.94e-18	2.57e-15	3.28e-11	2.48e-08	4.58e-06	2.13e-04	3.97e-03	2.47e-02	5.89e-02	1.12e-01	5.29e-01	2.38e-01	3.31e-02
 4.24716e+22	1.56e-32	8.06e-22	3.57e-18	2.99e-15	3.88e-11	2.93e-08	5.35e-06	2.44e-04	4.44e-03	2.69e-02	6.25e-02	1.15e-01	5.29e-01	2.31e-01	3.11e-02
 4.26005e+22	2.24e-32	1.09e-21	4.57e-18	3.64e-15	4.81e-11	3.62e-08	6.51e-06	2.90e-04	5.11e-03	3.00e-02	6.72e-02	1.19e-01	5.28e-01	2.22e-01	2.88e-02
 4.27331e+22	2.98e-32	1.38e-21	5.58e-18	4.25e-15	5.72e-11	4.28e-08	7.61e-06	3.32e-04	5.72e-03	3.27e-02	7.12e-02	1.22e-01	5.26e-01	2.15e-01	2.69e-02
 4.28522e+22	3.93e-32	1.74e-21	6.77e-18	4.96e-15	6.76e-11	5.04e-08	8.86e-06	3.79e-04	6.38e-03	3.56e-02	7.53e-02	1.25e-01	5.24e-01	2.07e-01	2.52e-02
 4.29888e+22	5.61e-32	2.34e-21	8.67e-18	6.02e-15	8.36e-11	6.21e-08	1.08e-05	4.49e-04	7.32e-03	3.95e-02	8.08e-02	1.29e-01	5.21e-01	1.98e-01	2.32e-02
 4.31262e+22	7.36e-32	2.94e-21	1.05e-17	6.99e-15	9.83e-11	7.27e-08	1.25e-05	5.11e-04	8.13e-03	4.28e-02	8.51e-02	1.32e-01	5.18e-01	1.91e-01	2.17e-02
 4.32648e+22	1.04e-31	3.94e-21	1.34e-17	8.46e-15	1.21e-10	8.90e-08	1.51e-05	6.03e-04	9.29e-03	4.74e-02	9.10e-02	1.36e-01	5.14e-01	1.82e-01	1.99e-02
 4.34055e+22	1.36e-31	4.94e-21	1.62e-17	9.83e-15	1.42e-10	1.04e-07	1.74e-05	6.83e-04	1.03e-02	5.12e-02	9.55e-02	1.39e-01	5.10e-01	1.75e-01	1.86e-02
 4.35489e+22	1.93e-31	6.60e-21	2.06e-17	1.19e-14	1.74e-10	1.27e-07	2.09e-05	8.02e-04	1.17e-02	5.64e-02	1.02e-01	1.42e-01	5.04e-01	1.66e-01	1.69e-02
 4.36879e+22	2.46e-31	8.10e-21	2.44e-17	1.36e-14	2.00e-10	1.45e-07	2.38e-05	8.97e-04	1.28e-02	6.03e-02	1.06e-01	1.45e-01	4.99e-01	1.60e-01	1.59e-02
 4.38211e+22	3.36e-31	1.05e-20	3.04e-17	1.62e-14	2.40e-10	1.74e-07	2.80e-05	1.04e-03	1.43e-02	6.57e-02	1.12e-01	1.48e-01	4.92e-01	1.52e-01	1.46e-02
 4.39568e+22	4.29e-31	1.30e-20	3.62e-17	1.86e-14	2.77e-10	1.99e-07	3.18e-05	1.16e-03	1.57e-02	7.02e-02	1.16e-01	1.50e-01	4.87e-01	1.46e-01	1.36e-02
 4.40957e+22	5.90e-31	1.70e-20	4.53e-17	2.21e-14	3.32e-10	2.38e-07	3.76e-05	1.34e-03	1.76e-02	7.64e-02	1.23e-01	1.53e-01	4.79e-01	1.38e-01	1.24e-02
 4.42359e+22	7.52e-31	2.08e-20	5.38e-17	2.54e-14	3.82e-10	2.73e-07	4.26e-05	1.49e-03	1.91e-02	8.13e-02	1.27e-01	1.54e-01	4.72e-01	1.33e-01	1.16e-02
 4.43778e+22	1.03e-30	2.72e-20	6.73e-17	3.03e-14	4.56e-10	3.24e-07	5.01e-05	1.72e-03	2.14e-02	8.82e-02	1.34e-01	1.57e-01	4.63e-01	1.25e-01	1.05e-02
 4.45220e+22	1.32e-30	3.35e-20	8.02e-17	3.49e-14	5.24e-10	3.71e-07	5.66e-05	1.91e-03	2.32e-02	9.36e-02	1.38e-01	1.58e-01	4.55e-01	1.20e-01	9.77e-03
 4.46493e+22	1.68e-30	4.11e-20	9.53e-17	4.00e-14	6.00e-10	4.23e-07	6.39e-05	2.12e-03	2.52e-02	9.93e-02	1.43e-01	1.59e-01	4.47e-01	1.14e-01	9.06e-03
 4.47755e+22	2.13e-30	5.03e-20	1.13e-16	4.57e-14	6.86e-10	4.81e-07	7.20e-05	2.35e-03	2.73e-02	1.05e-01	1.48e-01	1.61e-01	4.39e-01	1.09e-01	8.40e-03
 4.49205e+22	2.89e-30	6.52e-20	1.41e-16	5.44e-14	8.12e-10	5.66e-07	8.36e-05	2.68e-03	3.02e-02	1.13e-01	1.54e-01	1.62e-01	4.28e-01	1.03e-01	7.62e-03
 4.50665e+22	3.67e-30	7.99e-20	1.67e-16	6.24e-14	9.25e-10	6.41e-07	9.39e-05	2.96e-03	3.26e-02	1.19e-01	1.58e-01	1.63e-01	4.19e-01	9.76e-02	7.05e-03
 4.52138e+22	4.98e-30	1.04e-19	2.08e-16	7.42e-14	1.09e-09	7.53e-07	1.09e-04	3.37e-03	3.60e-02	1.28e-01	1.64e-01	1.63e-01	4.08e-01	9.13e-02	6.36e-03
 4.53628e+22	6.29e-30	1.27e-19	2.46e-16	8.52e-14	1.24e-09	8.51e-07	1.22e-04	3.71e-03	3.87e-02	1.34e-01	1.69e-01	1.64e-01	3.98e-01	8.68e-02	5.88e-03
 4.55137e+22	8.53e-30	1.65e-19	3.07e-16	1.02e-13	1.46e-09	9.96e-07	1.41e-04	4.20e-03	4.25e-02	1.43e-01	1.74e-01	1.64e-01	3.86e-01	8.10e-02	5.29e-03
 4.56678e+22	1.08e-29	2.02e-19	3.66e-16	1.17e-13	1.67e-09	1.13e-06	1.58e-04	4.63e-03	4.57e-02	1.50e-01	1.78e-01	1.64e-01	3.76e-01	7.67e-02	4.86e-03
 4.58259e+22	1.48e-29	2.65e-19	4.59e-16	1.41e-13	1.97e-09	1.32e-06	1.82e-04	5.24e-03	5.01e-02	1.60e-01	1.83e-01	1.63e-01	3.62e-01	7.11e-02	4.35e-03
 4.59874e+22	1.90e-29	3.27e-19	5.51e-16	1.63e-13	2.25e-09	1.50e-06	2.04e-04	5.77e-03	5.38e-02	1.68e-01	1.87e-01	1.63e-01	3.52e-01	6.70e-02	3.98e-03
 4.61534e+22	2.61e-29	4.30e-19	6.96e-16	1.97e-13	2.66e-09	1.75e-06	2.36e-04	6.52e-03	5.89e-02	1.78e-01	1.92e-01	1.61e-01	3.38e-01	6.19e-02	3.54e-03
 4.63247e+22	3.40e-29	5.39e-19	8.44e-16	2.30e-13	3.06e-09	2.00e-06	2.65e-04	7.20e-03	6.33e-02	1.86e-01	1.96e-01	1.60e-01	3.26e-01	5.79e-02	3.21e-03
 4.64727e+22	4.29e-29	6.59e-19	1.00e-15	2.66e-13	3.47e-09	2.24e-06	2.94e-04	7.85e-03	6.74e-02	1.94e-01	1.99e-01	1.59e-01	3.16e-01	5.46e-02	2.94e-03
 4.66350e+22	5.84e-29	8.58e-19	1.26e-15	3.18e-13	4.06e-09	2.60e-06	3.36e-04	8.80e-03	7.32e-02	2.04e-01	2.02e-01	1.57e-01	3.02e-01	5.02e-02	2.60e-03
 4.67995e+22	7.40e-29	1.05e-18	1.50e-15	3.68e-13	4.61e-09	2.92e-06	3.73e-04	9.59e-03	7.78e-02	2.12e-01	2.05e-01	1.55e-01	2.91e-01	4.71e-02	2.37e-03
 4.69668e+22	9.97e-29	1.36e-18	1.87e-15	4.41e-13	5.38e-09	3.37e-06	4.24e-04	1.07e-02	8.39e-02	2.21e-01	2.07e-01	1.53e-01	2.78e-01	4.34e-02	2.11e-03
 4.71436e+22	1.31e-28	1.72e-18	2.29e-15	5.20e-13	6.20e-09	3.84e-06	4.76e-04	1.17e-02	8.97e-02	2.30e-01	2.10e-01	1.50e-01	2.66e-01	4.01e-02	1.89e-03
 4.73059e+22	1.70e-28	2.14e-18	2.76e-15	6.07e-13	7.07e-09	4.34e-06	5.29e-04	1.28e-02	9.54e-02	2.39e-01	2.11e-01	1.48e-01	2.55e-01	3.73e-02	1.70e-03
 4.74901e+22	2.34e-28	2.82e-18	3.50e-15	7.38e-13	8.35e-09	5.04e-06	6.04e-04	1.43e-02	1.03e-01	2.49e-01	2.13e-01	1.44e-01	2.41e-01	3.39e-02	1.49e-03
 4.76851e+22	3.15e-28	3.62e-18	4.36e-15	8.83e-13	9.70e-09	5.78e-06	6.81e-04	1.58e-02	1.10e-01	2.58e-01	2.14e-01	1.41e-01	2.28e-01	3.10e-02	1.32e-03
 4.78655e+22	4.16e-28	4.60e-18	5.35e-15	1.05e-12	1.12e-08	6.57e-06	7.62e-04	1.73e-02	1.17e-01	2.67e-01	2.14e-01	1.38e-01	2.17e-01	2.85e-02	1.17e-03
 4.80715e+22	5.96e-28	6.23e-18	6.96e-15	1.30e-12	1.34e-08	7.73e-06	8.78e-04	1.94e-02	1.26e-01	2.78e-01	2.14e-01	1.33e-01	2.02e-01	2.54e-02	1.00e-03
 4.82746e+22	7.81e-28	7.84e-18	8.51e-15	1.53e-12	1.54e-08	8.74e-06	9.76e-04	2.11e-02	1.33e-01	2.85e-01	2.14e-01	1.29e-01	1.91e-01	2.33e-02	8.88e-04
 4.84742e+22	1.10e-27	1.05e-17	1.09e-14	1.88e-12	1.82e-08	1.02e-05	1.11e-03	2.35e-02	1.43e-01	2.95e-01	2.13e-01	1.25e-01	1.78e-01	2.08e-02	7.60e-04
 4.86761e+22	1.45e-27	1.32e-17	1.34e-14	2.22e-12	2.09e-08	1.15e-05	1.24e-03	2.55e-02	1.51e-01	3.02e-01	2.12e-01	1.21e-01	1.68e-01	1.90e-02	6.71e-04
 4.88810e+22	2.05e-27	1.77e-17	1.72e-14	2.74e-12	2.47e-08	1.34e-05	1.41e-03	2.83e-02	1.61e-01	3.11e-01	2.10e-01	1.16e-01	1.55e-01	1.68e-02	5.70e-04
 4.90886e+22	2.70e-27	2.24e-17	2.12e-14	3.24e-12	2.84e-08	1.51e-05	1.56e-03	3.07e-02	1.69e-01	3.17e-01	2.08e-01	1.12e-01	1.46e-01	1.53e-02	5.00e-04
 4.92997e+22	3.84e-27	3.02e-17	2.74e-14	4.00e-12	3.36e-08	1.76e-05	1.78e-03	3.40e-02	1.80e-01	3.25e-01	2.05e-01	1.06e-01	1.34e-01	1.34e-02	4.20e-04
 4.95134e+22	5.08e-27	3.84e-17	3.37e-14	4.74e-12	3.86e-08	1.98e-05	1.97e-03	3.68e-02	1.89e-01	3.31e-01	2.02e-01	1.02e-01	1.25e-01	1.21e-02	3.66e-04
 4.97306e+22	7.32e-27	5.24e-17	4.39e-14	5.88e-12	4.58e-08	2.31e-05	2.25e-03	4.09e-02	2.01e-01	3.38e-01	1.97e-01	9.66e-02	1.14e-01	1.05e-02	3.03e-04
 4.99484e+22	9.62e-27	6.62e-17	5.38e-14	6.95e-12	5.24e-08	2.60e-05	2.48e-03	4.41e-02	2.10e-01	3.42e-01	1.94e-01	9.24e-02	1.06e-01	9.43e-03	2.63e-04
 5.01670e+22	1.38e-26	9.01e-17	7.00e-14	8.59e-12	6.19e-08	3.01e-05	2.81e-03	4.87e-02	2.22e-01	3.47e-01	1.88e-01	8.69e-02	9.57e-02	8.12e-03	2.16e-04
 5.03883e+22	1.83e-26	1.15e-16	8.60e-14	1.02e-11	7.07e-08	3.38e-05	3.10e-03	5.25e-02	2.31e-01	3.50e-01	1.84e-01	8.27e-02	8.84e-02	7.24e-03	1.86e-04
 5.06128e+22	2.62e-26	1.57e-16	1.12e-13	1.26e-11	8.36e-08	3.92e-05	3.51e-03	5.78e-02	2.44e-01	3.54e-01	1.78e-01	7.73e-02	7.95e-02	6.20e-03	1.51e-04
 5.08415e+22	3.50e-26	2.01e-16	1.39e-13	1.50e-11	9.58e-08	4.41e-05	3.88e-03	6.24e-02	2.54e-01	3.56e-01	1.73e-01	7.31e-02	7.29e-02	5.47e-03	1.29e-04
 5.10756e+22	5.10e-26	2.80e-16	1.84e-13	1.87e-11	1.13e-07	5.12e-05	4.41e-03	6.89e-02	2.67e-01	3.57e-01	1.66e-01	6.76e-02	6.46e-02	4.59e-03	1.02e-04
 5.12993e+22	6.56e-26	3.49e-16	2.22e-13	2.19e-11	1.28e-07	5.68e-05	4.80e-03	7.35e-02	2.76e-01	3.58e-01	1.61e-01	6.41e-02	5.95e-02	4.09e-03	8.81e-05
 5.15094e+22	9.18e-26	4.69e-16	2.85e-13	2.67e-11	1.48e-07	6.48e-05	5.37e-03	8.02e-02	2.87e-01	3.57e-01	1.54e-01	5.95e-02	5.31e-02	3.48e-03	7.14e-05
 5.17186e+22	1.17e-25	5.85e-16	3.44e-13	3.11e-11	1.67e-07	7.16e-05	5.83e-03	8.53e-02	2.95e-01	3.56e-01	1.49e-01	5.63e-02	4.88e-02	3.09e-03	6.13e-05
 5.19265e+22	1.63e-25	7.85e-16	4.40e-13	3.78e-11	1.93e-07	8.14e-05	6.50e-03	9.27e-02	3.07e-01	3.54e-01	1.42e-01	5.20e-02	4.34e-02	2.61e-03	4.94e-05
 5.21376e+22	2.10e-25	9.86e-16	5.35e-13	4.42e-11	2.18e-07	9.01e-05	7.06e-03	9.87e-02	3.15e-01	3.52e-01	1.36e-01	4.89e-02	3.96e-02	2.30e-03	4.19e-05
 5.23526e+22	2.94e-25	1.34e-15	6.91e-13	5.43e-11	2.53e-07	1.03e-04	7.89e-03	1.07e-01	3.26e-01	3.48e-01	1.29e-01	4.49e-02	3.49e-02	1.92e-03	3.33e-05
 5.25710e+22	3.82e-25	1.71e-15	8.47e-13	6.40e-11	2.86e-07	1.14e-04	8.59e-03	1.14e-01	3.34e-01	3.45e-01	1.23e-01	4.20e-02	3.15e-02	1.67e-03	2.79e-05
 5.27939e+22	5.35e-25	2.34e-15	1.11e-12	7.93e-11	3.36e-07	1.30e-04	9.60e-03	1.24e-01	3.45e-01	3.39e-01	1.15e-01	3.82e-02	2.75e-02	1.38e-03	2.19e-05
 5.30227e+22	7.08e-25	3.04e-15	1.38e-12	9.46e-11	3.83e-07	1.46e-04	1.05e-02	1.33e-01	3.53e-01	3.33e-01	1.09e-01	3.54e-02	2.46e-02	1.18e-03	1.79e-05
 5.32592e+22	1.01e-24	4.28e-15	1.83e-12	1.19e-10	4.55e-07	1.68e-04	1.18e-02	1.45e-01	3.63e-01	3.25e-01	1.01e-01	3.19e-02	2.11e-02	9.60e-04	1.38e-05
 5.34994e+22	1.34e-24	5.63e-15	2.31e-12	1.44e-10	5.22e-07	1.89e-04	1.29e-02	1.55e-01	3.70e-01	3.18e-01	9.48e-02	2.93e-02	1.87e-02	8.10e-04	1.11e-05
 5.37399e+22	1.89e-24	7.98e-15	3.10e-12	1.83e-10	6.24e-07	2.18e-04	1.45e-02	1.69e-01	3.79e-01	3.08e-01	8.72e-02	2.62e-02	1.59e-02	6.51e-04	8.42e-06
 5.39824e+22	2.53e-24	1.06e-14	3.93e-12	2.22e-10	7.21e-07	2.46e-04	1.59e-02	1.80e-01	3.85e-01	2.99e-01	8.12e-02	2.39e-02	1.39e-02	5.45e-04	6.72e-06
 5.42203e+22	3.52e-24	1.49e-14	5.25e-12	2.82e-10	8.60e-07	2.83e-04	1.78e-02	1.95e-01	3.92e-01	2.88e-01	7.42e-02	2.13e-02	1.18e-02	4.38e-04	5.10e-06
 5.44608e+22	4.74e-24	2.00e-14	6.72e-12	3.46e-10	1.00e-06	3.20e-04	1.95e-02	2.08e-01	3.96e-01	2.77e-01	6.85e-02	1.93e-02	1.03e-02	3.62e-04	4.02e-06
 5.46703e+22	6.12e-24	2.59e-14	8.39e-12	4.16e-10	1.15e-06	3.57e-04	2.12e-02	2.20e-01	4.00e-01	2.68e-01	6.37e-02	1.76e-02	9.05e-03	3.05e-04	3.25e-06
 5.48928e+22	8.38e-24	3.61e-14	1.11e-11	5.27e-10	1.37e-06	4.10e-04	2.36e-02	2.36e-01	4.03e-01	2.56e-01	5.78e-02	1.57e-02	7.68e-03	2.45e-04	2.47e-06
 5.51173e+22	1.10e-23	4.71e-14	1.40e-11	6.38e-10	1.59e-06	4.59e-04	2.56e-02	2.49e-01	4.04e-01	2.46e-01	5.34e-02	1.43e-02	6.71e-03	2.05e-04	1.98e-06
 5.53171e+22	1.41e-23	6.13e-14	1.75e-11	7.72e-10	1.83e-06	5.13e-04	2.78e-02	2.63e-01	4.05e-01	2.36e-01	4.92e-02	1.30e-02	5.86e-03	1.71e-04	1.59e-06
 5.55394e+22	1.95e-23	8.51e-14	2.32e-11	9.80e-10	2.19e-06	5.89e-04	3.07e-02	2.80e-01	4.05e-01	2.23e-01	4.43e-02	1.15e-02	4.94e-03	1.37e-04	1.20e-06
 5.57595e+22	2.52e-23	1.10e-13	2.88e-11	1.18e-09	2.53e-06	6.55e-04	3.31e-02	2.94e-01	4.04e-01	2.13e-01	4.08e-02	1.04e-02	4.32e-03	1.15e-04	9.65e-07
 5.59826e+22	3.49e-23	1.53e-13	3.84e-11	1.51e-09	3.04e-06	7.54e-04	3.66e-02	3.12e-01	4.02e-01	2.00e-01	3.64e-02	9.12e-03	3.61e-03	9.07e-05	7.22e-07
 5.62057e+22	4.52e-23	1.96e-13	4.77e-11	1.82e-09	3.50e-06	8.38e-04	3.94e-02	3.25e-01	3.99e-01	1.90e-01	3.34e-02	8.25e-03	3.15e-03	7.59e-05	5.80e-07
 5.64287e+22	6.27e-23	2.71e-13	6.32e-11	2.32e-09	4.21e-06	9.62e-04	4.33e-02	3.44e-01	3.95e-01	1.78e-01	2.97e-02	7.22e-03	2.63e-03	5.99e-05	4.34e-07
 5.66530e+22	8.17e-23	3.47e-13	7.85e-11	2.80e-09	4.86e-06	1.07e-03	4.65e-02	3.58e-01	3.90e-01	1.68e-01	2.71e-02	6.50e-03	2.28e-03	4.99e-05	3.46e-07
 5.68788e+22	1.14e-22	4.78e-13	1.04e-10	3.57e-09	5.85e-06	1.22e-03	5.10e-02	3.76e-01	3.84e-01	1.56e-01	2.39e-02	5.66e-03	1.89e-03	3.91e-05	2.57e-07
 5.71064e+22	1.50e-22	6.11e-13	1.29e-10	4.31e-09	6.74e-06	1.36e-03	5.47e-02	3.90e-01	3.78e-01	1.48e-01	2.18e-02	5.08e-03	1.63e-03	3.25e-05	2.05e-07
 5.73361e+22	2.12e-22	8.39e-13	1.71e-10	5.50e-09	8.12e-06	1.55e-03	5.98e-02	4.08e-01	3.70e-01	1.36e-01	1.91e-02	4.40e-03	1.35e-03	2.53e-05	1.51e-07
 5.75689e+22	2.80e-22	1.07e-12	2.12e-10	6.65e-09	9.38e-06	1.73e-03	6.40e-02	4.21e-01	3.63e-01	1.28e-01	1.73e-02	3.92e-03	1.16e-03	2.08e-05	0.00e+00
 5.78056e+22	4.03e-22	1.47e-12	2.81e-10	8.53e-09	1.13e-05	1.97e-03	6.98e-02	4.39e-01	3.52e-01	1.17e-01	1.51e-02	3.37e-03	9.45e-04	1.61e-05	0.00e+00
 5.80461e+22	5.40e-22	1.88e-12	3.50e-10	1.03e-08	1.31e-05	2.19e-03	7.46e-02	4.52e-01	3.44e-01	1.10e-01	1.36e-02	2.99e-03	8.07e-04	1.32e-05	0.00e+00
 5.82916e+22	7.88e-22	2.59e-12	4.64e-10	1.32e-08	1.58e-05	2.50e-03	8.11e-02	4.69e-01	3.33e-01	1.00e-01	1.18e-02	2.55e-03	6.56e-04	1.01e-05	0.00e+00
 5.85436e+22	1.08e-21	3.34e-12	5.83e-10	1.62e-08	1.84e-05	2.78e-03	8.67e-02	4.82e-01	3.23e-01	9.27e-02	1.05e-02	2.24e-03	5.53e-04	8.14e-06	0.00e+00
 5.88042e+22	1.62e-21	4.62e-12	7.82e-10	2.10e-08	2.24e-05	3.19e-03	9.44e-02	4.98e-01	3.10e-01	8.37e-02	8.98e-03	1.89e-03	4.42e-04	6.13e-06	0.00e+00
 5.90656e+22	2.24e-21	5.91e-12	9.74e-10	2.55e-08	2.59e-05	3.54e-03	1.00e-01	5.09e-01	3.00e-01	7.74e-02	7.99e-03	1.66e-03	3.73e-04	4.94e-06	0.00e+00
 5.92862e+22	3.03e-21	7.42e-12	1.20e-09	3.06e-08	2.97e-05	3.89e-03	1.06e-01	5.19e-01	2.90e-01	7.18e-02	7.15e-03	1.46e-03	3.17e-04	4.04e-06	0.00e+00
 5.95311e+22	4.46e-21	9.92e-12	1.56e-09	3.87e-08	3.54e-05	4.39e-03	1.14e-01	5.31e-01	2.78e-01	6.50e-02	6.18e-03	1.24e-03	2.57e-04	3.10e-06	0.00e+00
 5.97657e+22	5.89e-21	1.21e-11	1.86e-09	4.54e-08	3.99e-05	4.76e-03	1.20e-01	5.39e-01	2.69e-01	6.07e-02	5.59e-03	1.11e-03	2.23e-04	2.58e-06	0.00e+00
 5.99869e+22	8.39e-21	1.56e-11	2.35e-09	5.58e-08	4.66e-05	5.29e-03	1.27e-01	5.48e-01	2.58e-01	5.54e-02	4.89e-03	9.60e-04	1.84e-04	2.03e-06	0.00e+00
 6.02112e+22	1.12e-20	1.91e-11	2.81e-09	6.55e-08	5.26e-05	5.74e-03	1.33e-01	5.55e-01	2.49e-01	5.16e-02	4.41e-03	8.54e-04	1.59e-04	1.69e-06	0.00e+00
 6.04396e+22	1.61e-20	2.47e-11	3.56e-09	8.10e-08	6.16e-05	6.39e-03	1.42e-01	5.63e-01	2.38e-01	4.68e-02	3.84e-03	7.32e-04	1.30e-04	1.31e-06	0.00e+00
 6.06694e+22	2.20e-20	3.00e-11	4.25e-09	9.48e-08	6.92e-05	6.92e-03	1.48e-01	5.68e-01	2.29e-01	4.35e-02	3.46e-03	6.51e-04	1.12e-04	1.09e-06	0.00e+00
 6.09010e+22	3.20e-20	3.86e-11	5.36e-09	1.17e-07	8.09e-05	7.68e-03	1.57e-01	5.74e-01	2.18e-01	3.94e-02	3.00e-03	5.57e-04	9.17e-05	8.47e-07	0.00e+00
 6.11356e+22	4.39e-20	4.70e-11	6.41e-09	1.37e-07	9.11e-05	8.31e-03	1.64e-01	5.79e-01	2.09e-01	3.65e-02	2.69e-03	4.93e-04	7.87e-05	6.99e-07	0.00e+00
 6.13741e+22	6.47e-20	6.06e-11	8.10e-09	1.69e-07	1.06e-04	9.21e-03	1.73e-01	5.83e-01	1.98e-01	3.29e-02	2.33e-03	4.20e-04	6.40e-05	5.40e-07	0.00e+00
 6.16163e+22	9.01e-20	7.38e-11	9.70e-09	1.99e-07	1.20e-04	9.97e-03	1.81e-01	5.86e-01	1.90e-01	3.04e-02	2.08e-03	3.70e-04	5.47e-05	4.43e-07	0.00e+00
 6.18633e+22	1.34e-19	9.54e-11	1.23e-08	2.47e-07	1.41e-04	1.11e-02	1.91e-01	5.89e-01	1.79e-01	2.73e-02	1.79e-03	3.13e-04	4.42e-05	3.40e-07	0.00e+00
 6.21148e+22	1.89e-19	1.17e-10	1.48e-08	2.91e-07	1.59e-04	1.20e-02	1.99e-01	5.91e-01	1.71e-01	2.51e-02	1.59e-03	2.75e-04	3.75e-05	2.77e-07	0.00e+00
 6.23722e+22	2.85e-19	1.51e-10	1.88e-08	3.62e-07	1.87e-04	1.33e-02	2.10e-01	5.92e-01	1.61e-01	2.24e-02	1.36e-03	2.31e-04	3.00e-05	2.10e-07	0.00e+00
 6.26348e+22	4.05e-19	1.86e-10	2.27e-08	4.28e-07	2.11e-04	1.44e-02	2.18e-01	5.92e-01	1.53e-01	2.05e-02	1.21e-03	2.01e-04	2.53e-05	1.70e-07	0.00e+00
 6.29042e+22	6.13e-19	2.42e-10	2.92e-08	5.38e-07	2.49e-04	1.61e-02	2.30e-01	5.92e-01	1.42e-01	1.81e-02	1.02e-03	1.67e-04	2.00e-05	1.27e-07	0.00e+00
 6.31748e+22	8.61e-19	2.96e-10	3.51e-08	6.35e-07	2.82e-04	1.74e-02	2.39e-01	5.90e-01	1.35e-01	1.66e-02	9.05e-04	1.46e-04	1.69e-05	0.00e+00	0.00e+00
 6.34467e+22	1.29e-18	3.85e-10	4.49e-08	7.94e-07	3.31e-04	1.93e-02	2.51e-01	5.88e-01	1.26e-01	1.47e-02	7.67e-04	1.21e-04	1.34e-05	0.00e+00	0.00e+00
 6.37227e+22	1.79e-18	4.72e-10	5.42e-08	9.40e-07	3.75e-04	2.08e-02	2.61e-01	5.85e-01	1.19e-01	1.33e-02	6.76e-04	1.05e-04	1.12e-05	0.00e+00	0.00e+00
 6.39625e+22	2.42e-18	5.74e-10	6.50e-08	1.11e-06	4.23e-04	2.25e-02	2.70e-01	5.81e-01	1.12e-01	1.22e-02	5.96e-04	9.13e-05	9.40e-06	0.00e+00	0.00e+00
 6.42330e+22	3.52e-18	7.37e-10	8.23e-08	1.38e-06	4.94e-04	2.48e-02	2.83e-01	5.76e-01	1.04e-01	1.08e-02	5.06e-04	7.61e-05	7.48e-06	0.00e+00	0.00e+00
 6.45062e+22	4.76e-18	8.96e-10	9.85e-08	1.62e-06	5.55e-04	2.67e-02	2.92e-01	5.72e-01	9.86e-02	9.80e-03	4.47e-04	6.62e-05	6.29e-06	0.00e+00	0.00e+00
 6.47341e+22	6.17e-18	1.06e-09	1.16e-07	1.87e-06	6.18e-04	2.85e-02	3.01e-01	5.67e-01	9.35e-02	9.00e-03	3.99e-04	5.83e-05	5.37e-06	0.00e+00	0.00e+00
 6.49815e+22	8.51e-18	1.33e-09	1.43e-07	2.27e-06	7.10e-04	3.11e-02	3.12e-01	5.61e-01	8.70e-02	8.03e-03	3.43e-04	4.92e-05	4.35e-06	0.00e+00	0.00e+00
 6.52268e+22	1.09e-17	1.57e-09	1.67e-07	2.62e-06	7.86e-04	3.31e-02	3.21e-01	5.55e-01	8.26e-02	7.38e-03	3.07e-04	4.35e-05	3.73e-06	0.00e+00	0.00e+00
 6.54695e+22	1.46e-17	1.94e-09	2.03e-07	3.12e-06	8.92e-04	3.58e-02	3.31e-01	5.48e-01	7.72e-02	6.64e-03	2.67e-04	3.72e-05	3.07e-06	0.00e+00	0.00e+00
 6.57223e+22	1.92e-17	2.33e-09	2.42e-07	3.67e-06	1.00e-03	3.85e-02	3.41e-01	5.41e-01	7.24e-02	6.02e-03	2.35e-04	3.22e-05	2.57e-06	0.00e+00	0.00e+00
 6.59475e+22	2.43e-17	2.76e-09	2.83e-07	4.24e-06	1.11e-03	4.09e-02	3.50e-01	5.34e-01	6.85e-02	5.52e-03	2.10e-04	2.83e-05	2.19e-06	0.00e+00	0.00e+00
 6.61994e+22	3.28e-17	3.40e-09	3.45e-07	5.06e-06	1.26e-03	4.42e-02	3.60e-01	5.25e-01	6.37e-02	4.95e-03	1.82e-04	2.41e-05	1.80e-06	0.00e+00	0.00e+00
 6.64653e+22	4.34e-17	4.12e-09	4.14e-07	5.97e-06	1.42e-03	4.75e-02	3.70e-01	5.17e-01	5.95e-02	4.46e-03	1.59e-04	2.08e-05	1.49e-06	0.00e+00	0.00e+00
 6.67076e+22	5.54e-17	4.92e-09	4.89e-07	6.95e-06	1.58e-03	5.07e-02	3.79e-01	5.08e-01	5.59e-02	4.05e-03	1.40e-04	1.81e-05	1.26e-06	0.00e+00	0.00e+00
 6.69804e+22	7.61e-17	6.17e-09	6.04e-07	8.42e-06	1.81e-03	5.50e-02	3.91e-01	4.97e-01	5.14e-02	3.59e-03	1.20e-04	1.51e-05	1.01e-06	0.00e+00	0.00e+00
 6.72611e+22	9.95e-17	7.45e-09	7.22e-07	9.91e-06	2.03e-03	5.89e-02	4.00e-01	4.87e-01	4.79e-02	3.23e-03	1.05e-04	1.30e-05	8.36e-07	0.00e+00	0.00e+00
 6.75134e+22	1.28e-16	8.95e-09	8.58e-07	1.16e-05	2.27e-03	6.29e-02	4.09e-01	4.78e-01	4.47e-02	2.92e-03	9.17e-05	1.12e-05	6.98e-07	0.00e+00	0.00e+00
 6.78027e+22	1.77e-16	1.13e-08	1.07e-06	1.41e-05	2.61e-03	6.82e-02	4.21e-01	4.65e-01	4.08e-02	2.56e-03	7.75e-05	9.29e-06	5.53e-07	0.00e+00	0.00e+00
 6.80963e+22	2.31e-16	1.37e-08	1.28e-06	1.66e-05	2.93e-03	7.29e-02	4.30e-01	4.54e-01	3.79e-02	2.30e-03	6.75e-05	7.95e-06	4.57e-07	0.00e+00	0.00e+00
 6.83565e+22	2.98e-16	1.65e-08	1.52e-06	1.95e-05	3.27e-03	7.78e-02	4.39e-01	4.43e-01	3.52e-02	2.07e-03	5.89e-05	6.83e-06	3.79e-07	0.00e+00	0.00e+00
