#depth	N	N+	N+2	N+3	N+4	N+5	N+6	N+7
 4.62852e+21	1.99e-12	2.19e-07	6.00e-04	3.43e-02	1.70e-01	7.62e-01	3.34e-02	2.45e-04
 1.04166e+22	8.55e-12	7.32e-07	1.55e-03	6.16e-02	2.26e-01	6.90e-01	2.06e-02	1.03e-04
 1.21559e+22	1.78e-11	1.33e-06	2.46e-03	8.12e-02	2.56e-01	6.44e-01	1.59e-02	6.61e-05
 1.31995e+22	3.19e-11	2.13e-06	3.53e-03	1.00e-01	2.79e-01	6.04e-01	1.28e-02	4.57e-05
 1.37944e+22	3.78e-11	2.44e-06	3.91e-03	1.06e-01	2.86e-01	5.92e-01	1.20e-02	4.10e-05
 1.40957e+22	4.68e-11	2.90e-06	4.44e-03	1.15e-01	2.95e-01	5.75e-01	1.10e-02	3.57e-05
 1.44323e+22	5.77e-11	3.43e-06	5.04e-03	1.23e-01	3.02e-01	5.59e-01	1.02e-02	3.11e-05
 1.47580e+22	7.02e-11	4.00e-06	5.65e-03	1.31e-01	3.10e-01	5.44e-01	9.40e-03	2.73e-05
 1.51247e+22	9.13e-11	4.93e-06	6.59e-03	1.43e-01	3.19e-01	5.23e-01	8.42e-03	2.29e-05
 1.54900e+22	1.12e-10	5.78e-06	7.40e-03	1.53e-01	3.26e-01	5.06e-01	7.74e-03	1.99e-05
 1.58534e+22	1.43e-10	7.04e-06	8.54e-03	1.65e-01	3.34e-01	4.85e-01	6.95e-03	1.68e-05
 1.62279e+22	1.79e-10	8.36e-06	9.68e-03	1.77e-01	3.40e-01	4.67e-01	6.30e-03	1.44e-05
 1.65604e+22	2.19e-10	9.80e-06	1.09e-02	1.88e-01	3.46e-01	4.49e-01	5.74e-03	1.24e-05
 1.69361e+22	2.83e-10	1.20e-05	1.25e-02	2.03e-01	3.52e-01	4.27e-01	5.10e-03	1.03e-05
 1.73237e+22	3.55e-10	1.43e-05	1.42e-02	2.17e-01	3.57e-01	4.08e-01	4.58e-03	8.70e-06
 1.76682e+22	4.39e-10	1.68e-05	1.59e-02	2.30e-01	3.61e-01	3.89e-01	4.13e-03	7.42e-06
 1.80575e+22	5.72e-10	2.05e-05	1.83e-02	2.47e-01	3.65e-01	3.66e-01	3.62e-03	6.07e-06
 1.84611e+22	7.23e-10	2.46e-05	2.07e-02	2.62e-01	3.68e-01	3.46e-01	3.21e-03	5.04e-06
 1.88223e+22	9.00e-10	2.90e-05	2.32e-02	2.77e-01	3.69e-01	3.28e-01	2.86e-03	4.24e-06
 1.92310e+22	1.19e-09	3.58e-05	2.68e-02	2.96e-01	3.70e-01	3.04e-01	2.46e-03	3.38e-06
 1.96529e+22	1.51e-09	4.28e-05	3.02e-02	3.13e-01	3.70e-01	2.84e-01	2.15e-03	2.77e-06
 2.00921e+22	2.04e-09	5.36e-05	3.50e-02	3.35e-01	3.68e-01	2.60e-01	1.81e-03	2.14e-06
 2.05374e+22	2.58e-09	6.38e-05	3.93e-02	3.52e-01	3.65e-01	2.42e-01	1.57e-03	1.74e-06
 2.09022e+22	3.14e-09	7.40e-05	4.33e-02	3.67e-01	3.62e-01	2.26e-01	1.39e-03	1.46e-06
 2.12880e+22	4.08e-09	8.96e-05	4.89e-02	3.86e-01	3.57e-01	2.07e-01	1.18e-03	1.15e-06
 2.17123e+22	5.22e-09	1.07e-04	5.48e-02	4.03e-01	3.51e-01	1.90e-01	1.01e-03	9.15e-07
 2.20843e+22	6.34e-09	1.23e-04	5.98e-02	4.17e-01	3.46e-01	1.77e-01	8.88e-04	7.61e-07
 2.24655e+22	8.20e-09	1.48e-04	6.69e-02	4.34e-01	3.38e-01	1.60e-01	7.48e-04	5.96e-07
 2.28481e+22	9.95e-09	1.70e-04	7.29e-02	4.47e-01	3.31e-01	1.48e-01	6.54e-04	4.92e-07
 2.32326e+22	1.27e-08	2.03e-04	8.11e-02	4.63e-01	3.21e-01	1.34e-01	5.47e-04	3.84e-07
 2.36201e+22	1.55e-08	2.33e-04	8.81e-02	4.75e-01	3.13e-01	1.23e-01	4.73e-04	3.13e-07
 2.39591e+22	1.88e-08	2.67e-04	9.54e-02	4.87e-01	3.04e-01	1.13e-01	4.10e-04	2.56e-07
 2.43475e+22	2.39e-08	3.15e-04	1.05e-01	5.00e-01	2.93e-01	1.01e-01	3.42e-04	1.99e-07
 2.47448e+22	2.92e-08	3.64e-04	1.14e-01	5.10e-01	2.83e-01	9.17e-02	2.90e-04	1.58e-07
 2.50896e+22	3.51e-08	4.14e-04	1.23e-01	5.19e-01	2.74e-01	8.38e-02	2.50e-04	1.29e-07
 2.54741e+22	4.41e-08	4.84e-04	1.34e-01	5.29e-01	2.62e-01	7.46e-02	2.07e-04	0.00e+00
 2.58726e+22	5.39e-08	5.56e-04	1.45e-01	5.37e-01	2.51e-01	6.71e-02	1.75e-04	0.00e+00
 2.62289e+22	6.49e-08	6.32e-04	1.55e-01	5.43e-01	2.41e-01	6.07e-02	1.49e-04	0.00e+00
 2.66317e+22	8.18e-08	7.40e-04	1.68e-01	5.50e-01	2.28e-01	5.33e-02	1.21e-04	0.00e+00
 2.70474e+22	1.00e-07	8.48e-04	1.81e-01	5.54e-01	2.16e-01	4.75e-02	1.01e-04	0.00e+00
 2.74190e+22	1.21e-07	9.62e-04	1.93e-01	5.58e-01	2.06e-01	4.25e-02	8.47e-05	0.00e+00
 2.78408e+22	1.52e-07	1.12e-03	2.09e-01	5.60e-01	1.93e-01	3.69e-02	6.78e-05	0.00e+00
 2.82760e+22	1.86e-07	1.29e-03	2.23e-01	5.61e-01	1.82e-01	3.25e-02	5.57e-05	0.00e+00
 2.86650e+22	2.25e-07	1.46e-03	2.38e-01	5.61e-01	1.71e-01	2.88e-02	4.62e-05	0.00e+00
 2.91070e+22	2.88e-07	1.72e-03	2.57e-01	5.59e-01	1.58e-01	2.44e-02	3.58e-05	0.00e+00
 2.95492e+22	3.46e-07	1.94e-03	2.72e-01	5.56e-01	1.48e-01	2.15e-02	2.96e-05	0.00e+00
 2.99214e+22	4.10e-07	2.17e-03	2.86e-01	5.53e-01	1.40e-01	1.91e-02	2.47e-05	0.00e+00
 3.03350e+22	5.03e-07	2.48e-03	3.04e-01	5.48e-01	1.30e-01	1.65e-02	1.97e-05	0.00e+00
 3.07571e+22	6.07e-07	2.80e-03	3.20e-01	5.42e-01	1.21e-01	1.44e-02	1.60e-05	0.00e+00
 3.11178e+22	7.11e-07	3.10e-03	3.35e-01	5.36e-01	1.13e-01	1.27e-02	1.34e-05	0.00e+00
 3.15139e+22	8.60e-07	3.50e-03	3.53e-01	5.28e-01	1.05e-01	1.10e-02	1.07e-05	0.00e+00
 3.19300e+22	1.03e-06	3.94e-03	3.70e-01	5.19e-01	9.68e-02	9.52e-03	8.63e-06	0.00e+00
 3.22993e+22	1.21e-06	4.36e-03	3.86e-01	5.11e-01	9.03e-02	8.39e-03	7.15e-06	0.00e+00
 3.27065e+22	1.46e-06	4.92e-03	4.04e-01	5.01e-01	8.28e-02	7.18e-03	5.67e-06	0.00e+00
 3.31335e+22	1.74e-06	5.50e-03	4.22e-01	4.90e-01	7.63e-02	6.19e-03	4.55e-06	0.00e+00
 3.35176e+22	2.05e-06	6.10e-03	4.39e-01	4.79e-01	7.04e-02	5.37e-03	3.68e-06	0.00e+00
 3.39484e+22	2.49e-06	6.91e-03	4.59e-01	4.66e-01	6.39e-02	4.53e-03	2.86e-06	0.00e+00
 3.43933e+22	2.97e-06	7.71e-03	4.77e-01	4.54e-01	5.84e-02	3.87e-03	2.27e-06	0.00e+00
 3.47863e+22	3.51e-06	8.55e-03	4.94e-01	4.41e-01	5.34e-02	3.33e-03	1.81e-06	0.00e+00
 3.52269e+22	4.25e-06	9.65e-03	5.13e-01	4.26e-01	4.81e-02	2.78e-03	1.39e-06	0.00e+00
 3.56852e+22	5.10e-06	1.08e-02	5.32e-01	4.11e-01	4.34e-02	2.33e-03	1.08e-06	0.00e+00
 3.60864e+22	5.95e-06	1.19e-02	5.48e-01	3.98e-01	3.97e-02	2.01e-03	8.63e-07	0.00e+00
 3.65278e+22	7.26e-06	1.35e-02	5.68e-01	3.82e-01	3.53e-02	1.65e-03	6.47e-07	0.00e+00
 3.69850e+22	8.56e-06	1.49e-02	5.84e-01	3.67e-01	3.19e-02	1.40e-03	5.07e-07	0.00e+00
 3.72446e+22	8.99e-06	1.53e-02	5.89e-01	3.63e-01	3.09e-02	1.33e-03	4.70e-07	0.00e+00
 3.73398e+22	9.25e-06	1.56e-02	5.92e-01	3.61e-01	3.04e-02	1.29e-03	4.51e-07	0.00e+00
 3.74393e+22	9.74e-06	1.61e-02	5.97e-01	3.56e-01	2.94e-02	1.22e-03	4.17e-07	0.00e+00
 3.75686e+22	1.02e-05	1.66e-02	6.02e-01	3.52e-01	2.85e-02	1.16e-03	3.87e-07	0.00e+00
 3.77367e+22	1.10e-05	1.74e-02	6.09e-01	3.45e-01	2.72e-02	1.08e-03	3.46e-07	0.00e+00
 3.79553e+22	1.21e-05	1.84e-02	6.18e-01	3.37e-01	2.56e-02	9.75e-04	2.99e-07	0.00e+00
 3.82394e+22	1.37e-05	1.99e-02	6.29e-01	3.26e-01	2.36e-02	8.54e-04	2.47e-07	0.00e+00
 3.86087e+22	1.61e-05	2.20e-02	6.44e-01	3.12e-01	2.11e-02	7.17e-04	1.91e-07	0.00e+00
 3.90181e+22	1.87e-05	2.40e-02	6.57e-01	2.99e-01	1.91e-02	6.10e-04	1.51e-07	0.00e+00
 3.94794e+22	2.30e-05	2.72e-02	6.75e-01	2.81e-01	1.65e-02	4.87e-04	0.00e+00	0.00e+00
 3.99370e+22	2.66e-05	2.98e-02	6.86e-01	2.69e-01	1.49e-02	4.12e-04	0.00e+00	0.00e+00
 4.03896e+22	3.24e-05	3.35e-02	7.01e-01	2.52e-01	1.29e-02	3.31e-04	0.00e+00	0.00e+00
 4.07943e+22	3.64e-05	3.59e-02	7.09e-01	2.42e-01	1.18e-02	2.89e-04	0.00e+00	0.00e+00
 4.11368e+22	4.20e-05	3.91e-02	7.19e-01	2.31e-01	1.06e-02	2.45e-04	0.00e+00	0.00e+00
 4.14908e+22	4.75e-05	4.21e-02	7.27e-01	2.21e-01	9.64e-03	2.12e-04	0.00e+00	0.00e+00
 4.18109e+22	5.34e-05	4.52e-02	7.34e-01	2.12e-01	8.80e-03	1.84e-04	0.00e+00	0.00e+00
 4.21779e+22	6.19e-05	4.94e-02	7.42e-01	2.00e-01	7.83e-03	1.54e-04	0.00e+00	0.00e+00
 4.25533e+22	7.03e-05	5.33e-02	7.49e-01	1.91e-01	7.06e-03	1.32e-04	0.00e+00	0.00e+00
 4.28853e+22	7.96e-05	5.73e-02	7.54e-01	1.82e-01	6.38e-03	1.14e-04	0.00e+00	0.00e+00
 4.32625e+22	9.29e-05	6.29e-02	7.61e-01	1.71e-01	5.60e-03	9.39e-05	0.00e+00	0.00e+00
 4.36452e+22	1.05e-04	6.77e-02	7.65e-01	1.62e-01	5.03e-03	8.02e-05	0.00e+00	0.00e+00
 4.40351e+22	1.23e-04	7.42e-02	7.70e-01	1.51e-01	4.40e-03	6.59e-05	0.00e+00	0.00e+00
 4.44334e+22	1.41e-04	8.03e-02	7.73e-01	1.43e-01	3.91e-03	5.55e-05	0.00e+00	0.00e+00
 4.47845e+22	1.60e-04	8.65e-02	7.75e-01	1.34e-01	3.48e-03	4.71e-05	0.00e+00	0.00e+00
 4.51826e+22	1.87e-04	9.48e-02	7.77e-01	1.25e-01	3.02e-03	3.84e-05	0.00e+00	0.00e+00
 4.55967e+22	2.15e-04	1.03e-01	7.78e-01	1.17e-01	2.65e-03	3.19e-05	0.00e+00	0.00e+00
 4.59720e+22	2.45e-04	1.11e-01	7.77e-01	1.09e-01	2.33e-03	2.67e-05	0.00e+00	0.00e+00
 4.64001e+22	2.90e-04	1.22e-01	7.75e-01	1.00e-01	1.99e-03	2.13e-05	0.00e+00	0.00e+00
 4.68369e+22	3.33e-04	1.33e-01	7.73e-01	9.29e-02	1.73e-03	1.75e-05	0.00e+00	0.00e+00
 4.72264e+22	3.82e-04	1.43e-01	7.69e-01	8.61e-02	1.50e-03	1.44e-05	0.00e+00	0.00e+00
 4.76739e+22	4.55e-04	1.58e-01	7.62e-01	7.78e-02	1.25e-03	1.12e-05	0.00e+00	0.00e+00
 4.81235e+22	5.21e-04	1.71e-01	7.56e-01	7.17e-02	1.08e-03	9.23e-06	0.00e+00	0.00e+00
 4.85759e+22	6.22e-04	1.89e-01	7.45e-01	6.43e-02	8.92e-04	7.12e-06	0.00e+00	0.00e+00
 4.90345e+22	7.14e-04	2.04e-01	7.36e-01	5.87e-02	7.62e-04	5.77e-06	0.00e+00	0.00e+00
 4.95013e+22	8.51e-04	2.25e-01	7.22e-01	5.21e-02	6.21e-04	4.39e-06	0.00e+00	0.00e+00
 4.99772e+22	9.78e-04	2.42e-01	7.09e-01	4.72e-02	5.25e-04	3.52e-06	0.00e+00	0.00e+00
 5.04647e+22	1.18e-03	2.68e-01	6.89e-01	4.11e-02	4.18e-04	2.61e-06	0.00e+00	0.00e+00
 5.09559e+22	1.35e-03	2.88e-01	6.74e-01	3.69e-02	3.51e-04	2.07e-06	0.00e+00	0.00e+00
 5.14519e+22	1.63e-03	3.18e-01	6.49e-01	3.17e-02	2.75e-04	1.51e-06	0.00e+00	0.00e+00
 5.19598e+22	1.88e-03	3.42e-01	6.28e-01	2.79e-02	2.26e-04	1.17e-06	0.00e+00	0.00e+00
 5.24832e+22	2.27e-03	3.76e-01	5.98e-01	2.35e-02	1.73e-04	8.29e-07	0.00e+00	0.00e+00
 5.30238e+22	2.63e-03	4.04e-01	5.73e-01	2.03e-02	1.40e-04	6.27e-07	0.00e+00	0.00e+00
 5.34550e+22	2.97e-03	4.27e-01	5.52e-01	1.80e-02	1.17e-04	4.98e-07	0.00e+00	0.00e+00
 5.38247e+22	3.33e-03	4.50e-01	5.30e-01	1.59e-02	9.77e-05	3.97e-07	0.00e+00	0.00e+00
 5.42460e+22	3.85e-03	4.82e-01	5.01e-01	1.35e-02	7.75e-05	2.93e-07	0.00e+00	0.00e+00
 5.46712e+22	4.33e-03	5.07e-01	4.77e-01	1.18e-02	6.41e-05	2.30e-07	0.00e+00	0.00e+00
 5.51015e+22	4.99e-03	5.39e-01	4.46e-01	9.87e-03	5.03e-05	1.67e-07	0.00e+00	0.00e+00
 5.55435e+22	5.65e-03	5.67e-01	4.19e-01	8.41e-03	4.06e-05	1.27e-07	0.00e+00	0.00e+00
 5.59385e+22	6.36e-03	5.94e-01	3.92e-01	7.14e-03	3.28e-05	0.00e+00	0.00e+00	0.00e+00
 5.63897e+22	7.40e-03	6.30e-01	3.57e-01	5.71e-03	2.47e-05	0.00e+00	0.00e+00	0.00e+00
 5.68480e+22	8.39e-03	6.58e-01	3.29e-01	4.72e-03	1.94e-05	0.00e+00	0.00e+00	0.00e+00
 5.72458e+22	9.44e-03	6.84e-01	3.02e-01	3.90e-03	1.54e-05	0.00e+00	0.00e+00	0.00e+00
 5.76934e+22	1.09e-02	7.18e-01	2.68e-01	3.00e-03	1.13e-05	0.00e+00	0.00e+00	0.00e+00
 5.81530e+22	1.25e-02	7.45e-01	2.40e-01	2.37e-03	8.60e-06	0.00e+00	0.00e+00	0.00e+00
 5.85477e+22	1.40e-02	7.68e-01	2.16e-01	1.90e-03	6.66e-06	0.00e+00	0.00e+00	0.00e+00
 5.89806e+22	1.61e-02	7.96e-01	1.86e-01	1.41e-03	4.77e-06	0.00e+00	0.00e+00	0.00e+00
 5.94342e+22	1.85e-02	8.20e-01	1.61e-01	1.05e-03	3.47e-06	0.00e+00	0.00e+00	0.00e+00
 5.98274e+22	2.10e-02	8.39e-01	1.39e-01	7.90e-04	2.57e-06	0.00e+00	0.00e+00	0.00e+00
 6.02508e+22	2.44e-02	8.60e-01	1.15e-01	5.45e-04	1.74e-06	0.00e+00	0.00e+00	0.00e+00
 6.06663e+22	2.77e-02	8.75e-01	9.67e-02	3.91e-04	1.24e-06	0.00e+00	0.00e+00	0.00e+00
 6.09977e+22	3.11e-02	8.86e-01	8.22e-02	2.88e-04	9.10e-07	0.00e+00	0.00e+00	0.00e+00
 6.13547e+22	3.58e-02	8.98e-01	6.64e-02	1.93e-04	6.08e-07	0.00e+00	0.00e+00	0.00e+00
 6.17277e+22	4.13e-02	9.06e-01	5.29e-02	1.27e-04	4.02e-07	0.00e+00	0.00e+00	0.00e+00
 6.19483e+22	4.42e-02	9.08e-01	4.73e-02	1.04e-04	3.29e-07	0.00e+00	0.00e+00	0.00e+00
 6.20257e+22	4.54e-02	9.09e-01	4.51e-02	9.53e-05	3.03e-07	0.00e+00	0.00e+00	0.00e+00
 6.20890e+22	4.67e-02	9.10e-01	4.30e-02	8.73e-05	2.78e-07	0.00e+00	0.00e+00	0.00e+00
 6.21683e+22	4.84e-02	9.11e-01	4.04e-02	7.80e-05	2.48e-07	0.00e+00	0.00e+00	0.00e+00
 6.22550e+22	5.04e-02	9.12e-01	3.78e-02	6.92e-05	2.20e-07	0.00e+00	0.00e+00	0.00e+00
 6.23351e+22	5.22e-02	9.12e-01	3.55e-02	6.18e-05	1.97e-07	0.00e+00	0.00e+00	0.00e+00
 6.24092e+22	5.41e-02	9.12e-01	3.34e-02	5.55e-05	1.77e-07	0.00e+00	0.00e+00	0.00e+00
 6.24832e+22	5.60e-02	9.13e-01	3.14e-02	4.97e-05	1.59e-07	0.00e+00	0.00e+00	0.00e+00
 6.25579e+22	5.82e-02	9.12e-01	2.94e-02	4.43e-05	1.41e-07	0.00e+00	0.00e+00	0.00e+00
 6.26315e+22	6.03e-02	9.12e-01	2.76e-02	3.96e-05	1.26e-07	0.00e+00	0.00e+00	0.00e+00
 6.27042e+22	6.25e-02	9.12e-01	2.58e-02	3.53e-05	0.00e+00	0.00e+00	0.00e+00	0.00e+00
 6.27769e+22	6.50e-02	9.11e-01	2.41e-02	3.13e-05	0.00e+00	0.00e+00	0.00e+00	0.00e+00
 6.28461e+22	6.74e-02	9.10e-01	2.26e-02	2.80e-05	0.00e+00	0.00e+00	0.00e+00	0.00e+00
 6.29137e+22	7.01e-02	9.09e-01	2.11e-02	2.49e-05	0.00e+00	0.00e+00	0.00e+00	0.00e+00
 6.29801e+22	7.26e-02	9.08e-01	1.98e-02	2.22e-05	0.00e+00	0.00e+00	0.00e+00	0.00e+00
 6.30464e+22	7.55e-02	9.06e-01	1.84e-02	1.98e-05	0.00e+00	0.00e+00	0.00e+00	0.00e+00
 6.31130e+22	7.85e-02	9.04e-01	1.72e-02	1.76e-05	0.00e+00	0.00e+00	0.00e+00	0.00e+00
 6.31767e+22	8.18e-02	9.02e-01	1.60e-02	1.56e-05	0.00e+00	0.00e+00	0.00e+00	0.00e+00
 6.32372e+22	8.47e-02	9.00e-01	1.49e-02	1.40e-05	0.00e+00	0.00e+00	0.00e+00	0.00e+00
 6.32984e+22	8.82e-02	8.98e-01	1.39e-02	1.24e-05	0.00e+00	0.00e+00	0.00e+00	0.00e+00
 6.33611e+22	9.21e-02	8.95e-01	1.29e-02	1.10e-05	0.00e+00	0.00e+00	0.00e+00	0.00e+00
 6.34192e+22	9.58e-02	8.92e-01	1.20e-02	9.84e-06	0.00e+00	0.00e+00	0.00e+00	0.00e+00
 6.34750e+22	9.94e-02	8.89e-01	1.12e-02	8.85e-06	0.00e+00	0.00e+00	0.00e+00	0.00e+00
 6.35343e+22	1.04e-01	8.86e-01	1.03e-02	7.82e-06	0.00e+00	0.00e+00	0.00e+00	0.00e+00
 6.35928e+22	1.08e-01	8.82e-01	9.62e-03	6.99e-06	0.00e+00	0.00e+00	0.00e+00	0.00e+00
 6.36483e+22	1.13e-01	8.78e-01	8.91e-03	6.24e-06	0.00e+00	0.00e+00	0.00e+00	0.00e+00
 6.37042e+22	1.18e-01	8.73e-01	8.24e-03	5.56e-06	0.00e+00	0.00e+00	0.00e+00	0.00e+00
 6.37573e+22	1.23e-01	8.69e-01	7.65e-03	4.99e-06	0.00e+00	0.00e+00	0.00e+00	0.00e+00
 6.38094e+22	1.29e-01	8.64e-01	7.09e-03	4.48e-06	0.00e+00	0.00e+00	0.00e+00	0.00e+00
 6.38627e+22	1.34e-01	8.59e-01	6.58e-03	4.03e-06	0.00e+00	0.00e+00	0.00e+00	0.00e+00
 6.39191e+22	1.41e-01	8.53e-01	6.03e-03	3.58e-06	0.00e+00	0.00e+00	0.00e+00	0.00e+00
 6.39747e+22	1.48e-01	8.47e-01	5.56e-03	3.21e-06	0.00e+00	0.00e+00	0.00e+00	0.00e+00
 6.40269e+22	1.55e-01	8.40e-01	5.12e-03	2.88e-06	0.00e+00	0.00e+00	0.00e+00	0.00e+00
 6.40786e+22	1.63e-01	8.33e-01	4.71e-03	2.59e-06	0.00e+00	0.00e+00	0.00e+00	0.00e+00
 6.41288e+22	1.70e-01	8.25e-01	4.34e-03	2.34e-06	0.00e+00	0.00e+00	0.00e+00	0.00e+00
 6.41789e+22	1.78e-01	8.18e-01	4.00e-03	2.12e-06	0.00e+00	0.00e+00	0.00e+00	0.00e+00
 6.42300e+22	1.87e-01	8.09e-01	3.67e-03	1.91e-06	0.00e+00	0.00e+00	0.00e+00	0.00e+00
 6.42816e+22	1.97e-01	8.00e-01	3.36e-03	1.73e-06	0.00e+00	0.00e+00	0.00e+00	0.00e+00
 6.43329e+22	2.07e-01	7.90e-01	3.07e-03	1.56e-06	0.00e+00	0.00e+00	0.00e+00	0.00e+00
 6.43841e+22	2.18e-01	7.79e-01	2.81e-03	1.42e-06	0.00e+00	0.00e+00	0.00e+00	0.00e+00
 6.44351e+22	2.29e-01	7.68e-01	2.56e-03	1.29e-06	0.00e+00	0.00e+00	0.00e+00	0.00e+00
 6.44864e+22	2.41e-01	7.56e-01	2.33e-03	1.17e-06	0.00e+00	0.00e+00	0.00e+00	0.00e+00
 6.45390e+22	2.54e-01	7.43e-01	2.11e-03	1.06e-06	0.00e+00	0.00e+00	0.00e+00	0.00e+00
 6.45914e+22	2.68e-01	7.30e-01	1.92e-03	9.63e-07	0.00e+00	0.00e+00	0.00e+00	0.00e+00
 6.46435e+22	2.82e-01	7.16e-01	1.74e-03	8.78e-07	0.00e+00	0.00e+00	0.00e+00	0.00e+00
 6.46969e+22	2.98e-01	7.01e-01	1.56e-03	7.99e-07	0.00e+00	0.00e+00	0.00e+00	0.00e+00
 6.47518e+22	3.14e-01	6.84e-01	1.40e-03	7.27e-07	0.00e+00	0.00e+00	0.00e+00	0.00e+00
 6.48077e+22	3.32e-01	6.67e-01	1.26e-03	6.62e-07	0.00e+00	0.00e+00	0.00e+00	0.00e+00
 6.48644e+22	3.50e-01	6.49e-01	1.12e-03	6.02e-07	0.00e+00	0.00e+00	0.00e+00	0.00e+00
 6.49124e+22	3.65e-01	6.34e-01	1.02e-03	5.60e-07	0.00e+00	0.00e+00	0.00e+00	0.00e+00
 6.49484e+22	3.77e-01	6.22e-01	9.53e-04	5.29e-07	0.00e+00	0.00e+00	0.00e+00	0.00e+00
 6.49830e+22	3.89e-01	6.10e-01	8.87e-04	5.01e-07	0.00e+00	0.00e+00	0.00e+00	0.00e+00
 6.50209e+22	4.02e-01	5.97e-01	8.19e-04	4.72e-07	0.00e+00	0.00e+00	0.00e+00	0.00e+00
 6.50613e+22	4.16e-01	5.83e-01	7.53e-04	4.44e-07	0.00e+00	0.00e+00	0.00e+00	0.00e+00
 6.51012e+22	4.30e-01	5.69e-01	6.92e-04	4.18e-07	0.00e+00	0.00e+00	0.00e+00	0.00e+00
 6.51398e+22	4.44e-01	5.56e-01	6.40e-04	3.95e-07	0.00e+00	0.00e+00	0.00e+00	0.00e+00
 6.51792e+22	4.58e-01	5.41e-01	5.88e-04	3.73e-07	0.00e+00	0.00e+00	0.00e+00	0.00e+00
 6.52198e+22	4.73e-01	5.27e-01	5.39e-04	3.52e-07	0.00e+00	0.00e+00	0.00e+00	0.00e+00
 6.52600e+22	4.87e-01	5.13e-01	4.95e-04	3.32e-07	0.00e+00	0.00e+00	0.00e+00	0.00e+00
 6.53003e+22	5.01e-01	4.98e-01	4.54e-04	3.14e-07	0.00e+00	0.00e+00	0.00e+00	0.00e+00
 6.53416e+22	5.16e-01	4.84e-01	4.15e-04	2.97e-07	0.00e+00	0.00e+00	0.00e+00	0.00e+00
 6.53838e+22	5.30e-01	4.69e-01	3.79e-04	2.80e-07	0.00e+00	0.00e+00	0.00e+00	0.00e+00
 6.54267e+22	5.45e-01	4.54e-01	3.46e-04	2.65e-07	0.00e+00	0.00e+00	0.00e+00	0.00e+00
 6.54700e+22	5.60e-01	4.40e-01	3.14e-04	2.50e-07	0.00e+00	0.00e+00	0.00e+00	0.00e+00
 6.55130e+22	5.74e-01	4.25e-01	2.86e-04	2.36e-07	0.00e+00	0.00e+00	0.00e+00	0.00e+00
 6.55567e+22	5.89e-01	4.11e-01	2.60e-04	2.23e-07	0.00e+00	0.00e+00	0.00e+00	0.00e+00
 6.56020e+22	6.04e-01	3.96e-01	2.36e-04	2.11e-07	0.00e+00	0.00e+00	0.00e+00	0.00e+00
 6.56485e+22	6.18e-01	3.82e-01	2.13e-04	1.99e-07	0.00e+00	0.00e+00	0.00e+00	0.00e+00
 6.56954e+22	6.33e-01	3.67e-01	1.92e-04	1.88e-07	0.00e+00	0.00e+00	0.00e+00	0.00e+00
 6.57424e+22	6.47e-01	3.53e-01	1.73e-04	1.78e-07	0.00e+00	0.00e+00	0.00e+00	0.00e+00
 6.57901e+22	6.61e-01	3.39e-01	1.56e-04	1.68e-07	0.00e+00	0.00e+00	0.00e+00	0.00e+00
 6.58394e+22	6.75e-01	3.25e-01	1.40e-04	1.58e-07	0.00e+00	0.00e+00	0.00e+00	0.00e+00
 6.58900e+22	6.89e-01	3.11e-01	1.25e-04	1.49e-07	0.00e+00	0.00e+00	0.00e+00	0.00e+00
 6.59411e+22	7.03e-01	2.97e-01	1.12e-04	1.41e-07	0.00e+00	0.00e+00	0.00e+00	0.00e+00
 6.59927e+22	7.16e-01	2.83e-01	9.99e-05	1.33e-07	0.00e+00	0.00e+00	0.00e+00	0.00e+00
 6.60454e+22	7.30e-01	2.70e-01	8.89e-05	1.25e-07	0.00e+00	0.00e+00	0.00e+00	0.00e+00
 6.60995e+22	7.43e-01	2.57e-01	7.89e-05	1.18e-07	0.00e+00	0.00e+00	0.00e+00	0.00e+00
 6.61547e+22	7.56e-01	2.44e-01	6.98e-05	1.11e-07	0.00e+00	0.00e+00	0.00e+00	0.00e+00
 6.62104e+22	7.68e-01	2.32e-01	6.19e-05	1.05e-07	0.00e+00	0.00e+00	0.00e+00	0.00e+00
 6.62670e+22	7.80e-01	2.20e-01	5.46e-05	0.00e+00	0.00e+00	0.00e+00	0.00e+00	0.00e+00
 6.63244e+22	7.92e-01	2.08e-01	4.81e-05	0.00e+00	0.00e+00	0.00e+00	0.00e+00	0.00e+00
 6.63824e+22	8.03e-01	1.96e-01	4.23e-05	0.00e+00	0.00e+00	0.00e+00	0.00e+00	0.00e+00
 6.64412e+22	8.15e-01	1.85e-01	3.72e-05	0.00e+00	0.00e+00	0.00e+00	0.00e+00	0.00e+00
 6.65003e+22	8.25e-01	1.75e-01	3.26e-05	0.00e+00	0.00e+00	0.00e+00	0.00e+00	0.00e+00
 6.65595e+22	8.35e-01	1.65e-01	2.87e-05	0.00e+00	0.00e+00	0.00e+00	0.00e+00	0.00e+00
 6.66182e+22	8.45e-01	1.55e-01	2.53e-05	0.00e+00	0.00e+00	0.00e+00	0.00e+00	0.00e+00
 6.66769e+22	8.54e-01	1.46e-01	2.22e-05	0.00e+00	0.00e+00	0.00e+00	0.00e+00	0.00e+00
 6.67366e+22	8.63e-01	1.37e-01	1.96e-05	0.00e+00	0.00e+00	0.00e+00	0.00e+00	0.00e+00
 6.67970e+22	8.72e-01	1.28e-01	1.72e-05	0.00e+00	0.00e+00	0.00e+00	0.00e+00	0.00e+00
 6.68571e+22	8.80e-01	1.20e-01	1.51e-05	0.00e+00	0.00e+00	0.00e+00	0.00e+00	0.00e+00
 6.69163e+22	8.87e-01	1.13e-01	1.33e-05	0.00e+00	0.00e+00	0.00e+00	0.00e+00	0.00e+00
 6.69752e+22	8.95e-01	1.05e-01	1.18e-05	0.00e+00	0.00e+00	0.00e+00	0.00e+00	0.00e+00
 6.70346e+22	9.02e-01	9.84e-02	1.04e-05	0.00e+00	0.00e+00	0.00e+00	0.00e+00	0.00e+00
 6.70938e+22	9.08e-01	9.18e-02	9.21e-06	0.00e+00	0.00e+00	0.00e+00	0.00e+00	0.00e+00
 6.71526e+22	9.14e-01	8.55e-02	8.16e-06	0.00e+00	0.00e+00	0.00e+00	0.00e+00	0.00e+00
 6.72108e+22	9.20e-01	7.97e-02	7.26e-06	0.00e+00	0.00e+00	0.00e+00	0.00e+00	0.00e+00
 6.72684e+22	9.26e-01	7.43e-02	6.48e-06	0.00e+00	0.00e+00	0.00e+00	0.00e+00	0.00e+00
 6.73245e+22	9.31e-01	6.93e-02	5.82e-06	0.00e+00	0.00e+00	0.00e+00	0.00e+00	0.00e+00
 6.73774e+22	9.35e-01	6.49e-02	5.27e-06	0.00e+00	0.00e+00	0.00e+00	0.00e+00	0.00e+00
 6.74270e+22	9.39e-01	6.10e-02	4.81e-06	0.00e+00	0.00e+00	0.00e+00	0.00e+00	0.00e+00
 6.74740e+22	9.42e-01	5.75e-02	4.42e-06	0.00e+00	0.00e+00	0.00e+00	0.00e+00	0.00e+00
 6.75186e+22	9.46e-01	5.44e-02	4.08e-06	0.00e+00	0.00e+00	0.00e+00	0.00e+00	0.00e+00
 6.75612e+22	9.49e-01	5.15e-02	3.79e-06	0.00e+00	0.00e+00	0.00e+00	0.00e+00	0.00e+00
 6.76019e+22	9.51e-01	4.89e-02	3.54e-06	0.00e+00	0.00e+00	0.00e+00	0.00e+00	0.00e+00
 6.76401e+22	9.53e-01	4.65e-02	3.33e-06	0.00e+00	0.00e+00	0.00e+00	0.00e+00	0.00e+00
 6.76757e+22	9.55e-01	4.45e-02	3.15e-06	0.00e+00	0.00e+00	0.00e+00	0.00e+00	0.00e+00
 6.77106e+22	9.57e-01	4.26e-02	2.98e-06	0.00e+00	0.00e+00	0.00e+00	0.00e+00	0.00e+00
 6.77451e+22	9.59e-01	4.08e-02	2.83e-06	0.00e+00	0.00e+00	0.00e+00	0.00e+00	0.00e+00
 6.77782e+22	9.61e-01	3.92e-02	2.70e-06	0.00e+00	0.00e+00	0.00e+00	0.00e+00	0.00e+00
 6.78090e+22	9.62e-01	3.78e-02	2.59e-06	0.00e+00	0.00e+00	0.00e+00	0.00e+00	0.00e+00
 6.78370e+22	9.63e-01	3.66e-02	2.50e-06	0.00e+00	0.00e+00	0.00e+00	0.00e+00	0.00e+00
 6.78625e+22	9.64e-01	3.55e-02	2.42e-06	0.00e+00	0.00e+00	0.00e+00	0.00e+00	0.00e+00
 6.78857e+22	9.65e-01	3.46e-02	2.35e-06	0.00e+00	0.00e+00	0.00e+00	0.00e+00	0.00e+00
 6.79068e+22	9.66e-01	3.39e-02	2.29e-06	0.00e+00	0.00e+00	0.00e+00	0.00e+00	0.00e+00
 6.79261e+22	9.67e-01	3.32e-02	2.24e-06	0.00e+00	0.00e+00	0.00e+00	0.00e+00	0.00e+00
 6.79436e+22	9.67e-01	3.26e-02	2.20e-06	0.00e+00	0.00e+00	0.00e+00	0.00e+00	0.00e+00
 6.79627e+22	9.68e-01	3.20e-02	2.15e-06	0.00e+00	0.00e+00	0.00e+00	0.00e+00	0.00e+00
 6.79834e+22	9.69e-01	3.13e-02	2.10e-06	0.00e+00	0.00e+00	0.00e+00	0.00e+00	0.00e+00
 6.80022e+22	9.69e-01	3.08e-02	2.07e-06	0.00e+00	0.00e+00	0.00e+00	0.00e+00	0.00e+00
 6.80194e+22	9.70e-01	3.03e-02	2.03e-06	0.00e+00	0.00e+00	0.00e+00	0.00e+00	0.00e+00
 6.80350e+22	9.70e-01	2.99e-02	2.00e-06	0.00e+00	0.00e+00	0.00e+00	0.00e+00	0.00e+00
 6.80520e+22	9.71e-01	2.94e-02	1.97e-06	0.00e+00	0.00e+00	0.00e+00	0.00e+00	0.00e+00
 6.80705e+22	9.71e-01	2.90e-02	1.93e-06	0.00e+00	0.00e+00	0.00e+00	0.00e+00	0.00e+00
 6.80873e+22	9.71e-01	2.86e-02	1.91e-06	0.00e+00	0.00e+00	0.00e+00	0.00e+00	0.00e+00
 6.81025e+22	9.72e-01	2.83e-02	1.88e-06	0.00e+00	0.00e+00	0.00e+00	0.00e+00	0.00e+00
 6.81193e+22	9.72e-01	2.79e-02	1.85e-06	0.00e+00	0.00e+00	0.00e+00	0.00e+00	0.00e+00
 6.81373e+22	9.72e-01	2.75e-02	1.83e-06	0.00e+00	0.00e+00	0.00e+00	0.00e+00	0.00e+00
 6.81538e+22	9.73e-01	2.72e-02	1.80e-06	0.00e+00	0.00e+00	0.00e+00	0.00e+00	0.00e+00
 6.81688e+22	9.73e-01	2.70e-02	1.78e-06	0.00e+00	0.00e+00	0.00e+00	0.00e+00	0.00e+00
 6.81851e+22	9.73e-01	2.66e-02	1.76e-06	0.00e+00	0.00e+00	0.00e+00	0.00e+00	0.00e+00
 6.82029e+22	9.74e-01	2.63e-02	1.74e-06	0.00e+00	0.00e+00	0.00e+00	0.00e+00	0.00e+00
 6.82222e+22	9.74e-01	2.60e-02	1.71e-06	0.00e+00	0.00e+00	0.00e+00	0.00e+00	0.00e+00
 6.82432e+22	9.74e-01	2.56e-02	1.69e-06	0.00e+00	0.00e+00	0.00e+00	0.00e+00	0.00e+00
 6.82661e+22	9.75e-01	2.52e-02	1.66e-06	0.00e+00	0.00e+00	0.00e+00	0.00e+00	0.00e+00
 6.82909e+22	9.75e-01	2.49e-02	1.63e-06	0.00e+00	0.00e+00	0.00e+00	0.00e+00	0.00e+00
 6.83134e+22	9.75e-01	2.45e-02	1.61e-06	0.00e+00	0.00e+00	0.00e+00	0.00e+00	0.00e+00
 6.83340e+22	9.76e-01	2.42e-02	1.59e-06	0.00e+00	0.00e+00	0.00e+00	0.00e+00	0.00e+00
 6.83526e+22	9.76e-01	2.40e-02	1.57e-06	0.00e+00	0.00e+00	0.00e+00	0.00e+00	0.00e+00
 6.83731e+22	9.76e-01	2.37e-02	1.55e-06	0.00e+00	0.00e+00	0.00e+00	0.00e+00	0.00e+00
 6.83952e+22	9.77e-01	2.35e-02	1.53e-06	0.00e+00	0.00e+00	0.00e+00	0.00e+00	0.00e+00
 6.84153e+22	9.77e-01	2.32e-02	1.52e-06	0.00e+00	0.00e+00	0.00e+00	0.00e+00	0.00e+00
 6.84335e+22	9.77e-01	2.30e-02	1.51e-06	0.00e+00	0.00e+00	0.00e+00	0.00e+00	0.00e+00
 6.84536e+22	9.77e-01	2.28e-02	1.49e-06	0.00e+00	0.00e+00	0.00e+00	0.00e+00	0.00e+00
 6.84752e+22	9.77e-01	2.26e-02	1.48e-06	0.00e+00	0.00e+00	0.00e+00	0.00e+00	0.00e+00
 6.84949e+22	9.78e-01	2.23e-02	1.47e-06	0.00e+00	0.00e+00	0.00e+00	0.00e+00	0.00e+00
 6.85128e+22	9.78e-01	2.22e-02	1.46e-06	0.00e+00	0.00e+00	0.00e+00	0.00e+00	0.00e+00
 6.85291e+22	9.78e-01	2.20e-02	1.45e-06	0.00e+00	0.00e+00	0.00e+00	0.00e+00	0.00e+00
 6.85470e+22	9.78e-01	2.18e-02	1.44e-06	0.00e+00	0.00e+00	0.00e+00	0.00e+00	0.00e+00
 6.85663e+22	9.78e-01	2.17e-02	1.43e-06	0.00e+00	0.00e+00	0.00e+00	0.00e+00	0.00e+00
 6.85838e+22	9.79e-01	2.15e-02	1.42e-06	0.00e+00	0.00e+00	0.00e+00	0.00e+00	0.00e+00
 6.85998e+22	9.79e-01	2.14e-02	1.42e-06	0.00e+00	0.00e+00	0.00e+00	0.00e+00	0.00e+00
 6.86143e+22	9.79e-01	2.12e-02	1.41e-06	0.00e+00	0.00e+00	0.00e+00	0.00e+00	0.00e+00
 6.86303e+22	9.79e-01	2.11e-02	1.40e-06	0.00e+00	0.00e+00	0.00e+00	0.00e+00	0.00e+00
 6.86475e+22	9.79e-01	2.09e-02	1.40e-06	0.00e+00	0.00e+00	0.00e+00	0.00e+00	0.00e+00
 6.86663e+22	9.79e-01	2.08e-02	1.39e-06	0.00e+00	0.00e+00	0.00e+00	0.00e+00	0.00e+00
 6.86866e+22	9.79e-01	2.06e-02	1.38e-06	0.00e+00	0.00e+00	0.00e+00	0.00e+00	0.00e+00
 6.87051e+22	9.80e-01	2.04e-02	1.37e-06	0.00e+00	0.00e+00	0.00e+00	0.00e+00	0.00e+00
 6.87254e+22	9.80e-01	2.02e-02	1.36e-06	0.00e+00	0.00e+00	0.00e+00	0.00e+00	0.00e+00
 6.87473e+22	9.80e-01	2.01e-02	1.35e-06	0.00e+00	0.00e+00	0.00e+00	0.00e+00	0.00e+00
 6.87672e+22	9.80e-01	1.99e-02	1.35e-06	0.00e+00	0.00e+00	0.00e+00	0.00e+00	0.00e+00
 6.87854e+22	9.80e-01	1.97e-02	1.34e-06	0.00e+00	0.00e+00	0.00e+00	0.00e+00	0.00e+00
 6.88052e+22	9.80e-01	1.96e-02	1.33e-06	0.00e+00	0.00e+00	0.00e+00	0.00e+00	0.00e+00
 6.88311e+22	9.81e-01	1.93e-02	1.32e-06	0.00e+00	0.00e+00	0.00e+00	0.00e+00	0.00e+00
 6.88590e+22	9.81e-01	1.91e-02	1.31e-06	0.00e+00	0.00e+00	0.00e+00	0.00e+00	0.00e+00
 6.88843e+22	9.81e-01	1.89e-02	1.30e-06	0.00e+00	0.00e+00	0.00e+00	0.00e+00	0.00e+00
 6.89074e+22	9.81e-01	1.87e-02	1.29e-06	0.00e+00	0.00e+00	0.00e+00	0.00e+00	0.00e+00
 6.89284e+22	9.81e-01	1.86e-02	1.28e-06	0.00e+00	0.00e+00	0.00e+00	0.00e+00	0.00e+00
 6.89476e+22	9.82e-01	1.84e-02	1.27e-06	0.00e+00	0.00e+00	0.00e+00	0.00e+00	0.00e+00
 6.89685e+22	9.82e-01	1.83e-02	1.27e-06	0.00e+00	0.00e+00	0.00e+00	0.00e+00	0.00e+00
 6.89911e+22	9.82e-01	1.81e-02	1.26e-06	0.00e+00	0.00e+00	0.00e+00	0.00e+00	0.00e+00
 6.90159e+22	9.82e-01	1.79e-02	1.25e-06	0.00e+00	0.00e+00	0.00e+00	0.00e+00	0.00e+00
 6.90427e+22	9.82e-01	1.77e-02	1.24e-06	0.00e+00	0.00e+00	0.00e+00	0.00e+00	0.00e+00
 6.90670e+22	9.82e-01	1.76e-02	1.23e-06	0.00e+00	0.00e+00	0.00e+00	0.00e+00	0.00e+00
 6.90937e+22	9.83e-01	1.74e-02	1.23e-06	0.00e+00	0.00e+00	0.00e+00	0.00e+00	0.00e+00
 6.91225e+22	9.83e-01	1.72e-02	1.22e-06	0.00e+00	0.00e+00	0.00e+00	0.00e+00	0.00e+00
 6.91488e+22	9.83e-01	1.70e-02	1.21e-06	0.00e+00	0.00e+00	0.00e+00	0.00e+00	0.00e+00
 6.91726e+22	9.83e-01	1.69e-02	1.20e-06	0.00e+00	0.00e+00	0.00e+00	0.00e+00	0.00e+00
 6.91943e+22	9.83e-01	1.67e-02	1.20e-06	0.00e+00	0.00e+00	0.00e+00	0.00e+00	0.00e+00
 6.92181e+22	9.83e-01	1.66e-02	1.19e-06	0.00e+00	0.00e+00	0.00e+00	0.00e+00	0.00e+00
 6.92438e+22	9.84e-01	1.64e-02	1.18e-06	0.00e+00	0.00e+00	0.00e+00	0.00e+00	0.00e+00
 6.92672e+22	9.84e-01	1.63e-02	1.18e-06	0.00e+00	0.00e+00	0.00e+00	0.00e+00	0.00e+00
 6.92928e+22	9.84e-01	1.61e-02	1.17e-06	0.00e+00	0.00e+00	0.00e+00	0.00e+00	0.00e+00
 6.93204e+22	9.84e-01	1.59e-02	1.16e-06	0.00e+00	0.00e+00	0.00e+00	0.00e+00	0.00e+00
 6.93456e+22	9.84e-01	1.58e-02	1.16e-06	0.00e+00	0.00e+00	0.00e+00	0.00e+00	0.00e+00
 6.93732e+22	9.84e-01	1.56e-02	1.15e-06	0.00e+00	0.00e+00	0.00e+00	0.00e+00	0.00e+00
 6.94029e+22	9.85e-01	1.54e-02	1.14e-06	0.00e+00	0.00e+00	0.00e+00	0.00e+00	0.00e+00
 6.94300e+22	9.85e-01	1.53e-02	1.14e-06	0.00e+00	0.00e+00	0.00e+00	0.00e+00	0.00e+00
 6.94547e+22	9.85e-01	1.52e-02	1.13e-06	0.00e+00	0.00e+00	0.00e+00	0.00e+00	0.00e+00
 6.94817e+22	9.85e-01	1.50e-02	1.12e-06	0.00e+00	0.00e+00	0.00e+00	0.00e+00	0.00e+00
 6.95108e+22	9.85e-01	1.48e-02	1.12e-06	0.00e+00	0.00e+00	0.00e+00	0.00e+00	0.00e+00
 6.95374e+22	9.85e-01	1.47e-02	1.11e-06	0.00e+00	0.00e+00	0.00e+00	0.00e+00	0.00e+00
 6.95664e+22	9.85e-01	1.45e-02	1.10e-06	0.00e+00	0.00e+00	0.00e+00	0.00e+00	0.00e+00
 6.95978e+22	9.86e-01	1.44e-02	1.10e-06	0.00e+00	0.00e+00	0.00e+00	0.00e+00	0.00e+00
 6.96264e+22	9.86e-01	1.42e-02	1.09e-06	0.00e+00	0.00e+00	0.00e+00	0.00e+00	0.00e+00
 6.96577e+22	9.86e-01	1.41e-02	1.08e-06	0.00e+00	0.00e+00	0.00e+00	0.00e+00	0.00e+00
 6.96915e+22	9.86e-01	1.39e-02	1.08e-06	0.00e+00	0.00e+00	0.00e+00	0.00e+00	0.00e+00
 6.97222e+22	9.86e-01	1.37e-02	1.07e-06	0.00e+00	0.00e+00	0.00e+00	0.00e+00	0.00e+00
 6.97559e+22	9.86e-01	1.36e-02	1.06e-06	0.00e+00	0.00e+00	0.00e+00	0.00e+00	0.00e+00
 6.97923e+22	9.87e-01	1.34e-02	1.06e-06	0.00e+00	0.00e+00	0.00e+00	0.00e+00	0.00e+00
 6.98254e+22	9.87e-01	1.32e-02	1.05e-06	0.00e+00	0.00e+00	0.00e+00	0.00e+00	0.00e+00
 6.98617e+22	9.87e-01	1.31e-02	1.04e-06	0.00e+00	0.00e+00	0.00e+00	0.00e+00	0.00e+00
 6.99008e+22	9.87e-01	1.29e-02	1.04e-06	0.00e+00	0.00e+00	0.00e+00	0.00e+00	0.00e+00
 6.99365e+22	9.87e-01	1.27e-02	1.03e-06	0.00e+00	0.00e+00	0.00e+00	0.00e+00	0.00e+00
 6.99755e+22	9.87e-01	1.25e-02	1.02e-06	0.00e+00	0.00e+00	0.00e+00	0.00e+00	0.00e+00
 7.00177e+22	9.88e-01	1.24e-02	1.01e-06	0.00e+00	0.00e+00	0.00e+00	0.00e+00	0.00e+00
 7.00561e+22	9.88e-01	1.22e-02	1.01e-06	0.00e+00	0.00e+00	0.00e+00	0.00e+00	0.00e+00
 7.00910e+22	9.88e-01	1.21e-02	1.00e-06	0.00e+00	0.00e+00	0.00e+00	0.00e+00	0.00e+00
 7.01292e+22	9.88e-01	1.19e-02	9.95e-07	0.00e+00	0.00e+00	0.00e+00	0.00e+00	0.00e+00
 7.01705e+22	9.88e-01	1.17e-02	9.89e-07	0.00e+00	0.00e+00	0.00e+00	0.00e+00	0.00e+00
 7.02081e+22	9.88e-01	1.16e-02	9.83e-07	0.00e+00	0.00e+00	0.00e+00	0.00e+00	0.00e+00
 7.02493e+22	9.89e-01	1.14e-02	9.75e-07	0.00e+00	0.00e+00	0.00e+00	0.00e+00	0.00e+00
 7.02938e+22	9.89e-01	1.12e-02	9.69e-07	0.00e+00	0.00e+00	0.00e+00	0.00e+00	0.00e+00
 7.03342e+22	9.89e-01	1.11e-02	9.63e-07	0.00e+00	0.00e+00	0.00e+00	0.00e+00	0.00e+00
 7.03786e+22	9.89e-01	1.09e-02	9.55e-07	0.00e+00	0.00e+00	0.00e+00	0.00e+00	0.00e+00
 7.04264e+22	9.89e-01	1.07e-02	9.49e-07	0.00e+00	0.00e+00	0.00e+00	0.00e+00	0.00e+00
 7.04700e+22	9.89e-01	1.06e-02	9.42e-07	0.00e+00	0.00e+00	0.00e+00	0.00e+00	0.00e+00
 7.05177e+22	9.90e-01	1.04e-02	9.34e-07	0.00e+00	0.00e+00	0.00e+00	0.00e+00	0.00e+00
 7.05692e+22	9.90e-01	1.02e-02	9.27e-07	0.00e+00	0.00e+00	0.00e+00	0.00e+00	0.00e+00
 7.06161e+22	9.90e-01	1.01e-02	9.20e-07	0.00e+00	0.00e+00	0.00e+00	0.00e+00	0.00e+00
 7.06588e+22	9.90e-01	9.94e-03	9.15e-07	0.00e+00	0.00e+00	0.00e+00	0.00e+00	0.00e+00
 7.07056e+22	9.90e-01	9.78e-03	9.08e-07	0.00e+00	0.00e+00	0.00e+00	0.00e+00	0.00e+00
 7.07560e+22	9.90e-01	9.62e-03	9.02e-07	0.00e+00	0.00e+00	0.00e+00	0.00e+00	0.00e+00
 7.08020e+22	9.91e-01	9.48e-03	8.95e-07	0.00e+00	0.00e+00	0.00e+00	0.00e+00	0.00e+00
 7.08523e+22	9.91e-01	9.31e-03	8.88e-07	0.00e+00	0.00e+00	0.00e+00	0.00e+00	0.00e+00
 7.09066e+22	9.91e-01	9.14e-03	8.82e-07	0.00e+00	0.00e+00	0.00e+00	0.00e+00	0.00e+00
 7.09561e+22	9.91e-01	9.00e-03	8.75e-07	0.00e+00	0.00e+00	0.00e+00	0.00e+00	0.00e+00
 7.10103e+22	9.91e-01	8.83e-03	8.67e-07	0.00e+00	0.00e+00	0.00e+00	0.00e+00	0.00e+00
 7.10688e+22	9.91e-01	8.66e-03	8.60e-07	0.00e+00	0.00e+00	0.00e+00	0.00e+00	0.00e+00
 7.11220e+22	9.91e-01	8.52e-03	8.54e-07	0.00e+00	0.00e+00	0.00e+00	0.00e+00	0.00e+00
 7.11705e+22	9.92e-01	8.39e-03	8.49e-07	0.00e+00	0.00e+00	0.00e+00	0.00e+00	0.00e+00
 7.12236e+22	9.92e-01	8.25e-03	8.41e-07	0.00e+00	0.00e+00	0.00e+00	0.00e+00	0.00e+00
 7.12809e+22	9.92e-01	8.09e-03	8.35e-07	0.00e+00	0.00e+00	0.00e+00	0.00e+00	0.00e+00
 7.13330e+22	9.92e-01	7.96e-03	8.29e-07	0.00e+00	0.00e+00	0.00e+00	0.00e+00	0.00e+00
 7.13902e+22	9.92e-01	7.81e-03	8.22e-07	0.00e+00	0.00e+00	0.00e+00	0.00e+00	0.00e+00
 7.14519e+22	9.92e-01	7.65e-03	8.15e-07	0.00e+00	0.00e+00	0.00e+00	0.00e+00	0.00e+00
 7.15080e+22	9.92e-01	7.51e-03	8.09e-07	0.00e+00	0.00e+00	0.00e+00	0.00e+00	0.00e+00
 7.15695e+22	9.93e-01	7.36e-03	8.02e-07	0.00e+00	0.00e+00	0.00e+00	0.00e+00	0.00e+00
 7.16495e+22	9.93e-01	7.14e-03	7.92e-07	0.00e+00	0.00e+00	0.00e+00	0.00e+00	0.00e+00
 7.17395e+22	9.93e-01	6.92e-03	7.82e-07	0.00e+00	0.00e+00	0.00e+00	0.00e+00	0.00e+00
 7.18262e+22	9.93e-01	6.73e-03	7.74e-07	0.00e+00	0.00e+00	0.00e+00	0.00e+00	0.00e+00
 7.19116e+22	9.93e-01	6.55e-03	7.65e-07	0.00e+00	0.00e+00	0.00e+00	0.00e+00	0.00e+00
 7.19983e+22	9.94e-01	6.37e-03	7.57e-07	0.00e+00	0.00e+00	0.00e+00	0.00e+00	0.00e+00
 7.20861e+22	9.94e-01	6.20e-03	7.48e-07	0.00e+00	0.00e+00	0.00e+00	0.00e+00	0.00e+00
 7.21762e+22	9.94e-01	6.02e-03	7.39e-07	0.00e+00	0.00e+00	0.00e+00	0.00e+00	0.00e+00
 7.22670e+22	9.94e-01	5.85e-03	7.31e-07	0.00e+00	0.00e+00	0.00e+00	0.00e+00	0.00e+00
 7.23577e+22	9.94e-01	5.69e-03	7.23e-07	0.00e+00	0.00e+00	0.00e+00	0.00e+00	0.00e+00
 7.24491e+22	9.94e-01	5.53e-03	7.15e-07	0.00e+00	0.00e+00	0.00e+00	0.00e+00	0.00e+00
 7.25417e+22	9.95e-01	5.38e-03	7.07e-07	0.00e+00	0.00e+00	0.00e+00	0.00e+00	0.00e+00
 7.26353e+22	9.95e-01	5.22e-03	6.99e-07	0.00e+00	0.00e+00	0.00e+00	0.00e+00	0.00e+00
 7.27297e+22	9.95e-01	5.07e-03	6.91e-07	0.00e+00	0.00e+00	0.00e+00	0.00e+00	0.00e+00
 7.28249e+22	9.95e-01	4.93e-03	6.83e-07	0.00e+00	0.00e+00	0.00e+00	0.00e+00	0.00e+00
 7.29210e+22	9.95e-01	4.78e-03	6.75e-07	0.00e+00	0.00e+00	0.00e+00	0.00e+00	0.00e+00
 7.30179e+22	9.95e-01	4.64e-03	6.67e-07	0.00e+00	0.00e+00	0.00e+00	0.00e+00	0.00e+00
 7.31155e+22	9.95e-01	4.51e-03	6.60e-07	0.00e+00	0.00e+00	0.00e+00	0.00e+00	0.00e+00
 7.32139e+22	9.96e-01	4.38e-03	6.52e-07	0.00e+00	0.00e+00	0.00e+00	0.00e+00	0.00e+00
 7.33133e+22	9.96e-01	4.25e-03	6.45e-07	0.00e+00	0.00e+00	0.00e+00	0.00e+00	0.00e+00
 7.34137e+22	9.96e-01	4.12e-03	6.37e-07	0.00e+00	0.00e+00	0.00e+00	0.00e+00	0.00e+00
 7.35150e+22	9.96e-01	4.00e-03	6.30e-07	0.00e+00	0.00e+00	0.00e+00	0.00e+00	0.00e+00
 7.36172e+22	9.96e-01	3.88e-03	6.22e-07	0.00e+00	0.00e+00	0.00e+00	0.00e+00	0.00e+00
 7.37203e+22	9.96e-01	3.76e-03	6.15e-07	0.00e+00	0.00e+00	0.00e+00	0.00e+00	0.00e+00
 7.38244e+22	9.96e-01	3.65e-03	6.07e-07	0.00e+00	0.00e+00	0.00e+00	0.00e+00	0.00e+00
 7.39306e+22	9.96e-01	3.54e-03	6.00e-07	0.00e+00	0.00e+00	0.00e+00	0.00e+00	0.00e+00
 7.40397e+22	9.97e-01	3.42e-03	5.92e-07	0.00e+00	0.00e+00	0.00e+00	0.00e+00	0.00e+00
 7.41506e+22	9.97e-01	3.31e-03	5.85e-07	0.00e+00	0.00e+00	0.00e+00	0.00e+00	0.00e+00
 7.42628e+22	9.97e-01	3.21e-03	5.77e-07	0.00e+00	0.00e+00	0.00e+00	0.00e+00	0.00e+00
 7.43762e+22	9.97e-01	3.10e-03	5.70e-07	0.00e+00	0.00e+00	0.00e+00	0.00e+00	0.00e+00
 7.44914e+22	9.97e-01	3.00e-03	5.62e-07	0.00e+00	0.00e+00	0.00e+00	0.00e+00	0.00e+00
 7.46082e+22	9.97e-01	2.91e-03	5.54e-07	0.00e+00	0.00e+00	0.00e+00	0.00e+00	0.00e+00
 7.47268e+22	9.97e-01	2.81e-03	5.47e-07	0.00e+00	0.00e+00	0.00e+00	0.00e+00	0.00e+00
 7.48477e+22	9.97e-01	2.71e-03	5.39e-07	0.00e+00	0.00e+00	0.00e+00	0.00e+00	0.00e+00
 7.49712e+22	9.97e-01	2.62e-03	5.31e-07	0.00e+00	0.00e+00	0.00e+00	0.00e+00	0.00e+00
 7.50982e+22	9.97e-01	2.53e-03	5.23e-07	0.00e+00	0.00e+00	0.00e+00	0.00e+00	0.00e+00
 7.52291e+22	9.98e-01	2.44e-03	5.15e-07	0.00e+00	0.00e+00	0.00e+00	0.00e+00	0.00e+00
 7.53631e+22	9.98e-01	2.35e-03	5.07e-07	0.00e+00	0.00e+00	0.00e+00	0.00e+00	0.00e+00
 7.54998e+22	9.98e-01	2.26e-03	4.98e-07	0.00e+00	0.00e+00	0.00e+00	0.00e+00	0.00e+00
 7.56393e+22	9.98e-01	2.18e-03	4.90e-07	0.00e+00	0.00e+00	0.00e+00	0.00e+00	0.00e+00
 7.57823e+22	9.98e-01	2.09e-03	4.81e-07	0.00e+00	0.00e+00	0.00e+00	0.00e+00	0.00e+00
 7.59287e+22	9.98e-01	2.01e-03	4.73e-07	0.00e+00	0.00e+00	0.00e+00	0.00e+00	0.00e+00
 7.60788e+22	9.98e-01	1.93e-03	4.64e-07	0.00e+00	0.00e+00	0.00e+00	0.00e+00	0.00e+00
 7.62335e+22	9.98e-01	1.85e-03	4.55e-07	0.00e+00	0.00e+00	0.00e+00	0.00e+00	0.00e+00
 7.63931e+22	9.98e-01	1.78e-03	4.46e-07	0.00e+00	0.00e+00	0.00e+00	0.00e+00	0.00e+00
 7.65573e+22	9.98e-01	1.70e-03	4.37e-07	0.00e+00	0.00e+00	0.00e+00	0.00e+00	0.00e+00
 7.67260e+22	9.98e-01	1.63e-03	4.28e-07	0.00e+00	0.00e+00	0.00e+00	0.00e+00	0.00e+00
 7.68997e+22	9.98e-01	1.55e-03	4.19e-07	0.00e+00	0.00e+00	0.00e+00	0.00e+00	0.00e+00
 7.70786e+22	9.99e-01	1.48e-03	4.09e-07	0.00e+00	0.00e+00	0.00e+00	0.00e+00	0.00e+00
 7.72640e+22	9.99e-01	1.41e-03	3.99e-07	0.00e+00	0.00e+00	0.00e+00	0.00e+00	0.00e+00
 7.74564e+22	9.99e-01	1.34e-03	3.89e-07	0.00e+00	0.00e+00	0.00e+00	0.00e+00	0.00e+00
 7.76529e+22	9.99e-01	1.28e-03	3.80e-07	0.00e+00	0.00e+00	0.00e+00	0.00e+00	0.00e+00
 7.78500e+22	9.99e-01	1.22e-03	3.70e-07	0.00e+00	0.00e+00	0.00e+00	0.00e+00	0.00e+00
 7.80483e+22	9.99e-01	1.16e-03	3.60e-07	0.00e+00	0.00e+00	0.00e+00	0.00e+00	0.00e+00
 7.82490e+22	9.99e-01	1.10e-03	3.51e-07	0.00e+00	0.00e+00	0.00e+00	0.00e+00	0.00e+00
 7.84517e+22	9.99e-01	1.05e-03	3.42e-07	0.00e+00	0.00e+00	0.00e+00	0.00e+00	0.00e+00
 7.86560e+22	9.99e-01	9.95e-04	3.32e-07	0.00e+00	0.00e+00	0.00e+00	0.00e+00	0.00e+00
 7.88623e+22	9.99e-01	9.46e-04	3.23e-07	0.00e+00	0.00e+00	0.00e+00	0.00e+00	0.00e+00
 7.90706e+22	9.99e-01	9.00e-04	3.14e-07	0.00e+00	0.00e+00	0.00e+00	0.00e+00	0.00e+00
 7.92803e+22	9.99e-01	8.56e-04	3.06e-07	0.00e+00	0.00e+00	0.00e+00	0.00e+00	0.00e+00
 7.94900e+22	9.99e-01	8.14e-04	2.97e-07	0.00e+00	0.00e+00	0.00e+00	0.00e+00	0.00e+00
 7.97018e+22	9.99e-01	7.73e-04	2.88e-07	0.00e+00	0.00e+00	0.00e+00	0.00e+00	0.00e+00
 7.99177e+22	9.99e-01	7.35e-04	2.80e-07	0.00e+00	0.00e+00	0.00e+00	0.00e+00	0.00e+00
 8.01358e+22	9.99e-01	6.98e-04	2.71e-07	0.00e+00	0.00e+00	0.00e+00	0.00e+00	0.00e+00
 8.03557e+22	9.99e-01	6.63e-04	2.63e-07	0.00e+00	0.00e+00	0.00e+00	0.00e+00	0.00e+00
 8.05776e+22	9.99e-01	6.29e-04	2.55e-07	0.00e+00	0.00e+00	0.00e+00	0.00e+00	0.00e+00
 8.08017e+22	9.99e-01	5.97e-04	2.47e-07	0.00e+00	0.00e+00	0.00e+00	0.00e+00	0.00e+00
 8.10280e+22	9.99e-01	5.67e-04	2.39e-07	0.00e+00	0.00e+00	0.00e+00	0.00e+00	0.00e+00
 8.12565e+22	9.99e-01	5.38e-04	2.32e-07	0.00e+00	0.00e+00	0.00e+00	0.00e+00	0.00e+00
 8.14873e+22	9.99e-01	5.10e-04	2.24e-07	0.00e+00	0.00e+00	0.00e+00	0.00e+00	0.00e+00
 8.17206e+22	1.00e+00	4.84e-04	2.17e-07	0.00e+00	0.00e+00	0.00e+00	0.00e+00	0.00e+00
 8.19563e+22	1.00e+00	4.59e-04	2.09e-07	0.00e+00	0.00e+00	0.00e+00	0.00e+00	0.00e+00
 8.21947e+22	1.00e+00	4.35e-04	2.02e-07	0.00e+00	0.00e+00	0.00e+00	0.00e+00	0.00e+00
 8.24354e+22	1.00e+00	4.12e-04	1.95e-07	0.00e+00	0.00e+00	0.00e+00	0.00e+00	0.00e+00
 8.26788e+22	1.00e+00	3.90e-04	1.88e-07	0.00e+00	0.00e+00	0.00e+00	0.00e+00	0.00e+00
 8.29258e+22	1.00e+00	3.69e-04	1.81e-07	0.00e+00	0.00e+00	0.00e+00	0.00e+00	0.00e+00
 8.31747e+22	1.00e+00	3.50e-04	1.75e-07	0.00e+00	0.00e+00	0.00e+00	0.00e+00	0.00e+00
 8.34180e+22	1.00e+00	3.33e-04	1.68e-07	0.00e+00	0.00e+00	0.00e+00	0.00e+00	0.00e+00
 8.36463e+22	1.00e+00	3.18e-04	1.63e-07	0.00e+00	0.00e+00	0.00e+00	0.00e+00	0.00e+00
 8.38584e+22	1.00e+00	3.05e-04	1.58e-07	0.00e+00	0.00e+00	0.00e+00	0.00e+00	0.00e+00
 8.40586e+22	1.00e+00	2.92e-04	1.53e-07	0.00e+00	0.00e+00	0.00e+00	0.00e+00	0.00e+00
 8.42519e+22	1.00e+00	2.81e-04	1.49e-07	0.00e+00	0.00e+00	0.00e+00	0.00e+00	0.00e+00
 8.44397e+22	1.00e+00	2.70e-04	1.44e-07	0.00e+00	0.00e+00	0.00e+00	0.00e+00	0.00e+00
 8.46208e+22	1.00e+00	2.61e-04	1.40e-07	0.00e+00	0.00e+00	0.00e+00	0.00e+00	0.00e+00
 8.47938e+22	1.00e+00	2.52e-04	1.37e-07	0.00e+00	0.00e+00	0.00e+00	0.00e+00	0.00e+00
 8.49591e+22	1.00e+00	2.44e-04	1.33e-07	0.00e+00	0.00e+00	0.00e+00	0.00e+00	0.00e+00
 8.51180e+22	1.00e+00	2.36e-04	1.30e-07	0.00e+00	0.00e+00	0.00e+00	0.00e+00	0.00e+00
 8.52719e+22	1.00e+00	2.29e-04	1.27e-07	0.00e+00	0.00e+00	0.00e+00	0.00e+00	0.00e+00
 8.54214e+22	1.00e+00	2.22e-04	1.24e-07	0.00e+00	0.00e+00	0.00e+00	0.00e+00	0.00e+00
 8.55668e+22	1.00e+00	2.16e-04	1.21e-07	0.00e+00	0.00e+00	0.00e+00	0.00e+00	0.00e+00
 8.57082e+22	1.00e+00	2.10e-04	1.18e-07	0.00e+00	0.00e+00	0.00e+00	0.00e+00	0.00e+00
 8.58460e+22	1.00e+00	2.04e-04	1.16e-07	0.00e+00	0.00e+00	0.00e+00	0.00e+00	0.00e+00
 8.59808e+22	1.00e+00	1.99e-04	1.13e-07	0.00e+00	0.00e+00	0.00e+00	0.00e+00	0.00e+00
 8.61134e+22	1.00e+00	1.93e-04	1.11e-07	0.00e+00	0.00e+00	0.00e+00	0.00e+00	0.00e+00
 8.62444e+22	1.00e+00	1.88e-04	1.09e-07	0.00e+00	0.00e+00	0.00e+00	0.00e+00	0.00e+00
 8.63743e+22	1.00e+00	1.83e-04	1.06e-07	0.00e+00	0.00e+00	0.00e+00	0.00e+00	0.00e+00
 8.65035e+22	1.00e+00	1.79e-04	1.04e-07	0.00e+00	0.00e+00	0.00e+00	0.00e+00	0.00e+00
 8.66326e+22	1.00e+00	1.74e-04	1.02e-07	0.00e+00	0.00e+00	0.00e+00	0.00e+00	0.00e+00
 8.67623e+22	1.00e+00	1.69e-04	9.96e-08	0.00e+00	0.00e+00	0.00e+00	0.00e+00	0.00e+00
 8.68933e+22	1.00e+00	1.64e-04	9.74e-08	0.00e+00	0.00e+00	0.00e+00	0.00e+00	0.00e+00
 8.70263e+22	1.00e+00	1.60e-04	9.52e-08	0.00e+00	0.00e+00	0.00e+00	0.00e+00	0.00e+00
 8.71620e+22	1.00e+00	1.55e-04	9.30e-08	0.00e+00	0.00e+00	0.00e+00	0.00e+00	0.00e+00
 8.73018e+22	1.00e+00	1.50e-04	9.08e-08	0.00e+00	0.00e+00	0.00e+00	0.00e+00	0.00e+00
 8.74466e+22	1.00e+00	1.46e-04	8.86e-08	0.00e+00	0.00e+00	0.00e+00	0.00e+00	0.00e+00
 8.75972e+22	1.00e+00	1.41e-04	8.62e-08	0.00e+00	0.00e+00	0.00e+00	0.00e+00	0.00e+00
 8.77548e+22	1.00e+00	1.36e-04	8.39e-08	0.00e+00	0.00e+00	0.00e+00	0.00e+00	0.00e+00
 8.79207e+22	1.00e+00	1.31e-04	8.14e-08	0.00e+00	0.00e+00	0.00e+00	0.00e+00	0.00e+00
