#depth	He	He+	He+2
 4.62852e+21	2.75e-12	2.01e-06	1.00e+00
 1.05607e+22	6.05e-12	2.89e-06	1.00e+00
 1.26665e+22	1.02e-11	3.69e-06	1.00e+00
 1.40197e+22	1.50e-11	4.41e-06	1.00e+00
 1.47085e+22	1.66e-11	4.62e-06	1.00e+00
 1.49396e+22	1.80e-11	4.79e-06	1.00e+00
 1.51141e+22	1.89e-11	4.90e-06	1.00e+00
 1.53005e+22	2.03e-11	5.08e-06	1.00e+00
 1.55032e+22	2.19e-11	5.26e-06	1.00e+00
 1.56928e+22	2.33e-11	5.42e-06	1.00e+00
 1.59051e+22	2.55e-11	5.65e-06	1.00e+00
 1.61174e+22	2.74e-11	5.85e-06	1.00e+00
 1.62990e+22	2.94e-11	6.04e-06	1.00e+00
 1.65045e+22	3.21e-11	6.30e-06	1.00e+00
 1.67155e+22	3.45e-11	6.51e-06	1.00e+00
 1.69033e+22	3.70e-11	6.74e-06	1.00e+00
 1.71170e+22	4.05e-11	7.03e-06	1.00e+00
 1.73343e+22	4.38e-11	7.30e-06	1.00e+00
 1.75233e+22	4.70e-11	7.55e-06	1.00e+00
 1.77357e+22	5.18e-11	7.91e-06	1.00e+00
 1.79406e+22	5.54e-11	8.17e-06	1.00e+00
 1.81355e+22	6.06e-11	8.54e-06	1.00e+00
 1.83309e+22	6.48e-11	8.82e-06	1.00e+00
 1.84935e+22	6.93e-11	9.11e-06	1.00e+00
 1.86445e+22	7.37e-11	9.39e-06	1.00e+00
 1.87834e+22	7.80e-11	9.65e-06	1.00e+00
 1.89129e+22	8.23e-11	9.91e-06	1.00e+00
 1.90609e+22	8.84e-11	1.03e-05	1.00e+00
 1.92038e+22	9.32e-11	1.05e-05	1.00e+00
 1.93216e+22	9.80e-11	1.08e-05	1.00e+00
 1.94564e+22	1.04e-10	1.11e-05	1.00e+00
 1.95951e+22	1.11e-10	1.15e-05	1.00e+00
 1.97118e+22	1.16e-10	1.18e-05	1.00e+00
 1.98197e+22	1.22e-10	1.21e-05	1.00e+00
 1.99433e+22	1.30e-10	1.25e-05	1.00e+00
 2.00690e+22	1.37e-10	1.28e-05	1.00e+00
 2.01804e+22	1.45e-10	1.31e-05	1.00e+00
 2.03083e+22	1.55e-10	1.36e-05	1.00e+00
 2.04300e+22	1.62e-10	1.39e-05	1.00e+00
 2.05280e+22	1.71e-10	1.43e-05	1.00e+00
 2.06244e+22	1.79e-10	1.46e-05	1.00e+00
 2.07341e+22	1.90e-10	1.51e-05	1.00e+00
 2.08469e+22	2.01e-10	1.55e-05	1.00e+00
 2.09448e+22	2.11e-10	1.59e-05	1.00e+00
 2.10532e+22	2.26e-10	1.65e-05	1.00e+00
 2.11610e+22	2.36e-10	1.69e-05	1.00e+00
 2.12681e+22	2.54e-10	1.76e-05	1.00e+00
 2.13718e+22	2.66e-10	1.80e-05	1.00e+00
 2.14712e+22	2.84e-10	1.87e-05	1.00e+00
 2.15739e+22	3.00e-10	1.92e-05	1.00e+00
 2.16810e+22	3.22e-10	2.00e-05	1.00e+00
 2.17842e+22	3.39e-10	2.06e-05	1.00e+00
 2.18822e+22	3.64e-10	2.14e-05	1.00e+00
 2.19799e+22	3.81e-10	2.20e-05	1.00e+00
 2.20773e+22	4.11e-10	2.29e-05	1.00e+00
 2.21741e+22	4.32e-10	2.36e-05	1.00e+00
 2.22705e+22	4.65e-10	2.46e-05	1.00e+00
 2.23683e+22	4.91e-10	2.53e-05	1.00e+00
 2.24681e+22	5.29e-10	2.65e-05	1.00e+00
 2.25671e+22	5.60e-10	2.73e-05	1.00e+00
 2.26652e+22	6.03e-10	2.86e-05	1.00e+00
 2.27648e+22	6.39e-10	2.96e-05	1.00e+00
 2.28661e+22	6.91e-10	3.10e-05	1.00e+00
 2.29686e+22	7.33e-10	3.21e-05	1.00e+00
 2.30725e+22	7.94e-10	3.37e-05	1.00e+00
 2.31770e+22	8.43e-10	3.50e-05	1.00e+00
 2.32671e+22	8.94e-10	3.63e-05	1.00e+00
 2.33693e+22	9.66e-10	3.81e-05	1.00e+00
 2.34712e+22	1.02e-09	3.95e-05	1.00e+00
 2.35726e+22	1.10e-09	4.13e-05	1.00e+00
 2.36762e+22	1.16e-09	4.29e-05	1.00e+00
 2.37827e+22	1.25e-09	4.51e-05	1.00e+00
 2.38901e+22	1.32e-09	4.67e-05	1.00e+00
 2.39987e+22	1.42e-09	4.90e-05	1.00e+00
 2.41101e+22	1.50e-09	5.08e-05	1.00e+00
 2.42252e+22	1.61e-09	5.34e-05	1.00e+00
 2.43438e+22	1.70e-09	5.54e-05	1.00e+00
 2.44506e+22	1.79e-09	5.76e-05	1.00e+00
 2.45731e+22	1.92e-09	6.04e-05	1.00e+00
 2.46968e+22	2.03e-09	6.27e-05	1.00e+00
 2.48223e+22	2.16e-09	6.58e-05	1.00e+00
 2.49442e+22	2.27e-09	6.80e-05	1.00e+00
 2.50615e+22	2.40e-09	7.10e-05	1.00e+00
 2.51810e+22	2.51e-09	7.34e-05	1.00e+00
 2.53036e+22	2.67e-09	7.67e-05	1.00e+00
 2.54277e+22	2.79e-09	7.92e-05	1.00e+00
 2.55541e+22	2.95e-09	8.28e-05	1.00e+00
 2.56782e+22	3.07e-09	8.52e-05	1.00e+00
 2.57996e+22	3.24e-09	8.88e-05	1.00e+00
 2.59234e+22	3.37e-09	9.15e-05	1.00e+00
 2.60504e+22	3.55e-09	9.54e-05	1.00e+00
 2.61798e+22	3.70e-09	9.84e-05	1.00e+00
 2.63124e+22	3.90e-09	1.03e-04	1.00e+00
 2.64473e+22	4.03e-09	1.06e-04	1.00e+00
 2.65853e+22	4.24e-09	1.10e-04	1.00e+00
 2.67260e+22	4.42e-09	1.14e-04	1.00e+00
 2.68495e+22	4.59e-09	1.18e-04	1.00e+00
 2.69897e+22	4.83e-09	1.22e-04	1.00e+00
 2.71297e+22	5.01e-09	1.26e-04	1.00e+00
 2.72696e+22	5.26e-09	1.31e-04	1.00e+00
 2.74115e+22	5.46e-09	1.35e-04	1.00e+00
 2.75561e+22	5.73e-09	1.40e-04	1.00e+00
 2.77055e+22	5.96e-09	1.45e-04	1.00e+00
 2.78608e+22	6.26e-09	1.50e-04	1.00e+00
 2.80217e+22	6.53e-09	1.56e-04	1.00e+00
 2.81896e+22	6.88e-09	1.62e-04	1.00e+00
 2.83626e+22	7.19e-09	1.68e-04	1.00e+00
 2.85422e+22	7.59e-09	1.75e-04	1.00e+00
 2.87283e+22	7.95e-09	1.82e-04	1.00e+00
 2.88971e+22	8.31e-09	1.88e-04	1.00e+00
 2.90910e+22	8.80e-09	1.97e-04	1.00e+00
 2.92887e+22	9.22e-09	2.04e-04	1.00e+00
 2.94912e+22	9.78e-09	2.14e-04	1.00e+00
 2.96965e+22	1.02e-08	2.22e-04	1.00e+00
 2.99052e+22	1.09e-08	2.33e-04	1.00e+00
 3.01162e+22	1.14e-08	2.43e-04	1.00e+00
 3.03299e+22	1.21e-08	2.56e-04	1.00e+00
 3.05449e+22	1.26e-08	2.66e-04	1.00e+00
 3.07247e+22	1.32e-08	2.75e-04	1.00e+00
 3.09217e+22	1.38e-08	2.89e-04	1.00e+00
 3.11161e+22	1.44e-08	3.00e-04	1.00e+00
 3.13074e+22	1.51e-08	3.15e-04	1.00e+00
 3.15016e+22	1.56e-08	3.27e-04	1.00e+00
 3.16999e+22	1.64e-08	3.44e-04	1.00e+00
 3.19004e+22	1.70e-08	3.58e-04	1.00e+00
 3.21039e+22	1.77e-08	3.77e-04	1.00e+00
 3.23102e+22	1.83e-08	3.93e-04	1.00e+00
 3.25200e+22	1.90e-08	4.16e-04	1.00e+00
 3.27345e+22	1.96e-08	4.35e-04	1.00e+00
 3.29551e+22	2.03e-08	4.62e-04	1.00e+00
 3.31789e+22	2.08e-08	4.85e-04	1.00e+00
 3.34005e+22	2.14e-08	5.15e-04	9.99e-01
 3.36121e+22	2.18e-08	5.37e-04	9.99e-01
 3.38168e+22	2.22e-08	5.70e-04	9.99e-01
 3.40254e+22	2.25e-08	5.96e-04	9.99e-01
 3.42297e+22	2.27e-08	6.31e-04	9.99e-01
 3.44382e+22	2.29e-08	6.63e-04	9.99e-01
 3.46413e+22	2.31e-08	6.99e-04	9.99e-01
 3.48485e+22	2.32e-08	7.36e-04	9.99e-01
 3.50539e+22	2.32e-08	7.76e-04	9.99e-01
 3.52602e+22	2.33e-08	8.17e-04	9.99e-01
 3.54643e+22	2.33e-08	8.60e-04	9.99e-01
 3.56680e+22	2.34e-08	9.05e-04	9.99e-01
 3.58721e+22	2.35e-08	9.53e-04	9.99e-01
 3.60771e+22	2.36e-08	1.00e-03	9.99e-01
 3.62834e+22	2.38e-08	1.06e-03	9.99e-01
 3.64917e+22	2.41e-08	1.11e-03	9.99e-01
 3.67026e+22	2.45e-08	1.17e-03	9.99e-01
 3.69144e+22	2.51e-08	1.23e-03	9.99e-01
 3.71297e+22	2.58e-08	1.30e-03	9.99e-01
 3.73477e+22	2.67e-08	1.37e-03	9.99e-01
 3.75700e+22	2.78e-08	1.44e-03	9.99e-01
 3.77767e+22	2.89e-08	1.51e-03	9.98e-01
 3.79900e+22	3.06e-08	1.59e-03	9.98e-01
 3.82068e+22	3.21e-08	1.66e-03	9.98e-01
 3.84283e+22	3.44e-08	1.76e-03	9.98e-01
 3.86506e+22	3.65e-08	1.84e-03	9.98e-01
 3.88740e+22	3.95e-08	1.95e-03	9.98e-01
 3.90988e+22	4.22e-08	2.03e-03	9.98e-01
 3.93254e+22	4.61e-08	2.15e-03	9.98e-01
 3.95539e+22	4.95e-08	2.25e-03	9.98e-01
 3.97851e+22	5.44e-08	2.38e-03	9.98e-01
 4.00191e+22	5.88e-08	2.48e-03	9.98e-01
 4.02570e+22	6.51e-08	2.63e-03	9.97e-01
 4.04989e+22	7.06e-08	2.75e-03	9.97e-01
 4.07460e+22	7.87e-08	2.91e-03	9.97e-01
 4.09985e+22	8.58e-08	3.05e-03	9.97e-01
 4.12578e+22	9.63e-08	3.24e-03	9.97e-01
 4.15231e+22	1.05e-07	3.40e-03	9.97e-01
 4.17469e+22	1.14e-07	3.54e-03	9.96e-01
 4.19884e+22	1.27e-07	3.74e-03	9.96e-01
 4.22333e+22	1.38e-07	3.91e-03	9.96e-01
 4.24452e+22	1.50e-07	4.07e-03	9.96e-01
 4.26829e+22	1.67e-07	4.29e-03	9.96e-01
 4.29195e+22	1.80e-07	4.46e-03	9.96e-01
 4.31546e+22	1.99e-07	4.70e-03	9.95e-01
 4.33932e+22	2.16e-07	4.89e-03	9.95e-01
 4.36361e+22	2.40e-07	5.15e-03	9.95e-01
 4.38832e+22	2.60e-07	5.37e-03	9.95e-01
 4.41359e+22	2.90e-07	5.67e-03	9.94e-01
 4.43924e+22	3.15e-07	5.91e-03	9.94e-01
 4.46540e+22	3.52e-07	6.25e-03	9.94e-01
 4.49212e+22	3.84e-07	6.52e-03	9.93e-01
 4.51956e+22	4.31e-07	6.91e-03	9.93e-01
 4.54769e+22	4.72e-07	7.23e-03	9.93e-01
 4.57673e+22	5.33e-07	7.68e-03	9.92e-01
 4.60609e+22	5.84e-07	8.04e-03	9.92e-01
 4.63589e+22	6.60e-07	8.55e-03	9.91e-01
 4.66603e+22	7.25e-07	8.95e-03	9.91e-01
 4.69662e+22	8.21e-07	9.53e-03	9.90e-01
 4.72648e+22	8.95e-07	9.95e-03	9.90e-01
 4.75538e+22	1.01e-06	1.05e-02	9.89e-01
 4.78529e+22	1.10e-06	1.10e-02	9.89e-01
 4.81085e+22	1.20e-06	1.15e-02	9.88e-01
 4.83840e+22	1.34e-06	1.22e-02	9.88e-01
 4.86597e+22	1.46e-06	1.27e-02	9.87e-01
 4.89356e+22	1.62e-06	1.33e-02	9.87e-01
 4.92224e+22	1.78e-06	1.40e-02	9.86e-01
 4.94786e+22	1.93e-06	1.46e-02	9.85e-01
 4.97667e+22	2.15e-06	1.54e-02	9.85e-01
 5.00696e+22	2.38e-06	1.62e-02	9.84e-01
 5.03450e+22	2.61e-06	1.69e-02	9.83e-01
 5.06561e+22	2.93e-06	1.79e-02	9.82e-01
 5.09764e+22	3.24e-06	1.89e-02	9.81e-01
 5.12609e+22	3.56e-06	1.98e-02	9.80e-01
 5.15830e+22	4.01e-06	2.10e-02	9.79e-01
 5.19166e+22	4.46e-06	2.21e-02	9.78e-01
 5.22159e+22	4.92e-06	2.32e-02	9.77e-01
 5.25553e+22	5.58e-06	2.47e-02	9.75e-01
 5.29053e+22	6.22e-06	2.60e-02	9.74e-01
 5.32691e+22	7.11e-06	2.78e-02	9.72e-01
 5.36369e+22	7.94e-06	2.94e-02	9.71e-01
 5.39606e+22	8.84e-06	3.10e-02	9.69e-01
 5.43322e+22	1.01e-05	3.31e-02	9.67e-01
 5.47078e+22	1.14e-05	3.50e-02	9.65e-01
 5.50887e+22	1.30e-05	3.75e-02	9.62e-01
 5.54754e+22	1.46e-05	3.97e-02	9.60e-01
 5.58697e+22	1.69e-05	4.26e-02	9.57e-01
 5.62679e+22	1.90e-05	4.51e-02	9.55e-01
 5.66714e+22	2.21e-05	4.85e-02	9.51e-01
 5.70785e+22	2.48e-05	5.14e-02	9.49e-01
 5.74905e+22	2.89e-05	5.53e-02	9.45e-01
 5.79082e+22	3.26e-05	5.86e-02	9.41e-01
 5.82706e+22	3.65e-05	6.20e-02	9.38e-01
 5.86790e+22	4.24e-05	6.66e-02	9.33e-01
 5.90684e+22	4.68e-05	6.99e-02	9.30e-01
 5.94332e+22	5.36e-05	7.46e-02	9.25e-01
 5.97978e+22	5.92e-05	7.83e-02	9.22e-01
 6.01619e+22	6.72e-05	8.31e-02	9.17e-01
 6.05399e+22	7.54e-05	8.78e-02	9.12e-01
 6.08794e+22	8.36e-05	9.23e-02	9.08e-01
 6.12644e+22	9.55e-05	9.83e-02	9.02e-01
 6.16553e+22	1.07e-04	1.04e-01	8.96e-01
 6.20019e+22	1.19e-04	1.09e-01	8.91e-01
 6.24003e+22	1.36e-04	1.16e-01	8.84e-01
 6.27695e+22	1.49e-04	1.21e-01	8.79e-01
 6.31006e+22	1.67e-04	1.28e-01	8.72e-01
 6.34394e+22	1.83e-04	1.33e-01	8.66e-01
 6.37397e+22	2.00e-04	1.39e-01	8.61e-01
 6.40813e+22	2.24e-04	1.46e-01	8.53e-01
 6.44286e+22	2.46e-04	1.53e-01	8.47e-01
 6.47343e+22	2.69e-04	1.59e-01	8.40e-01
 6.50826e+22	3.01e-04	1.68e-01	8.32e-01
 6.54367e+22	3.31e-04	1.75e-01	8.25e-01
 6.57495e+22	3.61e-04	1.82e-01	8.18e-01
 6.61074e+22	4.05e-04	1.92e-01	8.08e-01
 6.64707e+22	4.45e-04	2.00e-01	8.00e-01
 6.67924e+22	4.87e-04	2.08e-01	7.92e-01
 6.71620e+22	5.46e-04	2.19e-01	7.81e-01
 6.75376e+22	6.00e-04	2.28e-01	7.71e-01
 6.79209e+22	6.72e-04	2.39e-01	7.60e-01
 6.83130e+22	7.43e-04	2.50e-01	7.49e-01
 6.86574e+22	8.14e-04	2.60e-01	7.39e-01
 6.90462e+22	9.13e-04	2.73e-01	7.26e-01
 6.94491e+22	1.01e-03	2.85e-01	7.14e-01
 6.98704e+22	1.14e-03	3.00e-01	6.99e-01
 7.02923e+22	1.25e-03	3.12e-01	6.87e-01
 7.06112e+22	1.35e-03	3.21e-01	6.78e-01
 7.09218e+22	1.47e-03	3.32e-01	6.66e-01
 7.12366e+22	1.58e-03	3.42e-01	6.57e-01
 7.15567e+22	1.73e-03	3.54e-01	6.44e-01
 7.18782e+22	1.85e-03	3.64e-01	6.34e-01
 7.22014e+22	2.02e-03	3.77e-01	6.21e-01
 7.25284e+22	2.17e-03	3.87e-01	6.11e-01
 7.28604e+22	2.37e-03	4.00e-01	5.98e-01
 7.31978e+22	2.55e-03	4.11e-01	5.86e-01
 7.35422e+22	2.80e-03	4.25e-01	5.72e-01
 7.38912e+22	3.01e-03	4.36e-01	5.60e-01
 7.42460e+22	3.30e-03	4.51e-01	5.46e-01
 7.46071e+22	3.56e-03	4.63e-01	5.33e-01
 7.49765e+22	3.91e-03	4.78e-01	5.18e-01
 7.53532e+22	4.22e-03	4.91e-01	5.05e-01
 7.57394e+22	4.64e-03	5.07e-01	4.88e-01
 7.61336e+22	5.02e-03	5.20e-01	4.75e-01
 7.65381e+22	5.54e-03	5.37e-01	4.58e-01
 7.69478e+22	5.99e-03	5.50e-01	4.44e-01
 7.73642e+22	6.62e-03	5.67e-01	4.26e-01
 7.77871e+22	7.16e-03	5.81e-01	4.12e-01
 7.82183e+22	7.89e-03	5.98e-01	3.94e-01
 7.86614e+22	8.58e-03	6.12e-01	3.79e-01
 7.91200e+22	9.54e-03	6.31e-01	3.60e-01
 7.95789e+22	1.03e-02	6.44e-01	3.45e-01
 8.00380e+22	1.15e-02	6.62e-01	3.27e-01
 8.05118e+22	1.25e-02	6.76e-01	3.12e-01
 8.10045e+22	1.39e-02	6.94e-01	2.92e-01
 8.15083e+22	1.51e-02	7.08e-01	2.77e-01
 8.20266e+22	1.70e-02	7.26e-01	2.57e-01
 8.25610e+22	1.86e-02	7.40e-01	2.41e-01
 8.31165e+22	2.10e-02	7.58e-01	2.21e-01
 8.36937e+22	2.32e-02	7.72e-01	2.04e-01
 8.42991e+22	2.65e-02	7.89e-01	1.84e-01
 8.49228e+22	2.95e-02	8.03e-01	1.68e-01
 8.54098e+22	3.19e-02	8.12e-01	1.56e-01
 8.58821e+22	3.53e-02	8.22e-01	1.42e-01
 8.63682e+22	3.86e-02	8.31e-01	1.30e-01
 8.68719e+22	4.33e-02	8.40e-01	1.17e-01
 8.73857e+22	4.76e-02	8.47e-01	1.06e-01
 8.79126e+22	5.38e-02	8.53e-01	9.34e-02
 8.84032e+22	5.87e-02	8.56e-01	8.49e-02
 8.87776e+22	6.37e-02	8.58e-01	7.79e-02
 8.91954e+22	7.06e-02	8.60e-01	6.98e-02
 8.96370e+22	7.80e-02	8.59e-01	6.28e-02
 9.00369e+22	8.60e-02	8.57e-01	5.68e-02
 9.04219e+22	9.49e-02	8.54e-01	5.15e-02
 9.07907e+22	1.05e-01	8.48e-01	4.69e-02
 9.11310e+22	1.15e-01	8.42e-01	4.32e-02
 9.14418e+22	1.26e-01	8.34e-01	4.01e-02
 9.17255e+22	1.37e-01	8.25e-01	3.75e-02
 9.19832e+22	1.49e-01	8.15e-01	3.55e-02
 9.22182e+22	1.62e-01	8.04e-01	3.38e-02
 9.24327e+22	1.75e-01	7.93e-01	3.26e-02
 9.25525e+22	1.80e-01	7.87e-01	3.24e-02
