#depth	Ar	Ar+	Ar+2	Ar+3	Ar+4	Ar+5	Ar+6	Ar+7	Ar+8	Ar+9	Ar+10	Ar+11	Ar+12	Ar+13	Ar+14	Ar+15	Ar+16	Ar+17	Ar+18
 1.54284e+22	0.00e+00	0.00e+00	8.71e-27	1.62e-23	1.79e-20	7.76e-18	1.96e-15	5.75e-13	3.61e-10	3.01e-08	1.22e-06	2.38e-05	3.21e-04	2.18e-03	9.38e-03	4.31e-02	3.56e-01	4.23e-01	1.66e-01
 3.58890e+22	0.00e+00	2.99e-30	9.87e-25	1.35e-21	1.05e-18	3.13e-16	5.39e-14	1.05e-11	5.51e-09	3.64e-07	1.13e-05	1.63e-04	1.63e-03	7.88e-03	2.33e-02	7.39e-02	4.34e-01	3.61e-01	9.89e-02
 4.34373e+22	0.00e+00	3.59e-29	1.04e-23	1.21e-20	7.83e-18	1.92e-15	2.69e-13	4.27e-11	2.09e-08	1.24e-06	3.38e-05	4.17e-04	3.59e-03	1.46e-02	3.55e-02	9.32e-02	4.61e-01	3.19e-01	7.29e-02
 4.72115e+22	0.00e+00	1.27e-28	3.44e-23	3.69e-20	2.16e-17	4.77e-15	6.00e-13	8.56e-11	4.06e-08	2.30e-06	5.86e-05	6.69e-04	5.32e-03	1.97e-02	4.35e-02	1.04e-01	4.70e-01	2.96e-01	6.16e-02
 4.88558e+22	0.00e+00	1.89e-28	5.03e-23	5.25e-20	2.98e-17	6.35e-15	7.72e-13	1.06e-10	5.01e-08	2.79e-06	6.97e-05	7.76e-04	6.02e-03	2.17e-02	4.64e-02	1.07e-01	4.72e-01	2.88e-01	5.83e-02
 4.96272e+22	0.00e+00	2.78e-28	7.25e-23	7.37e-20	4.05e-17	8.37e-15	9.83e-13	1.31e-10	6.12e-08	3.36e-06	8.23e-05	8.94e-04	6.77e-03	2.37e-02	4.92e-02	1.10e-01	4.73e-01	2.81e-01	5.52e-02
 5.05129e+22	0.00e+00	4.58e-28	1.17e-22	1.15e-19	6.05e-17	1.20e-14	1.34e-12	1.71e-10	7.94e-08	4.27e-06	1.02e-04	1.08e-03	7.89e-03	2.66e-02	5.31e-02	1.14e-01	4.74e-01	2.71e-01	5.13e-02
 5.13472e+22	0.00e+00	6.53e-28	1.63e-22	1.56e-19	8.02e-17	1.54e-14	1.67e-12	2.06e-10	9.52e-08	5.06e-06	1.19e-04	1.22e-03	8.79e-03	2.89e-02	5.60e-02	1.17e-01	4.75e-01	2.64e-01	4.87e-02
 5.20112e+22	0.00e+00	9.22e-28	2.27e-22	2.12e-19	1.06e-16	1.97e-14	2.07e-12	2.48e-10	1.14e-07	5.97e-06	1.38e-04	1.39e-03	9.76e-03	3.13e-02	5.90e-02	1.20e-01	4.75e-01	2.57e-01	4.62e-02
 5.26462e+22	0.00e+00	1.27e-27	3.07e-22	2.80e-19	1.36e-16	2.46e-14	2.52e-12	2.92e-10	1.34e-07	6.94e-06	1.58e-04	1.56e-03	1.07e-02	3.36e-02	6.18e-02	1.23e-01	4.74e-01	2.51e-01	4.40e-02
 5.33471e+22	0.00e+00	1.85e-27	4.39e-22	3.89e-19	1.83e-16	3.21e-14	3.18e-12	3.56e-10	1.62e-07	8.31e-06	1.85e-04	1.78e-03	1.20e-02	3.66e-02	6.53e-02	1.26e-01	4.74e-01	2.43e-01	4.15e-02
 5.40791e+22	0.00e+00	2.61e-27	6.10e-22	5.28e-19	2.42e-16	4.10e-14	3.93e-12	4.26e-10	1.94e-07	9.79e-06	2.14e-04	2.02e-03	1.33e-02	3.95e-02	6.85e-02	1.28e-01	4.72e-01	2.36e-01	3.92e-02
 5.47300e+22	0.00e+00	3.64e-27	8.36e-22	7.06e-19	3.14e-16	5.17e-14	4.80e-12	5.05e-10	2.29e-07	1.15e-05	2.47e-04	2.28e-03	1.47e-02	4.25e-02	7.18e-02	1.31e-01	4.71e-01	2.30e-01	3.72e-02
 5.53288e+22	0.00e+00	4.93e-27	1.12e-21	9.21e-19	3.99e-16	6.40e-14	5.76e-12	5.89e-10	2.67e-07	1.32e-05	2.80e-04	2.54e-03	1.61e-02	4.54e-02	7.49e-02	1.33e-01	4.69e-01	2.23e-01	3.53e-02
 5.58955e+22	0.00e+00	6.65e-27	1.48e-21	1.20e-18	5.05e-16	7.87e-14	6.89e-12	6.85e-10	3.09e-07	1.52e-05	3.17e-04	2.82e-03	1.75e-02	4.84e-02	7.79e-02	1.35e-01	4.67e-01	2.17e-01	3.36e-02
 5.65463e+22	0.00e+00	9.68e-27	2.12e-21	1.66e-18	6.79e-16	1.02e-13	8.62e-12	8.27e-10	3.73e-07	1.81e-05	3.71e-04	3.22e-03	1.95e-02	5.25e-02	8.19e-02	1.38e-01	4.64e-01	2.10e-01	3.15e-02
 5.72079e+22	0.00e+00	1.32e-26	2.84e-21	2.17e-18	8.65e-16	1.26e-13	1.04e-11	9.65e-10	4.35e-07	2.09e-05	4.22e-04	3.58e-03	2.13e-02	5.60e-02	8.52e-02	1.40e-01	4.61e-01	2.03e-01	2.98e-02
 5.78834e+22	4.60e-33	1.98e-26	4.19e-21	3.10e-18	1.19e-15	1.67e-13	1.32e-11	1.18e-09	5.31e-07	2.52e-05	4.99e-04	4.13e-03	2.40e-02	6.10e-02	8.97e-02	1.42e-01	4.56e-01	1.95e-01	2.77e-02
 5.85470e+22	6.32e-33	2.68e-26	5.59e-21	4.04e-18	1.51e-15	2.06e-13	1.57e-11	1.37e-09	6.17e-07	2.90e-05	5.65e-04	4.59e-03	2.61e-02	6.49e-02	9.31e-02	1.44e-01	4.52e-01	1.89e-01	2.62e-02
 5.90872e+22	8.59e-33	3.59e-26	7.39e-21	5.21e-18	1.89e-15	2.51e-13	1.86e-11	1.57e-09	7.09e-07	3.31e-05	6.37e-04	5.08e-03	2.83e-02	6.89e-02	9.64e-02	1.46e-01	4.48e-01	1.83e-01	2.48e-02
 5.95942e+22	1.15e-32	4.74e-26	9.62e-21	6.63e-18	2.35e-15	3.03e-13	2.18e-11	1.78e-09	8.10e-07	3.75e-05	7.13e-04	5.58e-03	3.06e-02	7.28e-02	9.96e-02	1.47e-01	4.43e-01	1.77e-01	2.35e-02
 6.01661e+22	1.64e-32	6.66e-26	1.33e-20	8.91e-18	3.05e-15	3.81e-13	2.65e-11	2.10e-09	9.54e-07	4.38e-05	8.18e-04	6.26e-03	3.35e-02	7.78e-02	1.03e-01	1.48e-01	4.37e-01	1.70e-01	2.20e-02
 6.07560e+22	2.27e-32	9.07e-26	1.79e-20	1.16e-17	3.88e-15	4.69e-13	3.15e-11	2.42e-09	1.10e-06	5.03e-05	9.25e-04	6.94e-03	3.65e-02	8.27e-02	1.07e-01	1.50e-01	4.32e-01	1.64e-01	2.07e-02
 6.12703e+22	3.01e-32	1.19e-25	2.30e-20	1.47e-17	4.77e-15	5.62e-13	3.67e-11	2.74e-09	1.26e-06	5.67e-05	1.03e-03	7.59e-03	3.92e-02	8.70e-02	1.10e-01	1.51e-01	4.26e-01	1.58e-01	1.96e-02
 6.18402e+22	4.42e-32	1.71e-25	3.28e-20	2.02e-17	6.32e-15	7.16e-13	4.49e-11	3.23e-09	1.49e-06	6.68e-05	1.19e-03	8.57e-03	4.32e-02	9.32e-02	1.14e-01	1.52e-01	4.19e-01	1.51e-01	1.81e-02
 6.24147e+22	6.02e-32	2.30e-25	4.34e-20	2.60e-17	7.92e-15	8.69e-13	5.28e-11	3.68e-09	1.71e-06	7.60e-05	1.34e-03	9.44e-03	4.67e-02	9.84e-02	1.18e-01	1.52e-01	4.12e-01	1.45e-01	1.70e-02
 6.29952e+22	8.89e-32	3.34e-25	6.18e-20	3.59e-17	1.05e-14	1.11e-12	6.46e-11	4.33e-09	2.02e-06	8.94e-05	1.55e-03	1.06e-02	5.14e-02	1.05e-01	1.22e-01	1.53e-01	4.03e-01	1.38e-01	1.57e-02
 6.35847e+22	1.23e-31	4.55e-25	8.31e-20	4.69e-17	1.33e-14	1.36e-12	7.64e-11	4.95e-09	2.33e-06	1.02e-04	1.74e-03	1.18e-02	5.57e-02	1.11e-01	1.26e-01	1.53e-01	3.95e-01	1.32e-01	1.46e-02
 6.40826e+22	1.65e-31	6.02e-25	1.08e-19	5.96e-17	1.64e-14	1.63e-12	8.86e-11	5.57e-09	2.64e-06	1.15e-04	1.94e-03	1.28e-02	5.97e-02	1.16e-01	1.29e-01	1.53e-01	3.87e-01	1.26e-01	1.37e-02
 6.46265e+22	2.41e-31	8.66e-25	1.53e-19	8.14e-17	2.16e-14	2.05e-12	1.07e-10	6.49e-09	3.11e-06	1.35e-04	2.23e-03	1.44e-02	6.53e-02	1.24e-01	1.32e-01	1.53e-01	3.77e-01	1.19e-01	1.26e-02
 6.51763e+22	3.27e-31	1.16e-24	2.03e-19	1.05e-16	2.69e-14	2.48e-12	1.25e-10	7.32e-09	3.54e-06	1.52e-04	2.48e-03	1.57e-02	7.01e-02	1.30e-01	1.35e-01	1.52e-01	3.69e-01	1.14e-01	1.17e-02
 6.57337e+22	4.92e-31	1.71e-24	2.94e-19	1.46e-16	3.59e-14	3.17e-12	1.52e-10	8.54e-09	4.19e-06	1.79e-04	2.87e-03	1.77e-02	7.69e-02	1.38e-01	1.39e-01	1.51e-01	3.57e-01	1.07e-01	1.06e-02
 6.62909e+22	6.66e-31	2.29e-24	3.88e-19	1.86e-16	4.46e-14	3.80e-12	1.77e-10	9.61e-09	4.75e-06	2.02e-04	3.19e-03	1.93e-02	8.23e-02	1.44e-01	1.42e-01	1.50e-01	3.47e-01	1.01e-01	9.88e-03
 6.67732e+22	9.09e-31	3.08e-24	5.15e-19	2.40e-16	5.56e-14	4.58e-12	2.06e-10	1.08e-08	5.39e-06	2.28e-04	3.55e-03	2.11e-02	8.81e-02	1.51e-01	1.44e-01	1.49e-01	3.38e-01	9.60e-02	9.13e-03
 6.72467e+22	1.23e-30	4.12e-24	6.80e-19	3.08e-16	6.90e-14	5.49e-12	2.38e-10	1.21e-08	6.09e-06	2.57e-04	3.94e-03	2.30e-02	9.40e-02	1.57e-01	1.47e-01	1.48e-01	3.28e-01	9.10e-02	8.45e-03
 6.77840e+22	1.85e-30	6.08e-24	9.87e-19	4.28e-16	9.17e-14	6.97e-12	2.87e-10	1.40e-08	7.16e-06	3.00e-04	4.52e-03	2.57e-02	1.02e-01	1.66e-01	1.50e-01	1.46e-01	3.14e-01	8.44e-02	7.59e-03
 6.83141e+22	2.49e-30	8.07e-24	1.29e-18	5.44e-16	1.13e-13	8.29e-12	3.30e-10	1.55e-08	8.04e-06	3.35e-04	4.99e-03	2.78e-02	1.09e-01	1.72e-01	1.51e-01	1.44e-01	3.04e-01	7.98e-02	7.00e-03
 6.88348e+22	3.70e-30	1.18e-23	1.86e-18	7.49e-16	1.49e-13	1.04e-11	3.96e-10	1.78e-08	9.36e-06	3.88e-04	5.68e-03	3.08e-02	1.18e-01	1.80e-01	1.54e-01	1.41e-01	2.91e-01	7.38e-02	6.27e-03
 6.93628e+22	5.09e-30	1.60e-23	2.48e-18	9.68e-16	1.85e-13	1.25e-11	4.58e-10	1.99e-08	1.06e-05	4.36e-04	6.29e-03	3.34e-02	1.25e-01	1.87e-01	1.55e-01	1.39e-01	2.80e-01	6.91e-02	5.73e-03
 6.99002e+22	7.65e-30	2.36e-23	3.60e-18	1.34e-15	2.46e-13	1.58e-11	5.51e-10	2.28e-08	1.23e-05	5.06e-04	7.16e-03	3.70e-02	1.35e-01	1.95e-01	1.56e-01	1.35e-01	2.65e-01	6.34e-02	5.08e-03
 7.04271e+22	1.03e-29	3.15e-23	4.75e-18	1.71e-15	3.03e-13	1.88e-11	6.31e-10	2.53e-08	1.38e-05	5.63e-04	7.86e-03	3.99e-02	1.42e-01	2.01e-01	1.57e-01	1.32e-01	2.55e-01	5.93e-02	4.64e-03
 7.09404e+22	1.54e-29	4.61e-23	6.82e-18	2.35e-15	3.98e-13	2.36e-11	7.52e-10	2.88e-08	1.59e-05	6.46e-04	8.86e-03	4.38e-02	1.52e-01	2.09e-01	1.58e-01	1.28e-01	2.41e-01	5.42e-02	4.11e-03
 7.14614e+22	2.11e-29	6.24e-23	9.10e-18	3.03e-15	4.94e-13	2.82e-11	8.65e-10	3.20e-08	1.78e-05	7.20e-04	9.73e-03	4.72e-02	1.61e-01	2.15e-01	1.58e-01	1.25e-01	2.30e-01	5.04e-02	3.72e-03
 7.19925e+22	3.19e-29	9.26e-23	1.33e-17	4.21e-15	6.54e-13	3.56e-11	1.04e-09	3.66e-08	2.05e-05	8.27e-04	1.10e-02	5.18e-02	1.71e-01	2.22e-01	1.58e-01	1.21e-01	2.15e-01	4.56e-02	3.25e-03
 7.25304e+22	4.42e-29	1.27e-22	1.79e-17	5.47e-15	8.17e-13	4.28e-11	1.20e-09	4.07e-08	2.30e-05	9.21e-04	1.20e-02	5.56e-02	1.80e-01	2.28e-01	1.57e-01	1.17e-01	2.04e-01	4.21e-02	2.92e-03
 7.30770e+22	6.78e-29	1.90e-22	2.63e-17	7.67e-15	1.09e-12	5.43e-11	1.44e-09	4.66e-08	2.65e-05	1.06e-03	1.35e-02	6.08e-02	1.92e-01	2.34e-01	1.56e-01	1.12e-01	1.90e-01	3.78e-02	2.53e-03
 7.36264e+22	9.41e-29	2.61e-22	3.55e-17	9.95e-15	1.36e-12	6.52e-11	1.66e-09	5.18e-08	2.95e-05	1.17e-03	1.48e-02	6.51e-02	2.01e-01	2.39e-01	1.55e-01	1.08e-01	1.80e-01	3.47e-02	2.25e-03
 7.40982e+22	1.29e-28	3.53e-22	4.74e-17	1.28e-14	1.69e-12	7.79e-11	1.90e-09	5.74e-08	3.27e-05	1.29e-03	1.61e-02	6.93e-02	2.09e-01	2.43e-01	1.53e-01	1.04e-01	1.70e-01	3.18e-02	2.01e-03
 7.46305e+22	1.96e-28	5.25e-22	6.92e-17	1.78e-14	2.24e-12	9.80e-11	2.28e-09	6.55e-08	3.73e-05	1.47e-03	1.79e-02	7.51e-02	2.20e-01	2.48e-01	1.51e-01	9.94e-02	1.57e-01	2.84e-02	1.73e-03
 7.51639e+22	2.67e-28	7.05e-22	9.15e-17	2.27e-14	2.75e-12	1.17e-10	2.61e-09	7.24e-08	4.11e-05	1.61e-03	1.93e-02	7.95e-02	2.29e-01	2.51e-01	1.49e-01	9.57e-02	1.48e-01	2.61e-02	1.55e-03
 7.56989e+22	4.02e-28	1.04e-21	1.33e-16	3.14e-14	3.63e-12	1.46e-10	3.12e-09	8.26e-08	4.66e-05	1.81e-03	2.13e-02	8.56e-02	2.39e-01	2.54e-01	1.46e-01	9.07e-02	1.36e-01	2.32e-02	1.33e-03
 7.62388e+22	5.46e-28	1.40e-21	1.75e-16	3.99e-14	4.47e-12	1.74e-10	3.57e-09	9.15e-08	5.12e-05	1.98e-03	2.29e-02	9.02e-02	2.47e-01	2.57e-01	1.44e-01	8.70e-02	1.28e-01	2.12e-02	1.18e-03
 7.67850e+22	8.16e-28	2.05e-21	2.52e-16	5.48e-14	5.85e-12	2.18e-10	4.26e-09	1.04e-07	5.77e-05	2.21e-03	2.51e-02	9.65e-02	2.57e-01	2.59e-01	1.40e-01	8.22e-02	1.18e-01	1.88e-02	1.01e-03
 7.73464e+22	1.13e-27	2.80e-21	3.38e-16	7.08e-14	7.30e-12	2.62e-10	4.92e-09	1.16e-07	6.36e-05	2.42e-03	2.70e-02	1.02e-01	2.65e-01	2.60e-01	1.37e-01	7.84e-02	1.10e-01	1.70e-02	8.92e-04
 7.79276e+22	1.72e-27	4.16e-21	4.93e-16	9.83e-14	9.67e-12	3.31e-10	5.92e-09	1.34e-07	7.18e-05	2.71e-03	2.96e-02	1.09e-01	2.75e-01	2.61e-01	1.33e-01	7.36e-02	1.00e-01	1.50e-02	7.56e-04
 7.85192e+22	2.37e-27	5.66e-21	6.58e-16	1.27e-13	1.20e-11	3.97e-10	6.85e-09	1.50e-07	7.89e-05	2.95e-03	3.17e-02	1.14e-01	2.83e-01	2.62e-01	1.30e-01	7.00e-02	9.32e-02	1.35e-02	6.63e-04
 7.91246e+22	3.60e-27	8.40e-21	9.56e-16	1.75e-13	1.59e-11	5.02e-10	8.26e-09	1.73e-07	8.89e-05	3.29e-03	3.46e-02	1.21e-01	2.92e-01	2.61e-01	1.25e-01	6.54e-02	8.47e-02	1.18e-02	5.59e-04
 7.97480e+22	5.02e-27	1.15e-20	1.29e-15	2.28e-13	2.00e-11	6.08e-10	9.62e-09	1.94e-07	9.79e-05	3.59e-03	3.71e-02	1.27e-01	2.99e-01	2.61e-01	1.22e-01	6.19e-02	7.83e-02	1.06e-02	4.87e-04
 8.03055e+22	6.94e-27	1.57e-20	1.72e-15	2.93e-13	2.48e-11	7.30e-10	1.11e-08	2.18e-07	1.07e-04	3.89e-03	3.95e-02	1.33e-01	3.05e-01	2.60e-01	1.18e-01	5.86e-02	7.25e-02	9.52e-03	4.25e-04
 8.09407e+22	1.05e-26	2.31e-20	2.48e-15	4.04e-13	3.28e-11	9.23e-10	1.35e-08	2.52e-07	1.21e-04	4.32e-03	4.29e-02	1.40e-01	3.13e-01	2.58e-01	1.13e-01	5.45e-02	6.55e-02	8.29e-03	3.56e-04
 8.15864e+22	1.44e-26	3.13e-20	3.30e-15	5.19e-13	4.07e-11	1.11e-09	1.56e-08	2.83e-07	1.32e-04	4.68e-03	4.56e-02	1.46e-01	3.19e-01	2.56e-01	1.10e-01	5.14e-02	6.05e-02	7.43e-03	3.10e-04
 8.22456e+22	2.17e-26	4.60e-20	4.74e-15	7.13e-13	5.36e-11	1.40e-09	1.89e-08	3.28e-07	1.49e-04	5.17e-03	4.92e-02	1.53e-01	3.25e-01	2.53e-01	1.05e-01	4.77e-02	5.46e-02	6.45e-03	2.59e-04
 8.28860e+22	2.89e-26	6.04e-20	6.11e-15	8.91e-13	6.52e-11	1.66e-09	2.16e-08	3.64e-07	1.61e-04	5.55e-03	5.19e-02	1.59e-01	3.30e-01	2.51e-01	1.01e-01	4.52e-02	5.06e-02	5.83e-03	2.28e-04
 8.35018e+22	4.19e-26	8.57e-20	8.49e-15	1.19e-12	8.38e-11	2.05e-09	2.57e-08	4.17e-07	1.79e-04	6.07e-03	5.55e-02	1.66e-01	3.35e-01	2.47e-01	9.70e-02	4.21e-02	4.59e-02	5.10e-03	1.93e-04
 8.41291e+22	5.56e-26	1.12e-19	1.09e-14	1.48e-12	1.02e-10	2.42e-09	2.95e-08	4.64e-07	1.94e-04	6.51e-03	5.84e-02	1.71e-01	3.39e-01	2.44e-01	9.37e-02	3.98e-02	4.26e-02	4.60e-03	1.69e-04
 8.47711e+22	8.02e-26	1.58e-19	1.50e-14	1.97e-12	1.30e-10	2.99e-09	3.51e-08	5.33e-07	2.16e-04	7.11e-03	6.23e-02	1.78e-01	3.43e-01	2.40e-01	8.93e-02	3.69e-02	3.85e-02	4.02e-03	1.43e-04
 8.54301e+22	1.08e-25	2.09e-19	1.95e-14	2.48e-12	1.59e-10	3.56e-09	4.04e-08	5.96e-07	2.35e-04	7.63e-03	6.56e-02	1.84e-01	3.46e-01	2.37e-01	8.59e-02	3.47e-02	3.55e-02	3.60e-03	1.24e-04
 8.61111e+22	1.57e-25	2.97e-19	2.71e-14	3.31e-12	2.06e-10	4.43e-09	4.84e-08	6.88e-07	2.62e-04	8.33e-03	7.00e-02	1.91e-01	3.50e-01	2.32e-01	8.16e-02	3.21e-02	3.19e-02	3.12e-03	1.04e-04
 8.67799e+22	2.06e-25	3.84e-19	3.45e-14	4.09e-12	2.48e-10	5.20e-09	5.52e-08	7.64e-07	2.84e-04	8.89e-03	7.33e-02	1.96e-01	3.52e-01	2.28e-01	7.85e-02	3.03e-02	2.95e-02	2.81e-03	9.13e-05
 8.74326e+22	2.95e-25	5.37e-19	4.71e-14	5.39e-12	3.15e-10	6.40e-09	6.56e-08	8.76e-07	3.14e-04	9.65e-03	7.77e-02	2.03e-01	3.55e-01	2.23e-01	7.45e-02	2.80e-02	2.66e-02	2.45e-03	7.68e-05
 8.80916e+22	3.83e-25	6.86e-19	5.91e-14	6.59e-12	3.77e-10	7.47e-09	7.46e-08	9.70e-07	3.39e-04	1.03e-02	8.11e-02	2.08e-01	3.56e-01	2.19e-01	7.16e-02	2.64e-02	2.47e-02	2.21e-03	6.76e-05
 8.87589e+22	5.44e-25	9.53e-19	8.01e-14	8.63e-12	4.78e-10	9.17e-09	8.84e-08	1.11e-06	3.76e-04	1.11e-02	8.58e-02	2.15e-01	3.58e-01	2.14e-01	6.78e-02	2.44e-02	2.22e-02	1.92e-03	5.68e-05
 8.94396e+22	7.11e-25	1.22e-18	1.01e-13	1.06e-11	5.74e-10	1.07e-08	1.01e-07	1.24e-06	4.07e-04	1.18e-02	8.96e-02	2.20e-01	3.59e-01	2.09e-01	6.50e-02	2.30e-02	2.05e-02	1.73e-03	4.97e-05
 9.01378e+22	1.01e-24	1.70e-18	1.37e-13	1.39e-11	7.30e-10	1.32e-08	1.20e-07	1.42e-06	4.51e-04	1.28e-02	9.46e-02	2.26e-01	3.60e-01	2.04e-01	6.13e-02	2.11e-02	1.84e-02	1.50e-03	4.16e-05
 9.08489e+22	1.33e-24	2.19e-18	1.73e-13	1.71e-11	8.77e-10	1.55e-08	1.37e-07	1.58e-06	4.89e-04	1.37e-02	9.87e-02	2.31e-01	3.60e-01	1.99e-01	5.86e-02	1.98e-02	1.69e-02	1.34e-03	3.62e-05
 9.15767e+22	1.90e-24	3.06e-18	2.36e-13	2.25e-11	1.12e-09	1.92e-08	1.63e-07	1.82e-06	5.43e-04	1.48e-02	1.04e-01	2.38e-01	3.60e-01	1.93e-01	5.51e-02	1.82e-02	1.51e-02	1.15e-03	3.01e-05
 9.23183e+22	2.49e-24	3.94e-18	2.98e-13	2.78e-11	1.35e-09	2.26e-08	1.87e-07	2.03e-06	5.89e-04	1.58e-02	1.09e-01	2.43e-01	3.59e-01	1.88e-01	5.25e-02	1.70e-02	1.38e-02	1.03e-03	2.61e-05
 9.30780e+22	3.57e-24	5.51e-18	4.06e-13	3.66e-11	1.72e-09	2.79e-08	2.23e-07	2.35e-06	6.56e-04	1.71e-02	1.15e-01	2.50e-01	3.59e-01	1.82e-01	4.92e-02	1.55e-02	1.23e-02	8.82e-04	2.16e-05
 9.38205e+22	4.56e-24	6.92e-18	5.00e-13	4.41e-11	2.03e-09	3.23e-08	2.53e-07	2.59e-06	7.06e-04	1.81e-02	1.19e-01	2.54e-01	3.57e-01	1.77e-01	4.70e-02	1.46e-02	1.14e-02	7.95e-04	1.90e-05
 9.45408e+22	6.40e-24	9.47e-18	6.68e-13	5.71e-11	2.56e-09	3.94e-08	2.99e-07	2.97e-06	7.81e-04	1.95e-02	1.25e-01	2.60e-01	3.56e-01	1.71e-01	4.41e-02	1.34e-02	1.02e-02	6.85e-04	1.58e-05
 9.52728e+22	8.19e-24	1.19e-17	8.24e-13	6.89e-11	3.02e-09	4.57e-08	3.38e-07	3.28e-06	8.42e-04	2.06e-02	1.29e-01	2.64e-01	3.54e-01	1.66e-01	4.20e-02	1.25e-02	9.36e-03	6.16e-04	1.39e-05
 9.60201e+22	1.14e-23	1.62e-17	1.09e-12	8.86e-11	3.79e-09	5.56e-08	3.98e-07	3.75e-06	9.30e-04	2.22e-02	1.35e-01	2.70e-01	3.52e-01	1.60e-01	3.93e-02	1.15e-02	8.36e-03	5.31e-04	1.16e-05
 9.67908e+22	1.49e-23	2.08e-17	1.37e-12	1.09e-10	4.55e-09	6.53e-08	4.56e-07	4.19e-06	1.01e-03	2.35e-02	1.40e-01	2.74e-01	3.49e-01	1.55e-01	3.72e-02	1.07e-02	7.62e-03	4.71e-04	9.97e-06
 9.75922e+22	2.09e-23	2.83e-17	1.82e-12	1.40e-10	5.71e-09	7.96e-08	5.39e-07	4.80e-06	1.12e-03	2.53e-02	1.47e-01	2.80e-01	3.46e-01	1.49e-01	3.47e-02	9.73e-03	6.78e-03	4.05e-04	8.28e-06
 9.84202e+22	2.78e-23	3.68e-17	2.32e-12	1.74e-10	6.93e-09	9.44e-08	6.22e-07	5.39e-06	1.22e-03	2.70e-02	1.53e-01	2.84e-01	3.43e-01	1.44e-01	3.27e-02	8.99e-03	6.14e-03	3.55e-04	7.06e-06
 9.92829e+22	3.94e-23	5.09e-17	3.12e-12	2.28e-10	8.79e-09	1.16e-07	7.41e-07	6.22e-06	1.35e-03	2.91e-02	1.60e-01	2.89e-01	3.39e-01	1.38e-01	3.03e-02	8.14e-03	5.42e-03	3.03e-04	5.79e-06
 1.00170e+23	5.29e-23	6.68e-17	4.00e-12	2.84e-10	1.07e-08	1.38e-07	8.59e-07	7.01e-06	1.48e-03	3.10e-02	1.66e-01	2.93e-01	3.35e-01	1.32e-01	2.84e-02	7.48e-03	4.87e-03	2.64e-04	4.90e-06
 1.01088e+23	7.60e-23	9.33e-17	5.42e-12	3.74e-10	1.37e-08	1.72e-07	1.03e-06	8.13e-06	1.65e-03	3.35e-02	1.74e-01	2.98e-01	3.30e-01	1.26e-01	2.62e-02	6.74e-03	4.27e-03	2.22e-04	3.98e-06
 1.02038e+23	1.03e-22	1.24e-16	7.02e-12	4.73e-10	1.69e-08	2.06e-07	1.20e-06	9.23e-06	1.81e-03	3.58e-02	1.81e-01	3.02e-01	3.25e-01	1.20e-01	2.44e-02	6.15e-03	3.81e-03	1.92e-04	3.32e-06
 1.03028e+23	1.51e-22	1.76e-16	9.66e-12	6.30e-10	2.19e-08	2.58e-07	1.45e-06	1.08e-05	2.04e-03	3.88e-02	1.90e-01	3.06e-01	3.18e-01	1.14e-01	2.23e-02	5.49e-03	3.30e-03	1.60e-04	2.66e-06
 1.04042e+23	2.08e-22	2.36e-16	1.26e-11	8.01e-10	2.71e-08	3.12e-07	1.70e-06	1.23e-05	2.24e-03	4.15e-02	1.97e-01	3.09e-01	3.13e-01	1.08e-01	2.07e-02	4.98e-03	2.93e-03	1.37e-04	2.20e-06
 1.04949e+23	2.81e-22	3.11e-16	1.62e-11	1.00e-09	3.32e-08	3.72e-07	1.98e-06	1.39e-05	2.45e-03	4.42e-02	2.04e-01	3.12e-01	3.07e-01	1.03e-01	1.92e-02	4.54e-03	2.61e-03	1.18e-04	1.84e-06
 1.05988e+23	4.20e-22	4.49e-16	2.26e-11	1.36e-09	4.35e-08	4.72e-07	2.41e-06	1.63e-05	2.77e-03	4.80e-02	2.13e-01	3.16e-01	2.99e-01	9.69e-02	1.74e-02	4.00e-03	2.23e-03	9.69e-05	1.44e-06
 1.07037e+23	5.69e-22	5.93e-16	2.91e-11	1.70e-09	5.33e-08	5.64e-07	2.80e-06	1.85e-05	3.03e-03	5.11e-02	2.21e-01	3.18e-01	2.93e-01	9.21e-02	1.61e-02	3.63e-03	1.98e-03	8.33e-05	1.20e-06
 1.08098e+23	8.47e-22	8.53e-16	4.05e-11	2.30e-09	6.97e-08	7.13e-07	3.42e-06	2.17e-05	3.41e-03	5.53e-02	2.30e-01	3.21e-01	2.85e-01	8.60e-02	1.45e-02	3.19e-03	1.69e-03	6.80e-05	9.41e-07
 1.09179e+23	1.16e-21	1.14e-15	5.28e-11	2.92e-09	8.63e-08	8.60e-07	4.00e-06	2.47e-05	3.75e-03	5.89e-02	2.38e-01	3.22e-01	2.78e-01	8.13e-02	1.34e-02	2.87e-03	1.48e-03	5.77e-05	7.71e-07
 1.10288e+23	1.75e-21	1.66e-15	7.38e-11	3.95e-09	1.13e-07	1.09e-06	4.90e-06	2.91e-05	4.23e-03	6.38e-02	2.48e-01	3.24e-01	2.69e-01	7.54e-02	1.20e-02	2.51e-03	1.26e-03	4.66e-05	5.96e-07
 1.11415e+23	2.43e-21	2.24e-15	9.69e-11	5.05e-09	1.41e-07	1.33e-06	5.76e-06	3.33e-05	4.66e-03	6.81e-02	2.56e-01	3.25e-01	2.61e-01	7.09e-02	1.09e-02	2.24e-03	1.09e-03	3.91e-05	4.82e-07
 1.12568e+23	3.71e-21	3.30e-15	1.37e-10	6.91e-09	1.87e-07	1.70e-06	7.11e-06	3.95e-05	5.28e-03	7.38e-02	2.67e-01	3.26e-01	2.51e-01	6.52e-02	9.67e-03	1.93e-03	9.11e-04	3.11e-05	3.65e-07
 1.13658e+23	4.92e-21	4.26e-15	1.73e-10	8.52e-09	2.26e-07	2.01e-06	8.17e-06	4.43e-05	5.73e-03	7.79e-02	2.74e-01	3.26e-01	2.44e-01	6.16e-02	8.91e-03	1.75e-03	8.07e-04	2.67e-05	3.03e-07
 1.14666e+23	7.10e-21	5.96e-15	2.34e-10	1.12e-08	2.90e-07	2.49e-06	9.82e-06	5.16e-05	6.39e-03	8.35e-02	2.83e-01	3.25e-01	2.35e-01	5.71e-02	7.97e-03	1.53e-03	6.84e-04	2.17e-05	2.36e-07
 1.15682e+23	9.41e-21	7.70e-15	2.95e-10	1.38e-08	3.49e-07	2.94e-06	1.13e-05	5.78e-05	6.93e-03	8.80e-02	2.89e-01	3.24e-01	2.28e-01	5.38e-02	7.33e-03	1.38e-03	6.04e-04	1.85e-05	1.95e-07
 1.16709e+23	1.36e-20	1.08e-14	3.99e-10	1.81e-08	4.48e-07	3.67e-06	1.36e-05	6.74e-05	7.73e-03	9.42e-02	2.98e-01	3.23e-01	2.19e-01	4.95e-02	6.51e-03	1.20e-03	5.08e-04	1.49e-05	1.50e-07
 1.17746e+23	1.82e-20	1.40e-14	5.04e-10	2.24e-08	5.43e-07	4.35e-06	1.57e-05	7.59e-05	8.41e-03	9.93e-02	3.05e-01	3.22e-01	2.11e-01	4.64e-02	5.94e-03	1.08e-03	4.44e-04	1.26e-05	0.00e+00
 1.18797e+23	2.64e-20	1.97e-14	6.83e-10	2.95e-08	6.98e-07	5.44e-06	1.90e-05	8.88e-05	9.40e-03	1.06e-01	3.14e-01	3.19e-01	2.02e-01	4.24e-02	5.24e-03	9.27e-04	3.70e-04	9.99e-06	0.00e+00
 1.19863e+23	3.54e-20	2.57e-14	8.65e-10	3.65e-08	8.50e-07	6.47e-06	2.20e-05	1.00e-04	1.02e-02	1.12e-01	3.21e-01	3.17e-01	1.94e-01	3.95e-02	4.75e-03	8.25e-04	3.21e-04	8.36e-06	0.00e+00
 1.20947e+23	5.18e-20	3.62e-14	1.18e-09	4.83e-08	1.10e-06	8.16e-06	2.68e-05	1.18e-04	1.15e-02	1.20e-01	3.29e-01	3.14e-01	1.84e-01	3.58e-02	4.15e-03	7.03e-04	2.64e-04	6.54e-06	0.00e+00
 1.22046e+23	6.96e-20	4.73e-14	1.49e-09	6.00e-08	1.34e-06	9.74e-06	3.11e-05	1.34e-04	1.25e-02	1.27e-01	3.36e-01	3.11e-01	1.76e-01	3.32e-02	3.73e-03	6.21e-04	2.27e-04	5.42e-06	0.00e+00
 1.23165e+23	1.02e-19	6.68e-14	2.02e-09	7.93e-08	1.74e-06	1.23e-05	3.80e-05	1.58e-04	1.41e-02	1.36e-01	3.44e-01	3.06e-01	1.66e-01	2.98e-02	3.23e-03	5.25e-04	1.85e-04	4.19e-06	0.00e+00
 1.24309e+23	1.39e-19	8.80e-14	2.58e-09	9.93e-08	2.14e-06	1.49e-05	4.46e-05	1.81e-04	1.55e-02	1.43e-01	3.50e-01	3.02e-01	1.58e-01	2.73e-02	2.87e-03	4.57e-04	1.56e-04	3.39e-06	0.00e+00
 1.25487e+23	2.05e-19	1.25e-13	3.51e-09	1.32e-07	2.80e-06	1.90e-05	5.49e-05	2.16e-04	1.75e-02	1.54e-01	3.58e-01	2.96e-01	1.48e-01	2.43e-02	2.45e-03	3.80e-04	1.25e-04	2.57e-06	0.00e+00
 1.26681e+23	2.78e-19	1.64e-13	4.46e-09	1.65e-07	3.46e-06	2.30e-05	6.48e-05	2.49e-04	1.92e-02	1.62e-01	3.64e-01	2.90e-01	1.40e-01	2.21e-02	2.15e-03	3.28e-04	1.04e-04	2.05e-06	0.00e+00
 1.27860e+23	4.01e-19	2.28e-13	5.94e-09	2.16e-07	4.47e-06	2.91e-05	7.93e-05	2.96e-04	2.16e-02	1.73e-01	3.70e-01	2.83e-01	1.30e-01	1.95e-02	1.82e-03	2.72e-04	8.27e-05	1.54e-06	0.00e+00
 1.28985e+23	5.23e-19	2.89e-13	7.29e-09	2.62e-07	5.38e-06	3.45e-05	9.18e-05	3.36e-04	2.36e-02	1.82e-01	3.74e-01	2.78e-01	1.23e-01	1.78e-02	1.62e-03	2.37e-04	6.99e-05	1.25e-06	0.00e+00
 1.30079e+23	7.31e-19	3.88e-13	9.42e-09	3.35e-07	6.83e-06	4.30e-05	1.11e-04	3.96e-04	2.64e-02	1.93e-01	3.79e-01	2.70e-01	1.14e-01	1.57e-02	1.37e-03	1.97e-04	5.58e-05	9.48e-07	0.00e+00
 1.31194e+23	9.52e-19	4.90e-13	1.15e-08	4.07e-07	8.24e-06	5.13e-05	1.29e-04	4.53e-04	2.88e-02	2.03e-01	3.82e-01	2.63e-01	1.07e-01	1.42e-02	1.20e-03	1.69e-04	4.64e-05	7.56e-07	0.00e+00
 1.32281e+23	1.29e-18	6.40e-13	1.45e-08	5.09e-07	1.03e-05	6.31e-05	1.55e-04	5.30e-04	3.21e-02	2.14e-01	3.85e-01	2.55e-01	9.88e-02	1.26e-02	1.02e-03	1.41e-04	3.72e-05	5.75e-07	0.00e+00
 1.33391e+23	1.68e-18	8.05e-13	1.76e-08	6.17e-07	1.24e-05	7.55e-05	1.81e-04	6.09e-04	3.52e-02	2.25e-01	3.88e-01	2.48e-01	9.19e-02	1.12e-02	8.83e-04	1.20e-04	3.05e-05	4.51e-07	0.00e+00
 1.34474e+23	2.20e-18	1.02e-12	2.15e-08	7.56e-07	1.53e-05	9.16e-05	2.14e-04	7.08e-04	3.89e-02	2.36e-01	3.89e-01	2.39e-01	8.48e-02	9.90e-03	7.52e-04	9.97e-05	2.45e-05	3.45e-07	0.00e+00
 1.35578e+23	2.85e-18	1.28e-12	2.59e-08	9.14e-07	1.85e-05	1.10e-04	2.51e-04	8.17e-04	4.27e-02	2.48e-01	3.90e-01	2.31e-01	7.83e-02	8.76e-03	6.43e-04	8.37e-05	1.98e-05	2.66e-07	0.00e+00
 1.36673e+23	3.67e-18	1.59e-12	3.11e-08	1.10e-06	2.24e-05	1.32e-04	2.95e-04	9.46e-04	4.70e-02	2.60e-01	3.90e-01	2.22e-01	7.19e-02	7.71e-03	5.46e-04	6.97e-05	1.59e-05	2.03e-07	0.00e+00
 1.37774e+23	4.68e-18	1.95e-12	3.69e-08	1.32e-06	2.70e-05	1.58e-04	3.45e-04	1.09e-03	5.16e-02	2.72e-01	3.89e-01	2.13e-01	6.60e-02	6.78e-03	4.64e-04	5.81e-05	1.28e-05	1.56e-07	0.00e+00
 1.38863e+23	5.92e-18	2.39e-12	4.35e-08	1.58e-06	3.23e-05	1.88e-04	4.01e-04	1.26e-03	5.66e-02	2.83e-01	3.88e-01	2.04e-01	6.04e-02	5.95e-03	3.93e-04	4.83e-05	1.03e-05	1.19e-07	0.00e+00
 1.39950e+23	7.44e-18	2.90e-12	5.09e-08	1.87e-06	3.86e-05	2.23e-04	4.66e-04	1.45e-03	6.19e-02	2.95e-01	3.85e-01	1.95e-01	5.51e-02	5.21e-03	3.33e-04	4.02e-05	8.23e-06	0.00e+00	0.00e+00
 1.41040e+23	9.29e-18	3.49e-12	5.93e-08	2.21e-06	4.60e-05	2.64e-04	5.40e-04	1.66e-03	6.76e-02	3.07e-01	3.82e-01	1.85e-01	5.02e-02	4.56e-03	2.81e-04	3.33e-05	6.58e-06	0.00e+00	0.00e+00
 1.42136e+23	1.15e-17	4.19e-12	6.87e-08	2.60e-06	5.46e-05	3.12e-04	6.24e-04	1.91e-03	7.38e-02	3.19e-01	3.78e-01	1.76e-01	4.56e-02	3.97e-03	2.37e-04	2.75e-05	5.25e-06	0.00e+00	0.00e+00
 1.43238e+23	1.43e-17	5.02e-12	7.93e-08	3.06e-06	6.46e-05	3.68e-04	7.20e-04	2.18e-03	8.04e-02	3.30e-01	3.74e-01	1.67e-01	4.13e-02	3.45e-03	1.99e-04	2.27e-05	4.18e-06	0.00e+00	0.00e+00
 1.44352e+23	1.77e-17	5.99e-12	9.13e-08	3.59e-06	7.64e-05	4.32e-04	8.29e-04	2.50e-03	8.75e-02	3.42e-01	3.68e-01	1.58e-01	3.73e-02	3.00e-03	1.67e-04	1.87e-05	3.32e-06	0.00e+00	0.00e+00
 1.45480e+23	2.19e-17	7.14e-12	1.05e-07	4.20e-06	9.02e-05	5.08e-04	9.52e-04	2.86e-03	9.50e-02	3.53e-01	3.62e-01	1.49e-01	3.36e-02	2.59e-03	1.40e-04	1.53e-05	2.62e-06	0.00e+00	0.00e+00
 1.46613e+23	2.69e-17	8.48e-12	1.20e-07	4.91e-06	1.06e-04	5.94e-04	1.09e-03	3.26e-03	1.03e-01	3.64e-01	3.55e-01	1.40e-01	3.02e-02	2.24e-03	1.17e-04	1.25e-05	2.08e-06	0.00e+00	0.00e+00
 1.47766e+23	3.33e-17	1.01e-11	1.38e-07	5.75e-06	1.25e-04	6.96e-04	1.25e-03	3.72e-03	1.12e-01	3.74e-01	3.47e-01	1.32e-01	2.70e-02	1.92e-03	9.72e-05	1.02e-05	1.63e-06	0.00e+00	0.00e+00
 1.48933e+23	4.11e-17	1.20e-11	1.58e-07	6.71e-06	1.47e-04	8.11e-04	1.42e-03	4.23e-03	1.21e-01	3.84e-01	3.39e-01	1.23e-01	2.42e-02	1.66e-03	8.09e-05	8.32e-06	1.28e-06	0.00e+00	0.00e+00
 1.50123e+23	5.10e-17	1.44e-11	1.82e-07	7.88e-06	1.73e-04	9.50e-04	1.62e-03	4.84e-03	1.30e-01	3.94e-01	3.30e-01	1.15e-01	2.15e-02	1.41e-03	6.66e-05	6.70e-06	9.97e-07	0.00e+00	0.00e+00
 1.51229e+23	6.11e-17	1.67e-11	2.05e-07	8.99e-06	1.97e-04	1.08e-03	1.80e-03	5.36e-03	1.39e-01	4.01e-01	3.23e-01	1.08e-01	1.95e-02	1.24e-03	5.71e-05	5.64e-06	8.15e-07	0.00e+00	0.00e+00
 1.52369e+23	7.68e-17	2.01e-11	2.38e-07	1.06e-05	2.33e-04	1.26e-03	2.06e-03	6.12e-03	1.50e-01	4.10e-01	3.12e-01	1.00e-01	1.72e-02	1.05e-03	4.65e-05	4.49e-06	6.26e-07	0.00e+00	0.00e+00
 1.53531e+23	9.28e-17	2.36e-11	2.69e-07	1.22e-05	2.67e-04	1.43e-03	2.28e-03	6.79e-03	1.59e-01	4.16e-01	3.04e-01	9.41e-02	1.55e-02	9.17e-04	3.96e-05	3.75e-06	5.08e-07	0.00e+00	0.00e+00
 1.54723e+23	1.18e-16	2.88e-11	3.15e-07	1.45e-05	3.16e-04	1.68e-03	2.60e-03	7.76e-03	1.71e-01	4.23e-01	2.93e-01	8.65e-02	1.35e-02	7.68e-04	3.20e-05	2.96e-06	3.85e-07	0.00e+00	0.00e+00
 1.55919e+23	1.44e-16	3.39e-11	3.60e-07	1.66e-05	3.61e-04	1.90e-03	2.87e-03	8.55e-03	1.81e-01	4.28e-01	2.84e-01	8.10e-02	1.22e-02	6.72e-04	2.72e-05	2.47e-06	3.13e-07	0.00e+00	0.00e+00
 1.57120e+23	1.84e-16	4.17e-11	4.25e-07	1.98e-05	4.27e-04	2.21e-03	3.25e-03	9.70e-03	1.93e-01	4.33e-01	2.72e-01	7.42e-02	1.07e-02	5.63e-04	2.20e-05	1.95e-06	2.38e-07	0.00e+00	0.00e+00
 1.58329e+23	2.26e-16	4.94e-11	4.87e-07	2.28e-05	4.87e-04	2.49e-03	3.57e-03	1.07e-02	2.03e-01	4.37e-01	2.63e-01	6.93e-02	9.58e-03	4.91e-04	1.87e-05	1.63e-06	1.93e-07	0.00e+00	0.00e+00
 1.59549e+23	2.93e-16	6.14e-11	5.80e-07	2.73e-05	5.76e-04	2.90e-03	4.02e-03	1.20e-02	2.17e-01	4.40e-01	2.51e-01	6.33e-02	8.33e-03	4.10e-04	1.51e-05	1.28e-06	1.47e-07	0.00e+00	0.00e+00
 1.60780e+23	3.61e-16	7.34e-11	6.71e-07	3.15e-05	6.57e-04	3.26e-03	4.40e-03	1.32e-02	2.27e-01	4.42e-01	2.42e-01	5.89e-02	7.47e-03	3.57e-04	1.28e-05	1.07e-06	0.00e+00	0.00e+00	0.00e+00
 1.62025e+23	4.74e-16	9.24e-11	8.10e-07	3.79e-05	7.77e-04	3.79e-03	4.94e-03	1.48e-02	2.41e-01	4.44e-01	2.30e-01	5.35e-02	6.47e-03	2.98e-04	1.03e-05	8.39e-07	0.00e+00	0.00e+00	0.00e+00
 1.63286e+23	5.93e-16	1.12e-10	9.46e-07	4.40e-05	8.88e-04	4.25e-03	5.40e-03	1.62e-02	2.52e-01	4.44e-01	2.21e-01	4.96e-02	5.77e-03	2.58e-04	8.70e-06	6.95e-07	0.00e+00	0.00e+00	0.00e+00
 1.64568e+23	7.91e-16	1.43e-10	1.16e-06	5.34e-05	1.05e-03	4.93e-03	6.04e-03	1.81e-02	2.67e-01	4.44e-01	2.09e-01	4.49e-02	4.97e-03	2.14e-04	6.97e-06	5.44e-07	0.00e+00	0.00e+00	0.00e+00
 1.65872e+23	1.00e-15	1.75e-10	1.37e-06	6.25e-05	1.21e-03	5.55e-03	6.60e-03	1.98e-02	2.78e-01	4.42e-01	2.00e-01	4.14e-02	4.42e-03	1.85e-04	5.85e-06	4.48e-07	0.00e+00	0.00e+00	0.00e+00
 1.67206e+23	1.37e-15	2.27e-10	1.70e-06	7.66e-05	1.44e-03	6.45e-03	7.37e-03	2.21e-02	2.93e-01	4.40e-01	1.88e-01	3.72e-02	3.78e-03	1.52e-04	4.65e-06	3.47e-07	0.00e+00	0.00e+00	0.00e+00
 1.68569e+23	1.76e-15	2.83e-10	2.04e-06	9.05e-05	1.66e-03	7.26e-03	8.05e-03	2.41e-02	3.05e-01	4.37e-01	1.79e-01	3.41e-02	3.33e-03	1.30e-04	3.88e-06	2.84e-07	0.00e+00	0.00e+00	0.00e+00
 1.69970e+23	2.45e-15	3.76e-10	2.59e-06	1.12e-04	1.99e-03	8.46e-03	8.99e-03	2.69e-02	3.20e-01	4.32e-01	1.68e-01	3.04e-02	2.83e-03	1.06e-04	3.05e-06	2.18e-07	0.00e+00	0.00e+00	0.00e+00
 1.71404e+23	3.23e-15	4.76e-10	3.15e-06	1.34e-04	2.30e-03	9.56e-03	9.81e-03	2.93e-02	3.32e-01	4.28e-01	1.59e-01	2.77e-02	2.48e-03	9.05e-05	2.52e-06	1.76e-07	0.00e+00	0.00e+00	0.00e+00
 1.72609e+23	4.11e-15	5.86e-10	3.76e-06	1.57e-04	2.62e-03	1.06e-02	1.06e-02	3.15e-02	3.42e-01	4.23e-01	1.51e-01	2.55e-02	2.20e-03	7.85e-05	2.13e-06	1.46e-07	0.00e+00	0.00e+00	0.00e+00
 1.73906e+23	5.62e-15	7.68e-10	4.71e-06	1.91e-04	3.09e-03	1.22e-02	1.16e-02	3.45e-02	3.55e-01	4.17e-01	1.41e-01	2.29e-02	1.89e-03	6.51e-05	1.71e-06	1.15e-07	0.00e+00	0.00e+00	0.00e+00
 1.75174e+23	7.10e-15	9.39e-10	5.59e-06	2.22e-04	3.48e-03	1.34e-02	1.25e-02	3.68e-02	3.65e-01	4.11e-01	1.35e-01	2.12e-02	1.69e-03	5.69e-05	1.46e-06	0.00e+00	0.00e+00	0.00e+00	0.00e+00
 1.76404e+23	9.60e-15	1.22e-09	6.96e-06	2.68e-04	4.06e-03	1.52e-02	1.36e-02	4.01e-02	3.77e-01	4.04e-01	1.26e-01	1.90e-02	1.46e-03	4.76e-05	1.18e-06	0.00e+00	0.00e+00	0.00e+00	0.00e+00
 1.77646e+23	1.22e-14	1.50e-09	8.29e-06	3.12e-04	4.59e-03	1.67e-02	1.45e-02	4.26e-02	3.85e-01	3.98e-01	1.20e-01	1.75e-02	1.30e-03	4.15e-05	1.01e-06	0.00e+00	0.00e+00	0.00e+00	0.00e+00
 1.78903e+23	1.66e-14	1.96e-09	1.04e-05	3.79e-04	5.36e-03	1.89e-02	1.58e-02	4.62e-02	3.96e-01	3.89e-01	1.12e-01	1.57e-02	1.12e-03	3.46e-05	8.12e-07	0.00e+00	0.00e+00	0.00e+00	0.00e+00
 1.80178e+23	2.13e-14	2.43e-09	1.25e-05	4.43e-04	6.07e-03	2.09e-02	1.69e-02	4.90e-02	4.04e-01	3.81e-01	1.06e-01	1.44e-02	9.92e-04	3.01e-05	6.88e-07	0.00e+00	0.00e+00	0.00e+00	0.00e+00
 1.81475e+23	2.94e-14	3.21e-09	1.58e-05	5.41e-04	7.12e-03	2.36e-02	1.84e-02	5.29e-02	4.14e-01	3.71e-01	9.79e-02	1.28e-02	8.47e-04	2.49e-05	5.52e-07	0.00e+00	0.00e+00	0.00e+00	0.00e+00
 1.82791e+23	3.79e-14	4.01e-09	1.91e-05	6.34e-04	8.07e-03	2.61e-02	1.97e-02	5.60e-02	4.21e-01	3.63e-01	9.23e-02	1.17e-02	7.49e-04	2.16e-05	4.66e-07	0.00e+00	0.00e+00	0.00e+00	0.00e+00
 1.84132e+23	5.29e-14	5.36e-09	2.44e-05	7.78e-04	9.48e-03	2.95e-02	2.14e-02	6.04e-02	4.31e-01	3.52e-01	8.51e-02	1.04e-02	6.35e-04	1.77e-05	3.70e-07	0.00e+00	0.00e+00	0.00e+00	0.00e+00
 1.85492e+23	6.89e-14	6.74e-09	2.96e-05	9.15e-04	1.08e-02	3.25e-02	2.28e-02	6.38e-02	4.37e-01	3.43e-01	7.98e-02	9.43e-03	5.58e-04	1.53e-05	3.10e-07	0.00e+00	0.00e+00	0.00e+00	0.00e+00
 1.86877e+23	9.70e-14	9.07e-09	3.81e-05	1.13e-03	1.27e-02	3.68e-02	2.47e-02	6.85e-02	4.44e-01	3.30e-01	7.32e-02	8.29e-03	4.70e-04	1.25e-05	2.45e-07	0.00e+00	0.00e+00	0.00e+00	0.00e+00
 1.88296e+23	1.28e-13	1.15e-08	4.66e-05	1.33e-03	1.44e-02	4.06e-02	2.63e-02	7.23e-02	4.49e-01	3.20e-01	6.82e-02	7.48e-03	4.10e-04	1.06e-05	2.03e-07	0.00e+00	0.00e+00	0.00e+00	0.00e+00
 1.89760e+23	1.84e-13	1.58e-08	6.08e-05	1.66e-03	1.71e-02	4.61e-02	2.85e-02	7.74e-02	4.54e-01	3.06e-01	6.20e-02	6.50e-03	3.40e-04	8.57e-06	1.58e-07	0.00e+00	0.00e+00	0.00e+00	0.00e+00
 1.91258e+23	2.45e-13	2.03e-08	7.52e-05	1.98e-03	1.95e-02	5.09e-02	3.04e-02	8.15e-02	4.57e-01	2.95e-01	5.73e-02	5.81e-03	2.94e-04	7.22e-06	1.29e-07	0.00e+00	0.00e+00	0.00e+00	0.00e+00
 1.92801e+23	3.56e-13	2.81e-08	9.89e-05	2.47e-03	2.32e-02	5.77e-02	3.29e-02	8.69e-02	4.60e-01	2.80e-01	5.16e-02	5.00e-03	2.41e-04	5.76e-06	0.00e+00	0.00e+00	0.00e+00	0.00e+00	0.00e+00
 1.94368e+23	4.79e-13	3.63e-08	1.23e-04	2.95e-03	2.65e-02	6.36e-02	3.49e-02	9.11e-02	4.61e-01	2.68e-01	4.73e-02	4.43e-03	2.06e-04	4.81e-06	0.00e+00	0.00e+00	0.00e+00	0.00e+00	0.00e+00
 1.95967e+23	7.02e-13	5.05e-08	1.62e-04	3.70e-03	3.14e-02	7.20e-02	3.76e-02	9.66e-02	4.60e-01	2.52e-01	4.22e-02	3.77e-03	1.68e-04	3.79e-06	0.00e+00	0.00e+00	0.00e+00	0.00e+00	0.00e+00
 1.97585e+23	9.46e-13	6.53e-08	2.02e-04	4.40e-03	3.59e-02	7.90e-02	3.98e-02	1.01e-01	4.58e-01	2.40e-01	3.85e-02	3.32e-03	1.42e-04	3.15e-06	0.00e+00	0.00e+00	0.00e+00	0.00e+00	0.00e+00
 1.99228e+23	1.39e-12	9.12e-08	2.67e-04	5.51e-03	4.24e-02	8.89e-02	4.27e-02	1.06e-01	4.54e-01	2.24e-01	3.39e-02	2.79e-03	1.14e-04	2.45e-06	0.00e+00	0.00e+00	0.00e+00	0.00e+00	0.00e+00
 2.00894e+23	1.88e-12	1.18e-07	3.32e-04	6.55e-03	4.82e-02	9.72e-02	4.49e-02	1.10e-01	4.49e-01	2.11e-01	3.07e-02	2.44e-03	9.63e-05	2.02e-06	0.00e+00	0.00e+00	0.00e+00	0.00e+00	0.00e+00
 2.02352e+23	2.52e-12	1.52e-07	4.09e-04	7.74e-03	5.45e-02	1.06e-01	4.71e-02	1.13e-01	4.42e-01	1.99e-01	2.77e-02	2.13e-03	8.10e-05	1.66e-06	0.00e+00	0.00e+00	0.00e+00	0.00e+00	0.00e+00
 2.04012e+23	3.67e-12	2.10e-07	5.36e-04	9.58e-03	6.37e-02	1.17e-01	4.98e-02	1.18e-01	4.32e-01	1.83e-01	2.41e-02	1.77e-03	6.43e-05	1.28e-06	0.00e+00	0.00e+00	0.00e+00	0.00e+00	0.00e+00
 2.05689e+23	4.89e-12	2.69e-07	6.58e-04	1.12e-02	7.16e-02	1.27e-01	5.19e-02	1.21e-01	4.23e-01	1.71e-01	2.16e-02	1.53e-03	5.38e-05	1.05e-06	0.00e+00	0.00e+00	0.00e+00	0.00e+00	0.00e+00
 2.07077e+23	6.32e-12	3.35e-07	7.90e-04	1.30e-02	7.92e-02	1.35e-01	5.36e-02	1.23e-01	4.14e-01	1.60e-01	1.95e-02	1.34e-03	4.56e-05	8.71e-07	0.00e+00	0.00e+00	0.00e+00	0.00e+00	0.00e+00
 2.08571e+23	8.68e-12	4.38e-07	9.87e-04	1.54e-02	8.96e-02	1.47e-01	5.57e-02	1.25e-01	4.01e-01	1.48e-01	1.72e-02	1.13e-03	3.70e-05	6.90e-07	0.00e+00	0.00e+00	0.00e+00	0.00e+00	0.00e+00
 2.10089e+23	1.13e-11	5.48e-07	1.19e-03	1.78e-02	9.90e-02	1.56e-01	5.73e-02	1.27e-01	3.89e-01	1.37e-01	1.53e-02	9.77e-04	3.10e-05	5.65e-07	0.00e+00	0.00e+00	0.00e+00	0.00e+00	0.00e+00
 2.11430e+23	1.45e-11	6.77e-07	1.41e-03	2.03e-02	1.09e-01	1.65e-01	5.87e-02	1.28e-01	3.76e-01	1.27e-01	1.37e-02	8.47e-04	2.61e-05	4.66e-07	0.00e+00	0.00e+00	0.00e+00	0.00e+00	0.00e+00
 2.12963e+23	1.97e-11	8.79e-07	1.75e-03	2.39e-02	1.21e-01	1.76e-01	6.02e-02	1.29e-01	3.60e-01	1.15e-01	1.19e-02	7.05e-04	2.09e-05	3.65e-07	0.00e+00	0.00e+00	0.00e+00	0.00e+00	0.00e+00
 2.14559e+23	2.59e-11	1.11e-06	2.11e-03	2.75e-02	1.34e-01	1.86e-01	6.13e-02	1.29e-01	3.44e-01	1.05e-01	1.04e-02	5.95e-04	1.70e-05	2.91e-07	0.00e+00	0.00e+00	0.00e+00	0.00e+00	0.00e+00
 2.15987e+23	3.31e-11	1.37e-06	2.50e-03	3.12e-02	1.46e-01	1.95e-01	6.22e-02	1.29e-01	3.28e-01	9.63e-02	9.13e-03	5.08e-04	1.41e-05	2.36e-07	0.00e+00	0.00e+00	0.00e+00	0.00e+00	0.00e+00
 2.17594e+23	4.50e-11	1.76e-06	3.08e-03	3.64e-02	1.61e-01	2.06e-01	6.30e-02	1.28e-01	3.09e-01	8.58e-02	7.75e-03	4.14e-04	1.10e-05	1.81e-07	0.00e+00	0.00e+00	0.00e+00	0.00e+00	0.00e+00
 2.19275e+23	5.92e-11	2.22e-06	3.71e-03	4.17e-02	1.76e-01	2.15e-01	6.34e-02	1.26e-01	2.90e-01	7.68e-02	6.63e-03	3.42e-04	8.79e-06	1.41e-07	0.00e+00	0.00e+00	0.00e+00	0.00e+00	0.00e+00
 2.20790e+23	7.59e-11	2.73e-06	4.37e-03	4.70e-02	1.89e-01	2.23e-01	6.35e-02	1.24e-01	2.73e-01	6.91e-02	5.73e-03	2.86e-04	7.12e-06	0.00e+00	0.00e+00	0.00e+00	0.00e+00	0.00e+00	0.00e+00
 2.22499e+23	1.03e-10	3.52e-06	5.35e-03	5.43e-02	2.07e-01	2.32e-01	6.33e-02	1.21e-01	2.52e-01	6.01e-02	4.75e-03	2.27e-04	5.43e-06	0.00e+00	0.00e+00	0.00e+00	0.00e+00	0.00e+00	0.00e+00
 2.24267e+23	1.35e-10	4.40e-06	6.37e-03	6.15e-02	2.23e-01	2.39e-01	6.28e-02	1.18e-01	2.33e-01	5.29e-02	3.99e-03	1.84e-04	4.24e-06	0.00e+00	0.00e+00	0.00e+00	0.00e+00	0.00e+00	0.00e+00
 2.25844e+23	1.72e-10	5.38e-06	7.46e-03	6.87e-02	2.37e-01	2.44e-01	6.21e-02	1.14e-01	2.16e-01	4.67e-02	3.38e-03	1.51e-04	3.36e-06	0.00e+00	0.00e+00	0.00e+00	0.00e+00	0.00e+00	0.00e+00
 2.27628e+23	2.32e-10	6.88e-06	9.04e-03	7.84e-02	2.55e-01	2.50e-01	6.09e-02	1.09e-01	1.95e-01	3.97e-02	2.73e-03	1.17e-04	2.50e-06	0.00e+00	0.00e+00	0.00e+00	0.00e+00	0.00e+00	0.00e+00
 2.29481e+23	3.02e-10	8.54e-06	1.07e-02	8.77e-02	2.71e-01	2.53e-01	5.95e-02	1.04e-01	1.77e-01	3.42e-02	2.24e-03	9.23e-05	1.90e-06	0.00e+00	0.00e+00	0.00e+00	0.00e+00	0.00e+00	0.00e+00
 2.31147e+23	3.85e-10	1.04e-05	1.24e-02	9.70e-02	2.86e-01	2.55e-01	5.79e-02	9.97e-02	1.61e-01	2.95e-02	1.86e-03	7.39e-05	1.47e-06	0.00e+00	0.00e+00	0.00e+00	0.00e+00	0.00e+00	0.00e+00
 2.33035e+23	5.21e-10	1.33e-05	1.50e-02	1.09e-01	3.03e-01	2.56e-01	5.57e-02	9.34e-02	1.42e-01	2.44e-02	1.45e-03	5.53e-05	1.05e-06	0.00e+00	0.00e+00	0.00e+00	0.00e+00	0.00e+00	0.00e+00
 2.34985e+23	6.71e-10	1.63e-05	1.74e-02	1.21e-01	3.17e-01	2.56e-01	5.36e-02	8.78e-02	1.26e-01	2.06e-02	1.17e-03	4.29e-05	7.87e-07	0.00e+00	0.00e+00	0.00e+00	0.00e+00	0.00e+00	0.00e+00
 2.36743e+23	8.54e-10	1.97e-05	2.01e-02	1.32e-01	3.29e-01	2.54e-01	5.14e-02	8.24e-02	1.13e-01	1.74e-02	9.46e-04	3.35e-05	5.92e-07	0.00e+00	0.00e+00	0.00e+00	0.00e+00	0.00e+00	0.00e+00
 2.38757e+23	1.16e-09	2.51e-05	2.41e-02	1.47e-01	3.43e-01	2.50e-01	4.84e-02	7.55e-02	9.66e-02	1.40e-02	7.16e-04	2.42e-05	4.09e-07	0.00e+00	0.00e+00	0.00e+00	0.00e+00	0.00e+00	0.00e+00
 2.40799e+23	1.48e-09	3.05e-05	2.78e-02	1.61e-01	3.54e-01	2.45e-01	4.59e-02	6.99e-02	8.46e-02	1.16e-02	5.65e-04	1.84e-05	2.99e-07	0.00e+00	0.00e+00	0.00e+00	0.00e+00	0.00e+00	0.00e+00
 2.42603e+23	1.86e-09	3.65e-05	3.17e-02	1.73e-01	3.62e-01	2.40e-01	4.34e-02	6.46e-02	7.43e-02	9.62e-03	4.49e-04	1.41e-05	2.21e-07	0.00e+00	0.00e+00	0.00e+00	0.00e+00	0.00e+00	0.00e+00
 2.44676e+23	2.50e-09	4.60e-05	3.73e-02	1.90e-01	3.71e-01	2.32e-01	4.02e-02	5.80e-02	6.24e-02	7.53e-03	3.32e-04	9.95e-06	1.49e-07	0.00e+00	0.00e+00	0.00e+00	0.00e+00	0.00e+00	0.00e+00
 2.46778e+23	3.16e-09	5.53e-05	4.26e-02	2.05e-01	3.77e-01	2.25e-01	3.76e-02	5.29e-02	5.39e-02	6.14e-03	2.58e-04	7.44e-06	0.00e+00	0.00e+00	0.00e+00	0.00e+00	0.00e+00	0.00e+00	0.00e+00
 2.48921e+23	4.20e-09	6.89e-05	4.97e-02	2.22e-01	3.82e-01	2.15e-01	3.44e-02	4.70e-02	4.47e-02	4.75e-03	1.88e-04	5.19e-06	0.00e+00	0.00e+00	0.00e+00	0.00e+00	0.00e+00	0.00e+00	0.00e+00
 2.51103e+23	5.32e-09	8.26e-05	5.63e-02	2.37e-01	3.84e-01	2.06e-01	3.19e-02	4.23e-02	3.81e-02	3.80e-03	1.44e-04	3.81e-06	0.00e+00	0.00e+00	0.00e+00	0.00e+00	0.00e+00	0.00e+00	0.00e+00
 2.53042e+23	6.67e-09	9.82e-05	6.35e-02	2.51e-01	3.85e-01	1.97e-01	2.94e-02	3.81e-02	3.24e-02	3.05e-03	1.10e-04	2.81e-06	0.00e+00	0.00e+00	0.00e+00	0.00e+00	0.00e+00	0.00e+00	0.00e+00
 2.55266e+23	8.84e-09	1.22e-04	7.34e-02	2.69e-01	3.84e-01	1.85e-01	2.65e-02	3.32e-02	2.63e-02	2.30e-03	7.83e-05	1.91e-06	0.00e+00	0.00e+00	0.00e+00	0.00e+00	0.00e+00	0.00e+00	0.00e+00
 2.57528e+23	1.11e-08	1.44e-04	8.23e-02	2.84e-01	3.81e-01	1.75e-01	2.43e-02	2.95e-02	2.21e-02	1.82e-03	5.90e-05	1.38e-06	0.00e+00	0.00e+00	0.00e+00	0.00e+00	0.00e+00	0.00e+00	0.00e+00
 2.59839e+23	1.47e-08	1.79e-04	9.48e-02	3.02e-01	3.75e-01	1.62e-01	2.16e-02	2.53e-02	1.77e-02	1.34e-03	4.10e-05	9.13e-07	0.00e+00	0.00e+00	0.00e+00	0.00e+00	0.00e+00	0.00e+00	0.00e+00
 2.62094e+23	1.81e-08	2.08e-04	1.05e-01	3.14e-01	3.70e-01	1.53e-01	1.97e-02	2.26e-02	1.49e-02	1.07e-03	3.13e-05	6.73e-07	0.00e+00	0.00e+00	0.00e+00	0.00e+00	0.00e+00	0.00e+00	0.00e+00
 2.64277e+23	2.34e-08	2.52e-04	1.18e-01	3.29e-01	3.61e-01	1.41e-01	1.75e-02	1.94e-02	1.20e-02	7.98e-04	2.20e-05	4.52e-07	0.00e+00	0.00e+00	0.00e+00	0.00e+00	0.00e+00	0.00e+00	0.00e+00
 2.66432e+23	2.83e-08	2.89e-04	1.29e-01	3.40e-01	3.54e-01	1.33e-01	1.60e-02	1.73e-02	1.02e-02	6.41e-04	1.70e-05	3.37e-07	0.00e+00	0.00e+00	0.00e+00	0.00e+00	0.00e+00	0.00e+00	0.00e+00
 2.68248e+23	3.40e-08	3.31e-04	1.41e-01	3.50e-01	3.45e-01	1.25e-01	1.47e-02	1.54e-02	8.62e-03	5.15e-04	1.31e-05	2.52e-07	0.00e+00	0.00e+00	0.00e+00	0.00e+00	0.00e+00	0.00e+00	0.00e+00
 2.70309e+23	4.27e-08	3.90e-04	1.56e-01	3.61e-01	3.34e-01	1.15e-01	1.31e-02	1.33e-02	6.98e-03	3.89e-04	9.43e-06	1.73e-07	0.00e+00	0.00e+00	0.00e+00	0.00e+00	0.00e+00	0.00e+00	0.00e+00
 2.72380e+23	5.12e-08	4.45e-04	1.69e-01	3.70e-01	3.24e-01	1.07e-01	1.19e-02	1.17e-02	5.87e-03	3.10e-04	7.21e-06	1.28e-07	0.00e+00	0.00e+00	0.00e+00	0.00e+00	0.00e+00	0.00e+00	0.00e+00
 2.74464e+23	6.36e-08	5.20e-04	1.85e-01	3.79e-01	3.12e-01	9.83e-02	1.05e-02	1.01e-02	4.75e-03	2.35e-04	5.20e-06	0.00e+00	0.00e+00	0.00e+00	0.00e+00	0.00e+00	0.00e+00	0.00e+00	0.00e+00
 2.76593e+23	7.67e-08	5.94e-04	2.00e-01	3.86e-01	3.00e-01	9.09e-02	9.48e-03	8.81e-03	3.95e-03	1.84e-04	3.91e-06	0.00e+00	0.00e+00	0.00e+00	0.00e+00	0.00e+00	0.00e+00	0.00e+00	0.00e+00
 2.78468e+23	9.10e-08	6.71e-04	2.15e-01	3.91e-01	2.89e-01	8.43e-02	8.57e-03	7.76e-03	3.32e-03	1.46e-04	2.99e-06	0.00e+00	0.00e+00	0.00e+00	0.00e+00	0.00e+00	0.00e+00	0.00e+00	0.00e+00
 2.80596e+23	1.13e-07	7.80e-04	2.35e-01	3.97e-01	2.75e-01	7.65e-02	7.53e-03	6.59e-03	2.65e-03	1.09e-04	2.12e-06	0.00e+00	0.00e+00	0.00e+00	0.00e+00	0.00e+00	0.00e+00	0.00e+00	0.00e+00
 2.82769e+23	1.35e-07	8.84e-04	2.52e-01	4.00e-01	2.62e-01	7.03e-02	6.74e-03	5.73e-03	2.19e-03	8.46e-05	1.59e-06	0.00e+00	0.00e+00	0.00e+00	0.00e+00	0.00e+00	0.00e+00	0.00e+00	0.00e+00
 2.84707e+23	1.60e-07	9.93e-04	2.68e-01	4.03e-01	2.50e-01	6.47e-02	6.06e-03	5.00e-03	1.82e-03	6.65e-05	1.20e-06	0.00e+00	0.00e+00	0.00e+00	0.00e+00	0.00e+00	0.00e+00	0.00e+00	0.00e+00
