#depth	O	O+	O+2	O+3	O+4	O+5	O+6	O+7	O+8	O[1]	O[2]	O[3]
 4.62852e+21	0.00e+00	0.00e+00	7.90e-27	1.61e-21	8.77e-17	2.21e-12	1.85e-07	8.97e-04	9.99e-01	0.00e+00	0.00e+00	0.00e+00
 1.05385e+22	0.00e+00	3.70e-32	6.49e-26	9.35e-21	3.67e-16	6.54e-12	3.78e-07	1.28e-03	9.99e-01	0.00e+00	0.00e+00	0.00e+00
 1.26906e+22	0.00e+00	1.93e-31	2.69e-25	3.08e-20	9.62e-16	1.36e-11	6.12e-07	1.63e-03	9.98e-01	0.00e+00	0.00e+00	0.00e+00
 1.42577e+22	0.00e+00	7.21e-31	8.36e-25	7.97e-20	2.07e-15	2.44e-11	8.98e-07	1.97e-03	9.98e-01	0.00e+00	0.00e+00	0.00e+00
 1.51283e+22	0.00e+00	1.01e-30	1.12e-24	1.01e-19	2.52e-15	2.83e-11	9.90e-07	2.06e-03	9.98e-01	0.00e+00	0.00e+00	0.00e+00
 1.54703e+22	0.00e+00	1.37e-30	1.45e-24	1.27e-19	3.02e-15	3.25e-11	1.08e-06	2.16e-03	9.98e-01	0.00e+00	0.00e+00	0.00e+00
 1.57865e+22	0.00e+00	1.79e-30	1.83e-24	1.55e-19	3.55e-15	3.68e-11	1.17e-06	2.24e-03	9.98e-01	0.00e+00	0.00e+00	0.00e+00
 1.61276e+22	0.00e+00	2.57e-30	2.50e-24	2.00e-19	4.37e-15	4.30e-11	1.30e-06	2.36e-03	9.98e-01	0.00e+00	0.00e+00	0.00e+00
 1.64684e+22	0.00e+00	3.44e-30	3.21e-24	2.47e-19	5.18e-15	4.90e-11	1.42e-06	2.47e-03	9.98e-01	0.00e+00	0.00e+00	0.00e+00
 1.67614e+22	0.00e+00	4.50e-30	4.05e-24	3.01e-19	6.07e-15	5.53e-11	1.54e-06	2.57e-03	9.97e-01	0.00e+00	0.00e+00	0.00e+00
 1.70947e+22	0.00e+00	6.24e-30	5.38e-24	3.82e-19	7.36e-15	6.41e-11	1.69e-06	2.69e-03	9.97e-01	0.00e+00	0.00e+00	0.00e+00
 1.74404e+22	0.00e+00	8.49e-30	7.02e-24	4.77e-19	8.81e-15	7.35e-11	1.85e-06	2.81e-03	9.97e-01	0.00e+00	0.00e+00	0.00e+00
 1.77397e+22	0.00e+00	1.12e-29	8.90e-24	5.82e-19	1.04e-14	8.32e-11	2.01e-06	2.93e-03	9.97e-01	0.00e+00	0.00e+00	0.00e+00
 1.80662e+22	0.00e+00	1.54e-29	1.18e-23	7.36e-19	1.25e-14	9.62e-11	2.21e-06	3.07e-03	9.97e-01	0.00e+00	0.00e+00	0.00e+00
 1.84119e+22	0.00e+00	2.11e-29	1.54e-23	9.21e-19	1.50e-14	1.10e-10	2.42e-06	3.21e-03	9.97e-01	0.00e+00	0.00e+00	0.00e+00
 1.87217e+22	0.00e+00	2.80e-29	1.97e-23	1.13e-18	1.78e-14	1.26e-10	2.63e-06	3.35e-03	9.97e-01	0.00e+00	0.00e+00	0.00e+00
 1.89963e+22	0.00e+00	3.60e-29	2.44e-23	1.36e-18	2.06e-14	1.40e-10	2.84e-06	3.47e-03	9.97e-01	0.00e+00	0.00e+00	0.00e+00
 1.92470e+22	0.00e+00	4.52e-29	2.97e-23	1.60e-18	2.35e-14	1.56e-10	3.03e-06	3.59e-03	9.96e-01	0.00e+00	0.00e+00	0.00e+00
 1.95340e+22	0.00e+00	5.95e-29	3.76e-23	1.96e-18	2.77e-14	1.76e-10	3.29e-06	3.73e-03	9.96e-01	0.00e+00	0.00e+00	0.00e+00
 1.98445e+22	0.00e+00	7.88e-29	4.79e-23	2.39e-18	3.26e-14	2.00e-10	3.57e-06	3.89e-03	9.96e-01	0.00e+00	0.00e+00	0.00e+00
 2.01262e+22	0.00e+00	1.02e-28	5.99e-23	2.89e-18	3.79e-14	2.24e-10	3.86e-06	4.04e-03	9.96e-01	0.00e+00	0.00e+00	0.00e+00
 2.03926e+22	0.00e+00	1.31e-28	7.44e-23	3.47e-18	4.40e-14	2.51e-10	4.15e-06	4.19e-03	9.96e-01	0.00e+00	0.00e+00	0.00e+00
 2.06557e+22	0.00e+00	1.67e-28	9.16e-23	4.13e-18	5.07e-14	2.80e-10	4.46e-06	4.34e-03	9.96e-01	0.00e+00	0.00e+00	0.00e+00
 2.09550e+22	0.00e+00	2.23e-28	1.18e-22	5.10e-18	6.02e-14	3.19e-10	4.86e-06	4.53e-03	9.95e-01	0.00e+00	0.00e+00	0.00e+00
 2.12685e+22	0.00e+00	2.96e-28	1.50e-22	6.25e-18	7.10e-14	3.62e-10	5.28e-06	4.72e-03	9.95e-01	0.00e+00	0.00e+00	0.00e+00
 2.15413e+22	0.00e+00	3.80e-28	1.86e-22	7.49e-18	8.22e-14	4.05e-10	5.69e-06	4.89e-03	9.95e-01	0.00e+00	0.00e+00	0.00e+00
 2.17824e+22	0.00e+00	4.75e-28	2.25e-22	8.80e-18	9.37e-14	4.48e-10	6.07e-06	5.05e-03	9.95e-01	0.00e+00	0.00e+00	0.00e+00
 2.20416e+22	0.00e+00	6.08e-28	2.79e-22	1.05e-17	1.08e-13	5.01e-10	6.54e-06	5.24e-03	9.95e-01	0.00e+00	0.00e+00	0.00e+00
 2.23215e+22	0.00e+00	7.81e-28	3.46e-22	1.26e-17	1.26e-13	5.61e-10	7.04e-06	5.43e-03	9.95e-01	0.00e+00	0.00e+00	0.00e+00
 2.25760e+22	0.00e+00	9.82e-28	4.22e-22	1.49e-17	1.44e-13	6.22e-10	7.54e-06	5.62e-03	9.94e-01	0.00e+00	0.00e+00	0.00e+00
 2.28543e+22	0.00e+00	1.29e-27	5.33e-22	1.82e-17	1.69e-13	7.04e-10	8.18e-06	5.85e-03	9.94e-01	0.00e+00	0.00e+00	0.00e+00
 2.31452e+22	0.00e+00	1.67e-27	6.67e-22	2.19e-17	1.97e-13	7.91e-10	8.83e-06	6.08e-03	9.94e-01	0.00e+00	0.00e+00	0.00e+00
 2.33908e+22	1.82e-34	2.09e-27	8.08e-22	2.58e-17	2.24e-13	8.74e-10	9.44e-06	6.28e-03	9.94e-01	0.00e+00	0.00e+00	0.00e+00
 2.36488e+22	2.43e-34	2.69e-27	1.00e-21	3.10e-17	2.61e-13	9.81e-10	1.02e-05	6.51e-03	9.93e-01	0.00e+00	0.00e+00	0.00e+00
 2.39246e+22	3.21e-34	3.44e-27	1.24e-21	3.70e-17	3.01e-13	1.09e-09	1.09e-05	6.75e-03	9.93e-01	0.00e+00	0.00e+00	0.00e+00
 2.41749e+22	4.17e-34	4.32e-27	1.51e-21	4.36e-17	3.44e-13	1.21e-09	1.17e-05	6.98e-03	9.93e-01	0.00e+00	0.00e+00	0.00e+00
 2.44512e+22	5.66e-34	5.66e-27	1.90e-21	5.31e-17	4.04e-13	1.37e-09	1.27e-05	7.26e-03	9.93e-01	0.00e+00	0.00e+00	0.00e+00
 2.47412e+22	7.61e-34	7.33e-27	2.38e-21	6.40e-17	4.70e-13	1.54e-09	1.37e-05	7.55e-03	9.92e-01	0.00e+00	0.00e+00	0.00e+00
 2.49837e+22	9.78e-34	9.13e-27	2.87e-21	7.50e-17	5.34e-13	1.70e-09	1.46e-05	7.79e-03	9.92e-01	0.00e+00	0.00e+00	0.00e+00
 2.52004e+22	1.22e-33	1.11e-26	3.39e-21	8.62e-17	5.99e-13	1.85e-09	1.55e-05	8.02e-03	9.92e-01	0.00e+00	0.00e+00	0.00e+00
 2.54487e+22	1.60e-33	1.41e-26	4.17e-21	1.03e-16	6.91e-13	2.07e-09	1.67e-05	8.31e-03	9.92e-01	0.00e+00	0.00e+00	0.00e+00
 2.57179e+22	2.12e-33	1.80e-26	5.15e-21	1.23e-16	7.97e-13	2.31e-09	1.79e-05	8.61e-03	9.91e-01	0.00e+00	0.00e+00	0.00e+00
 2.59664e+22	2.75e-33	2.26e-26	6.27e-21	1.45e-16	9.11e-13	2.56e-09	1.92e-05	8.91e-03	9.91e-01	0.00e+00	0.00e+00	0.00e+00
 2.62416e+22	3.75e-33	2.96e-26	7.91e-21	1.76e-16	1.07e-12	2.89e-09	2.08e-05	9.27e-03	9.91e-01	0.00e+00	0.00e+00	0.00e+00
 2.65160e+22	4.96e-33	3.78e-26	9.75e-21	2.10e-16	1.23e-12	3.22e-09	2.24e-05	9.61e-03	9.90e-01	0.00e+00	0.00e+00	0.00e+00
 2.67394e+22	6.27e-33	4.64e-26	1.16e-20	2.43e-16	1.39e-12	3.53e-09	2.38e-05	9.91e-03	9.90e-01	0.00e+00	0.00e+00	0.00e+00
 2.69797e+22	8.22e-33	5.88e-26	1.43e-20	2.89e-16	1.60e-12	3.93e-09	2.56e-05	1.03e-02	9.90e-01	0.00e+00	0.00e+00	0.00e+00
 2.72425e+22	1.08e-32	7.49e-26	1.76e-20	3.44e-16	1.84e-12	4.38e-09	2.75e-05	1.06e-02	9.89e-01	0.00e+00	0.00e+00	0.00e+00
 2.74868e+22	1.40e-32	9.34e-26	2.12e-20	4.03e-16	2.09e-12	4.83e-09	2.93e-05	1.10e-02	9.89e-01	0.00e+00	0.00e+00	0.00e+00
 2.77570e+22	1.89e-32	1.22e-25	2.67e-20	4.89e-16	2.45e-12	5.44e-09	3.18e-05	1.14e-02	9.89e-01	0.00e+00	0.00e+00	0.00e+00
 2.80279e+22	2.52e-32	1.57e-25	3.30e-20	5.85e-16	2.83e-12	6.06e-09	3.42e-05	1.19e-02	9.88e-01	0.00e+00	0.00e+00	0.00e+00
 2.82477e+22	3.15e-32	1.90e-25	3.90e-20	6.73e-16	3.17e-12	6.62e-09	3.63e-05	1.22e-02	9.88e-01	0.00e+00	0.00e+00	0.00e+00
 2.84815e+22	4.14e-32	2.41e-25	4.79e-20	7.99e-16	3.64e-12	7.35e-09	3.90e-05	1.26e-02	9.87e-01	0.00e+00	0.00e+00	0.00e+00
 2.87358e+22	5.40e-32	3.04e-25	5.84e-20	9.43e-16	4.16e-12	8.14e-09	4.18e-05	1.31e-02	9.87e-01	0.00e+00	0.00e+00	0.00e+00
 2.89773e+22	7.04e-32	3.83e-25	7.12e-20	1.11e-15	4.76e-12	9.00e-09	4.47e-05	1.35e-02	9.86e-01	0.00e+00	0.00e+00	0.00e+00
 2.92146e+22	9.12e-32	4.80e-25	8.63e-20	1.31e-15	5.43e-12	9.94e-09	4.79e-05	1.40e-02	9.86e-01	0.00e+00	0.00e+00	0.00e+00
 2.94422e+22	1.17e-31	5.98e-25	1.04e-19	1.53e-15	6.15e-12	1.09e-08	5.11e-05	1.45e-02	9.85e-01	0.00e+00	0.00e+00	0.00e+00
 2.96592e+22	1.49e-31	7.36e-25	1.24e-19	1.78e-15	6.94e-12	1.19e-08	5.43e-05	1.49e-02	9.85e-01	0.00e+00	0.00e+00	0.00e+00
 2.99061e+22	2.02e-31	9.58e-25	1.56e-19	2.15e-15	8.07e-12	1.34e-08	5.87e-05	1.55e-02	9.84e-01	0.00e+00	0.00e+00	0.00e+00
 3.01605e+22	2.64e-31	1.21e-24	1.90e-19	2.53e-15	9.21e-12	1.48e-08	6.29e-05	1.61e-02	9.84e-01	0.00e+00	0.00e+00	0.00e+00
 3.03875e+22	3.42e-31	1.52e-24	2.30e-19	2.97e-15	1.05e-11	1.63e-08	6.72e-05	1.66e-02	9.83e-01	0.00e+00	0.00e+00	0.00e+00
 3.06453e+22	4.75e-31	2.01e-24	2.93e-19	3.64e-15	1.23e-11	1.83e-08	7.31e-05	1.73e-02	9.83e-01	0.00e+00	0.00e+00	0.00e+00
 3.09080e+22	6.31e-31	2.57e-24	3.62e-19	4.33e-15	1.41e-11	2.03e-08	7.85e-05	1.80e-02	9.82e-01	0.00e+00	0.00e+00	0.00e+00
 3.11281e+22	8.09e-31	3.19e-24	4.35e-19	5.04e-15	1.60e-11	2.22e-08	8.37e-05	1.86e-02	9.81e-01	0.00e+00	0.00e+00	0.00e+00
 3.13652e+22	1.10e-30	4.16e-24	5.44e-19	6.08e-15	1.85e-11	2.48e-08	9.04e-05	1.93e-02	9.81e-01	0.00e+00	0.00e+00	0.00e+00
 3.16102e+22	1.45e-30	5.28e-24	6.66e-19	7.19e-15	2.12e-11	2.74e-08	9.68e-05	2.00e-02	9.80e-01	0.00e+00	0.00e+00	0.00e+00
 3.18263e+22	1.87e-30	6.58e-24	8.03e-19	8.40e-15	2.39e-11	3.00e-08	1.03e-04	2.07e-02	9.79e-01	0.00e+00	0.00e+00	0.00e+00
 3.20681e+22	2.57e-30	8.70e-24	1.02e-18	1.02e-14	2.80e-11	3.36e-08	1.12e-04	2.15e-02	9.78e-01	0.00e+00	0.00e+00	0.00e+00
 3.23172e+22	3.43e-30	1.12e-23	1.26e-18	1.22e-14	3.21e-11	3.71e-08	1.20e-04	2.23e-02	9.78e-01	0.00e+00	0.00e+00	0.00e+00
 3.25275e+22	4.46e-30	1.40e-23	1.52e-18	1.42e-14	3.63e-11	4.06e-08	1.28e-04	2.31e-02	9.77e-01	0.00e+00	0.00e+00	0.00e+00
 3.27225e+22	5.62e-30	1.71e-23	1.80e-18	1.64e-14	4.06e-11	4.41e-08	1.36e-04	2.37e-02	9.76e-01	0.00e+00	0.00e+00	0.00e+00
 3.29457e+22	7.69e-30	2.24e-23	2.27e-18	1.98e-14	4.71e-11	4.90e-08	1.47e-04	2.47e-02	9.75e-01	0.00e+00	0.00e+00	0.00e+00
 3.31763e+22	1.02e-29	2.85e-23	2.78e-18	2.35e-14	5.37e-11	5.39e-08	1.57e-04	2.56e-02	9.74e-01	0.00e+00	0.00e+00	0.00e+00
 3.33809e+22	1.33e-29	3.59e-23	3.38e-18	2.76e-14	6.10e-11	5.90e-08	1.68e-04	2.64e-02	9.73e-01	0.00e+00	0.00e+00	0.00e+00
 3.36111e+22	1.87e-29	4.82e-23	4.33e-18	3.38e-14	7.16e-11	6.62e-08	1.82e-04	2.76e-02	9.72e-01	0.00e+00	0.00e+00	0.00e+00
 3.38380e+22	2.43e-29	6.04e-23	5.24e-18	3.96e-14	8.10e-11	7.24e-08	1.94e-04	2.85e-02	9.71e-01	0.00e+00	0.00e+00	0.00e+00
 3.40304e+22	3.17e-29	7.60e-23	6.37e-18	4.65e-14	9.18e-11	7.91e-08	2.07e-04	2.95e-02	9.70e-01	0.00e+00	0.00e+00	0.00e+00
 3.42210e+22	4.06e-29	9.39e-23	7.62e-18	5.39e-14	1.03e-10	8.61e-08	2.20e-04	3.04e-02	9.69e-01	0.00e+00	0.00e+00	0.00e+00
 3.44397e+22	5.64e-29	1.25e-22	9.68e-18	6.57e-14	1.20e-10	9.61e-08	2.38e-04	3.16e-02	9.68e-01	0.00e+00	0.00e+00	0.00e+00
 3.46635e+22	7.54e-29	1.60e-22	1.20e-17	7.82e-14	1.38e-10	1.06e-07	2.55e-04	3.27e-02	9.67e-01	0.00e+00	0.00e+00	0.00e+00
 3.48586e+22	9.92e-29	2.03e-22	1.46e-17	9.22e-14	1.56e-10	1.16e-07	2.72e-04	3.38e-02	9.66e-01	0.00e+00	0.00e+00	0.00e+00
 3.50446e+22	1.28e-28	2.53e-22	1.76e-17	1.08e-13	1.76e-10	1.26e-07	2.89e-04	3.49e-02	9.65e-01	0.00e+00	0.00e+00	0.00e+00
 3.52540e+22	1.79e-28	3.37e-22	2.24e-17	1.31e-13	2.06e-10	1.41e-07	3.13e-04	3.63e-02	9.63e-01	0.00e+00	0.00e+00	0.00e+00
 3.54683e+22	2.36e-28	4.28e-22	2.75e-17	1.55e-13	2.35e-10	1.55e-07	3.35e-04	3.76e-02	9.62e-01	0.00e+00	0.00e+00	0.00e+00
 3.56570e+22	3.10e-28	5.41e-22	3.35e-17	1.83e-13	2.67e-10	1.69e-07	3.57e-04	3.88e-02	9.61e-01	0.00e+00	0.00e+00	0.00e+00
 3.58703e+22	4.35e-28	7.26e-22	4.29e-17	2.24e-13	3.13e-10	1.90e-07	3.87e-04	4.04e-02	9.59e-01	0.00e+00	0.00e+00	0.00e+00
 3.60868e+22	5.85e-28	9.38e-22	5.33e-17	2.68e-13	3.59e-10	2.09e-07	4.15e-04	4.19e-02	9.58e-01	0.00e+00	0.00e+00	0.00e+00
 3.62741e+22	7.77e-28	1.20e-21	6.55e-17	3.17e-13	4.10e-10	2.30e-07	4.43e-04	4.33e-02	9.56e-01	0.00e+00	0.00e+00	0.00e+00
 3.64841e+22	1.09e-27	1.60e-21	8.39e-17	3.90e-13	4.81e-10	2.57e-07	4.80e-04	4.50e-02	9.54e-01	0.00e+00	0.00e+00	0.00e+00
 3.66983e+22	1.47e-27	2.08e-21	1.05e-16	4.67e-13	5.54e-10	2.84e-07	5.14e-04	4.66e-02	9.53e-01	0.00e+00	0.00e+00	0.00e+00
 3.68848e+22	1.96e-27	2.66e-21	1.29e-16	5.54e-13	6.32e-10	3.12e-07	5.49e-04	4.82e-02	9.51e-01	0.00e+00	0.00e+00	0.00e+00
 3.70942e+22	2.78e-27	3.60e-21	1.66e-16	6.86e-13	7.46e-10	3.51e-07	5.96e-04	5.02e-02	9.49e-01	0.00e+00	0.00e+00	0.00e+00
 3.73116e+22	3.85e-27	4.77e-21	2.11e-16	8.34e-13	8.69e-10	3.91e-07	6.42e-04	5.21e-02	9.47e-01	0.00e+00	0.00e+00	0.00e+00
 3.75057e+22	5.15e-27	6.13e-21	2.61e-16	9.94e-13	9.97e-10	4.31e-07	6.87e-04	5.38e-02	9.45e-01	0.00e+00	0.00e+00	0.00e+00
 3.76912e+22	6.96e-27	7.95e-21	3.25e-16	1.19e-12	1.15e-09	4.76e-07	7.36e-04	5.57e-02	9.44e-01	0.00e+00	0.00e+00	0.00e+00
 3.78677e+22	9.13e-27	1.01e-20	3.97e-16	1.41e-12	1.30e-09	5.22e-07	7.83e-04	5.74e-02	9.42e-01	0.00e+00	0.00e+00	0.00e+00
 3.80655e+22	1.32e-26	1.39e-20	5.21e-16	1.76e-12	1.55e-09	5.89e-07	8.52e-04	5.98e-02	9.39e-01	0.00e+00	0.00e+00	0.00e+00
 3.82646e+22	1.79e-26	1.80e-20	6.49e-16	2.11e-12	1.79e-09	6.51e-07	9.11e-04	6.18e-02	9.37e-01	0.00e+00	0.00e+00	0.00e+00
 3.84256e+22	2.30e-26	2.23e-20	7.81e-16	2.46e-12	2.01e-09	7.08e-07	9.64e-04	6.36e-02	9.35e-01	0.00e+00	0.00e+00	0.00e+00
 3.85647e+22	2.92e-26	2.74e-20	9.30e-16	2.84e-12	2.25e-09	7.65e-07	1.02e-03	6.52e-02	9.34e-01	0.00e+00	0.00e+00	0.00e+00
 3.86929e+22	3.63e-26	3.32e-20	1.09e-15	3.24e-12	2.49e-09	8.23e-07	1.07e-03	6.68e-02	9.32e-01	0.00e+00	0.00e+00	0.00e+00
 3.88377e+22	4.75e-26	4.19e-20	1.33e-15	3.82e-12	2.83e-09	9.00e-07	1.13e-03	6.88e-02	9.30e-01	0.00e+00	0.00e+00	0.00e+00
 3.89826e+22	5.97e-26	5.10e-20	1.57e-15	4.39e-12	3.15e-09	9.71e-07	1.19e-03	7.05e-02	9.28e-01	0.00e+00	0.00e+00	0.00e+00
 3.91051e+22	7.47e-26	6.19e-20	1.86e-15	5.03e-12	3.50e-09	1.04e-06	1.25e-03	7.21e-02	9.27e-01	0.00e+00	0.00e+00	0.00e+00
 3.92230e+22	9.24e-26	7.45e-20	2.17e-15	5.72e-12	3.87e-09	1.12e-06	1.31e-03	7.38e-02	9.25e-01	0.00e+00	0.00e+00	0.00e+00
 3.93578e+22	1.20e-25	9.35e-20	2.63e-15	6.72e-12	4.38e-09	1.22e-06	1.39e-03	7.59e-02	9.23e-01	0.00e+00	0.00e+00	0.00e+00
 3.94914e+22	1.49e-25	1.13e-19	3.09e-15	7.66e-12	4.85e-09	1.31e-06	1.46e-03	7.76e-02	9.21e-01	0.00e+00	0.00e+00	0.00e+00
 3.96044e+22	1.86e-25	1.36e-19	3.62e-15	8.74e-12	5.37e-09	1.41e-06	1.52e-03	7.94e-02	9.19e-01	0.00e+00	0.00e+00	0.00e+00
 3.97143e+22	2.30e-25	1.64e-19	4.25e-15	9.96e-12	5.94e-09	1.51e-06	1.60e-03	8.11e-02	9.17e-01	0.00e+00	0.00e+00	0.00e+00
 3.98397e+22	2.99e-25	2.06e-19	5.15e-15	1.17e-11	6.72e-09	1.65e-06	1.69e-03	8.33e-02	9.15e-01	0.00e+00	0.00e+00	0.00e+00
 3.99682e+22	3.80e-25	2.53e-19	6.14e-15	1.35e-11	7.52e-09	1.78e-06	1.78e-03	8.54e-02	9.13e-01	0.00e+00	0.00e+00	0.00e+00
 4.00790e+22	4.71e-25	3.05e-19	7.19e-15	1.54e-11	8.31e-09	1.91e-06	1.86e-03	8.72e-02	9.11e-01	0.00e+00	0.00e+00	0.00e+00
 4.01817e+22	5.79e-25	3.65e-19	8.37e-15	1.74e-11	9.15e-09	2.04e-06	1.94e-03	8.90e-02	9.09e-01	0.00e+00	0.00e+00	0.00e+00
 4.02803e+22	7.08e-25	4.35e-19	9.72e-15	1.97e-11	1.01e-08	2.18e-06	2.03e-03	9.08e-02	9.07e-01	0.00e+00	0.00e+00	0.00e+00
 4.03932e+22	9.15e-25	5.43e-19	1.17e-14	2.31e-11	1.13e-08	2.37e-06	2.14e-03	9.32e-02	9.05e-01	0.00e+00	0.00e+00	0.00e+00
 4.05080e+22	1.15e-24	6.64e-19	1.39e-14	2.65e-11	1.26e-08	2.56e-06	2.24e-03	9.53e-02	9.02e-01	0.00e+00	0.00e+00	0.00e+00
 4.06063e+22	1.42e-24	7.94e-19	1.62e-14	3.01e-11	1.39e-08	2.73e-06	2.34e-03	9.72e-02	9.00e-01	0.00e+00	0.00e+00	0.00e+00
 4.07151e+22	1.85e-24	1.00e-18	1.97e-14	3.53e-11	1.57e-08	2.98e-06	2.47e-03	9.98e-02	8.98e-01	0.00e+00	0.00e+00	0.00e+00
 4.08271e+22	2.35e-24	1.23e-18	2.35e-14	4.08e-11	1.76e-08	3.21e-06	2.59e-03	1.02e-01	8.95e-01	0.00e+00	0.00e+00	0.00e+00
 4.09260e+22	2.93e-24	1.49e-18	2.77e-14	4.67e-11	1.95e-08	3.45e-06	2.71e-03	1.04e-01	8.93e-01	0.00e+00	0.00e+00	0.00e+00
 4.10374e+22	3.94e-24	1.93e-18	3.44e-14	5.59e-11	2.24e-08	3.79e-06	2.88e-03	1.07e-01	8.90e-01	0.00e+00	0.00e+00	0.00e+00
 4.11500e+22	5.01e-24	2.37e-18	4.11e-14	6.47e-11	2.50e-08	4.10e-06	3.02e-03	1.10e-01	8.87e-01	0.00e+00	0.00e+00	0.00e+00
 4.12462e+22	6.23e-24	2.87e-18	4.83e-14	7.39e-11	2.77e-08	4.39e-06	3.15e-03	1.12e-01	8.85e-01	0.00e+00	0.00e+00	0.00e+00
 4.13530e+22	8.59e-24	3.79e-18	6.11e-14	8.97e-11	3.21e-08	4.86e-06	3.36e-03	1.15e-01	8.82e-01	0.00e+00	0.00e+00	0.00e+00
 4.14582e+22	1.06e-23	4.57e-18	7.17e-14	1.02e-10	3.54e-08	5.20e-06	3.51e-03	1.17e-01	8.79e-01	0.00e+00	0.00e+00	0.00e+00
 4.15611e+22	1.46e-23	6.00e-18	9.04e-14	1.24e-10	4.09e-08	5.74e-06	3.73e-03	1.21e-01	8.75e-01	0.00e+00	0.00e+00	0.00e+00
 4.16620e+22	1.81e-23	7.23e-18	1.06e-13	1.41e-10	4.52e-08	6.15e-06	3.89e-03	1.23e-01	8.73e-01	0.00e+00	0.00e+00	0.00e+00
 4.17600e+22	2.47e-23	9.47e-18	1.33e-13	1.70e-10	5.21e-08	6.77e-06	4.13e-03	1.27e-01	8.69e-01	0.00e+00	0.00e+00	0.00e+00
 4.18583e+22	3.08e-23	1.15e-17	1.57e-13	1.94e-10	5.78e-08	7.27e-06	4.31e-03	1.29e-01	8.66e-01	0.00e+00	0.00e+00	0.00e+00
 4.19571e+22	4.27e-23	1.52e-17	1.99e-13	2.37e-10	6.71e-08	8.04e-06	4.59e-03	1.33e-01	8.62e-01	0.00e+00	0.00e+00	0.00e+00
 4.20561e+22	5.40e-23	1.87e-17	2.37e-13	2.73e-10	7.47e-08	8.65e-06	4.80e-03	1.36e-01	8.59e-01	0.00e+00	0.00e+00	0.00e+00
 4.21555e+22	7.58e-23	2.51e-17	3.04e-13	3.35e-10	8.72e-08	9.61e-06	5.12e-03	1.40e-01	8.55e-01	0.00e+00	0.00e+00	0.00e+00
 4.22555e+22	9.63e-23	3.09e-17	3.63e-13	3.87e-10	9.73e-08	1.04e-05	5.37e-03	1.43e-01	8.52e-01	0.00e+00	0.00e+00	0.00e+00
 4.23565e+22	1.35e-22	4.13e-17	4.64e-13	4.73e-10	1.13e-07	1.15e-05	5.72e-03	1.47e-01	8.47e-01	0.00e+00	0.00e+00	0.00e+00
 4.24567e+22	1.74e-22	5.15e-17	5.60e-13	5.51e-10	1.27e-07	1.24e-05	6.01e-03	1.50e-01	8.44e-01	0.00e+00	0.00e+00	0.00e+00
 4.25560e+22	2.43e-22	6.89e-17	7.17e-13	6.76e-10	1.49e-07	1.38e-05	6.41e-03	1.55e-01	8.39e-01	0.00e+00	0.00e+00	0.00e+00
 4.26572e+22	3.18e-22	8.70e-17	8.74e-13	7.95e-10	1.68e-07	1.50e-05	6.75e-03	1.58e-01	8.35e-01	0.00e+00	0.00e+00	0.00e+00
 4.27608e+22	4.54e-22	1.18e-16	1.14e-12	9.84e-10	1.98e-07	1.68e-05	7.22e-03	1.63e-01	8.30e-01	0.00e+00	0.00e+00	0.00e+00
 4.28650e+22	5.97e-22	1.50e-16	1.39e-12	1.16e-09	2.24e-07	1.83e-05	7.61e-03	1.67e-01	8.25e-01	0.00e+00	0.00e+00	0.00e+00
 4.29698e+22	8.56e-22	2.05e-16	1.81e-12	1.44e-09	2.64e-07	2.05e-05	8.15e-03	1.72e-01	8.20e-01	0.00e+00	0.00e+00	0.00e+00
 4.30754e+22	1.13e-21	2.61e-16	2.22e-12	1.71e-09	3.00e-07	2.23e-05	8.60e-03	1.76e-01	8.15e-01	0.00e+00	0.00e+00	0.00e+00
 4.31669e+22	1.48e-21	3.30e-16	2.71e-12	2.01e-09	3.40e-07	2.43e-05	9.06e-03	1.80e-01	8.11e-01	0.00e+00	0.00e+00	0.00e+00
 4.32707e+22	2.12e-21	4.50e-16	3.52e-12	2.49e-09	4.01e-07	2.72e-05	9.71e-03	1.86e-01	8.05e-01	0.00e+00	0.00e+00	0.00e+00
 4.33737e+22	2.72e-21	5.59e-16	4.24e-12	2.90e-09	4.50e-07	2.94e-05	1.02e-02	1.90e-01	8.00e-01	0.00e+00	0.00e+00	0.00e+00
 4.34755e+22	3.78e-21	7.45e-16	5.41e-12	3.54e-09	5.24e-07	3.26e-05	1.09e-02	1.95e-01	7.94e-01	0.00e+00	0.00e+00	0.00e+00
 4.35804e+22	4.96e-21	9.41e-16	6.59e-12	4.17e-09	5.94e-07	3.56e-05	1.15e-02	2.00e-01	7.89e-01	0.00e+00	0.00e+00	0.00e+00
 4.36893e+22	7.04e-21	1.28e-15	8.53e-12	5.15e-09	6.99e-07	3.98e-05	1.23e-02	2.06e-01	7.82e-01	0.00e+00	0.00e+00	0.00e+00
 4.37993e+22	9.10e-21	1.59e-15	1.03e-11	6.02e-09	7.88e-07	4.32e-05	1.29e-02	2.10e-01	7.77e-01	0.00e+00	0.00e+00	0.00e+00
 4.39108e+22	1.28e-20	2.15e-15	1.33e-11	7.42e-09	9.25e-07	4.83e-05	1.38e-02	2.16e-01	7.70e-01	0.00e+00	0.00e+00	0.00e+00
 4.40253e+22	1.67e-20	2.69e-15	1.61e-11	8.70e-09	1.05e-06	5.25e-05	1.46e-02	2.21e-01	7.64e-01	0.00e+00	0.00e+00	0.00e+00
 4.41437e+22	2.35e-20	3.62e-15	2.07e-11	1.07e-08	1.23e-06	5.88e-05	1.56e-02	2.28e-01	7.57e-01	0.00e+00	0.00e+00	0.00e+00
 4.42620e+22	3.02e-20	4.51e-15	2.50e-11	1.25e-08	1.38e-06	6.38e-05	1.64e-02	2.33e-01	7.51e-01	0.00e+00	0.00e+00	0.00e+00
 4.43801e+22	4.19e-20	5.99e-15	3.18e-11	1.53e-08	1.62e-06	7.11e-05	1.76e-02	2.39e-01	7.43e-01	0.00e+00	0.00e+00	0.00e+00
 4.45011e+22	5.39e-20	7.45e-15	3.83e-11	1.78e-08	1.82e-06	7.73e-05	1.85e-02	2.44e-01	7.37e-01	0.00e+00	0.00e+00	0.00e+00
 4.46259e+22	7.46e-20	9.88e-15	4.87e-11	2.17e-08	2.13e-06	8.61e-05	1.98e-02	2.51e-01	7.29e-01	0.00e+00	0.00e+00	0.00e+00
 4.47475e+22	9.36e-20	1.20e-14	5.76e-11	2.50e-08	2.38e-06	9.30e-05	2.07e-02	2.56e-01	7.23e-01	0.00e+00	0.00e+00	0.00e+00
 4.48650e+22	1.26e-19	1.56e-14	7.18e-11	3.00e-08	2.74e-06	1.03e-04	2.20e-02	2.62e-01	7.15e-01	0.00e+00	0.00e+00	0.00e+00
 4.49846e+22	1.57e-19	1.89e-14	8.47e-11	3.44e-08	3.05e-06	1.11e-04	2.31e-02	2.67e-01	7.09e-01	0.00e+00	0.00e+00	0.00e+00
 4.51068e+22	2.11e-19	2.43e-14	1.05e-10	4.12e-08	3.51e-06	1.22e-04	2.45e-02	2.74e-01	7.01e-01	0.00e+00	0.00e+00	0.00e+00
 4.52322e+22	2.66e-19	2.98e-14	1.25e-10	4.76e-08	3.93e-06	1.32e-04	2.57e-02	2.79e-01	6.95e-01	0.00e+00	0.00e+00	0.00e+00
 4.53618e+22	3.57e-19	3.84e-14	1.55e-10	5.71e-08	4.54e-06	1.46e-04	2.74e-02	2.86e-01	6.86e-01	0.00e+00	0.00e+00	0.00e+00
 4.54889e+22	4.41e-19	4.62e-14	1.82e-10	6.52e-08	5.04e-06	1.58e-04	2.86e-02	2.91e-01	6.80e-01	0.00e+00	0.00e+00	0.00e+00
 4.56130e+22	5.85e-19	5.90e-14	2.24e-10	7.76e-08	5.79e-06	1.74e-04	3.04e-02	2.98e-01	6.71e-01	0.00e+00	0.00e+00	0.00e+00
 4.57383e+22	7.14e-19	7.02e-14	2.60e-10	8.79e-08	6.38e-06	1.86e-04	3.17e-02	3.03e-01	6.65e-01	0.00e+00	0.00e+00	0.00e+00
 4.58650e+22	9.40e-19	8.91e-14	3.19e-10	1.04e-07	7.31e-06	2.05e-04	3.36e-02	3.10e-01	6.57e-01	0.00e+00	0.00e+00	0.00e+00
 4.59944e+22	1.15e-18	1.07e-13	3.72e-10	1.18e-07	8.09e-06	2.20e-04	3.51e-02	3.15e-01	6.50e-01	0.00e+00	0.00e+00	0.00e+00
 4.61270e+22	1.52e-18	1.35e-13	4.57e-10	1.41e-07	9.27e-06	2.42e-04	3.72e-02	3.22e-01	6.41e-01	0.00e+00	0.00e+00	0.00e+00
 4.62620e+22	1.87e-18	1.62e-13	5.33e-10	1.60e-07	1.03e-05	2.60e-04	3.88e-02	3.27e-01	6.34e-01	0.00e+00	0.00e+00	0.00e+00
 4.64002e+22	2.46e-18	2.06e-13	6.54e-10	1.90e-07	1.18e-05	2.87e-04	4.12e-02	3.34e-01	6.24e-01	0.00e+00	0.00e+00	0.00e+00
 4.65410e+22	3.03e-18	2.46e-13	7.64e-10	2.16e-07	1.31e-05	3.09e-04	4.30e-02	3.40e-01	6.17e-01	0.00e+00	0.00e+00	0.00e+00
 4.66851e+22	3.99e-18	3.13e-13	9.39e-10	2.57e-07	1.50e-05	3.41e-04	4.56e-02	3.47e-01	6.07e-01	0.00e+00	0.00e+00	0.00e+00
 4.68259e+22	4.79e-18	3.67e-13	1.08e-09	2.89e-07	1.64e-05	3.63e-04	4.74e-02	3.52e-01	6.01e-01	0.00e+00	0.00e+00	0.00e+00
 4.69625e+22	6.21e-18	4.61e-13	1.31e-09	3.40e-07	1.87e-05	3.98e-04	5.01e-02	3.58e-01	5.91e-01	0.00e+00	0.00e+00	0.00e+00
 4.71013e+22	7.46e-18	5.40e-13	1.50e-09	3.81e-07	2.05e-05	4.25e-04	5.21e-02	3.63e-01	5.84e-01	0.00e+00	0.00e+00	0.00e+00
 4.72429e+22	9.60e-18	6.73e-13	1.81e-09	4.47e-07	2.33e-05	4.65e-04	5.50e-02	3.70e-01	5.75e-01	0.00e+00	0.00e+00	0.00e+00
 4.73889e+22	1.17e-17	8.02e-13	2.10e-09	5.07e-07	2.58e-05	5.00e-04	5.74e-02	3.75e-01	5.67e-01	0.00e+00	0.00e+00	0.00e+00
 4.75406e+22	1.51e-17	9.99e-13	2.54e-09	5.94e-07	2.92e-05	5.47e-04	6.05e-02	3.82e-01	5.57e-01	0.00e+00	0.00e+00	0.00e+00
 4.76974e+22	1.87e-17	1.20e-12	2.98e-09	6.80e-07	3.25e-05	5.90e-04	6.33e-02	3.87e-01	5.49e-01	0.00e+00	0.00e+00	0.00e+00
 4.78606e+22	2.43e-17	1.51e-12	3.62e-09	8.01e-07	3.71e-05	6.47e-04	6.68e-02	3.94e-01	5.38e-01	2.43e-17	6.12e-28	6.51e-28
 4.80283e+22	3.02e-17	1.83e-12	4.27e-09	9.19e-07	4.14e-05	6.99e-04	7.00e-02	4.00e-01	5.29e-01	3.02e-17	5.70e-26	7.18e-26
 4.82018e+22	3.95e-17	2.31e-12	5.22e-09	1.09e-06	4.74e-05	7.69e-04	7.40e-02	4.07e-01	5.18e-01	3.95e-17	7.45e-26	9.39e-26
 4.83811e+22	4.96e-17	2.81e-12	6.19e-09	1.26e-06	5.31e-05	8.34e-04	7.76e-02	4.13e-01	5.09e-01	4.96e-17	9.36e-26	1.18e-25
 4.85679e+22	6.57e-17	3.59e-12	7.64e-09	1.50e-06	6.11e-05	9.21e-04	8.22e-02	4.20e-01	4.97e-01	6.57e-17	1.24e-25	1.56e-25
 4.87596e+22	8.31e-17	4.41e-12	9.11e-09	1.74e-06	6.88e-05	1.00e-03	8.62e-02	4.26e-01	4.87e-01	8.31e-17	1.57e-25	1.98e-25
 4.89317e+22	1.04e-16	5.35e-12	1.07e-08	1.99e-06	7.68e-05	1.08e-03	9.02e-02	4.31e-01	4.78e-01	1.04e-16	1.96e-25	2.46e-25
 4.91294e+22	1.40e-16	6.95e-12	1.35e-08	2.41e-06	8.94e-05	1.20e-03	9.59e-02	4.38e-01	4.65e-01	1.40e-16	2.65e-25	3.33e-25
 4.93283e+22	1.75e-16	8.42e-12	1.59e-08	2.77e-06	9.97e-05	1.30e-03	1.00e-01	4.43e-01	4.55e-01	1.75e-16	3.30e-25	4.15e-25
 4.95288e+22	2.34e-16	1.09e-11	1.98e-08	3.33e-06	1.16e-04	1.44e-03	1.06e-01	4.50e-01	4.42e-01	2.34e-16	4.43e-25	5.57e-25
 4.97336e+22	2.97e-16	1.34e-11	2.36e-08	3.86e-06	1.30e-04	1.57e-03	1.11e-01	4.55e-01	4.32e-01	2.97e-16	5.61e-25	7.06e-25
 4.99439e+22	4.01e-16	1.74e-11	2.96e-08	4.67e-06	1.51e-04	1.74e-03	1.18e-01	4.61e-01	4.18e-01	4.01e-16	7.58e-25	9.55e-25
 5.01574e+22	5.11e-16	2.15e-11	3.55e-08	5.44e-06	1.71e-04	1.90e-03	1.24e-01	4.66e-01	4.07e-01	5.11e-16	9.67e-25	1.22e-24
 5.03752e+22	7.01e-16	2.83e-11	4.50e-08	6.64e-06	2.01e-04	2.13e-03	1.32e-01	4.72e-01	3.93e-01	7.01e-16	1.33e-24	1.67e-24
 5.05810e+22	8.61e-16	3.39e-11	5.25e-08	7.56e-06	2.23e-04	2.29e-03	1.37e-01	4.76e-01	3.84e-01	8.61e-16	1.63e-24	2.05e-24
 5.07714e+22	1.13e-15	4.31e-11	6.47e-08	9.01e-06	2.56e-04	2.52e-03	1.45e-01	4.81e-01	3.71e-01	1.13e-15	2.15e-24	2.71e-24
 5.09633e+22	1.40e-15	5.16e-11	7.55e-08	1.03e-05	2.85e-04	2.71e-03	1.51e-01	4.84e-01	3.62e-01	1.40e-15	2.64e-24	3.33e-24
 5.11573e+22	1.85e-15	6.58e-11	9.32e-08	1.23e-05	3.29e-04	3.00e-03	1.59e-01	4.88e-01	3.49e-01	1.85e-15	3.50e-24	4.40e-24
 5.13531e+22	2.29e-15	7.93e-11	1.09e-07	1.41e-05	3.67e-04	3.24e-03	1.66e-01	4.91e-01	3.39e-01	2.29e-15	4.33e-24	5.45e-24
 5.15511e+22	3.03e-15	1.01e-10	1.35e-07	1.68e-05	4.25e-04	3.59e-03	1.75e-01	4.95e-01	3.26e-01	3.03e-15	5.75e-24	7.23e-24
 5.17519e+22	3.77e-15	1.23e-10	1.60e-07	1.94e-05	4.75e-04	3.88e-03	1.83e-01	4.97e-01	3.16e-01	3.77e-15	7.15e-24	8.99e-24
 5.19563e+22	5.02e-15	1.58e-10	1.99e-07	2.33e-05	5.54e-04	4.32e-03	1.93e-01	5.00e-01	3.02e-01	5.02e-15	9.54e-24	1.20e-23
 5.21634e+22	6.25e-15	1.91e-10	2.34e-07	2.69e-05	6.21e-04	4.67e-03	2.01e-01	5.01e-01	2.92e-01	6.25e-15	1.19e-23	1.49e-23
 5.23740e+22	8.36e-15	2.46e-10	2.92e-07	3.25e-05	7.26e-04	5.21e-03	2.13e-01	5.03e-01	2.78e-01	8.36e-15	1.59e-23	2.00e-23
 5.25890e+22	1.05e-14	3.00e-10	3.48e-07	3.78e-05	8.21e-04	5.68e-03	2.22e-01	5.04e-01	2.67e-01	1.05e-14	2.00e-23	2.51e-23
 5.28097e+22	1.41e-14	3.88e-10	4.37e-07	4.59e-05	9.65e-04	6.36e-03	2.35e-01	5.04e-01	2.53e-01	1.41e-14	2.69e-23	3.38e-23
 5.30350e+22	1.78e-14	4.76e-10	5.22e-07	5.37e-05	1.10e-03	6.97e-03	2.46e-01	5.04e-01	2.42e-01	1.78e-14	3.39e-23	4.26e-23
 5.32592e+22	2.36e-14	6.09e-10	6.50e-07	6.50e-05	1.29e-03	7.79e-03	2.60e-01	5.03e-01	2.28e-01	2.36e-14	4.49e-23	5.65e-23
 5.34721e+22	2.87e-14	7.24e-10	7.58e-07	7.43e-05	1.44e-03	8.43e-03	2.70e-01	5.02e-01	2.19e-01	2.87e-14	5.48e-23	6.88e-23
 5.36775e+22	3.69e-14	9.04e-10	9.24e-07	8.86e-05	1.67e-03	9.36e-03	2.83e-01	4.99e-01	2.07e-01	3.69e-14	7.05e-23	8.86e-23
 5.38867e+22	4.50e-14	1.07e-09	1.08e-06	1.02e-04	1.88e-03	1.02e-02	2.94e-01	4.97e-01	1.97e-01	4.50e-14	8.59e-23	1.08e-22
 5.40924e+22	5.66e-14	1.32e-09	1.30e-06	1.20e-04	2.16e-03	1.12e-02	3.08e-01	4.93e-01	1.85e-01	5.66e-14	1.08e-22	1.36e-22
 5.43023e+22	6.87e-14	1.56e-09	1.52e-06	1.38e-04	2.44e-03	1.22e-02	3.20e-01	4.89e-01	1.76e-01	6.87e-14	1.31e-22	1.65e-22
 5.45067e+22	8.42e-14	1.87e-09	1.79e-06	1.61e-04	2.78e-03	1.34e-02	3.34e-01	4.84e-01	1.66e-01	8.42e-14	1.61e-22	2.02e-22
 5.47155e+22	1.02e-13	2.21e-09	2.09e-06	1.85e-04	3.14e-03	1.46e-02	3.47e-01	4.79e-01	1.56e-01	1.02e-13	1.95e-22	2.44e-22
 5.49222e+22	1.22e-13	2.61e-09	2.44e-06	2.13e-04	3.55e-03	1.60e-02	3.60e-01	4.73e-01	1.47e-01	1.22e-13	2.34e-22	2.94e-22
 5.51299e+22	1.45e-13	3.05e-09	2.83e-06	2.44e-04	4.00e-03	1.75e-02	3.73e-01	4.67e-01	1.38e-01	1.45e-13	2.78e-22	3.49e-22
 5.53352e+22	1.71e-13	3.54e-09	3.26e-06	2.79e-04	4.50e-03	1.90e-02	3.86e-01	4.60e-01	1.30e-01	1.71e-13	3.28e-22	4.12e-22
 5.55402e+22	2.00e-13	4.08e-09	3.74e-06	3.18e-04	5.04e-03	2.06e-02	3.99e-01	4.53e-01	1.22e-01	2.00e-13	3.84e-22	4.82e-22
 5.57455e+22	2.32e-13	4.68e-09	4.27e-06	3.61e-04	5.64e-03	2.24e-02	4.12e-01	4.45e-01	1.14e-01	2.32e-13	4.46e-22	5.60e-22
 5.59517e+22	2.67e-13	5.34e-09	4.86e-06	4.09e-04	6.29e-03	2.43e-02	4.25e-01	4.37e-01	1.06e-01	2.67e-13	5.15e-22	6.45e-22
 5.61590e+22	3.06e-13	6.06e-09	5.51e-06	4.62e-04	7.01e-03	2.63e-02	4.38e-01	4.29e-01	9.94e-02	3.06e-13	5.90e-22	7.40e-22
 5.63682e+22	3.48e-13	6.84e-09	6.23e-06	5.20e-04	7.79e-03	2.85e-02	4.51e-01	4.20e-01	9.27e-02	3.48e-13	6.72e-22	8.43e-22
 5.65800e+22	3.95e-13	7.70e-09	7.03e-06	5.86e-04	8.65e-03	3.08e-02	4.63e-01	4.10e-01	8.62e-02	3.95e-13	7.62e-22	9.55e-22
 5.67927e+22	4.44e-13	8.62e-09	7.89e-06	6.57e-04	9.57e-03	3.32e-02	4.75e-01	4.01e-01	8.02e-02	4.44e-13	8.58e-22	1.07e-21
 5.70089e+22	4.98e-13	9.63e-09	8.87e-06	7.39e-04	1.06e-02	3.59e-02	4.88e-01	3.91e-01	7.44e-02	4.98e-13	9.63e-22	1.21e-21
 5.72277e+22	5.54e-13	1.07e-08	9.92e-06	8.26e-04	1.17e-02	3.87e-02	4.99e-01	3.81e-01	6.90e-02	5.54e-13	1.07e-21	1.35e-21
 5.74506e+22	6.17e-13	1.19e-08	1.11e-05	9.27e-04	1.29e-02	4.17e-02	5.11e-01	3.70e-01	6.36e-02	6.17e-13	1.20e-21	1.50e-21
 5.76580e+22	6.72e-13	1.30e-08	1.22e-05	1.02e-03	1.40e-02	4.43e-02	5.20e-01	3.61e-01	5.96e-02	6.72e-13	1.30e-21	1.63e-21
 5.78715e+22	7.43e-13	1.44e-08	1.36e-05	1.14e-03	1.55e-02	4.78e-02	5.31e-01	3.49e-01	5.47e-02	7.43e-13	1.44e-21	1.81e-21
 5.80884e+22	8.06e-13	1.56e-08	1.49e-05	1.25e-03	1.67e-02	5.08e-02	5.40e-01	3.40e-01	5.10e-02	8.06e-13	1.57e-21	1.96e-21
 5.83104e+22	8.84e-13	1.72e-08	1.67e-05	1.41e-03	1.84e-02	5.48e-02	5.51e-01	3.28e-01	4.66e-02	8.84e-13	1.72e-21	2.16e-21
 5.85335e+22	9.59e-13	1.87e-08	1.83e-05	1.54e-03	1.98e-02	5.79e-02	5.58e-01	3.19e-01	4.34e-02	9.59e-13	1.87e-21	2.34e-21
 5.87581e+22	1.05e-12	2.06e-08	2.04e-05	1.72e-03	2.18e-02	6.23e-02	5.68e-01	3.07e-01	3.96e-02	1.05e-12	2.05e-21	2.57e-21
 5.89841e+22	1.13e-12	2.24e-08	2.22e-05	1.88e-03	2.34e-02	6.58e-02	5.74e-01	2.98e-01	3.68e-02	1.13e-12	2.22e-21	2.77e-21
 5.92117e+22	1.23e-12	2.46e-08	2.48e-05	2.11e-03	2.56e-02	7.06e-02	5.83e-01	2.86e-01	3.35e-02	1.23e-12	2.42e-21	3.02e-21
 5.94413e+22	1.33e-12	2.66e-08	2.71e-05	2.30e-03	2.74e-02	7.44e-02	5.88e-01	2.77e-01	3.11e-02	1.33e-12	2.61e-21	3.26e-21
 5.96733e+22	1.45e-12	2.93e-08	3.02e-05	2.57e-03	2.99e-02	7.96e-02	5.95e-01	2.65e-01	2.81e-02	1.45e-12	2.85e-21	3.56e-21
 5.99082e+22	1.56e-12	3.18e-08	3.30e-05	2.80e-03	3.20e-02	8.37e-02	6.00e-01	2.56e-01	2.61e-02	1.56e-12	3.07e-21	3.83e-21
 6.01468e+22	1.70e-12	3.51e-08	3.69e-05	3.14e-03	3.48e-02	8.94e-02	6.05e-01	2.44e-01	2.35e-02	1.70e-12	3.36e-21	4.19e-21
 6.03894e+22	1.83e-12	3.81e-08	4.04e-05	3.43e-03	3.72e-02	9.40e-02	6.09e-01	2.35e-01	2.17e-02	1.83e-12	3.63e-21	4.53e-21
 6.06371e+22	2.01e-12	4.23e-08	4.53e-05	3.84e-03	4.05e-02	1.00e-01	6.13e-01	2.23e-01	1.95e-02	2.01e-12	3.98e-21	4.96e-21
 6.08899e+22	2.18e-12	4.62e-08	4.99e-05	4.21e-03	4.32e-02	1.05e-01	6.15e-01	2.14e-01	1.79e-02	2.18e-12	4.33e-21	5.39e-21
 6.11494e+22	2.40e-12	5.16e-08	5.63e-05	4.73e-03	4.70e-02	1.12e-01	6.17e-01	2.03e-01	1.59e-02	2.40e-12	4.77e-21	5.95e-21
 6.14155e+22	2.62e-12	5.69e-08	6.24e-05	5.20e-03	5.02e-02	1.18e-01	6.19e-01	1.94e-01	1.46e-02	2.62e-12	5.23e-21	6.51e-21
 6.16900e+22	2.90e-12	6.40e-08	7.09e-05	5.87e-03	5.46e-02	1.26e-01	6.19e-01	1.82e-01	1.29e-02	2.90e-12	5.80e-21	7.23e-21
 6.19483e+22	3.16e-12	7.01e-08	7.77e-05	6.37e-03	5.76e-02	1.31e-01	6.19e-01	1.75e-01	1.19e-02	3.16e-12	6.33e-21	7.89e-21
 6.21856e+22	3.48e-12	7.82e-08	8.70e-05	7.06e-03	6.18e-02	1.37e-01	6.17e-01	1.66e-01	1.07e-02	3.48e-12	6.99e-21	8.71e-21
 6.24208e+22	3.78e-12	8.54e-08	9.51e-05	7.63e-03	6.50e-02	1.42e-01	6.16e-01	1.59e-01	9.88e-03	3.78e-12	7.61e-21	9.48e-21
 6.26533e+22	4.13e-12	9.48e-08	1.06e-04	8.43e-03	6.94e-02	1.49e-01	6.13e-01	1.50e-01	8.87e-03	4.13e-12	8.34e-21	1.04e-20
 6.28873e+22	4.52e-12	1.04e-07	1.16e-04	9.12e-03	7.29e-02	1.55e-01	6.11e-01	1.44e-01	8.18e-03	4.52e-12	9.15e-21	1.14e-20
 6.31232e+22	5.00e-12	1.17e-07	1.30e-04	1.01e-02	7.77e-02	1.62e-01	6.07e-01	1.36e-01	7.34e-03	5.00e-12	1.02e-20	1.26e-20
 6.33633e+22	5.52e-12	1.29e-07	1.44e-04	1.09e-02	8.17e-02	1.67e-01	6.03e-01	1.30e-01	6.74e-03	5.52e-12	1.12e-20	1.40e-20
 6.36088e+22	6.16e-12	1.46e-07	1.62e-04	1.21e-02	8.71e-02	1.75e-01	5.98e-01	1.22e-01	6.01e-03	6.16e-12	1.26e-20	1.56e-20
 6.38579e+22	6.85e-12	1.63e-07	1.79e-04	1.31e-02	9.15e-02	1.80e-01	5.93e-01	1.16e-01	5.50e-03	6.85e-12	1.40e-20	1.74e-20
 6.41116e+22	7.72e-12	1.86e-07	2.03e-04	1.45e-02	9.75e-02	1.88e-01	5.86e-01	1.09e-01	4.87e-03	7.72e-12	1.59e-20	1.97e-20
 6.43701e+22	8.68e-12	2.09e-07	2.26e-04	1.58e-02	1.02e-01	1.94e-01	5.80e-01	1.03e-01	4.44e-03	8.68e-12	1.79e-20	2.22e-20
 6.46349e+22	9.90e-12	2.41e-07	2.58e-04	1.76e-02	1.09e-01	2.02e-01	5.71e-01	9.61e-02	3.91e-03	9.90e-12	2.05e-20	2.55e-20
 6.49055e+22	1.13e-11	2.73e-07	2.88e-04	1.91e-02	1.15e-01	2.08e-01	5.63e-01	9.08e-02	3.54e-03	1.13e-11	2.34e-20	2.90e-20
 6.51835e+22	1.30e-11	3.19e-07	3.32e-04	2.14e-02	1.22e-01	2.16e-01	5.53e-01	8.40e-02	3.09e-03	1.30e-11	2.72e-20	3.37e-20
 6.54677e+22	1.49e-11	3.65e-07	3.73e-04	2.33e-02	1.29e-01	2.23e-01	5.43e-01	7.89e-02	2.77e-03	1.49e-11	3.13e-20	3.88e-20
 6.57597e+22	1.77e-11	4.34e-07	4.33e-04	2.61e-02	1.37e-01	2.31e-01	5.31e-01	7.26e-02	2.40e-03	1.77e-11	3.73e-20	4.61e-20
 6.60553e+22	2.05e-11	5.00e-07	4.89e-04	2.85e-02	1.44e-01	2.37e-01	5.20e-01	6.80e-02	2.15e-03	2.05e-11	4.35e-20	5.38e-20
 6.63554e+22	2.45e-11	5.98e-07	5.70e-04	3.19e-02	1.53e-01	2.45e-01	5.06e-01	6.21e-02	1.84e-03	2.45e-11	5.21e-20	6.45e-20
 6.66583e+22	2.87e-11	6.94e-07	6.45e-04	3.49e-02	1.61e-01	2.50e-01	4.94e-01	5.79e-02	1.64e-03	2.87e-11	6.15e-20	7.61e-20
 6.69648e+22	3.47e-11	8.36e-07	7.55e-04	3.90e-02	1.70e-01	2.57e-01	4.79e-01	5.26e-02	1.40e-03	3.47e-11	7.48e-20	9.24e-20
 6.72640e+22	4.04e-11	9.63e-07	8.47e-04	4.23e-02	1.78e-01	2.62e-01	4.67e-01	4.91e-02	1.25e-03	4.04e-11	8.75e-20	1.08e-19
 6.75535e+22	4.90e-11	1.15e-06	9.81e-04	4.68e-02	1.87e-01	2.68e-01	4.51e-01	4.48e-02	1.08e-03	4.90e-11	1.07e-19	1.32e-19
 6.78585e+22	5.79e-11	1.35e-06	1.12e-03	5.12e-02	1.96e-01	2.73e-01	4.37e-01	4.12e-02	9.43e-04	5.79e-11	1.27e-19	1.57e-19
 6.81145e+22	6.72e-11	1.55e-06	1.24e-03	5.51e-02	2.03e-01	2.76e-01	4.25e-01	3.85e-02	8.45e-04	6.72e-11	1.48e-19	1.83e-19
 6.83782e+22	8.05e-11	1.82e-06	1.41e-03	6.00e-02	2.12e-01	2.80e-01	4.11e-01	3.53e-02	7.39e-04	8.05e-11	1.78e-19	2.20e-19
 6.86549e+22	9.45e-11	2.10e-06	1.58e-03	6.48e-02	2.20e-01	2.83e-01	3.97e-01	3.27e-02	6.54e-04	9.45e-11	2.11e-19	2.60e-19
 6.89091e+22	1.11e-10	2.43e-06	1.77e-03	6.97e-02	2.28e-01	2.85e-01	3.84e-01	3.02e-02	5.79e-04	1.11e-10	2.49e-19	3.06e-19
 6.92004e+22	1.36e-10	2.91e-06	2.04e-03	7.65e-02	2.38e-01	2.88e-01	3.68e-01	2.74e-02	4.96e-04	1.36e-10	3.08e-19	3.79e-19
 6.94991e+22	1.63e-10	3.40e-06	2.30e-03	8.27e-02	2.46e-01	2.90e-01	3.53e-01	2.50e-02	4.32e-04	1.63e-10	3.71e-19	4.56e-19
 6.97625e+22	1.93e-10	3.94e-06	2.57e-03	8.89e-02	2.54e-01	2.91e-01	3.40e-01	2.30e-02	3.80e-04	1.93e-10	4.42e-19	5.43e-19
 7.00602e+22	2.39e-10	4.73e-06	2.96e-03	9.71e-02	2.64e-01	2.92e-01	3.23e-01	2.07e-02	3.23e-04	2.39e-10	5.54e-19	6.80e-19
 7.03706e+22	2.90e-10	5.58e-06	3.35e-03	1.05e-01	2.73e-01	2.92e-01	3.08e-01	1.87e-02	2.77e-04	2.90e-10	6.77e-19	8.31e-19
 7.06506e+22	3.49e-10	6.51e-06	3.76e-03	1.13e-01	2.81e-01	2.91e-01	2.94e-01	1.70e-02	2.41e-04	3.49e-10	8.19e-19	1.00e-18
 7.09673e+22	4.40e-10	7.91e-06	4.34e-03	1.23e-01	2.91e-01	2.90e-01	2.76e-01	1.51e-02	2.01e-04	4.40e-10	1.05e-18	1.28e-18
 7.12938e+22	5.41e-10	9.37e-06	4.92e-03	1.33e-01	2.99e-01	2.88e-01	2.61e-01	1.35e-02	1.71e-04	5.41e-10	1.30e-18	1.59e-18
 7.15847e+22	6.56e-10	1.10e-05	5.53e-03	1.42e-01	3.07e-01	2.86e-01	2.47e-01	1.22e-02	1.46e-04	6.56e-10	1.59e-18	1.94e-18
 7.19141e+22	8.40e-10	1.34e-05	6.38e-03	1.55e-01	3.15e-01	2.82e-01	2.30e-01	1.06e-02	1.20e-04	8.40e-10	2.06e-18	2.52e-18
 7.22557e+22	1.05e-09	1.60e-05	7.25e-03	1.67e-01	3.23e-01	2.78e-01	2.16e-01	9.40e-03	1.01e-04	1.05e-09	2.59e-18	3.16e-18
 7.25622e+22	1.28e-09	1.88e-05	8.14e-03	1.78e-01	3.29e-01	2.74e-01	2.02e-01	8.38e-03	8.51e-05	1.28e-09	3.22e-18	3.93e-18
 7.29096e+22	1.68e-09	2.31e-05	9.43e-03	1.93e-01	3.37e-01	2.67e-01	1.86e-01	7.19e-03	6.84e-05	1.68e-09	4.26e-18	5.19e-18
 7.32681e+22	2.10e-09	2.76e-05	1.07e-02	2.07e-01	3.42e-01	2.61e-01	1.72e-01	6.29e-03	5.65e-05	2.10e-09	5.40e-18	6.58e-18
 7.35917e+22	2.62e-09	3.27e-05	1.20e-02	2.21e-01	3.47e-01	2.55e-01	1.60e-01	5.52e-03	4.69e-05	2.62e-09	6.83e-18	8.31e-18
 7.39633e+22	3.49e-09	4.06e-05	1.39e-02	2.39e-01	3.52e-01	2.46e-01	1.44e-01	4.63e-03	3.67e-05	3.49e-09	9.24e-18	1.12e-17
 7.43388e+22	4.40e-09	4.84e-05	1.57e-02	2.54e-01	3.55e-01	2.38e-01	1.32e-01	4.00e-03	2.98e-05	4.40e-09	1.18e-17	1.44e-17
 7.47193e+22	5.88e-09	6.01e-05	1.82e-02	2.74e-01	3.58e-01	2.27e-01	1.19e-01	3.33e-03	2.31e-05	5.88e-09	1.61e-17	1.95e-17
 7.51044e+22	7.44e-09	7.16e-05	2.05e-02	2.90e-01	3.60e-01	2.19e-01	1.08e-01	2.85e-03	1.86e-05	7.44e-09	2.07e-17	2.51e-17
 7.54951e+22	1.00e-08	8.91e-05	2.37e-02	3.11e-01	3.60e-01	2.07e-01	9.55e-02	2.33e-03	1.41e-05	1.00e-08	2.85e-17	3.45e-17
 7.58895e+22	1.27e-08	1.06e-04	2.65e-02	3.28e-01	3.59e-01	1.98e-01	8.63e-02	1.98e-03	1.13e-05	1.27e-08	3.68e-17	4.45e-17
 7.62884e+22	1.73e-08	1.32e-04	3.06e-02	3.50e-01	3.57e-01	1.85e-01	7.55e-02	1.60e-03	8.42e-06	1.73e-08	5.10e-17	6.16e-17
 7.66915e+22	2.19e-08	1.57e-04	3.41e-02	3.67e-01	3.54e-01	1.75e-01	6.77e-02	1.35e-03	6.66e-06	2.19e-08	6.60e-17	7.97e-17
 7.71001e+22	2.99e-08	1.95e-04	3.92e-02	3.89e-01	3.49e-01	1.63e-01	5.86e-02	1.07e-03	4.89e-06	2.99e-08	9.21e-17	1.11e-16
 7.75140e+22	3.81e-08	2.31e-04	4.37e-02	4.06e-01	3.44e-01	1.53e-01	5.21e-02	8.93e-04	3.82e-06	3.81e-08	1.20e-16	1.44e-16
 7.79349e+22	5.21e-08	2.88e-04	5.00e-02	4.27e-01	3.37e-01	1.40e-01	4.45e-02	7.01e-04	2.75e-06	5.21e-08	1.69e-16	2.03e-16
 7.83474e+22	6.55e-08	3.37e-04	5.51e-02	4.43e-01	3.30e-01	1.31e-01	3.96e-02	5.84e-04	2.16e-06	6.55e-08	2.16e-16	2.60e-16
 7.87491e+22	8.80e-08	4.14e-04	6.24e-02	4.62e-01	3.21e-01	1.20e-01	3.38e-02	4.59e-04	1.57e-06	8.80e-08	2.99e-16	3.59e-16
 7.91367e+22	1.08e-07	4.77e-04	6.79e-02	4.75e-01	3.14e-01	1.13e-01	3.02e-02	3.87e-04	1.24e-06	1.08e-07	3.75e-16	4.51e-16
 7.95061e+22	1.41e-07	5.70e-04	7.55e-02	4.91e-01	3.04e-01	1.03e-01	2.60e-02	3.10e-04	9.26e-07	1.41e-07	5.02e-16	6.01e-16
 7.98779e+22	1.73e-07	6.57e-04	8.20e-02	5.03e-01	2.95e-01	9.59e-02	2.31e-02	2.58e-04	7.28e-07	1.73e-07	6.32e-16	7.57e-16
 8.02528e+22	2.25e-07	7.84e-04	9.08e-02	5.17e-01	2.85e-01	8.72e-02	1.97e-02	2.05e-04	5.36e-07	2.25e-07	8.46e-16	1.01e-15
 8.06348e+22	2.79e-07	9.06e-04	9.86e-02	5.27e-01	2.75e-01	8.04e-02	1.73e-02	1.68e-04	4.14e-07	2.79e-07	1.07e-15	1.28e-15
 8.10261e+22	3.65e-07	1.08e-03	1.09e-01	5.40e-01	2.63e-01	7.24e-02	1.47e-02	1.31e-04	2.99e-07	3.65e-07	1.45e-15	1.73e-15
 8.14210e+22	4.53e-07	1.25e-03	1.18e-01	5.48e-01	2.53e-01	6.64e-02	1.28e-02	1.07e-04	2.29e-07	4.53e-07	1.85e-15	2.21e-15
 8.17680e+22	5.59e-07	1.44e-03	1.28e-01	5.56e-01	2.43e-01	6.08e-02	1.11e-02	8.76e-05	1.75e-07	5.59e-07	2.34e-15	2.79e-15
 8.21668e+22	7.29e-07	1.72e-03	1.40e-01	5.64e-01	2.30e-01	5.41e-02	9.32e-03	6.74e-05	1.25e-07	7.29e-07	3.17e-15	3.77e-15
 8.25530e+22	8.85e-07	1.95e-03	1.50e-01	5.69e-01	2.21e-01	4.96e-02	8.16e-03	5.55e-05	0.00e+00	8.85e-07	3.94e-15	4.69e-15
 8.28606e+22	1.06e-06	2.19e-03	1.60e-01	5.73e-01	2.12e-01	4.57e-02	7.21e-03	4.64e-05	0.00e+00	1.06e-06	4.82e-15	5.73e-15
 8.31982e+22	1.31e-06	2.52e-03	1.72e-01	5.76e-01	2.02e-01	4.13e-02	6.19e-03	3.71e-05	0.00e+00	1.31e-06	6.17e-15	7.33e-15
 8.35418e+22	1.57e-06	2.84e-03	1.83e-01	5.78e-01	1.93e-01	3.78e-02	5.43e-03	3.06e-05	0.00e+00	1.57e-06	7.59e-15	9.01e-15
 8.38449e+22	1.86e-06	3.17e-03	1.93e-01	5.79e-01	1.85e-01	3.47e-02	4.78e-03	2.55e-05	0.00e+00	1.86e-06	9.25e-15	1.10e-14
 8.41908e+22	2.31e-06	3.65e-03	2.07e-01	5.80e-01	1.74e-01	3.10e-02	4.06e-03	2.01e-05	0.00e+00	2.31e-06	1.19e-14	1.41e-14
 8.45411e+22	2.76e-06	4.10e-03	2.20e-01	5.79e-01	1.66e-01	2.82e-02	3.54e-03	1.65e-05	0.00e+00	2.76e-06	1.46e-14	1.73e-14
 8.48483e+22	3.28e-06	4.58e-03	2.32e-01	5.77e-01	1.58e-01	2.57e-02	3.10e-03	1.36e-05	0.00e+00	3.28e-06	1.78e-14	2.11e-14
 8.51986e+22	4.08e-06	5.28e-03	2.48e-01	5.74e-01	1.48e-01	2.28e-02	2.60e-03	1.06e-05	0.00e+00	4.08e-06	2.30e-14	2.72e-14
 8.55520e+22	4.82e-06	5.88e-03	2.61e-01	5.70e-01	1.40e-01	2.07e-02	2.27e-03	8.68e-06	0.00e+00	4.82e-06	2.80e-14	3.31e-14
 8.59092e+22	5.97e-06	6.75e-03	2.78e-01	5.64e-01	1.31e-01	1.82e-02	1.90e-03	6.72e-06	0.00e+00	5.97e-06	3.61e-14	4.26e-14
 8.62719e+22	7.13e-06	7.56e-03	2.93e-01	5.58e-01	1.23e-01	1.64e-02	1.63e-03	5.41e-06	0.00e+00	7.13e-06	4.44e-14	5.24e-14
 8.65913e+22	8.44e-06	8.42e-03	3.08e-01	5.52e-01	1.16e-01	1.48e-02	1.41e-03	4.39e-06	0.00e+00	8.44e-06	5.42e-14	6.39e-14
 8.69559e+22	1.04e-05	9.63e-03	3.27e-01	5.43e-01	1.07e-01	1.29e-02	1.17e-03	3.37e-06	0.00e+00	1.04e-05	6.97e-14	8.22e-14
 8.73284e+22	1.24e-05	1.08e-02	3.43e-01	5.34e-01	1.00e-01	1.15e-02	9.99e-04	2.68e-06	0.00e+00	1.24e-05	8.59e-14	1.01e-13
 8.76611e+22	1.47e-05	1.20e-02	3.59e-01	5.24e-01	9.36e-02	1.02e-02	8.54e-04	2.14e-06	0.00e+00	1.47e-05	1.05e-13	1.24e-13
 8.80435e+22	1.83e-05	1.38e-02	3.80e-01	5.11e-01	8.57e-02	8.83e-03	6.97e-04	1.61e-06	0.00e+00	1.83e-05	1.37e-13	1.61e-13
 8.84318e+22	2.18e-05	1.54e-02	3.97e-01	4.99e-01	7.94e-02	7.79e-03	5.87e-04	1.26e-06	0.00e+00	2.18e-05	1.69e-13	1.99e-13
 8.88279e+22	2.70e-05	1.76e-02	4.19e-01	4.84e-01	7.23e-02	6.66e-03	4.76e-04	9.35e-07	0.00e+00	2.70e-05	2.19e-13	2.59e-13
 8.92345e+22	3.26e-05	1.98e-02	4.38e-01	4.69e-01	6.62e-02	5.78e-03	3.94e-04	7.14e-07	0.00e+00	3.26e-05	2.75e-13	3.24e-13
 8.95907e+22	3.86e-05	2.20e-02	4.56e-01	4.55e-01	6.11e-02	5.07e-03	3.30e-04	5.57e-07	0.00e+00	3.86e-05	3.38e-13	3.99e-13
 8.99895e+22	4.78e-05	2.52e-02	4.78e-01	4.37e-01	5.50e-02	4.28e-03	2.64e-04	4.06e-07	0.00e+00	4.78e-05	4.39e-13	5.18e-13
