#depth	Cl	Cl+	Cl+2	Cl+3	Cl+4	Cl+5	Cl+6	Cl+7	Cl+8	Cl+9	Cl+10	Cl+11	Cl+12	Cl+13	Cl+14	Cl+15	Cl+16	Cl+17
 4.62852e+21	0.00e+00	0.00e+00	0.00e+00	0.00e+00	0.00e+00	0.00e+00	0.00e+00	0.00e+00	1.10e-22	2.26e-19	2.15e-16	1.26e-13	4.18e-11	8.54e-09	1.92e-06	7.97e-04	4.85e-02	9.51e-01
 1.05385e+22	0.00e+00	0.00e+00	0.00e+00	0.00e+00	0.00e+00	0.00e+00	0.00e+00	8.38e-25	2.73e-21	3.86e-18	2.58e-15	1.05e-12	2.42e-10	3.47e-08	5.48e-06	1.59e-03	6.79e-02	9.31e-01
 1.26906e+22	0.00e+00	0.00e+00	0.00e+00	0.00e+00	0.00e+00	0.00e+00	1.06e-27	9.37e-24	2.37e-20	2.61e-17	1.36e-14	4.32e-12	7.83e-10	8.84e-08	1.10e-05	2.52e-03	8.46e-02	9.13e-01
 1.42577e+22	0.00e+00	0.00e+00	0.00e+00	0.00e+00	0.00e+00	0.00e+00	8.88e-27	6.39e-23	1.32e-19	1.19e-16	5.10e-14	1.33e-11	1.99e-09	1.86e-07	1.92e-05	3.63e-03	1.01e-01	8.96e-01
 1.51283e+22	0.00e+00	0.00e+00	0.00e+00	0.00e+00	0.00e+00	3.46e-30	1.52e-26	1.04e-22	2.04e-19	1.76e-16	7.14e-14	1.77e-11	2.52e-09	2.24e-07	2.20e-05	3.98e-03	1.05e-01	8.91e-01
 1.54703e+22	0.00e+00	0.00e+00	0.00e+00	0.00e+00	0.00e+00	6.01e-30	2.53e-26	1.64e-22	3.08e-19	2.52e-16	9.77e-14	2.31e-11	3.14e-09	2.67e-07	2.51e-05	4.33e-03	1.09e-01	8.86e-01
 1.57865e+22	0.00e+00	0.00e+00	0.00e+00	0.00e+00	0.00e+00	9.74e-30	3.94e-26	2.46e-22	4.41e-19	3.45e-16	1.28e-13	2.91e-11	3.79e-09	3.11e-07	2.81e-05	4.67e-03	1.13e-01	8.82e-01
 1.61276e+22	0.00e+00	0.00e+00	0.00e+00	0.00e+00	0.00e+00	1.82e-29	7.00e-26	4.13e-22	7.02e-19	5.22e-16	1.84e-13	3.95e-11	4.89e-09	3.81e-07	3.26e-05	5.15e-03	1.18e-01	8.76e-01
 1.64684e+22	0.00e+00	0.00e+00	0.00e+00	0.00e+00	0.00e+00	3.02e-29	1.12e-25	6.30e-22	1.03e-18	7.29e-16	2.46e-13	5.07e-11	6.00e-09	4.48e-07	3.69e-05	5.57e-03	1.23e-01	8.71e-01
 1.67614e+22	0.00e+00	0.00e+00	0.00e+00	0.00e+00	0.00e+00	4.88e-29	1.74e-25	9.39e-22	1.46e-18	9.98e-16	3.23e-13	6.38e-11	7.26e-09	5.21e-07	4.13e-05	6.00e-03	1.27e-01	8.67e-01
 1.70947e+22	0.00e+00	0.00e+00	0.00e+00	0.00e+00	0.00e+00	8.72e-29	2.97e-25	1.52e-21	2.25e-18	1.46e-15	4.49e-13	8.45e-11	9.15e-09	6.27e-07	4.73e-05	6.55e-03	1.33e-01	8.61e-01
 1.74404e+22	0.00e+00	0.00e+00	0.00e+00	0.00e+00	0.00e+00	1.49e-28	4.86e-25	2.38e-21	3.36e-18	2.08e-15	6.11e-13	1.10e-10	1.14e-08	7.45e-07	5.37e-05	7.12e-03	1.38e-01	8.55e-01
 1.77397e+22	0.00e+00	0.00e+00	0.00e+00	0.00e+00	0.00e+00	2.42e-28	7.58e-25	3.56e-21	4.82e-18	2.86e-15	8.06e-13	1.39e-10	1.38e-08	8.68e-07	6.02e-05	7.67e-03	1.42e-01	8.50e-01
 1.80662e+22	0.00e+00	0.00e+00	0.00e+00	0.00e+00	0.00e+00	4.28e-28	1.28e-24	5.72e-21	7.37e-18	4.16e-15	1.12e-12	1.83e-10	1.73e-08	1.04e-06	6.88e-05	8.37e-03	1.48e-01	8.43e-01
 1.84119e+22	0.00e+00	0.00e+00	0.00e+00	0.00e+00	0.00e+00	7.36e-28	2.11e-24	8.99e-21	1.10e-17	5.94e-15	1.52e-12	2.38e-10	2.15e-08	1.24e-06	7.82e-05	9.09e-03	1.54e-01	8.37e-01
 1.87217e+22	0.00e+00	0.00e+00	0.00e+00	0.00e+00	0.00e+00	1.22e-27	3.35e-24	1.36e-20	1.60e-17	8.26e-15	2.02e-12	3.03e-10	2.63e-08	1.45e-06	8.80e-05	9.81e-03	1.59e-01	8.31e-01
 1.89963e+22	0.00e+00	0.00e+00	0.00e+00	0.00e+00	0.00e+00	1.88e-27	5.02e-24	1.96e-20	2.22e-17	1.10e-14	2.60e-12	3.75e-10	3.13e-08	1.67e-06	9.75e-05	1.05e-02	1.64e-01	8.25e-01
 1.92470e+22	0.00e+00	0.00e+00	0.00e+00	0.00e+00	0.00e+00	2.82e-27	7.27e-24	2.75e-20	3.00e-17	1.43e-14	3.27e-12	4.55e-10	3.68e-08	1.89e-06	1.07e-04	1.11e-02	1.69e-01	8.20e-01
 1.95340e+22	0.00e+00	0.00e+00	0.00e+00	0.00e+00	1.06e-30	4.57e-27	1.14e-23	4.11e-20	4.30e-17	1.97e-14	4.30e-12	5.75e-10	4.45e-08	2.20e-06	1.20e-04	1.20e-02	1.74e-01	8.14e-01
 1.98445e+22	0.00e+00	0.00e+00	0.00e+00	0.00e+00	1.79e-30	7.45e-27	1.78e-23	6.18e-20	6.18e-17	2.72e-14	5.69e-12	7.28e-10	5.41e-08	2.57e-06	1.34e-04	1.29e-02	1.80e-01	8.07e-01
 2.01262e+22	0.00e+00	0.00e+00	0.00e+00	0.00e+00	2.91e-30	1.17e-26	2.70e-23	9.00e-20	8.65e-17	3.65e-14	7.36e-12	9.06e-10	6.48e-08	2.96e-06	1.49e-04	1.38e-02	1.85e-01	8.01e-01
 2.03926e+22	0.00e+00	0.00e+00	0.00e+00	0.00e+00	4.67e-30	1.82e-26	4.05e-23	1.30e-19	1.20e-16	4.88e-14	9.46e-12	1.12e-09	7.72e-08	3.41e-06	1.65e-04	1.47e-02	1.91e-01	7.94e-01
 2.06557e+22	0.00e+00	0.00e+00	0.00e+00	0.00e+00	7.37e-30	2.78e-26	5.99e-23	1.85e-19	1.65e-16	6.44e-14	1.20e-11	1.38e-09	9.14e-08	3.89e-06	1.82e-04	1.57e-02	1.96e-01	7.88e-01
 2.09550e+22	0.00e+00	0.00e+00	0.00e+00	0.00e+00	1.28e-29	4.63e-26	9.59e-23	2.83e-19	2.41e-16	9.00e-14	1.61e-11	1.76e-09	1.12e-07	4.56e-06	2.05e-04	1.69e-02	2.03e-01	7.80e-01
 2.12685e+22	0.00e+00	0.00e+00	0.00e+00	0.00e+00	2.16e-29	7.55e-26	1.50e-22	4.25e-19	3.47e-16	1.24e-13	2.13e-11	2.23e-09	1.36e-07	5.33e-06	2.30e-04	1.82e-02	2.09e-01	7.72e-01
 2.15413e+22	0.00e+00	0.00e+00	0.00e+00	0.00e+00	3.46e-29	1.17e-25	2.25e-22	6.12e-19	4.80e-16	1.66e-13	2.73e-11	2.75e-09	1.62e-07	6.11e-06	2.54e-04	1.94e-02	2.15e-01	7.65e-01
 2.17824e+22	0.00e+00	0.00e+00	0.00e+00	0.00e+00	5.25e-29	1.72e-25	3.21e-22	8.45e-19	6.40e-16	2.13e-13	3.40e-11	3.32e-09	1.89e-07	6.90e-06	2.78e-04	2.05e-02	2.20e-01	7.59e-01
 2.20416e+22	0.00e+00	0.00e+00	0.00e+00	0.00e+00	8.40e-29	2.66e-25	4.81e-22	1.22e-18	8.86e-16	2.84e-13	4.36e-11	4.09e-09	2.24e-07	7.90e-06	3.07e-04	2.19e-02	2.26e-01	7.51e-01
 2.23215e+22	0.00e+00	0.00e+00	0.00e+00	0.00e+00	1.34e-28	4.12e-25	7.17e-22	1.75e-18	1.22e-15	3.78e-13	5.58e-11	5.04e-09	2.66e-07	9.06e-06	3.39e-04	2.33e-02	2.33e-01	7.44e-01
 2.25760e+22	0.00e+00	0.00e+00	0.00e+00	0.00e+00	2.06e-28	6.14e-25	1.04e-21	2.44e-18	1.65e-15	4.92e-13	7.01e-11	6.12e-09	3.12e-07	1.03e-05	3.71e-04	2.47e-02	2.38e-01	7.37e-01
 2.28543e+22	0.00e+00	0.00e+00	0.00e+00	0.00e+00	1.69e-28	4.85e-25	7.89e-22	3.64e-18	2.36e-15	6.73e-13	9.20e-11	7.69e-09	3.76e-07	1.19e-05	4.14e-04	2.65e-02	2.45e-01	7.28e-01
 2.31452e+22	0.00e+00	0.00e+00	0.00e+00	0.00e+00	2.75e-28	7.62e-25	1.20e-21	5.30e-18	3.30e-15	9.05e-13	1.19e-10	9.57e-09	4.50e-07	1.37e-05	4.59e-04	2.82e-02	2.52e-01	7.20e-01
 2.33908e+22	0.00e+00	0.00e+00	0.00e+00	0.00e+00	4.17e-28	1.12e-24	1.71e-21	7.31e-18	4.40e-15	1.17e-12	1.48e-10	1.15e-08	5.25e-07	1.55e-05	5.01e-04	2.99e-02	2.57e-01	7.12e-01
 2.36488e+22	0.00e+00	0.00e+00	0.00e+00	0.00e+00	6.71e-28	1.75e-24	2.57e-21	1.06e-17	6.11e-15	1.56e-12	1.90e-10	1.42e-08	6.24e-07	1.77e-05	5.53e-04	3.18e-02	2.64e-01	7.04e-01
 2.39246e+22	0.00e+00	0.00e+00	0.00e+00	0.00e+00	1.06e-27	2.68e-24	3.80e-21	1.51e-17	8.39e-15	2.06e-12	2.43e-10	1.75e-08	7.38e-07	2.02e-05	6.10e-04	3.38e-02	2.71e-01	6.95e-01
 2.41749e+22	0.00e+00	0.00e+00	0.00e+00	4.25e-31	1.62e-27	3.97e-24	5.47e-21	2.09e-17	1.13e-14	2.67e-12	3.04e-10	2.11e-08	8.62e-07	2.29e-05	6.66e-04	3.57e-02	2.77e-01	6.87e-01
 2.44512e+22	0.00e+00	0.00e+00	0.00e+00	7.32e-31	2.70e-27	6.37e-24	8.46e-21	3.10e-17	1.60e-14	3.64e-12	3.97e-10	2.65e-08	1.04e-06	2.64e-05	7.40e-04	3.81e-02	2.84e-01	6.77e-01
 2.47412e+22	0.00e+00	0.00e+00	0.00e+00	1.23e-30	4.37e-27	9.97e-24	1.28e-20	4.50e-17	2.23e-14	4.88e-12	5.12e-10	3.28e-08	1.24e-06	3.03e-05	8.18e-04	4.06e-02	2.91e-01	6.68e-01
 2.49837e+22	0.00e+00	0.00e+00	0.00e+00	1.89e-30	6.56e-27	1.45e-23	1.81e-20	6.17e-17	2.96e-14	6.25e-12	6.34e-10	3.94e-08	1.44e-06	3.41e-05	8.91e-04	4.28e-02	2.97e-01	6.60e-01
 2.52004e+22	0.00e+00	0.00e+00	0.00e+00	2.79e-30	9.43e-27	2.04e-23	2.47e-20	8.17e-17	3.80e-14	7.79e-12	7.67e-10	4.62e-08	1.64e-06	3.78e-05	9.60e-04	4.48e-02	3.02e-01	6.52e-01
 2.54487e+22	0.00e+00	0.00e+00	0.00e+00	4.53e-30	1.48e-26	3.11e-23	3.64e-20	1.16e-16	5.19e-14	1.03e-11	9.74e-10	5.65e-08	1.93e-06	4.30e-05	1.05e-03	4.75e-02	3.09e-01	6.43e-01
 2.57179e+22	0.00e+00	0.00e+00	0.00e+00	7.33e-30	2.33e-26	4.72e-23	5.35e-20	1.64e-16	7.09e-14	1.35e-11	1.24e-09	6.91e-08	2.28e-06	4.89e-05	1.16e-03	5.03e-02	3.15e-01	6.33e-01
 2.59664e+22	0.00e+00	0.00e+00	0.00e+00	1.16e-29	3.56e-26	7.01e-23	7.69e-20	2.29e-16	9.52e-14	1.75e-11	1.55e-09	8.36e-08	2.66e-06	5.52e-05	1.26e-03	5.31e-02	3.21e-01	6.24e-01
 2.62416e+22	0.00e+00	0.00e+00	0.00e+00	1.99e-29	5.91e-26	1.12e-22	1.19e-19	3.39e-16	1.35e-13	2.38e-11	2.02e-09	1.05e-07	3.19e-06	6.37e-05	1.40e-03	5.65e-02	3.29e-01	6.13e-01
 2.65160e+22	0.00e+00	0.00e+00	0.00e+00	3.21e-29	9.25e-26	1.70e-22	1.74e-19	4.78e-16	1.84e-13	3.13e-11	2.56e-09	1.28e-07	3.76e-06	7.24e-05	1.53e-03	5.98e-02	3.35e-01	6.03e-01
 2.67394e+22	0.00e+00	0.00e+00	0.00e+00	4.82e-29	1.35e-25	2.42e-22	2.41e-19	6.42e-16	2.39e-13	3.95e-11	3.12e-09	1.51e-07	4.32e-06	8.07e-05	1.66e-03	6.27e-02	3.41e-01	5.95e-01
 2.69797e+22	0.00e+00	0.00e+00	0.00e+00	7.70e-29	2.10e-25	3.64e-22	3.51e-19	9.02e-16	3.24e-13	5.16e-11	3.94e-09	1.84e-07	5.07e-06	9.13e-05	1.81e-03	6.61e-02	3.47e-01	5.85e-01
 2.72425e+22	0.00e+00	0.00e+00	0.00e+00	1.24e-28	3.28e-25	5.51e-22	5.13e-19	1.27e-15	4.42e-13	6.77e-11	4.98e-09	2.24e-07	5.96e-06	1.04e-04	1.98e-03	6.99e-02	3.54e-01	5.74e-01
 2.74868e+22	0.00e+00	0.00e+00	0.00e+00	1.11e-28	2.85e-25	4.65e-22	7.26e-19	1.74e-15	5.84e-13	8.66e-11	6.17e-09	2.69e-07	6.91e-06	1.16e-04	2.15e-03	7.34e-02	3.60e-01	5.65e-01
 2.77570e+22	0.00e+00	0.00e+00	0.00e+00	1.88e-28	4.67e-25	7.37e-22	1.11e-18	2.56e-15	8.23e-13	1.17e-10	8.00e-09	3.35e-07	8.26e-06	1.34e-04	2.37e-03	7.79e-02	3.67e-01	5.53e-01
 2.80279e+22	0.00e+00	0.00e+00	0.00e+00	3.06e-28	7.33e-25	1.12e-21	1.62e-18	3.61e-15	1.12e-12	1.54e-10	1.02e-08	4.10e-07	9.74e-06	1.52e-04	2.60e-03	8.22e-02	3.73e-01	5.42e-01
 2.82477e+22	0.00e+00	0.00e+00	0.00e+00	4.49e-28	1.05e-24	1.57e-21	2.21e-18	4.78e-15	1.44e-12	1.92e-10	1.23e-08	4.80e-07	1.11e-05	1.68e-04	2.79e-03	8.58e-02	3.78e-01	5.33e-01
 2.84815e+22	0.00e+00	0.00e+00	0.00e+00	7.17e-28	1.63e-24	2.35e-21	3.20e-18	6.69e-15	1.94e-12	2.50e-10	1.54e-08	5.83e-07	1.30e-05	1.90e-04	3.05e-03	9.03e-02	3.84e-01	5.23e-01
 2.87358e+22	0.00e+00	0.00e+00	0.00e+00	1.13e-27	2.48e-24	3.47e-21	4.57e-18	9.26e-15	2.60e-12	3.23e-10	1.93e-08	7.03e-07	1.51e-05	2.13e-04	3.31e-03	9.49e-02	3.89e-01	5.12e-01
 2.89773e+22	0.00e+00	0.00e+00	2.42e-31	1.77e-27	3.78e-24	5.12e-21	6.52e-18	1.28e-14	3.47e-12	4.17e-10	2.40e-08	8.48e-07	1.76e-05	2.40e-04	3.60e-03	9.96e-02	3.95e-01	5.02e-01
 2.92146e+22	0.00e+00	0.00e+00	3.87e-31	2.74e-27	5.70e-24	7.50e-21	9.25e-18	1.76e-14	4.61e-12	5.35e-10	2.98e-08	1.02e-06	2.04e-05	2.69e-04	3.90e-03	1.04e-01	4.00e-01	4.91e-01
 2.94422e+22	0.00e+00	0.00e+00	6.06e-31	4.19e-27	8.46e-24	1.08e-20	1.29e-17	2.38e-14	6.05e-12	6.80e-10	3.67e-08	1.21e-06	2.36e-05	3.01e-04	4.22e-03	1.09e-01	4.05e-01	4.81e-01
 2.96592e+22	0.00e+00	0.00e+00	9.30e-31	6.27e-27	1.23e-23	1.53e-20	1.77e-17	3.17e-14	7.83e-12	8.55e-10	4.47e-08	1.43e-06	2.70e-05	3.34e-04	4.54e-03	1.14e-01	4.10e-01	4.72e-01
 2.99061e+22	0.00e+00	0.00e+00	1.60e-30	1.04e-26	1.98e-23	2.37e-20	2.64e-17	4.56e-14	1.09e-11	1.14e-09	5.74e-08	1.77e-06	3.21e-05	3.81e-04	4.98e-03	1.20e-01	4.15e-01	4.59e-01
 3.01605e+22	0.00e+00	0.00e+00	2.55e-30	1.62e-26	2.99e-23	3.47e-20	3.74e-17	6.26e-14	1.44e-11	1.46e-09	7.13e-08	2.13e-06	3.73e-05	4.27e-04	5.39e-03	1.26e-01	4.20e-01	4.49e-01
 3.03875e+22	0.00e+00	0.00e+00	4.05e-30	2.50e-26	4.47e-23	5.03e-20	5.24e-17	8.53e-14	1.90e-11	1.87e-09	8.82e-08	2.55e-06	4.32e-05	4.78e-04	5.83e-03	1.32e-01	4.24e-01	4.38e-01
 3.06453e+22	0.00e+00	0.00e+00	7.18e-30	4.29e-26	7.38e-23	8.00e-20	7.99e-17	1.25e-13	2.68e-11	2.54e-09	1.15e-07	3.18e-06	5.18e-05	5.49e-04	6.42e-03	1.39e-01	4.29e-01	4.25e-01
 3.09080e+22	0.00e+00	0.00e+00	1.18e-29	6.82e-26	1.13e-22	1.19e-19	1.14e-16	1.74e-13	3.61e-11	3.30e-09	1.44e-07	3.86e-06	6.06e-05	6.19e-04	6.98e-03	1.46e-01	4.33e-01	4.13e-01
 3.11281e+22	0.00e+00	0.00e+00	1.82e-29	1.03e-25	1.66e-22	1.69e-19	1.57e-16	2.33e-13	4.68e-11	4.15e-09	1.76e-07	4.57e-06	6.96e-05	6.87e-04	7.50e-03	1.52e-01	4.37e-01	4.03e-01
 3.13652e+22	0.00e+00	0.00e+00	3.08e-29	1.68e-25	2.63e-22	2.58e-19	2.31e-16	3.31e-13	6.42e-11	5.49e-09	2.25e-07	5.61e-06	8.22e-05	7.80e-04	8.18e-03	1.59e-01	4.41e-01	3.91e-01
 3.16102e+22	0.00e+00	0.00e+00	4.94e-29	2.62e-25	3.96e-22	3.76e-19	3.25e-16	4.52e-13	8.51e-11	7.05e-09	2.79e-07	6.75e-06	9.55e-05	8.75e-04	8.85e-03	1.66e-01	4.44e-01	3.80e-01
 3.18263e+22	0.00e+00	0.00e+00	7.64e-29	3.95e-25	5.79e-22	5.33e-19	4.46e-16	6.04e-13	1.10e-10	8.89e-09	3.41e-07	8.00e-06	1.10e-04	9.71e-04	9.51e-03	1.73e-01	4.46e-01	3.70e-01
 3.20681e+22	0.00e+00	0.00e+00	1.32e-28	6.61e-25	9.33e-22	8.26e-19	6.63e-16	8.69e-13	1.53e-10	1.19e-08	4.39e-07	9.91e-06	1.30e-04	1.11e-03	1.04e-02	1.81e-01	4.50e-01	3.57e-01
 3.23172e+22	0.00e+00	0.00e+00	2.15e-28	1.04e-24	1.42e-21	1.21e-18	9.39e-16	1.20e-12	2.04e-10	1.53e-08	5.48e-07	1.20e-05	1.52e-04	1.24e-03	1.12e-02	1.89e-01	4.52e-01	3.46e-01
 3.25275e+22	0.00e+00	0.00e+00	3.32e-28	1.57e-24	2.07e-21	1.71e-18	1.28e-15	1.59e-12	2.64e-10	1.93e-08	6.68e-07	1.42e-05	1.75e-04	1.38e-03	1.21e-02	1.96e-01	4.54e-01	3.36e-01
 3.27225e+22	0.00e+00	0.00e+00	4.93e-28	2.27e-24	2.91e-21	2.35e-18	1.70e-15	2.06e-12	3.34e-10	2.37e-08	8.01e-07	1.65e-05	1.98e-04	1.51e-03	1.28e-02	2.03e-01	4.55e-01	3.27e-01
 3.29457e+22	0.00e+00	0.00e+00	8.28e-28	3.68e-24	4.56e-21	3.53e-18	2.45e-15	2.89e-12	4.54e-10	3.12e-08	1.01e-06	2.02e-05	2.33e-04	1.71e-03	1.40e-02	2.12e-01	4.56e-01	3.16e-01
 3.31763e+22	0.00e+00	0.00e+00	1.31e-27	5.66e-24	6.77e-21	5.07e-18	3.39e-15	3.90e-12	5.95e-10	3.96e-08	1.25e-06	2.41e-05	2.69e-04	1.91e-03	1.50e-02	2.20e-01	4.57e-01	3.05e-01
 3.33809e+22	0.00e+00	1.46e-31	2.04e-27	8.53e-24	9.88e-21	7.14e-18	4.62e-15	5.19e-12	7.70e-10	4.99e-08	1.53e-06	2.86e-05	3.09e-04	2.11e-03	1.61e-02	2.28e-01	4.58e-01	2.95e-01
 3.36111e+22	0.00e+00	2.64e-31	3.54e-27	1.43e-23	1.59e-20	1.10e-17	6.81e-15	7.43e-12	1.07e-09	6.66e-08	1.97e-06	3.55e-05	3.68e-04	2.41e-03	1.75e-02	2.38e-01	4.58e-01	2.83e-01
 3.38380e+22	0.00e+00	4.17e-31	5.43e-27	2.13e-23	2.30e-20	1.54e-17	9.20e-15	9.81e-12	1.37e-09	8.33e-08	2.39e-06	4.18e-05	4.20e-04	2.66e-03	1.87e-02	2.46e-01	4.58e-01	2.74e-01
 3.40304e+22	0.00e+00	6.58e-31	8.32e-27	3.17e-23	3.31e-20	2.15e-17	1.24e-14	1.29e-11	1.76e-09	1.04e-07	2.90e-06	4.93e-05	4.80e-04	2.94e-03	2.00e-02	2.54e-01	4.58e-01	2.65e-01
 3.42210e+22	0.00e+00	1.01e-30	1.24e-26	4.60e-23	4.66e-20	2.93e-17	1.64e-14	1.67e-11	2.22e-09	1.28e-07	3.47e-06	5.75e-05	5.43e-04	3.22e-03	2.12e-02	2.62e-01	4.57e-01	2.56e-01
 3.44397e+22	0.00e+00	1.76e-30	2.09e-26	7.48e-23	7.27e-20	4.40e-17	2.35e-14	2.34e-11	3.01e-09	1.68e-07	4.40e-06	7.03e-05	6.39e-04	3.63e-03	2.29e-02	2.72e-01	4.55e-01	2.45e-01
 3.46635e+22	0.00e+00	2.88e-30	3.30e-26	1.14e-22	1.07e-19	6.26e-17	3.21e-14	3.13e-11	3.92e-09	2.13e-07	5.41e-06	8.38e-05	7.37e-04	4.03e-03	2.46e-02	2.81e-01	4.54e-01	2.35e-01
 3.48586e+22	0.00e+00	4.56e-30	5.07e-26	1.71e-22	1.55e-19	8.71e-17	4.31e-14	4.11e-11	5.03e-09	2.66e-07	6.56e-06	9.88e-05	8.42e-04	4.44e-03	2.62e-02	2.90e-01	4.52e-01	2.27e-01
 3.50446e+22	0.00e+00	7.01e-30	7.57e-26	2.48e-22	2.18e-19	1.19e-16	5.67e-14	5.31e-11	6.35e-09	3.27e-07	7.86e-06	1.15e-04	9.53e-04	4.86e-03	2.77e-02	2.98e-01	4.50e-01	2.19e-01
 3.52540e+22	0.00e+00	1.22e-29	1.26e-25	3.99e-22	3.37e-19	1.76e-16	8.04e-14	7.35e-11	8.54e-09	4.27e-07	9.91e-06	1.40e-04	1.12e-03	5.46e-03	2.99e-02	3.08e-01	4.47e-01	2.08e-01
 3.54683e+22	0.00e+00	1.93e-29	1.94e-25	5.95e-22	4.86e-19	2.45e-16	1.08e-13	9.68e-11	1.10e-08	5.33e-07	1.20e-05	1.65e-04	1.27e-03	6.01e-03	3.18e-02	3.17e-01	4.44e-01	2.00e-01
 3.56570e+22	0.00e+00	3.01e-29	2.95e-25	8.76e-22	6.91e-19	3.37e-16	1.43e-13	1.26e-10	1.39e-08	6.61e-07	1.45e-05	1.94e-04	1.45e-03	6.60e-03	3.37e-02	3.25e-01	4.40e-01	1.92e-01
 3.58703e+22	0.00e+00	5.26e-29	4.95e-25	1.42e-21	1.07e-18	5.02e-16	2.04e-13	1.75e-10	1.88e-08	8.64e-07	1.83e-05	2.36e-04	1.70e-03	7.40e-03	3.62e-02	3.36e-01	4.36e-01	1.82e-01
 3.60868e+22	0.00e+00	8.49e-29	7.74e-25	2.15e-21	1.57e-18	7.04e-16	2.75e-13	2.32e-10	2.43e-08	1.09e-06	2.23e-05	2.80e-04	1.94e-03	8.17e-03	3.85e-02	3.45e-01	4.32e-01	1.74e-01
 3.62741e+22	0.00e+00	1.34e-28	1.18e-24	3.17e-21	2.23e-18	9.69e-16	3.64e-13	3.02e-10	3.10e-08	1.35e-06	2.70e-05	3.28e-04	2.21e-03	8.96e-03	4.08e-02	3.53e-01	4.27e-01	1.67e-01
 3.64841e+22	0.00e+00	2.31e-28	1.96e-24	5.09e-21	3.43e-18	1.43e-15	5.12e-13	4.16e-10	4.15e-08	1.75e-06	3.39e-05	3.98e-04	2.58e-03	1.00e-02	4.37e-02	3.64e-01	4.22e-01	1.58e-01
 3.66983e+22	0.00e+00	3.72e-28	3.06e-24	7.67e-21	4.99e-18	2.00e-15	6.88e-13	5.49e-10	5.34e-08	2.20e-06	4.13e-05	4.70e-04	2.95e-03	1.10e-02	4.63e-02	3.72e-01	4.16e-01	1.50e-01
 3.68848e+22	0.00e+00	5.81e-28	4.63e-24	1.13e-20	7.08e-18	2.73e-15	9.06e-13	7.11e-10	6.78e-08	2.72e-06	4.96e-05	5.50e-04	3.34e-03	1.20e-02	4.89e-02	3.80e-01	4.11e-01	1.44e-01
 3.70942e+22	0.00e+00	1.01e-27	7.75e-24	1.82e-20	1.09e-17	4.03e-15	1.28e-12	9.81e-10	9.10e-08	3.54e-06	6.24e-05	6.67e-04	3.89e-03	1.34e-02	5.22e-02	3.90e-01	4.04e-01	1.35e-01
 3.73116e+22	0.00e+00	1.67e-27	1.24e-23	2.79e-20	1.61e-17	5.71e-15	1.73e-12	1.31e-09	1.19e-07	4.49e-06	7.67e-05	7.95e-04	4.47e-03	1.48e-02	5.54e-02	3.99e-01	3.98e-01	1.28e-01
 3.75057e+22	0.00e+00	2.63e-27	1.88e-23	4.13e-20	2.30e-17	7.86e-15	2.29e-12	1.71e-09	1.51e-07	5.58e-06	9.25e-05	9.31e-04	5.07e-03	1.62e-02	5.83e-02	4.06e-01	3.91e-01	1.22e-01
 3.76912e+22	0.00e+00	4.15e-27	2.88e-23	6.11e-20	3.27e-17	1.07e-14	3.01e-12	2.21e-09	1.92e-07	6.92e-06	1.12e-04	1.09e-03	5.74e-03	1.77e-02	6.15e-02	4.14e-01	3.84e-01	1.16e-01
 3.78677e+22	0.00e+00	6.30e-27	4.24e-23	8.73e-20	4.53e-17	1.44e-14	3.87e-12	2.81e-09	2.39e-07	8.42e-06	1.32e-04	1.26e-03	6.43e-03	1.92e-02	6.44e-02	4.20e-01	3.78e-01	1.10e-01
 3.80655e+22	0.00e+00	1.10e-26	7.10e-23	1.40e-19	6.94e-17	2.10e-14	5.38e-12	3.85e-09	3.20e-07	1.09e-05	1.66e-04	1.52e-03	7.48e-03	2.13e-02	6.84e-02	4.29e-01	3.69e-01	1.03e-01
 3.82646e+22	0.00e+00	1.72e-26	1.07e-22	2.06e-19	9.79e-17	2.84e-14	7.01e-12	4.95e-09	4.03e-07	1.35e-05	1.99e-04	1.78e-03	8.44e-03	2.31e-02	7.18e-02	4.35e-01	3.62e-01	9.75e-02
 3.84256e+22	0.00e+00	2.50e-26	1.52e-22	2.83e-19	1.30e-16	3.67e-14	8.74e-12	6.12e-09	4.90e-07	1.61e-05	2.32e-04	2.02e-03	9.33e-03	2.48e-02	7.46e-02	4.40e-01	3.56e-01	9.31e-02
 3.85647e+22	0.00e+00	3.54e-26	2.10e-22	3.80e-19	1.70e-16	4.63e-14	1.07e-11	7.42e-09	5.87e-07	1.89e-05	2.67e-04	2.27e-03	1.02e-02	2.65e-02	7.73e-02	4.45e-01	3.50e-01	8.91e-02
 3.86929e+22	0.00e+00	4.87e-26	2.82e-22	4.99e-19	2.17e-16	5.76e-14	1.29e-11	8.89e-09	6.93e-07	2.20e-05	3.04e-04	2.53e-03	1.11e-02	2.81e-02	7.99e-02	4.49e-01	3.44e-01	8.54e-02
 3.88377e+22	0.00e+00	7.22e-26	4.06e-22	6.97e-19	2.93e-16	7.50e-14	1.62e-11	1.11e-08	8.50e-07	2.64e-05	3.56e-04	2.89e-03	1.24e-02	3.01e-02	8.31e-02	4.53e-01	3.37e-01	8.12e-02
 3.89826e+22	0.00e+00	1.01e-25	5.51e-22	9.22e-19	3.77e-16	9.36e-14	1.96e-11	1.33e-08	1.01e-06	3.07e-05	4.06e-04	3.23e-03	1.35e-02	3.20e-02	8.58e-02	4.57e-01	3.31e-01	7.76e-02
 3.91051e+22	0.00e+00	1.38e-25	7.40e-22	1.21e-18	4.79e-16	1.16e-13	2.34e-11	1.59e-08	1.19e-06	3.56e-05	4.61e-04	3.60e-03	1.47e-02	3.38e-02	8.85e-02	4.60e-01	3.25e-01	7.44e-02
 3.92230e+22	0.00e+00	1.87e-25	9.80e-22	1.56e-18	6.03e-16	1.41e-13	2.79e-11	1.88e-08	1.39e-06	4.10e-05	5.21e-04	3.98e-03	1.59e-02	3.57e-02	9.10e-02	4.63e-01	3.19e-01	7.13e-02
 3.93578e+22	0.00e+00	2.73e-25	1.39e-21	2.15e-18	8.02e-16	1.81e-13	3.45e-11	2.31e-08	1.68e-06	4.88e-05	6.05e-04	4.51e-03	1.75e-02	3.81e-02	9.42e-02	4.66e-01	3.11e-01	6.76e-02
 3.94914e+22	0.00e+00	3.70e-25	1.84e-21	2.77e-18	1.01e-15	2.22e-13	4.10e-11	2.73e-08	1.96e-06	5.61e-05	6.83e-04	4.99e-03	1.89e-02	4.02e-02	9.68e-02	4.68e-01	3.05e-01	6.48e-02
 3.96044e+22	4.81e-32	5.01e-25	2.43e-21	3.57e-18	1.26e-15	2.69e-13	4.83e-11	3.21e-08	2.29e-06	6.44e-05	7.69e-04	5.51e-03	2.04e-02	4.23e-02	9.94e-02	4.70e-01	2.99e-01	6.20e-02
 3.97143e+22	6.58e-32	6.74e-25	3.19e-21	4.58e-18	1.57e-15	3.26e-13	5.68e-11	3.76e-08	2.66e-06	7.38e-05	8.65e-04	6.08e-03	2.20e-02	4.45e-02	1.02e-01	4.72e-01	2.93e-01	5.94e-02
 3.98397e+22	9.64e-32	9.68e-25	4.46e-21	6.21e-18	2.06e-15	4.13e-13	6.94e-11	4.58e-08	3.19e-06	8.71e-05	9.97e-04	6.84e-03	2.41e-02	4.73e-02	1.05e-01	4.73e-01	2.86e-01	5.62e-02
 3.99682e+22	1.79e-36	1.34e-24	6.02e-21	8.16e-18	2.62e-15	5.08e-13	8.27e-11	5.45e-08	3.76e-06	1.01e-04	1.13e-03	7.61e-03	2.62e-02	4.99e-02	1.08e-01	4.75e-01	2.79e-01	5.35e-02
 4.00790e+22	0.00e+00	1.80e-24	7.87e-21	1.04e-17	3.25e-15	6.12e-13	9.67e-11	6.37e-08	4.35e-06	1.15e-04	1.27e-03	8.36e-03	2.81e-02	5.23e-02	1.10e-01	4.75e-01	2.73e-01	5.11e-02
 4.01817e+22	0.00e+00	2.37e-24	1.02e-20	1.31e-17	3.98e-15	7.29e-13	1.12e-10	7.37e-08	5.00e-06	1.31e-04	1.41e-03	9.14e-03	3.01e-02	5.47e-02	1.13e-01	4.76e-01	2.67e-01	4.89e-02
 4.02803e+22	0.00e+00	3.12e-24	1.30e-20	1.64e-17	4.86e-15	8.64e-13	1.29e-10	8.51e-08	5.72e-06	1.48e-04	1.57e-03	9.97e-03	3.22e-02	5.71e-02	1.15e-01	4.76e-01	2.62e-01	4.69e-02
 4.03932e+22	0.00e+00	4.39e-24	1.79e-20	2.18e-17	6.24e-15	1.07e-12	1.55e-10	1.02e-07	6.78e-06	1.72e-04	1.79e-03	1.11e-02	3.49e-02	6.03e-02	1.18e-01	4.75e-01	2.54e-01	4.43e-02
 4.05080e+22	0.00e+00	5.95e-24	2.36e-20	2.80e-17	7.77e-15	1.29e-12	1.80e-10	1.19e-07	7.87e-06	1.97e-04	2.01e-03	1.22e-02	3.76e-02	6.32e-02	1.20e-01	4.75e-01	2.48e-01	4.21e-02
 4.06063e+22	0.00e+00	7.81e-24	3.02e-20	3.50e-17	9.45e-15	1.53e-12	2.07e-10	1.37e-07	8.99e-06	2.23e-04	2.23e-03	1.33e-02	4.01e-02	6.58e-02	1.23e-01	4.74e-01	2.42e-01	4.03e-02
 4.07151e+22	0.00e+00	1.10e-23	4.15e-20	4.66e-17	1.21e-14	1.89e-12	2.47e-10	1.64e-07	1.07e-05	2.60e-04	2.55e-03	1.49e-02	4.35e-02	6.93e-02	1.25e-01	4.72e-01	2.34e-01	3.79e-02
 4.08271e+22	0.00e+00	1.50e-23	5.49e-20	5.99e-17	1.51e-14	2.27e-12	2.87e-10	1.92e-07	1.24e-05	2.97e-04	2.86e-03	1.63e-02	4.67e-02	7.25e-02	1.28e-01	4.70e-01	2.28e-01	3.59e-02
 4.09260e+22	0.00e+00	2.00e-23	7.13e-20	7.56e-17	1.85e-14	2.69e-12	3.31e-10	2.22e-07	1.42e-05	3.37e-04	3.18e-03	1.78e-02	4.99e-02	7.56e-02	1.30e-01	4.68e-01	2.21e-01	3.42e-02
 4.10374e+22	0.00e+00	2.91e-23	1.00e-19	1.03e-16	2.41e-14	3.36e-12	3.96e-10	2.68e-07	1.70e-05	3.97e-04	3.66e-03	2.00e-02	5.43e-02	7.97e-02	1.32e-01	4.65e-01	2.13e-01	3.19e-02
 4.11500e+22	0.00e+00	3.94e-23	1.32e-19	1.31e-16	2.98e-14	4.02e-12	4.58e-10	3.11e-07	1.97e-05	4.53e-04	4.10e-03	2.19e-02	5.81e-02	8.31e-02	1.34e-01	4.61e-01	2.06e-01	3.01e-02
 4.12462e+22	0.00e+00	5.20e-23	1.70e-19	1.65e-16	3.62e-14	4.73e-12	5.23e-10	3.58e-07	2.24e-05	5.11e-04	4.54e-03	2.38e-02	6.18e-02	8.63e-02	1.36e-01	4.58e-01	2.00e-01	2.86e-02
 4.13530e+22	0.00e+00	7.71e-23	2.43e-19	2.25e-16	4.73e-14	5.90e-12	6.24e-10	4.32e-07	2.70e-05	6.05e-04	5.24e-03	2.67e-02	6.73e-02	9.09e-02	1.39e-01	4.53e-01	1.91e-01	2.65e-02
 4.14582e+22	0.00e+00	1.01e-22	3.11e-19	2.80e-16	5.71e-14	6.90e-12	7.09e-10	4.94e-07	3.06e-05	6.79e-04	5.77e-03	2.89e-02	7.13e-02	9.40e-02	1.40e-01	4.49e-01	1.85e-01	2.51e-02
 4.15611e+22	0.00e+00	1.48e-22	4.39e-19	3.80e-16	7.40e-14	8.53e-12	8.38e-10	5.93e-07	3.66e-05	7.98e-04	6.62e-03	3.23e-02	7.73e-02	9.86e-02	1.42e-01	4.42e-01	1.77e-01	2.32e-02
 4.16620e+22	0.00e+00	1.93e-22	5.58e-19	4.69e-16	8.87e-14	9.91e-12	9.45e-10	6.74e-07	4.14e-05	8.92e-04	7.27e-03	3.48e-02	8.16e-02	1.02e-01	1.43e-01	4.37e-01	1.71e-01	2.20e-02
 4.17600e+22	0.00e+00	2.80e-22	7.81e-19	6.30e-16	1.14e-13	1.21e-11	1.11e-09	8.02e-07	4.90e-05	1.04e-03	8.29e-03	3.86e-02	8.80e-02	1.06e-01	1.45e-01	4.30e-01	1.63e-01	2.03e-02
 4.18583e+22	0.00e+00	3.67e-22	9.97e-19	7.82e-16	1.37e-13	1.41e-11	1.25e-09	9.12e-07	5.55e-05	1.17e-03	9.11e-03	4.16e-02	9.29e-02	1.10e-01	1.45e-01	4.24e-01	1.57e-01	1.91e-02
 4.19571e+22	0.00e+00	5.40e-22	1.41e-18	1.06e-15	1.76e-13	1.73e-11	1.46e-09	1.09e-06	6.60e-05	1.37e-03	1.04e-02	4.62e-02	1.00e-01	1.14e-01	1.46e-01	4.15e-01	1.49e-01	1.76e-02
 4.20561e+22	0.00e+00	7.14e-22	1.81e-18	1.32e-15	2.12e-13	2.01e-11	1.64e-09	1.24e-06	7.48e-05	1.53e-03	1.15e-02	4.98e-02	1.06e-01	1.17e-01	1.47e-01	4.08e-01	1.43e-01	1.65e-02
 4.21555e+22	0.00e+00	1.06e-21	2.59e-18	1.79e-15	2.75e-13	2.47e-11	1.92e-09	1.48e-06	8.91e-05	1.79e-03	1.31e-02	5.53e-02	1.14e-01	1.22e-01	1.47e-01	3.97e-01	1.35e-01	1.50e-02
 4.22555e+22	0.00e+00	1.41e-21	3.34e-18	2.24e-15	3.32e-13	2.87e-11	2.16e-09	1.69e-06	1.01e-04	2.01e-03	1.44e-02	5.95e-02	1.19e-01	1.25e-01	1.47e-01	3.89e-01	1.29e-01	1.40e-02
 4.23565e+22	0.00e+00	2.08e-21	4.74e-18	3.04e-15	4.27e-13	3.51e-11	2.52e-09	2.00e-06	1.20e-04	2.35e-03	1.63e-02	6.56e-02	1.28e-01	1.30e-01	1.47e-01	3.78e-01	1.21e-01	1.27e-02
 4.24567e+22	0.00e+00	2.80e-21	6.17e-18	3.81e-15	5.17e-13	4.08e-11	2.83e-09	2.28e-06	1.36e-04	2.63e-03	1.80e-02	7.06e-02	1.34e-01	1.33e-01	1.47e-01	3.68e-01	1.15e-01	1.18e-02
 4.25560e+22	0.00e+00	4.12e-21	8.73e-18	5.14e-15	6.62e-13	4.96e-11	3.28e-09	2.70e-06	1.60e-04	3.05e-03	2.03e-02	7.75e-02	1.43e-01	1.37e-01	1.46e-01	3.56e-01	1.07e-01	1.06e-02
 4.26572e+22	0.00e+00	5.62e-21	1.15e-17	6.53e-15	8.07e-13	5.79e-11	3.69e-09	3.08e-06	1.82e-04	3.43e-03	2.24e-02	8.33e-02	1.50e-01	1.40e-01	1.45e-01	3.45e-01	1.01e-01	9.77e-03
 4.27608e+22	0.00e+00	8.44e-21	1.65e-17	8.91e-15	1.04e-12	7.08e-11	4.29e-09	3.65e-06	2.15e-04	3.99e-03	2.53e-02	9.13e-02	1.59e-01	1.43e-01	1.43e-01	3.31e-01	9.36e-02	8.72e-03
 4.28650e+22	3.01e-32	1.15e-20	2.19e-17	1.13e-14	1.27e-12	8.27e-11	4.82e-09	4.16e-06	2.44e-04	4.48e-03	2.78e-02	9.79e-02	1.67e-01	1.46e-01	1.42e-01	3.20e-01	8.79e-02	7.97e-03
 4.29698e+22	4.64e-32	1.74e-20	3.15e-17	1.55e-14	1.65e-12	1.01e-10	5.59e-09	4.92e-06	2.87e-04	5.19e-03	3.13e-02	1.07e-01	1.76e-01	1.48e-01	1.39e-01	3.05e-01	8.07e-02	7.06e-03
 4.30754e+22	6.48e-32	2.39e-20	4.17e-17	1.97e-14	2.01e-12	1.18e-10	6.27e-09	5.58e-06	3.25e-04	5.80e-03	3.43e-02	1.14e-01	1.83e-01	1.50e-01	1.37e-01	2.93e-01	7.54e-02	6.41e-03
 4.31669e+22	8.97e-32	3.24e-20	5.48e-17	2.48e-14	2.43e-12	1.37e-10	7.00e-09	6.30e-06	3.65e-04	6.45e-03	3.73e-02	1.21e-01	1.90e-01	1.52e-01	1.35e-01	2.82e-01	7.04e-02	5.82e-03
 4.32707e+22	1.38e-31	4.85e-20	7.84e-17	3.37e-14	3.12e-12	1.66e-10	8.08e-09	7.35e-06	4.25e-04	7.40e-03	4.16e-02	1.31e-01	1.99e-01	1.54e-01	1.31e-01	2.66e-01	6.42e-02	5.12e-03
 4.33737e+22	1.86e-31	6.46e-20	1.01e-16	4.19e-14	3.74e-12	1.91e-10	8.97e-09	8.21e-06	4.72e-04	8.14e-03	4.49e-02	1.38e-01	2.05e-01	1.54e-01	1.29e-01	2.56e-01	6.00e-02	4.66e-03
 4.34755e+22	2.78e-31	9.41e-20	1.41e-16	5.57e-14	4.72e-12	2.29e-10	1.03e-08	9.46e-06	5.41e-04	9.20e-03	4.95e-02	1.48e-01	2.13e-01	1.55e-01	1.25e-01	2.41e-01	5.47e-02	4.10e-03
 4.35804e+22	3.85e-31	1.28e-19	1.86e-16	7.02e-14	5.72e-12	2.65e-10	1.15e-08	1.06e-05	6.03e-04	1.01e-02	5.35e-02	1.55e-01	2.19e-01	1.55e-01	1.22e-01	2.30e-01	5.06e-02	3.69e-03
 4.36893e+22	5.89e-31	1.90e-19	2.64e-16	9.48e-14	7.32e-12	3.21e-10	1.32e-08	1.22e-05	6.92e-04	1.15e-02	5.89e-02	1.66e-01	2.26e-01	1.55e-01	1.18e-01	2.15e-01	4.56e-02	3.20e-03
 4.37993e+22	8.08e-31	2.56e-19	3.44e-16	1.19e-13	8.82e-12	3.71e-10	1.47e-08	1.36e-05	7.66e-04	1.26e-02	6.32e-02	1.74e-01	2.31e-01	1.55e-01	1.14e-01	2.04e-01	4.21e-02	2.88e-03
 4.39108e+22	1.23e-30	3.78e-19	4.87e-16	1.60e-13	1.13e-11	4.49e-10	1.70e-08	1.56e-05	8.72e-04	1.41e-02	6.92e-02	1.84e-01	2.38e-01	1.54e-01	1.10e-01	1.90e-01	3.78e-02	2.49e-03
 4.40253e+22	1.70e-30	5.12e-19	6.37e-16	2.01e-13	1.36e-11	5.21e-10	1.90e-08	1.73e-05	9.63e-04	1.54e-02	7.40e-02	1.92e-01	2.42e-01	1.53e-01	1.06e-01	1.80e-01	3.46e-02	2.22e-03
 4.41437e+22	2.59e-30	7.58e-19	9.05e-16	2.71e-13	1.75e-11	6.33e-10	2.20e-08	1.98e-05	1.09e-03	1.72e-02	8.06e-02	2.02e-01	2.47e-01	1.51e-01	1.01e-01	1.67e-01	3.09e-02	1.90e-03
 4.42620e+22	3.55e-30	1.01e-18	1.17e-15	3.38e-13	2.10e-11	7.32e-10	2.46e-08	2.19e-05	1.20e-03	1.87e-02	8.58e-02	2.10e-01	2.51e-01	1.49e-01	9.77e-02	1.57e-01	2.83e-02	1.69e-03
 4.43801e+22	5.32e-30	1.48e-18	1.64e-15	4.50e-13	2.67e-11	8.83e-10	2.84e-08	2.49e-05	1.35e-03	2.07e-02	9.27e-02	2.20e-01	2.55e-01	1.46e-01	9.30e-02	1.45e-01	2.52e-02	1.45e-03
 4.45011e+22	7.30e-30	1.98e-18	2.13e-15	5.64e-13	3.22e-11	1.02e-09	3.18e-08	2.74e-05	1.47e-03	2.24e-02	9.83e-02	2.27e-01	2.57e-01	1.44e-01	8.93e-02	1.36e-01	2.29e-02	1.29e-03
 4.46259e+22	1.10e-29	2.89e-18	2.99e-15	7.52e-13	4.09e-11	1.24e-09	3.68e-08	3.10e-05	1.65e-03	2.47e-02	1.06e-01	2.36e-01	2.60e-01	1.41e-01	8.46e-02	1.25e-01	2.03e-02	1.10e-03
 4.47475e+22	1.46e-29	3.77e-18	3.78e-15	9.21e-13	4.85e-11	1.42e-09	4.08e-08	3.39e-05	1.78e-03	2.64e-02	1.11e-01	2.43e-01	2.61e-01	1.38e-01	8.13e-02	1.18e-01	1.86e-02	9.78e-04
 4.48650e+22	2.13e-29	5.32e-18	5.15e-15	1.20e-12	6.05e-11	1.69e-09	4.67e-08	3.78e-05	1.97e-03	2.88e-02	1.18e-01	2.51e-01	2.62e-01	1.35e-01	7.70e-02	1.09e-01	1.65e-02	8.40e-04
 4.49846e+22	2.83e-29	6.90e-18	6.50e-15	1.47e-12	7.16e-11	1.94e-09	5.19e-08	4.12e-05	2.12e-03	3.07e-02	1.24e-01	2.57e-01	2.63e-01	1.32e-01	7.38e-02	1.02e-01	1.51e-02	7.48e-04
 4.51068e+22	4.10e-29	9.68e-18	8.81e-15	1.90e-12	8.92e-11	2.31e-09	5.95e-08	4.60e-05	2.34e-03	3.33e-02	1.32e-01	2.64e-01	2.63e-01	1.28e-01	6.97e-02	9.36e-02	1.34e-02	6.41e-04
 4.52322e+22	5.53e-29	1.27e-17	1.12e-14	2.35e-12	1.06e-10	2.66e-09	6.64e-08	5.02e-05	2.53e-03	3.56e-02	1.38e-01	2.70e-01	2.63e-01	1.25e-01	6.65e-02	8.73e-02	1.22e-02	5.65e-04
 4.53618e+22	8.08e-29	1.79e-17	1.53e-14	3.06e-12	1.33e-10	3.19e-09	7.64e-08	5.60e-05	2.78e-03	3.86e-02	1.46e-01	2.77e-01	2.62e-01	1.21e-01	6.25e-02	7.98e-02	1.07e-02	4.80e-04
 4.54889e+22	1.07e-28	2.30e-17	1.91e-14	3.71e-12	1.57e-10	3.64e-09	8.46e-08	6.07e-05	2.98e-03	4.08e-02	1.52e-01	2.82e-01	2.61e-01	1.18e-01	5.96e-02	7.46e-02	9.75e-03	4.26e-04
 4.56130e+22	1.53e-28	3.19e-17	2.56e-14	4.77e-12	1.94e-10	4.31e-09	9.67e-08	6.72e-05	3.25e-03	4.40e-02	1.60e-01	2.87e-01	2.59e-01	1.14e-01	5.60e-02	6.82e-02	8.61e-03	3.63e-04
 4.57383e+22	1.99e-28	4.04e-17	3.17e-14	5.74e-12	2.27e-10	4.90e-09	1.07e-07	7.26e-05	3.47e-03	4.64e-02	1.66e-01	2.91e-01	2.57e-01	1.10e-01	5.34e-02	6.38e-02	7.85e-03	3.23e-04
 4.58650e+22	2.84e-28	5.56e-17	4.23e-14	7.34e-12	2.79e-10	5.81e-09	1.22e-07	8.03e-05	3.78e-03	4.97e-02	1.74e-01	2.96e-01	2.54e-01	1.06e-01	5.01e-02	5.82e-02	6.92e-03	2.75e-04
 4.59944e+22	3.72e-28	7.08e-17	5.25e-14	8.87e-12	3.28e-10	6.62e-09	1.35e-07	8.69e-05	4.04e-03	5.24e-02	1.80e-01	3.00e-01	2.52e-01	1.03e-01	4.76e-02	5.43e-02	6.28e-03	2.43e-04
 4.61270e+22	5.33e-28	9.77e-17	7.01e-14	1.14e-11	4.05e-10	7.86e-09	1.55e-07	9.62e-05	4.39e-03	5.62e-02	1.88e-01	3.04e-01	2.49e-01	9.86e-02	4.44e-02	4.93e-02	5.50e-03	2.06e-04
 4.62620e+22	3.99e-29	1.25e-16	8.73e-14	1.38e-11	4.77e-10	8.98e-09	1.72e-07	1.04e-04	4.69e-03	5.92e-02	1.95e-01	3.07e-01	2.46e-01	9.53e-02	4.21e-02	4.58e-02	4.97e-03	1.81e-04
 4.64002e+22	5.19e-29	1.72e-16	1.17e-13	1.77e-11	5.90e-10	1.07e-08	1.98e-07	1.15e-04	5.10e-03	6.33e-02	2.03e-01	3.11e-01	2.42e-01	9.09e-02	3.92e-02	4.14e-02	4.34e-03	1.53e-04
 4.65410e+22	6.94e-29	2.20e-16	1.45e-13	2.14e-11	6.96e-10	1.22e-08	2.20e-07	1.25e-04	5.45e-03	6.66e-02	2.10e-01	3.13e-01	2.38e-01	8.76e-02	3.70e-02	3.83e-02	3.91e-03	1.34e-04
 4.66851e+22	1.02e-28	3.03e-16	1.95e-13	2.76e-11	8.64e-10	1.46e-08	2.53e-07	1.39e-04	5.93e-03	7.11e-02	2.19e-01	3.16e-01	2.33e-01	8.32e-02	3.43e-02	3.45e-02	3.39e-03	1.12e-04
 4.68259e+22	1.34e-28	3.77e-16	2.37e-13	3.28e-11	1.00e-09	1.65e-08	2.79e-07	1.50e-04	6.29e-03	7.43e-02	2.25e-01	3.17e-01	2.29e-01	8.03e-02	3.25e-02	3.21e-02	3.08e-03	9.92e-05
 4.69625e+22	1.93e-28	5.11e-16	3.12e-13	4.16e-11	1.23e-09	1.95e-08	3.18e-07	1.65e-04	6.79e-03	7.89e-02	2.33e-01	3.19e-01	2.24e-01	7.62e-02	3.02e-02	2.90e-02	2.69e-03	8.36e-05
 4.71013e+22	2.54e-28	6.35e-16	3.80e-13	4.94e-11	1.42e-09	2.21e-08	3.52e-07	1.78e-04	7.20e-03	8.24e-02	2.39e-01	3.19e-01	2.20e-01	7.34e-02	2.85e-02	2.70e-02	2.43e-03	7.38e-05
 4.72429e+22	3.64e-28	8.53e-16	4.96e-13	6.24e-11	1.74e-09	2.60e-08	4.01e-07	1.96e-04	7.77e-03	8.73e-02	2.47e-01	3.20e-01	2.15e-01	6.96e-02	2.64e-02	2.43e-02	2.12e-03	6.23e-05
 4.73889e+22	4.93e-28	1.08e-15	6.15e-13	7.53e-11	2.05e-09	2.98e-08	4.47e-07	2.12e-04	8.27e-03	9.14e-02	2.54e-01	3.20e-01	2.10e-01	6.65e-02	2.48e-02	2.24e-02	1.90e-03	5.42e-05
 4.75406e+22	7.08e-28	1.46e-15	8.05e-13	9.53e-11	2.51e-09	3.52e-08	5.11e-07	2.34e-04	8.94e-03	9.67e-02	2.62e-01	3.20e-01	2.04e-01	6.28e-02	2.29e-02	2.01e-02	1.65e-03	4.54e-05
 4.76974e+22	9.82e-28	1.87e-15	1.01e-12	1.16e-10	2.98e-09	4.07e-08	5.73e-07	2.55e-04	9.54e-03	1.01e-01	2.69e-01	3.20e-01	1.99e-01	5.98e-02	2.14e-02	1.84e-02	1.46e-03	3.91e-05
 4.78606e+22	1.44e-27	2.55e-15	1.34e-12	1.49e-10	3.68e-09	4.85e-08	6.61e-07	2.83e-04	1.03e-02	1.07e-01	2.77e-01	3.19e-01	1.93e-01	5.61e-02	1.96e-02	1.64e-02	1.26e-03	3.24e-05
 4.80283e+22	2.02e-27	3.30e-15	1.69e-12	1.83e-10	4.39e-09	5.62e-08	7.44e-07	3.09e-04	1.11e-02	1.13e-01	2.84e-01	3.17e-01	1.87e-01	5.32e-02	1.82e-02	1.49e-02	1.11e-03	2.77e-05
 4.82018e+22	3.01e-27	4.54e-15	2.26e-12	2.36e-10	5.47e-09	6.75e-08	8.63e-07	3.45e-04	1.20e-02	1.19e-01	2.92e-01	3.15e-01	1.80e-01	4.96e-02	1.66e-02	1.32e-02	9.44e-04	2.27e-05
 4.83811e+22	4.29e-27	5.94e-15	2.89e-12	2.92e-10	6.59e-09	7.89e-08	9.78e-07	3.79e-04	1.29e-02	1.25e-01	2.99e-01	3.13e-01	1.74e-01	4.67e-02	1.53e-02	1.19e-02	8.23e-04	1.92e-05
 4.85679e+22	6.52e-27	8.27e-15	3.90e-12	3.81e-10	8.30e-09	9.56e-08	1.14e-06	4.25e-04	1.40e-02	1.33e-01	3.08e-01	3.10e-01	1.67e-01	4.33e-02	1.38e-02	1.04e-02	6.94e-04	1.56e-05
 4.87596e+22	9.40e-27	1.09e-14	5.03e-12	4.76e-10	1.01e-08	1.12e-07	1.30e-06	4.68e-04	1.51e-02	1.39e-01	3.15e-01	3.07e-01	1.61e-01	4.06e-02	1.27e-02	9.32e-03	6.00e-04	1.30e-05
 4.89317e+22	1.32e-26	1.42e-14	6.39e-12	5.88e-10	1.21e-08	1.31e-07	1.47e-06	5.13e-04	1.61e-02	1.45e-01	3.21e-01	3.04e-01	1.55e-01	3.81e-02	1.17e-02	8.37e-03	5.22e-04	1.10e-05
 4.91294e+22	2.08e-26	2.02e-14	8.82e-12	7.81e-10	1.54e-08	1.61e-07	1.74e-06	5.79e-04	1.76e-02	1.54e-01	3.29e-01	2.99e-01	1.47e-01	3.49e-02	1.04e-02	7.23e-03	4.32e-04	8.68e-06
 4.93283e+22	2.91e-26	2.63e-14	1.12e-11	9.64e-10	1.85e-08	1.87e-07	1.97e-06	6.34e-04	1.88e-02	1.61e-01	3.35e-01	2.95e-01	1.41e-01	3.26e-02	9.55e-03	6.48e-03	3.75e-04	7.30e-06
 4.95288e+22	4.54e-26	3.72e-14	1.53e-11	1.27e-09	2.36e-08	2.29e-07	2.31e-06	7.14e-04	2.05e-02	1.70e-01	3.42e-01	2.89e-01	1.34e-01	2.98e-02	8.50e-03	5.59e-03	3.09e-04	5.78e-06
 4.97336e+22	6.53e-26	4.91e-14	1.98e-11	1.59e-09	2.86e-08	2.69e-07	2.64e-06	7.86e-04	2.19e-02	1.78e-01	3.47e-01	2.84e-01	1.28e-01	2.77e-02	7.73e-03	4.95e-03	2.65e-04	4.77e-06
 4.99439e+22	1.03e-25	7.01e-14	2.73e-11	2.12e-09	3.66e-08	3.31e-07	3.12e-06	8.88e-04	2.39e-02	1.88e-01	3.54e-01	2.77e-01	1.20e-01	2.51e-02	6.83e-03	4.24e-03	2.16e-04	3.73e-06
 5.01574e+22	1.49e-25	9.35e-14	3.55e-11	2.66e-09	4.47e-08	3.91e-07	3.57e-06	9.80e-04	2.57e-02	1.96e-01	3.59e-01	2.71e-01	1.14e-01	2.32e-02	6.17e-03	3.73e-03	1.83e-04	3.05e-06
 5.03752e+22	2.38e-25	1.36e-13	4.98e-11	3.58e-09	5.78e-08	4.85e-07	4.24e-06	1.11e-03	2.80e-02	2.07e-01	3.65e-01	2.63e-01	1.07e-01	2.08e-02	5.40e-03	3.15e-03	1.48e-04	2.34e-06
 5.05810e+22	3.25e-25	1.73e-13	6.22e-11	4.35e-09	6.85e-08	5.59e-07	4.76e-06	1.21e-03	2.97e-02	2.14e-01	3.68e-01	2.58e-01	1.02e-01	1.94e-02	4.94e-03	2.81e-03	1.28e-04	1.96e-06
 5.07714e+22	4.90e-25	2.40e-13	8.35e-11	5.64e-09	8.57e-08	6.75e-07	5.54e-06	1.35e-03	3.20e-02	2.24e-01	3.73e-01	2.50e-01	9.54e-02	1.76e-02	4.38e-03	2.41e-03	1.05e-04	1.54e-06
 5.09633e+22	6.68e-25	3.06e-13	1.04e-10	6.86e-09	1.02e-07	7.78e-07	6.22e-06	1.46e-03	3.39e-02	2.32e-01	3.76e-01	2.44e-01	9.08e-02	1.63e-02	3.99e-03	2.15e-03	9.05e-05	1.29e-06
 5.11573e+22	1.01e-24	4.26e-13	1.41e-10	8.92e-09	1.28e-07	9.43e-07	7.27e-06	1.63e-03	3.66e-02	2.42e-01	3.79e-01	2.36e-01	8.46e-02	1.47e-02	3.51e-03	1.83e-03	7.36e-05	1.00e-06
 5.13531e+22	1.39e-24	5.49e-13	1.77e-10	1.09e-08	1.52e-07	1.09e-06	8.20e-06	1.78e-03	3.88e-02	2.50e-01	3.81e-01	2.29e-01	8.01e-02	1.35e-02	3.18e-03	1.61e-03	6.28e-05	8.28e-07
 5.15511e+22	2.11e-24	7.68e-13	2.40e-10	1.42e-08	1.92e-07	1.33e-06	9.61e-06	1.99e-03	4.19e-02	2.61e-01	3.84e-01	2.21e-01	7.43e-02	1.21e-02	2.79e-03	1.36e-03	5.07e-05	6.37e-07
 5.17519e+22	2.92e-24	9.94e-13	3.04e-10	1.75e-08	2.30e-07	1.55e-06	1.09e-05	2.17e-03	4.44e-02	2.70e-01	3.85e-01	2.14e-01	7.00e-02	1.11e-02	2.51e-03	1.19e-03	4.28e-05	5.20e-07
 5.19563e+22	4.47e-24	1.40e-12	4.15e-10	2.30e-08	2.93e-07	1.89e-06	1.28e-05	2.44e-03	4.80e-02	2.81e-01	3.86e-01	2.04e-01	6.44e-02	9.84e-03	2.17e-03	9.96e-04	3.40e-05	3.93e-07
 5.21634e+22	6.21e-24	1.82e-12	5.26e-10	2.84e-08	3.52e-07	2.21e-06	1.46e-05	2.67e-03	5.09e-02	2.90e-01	3.87e-01	1.97e-01	6.04e-02	8.96e-03	1.94e-03	8.66e-04	2.85e-05	3.17e-07
 5.23740e+22	9.53e-24	2.58e-12	7.21e-10	3.74e-08	4.49e-07	2.72e-06	1.73e-05	3.01e-03	5.51e-02	3.03e-01	3.87e-01	1.87e-01	5.52e-02	7.88e-03	1.67e-03	7.15e-04	2.24e-05	2.37e-07
 5.25890e+22	1.34e-23	3.39e-12	9.26e-10	4.66e-08	5.46e-07	3.22e-06	1.99e-05	3.31e-03	5.86e-02	3.12e-01	3.86e-01	1.79e-01	5.12e-02	7.09e-03	1.48e-03	6.12e-04	1.84e-05	1.87e-07
 5.28097e+22	2.08e-23	4.84e-12	1.28e-09	6.21e-08	7.05e-07	4.00e-06	2.38e-05	3.76e-03	6.36e-02	3.25e-01	3.84e-01	1.69e-01	4.63e-02	6.15e-03	1.25e-03	4.97e-04	1.41e-05	1.36e-07
 5.30350e+22	2.96e-23	6.42e-12	1.65e-09	7.79e-08	8.64e-07	4.76e-06	2.75e-05	4.15e-03	6.78e-02	3.36e-01	3.82e-01	1.61e-01	4.26e-02	5.47e-03	1.10e-03	4.20e-04	1.14e-05	0.00e+00
 5.32592e+22	4.52e-23	9.02e-12	2.26e-09	1.03e-07	1.11e-06	5.90e-06	3.30e-05	4.71e-03	7.34e-02	3.48e-01	3.79e-01	1.50e-01	3.82e-02	4.72e-03	9.25e-04	3.39e-04	8.72e-06	0.00e+00
 5.34721e+22	6.12e-23	1.15e-11	2.81e-09	1.25e-07	1.33e-06	6.89e-06	3.75e-05	5.15e-03	7.76e-02	3.57e-01	3.76e-01	1.43e-01	3.54e-02	4.24e-03	8.18e-04	2.90e-04	7.18e-06	0.00e+00
 5.36775e+22	8.99e-23	1.56e-11	3.74e-09	1.62e-07	1.67e-06	8.43e-06	4.46e-05	5.79e-03	8.36e-02	3.69e-01	3.71e-01	1.34e-01	3.18e-02	3.66e-03	6.93e-04	2.36e-04	5.53e-06	0.00e+00
 5.38867e+22	1.22e-22	1.99e-11	4.67e-09	1.98e-07	2.01e-06	9.91e-06	5.11e-05	6.36e-03	8.86e-02	3.79e-01	3.67e-01	1.26e-01	2.91e-02	3.25e-03	6.07e-04	1.99e-04	4.48e-06	0.00e+00
 5.40924e+22	1.74e-22	2.65e-11	6.07e-09	2.52e-07	2.52e-06	1.20e-05	6.05e-05	7.13e-03	9.50e-02	3.90e-01	3.60e-01	1.18e-01	2.61e-02	2.81e-03	5.14e-04	1.62e-04	3.45e-06	0.00e+00
 5.43023e+22	2.36e-22	3.36e-11	7.59e-09	3.09e-07	3.04e-06	1.42e-05	6.99e-05	7.88e-03	1.01e-01	3.99e-01	3.55e-01	1.10e-01	2.37e-02	2.46e-03	4.45e-04	1.35e-04	2.75e-06	0.00e+00
 5.45067e+22	3.26e-22	4.33e-11	9.64e-09	3.86e-07	3.75e-06	1.71e-05	8.21e-05	8.78e-03	1.08e-01	4.10e-01	3.47e-01	1.03e-01	2.12e-02	2.13e-03	3.78e-04	1.10e-04	2.13e-06	0.00e+00
 5.47155e+22	4.39e-22	5.47e-11	1.20e-08	4.75e-07	4.55e-06	2.03e-05	9.55e-05	9.73e-03	1.15e-01	4.19e-01	3.40e-01	9.56e-02	1.91e-02	1.85e-03	3.24e-04	9.05e-05	1.67e-06	0.00e+00
 5.49222e+22	5.93e-22	6.90e-11	1.50e-08	5.85e-07	5.54e-06	2.43e-05	1.12e-04	1.08e-02	1.22e-01	4.28e-01	3.32e-01	8.85e-02	1.70e-02	1.60e-03	2.75e-04	7.38e-05	1.30e-06	0.00e+00
 5.51299e+22	7.88e-22	8.58e-11	1.85e-08	7.15e-07	6.71e-06	2.88e-05	1.30e-04	1.20e-02	1.29e-01	4.36e-01	3.23e-01	8.20e-02	1.52e-02	1.38e-03	2.34e-04	6.03e-05	1.01e-06	0.00e+00
 5.53352e+22	1.04e-21	1.06e-10	2.27e-08	8.69e-07	8.10e-06	3.42e-05	1.51e-04	1.33e-02	1.37e-01	4.44e-01	3.14e-01	7.57e-02	1.36e-02	1.19e-03	1.99e-04	4.92e-05	7.87e-07	0.00e+00
 5.55402e+22	1.35e-21	1.29e-10	2.76e-08	1.05e-06	9.74e-06	4.04e-05	1.76e-04	1.47e-02	1.45e-01	4.52e-01	3.05e-01	6.98e-02	1.21e-02	1.02e-03	1.69e-04	4.02e-05	6.12e-07	0.00e+00
 5.57455e+22	1.75e-21	1.56e-10	3.34e-08	1.27e-06	1.17e-05	4.77e-05	2.05e-04	1.63e-02	1.54e-01	4.58e-01	2.95e-01	6.43e-02	1.08e-02	8.81e-04	1.43e-04	3.27e-05	4.75e-07	0.00e+00
 5.59517e+22	2.26e-21	1.88e-10	4.03e-08	1.52e-06	1.40e-05	5.61e-05	2.38e-04	1.80e-02	1.63e-01	4.64e-01	2.85e-01	5.90e-02	9.57e-03	7.57e-04	1.21e-04	2.66e-05	3.68e-07	0.00e+00
 5.61590e+22	2.89e-21	2.24e-10	4.83e-08	1.83e-06	1.67e-05	6.61e-05	2.76e-04	1.98e-02	1.72e-01	4.69e-01	2.75e-01	5.41e-02	8.48e-03	6.48e-04	1.02e-04	2.16e-05	2.84e-07	0.00e+00
 5.63682e+22	3.68e-21	2.66e-10	5.78e-08	2.18e-06	1.99e-05	7.77e-05	3.21e-04	2.19e-02	1.81e-01	4.74e-01	2.65e-01	4.95e-02	7.50e-03	5.55e-04	8.62e-05	1.74e-05	2.19e-07	0.00e+00
 5.65800e+22	4.66e-21	3.13e-10	6.88e-08	2.60e-06	2.38e-05	9.12e-05	3.72e-04	2.42e-02	1.91e-01	4.78e-01	2.54e-01	4.51e-02	6.62e-03	4.73e-04	7.24e-05	1.41e-05	1.69e-07	0.00e+00
 5.67927e+22	5.87e-21	3.67e-10	8.16e-08	3.09e-06	2.82e-05	1.07e-04	4.32e-04	2.66e-02	2.01e-01	4.81e-01	2.44e-01	4.11e-02	5.84e-03	4.04e-04	6.09e-05	1.14e-05	1.30e-07	0.00e+00
 5.70089e+22	7.40e-21	4.29e-10	9.69e-08	3.68e-06	3.36e-05	1.25e-04	5.02e-04	2.94e-02	2.12e-01	4.83e-01	2.33e-01	3.73e-02	5.13e-03	3.43e-04	5.09e-05	9.13e-06	0.00e+00	0.00e+00
 5.72277e+22	9.27e-21	4.98e-10	1.14e-07	4.35e-06	3.97e-05	1.47e-04	5.81e-04	3.23e-02	2.22e-01	4.84e-01	2.22e-01	3.39e-02	4.51e-03	2.92e-04	4.27e-05	7.35e-06	0.00e+00	0.00e+00
 5.74506e+22	1.17e-20	5.78e-10	1.36e-07	5.18e-06	4.72e-05	1.72e-04	6.77e-04	3.57e-02	2.34e-01	4.84e-01	2.11e-01	3.05e-02	3.94e-03	2.46e-04	3.54e-05	5.85e-06	0.00e+00	0.00e+00
 5.76580e+22	1.41e-20	6.52e-10	1.56e-07	5.95e-06	5.43e-05	1.96e-04	7.64e-04	3.86e-02	2.43e-01	4.83e-01	2.02e-01	2.81e-02	3.53e-03	2.14e-04	3.05e-05	4.87e-06	0.00e+00	0.00e+00
