#depth	Si	Si+	Si+2	Si+3	Si+4	Si+5	Si+6	Si+7	Si+8	Si+9	Si+10	Si+11	Si+12	Si+13	Si+14
 4.62852e+21	0.00e+00	0.00e+00	0.00e+00	0.00e+00	0.00e+00	1.56e-27	2.15e-23	9.74e-20	1.91e-16	1.85e-13	1.12e-10	6.80e-08	9.72e-05	1.79e-02	9.82e-01
 1.05385e+22	0.00e+00	0.00e+00	0.00e+00	0.00e+00	1.21e-30	3.83e-26	3.67e-22	1.16e-18	1.61e-15	1.09e-12	4.62e-10	1.96e-07	1.97e-04	2.54e-02	9.74e-01
 1.26906e+22	0.00e+00	0.00e+00	0.00e+00	0.00e+00	1.32e-29	3.30e-25	2.48e-21	6.17e-18	6.70e-15	3.55e-12	1.19e-09	4.00e-07	3.16e-04	3.20e-02	9.68e-01
 1.42577e+22	0.00e+00	0.00e+00	0.00e+00	0.00e+00	8.96e-29	1.84e-24	1.14e-20	2.34e-17	2.09e-14	9.13e-12	2.54e-09	7.03e-07	4.59e-04	3.85e-02	9.61e-01
 1.51283e+22	0.00e+00	0.00e+00	0.00e+00	0.00e+00	1.46e-28	2.85e-24	1.68e-20	3.28e-17	2.79e-14	1.16e-11	3.08e-09	8.11e-07	5.05e-04	4.04e-02	9.59e-01
 1.54703e+22	0.00e+00	0.00e+00	0.00e+00	0.00e+00	2.29e-28	4.28e-24	2.41e-20	4.50e-17	3.65e-14	1.45e-11	3.68e-09	9.27e-07	5.52e-04	4.22e-02	9.57e-01
 1.57865e+22	0.00e+00	0.00e+00	0.00e+00	0.00e+00	3.41e-28	6.11e-24	3.31e-20	5.92e-17	4.61e-14	1.76e-11	4.29e-09	1.04e-06	5.96e-04	4.38e-02	9.56e-01
 1.61276e+22	0.00e+00	0.00e+00	0.00e+00	0.00e+00	5.73e-28	9.75e-24	5.01e-20	8.51e-17	6.29e-14	2.28e-11	5.27e-09	1.21e-06	6.60e-04	4.60e-02	9.53e-01
 1.64684e+22	0.00e+00	0.00e+00	0.00e+00	8.93e-33	8.75e-28	1.43e-23	7.02e-20	1.14e-16	8.09e-14	2.81e-11	6.23e-09	1.38e-06	7.17e-04	4.79e-02	9.51e-01
 1.67614e+22	0.00e+00	0.00e+00	0.00e+00	1.38e-32	1.30e-27	2.03e-23	9.63e-20	1.50e-16	1.02e-13	3.41e-11	7.28e-09	1.55e-06	7.74e-04	4.97e-02	9.49e-01
 1.70947e+22	0.00e+00	0.00e+00	0.00e+00	2.34e-32	2.09e-27	3.13e-23	1.41e-19	2.10e-16	1.36e-13	4.32e-11	8.79e-09	1.78e-06	8.50e-04	5.20e-02	9.47e-01
 1.74404e+22	0.00e+00	0.00e+00	0.00e+00	3.82e-32	3.28e-27	4.67e-23	2.02e-19	2.87e-16	1.77e-13	5.38e-11	1.05e-08	2.03e-06	9.27e-04	5.43e-02	9.45e-01
 1.77397e+22	0.00e+00	0.00e+00	0.00e+00	5.94e-32	4.89e-27	6.70e-23	2.78e-19	3.79e-16	2.25e-13	6.56e-11	1.23e-08	2.28e-06	1.00e-03	5.64e-02	9.43e-01
 1.80662e+22	0.00e+00	0.00e+00	0.00e+00	9.99e-32	7.85e-27	1.02e-22	4.05e-19	5.26e-16	2.98e-13	8.27e-11	1.48e-08	2.62e-06	1.10e-03	5.90e-02	9.40e-01
 1.84119e+22	0.00e+00	0.00e+00	0.00e+00	1.64e-31	1.23e-26	1.54e-22	5.80e-19	7.20e-16	3.89e-13	1.03e-10	1.77e-08	2.99e-06	1.20e-03	6.15e-02	9.37e-01
 1.87217e+22	0.00e+00	0.00e+00	0.00e+00	2.59e-31	1.87e-26	2.24e-22	8.09e-19	9.63e-16	4.98e-13	1.27e-10	2.08e-08	3.38e-06	1.30e-03	6.40e-02	9.35e-01
 1.89963e+22	0.00e+00	0.00e+00	0.00e+00	3.87e-31	2.69e-26	3.10e-22	1.08e-18	1.24e-15	6.19e-13	1.52e-10	2.40e-08	3.77e-06	1.40e-03	6.62e-02	9.32e-01
 1.92470e+22	0.00e+00	0.00e+00	0.00e+00	5.59e-31	3.76e-26	4.19e-22	1.41e-18	1.56e-15	7.54e-13	1.79e-10	2.74e-08	4.15e-06	1.49e-03	6.83e-02	9.30e-01
 1.95340e+22	0.00e+00	0.00e+00	0.00e+00	8.69e-31	5.61e-26	6.00e-22	1.94e-18	2.07e-15	9.56e-13	2.18e-10	3.20e-08	4.67e-06	1.61e-03	7.09e-02	9.27e-01
 1.98445e+22	0.00e+00	0.00e+00	0.00e+00	1.36e-30	8.42e-26	8.65e-22	2.69e-18	2.75e-15	1.22e-12	2.66e-10	3.76e-08	5.26e-06	1.74e-03	7.36e-02	9.25e-01
 2.01262e+22	0.00e+00	0.00e+00	0.00e+00	2.05e-30	1.23e-25	1.21e-21	3.63e-18	3.57e-15	1.52e-12	3.20e-10	4.36e-08	5.87e-06	1.87e-03	7.62e-02	9.22e-01
 2.03926e+22	0.00e+00	0.00e+00	0.00e+00	3.08e-30	1.77e-25	1.69e-21	4.86e-18	4.60e-15	1.89e-12	3.83e-10	5.03e-08	6.54e-06	2.01e-03	7.89e-02	9.19e-01
 2.06557e+22	0.00e+00	0.00e+00	0.00e+00	4.53e-30	2.52e-25	2.32e-21	6.44e-18	5.88e-15	2.33e-12	4.56e-10	5.78e-08	7.25e-06	2.15e-03	8.15e-02	9.16e-01
 2.09550e+22	0.00e+00	0.00e+00	0.00e+00	7.22e-30	3.85e-25	3.39e-21	9.03e-18	7.90e-15	3.00e-12	5.61e-10	6.82e-08	8.20e-06	2.33e-03	8.47e-02	9.13e-01
 2.12685e+22	0.00e+00	0.00e+00	0.00e+00	1.13e-29	5.79e-25	4.89e-21	1.25e-17	1.05e-14	3.82e-12	6.87e-10	8.01e-08	9.25e-06	2.52e-03	8.79e-02	9.10e-01
 2.15413e+22	0.00e+00	0.00e+00	0.00e+00	1.69e-29	8.34e-25	6.80e-21	1.67e-17	1.35e-14	4.75e-12	8.22e-10	9.25e-08	1.03e-05	2.71e-03	9.09e-02	9.06e-01
 2.17824e+22	0.00e+00	0.00e+00	0.00e+00	2.41e-29	1.15e-24	9.08e-21	2.17e-17	1.70e-14	5.75e-12	9.63e-10	1.05e-07	1.13e-05	2.88e-03	9.36e-02	9.03e-01
 2.20416e+22	0.00e+00	0.00e+00	0.00e+00	3.59e-29	1.66e-24	1.26e-20	2.89e-17	2.18e-14	7.13e-12	1.15e-09	1.21e-07	1.26e-05	3.09e-03	9.68e-02	9.00e-01
 2.23215e+22	0.00e+00	0.00e+00	0.00e+00	5.36e-29	2.38e-24	1.75e-20	3.87e-17	2.81e-14	8.85e-12	1.38e-09	1.40e-07	1.40e-05	3.31e-03	1.00e-01	8.97e-01
 2.25760e+22	0.00e+00	0.00e+00	0.00e+00	7.74e-29	3.33e-24	2.36e-20	5.05e-17	3.55e-14	1.08e-11	1.62e-09	1.59e-07	1.54e-05	3.53e-03	1.03e-01	8.93e-01
 2.28543e+22	0.00e+00	0.00e+00	4.19e-33	1.20e-28	4.96e-24	3.37e-20	6.94e-17	4.68e-14	1.37e-11	1.97e-09	1.86e-07	1.73e-05	3.81e-03	1.07e-01	8.89e-01
 2.31452e+22	0.00e+00	0.00e+00	6.58e-33	1.82e-28	7.24e-24	4.74e-20	9.39e-17	6.09e-14	1.71e-11	2.38e-09	2.16e-07	1.93e-05	4.09e-03	1.11e-01	8.85e-01
 2.33908e+22	0.00e+00	0.00e+00	9.68e-33	2.60e-28	1.00e-23	6.35e-20	1.22e-16	7.64e-14	2.08e-11	2.79e-09	2.45e-07	2.12e-05	4.35e-03	1.14e-01	8.82e-01
 2.36488e+22	0.00e+00	0.00e+00	1.50e-32	3.89e-28	1.45e-23	8.84e-20	1.63e-16	9.87e-14	2.58e-11	3.34e-09	2.83e-07	2.36e-05	4.67e-03	1.18e-01	8.78e-01
 2.39246e+22	0.00e+00	0.00e+00	2.30e-32	5.77e-28	2.07e-23	1.22e-19	2.17e-16	1.27e-13	3.19e-11	3.98e-09	3.25e-07	2.62e-05	5.00e-03	1.21e-01	8.74e-01
 2.41749e+22	0.00e+00	0.00e+00	3.41e-32	8.30e-28	2.88e-23	1.64e-19	2.83e-16	1.59e-13	3.89e-11	4.69e-09	3.70e-07	2.88e-05	5.32e-03	1.25e-01	8.70e-01
 2.44512e+22	0.00e+00	0.00e+00	5.45e-32	1.28e-27	4.28e-23	2.34e-19	3.88e-16	2.10e-13	4.91e-11	5.69e-09	4.32e-07	3.23e-05	5.73e-03	1.29e-01	8.65e-01
 2.47412e+22	0.00e+00	0.00e+00	8.54e-32	1.93e-27	6.23e-23	3.29e-19	5.23e-16	2.73e-13	6.14e-11	6.85e-09	5.01e-07	3.61e-05	6.15e-03	1.34e-01	8.60e-01
 2.49837e+22	0.00e+00	0.00e+00	1.25e-31	2.74e-27	8.57e-23	4.37e-19	6.75e-16	3.40e-13	7.42e-11	8.01e-09	5.67e-07	3.96e-05	6.53e-03	1.37e-01	8.56e-01
 2.52004e+22	0.00e+00	0.00e+00	1.74e-31	3.74e-27	1.14e-22	5.64e-19	8.45e-16	4.14e-13	8.77e-11	9.20e-09	6.33e-07	4.29e-05	6.89e-03	1.41e-01	8.52e-01
 2.54487e+22	0.00e+00	0.00e+00	2.65e-31	5.51e-27	1.62e-22	7.74e-19	1.12e-15	5.29e-13	1.08e-10	1.09e-08	7.27e-07	4.75e-05	7.36e-03	1.45e-01	8.47e-01
 2.57179e+22	0.00e+00	0.00e+00	4.05e-31	8.12e-27	2.30e-22	1.06e-18	1.49e-15	6.77e-13	1.33e-10	1.30e-08	8.34e-07	5.26e-05	7.87e-03	1.50e-01	8.43e-01
 2.59664e+22	0.00e+00	0.00e+00	6.02e-31	1.17e-26	3.21e-22	1.44e-18	1.94e-15	8.55e-13	1.63e-10	1.53e-08	9.51e-07	5.80e-05	8.38e-03	1.54e-01	8.38e-01
 2.62416e+22	0.00e+00	0.00e+00	9.64e-31	1.81e-26	4.78e-22	2.05e-18	2.66e-15	1.13e-12	2.06e-10	1.86e-08	1.11e-06	6.50e-05	9.02e-03	1.59e-01	8.32e-01
 2.65160e+22	0.00e+00	0.00e+00	1.47e-30	2.66e-26	6.80e-22	2.82e-18	3.53e-15	1.44e-12	2.54e-10	2.22e-08	1.27e-06	7.19e-05	9.63e-03	1.64e-01	8.26e-01
 2.67394e+22	0.00e+00	0.00e+00	2.09e-30	3.70e-26	9.17e-22	3.69e-18	4.48e-15	1.77e-12	3.03e-10	2.57e-08	1.43e-06	7.84e-05	1.02e-02	1.68e-01	8.22e-01
 2.69797e+22	0.00e+00	0.00e+00	3.16e-30	5.40e-26	1.29e-21	5.03e-18	5.90e-15	2.26e-12	3.72e-10	3.04e-08	1.64e-06	8.66e-05	1.09e-02	1.73e-01	8.16e-01
 2.72425e+22	0.00e+00	0.00e+00	4.80e-30	7.95e-26	1.84e-21	6.90e-18	7.82e-15	2.88e-12	4.59e-10	3.62e-08	1.88e-06	9.58e-05	1.16e-02	1.78e-01	8.10e-01
 2.74868e+22	0.00e+00	0.00e+00	7.03e-30	1.13e-25	2.54e-21	9.21e-18	1.01e-14	3.60e-12	5.55e-10	4.23e-08	2.13e-06	1.05e-04	1.23e-02	1.83e-01	8.05e-01
 2.77570e+22	0.00e+00	0.00e+00	1.12e-29	1.73e-25	3.75e-21	1.31e-17	1.38e-14	4.73e-12	7.00e-10	5.13e-08	2.48e-06	1.17e-04	1.32e-02	1.89e-01	7.98e-01
 2.80279e+22	0.00e+00	0.00e+00	1.71e-29	2.57e-25	5.37e-21	1.81e-17	1.84e-14	6.07e-12	8.67e-10	6.13e-08	2.85e-06	1.30e-04	1.41e-02	1.94e-01	7.92e-01
 2.82477e+22	0.00e+00	0.00e+00	2.40e-29	3.50e-25	7.13e-21	2.33e-17	2.30e-14	7.40e-12	1.03e-09	7.04e-08	3.18e-06	1.41e-04	1.49e-02	1.99e-01	7.86e-01
 2.84815e+22	0.00e+00	0.00e+00	3.62e-29	5.12e-25	1.01e-20	3.18e-17	3.04e-14	9.42e-12	1.26e-09	8.35e-08	3.64e-06	1.56e-04	1.59e-02	2.04e-01	7.80e-01
 2.87358e+22	0.00e+00	0.00e+00	5.40e-29	7.39e-25	1.41e-20	4.31e-17	3.97e-14	1.19e-11	1.54e-09	9.85e-08	4.15e-06	1.72e-04	1.69e-02	2.10e-01	7.73e-01
 2.89773e+22	0.00e+00	1.22e-33	8.04e-29	1.07e-24	1.97e-20	5.82e-17	5.19e-14	1.50e-11	1.88e-09	1.16e-07	4.72e-06	1.89e-04	1.79e-02	2.15e-01	7.67e-01
 2.92146e+22	0.00e+00	1.86e-33	1.19e-28	1.52e-24	2.73e-20	7.81e-17	6.74e-14	1.89e-11	2.28e-09	1.36e-07	5.36e-06	2.07e-04	1.90e-02	2.21e-01	7.60e-01
 2.94422e+22	0.00e+00	2.78e-33	1.73e-28	2.15e-24	3.75e-20	1.04e-16	8.67e-14	2.35e-11	2.76e-09	1.59e-07	6.07e-06	2.27e-04	2.01e-02	2.26e-01	7.53e-01
 2.96592e+22	0.00e+00	2.94e-33	1.78e-28	2.16e-24	5.06e-20	1.36e-16	1.10e-13	2.90e-11	3.30e-09	1.85e-07	6.82e-06	2.47e-04	2.13e-02	2.31e-01	7.47e-01
 2.99061e+22	0.00e+00	4.79e-33	2.80e-28	3.27e-24	7.40e-20	1.91e-16	1.49e-13	3.78e-11	4.14e-09	2.23e-07	7.90e-06	2.75e-04	2.28e-02	2.38e-01	7.39e-01
 3.01605e+22	0.00e+00	7.33e-33	4.17e-28	4.71e-24	1.03e-19	2.58e-16	1.95e-13	4.77e-11	5.04e-09	2.63e-07	8.99e-06	3.03e-04	2.42e-02	2.44e-01	7.31e-01
 3.03875e+22	0.00e+00	1.11e-32	6.14e-28	6.73e-24	1.43e-19	3.46e-16	2.53e-13	5.99e-11	6.12e-09	3.09e-07	1.02e-05	3.32e-04	2.56e-02	2.50e-01	7.24e-01
 3.06453e+22	0.00e+00	1.87e-32	9.97e-28	1.05e-23	2.14e-19	4.98e-16	3.49e-13	7.95e-11	7.80e-09	3.77e-07	1.19e-05	3.72e-04	2.75e-02	2.58e-01	7.15e-01
 3.09080e+22	0.00e+00	2.94e-32	1.52e-27	1.54e-23	3.04e-19	6.83e-16	4.62e-13	1.01e-10	9.62e-09	4.49e-07	1.37e-05	4.11e-04	2.93e-02	2.64e-01	7.06e-01
 3.11281e+22	0.00e+00	4.36e-32	2.19e-27	2.16e-23	4.14e-19	9.01e-16	5.91e-13	1.26e-10	1.16e-08	5.23e-07	1.54e-05	4.48e-04	3.09e-02	2.70e-01	6.99e-01
 3.13652e+22	0.00e+00	7.07e-32	3.43e-27	3.26e-23	6.03e-19	1.26e-15	7.98e-13	1.63e-10	1.45e-08	6.29e-07	1.78e-05	4.98e-04	3.30e-02	2.77e-01	6.89e-01
 3.16102e+22	0.00e+00	1.09e-31	5.13e-27	4.71e-23	8.44e-19	1.71e-15	1.04e-12	2.07e-10	1.77e-08	7.44e-07	2.03e-05	5.48e-04	3.50e-02	2.84e-01	6.81e-01
 3.18263e+22	0.00e+00	1.63e-31	7.44e-27	6.62e-23	1.15e-18	2.26e-15	1.34e-12	2.57e-10	2.13e-08	8.67e-07	2.29e-05	5.98e-04	3.70e-02	2.90e-01	6.73e-01
 3.20681e+22	0.00e+00	2.70e-31	1.19e-26	1.02e-22	1.71e-18	3.22e-15	1.83e-12	3.38e-10	2.69e-08	1.05e-06	2.67e-05	6.67e-04	3.96e-02	2.97e-01	6.62e-01
 3.23172e+22	0.00e+00	4.23e-31	1.81e-26	1.49e-22	2.41e-18	4.40e-15	2.42e-12	4.31e-10	3.32e-08	1.25e-06	3.05e-05	7.35e-04	4.20e-02	3.04e-01	6.53e-01
 3.25275e+22	0.00e+00	6.34e-31	2.62e-26	2.09e-22	3.30e-18	5.83e-15	3.10e-12	5.36e-10	4.00e-08	1.46e-06	3.44e-05	8.02e-04	4.43e-02	3.10e-01	6.45e-01
 3.27225e+22	0.00e+00	9.11e-31	3.68e-26	2.85e-22	4.37e-18	7.51e-15	3.89e-12	6.53e-10	4.74e-08	1.68e-06	3.83e-05	8.67e-04	4.65e-02	3.16e-01	6.37e-01
 3.29457e+22	0.00e+00	1.48e-30	5.75e-26	4.28e-22	6.35e-18	1.05e-14	5.24e-12	8.47e-10	5.92e-08	2.02e-06	4.43e-05	9.62e-04	4.96e-02	3.23e-01	6.26e-01
 3.31763e+22	0.00e+00	2.27e-30	8.55e-26	6.14e-22	8.84e-18	1.42e-14	6.82e-12	1.07e-09	7.22e-08	2.38e-06	5.03e-05	1.05e-03	5.24e-02	3.30e-01	6.17e-01
 3.33809e+22	0.00e+00	3.42e-30	1.25e-25	8.68e-22	1.21e-17	1.88e-14	8.79e-12	1.33e-09	8.73e-08	2.79e-06	5.68e-05	1.15e-03	5.53e-02	3.36e-01	6.07e-01
 3.36111e+22	0.00e+00	5.74e-30	2.02e-25	1.34e-21	1.81e-17	2.69e-14	1.21e-11	1.76e-09	1.11e-07	3.40e-06	6.63e-05	1.28e-03	5.91e-02	3.44e-01	5.95e-01
 3.38380e+22	0.00e+00	8.56e-30	2.92e-25	1.88e-21	2.46e-17	3.56e-14	1.55e-11	2.18e-09	1.33e-07	3.96e-06	7.46e-05	1.40e-03	6.22e-02	3.50e-01	5.86e-01
 3.40304e+22	0.00e+00	1.28e-29	4.23e-25	2.63e-21	3.35e-17	4.69e-14	1.98e-11	2.71e-09	1.61e-07	4.62e-06	8.39e-05	1.52e-03	6.54e-02	3.56e-01	5.77e-01
 3.42210e+22	0.00e+00	1.85e-29	5.97e-25	3.60e-21	4.46e-17	6.08e-14	2.49e-11	3.31e-09	1.91e-07	5.33e-06	9.37e-05	1.65e-03	6.86e-02	3.62e-01	5.68e-01
 3.44397e+22	0.00e+00	3.03e-29	9.39e-25	5.43e-21	6.51e-17	8.53e-14	3.36e-11	4.30e-09	2.39e-07	6.42e-06	1.08e-04	1.82e-03	7.29e-02	3.69e-01	5.56e-01
 3.46635e+22	0.00e+00	3.81e-29	1.14e-24	7.80e-21	9.06e-17	1.15e-13	4.38e-11	5.43e-09	2.92e-07	7.57e-06	1.23e-04	2.00e-03	7.69e-02	3.75e-01	5.46e-01
 3.48586e+22	0.00e+00	5.72e-29	1.66e-24	1.09e-20	1.24e-16	1.52e-13	5.62e-11	6.74e-09	3.52e-07	8.84e-06	1.38e-04	2.17e-03	8.08e-02	3.81e-01	5.36e-01
 3.50446e+22	0.00e+00	8.36e-29	2.36e-24	1.50e-20	1.65e-16	1.98e-13	7.09e-11	8.26e-09	4.19e-07	1.02e-05	1.55e-04	2.35e-03	8.47e-02	3.87e-01	5.26e-01
 3.52540e+22	0.00e+00	1.36e-28	3.69e-24	2.25e-20	2.40e-16	2.76e-13	9.54e-11	1.07e-08	5.24e-07	1.23e-05	1.78e-04	2.60e-03	8.98e-02	3.94e-01	5.14e-01
 3.54683e+22	0.00e+00	2.04e-28	5.38e-24	3.16e-20	3.28e-16	3.66e-13	1.22e-10	1.33e-08	6.31e-07	1.43e-05	2.00e-04	2.82e-03	9.43e-02	3.99e-01	5.04e-01
 3.56570e+22	0.00e+00	3.03e-28	7.74e-24	4.39e-20	4.43e-16	4.80e-13	1.56e-10	1.64e-08	7.57e-07	1.67e-05	2.25e-04	3.06e-03	9.88e-02	4.04e-01	4.94e-01
 3.58703e+22	0.00e+00	4.96e-28	1.22e-23	6.62e-20	6.46e-16	6.73e-13	2.11e-10	2.14e-08	9.49e-07	2.01e-05	2.59e-04	3.38e-03	1.05e-01	4.11e-01	4.81e-01
 3.60868e+22	0.00e+00	7.58e-28	1.80e-23	9.42e-20	8.93e-16	9.01e-13	2.73e-10	2.68e-08	1.15e-06	2.36e-05	2.93e-04	3.68e-03	1.10e-01	4.16e-01	4.70e-01
 3.62741e+22	0.00e+00	1.13e-27	2.61e-23	1.31e-19	1.21e-15	1.19e-12	3.49e-10	3.32e-08	1.39e-06	2.74e-05	3.29e-04	3.99e-03	1.15e-01	4.21e-01	4.59e-01
 3.64841e+22	0.00e+00	1.84e-27	4.07e-23	1.96e-19	1.75e-15	1.66e-12	4.68e-10	4.30e-08	1.73e-06	3.29e-05	3.78e-04	4.40e-03	1.22e-01	4.27e-01	4.47e-01
 3.66983e+22	0.00e+00	2.80e-27	6.00e-23	2.78e-19	2.42e-15	2.21e-12	6.06e-10	5.39e-08	2.10e-06	3.86e-05	4.27e-04	4.78e-03	1.28e-01	4.31e-01	4.36e-01
 3.68848e+22	0.00e+00	4.16e-27	8.64e-23	3.86e-19	3.27e-15	2.90e-12	7.71e-10	6.65e-08	2.52e-06	4.49e-05	4.78e-04	5.17e-03	1.33e-01	4.36e-01	4.25e-01
 3.70942e+22	0.00e+00	6.80e-27	1.36e-22	5.80e-19	4.75e-15	4.07e-12	1.04e-09	8.64e-08	3.15e-06	5.40e-05	5.50e-04	5.70e-03	1.41e-01	4.41e-01	4.12e-01
 3.73116e+22	0.00e+00	1.06e-26	2.04e-22	8.37e-19	6.67e-15	5.51e-12	1.36e-09	1.09e-07	3.86e-06	6.39e-05	6.24e-04	6.22e-03	1.48e-01	4.45e-01	4.01e-01
 3.75057e+22	5.24e-34	1.59e-26	2.96e-22	1.17e-18	9.06e-15	7.27e-12	1.74e-09	1.36e-07	4.64e-06	7.43e-05	7.00e-04	6.72e-03	1.54e-01	4.48e-01	3.90e-01
 3.76912e+22	8.22e-34	2.38e-26	4.29e-22	1.63e-18	1.23e-14	9.58e-12	2.23e-09	1.68e-07	5.58e-06	8.65e-05	7.85e-04	7.27e-03	1.61e-01	4.52e-01	3.79e-01
 3.78677e+22	1.24e-33	3.44e-26	6.01e-22	2.20e-18	1.63e-14	1.23e-11	2.79e-09	2.05e-07	6.61e-06	9.94e-05	8.71e-04	7.81e-03	1.67e-01	4.54e-01	3.70e-01
 3.80655e+22	2.14e-33	5.63e-26	9.44e-22	3.30e-18	2.36e-14	1.73e-11	3.76e-09	2.66e-07	8.27e-06	1.20e-04	1.00e-03	8.58e-03	1.76e-01	4.58e-01	3.57e-01
 3.82646e+22	3.31e-33	8.35e-26	1.36e-21	4.56e-18	3.19e-14	2.26e-11	4.78e-09	3.28e-07	9.91e-06	1.39e-04	1.12e-03	9.25e-03	1.83e-01	4.60e-01	3.46e-01
 3.84256e+22	4.79e-33	1.16e-25	1.84e-21	5.97e-18	4.10e-14	2.84e-11	5.84e-09	3.90e-07	1.15e-05	1.57e-04	1.23e-03	9.85e-03	1.89e-01	4.62e-01	3.37e-01
 3.85647e+22	6.73e-33	1.58e-25	2.43e-21	7.67e-18	5.16e-14	3.49e-11	7.03e-09	4.59e-07	1.33e-05	1.76e-04	1.34e-03	1.04e-02	1.95e-01	4.63e-01	3.29e-01
 3.86929e+22	9.23e-33	2.10e-25	3.15e-21	9.66e-18	6.39e-14	4.24e-11	8.35e-09	5.34e-07	1.51e-05	1.96e-04	1.45e-03	1.10e-02	2.01e-01	4.64e-01	3.22e-01
 3.88377e+22	1.36e-32	2.97e-25	4.33e-21	1.28e-17	8.30e-14	5.37e-11	1.03e-08	6.42e-07	1.77e-05	2.23e-04	1.60e-03	1.17e-02	2.08e-01	4.66e-01	3.13e-01
 3.89826e+22	1.88e-32	3.98e-25	5.65e-21	1.62e-17	1.03e-13	6.55e-11	1.23e-08	7.49e-07	2.02e-05	2.49e-04	1.73e-03	1.24e-02	2.14e-01	4.66e-01	3.06e-01
 3.91051e+22	2.57e-32	5.27e-25	7.29e-21	2.04e-17	1.28e-13	7.92e-11	1.46e-08	8.69e-07	2.30e-05	2.77e-04	1.87e-03	1.30e-02	2.19e-01	4.67e-01	2.98e-01
 3.92230e+22	3.46e-32	6.89e-25	9.31e-21	2.53e-17	1.56e-13	9.51e-11	1.71e-08	1.00e-06	2.60e-05	3.06e-04	2.02e-03	1.37e-02	2.25e-01	4.67e-01	2.92e-01
 3.93578e+22	5.01e-32	9.59e-25	1.26e-20	3.30e-17	2.00e-13	1.19e-10	2.09e-08	1.19e-06	3.02e-05	3.46e-04	2.21e-03	1.46e-02	2.32e-01	4.68e-01	2.83e-01
 3.94914e+22	6.75e-32	1.25e-24	1.61e-20	4.10e-17	2.45e-13	1.43e-10	2.46e-08	1.37e-06	3.41e-05	3.82e-04	2.38e-03	1.53e-02	2.38e-01	4.68e-01	2.77e-01
 3.96044e+22	9.08e-32	1.63e-24	2.04e-20	5.06e-17	2.98e-13	1.71e-10	2.89e-08	1.58e-06	3.85e-05	4.22e-04	2.56e-03	1.60e-02	2.43e-01	4.67e-01	2.70e-01
 3.97143e+22	1.22e-31	2.12e-24	2.59e-20	6.23e-17	3.62e-13	2.04e-10	3.38e-08	1.82e-06	4.34e-05	4.66e-04	2.75e-03	1.68e-02	2.49e-01	4.67e-01	2.64e-01
 3.98397e+22	1.73e-31	2.91e-24	3.45e-20	8.03e-17	4.59e-13	2.53e-10	4.10e-08	2.15e-06	5.01e-05	5.24e-04	3.00e-03	1.78e-02	2.56e-01	4.67e-01	2.56e-01
 3.99682e+22	8.24e-34	3.88e-24	4.47e-20	1.01e-16	5.68e-13	3.06e-10	4.87e-08	2.50e-06	5.72e-05	5.84e-04	3.25e-03	1.87e-02	2.63e-01	4.66e-01	2.49e-01
 4.00790e+22	1.11e-33	5.00e-24	5.62e-20	1.23e-16	6.86e-13	3.64e-10	5.68e-08	2.86e-06	6.42e-05	6.42e-04	3.49e-03	1.96e-02	2.69e-01	4.65e-01	2.43e-01
 4.01817e+22	1.47e-33	6.38e-24	7.00e-20	1.49e-16	8.20e-13	4.28e-10	6.57e-08	3.25e-06	7.17e-05	7.03e-04	3.73e-03	2.04e-02	2.74e-01	4.64e-01	2.37e-01
 4.02803e+22	1.94e-33	8.08e-24	8.66e-20	1.80e-16	9.77e-13	5.03e-10	7.58e-08	3.68e-06	7.99e-05	7.68e-04	3.98e-03	2.13e-02	2.80e-01	4.63e-01	2.31e-01
 4.03932e+22	2.76e-33	1.09e-23	1.13e-19	2.28e-16	1.22e-12	6.15e-10	9.08e-08	4.31e-06	9.17e-05	8.59e-04	4.31e-03	2.25e-02	2.87e-01	4.62e-01	2.24e-01
 4.05080e+22	3.75e-33	1.42e-23	1.44e-19	2.80e-16	1.48e-12	7.34e-10	1.06e-07	4.96e-06	1.03e-04	9.48e-04	4.64e-03	2.35e-02	2.93e-01	4.60e-01	2.18e-01
 4.06063e+22	4.94e-33	1.79e-23	1.77e-19	3.36e-16	1.76e-12	8.60e-10	1.23e-07	5.62e-06	1.15e-04	1.04e-03	4.95e-03	2.45e-02	2.98e-01	4.58e-01	2.13e-01
 4.07151e+22	7.01e-33	2.42e-23	2.32e-19	4.24e-16	2.19e-12	1.05e-09	1.47e-07	6.59e-06	1.32e-04	1.16e-03	5.37e-03	2.58e-02	3.06e-01	4.56e-01	2.06e-01
 4.08271e+22	9.55e-33	3.15e-23	2.94e-19	5.20e-16	2.66e-12	1.26e-09	1.73e-07	7.58e-06	1.49e-04	1.28e-03	5.77e-03	2.70e-02	3.12e-01	4.54e-01	2.00e-01
 4.09260e+22	1.27e-32	4.03e-23	3.66e-19	6.29e-16	3.19e-12	1.48e-09	2.00e-07	8.64e-06	1.67e-04	1.40e-03	6.17e-03	2.81e-02	3.18e-01	4.52e-01	1.94e-01
 4.10374e+22	1.86e-32	5.57e-23	4.88e-19	8.05e-16	4.04e-12	1.84e-09	2.44e-07	1.03e-05	1.94e-04	1.59e-03	6.74e-03	2.97e-02	3.26e-01	4.49e-01	1.87e-01
 4.11500e+22	2.52e-32	7.23e-23	6.15e-19	9.82e-16	4.88e-12	2.19e-09	2.85e-07	1.18e-05	2.19e-04	1.75e-03	7.24e-03	3.11e-02	3.32e-01	4.46e-01	1.82e-01
 4.12462e+22	3.32e-32	9.17e-23	7.60e-19	1.18e-15	5.81e-12	2.57e-09	3.29e-07	1.34e-05	2.45e-04	1.91e-03	7.72e-03	3.23e-02	3.38e-01	4.44e-01	1.76e-01
 4.13530e+22	4.91e-32	1.28e-22	1.02e-18	1.51e-15	7.39e-12	3.22e-09	4.04e-07	1.60e-05	2.86e-04	2.17e-03	8.46e-03	3.42e-02	3.46e-01	4.40e-01	1.69e-01
 4.14582e+22	6.42e-32	1.61e-22	1.25e-18	1.80e-15	8.74e-12	3.76e-09	4.64e-07	1.81e-05	3.18e-04	2.37e-03	9.01e-03	3.55e-02	3.52e-01	4.37e-01	1.64e-01
 4.15611e+22	9.36e-32	2.23e-22	1.66e-18	2.29e-15	1.10e-11	4.66e-09	5.65e-07	2.15e-05	3.70e-04	2.68e-03	9.85e-03	3.75e-02	3.59e-01	4.32e-01	1.58e-01
 4.16620e+22	1.21e-31	2.79e-22	2.03e-18	2.71e-15	1.30e-11	5.42e-09	6.49e-07	2.43e-05	4.11e-04	2.92e-03	1.05e-02	3.89e-02	3.65e-01	4.29e-01	1.53e-01
 4.17600e+22	1.75e-31	3.82e-22	2.67e-18	3.40e-15	1.62e-11	6.69e-09	7.86e-07	2.88e-05	4.76e-04	3.29e-03	1.14e-02	4.09e-02	3.72e-01	4.25e-01	1.47e-01
 4.18583e+22	2.28e-31	4.80e-22	3.26e-18	4.03e-15	1.92e-11	7.81e-09	9.04e-07	3.26e-05	5.30e-04	3.59e-03	1.21e-02	4.25e-02	3.78e-01	4.21e-01	1.42e-01
 4.19571e+22	3.31e-31	6.63e-22	4.31e-18	5.08e-15	2.41e-11	9.69e-09	1.10e-06	3.88e-05	6.16e-04	4.06e-03	1.33e-02	4.47e-02	3.86e-01	4.16e-01	1.36e-01
 4.20561e+22	4.35e-31	8.39e-22	5.29e-18	6.04e-15	2.86e-11	1.14e-08	1.27e-06	4.41e-05	6.88e-04	4.43e-03	1.41e-02	4.64e-02	3.91e-01	4.11e-01	1.32e-01
 4.21555e+22	6.37e-31	1.17e-21	7.02e-18	7.62e-15	3.61e-11	1.42e-08	1.56e-06	5.27e-05	8.05e-04	5.03e-03	1.55e-02	4.89e-02	3.99e-01	4.05e-01	1.25e-01
 4.22555e+22	8.39e-31	1.48e-21	8.63e-18	9.05e-15	4.28e-11	1.66e-08	1.81e-06	6.00e-05	9.00e-04	5.51e-03	1.65e-02	5.08e-02	4.04e-01	4.01e-01	1.21e-01
 4.23565e+22	1.22e-30	2.04e-21	1.14e-17	1.14e-14	5.39e-11	2.07e-08	2.21e-06	7.17e-05	1.05e-03	6.23e-03	1.80e-02	5.34e-02	4.12e-01	3.94e-01	1.15e-01
 4.24567e+22	1.62e-30	2.60e-21	1.41e-17	1.35e-14	6.41e-11	2.44e-08	2.58e-06	8.20e-05	1.18e-03	6.84e-03	1.92e-02	5.55e-02	4.17e-01	3.89e-01	1.11e-01
 4.25560e+22	2.35e-30	3.58e-21	1.85e-17	1.69e-14	8.04e-11	3.03e-08	3.15e-06	9.78e-05	1.37e-03	7.73e-03	2.10e-02	5.83e-02	4.24e-01	3.82e-01	1.05e-01
 4.26572e+22	3.16e-30	4.62e-21	2.30e-17	2.01e-14	9.64e-11	3.61e-08	3.70e-06	1.13e-04	1.55e-03	8.52e-03	2.25e-02	6.06e-02	4.29e-01	3.77e-01	1.01e-01
 4.27608e+22	4.64e-30	6.43e-21	3.04e-17	2.53e-14	1.22e-10	4.52e-08	4.56e-06	1.35e-04	1.82e-03	9.68e-03	2.46e-02	6.38e-02	4.36e-01	3.69e-01	9.53e-02
 4.28650e+22	6.24e-30	8.29e-21	3.78e-17	3.01e-14	1.46e-10	5.38e-08	5.36e-06	1.56e-04	2.05e-03	1.07e-02	2.63e-02	6.62e-02	4.41e-01	3.63e-01	9.12e-02
 4.29698e+22	9.18e-30	1.15e-20	5.00e-17	3.76e-14	1.85e-10	6.75e-08	6.62e-06	1.88e-04	2.41e-03	1.21e-02	2.88e-02	6.96e-02	4.47e-01	3.54e-01	8.58e-02
 4.30754e+22	1.24e-29	1.49e-20	6.19e-17	4.46e-14	2.22e-10	8.04e-08	7.79e-06	2.17e-04	2.72e-03	1.34e-02	3.08e-02	7.22e-02	4.51e-01	3.47e-01	8.19e-02
 4.31669e+22	1.65e-29	1.90e-20	7.61e-17	5.26e-14	2.64e-10	9.52e-08	9.11e-06	2.49e-04	3.06e-03	1.47e-02	3.29e-02	7.48e-02	4.55e-01	3.41e-01	7.81e-02
 4.32707e+22	2.40e-29	2.62e-20	9.95e-17	6.49e-14	3.31e-10	1.19e-07	1.12e-05	2.99e-04	3.57e-03	1.66e-02	3.59e-02	7.83e-02	4.60e-01	3.32e-01	7.33e-02
 4.33737e+22	3.13e-29	3.29e-20	1.20e-16	7.55e-14	3.89e-10	1.39e-07	1.30e-05	3.40e-04	3.98e-03	1.81e-02	3.81e-02	8.09e-02	4.63e-01	3.25e-01	7.00e-02
 4.34755e+22	4.43e-29	4.42e-20	1.54e-16	9.18e-14	4.81e-10	1.71e-07	1.57e-05	4.02e-04	4.60e-03	2.02e-02	4.12e-02	8.43e-02	4.67e-01	3.16e-01	6.57e-02
 4.35804e+22	5.88e-29	5.62e-20	1.89e-16	1.07e-13	5.70e-10	2.02e-07	1.84e-05	4.62e-04	5.16e-03	2.22e-02	4.39e-02	8.71e-02	4.70e-01	3.09e-01	6.24e-02
 4.36893e+22	8.48e-29	7.65e-20	2.44e-16	1.31e-13	7.10e-10	2.51e-07	2.25e-05	5.51e-04	5.99e-03	2.49e-02	4.76e-02	9.07e-02	4.73e-01	2.99e-01	5.82e-02
 4.37993e+22	1.11e-28	9.63e-20	2.96e-16	1.52e-13	8.37e-10	2.94e-07	2.61e-05	6.28e-04	6.68e-03	2.71e-02	5.05e-02	9.35e-02	4.74e-01	2.92e-01	5.52e-02
 4.39108e+22	1.59e-28	1.30e-19	3.79e-16	1.85e-13	1.04e-09	3.63e-07	3.18e-05	7.46e-04	7.71e-03	3.04e-02	5.45e-02	9.72e-02	4.76e-01	2.82e-01	5.14e-02
 4.40253e+22	2.10e-28	1.64e-19	4.61e-16	2.15e-13	1.22e-09	4.27e-07	3.70e-05	8.52e-04	8.61e-03	3.31e-02	5.77e-02	1.00e-01	4.77e-01	2.74e-01	4.86e-02
 4.41437e+22	3.00e-28	2.22e-19	5.91e-16	2.61e-13	1.51e-09	5.27e-07	4.50e-05	1.01e-03	9.93e-03	3.69e-02	6.22e-02	1.04e-01	4.77e-01	2.64e-01	4.50e-02
 4.42620e+22	3.91e-28	2.77e-19	7.11e-16	3.01e-13	1.77e-09	6.15e-07	5.20e-05	1.15e-03	1.10e-02	4.00e-02	6.57e-02	1.06e-01	4.77e-01	2.56e-01	4.25e-02
 4.43801e+22	5.49e-28	3.69e-19	9.01e-16	3.61e-13	2.17e-09	7.51e-07	6.27e-05	1.35e-03	1.26e-02	4.44e-02	7.03e-02	1.10e-01	4.76e-01	2.46e-01	3.93e-02
 4.45011e+22	7.17e-28	4.62e-19	1.09e-15	4.17e-13	2.54e-09	8.77e-07	7.24e-05	1.53e-03	1.40e-02	4.80e-02	7.41e-02	1.12e-01	4.74e-01	2.38e-01	3.70e-02
 4.46259e+22	1.01e-27	6.14e-19	1.38e-15	5.00e-13	3.11e-09	1.07e-06	8.70e-05	1.80e-03	1.59e-02	5.30e-02	7.91e-02	1.16e-01	4.72e-01	2.28e-01	3.41e-02
 4.47475e+22	1.28e-27	7.51e-19	1.63e-15	5.69e-13	3.58e-09	1.23e-06	9.90e-05	2.01e-03	1.74e-02	5.68e-02	8.27e-02	1.18e-01	4.70e-01	2.21e-01	3.22e-02
 4.48650e+22	1.75e-27	9.74e-19	2.02e-15	6.71e-13	4.30e-09	1.47e-06	1.17e-04	2.32e-03	1.96e-02	6.21e-02	8.76e-02	1.21e-01	4.66e-01	2.12e-01	2.97e-02
 4.49846e+22	2.23e-27	1.19e-18	2.38e-15	7.63e-13	4.94e-09	1.68e-06	1.33e-04	2.59e-03	2.14e-02	6.63e-02	9.14e-02	1.23e-01	4.63e-01	2.05e-01	2.80e-02
 4.51068e+22	3.03e-27	1.54e-18	2.94e-15	9.00e-13	5.90e-09	2.00e-06	1.56e-04	2.98e-03	2.40e-02	7.22e-02	9.64e-02	1.26e-01	4.58e-01	1.95e-01	2.58e-02
 4.52322e+22	3.89e-27	1.89e-18	3.49e-15	1.03e-12	6.80e-09	2.30e-06	1.77e-04	3.34e-03	2.62e-02	7.72e-02	1.00e-01	1.27e-01	4.53e-01	1.88e-01	2.41e-02
 4.53618e+22	5.33e-27	2.45e-18	4.34e-15	1.21e-12	8.13e-09	2.73e-06	2.08e-04	3.84e-03	2.93e-02	8.38e-02	1.06e-01	1.30e-01	4.47e-01	1.79e-01	2.21e-02
 4.54889e+22	6.72e-27	2.96e-18	5.08e-15	1.37e-12	9.25e-09	3.10e-06	2.34e-04	4.25e-03	3.17e-02	8.89e-02	1.10e-01	1.31e-01	4.41e-01	1.72e-01	2.07e-02
 4.56130e+22	9.06e-27	3.79e-18	6.23e-15	1.60e-12	1.09e-08	3.65e-06	2.73e-04	4.84e-03	3.52e-02	9.59e-02	1.15e-01	1.33e-01	4.34e-01	1.63e-01	1.90e-02
 4.57383e+22	1.13e-26	4.55e-18	7.27e-15	1.81e-12	1.24e-08	4.11e-06	3.04e-04	5.32e-03	3.79e-02	1.01e-01	1.18e-01	1.34e-01	4.28e-01	1.57e-01	1.78e-02
 4.58650e+22	1.52e-26	5.80e-18	8.88e-15	2.11e-12	1.45e-08	4.81e-06	3.52e-04	6.04e-03	4.18e-02	1.09e-01	1.23e-01	1.36e-01	4.20e-01	1.48e-01	1.63e-02
 4.59944e+22	1.91e-26	6.99e-18	1.04e-14	2.38e-12	1.65e-08	5.43e-06	3.93e-04	6.64e-03	4.50e-02	1.14e-01	1.27e-01	1.37e-01	4.13e-01	1.42e-01	1.52e-02
 4.61270e+22	2.58e-26	8.94e-18	1.27e-14	2.79e-12	1.93e-08	6.34e-06	4.54e-04	7.52e-03	4.96e-02	1.23e-01	1.32e-01	1.38e-01	4.03e-01	1.34e-01	1.38e-02
 4.62620e+22	1.86e-27	1.08e-17	1.50e-14	3.16e-12	2.19e-08	7.15e-06	5.07e-04	8.27e-03	5.33e-02	1.29e-01	1.35e-01	1.38e-01	3.95e-01	1.28e-01	1.28e-02
 4.64002e+22	2.28e-27	1.38e-17	1.84e-14	3.71e-12	2.57e-08	8.35e-06	5.85e-04	9.34e-03	5.85e-02	1.37e-01	1.40e-01	1.38e-01	3.84e-01	1.20e-01	1.16e-02
 4.65410e+22	2.93e-27	1.68e-17	2.16e-14	4.21e-12	2.91e-08	9.40e-06	6.52e-04	1.02e-02	6.27e-02	1.44e-01	1.43e-01	1.39e-01	3.76e-01	1.14e-01	1.07e-02
 4.66851e+22	4.07e-27	2.16e-17	2.67e-14	4.96e-12	3.41e-08	1.10e-05	7.50e-04	1.16e-02	6.87e-02	1.53e-01	1.48e-01	1.38e-01	3.64e-01	1.06e-01	9.66e-03
 4.68259e+22	5.15e-27	2.57e-17	3.10e-14	5.59e-12	3.82e-08	1.22e-05	8.26e-04	1.25e-02	7.29e-02	1.59e-01	1.50e-01	1.38e-01	3.55e-01	1.01e-01	8.99e-03
 4.69625e+22	7.05e-27	3.25e-17	3.77e-14	6.49e-12	4.41e-08	1.40e-05	9.39e-04	1.40e-02	7.91e-02	1.68e-01	1.54e-01	1.38e-01	3.43e-01	9.45e-02	8.10e-03
 4.71013e+22	8.95e-27	3.88e-17	4.39e-14	7.34e-12	4.94e-08	1.56e-05	1.03e-03	1.51e-02	8.38e-02	1.75e-01	1.57e-01	1.37e-01	3.34e-01	8.98e-02	7.51e-03
 4.72429e+22	1.22e-26	4.89e-17	5.33e-14	8.56e-12	5.70e-08	1.79e-05	1.17e-03	1.68e-02	9.05e-02	1.84e-01	1.60e-01	1.36e-01	3.22e-01	8.36e-02	6.75e-03
 4.73889e+22	1.59e-26	5.92e-17	6.27e-14	9.72e-12	6.42e-08	2.00e-05	1.29e-03	1.83e-02	9.62e-02	1.91e-01	1.62e-01	1.35e-01	3.12e-01	7.87e-02	6.19e-03
 4.75406e+22	2.18e-26	7.51e-17	7.68e-14	1.14e-11	7.43e-08	2.29e-05	1.46e-03	2.03e-02	1.04e-01	2.00e-01	1.64e-01	1.33e-01	2.99e-01	7.29e-02	5.53e-03
 4.76974e+22	2.90e-26	9.19e-17	9.12e-14	1.31e-11	8.41e-08	2.57e-05	1.62e-03	2.21e-02	1.10e-01	2.07e-01	1.66e-01	1.31e-01	2.88e-01	6.82e-02	5.02e-03
 4.78606e+22	4.04e-26	1.18e-16	1.13e-13	1.55e-11	9.79e-08	2.96e-05	1.84e-03	2.45e-02	1.18e-01	2.16e-01	1.68e-01	1.29e-01	2.75e-01	6.26e-02	4.45e-03
 4.80283e+22	5.46e-26	1.45e-16	1.35e-13	1.79e-11	1.11e-07	3.33e-05	2.04e-03	2.67e-02	1.26e-01	2.24e-01	1.69e-01	1.27e-01	2.64e-01	5.82e-02	4.01e-03
 4.82018e+22	7.74e-26	1.88e-16	1.69e-13	2.14e-11	1.30e-07	3.84e-05	2.32e-03	2.96e-02	1.35e-01	2.33e-01	1.71e-01	1.24e-01	2.50e-01	5.31e-02	3.52e-03
 4.83811e+22	1.06e-25	2.34e-16	2.04e-13	2.49e-11	1.48e-07	4.33e-05	2.57e-03	3.23e-02	1.43e-01	2.40e-01	1.71e-01	1.21e-01	2.38e-01	4.89e-02	3.14e-03
 4.85679e+22	1.53e-25	3.07e-16	2.57e-13	3.01e-11	1.74e-07	5.02e-05	2.93e-03	3.58e-02	1.53e-01	2.49e-01	1.71e-01	1.18e-01	2.23e-01	4.41e-02	2.73e-03
 4.87596e+22	2.11e-25	3.85e-16	3.13e-13	3.52e-11	1.99e-07	5.68e-05	3.26e-03	3.90e-02	1.62e-01	2.56e-01	1.71e-01	1.15e-01	2.11e-01	4.04e-02	2.41e-03
 4.89317e+22	2.84e-25	4.79e-16	3.78e-13	4.10e-11	2.27e-07	6.38e-05	3.60e-03	4.23e-02	1.71e-01	2.62e-01	1.70e-01	1.11e-01	2.00e-01	3.71e-02	2.14e-03
 4.91294e+22	4.23e-25	6.37e-16	4.83e-13	4.98e-11	2.67e-07	7.40e-05	4.10e-03	4.69e-02	1.82e-01	2.70e-01	1.69e-01	1.07e-01	1.86e-01	3.29e-02	1.82e-03
 4.93283e+22	5.70e-25	7.90e-16	5.83e-13	5.80e-11	3.04e-07	8.30e-05	4.52e-03	5.06e-02	1.91e-01	2.76e-01	1.68e-01	1.03e-01	1.75e-01	3.00e-02	1.61e-03
 4.95288e+22	8.39e-25	1.05e-15	7.41e-13	7.02e-11	3.56e-07	9.58e-05	5.12e-03	5.58e-02	2.03e-01	2.82e-01	1.65e-01	9.89e-02	1.62e-01	2.65e-02	1.36e-03
 4.97336e+22	1.15e-24	1.31e-15	9.01e-13	8.21e-11	4.05e-07	1.07e-04	5.65e-03	6.03e-02	2.13e-01	2.87e-01	1.63e-01	9.50e-02	1.51e-01	2.39e-02	1.19e-03
 4.99439e+22	1.71e-24	1.75e-15	1.15e-12	1.00e-10	4.75e-07	1.24e-04	6.39e-03	6.63e-02	2.25e-01	2.92e-01	1.60e-01	9.01e-02	1.38e-01	2.09e-02	9.92e-04
 5.01574e+22	2.36e-24	2.21e-15	1.41e-12	1.17e-10	5.40e-07	1.39e-04	7.04e-03	7.15e-02	2.35e-01	2.96e-01	1.57e-01	8.61e-02	1.28e-01	1.87e-02	8.55e-04
 5.03752e+22	3.55e-24	2.98e-15	1.81e-12	1.43e-10	6.32e-07	1.60e-04	7.95e-03	7.87e-02	2.47e-01	3.00e-01	1.52e-01	8.09e-02	1.16e-01	1.61e-02	7.02e-04
 5.05810e+22	4.66e-24	3.64e-15	2.15e-12	1.63e-10	7.04e-07	1.76e-04	8.62e-03	8.36e-02	2.56e-01	3.02e-01	1.49e-01	7.75e-02	1.08e-01	1.46e-02	6.16e-04
 5.07714e+22	6.64e-24	4.72e-15	2.67e-12	1.93e-10	8.02e-07	1.98e-04	9.55e-03	9.05e-02	2.67e-01	3.04e-01	1.45e-01	7.31e-02	9.85e-02	1.27e-02	5.14e-04
 5.09633e+22	8.69e-24	5.76e-15	3.17e-12	2.21e-10	8.92e-07	2.18e-04	1.03e-02	9.60e-02	2.75e-01	3.04e-01	1.41e-01	6.97e-02	9.17e-02	1.14e-02	4.49e-04
 5.11573e+22	1.24e-23	7.51e-15	3.95e-12	2.62e-10	1.01e-06	2.44e-04	1.14e-02	1.04e-01	2.85e-01	3.05e-01	1.36e-01	6.53e-02	8.28e-02	9.88e-03	3.70e-04
 5.13531e+22	1.64e-23	9.21e-15	4.69e-12	2.99e-10	1.12e-06	2.68e-04	1.23e-02	1.10e-01	2.93e-01	3.04e-01	1.32e-01	6.20e-02	7.65e-02	8.82e-03	3.19e-04
 5.15511e+22	2.35e-23	1.21e-14	5.86e-12	3.54e-10	1.27e-06	3.00e-04	1.36e-02	1.19e-01	3.04e-01	3.03e-01	1.27e-01	5.77e-02	6.86e-02	7.55e-03	2.61e-04
 5.17519e+22	3.12e-23	1.49e-14	6.99e-12	4.06e-10	1.41e-06	3.28e-04	1.47e-02	1.26e-01	3.11e-01	3.02e-01	1.22e-01	5.45e-02	6.29e-02	6.68e-03	2.23e-04
 5.19563e+22	4.52e-23	1.97e-14	8.78e-12	4.82e-10	1.60e-06	3.67e-04	1.62e-02	1.35e-01	3.21e-01	2.99e-01	1.16e-01	5.03e-02	5.58e-02	5.64e-03	1.79e-04
 5.21634e+22	6.04e-23	2.45e-14	1.05e-11	5.54e-10	1.77e-06	4.01e-04	1.74e-02	1.43e-01	3.28e-01	2.96e-01	1.11e-01	4.73e-02	5.09e-02	4.95e-03	1.52e-04
 5.23740e+22	8.82e-23	3.28e-14	1.33e-11	6.61e-10	2.00e-06	4.49e-04	1.92e-02	1.54e-01	3.37e-01	2.92e-01	1.05e-01	4.33e-02	4.47e-02	4.14e-03	1.20e-04
 5.25890e+22	1.20e-22	4.14e-14	1.61e-11	7.63e-10	2.22e-06	4.92e-04	2.07e-02	1.63e-01	3.44e-01	2.87e-01	1.00e-01	4.03e-02	4.03e-02	3.57e-03	9.97e-05
 5.28097e+22	1.78e-22	5.63e-14	2.06e-11	9.19e-10	2.53e-06	5.52e-04	2.29e-02	1.76e-01	3.52e-01	2.81e-01	9.35e-02	3.66e-02	3.49e-02	2.94e-03	7.76e-05
 5.30350e+22	2.46e-22	7.21e-14	2.51e-11	1.07e-09	2.81e-06	6.05e-04	2.47e-02	1.86e-01	3.58e-01	2.75e-01	8.83e-02	3.38e-02	3.11e-02	2.50e-03	6.32e-05
 5.32592e+22	3.66e-22	9.82e-14	3.22e-11	1.29e-09	3.19e-06	6.77e-04	2.71e-02	2.00e-01	3.64e-01	2.67e-01	8.19e-02	3.06e-02	2.68e-02	2.04e-03	4.89e-05
 5.34721e+22	4.87e-22	1.23e-13	3.85e-11	1.48e-09	3.51e-06	7.34e-04	2.90e-02	2.10e-01	3.68e-01	2.61e-01	7.74e-02	2.84e-02	2.41e-02	1.76e-03	4.05e-05
 5.36775e+22	7.09e-22	1.65e-13	4.87e-11	1.77e-09	3.97e-06	8.16e-04	3.17e-02	2.24e-01	3.73e-01	2.52e-01	7.15e-02	2.56e-02	2.08e-02	1.44e-03	3.15e-05
 5.38867e+22	9.61e-22	2.09e-13	5.90e-11	2.05e-09	4.40e-06	8.88e-04	3.39e-02	2.35e-01	3.75e-01	2.44e-01	6.70e-02	2.36e-02	1.85e-02	1.23e-03	2.57e-05
 5.40924e+22	1.38e-21	2.80e-13	7.45e-11	2.45e-09	4.98e-06	9.85e-04	3.69e-02	2.50e-01	3.78e-01	2.35e-01	6.17e-02	2.13e-02	1.59e-02	1.00e-03	2.00e-05
 5.43023e+22	1.91e-21	3.62e-13	9.13e-11	2.88e-09	5.56e-06	1.08e-03	3.96e-02	2.62e-01	3.79e-01	2.26e-01	5.72e-02	1.94e-02	1.40e-02	8.41e-04	1.60e-05
 5.45067e+22	2.70e-21	4.81e-13	1.15e-10	3.44e-09	6.29e-06	1.19e-03	4.28e-02	2.77e-01	3.80e-01	2.16e-01	5.25e-02	1.75e-02	1.21e-02	6.90e-04	1.25e-05
 5.47155e+22	3.77e-21	6.31e-13	1.42e-10	4.08e-09	7.10e-06	1.31e-03	4.61e-02	2.91e-01	3.79e-01	2.07e-01	4.83e-02	1.59e-02	1.05e-02	5.71e-04	9.86e-06
 5.49222e+22	5.33e-21	8.36e-13	1.79e-10	4.89e-09	8.07e-06	1.45e-03	4.97e-02	3.06e-01	3.78e-01	1.97e-01	4.41e-02	1.43e-02	9.00e-03	4.68e-04	7.69e-06
 5.51299e+22	7.48e-21	1.10e-12	2.24e-10	5.86e-09	9.17e-06	1.60e-03	5.35e-02	3.21e-01	3.76e-01	1.87e-01	4.02e-02	1.28e-02	7.75e-03	3.84e-04	6.01e-06
 5.53352e+22	1.05e-20	1.46e-12	2.80e-10	7.04e-09	1.05e-05	1.77e-03	5.76e-02	3.36e-01	3.72e-01	1.77e-01	3.66e-02	1.15e-02	6.66e-03	3.14e-04	4.69e-06
 5.55402e+22	1.47e-20	1.93e-12	3.52e-10	8.48e-09	1.19e-05	1.96e-03	6.19e-02	3.51e-01	3.68e-01	1.67e-01	3.32e-02	1.03e-02	5.71e-03	2.57e-04	3.66e-06
 5.57455e+22	2.06e-20	2.55e-12	4.42e-10	1.02e-08	1.37e-05	2.17e-03	6.65e-02	3.67e-01	3.63e-01	1.57e-01	3.00e-02	9.23e-03	4.88e-03	2.09e-04	2.84e-06
 5.59517e+22	2.89e-20	3.37e-12	5.56e-10	1.24e-08	1.57e-05	2.41e-03	7.14e-02	3.82e-01	3.57e-01	1.47e-01	2.71e-02	8.23e-03	4.16e-03	1.70e-04	2.20e-06
 5.61590e+22	4.05e-20	4.46e-12	7.01e-10	1.50e-08	1.81e-05	2.67e-03	7.66e-02	3.97e-01	3.50e-01	1.38e-01	2.43e-02	7.32e-03	3.54e-03	1.38e-04	1.70e-06
 5.63682e+22	5.67e-20	5.91e-12	8.84e-10	1.83e-08	2.09e-05	2.96e-03	8.21e-02	4.12e-01	3.43e-01	1.29e-01	2.18e-02	6.49e-03	3.00e-03	1.11e-04	1.31e-06
 5.65800e+22	7.97e-20	7.84e-12	1.12e-09	2.24e-08	2.42e-05	3.29e-03	8.80e-02	4.27e-01	3.35e-01	1.20e-01	1.95e-02	5.73e-03	2.53e-03	8.92e-05	1.00e-06
 5.67927e+22	1.11e-19	1.04e-11	1.41e-09	2.73e-08	2.80e-05	3.66e-03	9.42e-02	4.41e-01	3.26e-01	1.11e-01	1.74e-02	5.06e-03	2.14e-03	7.18e-05	7.66e-07
 5.70089e+22	1.57e-19	1.38e-11	1.79e-09	3.35e-08	3.26e-05	4.07e-03	1.01e-01	4.55e-01	3.16e-01	1.02e-01	1.54e-02	4.44e-03	1.79e-03	5.72e-05	5.81e-07
 5.72277e+22	2.18e-19	1.81e-11	2.27e-09	4.10e-08	3.78e-05	4.52e-03	1.08e-01	4.68e-01	3.06e-01	9.45e-02	1.37e-02	3.90e-03	1.50e-03	4.57e-05	4.42e-07
 5.74506e+22	3.08e-19	2.42e-11	2.89e-09	5.06e-08	4.41e-05	5.04e-03	1.15e-01	4.81e-01	2.95e-01	8.67e-02	1.20e-02	3.40e-03	1.25e-03	3.61e-05	3.32e-07
 5.76580e+22	4.07e-19	3.04e-11	3.51e-09	6.00e-08	5.00e-05	5.49e-03	1.21e-01	4.91e-01	2.86e-01	8.07e-02	1.08e-02	3.04e-03	1.07e-03	2.98e-05	2.63e-07
 5.78715e+22	5.79e-19	4.08e-11	4.52e-09	7.48e-08	5.89e-05	6.14e-03	1.30e-01	5.03e-01	2.74e-01	7.34e-02	9.44e-03	2.62e-03	8.81e-04	2.32e-05	1.94e-07
 5.80884e+22	4.92e-18	5.12e-11	5.50e-09	8.89e-08	6.68e-05	6.70e-03	1.37e-01	5.12e-01	2.65e-01	6.81e-02	8.47e-03	2.33e-03	7.54e-04	1.90e-05	1.53e-07
 5.83104e+22	7.14e-18	6.89e-11	7.11e-09	1.12e-07	7.89e-05	7.51e-03	1.46e-01	5.23e-01	2.52e-01	6.15e-02	7.33e-03	1.99e-03	6.12e-04	1.46e-05	0.00e+00
 5.85335e+22	9.49e-18	8.57e-11	8.60e-09	1.32e-07	8.94e-05	8.16e-03	1.53e-01	5.30e-01	2.43e-01	5.70e-02	6.58e-03	1.77e-03	5.24e-04	1.20e-05	0.00e+00
 5.87581e+22	1.37e-17	1.14e-10	1.10e-08	1.65e-07	1.05e-04	9.10e-03	1.63e-01	5.38e-01	2.30e-01	5.14e-02	5.68e-03	1.51e-03	4.26e-04	9.23e-06	0.00e+00
 5.89841e+22	1.83e-17	1.42e-10	1.34e-08	1.95e-07	1.19e-04	9.89e-03	1.71e-01	5.44e-01	2.21e-01	4.75e-02	5.08e-03	1.34e-03	3.63e-04	7.56e-06	0.00e+00
 5.92117e+22	2.65e-17	1.87e-10	1.71e-08	2.43e-07	1.40e-04	1.10e-02	1.81e-01	5.50e-01	2.09e-01	4.27e-02	4.38e-03	1.14e-03	2.95e-04	5.80e-06	0.00e+00
 5.94413e+22	3.55e-17	2.31e-10	2.06e-08	2.87e-07	1.58e-04	1.19e-02	1.89e-01	5.54e-01	2.00e-01	3.93e-02	3.92e-03	1.01e-03	2.51e-04	4.74e-06	0.00e+00
 5.96733e+22	5.19e-17	3.04e-10	2.63e-08	3.57e-07	1.85e-04	1.32e-02	2.00e-01	5.59e-01	1.88e-01	3.53e-02	3.37e-03	8.54e-04	2.03e-04	3.63e-06	0.00e+00
 5.99082e+22	7.03e-17	3.75e-10	3.17e-08	4.22e-07	2.09e-04	1.43e-02	2.09e-01	5.61e-01	1.79e-01	3.24e-02	3.00e-03	7.52e-04	1.72e-04	2.95e-06	0.00e+00
 6.01468e+22	1.04e-16	4.91e-10	4.03e-08	5.26e-07	2.46e-04	1.59e-02	2.20e-01	5.63e-01	1.68e-01	2.89e-02	2.57e-03	6.36e-04	1.38e-04	2.25e-06	0.00e+00
 6.03894e+22	1.45e-16	6.05e-10	4.87e-08	6.23e-07	2.78e-04	1.72e-02	2.29e-01	5.64e-01	1.60e-01	2.65e-02	2.28e-03	5.57e-04	1.17e-04	1.82e-06	0.00e+00
 6.06371e+22	2.21e-16	7.91e-10	6.21e-08	7.77e-07	3.26e-04	1.91e-02	2.41e-01	5.64e-01	1.49e-01	2.36e-02	1.95e-03	4.68e-04	9.34e-05	1.37e-06	0.00e+00
 6.08899e+22	3.17e-16	9.77e-10	7.52e-08	9.24e-07	3.70e-04	2.07e-02	2.51e-01	5.63e-01	1.41e-01	2.15e-02	1.72e-03	4.08e-04	7.83e-05	1.10e-06	0.00e+00
 6.11494e+22	5.10e-16	1.28e-09	9.64e-08	1.16e-06	4.35e-04	2.29e-02	2.64e-01	5.61e-01	1.31e-01	1.90e-02	1.46e-03	3.40e-04	6.21e-05	8.23e-07	0.00e+00
 6.14155e+22	7.81e-16	1.59e-09	1.17e-07	1.38e-06	4.95e-04	2.48e-02	2.74e-01	5.59e-01	1.23e-01	1.73e-02	1.28e-03	2.94e-04	5.16e-05	6.54e-07	0.00e+00
 6.16900e+22	1.41e-15	2.10e-09	1.52e-07	1.75e-06	5.86e-04	2.76e-02	2.88e-01	5.54e-01	1.13e-01	1.52e-02	1.07e-03	2.43e-04	4.04e-05	4.81e-07	0.00e+00
 6.19483e+22	2.14e-15	2.50e-09	1.79e-07	2.03e-06	6.52e-04	2.95e-02	2.96e-01	5.51e-01	1.08e-01	1.40e-02	9.63e-04	2.15e-04	3.46e-05	3.96e-07	0.00e+00
 6.21856e+22	3.63e-15	3.16e-09	2.21e-07	2.47e-06	7.50e-04	3.22e-02	3.08e-01	5.45e-01	1.00e-01	1.25e-02	8.31e-04	1.82e-04	2.81e-05	3.06e-07	0.00e+00
 6.24208e+22	5.51e-15	3.74e-09	2.59e-07	2.85e-06	8.31e-04	3.43e-02	3.17e-01	5.41e-01	9.49e-02	1.15e-02	7.46e-04	1.61e-04	2.41e-05	2.53e-07	0.00e+00
 6.26533e+22	8.02e-15	4.67e-09	3.19e-07	3.46e-06	9.54e-04	3.73e-02	3.28e-01	5.34e-01	8.81e-02	1.03e-02	6.43e-04	1.37e-04	1.96e-05	1.95e-07	0.00e+00
 6.28873e+22	1.05e-14	5.53e-09	3.73e-07	3.98e-06	1.06e-03	3.97e-02	3.37e-01	5.29e-01	8.35e-02	9.49e-03	5.77e-04	1.21e-04	1.69e-05	1.61e-07	0.00e+00
 6.31232e+22	1.34e-14	6.87e-09	4.58e-07	4.81e-06	1.21e-03	4.31e-02	3.48e-01	5.21e-01	7.74e-02	8.50e-03	4.99e-04	1.03e-04	1.37e-05	1.25e-07	0.00e+00
 6.33633e+22	1.60e-14	8.15e-09	5.37e-07	5.56e-06	1.34e-03	4.58e-02	3.57e-01	5.15e-01	7.31e-02	7.81e-03	4.46e-04	9.11e-05	1.17e-05	0.00e+00	0.00e+00
 6.36088e+22	2.02e-14	1.02e-08	6.62e-07	6.75e-06	1.53e-03	4.97e-02	3.68e-01	5.05e-01	6.75e-02	6.96e-03	3.83e-04	7.70e-05	9.48e-06	0.00e+00	0.00e+00
 6.38579e+22	2.42e-14	1.21e-08	7.78e-07	7.81e-06	1.70e-03	5.29e-02	3.77e-01	4.98e-01	6.35e-02	6.38e-03	3.41e-04	6.77e-05	8.07e-06	0.00e+00	0.00e+00
 6.41116e+22	3.05e-14	1.51e-08	9.61e-07	9.50e-06	1.95e-03	5.74e-02	3.89e-01	4.87e-01	5.84e-02	5.66e-03	2.92e-04	5.69e-05	6.49e-06	0.00e+00	0.00e+00
 6.43701e+22	3.67e-14	1.80e-08	1.13e-06	1.10e-05	2.17e-03	6.11e-02	3.97e-01	4.79e-01	5.47e-02	5.18e-03	2.59e-04	4.98e-05	5.49e-06	0.00e+00	0.00e+00
 6.46349e+22	4.65e-14	2.26e-08	1.41e-06	1.35e-05	2.50e-03	6.64e-02	4.09e-01	4.67e-01	5.00e-02	4.57e-03	2.20e-04	4.16e-05	4.38e-06	0.00e+00	0.00e+00
 6.49055e+22	5.63e-14	2.70e-08	1.67e-06	1.57e-05	2.78e-03	7.07e-02	4.18e-01	4.58e-01	4.67e-02	4.16e-03	1.94e-04	3.62e-05	3.68e-06	0.00e+00	0.00e+00
 6.51835e+22	7.18e-14	3.41e-08	2.08e-06	1.93e-05	3.21e-03	7.68e-02	4.29e-01	4.45e-01	4.24e-02	3.65e-03	1.64e-04	3.00e-05	2.90e-06	0.00e+00	0.00e+00
 6.54677e+22	8.77e-14	4.10e-08	2.48e-06	2.27e-05	3.59e-03	8.19e-02	4.38e-01	4.34e-01	3.94e-02	3.30e-03	1.44e-04	2.59e-05	2.42e-06	0.00e+00	0.00e+00
 6.57597e+22	1.13e-13	5.20e-08	3.11e-06	2.80e-05	4.15e-03	8.90e-02	4.49e-01	4.20e-01	3.56e-02	2.89e-03	1.21e-04	2.13e-05	1.89e-06	0.00e+00	0.00e+00
 6.60553e+22	1.39e-13	6.28e-08	3.71e-06	3.28e-05	4.63e-03	9.47e-02	4.56e-01	4.09e-01	3.30e-02	2.61e-03	1.05e-04	1.84e-05	1.57e-06	0.00e+00	0.00e+00
 6.63554e+22	1.79e-13	7.96e-08	4.67e-06	4.07e-05	5.37e-03	1.03e-01	4.66e-01	3.93e-01	2.96e-02	2.27e-03	8.77e-05	1.50e-05	1.22e-06	0.00e+00	0.00e+00
 6.66583e+22	2.21e-13	9.61e-08	5.57e-06	4.76e-05	5.98e-03	1.09e-01	4.73e-01	3.82e-01	2.74e-02	2.05e-03	7.67e-05	1.29e-05	1.01e-06	0.00e+00	0.00e+00
 6.69648e+22	2.85e-13	1.22e-07	7.01e-06	5.90e-05	6.93e-03	1.18e-01	4.82e-01	3.66e-01	2.44e-02	1.77e-03	6.35e-05	1.05e-05	7.83e-07	0.00e+00	0.00e+00
 6.72640e+22	3.47e-13	1.45e-07	8.26e-06	6.84e-05	7.66e-03	1.25e-01	4.88e-01	3.55e-01	2.26e-02	1.61e-03	5.58e-05	9.11e-06	6.55e-07	0.00e+00	0.00e+00
 6.75535e+22	4.46e-13	1.81e-07	1.02e-05	8.28e-05	8.72e-03	1.34e-01	4.95e-01	3.40e-01	2.04e-02	1.41e-03	4.70e-05	7.56e-06	5.18e-07	0.00e+00	0.00e+00
 6.78585e+22	5.50e-13	2.19e-07	1.22e-05	9.83e-05	9.79e-03	1.43e-01	5.00e-01	3.27e-01	1.85e-02	1.25e-03	4.03e-05	6.39e-06	4.19e-07	0.00e+00	0.00e+00
 6.81145e+22	6.68e-13	2.57e-07	1.42e-05	1.13e-04	1.07e-02	1.50e-01	5.04e-01	3.17e-01	1.72e-02	1.14e-03	3.56e-05	5.58e-06	3.54e-07	0.00e+00	0.00e+00
 6.83782e+22	8.34e-13	3.11e-07	1.71e-05	1.33e-04	1.20e-02	1.59e-01	5.08e-01	3.04e-01	1.56e-02	1.02e-03	3.06e-05	4.73e-06	2.88e-07	0.00e+00	0.00e+00
