#depth	N	N+	N+2	N+3	N+4	N+5	N+6	N+7
 4.62852e+21	0.00e+00	0.00e+00	2.17e-23	4.21e-18	2.90e-13	4.62e-08	4.35e-04	1.00e+00
 1.05385e+22	0.00e+00	9.75e-29	1.30e-22	1.80e-17	8.80e-13	9.55e-08	6.21e-04	9.99e-01
 1.26906e+22	0.00e+00	4.11e-28	4.35e-22	4.80e-17	1.87e-12	1.56e-07	7.89e-04	9.99e-01
 1.42577e+22	0.00e+00	1.29e-27	1.14e-21	1.05e-16	3.40e-12	2.30e-07	9.54e-04	9.99e-01
 1.51283e+22	0.00e+00	1.73e-27	1.45e-21	1.28e-16	3.95e-12	2.54e-07	1.00e-03	9.99e-01
 1.54703e+22	0.00e+00	2.27e-27	1.83e-21	1.54e-16	4.57e-12	2.79e-07	1.05e-03	9.99e-01
 1.57865e+22	0.00e+00	2.87e-27	2.23e-21	1.82e-16	5.20e-12	3.03e-07	1.09e-03	9.99e-01
 1.61276e+22	0.00e+00	3.92e-27	2.90e-21	2.25e-16	6.10e-12	3.37e-07	1.15e-03	9.99e-01
 1.64684e+22	0.00e+00	5.05e-27	3.58e-21	2.67e-16	6.96e-12	3.68e-07	1.20e-03	9.99e-01
 1.67614e+22	0.00e+00	6.38e-27	4.36e-21	3.14e-16	7.90e-12	3.99e-07	1.25e-03	9.99e-01
 1.70947e+22	0.00e+00	8.50e-27	5.56e-21	3.83e-16	9.21e-12	4.40e-07	1.31e-03	9.99e-01
 1.74404e+22	0.00e+00	1.11e-26	6.94e-21	4.59e-16	1.06e-11	4.82e-07	1.37e-03	9.99e-01
 1.77397e+22	0.00e+00	1.40e-26	8.48e-21	5.42e-16	1.20e-11	5.24e-07	1.42e-03	9.99e-01
 1.80662e+22	0.00e+00	1.86e-26	1.07e-20	6.58e-16	1.40e-11	5.78e-07	1.49e-03	9.99e-01
 1.84119e+22	0.00e+00	2.44e-26	1.35e-20	7.91e-16	1.61e-11	6.34e-07	1.56e-03	9.98e-01
 1.87217e+22	0.00e+00	3.12e-26	1.66e-20	9.39e-16	1.84e-11	6.91e-07	1.62e-03	9.98e-01
 1.89963e+22	1.91e-33	3.88e-26	1.99e-20	1.09e-15	2.06e-11	7.44e-07	1.68e-03	9.98e-01
 1.92470e+22	2.40e-33	4.73e-26	2.36e-20	1.25e-15	2.29e-11	7.97e-07	1.74e-03	9.98e-01
 1.95340e+22	3.18e-33	6.02e-26	2.89e-20	1.48e-15	2.61e-11	8.67e-07	1.81e-03	9.98e-01
 1.98445e+22	4.21e-33	7.68e-26	3.54e-20	1.74e-15	2.96e-11	9.42e-07	1.89e-03	9.98e-01
 2.01262e+22	5.47e-33	9.61e-26	4.28e-20	2.03e-15	3.33e-11	1.02e-06	1.96e-03	9.98e-01
 2.03926e+22	7.05e-33	1.20e-25	5.14e-20	2.36e-15	3.74e-11	1.10e-06	2.03e-03	9.98e-01
 2.06557e+22	8.99e-33	1.48e-25	6.14e-20	2.73e-15	4.19e-11	1.18e-06	2.11e-03	9.98e-01
 2.09550e+22	1.21e-32	1.90e-25	7.60e-20	3.25e-15	4.80e-11	1.29e-06	2.20e-03	9.98e-01
 2.12685e+22	1.60e-32	2.43e-25	9.33e-20	3.84e-15	5.45e-11	1.40e-06	2.29e-03	9.98e-01
 2.15413e+22	2.06e-32	3.02e-25	1.12e-19	4.46e-15	6.12e-11	1.51e-06	2.38e-03	9.98e-01
 2.17824e+22	2.58e-32	3.66e-25	1.32e-19	5.09e-15	6.77e-11	1.62e-06	2.45e-03	9.98e-01
 2.20416e+22	3.32e-32	4.54e-25	1.58e-19	5.92e-15	7.62e-11	1.75e-06	2.54e-03	9.97e-01
 2.23215e+22	4.27e-32	5.65e-25	1.90e-19	6.87e-15	8.54e-11	1.88e-06	2.64e-03	9.97e-01
 2.25760e+22	5.38e-32	6.89e-25	2.25e-19	7.88e-15	9.49e-11	2.02e-06	2.73e-03	9.97e-01
 2.28543e+22	7.09e-32	8.75e-25	2.75e-19	9.29e-15	1.08e-10	2.19e-06	2.84e-03	9.97e-01
 2.31452e+22	9.22e-32	1.10e-24	3.32e-19	1.08e-14	1.21e-10	2.37e-06	2.95e-03	9.97e-01
 2.33908e+22	1.15e-31	1.33e-24	3.90e-19	1.24e-14	1.34e-10	2.54e-06	3.05e-03	9.97e-01
 2.36488e+22	1.49e-31	1.66e-24	4.70e-19	1.44e-14	1.51e-10	2.74e-06	3.17e-03	9.97e-01
 2.39246e+22	1.91e-31	2.05e-24	5.61e-19	1.66e-14	1.69e-10	2.95e-06	3.28e-03	9.97e-01
 2.41749e+22	2.40e-31	2.49e-24	6.63e-19	1.90e-14	1.88e-10	3.16e-06	3.39e-03	9.97e-01
 2.44512e+22	3.15e-31	3.15e-24	8.08e-19	2.24e-14	2.13e-10	3.44e-06	3.53e-03	9.96e-01
 2.47412e+22	4.08e-31	3.94e-24	9.74e-19	2.61e-14	2.40e-10	3.71e-06	3.67e-03	9.96e-01
 2.49837e+22	5.09e-31	4.76e-24	1.14e-18	2.97e-14	2.65e-10	3.97e-06	3.79e-03	9.96e-01
 2.52004e+22	6.19e-31	5.63e-24	1.31e-18	3.33e-14	2.90e-10	4.21e-06	3.90e-03	9.96e-01
 2.54487e+22	7.89e-31	6.95e-24	1.57e-18	3.85e-14	3.24e-10	4.53e-06	4.04e-03	9.96e-01
 2.57179e+22	1.01e-30	8.57e-24	1.87e-18	4.44e-14	3.62e-10	4.88e-06	4.19e-03	9.96e-01
 2.59664e+22	1.27e-30	1.04e-23	2.21e-18	5.09e-14	4.01e-10	5.23e-06	4.33e-03	9.96e-01
 2.62416e+22	1.67e-30	1.32e-23	2.69e-18	5.98e-14	4.55e-10	5.68e-06	4.51e-03	9.95e-01
 2.65160e+22	2.13e-30	1.63e-23	3.20e-18	6.88e-14	5.07e-10	6.11e-06	4.68e-03	9.95e-01
 2.67394e+22	2.62e-30	1.94e-23	3.71e-18	7.77e-14	5.56e-10	6.50e-06	4.82e-03	9.95e-01
 2.69797e+22	3.32e-30	2.38e-23	4.40e-18	8.93e-14	6.20e-10	6.99e-06	4.99e-03	9.95e-01
 2.72425e+22	4.23e-30	2.93e-23	5.24e-18	1.03e-13	6.90e-10	7.51e-06	5.18e-03	9.95e-01
 2.74868e+22	5.28e-30	3.54e-23	6.13e-18	1.17e-13	7.62e-10	8.03e-06	5.35e-03	9.95e-01
 2.77570e+22	6.90e-30	4.46e-23	7.44e-18	1.37e-13	8.60e-10	8.71e-06	5.57e-03	9.94e-01
 2.80279e+22	8.85e-30	5.50e-23	8.86e-18	1.57e-13	9.55e-10	9.37e-06	5.78e-03	9.94e-01
 2.82477e+22	1.07e-29	6.51e-23	1.02e-17	1.77e-13	1.04e-09	9.95e-06	5.95e-03	9.94e-01
 2.84815e+22	1.36e-29	7.97e-23	1.21e-17	2.03e-13	1.16e-09	1.07e-05	6.16e-03	9.94e-01
 2.87358e+22	1.72e-29	9.71e-23	1.42e-17	2.31e-13	1.28e-09	1.14e-05	6.38e-03	9.94e-01
 2.89773e+22	2.17e-29	1.18e-22	1.67e-17	2.63e-13	1.42e-09	1.23e-05	6.61e-03	9.93e-01
 2.92146e+22	2.71e-29	1.43e-22	1.96e-17	3.00e-13	1.56e-09	1.31e-05	6.83e-03	9.93e-01
 2.94422e+22	3.37e-29	1.72e-22	2.29e-17	3.39e-13	1.71e-09	1.40e-05	7.06e-03	9.93e-01
 2.96592e+22	4.15e-29	2.05e-22	2.65e-17	3.81e-13	1.87e-09	1.49e-05	7.28e-03	9.93e-01
 2.99061e+22	5.39e-29	2.56e-22	3.18e-17	4.42e-13	2.09e-09	1.61e-05	7.58e-03	9.92e-01
 3.01605e+22	6.77e-29	3.11e-22	3.73e-17	5.02e-13	2.30e-09	1.72e-05	7.85e-03	9.92e-01
 3.03875e+22	8.47e-29	3.76e-22	4.36e-17	5.68e-13	2.52e-09	1.83e-05	8.12e-03	9.92e-01
 3.06453e+22	1.12e-28	4.76e-22	5.30e-17	6.64e-13	2.83e-09	1.99e-05	8.47e-03	9.92e-01
 3.09080e+22	1.43e-28	5.84e-22	6.26e-17	7.57e-13	3.12e-09	2.13e-05	8.79e-03	9.91e-01
 3.11281e+22	1.77e-28	6.99e-22	7.26e-17	8.52e-13	3.40e-09	2.27e-05	9.08e-03	9.91e-01
 3.13652e+22	2.29e-28	8.69e-22	8.68e-17	9.81e-13	3.77e-09	2.45e-05	9.44e-03	9.91e-01
 3.16102e+22	2.89e-28	1.06e-21	1.02e-16	1.11e-12	4.12e-09	2.61e-05	9.78e-03	9.90e-01
 3.18263e+22	3.58e-28	1.27e-21	1.18e-16	1.25e-12	4.49e-09	2.78e-05	1.01e-02	9.90e-01
 3.20681e+22	4.70e-28	1.59e-21	1.42e-16	1.45e-12	4.99e-09	3.00e-05	1.05e-02	9.89e-01
 3.23172e+22	5.98e-28	1.95e-21	1.68e-16	1.64e-12	5.47e-09	3.22e-05	1.09e-02	9.89e-01
 3.25275e+22	7.44e-28	2.33e-21	1.94e-16	1.84e-12	5.93e-09	3.42e-05	1.13e-02	9.89e-01
 3.27225e+22	9.05e-28	2.75e-21	2.22e-16	2.05e-12	6.40e-09	3.62e-05	1.16e-02	9.88e-01
 3.29457e+22	1.17e-27	3.42e-21	2.65e-16	2.34e-12	7.04e-09	3.89e-05	1.21e-02	9.88e-01
 3.31763e+22	1.48e-27	4.15e-21	3.09e-16	2.64e-12	7.66e-09	4.15e-05	1.26e-02	9.87e-01
 3.33809e+22	1.85e-27	4.99e-21	3.59e-16	2.96e-12	8.30e-09	4.41e-05	1.30e-02	9.87e-01
 3.36111e+22	2.45e-27	6.30e-21	4.33e-16	3.43e-12	9.18e-09	4.77e-05	1.36e-02	9.86e-01
 3.38380e+22	3.04e-27	7.55e-21	5.01e-16	3.84e-12	9.94e-09	5.06e-05	1.40e-02	9.86e-01
 3.40304e+22	3.78e-27	9.06e-21	5.80e-16	4.29e-12	1.07e-08	5.37e-05	1.45e-02	9.85e-01
 3.42210e+22	4.64e-27	1.07e-20	6.65e-16	4.77e-12	1.16e-08	5.69e-05	1.50e-02	9.85e-01
 3.44397e+22	6.07e-27	1.34e-20	7.96e-16	5.47e-12	1.27e-08	6.12e-05	1.56e-02	9.84e-01
 3.46635e+22	7.69e-27	1.63e-20	9.32e-16	6.17e-12	1.38e-08	6.53e-05	1.62e-02	9.84e-01
 3.48586e+22	9.62e-27	1.96e-20	1.08e-15	6.90e-12	1.49e-08	6.94e-05	1.67e-02	9.83e-01
 3.50446e+22	1.19e-26	2.34e-20	1.24e-15	7.68e-12	1.60e-08	7.35e-05	1.73e-02	9.83e-01
 3.52540e+22	1.55e-26	2.92e-20	1.49e-15	8.80e-12	1.75e-08	7.91e-05	1.80e-02	9.82e-01
 3.54683e+22	1.95e-26	3.53e-20	1.73e-15	9.87e-12	1.90e-08	8.41e-05	1.86e-02	9.81e-01
 3.56570e+22	2.43e-26	4.23e-20	2.00e-15	1.10e-11	2.05e-08	8.93e-05	1.92e-02	9.81e-01
 3.58703e+22	3.20e-26	5.32e-20	2.40e-15	1.27e-11	2.25e-08	9.63e-05	2.00e-02	9.80e-01
 3.60868e+22	4.07e-26	6.50e-20	2.82e-15	1.43e-11	2.44e-08	1.03e-04	2.08e-02	9.79e-01
 3.62741e+22	5.11e-26	7.85e-20	3.28e-15	1.61e-11	2.64e-08	1.09e-04	2.15e-02	9.78e-01
 3.64841e+22	6.73e-26	9.86e-20	3.94e-15	1.85e-11	2.90e-08	1.18e-04	2.24e-02	9.77e-01
 3.66983e+22	8.59e-26	1.21e-19	4.63e-15	2.09e-11	3.15e-08	1.26e-04	2.32e-02	9.77e-01
 3.68848e+22	1.08e-25	1.46e-19	5.39e-15	2.35e-11	3.40e-08	1.34e-04	2.40e-02	9.76e-01
 3.70942e+22	1.44e-25	1.85e-19	6.52e-15	2.71e-11	3.75e-08	1.45e-04	2.50e-02	9.75e-01
 3.73116e+22	1.87e-25	2.30e-19	7.76e-15	3.09e-11	4.09e-08	1.55e-04	2.60e-02	9.74e-01
 3.75057e+22	2.36e-25	2.79e-19	9.09e-15	3.49e-11	4.44e-08	1.65e-04	2.69e-02	9.73e-01
 3.76912e+22	3.01e-25	3.42e-19	1.07e-14	3.94e-11	4.82e-08	1.76e-04	2.79e-02	9.72e-01
 3.78677e+22	3.76e-25	4.11e-19	1.24e-14	4.41e-11	5.20e-08	1.87e-04	2.88e-02	9.71e-01
 3.80655e+22	5.07e-25	5.27e-19	1.51e-14	5.13e-11	5.75e-08	2.02e-04	3.00e-02	9.70e-01
 3.82646e+22	6.47e-25	6.44e-19	1.78e-14	5.81e-11	6.24e-08	2.16e-04	3.11e-02	9.69e-01
 3.84256e+22	7.94e-25	7.64e-19	2.04e-14	6.45e-11	6.69e-08	2.28e-04	3.20e-02	9.68e-01
 3.85647e+22	9.63e-25	8.97e-19	2.32e-14	7.11e-11	7.13e-08	2.40e-04	3.29e-02	9.67e-01
 3.86929e+22	1.15e-24	1.04e-18	2.61e-14	7.78e-11	7.58e-08	2.51e-04	3.37e-02	9.66e-01
 3.88377e+22	1.43e-24	1.25e-18	3.03e-14	8.70e-11	8.17e-08	2.66e-04	3.47e-02	9.65e-01
 3.89826e+22	1.73e-24	1.46e-18	3.43e-14	9.57e-11	8.71e-08	2.79e-04	3.56e-02	9.64e-01
 3.91051e+22	2.07e-24	1.70e-18	3.88e-14	1.05e-10	9.26e-08	2.93e-04	3.65e-02	9.63e-01
 3.92230e+22	2.47e-24	1.96e-18	4.36e-14	1.15e-10	9.83e-08	3.06e-04	3.74e-02	9.62e-01
 3.93578e+22	3.06e-24	2.35e-18	5.05e-14	1.28e-10	1.06e-07	3.24e-04	3.85e-02	9.61e-01
 3.94914e+22	3.65e-24	2.73e-18	5.69e-14	1.41e-10	1.13e-07	3.39e-04	3.94e-02	9.60e-01
 3.96044e+22	4.37e-24	3.17e-18	6.42e-14	1.54e-10	1.20e-07	3.55e-04	4.03e-02	9.59e-01
 3.97143e+22	5.22e-24	3.67e-18	7.24e-14	1.69e-10	1.27e-07	3.71e-04	4.13e-02	9.58e-01
 3.98397e+22	6.47e-24	4.40e-18	8.38e-14	1.89e-10	1.37e-07	3.92e-04	4.25e-02	9.57e-01
 3.99682e+22	7.90e-24	5.20e-18	9.59e-14	2.09e-10	1.46e-07	4.12e-04	4.36e-02	9.56e-01
 4.00790e+22	9.44e-24	6.03e-18	1.08e-13	2.29e-10	1.56e-07	4.31e-04	4.46e-02	9.55e-01
 4.01817e+22	1.12e-23	6.96e-18	1.22e-13	2.50e-10	1.65e-07	4.50e-04	4.55e-02	9.54e-01
 4.02803e+22	1.33e-23	8.02e-18	1.36e-13	2.73e-10	1.75e-07	4.69e-04	4.65e-02	9.53e-01
 4.03932e+22	1.64e-23	9.61e-18	1.58e-13	3.06e-10	1.89e-07	4.95e-04	4.78e-02	9.52e-01
 4.05080e+22	2.00e-23	1.13e-17	1.80e-13	3.38e-10	2.02e-07	5.19e-04	4.89e-02	9.51e-01
 4.06063e+22	2.38e-23	1.31e-17	2.03e-13	3.70e-10	2.14e-07	5.41e-04	5.00e-02	9.49e-01
 4.07151e+22	2.97e-23	1.58e-17	2.37e-13	4.16e-10	2.31e-07	5.71e-04	5.14e-02	9.48e-01
 4.08271e+22	3.64e-23	1.87e-17	2.72e-13	4.62e-10	2.48e-07	6.00e-04	5.26e-02	9.47e-01
 4.09260e+22	4.39e-23	2.20e-17	3.09e-13	5.10e-10	2.65e-07	6.27e-04	5.38e-02	9.46e-01
 4.10374e+22	5.65e-23	2.72e-17	3.68e-13	5.82e-10	2.89e-07	6.66e-04	5.55e-02	9.44e-01
 4.11500e+22	6.94e-23	3.23e-17	4.24e-13	6.48e-10	3.11e-07	7.00e-04	5.68e-02	9.42e-01
 4.12462e+22	8.38e-23	3.79e-17	4.83e-13	7.16e-10	3.32e-07	7.32e-04	5.81e-02	9.41e-01
 4.13530e+22	1.11e-22	4.78e-17	5.84e-13	8.27e-10	3.65e-07	7.80e-04	5.99e-02	9.39e-01
 4.14582e+22	1.33e-22	5.60e-17	6.64e-13	9.13e-10	3.90e-07	8.15e-04	6.12e-02	9.38e-01
 4.15611e+22	1.75e-22	7.06e-17	8.03e-13	1.05e-09	4.29e-07	8.67e-04	6.31e-02	9.36e-01
 4.16620e+22	2.11e-22	8.28e-17	9.14e-13	1.16e-09	4.59e-07	9.06e-04	6.44e-02	9.35e-01
 4.17600e+22	2.77e-22	1.04e-16	1.10e-12	1.34e-09	5.05e-07	9.63e-04	6.64e-02	9.33e-01
 4.18583e+22	3.37e-22	1.23e-16	1.27e-12	1.49e-09	5.41e-07	1.01e-03	6.79e-02	9.31e-01
 4.19571e+22	4.50e-22	1.57e-16	1.55e-12	1.74e-09	5.99e-07	1.07e-03	7.00e-02	9.29e-01
 4.20561e+22	5.54e-22	1.88e-16	1.79e-12	1.94e-09	6.44e-07	1.13e-03	7.16e-02	9.27e-01
 4.21555e+22	7.50e-22	2.43e-16	2.21e-12	2.28e-09	7.16e-07	1.20e-03	7.39e-02	9.25e-01
 4.22555e+22	9.28e-22	2.91e-16	2.56e-12	2.55e-09	7.73e-07	1.26e-03	7.57e-02	9.23e-01
 4.23565e+22	1.25e-21	3.76e-16	3.16e-12	3.00e-09	8.60e-07	1.35e-03	7.81e-02	9.21e-01
 4.24567e+22	1.57e-21	4.57e-16	3.71e-12	3.38e-09	9.33e-07	1.42e-03	8.00e-02	9.19e-01
 4.25560e+22	2.13e-21	5.92e-16	4.59e-12	3.98e-09	1.04e-06	1.52e-03	8.26e-02	9.16e-01
 4.26572e+22	2.72e-21	7.28e-16	5.45e-12	4.53e-09	1.13e-06	1.61e-03	8.47e-02	9.14e-01
 4.27608e+22	3.76e-21	9.60e-16	6.84e-12	5.39e-09	1.27e-06	1.72e-03	8.76e-02	9.11e-01
 4.28650e+22	4.83e-21	1.19e-15	8.15e-12	6.16e-09	1.39e-06	1.82e-03	9.00e-02	9.08e-01
 4.29698e+22	6.72e-21	1.58e-15	1.03e-11	7.36e-09	1.57e-06	1.96e-03	9.31e-02	9.05e-01
 4.30754e+22	8.67e-21	1.96e-15	1.23e-11	8.43e-09	1.72e-06	2.07e-03	9.56e-02	9.02e-01
 4.31669e+22	1.11e-20	2.42e-15	1.47e-11	9.64e-09	1.88e-06	2.19e-03	9.81e-02	9.00e-01
 4.32707e+22	1.55e-20	3.21e-15	1.85e-11	1.15e-08	2.11e-06	2.36e-03	1.01e-01	8.96e-01
 4.33737e+22	1.95e-20	3.91e-15	2.18e-11	1.30e-08	2.30e-06	2.48e-03	1.04e-01	8.94e-01
 4.34755e+22	2.65e-20	5.09e-15	2.71e-11	1.54e-08	2.57e-06	2.66e-03	1.07e-01	8.90e-01
 4.35804e+22	3.40e-20	6.30e-15	3.23e-11	1.76e-08	2.82e-06	2.81e-03	1.10e-01	8.87e-01
 4.36893e+22	4.72e-20	8.34e-15	4.07e-11	2.10e-08	3.17e-06	3.03e-03	1.14e-01	8.83e-01
 4.37993e+22	5.99e-20	1.02e-14	4.83e-11	2.40e-08	3.46e-06	3.20e-03	1.17e-01	8.80e-01
 4.39108e+22	8.26e-20	1.35e-14	6.06e-11	2.85e-08	3.90e-06	3.44e-03	1.21e-01	8.76e-01
 4.40253e+22	1.05e-19	1.66e-14	7.21e-11	3.26e-08	4.27e-06	3.64e-03	1.24e-01	8.72e-01
 4.41437e+22	1.45e-19	2.19e-14	9.07e-11	3.89e-08	4.81e-06	3.92e-03	1.28e-01	8.68e-01
 4.42620e+22	1.84e-19	2.68e-14	1.07e-10	4.42e-08	5.25e-06	4.14e-03	1.32e-01	8.64e-01
 4.43801e+22	2.51e-19	3.49e-14	1.34e-10	5.24e-08	5.90e-06	4.45e-03	1.36e-01	8.60e-01
 4.45011e+22	3.18e-19	4.28e-14	1.58e-10	5.97e-08	6.45e-06	4.70e-03	1.39e-01	8.56e-01
 4.46259e+22	4.31e-19	5.56e-14	1.97e-10	7.06e-08	7.25e-06	5.06e-03	1.44e-01	8.51e-01
 4.47475e+22	5.34e-19	6.68e-14	2.29e-10	7.95e-08	7.86e-06	5.32e-03	1.47e-01	8.47e-01
 4.48650e+22	7.08e-19	8.51e-14	2.81e-10	9.29e-08	8.76e-06	5.69e-03	1.52e-01	8.42e-01
 4.49846e+22	8.73e-19	1.02e-13	3.26e-10	1.04e-07	9.49e-06	5.98e-03	1.55e-01	8.39e-01
 4.51068e+22	1.15e-18	1.29e-13	3.97e-10	1.22e-07	1.06e-05	6.39e-03	1.60e-01	8.33e-01
 4.52322e+22	1.43e-18	1.56e-13	4.65e-10	1.38e-07	1.15e-05	6.74e-03	1.64e-01	8.29e-01
 4.53618e+22	1.89e-18	1.98e-13	5.68e-10	1.61e-07	1.28e-05	7.22e-03	1.69e-01	8.24e-01
 4.54889e+22	2.31e-18	2.36e-13	6.57e-10	1.80e-07	1.39e-05	7.58e-03	1.73e-01	8.20e-01
 4.56130e+22	3.02e-18	2.97e-13	7.96e-10	2.09e-07	1.54e-05	8.09e-03	1.78e-01	8.14e-01
 4.57383e+22	3.65e-18	3.49e-13	9.12e-10	2.33e-07	1.66e-05	8.48e-03	1.82e-01	8.10e-01
 4.58650e+22	4.74e-18	4.37e-13	1.10e-09	2.70e-07	1.84e-05	9.04e-03	1.87e-01	8.04e-01
 4.59944e+22	5.76e-18	5.17e-13	1.27e-09	3.01e-07	1.99e-05	9.49e-03	1.91e-01	8.00e-01
 4.61270e+22	7.48e-18	6.48e-13	1.53e-09	3.49e-07	2.21e-05	1.01e-02	1.96e-01	7.94e-01
 4.62620e+22	9.10e-18	7.67e-13	1.76e-09	3.90e-07	2.39e-05	1.06e-02	2.01e-01	7.89e-01
 4.64002e+22	1.18e-17	9.62e-13	2.13e-09	4.53e-07	2.65e-05	1.14e-02	2.06e-01	7.82e-01
 4.65410e+22	1.44e-17	1.14e-12	2.46e-09	5.07e-07	2.87e-05	1.19e-02	2.11e-01	7.77e-01
 4.66851e+22	1.88e-17	1.43e-12	2.97e-09	5.89e-07	3.19e-05	1.28e-02	2.17e-01	7.70e-01
 4.68259e+22	2.23e-17	1.66e-12	3.37e-09	6.50e-07	3.42e-05	1.33e-02	2.21e-01	7.66e-01
 4.69625e+22	2.86e-17	2.06e-12	4.04e-09	7.50e-07	3.79e-05	1.42e-02	2.27e-01	7.59e-01
 4.71013e+22	3.40e-17	2.39e-12	4.58e-09	8.29e-07	4.07e-05	1.48e-02	2.31e-01	7.54e-01
 4.72429e+22	4.32e-17	2.94e-12	5.45e-09	9.51e-07	4.48e-05	1.58e-02	2.37e-01	7.47e-01
 4.73889e+22	5.24e-17	3.47e-12	6.26e-09	1.06e-06	4.85e-05	1.66e-02	2.42e-01	7.41e-01
 4.75406e+22	6.66e-17	4.27e-12	7.45e-09	1.22e-06	5.35e-05	1.76e-02	2.48e-01	7.34e-01
 4.76974e+22	8.16e-17	5.08e-12	8.63e-09	1.37e-06	5.82e-05	1.85e-02	2.54e-01	7.28e-01
 4.78606e+22	1.05e-16	6.30e-12	1.03e-08	1.58e-06	6.44e-05	1.97e-02	2.60e-01	7.20e-01
 4.80283e+22	1.29e-16	7.54e-12	1.20e-08	1.78e-06	7.02e-05	2.08e-02	2.66e-01	7.13e-01
 4.82018e+22	1.66e-16	9.39e-12	1.45e-08	2.07e-06	7.80e-05	2.22e-02	2.73e-01	7.05e-01
 4.83811e+22	2.06e-16	1.13e-11	1.69e-08	2.34e-06	8.53e-05	2.35e-02	2.79e-01	6.97e-01
 4.85679e+22	2.69e-16	1.43e-11	2.06e-08	2.73e-06	9.53e-05	2.51e-02	2.87e-01	6.88e-01
 4.87596e+22	3.37e-16	1.73e-11	2.42e-08	3.11e-06	1.05e-04	2.66e-02	2.93e-01	6.80e-01
 4.89317e+22	4.15e-16	2.07e-11	2.82e-08	3.51e-06	1.14e-04	2.81e-02	3.00e-01	6.72e-01
 4.91294e+22	5.54e-16	2.66e-11	3.47e-08	4.15e-06	1.29e-04	3.02e-02	3.08e-01	6.62e-01
 4.93283e+22	6.83e-16	3.18e-11	4.04e-08	4.68e-06	1.40e-04	3.18e-02	3.14e-01	6.54e-01
 4.95288e+22	9.05e-16	4.06e-11	4.96e-08	5.51e-06	1.57e-04	3.42e-02	3.23e-01	6.43e-01
 4.97336e+22	1.13e-15	4.93e-11	5.85e-08	6.29e-06	1.73e-04	3.62e-02	3.30e-01	6.34e-01
 4.99439e+22	1.52e-15	6.33e-11	7.22e-08	7.44e-06	1.95e-04	3.89e-02	3.39e-01	6.22e-01
 5.01574e+22	1.92e-15	7.75e-11	8.56e-08	8.53e-06	2.15e-04	4.13e-02	3.46e-01	6.12e-01
 5.03752e+22	2.60e-15	1.01e-10	1.07e-07	1.02e-05	2.44e-04	4.46e-02	3.56e-01	5.99e-01
 5.05810e+22	3.17e-15	1.20e-10	1.24e-07	1.14e-05	2.65e-04	4.69e-02	3.62e-01	5.91e-01
 5.07714e+22	4.16e-15	1.52e-10	1.51e-07	1.34e-05	2.97e-04	5.01e-02	3.71e-01	5.79e-01
 5.09633e+22	5.08e-15	1.80e-10	1.75e-07	1.51e-05	3.23e-04	5.27e-02	3.77e-01	5.70e-01
 5.11573e+22	6.70e-15	2.29e-10	2.14e-07	1.77e-05	3.63e-04	5.65e-02	3.86e-01	5.57e-01
 5.13531e+22	8.26e-15	2.75e-10	2.49e-07	2.01e-05	3.96e-04	5.95e-02	3.92e-01	5.48e-01
 5.15511e+22	1.09e-14	3.51e-10	3.07e-07	2.37e-05	4.46e-04	6.38e-02	4.01e-01	5.34e-01
 5.17519e+22	1.36e-14	4.23e-10	3.60e-07	2.69e-05	4.89e-04	6.73e-02	4.08e-01	5.24e-01
 5.19563e+22	1.82e-14	5.44e-10	4.46e-07	3.21e-05	5.54e-04	7.23e-02	4.17e-01	5.10e-01
 5.21634e+22	2.26e-14	6.59e-10	5.25e-07	3.66e-05	6.08e-04	7.64e-02	4.24e-01	4.99e-01
 5.23740e+22	3.04e-14	8.52e-10	6.54e-07	4.37e-05	6.91e-04	8.22e-02	4.33e-01	4.84e-01
 5.25890e+22	3.84e-14	1.04e-09	7.79e-07	5.05e-05	7.65e-04	8.72e-02	4.40e-01	4.72e-01
 5.28097e+22	5.20e-14	1.36e-09	9.79e-07	6.09e-05	8.75e-04	9.41e-02	4.49e-01	4.56e-01
 5.30350e+22	6.63e-14	1.68e-09	1.18e-06	7.07e-05	9.75e-04	1.00e-01	4.56e-01	4.43e-01
 5.32592e+22	8.90e-14	2.18e-09	1.47e-06	8.51e-05	1.11e-03	1.08e-01	4.65e-01	4.26e-01
 5.34721e+22	1.10e-13	2.62e-09	1.72e-06	9.71e-05	1.22e-03	1.14e-01	4.70e-01	4.15e-01
 5.36775e+22	1.44e-13	3.33e-09	2.12e-06	1.16e-04	1.39e-03	1.22e-01	4.78e-01	3.99e-01
 5.38867e+22	1.78e-13	4.01e-09	2.50e-06	1.33e-04	1.53e-03	1.29e-01	4.83e-01	3.87e-01
 5.40924e+22	2.29e-13	5.01e-09	3.05e-06	1.57e-04	1.73e-03	1.38e-01	4.89e-01	3.71e-01
 5.43023e+22	2.83e-13	6.06e-09	3.61e-06	1.81e-04	1.92e-03	1.45e-01	4.94e-01	3.58e-01
 5.45067e+22	3.56e-13	7.44e-09	4.33e-06	2.12e-04	2.16e-03	1.55e-01	4.99e-01	3.44e-01
 5.47155e+22	4.40e-13	8.99e-09	5.13e-06	2.45e-04	2.40e-03	1.64e-01	5.03e-01	3.31e-01
 5.49222e+22	5.44e-13	1.09e-08	6.09e-06	2.85e-04	2.68e-03	1.73e-01	5.07e-01	3.17e-01
 5.51299e+22	6.65e-13	1.30e-08	7.18e-06	3.29e-04	2.98e-03	1.83e-01	5.10e-01	3.04e-01
 5.53352e+22	8.08e-13	1.56e-08	8.44e-06	3.80e-04	3.31e-03	1.94e-01	5.12e-01	2.91e-01
 5.55402e+22	9.75e-13	1.85e-08	9.87e-06	4.37e-04	3.68e-03	2.04e-01	5.14e-01	2.78e-01
 5.57455e+22	1.17e-12	2.18e-08	1.15e-05	5.01e-04	4.07e-03	2.15e-01	5.15e-01	2.65e-01
 5.59517e+22	1.39e-12	2.56e-08	1.34e-05	5.74e-04	4.51e-03	2.26e-01	5.16e-01	2.53e-01
 5.61590e+22	1.65e-12	3.00e-08	1.55e-05	6.57e-04	4.99e-03	2.38e-01	5.16e-01	2.41e-01
 5.63682e+22	1.95e-12	3.50e-08	1.80e-05	7.50e-04	5.51e-03	2.49e-01	5.15e-01	2.29e-01
 5.65800e+22	2.29e-12	4.07e-08	2.07e-05	8.55e-04	6.09e-03	2.62e-01	5.14e-01	2.17e-01
 5.67927e+22	2.68e-12	4.70e-08	2.38e-05	9.72e-04	6.71e-03	2.74e-01	5.12e-01	2.06e-01
 5.70089e+22	3.12e-12	5.44e-08	2.74e-05	1.11e-03	7.41e-03	2.87e-01	5.09e-01	1.95e-01
 5.72277e+22	3.62e-12	6.24e-08	3.13e-05	1.25e-03	8.15e-03	3.00e-01	5.06e-01	1.85e-01
 5.74506e+22	4.19e-12	7.19e-08	3.59e-05	1.43e-03	8.99e-03	3.13e-01	5.02e-01	1.74e-01
 5.76580e+22	4.71e-12	8.04e-08	4.01e-05	1.58e-03	9.72e-03	3.25e-01	4.99e-01	1.66e-01
 5.78715e+22	5.44e-12	9.24e-08	4.60e-05	1.80e-03	1.07e-02	3.39e-01	4.93e-01	1.55e-01
 5.80884e+22	6.09e-12	1.03e-07	5.12e-05	1.99e-03	1.16e-02	3.50e-01	4.89e-01	1.47e-01
 5.83104e+22	6.99e-12	1.18e-07	5.86e-05	2.26e-03	1.28e-02	3.66e-01	4.82e-01	1.37e-01
 5.85335e+22	7.81e-12	1.31e-07	6.50e-05	2.49e-03	1.38e-02	3.77e-01	4.76e-01	1.30e-01
 5.87581e+22	8.91e-12	1.49e-07	7.42e-05	2.82e-03	1.52e-02	3.92e-01	4.68e-01	1.21e-01
 5.89841e+22	9.89e-12	1.65e-07	8.20e-05	3.09e-03	1.63e-02	4.03e-01	4.62e-01	1.15e-01
 5.92117e+22	1.12e-11	1.88e-07	9.32e-05	3.48e-03	1.79e-02	4.18e-01	4.53e-01	1.07e-01
 5.94413e+22	1.24e-11	2.07e-07	1.03e-04	3.82e-03	1.92e-02	4.30e-01	4.46e-01	1.01e-01
 5.96733e+22	1.40e-11	2.34e-07	1.17e-04	4.29e-03	2.11e-02	4.45e-01	4.37e-01	9.33e-02
 5.99082e+22	1.55e-11	2.58e-07	1.29e-04	4.69e-03	2.26e-02	4.56e-01	4.29e-01	8.78e-02
 6.01468e+22	1.75e-11	2.92e-07	1.46e-04	5.26e-03	2.47e-02	4.70e-01	4.18e-01	8.10e-02
 6.03894e+22	1.93e-11	3.22e-07	1.61e-04	5.74e-03	2.64e-02	4.82e-01	4.10e-01	7.60e-02
 6.06371e+22	2.18e-11	3.64e-07	1.82e-04	6.44e-03	2.89e-02	4.96e-01	3.99e-01	6.98e-02
 6.08899e+22	2.42e-11	4.03e-07	2.02e-04	7.04e-03	3.09e-02	5.07e-01	3.90e-01	6.52e-02
 6.11494e+22	2.73e-11	4.56e-07	2.29e-04	7.89e-03	3.38e-02	5.21e-01	3.77e-01	5.96e-02
 6.14155e+22	3.04e-11	5.07e-07	2.54e-04	8.63e-03	3.61e-02	5.32e-01	3.67e-01	5.54e-02
 6.16900e+22	3.45e-11	5.76e-07	2.90e-04	9.69e-03	3.95e-02	5.46e-01	3.54e-01	5.02e-02
 6.19483e+22	3.79e-11	6.32e-07	3.18e-04	1.04e-02	4.18e-02	5.55e-01	3.46e-01	4.71e-02
 6.21856e+22	4.24e-11	7.07e-07	3.56e-04	1.15e-02	4.50e-02	5.66e-01	3.34e-01	4.33e-02
 6.24208e+22	4.64e-11	7.72e-07	3.88e-04	1.23e-02	4.74e-02	5.73e-01	3.26e-01	4.06e-02
 6.26533e+22	5.13e-11	8.57e-07	4.32e-04	1.35e-02	5.09e-02	5.83e-01	3.15e-01	3.72e-02
 6.28873e+22	5.63e-11	9.37e-07	4.71e-04	1.45e-02	5.35e-02	5.90e-01	3.07e-01	3.49e-02
 6.31232e+22	6.27e-11	1.04e-06	5.26e-04	1.58e-02	5.72e-02	5.99e-01	2.95e-01	3.19e-02
 6.33633e+22	6.91e-11	1.15e-06	5.75e-04	1.70e-02	6.02e-02	6.05e-01	2.87e-01	2.98e-02
 6.36088e+22	7.72e-11	1.28e-06	6.44e-04	1.86e-02	6.44e-02	6.13e-01	2.76e-01	2.72e-02
 6.38579e+22	8.55e-11	1.41e-06	7.06e-04	2.00e-02	6.77e-02	6.19e-01	2.67e-01	2.53e-02
 6.41116e+22	9.60e-11	1.59e-06	7.94e-04	2.19e-02	7.24e-02	6.26e-01	2.56e-01	2.29e-02
 6.43701e+22	1.07e-10	1.76e-06	8.73e-04	2.35e-02	7.61e-02	6.31e-01	2.47e-01	2.13e-02
 6.46349e+22	1.21e-10	1.99e-06	9.86e-04	2.57e-02	8.14e-02	6.37e-01	2.36e-01	1.92e-02
 6.49055e+22	1.36e-10	2.21e-06	1.09e-03	2.77e-02	8.56e-02	6.41e-01	2.27e-01	1.77e-02
 6.51835e+22	1.54e-10	2.52e-06	1.24e-03	3.04e-02	9.15e-02	6.45e-01	2.16e-01	1.58e-02
 6.54677e+22	1.74e-10	2.81e-06	1.37e-03	3.27e-02	9.62e-02	6.48e-01	2.07e-01	1.45e-02
 6.57597e+22	2.01e-10	3.23e-06	1.57e-03	3.60e-02	1.03e-01	6.51e-01	1.96e-01	1.29e-02
 6.60553e+22	2.29e-10	3.64e-06	1.74e-03	3.88e-02	1.08e-01	6.53e-01	1.87e-01	1.18e-02
 6.63554e+22	2.64e-10	4.18e-06	2.00e-03	4.26e-02	1.15e-01	6.54e-01	1.76e-01	1.05e-02
 6.66583e+22	3.03e-10	4.73e-06	2.22e-03	4.59e-02	1.21e-01	6.54e-01	1.68e-01	9.53e-03
 6.69648e+22	3.52e-10	5.47e-06	2.55e-03	5.04e-02	1.28e-01	6.53e-01	1.57e-01	8.38e-03
 6.72640e+22	3.99e-10	6.12e-06	2.82e-03	5.39e-02	1.34e-01	6.51e-01	1.50e-01	7.66e-03
 6.75535e+22	4.65e-10	7.06e-06	3.21e-03	5.87e-02	1.41e-01	6.49e-01	1.41e-01	6.80e-03
 6.78585e+22	5.30e-10	7.97e-06	3.59e-03	6.32e-02	1.48e-01	6.46e-01	1.33e-01	6.10e-03
 6.81145e+22	5.97e-10	8.88e-06	3.95e-03	6.72e-02	1.54e-01	6.42e-01	1.27e-01	5.58e-03
 6.83782e+22	6.88e-10	1.01e-05	4.42e-03	7.23e-02	1.60e-01	6.38e-01	1.20e-01	5.01e-03
 6.86549e+22	7.81e-10	1.13e-05	4.88e-03	7.70e-02	1.66e-01	6.33e-01	1.14e-01	4.55e-03
 6.89091e+22	8.84e-10	1.26e-05	5.39e-03	8.20e-02	1.73e-01	6.28e-01	1.08e-01	4.13e-03
 6.92004e+22	1.04e-09	1.46e-05	6.10e-03	8.86e-02	1.80e-01	6.20e-01	1.01e-01	3.65e-03
 6.94991e+22	1.19e-09	1.65e-05	6.79e-03	9.46e-02	1.87e-01	6.13e-01	9.50e-02	3.27e-03
 6.97625e+22	1.36e-09	1.85e-05	7.49e-03	1.01e-01	1.93e-01	6.06e-01	8.97e-02	2.95e-03
 7.00602e+22	1.60e-09	2.14e-05	8.48e-03	1.08e-01	2.01e-01	5.96e-01	8.33e-02	2.59e-03
 7.03706e+22	1.86e-09	2.44e-05	9.47e-03	1.16e-01	2.08e-01	5.86e-01	7.78e-02	2.30e-03
 7.06506e+22	2.13e-09	2.76e-05	1.05e-02	1.23e-01	2.15e-01	5.76e-01	7.29e-02	2.05e-03
 7.09673e+22	2.55e-09	3.22e-05	1.19e-02	1.33e-01	2.23e-01	5.63e-01	6.70e-02	1.78e-03
 7.12938e+22	2.98e-09	3.68e-05	1.33e-02	1.42e-01	2.30e-01	5.51e-01	6.21e-02	1.56e-03
 7.15847e+22	3.45e-09	4.18e-05	1.48e-02	1.50e-01	2.37e-01	5.39e-01	5.78e-02	1.38e-03
 7.19141e+22	4.17e-09	4.91e-05	1.69e-02	1.62e-01	2.44e-01	5.23e-01	5.26e-02	1.18e-03
 7.22557e+22	4.90e-09	5.64e-05	1.89e-02	1.72e-01	2.51e-01	5.08e-01	4.83e-02	1.03e-03
 7.25622e+22	5.75e-09	6.45e-05	2.10e-02	1.83e-01	2.57e-01	4.94e-01	4.45e-02	8.99e-04
 7.29096e+22	7.05e-09	7.65e-05	2.40e-02	1.96e-01	2.64e-01	4.75e-01	4.00e-02	7.55e-04
 7.32681e+22	8.36e-09	8.82e-05	2.69e-02	2.08e-01	2.69e-01	4.58e-01	3.64e-02	6.49e-04
 7.35917e+22	9.90e-09	1.01e-04	2.99e-02	2.21e-01	2.74e-01	4.41e-01	3.31e-02	5.58e-04
 7.39633e+22	1.23e-08	1.21e-04	3.43e-02	2.37e-01	2.80e-01	4.19e-01	2.92e-02	4.59e-04
 7.43388e+22	1.46e-08	1.40e-04	3.83e-02	2.50e-01	2.84e-01	4.01e-01	2.63e-02	3.88e-04
 7.47193e+22	1.84e-08	1.68e-04	4.39e-02	2.67e-01	2.88e-01	3.78e-01	2.30e-02	3.16e-04
 7.51044e+22	2.20e-08	1.95e-04	4.89e-02	2.81e-01	2.90e-01	3.59e-01	2.06e-02	2.66e-04
 7.54951e+22	2.77e-08	2.34e-04	5.58e-02	2.98e-01	2.92e-01	3.36e-01	1.77e-02	2.12e-04
 7.58895e+22	3.33e-08	2.71e-04	6.20e-02	3.13e-01	2.92e-01	3.17e-01	1.57e-02	1.77e-04
 7.62884e+22	4.22e-08	3.27e-04	7.07e-02	3.31e-01	2.92e-01	2.93e-01	1.34e-02	1.39e-04
 7.66915e+22	5.09e-08	3.79e-04	7.82e-02	3.45e-01	2.91e-01	2.74e-01	1.18e-02	1.15e-04
 7.71001e+22	6.49e-08	4.57e-04	8.88e-02	3.62e-01	2.88e-01	2.51e-01	9.88e-03	8.88e-05
 7.75140e+22	7.87e-08	5.30e-04	9.79e-02	3.76e-01	2.84e-01	2.33e-01	8.58e-03	7.22e-05
 7.79349e+22	1.01e-07	6.40e-04	1.11e-01	3.92e-01	2.79e-01	2.10e-01	7.11e-03	5.50e-05
 7.83474e+22	1.21e-07	7.35e-04	1.21e-01	4.04e-01	2.74e-01	1.95e-01	6.16e-03	4.48e-05
 7.87491e+22	1.54e-07	8.78e-04	1.35e-01	4.17e-01	2.66e-01	1.75e-01	5.10e-03	3.41e-05
 7.91367e+22	1.82e-07	9.94e-04	1.46e-01	4.26e-01	2.60e-01	1.62e-01	4.44e-03	2.81e-05
 7.95061e+22	2.25e-07	1.16e-03	1.60e-01	4.37e-01	2.52e-01	1.46e-01	3.72e-03	2.18e-05
 7.98779e+22	2.67e-07	1.32e-03	1.72e-01	4.44e-01	2.45e-01	1.35e-01	3.21e-03	1.77e-05
 8.02528e+22	3.31e-07	1.54e-03	1.88e-01	4.52e-01	2.35e-01	1.20e-01	2.66e-03	1.36e-05
 8.06348e+22	3.95e-07	1.75e-03	2.02e-01	4.58e-01	2.27e-01	1.10e-01	2.26e-03	1.09e-05
 8.10261e+22	4.92e-07	2.04e-03	2.20e-01	4.63e-01	2.16e-01	9.69e-02	1.84e-03	8.17e-06
 8.14210e+22	5.88e-07	2.32e-03	2.36e-01	4.66e-01	2.06e-01	8.74e-02	1.55e-03	6.45e-06
 8.17680e+22	7.00e-07	2.62e-03	2.51e-01	4.68e-01	1.97e-01	7.89e-02	1.31e-03	5.11e-06
 8.21668e+22	8.73e-07	3.05e-03	2.72e-01	4.70e-01	1.86e-01	6.89e-02	1.05e-03	3.77e-06
 8.25530e+22	1.03e-06	3.41e-03	2.87e-01	4.69e-01	1.77e-01	6.22e-02	8.92e-04	3.01e-06
 8.28606e+22	1.19e-06	3.78e-03	3.02e-01	4.68e-01	1.69e-01	5.66e-02	7.65e-04	2.44e-06
 8.31982e+22	1.42e-06	4.27e-03	3.20e-01	4.66e-01	1.59e-01	5.02e-02	6.31e-04	1.88e-06
 8.35418e+22	1.66e-06	4.73e-03	3.35e-01	4.63e-01	1.52e-01	4.53e-02	5.36e-04	1.50e-06
 8.38449e+22	1.91e-06	5.21e-03	3.50e-01	4.59e-01	1.44e-01	4.10e-02	4.57e-04	1.21e-06
 8.41908e+22	2.29e-06	5.89e-03	3.69e-01	4.54e-01	1.35e-01	3.60e-02	3.73e-04	9.20e-07
 8.45411e+22	2.66e-06	6.51e-03	3.85e-01	4.48e-01	1.27e-01	3.23e-02	3.13e-04	7.28e-07
 8.48483e+22	3.07e-06	7.16e-03	4.01e-01	4.43e-01	1.20e-01	2.90e-02	2.65e-04	5.80e-07
 8.51986e+22	3.69e-06	8.08e-03	4.21e-01	4.34e-01	1.11e-01	2.52e-02	2.13e-04	4.32e-07
 8.55520e+22	4.25e-06	8.88e-03	4.37e-01	4.27e-01	1.04e-01	2.25e-02	1.79e-04	3.42e-07
 8.59092e+22	5.09e-06	9.99e-03	4.57e-01	4.17e-01	9.63e-02	1.95e-02	1.43e-04	2.53e-07
 8.62719e+22	5.92e-06	1.10e-02	4.73e-01	4.09e-01	8.98e-02	1.73e-02	1.18e-04	1.96e-07
 8.65913e+22	6.83e-06	1.21e-02	4.89e-01	4.00e-01	8.39e-02	1.53e-02	9.83e-05	1.54e-07
 8.69559e+22	8.16e-06	1.35e-02	5.09e-01	3.88e-01	7.68e-02	1.32e-02	7.77e-05	0.00e+00
 8.73284e+22	9.48e-06	1.49e-02	5.25e-01	3.77e-01	7.11e-02	1.16e-02	6.36e-05	0.00e+00
 8.76611e+22	1.10e-05	1.64e-02	5.40e-01	3.67e-01	6.59e-02	1.02e-02	5.22e-05	0.00e+00
 8.80435e+22	1.32e-05	1.84e-02	5.60e-01	3.53e-01	5.96e-02	8.61e-03	4.04e-05	0.00e+00
 8.84318e+22	1.53e-05	2.03e-02	5.76e-01	3.42e-01	5.48e-02	7.49e-03	3.26e-05	0.00e+00
 8.88279e+22	1.84e-05	2.27e-02	5.94e-01	3.27e-01	4.94e-02	6.30e-03	2.51e-05	0.00e+00
 8.92345e+22	2.17e-05	2.52e-02	6.10e-01	3.14e-01	4.48e-02	5.40e-03	1.98e-05	0.00e+00
 8.95907e+22	2.51e-05	2.76e-02	6.24e-01	3.03e-01	4.10e-02	4.68e-03	1.59e-05	0.00e+00
 8.99895e+22	3.02e-05	3.10e-02	6.41e-01	2.88e-01	3.66e-02	3.90e-03	1.21e-05	0.00e+00
 9.04038e+22	3.54e-05	3.42e-02	6.55e-01	2.75e-01	3.31e-02	3.32e-03	9.44e-06	0.00e+00
 9.07237e+22	3.97e-05	3.66e-02	6.64e-01	2.65e-01	3.08e-02	2.96e-03	7.92e-06	0.00e+00
 9.10253e+22	4.55e-05	3.99e-02	6.75e-01	2.54e-01	2.81e-02	2.57e-03	6.40e-06	0.00e+00
 9.13356e+22	5.11e-05	4.28e-02	6.84e-01	2.45e-01	2.61e-02	2.28e-03	5.33e-06	0.00e+00
 9.16572e+22	5.91e-05	4.69e-02	6.94e-01	2.33e-01	2.36e-02	1.95e-03	4.21e-06	0.00e+00
 9.19792e+22	6.64e-05	5.03e-02	7.02e-01	2.24e-01	2.18e-02	1.73e-03	3.50e-06	0.00e+00
 9.23018e+22	7.69e-05	5.50e-02	7.11e-01	2.13e-01	1.97e-02	1.47e-03	2.75e-06	0.00e+00
 9.25272e+22	7.95e-05	5.62e-02	7.13e-01	2.10e-01	1.92e-02	1.42e-03	2.60e-06	0.00e+00
