#depth	He	He+	He+2
 1.54284e+22	6.89e-07	8.83e-03	9.91e-01
 3.49907e+22	1.34e-06	1.23e-02	9.88e-01
 4.11916e+22	1.84e-06	1.43e-02	9.86e-01
 4.46874e+22	2.28e-06	1.60e-02	9.84e-01
 4.66719e+22	2.49e-06	1.67e-02	9.83e-01
 4.79496e+22	2.77e-06	1.76e-02	9.82e-01
 4.93321e+22	3.05e-06	1.84e-02	9.82e-01
 5.06500e+22	3.37e-06	1.93e-02	9.81e-01
 5.21626e+22	3.82e-06	2.06e-02	9.79e-01
 5.36892e+22	4.23e-06	2.16e-02	9.78e-01
 5.52341e+22	4.80e-06	2.30e-02	9.77e-01
 5.68113e+22	5.33e-06	2.42e-02	9.76e-01
 5.84306e+22	6.08e-06	2.59e-02	9.74e-01
 6.00819e+22	6.78e-06	2.73e-02	9.73e-01
 6.15470e+22	7.55e-06	2.88e-02	9.71e-01
 6.32241e+22	8.65e-06	3.07e-02	9.69e-01
 6.49269e+22	9.70e-06	3.25e-02	9.67e-01
 6.64345e+22	1.08e-05	3.43e-02	9.66e-01
 6.81660e+22	1.24e-05	3.67e-02	9.63e-01
 6.99174e+22	1.39e-05	3.88e-02	9.61e-01
 7.16946e+22	1.60e-05	4.16e-02	9.58e-01
 7.35083e+22	1.80e-05	4.41e-02	9.56e-01
 7.51233e+22	2.03e-05	4.66e-02	9.53e-01
 7.69768e+22	2.35e-05	5.01e-02	9.50e-01
 7.88606e+22	2.65e-05	5.31e-02	9.47e-01
 8.07838e+22	3.09e-05	5.72e-02	9.43e-01
 8.27264e+22	3.49e-05	6.06e-02	9.39e-01
 8.44131e+22	3.92e-05	6.42e-02	9.36e-01
 8.60308e+22	4.37e-05	6.76e-02	9.32e-01
 8.75738e+22	4.86e-05	7.12e-02	9.29e-01
 8.93137e+22	5.55e-05	7.59e-02	9.24e-01
 9.10486e+22	6.17e-05	7.98e-02	9.20e-01
 9.27771e+22	7.05e-05	8.50e-02	9.15e-01
 9.45376e+22	7.86e-05	8.96e-02	9.10e-01
 9.63399e+22	9.00e-05	9.55e-02	9.04e-01
 9.81574e+22	1.00e-04	1.01e-01	8.99e-01
 9.99947e+22	1.15e-04	1.07e-01	8.93e-01
 1.01855e+23	1.29e-04	1.13e-01	8.87e-01
 1.03346e+23	1.41e-04	1.18e-01	8.82e-01
 1.04887e+23	1.57e-04	1.24e-01	8.76e-01
 1.06463e+23	1.73e-04	1.30e-01	8.70e-01
 1.07868e+23	1.89e-04	1.35e-01	8.64e-01
 1.09476e+23	2.12e-04	1.43e-01	8.57e-01
 1.11103e+23	2.32e-04	1.49e-01	8.51e-01
 1.12531e+23	2.54e-04	1.55e-01	8.44e-01
 1.14164e+23	2.85e-04	1.64e-01	8.36e-01
 1.15824e+23	3.12e-04	1.71e-01	8.29e-01
 1.17293e+23	3.42e-04	1.78e-01	8.22e-01
 1.18975e+23	3.84e-04	1.87e-01	8.12e-01
 1.20676e+23	4.22e-04	1.95e-01	8.04e-01
 1.22176e+23	4.62e-04	2.03e-01	7.96e-01
 1.23897e+23	5.17e-04	2.14e-01	7.86e-01
 1.25649e+23	5.69e-04	2.23e-01	7.76e-01
 1.26759e+23	5.93e-04	2.27e-01	7.72e-01
 1.27522e+23	6.23e-04	2.32e-01	7.67e-01
 1.28515e+23	6.63e-04	2.38e-01	7.61e-01
 1.29805e+23	7.20e-04	2.47e-01	7.52e-01
 1.31482e+23	8.07e-04	2.60e-01	7.40e-01
 1.33235e+23	8.82e-04	2.70e-01	7.30e-01
 1.35088e+23	9.95e-04	2.84e-01	7.15e-01
 1.36977e+23	1.09e-03	2.95e-01	7.04e-01
 1.38915e+23	1.23e-03	3.10e-01	6.89e-01
 1.40911e+23	1.36e-03	3.23e-01	6.75e-01
 1.42447e+23	1.46e-03	3.33e-01	6.66e-01
 1.43906e+23	1.59e-03	3.45e-01	6.54e-01
 1.45397e+23	1.71e-03	3.55e-01	6.44e-01
 1.46932e+23	1.87e-03	3.68e-01	6.30e-01
 1.48488e+23	2.01e-03	3.79e-01	6.19e-01
 1.50071e+23	2.20e-03	3.92e-01	6.06e-01
 1.51685e+23	2.37e-03	4.04e-01	5.93e-01
 1.53339e+23	2.61e-03	4.19e-01	5.78e-01
 1.54998e+23	2.81e-03	4.32e-01	5.65e-01
 1.56665e+23	3.08e-03	4.48e-01	5.49e-01
 1.58363e+23	3.32e-03	4.61e-01	5.36e-01
 1.60104e+23	3.65e-03	4.78e-01	5.19e-01
 1.61890e+23	3.95e-03	4.92e-01	5.04e-01
 1.63735e+23	4.37e-03	5.11e-01	4.85e-01
 1.65598e+23	4.74e-03	5.27e-01	4.69e-01
 1.67483e+23	5.24e-03	5.46e-01	4.49e-01
 1.69400e+23	5.70e-03	5.63e-01	4.32e-01
 1.71357e+23	6.32e-03	5.83e-01	4.10e-01
 1.73306e+23	6.86e-03	6.01e-01	3.92e-01
 1.75245e+23	7.62e-03	6.22e-01	3.71e-01
 1.77192e+23	8.27e-03	6.40e-01	3.52e-01
 1.79151e+23	9.20e-03	6.61e-01	3.30e-01
 1.81109e+23	9.99e-03	6.79e-01	3.11e-01
 1.83068e+23	1.11e-02	7.01e-01	2.88e-01
 1.85018e+23	1.21e-02	7.19e-01	2.69e-01
 1.86957e+23	1.35e-02	7.39e-01	2.47e-01
 1.88895e+23	1.47e-02	7.57e-01	2.29e-01
 1.90833e+23	1.65e-02	7.76e-01	2.07e-01
 1.92772e+23	1.80e-02	7.93e-01	1.90e-01
 1.94712e+23	2.01e-02	8.10e-01	1.70e-01
 1.96670e+23	2.21e-02	8.25e-01	1.53e-01
 1.98391e+23	2.43e-02	8.37e-01	1.38e-01
 2.00369e+23	2.73e-02	8.51e-01	1.22e-01
 2.02369e+23	3.02e-02	8.62e-01	1.08e-01
 2.03880e+23	3.26e-02	8.69e-01	9.79e-02
 2.05325e+23	3.57e-02	8.76e-01	8.83e-02
 2.06870e+23	3.91e-02	8.81e-01	7.95e-02
 2.08293e+23	4.27e-02	8.85e-01	7.19e-02
 2.09892e+23	4.79e-02	8.88e-01	6.36e-02
 2.11507e+23	5.34e-02	8.90e-01	5.70e-02
 2.12777e+23	5.86e-02	8.89e-01	5.22e-02
 2.13851e+23	6.37e-02	8.88e-01	4.85e-02
 2.14843e+23	6.94e-02	8.85e-01	4.53e-02
 2.15748e+23	7.54e-02	8.82e-01	4.26e-02
 2.16552e+23	8.15e-02	8.78e-01	4.05e-02
 2.17275e+23	8.79e-02	8.73e-01	3.87e-02
 2.17943e+23	9.48e-02	8.68e-01	3.71e-02
 2.18568e+23	1.02e-01	8.62e-01	3.59e-02
 2.19165e+23	1.10e-01	8.55e-01	3.47e-02
 2.19750e+23	1.19e-01	8.47e-01	3.37e-02
 2.20308e+23	1.29e-01	8.38e-01	3.29e-02
 2.20815e+23	1.39e-01	8.29e-01	3.24e-02
 2.21273e+23	1.49e-01	8.19e-01	3.20e-02
 2.21698e+23	1.59e-01	8.09e-01	3.17e-02
 2.22085e+23	1.69e-01	7.99e-01	3.16e-02
 2.22417e+23	1.78e-01	7.90e-01	3.17e-02
 2.22669e+23	1.85e-01	7.83e-01	3.18e-02
 2.22858e+23	1.91e-01	7.77e-01	3.19e-02
 2.23054e+23	1.98e-01	7.70e-01	3.19e-02
 2.23279e+23	2.06e-01	7.62e-01	3.19e-02
 2.23528e+23	2.15e-01	7.53e-01	3.20e-02
 2.23777e+23	2.24e-01	7.44e-01	3.21e-02
 2.24009e+23	2.33e-01	7.35e-01	3.23e-02
 2.24186e+23	2.40e-01	7.28e-01	3.25e-02
 2.24308e+23	2.45e-01	7.23e-01	3.26e-02
 2.24431e+23	2.50e-01	7.17e-01	3.26e-02
 2.24577e+23	2.57e-01	7.11e-01	3.26e-02
 2.24737e+23	2.64e-01	7.03e-01	3.25e-02
 2.24891e+23	2.71e-01	6.96e-01	3.26e-02
 2.25042e+23	2.78e-01	6.89e-01	3.26e-02
 2.25201e+23	2.86e-01	6.81e-01	3.25e-02
 2.25361e+23	2.94e-01	6.73e-01	3.25e-02
 2.25523e+23	3.02e-01	6.65e-01	3.24e-02
 2.25694e+23	3.12e-01	6.56e-01	3.23e-02
 2.25871e+23	3.21e-01	6.47e-01	3.22e-02
 2.26047e+23	3.31e-01	6.37e-01	3.20e-02
 2.26226e+23	3.41e-01	6.27e-01	3.18e-02
 2.26413e+23	3.51e-01	6.17e-01	3.16e-02
 2.26609e+23	3.63e-01	6.06e-01	3.13e-02
 2.26807e+23	3.74e-01	5.95e-01	3.11e-02
 2.27009e+23	3.86e-01	5.83e-01	3.07e-02
 2.27219e+23	3.99e-01	5.71e-01	3.04e-02
 2.27437e+23	4.12e-01	5.58e-01	3.00e-02
 2.27661e+23	4.26e-01	5.45e-01	2.95e-02
 2.27890e+23	4.39e-01	5.32e-01	2.90e-02
 2.28128e+23	4.54e-01	5.18e-01	2.84e-02
 2.28376e+23	4.69e-01	5.03e-01	2.78e-02
 2.28633e+23	4.84e-01	4.88e-01	2.72e-02
 2.28897e+23	5.00e-01	4.73e-01	2.65e-02
 2.29172e+23	5.16e-01	4.58e-01	2.58e-02
 2.29458e+23	5.33e-01	4.42e-01	2.50e-02
 2.29750e+23	5.49e-01	4.27e-01	2.42e-02
 2.30050e+23	5.65e-01	4.11e-01	2.34e-02
 2.30357e+23	5.82e-01	3.96e-01	2.24e-02
 2.30678e+23	5.98e-01	3.80e-01	2.15e-02
 2.31013e+23	6.15e-01	3.65e-01	2.06e-02
 2.31356e+23	6.30e-01	3.50e-01	1.97e-02
 2.31709e+23	6.46e-01	3.35e-01	1.87e-02
 2.32082e+23	6.61e-01	3.21e-01	1.77e-02
 2.32476e+23	6.76e-01	3.07e-01	1.68e-02
 2.32884e+23	6.90e-01	2.94e-01	1.58e-02
 2.33312e+23	7.04e-01	2.81e-01	1.49e-02
 2.33766e+23	7.17e-01	2.69e-01	1.40e-02
 2.34248e+23	7.30e-01	2.57e-01	1.30e-02
 2.34753e+23	7.43e-01	2.45e-01	1.21e-02
 2.35258e+23	7.54e-01	2.35e-01	1.13e-02
 2.35746e+23	7.63e-01	2.26e-01	1.06e-02
 2.36221e+23	7.72e-01	2.18e-01	9.88e-03
 2.36685e+23	7.80e-01	2.10e-01	9.27e-03
 2.37138e+23	7.88e-01	2.04e-01	8.71e-03
 2.37579e+23	7.94e-01	1.97e-01	8.20e-03
 2.38000e+23	8.01e-01	1.92e-01	7.74e-03
 2.38390e+23	8.06e-01	1.87e-01	7.34e-03
 2.38770e+23	8.11e-01	1.82e-01	6.95e-03
 2.39149e+23	8.16e-01	1.77e-01	6.60e-03
 2.39517e+23	8.21e-01	1.73e-01	6.27e-03
 2.39872e+23	8.25e-01	1.69e-01	5.97e-03
 2.40214e+23	8.29e-01	1.65e-01	5.69e-03
 2.40544e+23	8.33e-01	1.61e-01	5.43e-03
 2.40864e+23	8.37e-01	1.58e-01	5.18e-03
 2.41173e+23	8.40e-01	1.55e-01	4.96e-03
 2.41471e+23	8.44e-01	1.51e-01	4.74e-03
 2.41757e+23	8.47e-01	1.48e-01	4.55e-03
 2.42034e+23	8.50e-01	1.46e-01	4.36e-03
 2.42302e+23	8.53e-01	1.43e-01	4.18e-03
 2.42556e+23	8.56e-01	1.40e-01	4.03e-03
 2.42804e+23	8.59e-01	1.38e-01	3.86e-03
 2.43046e+23	8.61e-01	1.35e-01	3.72e-03
 2.43266e+23	8.64e-01	1.33e-01	3.59e-03
 2.43466e+23	8.66e-01	1.31e-01	3.47e-03
 2.43648e+23	8.68e-01	1.29e-01	3.37e-03
 2.43814e+23	8.70e-01	1.27e-01	3.27e-03
 2.43965e+23	8.71e-01	1.26e-01	3.18e-03
 2.44102e+23	8.73e-01	1.24e-01	3.11e-03
 2.44227e+23	8.74e-01	1.23e-01	3.04e-03
 2.44341e+23	8.75e-01	1.22e-01	2.98e-03
 2.44466e+23	8.77e-01	1.20e-01	2.90e-03
 2.44628e+23	8.79e-01	1.19e-01	2.82e-03
 2.44802e+23	8.80e-01	1.17e-01	2.76e-03
 2.44961e+23	8.82e-01	1.16e-01	2.68e-03
 2.45106e+23	8.83e-01	1.14e-01	2.62e-03
 2.45238e+23	8.84e-01	1.13e-01	2.55e-03
 2.45358e+23	8.86e-01	1.12e-01	2.50e-03
 2.45467e+23	8.87e-01	1.11e-01	2.44e-03
 2.45566e+23	8.88e-01	1.10e-01	2.41e-03
 2.45675e+23	8.89e-01	1.09e-01	2.36e-03
 2.45817e+23	8.90e-01	1.08e-01	2.30e-03
 2.45969e+23	8.91e-01	1.07e-01	2.26e-03
 2.46108e+23	8.92e-01	1.06e-01	2.21e-03
 2.46260e+23	8.94e-01	1.04e-01	2.15e-03
 2.46425e+23	8.95e-01	1.03e-01	2.10e-03
 2.46574e+23	8.96e-01	1.02e-01	2.05e-03
 2.46711e+23	8.97e-01	1.01e-01	2.01e-03
 2.46860e+23	8.99e-01	9.94e-02	1.96e-03
 2.47021e+23	9.00e-01	9.83e-02	1.91e-03
 2.47167e+23	9.01e-01	9.71e-02	1.86e-03
 2.47301e+23	9.02e-01	9.62e-02	1.83e-03
 2.47447e+23	9.03e-01	9.50e-02	1.78e-03
 2.47605e+23	9.04e-01	9.39e-02	1.74e-03
 2.47777e+23	9.06e-01	9.25e-02	1.69e-03
 2.47964e+23	9.07e-01	9.13e-02	1.64e-03
 2.48134e+23	9.08e-01	9.01e-02	1.60e-03
 2.48288e+23	9.09e-01	8.90e-02	1.56e-03
 2.48429e+23	9.11e-01	8.79e-02	1.52e-03
 2.48557e+23	9.12e-01	8.69e-02	1.48e-03
 2.48674e+23	9.12e-01	8.61e-02	1.46e-03
 2.48801e+23	9.14e-01	8.50e-02	1.42e-03
 2.48939e+23	9.15e-01	8.41e-02	1.39e-03
 2.49064e+23	9.15e-01	8.33e-02	1.36e-03
 2.49202e+23	9.17e-01	8.22e-02	1.32e-03
 2.49350e+23	9.17e-01	8.13e-02	1.29e-03
 2.49485e+23	9.18e-01	8.04e-02	1.27e-03
 2.49608e+23	9.19e-01	7.97e-02	1.24e-03
 2.49742e+23	9.20e-01	7.87e-02	1.21e-03
 2.49888e+23	9.21e-01	7.79e-02	1.19e-03
 2.50047e+23	9.22e-01	7.69e-02	1.15e-03
 2.50219e+23	9.23e-01	7.59e-02	1.13e-03
 2.50375e+23	9.24e-01	7.50e-02	1.10e-03
 2.50518e+23	9.25e-01	7.41e-02	1.07e-03
 2.50647e+23	9.25e-01	7.35e-02	1.05e-03
 2.50789e+23	9.26e-01	7.26e-02	1.03e-03
 2.50974e+23	9.27e-01	7.16e-02	1.00e-03
 2.51173e+23	9.28e-01	7.08e-02	9.78e-04
 2.51354e+23	9.29e-01	6.99e-02	9.52e-04
 2.51519e+23	9.30e-01	6.90e-02	9.28e-04
 2.51669e+23	9.31e-01	6.83e-02	9.09e-04
 2.51834e+23	9.32e-01	6.73e-02	8.82e-04
 2.52011e+23	9.33e-01	6.65e-02	8.63e-04
 2.52173e+23	9.33e-01	6.59e-02	8.45e-04
 2.52350e+23	9.34e-01	6.48e-02	8.18e-04
 2.52541e+23	9.35e-01	6.40e-02	7.99e-04
 2.52715e+23	9.36e-01	6.32e-02	7.78e-04
 2.52873e+23	9.37e-01	6.26e-02	7.63e-04
 2.53047e+23	9.38e-01	6.17e-02	7.40e-04
 2.53234e+23	9.38e-01	6.09e-02	7.23e-04
 2.53404e+23	9.39e-01	6.03e-02	7.08e-04
 2.53591e+23	9.40e-01	5.93e-02	6.85e-04
 2.53793e+23	9.41e-01	5.86e-02	6.69e-04
 2.53976e+23	9.41e-01	5.80e-02	6.54e-04
 2.54177e+23	9.42e-01	5.70e-02	6.31e-04
 2.54394e+23	9.43e-01	5.62e-02	6.15e-04
 2.54592e+23	9.44e-01	5.56e-02	6.00e-04
 2.54808e+23	9.45e-01	5.46e-02	5.79e-04
 2.55042e+23	9.46e-01	5.38e-02	5.63e-04
 2.55255e+23	9.46e-01	5.31e-02	5.48e-04
 2.55488e+23	9.47e-01	5.21e-02	5.28e-04
 2.55739e+23	9.48e-01	5.14e-02	5.14e-04
 2.55968e+23	9.49e-01	5.06e-02	4.97e-04
 2.56176e+23	9.50e-01	4.98e-02	4.82e-04
 2.56366e+23	9.50e-01	4.93e-02	4.72e-04
 2.56574e+23	9.51e-01	4.85e-02	4.56e-04
 2.56798e+23	9.52e-01	4.78e-02	4.45e-04
 2.57002e+23	9.52e-01	4.73e-02	4.34e-04
 2.57226e+23	9.53e-01	4.64e-02	4.19e-04
 2.57467e+23	9.54e-01	4.58e-02	4.07e-04
 2.57687e+23	9.54e-01	4.52e-02	3.97e-04
 2.57927e+23	9.55e-01	4.44e-02	3.83e-04
 2.58187e+23	9.56e-01	4.37e-02	3.72e-04
 2.58424e+23	9.56e-01	4.32e-02	3.62e-04
 2.58683e+23	9.57e-01	4.23e-02	3.48e-04
 2.58963e+23	9.58e-01	4.16e-02	3.37e-04
 2.59217e+23	9.59e-01	4.11e-02	3.28e-04
 2.59496e+23	9.59e-01	4.02e-02	3.15e-04
 2.59797e+23	9.60e-01	3.95e-02	3.04e-04
 2.60071e+23	9.61e-01	3.90e-02	2.95e-04
 2.60372e+23	9.62e-01	3.81e-02	2.83e-04
 2.60696e+23	9.62e-01	3.74e-02	2.73e-04
 2.60991e+23	9.63e-01	3.69e-02	2.64e-04
 2.61314e+23	9.64e-01	3.60e-02	2.53e-04
 2.61663e+23	9.64e-01	3.54e-02	2.44e-04
 2.61981e+23	9.65e-01	3.47e-02	2.35e-04
 2.62270e+23	9.66e-01	3.42e-02	2.27e-04
 2.62587e+23	9.66e-01	3.34e-02	2.18e-04
 2.62929e+23	9.67e-01	3.28e-02	2.10e-04
 2.63240e+23	9.68e-01	3.23e-02	2.03e-04
 2.63581e+23	9.68e-01	3.16e-02	1.94e-04
 2.63949e+23	9.69e-01	3.09e-02	1.86e-04
 2.64284e+23	9.69e-01	3.04e-02	1.80e-04
 2.64651e+23	9.70e-01	2.97e-02	1.71e-04
 2.65047e+23	9.71e-01	2.91e-02	1.64e-04
 2.65408e+23	9.71e-01	2.85e-02	1.58e-04
 2.65803e+23	9.72e-01	2.78e-02	1.51e-04
 2.66229e+23	9.73e-01	2.72e-02	1.44e-04
 2.66618e+23	9.73e-01	2.67e-02	1.38e-04
 2.66971e+23	9.74e-01	2.61e-02	1.33e-04
 2.67358e+23	9.74e-01	2.55e-02	1.27e-04
 2.67776e+23	9.75e-01	2.50e-02	1.22e-04
 2.68156e+23	9.75e-01	2.45e-02	1.17e-04
 2.68573e+23	9.76e-01	2.39e-02	1.11e-04
 2.69023e+23	9.77e-01	2.34e-02	1.07e-04
 2.69432e+23	9.77e-01	2.29e-02	1.02e-04
 2.69805e+23	9.77e-01	2.25e-02	9.84e-05
 2.70213e+23	9.78e-01	2.20e-02	9.39e-05
 2.70654e+23	9.78e-01	2.15e-02	8.97e-05
 2.71055e+23	9.79e-01	2.10e-02	8.61e-05
 2.71494e+23	9.79e-01	2.05e-02	8.21e-05
 2.71969e+23	9.80e-01	2.00e-02	7.82e-05
 2.72401e+23	9.80e-01	1.96e-02	7.48e-05
 2.72874e+23	9.81e-01	1.91e-02	7.11e-05
 2.73485e+23	9.82e-01	1.84e-02	6.63e-05
 2.74138e+23	9.82e-01	1.79e-02	6.22e-05
 2.74787e+23	9.83e-01	1.73e-02	5.81e-05
 2.75465e+23	9.83e-01	1.67e-02	5.43e-05
 2.76139e+23	9.84e-01	1.61e-02	5.07e-05
 2.76821e+23	9.84e-01	1.56e-02	4.73e-05
 2.77510e+23	9.85e-01	1.50e-02	4.42e-05
 2.78204e+23	9.85e-01	1.45e-02	4.12e-05
 2.78905e+23	9.86e-01	1.40e-02	3.84e-05
 2.79614e+23	9.86e-01	1.35e-02	3.58e-05
 2.80329e+23	9.87e-01	1.31e-02	3.34e-05
 2.81051e+23	9.87e-01	1.26e-02	3.11e-05
 2.81778e+23	9.88e-01	1.22e-02	2.89e-05
 2.82512e+23	9.88e-01	1.17e-02	2.69e-05
 2.83250e+23	9.89e-01	1.13e-02	2.51e-05
 2.83993e+23	9.89e-01	1.09e-02	2.33e-05
 2.84741e+23	9.89e-01	1.05e-02	2.17e-05
 2.85496e+23	9.90e-01	1.01e-02	2.01e-05
 2.86257e+23	9.90e-01	9.78e-03	1.87e-05
 2.87024e+23	9.91e-01	9.42e-03	1.74e-05
 2.87795e+23	9.91e-01	9.08e-03	1.62e-05
 2.88573e+23	9.91e-01	8.75e-03	1.50e-05
 2.89356e+23	9.92e-01	8.43e-03	1.39e-05
 2.90155e+23	9.92e-01	8.12e-03	1.29e-05
 2.90971e+23	9.92e-01	7.81e-03	1.20e-05
 2.91797e+23	9.92e-01	7.51e-03	1.11e-05
 2.92632e+23	9.93e-01	7.23e-03	1.02e-05
 2.93476e+23	9.93e-01	6.95e-03	9.46e-06
 2.94329e+23	9.93e-01	6.68e-03	8.75e-06
 2.95191e+23	9.94e-01	6.42e-03	8.08e-06
 2.96065e+23	9.94e-01	6.17e-03	7.46e-06
 2.96952e+23	9.94e-01	5.92e-03	6.87e-06
 2.97854e+23	9.94e-01	5.68e-03	6.34e-06
 2.98779e+23	9.95e-01	5.45e-03	5.82e-06
 2.99728e+23	9.95e-01	5.22e-03	5.35e-06
 3.00692e+23	9.95e-01	5.00e-03	4.91e-06
 3.01674e+23	9.95e-01	4.79e-03	4.50e-06
 3.02673e+23	9.95e-01	4.58e-03	4.12e-06
 3.03690e+23	9.96e-01	4.38e-03	3.76e-06
 3.04728e+23	9.96e-01	4.19e-03	3.44e-06
 3.05787e+23	9.96e-01	4.00e-03	3.14e-06
 3.06872e+23	9.96e-01	3.81e-03	2.85e-06
 3.07985e+23	9.96e-01	3.64e-03	2.59e-06
 3.08557e+23	9.96e-01	3.63e-03	2.59e-06
