#depth	Si	Si+	Si+2	Si+3	Si+4	Si+5	Si+6	Si+7	Si+8	Si+9	Si+10	Si+11	Si+12	Si+13	Si+14
 4.62852e+21	0.00e+00	0.00e+00	0.00e+00	0.00e+00	2.02e-23	1.19e-19	2.13e-16	1.24e-13	3.14e-11	3.93e-09	3.22e-07	2.60e-05	4.97e-03	1.21e-01	8.74e-01
 1.05691e+22	0.00e+00	0.00e+00	0.00e+00	2.86e-26	7.26e-22	2.99e-18	3.72e-15	1.51e-12	2.64e-10	2.29e-08	1.31e-06	7.33e-05	9.75e-03	1.65e-01	8.25e-01
 1.27658e+22	0.00e+00	0.00e+00	2.83e-29	4.08e-25	8.20e-21	2.64e-17	2.57e-14	8.16e-12	1.11e-09	7.54e-08	3.36e-06	1.47e-04	1.53e-02	2.01e-01	7.84e-01
 1.43580e+22	0.00e+00	0.00e+00	3.00e-28	3.58e-24	5.96e-20	1.58e-16	1.26e-13	3.25e-11	3.64e-09	2.01e-07	7.27e-06	2.59e-04	2.19e-02	2.34e-01	7.44e-01
 1.52426e+22	0.00e+00	6.92e-33	3.95e-28	4.49e-24	9.88e-20	2.48e-16	1.88e-13	4.63e-11	4.91e-09	2.57e-07	8.84e-06	2.99e-04	2.40e-02	2.43e-01	7.32e-01
 1.55268e+22	0.00e+00	1.03e-32	5.73e-28	6.31e-24	1.35e-19	3.28e-16	2.41e-13	5.75e-11	5.91e-09	3.00e-07	9.97e-06	3.26e-04	2.53e-02	2.49e-01	7.25e-01
 1.57734e+22	0.00e+00	1.79e-32	9.55e-28	1.01e-23	2.07e-19	4.82e-16	3.39e-13	7.75e-11	7.64e-09	3.71e-07	1.18e-05	3.68e-04	2.73e-02	2.57e-01	7.15e-01
 1.60180e+22	0.00e+00	2.57e-32	1.34e-27	1.38e-23	2.74e-19	6.22e-16	4.26e-13	9.44e-11	9.04e-09	4.26e-07	1.31e-05	3.99e-04	2.88e-02	2.62e-01	7.09e-01
 1.62600e+22	0.00e+00	4.17e-32	2.10e-27	2.08e-23	4.00e-19	8.73e-16	5.75e-13	1.23e-10	1.13e-08	5.14e-07	1.52e-05	4.44e-04	3.07e-02	2.69e-01	7.00e-01
 1.65072e+22	0.00e+00	6.48e-32	3.16e-27	3.02e-23	5.63e-19	1.19e-15	7.56e-13	1.56e-10	1.39e-08	6.09e-07	1.74e-05	4.89e-04	3.26e-02	2.76e-01	6.91e-01
 1.67185e+22	0.00e+00	9.57e-32	4.54e-27	4.21e-23	7.62e-19	1.56e-15	9.63e-13	1.93e-10	1.66e-08	7.07e-07	1.95e-05	5.32e-04	3.44e-02	2.82e-01	6.83e-01
 1.69504e+22	0.00e+00	1.56e-31	7.13e-27	6.36e-23	1.11e-18	2.19e-15	1.30e-12	2.51e-10	2.09e-08	8.52e-07	2.26e-05	5.92e-04	3.68e-02	2.89e-01	6.74e-01
 1.71923e+22	0.00e+00	2.39e-31	1.06e-26	9.17e-23	1.55e-18	2.96e-15	1.70e-12	3.17e-10	2.55e-08	1.01e-06	2.57e-05	6.50e-04	3.89e-02	2.95e-01	6.65e-01
 1.74116e+22	0.00e+00	3.67e-31	1.58e-26	1.32e-22	2.16e-18	3.98e-15	2.21e-12	3.99e-10	3.11e-08	1.18e-06	2.92e-05	7.13e-04	4.12e-02	3.02e-01	6.56e-01
 1.76199e+22	0.00e+00	5.43e-31	2.27e-26	1.84e-22	2.93e-18	5.24e-15	2.82e-12	4.93e-10	3.73e-08	1.38e-06	3.29e-05	7.76e-04	4.34e-02	3.08e-01	6.48e-01
 1.78493e+22	0.00e+00	8.87e-31	3.58e-26	2.78e-22	4.28e-18	7.37e-15	3.82e-12	6.43e-10	4.68e-08	1.66e-06	3.80e-05	8.62e-04	4.64e-02	3.15e-01	6.37e-01
 1.80832e+22	0.00e+00	1.36e-30	5.34e-26	4.00e-22	5.97e-18	9.94e-15	4.99e-12	8.11e-10	5.71e-08	1.96e-06	4.32e-05	9.46e-04	4.91e-02	3.22e-01	6.28e-01
 1.82854e+22	0.00e+00	2.04e-30	7.75e-26	5.62e-22	8.14e-18	1.31e-14	6.39e-12	1.01e-09	6.88e-08	2.29e-06	4.88e-05	1.03e-03	5.17e-02	3.28e-01	6.19e-01
 1.85106e+22	0.00e+00	3.34e-30	1.22e-25	8.52e-22	1.19e-17	1.85e-14	8.67e-12	1.32e-09	8.64e-08	2.77e-06	5.65e-05	1.15e-03	5.51e-02	3.36e-01	6.08e-01
 1.87431e+22	0.00e+00	5.14e-30	1.82e-25	1.22e-21	1.66e-17	2.50e-14	1.13e-11	1.66e-09	1.05e-07	3.26e-06	6.41e-05	1.25e-03	5.83e-02	3.42e-01	5.98e-01
 1.89443e+22	0.00e+00	7.70e-30	2.65e-25	1.72e-21	2.27e-17	3.31e-14	1.45e-11	2.06e-09	1.27e-07	3.81e-06	7.23e-05	1.37e-03	6.14e-02	3.49e-01	5.89e-01
 1.91336e+22	0.00e+00	1.13e-29	3.76e-25	2.37e-21	3.04e-17	4.30e-14	1.83e-11	2.53e-09	1.51e-07	4.40e-06	8.09e-05	1.48e-03	6.44e-02	3.54e-01	5.80e-01
 1.93481e+22	0.00e+00	1.81e-29	5.84e-25	3.53e-21	4.38e-17	5.98e-14	2.45e-11	3.27e-09	1.89e-07	5.28e-06	9.30e-05	1.64e-03	6.84e-02	3.61e-01	5.68e-01
 1.95699e+22	0.00e+00	2.78e-29	8.68e-25	5.06e-21	6.10e-17	8.05e-14	3.19e-11	4.11e-09	2.30e-07	6.22e-06	1.06e-04	1.79e-03	7.21e-02	3.68e-01	5.58e-01
 1.97648e+22	0.00e+00	3.40e-29	1.03e-24	7.08e-21	8.30e-17	1.06e-13	4.09e-11	5.10e-09	2.77e-07	7.25e-06	1.19e-04	1.95e-03	7.58e-02	3.74e-01	5.48e-01
 1.99820e+22	0.00e+00	5.61e-29	1.63e-24	1.08e-20	1.22e-16	1.50e-13	5.55e-11	6.67e-09	3.48e-07	8.77e-06	1.38e-04	2.16e-03	8.06e-02	3.81e-01	5.36e-01
 2.01978e+22	0.00e+00	8.38e-29	2.36e-24	1.50e-20	1.66e-16	1.98e-13	7.10e-11	8.27e-09	4.19e-07	1.02e-05	1.55e-04	2.35e-03	8.47e-02	3.87e-01	5.26e-01
 2.03820e+22	0.00e+00	1.23e-28	3.38e-24	2.08e-20	2.23e-16	2.58e-13	9.00e-11	1.02e-08	5.01e-07	1.18e-05	1.73e-04	2.54e-03	8.87e-02	3.92e-01	5.16e-01
 2.05918e+22	0.00e+00	2.00e-28	5.27e-24	3.11e-20	3.22e-16	3.60e-13	1.21e-10	1.32e-08	6.25e-07	1.42e-05	1.99e-04	2.81e-03	9.40e-02	3.99e-01	5.04e-01
 2.08055e+22	0.00e+00	3.04e-28	7.76e-24	4.41e-20	4.44e-16	4.81e-13	1.56e-10	1.65e-08	7.58e-07	1.67e-05	2.25e-04	3.06e-03	9.88e-02	4.04e-01	4.93e-01
 2.09901e+22	0.00e+00	4.45e-28	1.10e-23	6.06e-20	5.95e-16	6.26e-13	1.97e-10	2.02e-08	9.03e-07	1.93e-05	2.51e-04	3.31e-03	1.03e-01	4.09e-01	4.84e-01
 2.11958e+22	0.00e+00	7.18e-28	1.71e-23	9.01e-20	8.57e-16	8.69e-13	2.64e-10	2.61e-08	1.12e-06	2.31e-05	2.88e-04	3.64e-03	1.09e-01	4.15e-01	4.71e-01
 2.14089e+22	0.00e+00	1.10e-27	2.54e-23	1.28e-19	1.19e-15	1.16e-12	3.42e-10	3.27e-08	1.37e-06	2.71e-05	3.26e-04	3.97e-03	1.15e-01	4.21e-01	4.60e-01
 2.15984e+22	0.00e+00	1.64e-27	3.68e-23	1.79e-19	1.61e-15	1.53e-12	4.38e-10	4.06e-08	1.64e-06	3.16e-05	3.66e-04	4.30e-03	1.20e-01	4.25e-01	4.50e-01
 2.17822e+22	0.00e+00	2.46e-27	5.32e-23	2.50e-19	2.19e-15	2.02e-12	5.59e-10	5.02e-08	1.98e-06	3.68e-05	4.11e-04	4.66e-03	1.26e-01	4.30e-01	4.39e-01
 2.19918e+22	0.00e+00	4.04e-27	8.41e-23	3.77e-19	3.20e-15	2.85e-12	7.58e-10	6.55e-08	2.48e-06	4.44e-05	4.74e-04	5.14e-03	1.33e-01	4.35e-01	4.26e-01
 2.22056e+22	0.00e+00	6.13e-27	1.23e-22	5.32e-19	4.39e-15	3.79e-12	9.76e-10	8.17e-08	3.00e-06	5.19e-05	5.34e-04	5.58e-03	1.39e-01	4.40e-01	4.15e-01
 2.24247e+22	0.00e+00	1.03e-26	1.99e-22	8.16e-19	6.52e-15	5.40e-12	1.34e-09	1.08e-07	3.81e-06	6.31e-05	6.19e-04	6.18e-03	1.47e-01	4.45e-01	4.01e-01
 2.26481e+22	0.00e+00	1.62e-26	3.02e-22	1.19e-18	9.21e-15	7.38e-12	1.77e-09	1.37e-07	4.69e-06	7.49e-05	7.04e-04	6.75e-03	1.55e-01	4.49e-01	3.89e-01
 2.28301e+22	0.00e+00	2.34e-26	4.22e-22	1.60e-18	1.21e-14	9.47e-12	2.20e-09	1.67e-07	5.54e-06	8.59e-05	7.81e-04	7.25e-03	1.61e-01	4.51e-01	3.80e-01
 2.30197e+22	0.00e+00	3.71e-26	6.44e-22	2.34e-18	1.72e-14	1.30e-11	2.92e-09	2.13e-07	6.84e-06	1.02e-04	8.90e-04	7.92e-03	1.69e-01	4.55e-01	3.68e-01
 2.32159e+22	0.00e+00	5.54e-26	9.31e-22	3.26e-18	2.34e-14	1.71e-11	3.72e-09	2.63e-07	8.22e-06	1.19e-04	9.96e-04	8.55e-03	1.76e-01	4.58e-01	3.57e-01
 2.33785e+22	0.00e+00	7.72e-26	1.26e-21	4.27e-18	3.00e-14	2.14e-11	4.55e-09	3.14e-07	9.56e-06	1.35e-04	1.09e-03	9.11e-03	1.82e-01	4.60e-01	3.48e-01
 2.35476e+22	0.00e+00	1.17e-25	1.84e-21	6.00e-18	4.11e-14	2.85e-11	5.86e-09	3.91e-07	1.16e-05	1.57e-04	1.23e-03	9.86e-03	1.90e-01	4.62e-01	3.37e-01
 2.37089e+22	0.00e+00	1.59e-25	2.44e-21	7.70e-18	5.18e-14	3.51e-11	7.06e-09	4.61e-07	1.33e-05	1.77e-04	1.34e-03	1.04e-02	1.95e-01	4.63e-01	3.29e-01
 2.38378e+22	0.00e+00	2.15e-25	3.21e-21	9.83e-18	6.50e-14	4.30e-11	8.47e-09	5.40e-07	1.53e-05	1.98e-04	1.46e-03	1.10e-02	2.01e-01	4.64e-01	3.22e-01
 2.39640e+22	0.00e+00	2.85e-25	4.16e-21	1.24e-17	8.04e-14	5.22e-11	1.00e-08	6.28e-07	1.74e-05	2.20e-04	1.58e-03	1.16e-02	2.07e-01	4.65e-01	3.14e-01
 2.40877e+22	0.00e+00	3.69e-25	5.27e-21	1.53e-17	9.77e-14	6.22e-11	1.17e-08	7.20e-07	1.95e-05	2.42e-04	1.69e-03	1.22e-02	2.12e-01	4.66e-01	3.08e-01
 2.42276e+22	0.00e+00	5.22e-25	7.23e-21	2.02e-17	1.27e-13	7.88e-11	1.45e-08	8.65e-07	2.29e-05	2.76e-04	1.87e-03	1.30e-02	2.19e-01	4.67e-01	2.99e-01
 2.43684e+22	0.00e+00	7.04e-25	9.50e-21	2.57e-17	1.59e-13	9.65e-11	1.74e-08	1.01e-06	2.62e-05	3.08e-04	2.03e-03	1.38e-02	2.25e-01	4.67e-01	2.91e-01
 2.44872e+22	0.00e+00	9.22e-25	1.21e-20	3.20e-17	1.94e-13	1.16e-10	2.04e-08	1.17e-06	2.97e-05	3.41e-04	2.19e-03	1.45e-02	2.31e-01	4.68e-01	2.84e-01
 2.45984e+22	0.00e+00	1.20e-24	1.54e-20	3.95e-17	2.37e-13	1.39e-10	2.40e-08	1.34e-06	3.35e-05	3.76e-04	2.35e-03	1.52e-02	2.37e-01	4.68e-01	2.78e-01
 2.47057e+22	0.00e+00	1.51e-24	1.90e-20	4.76e-17	2.81e-13	1.62e-10	2.76e-08	1.52e-06	3.72e-05	4.10e-04	2.51e-03	1.58e-02	2.42e-01	4.68e-01	2.72e-01
 2.48279e+22	0.00e+00	2.07e-24	2.53e-20	6.11e-17	3.55e-13	2.00e-10	3.33e-08	1.79e-06	4.29e-05	4.61e-04	2.73e-03	1.67e-02	2.49e-01	4.67e-01	2.64e-01
 2.49536e+22	0.00e+00	2.74e-24	3.26e-20	7.65e-17	4.38e-13	2.42e-10	3.95e-08	2.08e-06	4.88e-05	5.12e-04	2.95e-03	1.76e-02	2.55e-01	4.67e-01	2.57e-01
 2.50630e+22	0.00e+00	3.53e-24	4.10e-20	9.35e-17	5.29e-13	2.88e-10	4.60e-08	2.38e-06	5.47e-05	5.63e-04	3.17e-03	1.84e-02	2.61e-01	4.66e-01	2.51e-01
 2.51843e+22	0.00e+00	4.85e-24	5.47e-20	1.20e-16	6.70e-13	3.57e-10	5.58e-08	2.81e-06	6.33e-05	6.35e-04	3.46e-03	1.95e-02	2.68e-01	4.65e-01	2.43e-01
 2.53024e+22	0.00e+00	6.18e-24	6.81e-20	1.46e-16	8.03e-13	4.20e-10	6.45e-08	3.20e-06	7.07e-05	6.95e-04	3.69e-03	2.03e-02	2.73e-01	4.64e-01	2.38e-01
 2.54011e+22	0.00e+00	7.91e-24	8.50e-20	1.77e-16	9.63e-13	4.96e-10	7.49e-08	3.64e-06	7.92e-05	7.62e-04	3.95e-03	2.12e-02	2.79e-01	4.63e-01	2.32e-01
 2.54983e+22	0.00e+00	9.95e-24	1.05e-19	2.12e-16	1.14e-12	5.79e-10	8.60e-08	4.11e-06	8.80e-05	8.30e-04	4.21e-03	2.21e-02	2.84e-01	4.62e-01	2.26e-01
 2.56090e+22	0.00e+00	1.35e-23	1.37e-19	2.69e-16	1.43e-12	7.10e-10	1.03e-07	4.83e-06	1.01e-04	9.30e-04	4.57e-03	2.33e-02	2.92e-01	4.60e-01	2.19e-01
 2.57212e+22	0.00e+00	1.75e-23	1.73e-19	3.30e-16	1.73e-12	8.46e-10	1.21e-07	5.55e-06	1.14e-04	1.03e-03	4.91e-03	2.44e-02	2.98e-01	4.59e-01	2.13e-01
 2.58179e+22	0.00e+00	2.21e-23	2.14e-19	3.95e-16	2.05e-12	9.90e-10	1.39e-07	6.28e-06	1.27e-04	1.12e-03	5.24e-03	2.54e-02	3.03e-01	4.57e-01	2.08e-01
 2.59262e+22	0.00e+00	3.01e-23	2.82e-19	5.02e-16	2.57e-12	1.22e-09	1.68e-07	7.40e-06	1.46e-04	1.26e-03	5.70e-03	2.68e-02	3.11e-01	4.55e-01	2.01e-01
 2.60366e+22	0.00e+00	3.89e-23	3.54e-19	6.12e-16	3.11e-12	1.45e-09	1.96e-07	8.48e-06	1.65e-04	1.39e-03	6.11e-03	2.80e-02	3.17e-01	4.52e-01	1.95e-01
 2.61498e+22	0.00e+00	5.41e-23	4.75e-19	7.87e-16	3.95e-12	1.80e-09	2.39e-07	1.01e-05	1.92e-04	1.57e-03	6.69e-03	2.96e-02	3.25e-01	4.49e-01	1.88e-01
 2.62632e+22	0.00e+00	7.01e-23	5.98e-19	9.59e-16	4.77e-12	2.15e-09	2.80e-07	1.16e-05	2.16e-04	1.73e-03	7.18e-03	3.09e-02	3.31e-01	4.47e-01	1.82e-01
 2.63589e+22	0.00e+00	8.88e-23	7.39e-19	1.15e-15	5.67e-12	2.52e-09	3.23e-07	1.32e-05	2.41e-04	1.89e-03	7.65e-03	3.21e-02	3.37e-01	4.44e-01	1.77e-01
 2.64652e+22	0.00e+00	1.24e-22	9.93e-19	1.48e-15	7.23e-12	3.15e-09	3.96e-07	1.57e-05	2.82e-04	2.15e-03	8.39e-03	3.40e-02	3.45e-01	4.40e-01	1.70e-01
 2.65695e+22	0.00e+00	1.56e-22	1.21e-18	1.75e-15	8.52e-12	3.67e-09	4.55e-07	1.78e-05	3.13e-04	2.34e-03	8.92e-03	3.53e-02	3.51e-01	4.37e-01	1.65e-01
 2.66712e+22	0.00e+00	2.15e-22	1.61e-18	2.23e-15	1.07e-11	4.55e-09	5.53e-07	2.11e-05	3.64e-04	2.64e-03	9.75e-03	3.72e-02	3.59e-01	4.33e-01	1.59e-01
 2.67709e+22	0.00e+00	2.68e-22	1.95e-18	2.63e-15	1.26e-11	5.28e-09	6.32e-07	2.37e-05	4.03e-04	2.87e-03	1.03e-02	3.86e-02	3.64e-01	4.30e-01	1.54e-01
 2.68680e+22	0.00e+00	3.64e-22	2.56e-18	3.29e-15	1.57e-11	6.48e-09	7.63e-07	2.80e-05	4.65e-04	3.23e-03	1.12e-02	4.06e-02	3.71e-01	4.25e-01	1.48e-01
 2.69663e+22	0.00e+00	4.64e-22	3.16e-18	3.93e-15	1.87e-11	7.63e-09	8.85e-07	3.20e-05	5.21e-04	3.54e-03	1.20e-02	4.22e-02	3.77e-01	4.22e-01	1.43e-01
 2.70661e+22	0.00e+00	6.42e-22	4.19e-18	4.97e-15	2.36e-11	9.49e-09	1.08e-06	3.81e-05	6.07e-04	4.01e-03	1.31e-02	4.45e-02	3.85e-01	4.16e-01	1.37e-01
 2.71656e+22	0.00e+00	8.13e-22	5.15e-18	5.90e-15	2.79e-11	1.11e-08	1.25e-06	4.33e-05	6.78e-04	4.38e-03	1.40e-02	4.62e-02	3.90e-01	4.12e-01	1.32e-01
 2.72647e+22	0.00e+00	1.12e-21	6.79e-18	7.42e-15	3.51e-11	1.38e-08	1.52e-06	5.16e-05	7.89e-04	4.95e-03	1.53e-02	4.86e-02	3.98e-01	4.06e-01	1.26e-01
 2.73656e+22	2.41e-34	1.44e-21	8.46e-18	8.90e-15	4.21e-11	1.64e-08	1.78e-06	5.93e-05	8.90e-04	5.46e-03	1.64e-02	5.06e-02	4.04e-01	4.01e-01	1.22e-01
 2.74539e+22	3.27e-34	1.85e-21	1.05e-17	1.06e-14	5.02e-11	1.93e-08	2.08e-06	6.78e-05	1.00e-03	6.00e-03	1.75e-02	5.26e-02	4.09e-01	3.97e-01	1.17e-01
 2.75536e+22	4.86e-34	2.55e-21	1.38e-17	1.33e-14	6.31e-11	2.41e-08	2.54e-06	8.10e-05	1.17e-03	6.78e-03	1.91e-02	5.53e-02	4.16e-01	3.90e-01	1.11e-01
 2.76535e+22	6.61e-34	3.26e-21	1.71e-17	1.58e-14	7.53e-11	2.85e-08	2.97e-06	9.29e-05	1.31e-03	7.46e-03	2.05e-02	5.75e-02	4.22e-01	3.84e-01	1.07e-01
 2.77539e+22	9.86e-34	4.51e-21	2.25e-17	1.98e-14	9.47e-11	3.55e-08	3.64e-06	1.11e-04	1.53e-03	8.45e-03	2.23e-02	6.04e-02	4.29e-01	3.77e-01	1.01e-01
 2.78560e+22	1.35e-33	5.82e-21	2.80e-17	2.36e-14	1.14e-10	4.22e-08	4.28e-06	1.28e-04	1.73e-03	9.32e-03	2.39e-02	6.28e-02	4.34e-01	3.71e-01	9.70e-02
 2.79602e+22	2.04e-33	8.12e-21	3.71e-17	2.96e-14	1.44e-10	5.31e-08	5.29e-06	1.54e-04	2.03e-03	1.06e-02	2.62e-02	6.60e-02	4.40e-01	3.63e-01	9.15e-02
 2.80647e+22	2.79e-33	1.05e-20	4.60e-17	3.52e-14	1.73e-10	6.31e-08	6.21e-06	1.78e-04	2.30e-03	1.17e-02	2.81e-02	6.86e-02	4.45e-01	3.57e-01	8.74e-02
 2.81696e+22	4.21e-33	1.46e-20	6.08e-17	4.40e-14	2.18e-10	7.93e-08	7.68e-06	2.14e-04	2.69e-03	1.33e-02	3.07e-02	7.20e-02	4.51e-01	3.48e-01	8.22e-02
 2.82719e+22	5.62e-33	1.84e-20	7.40e-17	5.14e-14	2.57e-10	9.30e-08	8.92e-06	2.44e-04	3.01e-03	1.45e-02	3.26e-02	7.44e-02	4.55e-01	3.42e-01	7.86e-02
 2.83709e+22	8.23e-33	2.50e-20	9.58e-17	6.30e-14	3.20e-10	1.15e-07	1.09e-05	2.91e-04	3.50e-03	1.63e-02	3.55e-02	7.78e-02	4.60e-01	3.33e-01	7.40e-02
 2.84708e+22	1.09e-32	3.14e-20	1.16e-16	7.33e-14	3.77e-10	1.35e-07	1.26e-05	3.31e-04	3.90e-03	1.78e-02	3.76e-02	8.03e-02	4.63e-01	3.27e-01	7.06e-02
 2.85720e+22	1.58e-32	4.24e-20	1.49e-16	8.92e-14	4.66e-10	1.66e-07	1.53e-05	3.93e-04	4.50e-03	1.99e-02	4.08e-02	8.38e-02	4.67e-01	3.18e-01	6.63e-02
 2.86756e+22	2.12e-32	5.36e-20	1.81e-16	1.04e-13	5.51e-10	1.96e-07	1.78e-05	4.49e-04	5.04e-03	2.18e-02	4.33e-02	8.65e-02	4.69e-01	3.10e-01	6.31e-02
 2.87823e+22	3.07e-32	7.23e-20	2.33e-16	1.27e-13	6.83e-10	2.41e-07	2.17e-05	5.33e-04	5.83e-03	2.44e-02	4.69e-02	9.01e-02	4.72e-01	3.01e-01	5.90e-02
 2.88915e+22	4.13e-32	9.19e-20	2.84e-16	1.48e-13	8.10e-10	2.85e-07	2.54e-05	6.11e-04	6.53e-03	2.67e-02	4.99e-02	9.29e-02	4.74e-01	2.93e-01	5.58e-02
 2.90042e+22	6.03e-32	1.25e-19	3.66e-16	1.80e-13	1.01e-09	3.52e-07	3.09e-05	7.28e-04	7.56e-03	2.99e-02	5.39e-02	9.66e-02	4.76e-01	2.83e-01	5.20e-02
 2.91191e+22	8.07e-32	1.58e-19	4.46e-16	2.10e-13	1.19e-09	4.16e-07	3.61e-05	8.33e-04	8.45e-03	3.26e-02	5.72e-02	9.95e-02	4.77e-01	2.76e-01	4.91e-02
 2.92370e+22	1.17e-31	2.13e-19	5.72e-16	2.54e-13	1.47e-09	5.13e-07	4.39e-05	9.89e-04	9.75e-03	3.64e-02	6.16e-02	1.03e-01	4.77e-01	2.65e-01	4.55e-02
 2.93568e+22	1.56e-31	2.69e-19	6.95e-16	2.95e-13	1.74e-09	6.03e-07	5.11e-05	1.13e-03	1.09e-02	3.96e-02	6.52e-02	1.06e-01	4.77e-01	2.57e-01	4.28e-02
 2.94792e+22	2.25e-31	3.63e-19	8.89e-16	3.57e-13	2.15e-09	7.42e-07	6.20e-05	1.34e-03	1.25e-02	4.41e-02	7.00e-02	1.10e-01	4.76e-01	2.47e-01	3.95e-02
 2.96023e+22	2.97e-31	4.54e-19	1.07e-15	4.13e-13	2.52e-09	8.67e-07	7.17e-05	1.52e-03	1.39e-02	4.77e-02	7.38e-02	1.12e-01	4.75e-01	2.39e-01	3.71e-02
 2.97264e+22	4.24e-31	6.06e-19	1.36e-15	4.95e-13	3.08e-09	1.06e-06	8.63e-05	1.78e-03	1.58e-02	5.28e-02	7.89e-02	1.16e-01	4.72e-01	2.29e-01	3.42e-02
 2.98531e+22	5.57e-31	7.57e-19	1.64e-15	5.72e-13	3.60e-09	1.23e-06	9.95e-05	2.02e-03	1.75e-02	5.70e-02	8.29e-02	1.18e-01	4.70e-01	2.21e-01	3.21e-02
 2.99639e+22	7.22e-31	9.34e-19	1.95e-15	6.55e-13	4.18e-09	1.43e-06	1.14e-04	2.27e-03	1.92e-02	6.12e-02	8.68e-02	1.20e-01	4.67e-01	2.13e-01	3.01e-02
 3.00885e+22	1.01e-30	1.23e-18	2.44e-15	7.77e-13	5.04e-09	1.71e-06	1.35e-04	2.64e-03	2.17e-02	6.71e-02	9.20e-02	1.23e-01	4.62e-01	2.03e-01	2.77e-02
 3.02128e+22	1.28e-30	1.49e-18	2.88e-15	8.84e-13	5.79e-09	1.96e-06	1.53e-04	2.94e-03	2.37e-02	7.16e-02	9.58e-02	1.25e-01	4.58e-01	1.96e-01	2.60e-02
 3.03366e+22	1.76e-30	1.93e-18	3.56e-15	1.04e-12	6.91e-09	2.33e-06	1.80e-04	3.38e-03	2.65e-02	7.78e-02	1.01e-01	1.28e-01	4.53e-01	1.87e-01	2.39e-02
 3.04633e+22	2.25e-30	2.37e-18	4.22e-15	1.19e-12	7.94e-09	2.67e-06	2.04e-04	3.77e-03	2.89e-02	8.29e-02	1.05e-01	1.29e-01	4.48e-01	1.80e-01	2.24e-02
 3.05754e+22	2.86e-30	2.88e-18	4.97e-15	1.35e-12	9.08e-09	3.04e-06	2.30e-04	4.19e-03	3.14e-02	8.81e-02	1.09e-01	1.31e-01	4.42e-01	1.73e-01	2.09e-02
 3.07029e+22	3.90e-30	3.71e-18	6.12e-15	1.58e-12	1.08e-08	3.60e-06	2.69e-04	4.79e-03	3.49e-02	9.53e-02	1.14e-01	1.33e-01	4.35e-01	1.64e-01	1.91e-02
 3.08296e+22	4.87e-30	4.46e-18	7.15e-15	1.78e-12	1.22e-08	4.06e-06	3.01e-04	5.27e-03	3.76e-02	1.01e-01	1.18e-01	1.34e-01	4.29e-01	1.57e-01	1.79e-02
 3.09555e+22	6.55e-30	5.68e-18	8.73e-15	2.08e-12	1.43e-08	4.75e-06	3.48e-04	5.98e-03	4.15e-02	1.08e-01	1.23e-01	1.36e-01	4.20e-01	1.49e-01	1.64e-02
 3.10838e+22	8.21e-30	6.85e-18	1.02e-14	2.35e-12	1.62e-08	5.36e-06	3.89e-04	6.57e-03	4.47e-02	1.14e-01	1.26e-01	1.36e-01	4.14e-01	1.43e-01	1.53e-02
 3.12153e+22	1.11e-29	8.75e-18	1.25e-14	2.75e-12	1.91e-08	6.26e-06	4.49e-04	7.45e-03	4.92e-02	1.22e-01	1.31e-01	1.37e-01	4.04e-01	1.35e-01	1.39e-02
 3.13493e+22	6.39e-30	1.06e-17	1.47e-14	3.12e-12	2.16e-08	7.06e-06	5.01e-04	8.18e-03	5.29e-02	1.28e-01	1.35e-01	1.38e-01	3.96e-01	1.28e-01	1.29e-02
 3.14866e+22	8.62e-30	1.36e-17	1.81e-14	3.66e-12	2.53e-08	8.24e-06	5.78e-04	9.25e-03	5.80e-02	1.37e-01	1.40e-01	1.38e-01	3.85e-01	1.20e-01	1.17e-02
 3.16264e+22	1.09e-29	1.64e-17	2.12e-14	4.15e-12	2.87e-08	9.28e-06	6.44e-04	1.01e-02	6.23e-02	1.43e-01	1.43e-01	1.39e-01	3.77e-01	1.15e-01	1.08e-02
 3.17695e+22	1.47e-29	2.11e-17	2.62e-14	4.89e-12	3.36e-08	1.08e-05	7.42e-04	1.14e-02	6.82e-02	1.52e-01	1.47e-01	1.39e-01	3.65e-01	1.07e-01	9.75e-03
 3.19094e+22	1.81e-29	2.51e-17	3.04e-14	5.51e-12	3.77e-08	1.20e-05	8.16e-04	1.24e-02	7.24e-02	1.59e-01	1.50e-01	1.38e-01	3.56e-01	1.02e-01	9.08e-03
 3.20451e+22	2.40e-29	3.18e-17	3.70e-14	6.40e-12	4.35e-08	1.38e-05	9.28e-04	1.38e-02	7.85e-02	1.68e-01	1.54e-01	1.38e-01	3.44e-01	9.51e-02	8.18e-03
 3.21829e+22	2.97e-29	3.79e-17	4.30e-14	7.23e-12	4.88e-08	1.54e-05	1.02e-03	1.50e-02	8.32e-02	1.74e-01	1.56e-01	1.37e-01	3.36e-01	9.04e-02	7.58e-03
 3.23235e+22	3.91e-29	4.78e-17	5.23e-14	8.43e-12	5.63e-08	1.76e-05	1.16e-03	1.66e-02	8.99e-02	1.83e-01	1.59e-01	1.36e-01	3.23e-01	8.41e-02	6.82e-03
 3.24684e+22	4.91e-29	5.78e-17	6.15e-14	9.58e-12	6.33e-08	1.97e-05	1.28e-03	1.81e-02	9.55e-02	1.90e-01	1.62e-01	1.35e-01	3.13e-01	7.93e-02	6.25e-03
 3.26190e+22	6.52e-29	7.34e-17	7.53e-14	1.12e-11	7.33e-08	2.26e-05	1.44e-03	2.01e-02	1.03e-01	1.99e-01	1.64e-01	1.33e-01	3.01e-01	7.34e-02	5.59e-03
 3.27745e+22	8.28e-29	8.97e-17	8.94e-14	1.29e-11	8.29e-08	2.54e-05	1.60e-03	2.19e-02	1.09e-01	2.06e-01	1.66e-01	1.31e-01	2.90e-01	6.87e-02	5.08e-03
 3.29365e+22	1.11e-28	1.15e-16	1.11e-13	1.53e-11	9.65e-08	2.92e-05	1.82e-03	2.43e-02	1.18e-01	2.15e-01	1.68e-01	1.29e-01	2.76e-01	6.31e-02	4.50e-03
 3.31028e+22	1.43e-28	1.42e-16	1.32e-13	1.76e-11	1.09e-07	3.28e-05	2.02e-03	2.64e-02	1.25e-01	2.23e-01	1.69e-01	1.27e-01	2.65e-01	5.87e-02	4.06e-03
 3.32749e+22	1.94e-28	1.84e-16	1.65e-13	2.11e-11	1.28e-07	3.79e-05	2.29e-03	2.93e-02	1.34e-01	2.32e-01	1.70e-01	1.24e-01	2.51e-01	5.35e-02	3.57e-03
 3.34527e+22	2.52e-28	2.28e-16	1.99e-13	2.45e-11	1.46e-07	4.27e-05	2.54e-03	3.20e-02	1.42e-01	2.39e-01	1.71e-01	1.22e-01	2.39e-01	4.94e-02	3.19e-03
 3.36379e+22	3.48e-28	2.99e-16	2.52e-13	2.95e-11	1.72e-07	4.95e-05	2.89e-03	3.55e-02	1.52e-01	2.48e-01	1.71e-01	1.18e-01	2.25e-01	4.46e-02	2.76e-03
 3.38281e+22	4.56e-28	3.75e-16	3.06e-13	3.45e-11	1.96e-07	5.60e-05	3.22e-03	3.86e-02	1.61e-01	2.55e-01	1.71e-01	1.15e-01	2.13e-01	4.08e-02	2.45e-03
 3.39991e+22	5.90e-28	4.66e-16	3.70e-13	4.03e-11	2.24e-07	6.29e-05	3.56e-03	4.18e-02	1.70e-01	2.61e-01	1.71e-01	1.12e-01	2.02e-01	3.75e-02	2.18e-03
 3.41955e+22	8.30e-28	6.20e-16	4.72e-13	4.88e-11	2.63e-07	7.30e-05	4.05e-03	4.65e-02	1.81e-01	2.70e-01	1.69e-01	1.07e-01	1.87e-01	3.32e-02	1.85e-03
 3.43932e+22	1.07e-27	7.69e-16	5.69e-13	5.69e-11	2.99e-07	8.19e-05	4.47e-03	5.01e-02	1.90e-01	2.75e-01	1.68e-01	1.04e-01	1.76e-01	3.04e-02	1.64e-03
 3.45924e+22	1.50e-27	1.02e-15	7.24e-13	6.90e-11	3.51e-07	9.45e-05	5.06e-03	5.53e-02	2.02e-01	2.82e-01	1.66e-01	9.93e-02	1.63e-01	2.68e-02	1.38e-03
 3.47958e+22	1.96e-27	1.28e-15	8.80e-13	8.06e-11	3.99e-07	1.06e-04	5.58e-03	5.97e-02	2.11e-01	2.87e-01	1.64e-01	9.55e-02	1.52e-01	2.42e-02	1.21e-03
 3.50048e+22	2.76e-27	1.71e-15	1.13e-12	9.81e-11	4.68e-07	1.22e-04	6.31e-03	6.57e-02	2.24e-01	2.92e-01	1.60e-01	9.06e-02	1.39e-01	2.12e-02	1.01e-03
 3.52170e+22	3.64e-27	2.15e-15	1.38e-12	1.15e-10	5.32e-07	1.37e-04	6.96e-03	7.09e-02	2.34e-01	2.96e-01	1.57e-01	8.66e-02	1.29e-01	1.90e-02	8.70e-04
 3.54335e+22	5.18e-27	2.90e-15	1.77e-12	1.40e-10	6.23e-07	1.58e-04	7.86e-03	7.80e-02	2.46e-01	2.99e-01	1.53e-01	8.14e-02	1.17e-01	1.63e-02	7.15e-04
 3.56510e+22	6.77e-27	3.65e-15	2.15e-12	1.64e-10	7.04e-07	1.76e-04	8.63e-03	8.37e-02	2.56e-01	3.02e-01	1.49e-01	7.75e-02	1.08e-01	1.46e-02	6.14e-04
 3.58314e+22	8.62e-27	4.48e-15	2.57e-12	1.87e-10	7.84e-07	1.94e-04	9.36e-03	8.91e-02	2.64e-01	3.03e-01	1.46e-01	7.39e-02	1.00e-01	1.31e-02	5.34e-04
 3.60278e+22	1.18e-26	5.87e-15	3.21e-12	2.23e-10	8.96e-07	2.19e-04	1.04e-02	9.66e-02	2.76e-01	3.04e-01	1.41e-01	6.94e-02	9.09e-02	1.13e-02	4.41e-04
 3.62234e+22	1.49e-26	7.18e-15	3.81e-12	2.55e-10	9.94e-07	2.40e-04	1.12e-02	1.02e-01	2.84e-01	3.05e-01	1.37e-01	6.60e-02	8.43e-02	1.01e-02	3.83e-04
 3.64180e+22	2.03e-26	9.37e-15	4.75e-12	3.02e-10	1.13e-06	2.69e-04	1.24e-02	1.11e-01	2.94e-01	3.04e-01	1.32e-01	6.17e-02	7.59e-02	8.73e-03	3.15e-04
 3.66151e+22	2.57e-26	1.15e-14	5.65e-12	3.45e-10	1.25e-06	2.95e-04	1.34e-02	1.17e-01	3.02e-01	3.04e-01	1.28e-01	5.84e-02	6.99e-02	7.76e-03	2.70e-04
 3.68156e+22	3.51e-26	1.52e-14	7.09e-12	4.10e-10	1.42e-06	3.30e-04	1.48e-02	1.26e-01	3.12e-01	3.02e-01	1.22e-01	5.42e-02	6.23e-02	6.60e-03	2.19e-04
 3.70185e+22	4.45e-26	1.88e-14	8.46e-12	4.70e-10	1.57e-06	3.61e-04	1.59e-02	1.34e-01	3.19e-01	2.99e-01	1.17e-01	5.10e-02	5.70e-02	5.81e-03	1.86e-04
 3.72246e+22	6.09e-26	2.50e-14	1.07e-11	5.59e-10	1.78e-06	4.04e-04	1.75e-02	1.44e-01	3.29e-01	2.96e-01	1.11e-01	4.70e-02	5.04e-02	4.89e-03	1.49e-04
 3.74347e+22	7.82e-26	3.14e-14	1.28e-11	6.44e-10	1.97e-06	4.42e-04	1.89e-02	1.52e-01	3.36e-01	2.92e-01	1.06e-01	4.39e-02	4.56e-02	4.25e-03	1.25e-04
 3.76501e+22	1.08e-25	4.23e-14	1.63e-11	7.72e-10	2.24e-06	4.95e-04	2.09e-02	1.64e-01	3.45e-01	2.87e-01	9.97e-02	4.01e-02	3.99e-02	3.52e-03	9.80e-05
 3.78697e+22	1.39e-25	5.38e-14	1.98e-11	8.95e-10	2.48e-06	5.43e-04	2.25e-02	1.74e-01	3.51e-01	2.82e-01	9.45e-02	3.72e-02	3.57e-02	3.02e-03	8.06e-05
 3.80948e+22	1.94e-25	7.38e-14	2.56e-11	1.08e-09	2.83e-06	6.10e-04	2.49e-02	1.87e-01	3.58e-01	2.74e-01	8.78e-02	3.36e-02	3.07e-02	2.46e-03	6.20e-05
 3.83218e+22	2.51e-25	9.47e-14	3.13e-11	1.26e-09	3.15e-06	6.68e-04	2.69e-02	1.98e-01	3.63e-01	2.68e-01	8.26e-02	3.09e-02	2.73e-02	2.09e-03	5.04e-05
 3.85126e+22	3.17e-25	1.19e-13	3.76e-11	1.45e-09	3.47e-06	7.26e-04	2.88e-02	2.08e-01	3.68e-01	2.62e-01	7.79e-02	2.86e-02	2.44e-02	1.79e-03	4.15e-05
 3.87194e+22	4.26e-25	1.60e-13	4.76e-11	1.74e-09	3.92e-06	8.07e-04	3.14e-02	2.22e-01	3.72e-01	2.53e-01	7.21e-02	2.59e-02	2.11e-02	1.47e-03	3.23e-05
 3.89278e+22	5.39e-25	2.03e-13	5.76e-11	2.01e-09	4.34e-06	8.79e-04	3.37e-02	2.34e-01	3.75e-01	2.45e-01	6.75e-02	2.39e-02	1.87e-02	1.25e-03	2.63e-05
 3.91317e+22	7.12e-25	2.72e-13	7.26e-11	2.40e-09	4.91e-06	9.74e-04	3.66e-02	2.48e-01	3.78e-01	2.36e-01	6.22e-02	2.15e-02	1.62e-02	1.03e-03	2.05e-05
 3.93398e+22	9.08e-25	3.50e-13	8.89e-11	2.82e-09	5.48e-06	1.07e-03	3.93e-02	2.61e-01	3.79e-01	2.27e-01	5.78e-02	1.97e-02	1.42e-02	8.60e-04	1.65e-05
 3.95436e+22	1.18e-24	4.66e-13	1.12e-10	3.37e-09	6.20e-06	1.18e-03	4.25e-02	2.75e-01	3.80e-01	2.18e-01	5.30e-02	1.77e-02	1.23e-02	7.06e-04	1.28e-05
 3.97517e+22	1.50e-24	6.10e-13	1.39e-10	4.00e-09	7.00e-06	1.30e-03	4.57e-02	2.89e-01	3.79e-01	2.08e-01	4.88e-02	1.61e-02	1.06e-02	5.84e-04	1.01e-05
 3.99574e+22	1.94e-24	8.09e-13	1.74e-10	4.79e-09	7.95e-06	1.44e-03	4.93e-02	3.04e-01	3.78e-01	1.98e-01	4.45e-02	1.45e-02	9.16e-03	4.79e-04	7.91e-06
 4.01642e+22	2.48e-24	1.07e-12	2.18e-10	5.74e-09	9.03e-06	1.59e-03	5.31e-02	3.19e-01	3.76e-01	1.88e-01	4.06e-02	1.30e-02	7.89e-03	3.93e-04	6.19e-06
 4.03686e+22	3.17e-24	1.41e-12	2.73e-10	6.89e-09	1.03e-05	1.75e-03	5.71e-02	3.35e-01	3.73e-01	1.78e-01	3.70e-02	1.17e-02	6.78e-03	3.21e-04	4.83e-06
 4.05725e+22	4.05e-24	1.86e-12	3.42e-10	8.29e-09	1.18e-05	1.94e-03	6.14e-02	3.50e-01	3.69e-01	1.68e-01	3.36e-02	1.05e-02	5.81e-03	2.63e-04	3.77e-06
 4.07768e+22	5.17e-24	2.47e-12	4.30e-10	1.00e-08	1.35e-05	2.15e-03	6.60e-02	3.65e-01	3.64e-01	1.58e-01	3.04e-02	9.35e-03	4.97e-03	2.14e-04	2.92e-06
 4.09819e+22	6.61e-24	3.26e-12	5.41e-10	1.21e-08	1.55e-05	2.38e-03	7.08e-02	3.80e-01	3.58e-01	1.49e-01	2.74e-02	8.34e-03	4.24e-03	1.74e-04	2.27e-06
 4.11881e+22	8.47e-24	4.32e-12	6.82e-10	1.47e-08	1.78e-05	2.64e-03	7.60e-02	3.95e-01	3.51e-01	1.39e-01	2.46e-02	7.42e-03	3.61e-03	1.41e-04	1.75e-06
 4.13961e+22	1.09e-23	5.72e-12	8.60e-10	1.79e-08	2.05e-05	2.93e-03	8.15e-02	4.10e-01	3.44e-01	1.30e-01	2.21e-02	6.58e-03	3.06e-03	1.14e-04	1.35e-06
 4.16065e+22	1.40e-23	7.58e-12	1.09e-09	2.18e-08	2.38e-05	3.25e-03	8.73e-02	4.25e-01	3.36e-01	1.21e-01	1.97e-02	5.82e-03	2.58e-03	9.16e-05	1.03e-06
 4.18180e+22	1.81e-23	1.00e-11	1.37e-09	2.66e-08	2.75e-05	3.61e-03	9.34e-02	4.39e-01	3.27e-01	1.12e-01	1.76e-02	5.14e-03	2.18e-03	7.37e-05	7.91e-07
 4.20328e+22	2.35e-23	1.33e-11	1.74e-09	3.27e-08	3.20e-05	4.02e-03	1.00e-01	4.53e-01	3.17e-01	1.03e-01	1.56e-02	4.51e-03	1.83e-03	5.87e-05	6.00e-07
 4.22501e+22	3.71e-23	1.75e-11	2.20e-09	4.00e-08	3.71e-05	4.46e-03	1.07e-01	4.67e-01	3.07e-01	9.55e-02	1.39e-02	3.96e-03	1.53e-03	4.69e-05	4.57e-07
 4.24716e+22	4.91e-23	2.34e-11	2.81e-09	4.94e-08	4.33e-05	4.97e-03	1.14e-01	4.80e-01	2.96e-01	8.76e-02	1.22e-02	3.45e-03	1.28e-03	3.71e-05	3.43e-07
 4.26776e+22	6.18e-23	2.94e-11	3.42e-09	5.85e-08	4.91e-05	5.43e-03	1.21e-01	4.90e-01	2.87e-01	8.16e-02	1.10e-02	3.09e-03	1.10e-03	3.06e-05	2.72e-07
 4.28894e+22	8.30e-23	3.94e-11	4.39e-09	7.29e-08	5.78e-05	6.07e-03	1.29e-01	5.02e-01	2.75e-01	7.43e-02	9.59e-03	2.66e-03	9.01e-04	2.38e-05	2.01e-07
 4.31045e+22	1.05e-22	4.95e-11	5.34e-09	8.66e-08	6.56e-05	6.62e-03	1.36e-01	5.11e-01	2.66e-01	6.89e-02	8.61e-03	2.37e-03	7.72e-04	1.96e-05	1.58e-07
 4.33247e+22	1.44e-22	6.66e-11	6.90e-09	1.09e-07	7.75e-05	7.41e-03	1.45e-01	5.22e-01	2.53e-01	6.22e-02	7.45e-03	2.03e-03	6.27e-04	1.50e-05	1.15e-07
 4.35464e+22	1.83e-22	8.29e-11	8.35e-09	1.29e-07	8.77e-05	8.06e-03	1.52e-01	5.29e-01	2.44e-01	5.77e-02	6.69e-03	1.80e-03	5.37e-04	1.24e-05	0.00e+00
 4.37700e+22	2.52e-22	1.11e-10	1.07e-08	1.61e-07	1.03e-04	8.99e-03	1.62e-01	5.37e-01	2.32e-01	5.20e-02	5.78e-03	1.54e-03	4.36e-04	9.51e-06	0.00e+00
 4.39947e+22	3.22e-22	1.37e-10	1.30e-08	1.90e-07	1.17e-04	9.76e-03	1.70e-01	5.43e-01	2.22e-01	4.80e-02	5.17e-03	1.36e-03	3.72e-04	7.79e-06	0.00e+00
 4.42210e+22	4.42e-22	1.81e-10	1.66e-08	2.37e-07	1.37e-04	1.09e-02	1.80e-01	5.50e-01	2.10e-01	4.32e-02	4.46e-03	1.16e-03	3.02e-04	5.98e-06	0.00e+00
 4.44492e+22	5.67e-22	2.24e-10	2.00e-08	2.80e-07	1.55e-04	1.18e-02	1.88e-01	5.54e-01	2.01e-01	3.98e-02	3.98e-03	1.03e-03	2.57e-04	4.89e-06	0.00e+00
 4.46797e+22	7.81e-22	2.94e-10	2.55e-08	3.48e-07	1.82e-04	1.31e-02	1.99e-01	5.58e-01	1.89e-01	3.57e-02	3.43e-03	8.71e-04	2.08e-04	3.74e-06	0.00e+00
 4.49131e+22	1.00e-21	3.63e-10	3.08e-08	4.12e-07	2.06e-04	1.42e-02	2.07e-01	5.61e-01	1.81e-01	3.28e-02	3.05e-03	7.66e-04	1.76e-04	3.04e-06	0.00e+00
 4.51502e+22	1.39e-21	4.75e-10	3.92e-08	5.13e-07	2.41e-04	1.57e-02	2.19e-01	5.63e-01	1.69e-01	2.93e-02	2.62e-03	6.48e-04	1.42e-04	2.32e-06	0.00e+00
 4.53912e+22	1.80e-21	5.86e-10	4.73e-08	6.07e-07	2.73e-04	1.70e-02	2.28e-01	5.64e-01	1.61e-01	2.69e-02	2.32e-03	5.68e-04	1.20e-04	1.87e-06	0.00e+00
 4.56370e+22	2.50e-21	7.67e-10	6.04e-08	7.57e-07	3.20e-04	1.88e-02	2.40e-01	5.64e-01	1.50e-01	2.39e-02	1.98e-03	4.77e-04	9.59e-05	1.42e-06	0.00e+00
 4.58880e+22	3.26e-21	9.47e-10	7.31e-08	9.00e-07	3.63e-04	2.04e-02	2.49e-01	5.64e-01	1.42e-01	2.18e-02	1.75e-03	4.16e-04	8.04e-05	1.14e-06	0.00e+00
 4.61456e+22	4.59e-21	1.24e-09	9.37e-08	1.13e-06	4.27e-04	2.26e-02	2.62e-01	5.62e-01	1.32e-01	1.93e-02	1.49e-03	3.47e-04	6.38e-05	8.51e-07	0.00e+00
 4.64098e+22	6.04e-21	1.54e-09	1.14e-07	1.35e-06	4.86e-04	2.46e-02	2.72e-01	5.59e-01	1.24e-01	1.75e-02	1.30e-03	3.00e-04	5.30e-05	6.76e-07	0.00e+00
 4.66827e+22	8.60e-21	2.03e-09	1.47e-07	1.71e-06	5.75e-04	2.73e-02	2.86e-01	5.55e-01	1.14e-01	1.54e-02	1.10e-03	2.48e-04	4.15e-05	4.97e-07	0.00e+00
 4.69391e+22	1.09e-20	2.43e-09	1.74e-07	1.98e-06	6.40e-04	2.92e-02	2.95e-01	5.51e-01	1.09e-01	1.42e-02	9.82e-04	2.19e-04	3.56e-05	4.10e-07	0.00e+00
 4.71741e+22	1.46e-20	3.06e-09	2.15e-07	2.40e-06	7.36e-04	3.18e-02	3.06e-01	5.46e-01	1.01e-01	1.27e-02	8.48e-04	1.86e-04	2.89e-05	3.17e-07	0.00e+00
 4.74074e+22	1.83e-20	3.63e-09	2.52e-07	2.77e-06	8.16e-04	3.39e-02	3.15e-01	5.42e-01	9.59e-02	1.17e-02	7.61e-04	1.65e-04	2.48e-05	2.62e-07	0.00e+00
 4.76386e+22	2.44e-20	4.53e-09	3.10e-07	3.37e-06	9.36e-04	3.69e-02	3.27e-01	5.35e-01	8.90e-02	1.05e-02	6.56e-04	1.40e-04	2.02e-05	2.02e-07	0.00e+00
 4.78710e+22	3.06e-20	5.35e-09	3.62e-07	3.88e-06	1.04e-03	3.92e-02	3.35e-01	5.30e-01	8.43e-02	9.64e-03	5.89e-04	1.24e-04	1.73e-05	1.67e-07	0.00e+00
 4.81052e+22	4.08e-20	6.65e-09	4.45e-07	4.68e-06	1.18e-03	4.26e-02	3.47e-01	5.22e-01	7.83e-02	8.64e-03	5.09e-04	1.06e-04	1.41e-05	1.30e-07	0.00e+00
 4.83435e+22	5.14e-20	7.90e-09	5.21e-07	5.41e-06	1.31e-03	4.53e-02	3.55e-01	5.16e-01	7.39e-02	7.93e-03	4.55e-04	9.32e-05	1.21e-05	0.00e+00	0.00e+00
 4.85872e+22	6.91e-20	9.84e-09	6.42e-07	6.57e-06	1.50e-03	4.92e-02	3.67e-01	5.07e-01	6.82e-02	7.07e-03	3.91e-04	7.88e-05	9.77e-06	0.00e+00	0.00e+00
 4.88344e+22	8.76e-20	1.17e-08	7.54e-07	7.59e-06	1.67e-03	5.23e-02	3.76e-01	4.99e-01	6.43e-02	6.49e-03	3.49e-04	6.94e-05	8.33e-06	0.00e+00	0.00e+00
 4.90862e+22	1.18e-19	1.46e-08	9.32e-07	9.24e-06	1.92e-03	5.68e-02	3.87e-01	4.89e-01	5.91e-02	5.76e-03	2.98e-04	5.83e-05	6.69e-06	0.00e+00	0.00e+00
 4.93421e+22	1.51e-19	1.74e-08	1.10e-06	1.07e-05	2.13e-03	6.04e-02	3.96e-01	4.81e-01	5.54e-02	5.27e-03	2.65e-04	5.11e-05	5.67e-06	0.00e+00	0.00e+00
 4.96036e+22	2.06e-19	2.18e-08	1.36e-06	1.31e-05	2.45e-03	6.56e-02	4.07e-01	4.69e-01	5.07e-02	4.66e-03	2.26e-04	4.27e-05	4.53e-06	0.00e+00	0.00e+00
 4.98713e+22	2.66e-19	2.61e-08	1.61e-06	1.53e-05	2.73e-03	6.99e-02	4.16e-01	4.59e-01	4.73e-02	4.23e-03	1.99e-04	3.71e-05	3.80e-06	0.00e+00	0.00e+00
 5.01470e+22	3.69e-19	3.29e-08	2.01e-06	1.87e-05	3.14e-03	7.59e-02	4.27e-01	4.47e-01	4.31e-02	3.73e-03	1.68e-04	3.08e-05	3.01e-06	0.00e+00	0.00e+00
 5.04297e+22	4.84e-19	3.97e-08	2.40e-06	2.20e-05	3.52e-03	8.09e-02	4.36e-01	4.36e-01	3.99e-02	3.37e-03	1.47e-04	2.66e-05	2.50e-06	0.00e+00	0.00e+00
 5.07216e+22	6.83e-19	5.04e-08	3.02e-06	2.72e-05	4.07e-03	8.80e-02	4.47e-01	4.22e-01	3.61e-02	2.94e-03	1.23e-04	2.19e-05	1.96e-06	0.00e+00	0.00e+00
 5.10161e+22	9.06e-19	6.07e-08	3.60e-06	3.19e-05	4.54e-03	9.36e-02	4.55e-01	4.11e-01	3.34e-02	2.66e-03	1.08e-04	1.89e-05	1.63e-06	0.00e+00	0.00e+00
 5.13140e+22	1.29e-18	7.70e-08	4.53e-06	3.95e-05	5.26e-03	1.02e-01	4.65e-01	3.95e-01	3.00e-02	2.31e-03	8.99e-05	1.54e-05	1.26e-06	0.00e+00	0.00e+00
 5.16147e+22	1.73e-18	9.30e-08	5.40e-06	4.62e-05	5.86e-03	1.08e-01	4.72e-01	3.84e-01	2.78e-02	2.09e-03	7.86e-05	1.33e-05	1.05e-06	0.00e+00	0.00e+00
 5.19192e+22	2.50e-18	1.18e-07	6.79e-06	5.73e-05	6.79e-03	1.17e-01	4.81e-01	3.68e-01	2.48e-02	1.81e-03	6.52e-05	1.08e-05	8.11e-07	0.00e+00	0.00e+00
 5.22158e+22	3.32e-18	1.40e-07	8.00e-06	6.64e-05	7.51e-03	1.24e-01	4.87e-01	3.57e-01	2.30e-02	1.64e-03	5.73e-05	9.38e-06	6.79e-07	0.00e+00	0.00e+00
 5.25022e+22	4.70e-18	1.74e-07	9.85e-06	8.03e-05	8.54e-03	1.33e-01	4.94e-01	3.43e-01	2.07e-02	1.44e-03	4.83e-05	7.79e-06	5.38e-07	0.00e+00	0.00e+00
 5.28040e+22	6.56e-18	2.11e-07	1.18e-05	9.49e-05	9.57e-03	1.41e-01	4.99e-01	3.30e-01	1.89e-02	1.28e-03	4.16e-05	6.61e-06	4.38e-07	0.00e+00	0.00e+00
 5.30594e+22	8.64e-18	2.47e-07	1.37e-05	1.09e-04	1.05e-02	1.48e-01	5.03e-01	3.19e-01	1.75e-02	1.17e-03	3.67e-05	5.77e-06	3.70e-07	0.00e+00	0.00e+00
 5.33249e+22	1.21e-17	3.00e-07	1.65e-05	1.29e-04	1.17e-02	1.57e-01	5.08e-01	3.07e-01	1.59e-02	1.04e-03	3.14e-05	4.87e-06	2.99e-07	0.00e+00	0.00e+00
 5.35994e+22	1.68e-17	3.55e-07	1.94e-05	1.49e-04	1.30e-02	1.65e-01	5.11e-01	2.95e-01	1.46e-02	9.37e-04	2.75e-05	4.20e-06	2.49e-07	0.00e+00	0.00e+00
 5.38469e+22	2.29e-17	4.17e-07	2.26e-05	1.71e-04	1.42e-02	1.73e-01	5.13e-01	2.85e-01	1.35e-02	8.48e-04	2.41e-05	3.65e-06	2.08e-07	0.00e+00	0.00e+00
 5.41298e+22	3.42e-17	5.11e-07	2.74e-05	2.04e-04	1.60e-02	1.84e-01	5.16e-01	2.71e-01	1.21e-02	7.48e-04	2.04e-05	3.05e-06	1.66e-07	0.00e+00	0.00e+00
 5.44226e+22	5.51e-17	6.10e-07	3.24e-05	2.39e-04	1.77e-02	1.93e-01	5.17e-01	2.60e-01	1.10e-02	6.66e-04	1.76e-05	2.59e-06	1.36e-07	0.00e+00	0.00e+00
 5.46832e+22	7.63e-17	7.19e-07	3.79e-05	2.75e-04	1.94e-02	2.03e-01	5.18e-01	2.49e-01	1.01e-02	6.01e-04	1.53e-05	2.24e-06	0.00e+00	0.00e+00	0.00e+00
 5.49765e+22	1.24e-16	8.83e-07	4.60e-05	3.27e-04	2.17e-02	2.14e-01	5.18e-01	2.36e-01	9.02e-03	5.27e-04	1.29e-05	1.86e-06	0.00e+00	0.00e+00	0.00e+00
 5.52836e+22	2.29e-16	1.06e-06	5.48e-05	3.83e-04	2.41e-02	2.25e-01	5.18e-01	2.24e-01	8.13e-03	4.67e-04	1.10e-05	1.57e-06	0.00e+00	0.00e+00	0.00e+00
 5.55618e+22	3.67e-16	1.26e-06	6.45e-05	4.44e-04	2.65e-02	2.35e-01	5.16e-01	2.14e-01	7.37e-03	4.17e-04	9.47e-06	1.34e-06	0.00e+00	0.00e+00	0.00e+00
 5.58763e+22	6.60e-16	1.56e-06	7.90e-05	5.34e-04	2.98e-02	2.49e-01	5.14e-01	2.00e-01	6.51e-03	3.61e-04	7.84e-06	1.09e-06	0.00e+00	0.00e+00	0.00e+00
 5.62003e+22	1.36e-15	1.88e-06	9.42e-05	6.27e-04	3.31e-02	2.60e-01	5.10e-01	1.89e-01	5.82e-03	3.18e-04	6.63e-06	9.14e-07	0.00e+00	0.00e+00	0.00e+00
 5.64886e+22	2.09e-15	2.24e-06	1.11e-04	7.27e-04	3.63e-02	2.72e-01	5.07e-01	1.79e-01	5.24e-03	2.82e-04	5.66e-06	7.73e-07	0.00e+00	0.00e+00	0.00e+00
 5.68150e+22	3.45e-15	2.78e-06	1.36e-04	8.75e-04	4.08e-02	2.86e-01	5.01e-01	1.67e-01	4.59e-03	2.42e-04	4.64e-06	6.26e-07	0.00e+00	0.00e+00	0.00e+00
 5.71535e+22	5.67e-15	3.37e-06	1.63e-04	1.03e-03	4.53e-02	2.99e-01	4.95e-01	1.56e-01	4.06e-03	2.11e-04	3.88e-06	5.18e-07	0.00e+00	0.00e+00	0.00e+00
 5.74574e+22	7.92e-15	4.02e-06	1.93e-04	1.20e-03	4.97e-02	3.10e-01	4.88e-01	1.46e-01	3.62e-03	1.86e-04	3.28e-06	4.34e-07	0.00e+00	0.00e+00	0.00e+00
 5.78023e+22	1.22e-14	5.06e-06	2.39e-04	1.46e-03	5.60e-02	3.26e-01	4.79e-01	1.35e-01	3.12e-03	1.57e-04	2.63e-06	3.45e-07	0.00e+00	0.00e+00	0.00e+00
 5.81583e+22	1.76e-14	6.13e-06	2.87e-04	1.71e-03	6.19e-02	3.38e-01	4.70e-01	1.25e-01	2.74e-03	1.36e-04	2.18e-06	2.83e-07	0.00e+00	0.00e+00	0.00e+00
 5.84798e+22	2.40e-14	7.38e-06	3.41e-04	2.01e-03	6.80e-02	3.51e-01	4.60e-01	1.16e-01	2.41e-03	1.18e-04	1.81e-06	2.33e-07	0.00e+00	0.00e+00	0.00e+00
 5.88488e+22	3.62e-14	9.39e-06	4.27e-04	2.45e-03	7.68e-02	3.66e-01	4.47e-01	1.05e-01	2.04e-03	9.80e-05	1.42e-06	1.81e-07	0.00e+00	0.00e+00	0.00e+00
 5.92204e+22	4.92e-14	1.13e-05	5.09e-04	2.88e-03	8.44e-02	3.78e-01	4.35e-01	9.69e-02	1.77e-03	8.42e-05	1.17e-06	1.47e-07	0.00e+00	0.00e+00	0.00e+00
 5.95952e+22	7.16e-14	1.43e-05	6.33e-04	3.49e-03	9.45e-02	3.92e-01	4.20e-01	8.74e-02	1.50e-03	7.00e-05	9.19e-07	0.00e+00	0.00e+00	0.00e+00	0.00e+00
 5.99784e+22	9.87e-14	1.75e-05	7.61e-04	4.13e-03	1.04e-01	4.04e-01	4.06e-01	7.96e-02	1.29e-03	5.93e-05	7.42e-07	0.00e+00	0.00e+00	0.00e+00	0.00e+00
 6.03157e+22	1.32e-13	2.11e-05	9.04e-04	4.82e-03	1.14e-01	4.14e-01	3.93e-01	7.28e-02	1.11e-03	5.07e-05	6.06e-07	0.00e+00	0.00e+00	0.00e+00	0.00e+00
 6.06973e+22	1.91e-13	2.67e-05	1.12e-03	5.86e-03	1.27e-01	4.26e-01	3.74e-01	6.46e-02	9.23e-04	4.14e-05	4.66e-07	0.00e+00	0.00e+00	0.00e+00	0.00e+00
 6.10879e+22	2.56e-13	3.24e-05	1.34e-03	6.89e-03	1.39e-01	4.35e-01	3.59e-01	5.83e-02	7.86e-04	3.48e-05	3.73e-07	0.00e+00	0.00e+00	0.00e+00	0.00e+00
 6.14900e+22	3.75e-13	4.15e-05	1.68e-03	8.38e-03	1.54e-01	4.45e-01	3.39e-01	5.12e-02	6.44e-04	2.80e-05	2.83e-07	0.00e+00	0.00e+00	0.00e+00	0.00e+00
 6.18985e+22	5.07e-13	5.07e-05	2.01e-03	9.86e-03	1.68e-01	4.52e-01	3.22e-01	4.57e-02	5.42e-04	2.33e-05	2.23e-07	0.00e+00	0.00e+00	0.00e+00	0.00e+00
 6.22607e+22	6.85e-13	6.17e-05	2.40e-03	1.15e-02	1.83e-01	4.57e-01	3.05e-01	4.08e-02	4.58e-04	1.94e-05	1.77e-07	0.00e+00	0.00e+00	0.00e+00	0.00e+00
 6.26769e+22	1.01e-12	7.94e-05	3.00e-03	1.40e-02	2.02e-01	4.62e-01	2.83e-01	3.51e-02	3.67e-04	1.53e-05	1.31e-07	0.00e+00	0.00e+00	0.00e+00	0.00e+00
 6.30989e+22	1.38e-12	9.70e-05	3.58e-03	1.64e-02	2.19e-01	4.64e-01	2.66e-01	3.09e-02	3.06e-04	1.26e-05	0.00e+00	0.00e+00	0.00e+00	0.00e+00	0.00e+00
 6.34659e+22	1.85e-12	1.17e-04	4.23e-03	1.90e-02	2.35e-01	4.65e-01	2.49e-01	2.73e-02	2.55e-04	1.04e-05	0.00e+00	0.00e+00	0.00e+00	0.00e+00	0.00e+00
 6.38159e+22	2.47e-12	1.41e-04	4.94e-03	2.17e-02	2.51e-01	4.64e-01	2.34e-01	2.43e-02	2.17e-04	8.66e-06	0.00e+00	0.00e+00	0.00e+00	0.00e+00	0.00e+00
 6.41488e+22	3.24e-12	1.67e-04	5.73e-03	2.46e-02	2.66e-01	4.62e-01	2.20e-01	2.16e-02	1.83e-04	7.24e-06	0.00e+00	0.00e+00	0.00e+00	0.00e+00	0.00e+00
 6.45238e+22	4.64e-12	2.07e-04	6.91e-03	2.89e-02	2.86e-01	4.57e-01	2.02e-01	1.85e-02	1.48e-04	5.75e-06	0.00e+00	0.00e+00	0.00e+00	0.00e+00	0.00e+00
 6.48985e+22	6.16e-12	2.46e-04	7.99e-03	3.28e-02	3.03e-01	4.52e-01	1.87e-01	1.62e-02	1.24e-04	4.76e-06	0.00e+00	0.00e+00	0.00e+00	0.00e+00	0.00e+00
 6.52727e+22	8.93e-12	3.05e-04	9.57e-03	3.81e-02	3.23e-01	4.44e-01	1.71e-01	1.39e-02	1.00e-04	3.77e-06	0.00e+00	0.00e+00	0.00e+00	0.00e+00	0.00e+00
 6.56554e+22	1.24e-11	3.65e-04	1.11e-02	4.32e-02	3.40e-01	4.36e-01	1.57e-01	1.20e-02	8.28e-05	3.07e-06	0.00e+00	0.00e+00	0.00e+00	0.00e+00	0.00e+00
 6.59941e+22	1.71e-11	4.34e-04	1.28e-02	4.86e-02	3.56e-01	4.27e-01	1.45e-01	1.05e-02	6.90e-05	2.52e-06	0.00e+00	0.00e+00	0.00e+00	0.00e+00	0.00e+00
 6.63794e+22	2.63e-11	5.39e-04	1.53e-02	5.62e-02	3.77e-01	4.13e-01	1.29e-01	8.73e-03	5.44e-05	1.95e-06	0.00e+00	0.00e+00	0.00e+00	0.00e+00	0.00e+00
 6.67716e+22	3.88e-11	6.44e-04	1.77e-02	6.33e-02	3.93e-01	4.00e-01	1.17e-01	7.47e-03	4.44e-05	1.56e-06	0.00e+00	0.00e+00	0.00e+00	0.00e+00	0.00e+00
 6.71205e+22	5.71e-11	7.67e-04	2.03e-02	7.06e-02	4.08e-01	3.87e-01	1.06e-01	6.41e-03	3.65e-05	1.26e-06	0.00e+00	0.00e+00	0.00e+00	0.00e+00	0.00e+00
 6.74583e+22	8.96e-11	9.02e-04	2.31e-02	7.82e-02	4.21e-01	3.74e-01	9.67e-02	5.53e-03	3.02e-05	1.03e-06	0.00e+00	0.00e+00	0.00e+00	0.00e+00	0.00e+00
 6.77698e+22	1.27e-10	1.05e-03	2.60e-02	8.57e-02	4.33e-01	3.61e-01	8.82e-02	4.80e-03	2.53e-05	8.48e-07	0.00e+00	0.00e+00	0.00e+00	0.00e+00	0.00e+00
 6.81101e+22	2.44e-10	1.26e-03	3.00e-02	9.58e-02	4.47e-01	3.44e-01	7.83e-02	4.01e-03	2.02e-05	6.63e-07	0.00e+00	0.00e+00	0.00e+00	0.00e+00	0.00e+00
 6.84525e+22	3.78e-10	1.46e-03	3.36e-02	1.04e-01	4.56e-01	3.30e-01	7.10e-02	3.47e-03	1.69e-05	5.44e-07	0.00e+00	0.00e+00	0.00e+00	0.00e+00	0.00e+00
 6.87975e+22	8.09e-10	1.75e-03	3.86e-02	1.16e-01	4.67e-01	3.12e-01	6.25e-02	2.87e-03	1.34e-05	4.23e-07	0.00e+00	0.00e+00	0.00e+00	0.00e+00	0.00e+00
 6.91459e+22	1.76e-09	2.03e-03	4.32e-02	1.26e-01	4.74e-01	2.96e-01	5.59e-02	2.45e-03	1.10e-05	3.41e-07	0.00e+00	0.00e+00	0.00e+00	0.00e+00	0.00e+00
 6.94488e+22	4.45e-09	2.34e-03	4.79e-02	1.36e-01	4.80e-01	2.82e-01	5.02e-02	2.10e-03	9.11e-06	2.77e-07	0.00e+00	0.00e+00	0.00e+00	0.00e+00	0.00e+00
 6.97927e+22	7.65e-09	2.79e-03	5.46e-02	1.49e-01	4.86e-01	2.63e-01	4.36e-02	1.72e-03	7.16e-06	2.13e-07	0.00e+00	0.00e+00	0.00e+00	0.00e+00	0.00e+00
 7.01434e+22	1.18e-08	3.23e-03	6.07e-02	1.60e-01	4.89e-01	2.47e-01	3.86e-02	1.44e-03	5.82e-06	1.69e-07	0.00e+00	0.00e+00	0.00e+00	0.00e+00	0.00e+00
 7.04544e+22	1.74e-08	3.71e-03	6.72e-02	1.72e-01	4.90e-01	2.32e-01	3.42e-02	1.22e-03	4.76e-06	1.36e-07	0.00e+00	0.00e+00	0.00e+00	0.00e+00	0.00e+00
 7.08106e+22	2.67e-08	4.42e-03	7.61e-02	1.86e-01	4.90e-01	2.13e-01	2.91e-02	9.76e-04	3.66e-06	0.00e+00	0.00e+00	0.00e+00	0.00e+00	0.00e+00	0.00e+00
 7.11715e+22	3.59e-08	5.11e-03	8.40e-02	1.99e-01	4.88e-01	1.98e-01	2.53e-02	8.08e-04	2.93e-06	0.00e+00	0.00e+00	0.00e+00	0.00e+00	0.00e+00	0.00e+00
 7.14903e+22	4.72e-08	5.86e-03	9.25e-02	2.11e-01	4.85e-01	1.83e-01	2.21e-02	6.71e-04	2.36e-06	0.00e+00	0.00e+00	0.00e+00	0.00e+00	0.00e+00	0.00e+00
 7.18563e+22	6.46e-08	6.96e-03	1.04e-01	2.27e-01	4.78e-01	1.65e-01	1.84e-02	5.27e-04	1.79e-06	0.00e+00	0.00e+00	0.00e+00	0.00e+00	0.00e+00	0.00e+00
 7.22282e+22	8.23e-08	8.01e-03	1.14e-01	2.40e-01	4.71e-01	1.51e-01	1.58e-02	4.29e-04	1.41e-06	0.00e+00	0.00e+00	0.00e+00	0.00e+00	0.00e+00	0.00e+00
