#depth	Cl	Cl+	Cl+2	Cl+3	Cl+4	Cl+5	Cl+6	Cl+7	Cl+8	Cl+9	Cl+10	Cl+11	Cl+12	Cl+13	Cl+14	Cl+15	Cl+16	Cl+17
 4.62852e+21	0.00e+00	0.00e+00	0.00e+00	0.00e+00	0.00e+00	0.00e+00	0.00e+00	6.74e-23	1.39e-19	1.25e-16	5.24e-14	1.36e-11	2.02e-09	1.89e-07	1.94e-05	3.66e-03	1.01e-01	8.95e-01
 1.05529e+22	0.00e+00	0.00e+00	0.00e+00	0.00e+00	0.00e+00	0.00e+00	4.91e-25	2.40e-21	3.39e-18	2.09e-15	6.15e-13	1.10e-10	1.14e-08	7.47e-07	5.38e-05	7.13e-03	1.38e-01	8.55e-01
 1.27361e+22	0.00e+00	0.00e+00	0.00e+00	0.00e+00	0.00e+00	2.78e-27	7.18e-24	2.72e-20	2.97e-17	1.42e-14	3.24e-12	4.52e-10	3.66e-08	1.88e-06	1.07e-04	1.11e-02	1.69e-01	8.20e-01
 1.43333e+22	0.00e+00	0.00e+00	0.00e+00	0.00e+00	7.51e-30	2.83e-26	6.09e-23	1.88e-19	1.67e-16	6.52e-14	1.22e-11	1.39e-09	9.20e-08	3.91e-06	1.83e-04	1.57e-02	1.96e-01	7.88e-01
 1.52206e+22	0.00e+00	0.00e+00	0.00e+00	0.00e+00	1.40e-29	5.06e-26	1.04e-22	3.05e-19	2.57e-16	9.55e-14	1.69e-11	1.84e-09	1.16e-07	4.70e-06	2.09e-04	1.72e-02	2.04e-01	7.79e-01
 1.55280e+22	0.00e+00	0.00e+00	0.00e+00	0.00e+00	2.22e-29	7.73e-26	1.54e-22	4.33e-19	3.53e-16	1.26e-13	2.16e-11	2.25e-09	1.37e-07	5.36e-06	2.31e-04	1.83e-02	2.10e-01	7.72e-01
 1.58270e+22	0.00e+00	0.00e+00	0.00e+00	0.00e+00	4.00e-29	1.34e-25	2.55e-22	6.85e-19	5.31e-16	1.81e-13	2.95e-11	2.94e-09	1.71e-07	6.37e-06	2.62e-04	1.98e-02	2.17e-01	7.63e-01
 1.61114e+22	0.00e+00	0.00e+00	0.00e+00	0.00e+00	6.18e-29	2.00e-25	3.69e-22	9.59e-19	7.17e-16	2.36e-13	3.71e-11	3.57e-09	2.00e-07	7.24e-06	2.88e-04	2.10e-02	2.22e-01	7.56e-01
 1.63383e+22	0.00e+00	0.00e+00	0.00e+00	0.00e+00	8.93e-29	2.82e-25	5.07e-22	1.28e-18	9.24e-16	2.95e-13	4.50e-11	4.20e-09	2.29e-07	8.04e-06	3.11e-04	2.21e-02	2.27e-01	7.50e-01
 1.65945e+22	0.00e+00	0.00e+00	0.00e+00	0.00e+00	1.44e-28	4.40e-25	7.63e-22	1.85e-18	1.29e-15	3.95e-13	5.80e-11	5.21e-09	2.73e-07	9.25e-06	3.44e-04	2.35e-02	2.33e-01	7.43e-01
 1.68683e+22	0.00e+00	0.00e+00	0.00e+00	0.00e+00	2.26e-28	6.67e-25	1.12e-21	2.61e-18	1.75e-15	5.19e-13	7.35e-11	6.36e-09	3.22e-07	1.05e-05	3.78e-04	2.50e-02	2.39e-01	7.35e-01
 1.71231e+22	0.00e+00	0.00e+00	0.00e+00	0.00e+00	1.72e-28	4.93e-25	8.00e-22	3.69e-18	2.39e-15	6.81e-13	9.29e-11	7.76e-09	3.79e-07	1.20e-05	4.16e-04	2.65e-02	2.45e-01	7.28e-01
 1.73735e+22	0.00e+00	0.00e+00	0.00e+00	0.00e+00	2.68e-28	7.45e-25	1.17e-21	5.20e-18	3.24e-15	8.92e-13	1.17e-10	9.46e-09	4.46e-07	1.36e-05	4.57e-04	2.82e-02	2.51e-01	7.20e-01
 1.76144e+22	0.00e+00	0.00e+00	0.00e+00	0.00e+00	4.05e-28	1.09e-24	1.66e-21	7.14e-18	4.31e-15	1.15e-12	1.46e-10	1.14e-08	5.19e-07	1.53e-05	4.98e-04	2.97e-02	2.57e-01	7.13e-01
 1.78821e+22	0.00e+00	0.00e+00	0.00e+00	0.00e+00	6.59e-28	1.72e-24	2.53e-21	1.04e-17	6.03e-15	1.54e-12	1.89e-10	1.41e-08	6.19e-07	1.76e-05	5.51e-04	3.17e-02	2.64e-01	7.04e-01
 1.81650e+22	0.00e+00	0.00e+00	0.00e+00	0.00e+00	1.06e-27	2.67e-24	3.80e-21	1.51e-17	8.39e-15	2.06e-12	2.43e-10	1.75e-08	7.38e-07	2.02e-05	6.09e-04	3.38e-02	2.71e-01	6.95e-01
 1.84129e+22	0.00e+00	0.00e+00	0.00e+00	4.24e-31	1.62e-27	3.96e-24	5.45e-21	2.09e-17	1.12e-14	2.66e-12	3.03e-10	2.11e-08	8.61e-07	2.28e-05	6.66e-04	3.57e-02	2.77e-01	6.87e-01
 1.86803e+22	0.00e+00	0.00e+00	0.00e+00	7.20e-31	2.66e-27	6.28e-24	8.35e-21	3.07e-17	1.58e-14	3.60e-12	3.93e-10	2.63e-08	1.03e-06	2.63e-05	7.38e-04	3.81e-02	2.84e-01	6.78e-01
 1.89641e+22	0.00e+00	0.00e+00	0.00e+00	1.19e-30	4.26e-27	9.75e-24	1.25e-20	4.42e-17	2.19e-14	4.81e-12	5.05e-10	3.25e-08	1.23e-06	3.01e-05	8.14e-04	4.05e-02	2.90e-01	6.68e-01
 1.92069e+22	0.00e+00	0.00e+00	0.00e+00	1.85e-30	6.42e-27	1.42e-23	1.77e-20	6.06e-17	2.91e-14	6.17e-12	6.27e-10	3.90e-08	1.43e-06	3.39e-05	8.87e-04	4.27e-02	2.96e-01	6.60e-01
 1.94257e+22	0.00e+00	0.00e+00	0.00e+00	2.77e-30	9.37e-27	2.03e-23	2.45e-20	8.13e-17	3.78e-14	7.76e-12	7.65e-10	4.61e-08	1.63e-06	3.77e-05	9.58e-04	4.48e-02	3.02e-01	6.52e-01
 1.96755e+22	0.00e+00	0.00e+00	0.00e+00	4.47e-30	1.47e-26	3.07e-23	3.60e-20	1.15e-16	5.15e-14	1.02e-11	9.67e-10	5.62e-08	1.92e-06	4.28e-05	1.05e-03	4.74e-02	3.08e-01	6.43e-01
 1.99483e+22	0.00e+00	0.00e+00	0.00e+00	7.30e-30	2.32e-26	4.70e-23	5.33e-20	1.64e-16	7.07e-14	1.35e-11	1.23e-09	6.90e-08	2.27e-06	4.89e-05	1.16e-03	5.03e-02	3.15e-01	6.33e-01
 2.01998e+22	0.00e+00	0.00e+00	0.00e+00	1.15e-29	3.56e-26	7.00e-23	7.68e-20	2.28e-16	9.51e-14	1.75e-11	1.55e-09	8.35e-08	2.66e-06	5.52e-05	1.26e-03	5.30e-02	3.21e-01	6.24e-01
 2.04752e+22	0.00e+00	0.00e+00	0.00e+00	1.99e-29	5.91e-26	1.12e-22	1.19e-19	3.39e-16	1.35e-13	2.38e-11	2.02e-09	1.05e-07	3.19e-06	6.37e-05	1.40e-03	5.65e-02	3.29e-01	6.13e-01
 2.07495e+22	0.00e+00	0.00e+00	0.00e+00	3.20e-29	9.24e-26	1.70e-22	1.74e-19	4.78e-16	1.84e-13	3.13e-11	2.56e-09	1.28e-07	3.76e-06	7.24e-05	1.53e-03	5.98e-02	3.35e-01	6.03e-01
 2.09724e+22	0.00e+00	0.00e+00	0.00e+00	4.82e-29	1.35e-25	2.42e-22	2.41e-19	6.42e-16	2.39e-13	3.95e-11	3.12e-09	1.51e-07	4.32e-06	8.07e-05	1.66e-03	6.27e-02	3.41e-01	5.95e-01
 2.12123e+22	0.00e+00	0.00e+00	0.00e+00	7.69e-29	2.10e-25	3.64e-22	3.50e-19	9.02e-16	3.24e-13	5.15e-11	3.93e-09	1.84e-07	5.06e-06	9.13e-05	1.81e-03	6.61e-02	3.47e-01	5.85e-01
 2.14748e+22	0.00e+00	0.00e+00	0.00e+00	1.24e-28	3.27e-25	5.50e-22	5.12e-19	1.27e-15	4.40e-13	6.75e-11	4.97e-09	2.24e-07	5.95e-06	1.04e-04	1.98e-03	6.98e-02	3.54e-01	5.74e-01
 2.17202e+22	0.00e+00	0.00e+00	0.00e+00	1.11e-28	2.85e-25	4.66e-22	7.27e-19	1.75e-15	5.85e-13	8.68e-11	6.18e-09	2.69e-07	6.91e-06	1.16e-04	2.15e-03	7.34e-02	3.60e-01	5.65e-01
 2.19926e+22	0.00e+00	0.00e+00	0.00e+00	1.90e-28	4.71e-25	7.43e-22	1.11e-18	2.57e-15	8.27e-13	1.18e-10	8.03e-09	3.36e-07	8.28e-06	1.34e-04	2.38e-03	7.79e-02	3.67e-01	5.53e-01
 2.22646e+22	0.00e+00	0.00e+00	0.00e+00	3.05e-28	7.33e-25	1.12e-21	1.62e-18	3.62e-15	1.12e-12	1.54e-10	1.01e-08	4.09e-07	9.73e-06	1.52e-04	2.60e-03	8.22e-02	3.73e-01	5.42e-01
 2.24868e+22	0.00e+00	0.00e+00	0.00e+00	4.60e-28	1.07e-24	1.60e-21	2.25e-18	4.86e-15	1.46e-12	1.94e-10	1.24e-08	4.85e-07	1.12e-05	1.69e-04	2.81e-03	8.60e-02	3.78e-01	5.33e-01
 2.27265e+22	0.00e+00	0.00e+00	0.00e+00	7.38e-28	1.67e-24	2.41e-21	3.27e-18	6.84e-15	1.98e-12	2.54e-10	1.57e-08	5.90e-07	1.31e-05	1.91e-04	3.06e-03	9.06e-02	3.84e-01	5.22e-01
 2.29858e+22	0.00e+00	0.00e+00	0.00e+00	1.19e-27	2.60e-24	3.63e-21	4.76e-18	9.60e-15	2.69e-12	3.33e-10	1.98e-08	7.18e-07	1.54e-05	2.16e-04	3.34e-03	9.54e-02	3.90e-01	5.11e-01
 2.32241e+22	0.00e+00	0.00e+00	2.50e-31	1.82e-27	3.89e-24	5.26e-21	6.69e-18	1.31e-14	3.54e-12	4.24e-10	2.44e-08	8.58e-07	1.78e-05	2.42e-04	3.62e-03	1.00e-01	3.95e-01	5.01e-01
 2.34876e+22	0.00e+00	0.00e+00	4.38e-31	3.08e-27	6.36e-24	8.30e-21	1.01e-17	1.91e-14	4.97e-12	5.72e-10	3.16e-08	1.07e-06	2.13e-05	2.78e-04	3.99e-03	1.06e-01	4.02e-01	4.88e-01
 2.37499e+22	0.00e+00	0.00e+00	7.13e-31	4.88e-27	9.75e-24	1.23e-20	1.45e-17	2.65e-14	6.67e-12	7.42e-10	3.96e-08	1.29e-06	2.49e-05	3.13e-04	4.34e-03	1.11e-01	4.07e-01	4.77e-01
 2.39653e+22	0.00e+00	0.00e+00	1.09e-30	7.29e-27	1.42e-23	1.74e-20	1.99e-17	3.53e-14	8.63e-12	9.31e-10	4.82e-08	1.53e-06	2.85e-05	3.47e-04	4.66e-03	1.16e-01	4.11e-01	4.68e-01
 2.41998e+22	0.00e+00	0.00e+00	1.82e-30	1.18e-26	2.22e-23	2.64e-20	2.92e-17	5.00e-14	1.18e-11	1.22e-09	6.11e-08	1.86e-06	3.35e-05	3.93e-04	5.09e-03	1.22e-01	4.16e-01	4.56e-01
 2.44485e+22	0.00e+00	0.00e+00	2.90e-30	1.83e-26	3.34e-23	3.85e-20	4.11e-17	6.83e-14	1.56e-11	1.57e-09	7.57e-08	2.24e-06	3.89e-05	4.41e-04	5.51e-03	1.27e-01	4.21e-01	4.46e-01
 2.46796e+22	0.00e+00	0.00e+00	4.62e-30	2.83e-26	5.02e-23	5.60e-20	5.78e-17	9.32e-14	2.06e-11	2.01e-09	9.38e-08	2.68e-06	4.50e-05	4.93e-04	5.96e-03	1.33e-01	4.25e-01	4.35e-01
 2.49443e+22	0.00e+00	0.00e+00	8.18e-30	4.85e-26	8.28e-23	8.90e-20	8.80e-17	1.37e-13	2.91e-11	2.72e-09	1.22e-07	3.35e-06	5.40e-05	5.67e-04	6.56e-03	1.41e-01	4.30e-01	4.22e-01
 2.52053e+22	0.00e+00	0.00e+00	1.34e-29	7.71e-26	1.27e-22	1.32e-19	1.26e-16	1.90e-13	3.91e-11	3.54e-09	1.53e-07	4.06e-06	6.32e-05	6.39e-04	7.13e-03	1.47e-01	4.34e-01	4.10e-01
 2.54133e+22	0.00e+00	0.00e+00	2.05e-29	1.15e-25	1.85e-22	1.86e-19	1.72e-16	2.52e-13	5.04e-11	4.43e-09	1.86e-07	4.80e-06	7.24e-05	7.08e-04	7.66e-03	1.53e-01	4.38e-01	4.00e-01
 2.56355e+22	0.00e+00	0.00e+00	3.33e-29	1.81e-25	2.81e-22	2.75e-19	2.45e-16	3.48e-13	6.73e-11	5.73e-09	2.33e-07	5.79e-06	8.43e-05	7.95e-04	8.29e-03	1.60e-01	4.41e-01	3.89e-01
 2.58763e+22	0.00e+00	0.00e+00	5.44e-29	2.87e-25	4.30e-22	4.05e-19	3.48e-16	4.81e-13	9.01e-11	7.42e-09	2.92e-07	7.01e-06	9.85e-05	8.95e-04	8.99e-03	1.68e-01	4.44e-01	3.78e-01
 2.60964e+22	0.00e+00	0.00e+00	8.33e-29	4.29e-25	6.25e-22	5.72e-19	4.76e-16	6.41e-13	1.16e-10	9.30e-09	3.55e-07	8.27e-06	1.13e-04	9.91e-04	9.64e-03	1.74e-01	4.47e-01	3.68e-01
 2.63377e+22	0.00e+00	0.00e+00	1.45e-28	7.23e-25	1.01e-21	8.91e-19	7.10e-16	9.25e-13	1.62e-10	1.25e-08	4.58e-07	1.03e-05	1.34e-04	1.13e-03	1.06e-02	1.83e-01	4.50e-01	3.55e-01
 2.65751e+22	0.00e+00	0.00e+00	2.30e-28	1.11e-24	1.50e-21	1.28e-18	9.83e-16	1.25e-12	2.12e-10	1.59e-08	5.65e-07	1.23e-05	1.56e-04	1.26e-03	1.14e-02	1.90e-01	4.52e-01	3.45e-01
 2.67699e+22	0.00e+00	0.00e+00	3.37e-28	1.59e-24	2.10e-21	1.74e-18	1.30e-15	1.61e-12	2.67e-10	1.94e-08	6.73e-07	1.42e-05	1.75e-04	1.38e-03	1.21e-02	1.97e-01	4.54e-01	3.36e-01
 2.69855e+22	0.00e+00	0.00e+00	5.60e-28	2.55e-24	3.25e-21	2.59e-18	1.86e-15	2.24e-12	3.60e-10	2.54e-08	8.49e-07	1.74e-05	2.06e-04	1.56e-03	1.31e-02	2.05e-01	4.55e-01	3.24e-01
 2.72099e+22	0.00e+00	0.00e+00	8.76e-28	3.88e-24	4.78e-21	3.68e-18	2.55e-15	3.00e-12	4.69e-10	3.21e-08	1.04e-06	2.06e-05	2.37e-04	1.73e-03	1.41e-02	2.13e-01	4.57e-01	3.14e-01
 2.74127e+22	0.00e+00	0.00e+00	1.35e-27	5.80e-24	6.93e-21	5.17e-18	3.46e-15	3.97e-12	6.04e-10	4.02e-08	1.27e-06	2.44e-05	2.71e-04	1.92e-03	1.51e-02	2.21e-01	4.57e-01	3.05e-01
 2.76436e+22	0.00e+00	1.71e-31	2.37e-27	9.81e-24	1.12e-20	8.04e-18	5.13e-15	5.72e-12	8.41e-10	5.39e-08	1.64e-06	3.03e-05	3.24e-04	2.19e-03	1.65e-02	2.31e-01	4.58e-01	2.92e-01
 2.78752e+22	0.00e+00	2.74e-31	3.67e-27	1.48e-23	1.64e-20	1.14e-17	7.00e-15	7.62e-12	1.09e-09	6.79e-08	2.00e-06	3.60e-05	3.72e-04	2.43e-03	1.76e-02	2.39e-01	4.58e-01	2.82e-01
 2.80735e+22	0.00e+00	4.36e-31	5.67e-27	2.22e-23	2.38e-20	1.59e-17	9.46e-15	1.01e-11	1.40e-09	8.51e-08	2.43e-06	4.25e-05	4.26e-04	2.68e-03	1.88e-02	2.47e-01	4.58e-01	2.73e-01
 2.82653e+22	0.00e+00	6.68e-31	8.45e-27	3.22e-23	3.36e-20	2.18e-17	1.25e-14	1.31e-11	1.77e-09	1.05e-07	2.92e-06	4.96e-05	4.82e-04	2.94e-03	2.00e-02	2.55e-01	4.58e-01	2.64e-01
 2.84827e+22	0.00e+00	1.16e-30	1.42e-26	5.22e-23	5.23e-20	3.26e-17	1.79e-14	1.82e-11	2.40e-09	1.37e-07	3.69e-06	6.06e-05	5.67e-04	3.32e-03	2.17e-02	2.65e-01	4.56e-01	2.53e-01
 2.87051e+22	0.00e+00	1.89e-30	2.23e-26	7.96e-23	7.70e-20	4.63e-17	2.45e-14	2.44e-11	3.13e-09	1.74e-07	4.53e-06	7.21e-05	6.53e-04	3.68e-03	2.32e-02	2.74e-01	4.55e-01	2.44e-01
 2.88991e+22	0.00e+00	2.99e-30	3.42e-26	1.18e-22	1.11e-19	6.43e-17	3.29e-14	3.20e-11	4.00e-09	2.17e-07	5.49e-06	8.49e-05	7.45e-04	4.06e-03	2.47e-02	2.82e-01	4.54e-01	2.35e-01
 2.91163e+22	0.00e+00	5.31e-30	5.84e-26	1.95e-22	1.74e-19	9.70e-17	4.74e-14	4.50e-11	5.46e-09	2.86e-07	6.99e-06	1.04e-04	8.80e-04	4.59e-03	2.67e-02	2.93e-01	4.51e-01	2.24e-01
 2.93314e+22	0.00e+00	8.28e-30	8.84e-26	2.86e-22	2.49e-19	1.34e-16	6.31e-14	5.87e-11	6.95e-09	3.55e-07	8.44e-06	1.22e-04	1.00e-03	5.04e-03	2.84e-02	3.01e-01	4.49e-01	2.15e-01
 2.95438e+22	0.00e+00	1.46e-29	1.50e-25	4.67e-22	3.88e-19	2.00e-16	9.01e-14	8.18e-11	9.41e-09	4.66e-07	1.07e-05	1.50e-04	1.18e-03	5.67e-03	3.06e-02	3.12e-01	4.46e-01	2.05e-01
 2.97592e+22	0.00e+00	2.31e-29	2.30e-25	6.97e-22	5.61e-19	2.79e-16	1.21e-13	1.08e-10	1.21e-08	5.82e-07	1.30e-05	1.76e-04	1.34e-03	6.24e-03	3.25e-02	3.20e-01	4.42e-01	1.97e-01
 2.99470e+22	0.00e+00	3.63e-29	3.50e-25	1.03e-21	8.00e-19	3.85e-16	1.61e-13	1.40e-10	1.54e-08	7.23e-07	1.57e-05	2.07e-04	1.53e-03	6.86e-03	3.45e-02	3.29e-01	4.39e-01	1.89e-01
 3.01315e+22	0.00e+00	5.58e-29	5.24e-25	1.50e-21	1.13e-18	5.23e-16	2.11e-13	1.81e-10	1.94e-08	8.89e-07	1.88e-05	2.41e-04	1.73e-03	7.50e-03	3.65e-02	3.37e-01	4.35e-01	1.81e-01
 3.03434e+22	0.00e+00	9.69e-29	8.75e-25	2.41e-21	1.74e-18	7.75e-16	2.99e-13	2.51e-10	2.61e-08	1.16e-06	2.36e-05	2.93e-04	2.02e-03	8.39e-03	3.92e-02	3.47e-01	4.31e-01	1.72e-01
 3.05610e+22	0.00e+00	1.58e-28	1.38e-24	3.68e-21	2.55e-18	1.09e-15	4.05e-13	3.34e-10	3.39e-08	1.46e-06	2.90e-05	3.48e-04	2.32e-03	9.27e-03	4.17e-02	3.57e-01	4.26e-01	1.64e-01
 3.07466e+22	0.00e+00	2.45e-28	2.08e-24	5.36e-21	3.60e-18	1.49e-15	5.32e-13	4.31e-10	4.28e-08	1.80e-06	3.47e-05	4.06e-04	2.62e-03	1.01e-02	4.40e-02	3.65e-01	4.21e-01	1.57e-01
 3.09487e+22	0.00e+00	4.18e-28	3.41e-24	8.50e-21	5.48e-18	2.17e-15	7.41e-13	5.88e-10	5.70e-08	2.33e-06	4.33e-05	4.90e-04	3.04e-03	1.13e-02	4.70e-02	3.74e-01	4.15e-01	1.49e-01
 3.11592e+22	0.00e+00	6.77e-28	5.34e-24	1.29e-20	7.98e-18	3.04e-15	9.96e-13	7.78e-10	7.35e-08	2.93e-06	5.29e-05	5.80e-04	3.48e-03	1.24e-02	4.98e-02	3.83e-01	4.09e-01	1.41e-01
 3.13484e+22	0.00e+00	1.06e-27	8.08e-24	1.89e-20	1.13e-17	4.16e-15	1.31e-12	1.01e-09	9.33e-08	3.62e-06	6.36e-05	6.78e-04	3.94e-03	1.36e-02	5.25e-02	3.91e-01	4.04e-01	1.35e-01
 3.15622e+22	0.00e+00	1.91e-27	1.40e-23	3.14e-20	1.79e-17	6.27e-15	1.88e-12	1.42e-09	1.27e-07	4.79e-06	8.11e-05	8.33e-04	4.64e-03	1.52e-02	5.62e-02	4.01e-01	3.96e-01	1.26e-01
 3.17803e+22	0.00e+00	3.11e-27	2.20e-23	4.77e-20	2.62e-17	8.80e-15	2.52e-12	1.87e-09	1.65e-07	6.04e-06	9.91e-05	9.87e-04	5.31e-03	1.67e-02	5.95e-02	4.09e-01	3.89e-01	1.19e-01
 3.19629e+22	0.00e+00	4.75e-27	3.26e-23	6.85e-20	3.63e-17	1.18e-14	3.26e-12	2.39e-09	2.06e-07	7.37e-06	1.18e-04	1.14e-03	5.96e-03	1.82e-02	6.24e-02	4.16e-01	3.82e-01	1.14e-01
 3.21593e+22	0.00e+00	8.13e-27	5.37e-23	1.09e-19	5.51e-17	1.71e-14	4.50e-12	3.24e-09	2.73e-07	9.50e-06	1.47e-04	1.37e-03	6.90e-03	2.01e-02	6.62e-02	4.24e-01	3.74e-01	1.07e-01
 3.23597e+22	0.00e+00	1.29e-26	8.22e-23	1.61e-19	7.85e-17	2.34e-14	5.91e-12	4.21e-09	3.47e-07	1.18e-05	1.77e-04	1.61e-03	7.81e-03	2.19e-02	6.96e-02	4.31e-01	3.67e-01	1.01e-01
 3.25220e+22	0.00e+00	1.87e-26	1.16e-22	2.21e-19	1.05e-16	3.01e-14	7.37e-12	5.20e-09	4.22e-07	1.40e-05	2.06e-04	1.83e-03	8.63e-03	2.35e-02	7.24e-02	4.36e-01	3.60e-01	9.65e-02
 3.26899e+22	0.00e+00	2.98e-26	1.79e-22	3.29e-19	1.49e-16	4.14e-14	9.70e-12	6.76e-09	5.38e-07	1.75e-05	2.49e-04	2.14e-03	9.78e-03	2.56e-02	7.60e-02	4.43e-01	3.53e-01	9.10e-02
 3.28507e+22	0.00e+00	4.22e-26	2.47e-22	4.42e-19	1.95e-16	5.23e-14	1.19e-11	8.20e-09	6.43e-07	2.05e-05	2.86e-04	2.41e-03	1.07e-02	2.73e-02	7.87e-02	4.47e-01	3.46e-01	8.71e-02
 3.29804e+22	0.00e+00	5.94e-26	3.39e-22	5.90e-19	2.53e-16	6.57e-14	1.44e-11	9.92e-09	7.68e-07	2.41e-05	3.29e-04	2.71e-03	1.17e-02	2.91e-02	8.15e-02	4.51e-01	3.40e-01	8.33e-02
 3.31075e+22	0.00e+00	8.20e-26	4.57e-22	7.76e-19	3.23e-16	8.16e-14	1.74e-11	1.19e-08	9.07e-07	2.80e-05	3.74e-04	3.02e-03	1.28e-02	3.08e-02	8.41e-02	4.55e-01	3.34e-01	7.98e-02
 3.32317e+22	0.00e+00	1.11e-25	6.04e-22	1.00e-18	4.06e-16	1.00e-13	2.07e-11	1.41e-08	1.06e-06	3.22e-05	4.23e-04	3.34e-03	1.38e-02	3.25e-02	8.66e-02	4.58e-01	3.29e-01	7.66e-02
 3.33719e+22	0.00e+00	1.66e-25	8.77e-22	1.41e-18	5.51e-16	1.31e-13	2.60e-11	1.75e-08	1.30e-06	3.88e-05	4.96e-04	3.82e-03	1.54e-02	3.50e-02	9.00e-02	4.62e-01	3.21e-01	7.25e-02
 3.35115e+22	0.00e+00	2.28e-25	1.18e-21	1.85e-18	7.01e-16	1.61e-13	3.12e-11	2.09e-08	1.53e-06	4.49e-05	5.64e-04	4.25e-03	1.67e-02	3.70e-02	9.27e-02	4.65e-01	3.15e-01	6.94e-02
 3.36267e+22	0.00e+00	3.10e-25	1.56e-21	2.38e-18	8.80e-16	1.97e-13	3.69e-11	2.47e-08	1.79e-06	5.17e-05	6.36e-04	4.70e-03	1.81e-02	3.90e-02	9.53e-02	4.67e-01	3.09e-01	6.64e-02
 3.37341e+22	0.00e+00	4.10e-25	2.02e-21	3.02e-18	1.09e-15	2.36e-13	4.32e-11	2.88e-08	2.07e-06	5.88e-05	7.11e-04	5.16e-03	1.94e-02	4.09e-02	9.77e-02	4.69e-01	3.03e-01	6.38e-02
 3.38555e+22	0.00e+00	5.83e-25	2.79e-21	4.05e-18	1.41e-15	2.96e-13	5.24e-11	3.48e-08	2.47e-06	6.90e-05	8.16e-04	5.80e-03	2.12e-02	4.34e-02	1.01e-01	4.71e-01	2.96e-01	6.06e-02
 3.39816e+22	0.00e+00	7.91e-25	3.70e-21	5.24e-18	1.77e-15	3.62e-13	6.20e-11	4.10e-08	2.88e-06	7.94e-05	9.21e-04	6.40e-03	2.29e-02	4.57e-02	1.03e-01	4.73e-01	2.90e-01	5.80e-02
 3.40952e+22	0.00e+00	1.07e-24	4.88e-21	6.75e-18	2.22e-15	4.40e-13	7.32e-11	4.83e-08	3.36e-06	9.11e-05	1.04e-03	7.07e-03	2.47e-02	4.81e-02	1.06e-01	4.74e-01	2.84e-01	5.54e-02
 3.42073e+22	0.00e+00	1.44e-24	6.41e-21	8.64e-18	2.76e-15	5.32e-13	8.60e-11	5.66e-08	3.90e-06	1.04e-04	1.16e-03	7.78e-03	2.66e-02	5.04e-02	1.08e-01	4.75e-01	2.78e-01	5.29e-02
 3.43359e+22	0.00e+00	2.15e-24	9.27e-21	1.21e-17	3.71e-15	6.85e-13	1.06e-10	7.00e-08	4.76e-06	1.25e-04	1.36e-03	8.86e-03	2.94e-02	5.38e-02	1.12e-01	4.75e-01	2.69e-01	4.97e-02
 3.44562e+22	0.00e+00	2.82e-24	1.19e-20	1.51e-17	4.52e-15	8.13e-13	1.23e-10	8.08e-08	5.45e-06	1.41e-04	1.51e-03	9.67e-03	3.14e-02	5.62e-02	1.14e-01	4.76e-01	2.64e-01	4.76e-02
 3.45656e+22	0.00e+00	3.98e-24	1.63e-20	2.01e-17	5.81e-15	1.01e-12	1.47e-10	9.68e-08	6.46e-06	1.65e-04	1.73e-03	1.08e-02	3.41e-02	5.94e-02	1.17e-01	4.75e-01	2.56e-01	4.50e-02
 3.46767e+22	0.00e+00	5.29e-24	2.12e-20	2.54e-17	7.14e-15	1.20e-12	1.70e-10	1.12e-07	7.43e-06	1.87e-04	1.93e-03	1.18e-02	3.65e-02	6.21e-02	1.19e-01	4.75e-01	2.50e-01	4.30e-02
 3.47749e+22	0.00e+00	6.92e-24	2.71e-20	3.18e-17	8.69e-15	1.42e-12	1.96e-10	1.29e-07	8.49e-06	2.11e-04	2.13e-03	1.28e-02	3.90e-02	6.47e-02	1.22e-01	4.74e-01	2.44e-01	4.11e-02
 3.48874e+22	0.00e+00	1.01e-23	3.81e-20	4.32e-17	1.13e-14	1.78e-12	2.36e-10	1.56e-07	1.02e-05	2.49e-04	2.46e-03	1.44e-02	4.26e-02	6.84e-02	1.25e-01	4.73e-01	2.36e-01	3.85e-02
 3.49991e+22	0.00e+00	1.34e-23	4.95e-20	5.46e-17	1.39e-14	2.12e-12	2.72e-10	1.81e-07	1.17e-05	2.83e-04	2.74e-03	1.58e-02	4.55e-02	7.14e-02	1.27e-01	4.71e-01	2.30e-01	3.67e-02
 3.51096e+22	0.00e+00	1.94e-23	6.93e-20	7.38e-17	1.81e-14	2.64e-12	3.26e-10	2.18e-07	1.40e-05	3.33e-04	3.15e-03	1.77e-02	4.95e-02	7.53e-02	1.30e-01	4.68e-01	2.22e-01	3.43e-02
 3.52214e+22	0.00e+00	2.61e-23	9.08e-20	9.39e-17	2.23e-14	3.15e-12	3.76e-10	2.53e-07	1.61e-05	3.78e-04	3.51e-03	1.93e-02	5.30e-02	7.85e-02	1.32e-01	4.66e-01	2.15e-01	3.25e-02
 3.53348e+22	0.00e+00	3.88e-23	1.30e-19	1.29e-16	2.94e-14	3.97e-12	4.54e-10	3.08e-07	1.95e-05	4.50e-04	4.07e-03	2.18e-02	5.79e-02	8.29e-02	1.34e-01	4.62e-01	2.07e-01	3.02e-02
 3.54434e+22	0.00e+00	5.05e-23	1.66e-19	1.61e-16	3.54e-14	4.64e-12	5.15e-10	3.52e-07	2.21e-05	5.04e-04	4.49e-03	2.36e-02	6.14e-02	8.59e-02	1.36e-01	4.58e-01	2.01e-01	2.88e-02
 3.55459e+22	0.00e+00	7.33e-23	2.32e-19	2.16e-16	4.57e-14	5.73e-12	6.10e-10	4.22e-07	2.63e-05	5.92e-04	5.14e-03	2.63e-02	6.66e-02	9.03e-02	1.38e-01	4.53e-01	1.93e-01	2.68e-02
 3.56492e+22	0.00e+00	9.57e-23	2.96e-19	2.69e-16	5.51e-14	6.71e-12	6.93e-10	4.82e-07	2.99e-05	6.64e-04	5.66e-03	2.85e-02	7.05e-02	9.34e-02	1.40e-01	4.49e-01	1.87e-01	2.54e-02
 3.57535e+22	0.00e+00	1.42e-22	4.23e-19	3.67e-16	7.19e-14	8.33e-12	8.23e-10	5.81e-07	3.59e-05	7.84e-04	6.52e-03	3.19e-02	7.66e-02	9.81e-02	1.42e-01	4.43e-01	1.78e-01	2.34e-02
 3.58543e+22	0.00e+00	1.82e-22	5.30e-19	4.49e-16	8.55e-14	9.62e-12	9.24e-10	6.57e-07	4.03e-05	8.71e-04	7.13e-03	3.42e-02	8.07e-02	1.01e-01	1.43e-01	4.38e-01	1.72e-01	2.22e-02
 3.59505e+22	0.00e+00	2.66e-22	7.45e-19	6.05e-16	1.10e-13	1.18e-11	1.08e-09	7.83e-07	4.79e-05	1.02e-03	8.14e-03	3.81e-02	8.71e-02	1.06e-01	1.44e-01	4.31e-01	1.64e-01	2.05e-02
 3.60465e+22	0.00e+00	3.42e-22	9.37e-19	7.41e-16	1.31e-13	1.36e-11	1.21e-09	8.84e-07	5.38e-05	1.13e-03	8.90e-03	4.09e-02	9.16e-02	1.09e-01	1.45e-01	4.25e-01	1.59e-01	1.94e-02
 3.61423e+22	0.00e+00	5.02e-22	1.32e-18	9.99e-16	1.68e-13	1.66e-11	1.42e-09	1.05e-06	6.39e-05	1.33e-03	1.02e-02	4.53e-02	9.87e-02	1.13e-01	1.46e-01	4.17e-01	1.50e-01	1.78e-02
 3.62388e+22	0.00e+00	6.59e-22	1.69e-18	1.24e-15	2.02e-13	1.93e-11	1.59e-09	1.20e-06	7.22e-05	1.48e-03	1.11e-02	4.88e-02	1.04e-01	1.17e-01	1.47e-01	4.10e-01	1.45e-01	1.68e-02
 3.63360e+22	0.00e+00	9.71e-22	2.39e-18	1.67e-15	2.59e-13	2.36e-11	1.86e-09	1.42e-06	8.57e-05	1.73e-03	1.27e-02	5.40e-02	1.12e-01	1.21e-01	1.47e-01	4.00e-01	1.36e-01	1.53e-02
 3.64349e+22	0.00e+00	1.29e-21	3.09e-18	2.10e-15	3.13e-13	2.74e-11	2.09e-09	1.62e-06	9.72e-05	1.94e-03	1.40e-02	5.82e-02	1.18e-01	1.24e-01	1.47e-01	3.92e-01	1.30e-01	1.43e-02
 3.65358e+22	0.00e+00	1.91e-21	4.39e-18	2.84e-15	4.04e-13	3.36e-11	2.44e-09	1.93e-06	1.15e-04	2.27e-03	1.59e-02	6.42e-02	1.26e-01	1.29e-01	1.47e-01	3.80e-01	1.22e-01	1.30e-02
 3.66357e+22	0.00e+00	2.56e-21	5.70e-18	3.56e-15	4.88e-13	3.90e-11	2.74e-09	2.20e-06	1.31e-04	2.54e-03	1.75e-02	6.91e-02	1.32e-01	1.32e-01	1.47e-01	3.71e-01	1.17e-01	1.20e-02
 3.67344e+22	0.00e+00	3.77e-21	8.06e-18	4.80e-15	6.25e-13	4.74e-11	3.17e-09	2.60e-06	1.54e-04	2.95e-03	1.97e-02	7.58e-02	1.41e-01	1.36e-01	1.46e-01	3.59e-01	1.09e-01	1.09e-02
 3.68350e+22	0.00e+00	5.13e-21	1.06e-17	6.08e-15	7.62e-13	5.54e-11	3.57e-09	2.96e-06	1.75e-04	3.32e-03	2.17e-02	8.15e-02	1.48e-01	1.39e-01	1.45e-01	3.49e-01	1.03e-01	1.00e-02
 3.69379e+22	0.00e+00	7.68e-21	1.52e-17	8.29e-15	9.84e-13	6.76e-11	4.15e-09	3.51e-06	2.07e-04	3.86e-03	2.46e-02	8.94e-02	1.57e-01	1.42e-01	1.44e-01	3.35e-01	9.53e-02	8.95e-03
 3.70415e+22	0.00e+00	1.05e-20	2.01e-17	1.05e-14	1.20e-12	7.89e-11	4.66e-09	4.00e-06	2.35e-04	4.33e-03	2.70e-02	9.59e-02	1.64e-01	1.45e-01	1.42e-01	3.23e-01	8.96e-02	8.19e-03
 3.71460e+22	0.00e+00	1.58e-20	2.90e-17	1.44e-14	1.55e-12	9.64e-11	5.40e-09	4.73e-06	2.77e-04	5.02e-03	3.05e-02	1.05e-01	1.74e-01	1.48e-01	1.40e-01	3.09e-01	8.23e-02	7.26e-03
 3.72512e+22	0.00e+00	2.17e-20	3.83e-17	1.83e-14	1.89e-12	1.12e-10	6.06e-09	5.37e-06	3.13e-04	5.61e-03	3.33e-02	1.12e-01	1.81e-01	1.50e-01	1.38e-01	2.97e-01	7.70e-02	6.60e-03
 3.73424e+22	0.00e+00	2.95e-20	5.04e-17	2.31e-14	2.29e-12	1.31e-10	6.77e-09	6.07e-06	3.52e-04	6.25e-03	3.64e-02	1.19e-01	1.88e-01	1.51e-01	1.35e-01	2.85e-01	7.19e-02	6.00e-03
 3.74459e+22	0.00e+00	4.42e-20	7.22e-17	3.14e-14	2.94e-12	1.58e-10	7.81e-09	7.09e-06	4.10e-04	7.17e-03	4.06e-02	1.29e-01	1.97e-01	1.53e-01	1.32e-01	2.70e-01	6.56e-02	5.27e-03
 3.75484e+22	0.00e+00	5.88e-20	9.30e-17	3.90e-14	3.52e-12	1.82e-10	8.67e-09	7.93e-06	4.56e-04	7.89e-03	4.38e-02	1.36e-01	2.03e-01	1.54e-01	1.30e-01	2.59e-01	6.13e-02	4.80e-03
 3.76495e+22	0.00e+00	8.56e-20	1.30e-16	5.18e-14	4.45e-12	2.18e-10	9.93e-09	9.13e-06	5.23e-04	8.92e-03	4.83e-02	1.45e-01	2.11e-01	1.55e-01	1.26e-01	2.45e-01	5.60e-02	4.23e-03
 3.77536e+22	0.00e+00	1.16e-19	1.71e-16	6.53e-14	5.39e-12	2.53e-10	1.11e-08	1.02e-05	5.83e-04	9.84e-03	5.22e-02	1.53e-01	2.17e-01	1.55e-01	1.23e-01	2.33e-01	5.18e-02	3.81e-03
 3.78616e+22	0.00e+00	1.72e-19	2.41e-16	8.77e-14	6.87e-12	3.06e-10	1.28e-08	1.18e-05	6.68e-04	1.11e-02	5.75e-02	1.63e-01	2.24e-01	1.55e-01	1.19e-01	2.19e-01	4.68e-02	3.32e-03
 3.79716e+22	0.00e+00	2.34e-19	3.17e-16	1.11e-13	8.34e-12	3.55e-10	1.43e-08	1.32e-05	7.43e-04	1.22e-02	6.19e-02	1.71e-01	2.30e-01	1.55e-01	1.15e-01	2.08e-01	4.31e-02	2.97e-03
 3.80842e+22	0.00e+00	3.47e-19	4.51e-16	1.49e-13	1.07e-11	4.30e-10	1.65e-08	1.51e-05	8.48e-04	1.37e-02	6.78e-02	1.82e-01	2.36e-01	1.54e-01	1.11e-01	1.93e-01	3.87e-02	2.57e-03
 3.81991e+22	3.35e-32	4.71e-19	5.92e-16	1.89e-13	1.29e-11	5.00e-10	1.85e-08	1.69e-05	9.38e-04	1.50e-02	7.27e-02	1.90e-01	2.41e-01	1.53e-01	1.07e-01	1.83e-01	3.55e-02	2.29e-03
 3.83170e+22	5.18e-32	6.98e-19	8.40e-16	2.54e-13	1.66e-11	6.08e-10	2.14e-08	1.93e-05	1.06e-03	1.68e-02	7.92e-02	2.00e-01	2.46e-01	1.51e-01	1.02e-01	1.69e-01	3.16e-02	1.96e-03
 3.84369e+22	7.25e-32	9.47e-19	1.10e-15	3.21e-13	2.01e-11	7.07e-10	2.40e-08	2.14e-05	1.17e-03	1.83e-02	8.45e-02	2.08e-01	2.50e-01	1.49e-01	9.86e-02	1.59e-01	2.89e-02	1.74e-03
 3.85593e+22	1.12e-31	1.40e-18	1.56e-15	4.32e-13	2.58e-11	8.60e-10	2.78e-08	2.44e-05	1.32e-03	2.04e-02	9.17e-02	2.18e-01	2.54e-01	1.47e-01	9.37e-02	1.47e-01	2.56e-02	1.49e-03
 3.86825e+22	1.55e-31	1.88e-18	2.04e-15	5.41e-13	3.11e-11	9.98e-10	3.12e-08	2.70e-05	1.45e-03	2.21e-02	9.72e-02	2.26e-01	2.57e-01	1.45e-01	9.00e-02	1.38e-01	2.33e-02	1.32e-03
 3.88067e+22	2.37e-31	2.76e-18	2.87e-15	7.25e-13	3.97e-11	1.21e-09	3.61e-08	3.05e-05	1.62e-03	2.44e-02	1.05e-01	2.35e-01	2.59e-01	1.41e-01	8.51e-02	1.26e-01	2.06e-02	1.12e-03
 3.89331e+22	3.25e-31	3.68e-18	3.70e-15	9.04e-13	4.77e-11	1.40e-09	4.05e-08	3.36e-05	1.77e-03	2.62e-02	1.11e-01	2.42e-01	2.61e-01	1.39e-01	8.16e-02	1.18e-01	1.87e-02	9.88e-04
 3.90443e+22	4.45e-31	4.88e-18	4.77e-15	1.12e-12	5.73e-11	1.62e-09	4.52e-08	3.68e-05	1.92e-03	2.82e-02	1.17e-01	2.49e-01	2.62e-01	1.36e-01	7.80e-02	1.11e-01	1.70e-02	8.73e-04
 3.91537e+22	6.04e-31	6.42e-18	6.10e-15	1.39e-12	6.84e-11	1.87e-09	5.05e-08	4.03e-05	2.08e-03	3.02e-02	1.22e-01	2.55e-01	2.63e-01	1.33e-01	7.47e-02	1.04e-01	1.55e-02	7.72e-04
 3.92793e+22	9.00e-31	9.19e-18	8.40e-15	1.82e-12	8.61e-11	2.24e-09	5.81e-08	4.51e-05	2.30e-03	3.29e-02	1.30e-01	2.63e-01	2.63e-01	1.29e-01	7.03e-02	9.49e-02	1.37e-02	6.56e-04
 3.94050e+22	1.20e-30	1.19e-17	1.06e-14	2.23e-12	1.02e-10	2.57e-09	6.46e-08	4.91e-05	2.48e-03	3.50e-02	1.36e-01	2.68e-01	2.63e-01	1.26e-01	6.73e-02	8.88e-02	1.25e-02	5.83e-04
 3.95308e+22	1.76e-30	1.67e-17	1.44e-14	2.90e-12	1.27e-10	3.07e-09	7.42e-08	5.47e-05	2.72e-03	3.79e-02	1.44e-01	2.75e-01	2.62e-01	1.22e-01	6.33e-02	8.13e-02	1.10e-02	4.96e-04
 3.96549e+22	2.31e-30	2.13e-17	1.78e-14	3.49e-12	1.49e-10	3.49e-09	8.20e-08	5.92e-05	2.91e-03	4.01e-02	1.50e-01	2.80e-01	2.61e-01	1.19e-01	6.05e-02	7.62e-02	1.00e-02	4.42e-04
 3.97767e+22	3.31e-30	2.94e-17	2.38e-14	4.48e-12	1.84e-10	4.13e-09	9.35e-08	6.55e-05	3.18e-03	4.32e-02	1.58e-01	2.86e-01	2.59e-01	1.15e-01	5.69e-02	6.98e-02	8.88e-03	3.78e-04
 3.99005e+22	4.33e-30	3.73e-17	2.95e-14	5.39e-12	2.15e-10	4.70e-09	1.03e-07	7.08e-05	3.40e-03	4.56e-02	1.64e-01	2.90e-01	2.58e-01	1.12e-01	5.43e-02	6.53e-02	8.10e-03	3.36e-04
 4.00266e+22	6.21e-30	5.13e-17	3.93e-14	6.90e-12	2.65e-10	5.56e-09	1.18e-07	7.83e-05	3.70e-03	4.89e-02	1.72e-01	2.95e-01	2.55e-01	1.07e-01	5.09e-02	5.96e-02	7.14e-03	2.86e-04
 4.01552e+22	8.17e-30	6.54e-17	4.89e-14	8.33e-12	3.11e-10	6.34e-09	1.31e-07	8.47e-05	3.95e-03	5.16e-02	1.78e-01	2.99e-01	2.53e-01	1.04e-01	4.84e-02	5.55e-02	6.48e-03	2.53e-04
 4.02869e+22	1.18e-29	9.02e-17	6.52e-14	1.07e-11	3.84e-10	7.53e-09	1.50e-07	9.38e-05	4.30e-03	5.52e-02	1.86e-01	3.03e-01	2.50e-01	9.97e-02	4.52e-02	5.05e-02	5.69e-03	2.15e-04
 4.04210e+22	1.55e-29	1.15e-16	8.12e-14	1.29e-11	4.52e-10	8.60e-09	1.66e-07	1.02e-04	4.59e-03	5.82e-02	1.93e-01	3.06e-01	2.47e-01	9.64e-02	4.29e-02	4.69e-02	5.14e-03	1.89e-04
 4.05580e+22	3.33e-30	1.59e-16	1.08e-13	1.66e-11	5.60e-10	1.02e-08	1.91e-07	1.13e-04	5.00e-03	6.22e-02	2.01e-01	3.10e-01	2.43e-01	9.20e-02	3.99e-02	4.25e-02	4.49e-03	1.59e-04
 4.06977e+22	4.36e-30	2.02e-16	1.35e-13	2.01e-11	6.60e-10	1.17e-08	2.12e-07	1.22e-04	5.33e-03	6.55e-02	2.08e-01	3.12e-01	2.39e-01	8.87e-02	3.77e-02	3.93e-02	4.05e-03	1.40e-04
 4.08406e+22	6.22e-30	2.80e-16	1.81e-13	2.59e-11	8.18e-10	1.40e-08	2.44e-07	1.35e-04	5.80e-03	6.99e-02	2.17e-01	3.15e-01	2.34e-01	8.43e-02	3.50e-02	3.54e-02	3.52e-03	1.17e-04
 4.09804e+22	7.90e-30	3.47e-16	2.20e-13	3.08e-11	9.48e-10	1.58e-08	2.69e-07	1.46e-04	6.15e-03	7.31e-02	2.22e-01	3.16e-01	2.31e-01	8.13e-02	3.32e-02	3.30e-02	3.20e-03	1.04e-04
 4.11159e+22	1.11e-29	4.71e-16	2.89e-13	3.90e-11	1.16e-09	1.86e-08	3.07e-07	1.60e-04	6.65e-03	7.76e-02	2.31e-01	3.18e-01	2.26e-01	7.73e-02	3.08e-02	2.98e-02	2.79e-03	8.75e-05
 4.12535e+22	1.41e-29	5.85e-16	3.52e-13	4.63e-11	1.35e-09	2.11e-08	3.39e-07	1.73e-04	7.05e-03	8.11e-02	2.37e-01	3.19e-01	2.22e-01	7.44e-02	2.91e-02	2.77e-02	2.53e-03	7.74e-05
 4.13938e+22	1.95e-29	7.85e-16	4.60e-13	5.84e-11	1.64e-09	2.49e-08	3.87e-07	1.90e-04	7.61e-03	8.59e-02	2.45e-01	3.20e-01	2.16e-01	7.06e-02	2.70e-02	2.50e-02	2.21e-03	6.53e-05
 4.15384e+22	2.54e-29	9.96e-16	5.71e-13	7.05e-11	1.93e-09	2.84e-08	4.30e-07	2.06e-04	8.10e-03	8.99e-02	2.52e-01	3.20e-01	2.12e-01	6.76e-02	2.54e-02	2.30e-02	1.97e-03	5.69e-05
 4.16887e+22	3.53e-29	1.34e-15	7.46e-13	8.92e-11	2.37e-09	3.36e-08	4.92e-07	2.28e-04	8.75e-03	9.52e-02	2.60e-01	3.20e-01	2.06e-01	6.39e-02	2.34e-02	2.07e-02	1.72e-03	4.78e-05
 4.18438e+22	4.66e-29	1.72e-15	9.36e-13	1.09e-10	2.81e-09	3.87e-08	5.52e-07	2.48e-04	9.33e-03	9.98e-02	2.67e-01	3.20e-01	2.01e-01	6.08e-02	2.19e-02	1.89e-02	1.52e-03	4.11e-05
 4.20053e+22	6.57e-29	2.34e-15	1.24e-12	1.39e-10	3.47e-09	4.62e-08	6.35e-07	2.75e-04	1.01e-02	1.06e-01	2.75e-01	3.19e-01	1.95e-01	5.71e-02	2.01e-02	1.69e-02	1.31e-03	3.42e-05
 4.21711e+22	8.77e-29	3.03e-15	1.56e-12	1.70e-10	4.14e-09	5.35e-08	7.15e-07	3.00e-04	1.08e-02	1.11e-01	2.82e-01	3.18e-01	1.89e-01	5.41e-02	1.87e-02	1.54e-02	1.16e-03	2.92e-05
 4.23426e+22	1.25e-28	4.15e-15	2.08e-12	2.19e-10	5.15e-09	6.42e-08	8.28e-07	3.35e-04	1.17e-02	1.17e-01	2.90e-01	3.16e-01	1.82e-01	5.06e-02	1.70e-02	1.36e-02	9.87e-04	2.40e-05
 4.25196e+22	1.69e-28	5.42e-15	2.66e-12	2.72e-10	6.19e-09	7.49e-08	9.38e-07	3.67e-04	1.26e-02	1.23e-01	2.97e-01	3.14e-01	1.76e-01	4.77e-02	1.57e-02	1.23e-02	8.62e-04	2.03e-05
 4.27038e+22	2.45e-28	7.53e-15	3.58e-12	3.54e-10	7.78e-09	9.06e-08	1.09e-06	4.11e-04	1.37e-02	1.30e-01	3.05e-01	3.11e-01	1.69e-01	4.42e-02	1.42e-02	1.08e-02	7.28e-04	1.65e-05
 4.28935e+22	3.35e-28	9.94e-15	4.61e-12	4.42e-10	9.43e-09	1.06e-07	1.25e-06	4.53e-04	1.47e-02	1.37e-01	3.12e-01	3.08e-01	1.63e-01	4.15e-02	1.31e-02	9.67e-03	6.30e-04	1.38e-05
 4.30645e+22	4.51e-28	1.29e-14	5.86e-12	5.46e-10	1.13e-08	1.24e-07	1.41e-06	4.97e-04	1.57e-02	1.43e-01	3.19e-01	3.05e-01	1.57e-01	3.89e-02	1.20e-02	8.70e-03	5.49e-04	1.17e-05
 4.32610e+22	6.73e-28	1.84e-14	8.09e-12	7.24e-10	1.45e-08	1.52e-07	1.66e-06	5.60e-04	1.72e-02	1.52e-01	3.27e-01	3.00e-01	1.49e-01	3.57e-02	1.07e-02	7.52e-03	4.54e-04	9.24e-06
 4.34586e+22	9.04e-28	2.39e-14	1.03e-11	8.93e-10	1.73e-08	1.77e-07	1.88e-06	6.14e-04	1.84e-02	1.59e-01	3.33e-01	2.96e-01	1.43e-01	3.34e-02	9.85e-03	6.75e-03	3.95e-04	7.78e-06
 4.36577e+22	1.34e-27	3.37e-14	1.40e-11	1.18e-09	2.20e-08	2.16e-07	2.21e-06	6.91e-04	2.00e-02	1.68e-01	3.40e-01	2.90e-01	1.36e-01	3.06e-02	8.78e-03	5.83e-03	3.26e-04	6.16e-06
 4.38611e+22	1.84e-27	4.46e-14	1.81e-11	1.47e-09	2.67e-08	2.54e-07	2.52e-06	7.61e-04	2.14e-02	1.75e-01	3.46e-01	2.86e-01	1.30e-01	2.84e-02	7.99e-03	5.17e-03	2.80e-04	5.10e-06
 4.40700e+22	2.73e-27	6.33e-14	2.49e-11	1.95e-09	3.41e-08	3.12e-07	2.97e-06	8.58e-04	2.34e-02	1.85e-01	3.52e-01	2.79e-01	1.22e-01	2.58e-02	7.08e-03	4.43e-03	2.29e-04	4.00e-06
 4.42832e+22	3.81e-27	8.49e-14	3.25e-11	2.46e-09	4.18e-08	3.70e-07	3.41e-06	9.48e-04	2.51e-02	1.93e-01	3.57e-01	2.73e-01	1.16e-01	2.38e-02	6.39e-03	3.89e-03	1.94e-04	3.26e-06
 4.44731e+22	5.25e-27	1.13e-13	4.22e-11	3.10e-09	5.10e-08	4.36e-07	3.90e-06	1.04e-03	2.68e-02	2.01e-01	3.62e-01	2.67e-01	1.10e-01	2.20e-02	5.77e-03	3.42e-03	1.64e-04	2.67e-06
 4.46911e+22	7.97e-27	1.64e-13	5.91e-11	4.17e-09	6.59e-08	5.41e-07	4.64e-06	1.18e-03	2.93e-02	2.12e-01	3.68e-01	2.59e-01	1.03e-01	1.97e-02	5.04e-03	2.88e-03	1.32e-04	2.04e-06
 4.48979e+22	1.05e-26	2.09e-13	7.37e-11	5.06e-09	7.80e-08	6.23e-07	5.20e-06	1.29e-03	3.11e-02	2.20e-01	3.71e-01	2.53e-01	9.80e-02	1.83e-02	4.61e-03	2.57e-03	1.14e-04	1.71e-06
 4.50900e+22	1.52e-26	2.92e-13	9.98e-11	6.59e-09	9.82e-08	7.56e-07	6.08e-06	1.44e-03	3.35e-02	2.30e-01	3.75e-01	2.45e-01	9.17e-02	1.65e-02	4.07e-03	2.20e-03	9.31e-05	1.33e-06
 4.52824e+22	1.99e-26	3.72e-13	1.25e-10	8.02e-09	1.16e-07	8.72e-07	6.83e-06	1.56e-03	3.55e-02	2.38e-01	3.78e-01	2.39e-01	8.71e-02	1.53e-02	3.70e-03	1.95e-03	8.02e-05	1.11e-06
 4.54751e+22	2.84e-26	5.14e-13	1.67e-10	1.04e-08	1.46e-07	1.05e-06	7.95e-06	1.74e-03	3.82e-02	2.48e-01	3.81e-01	2.31e-01	8.13e-02	1.38e-02	3.27e-03	1.67e-03	6.55e-05	8.70e-07
 4.56723e+22	3.80e-26	6.69e-13	2.12e-10	1.28e-08	1.75e-07	1.23e-06	9.01e-06	1.90e-03	4.06e-02	2.57e-01	3.83e-01	2.24e-01	7.67e-02	1.27e-02	2.94e-03	1.46e-03	5.54e-05	7.10e-07
 4.58756e+22	5.52e-26	9.44e-13	2.90e-10	1.68e-08	2.22e-07	1.50e-06	1.06e-05	2.14e-03	4.39e-02	2.68e-01	3.85e-01	2.15e-01	7.09e-02	1.13e-02	2.56e-03	1.22e-03	4.42e-05	5.41e-07
 4.60799e+22	7.33e-26	1.22e-12	3.67e-10	2.07e-08	2.66e-07	1.75e-06	1.20e-05	2.33e-03	4.66e-02	2.77e-01	3.86e-01	2.08e-01	6.66e-02	1.03e-02	2.30e-03	1.07e-03	3.73e-05	4.40e-07
 4.62855e+22	1.06e-25	1.72e-12	5.00e-10	2.71e-08	3.38e-07	2.14e-06	1.42e-05	2.62e-03	5.03e-02	2.88e-01	3.87e-01	1.99e-01	6.12e-02	9.14e-03	1.99e-03	8.92e-04	2.96e-05	3.32e-07
 4.64952e+22	1.42e-25	2.26e-12	6.40e-10	3.37e-08	4.09e-07	2.52e-06	1.62e-05	2.88e-03	5.35e-02	2.98e-01	3.87e-01	1.91e-01	5.71e-02	8.28e-03	1.77e-03	7.69e-04	2.45e-05	2.65e-07
 4.67100e+22	2.04e-25	3.21e-12	8.80e-10	4.46e-08	5.25e-07	3.11e-06	1.93e-05	3.25e-03	5.79e-02	3.10e-01	3.86e-01	1.81e-01	5.20e-02	7.24e-03	1.51e-03	6.32e-04	1.91e-05	1.96e-07
 4.69291e+22	2.75e-25	4.24e-12	1.13e-09	5.58e-08	6.41e-07	3.68e-06	2.22e-05	3.58e-03	6.17e-02	3.20e-01	3.85e-01	1.73e-01	4.81e-02	6.49e-03	1.33e-03	5.38e-04	1.56e-05	1.53e-07
 4.71535e+22	3.97e-25	6.07e-12	1.57e-09	7.45e-08	8.30e-07	4.60e-06	2.67e-05	4.07e-03	6.70e-02	3.34e-01	3.83e-01	1.62e-01	4.33e-02	5.60e-03	1.13e-03	4.34e-04	1.19e-05	0.00e+00
 4.73802e+22	5.31e-25	8.00e-12	2.02e-09	9.33e-08	1.02e-06	5.47e-06	3.09e-05	4.50e-03	7.14e-02	3.44e-01	3.80e-01	1.54e-01	3.97e-02	4.98e-03	9.83e-04	3.66e-04	9.60e-06	0.00e+00
 4.75719e+22	6.85e-25	1.03e-11	2.54e-09	1.15e-07	1.22e-06	6.42e-06	3.54e-05	4.94e-03	7.57e-02	3.53e-01	3.77e-01	1.46e-01	3.67e-02	4.45e-03	8.66e-04	3.12e-04	7.85e-06	0.00e+00
 4.77807e+22	9.32e-25	1.41e-11	3.39e-09	1.48e-07	1.55e-06	7.87e-06	4.20e-05	5.56e-03	8.15e-02	3.65e-01	3.73e-01	1.37e-01	3.30e-02	3.85e-03	7.34e-04	2.53e-04	6.04e-06	0.00e+00
 4.79901e+22	1.20e-24	1.79e-11	4.24e-09	1.82e-07	1.86e-06	9.24e-06	4.82e-05	6.11e-03	8.64e-02	3.75e-01	3.69e-01	1.30e-01	3.02e-02	3.42e-03	6.43e-04	2.14e-04	4.90e-06	0.00e+00
 4.81949e+22	1.57e-24	2.39e-11	5.53e-09	2.31e-07	2.33e-06	1.12e-05	5.70e-05	6.85e-03	9.27e-02	3.86e-01	3.63e-01	1.21e-01	2.71e-02	2.96e-03	5.45e-04	1.74e-04	3.79e-06	0.00e+00
 4.84037e+22	2.00e-24	3.04e-11	6.91e-09	2.84e-07	2.81e-06	1.33e-05	6.58e-05	7.55e-03	9.84e-02	3.95e-01	3.57e-01	1.14e-01	2.47e-02	2.60e-03	4.73e-04	1.46e-04	3.03e-06	0.00e+00
 4.86085e+22	2.53e-24	3.95e-11	8.83e-09	3.56e-07	3.47e-06	1.60e-05	7.74e-05	8.44e-03	1.05e-01	4.06e-01	3.50e-01	1.06e-01	2.21e-02	2.25e-03	4.01e-04	1.19e-04	2.34e-06	0.00e+00
 4.88175e+22	3.13e-24	4.99e-11	1.10e-08	4.38e-07	4.21e-06	1.90e-05	8.99e-05	9.34e-03	1.12e-01	4.15e-01	3.43e-01	9.84e-02	1.99e-02	1.96e-03	3.44e-04	9.78e-05	1.84e-06	0.00e+00
 4.90234e+22	3.90e-24	6.32e-11	1.38e-08	5.40e-07	5.14e-06	2.27e-05	1.05e-04	1.04e-02	1.19e-01	4.24e-01	3.35e-01	9.12e-02	1.78e-02	1.69e-03	2.93e-04	7.98e-05	1.43e-06	0.00e+00
 4.92309e+22	4.77e-24	7.89e-11	1.70e-08	6.61e-07	6.23e-06	2.70e-05	1.23e-04	1.15e-02	1.26e-01	4.33e-01	3.27e-01	8.45e-02	1.59e-02	1.46e-03	2.49e-04	6.53e-05	1.12e-06	0.00e+00
 4.94359e+22	5.77e-24	9.75e-11	2.10e-08	8.06e-07	7.53e-06	3.20e-05	1.43e-04	1.28e-02	1.34e-01	4.41e-01	3.18e-01	7.81e-02	1.42e-02	1.26e-03	2.12e-04	5.33e-05	8.68e-07	0.00e+00
 4.96405e+22	6.93e-24	1.19e-10	2.56e-08	9.76e-07	9.07e-06	3.78e-05	1.66e-04	1.41e-02	1.42e-01	4.49e-01	3.09e-01	7.21e-02	1.27e-02	1.09e-03	1.80e-04	4.35e-05	6.76e-07	0.00e+00
 4.98453e+22	8.27e-24	1.45e-10	3.10e-08	1.18e-06	1.09e-05	4.47e-05	1.93e-04	1.56e-02	1.51e-01	4.56e-01	2.99e-01	6.64e-02	1.13e-02	9.35e-04	1.53e-04	3.54e-05	5.24e-07	0.00e+00
 5.00507e+22	9.80e-24	1.75e-10	3.74e-08	1.42e-06	1.31e-05	5.27e-05	2.24e-04	1.73e-02	1.59e-01	4.62e-01	2.89e-01	6.10e-02	1.00e-02	8.03e-04	1.29e-04	2.88e-05	4.07e-07	0.00e+00
 5.02571e+22	1.16e-23	2.09e-10	4.50e-08	1.70e-06	1.56e-05	6.20e-05	2.61e-04	1.91e-02	1.68e-01	4.67e-01	2.79e-01	5.60e-02	8.89e-03	6.89e-04	1.09e-04	2.34e-05	3.15e-07	0.00e+00
 5.04653e+22	1.37e-23	2.49e-10	5.39e-08	2.04e-06	1.86e-05	7.29e-05	3.03e-04	2.11e-02	1.78e-01	4.72e-01	2.69e-01	5.12e-02	7.87e-03	5.90e-04	9.21e-05	1.90e-05	2.43e-07	0.00e+00
 5.06756e+22	1.61e-23	2.94e-10	6.43e-08	2.43e-06	2.22e-05	8.57e-05	3.51e-04	2.33e-02	1.87e-01	4.76e-01	2.58e-01	4.68e-02	6.95e-03	5.03e-04	7.75e-05	1.53e-05	1.87e-07	0.00e+00
 5.08870e+22	1.89e-23	3.45e-10	7.63e-08	2.89e-06	2.64e-05	1.00e-04	4.07e-04	2.56e-02	1.97e-01	4.79e-01	2.48e-01	4.27e-02	6.14e-03	4.30e-04	6.53e-05	1.24e-05	1.44e-07	0.00e+00
 5.11017e+22	2.24e-23	4.04e-10	9.06e-08	3.44e-06	3.14e-05	1.18e-04	4.73e-04	2.83e-02	2.08e-01	4.82e-01	2.37e-01	3.87e-02	5.39e-03	3.65e-04	5.46e-05	9.94e-06	0.00e+00	0.00e+00
 5.13186e+22	2.65e-23	4.69e-10	1.07e-07	4.07e-06	3.71e-05	1.38e-04	5.48e-04	3.11e-02	2.18e-01	4.83e-01	2.26e-01	3.52e-02	4.75e-03	3.11e-04	4.58e-05	8.01e-06	0.00e+00	0.00e+00
 5.15399e+22	3.18e-23	5.46e-10	1.27e-07	4.84e-06	4.42e-05	1.62e-04	6.38e-04	3.44e-02	2.29e-01	4.84e-01	2.15e-01	3.18e-02	4.15e-03	2.63e-04	3.81e-05	6.39e-06	0.00e+00	0.00e+00
 5.17649e+22	8.85e-22	6.30e-10	1.50e-07	5.73e-06	5.23e-05	1.89e-04	7.39e-04	3.78e-02	2.40e-01	4.84e-01	2.05e-01	2.87e-02	3.63e-03	2.23e-04	3.17e-05	5.12e-06	0.00e+00	0.00e+00
 5.19711e+22	5.93e-21	7.10e-10	1.72e-07	6.59e-06	6.01e-05	2.15e-04	8.36e-04	4.09e-02	2.50e-01	4.83e-01	1.96e-01	2.63e-02	3.25e-03	1.93e-04	2.72e-05	4.24e-06	0.00e+00	0.00e+00
 5.21865e+22	1.04e-20	8.20e-10	2.04e-07	7.84e-06	7.17e-05	2.53e-04	9.77e-04	4.52e-02	2.62e-01	4.80e-01	1.85e-01	2.35e-02	2.81e-03	1.62e-04	2.24e-05	3.34e-06	0.00e+00	0.00e+00
 5.24053e+22	1.36e-20	9.24e-10	2.35e-07	9.03e-06	8.24e-05	2.87e-04	1.10e-03	4.89e-02	2.72e-01	4.78e-01	1.76e-01	2.15e-02	2.50e-03	1.40e-04	1.91e-05	2.76e-06	0.00e+00	0.00e+00
 5.26304e+22	1.86e-20	1.07e-09	2.80e-07	1.08e-05	9.85e-05	3.39e-04	1.29e-03	5.40e-02	2.84e-01	4.74e-01	1.65e-01	1.91e-02	2.15e-03	1.16e-04	1.56e-05	2.15e-06	0.00e+00	0.00e+00
 5.28561e+22	2.35e-20	1.20e-09	3.22e-07	1.24e-05	1.13e-04	3.84e-04	1.45e-03	5.82e-02	2.94e-01	4.70e-01	1.57e-01	1.74e-02	1.92e-03	1.01e-04	1.33e-05	1.78e-06	0.00e+00	0.00e+00
 5.30824e+22	3.14e-20	1.38e-09	3.83e-07	1.47e-05	1.34e-04	4.50e-04	1.69e-03	6.41e-02	3.06e-01	4.64e-01	1.46e-01	1.54e-02	1.64e-03	8.33e-05	1.08e-05	1.38e-06	0.00e+00	0.00e+00
 5.33094e+22	3.97e-20	1.56e-09	4.40e-07	1.69e-05	1.53e-04	5.07e-04	1.90e-03	6.89e-02	3.16e-01	4.59e-01	1.39e-01	1.41e-02	1.46e-03	7.22e-05	9.27e-06	1.15e-06	0.00e+00	0.00e+00
 5.35376e+22	5.28e-20	1.79e-09	5.24e-07	2.01e-05	1.81e-04	5.92e-04	2.20e-03	7.55e-02	3.28e-01	4.51e-01	1.29e-01	1.24e-02	1.26e-03	5.98e-05	7.54e-06	8.93e-07	0.00e+00	0.00e+00
 5.37681e+22	6.66e-20	2.02e-09	6.03e-07	2.30e-05	2.07e-04	6.67e-04	2.47e-03	8.09e-02	3.37e-01	4.44e-01	1.22e-01	1.13e-02	1.12e-03	5.17e-05	6.43e-06	7.37e-07	0.00e+00	0.00e+00
 5.40018e+22	8.87e-20	2.33e-09	7.20e-07	2.74e-05	2.45e-04	7.77e-04	2.86e-03	8.85e-02	3.49e-01	4.35e-01	1.13e-01	9.93e-03	9.54e-04	4.27e-05	5.21e-06	5.72e-07	0.00e+00	0.00e+00
 5.42386e+22	1.12e-19	2.63e-09	8.33e-07	3.14e-05	2.79e-04	8.74e-04	3.19e-03	9.47e-02	3.58e-01	4.27e-01	1.06e-01	8.98e-03	8.44e-04	3.68e-05	4.43e-06	4.70e-07	0.00e+00	0.00e+00
 5.44794e+22	1.51e-19	3.07e-09	1.00e-06	3.75e-05	3.31e-04	1.02e-03	3.69e-03	1.03e-01	3.69e-01	4.16e-01	9.77e-02	7.86e-03	7.18e-04	3.02e-05	3.57e-06	3.63e-07	0.00e+00	0.00e+00
 5.47246e+22	1.93e-19	3.49e-09	1.16e-06	4.33e-05	3.78e-04	1.15e-03	4.12e-03	1.10e-01	3.77e-01	4.07e-01	9.14e-02	7.08e-03	6.32e-04	2.59e-05	3.02e-06	2.96e-07	0.00e+00	0.00e+00
 5.49755e+22	2.62e-19	4.10e-09	1.41e-06	5.20e-05	4.49e-04	1.33e-03	4.77e-03	1.20e-01	3.88e-01	3.95e-01	8.36e-02	6.15e-03	5.34e-04	2.11e-05	2.41e-06	2.27e-07	0.00e+00	0.00e+00
 5.52321e+22	3.41e-19	4.72e-09	1.66e-06	6.03e-05	5.16e-04	1.50e-03	5.33e-03	1.28e-01	3.95e-01	3.85e-01	7.78e-02	5.50e-03	4.67e-04	1.79e-05	2.02e-06	1.83e-07	0.00e+00	0.00e+00
 5.54961e+22	4.73e-19	5.62e-09	2.04e-06	7.30e-05	6.15e-04	1.76e-03	6.17e-03	1.40e-01	4.05e-01	3.71e-01	7.05e-02	4.74e-03	3.91e-04	1.45e-05	1.60e-06	1.38e-07	0.00e+00	0.00e+00
 5.57652e+22	6.27e-19	6.56e-09	2.42e-06	8.53e-05	7.07e-04	1.98e-03	6.88e-03	1.49e-01	4.12e-01	3.60e-01	6.53e-02	4.22e-03	3.41e-04	1.22e-05	1.33e-06	0.00e+00	0.00e+00	0.00e+00
 5.59927e+22	8.01e-19	7.49e-09	2.81e-06	9.79e-05	8.01e-04	2.21e-03	7.60e-03	1.58e-01	4.17e-01	3.50e-01	6.07e-02	3.79e-03	3.00e-04	1.05e-05	1.13e-06	0.00e+00	0.00e+00	0.00e+00
 5.62405e+22	1.10e-18	8.93e-09	3.42e-06	1.17e-04	9.41e-04	2.53e-03	8.63e-03	1.69e-01	4.24e-01	3.36e-01	5.52e-02	3.29e-03	2.54e-04	8.58e-06	9.05e-07	0.00e+00	0.00e+00	0.00e+00
 5.64803e+22	1.40e-18	1.02e-08	3.94e-06	1.33e-04	1.05e-03	2.79e-03	9.42e-03	1.78e-01	4.28e-01	3.26e-01	5.16e-02	2.98e-03	2.26e-04	7.45e-06	7.77e-07	0.00e+00	0.00e+00	0.00e+00
