#depth	Ar	Ar+	Ar+2	Ar+3	Ar+4	Ar+5	Ar+6	Ar+7	Ar+8	Ar+9	Ar+10	Ar+11	Ar+12	Ar+13	Ar+14	Ar+15	Ar+16	Ar+17	Ar+18
 4.62852e+21	0.00e+00	0.00e+00	0.00e+00	0.00e+00	0.00e+00	0.00e+00	0.00e+00	2.83e-25	1.24e-21	1.67e-18	1.11e-15	3.58e-13	8.01e-11	9.08e-09	6.53e-07	4.95e-05	6.54e-03	1.31e-01	8.62e-01
 1.05529e+22	0.00e+00	0.00e+00	0.00e+00	0.00e+00	0.00e+00	0.00e+00	8.53e-27	1.48e-23	4.39e-20	4.05e-17	1.85e-14	4.13e-12	6.37e-10	5.03e-08	2.54e-06	1.36e-04	1.26e-02	1.76e-01	8.11e-01
 1.27361e+22	0.00e+00	0.00e+00	0.00e+00	0.00e+00	0.00e+00	7.68e-29	1.56e-25	2.15e-22	4.91e-19	3.49e-16	1.24e-13	2.14e-11	2.57e-09	1.59e-07	6.31e-06	2.65e-04	1.93e-02	2.13e-01	7.68e-01
 1.43333e+22	0.00e+00	0.00e+00	0.00e+00	0.00e+00	0.00e+00	4.30e-28	7.31e-25	8.37e-22	3.36e-18	1.94e-15	5.60e-13	7.92e-11	7.76e-09	3.94e-07	1.29e-05	4.49e-04	2.70e-02	2.45e-01	7.28e-01
 1.52206e+22	0.00e+00	0.00e+00	0.00e+00	0.00e+00	2.96e-31	8.04e-28	1.31e-24	1.43e-21	5.44e-18	2.98e-15	8.17e-13	1.10e-10	1.02e-08	4.95e-07	1.55e-05	5.11e-04	2.93e-02	2.53e-01	7.17e-01
 1.55280e+22	0.00e+00	0.00e+00	0.00e+00	0.00e+00	4.83e-31	1.27e-27	1.99e-24	2.11e-21	7.72e-18	4.07e-15	1.08e-12	1.39e-10	1.25e-08	5.83e-07	1.76e-05	5.62e-04	3.11e-02	2.59e-01	7.09e-01
 1.58270e+22	0.00e+00	0.00e+00	0.00e+00	0.00e+00	9.09e-31	2.29e-27	3.45e-24	3.49e-21	1.22e-17	6.11e-15	1.54e-12	1.90e-10	1.62e-08	7.23e-07	2.08e-05	6.36e-04	3.36e-02	2.68e-01	6.98e-01
 1.61114e+22	0.00e+00	0.00e+00	0.00e+00	0.00e+00	1.45e-30	3.53e-27	5.16e-24	5.05e-21	1.70e-17	8.23e-15	2.00e-12	2.38e-10	1.97e-08	8.47e-07	2.36e-05	6.96e-04	3.56e-02	2.74e-01	6.90e-01
 1.63383e+22	0.00e+00	0.00e+00	0.00e+00	0.00e+00	2.15e-30	5.10e-27	7.26e-24	6.93e-21	2.25e-17	1.06e-14	2.49e-12	2.88e-10	2.31e-08	9.65e-07	2.62e-05	7.50e-04	3.73e-02	2.79e-01	6.83e-01
 1.65945e+22	0.00e+00	0.00e+00	0.00e+00	0.00e+00	3.58e-30	8.23e-27	1.13e-23	1.04e-20	3.26e-17	1.47e-14	3.33e-12	3.70e-10	2.86e-08	1.15e-06	3.00e-05	8.28e-04	3.97e-02	2.86e-01	6.74e-01
 1.68683e+22	0.00e+00	0.00e+00	0.00e+00	0.00e+00	5.78e-30	1.29e-26	1.71e-23	1.53e-20	4.60e-17	2.00e-14	4.35e-12	4.67e-10	3.47e-08	1.35e-06	3.40e-05	9.08e-04	4.20e-02	2.92e-01	6.65e-01
 1.71231e+22	0.00e+00	0.00e+00	0.00e+00	0.00e+00	9.30e-30	2.00e-26	2.58e-23	2.23e-20	6.46e-17	2.71e-14	5.69e-12	5.89e-10	4.23e-08	1.58e-06	3.86e-05	9.94e-04	4.44e-02	2.98e-01	6.56e-01
 1.73735e+22	0.00e+00	0.00e+00	0.00e+00	0.00e+00	1.49e-29	3.12e-26	3.90e-23	3.25e-20	9.09e-17	3.67e-14	7.43e-12	7.42e-10	5.13e-08	1.85e-06	4.37e-05	1.09e-03	4.70e-02	3.05e-01	6.47e-01
 1.76144e+22	0.00e+00	0.00e+00	0.00e+00	0.00e+00	2.32e-29	4.70e-26	5.69e-23	4.61e-20	1.25e-16	4.85e-14	9.52e-12	9.19e-10	6.15e-08	2.15e-06	4.90e-05	1.18e-03	4.95e-02	3.11e-01	6.39e-01
 1.78821e+22	0.00e+00	0.00e+00	0.00e+00	0.00e+00	2.09e-29	4.09e-26	4.79e-23	7.00e-20	1.81e-16	6.77e-14	1.27e-11	1.18e-09	7.60e-08	2.56e-06	5.61e-05	1.30e-03	5.26e-02	3.18e-01	6.28e-01
 1.81650e+22	0.00e+00	0.00e+00	0.00e+00	0.00e+00	6.49e-29	1.23e-25	1.39e-22	1.05e-19	2.61e-16	9.38e-14	1.70e-11	1.52e-09	9.37e-08	3.03e-06	6.42e-05	1.44e-03	5.58e-02	3.24e-01	6.18e-01
 1.84129e+22	0.00e+00	0.00e+00	0.00e+00	0.00e+00	5.46e-29	1.00e-25	1.10e-22	1.50e-19	3.61e-16	1.25e-13	2.19e-11	1.89e-09	1.13e-07	3.53e-06	7.22e-05	1.56e-03	5.88e-02	3.31e-01	6.09e-01
 1.86803e+22	0.00e+00	0.00e+00	0.00e+00	0.00e+00	9.28e-29	1.65e-25	1.74e-22	2.29e-19	5.28e-16	1.76e-13	2.94e-11	2.44e-09	1.40e-07	4.21e-06	8.28e-05	1.73e-03	6.24e-02	3.38e-01	5.98e-01
 1.89641e+22	0.00e+00	0.00e+00	0.00e+00	3.67e-32	1.54e-28	2.64e-25	2.70e-22	3.42e-19	7.58e-16	2.42e-13	3.91e-11	3.12e-09	1.72e-07	4.98e-06	9.45e-05	1.90e-03	6.61e-02	3.44e-01	5.88e-01
 1.92069e+22	0.00e+00	0.00e+00	0.00e+00	5.86e-32	2.38e-28	3.96e-25	3.93e-22	4.83e-19	1.04e-15	3.20e-13	5.00e-11	3.85e-09	2.06e-07	5.76e-06	1.06e-04	2.06e-03	6.94e-02	3.50e-01	5.78e-01
 1.94257e+22	0.00e+00	0.00e+00	0.00e+00	9.00e-32	3.57e-28	5.78e-25	5.58e-22	6.67e-19	1.38e-15	4.15e-13	6.27e-11	4.68e-09	2.42e-07	6.59e-06	1.17e-04	2.22e-03	7.26e-02	3.55e-01	5.70e-01
 1.96755e+22	0.00e+00	0.00e+00	0.00e+00	1.50e-31	5.75e-28	9.03e-25	8.46e-22	9.78e-19	1.95e-15	5.63e-13	8.19e-11	5.90e-09	2.94e-07	7.71e-06	1.33e-04	2.42e-03	7.66e-02	3.62e-01	5.59e-01
 1.99483e+22	0.00e+00	0.00e+00	0.00e+00	2.53e-31	9.40e-28	1.43e-24	1.29e-21	1.44e-18	2.77e-15	7.69e-13	1.08e-10	7.48e-09	3.59e-07	9.08e-06	1.51e-04	2.65e-03	8.08e-02	3.68e-01	5.48e-01
 2.01998e+22	0.00e+00	0.00e+00	0.00e+00	4.11e-31	1.48e-27	2.19e-24	1.92e-21	2.07e-18	3.85e-15	1.03e-12	1.39e-10	9.34e-09	4.33e-07	1.06e-05	1.70e-04	2.88e-03	8.50e-02	3.74e-01	5.38e-01
 2.04752e+22	0.00e+00	0.00e+00	0.00e+00	7.33e-31	2.55e-27	3.63e-24	3.07e-21	3.19e-18	5.68e-15	1.46e-12	1.89e-10	1.21e-08	5.39e-07	1.26e-05	1.95e-04	3.18e-03	9.01e-02	3.80e-01	5.26e-01
 2.07495e+22	0.00e+00	0.00e+00	0.00e+00	1.22e-30	4.12e-27	5.66e-24	4.63e-21	4.65e-18	7.98e-15	1.97e-12	2.47e-10	1.53e-08	6.55e-07	1.48e-05	2.20e-04	3.47e-03	9.48e-02	3.86e-01	5.15e-01
 2.09724e+22	0.00e+00	0.00e+00	0.00e+00	1.88e-30	6.18e-27	8.27e-24	6.58e-21	6.41e-18	1.07e-14	2.56e-12	3.10e-10	1.86e-08	7.73e-07	1.69e-05	2.44e-04	3.73e-03	9.90e-02	3.91e-01	5.06e-01
 2.12123e+22	0.00e+00	0.00e+00	0.00e+00	3.10e-30	9.87e-27	1.28e-23	9.88e-21	9.31e-18	1.49e-14	3.45e-12	4.03e-10	2.33e-08	9.34e-07	1.97e-05	2.75e-04	4.06e-03	1.04e-01	3.97e-01	4.95e-01
 2.14748e+22	0.00e+00	0.00e+00	0.00e+00	5.14e-30	1.59e-26	1.99e-23	1.49e-20	1.35e-17	2.09e-14	4.66e-12	5.25e-10	2.93e-08	1.13e-06	2.31e-05	3.10e-04	4.42e-03	1.09e-01	4.02e-01	4.84e-01
 2.17202e+22	0.00e+00	0.00e+00	0.00e+00	8.21e-30	2.46e-26	3.00e-23	2.17e-20	1.91e-17	2.87e-14	6.17e-12	6.72e-10	3.63e-08	1.35e-06	2.67e-05	3.47e-04	4.78e-03	1.14e-01	4.07e-01	4.74e-01
 2.19926e+22	0.00e+00	0.00e+00	0.00e+00	1.45e-29	4.19e-26	4.92e-23	3.44e-20	2.92e-17	4.20e-14	8.66e-12	9.05e-10	4.68e-08	1.68e-06	3.18e-05	3.97e-04	5.25e-03	1.21e-01	4.12e-01	4.61e-01
 2.22646e+22	0.00e+00	0.00e+00	0.00e+00	2.40e-29	6.72e-26	7.64e-23	5.16e-20	4.23e-17	5.87e-14	1.17e-11	1.18e-09	5.88e-08	2.03e-06	3.71e-05	4.47e-04	5.70e-03	1.27e-01	4.17e-01	4.50e-01
 2.24868e+22	0.00e+00	0.00e+00	0.00e+00	3.70e-29	1.01e-25	1.12e-22	7.33e-20	5.83e-17	7.84e-14	1.52e-11	1.48e-09	7.16e-08	2.40e-06	4.25e-05	4.95e-04	6.13e-03	1.32e-01	4.21e-01	4.40e-01
 2.27265e+22	0.00e+00	0.00e+00	0.00e+00	6.13e-29	1.62e-25	1.73e-22	1.10e-19	8.46e-17	1.10e-13	2.05e-11	1.93e-09	8.99e-08	2.90e-06	4.95e-05	5.58e-04	6.65e-03	1.38e-01	4.26e-01	4.29e-01
 2.29858e+22	0.00e+00	0.00e+00	2.63e-32	1.01e-28	2.59e-25	2.68e-22	1.65e-19	1.22e-16	1.53e-13	2.76e-11	2.51e-09	1.13e-07	3.52e-06	5.78e-05	6.28e-04	7.22e-03	1.45e-01	4.30e-01	4.17e-01
 2.32241e+22	0.00e+00	0.00e+00	4.25e-32	1.60e-28	3.97e-25	3.99e-22	2.38e-19	1.71e-16	2.08e-13	3.62e-11	3.18e-09	1.39e-07	4.18e-06	6.65e-05	6.98e-04	7.78e-03	1.51e-01	4.33e-01	4.07e-01
 2.34876e+22	0.00e+00	0.00e+00	7.66e-32	2.79e-28	6.70e-25	6.49e-22	3.73e-19	2.57e-16	3.01e-13	5.04e-11	4.26e-09	1.78e-07	5.16e-06	7.89e-05	7.96e-04	8.51e-03	1.59e-01	4.37e-01	3.95e-01
 2.37499e+22	0.00e+00	0.00e+00	1.28e-31	4.55e-28	1.06e-24	9.91e-22	5.51e-19	3.67e-16	4.16e-13	6.73e-11	5.49e-09	2.22e-07	6.21e-06	9.17e-05	8.92e-04	9.20e-03	1.66e-01	4.41e-01	3.84e-01
 2.39653e+22	0.00e+00	0.00e+00	2.01e-31	6.95e-28	1.57e-24	1.43e-21	7.74e-19	5.00e-16	5.51e-13	8.65e-11	6.86e-09	2.69e-07	7.30e-06	1.04e-04	9.84e-04	9.84e-03	1.72e-01	4.43e-01	3.74e-01
 2.41998e+22	0.00e+00	0.00e+00	3.46e-31	1.16e-27	2.54e-24	2.24e-21	1.17e-18	7.27e-16	7.74e-13	1.17e-10	8.96e-09	3.39e-07	8.86e-06	1.22e-04	1.11e-03	1.07e-02	1.80e-01	4.46e-01	3.62e-01
 2.44485e+22	0.00e+00	0.00e+00	5.65e-31	1.85e-27	3.92e-24	3.34e-21	1.69e-18	1.02e-15	1.05e-12	1.54e-10	1.14e-08	4.17e-07	1.06e-05	1.41e-04	1.23e-03	1.15e-02	1.87e-01	4.48e-01	3.52e-01
 2.46796e+22	0.00e+00	0.00e+00	9.21e-31	2.94e-27	6.04e-24	4.99e-21	2.44e-18	1.42e-15	1.43e-12	2.03e-10	1.45e-08	5.14e-07	1.26e-05	1.62e-04	1.37e-03	1.24e-02	1.94e-01	4.50e-01	3.41e-01
 2.49443e+22	0.00e+00	0.00e+00	1.68e-30	5.20e-27	1.03e-23	8.18e-21	3.85e-18	2.15e-15	2.08e-12	2.84e-10	1.95e-08	6.64e-07	1.56e-05	1.93e-04	1.57e-03	1.35e-02	2.04e-01	4.52e-01	3.29e-01
 2.52053e+22	0.00e+00	0.00e+00	2.84e-30	8.50e-27	1.63e-23	1.25e-20	5.68e-18	3.05e-15	2.87e-12	3.79e-10	2.52e-08	8.28e-07	1.88e-05	2.24e-04	1.75e-03	1.46e-02	2.12e-01	4.54e-01	3.18e-01
 2.54133e+22	0.00e+00	0.00e+00	4.45e-30	1.30e-26	2.42e-23	1.80e-20	7.93e-18	4.13e-15	3.78e-12	4.86e-10	3.14e-08	1.00e-06	2.21e-05	2.55e-04	1.93e-03	1.55e-02	2.19e-01	4.54e-01	3.08e-01
 2.56355e+22	0.00e+00	0.00e+00	7.41e-30	2.10e-26	3.79e-23	2.73e-20	1.16e-17	5.83e-15	5.18e-12	6.45e-10	4.03e-08	1.24e-06	2.65e-05	2.95e-04	2.15e-03	1.67e-02	2.28e-01	4.55e-01	2.98e-01
 2.58763e+22	0.00e+00	0.00e+00	1.24e-29	3.43e-26	5.96e-23	4.14e-20	1.70e-17	8.21e-15	7.09e-12	8.57e-10	5.19e-08	1.55e-06	3.19e-05	3.43e-04	2.41e-03	1.80e-02	2.37e-01	4.55e-01	2.87e-01
 2.60964e+22	0.00e+00	0.00e+00	1.95e-29	5.24e-26	8.87e-23	5.99e-20	2.38e-17	1.11e-14	9.37e-12	1.10e-09	6.47e-08	1.87e-06	3.74e-05	3.90e-04	2.65e-03	1.92e-02	2.44e-01	4.55e-01	2.78e-01
 2.63377e+22	0.00e+00	0.00e+00	3.51e-29	9.13e-26	1.48e-22	9.62e-20	3.68e-17	1.65e-14	1.34e-11	1.52e-09	8.61e-08	2.39e-06	4.61e-05	4.61e-04	3.00e-03	2.08e-02	2.55e-01	4.55e-01	2.66e-01
 2.65751e+22	0.00e+00	0.00e+00	5.70e-29	1.44e-25	2.26e-22	1.42e-19	5.23e-17	2.26e-14	1.79e-11	1.98e-09	1.09e-07	2.93e-06	5.48e-05	5.30e-04	3.33e-03	2.23e-02	2.63e-01	4.54e-01	2.57e-01
 2.67699e+22	0.00e+00	0.00e+00	8.52e-29	2.11e-25	3.23e-22	1.97e-19	7.06e-17	2.96e-14	2.30e-11	2.47e-09	1.32e-07	3.47e-06	6.31e-05	5.94e-04	3.62e-03	2.36e-02	2.70e-01	4.53e-01	2.49e-01
 2.69855e+22	0.00e+00	0.00e+00	1.46e-28	3.49e-25	5.15e-22	3.02e-19	1.04e-16	4.19e-14	3.17e-11	3.31e-09	1.72e-07	4.35e-06	7.64e-05	6.92e-04	4.06e-03	2.53e-02	2.80e-01	4.51e-01	2.38e-01
 2.72099e+22	0.00e+00	0.00e+00	2.34e-28	5.44e-25	7.77e-22	4.40e-19	1.47e-16	5.69e-14	4.21e-11	4.27e-09	2.16e-07	5.30e-06	9.03e-05	7.92e-04	4.48e-03	2.70e-02	2.89e-01	4.49e-01	2.29e-01
 2.74127e+22	0.00e+00	0.00e+00	3.68e-28	8.34e-25	1.16e-21	6.34e-19	2.04e-16	7.65e-14	5.53e-11	5.47e-09	2.68e-07	6.40e-06	1.06e-04	9.00e-04	4.92e-03	2.87e-02	2.97e-01	4.47e-01	2.21e-01
 2.76436e+22	0.00e+00	0.00e+00	6.68e-28	1.46e-24	1.94e-21	1.02e-18	3.13e-16	1.12e-13	7.88e-11	7.54e-09	3.57e-07	8.20e-06	1.31e-04	1.07e-03	5.56e-03	3.11e-02	3.08e-01	4.44e-01	2.10e-01
 2.78752e+22	0.00e+00	0.00e+00	1.06e-27	2.26e-24	2.90e-21	1.47e-18	4.39e-16	1.51e-13	1.04e-10	9.71e-09	4.47e-07	9.95e-06	1.54e-04	1.21e-03	6.12e-03	3.30e-02	3.17e-01	4.41e-01	2.02e-01
 2.80735e+22	0.00e+00	0.00e+00	1.68e-27	3.47e-24	4.32e-21	2.12e-18	6.09e-16	2.03e-13	1.36e-10	1.24e-08	5.56e-07	1.20e-05	1.81e-04	1.38e-03	6.73e-03	3.50e-02	3.25e-01	4.38e-01	1.94e-01
 2.82653e+22	0.00e+00	0.00e+00	2.56e-27	5.16e-24	6.24e-21	2.97e-18	8.26e-16	2.66e-13	1.75e-10	1.56e-08	6.81e-07	1.43e-05	2.10e-04	1.55e-03	7.33e-03	3.70e-02	3.33e-01	4.35e-01	1.86e-01
 2.84827e+22	0.00e+00	9.89e-33	4.43e-27	8.62e-24	1.00e-20	4.58e-18	1.22e-15	3.76e-13	2.42e-10	2.09e-08	8.85e-07	1.80e-05	2.54e-04	1.81e-03	8.19e-03	3.96e-02	3.43e-01	4.30e-01	1.77e-01
 2.87051e+22	0.00e+00	1.64e-32	7.17e-27	1.35e-23	1.52e-20	6.68e-18	1.72e-15	5.09e-13	3.21e-10	2.70e-08	1.11e-06	2.19e-05	3.00e-04	2.07e-03	9.02e-03	4.21e-02	3.52e-01	4.25e-01	1.69e-01
 2.88991e+22	0.00e+00	2.64e-32	1.12e-26	2.06e-23	2.24e-20	9.52e-18	2.36e-15	6.74e-13	4.17e-10	3.44e-08	1.38e-06	2.64e-05	3.51e-04	2.34e-03	9.86e-03	4.45e-02	3.60e-01	4.21e-01	1.62e-01
 2.91163e+22	0.00e+00	4.81e-32	1.98e-26	3.50e-23	3.65e-20	1.48e-17	3.52e-15	9.60e-13	5.80e-10	4.64e-08	1.80e-06	3.33e-05	4.27e-04	2.74e-03	1.10e-02	4.76e-02	3.71e-01	4.15e-01	1.53e-01
 2.93314e+22	0.00e+00	7.66e-32	3.07e-26	5.29e-23	5.34e-20	2.10e-17	4.80e-15	1.26e-12	7.51e-10	5.87e-08	2.22e-06	3.99e-05	4.98e-04	3.09e-03	1.20e-02	5.02e-02	3.78e-01	4.10e-01	1.46e-01
 2.95438e+22	0.00e+00	1.38e-31	5.37e-26	8.90e-23	8.61e-20	3.24e-17	7.09e-15	1.78e-12	1.04e-09	7.88e-08	2.89e-06	5.01e-05	6.04e-04	3.60e-03	1.34e-02	5.36e-02	3.88e-01	4.03e-01	1.38e-01
 2.97592e+22	0.00e+00	2.23e-31	8.45e-26	1.36e-22	1.28e-19	4.64e-17	9.79e-15	2.37e-12	1.35e-09	1.00e-07	3.58e-06	6.03e-05	7.06e-04	4.08e-03	1.46e-02	5.65e-02	3.96e-01	3.97e-01	1.31e-01
 2.99470e+22	0.00e+00	3.57e-31	1.32e-25	2.07e-22	1.87e-19	6.56e-17	1.33e-14	3.11e-12	1.75e-09	1.27e-07	4.42e-06	7.23e-05	8.23e-04	4.60e-03	1.60e-02	5.94e-02	4.03e-01	3.91e-01	1.25e-01
 3.01315e+22	0.00e+00	5.60e-31	2.02e-25	3.08e-22	2.70e-19	9.15e-17	1.80e-14	4.04e-12	2.23e-09	1.59e-07	5.40e-06	8.60e-05	9.52e-04	5.16e-03	1.73e-02	6.23e-02	4.10e-01	3.85e-01	1.19e-01
 3.03434e+22	0.00e+00	9.95e-31	3.48e-25	5.12e-22	4.31e-19	1.40e-16	2.63e-14	5.64e-12	3.06e-09	2.12e-07	6.98e-06	1.07e-04	1.15e-03	5.97e-03	1.92e-02	6.62e-02	4.19e-01	3.77e-01	1.12e-01
 3.05610e+22	0.00e+00	1.66e-30	5.65e-25	8.04e-22	6.52e-19	2.03e-16	3.67e-14	7.55e-12	4.03e-09	2.73e-07	8.75e-06	1.30e-04	1.35e-03	6.80e-03	2.10e-02	6.97e-02	4.26e-01	3.69e-01	1.06e-01
 3.07466e+22	0.00e+00	2.62e-30	8.70e-25	1.20e-21	9.43e-19	2.84e-16	4.94e-14	9.79e-12	5.15e-09	3.42e-07	1.07e-05	1.55e-04	1.56e-03	7.63e-03	2.28e-02	7.30e-02	4.32e-01	3.63e-01	1.00e-01
 3.09487e+22	0.00e+00	4.56e-30	1.47e-24	1.97e-21	1.48e-18	4.28e-16	7.10e-14	1.35e-11	6.96e-09	4.51e-07	1.37e-05	1.92e-04	1.87e-03	8.77e-03	2.51e-02	7.71e-02	4.39e-01	3.54e-01	9.40e-02
 3.11592e+22	0.00e+00	7.53e-30	2.37e-24	3.07e-21	2.22e-18	6.16e-16	9.83e-14	1.79e-11	9.10e-09	5.78e-07	1.71e-05	2.32e-04	2.19e-03	9.93e-03	2.73e-02	8.09e-02	4.45e-01	3.46e-01	8.86e-02
 3.13484e+22	0.00e+00	1.20e-29	3.68e-24	4.62e-21	3.24e-18	8.66e-16	1.33e-13	2.33e-11	1.17e-08	7.27e-07	2.10e-05	2.77e-04	2.54e-03	1.11e-02	2.96e-02	8.45e-02	4.50e-01	3.38e-01	8.37e-02
 3.15622e+22	0.00e+00	2.21e-29	6.58e-24	7.94e-21	5.31e-18	1.35e-15	1.97e-13	3.27e-11	1.62e-08	9.82e-07	2.74e-05	3.49e-04	3.09e-03	1.29e-02	3.28e-02	8.93e-02	4.57e-01	3.27e-01	7.75e-02
 3.17803e+22	0.00e+00	3.68e-29	1.07e-23	1.24e-20	8.01e-18	1.95e-15	2.73e-13	4.34e-11	2.12e-08	1.26e-06	3.43e-05	4.22e-04	3.62e-03	1.47e-02	3.57e-02	9.34e-02	4.61e-01	3.18e-01	7.26e-02
 3.19629e+22	0.00e+00	5.71e-29	1.62e-23	1.83e-20	1.14e-17	2.69e-15	3.62e-13	5.54e-11	2.68e-08	1.56e-06	4.15e-05	4.98e-04	4.15e-03	1.63e-02	3.83e-02	9.70e-02	4.65e-01	3.10e-01	6.86e-02
 3.21593e+22	0.00e+00	9.99e-29	2.75e-23	3.00e-20	1.79e-17	4.03e-15	5.17e-13	7.53e-11	3.59e-08	2.05e-06	5.30e-05	6.13e-04	4.94e-03	1.86e-02	4.19e-02	1.02e-01	4.68e-01	3.00e-01	6.36e-02
 3.23597e+22	0.00e+00	1.61e-28	4.32e-23	4.57e-20	2.62e-17	5.67e-15	6.98e-13	9.76e-11	4.61e-08	2.58e-06	6.51e-05	7.32e-04	5.73e-03	2.09e-02	4.52e-02	1.06e-01	4.71e-01	2.91e-01	5.96e-02
 3.25220e+22	0.00e+00	2.37e-28	6.24e-23	6.42e-20	3.58e-17	7.48e-15	8.91e-13	1.20e-10	5.65e-08	3.11e-06	7.70e-05	8.44e-04	6.46e-03	2.29e-02	4.80e-02	1.09e-01	4.73e-01	2.84e-01	5.64e-02
 3.26899e+22	0.00e+00	3.84e-28	9.88e-23	9.83e-20	5.27e-17	1.06e-14	1.21e-12	1.56e-10	7.26e-08	3.93e-06	9.48e-05	1.01e-03	7.49e-03	2.56e-02	5.18e-02	1.13e-01	4.74e-01	2.75e-01	5.26e-02
 3.28507e+22	0.00e+00	5.50e-28	1.39e-22	1.35e-19	7.02e-17	1.37e-14	1.51e-12	1.89e-10	8.74e-08	4.67e-06	1.11e-04	1.15e-03	8.35e-03	2.78e-02	5.47e-02	1.16e-01	4.75e-01	2.67e-01	4.99e-02
 3.29804e+22	0.00e+00	7.84e-28	1.95e-22	1.84e-19	9.30e-17	1.75e-14	1.88e-12	2.27e-10	1.05e-07	5.53e-06	1.29e-04	1.31e-03	9.30e-03	3.02e-02	5.76e-02	1.19e-01	4.75e-01	2.60e-01	4.73e-02
 3.31075e+22	0.00e+00	1.09e-27	2.67e-22	2.47e-19	1.21e-16	2.22e-14	2.31e-12	2.71e-10	1.24e-07	6.49e-06	1.48e-04	1.48e-03	1.03e-02	3.25e-02	6.05e-02	1.21e-01	4.75e-01	2.54e-01	4.50e-02
 3.32317e+22	0.00e+00	1.50e-27	3.60e-22	3.25e-19	1.56e-16	2.78e-14	2.80e-12	3.20e-10	1.46e-07	7.53e-06	1.70e-04	1.66e-03	1.13e-02	3.49e-02	6.34e-02	1.24e-01	4.74e-01	2.48e-01	4.28e-02
 3.33719e+22	0.00e+00	2.27e-27	5.34e-22	4.68e-19	2.17e-16	3.72e-14	3.61e-12	3.97e-10	1.80e-07	9.17e-06	2.02e-04	1.92e-03	1.28e-02	3.83e-02	6.72e-02	1.27e-01	4.73e-01	2.39e-01	4.01e-02
 3.35115e+22	0.00e+00	3.16e-27	7.30e-22	6.24e-19	2.81e-16	4.69e-14	4.41e-12	4.70e-10	2.13e-07	1.07e-05	2.33e-04	2.17e-03	1.41e-02	4.12e-02	7.04e-02	1.30e-01	4.72e-01	2.33e-01	3.80e-02
 3.36267e+22	0.00e+00	4.32e-27	9.84e-22	8.21e-19	3.60e-16	5.83e-14	5.32e-12	5.51e-10	2.49e-07	1.24e-05	2.65e-04	2.42e-03	1.55e-02	4.41e-02	7.35e-02	1.32e-01	4.70e-01	2.26e-01	3.61e-02
 3.37341e+22	0.00e+00	5.77e-27	1.30e-21	1.06e-18	4.52e-16	7.14e-14	6.33e-12	6.38e-10	2.89e-07	1.42e-05	3.00e-04	2.68e-03	1.68e-02	4.70e-02	7.65e-02	1.34e-01	4.68e-01	2.20e-01	3.44e-02
 3.38555e+22	0.00e+00	8.27e-27	1.83e-21	1.45e-18	6.01e-16	9.16e-14	7.85e-12	7.63e-10	3.45e-07	1.68e-05	3.48e-04	3.05e-03	1.87e-02	5.08e-02	8.03e-02	1.37e-01	4.65e-01	2.13e-01	3.23e-02
 3.39816e+22	0.00e+00	1.13e-26	2.46e-21	1.91e-18	7.69e-16	1.14e-13	9.46e-12	8.93e-10	4.03e-07	1.95e-05	3.97e-04	3.40e-03	2.04e-02	5.43e-02	8.36e-02	1.39e-01	4.62e-01	2.06e-01	3.06e-02
 3.40952e+22	3.54e-33	1.54e-26	3.31e-21	2.50e-18	9.81e-16	1.41e-13	1.14e-11	1.04e-09	4.71e-07	2.25e-05	4.51e-04	3.80e-03	2.23e-02	5.80e-02	8.70e-02	1.41e-01	4.59e-01	2.00e-01	2.90e-02
 3.42073e+22	4.87e-33	2.09e-26	4.41e-21	3.26e-18	1.25e-15	1.74e-13	1.36e-11	1.21e-09	5.47e-07	2.59e-05	5.11e-04	4.22e-03	2.43e-02	6.17e-02	9.03e-02	1.43e-01	4.55e-01	1.94e-01	2.74e-02
 3.43359e+22	7.50e-33	3.16e-26	6.53e-21	4.66e-18	1.71e-15	2.30e-13	1.73e-11	1.47e-09	6.67e-07	3.12e-05	6.05e-04	4.86e-03	2.73e-02	6.71e-02	9.50e-02	1.45e-01	4.49e-01	1.85e-01	2.54e-02
 3.44562e+22	1.00e-32	4.17e-26	8.52e-21	5.94e-18	2.13e-15	2.78e-13	2.03e-11	1.68e-09	7.63e-07	3.55e-05	6.77e-04	5.35e-03	2.95e-02	7.10e-02	9.81e-02	1.46e-01	4.45e-01	1.80e-01	2.41e-02
 3.45656e+22	1.45e-32	5.92e-26	1.19e-20	8.06e-18	2.79e-15	3.53e-13	2.48e-11	1.99e-09	9.03e-07	4.16e-05	7.81e-04	6.02e-03	3.25e-02	7.61e-02	1.02e-01	1.48e-01	4.39e-01	1.72e-01	2.25e-02
 3.46767e+22	1.97e-32	7.91e-26	1.57e-20	1.04e-17	3.50e-15	4.29e-13	2.92e-11	2.27e-09	1.04e-06	4.74e-05	8.77e-04	6.64e-03	3.52e-02	8.05e-02	1.06e-01	1.49e-01	4.34e-01	1.66e-01	2.12e-02
 3.47749e+22	2.62e-32	1.04e-25	2.04e-20	1.31e-17	4.32e-15	5.16e-13	3.41e-11	2.58e-09	1.18e-06	5.36e-05	9.79e-04	7.28e-03	3.79e-02	8.49e-02	1.09e-01	1.50e-01	4.29e-01	1.61e-01	2.01e-02
 3.48874e+22	3.90e-32	1.52e-25	2.92e-20	1.82e-17	5.78e-15	6.63e-13	4.21e-11	3.06e-09	1.41e-06	6.34e-05	1.14e-03	8.25e-03	4.19e-02	9.12e-02	1.13e-01	1.51e-01	4.21e-01	1.53e-01	1.86e-02
 3.49991e+22	5.29e-32	2.03e-25	3.86e-20	2.35e-17	7.22e-15	8.03e-13	4.94e-11	3.49e-09	1.61e-06	7.21e-05	1.28e-03	9.08e-03	4.53e-02	9.62e-02	1.16e-01	1.52e-01	4.15e-01	1.47e-01	1.75e-02
 3.51096e+22	7.82e-32	2.95e-25	5.50e-20	3.24e-17	9.59e-15	1.03e-12	6.05e-11	4.11e-09	1.92e-06	8.49e-05	1.48e-03	1.02e-02	4.99e-02	1.03e-01	1.21e-01	1.53e-01	4.06e-01	1.40e-01	1.61e-02
 3.52214e+22	1.07e-31	3.98e-25	7.32e-20	4.19e-17	1.20e-14	1.25e-12	7.12e-11	4.68e-09	2.20e-06	9.67e-05	1.66e-03	1.13e-02	5.38e-02	1.09e-01	1.24e-01	1.53e-01	3.98e-01	1.34e-01	1.51e-02
 3.53348e+22	1.63e-31	5.94e-25	1.07e-19	5.90e-17	1.63e-14	1.61e-12	8.80e-11	5.54e-09	2.63e-06	1.15e-04	1.93e-03	1.28e-02	5.96e-02	1.16e-01	1.28e-01	1.53e-01	3.88e-01	1.26e-01	1.37e-02
 3.54434e+22	2.15e-31	7.76e-25	1.38e-19	7.42e-17	1.99e-14	1.92e-12	1.02e-10	6.21e-09	2.97e-06	1.29e-04	2.14e-03	1.39e-02	6.36e-02	1.22e-01	1.31e-01	1.53e-01	3.80e-01	1.21e-01	1.29e-02
 3.55459e+22	3.18e-31	1.13e-24	1.98e-19	1.02e-16	2.64e-14	2.43e-12	1.23e-10	7.22e-09	3.49e-06	1.51e-04	2.46e-03	1.56e-02	6.97e-02	1.29e-01	1.35e-01	1.52e-01	3.69e-01	1.14e-01	1.18e-02
 3.56492e+22	4.21e-31	1.47e-24	2.55e-19	1.29e-16	3.23e-14	2.89e-12	1.42e-10	8.09e-09	3.94e-06	1.69e-04	2.72e-03	1.70e-02	7.43e-02	1.35e-01	1.38e-01	1.52e-01	3.61e-01	1.09e-01	1.10e-02
 3.57535e+22	6.35e-31	2.19e-24	3.72e-19	1.80e-16	4.32e-14	3.70e-12	1.73e-10	9.42e-09	4.66e-06	1.98e-04	3.14e-03	1.91e-02	8.15e-02	1.43e-01	1.41e-01	1.51e-01	3.49e-01	1.02e-01	9.98e-03
 3.58543e+22	8.26e-31	2.81e-24	4.72e-19	2.23e-16	5.21e-14	4.34e-12	1.97e-10	1.04e-08	5.20e-06	2.20e-04	3.44e-03	2.06e-02	8.63e-02	1.49e-01	1.44e-01	1.50e-01	3.41e-01	9.76e-02	9.35e-03
 3.59505e+22	1.22e-30	4.09e-24	6.76e-19	3.06e-16	6.86e-14	5.46e-12	2.36e-10	1.20e-08	6.07e-06	2.56e-04	3.94e-03	2.29e-02	9.39e-02	1.57e-01	1.47e-01	1.48e-01	3.28e-01	9.10e-02	8.46e-03
 3.60465e+22	1.60e-30	5.27e-24	8.60e-19	3.80e-16	8.28e-14	6.40e-12	2.69e-10	1.33e-08	6.76e-06	2.84e-04	4.31e-03	2.47e-02	9.92e-02	1.63e-01	1.49e-01	1.46e-01	3.19e-01	8.67e-02	7.89e-03
 3.61423e+22	2.37e-30	7.70e-24	1.24e-18	5.23e-16	1.09e-13	8.05e-12	3.22e-10	1.52e-08	7.88e-06	3.29e-04	4.91e-03	2.74e-02	1.08e-01	1.71e-01	1.51e-01	1.44e-01	3.06e-01	8.05e-02	7.09e-03
 3.62388e+22	3.15e-30	1.01e-23	1.60e-18	6.59e-16	1.33e-13	9.52e-12	3.68e-10	1.69e-08	8.81e-06	3.66e-04	5.40e-03	2.96e-02	1.14e-01	1.77e-01	1.53e-01	1.42e-01	2.96e-01	7.61e-02	6.56e-03
 3.63360e+22	4.70e-30	1.48e-23	2.31e-18	9.09e-16	1.76e-13	1.20e-11	4.41e-10	1.93e-08	1.03e-05	4.24e-04	6.14e-03	3.28e-02	1.23e-01	1.85e-01	1.55e-01	1.39e-01	2.82e-01	7.02e-02	5.86e-03
 3.64349e+22	6.33e-30	1.97e-23	3.03e-18	1.16e-15	2.16e-13	1.42e-11	5.06e-10	2.14e-08	1.15e-05	4.73e-04	6.75e-03	3.54e-02	1.30e-01	1.91e-01	1.56e-01	1.37e-01	2.72e-01	6.60e-02	5.37e-03
 3.65358e+22	9.49e-30	2.90e-23	4.39e-18	1.60e-15	2.86e-13	1.79e-11	6.07e-10	2.46e-08	1.33e-05	5.46e-04	7.66e-03	3.91e-02	1.40e-01	2.00e-01	1.57e-01	1.33e-01	2.58e-01	6.04e-02	4.76e-03
 3.66357e+22	1.29e-29	3.88e-23	5.79e-18	2.04e-15	3.52e-13	2.13e-11	6.96e-10	2.72e-08	1.49e-05	6.08e-04	8.40e-03	4.20e-02	1.48e-01	2.06e-01	1.58e-01	1.30e-01	2.47e-01	5.65e-02	4.34e-03
 3.67344e+22	1.92e-29	5.70e-23	8.35e-18	2.81e-15	4.63e-13	2.68e-11	8.30e-10	3.10e-08	1.72e-05	6.98e-04	9.47e-03	4.62e-02	1.58e-01	2.13e-01	1.58e-01	1.26e-01	2.33e-01	5.15e-02	3.83e-03
 3.68350e+22	2.64e-29	7.74e-23	1.12e-17	3.63e-15	5.77e-13	3.21e-11	9.56e-10	3.44e-08	1.92e-05	7.78e-04	1.04e-02	4.97e-02	1.67e-01	2.19e-01	1.58e-01	1.23e-01	2.22e-01	4.77e-02	3.45e-03
 3.69379e+22	4.02e-29	1.16e-22	1.64e-17	5.08e-15	7.67e-13	4.06e-11	1.15e-09	3.94e-08	2.22e-05	8.94e-04	1.17e-02	5.45e-02	1.78e-01	2.26e-01	1.57e-01	1.18e-01	2.07e-01	4.31e-02	3.01e-03
 3.70415e+22	5.57e-29	1.58e-22	2.20e-17	6.58e-15	9.57e-13	4.87e-11	1.32e-09	4.38e-08	2.48e-05	9.93e-04	1.28e-02	5.84e-02	1.87e-01	2.31e-01	1.57e-01	1.14e-01	1.97e-01	3.97e-02	2.70e-03
 3.71460e+22	8.54e-29	2.37e-22	3.25e-17	9.23e-15	1.28e-12	6.18e-11	1.59e-09	5.02e-08	2.86e-05	1.14e-03	1.44e-02	6.38e-02	1.98e-01	2.37e-01	1.55e-01	1.09e-01	1.83e-01	3.55e-02	2.33e-03
 3.72512e+22	1.19e-28	3.25e-22	4.38e-17	1.20e-14	1.60e-12	7.42e-11	1.84e-09	5.58e-08	3.18e-05	1.26e-03	1.57e-02	6.82e-02	2.07e-01	2.42e-01	1.54e-01	1.05e-01	1.72e-01	3.26e-02	2.08e-03
 3.73424e+22	1.64e-28	4.42e-22	5.87e-17	1.54e-14	1.98e-12	8.88e-11	2.11e-09	6.19e-08	3.53e-05	1.39e-03	1.71e-02	7.26e-02	2.16e-01	2.46e-01	1.52e-01	1.02e-01	1.62e-01	2.98e-02	1.85e-03
 3.74459e+22	2.50e-28	6.62e-22	8.63e-17	2.16e-14	2.64e-12	1.12e-10	2.53e-09	7.08e-08	4.03e-05	1.58e-03	1.90e-02	7.86e-02	2.27e-01	2.50e-01	1.49e-01	9.64e-02	1.50e-01	2.65e-02	1.59e-03
 3.75484e+22	3.37e-28	8.82e-22	1.13e-16	2.74e-14	3.23e-12	1.33e-10	2.89e-09	7.82e-08	4.42e-05	1.72e-03	2.04e-02	8.30e-02	2.35e-01	2.53e-01	1.47e-01	9.28e-02	1.41e-01	2.44e-02	1.42e-03
 3.76495e+22	5.01e-28	1.29e-21	1.62e-16	3.74e-14	4.22e-12	1.66e-10	3.44e-09	8.90e-08	4.99e-05	1.93e-03	2.25e-02	8.89e-02	2.45e-01	2.56e-01	1.44e-01	8.80e-02	1.30e-01	2.17e-02	1.22e-03
 3.77536e+22	6.92e-28	1.75e-21	2.17e-16	4.82e-14	5.25e-12	1.99e-10	3.96e-09	9.90e-08	5.50e-05	2.11e-03	2.42e-02	9.39e-02	2.53e-01	2.58e-01	1.42e-01	8.41e-02	1.22e-01	1.97e-02	1.08e-03
 3.78616e+22	1.04e-27	2.59e-21	3.14e-16	6.66e-14	6.92e-12	2.50e-10	4.75e-09	1.13e-07	6.21e-05	2.37e-03	2.66e-02	1.00e-01	2.63e-01	2.60e-01	1.38e-01	7.93e-02	1.12e-01	1.74e-02	9.20e-04
 3.79716e+22	1.45e-27	3.53e-21	4.22e-16	8.61e-14	8.63e-12	3.01e-10	5.49e-09	1.27e-07	6.84e-05	2.59e-03	2.86e-02	1.06e-01	2.71e-01	2.61e-01	1.35e-01	7.55e-02	1.04e-01	1.58e-02	8.09e-04
 3.80842e+22	2.20e-27	5.26e-21	6.15e-16	1.20e-13	1.14e-11	3.81e-10	6.62e-09	1.46e-07	7.72e-05	2.89e-03	3.12e-02	1.13e-01	2.81e-01	2.62e-01	1.31e-01	7.08e-02	9.47e-02	1.38e-02	6.83e-04
 3.81991e+22	3.04e-27	7.17e-21	8.24e-16	1.54e-13	1.43e-11	4.58e-10	7.67e-09	1.63e-07	8.49e-05	3.15e-03	3.35e-02	1.18e-01	2.88e-01	2.62e-01	1.27e-01	6.72e-02	8.80e-02	1.25e-02	5.98e-04
 3.83170e+22	4.63e-27	1.07e-20	1.20e-15	2.14e-13	1.89e-11	5.81e-10	9.27e-09	1.89e-07	9.57e-05	3.51e-03	3.65e-02	1.25e-01	2.97e-01	2.61e-01	1.23e-01	6.27e-02	7.98e-02	1.09e-02	5.03e-04
 3.84369e+22	6.42e-27	1.45e-20	1.61e-15	2.76e-13	2.36e-11	6.99e-10	1.08e-08	2.12e-07	1.05e-04	3.82e-03	3.90e-02	1.31e-01	3.04e-01	2.60e-01	1.19e-01	5.93e-02	7.38e-02	9.77e-03	4.38e-04
 3.85593e+22	9.75e-27	2.16e-20	2.33e-15	3.83e-13	3.13e-11	8.88e-10	1.30e-08	2.46e-07	1.18e-04	4.24e-03	4.23e-02	1.39e-01	3.12e-01	2.58e-01	1.14e-01	5.52e-02	6.66e-02	8.48e-03	3.67e-04
 3.86825e+22	1.34e-26	2.92e-20	3.09e-15	4.91e-13	3.88e-11	1.06e-09	1.51e-08	2.75e-07	1.30e-04	4.60e-03	4.50e-02	1.44e-01	3.17e-01	2.56e-01	1.10e-01	5.21e-02	6.16e-02	7.62e-03	3.20e-04
 3.88067e+22	2.02e-26	4.31e-20	4.46e-15	6.76e-13	5.12e-11	1.35e-09	1.83e-08	3.19e-07	1.46e-04	5.08e-03	4.86e-02	1.52e-01	3.24e-01	2.54e-01	1.06e-01	4.83e-02	5.55e-02	6.60e-03	2.67e-04
 3.89331e+22	2.75e-26	5.77e-20	5.86e-15	8.60e-13	6.32e-11	1.61e-09	2.12e-08	3.58e-07	1.59e-04	5.49e-03	5.15e-02	1.58e-01	3.29e-01	2.51e-01	1.02e-01	4.56e-02	5.13e-02	5.92e-03	2.33e-04
 3.90443e+22	3.73e-26	7.69e-20	7.67e-15	1.09e-12	7.77e-11	1.92e-09	2.44e-08	4.01e-07	1.74e-04	5.91e-03	5.44e-02	1.63e-01	3.33e-01	2.48e-01	9.83e-02	4.30e-02	4.73e-02	5.31e-03	2.03e-04
 3.91537e+22	5.02e-26	1.02e-19	9.97e-15	1.37e-12	9.50e-11	2.28e-09	2.81e-08	4.47e-07	1.89e-04	6.35e-03	5.74e-02	1.69e-01	3.37e-01	2.45e-01	9.48e-02	4.06e-02	4.37e-02	4.77e-03	1.77e-04
 3.92793e+22	7.40e-26	1.47e-19	1.40e-14	1.85e-12	1.23e-10	2.86e-09	3.38e-08	5.17e-07	2.11e-04	6.97e-03	6.15e-02	1.76e-01	3.42e-01	2.41e-01	9.03e-02	3.75e-02	3.94e-02	4.14e-03	1.48e-04
 3.94050e+22	9.78e-26	1.90e-19	1.79e-14	2.30e-12	1.49e-10	3.36e-09	3.86e-08	5.75e-07	2.29e-04	7.45e-03	6.45e-02	1.82e-01	3.45e-01	2.38e-01	8.70e-02	3.54e-02	3.64e-02	3.73e-03	1.30e-04
 3.95308e+22	1.42e-25	2.70e-19	2.48e-14	3.07e-12	1.92e-10	4.18e-09	4.61e-08	6.62e-07	2.54e-04	8.14e-03	6.88e-02	1.89e-01	3.49e-01	2.33e-01	8.27e-02	3.28e-02	3.29e-02	3.24e-03	1.09e-04
 3.96549e+22	1.85e-25	3.46e-19	3.12e-14	3.76e-12	2.30e-10	4.87e-09	5.24e-08	7.32e-07	2.75e-04	8.66e-03	7.19e-02	1.94e-01	3.51e-01	2.30e-01	7.97e-02	3.10e-02	3.05e-02	2.93e-03	9.63e-05
 3.97767e+22	2.62e-25	4.81e-19	4.25e-14	4.93e-12	2.92e-10	5.99e-09	6.21e-08	8.38e-07	3.04e-04	9.40e-03	7.62e-02	2.01e-01	3.54e-01	2.25e-01	7.57e-02	2.87e-02	2.75e-02	2.56e-03	8.12e-05
 3.99005e+22	3.41e-25	6.15e-19	5.33e-14	6.03e-12	3.49e-10	6.98e-09	7.05e-08	9.28e-07	3.28e-04	1.00e-02	7.96e-02	2.06e-01	3.56e-01	2.21e-01	7.29e-02	2.71e-02	2.55e-02	2.31e-03	7.15e-05
 4.00266e+22	4.84e-25	8.54e-19	7.24e-14	7.90e-12	4.42e-10	8.57e-09	8.35e-08	1.06e-06	3.63e-04	1.08e-02	8.42e-02	2.12e-01	3.57e-01	2.16e-01	6.90e-02	2.51e-02	2.30e-02	2.01e-03	6.01e-05
 4.01552e+22	6.31e-25	1.09e-18	9.11e-14	9.70e-12	5.30e-10	1.00e-08	9.52e-08	1.18e-06	3.93e-04	1.15e-02	8.79e-02	2.17e-01	3.59e-01	2.11e-01	6.62e-02	2.36e-02	2.12e-02	1.81e-03	5.27e-05
 4.02869e+22	8.99e-25	1.52e-18	1.24e-13	1.27e-11	6.74e-10	1.24e-08	1.13e-07	1.35e-06	4.36e-04	1.25e-02	9.29e-02	2.24e-01	3.60e-01	2.06e-01	6.25e-02	2.17e-02	1.91e-02	1.57e-03	4.41e-05
 4.04210e+22	1.18e-24	1.96e-18	1.56e-13	1.56e-11	8.09e-10	1.45e-08	1.29e-07	1.51e-06	4.72e-04	1.33e-02	9.69e-02	2.29e-01	3.60e-01	2.01e-01	5.98e-02	2.04e-02	1.75e-02	1.41e-03	3.85e-05
 4.05580e+22	1.68e-24	2.73e-18	2.12e-13	2.05e-11	1.03e-09	1.79e-08	1.54e-07	1.74e-06	5.24e-04	1.44e-02	1.02e-01	2.36e-01	3.60e-01	1.95e-01	5.62e-02	1.87e-02	1.57e-02	1.21e-03	3.20e-05
 4.06977e+22	2.20e-24	3.51e-18	2.68e-13	2.53e-11	1.24e-09	2.10e-08	1.76e-07	1.93e-06	5.68e-04	1.53e-02	1.07e-01	2.41e-01	3.60e-01	1.90e-01	5.36e-02	1.75e-02	1.44e-02	1.08e-03	2.78e-05
 4.08406e+22	3.15e-24	4.90e-18	3.65e-13	3.33e-11	1.58e-09	2.59e-08	2.10e-07	2.23e-06	6.32e-04	1.66e-02	1.12e-01	2.47e-01	3.59e-01	1.84e-01	5.03e-02	1.60e-02	1.28e-02	9.30e-04	2.30e-05
 4.09804e+22	4.02e-24	6.14e-18	4.48e-13	4.01e-11	1.87e-09	3.00e-08	2.37e-07	2.46e-06	6.80e-04	1.76e-02	1.17e-01	2.52e-01	3.58e-01	1.79e-01	4.81e-02	1.51e-02	1.19e-02	8.39e-04	2.03e-05
 4.11159e+22	5.63e-24	8.41e-18	5.99e-13	5.18e-11	2.35e-09	3.66e-08	2.80e-07	2.82e-06	7.52e-04	1.89e-02	1.22e-01	2.58e-01	3.56e-01	1.73e-01	4.51e-02	1.38e-02	1.06e-02	7.24e-04	1.69e-05
 4.12535e+22	7.19e-24	1.05e-17	7.37e-13	6.25e-11	2.77e-09	4.23e-08	3.17e-07	3.11e-06	8.10e-04	2.00e-02	1.27e-01	2.62e-01	3.55e-01	1.69e-01	4.31e-02	1.30e-02	9.77e-03	6.51e-04	1.49e-05
 4.13938e+22	9.99e-24	1.43e-17	9.76e-13	8.03e-11	3.47e-09	5.15e-08	3.73e-07	3.56e-06	8.94e-04	2.15e-02	1.33e-01	2.68e-01	3.53e-01	1.63e-01	4.04e-02	1.19e-02	8.74e-03	5.63e-04	1.24e-05
 4.15384e+22	1.31e-23	1.83e-17	1.23e-12	9.85e-11	4.16e-09	6.03e-08	4.27e-07	3.97e-06	9.69e-04	2.29e-02	1.38e-01	2.72e-01	3.51e-01	1.58e-01	3.82e-02	1.11e-02	7.97e-03	5.00e-04	1.07e-05
 4.16887e+22	1.82e-23	2.50e-17	1.63e-12	1.27e-10	5.22e-09	7.36e-08	5.04e-07	4.54e-06	1.07e-03	2.46e-02	1.44e-01	2.77e-01	3.47e-01	1.52e-01	3.57e-02	1.01e-02	7.11e-03	4.30e-04	8.91e-06
 4.18438e+22	2.42e-23	3.24e-17	2.06e-12	1.57e-10	6.32e-09	8.70e-08	5.81e-07	5.10e-06	1.17e-03	2.62e-02	1.50e-01	2.82e-01	3.44e-01	1.46e-01	3.37e-02	9.34e-03	6.44e-03	3.78e-04	7.61e-06
 4.20053e+22	3.42e-23	4.47e-17	2.77e-12	2.05e-10	8.00e-09	1.07e-07	6.91e-07	5.88e-06	1.30e-03	2.82e-02	1.57e-01	2.87e-01	3.40e-01	1.40e-01	3.13e-02	8.47e-03	5.69e-03	3.22e-04	6.26e-06
 4.21711e+22	4.58e-23	5.84e-17	3.54e-12	2.55e-10	9.74e-09	1.27e-07	7.99e-07	6.62e-06	1.42e-03	3.01e-02	1.63e-01	2.91e-01	3.37e-01	1.35e-01	2.93e-02	7.80e-03	5.13e-03	2.82e-04	5.31e-06
 4.23426e+22	6.55e-23	8.14e-17	4.79e-12	3.35e-10	1.24e-08	1.57e-07	9.57e-07	7.66e-06	1.58e-03	3.25e-02	1.71e-01	2.96e-01	3.32e-01	1.28e-01	2.71e-02	7.03e-03	4.50e-03	2.38e-04	4.32e-06
 4.25196e+22	8.88e-23	1.08e-16	6.18e-12	4.22e-10	1.53e-08	1.88e-07	1.11e-06	8.68e-06	1.73e-03	3.47e-02	1.78e-01	3.00e-01	3.27e-01	1.23e-01	2.53e-02	6.43e-03	4.03e-03	2.06e-04	3.63e-06
 4.27038e+22	1.29e-22	1.52e-16	8.46e-12	5.60e-10	1.97e-08	2.35e-07	1.34e-06	1.01e-05	1.94e-03	3.76e-02	1.86e-01	3.04e-01	3.21e-01	1.16e-01	2.32e-02	5.75e-03	3.50e-03	1.72e-04	2.92e-06
 4.28935e+22	1.77e-22	2.03e-16	1.10e-11	7.11e-10	2.44e-08	2.84e-07	1.57e-06	1.15e-05	2.14e-03	4.02e-02	1.93e-01	3.08e-01	3.16e-01	1.11e-01	2.15e-02	5.22e-03	3.11e-03	1.48e-04	2.42e-06
 4.30645e+22	2.40e-22	2.68e-16	1.42e-11	8.93e-10	2.99e-08	3.39e-07	1.83e-06	1.30e-05	2.34e-03	4.28e-02	2.00e-01	3.11e-01	3.10e-01	1.06e-01	2.00e-02	4.76e-03	2.77e-03	1.28e-04	2.03e-06
 4.32610e+22	3.59e-22	3.88e-16	1.99e-11	1.21e-09	3.92e-08	4.30e-07	2.23e-06	1.53e-05	2.64e-03	4.65e-02	2.10e-01	3.15e-01	3.02e-01	9.94e-02	1.81e-02	4.20e-03	2.37e-03	1.05e-04	1.59e-06
 4.34586e+22	4.84e-22	5.11e-16	2.55e-11	1.51e-09	4.79e-08	5.13e-07	2.59e-06	1.73e-05	2.89e-03	4.94e-02	2.17e-01	3.17e-01	2.96e-01	9.46e-02	1.68e-02	3.82e-03	2.11e-03	9.02e-05	1.33e-06
 4.36577e+22	7.18e-22	7.34e-16	3.54e-11	2.04e-09	6.25e-08	6.48e-07	3.15e-06	2.03e-05	3.25e-03	5.35e-02	2.26e-01	3.20e-01	2.88e-01	8.85e-02	1.52e-02	3.37e-03	1.80e-03	7.39e-05	1.04e-06
 4.38611e+22	9.88e-22	9.83e-16	4.60e-11	2.58e-09	7.74e-08	7.81e-07	3.69e-06	2.31e-05	3.57e-03	5.71e-02	2.34e-01	3.22e-01	2.81e-01	8.37e-02	1.39e-02	3.03e-03	1.59e-03	6.27e-05	8.53e-07
 4.40700e+22	1.48e-21	1.42e-15	6.42e-11	3.49e-09	1.01e-07	9.90e-07	4.51e-06	2.72e-05	4.03e-03	6.18e-02	2.44e-01	3.23e-01	2.72e-01	7.78e-02	1.25e-02	2.65e-03	1.34e-03	5.09e-05	6.62e-07
 4.42832e+22	2.06e-21	1.93e-15	8.46e-11	4.47e-09	1.27e-07	1.20e-06	5.32e-06	3.12e-05	4.44e-03	6.60e-02	2.52e-01	3.25e-01	2.65e-01	7.31e-02	1.14e-02	2.37e-03	1.17e-03	4.27e-05	5.35e-07
 4.44731e+22	2.85e-21	2.59e-15	1.11e-10	5.70e-09	1.58e-07	1.46e-06	6.25e-06	3.56e-05	4.89e-03	7.02e-02	2.60e-01	3.25e-01	2.57e-01	6.87e-02	1.04e-02	2.12e-03	1.02e-03	3.58e-05	4.33e-07
 4.46911e+22	4.35e-21	3.81e-15	1.57e-10	7.80e-09	2.09e-07	1.87e-06	7.71e-06	4.23e-05	5.54e-03	7.61e-02	2.71e-01	3.26e-01	2.47e-01	6.31e-02	9.22e-03	1.82e-03	8.49e-04	2.84e-05	3.28e-07
 4.48979e+22	5.75e-21	4.92e-15	1.97e-10	9.59e-09	2.52e-07	2.20e-06	8.84e-06	4.73e-05	6.00e-03	8.03e-02	2.78e-01	3.25e-01	2.40e-01	5.97e-02	8.50e-03	1.65e-03	7.53e-04	2.44e-05	2.73e-07
 4.50900e+22	8.36e-21	6.92e-15	2.68e-10	1.26e-08	3.24e-07	2.75e-06	1.07e-05	5.52e-05	6.71e-03	8.61e-02	2.87e-01	3.25e-01	2.31e-01	5.51e-02	7.58e-03	1.44e-03	6.35e-04	1.97e-05	2.10e-07
 4.52824e+22	1.10e-20	8.91e-15	3.36e-10	1.55e-08	3.90e-07	3.24e-06	1.23e-05	6.18e-05	7.27e-03	9.07e-02	2.93e-01	3.24e-01	2.24e-01	5.19e-02	6.96e-03	1.30e-03	5.60e-04	1.68e-05	1.74e-07
 4.54751e+22	1.59e-20	1.24e-14	4.51e-10	2.03e-08	4.97e-07	4.02e-06	1.47e-05	7.18e-05	8.09e-03	9.69e-02	3.02e-01	3.22e-01	2.15e-01	4.78e-02	6.20e-03	1.13e-03	4.73e-04	1.36e-05	1.35e-07
 4.56723e+22	2.13e-20	1.62e-14	5.74e-10	2.52e-08	6.06e-07	4.79e-06	1.71e-05	8.12e-05	8.83e-03	1.02e-01	3.09e-01	3.21e-01	2.07e-01	4.46e-02	5.63e-03	1.01e-03	4.11e-04	1.14e-05	0.00e+00
 4.58756e+22	3.13e-20	2.30e-14	7.83e-10	3.34e-08	7.84e-07	6.03e-06	2.07e-05	9.55e-05	9.89e-03	1.10e-01	3.18e-01	3.18e-01	1.97e-01	4.07e-02	4.95e-03	8.65e-04	3.40e-04	8.99e-06	0.00e+00
 4.60799e+22	4.18e-20	2.99e-14	9.90e-10	4.14e-08	9.53e-07	7.17e-06	2.40e-05	1.08e-04	1.08e-02	1.16e-01	3.25e-01	3.16e-01	1.90e-01	3.78e-02	4.48e-03	7.69e-04	2.95e-04	7.51e-06	0.00e+00
 4.62855e+22	6.11e-20	4.21e-14	1.34e-09	5.46e-08	1.23e-06	9.02e-06	2.92e-05	1.27e-04	1.21e-02	1.24e-01	3.33e-01	3.12e-01	1.80e-01	3.43e-02	3.91e-03	6.56e-04	2.42e-04	5.88e-06	0.00e+00
 4.64952e+22	8.25e-20	5.52e-14	1.71e-09	6.81e-08	1.51e-06	1.08e-05	3.41e-05	1.44e-04	1.32e-02	1.31e-01	3.40e-01	3.09e-01	1.72e-01	3.16e-02	3.50e-03	5.76e-04	2.07e-04	4.83e-06	0.00e+00
 4.67100e+22	1.21e-19	7.82e-14	2.32e-09	9.04e-08	1.96e-06	1.37e-05	4.17e-05	1.71e-04	1.49e-02	1.40e-01	3.48e-01	3.04e-01	1.62e-01	2.84e-02	3.01e-03	4.84e-04	1.67e-04	3.71e-06	0.00e+00
 4.69291e+22	1.65e-19	1.03e-13	2.96e-09	1.13e-07	2.42e-06	1.66e-05	4.90e-05	1.96e-04	1.63e-02	1.48e-01	3.54e-01	2.99e-01	1.53e-01	2.59e-02	2.67e-03	4.21e-04	1.41e-04	2.99e-06	0.00e+00
 4.71535e+22	2.44e-19	1.46e-13	4.03e-09	1.51e-07	3.17e-06	2.12e-05	6.05e-05	2.35e-04	1.85e-02	1.59e-01	3.61e-01	2.93e-01	1.43e-01	2.30e-02	2.27e-03	3.49e-04	1.12e-04	2.25e-06	0.00e+00
 4.73802e+22	3.30e-19	1.92e-13	5.11e-09	1.88e-07	3.91e-06	2.57e-05	7.13e-05	2.70e-04	2.03e-02	1.67e-01	3.67e-01	2.87e-01	1.35e-01	2.08e-02	1.99e-03	3.00e-04	9.33e-05	1.79e-06	0.00e+00
 4.75719e+22	4.34e-19	2.45e-13	6.32e-09	2.29e-07	4.73e-06	3.07e-05	8.30e-05	3.08e-04	2.22e-02	1.76e-01	3.71e-01	2.82e-01	1.28e-01	1.90e-02	1.76e-03	2.60e-04	7.85e-05	1.45e-06	0.00e+00
 4.77807e+22	6.11e-19	3.31e-13	8.21e-09	2.95e-07	6.02e-06	3.83e-05	1.01e-04	3.63e-04	2.49e-02	1.87e-01	3.76e-01	2.74e-01	1.18e-01	1.68e-02	1.50e-03	2.17e-04	6.28e-05	1.10e-06	0.00e+00
 4.79901e+22	7.95e-19	4.18e-13	1.00e-08	3.57e-07	7.26e-06	4.56e-05	1.17e-04	4.14e-04	2.72e-02	1.96e-01	3.80e-01	2.68e-01	1.11e-01	1.52e-02	1.31e-03	1.87e-04	5.25e-05	8.80e-07	0.00e+00
 4.81949e+22	1.09e-18	5.51e-13	1.27e-08	4.50e-07	9.10e-06	5.63e-05	1.40e-04	4.86e-04	3.02e-02	2.08e-01	3.84e-01	2.60e-01	1.03e-01	1.35e-02	1.12e-03	1.56e-04	4.21e-05	6.69e-07	0.00e+00
 4.84037e+22	1.41e-18	6.93e-13	1.55e-08	5.45e-07	1.10e-05	6.72e-05	1.64e-04	5.57e-04	3.31e-02	2.18e-01	3.86e-01	2.52e-01	9.63e-02	1.21e-02	9.71e-04	1.33e-04	3.47e-05	5.28e-07	0.00e+00
 4.86085e+22	1.88e-18	8.89e-13	1.91e-08	6.73e-07	1.36e-05	8.20e-05	1.94e-04	6.50e-04	3.67e-02	2.30e-01	3.88e-01	2.44e-01	8.89e-02	1.06e-02	8.25e-04	1.11e-04	2.78e-05	4.02e-07	0.00e+00
 4.88175e+22	2.43e-18	1.11e-12	2.31e-08	8.15e-07	1.64e-05	9.83e-05	2.28e-04	7.49e-04	4.03e-02	2.41e-01	3.90e-01	2.36e-01	8.22e-02	9.45e-03	7.08e-04	9.32e-05	2.26e-05	3.12e-07	0.00e+00
 4.90234e+22	3.16e-18	1.39e-12	2.79e-08	9.89e-07	2.00e-05	1.19e-04	2.68e-04	8.68e-04	4.44e-02	2.53e-01	3.90e-01	2.27e-01	7.56e-02	8.32e-03	6.01e-04	7.76e-05	1.81e-05	2.38e-07	0.00e+00
 4.92309e+22	4.04e-18	1.72e-12	3.33e-08	1.19e-06	2.41e-05	1.42e-04	3.14e-04	1.00e-03	4.88e-02	2.64e-01	3.90e-01	2.18e-01	6.95e-02	7.32e-03	5.11e-04	6.48e-05	1.46e-05	1.83e-07	0.00e+00
 4.94359e+22	5.13e-18	2.11e-12	3.94e-08	1.42e-06	2.90e-05	1.69e-04	3.66e-04	1.16e-03	5.36e-02	2.76e-01	3.89e-01	2.09e-01	6.37e-02	6.44e-03	4.34e-04	5.40e-05	1.17e-05	1.40e-07	0.00e+00
 4.96405e+22	6.47e-18	2.57e-12	4.63e-08	1.69e-06	3.47e-05	2.01e-04	4.26e-04	1.33e-03	5.86e-02	2.88e-01	3.87e-01	2.00e-01	5.83e-02	5.65e-03	3.68e-04	4.49e-05	9.41e-06	0.00e+00	0.00e+00
 4.98453e+22	8.11e-18	3.12e-12	5.41e-08	2.00e-06	4.14e-05	2.39e-04	4.95e-04	1.53e-03	6.42e-02	3.00e-01	3.84e-01	1.91e-01	5.31e-02	4.94e-03	3.11e-04	3.73e-05	7.53e-06	0.00e+00	0.00e+00
 5.00507e+22	1.01e-17	3.75e-12	6.28e-08	2.36e-06	4.92e-05	2.83e-04	5.73e-04	1.76e-03	7.00e-02	3.12e-01	3.81e-01	1.82e-01	4.83e-02	4.31e-03	2.63e-04	3.09e-05	6.02e-06	0.00e+00	0.00e+00
 5.02571e+22	1.26e-17	4.50e-12	7.27e-08	2.78e-06	5.84e-05	3.33e-04	6.61e-04	2.01e-03	7.64e-02	3.24e-01	3.77e-01	1.73e-01	4.39e-02	3.76e-03	2.21e-04	2.55e-05	4.79e-06	0.00e+00	0.00e+00
 5.04653e+22	1.55e-17	5.37e-12	8.38e-08	3.26e-06	6.91e-05	3.92e-04	7.62e-04	2.31e-03	8.32e-02	3.35e-01	3.72e-01	1.64e-01	3.97e-02	3.26e-03	1.86e-04	2.10e-05	3.81e-06	0.00e+00	0.00e+00
 5.06756e+22	1.92e-17	6.41e-12	9.64e-08	3.82e-06	8.17e-05	4.61e-04	8.76e-04	2.64e-03	9.04e-02	3.46e-01	3.66e-01	1.54e-01	3.58e-02	2.83e-03	1.56e-04	1.72e-05	3.02e-06	0.00e+00	0.00e+00
 5.08870e+22	2.37e-17	7.62e-12	1.10e-07	4.47e-06	9.61e-05	5.40e-04	1.00e-03	3.01e-03	9.81e-02	3.57e-01	3.59e-01	1.46e-01	3.23e-02	2.45e-03	1.30e-04	1.41e-05	2.39e-06	0.00e+00	0.00e+00
 5.11017e+22	2.93e-17	9.08e-12	1.27e-07	5.23e-06	1.13e-04	6.34e-04	1.15e-03	3.44e-03	1.06e-01	3.68e-01	3.52e-01	1.37e-01	2.89e-02	2.11e-03	1.08e-04	1.15e-05	1.88e-06	0.00e+00	0.00e+00
 5.13186e+22	3.60e-17	1.08e-11	1.45e-07	6.11e-06	1.33e-04	7.39e-04	1.31e-03	3.91e-03	1.15e-01	3.78e-01	3.44e-01	1.28e-01	2.59e-02	1.82e-03	9.05e-05	9.42e-06	1.49e-06	0.00e+00	0.00e+00
 5.15399e+22	4.48e-17	1.29e-11	1.67e-07	7.17e-06	1.57e-04	8.66e-04	1.50e-03	4.47e-03	1.25e-01	3.88e-01	3.36e-01	1.20e-01	2.31e-02	1.55e-03	7.47e-05	7.61e-06	1.16e-06	0.00e+00	0.00e+00
 5.17649e+22	5.54e-17	1.54e-11	1.92e-07	8.39e-06	1.84e-04	1.01e-03	1.71e-03	5.08e-03	1.34e-01	3.97e-01	3.27e-01	1.12e-01	2.05e-02	1.33e-03	6.20e-05	6.18e-06	9.07e-07	0.00e+00	0.00e+00
 5.19711e+22	6.64e-17	1.79e-11	2.16e-07	9.57e-06	2.10e-04	1.14e-03	1.90e-03	5.64e-03	1.43e-01	4.04e-01	3.19e-01	1.05e-01	1.86e-02	1.17e-03	5.29e-05	5.18e-06	7.38e-07	0.00e+00	0.00e+00
 5.21865e+22	8.36e-17	2.16e-11	2.51e-07	1.13e-05	2.49e-04	1.34e-03	2.16e-03	6.44e-03	1.54e-01	4.13e-01	3.08e-01	9.73e-02	1.64e-02	9.84e-04	4.31e-05	4.12e-06	5.66e-07	0.00e+00	0.00e+00
 5.24053e+22	1.01e-16	2.53e-11	2.85e-07	1.30e-05	2.84e-04	1.52e-03	2.40e-03	7.13e-03	1.63e-01	4.19e-01	3.00e-01	9.13e-02	1.48e-02	8.59e-04	3.66e-05	3.44e-06	4.59e-07	0.00e+00	0.00e+00
 5.26304e+22	1.30e-16	3.11e-11	3.36e-07	1.55e-05	3.38e-04	1.78e-03	2.73e-03	8.13e-03	1.76e-01	4.26e-01	2.88e-01	8.38e-02	1.29e-02	7.20e-04	2.96e-05	2.72e-06	3.49e-07	0.00e+00	0.00e+00
 5.28561e+22	1.57e-16	3.66e-11	3.82e-07	1.77e-05	3.85e-04	2.01e-03	3.01e-03	8.97e-03	1.85e-01	4.30e-01	2.80e-01	7.84e-02	1.16e-02	6.28e-04	2.51e-05	2.26e-06	2.83e-07	0.00e+00	0.00e+00
 5.30824e+22	2.03e-16	4.51e-11	4.52e-07	2.12e-05	4.56e-04	2.35e-03	3.40e-03	1.02e-02	1.98e-01	4.35e-01	2.68e-01	7.17e-02	1.01e-02	5.25e-04	2.03e-05	1.78e-06	2.15e-07	0.00e+00	0.00e+00
 5.33094e+22	2.48e-16	5.35e-11	5.19e-07	2.44e-05	5.19e-04	2.64e-03	3.73e-03	1.12e-02	2.08e-01	4.38e-01	2.59e-01	6.70e-02	9.09e-03	4.59e-04	1.73e-05	1.49e-06	1.74e-07	0.00e+00	0.00e+00
 5.35376e+22	3.23e-16	6.67e-11	6.21e-07	2.92e-05	6.13e-04	3.07e-03	4.20e-03	1.26e-02	2.22e-01	4.41e-01	2.47e-01	6.11e-02	7.90e-03	3.83e-04	1.39e-05	1.17e-06	1.32e-07	0.00e+00	0.00e+00
 5.37681e+22	3.99e-16	7.98e-11	7.18e-07	3.37e-05	6.99e-04	3.45e-03	4.60e-03	1.38e-02	2.33e-01	4.43e-01	2.38e-01	5.68e-02	7.08e-03	3.34e-04	1.18e-05	9.77e-07	0.00e+00	0.00e+00	0.00e+00
