#depth	N	N+	N+2	N+3	N+4	N+5	N+6	N+7
 4.62852e+21	0.00e+00	1.34e-27	1.18e-21	1.07e-16	3.44e-12	2.32e-07	9.58e-04	9.99e-01
 1.05529e+22	0.00e+00	1.11e-26	6.97e-21	4.61e-16	1.06e-11	4.83e-07	1.37e-03	9.99e-01
 1.27361e+22	0.00e+00	4.70e-26	2.34e-20	1.24e-15	2.28e-11	7.96e-07	1.74e-03	9.98e-01
 1.43333e+22	9.08e-33	1.49e-25	6.18e-20	2.75e-15	4.21e-11	1.19e-06	2.11e-03	9.98e-01
 1.52206e+22	1.27e-32	1.99e-25	7.89e-20	3.35e-15	4.90e-11	1.31e-06	2.22e-03	9.98e-01
 1.55280e+22	1.62e-32	2.46e-25	9.42e-20	3.87e-15	5.49e-11	1.41e-06	2.29e-03	9.98e-01
 1.58270e+22	2.23e-32	3.22e-25	1.18e-19	4.67e-15	6.34e-11	1.55e-06	2.40e-03	9.98e-01
 1.61114e+22	2.82e-32	3.95e-25	1.40e-19	5.36e-15	7.05e-11	1.66e-06	2.49e-03	9.98e-01
 1.63383e+22	3.43e-32	4.67e-25	1.62e-19	6.04e-15	7.73e-11	1.76e-06	2.56e-03	9.97e-01
 1.65945e+22	4.44e-32	5.84e-25	1.95e-19	7.03e-15	8.69e-11	1.91e-06	2.65e-03	9.97e-01
 1.68683e+22	5.64e-32	7.18e-25	2.32e-19	8.10e-15	9.71e-11	2.05e-06	2.75e-03	9.97e-01
 1.71231e+22	7.17e-32	8.82e-25	2.76e-19	9.33e-15	1.08e-10	2.20e-06	2.85e-03	9.97e-01
 1.73735e+22	9.10e-32	1.08e-24	3.28e-19	1.07e-14	1.21e-10	2.36e-06	2.95e-03	9.97e-01
 1.76144e+22	1.14e-31	1.31e-24	3.85e-19	1.22e-14	1.33e-10	2.53e-06	3.04e-03	9.97e-01
 1.78821e+22	1.47e-31	1.64e-24	4.66e-19	1.43e-14	1.51e-10	2.73e-06	3.16e-03	9.97e-01
 1.81650e+22	1.90e-31	2.05e-24	5.61e-19	1.66e-14	1.69e-10	2.95e-06	3.28e-03	9.97e-01
 1.84129e+22	2.39e-31	2.49e-24	6.61e-19	1.90e-14	1.88e-10	3.16e-06	3.39e-03	9.97e-01
 1.86803e+22	3.12e-31	3.13e-24	8.03e-19	2.23e-14	2.12e-10	3.43e-06	3.53e-03	9.96e-01
 1.89641e+22	4.03e-31	3.90e-24	9.65e-19	2.59e-14	2.38e-10	3.70e-06	3.66e-03	9.96e-01
 1.92069e+22	5.03e-31	4.71e-24	1.13e-18	2.95e-14	2.63e-10	3.95e-06	3.78e-03	9.96e-01
 1.94257e+22	6.16e-31	5.62e-24	1.31e-18	3.33e-14	2.89e-10	4.20e-06	3.90e-03	9.96e-01
 1.96755e+22	7.84e-31	6.91e-24	1.56e-18	3.84e-14	3.23e-10	4.52e-06	4.04e-03	9.96e-01
 1.99483e+22	1.01e-30	8.55e-24	1.87e-18	4.44e-14	3.61e-10	4.87e-06	4.19e-03	9.96e-01
 2.01998e+22	1.27e-30	1.04e-23	2.20e-18	5.08e-14	4.01e-10	5.23e-06	4.33e-03	9.96e-01
 2.04752e+22	1.67e-30	1.32e-23	2.69e-18	5.98e-14	4.55e-10	5.68e-06	4.51e-03	9.95e-01
 2.07495e+22	2.13e-30	1.63e-23	3.20e-18	6.88e-14	5.07e-10	6.11e-06	4.68e-03	9.95e-01
 2.09724e+22	2.62e-30	1.94e-23	3.71e-18	7.76e-14	5.56e-10	6.50e-06	4.82e-03	9.95e-01
 2.12123e+22	3.32e-30	2.38e-23	4.40e-18	8.93e-14	6.20e-10	6.99e-06	4.99e-03	9.95e-01
 2.14748e+22	4.22e-30	2.92e-23	5.23e-18	1.03e-13	6.90e-10	7.51e-06	5.18e-03	9.95e-01
 2.17202e+22	5.28e-30	3.54e-23	6.14e-18	1.17e-13	7.62e-10	8.03e-06	5.35e-03	9.95e-01
 2.19926e+22	6.92e-30	4.47e-23	7.46e-18	1.37e-13	8.62e-10	8.72e-06	5.57e-03	9.94e-01
 2.22646e+22	8.82e-30	5.49e-23	8.85e-18	1.58e-13	9.57e-10	9.37e-06	5.78e-03	9.94e-01
 2.24868e+22	1.09e-29	6.57e-23	1.03e-17	1.78e-13	1.05e-09	9.98e-06	5.96e-03	9.94e-01
 2.27265e+22	1.38e-29	8.07e-23	1.22e-17	2.04e-13	1.17e-09	1.07e-05	6.18e-03	9.94e-01
 2.29858e+22	1.76e-29	9.92e-23	1.45e-17	2.34e-13	1.30e-09	1.15e-05	6.41e-03	9.94e-01
 2.32241e+22	2.20e-29	1.20e-22	1.69e-17	2.66e-13	1.43e-09	1.23e-05	6.62e-03	9.93e-01
 2.34876e+22	2.88e-29	1.51e-22	2.05e-17	3.10e-13	1.60e-09	1.33e-05	6.90e-03	9.93e-01
 2.37499e+22	3.65e-29	1.84e-22	2.42e-17	3.54e-13	1.77e-09	1.43e-05	7.15e-03	9.93e-01
 2.39653e+22	4.48e-29	2.19e-22	2.79e-17	3.98e-13	1.93e-09	1.52e-05	7.37e-03	9.93e-01
 2.41998e+22	5.75e-29	2.71e-22	3.33e-17	4.58e-13	2.15e-09	1.64e-05	7.65e-03	9.92e-01
 2.44485e+22	7.20e-29	3.28e-22	3.90e-17	5.20e-13	2.36e-09	1.75e-05	7.92e-03	9.92e-01
 2.46796e+22	9.03e-29	3.97e-22	4.56e-17	5.89e-13	2.59e-09	1.87e-05	8.20e-03	9.92e-01
 2.49443e+22	1.19e-28	5.02e-22	5.54e-17	6.88e-13	2.91e-09	2.03e-05	8.55e-03	9.91e-01
 2.52053e+22	1.52e-28	6.16e-22	6.55e-17	7.85e-13	3.20e-09	2.17e-05	8.87e-03	9.91e-01
 2.54133e+22	1.87e-28	7.35e-22	7.56e-17	8.79e-13	3.48e-09	2.31e-05	9.16e-03	9.91e-01
 2.56355e+22	2.38e-28	8.97e-22	8.91e-17	1.00e-12	3.83e-09	2.47e-05	9.50e-03	9.90e-01
 2.58763e+22	3.03e-28	1.10e-21	1.05e-16	1.14e-12	4.20e-09	2.65e-05	9.85e-03	9.90e-01
 2.60964e+22	3.73e-28	1.31e-21	1.22e-16	1.28e-12	4.57e-09	2.82e-05	1.02e-02	9.90e-01
 2.63377e+22	4.92e-28	1.65e-21	1.47e-16	1.48e-12	5.08e-09	3.05e-05	1.06e-02	9.89e-01
 2.65751e+22	6.19e-28	2.00e-21	1.71e-16	1.67e-12	5.53e-09	3.25e-05	1.10e-02	9.89e-01
 2.67699e+22	7.47e-28	2.35e-21	1.95e-16	1.85e-12	5.97e-09	3.43e-05	1.13e-02	9.89e-01
 2.69855e+22	9.64e-28	2.90e-21	2.32e-16	2.11e-12	6.55e-09	3.68e-05	1.18e-02	9.88e-01
 2.72099e+22	1.21e-27	3.50e-21	2.69e-16	2.38e-12	7.10e-09	3.92e-05	1.22e-02	9.88e-01
 2.74127e+22	1.50e-27	4.19e-21	3.12e-16	2.66e-12	7.70e-09	4.16e-05	1.26e-02	9.87e-01
 2.76436e+22	1.99e-27	5.31e-21	3.77e-16	3.08e-12	8.53e-09	4.50e-05	1.31e-02	9.87e-01
 2.78752e+22	2.49e-27	6.40e-21	4.39e-16	3.46e-12	9.25e-09	4.79e-05	1.36e-02	9.86e-01
 2.80735e+22	3.11e-27	7.69e-21	5.08e-16	3.88e-12	1.00e-08	5.09e-05	1.41e-02	9.86e-01
 2.82653e+22	3.81e-27	9.11e-21	5.83e-16	4.31e-12	1.08e-08	5.39e-05	1.45e-02	9.85e-01
 2.84827e+22	4.97e-27	1.14e-20	6.96e-16	4.94e-12	1.18e-08	5.80e-05	1.51e-02	9.85e-01
 2.87051e+22	6.28e-27	1.38e-20	8.14e-16	5.56e-12	1.28e-08	6.18e-05	1.57e-02	9.84e-01
 2.88991e+22	7.83e-27	1.66e-20	9.42e-16	6.22e-12	1.39e-08	6.56e-05	1.62e-02	9.84e-01
 2.91163e+22	1.03e-26	2.09e-20	1.13e-15	7.17e-12	1.52e-08	7.08e-05	1.69e-02	9.83e-01
 2.93314e+22	1.29e-26	2.50e-20	1.31e-15	8.00e-12	1.64e-08	7.51e-05	1.75e-02	9.82e-01
 2.95438e+22	1.70e-26	3.15e-20	1.58e-15	9.20e-12	1.81e-08	8.10e-05	1.82e-02	9.82e-01
 2.97592e+22	2.13e-26	3.79e-20	1.83e-15	1.03e-11	1.96e-08	8.62e-05	1.88e-02	9.81e-01
 2.99470e+22	2.66e-26	4.57e-20	2.13e-15	1.16e-11	2.11e-08	9.16e-05	1.95e-02	9.80e-01
 3.01315e+22	3.30e-26	5.46e-20	2.45e-15	1.29e-11	2.27e-08	9.71e-05	2.01e-02	9.80e-01
 3.03434e+22	4.34e-26	6.86e-20	2.95e-15	1.48e-11	2.50e-08	1.05e-04	2.10e-02	9.79e-01
 3.05610e+22	5.56e-26	8.41e-20	3.47e-15	1.68e-11	2.72e-08	1.12e-04	2.18e-02	9.78e-01
 3.07466e+22	6.95e-26	1.01e-19	4.02e-15	1.88e-11	2.93e-08	1.19e-04	2.25e-02	9.77e-01
 3.09487e+22	9.12e-26	1.27e-19	4.82e-15	2.16e-11	3.21e-08	1.28e-04	2.34e-02	9.76e-01
 3.11592e+22	1.17e-25	1.56e-19	5.68e-15	2.44e-11	3.49e-08	1.37e-04	2.43e-02	9.76e-01
 3.13484e+22	1.47e-25	1.88e-19	6.62e-15	2.74e-11	3.78e-08	1.45e-04	2.51e-02	9.75e-01
 3.15622e+22	2.00e-25	2.43e-19	8.13e-15	3.21e-11	4.19e-08	1.58e-04	2.63e-02	9.74e-01
 3.17803e+22	2.59e-25	3.01e-19	9.65e-15	3.65e-11	4.57e-08	1.69e-04	2.73e-02	9.73e-01
 3.19629e+22	3.24e-25	3.62e-19	1.12e-14	4.09e-11	4.93e-08	1.80e-04	2.82e-02	9.72e-01
 3.21593e+22	4.31e-25	4.60e-19	1.36e-14	4.73e-11	5.44e-08	1.94e-04	2.94e-02	9.70e-01
 3.23597e+22	5.53e-25	5.65e-19	1.60e-14	5.36e-11	5.92e-08	2.07e-04	3.04e-02	9.69e-01
 3.25220e+22	6.77e-25	6.70e-19	1.83e-14	5.95e-11	6.34e-08	2.19e-04	3.13e-02	9.68e-01
 3.26899e+22	8.74e-25	8.28e-19	2.18e-14	6.77e-11	6.91e-08	2.34e-04	3.24e-02	9.67e-01
 3.28507e+22	1.06e-24	9.72e-19	2.47e-14	7.47e-11	7.38e-08	2.46e-04	3.33e-02	9.66e-01
 3.29804e+22	1.28e-24	1.14e-18	2.81e-14	8.23e-11	7.87e-08	2.58e-04	3.42e-02	9.66e-01
 3.31075e+22	1.54e-24	1.33e-18	3.18e-14	9.03e-11	8.37e-08	2.71e-04	3.51e-02	9.65e-01
 3.32317e+22	1.83e-24	1.53e-18	3.56e-14	9.85e-11	8.88e-08	2.83e-04	3.59e-02	9.64e-01
 3.33719e+22	2.30e-24	1.85e-18	4.16e-14	1.11e-10	9.60e-08	3.01e-04	3.70e-02	9.63e-01
 3.35115e+22	2.76e-24	2.16e-18	4.71e-14	1.22e-10	1.02e-07	3.15e-04	3.80e-02	9.62e-01
 3.36267e+22	3.30e-24	2.50e-18	5.31e-14	1.33e-10	1.09e-07	3.30e-04	3.89e-02	9.61e-01
 3.37341e+22	3.89e-24	2.87e-18	5.93e-14	1.45e-10	1.15e-07	3.44e-04	3.97e-02	9.60e-01
 3.38555e+22	4.79e-24	3.42e-18	6.83e-14	1.61e-10	1.23e-07	3.63e-04	4.08e-02	9.59e-01
 3.39816e+22	5.74e-24	3.97e-18	7.72e-14	1.77e-10	1.31e-07	3.80e-04	4.18e-02	9.58e-01
 3.40952e+22	6.88e-24	4.63e-18	8.73e-14	1.95e-10	1.40e-07	3.98e-04	4.28e-02	9.57e-01
 3.42073e+22	8.21e-24	5.37e-18	9.84e-14	2.13e-10	1.49e-07	4.16e-04	4.38e-02	9.56e-01
 3.43359e+22	1.05e-23	6.61e-18	1.17e-13	2.43e-10	1.62e-07	4.43e-04	4.52e-02	9.54e-01
 3.44562e+22	1.25e-23	7.62e-18	1.31e-13	2.65e-10	1.71e-07	4.62e-04	4.62e-02	9.53e-01
 3.45656e+22	1.55e-23	9.12e-18	1.51e-13	2.96e-10	1.85e-07	4.87e-04	4.74e-02	9.52e-01
 3.46767e+22	1.85e-23	1.06e-17	1.71e-13	3.25e-10	1.96e-07	5.09e-04	4.85e-02	9.51e-01
 3.47749e+22	2.19e-23	1.22e-17	1.92e-13	3.55e-10	2.08e-07	5.31e-04	4.95e-02	9.50e-01
 3.48874e+22	2.80e-23	1.50e-17	2.27e-13	4.03e-10	2.27e-07	5.63e-04	5.10e-02	9.48e-01
 3.49991e+22	3.37e-23	1.76e-17	2.58e-13	4.44e-10	2.42e-07	5.89e-04	5.22e-02	9.47e-01
 3.51096e+22	4.30e-23	2.16e-17	3.05e-13	5.05e-10	2.63e-07	6.25e-04	5.37e-02	9.46e-01
 3.52214e+22	5.24e-23	2.55e-17	3.49e-13	5.60e-10	2.82e-07	6.55e-04	5.50e-02	9.44e-01
 3.53348e+22	6.87e-23	3.20e-17	4.21e-13	6.45e-10	3.10e-07	6.98e-04	5.67e-02	9.43e-01
 3.54434e+22	8.21e-23	3.72e-17	4.76e-13	7.08e-10	3.30e-07	7.28e-04	5.79e-02	9.41e-01
 3.55459e+22	1.07e-22	4.64e-17	5.69e-13	8.12e-10	3.61e-07	7.73e-04	5.97e-02	9.40e-01
 3.56492e+22	1.28e-22	5.42e-17	6.47e-13	8.95e-10	3.85e-07	8.08e-04	6.10e-02	9.38e-01
 3.57535e+22	1.70e-22	6.88e-17	7.86e-13	1.04e-09	4.25e-07	8.61e-04	6.29e-02	9.36e-01
 3.58543e+22	2.02e-22	7.98e-17	8.87e-13	1.14e-09	4.52e-07	8.97e-04	6.42e-02	9.35e-01
 3.59505e+22	2.67e-22	1.01e-16	1.08e-12	1.32e-09	4.98e-07	9.55e-04	6.61e-02	9.33e-01
 3.60465e+22	3.20e-22	1.18e-16	1.22e-12	1.45e-09	5.31e-07	9.96e-04	6.75e-02	9.32e-01
 3.61423e+22	4.26e-22	1.50e-16	1.49e-12	1.69e-09	5.87e-07	1.06e-03	6.96e-02	9.29e-01
 3.62388e+22	5.21e-22	1.78e-16	1.71e-12	1.88e-09	6.31e-07	1.11e-03	7.11e-02	9.28e-01
 3.63360e+22	7.00e-22	2.29e-16	2.11e-12	2.20e-09	7.00e-07	1.19e-03	7.34e-02	9.25e-01
 3.64349e+22	8.68e-22	2.75e-16	2.45e-12	2.47e-09	7.56e-07	1.25e-03	7.51e-02	9.24e-01
 3.65358e+22	1.17e-21	3.55e-16	3.02e-12	2.89e-09	8.40e-07	1.33e-03	7.76e-02	9.21e-01
 3.66357e+22	1.47e-21	4.30e-16	3.54e-12	3.26e-09	9.11e-07	1.40e-03	7.94e-02	9.19e-01
 3.67344e+22	1.99e-21	5.57e-16	4.37e-12	3.83e-09	1.01e-06	1.50e-03	8.20e-02	9.17e-01
 3.68350e+22	2.53e-21	6.84e-16	5.18e-12	4.36e-09	1.11e-06	1.58e-03	8.41e-02	9.14e-01
 3.69379e+22	3.49e-21	9.00e-16	6.49e-12	5.18e-09	1.24e-06	1.70e-03	8.70e-02	9.11e-01
 3.70415e+22	4.48e-21	1.11e-15	7.73e-12	5.92e-09	1.35e-06	1.79e-03	8.93e-02	9.09e-01
 3.71460e+22	6.23e-21	1.47e-15	9.75e-12	7.06e-09	1.52e-06	1.93e-03	9.24e-02	9.06e-01
 3.72512e+22	8.02e-21	1.83e-15	1.16e-11	8.09e-09	1.67e-06	2.04e-03	9.48e-02	9.03e-01
 3.73424e+22	1.03e-20	2.27e-15	1.39e-11	9.25e-09	1.83e-06	2.16e-03	9.73e-02	9.01e-01
 3.74459e+22	1.43e-20	3.01e-15	1.75e-11	1.10e-08	2.06e-06	2.32e-03	1.01e-01	8.97e-01
 3.75484e+22	1.80e-20	3.66e-15	2.06e-11	1.25e-08	2.24e-06	2.44e-03	1.03e-01	8.94e-01
 3.76495e+22	2.45e-20	4.76e-15	2.56e-11	1.48e-08	2.50e-06	2.61e-03	1.06e-01	8.91e-01
 3.77536e+22	3.15e-20	5.89e-15	3.06e-11	1.69e-08	2.74e-06	2.77e-03	1.09e-01	8.88e-01
 3.78616e+22	4.33e-20	7.74e-15	3.83e-11	2.01e-08	3.07e-06	2.97e-03	1.13e-01	8.84e-01
 3.79716e+22	5.56e-20	9.60e-15	4.58e-11	2.30e-08	3.37e-06	3.15e-03	1.16e-01	8.81e-01
 3.80842e+22	7.68e-20	1.27e-14	5.76e-11	2.74e-08	3.80e-06	3.38e-03	1.20e-01	8.77e-01
 3.81991e+22	9.85e-20	1.57e-14	6.87e-11	3.14e-08	4.16e-06	3.58e-03	1.23e-01	8.73e-01
 3.83170e+22	1.36e-19	2.06e-14	8.64e-11	3.75e-08	4.69e-06	3.86e-03	1.27e-01	8.69e-01
 3.84369e+22	1.74e-19	2.55e-14	1.03e-10	4.29e-08	5.15e-06	4.09e-03	1.31e-01	8.65e-01
 3.85593e+22	2.40e-19	3.36e-14	1.29e-10	5.11e-08	5.80e-06	4.40e-03	1.35e-01	8.60e-01
 3.86825e+22	3.04e-19	4.12e-14	1.53e-10	5.83e-08	6.35e-06	4.66e-03	1.39e-01	8.56e-01
 3.88067e+22	4.16e-19	5.39e-14	1.92e-10	6.93e-08	7.15e-06	5.01e-03	1.44e-01	8.51e-01
 3.89331e+22	5.24e-19	6.57e-14	2.26e-10	7.87e-08	7.81e-06	5.30e-03	1.47e-01	8.48e-01
 3.90443e+22	6.58e-19	8.00e-14	2.66e-10	8.93e-08	8.52e-06	5.59e-03	1.51e-01	8.44e-01
 3.91537e+22	8.23e-19	9.69e-14	3.13e-10	1.01e-07	9.28e-06	5.90e-03	1.55e-01	8.40e-01
 3.92793e+22	1.10e-18	1.25e-13	3.85e-10	1.19e-07	1.04e-05	6.33e-03	1.59e-01	8.34e-01
 3.94050e+22	1.35e-18	1.49e-13	4.47e-10	1.33e-07	1.13e-05	6.65e-03	1.63e-01	8.30e-01
 3.95308e+22	1.79e-18	1.89e-13	5.45e-10	1.56e-07	1.25e-05	7.12e-03	1.68e-01	8.25e-01
 3.96549e+22	2.17e-18	2.23e-13	6.27e-10	1.74e-07	1.35e-05	7.47e-03	1.72e-01	8.21e-01
 3.97767e+22	2.83e-18	2.80e-13	7.58e-10	2.02e-07	1.50e-05	7.96e-03	1.77e-01	8.15e-01
 3.99005e+22	3.42e-18	3.30e-13	8.70e-10	2.24e-07	1.62e-05	8.35e-03	1.80e-01	8.11e-01
 4.00266e+22	4.44e-18	4.13e-13	1.05e-09	2.60e-07	1.79e-05	8.90e-03	1.85e-01	8.06e-01
 4.01552e+22	5.39e-18	4.89e-13	1.21e-09	2.90e-07	1.94e-05	9.34e-03	1.89e-01	8.01e-01
 4.02869e+22	7.01e-18	6.12e-13	1.46e-09	3.37e-07	2.15e-05	9.97e-03	1.95e-01	7.95e-01
 4.04210e+22	8.52e-18	7.24e-13	1.68e-09	3.76e-07	2.32e-05	1.05e-02	1.99e-01	7.90e-01
 4.05580e+22	1.11e-17	9.09e-13	2.03e-09	4.37e-07	2.58e-05	1.12e-02	2.05e-01	7.84e-01
 4.06977e+22	1.35e-17	1.08e-12	2.34e-09	4.89e-07	2.80e-05	1.17e-02	2.09e-01	7.79e-01
 4.08406e+22	1.76e-17	1.35e-12	2.83e-09	5.68e-07	3.11e-05	1.25e-02	2.15e-01	7.72e-01
 4.09804e+22	2.08e-17	1.57e-12	3.21e-09	6.26e-07	3.33e-05	1.31e-02	2.19e-01	7.68e-01
 4.11159e+22	2.68e-17	1.94e-12	3.85e-09	7.23e-07	3.69e-05	1.40e-02	2.25e-01	7.61e-01
 4.12535e+22	3.18e-17	2.25e-12	4.36e-09	7.98e-07	3.96e-05	1.46e-02	2.30e-01	7.56e-01
 4.13938e+22	4.04e-17	2.77e-12	5.19e-09	9.16e-07	4.36e-05	1.55e-02	2.35e-01	7.49e-01
 4.15384e+22	4.90e-17	3.27e-12	5.96e-09	1.02e-06	4.72e-05	1.63e-02	2.40e-01	7.43e-01
 4.16887e+22	6.22e-17	4.02e-12	7.09e-09	1.17e-06	5.21e-05	1.73e-02	2.46e-01	7.36e-01
 4.18438e+22	7.61e-17	4.79e-12	8.21e-09	1.32e-06	5.66e-05	1.82e-02	2.52e-01	7.30e-01
 4.20053e+22	9.75e-17	5.93e-12	9.83e-09	1.52e-06	6.26e-05	1.94e-02	2.58e-01	7.22e-01
 4.21711e+22	1.20e-16	7.09e-12	1.14e-08	1.71e-06	6.82e-05	2.05e-02	2.64e-01	7.15e-01
 4.23426e+22	1.54e-16	8.82e-12	1.37e-08	1.98e-06	7.58e-05	2.18e-02	2.71e-01	7.07e-01
 4.25196e+22	1.91e-16	1.06e-11	1.61e-08	2.25e-06	8.28e-05	2.31e-02	2.77e-01	7.00e-01
 4.27038e+22	2.49e-16	1.33e-11	1.95e-08	2.62e-06	9.24e-05	2.47e-02	2.85e-01	6.91e-01
 4.28935e+22	3.12e-16	1.62e-11	2.29e-08	2.98e-06	1.01e-04	2.61e-02	2.91e-01	6.83e-01
 4.30645e+22	3.84e-16	1.94e-11	2.66e-08	3.36e-06	1.11e-04	2.75e-02	2.97e-01	6.75e-01
 4.32610e+22	5.13e-16	2.49e-11	3.29e-08	3.97e-06	1.25e-04	2.96e-02	3.06e-01	6.64e-01
 4.34586e+22	6.31e-16	2.97e-11	3.82e-08	4.48e-06	1.36e-04	3.12e-02	3.12e-01	6.57e-01
 4.36577e+22	8.35e-16	3.79e-11	4.68e-08	5.27e-06	1.52e-04	3.35e-02	3.21e-01	6.46e-01
 4.38611e+22	1.05e-15	4.60e-11	5.52e-08	6.01e-06	1.67e-04	3.55e-02	3.28e-01	6.37e-01
 4.40700e+22	1.39e-15	5.89e-11	6.79e-08	7.09e-06	1.88e-04	3.81e-02	3.36e-01	6.25e-01
 4.42832e+22	1.77e-15	7.24e-11	8.08e-08	8.15e-06	2.08e-04	4.05e-02	3.44e-01	6.16e-01
 4.44731e+22	2.23e-15	8.86e-11	9.58e-08	9.33e-06	2.29e-04	4.29e-02	3.51e-01	6.06e-01
 4.46911e+22	3.03e-15	1.15e-10	1.20e-07	1.12e-05	2.61e-04	4.64e-02	3.61e-01	5.93e-01
 4.48979e+22	3.69e-15	1.37e-10	1.38e-07	1.25e-05	2.83e-04	4.87e-02	3.67e-01	5.84e-01
 4.50900e+22	4.88e-15	1.74e-10	1.70e-07	1.48e-05	3.18e-04	5.22e-02	3.76e-01	5.72e-01
 4.52824e+22	5.97e-15	2.07e-10	1.97e-07	1.66e-05	3.46e-04	5.49e-02	3.82e-01	5.63e-01
 4.54751e+22	7.81e-15	2.62e-10	2.40e-07	1.94e-05	3.87e-04	5.87e-02	3.91e-01	5.50e-01
 4.56723e+22	9.73e-15	3.17e-10	2.82e-07	2.21e-05	4.25e-04	6.20e-02	3.98e-01	5.40e-01
 4.58756e+22	1.30e-14	4.07e-10	3.49e-07	2.63e-05	4.80e-04	6.66e-02	4.07e-01	5.26e-01
 4.60799e+22	1.61e-14	4.92e-10	4.09e-07	2.99e-05	5.27e-04	7.03e-02	4.14e-01	5.16e-01
 4.62855e+22	2.15e-14	6.32e-10	5.07e-07	3.56e-05	5.96e-04	7.55e-02	4.23e-01	5.01e-01
 4.64952e+22	2.71e-14	7.72e-10	6.01e-07	4.09e-05	6.58e-04	7.99e-02	4.30e-01	4.90e-01
 4.67100e+22	3.65e-14	1.00e-09	7.52e-07	4.90e-05	7.50e-04	8.62e-02	4.39e-01	4.74e-01
 4.69291e+22	4.63e-14	1.23e-09	8.98e-07	5.67e-05	8.32e-04	9.14e-02	4.46e-01	4.62e-01
 4.71535e+22	6.30e-14	1.61e-09	1.13e-06	6.87e-05	9.54e-04	9.88e-02	4.55e-01	4.45e-01
 4.73802e+22	7.99e-14	1.99e-09	1.36e-06	7.97e-05	1.06e-03	1.05e-01	4.62e-01	4.32e-01
 4.75719e+22	9.94e-14	2.41e-09	1.60e-06	9.15e-05	1.17e-03	1.11e-01	4.68e-01	4.20e-01
 4.77807e+22	1.31e-13	3.07e-09	1.98e-06	1.09e-04	1.33e-03	1.19e-01	4.75e-01	4.04e-01
 4.79901e+22	1.62e-13	3.70e-09	2.33e-06	1.25e-04	1.47e-03	1.26e-01	4.81e-01	3.92e-01
 4.81949e+22	2.08e-13	4.63e-09	2.84e-06	1.48e-04	1.66e-03	1.34e-01	4.87e-01	3.77e-01
 4.84037e+22	2.58e-13	5.59e-09	3.36e-06	1.70e-04	1.84e-03	1.42e-01	4.92e-01	3.64e-01
 4.86085e+22	3.26e-13	6.89e-09	4.04e-06	2.00e-04	2.07e-03	1.51e-01	4.97e-01	3.49e-01
 4.88175e+22	4.03e-13	8.33e-09	4.79e-06	2.31e-04	2.30e-03	1.60e-01	5.01e-01	3.36e-01
 4.90234e+22	4.99e-13	1.01e-08	5.70e-06	2.69e-04	2.57e-03	1.70e-01	5.05e-01	3.22e-01
 4.92309e+22	6.12e-13	1.21e-08	6.73e-06	3.11e-04	2.86e-03	1.79e-01	5.09e-01	3.09e-01
 4.94359e+22	7.45e-13	1.45e-08	7.92e-06	3.59e-04	3.18e-03	1.90e-01	5.11e-01	2.96e-01
 4.96405e+22	9.01e-13	1.73e-08	9.28e-06	4.13e-04	3.53e-03	2.00e-01	5.13e-01	2.83e-01
 4.98453e+22	1.08e-12	2.04e-08	1.08e-05	4.75e-04	3.91e-03	2.11e-01	5.15e-01	2.70e-01
 5.00507e+22	1.29e-12	2.40e-08	1.26e-05	5.45e-04	4.33e-03	2.22e-01	5.16e-01	2.58e-01
 5.02571e+22	1.54e-12	2.82e-08	1.46e-05	6.23e-04	4.80e-03	2.33e-01	5.16e-01	2.45e-01
 5.04653e+22	1.82e-12	3.29e-08	1.70e-05	7.12e-04	5.30e-03	2.45e-01	5.16e-01	2.34e-01
 5.06756e+22	2.14e-12	3.83e-08	1.96e-05	8.13e-04	5.86e-03	2.57e-01	5.15e-01	2.22e-01
 5.08870e+22	2.50e-12	4.44e-08	2.25e-05	9.24e-04	6.46e-03	2.69e-01	5.13e-01	2.11e-01
 5.11017e+22	2.92e-12	5.14e-08	2.59e-05	1.05e-03	7.13e-03	2.82e-01	5.11e-01	1.99e-01
 5.13186e+22	3.38e-12	5.91e-08	2.97e-05	1.19e-03	7.85e-03	2.95e-01	5.08e-01	1.89e-01
 5.15399e+22	3.92e-12	6.81e-08	3.41e-05	1.36e-03	8.66e-03	3.08e-01	5.04e-01	1.78e-01
 5.17649e+22	4.56e-12	7.79e-08	3.89e-05	1.54e-03	9.52e-03	3.21e-01	5.00e-01	1.68e-01
 5.19711e+22	5.12e-12	8.71e-08	4.33e-05	1.70e-03	1.03e-02	3.33e-01	4.96e-01	1.60e-01
 5.21865e+22	5.89e-12	9.99e-08	4.97e-05	1.93e-03	1.14e-02	3.47e-01	4.90e-01	1.49e-01
 5.24053e+22	6.60e-12	1.11e-07	5.53e-05	2.14e-03	1.23e-02	3.59e-01	4.85e-01	1.42e-01
 5.26304e+22	7.60e-12	1.28e-07	6.34e-05	2.43e-03	1.36e-02	3.74e-01	4.78e-01	1.32e-01
 5.28561e+22	8.44e-12	1.42e-07	7.03e-05	2.68e-03	1.46e-02	3.86e-01	4.72e-01	1.25e-01
 5.30824e+22	9.62e-12	1.61e-07	8.01e-05	3.03e-03	1.61e-02	4.01e-01	4.64e-01	1.16e-01
 5.33094e+22	1.07e-11	1.78e-07	8.85e-05	3.32e-03	1.73e-02	4.12e-01	4.57e-01	1.10e-01
 5.35376e+22	1.21e-11	2.02e-07	1.00e-04	3.73e-03	1.89e-02	4.27e-01	4.48e-01	1.02e-01
 5.37681e+22	1.34e-11	2.23e-07	1.11e-04	4.09e-03	2.03e-02	4.38e-01	4.41e-01	9.63e-02
 5.40018e+22	1.51e-11	2.52e-07	1.26e-04	4.59e-03	2.22e-02	4.53e-01	4.31e-01	8.91e-02
 5.42386e+22	1.67e-11	2.78e-07	1.38e-04	5.02e-03	2.38e-02	4.64e-01	4.23e-01	8.38e-02
 5.44794e+22	1.88e-11	3.14e-07	1.57e-04	5.62e-03	2.60e-02	4.79e-01	4.12e-01	7.72e-02
 5.47246e+22	2.08e-11	3.46e-07	1.73e-04	6.15e-03	2.78e-02	4.90e-01	4.03e-01	7.23e-02
 5.49755e+22	2.35e-11	3.92e-07	1.96e-04	6.89e-03	3.04e-02	5.05e-01	3.92e-01	6.63e-02
 5.52321e+22	2.60e-11	4.34e-07	2.18e-04	7.53e-03	3.26e-02	5.16e-01	3.82e-01	6.18e-02
 5.54961e+22	2.95e-11	4.93e-07	2.48e-04	8.44e-03	3.56e-02	5.30e-01	3.70e-01	5.63e-02
 5.57652e+22	3.29e-11	5.48e-07	2.75e-04	9.23e-03	3.80e-02	5.40e-01	3.60e-01	5.24e-02
 5.59927e+22	3.60e-11	6.00e-07	3.02e-04	1.00e-02	4.04e-02	5.50e-01	3.51e-01	4.89e-02
 5.62405e+22	4.04e-11	6.75e-07	3.40e-04	1.11e-02	4.37e-02	5.61e-01	3.39e-01	4.48e-02
 5.64803e+22	4.41e-11	7.35e-07	3.70e-04	1.19e-02	4.61e-02	5.69e-01	3.31e-01	4.20e-02
 5.67100e+22	4.88e-11	8.16e-07	4.12e-04	1.30e-02	4.94e-02	5.79e-01	3.19e-01	3.86e-02
 5.69420e+22	5.37e-11	8.94e-07	4.49e-04	1.39e-02	5.20e-02	5.86e-01	3.11e-01	3.62e-02
 5.71770e+22	5.97e-11	9.96e-07	5.02e-04	1.53e-02	5.57e-02	5.95e-01	3.00e-01	3.31e-02
 5.74156e+22	6.57e-11	1.09e-06	5.48e-04	1.64e-02	5.86e-02	6.02e-01	2.92e-01	3.10e-02
 5.76586e+22	7.34e-11	1.22e-06	6.14e-04	1.79e-02	6.27e-02	6.10e-01	2.80e-01	2.82e-02
 5.79050e+22	8.12e-11	1.34e-06	6.72e-04	1.92e-02	6.59e-02	6.16e-01	2.72e-01	2.63e-02
 5.81559e+22	9.10e-11	1.51e-06	7.55e-04	2.10e-02	7.05e-02	6.23e-01	2.60e-01	2.39e-02
 5.84113e+22	1.01e-10	1.67e-06	8.30e-04	2.26e-02	7.41e-02	6.28e-01	2.52e-01	2.22e-02
 5.86725e+22	1.14e-10	1.88e-06	9.35e-04	2.47e-02	7.92e-02	6.35e-01	2.41e-01	2.00e-02
 5.89392e+22	1.28e-10	2.09e-06	1.03e-03	2.66e-02	8.32e-02	6.39e-01	2.32e-01	1.85e-02
 5.92132e+22	1.45e-10	2.37e-06	1.17e-03	2.92e-02	8.90e-02	6.44e-01	2.20e-01	1.66e-02
 5.94943e+22	1.63e-10	2.65e-06	1.30e-03	3.15e-02	9.36e-02	6.47e-01	2.12e-01	1.52e-02
 5.97848e+22	1.89e-10	3.04e-06	1.48e-03	3.46e-02	1.00e-01	6.50e-01	2.00e-01	1.36e-02
 6.00783e+22	2.14e-10	3.42e-06	1.65e-03	3.73e-02	1.05e-01	6.52e-01	1.92e-01	1.24e-02
 6.03759e+22	2.47e-10	3.94e-06	1.88e-03	4.10e-02	1.12e-01	6.54e-01	1.80e-01	1.10e-02
 6.06769e+22	2.82e-10	4.44e-06	2.10e-03	4.41e-02	1.18e-01	6.54e-01	1.72e-01	1.00e-02
 6.09821e+22	3.29e-10	5.13e-06	2.41e-03	4.85e-02	1.25e-01	6.53e-01	1.62e-01	8.83e-03
 6.12923e+22	3.77e-10	5.82e-06	2.69e-03	5.22e-02	1.31e-01	6.52e-01	1.54e-01	8.00e-03
 6.15666e+22	4.28e-10	6.55e-06	3.00e-03	5.62e-02	1.37e-01	6.50e-01	1.46e-01	7.23e-03
 6.18807e+22	5.07e-10	7.65e-06	3.45e-03	6.16e-02	1.46e-01	6.47e-01	1.36e-01	6.35e-03
 6.22004e+22	5.79e-10	8.65e-06	3.86e-03	6.63e-02	1.52e-01	6.43e-01	1.29e-01	5.69e-03
 6.24593e+22	6.54e-10	9.65e-06	4.26e-03	7.06e-02	1.58e-01	6.39e-01	1.22e-01	5.19e-03
 6.27275e+22	7.58e-10	1.10e-05	4.77e-03	7.59e-02	1.65e-01	6.34e-01	1.15e-01	4.65e-03
 6.30096e+22	8.62e-10	1.24e-05	5.28e-03	8.10e-02	1.71e-01	6.29e-01	1.09e-01	4.21e-03
 6.32686e+22	9.79e-10	1.39e-05	5.83e-03	8.62e-02	1.78e-01	6.23e-01	1.03e-01	3.81e-03
 6.35643e+22	1.15e-09	1.60e-05	6.61e-03	9.32e-02	1.85e-01	6.15e-01	9.64e-02	3.36e-03
 6.38676e+22	1.33e-09	1.81e-05	7.37e-03	9.96e-02	1.92e-01	6.07e-01	9.05e-02	3.00e-03
 6.41350e+22	1.51e-09	2.04e-05	8.14e-03	1.06e-01	1.99e-01	5.99e-01	8.53e-02	2.70e-03
 6.44369e+22	1.80e-09	2.37e-05	9.23e-03	1.14e-01	2.07e-01	5.88e-01	7.90e-02	2.36e-03
 6.47507e+22	2.08e-09	2.70e-05	1.03e-02	1.22e-01	2.14e-01	5.78e-01	7.37e-02	2.09e-03
 6.50326e+22	2.40e-09	3.05e-05	1.14e-02	1.29e-01	2.20e-01	5.68e-01	6.89e-02	1.87e-03
 6.53517e+22	2.88e-09	3.57e-05	1.30e-02	1.40e-01	2.29e-01	5.54e-01	6.33e-02	1.61e-03
 6.56811e+22	3.37e-09	4.09e-05	1.45e-02	1.49e-01	2.35e-01	5.41e-01	5.85e-02	1.41e-03
 6.59750e+22	3.91e-09	4.65e-05	1.61e-02	1.58e-01	2.42e-01	5.29e-01	5.43e-02	1.25e-03
 6.63080e+22	4.74e-09	5.48e-05	1.84e-02	1.70e-01	2.50e-01	5.12e-01	4.92e-02	1.06e-03
 6.66511e+22	5.59e-09	6.29e-05	2.06e-02	1.81e-01	2.56e-01	4.97e-01	4.52e-02	9.21e-04
 6.70073e+22	6.87e-09	7.49e-05	2.36e-02	1.95e-01	2.63e-01	4.77e-01	4.05e-02	7.71e-04
 6.73702e+22	8.16e-09	8.65e-05	2.65e-02	2.07e-01	2.69e-01	4.60e-01	3.69e-02	6.62e-04
 6.76924e+22	9.66e-09	9.94e-05	2.95e-02	2.19e-01	2.74e-01	4.44e-01	3.36e-02	5.70e-04
 6.80618e+22	1.20e-08	1.19e-04	3.38e-02	2.35e-01	2.79e-01	4.22e-01	2.97e-02	4.69e-04
 6.84359e+22	1.43e-08	1.37e-04	3.77e-02	2.48e-01	2.83e-01	4.04e-01	2.67e-02	3.98e-04
 6.88160e+22	1.79e-08	1.65e-04	4.32e-02	2.65e-01	2.87e-01	3.81e-01	2.34e-02	3.24e-04
 6.92002e+22	2.14e-08	1.91e-04	4.81e-02	2.79e-01	2.90e-01	3.62e-01	2.09e-02	2.72e-04
 6.95895e+22	2.70e-08	2.29e-04	5.50e-02	2.97e-01	2.92e-01	3.38e-01	1.80e-02	2.18e-04
 6.99823e+22	3.24e-08	2.66e-04	6.11e-02	3.11e-01	2.92e-01	3.19e-01	1.60e-02	1.81e-04
 7.03798e+22	4.11e-08	3.20e-04	6.96e-02	3.29e-01	2.92e-01	2.95e-01	1.36e-02	1.43e-04
 7.07814e+22	4.95e-08	3.71e-04	7.70e-02	3.43e-01	2.91e-01	2.77e-01	1.20e-02	1.18e-04
 7.11884e+22	6.31e-08	4.47e-04	8.75e-02	3.60e-01	2.88e-01	2.53e-01	1.01e-02	9.14e-05
 7.16008e+22	7.65e-08	5.18e-04	9.65e-02	3.74e-01	2.85e-01	2.35e-01	8.76e-03	7.44e-05
 7.20201e+22	9.81e-08	6.26e-04	1.09e-01	3.90e-01	2.79e-01	2.13e-01	7.26e-03	5.67e-05
 7.24307e+22	1.18e-07	7.19e-04	1.19e-01	4.02e-01	2.75e-01	1.97e-01	6.31e-03	4.62e-05
 7.28299e+22	1.49e-07	8.58e-04	1.33e-01	4.16e-01	2.67e-01	1.78e-01	5.22e-03	3.53e-05
 7.32157e+22	1.76e-07	9.71e-04	1.44e-01	4.25e-01	2.61e-01	1.64e-01	4.56e-03	2.91e-05
 7.35841e+22	2.18e-07	1.14e-03	1.58e-01	4.35e-01	2.53e-01	1.49e-01	3.81e-03	2.26e-05
 7.39583e+22	2.60e-07	1.29e-03	1.70e-01	4.43e-01	2.46e-01	1.36e-01	3.28e-03	1.83e-05
 7.42894e+22	3.08e-07	1.46e-03	1.83e-01	4.50e-01	2.38e-01	1.25e-01	2.83e-03	1.48e-05
 7.46689e+22	3.82e-07	1.71e-03	2.00e-01	4.57e-01	2.28e-01	1.11e-01	2.33e-03	1.13e-05
 7.50541e+22	4.56e-07	1.94e-03	2.14e-01	4.62e-01	2.19e-01	1.01e-01	1.98e-03	9.00e-06
 7.54467e+22	5.69e-07	2.26e-03	2.33e-01	4.66e-01	2.08e-01	8.91e-02	1.60e-03	6.74e-06
 7.58427e+22	6.79e-07	2.56e-03	2.49e-01	4.68e-01	1.99e-01	8.03e-02	1.35e-03	5.33e-06
 7.62431e+22	8.53e-07	3.00e-03	2.70e-01	4.69e-01	1.87e-01	6.99e-02	1.08e-03	3.89e-06
 7.66440e+22	1.01e-06	3.38e-03	2.86e-01	4.69e-01	1.78e-01	6.27e-02	9.03e-04	3.06e-06
 7.69659e+22	1.18e-06	3.75e-03	3.01e-01	4.68e-01	1.70e-01	5.70e-02	7.74e-04	2.48e-06
 7.73052e+22	1.41e-06	4.24e-03	3.19e-01	4.66e-01	1.60e-01	5.05e-02	6.38e-04	1.91e-06
 7.76492e+22	1.64e-06	4.70e-03	3.34e-01	4.63e-01	1.52e-01	4.56e-02	5.42e-04	1.53e-06
 7.79516e+22	1.89e-06	5.18e-03	3.49e-01	4.60e-01	1.44e-01	4.13e-02	4.62e-04	1.23e-06
 7.82967e+22	2.28e-06	5.86e-03	3.69e-01	4.54e-01	1.35e-01	3.62e-02	3.75e-04	9.27e-07
 7.86434e+22	2.63e-06	6.45e-03	3.84e-01	4.49e-01	1.28e-01	3.26e-02	3.18e-04	7.43e-07
 7.89921e+22	3.14e-06	7.27e-03	4.04e-01	4.42e-01	1.19e-01	2.85e-02	2.57e-04	5.58e-07
 7.93458e+22	3.66e-06	8.03e-03	4.20e-01	4.35e-01	1.11e-01	2.54e-02	2.15e-04	4.38e-07
 7.96561e+22	4.21e-06	8.82e-03	4.36e-01	4.28e-01	1.05e-01	2.27e-02	1.81e-04	3.47e-07
 8.00095e+22	5.03e-06	9.90e-03	4.55e-01	4.18e-01	9.68e-02	1.97e-02	1.45e-04	2.58e-07
 8.03705e+22	5.84e-06	1.09e-02	4.72e-01	4.09e-01	9.03e-02	1.74e-02	1.20e-04	2.00e-07
 8.06916e+22	6.74e-06	1.20e-02	4.88e-01	4.00e-01	8.43e-02	1.55e-02	9.97e-05	1.57e-07
 8.10594e+22	8.08e-06	1.35e-02	5.08e-01	3.88e-01	7.71e-02	1.33e-02	7.85e-05	0.00e+00
 8.14324e+22	9.39e-06	1.48e-02	5.24e-01	3.78e-01	7.14e-02	1.16e-02	6.43e-05	0.00e+00
 8.18122e+22	1.12e-05	1.66e-02	5.43e-01	3.65e-01	6.50e-02	9.92e-03	5.03e-05	0.00e+00
 8.22003e+22	1.32e-05	1.84e-02	5.60e-01	3.53e-01	5.96e-02	8.60e-03	4.03e-05	0.00e+00
 8.25403e+22	1.52e-05	2.01e-02	5.75e-01	3.42e-01	5.50e-02	7.53e-03	3.29e-05	0.00e+00
 8.29230e+22	1.82e-05	2.25e-02	5.93e-01	3.28e-01	4.96e-02	6.36e-03	2.54e-05	0.00e+00
 8.33195e+22	2.12e-05	2.48e-02	6.09e-01	3.16e-01	4.53e-02	5.48e-03	2.02e-05	0.00e+00
 8.37338e+22	2.59e-05	2.81e-02	6.27e-01	3.00e-01	4.02e-02	4.52e-03	1.51e-05	0.00e+00
 8.41490e+22	3.00e-05	3.08e-02	6.41e-01	2.87e-01	3.66e-02	3.89e-03	1.20e-05	0.00e+00
 8.45653e+22	3.63e-05	3.47e-02	6.58e-01	2.72e-01	3.24e-02	3.21e-03	8.96e-06	0.00e+00
 8.49938e+22	4.27e-05	3.83e-02	6.71e-01	2.59e-01	2.92e-02	2.72e-03	6.96e-06	0.00e+00
 8.53196e+22	4.78e-05	4.10e-02	6.80e-01	2.50e-01	2.70e-02	2.42e-03	5.82e-06	0.00e+00
 8.56250e+22	5.48e-05	4.46e-02	6.90e-01	2.39e-01	2.46e-02	2.09e-03	4.67e-06	0.00e+00
 8.59401e+22	6.15e-05	4.79e-02	6.98e-01	2.29e-01	2.28e-02	1.85e-03	3.87e-06	0.00e+00
 8.62678e+22	7.13e-05	5.24e-02	7.08e-01	2.18e-01	2.05e-02	1.58e-03	3.04e-06	0.00e+00
 8.65963e+22	8.01e-05	5.62e-02	7.15e-01	2.09e-01	1.89e-02	1.39e-03	2.51e-06	0.00e+00
 8.69259e+22	9.27e-05	6.15e-02	7.23e-01	1.98e-01	1.70e-02	1.18e-03	1.96e-06	0.00e+00
 8.72593e+22	1.04e-04	6.60e-02	7.29e-01	1.89e-01	1.56e-02	1.03e-03	1.60e-06	0.00e+00
 8.75976e+22	1.21e-04	7.22e-02	7.35e-01	1.78e-01	1.40e-02	8.72e-04	1.24e-06	0.00e+00
 8.79418e+22	1.37e-04	7.76e-02	7.40e-01	1.69e-01	1.27e-02	7.58e-04	1.00e-06	0.00e+00
 8.82937e+22	1.59e-04	8.50e-02	7.44e-01	1.58e-01	1.13e-02	6.34e-04	7.66e-07	0.00e+00
 8.86510e+22	1.80e-04	9.15e-02	7.48e-01	1.50e-01	1.03e-02	5.46e-04	6.13e-07	0.00e+00
 8.90151e+22	2.11e-04	1.00e-01	7.50e-01	1.40e-01	9.07e-03	4.53e-04	4.61e-07	0.00e+00
 8.93859e+22	2.39e-04	1.08e-01	7.51e-01	1.31e-01	8.17e-03	3.87e-04	3.65e-07	0.00e+00
 8.97655e+22	2.81e-04	1.19e-01	7.52e-01	1.21e-01	7.16e-03	3.17e-04	2.70e-07	0.00e+00
 9.01535e+22	3.21e-04	1.29e-01	7.51e-01	1.14e-01	6.40e-03	2.68e-04	2.10e-07	0.00e+00
 9.05524e+22	3.80e-04	1.42e-01	7.48e-01	1.04e-01	5.55e-03	2.16e-04	1.52e-07	0.00e+00
 9.09554e+22	4.34e-04	1.53e-01	7.45e-01	9.67e-02	4.94e-03	1.81e-04	0.00e+00	0.00e+00
 9.13639e+22	5.13e-04	1.69e-01	7.39e-01	8.79e-02	4.25e-03	1.45e-04	0.00e+00	0.00e+00
 9.17780e+22	5.88e-04	1.82e-01	7.32e-01	8.12e-02	3.76e-03	1.21e-04	0.00e+00	0.00e+00
 9.21992e+22	6.98e-04	2.01e-01	7.22e-01	7.30e-02	3.21e-03	9.49e-05	0.00e+00	0.00e+00
 9.25038e+22	7.34e-04	2.06e-01	7.19e-01	7.09e-02	3.07e-03	8.88e-05	0.00e+00	0.00e+00
