#depth	Cl	Cl+	Cl+2	Cl+3	Cl+4	Cl+5	Cl+6	Cl+7	Cl+8	Cl+9	Cl+10	Cl+11	Cl+12	Cl+13	Cl+14	Cl+15	Cl+16	Cl+17
 1.54284e+22	0.00e+00	0.00e+00	0.00e+00	0.00e+00	5.74e-22	5.82e-19	3.19e-16	2.39e-13	4.80e-11	4.24e-09	1.79e-07	4.64e-06	7.04e-05	6.94e-04	7.55e-03	1.52e-01	4.37e-01	4.02e-01
 3.47286e+22	0.00e+00	0.00e+00	1.49e-26	4.19e-23	4.27e-20	2.71e-17	1.52e-14	1.56e-11	2.08e-09	1.21e-07	3.31e-06	5.52e-05	5.26e-04	3.14e-03	2.09e-02	2.60e-01	4.57e-01	2.58e-01
 4.05509e+22	0.00e+00	3.06e-29	2.99e-25	8.88e-22	6.99e-19	3.41e-16	1.44e-13	1.27e-10	1.40e-08	6.65e-07	1.46e-05	1.95e-04	1.45e-03	6.62e-03	3.37e-02	3.26e-01	4.40e-01	1.92e-01
 4.34765e+22	0.00e+00	1.83e-28	1.58e-24	4.17e-21	2.87e-18	1.21e-15	4.44e-13	3.63e-10	3.67e-08	1.57e-06	3.08e-05	3.67e-04	2.42e-03	9.55e-03	4.24e-02	3.59e-01	4.24e-01	1.62e-01
 4.46955e+22	0.00e+00	2.91e-28	2.43e-24	6.21e-21	4.12e-18	1.68e-15	5.91e-13	4.76e-10	4.69e-08	1.96e-06	3.73e-05	4.32e-04	2.75e-03	1.05e-02	4.49e-02	3.68e-01	4.19e-01	1.54e-01
 4.51775e+22	0.00e+00	4.54e-28	3.68e-24	9.12e-21	5.84e-18	2.30e-15	7.78e-13	6.17e-10	5.95e-08	2.42e-06	4.48e-05	5.05e-04	3.12e-03	1.15e-02	4.74e-02	3.76e-01	4.14e-01	1.47e-01
 4.57253e+22	0.00e+00	7.90e-28	6.16e-24	1.47e-20	9.02e-18	3.40e-15	1.10e-12	8.52e-10	7.99e-08	3.15e-06	5.64e-05	6.13e-04	3.64e-03	1.28e-02	5.07e-02	3.86e-01	4.07e-01	1.39e-01
 4.62914e+22	0.00e+00	1.27e-27	9.61e-24	2.22e-20	1.31e-17	4.73e-15	1.47e-12	1.12e-09	1.03e-07	3.95e-06	6.87e-05	7.24e-04	4.15e-03	1.41e-02	5.37e-02	3.94e-01	4.01e-01	1.32e-01
 4.68814e+22	0.00e+00	2.34e-27	1.69e-23	3.74e-20	2.10e-17	7.23e-15	2.13e-12	1.59e-09	1.42e-07	5.28e-06	8.82e-05	8.94e-04	4.91e-03	1.58e-02	5.76e-02	4.05e-01	3.93e-01	1.23e-01
 4.74538e+22	0.00e+00	3.66e-27	2.56e-23	5.49e-20	2.98e-17	9.89e-15	2.80e-12	2.06e-09	1.80e-07	6.53e-06	1.06e-04	1.04e-03	5.55e-03	1.73e-02	6.06e-02	4.12e-01	3.86e-01	1.17e-01
 4.79256e+22	0.00e+00	5.69e-27	3.86e-23	8.01e-20	4.19e-17	1.34e-14	3.64e-12	2.65e-09	2.27e-07	8.04e-06	1.27e-04	1.22e-03	6.26e-03	1.88e-02	6.37e-02	4.19e-01	3.80e-01	1.11e-01
 4.83900e+22	0.00e+00	8.82e-27	5.80e-23	1.16e-19	5.87e-17	1.81e-14	4.73e-12	3.40e-09	2.85e-07	9.87e-06	1.52e-04	1.41e-03	7.05e-03	2.04e-02	6.68e-02	4.26e-01	3.73e-01	1.06e-01
 4.89226e+22	0.00e+00	1.55e-26	9.79e-23	1.89e-19	9.07e-17	2.66e-14	6.61e-12	4.68e-09	3.83e-07	1.29e-05	1.91e-04	1.72e-03	8.21e-03	2.27e-02	7.10e-02	4.34e-01	3.64e-01	9.87e-02
 4.94186e+22	0.00e+00	2.26e-26	1.39e-22	2.60e-19	1.21e-16	3.44e-14	8.27e-12	5.80e-09	4.67e-07	1.54e-05	2.23e-04	1.95e-03	9.09e-03	2.44e-02	7.39e-02	4.39e-01	3.57e-01	9.42e-02
 4.97849e+22	0.00e+00	3.19e-26	1.90e-22	3.48e-19	1.57e-16	4.33e-14	1.01e-11	7.01e-09	5.56e-07	1.80e-05	2.56e-04	2.19e-03	9.96e-03	2.60e-02	7.65e-02	4.43e-01	3.51e-01	9.02e-02
 5.01242e+22	0.00e+00	4.46e-26	2.60e-22	4.63e-19	2.03e-16	5.42e-14	1.22e-11	8.46e-09	6.62e-07	2.11e-05	2.93e-04	2.46e-03	1.09e-02	2.76e-02	7.92e-02	4.48e-01	3.45e-01	8.64e-02
 5.05107e+22	0.00e+00	6.69e-26	3.78e-22	6.53e-19	2.77e-16	7.13e-14	1.55e-11	1.06e-08	8.17e-07	2.55e-05	3.45e-04	2.82e-03	1.21e-02	2.97e-02	8.25e-02	4.52e-01	3.38e-01	8.20e-02
 5.09092e+22	0.00e+00	9.50e-26	5.23e-22	8.80e-19	3.61e-16	9.02e-14	1.90e-11	1.29e-08	9.79e-07	3.00e-05	3.97e-04	3.17e-03	1.33e-02	3.17e-02	8.53e-02	4.56e-01	3.32e-01	7.82e-02
 5.12476e+22	0.00e+00	1.31e-25	7.03e-22	1.15e-18	4.60e-16	1.11e-13	2.27e-11	1.54e-08	1.15e-06	3.47e-05	4.51e-04	3.53e-03	1.44e-02	3.35e-02	8.80e-02	4.59e-01	3.26e-01	7.49e-02
 5.15614e+22	0.00e+00	1.79e-25	9.42e-22	1.50e-18	5.84e-16	1.37e-13	2.72e-11	1.83e-08	1.36e-06	4.02e-05	5.12e-04	3.92e-03	1.57e-02	3.54e-02	9.06e-02	4.62e-01	3.20e-01	7.17e-02
 5.19190e+22	0.00e+00	2.65e-25	1.35e-21	2.09e-18	7.82e-16	1.77e-13	3.38e-11	2.27e-08	1.65e-06	4.81e-05	5.98e-04	4.47e-03	1.73e-02	3.79e-02	9.40e-02	4.66e-01	3.12e-01	6.79e-02
 5.22681e+22	0.00e+00	3.58e-25	1.78e-21	2.69e-18	9.81e-16	2.16e-13	4.01e-11	2.67e-08	1.93e-06	5.53e-05	6.74e-04	4.94e-03	1.87e-02	4.00e-02	9.65e-02	4.68e-01	3.06e-01	6.51e-02
 5.25582e+22	0.00e+00	4.79e-25	2.33e-21	3.44e-18	1.22e-15	2.61e-13	4.71e-11	3.13e-08	2.24e-06	6.31e-05	7.56e-04	5.43e-03	2.02e-02	4.20e-02	9.90e-02	4.70e-01	3.00e-01	6.24e-02
 5.28873e+22	0.00e+00	6.87e-25	3.25e-21	4.66e-18	1.60e-15	3.31e-13	5.75e-11	3.81e-08	2.68e-06	7.45e-05	8.72e-04	6.12e-03	2.21e-02	4.46e-02	1.02e-01	4.72e-01	2.93e-01	5.92e-02
 5.32240e+22	0.00e+00	9.27e-25	4.28e-21	5.99e-18	2.00e-15	4.02e-13	6.79e-11	4.48e-08	3.13e-06	8.54e-05	9.81e-04	6.75e-03	2.38e-02	4.69e-02	1.05e-01	4.73e-01	2.87e-01	5.66e-02
 5.35252e+22	0.00e+00	1.28e-24	5.74e-21	7.82e-18	2.53e-15	4.92e-13	8.04e-11	5.31e-08	3.67e-06	9.87e-05	1.11e-03	7.49e-03	2.58e-02	4.95e-02	1.07e-01	4.74e-01	2.80e-01	5.39e-02
 5.38189e+22	0.00e+00	1.72e-24	7.54e-21	1.00e-17	3.14e-15	5.94e-13	9.43e-11	6.21e-08	4.25e-06	1.13e-04	1.25e-03	8.24e-03	2.78e-02	5.19e-02	1.10e-01	4.75e-01	2.74e-01	5.15e-02
 5.40927e+22	0.00e+00	2.26e-24	9.71e-21	1.26e-17	3.85e-15	7.07e-13	1.09e-10	7.19e-08	4.88e-06	1.28e-04	1.39e-03	9.00e-03	2.97e-02	5.43e-02	1.12e-01	4.75e-01	2.68e-01	4.93e-02
 5.43536e+22	0.00e+00	2.98e-24	1.25e-20	1.58e-17	4.70e-15	8.40e-13	1.26e-10	8.31e-08	5.59e-06	1.45e-04	1.54e-03	9.83e-03	3.18e-02	5.67e-02	1.15e-01	4.76e-01	2.62e-01	4.72e-02
 5.46530e+22	0.00e+00	4.20e-24	1.72e-20	2.10e-17	6.05e-15	1.04e-12	1.51e-10	9.96e-08	6.64e-06	1.69e-04	1.76e-03	1.10e-02	3.46e-02	5.99e-02	1.18e-01	4.75e-01	2.55e-01	4.46e-02
 5.49562e+22	0.00e+00	5.69e-24	2.26e-20	2.70e-17	7.53e-15	1.26e-12	1.76e-10	1.17e-07	7.70e-06	1.93e-04	1.98e-03	1.21e-02	3.72e-02	6.28e-02	1.20e-01	4.75e-01	2.49e-01	4.24e-02
 5.52148e+22	0.00e+00	7.46e-24	2.90e-20	3.38e-17	9.15e-15	1.48e-12	2.03e-10	1.34e-07	8.80e-06	2.18e-04	2.20e-03	1.32e-02	3.97e-02	6.54e-02	1.22e-01	4.74e-01	2.43e-01	4.06e-02
 5.55012e+22	0.00e+00	1.05e-23	3.98e-20	4.49e-17	1.17e-14	1.83e-12	2.41e-10	1.60e-07	1.04e-05	2.54e-04	2.50e-03	1.46e-02	4.30e-02	6.89e-02	1.25e-01	4.72e-01	2.35e-01	3.82e-02
 5.57962e+22	0.00e+00	1.43e-23	5.26e-20	5.76e-17	1.46e-14	2.20e-12	2.81e-10	1.87e-07	1.21e-05	2.91e-04	2.81e-03	1.61e-02	4.62e-02	7.21e-02	1.27e-01	4.70e-01	2.29e-01	3.62e-02
 5.60570e+22	0.00e+00	1.90e-23	6.82e-20	7.28e-17	1.79e-14	2.62e-12	3.23e-10	2.16e-07	1.39e-05	3.30e-04	3.13e-03	1.76e-02	4.93e-02	7.51e-02	1.29e-01	4.68e-01	2.22e-01	3.44e-02
 5.63507e+22	0.00e+00	2.77e-23	9.60e-20	9.87e-17	2.33e-14	3.27e-12	3.87e-10	2.61e-07	1.66e-05	3.89e-04	3.60e-03	1.97e-02	5.37e-02	7.92e-02	1.32e-01	4.65e-01	2.14e-01	3.22e-02
 5.66477e+22	0.00e+00	3.75e-23	1.27e-19	1.26e-16	2.88e-14	3.90e-12	4.48e-10	3.04e-07	1.92e-05	4.44e-04	4.02e-03	2.16e-02	5.75e-02	8.26e-02	1.34e-01	4.62e-01	2.07e-01	3.04e-02
 5.69011e+22	0.00e+00	4.99e-23	1.64e-19	1.59e-16	3.51e-14	4.61e-12	5.12e-10	3.50e-07	2.20e-05	5.02e-04	4.47e-03	2.35e-02	6.13e-02	8.58e-02	1.36e-01	4.59e-01	2.01e-01	2.88e-02
 5.71822e+22	0.00e+00	7.31e-23	2.32e-19	2.16e-16	4.56e-14	5.73e-12	6.10e-10	4.21e-07	2.63e-05	5.91e-04	5.14e-03	2.63e-02	6.66e-02	9.02e-02	1.38e-01	4.54e-01	1.93e-01	2.68e-02
 5.74618e+22	0.00e+00	9.66e-23	2.98e-19	2.70e-16	5.54e-14	6.73e-12	6.94e-10	4.83e-07	3.00e-05	6.66e-04	5.68e-03	2.85e-02	7.07e-02	9.35e-02	1.40e-01	4.49e-01	1.86e-01	2.53e-02
 5.77393e+22	0.00e+00	1.42e-22	4.24e-19	3.68e-16	7.21e-14	8.35e-12	8.24e-10	5.82e-07	3.59e-05	7.85e-04	6.53e-03	3.19e-02	7.67e-02	9.81e-02	1.42e-01	4.43e-01	1.78e-01	2.34e-02
 5.80090e+22	0.00e+00	1.84e-22	5.36e-19	4.54e-16	8.62e-14	9.68e-12	9.29e-10	6.60e-07	4.06e-05	8.76e-04	7.16e-03	3.44e-02	8.09e-02	1.01e-01	1.43e-01	4.38e-01	1.72e-01	2.22e-02
 5.82682e+22	0.00e+00	2.70e-22	7.56e-19	6.13e-16	1.11e-13	1.19e-11	1.09e-09	7.89e-07	4.82e-05	1.03e-03	8.19e-03	3.83e-02	8.74e-02	1.06e-01	1.44e-01	4.30e-01	1.64e-01	2.05e-02
 5.85258e+22	0.00e+00	3.49e-22	9.52e-19	7.52e-16	1.32e-13	1.37e-11	1.22e-09	8.92e-07	5.43e-05	1.14e-03	8.96e-03	4.11e-02	9.20e-02	1.09e-01	1.45e-01	4.25e-01	1.58e-01	1.94e-02
 5.87813e+22	0.00e+00	5.13e-22	1.35e-18	1.02e-15	1.71e-13	1.68e-11	1.43e-09	1.06e-06	6.45e-05	1.34e-03	1.02e-02	4.56e-02	9.92e-02	1.14e-01	1.46e-01	4.16e-01	1.50e-01	1.78e-02
 5.90371e+22	0.00e+00	6.73e-22	1.72e-18	1.26e-15	2.04e-13	1.95e-11	1.61e-09	1.21e-06	7.29e-05	1.50e-03	1.12e-02	4.91e-02	1.04e-01	1.17e-01	1.47e-01	4.09e-01	1.44e-01	1.67e-02
 5.92934e+22	0.00e+00	9.91e-22	2.43e-18	1.70e-15	2.63e-13	2.38e-11	1.87e-09	1.44e-06	8.64e-05	1.75e-03	1.28e-02	5.43e-02	1.12e-01	1.21e-01	1.47e-01	3.99e-01	1.36e-01	1.52e-02
 5.95543e+22	0.00e+00	1.32e-21	3.15e-18	2.13e-15	3.18e-13	2.77e-11	2.11e-09	1.64e-06	9.81e-05	1.96e-03	1.41e-02	5.85e-02	1.18e-01	1.25e-01	1.47e-01	3.91e-01	1.30e-01	1.42e-02
 5.98210e+22	0.00e+00	1.95e-21	4.46e-18	2.88e-15	4.09e-13	3.39e-11	2.46e-09	1.95e-06	1.16e-04	2.28e-03	1.60e-02	6.45e-02	1.26e-01	1.29e-01	1.47e-01	3.80e-01	1.22e-01	1.29e-02
 6.00859e+22	0.00e+00	2.62e-21	5.82e-18	3.62e-15	4.95e-13	3.94e-11	2.76e-09	2.22e-06	1.32e-04	2.56e-03	1.76e-02	6.94e-02	1.33e-01	1.32e-01	1.47e-01	3.71e-01	1.16e-01	1.20e-02
 6.03483e+22	0.00e+00	3.86e-21	8.23e-18	4.89e-15	6.35e-13	4.80e-11	3.20e-09	2.62e-06	1.55e-04	2.98e-03	1.99e-02	7.63e-02	1.41e-01	1.36e-01	1.46e-01	3.58e-01	1.08e-01	1.08e-02
 6.06151e+22	0.00e+00	5.25e-21	1.08e-17	6.20e-15	7.74e-13	5.60e-11	3.60e-09	2.99e-06	1.77e-04	3.35e-03	2.19e-02	8.20e-02	1.48e-01	1.39e-01	1.45e-01	3.48e-01	1.02e-01	9.95e-03
 6.08878e+22	0.00e+00	7.88e-21	1.56e-17	8.45e-15	1.00e-12	6.85e-11	4.18e-09	3.55e-06	2.09e-04	3.89e-03	2.48e-02	9.00e-02	1.58e-01	1.43e-01	1.43e-01	3.34e-01	9.48e-02	8.89e-03
 6.11623e+22	0.00e+00	1.08e-20	2.06e-17	1.07e-14	1.22e-12	7.99e-11	4.70e-09	4.05e-06	2.37e-04	4.37e-03	2.72e-02	9.64e-02	1.65e-01	1.45e-01	1.42e-01	3.23e-01	8.91e-02	8.13e-03
 6.14390e+22	0.00e+00	1.62e-20	2.96e-17	1.47e-14	1.58e-12	9.76e-11	5.46e-09	4.78e-06	2.79e-04	5.07e-03	3.07e-02	1.05e-01	1.74e-01	1.48e-01	1.40e-01	3.08e-01	8.19e-02	7.20e-03
 6.17176e+22	0.00e+00	2.22e-20	3.92e-17	1.87e-14	1.92e-12	1.14e-10	6.12e-09	5.43e-06	3.16e-04	5.66e-03	3.36e-02	1.12e-01	1.82e-01	1.50e-01	1.37e-01	2.96e-01	7.66e-02	6.55e-03
 6.19590e+22	0.00e+00	3.03e-20	5.16e-17	2.36e-14	2.33e-12	1.32e-10	6.84e-09	6.13e-06	3.56e-04	6.30e-03	3.66e-02	1.20e-01	1.89e-01	1.52e-01	1.35e-01	2.84e-01	7.15e-02	5.95e-03
 6.22332e+22	0.00e+00	4.54e-20	7.39e-17	3.20e-14	2.99e-12	1.60e-10	7.88e-09	7.17e-06	4.14e-04	7.23e-03	4.09e-02	1.29e-01	1.98e-01	1.53e-01	1.32e-01	2.69e-01	6.52e-02	5.23e-03
 6.25047e+22	0.00e+00	6.04e-20	9.53e-17	3.98e-14	3.58e-12	1.84e-10	8.76e-09	8.01e-06	4.61e-04	7.96e-03	4.41e-02	1.36e-01	2.04e-01	1.54e-01	1.29e-01	2.58e-01	6.09e-02	4.76e-03
 6.27728e+22	0.00e+00	8.87e-20	1.34e-16	5.32e-14	4.55e-12	2.22e-10	1.00e-08	9.24e-06	5.29e-04	9.02e-03	4.88e-02	1.46e-01	2.12e-01	1.55e-01	1.26e-01	2.44e-01	5.55e-02	4.18e-03
 6.30464e+22	0.00e+00	1.19e-19	1.74e-16	6.64e-14	5.47e-12	2.56e-10	1.12e-08	1.03e-05	5.88e-04	9.91e-03	5.25e-02	1.54e-01	2.17e-01	1.55e-01	1.23e-01	2.33e-01	5.15e-02	3.78e-03
 6.33270e+22	0.00e+00	1.75e-19	2.45e-16	8.89e-14	6.95e-12	3.08e-10	1.28e-08	1.19e-05	6.73e-04	1.12e-02	5.77e-02	1.64e-01	2.25e-01	1.55e-01	1.19e-01	2.18e-01	4.66e-02	3.30e-03
 6.36144e+22	0.00e+00	2.36e-19	3.21e-16	1.12e-13	8.40e-12	3.57e-10	1.43e-08	1.32e-05	7.46e-04	1.23e-02	6.21e-02	1.71e-01	2.30e-01	1.55e-01	1.15e-01	2.07e-01	4.30e-02	2.96e-03
 6.39105e+22	0.00e+00	3.50e-19	4.55e-16	1.51e-13	1.07e-11	4.32e-10	1.65e-08	1.52e-05	8.50e-04	1.38e-02	6.80e-02	1.82e-01	2.37e-01	1.54e-01	1.11e-01	1.93e-01	3.86e-02	2.56e-03
 6.42133e+22	0.00e+00	4.75e-19	5.96e-16	1.90e-13	1.30e-11	5.03e-10	1.85e-08	1.69e-05	9.40e-04	1.51e-02	7.28e-02	1.90e-01	2.41e-01	1.53e-01	1.07e-01	1.82e-01	3.54e-02	2.28e-03
 6.45249e+22	0.00e+00	7.03e-19	8.46e-16	2.56e-13	1.66e-11	6.10e-10	2.14e-08	1.93e-05	1.07e-03	1.69e-02	7.94e-02	2.00e-01	2.46e-01	1.51e-01	1.02e-01	1.69e-01	3.16e-02	1.96e-03
 6.48421e+22	0.00e+00	9.55e-19	1.11e-15	3.23e-13	2.02e-11	7.10e-10	2.41e-08	2.15e-05	1.18e-03	1.84e-02	8.47e-02	2.08e-01	2.50e-01	1.49e-01	9.84e-02	1.59e-01	2.88e-02	1.74e-03
 6.51669e+22	0.00e+00	1.41e-18	1.58e-15	4.35e-13	2.59e-11	8.63e-10	2.79e-08	2.45e-05	1.33e-03	2.04e-02	9.18e-02	2.18e-01	2.54e-01	1.47e-01	9.36e-02	1.47e-01	2.55e-02	1.48e-03
 6.54938e+22	0.00e+00	1.90e-18	2.05e-15	5.45e-13	3.13e-11	1.00e-09	3.13e-08	2.70e-05	1.45e-03	2.21e-02	9.74e-02	2.26e-01	2.57e-01	1.45e-01	8.98e-02	1.37e-01	2.33e-02	1.31e-03
 6.58233e+22	0.00e+00	2.79e-18	2.89e-15	7.31e-13	3.99e-11	1.22e-09	3.62e-08	3.06e-05	1.63e-03	2.44e-02	1.05e-01	2.35e-01	2.59e-01	1.41e-01	8.50e-02	1.26e-01	2.05e-02	1.11e-03
 6.61589e+22	0.00e+00	3.71e-18	3.74e-15	9.11e-13	4.81e-11	1.41e-09	4.06e-08	3.37e-05	1.78e-03	2.63e-02	1.11e-01	2.42e-01	2.61e-01	1.39e-01	8.14e-02	1.18e-01	1.87e-02	9.84e-04
 6.64532e+22	2.97e-32	4.92e-18	4.81e-15	1.13e-12	5.76e-11	1.63e-09	4.54e-08	3.70e-05	1.93e-03	2.83e-02	1.17e-01	2.49e-01	2.62e-01	1.36e-01	7.79e-02	1.11e-01	1.70e-02	8.69e-04
 6.67429e+22	4.02e-32	6.49e-18	6.15e-15	1.40e-12	6.88e-11	1.88e-09	5.07e-08	4.04e-05	2.09e-03	3.03e-02	1.23e-01	2.55e-01	2.63e-01	1.33e-01	7.45e-02	1.03e-01	1.54e-02	7.69e-04
 6.70757e+22	5.96e-32	9.28e-18	8.47e-15	1.84e-12	8.66e-11	2.26e-09	5.83e-08	4.53e-05	2.31e-03	3.30e-02	1.31e-01	2.63e-01	2.63e-01	1.29e-01	7.02e-02	9.46e-02	1.36e-02	6.54e-04
 6.74089e+22	7.91e-32	1.20e-17	1.07e-14	2.24e-12	1.02e-10	2.58e-09	6.49e-08	4.93e-05	2.48e-03	3.51e-02	1.36e-01	2.69e-01	2.63e-01	1.26e-01	6.71e-02	8.86e-02	1.24e-02	5.80e-04
 6.77426e+22	1.15e-31	1.69e-17	1.45e-14	2.92e-12	1.28e-10	3.09e-09	7.45e-08	5.49e-05	2.73e-03	3.80e-02	1.44e-01	2.76e-01	2.62e-01	1.22e-01	6.31e-02	8.10e-02	1.09e-02	4.94e-04
 6.80717e+22	1.50e-31	2.15e-17	1.80e-14	3.52e-12	1.50e-10	3.51e-09	8.24e-08	5.94e-05	2.92e-03	4.02e-02	1.50e-01	2.80e-01	2.61e-01	1.19e-01	6.04e-02	7.60e-02	1.00e-02	4.40e-04
 6.83949e+22	2.15e-31	2.97e-17	2.41e-14	4.51e-12	1.85e-10	4.16e-09	9.39e-08	6.57e-05	3.19e-03	4.33e-02	1.58e-01	2.86e-01	2.59e-01	1.15e-01	5.68e-02	6.96e-02	8.84e-03	3.76e-04
 6.87232e+22	2.79e-31	3.77e-17	2.98e-14	5.44e-12	2.17e-10	4.73e-09	1.04e-07	7.11e-05	3.41e-03	4.57e-02	1.64e-01	2.90e-01	2.58e-01	1.11e-01	5.42e-02	6.51e-02	8.06e-03	3.34e-04
 6.90580e+22	3.97e-31	5.19e-17	3.97e-14	6.96e-12	2.67e-10	5.60e-09	1.19e-07	7.86e-05	3.71e-03	4.90e-02	1.72e-01	2.95e-01	2.55e-01	1.07e-01	5.08e-02	5.94e-02	7.11e-03	2.85e-04
 6.93992e+22	5.19e-31	6.61e-17	4.94e-14	8.41e-12	3.14e-10	6.38e-09	1.32e-07	8.51e-05	3.96e-03	5.17e-02	1.78e-01	2.99e-01	2.53e-01	1.04e-01	4.83e-02	5.53e-02	6.45e-03	2.52e-04
 6.97488e+22	7.39e-31	9.12e-17	6.59e-14	1.08e-11	3.88e-10	7.58e-09	1.51e-07	9.41e-05	4.32e-03	5.54e-02	1.87e-01	3.03e-01	2.49e-01	9.95e-02	4.51e-02	5.03e-02	5.66e-03	2.13e-04
 7.01046e+22	9.67e-31	1.16e-16	8.21e-14	1.31e-11	4.56e-10	8.66e-09	1.67e-07	1.02e-04	4.61e-03	5.83e-02	1.93e-01	3.06e-01	2.47e-01	9.62e-02	4.27e-02	4.67e-02	5.12e-03	1.88e-04
 7.04685e+22	4.86e-31	1.61e-16	1.10e-13	1.68e-11	5.64e-10	1.03e-08	1.92e-07	1.13e-04	5.01e-03	6.24e-02	2.02e-01	3.10e-01	2.42e-01	9.18e-02	3.98e-02	4.23e-02	4.47e-03	1.58e-04
 7.08392e+22	6.37e-31	2.05e-16	1.37e-13	2.03e-11	6.65e-10	1.18e-08	2.14e-07	1.22e-04	5.35e-03	6.57e-02	2.08e-01	3.12e-01	2.39e-01	8.85e-02	3.76e-02	3.91e-02	4.02e-03	1.39e-04
 7.12188e+22	9.09e-31	2.83e-16	1.83e-13	2.62e-11	8.25e-10	1.41e-08	2.46e-07	1.36e-04	5.82e-03	7.01e-02	2.17e-01	3.15e-01	2.34e-01	8.41e-02	3.48e-02	3.53e-02	3.49e-03	1.16e-04
 7.15898e+22	1.15e-30	3.52e-16	2.23e-13	3.11e-11	9.57e-10	1.59e-08	2.71e-07	1.46e-04	6.18e-03	7.33e-02	2.23e-01	3.17e-01	2.31e-01	8.12e-02	3.30e-02	3.29e-02	3.18e-03	1.03e-04
 7.19497e+22	1.61e-30	4.77e-16	2.93e-13	3.94e-11	1.17e-09	1.88e-08	3.09e-07	1.61e-04	6.67e-03	7.79e-02	2.31e-01	3.18e-01	2.26e-01	7.71e-02	3.07e-02	2.97e-02	2.77e-03	8.68e-05
 7.23152e+22	2.05e-30	5.93e-16	3.57e-13	4.69e-11	1.36e-09	2.13e-08	3.41e-07	1.74e-04	7.08e-03	8.13e-02	2.37e-01	3.19e-01	2.22e-01	7.42e-02	2.90e-02	2.76e-02	2.51e-03	7.67e-05
 7.26879e+22	2.84e-30	7.97e-16	4.66e-13	5.91e-11	1.66e-09	2.51e-08	3.89e-07	1.91e-04	7.64e-03	8.61e-02	2.45e-01	3.20e-01	2.16e-01	7.04e-02	2.69e-02	2.49e-02	2.19e-03	6.47e-05
 7.30723e+22	3.70e-30	1.01e-15	5.78e-13	7.14e-11	1.95e-09	2.87e-08	4.33e-07	2.07e-04	8.13e-03	9.02e-02	2.52e-01	3.20e-01	2.12e-01	6.74e-02	2.53e-02	2.29e-02	1.96e-03	5.64e-05
 7.34716e+22	5.13e-30	1.36e-15	7.56e-13	9.03e-11	2.39e-09	3.39e-08	4.96e-07	2.29e-04	8.78e-03	9.55e-02	2.60e-01	3.20e-01	2.06e-01	6.37e-02	2.33e-02	2.06e-02	1.70e-03	4.73e-05
 7.38840e+22	6.77e-30	1.75e-15	9.50e-13	1.10e-10	2.84e-09	3.91e-08	5.56e-07	2.49e-04	9.37e-03	1.00e-01	2.67e-01	3.20e-01	2.01e-01	6.06e-02	2.18e-02	1.88e-02	1.51e-03	4.07e-05
 7.43132e+22	9.53e-30	2.38e-15	1.26e-12	1.41e-10	3.51e-09	4.66e-08	6.40e-07	2.77e-04	1.02e-02	1.06e-01	2.75e-01	3.19e-01	1.94e-01	5.69e-02	2.00e-02	1.68e-02	1.30e-03	3.38e-05
 7.47541e+22	1.27e-29	3.08e-15	1.59e-12	1.73e-10	4.19e-09	5.40e-08	7.21e-07	3.02e-04	1.09e-02	1.11e-01	2.82e-01	3.18e-01	1.89e-01	5.39e-02	1.86e-02	1.53e-02	1.15e-03	2.89e-05
 7.52101e+22	1.80e-29	4.22e-15	2.12e-12	2.22e-10	5.21e-09	6.48e-08	8.35e-07	3.37e-04	1.18e-02	1.18e-01	2.91e-01	3.16e-01	1.82e-01	5.04e-02	1.69e-02	1.35e-02	9.78e-04	2.38e-05
 7.56810e+22	2.43e-29	5.52e-15	2.70e-12	2.76e-10	6.27e-09	7.56e-08	9.45e-07	3.69e-04	1.26e-02	1.24e-01	2.98e-01	3.14e-01	1.76e-01	4.75e-02	1.56e-02	1.22e-02	8.54e-04	2.01e-05
 7.61713e+22	3.52e-29	7.67e-15	3.64e-12	3.59e-10	7.88e-09	9.16e-08	1.10e-06	4.14e-04	1.38e-02	1.31e-01	3.06e-01	3.11e-01	1.69e-01	4.41e-02	1.41e-02	1.07e-02	7.21e-04	1.63e-05
 7.66758e+22	4.80e-29	1.01e-14	4.69e-12	4.48e-10	9.55e-09	1.08e-07	1.26e-06	4.56e-04	1.48e-02	1.37e-01	3.13e-01	3.08e-01	1.62e-01	4.13e-02	1.30e-02	9.60e-03	6.24e-04	1.36e-05
 7.71298e+22	6.43e-29	1.32e-14	5.96e-12	5.54e-10	1.15e-08	1.25e-07	1.42e-06	5.00e-04	1.58e-02	1.44e-01	3.19e-01	3.05e-01	1.57e-01	3.88e-02	1.19e-02	8.63e-03	5.43e-04	1.15e-05
 7.76509e+22	9.55e-29	1.88e-14	8.22e-12	7.34e-10	1.46e-08	1.54e-07	1.68e-06	5.64e-04	1.73e-02	1.52e-01	3.27e-01	3.00e-01	1.49e-01	3.55e-02	1.07e-02	7.46e-03	4.50e-04	9.13e-06
 7.81757e+22	1.28e-28	2.43e-14	1.04e-11	9.06e-10	1.76e-08	1.79e-07	1.90e-06	6.18e-04	1.85e-02	1.59e-01	3.33e-01	2.96e-01	1.43e-01	3.33e-02	9.79e-03	6.69e-03	3.91e-04	7.68e-06
 7.87052e+22	1.88e-28	3.44e-14	1.43e-11	1.20e-09	2.23e-08	2.19e-07	2.23e-06	6.96e-04	2.01e-02	1.68e-01	3.40e-01	2.90e-01	1.35e-01	3.04e-02	8.73e-03	5.78e-03	3.23e-04	6.08e-06
 7.92460e+22	2.57e-28	4.54e-14	1.84e-11	1.50e-09	2.71e-08	2.57e-07	2.54e-06	7.66e-04	2.15e-02	1.76e-01	3.46e-01	2.85e-01	1.29e-01	2.83e-02	7.94e-03	5.12e-03	2.76e-04	5.03e-06
 7.98014e+22	3.81e-28	6.46e-14	2.54e-11	1.98e-09	3.46e-08	3.16e-07	3.00e-06	8.64e-04	2.35e-02	1.85e-01	3.53e-01	2.79e-01	1.22e-01	2.57e-02	7.03e-03	4.39e-03	2.27e-04	3.95e-06
 8.03683e+22	5.27e-28	8.66e-14	3.31e-11	2.51e-09	4.24e-08	3.74e-07	3.44e-06	9.55e-04	2.52e-02	1.94e-01	3.58e-01	2.73e-01	1.16e-01	2.37e-02	6.34e-03	3.85e-03	1.92e-04	3.21e-06
 8.08728e+22	7.22e-28	1.15e-13	4.29e-11	3.15e-09	5.17e-08	4.41e-07	3.93e-06	1.05e-03	2.70e-02	2.02e-01	3.62e-01	2.67e-01	1.10e-01	2.18e-02	5.73e-03	3.39e-03	1.62e-04	2.63e-06
 8.14513e+22	1.09e-27	1.67e-13	6.02e-11	4.23e-09	6.68e-08	5.47e-07	4.68e-06	1.19e-03	2.95e-02	2.13e-01	3.68e-01	2.58e-01	1.02e-01	1.96e-02	5.00e-03	2.86e-03	1.30e-04	2.01e-06
 8.19958e+22	1.41e-27	2.12e-13	7.48e-11	5.12e-09	7.89e-08	6.29e-07	5.24e-06	1.29e-03	3.12e-02	2.20e-01	3.71e-01	2.53e-01	9.77e-02	1.82e-02	4.58e-03	2.56e-03	1.13e-04	1.69e-06
 8.24961e+22	2.02e-27	2.94e-13	1.01e-10	6.64e-09	9.88e-08	7.60e-07	6.10e-06	1.44e-03	3.36e-02	2.30e-01	3.75e-01	2.45e-01	9.15e-02	1.65e-02	4.05e-03	2.19e-03	9.26e-05	1.33e-06
 8.30024e+22	2.63e-27	3.76e-13	1.26e-10	8.08e-09	1.17e-07	8.77e-07	6.86e-06	1.57e-03	3.56e-02	2.38e-01	3.78e-01	2.39e-01	8.69e-02	1.53e-02	3.69e-03	1.94e-03	7.97e-05	1.10e-06
 8.35167e+22	3.74e-27	5.20e-13	1.69e-10	1.05e-08	1.47e-07	1.06e-06	7.99e-06	1.75e-03	3.83e-02	2.48e-01	3.81e-01	2.31e-01	8.11e-02	1.38e-02	3.25e-03	1.66e-03	6.50e-05	8.63e-07
 8.40420e+22	4.96e-27	6.77e-13	2.14e-10	1.29e-08	1.76e-07	1.24e-06	9.06e-06	1.91e-03	4.07e-02	2.57e-01	3.83e-01	2.24e-01	7.65e-02	1.26e-02	2.93e-03	1.45e-03	5.49e-05	7.03e-07
 8.45818e+22	7.14e-27	9.54e-13	2.93e-10	1.69e-08	2.24e-07	1.51e-06	1.07e-05	2.14e-03	4.40e-02	2.68e-01	3.85e-01	2.15e-01	7.07e-02	1.13e-02	2.55e-03	1.22e-03	4.39e-05	5.36e-07
 8.51249e+22	9.39e-27	1.24e-12	3.71e-10	2.08e-08	2.68e-07	1.76e-06	1.21e-05	2.34e-03	4.67e-02	2.77e-01	3.86e-01	2.08e-01	6.64e-02	1.03e-02	2.29e-03	1.06e-03	3.70e-05	4.36e-07
 8.56720e+22	1.34e-26	1.74e-12	5.05e-10	2.74e-08	3.41e-07	2.15e-06	1.43e-05	2.63e-03	5.04e-02	2.89e-01	3.87e-01	1.98e-01	6.10e-02	9.10e-03	1.98e-03	8.87e-04	2.94e-05	3.29e-07
 8.62299e+22	1.78e-26	2.28e-12	6.46e-10	3.40e-08	4.13e-07	2.53e-06	1.63e-05	2.89e-03	5.36e-02	2.98e-01	3.87e-01	1.91e-01	5.69e-02	8.24e-03	1.76e-03	7.64e-04	2.43e-05	2.62e-07
 8.68016e+22	2.54e-26	3.25e-12	8.89e-10	4.50e-08	5.30e-07	3.13e-06	1.94e-05	3.26e-03	5.81e-02	3.11e-01	3.86e-01	1.80e-01	5.18e-02	7.21e-03	1.51e-03	6.27e-04	1.89e-05	1.94e-07
 8.73847e+22	3.38e-26	4.29e-12	1.15e-09	5.63e-08	6.47e-07	3.71e-06	2.24e-05	3.60e-03	6.19e-02	3.21e-01	3.85e-01	1.72e-01	4.79e-02	6.46e-03	1.33e-03	5.34e-04	1.54e-05	1.52e-07
 8.79824e+22	4.82e-26	6.14e-12	1.59e-09	7.53e-08	8.38e-07	4.64e-06	2.69e-05	4.09e-03	6.72e-02	3.34e-01	3.83e-01	1.62e-01	4.31e-02	5.57e-03	1.12e-03	4.31e-04	1.18e-05	0.00e+00
 8.85862e+22	6.34e-26	8.11e-12	2.05e-09	9.43e-08	1.03e-06	5.52e-06	3.11e-05	4.52e-03	7.16e-02	3.44e-01	3.80e-01	1.54e-01	3.96e-02	4.95e-03	9.76e-04	3.63e-04	9.50e-06	0.00e+00
 8.90964e+22	8.07e-26	1.04e-11	2.57e-09	1.16e-07	1.23e-06	6.47e-06	3.56e-05	4.96e-03	7.59e-02	3.54e-01	3.77e-01	1.46e-01	3.65e-02	4.43e-03	8.60e-04	3.09e-04	7.76e-06	0.00e+00
 8.96514e+22	1.09e-25	1.42e-11	3.43e-09	1.50e-07	1.56e-06	7.94e-06	4.23e-05	5.59e-03	8.18e-02	3.66e-01	3.73e-01	1.37e-01	3.28e-02	3.83e-03	7.29e-04	2.51e-04	5.98e-06	0.00e+00
 9.02085e+22	1.37e-25	1.82e-11	4.29e-09	1.84e-07	1.88e-06	9.32e-06	4.85e-05	6.14e-03	8.67e-02	3.75e-01	3.68e-01	1.29e-01	3.01e-02	3.40e-03	6.38e-04	2.12e-04	4.85e-06	0.00e+00
 9.07528e+22	1.77e-25	2.42e-11	5.59e-09	2.34e-07	2.35e-06	1.13e-05	5.74e-05	6.88e-03	9.30e-02	3.86e-01	3.62e-01	1.20e-01	2.70e-02	2.94e-03	5.42e-04	1.73e-04	3.75e-06	0.00e+00
 9.13080e+22	2.20e-25	3.07e-11	6.99e-09	2.87e-07	2.84e-06	1.34e-05	6.62e-05	7.59e-03	9.87e-02	3.96e-01	3.57e-01	1.13e-01	2.45e-02	2.59e-03	4.70e-04	1.44e-04	2.99e-06	0.00e+00
 9.18524e+22	2.74e-25	3.99e-11	8.91e-09	3.59e-07	3.50e-06	1.61e-05	7.79e-05	8.47e-03	1.05e-01	4.06e-01	3.50e-01	1.05e-01	2.20e-02	2.23e-03	3.99e-04	1.18e-04	2.32e-06	0.00e+00
 9.24083e+22	3.33e-25	5.04e-11	1.11e-08	4.42e-07	4.25e-06	1.91e-05	9.05e-05	9.39e-03	1.12e-01	4.16e-01	3.43e-01	9.80e-02	1.98e-02	1.94e-03	3.42e-04	9.69e-05	1.82e-06	0.00e+00
 9.29563e+22	4.05e-25	6.38e-11	1.39e-08	5.45e-07	5.19e-06	2.29e-05	1.06e-04	1.04e-02	1.19e-01	4.25e-01	3.35e-01	9.09e-02	1.77e-02	1.68e-03	2.91e-04	7.91e-05	1.42e-06	0.00e+00
 9.35084e+22	4.84e-25	7.96e-11	1.72e-08	6.67e-07	6.29e-06	2.72e-05	1.23e-04	1.16e-02	1.27e-01	4.33e-01	3.26e-01	8.42e-02	1.58e-02	1.45e-03	2.47e-04	6.47e-05	1.10e-06	0.00e+00
 9.40540e+22	5.71e-25	9.84e-11	2.11e-08	8.12e-07	7.60e-06	3.22e-05	1.44e-04	1.28e-02	1.35e-01	4.42e-01	3.17e-01	7.78e-02	1.41e-02	1.25e-03	2.10e-04	5.28e-05	8.59e-07	0.00e+00
 9.45985e+22	6.68e-25	1.20e-10	2.58e-08	9.84e-07	9.14e-06	3.81e-05	1.67e-04	1.42e-02	1.43e-01	4.49e-01	3.08e-01	7.18e-02	1.26e-02	1.08e-03	1.79e-04	4.31e-05	6.68e-07	0.00e+00
 9.51437e+22	7.75e-25	1.46e-10	3.13e-08	1.19e-06	1.10e-05	4.50e-05	1.94e-04	1.57e-02	1.51e-01	4.56e-01	2.99e-01	6.62e-02	1.12e-02	9.28e-04	1.52e-04	3.51e-05	5.18e-07	0.00e+00
 9.56908e+22	8.93e-25	1.76e-10	3.77e-08	1.43e-06	1.32e-05	5.30e-05	2.26e-04	1.73e-02	1.60e-01	4.62e-01	2.89e-01	6.08e-02	9.98e-03	7.98e-04	1.28e-04	2.86e-05	4.02e-07	0.00e+00
 9.62405e+22	1.02e-24	2.11e-10	4.53e-08	1.71e-06	1.57e-05	6.25e-05	2.62e-04	1.92e-02	1.69e-01	4.68e-01	2.79e-01	5.58e-02	8.85e-03	6.84e-04	1.08e-04	2.32e-05	3.11e-07	0.00e+00
 9.67949e+22	1.17e-24	2.50e-10	5.43e-08	2.05e-06	1.88e-05	7.34e-05	3.04e-04	2.12e-02	1.78e-01	4.72e-01	2.68e-01	5.10e-02	7.83e-03	5.86e-04	9.15e-05	1.88e-05	2.40e-07	0.00e+00
 9.73553e+22	1.33e-24	2.96e-10	6.47e-08	2.45e-06	2.24e-05	8.63e-05	3.54e-04	2.34e-02	1.88e-01	4.76e-01	2.58e-01	4.66e-02	6.92e-03	5.00e-04	7.69e-05	1.52e-05	1.85e-07	0.00e+00
 9.79188e+22	1.51e-24	3.47e-10	7.68e-08	2.91e-06	2.66e-05	1.01e-04	4.10e-04	2.57e-02	1.98e-01	4.80e-01	2.47e-01	4.25e-02	6.11e-03	4.27e-04	6.48e-05	1.23e-05	1.42e-07	0.00e+00
 9.84911e+22	1.73e-24	4.06e-10	9.13e-08	3.46e-06	3.16e-05	1.19e-04	4.77e-04	2.84e-02	2.08e-01	4.82e-01	2.36e-01	3.86e-02	5.36e-03	3.63e-04	5.42e-05	9.85e-06	0.00e+00	0.00e+00
 9.90694e+22	1.97e-24	4.72e-10	1.08e-07	4.10e-06	3.74e-05	1.39e-04	5.52e-04	3.13e-02	2.19e-01	4.83e-01	2.26e-01	3.50e-02	4.72e-03	3.09e-04	4.54e-05	7.94e-06	0.00e+00	0.00e+00
 9.96592e+22	3.63e-24	5.49e-10	1.28e-07	4.88e-06	4.45e-05	1.63e-04	6.42e-04	3.45e-02	2.30e-01	4.84e-01	2.15e-01	3.16e-02	4.13e-03	2.61e-04	3.78e-05	6.33e-06	0.00e+00	0.00e+00
 1.00259e+23	4.21e-24	6.34e-10	1.51e-07	5.77e-06	5.27e-05	1.90e-04	7.44e-04	3.80e-02	2.41e-01	4.84e-01	2.04e-01	2.86e-02	3.61e-03	2.21e-04	3.15e-05	5.07e-06	0.00e+00	0.00e+00
 1.00809e+23	4.79e-24	7.14e-10	1.73e-07	6.63e-06	6.06e-05	2.16e-04	8.41e-04	4.11e-02	2.50e-01	4.83e-01	1.95e-01	2.62e-02	3.23e-03	1.92e-04	2.70e-05	4.20e-06	0.00e+00	0.00e+00
 1.01384e+23	5.63e-24	8.25e-10	2.05e-07	7.90e-06	7.22e-05	2.55e-04	9.83e-04	4.54e-02	2.62e-01	4.80e-01	1.84e-01	2.34e-02	2.79e-03	1.60e-04	2.22e-05	3.30e-06	0.00e+00	0.00e+00
 1.01967e+23	6.52e-24	9.30e-10	2.36e-07	9.09e-06	8.30e-05	2.89e-04	1.11e-03	4.91e-02	2.72e-01	4.78e-01	1.75e-01	2.14e-02	2.49e-03	1.39e-04	1.90e-05	2.73e-06	0.00e+00	0.00e+00
 1.02569e+23	7.86e-24	1.08e-09	2.83e-07	1.09e-05	9.92e-05	3.41e-04	1.30e-03	5.42e-02	2.85e-01	4.74e-01	1.64e-01	1.90e-02	2.14e-03	1.15e-04	1.54e-05	2.13e-06	0.00e+00	0.00e+00
 1.03172e+23	9.16e-24	1.21e-09	3.24e-07	1.25e-05	1.14e-04	3.86e-04	1.46e-03	5.85e-02	2.94e-01	4.70e-01	1.56e-01	1.73e-02	1.90e-03	9.98e-05	1.32e-05	1.76e-06	0.00e+00	0.00e+00
 1.03776e+23	1.12e-23	1.39e-09	3.86e-07	1.49e-05	1.35e-04	4.53e-04	1.71e-03	6.44e-02	3.07e-01	4.63e-01	1.46e-01	1.53e-02	1.63e-03	8.26e-05	1.07e-05	1.37e-06	0.00e+00	0.00e+00
 1.04382e+23	1.32e-23	1.57e-09	4.43e-07	1.70e-05	1.54e-04	5.11e-04	1.91e-03	6.91e-02	3.16e-01	4.58e-01	1.38e-01	1.40e-02	1.45e-03	7.16e-05	9.18e-06	1.13e-06	0.00e+00	0.00e+00
 1.04991e+23	1.63e-23	1.80e-09	5.28e-07	2.02e-05	1.83e-04	5.96e-04	2.22e-03	7.58e-02	3.29e-01	4.50e-01	1.29e-01	1.24e-02	1.25e-03	5.93e-05	7.47e-06	8.83e-07	0.00e+00	0.00e+00
 1.05607e+23	1.95e-23	2.03e-09	6.08e-07	2.32e-05	2.09e-04	6.72e-04	2.48e-03	8.13e-02	3.38e-01	4.44e-01	1.21e-01	1.12e-02	1.11e-03	5.13e-05	6.37e-06	7.28e-07	0.00e+00	0.00e+00
 1.06232e+23	2.44e-23	2.35e-09	7.26e-07	2.76e-05	2.47e-04	7.82e-04	2.88e-03	8.89e-02	3.49e-01	4.35e-01	1.12e-01	9.87e-03	9.47e-04	4.23e-05	5.16e-06	5.65e-07	0.00e+00	0.00e+00
 1.06865e+23	2.95e-23	2.65e-09	8.40e-07	3.17e-05	2.82e-04	8.81e-04	3.22e-03	9.51e-02	3.58e-01	4.27e-01	1.06e-01	8.93e-03	8.37e-04	3.64e-05	4.38e-06	4.64e-07	0.00e+00	0.00e+00
 1.07509e+23	3.77e-23	3.09e-09	1.01e-06	3.78e-05	3.34e-04	1.02e-03	3.72e-03	1.04e-01	3.69e-01	4.16e-01	9.72e-02	7.81e-03	7.12e-04	2.99e-05	3.53e-06	3.58e-07	0.00e+00	0.00e+00
 1.08164e+23	4.62e-23	3.52e-09	1.18e-06	4.37e-05	3.82e-04	1.15e-03	4.16e-03	1.11e-01	3.78e-01	4.07e-01	9.10e-02	7.03e-03	6.27e-04	2.56e-05	2.98e-06	2.92e-07	0.00e+00	0.00e+00
 1.08836e+23	6.02e-23	4.14e-09	1.43e-06	5.24e-05	4.53e-04	1.34e-03	4.80e-03	1.21e-01	3.88e-01	3.94e-01	8.32e-02	6.11e-03	5.30e-04	2.09e-05	2.39e-06	2.24e-07	0.00e+00	0.00e+00
 1.09523e+23	7.52e-23	4.76e-09	1.68e-06	6.09e-05	5.20e-04	1.52e-03	5.37e-03	1.29e-01	3.96e-01	3.84e-01	7.74e-02	5.46e-03	4.63e-04	1.77e-05	2.00e-06	1.81e-07	0.00e+00	0.00e+00
 1.10230e+23	1.00e-22	5.67e-09	2.06e-06	7.38e-05	6.21e-04	1.77e-03	6.21e-03	1.40e-01	4.05e-01	3.70e-01	7.01e-02	4.70e-03	3.88e-04	1.43e-05	1.58e-06	1.36e-07	0.00e+00	0.00e+00
 1.10950e+23	1.27e-22	6.63e-09	2.44e-06	8.62e-05	7.14e-04	2.00e-03	6.93e-03	1.50e-01	4.12e-01	3.59e-01	6.49e-02	4.19e-03	3.37e-04	1.21e-05	1.31e-06	0.00e+00	0.00e+00	0.00e+00
 1.11558e+23	1.57e-22	7.57e-09	2.84e-06	9.89e-05	8.09e-04	2.23e-03	7.66e-03	1.58e-01	4.18e-01	3.49e-01	6.04e-02	3.76e-03	2.97e-04	1.04e-05	1.11e-06	0.00e+00	0.00e+00	0.00e+00
 1.12220e+23	2.08e-22	9.02e-09	3.45e-06	1.18e-04	9.50e-04	2.55e-03	8.70e-03	1.70e-01	4.24e-01	3.35e-01	5.49e-02	3.26e-03	2.51e-04	8.48e-06	8.94e-07	0.00e+00	0.00e+00	0.00e+00
 1.12862e+23	2.56e-22	1.03e-08	3.99e-06	1.35e-04	1.06e-03	2.81e-03	9.49e-03	1.78e-01	4.28e-01	3.26e-01	5.12e-02	2.95e-03	2.24e-04	7.36e-06	7.66e-07	0.00e+00	0.00e+00	0.00e+00
 1.13476e+23	3.32e-22	1.21e-08	4.77e-06	1.59e-04	1.23e-03	3.19e-03	1.06e-02	1.90e-01	4.33e-01	3.13e-01	4.67e-02	2.58e-03	1.91e-04	6.09e-06	6.24e-07	0.00e+00	0.00e+00	0.00e+00
 1.14097e+23	4.13e-22	1.40e-08	5.54e-06	1.81e-04	1.38e-03	3.51e-03	1.16e-02	1.99e-01	4.36e-01	3.03e-01	4.35e-02	2.34e-03	1.70e-04	5.28e-06	5.35e-07	0.00e+00	0.00e+00	0.00e+00
 1.14727e+23	5.42e-22	1.66e-08	6.68e-06	2.14e-04	1.60e-03	3.97e-03	1.29e-02	2.11e-01	4.39e-01	2.90e-01	3.95e-02	2.04e-03	1.45e-04	4.36e-06	4.34e-07	0.00e+00	0.00e+00	0.00e+00
 1.15365e+23	6.82e-22	1.94e-08	7.80e-06	2.45e-04	1.79e-03	4.37e-03	1.41e-02	2.21e-01	4.41e-01	2.80e-01	3.67e-02	1.83e-03	1.28e-04	3.76e-06	3.70e-07	0.00e+00	0.00e+00	0.00e+00
 1.16016e+23	9.09e-22	2.33e-08	9.47e-06	2.92e-04	2.08e-03	4.94e-03	1.57e-02	2.34e-01	4.42e-01	2.66e-01	3.31e-02	1.59e-03	1.08e-04	3.09e-06	2.98e-07	0.00e+00	0.00e+00	0.00e+00
 1.16676e+23	1.16e-21	2.75e-08	1.11e-05	3.35e-04	2.34e-03	5.44e-03	1.70e-02	2.44e-01	4.43e-01	2.56e-01	3.06e-02	1.42e-03	9.53e-05	2.65e-06	2.53e-07	0.00e+00	0.00e+00	0.00e+00
 1.17349e+23	1.56e-21	3.34e-08	1.36e-05	4.01e-04	2.72e-03	6.16e-03	1.90e-02	2.57e-01	4.43e-01	2.43e-01	2.74e-02	1.23e-03	8.02e-05	2.16e-06	2.02e-07	0.00e+00	0.00e+00	0.00e+00
 1.18033e+23	2.02e-21	3.98e-08	1.61e-05	4.63e-04	3.07e-03	6.79e-03	2.06e-02	2.68e-01	4.42e-01	2.32e-01	2.52e-02	1.09e-03	7.02e-05	1.84e-06	1.70e-07	0.00e+00	0.00e+00	0.00e+00
 1.18732e+23	2.78e-21	4.91e-08	1.98e-05	5.57e-04	3.58e-03	7.69e-03	2.29e-02	2.82e-01	4.41e-01	2.19e-01	2.24e-02	9.36e-04	5.86e-05	1.49e-06	1.35e-07	0.00e+00	0.00e+00	0.00e+00
 1.19447e+23	3.64e-21	5.90e-08	2.36e-05	6.48e-04	4.05e-03	8.49e-03	2.49e-02	2.94e-01	4.38e-01	2.09e-01	2.05e-02	8.29e-04	5.08e-05	1.26e-06	0.00e+00	0.00e+00	0.00e+00	0.00e+00
 1.20182e+23	5.12e-21	7.43e-08	2.95e-05	7.85e-04	4.74e-03	9.64e-03	2.76e-02	3.09e-01	4.35e-01	1.95e-01	1.81e-02	7.03e-04	4.20e-05	1.00e-06	0.00e+00	0.00e+00	0.00e+00	0.00e+00
 1.20938e+23	6.83e-21	9.05e-08	3.55e-05	9.20e-04	5.39e-03	1.07e-02	3.00e-02	3.20e-01	4.31e-01	1.85e-01	1.64e-02	6.17e-04	3.61e-05	8.38e-07	0.00e+00	0.00e+00	0.00e+00	0.00e+00
 1.21718e+23	9.87e-21	1.16e-07	4.49e-05	1.13e-03	6.35e-03	1.21e-02	3.34e-02	3.36e-01	4.25e-01	1.72e-01	1.43e-02	5.18e-04	2.95e-05	6.60e-07	0.00e+00	0.00e+00	0.00e+00	0.00e+00
 1.22507e+23	1.33e-20	1.43e-07	5.42e-05	1.32e-03	7.21e-03	1.34e-02	3.60e-02	3.47e-01	4.19e-01	1.62e-01	1.29e-02	4.53e-04	2.53e-05	5.51e-07	0.00e+00	0.00e+00	0.00e+00	0.00e+00
 1.23305e+23	1.94e-20	1.86e-07	6.88e-05	1.63e-03	8.50e-03	1.52e-02	4.00e-02	3.63e-01	4.11e-01	1.49e-01	1.12e-02	3.77e-04	2.05e-05	4.30e-07	0.00e+00	0.00e+00	0.00e+00	0.00e+00
 1.24110e+23	2.64e-20	2.30e-07	8.33e-05	1.91e-03	9.64e-03	1.68e-02	4.30e-02	3.73e-01	4.04e-01	1.40e-01	1.01e-02	3.30e-04	1.75e-05	3.57e-07	0.00e+00	0.00e+00	0.00e+00	0.00e+00
 1.24925e+23	3.89e-20	3.00e-07	1.06e-04	2.35e-03	1.13e-02	1.91e-02	4.75e-02	3.88e-01	3.94e-01	1.29e-01	8.65e-03	2.73e-04	1.41e-05	2.77e-07	0.00e+00	0.00e+00	0.00e+00	0.00e+00
 1.25754e+23	5.34e-20	3.76e-07	1.29e-04	2.77e-03	1.29e-02	2.10e-02	5.10e-02	3.98e-01	3.86e-01	1.20e-01	7.72e-03	2.36e-04	1.19e-05	2.28e-07	0.00e+00	0.00e+00	0.00e+00	0.00e+00
 1.26601e+23	8.01e-20	4.97e-07	1.66e-04	3.42e-03	1.52e-02	2.38e-02	5.62e-02	4.12e-01	3.73e-01	1.09e-01	6.58e-03	1.94e-04	9.48e-06	1.75e-07	0.00e+00	0.00e+00	0.00e+00	0.00e+00
 1.27438e+23	1.09e-19	6.18e-07	2.00e-04	4.00e-03	1.71e-02	2.60e-02	5.99e-02	4.21e-01	3.64e-01	1.02e-01	5.87e-03	1.68e-04	8.04e-06	1.45e-07	0.00e+00	0.00e+00	0.00e+00	0.00e+00
 1.28118e+23	1.43e-19	7.48e-07	2.36e-04	4.60e-03	1.90e-02	2.81e-02	6.36e-02	4.29e-01	3.55e-01	9.52e-02	5.27e-03	1.47e-04	6.90e-06	1.21e-07	0.00e+00	0.00e+00	0.00e+00	0.00e+00
 1.28856e+23	2.03e-19	9.54e-07	2.91e-04	5.48e-03	2.18e-02	3.11e-02	6.82e-02	4.38e-01	3.43e-01	8.74e-02	4.59e-03	1.25e-04	5.68e-06	0.00e+00	0.00e+00	0.00e+00	0.00e+00	0.00e+00
 1.29604e+23	2.71e-19	1.17e-06	3.46e-04	6.33e-03	2.42e-02	3.37e-02	7.23e-02	4.44e-01	3.33e-01	8.13e-02	4.09e-03	1.08e-04	4.83e-06	0.00e+00	0.00e+00	0.00e+00	0.00e+00	0.00e+00
 1.30265e+23	3.59e-19	1.42e-06	4.09e-04	7.26e-03	2.69e-02	3.63e-02	7.62e-02	4.50e-01	3.23e-01	7.56e-02	3.65e-03	9.45e-05	4.13e-06	0.00e+00	0.00e+00	0.00e+00	0.00e+00	0.00e+00
 1.31021e+23	5.09e-19	1.81e-06	5.04e-04	8.63e-03	3.06e-02	3.98e-02	8.13e-02	4.56e-01	3.11e-01	6.89e-02	3.17e-03	7.96e-05	3.38e-06	0.00e+00	0.00e+00	0.00e+00	0.00e+00	0.00e+00
 1.31807e+23	6.96e-19	2.25e-06	6.05e-04	1.00e-02	3.42e-02	4.32e-02	8.60e-02	4.61e-01	2.99e-01	6.32e-02	2.77e-03	6.79e-05	2.82e-06	0.00e+00	0.00e+00	0.00e+00	0.00e+00	0.00e+00
 1.32509e+23	9.30e-19	2.76e-06	7.17e-04	1.15e-02	3.79e-02	4.65e-02	9.03e-02	4.64e-01	2.88e-01	5.83e-02	2.45e-03	5.87e-05	2.38e-06	0.00e+00	0.00e+00	0.00e+00	0.00e+00	0.00e+00
 1.33299e+23	1.34e-18	3.55e-06	8.85e-04	1.37e-02	4.30e-02	5.08e-02	9.57e-02	4.67e-01	2.74e-01	5.26e-02	2.10e-03	4.89e-05	1.93e-06	0.00e+00	0.00e+00	0.00e+00	0.00e+00	0.00e+00
 1.34126e+23	1.85e-18	4.45e-06	1.07e-03	1.60e-02	4.80e-02	5.49e-02	1.01e-01	4.69e-01	2.61e-01	4.77e-02	1.81e-03	4.11e-05	1.58e-06	0.00e+00	0.00e+00	0.00e+00	0.00e+00	0.00e+00
 1.34873e+23	2.51e-18	5.49e-06	1.27e-03	1.84e-02	5.31e-02	5.89e-02	1.05e-01	4.69e-01	2.49e-01	4.35e-02	1.59e-03	3.51e-05	1.31e-06	0.00e+00	0.00e+00	0.00e+00	0.00e+00	0.00e+00
 1.35717e+23	3.67e-18	7.15e-06	1.58e-03	2.19e-02	6.02e-02	6.41e-02	1.11e-01	4.68e-01	2.34e-01	3.86e-02	1.33e-03	2.87e-05	1.04e-06	0.00e+00	0.00e+00	0.00e+00	0.00e+00	0.00e+00
 1.36587e+23	5.13e-18	9.00e-06	1.90e-03	2.55e-02	6.69e-02	6.88e-02	1.16e-01	4.65e-01	2.20e-01	3.46e-02	1.14e-03	2.39e-05	8.44e-07	0.00e+00	0.00e+00	0.00e+00	0.00e+00	0.00e+00
 1.37362e+23	7.00e-18	1.11e-05	2.26e-03	2.92e-02	7.37e-02	7.34e-02	1.20e-01	4.61e-01	2.08e-01	3.11e-02	9.81e-04	2.01e-05	6.92e-07	0.00e+00	0.00e+00	0.00e+00	0.00e+00	0.00e+00
 1.38240e+23	1.03e-17	1.45e-05	2.81e-03	3.46e-02	8.28e-02	7.92e-02	1.25e-01	4.55e-01	1.93e-01	2.72e-02	8.11e-04	1.62e-05	5.38e-07	0.00e+00	0.00e+00	0.00e+00	0.00e+00	0.00e+00
 1.39151e+23	1.46e-17	1.83e-05	3.38e-03	4.02e-02	9.16e-02	8.44e-02	1.30e-01	4.47e-01	1.79e-01	2.40e-02	6.81e-04	1.33e-05	4.28e-07	0.00e+00	0.00e+00	0.00e+00	0.00e+00	0.00e+00
 1.39969e+23	2.00e-17	2.27e-05	4.02e-03	4.59e-02	1.00e-01	8.93e-02	1.33e-01	4.39e-01	1.67e-01	2.13e-02	5.77e-04	1.10e-05	3.44e-07	0.00e+00	0.00e+00	0.00e+00	0.00e+00	0.00e+00
 1.40896e+23	3.00e-17	2.99e-05	4.99e-03	5.43e-02	1.12e-01	9.55e-02	1.37e-01	4.26e-01	1.51e-01	1.82e-02	4.65e-04	8.60e-06	2.60e-07	0.00e+00	0.00e+00	0.00e+00	0.00e+00	0.00e+00
 1.41855e+23	2.38e-17	3.76e-05	5.98e-03	6.24e-02	1.22e-01	1.01e-01	1.40e-01	4.13e-01	1.39e-01	1.58e-02	3.85e-04	6.94e-06	2.03e-07	0.00e+00	0.00e+00	0.00e+00	0.00e+00	0.00e+00
 1.42721e+23	3.31e-17	4.68e-05	7.09e-03	7.11e-02	1.33e-01	1.06e-01	1.43e-01	4.00e-01	1.27e-01	1.37e-02	3.19e-04	5.62e-06	1.60e-07	0.00e+00	0.00e+00	0.00e+00	0.00e+00	0.00e+00
 1.43714e+23	5.04e-17	6.18e-05	8.81e-03	8.36e-02	1.47e-01	1.11e-01	1.45e-01	3.80e-01	1.12e-01	1.13e-02	2.48e-04	4.25e-06	0.00e+00	0.00e+00	0.00e+00	0.00e+00	0.00e+00	0.00e+00
 1.44715e+23	7.04e-17	7.69e-05	1.04e-02	9.47e-02	1.58e-01	1.16e-01	1.46e-01	3.63e-01	1.01e-01	9.68e-03	2.02e-04	3.37e-06	0.00e+00	0.00e+00	0.00e+00	0.00e+00	0.00e+00	0.00e+00
 1.45726e+23	1.06e-16	1.00e-04	1.27e-02	1.10e-01	1.72e-01	1.20e-01	1.46e-01	3.42e-01	8.88e-02	7.95e-03	1.57e-04	2.54e-06	0.00e+00	0.00e+00	0.00e+00	0.00e+00	0.00e+00	0.00e+00
 1.46760e+23	1.50e-16	1.25e-04	1.51e-02	1.24e-01	1.85e-01	1.24e-01	1.46e-01	3.22e-01	7.85e-02	6.64e-03	1.24e-04	1.97e-06	0.00e+00	0.00e+00	0.00e+00	0.00e+00	0.00e+00	0.00e+00
 1.47670e+23	2.07e-16	1.54e-04	1.75e-02	1.38e-01	1.95e-01	1.27e-01	1.44e-01	3.03e-01	6.97e-02	5.59e-03	9.99e-05	1.54e-06	0.00e+00	0.00e+00	0.00e+00	0.00e+00	0.00e+00	0.00e+00
 1.48697e+23	3.11e-16	1.98e-04	2.11e-02	1.57e-01	2.09e-01	1.29e-01	1.42e-01	2.78e-01	5.94e-02	4.45e-03	7.49e-05	1.12e-06	0.00e+00	0.00e+00	0.00e+00	0.00e+00	0.00e+00	0.00e+00
 1.49750e+23	4.36e-16	2.44e-04	2.46e-02	1.74e-01	2.19e-01	1.31e-01	1.39e-01	2.57e-01	5.16e-02	3.65e-03	5.85e-05	8.57e-07	0.00e+00	0.00e+00	0.00e+00	0.00e+00	0.00e+00	0.00e+00
 1.50836e+23	6.60e-16	3.14e-04	2.94e-02	1.96e-01	2.31e-01	1.31e-01	1.34e-01	2.32e-01	4.30e-02	2.84e-03	4.30e-05	6.10e-07	0.00e+00	0.00e+00	0.00e+00	0.00e+00	0.00e+00	0.00e+00
 1.51938e+23	9.31e-16	3.84e-04	3.40e-02	2.15e-01	2.40e-01	1.31e-01	1.29e-01	2.11e-01	3.67e-02	2.29e-03	3.29e-05	4.56e-07	0.00e+00	0.00e+00	0.00e+00	0.00e+00	0.00e+00	0.00e+00
 1.52915e+23	1.30e-15	4.67e-04	3.89e-02	2.34e-01	2.47e-01	1.30e-01	1.24e-01	1.91e-01	3.12e-02	1.84e-03	2.52e-05	3.41e-07	0.00e+00	0.00e+00	0.00e+00	0.00e+00	0.00e+00	0.00e+00
 1.54038e+23	1.98e-15	5.93e-04	4.59e-02	2.59e-01	2.55e-01	1.28e-01	1.17e-01	1.68e-01	2.53e-02	1.38e-03	1.79e-05	2.34e-07	0.00e+00	0.00e+00	0.00e+00	0.00e+00	0.00e+00	0.00e+00
 1.55180e+23	2.79e-15	7.18e-04	5.22e-02	2.79e-01	2.59e-01	1.25e-01	1.11e-01	1.50e-01	2.11e-02	1.09e-03	1.34e-05	1.71e-07	0.00e+00	0.00e+00	0.00e+00	0.00e+00	0.00e+00	0.00e+00
 1.56170e+23	3.85e-15	8.55e-04	5.87e-02	2.98e-01	2.62e-01	1.22e-01	1.05e-01	1.34e-01	1.77e-02	8.67e-04	1.02e-05	1.27e-07	0.00e+00	0.00e+00	0.00e+00	0.00e+00	0.00e+00	0.00e+00
 1.57115e+23	5.24e-15	1.01e-03	6.53e-02	3.16e-01	2.64e-01	1.19e-01	9.92e-02	1.20e-01	1.49e-02	6.93e-04	7.84e-06	0.00e+00	0.00e+00	0.00e+00	0.00e+00	0.00e+00	0.00e+00	0.00e+00
 1.58021e+23	7.05e-15	1.17e-03	7.21e-02	3.32e-01	2.65e-01	1.16e-01	9.35e-02	1.08e-01	1.26e-02	5.59e-04	6.08e-06	0.00e+00	0.00e+00	0.00e+00	0.00e+00	0.00e+00	0.00e+00	0.00e+00
 1.59044e+23	1.04e-14	1.42e-03	8.16e-02	3.53e-01	2.64e-01	1.11e-01	8.63e-02	9.27e-02	1.01e-02	4.19e-04	4.32e-06	0.00e+00	0.00e+00	0.00e+00	0.00e+00	0.00e+00	0.00e+00	0.00e+00
 1.60053e+23	1.40e-14	1.64e-03	8.92e-02	3.68e-01	2.62e-01	1.07e-01	8.09e-02	8.27e-02	8.50e-03	3.36e-04	3.34e-06	0.00e+00	0.00e+00	0.00e+00	0.00e+00	0.00e+00	0.00e+00	0.00e+00
 1.61046e+23	2.05e-14	1.96e-03	9.94e-02	3.86e-01	2.59e-01	1.01e-01	7.42e-02	7.11e-02	6.80e-03	2.53e-04	2.40e-06	0.00e+00	0.00e+00	0.00e+00	0.00e+00	0.00e+00	0.00e+00	0.00e+00
 1.62067e+23	2.86e-14	2.26e-03	1.09e-01	4.00e-01	2.55e-01	9.66e-02	6.88e-02	6.24e-02	5.62e-03	1.99e-04	1.81e-06	0.00e+00	0.00e+00	0.00e+00	0.00e+00	0.00e+00	0.00e+00	0.00e+00
 1.63124e+23	4.34e-14	2.70e-03	1.21e-01	4.17e-01	2.49e-01	9.07e-02	6.23e-02	5.28e-02	4.40e-03	1.46e-04	1.27e-06	0.00e+00	0.00e+00	0.00e+00	0.00e+00	0.00e+00	0.00e+00	0.00e+00
 1.64192e+23	6.39e-14	3.11e-03	1.31e-01	4.29e-01	2.44e-01	8.59e-02	5.72e-02	4.59e-02	3.59e-03	1.14e-04	9.48e-07	0.00e+00	0.00e+00	0.00e+00	0.00e+00	0.00e+00	0.00e+00	0.00e+00
 1.65130e+23	9.13e-14	3.56e-03	1.42e-01	4.40e-01	2.37e-01	8.12e-02	5.26e-02	3.99e-02	2.94e-03	8.86e-05	7.11e-07	0.00e+00	0.00e+00	0.00e+00	0.00e+00	0.00e+00	0.00e+00	0.00e+00
 1.66207e+23	1.50e-13	4.22e-03	1.56e-01	4.53e-01	2.29e-01	7.53e-02	4.70e-02	3.33e-02	2.27e-03	6.42e-05	4.92e-07	0.00e+00	0.00e+00	0.00e+00	0.00e+00	0.00e+00	0.00e+00	0.00e+00
 1.67251e+23	2.42e-13	4.77e-03	1.67e-01	4.61e-01	2.22e-01	7.11e-02	4.31e-02	2.91e-02	1.86e-03	5.05e-05	3.73e-07	0.00e+00	0.00e+00	0.00e+00	0.00e+00	0.00e+00	0.00e+00	0.00e+00
 1.68083e+23	3.44e-13	5.32e-03	1.78e-01	4.67e-01	2.16e-01	6.73e-02	3.98e-02	2.56e-02	1.56e-03	4.05e-05	2.90e-07	0.00e+00	0.00e+00	0.00e+00	0.00e+00	0.00e+00	0.00e+00	0.00e+00
 1.68997e+23	5.70e-13	6.07e-03	1.91e-01	4.74e-01	2.07e-01	6.28e-02	3.60e-02	2.19e-02	1.25e-03	3.09e-05	2.13e-07	0.00e+00	0.00e+00	0.00e+00	0.00e+00	0.00e+00	0.00e+00	0.00e+00
