#depth	S	S+	S+2	S+3	S+4	S+5	S+6	S+7	S+8	S+9	S+10	S+11	S+12	S+13	S+14	S+15	S+16
 1.54284e+22	0.00e+00	0.00e+00	0.00e+00	9.71e-25	2.52e-21	3.14e-18	5.09e-15	1.97e-12	3.05e-10	1.99e-08	7.75e-07	1.61e-05	2.26e-04	3.33e-03	9.77e-02	3.96e-01	5.02e-01
 3.47286e+22	0.00e+00	9.81e-31	3.03e-26	9.73e-23	1.61e-19	1.89e-16	3.77e-13	9.59e-11	9.64e-09	4.02e-07	1.01e-05	1.33e-04	1.13e-03	1.01e-02	1.82e-01	4.53e-01	3.53e-01
 4.05509e+22	0.00e+00	2.71e-29	6.87e-25	1.74e-21	2.24e-18	1.99e-15	3.34e-12	6.93e-10	5.63e-08	1.87e-06	3.77e-05	3.89e-04	2.52e-03	1.73e-02	2.42e-01	4.61e-01	2.77e-01
 4.34765e+22	0.00e+00	1.50e-28	3.34e-24	7.48e-21	8.41e-18	6.43e-15	1.00e-11	1.88e-09	1.37e-07	4.06e-06	7.33e-05	6.68e-04	3.76e-03	2.25e-02	2.75e-01	4.58e-01	2.40e-01
 4.46955e+22	0.00e+00	2.34e-28	5.03e-24	1.09e-20	1.18e-17	8.69e-15	1.33e-11	2.43e-09	1.72e-07	4.96e-06	8.69e-05	7.68e-04	4.16e-03	2.40e-02	2.83e-01	4.56e-01	2.31e-01
 4.51775e+22	0.00e+00	3.59e-28	7.45e-24	1.56e-20	1.64e-17	1.16e-14	1.74e-11	3.11e-09	2.15e-07	6.00e-06	1.02e-04	8.77e-04	4.59e-03	2.56e-02	2.92e-01	4.54e-01	2.23e-01
 4.57253e+22	0.00e+00	6.10e-28	1.22e-23	2.45e-20	2.46e-17	1.66e-14	2.44e-11	4.22e-09	2.83e-07	7.62e-06	1.26e-04	1.03e-03	5.18e-03	2.76e-02	3.03e-01	4.51e-01	2.12e-01
 4.62914e+22	0.00e+00	9.63e-28	1.85e-23	3.60e-20	3.49e-17	2.26e-14	3.25e-11	5.49e-09	3.58e-07	9.36e-06	1.50e-04	1.19e-03	5.75e-03	2.95e-02	3.12e-01	4.48e-01	2.03e-01
 4.68814e+22	0.00e+00	1.72e-27	3.16e-23	5.88e-20	5.43e-17	3.34e-14	4.69e-11	7.68e-09	4.83e-07	1.21e-05	1.87e-04	1.43e-03	6.56e-03	3.21e-02	3.24e-01	4.44e-01	1.92e-01
 4.74538e+22	0.00e+00	2.64e-27	4.69e-23	8.44e-20	7.53e-17	4.46e-14	6.15e-11	9.82e-09	6.02e-07	1.47e-05	2.20e-04	1.63e-03	7.22e-03	3.41e-02	3.33e-01	4.40e-01	1.84e-01
 4.79256e+22	0.00e+00	4.02e-27	6.91e-23	1.20e-19	1.04e-16	5.89e-14	8.00e-11	1.25e-08	7.48e-07	1.78e-05	2.59e-04	1.86e-03	7.94e-03	3.61e-02	3.41e-01	4.37e-01	1.76e-01
 4.83900e+22	0.00e+00	6.11e-27	1.01e-22	1.71e-19	1.42e-16	7.76e-14	1.04e-10	1.59e-08	9.27e-07	2.14e-05	3.04e-04	2.11e-03	8.71e-03	3.83e-02	3.50e-01	4.32e-01	1.69e-01
 4.89226e+22	0.00e+00	1.05e-26	1.66e-22	2.68e-19	2.13e-16	1.10e-13	1.45e-10	2.16e-08	1.22e-06	2.72e-05	3.73e-04	2.49e-03	9.82e-03	4.12e-02	3.60e-01	4.26e-01	1.59e-01
 4.94186e+22	0.00e+00	1.50e-26	2.31e-22	3.62e-19	2.79e-16	1.40e-13	1.82e-10	2.65e-08	1.47e-06	3.19e-05	4.27e-04	2.78e-03	1.06e-02	4.32e-02	3.67e-01	4.22e-01	1.53e-01
 4.97849e+22	0.00e+00	2.08e-26	3.12e-22	4.74e-19	3.54e-16	1.72e-13	2.22e-10	3.19e-08	1.73e-06	3.69e-05	4.84e-04	3.07e-03	1.14e-02	4.51e-02	3.74e-01	4.18e-01	1.48e-01
 5.01242e+22	0.00e+00	2.86e-26	4.18e-22	6.19e-19	4.49e-16	2.12e-13	2.70e-10	3.82e-08	2.04e-06	4.25e-05	5.46e-04	3.39e-03	1.22e-02	4.70e-02	3.80e-01	4.14e-01	1.43e-01
 5.05107e+22	0.00e+00	4.21e-26	5.95e-22	8.54e-19	5.99e-16	2.72e-13	3.43e-10	4.75e-08	2.48e-06	5.04e-05	6.32e-04	3.81e-03	1.33e-02	4.94e-02	3.88e-01	4.09e-01	1.36e-01
 5.09092e+22	0.00e+00	5.88e-26	8.08e-22	1.13e-18	7.67e-16	3.37e-13	4.21e-10	5.74e-08	2.95e-06	5.85e-05	7.17e-04	4.21e-03	1.43e-02	5.16e-02	3.94e-01	4.04e-01	1.31e-01
 5.12476e+22	0.00e+00	7.97e-26	1.07e-21	1.45e-18	9.59e-16	4.08e-13	5.06e-10	6.81e-08	3.44e-06	6.69e-05	8.03e-04	4.61e-03	1.53e-02	5.36e-02	3.99e-01	4.00e-01	1.26e-01
 5.15614e+22	0.00e+00	1.08e-25	1.40e-21	1.86e-18	1.19e-15	4.94e-13	6.07e-10	8.07e-08	4.00e-06	7.63e-05	9.00e-04	5.05e-03	1.63e-02	5.57e-02	4.05e-01	3.95e-01	1.22e-01
 5.19190e+22	0.00e+00	1.56e-25	1.97e-21	2.52e-18	1.57e-15	6.23e-13	7.60e-10	9.93e-08	4.83e-06	8.98e-05	1.03e-03	5.65e-03	1.76e-02	5.83e-02	4.12e-01	3.89e-01	1.17e-01
 5.22681e+22	0.00e+00	2.07e-25	2.55e-21	3.19e-18	1.93e-15	7.45e-13	9.04e-10	1.17e-07	5.58e-06	1.02e-04	1.15e-03	6.15e-03	1.87e-02	6.03e-02	4.17e-01	3.85e-01	1.12e-01
 5.25582e+22	0.00e+00	2.73e-25	3.28e-21	4.00e-18	2.36e-15	8.85e-13	1.07e-09	1.36e-07	6.42e-06	1.15e-04	1.28e-03	6.68e-03	1.98e-02	6.24e-02	4.21e-01	3.80e-01	1.09e-01
 5.28873e+22	0.00e+00	3.85e-25	4.49e-21	5.29e-18	3.02e-15	1.09e-12	1.31e-09	1.65e-07	7.63e-06	1.34e-04	1.45e-03	7.39e-03	2.13e-02	6.49e-02	4.27e-01	3.74e-01	1.04e-01
 5.32240e+22	0.00e+00	5.11e-25	5.81e-21	6.68e-18	3.71e-15	1.31e-12	1.56e-09	1.93e-07	8.81e-06	1.51e-04	1.61e-03	8.04e-03	2.26e-02	6.71e-02	4.31e-01	3.69e-01	1.00e-01
 5.35252e+22	0.00e+00	6.91e-25	7.65e-21	8.53e-18	4.60e-15	1.57e-12	1.86e-09	2.28e-07	1.03e-05	1.72e-04	1.80e-03	8.79e-03	2.40e-02	6.95e-02	4.36e-01	3.64e-01	9.62e-02
 5.38189e+22	0.00e+00	9.15e-25	9.86e-21	1.07e-17	5.62e-15	1.86e-12	2.20e-09	2.67e-07	1.18e-05	1.95e-04	2.00e-03	9.55e-03	2.55e-02	7.18e-02	4.40e-01	3.58e-01	9.26e-02
 5.40927e+22	0.00e+00	1.19e-24	1.25e-20	1.32e-17	6.75e-15	2.17e-12	2.57e-09	3.08e-07	1.35e-05	2.18e-04	2.20e-03	1.03e-02	2.69e-02	7.39e-02	4.44e-01	3.53e-01	8.93e-02
 5.43536e+22	0.00e+00	1.54e-24	1.58e-20	1.63e-17	8.11e-15	2.53e-12	2.99e-09	3.55e-07	1.53e-05	2.44e-04	2.42e-03	1.11e-02	2.83e-02	7.61e-02	4.47e-01	3.48e-01	8.61e-02
 5.46530e+22	0.00e+00	2.13e-24	2.13e-20	2.13e-17	1.02e-14	3.07e-12	3.62e-09	4.26e-07	1.81e-05	2.81e-04	2.73e-03	1.22e-02	3.02e-02	7.88e-02	4.52e-01	3.42e-01	8.22e-02
 5.49562e+22	0.00e+00	2.84e-24	2.75e-20	2.67e-17	1.24e-14	3.63e-12	4.28e-09	4.98e-07	2.08e-05	3.18e-04	3.04e-03	1.33e-02	3.20e-02	8.13e-02	4.55e-01	3.36e-01	7.89e-02
 5.52148e+22	0.00e+00	3.66e-24	3.47e-20	3.28e-17	1.49e-14	4.21e-12	4.96e-09	5.72e-07	2.37e-05	3.55e-04	3.33e-03	1.43e-02	3.37e-02	8.35e-02	4.58e-01	3.31e-01	7.60e-02
 5.55012e+22	0.00e+00	5.07e-24	4.65e-20	4.25e-17	1.86e-14	5.08e-12	5.99e-09	6.84e-07	2.78e-05	4.09e-04	3.75e-03	1.57e-02	3.59e-02	8.63e-02	4.61e-01	3.24e-01	7.24e-02
 5.57962e+22	0.00e+00	6.76e-24	6.03e-20	5.35e-17	2.26e-14	5.98e-12	7.07e-09	7.99e-07	3.21e-05	4.62e-04	4.17e-03	1.71e-02	3.80e-02	8.89e-02	4.64e-01	3.18e-01	6.93e-02
 5.60570e+22	0.00e+00	8.85e-24	7.68e-20	6.61e-17	2.72e-14	6.96e-12	8.24e-09	9.25e-07	3.67e-05	5.19e-04	4.59e-03	1.84e-02	4.00e-02	9.13e-02	4.66e-01	3.12e-01	6.65e-02
 5.63507e+22	0.00e+00	1.26e-23	1.05e-19	8.74e-17	3.45e-14	8.47e-12	1.01e-08	1.12e-06	4.37e-05	6.03e-04	5.22e-03	2.04e-02	4.28e-02	9.45e-02	4.69e-01	3.04e-01	6.29e-02
 5.66477e+22	0.00e+00	1.67e-23	1.36e-19	1.09e-16	4.18e-14	9.91e-12	1.18e-08	1.31e-06	5.03e-05	6.81e-04	5.78e-03	2.21e-02	4.52e-02	9.71e-02	4.71e-01	2.98e-01	6.01e-02
 5.69011e+22	0.00e+00	2.19e-23	1.73e-19	1.35e-16	4.99e-14	1.15e-11	1.38e-08	1.51e-06	5.73e-05	7.62e-04	6.36e-03	2.38e-02	4.76e-02	9.95e-02	4.72e-01	2.92e-01	5.75e-02
 5.71822e+22	0.00e+00	3.13e-23	2.38e-19	1.78e-16	6.30e-14	1.39e-11	1.68e-08	1.82e-06	6.83e-05	8.86e-04	7.23e-03	2.63e-02	5.09e-02	1.03e-01	4.74e-01	2.84e-01	5.42e-02
 5.74618e+22	0.00e+00	4.06e-23	3.01e-19	2.18e-16	7.50e-14	1.60e-11	1.94e-08	2.10e-06	7.77e-05	9.89e-04	7.93e-03	2.82e-02	5.34e-02	1.05e-01	4.75e-01	2.78e-01	5.19e-02
 5.77393e+22	0.00e+00	5.84e-23	4.16e-19	2.88e-16	9.47e-14	1.92e-11	2.37e-08	2.54e-06	9.28e-05	1.15e-03	9.01e-03	3.12e-02	5.70e-02	1.08e-01	4.75e-01	2.69e-01	4.87e-02
 5.80090e+22	0.00e+00	7.44e-23	5.17e-19	3.49e-16	1.11e-13	2.19e-11	2.72e-08	2.90e-06	1.04e-04	1.27e-03	9.81e-03	3.33e-02	5.96e-02	1.11e-01	4.75e-01	2.63e-01	4.66e-02
 5.82682e+22	0.00e+00	1.06e-22	7.09e-19	4.56e-16	1.39e-13	2.61e-11	3.29e-08	3.49e-06	1.24e-04	1.48e-03	1.11e-02	3.67e-02	6.35e-02	1.14e-01	4.75e-01	2.55e-01	4.37e-02
 5.85258e+22	0.00e+00	1.35e-22	8.78e-19	5.50e-16	1.62e-13	2.97e-11	3.76e-08	3.96e-06	1.39e-04	1.63e-03	1.21e-02	3.91e-02	6.61e-02	1.16e-01	4.74e-01	2.49e-01	4.18e-02
 5.87813e+22	0.00e+00	1.94e-22	1.21e-18	7.20e-16	2.02e-13	3.53e-11	4.55e-08	4.78e-06	1.66e-04	1.89e-03	1.37e-02	4.31e-02	7.04e-02	1.19e-01	4.73e-01	2.40e-01	3.91e-02
 5.90371e+22	0.00e+00	2.49e-22	1.51e-18	8.74e-16	2.38e-13	4.00e-11	5.22e-08	5.46e-06	1.87e-04	2.10e-03	1.49e-02	4.60e-02	7.35e-02	1.21e-01	4.71e-01	2.34e-01	3.72e-02
 5.92934e+22	0.00e+00	3.58e-22	2.08e-18	1.14e-15	2.96e-13	4.74e-11	6.30e-08	6.57e-06	2.22e-04	2.42e-03	1.68e-02	5.05e-02	7.80e-02	1.24e-01	4.68e-01	2.25e-01	3.46e-02
 5.95543e+22	0.00e+00	4.67e-22	2.63e-18	1.40e-15	3.49e-13	5.41e-11	7.27e-08	7.56e-06	2.53e-04	2.70e-03	1.84e-02	5.41e-02	8.15e-02	1.26e-01	4.66e-01	2.18e-01	3.28e-02
 5.98210e+22	0.00e+00	6.72e-22	3.63e-18	1.84e-15	4.35e-13	6.42e-11	8.80e-08	9.10e-06	3.00e-04	3.12e-03	2.07e-02	5.93e-02	8.63e-02	1.29e-01	4.62e-01	2.09e-01	3.04e-02
 6.00859e+22	0.00e+00	8.86e-22	4.63e-18	2.26e-15	5.14e-13	7.30e-11	1.02e-07	1.05e-05	3.42e-04	3.48e-03	2.27e-02	6.35e-02	9.01e-02	1.31e-01	4.58e-01	2.02e-01	2.87e-02
 6.03483e+22	0.00e+00	1.27e-21	6.36e-18	2.95e-15	6.37e-13	8.61e-11	1.22e-07	1.26e-05	4.04e-04	4.01e-03	2.55e-02	6.94e-02	9.52e-02	1.33e-01	4.53e-01	1.93e-01	2.65e-02
 6.06151e+22	0.00e+00	1.70e-21	8.20e-18	3.65e-15	7.56e-13	9.81e-11	1.42e-07	1.46e-05	4.62e-04	4.48e-03	2.79e-02	7.43e-02	9.93e-02	1.35e-01	4.48e-01	1.86e-01	2.48e-02
 6.08878e+22	0.00e+00	2.48e-21	1.14e-17	4.81e-15	9.43e-13	1.16e-10	1.72e-07	1.76e-05	5.49e-04	5.18e-03	3.14e-02	8.12e-02	1.05e-01	1.37e-01	4.41e-01	1.77e-01	2.27e-02
 6.11623e+22	0.00e+00	3.32e-21	1.48e-17	5.96e-15	1.12e-12	1.32e-10	1.99e-07	2.03e-05	6.27e-04	5.78e-03	3.44e-02	8.69e-02	1.09e-01	1.38e-01	4.35e-01	1.69e-01	2.12e-02
 6.14390e+22	0.00e+00	4.87e-21	2.06e-17	7.88e-15	1.40e-12	1.56e-10	2.41e-07	2.45e-05	7.45e-04	6.67e-03	3.86e-02	9.47e-02	1.15e-01	1.40e-01	4.26e-01	1.60e-01	1.93e-02
 6.17176e+22	0.00e+00	6.53e-21	2.67e-17	9.75e-15	1.65e-12	1.77e-10	2.78e-07	2.83e-05	8.48e-04	7.42e-03	4.20e-02	1.01e-01	1.19e-01	1.41e-01	4.18e-01	1.53e-01	1.79e-02
 6.19590e+22	0.00e+00	8.72e-21	3.43e-17	1.20e-14	1.95e-12	2.01e-10	3.20e-07	3.25e-05	9.63e-04	8.23e-03	4.57e-02	1.07e-01	1.23e-01	1.42e-01	4.11e-01	1.46e-01	1.66e-02
 6.22332e+22	0.00e+00	1.27e-20	4.77e-17	1.58e-14	2.41e-12	2.35e-10	3.83e-07	3.89e-05	1.13e-03	9.41e-03	5.08e-02	1.16e-01	1.29e-01	1.42e-01	4.00e-01	1.37e-01	1.50e-02
 6.25047e+22	0.00e+00	1.66e-20	6.02e-17	1.92e-14	2.82e-12	2.65e-10	4.36e-07	4.41e-05	1.27e-03	1.03e-02	5.47e-02	1.22e-01	1.32e-01	1.43e-01	3.92e-01	1.30e-01	1.40e-02
 6.27728e+22	0.00e+00	2.38e-20	8.24e-17	2.48e-14	3.45e-12	3.08e-10	5.15e-07	5.21e-05	1.48e-03	1.17e-02	6.03e-02	1.31e-01	1.38e-01	1.43e-01	3.80e-01	1.22e-01	1.26e-02
 6.30464e+22	3.95e-34	3.13e-20	1.05e-16	3.03e-14	4.04e-12	3.46e-10	5.86e-07	5.91e-05	1.66e-03	1.28e-02	6.48e-02	1.38e-01	1.41e-01	1.43e-01	3.71e-01	1.16e-01	1.17e-02
 6.33270e+22	6.08e-34	4.50e-20	1.44e-16	3.93e-14	4.95e-12	4.04e-10	6.91e-07	6.96e-05	1.92e-03	1.44e-02	7.10e-02	1.48e-01	1.46e-01	1.42e-01	3.59e-01	1.08e-01	1.05e-02
 6.36144e+22	8.52e-34	5.98e-20	1.84e-16	4.83e-14	5.82e-12	4.56e-10	7.86e-07	7.90e-05	2.15e-03	1.58e-02	7.62e-02	1.55e-01	1.49e-01	1.41e-01	3.49e-01	1.02e-01	9.62e-03
 6.39105e+22	1.32e-33	8.65e-20	2.54e-16	6.31e-14	7.18e-12	5.33e-10	9.25e-07	9.29e-05	2.49e-03	1.77e-02	8.33e-02	1.65e-01	1.54e-01	1.40e-01	3.35e-01	9.42e-02	8.58e-03
 6.42133e+22	1.85e-33	1.15e-19	3.26e-16	7.77e-14	8.47e-12	6.05e-10	1.05e-06	1.05e-04	2.78e-03	1.93e-02	8.90e-02	1.72e-01	1.57e-01	1.39e-01	3.24e-01	8.85e-02	7.83e-03
 6.45249e+22	2.87e-33	1.67e-19	4.51e-16	1.02e-13	1.05e-11	7.09e-10	1.23e-06	1.23e-04	3.20e-03	2.16e-02	9.67e-02	1.82e-01	1.60e-01	1.37e-01	3.10e-01	8.14e-02	6.94e-03
 6.48421e+22	4.04e-33	2.23e-19	5.81e-16	1.25e-13	1.24e-11	8.06e-10	1.40e-06	1.39e-04	3.56e-03	2.35e-02	1.03e-01	1.90e-01	1.63e-01	1.36e-01	2.99e-01	7.61e-02	6.30e-03
 6.51669e+22	6.25e-33	3.23e-19	8.03e-16	1.64e-13	1.53e-11	9.47e-10	1.63e-06	1.62e-04	4.08e-03	2.62e-02	1.11e-01	2.00e-01	1.66e-01	1.33e-01	2.84e-01	6.97e-02	5.54e-03
 6.54938e+22	8.70e-33	4.28e-19	1.03e-15	2.02e-13	1.80e-11	1.07e-09	1.84e-06	1.82e-04	4.52e-03	2.83e-02	1.18e-01	2.07e-01	1.68e-01	1.31e-01	2.73e-01	6.50e-02	5.02e-03
 6.58233e+22	1.33e-32	6.16e-19	1.41e-15	2.63e-13	2.22e-11	1.26e-09	2.13e-06	2.10e-04	5.13e-03	3.12e-02	1.27e-01	2.17e-01	1.70e-01	1.28e-01	2.59e-01	5.92e-02	4.40e-03
 6.61589e+22	1.84e-32	8.11e-19	1.80e-15	3.22e-13	2.62e-11	1.43e-09	2.39e-06	2.35e-04	5.65e-03	3.36e-02	1.33e-01	2.24e-01	1.71e-01	1.26e-01	2.48e-01	5.51e-02	3.98e-03
 6.64532e+22	2.52e-32	1.06e-18	2.28e-15	3.93e-13	3.06e-11	1.61e-09	2.67e-06	2.61e-04	6.20e-03	3.61e-02	1.40e-01	2.30e-01	1.72e-01	1.23e-01	2.37e-01	5.13e-02	3.60e-03
 6.67429e+22	3.43e-32	1.38e-18	2.87e-15	4.76e-13	3.58e-11	1.82e-09	2.97e-06	2.89e-04	6.77e-03	3.86e-02	1.47e-01	2.37e-01	1.73e-01	1.20e-01	2.27e-01	4.77e-02	3.26e-03
 6.70757e+22	5.11e-32	1.94e-18	3.88e-15	6.12e-13	4.36e-11	2.12e-09	3.39e-06	3.29e-04	7.58e-03	4.20e-02	1.55e-01	2.45e-01	1.73e-01	1.17e-01	2.14e-01	4.33e-02	2.85e-03
 6.74089e+22	6.81e-32	2.49e-18	4.82e-15	7.36e-13	5.06e-11	2.38e-09	3.75e-06	3.62e-04	8.23e-03	4.46e-02	1.62e-01	2.50e-01	1.73e-01	1.14e-01	2.05e-01	4.03e-02	2.58e-03
 6.77426e+22	9.98e-32	3.46e-18	6.43e-15	9.37e-13	6.15e-11	2.77e-09	4.26e-06	4.09e-04	9.14e-03	4.83e-02	1.70e-01	2.57e-01	1.73e-01	1.11e-01	1.92e-01	3.66e-02	2.26e-03
 6.80717e+22	1.31e-31	4.36e-18	7.90e-15	1.11e-12	7.07e-11	3.09e-09	4.68e-06	4.46e-04	9.85e-03	5.10e-02	1.77e-01	2.62e-01	1.72e-01	1.08e-01	1.84e-01	3.41e-02	2.06e-03
 6.83949e+22	1.88e-31	5.96e-18	1.04e-14	1.40e-12	8.50e-11	3.56e-09	5.26e-06	4.99e-04	1.09e-02	5.48e-02	1.85e-01	2.68e-01	1.72e-01	1.04e-01	1.73e-01	3.09e-02	1.80e-03
 6.87232e+22	2.45e-31	7.50e-18	1.27e-14	1.67e-12	9.78e-11	3.98e-09	5.77e-06	5.44e-04	1.17e-02	5.77e-02	1.91e-01	2.72e-01	1.71e-01	1.01e-01	1.65e-01	2.88e-02	1.64e-03
 6.90580e+22	3.51e-31	1.02e-17	1.67e-14	2.09e-12	1.18e-10	4.59e-09	6.48e-06	6.07e-04	1.28e-02	6.18e-02	1.99e-01	2.77e-01	1.69e-01	9.76e-02	1.55e-01	2.60e-02	1.43e-03
 6.93992e+22	4.60e-31	1.29e-17	2.06e-14	2.50e-12	1.36e-10	5.14e-09	7.11e-06	6.61e-04	1.38e-02	6.50e-02	2.05e-01	2.80e-01	1.68e-01	9.47e-02	1.47e-01	2.41e-02	1.29e-03
 6.97488e+22	6.60e-31	1.77e-17	2.71e-14	3.15e-12	1.64e-10	5.95e-09	7.99e-06	7.37e-04	1.51e-02	6.94e-02	2.14e-01	2.85e-01	1.66e-01	9.08e-02	1.37e-01	2.17e-02	1.12e-03
 7.01046e+22	8.67e-31	2.24e-17	3.34e-14	3.76e-12	1.89e-10	6.68e-09	8.76e-06	8.02e-04	1.62e-02	7.30e-02	2.20e-01	2.88e-01	1.64e-01	8.78e-02	1.30e-01	2.00e-02	1.01e-03
 7.04685e+22	6.22e-31	3.06e-17	4.40e-14	4.75e-12	2.28e-10	7.75e-09	9.86e-06	8.94e-04	1.77e-02	7.78e-02	2.28e-01	2.91e-01	1.61e-01	8.39e-02	1.21e-01	1.79e-02	8.71e-04
 7.08392e+22	8.19e-31	3.88e-17	5.43e-14	5.69e-12	2.65e-10	8.72e-09	1.08e-05	9.73e-04	1.90e-02	8.16e-02	2.34e-01	2.93e-01	1.59e-01	8.09e-02	1.14e-01	1.65e-02	7.79e-04
 7.12188e+22	1.18e-30	5.32e-17	7.18e-14	7.20e-12	3.21e-10	1.01e-08	1.22e-05	1.08e-03	2.08e-02	8.68e-02	2.42e-01	2.96e-01	1.56e-01	7.70e-02	1.06e-01	1.47e-02	6.70e-04
 7.15898e+22	1.50e-30	6.58e-17	8.67e-14	8.48e-12	3.67e-10	1.13e-08	1.33e-05	1.17e-03	2.21e-02	9.05e-02	2.47e-01	2.97e-01	1.53e-01	7.44e-02	1.00e-01	1.36e-02	6.05e-04
 7.19497e+22	2.11e-30	8.85e-17	1.13e-13	1.06e-11	4.39e-10	1.30e-08	1.48e-05	1.29e-03	2.40e-02	9.56e-02	2.54e-01	2.99e-01	1.50e-01	7.08e-02	9.28e-02	1.22e-02	5.23e-04
 7.23152e+22	2.70e-30	1.10e-16	1.36e-13	1.25e-11	5.04e-10	1.45e-08	1.61e-05	1.39e-03	2.55e-02	9.95e-02	2.59e-01	2.99e-01	1.47e-01	6.82e-02	8.78e-02	1.12e-02	4.71e-04
 7.26879e+22	3.75e-30	1.46e-16	1.76e-13	1.55e-11	6.02e-10	1.68e-08	1.80e-05	1.53e-03	2.75e-02	1.05e-01	2.66e-01	3.00e-01	1.44e-01	6.47e-02	8.13e-02	1.00e-02	4.07e-04
 7.30723e+22	4.90e-30	1.85e-16	2.17e-13	1.85e-11	6.97e-10	1.88e-08	1.97e-05	1.66e-03	2.93e-02	1.09e-01	2.71e-01	3.00e-01	1.41e-01	6.20e-02	7.62e-02	9.17e-03	3.61e-04
 7.34716e+22	6.84e-30	2.47e-16	2.81e-13	2.31e-11	8.38e-10	2.18e-08	2.21e-05	1.83e-03	3.17e-02	1.15e-01	2.78e-01	2.99e-01	1.37e-01	5.87e-02	7.03e-02	8.17e-03	3.11e-04
 7.38840e+22	9.06e-30	3.16e-16	3.50e-13	2.79e-11	9.79e-10	2.48e-08	2.43e-05	1.99e-03	3.39e-02	1.20e-01	2.83e-01	2.99e-01	1.33e-01	5.59e-02	6.56e-02	7.39e-03	2.73e-04
 7.43132e+22	1.28e-29	4.28e-16	4.59e-13	3.52e-11	1.19e-09	2.89e-08	2.74e-05	2.21e-03	3.67e-02	1.26e-01	2.89e-01	2.97e-01	1.29e-01	5.26e-02	6.01e-02	6.53e-03	2.33e-04
 7.47541e+22	1.71e-29	5.52e-16	5.75e-13	4.28e-11	1.40e-09	3.29e-08	3.03e-05	2.41e-03	3.92e-02	1.32e-01	2.94e-01	2.96e-01	1.25e-01	4.99e-02	5.57e-02	5.88e-03	2.03e-04
 7.52101e+22	2.45e-29	7.55e-16	7.60e-13	5.45e-11	1.70e-09	3.87e-08	3.44e-05	2.67e-03	4.26e-02	1.39e-01	2.99e-01	2.94e-01	1.21e-01	4.67e-02	5.07e-02	5.15e-03	1.72e-04
 7.56810e+22	3.32e-29	9.84e-16	9.63e-13	6.68e-11	2.02e-09	4.44e-08	3.82e-05	2.92e-03	4.55e-02	1.44e-01	3.04e-01	2.91e-01	1.17e-01	4.40e-02	4.68e-02	4.60e-03	1.48e-04
 7.61713e+22	4.82e-29	1.36e-15	1.29e-12	8.60e-11	2.49e-09	5.27e-08	4.36e-05	3.26e-03	4.95e-02	1.52e-01	3.09e-01	2.88e-01	1.11e-01	4.09e-02	4.22e-02	3.99e-03	1.24e-04
 7.66758e+22	6.61e-29	1.80e-15	1.65e-12	1.06e-10	2.98e-09	6.09e-08	4.87e-05	3.57e-03	5.30e-02	1.58e-01	3.13e-01	2.84e-01	1.07e-01	3.84e-02	3.87e-02	3.53e-03	1.06e-04
 7.71298e+22	8.90e-29	2.33e-15	2.08e-12	1.30e-10	3.53e-09	7.00e-08	5.42e-05	3.90e-03	5.65e-02	1.64e-01	3.16e-01	2.81e-01	1.03e-01	3.61e-02	3.56e-02	3.14e-03	9.14e-05
 7.76509e+22	1.33e-28	3.31e-15	2.85e-12	1.71e-10	4.42e-09	8.39e-08	6.21e-05	4.36e-03	6.15e-02	1.72e-01	3.20e-01	2.76e-01	9.79e-02	3.31e-02	3.17e-02	2.68e-03	7.46e-05
 7.81757e+22	1.79e-28	4.28e-15	3.60e-12	2.09e-10	5.24e-09	9.63e-08	6.92e-05	4.75e-03	6.55e-02	1.79e-01	3.23e-01	2.71e-01	9.39e-02	3.11e-02	2.90e-02	2.38e-03	6.41e-05
 7.87052e+22	2.65e-28	6.05e-15	4.90e-12	2.73e-10	6.54e-09	1.15e-07	7.93e-05	5.31e-03	7.10e-02	1.87e-01	3.26e-01	2.65e-01	8.88e-02	2.85e-02	2.58e-02	2.03e-03	5.23e-05
 7.92460e+22	3.65e-28	7.99e-15	6.28e-12	3.38e-10	7.83e-09	1.33e-07	8.86e-05	5.81e-03	7.57e-02	1.94e-01	3.28e-01	2.60e-01	8.47e-02	2.65e-02	2.34e-02	1.78e-03	4.43e-05
 7.98014e+22	5.44e-28	1.14e-14	8.60e-12	4.44e-10	9.82e-09	1.60e-07	1.02e-04	6.49e-03	8.21e-02	2.02e-01	3.30e-01	2.54e-01	7.96e-02	2.41e-02	2.07e-02	1.50e-03	3.58e-05
 8.03683e+22	7.58e-28	1.52e-14	1.12e-11	5.57e-10	1.19e-08	1.87e-07	1.14e-04	7.12e-03	8.76e-02	2.09e-01	3.31e-01	2.48e-01	7.55e-02	2.23e-02	1.86e-02	1.30e-03	2.99e-05
 8.08728e+22	1.05e-27	2.03e-14	1.45e-11	6.95e-10	1.43e-08	2.17e-07	1.28e-04	7.78e-03	9.33e-02	2.16e-01	3.31e-01	2.42e-01	7.15e-02	2.06e-02	1.68e-02	1.13e-03	2.50e-05
 8.14513e+22	1.60e-27	2.96e-14	2.02e-11	9.27e-10	1.81e-08	2.64e-07	1.48e-04	8.72e-03	1.01e-01	2.25e-01	3.31e-01	2.34e-01	6.66e-02	1.86e-02	1.46e-02	9.38e-04	1.98e-05
 8.19958e+22	2.09e-27	3.76e-14	2.51e-11	1.12e-09	2.12e-08	2.99e-07	1.63e-04	9.39e-03	1.06e-01	2.30e-01	3.31e-01	2.28e-01	6.35e-02	1.73e-02	1.34e-02	8.31e-04	1.70e-05
 8.24961e+22	3.03e-27	5.25e-14	3.37e-11	1.44e-09	2.61e-08	3.55e-07	1.84e-04	1.04e-02	1.14e-01	2.38e-01	3.29e-01	2.21e-01	5.94e-02	1.58e-02	1.18e-02	7.01e-04	1.37e-05
 8.30024e+22	3.98e-27	6.73e-14	4.21e-11	1.75e-09	3.07e-08	4.04e-07	2.03e-04	1.12e-02	1.20e-01	2.43e-01	3.28e-01	2.15e-01	5.64e-02	1.46e-02	1.07e-02	6.17e-04	1.17e-05
 8.35167e+22	5.74e-27	9.40e-14	5.67e-11	2.25e-09	3.79e-08	4.80e-07	2.31e-04	1.23e-02	1.28e-01	2.50e-01	3.26e-01	2.07e-01	5.26e-02	1.33e-02	9.41e-03	5.19e-04	9.42e-06
 8.40420e+22	7.73e-27	1.23e-13	7.22e-11	2.77e-09	4.50e-08	5.52e-07	2.56e-04	1.33e-02	1.35e-01	2.56e-01	3.24e-01	2.01e-01	4.96e-02	1.22e-02	8.45e-03	4.49e-04	7.88e-06
 8.45818e+22	1.14e-26	1.77e-13	9.93e-11	3.64e-09	5.64e-08	6.64e-07	2.93e-04	1.48e-02	1.44e-01	2.63e-01	3.20e-01	1.93e-01	4.59e-02	1.10e-02	7.33e-03	3.71e-04	6.21e-06
 8.51249e+22	1.52e-26	2.32e-13	1.26e-10	4.48e-09	6.71e-08	7.65e-07	3.26e-04	1.60e-02	1.52e-01	2.68e-01	3.17e-01	1.86e-01	4.31e-02	1.01e-02	6.57e-03	3.21e-04	5.17e-06
 8.56720e+22	2.22e-26	3.32e-13	1.74e-10	5.90e-09	8.44e-08	9.23e-07	3.74e-04	1.78e-02	1.62e-01	2.75e-01	3.12e-01	1.78e-01	3.97e-02	9.01e-03	5.67e-03	2.64e-04	4.05e-06
 8.62299e+22	3.01e-26	4.44e-13	2.25e-10	7.37e-09	1.02e-07	1.07e-06	4.18e-04	1.93e-02	1.71e-01	2.80e-01	3.08e-01	1.71e-01	3.70e-02	8.22e-03	5.03e-03	2.25e-04	3.31e-06
 8.68016e+22	4.45e-26	6.49e-13	3.16e-10	9.84e-09	1.29e-07	1.31e-06	4.84e-04	2.15e-02	1.82e-01	2.86e-01	3.01e-01	1.63e-01	3.38e-02	7.27e-03	4.28e-03	1.82e-04	2.54e-06
 8.73847e+22	6.06e-26	8.79e-13	4.13e-10	1.24e-08	1.57e-07	1.54e-06	5.44e-04	2.35e-02	1.92e-01	2.90e-01	2.96e-01	1.56e-01	3.13e-02	6.58e-03	3.76e-03	1.53e-04	2.05e-06
 8.79824e+22	9.01e-26	1.31e-12	5.88e-10	1.69e-08	2.04e-07	1.91e-06	6.37e-04	2.63e-02	2.06e-01	2.96e-01	2.88e-01	1.46e-01	2.82e-02	5.75e-03	3.16e-03	1.21e-04	1.54e-06
 8.85862e+22	1.23e-25	1.78e-12	7.76e-10	2.14e-08	2.49e-07	2.27e-06	7.21e-04	2.88e-02	2.16e-01	2.99e-01	2.82e-01	1.39e-01	2.60e-02	5.17e-03	2.75e-03	1.01e-04	1.23e-06
 8.90964e+22	1.62e-25	2.36e-12	1.00e-09	2.68e-08	3.01e-07	2.65e-06	8.09e-04	3.13e-02	2.27e-01	3.02e-01	2.75e-01	1.33e-01	2.40e-02	4.67e-03	2.41e-03	8.51e-05	9.93e-07
 8.96514e+22	2.27e-25	3.39e-12	1.38e-09	3.55e-08	3.83e-07	3.25e-06	9.39e-04	3.48e-02	2.40e-01	3.05e-01	2.66e-01	1.25e-01	2.17e-02	4.10e-03	2.04e-03	6.81e-05	7.54e-07
 9.02085e+22	2.97e-25	4.50e-12	1.78e-09	4.44e-08	4.64e-07	3.82e-06	1.06e-03	3.79e-02	2.51e-01	3.07e-01	2.59e-01	1.18e-01	1.99e-02	3.69e-03	1.78e-03	5.69e-05	6.05e-07
 9.07528e+22	4.06e-25	6.32e-12	2.42e-09	5.81e-08	5.85e-07	4.67e-06	1.22e-03	4.20e-02	2.65e-01	3.09e-01	2.50e-01	1.11e-01	1.79e-02	3.23e-03	1.50e-03	4.57e-05	4.61e-07
 9.13080e+22	5.28e-25	8.44e-12	3.14e-09	7.33e-08	7.16e-07	5.55e-06	1.39e-03	4.60e-02	2.77e-01	3.09e-01	2.42e-01	1.04e-01	1.63e-02	2.88e-03	1.29e-03	3.77e-05	3.64e-07
 9.18524e+22	6.93e-25	1.16e-11	4.19e-09	9.51e-08	8.97e-07	6.75e-06	1.60e-03	5.08e-02	2.91e-01	3.09e-01	2.32e-01	9.73e-02	1.47e-02	2.52e-03	1.09e-03	3.02e-05	2.78e-07
 9.24083e+22	8.86e-25	1.56e-11	5.46e-09	1.21e-07	1.11e-06	8.10e-06	1.83e-03	5.58e-02	3.03e-01	3.09e-01	2.23e-01	9.09e-02	1.32e-02	2.23e-03	9.30e-04	2.45e-05	2.15e-07
 9.29563e+22	1.14e-24	2.10e-11	7.18e-09	1.55e-07	1.38e-06	9.80e-06	2.11e-03	6.15e-02	3.17e-01	3.07e-01	2.13e-01	8.44e-02	1.18e-02	1.95e-03	7.84e-04	1.97e-05	1.64e-07
 9.35084e+22	1.43e-24	2.78e-11	9.33e-09	1.97e-07	1.70e-06	1.18e-05	2.42e-03	6.75e-02	3.30e-01	3.05e-01	2.04e-01	7.83e-02	1.06e-02	1.70e-03	6.62e-04	1.58e-05	1.26e-07
 9.40540e+22	1.79e-24	3.67e-11	1.21e-08	2.49e-07	2.10e-06	1.42e-05	2.77e-03	7.41e-02	3.43e-01	3.02e-01	1.94e-01	7.24e-02	9.44e-03	1.48e-03	5.57e-04	1.27e-05	0.00e+00
 9.45985e+22	2.20e-24	4.80e-11	1.55e-08	3.14e-07	2.58e-06	1.71e-05	3.17e-03	8.12e-02	3.56e-01	2.99e-01	1.84e-01	6.68e-02	8.40e-03	1.29e-03	4.68e-04	1.02e-05	0.00e+00
 9.51437e+22	2.69e-24	6.24e-11	1.98e-08	3.95e-07	3.17e-06	2.06e-05	3.62e-03	8.89e-02	3.68e-01	2.95e-01	1.74e-01	6.13e-02	7.45e-03	1.12e-03	3.92e-04	8.11e-06	0.00e+00
 9.56908e+22	3.26e-24	8.04e-11	2.51e-08	4.95e-07	3.89e-06	2.47e-05	4.14e-03	9.72e-02	3.80e-01	2.90e-01	1.64e-01	5.62e-02	6.59e-03	9.67e-04	3.27e-04	6.46e-06	0.00e+00
 9.62405e+22	3.93e-24	1.03e-10	3.17e-08	6.19e-07	4.76e-06	2.97e-05	4.72e-03	1.06e-01	3.92e-01	2.84e-01	1.55e-01	5.13e-02	5.80e-03	8.33e-04	2.72e-04	5.12e-06	0.00e+00
 9.67949e+22	4.70e-24	1.31e-10	3.99e-08	7.71e-07	5.81e-06	3.56e-05	5.38e-03	1.16e-01	4.03e-01	2.78e-01	1.45e-01	4.67e-02	5.10e-03	7.14e-04	2.25e-04	4.04e-06	0.00e+00
 9.73553e+22	5.61e-24	1.65e-10	5.01e-08	9.59e-07	7.09e-06	4.26e-05	6.13e-03	1.26e-01	4.13e-01	2.71e-01	1.36e-01	4.23e-02	4.46e-03	6.10e-04	1.86e-04	3.18e-06	0.00e+00
 9.79188e+22	6.65e-24	2.06e-10	6.23e-08	1.18e-06	8.60e-06	5.09e-05	6.97e-03	1.36e-01	4.23e-01	2.64e-01	1.27e-01	3.83e-02	3.89e-03	5.21e-04	1.53e-04	2.49e-06	0.00e+00
 9.84911e+22	7.89e-24	2.58e-10	7.75e-08	1.47e-06	1.05e-05	6.10e-05	7.92e-03	1.48e-01	4.32e-01	2.56e-01	1.18e-01	3.44e-02	3.38e-03	4.41e-04	1.25e-04	1.94e-06	0.00e+00
 9.90694e+22	9.33e-24	3.18e-10	9.55e-08	1.80e-06	1.26e-05	7.27e-05	8.97e-03	1.60e-01	4.39e-01	2.48e-01	1.09e-01	3.09e-02	2.93e-03	3.73e-04	1.03e-04	1.51e-06	0.00e+00
 9.96592e+22	1.20e-23	3.93e-10	1.18e-07	2.22e-06	1.53e-05	8.71e-05	1.02e-02	1.73e-01	4.46e-01	2.39e-01	1.01e-01	2.75e-02	2.52e-03	3.13e-04	8.31e-05	1.16e-06	0.00e+00
 1.00259e+23	1.43e-23	4.80e-10	1.45e-07	2.72e-06	1.85e-05	1.04e-04	1.15e-02	1.86e-01	4.52e-01	2.30e-01	9.27e-02	2.46e-02	2.17e-03	2.62e-04	6.74e-05	8.99e-07	0.00e+00
 1.00809e+23	1.66e-23	5.65e-10	1.71e-07	3.22e-06	2.16e-05	1.20e-04	1.27e-02	1.98e-01	4.56e-01	2.23e-01	8.63e-02	2.22e-02	1.91e-03	2.26e-04	5.65e-05	7.22e-07	0.00e+00
 1.01384e+23	1.98e-23	6.89e-10	2.10e-07	3.96e-06	2.62e-05	1.44e-04	1.44e-02	2.13e-01	4.60e-01	2.13e-01	7.86e-02	1.96e-02	1.62e-03	1.86e-04	4.49e-05	5.45e-07	0.00e+00
 1.01967e+23	2.31e-23	8.07e-10	2.47e-07	4.66e-06	3.04e-05	1.65e-04	1.59e-02	2.25e-01	4.62e-01	2.05e-01	7.29e-02	1.76e-02	1.41e-03	1.59e-04	3.74e-05	4.35e-07	0.00e+00
 1.02569e+23	2.81e-23	9.80e-10	3.03e-07	5.74e-06	3.69e-05	1.98e-04	1.80e-02	2.41e-01	4.64e-01	1.94e-01	6.59e-02	1.53e-02	1.19e-03	1.30e-04	2.94e-05	3.24e-07	0.00e+00
 1.03172e+23	3.28e-23	1.13e-09	3.54e-07	6.71e-06	4.26e-05	2.28e-04	1.98e-02	2.54e-01	4.64e-01	1.86e-01	6.08e-02	1.38e-02	1.04e-03	1.11e-04	2.44e-05	2.58e-07	0.00e+00
 1.03776e+23	3.98e-23	1.36e-09	4.29e-07	8.18e-06	5.12e-05	2.72e-04	2.23e-02	2.71e-01	4.63e-01	1.76e-01	5.48e-02	1.20e-02	8.67e-04	8.99e-05	1.92e-05	1.91e-07	0.00e+00
 1.04382e+23	4.66e-23	1.56e-09	4.98e-07	9.50e-06	5.88e-05	3.10e-04	2.43e-02	2.84e-01	4.61e-01	1.68e-01	5.05e-02	1.07e-02	7.56e-04	7.66e-05	1.59e-05	1.53e-07	0.00e+00
 1.04991e+23	5.67e-23	1.85e-09	6.00e-07	1.15e-05	7.02e-05	3.67e-04	2.72e-02	3.01e-01	4.58e-01	1.58e-01	4.53e-02	9.28e-03	6.31e-04	6.21e-05	1.25e-05	0.00e+00	0.00e+00
 1.05607e+23	6.66e-23	2.12e-09	6.93e-07	1.33e-05	8.03e-05	4.17e-04	2.96e-02	3.14e-01	4.55e-01	1.51e-01	4.16e-02	8.29e-03	5.48e-04	5.27e-05	1.03e-05	0.00e+00	0.00e+00
 1.06232e+23	8.13e-23	2.50e-09	8.31e-07	1.61e-05	9.55e-05	4.93e-04	3.31e-02	3.31e-01	4.49e-01	1.41e-01	3.71e-02	7.14e-03	4.55e-04	4.24e-05	8.05e-06	0.00e+00	0.00e+00
 1.06865e+23	9.58e-23	2.86e-09	9.60e-07	1.86e-05	1.09e-04	5.60e-04	3.59e-02	3.44e-01	4.44e-01	1.34e-01	3.39e-02	6.34e-03	3.94e-04	3.58e-05	6.62e-06	0.00e+00	0.00e+00
 1.07509e+23	1.17e-22	3.36e-09	1.15e-06	2.23e-05	1.29e-04	6.59e-04	3.99e-02	3.61e-01	4.37e-01	1.25e-01	3.01e-02	5.43e-03	3.25e-04	2.87e-05	5.13e-06	0.00e+00	0.00e+00
 1.08164e+23	1.39e-22	3.84e-09	1.33e-06	2.58e-05	1.47e-04	7.48e-04	4.33e-02	3.75e-01	4.30e-01	1.18e-01	2.74e-02	4.80e-03	2.79e-04	2.40e-05	4.19e-06	0.00e+00	0.00e+00
 1.08836e+23	1.72e-22	4.51e-09	1.59e-06	3.10e-05	1.74e-04	8.82e-04	4.80e-02	3.92e-01	4.21e-01	1.09e-01	2.42e-02	4.08e-03	2.29e-04	1.91e-05	3.21e-06	0.00e+00	0.00e+00
 1.09523e+23	2.06e-22	5.17e-09	1.84e-06	3.60e-05	1.99e-04	1.00e-03	5.20e-02	4.05e-01	4.13e-01	1.03e-01	2.18e-02	3.58e-03	1.95e-04	1.58e-05	2.60e-06	0.00e+00	0.00e+00
 1.10230e+23	2.56e-22	6.09e-09	2.22e-06	4.33e-05	2.36e-04	1.18e-03	5.76e-02	4.23e-01	4.02e-01	9.45e-02	1.91e-02	3.01e-03	1.58e-04	1.24e-05	1.97e-06	0.00e+00	0.00e+00
 1.10950e+23	3.09e-22	7.03e-09	2.58e-06	5.03e-05	2.69e-04	1.34e-03	6.23e-02	4.35e-01	3.92e-01	8.85e-02	1.72e-02	2.63e-03	1.34e-04	1.03e-05	1.58e-06	0.00e+00	0.00e+00
 1.11558e+23	3.62e-22	7.91e-09	2.94e-06	5.73e-05	3.02e-04	1.50e-03	6.67e-02	4.47e-01	3.83e-01	8.31e-02	1.56e-02	2.32e-03	1.15e-04	8.61e-06	1.30e-06	0.00e+00	0.00e+00
 1.12220e+23	4.45e-22	9.22e-09	3.48e-06	6.77e-05	3.51e-04	1.73e-03	7.29e-02	4.61e-01	3.72e-01	7.66e-02	1.37e-02	1.97e-03	9.46e-05	6.87e-06	1.00e-06	0.00e+00	0.00e+00
 1.12862e+23	5.19e-22	1.03e-08	3.93e-06	7.63e-05	3.89e-04	1.91e-03	7.74e-02	4.71e-01	3.63e-01	7.22e-02	1.25e-02	1.76e-03	8.23e-05	5.85e-06	8.36e-07	0.00e+00	0.00e+00
 1.13476e+23	6.22e-22	1.18e-08	4.57e-06	8.87e-05	4.45e-04	2.18e-03	8.37e-02	4.83e-01	3.51e-01	6.67e-02	1.11e-02	1.51e-03	6.84e-05	4.73e-06	6.56e-07	0.00e+00	0.00e+00
 1.14097e+23	7.34e-22	1.34e-08	5.18e-06	9.99e-05	4.93e-04	2.40e-03	8.86e-02	4.91e-01	3.43e-01	6.28e-02	1.01e-02	1.35e-03	5.95e-05	4.03e-06	5.47e-07	0.00e+00	0.00e+00
 1.14727e+23	8.88e-22	1.54e-08	6.05e-06	1.16e-04	5.63e-04	2.73e-03	9.55e-02	5.03e-01	3.30e-01	5.79e-02	8.95e-03	1.15e-03	4.93e-05	3.25e-06	4.28e-07	0.00e+00	0.00e+00
 1.15365e+23	1.05e-21	1.75e-08	6.88e-06	1.31e-04	6.24e-04	3.01e-03	1.01e-01	5.10e-01	3.21e-01	5.43e-02	8.13e-03	1.02e-03	4.26e-05	2.75e-06	3.54e-07	0.00e+00	0.00e+00
 1.16016e+23	1.28e-21	2.03e-08	8.06e-06	1.53e-04	7.11e-04	3.42e-03	1.09e-01	5.21e-01	3.09e-01	4.98e-02	7.14e-03	8.69e-04	3.51e-05	2.20e-06	2.75e-07	0.00e+00	0.00e+00
 1.16676e+23	1.53e-21	2.31e-08	9.21e-06	1.73e-04	7.88e-04	3.76e-03	1.15e-01	5.27e-01	2.99e-01	4.66e-02	6.47e-03	7.68e-04	3.02e-05	1.86e-06	2.27e-07	0.00e+00	0.00e+00
 1.17349e+23	1.88e-21	2.70e-08	1.08e-05	2.02e-04	9.00e-04	4.28e-03	1.24e-01	5.36e-01	2.86e-01	4.25e-02	5.66e-03	6.49e-04	2.47e-05	1.47e-06	1.75e-07	0.00e+00	0.00e+00
 1.18033e+23	2.28e-21	3.11e-08	1.24e-05	2.29e-04	9.98e-04	4.71e-03	1.30e-01	5.42e-01	2.76e-01	3.96e-02	5.10e-03	5.71e-04	2.12e-05	1.24e-06	1.43e-07	0.00e+00	0.00e+00
 1.18732e+23	2.83e-21	3.66e-08	1.47e-05	2.68e-04	1.14e-03	5.36e-03	1.40e-01	5.49e-01	2.63e-01	3.59e-02	4.43e-03	4.79e-04	1.72e-05	9.73e-07	0.00e+00	0.00e+00	0.00e+00
 1.19447e+23	3.45e-21	4.24e-08	1.70e-05	3.05e-04	1.27e-03	5.90e-03	1.48e-01	5.54e-01	2.53e-01	3.32e-02	3.97e-03	4.18e-04	1.46e-05	8.08e-07	0.00e+00	0.00e+00	0.00e+00
 1.20182e+23	4.37e-21	5.07e-08	2.03e-05	3.59e-04	1.45e-03	6.72e-03	1.58e-01	5.60e-01	2.40e-01	3.00e-02	3.42e-03	3.48e-04	1.17e-05	6.30e-07	0.00e+00	0.00e+00	0.00e+00
 1.20938e+23	5.39e-21	5.93e-08	2.36e-05	4.12e-04	1.62e-03	7.43e-03	1.67e-01	5.63e-01	2.30e-01	2.76e-02	3.04e-03	3.00e-04	9.82e-06	5.17e-07	0.00e+00	0.00e+00	0.00e+00
 1.21718e+23	7.00e-21	7.23e-08	2.86e-05	4.89e-04	1.86e-03	8.46e-03	1.79e-01	5.67e-01	2.16e-01	2.47e-02	2.60e-03	2.48e-04	7.80e-06	3.98e-07	0.00e+00	0.00e+00	0.00e+00
 1.22507e+23	8.79e-21	8.56e-08	3.35e-05	5.61e-04	2.07e-03	9.31e-03	1.88e-01	5.68e-01	2.06e-01	2.26e-02	2.31e-03	2.14e-04	6.54e-06	3.26e-07	0.00e+00	0.00e+00	0.00e+00
 1.23305e+23	1.14e-20	1.05e-07	4.07e-05	6.66e-04	2.37e-03	1.06e-02	2.01e-01	5.70e-01	1.93e-01	2.01e-02	1.96e-03	1.75e-04	5.14e-06	2.49e-07	0.00e+00	0.00e+00	0.00e+00
 1.24110e+23	1.45e-20	1.25e-07	4.78e-05	7.65e-04	2.64e-03	1.17e-02	2.11e-01	5.70e-01	1.84e-01	1.84e-02	1.73e-03	1.50e-04	4.30e-06	2.03e-07	0.00e+00	0.00e+00	0.00e+00
 1.24925e+23	1.91e-20	1.54e-07	5.82e-05	9.10e-04	3.03e-03	1.33e-02	2.25e-01	5.69e-01	1.71e-01	1.63e-02	1.46e-03	1.22e-04	3.37e-06	1.54e-07	0.00e+00	0.00e+00	0.00e+00
 1.25754e+23	2.46e-20	1.86e-07	6.88e-05	1.05e-03	3.37e-03	1.45e-02	2.35e-01	5.67e-01	1.63e-01	1.49e-02	1.29e-03	1.05e-04	2.80e-06	1.25e-07	0.00e+00	0.00e+00	0.00e+00
 1.26601e+23	3.31e-20	2.33e-07	8.46e-05	1.25e-03	3.87e-03	1.65e-02	2.50e-01	5.64e-01	1.51e-01	1.31e-02	1.08e-03	8.44e-05	2.17e-06	0.00e+00	0.00e+00	0.00e+00	0.00e+00
 1.27438e+23	4.24e-20	2.80e-07	9.95e-05	1.44e-03	4.28e-03	1.80e-02	2.60e-01	5.60e-01	1.43e-01	1.19e-02	9.53e-04	7.24e-05	1.81e-06	0.00e+00	0.00e+00	0.00e+00	0.00e+00
 1.28118e+23	5.22e-20	3.27e-07	1.14e-04	1.62e-03	4.69e-03	1.96e-02	2.70e-01	5.56e-01	1.35e-01	1.09e-02	8.47e-04	6.27e-05	1.52e-06	0.00e+00	0.00e+00	0.00e+00	0.00e+00
 1.28856e+23	6.87e-20	4.01e-07	1.37e-04	1.88e-03	5.25e-03	2.16e-02	2.83e-01	5.51e-01	1.27e-01	9.77e-03	7.31e-04	5.24e-05	1.23e-06	0.00e+00	0.00e+00	0.00e+00	0.00e+00
 1.29604e+23	8.61e-20	4.75e-07	1.59e-04	2.13e-03	5.76e-03	2.35e-02	2.94e-01	5.46e-01	1.19e-01	8.91e-03	6.46e-04	4.51e-05	1.03e-06	0.00e+00	0.00e+00	0.00e+00	0.00e+00
 1.30265e+23	1.08e-19	5.61e-07	1.84e-04	2.40e-03	6.29e-03	2.53e-02	3.04e-01	5.40e-01	1.13e-01	8.14e-03	5.73e-04	3.90e-05	8.70e-07	0.00e+00	0.00e+00	0.00e+00	0.00e+00
 1.31021e+23	1.43e-19	6.94e-07	2.21e-04	2.79e-03	7.03e-03	2.79e-02	3.17e-01	5.32e-01	1.05e-01	7.27e-03	4.93e-04	3.25e-05	7.01e-07	0.00e+00	0.00e+00	0.00e+00	0.00e+00
 1.31807e+23	1.84e-19	8.36e-07	2.60e-04	3.19e-03	7.75e-03	3.04e-02	3.28e-01	5.25e-01	9.84e-02	6.55e-03	4.29e-04	2.75e-05	5.76e-07	0.00e+00	0.00e+00	0.00e+00	0.00e+00
 1.32509e+23	2.33e-19	9.98e-07	3.02e-04	3.61e-03	8.47e-03	3.28e-02	3.39e-01	5.17e-01	9.26e-02	5.95e-03	3.78e-04	2.36e-05	4.82e-07	0.00e+00	0.00e+00	0.00e+00	0.00e+00
 1.33299e+23	3.16e-19	1.25e-06	3.65e-04	4.21e-03	9.47e-03	3.60e-02	3.52e-01	5.07e-01	8.56e-02	5.27e-03	3.23e-04	1.95e-05	3.84e-07	0.00e+00	0.00e+00	0.00e+00	0.00e+00
 1.34126e+23	4.14e-19	1.52e-06	4.33e-04	4.84e-03	1.05e-02	3.92e-02	3.64e-01	4.97e-01	7.95e-02	4.70e-03	2.78e-04	1.63e-05	3.12e-07	0.00e+00	0.00e+00	0.00e+00	0.00e+00
 1.34873e+23	5.36e-19	1.84e-06	5.07e-04	5.50e-03	1.15e-02	4.23e-02	3.74e-01	4.87e-01	7.42e-02	4.24e-03	2.43e-04	1.38e-05	2.57e-07	0.00e+00	0.00e+00	0.00e+00	0.00e+00
 1.35717e+23	7.46e-19	2.34e-06	6.20e-04	6.45e-03	1.28e-02	4.65e-02	3.87e-01	4.74e-01	6.79e-02	3.71e-03	2.05e-04	1.13e-05	2.02e-07	0.00e+00	0.00e+00	0.00e+00	0.00e+00
 1.36587e+23	9.95e-19	2.89e-06	7.39e-04	7.42e-03	1.42e-02	5.04e-02	3.99e-01	4.62e-01	6.26e-02	3.29e-03	1.75e-04	9.34e-06	1.63e-07	0.00e+00	0.00e+00	0.00e+00	0.00e+00
 1.37362e+23	1.31e-18	3.52e-06	8.70e-04	8.45e-03	1.55e-02	5.44e-02	4.09e-01	4.51e-01	5.80e-02	2.94e-03	1.52e-04	7.86e-06	1.33e-07	0.00e+00	0.00e+00	0.00e+00	0.00e+00
 1.38240e+23	1.85e-18	4.53e-06	1.07e-03	9.95e-03	1.73e-02	5.96e-02	4.21e-01	4.35e-01	5.26e-02	2.55e-03	1.26e-04	6.31e-06	0.00e+00	0.00e+00	0.00e+00	0.00e+00	0.00e+00
 1.39151e+23	2.51e-18	5.64e-06	1.28e-03	1.15e-02	1.91e-02	6.46e-02	4.32e-01	4.21e-01	4.80e-02	2.24e-03	1.07e-04	5.18e-06	0.00e+00	0.00e+00	0.00e+00	0.00e+00	0.00e+00
 1.39969e+23	3.36e-18	6.95e-06	1.52e-03	1.31e-02	2.09e-02	6.94e-02	4.41e-01	4.08e-01	4.41e-02	1.99e-03	9.15e-05	4.30e-06	0.00e+00	0.00e+00	0.00e+00	0.00e+00	0.00e+00
 1.40896e+23	4.87e-18	9.07e-06	1.89e-03	1.55e-02	2.35e-02	7.61e-02	4.52e-01	3.90e-01	3.94e-02	1.69e-03	7.48e-05	3.39e-06	0.00e+00	0.00e+00	0.00e+00	0.00e+00	0.00e+00
 1.41855e+23	5.94e-18	1.14e-05	2.27e-03	1.79e-02	2.58e-02	8.20e-02	4.60e-01	3.75e-01	3.57e-02	1.48e-03	6.29e-05	2.75e-06	0.00e+00	0.00e+00	0.00e+00	0.00e+00	0.00e+00
 1.42721e+23	8.11e-18	1.42e-05	2.70e-03	2.05e-02	2.83e-02	8.81e-02	4.68e-01	3.59e-01	3.23e-02	1.29e-03	5.30e-05	2.25e-06	0.00e+00	0.00e+00	0.00e+00	0.00e+00	0.00e+00
 1.43714e+23	1.22e-17	1.88e-05	3.39e-03	2.44e-02	3.17e-02	9.63e-02	4.76e-01	3.39e-01	2.84e-02	1.08e-03	4.24e-05	1.73e-06	0.00e+00	0.00e+00	0.00e+00	0.00e+00	0.00e+00
 1.44715e+23	1.68e-17	2.36e-05	4.06e-03	2.79e-02	3.46e-02	1.03e-01	4.81e-01	3.23e-01	2.54e-02	9.34e-04	3.52e-05	1.39e-06	0.00e+00	0.00e+00	0.00e+00	0.00e+00	0.00e+00
 1.45726e+23	2.51e-17	3.12e-05	5.06e-03	3.30e-02	3.86e-02	1.12e-01	4.86e-01	3.03e-01	2.22e-02	7.81e-04	2.82e-05	1.07e-06	0.00e+00	0.00e+00	0.00e+00	0.00e+00	0.00e+00
 1.46760e+23	3.57e-17	3.96e-05	6.11e-03	3.80e-02	4.22e-02	1.20e-01	4.88e-01	2.85e-01	1.97e-02	6.66e-04	2.31e-05	8.46e-07	0.00e+00	0.00e+00	0.00e+00	0.00e+00	0.00e+00
 1.47670e+23	4.94e-17	4.93e-05	7.27e-03	4.32e-02	4.58e-02	1.27e-01	4.89e-01	2.69e-01	1.75e-02	5.73e-04	1.91e-05	6.79e-07	0.00e+00	0.00e+00	0.00e+00	0.00e+00	0.00e+00
 1.48697e+23	7.53e-17	6.54e-05	9.06e-03	5.09e-02	5.06e-02	1.37e-01	4.88e-01	2.49e-01	1.50e-02	4.70e-04	1.49e-05	5.10e-07	0.00e+00	0.00e+00	0.00e+00	0.00e+00	0.00e+00
 1.49750e+23	1.07e-16	8.24e-05	1.08e-02	5.80e-02	5.48e-02	1.45e-01	4.86e-01	2.32e-01	1.31e-02	3.97e-04	1.21e-05	4.00e-07	0.00e+00	0.00e+00	0.00e+00	0.00e+00	0.00e+00
 1.50836e+23	1.65e-16	1.10e-04	1.35e-02	6.81e-02	6.04e-02	1.55e-01	4.80e-01	2.11e-01	1.11e-02	3.22e-04	9.31e-06	2.96e-07	0.00e+00	0.00e+00	0.00e+00	0.00e+00	0.00e+00
 1.51938e+23	2.38e-16	1.39e-04	1.62e-02	7.75e-02	6.51e-02	1.63e-01	4.74e-01	1.95e-01	9.57e-03	2.68e-04	7.44e-06	2.29e-07	0.00e+00	0.00e+00	0.00e+00	0.00e+00	0.00e+00
 1.52915e+23	3.40e-16	1.74e-04	1.92e-02	8.76e-02	6.99e-02	1.71e-01	4.65e-01	1.79e-01	8.25e-03	2.24e-04	5.94e-06	1.77e-07	0.00e+00	0.00e+00	0.00e+00	0.00e+00	0.00e+00
 1.54038e+23	5.39e-16	2.32e-04	2.39e-02	1.02e-01	7.60e-02	1.80e-01	4.52e-01	1.59e-01	6.80e-03	1.77e-04	4.45e-06	1.27e-07	0.00e+00	0.00e+00	0.00e+00	0.00e+00	0.00e+00
 1.55180e+23	7.82e-16	2.92e-04	2.83e-02	1.15e-01	8.10e-02	1.86e-01	4.39e-01	1.44e-01	5.77e-03	1.46e-04	3.50e-06	0.00e+00	0.00e+00	0.00e+00	0.00e+00	0.00e+00	0.00e+00
 1.56170e+23	1.11e-15	3.60e-04	3.31e-02	1.28e-01	8.57e-02	1.92e-01	4.25e-01	1.31e-01	4.92e-03	1.21e-04	2.77e-06	0.00e+00	0.00e+00	0.00e+00	0.00e+00	0.00e+00	0.00e+00
 1.57115e+23	1.56e-15	4.40e-04	3.84e-02	1.41e-01	9.00e-02	1.97e-01	4.10e-01	1.19e-01	4.20e-03	1.00e-04	2.21e-06	0.00e+00	0.00e+00	0.00e+00	0.00e+00	0.00e+00	0.00e+00
 1.58021e+23	2.17e-15	5.29e-04	4.39e-02	1.54e-01	9.40e-02	2.01e-01	3.95e-01	1.08e-01	3.61e-03	8.40e-05	1.78e-06	0.00e+00	0.00e+00	0.00e+00	0.00e+00	0.00e+00	0.00e+00
 1.59044e+23	3.33e-15	6.71e-04	5.22e-02	1.72e-01	9.89e-02	2.05e-01	3.74e-01	9.39e-02	2.93e-03	6.61e-05	1.33e-06	0.00e+00	0.00e+00	0.00e+00	0.00e+00	0.00e+00	0.00e+00
 1.60053e+23	4.62e-15	7.99e-04	5.91e-02	1.86e-01	1.02e-01	2.07e-01	3.57e-01	8.45e-02	2.50e-03	5.50e-05	1.06e-06	0.00e+00	0.00e+00	0.00e+00	0.00e+00	0.00e+00	0.00e+00
 1.61046e+23	7.02e-15	9.91e-04	6.89e-02	2.05e-01	1.06e-01	2.09e-01	3.35e-01	7.33e-02	2.02e-03	4.33e-05	7.94e-07	0.00e+00	0.00e+00	0.00e+00	0.00e+00	0.00e+00	0.00e+00
 1.62067e+23	1.01e-14	1.18e-03	7.79e-02	2.21e-01	1.09e-01	2.09e-01	3.16e-01	6.48e-02	1.69e-03	3.53e-05	6.19e-07	0.00e+00	0.00e+00	0.00e+00	0.00e+00	0.00e+00	0.00e+00
 1.63124e+23	1.60e-14	1.47e-03	9.05e-02	2.41e-01	1.12e-01	2.08e-01	2.91e-01	5.50e-02	1.33e-03	2.71e-05	4.50e-07	0.00e+00	0.00e+00	0.00e+00	0.00e+00	0.00e+00	0.00e+00
 1.64192e+23	2.42e-14	1.74e-03	1.02e-01	2.57e-01	1.14e-01	2.06e-01	2.71e-01	4.79e-02	1.10e-03	2.18e-05	3.45e-07	0.00e+00	0.00e+00	0.00e+00	0.00e+00	0.00e+00	0.00e+00
 1.65130e+23	3.57e-14	2.05e-03	1.13e-01	2.72e-01	1.16e-01	2.03e-01	2.51e-01	4.16e-02	9.00e-04	1.75e-05	2.65e-07	0.00e+00	0.00e+00	0.00e+00	0.00e+00	0.00e+00	0.00e+00
 1.66207e+23	6.07e-14	2.51e-03	1.29e-01	2.92e-01	1.17e-01	1.98e-01	2.26e-01	3.45e-02	6.96e-04	1.32e-05	1.88e-07	0.00e+00	0.00e+00	0.00e+00	0.00e+00	0.00e+00	0.00e+00
 1.67251e+23	1.01e-13	2.90e-03	1.42e-01	3.05e-01	1.17e-01	1.93e-01	2.09e-01	2.99e-02	5.72e-04	1.06e-05	1.45e-07	0.00e+00	0.00e+00	0.00e+00	0.00e+00	0.00e+00	0.00e+00
 1.68083e+23	1.47e-13	3.29e-03	1.54e-01	3.17e-01	1.17e-01	1.89e-01	1.93e-01	2.61e-02	4.77e-04	8.73e-06	0.00e+00	0.00e+00	0.00e+00	0.00e+00	0.00e+00	0.00e+00	0.00e+00
 1.68997e+23	2.50e-13	3.84e-03	1.70e-01	3.31e-01	1.16e-01	1.82e-01	1.75e-01	2.20e-02	3.80e-04	6.81e-06	0.00e+00	0.00e+00	0.00e+00	0.00e+00	0.00e+00	0.00e+00	0.00e+00
 1.69927e+23	4.43e-13	4.35e-03	1.83e-01	3.42e-01	1.15e-01	1.76e-01	1.60e-01	1.90e-02	3.12e-04	5.51e-06	0.00e+00	0.00e+00	0.00e+00	0.00e+00	0.00e+00	0.00e+00	0.00e+00
 1.70750e+23	7.50e-13	4.89e-03	1.97e-01	3.51e-01	1.14e-01	1.70e-01	1.47e-01	1.64e-02	2.57e-04	4.47e-06	0.00e+00	0.00e+00	0.00e+00	0.00e+00	0.00e+00	0.00e+00	0.00e+00
 1.71691e+23	1.83e-12	5.65e-03	2.15e-01	3.62e-01	1.12e-01	1.62e-01	1.31e-01	1.36e-02	2.01e-04	3.42e-06	0.00e+00	0.00e+00	0.00e+00	0.00e+00	0.00e+00	0.00e+00	0.00e+00
 1.72643e+23	5.11e-12	6.36e-03	2.30e-01	3.70e-01	1.10e-01	1.54e-01	1.18e-01	1.16e-02	1.63e-04	2.73e-06	0.00e+00	0.00e+00	0.00e+00	0.00e+00	0.00e+00	0.00e+00	0.00e+00
 1.73479e+23	1.29e-11	7.10e-03	2.44e-01	3.76e-01	1.08e-01	1.47e-01	1.07e-01	9.87e-03	1.33e-04	2.19e-06	0.00e+00	0.00e+00	0.00e+00	0.00e+00	0.00e+00	0.00e+00	0.00e+00
 1.74434e+23	5.07e-11	8.12e-03	2.64e-01	3.83e-01	1.05e-01	1.38e-01	9.41e-02	8.05e-03	1.02e-04	1.65e-06	0.00e+00	0.00e+00	0.00e+00	0.00e+00	0.00e+00	0.00e+00	0.00e+00
 1.75405e+23	1.29e-10	9.06e-03	2.80e-01	3.88e-01	1.02e-01	1.31e-01	8.42e-02	6.76e-03	8.21e-05	1.30e-06	0.00e+00	0.00e+00	0.00e+00	0.00e+00	0.00e+00	0.00e+00	0.00e+00
 1.76265e+23	1.99e-10	1.01e-02	2.96e-01	3.91e-01	9.88e-02	1.24e-01	7.54e-02	5.69e-03	6.60e-05	1.03e-06	0.00e+00	0.00e+00	0.00e+00	0.00e+00	0.00e+00	0.00e+00	0.00e+00
 1.77251e+23	2.36e-10	1.14e-02	3.16e-01	3.93e-01	9.50e-02	1.14e-01	6.53e-02	4.56e-03	5.00e-05	7.65e-07	0.00e+00	0.00e+00	0.00e+00	0.00e+00	0.00e+00	0.00e+00	0.00e+00
 1.78252e+23	3.06e-10	1.27e-02	3.33e-01	3.95e-01	9.16e-02	1.07e-01	5.78e-02	3.78e-03	3.95e-05	5.95e-07	0.00e+00	0.00e+00	0.00e+00	0.00e+00	0.00e+00	0.00e+00	0.00e+00
 1.79273e+23	4.14e-10	1.43e-02	3.54e-01	3.94e-01	8.73e-02	9.82e-02	4.94e-02	2.98e-03	2.95e-05	4.34e-07	0.00e+00	0.00e+00	0.00e+00	0.00e+00	0.00e+00	0.00e+00	0.00e+00
 1.80305e+23	5.12e-10	1.59e-02	3.71e-01	3.93e-01	8.37e-02	9.11e-02	4.33e-02	2.44e-03	2.30e-05	3.33e-07	0.00e+00	0.00e+00	0.00e+00	0.00e+00	0.00e+00	0.00e+00	0.00e+00
 1.81211e+23	7.52e-10	1.74e-02	3.88e-01	3.90e-01	8.02e-02	8.45e-02	3.81e-02	2.01e-03	1.81e-05	2.58e-07	0.00e+00	0.00e+00	0.00e+00	0.00e+00	0.00e+00	0.00e+00	0.00e+00
