#depth	O	O+	O+2	O+3	O+4	O+5	O+6	O+7	O+8	O[1]	O[2]	O[3]
 1.54284e+22	0.00e+00	3.26e-24	4.42e-19	5.12e-15	1.62e-11	2.24e-08	8.43e-05	1.86e-02	9.81e-01	0.00e+00	0.00e+00	0.00e+00
 3.47286e+22	3.80e-29	8.89e-23	7.27e-18	5.19e-14	1.00e-10	8.41e-08	2.16e-04	3.01e-02	9.70e-01	0.00e+00	0.00e+00	0.00e+00
 4.05509e+22	3.12e-28	5.45e-22	3.37e-17	1.84e-13	2.68e-10	1.70e-07	3.58e-04	3.89e-02	9.61e-01	0.00e+00	0.00e+00	0.00e+00
 4.34765e+22	9.44e-28	1.42e-21	7.55e-17	3.57e-13	4.49e-10	2.45e-07	4.64e-04	4.43e-02	9.55e-01	0.00e+00	0.00e+00	0.00e+00
 4.46955e+22	1.26e-27	1.82e-21	9.34e-17	4.26e-13	5.15e-10	2.70e-07	4.96e-04	4.58e-02	9.54e-01	0.00e+00	0.00e+00	0.00e+00
 4.51775e+22	1.67e-27	2.32e-21	1.15e-16	5.04e-13	5.88e-10	2.96e-07	5.30e-04	4.73e-02	9.52e-01	0.00e+00	0.00e+00	0.00e+00
 4.57253e+22	2.38e-27	3.14e-21	1.48e-16	6.23e-13	6.93e-10	3.33e-07	5.75e-04	4.93e-02	9.50e-01	0.00e+00	0.00e+00	0.00e+00
 4.62914e+22	3.23e-27	4.10e-21	1.86e-16	7.50e-13	8.00e-10	3.69e-07	6.17e-04	5.10e-02	9.48e-01	0.00e+00	0.00e+00	0.00e+00
 4.68814e+22	4.79e-27	5.76e-21	2.48e-16	9.52e-13	9.63e-10	4.21e-07	6.76e-04	5.34e-02	9.46e-01	0.00e+00	0.00e+00	0.00e+00
 4.74538e+22	6.39e-27	7.38e-21	3.06e-16	1.13e-12	1.10e-09	4.63e-07	7.22e-04	5.52e-02	9.44e-01	0.00e+00	0.00e+00	0.00e+00
 4.79256e+22	8.55e-27	9.50e-21	3.78e-16	1.35e-12	1.27e-09	5.10e-07	7.72e-04	5.70e-02	9.42e-01	0.00e+00	0.00e+00	0.00e+00
 4.83900e+22	1.14e-26	1.22e-20	4.68e-16	1.61e-12	1.45e-09	5.62e-07	8.24e-04	5.89e-02	9.40e-01	0.00e+00	0.00e+00	0.00e+00
 4.89226e+22	1.67e-26	1.69e-20	6.18e-16	2.03e-12	1.73e-09	6.37e-07	8.97e-04	6.14e-02	9.38e-01	0.00e+00	0.00e+00	0.00e+00
 4.94186e+22	2.15e-26	2.10e-20	7.43e-16	2.36e-12	1.95e-09	6.93e-07	9.50e-04	6.31e-02	9.36e-01	0.00e+00	0.00e+00	0.00e+00
 4.97849e+22	2.71e-26	2.58e-20	8.82e-16	2.72e-12	2.18e-09	7.48e-07	1.00e-03	6.47e-02	9.34e-01	0.00e+00	0.00e+00	0.00e+00
 5.01242e+22	3.42e-26	3.15e-20	1.04e-15	3.13e-12	2.42e-09	8.07e-07	1.05e-03	6.64e-02	9.33e-01	0.00e+00	0.00e+00	0.00e+00
 5.05107e+22	4.51e-26	4.00e-20	1.28e-15	3.70e-12	2.76e-09	8.85e-07	1.12e-03	6.84e-02	9.31e-01	0.00e+00	0.00e+00	0.00e+00
 5.09092e+22	5.74e-26	4.93e-20	1.53e-15	4.29e-12	3.10e-09	9.58e-07	1.18e-03	7.02e-02	9.29e-01	0.00e+00	0.00e+00	0.00e+00
 5.12476e+22	7.18e-26	5.98e-20	1.80e-15	4.91e-12	3.44e-09	1.03e-06	1.24e-03	7.19e-02	9.27e-01	0.00e+00	0.00e+00	0.00e+00
 5.15614e+22	8.97e-26	7.25e-20	2.12e-15	5.62e-12	3.82e-09	1.11e-06	1.30e-03	7.36e-02	9.25e-01	0.00e+00	0.00e+00	0.00e+00
 5.19190e+22	1.18e-25	9.21e-20	2.60e-15	6.64e-12	4.34e-09	1.22e-06	1.38e-03	7.57e-02	9.23e-01	0.00e+00	0.00e+00	0.00e+00
 5.22681e+22	1.46e-25	1.11e-19	3.04e-15	7.56e-12	4.80e-09	1.30e-06	1.45e-03	7.74e-02	9.21e-01	0.00e+00	0.00e+00	0.00e+00
 5.25582e+22	1.80e-25	1.33e-19	3.54e-15	8.58e-12	5.29e-09	1.40e-06	1.51e-03	7.91e-02	9.19e-01	0.00e+00	0.00e+00	0.00e+00
 5.28873e+22	2.33e-25	1.66e-19	4.29e-15	1.00e-11	5.98e-09	1.52e-06	1.60e-03	8.12e-02	9.17e-01	0.00e+00	0.00e+00	0.00e+00
 5.32240e+22	2.89e-25	2.00e-19	5.02e-15	1.14e-11	6.62e-09	1.63e-06	1.68e-03	8.31e-02	9.15e-01	0.00e+00	0.00e+00	0.00e+00
 5.35252e+22	3.66e-25	2.45e-19	5.98e-15	1.32e-11	7.39e-09	1.76e-06	1.76e-03	8.50e-02	9.13e-01	0.00e+00	0.00e+00	0.00e+00
 5.38189e+22	4.55e-25	2.96e-19	7.01e-15	1.51e-11	8.18e-09	1.89e-06	1.85e-03	8.69e-02	9.11e-01	0.00e+00	0.00e+00	0.00e+00
 5.40927e+22	5.58e-25	3.54e-19	8.16e-15	1.71e-11	9.00e-09	2.02e-06	1.93e-03	8.87e-02	9.09e-01	0.00e+00	0.00e+00	0.00e+00
 5.43536e+22	6.85e-25	4.22e-19	9.48e-15	1.93e-11	9.90e-09	2.16e-06	2.01e-03	9.05e-02	9.07e-01	0.00e+00	0.00e+00	0.00e+00
 5.46530e+22	8.86e-25	5.28e-19	1.15e-14	2.26e-11	1.12e-08	2.35e-06	2.12e-03	9.29e-02	9.05e-01	0.00e+00	0.00e+00	0.00e+00
 5.49562e+22	1.12e-24	6.45e-19	1.36e-14	2.60e-11	1.24e-08	2.53e-06	2.23e-03	9.50e-02	9.03e-01	0.00e+00	0.00e+00	0.00e+00
 5.52148e+22	1.37e-24	7.71e-19	1.58e-14	2.95e-11	1.37e-08	2.70e-06	2.32e-03	9.69e-02	9.01e-01	0.00e+00	0.00e+00	0.00e+00
 5.55012e+22	1.78e-24	9.69e-19	1.92e-14	3.46e-11	1.55e-08	2.95e-06	2.45e-03	9.94e-02	8.98e-01	0.00e+00	0.00e+00	0.00e+00
 5.57962e+22	2.26e-24	1.19e-18	2.29e-14	4.00e-11	1.73e-08	3.18e-06	2.57e-03	1.02e-01	8.96e-01	0.00e+00	0.00e+00	0.00e+00
 5.60570e+22	2.82e-24	1.44e-18	2.69e-14	4.57e-11	1.92e-08	3.41e-06	2.69e-03	1.04e-01	8.93e-01	0.00e+00	0.00e+00	0.00e+00
 5.63507e+22	3.79e-24	1.86e-18	3.35e-14	5.46e-11	2.20e-08	3.75e-06	2.85e-03	1.07e-01	8.90e-01	0.00e+00	0.00e+00	0.00e+00
 5.66477e+22	4.82e-24	2.29e-18	4.00e-14	6.32e-11	2.46e-08	4.05e-06	3.00e-03	1.09e-01	8.88e-01	0.00e+00	0.00e+00	0.00e+00
 5.69011e+22	6.04e-24	2.79e-18	4.72e-14	7.25e-11	2.73e-08	4.35e-06	3.13e-03	1.12e-01	8.85e-01	0.00e+00	0.00e+00	0.00e+00
 5.71822e+22	8.22e-24	3.65e-18	5.93e-14	8.74e-11	3.14e-08	4.79e-06	3.33e-03	1.15e-01	8.82e-01	0.00e+00	0.00e+00	0.00e+00
 5.74618e+22	1.03e-23	4.43e-18	6.98e-14	1.00e-10	3.49e-08	5.15e-06	3.48e-03	1.17e-01	8.79e-01	0.00e+00	0.00e+00	0.00e+00
 5.77393e+22	1.41e-23	5.84e-18	8.83e-14	1.21e-10	4.04e-08	5.69e-06	3.70e-03	1.20e-01	8.76e-01	0.00e+00	0.00e+00	0.00e+00
 5.80090e+22	1.74e-23	7.00e-18	1.03e-13	1.38e-10	4.45e-08	6.08e-06	3.86e-03	1.23e-01	8.73e-01	0.00e+00	0.00e+00	0.00e+00
 5.82682e+22	2.40e-23	9.24e-18	1.30e-13	1.67e-10	5.14e-08	6.71e-06	4.11e-03	1.26e-01	8.70e-01	0.00e+00	0.00e+00	0.00e+00
 5.85258e+22	2.95e-23	1.11e-17	1.52e-13	1.89e-10	5.66e-08	7.17e-06	4.28e-03	1.29e-01	8.67e-01	0.00e+00	0.00e+00	0.00e+00
 5.87813e+22	4.10e-23	1.47e-17	1.94e-13	2.31e-10	6.58e-08	7.94e-06	4.55e-03	1.32e-01	8.63e-01	0.00e+00	0.00e+00	0.00e+00
 5.90371e+22	5.14e-23	1.79e-17	2.29e-13	2.65e-10	7.30e-08	8.52e-06	4.76e-03	1.35e-01	8.60e-01	0.00e+00	0.00e+00	0.00e+00
 5.92934e+22	7.15e-23	2.38e-17	2.91e-13	3.23e-10	8.49e-08	9.44e-06	5.07e-03	1.39e-01	8.56e-01	0.00e+00	0.00e+00	0.00e+00
 5.95543e+22	9.10e-23	2.94e-17	3.48e-13	3.74e-10	9.49e-08	1.02e-05	5.31e-03	1.42e-01	8.53e-01	0.00e+00	0.00e+00	0.00e+00
 5.98210e+22	1.27e-22	3.92e-17	4.45e-13	4.57e-10	1.10e-07	1.13e-05	5.66e-03	1.46e-01	8.48e-01	0.00e+00	0.00e+00	0.00e+00
 6.00859e+22	1.64e-22	4.90e-17	5.37e-13	5.33e-10	1.24e-07	1.22e-05	5.94e-03	1.49e-01	8.45e-01	0.00e+00	0.00e+00	0.00e+00
 6.03483e+22	2.29e-22	6.55e-17	6.88e-13	6.53e-10	1.45e-07	1.36e-05	6.34e-03	1.54e-01	8.40e-01	0.00e+00	0.00e+00	0.00e+00
 6.06151e+22	3.00e-22	8.27e-17	8.38e-13	7.67e-10	1.64e-07	1.48e-05	6.67e-03	1.57e-01	8.36e-01	0.00e+00	0.00e+00	0.00e+00
 6.08878e+22	4.27e-22	1.12e-16	1.09e-12	9.49e-10	1.92e-07	1.65e-05	7.14e-03	1.62e-01	8.31e-01	0.00e+00	0.00e+00	0.00e+00
 6.11623e+22	5.62e-22	1.43e-16	1.33e-12	1.12e-09	2.18e-07	1.79e-05	7.52e-03	1.66e-01	8.26e-01	0.00e+00	0.00e+00	0.00e+00
 6.14390e+22	8.06e-22	1.95e-16	1.73e-12	1.39e-09	2.57e-07	2.01e-05	8.06e-03	1.71e-01	8.21e-01	0.00e+00	0.00e+00	0.00e+00
 6.17176e+22	1.06e-21	2.48e-16	2.12e-12	1.64e-09	2.92e-07	2.19e-05	8.50e-03	1.75e-01	8.16e-01	0.00e+00	0.00e+00	0.00e+00
 6.19590e+22	1.39e-21	3.13e-16	2.59e-12	1.94e-09	3.31e-07	2.38e-05	8.96e-03	1.79e-01	8.12e-01	0.00e+00	0.00e+00	0.00e+00
 6.22332e+22	1.99e-21	4.28e-16	3.37e-12	2.40e-09	3.90e-07	2.67e-05	9.60e-03	1.85e-01	8.06e-01	0.00e+00	0.00e+00	0.00e+00
 6.25047e+22	2.56e-21	5.31e-16	4.06e-12	2.80e-09	4.38e-07	2.88e-05	1.01e-02	1.89e-01	8.01e-01	0.00e+00	0.00e+00	0.00e+00
 6.27728e+22	3.60e-21	7.13e-16	5.21e-12	3.43e-09	5.12e-07	3.21e-05	1.08e-02	1.94e-01	7.95e-01	0.00e+00	0.00e+00	0.00e+00
 6.30464e+22	4.65e-21	8.90e-16	6.29e-12	4.01e-09	5.76e-07	3.48e-05	1.13e-02	1.99e-01	7.90e-01	0.00e+00	0.00e+00	0.00e+00
 6.33270e+22	6.53e-21	1.20e-15	8.08e-12	4.93e-09	6.75e-07	3.88e-05	1.21e-02	2.04e-01	7.83e-01	0.00e+00	0.00e+00	0.00e+00
 6.36144e+22	8.49e-21	1.50e-15	9.81e-12	5.78e-09	7.63e-07	4.23e-05	1.27e-02	2.09e-01	7.78e-01	0.00e+00	0.00e+00	0.00e+00
 6.39105e+22	1.20e-20	2.02e-15	1.26e-11	7.12e-09	8.96e-07	4.72e-05	1.36e-02	2.15e-01	7.71e-01	0.00e+00	0.00e+00	0.00e+00
 6.42133e+22	1.56e-20	2.55e-15	1.54e-11	8.36e-09	1.01e-06	5.15e-05	1.44e-02	2.20e-01	7.66e-01	0.00e+00	0.00e+00	0.00e+00
 6.45249e+22	2.20e-20	3.42e-15	1.98e-11	1.03e-08	1.19e-06	5.75e-05	1.54e-02	2.27e-01	7.58e-01	0.00e+00	0.00e+00	0.00e+00
 6.48421e+22	2.86e-20	4.31e-15	2.40e-11	1.21e-08	1.35e-06	6.27e-05	1.63e-02	2.32e-01	7.52e-01	0.00e+00	0.00e+00	0.00e+00
 6.51669e+22	4.02e-20	5.78e-15	3.09e-11	1.49e-08	1.59e-06	7.02e-05	1.74e-02	2.38e-01	7.44e-01	0.00e+00	0.00e+00	0.00e+00
 6.54938e+22	5.19e-20	7.22e-15	3.73e-11	1.74e-08	1.79e-06	7.64e-05	1.84e-02	2.44e-01	7.38e-01	0.00e+00	0.00e+00	0.00e+00
 6.58233e+22	7.24e-20	9.63e-15	4.77e-11	2.14e-08	2.10e-06	8.53e-05	1.96e-02	2.51e-01	7.30e-01	0.00e+00	0.00e+00	0.00e+00
 6.61589e+22	9.26e-20	1.19e-14	5.72e-11	2.48e-08	2.36e-06	9.26e-05	2.07e-02	2.56e-01	7.23e-01	0.00e+00	0.00e+00	0.00e+00
 6.64532e+22	1.18e-19	1.47e-14	6.84e-11	2.88e-08	2.65e-06	1.01e-04	2.17e-02	2.61e-01	7.17e-01	0.00e+00	0.00e+00	0.00e+00
 6.67429e+22	1.49e-19	1.80e-14	8.15e-11	3.33e-08	2.98e-06	1.09e-04	2.28e-02	2.66e-01	7.11e-01	0.00e+00	0.00e+00	0.00e+00
 6.70757e+22	2.03e-19	2.36e-14	1.02e-10	4.03e-08	3.45e-06	1.21e-04	2.43e-02	2.73e-01	7.02e-01	0.00e+00	0.00e+00	0.00e+00
 6.74089e+22	2.53e-19	2.85e-14	1.20e-10	4.62e-08	3.84e-06	1.30e-04	2.55e-02	2.78e-01	6.96e-01	0.00e+00	0.00e+00	0.00e+00
 6.77426e+22	3.39e-19	3.68e-14	1.50e-10	5.54e-08	4.43e-06	1.44e-04	2.71e-02	2.85e-01	6.88e-01	0.00e+00	0.00e+00	0.00e+00
 6.80717e+22	4.17e-19	4.40e-14	1.74e-10	6.29e-08	4.90e-06	1.55e-04	2.83e-02	2.90e-01	6.82e-01	0.00e+00	0.00e+00	0.00e+00
 6.83949e+22	5.50e-19	5.60e-14	2.14e-10	7.47e-08	5.62e-06	1.70e-04	3.00e-02	2.97e-01	6.73e-01	0.00e+00	0.00e+00	0.00e+00
 6.87232e+22	6.73e-19	6.67e-14	2.49e-10	8.47e-08	6.20e-06	1.82e-04	3.13e-02	3.01e-01	6.67e-01	0.00e+00	0.00e+00	0.00e+00
 6.90580e+22	8.86e-19	8.47e-14	3.06e-10	1.01e-07	7.10e-06	2.01e-04	3.32e-02	3.08e-01	6.58e-01	0.00e+00	0.00e+00	0.00e+00
 6.93992e+22	1.09e-18	1.01e-13	3.56e-10	1.14e-07	7.86e-06	2.16e-04	3.46e-02	3.13e-01	6.52e-01	0.00e+00	0.00e+00	0.00e+00
 6.97488e+22	1.43e-18	1.29e-13	4.38e-10	1.36e-07	9.01e-06	2.37e-04	3.67e-02	3.20e-01	6.43e-01	0.00e+00	0.00e+00	0.00e+00
 7.01046e+22	1.76e-18	1.54e-13	5.10e-10	1.54e-07	9.98e-06	2.55e-04	3.84e-02	3.26e-01	6.36e-01	0.00e+00	0.00e+00	0.00e+00
 7.04685e+22	2.32e-18	1.96e-13	6.27e-10	1.83e-07	1.14e-05	2.81e-04	4.07e-02	3.33e-01	6.26e-01	0.00e+00	0.00e+00	0.00e+00
 7.08392e+22	2.86e-18	2.34e-13	7.32e-10	2.09e-07	1.27e-05	3.03e-04	4.25e-02	3.38e-01	6.19e-01	0.00e+00	0.00e+00	0.00e+00
 7.12188e+22	3.77e-18	2.98e-13	8.99e-10	2.48e-07	1.46e-05	3.34e-04	4.51e-02	3.45e-01	6.09e-01	0.00e+00	0.00e+00	0.00e+00
 7.15898e+22	4.52e-18	3.49e-13	1.03e-09	2.78e-07	1.60e-05	3.56e-04	4.69e-02	3.50e-01	6.03e-01	0.00e+00	0.00e+00	0.00e+00
 7.19497e+22	5.87e-18	4.38e-13	1.25e-09	3.28e-07	1.82e-05	3.90e-04	4.95e-02	3.57e-01	5.93e-01	0.00e+00	0.00e+00	0.00e+00
 7.23152e+22	7.04e-18	5.14e-13	1.44e-09	3.68e-07	1.99e-05	4.17e-04	5.15e-02	3.62e-01	5.86e-01	0.00e+00	0.00e+00	0.00e+00
 7.26879e+22	9.06e-18	6.40e-13	1.73e-09	4.31e-07	2.26e-05	4.56e-04	5.43e-02	3.68e-01	5.77e-01	0.00e+00	0.00e+00	0.00e+00
 7.30723e+22	1.11e-17	7.63e-13	2.02e-09	4.89e-07	2.50e-05	4.90e-04	5.67e-02	3.74e-01	5.69e-01	0.00e+00	0.00e+00	0.00e+00
 7.34716e+22	1.43e-17	9.49e-13	2.43e-09	5.73e-07	2.84e-05	5.35e-04	5.98e-02	3.80e-01	5.59e-01	0.00e+00	0.00e+00	0.00e+00
 7.38840e+22	1.76e-17	1.14e-12	2.85e-09	6.55e-07	3.16e-05	5.78e-04	6.25e-02	3.86e-01	5.51e-01	0.00e+00	0.00e+00	0.00e+00
 7.43132e+22	2.29e-17	1.43e-12	3.47e-09	7.72e-07	3.60e-05	6.34e-04	6.60e-02	3.93e-01	5.41e-01	2.29e-17	5.64e-28	6.00e-28
 7.47541e+22	2.85e-17	1.73e-12	4.08e-09	8.85e-07	4.02e-05	6.85e-04	6.91e-02	3.98e-01	5.32e-01	2.85e-17	5.28e-26	6.64e-26
 7.52101e+22	3.72e-17	2.19e-12	4.99e-09	1.05e-06	4.60e-05	7.53e-04	7.31e-02	4.05e-01	5.21e-01	3.72e-17	6.89e-26	8.68e-26
 7.56810e+22	4.66e-17	2.67e-12	5.91e-09	1.21e-06	5.15e-05	8.16e-04	7.66e-02	4.11e-01	5.11e-01	4.66e-17	8.65e-26	1.09e-25
 7.61713e+22	6.16e-17	3.40e-12	7.29e-09	1.44e-06	5.92e-05	9.01e-04	8.11e-02	4.18e-01	5.00e-01	6.16e-17	1.14e-25	1.44e-25
 7.66758e+22	7.80e-17	4.17e-12	8.69e-09	1.67e-06	6.67e-05	9.79e-04	8.51e-02	4.24e-01	4.90e-01	7.80e-17	1.45e-25	1.82e-25
 7.71298e+22	9.73e-17	5.06e-12	1.03e-08	1.92e-06	7.44e-05	1.06e-03	8.90e-02	4.30e-01	4.80e-01	9.73e-17	1.80e-25	2.27e-25
 7.76509e+22	1.31e-16	6.57e-12	1.28e-08	2.32e-06	8.66e-05	1.18e-03	9.47e-02	4.37e-01	4.67e-01	1.31e-16	2.44e-25	3.07e-25
 7.81757e+22	1.64e-16	7.96e-12	1.51e-08	2.66e-06	9.66e-05	1.27e-03	9.89e-02	4.42e-01	4.58e-01	1.64e-16	3.03e-25	3.82e-25
 7.87052e+22	2.19e-16	1.03e-11	1.89e-08	3.20e-06	1.12e-04	1.41e-03	1.05e-01	4.49e-01	4.45e-01	2.19e-16	4.07e-25	5.12e-25
 7.92460e+22	2.78e-16	1.26e-11	2.25e-08	3.71e-06	1.26e-04	1.53e-03	1.10e-01	4.54e-01	4.35e-01	2.78e-16	5.15e-25	6.48e-25
 7.98014e+22	3.74e-16	1.64e-11	2.81e-08	4.47e-06	1.46e-04	1.70e-03	1.17e-01	4.60e-01	4.21e-01	3.74e-16	6.94e-25	8.74e-25
 8.03683e+22	4.79e-16	2.03e-11	3.39e-08	5.23e-06	1.66e-04	1.86e-03	1.23e-01	4.65e-01	4.10e-01	4.79e-16	8.90e-25	1.12e-24
 8.08728e+22	6.10e-16	2.51e-11	4.06e-08	6.09e-06	1.87e-04	2.02e-03	1.29e-01	4.70e-01	3.99e-01	6.10e-16	1.13e-24	1.43e-24
 8.14513e+22	8.36e-16	3.30e-11	5.14e-08	7.43e-06	2.20e-04	2.26e-03	1.37e-01	4.76e-01	3.85e-01	8.36e-16	1.55e-24	1.95e-24
 8.19958e+22	1.02e-15	3.93e-11	5.98e-08	8.43e-06	2.43e-04	2.43e-03	1.42e-01	4.79e-01	3.76e-01	1.02e-15	1.90e-24	2.39e-24
 8.24961e+22	1.35e-15	5.01e-11	7.37e-08	1.01e-05	2.80e-04	2.68e-03	1.50e-01	4.84e-01	3.63e-01	1.35e-15	2.51e-24	3.15e-24
 8.30024e+22	1.66e-15	6.00e-11	8.60e-08	1.15e-05	3.11e-04	2.89e-03	1.56e-01	4.87e-01	3.54e-01	1.66e-15	3.08e-24	3.88e-24
 8.35167e+22	2.18e-15	7.61e-11	1.06e-07	1.37e-05	3.58e-04	3.19e-03	1.65e-01	4.91e-01	3.41e-01	2.18e-15	4.06e-24	5.10e-24
 8.40420e+22	2.73e-15	9.25e-11	1.25e-07	1.57e-05	4.02e-04	3.45e-03	1.72e-01	4.94e-01	3.31e-01	2.73e-15	5.07e-24	6.37e-24
 8.45818e+22	3.64e-15	1.19e-10	1.56e-07	1.90e-05	4.68e-04	3.84e-03	1.82e-01	4.97e-01	3.17e-01	3.64e-15	6.77e-24	8.51e-24
 8.51249e+22	4.53e-15	1.44e-10	1.83e-07	2.18e-05	5.24e-04	4.15e-03	1.89e-01	4.99e-01	3.07e-01	4.53e-15	8.42e-24	1.06e-23
 8.56720e+22	6.02e-15	1.85e-10	2.28e-07	2.63e-05	6.09e-04	4.61e-03	2.00e-01	5.01e-01	2.94e-01	6.02e-15	1.12e-23	1.41e-23
 8.62299e+22	7.56e-15	2.25e-10	2.71e-07	3.04e-05	6.88e-04	5.02e-03	2.09e-01	5.03e-01	2.83e-01	7.56e-15	1.41e-23	1.77e-23
 8.68016e+22	1.01e-14	2.91e-10	3.39e-07	3.69e-05	8.06e-04	5.61e-03	2.21e-01	5.04e-01	2.69e-01	1.01e-14	1.89e-23	2.37e-23
 8.73847e+22	1.28e-14	3.56e-10	4.05e-07	4.30e-05	9.14e-04	6.12e-03	2.31e-01	5.04e-01	2.58e-01	1.28e-14	2.38e-23	2.99e-23
 8.79824e+22	1.72e-14	4.61e-10	5.08e-07	5.24e-05	1.08e-03	6.87e-03	2.44e-01	5.04e-01	2.44e-01	1.72e-14	3.20e-23	4.02e-23
 8.85862e+22	2.16e-14	5.64e-10	6.07e-07	6.12e-05	1.23e-03	7.52e-03	2.55e-01	5.03e-01	2.33e-01	2.16e-14	4.02e-23	5.05e-23
 8.90964e+22	2.65e-14	6.75e-10	7.13e-07	7.04e-05	1.38e-03	8.16e-03	2.66e-01	5.02e-01	2.23e-01	2.65e-14	4.94e-23	6.21e-23
 8.96514e+22	3.43e-14	8.46e-10	8.71e-07	8.41e-05	1.60e-03	9.07e-03	2.79e-01	5.00e-01	2.10e-01	3.43e-14	6.39e-23	8.03e-23
 9.02085e+22	4.17e-14	1.01e-09	1.02e-06	9.66e-05	1.80e-03	9.85e-03	2.90e-01	4.98e-01	2.01e-01	4.17e-14	7.79e-23	9.78e-23
 9.07528e+22	5.26e-14	1.24e-09	1.23e-06	1.14e-04	2.07e-03	1.09e-02	3.04e-01	4.94e-01	1.89e-01	5.26e-14	9.83e-23	1.23e-22
 9.13080e+22	6.39e-14	1.47e-09	1.43e-06	1.31e-04	2.33e-03	1.18e-02	3.16e-01	4.91e-01	1.79e-01	6.39e-14	1.19e-22	1.50e-22
 9.18524e+22	7.88e-14	1.77e-09	1.70e-06	1.53e-04	2.66e-03	1.30e-02	3.29e-01	4.86e-01	1.69e-01	7.88e-14	1.47e-22	1.85e-22
 9.24083e+22	9.51e-14	2.09e-09	1.98e-06	1.76e-04	3.01e-03	1.42e-02	3.42e-01	4.81e-01	1.59e-01	9.51e-14	1.78e-22	2.23e-22
 9.29563e+22	1.15e-13	2.47e-09	2.32e-06	2.03e-04	3.41e-03	1.55e-02	3.55e-01	4.76e-01	1.50e-01	1.15e-13	2.15e-22	2.69e-22
 9.35084e+22	1.37e-13	2.89e-09	2.69e-06	2.33e-04	3.84e-03	1.69e-02	3.69e-01	4.69e-01	1.41e-01	1.37e-13	2.56e-22	3.21e-22
 9.40540e+22	1.62e-13	3.37e-09	3.10e-06	2.67e-04	4.32e-03	1.85e-02	3.82e-01	4.63e-01	1.32e-01	1.62e-13	3.03e-22	3.80e-22
 9.45985e+22	1.89e-13	3.89e-09	3.57e-06	3.04e-04	4.85e-03	2.01e-02	3.95e-01	4.56e-01	1.24e-01	1.89e-13	3.55e-22	4.45e-22
 9.51437e+22	2.20e-13	4.47e-09	4.08e-06	3.46e-04	5.42e-03	2.18e-02	4.08e-01	4.48e-01	1.16e-01	2.20e-13	4.13e-22	5.18e-22
 9.56908e+22	2.55e-13	5.10e-09	4.65e-06	3.91e-04	6.06e-03	2.36e-02	4.21e-01	4.40e-01	1.09e-01	2.55e-13	4.78e-22	5.99e-22
 9.62405e+22	2.92e-13	5.80e-09	5.28e-06	4.43e-04	6.75e-03	2.56e-02	4.34e-01	4.32e-01	1.02e-01	2.92e-13	5.49e-22	6.88e-22
 9.67949e+22	3.33e-13	6.56e-09	5.97e-06	4.99e-04	7.51e-03	2.77e-02	4.46e-01	4.23e-01	9.50e-02	3.33e-13	6.26e-22	7.85e-22
 9.73553e+22	3.78e-13	7.39e-09	6.74e-06	5.63e-04	8.34e-03	3.00e-02	4.59e-01	4.14e-01	8.84e-02	3.78e-13	7.11e-22	8.91e-22
 9.79188e+22	4.26e-13	8.28e-09	7.58e-06	6.32e-04	9.24e-03	3.24e-02	4.71e-01	4.04e-01	8.23e-02	4.26e-13	8.02e-22	1.00e-21
 9.84911e+22	4.78e-13	9.27e-09	8.52e-06	7.10e-04	1.02e-02	3.50e-02	4.83e-01	3.94e-01	7.63e-02	4.78e-13	9.01e-22	1.13e-21
 9.90694e+22	5.34e-13	1.03e-08	9.53e-06	7.94e-04	1.13e-02	3.77e-02	4.95e-01	3.84e-01	7.08e-02	5.34e-13	1.01e-21	1.26e-21
 9.96592e+22	5.95e-13	1.15e-08	1.07e-05	8.91e-04	1.25e-02	4.06e-02	5.07e-01	3.74e-01	6.54e-02	5.95e-13	1.12e-21	1.41e-21
 1.00259e+23	6.58e-13	1.27e-08	1.19e-05	9.96e-04	1.37e-02	4.37e-02	5.18e-01	3.63e-01	6.05e-02	6.58e-13	1.24e-21	1.56e-21
 1.00809e+23	7.16e-13	1.38e-08	1.31e-05	1.09e-03	1.49e-02	4.65e-02	5.27e-01	3.54e-01	5.65e-02	7.16e-13	1.35e-21	1.69e-21
 1.01384e+23	7.89e-13	1.53e-08	1.46e-05	1.23e-03	1.64e-02	5.01e-02	5.38e-01	3.42e-01	5.18e-02	7.89e-13	1.49e-21	1.87e-21
 1.01967e+23	8.56e-13	1.66e-08	1.60e-05	1.34e-03	1.77e-02	5.32e-02	5.47e-01	3.33e-01	4.83e-02	8.56e-13	1.62e-21	2.03e-21
 1.02569e+23	9.44e-13	1.84e-08	1.79e-05	1.51e-03	1.96e-02	5.73e-02	5.57e-01	3.21e-01	4.40e-02	9.44e-13	1.79e-21	2.24e-21
 1.03172e+23	1.02e-12	1.99e-08	1.96e-05	1.65e-03	2.11e-02	6.07e-02	5.64e-01	3.11e-01	4.10e-02	1.02e-12	1.93e-21	2.42e-21
 1.03776e+23	1.11e-12	2.20e-08	2.19e-05	1.85e-03	2.31e-02	6.52e-02	5.73e-01	2.99e-01	3.73e-02	1.11e-12	2.12e-21	2.64e-21
 1.04382e+23	1.20e-12	2.38e-08	2.39e-05	2.02e-03	2.48e-02	6.88e-02	5.80e-01	2.90e-01	3.47e-02	1.20e-12	2.28e-21	2.85e-21
 1.04991e+23	1.31e-12	2.62e-08	2.66e-05	2.26e-03	2.71e-02	7.37e-02	5.87e-01	2.78e-01	3.15e-02	1.31e-12	2.49e-21	3.11e-21
 1.05607e+23	1.41e-12	2.84e-08	2.91e-05	2.47e-03	2.90e-02	7.77e-02	5.93e-01	2.69e-01	2.92e-02	1.41e-12	2.69e-21	3.35e-21
 1.06232e+23	1.53e-12	3.12e-08	3.24e-05	2.76e-03	3.16e-02	8.30e-02	5.99e-01	2.57e-01	2.64e-02	1.53e-12	2.93e-21	3.66e-21
 1.06865e+23	1.65e-12	3.39e-08	3.55e-05	3.01e-03	3.38e-02	8.73e-02	6.03e-01	2.48e-01	2.44e-02	1.65e-12	3.16e-21	3.95e-21
 1.07509e+23	1.80e-12	3.74e-08	3.97e-05	3.37e-03	3.68e-02	9.32e-02	6.08e-01	2.36e-01	2.20e-02	1.80e-12	3.46e-21	4.32e-21
 1.08164e+23	1.95e-12	4.08e-08	4.36e-05	3.69e-03	3.93e-02	9.80e-02	6.11e-01	2.27e-01	2.02e-02	1.95e-12	3.74e-21	4.67e-21
 1.08836e+23	2.14e-12	4.53e-08	4.90e-05	4.14e-03	4.27e-02	1.04e-01	6.15e-01	2.16e-01	1.81e-02	2.14e-12	4.11e-21	5.13e-21
 1.09523e+23	2.32e-12	4.97e-08	5.40e-05	4.54e-03	4.56e-02	1.10e-01	6.17e-01	2.07e-01	1.66e-02	2.32e-12	4.48e-21	5.59e-21
 1.10230e+23	2.56e-12	5.57e-08	6.12e-05	5.12e-03	4.96e-02	1.17e-01	6.18e-01	1.95e-01	1.48e-02	2.56e-12	4.95e-21	6.17e-21
 1.10950e+23	2.82e-12	6.17e-08	6.79e-05	5.63e-03	5.30e-02	1.23e-01	6.19e-01	1.86e-01	1.35e-02	2.82e-12	5.46e-21	6.80e-21
 1.11558e+23	3.04e-12	6.72e-08	7.44e-05	6.12e-03	5.61e-02	1.28e-01	6.19e-01	1.79e-01	1.24e-02	3.04e-12	5.90e-21	7.34e-21
 1.12220e+23	3.36e-12	7.52e-08	8.37e-05	6.82e-03	6.03e-02	1.35e-01	6.18e-01	1.69e-01	1.11e-02	3.36e-12	6.54e-21	8.14e-21
 1.12862e+23	3.63e-12	8.20e-08	9.13e-05	7.37e-03	6.35e-02	1.40e-01	6.17e-01	1.62e-01	1.02e-02	3.63e-12	7.08e-21	8.82e-21
 1.13476e+23	3.97e-12	9.10e-08	1.02e-04	8.14e-03	6.78e-02	1.47e-01	6.14e-01	1.53e-01	9.21e-03	3.97e-12	7.77e-21	9.67e-21
 1.14097e+23	4.35e-12	1.00e-07	1.12e-04	8.80e-03	7.13e-02	1.52e-01	6.12e-01	1.47e-01	8.50e-03	4.35e-12	8.52e-21	1.06e-20
 1.14727e+23	4.81e-12	1.12e-07	1.25e-04	9.72e-03	7.60e-02	1.59e-01	6.08e-01	1.39e-01	7.62e-03	4.81e-12	9.44e-21	1.17e-20
 1.15365e+23	5.29e-12	1.24e-07	1.38e-04	1.05e-02	7.99e-02	1.65e-01	6.05e-01	1.33e-01	7.01e-03	5.29e-12	1.04e-20	1.30e-20
 1.16016e+23	5.90e-12	1.40e-07	1.55e-04	1.17e-02	8.52e-02	1.72e-01	6.00e-01	1.25e-01	6.25e-03	5.90e-12	1.16e-20	1.45e-20
 1.16676e+23	6.55e-12	1.56e-07	1.71e-04	1.26e-02	8.95e-02	1.78e-01	5.95e-01	1.19e-01	5.73e-03	6.55e-12	1.30e-20	1.61e-20
 1.17349e+23	7.37e-12	1.77e-07	1.94e-04	1.40e-02	9.53e-02	1.86e-01	5.88e-01	1.11e-01	5.08e-03	7.37e-12	1.46e-20	1.82e-20
 1.18033e+23	8.26e-12	1.99e-07	2.16e-04	1.52e-02	1.00e-01	1.91e-01	5.83e-01	1.06e-01	4.63e-03	8.26e-12	1.65e-20	2.04e-20
 1.18732e+23	9.40e-12	2.28e-07	2.46e-04	1.69e-02	1.07e-01	1.99e-01	5.74e-01	9.86e-02	4.09e-03	9.40e-12	1.88e-20	2.33e-20
 1.19447e+23	1.06e-11	2.58e-07	2.74e-04	1.84e-02	1.12e-01	2.05e-01	5.67e-01	9.32e-02	3.70e-03	1.06e-11	2.13e-20	2.65e-20
 1.20182e+23	1.23e-11	3.01e-07	3.16e-04	2.05e-02	1.20e-01	2.14e-01	5.57e-01	8.63e-02	3.24e-03	1.23e-11	2.48e-20	3.08e-20
 1.20938e+23	1.41e-11	3.44e-07	3.55e-04	2.24e-02	1.26e-01	2.20e-01	5.48e-01	8.11e-02	2.91e-03	1.41e-11	2.84e-20	3.53e-20
 1.21718e+23	1.66e-11	4.08e-07	4.12e-04	2.51e-02	1.34e-01	2.28e-01	5.35e-01	7.46e-02	2.52e-03	1.66e-11	3.38e-20	4.19e-20
 1.22507e+23	1.93e-11	4.71e-07	4.65e-04	2.75e-02	1.41e-01	2.34e-01	5.25e-01	6.99e-02	2.26e-03	1.93e-11	3.94e-20	4.87e-20
 1.23305e+23	2.29e-11	5.61e-07	5.41e-04	3.07e-02	1.50e-01	2.42e-01	5.11e-01	6.39e-02	1.94e-03	2.29e-11	4.70e-20	5.82e-20
 1.24110e+23	2.69e-11	6.51e-07	6.12e-04	3.36e-02	1.57e-01	2.47e-01	5.00e-01	5.97e-02	1.73e-03	2.69e-11	5.54e-20	6.85e-20
 1.24925e+23	3.24e-11	7.83e-07	7.15e-04	3.75e-02	1.67e-01	2.55e-01	4.84e-01	5.43e-02	1.48e-03	3.24e-11	6.71e-20	8.30e-20
 1.25754e+23	3.84e-11	9.15e-07	8.12e-04	4.10e-02	1.75e-01	2.60e-01	4.71e-01	5.04e-02	1.31e-03	3.84e-11	7.99e-20	9.87e-20
 1.26601e+23	4.70e-11	1.11e-06	9.54e-04	4.59e-02	1.86e-01	2.67e-01	4.54e-01	4.55e-02	1.11e-03	4.70e-11	9.86e-20	1.22e-19
 1.27438e+23	5.56e-11	1.30e-06	1.08e-03	5.00e-02	1.94e-01	2.71e-01	4.41e-01	4.22e-02	9.82e-04	5.56e-11	1.17e-19	1.45e-19
 1.28118e+23	6.42e-11	1.48e-06	1.20e-03	5.38e-02	2.01e-01	2.75e-01	4.29e-01	3.93e-02	8.76e-04	6.42e-11	1.36e-19	1.68e-19
 1.28856e+23	7.76e-11	1.76e-06	1.38e-03	5.90e-02	2.10e-01	2.79e-01	4.14e-01	3.59e-02	7.59e-04	7.76e-11	1.66e-19	2.04e-19
 1.29604e+23	9.09e-11	2.03e-06	1.54e-03	6.37e-02	2.18e-01	2.82e-01	4.01e-01	3.33e-02	6.73e-04	9.09e-11	1.95e-19	2.40e-19
 1.30265e+23	1.06e-10	2.33e-06	1.72e-03	6.84e-02	2.26e-01	2.85e-01	3.88e-01	3.09e-02	5.98e-04	1.06e-10	2.29e-19	2.82e-19
 1.31021e+23	1.30e-10	2.78e-06	1.97e-03	7.48e-02	2.36e-01	2.87e-01	3.72e-01	2.80e-02	5.15e-04	1.30e-10	2.81e-19	3.46e-19
 1.31807e+23	1.54e-10	3.25e-06	2.22e-03	8.09e-02	2.44e-01	2.89e-01	3.57e-01	2.56e-02	4.48e-04	1.54e-10	3.38e-19	4.15e-19
 1.32509e+23	1.83e-10	3.76e-06	2.49e-03	8.69e-02	2.52e-01	2.91e-01	3.44e-01	2.36e-02	3.95e-04	1.83e-10	4.02e-19	4.94e-19
 1.33299e+23	2.26e-10	4.51e-06	2.86e-03	9.50e-02	2.62e-01	2.92e-01	3.27e-01	2.12e-02	3.36e-04	2.26e-10	5.02e-19	6.17e-19
 1.34126e+23	2.74e-10	5.32e-06	3.24e-03	1.03e-01	2.70e-01	2.92e-01	3.12e-01	1.92e-02	2.89e-04	2.74e-10	6.13e-19	7.52e-19
 1.34873e+23	3.29e-10	6.20e-06	3.63e-03	1.10e-01	2.79e-01	2.92e-01	2.98e-01	1.75e-02	2.51e-04	3.29e-10	7.41e-19	9.09e-19
 1.35717e+23	4.15e-10	7.53e-06	4.19e-03	1.21e-01	2.88e-01	2.90e-01	2.81e-01	1.55e-02	2.10e-04	4.15e-10	9.45e-19	1.16e-18
 1.36587e+23	5.09e-10	8.92e-06	4.75e-03	1.30e-01	2.97e-01	2.89e-01	2.66e-01	1.39e-02	1.79e-04	5.09e-10	1.17e-18	1.43e-18
 1.37362e+23	6.17e-10	1.04e-05	5.33e-03	1.39e-01	3.04e-01	2.87e-01	2.52e-01	1.26e-02	1.54e-04	6.17e-10	1.43e-18	1.75e-18
 1.38240e+23	7.88e-10	1.27e-05	6.15e-03	1.52e-01	3.13e-01	2.83e-01	2.35e-01	1.10e-02	1.27e-04	7.88e-10	1.85e-18	2.26e-18
 1.39151e+23	9.79e-10	1.52e-05	6.98e-03	1.63e-01	3.21e-01	2.79e-01	2.20e-01	9.75e-03	1.06e-04	9.79e-10	2.32e-18	2.84e-18
 1.39969e+23	1.20e-09	1.78e-05	7.85e-03	1.75e-01	3.27e-01	2.75e-01	2.06e-01	8.69e-03	8.97e-05	1.20e-09	2.88e-18	3.52e-18
 1.40896e+23	1.57e-09	2.20e-05	9.09e-03	1.90e-01	3.35e-01	2.69e-01	1.90e-01	7.47e-03	7.22e-05	1.57e-09	3.81e-18	4.65e-18
 1.41855e+23	1.96e-09	2.62e-05	1.03e-02	2.03e-01	3.41e-01	2.63e-01	1.76e-01	6.54e-03	5.98e-05	1.96e-09	4.84e-18	5.90e-18
 1.42721e+23	2.45e-09	3.10e-05	1.16e-02	2.17e-01	3.46e-01	2.57e-01	1.63e-01	5.74e-03	4.96e-05	2.45e-09	6.12e-18	7.45e-18
 1.43714e+23	3.26e-09	3.86e-05	1.35e-02	2.35e-01	3.51e-01	2.48e-01	1.48e-01	4.82e-03	3.88e-05	3.26e-09	8.29e-18	1.01e-17
 1.44715e+23	4.09e-09	4.59e-05	1.52e-02	2.50e-01	3.55e-01	2.40e-01	1.36e-01	4.18e-03	3.17e-05	4.09e-09	1.06e-17	1.29e-17
 1.45726e+23	5.43e-09	5.66e-05	1.75e-02	2.69e-01	3.58e-01	2.30e-01	1.22e-01	3.50e-03	2.48e-05	5.43e-09	1.43e-17	1.74e-17
 1.46760e+23	6.93e-09	6.79e-05	1.98e-02	2.85e-01	3.59e-01	2.21e-01	1.11e-01	2.98e-03	1.98e-05	6.93e-09	1.86e-17	2.26e-17
 1.47670e+23	8.70e-09	8.03e-05	2.21e-02	3.01e-01	3.60e-01	2.13e-01	1.01e-01	2.57e-03	1.61e-05	8.70e-09	2.38e-17	2.89e-17
 1.48697e+23	1.17e-08	9.93e-05	2.55e-02	3.22e-01	3.60e-01	2.01e-01	8.96e-02	2.10e-03	1.22e-05	1.17e-08	3.27e-17	3.97e-17
 1.49750e+23	1.48e-08	1.18e-04	2.86e-02	3.39e-01	3.58e-01	1.91e-01	8.06e-02	1.78e-03	9.71e-06	1.48e-08	4.27e-17	5.16e-17
 1.50836e+23	2.01e-08	1.47e-04	3.28e-02	3.61e-01	3.55e-01	1.79e-01	7.05e-02	1.44e-03	7.26e-06	2.01e-08	5.94e-17	7.19e-17
 1.51938e+23	2.57e-08	1.75e-04	3.68e-02	3.78e-01	3.52e-01	1.69e-01	6.28e-02	1.20e-03	5.67e-06	2.57e-08	7.83e-17	9.47e-17
 1.52915e+23	3.28e-08	2.08e-04	4.10e-02	3.96e-01	3.47e-01	1.59e-01	5.59e-02	9.97e-04	4.43e-06	3.28e-08	1.03e-16	1.24e-16
 1.54038e+23	4.47e-08	2.58e-04	4.69e-02	4.17e-01	3.40e-01	1.46e-01	4.80e-02	7.88e-04	3.23e-06	4.47e-08	1.45e-16	1.75e-16
 1.55180e+23	5.73e-08	3.08e-04	5.22e-02	4.34e-01	3.34e-01	1.37e-01	4.23e-02	6.48e-04	2.48e-06	5.73e-08	1.92e-16	2.32e-16
 1.56170e+23	7.24e-08	3.62e-04	5.77e-02	4.50e-01	3.27e-01	1.27e-01	3.74e-02	5.37e-04	1.93e-06	7.24e-08	2.51e-16	3.03e-16
 1.57115e+23	9.04e-08	4.21e-04	6.32e-02	4.64e-01	3.20e-01	1.19e-01	3.32e-02	4.47e-04	1.51e-06	9.04e-08	3.22e-16	3.89e-16
 1.58021e+23	1.12e-07	4.86e-04	6.89e-02	4.77e-01	3.12e-01	1.11e-01	2.96e-02	3.75e-04	1.20e-06	1.12e-07	4.09e-16	4.94e-16
 1.59044e+23	1.47e-07	5.87e-04	7.70e-02	4.94e-01	3.02e-01	1.01e-01	2.53e-02	2.97e-04	8.76e-07	1.47e-07	5.59e-16	6.75e-16
 1.60053e+23	1.80e-07	6.73e-04	8.34e-02	5.05e-01	2.94e-01	9.44e-02	2.25e-02	2.49e-04	6.92e-07	1.80e-07	7.04e-16	8.49e-16
 1.61046e+23	2.33e-07	8.01e-04	9.22e-02	5.19e-01	2.83e-01	8.60e-02	1.93e-02	1.98e-04	5.11e-07	2.33e-07	9.43e-16	1.14e-15
 1.62067e+23	2.88e-07	9.25e-04	1.00e-01	5.29e-01	2.73e-01	7.92e-02	1.69e-02	1.62e-04	3.95e-07	2.88e-07	1.20e-15	1.45e-15
 1.63124e+23	3.77e-07	1.11e-03	1.11e-01	5.41e-01	2.61e-01	7.13e-02	1.43e-02	1.27e-04	2.85e-07	3.77e-07	1.63e-15	1.96e-15
 1.64192e+23	4.68e-07	1.28e-03	1.20e-01	5.50e-01	2.51e-01	6.52e-02	1.24e-02	1.03e-04	2.17e-07	4.68e-07	2.08e-15	2.50e-15
 1.65130e+23	5.77e-07	1.47e-03	1.30e-01	5.57e-01	2.41e-01	5.97e-02	1.08e-02	8.42e-05	1.66e-07	5.77e-07	2.63e-15	3.16e-15
 1.66207e+23	7.52e-07	1.75e-03	1.43e-01	5.65e-01	2.28e-01	5.31e-02	9.06e-03	6.47e-05	0.00e+00	7.52e-07	3.56e-15	4.27e-15
 1.67251e+23	9.12e-07	1.99e-03	1.53e-01	5.70e-01	2.19e-01	4.86e-02	7.92e-03	5.32e-05	0.00e+00	9.12e-07	4.42e-15	5.31e-15
 1.68083e+23	1.09e-06	2.23e-03	1.62e-01	5.74e-01	2.10e-01	4.48e-02	7.00e-03	4.44e-05	0.00e+00	1.09e-06	5.39e-15	6.47e-15
 1.68997e+23	1.35e-06	2.56e-03	1.75e-01	5.77e-01	1.99e-01	4.04e-02	5.99e-03	3.54e-05	0.00e+00	1.35e-06	6.89e-15	8.25e-15
 1.69927e+23	1.61e-06	2.88e-03	1.86e-01	5.79e-01	1.91e-01	3.70e-02	5.26e-03	2.93e-05	0.00e+00	1.61e-06	8.43e-15	1.01e-14
 1.70750e+23	1.91e-06	3.22e-03	1.97e-01	5.80e-01	1.82e-01	3.39e-02	4.62e-03	2.42e-05	0.00e+00	1.91e-06	1.03e-14	1.23e-14
 1.71691e+23	2.37e-06	3.70e-03	2.11e-01	5.79e-01	1.72e-01	3.03e-02	3.92e-03	1.91e-05	0.00e+00	2.37e-06	1.31e-14	1.57e-14
 1.72643e+23	2.83e-06	4.15e-03	2.23e-01	5.78e-01	1.63e-01	2.75e-02	3.41e-03	1.56e-05	0.00e+00	2.83e-06	1.61e-14	1.92e-14
 1.73479e+23	3.35e-06	4.63e-03	2.36e-01	5.76e-01	1.55e-01	2.50e-02	2.98e-03	1.28e-05	0.00e+00	3.35e-06	1.95e-14	2.33e-14
 1.74434e+23	4.15e-06	5.31e-03	2.52e-01	5.73e-01	1.45e-01	2.22e-02	2.51e-03	1.00e-05	0.00e+00	4.15e-06	2.49e-14	2.97e-14
 1.75405e+23	4.93e-06	5.93e-03	2.66e-01	5.69e-01	1.37e-01	2.00e-02	2.17e-03	8.13e-06	0.00e+00	4.93e-06	3.05e-14	3.63e-14
 1.76265e+23	5.84e-06	6.61e-03	2.80e-01	5.64e-01	1.30e-01	1.81e-02	1.87e-03	6.61e-06	0.00e+00	5.84e-06	3.71e-14	4.41e-14
 1.77251e+23	7.22e-06	7.56e-03	2.98e-01	5.56e-01	1.20e-01	1.59e-02	1.56e-03	5.08e-06	0.00e+00	7.22e-06	4.75e-14	5.64e-14
 1.78252e+23	8.57e-06	8.43e-03	3.14e-01	5.49e-01	1.13e-01	1.42e-02	1.34e-03	4.07e-06	0.00e+00	8.57e-06	5.80e-14	6.89e-14
 1.79273e+23	1.06e-05	9.66e-03	3.34e-01	5.39e-01	1.04e-01	1.23e-02	1.10e-03	3.08e-06	0.00e+00	1.06e-05	7.47e-14	8.87e-14
 1.80305e+23	1.27e-05	1.08e-02	3.51e-01	5.30e-01	9.69e-02	1.09e-02	9.33e-04	2.44e-06	0.00e+00	1.27e-05	9.19e-14	1.09e-13
 1.81211e+23	1.50e-05	1.20e-02	3.67e-01	5.20e-01	9.04e-02	9.73e-03	7.96e-04	1.94e-06	0.00e+00	1.50e-05	1.12e-13	1.33e-13
 1.82248e+23	1.86e-05	1.38e-02	3.89e-01	5.06e-01	8.26e-02	8.37e-03	6.48e-04	1.45e-06	0.00e+00	1.86e-05	1.45e-13	1.72e-13
 1.83305e+23	2.21e-05	1.53e-02	4.07e-01	4.94e-01	7.65e-02	7.37e-03	5.46e-04	1.14e-06	0.00e+00	2.21e-05	1.78e-13	2.11e-13
 1.84386e+23	2.74e-05	1.76e-02	4.29e-01	4.77e-01	6.93e-02	6.27e-03	4.39e-04	8.36e-07	0.00e+00	2.74e-05	2.31e-13	2.73e-13
 1.85202e+23	2.95e-05	1.84e-02	4.38e-01	4.71e-01	6.67e-02	5.90e-03	4.05e-04	7.45e-07	0.00e+00	2.95e-05	2.53e-13	2.98e-13
 1.85673e+23	3.26e-05	1.96e-02	4.48e-01	4.63e-01	6.35e-02	5.46e-03	3.65e-04	6.43e-07	0.00e+00	3.26e-05	2.85e-13	3.36e-13
 1.86286e+23	3.67e-05	2.11e-02	4.61e-01	4.53e-01	5.99e-02	4.97e-03	3.22e-04	5.39e-07	0.00e+00	3.67e-05	3.30e-13	3.88e-13
 1.87084e+23	4.27e-05	2.32e-02	4.77e-01	4.40e-01	5.55e-02	4.40e-03	2.74e-04	4.30e-07	0.00e+00	4.27e-05	3.97e-13	4.67e-13
 1.88120e+23	5.27e-05	2.64e-02	5.00e-01	4.20e-01	4.97e-02	3.70e-03	2.18e-04	3.11e-07	0.00e+00	5.27e-05	5.13e-13	6.01e-13
 1.89199e+23	6.19e-05	2.92e-02	5.17e-01	4.04e-01	4.54e-02	3.21e-03	1.81e-04	2.40e-07	0.00e+00	6.19e-05	6.27e-13	7.33e-13
 1.90075e+23	7.08e-05	3.17e-02	5.32e-01	3.91e-01	4.20e-02	2.85e-03	1.55e-04	1.92e-07	0.00e+00	7.08e-05	7.39e-13	8.62e-13
 1.90834e+23	8.02e-05	3.42e-02	5.46e-01	3.78e-01	3.90e-02	2.54e-03	1.34e-04	1.56e-07	0.00e+00	8.02e-05	8.64e-13	1.01e-12
 1.91694e+23	9.34e-05	3.76e-02	5.62e-01	3.63e-01	3.56e-02	2.21e-03	1.11e-04	0.00e+00	0.00e+00	9.34e-05	1.05e-12	1.22e-12
 1.92582e+23	1.07e-04	4.07e-02	5.76e-01	3.48e-01	3.27e-02	1.95e-03	9.44e-05	0.00e+00	0.00e+00	1.07e-04	1.24e-12	1.43e-12
 1.93379e+23	1.21e-04	4.40e-02	5.89e-01	3.35e-01	3.01e-02	1.72e-03	8.04e-05	0.00e+00	0.00e+00	1.21e-04	1.46e-12	1.68e-12
 1.94288e+23	1.42e-04	4.85e-02	6.05e-01	3.17e-01	2.71e-02	1.46e-03	6.54e-05	0.00e+00	0.00e+00	1.42e-04	1.79e-12	2.05e-12
 1.95206e+23	1.61e-04	5.23e-02	6.18e-01	3.03e-01	2.47e-02	1.28e-03	5.52e-05	0.00e+00	0.00e+00	1.61e-04	2.11e-12	2.41e-12
 1.96133e+23	1.89e-04	5.76e-02	6.33e-01	2.86e-01	2.21e-02	1.09e-03	4.47e-05	0.00e+00	0.00e+00	1.89e-04	2.60e-12	2.94e-12
 1.97080e+23	2.15e-04	6.22e-02	6.45e-01	2.71e-01	2.00e-02	9.39e-04	3.72e-05	0.00e+00	0.00e+00	2.15e-04	3.08e-12	3.47e-12
 1.98055e+23	2.54e-04	6.87e-02	6.59e-01	2.53e-01	1.77e-02	7.82e-04	2.95e-05	0.00e+00	0.00e+00	2.54e-04	3.84e-12	4.28e-12
 1.99038e+23	2.88e-04	7.40e-02	6.70e-01	2.39e-01	1.59e-02	6.73e-04	2.44e-05	0.00e+00	0.00e+00	2.88e-04	4.54e-12	5.03e-12
 2.00031e+23	3.39e-04	8.15e-02	6.82e-01	2.22e-01	1.40e-02	5.56e-04	1.92e-05	0.00e+00	0.00e+00	3.39e-04	5.67e-12	6.21e-12
 2.01045e+23	3.85e-04	8.78e-02	6.91e-01	2.08e-01	1.25e-02	4.74e-04	1.57e-05	0.00e+00	0.00e+00	3.85e-04	6.75e-12	7.33e-12
 2.02085e+23	4.54e-04	9.68e-02	7.01e-01	1.90e-01	1.08e-02	3.85e-04	1.22e-05	0.00e+00	0.00e+00	4.54e-04	8.49e-12	9.10e-12
 2.03148e+23	5.18e-04	1.04e-01	7.09e-01	1.77e-01	9.57e-03	3.23e-04	9.80e-06	0.00e+00	0.00e+00	5.18e-04	1.02e-11	1.08e-11
 2.04242e+23	6.15e-04	1.15e-01	7.16e-01	1.60e-01	8.17e-03	2.58e-04	7.41e-06	0.00e+00	0.00e+00	6.15e-04	1.30e-11	1.35e-11
 2.05343e+23	6.97e-04	1.24e-01	7.21e-01	1.48e-01	7.18e-03	2.15e-04	5.94e-06	0.00e+00	0.00e+00	6.97e-04	1.56e-11	1.60e-11
 2.06456e+23	8.26e-04	1.36e-01	7.24e-01	1.32e-01	6.08e-03	1.70e-04	4.45e-06	0.00e+00	0.00e+00	8.26e-04	1.99e-11	2.00e-11
 2.07587e+23	9.36e-04	1.46e-01	7.26e-01	1.21e-01	5.30e-03	1.40e-04	3.52e-06	0.00e+00	0.00e+00	9.36e-04	2.38e-11	2.36e-11
 2.08742e+23	1.11e-03	1.61e-01	7.26e-01	1.07e-01	4.43e-03	1.09e-04	2.59e-06	0.00e+00	0.00e+00	1.11e-03	3.05e-11	2.96e-11
 2.09913e+23	1.26e-03	1.73e-01	7.25e-01	9.67e-02	3.82e-03	8.83e-05	2.02e-06	0.00e+00	0.00e+00	1.26e-03	3.69e-11	3.51e-11
 2.11106e+23	1.50e-03	1.91e-01	7.20e-01	8.43e-02	3.16e-03	6.72e-05	1.47e-06	0.00e+00	0.00e+00	1.50e-03	4.76e-11	4.42e-11
 2.12309e+23	1.71e-03	2.05e-01	7.15e-01	7.52e-02	2.69e-03	5.38e-05	1.13e-06	0.00e+00	0.00e+00	1.71e-03	5.78e-11	5.26e-11
 2.13527e+23	2.05e-03	2.27e-01	7.05e-01	6.45e-02	2.20e-03	4.02e-05	8.04e-07	0.00e+00	0.00e+00	2.05e-03	7.51e-11	6.66e-11
 2.14761e+23	2.34e-03	2.44e-01	6.95e-01	5.66e-02	1.86e-03	3.16e-05	6.08e-07	0.00e+00	0.00e+00	2.34e-03	9.19e-11	7.99e-11
 2.16018e+23	2.81e-03	2.69e-01	6.79e-01	4.76e-02	1.50e-03	2.30e-05	4.25e-07	0.00e+00	0.00e+00	2.81e-03	1.20e-10	1.02e-10
 2.17288e+23	3.24e-03	2.90e-01	6.64e-01	4.10e-02	1.25e-03	1.77e-05	3.17e-07	0.00e+00	0.00e+00	3.24e-03	1.48e-10	1.23e-10
 2.18577e+23	3.92e-03	3.22e-01	6.40e-01	3.35e-02	9.93e-04	1.25e-05	2.16e-07	0.00e+00	0.00e+00	3.92e-03	1.96e-10	1.58e-10
 2.19879e+23	4.55e-03	3.48e-01	6.19e-01	2.82e-02	8.18e-04	9.33e-06	1.58e-07	0.00e+00	0.00e+00	4.55e-03	2.44e-10	1.93e-10
 2.21199e+23	5.58e-03	3.86e-01	5.85e-01	2.22e-02	6.36e-04	6.29e-06	0.00e+00	0.00e+00	0.00e+00	5.58e-03	3.27e-10	2.52e-10
 2.22526e+23	6.50e-03	4.17e-01	5.58e-01	1.82e-02	5.20e-04	4.57e-06	0.00e+00	0.00e+00	0.00e+00	6.50e-03	4.07e-10	3.09e-10
 2.23861e+23	8.04e-03	4.62e-01	5.16e-01	1.38e-02	3.98e-04	2.95e-06	0.00e+00	0.00e+00	0.00e+00	8.04e-03	5.48e-10	4.07e-10
 2.25222e+23	9.55e-03	5.00e-01	4.79e-01	1.08e-02	3.17e-04	2.02e-06	0.00e+00	0.00e+00	0.00e+00	9.55e-03	6.95e-10	5.08e-10
 2.26614e+23	1.20e-02	5.52e-01	4.28e-01	7.69e-03	2.36e-04	1.21e-06	0.00e+00	0.00e+00	0.00e+00	1.20e-02	9.47e-10	6.81e-10
 2.28021e+23	1.45e-02	5.96e-01	3.84e-01	5.64e-03	1.83e-04	7.67e-07	0.00e+00	0.00e+00	0.00e+00	1.45e-02	1.22e-09	8.65e-10
 2.29086e+23	1.67e-02	6.29e-01	3.50e-01	4.41e-03	1.51e-04	5.38e-07	0.00e+00	0.00e+00	0.00e+00	1.67e-02	1.47e-09	1.03e-09
 2.30111e+23	2.00e-02	6.69e-01	3.08e-01	3.20e-03	1.18e-04	3.40e-07	0.00e+00	0.00e+00	0.00e+00	2.00e-02	1.86e-09	1.30e-09
 2.31185e+23	2.37e-02	7.04e-01	2.70e-01	2.33e-03	9.28e-05	2.17e-07	0.00e+00	0.00e+00	0.00e+00	2.37e-02	2.32e-09	1.60e-09
 2.32166e+23	2.81e-02	7.37e-01	2.33e-01	1.68e-03	7.28e-05	1.37e-07	0.00e+00	0.00e+00	0.00e+00	2.81e-02	2.88e-09	1.98e-09
 2.33287e+23	3.50e-02	7.75e-01	1.89e-01	1.07e-03	5.25e-05	0.00e+00	0.00e+00	0.00e+00	0.00e+00	3.50e-02	3.80e-09	2.60e-09
 2.34430e+23	4.35e-02	8.04e-01	1.51e-01	6.83e-04	3.80e-05	0.00e+00	0.00e+00	0.00e+00	0.00e+00	4.35e-02	4.96e-09	3.36e-09
 2.35360e+23	5.28e-02	8.24e-01	1.22e-01	4.53e-04	2.83e-05	0.00e+00	0.00e+00	0.00e+00	0.00e+00	5.28e-02	6.25e-09	4.22e-09
 2.36174e+23	6.38e-02	8.38e-01	9.77e-02	3.02e-04	2.09e-05	0.00e+00	0.00e+00	0.00e+00	0.00e+00	6.38e-02	7.81e-09	5.26e-09
 2.36939e+23	7.72e-02	8.46e-01	7.69e-02	2.00e-04	1.53e-05	0.00e+00	0.00e+00	0.00e+00	0.00e+00	7.72e-02	9.75e-09	6.54e-09
 2.37658e+23	9.38e-02	8.47e-01	5.93e-02	1.32e-04	1.09e-05	0.00e+00	0.00e+00	0.00e+00	0.00e+00	9.38e-02	1.22e-08	8.14e-09
 2.38314e+23	1.14e-01	8.41e-01	4.54e-02	8.79e-05	7.77e-06	0.00e+00	0.00e+00	0.00e+00	0.00e+00	1.14e-01	1.50e-08	1.00e-08
 2.38897e+23	1.37e-01	8.29e-01	3.45e-02	5.98e-05	5.50e-06	0.00e+00	0.00e+00	0.00e+00	0.00e+00	1.37e-01	1.84e-08	1.22e-08
 2.39417e+23	1.63e-01	8.11e-01	2.64e-02	4.19e-05	3.90e-06	0.00e+00	0.00e+00	0.00e+00	0.00e+00	1.63e-01	2.21e-08	1.46e-08
 2.39884e+23	1.92e-01	7.88e-01	2.02e-02	3.01e-05	2.77e-06	0.00e+00	0.00e+00	0.00e+00	0.00e+00	1.92e-01	2.60e-08	1.72e-08
 2.40317e+23	2.25e-01	7.60e-01	1.53e-02	2.20e-05	1.95e-06	0.00e+00	0.00e+00	0.00e+00	0.00e+00	2.25e-01	3.04e-08	2.01e-08
 2.40715e+23	2.61e-01	7.27e-01	1.17e-02	1.64e-05	1.38e-06	0.00e+00	0.00e+00	0.00e+00	0.00e+00	2.61e-01	3.48e-08	2.30e-08
 2.41077e+23	2.99e-01	6.92e-01	8.95e-03	1.25e-05	9.78e-07	0.00e+00	0.00e+00	0.00e+00	0.00e+00	2.99e-01	3.92e-08	2.58e-08
 2.41410e+23	3.39e-01	6.54e-01	6.90e-03	9.69e-06	6.99e-07	0.00e+00	0.00e+00	0.00e+00	0.00e+00	3.39e-01	4.34e-08	2.86e-08
 2.41636e+23	3.67e-01	6.28e-01	5.80e-03	8.26e-06	5.61e-07	0.00e+00	0.00e+00	0.00e+00	0.00e+00	3.67e-01	4.59e-08	3.02e-08
 2.41745e+23	3.81e-01	6.14e-01	5.32e-03	7.63e-06	5.02e-07	0.00e+00	0.00e+00	0.00e+00	0.00e+00	3.81e-01	4.72e-08	3.10e-08
 2.41840e+23	3.94e-01	6.01e-01	4.90e-03	7.09e-06	4.52e-07	0.00e+00	0.00e+00	0.00e+00	0.00e+00	3.94e-01	4.83e-08	3.17e-08
 2.41961e+23	4.11e-01	5.85e-01	4.41e-03	6.46e-06	3.95e-07	0.00e+00	0.00e+00	0.00e+00	0.00e+00	4.11e-01	4.97e-08	3.27e-08
 2.42103e+23	4.32e-01	5.65e-01	3.90e-03	5.79e-06	3.37e-07	0.00e+00	0.00e+00	0.00e+00	0.00e+00	4.32e-01	5.13e-08	3.37e-08
 2.42245e+23	4.51e-01	5.46e-01	3.46e-03	5.23e-06	2.89e-07	0.00e+00	0.00e+00	0.00e+00	0.00e+00	4.51e-01	5.27e-08	3.46e-08
 2.42389e+23	4.72e-01	5.25e-01	3.04e-03	4.69e-06	2.46e-07	0.00e+00	0.00e+00	0.00e+00	0.00e+00	4.72e-01	5.40e-08	3.54e-08
 2.42538e+23	4.94e-01	5.04e-01	2.66e-03	4.21e-06	2.08e-07	0.00e+00	0.00e+00	0.00e+00	0.00e+00	4.94e-01	5.53e-08	3.62e-08
 2.42691e+23	5.16e-01	4.82e-01	2.32e-03	3.76e-06	1.75e-07	0.00e+00	0.00e+00	0.00e+00	0.00e+00	5.16e-01	5.64e-08	3.69e-08
 2.42850e+23	5.39e-01	4.59e-01	2.01e-03	3.35e-06	1.46e-07	0.00e+00	0.00e+00	0.00e+00	0.00e+00	5.39e-01	5.74e-08	3.75e-08
 2.43015e+23	5.63e-01	4.36e-01	1.73e-03	2.98e-06	0.00e+00	0.00e+00	0.00e+00	0.00e+00	0.00e+00	5.63e-01	5.82e-08	3.80e-08
 2.43177e+23	5.85e-01	4.13e-01	1.49e-03	2.67e-06	0.00e+00	0.00e+00	0.00e+00	0.00e+00	0.00e+00	5.85e-01	5.87e-08	3.84e-08
 2.43301e+23	6.00e-01	3.98e-01	1.35e-03	2.47e-06	0.00e+00	0.00e+00	0.00e+00	0.00e+00	0.00e+00	6.00e-01	5.90e-08	3.85e-08
 2.43384e+23	6.11e-01	3.88e-01	1.26e-03	2.35e-06	0.00e+00	0.00e+00	0.00e+00	0.00e+00	0.00e+00	6.11e-01	5.91e-08	3.86e-08
 2.43464e+23	6.21e-01	3.78e-01	1.17e-03	2.23e-06	0.00e+00	0.00e+00	0.00e+00	0.00e+00	0.00e+00	6.21e-01	5.92e-08	3.86e-08
 2.43559e+23	6.33e-01	3.66e-01	1.07e-03	2.09e-06	0.00e+00	0.00e+00	0.00e+00	0.00e+00	0.00e+00	6.33e-01	5.93e-08	3.87e-08
 2.43663e+23	6.45e-01	3.54e-01	9.82e-04	1.96e-06	0.00e+00	0.00e+00	0.00e+00	0.00e+00	0.00e+00	6.45e-01	5.94e-08	3.87e-08
 2.43766e+23	6.57e-01	3.42e-01	9.00e-04	1.85e-06	0.00e+00	0.00e+00	0.00e+00	0.00e+00	0.00e+00	6.57e-01	5.94e-08	3.87e-08
 2.43868e+23	6.68e-01	3.31e-01	8.25e-04	1.73e-06	0.00e+00	0.00e+00	0.00e+00	0.00e+00	0.00e+00	6.68e-01	5.93e-08	3.86e-08
 2.43972e+23	6.79e-01	3.20e-01	7.55e-04	1.63e-06	0.00e+00	0.00e+00	0.00e+00	0.00e+00	0.00e+00	6.79e-01	5.92e-08	3.85e-08
 2.44077e+23	6.90e-01	3.09e-01	6.92e-04	1.54e-06	0.00e+00	0.00e+00	0.00e+00	0.00e+00	0.00e+00	6.90e-01	5.90e-08	3.84e-08
 2.44184e+23	7.01e-01	2.99e-01	6.34e-04	1.45e-06	0.00e+00	0.00e+00	0.00e+00	0.00e+00	0.00e+00	7.01e-01	5.88e-08	3.82e-08
 2.44295e+23	7.11e-01	2.88e-01	5.79e-04	1.36e-06	0.00e+00	0.00e+00	0.00e+00	0.00e+00	0.00e+00	7.11e-01	5.86e-08	3.81e-08
 2.44409e+23	7.21e-01	2.78e-01	5.28e-04	1.28e-06	0.00e+00	0.00e+00	0.00e+00	0.00e+00	0.00e+00	7.21e-01	5.83e-08	3.79e-08
 2.44526e+23	7.32e-01	2.68e-01	4.81e-04	1.21e-06	0.00e+00	0.00e+00	0.00e+00	0.00e+00	0.00e+00	7.32e-01	5.80e-08	3.77e-08
 2.44644e+23	7.41e-01	2.58e-01	4.39e-04	1.14e-06	0.00e+00	0.00e+00	0.00e+00	0.00e+00	0.00e+00	7.41e-01	5.77e-08	3.74e-08
 2.44765e+23	7.51e-01	2.49e-01	4.00e-04	1.07e-06	0.00e+00	0.00e+00	0.00e+00	0.00e+00	0.00e+00	7.51e-01	5.74e-08	3.72e-08
 2.44891e+23	7.60e-01	2.40e-01	3.64e-04	1.01e-06	0.00e+00	0.00e+00	0.00e+00	0.00e+00	0.00e+00	7.60e-01	5.70e-08	3.69e-08
