#depth	Fe	Fe+	Fe+2	Fe+3	Fe+4	Fe+5	Fe+6	Fe+7	Fe+8	Fe+9	Fe+10	Fe+11	Fe+12	Fe+13	Fe+14	Fe+15	Fe+16	Fe+17	Fe+18	Fe+19	Fe+20	Fe+21	Fe+22	Fe+23	Fe+24	Fe+25	Fe+26
 1.54284e+22	0.00e+00	0.00e+00	0.00e+00	0.00e+00	0.00e+00	0.00e+00	1.13e-21	2.04e-19	2.24e-17	7.96e-16	2.02e-14	3.58e-13	1.03e-11	2.32e-10	5.86e-09	1.79e-07	3.81e-05	7.13e-04	6.81e-03	3.13e-02	8.57e-02	1.32e-01	1.55e-01	1.72e-01	3.19e-01	8.88e-02	8.90e-03
 3.47286e+22	0.00e+00	0.00e+00	0.00e+00	0.00e+00	2.55e-24	2.31e-21	1.04e-18	1.22e-16	8.84e-15	2.28e-13	4.44e-12	6.75e-11	1.15e-09	1.54e-08	2.28e-07	4.14e-06	6.01e-04	7.41e-03	4.52e-02	1.29e-01	2.15e-01	2.03e-01	1.46e-01	1.02e-01	1.29e-01	2.20e-02	1.36e-03
 4.05509e+22	0.00e+00	0.00e+00	3.63e-30	5.97e-26	1.57e-22	1.30e-19	4.61e-17	4.21e-15	2.35e-13	4.62e-12	6.80e-11	7.84e-10	1.01e-08	1.02e-07	1.15e-06	1.58e-05	1.92e-03	1.92e-02	9.27e-02	2.04e-01	2.62e-01	1.89e-01	1.06e-01	5.72e-02	6.03e-02	7.94e-03	3.78e-04
 4.34765e+22	0.00e+00	0.00e+00	3.82e-29	5.74e-25	1.34e-21	9.89e-19	3.08e-16	2.47e-14	1.20e-12	2.05e-11	2.61e-10	2.61e-09	2.89e-08	2.54e-07	2.46e-06	2.94e-05	3.23e-03	2.90e-02	1.25e-01	2.40e-01	2.68e-01	1.70e-01	8.31e-02	3.95e-02	3.81e-02	4.38e-03	1.83e-04
 4.46955e+22	0.00e+00	7.27e-34	7.06e-29	1.03e-24	2.33e-21	1.66e-18	5.01e-16	3.89e-14	1.82e-12	2.99e-11	3.68e-10	3.54e-09	3.78e-08	3.19e-07	2.97e-06	3.42e-05	3.68e-03	3.21e-02	1.34e-01	2.48e-01	2.68e-01	1.64e-01	7.74e-02	3.57e-02	3.36e-02	3.73e-03	1.50e-04
 4.51775e+22	0.00e+00	0.00e+00	1.27e-28	1.79e-24	3.95e-21	2.74e-18	7.99e-16	6.00e-14	2.71e-12	4.30e-11	5.11e-10	4.73e-09	4.87e-08	3.97e-07	3.57e-06	3.96e-05	4.15e-03	3.52e-02	1.43e-01	2.56e-01	2.67e-01	1.58e-01	7.22e-02	3.22e-02	2.96e-02	3.18e-03	1.24e-04
 4.57253e+22	0.00e+00	2.93e-33	2.64e-28	3.59e-24	7.62e-21	5.09e-18	1.43e-15	1.03e-13	4.45e-12	6.76e-11	7.67e-10	6.79e-09	6.68e-08	5.20e-07	4.46e-06	4.74e-05	4.81e-03	3.95e-02	1.54e-01	2.65e-01	2.65e-01	1.50e-01	6.59e-02	2.82e-02	2.53e-02	2.61e-03	9.74e-05
 4.62914e+22	0.00e+00	0.00e+00	4.97e-28	6.54e-24	1.34e-20	8.69e-18	2.35e-15	1.64e-13	6.81e-12	9.96e-11	1.09e-09	9.26e-09	8.75e-08	6.54e-07	5.40e-06	5.51e-05	5.45e-03	4.34e-02	1.64e-01	2.72e-01	2.62e-01	1.43e-01	6.07e-02	2.51e-02	2.20e-02	2.19e-03	7.88e-05
 4.68814e+22	0.00e+00	1.34e-32	1.11e-27	1.40e-23	2.75e-20	1.71e-17	4.43e-15	2.95e-13	1.17e-11	1.63e-10	1.69e-09	1.37e-08	1.23e-07	8.75e-07	6.86e-06	6.66e-05	6.36e-03	4.88e-02	1.77e-01	2.80e-01	2.57e-01	1.34e-01	5.44e-02	2.16e-02	1.83e-02	1.74e-03	5.98e-05
 4.74538e+22	0.00e+00	2.49e-32	2.00e-27	2.44e-23	4.66e-20	2.81e-17	7.04e-15	4.53e-13	1.74e-11	2.33e-10	2.33e-09	1.82e-08	1.58e-07	1.08e-06	8.16e-06	7.65e-05	7.11e-03	5.31e-02	1.87e-01	2.86e-01	2.53e-01	1.27e-01	5.00e-02	1.92e-02	1.60e-02	1.47e-03	4.87e-05
 4.79256e+22	0.00e+00	4.61e-32	3.57e-27	4.23e-23	7.83e-20	4.59e-17	1.11e-14	6.93e-13	2.56e-11	3.32e-10	3.20e-09	2.41e-08	2.02e-07	1.33e-06	9.67e-06	8.73e-05	7.91e-03	5.75e-02	1.96e-01	2.90e-01	2.49e-01	1.21e-01	4.59e-02	1.71e-02	1.39e-02	1.23e-03	3.97e-05
 4.83900e+22	0.00e+00	8.48e-32	6.35e-27	7.29e-23	1.31e-19	7.44e-17	1.75e-14	1.05e-12	3.76e-11	4.71e-10	4.38e-09	3.18e-08	2.56e-07	1.63e-06	1.14e-05	9.94e-05	8.78e-03	6.21e-02	2.06e-01	2.95e-01	2.44e-01	1.15e-01	4.21e-02	1.52e-02	1.21e-02	1.04e-03	3.23e-05
 4.89226e+22	0.00e+00	1.86e-31	1.34e-26	1.47e-22	2.54e-19	1.39e-16	3.13e-14	1.81e-12	6.18e-11	7.38e-10	6.56e-09	4.54e-08	3.49e-07	2.12e-06	1.41e-05	1.17e-04	1.00e-02	6.84e-02	2.18e-01	2.99e-01	2.36e-01	1.06e-01	3.75e-02	1.30e-02	1.01e-02	8.28e-04	2.47e-05
 4.94186e+22	0.00e+00	3.14e-31	2.19e-26	2.35e-22	3.95e-19	2.10e-16	4.61e-14	2.59e-12	8.58e-11	9.94e-10	8.56e-09	5.75e-08	4.28e-07	2.51e-06	1.62e-05	1.31e-04	1.09e-02	7.28e-02	2.26e-01	3.01e-01	2.31e-01	1.01e-01	3.47e-02	1.17e-02	8.93e-03	7.11e-04	2.06e-05
 4.97849e+22	0.00e+00	5.05e-31	3.43e-26	3.59e-22	5.89e-19	3.06e-16	6.55e-14	3.59e-12	1.16e-10	1.30e-09	1.09e-08	7.12e-08	5.14e-07	2.94e-06	1.84e-05	1.44e-04	1.18e-02	7.69e-02	2.34e-01	3.03e-01	2.26e-01	9.64e-02	3.22e-02	1.06e-02	7.98e-03	6.18e-04	1.74e-05
 5.01242e+22	0.00e+00	8.06e-31	5.33e-26	5.44e-22	8.72e-19	4.43e-16	9.25e-14	4.94e-12	1.55e-10	1.70e-09	1.38e-08	8.77e-08	6.16e-07	3.42e-06	2.08e-05	1.58e-04	1.27e-02	8.11e-02	2.41e-01	3.05e-01	2.21e-01	9.18e-02	3.00e-02	9.65e-03	7.13e-03	5.38e-04	1.48e-05
 5.05107e+22	0.00e+00	1.41e-30	9.04e-26	8.97e-22	1.40e-18	6.91e-16	1.40e-13	7.24e-12	2.20e-10	2.33e-09	1.83e-08	1.13e-07	7.64e-07	4.10e-06	2.41e-05	1.78e-04	1.39e-02	8.64e-02	2.50e-01	3.06e-01	2.15e-01	8.64e-02	2.74e-02	8.57e-03	6.21e-03	4.54e-04	1.21e-05
 5.09092e+22	0.00e+00	2.30e-30	1.43e-25	1.38e-21	2.10e-18	1.01e-15	2.00e-13	1.01e-11	2.98e-10	3.07e-09	2.34e-08	1.40e-07	9.21e-07	4.80e-06	2.74e-05	1.96e-04	1.50e-02	9.11e-02	2.57e-01	3.06e-01	2.09e-01	8.19e-02	2.53e-02	7.72e-03	5.51e-03	3.92e-04	1.02e-05
 5.12476e+22	0.00e+00	3.58e-30	2.17e-25	2.05e-21	3.05e-18	1.44e-15	2.77e-13	1.36e-11	3.92e-10	3.93e-09	2.93e-08	1.70e-07	1.09e-06	5.53e-06	3.07e-05	2.14e-04	1.60e-02	9.55e-02	2.64e-01	3.07e-01	2.04e-01	7.79e-02	2.35e-02	7.01e-03	4.93e-03	3.42e-04	8.65e-06
 5.15614e+22	0.00e+00	5.55e-30	3.28e-25	3.03e-21	4.39e-18	2.03e-15	3.82e-13	1.84e-11	5.14e-10	5.03e-09	3.65e-08	2.06e-07	1.29e-06	6.35e-06	3.43e-05	2.33e-04	1.71e-02	1.00e-01	2.71e-01	3.07e-01	1.99e-01	7.41e-02	2.18e-02	6.37e-03	4.41e-03	2.99e-04	7.37e-06
 5.19190e+22	0.00e+00	9.53e-30	5.46e-25	4.89e-21	6.90e-18	3.10e-15	5.67e-13	2.65e-11	7.18e-10	6.81e-09	4.78e-08	2.62e-07	1.58e-06	7.54e-06	3.94e-05	2.58e-04	1.85e-02	1.06e-01	2.78e-01	3.06e-01	1.92e-01	6.95e-02	1.99e-02	5.65e-03	3.84e-03	2.53e-04	6.05e-06
 5.22681e+22	0.00e+00	1.44e-29	8.08e-25	7.08e-21	9.76e-18	4.30e-15	7.69e-13	3.51e-11	9.29e-10	8.59e-09	5.89e-08	3.14e-07	1.85e-06	8.60e-06	4.38e-05	2.80e-04	1.96e-02	1.10e-01	2.84e-01	3.05e-01	1.87e-01	6.61e-02	1.85e-02	5.15e-03	3.45e-03	2.22e-04	5.18e-06
 5.25582e+22	0.00e+00	2.16e-29	1.18e-24	1.01e-20	1.36e-17	5.89e-15	1.03e-12	4.61e-11	1.19e-09	1.08e-08	7.19e-08	3.75e-07	2.15e-06	9.76e-06	4.85e-05	3.02e-04	2.08e-02	1.15e-01	2.90e-01	3.04e-01	1.82e-01	6.29e-02	1.73e-02	4.70e-03	3.11e-03	1.95e-04	4.46e-06
 5.28873e+22	0.00e+00	3.55e-29	1.88e-24	1.57e-20	2.07e-17	8.70e-15	1.48e-12	6.45e-11	1.62e-09	1.42e-08	9.21e-08	4.66e-07	2.59e-06	1.14e-05	5.49e-05	3.32e-04	2.23e-02	1.20e-01	2.97e-01	3.03e-01	1.76e-01	5.90e-02	1.58e-02	4.19e-03	2.73e-03	1.66e-04	3.70e-06
 5.32240e+22	0.00e+00	5.36e-29	2.78e-24	2.27e-20	2.91e-17	1.20e-14	2.00e-12	8.52e-11	2.09e-09	1.79e-08	1.13e-07	5.58e-07	3.03e-06	1.30e-05	6.09e-05	3.59e-04	2.37e-02	1.25e-01	3.02e-01	3.01e-01	1.70e-01	5.60e-02	1.46e-02	3.81e-03	2.45e-03	1.46e-04	3.16e-06
 5.35252e+22	0.00e+00	8.33e-29	4.20e-24	3.35e-20	4.20e-17	1.69e-14	2.76e-12	1.15e-10	2.73e-09	2.28e-08	1.41e-07	6.76e-07	3.57e-06	1.49e-05	6.79e-05	3.90e-04	2.51e-02	1.30e-01	3.08e-01	2.99e-01	1.65e-01	5.29e-02	1.35e-02	3.43e-03	2.18e-03	1.26e-04	2.67e-06
 5.38189e+22	0.00e+00	1.25e-28	6.17e-24	4.80e-20	5.89e-17	2.33e-14	3.71e-12	1.51e-10	3.51e-09	2.86e-08	1.72e-07	8.06e-07	4.15e-06	1.69e-05	7.51e-05	4.20e-04	2.66e-02	1.35e-01	3.13e-01	2.97e-01	1.60e-01	5.01e-02	1.25e-02	3.12e-03	1.95e-03	1.11e-04	2.29e-06
 5.40927e+22	0.00e+00	1.83e-28	8.81e-24	6.72e-20	8.07e-17	3.13e-14	4.89e-12	1.94e-10	4.42e-09	3.53e-08	2.07e-07	9.50e-07	4.78e-06	1.90e-05	8.24e-05	4.50e-04	2.80e-02	1.39e-01	3.18e-01	2.95e-01	1.55e-01	4.76e-02	1.17e-02	2.85e-03	1.76e-03	9.76e-05	1.97e-06
 5.43536e+22	0.00e+00	2.67e-28	1.26e-23	9.37e-20	1.10e-16	4.19e-14	6.42e-12	2.50e-10	5.57e-09	4.34e-08	2.50e-07	1.12e-06	5.50e-06	2.13e-05	9.03e-05	4.83e-04	2.94e-02	1.44e-01	3.23e-01	2.93e-01	1.50e-01	4.52e-02	1.09e-02	2.60e-03	1.59e-03	8.61e-05	1.71e-06
 5.46530e+22	0.00e+00	4.29e-28	1.96e-23	1.42e-19	1.63e-16	6.05e-14	9.04e-12	3.44e-10	7.43e-09	5.64e-08	3.15e-07	1.37e-06	6.55e-06	2.47e-05	1.01e-04	5.26e-04	3.13e-02	1.50e-01	3.28e-01	2.90e-01	1.44e-01	4.23e-02	9.91e-03	2.32e-03	1.39e-03	7.36e-05	1.42e-06
 5.49562e+22	0.00e+00	6.49e-28	2.89e-23	2.05e-19	2.30e-16	8.34e-14	1.22e-11	4.54e-10	9.57e-09	7.09e-08	3.86e-07	1.64e-06	7.63e-06	2.80e-05	1.12e-04	5.67e-04	3.30e-02	1.55e-01	3.33e-01	2.87e-01	1.39e-01	3.98e-02	9.14e-03	2.09e-03	1.24e-03	6.40e-05	1.20e-06
 5.52148e+22	0.00e+00	9.40e-28	4.09e-23	2.84e-19	3.12e-16	1.11e-13	1.59e-11	5.81e-10	1.20e-08	8.69e-08	4.63e-07	1.92e-06	8.74e-06	3.14e-05	1.22e-04	6.05e-04	3.46e-02	1.60e-01	3.37e-01	2.84e-01	1.35e-01	3.78e-02	8.50e-03	1.91e-03	1.12e-03	5.64e-05	1.04e-06
 5.55012e+22	0.00e+00	1.51e-27	6.37e-23	4.31e-19	4.59e-16	1.60e-13	2.24e-11	7.95e-10	1.60e-08	1.13e-07	5.83e-07	2.35e-06	1.04e-05	3.62e-05	1.37e-04	6.58e-04	3.67e-02	1.66e-01	3.41e-01	2.80e-01	1.29e-01	3.53e-02	7.74e-03	1.70e-03	9.81e-04	4.81e-05	8.61e-07
 5.57962e+22	0.00e+00	2.28e-27	9.41e-23	6.21e-19	6.46e-16	2.20e-13	3.01e-11	1.05e-09	2.05e-08	1.41e-07	7.15e-07	2.81e-06	1.21e-05	4.11e-05	1.51e-04	7.08e-04	3.86e-02	1.71e-01	3.45e-01	2.77e-01	1.24e-01	3.31e-02	7.12e-03	1.53e-03	8.71e-04	4.17e-05	7.29e-07
 5.60570e+22	0.00e+00	3.37e-27	1.35e-22	8.73e-19	8.88e-16	2.97e-13	3.98e-11	1.36e-09	2.60e-08	1.75e-07	8.64e-07	3.32e-06	1.40e-05	4.62e-05	1.66e-04	7.58e-04	4.05e-02	1.76e-01	3.49e-01	2.73e-01	1.20e-01	3.12e-02	6.58e-03	1.38e-03	7.79e-04	3.64e-05	6.23e-07
 5.63507e+22	0.00e+00	5.60e-27	2.18e-22	1.36e-18	1.35e-15	4.38e-13	5.73e-11	1.90e-09	3.53e-08	2.31e-07	1.11e-06	4.13e-06	1.68e-05	5.39e-05	1.87e-04	8.28e-04	4.30e-02	1.83e-01	3.54e-01	2.69e-01	1.14e-01	2.89e-02	5.93e-03	1.21e-03	6.73e-04	3.05e-05	5.06e-07
 5.66477e+22	0.00e+00	8.43e-27	3.20e-22	1.95e-18	1.88e-15	5.99e-13	7.68e-11	2.50e-09	4.52e-08	2.89e-07	1.35e-06	4.92e-06	1.95e-05	6.10e-05	2.06e-04	8.89e-04	4.52e-02	1.88e-01	3.57e-01	2.65e-01	1.10e-01	2.71e-02	5.44e-03	1.09e-03	5.97e-04	2.64e-05	4.28e-07
 5.69011e+22	0.00e+00	1.24e-26	4.57e-22	2.73e-18	2.57e-15	8.03e-13	1.01e-10	3.22e-09	5.70e-08	3.56e-07	1.63e-06	5.80e-06	2.24e-05	6.84e-05	2.26e-04	9.50e-04	4.72e-02	1.93e-01	3.60e-01	2.61e-01	1.05e-01	2.55e-02	5.02e-03	9.87e-04	5.33e-04	2.31e-05	3.65e-07
 5.71822e+22	0.00e+00	2.06e-26	7.38e-22	4.27e-18	3.90e-15	1.19e-12	1.45e-10	4.51e-09	7.76e-08	4.71e-07	2.09e-06	7.21e-06	2.70e-05	7.98e-05	2.55e-04	1.04e-03	5.01e-02	2.00e-01	3.64e-01	2.55e-01	9.98e-02	2.35e-02	4.50e-03	8.62e-04	4.58e-04	1.92e-05	2.95e-07
 5.74618e+22	0.00e+00	2.99e-26	1.04e-21	5.90e-18	5.27e-15	1.57e-12	1.89e-10	5.78e-09	9.71e-08	5.78e-07	2.51e-06	8.45e-06	3.09e-05	8.92e-05	2.78e-04	1.11e-03	5.23e-02	2.05e-01	3.66e-01	2.51e-01	9.59e-02	2.21e-02	4.15e-03	7.80e-04	4.10e-04	1.68e-05	2.52e-07
 5.77393e+22	0.00e+00	5.01e-26	1.69e-21	9.25e-18	8.00e-15	2.33e-12	2.73e-10	8.12e-09	1.32e-07	7.66e-07	3.22e-06	1.05e-05	3.73e-05	1.04e-04	3.14e-04	1.21e-03	5.54e-02	2.12e-01	3.69e-01	2.46e-01	9.06e-02	2.03e-02	3.71e-03	6.78e-04	3.50e-04	1.39e-05	2.02e-07
 5.80090e+22	0.00e+00	7.07e-26	2.33e-21	1.25e-17	1.06e-14	3.02e-12	3.48e-10	1.02e-08	1.63e-07	9.25e-07	3.81e-06	1.22e-05	4.23e-05	1.16e-04	3.40e-04	1.28e-03	5.76e-02	2.17e-01	3.71e-01	2.42e-01	8.72e-02	1.91e-02	3.44e-03	6.17e-04	3.15e-04	1.22e-05	1.74e-07
 5.82682e+22	0.00e+00	1.17e-25	3.71e-21	1.93e-17	1.58e-14	4.40e-12	4.96e-10	1.42e-08	2.20e-07	1.22e-06	4.87e-06	1.51e-05	5.08e-05	1.34e-04	3.82e-04	1.39e-03	6.08e-02	2.24e-01	3.74e-01	2.36e-01	8.23e-02	1.75e-02	3.07e-03	5.37e-04	2.70e-04	1.02e-05	1.40e-07
 5.85258e+22	0.00e+00	1.63e-25	5.08e-21	2.58e-17	2.07e-14	5.67e-12	6.29e-10	1.77e-08	2.70e-07	1.46e-06	5.74e-06	1.75e-05	5.74e-05	1.49e-04	4.14e-04	1.48e-03	6.31e-02	2.29e-01	3.75e-01	2.32e-01	7.91e-02	1.65e-02	2.84e-03	4.89e-04	2.43e-04	8.95e-06	0.00e+00
 5.87813e+22	0.00e+00	2.70e-25	8.09e-21	3.98e-17	3.09e-14	8.26e-12	8.96e-10	2.46e-08	3.65e-07	1.93e-06	7.34e-06	2.17e-05	6.90e-05	1.73e-04	4.65e-04	1.61e-03	6.66e-02	2.35e-01	3.77e-01	2.26e-01	7.44e-02	1.51e-02	2.53e-03	4.24e-04	2.07e-04	7.39e-06	0.00e+00
 5.90371e+22	0.00e+00	3.83e-25	1.12e-20	5.39e-17	4.10e-14	1.08e-11	1.15e-09	3.11e-08	4.51e-07	2.34e-06	8.72e-06	2.52e-05	7.85e-05	1.92e-04	5.05e-04	1.71e-03	6.92e-02	2.40e-01	3.78e-01	2.22e-01	7.12e-02	1.42e-02	2.33e-03	3.83e-04	1.85e-04	6.45e-06	0.00e+00
 5.92934e+22	0.00e+00	6.28e-25	1.77e-20	8.24e-17	6.07e-14	1.56e-11	1.63e-09	4.31e-08	6.08e-07	3.07e-06	1.11e-05	3.13e-05	9.42e-05	2.23e-04	5.67e-04	1.85e-03	7.29e-02	2.47e-01	3.80e-01	2.15e-01	6.69e-02	1.29e-02	2.07e-03	3.31e-04	1.57e-04	5.32e-06	0.00e+00
 5.95543e+22	0.00e+00	9.05e-25	2.49e-20	1.13e-16	8.13e-14	2.05e-11	2.10e-09	5.49e-08	7.60e-07	3.76e-06	1.33e-05	3.67e-05	1.08e-04	2.50e-04	6.18e-04	1.97e-03	7.58e-02	2.52e-01	3.80e-01	2.11e-01	6.38e-02	1.21e-02	1.90e-03	2.97e-04	1.40e-04	4.60e-06	0.00e+00
 5.98210e+22	0.00e+00	1.48e-24	3.93e-20	1.72e-16	1.20e-13	2.95e-11	2.97e-09	7.60e-08	1.02e-06	4.94e-06	1.70e-05	4.54e-05	1.29e-04	2.90e-04	6.94e-04	2.15e-03	7.98e-02	2.59e-01	3.81e-01	2.04e-01	5.97e-02	1.10e-02	1.68e-03	2.57e-04	1.18e-04	3.77e-06	0.00e+00
 6.00859e+22	0.00e+00	2.15e-24	5.54e-20	2.37e-16	1.61e-13	3.89e-11	3.86e-09	9.73e-08	1.28e-06	6.07e-06	2.05e-05	5.35e-05	1.49e-04	3.25e-04	7.58e-04	2.29e-03	8.29e-02	2.64e-01	3.81e-01	1.99e-01	5.67e-02	1.02e-02	1.53e-03	2.29e-04	1.04e-04	3.24e-06	0.00e+00
 6.03483e+22	0.00e+00	3.47e-24	8.64e-20	3.57e-16	2.35e-13	5.55e-11	5.41e-09	1.34e-07	1.72e-06	7.95e-06	2.61e-05	6.61e-05	1.78e-04	3.77e-04	8.50e-04	2.48e-03	8.71e-02	2.70e-01	3.81e-01	1.93e-01	5.30e-02	9.26e-03	1.35e-03	1.97e-04	8.82e-05	2.65e-06	0.00e+00
 6.06151e+22	0.00e+00	5.07e-24	1.23e-19	4.93e-16	3.16e-13	7.34e-11	7.07e-09	1.73e-07	2.17e-06	9.85e-06	3.16e-05	7.82e-05	2.05e-04	4.24e-04	9.31e-04	2.65e-03	9.06e-02	2.76e-01	3.81e-01	1.88e-01	5.01e-02	8.56e-03	1.23e-03	1.75e-04	7.72e-05	2.26e-06	0.00e+00
 6.08878e+22	0.00e+00	8.28e-24	1.93e-19	7.48e-16	4.65e-13	1.05e-10	9.98e-09	2.40e-07	2.94e-06	1.30e-05	4.05e-05	9.74e-05	2.48e-04	4.94e-04	1.05e-03	2.89e-03	9.53e-02	2.82e-01	3.81e-01	1.81e-01	4.66e-02	7.71e-03	1.08e-03	1.49e-04	6.47e-05	1.83e-06	0.00e+00
 6.11623e+22	0.00e+00	1.21e-23	2.72e-19	1.03e-15	6.23e-13	1.39e-10	1.30e-08	3.09e-07	3.72e-06	1.61e-05	4.91e-05	1.15e-04	2.86e-04	5.56e-04	1.15e-03	3.09e-03	9.91e-02	2.87e-01	3.80e-01	1.76e-01	4.39e-02	7.11e-03	9.71e-04	1.32e-04	5.63e-05	1.55e-06	0.00e+00
 6.14390e+22	0.00e+00	1.96e-23	4.25e-19	1.55e-15	9.09e-13	1.98e-10	1.83e-08	4.29e-07	5.03e-06	2.13e-05	6.31e-05	1.44e-04	3.45e-04	6.49e-04	1.29e-03	3.36e-03	1.04e-01	2.94e-01	3.79e-01	1.69e-01	4.06e-02	6.38e-03	8.47e-04	1.12e-04	4.69e-05	1.24e-06	0.00e+00
 6.17176e+22	0.00e+00	2.82e-23	5.96e-19	2.12e-15	1.21e-12	2.60e-10	2.37e-08	5.50e-07	6.34e-06	2.63e-05	7.64e-05	1.70e-04	3.98e-04	7.30e-04	1.42e-03	3.59e-03	1.08e-01	2.99e-01	3.77e-01	1.64e-01	3.82e-02	5.86e-03	7.63e-04	9.88e-05	4.08e-05	1.05e-06	0.00e+00
 6.19590e+22	0.00e+00	4.03e-23	8.26e-19	2.85e-15	1.59e-12	3.37e-10	3.05e-08	7.01e-07	7.93e-06	3.24e-05	9.21e-05	2.00e-04	4.58e-04	8.19e-04	1.55e-03	3.83e-03	1.12e-01	3.04e-01	3.76e-01	1.59e-01	3.60e-02	5.39e-03	6.88e-04	8.72e-05	3.55e-05	8.89e-07	0.00e+00
 6.22332e+22	0.00e+00	6.37e-23	1.26e-18	4.19e-15	2.26e-12	4.71e-10	4.22e-08	9.61e-07	1.06e-05	4.25e-05	1.17e-04	2.48e-04	5.49e-04	9.52e-04	1.74e-03	4.17e-03	1.18e-01	3.10e-01	3.73e-01	1.52e-01	3.32e-02	4.82e-03	5.99e-04	7.39e-05	2.95e-05	7.13e-07	0.00e+00
 6.25047e+22	0.00e+00	8.79e-23	1.69e-18	5.50e-15	2.91e-12	5.97e-10	5.32e-08	1.20e-06	1.31e-05	5.14e-05	1.39e-04	2.89e-04	6.24e-04	1.06e-03	1.89e-03	4.43e-03	1.22e-01	3.14e-01	3.71e-01	1.48e-01	3.13e-02	4.45e-03	5.43e-04	6.57e-05	2.59e-05	6.09e-07	0.00e+00
 6.27728e+22	0.00e+00	1.34e-22	2.48e-18	7.83e-15	4.03e-12	8.14e-10	7.20e-08	1.61e-06	1.72e-05	6.64e-05	1.75e-04	3.54e-04	7.41e-04	1.22e-03	2.11e-03	4.79e-03	1.27e-01	3.20e-01	3.69e-01	1.42e-01	2.89e-02	3.99e-03	4.74e-04	5.60e-05	2.16e-05	4.91e-07	0.00e+00
 6.30464e+22	0.00e+00	1.85e-22	3.33e-18	1.03e-14	5.16e-12	1.03e-09	9.07e-08	2.02e-06	2.12e-05	8.06e-05	2.09e-04	4.12e-04	8.45e-04	1.36e-03	2.29e-03	5.10e-03	1.32e-01	3.24e-01	3.66e-01	1.37e-01	2.71e-02	3.66e-03	4.28e-04	4.95e-05	1.89e-05	4.17e-07	0.00e+00
 6.33270e+22	0.00e+00	2.81e-22	4.87e-18	1.45e-14	7.09e-12	1.40e-09	1.22e-07	2.71e-06	2.79e-05	1.04e-04	2.63e-04	5.05e-04	1.00e-03	1.56e-03	2.56e-03	5.52e-03	1.38e-01	3.29e-01	3.62e-01	1.31e-01	2.49e-02	3.27e-03	3.72e-04	4.20e-05	1.57e-05	3.35e-07	0.00e+00
 6.36144e+22	0.00e+00	3.87e-22	6.53e-18	1.90e-14	9.09e-12	1.77e-09	1.54e-07	3.41e-06	3.45e-05	1.27e-04	3.14e-04	5.90e-04	1.15e-03	1.75e-03	2.78e-03	5.88e-03	1.43e-01	3.33e-01	3.59e-01	1.26e-01	2.33e-02	2.99e-03	3.34e-04	3.69e-05	1.36e-05	2.82e-07	0.00e+00
 6.39105e+22	0.00e+00	5.84e-22	9.50e-18	2.67e-14	1.24e-11	2.39e-09	2.08e-07	4.58e-06	4.55e-05	1.64e-04	3.96e-04	7.24e-04	1.36e-03	2.01e-03	3.11e-03	6.38e-03	1.49e-01	3.38e-01	3.54e-01	1.20e-01	2.13e-02	2.65e-03	2.89e-04	3.11e-05	1.12e-05	2.24e-07	0.00e+00
 6.42133e+22	0.00e+00	8.04e-22	1.27e-17	3.48e-14	1.59e-11	3.03e-09	2.63e-07	5.77e-06	5.63e-05	2.00e-04	4.73e-04	8.47e-04	1.56e-03	2.25e-03	3.39e-03	6.80e-03	1.54e-01	3.42e-01	3.50e-01	1.15e-01	1.99e-02	2.42e-03	2.58e-04	2.72e-05	9.68e-06	1.88e-07	0.00e+00
 6.45249e+22	0.00e+00	1.20e-21	1.83e-17	4.87e-14	2.16e-11	4.07e-09	3.54e-07	7.74e-06	7.41e-05	2.58e-04	5.95e-04	1.04e-03	1.85e-03	2.59e-03	3.78e-03	7.38e-03	1.61e-01	3.47e-01	3.45e-01	1.09e-01	1.81e-02	2.14e-03	2.22e-04	2.29e-05	7.97e-06	1.49e-07	0.00e+00
 6.48421e+22	0.00e+00	1.64e-21	2.44e-17	6.32e-14	2.75e-11	5.13e-09	4.46e-07	9.74e-06	9.19e-05	3.15e-04	7.12e-04	1.21e-03	2.11e-03	2.89e-03	4.12e-03	7.86e-03	1.67e-01	3.50e-01	3.40e-01	1.05e-01	1.68e-02	1.94e-03	1.97e-04	1.99e-05	6.83e-06	1.24e-07	0.00e+00
 6.51669e+22	0.00e+00	2.44e-21	3.48e-17	8.75e-14	3.72e-11	6.86e-09	5.97e-07	1.30e-05	1.21e-04	4.06e-04	8.95e-04	1.48e-03	2.50e-03	3.32e-03	4.59e-03	8.53e-03	1.74e-01	3.54e-01	3.34e-01	9.88e-02	1.53e-02	1.71e-03	1.69e-04	1.67e-05	5.60e-06	0.00e+00	0.00e+00
 6.54938e+22	0.00e+00	3.29e-21	4.57e-17	1.12e-13	4.68e-11	8.56e-09	7.46e-07	1.63e-05	1.48e-04	4.92e-04	1.06e-03	1.73e-03	2.84e-03	3.69e-03	4.98e-03	9.07e-03	1.80e-01	3.57e-01	3.29e-01	9.45e-02	1.42e-02	1.55e-03	1.51e-04	1.45e-05	4.80e-06	0.00e+00	0.00e+00
 6.58233e+22	2.13e-34	4.79e-21	6.43e-17	1.53e-13	6.25e-11	1.13e-08	9.91e-07	2.16e-05	1.94e-04	6.30e-04	1.33e-03	2.10e-03	3.36e-03	4.23e-03	5.54e-03	9.82e-03	1.88e-01	3.60e-01	3.22e-01	8.91e-02	1.28e-02	1.36e-03	1.29e-04	1.21e-05	3.93e-06	0.00e+00	0.00e+00
 6.61589e+22	2.99e-34	6.41e-21	8.38e-17	1.95e-13	7.82e-11	1.41e-08	1.23e-06	2.69e-05	2.37e-04	7.60e-04	1.57e-03	2.43e-03	3.80e-03	4.69e-03	6.00e-03	1.04e-02	1.94e-01	3.62e-01	3.16e-01	8.50e-02	1.19e-02	1.23e-03	1.15e-04	1.06e-05	3.38e-06	0.00e+00	0.00e+00
 6.64532e+22	4.14e-34	8.46e-21	1.08e-16	2.46e-13	9.68e-11	1.73e-08	1.52e-06	3.32e-05	2.88e-04	9.12e-04	1.85e-03	2.81e-03	4.28e-03	5.17e-03	6.48e-03	1.10e-02	2.00e-01	3.64e-01	3.10e-01	8.11e-02	1.10e-02	1.11e-03	1.02e-04	9.25e-06	2.90e-06	0.00e+00	0.00e+00
 6.67429e+22	5.68e-34	1.11e-20	1.38e-16	3.08e-13	1.19e-10	2.12e-08	1.87e-06	4.08e-05	3.50e-04	1.09e-03	2.17e-03	3.23e-03	4.82e-03	5.70e-03	6.98e-03	1.17e-02	2.06e-01	3.65e-01	3.04e-01	7.74e-02	1.02e-02	1.01e-03	9.07e-05	8.08e-06	2.50e-06	0.00e+00	0.00e+00
 6.70757e+22	8.50e-34	1.56e-20	1.88e-16	4.09e-13	1.55e-10	2.74e-08	2.43e-06	5.32e-05	4.48e-04	1.37e-03	2.67e-03	3.86e-03	5.61e-03	6.45e-03	7.69e-03	1.26e-02	2.13e-01	3.67e-01	2.96e-01	7.27e-02	9.24e-03	8.88e-04	7.78e-05	6.77e-06	2.05e-06	0.00e+00	0.00e+00
 6.74089e+22	1.15e-33	2.02e-20	2.38e-16	5.07e-13	1.90e-10	3.33e-08	2.96e-06	6.47e-05	5.37e-04	1.62e-03	3.10e-03	4.40e-03	6.26e-03	7.06e-03	8.24e-03	1.32e-02	2.19e-01	3.68e-01	2.90e-01	6.93e-02	8.58e-03	8.07e-04	6.95e-05	5.95e-06	1.78e-06	0.00e+00	0.00e+00
 6.77426e+22	1.69e-33	2.81e-20	3.20e-16	6.66e-13	2.45e-10	4.27e-08	3.82e-06	8.36e-05	6.81e-04	2.03e-03	3.78e-03	5.22e-03	7.22e-03	7.94e-03	9.02e-03	1.42e-02	2.27e-01	3.68e-01	2.82e-01	6.50e-02	7.76e-03	7.09e-04	5.97e-05	5.00e-06	1.46e-06	0.00e+00	0.00e+00
 6.80717e+22	2.23e-33	3.57e-20	3.98e-16	8.13e-13	2.95e-10	5.12e-08	4.59e-06	1.00e-04	8.08e-04	2.37e-03	4.35e-03	5.90e-03	7.99e-03	8.62e-03	9.62e-03	1.49e-02	2.32e-01	3.68e-01	2.75e-01	6.20e-02	7.21e-03	6.46e-04	5.35e-05	4.41e-06	1.27e-06	0.00e+00	0.00e+00
 6.83949e+22	3.20e-33	4.85e-20	5.25e-16	1.05e-12	3.73e-10	6.45e-08	5.83e-06	1.28e-04	1.01e-03	2.92e-03	5.23e-03	6.92e-03	9.14e-03	9.61e-03	1.05e-02	1.59e-02	2.39e-01	3.67e-01	2.67e-01	5.81e-02	6.52e-03	5.69e-04	4.61e-05	3.72e-06	1.05e-06	0.00e+00	0.00e+00
 6.87232e+22	4.23e-33	6.15e-20	6.53e-16	1.28e-12	4.50e-10	7.73e-08	7.01e-06	1.53e-04	1.20e-03	3.41e-03	6.00e-03	7.80e-03	1.01e-02	1.04e-02	1.11e-02	1.66e-02	2.44e-01	3.67e-01	2.60e-01	5.53e-02	6.05e-03	5.18e-04	4.12e-05	3.28e-06	9.16e-07	0.00e+00	0.00e+00
 6.90580e+22	6.04e-33	8.34e-20	8.59e-16	1.65e-12	5.69e-10	9.73e-08	8.89e-06	1.95e-04	1.49e-03	4.19e-03	7.20e-03	9.13e-03	1.15e-02	1.16e-02	1.21e-02	1.77e-02	2.51e-01	3.65e-01	2.51e-01	5.16e-02	5.45e-03	4.54e-04	3.54e-05	2.75e-06	7.56e-07	0.00e+00	0.00e+00
 6.93992e+22	7.99e-33	1.06e-19	1.07e-15	2.01e-12	6.87e-10	1.17e-07	1.07e-05	2.35e-04	1.77e-03	4.90e-03	8.27e-03	1.03e-02	1.27e-02	1.25e-02	1.28e-02	1.85e-02	2.56e-01	3.63e-01	2.44e-01	4.88e-02	5.03e-03	4.11e-04	3.15e-05	2.41e-06	6.52e-07	0.00e+00	0.00e+00
 6.97488e+22	1.14e-32	1.44e-19	1.41e-15	2.59e-12	8.71e-10	1.48e-07	1.36e-05	2.99e-04	2.21e-03	6.01e-03	9.92e-03	1.20e-02	1.44e-02	1.39e-02	1.39e-02	1.96e-02	2.63e-01	3.60e-01	2.35e-01	4.53e-02	4.51e-03	3.58e-04	2.68e-05	2.01e-06	5.34e-07	0.00e+00	0.00e+00
 7.01046e+22	1.51e-32	1.83e-19	1.76e-15	3.17e-12	1.05e-09	1.77e-07	1.64e-05	3.60e-04	2.63e-03	7.03e-03	1.14e-02	1.35e-02	1.59e-02	1.50e-02	1.47e-02	2.04e-02	2.67e-01	3.57e-01	2.27e-01	4.27e-02	4.14e-03	3.23e-04	2.38e-05	1.75e-06	4.58e-07	0.00e+00	0.00e+00
 7.04685e+22	1.07e-32	2.49e-19	2.32e-15	4.09e-12	1.34e-09	2.24e-07	2.09e-05	4.59e-04	3.28e-03	8.62e-03	1.36e-02	1.58e-02	1.80e-02	1.66e-02	1.58e-02	2.16e-02	2.73e-01	3.53e-01	2.17e-01	3.94e-02	3.68e-03	2.79e-04	2.01e-05	1.45e-06	3.73e-07	0.00e+00	0.00e+00
 7.08392e+22	1.42e-32	3.17e-19	2.89e-15	5.02e-12	1.62e-09	2.70e-07	2.53e-05	5.53e-04	3.89e-03	1.01e-02	1.56e-02	1.77e-02	1.98e-02	1.79e-02	1.68e-02	2.25e-02	2.77e-01	3.48e-01	2.09e-01	3.70e-02	3.36e-03	2.50e-04	1.77e-05	1.26e-06	3.18e-07	0.00e+00	0.00e+00
 7.12188e+22	2.03e-32	4.31e-19	3.83e-15	6.48e-12	2.06e-09	3.42e-07	3.23e-05	7.05e-04	4.86e-03	1.23e-02	1.86e-02	2.06e-02	2.24e-02	1.97e-02	1.80e-02	2.37e-02	2.81e-01	3.42e-01	1.99e-01	3.39e-02	2.97e-03	2.15e-04	1.49e-05	1.03e-06	2.56e-07	0.00e+00	0.00e+00
 7.15898e+22	2.64e-32	5.40e-19	4.70e-15	7.84e-12	2.46e-09	4.06e-07	3.83e-05	8.34e-04	5.65e-03	1.42e-02	2.10e-02	2.27e-02	2.43e-02	2.10e-02	1.88e-02	2.45e-02	2.84e-01	3.37e-01	1.91e-01	3.19e-02	2.73e-03	1.94e-04	1.32e-05	9.03e-07	2.21e-07	0.00e+00	0.00e+00
 7.19497e+22	3.67e-32	7.15e-19	6.05e-15	9.89e-12	3.06e-09	5.04e-07	4.79e-05	1.04e-03	6.93e-03	1.70e-02	2.47e-02	2.60e-02	2.71e-02	2.29e-02	2.00e-02	2.56e-02	2.87e-01	3.29e-01	1.81e-01	2.91e-02	2.41e-03	1.67e-04	1.11e-05	7.45e-07	1.79e-07	0.00e+00	0.00e+00
 7.23152e+22	4.77e-32	8.96e-19	7.45e-15	1.20e-11	3.66e-09	5.98e-07	5.69e-05	1.23e-03	8.05e-03	1.95e-02	2.78e-02	2.87e-02	2.93e-02	2.43e-02	2.09e-02	2.63e-02	2.88e-01	3.23e-01	1.73e-01	2.72e-02	2.20e-03	1.50e-04	9.82e-06	6.49e-07	1.54e-07	0.00e+00	0.00e+00
 7.26879e+22	6.61e-32	1.19e-18	9.60e-15	1.51e-11	4.56e-09	7.41e-07	7.09e-05	1.53e-03	9.80e-03	2.33e-02	3.23e-02	3.26e-02	3.24e-02	2.62e-02	2.20e-02	2.73e-02	2.89e-01	3.13e-01	1.63e-01	2.48e-02	1.94e-03	1.29e-04	8.26e-06	5.34e-07	1.24e-07	0.00e+00	0.00e+00
 7.30723e+22	8.67e-32	1.50e-18	1.19e-14	1.84e-11	5.47e-09	8.85e-07	8.49e-05	1.82e-03	1.15e-02	2.68e-02	3.65e-02	3.60e-02	3.51e-02	2.78e-02	2.29e-02	2.80e-02	2.89e-01	3.05e-01	1.55e-01	2.29e-02	1.74e-03	1.13e-04	7.15e-06	4.55e-07	0.00e+00	0.00e+00	0.00e+00
 7.34716e+22	1.21e-31	2.00e-18	1.55e-14	2.34e-11	6.87e-09	1.10e-06	1.06e-04	2.27e-03	1.39e-02	3.19e-02	4.24e-02	4.07e-02	3.86e-02	2.98e-02	2.40e-02	2.88e-02	2.88e-01	2.93e-01	1.44e-01	2.06e-02	1.52e-03	9.63e-05	5.95e-06	3.71e-07	0.00e+00	0.00e+00	0.00e+00
 7.38840e+22	1.61e-31	2.55e-18	1.93e-14	2.87e-11	8.31e-09	1.33e-06	1.28e-04	2.71e-03	1.64e-02	3.69e-02	4.78e-02	4.49e-02	4.16e-02	3.15e-02	2.49e-02	2.94e-02	2.86e-01	2.83e-01	1.35e-01	1.88e-02	1.35e-03	8.36e-05	5.07e-06	3.11e-07	0.00e+00	0.00e+00	0.00e+00
 7.43132e+22	2.29e-31	3.44e-18	2.53e-14	3.69e-11	1.05e-08	1.66e-06	1.60e-04	3.38e-03	1.99e-02	4.38e-02	5.53e-02	5.05e-02	4.55e-02	3.36e-02	2.59e-02	2.99e-02	2.81e-01	2.69e-01	1.24e-01	1.66e-02	1.16e-03	6.98e-05	4.14e-06	2.48e-07	0.00e+00	0.00e+00	0.00e+00
 7.47541e+22	3.05e-31	4.41e-18	3.17e-14	4.53e-11	1.28e-08	2.00e-06	1.93e-04	4.04e-03	2.33e-02	5.03e-02	6.22e-02	5.54e-02	4.87e-02	3.52e-02	2.66e-02	3.03e-02	2.76e-01	2.56e-01	1.15e-01	1.50e-02	1.01e-03	5.97e-05	3.48e-06	2.05e-07	0.00e+00	0.00e+00	0.00e+00
 7.52101e+22	4.37e-31	5.99e-18	4.19e-14	5.85e-11	1.62e-08	2.52e-06	2.42e-04	5.02e-03	2.82e-02	5.94e-02	7.13e-02	6.17e-02	5.27e-02	3.71e-02	2.73e-02	3.05e-02	2.69e-01	2.40e-01	1.04e-01	1.30e-02	8.50e-04	4.89e-05	2.78e-06	1.60e-07	0.00e+00	0.00e+00	0.00e+00
 7.56810e+22	5.88e-31	7.72e-18	5.27e-14	7.22e-11	1.97e-08	3.04e-06	2.92e-04	6.01e-03	3.30e-02	6.80e-02	7.96e-02	6.72e-02	5.60e-02	3.85e-02	2.77e-02	3.05e-02	2.61e-01	2.26e-01	9.47e-02	1.15e-02	7.30e-04	4.11e-05	2.29e-06	1.30e-07	0.00e+00	0.00e+00	0.00e+00
 7.61713e+22	8.48e-31	1.06e-17	7.00e-14	9.35e-11	2.50e-08	3.82e-06	3.66e-04	7.44e-03	3.97e-02	7.97e-02	9.05e-02	7.40e-02	5.98e-02	4.00e-02	2.80e-02	3.02e-02	2.49e-01	2.07e-01	8.38e-02	9.80e-03	5.99e-04	3.28e-05	1.78e-06	0.00e+00	0.00e+00	0.00e+00	0.00e+00
 7.66758e+22	1.15e-30	1.36e-17	8.82e-14	1.16e-10	3.05e-08	4.60e-06	4.40e-04	8.85e-03	4.60e-02	9.05e-02	1.00e-01	7.97e-02	6.28e-02	4.09e-02	2.81e-02	2.97e-02	2.38e-01	1.91e-01	7.49e-02	8.48e-03	5.03e-04	2.69e-05	1.43e-06	0.00e+00	0.00e+00	0.00e+00	0.00e+00
 7.71298e+22	1.53e-30	1.75e-17	1.10e-13	1.42e-10	3.68e-08	5.50e-06	5.23e-04	1.04e-02	5.27e-02	1.01e-01	1.09e-01	8.49e-02	6.53e-02	4.16e-02	2.79e-02	2.91e-02	2.26e-01	1.76e-01	6.69e-02	7.35e-03	4.24e-04	2.22e-05	1.16e-06	0.00e+00	0.00e+00	0.00e+00	0.00e+00
 7.76509e+22	2.20e-30	2.36e-17	1.44e-13	1.81e-10	4.61e-08	6.82e-06	6.49e-04	1.27e-02	6.26e-02	1.17e-01	1.22e-01	9.15e-02	6.81e-02	4.21e-02	2.74e-02	2.80e-02	2.09e-01	1.56e-01	5.68e-02	5.99e-03	3.32e-04	1.69e-05	8.59e-07	0.00e+00	0.00e+00	0.00e+00	0.00e+00
 7.81757e+22	2.91e-30	2.99e-17	1.79e-13	2.20e-10	5.51e-08	8.05e-06	7.61e-04	1.47e-02	7.06e-02	1.29e-01	1.31e-01	9.60e-02	6.97e-02	4.21e-02	2.69e-02	2.70e-02	1.95e-01	1.41e-01	5.00e-02	5.10e-03	2.76e-04	1.37e-05	6.83e-07	0.00e+00	0.00e+00	0.00e+00	0.00e+00
 7.87052e+22	4.09e-30	3.97e-17	2.31e-13	2.76e-10	6.81e-08	9.83e-06	9.26e-04	1.76e-02	8.20e-02	1.46e-01	1.43e-01	1.01e-01	7.11e-02	4.17e-02	2.58e-02	2.54e-02	1.77e-01	1.23e-01	4.16e-02	4.08e-03	2.12e-04	1.02e-05	4.98e-07	0.00e+00	0.00e+00	0.00e+00	0.00e+00
 7.92460e+22	5.36e-30	4.98e-17	2.82e-13	3.31e-10	8.04e-08	1.15e-05	1.08e-03	2.03e-02	9.17e-02	1.59e-01	1.52e-01	1.05e-01	7.16e-02	4.09e-02	2.48e-02	2.40e-02	1.62e-01	1.08e-01	3.56e-02	3.38e-03	1.70e-04	8.03e-06	3.82e-07	0.00e+00	0.00e+00	0.00e+00	0.00e+00
 7.98014e+22	7.48e-30	6.55e-17	3.60e-13	4.12e-10	9.82e-08	1.39e-05	1.29e-03	2.39e-02	1.05e-01	1.76e-01	1.63e-01	1.08e-01	7.15e-02	3.96e-02	2.34e-02	2.22e-02	1.43e-01	9.18e-02	2.89e-02	2.63e-03	1.28e-04	5.84e-06	2.71e-07	0.00e+00	0.00e+00	0.00e+00	0.00e+00
 8.03683e+22	9.72e-30	8.15e-17	4.36e-13	4.89e-10	1.15e-07	1.60e-05	1.49e-03	2.72e-02	1.16e-01	1.90e-01	1.71e-01	1.10e-01	7.07e-02	3.82e-02	2.20e-02	2.05e-02	1.28e-01	7.92e-02	2.41e-02	2.11e-03	9.93e-05	4.43e-06	2.01e-07	0.00e+00	0.00e+00	0.00e+00	0.00e+00
 8.08728e+22	1.25e-29	9.99e-17	5.21e-13	5.73e-10	1.33e-07	1.84e-05	1.71e-03	3.07e-02	1.27e-01	2.03e-01	1.77e-01	1.11e-01	6.94e-02	3.66e-02	2.06e-02	1.89e-02	1.14e-01	6.80e-02	2.00e-02	1.69e-03	7.71e-05	3.36e-06	1.49e-07	0.00e+00	0.00e+00	0.00e+00	0.00e+00
 8.14513e+22	1.69e-29	1.28e-16	6.47e-13	6.94e-10	1.58e-07	2.17e-05	2.01e-03	3.55e-02	1.42e-01	2.19e-01	1.85e-01	1.11e-01	6.71e-02	3.42e-02	1.87e-02	1.68e-02	9.70e-02	5.52e-02	1.55e-02	1.25e-03	5.48e-05	2.31e-06	0.00e+00	0.00e+00	0.00e+00	0.00e+00	0.00e+00
 8.19958e+22	2.07e-29	1.52e-16	7.51e-13	7.93e-10	1.79e-07	2.42e-05	2.23e-03	3.89e-02	1.51e-01	2.29e-01	1.88e-01	1.11e-01	6.52e-02	3.25e-02	1.74e-02	1.55e-02	8.69e-02	4.79e-02	1.30e-02	1.02e-03	4.38e-05	1.81e-06	0.00e+00	0.00e+00	0.00e+00	0.00e+00	0.00e+00
 8.24961e+22	2.62e-29	1.83e-16	8.82e-13	9.13e-10	2.04e-07	2.74e-05	2.53e-03	4.36e-02	1.64e-01	2.42e-01	1.92e-01	1.09e-01	6.23e-02	3.02e-02	1.58e-02	1.38e-02	7.42e-02	3.92e-02	1.02e-02	7.72e-04	3.18e-05	1.27e-06	0.00e+00	0.00e+00	0.00e+00	0.00e+00	0.00e+00
 8.30024e+22	3.18e-29	2.15e-16	1.01e-12	1.03e-09	2.28e-07	3.04e-05	2.80e-03	4.75e-02	1.74e-01	2.51e-01	1.94e-01	1.07e-01	5.99e-02	2.84e-02	1.45e-02	1.26e-02	6.56e-02	3.35e-02	8.50e-03	6.21e-04	2.49e-05	9.78e-07	0.00e+00	0.00e+00	0.00e+00	0.00e+00	0.00e+00
 8.35167e+22	3.99e-29	2.58e-16	1.18e-12	1.18e-09	2.59e-07	3.43e-05	3.15e-03	5.27e-02	1.86e-01	2.61e-01	1.96e-01	1.05e-01	5.65e-02	2.60e-02	1.30e-02	1.10e-02	5.53e-02	2.71e-02	6.59e-03	4.61e-04	1.79e-05	6.81e-07	0.00e+00	0.00e+00	0.00e+00	0.00e+00	0.00e+00
 8.40420e+22	4.78e-29	2.99e-16	1.34e-12	1.32e-09	2.87e-07	3.77e-05	3.47e-03	5.72e-02	1.97e-01	2.69e-01	1.96e-01	1.02e-01	5.35e-02	2.41e-02	1.18e-02	9.90e-03	4.79e-02	2.26e-02	5.32e-03	3.60e-04	1.35e-05	5.04e-07	0.00e+00	0.00e+00	0.00e+00	0.00e+00	0.00e+00
 8.45818e+22	5.93e-29	3.56e-16	1.55e-12	1.50e-09	3.24e-07	4.24e-05	3.90e-03	6.33e-02	2.10e-01	2.78e-01	1.96e-01	9.77e-02	4.96e-02	2.16e-02	1.03e-02	8.54e-03	3.95e-02	1.78e-02	4.00e-03	2.59e-04	9.35e-06	3.37e-07	0.00e+00	0.00e+00	0.00e+00	0.00e+00	0.00e+00
 8.51249e+22	7.04e-29	4.10e-16	1.75e-12	1.67e-09	3.58e-07	4.65e-05	4.27e-03	6.82e-02	2.19e-01	2.84e-01	1.94e-01	9.43e-02	4.66e-02	1.98e-02	9.23e-03	7.59e-03	3.39e-02	1.47e-02	3.20e-03	2.00e-04	7.03e-06	2.48e-07	0.00e+00	0.00e+00	0.00e+00	0.00e+00	0.00e+00
 8.56720e+22	8.61e-29	4.84e-16	2.01e-12	1.89e-09	4.02e-07	5.20e-05	4.77e-03	7.50e-02	2.32e-01	2.91e-01	1.91e-01	8.94e-02	4.27e-02	1.76e-02	7.97e-03	6.47e-03	2.76e-02	1.14e-02	2.37e-03	1.42e-04	4.78e-06	1.63e-07	0.00e+00	0.00e+00	0.00e+00	0.00e+00	0.00e+00
 8.62299e+22	1.01e-28	5.52e-16	2.25e-12	2.09e-09	4.43e-07	5.69e-05	5.22e-03	8.06e-02	2.42e-01	2.96e-01	1.89e-01	8.54e-02	3.96e-02	1.59e-02	7.06e-03	5.68e-03	2.33e-02	9.29e-03	1.86e-03	1.07e-04	3.50e-06	1.16e-07	0.00e+00	0.00e+00	0.00e+00	0.00e+00	0.00e+00
 8.68016e+22	1.22e-28	6.48e-16	2.57e-12	2.36e-09	4.99e-07	6.38e-05	5.84e-03	8.84e-02	2.54e-01	3.00e-01	1.84e-01	7.99e-02	3.57e-02	1.39e-02	5.99e-03	4.76e-03	1.86e-02	7.03e-03	1.34e-03	7.33e-05	2.31e-06	0.00e+00	0.00e+00	0.00e+00	0.00e+00	0.00e+00	0.00e+00
 8.73847e+22	1.42e-28	7.37e-16	2.86e-12	2.60e-09	5.49e-07	6.99e-05	6.38e-03	9.50e-02	2.63e-01	3.03e-01	1.80e-01	7.55e-02	3.27e-02	1.24e-02	5.22e-03	4.12e-03	1.54e-02	5.61e-03	1.03e-03	5.40e-05	1.64e-06	0.00e+00	0.00e+00	0.00e+00	0.00e+00	0.00e+00	0.00e+00
 8.79824e+22	1.69e-28	8.61e-16	3.26e-12	2.94e-09	6.21e-07	7.86e-05	7.15e-03	1.04e-01	2.75e-01	3.06e-01	1.74e-01	6.97e-02	2.90e-02	1.06e-02	4.35e-03	3.40e-03	1.21e-02	4.15e-03	7.22e-04	3.60e-05	1.05e-06	0.00e+00	0.00e+00	0.00e+00	0.00e+00	0.00e+00	0.00e+00
 8.85862e+22	1.95e-28	9.74e-16	3.62e-12	3.24e-09	6.86e-07	8.63e-05	7.81e-03	1.12e-01	2.84e-01	3.07e-01	1.68e-01	6.53e-02	2.63e-02	9.34e-03	3.75e-03	2.91e-03	9.89e-03	3.26e-03	5.45e-04	2.61e-05	7.36e-07	0.00e+00	0.00e+00	0.00e+00	0.00e+00	0.00e+00	0.00e+00
 8.90964e+22	2.19e-28	1.09e-15	3.96e-12	3.53e-09	7.52e-07	9.41e-05	8.46e-03	1.19e-01	2.92e-01	3.07e-01	1.63e-01	6.12e-02	2.40e-02	8.29e-03	3.26e-03	2.52e-03	8.22e-03	2.60e-03	4.19e-04	1.93e-05	5.28e-07	0.00e+00	0.00e+00	0.00e+00	0.00e+00	0.00e+00	0.00e+00
 8.96514e+22	2.52e-28	1.24e-15	4.44e-12	3.95e-09	8.46e-07	1.05e-04	9.37e-03	1.28e-01	3.02e-01	3.06e-01	1.56e-01	5.62e-02	2.12e-02	7.09e-03	2.72e-03	2.09e-03	6.47e-03	1.95e-03	2.99e-04	1.31e-05	3.45e-07	0.00e+00	0.00e+00	0.00e+00	0.00e+00	0.00e+00	0.00e+00
 9.02085e+22	2.82e-28	1.38e-15	4.87e-12	4.32e-09	9.31e-07	1.15e-04	1.02e-02	1.36e-01	3.09e-01	3.05e-01	1.51e-01	5.24e-02	1.92e-02	6.25e-03	2.35e-03	1.80e-03	5.34e-03	1.54e-03	2.28e-04	9.60e-06	2.45e-07	0.00e+00	0.00e+00	0.00e+00	0.00e+00	0.00e+00	0.00e+00
 9.07528e+22	3.18e-28	1.57e-15	5.42e-12	4.83e-09	1.05e-06	1.28e-04	1.12e-02	1.47e-01	3.17e-01	3.03e-01	1.44e-01	4.79e-02	1.69e-02	5.34e-03	1.96e-03	1.49e-03	4.22e-03	1.16e-03	1.64e-04	6.56e-06	1.62e-07	0.00e+00	0.00e+00	0.00e+00	0.00e+00	0.00e+00	0.00e+00
 9.13080e+22	3.54e-28	1.75e-15	5.97e-12	5.32e-09	1.16e-06	1.41e-04	1.21e-02	1.56e-01	3.23e-01	3.00e-01	1.37e-01	4.42e-02	1.51e-02	4.65e-03	1.67e-03	1.27e-03	3.43e-03	9.02e-04	1.22e-04	4.71e-06	0.00e+00	0.00e+00	0.00e+00	0.00e+00	0.00e+00	0.00e+00	0.00e+00
 9.18524e+22	3.91e-28	1.97e-15	6.63e-12	5.94e-09	1.31e-06	1.57e-04	1.33e-02	1.66e-01	3.30e-01	2.96e-01	1.30e-01	4.03e-02	1.33e-02	3.97e-03	1.40e-03	1.05e-03	2.71e-03	6.80e-04	8.83e-05	3.24e-06	0.00e+00	0.00e+00	0.00e+00	0.00e+00	0.00e+00	0.00e+00	0.00e+00
 9.24083e+22	4.29e-28	2.20e-15	7.33e-12	6.62e-09	1.47e-06	1.74e-04	1.45e-02	1.77e-01	3.36e-01	2.92e-01	1.24e-01	3.69e-02	1.18e-02	3.42e-03	1.18e-03	8.86e-04	2.18e-03	5.21e-04	6.49e-05	2.28e-06	0.00e+00	0.00e+00	0.00e+00	0.00e+00	0.00e+00	0.00e+00	0.00e+00
 9.29563e+22	4.72e-28	2.48e-15	8.16e-12	7.42e-09	1.67e-06	1.94e-04	1.58e-02	1.88e-01	3.41e-01	2.87e-01	1.17e-01	3.36e-02	1.04e-02	2.92e-03	9.83e-04	7.38e-04	1.73e-03	3.94e-04	4.70e-05	1.58e-06	0.00e+00	0.00e+00	0.00e+00	0.00e+00	0.00e+00	0.00e+00	0.00e+00
 9.35084e+22	5.17e-28	2.78e-15	9.07e-12	8.32e-09	1.89e-06	2.15e-04	1.73e-02	2.00e-01	3.45e-01	2.82e-01	1.11e-01	3.05e-02	9.10e-03	2.49e-03	8.22e-04	6.16e-04	1.37e-03	3.00e-04	3.43e-05	1.10e-06	0.00e+00	0.00e+00	0.00e+00	0.00e+00	0.00e+00	0.00e+00	0.00e+00
 9.40540e+22	5.66e-28	3.12e-15	1.01e-11	9.36e-09	2.14e-06	2.40e-04	1.88e-02	2.12e-01	3.49e-01	2.76e-01	1.04e-01	2.77e-02	7.99e-03	2.13e-03	6.87e-04	5.13e-04	1.09e-03	2.27e-04	2.49e-05	7.67e-07	0.00e+00	0.00e+00	0.00e+00	0.00e+00	0.00e+00	0.00e+00	0.00e+00
 9.45985e+22	6.18e-28	3.50e-15	1.13e-11	1.06e-08	2.43e-06	2.67e-04	2.04e-02	2.24e-01	3.52e-01	2.69e-01	9.82e-02	2.51e-02	7.00e-03	1.81e-03	5.74e-04	4.27e-04	8.66e-04	1.72e-04	1.81e-05	5.34e-07	0.00e+00	0.00e+00	0.00e+00	0.00e+00	0.00e+00	0.00e+00	0.00e+00
 9.51437e+22	6.77e-28	3.95e-15	1.27e-11	1.20e-08	2.77e-06	2.98e-04	2.22e-02	2.36e-01	3.54e-01	2.63e-01	9.22e-02	2.27e-02	6.12e-03	1.54e-03	4.79e-04	3.54e-04	6.86e-04	1.30e-04	1.32e-05	3.71e-07	0.00e+00	0.00e+00	0.00e+00	0.00e+00	0.00e+00	0.00e+00	0.00e+00
 9.56908e+22	7.43e-28	4.46e-15	1.42e-11	1.36e-08	3.16e-06	3.32e-04	2.40e-02	2.49e-01	3.56e-01	2.55e-01	8.63e-02	2.05e-02	5.34e-03	1.31e-03	3.99e-04	2.93e-04	5.43e-04	9.87e-05	9.55e-06	2.58e-07	0.00e+00	0.00e+00	0.00e+00	0.00e+00	0.00e+00	0.00e+00	0.00e+00
 9.62405e+22	8.19e-28	5.05e-15	1.61e-11	1.56e-08	3.62e-06	3.71e-04	2.61e-02	2.63e-01	3.57e-01	2.48e-01	8.06e-02	1.84e-02	4.65e-03	1.11e-03	3.32e-04	2.43e-04	4.29e-04	7.44e-05	6.91e-06	1.79e-07	0.00e+00	0.00e+00	0.00e+00	0.00e+00	0.00e+00	0.00e+00	0.00e+00
 9.67949e+22	9.09e-28	5.74e-15	1.83e-11	1.79e-08	4.15e-06	4.14e-04	2.82e-02	2.76e-01	3.57e-01	2.40e-01	7.52e-02	1.66e-02	4.05e-03	9.40e-04	2.76e-04	2.00e-04	3.38e-04	5.60e-05	4.98e-06	1.23e-07	0.00e+00	0.00e+00	0.00e+00	0.00e+00	0.00e+00	0.00e+00	0.00e+00
 9.73553e+22	1.02e-27	6.55e-15	2.09e-11	2.07e-08	4.77e-06	4.64e-04	3.06e-02	2.90e-01	3.57e-01	2.32e-01	6.99e-02	1.48e-02	3.51e-03	7.94e-04	2.28e-04	1.64e-04	2.65e-04	4.19e-05	3.58e-06	0.00e+00	0.00e+00	0.00e+00	0.00e+00	0.00e+00	0.00e+00	0.00e+00	0.00e+00
 9.79188e+22	1.14e-27	7.50e-15	2.39e-11	2.39e-08	5.49e-06	5.19e-04	3.31e-02	3.04e-01	3.56e-01	2.24e-01	6.49e-02	1.33e-02	3.04e-03	6.71e-04	1.90e-04	1.35e-04	2.08e-04	3.15e-05	2.58e-06	0.00e+00	0.00e+00	0.00e+00	0.00e+00	0.00e+00	0.00e+00	0.00e+00	0.00e+00
 9.84911e+22	1.30e-27	8.64e-15	2.76e-11	2.79e-08	6.35e-06	5.82e-04	3.58e-02	3.19e-01	3.54e-01	2.15e-01	6.00e-02	1.18e-02	2.62e-03	5.63e-04	1.56e-04	1.10e-04	1.62e-04	2.34e-05	1.84e-06	0.00e+00	0.00e+00	0.00e+00	0.00e+00	0.00e+00	0.00e+00	0.00e+00	0.00e+00
 9.90694e+22	1.50e-27	9.99e-15	3.20e-11	3.25e-08	7.33e-06	6.52e-04	3.87e-02	3.33e-01	3.51e-01	2.07e-01	5.54e-02	1.06e-02	2.27e-03	4.75e-04	1.29e-04	9.04e-05	1.27e-04	1.75e-05	1.32e-06	0.00e+00	0.00e+00	0.00e+00	0.00e+00	0.00e+00	0.00e+00	0.00e+00	0.00e+00
 9.96592e+22	1.80e-27	1.17e-14	3.75e-11	3.83e-08	8.52e-06	7.34e-04	4.19e-02	3.48e-01	3.48e-01	1.98e-01	5.10e-02	9.37e-03	1.94e-03	3.96e-04	1.06e-04	7.33e-05	9.84e-05	1.29e-05	9.32e-07	0.00e+00	0.00e+00	0.00e+00	0.00e+00	0.00e+00	0.00e+00	0.00e+00	0.00e+00
 1.00259e+23	2.13e-27	1.36e-14	4.40e-11	4.51e-08	9.88e-06	8.24e-04	4.52e-02	3.63e-01	3.44e-01	1.89e-01	4.69e-02	8.31e-03	1.67e-03	3.32e-04	8.74e-05	5.96e-05	7.65e-05	9.58e-06	6.63e-07	0.00e+00	0.00e+00	0.00e+00	0.00e+00	0.00e+00	0.00e+00	0.00e+00	0.00e+00
 1.00809e+23	2.48e-27	1.56e-14	5.05e-11	5.19e-08	1.12e-05	9.09e-04	4.81e-02	3.76e-01	3.40e-01	1.82e-01	4.36e-02	7.51e-03	1.47e-03	2.86e-04	7.43e-05	5.00e-05	6.19e-05	7.45e-06	4.98e-07	0.00e+00	0.00e+00	0.00e+00	0.00e+00	0.00e+00	0.00e+00	0.00e+00	0.00e+00
 1.01384e+23	3.02e-27	1.85e-14	6.04e-11	6.21e-08	1.31e-05	1.03e-03	5.21e-02	3.91e-01	3.35e-01	1.73e-01	3.97e-02	6.59e-03	1.24e-03	2.37e-04	6.03e-05	4.00e-05	4.72e-05	5.40e-06	3.45e-07	0.00e+00	0.00e+00	0.00e+00	0.00e+00	0.00e+00	0.00e+00	0.00e+00	0.00e+00
 1.01967e+23	3.61e-27	2.14e-14	7.02e-11	7.20e-08	1.49e-05	1.14e-03	5.55e-02	4.04e-01	3.30e-01	1.65e-01	3.68e-02	5.93e-03	1.09e-03	2.04e-04	5.11e-05	3.35e-05	3.81e-05	4.18e-06	2.58e-07	0.00e+00	0.00e+00	0.00e+00	0.00e+00	0.00e+00	0.00e+00	0.00e+00	0.00e+00
 1.02569e+23	4.56e-27	2.59e-14	8.54e-11	8.73e-08	1.76e-05	1.29e-03	6.01e-02	4.20e-01	3.24e-01	1.56e-01	3.32e-02	5.17e-03	9.17e-04	1.67e-04	4.12e-05	2.66e-05	2.88e-05	3.00e-06	1.77e-07	0.00e+00	0.00e+00	0.00e+00	0.00e+00	0.00e+00	0.00e+00	0.00e+00	0.00e+00
 1.03172e+23	5.53e-27	3.01e-14	9.98e-11	1.01e-07	2.01e-05	1.42e-03	6.39e-02	4.31e-01	3.18e-01	1.49e-01	3.07e-02	4.65e-03	8.03e-04	1.44e-04	3.50e-05	2.22e-05	2.32e-05	2.33e-06	1.33e-07	0.00e+00	0.00e+00	0.00e+00	0.00e+00	0.00e+00	0.00e+00	0.00e+00	0.00e+00
 1.03776e+23	7.13e-27	3.66e-14	1.22e-10	1.23e-07	2.37e-05	1.62e-03	6.90e-02	4.46e-01	3.10e-01	1.40e-01	2.77e-02	4.05e-03	6.75e-04	1.18e-04	2.82e-05	1.76e-05	1.76e-05	1.67e-06	0.00e+00	0.00e+00	0.00e+00	0.00e+00	0.00e+00	0.00e+00	0.00e+00	0.00e+00	0.00e+00
 1.04382e+23	8.78e-27	4.28e-14	1.44e-10	1.43e-07	2.69e-05	1.78e-03	7.32e-02	4.58e-01	3.04e-01	1.33e-01	2.56e-02	3.64e-03	5.92e-04	1.02e-04	2.40e-05	1.48e-05	1.42e-05	1.30e-06	0.00e+00	0.00e+00	0.00e+00	0.00e+00	0.00e+00	0.00e+00	0.00e+00	0.00e+00	0.00e+00
 1.04991e+23	1.15e-26	5.24e-14	1.77e-10	1.74e-07	3.16e-05	2.02e-03	7.88e-02	4.72e-01	2.96e-01	1.25e-01	2.30e-02	3.16e-03	4.97e-04	8.38e-05	1.95e-05	1.17e-05	1.08e-05	9.39e-07	0.00e+00	0.00e+00	0.00e+00	0.00e+00	0.00e+00	0.00e+00	0.00e+00	0.00e+00	0.00e+00
 1.05607e+23	1.44e-26	6.17e-14	2.09e-10	2.03e-07	3.60e-05	2.22e-03	8.34e-02	4.82e-01	2.89e-01	1.19e-01	2.11e-02	2.84e-03	4.35e-04	7.21e-05	1.65e-05	9.83e-06	8.73e-06	7.30e-07	0.00e+00	0.00e+00	0.00e+00	0.00e+00	0.00e+00	0.00e+00	0.00e+00	0.00e+00	0.00e+00
 1.06232e+23	1.93e-26	7.62e-14	2.60e-10	2.48e-07	4.24e-05	2.52e-03	8.97e-02	4.95e-01	2.80e-01	1.11e-01	1.89e-02	2.46e-03	3.64e-04	5.93e-05	1.34e-05	7.79e-06	6.61e-06	5.25e-07	0.00e+00	0.00e+00	0.00e+00	0.00e+00	0.00e+00	0.00e+00	0.00e+00	0.00e+00	0.00e+00
 1.06865e+23	2.45e-26	9.03e-14	3.10e-10	2.90e-07	4.83e-05	2.77e-03	9.49e-02	5.05e-01	2.73e-01	1.05e-01	1.74e-02	2.20e-03	3.18e-04	5.09e-05	1.13e-05	6.51e-06	5.33e-06	4.06e-07	0.00e+00	0.00e+00	0.00e+00	0.00e+00	0.00e+00	0.00e+00	0.00e+00	0.00e+00	0.00e+00
 1.07509e+23	3.34e-26	1.13e-13	3.90e-10	3.56e-07	5.71e-05	3.14e-03	1.02e-01	5.17e-01	2.63e-01	9.77e-02	1.55e-02	1.90e-03	2.65e-04	4.17e-05	9.13e-06	5.14e-06	4.02e-06	2.91e-07	0.00e+00	0.00e+00	0.00e+00	0.00e+00	0.00e+00	0.00e+00	0.00e+00	0.00e+00	0.00e+00
 1.08164e+23	4.31e-26	1.35e-13	4.68e-10	4.19e-07	6.51e-05	3.47e-03	1.08e-01	5.25e-01	2.55e-01	9.22e-02	1.41e-02	1.69e-03	2.30e-04	3.57e-05	7.71e-06	4.27e-06	3.23e-06	2.24e-07	0.00e+00	0.00e+00	0.00e+00	0.00e+00	0.00e+00	0.00e+00	0.00e+00	0.00e+00	0.00e+00
