#depth	Ar	Ar+	Ar+2	Ar+3	Ar+4	Ar+5	Ar+6	Ar+7	Ar+8	Ar+9	Ar+10	Ar+11	Ar+12	Ar+13	Ar+14	Ar+15	Ar+16	Ar+17	Ar+18
 4.62852e+21	0.00e+00	0.00e+00	0.00e+00	0.00e+00	0.00e+00	0.00e+00	0.00e+00	0.00e+00	0.00e+00	0.00e+00	2.71e-26	2.44e-22	1.34e-18	3.36e-15	5.20e-12	8.11e-09	2.16e-05	8.09e-03	9.92e-01
 1.05206e+22	0.00e+00	0.00e+00	0.00e+00	0.00e+00	0.00e+00	0.00e+00	0.00e+00	0.00e+00	0.00e+00	3.23e-29	4.71e-25	2.94e-21	1.13e-17	2.04e-14	2.21e-11	2.40e-08	4.44e-05	1.16e-02	9.88e-01
 1.26185e+22	0.00e+00	0.00e+00	0.00e+00	0.00e+00	0.00e+00	0.00e+00	0.00e+00	0.00e+00	0.00e+00	2.68e-28	3.08e-24	1.52e-20	4.66e-17	6.67e-14	5.68e-11	4.87e-08	7.11e-05	1.46e-02	9.85e-01
 1.41200e+22	0.00e+00	0.00e+00	0.00e+00	0.00e+00	0.00e+00	0.00e+00	0.00e+00	0.00e+00	0.00e+00	1.48e-27	1.40e-23	5.71e-20	1.45e-16	1.72e-13	1.21e-10	8.57e-08	1.04e-04	1.77e-02	9.82e-01
 1.50849e+22	0.00e+00	0.00e+00	0.00e+00	0.00e+00	0.00e+00	0.00e+00	0.00e+00	0.00e+00	0.00e+00	3.04e-27	2.67e-23	1.00e-19	2.34e-16	2.56e-13	1.67e-10	1.09e-07	1.22e-04	1.91e-02	9.81e-01
 1.57691e+22	0.00e+00	0.00e+00	0.00e+00	0.00e+00	0.00e+00	0.00e+00	0.00e+00	0.00e+00	4.73e-31	8.45e-27	6.59e-23	2.21e-19	4.61e-16	4.50e-13	2.61e-10	1.53e-07	1.52e-04	2.13e-02	9.79e-01
 1.64682e+22	0.00e+00	0.00e+00	0.00e+00	0.00e+00	0.00e+00	0.00e+00	0.00e+00	0.00e+00	1.15e-30	1.88e-26	1.34e-22	4.10e-19	7.84e-16	6.99e-13	3.72e-10	1.99e-07	1.81e-04	2.33e-02	9.77e-01
 1.70119e+22	0.00e+00	0.00e+00	0.00e+00	0.00e+00	0.00e+00	0.00e+00	0.00e+00	0.00e+00	2.12e-30	3.25e-26	2.18e-22	6.28e-19	1.13e-15	9.46e-13	4.73e-10	2.38e-07	2.04e-04	2.47e-02	9.75e-01
 1.75442e+22	0.00e+00	0.00e+00	0.00e+00	0.00e+00	0.00e+00	0.00e+00	0.00e+00	0.00e+00	5.14e-30	7.21e-26	4.41e-22	1.17e-18	1.92e-15	1.47e-12	6.75e-10	3.11e-07	2.44e-04	2.69e-02	9.73e-01
 1.80661e+22	0.00e+00	0.00e+00	0.00e+00	0.00e+00	0.00e+00	0.00e+00	0.00e+00	0.00e+00	9.27e-30	1.22e-25	7.06e-22	1.76e-18	2.73e-15	1.97e-12	8.52e-10	3.70e-07	2.74e-04	2.85e-02	9.71e-01
 1.85745e+22	0.00e+00	0.00e+00	0.00e+00	0.00e+00	0.00e+00	0.00e+00	0.00e+00	0.00e+00	2.06e-29	2.51e-25	1.34e-21	3.08e-18	4.39e-15	2.93e-12	1.17e-09	4.69e-07	3.20e-04	3.08e-02	9.69e-01
 1.90999e+22	0.00e+00	0.00e+00	0.00e+00	0.00e+00	0.00e+00	0.00e+00	0.00e+00	0.00e+00	4.11e-29	4.66e-25	2.31e-21	4.97e-18	6.61e-15	4.12e-12	1.54e-09	5.75e-07	3.67e-04	3.30e-02	9.67e-01
 1.95724e+22	0.00e+00	0.00e+00	0.00e+00	0.00e+00	0.00e+00	0.00e+00	0.00e+00	0.00e+00	7.98e-29	8.46e-25	3.92e-21	7.88e-18	9.81e-15	5.72e-12	2.00e-09	6.99e-07	4.18e-04	3.51e-02	9.64e-01
 2.01117e+22	0.00e+00	0.00e+00	0.00e+00	0.00e+00	0.00e+00	0.00e+00	0.00e+00	0.00e+00	1.93e-28	1.87e-24	7.92e-21	1.46e-17	1.66e-14	8.85e-12	2.83e-09	9.08e-07	4.97e-04	3.82e-02	9.61e-01
 2.06437e+22	0.00e+00	0.00e+00	0.00e+00	0.00e+00	0.00e+00	0.00e+00	0.00e+00	0.00e+00	3.52e-28	3.21e-24	1.28e-20	2.21e-17	2.37e-14	1.19e-11	3.58e-09	1.08e-06	5.59e-04	4.05e-02	9.59e-01
 2.11661e+22	0.00e+00	0.00e+00	0.00e+00	0.00e+00	0.00e+00	0.00e+00	0.00e+00	0.00e+00	7.98e-28	6.68e-24	2.45e-20	3.90e-17	3.85e-14	1.78e-11	4.94e-09	1.38e-06	6.55e-04	4.38e-02	9.56e-01
 2.17058e+22	0.00e+00	0.00e+00	0.00e+00	0.00e+00	0.00e+00	0.00e+00	0.00e+00	0.00e+00	1.62e-27	1.26e-23	4.30e-20	6.38e-17	5.86e-14	2.53e-11	6.53e-09	1.70e-06	7.52e-04	4.68e-02	9.52e-01
 2.21836e+22	0.00e+00	0.00e+00	0.00e+00	0.00e+00	0.00e+00	0.00e+00	0.00e+00	1.17e-31	3.13e-27	2.27e-23	7.26e-20	1.01e-16	8.65e-14	3.49e-11	8.46e-09	2.06e-06	8.55e-04	4.99e-02	9.49e-01
 2.27206e+22	0.00e+00	0.00e+00	0.00e+00	0.00e+00	0.00e+00	0.00e+00	0.00e+00	3.07e-31	7.51e-27	4.99e-23	1.46e-19	1.85e-16	1.45e-13	5.37e-11	1.19e-08	2.67e-06	1.01e-03	5.42e-02	9.45e-01
 2.32569e+22	0.00e+00	0.00e+00	0.00e+00	0.00e+00	0.00e+00	0.00e+00	0.00e+00	6.02e-31	1.38e-26	8.62e-23	2.36e-19	2.82e-16	2.08e-13	7.25e-11	1.52e-08	3.19e-06	1.14e-03	5.73e-02	9.42e-01
 2.37003e+22	0.00e+00	0.00e+00	0.00e+00	0.00e+00	0.00e+00	0.00e+00	0.00e+00	1.16e-30	2.50e-26	1.47e-22	3.79e-19	4.26e-16	2.96e-13	9.71e-11	1.91e-08	3.79e-06	1.28e-03	6.06e-02	9.38e-01
 2.41088e+22	0.00e+00	0.00e+00	0.00e+00	0.00e+00	0.00e+00	0.00e+00	0.00e+00	2.16e-30	4.38e-26	2.43e-22	5.92e-19	6.28e-16	4.13e-13	1.28e-10	2.38e-08	4.47e-06	1.43e-03	6.39e-02	9.35e-01
 2.45640e+22	0.00e+00	0.00e+00	0.00e+00	0.00e+00	0.00e+00	0.00e+00	0.00e+00	4.73e-30	8.92e-26	4.59e-22	1.04e-18	1.03e-15	6.28e-13	1.81e-10	3.15e-08	5.50e-06	1.63e-03	6.83e-02	9.30e-01
 2.50176e+22	0.00e+00	0.00e+00	0.00e+00	0.00e+00	0.00e+00	0.00e+00	0.00e+00	8.75e-30	1.56e-25	7.56e-22	1.62e-18	1.51e-15	8.73e-13	2.38e-10	3.91e-08	6.47e-06	1.82e-03	7.19e-02	9.26e-01
 2.54691e+22	0.00e+00	0.00e+00	0.00e+00	0.00e+00	0.00e+00	0.00e+00	0.00e+00	1.90e-29	3.14e-25	1.42e-21	2.82e-18	2.45e-15	1.32e-12	3.35e-10	5.14e-08	7.93e-06	2.08e-03	7.66e-02	9.21e-01
 2.59278e+22	0.00e+00	0.00e+00	0.00e+00	0.00e+00	0.00e+00	0.00e+00	0.00e+00	3.57e-29	5.56e-25	2.36e-21	4.45e-18	3.64e-15	1.85e-12	4.44e-10	6.43e-08	9.37e-06	2.32e-03	8.08e-02	9.17e-01
 2.63280e+22	0.00e+00	0.00e+00	0.00e+00	0.00e+00	0.00e+00	0.00e+00	0.00e+00	6.55e-29	9.63e-25	3.87e-21	6.87e-18	5.32e-15	2.55e-12	5.80e-10	7.95e-08	1.10e-05	2.58e-03	8.49e-02	9.13e-01
 2.67808e+22	0.00e+00	0.00e+00	0.00e+00	0.00e+00	0.00e+00	0.00e+00	0.00e+00	1.42e-28	1.94e-24	7.26e-21	1.20e-17	8.64e-15	3.86e-12	8.16e-10	1.05e-07	1.35e-05	2.95e-03	9.05e-02	9.07e-01
 2.72393e+22	0.00e+00	0.00e+00	0.00e+00	0.00e+00	0.00e+00	0.00e+00	0.00e+00	2.66e-28	3.42e-24	1.20e-20	1.88e-17	1.28e-14	5.38e-12	1.08e-09	1.30e-07	1.59e-05	3.28e-03	9.52e-02	9.01e-01
 2.76407e+22	0.00e+00	0.00e+00	0.00e+00	0.00e+00	0.00e+00	0.00e+00	6.44e-32	4.91e-28	5.95e-24	1.98e-20	2.91e-17	1.87e-14	7.45e-12	1.41e-09	1.61e-07	1.86e-05	3.64e-03	1.00e-01	8.96e-01
 2.80053e+22	0.00e+00	0.00e+00	0.00e+00	0.00e+00	0.00e+00	0.00e+00	1.15e-31	8.38e-28	9.65e-24	3.05e-20	4.27e-17	2.61e-14	9.90e-12	1.78e-09	1.95e-07	2.14e-05	3.99e-03	1.04e-01	8.92e-01
 2.83340e+22	0.00e+00	0.00e+00	0.00e+00	0.00e+00	0.00e+00	0.00e+00	2.00e-31	1.39e-27	1.52e-23	4.59e-20	6.13e-17	3.58e-14	1.29e-11	2.23e-09	2.32e-07	2.44e-05	4.35e-03	1.09e-01	8.87e-01
 2.87085e+22	0.00e+00	0.00e+00	0.00e+00	0.00e+00	0.00e+00	0.00e+00	3.84e-31	2.54e-27	2.62e-23	7.46e-20	9.41e-17	5.20e-14	1.78e-11	2.89e-09	2.86e-07	2.85e-05	4.82e-03	1.14e-01	8.81e-01
 2.91006e+22	0.00e+00	0.00e+00	0.00e+00	0.00e+00	0.00e+00	0.00e+00	7.12e-31	4.47e-27	4.38e-23	1.18e-19	1.41e-16	7.41e-14	2.40e-11	3.72e-09	3.49e-07	3.30e-05	5.30e-03	1.19e-01	8.75e-01
 2.94445e+22	0.00e+00	0.00e+00	0.00e+00	0.00e+00	0.00e+00	0.00e+00	1.25e-30	7.48e-27	6.98e-23	1.79e-19	2.04e-16	1.02e-13	3.16e-11	4.66e-09	4.18e-07	3.77e-05	5.79e-03	1.24e-01	8.70e-01
 2.98205e+22	0.00e+00	0.00e+00	0.00e+00	0.00e+00	0.00e+00	0.00e+00	2.43e-30	1.38e-26	1.21e-22	2.94e-19	3.17e-16	1.49e-13	4.36e-11	6.08e-09	5.17e-07	4.42e-05	6.41e-03	1.30e-01	8.63e-01
 3.02153e+22	0.00e+00	0.00e+00	0.00e+00	0.00e+00	0.00e+00	0.00e+00	4.53e-30	2.45e-26	2.04e-22	4.67e-19	4.77e-16	2.13e-13	5.90e-11	7.82e-09	6.31e-07	5.12e-05	7.06e-03	1.36e-01	8.57e-01
 3.05608e+22	0.00e+00	0.00e+00	0.00e+00	0.00e+00	0.00e+00	0.00e+00	7.94e-30	4.10e-26	3.25e-22	7.10e-19	6.90e-16	2.94e-13	7.76e-11	9.80e-09	7.55e-07	5.85e-05	7.70e-03	1.42e-01	8.51e-01
 3.09360e+22	0.00e+00	0.00e+00	0.00e+00	0.00e+00	0.00e+00	0.00e+00	1.54e-29	7.53e-26	5.62e-22	1.16e-18	1.06e-15	4.28e-13	1.07e-10	1.27e-08	9.30e-07	6.83e-05	8.51e-03	1.48e-01	8.43e-01
 3.13006e+22	0.00e+00	0.00e+00	0.00e+00	0.00e+00	0.00e+00	0.00e+00	2.66e-29	1.25e-25	8.88e-22	1.74e-18	1.53e-15	5.87e-13	1.40e-10	1.59e-08	1.11e-06	7.79e-05	9.26e-03	1.54e-01	8.36e-01
 3.15863e+22	0.00e+00	0.00e+00	0.00e+00	0.00e+00	0.00e+00	0.00e+00	4.16e-29	1.88e-25	1.28e-21	2.43e-18	2.04e-15	7.56e-13	1.73e-10	1.90e-08	1.28e-06	8.64e-05	9.91e-03	1.59e-01	8.31e-01
 3.18924e+22	0.00e+00	0.00e+00	0.00e+00	0.00e+00	0.00e+00	0.00e+00	7.16e-29	3.09e-25	2.02e-21	3.63e-18	2.91e-15	1.03e-12	2.25e-10	2.36e-08	1.52e-06	9.81e-05	1.08e-02	1.65e-01	8.24e-01
 3.22238e+22	0.00e+00	0.00e+00	0.00e+00	0.00e+00	0.00e+00	1.83e-32	1.20e-28	4.98e-25	3.10e-21	5.33e-18	4.09e-15	1.38e-12	2.89e-10	2.90e-08	1.79e-06	1.11e-04	1.16e-02	1.71e-01	8.17e-01
 3.25355e+22	0.00e+00	0.00e+00	0.00e+00	0.00e+00	0.00e+00	3.17e-32	2.00e-28	7.94e-25	4.72e-21	7.77e-18	5.70e-15	1.85e-12	3.69e-10	3.55e-08	2.10e-06	1.25e-04	1.26e-02	1.77e-01	8.11e-01
 3.28359e+22	0.00e+00	0.00e+00	0.00e+00	0.00e+00	0.00e+00	5.40e-32	3.27e-28	1.25e-24	7.12e-21	1.12e-17	7.88e-15	2.44e-12	4.69e-10	4.33e-08	2.45e-06	1.40e-04	1.35e-02	1.83e-01	8.04e-01
 3.31292e+22	0.00e+00	0.00e+00	0.00e+00	0.00e+00	0.00e+00	9.06e-32	5.28e-28	1.94e-24	1.06e-20	1.60e-17	1.08e-14	3.21e-12	5.90e-10	5.24e-08	2.85e-06	1.56e-04	1.45e-02	1.88e-01	7.97e-01
 3.34656e+22	0.00e+00	0.00e+00	0.00e+00	0.00e+00	0.00e+00	1.70e-31	9.45e-28	3.32e-24	1.72e-20	2.46e-17	1.58e-14	4.46e-12	7.81e-10	6.59e-08	3.42e-06	1.79e-04	1.58e-02	1.96e-01	7.88e-01
 3.38174e+22	0.00e+00	0.00e+00	0.00e+00	0.00e+00	0.00e+00	3.09e-31	1.64e-27	5.50e-24	2.71e-20	3.71e-17	2.27e-14	6.11e-12	1.02e-09	8.22e-08	4.07e-06	2.03e-04	1.72e-02	2.03e-01	7.80e-01
 3.41184e+22	0.00e+00	0.00e+00	0.00e+00	0.00e+00	0.00e+00	5.21e-31	2.67e-27	8.59e-24	4.06e-20	5.31e-17	3.11e-14	8.06e-12	1.29e-09	9.97e-08	4.75e-06	2.27e-04	1.85e-02	2.09e-01	7.72e-01
 3.43794e+22	0.00e+00	0.00e+00	0.00e+00	0.00e+00	0.00e+00	8.21e-31	4.06e-27	1.26e-23	5.75e-20	7.25e-17	4.10e-14	1.02e-11	1.58e-09	1.18e-07	5.41e-06	2.51e-04	1.96e-02	2.15e-01	7.65e-01
 3.46592e+22	0.00e+00	0.00e+00	0.00e+00	0.00e+00	0.00e+00	1.37e-30	6.54e-27	1.96e-23	8.55e-20	1.03e-16	5.59e-14	1.34e-11	1.98e-09	1.42e-07	6.28e-06	2.79e-04	2.11e-02	2.21e-01	7.57e-01
 3.49623e+22	0.00e+00	0.00e+00	0.00e+00	0.00e+00	0.00e+00	8.98e-31	4.11e-27	1.19e-23	1.26e-19	1.47e-16	7.62e-14	1.75e-11	2.49e-09	1.71e-07	7.28e-06	3.11e-04	2.26e-02	2.28e-01	7.49e-01
 3.52409e+22	0.00e+00	0.00e+00	0.00e+00	0.00e+00	0.00e+00	3.70e-30	1.63e-26	4.55e-23	1.83e-19	2.04e-16	1.02e-13	2.25e-11	3.08e-09	2.04e-07	8.36e-06	3.45e-04	2.41e-02	2.34e-01	7.42e-01
 3.55486e+22	0.00e+00	0.00e+00	0.00e+00	0.00e+00	0.00e+00	2.59e-30	1.10e-26	2.92e-23	2.85e-19	3.02e-16	1.44e-13	3.05e-11	3.98e-09	2.52e-07	9.86e-06	3.89e-04	2.60e-02	2.42e-01	7.32e-01
 3.58595e+22	0.00e+00	0.00e+00	0.00e+00	0.00e+00	0.00e+00	4.34e-30	1.77e-26	4.52e-23	4.23e-19	4.31e-16	1.97e-13	4.00e-11	5.01e-09	3.05e-07	1.15e-05	4.34e-04	2.78e-02	2.49e-01	7.23e-01
 3.61179e+22	0.00e+00	0.00e+00	0.00e+00	0.00e+00	0.00e+00	6.79e-30	2.67e-26	6.62e-23	5.97e-19	5.86e-16	2.59e-13	5.05e-11	6.11e-09	3.59e-07	1.30e-05	4.77e-04	2.95e-02	2.55e-01	7.15e-01
 3.63968e+22	0.00e+00	0.00e+00	0.00e+00	0.00e+00	0.00e+00	1.14e-29	4.33e-26	1.03e-22	8.90e-19	8.37e-16	3.54e-13	6.64e-11	7.69e-09	4.33e-07	1.51e-05	5.31e-04	3.16e-02	2.62e-01	7.06e-01
 3.66969e+22	0.00e+00	0.00e+00	0.00e+00	0.00e+00	0.00e+00	1.91e-29	6.96e-26	1.59e-22	1.32e-18	1.19e-15	4.82e-13	8.68e-11	9.65e-09	5.22e-07	1.75e-05	5.91e-04	3.38e-02	2.69e-01	6.97e-01
 3.69712e+22	0.00e+00	0.00e+00	0.00e+00	0.00e+00	0.00e+00	3.05e-29	1.07e-25	2.37e-22	1.89e-18	1.64e-15	6.40e-13	1.11e-10	1.19e-08	6.19e-07	2.00e-05	6.51e-04	3.59e-02	2.76e-01	6.88e-01
 3.72197e+22	0.00e+00	0.00e+00	0.00e+00	0.00e+00	0.00e+00	4.66e-29	1.59e-25	3.40e-22	2.61e-18	2.19e-15	8.27e-13	1.38e-10	1.43e-08	7.22e-07	2.26e-05	7.11e-04	3.80e-02	2.82e-01	6.80e-01
 3.74528e+22	0.00e+00	0.00e+00	0.00e+00	0.00e+00	1.20e-32	6.95e-29	2.30e-25	4.77e-22	3.55e-18	2.88e-15	1.05e-12	1.70e-10	1.71e-08	8.33e-07	2.53e-05	7.72e-04	4.00e-02	2.87e-01	6.72e-01
 3.77205e+22	0.00e+00	0.00e+00	0.00e+00	0.00e+00	2.03e-32	1.13e-28	3.62e-25	7.24e-22	5.17e-18	4.02e-15	1.41e-12	2.20e-10	2.12e-08	9.94e-07	2.90e-05	8.54e-04	4.25e-02	2.94e-01	6.62e-01
 3.80040e+22	0.00e+00	0.00e+00	0.00e+00	0.00e+00	3.38e-32	1.83e-28	5.62e-25	1.08e-21	7.43e-18	5.57e-15	1.88e-12	2.82e-10	2.61e-08	1.18e-06	3.32e-05	9.41e-04	4.52e-02	3.01e-01	6.53e-01
 3.82562e+22	0.00e+00	0.00e+00	0.00e+00	0.00e+00	5.40e-32	2.83e-28	8.41e-25	1.57e-21	1.04e-17	7.51e-15	2.45e-12	3.54e-10	3.17e-08	1.38e-06	3.76e-05	1.03e-03	4.78e-02	3.07e-01	6.44e-01
 3.85319e+22	0.00e+00	0.00e+00	0.00e+00	0.00e+00	9.40e-32	4.73e-28	1.35e-24	2.43e-21	1.54e-17	1.07e-14	3.33e-12	4.62e-10	3.97e-08	1.66e-06	4.34e-05	1.14e-03	5.09e-02	3.15e-01	6.33e-01
 3.88127e+22	0.00e+00	0.00e+00	0.00e+00	0.00e+00	1.55e-31	7.51e-28	2.08e-24	3.60e-21	2.20e-17	1.46e-14	4.40e-12	5.89e-10	4.87e-08	1.97e-06	4.95e-05	1.26e-03	5.40e-02	3.21e-01	6.23e-01
 3.90495e+22	0.00e+00	0.00e+00	0.00e+00	0.00e+00	2.39e-31	1.13e-27	3.02e-24	5.08e-21	3.00e-17	1.93e-14	5.62e-12	7.28e-10	5.82e-08	2.28e-06	5.55e-05	1.36e-03	5.67e-02	3.27e-01	6.15e-01
 3.93068e+22	0.00e+00	0.00e+00	0.00e+00	0.00e+00	4.00e-31	1.82e-27	4.70e-24	7.61e-21	4.31e-17	2.67e-14	7.48e-12	9.31e-10	7.17e-08	2.70e-06	6.33e-05	1.50e-03	6.01e-02	3.34e-01	6.04e-01
 3.95831e+22	0.00e+00	0.00e+00	0.00e+00	0.00e+00	6.63e-31	2.91e-27	7.25e-24	1.13e-20	6.18e-17	3.69e-14	9.93e-12	1.19e-09	8.81e-08	3.19e-06	7.23e-05	1.65e-03	6.37e-02	3.41e-01	5.94e-01
 3.98336e+22	0.00e+00	0.00e+00	0.00e+00	0.00e+00	1.04e-30	4.42e-27	1.07e-23	1.62e-20	8.52e-17	4.91e-14	1.28e-11	1.48e-09	1.06e-07	3.71e-06	8.12e-05	1.79e-03	6.70e-02	3.47e-01	5.84e-01
 4.00658e+22	0.00e+00	0.00e+00	0.00e+00	0.00e+00	7.70e-31	3.17e-27	7.44e-24	2.27e-20	1.16e-16	6.45e-14	1.62e-11	1.82e-09	1.26e-07	4.28e-06	9.08e-05	1.94e-03	7.03e-02	3.53e-01	5.75e-01
 4.03248e+22	0.00e+00	0.00e+00	0.00e+00	0.00e+00	2.66e-30	1.06e-26	2.39e-23	3.38e-20	1.66e-16	8.88e-14	2.15e-11	2.32e-09	1.55e-07	5.06e-06	1.03e-04	2.13e-03	7.44e-02	3.59e-01	5.64e-01
 4.05970e+22	0.00e+00	0.00e+00	0.00e+00	0.00e+00	2.08e-30	7.97e-27	1.74e-23	4.95e-20	2.34e-16	1.21e-13	2.82e-11	2.93e-09	1.89e-07	5.94e-06	1.17e-04	2.33e-03	7.85e-02	3.65e-01	5.54e-01
 4.08371e+22	0.00e+00	0.00e+00	0.00e+00	0.00e+00	3.23e-30	1.20e-26	2.55e-23	7.01e-20	3.20e-16	1.60e-13	3.61e-11	3.63e-09	2.26e-07	6.88e-06	1.31e-04	2.52e-03	8.23e-02	3.71e-01	5.44e-01
 4.10999e+22	0.00e+00	0.00e+00	0.00e+00	0.00e+00	5.46e-30	1.96e-26	4.00e-23	1.06e-19	4.64e-16	2.22e-13	4.83e-11	4.66e-09	2.79e-07	8.17e-06	1.50e-04	2.77e-03	8.71e-02	3.78e-01	5.32e-01
 4.13779e+22	0.00e+00	0.00e+00	0.00e+00	0.00e+00	8.98e-30	3.11e-26	6.12e-23	1.56e-19	6.60e-16	3.05e-13	6.37e-11	5.93e-09	3.41e-07	9.63e-06	1.70e-04	3.04e-03	9.19e-02	3.84e-01	5.21e-01
 4.16201e+22	0.00e+00	0.00e+00	0.00e+00	0.00e+00	1.40e-29	4.69e-26	8.95e-23	2.21e-19	9.02e-16	4.03e-13	8.14e-11	7.33e-09	4.08e-07	1.11e-05	1.91e-04	3.29e-03	9.63e-02	3.89e-01	5.11e-01
 4.18409e+22	0.00e+00	0.00e+00	0.00e+00	0.00e+00	2.08e-29	6.79e-26	1.26e-22	3.02e-19	1.20e-15	5.18e-13	1.02e-10	8.87e-09	4.79e-07	1.27e-05	2.11e-04	3.53e-03	1.00e-01	3.94e-01	5.02e-01
 4.20897e+22	0.00e+00	0.00e+00	0.00e+00	4.27e-33	3.41e-29	1.07e-25	1.92e-22	4.45e-19	1.70e-15	7.07e-13	1.33e-10	1.12e-08	5.84e-07	1.49e-05	2.39e-04	3.85e-03	1.06e-01	3.99e-01	4.91e-01
 4.23547e+22	0.00e+00	0.00e+00	0.00e+00	7.22e-33	5.57e-29	1.69e-25	2.92e-22	6.50e-19	2.39e-15	9.63e-13	1.75e-10	1.42e-08	7.12e-07	1.75e-05	2.70e-04	4.21e-03	1.11e-01	4.05e-01	4.79e-01
 4.25905e+22	0.00e+00	0.00e+00	0.00e+00	1.13e-32	8.46e-29	2.49e-25	4.18e-22	9.04e-19	3.22e-15	1.25e-12	2.21e-10	1.73e-08	8.42e-07	2.01e-05	3.00e-04	4.53e-03	1.16e-01	4.09e-01	4.70e-01
 4.28468e+22	0.00e+00	0.00e+00	0.00e+00	2.00e-32	1.44e-28	4.08e-25	6.57e-22	1.37e-18	4.68e-15	1.75e-12	2.96e-10	2.24e-08	1.04e-06	2.39e-05	3.43e-04	4.97e-03	1.22e-01	4.15e-01	4.57e-01
 4.31150e+22	0.00e+00	0.00e+00	0.00e+00	3.29e-32	2.29e-28	6.28e-25	9.79e-22	1.96e-18	6.50e-15	2.35e-12	3.83e-10	2.79e-08	1.26e-06	2.78e-05	3.85e-04	5.39e-03	1.28e-01	4.20e-01	4.46e-01
 4.33503e+22	0.00e+00	0.00e+00	0.00e+00	5.24e-32	3.53e-28	9.38e-25	1.41e-21	2.75e-18	8.81e-15	3.08e-12	4.87e-10	3.44e-08	1.50e-06	3.20e-05	4.30e-04	5.81e-03	1.34e-01	4.24e-01	4.36e-01
 4.35728e+22	0.00e+00	0.00e+00	0.00e+00	8.13e-32	5.33e-28	1.37e-24	2.01e-21	3.78e-18	1.18e-14	3.99e-12	6.11e-10	4.18e-08	1.76e-06	3.66e-05	4.75e-04	6.24e-03	1.39e-01	4.27e-01	4.26e-01
 4.38272e+22	0.00e+00	0.00e+00	0.00e+00	1.40e-31	8.83e-28	2.19e-24	3.09e-21	5.60e-18	1.68e-14	5.47e-12	8.08e-10	5.31e-08	2.16e-06	4.31e-05	5.39e-04	6.81e-03	1.46e-01	4.32e-01	4.14e-01
 4.40951e+22	0.00e+00	0.00e+00	0.00e+00	2.35e-31	1.43e-27	3.42e-24	4.65e-21	8.12e-18	2.35e-14	7.40e-12	1.05e-09	6.69e-08	2.62e-06	5.04e-05	6.08e-04	7.39e-03	1.53e-01	4.36e-01	4.03e-01
 4.43335e+22	0.00e+00	0.00e+00	0.00e+00	3.79e-31	2.23e-27	5.16e-24	6.79e-21	1.15e-17	3.21e-14	9.79e-12	1.35e-09	8.27e-08	3.14e-06	5.83e-05	6.78e-04	7.98e-03	1.60e-01	4.39e-01	3.92e-01
 4.45966e+22	0.00e+00	0.00e+00	0.00e+00	6.67e-31	3.78e-27	8.42e-24	1.06e-20	1.72e-17	4.65e-14	1.36e-11	1.80e-09	1.06e-07	3.87e-06	6.91e-05	7.72e-04	8.72e-03	1.68e-01	4.43e-01	3.80e-01
 4.48607e+22	0.00e+00	0.00e+00	0.00e+00	1.11e-30	6.05e-27	1.30e-23	1.58e-20	2.47e-17	6.45e-14	1.83e-11	2.33e-09	1.33e-07	4.67e-06	8.05e-05	8.67e-04	9.43e-03	1.75e-01	4.46e-01	3.69e-01
 4.50791e+22	0.00e+00	0.00e+00	0.00e+00	1.72e-30	9.10e-27	1.89e-23	2.24e-20	3.38e-17	8.57e-14	2.36e-11	2.92e-09	1.61e-07	5.50e-06	9.19e-05	9.58e-04	1.01e-02	1.82e-01	4.48e-01	3.59e-01
 4.53156e+22	0.00e+00	0.00e+00	0.00e+00	2.86e-30	1.46e-26	2.93e-23	3.34e-20	4.87e-17	1.19e-13	3.17e-11	3.79e-09	2.02e-07	6.65e-06	1.07e-04	1.08e-03	1.09e-02	1.90e-01	4.50e-01	3.48e-01
 4.55715e+22	0.00e+00	0.00e+00	0.00e+00	4.79e-30	2.36e-26	4.56e-23	5.00e-20	7.01e-17	1.66e-13	4.27e-11	4.94e-09	2.54e-07	8.06e-06	1.25e-04	1.21e-03	1.18e-02	1.98e-01	4.52e-01	3.36e-01
 4.58042e+22	0.00e+00	0.00e+00	0.00e+00	7.54e-30	3.60e-26	6.73e-23	7.14e-20	9.68e-17	2.23e-13	5.55e-11	6.23e-09	3.10e-07	9.53e-06	1.43e-04	1.34e-03	1.27e-02	2.05e-01	4.54e-01	3.27e-01
 4.60585e+22	0.00e+00	0.00e+00	0.00e+00	1.32e-29	6.07e-26	1.09e-22	1.11e-19	1.44e-16	3.20e-13	7.68e-11	8.29e-09	3.97e-07	1.18e-05	1.69e-04	1.52e-03	1.38e-02	2.15e-01	4.55e-01	3.14e-01
 4.63138e+22	0.00e+00	0.00e+00	3.14e-33	2.17e-29	9.57e-26	1.66e-22	1.62e-19	2.03e-16	4.39e-13	1.02e-10	1.07e-08	4.93e-07	1.41e-05	1.96e-04	1.70e-03	1.49e-02	2.23e-01	4.56e-01	3.04e-01
 4.65253e+22	0.00e+00	0.00e+00	4.99e-33	3.34e-29	1.43e-25	2.39e-22	2.27e-19	2.75e-16	5.79e-13	1.31e-10	1.33e-08	5.96e-07	1.66e-05	2.24e-04	1.87e-03	1.59e-02	2.31e-01	4.57e-01	2.95e-01
 4.67552e+22	0.00e+00	0.00e+00	8.74e-33	5.65e-29	2.32e-25	3.74e-22	3.41e-19	3.97e-16	8.09e-13	1.77e-10	1.73e-08	7.50e-07	2.01e-05	2.61e-04	2.10e-03	1.71e-02	2.40e-01	4.57e-01	2.83e-01
 4.69973e+22	0.00e+00	0.00e+00	1.44e-32	9.03e-29	3.59e-25	5.57e-22	4.91e-19	5.50e-16	1.09e-12	2.31e-10	2.20e-08	9.22e-07	2.39e-05	3.01e-04	2.33e-03	1.84e-02	2.48e-01	4.57e-01	2.74e-01
 4.72197e+22	0.00e+00	0.00e+00	2.38e-32	1.44e-28	5.52e-25	8.27e-22	7.02e-19	7.59e-16	1.46e-12	3.02e-10	2.78e-08	1.13e-06	2.84e-05	3.45e-04	2.59e-03	1.97e-02	2.57e-01	4.56e-01	2.64e-01
 4.74735e+22	0.00e+00	0.00e+00	4.39e-32	2.55e-28	9.36e-25	1.34e-21	1.09e-18	1.13e-15	2.10e-12	4.18e-10	3.71e-08	1.45e-06	3.51e-05	4.09e-04	2.93e-03	2.13e-02	2.68e-01	4.55e-01	2.52e-01
 4.77230e+22	0.00e+00	0.00e+00	7.41e-32	4.15e-28	1.47e-24	2.03e-21	1.59e-18	1.57e-15	2.86e-12	5.52e-10	4.75e-08	1.80e-06	4.21e-05	4.73e-04	3.27e-03	2.29e-02	2.77e-01	4.54e-01	2.43e-01
 4.79229e+22	0.00e+00	0.00e+00	1.16e-31	6.31e-28	2.16e-24	2.89e-21	2.18e-18	2.10e-15	3.72e-12	7.01e-10	5.87e-08	2.16e-06	4.90e-05	5.35e-04	3.58e-03	2.43e-02	2.85e-01	4.52e-01	2.34e-01
 4.81388e+22	0.00e+00	0.00e+00	1.98e-31	1.04e-27	3.42e-24	4.39e-21	3.19e-18	2.95e-15	5.09e-12	9.30e-10	7.54e-08	2.68e-06	5.90e-05	6.20e-04	3.99e-03	2.61e-02	2.94e-01	4.50e-01	2.24e-01
 4.83681e+22	0.00e+00	0.00e+00	3.23e-31	1.64e-27	5.21e-24	6.46e-21	4.53e-18	4.03e-15	6.78e-12	1.20e-09	9.49e-08	3.27e-06	6.97e-05	7.09e-04	4.40e-03	2.78e-02	3.03e-01	4.48e-01	2.16e-01
 4.85809e+22	0.00e+00	0.00e+00	5.29e-31	2.59e-27	7.95e-24	9.49e-21	6.41e-18	5.49e-15	9.03e-12	1.56e-09	1.19e-07	3.99e-06	8.25e-05	8.12e-04	4.86e-03	2.96e-02	3.12e-01	4.45e-01	2.07e-01
 4.87902e+22	0.00e+00	0.00e+00	8.62e-31	4.08e-27	1.21e-23	1.39e-20	9.03e-18	7.45e-15	1.20e-11	2.02e-09	1.50e-07	4.86e-06	9.75e-05	9.28e-04	5.36e-03	3.15e-02	3.21e-01	4.42e-01	1.99e-01
 4.89914e+22	0.00e+00	0.00e+00	1.36e-30	6.25e-27	1.79e-23	1.98e-20	1.25e-17	9.92e-15	1.56e-11	2.56e-09	1.86e-07	5.85e-06	1.14e-04	1.05e-03	5.87e-03	3.33e-02	3.30e-01	4.39e-01	1.91e-01
 4.92154e+22	0.00e+00	0.00e+00	2.42e-30	1.07e-26	2.92e-23	3.11e-20	1.86e-17	1.42e-14	2.17e-11	3.47e-09	2.43e-07	7.37e-06	1.39e-04	1.23e-03	6.58e-03	3.58e-02	3.40e-01	4.35e-01	1.81e-01
 4.94411e+22	0.00e+00	0.00e+00	3.88e-30	1.65e-26	4.38e-23	4.49e-20	2.60e-17	1.91e-14	2.86e-11	4.44e-09	3.02e-07	8.91e-06	1.63e-04	1.40e-03	7.21e-03	3.79e-02	3.49e-01	4.31e-01	1.74e-01
 4.96383e+22	0.00e+00	0.00e+00	6.24e-30	2.57e-26	6.55e-23	6.47e-20	3.61e-17	2.55e-14	3.74e-11	5.68e-09	3.77e-07	1.08e-05	1.91e-04	1.59e-03	7.92e-03	4.02e-02	3.57e-01	4.27e-01	1.66e-01
 4.98331e+22	0.00e+00	0.00e+00	9.81e-30	3.91e-26	9.65e-23	9.20e-20	4.95e-17	3.38e-14	4.86e-11	7.20e-09	4.65e-07	1.29e-05	2.23e-04	1.79e-03	8.65e-03	4.24e-02	3.65e-01	4.22e-01	1.59e-01
 5.00555e+22	0.00e+00	0.00e+00	1.73e-29	6.62e-26	1.56e-22	1.43e-19	7.34e-17	4.79e-14	6.72e-11	9.66e-09	6.04e-07	1.62e-05	2.70e-04	2.09e-03	9.64e-03	4.54e-02	3.76e-01	4.16e-01	1.51e-01
 5.02853e+22	0.00e+00	0.00e+00	2.88e-29	1.06e-25	2.41e-22	2.11e-19	1.04e-16	6.52e-14	8.96e-11	1.26e-08	7.64e-07	1.99e-05	3.21e-04	2.40e-03	1.06e-02	4.82e-02	3.84e-01	4.11e-01	1.43e-01
 5.04812e+22	0.00e+00	0.00e+00	4.49e-29	1.61e-25	3.52e-22	2.98e-19	1.42e-16	8.56e-14	1.16e-10	1.58e-08	9.39e-07	2.37e-05	3.72e-04	2.70e-03	1.16e-02	5.07e-02	3.92e-01	4.05e-01	1.37e-01
 5.06920e+22	0.00e+00	0.00e+00	7.81e-29	2.68e-25	5.63e-22	4.56e-19	2.08e-16	1.20e-13	1.58e-10	2.11e-08	1.21e-06	2.96e-05	4.48e-04	3.12e-03	1.29e-02	5.40e-02	4.02e-01	3.99e-01	1.29e-01
 5.09103e+22	0.00e+00	0.00e+00	1.25e-28	4.15e-25	8.40e-22	6.55e-19	2.88e-16	1.60e-13	2.07e-10	2.69e-08	1.50e-06	3.56e-05	5.24e-04	3.54e-03	1.40e-02	5.69e-02	4.09e-01	3.92e-01	1.23e-01
 5.11055e+22	0.00e+00	0.00e+00	2.00e-28	6.42e-25	1.25e-21	9.39e-19	3.96e-16	2.11e-13	2.69e-10	3.43e-08	1.87e-06	4.30e-05	6.14e-04	4.01e-03	1.53e-02	5.99e-02	4.17e-01	3.86e-01	1.17e-01
 5.12946e+22	0.00e+00	0.00e+00	3.12e-28	9.67e-25	1.82e-21	1.32e-18	5.37e-16	2.77e-13	3.46e-10	4.31e-08	2.29e-06	5.12e-05	7.11e-04	4.50e-03	1.66e-02	6.29e-02	4.24e-01	3.80e-01	1.11e-01
 5.15083e+22	0.00e+00	0.00e+00	5.40e-28	1.61e-24	2.91e-21	2.01e-18	7.83e-16	3.85e-13	4.72e-10	5.72e-08	2.95e-06	6.37e-05	8.54e-04	5.19e-03	1.84e-02	6.67e-02	4.32e-01	3.72e-01	1.05e-01
 5.17296e+22	0.00e+00	0.00e+00	8.86e-28	2.55e-24	4.42e-21	2.94e-18	1.10e-15	5.17e-13	6.22e-10	7.37e-08	3.69e-06	7.74e-05	1.01e-03	5.90e-03	2.01e-02	7.02e-02	4.40e-01	3.64e-01	9.89e-02
 5.19252e+22	0.00e+00	1.14e-33	1.41e-27	3.92e-24	6.55e-21	4.19e-18	1.50e-15	6.82e-13	8.07e-10	9.36e-08	4.57e-06	9.30e-05	1.17e-03	6.66e-03	2.19e-02	7.37e-02	4.46e-01	3.57e-01	9.35e-02
 5.21131e+22	0.00e+00	1.83e-33	2.21e-27	5.94e-24	9.57e-21	5.90e-18	2.04e-15	8.90e-13	1.04e-09	1.18e-07	5.61e-06	1.11e-04	1.36e-03	7.48e-03	2.37e-02	7.71e-02	4.52e-01	3.50e-01	8.86e-02
 5.23268e+22	0.00e+00	3.33e-33	3.90e-27	1.00e-23	1.54e-20	9.08e-18	2.99e-15	1.24e-12	1.42e-09	1.57e-07	7.26e-06	1.38e-04	1.64e-03	8.64e-03	2.62e-02	8.15e-02	4.59e-01	3.40e-01	8.27e-02
 5.25463e+22	0.00e+00	5.51e-33	6.27e-27	1.56e-23	2.31e-20	1.30e-17	4.12e-15	1.65e-12	1.85e-09	2.00e-07	9.01e-06	1.67e-04	1.91e-03	9.75e-03	2.85e-02	8.53e-02	4.64e-01	3.32e-01	7.79e-02
 5.27734e+22	0.00e+00	1.04e-32	1.14e-26	2.70e-23	3.81e-20	2.05e-17	6.15e-15	2.34e-12	2.58e-09	2.72e-07	1.18e-05	2.10e-04	2.32e-03	1.13e-02	3.16e-02	9.02e-02	4.71e-01	3.22e-01	7.21e-02
 5.30052e+22	0.00e+00	1.82e-32	1.94e-26	4.42e-23	5.96e-20	3.06e-17	8.76e-15	3.17e-12	3.46e-09	3.56e-07	1.50e-05	2.59e-04	2.76e-03	1.30e-02	3.46e-02	9.47e-02	4.76e-01	3.12e-01	6.72e-02
 5.32044e+22	0.00e+00	2.98e-32	3.09e-26	6.80e-23	8.83e-20	4.35e-17	1.20e-14	4.16e-12	4.47e-09	4.50e-07	1.85e-05	3.09e-04	3.21e-03	1.45e-02	3.74e-02	9.87e-02	4.79e-01	3.03e-01	6.31e-02
 5.33903e+22	0.00e+00	4.71e-32	4.77e-26	1.01e-22	1.27e-19	6.04e-17	1.60e-14	5.35e-12	5.68e-09	5.61e-07	2.25e-05	3.66e-04	3.69e-03	1.62e-02	4.02e-02	1.02e-01	4.82e-01	2.95e-01	5.94e-02
 5.35975e+22	0.00e+00	8.48e-32	8.30e-26	1.69e-22	2.02e-19	9.17e-17	2.31e-14	7.36e-12	7.70e-09	7.42e-07	2.89e-05	4.53e-04	4.41e-03	1.85e-02	4.41e-02	1.07e-01	4.86e-01	2.85e-01	5.49e-02
 5.38065e+22	0.00e+00	1.35e-31	1.29e-25	2.54e-22	2.93e-19	1.28e-16	3.09e-14	9.48e-12	9.80e-09	9.26e-07	3.52e-05	5.35e-04	5.06e-03	2.06e-02	4.73e-02	1.11e-01	4.88e-01	2.76e-01	5.15e-02
 5.40179e+22	0.00e+00	2.51e-31	2.32e-25	4.36e-22	4.78e-19	1.98e-16	4.54e-14	1.32e-11	1.35e-08	1.24e-06	4.58e-05	6.70e-04	6.10e-03	2.38e-02	5.19e-02	1.16e-01	4.89e-01	2.65e-01	4.72e-02
 5.42113e+22	0.00e+00	3.74e-31	3.38e-25	6.17e-22	6.55e-19	2.62e-16	5.81e-14	1.63e-11	1.65e-08	1.50e-06	5.42e-05	7.73e-04	6.87e-03	2.60e-02	5.51e-02	1.20e-01	4.90e-01	2.57e-01	4.45e-02
 5.43812e+22	0.00e+00	6.07e-31	5.35e-25	9.41e-22	9.60e-19	3.69e-16	7.84e-14	2.11e-11	2.12e-08	1.89e-06	6.64e-05	9.20e-04	7.93e-03	2.90e-02	5.91e-02	1.24e-01	4.90e-01	2.48e-01	4.14e-02
 5.45450e+22	0.00e+00	8.86e-31	7.64e-25	1.31e-21	1.29e-18	4.80e-16	9.86e-14	2.56e-11	2.56e-08	2.25e-06	7.78e-05	1.05e-03	8.87e-03	3.15e-02	6.24e-02	1.27e-01	4.89e-01	2.41e-01	3.91e-02
 5.46758e+22	0.00e+00	1.21e-30	1.02e-24	1.71e-21	1.65e-18	5.97e-16	1.19e-13	3.02e-11	3.00e-08	2.61e-06	8.86e-05	1.17e-03	9.70e-03	3.38e-02	6.52e-02	1.29e-01	4.88e-01	2.35e-01	3.73e-02
 5.48209e+22	0.00e+00	1.84e-30	1.52e-24	2.46e-21	2.29e-18	8.00e-16	1.54e-13	3.76e-11	3.71e-08	3.18e-06	1.06e-04	1.36e-03	1.10e-02	3.70e-02	6.92e-02	1.33e-01	4.87e-01	2.27e-01	3.49e-02
 5.49715e+22	0.00e+00	2.66e-30	2.16e-24	3.39e-21	3.06e-18	1.03e-15	1.93e-13	4.55e-11	4.47e-08	3.77e-06	1.23e-04	1.55e-03	1.22e-02	4.01e-02	7.27e-02	1.35e-01	4.85e-01	2.20e-01	3.29e-02
 5.51002e+22	0.00e+00	3.71e-30	2.96e-24	4.53e-21	3.97e-18	1.30e-15	2.35e-13	5.38e-11	5.28e-08	4.41e-06	1.41e-04	1.75e-03	1.34e-02	4.31e-02	7.61e-02	1.38e-01	4.83e-01	2.14e-01	3.12e-02
 5.52191e+22	0.00e+00	5.08e-30	3.99e-24	5.95e-21	5.08e-18	1.62e-15	2.84e-13	6.33e-11	6.18e-08	5.10e-06	1.61e-04	1.95e-03	1.47e-02	4.61e-02	7.93e-02	1.40e-01	4.80e-01	2.08e-01	2.96e-02
 5.53543e+22	0.00e+00	7.53e-30	5.80e-24	8.38e-21	6.91e-18	2.13e-15	3.60e-13	7.71e-11	7.52e-08	6.12e-06	1.90e-04	2.24e-03	1.65e-02	5.01e-02	8.35e-02	1.43e-01	4.77e-01	2.00e-01	2.76e-02
 5.54934e+22	0.00e+00	1.05e-29	7.94e-24	1.12e-20	8.95e-18	2.67e-15	4.39e-13	9.12e-11	8.87e-08	7.14e-06	2.17e-04	2.51e-03	1.81e-02	5.36e-02	8.71e-02	1.45e-01	4.74e-01	1.93e-01	2.61e-02
 5.56377e+22	0.00e+00	1.59e-29	1.18e-23	1.60e-20	1.24e-17	3.57e-15	5.63e-13	1.13e-10	1.09e-07	8.66e-06	2.58e-04	2.90e-03	2.03e-02	5.84e-02	9.18e-02	1.48e-01	4.69e-01	1.85e-01	2.42e-02
 5.57766e+22	0.00e+00	2.19e-29	1.59e-23	2.11e-20	1.59e-17	4.44e-15	6.79e-13	1.32e-10	1.28e-07	1.00e-05	2.94e-04	3.23e-03	2.22e-02	6.23e-02	9.54e-02	1.50e-01	4.64e-01	1.79e-01	2.29e-02
 5.58890e+22	0.00e+00	2.95e-29	2.11e-23	2.73e-20	2.00e-17	5.44e-15	8.08e-13	1.53e-10	1.48e-07	1.15e-05	3.31e-04	3.58e-03	2.41e-02	6.62e-02	9.89e-02	1.52e-01	4.60e-01	1.74e-01	2.16e-02
 5.60155e+22	0.00e+00	4.35e-29	3.05e-23	3.82e-20	2.70e-17	7.07e-15	1.01e-12	1.84e-10	1.78e-07	1.37e-05	3.88e-04	4.09e-03	2.69e-02	7.15e-02	1.03e-01	1.54e-01	4.54e-01	1.66e-01	2.01e-02
 5.61428e+22	0.00e+00	5.89e-29	4.07e-23	4.97e-20	3.42e-17	8.69e-15	1.21e-12	2.14e-10	2.07e-07	1.57e-05	4.39e-04	4.53e-03	2.92e-02	7.59e-02	1.07e-01	1.55e-01	4.49e-01	1.60e-01	1.89e-02
 5.62710e+22	0.00e+00	8.80e-29	5.96e-23	7.02e-20	4.65e-17	1.14e-14	1.52e-12	2.58e-10	2.51e-07	1.89e-05	5.15e-04	5.18e-03	3.26e-02	8.21e-02	1.12e-01	1.57e-01	4.41e-01	1.53e-01	1.75e-02
 5.63988e+22	0.00e+00	1.19e-28	7.92e-23	9.10e-20	5.86e-17	1.39e-14	1.81e-12	2.98e-10	2.90e-07	2.16e-05	5.81e-04	5.73e-03	3.53e-02	8.69e-02	1.16e-01	1.58e-01	4.35e-01	1.47e-01	1.64e-02
 5.65259e+22	0.00e+00	1.79e-28	1.17e-22	1.29e-19	8.00e-17	1.83e-14	2.27e-12	3.59e-10	3.51e-07	2.59e-05	6.84e-04	6.56e-03	3.93e-02	9.38e-02	1.20e-01	1.59e-01	4.26e-01	1.39e-01	1.51e-02
 5.66521e+22	0.00e+00	2.40e-28	1.54e-22	1.66e-19	1.00e-16	2.23e-14	2.69e-12	4.13e-10	4.05e-07	2.95e-05	7.68e-04	7.22e-03	4.25e-02	9.89e-02	1.24e-01	1.59e-01	4.19e-01	1.34e-01	1.42e-02
 5.67590e+22	0.00e+00	3.24e-28	2.05e-22	2.16e-19	1.26e-16	2.72e-14	3.17e-12	4.73e-10	4.66e-07	3.38e-05	8.65e-04	7.97e-03	4.59e-02	1.04e-01	1.28e-01	1.60e-01	4.12e-01	1.28e-01	1.32e-02
 5.68618e+22	0.00e+00	4.32e-28	2.70e-22	2.76e-19	1.57e-16	3.28e-14	3.72e-12	5.39e-10	5.33e-07	3.84e-05	9.68e-04	8.75e-03	4.95e-02	1.10e-01	1.31e-01	1.60e-01	4.04e-01	1.23e-01	1.24e-02
 5.69771e+22	0.00e+00	6.18e-28	3.79e-22	3.75e-19	2.06e-16	4.15e-14	4.53e-12	6.32e-10	6.29e-07	4.48e-05	1.11e-03	9.81e-03	5.42e-02	1.17e-01	1.35e-01	1.60e-01	3.94e-01	1.17e-01	1.14e-02
 5.70950e+22	0.00e+00	8.47e-28	5.11e-22	4.91e-19	2.62e-16	5.10e-14	5.38e-12	7.26e-10	7.27e-07	5.15e-05	1.26e-03	1.08e-02	5.86e-02	1.23e-01	1.39e-01	1.60e-01	3.85e-01	1.11e-01	1.06e-02
 5.71972e+22	0.00e+00	1.12e-27	6.69e-22	6.25e-19	3.24e-16	6.13e-14	6.27e-12	8.21e-10	8.28e-07	5.82e-05	1.40e-03	1.19e-02	6.29e-02	1.29e-01	1.42e-01	1.60e-01	3.77e-01	1.06e-01	9.90e-03
 5.73112e+22	0.00e+00	1.64e-27	9.60e-22	8.65e-19	4.31e-16	7.83e-14	7.67e-12	9.65e-10	9.83e-07	6.85e-05	1.62e-03	1.34e-02	6.90e-02	1.38e-01	1.46e-01	1.59e-01	3.65e-01	9.95e-02	9.00e-03
 5.74263e+22	0.00e+00	2.20e-27	1.26e-21	1.11e-18	5.36e-16	9.45e-14	8.96e-12	1.09e-09	1.12e-06	7.75e-05	1.80e-03	1.46e-02	7.39e-02	1.44e-01	1.49e-01	1.58e-01	3.56e-01	9.46e-02	8.36e-03
 5.75431e+22	0.00e+00	3.25e-27	1.84e-21	1.55e-18	7.19e-16	1.21e-13	1.10e-11	1.29e-09	1.33e-06	9.16e-05	2.09e-03	1.64e-02	8.11e-02	1.53e-01	1.53e-01	1.56e-01	3.42e-01	8.81e-02	7.53e-03
 5.76586e+22	0.00e+00	4.32e-27	2.41e-21	1.97e-18	8.89e-16	1.46e-13	1.28e-11	1.45e-09	1.51e-06	1.03e-04	2.32e-03	1.79e-02	8.66e-02	1.59e-01	1.55e-01	1.55e-01	3.33e-01	8.36e-02	6.97e-03
 5.77724e+22	6.00e-34	6.40e-27	3.50e-21	2.75e-18	1.19e-15	1.86e-13	1.56e-11	1.69e-09	1.80e-06	1.21e-04	2.68e-03	2.01e-02	9.46e-02	1.69e-01	1.59e-01	1.53e-01	3.19e-01	7.74e-02	6.25e-03
 5.78860e+22	8.10e-34	8.51e-27	4.58e-21	3.51e-18	1.47e-15	2.23e-13	1.81e-11	1.90e-09	2.03e-06	1.37e-04	2.97e-03	2.18e-02	1.01e-01	1.75e-01	1.61e-01	1.51e-01	3.09e-01	7.31e-02	5.76e-03
 5.79995e+22	1.23e-33	1.27e-26	6.69e-21	4.91e-18	1.97e-15	2.86e-13	2.21e-11	2.22e-09	2.41e-06	1.61e-04	3.42e-03	2.45e-02	1.10e-01	1.85e-01	1.63e-01	1.48e-01	2.94e-01	6.72e-02	5.12e-03
 5.81132e+22	1.67e-33	1.69e-26	8.82e-21	6.28e-18	2.44e-15	3.43e-13	2.57e-11	2.49e-09	2.72e-06	1.81e-04	3.79e-03	2.66e-02	1.17e-01	1.91e-01	1.65e-01	1.46e-01	2.83e-01	6.31e-02	4.69e-03
 5.82272e+22	2.52e-33	2.51e-26	1.28e-20	8.75e-18	3.26e-15	4.38e-13	3.12e-11	2.89e-09	3.21e-06	2.11e-04	4.34e-03	2.96e-02	1.26e-01	2.01e-01	1.67e-01	1.42e-01	2.68e-01	5.78e-02	4.14e-03
 5.83406e+22	3.45e-33	3.39e-26	1.71e-20	1.13e-17	4.06e-15	5.27e-13	3.62e-11	3.24e-09	3.63e-06	2.37e-04	4.81e-03	3.21e-02	1.34e-01	2.08e-01	1.68e-01	1.39e-01	2.57e-01	5.39e-02	3.76e-03
 5.84375e+22	4.69e-33	4.55e-26	2.26e-20	1.44e-17	5.03e-15	6.31e-13	4.18e-11	3.62e-09	4.09e-06	2.66e-04	5.31e-03	3.47e-02	1.42e-01	2.14e-01	1.68e-01	1.36e-01	2.46e-01	5.02e-02	3.42e-03
 5.85477e+22	7.02e-33	6.68e-26	3.25e-20	1.99e-17	6.65e-15	7.98e-13	5.04e-11	4.17e-09	4.77e-06	3.08e-04	6.02e-03	3.83e-02	1.52e-01	2.22e-01	1.69e-01	1.31e-01	2.32e-01	4.56e-02	3.00e-03
 5.86580e+22	9.59e-33	8.98e-26	4.31e-20	2.56e-17	8.25e-15	9.56e-13	5.82e-11	4.65e-09	5.36e-06	3.44e-04	6.63e-03	4.13e-02	1.61e-01	2.29e-01	1.69e-01	1.28e-01	2.20e-01	4.23e-02	2.71e-03
 5.87685e+22	1.44e-32	1.32e-25	6.24e-20	3.54e-17	1.09e-14	1.21e-12	7.02e-11	5.35e-09	6.22e-06	3.97e-04	7.49e-03	4.54e-02	1.72e-01	2.36e-01	1.68e-01	1.23e-01	2.06e-01	3.81e-02	2.36e-03
 5.88810e+22	1.99e-32	1.80e-25	8.37e-20	4.59e-17	1.37e-14	1.46e-12	8.14e-11	5.98e-09	7.00e-06	4.44e-04	8.25e-03	4.89e-02	1.81e-01	2.42e-01	1.68e-01	1.19e-01	1.95e-01	3.51e-02	2.11e-03
 5.89961e+22	3.05e-32	2.71e-25	1.23e-19	6.45e-17	1.83e-14	1.86e-12	9.89e-11	6.91e-09	8.14e-06	5.13e-04	9.33e-03	5.37e-02	1.93e-01	2.50e-01	1.66e-01	1.14e-01	1.81e-01	3.13e-02	1.81e-03
 5.91117e+22	4.23e-32	3.70e-25	1.65e-19	8.36e-17	2.30e-14	2.25e-12	1.15e-10	7.72e-09	9.13e-06	5.72e-04	1.02e-02	5.76e-02	2.02e-01	2.55e-01	1.65e-01	1.10e-01	1.70e-01	2.86e-02	1.61e-03
 5.92277e+22	6.49e-32	5.56e-25	2.44e-19	1.18e-16	3.08e-14	2.88e-12	1.39e-10	8.93e-09	1.06e-05	6.57e-04	1.15e-02	6.29e-02	2.14e-01	2.61e-01	1.62e-01	1.04e-01	1.57e-01	2.53e-02	1.37e-03
 5.93413e+22	8.84e-32	7.46e-25	3.22e-19	1.50e-16	3.81e-14	3.44e-12	1.60e-10	9.92e-09	1.17e-05	7.26e-04	1.25e-02	6.69e-02	2.23e-01	2.64e-01	1.60e-01	1.00e-01	1.47e-01	2.32e-02	1.22e-03
 5.94519e+22	1.33e-31	1.10e-24	4.66e-19	2.08e-16	5.04e-14	4.34e-12	1.93e-10	1.14e-08	1.34e-05	8.24e-04	1.39e-02	7.25e-02	2.35e-01	2.69e-01	1.57e-01	9.47e-02	1.36e-01	2.05e-02	1.04e-03
 5.95626e+22	1.80e-31	1.47e-24	6.13e-19	2.65e-16	6.21e-14	5.18e-12	2.22e-10	1.27e-08	1.48e-05	9.05e-04	1.50e-02	7.67e-02	2.43e-01	2.72e-01	1.55e-01	9.08e-02	1.27e-01	1.87e-02	9.25e-04
 5.96733e+22	2.69e-31	2.15e-24	8.80e-19	3.64e-16	8.18e-14	6.52e-12	2.67e-10	1.45e-08	1.69e-05	1.02e-03	1.66e-02	8.25e-02	2.54e-01	2.75e-01	1.51e-01	8.57e-02	1.17e-01	1.66e-02	7.89e-04
 5.97861e+22	3.67e-31	2.90e-24	1.17e-18	4.67e-16	1.02e-13	7.82e-12	3.08e-10	1.62e-08	1.87e-05	1.12e-03	1.79e-02	8.72e-02	2.63e-01	2.77e-01	1.48e-01	8.18e-02	1.09e-01	1.50e-02	6.95e-04
 5.99016e+22	5.53e-31	4.27e-24	1.69e-18	6.46e-16	1.35e-13	9.92e-12	3.73e-10	1.87e-08	2.12e-05	1.26e-03	1.97e-02	9.34e-02	2.73e-01	2.79e-01	1.44e-01	7.67e-02	9.94e-02	1.32e-02	5.87e-04
 6.00191e+22	7.59e-31	5.77e-24	2.24e-18	8.30e-16	1.67e-13	1.19e-11	4.32e-10	2.09e-08	2.34e-05	1.38e-03	2.12e-02	9.84e-02	2.81e-01	2.79e-01	1.40e-01	7.30e-02	9.24e-02	1.19e-02	5.15e-04
 6.01392e+22	1.14e-30	8.52e-24	3.24e-18	1.15e-15	2.22e-13	1.52e-11	5.24e-10	2.42e-08	2.65e-05	1.55e-03	2.33e-02	1.05e-01	2.92e-01	2.80e-01	1.36e-01	6.82e-02	8.39e-02	1.04e-02	4.33e-04
 6.02625e+22	1.59e-30	1.16e-23	4.35e-18	1.49e-15	2.79e-13	1.84e-11	6.12e-10	2.73e-08	2.93e-05	1.70e-03	2.51e-02	1.10e-01	2.99e-01	2.80e-01	1.32e-01	6.45e-02	7.75e-02	9.30e-03	3.76e-04
 6.03900e+22	2.42e-30	1.73e-23	6.34e-18	2.08e-15	3.74e-13	2.36e-11	7.48e-10	3.18e-08	3.33e-05	1.90e-03	2.74e-02	1.18e-01	3.09e-01	2.79e-01	1.27e-01	5.99e-02	6.99e-02	8.06e-03	3.13e-04
 6.05151e+22	3.28e-30	2.31e-23	8.31e-18	2.65e-15	4.61e-13	2.82e-11	8.65e-10	3.56e-08	3.65e-05	2.06e-03	2.93e-02	1.23e-01	3.16e-01	2.78e-01	1.23e-01	5.68e-02	6.48e-02	7.26e-03	2.74e-04
 6.06371e+22	4.88e-30	3.37e-23	1.18e-17	3.63e-15	6.07e-13	3.57e-11	1.05e-09	4.13e-08	4.11e-05	2.29e-03	3.17e-02	1.30e-01	3.24e-01	2.76e-01	1.18e-01	5.28e-02	5.86e-02	6.31e-03	2.30e-04
 6.07618e+22	6.61e-30	4.48e-23	1.55e-17	4.60e-15	7.48e-13	4.27e-11	1.21e-09	4.63e-08	4.50e-05	2.48e-03	3.38e-02	1.35e-01	3.30e-01	2.74e-01	1.14e-01	4.99e-02	5.42e-02	5.68e-03	2.01e-04
 6.08899e+22	9.81e-30	6.50e-23	2.20e-17	6.29e-15	9.85e-13	5.40e-11	1.47e-09	5.38e-08	5.07e-05	2.75e-03	3.65e-02	1.42e-01	3.37e-01	2.71e-01	1.09e-01	4.63e-02	4.89e-02	4.93e-03	1.68e-04
 6.10226e+22	1.35e-29	8.81e-23	2.92e-17	8.11e-15	1.23e-12	6.55e-11	1.72e-09	6.09e-08	5.58e-05	2.99e-03	3.89e-02	1.48e-01	3.43e-01	2.69e-01	1.05e-01	4.35e-02	4.48e-02	4.38e-03	1.45e-04
 6.11427e+22	1.86e-29	1.19e-22	3.86e-17	1.04e-14	1.53e-12	7.91e-11	2.01e-09	6.87e-08	6.13e-05	3.24e-03	4.13e-02	1.54e-01	3.48e-01	2.66e-01	1.01e-01	4.08e-02	4.12e-02	3.90e-03	1.25e-04
 6.12803e+22	2.78e-29	1.74e-22	5.52e-17	1.43e-14	2.03e-12	1.01e-10	2.45e-09	8.04e-08	6.92e-05	3.59e-03	4.46e-02	1.62e-01	3.54e-01	2.61e-01	9.64e-02	3.76e-02	3.68e-02	3.35e-03	1.03e-04
 6.14186e+22	3.78e-29	2.32e-22	7.23e-17	1.82e-14	2.52e-12	1.21e-10	2.86e-09	9.07e-08	7.59e-05	3.88e-03	4.72e-02	1.68e-01	3.59e-01	2.58e-01	9.26e-02	3.53e-02	3.38e-02	2.99e-03	8.93e-05
 6.15578e+22	5.65e-29	3.38e-22	1.03e-16	2.50e-14	3.33e-12	1.54e-10	3.49e-09	1.06e-07	8.55e-05	4.28e-03	5.08e-02	1.75e-01	3.64e-01	2.53e-01	8.77e-02	3.24e-02	3.02e-02	2.56e-03	7.36e-05
 6.16989e+22	7.63e-29	4.48e-22	1.34e-16	3.16e-14	4.11e-12	1.85e-10	4.06e-09	1.20e-07	9.36e-05	4.62e-03	5.36e-02	1.81e-01	3.67e-01	2.49e-01	8.41e-02	3.04e-02	2.77e-02	2.28e-03	6.37e-05
 6.18424e+22	1.14e-28	6.50e-22	1.89e-16	4.31e-14	5.42e-12	2.36e-10	4.95e-09	1.40e-07	1.05e-04	5.09e-03	5.75e-02	1.89e-01	3.71e-01	2.43e-01	7.94e-02	2.79e-02	2.47e-02	1.95e-03	5.24e-05
 6.19813e+22	1.49e-28	8.38e-22	2.40e-16	5.34e-14	6.55e-12	2.78e-10	5.68e-09	1.56e-07	1.15e-04	5.44e-03	6.03e-02	1.94e-01	3.74e-01	2.39e-01	7.63e-02	2.62e-02	2.28e-02	1.76e-03	4.59e-05
 6.21139e+22	2.13e-28	1.17e-21	3.27e-16	7.05e-14	8.39e-12	3.45e-10	6.80e-09	1.81e-07	1.28e-04	5.93e-03	6.41e-02	2.01e-01	3.76e-01	2.33e-01	7.23e-02	2.42e-02	2.05e-02	1.52e-03	3.84e-05
 6.22497e+22	2.82e-28	1.52e-21	4.18e-16	8.79e-14	1.02e-11	4.09e-10	7.84e-09	2.02e-07	1.39e-04	6.35e-03	6.72e-02	2.07e-01	3.78e-01	2.29e-01	6.92e-02	2.27e-02	1.88e-02	1.36e-03	3.33e-05
 6.23896e+22	4.07e-28	2.15e-21	5.75e-16	1.17e-13	1.32e-11	5.12e-10	9.46e-09	2.35e-07	1.55e-04	6.93e-03	7.15e-02	2.14e-01	3.80e-01	2.23e-01	6.52e-02	2.08e-02	1.68e-02	1.17e-03	2.76e-05
 6.25307e+22	5.37e-28	2.77e-21	7.29e-16	1.45e-13	1.60e-11	6.06e-10	1.09e-08	2.63e-07	1.69e-04	7.41e-03	7.48e-02	2.20e-01	3.81e-01	2.18e-01	6.23e-02	1.95e-02	1.54e-02	1.04e-03	2.40e-05
 6.26736e+22	7.74e-28	3.90e-21	1.00e-15	1.93e-13	2.07e-11	7.58e-10	1.31e-08	3.06e-07	1.89e-04	8.08e-03	7.94e-02	2.27e-01	3.83e-01	2.12e-01	5.86e-02	1.79e-02	1.37e-02	8.95e-04	1.98e-05
 6.28187e+22	1.02e-27	5.06e-21	1.27e-15	2.40e-13	2.51e-11	8.98e-10	1.51e-08	3.43e-07	2.06e-04	8.64e-03	8.31e-02	2.33e-01	3.83e-01	2.07e-01	5.58e-02	1.67e-02	1.26e-02	7.97e-04	1.71e-05
 6.29467e+22	1.35e-27	6.54e-21	1.61e-15	2.98e-13	3.04e-11	1.06e-09	1.74e-08	3.85e-07	2.24e-04	9.22e-03	8.68e-02	2.38e-01	3.83e-01	2.02e-01	5.32e-02	1.56e-02	1.15e-02	7.08e-04	1.48e-05
 6.30736e+22	1.77e-27	8.43e-21	2.04e-15	3.68e-13	3.68e-11	1.26e-09	2.01e-08	4.31e-07	2.44e-04	9.83e-03	9.06e-02	2.43e-01	3.83e-01	1.97e-01	5.06e-02	1.46e-02	1.05e-02	6.30e-04	1.28e-05
 6.32195e+22	2.51e-27	1.17e-20	2.75e-15	4.82e-13	4.70e-11	1.56e-09	2.40e-08	4.99e-07	2.72e-04	1.07e-02	9.56e-02	2.50e-01	3.82e-01	1.90e-01	4.75e-02	1.33e-02	9.39e-03	5.42e-04	1.06e-05
 6.33664e+22	3.29e-27	1.50e-20	3.47e-15	5.95e-13	5.68e-11	1.84e-09	2.76e-08	5.59e-07	2.96e-04	1.14e-02	9.97e-02	2.56e-01	3.82e-01	1.85e-01	4.51e-02	1.24e-02	8.58e-03	4.81e-04	9.18e-06
 6.35146e+22	4.67e-27	2.07e-20	4.67e-15	7.81e-13	7.25e-11	2.28e-09	3.31e-08	6.47e-07	3.30e-04	1.23e-02	1.05e-01	2.62e-01	3.80e-01	1.78e-01	4.21e-02	1.13e-02	7.62e-03	4.12e-04	7.57e-06
 6.36644e+22	6.09e-27	2.65e-20	5.86e-15	9.59e-13	8.72e-11	2.68e-09	3.80e-08	7.24e-07	3.59e-04	1.31e-02	1.09e-01	2.67e-01	3.79e-01	1.73e-01	4.00e-02	1.06e-02	6.97e-03	3.66e-04	6.55e-06
 6.38163e+22	8.62e-27	3.66e-20	7.88e-15	1.26e-12	1.11e-10	3.33e-09	4.56e-08	8.39e-07	4.00e-04	1.42e-02	1.15e-01	2.74e-01	3.76e-01	1.67e-01	3.73e-02	9.62e-03	6.18e-03	3.13e-04	5.39e-06
 6.39712e+22	1.13e-26	4.71e-20	9.92e-15	1.55e-12	1.34e-10	3.93e-09	5.24e-08	9.41e-07	4.36e-04	1.51e-02	1.20e-01	2.79e-01	3.74e-01	1.62e-01	3.53e-02	8.93e-03	5.62e-03	2.77e-04	4.64e-06
 6.41302e+22	1.61e-26	6.53e-20	1.34e-14	2.04e-12	1.72e-10	4.89e-09	6.31e-08	1.09e-06	4.87e-04	1.64e-02	1.26e-01	2.85e-01	3.71e-01	1.55e-01	3.28e-02	8.10e-03	4.96e-03	2.35e-04	3.80e-06
 6.42927e+22	2.13e-26	8.45e-20	1.70e-14	2.52e-12	2.09e-10	5.80e-09	7.29e-08	1.23e-06	5.32e-04	1.75e-02	1.31e-01	2.90e-01	3.68e-01	1.50e-01	3.09e-02	7.49e-03	4.50e-03	2.07e-04	3.24e-06
 6.44597e+22	3.05e-26	1.18e-19	2.29e-14	3.32e-12	2.68e-10	7.22e-09	8.78e-08	1.43e-06	5.95e-04	1.90e-02	1.38e-01	2.96e-01	3.64e-01	1.43e-01	2.86e-02	6.77e-03	3.96e-03	1.75e-04	2.64e-06
 6.46320e+22	4.10e-26	1.54e-19	2.94e-14	4.17e-12	3.29e-10	8.66e-09	1.02e-07	1.62e-06	6.53e-04	2.03e-02	1.44e-01	3.01e-01	3.61e-01	1.37e-01	2.68e-02	6.22e-03	3.55e-03	1.52e-04	2.23e-06
 6.47808e+22	5.32e-26	1.96e-19	3.66e-14	5.09e-12	3.94e-10	1.01e-08	1.17e-07	1.81e-06	7.09e-04	2.15e-02	1.49e-01	3.05e-01	3.57e-01	1.33e-01	2.53e-02	5.77e-03	3.23e-03	1.35e-04	1.92e-06
 6.49441e+22	7.53e-26	2.70e-19	4.90e-14	6.65e-12	5.01e-10	1.26e-08	1.40e-07	2.10e-06	7.90e-04	2.32e-02	1.56e-01	3.10e-01	3.52e-01	1.26e-01	2.33e-02	5.21e-03	2.84e-03	1.14e-04	1.56e-06
