#depth	S	S+	S+2	S+3	S+4	S+5	S+6	S+7	S+8	S+9	S+10	S+11	S+12	S+13	S+14	S+15	S+16
 4.62852e+21	0.00e+00	0.00e+00	0.00e+00	0.00e+00	0.00e+00	0.00e+00	0.00e+00	0.00e+00	0.00e+00	1.26e-24	1.61e-20	9.21e-17	3.10e-13	9.78e-10	5.82e-06	4.31e-03	9.96e-01
 1.05206e+22	0.00e+00	0.00e+00	0.00e+00	0.00e+00	0.00e+00	0.00e+00	0.00e+00	0.00e+00	9.03e-28	1.55e-23	1.37e-19	5.62e-16	1.32e-12	2.89e-09	1.20e-05	6.17e-03	9.94e-01
 1.26185e+22	0.00e+00	0.00e+00	0.00e+00	0.00e+00	0.00e+00	0.00e+00	0.00e+00	0.00e+00	6.03e-27	8.14e-23	5.68e-19	1.84e-15	3.40e-12	5.89e-09	1.92e-05	7.81e-03	9.92e-01
 1.41200e+22	0.00e+00	0.00e+00	0.00e+00	0.00e+00	0.00e+00	0.00e+00	0.00e+00	8.91e-31	2.72e-26	3.03e-22	1.77e-18	4.73e-15	7.25e-12	1.04e-08	2.81e-05	9.43e-03	9.91e-01
 1.50849e+22	0.00e+00	0.00e+00	0.00e+00	0.00e+00	0.00e+00	0.00e+00	0.00e+00	1.84e-30	5.17e-26	5.32e-22	2.87e-18	7.07e-15	9.99e-12	1.32e-08	3.30e-05	1.02e-02	9.90e-01
 1.57691e+22	0.00e+00	0.00e+00	0.00e+00	0.00e+00	0.00e+00	0.00e+00	0.00e+00	5.11e-30	1.28e-25	1.17e-21	5.65e-18	1.24e-14	1.57e-11	1.85e-08	4.13e-05	1.14e-02	9.89e-01
 1.64682e+22	0.00e+00	0.00e+00	0.00e+00	0.00e+00	0.00e+00	0.00e+00	0.00e+00	1.14e-29	2.60e-25	2.19e-21	9.61e-18	1.93e-14	2.24e-11	2.41e-08	4.93e-05	1.25e-02	9.87e-01
 1.70119e+22	0.00e+00	0.00e+00	0.00e+00	0.00e+00	0.00e+00	0.00e+00	0.00e+00	1.97e-29	4.24e-25	3.35e-21	1.38e-17	2.62e-14	2.85e-11	2.90e-08	5.56e-05	1.32e-02	9.87e-01
 1.75442e+22	0.00e+00	0.00e+00	0.00e+00	0.00e+00	0.00e+00	0.00e+00	0.00e+00	4.40e-29	8.66e-25	6.25e-21	2.36e-17	4.09e-14	4.07e-11	3.78e-08	6.64e-05	1.45e-02	9.85e-01
 1.80661e+22	0.00e+00	0.00e+00	0.00e+00	0.00e+00	0.00e+00	0.00e+00	0.00e+00	7.47e-29	1.39e-24	9.43e-21	3.36e-17	5.47e-14	5.14e-11	4.50e-08	7.46e-05	1.53e-02	9.85e-01
 1.85745e+22	0.00e+00	0.00e+00	0.00e+00	0.00e+00	0.00e+00	0.00e+00	0.00e+00	1.54e-28	2.63e-24	1.65e-20	5.41e-17	8.14e-14	7.06e-11	5.71e-08	8.74e-05	1.66e-02	9.83e-01
 1.90999e+22	0.00e+00	0.00e+00	0.00e+00	0.00e+00	0.00e+00	0.00e+00	0.00e+00	2.85e-28	4.55e-24	2.66e-20	8.16e-17	1.15e-13	9.28e-11	7.01e-08	1.00e-04	1.77e-02	9.82e-01
 1.95724e+22	0.00e+00	0.00e+00	0.00e+00	0.00e+00	0.00e+00	0.00e+00	0.00e+00	5.18e-28	7.74e-24	4.23e-20	1.21e-16	1.59e-13	1.21e-10	8.54e-08	1.14e-04	1.89e-02	9.81e-01
 2.01117e+22	0.00e+00	0.00e+00	0.00e+00	0.00e+00	0.00e+00	0.00e+00	3.07e-32	1.15e-27	1.57e-23	7.83e-20	2.05e-16	2.47e-13	1.71e-10	1.11e-07	1.36e-04	2.06e-02	9.79e-01
 2.06437e+22	0.00e+00	0.00e+00	0.00e+00	0.00e+00	0.00e+00	0.00e+00	5.61e-32	1.97e-27	2.53e-23	1.19e-19	2.94e-16	3.33e-13	2.18e-10	1.33e-07	1.53e-04	2.19e-02	9.78e-01
 2.11661e+22	0.00e+00	0.00e+00	0.00e+00	0.00e+00	0.00e+00	0.00e+00	1.27e-31	4.09e-27	4.84e-23	2.11e-19	4.78e-16	4.99e-13	3.01e-10	1.69e-07	1.80e-04	2.37e-02	9.76e-01
 2.17058e+22	0.00e+00	0.00e+00	0.00e+00	0.00e+00	0.00e+00	0.00e+00	2.57e-31	7.73e-27	8.50e-23	3.45e-19	7.29e-16	7.08e-13	3.98e-10	2.09e-07	2.07e-04	2.54e-02	9.74e-01
 2.21836e+22	0.00e+00	0.00e+00	0.00e+00	0.00e+00	0.00e+00	0.00e+00	4.97e-31	1.40e-26	1.44e-22	5.46e-19	1.08e-15	9.81e-13	5.16e-10	2.54e-07	2.35e-04	2.71e-02	9.73e-01
 2.27206e+22	0.00e+00	0.00e+00	0.00e+00	0.00e+00	0.00e+00	0.00e+00	1.19e-30	3.07e-26	2.89e-22	1.00e-18	1.82e-15	1.51e-12	7.30e-10	3.29e-07	2.80e-04	2.95e-02	9.70e-01
 2.32569e+22	0.00e+00	0.00e+00	0.00e+00	0.00e+00	0.00e+00	0.00e+00	2.20e-30	5.31e-26	4.70e-22	1.54e-18	2.61e-15	2.04e-12	9.28e-10	3.94e-07	3.15e-04	3.12e-02	9.68e-01
 2.37003e+22	0.00e+00	0.00e+00	0.00e+00	0.00e+00	0.00e+00	0.00e+00	3.99e-30	9.07e-26	7.56e-22	2.32e-18	3.72e-15	2.74e-12	1.17e-09	4.69e-07	3.54e-04	3.31e-02	9.67e-01
 2.41088e+22	0.00e+00	0.00e+00	0.00e+00	0.00e+00	0.00e+00	0.00e+00	7.00e-30	1.50e-25	1.18e-21	3.44e-18	5.19e-15	3.62e-12	1.47e-09	5.54e-07	3.95e-04	3.49e-02	9.65e-01
 2.45640e+22	0.00e+00	0.00e+00	0.00e+00	0.00e+00	0.00e+00	0.00e+00	1.43e-29	2.85e-25	2.09e-21	5.63e-18	7.92e-15	5.14e-12	1.94e-09	6.83e-07	4.54e-04	3.74e-02	9.62e-01
 2.50176e+22	0.00e+00	0.00e+00	0.00e+00	0.00e+00	0.00e+00	0.00e+00	2.49e-29	4.70e-25	3.25e-21	8.31e-18	1.10e-14	6.77e-12	2.42e-09	8.05e-07	5.07e-04	3.95e-02	9.60e-01
 2.54691e+22	0.00e+00	0.00e+00	0.00e+00	0.00e+00	0.00e+00	0.00e+00	5.03e-29	8.83e-25	5.68e-21	1.35e-17	1.67e-14	9.56e-12	3.18e-09	9.90e-07	5.81e-04	4.22e-02	9.57e-01
 2.59278e+22	0.00e+00	0.00e+00	0.00e+00	0.00e+00	0.00e+00	0.00e+00	8.92e-29	1.48e-24	8.97e-21	2.01e-17	2.35e-14	1.27e-11	3.99e-09	1.17e-06	6.50e-04	4.46e-02	9.55e-01
 2.63280e+22	0.00e+00	0.00e+00	0.00e+00	0.00e+00	0.00e+00	0.00e+00	1.55e-28	2.42e-24	1.39e-20	2.95e-17	3.25e-14	1.66e-11	4.95e-09	1.38e-06	7.23e-04	4.69e-02	9.52e-01
 2.67808e+22	0.00e+00	0.00e+00	0.00e+00	0.00e+00	0.00e+00	5.48e-33	3.13e-28	4.55e-24	2.43e-20	4.81e-17	4.94e-14	2.35e-11	6.52e-09	1.69e-06	8.29e-04	5.02e-02	9.49e-01
 2.72393e+22	0.00e+00	0.00e+00	0.00e+00	0.00e+00	0.00e+00	1.02e-32	5.52e-28	7.57e-24	3.82e-20	7.12e-17	6.91e-14	3.10e-11	8.15e-09	2.00e-06	9.25e-04	5.29e-02	9.46e-01
 2.76407e+22	0.00e+00	0.00e+00	0.00e+00	0.00e+00	0.00e+00	1.89e-32	9.60e-28	1.25e-23	5.94e-20	1.05e-16	9.60e-14	4.07e-11	1.01e-08	2.35e-06	1.03e-03	5.58e-02	9.43e-01
 2.80053e+22	0.00e+00	0.00e+00	0.00e+00	0.00e+00	0.00e+00	3.22e-32	1.56e-27	1.92e-23	8.74e-20	1.47e-16	1.28e-13	5.17e-11	1.22e-08	2.71e-06	1.13e-03	5.84e-02	9.41e-01
 2.83340e+22	0.00e+00	0.00e+00	0.00e+00	0.00e+00	0.00e+00	5.35e-32	2.47e-27	2.90e-23	1.26e-19	2.01e-16	1.68e-13	6.47e-11	1.47e-08	3.10e-06	1.24e-03	6.09e-02	9.38e-01
 2.87085e+22	0.00e+00	0.00e+00	0.00e+00	0.00e+00	0.00e+00	9.75e-32	4.25e-27	4.73e-23	1.94e-19	2.93e-16	2.31e-13	8.44e-11	1.81e-08	3.63e-06	1.37e-03	6.41e-02	9.35e-01
 2.91006e+22	0.00e+00	0.00e+00	0.00e+00	0.00e+00	0.00e+00	1.72e-31	7.12e-27	7.51e-23	2.92e-19	4.20e-16	3.13e-13	1.09e-10	2.22e-08	4.22e-06	1.52e-03	6.72e-02	9.31e-01
 2.94445e+22	0.00e+00	0.00e+00	0.00e+00	0.00e+00	0.00e+00	2.88e-31	1.14e-26	1.14e-22	4.23e-19	5.80e-16	4.13e-13	1.37e-10	2.66e-08	4.84e-06	1.66e-03	7.02e-02	9.28e-01
 2.98205e+22	0.00e+00	0.00e+00	0.00e+00	0.00e+00	0.00e+00	5.33e-31	1.98e-26	1.88e-22	6.58e-19	8.52e-16	5.73e-13	1.79e-10	3.30e-08	5.68e-06	1.84e-03	7.39e-02	9.24e-01
 3.02153e+22	0.00e+00	0.00e+00	0.00e+00	0.00e+00	0.00e+00	9.45e-31	3.33e-26	3.00e-22	9.95e-19	1.22e-15	7.79e-13	2.31e-10	4.05e-08	6.61e-06	2.04e-03	7.75e-02	9.20e-01
 3.05608e+22	0.00e+00	0.00e+00	0.00e+00	0.00e+00	0.00e+00	1.59e-30	5.32e-26	4.57e-22	1.44e-18	1.69e-15	1.03e-12	2.91e-10	4.86e-08	7.58e-06	2.23e-03	8.09e-02	9.17e-01
 3.09360e+22	0.00e+00	0.00e+00	0.00e+00	0.00e+00	0.00e+00	2.91e-30	9.23e-26	7.48e-22	2.23e-18	2.47e-15	1.42e-12	3.80e-10	6.01e-08	8.88e-06	2.47e-03	8.51e-02	9.12e-01
 3.13006e+22	0.00e+00	0.00e+00	0.00e+00	0.00e+00	0.00e+00	4.84e-30	1.46e-25	1.13e-21	3.22e-18	3.40e-15	1.87e-12	4.77e-10	7.20e-08	1.02e-05	2.70e-03	8.87e-02	9.09e-01
 3.15863e+22	0.00e+00	0.00e+00	0.00e+00	0.00e+00	0.00e+00	7.29e-30	2.12e-25	1.58e-21	4.32e-18	4.40e-15	2.32e-12	5.71e-10	8.32e-08	1.13e-05	2.90e-03	9.17e-02	9.05e-01
 3.18924e+22	0.00e+00	0.00e+00	0.00e+00	0.00e+00	0.00e+00	1.20e-29	3.33e-25	2.37e-21	6.19e-18	6.01e-15	3.03e-12	7.12e-10	9.91e-08	1.29e-05	3.16e-03	9.55e-02	9.01e-01
 3.22238e+22	0.00e+00	0.00e+00	0.00e+00	0.00e+00	0.00e+00	1.94e-29	5.14e-25	3.49e-21	8.74e-18	8.11e-15	3.91e-12	8.79e-10	1.17e-07	1.46e-05	3.43e-03	9.93e-02	8.97e-01
 3.25355e+22	0.00e+00	0.00e+00	0.00e+00	0.00e+00	0.00e+00	3.09e-29	7.85e-25	5.10e-21	1.22e-17	1.09e-14	5.01e-12	1.08e-09	1.38e-07	1.65e-05	3.72e-03	1.03e-01	8.93e-01
 3.28359e+22	0.00e+00	0.00e+00	0.00e+00	0.00e+00	2.64e-33	4.88e-29	1.19e-24	7.39e-21	1.70e-17	1.45e-14	6.39e-12	1.32e-09	1.62e-07	1.86e-05	4.02e-03	1.07e-01	8.89e-01
 3.31292e+22	0.00e+00	0.00e+00	0.00e+00	0.00e+00	4.27e-33	7.59e-29	1.77e-24	1.06e-20	2.33e-17	1.91e-14	8.09e-12	1.60e-09	1.89e-07	2.09e-05	4.33e-03	1.11e-01	8.85e-01
 3.34656e+22	0.00e+00	0.00e+00	0.00e+00	0.00e+00	7.65e-33	1.30e-28	2.88e-24	1.64e-20	3.43e-17	2.67e-14	1.08e-11	2.03e-09	2.29e-07	2.40e-05	4.75e-03	1.16e-01	8.80e-01
 3.38174e+22	0.00e+00	0.00e+00	0.00e+00	0.00e+00	1.33e-32	2.16e-28	4.57e-24	2.47e-20	4.95e-17	3.67e-14	1.41e-11	2.55e-09	2.73e-07	2.74e-05	5.18e-03	1.20e-01	8.74e-01
 3.41184e+22	0.00e+00	0.00e+00	0.00e+00	0.00e+00	2.17e-32	3.38e-28	6.85e-24	3.56e-20	6.83e-17	4.86e-14	1.79e-11	3.10e-09	3.20e-07	3.08e-05	5.59e-03	1.25e-01	8.70e-01
 3.43794e+22	0.00e+00	0.00e+00	0.00e+00	0.00e+00	3.31e-32	4.99e-28	9.74e-24	4.88e-20	9.03e-17	6.20e-14	2.21e-11	3.68e-09	3.67e-07	3.40e-05	5.96e-03	1.29e-01	8.65e-01
 3.46592e+22	0.00e+00	0.00e+00	0.00e+00	0.00e+00	5.34e-32	7.75e-28	1.45e-23	6.98e-20	1.24e-16	8.16e-14	2.79e-11	4.46e-09	4.27e-07	3.81e-05	6.42e-03	1.33e-01	8.60e-01
 3.49623e+22	0.00e+00	0.00e+00	0.00e+00	0.00e+00	8.59e-32	1.20e-27	2.16e-23	9.95e-20	1.69e-16	1.07e-13	3.52e-11	5.41e-09	4.98e-07	4.27e-05	6.91e-03	1.38e-01	8.55e-01
 3.52409e+22	0.00e+00	0.00e+00	0.00e+00	0.00e+00	1.34e-31	1.81e-27	3.13e-23	1.39e-19	2.28e-16	1.39e-13	4.38e-11	6.48e-09	5.74e-07	4.75e-05	7.41e-03	1.42e-01	8.50e-01
 3.55486e+22	0.00e+00	0.00e+00	0.00e+00	0.00e+00	2.29e-31	2.96e-27	4.89e-23	2.07e-19	3.24e-16	1.89e-13	5.68e-11	8.04e-09	6.82e-07	5.39e-05	8.04e-03	1.48e-01	8.44e-01
 3.58595e+22	0.00e+00	0.00e+00	0.00e+00	0.00e+00	3.71e-31	4.61e-27	7.30e-23	2.97e-19	4.46e-16	2.49e-13	7.20e-11	9.78e-09	7.96e-07	6.05e-05	8.67e-03	1.53e-01	8.39e-01
 3.61179e+22	0.00e+00	0.00e+00	0.00e+00	0.00e+00	5.64e-31	6.76e-27	1.03e-22	4.05e-19	5.87e-16	3.17e-13	8.83e-11	1.16e-08	9.10e-07	6.67e-05	9.24e-03	1.57e-01	8.34e-01
 3.63968e+22	0.00e+00	0.00e+00	0.00e+00	0.00e+00	9.16e-31	1.06e-26	1.55e-22	5.82e-19	8.09e-16	4.18e-13	1.12e-10	1.41e-08	1.06e-06	7.48e-05	9.95e-03	1.62e-01	8.27e-01
 3.66969e+22	0.00e+00	0.00e+00	0.00e+00	0.00e+00	1.48e-30	1.64e-26	2.31e-22	8.32e-19	1.11e-15	5.50e-13	1.41e-10	1.71e-08	1.24e-06	8.38e-05	1.07e-02	1.68e-01	8.21e-01
 3.69712e+22	0.00e+00	0.00e+00	0.00e+00	0.00e+00	2.28e-30	2.45e-26	3.32e-22	1.15e-18	1.48e-15	7.07e-13	1.75e-10	2.03e-08	1.42e-06	9.28e-05	1.14e-02	1.73e-01	8.16e-01
 3.72197e+22	0.00e+00	0.00e+00	0.00e+00	0.00e+00	3.39e-30	3.52e-26	4.61e-22	1.55e-18	1.92e-15	8.88e-13	2.12e-10	2.39e-08	1.62e-06	1.02e-04	1.21e-02	1.78e-01	8.10e-01
 3.74528e+22	0.00e+00	0.00e+00	0.00e+00	0.00e+00	4.92e-30	4.96e-26	6.28e-22	2.04e-18	2.45e-15	1.10e-12	2.54e-10	2.77e-08	1.82e-06	1.11e-04	1.28e-02	1.82e-01	8.05e-01
 3.77205e+22	0.00e+00	0.00e+00	0.00e+00	0.00e+00	7.78e-30	7.55e-26	9.20e-22	2.87e-18	3.32e-15	1.43e-12	3.17e-10	3.33e-08	2.10e-06	1.24e-04	1.38e-02	1.88e-01	7.98e-01
 3.80040e+22	0.00e+00	0.00e+00	0.00e+00	0.00e+00	1.21e-29	1.13e-25	1.33e-21	4.00e-18	4.45e-15	1.84e-12	3.94e-10	3.98e-08	2.42e-06	1.37e-04	1.47e-02	1.93e-01	7.92e-01
 3.82562e+22	0.00e+00	0.00e+00	0.00e+00	9.73e-34	1.82e-29	1.65e-25	1.87e-21	5.43e-18	5.82e-15	2.33e-12	4.81e-10	4.69e-08	2.76e-06	1.51e-04	1.56e-02	1.99e-01	7.86e-01
 3.85319e+22	0.00e+00	0.00e+00	0.00e+00	1.63e-33	2.95e-29	2.57e-25	2.79e-21	7.76e-18	7.99e-15	3.06e-12	6.07e-10	5.68e-08	3.21e-06	1.69e-04	1.68e-02	2.05e-01	7.78e-01
 3.88127e+22	0.00e+00	0.00e+00	0.00e+00	2.61e-33	4.54e-29	3.82e-25	4.00e-21	1.07e-17	1.06e-14	3.93e-12	7.51e-10	6.76e-08	3.68e-06	1.87e-04	1.79e-02	2.11e-01	7.71e-01
 3.90495e+22	0.00e+00	0.00e+00	0.00e+00	3.93e-33	6.64e-29	5.42e-25	5.49e-21	1.42e-17	1.37e-14	4.89e-12	9.03e-10	7.88e-08	4.15e-06	2.04e-04	1.90e-02	2.16e-01	7.65e-01
 3.93068e+22	0.00e+00	0.00e+00	0.00e+00	6.36e-33	1.04e-28	8.16e-25	7.95e-21	1.98e-17	1.83e-14	6.30e-12	1.12e-09	9.41e-08	4.78e-06	2.26e-04	2.02e-02	2.22e-01	7.58e-01
 3.95831e+22	0.00e+00	0.00e+00	0.00e+00	1.02e-32	1.61e-28	1.22e-24	1.15e-20	2.76e-17	2.45e-14	8.12e-12	1.39e-09	1.12e-07	5.50e-06	2.51e-04	2.16e-02	2.28e-01	7.50e-01
 3.98336e+22	0.00e+00	0.00e+00	0.00e+00	1.56e-32	2.38e-28	1.75e-24	1.59e-20	3.69e-17	3.17e-14	1.02e-11	1.68e-09	1.31e-07	6.22e-06	2.74e-04	2.29e-02	2.34e-01	7.43e-01
 4.00658e+22	0.00e+00	0.00e+00	0.00e+00	1.23e-32	1.81e-28	1.29e-24	2.17e-20	4.88e-17	4.06e-14	1.26e-11	2.02e-09	1.53e-07	7.00e-06	2.99e-04	2.42e-02	2.39e-01	7.36e-01
 4.03248e+22	0.00e+00	0.00e+00	0.00e+00	1.97e-32	2.82e-28	1.94e-24	3.14e-20	6.78e-17	5.43e-14	1.62e-11	2.50e-09	1.82e-07	8.04e-06	3.31e-04	2.58e-02	2.45e-01	7.28e-01
 4.05970e+22	0.00e+00	0.00e+00	0.00e+00	3.12e-32	4.30e-28	2.86e-24	4.46e-20	9.29e-17	7.17e-14	2.06e-11	3.07e-09	2.15e-07	9.19e-06	3.65e-04	2.74e-02	2.52e-01	7.21e-01
 4.08371e+22	0.00e+00	0.00e+00	0.00e+00	4.73e-32	6.33e-28	4.07e-24	6.14e-20	1.24e-16	9.25e-14	2.57e-11	3.70e-09	2.51e-07	1.04e-05	3.99e-04	2.90e-02	2.57e-01	7.13e-01
 4.10999e+22	0.00e+00	0.00e+00	0.00e+00	7.74e-32	9.98e-28	6.19e-24	8.98e-20	1.74e-16	1.25e-13	3.34e-11	4.61e-09	3.01e-07	1.20e-05	4.42e-04	3.09e-02	2.64e-01	7.04e-01
 4.13779e+22	0.00e+00	0.00e+00	0.00e+00	1.24e-31	1.54e-27	9.22e-24	1.29e-19	2.40e-16	1.66e-13	4.28e-11	5.70e-09	3.58e-07	1.37e-05	4.88e-04	3.29e-02	2.71e-01	6.96e-01
 4.16201e+22	0.00e+00	0.00e+00	0.00e+00	1.88e-31	2.27e-27	1.31e-23	1.78e-19	3.21e-16	2.14e-13	5.34e-11	6.87e-09	4.18e-07	1.55e-05	5.33e-04	3.48e-02	2.77e-01	6.88e-01
 4.18409e+22	0.00e+00	0.00e+00	0.00e+00	2.73e-31	3.21e-27	1.81e-23	2.37e-19	4.15e-16	2.69e-13	6.51e-11	8.13e-09	4.80e-07	1.72e-05	5.77e-04	3.65e-02	2.82e-01	6.80e-01
 4.20897e+22	0.00e+00	0.00e+00	0.00e+00	4.36e-31	4.94e-27	2.68e-23	3.39e-19	5.72e-16	3.57e-13	8.33e-11	1.00e-08	5.70e-07	1.97e-05	6.36e-04	3.88e-02	2.89e-01	6.71e-01
 4.23547e+22	0.00e+00	0.00e+00	0.00e+00	6.92e-31	7.57e-27	3.97e-23	4.84e-19	7.87e-16	4.74e-13	1.06e-10	1.23e-08	6.77e-07	2.26e-05	7.01e-04	4.12e-02	2.96e-01	6.62e-01
 4.25905e+22	0.00e+00	0.00e+00	0.00e+00	1.03e-30	1.09e-26	5.55e-23	6.55e-19	1.03e-15	6.02e-13	1.31e-10	1.47e-08	7.81e-07	2.53e-05	7.61e-04	4.34e-02	3.02e-01	6.54e-01
 4.28468e+22	0.00e+00	0.00e+00	0.00e+00	1.70e-30	1.74e-26	8.49e-23	9.63e-19	1.46e-15	8.17e-13	1.71e-10	1.84e-08	9.41e-07	2.92e-05	8.45e-04	4.63e-02	3.09e-01	6.44e-01
 4.31150e+22	0.00e+00	0.00e+00	0.00e+00	2.64e-30	2.61e-26	1.23e-22	1.35e-18	1.97e-15	1.07e-12	2.16e-10	2.24e-08	1.11e-06	3.31e-05	9.25e-04	4.89e-02	3.16e-01	6.34e-01
 4.33503e+22	0.00e+00	0.00e+00	0.00e+00	3.97e-30	3.81e-26	1.74e-22	1.85e-18	2.62e-15	1.37e-12	2.68e-10	2.70e-08	1.29e-06	3.73e-05	1.01e-03	5.16e-02	3.22e-01	6.26e-01
 4.35728e+22	0.00e+00	0.00e+00	0.00e+00	5.85e-30	5.45e-26	2.42e-22	2.49e-18	3.42e-15	1.74e-12	3.29e-10	3.21e-08	1.48e-06	4.17e-05	1.09e-03	5.41e-02	3.28e-01	6.17e-01
 4.38272e+22	0.00e+00	0.00e+00	5.40e-34	9.45e-30	8.48e-26	3.63e-22	3.60e-18	4.75e-15	2.32e-12	4.23e-10	3.98e-08	1.77e-06	4.78e-05	1.20e-03	5.75e-02	3.35e-01	6.07e-01
 4.40951e+22	0.00e+00	0.00e+00	8.83e-34	1.49e-29	1.29e-25	5.33e-22	5.10e-18	6.50e-15	3.06e-12	5.38e-10	4.88e-08	2.09e-06	5.45e-05	1.32e-03	6.09e-02	3.41e-01	5.96e-01
 4.43335e+22	0.00e+00	0.00e+00	1.39e-33	2.28e-29	1.91e-25	7.61e-22	7.05e-18	8.69e-15	3.96e-12	6.73e-10	5.90e-08	2.45e-06	6.15e-05	1.44e-03	6.42e-02	3.48e-01	5.87e-01
 4.45966e+22	0.00e+00	0.00e+00	2.38e-33	3.76e-29	3.03e-25	1.16e-21	1.03e-17	1.22e-14	5.37e-12	8.76e-10	7.37e-08	2.94e-06	7.09e-05	1.60e-03	6.82e-02	3.55e-01	5.75e-01
 4.48607e+22	0.00e+00	0.00e+00	3.86e-33	5.87e-29	4.57e-25	1.69e-21	1.45e-17	1.66e-14	7.04e-12	1.11e-09	9.01e-08	3.46e-06	8.06e-05	1.75e-03	7.21e-02	3.61e-01	5.65e-01
 4.50791e+22	0.00e+00	0.00e+00	5.87e-33	8.67e-29	6.53e-25	2.34e-21	1.96e-17	2.17e-14	8.91e-12	1.36e-09	1.07e-07	4.00e-06	9.01e-05	1.89e-03	7.56e-02	3.67e-01	5.55e-01
 4.53156e+22	0.00e+00	0.00e+00	5.89e-33	8.40e-29	6.11e-25	3.42e-21	2.76e-17	2.96e-14	1.17e-11	1.72e-09	1.31e-07	4.71e-06	1.02e-04	2.07e-03	7.98e-02	3.73e-01	5.45e-01
 4.55715e+22	0.00e+00	0.00e+00	9.66e-33	1.33e-28	9.30e-25	5.00e-21	3.91e-17	4.04e-14	1.54e-11	2.20e-09	1.61e-07	5.58e-06	1.17e-04	2.28e-03	8.43e-02	3.80e-01	5.33e-01
 4.58042e+22	0.00e+00	0.00e+00	1.49e-32	1.99e-28	1.35e-24	7.01e-21	5.32e-17	5.32e-14	1.97e-11	2.71e-09	1.93e-07	6.46e-06	1.31e-04	2.47e-03	8.84e-02	3.85e-01	5.24e-01
 4.60585e+22	0.00e+00	0.00e+00	2.56e-32	3.27e-28	2.13e-24	1.06e-20	7.76e-17	7.48e-14	2.66e-11	3.53e-09	2.41e-07	7.77e-06	1.51e-04	2.73e-03	9.38e-02	3.92e-01	5.11e-01
 4.63138e+22	0.00e+00	0.00e+00	4.10e-32	5.06e-28	3.18e-24	1.53e-20	1.08e-16	1.01e-13	3.47e-11	4.43e-09	2.93e-07	9.12e-06	1.70e-04	2.98e-03	9.87e-02	3.98e-01	5.00e-01
 4.65253e+22	0.00e+00	0.00e+00	6.21e-32	7.44e-28	4.52e-24	2.10e-20	1.45e-16	1.31e-13	4.37e-11	5.43e-09	3.48e-07	1.05e-05	1.90e-04	3.21e-03	1.03e-01	4.03e-01	4.91e-01
 4.67552e+22	0.00e+00	0.00e+00	1.03e-31	1.18e-27	6.93e-24	3.09e-20	2.06e-16	1.80e-13	5.79e-11	6.93e-09	4.29e-07	1.25e-05	2.17e-04	3.52e-03	1.09e-01	4.09e-01	4.79e-01
 4.69973e+22	0.00e+00	0.00e+00	1.61e-31	1.80e-27	1.01e-23	4.36e-20	2.82e-16	2.39e-13	7.45e-11	8.62e-09	5.17e-07	1.45e-05	2.44e-04	3.82e-03	1.14e-01	4.14e-01	4.68e-01
 4.72197e+22	0.00e+00	0.00e+00	2.52e-31	2.71e-27	1.48e-23	6.13e-20	3.85e-16	3.16e-13	9.55e-11	1.07e-08	6.22e-07	1.69e-05	2.74e-04	4.15e-03	1.20e-01	4.19e-01	4.57e-01
 4.74735e+22	0.00e+00	0.00e+00	4.37e-31	4.50e-27	2.35e-23	9.33e-20	5.65e-16	4.46e-13	1.30e-10	1.40e-08	7.80e-07	2.04e-05	3.16e-04	4.58e-03	1.26e-01	4.24e-01	4.44e-01
 4.77230e+22	0.00e+00	0.00e+00	7.00e-31	6.95e-27	3.50e-23	1.33e-19	7.83e-16	5.99e-13	1.69e-10	1.76e-08	9.48e-07	2.39e-05	3.57e-04	4.99e-03	1.33e-01	4.29e-01	4.33e-01
 4.79229e+22	0.00e+00	0.00e+00	1.05e-30	1.01e-26	4.91e-23	1.81e-19	1.04e-15	7.70e-13	2.11e-10	2.13e-08	1.12e-06	2.74e-05	3.96e-04	5.36e-03	1.38e-01	4.33e-01	4.23e-01
 4.81388e+22	0.00e+00	0.00e+00	1.69e-30	1.57e-26	7.34e-23	2.60e-19	1.44e-15	1.04e-12	2.75e-10	2.69e-08	1.37e-06	3.22e-05	4.48e-04	5.84e-03	1.45e-01	4.37e-01	4.12e-01
 4.83681e+22	0.00e+00	0.00e+00	2.63e-30	2.35e-26	1.06e-22	3.62e-19	1.96e-15	1.37e-12	3.51e-10	3.33e-08	1.64e-06	3.74e-05	5.02e-04	6.31e-03	1.51e-01	4.41e-01	4.01e-01
 4.85809e+22	0.00e+00	0.00e+00	4.09e-30	3.53e-26	1.54e-22	5.05e-19	2.66e-15	1.80e-12	4.49e-10	4.12e-08	1.96e-06	4.34e-05	5.62e-04	6.83e-03	1.58e-01	4.44e-01	3.90e-01
 4.87902e+22	0.00e+00	0.00e+00	6.34e-30	5.28e-26	2.22e-22	7.01e-19	3.59e-15	2.37e-12	5.72e-10	5.09e-08	2.35e-06	5.03e-05	6.29e-04	7.37e-03	1.65e-01	4.48e-01	3.80e-01
 4.89914e+22	0.00e+00	0.00e+00	9.57e-30	7.71e-26	3.13e-22	9.54e-19	4.77e-15	3.06e-12	7.18e-10	6.20e-08	2.79e-06	5.78e-05	6.99e-04	7.92e-03	1.71e-01	4.50e-01	3.70e-01
 4.92154e+22	0.00e+00	0.00e+00	1.60e-29	1.24e-25	4.81e-22	1.40e-18	6.80e-15	4.21e-12	9.55e-10	7.96e-08	3.45e-06	6.89e-05	7.97e-04	8.66e-03	1.80e-01	4.53e-01	3.57e-01
 4.94411e+22	0.00e+00	2.43e-34	2.45e-29	1.83e-25	6.86e-22	1.93e-18	9.10e-15	5.48e-12	1.21e-09	9.75e-08	4.10e-06	7.93e-05	8.87e-04	9.32e-03	1.87e-01	4.56e-01	3.47e-01
 4.96383e+22	0.00e+00	3.86e-34	3.75e-29	2.70e-25	9.76e-22	2.64e-18	1.22e-14	7.13e-12	1.53e-09	1.20e-07	4.89e-06	9.16e-05	9.89e-04	1.00e-02	1.94e-01	4.58e-01	3.37e-01
 4.98331e+22	0.00e+00	6.00e-34	5.63e-29	3.92e-25	1.37e-21	3.57e-18	1.61e-14	9.17e-12	1.91e-09	1.46e-07	5.78e-06	1.05e-04	1.10e-03	1.07e-02	2.02e-01	4.59e-01	3.27e-01
 5.00555e+22	0.00e+00	1.04e-33	9.36e-29	6.25e-25	2.09e-21	5.21e-18	2.28e-14	1.26e-11	2.53e-09	1.86e-07	7.12e-06	1.25e-04	1.25e-03	1.17e-02	2.11e-01	4.61e-01	3.15e-01
 5.02853e+22	0.00e+00	1.72e-33	1.48e-28	9.49e-25	3.05e-21	7.29e-18	3.11e-14	1.67e-11	3.25e-09	2.31e-07	8.60e-06	1.45e-04	1.40e-03	1.26e-02	2.20e-01	4.62e-01	3.04e-01
 5.04812e+22	0.00e+00	2.65e-33	2.21e-28	1.37e-24	4.25e-21	9.79e-18	4.08e-14	2.13e-11	4.05e-09	2.80e-07	1.01e-05	1.66e-04	1.54e-03	1.35e-02	2.27e-01	4.63e-01	2.95e-01
 5.06920e+22	0.00e+00	4.56e-33	3.62e-28	2.15e-24	6.39e-21	1.41e-17	5.72e-14	2.90e-11	5.32e-09	3.55e-07	1.24e-05	1.96e-04	1.75e-03	1.47e-02	2.37e-01	4.63e-01	2.84e-01
 5.09103e+22	0.00e+00	7.20e-33	5.52e-28	3.17e-24	9.07e-21	1.92e-17	7.63e-14	3.76e-11	6.71e-09	4.35e-07	1.47e-05	2.25e-04	1.94e-03	1.57e-02	2.45e-01	4.63e-01	2.74e-01
 5.11055e+22	0.00e+00	1.14e-32	8.43e-28	4.66e-24	1.28e-20	2.62e-17	1.02e-13	4.87e-11	8.46e-09	5.32e-07	1.75e-05	2.60e-04	2.16e-03	1.68e-02	2.54e-01	4.63e-01	2.64e-01
 5.12946e+22	0.00e+00	1.76e-32	1.25e-27	6.69e-24	1.78e-20	3.50e-17	1.33e-13	6.22e-11	1.05e-08	6.43e-07	2.06e-05	2.96e-04	2.38e-03	1.79e-02	2.62e-01	4.62e-01	2.56e-01
 5.15083e+22	0.00e+00	3.02e-32	2.05e-27	1.05e-23	2.68e-20	5.03e-17	1.86e-13	8.43e-11	1.38e-08	8.14e-07	2.52e-05	3.49e-04	2.68e-03	1.94e-02	2.72e-01	4.61e-01	2.45e-01
 5.17296e+22	0.00e+00	4.89e-32	3.20e-27	1.57e-23	3.85e-20	6.94e-17	2.51e-13	1.11e-10	1.76e-08	1.01e-06	3.02e-05	4.04e-04	2.99e-03	2.08e-02	2.81e-01	4.59e-01	2.35e-01
 5.19252e+22	0.00e+00	7.73e-32	4.86e-27	2.30e-23	5.43e-20	9.39e-17	3.32e-13	1.43e-10	2.21e-08	1.23e-06	3.59e-05	4.65e-04	3.31e-03	2.23e-02	2.90e-01	4.57e-01	2.26e-01
 5.21131e+22	0.00e+00	1.20e-31	7.26e-27	3.32e-23	7.54e-20	1.26e-16	4.36e-13	1.83e-10	2.76e-08	1.49e-06	4.22e-05	5.30e-04	3.65e-03	2.37e-02	2.99e-01	4.55e-01	2.18e-01
 5.23268e+22	0.00e+00	2.08e-31	1.20e-26	5.27e-23	1.14e-19	1.81e-16	6.14e-13	2.50e-10	3.64e-08	1.89e-06	5.19e-05	6.27e-04	4.13e-03	2.56e-02	3.10e-01	4.52e-01	2.07e-01
 5.25463e+22	0.00e+00	3.32e-31	1.84e-26	7.76e-23	1.62e-19	2.47e-16	8.18e-13	3.24e-10	4.60e-08	2.32e-06	6.17e-05	7.21e-04	4.58e-03	2.73e-02	3.19e-01	4.49e-01	1.99e-01
 5.27734e+22	0.00e+00	5.94e-31	3.14e-26	1.26e-22	2.50e-19	3.62e-16	1.17e-12	4.49e-10	6.15e-08	2.99e-06	7.66e-05	8.59e-04	5.20e-03	2.96e-02	3.31e-01	4.45e-01	1.88e-01
 5.30052e+22	0.00e+00	1.00e-30	5.06e-26	1.94e-22	3.68e-19	5.08e-16	1.61e-12	6.01e-10	7.99e-08	3.75e-06	9.30e-05	1.01e-03	5.83e-03	3.18e-02	3.41e-01	4.41e-01	1.79e-01
 5.32044e+22	0.00e+00	1.58e-30	7.67e-26	2.83e-22	5.17e-19	6.85e-16	2.13e-12	7.76e-10	1.00e-07	4.57e-06	1.10e-04	1.15e-03	6.43e-03	3.39e-02	3.51e-01	4.37e-01	1.71e-01
 5.33903e+22	0.00e+00	2.41e-30	1.13e-25	4.03e-22	7.09e-19	9.03e-16	2.76e-12	9.83e-10	1.24e-07	5.50e-06	1.29e-04	1.31e-03	7.05e-03	3.58e-02	3.59e-01	4.33e-01	1.64e-01
 5.35975e+22	0.00e+00	4.16e-30	1.85e-25	6.32e-22	1.06e-18	1.29e-15	3.84e-12	1.33e-09	1.63e-07	6.96e-06	1.57e-04	1.53e-03	7.92e-03	3.85e-02	3.70e-01	4.27e-01	1.55e-01
 5.38065e+22	0.00e+00	6.38e-30	2.74e-25	9.02e-22	1.46e-18	1.70e-15	5.00e-12	1.69e-09	2.02e-07	8.38e-06	1.84e-04	1.74e-03	8.68e-03	4.07e-02	3.78e-01	4.22e-01	1.48e-01
 5.40179e+22	0.00e+00	1.14e-29	4.64e-25	1.45e-21	2.22e-18	2.46e-15	7.09e-12	2.33e-09	2.69e-07	1.08e-05	2.28e-04	2.07e-03	9.82e-03	4.38e-02	3.90e-01	4.15e-01	1.39e-01
 5.42113e+22	0.00e+00	1.65e-29	6.49e-25	1.96e-21	2.92e-18	3.11e-15	8.86e-12	2.86e-09	3.23e-07	1.26e-05	2.61e-04	2.31e-03	1.06e-02	4.59e-02	3.97e-01	4.10e-01	1.34e-01
 5.43812e+22	0.00e+00	2.58e-29	9.77e-25	2.84e-21	4.05e-18	4.14e-15	1.16e-11	3.67e-09	4.04e-07	1.53e-05	3.08e-04	2.63e-03	1.17e-02	4.86e-02	4.05e-01	4.04e-01	1.27e-01
 5.45450e+22	0.00e+00	3.66e-29	1.34e-24	3.79e-21	5.23e-18	5.17e-15	1.43e-11	4.45e-09	4.81e-07	1.78e-05	3.51e-04	2.92e-03	1.26e-02	5.08e-02	4.12e-01	3.99e-01	1.22e-01
 5.46758e+22	0.00e+00	4.88e-29	1.74e-24	4.80e-21	6.45e-18	6.21e-15	1.71e-11	5.22e-09	5.55e-07	2.02e-05	3.90e-04	3.17e-03	1.33e-02	5.26e-02	4.17e-01	3.95e-01	1.18e-01
 5.48209e+22	0.00e+00	7.21e-29	2.49e-24	6.60e-21	8.57e-18	7.94e-15	2.16e-11	6.48e-09	6.74e-07	2.39e-05	4.49e-04	3.56e-03	1.45e-02	5.51e-02	4.24e-01	3.89e-01	1.13e-01
 5.49715e+22	0.00e+00	1.02e-28	3.39e-24	8.73e-21	1.10e-17	9.83e-15	2.65e-11	7.83e-09	7.99e-07	2.76e-05	5.10e-04	3.93e-03	1.55e-02	5.75e-02	4.30e-01	3.84e-01	1.08e-01
 5.51002e+22	0.00e+00	1.38e-28	4.50e-24	1.12e-20	1.37e-17	1.19e-14	3.19e-11	9.28e-09	9.32e-07	3.16e-05	5.71e-04	4.31e-03	1.66e-02	5.96e-02	4.36e-01	3.79e-01	1.04e-01
 5.52191e+22	0.00e+00	1.86e-28	5.86e-24	1.43e-20	1.69e-17	1.43e-14	3.80e-11	1.09e-08	1.08e-06	3.58e-05	6.35e-04	4.69e-03	1.76e-02	6.17e-02	4.41e-01	3.74e-01	1.00e-01
 5.53543e+22	0.00e+00	2.68e-28	8.18e-24	1.92e-20	2.20e-17	1.79e-14	4.72e-11	1.34e-08	1.29e-06	4.20e-05	7.27e-04	5.22e-03	1.89e-02	6.44e-02	4.47e-01	3.68e-01	9.58e-02
 5.54934e+22	0.00e+00	3.65e-28	1.08e-23	2.47e-20	2.75e-17	2.17e-14	5.68e-11	1.58e-08	1.51e-06	4.79e-05	8.13e-04	5.71e-03	2.02e-02	6.67e-02	4.52e-01	3.63e-01	9.21e-02
 5.56377e+22	0.00e+00	5.39e-28	1.54e-23	3.39e-20	3.63e-17	2.76e-14	7.16e-11	1.96e-08	1.83e-06	5.67e-05	9.37e-04	6.39e-03	2.18e-02	6.97e-02	4.58e-01	3.56e-01	8.75e-02
 5.57766e+22	0.00e+00	7.26e-28	2.02e-23	4.32e-20	4.49e-17	3.30e-14	8.54e-11	2.31e-08	2.12e-06	6.43e-05	1.04e-03	6.96e-03	2.32e-02	7.21e-02	4.62e-01	3.50e-01	8.41e-02
 5.58890e+22	0.00e+00	9.59e-28	2.59e-23	5.40e-20	5.47e-17	3.91e-14	1.01e-10	2.69e-08	2.43e-06	7.25e-05	1.16e-03	7.54e-03	2.45e-02	7.43e-02	4.66e-01	3.45e-01	8.10e-02
 5.60155e+22	0.00e+00	1.38e-27	3.60e-23	7.23e-20	7.05e-17	4.85e-14	1.24e-10	3.28e-08	2.91e-06	8.47e-05	1.32e-03	8.37e-03	2.63e-02	7.73e-02	4.71e-01	3.39e-01	7.71e-02
 5.61428e+22	0.00e+00	1.83e-27	4.65e-23	9.10e-20	8.62e-17	5.76e-14	1.47e-10	3.84e-08	3.36e-06	9.57e-05	1.46e-03	9.08e-03	2.79e-02	7.97e-02	4.75e-01	3.33e-01	7.40e-02
 5.62710e+22	0.00e+00	2.67e-27	6.53e-23	1.23e-19	1.12e-16	7.19e-14	1.83e-10	4.71e-08	4.04e-06	1.12e-04	1.68e-03	1.01e-02	3.00e-02	8.30e-02	4.79e-01	3.26e-01	7.02e-02
 5.63988e+22	1.04e-34	3.54e-27	8.42e-23	1.54e-19	1.37e-16	8.51e-14	2.16e-10	5.50e-08	4.65e-06	1.27e-04	1.86e-03	1.10e-02	3.17e-02	8.54e-02	4.82e-01	3.20e-01	6.74e-02
 5.65259e+22	1.60e-34	5.20e-27	1.19e-22	2.09e-19	1.78e-16	1.06e-13	2.70e-10	6.77e-08	5.63e-06	1.49e-04	2.13e-03	1.22e-02	3.42e-02	8.89e-02	4.86e-01	3.12e-01	6.36e-02
 5.66521e+22	2.17e-34	6.86e-27	1.53e-22	2.61e-19	2.16e-16	1.25e-13	3.17e-10	7.88e-08	6.45e-06	1.68e-04	2.36e-03	1.32e-02	3.61e-02	9.14e-02	4.89e-01	3.07e-01	6.10e-02
 5.67590e+22	4.65e-36	9.13e-27	1.97e-22	3.27e-19	2.62e-16	1.47e-13	3.74e-10	9.20e-08	7.43e-06	1.90e-04	2.61e-03	1.43e-02	3.81e-02	9.40e-02	4.92e-01	3.01e-01	5.84e-02
 5.68618e+22	0.00e+00	1.20e-26	2.51e-22	4.05e-19	3.15e-16	1.72e-13	4.37e-10	1.07e-07	8.50e-06	2.13e-04	2.88e-03	1.55e-02	4.02e-02	9.65e-02	4.94e-01	2.95e-01	5.60e-02
 5.69771e+22	0.00e+00	1.68e-26	3.40e-22	5.29e-19	3.96e-16	2.08e-13	5.30e-10	1.28e-07	1.00e-05	2.46e-04	3.25e-03	1.70e-02	4.28e-02	9.97e-02	4.96e-01	2.88e-01	5.31e-02
 5.70950e+22	0.00e+00	2.26e-26	4.45e-22	6.69e-19	4.84e-16	2.46e-13	6.29e-10	1.51e-07	1.16e-05	2.80e-04	3.62e-03	1.85e-02	4.53e-02	1.02e-01	4.98e-01	2.81e-01	5.06e-02
 5.71972e+22	0.00e+00	2.96e-26	5.65e-22	8.26e-19	5.80e-16	2.85e-13	7.33e-10	1.74e-07	1.33e-05	3.13e-04	3.98e-03	2.00e-02	4.77e-02	1.05e-01	4.99e-01	2.76e-01	4.84e-02
 5.73112e+22	0.00e+00	4.25e-26	7.80e-22	1.09e-18	7.37e-16	3.47e-13	9.00e-10	2.12e-07	1.59e-05	3.65e-04	4.54e-03	2.21e-02	5.10e-02	1.08e-01	5.00e-01	2.68e-01	4.55e-02
 5.74263e+22	0.00e+00	5.61e-26	9.99e-22	1.36e-18	8.87e-16	4.05e-13	1.05e-09	2.46e-07	1.82e-05	4.10e-04	5.00e-03	2.38e-02	5.37e-02	1.11e-01	5.01e-01	2.62e-01	4.34e-02
 5.75431e+22	0.00e+00	8.17e-26	1.39e-21	1.82e-18	1.13e-15	4.95e-13	1.30e-09	3.01e-07	2.19e-05	4.81e-04	5.72e-03	2.65e-02	5.75e-02	1.15e-01	5.01e-01	2.53e-01	4.07e-02
 5.76586e+22	7.83e-35	1.07e-25	1.78e-21	2.25e-18	1.36e-15	5.74e-13	1.52e-09	3.48e-07	2.51e-05	5.39e-04	6.29e-03	2.85e-02	6.04e-02	1.17e-01	5.01e-01	2.47e-01	3.88e-02
 5.77724e+22	1.20e-34	1.56e-25	2.48e-21	3.00e-18	1.73e-15	6.97e-13	1.87e-09	4.26e-07	3.02e-05	6.32e-04	7.18e-03	3.16e-02	6.46e-02	1.21e-01	5.01e-01	2.38e-01	3.62e-02
 5.78860e+22	1.65e-34	2.05e-25	3.16e-21	3.70e-18	2.07e-15	8.07e-13	2.18e-09	4.94e-07	3.45e-05	7.08e-04	7.90e-03	3.40e-02	6.78e-02	1.23e-01	5.00e-01	2.32e-01	3.44e-02
 5.79995e+22	2.55e-34	3.01e-25	4.43e-21	4.95e-18	2.63e-15	9.80e-13	2.69e-09	6.05e-07	4.16e-05	8.31e-04	9.03e-03	3.77e-02	7.25e-02	1.27e-01	4.98e-01	2.23e-01	3.19e-02
 5.81132e+22	3.51e-34	3.97e-25	5.68e-21	6.13e-18	3.15e-15	1.13e-12	3.14e-09	7.03e-07	4.77e-05	9.33e-04	9.94e-03	4.06e-02	7.61e-02	1.29e-01	4.96e-01	2.17e-01	3.03e-02
 5.82272e+22	5.41e-34	5.81e-25	7.94e-21	8.18e-18	4.01e-15	1.37e-12	3.87e-09	8.61e-07	5.74e-05	1.09e-03	1.13e-02	4.49e-02	8.11e-02	1.33e-01	4.93e-01	2.08e-01	2.80e-02
 5.83406e+22	7.53e-34	7.75e-25	1.02e-20	1.02e-17	4.80e-15	1.58e-12	4.53e-09	1.00e-06	6.61e-05	1.23e-03	1.25e-02	4.84e-02	8.51e-02	1.35e-01	4.90e-01	2.01e-01	2.64e-02
 5.84375e+22	1.04e-33	1.03e-24	1.32e-20	1.26e-17	5.73e-15	1.82e-12	5.29e-09	1.17e-06	7.59e-05	1.38e-03	1.38e-02	5.21e-02	8.91e-02	1.38e-01	4.86e-01	1.95e-01	2.49e-02
 5.85477e+22	1.59e-33	1.49e-24	1.82e-20	1.66e-17	7.20e-15	2.18e-12	6.47e-09	1.42e-06	9.08e-05	1.61e-03	1.56e-02	5.72e-02	9.46e-02	1.41e-01	4.81e-01	1.86e-01	2.30e-02
 5.86580e+22	2.20e-33	1.98e-24	2.34e-20	2.06e-17	8.59e-15	2.51e-12	7.55e-09	1.65e-06	1.04e-04	1.80e-03	1.71e-02	6.15e-02	9.90e-02	1.43e-01	4.77e-01	1.79e-01	2.16e-02
 5.87685e+22	2.48e-33	2.88e-24	3.25e-20	2.72e-17	1.08e-14	3.00e-12	9.22e-09	2.00e-06	1.25e-04	2.09e-03	1.94e-02	6.75e-02	1.05e-01	1.45e-01	4.70e-01	1.70e-01	1.98e-02
 5.88810e+22	3.49e-33	3.88e-24	4.23e-20	3.40e-17	1.29e-14	3.45e-12	1.08e-08	2.34e-06	1.44e-04	2.36e-03	2.14e-02	7.27e-02	1.10e-01	1.47e-01	4.65e-01	1.64e-01	1.85e-02
 5.89961e+22	5.45e-33	5.74e-24	5.95e-20	4.54e-17	1.64e-14	4.14e-12	1.33e-08	2.86e-06	1.73e-04	2.75e-03	2.42e-02	7.98e-02	1.16e-01	1.50e-01	4.56e-01	1.55e-01	1.68e-02
 5.91117e+22	7.68e-33	7.73e-24	7.73e-20	5.67e-17	1.96e-14	4.76e-12	1.55e-08	3.34e-06	1.99e-04	3.09e-03	2.66e-02	8.56e-02	1.21e-01	1.51e-01	4.49e-01	1.48e-01	1.56e-02
 5.92277e+22	1.20e-32	1.14e-23	1.09e-19	7.57e-17	2.48e-14	5.70e-12	1.90e-08	4.08e-06	2.38e-04	3.59e-03	3.01e-02	9.38e-02	1.27e-01	1.53e-01	4.39e-01	1.39e-01	1.41e-02
 5.93413e+22	1.66e-32	1.52e-23	1.39e-19	9.31e-17	2.93e-14	6.49e-12	2.20e-08	4.70e-06	2.71e-04	3.99e-03	3.27e-02	9.99e-02	1.32e-01	1.54e-01	4.31e-01	1.33e-01	1.31e-02
 5.94519e+22	2.54e-32	2.20e-23	1.93e-19	1.22e-16	3.65e-14	7.67e-12	2.66e-08	5.66e-06	3.21e-04	4.59e-03	3.66e-02	1.08e-01	1.38e-01	1.55e-01	4.20e-01	1.24e-01	1.19e-02
 5.95626e+22	3.48e-32	2.89e-23	2.45e-19	1.50e-16	4.30e-14	8.71e-12	3.05e-08	6.49e-06	3.63e-04	5.07e-03	3.97e-02	1.15e-01	1.43e-01	1.56e-01	4.12e-01	1.19e-01	1.10e-02
 5.96733e+22	5.27e-32	4.16e-23	3.36e-19	1.96e-16	5.33e-14	1.03e-11	3.66e-08	7.75e-06	4.27e-04	5.79e-03	4.40e-02	1.24e-01	1.49e-01	1.56e-01	4.00e-01	1.11e-01	9.91e-03
 5.97861e+22	7.29e-32	5.52e-23	4.31e-19	2.41e-16	6.31e-14	1.17e-11	4.21e-08	8.90e-06	4.83e-04	6.40e-03	4.76e-02	1.31e-01	1.54e-01	1.56e-01	3.90e-01	1.05e-01	9.12e-03
 5.99016e+22	1.11e-31	7.98e-23	5.95e-19	3.16e-16	7.84e-14	1.38e-11	5.04e-08	1.06e-05	5.67e-04	7.28e-03	5.27e-02	1.41e-01	1.60e-01	1.56e-01	3.77e-01	9.77e-02	8.17e-03
 6.00191e+22	1.54e-31	1.06e-22	7.64e-19	3.90e-16	9.30e-14	1.57e-11	5.78e-08	1.22e-05	6.40e-04	8.03e-03	5.69e-02	1.49e-01	1.64e-01	1.56e-01	3.66e-01	9.22e-02	7.49e-03
 6.01392e+22	2.36e-31	1.54e-22	1.06e-18	5.12e-16	1.16e-13	1.86e-11	6.90e-08	1.44e-05	7.47e-04	9.09e-03	6.26e-02	1.59e-01	1.69e-01	1.55e-01	3.52e-01	8.53e-02	6.67e-03
 6.02625e+22	3.31e-31	2.06e-22	1.37e-18	6.37e-16	1.38e-13	2.13e-11	7.93e-08	1.65e-05	8.44e-04	1.00e-02	6.74e-02	1.68e-01	1.73e-01	1.54e-01	3.41e-01	8.00e-02	6.06e-03
 6.03900e+22	5.11e-31	3.01e-22	1.91e-18	8.44e-16	1.73e-13	2.54e-11	9.45e-08	1.96e-05	9.83e-04	1.13e-02	7.39e-02	1.79e-01	1.78e-01	1.52e-01	3.26e-01	7.35e-02	5.35e-03
 6.05151e+22	6.97e-31	3.96e-22	2.42e-18	1.03e-15	2.04e-13	2.88e-11	1.07e-07	2.22e-05	1.10e-03	1.23e-02	7.88e-02	1.87e-01	1.82e-01	1.50e-01	3.15e-01	6.90e-02	4.89e-03
 6.06371e+22	1.05e-30	5.65e-22	3.31e-18	1.34e-15	2.53e-13	3.40e-11	1.26e-07	2.60e-05	1.26e-03	1.38e-02	8.56e-02	1.97e-01	1.86e-01	1.48e-01	3.01e-01	6.34e-02	4.32e-03
 6.07618e+22	1.43e-30	7.41e-22	4.20e-18	1.65e-15	2.98e-13	3.87e-11	1.42e-07	2.92e-05	1.40e-03	1.49e-02	9.09e-02	2.05e-01	1.88e-01	1.46e-01	2.90e-01	5.93e-02	3.93e-03
 6.08899e+22	2.14e-30	1.06e-21	5.73e-18	2.14e-15	3.70e-13	4.57e-11	1.66e-07	3.40e-05	1.60e-03	1.66e-02	9.81e-02	2.15e-01	1.91e-01	1.44e-01	2.76e-01	5.43e-02	3.46e-03
 6.10226e+22	2.98e-30	1.41e-21	7.38e-18	2.66e-15	4.41e-13	5.24e-11	1.89e-07	3.85e-05	1.78e-03	1.80e-02	1.04e-01	2.24e-01	1.94e-01	1.41e-01	2.64e-01	5.04e-02	3.12e-03
 6.11427e+22	4.12e-30	1.87e-21	9.47e-18	3.29e-15	5.24e-13	6.00e-11	2.13e-07	4.33e-05	1.98e-03	1.95e-02	1.10e-01	2.32e-01	1.96e-01	1.38e-01	2.53e-01	4.68e-02	2.81e-03
 6.12803e+22	6.23e-30	2.68e-21	1.30e-17	4.31e-15	6.54e-13	7.14e-11	2.49e-07	5.03e-05	2.25e-03	2.16e-02	1.18e-01	2.42e-01	1.98e-01	1.35e-01	2.38e-01	4.24e-02	2.44e-03
 6.14186e+22	8.54e-30	3.53e-21	1.66e-17	5.30e-15	7.76e-13	8.16e-11	2.80e-07	5.62e-05	2.48e-03	2.32e-02	1.25e-01	2.50e-01	1.99e-01	1.32e-01	2.28e-01	3.93e-02	2.20e-03
 6.15578e+22	1.29e-29	5.05e-21	2.28e-17	6.93e-15	9.66e-13	9.69e-11	3.25e-07	6.49e-05	2.81e-03	2.56e-02	1.33e-01	2.59e-01	2.00e-01	1.28e-01	2.14e-01	3.54e-02	1.91e-03
 6.16989e+22	1.75e-29	6.61e-21	2.89e-17	8.50e-15	1.14e-12	1.11e-10	3.65e-07	7.23e-05	3.09e-03	2.74e-02	1.40e-01	2.66e-01	2.00e-01	1.25e-01	2.04e-01	3.28e-02	1.71e-03
 6.18424e+22	2.63e-29	9.41e-21	3.95e-17	1.11e-14	1.42e-12	1.32e-10	4.22e-07	8.31e-05	3.48e-03	3.00e-02	1.48e-01	2.75e-01	2.00e-01	1.21e-01	1.91e-01	2.95e-02	1.48e-03
 6.19813e+22	3.47e-29	1.20e-20	4.89e-17	1.33e-14	1.66e-12	1.48e-10	4.67e-07	9.14e-05	3.78e-03	3.19e-02	1.54e-01	2.81e-01	2.00e-01	1.18e-01	1.82e-01	2.74e-02	1.34e-03
 6.21139e+22	5.00e-29	1.65e-20	6.47e-17	1.70e-14	2.02e-12	1.73e-10	5.32e-07	1.03e-04	4.20e-03	3.45e-02	1.62e-01	2.89e-01	2.00e-01	1.14e-01	1.71e-01	2.48e-02	1.17e-03
 6.22497e+22	6.66e-29	2.11e-20	8.07e-17	2.05e-14	2.36e-12	1.97e-10	5.89e-07	1.14e-04	4.56e-03	3.66e-02	1.69e-01	2.94e-01	1.99e-01	1.11e-01	1.63e-01	2.29e-02	1.05e-03
 6.23896e+22	9.72e-29	2.93e-20	1.08e-16	2.63e-14	2.90e-12	2.31e-10	6.72e-07	1.29e-04	5.06e-03	3.95e-02	1.77e-01	3.01e-01	1.97e-01	1.06e-01	1.52e-01	2.06e-02	9.11e-04
 6.25307e+22	1.29e-28	3.75e-20	1.34e-16	3.17e-14	3.38e-12	2.62e-10	7.43e-07	1.41e-04	5.48e-03	4.19e-02	1.83e-01	3.06e-01	1.96e-01	1.03e-01	1.44e-01	1.90e-02	8.18e-04
 6.26736e+22	1.87e-28	5.19e-20	1.79e-16	4.05e-14	4.15e-12	3.07e-10	8.46e-07	1.59e-04	6.06e-03	4.51e-02	1.92e-01	3.12e-01	1.94e-01	9.88e-02	1.34e-01	1.70e-02	7.06e-04
 6.28187e+22	2.49e-28	6.64e-20	2.22e-16	4.90e-14	4.85e-12	3.49e-10	9.36e-07	1.75e-04	6.55e-03	4.76e-02	1.98e-01	3.16e-01	1.92e-01	9.56e-02	1.27e-01	1.57e-02	6.31e-04
 6.29467e+22	3.30e-28	8.48e-20	2.77e-16	5.91e-14	5.67e-12	3.95e-10	1.03e-06	1.91e-04	7.07e-03	5.03e-02	2.05e-01	3.20e-01	1.90e-01	9.24e-02	1.20e-01	1.44e-02	5.63e-04
 6.30736e+22	4.36e-28	1.08e-19	3.43e-16	7.11e-14	6.62e-12	4.47e-10	1.14e-06	2.09e-04	7.61e-03	5.30e-02	2.11e-01	3.24e-01	1.88e-01	8.92e-02	1.13e-01	1.32e-02	5.03e-04
 6.32195e+22	6.23e-28	1.47e-19	4.51e-16	9.01e-14	8.06e-12	5.23e-10	1.29e-06	2.34e-04	8.36e-03	5.66e-02	2.19e-01	3.28e-01	1.85e-01	8.52e-02	1.05e-01	1.18e-02	4.34e-04
 6.33664e+22	8.23e-28	1.87e-19	5.59e-16	1.08e-13	9.40e-12	5.92e-10	1.42e-06	2.55e-04	8.99e-03	5.96e-02	2.25e-01	3.31e-01	1.83e-01	8.21e-02	9.93e-02	1.08e-02	3.87e-04
 6.35146e+22	1.18e-27	2.55e-19	7.36e-16	1.38e-13	1.15e-11	6.94e-10	1.61e-06	2.85e-04	9.85e-03	6.35e-02	2.33e-01	3.34e-01	1.79e-01	7.81e-02	9.19e-02	9.67e-03	3.33e-04
 6.36644e+22	1.54e-27	3.23e-19	9.08e-16	1.65e-13	1.33e-11	7.85e-10	1.77e-06	3.11e-04	1.06e-02	6.66e-02	2.39e-01	3.36e-01	1.76e-01	7.52e-02	8.66e-02	8.87e-03	2.97e-04
 6.38163e+22	2.21e-27	4.40e-19	1.20e-15	2.09e-13	1.63e-11	9.21e-10	2.00e-06	3.47e-04	1.16e-02	7.08e-02	2.47e-01	3.38e-01	1.72e-01	7.13e-02	8.00e-02	7.89e-03	2.54e-04
 6.39712e+22	2.92e-27	5.59e-19	1.48e-15	2.52e-13	1.90e-11	1.05e-09	2.21e-06	3.79e-04	1.24e-02	7.43e-02	2.53e-01	3.40e-01	1.69e-01	6.84e-02	7.51e-02	7.20e-03	2.26e-04
 6.41302e+22	4.20e-27	7.66e-19	1.96e-15	3.22e-13	2.33e-11	1.23e-09	2.51e-06	4.23e-04	1.36e-02	7.89e-02	2.61e-01	3.41e-01	1.65e-01	6.47e-02	6.90e-02	6.37e-03	1.92e-04
 6.42927e+22	5.59e-27	9.80e-19	2.45e-15	3.90e-13	2.74e-11	1.41e-09	2.78e-06	4.63e-04	1.46e-02	8.27e-02	2.67e-01	3.42e-01	1.61e-01	6.18e-02	6.46e-02	5.79e-03	1.70e-04
 6.44597e+22	8.08e-27	1.35e-18	3.25e-15	4.99e-13	3.38e-11	1.67e-09	3.17e-06	5.18e-04	1.59e-02	8.77e-02	2.75e-01	3.42e-01	1.56e-01	5.83e-02	5.92e-02	5.10e-03	1.44e-04
 6.46320e+22	1.09e-26	1.75e-18	4.11e-15	6.12e-13	4.01e-11	1.92e-09	3.54e-06	5.68e-04	1.71e-02	9.20e-02	2.81e-01	3.42e-01	1.52e-01	5.54e-02	5.50e-02	4.59e-03	1.26e-04
 6.47808e+22	1.43e-26	2.20e-18	5.05e-15	7.33e-13	4.67e-11	2.17e-09	3.90e-06	6.17e-04	1.83e-02	9.60e-02	2.86e-01	3.42e-01	1.49e-01	5.29e-02	5.15e-02	4.18e-03	1.11e-04
 6.49441e+22	2.05e-26	3.00e-18	6.65e-15	9.32e-13	5.72e-11	2.56e-09	4.43e-06	6.87e-04	1.99e-02	1.01e-01	2.93e-01	3.41e-01	1.44e-01	4.98e-02	4.71e-02	3.68e-03	9.44e-05
 6.51096e+22	2.69e-26	3.80e-18	8.22e-15	1.12e-12	6.69e-11	2.91e-09	4.89e-06	7.47e-04	2.12e-02	1.06e-01	2.98e-01	3.39e-01	1.40e-01	4.74e-02	4.40e-02	3.34e-03	8.33e-05
 6.52780e+22	3.78e-26	5.09e-18	1.07e-14	1.41e-12	8.13e-11	3.42e-09	5.54e-06	8.29e-04	2.30e-02	1.11e-01	3.04e-01	3.38e-01	1.35e-01	4.46e-02	4.03e-02	2.96e-03	7.12e-05
 6.54558e+22	5.19e-26	6.67e-18	1.36e-14	1.75e-12	9.74e-11	3.96e-09	6.21e-06	9.11e-04	2.47e-02	1.16e-01	3.10e-01	3.36e-01	1.31e-01	4.21e-02	3.72e-02	2.64e-03	6.14e-05
 6.56190e+22	6.96e-26	8.58e-18	1.71e-14	2.13e-12	1.15e-10	4.55e-09	6.91e-06	9.96e-04	2.64e-02	1.21e-01	3.15e-01	3.33e-01	1.27e-01	3.98e-02	3.44e-02	2.37e-03	5.35e-05
 6.58044e+22	1.00e-25	1.18e-17	2.27e-14	2.73e-12	1.42e-10	5.41e-09	7.91e-06	1.11e-03	2.87e-02	1.27e-01	3.20e-01	3.30e-01	1.22e-01	3.71e-02	3.13e-02	2.07e-03	4.50e-05
 6.60005e+22	1.41e-25	1.57e-17	2.94e-14	3.43e-12	1.73e-10	6.35e-09	8.95e-06	1.23e-03	3.10e-02	1.33e-01	3.26e-01	3.27e-01	1.17e-01	3.48e-02	2.85e-02	1.82e-03	3.82e-05
 6.61820e+22	1.94e-25	2.07e-17	3.76e-14	4.26e-12	2.08e-10	7.39e-09	1.01e-05	1.35e-03	3.32e-02	1.39e-01	3.30e-01	3.23e-01	1.13e-01	3.26e-02	2.62e-02	1.62e-03	3.28e-05
 6.63891e+22	2.93e-25	2.93e-17	5.15e-14	5.61e-12	2.63e-10	8.97e-09	1.17e-05	1.53e-03	3.64e-02	1.47e-01	3.36e-01	3.18e-01	1.07e-01	3.00e-02	2.34e-02	1.38e-03	2.69e-05
 6.65935e+22	3.99e-25	3.82e-17	6.54e-14	6.92e-12	3.14e-10	1.04e-08	1.31e-05	1.68e-03	3.89e-02	1.53e-01	3.39e-01	3.14e-01	1.03e-01	2.82e-02	2.15e-02	1.23e-03	2.32e-05
 6.67943e+22	5.92e-25	5.35e-17	8.85e-14	9.03e-12	3.94e-10	1.25e-08	1.52e-05	1.88e-03	4.23e-02	1.60e-01	3.44e-01	3.08e-01	9.75e-02	2.59e-02	1.92e-02	1.06e-03	1.91e-05
 6.69973e+22	8.10e-25	6.99e-17	1.13e-13	1.11e-11	4.71e-10	1.45e-08	1.70e-05	2.06e-03	4.52e-02	1.66e-01	3.47e-01	3.03e-01	9.34e-02	2.43e-02	1.76e-02	9.34e-04	1.63e-05
 6.72034e+22	1.21e-24	9.83e-17	1.53e-13	1.46e-11	5.93e-10	1.76e-08	1.97e-05	2.32e-03	4.92e-02	1.74e-01	3.50e-01	2.97e-01	8.82e-02	2.22e-02	1.56e-02	7.96e-04	1.33e-05
 6.74123e+22	1.66e-24	1.29e-16	1.96e-13	1.81e-11	7.13e-10	2.05e-08	2.22e-05	2.54e-03	5.25e-02	1.81e-01	3.53e-01	2.91e-01	8.42e-02	2.07e-02	1.42e-02	7.01e-04	1.14e-05
 6.76246e+22	2.50e-24	1.83e-16	2.68e-13	2.39e-11	9.03e-10	2.49e-08	2.57e-05	2.86e-03	5.71e-02	1.89e-01	3.55e-01	2.84e-01	7.92e-02	1.89e-02	1.26e-02	5.93e-04	9.20e-06
 6.78395e+22	3.47e-24	2.42e-16	3.44e-13	2.98e-11	1.09e-09	2.91e-08	2.90e-05	3.14e-03	6.10e-02	1.96e-01	3.57e-01	2.78e-01	7.52e-02	1.75e-02	1.14e-02	5.19e-04	7.77e-06
 6.80580e+22	5.32e-24	3.49e-16	4.78e-13	3.98e-11	1.39e-09	3.56e-08	3.39e-05	3.55e-03	6.64e-02	2.05e-01	3.59e-01	2.70e-01	7.03e-02	1.59e-02	1.00e-02	4.34e-04	6.20e-06
 6.82771e+22	7.32e-24	4.58e-16	6.11e-13	4.94e-11	1.68e-09	4.15e-08	3.81e-05	3.89e-03	7.07e-02	2.12e-01	3.59e-01	2.64e-01	6.67e-02	1.47e-02	9.06e-03	3.80e-04	5.24e-06
 6.84970e+22	1.12e-23	6.60e-16	8.51e-13	6.61e-11	2.15e-09	5.10e-08	4.46e-05	4.39e-03	7.68e-02	2.20e-01	3.60e-01	2.55e-01	6.21e-02	1.33e-02	7.91e-03	3.16e-04	4.16e-06
 6.87195e+22	1.56e-23	8.76e-16	1.10e-12	8.27e-11	2.60e-09	5.98e-08	5.03e-05	4.81e-03	8.18e-02	2.27e-01	3.60e-01	2.48e-01	5.87e-02	1.22e-02	7.11e-03	2.74e-04	3.48e-06
 6.89454e+22	2.40e-23	1.27e-15	1.53e-12	1.11e-10	3.34e-09	7.36e-08	5.89e-05	5.44e-03	8.87e-02	2.36e-01	3.59e-01	2.39e-01	5.43e-02	1.10e-02	6.18e-03	2.27e-04	2.75e-06
 6.91755e+22	3.38e-23	1.70e-15	1.99e-12	1.40e-10	4.08e-09	8.68e-08	6.69e-05	5.99e-03	9.46e-02	2.43e-01	3.57e-01	2.32e-01	5.10e-02	1.01e-02	5.52e-03	1.95e-04	2.27e-06
 6.94109e+22	5.33e-23	2.52e-15	2.85e-12	1.92e-10	5.33e-09	1.09e-07	7.92e-05	6.80e-03	1.03e-01	2.53e-01	3.55e-01	2.22e-01	4.69e-02	8.94e-03	4.73e-03	1.58e-04	1.75e-06
 6.96358e+22	7.23e-23	3.27e-15	3.61e-12	2.36e-10	6.38e-09	1.26e-07	8.87e-05	7.41e-03	1.09e-01	2.59e-01	3.53e-01	2.15e-01	4.42e-02	8.24e-03	4.26e-03	1.38e-04	1.47e-06
 6.98472e+22	1.08e-22	4.64e-15	4.95e-12	3.13e-10	8.11e-09	1.54e-07	1.03e-04	8.31e-03	1.17e-01	2.67e-01	3.49e-01	2.06e-01	4.08e-02	7.39e-03	3.69e-03	1.14e-04	1.16e-06
