#depth	Ne	Ne+	Ne+2	Ne+3	Ne+4	Ne+5	Ne+6	Ne+7	Ne+8	Ne+9	Ne+10
 1.54284e+22	5.01e-15	4.62e-10	1.52e-06	3.47e-04	1.91e-02	1.63e-01	2.53e-01	1.96e-01	3.24e-01	4.25e-02	1.52e-03
 3.47372e+22	9.56e-15	1.12e-09	4.00e-06	8.18e-04	3.61e-02	2.39e-01	2.83e-01	1.88e-01	2.31e-01	2.19e-02	5.69e-04
 4.05578e+22	1.51e-14	1.86e-09	6.57e-06	1.23e-03	4.79e-02	2.79e-01	2.88e-01	1.77e-01	1.90e-01	1.55e-02	3.48e-04
 4.34681e+22	1.96e-14	2.43e-09	8.44e-06	1.51e-03	5.49e-02	2.99e-01	2.89e-01	1.71e-01	1.71e-01	1.30e-02	2.70e-04
 4.49715e+22	2.27e-14	2.82e-09	9.69e-06	1.68e-03	5.90e-02	3.10e-01	2.89e-01	1.67e-01	1.62e-01	1.18e-02	2.35e-04
 4.60362e+22	2.64e-14	3.27e-09	1.11e-05	1.87e-03	6.33e-02	3.21e-01	2.88e-01	1.63e-01	1.52e-01	1.07e-02	2.05e-04
 4.72584e+22	3.23e-14	3.98e-09	1.32e-05	2.15e-03	6.93e-02	3.35e-01	2.86e-01	1.57e-01	1.41e-01	9.36e-03	1.71e-04
 4.84812e+22	3.80e-14	4.63e-09	1.51e-05	2.38e-03	7.40e-02	3.45e-01	2.85e-01	1.53e-01	1.32e-01	8.47e-03	1.49e-04
 4.97049e+22	4.71e-14	5.66e-09	1.80e-05	2.72e-03	8.06e-02	3.59e-01	2.82e-01	1.47e-01	1.22e-01	7.41e-03	1.23e-04
 5.09485e+22	5.61e-14	6.64e-09	2.06e-05	3.01e-03	8.60e-02	3.69e-01	2.79e-01	1.42e-01	1.14e-01	6.66e-03	1.07e-04
 5.22181e+22	7.08e-14	8.19e-09	2.47e-05	3.45e-03	9.36e-02	3.82e-01	2.75e-01	1.36e-01	1.04e-01	5.78e-03	8.78e-05
 5.35081e+22	8.54e-14	9.67e-09	2.84e-05	3.82e-03	9.97e-02	3.92e-01	2.72e-01	1.31e-01	9.70e-02	5.17e-03	7.55e-05
 5.48247e+22	1.10e-13	1.21e-08	3.41e-05	4.37e-03	1.08e-01	4.04e-01	2.66e-01	1.24e-01	8.80e-02	4.44e-03	6.14e-05
 5.61636e+22	1.34e-13	1.43e-08	3.93e-05	4.85e-03	1.15e-01	4.14e-01	2.62e-01	1.19e-01	8.15e-02	3.94e-03	5.24e-05
 5.75314e+22	1.74e-13	1.80e-08	4.74e-05	5.55e-03	1.25e-01	4.25e-01	2.55e-01	1.12e-01	7.34e-02	3.36e-03	4.22e-05
 5.89331e+22	2.15e-13	2.16e-08	5.49e-05	6.17e-03	1.33e-01	4.34e-01	2.50e-01	1.07e-01	6.74e-02	2.95e-03	3.55e-05
 6.03786e+22	2.86e-13	2.74e-08	6.66e-05	7.08e-03	1.44e-01	4.44e-01	2.42e-01	9.98e-02	6.02e-02	2.48e-03	2.82e-05
 6.18552e+22	3.58e-13	3.31e-08	7.74e-05	7.88e-03	1.53e-01	4.52e-01	2.36e-01	9.44e-02	5.49e-02	2.16e-03	2.35e-05
 6.33723e+22	4.82e-13	4.24e-08	9.42e-05	9.04e-03	1.65e-01	4.61e-01	2.27e-01	8.76e-02	4.85e-02	1.80e-03	1.84e-05
 6.49067e+22	6.07e-13	5.13e-08	1.09e-04	1.00e-02	1.75e-01	4.67e-01	2.20e-01	8.24e-02	4.40e-02	1.56e-03	1.53e-05
 6.64636e+22	8.24e-13	6.60e-08	1.33e-04	1.15e-02	1.89e-01	4.74e-01	2.10e-01	7.59e-02	3.86e-02	1.29e-03	1.18e-05
 6.80390e+22	1.04e-12	7.99e-08	1.55e-04	1.27e-02	1.99e-01	4.78e-01	2.03e-01	7.11e-02	3.49e-02	1.11e-03	9.73e-06
 6.96382e+22	1.42e-12	1.03e-07	1.88e-04	1.45e-02	2.14e-01	4.83e-01	1.93e-01	6.50e-02	3.04e-02	9.07e-04	7.48e-06
 7.12044e+22	1.77e-12	1.23e-07	2.16e-04	1.59e-02	2.24e-01	4.85e-01	1.86e-01	6.09e-02	2.75e-02	7.86e-04	6.20e-06
 7.27276e+22	2.38e-12	1.56e-07	2.59e-04	1.80e-02	2.38e-01	4.87e-01	1.76e-01	5.57e-02	2.40e-02	6.47e-04	4.81e-06
 7.43070e+22	3.01e-12	1.89e-07	2.99e-04	1.98e-02	2.50e-01	4.88e-01	1.69e-01	5.17e-02	2.15e-02	5.53e-04	3.92e-06
 7.56511e+22	3.72e-12	2.24e-07	3.40e-04	2.15e-02	2.61e-01	4.87e-01	1.62e-01	4.84e-02	1.95e-02	4.79e-04	3.26e-06
 7.70903e+22	4.84e-12	2.76e-07	3.98e-04	2.39e-02	2.74e-01	4.86e-01	1.53e-01	4.44e-02	1.72e-02	4.00e-04	2.58e-06
 7.85534e+22	6.04e-12	3.29e-07	4.55e-04	2.60e-02	2.85e-01	4.85e-01	1.46e-01	4.12e-02	1.54e-02	3.44e-04	2.12e-06
 7.98444e+22	7.45e-12	3.89e-07	5.15e-04	2.82e-02	2.96e-01	4.83e-01	1.40e-01	3.84e-02	1.39e-02	2.97e-04	1.75e-06
 8.13197e+22	9.66e-12	4.79e-07	6.02e-04	3.12e-02	3.10e-01	4.79e-01	1.32e-01	3.51e-02	1.22e-02	2.47e-04	1.38e-06
 8.28575e+22	1.23e-11	5.79e-07	6.92e-04	3.41e-02	3.22e-01	4.75e-01	1.25e-01	3.22e-02	1.08e-02	2.08e-04	1.11e-06
 8.42363e+22	1.52e-11	6.86e-07	7.85e-04	3.69e-02	3.34e-01	4.71e-01	1.18e-01	2.98e-02	9.65e-03	1.78e-04	9.08e-07
 8.57885e+22	1.99e-11	8.47e-07	9.18e-04	4.07e-02	3.48e-01	4.64e-01	1.11e-01	2.70e-02	8.38e-03	1.46e-04	7.06e-07
 8.74086e+22	2.54e-11	1.03e-06	1.06e-03	4.45e-02	3.61e-01	4.58e-01	1.04e-01	2.46e-02	7.35e-03	1.22e-04	5.58e-07
 8.88665e+22	3.17e-11	1.22e-06	1.20e-03	4.82e-02	3.73e-01	4.51e-01	9.79e-02	2.26e-02	6.51e-03	1.03e-04	4.50e-07
 9.05114e+22	4.19e-11	1.52e-06	1.41e-03	5.31e-02	3.87e-01	4.42e-01	9.07e-02	2.03e-02	5.59e-03	8.32e-05	3.43e-07
 9.22135e+22	5.36e-11	1.85e-06	1.62e-03	5.78e-02	4.00e-01	4.33e-01	8.45e-02	1.84e-02	4.86e-03	6.86e-05	2.69e-07
 9.37333e+22	6.74e-11	2.21e-06	1.85e-03	6.25e-02	4.11e-01	4.25e-01	7.90e-02	1.67e-02	4.27e-03	5.73e-05	2.14e-07
 9.54523e+22	8.96e-11	2.76e-06	2.17e-03	6.88e-02	4.25e-01	4.13e-01	7.25e-02	1.49e-02	3.62e-03	4.57e-05	1.60e-07
 9.72388e+22	1.16e-10	3.36e-06	2.51e-03	7.49e-02	4.37e-01	4.02e-01	6.70e-02	1.33e-02	3.11e-03	3.72e-05	1.23e-07
 9.88451e+22	1.46e-10	4.04e-06	2.86e-03	8.09e-02	4.48e-01	3.91e-01	6.21e-02	1.20e-02	2.70e-03	3.06e-05	0.00e+00
 1.00665e+23	1.98e-10	5.09e-06	3.37e-03	8.91e-02	4.61e-01	3.77e-01	5.62e-02	1.06e-02	2.25e-03	2.39e-05	0.00e+00
 1.02543e+23	2.55e-10	6.20e-06	3.88e-03	9.65e-02	4.72e-01	3.65e-01	5.15e-02	9.42e-03	1.92e-03	1.93e-05	0.00e+00
 1.04233e+23	3.25e-10	7.48e-06	4.44e-03	1.04e-01	4.81e-01	3.53e-01	4.73e-02	8.43e-03	1.65e-03	1.56e-05	0.00e+00
 1.06170e+23	4.44e-10	9.51e-06	5.26e-03	1.15e-01	4.93e-01	3.37e-01	4.22e-02	7.29e-03	1.35e-03	1.19e-05	0.00e+00
 1.08134e+23	5.76e-10	1.16e-05	6.05e-03	1.24e-01	5.01e-01	3.23e-01	3.83e-02	6.45e-03	1.14e-03	9.47e-06	0.00e+00
 1.09870e+23	7.34e-10	1.40e-05	6.89e-03	1.33e-01	5.09e-01	3.10e-01	3.49e-02	5.73e-03	9.71e-04	7.62e-06	0.00e+00
 1.11865e+23	1.01e-09	1.78e-05	8.16e-03	1.46e-01	5.17e-01	2.93e-01	3.08e-02	4.91e-03	7.84e-04	5.71e-06	0.00e+00
 1.13889e+23	1.30e-09	2.17e-05	9.36e-03	1.56e-01	5.23e-01	2.79e-01	2.77e-02	4.31e-03	6.56e-04	4.50e-06	0.00e+00
 1.15951e+23	1.78e-09	2.75e-05	1.10e-02	1.71e-01	5.28e-01	2.62e-01	2.43e-02	3.67e-03	5.26e-04	3.35e-06	0.00e+00
 1.18054e+23	2.32e-09	3.35e-05	1.27e-02	1.83e-01	5.32e-01	2.47e-01	2.17e-02	3.20e-03	4.36e-04	2.60e-06	0.00e+00
 1.19921e+23	3.00e-09	4.07e-05	1.45e-02	1.96e-01	5.34e-01	2.33e-01	1.94e-02	2.79e-03	3.61e-04	2.02e-06	0.00e+00
 1.22064e+23	4.13e-09	5.18e-05	1.71e-02	2.12e-01	5.35e-01	2.16e-01	1.67e-02	2.34e-03	2.84e-04	1.47e-06	0.00e+00
 1.24242e+23	5.36e-09	6.31e-05	1.95e-02	2.27e-01	5.34e-01	2.03e-01	1.48e-02	2.02e-03	2.33e-04	1.13e-06	0.00e+00
 1.26468e+23	7.46e-09	8.08e-05	2.30e-02	2.45e-01	5.31e-01	1.86e-01	1.26e-02	1.68e-03	1.80e-04	8.02e-07	0.00e+00
 1.28644e+23	9.50e-09	9.68e-05	2.60e-02	2.59e-01	5.28e-01	1.74e-01	1.12e-02	1.46e-03	1.49e-04	6.22e-07	0.00e+00
 1.30755e+23	1.29e-08	1.22e-04	3.03e-02	2.78e-01	5.22e-01	1.59e-01	9.52e-03	1.21e-03	1.16e-04	4.46e-07	0.00e+00
 1.32793e+23	1.61e-08	1.43e-04	3.37e-02	2.91e-01	5.17e-01	1.49e-01	8.49e-03	1.06e-03	9.65e-05	3.52e-07	0.00e+00
 1.34739e+23	2.11e-08	1.75e-04	3.86e-02	3.08e-01	5.08e-01	1.36e-01	7.32e-03	8.95e-04	7.66e-05	2.60e-07	0.00e+00
 1.36695e+23	2.62e-08	2.05e-04	4.29e-02	3.22e-01	5.01e-01	1.27e-01	6.49e-03	7.79e-04	6.35e-05	2.03e-07	0.00e+00
 1.38667e+23	3.44e-08	2.51e-04	4.89e-02	3.39e-01	4.90e-01	1.15e-01	5.55e-03	6.53e-04	4.99e-05	1.48e-07	0.00e+00
 1.40680e+23	4.31e-08	2.96e-04	5.44e-02	3.54e-01	4.80e-01	1.06e-01	4.87e-03	5.62e-04	4.08e-05	0.00e+00	0.00e+00
 1.42474e+23	5.35e-08	3.47e-04	6.02e-02	3.68e-01	4.69e-01	9.82e-02	4.27e-03	4.85e-04	3.34e-05	0.00e+00	0.00e+00
 1.44532e+23	7.03e-08	4.24e-04	6.84e-02	3.85e-01	4.54e-01	8.82e-02	3.61e-03	4.00e-04	2.58e-05	0.00e+00	0.00e+00
 1.46617e+23	8.81e-08	4.99e-04	7.59e-02	3.99e-01	4.41e-01	8.05e-02	3.13e-03	3.41e-04	2.08e-05	0.00e+00	0.00e+00
 1.48455e+23	1.09e-07	5.81e-04	8.36e-02	4.11e-01	4.28e-01	7.36e-02	2.73e-03	2.92e-04	1.69e-05	0.00e+00	0.00e+00
 1.50236e+23	1.33e-07	6.72e-04	9.16e-02	4.23e-01	4.15e-01	6.74e-02	2.39e-03	2.51e-04	1.38e-05	0.00e+00	0.00e+00
 1.51881e+23	1.60e-07	7.66e-04	9.94e-02	4.33e-01	4.02e-01	6.21e-02	2.11e-03	2.18e-04	1.15e-05	0.00e+00	0.00e+00
 1.53680e+23	2.00e-07	9.01e-04	1.10e-01	4.46e-01	3.86e-01	5.59e-02	1.80e-03	1.83e-04	9.09e-06	0.00e+00	0.00e+00
 1.55493e+23	2.39e-07	1.02e-03	1.19e-01	4.55e-01	3.73e-01	5.12e-02	1.59e-03	1.59e-04	7.52e-06	0.00e+00	0.00e+00
 1.57324e+23	2.98e-07	1.20e-03	1.31e-01	4.65e-01	3.56e-01	4.58e-02	1.35e-03	1.32e-04	5.92e-06	0.00e+00	0.00e+00
 1.59174e+23	3.58e-07	1.36e-03	1.41e-01	4.73e-01	3.41e-01	4.16e-02	1.18e-03	1.13e-04	4.83e-06	0.00e+00	0.00e+00
 1.60777e+23	4.24e-07	1.54e-03	1.52e-01	4.80e-01	3.28e-01	3.80e-02	1.04e-03	9.77e-05	3.99e-06	0.00e+00	0.00e+00
 1.62590e+23	5.24e-07	1.78e-03	1.66e-01	4.87e-01	3.11e-01	3.38e-02	8.80e-04	8.10e-05	3.12e-06	0.00e+00	0.00e+00
 1.64447e+23	6.27e-07	2.02e-03	1.79e-01	4.92e-01	2.96e-01	3.05e-02	7.63e-04	6.88e-05	2.53e-06	0.00e+00	0.00e+00
 1.66096e+23	7.41e-07	2.27e-03	1.91e-01	4.96e-01	2.82e-01	2.75e-02	6.65e-04	5.88e-05	2.06e-06	0.00e+00	0.00e+00
 1.67977e+23	9.16e-07	2.63e-03	2.08e-01	5.00e-01	2.64e-01	2.42e-02	5.57e-04	4.80e-05	1.59e-06	0.00e+00	0.00e+00
 1.69888e+23	1.09e-06	2.97e-03	2.23e-01	5.02e-01	2.50e-01	2.16e-02	4.79e-04	4.04e-05	1.27e-06	0.00e+00	0.00e+00
 1.71573e+23	1.29e-06	3.33e-03	2.38e-01	5.03e-01	2.36e-01	1.93e-02	4.14e-04	3.41e-05	1.03e-06	0.00e+00	0.00e+00
 1.73500e+23	1.59e-06	3.84e-03	2.57e-01	5.03e-01	2.19e-01	1.68e-02	3.43e-04	2.75e-05	7.81e-07	0.00e+00	0.00e+00
 1.75465e+23	1.89e-06	4.32e-03	2.74e-01	5.01e-01	2.05e-01	1.48e-02	2.92e-04	2.28e-05	6.18e-07	0.00e+00	0.00e+00
 1.77210e+23	2.22e-06	4.83e-03	2.91e-01	4.99e-01	1.92e-01	1.31e-02	2.50e-04	1.90e-05	4.92e-07	0.00e+00	0.00e+00
 1.79211e+23	2.73e-06	5.56e-03	3.14e-01	4.94e-01	1.75e-01	1.12e-02	2.04e-04	1.50e-05	3.66e-07	0.00e+00	0.00e+00
 1.81251e+23	3.24e-06	6.23e-03	3.33e-01	4.88e-01	1.62e-01	9.77e-03	1.72e-04	1.23e-05	2.85e-07	0.00e+00	0.00e+00
 1.83342e+23	4.01e-06	7.17e-03	3.58e-01	4.80e-01	1.47e-01	8.20e-03	1.38e-04	9.50e-06	2.07e-07	0.00e+00	0.00e+00
 1.85452e+23	4.74e-06	8.01e-03	3.78e-01	4.72e-01	1.35e-01	7.10e-03	1.15e-04	7.69e-06	1.60e-07	0.00e+00	0.00e+00
 1.87588e+23	5.82e-06	9.16e-03	4.04e-01	4.60e-01	1.21e-01	5.91e-03	9.23e-05	5.89e-06	0.00e+00	0.00e+00	0.00e+00
 1.89778e+23	6.93e-06	1.03e-02	4.26e-01	4.49e-01	1.09e-01	5.03e-03	7.57e-05	4.67e-06	0.00e+00	0.00e+00	0.00e+00
 1.91718e+23	8.14e-06	1.14e-02	4.47e-01	4.37e-01	9.94e-02	4.31e-03	6.28e-05	3.73e-06	0.00e+00	0.00e+00	0.00e+00
 1.93921e+23	9.99e-06	1.30e-02	4.75e-01	4.21e-01	8.75e-02	3.51e-03	4.91e-05	2.78e-06	0.00e+00	0.00e+00	0.00e+00
 1.95857e+23	1.13e-05	1.40e-02	4.91e-01	4.11e-01	8.10e-02	3.10e-03	4.24e-05	2.33e-06	0.00e+00	0.00e+00	0.00e+00
 1.97444e+23	1.29e-05	1.53e-02	5.10e-01	3.99e-01	7.36e-02	2.68e-03	3.56e-05	1.89e-06	0.00e+00	0.00e+00	0.00e+00
 1.99096e+23	1.46e-05	1.65e-02	5.26e-01	3.87e-01	6.76e-02	2.35e-03	3.05e-05	1.56e-06	0.00e+00	0.00e+00	0.00e+00
 2.00597e+23	1.64e-05	1.77e-02	5.42e-01	3.76e-01	6.22e-02	2.06e-03	2.62e-05	1.30e-06	0.00e+00	0.00e+00	0.00e+00
 2.02316e+23	1.89e-05	1.94e-02	5.62e-01	3.61e-01	5.57e-02	1.74e-03	2.15e-05	1.03e-06	0.00e+00	0.00e+00	0.00e+00
 2.04059e+23	2.13e-05	2.08e-02	5.78e-01	3.49e-01	5.07e-02	1.51e-03	1.82e-05	8.40e-07	0.00e+00	0.00e+00	0.00e+00
 2.05598e+23	2.40e-05	2.24e-02	5.93e-01	3.37e-01	4.61e-02	1.32e-03	1.55e-05	6.89e-07	0.00e+00	0.00e+00	0.00e+00
 2.07366e+23	2.77e-05	2.44e-02	6.13e-01	3.21e-01	4.08e-02	1.10e-03	1.26e-05	5.34e-07	0.00e+00	0.00e+00	0.00e+00
 2.09165e+23	3.12e-05	2.62e-02	6.28e-01	3.08e-01	3.68e-02	9.43e-04	1.06e-05	4.31e-07	0.00e+00	0.00e+00	0.00e+00
 2.11004e+23	3.62e-05	2.86e-02	6.47e-01	2.92e-01	3.23e-02	7.77e-04	8.45e-06	3.29e-07	0.00e+00	0.00e+00	0.00e+00
 2.12873e+23	4.08e-05	3.07e-02	6.61e-01	2.78e-01	2.89e-02	6.62e-04	7.03e-06	2.62e-07	0.00e+00	0.00e+00	0.00e+00
 2.14778e+23	4.73e-05	3.35e-02	6.79e-01	2.62e-01	2.50e-02	5.39e-04	5.56e-06	1.96e-07	0.00e+00	0.00e+00	0.00e+00
 2.16719e+23	5.34e-05	3.59e-02	6.93e-01	2.48e-01	2.22e-02	4.55e-04	4.58e-06	1.55e-07	0.00e+00	0.00e+00	0.00e+00
 2.18705e+23	6.20e-05	3.91e-02	7.10e-01	2.32e-01	1.90e-02	3.66e-04	3.57e-06	0.00e+00	0.00e+00	0.00e+00	0.00e+00
 2.20734e+23	7.01e-05	4.19e-02	7.23e-01	2.18e-01	1.67e-02	3.05e-04	2.90e-06	0.00e+00	0.00e+00	0.00e+00	0.00e+00
 2.22821e+23	8.13e-05	4.56e-02	7.37e-01	2.03e-01	1.42e-02	2.43e-04	2.24e-06	0.00e+00	0.00e+00	0.00e+00	0.00e+00
 2.24958e+23	9.27e-05	4.90e-02	7.49e-01	1.89e-01	1.23e-02	1.99e-04	1.78e-06	0.00e+00	0.00e+00	0.00e+00	0.00e+00
 2.26839e+23	1.04e-04	5.23e-02	7.60e-01	1.77e-01	1.07e-02	1.64e-04	1.44e-06	0.00e+00	0.00e+00	0.00e+00	0.00e+00
 2.28962e+23	1.21e-04	5.68e-02	7.71e-01	1.63e-01	8.94e-03	1.29e-04	1.09e-06	0.00e+00	0.00e+00	0.00e+00	0.00e+00
 2.31155e+23	1.37e-04	6.07e-02	7.80e-01	1.51e-01	7.66e-03	1.05e-04	8.63e-07	0.00e+00	0.00e+00	0.00e+00	0.00e+00
 2.33440e+23	1.61e-04	6.60e-02	7.91e-01	1.37e-01	6.29e-03	8.07e-05	6.38e-07	0.00e+00	0.00e+00	0.00e+00	0.00e+00
 2.35762e+23	1.83e-04	7.07e-02	7.98e-01	1.26e-01	5.33e-03	6.48e-05	4.97e-07	0.00e+00	0.00e+00	0.00e+00	0.00e+00
 2.38131e+23	2.12e-04	7.65e-02	8.05e-01	1.14e-01	4.35e-03	4.96e-05	3.66e-07	0.00e+00	0.00e+00	0.00e+00	0.00e+00
 2.40576e+23	2.44e-04	8.22e-02	8.10e-01	1.04e-01	3.62e-03	3.90e-05	2.77e-07	0.00e+00	0.00e+00	0.00e+00	0.00e+00
 2.42776e+23	2.77e-04	8.77e-02	8.14e-01	9.45e-02	3.03e-03	3.10e-05	2.13e-07	0.00e+00	0.00e+00	0.00e+00	0.00e+00
 2.45293e+23	3.25e-04	9.52e-02	8.18e-01	8.39e-02	2.41e-03	2.31e-05	1.51e-07	0.00e+00	0.00e+00	0.00e+00	0.00e+00
 2.47912e+23	3.73e-04	1.02e-01	8.20e-01	7.55e-02	1.97e-03	1.79e-05	0.00e+00	0.00e+00	0.00e+00	0.00e+00	0.00e+00
 2.50666e+23	4.43e-04	1.11e-01	8.21e-01	6.58e-02	1.53e-03	1.29e-05	0.00e+00	0.00e+00	0.00e+00	0.00e+00	0.00e+00
 2.53505e+23	5.09e-04	1.19e-01	8.20e-01	5.87e-02	1.23e-03	9.91e-06	0.00e+00	0.00e+00	0.00e+00	0.00e+00	0.00e+00
 2.56457e+23	6.16e-04	1.31e-01	8.18e-01	5.02e-02	9.26e-04	6.91e-06	0.00e+00	0.00e+00	0.00e+00	0.00e+00	0.00e+00
 2.59516e+23	7.08e-04	1.40e-01	8.15e-01	4.43e-02	7.39e-04	5.23e-06	0.00e+00	0.00e+00	0.00e+00	0.00e+00	0.00e+00
 2.62717e+23	8.63e-04	1.53e-01	8.08e-01	3.72e-02	5.42e-04	3.56e-06	0.00e+00	0.00e+00	0.00e+00	0.00e+00	0.00e+00
 2.66131e+23	1.03e-03	1.66e-01	8.01e-01	3.18e-02	4.11e-04	2.53e-06	0.00e+00	0.00e+00	0.00e+00	0.00e+00	0.00e+00
 2.69292e+23	1.20e-03	1.79e-01	7.92e-01	2.73e-02	3.17e-04	1.83e-06	0.00e+00	0.00e+00	0.00e+00	0.00e+00	0.00e+00
 2.72075e+23	1.37e-03	1.90e-01	7.85e-01	2.41e-02	2.57e-04	1.41e-06	0.00e+00	0.00e+00	0.00e+00	0.00e+00	0.00e+00
 2.74894e+23	1.61e-03	2.04e-01	7.74e-01	2.06e-02	1.97e-04	1.02e-06	0.00e+00	0.00e+00	0.00e+00	0.00e+00	0.00e+00
 2.77842e+23	1.84e-03	2.16e-01	7.64e-01	1.79e-02	1.57e-04	7.69e-07	0.00e+00	0.00e+00	0.00e+00	0.00e+00	0.00e+00
 2.80741e+23	2.16e-03	2.32e-01	7.51e-01	1.53e-02	1.21e-04	5.55e-07	0.00e+00	0.00e+00	0.00e+00	0.00e+00	0.00e+00
 2.83759e+23	2.49e-03	2.46e-01	7.38e-01	1.31e-02	9.55e-05	4.11e-07	0.00e+00	0.00e+00	0.00e+00	0.00e+00	0.00e+00
 2.86778e+23	2.91e-03	2.63e-01	7.23e-01	1.11e-02	7.39e-05	2.96e-07	0.00e+00	0.00e+00	0.00e+00	0.00e+00	0.00e+00
 2.89864e+23	3.37e-03	2.80e-01	7.07e-01	9.42e-03	5.77e-05	2.15e-07	0.00e+00	0.00e+00	0.00e+00	0.00e+00	0.00e+00
 2.92949e+23	3.92e-03	2.98e-01	6.90e-01	7.97e-03	4.51e-05	1.56e-07	0.00e+00	0.00e+00	0.00e+00	0.00e+00	0.00e+00
 2.95855e+23	4.45e-03	3.13e-01	6.75e-01	6.88e-03	3.64e-05	0.00e+00	0.00e+00	0.00e+00	0.00e+00	0.00e+00	0.00e+00
 2.98762e+23	5.17e-03	3.32e-01	6.57e-01	5.78e-03	2.86e-05	0.00e+00	0.00e+00	0.00e+00	0.00e+00	0.00e+00	0.00e+00
 3.01701e+23	5.89e-03	3.49e-01	6.40e-01	4.95e-03	2.30e-05	0.00e+00	0.00e+00	0.00e+00	0.00e+00	0.00e+00	0.00e+00
 3.04641e+23	6.80e-03	3.69e-01	6.20e-01	4.15e-03	1.82e-05	0.00e+00	0.00e+00	0.00e+00	0.00e+00	0.00e+00	0.00e+00
 3.07376e+23	7.65e-03	3.84e-01	6.04e-01	3.61e-03	1.51e-05	0.00e+00	0.00e+00	0.00e+00	0.00e+00	0.00e+00	0.00e+00
