#depth	He	He+	He+2
 1.54284e+22	4.82e-08	2.16e-03	9.98e-01
 3.47372e+22	8.60e-08	3.01e-03	9.97e-01
 4.05578e+22	1.15e-07	3.51e-03	9.96e-01
 4.34681e+22	1.33e-07	3.79e-03	9.96e-01
 4.49715e+22	1.44e-07	3.95e-03	9.96e-01
 4.60362e+22	1.56e-07	4.11e-03	9.96e-01
 4.72584e+22	1.73e-07	4.33e-03	9.96e-01
 4.84812e+22	1.87e-07	4.50e-03	9.95e-01
 4.97049e+22	2.07e-07	4.74e-03	9.95e-01
 5.09485e+22	2.24e-07	4.94e-03	9.95e-01
 5.22181e+22	2.49e-07	5.21e-03	9.95e-01
 5.35081e+22	2.70e-07	5.42e-03	9.95e-01
 5.48247e+22	3.01e-07	5.73e-03	9.94e-01
 5.61636e+22	3.27e-07	5.97e-03	9.94e-01
 5.75314e+22	3.66e-07	6.32e-03	9.94e-01
 5.89331e+22	3.99e-07	6.60e-03	9.93e-01
 6.03786e+22	4.48e-07	7.00e-03	9.93e-01
 6.18552e+22	4.91e-07	7.33e-03	9.93e-01
 6.33723e+22	5.53e-07	7.78e-03	9.92e-01
 6.49067e+22	6.06e-07	8.15e-03	9.92e-01
 6.64636e+22	6.85e-07	8.66e-03	9.91e-01
 6.80390e+22	7.52e-07	9.08e-03	9.91e-01
 6.96382e+22	8.52e-07	9.66e-03	9.90e-01
 7.12044e+22	9.30e-07	1.01e-02	9.90e-01
 7.27276e+22	1.05e-06	1.07e-02	9.89e-01
 7.43070e+22	1.15e-06	1.12e-02	9.89e-01
 7.56511e+22	1.25e-06	1.17e-02	9.88e-01
 7.70903e+22	1.39e-06	1.23e-02	9.88e-01
 7.85534e+22	1.52e-06	1.29e-02	9.87e-01
 7.98444e+22	1.65e-06	1.34e-02	9.87e-01
 8.13197e+22	1.84e-06	1.42e-02	9.86e-01
 8.28575e+22	2.02e-06	1.49e-02	9.85e-01
 8.42363e+22	2.21e-06	1.55e-02	9.84e-01
 8.57885e+22	2.46e-06	1.64e-02	9.84e-01
 8.74086e+22	2.73e-06	1.73e-02	9.83e-01
 8.88665e+22	2.99e-06	1.81e-02	9.82e-01
 9.05114e+22	3.35e-06	1.91e-02	9.81e-01
 9.22135e+22	3.72e-06	2.01e-02	9.80e-01
 9.37333e+22	4.09e-06	2.11e-02	9.79e-01
 9.54523e+22	4.61e-06	2.24e-02	9.78e-01
 9.72388e+22	5.14e-06	2.37e-02	9.76e-01
 9.88451e+22	5.68e-06	2.49e-02	9.75e-01
 1.00665e+23	6.46e-06	2.65e-02	9.74e-01
 1.02543e+23	7.21e-06	2.80e-02	9.72e-01
 1.04233e+23	8.02e-06	2.95e-02	9.71e-01
 1.06170e+23	9.18e-06	3.15e-02	9.68e-01
 1.08134e+23	1.03e-05	3.33e-02	9.67e-01
 1.09870e+23	1.15e-05	3.51e-02	9.65e-01
 1.11865e+23	1.32e-05	3.77e-02	9.62e-01
 1.13889e+23	1.48e-05	3.99e-02	9.60e-01
 1.15951e+23	1.70e-05	4.27e-02	9.57e-01
 1.18054e+23	1.92e-05	4.53e-02	9.55e-01
 1.19921e+23	2.16e-05	4.79e-02	9.52e-01
 1.22064e+23	2.50e-05	5.15e-02	9.48e-01
 1.24242e+23	2.82e-05	5.46e-02	9.45e-01
 1.26468e+23	3.29e-05	5.89e-02	9.41e-01
 1.28644e+23	3.68e-05	6.22e-02	9.38e-01
 1.30755e+23	4.26e-05	6.68e-02	9.33e-01
 1.32793e+23	4.72e-05	7.02e-02	9.30e-01
 1.34739e+23	5.38e-05	7.47e-02	9.25e-01
 1.36695e+23	5.97e-05	7.86e-02	9.21e-01
 1.38667e+23	6.81e-05	8.37e-02	9.16e-01
 1.40680e+23	7.60e-05	8.82e-02	9.12e-01
 1.42474e+23	8.45e-05	9.28e-02	9.07e-01
 1.44532e+23	9.67e-05	9.89e-02	9.01e-01
 1.46617e+23	1.08e-04	1.04e-01	8.96e-01
 1.48455e+23	1.20e-04	1.10e-01	8.90e-01
 1.50236e+23	1.33e-04	1.15e-01	8.85e-01
 1.51881e+23	1.46e-04	1.20e-01	8.80e-01
 1.53680e+23	1.64e-04	1.27e-01	8.73e-01
 1.55493e+23	1.79e-04	1.32e-01	8.68e-01
 1.57324e+23	2.01e-04	1.39e-01	8.61e-01
 1.59174e+23	2.21e-04	1.46e-01	8.54e-01
 1.60777e+23	2.41e-04	1.52e-01	8.48e-01
 1.62590e+23	2.69e-04	1.59e-01	8.40e-01
 1.64447e+23	2.96e-04	1.67e-01	8.33e-01
 1.66096e+23	3.24e-04	1.73e-01	8.26e-01
 1.67977e+23	3.62e-04	1.82e-01	8.17e-01
 1.69888e+23	3.98e-04	1.90e-01	8.09e-01
 1.71573e+23	4.36e-04	1.98e-01	8.01e-01
 1.73500e+23	4.88e-04	2.08e-01	7.91e-01
 1.75465e+23	5.36e-04	2.17e-01	7.82e-01
 1.77210e+23	5.87e-04	2.26e-01	7.73e-01
 1.79211e+23	6.58e-04	2.38e-01	7.62e-01
 1.81251e+23	7.25e-04	2.48e-01	7.52e-01
 1.83342e+23	8.17e-04	2.61e-01	7.39e-01
 1.85452e+23	8.99e-04	2.71e-01	7.28e-01
 1.87588e+23	1.01e-03	2.85e-01	7.14e-01
 1.89778e+23	1.12e-03	2.97e-01	7.02e-01
 1.91718e+23	1.23e-03	3.09e-01	6.90e-01
 1.93921e+23	1.38e-03	3.24e-01	6.75e-01
 1.95857e+23	1.48e-03	3.33e-01	6.65e-01
 1.97444e+23	1.61e-03	3.44e-01	6.54e-01
 1.99096e+23	1.73e-03	3.54e-01	6.44e-01
 2.00597e+23	1.85e-03	3.64e-01	6.34e-01
 2.02316e+23	2.02e-03	3.76e-01	6.22e-01
 2.04059e+23	2.18e-03	3.87e-01	6.11e-01
 2.05598e+23	2.33e-03	3.97e-01	6.00e-01
 2.07366e+23	2.55e-03	4.11e-01	5.87e-01
 2.09165e+23	2.74e-03	4.22e-01	5.76e-01
 2.11004e+23	3.00e-03	4.36e-01	5.61e-01
 2.12873e+23	3.24e-03	4.47e-01	5.49e-01
 2.14778e+23	3.55e-03	4.62e-01	5.34e-01
 2.16719e+23	3.83e-03	4.74e-01	5.22e-01
 2.18705e+23	4.20e-03	4.89e-01	5.07e-01
 2.20734e+23	4.54e-03	5.02e-01	4.94e-01
 2.22821e+23	4.98e-03	5.17e-01	4.78e-01
 2.24958e+23	5.41e-03	5.31e-01	4.64e-01
 2.26839e+23	5.83e-03	5.44e-01	4.51e-01
 2.28962e+23	6.41e-03	5.59e-01	4.34e-01
 2.31155e+23	6.94e-03	5.73e-01	4.20e-01
 2.33440e+23	7.66e-03	5.89e-01	4.03e-01
 2.35762e+23	8.31e-03	6.03e-01	3.89e-01
 2.38131e+23	9.13e-03	6.18e-01	3.73e-01
 2.40576e+23	9.97e-03	6.33e-01	3.57e-01
 2.42776e+23	1.08e-02	6.46e-01	3.43e-01
 2.45293e+23	1.20e-02	6.62e-01	3.26e-01
 2.47912e+23	1.30e-02	6.76e-01	3.11e-01
 2.50666e+23	1.45e-02	6.92e-01	2.93e-01
 2.53505e+23	1.59e-02	7.05e-01	2.79e-01
 2.56457e+23	1.79e-02	7.22e-01	2.60e-01
 2.59516e+23	1.95e-02	7.34e-01	2.46e-01
 2.62717e+23	2.20e-02	7.50e-01	2.28e-01
 2.66131e+23	2.45e-02	7.64e-01	2.12e-01
 2.69292e+23	2.71e-02	7.75e-01	1.98e-01
 2.72075e+23	2.93e-02	7.84e-01	1.87e-01
 2.74894e+23	3.23e-02	7.94e-01	1.74e-01
 2.77842e+23	3.51e-02	8.01e-01	1.63e-01
 2.80741e+23	3.87e-02	8.10e-01	1.52e-01
 2.83759e+23	4.21e-02	8.16e-01	1.41e-01
 2.86778e+23	4.63e-02	8.23e-01	1.31e-01
 2.89864e+23	5.07e-02	8.28e-01	1.21e-01
 2.92949e+23	5.54e-02	8.33e-01	1.12e-01
 2.95855e+23	5.99e-02	8.36e-01	1.05e-01
 2.98762e+23	6.55e-02	8.38e-01	9.63e-02
 3.01701e+23	7.08e-02	8.40e-01	8.94e-02
 3.04641e+23	7.72e-02	8.41e-01	8.22e-02
 3.07376e+23	8.28e-02	8.40e-01	7.69e-02
