#depth	O	O+	O+2	O+3	O+4	O+5	O+6	O+7	O+8	O[1]	O[2]	O[3]
 2.72873e+20	1.50e-05	1.22e-02	3.57e-01	5.25e-01	9.43e-02	1.03e-02	8.63e-04	2.17e-06	0.00e+00	1.50e-05	1.25e-13	1.48e-13
 1.63724e+21	1.98e-05	1.46e-02	3.85e-01	5.08e-01	8.39e-02	8.50e-03	6.62e-04	1.49e-06	0.00e+00	1.98e-05	1.74e-13	2.05e-13
 3.99567e+21	2.66e-05	1.75e-02	4.17e-01	4.85e-01	7.30e-02	6.77e-03	4.87e-04	9.65e-07	0.00e+00	2.66e-05	2.47e-13	2.91e-13
 6.57879e+21	3.54e-05	2.07e-02	4.51e-01	4.60e-01	6.27e-02	5.31e-03	3.52e-04	6.10e-07	0.00e+00	3.54e-05	3.50e-13	4.12e-13
 8.64700e+21	4.14e-05	2.28e-02	4.70e-01	4.45e-01	5.73e-02	4.60e-03	2.91e-04	4.67e-07	0.00e+00	4.14e-05	4.25e-13	4.99e-13
 1.03767e+22	5.14e-05	2.61e-02	4.95e-01	4.24e-01	5.09e-02	3.83e-03	2.28e-04	3.32e-07	0.00e+00	5.14e-05	5.55e-13	6.50e-13
 1.21422e+22	6.11e-05	2.90e-02	5.15e-01	4.06e-01	4.59e-02	3.27e-03	1.85e-04	2.47e-07	0.00e+00	6.11e-05	6.89e-13	8.04e-13
 1.34905e+22	6.87e-05	3.11e-02	5.29e-01	3.94e-01	4.27e-02	2.92e-03	1.60e-04	2.02e-07	0.00e+00	6.87e-05	7.98e-13	9.30e-13
 1.47793e+22	8.06e-05	3.43e-02	5.47e-01	3.77e-01	3.87e-02	2.52e-03	1.32e-04	1.54e-07	0.00e+00	8.06e-05	9.75e-13	1.13e-12
 1.57291e+22	8.39e-05	3.51e-02	5.53e-01	3.72e-01	3.75e-02	2.40e-03	1.24e-04	1.41e-07	0.00e+00	8.39e-05	1.03e-12	1.19e-12
 1.60431e+22	8.49e-05	3.53e-02	5.55e-01	3.70e-01	3.71e-02	2.37e-03	1.22e-04	1.37e-07	0.00e+00	8.49e-05	1.04e-12	1.21e-12
 1.62565e+22	8.76e-05	3.60e-02	5.58e-01	3.67e-01	3.64e-02	2.30e-03	1.17e-04	1.30e-07	0.00e+00	8.76e-05	1.09e-12	1.26e-12
 1.65338e+22	9.02e-05	3.66e-02	5.62e-01	3.63e-01	3.57e-02	2.23e-03	1.13e-04	0.00e+00	0.00e+00	9.02e-05	1.13e-12	1.31e-12
 1.68943e+22	9.39e-05	3.75e-02	5.66e-01	3.59e-01	3.48e-02	2.15e-03	1.07e-04	0.00e+00	0.00e+00	9.39e-05	1.19e-12	1.37e-12
 1.73630e+22	9.92e-05	3.88e-02	5.72e-01	3.53e-01	3.36e-02	2.04e-03	1.00e-04	0.00e+00	0.00e+00	9.92e-05	1.27e-12	1.47e-12
 1.79723e+22	1.07e-04	4.06e-02	5.80e-01	3.45e-01	3.20e-02	1.89e-03	9.12e-05	0.00e+00	0.00e+00	1.07e-04	1.40e-12	1.61e-12
 1.87644e+22	1.18e-04	4.31e-02	5.91e-01	3.34e-01	3.00e-02	1.72e-03	8.06e-05	0.00e+00	0.00e+00	1.18e-04	1.58e-12	1.82e-12
 1.97941e+22	1.33e-04	4.63e-02	6.03e-01	3.21e-01	2.77e-02	1.52e-03	6.90e-05	0.00e+00	0.00e+00	1.33e-04	1.85e-12	2.11e-12
 2.11327e+22	1.56e-04	5.10e-02	6.20e-01	3.03e-01	2.47e-02	1.29e-03	5.56e-05	0.00e+00	0.00e+00	1.56e-04	2.27e-12	2.58e-12
 2.24876e+22	1.74e-04	5.45e-02	6.32e-01	2.89e-01	2.26e-02	1.13e-03	4.71e-05	0.00e+00	0.00e+00	1.74e-04	2.64e-12	2.98e-12
 2.38637e+22	2.04e-04	5.99e-02	6.48e-01	2.71e-01	2.00e-02	9.52e-04	3.78e-05	0.00e+00	0.00e+00	2.04e-04	3.25e-12	3.64e-12
 2.52736e+22	2.29e-04	6.42e-02	6.60e-01	2.57e-01	1.81e-02	8.25e-04	3.16e-05	0.00e+00	0.00e+00	2.29e-04	3.81e-12	4.24e-12
 2.67273e+22	2.68e-04	7.04e-02	6.73e-01	2.39e-01	1.60e-02	6.88e-04	2.51e-05	0.00e+00	0.00e+00	2.68e-04	4.69e-12	5.18e-12
 2.82349e+22	3.04e-04	7.58e-02	6.85e-01	2.24e-01	1.43e-02	5.85e-04	2.05e-05	0.00e+00	0.00e+00	3.04e-04	5.58e-12	6.11e-12
 2.98123e+22	3.61e-04	8.38e-02	6.97e-01	2.06e-01	1.23e-02	4.73e-04	1.57e-05	0.00e+00	0.00e+00	3.61e-04	7.06e-12	7.62e-12
 3.13850e+22	4.06e-04	8.95e-02	7.07e-01	1.92e-01	1.09e-02	4.01e-04	1.28e-05	0.00e+00	0.00e+00	4.06e-04	8.34e-12	8.90e-12
 3.29513e+22	4.78e-04	9.86e-02	7.16e-01	1.75e-01	9.38e-03	3.24e-04	9.82e-06	0.00e+00	0.00e+00	4.78e-04	1.05e-11	1.10e-11
 3.45623e+22	5.40e-04	1.06e-01	7.24e-01	1.61e-01	8.23e-03	2.71e-04	7.86e-06	0.00e+00	0.00e+00	5.40e-04	1.25e-11	1.30e-11
 3.62313e+22	6.40e-04	1.17e-01	7.31e-01	1.45e-01	6.97e-03	2.14e-04	5.90e-06	0.00e+00	0.00e+00	6.40e-04	1.60e-11	1.62e-11
 3.79211e+22	7.25e-04	1.25e-01	7.36e-01	1.32e-01	6.05e-03	1.76e-04	4.65e-06	0.00e+00	0.00e+00	7.25e-04	1.91e-11	1.91e-11
 3.96379e+22	8.59e-04	1.38e-01	7.39e-01	1.17e-01	5.07e-03	1.38e-04	3.45e-06	0.00e+00	0.00e+00	8.59e-04	2.45e-11	2.39e-11
 4.13727e+22	9.79e-04	1.48e-01	7.41e-01	1.06e-01	4.35e-03	1.11e-04	2.68e-06	0.00e+00	0.00e+00	9.79e-04	2.96e-11	2.84e-11
 4.31307e+22	1.17e-03	1.64e-01	7.39e-01	9.19e-02	3.59e-03	8.49e-05	1.94e-06	0.00e+00	0.00e+00	1.17e-03	3.84e-11	3.59e-11
 4.48800e+22	1.33e-03	1.76e-01	7.37e-01	8.21e-02	3.06e-03	6.84e-05	1.50e-06	0.00e+00	0.00e+00	1.33e-03	4.64e-11	4.24e-11
 4.66179e+22	1.59e-03	1.96e-01	7.30e-01	7.05e-02	2.51e-03	5.15e-05	1.08e-06	0.00e+00	0.00e+00	1.59e-03	6.05e-11	5.37e-11
 4.83586e+22	1.82e-03	2.11e-01	7.23e-01	6.21e-02	2.13e-03	4.09e-05	8.28e-07	0.00e+00	0.00e+00	1.82e-03	7.37e-11	6.38e-11
 5.01029e+22	2.19e-03	2.34e-01	7.10e-01	5.24e-02	1.73e-03	3.01e-05	5.86e-07	0.00e+00	0.00e+00	2.19e-03	9.71e-11	8.13e-11
 5.18446e+22	2.52e-03	2.53e-01	6.98e-01	4.54e-02	1.46e-03	2.35e-05	4.45e-07	0.00e+00	0.00e+00	2.52e-03	1.19e-10	9.74e-11
 5.35831e+22	3.06e-03	2.82e-01	6.77e-01	3.74e-02	1.17e-03	1.69e-05	3.11e-07	0.00e+00	0.00e+00	3.06e-03	1.58e-10	1.25e-10
 5.53189e+22	3.55e-03	3.05e-01	6.59e-01	3.18e-02	9.79e-04	1.29e-05	2.33e-07	0.00e+00	0.00e+00	3.55e-03	1.96e-10	1.51e-10
 5.70513e+22	4.36e-03	3.41e-01	6.29e-01	2.54e-02	7.76e-04	8.98e-06	1.59e-07	0.00e+00	0.00e+00	4.36e-03	2.63e-10	1.96e-10
 5.87782e+22	5.10e-03	3.70e-01	6.03e-01	2.10e-02	6.45e-04	6.68e-06	0.00e+00	0.00e+00	0.00e+00	5.10e-03	3.28e-10	2.38e-10
 6.04977e+22	6.28e-03	4.11e-01	5.66e-01	1.63e-02	5.09e-04	4.50e-06	0.00e+00	0.00e+00	0.00e+00	6.28e-03	4.38e-10	3.10e-10
 6.22360e+22	7.49e-03	4.48e-01	5.31e-01	1.30e-02	4.15e-04	3.18e-06	0.00e+00	0.00e+00	0.00e+00	7.49e-03	5.56e-10	3.84e-10
 6.39985e+22	9.36e-03	4.97e-01	4.84e-01	9.57e-03	3.21e-04	2.01e-06	0.00e+00	0.00e+00	0.00e+00	9.36e-03	7.53e-10	5.08e-10
 6.57818e+22	1.14e-02	5.41e-01	4.40e-01	7.18e-03	2.55e-04	1.33e-06	0.00e+00	0.00e+00	0.00e+00	1.14e-02	9.73e-10	6.43e-10
 6.72951e+22	1.37e-02	5.83e-01	3.98e-01	5.41e-03	2.05e-04	8.83e-07	0.00e+00	0.00e+00	0.00e+00	1.37e-02	1.24e-09	8.03e-10
 6.85859e+22	1.59e-02	6.16e-01	3.64e-01	4.25e-03	1.72e-04	6.28e-07	0.00e+00	0.00e+00	0.00e+00	1.59e-02	1.49e-09	9.60e-10
 6.98845e+22	1.91e-02	6.56e-01	3.21e-01	3.12e-03	1.37e-04	4.06e-07	0.00e+00	0.00e+00	0.00e+00	1.91e-02	1.89e-09	1.20e-09
 7.12579e+22	2.30e-02	6.94e-01	2.81e-01	2.26e-03	1.09e-04	2.60e-07	0.00e+00	0.00e+00	0.00e+00	2.30e-02	2.37e-09	1.49e-09
 7.25021e+22	2.75e-02	7.28e-01	2.43e-01	1.64e-03	8.71e-05	1.66e-07	0.00e+00	0.00e+00	0.00e+00	2.75e-02	2.95e-09	1.84e-09
 7.38930e+22	3.44e-02	7.66e-01	1.98e-01	1.07e-03	6.44e-05	0.00e+00	0.00e+00	0.00e+00	0.00e+00	3.44e-02	3.89e-09	2.40e-09
 7.53036e+22	4.31e-02	7.97e-01	1.59e-01	6.89e-04	4.76e-05	0.00e+00	0.00e+00	0.00e+00	0.00e+00	4.31e-02	5.07e-09	3.11e-09
 7.64238e+22	5.26e-02	8.18e-01	1.29e-01	4.65e-04	3.59e-05	0.00e+00	0.00e+00	0.00e+00	0.00e+00	5.26e-02	6.39e-09	3.89e-09
 7.73680e+22	6.29e-02	8.31e-01	1.05e-01	3.25e-04	2.76e-05	0.00e+00	0.00e+00	0.00e+00	0.00e+00	6.29e-02	7.85e-09	4.76e-09
 7.82286e+22	7.51e-02	8.40e-01	8.52e-02	2.27e-04	2.10e-05	0.00e+00	0.00e+00	0.00e+00	0.00e+00	7.51e-02	9.59e-09	5.79e-09
 7.90081e+22	8.93e-02	8.42e-01	6.84e-02	1.60e-04	1.59e-05	0.00e+00	0.00e+00	0.00e+00	0.00e+00	8.93e-02	1.16e-08	6.99e-09
 7.96996e+22	1.05e-01	8.40e-01	5.51e-02	1.16e-04	1.21e-05	0.00e+00	0.00e+00	0.00e+00	0.00e+00	1.05e-01	1.38e-08	8.31e-09
 8.03252e+22	1.23e-01	8.33e-01	4.43e-02	8.49e-05	9.19e-06	0.00e+00	0.00e+00	0.00e+00	0.00e+00	1.23e-01	1.64e-08	9.79e-09
 8.09120e+22	1.43e-01	8.21e-01	3.52e-02	6.26e-05	6.89e-06	0.00e+00	0.00e+00	0.00e+00	0.00e+00	1.43e-01	1.92e-08	1.15e-08
 8.14628e+22	1.67e-01	8.05e-01	2.79e-02	4.66e-05	5.12e-06	0.00e+00	0.00e+00	0.00e+00	0.00e+00	1.67e-01	2.24e-08	1.34e-08
 8.19757e+22	1.93e-01	7.85e-01	2.21e-02	3.53e-05	3.81e-06	0.00e+00	0.00e+00	0.00e+00	0.00e+00	1.93e-01	2.59e-08	1.54e-08
 8.24658e+22	2.23e-01	7.60e-01	1.73e-02	2.69e-05	2.79e-06	0.00e+00	0.00e+00	0.00e+00	0.00e+00	2.23e-01	2.96e-08	1.76e-08
 8.29449e+22	2.57e-01	7.30e-01	1.33e-02	2.05e-05	2.01e-06	0.00e+00	0.00e+00	0.00e+00	0.00e+00	2.57e-01	3.37e-08	2.00e-08
 8.33968e+22	2.94e-01	6.96e-01	1.03e-02	1.58e-05	1.44e-06	0.00e+00	0.00e+00	0.00e+00	0.00e+00	2.94e-01	3.79e-08	2.24e-08
 8.38076e+22	3.32e-01	6.60e-01	8.00e-03	1.24e-05	1.04e-06	0.00e+00	0.00e+00	0.00e+00	0.00e+00	3.32e-01	4.17e-08	2.47e-08
 8.41788e+22	3.70e-01	6.24e-01	6.30e-03	1.00e-05	7.68e-07	0.00e+00	0.00e+00	0.00e+00	0.00e+00	3.70e-01	4.52e-08	2.66e-08
 8.45052e+22	4.05e-01	5.90e-01	5.08e-03	8.28e-06	5.83e-07	0.00e+00	0.00e+00	0.00e+00	0.00e+00	4.05e-01	4.80e-08	2.83e-08
 8.47857e+22	4.37e-01	5.59e-01	4.20e-03	7.04e-06	4.58e-07	0.00e+00	0.00e+00	0.00e+00	0.00e+00	4.37e-01	5.02e-08	2.95e-08
 8.50033e+22	4.61e-01	5.36e-01	3.63e-03	6.24e-06	3.81e-07	0.00e+00	0.00e+00	0.00e+00	0.00e+00	4.61e-01	5.17e-08	3.04e-08
 8.51719e+22	4.80e-01	5.17e-01	3.23e-03	5.68e-06	3.29e-07	0.00e+00	0.00e+00	0.00e+00	0.00e+00	4.80e-01	5.27e-08	3.10e-08
 8.53498e+22	5.00e-01	4.97e-01	2.84e-03	5.13e-06	2.81e-07	0.00e+00	0.00e+00	0.00e+00	0.00e+00	5.00e-01	5.38e-08	3.16e-08
 8.55576e+22	5.24e-01	4.74e-01	2.45e-03	4.57e-06	2.33e-07	0.00e+00	0.00e+00	0.00e+00	0.00e+00	5.24e-01	5.48e-08	3.22e-08
 8.57829e+22	5.49e-01	4.49e-01	2.09e-03	4.04e-06	1.91e-07	0.00e+00	0.00e+00	0.00e+00	0.00e+00	5.49e-01	5.57e-08	3.27e-08
 8.60050e+22	5.73e-01	4.25e-01	1.79e-03	3.60e-06	1.58e-07	0.00e+00	0.00e+00	0.00e+00	0.00e+00	5.73e-01	5.63e-08	3.30e-08
 8.62085e+22	5.93e-01	4.05e-01	1.56e-03	3.25e-06	1.33e-07	0.00e+00	0.00e+00	0.00e+00	0.00e+00	5.93e-01	5.67e-08	3.32e-08
 8.63641e+22	6.08e-01	3.90e-01	1.41e-03	3.02e-06	0.00e+00	0.00e+00	0.00e+00	0.00e+00	0.00e+00	6.08e-01	5.68e-08	3.32e-08
 8.64734e+22	6.19e-01	3.80e-01	1.31e-03	2.87e-06	0.00e+00	0.00e+00	0.00e+00	0.00e+00	0.00e+00	6.19e-01	5.69e-08	3.33e-08
 8.65806e+22	6.29e-01	3.70e-01	1.21e-03	2.72e-06	0.00e+00	0.00e+00	0.00e+00	0.00e+00	0.00e+00	6.29e-01	5.69e-08	3.33e-08
 8.67092e+22	6.41e-01	3.58e-01	1.11e-03	2.56e-06	0.00e+00	0.00e+00	0.00e+00	0.00e+00	0.00e+00	6.41e-01	5.70e-08	3.33e-08
 8.68511e+22	6.53e-01	3.46e-01	1.01e-03	2.40e-06	0.00e+00	0.00e+00	0.00e+00	0.00e+00	0.00e+00	6.53e-01	5.69e-08	3.33e-08
 8.69902e+22	6.65e-01	3.35e-01	9.24e-04	2.26e-06	0.00e+00	0.00e+00	0.00e+00	0.00e+00	0.00e+00	6.65e-01	5.68e-08	3.32e-08
 8.71255e+22	6.75e-01	3.24e-01	8.47e-04	2.13e-06	0.00e+00	0.00e+00	0.00e+00	0.00e+00	0.00e+00	6.75e-01	5.67e-08	3.31e-08
 8.72641e+22	6.86e-01	3.13e-01	7.75e-04	2.01e-06	0.00e+00	0.00e+00	0.00e+00	0.00e+00	0.00e+00	6.86e-01	5.65e-08	3.30e-08
 8.74091e+22	6.97e-01	3.02e-01	7.06e-04	1.89e-06	0.00e+00	0.00e+00	0.00e+00	0.00e+00	0.00e+00	6.97e-01	5.63e-08	3.28e-08
 8.75577e+22	7.08e-01	2.92e-01	6.43e-04	1.78e-06	0.00e+00	0.00e+00	0.00e+00	0.00e+00	0.00e+00	7.08e-01	5.60e-08	3.27e-08
 8.77080e+22	7.18e-01	2.82e-01	5.86e-04	1.68e-06	0.00e+00	0.00e+00	0.00e+00	0.00e+00	0.00e+00	7.18e-01	5.58e-08	3.25e-08
 8.78626e+22	7.28e-01	2.72e-01	5.34e-04	1.58e-06	0.00e+00	0.00e+00	0.00e+00	0.00e+00	0.00e+00	7.28e-01	5.55e-08	3.23e-08
 8.80222e+22	7.38e-01	2.62e-01	4.85e-04	1.49e-06	0.00e+00	0.00e+00	0.00e+00	0.00e+00	0.00e+00	7.38e-01	5.51e-08	3.21e-08
 8.81858e+22	7.47e-01	2.52e-01	4.41e-04	1.40e-06	0.00e+00	0.00e+00	0.00e+00	0.00e+00	0.00e+00	7.47e-01	5.47e-08	3.18e-08
 8.83533e+22	7.57e-01	2.43e-01	4.00e-04	1.32e-06	0.00e+00	0.00e+00	0.00e+00	0.00e+00	0.00e+00	7.57e-01	5.43e-08	3.16e-08
 8.85261e+22	7.66e-01	2.34e-01	3.63e-04	1.25e-06	0.00e+00	0.00e+00	0.00e+00	0.00e+00	0.00e+00	7.66e-01	5.39e-08	3.13e-08
 8.87049e+22	7.75e-01	2.25e-01	3.28e-04	1.17e-06	0.00e+00	0.00e+00	0.00e+00	0.00e+00	0.00e+00	7.75e-01	5.35e-08	3.11e-08
 8.88874e+22	7.83e-01	2.16e-01	2.97e-04	1.11e-06	0.00e+00	0.00e+00	0.00e+00	0.00e+00	0.00e+00	7.83e-01	5.30e-08	3.08e-08
 8.90748e+22	7.92e-01	2.08e-01	2.69e-04	1.04e-06	0.00e+00	0.00e+00	0.00e+00	0.00e+00	0.00e+00	7.92e-01	5.26e-08	3.05e-08
 8.92703e+22	8.00e-01	2.00e-01	2.44e-04	9.84e-07	0.00e+00	0.00e+00	0.00e+00	0.00e+00	0.00e+00	8.00e-01	5.21e-08	3.02e-08
 8.94727e+22	8.08e-01	1.92e-01	2.20e-04	9.26e-07	0.00e+00	0.00e+00	0.00e+00	0.00e+00	0.00e+00	8.08e-01	5.16e-08	2.99e-08
 8.96800e+22	8.15e-01	1.85e-01	1.99e-04	8.73e-07	0.00e+00	0.00e+00	0.00e+00	0.00e+00	0.00e+00	8.15e-01	5.12e-08	2.96e-08
 8.98932e+22	8.23e-01	1.77e-01	1.80e-04	8.24e-07	0.00e+00	0.00e+00	0.00e+00	0.00e+00	0.00e+00	8.23e-01	5.07e-08	2.93e-08
 9.01157e+22	8.30e-01	1.70e-01	1.63e-04	7.76e-07	0.00e+00	0.00e+00	0.00e+00	0.00e+00	0.00e+00	8.30e-01	5.02e-08	2.90e-08
 9.03480e+22	8.37e-01	1.63e-01	1.48e-04	7.31e-07	0.00e+00	0.00e+00	0.00e+00	0.00e+00	0.00e+00	8.37e-01	4.98e-08	2.87e-08
 9.05883e+22	8.43e-01	1.56e-01	1.34e-04	6.89e-07	0.00e+00	0.00e+00	0.00e+00	0.00e+00	0.00e+00	8.43e-01	4.93e-08	2.84e-08
 9.08362e+22	8.50e-01	1.50e-01	1.21e-04	6.49e-07	0.00e+00	0.00e+00	0.00e+00	0.00e+00	0.00e+00	8.50e-01	4.88e-08	2.82e-08
 9.10915e+22	8.56e-01	1.44e-01	1.11e-04	6.13e-07	0.00e+00	0.00e+00	0.00e+00	0.00e+00	0.00e+00	8.56e-01	4.84e-08	2.79e-08
 9.13535e+22	8.61e-01	1.38e-01	1.01e-04	5.79e-07	0.00e+00	0.00e+00	0.00e+00	0.00e+00	0.00e+00	8.61e-01	4.80e-08	2.76e-08
 9.16214e+22	8.67e-01	1.33e-01	9.28e-05	5.48e-07	0.00e+00	0.00e+00	0.00e+00	0.00e+00	0.00e+00	8.67e-01	4.76e-08	2.72e-08
 9.18976e+22	8.72e-01	1.28e-01	8.53e-05	5.18e-07	0.00e+00	0.00e+00	0.00e+00	0.00e+00	0.00e+00	8.72e-01	4.71e-08	2.69e-08
 9.21890e+22	8.77e-01	1.23e-01	7.87e-05	4.90e-07	0.00e+00	0.00e+00	0.00e+00	0.00e+00	0.00e+00	8.77e-01	4.67e-08	2.65e-08
 9.24925e+22	8.82e-01	1.18e-01	7.29e-05	4.64e-07	0.00e+00	0.00e+00	0.00e+00	0.00e+00	0.00e+00	8.82e-01	4.63e-08	2.62e-08
 9.27980e+22	8.86e-01	1.14e-01	6.79e-05	4.40e-07	0.00e+00	0.00e+00	0.00e+00	0.00e+00	0.00e+00	8.86e-01	4.59e-08	2.58e-08
 9.31158e+22	8.90e-01	1.10e-01	6.35e-05	4.17e-07	0.00e+00	0.00e+00	0.00e+00	0.00e+00	0.00e+00	8.90e-01	4.56e-08	2.55e-08
 9.34565e+22	8.94e-01	1.06e-01	5.95e-05	3.96e-07	0.00e+00	0.00e+00	0.00e+00	0.00e+00	0.00e+00	8.94e-01	4.53e-08	2.52e-08
 9.38104e+22	8.98e-01	1.02e-01	5.59e-05	3.76e-07	0.00e+00	0.00e+00	0.00e+00	0.00e+00	0.00e+00	8.98e-01	4.51e-08	2.50e-08
 9.41761e+22	9.02e-01	9.84e-02	5.29e-05	3.57e-07	0.00e+00	0.00e+00	0.00e+00	0.00e+00	0.00e+00	9.02e-01	4.48e-08	2.47e-08
 9.45639e+22	9.05e-01	9.48e-02	5.01e-05	3.38e-07	0.00e+00	0.00e+00	0.00e+00	0.00e+00	0.00e+00	9.05e-01	4.46e-08	2.44e-08
 9.49756e+22	9.09e-01	9.14e-02	4.76e-05	3.21e-07	0.00e+00	0.00e+00	0.00e+00	0.00e+00	0.00e+00	9.09e-01	4.44e-08	2.42e-08
 9.54071e+22	9.12e-01	8.81e-02	4.54e-05	3.04e-07	0.00e+00	0.00e+00	0.00e+00	0.00e+00	0.00e+00	9.12e-01	4.43e-08	2.40e-08
 9.58514e+22	9.15e-01	8.49e-02	4.34e-05	2.88e-07	0.00e+00	0.00e+00	0.00e+00	0.00e+00	0.00e+00	9.15e-01	4.42e-08	2.37e-08
 9.62860e+22	9.18e-01	8.21e-02	4.18e-05	2.74e-07	0.00e+00	0.00e+00	0.00e+00	0.00e+00	0.00e+00	9.18e-01	4.41e-08	2.35e-08
 9.67022e+22	9.20e-01	7.97e-02	4.05e-05	2.62e-07	0.00e+00	0.00e+00	0.00e+00	0.00e+00	0.00e+00	9.20e-01	4.40e-08	2.34e-08
 9.71092e+22	9.23e-01	7.74e-02	3.94e-05	2.51e-07	0.00e+00	0.00e+00	0.00e+00	0.00e+00	0.00e+00	9.23e-01	4.40e-08	2.32e-08
 9.75075e+22	9.25e-01	7.52e-02	3.84e-05	2.41e-07	0.00e+00	0.00e+00	0.00e+00	0.00e+00	0.00e+00	9.25e-01	4.40e-08	2.31e-08
 9.78966e+22	9.27e-01	7.32e-02	3.75e-05	2.31e-07	0.00e+00	0.00e+00	0.00e+00	0.00e+00	0.00e+00	9.27e-01	4.39e-08	2.30e-08
 9.82699e+22	9.29e-01	7.13e-02	3.67e-05	2.22e-07	0.00e+00	0.00e+00	0.00e+00	0.00e+00	0.00e+00	9.29e-01	4.39e-08	2.28e-08
 9.86261e+22	9.31e-01	6.95e-02	3.60e-05	2.14e-07	0.00e+00	0.00e+00	0.00e+00	0.00e+00	0.00e+00	9.31e-01	4.38e-08	2.27e-08
 9.89597e+22	9.32e-01	6.79e-02	3.55e-05	2.07e-07	0.00e+00	0.00e+00	0.00e+00	0.00e+00	0.00e+00	9.32e-01	4.38e-08	2.26e-08
 9.92832e+22	9.34e-01	6.63e-02	3.49e-05	2.00e-07	0.00e+00	0.00e+00	0.00e+00	0.00e+00	0.00e+00	9.34e-01	4.37e-08	2.25e-08
 9.96072e+22	9.35e-01	6.47e-02	3.44e-05	1.93e-07	0.00e+00	0.00e+00	0.00e+00	0.00e+00	0.00e+00	9.35e-01	4.37e-08	2.24e-08
 9.99211e+22	9.37e-01	6.32e-02	3.40e-05	1.87e-07	0.00e+00	0.00e+00	0.00e+00	0.00e+00	0.00e+00	9.37e-01	4.37e-08	2.23e-08
 1.00224e+23	9.38e-01	6.18e-02	3.35e-05	1.81e-07	0.00e+00	0.00e+00	0.00e+00	0.00e+00	0.00e+00	9.38e-01	4.36e-08	2.22e-08
 1.00515e+23	9.40e-01	6.04e-02	3.32e-05	1.75e-07	0.00e+00	0.00e+00	0.00e+00	0.00e+00	0.00e+00	9.40e-01	4.36e-08	2.21e-08
 1.00796e+23	9.41e-01	5.91e-02	3.28e-05	1.70e-07	0.00e+00	0.00e+00	0.00e+00	0.00e+00	0.00e+00	9.41e-01	4.36e-08	2.20e-08
 1.01069e+23	9.42e-01	5.79e-02	3.25e-05	1.65e-07	0.00e+00	0.00e+00	0.00e+00	0.00e+00	0.00e+00	9.42e-01	4.36e-08	2.19e-08
 1.01332e+23	9.43e-01	5.67e-02	3.22e-05	1.60e-07	0.00e+00	0.00e+00	0.00e+00	0.00e+00	0.00e+00	9.43e-01	4.35e-08	2.19e-08
 1.01585e+23	9.44e-01	5.55e-02	3.19e-05	1.56e-07	0.00e+00	0.00e+00	0.00e+00	0.00e+00	0.00e+00	9.44e-01	4.35e-08	2.18e-08
 1.01829e+23	9.46e-01	5.44e-02	3.17e-05	1.52e-07	0.00e+00	0.00e+00	0.00e+00	0.00e+00	0.00e+00	9.46e-01	4.35e-08	2.17e-08
 1.02065e+23	9.47e-01	5.33e-02	3.15e-05	1.48e-07	0.00e+00	0.00e+00	0.00e+00	0.00e+00	0.00e+00	9.47e-01	4.34e-08	2.16e-08
 1.02289e+23	9.48e-01	5.23e-02	3.13e-05	1.44e-07	0.00e+00	0.00e+00	0.00e+00	0.00e+00	0.00e+00	9.48e-01	4.34e-08	2.15e-08
 1.02508e+23	9.49e-01	5.13e-02	3.11e-05	1.40e-07	0.00e+00	0.00e+00	0.00e+00	0.00e+00	0.00e+00	9.49e-01	4.33e-08	2.15e-08
 1.02721e+23	9.50e-01	5.02e-02	3.09e-05	1.37e-07	0.00e+00	0.00e+00	0.00e+00	0.00e+00	0.00e+00	9.50e-01	4.33e-08	2.14e-08
 1.02915e+23	9.51e-01	4.94e-02	3.07e-05	1.34e-07	0.00e+00	0.00e+00	0.00e+00	0.00e+00	0.00e+00	9.51e-01	4.32e-08	2.13e-08
 1.03091e+23	9.51e-01	4.86e-02	3.05e-05	1.31e-07	0.00e+00	0.00e+00	0.00e+00	0.00e+00	0.00e+00	9.51e-01	4.32e-08	2.12e-08
 1.03251e+23	9.52e-01	4.79e-02	3.04e-05	1.29e-07	0.00e+00	0.00e+00	0.00e+00	0.00e+00	0.00e+00	9.52e-01	4.31e-08	2.11e-08
 1.03397e+23	9.53e-01	4.73e-02	3.03e-05	1.27e-07	0.00e+00	0.00e+00	0.00e+00	0.00e+00	0.00e+00	9.53e-01	4.31e-08	2.11e-08
 1.03530e+23	9.53e-01	4.67e-02	3.02e-05	1.25e-07	0.00e+00	0.00e+00	0.00e+00	0.00e+00	0.00e+00	9.53e-01	4.30e-08	2.10e-08
 1.03651e+23	9.54e-01	4.62e-02	3.01e-05	1.23e-07	0.00e+00	0.00e+00	0.00e+00	0.00e+00	0.00e+00	9.54e-01	4.30e-08	2.10e-08
 1.03761e+23	9.54e-01	4.57e-02	3.00e-05	0.00e+00	0.00e+00	0.00e+00	0.00e+00	0.00e+00	0.00e+00	9.54e-01	4.29e-08	2.09e-08
 1.03882e+23	9.55e-01	4.51e-02	2.99e-05	0.00e+00	0.00e+00	0.00e+00	0.00e+00	0.00e+00	0.00e+00	9.55e-01	4.27e-08	2.08e-08
 1.04012e+23	9.56e-01	4.44e-02	2.97e-05	0.00e+00	0.00e+00	0.00e+00	0.00e+00	0.00e+00	0.00e+00	9.56e-01	4.25e-08	2.08e-08
 1.04130e+23	9.56e-01	4.39e-02	2.96e-05	0.00e+00	0.00e+00	0.00e+00	0.00e+00	0.00e+00	0.00e+00	9.56e-01	4.24e-08	2.07e-08
 1.04260e+23	9.57e-01	4.32e-02	2.94e-05	0.00e+00	0.00e+00	0.00e+00	0.00e+00	0.00e+00	0.00e+00	9.57e-01	4.22e-08	2.07e-08
 1.04400e+23	9.57e-01	4.25e-02	2.93e-05	0.00e+00	0.00e+00	0.00e+00	0.00e+00	0.00e+00	0.00e+00	9.57e-01	4.20e-08	2.06e-08
 1.04528e+23	9.58e-01	4.19e-02	2.91e-05	0.00e+00	0.00e+00	0.00e+00	0.00e+00	0.00e+00	0.00e+00	9.58e-01	4.19e-08	2.05e-08
 1.04644e+23	9.59e-01	4.14e-02	2.90e-05	0.00e+00	0.00e+00	0.00e+00	0.00e+00	0.00e+00	0.00e+00	9.59e-01	4.17e-08	2.05e-08
 1.04749e+23	9.59e-01	4.10e-02	2.89e-05	0.00e+00	0.00e+00	0.00e+00	0.00e+00	0.00e+00	0.00e+00	9.59e-01	4.16e-08	2.04e-08
 1.04865e+23	9.59e-01	4.05e-02	2.87e-05	0.00e+00	0.00e+00	0.00e+00	0.00e+00	0.00e+00	0.00e+00	9.59e-01	4.15e-08	2.04e-08
 1.04990e+23	9.60e-01	4.00e-02	2.86e-05	0.00e+00	0.00e+00	0.00e+00	0.00e+00	0.00e+00	0.00e+00	9.60e-01	4.14e-08	2.03e-08
 1.05127e+23	9.61e-01	3.93e-02	2.84e-05	0.00e+00	0.00e+00	0.00e+00	0.00e+00	0.00e+00	0.00e+00	9.61e-01	4.13e-08	2.03e-08
 1.05275e+23	9.61e-01	3.87e-02	2.82e-05	0.00e+00	0.00e+00	0.00e+00	0.00e+00	0.00e+00	0.00e+00	9.61e-01	4.12e-08	2.03e-08
 1.05409e+23	9.62e-01	3.82e-02	2.80e-05	0.00e+00	0.00e+00	0.00e+00	0.00e+00	0.00e+00	0.00e+00	9.62e-01	4.11e-08	2.02e-08
 1.05531e+23	9.62e-01	3.79e-02	2.78e-05	0.00e+00	0.00e+00	0.00e+00	0.00e+00	0.00e+00	0.00e+00	9.62e-01	4.10e-08	2.02e-08
 1.05665e+23	9.63e-01	3.72e-02	2.76e-05	0.00e+00	0.00e+00	0.00e+00	0.00e+00	0.00e+00	0.00e+00	9.63e-01	4.10e-08	2.02e-08
 1.05840e+23	9.63e-01	3.65e-02	2.73e-05	0.00e+00	0.00e+00	0.00e+00	0.00e+00	0.00e+00	0.00e+00	9.63e-01	4.09e-08	2.01e-08
 1.06028e+23	9.64e-01	3.57e-02	2.70e-05	0.00e+00	0.00e+00	0.00e+00	0.00e+00	0.00e+00	0.00e+00	9.64e-01	4.08e-08	2.01e-08
 1.06199e+23	9.65e-01	3.51e-02	2.68e-05	0.00e+00	0.00e+00	0.00e+00	0.00e+00	0.00e+00	0.00e+00	9.65e-01	4.07e-08	2.00e-08
 1.06355e+23	9.65e-01	3.46e-02	2.65e-05	0.00e+00	0.00e+00	0.00e+00	0.00e+00	0.00e+00	0.00e+00	9.65e-01	4.07e-08	2.00e-08
 1.06497e+23	9.66e-01	3.42e-02	2.63e-05	0.00e+00	0.00e+00	0.00e+00	0.00e+00	0.00e+00	0.00e+00	9.66e-01	4.06e-08	1.99e-08
 1.06626e+23	9.66e-01	3.38e-02	2.62e-05	0.00e+00	0.00e+00	0.00e+00	0.00e+00	0.00e+00	0.00e+00	9.66e-01	4.06e-08	1.99e-08
 1.06767e+23	9.67e-01	3.32e-02	2.59e-05	0.00e+00	0.00e+00	0.00e+00	0.00e+00	0.00e+00	0.00e+00	9.67e-01	4.05e-08	1.99e-08
 1.06920e+23	9.67e-01	3.26e-02	2.56e-05	0.00e+00	0.00e+00	0.00e+00	0.00e+00	0.00e+00	0.00e+00	9.67e-01	4.04e-08	1.98e-08
 1.07059e+23	9.68e-01	3.22e-02	2.54e-05	0.00e+00	0.00e+00	0.00e+00	0.00e+00	0.00e+00	0.00e+00	9.68e-01	4.03e-08	1.98e-08
 1.07185e+23	9.68e-01	3.17e-02	2.51e-05	0.00e+00	0.00e+00	0.00e+00	0.00e+00	0.00e+00	0.00e+00	9.68e-01	4.02e-08	1.97e-08
 1.07300e+23	9.69e-01	3.14e-02	2.49e-05	0.00e+00	0.00e+00	0.00e+00	0.00e+00	0.00e+00	0.00e+00	9.69e-01	4.02e-08	1.96e-08
 1.07426e+23	9.69e-01	3.10e-02	2.47e-05	0.00e+00	0.00e+00	0.00e+00	0.00e+00	0.00e+00	0.00e+00	9.69e-01	4.01e-08	1.96e-08
 1.07562e+23	9.70e-01	3.04e-02	2.44e-05	0.00e+00	0.00e+00	0.00e+00	0.00e+00	0.00e+00	0.00e+00	9.70e-01	4.00e-08	1.95e-08
 1.07686e+23	9.70e-01	3.01e-02	2.42e-05	0.00e+00	0.00e+00	0.00e+00	0.00e+00	0.00e+00	0.00e+00	9.70e-01	4.00e-08	1.95e-08
 1.07822e+23	9.70e-01	2.96e-02	2.40e-05	0.00e+00	0.00e+00	0.00e+00	0.00e+00	0.00e+00	0.00e+00	9.70e-01	3.99e-08	1.94e-08
 1.07968e+23	9.71e-01	2.90e-02	2.37e-05	0.00e+00	0.00e+00	0.00e+00	0.00e+00	0.00e+00	0.00e+00	9.71e-01	3.98e-08	1.94e-08
 1.08102e+23	9.71e-01	2.87e-02	2.35e-05	0.00e+00	0.00e+00	0.00e+00	0.00e+00	0.00e+00	0.00e+00	9.71e-01	3.98e-08	1.93e-08
 1.08248e+23	9.72e-01	2.82e-02	2.32e-05	0.00e+00	0.00e+00	0.00e+00	0.00e+00	0.00e+00	0.00e+00	9.72e-01	3.97e-08	1.93e-08
 1.08406e+23	9.72e-01	2.76e-02	2.30e-05	0.00e+00	0.00e+00	0.00e+00	0.00e+00	0.00e+00	0.00e+00	9.72e-01	3.96e-08	1.92e-08
 1.08549e+23	9.73e-01	2.72e-02	2.28e-05	0.00e+00	0.00e+00	0.00e+00	0.00e+00	0.00e+00	0.00e+00	9.73e-01	3.96e-08	1.91e-08
 1.08680e+23	9.73e-01	2.69e-02	2.26e-05	0.00e+00	0.00e+00	0.00e+00	0.00e+00	0.00e+00	0.00e+00	9.73e-01	3.95e-08	1.91e-08
 1.08799e+23	9.73e-01	2.65e-02	2.24e-05	0.00e+00	0.00e+00	0.00e+00	0.00e+00	0.00e+00	0.00e+00	9.73e-01	3.94e-08	1.90e-08
 1.08907e+23	9.74e-01	2.63e-02	2.23e-05	0.00e+00	0.00e+00	0.00e+00	0.00e+00	0.00e+00	0.00e+00	9.74e-01	3.94e-08	1.90e-08
 1.09025e+23	9.74e-01	2.59e-02	2.21e-05	0.00e+00	0.00e+00	0.00e+00	0.00e+00	0.00e+00	0.00e+00	9.74e-01	3.93e-08	1.89e-08
 1.09179e+23	9.75e-01	2.54e-02	2.18e-05	0.00e+00	0.00e+00	0.00e+00	0.00e+00	0.00e+00	0.00e+00	9.75e-01	3.92e-08	1.88e-08
 1.09346e+23	9.75e-01	2.49e-02	2.16e-05	0.00e+00	0.00e+00	0.00e+00	0.00e+00	0.00e+00	0.00e+00	9.75e-01	3.90e-08	1.87e-08
 1.09497e+23	9.75e-01	2.46e-02	2.14e-05	0.00e+00	0.00e+00	0.00e+00	0.00e+00	0.00e+00	0.00e+00	9.75e-01	3.87e-08	1.86e-08
 1.09635e+23	9.76e-01	2.42e-02	2.12e-05	0.00e+00	0.00e+00	0.00e+00	0.00e+00	0.00e+00	0.00e+00	9.76e-01	3.83e-08	1.84e-08
 1.09760e+23	9.76e-01	2.40e-02	2.10e-05	0.00e+00	0.00e+00	0.00e+00	0.00e+00	0.00e+00	0.00e+00	9.76e-01	3.82e-08	1.83e-08
 1.09897e+23	9.76e-01	2.37e-02	2.08e-05	0.00e+00	0.00e+00	0.00e+00	0.00e+00	0.00e+00	0.00e+00	9.76e-01	3.79e-08	1.82e-08
 1.10046e+23	9.77e-01	2.33e-02	2.07e-05	0.00e+00	0.00e+00	0.00e+00	0.00e+00	0.00e+00	0.00e+00	9.77e-01	3.76e-08	1.80e-08
 1.10181e+23	9.77e-01	2.30e-02	2.05e-05	0.00e+00	0.00e+00	0.00e+00	0.00e+00	0.00e+00	0.00e+00	9.77e-01	3.74e-08	1.79e-08
 1.10328e+23	9.77e-01	2.26e-02	2.03e-05	0.00e+00	0.00e+00	0.00e+00	0.00e+00	0.00e+00	0.00e+00	9.77e-01	3.71e-08	1.77e-08
 1.10488e+23	9.78e-01	2.23e-02	2.01e-05	0.00e+00	0.00e+00	0.00e+00	0.00e+00	0.00e+00	0.00e+00	9.78e-01	3.68e-08	1.75e-08
 1.10633e+23	9.78e-01	2.19e-02	1.99e-05	0.00e+00	0.00e+00	0.00e+00	0.00e+00	0.00e+00	0.00e+00	9.78e-01	3.65e-08	1.73e-08
 1.10766e+23	9.78e-01	2.17e-02	1.98e-05	0.00e+00	0.00e+00	0.00e+00	0.00e+00	0.00e+00	0.00e+00	9.78e-01	3.64e-08	1.72e-08
 1.10910e+23	9.79e-01	2.14e-02	1.96e-05	0.00e+00	0.00e+00	0.00e+00	0.00e+00	0.00e+00	0.00e+00	9.79e-01	3.61e-08	1.71e-08
 1.11067e+23	9.79e-01	2.10e-02	1.94e-05	0.00e+00	0.00e+00	0.00e+00	0.00e+00	0.00e+00	0.00e+00	9.79e-01	3.59e-08	1.69e-08
 1.11209e+23	9.79e-01	2.08e-02	1.93e-05	0.00e+00	0.00e+00	0.00e+00	0.00e+00	0.00e+00	0.00e+00	9.79e-01	3.57e-08	1.68e-08
 1.11365e+23	9.80e-01	2.04e-02	1.91e-05	0.00e+00	0.00e+00	0.00e+00	0.00e+00	0.00e+00	0.00e+00	9.80e-01	3.54e-08	1.66e-08
 1.11533e+23	9.80e-01	2.00e-02	1.89e-05	0.00e+00	0.00e+00	0.00e+00	0.00e+00	0.00e+00	0.00e+00	9.80e-01	3.51e-08	1.64e-08
 1.11687e+23	9.80e-01	1.98e-02	1.87e-05	0.00e+00	0.00e+00	0.00e+00	0.00e+00	0.00e+00	0.00e+00	9.80e-01	3.50e-08	1.63e-08
 1.11854e+23	9.81e-01	1.94e-02	1.85e-05	0.00e+00	0.00e+00	0.00e+00	0.00e+00	0.00e+00	0.00e+00	9.81e-01	3.46e-08	1.61e-08
 1.12036e+23	9.81e-01	1.91e-02	1.83e-05	0.00e+00	0.00e+00	0.00e+00	0.00e+00	0.00e+00	0.00e+00	9.81e-01	3.43e-08	1.59e-08
 1.12201e+23	9.81e-01	1.87e-02	1.82e-05	0.00e+00	0.00e+00	0.00e+00	0.00e+00	0.00e+00	0.00e+00	9.81e-01	3.40e-08	1.56e-08
 1.12351e+23	9.81e-01	1.86e-02	1.80e-05	0.00e+00	0.00e+00	0.00e+00	0.00e+00	0.00e+00	0.00e+00	9.81e-01	3.38e-08	1.56e-08
 1.12515e+23	9.82e-01	1.83e-02	1.79e-05	0.00e+00	0.00e+00	0.00e+00	0.00e+00	0.00e+00	0.00e+00	9.82e-01	3.35e-08	1.54e-08
 1.12693e+23	9.82e-01	1.79e-02	1.77e-05	0.00e+00	0.00e+00	0.00e+00	0.00e+00	0.00e+00	0.00e+00	9.82e-01	3.31e-08	1.51e-08
 1.12854e+23	9.82e-01	1.77e-02	1.75e-05	0.00e+00	0.00e+00	0.00e+00	0.00e+00	0.00e+00	0.00e+00	9.82e-01	3.30e-08	1.50e-08
 1.13031e+23	9.83e-01	1.73e-02	1.74e-05	0.00e+00	0.00e+00	0.00e+00	0.00e+00	0.00e+00	0.00e+00	9.83e-01	3.26e-08	1.48e-08
 1.13222e+23	9.83e-01	1.70e-02	1.72e-05	0.00e+00	0.00e+00	0.00e+00	0.00e+00	0.00e+00	0.00e+00	9.83e-01	3.23e-08	1.46e-08
 1.13396e+23	9.83e-01	1.68e-02	1.70e-05	0.00e+00	0.00e+00	0.00e+00	0.00e+00	0.00e+00	0.00e+00	9.83e-01	3.21e-08	1.45e-08
 1.13587e+23	9.84e-01	1.64e-02	1.68e-05	0.00e+00	0.00e+00	0.00e+00	0.00e+00	0.00e+00	0.00e+00	9.84e-01	3.17e-08	1.42e-08
 1.13793e+23	9.84e-01	1.61e-02	1.66e-05	0.00e+00	0.00e+00	0.00e+00	0.00e+00	0.00e+00	0.00e+00	9.84e-01	3.12e-08	1.39e-08
 1.13980e+23	9.84e-01	1.58e-02	1.65e-05	0.00e+00	0.00e+00	0.00e+00	0.00e+00	0.00e+00	0.00e+00	9.84e-01	3.11e-08	1.38e-08
 1.14185e+23	9.84e-01	1.55e-02	1.63e-05	0.00e+00	0.00e+00	0.00e+00	0.00e+00	0.00e+00	0.00e+00	9.84e-01	3.06e-08	1.35e-08
 1.14407e+23	9.85e-01	1.51e-02	1.61e-05	0.00e+00	0.00e+00	0.00e+00	0.00e+00	0.00e+00	0.00e+00	9.85e-01	3.02e-08	1.33e-08
 1.14608e+23	9.85e-01	1.49e-02	1.60e-05	0.00e+00	0.00e+00	0.00e+00	0.00e+00	0.00e+00	0.00e+00	9.85e-01	3.00e-08	1.32e-08
 1.14829e+23	9.85e-01	1.46e-02	1.58e-05	0.00e+00	0.00e+00	0.00e+00	0.00e+00	0.00e+00	0.00e+00	9.85e-01	2.96e-08	1.29e-08
 1.15067e+23	9.86e-01	1.43e-02	1.56e-05	0.00e+00	0.00e+00	0.00e+00	0.00e+00	0.00e+00	0.00e+00	9.86e-01	2.93e-08	1.27e-08
 1.15284e+23	9.86e-01	1.40e-02	1.54e-05	0.00e+00	0.00e+00	0.00e+00	0.00e+00	0.00e+00	0.00e+00	9.86e-01	2.90e-08	1.25e-08
 1.15482e+23	9.86e-01	1.38e-02	1.53e-05	0.00e+00	0.00e+00	0.00e+00	0.00e+00	0.00e+00	0.00e+00	9.86e-01	2.88e-08	1.24e-08
 1.15698e+23	9.87e-01	1.35e-02	1.51e-05	0.00e+00	0.00e+00	0.00e+00	0.00e+00	0.00e+00	0.00e+00	9.87e-01	2.84e-08	1.22e-08
 1.15932e+23	9.87e-01	1.31e-02	1.49e-05	0.00e+00	0.00e+00	0.00e+00	0.00e+00	0.00e+00	0.00e+00	9.87e-01	2.80e-08	1.19e-08
 1.16144e+23	9.87e-01	1.30e-02	1.48e-05	0.00e+00	0.00e+00	0.00e+00	0.00e+00	0.00e+00	0.00e+00	9.87e-01	2.80e-08	1.18e-08
 1.16377e+23	9.87e-01	1.27e-02	1.46e-05	0.00e+00	0.00e+00	0.00e+00	0.00e+00	0.00e+00	0.00e+00	9.87e-01	2.76e-08	1.16e-08
 1.16629e+23	9.88e-01	1.23e-02	1.44e-05	0.00e+00	0.00e+00	0.00e+00	0.00e+00	0.00e+00	0.00e+00	9.88e-01	2.72e-08	1.13e-08
 1.16858e+23	9.88e-01	1.21e-02	1.43e-05	0.00e+00	0.00e+00	0.00e+00	0.00e+00	0.00e+00	0.00e+00	9.88e-01	2.71e-08	1.12e-08
 1.17108e+23	9.88e-01	1.19e-02	1.41e-05	0.00e+00	0.00e+00	0.00e+00	0.00e+00	0.00e+00	0.00e+00	9.88e-01	2.67e-08	1.10e-08
 1.17379e+23	9.88e-01	1.16e-02	1.39e-05	0.00e+00	0.00e+00	0.00e+00	0.00e+00	0.00e+00	0.00e+00	9.88e-01	2.64e-08	1.08e-08
 1.17626e+23	9.89e-01	1.13e-02	1.37e-05	0.00e+00	0.00e+00	0.00e+00	0.00e+00	0.00e+00	0.00e+00	9.89e-01	2.62e-08	1.06e-08
 1.17850e+23	9.89e-01	1.11e-02	1.36e-05	0.00e+00	0.00e+00	0.00e+00	0.00e+00	0.00e+00	0.00e+00	9.89e-01	2.59e-08	1.04e-08
 1.18095e+23	9.89e-01	1.09e-02	1.34e-05	0.00e+00	0.00e+00	0.00e+00	0.00e+00	0.00e+00	0.00e+00	9.89e-01	2.55e-08	1.02e-08
 1.18361e+23	9.89e-01	1.06e-02	1.33e-05	0.00e+00	0.00e+00	0.00e+00	0.00e+00	0.00e+00	0.00e+00	9.89e-01	2.52e-08	9.98e-09
 1.18602e+23	9.90e-01	1.04e-02	1.31e-05	0.00e+00	0.00e+00	0.00e+00	0.00e+00	0.00e+00	0.00e+00	9.90e-01	2.50e-08	9.86e-09
 1.18866e+23	9.90e-01	1.02e-02	1.30e-05	0.00e+00	0.00e+00	0.00e+00	0.00e+00	0.00e+00	0.00e+00	9.90e-01	2.46e-08	9.65e-09
 1.19152e+23	9.90e-01	9.91e-03	1.28e-05	0.00e+00	0.00e+00	0.00e+00	0.00e+00	0.00e+00	0.00e+00	9.90e-01	2.43e-08	9.42e-09
 1.19412e+23	9.90e-01	9.73e-03	1.27e-05	0.00e+00	0.00e+00	0.00e+00	0.00e+00	0.00e+00	0.00e+00	9.90e-01	2.41e-08	9.30e-09
 1.19696e+23	9.91e-01	9.48e-03	1.25e-05	0.00e+00	0.00e+00	0.00e+00	0.00e+00	0.00e+00	0.00e+00	9.91e-01	2.38e-08	9.09e-09
 1.20004e+23	9.91e-01	9.21e-03	1.23e-05	0.00e+00	0.00e+00	0.00e+00	0.00e+00	0.00e+00	0.00e+00	9.91e-01	2.34e-08	8.86e-09
 1.20283e+23	9.91e-01	9.04e-03	1.22e-05	0.00e+00	0.00e+00	0.00e+00	0.00e+00	0.00e+00	0.00e+00	9.91e-01	2.32e-08	8.74e-09
 1.20590e+23	9.91e-01	8.78e-03	1.20e-05	0.00e+00	0.00e+00	0.00e+00	0.00e+00	0.00e+00	0.00e+00	9.91e-01	2.29e-08	8.52e-09
 1.20921e+23	9.91e-01	8.52e-03	1.18e-05	0.00e+00	0.00e+00	0.00e+00	0.00e+00	0.00e+00	0.00e+00	9.91e-01	2.25e-08	8.29e-09
 1.21222e+23	9.92e-01	8.35e-03	1.17e-05	0.00e+00	0.00e+00	0.00e+00	0.00e+00	0.00e+00	0.00e+00	9.92e-01	2.23e-08	8.17e-09
 1.21552e+23	9.92e-01	8.11e-03	1.15e-05	0.00e+00	0.00e+00	0.00e+00	0.00e+00	0.00e+00	0.00e+00	9.92e-01	2.20e-08	7.98e-09
 1.21908e+23	9.92e-01	7.88e-03	1.13e-05	0.00e+00	0.00e+00	0.00e+00	0.00e+00	0.00e+00	0.00e+00	9.92e-01	2.18e-08	7.79e-09
 1.22232e+23	9.92e-01	7.67e-03	1.12e-05	0.00e+00	0.00e+00	0.00e+00	0.00e+00	0.00e+00	0.00e+00	9.92e-01	2.15e-08	7.61e-09
 1.22527e+23	9.92e-01	7.51e-03	1.10e-05	0.00e+00	0.00e+00	0.00e+00	0.00e+00	0.00e+00	0.00e+00	9.92e-01	2.13e-08	7.47e-09
 1.22850e+23	9.93e-01	7.30e-03	1.08e-05	0.00e+00	0.00e+00	0.00e+00	0.00e+00	0.00e+00	0.00e+00	9.93e-01	2.10e-08	7.29e-09
 1.23199e+23	9.93e-01	7.10e-03	1.07e-05	0.00e+00	0.00e+00	0.00e+00	0.00e+00	0.00e+00	0.00e+00	9.93e-01	2.08e-08	7.12e-09
 1.23517e+23	9.93e-01	6.92e-03	1.06e-05	0.00e+00	0.00e+00	0.00e+00	0.00e+00	0.00e+00	0.00e+00	9.93e-01	2.05e-08	6.97e-09
 1.23806e+23	9.93e-01	6.78e-03	1.04e-05	0.00e+00	0.00e+00	0.00e+00	0.00e+00	0.00e+00	0.00e+00	9.93e-01	2.03e-08	6.84e-09
 1.24122e+23	9.93e-01	6.59e-03	1.03e-05	0.00e+00	0.00e+00	0.00e+00	0.00e+00	0.00e+00	0.00e+00	9.93e-01	2.01e-08	6.67e-09
 1.24464e+23	9.94e-01	6.42e-03	1.01e-05	0.00e+00	0.00e+00	0.00e+00	0.00e+00	0.00e+00	0.00e+00	9.94e-01	1.98e-08	6.50e-09
 1.24775e+23	9.94e-01	6.27e-03	1.00e-05	0.00e+00	0.00e+00	0.00e+00	0.00e+00	0.00e+00	0.00e+00	9.94e-01	1.96e-08	6.38e-09
 1.25116e+23	9.94e-01	6.10e-03	9.85e-06	0.00e+00	0.00e+00	0.00e+00	0.00e+00	0.00e+00	0.00e+00	9.94e-01	1.94e-08	6.21e-09
 1.25484e+23	9.94e-01	5.92e-03	9.70e-06	0.00e+00	0.00e+00	0.00e+00	0.00e+00	0.00e+00	0.00e+00	9.94e-01	1.91e-08	6.04e-09
 1.25819e+23	9.94e-01	5.78e-03	9.57e-06	0.00e+00	0.00e+00	0.00e+00	0.00e+00	0.00e+00	0.00e+00	9.94e-01	1.89e-08	5.91e-09
 1.26186e+23	9.94e-01	5.61e-03	9.41e-06	0.00e+00	0.00e+00	0.00e+00	0.00e+00	0.00e+00	0.00e+00	9.94e-01	1.86e-08	5.75e-09
 1.26582e+23	9.95e-01	5.44e-03	9.27e-06	0.00e+00	0.00e+00	0.00e+00	0.00e+00	0.00e+00	0.00e+00	9.95e-01	1.84e-08	5.59e-09
 1.26943e+23	9.95e-01	5.30e-03	9.13e-06	0.00e+00	0.00e+00	0.00e+00	0.00e+00	0.00e+00	0.00e+00	9.95e-01	1.82e-08	5.44e-09
 1.27338e+23	9.95e-01	5.13e-03	8.97e-06	0.00e+00	0.00e+00	0.00e+00	0.00e+00	0.00e+00	0.00e+00	9.95e-01	1.79e-08	5.28e-09
 1.27764e+23	9.95e-01	4.96e-03	8.82e-06	0.00e+00	0.00e+00	0.00e+00	0.00e+00	0.00e+00	0.00e+00	9.95e-01	1.77e-08	5.12e-09
 1.28152e+23	9.95e-01	4.77e-03	8.68e-06	0.00e+00	0.00e+00	0.00e+00	0.00e+00	0.00e+00	0.00e+00	9.95e-01	1.74e-08	4.97e-09
 1.28578e+23	9.96e-01	4.45e-03	8.51e-06	0.00e+00	0.00e+00	0.00e+00	0.00e+00	0.00e+00	0.00e+00	9.96e-01	1.71e-08	4.78e-09
 1.29103e+23	9.96e-01	4.14e-03	8.32e-06	0.00e+00	0.00e+00	0.00e+00	0.00e+00	0.00e+00	0.00e+00	9.96e-01	1.67e-08	4.57e-09
 1.29672e+23	9.96e-01	3.90e-03	8.13e-06	0.00e+00	0.00e+00	0.00e+00	0.00e+00	0.00e+00	0.00e+00	9.96e-01	1.64e-08	4.35e-09
 1.30243e+23	9.96e-01	3.68e-03	7.94e-06	0.00e+00	0.00e+00	0.00e+00	0.00e+00	0.00e+00	0.00e+00	9.96e-01	1.61e-08	4.15e-09
 1.30820e+23	9.97e-01	3.47e-03	7.75e-06	0.00e+00	0.00e+00	0.00e+00	0.00e+00	0.00e+00	0.00e+00	9.97e-01	1.58e-08	3.95e-09
 1.31406e+23	9.97e-01	3.26e-03	7.57e-06	0.00e+00	0.00e+00	0.00e+00	0.00e+00	0.00e+00	0.00e+00	9.97e-01	1.54e-08	3.76e-09
 1.31998e+23	9.97e-01	3.06e-03	7.39e-06	0.00e+00	0.00e+00	0.00e+00	0.00e+00	0.00e+00	0.00e+00	9.97e-01	1.51e-08	3.57e-09
 1.32595e+23	9.97e-01	2.87e-03	7.21e-06	0.00e+00	0.00e+00	0.00e+00	0.00e+00	0.00e+00	0.00e+00	9.97e-01	1.48e-08	3.38e-09
 1.33197e+23	9.97e-01	2.68e-03	7.04e-06	0.00e+00	0.00e+00	0.00e+00	0.00e+00	0.00e+00	0.00e+00	9.97e-01	1.45e-08	3.21e-09
 1.33805e+23	9.97e-01	2.51e-03	6.87e-06	0.00e+00	0.00e+00	0.00e+00	0.00e+00	0.00e+00	0.00e+00	9.97e-01	1.41e-08	3.03e-09
 1.34420e+23	9.98e-01	2.34e-03	6.70e-06	0.00e+00	0.00e+00	0.00e+00	0.00e+00	0.00e+00	0.00e+00	9.98e-01	1.38e-08	2.87e-09
 1.35041e+23	9.98e-01	2.18e-03	6.53e-06	0.00e+00	0.00e+00	0.00e+00	0.00e+00	0.00e+00	0.00e+00	9.98e-01	1.34e-08	2.71e-09
 1.35667e+23	9.98e-01	2.02e-03	6.37e-06	0.00e+00	0.00e+00	0.00e+00	0.00e+00	0.00e+00	0.00e+00	9.98e-01	1.31e-08	2.56e-09
 1.36299e+23	9.98e-01	1.88e-03	6.21e-06	0.00e+00	0.00e+00	0.00e+00	0.00e+00	0.00e+00	0.00e+00	9.98e-01	1.27e-08	2.41e-09
 1.36936e+23	9.98e-01	1.74e-03	6.05e-06	0.00e+00	0.00e+00	0.00e+00	0.00e+00	0.00e+00	0.00e+00	9.98e-01	1.24e-08	2.27e-09
 1.37576e+23	9.98e-01	1.61e-03	5.90e-06	0.00e+00	0.00e+00	0.00e+00	0.00e+00	0.00e+00	0.00e+00	9.98e-01	1.21e-08	2.13e-09
 1.38222e+23	9.99e-01	1.49e-03	5.75e-06	0.00e+00	0.00e+00	0.00e+00	0.00e+00	0.00e+00	0.00e+00	9.99e-01	1.17e-08	1.99e-09
 1.38872e+23	9.99e-01	1.37e-03	5.60e-06	0.00e+00	0.00e+00	0.00e+00	0.00e+00	0.00e+00	0.00e+00	9.99e-01	1.14e-08	1.86e-09
 1.39527e+23	9.99e-01	1.26e-03	5.45e-06	0.00e+00	0.00e+00	0.00e+00	0.00e+00	0.00e+00	0.00e+00	9.99e-01	1.10e-08	1.74e-09
 1.40187e+23	9.99e-01	1.16e-03	5.31e-06	0.00e+00	0.00e+00	0.00e+00	0.00e+00	0.00e+00	0.00e+00	9.99e-01	1.07e-08	1.61e-09
 1.40853e+23	9.99e-01	1.06e-03	5.17e-06	0.00e+00	0.00e+00	0.00e+00	0.00e+00	0.00e+00	0.00e+00	9.99e-01	1.03e-08	1.50e-09
 1.41523e+23	9.99e-01	9.67e-04	5.03e-06	0.00e+00	0.00e+00	0.00e+00	0.00e+00	0.00e+00	0.00e+00	9.99e-01	1.00e-08	1.39e-09
 1.42197e+23	9.99e-01	8.82e-04	4.90e-06	0.00e+00	0.00e+00	0.00e+00	0.00e+00	0.00e+00	0.00e+00	9.99e-01	9.66e-09	1.28e-09
 1.42877e+23	9.99e-01	8.04e-04	4.77e-06	0.00e+00	0.00e+00	0.00e+00	0.00e+00	0.00e+00	0.00e+00	9.99e-01	9.33e-09	1.19e-09
 1.43568e+23	9.99e-01	7.30e-04	4.64e-06	0.00e+00	0.00e+00	0.00e+00	0.00e+00	0.00e+00	0.00e+00	9.99e-01	8.99e-09	1.09e-09
 1.44274e+23	9.99e-01	6.61e-04	4.51e-06	0.00e+00	0.00e+00	0.00e+00	0.00e+00	0.00e+00	0.00e+00	9.99e-01	8.66e-09	1.00e-09
 1.44991e+23	9.99e-01	5.98e-04	4.38e-06	0.00e+00	0.00e+00	0.00e+00	0.00e+00	0.00e+00	0.00e+00	9.99e-01	8.33e-09	9.15e-10
 1.45715e+23	9.99e-01	5.39e-04	4.25e-06	0.00e+00	0.00e+00	0.00e+00	0.00e+00	0.00e+00	0.00e+00	9.99e-01	8.00e-09	8.35e-10
 1.46447e+23	1.00e+00	4.84e-04	4.13e-06	0.00e+00	0.00e+00	0.00e+00	0.00e+00	0.00e+00	0.00e+00	1.00e+00	7.68e-09	7.60e-10
 1.47187e+23	1.00e+00	4.34e-04	4.01e-06	0.00e+00	0.00e+00	0.00e+00	0.00e+00	0.00e+00	0.00e+00	1.00e+00	7.37e-09	6.90e-10
 1.47935e+23	1.00e+00	3.88e-04	3.89e-06	0.00e+00	0.00e+00	0.00e+00	0.00e+00	0.00e+00	0.00e+00	1.00e+00	7.05e-09	6.24e-10
 1.48691e+23	1.00e+00	3.47e-04	3.77e-06	0.00e+00	0.00e+00	0.00e+00	0.00e+00	0.00e+00	0.00e+00	1.00e+00	6.75e-09	5.64e-10
 1.49460e+23	1.00e+00	3.08e-04	3.66e-06	0.00e+00	0.00e+00	0.00e+00	0.00e+00	0.00e+00	0.00e+00	1.00e+00	6.45e-09	5.07e-10
 1.50241e+23	1.00e+00	2.74e-04	3.55e-06	0.00e+00	0.00e+00	0.00e+00	0.00e+00	0.00e+00	0.00e+00	1.00e+00	6.16e-09	4.56e-10
 1.51041e+23	1.00e+00	2.42e-04	3.43e-06	0.00e+00	0.00e+00	0.00e+00	0.00e+00	0.00e+00	0.00e+00	1.00e+00	5.88e-09	4.08e-10
 1.51860e+23	1.00e+00	2.14e-04	3.32e-06	0.00e+00	0.00e+00	0.00e+00	0.00e+00	0.00e+00	0.00e+00	1.00e+00	5.61e-09	3.64e-10
 1.52696e+23	1.00e+00	1.88e-04	3.21e-06	0.00e+00	0.00e+00	0.00e+00	0.00e+00	0.00e+00	0.00e+00	1.00e+00	5.35e-09	3.24e-10
 1.53546e+23	1.00e+00	1.65e-04	3.10e-06	0.00e+00	0.00e+00	0.00e+00	0.00e+00	0.00e+00	0.00e+00	1.00e+00	5.09e-09	2.87e-10
 1.54411e+23	1.00e+00	1.44e-04	2.99e-06	0.00e+00	0.00e+00	0.00e+00	0.00e+00	0.00e+00	0.00e+00	1.00e+00	4.85e-09	2.54e-10
 1.55291e+23	1.00e+00	1.26e-04	2.89e-06	0.00e+00	0.00e+00	0.00e+00	0.00e+00	0.00e+00	0.00e+00	1.00e+00	4.60e-09	2.24e-10
 1.56189e+23	1.00e+00	1.09e-04	2.79e-06	0.00e+00	0.00e+00	0.00e+00	0.00e+00	0.00e+00	0.00e+00	1.00e+00	4.37e-09	1.96e-10
 1.57105e+23	1.00e+00	9.46e-05	2.68e-06	0.00e+00	0.00e+00	0.00e+00	0.00e+00	0.00e+00	0.00e+00	1.00e+00	4.14e-09	1.72e-10
 1.58043e+23	1.00e+00	8.16e-05	2.58e-06	0.00e+00	0.00e+00	0.00e+00	0.00e+00	0.00e+00	0.00e+00	1.00e+00	3.92e-09	1.50e-10
 1.59005e+23	1.00e+00	7.03e-05	2.48e-06	0.00e+00	0.00e+00	0.00e+00	0.00e+00	0.00e+00	0.00e+00	1.00e+00	3.71e-09	1.30e-10
 1.59989e+23	1.00e+00	6.03e-05	2.38e-06	0.00e+00	0.00e+00	0.00e+00	0.00e+00	0.00e+00	0.00e+00	1.00e+00	3.50e-09	1.13e-10
 1.60996e+23	1.00e+00	5.16e-05	2.29e-06	0.00e+00	0.00e+00	0.00e+00	0.00e+00	0.00e+00	0.00e+00	1.00e+00	3.30e-09	9.73e-11
 1.62026e+23	1.00e+00	4.40e-05	2.19e-06	0.00e+00	0.00e+00	0.00e+00	0.00e+00	0.00e+00	0.00e+00	1.00e+00	3.11e-09	8.36e-11
 1.63082e+23	1.00e+00	3.75e-05	2.10e-06	0.00e+00	0.00e+00	0.00e+00	0.00e+00	0.00e+00	0.00e+00	1.00e+00	2.93e-09	7.18e-11
 1.64167e+23	1.00e+00	3.18e-05	2.00e-06	0.00e+00	0.00e+00	0.00e+00	0.00e+00	0.00e+00	0.00e+00	1.00e+00	2.75e-09	6.15e-11
 1.65276e+23	1.00e+00	2.70e-05	1.91e-06	0.00e+00	0.00e+00	0.00e+00	0.00e+00	0.00e+00	0.00e+00	1.00e+00	2.58e-09	5.26e-11
 1.66394e+23	1.00e+00	2.30e-05	1.83e-06	0.00e+00	0.00e+00	0.00e+00	0.00e+00	0.00e+00	0.00e+00	1.00e+00	2.43e-09	4.50e-11
 1.67522e+23	1.00e+00	1.95e-05	1.74e-06	0.00e+00	0.00e+00	0.00e+00	0.00e+00	0.00e+00	0.00e+00	1.00e+00	2.28e-09	3.84e-11
 1.68664e+23	1.00e+00	1.66e-05	1.66e-06	0.00e+00	0.00e+00	0.00e+00	0.00e+00	0.00e+00	0.00e+00	1.00e+00	2.14e-09	3.27e-11
 1.69818e+23	1.00e+00	1.42e-05	1.58e-06	0.00e+00	0.00e+00	0.00e+00	0.00e+00	0.00e+00	0.00e+00	1.00e+00	2.01e-09	2.79e-11
 1.70983e+23	1.00e+00	1.21e-05	1.51e-06	0.00e+00	0.00e+00	0.00e+00	0.00e+00	0.00e+00	0.00e+00	1.00e+00	1.88e-09	2.38e-11
 1.72160e+23	1.00e+00	1.04e-05	1.43e-06	0.00e+00	0.00e+00	0.00e+00	0.00e+00	0.00e+00	0.00e+00	1.00e+00	1.76e-09	2.03e-11
 1.73350e+23	1.00e+00	8.90e-06	1.36e-06	0.00e+00	0.00e+00	0.00e+00	0.00e+00	0.00e+00	0.00e+00	1.00e+00	1.65e-09	1.74e-11
 1.74553e+23	1.00e+00	7.66e-06	1.29e-06	0.00e+00	0.00e+00	0.00e+00	0.00e+00	0.00e+00	0.00e+00	1.00e+00	1.55e-09	1.48e-11
 1.75770e+23	1.00e+00	6.61e-06	1.22e-06	0.00e+00	0.00e+00	0.00e+00	0.00e+00	0.00e+00	0.00e+00	1.00e+00	1.45e-09	1.27e-11
 1.76994e+23	1.00e+00	5.73e-06	1.16e-06	0.00e+00	0.00e+00	0.00e+00	0.00e+00	0.00e+00	0.00e+00	1.00e+00	1.36e-09	1.09e-11
 1.78231e+23	1.00e+00	4.98e-06	1.10e-06	0.00e+00	0.00e+00	0.00e+00	0.00e+00	0.00e+00	0.00e+00	1.00e+00	1.27e-09	9.36e-12
 1.79484e+23	1.00e+00	4.34e-06	1.04e-06	0.00e+00	0.00e+00	0.00e+00	0.00e+00	0.00e+00	0.00e+00	1.00e+00	1.19e-09	7.83e-12
 1.80740e+23	1.00e+00	3.81e-06	9.83e-07	0.00e+00	0.00e+00	0.00e+00	0.00e+00	0.00e+00	0.00e+00	1.00e+00	1.11e-09	6.64e-12
 1.82007e+23	1.00e+00	3.35e-06	9.29e-07	0.00e+00	0.00e+00	0.00e+00	0.00e+00	0.00e+00	0.00e+00	1.00e+00	1.04e-09	5.64e-12
