#depth	N	N+	N+2	N+3	N+4	N+5	N+6	N+7
 4.62852e+21	0.00e+00	1.92e-26	1.10e-20	6.72e-16	1.42e-11	5.84e-07	1.50e-03	9.99e-01
 1.05610e+22	1.00e-32	1.62e-25	6.64e-20	2.91e-15	4.40e-11	1.22e-06	2.14e-03	9.98e-01
 1.27568e+22	5.36e-32	6.87e-25	2.24e-19	7.86e-15	9.47e-11	2.02e-06	2.73e-03	9.97e-01
 1.43621e+22	2.04e-31	2.17e-24	5.90e-19	1.73e-14	1.75e-10	3.01e-06	3.31e-03	9.97e-01
 1.52539e+22	2.86e-31	2.90e-24	7.52e-19	2.11e-14	2.04e-10	3.33e-06	3.48e-03	9.97e-01
 1.55519e+22	3.57e-31	3.51e-24	8.84e-19	2.41e-14	2.26e-10	3.57e-06	3.60e-03	9.96e-01
 1.57858e+22	4.41e-31	4.22e-24	1.03e-18	2.74e-14	2.49e-10	3.80e-06	3.71e-03	9.96e-01
 1.60487e+22	5.79e-31	5.32e-24	1.25e-18	3.20e-14	2.81e-10	4.13e-06	3.86e-03	9.96e-01
 1.63158e+22	7.27e-31	6.47e-24	1.48e-18	3.67e-14	3.12e-10	4.42e-06	3.99e-03	9.96e-01
 1.65502e+22	9.07e-31	7.82e-24	1.73e-18	4.17e-14	3.45e-10	4.72e-06	4.12e-03	9.96e-01
 1.68167e+22	1.18e-30	9.81e-24	2.09e-18	4.88e-14	3.89e-10	5.12e-06	4.29e-03	9.96e-01
 1.70988e+22	1.52e-30	1.22e-23	2.51e-18	5.66e-14	4.36e-10	5.52e-06	4.45e-03	9.96e-01
 1.73421e+22	1.90e-30	1.48e-23	2.95e-18	6.45e-14	4.82e-10	5.91e-06	4.60e-03	9.95e-01
 1.75620e+22	2.34e-30	1.76e-23	3.42e-18	7.28e-14	5.29e-10	6.29e-06	4.74e-03	9.95e-01
 1.78104e+22	2.98e-30	2.17e-23	4.08e-18	8.39e-14	5.91e-10	6.77e-06	4.92e-03	9.95e-01
 1.80788e+22	3.80e-30	2.67e-23	4.85e-18	9.67e-14	6.58e-10	7.28e-06	5.10e-03	9.95e-01
 1.83242e+22	4.78e-30	3.25e-23	5.71e-18	1.10e-13	7.29e-10	7.80e-06	5.27e-03	9.95e-01
 1.85587e+22	5.98e-30	3.94e-23	6.70e-18	1.26e-13	8.05e-10	8.34e-06	5.45e-03	9.95e-01
 1.88283e+22	7.80e-30	4.95e-23	8.12e-18	1.47e-13	9.09e-10	9.04e-06	5.67e-03	9.94e-01
 1.91005e+22	9.96e-30	6.09e-23	9.65e-18	1.69e-13	1.01e-09	9.72e-06	5.88e-03	9.94e-01
 1.93261e+22	1.23e-29	7.30e-23	1.12e-17	1.91e-13	1.11e-09	1.04e-05	6.07e-03	9.94e-01
 1.95693e+22	1.57e-29	9.01e-23	1.34e-17	2.20e-13	1.24e-09	1.12e-05	6.30e-03	9.94e-01
 1.98310e+22	2.01e-29	1.11e-22	1.59e-17	2.53e-13	1.37e-09	1.20e-05	6.54e-03	9.93e-01
 2.00691e+22	2.51e-29	1.34e-22	1.86e-17	2.87e-13	1.51e-09	1.28e-05	6.75e-03	9.93e-01
 2.03312e+22	3.28e-29	1.68e-22	2.25e-17	3.34e-13	1.70e-09	1.39e-05	7.03e-03	9.93e-01
 2.05933e+22	4.16e-29	2.06e-22	2.65e-17	3.82e-13	1.87e-09	1.49e-05	7.29e-03	9.93e-01
 2.08101e+22	5.13e-29	2.46e-22	3.07e-17	4.29e-13	2.05e-09	1.58e-05	7.52e-03	9.92e-01
 2.10467e+22	6.60e-29	3.04e-22	3.66e-17	4.95e-13	2.27e-09	1.70e-05	7.82e-03	9.92e-01
 2.12971e+22	8.29e-29	3.69e-22	4.30e-17	5.62e-13	2.50e-09	1.82e-05	8.09e-03	9.92e-01
 2.15289e+22	1.04e-28	4.48e-22	5.04e-17	6.38e-13	2.75e-09	1.95e-05	8.38e-03	9.92e-01
 2.17937e+22	1.40e-28	5.75e-22	6.18e-17	7.49e-13	3.09e-09	2.12e-05	8.76e-03	9.91e-01
 2.20482e+22	1.74e-28	6.90e-22	7.19e-17	8.46e-13	3.39e-09	2.26e-05	9.06e-03	9.91e-01
 2.22563e+22	2.15e-28	8.25e-22	8.32e-17	9.49e-13	3.68e-09	2.40e-05	9.35e-03	9.91e-01
 2.24940e+22	2.81e-28	1.03e-21	1.00e-16	1.10e-12	4.08e-09	2.59e-05	9.74e-03	9.90e-01
 2.27374e+22	3.52e-28	1.25e-21	1.17e-16	1.24e-12	4.46e-09	2.77e-05	1.01e-02	9.90e-01
 2.29884e+22	4.70e-28	1.59e-21	1.42e-16	1.45e-12	4.99e-09	3.01e-05	1.05e-02	9.89e-01
 2.32386e+22	5.95e-28	1.94e-21	1.67e-16	1.64e-12	5.46e-09	3.21e-05	1.09e-02	9.89e-01
 2.34438e+22	7.36e-28	2.31e-21	1.93e-16	1.83e-12	5.91e-09	3.41e-05	1.13e-02	9.89e-01
 2.36665e+22	9.51e-28	2.87e-21	2.29e-16	2.10e-12	6.51e-09	3.66e-05	1.17e-02	9.88e-01
 2.38974e+22	1.19e-27	3.46e-21	2.67e-16	2.36e-12	7.07e-09	3.90e-05	1.22e-02	9.88e-01
 2.41049e+22	1.49e-27	4.16e-21	3.10e-16	2.65e-12	7.67e-09	4.15e-05	1.26e-02	9.87e-01
 2.43406e+22	1.97e-27	5.26e-21	3.74e-16	3.07e-12	8.50e-09	4.49e-05	1.31e-02	9.87e-01
 2.45790e+22	2.50e-27	6.42e-21	4.40e-16	3.47e-12	9.27e-09	4.80e-05	1.36e-02	9.86e-01
 2.47778e+22	3.08e-27	7.64e-21	5.06e-16	3.87e-12	9.99e-09	5.08e-05	1.41e-02	9.86e-01
 2.49930e+22	4.02e-27	9.52e-21	6.04e-16	4.43e-12	1.10e-08	5.47e-05	1.46e-02	9.85e-01
 2.52125e+22	5.05e-27	1.15e-20	7.04e-16	4.98e-12	1.19e-08	5.82e-05	1.52e-02	9.85e-01
 2.54044e+22	6.25e-27	1.37e-20	8.11e-16	5.55e-12	1.28e-08	6.17e-05	1.57e-02	9.84e-01
 2.56205e+22	8.18e-27	1.72e-20	9.70e-16	6.37e-12	1.41e-08	6.64e-05	1.63e-02	9.84e-01
 2.58436e+22	1.04e-26	2.10e-20	1.14e-15	7.19e-12	1.53e-08	7.09e-05	1.69e-02	9.83e-01
 2.60342e+22	1.29e-26	2.50e-20	1.31e-15	8.00e-12	1.64e-08	7.51e-05	1.75e-02	9.82e-01
 2.62404e+22	1.68e-26	3.12e-20	1.57e-15	9.16e-12	1.80e-08	8.08e-05	1.82e-02	9.82e-01
 2.64529e+22	2.10e-26	3.75e-20	1.82e-15	1.03e-11	1.95e-08	8.59e-05	1.88e-02	9.81e-01
 2.66433e+22	2.65e-26	4.55e-20	2.12e-15	1.15e-11	2.11e-08	9.14e-05	1.95e-02	9.80e-01
 2.68289e+22	3.28e-26	5.43e-20	2.44e-15	1.29e-11	2.27e-08	9.70e-05	2.01e-02	9.80e-01
 2.70388e+22	4.32e-26	6.82e-20	2.93e-15	1.48e-11	2.49e-08	1.04e-04	2.10e-02	9.79e-01
 2.72546e+22	5.53e-26	8.37e-20	3.46e-15	1.67e-11	2.71e-08	1.12e-04	2.17e-02	9.78e-01
 2.74431e+22	6.94e-26	1.01e-19	4.02e-15	1.88e-11	2.93e-08	1.19e-04	2.25e-02	9.77e-01
 2.76532e+22	9.21e-26	1.28e-19	4.85e-15	2.17e-11	3.23e-08	1.28e-04	2.35e-02	9.76e-01
 2.78678e+22	1.18e-25	1.57e-19	5.72e-15	2.46e-11	3.51e-08	1.37e-04	2.43e-02	9.76e-01
 2.80557e+22	1.48e-25	1.90e-19	6.67e-15	2.76e-11	3.79e-08	1.46e-04	2.52e-02	9.75e-01
 2.82677e+22	2.02e-25	2.45e-19	8.17e-15	3.22e-11	4.21e-08	1.58e-04	2.63e-02	9.74e-01
 2.84768e+22	2.54e-25	2.96e-19	9.52e-15	3.62e-11	4.55e-08	1.68e-04	2.72e-02	9.73e-01
 2.86548e+22	3.22e-25	3.61e-19	1.12e-14	4.08e-11	4.93e-08	1.79e-04	2.82e-02	9.72e-01
 2.88295e+22	4.04e-25	4.36e-19	1.30e-14	4.58e-11	5.32e-08	1.91e-04	2.91e-02	9.71e-01
 2.90276e+22	5.40e-25	5.55e-19	1.58e-14	5.31e-11	5.88e-08	2.06e-04	3.03e-02	9.69e-01
 2.92161e+22	6.69e-25	6.63e-19	1.82e-14	5.92e-11	6.32e-08	2.18e-04	3.12e-02	9.69e-01
 2.93671e+22	8.29e-25	7.92e-19	2.10e-14	6.59e-11	6.79e-08	2.31e-04	3.22e-02	9.68e-01
 2.95046e+22	1.00e-24	9.27e-19	2.38e-14	7.25e-11	7.23e-08	2.42e-04	3.30e-02	9.67e-01
 2.96302e+22	1.18e-24	1.06e-18	2.66e-14	7.89e-11	7.66e-08	2.53e-04	3.38e-02	9.66e-01
 2.97739e+22	1.48e-24	1.28e-18	3.09e-14	8.85e-11	8.27e-08	2.68e-04	3.49e-02	9.65e-01
 2.99160e+22	1.79e-24	1.50e-18	3.51e-14	9.75e-11	8.81e-08	2.82e-04	3.58e-02	9.64e-01
 3.00340e+22	2.13e-24	1.74e-18	3.96e-14	1.07e-10	9.36e-08	2.95e-04	3.67e-02	9.63e-01
 3.01654e+22	2.66e-24	2.09e-18	4.59e-14	1.19e-10	1.01e-07	3.12e-04	3.78e-02	9.62e-01
 3.03002e+22	3.18e-24	2.43e-18	5.18e-14	1.31e-10	1.07e-07	3.27e-04	3.87e-02	9.61e-01
 3.04168e+22	3.81e-24	2.82e-18	5.85e-14	1.44e-10	1.14e-07	3.43e-04	3.96e-02	9.60e-01
 3.05268e+22	4.52e-24	3.26e-18	6.57e-14	1.57e-10	1.21e-07	3.58e-04	4.05e-02	9.59e-01
 3.06508e+22	5.61e-24	3.90e-18	7.60e-14	1.75e-10	1.30e-07	3.78e-04	4.17e-02	9.58e-01
 3.07777e+22	6.69e-24	4.52e-18	8.57e-14	1.92e-10	1.39e-07	3.96e-04	4.27e-02	9.57e-01
 3.09084e+22	8.56e-24	5.56e-18	1.01e-13	2.18e-10	1.51e-07	4.21e-04	4.40e-02	9.56e-01
 3.10363e+22	1.02e-23	6.46e-18	1.14e-13	2.39e-10	1.60e-07	4.40e-04	4.51e-02	9.55e-01
 3.11402e+22	1.23e-23	7.52e-18	1.29e-13	2.63e-10	1.71e-07	4.60e-04	4.61e-02	9.53e-01
 3.12376e+22	1.45e-23	8.66e-18	1.45e-13	2.87e-10	1.81e-07	4.80e-04	4.71e-02	9.52e-01
 3.13471e+22	1.80e-23	1.03e-17	1.68e-13	3.20e-10	1.94e-07	5.06e-04	4.83e-02	9.51e-01
 3.14597e+22	2.18e-23	1.22e-17	1.91e-13	3.54e-10	2.08e-07	5.30e-04	4.95e-02	9.50e-01
 3.15581e+22	2.58e-23	1.40e-17	2.15e-13	3.86e-10	2.21e-07	5.52e-04	5.05e-02	9.49e-01
 3.16675e+22	3.29e-23	1.72e-17	2.54e-13	4.39e-10	2.40e-07	5.86e-04	5.20e-02	9.47e-01
 3.17771e+22	3.96e-23	2.01e-17	2.88e-13	4.83e-10	2.56e-07	6.12e-04	5.32e-02	9.46e-01
 3.18869e+22	5.07e-23	2.48e-17	3.41e-13	5.50e-10	2.79e-07	6.50e-04	5.48e-02	9.45e-01
 3.19984e+22	6.21e-23	2.94e-17	3.92e-13	6.12e-10	2.99e-07	6.81e-04	5.61e-02	9.43e-01
 3.20941e+22	7.54e-23	3.46e-17	4.49e-13	6.77e-10	3.20e-07	7.13e-04	5.74e-02	9.42e-01
 3.22006e+22	9.82e-23	4.33e-17	5.38e-13	7.77e-10	3.51e-07	7.59e-04	5.91e-02	9.40e-01
 3.23062e+22	1.19e-22	5.09e-17	6.14e-13	8.60e-10	3.75e-07	7.93e-04	6.04e-02	9.39e-01
 3.24108e+22	1.56e-22	6.41e-17	7.42e-13	9.93e-10	4.13e-07	8.45e-04	6.23e-02	9.37e-01
 3.25125e+22	1.87e-22	7.47e-17	8.41e-13	1.09e-09	4.40e-07	8.81e-04	6.36e-02	9.36e-01
 3.26104e+22	2.47e-22	9.45e-17	1.02e-12	1.26e-09	4.84e-07	9.38e-04	6.56e-02	9.34e-01
 3.27079e+22	2.96e-22	1.10e-16	1.16e-12	1.39e-09	5.17e-07	9.79e-04	6.69e-02	9.32e-01
 3.28047e+22	3.95e-22	1.41e-16	1.41e-12	1.62e-09	5.72e-07	1.04e-03	6.90e-02	9.30e-01
 3.29015e+22	4.82e-22	1.67e-16	1.62e-12	1.80e-09	6.14e-07	1.09e-03	7.05e-02	9.28e-01
 3.29984e+22	6.46e-22	2.14e-16	1.99e-12	2.10e-09	6.80e-07	1.17e-03	7.28e-02	9.26e-01
 3.30967e+22	8.00e-22	2.57e-16	2.31e-12	2.36e-09	7.34e-07	1.22e-03	7.45e-02	9.24e-01
 3.31971e+22	1.07e-21	3.30e-16	2.84e-12	2.76e-09	8.15e-07	1.31e-03	7.69e-02	9.22e-01
 3.32966e+22	1.35e-21	4.00e-16	3.33e-12	3.12e-09	8.83e-07	1.37e-03	7.87e-02	9.20e-01
 3.33951e+22	1.82e-21	5.17e-16	4.11e-12	3.66e-09	9.83e-07	1.47e-03	8.12e-02	9.17e-01
 3.34950e+22	2.31e-21	6.33e-16	4.86e-12	4.16e-09	1.07e-06	1.55e-03	8.33e-02	9.15e-01
 3.35969e+22	3.17e-21	8.30e-16	6.07e-12	4.92e-09	1.20e-06	1.66e-03	8.61e-02	9.12e-01
 3.36998e+22	4.07e-21	1.03e-15	7.23e-12	5.62e-09	1.31e-06	1.76e-03	8.84e-02	9.10e-01
 3.38041e+22	5.66e-21	1.36e-15	9.11e-12	6.71e-09	1.47e-06	1.89e-03	9.14e-02	9.07e-01
 3.39090e+22	7.28e-21	1.68e-15	1.09e-11	7.68e-09	1.61e-06	2.00e-03	9.39e-02	9.04e-01
 3.39996e+22	9.33e-21	2.08e-15	1.30e-11	8.78e-09	1.76e-06	2.11e-03	9.63e-02	9.02e-01
 3.41022e+22	1.28e-20	2.74e-15	1.62e-11	1.04e-08	1.98e-06	2.26e-03	9.96e-02	8.98e-01
 3.42057e+22	1.65e-20	3.39e-15	1.93e-11	1.19e-08	2.16e-06	2.39e-03	1.02e-01	8.95e-01
 3.43102e+22	2.28e-20	4.47e-15	2.44e-11	1.42e-08	2.43e-06	2.57e-03	1.06e-01	8.92e-01
 3.44148e+22	2.89e-20	5.48e-15	2.88e-11	1.61e-08	2.65e-06	2.71e-03	1.08e-01	8.89e-01
 3.45198e+22	3.98e-20	7.21e-15	3.61e-11	1.92e-08	2.98e-06	2.92e-03	1.12e-01	8.85e-01
 3.46267e+22	5.05e-20	8.84e-15	4.28e-11	2.18e-08	3.25e-06	3.08e-03	1.15e-01	8.82e-01
 3.47361e+22	6.90e-20	1.15e-14	5.34e-11	2.59e-08	3.65e-06	3.30e-03	1.19e-01	8.78e-01
 3.48492e+22	8.90e-20	1.44e-14	6.39e-11	2.97e-08	4.01e-06	3.50e-03	1.22e-01	8.75e-01
 3.49669e+22	1.23e-19	1.89e-14	8.04e-11	3.55e-08	4.52e-06	3.77e-03	1.26e-01	8.70e-01
 3.50860e+22	1.58e-19	2.34e-14	9.60e-11	4.06e-08	4.96e-06	3.99e-03	1.29e-01	8.67e-01
 3.52073e+22	2.17e-19	3.08e-14	1.20e-10	4.84e-08	5.59e-06	4.30e-03	1.34e-01	8.62e-01
 3.53294e+22	2.76e-19	3.79e-14	1.43e-10	5.52e-08	6.12e-06	4.55e-03	1.37e-01	8.58e-01
 3.54525e+22	3.75e-19	4.93e-14	1.78e-10	6.54e-08	6.87e-06	4.89e-03	1.42e-01	8.53e-01
 3.55787e+22	4.77e-19	6.06e-14	2.11e-10	7.47e-08	7.53e-06	5.18e-03	1.46e-01	8.49e-01
 3.56884e+22	5.95e-19	7.34e-14	2.48e-10	8.45e-08	8.20e-06	5.46e-03	1.49e-01	8.45e-01
 3.58102e+22	7.96e-19	9.41e-14	3.05e-10	9.92e-08	9.16e-06	5.85e-03	1.54e-01	8.40e-01
 3.59324e+22	9.80e-19	1.13e-13	3.54e-10	1.11e-07	9.93e-06	6.15e-03	1.57e-01	8.36e-01
 3.60549e+22	1.29e-18	1.43e-13	4.32e-10	1.30e-07	1.11e-05	6.58e-03	1.62e-01	8.31e-01
 3.61804e+22	1.60e-18	1.72e-13	5.04e-10	1.47e-07	1.20e-05	6.93e-03	1.66e-01	8.27e-01
 3.62915e+22	1.97e-18	2.06e-13	5.85e-10	1.65e-07	1.30e-05	7.29e-03	1.70e-01	8.23e-01
 3.64179e+22	2.60e-18	2.61e-13	7.14e-10	1.92e-07	1.45e-05	7.80e-03	1.75e-01	8.17e-01
 3.65435e+22	3.14e-18	3.07e-13	8.18e-10	2.14e-07	1.56e-05	8.17e-03	1.79e-01	8.13e-01
 3.66682e+22	4.08e-18	3.84e-13	9.87e-10	2.48e-07	1.73e-05	8.71e-03	1.84e-01	8.07e-01
 3.67954e+22	4.94e-18	4.53e-13	1.13e-09	2.76e-07	1.87e-05	9.14e-03	1.88e-01	8.03e-01
 3.69257e+22	6.42e-18	5.68e-13	1.37e-09	3.20e-07	2.08e-05	9.75e-03	1.93e-01	7.97e-01
 3.70584e+22	7.81e-18	6.72e-13	1.58e-09	3.58e-07	2.24e-05	1.02e-02	1.97e-01	7.93e-01
 3.71944e+22	1.02e-17	8.42e-13	1.91e-09	4.16e-07	2.49e-05	1.09e-02	2.03e-01	7.86e-01
 3.73328e+22	1.24e-17	9.98e-13	2.20e-09	4.65e-07	2.70e-05	1.15e-02	2.07e-01	7.81e-01
 3.74744e+22	1.61e-17	1.25e-12	2.66e-09	5.40e-07	3.00e-05	1.23e-02	2.13e-01	7.74e-01
 3.76129e+22	1.91e-17	1.45e-12	3.01e-09	5.96e-07	3.22e-05	1.28e-02	2.17e-01	7.70e-01
 3.77471e+22	2.45e-17	1.80e-12	3.61e-09	6.87e-07	3.56e-05	1.36e-02	2.23e-01	7.63e-01
 3.78834e+22	2.91e-17	2.09e-12	4.09e-09	7.58e-07	3.82e-05	1.43e-02	2.27e-01	7.58e-01
 3.80222e+22	3.70e-17	2.57e-12	4.86e-09	8.70e-07	4.21e-05	1.52e-02	2.33e-01	7.52e-01
 3.81652e+22	4.48e-17	3.03e-12	5.59e-09	9.71e-07	4.55e-05	1.59e-02	2.38e-01	7.46e-01
 3.83138e+22	5.68e-17	3.72e-12	6.64e-09	1.11e-06	5.02e-05	1.69e-02	2.44e-01	7.39e-01
 3.84671e+22	6.95e-17	4.43e-12	7.69e-09	1.25e-06	5.45e-05	1.78e-02	2.49e-01	7.33e-01
 3.86266e+22	8.89e-17	5.47e-12	9.19e-09	1.44e-06	6.03e-05	1.89e-02	2.56e-01	7.25e-01
 3.87902e+22	1.09e-16	6.54e-12	1.07e-08	1.62e-06	6.56e-05	2.00e-02	2.61e-01	7.18e-01
 3.89592e+22	1.40e-16	8.13e-12	1.28e-08	1.88e-06	7.28e-05	2.13e-02	2.68e-01	7.10e-01
 3.91334e+22	1.74e-16	9.77e-12	1.50e-08	2.12e-06	7.95e-05	2.25e-02	2.74e-01	7.03e-01
 3.93146e+22	2.25e-16	1.22e-11	1.81e-08	2.47e-06	8.86e-05	2.40e-02	2.82e-01	6.94e-01
 3.95020e+22	2.82e-16	1.48e-11	2.13e-08	2.81e-06	9.72e-05	2.55e-02	2.88e-01	6.86e-01
 3.96718e+22	3.50e-16	1.79e-11	2.49e-08	3.19e-06	1.06e-04	2.69e-02	2.95e-01	6.78e-01
 3.98668e+22	4.59e-16	2.26e-11	3.03e-08	3.73e-06	1.19e-04	2.88e-02	3.03e-01	6.68e-01
 4.00656e+22	5.76e-16	2.75e-11	3.57e-08	4.25e-06	1.31e-04	3.05e-02	3.09e-01	6.60e-01
 4.02693e+22	7.62e-16	3.50e-11	4.38e-08	5.00e-06	1.47e-04	3.28e-02	3.18e-01	6.49e-01
 4.04757e+22	9.59e-16	4.27e-11	5.18e-08	5.71e-06	1.61e-04	3.47e-02	3.25e-01	6.40e-01
 4.06857e+22	1.28e-15	5.49e-11	6.40e-08	6.76e-06	1.82e-04	3.74e-02	3.34e-01	6.29e-01
 4.08979e+22	1.62e-15	6.70e-11	7.58e-08	7.74e-06	2.01e-04	3.96e-02	3.41e-01	6.19e-01
 4.11130e+22	2.19e-15	8.71e-11	9.45e-08	9.23e-06	2.27e-04	4.27e-02	3.50e-01	6.07e-01
 4.13292e+22	2.75e-15	1.06e-10	1.12e-07	1.05e-05	2.50e-04	4.53e-02	3.58e-01	5.97e-01
 4.15101e+22	3.39e-15	1.27e-10	1.30e-07	1.19e-05	2.73e-04	4.77e-02	3.64e-01	5.88e-01
 4.17083e+22	4.51e-15	1.63e-10	1.60e-07	1.41e-05	3.08e-04	5.12e-02	3.73e-01	5.75e-01
 4.19038e+22	5.51e-15	1.94e-10	1.86e-07	1.58e-05	3.35e-04	5.38e-02	3.80e-01	5.66e-01
 4.20956e+22	7.24e-15	2.46e-10	2.27e-07	1.86e-05	3.75e-04	5.76e-02	3.88e-01	5.54e-01
 4.22907e+22	8.94e-15	2.95e-10	2.65e-07	2.11e-05	4.10e-04	6.07e-02	3.95e-01	5.44e-01
 4.24901e+22	1.19e-14	3.77e-10	3.27e-07	2.50e-05	4.63e-04	6.51e-02	4.04e-01	5.30e-01
 4.26918e+22	1.47e-14	4.55e-10	3.83e-07	2.84e-05	5.07e-04	6.87e-02	4.11e-01	5.20e-01
 4.28965e+22	1.96e-14	5.84e-10	4.74e-07	3.37e-05	5.73e-04	7.38e-02	4.20e-01	5.06e-01
 4.31051e+22	2.47e-14	7.13e-10	5.62e-07	3.87e-05	6.33e-04	7.82e-02	4.27e-01	4.94e-01
 4.33185e+22	3.33e-14	9.25e-10	7.02e-07	4.64e-05	7.20e-04	8.42e-02	4.36e-01	4.79e-01
 4.35358e+22	4.21e-14	1.14e-09	8.37e-07	5.36e-05	7.99e-04	8.93e-02	4.43e-01	4.67e-01
 4.37579e+22	5.72e-14	1.48e-09	1.05e-06	6.47e-05	9.15e-04	9.65e-02	4.52e-01	4.50e-01
 4.39830e+22	7.26e-14	1.83e-09	1.26e-06	7.51e-05	1.02e-03	1.02e-01	4.59e-01	4.37e-01
 4.41733e+22	9.01e-14	2.21e-09	1.49e-06	8.61e-05	1.12e-03	1.08e-01	4.65e-01	4.25e-01
 4.43820e+22	1.19e-13	2.83e-09	1.84e-06	1.03e-04	1.28e-03	1.16e-01	4.73e-01	4.10e-01
 4.45916e+22	1.47e-13	3.41e-09	2.17e-06	1.18e-04	1.41e-03	1.23e-01	4.78e-01	3.97e-01
 4.47964e+22	1.90e-13	4.28e-09	2.65e-06	1.40e-04	1.59e-03	1.31e-01	4.85e-01	3.82e-01
 4.50052e+22	2.35e-13	5.17e-09	3.13e-06	1.61e-04	1.76e-03	1.39e-01	4.90e-01	3.69e-01
 4.52102e+22	2.99e-13	6.40e-09	3.78e-06	1.89e-04	1.98e-03	1.48e-01	4.95e-01	3.55e-01
 4.54194e+22	3.69e-13	7.74e-09	4.48e-06	2.18e-04	2.21e-03	1.57e-01	5.00e-01	3.41e-01
 4.56243e+22	4.60e-13	9.42e-09	5.35e-06	2.55e-04	2.47e-03	1.66e-01	5.04e-01	3.27e-01
 4.58285e+22	5.60e-13	1.13e-08	6.28e-06	2.93e-04	2.74e-03	1.75e-01	5.07e-01	3.14e-01
 4.60350e+22	6.90e-13	1.36e-08	7.46e-06	3.41e-04	3.06e-03	1.86e-01	5.10e-01	3.00e-01
 4.62447e+22	8.36e-13	1.62e-08	8.76e-06	3.93e-04	3.40e-03	1.96e-01	5.13e-01	2.87e-01
 4.64492e+22	1.01e-12	1.92e-08	1.02e-05	4.52e-04	3.77e-03	2.07e-01	5.14e-01	2.75e-01
 4.66539e+22	1.20e-12	2.26e-08	1.19e-05	5.18e-04	4.18e-03	2.18e-01	5.15e-01	2.62e-01
 4.68597e+22	1.43e-12	2.66e-08	1.39e-05	5.93e-04	4.62e-03	2.29e-01	5.16e-01	2.50e-01
 4.70668e+22	1.69e-12	3.11e-08	1.61e-05	6.78e-04	5.11e-03	2.40e-01	5.16e-01	2.38e-01
 4.72758e+22	2.00e-12	3.62e-08	1.86e-05	7.74e-04	5.65e-03	2.52e-01	5.15e-01	2.26e-01
 4.74862e+22	2.34e-12	4.20e-08	2.14e-05	8.81e-04	6.23e-03	2.65e-01	5.14e-01	2.15e-01
 4.76998e+22	2.73e-12	4.87e-08	2.46e-05	1.00e-03	6.88e-03	2.77e-01	5.11e-01	2.03e-01
 4.79153e+22	3.16e-12	5.60e-08	2.82e-05	1.14e-03	7.57e-03	2.90e-01	5.09e-01	1.93e-01
 4.81349e+22	3.73e-12	6.46e-08	3.24e-05	1.30e-03	8.35e-03	3.03e-01	5.05e-01	1.82e-01
 4.83579e+22	4.30e-12	7.40e-08	3.70e-05	1.47e-03	9.18e-03	3.16e-01	5.01e-01	1.72e-01
 4.85623e+22	4.83e-12	8.28e-08	4.12e-05	1.62e-03	9.93e-03	3.28e-01	4.97e-01	1.63e-01
 4.87759e+22	5.57e-12	9.50e-08	4.73e-05	1.85e-03	1.10e-02	3.42e-01	4.92e-01	1.53e-01
 4.89926e+22	6.24e-12	1.06e-07	5.26e-05	2.04e-03	1.19e-02	3.54e-01	4.87e-01	1.45e-01
 4.92153e+22	7.18e-12	1.22e-07	6.03e-05	2.32e-03	1.31e-02	3.69e-01	4.80e-01	1.36e-01
 4.94393e+22	7.99e-12	1.35e-07	6.69e-05	2.56e-03	1.41e-02	3.80e-01	4.75e-01	1.28e-01
 4.96652e+22	9.12e-12	1.54e-07	7.64e-05	2.90e-03	1.55e-02	3.96e-01	4.67e-01	1.19e-01
 4.98916e+22	1.01e-11	1.70e-07	8.44e-05	3.18e-03	1.67e-02	4.07e-01	4.60e-01	1.13e-01
 5.01186e+22	1.15e-11	1.93e-07	9.58e-05	3.58e-03	1.83e-02	4.22e-01	4.51e-01	1.05e-01
 5.03478e+22	1.27e-11	2.13e-07	1.06e-04	3.92e-03	1.96e-02	4.33e-01	4.44e-01	9.90e-02
 5.05800e+22	1.44e-11	2.41e-07	1.20e-04	4.40e-03	2.15e-02	4.48e-01	4.34e-01	9.17e-02
 5.08151e+22	1.58e-11	2.65e-07	1.32e-04	4.81e-03	2.30e-02	4.59e-01	4.27e-01	8.63e-02
 5.10539e+22	1.79e-11	3.00e-07	1.50e-04	5.39e-03	2.52e-02	4.74e-01	4.16e-01	7.95e-02
 5.12969e+22	1.98e-11	3.31e-07	1.65e-04	5.89e-03	2.69e-02	4.85e-01	4.08e-01	7.46e-02
 5.15451e+22	2.23e-11	3.74e-07	1.87e-04	6.60e-03	2.94e-02	4.99e-01	3.96e-01	6.85e-02
 5.17988e+22	2.48e-11	4.14e-07	2.07e-04	7.22e-03	3.15e-02	5.10e-01	3.87e-01	6.39e-02
 5.20593e+22	2.80e-11	4.69e-07	2.36e-04	8.09e-03	3.44e-02	5.24e-01	3.74e-01	5.83e-02
 5.23259e+22	3.12e-11	5.22e-07	2.62e-04	8.85e-03	3.69e-02	5.35e-01	3.65e-01	5.42e-02
 5.25507e+22	3.42e-11	5.71e-07	2.87e-04	9.58e-03	3.91e-02	5.45e-01	3.56e-01	5.08e-02
 5.27935e+22	3.83e-11	6.41e-07	3.22e-04	1.06e-02	4.23e-02	5.56e-01	3.44e-01	4.65e-02
 5.30301e+22	4.18e-11	6.98e-07	3.51e-04	1.14e-02	4.46e-02	5.64e-01	3.36e-01	4.37e-02
 5.32586e+22	4.63e-11	7.75e-07	3.91e-04	1.25e-02	4.78e-02	5.74e-01	3.25e-01	4.02e-02
 5.34892e+22	5.08e-11	8.48e-07	4.26e-04	1.34e-02	5.04e-02	5.82e-01	3.16e-01	3.77e-02
 5.37225e+22	5.65e-11	9.44e-07	4.76e-04	1.46e-02	5.39e-02	5.91e-01	3.05e-01	3.45e-02
 5.39591e+22	6.21e-11	1.03e-06	5.20e-04	1.57e-02	5.68e-02	5.98e-01	2.97e-01	3.23e-02
 5.41998e+22	6.94e-11	1.16e-06	5.81e-04	1.72e-02	6.07e-02	6.06e-01	2.86e-01	2.95e-02
 5.44440e+22	7.66e-11	1.27e-06	6.36e-04	1.84e-02	6.39e-02	6.12e-01	2.77e-01	2.75e-02
 5.46926e+22	8.58e-11	1.42e-06	7.14e-04	2.02e-02	6.83e-02	6.20e-01	2.66e-01	2.50e-02
 5.49453e+22	9.54e-11	1.57e-06	7.84e-04	2.16e-02	7.18e-02	6.25e-01	2.57e-01	2.32e-02
 5.52033e+22	1.07e-10	1.77e-06	8.82e-04	2.37e-02	7.68e-02	6.32e-01	2.46e-01	2.10e-02
 5.54665e+22	1.20e-10	1.97e-06	9.73e-04	2.55e-02	8.07e-02	6.36e-01	2.37e-01	1.94e-02
 5.57363e+22	1.36e-10	2.23e-06	1.10e-03	2.79e-02	8.63e-02	6.41e-01	2.26e-01	1.75e-02
 5.60131e+22	1.53e-10	2.48e-06	1.22e-03	3.01e-02	9.08e-02	6.45e-01	2.17e-01	1.61e-02
 5.62988e+22	1.76e-10	2.85e-06	1.39e-03	3.31e-02	9.70e-02	6.49e-01	2.06e-01	1.43e-02
 5.65888e+22	1.98e-10	3.19e-06	1.54e-03	3.56e-02	1.02e-01	6.51e-01	1.97e-01	1.31e-02
 5.68843e+22	2.30e-10	3.67e-06	1.77e-03	3.92e-02	1.09e-01	6.53e-01	1.86e-01	1.16e-02
 5.71833e+22	2.62e-10	4.14e-06	1.97e-03	4.22e-02	1.14e-01	6.54e-01	1.77e-01	1.06e-02
 5.74867e+22	3.04e-10	4.78e-06	2.25e-03	4.64e-02	1.22e-01	6.54e-01	1.67e-01	9.37e-03
 5.77942e+22	3.49e-10	5.41e-06	2.52e-03	4.99e-02	1.27e-01	6.53e-01	1.59e-01	8.50e-03
 5.80640e+22	3.95e-10	6.07e-06	2.80e-03	5.37e-02	1.33e-01	6.52e-01	1.51e-01	7.71e-03
 5.83717e+22	4.64e-10	7.06e-06	3.22e-03	5.88e-02	1.42e-01	6.49e-01	1.41e-01	6.77e-03
 5.86826e+22	5.32e-10	7.98e-06	3.59e-03	6.32e-02	1.48e-01	6.46e-01	1.34e-01	6.12e-03
 5.89383e+22	5.97e-10	8.87e-06	3.94e-03	6.72e-02	1.53e-01	6.42e-01	1.27e-01	5.59e-03
 5.92113e+22	6.93e-10	1.01e-05	4.44e-03	7.25e-02	1.61e-01	6.38e-01	1.20e-01	4.99e-03
 5.94901e+22	7.84e-10	1.14e-05	4.90e-03	7.73e-02	1.67e-01	6.33e-01	1.14e-01	4.53e-03
 5.97383e+22	8.86e-10	1.27e-05	5.40e-03	8.21e-02	1.73e-01	6.28e-01	1.08e-01	4.12e-03
 6.00227e+22	1.04e-09	1.46e-05	6.10e-03	8.86e-02	1.80e-01	6.20e-01	1.01e-01	3.65e-03
 6.03175e+22	1.19e-09	1.65e-05	6.78e-03	9.46e-02	1.87e-01	6.13e-01	9.49e-02	3.27e-03
 6.05802e+22	1.35e-09	1.85e-05	7.48e-03	1.01e-01	1.94e-01	6.06e-01	8.97e-02	2.95e-03
 6.08762e+22	1.60e-09	2.14e-05	8.47e-03	1.08e-01	2.01e-01	5.96e-01	8.33e-02	2.59e-03
 6.11854e+22	1.85e-09	2.43e-05	9.46e-03	1.16e-01	2.09e-01	5.86e-01	7.77e-02	2.30e-03
 6.14644e+22	2.13e-09	2.75e-05	1.05e-02	1.23e-01	2.15e-01	5.76e-01	7.29e-02	2.05e-03
 6.17798e+22	2.55e-09	3.21e-05	1.19e-02	1.33e-01	2.23e-01	5.63e-01	6.71e-02	1.78e-03
 6.21050e+22	2.96e-09	3.67e-05	1.33e-02	1.42e-01	2.30e-01	5.51e-01	6.21e-02	1.56e-03
 6.23945e+22	3.44e-09	4.17e-05	1.48e-02	1.50e-01	2.37e-01	5.39e-01	5.78e-02	1.38e-03
 6.27224e+22	4.16e-09	4.90e-05	1.68e-02	1.62e-01	2.44e-01	5.23e-01	5.27e-02	1.19e-03
 6.30626e+22	4.89e-09	5.63e-05	1.89e-02	1.72e-01	2.51e-01	5.08e-01	4.83e-02	1.03e-03
 6.33682e+22	5.73e-09	6.43e-05	2.10e-02	1.83e-01	2.57e-01	4.94e-01	4.46e-02	9.00e-04
 6.37146e+22	7.01e-09	7.61e-05	2.39e-02	1.96e-01	2.64e-01	4.75e-01	4.01e-02	7.59e-04
 6.40741e+22	8.33e-09	8.81e-05	2.69e-02	2.08e-01	2.70e-01	4.58e-01	3.63e-02	6.47e-04
 6.43960e+22	9.87e-09	1.01e-04	2.99e-02	2.20e-01	2.74e-01	4.42e-01	3.32e-02	5.59e-04
 6.47599e+22	1.22e-08	1.21e-04	3.42e-02	2.36e-01	2.80e-01	4.20e-01	2.93e-02	4.61e-04
 6.51310e+22	1.46e-08	1.39e-04	3.82e-02	2.49e-01	2.84e-01	4.02e-01	2.64e-02	3.91e-04
 6.55116e+22	1.82e-08	1.67e-04	4.37e-02	2.66e-01	2.87e-01	3.79e-01	2.31e-02	3.18e-04
 6.58961e+22	2.19e-08	1.94e-04	4.87e-02	2.80e-01	2.90e-01	3.60e-01	2.06e-02	2.67e-04
 6.62857e+22	2.75e-08	2.33e-04	5.56e-02	2.98e-01	2.92e-01	3.36e-01	1.78e-02	2.13e-04
 6.66788e+22	3.31e-08	2.70e-04	6.18e-02	3.12e-01	2.92e-01	3.17e-01	1.58e-02	1.78e-04
 6.70764e+22	4.19e-08	3.25e-04	7.04e-02	3.30e-01	2.92e-01	2.93e-01	1.34e-02	1.40e-04
 6.74781e+22	5.06e-08	3.77e-04	7.79e-02	3.44e-01	2.91e-01	2.75e-01	1.18e-02	1.15e-04
 6.78854e+22	6.45e-08	4.55e-04	8.85e-02	3.62e-01	2.88e-01	2.51e-01	9.93e-03	8.94e-05
 6.82979e+22	7.82e-08	5.27e-04	9.76e-02	3.75e-01	2.85e-01	2.33e-01	8.62e-03	7.27e-05
 6.87173e+22	1.00e-07	6.37e-04	1.10e-01	3.92e-01	2.79e-01	2.11e-01	7.14e-03	5.53e-05
 6.91284e+22	1.20e-07	7.31e-04	1.21e-01	4.03e-01	2.74e-01	1.95e-01	6.20e-03	4.51e-05
 6.95285e+22	1.53e-07	8.73e-04	1.35e-01	4.17e-01	2.66e-01	1.76e-01	5.12e-03	3.43e-05
 6.99149e+22	1.81e-07	9.89e-04	1.45e-01	4.26e-01	2.60e-01	1.63e-01	4.47e-03	2.83e-05
 7.02834e+22	2.23e-07	1.15e-03	1.59e-01	4.36e-01	2.52e-01	1.47e-01	3.75e-03	2.20e-05
 7.06561e+22	2.66e-07	1.31e-03	1.72e-01	4.44e-01	2.45e-01	1.35e-01	3.22e-03	1.78e-05
 7.09835e+22	3.14e-07	1.48e-03	1.84e-01	4.50e-01	2.37e-01	1.24e-01	2.78e-03	1.45e-05
 7.13585e+22	3.90e-07	1.73e-03	2.01e-01	4.57e-01	2.27e-01	1.10e-01	2.29e-03	1.10e-05
 7.17407e+22	4.65e-07	1.96e-03	2.16e-01	4.62e-01	2.19e-01	1.00e-01	1.94e-03	8.79e-06
 7.21324e+22	5.77e-07	2.28e-03	2.34e-01	4.66e-01	2.07e-01	8.84e-02	1.58e-03	6.62e-06
 7.25314e+22	6.94e-07	2.60e-03	2.51e-01	4.68e-01	1.98e-01	7.93e-02	1.32e-03	5.16e-06
 7.28800e+22	8.24e-07	2.93e-03	2.66e-01	4.69e-01	1.89e-01	7.14e-02	1.12e-03	4.09e-06
 7.32140e+22	9.68e-07	3.28e-03	2.82e-01	4.69e-01	1.80e-01	6.46e-02	9.47e-04	3.26e-06
 7.35253e+22	1.12e-06	3.63e-03	2.96e-01	4.69e-01	1.72e-01	5.87e-02	8.11e-04	2.64e-06
 7.38216e+22	1.30e-06	4.00e-03	3.10e-01	4.67e-01	1.64e-01	5.35e-02	6.98e-04	2.15e-06
 7.41620e+22	1.55e-06	4.53e-03	3.29e-01	4.64e-01	1.55e-01	4.73e-02	5.74e-04	1.65e-06
 7.45072e+22	1.81e-06	5.02e-03	3.44e-01	4.61e-01	1.47e-01	4.26e-02	4.86e-04	1.32e-06
 7.48088e+22	2.09e-06	5.53e-03	3.59e-01	4.57e-01	1.39e-01	3.85e-02	4.14e-04	1.06e-06
 7.51507e+22	2.49e-06	6.23e-03	3.79e-01	4.51e-01	1.30e-01	3.38e-02	3.37e-04	8.04e-07
 7.54992e+22	2.90e-06	6.89e-03	3.95e-01	4.45e-01	1.23e-01	3.03e-02	2.83e-04	6.35e-07
 7.58075e+22	3.34e-06	7.57e-03	4.10e-01	4.39e-01	1.16e-01	2.72e-02	2.39e-04	5.06e-07
 7.61596e+22	4.00e-06	8.53e-03	4.30e-01	4.30e-01	1.07e-01	2.36e-02	1.92e-04	3.77e-07
 7.65166e+22	4.65e-06	9.40e-03	4.47e-01	4.23e-01	1.00e-01	2.10e-02	1.60e-04	2.95e-07
 7.68316e+22	5.36e-06	1.03e-02	4.62e-01	4.14e-01	9.40e-02	1.87e-02	1.34e-04	2.32e-07
 7.71925e+22	6.42e-06	1.16e-02	4.82e-01	4.04e-01	8.63e-02	1.61e-02	1.06e-04	1.70e-07
 7.75591e+22	7.45e-06	1.28e-02	4.99e-01	3.94e-01	8.03e-02	1.42e-02	8.74e-05	1.31e-07
 7.78843e+22	8.60e-06	1.40e-02	5.14e-01	3.84e-01	7.47e-02	1.26e-02	7.22e-05	0.00e+00
 7.82580e+22	1.03e-05	1.57e-02	5.34e-01	3.71e-01	6.79e-02	1.07e-02	5.65e-05	0.00e+00
 7.86378e+22	1.20e-05	1.73e-02	5.50e-01	3.60e-01	6.27e-02	9.35e-03	4.59e-05	0.00e+00
 7.90254e+22	1.44e-05	1.94e-02	5.69e-01	3.47e-01	5.67e-02	7.92e-03	3.56e-05	0.00e+00
 7.94222e+22	1.69e-05	2.15e-02	5.86e-01	3.34e-01	5.18e-02	6.82e-03	2.83e-05	0.00e+00
 7.97715e+22	1.95e-05	2.35e-02	6.00e-01	3.22e-01	4.76e-02	5.94e-03	2.29e-05	0.00e+00
 8.01662e+22	2.34e-05	2.64e-02	6.18e-01	3.08e-01	4.26e-02	4.97e-03	1.74e-05	0.00e+00
 8.05746e+22	2.74e-05	2.91e-02	6.33e-01	2.95e-01	3.87e-02	4.26e-03	1.38e-05	0.00e+00
 8.10007e+22	3.35e-05	3.29e-02	6.51e-01	2.78e-01	3.41e-02	3.48e-03	1.01e-05	0.00e+00
 8.14278e+22	3.90e-05	3.62e-02	6.64e-01	2.66e-01	3.09e-02	2.98e-03	7.99e-06	0.00e+00
 8.17492e+22	4.35e-05	3.87e-02	6.73e-01	2.57e-01	2.87e-02	2.66e-03	6.71e-06	0.00e+00
 8.20603e+22	5.03e-05	4.24e-02	6.84e-01	2.45e-01	2.61e-02	2.28e-03	5.33e-06	0.00e+00
 8.23734e+22	5.63e-05	4.53e-02	6.92e-01	2.36e-01	2.41e-02	2.03e-03	4.45e-06	0.00e+00
 8.26893e+22	6.49e-05	4.95e-02	7.02e-01	2.25e-01	2.19e-02	1.74e-03	3.52e-06	0.00e+00
 8.30098e+22	7.28e-05	5.30e-02	7.09e-01	2.16e-01	2.02e-02	1.53e-03	2.92e-06	0.00e+00
 8.33363e+22	8.41e-05	5.79e-02	7.18e-01	2.05e-01	1.82e-02	1.31e-03	2.29e-06	0.00e+00
 8.36680e+22	9.46e-05	6.22e-02	7.24e-01	1.96e-01	1.67e-02	1.15e-03	1.88e-06	0.00e+00
 8.40063e+22	1.10e-04	6.80e-02	7.31e-01	1.85e-01	1.50e-02	9.68e-04	1.45e-06	0.00e+00
 8.43486e+22	1.24e-04	7.31e-02	7.36e-01	1.76e-01	1.37e-02	8.43e-04	1.18e-06	0.00e+00
 8.46960e+22	1.44e-04	8.01e-02	7.42e-01	1.65e-01	1.22e-02	7.07e-04	9.04e-07	0.00e+00
 8.50487e+22	1.63e-04	8.61e-02	7.46e-01	1.56e-01	1.11e-02	6.12e-04	7.27e-07	0.00e+00
 8.54083e+22	1.90e-04	9.44e-02	7.49e-01	1.46e-01	9.80e-03	5.08e-04	5.50e-07	0.00e+00
 8.57746e+22	2.15e-04	1.02e-01	7.51e-01	1.38e-01	8.85e-03	4.36e-04	4.36e-07	0.00e+00
 8.61495e+22	2.53e-04	1.12e-01	7.52e-01	1.28e-01	7.77e-03	3.58e-04	3.25e-07	0.00e+00
 8.65322e+22	2.88e-04	1.20e-01	7.52e-01	1.20e-01	6.97e-03	3.04e-04	2.54e-07	0.00e+00
 8.69250e+22	3.39e-04	1.33e-01	7.51e-01	1.10e-01	6.06e-03	2.47e-04	1.85e-07	0.00e+00
 8.73242e+22	3.87e-04	1.43e-01	7.49e-01	1.02e-01	5.40e-03	2.08e-04	1.43e-07	0.00e+00
 8.77315e+22	4.58e-04	1.58e-01	7.44e-01	9.32e-02	4.66e-03	1.66e-04	0.00e+00	0.00e+00
 8.81443e+22	5.23e-04	1.70e-01	7.39e-01	8.63e-02	4.13e-03	1.39e-04	0.00e+00	0.00e+00
 8.85643e+22	6.20e-04	1.87e-01	7.31e-01	7.79e-02	3.53e-03	1.10e-04	0.00e+00	0.00e+00
 8.89906e+22	7.10e-04	2.02e-01	7.23e-01	7.16e-02	3.11e-03	9.05e-05	0.00e+00	0.00e+00
 8.94253e+22	8.40e-04	2.22e-01	7.11e-01	6.41e-02	2.64e-03	7.08e-05	0.00e+00	0.00e+00
 8.98719e+22	9.70e-04	2.40e-01	6.99e-01	5.81e-02	2.30e-03	5.73e-05	0.00e+00	0.00e+00
 9.03340e+22	1.16e-03	2.65e-01	6.81e-01	5.10e-02	1.91e-03	4.34e-05	0.00e+00	0.00e+00
 9.07967e+22	1.34e-03	2.85e-01	6.66e-01	4.60e-02	1.65e-03	3.50e-05	0.00e+00	0.00e+00
 9.12601e+22	1.60e-03	3.13e-01	6.44e-01	3.99e-02	1.37e-03	2.62e-05	0.00e+00	0.00e+00
 9.17382e+22	1.85e-03	3.37e-01	6.24e-01	3.54e-02	1.17e-03	2.07e-05	0.00e+00	0.00e+00
 9.22354e+22	2.24e-03	3.72e-01	5.95e-01	3.00e-02	9.41e-04	1.49e-05	0.00e+00	0.00e+00
 9.25434e+22	2.27e-03	3.73e-01	5.94e-01	2.98e-02	9.31e-04	1.47e-05	0.00e+00	0.00e+00
