#depth	O	O+	O+2	O+3	O+4	O+5	O+6	O+7	O+8	O[1]	O[2]	O[3]
 4.62852e+21	0.00e+00	1.61e-29	1.22e-23	7.55e-19	1.28e-14	9.77e-11	2.24e-06	3.09e-03	9.97e-01	0.00e+00	0.00e+00	0.00e+00
 1.05610e+22	0.00e+00	1.86e-28	1.00e-22	4.46e-18	5.40e-14	2.94e-10	4.60e-06	4.41e-03	9.96e-01	0.00e+00	0.00e+00	0.00e+00
 1.27568e+22	0.00e+00	9.78e-28	4.20e-22	1.49e-17	1.43e-13	6.21e-10	7.53e-06	5.62e-03	9.94e-01	0.00e+00	0.00e+00	0.00e+00
 1.43621e+22	0.00e+00	3.68e-27	1.32e-21	3.89e-17	3.13e-13	1.13e-09	1.12e-05	6.82e-03	9.93e-01	0.00e+00	0.00e+00	0.00e+00
 1.52539e+22	5.08e-34	5.14e-27	1.75e-21	4.95e-17	3.81e-13	1.31e-09	1.23e-05	7.16e-03	9.93e-01	0.00e+00	0.00e+00	0.00e+00
 1.55519e+22	6.54e-34	6.42e-27	2.12e-21	5.81e-17	4.35e-13	1.45e-09	1.32e-05	7.40e-03	9.93e-01	0.00e+00	0.00e+00	0.00e+00
 1.57858e+22	8.31e-34	7.91e-27	2.54e-21	6.77e-17	4.92e-13	1.60e-09	1.40e-05	7.63e-03	9.92e-01	0.00e+00	0.00e+00	0.00e+00
 1.60487e+22	1.13e-33	1.04e-26	3.20e-21	8.22e-17	5.76e-13	1.80e-09	1.52e-05	7.94e-03	9.92e-01	0.00e+00	0.00e+00	0.00e+00
 1.63158e+22	1.46e-33	1.30e-26	3.89e-21	9.69e-17	6.58e-13	1.99e-09	1.63e-05	8.21e-03	9.92e-01	0.00e+00	0.00e+00	0.00e+00
 1.65502e+22	1.88e-33	1.62e-26	4.70e-21	1.14e-16	7.49e-13	2.20e-09	1.74e-05	8.48e-03	9.92e-01	0.00e+00	0.00e+00	0.00e+00
 1.68167e+22	2.53e-33	2.10e-26	5.88e-21	1.37e-16	8.74e-13	2.48e-09	1.88e-05	8.81e-03	9.91e-01	0.00e+00	0.00e+00	0.00e+00
 1.70988e+22	3.39e-33	2.71e-26	7.32e-21	1.65e-16	1.01e-12	2.77e-09	2.03e-05	9.15e-03	9.91e-01	0.00e+00	0.00e+00	0.00e+00
 1.73421e+22	4.36e-33	3.38e-26	8.86e-21	1.94e-16	1.15e-12	3.06e-09	2.16e-05	9.45e-03	9.91e-01	0.00e+00	0.00e+00	0.00e+00
 1.75620e+22	5.53e-33	4.16e-26	1.06e-20	2.25e-16	1.30e-12	3.36e-09	2.30e-05	9.75e-03	9.90e-01	0.00e+00	0.00e+00	0.00e+00
 1.78104e+22	7.26e-33	5.28e-26	1.30e-20	2.67e-16	1.50e-12	3.75e-09	2.48e-05	1.01e-02	9.90e-01	0.00e+00	0.00e+00	0.00e+00
 1.80788e+22	9.60e-33	6.73e-26	1.60e-20	3.19e-16	1.73e-12	4.17e-09	2.66e-05	1.05e-02	9.90e-01	0.00e+00	0.00e+00	0.00e+00
 1.83242e+22	1.25e-32	8.46e-26	1.95e-20	3.76e-16	1.98e-12	4.62e-09	2.85e-05	1.08e-02	9.89e-01	0.00e+00	0.00e+00	0.00e+00
 1.85587e+22	1.61e-32	1.06e-25	2.36e-20	4.41e-16	2.25e-12	5.10e-09	3.05e-05	1.12e-02	9.89e-01	0.00e+00	0.00e+00	0.00e+00
 1.88283e+22	2.18e-32	1.38e-25	2.96e-20	5.34e-16	2.63e-12	5.75e-09	3.30e-05	1.16e-02	9.88e-01	0.00e+00	0.00e+00	0.00e+00
 1.91005e+22	2.89e-32	1.76e-25	3.66e-20	6.37e-16	3.03e-12	6.40e-09	3.55e-05	1.21e-02	9.88e-01	0.00e+00	0.00e+00	0.00e+00
 1.93261e+22	3.68e-32	2.18e-25	4.39e-20	7.42e-16	3.43e-12	7.02e-09	3.78e-05	1.25e-02	9.88e-01	0.00e+00	0.00e+00	0.00e+00
 1.95693e+22	4.88e-32	2.78e-25	5.42e-20	8.86e-16	3.96e-12	7.83e-09	4.07e-05	1.29e-02	9.87e-01	0.00e+00	0.00e+00	0.00e+00
 1.98310e+22	6.49e-32	3.56e-25	6.69e-20	1.06e-15	4.57e-12	8.72e-09	4.38e-05	1.34e-02	9.87e-01	0.00e+00	0.00e+00	0.00e+00
 2.00691e+22	8.34e-32	4.44e-25	8.08e-20	1.24e-15	5.19e-12	9.60e-09	4.68e-05	1.39e-02	9.86e-01	0.00e+00	0.00e+00	0.00e+00
 2.03312e+22	1.14e-31	5.82e-25	1.02e-19	1.50e-15	6.06e-12	1.08e-08	5.07e-05	1.44e-02	9.86e-01	0.00e+00	0.00e+00	0.00e+00
 2.05933e+22	1.50e-31	7.40e-25	1.25e-19	1.78e-15	6.95e-12	1.20e-08	5.44e-05	1.49e-02	9.85e-01	0.00e+00	0.00e+00	0.00e+00
 2.08101e+22	1.91e-31	9.12e-25	1.49e-19	2.07e-15	7.84e-12	1.31e-08	5.79e-05	1.54e-02	9.85e-01	0.00e+00	0.00e+00	0.00e+00
 2.10467e+22	2.56e-31	1.18e-24	1.86e-19	2.48e-15	9.07e-12	1.46e-08	6.24e-05	1.60e-02	9.84e-01	0.00e+00	0.00e+00	0.00e+00
 2.12971e+22	3.34e-31	1.48e-24	2.26e-19	2.93e-15	1.04e-11	1.61e-08	6.68e-05	1.66e-02	9.83e-01	0.00e+00	0.00e+00	0.00e+00
 2.15289e+22	4.36e-31	1.87e-24	2.76e-19	3.45e-15	1.18e-11	1.78e-08	7.15e-05	1.71e-02	9.83e-01	0.00e+00	0.00e+00	0.00e+00
 2.17937e+22	6.18e-31	2.53e-24	3.56e-19	4.27e-15	1.40e-11	2.01e-08	7.81e-05	1.79e-02	9.82e-01	0.00e+00	0.00e+00	0.00e+00
 2.20482e+22	7.95e-31	3.15e-24	4.29e-19	4.99e-15	1.59e-11	2.21e-08	8.34e-05	1.85e-02	9.81e-01	0.00e+00	0.00e+00	0.00e+00
 2.22563e+22	1.02e-30	3.91e-24	5.16e-19	5.82e-15	1.79e-11	2.42e-08	8.88e-05	1.91e-02	9.81e-01	0.00e+00	0.00e+00	0.00e+00
 2.24940e+22	1.40e-30	5.15e-24	6.52e-19	7.06e-15	2.09e-11	2.71e-08	9.61e-05	1.99e-02	9.80e-01	0.00e+00	0.00e+00	0.00e+00
 2.27374e+22	1.83e-30	6.46e-24	7.91e-19	8.29e-15	2.37e-11	2.97e-08	1.03e-04	2.06e-02	9.79e-01	0.00e+00	0.00e+00	0.00e+00
 2.29884e+22	2.57e-30	8.70e-24	1.02e-18	1.02e-14	2.80e-11	3.36e-08	1.12e-04	2.15e-02	9.78e-01	0.00e+00	0.00e+00	0.00e+00
 2.32386e+22	3.42e-30	1.11e-23	1.25e-18	1.21e-14	3.20e-11	3.70e-08	1.20e-04	2.23e-02	9.78e-01	0.00e+00	0.00e+00	0.00e+00
 2.34438e+22	4.41e-30	1.38e-23	1.51e-18	1.41e-14	3.61e-11	4.04e-08	1.28e-04	2.30e-02	9.77e-01	0.00e+00	0.00e+00	0.00e+00
 2.36665e+22	5.98e-30	1.80e-23	1.89e-18	1.70e-14	4.18e-11	4.50e-08	1.38e-04	2.39e-02	9.76e-01	0.00e+00	0.00e+00	0.00e+00
 2.38974e+22	7.84e-30	2.28e-23	2.30e-18	2.01e-14	4.75e-11	4.93e-08	1.47e-04	2.48e-02	9.75e-01	0.00e+00	0.00e+00	0.00e+00
 2.41049e+22	1.02e-29	2.87e-23	2.79e-18	2.36e-14	5.39e-11	5.40e-08	1.57e-04	2.56e-02	9.74e-01	0.00e+00	0.00e+00	0.00e+00
 2.43406e+22	1.44e-29	3.83e-23	3.57e-18	2.89e-14	6.33e-11	6.06e-08	1.71e-04	2.67e-02	9.73e-01	0.00e+00	0.00e+00	0.00e+00
 2.45790e+22	1.92e-29	4.93e-23	4.42e-18	3.44e-14	7.25e-11	6.69e-08	1.83e-04	2.77e-02	9.72e-01	0.00e+00	0.00e+00	0.00e+00
 2.47778e+22	2.47e-29	6.13e-23	5.32e-18	4.01e-14	8.17e-11	7.29e-08	1.95e-04	2.86e-02	9.71e-01	0.00e+00	0.00e+00	0.00e+00
 2.49930e+22	3.41e-29	8.09e-23	6.72e-18	4.86e-14	9.50e-11	8.12e-08	2.11e-04	2.97e-02	9.70e-01	0.00e+00	0.00e+00	0.00e+00
 2.52125e+22	4.52e-29	1.03e-22	8.24e-18	5.75e-14	1.08e-10	8.91e-08	2.26e-04	3.08e-02	9.69e-01	0.00e+00	0.00e+00	0.00e+00
 2.54044e+22	5.85e-29	1.29e-22	9.95e-18	6.72e-14	1.22e-10	9.72e-08	2.40e-04	3.18e-02	9.68e-01	0.00e+00	0.00e+00	0.00e+00
 2.56205e+22	8.13e-29	1.71e-22	1.26e-17	8.18e-14	1.43e-10	1.09e-07	2.60e-04	3.30e-02	9.67e-01	0.00e+00	0.00e+00	0.00e+00
 2.58436e+22	1.09e-28	2.21e-22	1.57e-17	9.78e-14	1.64e-10	1.20e-07	2.79e-04	3.43e-02	9.65e-01	0.00e+00	0.00e+00	0.00e+00
 2.60342e+22	1.42e-28	2.76e-22	1.89e-17	1.14e-13	1.85e-10	1.30e-07	2.96e-04	3.53e-02	9.64e-01	0.00e+00	0.00e+00	0.00e+00
 2.62404e+22	1.97e-28	3.67e-22	2.41e-17	1.39e-13	2.16e-10	1.46e-07	3.21e-04	3.68e-02	9.63e-01	0.00e+00	0.00e+00	0.00e+00
 2.64529e+22	2.59e-28	4.64e-22	2.94e-17	1.64e-13	2.45e-10	1.60e-07	3.42e-04	3.80e-02	9.62e-01	0.00e+00	0.00e+00	0.00e+00
 2.66433e+22	3.45e-28	5.94e-22	3.62e-17	1.95e-13	2.80e-10	1.75e-07	3.66e-04	3.93e-02	9.60e-01	0.00e+00	0.00e+00	0.00e+00
 2.68289e+22	4.49e-28	7.46e-22	4.39e-17	2.28e-13	3.17e-10	1.92e-07	3.90e-04	4.06e-02	9.59e-01	0.00e+00	0.00e+00	0.00e+00
 2.70388e+22	6.30e-28	9.99e-22	5.62e-17	2.80e-13	3.72e-10	2.14e-07	4.22e-04	4.22e-02	9.57e-01	0.00e+00	0.00e+00	0.00e+00
 2.72546e+22	8.55e-28	1.30e-21	7.03e-17	3.37e-13	4.29e-10	2.37e-07	4.53e-04	4.38e-02	9.56e-01	0.00e+00	0.00e+00	0.00e+00
 2.74431e+22	1.13e-27	1.66e-21	8.63e-17	3.99e-13	4.89e-10	2.60e-07	4.84e-04	4.52e-02	9.54e-01	0.00e+00	0.00e+00	0.00e+00
 2.76532e+22	1.61e-27	2.24e-21	1.11e-16	4.92e-13	5.77e-10	2.93e-07	5.25e-04	4.71e-02	9.52e-01	0.00e+00	0.00e+00	0.00e+00
 2.78678e+22	2.19e-27	2.93e-21	1.40e-16	5.93e-13	6.66e-10	3.24e-07	5.64e-04	4.88e-02	9.51e-01	0.00e+00	0.00e+00	0.00e+00
 2.80557e+22	2.90e-27	3.73e-21	1.71e-16	7.03e-13	7.61e-10	3.56e-07	6.02e-04	5.04e-02	9.49e-01	0.00e+00	0.00e+00	0.00e+00
 2.82677e+22	4.24e-27	5.18e-21	2.26e-16	8.84e-13	9.09e-10	4.04e-07	6.57e-04	5.26e-02	9.47e-01	0.00e+00	0.00e+00	0.00e+00
 2.84768e+22	5.62e-27	6.61e-21	2.78e-16	1.05e-12	1.04e-09	4.44e-07	7.01e-04	5.44e-02	9.45e-01	0.00e+00	0.00e+00	0.00e+00
 2.86548e+22	7.56e-27	8.54e-21	3.46e-16	1.25e-12	1.19e-09	4.89e-07	7.50e-04	5.62e-02	9.43e-01	0.00e+00	0.00e+00	0.00e+00
 2.88295e+22	1.00e-26	1.09e-20	4.25e-16	1.49e-12	1.36e-09	5.37e-07	8.00e-04	5.80e-02	9.41e-01	0.00e+00	0.00e+00	0.00e+00
 2.90276e+22	1.43e-26	1.48e-20	5.52e-16	1.85e-12	1.61e-09	6.05e-07	8.67e-04	6.04e-02	9.39e-01	0.00e+00	0.00e+00	0.00e+00
 2.92161e+22	1.86e-26	1.86e-20	6.69e-16	2.17e-12	1.82e-09	6.61e-07	9.20e-04	6.21e-02	9.37e-01	0.00e+00	0.00e+00	0.00e+00
 2.93671e+22	2.43e-26	2.34e-20	8.13e-16	2.54e-12	2.07e-09	7.21e-07	9.76e-04	6.39e-02	9.35e-01	0.00e+00	0.00e+00	0.00e+00
 2.95046e+22	3.07e-26	2.86e-20	9.65e-16	2.93e-12	2.30e-09	7.78e-07	1.03e-03	6.56e-02	9.33e-01	0.00e+00	0.00e+00	0.00e+00
 2.96302e+22	3.75e-26	3.41e-20	1.12e-15	3.31e-12	2.53e-09	8.32e-07	1.08e-03	6.70e-02	9.32e-01	0.00e+00	0.00e+00	0.00e+00
 2.97739e+22	4.94e-26	4.33e-20	1.37e-15	3.91e-12	2.89e-09	9.12e-07	1.14e-03	6.91e-02	9.30e-01	0.00e+00	0.00e+00	0.00e+00
 2.99160e+22	6.23e-26	5.29e-20	1.62e-15	4.50e-12	3.22e-09	9.85e-07	1.20e-03	7.08e-02	9.28e-01	0.00e+00	0.00e+00	0.00e+00
 3.00340e+22	7.75e-26	6.39e-20	1.91e-15	5.14e-12	3.56e-09	1.06e-06	1.26e-03	7.24e-02	9.26e-01	0.00e+00	0.00e+00	0.00e+00
 3.01654e+22	1.01e-25	8.07e-20	2.32e-15	6.05e-12	4.04e-09	1.16e-06	1.34e-03	7.45e-02	9.24e-01	0.00e+00	0.00e+00	0.00e+00
 3.03002e+22	1.26e-25	9.76e-20	2.73e-15	6.92e-12	4.49e-09	1.24e-06	1.40e-03	7.63e-02	9.22e-01	0.00e+00	0.00e+00	0.00e+00
 3.04168e+22	1.57e-25	1.18e-19	3.21e-15	7.90e-12	4.97e-09	1.34e-06	1.47e-03	7.80e-02	9.21e-01	0.00e+00	0.00e+00	0.00e+00
 3.05268e+22	1.94e-25	1.41e-19	3.74e-15	8.97e-12	5.48e-09	1.43e-06	1.54e-03	7.97e-02	9.19e-01	0.00e+00	0.00e+00	0.00e+00
 3.06508e+22	2.51e-25	1.77e-19	4.53e-15	1.05e-11	6.19e-09	1.56e-06	1.63e-03	8.19e-02	9.17e-01	0.00e+00	0.00e+00	0.00e+00
 3.07777e+22	3.11e-25	2.13e-19	5.31e-15	1.20e-11	6.85e-09	1.67e-06	1.70e-03	8.37e-02	9.15e-01	0.00e+00	0.00e+00	0.00e+00
 3.09084e+22	4.19e-25	2.76e-19	6.60e-15	1.43e-11	7.87e-09	1.84e-06	1.81e-03	8.62e-02	9.12e-01	0.00e+00	0.00e+00	0.00e+00
 3.10363e+22	5.19e-25	3.32e-19	7.74e-15	1.63e-11	8.71e-09	1.98e-06	1.90e-03	8.81e-02	9.10e-01	0.00e+00	0.00e+00	0.00e+00
 3.11402e+22	6.46e-25	4.02e-19	9.09e-15	1.87e-11	9.64e-09	2.12e-06	1.99e-03	9.00e-02	9.08e-01	0.00e+00	0.00e+00	0.00e+00
 3.12376e+22	7.91e-25	4.78e-19	1.05e-14	2.11e-11	1.06e-08	2.26e-06	2.07e-03	9.18e-02	9.06e-01	0.00e+00	0.00e+00	0.00e+00
 3.13471e+22	1.02e-24	5.96e-19	1.27e-14	2.46e-11	1.19e-08	2.46e-06	2.18e-03	9.42e-02	9.04e-01	0.00e+00	0.00e+00	0.00e+00
 3.14597e+22	1.28e-24	7.28e-19	1.51e-14	2.83e-11	1.33e-08	2.65e-06	2.29e-03	9.63e-02	9.01e-01	0.00e+00	0.00e+00	0.00e+00
 3.15581e+22	1.56e-24	8.64e-19	1.74e-14	3.19e-11	1.46e-08	2.82e-06	2.39e-03	9.82e-02	8.99e-01	0.00e+00	0.00e+00	0.00e+00
 3.16675e+22	2.09e-24	1.11e-18	2.16e-14	3.80e-11	1.67e-08	3.10e-06	2.53e-03	1.01e-01	8.97e-01	0.00e+00	0.00e+00	0.00e+00
 3.17771e+22	2.60e-24	1.34e-18	2.53e-14	4.35e-11	1.84e-08	3.32e-06	2.65e-03	1.03e-01	8.94e-01	0.00e+00	0.00e+00	0.00e+00
 3.18869e+22	3.47e-24	1.73e-18	3.14e-14	5.18e-11	2.11e-08	3.64e-06	2.80e-03	1.06e-01	8.91e-01	0.00e+00	0.00e+00	0.00e+00
 3.19984e+22	4.40e-24	2.12e-18	3.74e-14	5.98e-11	2.35e-08	3.93e-06	2.94e-03	1.08e-01	8.89e-01	0.00e+00	0.00e+00	0.00e+00
 3.20941e+22	5.51e-24	2.58e-18	4.41e-14	6.86e-11	2.61e-08	4.22e-06	3.08e-03	1.11e-01	8.86e-01	0.00e+00	0.00e+00	0.00e+00
 3.22006e+22	7.49e-24	3.37e-18	5.53e-14	8.26e-11	3.01e-08	4.65e-06	3.27e-03	1.14e-01	8.83e-01	0.00e+00	0.00e+00	0.00e+00
 3.23062e+22	9.34e-24	4.08e-18	6.51e-14	9.44e-11	3.34e-08	4.99e-06	3.42e-03	1.16e-01	8.81e-01	0.00e+00	0.00e+00	0.00e+00
 3.24108e+22	1.28e-23	5.36e-18	8.21e-14	1.14e-10	3.86e-08	5.51e-06	3.63e-03	1.19e-01	8.77e-01	0.00e+00	0.00e+00	0.00e+00
 3.25125e+22	1.58e-23	6.42e-18	9.57e-14	1.30e-10	4.25e-08	5.89e-06	3.79e-03	1.22e-01	8.75e-01	0.00e+00	0.00e+00	0.00e+00
 3.26104e+22	2.16e-23	8.44e-18	1.21e-13	1.57e-10	4.91e-08	6.50e-06	4.02e-03	1.25e-01	8.71e-01	0.00e+00	0.00e+00	0.00e+00
 3.27079e+22	2.66e-23	1.01e-17	1.41e-13	1.78e-10	5.40e-08	6.94e-06	4.19e-03	1.28e-01	8.68e-01	0.00e+00	0.00e+00	0.00e+00
 3.28047e+22	3.69e-23	1.34e-17	1.79e-13	2.17e-10	6.27e-08	7.68e-06	4.46e-03	1.31e-01	8.64e-01	0.00e+00	0.00e+00	0.00e+00
 3.29015e+22	4.62e-23	1.63e-17	2.11e-13	2.48e-10	6.95e-08	8.24e-06	4.66e-03	1.34e-01	8.61e-01	0.00e+00	0.00e+00	0.00e+00
 3.29984e+22	6.41e-23	2.17e-17	2.69e-13	3.03e-10	8.08e-08	9.13e-06	4.96e-03	1.38e-01	8.57e-01	0.00e+00	0.00e+00	0.00e+00
 3.30967e+22	8.16e-23	2.68e-17	3.21e-13	3.50e-10	9.03e-08	9.84e-06	5.20e-03	1.41e-01	8.54e-01	0.00e+00	0.00e+00	0.00e+00
 3.31971e+22	1.14e-22	3.56e-17	4.10e-13	4.27e-10	1.05e-07	1.09e-05	5.54e-03	1.45e-01	8.50e-01	0.00e+00	0.00e+00	0.00e+00
 3.32966e+22	1.46e-22	4.43e-17	4.93e-13	4.97e-10	1.18e-07	1.18e-05	5.81e-03	1.48e-01	8.46e-01	0.00e+00	0.00e+00	0.00e+00
 3.33951e+22	2.04e-22	5.92e-17	6.31e-13	6.08e-10	1.37e-07	1.31e-05	6.20e-03	1.52e-01	8.42e-01	0.00e+00	0.00e+00	0.00e+00
 3.34950e+22	2.66e-22	7.44e-17	7.66e-13	7.13e-10	1.55e-07	1.42e-05	6.52e-03	1.56e-01	8.38e-01	0.00e+00	0.00e+00	0.00e+00
 3.35969e+22	3.77e-22	1.01e-16	9.90e-13	8.80e-10	1.82e-07	1.58e-05	6.97e-03	1.60e-01	8.33e-01	0.00e+00	0.00e+00	0.00e+00
 3.36998e+22	4.95e-22	1.28e-16	1.21e-12	1.04e-09	2.06e-07	1.72e-05	7.34e-03	1.64e-01	8.28e-01	0.00e+00	0.00e+00	0.00e+00
 3.38041e+22	7.10e-22	1.75e-16	1.58e-12	1.29e-09	2.43e-07	1.93e-05	7.87e-03	1.69e-01	8.23e-01	0.00e+00	0.00e+00	0.00e+00
 3.39090e+22	9.34e-22	2.22e-16	1.93e-12	1.52e-09	2.75e-07	2.10e-05	8.29e-03	1.73e-01	8.18e-01	0.00e+00	0.00e+00	0.00e+00
 3.39996e+22	1.22e-21	2.80e-16	2.36e-12	1.79e-09	3.12e-07	2.29e-05	8.74e-03	1.77e-01	8.14e-01	0.00e+00	0.00e+00	0.00e+00
 3.41022e+22	1.73e-21	3.78e-16	3.04e-12	2.21e-09	3.65e-07	2.55e-05	9.34e-03	1.83e-01	8.08e-01	0.00e+00	0.00e+00	0.00e+00
 3.42057e+22	2.27e-21	4.78e-16	3.71e-12	2.60e-09	4.14e-07	2.78e-05	9.84e-03	1.87e-01	8.03e-01	0.00e+00	0.00e+00	0.00e+00
 3.43102e+22	3.22e-21	6.48e-16	4.80e-12	3.21e-09	4.86e-07	3.10e-05	1.05e-02	1.93e-01	7.97e-01	0.00e+00	0.00e+00	0.00e+00
 3.44148e+22	4.16e-21	8.08e-16	5.80e-12	3.75e-09	5.48e-07	3.36e-05	1.11e-02	1.97e-01	7.92e-01	0.00e+00	0.00e+00	0.00e+00
 3.45198e+22	5.87e-21	1.09e-15	7.47e-12	4.62e-09	6.42e-07	3.75e-05	1.18e-02	2.03e-01	7.86e-01	0.00e+00	0.00e+00	0.00e+00
 3.46267e+22	7.58e-21	1.36e-15	9.02e-12	5.39e-09	7.24e-07	4.07e-05	1.25e-02	2.07e-01	7.81e-01	0.00e+00	0.00e+00	0.00e+00
 3.47361e+22	1.06e-20	1.82e-15	1.15e-11	6.61e-09	8.46e-07	4.54e-05	1.33e-02	2.13e-01	7.74e-01	0.00e+00	0.00e+00	0.00e+00
 3.48492e+22	1.39e-20	2.30e-15	1.41e-11	7.79e-09	9.61e-07	4.96e-05	1.41e-02	2.18e-01	7.68e-01	0.00e+00	0.00e+00	0.00e+00
 3.49669e+22	1.96e-20	3.10e-15	1.82e-11	9.61e-09	1.13e-06	5.54e-05	1.51e-02	2.24e-01	7.61e-01	0.00e+00	0.00e+00	0.00e+00
 3.50860e+22	2.56e-20	3.91e-15	2.21e-11	1.13e-08	1.28e-06	6.05e-05	1.59e-02	2.29e-01	7.55e-01	0.00e+00	0.00e+00	0.00e+00
 3.52073e+22	3.59e-20	5.24e-15	2.84e-11	1.39e-08	1.50e-06	6.76e-05	1.70e-02	2.36e-01	7.47e-01	0.00e+00	0.00e+00	0.00e+00
 3.53294e+22	4.64e-20	6.54e-15	3.43e-11	1.63e-08	1.70e-06	7.36e-05	1.79e-02	2.41e-01	7.41e-01	0.00e+00	0.00e+00	0.00e+00
 3.54525e+22	6.43e-20	8.68e-15	4.36e-11	1.98e-08	1.98e-06	8.20e-05	1.92e-02	2.48e-01	7.33e-01	0.00e+00	0.00e+00	0.00e+00
 3.55787e+22	8.30e-20	1.08e-14	5.28e-11	2.32e-08	2.24e-06	8.93e-05	2.02e-02	2.53e-01	7.26e-01	0.00e+00	0.00e+00	0.00e+00
 3.56884e+22	1.05e-19	1.33e-14	6.28e-11	2.68e-08	2.51e-06	9.67e-05	2.12e-02	2.59e-01	7.20e-01	0.00e+00	0.00e+00	0.00e+00
 3.58102e+22	1.43e-19	1.74e-14	7.88e-11	3.24e-08	2.91e-06	1.07e-04	2.26e-02	2.65e-01	7.12e-01	0.00e+00	0.00e+00	0.00e+00
 3.59324e+22	1.78e-19	2.10e-14	9.28e-11	3.72e-08	3.24e-06	1.16e-04	2.37e-02	2.70e-01	7.06e-01	0.00e+00	0.00e+00	0.00e+00
 3.60549e+22	2.39e-19	2.71e-14	1.15e-10	4.45e-08	3.73e-06	1.28e-04	2.52e-02	2.77e-01	6.98e-01	0.00e+00	0.00e+00	0.00e+00
 3.61804e+22	2.99e-19	3.30e-14	1.36e-10	5.12e-08	4.17e-06	1.38e-04	2.64e-02	2.82e-01	6.91e-01	0.00e+00	0.00e+00	0.00e+00
 3.62915e+22	3.73e-19	4.00e-14	1.61e-10	5.87e-08	4.64e-06	1.49e-04	2.76e-02	2.87e-01	6.85e-01	0.00e+00	0.00e+00	0.00e+00
 3.64179e+22	4.99e-19	5.14e-14	1.99e-10	7.03e-08	5.35e-06	1.64e-04	2.94e-02	2.94e-01	6.76e-01	0.00e+00	0.00e+00	0.00e+00
 3.65435e+22	6.10e-19	6.12e-14	2.31e-10	7.96e-08	5.91e-06	1.76e-04	3.06e-02	2.99e-01	6.70e-01	0.00e+00	0.00e+00	0.00e+00
 3.66682e+22	8.03e-19	7.77e-14	2.84e-10	9.45e-08	6.76e-06	1.94e-04	3.25e-02	3.06e-01	6.62e-01	0.00e+00	0.00e+00	0.00e+00
 3.67954e+22	9.83e-19	9.27e-14	3.30e-10	1.07e-07	7.47e-06	2.08e-04	3.39e-02	3.11e-01	6.55e-01	0.00e+00	0.00e+00	0.00e+00
 3.69257e+22	1.29e-18	1.18e-13	4.05e-10	1.27e-07	8.56e-06	2.29e-04	3.59e-02	3.18e-01	6.46e-01	0.00e+00	0.00e+00	0.00e+00
 3.70584e+22	1.59e-18	1.41e-13	4.73e-10	1.45e-07	9.48e-06	2.46e-04	3.75e-02	3.23e-01	6.39e-01	0.00e+00	0.00e+00	0.00e+00
 3.71944e+22	2.09e-18	1.79e-13	5.80e-10	1.72e-07	1.09e-05	2.71e-04	3.98e-02	3.30e-01	6.30e-01	0.00e+00	0.00e+00	0.00e+00
 3.73328e+22	2.58e-18	2.14e-13	6.77e-10	1.96e-07	1.21e-05	2.92e-04	4.16e-02	3.35e-01	6.23e-01	0.00e+00	0.00e+00	0.00e+00
 3.74744e+22	3.39e-18	2.72e-13	8.32e-10	2.33e-07	1.38e-05	3.22e-04	4.41e-02	3.43e-01	6.13e-01	0.00e+00	0.00e+00	0.00e+00
 3.76129e+22	4.07e-18	3.19e-13	9.53e-10	2.61e-07	1.51e-05	3.43e-04	4.58e-02	3.47e-01	6.07e-01	0.00e+00	0.00e+00	0.00e+00
 3.77471e+22	5.28e-18	4.00e-13	1.16e-09	3.07e-07	1.73e-05	3.76e-04	4.84e-02	3.54e-01	5.97e-01	0.00e+00	0.00e+00	0.00e+00
 3.78834e+22	6.34e-18	4.69e-13	1.33e-09	3.44e-07	1.89e-05	4.01e-04	5.03e-02	3.59e-01	5.90e-01	0.00e+00	0.00e+00	0.00e+00
 3.80222e+22	8.15e-18	5.83e-13	1.60e-09	4.03e-07	2.14e-05	4.39e-04	5.31e-02	3.66e-01	5.81e-01	0.00e+00	0.00e+00	0.00e+00
 3.81652e+22	9.96e-18	6.95e-13	1.86e-09	4.57e-07	2.37e-05	4.71e-04	5.54e-02	3.71e-01	5.73e-01	0.00e+00	0.00e+00	0.00e+00
 3.83138e+22	1.28e-17	8.64e-13	2.24e-09	5.35e-07	2.69e-05	5.15e-04	5.84e-02	3.77e-01	5.64e-01	0.00e+00	0.00e+00	0.00e+00
 3.84671e+22	1.58e-17	1.04e-12	2.63e-09	6.12e-07	2.99e-05	5.56e-04	6.11e-02	3.83e-01	5.55e-01	0.00e+00	0.00e+00	0.00e+00
 3.86266e+22	2.05e-17	1.30e-12	3.19e-09	7.20e-07	3.41e-05	6.09e-04	6.45e-02	3.90e-01	5.45e-01	0.00e+00	0.00e+00	0.00e+00
 3.87902e+22	2.54e-17	1.57e-12	3.75e-09	8.25e-07	3.80e-05	6.58e-04	6.75e-02	3.96e-01	5.36e-01	2.54e-17	6.47e-28	6.89e-28
 3.89592e+22	3.32e-17	1.98e-12	4.58e-09	9.75e-07	4.34e-05	7.23e-04	7.13e-02	4.02e-01	5.25e-01	3.32e-17	6.29e-26	7.92e-26
 3.91334e+22	4.15e-17	2.41e-12	5.41e-09	1.12e-06	4.86e-05	7.83e-04	7.47e-02	4.08e-01	5.16e-01	4.15e-17	7.87e-26	9.91e-26
 3.93146e+22	5.46e-17	3.06e-12	6.66e-09	1.33e-06	5.58e-05	8.63e-04	7.91e-02	4.15e-01	5.05e-01	5.46e-17	1.04e-25	1.31e-25
 3.95020e+22	6.91e-17	3.76e-12	7.94e-09	1.55e-06	6.27e-05	9.38e-04	8.30e-02	4.21e-01	4.95e-01	6.91e-17	1.31e-25	1.65e-25
 3.96718e+22	8.67e-17	4.58e-12	9.40e-09	1.78e-06	7.03e-05	1.02e-03	8.70e-02	4.27e-01	4.85e-01	8.67e-17	1.65e-25	2.07e-25
 3.98668e+22	1.15e-16	5.87e-12	1.17e-08	2.13e-06	8.11e-05	1.12e-03	9.22e-02	4.34e-01	4.73e-01	1.15e-16	2.19e-25	2.76e-25
 4.00656e+22	1.46e-16	7.22e-12	1.39e-08	2.48e-06	9.13e-05	1.22e-03	9.67e-02	4.39e-01	4.63e-01	1.46e-16	2.78e-25	3.50e-25
 4.02693e+22	1.96e-16	9.33e-12	1.73e-08	2.98e-06	1.06e-04	1.36e-03	1.03e-01	4.46e-01	4.50e-01	1.96e-16	3.73e-25	4.69e-25
 4.04757e+22	2.49e-16	1.15e-11	2.08e-08	3.47e-06	1.19e-04	1.48e-03	1.08e-01	4.51e-01	4.39e-01	2.49e-16	4.74e-25	5.97e-25
 4.06857e+22	3.38e-16	1.50e-11	2.61e-08	4.19e-06	1.39e-04	1.64e-03	1.14e-01	4.58e-01	4.26e-01	3.38e-16	6.43e-25	8.09e-25
 4.08979e+22	4.30e-16	1.85e-11	3.12e-08	4.88e-06	1.57e-04	1.79e-03	1.20e-01	4.63e-01	4.15e-01	4.30e-16	8.18e-25	1.03e-24
 4.11130e+22	5.88e-16	2.43e-11	3.95e-08	5.94e-06	1.84e-04	2.00e-03	1.28e-01	4.69e-01	4.01e-01	5.88e-16	1.12e-24	1.41e-24
 4.13292e+22	7.46e-16	2.99e-11	4.72e-08	6.91e-06	2.07e-04	2.17e-03	1.34e-01	4.74e-01	3.90e-01	7.46e-16	1.42e-24	1.79e-24
 4.15101e+22	9.25e-16	3.60e-11	5.55e-08	7.91e-06	2.31e-04	2.34e-03	1.39e-01	4.77e-01	3.81e-01	9.25e-16	1.76e-24	2.22e-24
 4.17083e+22	1.24e-15	4.64e-11	6.90e-08	9.52e-06	2.68e-04	2.60e-03	1.48e-01	4.82e-01	3.67e-01	1.24e-15	2.36e-24	2.97e-24
 4.19038e+22	1.52e-15	5.56e-11	8.06e-08	1.08e-05	2.98e-04	2.80e-03	1.53e-01	4.86e-01	3.58e-01	1.52e-15	2.90e-24	3.65e-24
 4.20956e+22	2.00e-15	7.07e-11	9.92e-08	1.29e-05	3.43e-04	3.09e-03	1.62e-01	4.90e-01	3.45e-01	2.00e-15	3.82e-24	4.81e-24
 4.22907e+22	2.48e-15	8.52e-11	1.17e-07	1.48e-05	3.83e-04	3.34e-03	1.69e-01	4.92e-01	3.35e-01	2.48e-15	4.74e-24	5.96e-24
 4.24901e+22	3.30e-15	1.09e-10	1.45e-07	1.78e-05	4.44e-04	3.70e-03	1.78e-01	4.96e-01	3.22e-01	3.30e-15	6.30e-24	7.92e-24
 4.26918e+22	4.10e-15	1.32e-10	1.70e-07	2.05e-05	4.97e-04	4.00e-03	1.86e-01	4.98e-01	3.12e-01	4.10e-15	7.84e-24	9.86e-24
 4.28965e+22	5.46e-15	1.69e-10	2.12e-07	2.46e-05	5.78e-04	4.45e-03	1.96e-01	5.01e-01	2.98e-01	5.46e-15	1.04e-23	1.31e-23
 4.31051e+22	6.85e-15	2.06e-10	2.51e-07	2.85e-05	6.52e-04	4.84e-03	2.05e-01	5.02e-01	2.88e-01	6.85e-15	1.31e-23	1.65e-23
 4.33185e+22	9.17e-15	2.67e-10	3.14e-07	3.46e-05	7.63e-04	5.40e-03	2.17e-01	5.04e-01	2.74e-01	9.17e-15	1.76e-23	2.21e-23
 4.35358e+22	1.15e-14	3.26e-10	3.75e-07	4.02e-05	8.65e-04	5.89e-03	2.26e-01	5.04e-01	2.63e-01	1.15e-14	2.21e-23	2.78e-23
 4.37579e+22	1.55e-14	4.22e-10	4.70e-07	4.90e-05	1.02e-03	6.60e-03	2.39e-01	5.04e-01	2.49e-01	1.55e-14	2.97e-23	3.73e-23
 4.39830e+22	1.95e-14	5.16e-10	5.61e-07	5.71e-05	1.16e-03	7.22e-03	2.50e-01	5.04e-01	2.38e-01	1.95e-14	3.74e-23	4.70e-23
 4.41733e+22	2.40e-14	6.18e-10	6.58e-07	6.57e-05	1.30e-03	7.84e-03	2.60e-01	5.03e-01	2.28e-01	2.40e-14	4.60e-23	5.77e-23
 4.43820e+22	3.11e-14	7.77e-10	8.08e-07	7.87e-05	1.51e-03	8.72e-03	2.74e-01	5.01e-01	2.15e-01	3.11e-14	5.97e-23	7.50e-23
 4.45916e+22	3.79e-14	9.25e-10	9.44e-07	9.03e-05	1.70e-03	9.46e-03	2.85e-01	4.99e-01	2.05e-01	3.79e-14	7.29e-23	9.15e-23
 4.47964e+22	4.81e-14	1.14e-09	1.14e-06	1.07e-04	1.96e-03	1.05e-02	2.98e-01	4.96e-01	1.93e-01	4.81e-14	9.25e-23	1.16e-22
 4.50052e+22	5.85e-14	1.36e-09	1.33e-06	1.23e-04	2.21e-03	1.14e-02	3.10e-01	4.92e-01	1.84e-01	5.85e-14	1.12e-22	1.41e-22
 4.52102e+22	7.26e-14	1.64e-09	1.59e-06	1.44e-04	2.53e-03	1.25e-02	3.24e-01	4.88e-01	1.73e-01	7.26e-14	1.40e-22	1.75e-22
 4.54194e+22	8.77e-14	1.94e-09	1.85e-06	1.66e-04	2.85e-03	1.37e-02	3.36e-01	4.83e-01	1.64e-01	8.77e-14	1.69e-22	2.12e-22
 4.56243e+22	1.06e-13	2.30e-09	2.17e-06	1.92e-04	3.24e-03	1.50e-02	3.50e-01	4.78e-01	1.54e-01	1.06e-13	2.05e-22	2.57e-22
 4.58285e+22	1.26e-13	2.69e-09	2.51e-06	2.19e-04	3.64e-03	1.63e-02	3.62e-01	4.72e-01	1.45e-01	1.26e-13	2.44e-22	3.06e-22
 4.60350e+22	1.51e-13	3.16e-09	2.93e-06	2.53e-04	4.12e-03	1.78e-02	3.76e-01	4.66e-01	1.36e-01	1.51e-13	2.92e-22	3.66e-22
 4.62447e+22	1.78e-13	3.67e-09	3.37e-06	2.88e-04	4.62e-03	1.94e-02	3.89e-01	4.59e-01	1.28e-01	1.78e-13	3.43e-22	4.30e-22
 4.64492e+22	2.07e-13	4.22e-09	3.86e-06	3.28e-04	5.18e-03	2.11e-02	4.02e-01	4.51e-01	1.20e-01	2.07e-13	4.01e-22	5.03e-22
 4.66539e+22	2.40e-13	4.83e-09	4.41e-06	3.72e-04	5.79e-03	2.29e-02	4.15e-01	4.44e-01	1.12e-01	2.40e-13	4.65e-22	5.83e-22
 4.68597e+22	2.76e-13	5.50e-09	5.01e-06	4.21e-04	6.46e-03	2.48e-02	4.28e-01	4.35e-01	1.05e-01	2.76e-13	5.35e-22	6.71e-22
 4.70668e+22	3.16e-13	6.24e-09	5.68e-06	4.75e-04	7.19e-03	2.68e-02	4.41e-01	4.27e-01	9.77e-02	3.16e-13	6.12e-22	7.68e-22
 4.72758e+22	3.59e-13	7.04e-09	6.42e-06	5.36e-04	7.99e-03	2.90e-02	4.54e-01	4.18e-01	9.11e-02	3.59e-13	6.97e-22	8.73e-22
 4.74862e+22	4.06e-13	7.90e-09	7.22e-06	6.02e-04	8.85e-03	3.13e-02	4.66e-01	4.08e-01	8.48e-02	4.06e-13	7.88e-22	9.87e-22
 4.76998e+22	4.56e-13	8.85e-09	8.12e-06	6.77e-04	9.81e-03	3.39e-02	4.78e-01	3.98e-01	7.87e-02	4.56e-13	8.88e-22	1.11e-21
 4.79153e+22	5.10e-13	9.86e-09	9.10e-06	7.58e-04	1.08e-02	3.65e-02	4.90e-01	3.89e-01	7.31e-02	5.10e-13	9.93e-22	1.24e-21
 4.81349e+22	5.69e-13	1.10e-08	1.02e-05	8.51e-04	1.20e-02	3.94e-02	5.02e-01	3.78e-01	6.76e-02	5.69e-13	1.11e-21	1.39e-21
 4.83579e+22	6.31e-13	1.22e-08	1.14e-05	9.51e-04	1.32e-02	4.24e-02	5.13e-01	3.67e-01	6.25e-02	6.31e-13	1.23e-21	1.54e-21
 4.85623e+22	6.87e-13	1.33e-08	1.25e-05	1.04e-03	1.43e-02	4.50e-02	5.23e-01	3.59e-01	5.85e-02	6.87e-13	1.34e-21	1.68e-21
 4.87759e+22	7.58e-13	1.47e-08	1.40e-05	1.17e-03	1.58e-02	4.86e-02	5.34e-01	3.47e-01	5.37e-02	7.58e-13	1.48e-21	1.86e-21
 4.89926e+22	8.23e-13	1.60e-08	1.53e-05	1.28e-03	1.71e-02	5.16e-02	5.42e-01	3.38e-01	5.01e-02	8.23e-13	1.61e-21	2.02e-21
 4.92153e+22	9.08e-13	1.77e-08	1.71e-05	1.44e-03	1.88e-02	5.56e-02	5.53e-01	3.26e-01	4.57e-02	9.08e-13	1.78e-21	2.23e-21
 4.94393e+22	9.79e-13	1.91e-08	1.87e-05	1.58e-03	2.03e-02	5.89e-02	5.60e-01	3.16e-01	4.26e-02	9.79e-13	1.92e-21	2.40e-21
 4.96652e+22	1.07e-12	2.11e-08	2.09e-05	1.77e-03	2.23e-02	6.34e-02	5.70e-01	3.04e-01	3.87e-02	1.07e-12	2.11e-21	2.63e-21
 4.98916e+22	1.15e-12	2.29e-08	2.28e-05	1.93e-03	2.39e-02	6.69e-02	5.76e-01	2.95e-01	3.60e-02	1.15e-12	2.28e-21	2.84e-21
 5.01186e+22	1.26e-12	2.52e-08	2.54e-05	2.16e-03	2.61e-02	7.17e-02	5.84e-01	2.83e-01	3.27e-02	1.26e-12	2.49e-21	3.11e-21
 5.03478e+22	1.36e-12	2.72e-08	2.78e-05	2.36e-03	2.80e-02	7.55e-02	5.90e-01	2.74e-01	3.04e-02	1.36e-12	2.68e-21	3.35e-21
 5.05800e+22	1.48e-12	3.00e-08	3.10e-05	2.64e-03	3.05e-02	8.08e-02	5.97e-01	2.62e-01	2.75e-02	1.48e-12	2.93e-21	3.65e-21
 5.08151e+22	1.59e-12	3.25e-08	3.38e-05	2.88e-03	3.26e-02	8.50e-02	6.01e-01	2.53e-01	2.55e-02	1.59e-12	3.15e-21	3.94e-21
 5.10539e+22	1.73e-12	3.59e-08	3.78e-05	3.22e-03	3.55e-02	9.08e-02	6.06e-01	2.41e-01	2.30e-02	1.73e-12	3.45e-21	4.30e-21
 5.12969e+22	1.87e-12	3.90e-08	4.15e-05	3.52e-03	3.79e-02	9.54e-02	6.10e-01	2.32e-01	2.12e-02	1.87e-12	3.73e-21	4.65e-21
 5.15451e+22	2.05e-12	4.33e-08	4.66e-05	3.94e-03	4.12e-02	1.02e-01	6.14e-01	2.21e-01	1.90e-02	2.05e-12	4.09e-21	5.10e-21
 5.17988e+22	2.23e-12	4.74e-08	5.13e-05	4.32e-03	4.40e-02	1.07e-01	6.16e-01	2.12e-01	1.74e-02	2.23e-12	4.45e-21	5.55e-21
 5.20593e+22	2.45e-12	5.30e-08	5.80e-05	4.86e-03	4.79e-02	1.14e-01	6.18e-01	2.00e-01	1.55e-02	2.45e-12	4.91e-21	6.12e-21
 5.23259e+22	2.68e-12	5.85e-08	6.42e-05	5.35e-03	5.11e-02	1.19e-01	6.19e-01	1.91e-01	1.42e-02	2.68e-12	5.39e-21	6.72e-21
 5.25507e+22	2.90e-12	6.37e-08	7.03e-05	5.81e-03	5.41e-02	1.25e-01	6.19e-01	1.83e-01	1.30e-02	2.90e-12	5.83e-21	7.26e-21
 5.27935e+22	3.19e-12	7.10e-08	7.89e-05	6.46e-03	5.82e-02	1.32e-01	6.18e-01	1.74e-01	1.17e-02	3.19e-12	6.44e-21	8.02e-21
 5.30301e+22	3.45e-12	7.73e-08	8.60e-05	6.98e-03	6.13e-02	1.36e-01	6.18e-01	1.67e-01	1.08e-02	3.45e-12	6.97e-21	8.68e-21
 5.32586e+22	3.76e-12	8.56e-08	9.58e-05	7.71e-03	6.54e-02	1.43e-01	6.16e-01	1.58e-01	9.74e-03	3.76e-12	7.63e-21	9.50e-21
 5.34892e+22	4.11e-12	9.40e-08	1.05e-04	8.33e-03	6.88e-02	1.48e-01	6.14e-01	1.52e-01	9.00e-03	4.11e-12	8.35e-21	1.04e-20
 5.37225e+22	4.53e-12	1.05e-07	1.17e-04	9.20e-03	7.34e-02	1.55e-01	6.11e-01	1.43e-01	8.08e-03	4.53e-12	9.24e-21	1.15e-20
 5.39591e+22	4.98e-12	1.16e-07	1.29e-04	9.96e-03	7.72e-02	1.61e-01	6.07e-01	1.37e-01	7.44e-03	4.98e-12	1.02e-20	1.26e-20
 5.41998e+22	5.54e-12	1.30e-07	1.45e-04	1.10e-02	8.23e-02	1.68e-01	6.03e-01	1.29e-01	6.65e-03	5.54e-12	1.13e-20	1.41e-20
 5.44440e+22	6.13e-12	1.45e-07	1.60e-04	1.19e-02	8.65e-02	1.74e-01	5.99e-01	1.23e-01	6.10e-03	6.13e-12	1.26e-20	1.56e-20
 5.46926e+22	6.87e-12	1.64e-07	1.81e-04	1.32e-02	9.21e-02	1.81e-01	5.92e-01	1.15e-01	5.42e-03	6.87e-12	1.42e-20	1.76e-20
 5.49453e+22	7.69e-12	1.84e-07	2.01e-04	1.44e-02	9.69e-02	1.87e-01	5.87e-01	1.10e-01	4.95e-03	7.69e-12	1.59e-20	1.97e-20
 5.52033e+22	8.71e-12	2.11e-07	2.28e-04	1.60e-02	1.03e-01	1.95e-01	5.79e-01	1.02e-01	4.37e-03	8.71e-12	1.81e-20	2.24e-20
 5.54665e+22	9.84e-12	2.38e-07	2.55e-04	1.74e-02	1.08e-01	2.01e-01	5.72e-01	9.70e-02	3.97e-03	9.84e-12	2.05e-20	2.54e-20
 5.57363e+22	1.13e-11	2.76e-07	2.92e-04	1.93e-02	1.15e-01	2.09e-01	5.62e-01	9.00e-02	3.48e-03	1.13e-11	2.36e-20	2.93e-20
 5.60131e+22	1.29e-11	3.15e-07	3.27e-04	2.11e-02	1.21e-01	2.15e-01	5.54e-01	8.48e-02	3.14e-03	1.29e-11	2.70e-20	3.35e-20
 5.62988e+22	1.51e-11	3.71e-07	3.79e-04	2.36e-02	1.29e-01	2.24e-01	5.42e-01	7.82e-02	2.73e-03	1.51e-11	3.19e-20	3.96e-20
 5.65888e+22	1.74e-11	4.26e-07	4.27e-04	2.58e-02	1.36e-01	2.30e-01	5.32e-01	7.33e-02	2.44e-03	1.74e-11	3.69e-20	4.57e-20
 5.68843e+22	2.07e-11	5.08e-07	4.97e-04	2.89e-02	1.45e-01	2.38e-01	5.19e-01	6.72e-02	2.11e-03	2.07e-11	4.42e-20	5.47e-20
 5.71833e+22	2.42e-11	5.88e-07	5.61e-04	3.15e-02	1.52e-01	2.43e-01	5.08e-01	6.28e-02	1.88e-03	2.42e-11	5.17e-20	6.40e-20
 5.74867e+22	2.91e-11	7.06e-07	6.56e-04	3.53e-02	1.62e-01	2.51e-01	4.93e-01	5.72e-02	1.61e-03	2.91e-11	6.27e-20	7.75e-20
 5.77942e+22	3.43e-11	8.23e-07	7.44e-04	3.86e-02	1.69e-01	2.56e-01	4.80e-01	5.32e-02	1.43e-03	3.43e-11	7.42e-20	9.17e-20
 5.80640e+22	4.00e-11	9.54e-07	8.40e-04	4.20e-02	1.77e-01	2.62e-01	4.68e-01	4.93e-02	1.26e-03	4.00e-11	8.71e-20	1.08e-19
 5.83717e+22	4.90e-11	1.16e-06	9.84e-04	4.69e-02	1.88e-01	2.68e-01	4.51e-01	4.47e-02	1.07e-03	4.90e-11	1.07e-19	1.33e-19
 5.86826e+22	5.80e-11	1.35e-06	1.11e-03	5.11e-02	1.96e-01	2.72e-01	4.37e-01	4.13e-02	9.47e-04	5.80e-11	1.28e-19	1.58e-19
 5.89383e+22	6.72e-11	1.54e-06	1.24e-03	5.50e-02	2.03e-01	2.76e-01	4.25e-01	3.85e-02	8.47e-04	6.72e-11	1.49e-19	1.84e-19
 5.92113e+22	8.11e-11	1.83e-06	1.42e-03	6.03e-02	2.13e-01	2.80e-01	4.10e-01	3.52e-02	7.35e-04	8.11e-11	1.81e-19	2.23e-19
 5.94901e+22	9.51e-11	2.12e-06	1.59e-03	6.50e-02	2.20e-01	2.83e-01	3.97e-01	3.26e-02	6.50e-04	9.51e-11	2.13e-19	2.63e-19
 5.97383e+22	1.11e-10	2.43e-06	1.78e-03	6.99e-02	2.28e-01	2.85e-01	3.84e-01	3.02e-02	5.77e-04	1.11e-10	2.51e-19	3.09e-19
 6.00227e+22	1.36e-10	2.91e-06	2.04e-03	7.65e-02	2.38e-01	2.88e-01	3.68e-01	2.74e-02	4.96e-04	1.36e-10	3.10e-19	3.81e-19
 6.03175e+22	1.63e-10	3.40e-06	2.30e-03	8.27e-02	2.46e-01	2.90e-01	3.53e-01	2.50e-02	4.32e-04	1.63e-10	3.72e-19	4.58e-19
 6.05802e+22	1.93e-10	3.93e-06	2.57e-03	8.89e-02	2.54e-01	2.91e-01	3.40e-01	2.30e-02	3.80e-04	1.93e-10	4.44e-19	5.46e-19
 6.08762e+22	2.39e-10	4.73e-06	2.96e-03	9.71e-02	2.64e-01	2.92e-01	3.23e-01	2.07e-02	3.23e-04	2.39e-10	5.56e-19	6.83e-19
 6.11854e+22	2.90e-10	5.58e-06	3.35e-03	1.05e-01	2.73e-01	2.92e-01	3.08e-01	1.87e-02	2.77e-04	2.90e-10	6.79e-19	8.33e-19
 6.14644e+22	3.48e-10	6.50e-06	3.76e-03	1.13e-01	2.81e-01	2.91e-01	2.94e-01	1.70e-02	2.41e-04	3.48e-10	8.22e-19	1.01e-18
 6.17798e+22	4.40e-10	7.89e-06	4.34e-03	1.23e-01	2.91e-01	2.90e-01	2.76e-01	1.51e-02	2.01e-04	4.40e-10	1.05e-18	1.29e-18
 6.21050e+22	5.39e-10	9.36e-06	4.92e-03	1.33e-01	2.99e-01	2.88e-01	2.61e-01	1.35e-02	1.71e-04	5.39e-10	1.30e-18	1.59e-18
 6.23945e+22	6.55e-10	1.10e-05	5.52e-03	1.42e-01	3.06e-01	2.86e-01	2.48e-01	1.22e-02	1.47e-04	6.55e-10	1.59e-18	1.95e-18
 6.27224e+22	8.37e-10	1.34e-05	6.37e-03	1.55e-01	3.15e-01	2.82e-01	2.31e-01	1.07e-02	1.21e-04	8.37e-10	2.06e-18	2.52e-18
 6.30626e+22	1.04e-09	1.59e-05	7.24e-03	1.67e-01	3.23e-01	2.78e-01	2.16e-01	9.42e-03	1.01e-04	1.04e-09	2.60e-18	3.17e-18
 6.33682e+22	1.28e-09	1.87e-05	8.13e-03	1.78e-01	3.29e-01	2.74e-01	2.02e-01	8.39e-03	8.53e-05	1.28e-09	3.23e-18	3.94e-18
 6.37146e+22	1.66e-09	2.30e-05	9.39e-03	1.93e-01	3.37e-01	2.67e-01	1.86e-01	7.22e-03	6.88e-05	1.66e-09	4.26e-18	5.19e-18
 6.40741e+22	2.10e-09	2.76e-05	1.07e-02	2.07e-01	3.42e-01	2.61e-01	1.72e-01	6.28e-03	5.64e-05	2.10e-09	5.44e-18	6.63e-18
 6.43960e+22	2.61e-09	3.26e-05	1.20e-02	2.21e-01	3.47e-01	2.55e-01	1.60e-01	5.53e-03	4.70e-05	2.61e-09	6.85e-18	8.34e-18
 6.47599e+22	3.45e-09	4.03e-05	1.39e-02	2.38e-01	3.52e-01	2.46e-01	1.45e-01	4.66e-03	3.69e-05	3.45e-09	9.22e-18	1.12e-17
 6.51310e+22	4.36e-09	4.81e-05	1.57e-02	2.54e-01	3.55e-01	2.38e-01	1.33e-01	4.03e-03	3.01e-05	4.36e-09	1.18e-17	1.43e-17
 6.55116e+22	5.83e-09	5.97e-05	1.81e-02	2.73e-01	3.58e-01	2.28e-01	1.19e-01	3.35e-03	2.33e-05	5.83e-09	1.61e-17	1.95e-17
 6.58961e+22	7.39e-09	7.12e-05	2.04e-02	2.90e-01	3.60e-01	2.19e-01	1.08e-01	2.87e-03	1.87e-05	7.39e-09	2.07e-17	2.51e-17
 6.62857e+22	9.96e-09	8.86e-05	2.36e-02	3.11e-01	3.60e-01	2.07e-01	9.58e-02	2.35e-03	1.42e-05	9.96e-09	2.86e-17	3.46e-17
 6.66788e+22	1.26e-08	1.05e-04	2.64e-02	3.28e-01	3.59e-01	1.98e-01	8.66e-02	1.99e-03	1.14e-05	1.26e-08	3.69e-17	4.46e-17
 6.70764e+22	1.71e-08	1.31e-04	3.05e-02	3.49e-01	3.57e-01	1.86e-01	7.58e-02	1.61e-03	8.48e-06	1.71e-08	5.13e-17	6.19e-17
 6.74781e+22	2.18e-08	1.56e-04	3.40e-02	3.66e-01	3.54e-01	1.76e-01	6.80e-02	1.36e-03	6.71e-06	2.18e-08	6.64e-17	8.02e-17
 6.78854e+22	2.96e-08	1.94e-04	3.91e-02	3.88e-01	3.49e-01	1.63e-01	5.88e-02	1.08e-03	4.93e-06	2.96e-08	9.28e-17	1.12e-16
 6.82979e+22	3.78e-08	2.30e-04	4.35e-02	4.05e-01	3.44e-01	1.53e-01	5.23e-02	8.99e-04	3.85e-06	3.78e-08	1.21e-16	1.46e-16
 6.87173e+22	5.16e-08	2.86e-04	4.99e-02	4.27e-01	3.37e-01	1.41e-01	4.47e-02	7.05e-04	2.78e-06	5.16e-08	1.71e-16	2.05e-16
 6.91284e+22	6.49e-08	3.35e-04	5.50e-02	4.42e-01	3.30e-01	1.32e-01	3.97e-02	5.88e-04	2.18e-06	6.49e-08	2.19e-16	2.64e-16
 6.95285e+22	8.73e-08	4.11e-04	6.22e-02	4.62e-01	3.21e-01	1.21e-01	3.39e-02	4.62e-04	1.58e-06	8.73e-08	3.04e-16	3.65e-16
 6.99149e+22	1.07e-07	4.74e-04	6.77e-02	4.75e-01	3.14e-01	1.13e-01	3.03e-02	3.89e-04	1.26e-06	1.07e-07	3.82e-16	4.58e-16
 7.02834e+22	1.39e-07	5.65e-04	7.51e-02	4.90e-01	3.04e-01	1.03e-01	2.62e-02	3.13e-04	9.38e-07	1.39e-07	5.09e-16	6.11e-16
 7.06561e+22	1.72e-07	6.54e-04	8.18e-02	5.02e-01	2.96e-01	9.61e-02	2.31e-02	2.59e-04	7.33e-07	1.72e-07	6.46e-16	7.75e-16
 7.09835e+22	2.11e-07	7.50e-04	8.86e-02	5.13e-01	2.87e-01	8.93e-02	2.05e-02	2.17e-04	5.78e-07	2.11e-07	8.10e-16	9.71e-16
 7.13585e+22	2.75e-07	8.97e-04	9.81e-02	5.27e-01	2.76e-01	8.09e-02	1.75e-02	1.71e-04	4.22e-07	2.75e-07	1.09e-15	1.30e-15
 7.17407e+22	3.41e-07	1.04e-03	1.06e-01	5.37e-01	2.66e-01	7.45e-02	1.53e-02	1.40e-04	3.25e-07	3.41e-07	1.38e-15	1.66e-15
 7.21324e+22	4.43e-07	1.23e-03	1.17e-01	5.47e-01	2.54e-01	6.70e-02	1.30e-02	1.10e-04	2.36e-07	4.43e-07	1.86e-15	2.22e-15
 7.25314e+22	5.54e-07	1.43e-03	1.27e-01	5.56e-01	2.44e-01	6.10e-02	1.12e-02	8.84e-05	1.77e-07	5.54e-07	2.39e-15	2.85e-15
 7.28800e+22	6.80e-07	1.64e-03	1.37e-01	5.62e-01	2.34e-01	5.58e-02	9.77e-03	7.22e-05	1.36e-07	6.80e-07	3.01e-15	3.59e-15
 7.32140e+22	8.26e-07	1.86e-03	1.47e-01	5.67e-01	2.24e-01	5.12e-02	8.56e-03	5.95e-05	0.00e+00	8.26e-07	3.75e-15	4.48e-15
 7.35253e+22	9.87e-07	2.10e-03	1.56e-01	5.72e-01	2.15e-01	4.72e-02	7.56e-03	4.96e-05	0.00e+00	9.87e-07	4.60e-15	5.48e-15
 7.38216e+22	1.17e-06	2.34e-03	1.65e-01	5.75e-01	2.07e-01	4.35e-02	6.70e-03	4.17e-05	0.00e+00	1.17e-06	5.59e-15	6.65e-15
 7.41620e+22	1.45e-06	2.70e-03	1.78e-01	5.78e-01	1.97e-01	3.92e-02	5.74e-03	3.32e-05	0.00e+00	1.45e-06	7.17e-15	8.52e-15
 7.45072e+22	1.74e-06	3.04e-03	1.89e-01	5.79e-01	1.88e-01	3.58e-02	5.02e-03	2.73e-05	0.00e+00	1.74e-06	8.83e-15	1.05e-14
 7.48088e+22	2.07e-06	3.40e-03	2.00e-01	5.80e-01	1.79e-01	3.28e-02	4.41e-03	2.27e-05	0.00e+00	2.07e-06	1.08e-14	1.28e-14
 7.51507e+22	2.56e-06	3.90e-03	2.14e-01	5.79e-01	1.69e-01	2.94e-02	3.75e-03	1.80e-05	0.00e+00	2.56e-06	1.38e-14	1.63e-14
 7.54992e+22	3.06e-06	4.38e-03	2.27e-01	5.78e-01	1.61e-01	2.67e-02	3.27e-03	1.47e-05	0.00e+00	3.06e-06	1.69e-14	2.00e-14
 7.58075e+22	3.62e-06	4.89e-03	2.39e-01	5.76e-01	1.53e-01	2.43e-02	2.86e-03	1.21e-05	0.00e+00	3.62e-06	2.06e-14	2.44e-14
 7.61596e+22	4.49e-06	5.61e-03	2.56e-01	5.72e-01	1.43e-01	2.15e-02	2.40e-03	9.43e-06	0.00e+00	4.49e-06	2.65e-14	3.13e-14
 7.65166e+22	5.36e-06	6.29e-03	2.70e-01	5.67e-01	1.35e-01	1.94e-02	2.08e-03	7.64e-06	0.00e+00	5.36e-06	3.26e-14	3.84e-14
 7.68316e+22	6.34e-06	7.01e-03	2.83e-01	5.62e-01	1.28e-01	1.76e-02	1.80e-03	6.24e-06	0.00e+00	6.34e-06	3.97e-14	4.69e-14
 7.71925e+22	7.85e-06	8.03e-03	3.02e-01	5.55e-01	1.19e-01	1.54e-02	1.50e-03	4.80e-06	0.00e+00	7.85e-06	5.11e-14	6.03e-14
 7.75591e+22	9.35e-06	8.98e-03	3.17e-01	5.47e-01	1.11e-01	1.38e-02	1.29e-03	3.85e-06	0.00e+00	9.35e-06	6.28e-14	7.41e-14
 7.78843e+22	1.11e-05	1.00e-02	3.32e-01	5.40e-01	1.05e-01	1.24e-02	1.11e-03	3.10e-06	0.00e+00	1.11e-05	7.68e-14	9.06e-14
 7.82580e+22	1.37e-05	1.15e-02	3.52e-01	5.28e-01	9.62e-02	1.07e-02	9.09e-04	2.34e-06	0.00e+00	1.37e-05	9.92e-14	1.17e-13
 7.86378e+22	1.64e-05	1.28e-02	3.69e-01	5.18e-01	8.96e-02	9.51e-03	7.71e-04	1.85e-06	0.00e+00	1.64e-05	1.22e-13	1.44e-13
 7.90254e+22	2.02e-05	1.47e-02	3.90e-01	5.04e-01	8.20e-02	8.19e-03	6.30e-04	1.39e-06	0.00e+00	2.02e-05	1.58e-13	1.87e-13
 7.94222e+22	2.43e-05	1.65e-02	4.09e-01	4.91e-01	7.55e-02	7.16e-03	5.24e-04	1.07e-06	0.00e+00	2.43e-05	1.97e-13	2.33e-13
 7.97715e+22	2.88e-05	1.83e-02	4.27e-01	4.78e-01	6.99e-02	6.30e-03	4.42e-04	8.42e-07	0.00e+00	2.88e-05	2.42e-13	2.86e-13
 8.01662e+22	3.56e-05	2.09e-02	4.49e-01	4.61e-01	6.32e-02	5.36e-03	3.56e-04	6.18e-07	0.00e+00	3.56e-05	3.13e-13	3.70e-13
 8.05746e+22	4.26e-05	2.34e-02	4.68e-01	4.46e-01	5.78e-02	4.64e-03	2.94e-04	4.72e-07	0.00e+00	4.26e-05	3.90e-13	4.61e-13
 8.10007e+22	5.36e-05	2.69e-02	4.92e-01	4.26e-01	5.14e-02	3.85e-03	2.30e-04	3.33e-07	0.00e+00	5.36e-05	5.16e-13	6.10e-13
 8.14278e+22	6.37e-05	3.00e-02	5.10e-01	4.09e-01	4.68e-02	3.32e-03	1.89e-04	2.54e-07	0.00e+00	6.37e-05	6.39e-13	7.55e-13
 8.17492e+22	7.22e-05	3.24e-02	5.24e-01	3.97e-01	4.37e-02	2.98e-03	1.64e-04	2.08e-07	0.00e+00	7.22e-05	7.46e-13	8.81e-13
 8.20603e+22	8.51e-05	3.59e-02	5.41e-01	3.81e-01	3.98e-02	2.58e-03	1.36e-04	1.59e-07	0.00e+00	8.51e-05	9.15e-13	1.08e-12
 8.23734e+22	9.65e-05	3.88e-02	5.53e-01	3.68e-01	3.70e-02	2.30e-03	1.17e-04	1.30e-07	0.00e+00	9.65e-05	1.07e-12	1.26e-12
 8.26893e+22	1.13e-04	4.28e-02	5.70e-01	3.52e-01	3.36e-02	1.99e-03	9.69e-05	0.00e+00	0.00e+00	1.13e-04	1.31e-12	1.54e-12
 8.30098e+22	1.29e-04	4.63e-02	5.82e-01	3.39e-01	3.10e-02	1.76e-03	8.30e-05	0.00e+00	0.00e+00	1.29e-04	1.53e-12	1.81e-12
 8.33363e+22	1.51e-04	5.11e-02	5.97e-01	3.22e-01	2.80e-02	1.51e-03	6.79e-05	0.00e+00	0.00e+00	1.51e-04	1.88e-12	2.22e-12
 8.36680e+22	1.72e-04	5.53e-02	6.10e-01	3.08e-01	2.57e-02	1.32e-03	5.75e-05	0.00e+00	0.00e+00	1.72e-04	2.21e-12	2.61e-12
 8.40063e+22	2.03e-04	6.11e-02	6.24e-01	2.91e-01	2.30e-02	1.12e-03	4.65e-05	0.00e+00	0.00e+00	2.03e-04	2.73e-12	3.22e-12
 8.43486e+22	2.31e-04	6.61e-02	6.35e-01	2.77e-01	2.10e-02	9.75e-04	3.91e-05	0.00e+00	0.00e+00	2.31e-04	3.22e-12	3.80e-12
 8.46960e+22	2.73e-04	7.30e-02	6.48e-01	2.59e-01	1.86e-02	8.18e-04	3.13e-05	0.00e+00	0.00e+00	2.73e-04	3.98e-12	4.69e-12
 8.50487e+22	3.11e-04	7.90e-02	6.58e-01	2.45e-01	1.69e-02	7.06e-04	2.60e-05	0.00e+00	0.00e+00	3.11e-04	4.70e-12	5.55e-12
 8.54083e+22	3.67e-04	8.72e-02	6.69e-01	2.28e-01	1.49e-02	5.86e-04	2.06e-05	0.00e+00	0.00e+00	3.67e-04	5.83e-12	6.88e-12
 8.57746e+22	4.19e-04	9.44e-02	6.77e-01	2.14e-01	1.33e-02	5.01e-04	1.69e-05	0.00e+00	0.00e+00	4.19e-04	6.93e-12	8.17e-12
 8.61495e+22	4.97e-04	1.04e-01	6.86e-01	1.97e-01	1.16e-02	4.09e-04	1.32e-05	0.00e+00	0.00e+00	4.97e-04	8.64e-12	1.02e-11
 8.65322e+22	5.68e-04	1.13e-01	6.92e-01	1.84e-01	1.03e-02	3.46e-04	1.07e-05	0.00e+00	0.00e+00	5.68e-04	1.03e-11	1.22e-11
 8.69250e+22	6.76e-04	1.25e-01	6.98e-01	1.68e-01	8.90e-03	2.78e-04	8.17e-06	0.00e+00	0.00e+00	6.76e-04	1.29e-11	1.53e-11
 8.73242e+22	7.73e-04	1.35e-01	7.01e-01	1.55e-01	7.85e-03	2.32e-04	6.54e-06	0.00e+00	0.00e+00	7.73e-04	1.55e-11	1.82e-11
 8.77315e+22	9.21e-04	1.50e-01	7.03e-01	1.40e-01	6.68e-03	1.84e-04	4.92e-06	0.00e+00	0.00e+00	9.21e-04	1.95e-11	2.30e-11
 8.81443e+22	1.05e-03	1.61e-01	7.04e-01	1.28e-01	5.84e-03	1.52e-04	3.90e-06	0.00e+00	0.00e+00	1.05e-03	2.33e-11	2.75e-11
 8.85643e+22	1.25e-03	1.78e-01	7.02e-01	1.14e-01	4.92e-03	1.18e-04	2.89e-06	0.00e+00	0.00e+00	1.25e-03	2.94e-11	3.46e-11
 8.89906e+22	1.43e-03	1.92e-01	6.99e-01	1.03e-01	4.26e-03	9.66e-05	2.27e-06	0.00e+00	0.00e+00	1.43e-03	3.51e-11	4.14e-11
 8.94253e+22	1.70e-03	2.12e-01	6.92e-01	9.10e-02	3.56e-03	7.44e-05	1.66e-06	0.00e+00	0.00e+00	1.70e-03	4.41e-11	5.20e-11
 8.98719e+22	1.96e-03	2.29e-01	6.85e-01	8.13e-02	3.04e-03	5.93e-05	1.27e-06	0.00e+00	0.00e+00	1.96e-03	5.32e-11	6.28e-11
 9.03340e+22	2.35e-03	2.53e-01	6.72e-01	7.00e-02	2.47e-03	4.41e-05	8.98e-07	0.00e+00	0.00e+00	2.35e-03	6.80e-11	8.03e-11
 9.07967e+22	2.68e-03	2.72e-01	6.61e-01	6.21e-02	2.10e-03	3.50e-05	6.86e-07	0.00e+00	0.00e+00	2.68e-03	8.14e-11	9.62e-11
 9.12601e+22	3.20e-03	2.99e-01	6.44e-01	5.28e-02	1.70e-03	2.57e-05	4.82e-07	0.00e+00	0.00e+00	3.20e-03	1.03e-10	1.22e-10
 9.17382e+22	3.68e-03	3.21e-01	6.28e-01	4.59e-02	1.43e-03	1.99e-05	3.59e-07	0.00e+00	0.00e+00	3.68e-03	1.25e-10	1.48e-10
 9.22354e+22	4.44e-03	3.54e-01	6.02e-01	3.79e-02	1.12e-03	1.40e-05	2.42e-07	0.00e+00	0.00e+00	4.44e-03	1.61e-10	1.91e-10
 9.25434e+22	4.44e-03	3.55e-01	6.02e-01	3.74e-02	1.10e-03	1.37e-05	2.35e-07	0.00e+00	0.00e+00	4.44e-03	1.62e-10	1.92e-10
