#depth	Si	Si+	Si+2	Si+3	Si+4	Si+5	Si+6	Si+7	Si+8	Si+9	Si+10	Si+11	Si+12	Si+13	Si+14
 4.62852e+21	0.00e+00	0.00e+00	0.00e+00	0.00e+00	8.32e-27	1.08e-22	4.24e-19	5.46e-16	3.07e-13	8.49e-11	1.51e-08	2.66e-06	1.11e-03	5.93e-02	9.40e-01
 1.05610e+22	0.00e+00	0.00e+00	0.00e+00	5.38e-30	2.94e-25	2.66e-21	7.29e-18	6.56e-15	2.56e-12	4.92e-10	6.14e-08	7.59e-06	2.21e-03	8.26e-02	9.15e-01
 1.27568e+22	0.00e+00	0.00e+00	0.00e+00	7.69e-29	3.31e-24	2.35e-20	5.03e-17	3.53e-14	1.08e-11	1.62e-09	1.59e-07	1.54e-05	3.52e-03	1.03e-01	8.93e-01
 1.43621e+22	0.00e+00	0.00e+00	2.59e-32	6.43e-28	2.29e-23	1.33e-19	2.35e-16	1.36e-13	3.39e-11	4.18e-09	3.38e-07	2.70e-05	5.09e-03	1.22e-01	8.72e-01
 1.52539e+22	0.00e+00	0.00e+00	4.61e-32	1.10e-27	3.71e-23	2.06e-19	3.46e-16	1.90e-13	4.52e-11	5.31e-09	4.09e-07	3.10e-05	5.58e-03	1.28e-01	8.67e-01
 1.55519e+22	0.00e+00	0.00e+00	6.78e-32	1.56e-27	5.13e-23	2.76e-19	4.49e-16	2.38e-13	5.48e-11	6.23e-09	4.64e-07	3.41e-05	5.93e-03	1.31e-01	8.63e-01
 1.57858e+22	0.00e+00	0.00e+00	9.76e-32	2.19e-27	6.97e-23	3.64e-19	5.73e-16	2.95e-13	6.57e-11	7.23e-09	5.23e-07	3.73e-05	6.29e-03	1.35e-01	8.59e-01
 1.60487e+22	0.00e+00	0.00e+00	1.56e-31	3.36e-27	1.03e-22	5.17e-19	7.83e-16	3.87e-13	8.29e-11	8.77e-09	6.10e-07	4.17e-05	6.77e-03	1.40e-01	8.54e-01
 1.63158e+22	0.00e+00	0.00e+00	2.31e-31	4.84e-27	1.44e-22	6.96e-19	1.02e-15	4.88e-13	1.01e-10	1.03e-08	6.94e-07	4.59e-05	7.20e-03	1.44e-01	8.49e-01
 1.65502e+22	0.00e+00	0.00e+00	3.37e-31	6.87e-27	1.98e-22	9.28e-19	1.32e-15	6.09e-13	1.22e-10	1.21e-08	7.86e-07	5.04e-05	7.65e-03	1.48e-01	8.45e-01
 1.68167e+22	0.00e+00	0.00e+00	5.30e-31	1.04e-26	2.89e-22	1.31e-18	1.78e-15	7.94e-13	1.53e-10	1.46e-08	9.12e-07	5.62e-05	8.21e-03	1.52e-01	8.39e-01
 1.70988e+22	0.00e+00	0.00e+00	8.23e-31	1.56e-26	4.18e-22	1.82e-18	2.39e-15	1.03e-12	1.90e-10	1.75e-08	1.05e-06	6.25e-05	8.80e-03	1.57e-01	8.34e-01
 1.73421e+22	0.00e+00	0.00e+00	1.21e-30	2.23e-26	5.78e-22	2.43e-18	3.10e-15	1.29e-12	2.31e-10	2.05e-08	1.20e-06	6.86e-05	9.35e-03	1.62e-01	8.29e-01
 1.75620e+22	0.00e+00	0.00e+00	1.73e-30	3.10e-26	7.81e-22	3.19e-18	3.94e-15	1.59e-12	2.76e-10	2.37e-08	1.34e-06	7.49e-05	9.89e-03	1.66e-01	8.24e-01
 1.78104e+22	0.00e+00	0.00e+00	2.62e-30	4.55e-26	1.11e-21	4.37e-18	5.21e-15	2.02e-12	3.39e-10	2.82e-08	1.54e-06	8.28e-05	1.06e-02	1.71e-01	8.19e-01
 1.80788e+22	0.00e+00	0.00e+00	3.99e-30	6.71e-26	1.58e-21	6.01e-18	6.91e-15	2.59e-12	4.19e-10	3.35e-08	1.77e-06	9.16e-05	1.13e-02	1.76e-01	8.13e-01
 1.83242e+22	0.00e+00	0.00e+00	5.92e-30	9.65e-26	2.20e-21	8.10e-18	9.00e-15	3.26e-12	5.10e-10	3.95e-08	2.01e-06	1.01e-04	1.20e-02	1.81e-01	8.07e-01
 1.85587e+22	0.00e+00	0.00e+00	8.71e-30	1.38e-25	3.04e-21	1.08e-17	1.17e-14	4.09e-12	6.18e-10	4.63e-08	2.28e-06	1.11e-04	1.27e-02	1.86e-01	8.02e-01
 1.88283e+22	0.00e+00	0.00e+00	1.38e-29	2.11e-25	4.48e-21	1.54e-17	1.59e-14	5.35e-12	7.78e-10	5.60e-08	2.65e-06	1.24e-04	1.37e-02	1.91e-01	7.95e-01
 1.91005e+22	0.00e+00	0.00e+00	2.10e-29	3.10e-25	6.38e-21	2.11e-17	2.11e-14	6.85e-12	9.61e-10	6.67e-08	3.05e-06	1.37e-04	1.46e-02	1.97e-01	7.88e-01
 1.93261e+22	0.00e+00	0.00e+00	3.04e-29	4.35e-25	8.69e-21	2.79e-17	2.70e-14	8.50e-12	1.15e-09	7.76e-08	3.44e-06	1.49e-04	1.54e-02	2.02e-01	7.83e-01
 1.95693e+22	0.00e+00	0.00e+00	4.65e-29	6.43e-25	1.24e-20	3.84e-17	3.59e-14	1.09e-11	1.43e-09	9.25e-08	3.95e-06	1.66e-04	1.65e-02	2.08e-01	7.76e-01
 1.98310e+22	0.00e+00	0.00e+00	7.11e-29	9.51e-25	1.78e-20	5.30e-17	4.77e-14	1.40e-11	1.77e-09	1.10e-07	4.54e-06	1.83e-04	1.76e-02	2.14e-01	7.69e-01
 2.00691e+22	0.00e+00	1.61e-33	1.04e-28	1.35e-24	2.44e-20	7.06e-17	6.16e-14	1.75e-11	2.14e-09	1.29e-07	5.14e-06	2.01e-04	1.86e-02	2.19e-01	7.62e-01
 2.03312e+22	0.00e+00	2.65e-33	1.65e-28	2.07e-24	3.61e-20	1.00e-16	8.42e-14	2.29e-11	2.70e-09	1.57e-07	5.98e-06	2.24e-04	2.00e-02	2.26e-01	7.54e-01
 2.05933e+22	0.00e+00	2.97e-33	1.80e-28	2.17e-24	5.10e-20	1.37e-16	1.11e-13	2.92e-11	3.31e-09	1.86e-07	6.84e-06	2.48e-04	2.13e-02	2.32e-01	7.47e-01
 2.08101e+22	0.00e+00	4.37e-33	2.57e-28	3.03e-24	6.90e-20	1.80e-16	1.41e-13	3.60e-11	3.97e-09	2.15e-07	7.69e-06	2.70e-04	2.25e-02	2.37e-01	7.40e-01
 2.10467e+22	0.00e+00	6.99e-33	3.99e-28	4.52e-24	9.95e-20	2.50e-16	1.89e-13	4.65e-11	4.93e-09	2.58e-07	8.86e-06	2.99e-04	2.40e-02	2.43e-01	7.32e-01
 2.12971e+22	0.00e+00	1.07e-32	5.93e-28	6.51e-24	1.39e-19	3.37e-16	2.47e-13	5.86e-11	6.02e-09	3.04e-07	1.01e-05	3.29e-04	2.55e-02	2.50e-01	7.25e-01
 2.15289e+22	0.00e+00	1.64e-32	8.80e-28	9.35e-24	1.93e-19	4.53e-16	3.21e-13	7.39e-11	7.33e-09	3.58e-07	1.15e-05	3.61e-04	2.70e-02	2.56e-01	7.17e-01
 2.17937e+22	0.00e+00	2.84e-32	1.47e-27	1.50e-23	2.97e-19	6.67e-16	4.53e-13	9.97e-11	9.47e-09	4.43e-07	1.35e-05	4.08e-04	2.91e-02	2.64e-01	7.07e-01
 2.20482e+22	0.00e+00	4.25e-32	2.14e-27	2.11e-23	4.06e-19	8.85e-16	5.82e-13	1.24e-10	1.14e-08	5.17e-07	1.53e-05	4.46e-04	3.08e-02	2.70e-01	6.99e-01
 2.22563e+22	0.00e+00	6.32e-32	3.09e-27	2.96e-23	5.52e-19	1.17e-15	7.44e-13	1.54e-10	1.37e-08	6.03e-07	1.72e-05	4.86e-04	3.25e-02	2.75e-01	6.92e-01
 2.24940e+22	0.00e+00	1.04e-31	4.91e-27	4.52e-23	8.13e-19	1.65e-15	1.01e-12	2.02e-10	1.73e-08	7.30e-07	2.00e-05	5.42e-04	3.48e-02	2.83e-01	6.82e-01
 2.27374e+22	0.00e+00	1.58e-31	7.22e-27	6.43e-23	1.12e-18	2.21e-15	1.31e-12	2.53e-10	2.10e-08	8.56e-07	2.27e-05	5.93e-04	3.68e-02	2.89e-01	6.73e-01
 2.29884e+22	0.00e+00	2.70e-31	1.19e-26	1.02e-22	1.71e-18	3.22e-15	1.83e-12	3.38e-10	2.70e-08	1.05e-06	2.67e-05	6.67e-04	3.96e-02	2.97e-01	6.62e-01
 2.32386e+22	0.00e+00	4.19e-31	1.79e-26	1.48e-22	2.40e-18	4.37e-15	2.41e-12	4.29e-10	3.31e-08	1.25e-06	3.04e-05	7.34e-04	4.20e-02	3.04e-01	6.53e-01
 2.34438e+22	0.00e+00	6.23e-31	2.58e-26	2.06e-22	3.25e-18	5.76e-15	3.07e-12	5.31e-10	3.97e-08	1.45e-06	3.42e-05	7.99e-04	4.42e-02	3.10e-01	6.45e-01
 2.36665e+22	0.00e+00	1.00e-30	4.01e-26	3.08e-22	4.70e-18	8.02e-15	4.12e-12	6.86e-10	4.95e-08	1.74e-06	3.94e-05	8.85e-04	4.71e-02	3.17e-01	6.35e-01
 2.38974e+22	0.00e+00	1.52e-30	5.90e-26	4.38e-22	6.49e-18	1.07e-14	5.33e-12	8.60e-10	6.00e-08	2.04e-06	4.47e-05	9.68e-04	4.98e-02	3.24e-01	6.25e-01
 2.41049e+22	0.00e+00	2.29e-30	8.64e-26	6.20e-22	8.91e-18	1.43e-14	6.87e-12	1.07e-09	7.26e-08	2.39e-06	5.05e-05	1.06e-03	5.25e-02	3.30e-01	6.16e-01
 2.43406e+22	0.00e+00	3.84e-30	1.39e-25	9.58e-22	1.33e-17	2.04e-14	9.45e-12	1.42e-09	9.22e-08	2.92e-06	5.88e-05	1.18e-03	5.61e-02	3.38e-01	6.05e-01
 2.45790e+22	0.00e+00	5.98e-30	2.10e-25	1.39e-21	1.87e-17	2.77e-14	1.24e-11	1.80e-09	1.13e-07	3.46e-06	6.71e-05	1.30e-03	5.94e-02	3.45e-01	5.94e-01
 2.47778e+22	0.00e+00	8.79e-30	2.99e-25	1.92e-21	2.51e-17	3.62e-14	1.57e-11	2.21e-09	1.35e-07	4.00e-06	7.52e-05	1.41e-03	6.24e-02	3.51e-01	5.86e-01
 2.49930e+22	0.00e+00	1.43e-29	4.69e-25	2.89e-21	3.65e-17	5.07e-14	2.12e-11	2.87e-09	1.69e-07	4.82e-06	8.67e-05	1.56e-03	6.64e-02	3.58e-01	5.74e-01
 2.52125e+22	0.00e+00	2.17e-29	6.90e-25	4.11e-21	5.04e-17	6.78e-14	2.74e-11	3.60e-09	2.05e-07	5.66e-06	9.82e-05	1.70e-03	6.99e-02	3.64e-01	5.64e-01
 2.54044e+22	0.00e+00	3.20e-29	9.88e-25	5.69e-21	6.79e-17	8.87e-14	3.48e-11	4.43e-09	2.45e-07	6.56e-06	1.10e-04	1.85e-03	7.34e-02	3.70e-01	5.55e-01
 2.56205e+22	0.00e+00	4.27e-29	1.27e-24	8.57e-21	9.88e-17	1.24e-13	4.70e-11	5.76e-09	3.07e-07	7.91e-06	1.27e-04	2.04e-03	7.80e-02	3.77e-01	5.43e-01
 2.58436e+22	0.00e+00	6.61e-29	1.90e-24	1.23e-20	1.38e-16	1.68e-13	6.14e-11	7.28e-09	3.76e-07	9.34e-06	1.44e-04	2.24e-03	8.23e-02	3.83e-01	5.32e-01
 2.60342e+22	0.00e+00	9.69e-29	2.70e-24	1.70e-20	1.85e-16	2.19e-13	7.76e-11	8.94e-09	4.48e-07	1.08e-05	1.61e-04	2.42e-03	8.62e-02	3.89e-01	5.22e-01
 2.62404e+22	0.00e+00	1.57e-28	4.22e-24	2.54e-20	2.68e-16	3.05e-13	1.04e-10	1.16e-08	5.59e-07	1.30e-05	1.86e-04	2.67e-03	9.13e-02	3.96e-01	5.10e-01
 2.64529e+22	0.00e+00	2.34e-28	6.11e-24	3.55e-20	3.64e-16	4.02e-13	1.33e-10	1.43e-08	6.72e-07	1.51e-05	2.09e-04	2.90e-03	9.58e-02	4.01e-01	5.00e-01
 2.66433e+22	0.00e+00	3.54e-28	8.92e-24	4.99e-20	4.98e-16	5.33e-13	1.71e-10	1.79e-08	8.12e-07	1.77e-05	2.35e-04	3.16e-03	1.01e-01	4.06e-01	4.90e-01
 2.68289e+22	0.00e+00	5.18e-28	1.27e-23	6.87e-20	6.68e-16	6.94e-13	2.16e-10	2.19e-08	9.68e-07	2.04e-05	2.63e-04	3.41e-03	1.05e-01	4.11e-01	4.80e-01
 2.70388e+22	0.00e+00	8.43e-28	1.99e-23	1.03e-19	9.69e-16	9.70e-13	2.91e-10	2.84e-08	1.21e-06	2.45e-05	3.02e-04	3.76e-03	1.11e-01	4.17e-01	4.67e-01
 2.72546e+22	0.00e+00	1.30e-27	2.96e-23	1.48e-19	1.35e-15	1.31e-12	3.80e-10	3.58e-08	1.48e-06	2.89e-05	3.42e-04	4.10e-03	1.17e-01	4.23e-01	4.56e-01
 2.74431e+22	0.00e+00	1.94e-27	4.27e-23	2.05e-19	1.83e-15	1.72e-12	4.84e-10	4.43e-08	1.77e-06	3.36e-05	3.84e-04	4.44e-03	1.22e-01	4.27e-01	4.45e-01
 2.76532e+22	0.00e+00	3.17e-27	6.73e-23	3.09e-19	2.66e-15	2.41e-12	6.53e-10	5.75e-08	2.22e-06	4.05e-05	4.42e-04	4.90e-03	1.29e-01	4.33e-01	4.32e-01
 2.78678e+22	0.00e+00	4.87e-27	9.98e-23	4.40e-19	3.68e-15	3.23e-12	8.48e-10	7.23e-08	2.70e-06	4.76e-05	5.00e-04	5.34e-03	1.36e-01	4.37e-01	4.21e-01
 2.80557e+22	0.00e+00	7.20e-27	1.43e-22	6.08e-19	4.97e-15	4.23e-12	1.08e-09	8.91e-08	3.23e-06	5.52e-05	5.59e-04	5.76e-03	1.42e-01	4.41e-01	4.11e-01
 2.82677e+22	0.00e+00	1.21e-26	2.31e-22	9.33e-19	7.37e-15	6.04e-12	1.48e-09	1.17e-07	4.10e-06	6.71e-05	6.48e-04	6.38e-03	1.50e-01	4.46e-01	3.97e-01
 2.84768e+22	0.00e+00	1.78e-26	3.30e-22	1.29e-18	9.91e-15	7.88e-12	1.87e-09	1.44e-07	4.90e-06	7.77e-05	7.24e-04	6.88e-03	1.56e-01	4.49e-01	3.87e-01
 2.86548e+22	0.00e+00	2.66e-26	4.75e-22	1.78e-18	1.34e-14	1.03e-11	2.38e-09	1.78e-07	5.87e-06	9.02e-05	8.10e-04	7.43e-03	1.63e-01	4.52e-01	3.76e-01
 2.88295e+22	0.00e+00	3.88e-26	6.71e-22	2.43e-18	1.78e-14	1.34e-11	3.00e-09	2.18e-07	6.98e-06	1.04e-04	9.01e-04	7.99e-03	1.69e-01	4.55e-01	3.66e-01
 2.90276e+22	0.00e+00	6.25e-26	1.04e-21	3.59e-18	2.56e-14	1.86e-11	4.00e-09	2.81e-07	8.68e-06	1.24e-04	1.03e-03	8.75e-03	1.78e-01	4.58e-01	3.54e-01
 2.92161e+22	0.00e+00	8.86e-26	1.43e-21	4.79e-18	3.34e-14	2.36e-11	4.95e-09	3.38e-07	1.02e-05	1.42e-04	1.14e-03	9.35e-03	1.84e-01	4.60e-01	3.45e-01
 2.93671e+22	0.00e+00	1.25e-25	1.96e-21	6.33e-18	4.32e-14	2.98e-11	6.10e-09	4.06e-07	1.19e-05	1.61e-04	1.25e-03	9.98e-03	1.91e-01	4.62e-01	3.36e-01
 2.95046e+22	0.00e+00	1.69e-25	2.58e-21	8.08e-18	5.42e-14	3.65e-11	7.31e-09	4.75e-07	1.37e-05	1.81e-04	1.36e-03	1.06e-02	1.97e-01	4.63e-01	3.28e-01
 2.96302e+22	0.00e+00	2.19e-25	3.28e-21	1.00e-17	6.61e-14	4.37e-11	8.58e-09	5.46e-07	1.54e-05	1.99e-04	1.47e-03	1.11e-02	2.02e-01	4.65e-01	3.21e-01
 2.97739e+22	0.00e+00	3.13e-25	4.54e-21	1.34e-17	8.64e-14	5.57e-11	1.06e-08	6.60e-07	1.81e-05	2.28e-04	1.62e-03	1.19e-02	2.09e-01	4.66e-01	3.12e-01
 2.99160e+22	0.00e+00	4.20e-25	5.93e-21	1.69e-17	1.08e-13	6.79e-11	1.27e-08	7.71e-07	2.07e-05	2.54e-04	1.76e-03	1.25e-02	2.15e-01	4.66e-01	3.04e-01
 3.00340e+22	0.00e+00	5.52e-25	7.60e-21	2.11e-17	1.32e-13	8.18e-11	1.50e-08	8.90e-07	2.35e-05	2.81e-04	1.90e-03	1.32e-02	2.20e-01	4.67e-01	2.97e-01
 3.01654e+22	0.00e+00	7.72e-25	1.03e-20	2.77e-17	1.70e-13	1.03e-10	1.84e-08	1.06e-06	2.73e-05	3.19e-04	2.08e-03	1.40e-02	2.27e-01	4.67e-01	2.89e-01
 3.03002e+22	0.00e+00	1.02e-24	1.33e-20	3.46e-17	2.09e-13	1.24e-10	2.17e-08	1.23e-06	3.10e-05	3.54e-04	2.25e-03	1.47e-02	2.33e-01	4.68e-01	2.82e-01
 3.04168e+22	0.00e+00	1.33e-24	1.69e-20	4.29e-17	2.56e-13	1.49e-10	2.55e-08	1.42e-06	3.51e-05	3.91e-04	2.42e-03	1.55e-02	2.39e-01	4.68e-01	2.75e-01
 3.05268e+22	0.00e+00	1.72e-24	2.14e-20	5.27e-17	3.09e-13	1.77e-10	2.98e-08	1.62e-06	3.94e-05	4.31e-04	2.60e-03	1.62e-02	2.45e-01	4.67e-01	2.69e-01
 3.06508e+22	0.00e+00	2.36e-24	2.85e-20	6.79e-17	3.92e-13	2.19e-10	3.61e-08	1.92e-06	4.56e-05	4.85e-04	2.83e-03	1.71e-02	2.52e-01	4.67e-01	2.61e-01
 3.07777e+22	0.00e+00	3.06e-24	3.61e-20	8.37e-17	4.77e-13	2.62e-10	4.23e-08	2.21e-06	5.13e-05	5.34e-04	3.05e-03	1.80e-02	2.57e-01	4.66e-01	2.54e-01
 3.09084e+22	0.00e+00	4.36e-24	4.97e-20	1.11e-16	6.19e-13	3.32e-10	5.23e-08	2.66e-06	6.03e-05	6.10e-04	3.36e-03	1.91e-02	2.65e-01	4.65e-01	2.46e-01
 3.10363e+22	0.00e+00	5.64e-24	6.27e-20	1.36e-16	7.50e-13	3.95e-10	6.11e-08	3.05e-06	6.78e-05	6.72e-04	3.60e-03	2.00e-02	2.71e-01	4.65e-01	2.40e-01
 3.11402e+22	0.00e+00	7.26e-24	7.87e-20	1.66e-16	9.04e-13	4.68e-10	7.11e-08	3.48e-06	7.62e-05	7.38e-04	3.86e-03	2.09e-02	2.77e-01	4.64e-01	2.34e-01
 3.12376e+22	0.00e+00	9.18e-24	9.72e-20	1.99e-16	1.07e-12	5.48e-10	8.19e-08	3.94e-06	8.48e-05	8.06e-04	4.12e-03	2.18e-02	2.83e-01	4.62e-01	2.28e-01
 3.13471e+22	0.00e+00	1.23e-23	1.26e-19	2.50e-16	1.33e-12	6.67e-10	9.77e-08	4.60e-06	9.69e-05	8.99e-04	4.46e-03	2.29e-02	2.89e-01	4.61e-01	2.21e-01
 3.14597e+22	0.00e+00	1.60e-23	1.60e-19	3.07e-16	1.62e-12	7.96e-10	1.15e-07	5.29e-06	1.09e-04	9.92e-04	4.79e-03	2.40e-02	2.96e-01	4.59e-01	2.15e-01
 3.15581e+22	0.00e+00	2.01e-23	1.97e-19	3.68e-16	1.92e-12	9.29e-10	1.32e-07	5.97e-06	1.21e-04	1.08e-03	5.10e-03	2.50e-02	3.01e-01	4.58e-01	2.10e-01
 3.16675e+22	0.00e+00	2.77e-23	2.62e-19	4.71e-16	2.42e-12	1.15e-09	1.60e-07	7.08e-06	1.41e-04	1.22e-03	5.57e-03	2.64e-02	3.09e-01	4.55e-01	2.03e-01
 3.17771e+22	0.00e+00	3.53e-23	3.25e-19	5.68e-16	2.90e-12	1.36e-09	1.85e-07	8.05e-06	1.57e-04	1.34e-03	5.95e-03	2.75e-02	3.15e-01	4.53e-01	1.97e-01
 3.18869e+22	0.00e+00	4.86e-23	4.32e-19	7.25e-16	3.65e-12	1.68e-09	2.24e-07	9.54e-06	1.82e-04	1.51e-03	6.49e-03	2.90e-02	3.22e-01	4.50e-01	1.90e-01
 3.19984e+22	0.00e+00	6.29e-23	5.44e-19	8.83e-16	4.41e-12	2.00e-09	2.62e-07	1.09e-05	2.05e-04	1.66e-03	6.97e-03	3.03e-02	3.29e-01	4.48e-01	1.85e-01
 3.20941e+22	0.00e+00	8.03e-23	6.75e-19	1.06e-15	5.26e-12	2.35e-09	3.04e-07	1.25e-05	2.30e-04	1.82e-03	7.45e-03	3.16e-02	3.35e-01	4.45e-01	1.79e-01
 3.22006e+22	0.00e+00	1.11e-22	8.99e-19	1.36e-15	6.66e-12	2.92e-09	3.70e-07	1.48e-05	2.67e-04	2.06e-03	8.14e-03	3.34e-02	3.42e-01	4.41e-01	1.72e-01
 3.23062e+22	0.00e+00	1.41e-22	1.11e-18	1.62e-15	7.91e-12	3.42e-09	4.27e-07	1.68e-05	2.98e-04	2.25e-03	8.68e-03	3.47e-02	3.48e-01	4.39e-01	1.67e-01
 3.24108e+22	0.00e+00	1.95e-22	1.48e-18	2.07e-15	1.00e-11	4.26e-09	5.21e-07	2.00e-05	3.47e-04	2.55e-03	9.49e-03	3.66e-02	3.56e-01	4.34e-01	1.61e-01
 3.25125e+22	0.00e+00	2.43e-22	1.79e-18	2.44e-15	1.17e-11	4.94e-09	5.96e-07	2.25e-05	3.85e-04	2.77e-03	1.01e-02	3.80e-02	3.61e-01	4.31e-01	1.56e-01
 3.26104e+22	0.00e+00	3.34e-22	2.37e-18	3.08e-15	1.47e-11	6.11e-09	7.23e-07	2.68e-05	4.47e-04	3.12e-03	1.10e-02	4.00e-02	3.69e-01	4.27e-01	1.50e-01
 3.27079e+22	0.00e+00	4.15e-22	2.87e-18	3.63e-15	1.73e-11	7.08e-09	8.27e-07	3.01e-05	4.94e-04	3.39e-03	1.17e-02	4.15e-02	3.74e-01	4.23e-01	1.45e-01
 3.28047e+22	2.37e-34	5.73e-22	3.79e-18	4.57e-15	2.17e-11	8.78e-09	1.01e-06	3.58e-05	5.76e-04	3.84e-03	1.27e-02	4.37e-02	3.82e-01	4.18e-01	1.39e-01
 3.29015e+22	3.15e-34	7.19e-22	4.63e-18	5.40e-15	2.56e-11	1.02e-08	1.16e-06	4.05e-05	6.40e-04	4.18e-03	1.35e-02	4.53e-02	3.87e-01	4.14e-01	1.35e-01
 3.29984e+22	4.68e-34	9.90e-22	6.10e-18	6.79e-15	3.21e-11	1.27e-08	1.41e-06	4.82e-05	7.45e-04	4.73e-03	1.48e-02	4.77e-02	3.95e-01	4.08e-01	1.28e-01
 3.30967e+22	6.29e-34	1.26e-21	7.51e-18	8.07e-15	3.81e-11	1.49e-08	1.64e-06	5.50e-05	8.34e-04	5.18e-03	1.58e-02	4.95e-02	4.01e-01	4.04e-01	1.24e-01
 3.31971e+22	9.36e-34	1.73e-21	9.91e-18	1.01e-14	4.80e-11	1.85e-08	2.00e-06	6.55e-05	9.71e-04	5.85e-03	1.72e-02	5.21e-02	4.08e-01	3.98e-01	1.18e-01
 3.32966e+22	1.26e-33	2.21e-21	1.22e-17	1.20e-14	5.70e-11	2.18e-08	2.32e-06	7.49e-05	1.09e-03	6.42e-03	1.84e-02	5.41e-02	4.13e-01	3.93e-01	1.14e-01
 3.33951e+22	1.87e-33	3.03e-21	1.60e-17	1.50e-14	7.15e-11	2.71e-08	2.84e-06	8.92e-05	1.27e-03	7.26e-03	2.01e-02	5.68e-02	4.20e-01	3.86e-01	1.08e-01
 3.34950e+22	2.55e-33	3.90e-21	1.99e-17	1.79e-14	8.55e-11	3.21e-08	3.32e-06	1.02e-04	1.43e-03	7.99e-03	2.15e-02	5.91e-02	4.26e-01	3.81e-01	1.04e-01
 3.35969e+22	3.83e-33	5.41e-21	2.63e-17	2.24e-14	1.08e-10	4.02e-08	4.08e-06	1.23e-04	1.67e-03	9.06e-03	2.35e-02	6.21e-02	4.32e-01	3.73e-01	9.82e-02
 3.36998e+22	5.25e-33	6.98e-21	3.26e-17	2.67e-14	1.29e-10	4.78e-08	4.80e-06	1.42e-04	1.89e-03	9.99e-03	2.51e-02	6.45e-02	4.37e-01	3.67e-01	9.40e-02
 3.38041e+22	7.93e-33	9.72e-21	4.32e-17	3.35e-14	1.64e-10	6.00e-08	5.93e-06	1.71e-04	2.22e-03	1.13e-02	2.75e-02	6.78e-02	4.44e-01	3.59e-01	8.86e-02
 3.39090e+22	1.09e-32	1.25e-20	5.35e-17	3.97e-14	1.96e-10	7.14e-08	6.97e-06	1.97e-04	2.50e-03	1.25e-02	2.94e-02	7.04e-02	4.48e-01	3.52e-01	8.46e-02
 3.39996e+22	1.47e-32	1.60e-20	6.59e-17	4.69e-14	2.33e-10	8.46e-08	8.16e-06	2.26e-04	2.82e-03	1.37e-02	3.15e-02	7.30e-02	4.53e-01	3.45e-01	8.07e-02
 3.41022e+22	2.18e-32	2.19e-20	8.58e-17	5.78e-14	2.92e-10	1.05e-07	9.99e-06	2.70e-04	3.28e-03	1.55e-02	3.42e-02	7.64e-02	4.58e-01	3.37e-01	7.59e-02
 3.42057e+22	2.94e-32	2.79e-20	1.05e-16	6.78e-14	3.47e-10	1.24e-07	1.17e-05	3.10e-04	3.68e-03	1.70e-02	3.65e-02	7.90e-02	4.61e-01	3.30e-01	7.23e-02
 3.43102e+22	4.34e-32	3.82e-20	1.37e-16	8.33e-14	4.33e-10	1.54e-07	1.43e-05	3.71e-04	4.29e-03	1.92e-02	3.97e-02	8.26e-02	4.65e-01	3.21e-01	6.78e-02
 3.44148e+22	5.77e-32	4.81e-20	1.66e-16	9.70e-14	5.10e-10	1.81e-07	1.66e-05	4.22e-04	4.79e-03	2.09e-02	4.21e-02	8.52e-02	4.68e-01	3.14e-01	6.46e-02
 3.45198e+22	8.41e-32	6.52e-20	2.13e-16	1.18e-13	6.33e-10	2.24e-07	2.03e-05	5.03e-04	5.54e-03	2.35e-02	4.56e-02	8.88e-02	4.71e-01	3.04e-01	6.04e-02
 3.46267e+22	1.12e-31	8.19e-20	2.58e-16	1.37e-13	7.46e-10	2.63e-07	2.35e-05	5.73e-04	6.18e-03	2.56e-02	4.84e-02	9.16e-02	4.73e-01	2.97e-01	5.73e-02
 3.47361e+22	1.61e-31	1.10e-19	3.31e-16	1.66e-13	9.21e-10	3.23e-07	2.85e-05	6.78e-04	7.12e-03	2.85e-02	5.22e-02	9.51e-02	4.75e-01	2.88e-01	5.35e-02
 3.48492e+22	2.17e-31	1.40e-19	4.04e-16	1.94e-13	1.09e-09	3.82e-07	3.34e-05	7.78e-04	7.99e-03	3.12e-02	5.55e-02	9.80e-02	4.76e-01	2.80e-01	5.05e-02
 3.49669e+22	3.16e-31	1.90e-19	5.19e-16	2.36e-13	1.36e-09	4.72e-07	4.07e-05	9.25e-04	9.22e-03	3.49e-02	5.99e-02	1.02e-01	4.77e-01	2.69e-01	4.68e-02
 3.50860e+22	4.23e-31	2.40e-19	6.31e-16	2.74e-13	1.60e-09	5.56e-07	4.74e-05	1.06e-03	1.03e-02	3.80e-02	6.34e-02	1.05e-01	4.77e-01	2.61e-01	4.41e-02
 3.52073e+22	6.10e-31	3.23e-19	8.07e-16	3.31e-13	1.98e-09	6.84e-07	5.75e-05	1.25e-03	1.18e-02	4.23e-02	6.81e-02	1.08e-01	4.76e-01	2.51e-01	4.08e-02
 3.53294e+22	8.06e-31	4.04e-19	9.73e-16	3.83e-13	2.32e-09	8.00e-07	6.65e-05	1.42e-03	1.31e-02	4.58e-02	7.18e-02	1.11e-01	4.75e-01	2.43e-01	3.84e-02
 3.54525e+22	1.15e-30	5.38e-19	1.23e-15	4.60e-13	2.84e-09	9.75e-07	8.00e-05	1.67e-03	1.50e-02	5.07e-02	7.68e-02	1.14e-01	4.73e-01	2.33e-01	3.54e-02
 3.55787e+22	1.52e-30	6.75e-19	1.49e-15	5.32e-13	3.33e-09	1.14e-06	9.25e-05	1.89e-03	1.66e-02	5.48e-02	8.08e-02	1.17e-01	4.71e-01	2.25e-01	3.32e-02
 3.56884e+22	1.96e-30	8.31e-19	1.77e-15	6.08e-13	3.85e-09	1.32e-06	1.06e-04	2.13e-03	1.83e-02	5.89e-02	8.46e-02	1.19e-01	4.68e-01	2.17e-01	3.12e-02
 3.58102e+22	2.73e-30	1.09e-18	2.21e-15	7.20e-13	4.64e-09	1.58e-06	1.25e-04	2.47e-03	2.06e-02	6.45e-02	8.97e-02	1.22e-01	4.64e-01	2.08e-01	2.87e-02
 3.59324e+22	3.48e-30	1.32e-18	2.60e-15	8.18e-13	5.32e-09	1.81e-06	1.42e-04	2.75e-03	2.25e-02	6.88e-02	9.35e-02	1.24e-01	4.61e-01	2.01e-01	2.70e-02
 3.60549e+22	4.77e-30	1.71e-18	3.22e-15	9.64e-13	6.36e-09	2.15e-06	1.67e-04	3.17e-03	2.51e-02	7.48e-02	9.86e-02	1.27e-01	4.55e-01	1.91e-01	2.49e-02
 3.61804e+22	6.11e-30	2.10e-18	3.81e-15	1.10e-12	7.31e-09	2.46e-06	1.89e-04	3.53e-03	2.74e-02	7.98e-02	1.03e-01	1.28e-01	4.51e-01	1.84e-01	2.33e-02
 3.62915e+22	7.78e-30	2.55e-18	4.49e-15	1.25e-12	8.36e-09	2.81e-06	2.14e-04	3.92e-03	2.98e-02	8.49e-02	1.07e-01	1.30e-01	4.46e-01	1.77e-01	2.18e-02
 3.64179e+22	1.06e-29	3.29e-18	5.53e-15	1.46e-12	9.92e-09	3.32e-06	2.50e-04	4.50e-03	3.32e-02	9.19e-02	1.12e-01	1.32e-01	4.38e-01	1.68e-01	2.00e-02
 3.65435e+22	1.33e-29	3.95e-18	6.46e-15	1.65e-12	1.12e-08	3.75e-06	2.79e-04	4.94e-03	3.58e-02	9.70e-02	1.15e-01	1.33e-01	4.33e-01	1.62e-01	1.87e-02
 3.66682e+22	1.79e-29	5.03e-18	7.89e-15	1.92e-12	1.32e-08	4.39e-06	3.23e-04	5.62e-03	3.95e-02	1.04e-01	1.20e-01	1.35e-01	4.25e-01	1.53e-01	1.72e-02
 3.67954e+22	2.24e-29	6.06e-18	9.22e-15	2.17e-12	1.50e-08	4.95e-06	3.61e-04	6.17e-03	4.26e-02	1.10e-01	1.24e-01	1.36e-01	4.18e-01	1.47e-01	1.60e-02
 3.69257e+22	3.02e-29	7.73e-18	1.13e-14	2.54e-12	1.76e-08	5.79e-06	4.18e-04	7.00e-03	4.69e-02	1.18e-01	1.29e-01	1.37e-01	4.09e-01	1.39e-01	1.46e-02
 3.70584e+22	3.81e-29	9.34e-18	1.32e-14	2.88e-12	1.99e-08	6.53e-06	4.66e-04	7.69e-03	5.04e-02	1.24e-01	1.33e-01	1.38e-01	4.01e-01	1.32e-01	1.36e-02
 3.71944e+22	2.01e-29	1.20e-17	1.63e-14	3.37e-12	2.34e-08	7.62e-06	5.38e-04	8.70e-03	5.54e-02	1.32e-01	1.37e-01	1.38e-01	3.91e-01	1.24e-01	1.23e-02
 3.73328e+22	2.52e-29	1.45e-17	1.91e-14	3.83e-12	2.65e-08	8.59e-06	6.00e-04	9.54e-03	5.95e-02	1.39e-01	1.41e-01	1.39e-01	3.82e-01	1.18e-01	1.14e-02
 3.74744e+22	3.41e-29	1.86e-17	2.35e-14	4.50e-12	3.10e-08	1.00e-05	6.91e-04	1.08e-02	6.51e-02	1.48e-01	1.45e-01	1.39e-01	3.71e-01	1.11e-01	1.03e-02
 3.76129e+22	4.20e-29	2.21e-17	2.73e-14	5.07e-12	3.48e-08	1.11e-05	7.61e-04	1.17e-02	6.92e-02	1.54e-01	1.48e-01	1.38e-01	3.63e-01	1.06e-01	9.58e-03
 3.77471e+22	5.57e-29	2.79e-17	3.32e-14	5.88e-12	4.02e-08	1.28e-05	8.66e-04	1.31e-02	7.52e-02	1.63e-01	1.52e-01	1.38e-01	3.51e-01	9.87e-02	8.65e-03
 3.78834e+22	6.86e-29	3.33e-17	3.86e-14	6.64e-12	4.50e-08	1.42e-05	9.52e-04	1.41e-02	7.97e-02	1.69e-01	1.54e-01	1.37e-01	3.42e-01	9.39e-02	8.03e-03
 3.80222e+22	9.05e-29	4.20e-17	4.68e-14	7.72e-12	5.19e-08	1.63e-05	1.08e-03	1.57e-02	8.61e-02	1.78e-01	1.58e-01	1.37e-01	3.30e-01	8.76e-02	7.24e-03
 3.81652e+22	1.13e-28	5.07e-17	5.50e-14	8.76e-12	5.83e-08	1.82e-05	1.19e-03	1.71e-02	9.15e-02	1.85e-01	1.60e-01	1.36e-01	3.20e-01	8.26e-02	6.64e-03
 3.83138e+22	1.50e-28	6.42e-17	6.72e-14	1.03e-11	6.75e-08	2.09e-05	1.35e-03	1.89e-02	9.86e-02	1.94e-01	1.63e-01	1.34e-01	3.08e-01	7.67e-02	5.96e-03
 3.84671e+22	1.91e-28	7.83e-17	7.96e-14	1.18e-11	7.63e-08	2.35e-05	1.49e-03	2.06e-02	1.05e-01	2.01e-01	1.65e-01	1.33e-01	2.97e-01	7.19e-02	5.42e-03
 3.86266e+22	2.56e-28	1.00e-16	9.83e-14	1.39e-11	8.87e-08	2.70e-05	1.69e-03	2.29e-02	1.13e-01	2.10e-01	1.67e-01	1.31e-01	2.84e-01	6.62e-02	4.82e-03
 3.87902e+22	3.27e-28	1.23e-16	1.17e-13	1.60e-11	1.01e-07	3.03e-05	1.88e-03	2.50e-02	1.20e-01	2.18e-01	1.68e-01	1.29e-01	2.72e-01	6.17e-02	4.35e-03
 3.89592e+22	4.43e-28	1.59e-16	1.46e-13	1.91e-11	1.17e-07	3.50e-05	2.13e-03	2.77e-02	1.29e-01	2.27e-01	1.70e-01	1.26e-01	2.59e-01	5.64e-02	3.84e-03
 3.91334e+22	5.73e-28	1.97e-16	1.76e-13	2.21e-11	1.34e-07	3.94e-05	2.37e-03	3.02e-02	1.37e-01	2.34e-01	1.71e-01	1.23e-01	2.47e-01	5.22e-02	3.44e-03
 3.93146e+22	7.87e-28	2.57e-16	2.21e-13	2.66e-11	1.57e-07	4.56e-05	2.69e-03	3.35e-02	1.46e-01	2.43e-01	1.71e-01	1.20e-01	2.33e-01	4.72e-02	2.99e-03
 3.95020e+22	1.03e-27	3.23e-16	2.68e-13	3.11e-11	1.79e-07	5.16e-05	3.00e-03	3.65e-02	1.55e-01	2.50e-01	1.71e-01	1.17e-01	2.21e-01	4.33e-02	2.65e-03
 3.96718e+22	1.34e-27	4.01e-16	3.24e-13	3.62e-11	2.04e-07	5.80e-05	3.32e-03	3.96e-02	1.64e-01	2.57e-01	1.71e-01	1.14e-01	2.09e-01	3.97e-02	2.36e-03
 3.98668e+22	1.87e-27	5.30e-16	4.12e-13	4.39e-11	2.40e-07	6.73e-05	3.77e-03	4.39e-02	1.75e-01	2.65e-01	1.70e-01	1.10e-01	1.95e-01	3.55e-02	2.02e-03
 4.00656e+22	2.45e-27	6.65e-16	5.02e-13	5.14e-11	2.74e-07	7.58e-05	4.18e-03	4.76e-02	1.84e-01	2.71e-01	1.69e-01	1.06e-01	1.83e-01	3.23e-02	1.78e-03
 4.02693e+22	3.44e-27	8.83e-16	6.41e-13	6.25e-11	3.23e-07	8.79e-05	4.75e-03	5.26e-02	1.96e-01	2.78e-01	1.67e-01	1.02e-01	1.70e-01	2.86e-02	1.51e-03
 4.04757e+22	4.53e-27	1.11e-15	7.82e-13	7.33e-11	3.69e-07	9.88e-05	5.26e-03	5.70e-02	2.06e-01	2.84e-01	1.65e-01	9.78e-02	1.59e-01	2.58e-02	1.31e-03
 4.06857e+22	6.40e-27	1.49e-15	1.00e-12	8.94e-11	4.34e-07	1.14e-04	5.96e-03	6.28e-02	2.18e-01	2.89e-01	1.62e-01	9.29e-02	1.45e-01	2.26e-02	1.10e-03
 4.08979e+22	8.43e-27	1.87e-15	1.22e-12	1.05e-10	4.93e-07	1.28e-04	6.57e-03	6.78e-02	2.28e-01	2.93e-01	1.59e-01	8.90e-02	1.35e-01	2.03e-02	9.50e-04
 4.11130e+22	1.20e-26	2.52e-15	1.57e-12	1.28e-10	5.78e-07	1.48e-04	7.43e-03	7.46e-02	2.40e-01	2.98e-01	1.55e-01	8.38e-02	1.23e-01	1.75e-02	7.84e-04
 4.13292e+22	1.57e-26	3.17e-15	1.91e-12	1.49e-10	6.54e-07	1.65e-04	8.15e-03	8.01e-02	2.50e-01	3.00e-01	1.51e-01	7.99e-02	1.14e-01	1.56e-02	6.75e-04
 4.15101e+22	2.00e-26	3.90e-15	2.28e-12	1.71e-10	7.31e-07	1.82e-04	8.86e-03	8.54e-02	2.59e-01	3.02e-01	1.48e-01	7.63e-02	1.06e-01	1.41e-02	5.88e-04
 4.17083e+22	2.76e-26	5.12e-15	2.87e-12	2.04e-10	8.37e-07	2.06e-04	9.86e-03	9.28e-02	2.70e-01	3.04e-01	1.43e-01	7.17e-02	9.56e-02	1.22e-02	4.85e-04
 4.19038e+22	3.47e-26	6.25e-15	3.39e-12	2.33e-10	9.27e-07	2.26e-04	1.06e-02	9.83e-02	2.78e-01	3.05e-01	1.40e-01	6.83e-02	8.88e-02	1.09e-02	4.23e-04
 4.20956e+22	4.71e-26	8.12e-15	4.22e-12	2.75e-10	1.05e-06	2.53e-04	1.17e-02	1.06e-01	2.88e-01	3.05e-01	1.35e-01	6.40e-02	8.03e-02	9.46e-03	3.50e-04
 4.22907e+22	5.97e-26	9.98e-15	5.01e-12	3.15e-10	1.17e-06	2.77e-04	1.27e-02	1.12e-01	2.96e-01	3.04e-01	1.30e-01	6.07e-02	7.41e-02	8.43e-03	3.01e-04
 4.24901e+22	8.15e-26	1.31e-14	6.28e-12	3.73e-10	1.32e-06	3.10e-04	1.40e-02	1.21e-01	3.07e-01	3.03e-01	1.25e-01	5.64e-02	6.63e-02	7.19e-03	2.45e-04
 4.26918e+22	1.04e-25	1.62e-14	7.49e-12	4.28e-10	1.46e-06	3.40e-04	1.51e-02	1.28e-01	3.14e-01	3.01e-01	1.20e-01	5.32e-02	6.07e-02	6.36e-03	2.09e-04
 4.28965e+22	1.41e-25	2.14e-14	9.41e-12	5.09e-10	1.66e-06	3.80e-04	1.66e-02	1.38e-01	3.24e-01	2.98e-01	1.14e-01	4.91e-02	5.39e-02	5.37e-03	1.68e-04
 4.31051e+22	1.82e-25	2.69e-14	1.13e-11	5.85e-10	1.84e-06	4.16e-04	1.80e-02	1.46e-01	3.31e-01	2.95e-01	1.10e-01	4.60e-02	4.89e-02	4.68e-03	1.41e-04
 4.33185e+22	2.50e-25	3.61e-14	1.44e-11	7.00e-10	2.09e-06	4.66e-04	1.98e-02	1.58e-01	3.40e-01	2.90e-01	1.03e-01	4.21e-02	4.29e-02	3.90e-03	1.12e-04
 4.35358e+22	3.24e-25	4.57e-14	1.74e-11	8.10e-10	2.31e-06	5.10e-04	2.14e-02	1.67e-01	3.47e-01	2.85e-01	9.80e-02	3.91e-02	3.85e-02	3.36e-03	9.21e-05
 4.37579e+22	4.49e-25	6.23e-14	2.23e-11	9.77e-10	2.64e-06	5.73e-04	2.36e-02	1.80e-01	3.54e-01	2.79e-01	9.14e-02	3.55e-02	3.33e-02	2.75e-03	7.14e-05
 4.39830e+22	5.83e-25	7.97e-14	2.72e-11	1.14e-09	2.93e-06	6.28e-04	2.55e-02	1.90e-01	3.60e-01	2.72e-01	8.62e-02	3.27e-02	2.97e-02	2.34e-03	5.82e-05
 4.41733e+22	7.37e-25	1.00e-13	3.27e-11	1.30e-09	3.22e-06	6.82e-04	2.73e-02	2.01e-01	3.65e-01	2.66e-01	8.15e-02	3.04e-02	2.66e-02	2.01e-03	4.81e-05
 4.43820e+22	9.95e-25	1.35e-13	4.15e-11	1.56e-09	3.65e-06	7.59e-04	2.99e-02	2.14e-01	3.70e-01	2.58e-01	7.55e-02	2.75e-02	2.30e-02	1.65e-03	3.74e-05
 4.45916e+22	1.26e-24	1.70e-13	5.00e-11	1.80e-09	4.03e-06	8.25e-04	3.20e-02	2.25e-01	3.73e-01	2.51e-01	7.09e-02	2.54e-02	2.05e-02	1.41e-03	3.06e-05
 4.47964e+22	1.67e-24	2.28e-13	6.31e-11	2.16e-09	4.56e-06	9.16e-04	3.48e-02	2.39e-01	3.76e-01	2.42e-01	6.54e-02	2.29e-02	1.77e-02	1.16e-03	2.38e-05
 4.50052e+22	2.14e-24	2.92e-13	7.70e-11	2.52e-09	5.07e-06	1.00e-03	3.73e-02	2.52e-01	3.78e-01	2.34e-01	6.09e-02	2.10e-02	1.56e-02	9.74e-04	1.92e-05
 4.52102e+22	2.79e-24	3.91e-13	9.70e-11	3.01e-09	5.74e-06	1.11e-03	4.05e-02	2.66e-01	3.79e-01	2.24e-01	5.59e-02	1.89e-02	1.34e-02	7.97e-04	1.50e-05
 4.54194e+22	3.54e-24	5.09e-13	1.20e-10	3.56e-09	6.45e-06	1.22e-03	4.35e-02	2.80e-01	3.80e-01	2.14e-01	5.16e-02	1.72e-02	1.17e-02	6.63e-04	1.19e-05
 4.56243e+22	4.61e-24	6.78e-13	1.51e-10	4.27e-09	7.32e-06	1.35e-03	4.70e-02	2.95e-01	3.79e-01	2.04e-01	4.72e-02	1.55e-02	1.01e-02	5.42e-04	9.25e-06
 4.58285e+22	5.86e-24	8.82e-13	1.87e-10	5.07e-09	8.27e-06	1.48e-03	5.05e-02	3.09e-01	3.78e-01	1.95e-01	4.33e-02	1.40e-02	8.74e-03	4.50e-04	7.34e-06
 4.60350e+22	7.59e-24	1.18e-12	2.36e-10	6.13e-09	9.46e-06	1.64e-03	5.45e-02	3.25e-01	3.75e-01	1.84e-01	3.93e-02	1.25e-02	7.47e-03	3.66e-04	5.67e-06
 4.62447e+22	9.72e-24	1.56e-12	2.96e-10	7.36e-09	1.08e-05	1.82e-03	5.86e-02	3.40e-01	3.71e-01	1.75e-01	3.57e-02	1.12e-02	6.42e-03	2.99e-04	4.42e-06
 4.64492e+22	1.24e-23	2.06e-12	3.72e-10	8.87e-09	1.23e-05	2.01e-03	6.30e-02	3.55e-01	3.67e-01	1.65e-01	3.24e-02	1.01e-02	5.50e-03	2.44e-04	3.44e-06
 4.66539e+22	1.59e-23	2.73e-12	4.67e-10	1.07e-08	1.41e-05	2.23e-03	6.77e-02	3.70e-01	3.62e-01	1.55e-01	2.93e-02	8.98e-03	4.70e-03	1.99e-04	2.67e-06
 4.68597e+22	2.04e-23	3.61e-12	5.88e-10	1.30e-08	1.63e-05	2.47e-03	7.26e-02	3.86e-01	3.56e-01	1.45e-01	2.64e-02	8.00e-03	4.00e-03	1.61e-04	2.07e-06
 4.70668e+22	2.62e-23	4.77e-12	7.41e-10	1.58e-08	1.87e-05	2.74e-03	7.79e-02	4.01e-01	3.49e-01	1.36e-01	2.37e-02	7.11e-03	3.40e-03	1.31e-04	1.59e-06
 4.72758e+22	3.38e-23	6.33e-12	9.36e-10	1.92e-08	2.16e-05	3.04e-03	8.35e-02	4.15e-01	3.41e-01	1.26e-01	2.12e-02	6.30e-03	2.88e-03	1.05e-04	1.22e-06
 4.74862e+22	4.36e-23	8.36e-12	1.18e-09	2.34e-08	2.50e-05	3.37e-03	8.94e-02	4.30e-01	3.33e-01	1.18e-01	1.90e-02	5.57e-03	2.44e-03	8.49e-05	9.41e-07
 4.76998e+22	5.67e-23	1.11e-11	1.50e-09	2.87e-08	2.90e-05	3.75e-03	9.58e-02	4.44e-01	3.23e-01	1.09e-01	1.69e-02	4.90e-03	2.05e-03	6.79e-05	7.16e-07
 4.79153e+22	7.37e-23	1.46e-11	1.89e-09	3.50e-08	3.37e-05	4.17e-03	1.02e-01	4.58e-01	3.14e-01	1.01e-01	1.50e-02	4.31e-03	1.72e-03	5.44e-05	5.47e-07
 4.81349e+22	1.58e-22	1.95e-11	2.41e-09	4.32e-08	3.93e-05	4.64e-03	1.10e-01	4.71e-01	3.03e-01	9.25e-02	1.32e-02	3.77e-03	1.43e-03	4.31e-05	4.12e-07
 4.83579e+22	2.29e-22	2.57e-11	3.05e-09	5.30e-08	4.57e-05	5.16e-03	1.17e-01	4.84e-01	2.93e-01	8.51e-02	1.17e-02	3.30e-03	1.20e-03	3.42e-05	3.12e-07
 4.85623e+22	2.93e-22	3.24e-11	3.71e-09	6.29e-08	5.18e-05	5.63e-03	1.23e-01	4.94e-01	2.84e-01	7.91e-02	1.05e-02	2.94e-03	1.03e-03	2.82e-05	2.46e-07
 4.87759e+22	4.02e-22	4.34e-11	4.77e-09	7.84e-08	6.09e-05	6.29e-03	1.32e-01	5.06e-01	2.72e-01	7.20e-02	9.17e-03	2.54e-03	8.44e-04	2.19e-05	1.82e-07
 4.89926e+22	5.21e-22	5.45e-11	5.80e-09	9.32e-08	6.92e-05	6.86e-03	1.39e-01	5.14e-01	2.62e-01	6.67e-02	8.22e-03	2.25e-03	7.22e-04	1.80e-05	1.43e-07
 4.92153e+22	7.28e-22	7.30e-11	7.48e-09	1.17e-07	8.16e-05	7.67e-03	1.48e-01	5.25e-01	2.50e-01	6.03e-02	7.12e-03	1.93e-03	5.88e-04	1.39e-05	0.00e+00
 4.94393e+22	9.51e-22	9.14e-11	9.09e-09	1.39e-07	9.26e-05	8.36e-03	1.55e-01	5.32e-01	2.40e-01	5.57e-02	6.37e-03	1.71e-03	5.01e-04	1.13e-05	0.00e+00
 4.96652e+22	1.34e-21	1.22e-10	1.17e-08	1.73e-07	1.09e-04	9.33e-03	1.65e-01	5.40e-01	2.27e-01	5.02e-02	5.49e-03	1.46e-03	4.06e-04	8.69e-06	0.00e+00
 4.98916e+22	1.76e-21	1.51e-10	1.41e-08	2.05e-07	1.23e-04	1.01e-02	1.73e-01	5.45e-01	2.18e-01	4.63e-02	4.92e-03	1.29e-03	3.47e-04	7.12e-06	0.00e+00
 5.01186e+22	2.49e-21	1.99e-10	1.80e-08	2.55e-07	1.45e-04	1.13e-02	1.84e-01	5.52e-01	2.06e-01	4.17e-02	4.24e-03	1.10e-03	2.81e-04	5.47e-06	0.00e+00
 5.03478e+22	3.28e-21	2.46e-10	2.18e-08	3.02e-07	1.64e-04	1.22e-02	1.92e-01	5.55e-01	1.97e-01	3.84e-02	3.79e-03	9.70e-04	2.39e-04	4.46e-06	0.00e+00
 5.05800e+22	4.70e-21	3.23e-10	2.77e-08	3.75e-07	1.92e-04	1.35e-02	2.03e-01	5.59e-01	1.85e-01	3.44e-02	3.26e-03	8.23e-04	1.93e-04	3.41e-06	0.00e+00
 5.08151e+22	6.26e-21	3.98e-10	3.34e-08	4.44e-07	2.17e-04	1.47e-02	2.11e-01	5.62e-01	1.77e-01	3.16e-02	2.90e-03	7.24e-04	1.64e-04	2.77e-06	0.00e+00
 5.10539e+22	9.07e-21	5.21e-10	4.26e-08	5.52e-07	2.54e-04	1.63e-02	2.23e-01	5.64e-01	1.66e-01	2.82e-02	2.48e-03	6.12e-04	1.32e-04	2.11e-06	0.00e+00
 5.12969e+22	1.23e-20	6.42e-10	5.14e-08	6.54e-07	2.88e-04	1.76e-02	2.32e-01	5.64e-01	1.57e-01	2.58e-02	2.20e-03	5.36e-04	1.11e-04	1.71e-06	0.00e+00
 5.15451e+22	1.81e-20	8.41e-10	6.57e-08	8.17e-07	3.38e-04	1.95e-02	2.44e-01	5.64e-01	1.47e-01	2.30e-02	1.88e-03	4.50e-04	8.88e-05	1.29e-06	0.00e+00
 5.17988e+22	2.51e-20	1.04e-09	7.96e-08	9.72e-07	3.83e-04	2.11e-02	2.54e-01	5.63e-01	1.39e-01	2.09e-02	1.66e-03	3.91e-04	7.44e-05	1.03e-06	0.00e+00
 5.20593e+22	3.83e-20	1.36e-09	1.02e-07	1.22e-06	4.52e-04	2.35e-02	2.67e-01	5.61e-01	1.28e-01	1.85e-02	1.40e-03	3.26e-04	5.89e-05	7.70e-07	0.00e+00
 5.23259e+22	5.46e-20	1.69e-09	1.24e-07	1.46e-06	5.14e-04	2.54e-02	2.77e-01	5.58e-01	1.21e-01	1.68e-02	1.23e-03	2.82e-04	4.90e-05	6.12e-07	0.00e+00
 5.25507e+22	7.47e-20	2.04e-09	1.48e-07	1.70e-06	5.75e-04	2.73e-02	2.86e-01	5.55e-01	1.14e-01	1.54e-02	1.10e-03	2.48e-04	4.16e-05	4.98e-07	0.00e+00
 5.27935e+22	1.14e-19	2.59e-09	1.84e-07	2.09e-06	6.66e-04	2.99e-02	2.98e-01	5.50e-01	1.06e-01	1.37e-02	9.42e-04	2.09e-04	3.35e-05	3.81e-07	0.00e+00
 5.30301e+22	1.57e-19	3.07e-09	2.16e-07	2.41e-06	7.38e-04	3.19e-02	3.07e-01	5.46e-01	1.01e-01	1.27e-02	8.45e-04	1.86e-04	2.88e-05	3.15e-07	0.00e+00
 5.32586e+22	2.33e-19	3.83e-09	2.66e-07	2.92e-06	8.46e-04	3.47e-02	3.18e-01	5.40e-01	9.40e-02	1.13e-02	7.31e-04	1.58e-04	2.35e-05	2.44e-07	0.00e+00
 5.34892e+22	3.42e-19	4.54e-09	3.11e-07	3.37e-06	9.36e-04	3.69e-02	3.27e-01	5.35e-01	8.91e-02	1.05e-02	6.57e-04	1.40e-04	2.02e-05	2.02e-07	0.00e+00
 5.37225e+22	5.47e-19	5.65e-09	3.81e-07	4.07e-06	1.07e-03	4.00e-02	3.38e-01	5.28e-01	8.27e-02	9.38e-03	5.68e-04	1.19e-04	1.65e-05	1.57e-07	0.00e+00
 5.39591e+22	8.71e-19	6.70e-09	4.47e-07	4.70e-06	1.19e-03	4.26e-02	3.47e-01	5.22e-01	7.82e-02	8.62e-03	5.08e-04	1.05e-04	1.41e-05	1.29e-07	0.00e+00
 5.41998e+22	1.48e-18	8.35e-09	5.50e-07	5.69e-06	1.36e-03	4.63e-02	3.58e-01	5.13e-01	7.23e-02	7.70e-03	4.38e-04	8.93e-05	1.14e-05	0.00e+00	0.00e+00
 5.44440e+22	2.58e-18	9.91e-09	6.46e-07	6.58e-06	1.51e-03	4.92e-02	3.67e-01	5.07e-01	6.82e-02	7.06e-03	3.91e-04	7.86e-05	9.74e-06	0.00e+00	0.00e+00
 5.46926e+22	4.65e-18	1.24e-08	7.96e-07	8.00e-06	1.73e-03	5.34e-02	3.79e-01	4.97e-01	6.28e-02	6.29e-03	3.35e-04	6.63e-05	7.86e-06	0.00e+00	0.00e+00
 5.49453e+22	8.37e-18	1.47e-08	9.37e-07	9.26e-06	1.92e-03	5.68e-02	3.87e-01	4.89e-01	5.90e-02	5.75e-03	2.98e-04	5.82e-05	6.67e-06	0.00e+00	0.00e+00
 5.52033e+22	1.46e-17	1.84e-08	1.16e-06	1.13e-05	2.21e-03	6.17e-02	3.99e-01	4.78e-01	5.41e-02	5.10e-03	2.54e-04	4.87e-05	5.34e-06	0.00e+00	0.00e+00
 5.54665e+22	2.37e-17	2.20e-08	1.37e-06	1.31e-05	2.45e-03	6.57e-02	4.08e-01	4.69e-01	5.07e-02	4.65e-03	2.25e-04	4.26e-05	4.51e-06	0.00e+00	0.00e+00
 5.57363e+22	3.79e-17	2.76e-08	1.71e-06	1.61e-05	2.83e-03	7.14e-02	4.19e-01	4.56e-01	4.62e-02	4.10e-03	1.91e-04	3.54e-05	3.58e-06	0.00e+00	0.00e+00
 5.60131e+22	5.55e-17	3.32e-08	2.03e-06	1.89e-05	3.16e-03	7.61e-02	4.28e-01	4.46e-01	4.29e-02	3.71e-03	1.67e-04	3.06e-05	2.99e-06	0.00e+00	0.00e+00
 5.62988e+22	8.59e-17	4.21e-08	2.54e-06	2.33e-05	3.65e-03	8.27e-02	4.39e-01	4.32e-01	3.89e-02	3.25e-03	1.41e-04	2.53e-05	2.35e-06	0.00e+00	0.00e+00
 5.65888e+22	1.21e-16	5.07e-08	3.03e-06	2.73e-05	4.08e-03	8.81e-02	4.47e-01	4.21e-01	3.61e-02	2.94e-03	1.23e-04	2.18e-05	1.95e-06	0.00e+00	0.00e+00
 5.68843e+22	1.81e-16	6.44e-08	3.81e-06	3.37e-05	4.72e-03	9.57e-02	4.58e-01	4.07e-01	3.25e-02	2.56e-03	1.03e-04	1.79e-05	1.52e-06	0.00e+00	0.00e+00
 5.71833e+22	2.51e-16	7.77e-08	4.55e-06	3.96e-05	5.27e-03	1.02e-01	4.65e-01	3.95e-01	3.00e-02	2.31e-03	8.99e-05	1.54e-05	1.26e-06	0.00e+00	0.00e+00
 5.74867e+22	3.68e-16	9.86e-08	5.73e-06	4.90e-05	6.10e-03	1.10e-01	4.75e-01	3.80e-01	2.69e-02	2.01e-03	7.47e-05	1.26e-05	9.78e-07	0.00e+00	0.00e+00
 5.77942e+22	5.04e-16	1.19e-07	6.85e-06	5.75e-05	6.81e-03	1.17e-01	4.81e-01	3.68e-01	2.48e-02	1.80e-03	6.49e-05	1.08e-05	8.06e-07	0.00e+00	0.00e+00
 5.80640e+22	6.72e-16	1.43e-07	8.17e-06	6.76e-05	7.61e-03	1.25e-01	4.88e-01	3.56e-01	2.27e-02	1.62e-03	5.63e-05	9.21e-06	6.63e-07	0.00e+00	0.00e+00
 5.83717e+22	9.66e-16	1.81e-07	1.02e-05	8.33e-05	8.76e-03	1.34e-01	4.95e-01	3.40e-01	2.03e-02	1.40e-03	4.67e-05	7.51e-06	5.14e-07	0.00e+00	0.00e+00
 5.86826e+22	1.29e-15	2.18e-07	1.22e-05	9.77e-05	9.76e-03	1.42e-01	5.00e-01	3.28e-01	1.86e-02	1.26e-03	4.05e-05	6.42e-06	4.22e-07	0.00e+00	0.00e+00
 5.89383e+22	1.64e-15	2.56e-07	1.42e-05	1.12e-04	1.07e-02	1.50e-01	5.04e-01	3.17e-01	1.72e-02	1.14e-03	3.57e-05	5.59e-06	3.55e-07	0.00e+00	0.00e+00
 5.92113e+22	2.21e-15	3.13e-07	1.72e-05	1.34e-04	1.20e-02	1.59e-01	5.08e-01	3.04e-01	1.56e-02	1.01e-03	3.04e-05	4.70e-06	2.86e-07	0.00e+00	0.00e+00
 5.94901e+22	2.83e-15	3.70e-07	2.02e-05	1.55e-04	1.33e-02	1.67e-01	5.11e-01	2.93e-01	1.43e-02	9.13e-04	2.65e-05	4.05e-06	2.37e-07	0.00e+00	0.00e+00
 5.97383e+22	3.59e-15	4.35e-07	2.35e-05	1.78e-04	1.46e-02	1.75e-01	5.14e-01	2.82e-01	1.32e-02	8.26e-04	2.33e-05	3.51e-06	1.99e-07	0.00e+00	0.00e+00
 6.00227e+22	4.80e-15	5.33e-07	2.85e-05	2.12e-04	1.63e-02	1.86e-01	5.16e-01	2.69e-01	1.18e-02	7.28e-04	1.97e-05	2.94e-06	1.59e-07	0.00e+00	0.00e+00
 6.03175e+22	6.17e-15	6.36e-07	3.38e-05	2.48e-04	1.81e-02	1.96e-01	5.18e-01	2.57e-01	1.07e-02	6.49e-04	1.69e-05	2.49e-06	1.29e-07	0.00e+00	0.00e+00
 6.05802e+22	7.74e-15	7.51e-07	3.95e-05	2.85e-04	1.99e-02	2.05e-01	5.18e-01	2.46e-01	9.84e-03	5.84e-04	1.48e-05	2.15e-06	0.00e+00	0.00e+00	0.00e+00
 6.08762e+22	1.03e-14	9.23e-07	4.80e-05	3.40e-04	2.23e-02	2.17e-01	5.18e-01	2.33e-01	8.80e-03	5.12e-04	1.24e-05	1.78e-06	0.00e+00	0.00e+00	0.00e+00
 6.11854e+22	1.31e-14	1.11e-06	5.72e-05	4.00e-04	2.48e-02	2.28e-01	5.17e-01	2.21e-01	7.91e-03	4.52e-04	1.05e-05	1.50e-06	0.00e+00	0.00e+00	0.00e+00
 6.14644e+22	1.66e-14	1.31e-06	6.72e-05	4.62e-04	2.72e-02	2.38e-01	5.16e-01	2.11e-01	7.18e-03	4.04e-04	9.10e-06	1.28e-06	0.00e+00	0.00e+00	0.00e+00
 6.17798e+22	2.23e-14	1.63e-06	8.24e-05	5.55e-04	3.06e-02	2.51e-01	5.13e-01	1.98e-01	6.34e-03	3.50e-04	7.54e-06	1.05e-06	0.00e+00	0.00e+00	0.00e+00
 6.21050e+22	2.85e-14	1.96e-06	9.83e-05	6.53e-04	3.39e-02	2.64e-01	5.09e-01	1.86e-01	5.66e-03	3.07e-04	6.35e-06	8.73e-07	0.00e+00	0.00e+00	0.00e+00
 6.23945e+22	3.62e-14	2.34e-06	1.16e-04	7.57e-04	3.73e-02	2.75e-01	5.05e-01	1.76e-01	5.10e-03	2.73e-04	5.43e-06	7.40e-07	0.00e+00	0.00e+00	0.00e+00
 6.27224e+22	4.87e-14	2.91e-06	1.42e-04	9.09e-04	4.18e-02	2.89e-01	4.99e-01	1.64e-01	4.46e-03	2.35e-04	4.45e-06	5.99e-07	0.00e+00	0.00e+00	0.00e+00
 6.30626e+22	6.29e-14	3.52e-06	1.71e-04	1.07e-03	4.64e-02	3.02e-01	4.93e-01	1.53e-01	3.94e-03	2.04e-04	3.71e-06	4.94e-07	0.00e+00	0.00e+00	0.00e+00
 6.33682e+22	8.03e-14	4.21e-06	2.02e-04	1.25e-03	5.10e-02	3.14e-01	4.86e-01	1.44e-01	3.51e-03	1.79e-04	3.13e-06	4.14e-07	0.00e+00	0.00e+00	0.00e+00
 6.37146e+22	1.09e-13	5.28e-06	2.49e-04	1.51e-03	5.72e-02	3.28e-01	4.77e-01	1.33e-01	3.03e-03	1.52e-04	2.53e-06	3.30e-07	0.00e+00	0.00e+00	0.00e+00
 6.40741e+22	1.42e-13	6.42e-06	3.00e-04	1.79e-03	6.35e-02	3.42e-01	4.67e-01	1.23e-01	2.64e-03	1.31e-04	2.07e-06	2.68e-07	0.00e+00	0.00e+00	0.00e+00
 6.43960e+22	1.84e-13	7.73e-06	3.56e-04	2.08e-03	6.96e-02	3.54e-01	4.58e-01	1.14e-01	2.34e-03	1.14e-04	1.73e-06	2.22e-07	0.00e+00	0.00e+00	0.00e+00
 6.47599e+22	2.53e-13	9.77e-06	4.43e-04	2.54e-03	7.83e-02	3.69e-01	4.45e-01	1.04e-01	1.98e-03	9.51e-05	1.37e-06	1.74e-07	0.00e+00	0.00e+00	0.00e+00
 6.51310e+22	3.27e-13	1.18e-05	5.30e-04	2.99e-03	8.62e-02	3.81e-01	4.33e-01	9.51e-02	1.72e-03	8.14e-05	1.12e-06	1.41e-07	0.00e+00	0.00e+00	0.00e+00
 6.55116e+22	4.58e-13	1.50e-05	6.62e-04	3.64e-03	9.68e-02	3.95e-01	4.17e-01	8.55e-02	1.44e-03	6.72e-05	8.72e-07	0.00e+00	0.00e+00	0.00e+00	0.00e+00
 6.58961e+22	5.98e-13	1.83e-05	7.92e-04	4.28e-03	1.06e-01	4.06e-01	4.03e-01	7.80e-02	1.24e-03	5.72e-05	7.08e-07	0.00e+00	0.00e+00	0.00e+00	0.00e+00
 6.62857e+22	8.41e-13	2.33e-05	9.91e-04	5.23e-03	1.19e-01	4.19e-01	3.85e-01	6.93e-02	1.03e-03	4.66e-05	5.43e-07	0.00e+00	0.00e+00	0.00e+00	0.00e+00
 6.66788e+22	1.10e-12	2.83e-05	1.18e-03	6.13e-03	1.30e-01	4.29e-01	3.70e-01	6.28e-02	8.83e-04	3.94e-05	4.38e-07	0.00e+00	0.00e+00	0.00e+00	0.00e+00
 6.70764e+22	1.56e-12	3.62e-05	1.48e-03	7.50e-03	1.45e-01	4.40e-01	3.50e-01	5.51e-02	7.22e-04	3.17e-05	3.31e-07	0.00e+00	0.00e+00	0.00e+00	0.00e+00
 6.74781e+22	2.06e-12	4.39e-05	1.76e-03	8.76e-03	1.58e-01	4.47e-01	3.34e-01	4.96e-02	6.14e-04	2.66e-05	2.65e-07	0.00e+00	0.00e+00	0.00e+00	0.00e+00
 6.78854e+22	2.98e-12	5.63e-05	2.21e-03	1.07e-02	1.76e-01	4.55e-01	3.13e-01	4.31e-02	4.96e-04	2.12e-05	1.98e-07	0.00e+00	0.00e+00	0.00e+00	0.00e+00
 6.82979e+22	4.00e-12	6.85e-05	2.63e-03	1.25e-02	1.91e-01	4.59e-01	2.96e-01	3.83e-02	4.18e-04	1.76e-05	1.56e-07	0.00e+00	0.00e+00	0.00e+00	0.00e+00
 6.87173e+22	5.93e-12	8.82e-05	3.29e-03	1.52e-02	2.11e-01	4.63e-01	2.74e-01	3.28e-02	3.33e-04	1.38e-05	1.15e-07	0.00e+00	0.00e+00	0.00e+00	0.00e+00
 6.91284e+22	7.95e-12	1.06e-04	3.87e-03	1.75e-02	2.26e-01	4.64e-01	2.58e-01	2.92e-02	2.81e-04	1.15e-05	0.00e+00	0.00e+00	0.00e+00	0.00e+00	0.00e+00
 6.95285e+22	1.18e-11	1.35e-04	4.77e-03	2.11e-02	2.47e-01	4.64e-01	2.38e-01	2.49e-02	2.24e-04	9.00e-06	0.00e+00	0.00e+00	0.00e+00	0.00e+00	0.00e+00
 6.99149e+22	1.59e-11	1.60e-04	5.52e-03	2.39e-02	2.62e-01	4.62e-01	2.23e-01	2.22e-02	1.91e-04	7.57e-06	0.00e+00	0.00e+00	0.00e+00	0.00e+00	0.00e+00
 7.02834e+22	2.36e-11	1.97e-04	6.63e-03	2.79e-02	2.82e-01	4.58e-01	2.06e-01	1.91e-02	1.55e-04	6.06e-06	0.00e+00	0.00e+00	0.00e+00	0.00e+00	0.00e+00
