#depth	Ar	Ar+	Ar+2	Ar+3	Ar+4	Ar+5	Ar+6	Ar+7	Ar+8	Ar+9	Ar+10	Ar+11	Ar+12	Ar+13	Ar+14	Ar+15	Ar+16	Ar+17	Ar+18
 4.62852e+21	0.00e+00	0.00e+00	0.00e+00	0.00e+00	0.00e+00	0.00e+00	0.00e+00	4.09e-23	1.10e-19	9.18e-17	3.81e-14	7.71e-12	1.08e-09	7.79e-08	3.59e-06	1.75e-04	1.48e-02	1.89e-01	7.96e-01
 1.05610e+22	0.00e+00	0.00e+00	0.00e+00	0.00e+00	0.00e+00	0.00e+00	1.87e-24	2.11e-21	3.86e-18	2.20e-15	6.25e-13	8.71e-11	8.42e-09	4.21e-07	1.36e-05	4.66e-04	2.77e-02	2.47e-01	7.25e-01
 1.27568e+22	0.00e+00	0.00e+00	0.00e+00	0.00e+00	0.00e+00	1.17e-26	1.57e-23	1.41e-20	4.27e-17	1.87e-14	4.11e-12	4.45e-10	3.33e-08	1.30e-06	3.31e-05	8.90e-04	4.15e-02	2.91e-01	6.67e-01
 1.43621e+22	0.00e+00	0.00e+00	0.00e+00	0.00e+00	7.44e-29	1.40e-25	1.56e-22	1.17e-19	2.88e-16	1.02e-13	1.83e-11	1.62e-09	9.91e-08	3.17e-06	6.65e-05	1.47e-03	5.67e-02	3.26e-01	6.15e-01
 1.52539e+22	0.00e+00	0.00e+00	0.00e+00	0.00e+00	7.77e-29	1.39e-25	1.49e-22	1.99e-19	4.64e-16	1.57e-13	2.67e-11	2.24e-09	1.30e-07	3.97e-06	7.91e-05	1.67e-03	6.12e-02	3.35e-01	6.02e-01
 1.55519e+22	0.00e+00	0.00e+00	0.00e+00	2.85e-32	1.21e-28	2.11e-25	2.19e-22	2.83e-19	6.39e-16	2.08e-13	3.42e-11	2.78e-09	1.56e-07	4.60e-06	8.88e-05	1.81e-03	6.43e-02	3.41e-01	5.93e-01
 1.57858e+22	0.00e+00	0.00e+00	0.00e+00	4.45e-32	1.85e-28	3.13e-25	3.16e-22	3.96e-19	8.64e-16	2.72e-13	4.33e-11	3.40e-09	1.85e-07	5.29e-06	9.90e-05	1.96e-03	6.75e-02	3.47e-01	5.84e-01
 1.60487e+22	0.00e+00	0.00e+00	0.00e+00	7.88e-32	3.15e-28	5.14e-25	5.01e-22	6.04e-19	1.27e-15	3.83e-13	5.84e-11	4.41e-09	2.30e-07	6.32e-06	1.14e-04	2.17e-03	7.16e-02	3.54e-01	5.72e-01
 1.63158e+22	0.00e+00	0.00e+00	0.00e+00	1.28e-31	4.95e-28	7.84e-25	7.42e-22	8.66e-19	1.75e-15	5.11e-13	7.53e-11	5.49e-09	2.77e-07	7.34e-06	1.28e-04	2.36e-03	7.53e-02	3.60e-01	5.63e-01
 1.65502e+22	0.00e+00	0.00e+00	0.00e+00	2.03e-31	7.66e-28	1.18e-24	1.08e-21	1.22e-18	2.39e-15	6.75e-13	9.62e-11	6.78e-09	3.31e-07	8.49e-06	1.43e-04	2.55e-03	7.90e-02	3.65e-01	5.53e-01
 1.68167e+22	0.00e+00	0.00e+00	0.00e+00	3.54e-31	1.29e-27	1.92e-24	1.70e-21	1.86e-18	3.48e-15	9.42e-13	1.29e-10	8.72e-09	4.08e-07	1.01e-05	1.63e-04	2.81e-03	8.37e-02	3.72e-01	5.41e-01
 1.70988e+22	0.00e+00	0.00e+00	0.00e+00	6.04e-31	2.13e-27	3.06e-24	2.62e-21	2.76e-18	4.98e-15	1.30e-12	1.71e-10	1.11e-08	5.01e-07	1.19e-05	1.86e-04	3.08e-03	8.84e-02	3.78e-01	5.30e-01
 1.73421e+22	0.00e+00	0.00e+00	0.00e+00	9.65e-31	3.30e-27	4.61e-24	3.83e-21	3.90e-18	6.81e-15	1.72e-12	2.18e-10	1.37e-08	5.99e-07	1.38e-05	2.08e-04	3.33e-03	9.26e-02	3.84e-01	5.20e-01
 1.75620e+22	0.00e+00	0.00e+00	0.00e+00	1.49e-30	4.97e-27	6.75e-24	5.45e-21	5.40e-18	9.13e-15	2.23e-12	2.74e-10	1.68e-08	7.08e-07	1.58e-05	2.31e-04	3.59e-03	9.68e-02	3.89e-01	5.11e-01
 1.78104e+22	0.00e+00	0.00e+00	0.00e+00	2.48e-30	8.01e-27	1.05e-23	8.24e-21	7.89e-18	1.29e-14	3.02e-12	3.58e-10	2.11e-08	8.58e-07	1.84e-05	2.61e-04	3.91e-03	1.02e-01	3.94e-01	5.00e-01
 1.80788e+22	0.00e+00	0.00e+00	0.00e+00	4.13e-30	1.29e-26	1.64e-23	1.24e-20	1.15e-17	1.81e-14	4.09e-12	4.68e-10	2.66e-08	1.04e-06	2.16e-05	2.94e-04	4.26e-03	1.07e-01	4.00e-01	4.89e-01
 1.83242e+22	0.00e+00	0.00e+00	0.00e+00	6.66e-30	2.02e-26	2.49e-23	1.83e-20	1.64e-17	2.49e-14	5.44e-12	6.02e-10	3.30e-08	1.25e-06	2.50e-05	3.30e-04	4.61e-03	1.12e-01	4.05e-01	4.78e-01
 1.85587e+22	0.00e+00	0.00e+00	0.00e+00	1.06e-29	3.13e-26	3.75e-23	2.68e-20	2.32e-17	3.41e-14	7.20e-12	7.69e-10	4.07e-08	1.49e-06	2.89e-05	3.69e-04	4.99e-03	1.17e-01	4.09e-01	4.68e-01
 1.88283e+22	0.00e+00	0.00e+00	0.00e+00	1.86e-29	5.29e-26	6.12e-23	4.21e-20	3.51e-17	4.96e-14	1.00e-11	1.03e-09	5.24e-08	1.85e-06	3.43e-05	4.21e-04	5.47e-03	1.24e-01	4.15e-01	4.56e-01
 1.91005e+22	0.00e+00	0.00e+00	0.00e+00	3.08e-29	8.51e-26	9.52e-23	6.33e-20	5.09e-17	6.94e-14	1.36e-11	1.34e-09	6.59e-08	2.24e-06	4.01e-05	4.74e-04	5.95e-03	1.30e-01	4.20e-01	4.44e-01
 1.93261e+22	0.00e+00	0.00e+00	0.00e+00	4.80e-29	1.29e-25	1.40e-22	9.04e-20	7.05e-17	9.33e-14	1.77e-11	1.70e-09	8.05e-08	2.65e-06	4.60e-05	5.27e-04	6.39e-03	1.35e-01	4.24e-01	4.34e-01
 1.95693e+22	0.00e+00	0.00e+00	2.05e-32	8.01e-29	2.08e-25	2.19e-22	1.37e-19	1.03e-16	1.31e-13	2.40e-11	2.22e-09	1.01e-07	3.22e-06	5.38e-05	5.94e-04	6.95e-03	1.42e-01	4.28e-01	4.23e-01
 1.98310e+22	0.00e+00	0.00e+00	3.51e-32	1.33e-28	3.35e-25	3.41e-22	2.06e-19	1.49e-16	1.84e-13	3.25e-11	2.89e-09	1.28e-07	3.90e-06	6.29e-05	6.69e-04	7.55e-03	1.49e-01	4.32e-01	4.11e-01
 2.00691e+22	0.00e+00	0.00e+00	5.67e-32	2.10e-28	5.13e-25	5.06e-22	2.97e-19	2.09e-16	2.49e-13	4.26e-11	3.67e-09	1.57e-07	4.64e-06	7.23e-05	7.44e-04	8.13e-03	1.55e-01	4.35e-01	4.01e-01
 2.03312e+22	0.00e+00	0.00e+00	1.02e-31	3.67e-28	8.65e-25	8.23e-22	4.64e-19	3.14e-16	3.61e-13	5.93e-11	4.91e-09	2.02e-07	5.73e-06	8.58e-05	8.48e-04	8.89e-03	1.63e-01	4.39e-01	3.88e-01
 2.05933e+22	0.00e+00	0.00e+00	1.71e-31	5.98e-28	1.37e-24	1.26e-21	6.86e-19	4.48e-16	4.99e-13	7.92e-11	6.34e-09	2.51e-07	6.90e-06	9.97e-05	9.50e-04	9.61e-03	1.70e-01	4.42e-01	3.77e-01
 2.08101e+22	0.00e+00	0.00e+00	2.70e-31	9.19e-28	2.04e-24	1.82e-21	9.67e-19	6.12e-16	6.63e-13	1.02e-10	7.93e-09	3.05e-07	8.11e-06	1.14e-04	1.05e-03	1.03e-02	1.76e-01	4.45e-01	3.68e-01
 2.10467e+22	0.00e+00	0.00e+00	4.66e-31	1.54e-27	3.31e-24	2.86e-21	1.46e-18	8.93e-16	9.34e-13	1.39e-10	1.04e-08	3.85e-07	9.87e-06	1.33e-04	1.18e-03	1.12e-02	1.84e-01	4.47e-01	3.56e-01
 2.12971e+22	0.00e+00	0.00e+00	7.67e-31	2.47e-27	5.13e-24	4.30e-21	2.13e-18	1.25e-15	1.27e-12	1.83e-10	1.33e-08	4.75e-07	1.18e-05	1.54e-04	1.32e-03	1.20e-02	1.92e-01	4.50e-01	3.45e-01
 2.15289e+22	0.00e+00	0.00e+00	1.26e-30	3.93e-27	7.93e-24	6.43e-21	3.08e-18	1.75e-15	1.73e-12	2.41e-10	1.69e-08	5.86e-07	1.41e-05	1.77e-04	1.47e-03	1.29e-02	1.99e-01	4.51e-01	3.35e-01
 2.17937e+22	0.00e+00	0.00e+00	2.38e-30	7.19e-27	1.39e-23	1.08e-20	4.96e-18	2.70e-15	2.56e-12	3.43e-10	2.31e-08	7.68e-07	1.77e-05	2.13e-04	1.69e-03	1.42e-02	2.09e-01	4.53e-01	3.21e-01
 2.20482e+22	0.00e+00	0.00e+00	3.80e-30	1.12e-26	2.11e-23	1.59e-20	7.07e-18	3.72e-15	3.43e-12	4.46e-10	2.91e-08	9.37e-07	2.09e-05	2.44e-04	1.87e-03	1.52e-02	2.17e-01	4.54e-01	3.12e-01
 2.22563e+22	0.00e+00	0.00e+00	5.99e-30	1.72e-26	3.14e-23	2.30e-20	9.91e-18	5.05e-15	4.54e-12	5.73e-10	3.64e-08	1.14e-06	2.46e-05	2.78e-04	2.06e-03	1.62e-02	2.24e-01	4.55e-01	3.02e-01
 2.24940e+22	0.00e+00	0.00e+00	1.06e-29	2.96e-26	5.20e-23	3.65e-20	1.51e-17	7.40e-15	6.45e-12	7.86e-10	4.81e-08	1.45e-06	3.01e-05	3.28e-04	2.33e-03	1.76e-02	2.34e-01	4.55e-01	2.90e-01
 2.27374e+22	0.00e+00	0.00e+00	1.71e-29	4.64e-26	7.91e-23	5.39e-20	2.16e-17	1.02e-14	8.65e-12	1.02e-09	6.08e-08	1.77e-06	3.57e-05	3.76e-04	2.58e-03	1.88e-02	2.42e-01	4.55e-01	2.81e-01
 2.29884e+22	0.00e+00	0.00e+00	3.18e-29	8.32e-26	1.36e-22	8.88e-20	3.42e-17	1.54e-14	1.26e-11	1.44e-09	8.21e-08	2.30e-06	4.45e-05	4.49e-04	2.94e-03	2.05e-02	2.53e-01	4.55e-01	2.68e-01
 2.32386e+22	0.00e+00	0.00e+00	5.25e-29	1.33e-25	2.11e-22	1.33e-19	4.93e-17	2.14e-14	1.71e-11	1.89e-09	1.05e-07	2.83e-06	5.32e-05	5.18e-04	3.27e-03	2.20e-02	2.62e-01	4.54e-01	2.58e-01
 2.34438e+22	0.00e+00	0.00e+00	8.24e-29	2.04e-25	3.13e-22	1.91e-19	6.85e-17	2.88e-14	2.24e-11	2.42e-09	1.30e-07	3.42e-06	6.24e-05	5.89e-04	3.60e-03	2.34e-02	2.70e-01	4.53e-01	2.49e-01
 2.36665e+22	0.00e+00	0.00e+00	1.42e-28	3.39e-25	5.02e-22	2.95e-19	1.02e-16	4.11e-14	3.11e-11	3.25e-09	1.69e-07	4.30e-06	7.56e-05	6.87e-04	4.03e-03	2.52e-02	2.80e-01	4.51e-01	2.39e-01
 2.38974e+22	0.00e+00	0.00e+00	2.27e-28	5.30e-25	7.59e-22	4.31e-19	1.44e-16	5.59e-14	4.14e-11	4.21e-09	2.13e-07	5.24e-06	8.94e-05	7.86e-04	4.45e-03	2.69e-02	2.88e-01	4.50e-01	2.30e-01
 2.41049e+22	0.00e+00	0.00e+00	3.63e-28	8.21e-25	1.14e-21	6.26e-19	2.02e-16	7.57e-14	5.47e-11	5.42e-09	2.66e-07	6.36e-06	1.05e-04	8.96e-04	4.90e-03	2.86e-02	2.97e-01	4.47e-01	2.21e-01
 2.43406e+22	0.00e+00	0.00e+00	6.51e-28	1.42e-24	1.90e-21	9.98e-19	3.08e-16	1.11e-13	7.77e-11	7.45e-09	3.53e-07	8.12e-06	1.29e-04	1.06e-03	5.53e-03	3.10e-02	3.08e-01	4.44e-01	2.10e-01
 2.45790e+22	0.00e+00	0.00e+00	1.07e-27	2.28e-24	2.93e-21	1.49e-18	4.42e-16	1.52e-13	1.05e-10	9.75e-09	4.49e-07	9.99e-06	1.54e-04	1.22e-03	6.13e-03	3.30e-02	3.17e-01	4.41e-01	2.01e-01
 2.47778e+22	0.00e+00	0.00e+00	1.66e-27	3.42e-24	4.27e-21	2.10e-18	6.03e-16	2.01e-13	1.35e-10	1.23e-08	5.53e-07	1.20e-05	1.80e-04	1.37e-03	6.70e-03	3.50e-02	3.25e-01	4.38e-01	1.94e-01
 2.49930e+22	0.00e+00	0.00e+00	2.86e-27	5.72e-24	6.86e-21	3.24e-18	8.93e-16	2.85e-13	1.87e-10	1.65e-08	7.18e-07	1.50e-05	2.18e-04	1.60e-03	7.49e-03	3.75e-02	3.35e-01	4.34e-01	1.84e-01
 2.52125e+22	0.00e+00	1.02e-32	4.59e-27	8.90e-24	1.03e-20	4.69e-18	1.25e-15	3.83e-13	2.47e-10	2.13e-08	8.99e-07	1.82e-05	2.57e-04	1.83e-03	8.24e-03	3.98e-02	3.44e-01	4.30e-01	1.76e-01
 2.54044e+22	0.00e+00	1.63e-32	7.10e-27	1.34e-23	1.51e-20	6.63e-18	1.70e-15	5.06e-13	3.19e-10	2.69e-08	1.11e-06	2.18e-05	2.99e-04	2.06e-03	9.00e-03	4.20e-02	3.52e-01	4.26e-01	1.69e-01
 2.56205e+22	0.00e+00	2.90e-32	1.23e-26	2.24e-23	2.42e-20	1.02e-17	2.52e-15	7.14e-13	4.40e-10	3.61e-08	1.44e-06	2.74e-05	3.62e-04	2.40e-03	1.00e-02	4.49e-02	3.62e-01	4.20e-01	1.60e-01
 2.58436e+22	0.00e+00	4.87e-32	2.00e-26	3.54e-23	3.69e-20	1.50e-17	3.55e-15	9.67e-13	5.84e-10	4.67e-08	1.81e-06	3.35e-05	4.29e-04	2.75e-03	1.11e-02	4.77e-02	3.71e-01	4.15e-01	1.53e-01
 2.60342e+22	0.00e+00	7.65e-32	3.07e-26	5.29e-23	5.33e-20	2.10e-17	4.80e-15	1.26e-12	7.51e-10	5.87e-08	2.22e-06	3.99e-05	4.98e-04	3.09e-03	1.20e-02	5.02e-02	3.78e-01	4.10e-01	1.46e-01
 2.62404e+22	0.00e+00	1.35e-31	5.27e-26	8.75e-23	8.48e-20	3.20e-17	7.00e-15	1.76e-12	1.03e-09	7.81e-08	2.86e-06	4.97e-05	6.00e-04	3.59e-03	1.34e-02	5.35e-02	3.88e-01	4.03e-01	1.38e-01
 2.64529e+22	0.00e+00	2.17e-31	8.25e-26	1.33e-22	1.25e-19	4.55e-17	9.63e-15	2.34e-12	1.33e-09	9.92e-08	3.54e-06	5.97e-05	7.00e-04	4.05e-03	1.46e-02	5.63e-02	3.95e-01	3.97e-01	1.31e-01
 2.66433e+22	0.00e+00	3.53e-31	1.31e-25	2.05e-22	1.85e-19	6.50e-17	1.32e-14	3.09e-12	1.73e-09	1.26e-07	4.40e-06	7.20e-05	8.20e-04	4.59e-03	1.59e-02	5.94e-02	4.03e-01	3.91e-01	1.25e-01
 2.68289e+22	0.00e+00	5.54e-31	2.00e-25	3.05e-22	2.68e-19	9.09e-17	1.79e-14	4.02e-12	2.22e-09	1.58e-07	5.38e-06	8.57e-05	9.49e-04	5.15e-03	1.73e-02	6.23e-02	4.10e-01	3.85e-01	1.19e-01
 2.70388e+22	0.00e+00	9.83e-31	3.44e-25	5.06e-22	4.27e-19	1.39e-16	2.61e-14	5.60e-12	3.03e-09	2.11e-07	6.94e-06	1.07e-04	1.14e-03	5.96e-03	1.91e-02	6.61e-02	4.18e-01	3.77e-01	1.12e-01
 2.72546e+22	0.00e+00	1.64e-30	5.58e-25	7.95e-22	6.45e-19	2.02e-16	3.64e-14	7.49e-12	4.00e-09	2.71e-07	8.70e-06	1.30e-04	1.35e-03	6.78e-03	2.10e-02	6.96e-02	4.26e-01	3.70e-01	1.06e-01
 2.74431e+22	0.00e+00	2.61e-30	8.69e-25	1.20e-21	9.43e-19	2.84e-16	4.93e-14	9.78e-12	5.15e-09	3.42e-07	1.07e-05	1.55e-04	1.56e-03	7.63e-03	2.28e-02	7.30e-02	4.32e-01	3.63e-01	1.00e-01
 2.76532e+22	0.00e+00	4.66e-30	1.50e-24	2.01e-21	1.51e-18	4.34e-16	7.21e-14	1.36e-11	7.04e-09	4.56e-07	1.38e-05	1.93e-04	1.88e-03	8.81e-03	2.52e-02	7.72e-02	4.39e-01	3.53e-01	9.38e-02
 2.78678e+22	0.00e+00	7.71e-30	2.42e-24	3.13e-21	2.27e-18	6.27e-16	9.98e-14	1.81e-11	9.22e-09	5.84e-07	1.73e-05	2.34e-04	2.21e-03	9.99e-03	2.74e-02	8.11e-02	4.45e-01	3.45e-01	8.83e-02
 2.80557e+22	0.00e+00	1.22e-29	3.75e-24	4.71e-21	3.29e-18	8.79e-16	1.35e-13	2.35e-11	1.18e-08	7.34e-07	2.12e-05	2.79e-04	2.56e-03	1.12e-02	2.97e-02	8.46e-02	4.51e-01	3.38e-01	8.35e-02
 2.82677e+22	0.00e+00	2.25e-29	6.69e-24	8.06e-21	5.39e-18	1.37e-15	1.99e-13	3.30e-11	1.63e-08	9.90e-07	2.76e-05	3.51e-04	3.10e-03	1.30e-02	3.29e-02	8.95e-02	4.57e-01	3.27e-01	7.74e-02
 2.84768e+22	0.00e+00	3.55e-29	1.03e-23	1.21e-20	7.79e-18	1.91e-15	2.68e-13	4.27e-11	2.09e-08	1.24e-06	3.38e-05	4.17e-04	3.58e-03	1.45e-02	3.54e-02	9.31e-02	4.61e-01	3.19e-01	7.30e-02
 2.86548e+22	0.00e+00	5.66e-29	1.60e-23	1.82e-20	1.13e-17	2.67e-15	3.60e-13	5.51e-11	2.66e-08	1.55e-06	4.14e-05	4.96e-04	4.14e-03	1.63e-02	3.83e-02	9.70e-02	4.65e-01	3.11e-01	6.86e-02
 2.88295e+22	0.00e+00	8.82e-29	2.44e-23	2.69e-20	1.62e-17	3.68e-15	4.78e-13	7.04e-11	3.37e-08	1.93e-06	5.02e-05	5.85e-04	4.76e-03	1.81e-02	4.11e-02	1.01e-01	4.68e-01	3.02e-01	6.47e-02
 2.90276e+22	0.00e+00	1.54e-28	4.15e-23	4.40e-20	2.54e-17	5.51e-15	6.81e-13	9.56e-11	4.52e-08	2.53e-06	6.40e-05	7.20e-04	5.66e-03	2.06e-02	4.49e-02	1.05e-01	4.71e-01	2.92e-01	5.99e-02
 2.92161e+22	0.00e+00	2.33e-28	6.13e-23	6.32e-20	3.53e-17	7.40e-15	8.84e-13	1.20e-10	5.61e-08	3.09e-06	7.64e-05	8.38e-04	6.42e-03	2.27e-02	4.79e-02	1.09e-01	4.73e-01	2.84e-01	5.66e-02
 2.93671e+22	0.00e+00	3.48e-28	8.99e-23	9.00e-20	4.86e-17	9.85e-15	1.13e-12	1.48e-10	6.89e-08	3.75e-06	9.08e-05	9.73e-04	7.26e-03	2.50e-02	5.10e-02	1.12e-01	4.74e-01	2.76e-01	5.34e-02
 2.95046e+22	0.00e+00	4.94e-28	1.26e-22	1.23e-19	6.44e-17	1.26e-14	1.41e-12	1.78e-10	8.26e-08	4.43e-06	1.06e-04	1.11e-03	8.09e-03	2.71e-02	5.38e-02	1.15e-01	4.75e-01	2.70e-01	5.07e-02
 2.96302e+22	0.00e+00	6.73e-28	1.68e-22	1.61e-19	8.24e-17	1.58e-14	1.71e-12	2.10e-10	9.70e-08	5.14e-06	1.21e-04	1.24e-03	8.88e-03	2.91e-02	5.63e-02	1.18e-01	4.75e-01	2.64e-01	4.84e-02
 2.97739e+22	0.00e+00	1.02e-27	2.50e-22	2.32e-19	1.15e-16	2.12e-14	2.22e-12	2.62e-10	1.20e-07	6.28e-06	1.44e-04	1.44e-03	1.01e-02	3.20e-02	5.99e-02	1.21e-01	4.75e-01	2.55e-01	4.55e-02
 2.99160e+22	0.00e+00	1.44e-27	3.46e-22	3.14e-19	1.51e-16	2.70e-14	2.73e-12	3.13e-10	1.43e-07	7.39e-06	1.67e-04	1.63e-03	1.12e-02	3.46e-02	6.30e-02	1.24e-01	4.74e-01	2.48e-01	4.31e-02
 3.00340e+22	0.00e+00	1.98e-27	4.70e-22	4.15e-19	1.94e-16	3.38e-14	3.32e-12	3.70e-10	1.68e-07	8.60e-06	1.91e-04	1.83e-03	1.23e-02	3.72e-02	6.60e-02	1.26e-01	4.73e-01	2.42e-01	4.10e-02
 3.01654e+22	0.00e+00	2.94e-27	6.83e-22	5.86e-19	2.65e-16	4.45e-14	4.21e-12	4.52e-10	2.05e-07	1.04e-05	2.26e-04	2.11e-03	1.38e-02	4.06e-02	6.97e-02	1.29e-01	4.72e-01	2.34e-01	3.85e-02
 3.03002e+22	0.00e+00	4.06e-27	9.29e-22	7.79e-19	3.43e-16	5.60e-14	5.13e-12	5.35e-10	2.42e-07	1.21e-05	2.59e-04	2.37e-03	1.52e-02	4.36e-02	7.29e-02	1.32e-01	4.70e-01	2.27e-01	3.65e-02
 3.04168e+22	0.00e+00	5.57e-27	1.25e-21	1.03e-18	4.40e-16	6.97e-14	6.20e-12	6.26e-10	2.83e-07	1.40e-05	2.95e-04	2.65e-03	1.66e-02	4.67e-02	7.61e-02	1.34e-01	4.68e-01	2.21e-01	3.46e-02
 3.05268e+22	0.00e+00	7.51e-27	1.67e-21	1.33e-18	5.57e-16	8.58e-14	7.41e-12	7.28e-10	3.29e-07	1.61e-05	3.34e-04	2.95e-03	1.82e-02	4.98e-02	7.92e-02	1.36e-01	4.66e-01	2.15e-01	3.29e-02
 3.06508e+22	0.00e+00	1.09e-26	2.37e-21	1.84e-18	7.46e-16	1.11e-13	9.25e-12	8.77e-10	3.96e-07	1.91e-05	3.90e-04	3.36e-03	2.02e-02	5.39e-02	8.32e-02	1.39e-01	4.62e-01	2.07e-01	3.08e-02
 3.07777e+22	3.39e-33	1.48e-26	3.18e-21	2.41e-18	9.50e-16	1.37e-13	1.11e-11	1.02e-09	4.61e-07	2.21e-05	4.43e-04	3.74e-03	2.21e-02	5.74e-02	8.65e-02	1.41e-01	4.59e-01	2.01e-01	2.92e-02
 3.09084e+22	5.23e-33	2.24e-26	4.71e-21	3.46e-18	1.31e-15	1.82e-13	1.41e-11	1.25e-09	5.64e-07	2.67e-05	5.25e-04	4.32e-03	2.48e-02	6.26e-02	9.11e-02	1.43e-01	4.54e-01	1.92e-01	2.71e-02
 3.10363e+22	7.18e-33	3.03e-26	6.28e-21	4.50e-18	1.66e-15	2.24e-13	1.69e-11	1.45e-09	6.55e-07	3.07e-05	5.95e-04	4.79e-03	2.70e-02	6.65e-02	9.45e-02	1.45e-01	4.50e-01	1.86e-01	2.56e-02
 3.11402e+22	9.79e-33	4.07e-26	8.32e-21	5.82e-18	2.09e-15	2.74e-13	2.00e-11	1.66e-09	7.54e-07	3.51e-05	6.71e-04	5.30e-03	2.93e-02	7.07e-02	9.79e-02	1.46e-01	4.46e-01	1.80e-01	2.42e-02
 3.12376e+22	1.31e-32	5.36e-26	1.08e-20	7.39e-18	2.58e-15	3.29e-13	2.34e-11	1.89e-09	8.60e-07	3.97e-05	7.50e-04	5.82e-03	3.16e-02	7.46e-02	1.01e-01	1.48e-01	4.41e-01	1.74e-01	2.29e-02
 3.13471e+22	1.87e-32	7.55e-26	1.50e-20	9.95e-18	3.37e-15	4.15e-13	2.84e-11	2.22e-09	1.01e-06	4.64e-05	8.61e-04	6.53e-03	3.47e-02	7.98e-02	1.05e-01	1.49e-01	4.35e-01	1.67e-01	2.14e-02
 3.14597e+22	2.59e-32	1.03e-25	2.01e-20	1.30e-17	4.27e-15	5.10e-13	3.38e-11	2.56e-09	1.17e-06	5.32e-05	9.74e-04	7.24e-03	3.78e-02	8.47e-02	1.09e-01	1.50e-01	4.29e-01	1.61e-01	2.01e-02
 3.15581e+22	3.43e-32	1.34e-25	2.60e-20	1.64e-17	5.26e-15	6.11e-13	3.94e-11	2.90e-09	1.33e-06	6.00e-05	1.08e-03	7.92e-03	4.06e-02	8.91e-02	1.12e-01	1.51e-01	4.24e-01	1.56e-01	1.91e-02
 3.16675e+22	5.08e-32	1.96e-25	3.72e-20	2.27e-17	7.01e-15	7.83e-13	4.83e-11	3.43e-09	1.58e-06	7.09e-05	1.26e-03	8.96e-03	4.48e-02	9.56e-02	1.16e-01	1.52e-01	4.16e-01	1.48e-01	1.76e-02
 3.17771e+22	6.86e-32	2.61e-25	4.89e-20	2.91e-17	8.72e-15	9.45e-13	5.66e-11	3.89e-09	1.81e-06	8.04e-05	1.41e-03	9.84e-03	4.83e-02	1.01e-01	1.19e-01	1.52e-01	4.09e-01	1.42e-01	1.65e-02
 3.18869e+22	1.02e-31	3.79e-25	6.98e-20	4.01e-17	1.16e-14	1.21e-12	6.93e-11	4.58e-09	2.15e-06	9.46e-05	1.63e-03	1.11e-02	5.32e-02	1.08e-01	1.24e-01	1.53e-01	4.00e-01	1.35e-01	1.52e-02
 3.19984e+22	1.39e-31	5.13e-25	9.32e-20	5.21e-17	1.46e-14	1.47e-12	8.15e-11	5.21e-09	2.46e-06	1.08e-04	1.83e-03	1.22e-02	5.74e-02	1.13e-01	1.27e-01	1.53e-01	3.92e-01	1.29e-01	1.42e-02
 3.20941e+22	1.88e-31	6.83e-25	1.23e-19	6.66e-17	1.81e-14	1.77e-12	9.49e-11	5.88e-09	2.80e-06	1.22e-04	2.04e-03	1.34e-02	6.17e-02	1.19e-01	1.30e-01	1.53e-01	3.84e-01	1.24e-01	1.33e-02
 3.22006e+22	2.81e-31	1.00e-24	1.76e-19	9.23e-17	2.41e-14	2.26e-12	1.16e-10	6.88e-09	3.32e-06	1.43e-04	2.35e-03	1.51e-02	6.77e-02	1.27e-01	1.34e-01	1.53e-01	3.73e-01	1.16e-01	1.21e-02
 3.23062e+22	3.76e-31	1.32e-24	2.30e-19	1.17e-16	2.97e-14	2.70e-12	1.34e-10	7.73e-09	3.75e-06	1.61e-04	2.61e-03	1.64e-02	7.24e-02	1.33e-01	1.37e-01	1.52e-01	3.65e-01	1.11e-01	1.13e-02
 3.24108e+22	5.62e-31	1.94e-24	3.32e-19	1.63e-16	3.96e-14	3.43e-12	1.63e-10	8.99e-09	4.43e-06	1.89e-04	3.01e-03	1.84e-02	7.93e-02	1.41e-01	1.40e-01	1.51e-01	3.52e-01	1.04e-01	1.03e-02
 3.25125e+22	7.37e-31	2.52e-24	4.25e-19	2.03e-16	4.81e-14	4.05e-12	1.86e-10	1.00e-08	4.96e-06	2.11e-04	3.31e-03	1.99e-02	8.42e-02	1.46e-01	1.43e-01	1.50e-01	3.44e-01	9.95e-02	9.62e-03
 3.26104e+22	1.09e-30	3.67e-24	6.10e-19	2.79e-16	6.34e-14	5.11e-12	2.24e-10	1.15e-08	5.80e-06	2.45e-04	3.79e-03	2.22e-02	9.17e-02	1.55e-01	1.46e-01	1.48e-01	3.32e-01	9.29e-02	8.71e-03
 3.27079e+22	1.43e-30	4.74e-24	7.78e-19	3.48e-16	7.67e-14	6.00e-12	2.56e-10	1.28e-08	6.48e-06	2.72e-04	4.15e-03	2.39e-02	9.70e-02	1.60e-01	1.48e-01	1.47e-01	3.23e-01	8.85e-02	8.12e-03
 3.28047e+22	2.13e-30	6.95e-24	1.12e-18	4.80e-16	1.01e-13	7.57e-12	3.07e-10	1.47e-08	7.56e-06	3.16e-04	4.74e-03	2.67e-02	1.05e-01	1.69e-01	1.51e-01	1.45e-01	3.09e-01	8.21e-02	7.30e-03
 3.29015e+22	2.82e-30	9.10e-24	1.45e-18	6.03e-16	1.23e-13	8.93e-12	3.51e-10	1.62e-08	8.45e-06	3.52e-04	5.21e-03	2.87e-02	1.11e-01	1.75e-01	1.52e-01	1.43e-01	3.00e-01	7.78e-02	6.76e-03
 3.29984e+22	4.21e-30	1.33e-23	2.09e-18	8.32e-16	1.63e-13	1.12e-11	4.20e-10	1.86e-08	9.83e-06	4.07e-04	5.93e-03	3.19e-02	1.21e-01	1.83e-01	1.54e-01	1.40e-01	2.86e-01	7.18e-02	6.04e-03
 3.30967e+22	5.66e-30	1.77e-23	2.74e-18	1.06e-15	2.00e-13	1.34e-11	4.81e-10	2.06e-08	1.10e-05	4.54e-04	6.52e-03	3.44e-02	1.28e-01	1.89e-01	1.55e-01	1.38e-01	2.76e-01	6.75e-02	5.55e-03
 3.31971e+22	8.45e-30	2.60e-23	3.95e-18	1.46e-15	2.64e-13	1.68e-11	5.77e-10	2.36e-08	1.28e-05	5.24e-04	7.39e-03	3.80e-02	1.37e-01	1.97e-01	1.57e-01	1.34e-01	2.62e-01	6.20e-02	4.93e-03
 3.32966e+22	1.15e-29	3.48e-23	5.21e-18	1.86e-15	3.25e-13	2.00e-11	6.61e-10	2.62e-08	1.43e-05	5.84e-04	8.11e-03	4.09e-02	1.45e-01	2.03e-01	1.57e-01	1.31e-01	2.51e-01	5.80e-02	4.50e-03
 3.33951e+22	1.71e-29	5.10e-23	7.51e-18	2.56e-15	4.28e-13	2.51e-11	7.89e-10	2.99e-08	1.65e-05	6.71e-04	9.15e-03	4.50e-02	1.55e-01	2.11e-01	1.58e-01	1.27e-01	2.37e-01	5.29e-02	3.97e-03
 3.34950e+22	2.35e-29	6.90e-23	1.00e-17	3.30e-15	5.31e-13	3.00e-11	9.07e-10	3.31e-08	1.85e-05	7.47e-04	1.00e-02	4.84e-02	1.63e-01	2.17e-01	1.58e-01	1.24e-01	2.26e-01	4.91e-02	3.59e-03
 3.35969e+22	3.55e-29	1.03e-22	1.46e-17	4.60e-15	7.05e-13	3.79e-11	1.09e-09	3.79e-08	2.13e-05	8.58e-04	1.13e-02	5.31e-02	1.74e-01	2.24e-01	1.58e-01	1.20e-01	2.12e-01	4.44e-02	3.14e-03
 3.36998e+22	4.92e-29	1.40e-22	1.97e-17	5.96e-15	8.80e-13	4.55e-11	1.25e-09	4.21e-08	2.38e-05	9.54e-04	1.24e-02	5.69e-02	1.83e-01	2.29e-01	1.57e-01	1.16e-01	2.01e-01	4.10e-02	2.81e-03
 3.38041e+22	7.54e-29	2.11e-22	2.90e-17	8.36e-15	1.18e-12	5.77e-11	1.51e-09	4.83e-08	2.75e-05	1.09e-03	1.39e-02	6.22e-02	1.95e-01	2.36e-01	1.56e-01	1.11e-01	1.87e-01	3.67e-02	2.43e-03
 3.39090e+22	1.05e-28	2.88e-22	3.91e-17	1.08e-14	1.47e-12	6.93e-11	1.74e-09	5.36e-08	3.06e-05	1.21e-03	1.52e-02	6.65e-02	2.04e-01	2.40e-01	1.54e-01	1.07e-01	1.76e-01	3.37e-02	2.17e-03
 3.39996e+22	1.44e-28	3.92e-22	5.23e-17	1.40e-14	1.82e-12	8.28e-11	2.00e-09	5.94e-08	3.39e-05	1.34e-03	1.65e-02	7.08e-02	2.12e-01	2.44e-01	1.53e-01	1.03e-01	1.66e-01	3.09e-02	1.94e-03
 3.41022e+22	2.18e-28	5.80e-22	7.61e-17	1.94e-14	2.40e-12	1.04e-10	2.39e-09	6.79e-08	3.86e-05	1.51e-03	1.83e-02	7.66e-02	2.23e-01	2.49e-01	1.50e-01	9.81e-02	1.54e-01	2.76e-02	1.67e-03
 3.42057e+22	3.00e-28	7.88e-22	1.02e-16	2.49e-14	2.99e-12	1.25e-10	2.75e-09	7.53e-08	4.27e-05	1.66e-03	1.99e-02	8.12e-02	2.32e-01	2.52e-01	1.48e-01	9.42e-02	1.44e-01	2.52e-02	1.48e-03
 3.43102e+22	4.56e-28	1.18e-21	1.49e-16	3.47e-14	3.96e-12	1.57e-10	3.29e-09	8.61e-08	4.84e-05	1.88e-03	2.20e-02	8.75e-02	2.43e-01	2.55e-01	1.45e-01	8.91e-02	1.33e-01	2.23e-02	1.27e-03
 3.44148e+22	6.20e-28	1.58e-21	1.96e-16	4.42e-14	4.87e-12	1.87e-10	3.77e-09	9.54e-08	5.32e-05	2.05e-03	2.36e-02	9.22e-02	2.51e-01	2.57e-01	1.43e-01	8.55e-02	1.25e-01	2.04e-02	1.13e-03
 3.45198e+22	9.36e-28	2.33e-21	2.85e-16	6.11e-14	6.43e-12	2.35e-10	4.52e-09	1.09e-07	6.01e-05	2.30e-03	2.59e-02	9.87e-02	2.61e-01	2.59e-01	1.39e-01	8.06e-02	1.14e-01	1.80e-02	9.60e-04
 3.46267e+22	1.28e-27	3.14e-21	3.77e-16	7.80e-14	7.93e-12	2.80e-10	5.19e-09	1.21e-07	6.59e-05	2.50e-03	2.78e-02	1.04e-01	2.68e-01	2.61e-01	1.36e-01	7.70e-02	1.07e-01	1.64e-02	8.50e-04
 3.47361e+22	1.91e-27	4.61e-21	5.43e-16	1.07e-13	1.04e-11	3.52e-10	6.23e-09	1.39e-07	7.42e-05	2.79e-03	3.03e-02	1.10e-01	2.78e-01	2.61e-01	1.32e-01	7.23e-02	9.77e-02	1.44e-02	7.23e-04
 3.48492e+22	2.67e-27	6.32e-21	7.31e-16	1.39e-13	1.30e-11	4.25e-10	7.23e-09	1.56e-07	8.17e-05	3.04e-03	3.26e-02	1.16e-01	2.85e-01	2.62e-01	1.28e-01	6.86e-02	9.07e-02	1.30e-02	6.32e-04
 3.49669e+22	4.06e-27	9.43e-21	1.07e-15	1.93e-13	1.73e-11	5.39e-10	8.74e-09	1.80e-07	9.22e-05	3.40e-03	3.55e-02	1.23e-01	2.94e-01	2.61e-01	1.24e-01	6.41e-02	8.22e-02	1.13e-02	5.31e-04
 3.50860e+22	5.63e-27	1.29e-20	1.43e-15	2.50e-13	2.16e-11	6.49e-10	1.01e-08	2.02e-07	1.01e-04	3.69e-03	3.80e-02	1.29e-01	3.01e-01	2.60e-01	1.20e-01	6.07e-02	7.61e-02	1.02e-02	4.63e-04
 3.52073e+22	8.56e-27	1.91e-20	2.08e-15	3.46e-13	2.86e-11	8.24e-10	1.23e-08	2.34e-07	1.14e-04	4.11e-03	4.12e-02	1.36e-01	3.09e-01	2.59e-01	1.16e-01	5.64e-02	6.88e-02	8.87e-03	3.88e-04
 3.53294e+22	1.17e-26	2.58e-20	2.75e-15	4.43e-13	3.55e-11	9.88e-10	1.42e-08	2.63e-07	1.25e-04	4.45e-03	4.39e-02	1.42e-01	3.15e-01	2.57e-01	1.12e-01	5.34e-02	6.36e-02	7.96e-03	3.38e-04
 3.54525e+22	1.76e-26	3.78e-20	3.95e-15	6.08e-13	4.67e-11	1.25e-09	1.72e-08	3.04e-07	1.40e-04	4.92e-03	4.74e-02	1.49e-01	3.22e-01	2.55e-01	1.07e-01	4.96e-02	5.75e-02	6.92e-03	2.83e-04
 3.55787e+22	2.43e-26	5.13e-20	5.24e-15	7.80e-13	5.81e-11	1.50e-09	2.00e-08	3.42e-07	1.54e-04	5.32e-03	5.03e-02	1.55e-01	3.27e-01	2.52e-01	1.03e-01	4.67e-02	5.29e-02	6.19e-03	2.46e-04
 3.56884e+22	3.26e-26	6.77e-20	6.81e-15	9.82e-13	7.09e-11	1.78e-09	2.29e-08	3.81e-07	1.67e-04	5.72e-03	5.31e-02	1.61e-01	3.32e-01	2.50e-01	9.99e-02	4.41e-02	4.90e-02	5.57e-03	2.15e-04
 3.58102e+22	4.79e-26	9.73e-20	9.56e-15	1.32e-12	9.20e-11	2.22e-09	2.75e-08	4.39e-07	1.86e-04	6.28e-03	5.69e-02	1.68e-01	3.37e-01	2.46e-01	9.54e-02	4.09e-02	4.43e-02	4.85e-03	1.81e-04
 3.59324e+22	6.34e-26	1.27e-19	1.22e-14	1.64e-12	1.11e-10	2.62e-09	3.14e-08	4.88e-07	2.02e-04	6.72e-03	5.98e-02	1.73e-01	3.40e-01	2.43e-01	9.21e-02	3.87e-02	4.10e-02	4.38e-03	1.59e-04
 3.60549e+22	9.17e-26	1.79e-19	1.69e-14	2.19e-12	1.43e-10	3.24e-09	3.74e-08	5.61e-07	2.24e-04	7.34e-03	6.38e-02	1.80e-01	3.45e-01	2.39e-01	8.78e-02	3.59e-02	3.71e-02	3.82e-03	1.34e-04
 3.61804e+22	1.22e-25	2.35e-19	2.18e-14	2.74e-12	1.74e-10	3.84e-09	4.30e-08	6.26e-07	2.44e-04	7.86e-03	6.71e-02	1.86e-01	3.48e-01	2.35e-01	8.44e-02	3.38e-02	3.42e-02	3.43e-03	1.17e-04
 3.62915e+22	1.62e-25	3.07e-19	2.79e-14	3.40e-12	2.11e-10	4.52e-09	4.92e-08	6.97e-07	2.65e-04	8.40e-03	7.04e-02	1.91e-01	3.50e-01	2.31e-01	8.12e-02	3.19e-02	3.16e-02	3.08e-03	1.02e-04
 3.64179e+22	2.34e-25	4.33e-19	3.85e-14	4.52e-12	2.70e-10	5.60e-09	5.87e-08	8.02e-07	2.94e-04	9.15e-03	7.48e-02	1.98e-01	3.53e-01	2.26e-01	7.70e-02	2.94e-02	2.85e-02	2.68e-03	8.58e-05
 3.65435e+22	3.04e-25	5.52e-19	4.82e-14	5.52e-12	3.22e-10	6.52e-09	6.67e-08	8.87e-07	3.17e-04	9.73e-03	7.81e-02	2.03e-01	3.55e-01	2.23e-01	7.41e-02	2.78e-02	2.64e-02	2.42e-03	7.57e-05
 3.66682e+22	4.31e-25	7.66e-19	6.55e-14	7.23e-12	4.09e-10	8.01e-09	7.90e-08	1.02e-06	3.51e-04	1.06e-02	8.27e-02	2.10e-01	3.57e-01	2.17e-01	7.03e-02	2.57e-02	2.38e-02	2.11e-03	6.37e-05
 3.67954e+22	5.61e-25	9.80e-19	8.23e-14	8.86e-12	4.89e-10	9.36e-09	8.99e-08	1.13e-06	3.80e-04	1.12e-02	8.63e-02	2.15e-01	3.58e-01	2.13e-01	6.74e-02	2.42e-02	2.20e-02	1.90e-03	5.59e-05
 3.69257e+22	7.98e-25	1.36e-18	1.12e-13	1.16e-11	6.21e-10	1.15e-08	1.07e-07	1.29e-06	4.21e-04	1.22e-02	9.12e-02	2.22e-01	3.59e-01	2.08e-01	6.37e-02	2.23e-02	1.98e-02	1.65e-03	4.68e-05
 3.70584e+22	1.04e-24	1.75e-18	1.41e-13	1.43e-11	7.46e-10	1.35e-08	1.22e-07	1.44e-06	4.56e-04	1.29e-02	9.51e-02	2.27e-01	3.60e-01	2.03e-01	6.10e-02	2.10e-02	1.82e-02	1.48e-03	4.09e-05
 3.71944e+22	1.49e-24	2.44e-18	1.91e-13	1.87e-11	9.50e-10	1.66e-08	1.45e-07	1.65e-06	5.06e-04	1.40e-02	1.00e-01	2.34e-01	3.60e-01	1.97e-01	5.74e-02	1.93e-02	1.63e-02	1.27e-03	3.41e-05
 3.73328e+22	1.95e-24	3.14e-18	2.42e-13	2.31e-11	1.14e-09	1.95e-08	1.66e-07	1.84e-06	5.48e-04	1.49e-02	1.05e-01	2.39e-01	3.60e-01	1.92e-01	5.48e-02	1.80e-02	1.50e-02	1.14e-03	2.96e-05
 3.74744e+22	2.79e-24	4.38e-18	3.29e-13	3.03e-11	1.46e-09	2.41e-08	1.98e-07	2.13e-06	6.10e-04	1.62e-02	1.10e-01	2.45e-01	3.59e-01	1.86e-01	5.14e-02	1.65e-02	1.33e-02	9.79e-04	2.46e-05
 3.76129e+22	3.56e-24	5.49e-18	4.04e-13	3.65e-11	1.72e-09	2.79e-08	2.23e-07	2.35e-06	6.56e-04	1.71e-02	1.15e-01	2.50e-01	3.58e-01	1.82e-01	4.92e-02	1.55e-02	1.23e-02	8.83e-04	2.16e-05
 3.77471e+22	4.98e-24	7.51e-18	5.40e-13	4.72e-11	2.16e-09	3.40e-08	2.64e-07	2.68e-06	7.25e-04	1.84e-02	1.20e-01	2.56e-01	3.57e-01	1.76e-01	4.62e-02	1.43e-02	1.10e-02	7.63e-04	1.81e-05
 3.78834e+22	6.35e-24	9.41e-18	6.64e-13	5.69e-11	2.55e-09	3.93e-08	2.98e-07	2.96e-06	7.81e-04	1.95e-02	1.25e-01	2.60e-01	3.56e-01	1.71e-01	4.41e-02	1.34e-02	1.02e-02	6.87e-04	1.59e-05
 3.80222e+22	8.83e-24	1.28e-17	8.79e-13	7.31e-11	3.19e-09	4.78e-08	3.51e-07	3.38e-06	8.61e-04	2.10e-02	1.31e-01	2.66e-01	3.54e-01	1.65e-01	4.14e-02	1.23e-02	9.11e-03	5.94e-04	1.33e-05
 3.81652e+22	1.15e-23	1.63e-17	1.10e-12	8.95e-11	3.82e-09	5.60e-08	4.01e-07	3.77e-06	9.33e-04	2.22e-02	1.36e-01	2.70e-01	3.52e-01	1.60e-01	3.92e-02	1.14e-02	8.32e-03	5.28e-04	1.15e-05
 3.83138e+22	1.61e-23	2.22e-17	1.46e-12	1.15e-10	4.79e-09	6.83e-08	4.73e-07	4.32e-06	1.03e-03	2.39e-02	1.42e-01	2.75e-01	3.49e-01	1.54e-01	3.67e-02	1.04e-02	7.42e-03	4.55e-04	9.56e-06
 3.84671e+22	2.13e-23	2.88e-17	1.85e-12	1.43e-10	5.79e-09	8.06e-08	5.45e-07	4.84e-06	1.12e-03	2.55e-02	1.47e-01	2.80e-01	3.46e-01	1.49e-01	3.46e-02	9.67e-03	6.73e-03	4.01e-04	8.18e-06
 3.86266e+22	3.00e-23	3.96e-17	2.48e-12	1.86e-10	7.33e-09	9.91e-08	6.48e-07	5.57e-06	1.25e-03	2.75e-02	1.54e-01	2.85e-01	3.42e-01	1.42e-01	3.21e-02	8.78e-03	5.96e-03	3.42e-04	6.74e-06
 3.87902e+22	4.01e-23	5.17e-17	3.17e-12	2.31e-10	8.91e-09	1.18e-07	7.48e-07	6.27e-06	1.36e-03	2.92e-02	1.60e-01	2.89e-01	3.38e-01	1.37e-01	3.02e-02	8.10e-03	5.38e-03	3.00e-04	5.72e-06
 3.89592e+22	5.73e-23	7.19e-17	4.27e-12	3.03e-10	1.13e-08	1.45e-07	8.94e-07	7.25e-06	1.52e-03	3.16e-02	1.68e-01	2.94e-01	3.34e-01	1.31e-01	2.79e-02	7.31e-03	4.73e-03	2.54e-04	4.67e-06
 3.91334e+22	7.73e-23	9.48e-17	5.50e-12	3.80e-10	1.39e-08	1.74e-07	1.04e-06	8.20e-06	1.66e-03	3.37e-02	1.75e-01	2.98e-01	3.29e-01	1.25e-01	2.61e-02	6.70e-03	4.24e-03	2.20e-04	3.93e-06
 3.93146e+22	1.12e-22	1.33e-16	7.52e-12	5.03e-10	1.79e-08	2.16e-07	1.25e-06	9.54e-06	1.86e-03	3.65e-02	1.83e-01	3.03e-01	3.23e-01	1.19e-01	2.39e-02	6.00e-03	3.69e-03	1.85e-04	3.17e-06
 3.95020e+22	1.54e-22	1.79e-16	9.80e-12	6.39e-10	2.21e-08	2.61e-07	1.47e-06	1.09e-05	2.05e-03	3.90e-02	1.90e-01	3.06e-01	3.18e-01	1.13e-01	2.22e-02	5.45e-03	3.28e-03	1.58e-04	2.63e-06
 3.96718e+22	2.09e-22	2.37e-16	1.27e-11	8.05e-10	2.72e-08	3.13e-07	1.71e-06	1.23e-05	2.25e-03	4.16e-02	1.97e-01	3.10e-01	3.13e-01	1.08e-01	2.07e-02	4.97e-03	2.92e-03	1.37e-04	2.19e-06
 3.98668e+22	3.08e-22	3.38e-16	1.75e-11	1.08e-09	3.54e-08	3.93e-07	2.07e-06	1.44e-05	2.52e-03	4.51e-02	2.06e-01	3.13e-01	3.05e-01	1.02e-01	1.88e-02	4.41e-03	2.52e-03	1.13e-04	1.74e-06
 4.00656e+22	4.24e-22	4.53e-16	2.28e-11	1.37e-09	4.39e-08	4.75e-07	2.43e-06	1.64e-05	2.78e-03	4.81e-02	2.14e-01	3.16e-01	2.99e-01	9.67e-02	1.73e-02	3.98e-03	2.22e-03	9.63e-05	1.44e-06
 4.02693e+22	6.32e-22	6.53e-16	3.18e-11	1.85e-09	5.73e-08	6.01e-07	2.96e-06	1.93e-05	3.13e-03	5.22e-02	2.23e-01	3.19e-01	2.91e-01	9.04e-02	1.57e-02	3.51e-03	1.90e-03	7.89e-05	1.13e-06
 4.04757e+22	8.74e-22	8.79e-16	4.16e-11	2.36e-09	7.13e-08	7.27e-07	3.48e-06	2.20e-05	3.45e-03	5.57e-02	2.31e-01	3.21e-01	2.84e-01	8.55e-02	1.44e-02	3.16e-03	1.67e-03	6.68e-05	9.21e-07
 4.06857e+22	1.32e-21	1.28e-15	5.84e-11	3.20e-09	9.38e-08	9.25e-07	4.26e-06	2.60e-05	3.89e-03	6.04e-02	2.41e-01	3.23e-01	2.75e-01	7.94e-02	1.29e-02	2.76e-03	1.41e-03	5.40e-05	7.12e-07
 4.08979e+22	1.82e-21	1.72e-15	7.64e-11	4.08e-09	1.17e-07	1.12e-06	5.00e-06	2.96e-05	4.28e-03	6.44e-02	2.49e-01	3.24e-01	2.68e-01	7.48e-02	1.18e-02	2.47e-03	1.23e-03	4.56e-05	5.79e-07
 4.11130e+22	2.77e-21	2.53e-15	1.08e-10	5.58e-09	1.55e-07	1.43e-06	6.16e-06	3.52e-05	4.85e-03	6.98e-02	2.60e-01	3.25e-01	2.58e-01	6.90e-02	1.05e-02	2.14e-03	1.03e-03	3.64e-05	4.41e-07
 4.13292e+22	3.82e-21	3.39e-15	1.41e-10	7.08e-09	1.92e-07	1.73e-06	7.22e-06	4.01e-05	5.33e-03	7.43e-02	2.68e-01	3.26e-01	2.50e-01	6.48e-02	9.58e-03	1.91e-03	8.99e-04	3.06e-05	3.58e-07
 4.15101e+22	5.11e-21	4.42e-15	1.79e-10	8.79e-09	2.33e-07	2.06e-06	8.34e-06	4.51e-05	5.80e-03	7.85e-02	2.75e-01	3.25e-01	2.43e-01	6.11e-02	8.80e-03	1.72e-03	7.92e-04	2.61e-05	2.95e-07
 4.17083e+22	7.52e-21	6.28e-15	2.45e-10	1.17e-08	3.01e-07	2.58e-06	1.01e-05	5.28e-05	6.50e-03	8.44e-02	2.84e-01	3.25e-01	2.34e-01	5.63e-02	7.83e-03	1.50e-03	6.66e-04	2.09e-05	2.26e-07
 4.19038e+22	9.93e-21	8.09e-15	3.08e-10	1.44e-08	3.63e-07	3.04e-06	1.16e-05	5.92e-05	7.05e-03	8.89e-02	2.91e-01	3.24e-01	2.27e-01	5.31e-02	7.19e-03	1.35e-03	5.88e-04	1.79e-05	1.87e-07
 4.20956e+22	1.43e-20	1.13e-14	4.15e-10	1.88e-08	4.64e-07	3.78e-06	1.40e-05	6.89e-05	7.85e-03	9.51e-02	3.00e-01	3.23e-01	2.17e-01	4.89e-02	6.40e-03	1.18e-03	4.95e-04	1.44e-05	1.45e-07
 4.22907e+22	1.91e-20	1.47e-14	5.25e-10	2.33e-08	5.62e-07	4.48e-06	1.61e-05	7.76e-05	8.54e-03	1.00e-01	3.07e-01	3.21e-01	2.10e-01	4.58e-02	5.84e-03	1.05e-03	4.33e-04	1.22e-05	0.00e+00
 4.24901e+22	2.78e-20	2.06e-14	7.12e-10	3.07e-08	7.24e-07	5.62e-06	1.95e-05	9.09e-05	9.55e-03	1.07e-01	3.15e-01	3.19e-01	2.00e-01	4.19e-02	5.15e-03	9.07e-04	3.60e-04	9.67e-06	0.00e+00
 4.26918e+22	3.72e-20	2.69e-14	9.01e-10	3.80e-08	8.80e-07	6.68e-06	2.26e-05	1.03e-04	1.04e-02	1.13e-01	3.22e-01	3.17e-01	1.93e-01	3.90e-02	4.66e-03	8.07e-04	3.12e-04	8.08e-06	0.00e+00
 4.28965e+22	5.43e-20	3.78e-14	1.22e-09	5.01e-08	1.14e-06	8.40e-06	2.74e-05	1.21e-04	1.17e-02	1.21e-01	3.31e-01	3.13e-01	1.83e-01	3.54e-02	4.08e-03	6.89e-04	2.58e-04	6.35e-06	0.00e+00
 4.31051e+22	7.33e-20	4.96e-14	1.55e-09	6.25e-08	1.39e-06	1.01e-05	3.20e-05	1.37e-04	1.28e-02	1.28e-01	3.37e-01	3.10e-01	1.75e-01	3.27e-02	3.66e-03	6.06e-04	2.20e-04	5.22e-06	0.00e+00
 4.33185e+22	1.08e-19	7.03e-14	2.12e-09	8.29e-08	1.81e-06	1.28e-05	3.92e-05	1.63e-04	1.43e-02	1.37e-01	3.45e-01	3.05e-01	1.65e-01	2.93e-02	3.16e-03	5.11e-04	1.79e-04	4.02e-06	0.00e+00
 4.35358e+22	1.46e-19	9.25e-14	2.70e-09	1.04e-07	2.23e-06	1.54e-05	4.60e-05	1.86e-04	1.57e-02	1.45e-01	3.52e-01	3.01e-01	1.57e-01	2.69e-02	2.80e-03	4.45e-04	1.51e-04	3.26e-06	0.00e+00
 4.37579e+22	2.16e-19	1.31e-13	3.67e-09	1.38e-07	2.92e-06	1.97e-05	5.67e-05	2.22e-04	1.78e-02	1.55e-01	3.59e-01	2.95e-01	1.46e-01	2.39e-02	2.39e-03	3.70e-04	1.20e-04	2.46e-06	0.00e+00
 4.39830e+22	2.93e-19	1.72e-13	4.65e-09	1.72e-07	3.60e-06	2.38e-05	6.68e-05	2.55e-04	1.96e-02	1.64e-01	3.65e-01	2.89e-01	1.38e-01	2.17e-02	2.10e-03	3.19e-04	1.00e-04	1.96e-06	0.00e+00
 4.41733e+22	3.85e-19	2.20e-13	5.76e-09	2.10e-07	4.35e-06	2.84e-05	7.76e-05	2.90e-04	2.14e-02	1.72e-01	3.69e-01	2.84e-01	1.31e-01	1.98e-02	1.86e-03	2.77e-04	8.48e-05	1.59e-06	0.00e+00
 4.43820e+22	5.45e-19	2.99e-13	7.52e-09	2.71e-07	5.56e-06	3.55e-05	9.43e-05	3.43e-04	2.39e-02	1.83e-01	3.75e-01	2.77e-01	1.22e-01	1.75e-02	1.58e-03	2.31e-04	6.77e-05	1.21e-06	0.00e+00
 4.45916e+22	7.09e-19	3.78e-13	9.21e-09	3.29e-07	6.70e-06	4.23e-05	1.09e-04	3.91e-04	2.61e-02	1.92e-01	3.79e-01	2.71e-01	1.15e-01	1.59e-02	1.39e-03	2.00e-04	5.68e-05	9.70e-07	0.00e+00
 4.47964e+22	9.75e-19	5.01e-13	1.17e-08	4.15e-07	8.41e-06	5.23e-05	1.32e-04	4.59e-04	2.91e-02	2.04e-01	3.83e-01	2.63e-01	1.06e-01	1.40e-02	1.18e-03	1.66e-04	4.55e-05	7.37e-07	0.00e+00
 4.50052e+22	1.27e-18	6.31e-13	1.43e-08	5.04e-07	1.02e-05	6.24e-05	1.53e-04	5.26e-04	3.19e-02	2.14e-01	3.85e-01	2.56e-01	9.92e-02	1.26e-02	1.03e-03	1.42e-04	3.76e-05	5.83e-07	0.00e+00
 4.52102e+22	1.70e-18	8.14e-13	1.77e-08	6.25e-07	1.26e-05	7.64e-05	1.83e-04	6.15e-04	3.54e-02	2.25e-01	3.88e-01	2.47e-01	9.15e-02	1.11e-02	8.74e-04	1.18e-04	3.01e-05	4.43e-07	0.00e+00
 4.54194e+22	2.20e-18	1.02e-12	2.15e-08	7.56e-07	1.53e-05	9.16e-05	2.14e-04	7.08e-04	3.89e-02	2.36e-01	3.89e-01	2.39e-01	8.48e-02	9.90e-03	7.52e-04	9.98e-05	2.45e-05	3.45e-07	0.00e+00
 4.56243e+22	2.86e-18	1.28e-12	2.60e-08	9.20e-07	1.86e-05	1.11e-04	2.53e-04	8.23e-04	4.29e-02	2.48e-01	3.90e-01	2.30e-01	7.80e-02	8.71e-03	6.38e-04	8.30e-05	1.96e-05	2.63e-07	0.00e+00
 4.58285e+22	3.65e-18	1.58e-12	3.09e-08	1.10e-06	2.23e-05	1.32e-04	2.94e-04	9.44e-04	4.70e-02	2.59e-01	3.90e-01	2.22e-01	7.20e-02	7.72e-03	5.47e-04	6.99e-05	1.60e-05	2.04e-07	0.00e+00
 4.60350e+22	4.70e-18	1.96e-12	3.70e-08	1.33e-06	2.71e-05	1.59e-04	3.46e-04	1.10e-03	5.18e-02	2.72e-01	3.89e-01	2.12e-01	6.58e-02	6.75e-03	4.61e-04	5.78e-05	1.27e-05	1.55e-07	0.00e+00
 4.62447e+22	5.94e-18	2.40e-12	4.36e-08	1.59e-06	3.25e-05	1.89e-04	4.03e-04	1.26e-03	5.67e-02	2.84e-01	3.88e-01	2.03e-01	6.02e-02	5.93e-03	3.91e-04	4.81e-05	1.02e-05	1.18e-07	0.00e+00
 4.64492e+22	7.47e-18	2.91e-12	5.11e-08	1.88e-06	3.88e-05	2.24e-04	4.68e-04	1.45e-03	6.21e-02	2.96e-01	3.85e-01	1.94e-01	5.50e-02	5.19e-03	3.31e-04	3.99e-05	8.17e-06	0.00e+00	0.00e+00
 4.66539e+22	9.32e-18	3.50e-12	5.95e-08	2.22e-06	4.62e-05	2.66e-04	5.43e-04	1.67e-03	6.78e-02	3.07e-01	3.82e-01	1.85e-01	5.01e-02	4.54e-03	2.80e-04	3.31e-05	6.54e-06	0.00e+00	0.00e+00
 4.68597e+22	1.16e-17	4.21e-12	6.89e-08	2.62e-06	5.49e-05	3.14e-04	6.27e-04	1.91e-03	7.40e-02	3.19e-01	3.78e-01	1.76e-01	4.55e-02	3.95e-03	2.36e-04	2.73e-05	5.21e-06	0.00e+00	0.00e+00
 4.70668e+22	1.44e-17	5.03e-12	7.95e-08	3.07e-06	6.50e-05	3.70e-04	7.23e-04	2.19e-03	8.06e-02	3.31e-01	3.73e-01	1.67e-01	4.12e-02	3.44e-03	1.98e-04	2.26e-05	4.15e-06	0.00e+00	0.00e+00
 4.72758e+22	1.78e-17	6.01e-12	9.15e-08	3.61e-06	7.68e-05	4.35e-04	8.32e-04	2.51e-03	8.77e-02	3.42e-01	3.68e-01	1.58e-01	3.72e-02	2.98e-03	1.66e-04	1.85e-05	3.29e-06	0.00e+00	0.00e+00
 4.74862e+22	2.19e-17	7.14e-12	1.05e-07	4.22e-06	9.05e-05	5.09e-04	9.55e-04	2.87e-03	9.52e-02	3.53e-01	3.62e-01	1.49e-01	3.35e-02	2.58e-03	1.39e-04	1.52e-05	2.61e-06	0.00e+00	0.00e+00
 4.76998e+22	2.71e-17	8.51e-12	1.21e-07	4.94e-06	1.07e-04	5.98e-04	1.10e-03	3.28e-03	1.03e-01	3.64e-01	3.55e-01	1.40e-01	3.01e-02	2.23e-03	1.16e-04	1.24e-05	2.06e-06	0.00e+00	0.00e+00
 4.79153e+22	3.33e-17	1.01e-11	1.38e-07	5.76e-06	1.25e-04	6.98e-04	1.25e-03	3.73e-03	1.12e-01	3.74e-01	3.47e-01	1.32e-01	2.70e-02	1.92e-03	9.69e-05	1.02e-05	1.62e-06	0.00e+00	0.00e+00
 4.81349e+22	4.13e-17	1.21e-11	1.59e-07	6.76e-06	1.48e-04	8.17e-04	1.43e-03	4.26e-03	1.21e-01	3.85e-01	3.39e-01	1.23e-01	2.41e-02	1.64e-03	8.02e-05	8.23e-06	1.27e-06	0.00e+00	0.00e+00
 4.83579e+22	5.11e-17	1.44e-11	1.82e-07	7.90e-06	1.73e-04	9.52e-04	1.63e-03	4.84e-03	1.30e-01	3.94e-01	3.30e-01	1.15e-01	2.15e-02	1.41e-03	6.65e-05	6.69e-06	9.95e-07	0.00e+00	0.00e+00
 4.85623e+22	6.12e-17	1.67e-11	2.05e-07	9.01e-06	1.98e-04	1.08e-03	1.81e-03	5.37e-03	1.39e-01	4.01e-01	3.23e-01	1.08e-01	1.95e-02	1.24e-03	5.68e-05	5.61e-06	8.11e-07	0.00e+00	0.00e+00
 4.87759e+22	7.68e-17	2.01e-11	2.38e-07	1.06e-05	2.34e-04	1.27e-03	2.06e-03	6.14e-03	1.50e-01	4.10e-01	3.12e-01	1.00e-01	1.71e-02	1.05e-03	4.64e-05	4.48e-06	6.23e-07	0.00e+00	0.00e+00
 4.89926e+22	9.28e-17	2.36e-11	2.69e-07	1.22e-05	2.67e-04	1.43e-03	2.29e-03	6.80e-03	1.59e-01	4.16e-01	3.04e-01	9.41e-02	1.55e-02	9.15e-04	3.95e-05	3.74e-06	5.06e-07	0.00e+00	0.00e+00
 4.92153e+22	1.18e-16	2.88e-11	3.16e-07	1.45e-05	3.17e-04	1.68e-03	2.60e-03	7.75e-03	1.71e-01	4.23e-01	2.93e-01	8.65e-02	1.36e-02	7.68e-04	3.20e-05	2.96e-06	3.86e-07	0.00e+00	0.00e+00
 4.94393e+22	1.44e-16	3.39e-11	3.60e-07	1.66e-05	3.62e-04	1.90e-03	2.87e-03	8.57e-03	1.81e-01	4.28e-01	2.84e-01	8.09e-02	1.22e-02	6.70e-04	2.72e-05	2.47e-06	3.12e-07	0.00e+00	0.00e+00
 4.96652e+22	1.85e-16	4.17e-11	4.25e-07	1.99e-05	4.29e-04	2.22e-03	3.26e-03	9.73e-03	1.94e-01	4.33e-01	2.72e-01	7.41e-02	1.06e-02	5.60e-04	2.19e-05	1.94e-06	2.37e-07	0.00e+00	0.00e+00
 4.98916e+22	2.26e-16	4.94e-11	4.87e-07	2.28e-05	4.88e-04	2.50e-03	3.57e-03	1.07e-02	2.04e-01	4.37e-01	2.63e-01	6.92e-02	9.56e-03	4.89e-04	1.87e-05	1.62e-06	1.92e-07	0.00e+00	0.00e+00
 5.01186e+22	2.93e-16	6.14e-11	5.81e-07	2.73e-05	5.77e-04	2.91e-03	4.03e-03	1.21e-02	2.17e-01	4.40e-01	2.51e-01	6.32e-02	8.32e-03	4.09e-04	1.51e-05	1.28e-06	1.46e-07	0.00e+00	0.00e+00
 5.03478e+22	3.61e-16	7.33e-11	6.71e-07	3.15e-05	6.58e-04	3.27e-03	4.41e-03	1.32e-02	2.28e-01	4.42e-01	2.42e-01	5.88e-02	7.46e-03	3.56e-04	1.28e-05	1.07e-06	0.00e+00	0.00e+00	0.00e+00
 5.05800e+22	4.74e-16	9.23e-11	8.09e-07	3.80e-05	7.78e-04	3.79e-03	4.94e-03	1.48e-02	2.42e-01	4.44e-01	2.30e-01	5.35e-02	6.46e-03	2.97e-04	1.03e-05	8.38e-07	0.00e+00	0.00e+00	0.00e+00
 5.08151e+22	5.92e-16	1.11e-10	9.44e-07	4.41e-05	8.88e-04	4.26e-03	5.40e-03	1.62e-02	2.52e-01	4.44e-01	2.21e-01	4.96e-02	5.77e-03	2.58e-04	8.69e-06	6.95e-07	0.00e+00	0.00e+00	0.00e+00
 5.10539e+22	7.90e-16	1.42e-10	1.16e-06	5.35e-05	1.05e-03	4.94e-03	6.04e-03	1.82e-02	2.67e-01	4.44e-01	2.09e-01	4.48e-02	4.97e-03	2.14e-04	6.96e-06	5.43e-07	0.00e+00	0.00e+00	0.00e+00
 5.12969e+22	1.00e-15	1.74e-10	1.37e-06	6.25e-05	1.21e-03	5.55e-03	6.60e-03	1.98e-02	2.78e-01	4.42e-01	2.00e-01	4.14e-02	4.42e-03	1.85e-04	5.85e-06	4.48e-07	0.00e+00	0.00e+00	0.00e+00
 5.15451e+22	1.36e-15	2.27e-10	1.70e-06	7.66e-05	1.44e-03	6.45e-03	7.37e-03	2.21e-02	2.93e-01	4.40e-01	1.88e-01	3.72e-02	3.78e-03	1.52e-04	4.65e-06	3.47e-07	0.00e+00	0.00e+00	0.00e+00
 5.17988e+22	1.75e-15	2.82e-10	2.04e-06	9.04e-05	1.65e-03	7.26e-03	8.04e-03	2.41e-02	3.05e-01	4.37e-01	1.79e-01	3.41e-02	3.34e-03	1.30e-04	3.88e-06	2.84e-07	0.00e+00	0.00e+00	0.00e+00
 5.20593e+22	2.44e-15	3.74e-10	2.58e-06	1.12e-04	1.98e-03	8.45e-03	8.98e-03	2.69e-02	3.20e-01	4.32e-01	1.68e-01	3.05e-02	2.83e-03	1.07e-04	3.05e-06	2.18e-07	0.00e+00	0.00e+00	0.00e+00
 5.23259e+22	3.21e-15	4.73e-10	3.14e-06	1.34e-04	2.30e-03	9.54e-03	9.80e-03	2.92e-02	3.32e-01	4.28e-01	1.59e-01	2.78e-02	2.48e-03	9.07e-05	2.53e-06	1.77e-07	0.00e+00	0.00e+00	0.00e+00
 5.25507e+22	4.09e-15	5.83e-10	3.74e-06	1.56e-04	2.61e-03	1.06e-02	1.06e-02	3.15e-02	3.42e-01	4.23e-01	1.51e-01	2.56e-02	2.21e-03	7.86e-05	2.13e-06	1.47e-07	0.00e+00	0.00e+00	0.00e+00
 5.27935e+22	5.61e-15	7.66e-10	4.71e-06	1.91e-04	3.09e-03	1.22e-02	1.16e-02	3.45e-02	3.55e-01	4.17e-01	1.41e-01	2.29e-02	1.89e-03	6.51e-05	1.71e-06	1.15e-07	0.00e+00	0.00e+00	0.00e+00
 5.30301e+22	7.07e-15	9.36e-10	5.57e-06	2.22e-04	3.48e-03	1.34e-02	1.25e-02	3.68e-02	3.65e-01	4.11e-01	1.35e-01	2.12e-02	1.69e-03	5.69e-05	1.46e-06	0.00e+00	0.00e+00	0.00e+00	0.00e+00
 5.32586e+22	9.55e-15	1.21e-09	6.94e-06	2.68e-04	4.06e-03	1.52e-02	1.36e-02	4.01e-02	3.77e-01	4.04e-01	1.26e-01	1.90e-02	1.46e-03	4.76e-05	1.18e-06	0.00e+00	0.00e+00	0.00e+00	0.00e+00
 5.34892e+22	1.21e-14	1.49e-09	8.26e-06	3.12e-04	4.58e-03	1.67e-02	1.45e-02	4.26e-02	3.85e-01	3.98e-01	1.20e-01	1.76e-02	1.30e-03	4.16e-05	1.01e-06	0.00e+00	0.00e+00	0.00e+00	0.00e+00
