#depth	Cl	Cl+	Cl+2	Cl+3	Cl+4	Cl+5	Cl+6	Cl+7	Cl+8	Cl+9	Cl+10	Cl+11	Cl+12	Cl+13	Cl+14	Cl+15	Cl+16	Cl+17
 1.54284e+22	0.00e+00	2.87e-22	7.98e-19	6.43e-16	1.16e-13	1.23e-11	1.12e-09	8.16e-07	4.98e-05	1.06e-03	8.38e-03	3.89e-02	8.85e-02	1.07e-01	1.45e-01	4.29e-01	1.62e-01	2.02e-02
 3.42551e+22	0.00e+00	1.66e-18	1.82e-15	4.92e-13	2.87e-11	9.38e-10	2.97e-08	2.58e-05	1.39e-03	2.13e-02	9.47e-02	2.22e-01	2.56e-01	1.46e-01	9.16e-02	1.42e-01	2.43e-02	1.39e-03
 3.87387e+22	4.97e-32	1.38e-17	1.21e-14	2.50e-12	1.12e-10	2.79e-09	6.87e-08	5.15e-05	2.58e-03	3.63e-02	1.40e-01	2.72e-01	2.62e-01	1.24e-01	6.55e-02	8.54e-02	1.18e-02	5.43e-04
 4.03667e+22	1.42e-31	3.59e-17	2.85e-14	5.24e-12	2.10e-10	4.61e-09	1.02e-07	7.00e-05	3.36e-03	4.52e-02	1.63e-01	2.89e-01	2.58e-01	1.12e-01	5.47e-02	6.60e-02	8.22e-03	3.42e-04
 4.10451e+22	1.83e-31	4.50e-17	3.50e-14	6.24e-12	2.44e-10	5.20e-09	1.12e-07	7.53e-05	3.58e-03	4.75e-02	1.68e-01	2.93e-01	2.56e-01	1.09e-01	5.23e-02	6.19e-02	7.52e-03	3.06e-04
 4.13571e+22	2.53e-31	6.05e-17	4.56e-14	7.85e-12	2.96e-10	6.09e-09	1.27e-07	8.27e-05	3.87e-03	5.07e-02	1.76e-01	2.98e-01	2.54e-01	1.05e-01	4.92e-02	5.68e-02	6.69e-03	2.64e-04
 4.16884e+22	3.35e-31	7.81e-17	5.74e-14	9.57e-12	3.50e-10	6.98e-09	1.41e-07	8.97e-05	4.15e-03	5.36e-02	1.82e-01	3.01e-01	2.51e-01	1.02e-01	4.66e-02	5.27e-02	6.03e-03	2.31e-04
 4.20448e+22	4.75e-31	1.07e-16	7.61e-14	1.22e-11	4.31e-10	8.28e-09	1.61e-07	9.93e-05	4.51e-03	5.73e-02	1.91e-01	3.05e-01	2.48e-01	9.74e-02	4.35e-02	4.79e-02	5.30e-03	1.96e-04
 4.24107e+22	2.43e-31	1.39e-16	9.66e-14	1.50e-11	5.14e-10	9.56e-09	1.81e-07	1.08e-04	4.83e-03	6.06e-02	1.98e-01	3.09e-01	2.44e-01	9.37e-02	4.11e-02	4.42e-02	4.74e-03	1.71e-04
 4.27381e+22	3.21e-31	1.79e-16	1.21e-13	1.83e-11	6.08e-10	1.10e-08	2.01e-07	1.17e-04	5.17e-03	6.39e-02	2.04e-01	3.11e-01	2.41e-01	9.03e-02	3.88e-02	4.08e-02	4.26e-03	1.49e-04
 4.31127e+22	4.60e-31	2.48e-16	1.62e-13	2.36e-11	7.55e-10	1.31e-08	2.32e-07	1.30e-04	5.62e-03	6.82e-02	2.13e-01	3.14e-01	2.36e-01	8.59e-02	3.60e-02	3.68e-02	3.70e-03	1.25e-04
 4.34937e+22	6.04e-31	3.17e-16	2.03e-13	2.86e-11	8.91e-10	1.50e-08	2.58e-07	1.41e-04	6.00e-03	7.18e-02	2.20e-01	3.16e-01	2.32e-01	8.26e-02	3.39e-02	3.40e-02	3.33e-03	1.09e-04
 4.38271e+22	7.88e-31	4.03e-16	2.52e-13	3.45e-11	1.05e-09	1.71e-08	2.87e-07	1.53e-04	6.39e-03	7.53e-02	2.27e-01	3.17e-01	2.28e-01	7.94e-02	3.20e-02	3.14e-02	2.99e-03	9.55e-05
 4.42046e+22	1.11e-30	5.49e-16	3.33e-13	4.40e-11	1.29e-09	2.03e-08	3.29e-07	1.69e-04	6.92e-03	8.01e-02	2.35e-01	3.19e-01	2.23e-01	7.53e-02	2.96e-02	2.83e-02	2.60e-03	8.01e-05
 4.45827e+22	1.42e-30	6.86e-16	4.07e-13	5.26e-11	1.50e-09	2.31e-08	3.64e-07	1.82e-04	7.35e-03	8.37e-02	2.41e-01	3.20e-01	2.19e-01	7.23e-02	2.80e-02	2.62e-02	2.35e-03	7.06e-05
 4.49615e+22	1.99e-30	9.32e-16	5.37e-13	6.69e-11	1.85e-09	2.73e-08	4.17e-07	2.01e-04	7.95e-03	8.88e-02	2.50e-01	3.20e-01	2.13e-01	6.84e-02	2.58e-02	2.36e-02	2.04e-03	5.91e-05
 4.53468e+22	2.55e-30	1.17e-15	6.58e-13	7.99e-11	2.15e-09	3.11e-08	4.63e-07	2.18e-04	8.44e-03	9.27e-02	2.56e-01	3.20e-01	2.09e-01	6.56e-02	2.43e-02	2.18e-02	1.83e-03	5.18e-05
 4.57405e+22	3.56e-30	1.57e-15	8.64e-13	1.01e-10	2.64e-09	3.68e-08	5.30e-07	2.40e-04	9.12e-03	9.81e-02	2.64e-01	3.20e-01	2.03e-01	6.19e-02	2.24e-02	1.96e-02	1.59e-03	4.34e-05
 4.61474e+22	4.63e-30	1.99e-15	1.07e-12	1.23e-10	3.11e-09	4.22e-08	5.92e-07	2.61e-04	9.71e-03	1.03e-01	2.71e-01	3.20e-01	1.98e-01	5.90e-02	2.10e-02	1.79e-02	1.42e-03	3.76e-05
 4.65716e+22	6.58e-30	2.74e-15	1.43e-12	1.57e-10	3.86e-09	5.05e-08	6.83e-07	2.90e-04	1.05e-02	1.09e-01	2.79e-01	3.18e-01	1.91e-01	5.53e-02	1.92e-02	1.60e-02	1.21e-03	3.11e-05
 4.70058e+22	8.63e-30	3.49e-15	1.78e-12	1.91e-10	4.57e-09	5.81e-08	7.65e-07	3.16e-04	1.12e-02	1.14e-01	2.86e-01	3.17e-01	1.86e-01	5.25e-02	1.79e-02	1.46e-02	1.08e-03	2.68e-05
 4.74533e+22	1.23e-29	4.80e-15	2.38e-12	2.47e-10	5.70e-09	6.98e-08	8.86e-07	3.52e-04	1.22e-02	1.20e-01	2.94e-01	3.15e-01	1.79e-01	4.90e-02	1.63e-02	1.29e-02	9.16e-04	2.19e-05
 4.79172e+22	1.64e-29	6.20e-15	3.00e-12	3.03e-10	6.81e-09	8.11e-08	1.00e-06	3.85e-04	1.30e-02	1.26e-01	3.01e-01	3.13e-01	1.73e-01	4.62e-02	1.51e-02	1.17e-02	8.04e-04	1.87e-05
 4.84024e+22	2.40e-29	8.70e-15	4.08e-12	3.97e-10	8.59e-09	9.84e-08	1.17e-06	4.32e-04	1.42e-02	1.34e-01	3.09e-01	3.09e-01	1.66e-01	4.28e-02	1.36e-02	1.02e-02	6.76e-04	1.51e-05
 4.88991e+22	3.23e-29	1.13e-14	5.19e-12	4.91e-10	1.03e-08	1.15e-07	1.33e-06	4.74e-04	1.52e-02	1.40e-01	3.15e-01	3.06e-01	1.60e-01	4.02e-02	1.25e-02	9.18e-03	5.89e-04	1.27e-05
 4.94108e+22	4.79e-29	1.61e-14	7.15e-12	6.50e-10	1.32e-08	1.41e-07	1.56e-06	5.35e-04	1.66e-02	1.49e-01	3.24e-01	3.02e-01	1.52e-01	3.69e-02	1.12e-02	7.95e-03	4.88e-04	1.01e-05
 4.99265e+22	6.41e-29	2.09e-14	9.07e-12	8.02e-10	1.58e-08	1.64e-07	1.77e-06	5.86e-04	1.78e-02	1.55e-01	3.30e-01	2.98e-01	1.46e-01	3.46e-02	1.03e-02	7.14e-03	4.24e-04	8.50e-06
 5.04475e+22	9.44e-29	2.95e-14	1.24e-11	1.06e-09	2.01e-08	2.00e-07	2.07e-06	6.60e-04	1.93e-02	1.64e-01	3.37e-01	2.93e-01	1.39e-01	3.17e-02	9.19e-03	6.17e-03	3.52e-04	6.75e-06
 5.09794e+22	1.29e-28	3.89e-14	1.60e-11	1.32e-09	2.43e-08	2.35e-07	2.36e-06	7.26e-04	2.07e-02	1.71e-01	3.43e-01	2.88e-01	1.33e-01	2.95e-02	8.37e-03	5.48e-03	3.02e-04	5.60e-06
 5.15256e+22	1.91e-28	5.52e-14	2.20e-11	1.75e-09	3.10e-08	2.88e-07	2.79e-06	8.19e-04	2.26e-02	1.81e-01	3.50e-01	2.82e-01	1.25e-01	2.68e-02	7.43e-03	4.71e-03	2.48e-04	4.40e-06
 5.20831e+22	2.63e-28	7.38e-14	2.87e-11	2.21e-09	3.80e-08	3.41e-07	3.19e-06	9.04e-04	2.42e-02	1.89e-01	3.55e-01	2.76e-01	1.19e-01	2.48e-02	6.71e-03	4.14e-03	2.10e-04	3.60e-06
 5.25798e+22	3.61e-28	9.81e-14	3.71e-11	2.77e-09	4.62e-08	4.02e-07	3.65e-06	9.96e-04	2.60e-02	1.97e-01	3.60e-01	2.70e-01	1.13e-01	2.29e-02	6.07e-03	3.64e-03	1.78e-04	2.94e-06
 5.31499e+22	5.44e-28	1.42e-13	5.19e-11	3.72e-09	5.97e-08	4.98e-07	4.34e-06	1.13e-03	2.83e-02	2.08e-01	3.66e-01	2.62e-01	1.06e-01	2.05e-02	5.31e-03	3.08e-03	1.44e-04	2.26e-06
 5.36905e+22	7.11e-28	1.81e-13	6.47e-11	4.51e-09	7.07e-08	5.74e-07	4.86e-06	1.23e-03	3.00e-02	2.15e-01	3.69e-01	2.57e-01	1.01e-01	1.91e-02	4.86e-03	2.75e-03	1.24e-04	1.90e-06
 5.41927e+22	1.02e-27	2.52e-13	8.74e-11	5.87e-09	8.88e-08	6.94e-07	5.68e-06	1.37e-03	3.24e-02	2.26e-01	3.73e-01	2.49e-01	9.44e-02	1.73e-02	4.30e-03	2.35e-03	1.02e-04	1.49e-06
 5.46965e+22	1.34e-27	3.21e-13	1.09e-10	7.13e-09	1.05e-07	8.01e-07	6.37e-06	1.49e-03	3.43e-02	2.33e-01	3.76e-01	2.43e-01	8.98e-02	1.60e-02	3.92e-03	2.10e-03	8.77e-05	1.24e-06
 5.52023e+22	1.90e-27	4.43e-13	1.46e-10	9.21e-09	1.31e-07	9.65e-07	7.41e-06	1.66e-03	3.70e-02	2.43e-01	3.79e-01	2.35e-01	8.39e-02	1.45e-02	3.46e-03	1.79e-03	7.18e-05	9.74e-07
 5.57195e+22	2.52e-27	5.77e-13	1.86e-10	1.14e-08	1.58e-07	1.13e-06	8.40e-06	1.81e-03	3.93e-02	2.52e-01	3.82e-01	2.28e-01	7.92e-02	1.33e-02	3.12e-03	1.57e-03	6.08e-05	7.96e-07
 5.62517e+22	3.63e-27	8.12e-13	2.53e-10	1.49e-08	2.00e-07	1.37e-06	9.88e-06	2.03e-03	4.24e-02	2.63e-01	3.84e-01	2.19e-01	7.34e-02	1.19e-02	2.72e-03	1.32e-03	4.88e-05	6.09e-07
 5.67865e+22	4.78e-27	1.05e-12	3.20e-10	1.83e-08	2.40e-07	1.60e-06	1.12e-05	2.22e-03	4.50e-02	2.72e-01	3.85e-01	2.12e-01	6.91e-02	1.09e-02	2.45e-03	1.16e-03	4.12e-05	4.96e-07
 5.73248e+22	6.81e-27	1.48e-12	4.35e-10	2.40e-08	3.04e-07	1.95e-06	1.32e-05	2.49e-03	4.86e-02	2.83e-01	3.87e-01	2.03e-01	6.36e-02	9.66e-03	2.12e-03	9.68e-04	3.28e-05	3.77e-07
 5.78734e+22	9.08e-27	1.94e-12	5.57e-10	2.98e-08	3.68e-07	2.30e-06	1.50e-05	2.73e-03	5.17e-02	2.93e-01	3.87e-01	1.95e-01	5.94e-02	8.76e-03	1.89e-03	8.37e-04	2.73e-05	3.01e-07
 5.84353e+22	1.30e-26	2.75e-12	7.65e-10	3.94e-08	4.71e-07	2.83e-06	1.79e-05	3.08e-03	5.59e-02	3.05e-01	3.87e-01	1.85e-01	5.42e-02	7.68e-03	1.62e-03	6.89e-04	2.13e-05	2.24e-07
 5.90069e+22	1.73e-26	3.63e-12	9.83e-10	4.92e-08	5.73e-07	3.35e-06	2.05e-05	3.39e-03	5.95e-02	3.15e-01	3.86e-01	1.77e-01	5.02e-02	6.90e-03	1.43e-03	5.89e-04	1.75e-05	1.76e-07
 5.95911e+22	2.47e-26	5.18e-12	1.36e-09	6.56e-08	7.40e-07	4.17e-06	2.46e-05	3.85e-03	6.46e-02	3.28e-01	3.84e-01	1.67e-01	4.54e-02	5.98e-03	1.21e-03	4.77e-04	1.34e-05	1.28e-07
 6.01838e+22	3.27e-26	6.84e-12	1.75e-09	8.22e-08	9.06e-07	4.96e-06	2.85e-05	4.25e-03	6.88e-02	3.38e-01	3.82e-01	1.59e-01	4.17e-02	5.32e-03	1.06e-03	4.03e-04	1.08e-05	0.00e+00
 6.07700e+22	4.54e-26	9.60e-12	2.39e-09	1.08e-07	1.16e-06	6.14e-06	3.41e-05	4.82e-03	7.45e-02	3.51e-01	3.78e-01	1.48e-01	3.75e-02	4.59e-03	8.96e-04	3.26e-04	8.29e-06	0.00e+00
 6.13298e+22	5.74e-26	1.22e-11	2.98e-09	1.32e-07	1.39e-06	7.17e-06	3.88e-05	5.27e-03	7.88e-02	3.60e-01	3.75e-01	1.41e-01	3.46e-02	4.12e-03	7.92e-04	2.79e-04	6.81e-06	0.00e+00
 6.18730e+22	7.68e-26	1.66e-11	3.95e-09	1.71e-07	1.76e-06	8.79e-06	4.62e-05	5.93e-03	8.49e-02	3.72e-01	3.70e-01	1.32e-01	3.11e-02	3.55e-03	6.70e-04	2.26e-04	5.23e-06	0.00e+00
 6.24265e+22	9.65e-26	2.12e-11	4.94e-09	2.09e-07	2.12e-06	1.03e-05	5.30e-05	6.52e-03	9.00e-02	3.81e-01	3.65e-01	1.25e-01	2.84e-02	3.15e-03	5.85e-04	1.90e-04	4.23e-06	0.00e+00
 6.29671e+22	1.24e-25	2.80e-11	6.41e-09	2.65e-07	2.64e-06	1.25e-05	6.26e-05	7.31e-03	9.64e-02	3.92e-01	3.59e-01	1.16e-01	2.55e-02	2.72e-03	4.96e-04	1.55e-04	3.27e-06	0.00e+00
 6.35190e+22	1.54e-25	3.56e-11	8.01e-09	3.25e-07	3.19e-06	1.48e-05	7.25e-05	8.07e-03	1.02e-01	4.02e-01	3.53e-01	1.09e-01	2.31e-02	2.38e-03	4.29e-04	1.29e-04	2.60e-06	0.00e+00
 6.40571e+22	1.90e-25	4.58e-11	1.01e-08	4.05e-07	3.92e-06	1.78e-05	8.50e-05	9.00e-03	1.09e-01	4.12e-01	3.46e-01	1.01e-01	2.07e-02	2.06e-03	3.65e-04	1.05e-04	2.02e-06	0.00e+00
 6.46057e+22	2.30e-25	5.77e-11	1.26e-08	4.98e-07	4.76e-06	2.12e-05	9.89e-05	9.97e-03	1.16e-01	4.21e-01	3.38e-01	9.39e-02	1.86e-02	1.79e-03	3.12e-04	8.64e-05	1.58e-06	0.00e+00
 6.51499e+22	2.78e-25	7.26e-11	1.57e-08	6.13e-07	5.80e-06	2.53e-05	1.16e-04	1.11e-02	1.24e-01	4.30e-01	3.30e-01	8.70e-02	1.66e-02	1.54e-03	2.65e-04	7.04e-05	1.23e-06	0.00e+00
 6.56967e+22	3.30e-25	9.01e-11	1.94e-08	7.48e-07	7.02e-06	3.00e-05	1.35e-04	1.23e-02	1.31e-01	4.38e-01	3.21e-01	8.05e-02	1.48e-02	1.33e-03	2.25e-04	5.75e-05	9.55e-07	0.00e+00
 6.62376e+22	3.88e-25	1.11e-10	2.37e-08	9.09e-07	8.46e-06	3.55e-05	1.57e-04	1.36e-02	1.39e-01	4.46e-01	3.12e-01	7.43e-02	1.32e-02	1.15e-03	1.91e-04	4.69e-05	7.43e-07	0.00e+00
 6.67774e+22	4.53e-25	1.35e-10	2.89e-08	1.10e-06	1.02e-05	4.20e-05	1.82e-04	1.50e-02	1.47e-01	4.53e-01	3.03e-01	6.85e-02	1.18e-02	9.89e-04	1.62e-04	3.83e-05	5.77e-07	0.00e+00
 6.73185e+22	5.24e-25	1.63e-10	3.49e-08	1.32e-06	1.22e-05	4.95e-05	2.12e-04	1.66e-02	1.56e-01	4.60e-01	2.93e-01	6.30e-02	1.05e-02	8.50e-04	1.38e-04	3.11e-05	4.48e-07	0.00e+00
 6.78621e+22	6.02e-25	1.96e-10	4.20e-08	1.59e-06	1.46e-05	5.83e-05	2.46e-04	1.84e-02	1.65e-01	4.65e-01	2.83e-01	5.79e-02	9.31e-03	7.30e-04	1.16e-04	2.53e-05	3.47e-07	0.00e+00
 6.84093e+22	6.89e-25	2.33e-10	5.03e-08	1.90e-06	1.74e-05	6.86e-05	2.86e-04	2.03e-02	1.74e-01	4.71e-01	2.73e-01	5.30e-02	8.25e-03	6.25e-04	9.83e-05	2.05e-05	2.68e-07	0.00e+00
 6.89618e+22	7.86e-25	2.76e-10	6.01e-08	2.27e-06	2.08e-05	8.06e-05	3.32e-04	2.24e-02	1.84e-01	4.75e-01	2.62e-01	4.84e-02	7.29e-03	5.35e-04	8.28e-05	1.66e-05	2.06e-07	0.00e+00
 6.95213e+22	8.97e-25	3.25e-10	7.16e-08	2.71e-06	2.47e-05	9.47e-05	3.86e-04	2.47e-02	1.94e-01	4.78e-01	2.52e-01	4.42e-02	6.43e-03	4.56e-04	6.96e-05	1.34e-05	1.59e-07	0.00e+00
 7.00835e+22	1.02e-24	3.80e-10	8.49e-08	3.22e-06	2.94e-05	1.11e-04	4.47e-04	2.72e-02	2.04e-01	4.81e-01	2.41e-01	4.02e-02	5.67e-03	3.89e-04	5.85e-05	1.08e-05	1.22e-07	0.00e+00
 7.06550e+22	1.17e-24	4.44e-10	1.01e-07	3.83e-06	3.49e-05	1.30e-04	5.20e-04	3.01e-02	2.14e-01	4.83e-01	2.30e-01	3.65e-02	4.98e-03	3.30e-04	4.88e-05	8.67e-06	0.00e+00	0.00e+00
 7.12336e+22	1.76e-24	5.15e-10	1.19e-07	4.53e-06	4.13e-05	1.52e-04	6.02e-04	3.31e-02	2.25e-01	4.84e-01	2.20e-01	3.31e-02	4.37e-03	2.81e-04	4.09e-05	6.98e-06	0.00e+00	0.00e+00
 7.18238e+22	2.04e-24	5.96e-10	1.41e-07	5.38e-06	4.92e-05	1.79e-04	7.01e-04	3.65e-02	2.36e-01	4.84e-01	2.08e-01	2.98e-02	3.81e-03	2.36e-04	3.39e-05	5.54e-06	0.00e+00	0.00e+00
 7.23719e+22	2.32e-24	6.73e-10	1.62e-07	6.18e-06	5.64e-05	2.03e-04	7.91e-04	3.95e-02	2.46e-01	4.83e-01	2.00e-01	2.74e-02	3.42e-03	2.06e-04	2.92e-05	4.62e-06	0.00e+00	0.00e+00
 7.29361e+22	2.72e-24	7.79e-10	1.92e-07	7.37e-06	6.73e-05	2.39e-04	9.24e-04	4.37e-02	2.58e-01	4.81e-01	1.88e-01	2.45e-02	2.96e-03	1.72e-04	2.40e-05	3.63e-06	0.00e+00	0.00e+00
 7.35114e+22	3.14e-24	8.77e-10	2.21e-07	8.48e-06	7.74e-05	2.71e-04	1.04e-03	4.72e-02	2.67e-01	4.79e-01	1.80e-01	2.24e-02	2.64e-03	1.49e-04	2.05e-05	3.01e-06	0.00e+00	0.00e+00
 7.41010e+22	3.75e-24	1.01e-09	2.62e-07	1.01e-05	9.25e-05	3.20e-04	1.22e-03	5.22e-02	2.80e-01	4.75e-01	1.69e-01	1.99e-02	2.27e-03	1.24e-04	1.67e-05	2.34e-06	0.00e+00	0.00e+00
 7.46922e+22	4.40e-24	1.14e-09	3.02e-07	1.16e-05	1.06e-04	3.62e-04	1.38e-03	5.62e-02	2.89e-01	4.72e-01	1.60e-01	1.82e-02	2.02e-03	1.08e-04	1.43e-05	1.94e-06	0.00e+00	0.00e+00
 7.52853e+22	5.34e-24	1.31e-09	3.59e-07	1.38e-05	1.26e-04	4.25e-04	1.60e-03	6.19e-02	3.02e-01	4.66e-01	1.50e-01	1.61e-02	1.74e-03	8.92e-05	1.17e-05	1.52e-06	0.00e+00	0.00e+00
 7.58826e+22	6.31e-24	1.47e-09	4.12e-07	1.58e-05	1.44e-04	4.79e-04	1.80e-03	6.66e-02	3.11e-01	4.61e-01	1.42e-01	1.47e-02	1.55e-03	7.73e-05	9.99e-06	1.25e-06	0.00e+00	0.00e+00
 7.64852e+22	7.79e-24	1.70e-09	4.91e-07	1.88e-05	1.70e-04	5.60e-04	2.09e-03	7.30e-02	3.24e-01	4.54e-01	1.32e-01	1.30e-02	1.33e-03	6.41e-05	8.13e-06	9.78e-07	0.00e+00	0.00e+00
 7.70932e+22	9.29e-24	1.91e-09	5.65e-07	2.16e-05	1.95e-04	6.31e-04	2.34e-03	7.83e-02	3.33e-01	4.47e-01	1.25e-01	1.18e-02	1.18e-03	5.54e-05	6.93e-06	8.07e-07	0.00e+00	0.00e+00
 7.77082e+22	1.16e-23	2.21e-09	6.74e-07	2.57e-05	2.30e-04	7.35e-04	2.71e-03	8.57e-02	3.45e-01	4.38e-01	1.16e-01	1.04e-02	1.01e-03	4.58e-05	5.63e-06	6.27e-07	0.00e+00	0.00e+00
 7.83310e+22	1.40e-23	2.49e-09	7.78e-07	2.95e-05	2.63e-04	8.27e-04	3.03e-03	9.18e-02	3.54e-01	4.31e-01	1.09e-01	9.42e-03	8.94e-04	3.94e-05	4.78e-06	5.16e-07	0.00e+00	0.00e+00
 7.89640e+22	1.79e-23	2.89e-09	9.35e-07	3.51e-05	3.11e-04	9.63e-04	3.50e-03	1.00e-01	3.65e-01	4.20e-01	1.01e-01	8.25e-03	7.61e-04	3.24e-05	3.86e-06	3.99e-07	0.00e+00	0.00e+00
 7.96080e+22	2.19e-23	3.29e-09	1.09e-06	4.05e-05	3.56e-04	1.08e-03	3.92e-03	1.07e-01	3.73e-01	4.12e-01	9.43e-02	7.44e-03	6.71e-04	2.78e-05	3.26e-06	3.26e-07	0.00e+00	0.00e+00
 8.02662e+22	2.84e-23	3.86e-09	1.32e-06	4.86e-05	4.22e-04	1.26e-03	4.52e-03	1.17e-01	3.84e-01	4.00e-01	8.63e-02	6.47e-03	5.68e-04	2.27e-05	2.62e-06	2.50e-07	0.00e+00	0.00e+00
 8.09388e+22	3.54e-23	4.43e-09	1.54e-06	5.63e-05	4.84e-04	1.42e-03	5.06e-03	1.25e-01	3.92e-01	3.90e-01	8.04e-02	5.80e-03	4.97e-04	1.93e-05	2.19e-06	2.02e-07	0.00e+00	0.00e+00
 8.16299e+22	4.69e-23	5.26e-09	1.89e-06	6.80e-05	5.77e-04	1.66e-03	5.85e-03	1.36e-01	4.02e-01	3.76e-01	7.31e-02	5.01e-03	4.17e-04	1.56e-05	1.74e-06	1.53e-07	0.00e+00	0.00e+00
 8.23369e+22	5.96e-23	6.12e-09	2.24e-06	7.94e-05	6.64e-04	1.87e-03	6.54e-03	1.45e-01	4.09e-01	3.65e-01	6.77e-02	4.45e-03	3.63e-04	1.32e-05	1.45e-06	1.23e-07	0.00e+00	0.00e+00
 8.29324e+22	7.36e-23	6.98e-09	2.59e-06	9.10e-05	7.50e-04	2.08e-03	7.21e-03	1.53e-01	4.14e-01	3.55e-01	6.31e-02	4.01e-03	3.21e-04	1.14e-05	1.23e-06	0.00e+00	0.00e+00	0.00e+00
 8.35745e+22	9.67e-23	8.26e-09	3.14e-06	1.08e-04	8.78e-04	2.39e-03	8.18e-03	1.64e-01	4.21e-01	3.42e-01	5.75e-02	3.50e-03	2.73e-04	9.35e-06	9.94e-07	0.00e+00	0.00e+00	0.00e+00
 8.42011e+22	1.19e-22	9.41e-09	3.61e-06	1.23e-04	9.84e-04	2.63e-03	8.93e-03	1.73e-01	4.25e-01	3.32e-01	5.37e-02	3.17e-03	2.43e-04	8.12e-06	8.53e-07	0.00e+00	0.00e+00	0.00e+00
 8.48075e+22	1.53e-22	1.10e-08	4.32e-06	1.45e-04	1.14e-03	2.98e-03	1.00e-02	1.84e-01	4.30e-01	3.19e-01	4.90e-02	2.77e-03	2.08e-04	6.73e-06	6.95e-07	0.00e+00	0.00e+00	0.00e+00
 8.54195e+22	1.91e-22	1.27e-08	5.01e-06	1.65e-04	1.28e-03	3.28e-03	1.09e-02	1.93e-01	4.34e-01	3.10e-01	4.57e-02	2.51e-03	1.85e-04	5.84e-06	5.96e-07	0.00e+00	0.00e+00	0.00e+00
 8.60388e+22	2.50e-22	1.51e-08	6.03e-06	1.95e-04	1.48e-03	3.71e-03	1.22e-02	2.05e-01	4.37e-01	2.97e-01	4.16e-02	2.19e-03	1.57e-04	4.83e-06	4.85e-07	0.00e+00	0.00e+00	0.00e+00
 8.66668e+22	3.14e-22	1.75e-08	7.03e-06	2.24e-04	1.66e-03	4.09e-03	1.33e-02	2.14e-01	4.40e-01	2.87e-01	3.86e-02	1.97e-03	1.39e-04	4.17e-06	4.13e-07	0.00e+00	0.00e+00	0.00e+00
 8.73058e+22	4.17e-22	2.11e-08	8.52e-06	2.66e-04	1.92e-03	4.63e-03	1.48e-02	2.27e-01	4.42e-01	2.73e-01	3.49e-02	1.71e-03	1.18e-04	3.43e-06	3.34e-07	0.00e+00	0.00e+00	0.00e+00
 8.79541e+22	5.29e-22	2.47e-08	9.98e-06	3.05e-04	2.16e-03	5.09e-03	1.61e-02	2.37e-01	4.43e-01	2.63e-01	3.23e-02	1.54e-03	1.04e-04	2.95e-06	2.83e-07	0.00e+00	0.00e+00	0.00e+00
 8.86144e+22	7.14e-22	3.00e-08	1.22e-05	3.64e-04	2.51e-03	5.77e-03	1.79e-02	2.50e-01	4.43e-01	2.50e-01	2.90e-02	1.33e-03	8.78e-05	2.40e-06	2.27e-07	0.00e+00	0.00e+00	0.00e+00
 8.92855e+22	9.19e-22	3.55e-08	1.44e-05	4.20e-04	2.83e-03	6.35e-03	1.94e-02	2.60e-01	4.43e-01	2.40e-01	2.67e-02	1.19e-03	7.70e-05	2.06e-06	1.92e-07	0.00e+00	0.00e+00	0.00e+00
 8.99707e+22	1.26e-21	4.37e-08	1.77e-05	5.04e-04	3.30e-03	7.20e-03	2.17e-02	2.75e-01	4.42e-01	2.26e-01	2.38e-02	1.02e-03	6.44e-05	1.66e-06	1.52e-07	0.00e+00	0.00e+00	0.00e+00
 9.06688e+22	1.64e-21	5.24e-08	2.10e-05	5.85e-04	3.72e-03	7.94e-03	2.35e-02	2.86e-01	4.40e-01	2.16e-01	2.18e-02	9.03e-04	5.61e-05	1.41e-06	1.28e-07	0.00e+00	0.00e+00	0.00e+00
 9.13837e+22	2.29e-21	6.54e-08	2.61e-05	7.07e-04	4.35e-03	9.00e-03	2.61e-02	3.01e-01	4.37e-01	2.02e-01	1.93e-02	7.68e-04	4.65e-05	1.13e-06	0.00e+00	0.00e+00	0.00e+00	0.00e+00
 9.21181e+22	3.04e-21	7.93e-08	3.13e-05	8.27e-04	4.94e-03	9.96e-03	2.84e-02	3.12e-01	4.33e-01	1.92e-01	1.75e-02	6.75e-04	4.01e-05	9.48e-07	0.00e+00	0.00e+00	0.00e+00	0.00e+00
 9.28779e+22	4.36e-21	1.01e-07	3.95e-05	1.01e-03	5.81e-03	1.13e-02	3.15e-02	3.28e-01	4.28e-01	1.79e-01	1.54e-02	5.69e-04	3.29e-05	7.51e-07	0.00e+00	0.00e+00	0.00e+00	0.00e+00
 9.36490e+22	5.85e-21	1.24e-07	4.76e-05	1.18e-03	6.60e-03	1.25e-02	3.42e-02	3.39e-01	4.23e-01	1.69e-01	1.39e-02	4.97e-04	2.82e-05	6.25e-07	0.00e+00	0.00e+00	0.00e+00	0.00e+00
 9.44347e+22	8.53e-21	1.61e-07	6.04e-05	1.45e-03	7.78e-03	1.42e-02	3.79e-02	3.54e-01	4.16e-01	1.56e-01	1.21e-02	4.16e-04	2.29e-05	4.90e-07	0.00e+00	0.00e+00	0.00e+00	0.00e+00
 9.52296e+22	1.16e-20	1.99e-07	7.31e-05	1.71e-03	8.84e-03	1.57e-02	4.09e-02	3.66e-01	4.09e-01	1.47e-01	1.08e-02	3.63e-04	1.95e-05	4.07e-07	0.00e+00	0.00e+00	0.00e+00	0.00e+00
 9.60364e+22	1.71e-20	2.60e-07	9.32e-05	2.10e-03	1.04e-02	1.78e-02	4.52e-02	3.81e-01	3.99e-01	1.35e-01	9.36e-03	3.01e-04	1.58e-05	3.16e-07	0.00e+00	0.00e+00	0.00e+00	0.00e+00
 9.68542e+22	2.34e-20	3.24e-07	1.13e-04	2.48e-03	1.18e-02	1.96e-02	4.86e-02	3.91e-01	3.91e-01	1.26e-01	8.35e-03	2.61e-04	1.33e-05	2.61e-07	0.00e+00	0.00e+00	0.00e+00	0.00e+00
 9.75713e+22	3.18e-20	4.01e-07	1.37e-04	2.91e-03	1.34e-02	2.16e-02	5.22e-02	4.02e-01	3.83e-01	1.18e-01	7.45e-03	2.26e-04	1.13e-05	2.15e-07	0.00e+00	0.00e+00	0.00e+00	0.00e+00
 9.83886e+22	4.72e-20	5.27e-07	1.74e-04	3.57e-03	1.57e-02	2.44e-02	5.72e-02	4.14e-01	3.71e-01	1.07e-01	6.38e-03	1.86e-04	9.06e-06	1.66e-07	0.00e+00	0.00e+00	0.00e+00	0.00e+00
 9.92119e+22	6.46e-20	6.56e-07	2.11e-04	4.18e-03	1.77e-02	2.67e-02	6.11e-02	4.23e-01	3.61e-01	9.96e-02	5.66e-03	1.61e-04	7.64e-06	1.36e-07	0.00e+00	0.00e+00	0.00e+00	0.00e+00
 9.98894e+22	8.50e-20	7.95e-07	2.49e-04	4.80e-03	1.97e-02	2.89e-02	6.47e-02	4.31e-01	3.52e-01	9.32e-02	5.09e-03	1.41e-04	6.57e-06	0.00e+00	0.00e+00	0.00e+00	0.00e+00	0.00e+00
 1.00617e+23	1.20e-19	1.01e-06	3.06e-04	5.71e-03	2.25e-02	3.18e-02	6.94e-02	4.40e-01	3.41e-01	8.56e-02	4.44e-03	1.20e-04	5.42e-06	0.00e+00	0.00e+00	0.00e+00	0.00e+00	0.00e+00
 1.01359e+23	1.61e-19	1.24e-06	3.64e-04	6.60e-03	2.50e-02	3.45e-02	7.35e-02	4.46e-01	3.30e-01	7.95e-02	3.95e-03	1.04e-04	4.60e-06	0.00e+00	0.00e+00	0.00e+00	0.00e+00	0.00e+00
 1.02019e+23	2.13e-19	1.51e-06	4.31e-04	7.59e-03	2.78e-02	3.72e-02	7.75e-02	4.52e-01	3.20e-01	7.39e-02	3.52e-03	9.05e-05	3.92e-06	0.00e+00	0.00e+00	0.00e+00	0.00e+00	0.00e+00
 1.02774e+23	3.03e-19	1.93e-06	5.31e-04	9.01e-03	3.16e-02	4.08e-02	8.26e-02	4.58e-01	3.07e-01	6.73e-02	3.05e-03	7.61e-05	3.21e-06	0.00e+00	0.00e+00	0.00e+00	0.00e+00	0.00e+00
 1.03558e+23	4.15e-19	2.40e-06	6.39e-04	1.05e-02	3.54e-02	4.42e-02	8.74e-02	4.62e-01	2.95e-01	6.16e-02	2.67e-03	6.48e-05	2.67e-06	0.00e+00	0.00e+00	0.00e+00	0.00e+00	0.00e+00
 1.04258e+23	5.54e-19	2.94e-06	7.57e-04	1.21e-02	3.92e-02	4.76e-02	9.17e-02	4.65e-01	2.84e-01	5.68e-02	2.36e-03	5.60e-05	2.25e-06	0.00e+00	0.00e+00	0.00e+00	0.00e+00	0.00e+00
 1.05046e+23	7.97e-19	3.79e-06	9.35e-04	1.43e-02	4.44e-02	5.19e-02	9.71e-02	4.68e-01	2.70e-01	5.12e-02	2.02e-03	4.66e-05	1.82e-06	0.00e+00	0.00e+00	0.00e+00	0.00e+00	0.00e+00
 1.05869e+23	1.11e-18	4.76e-06	1.13e-03	1.67e-02	4.96e-02	5.62e-02	1.02e-01	4.69e-01	2.57e-01	4.63e-02	1.74e-03	3.91e-05	1.49e-06	0.00e+00	0.00e+00	0.00e+00	0.00e+00	0.00e+00
 1.06612e+23	1.50e-18	5.87e-06	1.34e-03	1.92e-02	5.49e-02	6.02e-02	1.07e-01	4.69e-01	2.45e-01	4.22e-02	1.52e-03	3.34e-05	1.24e-06	0.00e+00	0.00e+00	0.00e+00	0.00e+00	0.00e+00
 1.07451e+23	2.20e-18	7.64e-06	1.67e-03	2.29e-02	6.21e-02	6.54e-02	1.12e-01	4.67e-01	2.30e-01	3.74e-02	1.27e-03	2.73e-05	9.81e-07	0.00e+00	0.00e+00	0.00e+00	0.00e+00	0.00e+00
 1.08317e+23	3.07e-18	9.62e-06	2.01e-03	2.66e-02	6.90e-02	7.03e-02	1.17e-01	4.64e-01	2.16e-01	3.34e-02	1.08e-03	2.26e-05	7.91e-07	0.00e+00	0.00e+00	0.00e+00	0.00e+00	0.00e+00
 1.09088e+23	4.19e-18	1.19e-05	2.39e-03	3.05e-02	7.59e-02	7.48e-02	1.21e-01	4.60e-01	2.04e-01	3.01e-02	9.35e-04	1.91e-05	6.49e-07	0.00e+00	0.00e+00	0.00e+00	0.00e+00	0.00e+00
 1.09961e+23	6.16e-18	1.55e-05	2.96e-03	3.61e-02	8.53e-02	8.07e-02	1.26e-01	4.53e-01	1.89e-01	2.63e-02	7.72e-04	1.53e-05	5.04e-07	0.00e+00	0.00e+00	0.00e+00	0.00e+00	0.00e+00
 1.10868e+23	8.70e-18	1.96e-05	3.57e-03	4.19e-02	9.42e-02	8.60e-02	1.31e-01	4.45e-01	1.75e-01	2.31e-02	6.47e-04	1.25e-05	4.00e-07	0.00e+00	0.00e+00	0.00e+00	0.00e+00	0.00e+00
 1.11683e+23	1.20e-17	2.43e-05	4.24e-03	4.79e-02	1.03e-01	9.09e-02	1.34e-01	4.36e-01	1.63e-01	2.05e-02	5.48e-04	1.03e-05	3.22e-07	0.00e+00	0.00e+00	0.00e+00	0.00e+00	0.00e+00
 1.12607e+23	1.26e-17	3.20e-05	5.26e-03	5.66e-02	1.15e-01	9.71e-02	1.38e-01	4.22e-01	1.48e-01	1.74e-02	4.40e-04	8.08e-06	2.42e-07	0.00e+00	0.00e+00	0.00e+00	0.00e+00	0.00e+00
 1.13560e+23	1.78e-17	4.02e-05	6.30e-03	6.49e-02	1.26e-01	1.02e-01	1.41e-01	4.09e-01	1.35e-01	1.51e-02	3.63e-04	6.51e-06	1.89e-07	0.00e+00	0.00e+00	0.00e+00	0.00e+00	0.00e+00
 1.14421e+23	2.46e-17	5.00e-05	7.47e-03	7.39e-02	1.36e-01	1.07e-01	1.43e-01	3.95e-01	1.23e-01	1.31e-02	3.01e-04	5.26e-06	1.48e-07	0.00e+00	0.00e+00	0.00e+00	0.00e+00	0.00e+00
 1.15407e+23	3.74e-17	6.59e-05	9.24e-03	8.67e-02	1.50e-01	1.13e-01	1.45e-01	3.75e-01	1.09e-01	1.09e-02	2.34e-04	3.98e-06	0.00e+00	0.00e+00	0.00e+00	0.00e+00	0.00e+00	0.00e+00
 1.16406e+23	5.25e-17	8.22e-05	1.09e-02	9.83e-02	1.62e-01	1.17e-01	1.46e-01	3.58e-01	9.81e-02	9.22e-03	1.89e-04	3.14e-06	0.00e+00	0.00e+00	0.00e+00	0.00e+00	0.00e+00	0.00e+00
 1.17419e+23	7.94e-17	1.08e-04	1.34e-02	1.14e-01	1.76e-01	1.22e-01	1.46e-01	3.35e-01	8.54e-02	7.51e-03	1.46e-04	2.34e-06	0.00e+00	0.00e+00	0.00e+00	0.00e+00	0.00e+00	0.00e+00
 1.18444e+23	1.11e-16	1.33e-04	1.58e-02	1.28e-01	1.88e-01	1.25e-01	1.45e-01	3.16e-01	7.57e-02	6.30e-03	1.16e-04	1.83e-06	0.00e+00	0.00e+00	0.00e+00	0.00e+00	0.00e+00	0.00e+00
 1.19485e+23	1.69e-16	1.74e-04	1.92e-02	1.47e-01	2.02e-01	1.28e-01	1.43e-01	2.91e-01	6.45e-02	5.01e-03	8.70e-05	1.33e-06	0.00e+00	0.00e+00	0.00e+00	0.00e+00	0.00e+00	0.00e+00
 1.20535e+23	2.35e-16	2.14e-04	2.24e-02	1.63e-01	2.13e-01	1.30e-01	1.41e-01	2.70e-01	5.64e-02	4.14e-03	6.86e-05	1.02e-06	0.00e+00	0.00e+00	0.00e+00	0.00e+00	0.00e+00	0.00e+00
 1.21598e+23	3.58e-16	2.77e-04	2.69e-02	1.85e-01	2.25e-01	1.31e-01	1.36e-01	2.44e-01	4.71e-02	3.22e-03	5.02e-05	7.24e-07	0.00e+00	0.00e+00	0.00e+00	0.00e+00	0.00e+00	0.00e+00
 1.22671e+23	4.96e-16	3.37e-04	3.10e-02	2.03e-01	2.34e-01	1.31e-01	1.32e-01	2.24e-01	4.07e-02	2.63e-03	3.91e-05	5.50e-07	0.00e+00	0.00e+00	0.00e+00	0.00e+00	0.00e+00	0.00e+00
 1.23760e+23	7.54e-16	4.33e-04	3.69e-02	2.27e-01	2.44e-01	1.31e-01	1.26e-01	1.99e-01	3.33e-02	2.01e-03	2.80e-05	3.83e-07	0.00e+00	0.00e+00	0.00e+00	0.00e+00	0.00e+00	0.00e+00
 1.24863e+23	1.05e-15	5.24e-04	4.22e-02	2.46e-01	2.51e-01	1.29e-01	1.21e-01	1.80e-01	2.82e-02	1.61e-03	2.14e-05	2.85e-07	0.00e+00	0.00e+00	0.00e+00	0.00e+00	0.00e+00	0.00e+00
 1.25984e+23	1.60e-15	6.67e-04	4.97e-02	2.71e-01	2.58e-01	1.26e-01	1.13e-01	1.57e-01	2.26e-02	1.20e-03	1.50e-05	1.94e-07	0.00e+00	0.00e+00	0.00e+00	0.00e+00	0.00e+00	0.00e+00
 1.27084e+23	2.18e-15	7.93e-04	5.58e-02	2.90e-01	2.61e-01	1.24e-01	1.08e-01	1.41e-01	1.91e-02	9.59e-04	1.15e-05	1.45e-07	0.00e+00	0.00e+00	0.00e+00	0.00e+00	0.00e+00	0.00e+00
 1.28156e+23	3.25e-15	9.85e-04	6.44e-02	3.13e-01	2.64e-01	1.20e-01	1.00e-01	1.22e-01	1.53e-02	7.14e-04	8.12e-06	0.00e+00	0.00e+00	0.00e+00	0.00e+00	0.00e+00	0.00e+00	0.00e+00
 1.29190e+23	4.29e-15	1.14e-03	7.09e-02	3.29e-01	2.65e-01	1.16e-01	9.45e-02	1.10e-01	1.30e-02	5.79e-04	6.34e-06	0.00e+00	0.00e+00	0.00e+00	0.00e+00	0.00e+00	0.00e+00	0.00e+00
 1.30176e+23	6.21e-15	1.38e-03	8.01e-02	3.50e-01	2.64e-01	1.11e-01	8.74e-02	9.48e-02	1.04e-02	4.37e-04	4.55e-06	0.00e+00	0.00e+00	0.00e+00	0.00e+00	0.00e+00	0.00e+00	0.00e+00
 1.31160e+23	8.24e-15	1.59e-03	8.76e-02	3.65e-01	2.63e-01	1.07e-01	8.20e-02	8.46e-02	8.80e-03	3.52e-04	3.52e-06	0.00e+00	0.00e+00	0.00e+00	0.00e+00	0.00e+00	0.00e+00	0.00e+00
 1.32140e+23	1.17e-14	1.89e-03	9.75e-02	3.83e-01	2.60e-01	1.02e-01	7.54e-02	7.31e-02	7.09e-03	2.67e-04	2.56e-06	0.00e+00	0.00e+00	0.00e+00	0.00e+00	0.00e+00	0.00e+00	0.00e+00
 1.33157e+23	1.63e-14	2.20e-03	1.07e-01	3.98e-01	2.56e-01	9.74e-02	6.98e-02	6.39e-02	5.81e-03	2.07e-04	1.90e-06	0.00e+00	0.00e+00	0.00e+00	0.00e+00	0.00e+00	0.00e+00	0.00e+00
 1.34071e+23	2.16e-14	2.53e-03	1.16e-01	4.11e-01	2.52e-01	9.29e-02	6.47e-02	5.62e-02	4.82e-03	1.64e-04	1.45e-06	0.00e+00	0.00e+00	0.00e+00	0.00e+00	0.00e+00	0.00e+00	0.00e+00
 1.35106e+23	3.30e-14	3.01e-03	1.29e-01	4.26e-01	2.45e-01	8.71e-02	5.84e-02	4.75e-02	3.78e-03	1.21e-04	1.02e-06	0.00e+00	0.00e+00	0.00e+00	0.00e+00	0.00e+00	0.00e+00	0.00e+00
 1.36158e+23	4.70e-14	3.46e-03	1.40e-01	4.38e-01	2.39e-01	8.22e-02	5.36e-02	4.12e-02	3.07e-03	9.35e-05	7.57e-07	0.00e+00	0.00e+00	0.00e+00	0.00e+00	0.00e+00	0.00e+00	0.00e+00
 1.37231e+23	7.04e-14	4.09e-03	1.54e-01	4.50e-01	2.31e-01	7.64e-02	4.80e-02	3.45e-02	2.38e-03	6.83e-05	5.28e-07	0.00e+00	0.00e+00	0.00e+00	0.00e+00	0.00e+00	0.00e+00	0.00e+00
 1.38275e+23	1.06e-13	4.64e-03	1.65e-01	4.59e-01	2.24e-01	7.20e-02	4.40e-02	2.99e-02	1.95e-03	5.32e-05	3.96e-07	0.00e+00	0.00e+00	0.00e+00	0.00e+00	0.00e+00	0.00e+00	0.00e+00
 1.39098e+23	1.44e-13	5.17e-03	1.75e-01	4.65e-01	2.17e-01	6.82e-02	4.07e-02	2.65e-02	1.63e-03	4.29e-05	3.10e-07	0.00e+00	0.00e+00	0.00e+00	0.00e+00	0.00e+00	0.00e+00	0.00e+00
 1.39983e+23	2.15e-13	5.89e-03	1.88e-01	4.72e-01	2.09e-01	6.38e-02	3.69e-02	2.27e-02	1.31e-03	3.29e-05	2.29e-07	0.00e+00	0.00e+00	0.00e+00	0.00e+00	0.00e+00	0.00e+00	0.00e+00
 1.40894e+23	3.23e-13	6.57e-03	1.99e-01	4.77e-01	2.02e-01	6.01e-02	3.39e-02	1.99e-02	1.09e-03	2.61e-05	1.76e-07	0.00e+00	0.00e+00	0.00e+00	0.00e+00	0.00e+00	0.00e+00	0.00e+00
 1.41710e+23	4.68e-13	7.30e-03	2.11e-01	4.81e-01	1.95e-01	5.66e-02	3.11e-02	1.74e-02	9.05e-04	2.09e-05	1.36e-07	0.00e+00	0.00e+00	0.00e+00	0.00e+00	0.00e+00	0.00e+00	0.00e+00
 1.42644e+23	8.47e-13	8.31e-03	2.25e-01	4.84e-01	1.86e-01	5.24e-02	2.79e-02	1.47e-02	7.15e-04	1.57e-05	0.00e+00	0.00e+00	0.00e+00	0.00e+00	0.00e+00	0.00e+00	0.00e+00	0.00e+00
 1.43588e+23	1.56e-12	9.24e-03	2.38e-01	4.86e-01	1.79e-01	4.91e-02	2.55e-02	1.28e-02	5.87e-04	1.24e-05	0.00e+00	0.00e+00	0.00e+00	0.00e+00	0.00e+00	0.00e+00	0.00e+00	0.00e+00
 1.44413e+23	2.67e-12	1.02e-02	2.50e-01	4.87e-01	1.72e-01	4.60e-02	2.33e-02	1.11e-02	4.85e-04	9.82e-06	0.00e+00	0.00e+00	0.00e+00	0.00e+00	0.00e+00	0.00e+00	0.00e+00	0.00e+00
 1.45356e+23	6.75e-12	1.16e-02	2.66e-01	4.87e-01	1.63e-01	4.23e-02	2.07e-02	9.37e-03	3.81e-04	7.36e-06	0.00e+00	0.00e+00	0.00e+00	0.00e+00	0.00e+00	0.00e+00	0.00e+00	0.00e+00
 1.46315e+23	2.01e-11	1.28e-02	2.80e-01	4.86e-01	1.55e-01	3.94e-02	1.88e-02	8.08e-03	3.10e-04	5.76e-06	0.00e+00	0.00e+00	0.00e+00	0.00e+00	0.00e+00	0.00e+00	0.00e+00	0.00e+00
 1.47166e+23	5.46e-11	1.41e-02	2.93e-01	4.84e-01	1.48e-01	3.67e-02	1.71e-02	6.99e-03	2.54e-04	4.54e-06	0.00e+00	0.00e+00	0.00e+00	0.00e+00	0.00e+00	0.00e+00	0.00e+00	0.00e+00
 1.48141e+23	2.81e-10	1.59e-02	3.10e-01	4.80e-01	1.39e-01	3.35e-02	1.51e-02	5.82e-03	1.97e-04	3.36e-06	0.00e+00	0.00e+00	0.00e+00	0.00e+00	0.00e+00	0.00e+00	0.00e+00	0.00e+00
 1.49131e+23	1.78e-09	1.76e-02	3.25e-01	4.76e-01	1.32e-01	3.10e-02	1.36e-02	4.98e-03	1.59e-04	2.61e-06	0.00e+00	0.00e+00	0.00e+00	0.00e+00	0.00e+00	0.00e+00	0.00e+00	0.00e+00
 1.50140e+23	1.29e-08	1.98e-02	3.43e-01	4.70e-01	1.23e-01	2.81e-02	1.19e-02	4.11e-03	1.22e-04	1.91e-06	0.00e+00	0.00e+00	0.00e+00	0.00e+00	0.00e+00	0.00e+00	0.00e+00	0.00e+00
 1.51160e+23	4.56e-08	2.19e-02	3.58e-01	4.64e-01	1.16e-01	2.59e-02	1.07e-02	3.49e-03	9.79e-05	1.47e-06	0.00e+00	0.00e+00	0.00e+00	0.00e+00	0.00e+00	0.00e+00	0.00e+00	0.00e+00
 1.52055e+23	6.05e-08	2.40e-02	3.72e-01	4.58e-01	1.09e-01	2.39e-02	9.57e-03	2.99e-03	7.91e-05	1.14e-06	0.00e+00	0.00e+00	0.00e+00	0.00e+00	0.00e+00	0.00e+00	0.00e+00	0.00e+00
 1.53082e+23	9.64e-08	2.70e-02	3.91e-01	4.48e-01	1.01e-01	2.15e-02	8.32e-03	2.44e-03	6.01e-05	8.30e-07	0.00e+00	0.00e+00	0.00e+00	0.00e+00	0.00e+00	0.00e+00	0.00e+00	0.00e+00
 1.54126e+23	1.29e-07	2.96e-02	4.06e-01	4.40e-01	9.50e-02	1.97e-02	7.41e-03	2.07e-03	4.79e-05	6.37e-07	0.00e+00	0.00e+00	0.00e+00	0.00e+00	0.00e+00	0.00e+00	0.00e+00	0.00e+00
 1.55192e+23	2.58e-07	3.32e-02	4.25e-01	4.28e-01	8.75e-02	1.76e-02	6.40e-03	1.68e-03	3.61e-05	4.59e-07	0.00e+00	0.00e+00	0.00e+00	0.00e+00	0.00e+00	0.00e+00	0.00e+00	0.00e+00
 1.56279e+23	5.65e-07	3.65e-02	4.41e-01	4.18e-01	8.14e-02	1.60e-02	5.64e-03	1.41e-03	2.84e-05	3.47e-07	0.00e+00	0.00e+00	0.00e+00	0.00e+00	0.00e+00	0.00e+00	0.00e+00	0.00e+00
 1.57248e+23	1.11e-06	4.00e-02	4.56e-01	4.07e-01	7.58e-02	1.46e-02	4.98e-03	1.18e-03	2.25e-05	2.64e-07	0.00e+00	0.00e+00	0.00e+00	0.00e+00	0.00e+00	0.00e+00	0.00e+00	0.00e+00
 1.58360e+23	3.06e-06	4.47e-02	4.75e-01	3.93e-01	6.92e-02	1.29e-02	4.25e-03	9.50e-04	1.67e-05	1.88e-07	0.00e+00	0.00e+00	0.00e+00	0.00e+00	0.00e+00	0.00e+00	0.00e+00	0.00e+00
 1.59500e+23	6.06e-06	4.91e-02	4.91e-01	3.80e-01	6.38e-02	1.16e-02	3.71e-03	7.88e-04	1.30e-05	1.40e-07	0.00e+00	0.00e+00	0.00e+00	0.00e+00	0.00e+00	0.00e+00	0.00e+00	0.00e+00
 1.60138e+23	7.14e-06	5.02e-02	4.95e-01	3.77e-01	6.25e-02	1.13e-02	3.58e-03	7.50e-04	1.21e-05	0.00e+00	0.00e+00	0.00e+00	0.00e+00	0.00e+00	0.00e+00	0.00e+00	0.00e+00	0.00e+00
 1.60385e+23	7.50e-06	5.11e-02	4.98e-01	3.74e-01	6.15e-02	1.10e-02	3.48e-03	7.21e-04	1.15e-05	0.00e+00	0.00e+00	0.00e+00	0.00e+00	0.00e+00	0.00e+00	0.00e+00	0.00e+00	0.00e+00
 1.60659e+23	8.17e-06	5.26e-02	5.03e-01	3.70e-01	5.99e-02	1.07e-02	3.33e-03	6.80e-04	1.06e-05	0.00e+00	0.00e+00	0.00e+00	0.00e+00	0.00e+00	0.00e+00	0.00e+00	0.00e+00	0.00e+00
 1.61016e+23	8.75e-06	5.43e-02	5.08e-01	3.66e-01	5.82e-02	1.03e-02	3.18e-03	6.37e-04	9.74e-06	0.00e+00	0.00e+00	0.00e+00	0.00e+00	0.00e+00	0.00e+00	0.00e+00	0.00e+00	0.00e+00
 1.61480e+23	9.92e-06	5.68e-02	5.15e-01	3.59e-01	5.58e-02	9.75e-03	2.96e-03	5.79e-04	8.56e-06	0.00e+00	0.00e+00	0.00e+00	0.00e+00	0.00e+00	0.00e+00	0.00e+00	0.00e+00	0.00e+00
 1.62083e+23	1.14e-05	6.01e-02	5.24e-01	3.50e-01	5.29e-02	9.10e-03	2.71e-03	5.14e-04	7.30e-06	0.00e+00	0.00e+00	0.00e+00	0.00e+00	0.00e+00	0.00e+00	0.00e+00	0.00e+00	0.00e+00
 1.62867e+23	1.37e-05	6.48e-02	5.37e-01	3.38e-01	4.91e-02	8.27e-03	2.39e-03	4.37e-04	5.85e-06	0.00e+00	0.00e+00	0.00e+00	0.00e+00	0.00e+00	0.00e+00	0.00e+00	0.00e+00	0.00e+00
 1.63684e+23	1.56e-05	6.88e-02	5.46e-01	3.29e-01	4.63e-02	7.66e-03	2.17e-03	3.83e-04	4.90e-06	0.00e+00	0.00e+00	0.00e+00	0.00e+00	0.00e+00	0.00e+00	0.00e+00	0.00e+00	0.00e+00
 1.64543e+23	1.83e-05	7.41e-02	5.58e-01	3.16e-01	4.28e-02	6.94e-03	1.91e-03	3.24e-04	3.91e-06	0.00e+00	0.00e+00	0.00e+00	0.00e+00	0.00e+00	0.00e+00	0.00e+00	0.00e+00	0.00e+00
 1.65432e+23	2.11e-05	7.91e-02	5.67e-01	3.05e-01	3.99e-02	6.34e-03	1.70e-03	2.79e-04	3.20e-06	0.00e+00	0.00e+00	0.00e+00	0.00e+00	0.00e+00	0.00e+00	0.00e+00	0.00e+00	0.00e+00
 1.66235e+23	2.39e-05	8.42e-02	5.76e-01	2.95e-01	3.73e-02	5.81e-03	1.52e-03	2.42e-04	2.64e-06	0.00e+00	0.00e+00	0.00e+00	0.00e+00	0.00e+00	0.00e+00	0.00e+00	0.00e+00	0.00e+00
 1.67153e+23	2.79e-05	9.09e-02	5.87e-01	2.81e-01	3.41e-02	5.20e-03	1.32e-03	2.02e-04	2.07e-06	0.00e+00	0.00e+00	0.00e+00	0.00e+00	0.00e+00	0.00e+00	0.00e+00	0.00e+00	0.00e+00
 1.68086e+23	3.14e-05	9.66e-02	5.95e-01	2.70e-01	3.18e-02	4.75e-03	1.17e-03	1.74e-04	1.69e-06	0.00e+00	0.00e+00	0.00e+00	0.00e+00	0.00e+00	0.00e+00	0.00e+00	0.00e+00	0.00e+00
 1.69036e+23	3.61e-05	1.04e-01	6.05e-01	2.57e-01	2.90e-02	4.23e-03	1.01e-03	1.45e-04	1.32e-06	0.00e+00	0.00e+00	0.00e+00	0.00e+00	0.00e+00	0.00e+00	0.00e+00	0.00e+00	0.00e+00
 1.70009e+23	4.06e-05	1.11e-01	6.12e-01	2.46e-01	2.68e-02	3.83e-03	8.93e-04	1.24e-04	1.07e-06	0.00e+00	0.00e+00	0.00e+00	0.00e+00	0.00e+00	0.00e+00	0.00e+00	0.00e+00	0.00e+00
 1.71013e+23	4.67e-05	1.20e-01	6.20e-01	2.31e-01	2.42e-02	3.38e-03	7.61e-04	1.02e-04	8.21e-07	0.00e+00	0.00e+00	0.00e+00	0.00e+00	0.00e+00	0.00e+00	0.00e+00	0.00e+00	0.00e+00
 1.72026e+23	5.22e-05	1.27e-01	6.26e-01	2.20e-01	2.23e-02	3.04e-03	6.67e-04	8.75e-05	6.62e-07	0.00e+00	0.00e+00	0.00e+00	0.00e+00	0.00e+00	0.00e+00	0.00e+00	0.00e+00	0.00e+00
 1.73052e+23	5.93e-05	1.37e-01	6.33e-01	2.07e-01	2.01e-02	2.68e-03	5.68e-04	7.24e-05	5.10e-07	0.00e+00	0.00e+00	0.00e+00	0.00e+00	0.00e+00	0.00e+00	0.00e+00	0.00e+00	0.00e+00
 1.74113e+23	6.64e-05	1.46e-01	6.37e-01	1.96e-01	1.84e-02	2.39e-03	4.91e-04	6.12e-05	4.04e-07	0.00e+00	0.00e+00	0.00e+00	0.00e+00	0.00e+00	0.00e+00	0.00e+00	0.00e+00	0.00e+00
 1.75220e+23	7.55e-05	1.57e-01	6.42e-01	1.82e-01	1.64e-02	2.08e-03	4.12e-04	5.00e-05	3.05e-07	0.00e+00	0.00e+00	0.00e+00	0.00e+00	0.00e+00	0.00e+00	0.00e+00	0.00e+00	0.00e+00
 1.76343e+23	8.42e-05	1.67e-01	6.45e-01	1.71e-01	1.49e-02	1.84e-03	3.54e-04	4.22e-05	2.40e-07	0.00e+00	0.00e+00	0.00e+00	0.00e+00	0.00e+00	0.00e+00	0.00e+00	0.00e+00	0.00e+00
 1.77490e+23	9.59e-05	1.80e-01	6.47e-01	1.57e-01	1.32e-02	1.58e-03	2.92e-04	3.42e-05	1.78e-07	0.00e+00	0.00e+00	0.00e+00	0.00e+00	0.00e+00	0.00e+00	0.00e+00	0.00e+00	0.00e+00
 1.78633e+23	1.06e-04	1.91e-01	6.48e-01	1.48e-01	1.20e-02	1.40e-03	2.52e-04	2.92e-05	1.42e-07	0.00e+00	0.00e+00	0.00e+00	0.00e+00	0.00e+00	0.00e+00	0.00e+00	0.00e+00	0.00e+00
 1.79773e+23	1.19e-04	2.05e-01	6.48e-01	1.35e-01	1.06e-02	1.21e-03	2.08e-04	2.38e-05	0.00e+00	0.00e+00	0.00e+00	0.00e+00	0.00e+00	0.00e+00	0.00e+00	0.00e+00	0.00e+00	0.00e+00
 1.80931e+23	1.31e-04	2.16e-01	6.47e-01	1.26e-01	9.55e-03	1.06e-03	1.78e-04	2.02e-05	0.00e+00	0.00e+00	0.00e+00	0.00e+00	0.00e+00	0.00e+00	0.00e+00	0.00e+00	0.00e+00	0.00e+00
 1.81954e+23	1.44e-04	2.29e-01	6.45e-01	1.17e-01	8.63e-03	9.38e-04	1.52e-04	1.73e-05	0.00e+00	0.00e+00	0.00e+00	0.00e+00	0.00e+00	0.00e+00	0.00e+00	0.00e+00	0.00e+00	0.00e+00
 1.83126e+23	1.61e-04	2.44e-01	6.41e-01	1.06e-01	7.57e-03	7.98e-04	1.24e-04	1.41e-05	0.00e+00	0.00e+00	0.00e+00	0.00e+00	0.00e+00	0.00e+00	0.00e+00	0.00e+00	0.00e+00	0.00e+00
 1.84324e+23	1.77e-04	2.59e-01	6.36e-01	9.73e-02	6.78e-03	6.96e-04	1.05e-04	1.19e-05	0.00e+00	0.00e+00	0.00e+00	0.00e+00	0.00e+00	0.00e+00	0.00e+00	0.00e+00	0.00e+00	0.00e+00
 1.85556e+23	1.98e-04	2.76e-01	6.30e-01	8.70e-02	5.89e-03	5.86e-04	8.43e-05	9.67e-06	0.00e+00	0.00e+00	0.00e+00	0.00e+00	0.00e+00	0.00e+00	0.00e+00	0.00e+00	0.00e+00	0.00e+00
 1.86800e+23	2.17e-04	2.92e-01	6.23e-01	7.91e-02	5.24e-03	5.07e-04	7.06e-05	8.18e-06	0.00e+00	0.00e+00	0.00e+00	0.00e+00	0.00e+00	0.00e+00	0.00e+00	0.00e+00	0.00e+00	0.00e+00
 1.88060e+23	2.42e-04	3.12e-01	6.13e-01	6.98e-02	4.51e-03	4.23e-04	5.62e-05	6.61e-06	0.00e+00	0.00e+00	0.00e+00	0.00e+00	0.00e+00	0.00e+00	0.00e+00	0.00e+00	0.00e+00	0.00e+00
 1.89333e+23	2.66e-04	3.29e-01	6.03e-01	6.28e-02	3.98e-03	3.63e-04	4.66e-05	5.56e-06	0.00e+00	0.00e+00	0.00e+00	0.00e+00	0.00e+00	0.00e+00	0.00e+00	0.00e+00	0.00e+00	0.00e+00
 1.90624e+23	2.98e-04	3.52e-01	5.90e-01	5.43e-02	3.38e-03	2.98e-04	3.64e-05	4.44e-06	0.00e+00	0.00e+00	0.00e+00	0.00e+00	0.00e+00	0.00e+00	0.00e+00	0.00e+00	0.00e+00	0.00e+00
 1.91918e+23	3.24e-04	3.70e-01	5.78e-01	4.83e-02	2.98e-03	2.55e-04	3.01e-05	3.74e-06	0.00e+00	0.00e+00	0.00e+00	0.00e+00	0.00e+00	0.00e+00	0.00e+00	0.00e+00	0.00e+00	0.00e+00
 1.93218e+23	3.63e-04	3.94e-01	5.61e-01	4.11e-02	2.50e-03	2.07e-04	2.32e-05	2.97e-06	0.00e+00	0.00e+00	0.00e+00	0.00e+00	0.00e+00	0.00e+00	0.00e+00	0.00e+00	0.00e+00	0.00e+00
 1.94538e+23	3.95e-04	4.15e-01	5.47e-01	3.59e-02	2.17e-03	1.74e-04	1.88e-05	2.47e-06	0.00e+00	0.00e+00	0.00e+00	0.00e+00	0.00e+00	0.00e+00	0.00e+00	0.00e+00	0.00e+00	0.00e+00
 1.95884e+23	4.43e-04	4.42e-01	5.26e-01	2.98e-02	1.79e-03	1.39e-04	1.42e-05	1.93e-06	0.00e+00	0.00e+00	0.00e+00	0.00e+00	0.00e+00	0.00e+00	0.00e+00	0.00e+00	0.00e+00	0.00e+00
 1.97258e+23	4.85e-04	4.65e-01	5.07e-01	2.54e-02	1.52e-03	1.14e-04	1.12e-05	1.57e-06	0.00e+00	0.00e+00	0.00e+00	0.00e+00	0.00e+00	0.00e+00	0.00e+00	0.00e+00	0.00e+00	0.00e+00
 1.98482e+23	5.30e-04	4.88e-01	4.88e-01	2.15e-02	1.28e-03	9.38e-05	8.81e-06	1.27e-06	0.00e+00	0.00e+00	0.00e+00	0.00e+00	0.00e+00	0.00e+00	0.00e+00	0.00e+00	0.00e+00	0.00e+00
 1.99545e+23	5.70e-04	5.08e-01	4.72e-01	1.86e-02	1.11e-03	7.97e-05	7.24e-06	1.07e-06	0.00e+00	0.00e+00	0.00e+00	0.00e+00	0.00e+00	0.00e+00	0.00e+00	0.00e+00	0.00e+00	0.00e+00
 2.00435e+23	6.06e-04	5.25e-01	4.57e-01	1.63e-02	9.73e-04	6.85e-05	6.03e-06	9.07e-07	0.00e+00	0.00e+00	0.00e+00	0.00e+00	0.00e+00	0.00e+00	0.00e+00	0.00e+00	0.00e+00	0.00e+00
 2.01445e+23	6.57e-04	5.48e-01	4.36e-01	1.36e-02	8.10e-04	5.57e-05	4.72e-06	7.28e-07	0.00e+00	0.00e+00	0.00e+00	0.00e+00	0.00e+00	0.00e+00	0.00e+00	0.00e+00	0.00e+00	0.00e+00
 2.02519e+23	7.08e-04	5.71e-01	4.16e-01	1.14e-02	6.75e-04	4.54e-05	3.71e-06	5.85e-07	0.00e+00	0.00e+00	0.00e+00	0.00e+00	0.00e+00	0.00e+00	0.00e+00	0.00e+00	0.00e+00	0.00e+00
 2.03515e+23	7.62e-04	5.93e-01	3.96e-01	9.43e-03	5.56e-04	3.67e-05	2.90e-06	4.67e-07	0.00e+00	0.00e+00	0.00e+00	0.00e+00	0.00e+00	0.00e+00	0.00e+00	0.00e+00	0.00e+00	0.00e+00
 2.04501e+23	8.17e-04	6.16e-01	3.75e-01	7.70e-03	4.52e-04	2.92e-05	2.24e-06	3.68e-07	0.00e+00	0.00e+00	0.00e+00	0.00e+00	0.00e+00	0.00e+00	0.00e+00	0.00e+00	0.00e+00	0.00e+00
 2.05432e+23	8.70e-04	6.37e-01	3.55e-01	6.29e-03	3.66e-04	2.33e-05	1.74e-06	2.90e-07	0.00e+00	0.00e+00	0.00e+00	0.00e+00	0.00e+00	0.00e+00	0.00e+00	0.00e+00	0.00e+00	0.00e+00
 2.06291e+23	9.28e-04	6.60e-01	3.34e-01	5.07e-03	2.91e-04	1.83e-05	1.33e-06	2.25e-07	0.00e+00	0.00e+00	0.00e+00	0.00e+00	0.00e+00	0.00e+00	0.00e+00	0.00e+00	0.00e+00	0.00e+00
 2.07087e+23	9.70e-04	6.78e-01	3.16e-01	4.13e-03	2.35e-04	1.45e-05	1.04e-06	1.78e-07	0.00e+00	0.00e+00	0.00e+00	0.00e+00	0.00e+00	0.00e+00	0.00e+00	0.00e+00	0.00e+00	0.00e+00
 2.07829e+23	1.02e-03	6.98e-01	2.98e-01	3.30e-03	1.85e-04	1.13e-05	8.02e-07	1.37e-07	0.00e+00	0.00e+00	0.00e+00	0.00e+00	0.00e+00	0.00e+00	0.00e+00	0.00e+00	0.00e+00	0.00e+00
 2.08521e+23	1.06e-03	7.16e-01	2.80e-01	2.64e-03	1.45e-04	8.78e-06	6.20e-07	0.00e+00	0.00e+00	0.00e+00	0.00e+00	0.00e+00	0.00e+00	0.00e+00	0.00e+00	0.00e+00	0.00e+00	0.00e+00
 2.09131e+23	1.09e-03	7.33e-01	2.64e-01	2.12e-03	1.15e-04	6.86e-06	4.84e-07	0.00e+00	0.00e+00	0.00e+00	0.00e+00	0.00e+00	0.00e+00	0.00e+00	0.00e+00	0.00e+00	0.00e+00	0.00e+00
 2.09670e+23	1.12e-03	7.48e-01	2.49e-01	1.72e-03	9.15e-05	5.43e-06	3.84e-07	0.00e+00	0.00e+00	0.00e+00	0.00e+00	0.00e+00	0.00e+00	0.00e+00	0.00e+00	0.00e+00	0.00e+00	0.00e+00
 2.10156e+23	1.15e-03	7.61e-01	2.37e-01	1.40e-03	7.37e-05	4.33e-06	3.09e-07	0.00e+00	0.00e+00	0.00e+00	0.00e+00	0.00e+00	0.00e+00	0.00e+00	0.00e+00	0.00e+00	0.00e+00	0.00e+00
 2.10604e+23	1.17e-03	7.73e-01	2.24e-01	1.15e-03	5.94e-05	3.46e-06	2.50e-07	0.00e+00	0.00e+00	0.00e+00	0.00e+00	0.00e+00	0.00e+00	0.00e+00	0.00e+00	0.00e+00	0.00e+00	0.00e+00
 2.11014e+23	1.19e-03	7.84e-01	2.14e-01	9.56e-04	4.86e-05	2.81e-06	2.05e-07	0.00e+00	0.00e+00	0.00e+00	0.00e+00	0.00e+00	0.00e+00	0.00e+00	0.00e+00	0.00e+00	0.00e+00	0.00e+00
