#depth	Ne	Ne+	Ne+2	Ne+3	Ne+4	Ne+5	Ne+6	Ne+7	Ne+8	Ne+9	Ne+10
 1.54284e+22	1.37e-24	2.85e-19	3.89e-15	7.84e-12	3.84e-09	4.43e-07	1.72e-05	4.18e-04	3.90e-02	3.14e-01	6.47e-01
 3.42551e+22	3.53e-21	3.32e-16	1.91e-12	1.65e-09	3.80e-07	2.05e-05	3.31e-04	3.15e-03	1.26e-01	4.50e-01	4.21e-01
 3.87387e+22	2.20e-20	1.74e-15	8.32e-12	5.93e-09	1.16e-06	5.26e-05	6.91e-04	5.19e-03	1.65e-01	4.73e-01	3.55e-01
 4.03667e+22	4.95e-20	3.64e-15	1.61e-11	1.05e-08	1.91e-06	8.02e-05	9.63e-04	6.50e-03	1.86e-01	4.80e-01	3.26e-01
 4.10451e+22	6.00e-20	4.33e-15	1.87e-11	1.20e-08	2.14e-06	8.86e-05	1.04e-03	6.85e-03	1.91e-01	4.82e-01	3.19e-01
 4.13571e+22	7.70e-20	5.43e-15	2.30e-11	1.43e-08	2.50e-06	1.01e-04	1.15e-03	7.33e-03	1.98e-01	4.83e-01	3.10e-01
 4.16884e+22	9.55e-20	6.61e-15	2.74e-11	1.67e-08	2.86e-06	1.13e-04	1.26e-03	7.79e-03	2.05e-01	4.84e-01	3.02e-01
 4.20448e+22	1.24e-19	8.42e-15	3.39e-11	2.02e-08	3.37e-06	1.30e-04	1.41e-03	8.38e-03	2.13e-01	4.86e-01	2.92e-01
 4.24107e+22	1.55e-19	1.03e-14	4.07e-11	2.36e-08	3.87e-06	1.46e-04	1.54e-03	8.91e-03	2.19e-01	4.86e-01	2.84e-01
 4.27381e+22	1.92e-19	1.25e-14	4.84e-11	2.75e-08	4.41e-06	1.63e-04	1.68e-03	9.44e-03	2.26e-01	4.87e-01	2.76e-01
 4.31127e+22	2.52e-19	1.60e-14	6.04e-11	3.34e-08	5.22e-06	1.88e-04	1.88e-03	1.02e-02	2.35e-01	4.87e-01	2.66e-01
 4.34937e+22	3.10e-19	1.94e-14	7.15e-11	3.87e-08	5.94e-06	2.10e-04	2.05e-03	1.08e-02	2.41e-01	4.87e-01	2.59e-01
 4.38271e+22	3.79e-19	2.33e-14	8.43e-11	4.46e-08	6.73e-06	2.33e-04	2.22e-03	1.14e-02	2.48e-01	4.86e-01	2.52e-01
 4.42046e+22	4.91e-19	2.95e-14	1.04e-10	5.37e-08	7.91e-06	2.67e-04	2.47e-03	1.22e-02	2.57e-01	4.86e-01	2.43e-01
 4.45827e+22	5.93e-19	3.50e-14	1.21e-10	6.13e-08	8.88e-06	2.94e-04	2.66e-03	1.28e-02	2.63e-01	4.85e-01	2.36e-01
 4.49615e+22	7.65e-19	4.41e-14	1.50e-10	7.36e-08	1.04e-05	3.36e-04	2.96e-03	1.38e-02	2.72e-01	4.84e-01	2.27e-01
 4.53468e+22	9.25e-19	5.25e-14	1.75e-10	8.42e-08	1.17e-05	3.71e-04	3.19e-03	1.45e-02	2.79e-01	4.83e-01	2.21e-01
 4.57405e+22	1.19e-18	6.60e-14	2.15e-10	1.01e-07	1.37e-05	4.23e-04	3.53e-03	1.55e-02	2.88e-01	4.81e-01	2.12e-01
 4.61474e+22	1.45e-18	7.93e-14	2.53e-10	1.16e-07	1.55e-05	4.68e-04	3.83e-03	1.63e-02	2.95e-01	4.79e-01	2.06e-01
 4.65716e+22	1.89e-18	1.01e-13	3.14e-10	1.40e-07	1.82e-05	5.37e-04	4.26e-03	1.75e-02	3.05e-01	4.76e-01	1.97e-01
 4.70058e+22	2.33e-18	1.22e-13	3.71e-10	1.62e-07	2.07e-05	5.97e-04	4.61e-03	1.84e-02	3.12e-01	4.74e-01	1.90e-01
 4.74533e+22	3.04e-18	1.56e-13	4.62e-10	1.97e-07	2.44e-05	6.85e-04	5.13e-03	1.98e-02	3.22e-01	4.70e-01	1.82e-01
 4.79172e+22	3.78e-18	1.90e-13	5.52e-10	2.29e-07	2.78e-05	7.65e-04	5.58e-03	2.09e-02	3.30e-01	4.67e-01	1.75e-01
 4.84024e+22	5.01e-18	2.46e-13	6.95e-10	2.80e-07	3.31e-05	8.84e-04	6.24e-03	2.24e-02	3.41e-01	4.63e-01	1.67e-01
 4.88991e+22	6.28e-18	3.02e-13	8.35e-10	3.29e-07	3.80e-05	9.90e-04	6.80e-03	2.37e-02	3.49e-01	4.59e-01	1.60e-01
 4.94108e+22	8.41e-18	3.94e-13	1.06e-09	4.05e-07	4.55e-05	1.15e-03	7.64e-03	2.56e-02	3.60e-01	4.54e-01	1.51e-01
 4.99265e+22	1.05e-17	4.82e-13	1.27e-09	4.74e-07	5.20e-05	1.29e-03	8.31e-03	2.70e-02	3.69e-01	4.49e-01	1.45e-01
 5.04475e+22	1.40e-17	6.27e-13	1.61e-09	5.81e-07	6.21e-05	1.49e-03	9.29e-03	2.90e-02	3.80e-01	4.43e-01	1.37e-01
 5.09794e+22	1.76e-17	7.75e-13	1.95e-09	6.85e-07	7.15e-05	1.67e-03	1.02e-02	3.07e-02	3.89e-01	4.38e-01	1.31e-01
 5.15256e+22	2.36e-17	1.01e-12	2.47e-09	8.43e-07	8.55e-05	1.94e-03	1.14e-02	3.29e-02	4.00e-01	4.31e-01	1.23e-01
 5.20831e+22	3.00e-17	1.26e-12	3.01e-09	1.00e-06	9.91e-05	2.19e-03	1.25e-02	3.49e-02	4.09e-01	4.24e-01	1.17e-01
 5.25798e+22	3.78e-17	1.56e-12	3.64e-09	1.18e-06	1.14e-04	2.47e-03	1.36e-02	3.69e-02	4.18e-01	4.18e-01	1.11e-01
 5.31499e+22	5.08e-17	2.05e-12	4.66e-09	1.46e-06	1.38e-04	2.88e-03	1.53e-02	3.97e-02	4.29e-01	4.09e-01	1.04e-01
 5.36905e+22	6.21e-17	2.46e-12	5.48e-09	1.69e-06	1.56e-04	3.18e-03	1.65e-02	4.16e-02	4.36e-01	4.03e-01	9.90e-02
 5.41927e+22	8.00e-17	3.11e-12	6.79e-09	2.03e-06	1.83e-04	3.65e-03	1.84e-02	4.45e-02	4.46e-01	3.94e-01	9.27e-02
 5.46965e+22	9.72e-17	3.72e-12	7.99e-09	2.34e-06	2.07e-04	4.04e-03	1.98e-02	4.66e-02	4.53e-01	3.88e-01	8.82e-02
 5.52023e+22	1.24e-16	4.68e-12	9.83e-09	2.81e-06	2.42e-04	4.61e-03	2.19e-02	4.96e-02	4.63e-01	3.79e-01	8.25e-02
 5.57195e+22	1.52e-16	5.63e-12	1.16e-08	3.25e-06	2.76e-04	5.13e-03	2.37e-02	5.21e-02	4.70e-01	3.71e-01	7.79e-02
 5.62517e+22	1.94e-16	7.10e-12	1.44e-08	3.93e-06	3.25e-04	5.89e-03	2.64e-02	5.57e-02	4.79e-01	3.60e-01	7.22e-02
 5.67865e+22	2.35e-16	8.50e-12	1.70e-08	4.53e-06	3.69e-04	6.55e-03	2.86e-02	5.84e-02	4.86e-01	3.52e-01	6.81e-02
 5.73248e+22	2.99e-16	1.06e-11	2.09e-08	5.45e-06	4.34e-04	7.51e-03	3.17e-02	6.22e-02	4.94e-01	3.41e-01	6.28e-02
 5.78734e+22	3.60e-16	1.27e-11	2.46e-08	6.31e-06	4.93e-04	8.37e-03	3.44e-02	6.54e-02	5.00e-01	3.32e-01	5.88e-02
 5.84353e+22	4.54e-16	1.59e-11	3.03e-08	7.59e-06	5.82e-04	9.63e-03	3.83e-02	6.98e-02	5.08e-01	3.20e-01	5.38e-02
 5.90069e+22	5.44e-16	1.89e-11	3.57e-08	8.78e-06	6.63e-04	1.08e-02	4.17e-02	7.35e-02	5.14e-01	3.10e-01	5.00e-02
 5.95911e+22	6.77e-16	2.34e-11	4.38e-08	1.05e-05	7.83e-04	1.24e-02	4.64e-02	7.84e-02	5.20e-01	2.97e-01	4.53e-02
 6.01838e+22	8.00e-16	2.76e-11	5.13e-08	1.22e-05	8.91e-04	1.39e-02	5.05e-02	8.25e-02	5.24e-01	2.86e-01	4.18e-02
 6.07700e+22	9.68e-16	3.35e-11	6.18e-08	1.44e-05	1.04e-03	1.58e-02	5.59e-02	8.77e-02	5.29e-01	2.73e-01	3.77e-02
 6.13298e+22	1.11e-15	3.84e-11	7.06e-08	1.63e-05	1.16e-03	1.74e-02	6.01e-02	9.16e-02	5.31e-01	2.63e-01	3.50e-02
 6.18730e+22	1.29e-15	4.52e-11	8.32e-08	1.90e-05	1.34e-03	1.97e-02	6.60e-02	9.69e-02	5.34e-01	2.51e-01	3.15e-02
 6.24265e+22	1.45e-15	5.12e-11	9.45e-08	2.14e-05	1.50e-03	2.17e-02	7.09e-02	1.01e-01	5.35e-01	2.41e-01	2.90e-02
 6.29671e+22	1.65e-15	5.88e-11	1.09e-07	2.45e-05	1.70e-03	2.43e-02	7.72e-02	1.06e-01	5.36e-01	2.28e-01	2.62e-02
 6.35190e+22	1.82e-15	6.60e-11	1.23e-07	2.75e-05	1.90e-03	2.68e-02	8.30e-02	1.11e-01	5.35e-01	2.18e-01	2.39e-02
 6.40571e+22	2.01e-15	7.41e-11	1.40e-07	3.11e-05	2.14e-03	2.97e-02	8.96e-02	1.16e-01	5.34e-01	2.07e-01	2.15e-02
 6.46057e+22	2.18e-15	8.22e-11	1.57e-07	3.48e-05	2.39e-03	3.27e-02	9.61e-02	1.21e-01	5.32e-01	1.96e-01	1.95e-02
 6.51499e+22	2.35e-15	9.07e-11	1.76e-07	3.90e-05	2.66e-03	3.59e-02	1.03e-01	1.26e-01	5.29e-01	1.86e-01	1.75e-02
 6.56967e+22	2.50e-15	9.93e-11	1.96e-07	4.34e-05	2.96e-03	3.94e-02	1.10e-01	1.31e-01	5.25e-01	1.75e-01	1.58e-02
 6.62376e+22	2.64e-15	1.08e-10	2.17e-07	4.82e-05	3.28e-03	4.30e-02	1.17e-01	1.36e-01	5.20e-01	1.66e-01	1.42e-02
 6.67774e+22	2.76e-15	1.17e-10	2.40e-07	5.33e-05	3.62e-03	4.69e-02	1.25e-01	1.41e-01	5.15e-01	1.56e-01	1.28e-02
 6.73185e+22	2.87e-15	1.26e-10	2.64e-07	5.90e-05	4.00e-03	5.11e-02	1.32e-01	1.46e-01	5.08e-01	1.47e-01	1.14e-02
 6.78621e+22	2.97e-15	1.35e-10	2.91e-07	6.52e-05	4.41e-03	5.54e-02	1.40e-01	1.51e-01	5.01e-01	1.38e-01	1.02e-02
 6.84093e+22	3.05e-15	1.44e-10	3.20e-07	7.21e-05	4.86e-03	6.01e-02	1.48e-01	1.56e-01	4.93e-01	1.29e-01	9.13e-03
 6.89618e+22	3.13e-15	1.55e-10	3.52e-07	7.97e-05	5.36e-03	6.51e-02	1.56e-01	1.60e-01	4.84e-01	1.21e-01	8.13e-03
 6.95213e+22	3.20e-15	1.65e-10	3.87e-07	8.83e-05	5.91e-03	7.05e-02	1.64e-01	1.65e-01	4.75e-01	1.13e-01	7.23e-03
 7.00835e+22	3.27e-15	1.77e-10	4.26e-07	9.78e-05	6.50e-03	7.61e-02	1.72e-01	1.69e-01	4.65e-01	1.05e-01	6.42e-03
 7.06550e+22	3.34e-15	1.89e-10	4.72e-07	1.09e-04	7.18e-03	8.22e-02	1.80e-01	1.73e-01	4.54e-01	9.74e-02	5.67e-03
 7.12336e+22	3.41e-15	2.03e-10	5.22e-07	1.21e-04	7.91e-03	8.86e-02	1.88e-01	1.77e-01	4.43e-01	9.04e-02	5.01e-03
 7.18238e+22	3.47e-15	2.18e-10	5.81e-07	1.35e-04	8.76e-03	9.56e-02	1.96e-01	1.81e-01	4.30e-01	8.34e-02	4.38e-03
 7.23719e+22	3.57e-15	2.34e-10	6.37e-07	1.49e-04	9.51e-03	1.02e-01	2.03e-01	1.84e-01	4.20e-01	7.81e-02	3.94e-03
 7.29361e+22	3.66e-15	2.54e-10	7.17e-07	1.68e-04	1.06e-02	1.10e-01	2.11e-01	1.87e-01	4.06e-01	7.16e-02	3.43e-03
 7.35114e+22	3.78e-15	2.74e-10	7.92e-07	1.86e-04	1.15e-02	1.17e-01	2.18e-01	1.89e-01	3.95e-01	6.67e-02	3.06e-03
 7.41010e+22	3.91e-15	3.01e-10	9.02e-07	2.11e-04	1.29e-02	1.26e-01	2.26e-01	1.92e-01	3.80e-01	6.06e-02	2.63e-03
 7.46922e+22	4.10e-15	3.28e-10	1.00e-06	2.34e-04	1.40e-02	1.33e-01	2.32e-01	1.93e-01	3.68e-01	5.64e-02	2.35e-03
 7.52853e+22	4.32e-15	3.65e-10	1.15e-06	2.68e-04	1.56e-02	1.43e-01	2.40e-01	1.95e-01	3.53e-01	5.11e-02	2.02e-03
 7.58826e+22	4.56e-15	4.01e-10	1.29e-06	2.98e-04	1.70e-02	1.52e-01	2.46e-01	1.96e-01	3.41e-01	4.74e-02	1.79e-03
 7.64852e+22	4.88e-15	4.53e-10	1.50e-06	3.43e-04	1.89e-02	1.63e-01	2.52e-01	1.97e-01	3.25e-01	4.28e-02	1.53e-03
 7.70932e+22	5.23e-15	5.03e-10	1.69e-06	3.83e-04	2.06e-02	1.72e-01	2.57e-01	1.97e-01	3.12e-01	3.94e-02	1.36e-03
 7.77082e+22	5.71e-15	5.76e-10	1.97e-06	4.42e-04	2.30e-02	1.84e-01	2.64e-01	1.96e-01	2.96e-01	3.54e-02	1.15e-03
 7.83310e+22	6.21e-15	6.47e-10	2.24e-06	4.95e-04	2.51e-02	1.94e-01	2.68e-01	1.95e-01	2.84e-01	3.25e-02	1.01e-03
 7.89640e+22	6.94e-15	7.53e-10	2.65e-06	5.75e-04	2.80e-02	2.07e-01	2.73e-01	1.94e-01	2.68e-01	2.90e-02	8.57e-04
 7.96080e+22	7.69e-15	8.58e-10	3.04e-06	6.47e-04	3.05e-02	2.17e-01	2.77e-01	1.92e-01	2.55e-01	2.65e-02	7.48e-04
 8.02662e+22	8.82e-15	1.02e-09	3.64e-06	7.55e-04	3.41e-02	2.32e-01	2.81e-01	1.90e-01	2.39e-01	2.34e-02	6.25e-04
 8.09388e+22	1.00e-14	1.18e-09	4.21e-06	8.54e-04	3.72e-02	2.43e-01	2.83e-01	1.87e-01	2.26e-01	2.12e-02	5.42e-04
 8.16299e+22	1.18e-14	1.43e-09	5.10e-06	1.00e-03	4.16e-02	2.59e-01	2.86e-01	1.83e-01	2.10e-01	1.85e-02	4.47e-04
 8.23369e+22	1.37e-14	1.68e-09	5.96e-06	1.14e-03	4.54e-02	2.71e-01	2.88e-01	1.80e-01	1.98e-01	1.67e-02	3.83e-04
 8.29324e+22	1.58e-14	1.94e-09	6.85e-06	1.27e-03	4.90e-02	2.82e-01	2.88e-01	1.76e-01	1.87e-01	1.51e-02	3.34e-04
 8.35745e+22	1.89e-14	2.35e-09	8.20e-06	1.47e-03	5.41e-02	2.97e-01	2.89e-01	1.72e-01	1.74e-01	1.33e-02	2.78e-04
 8.42011e+22	2.18e-14	2.71e-09	9.34e-06	1.63e-03	5.79e-02	3.07e-01	2.89e-01	1.68e-01	1.64e-01	1.21e-02	2.44e-04
 8.48075e+22	2.63e-14	3.26e-09	1.11e-05	1.87e-03	6.33e-02	3.21e-01	2.88e-01	1.63e-01	1.52e-01	1.07e-02	2.05e-04
 8.54195e+22	3.07e-14	3.79e-09	1.27e-05	2.07e-03	6.77e-02	3.31e-01	2.87e-01	1.59e-01	1.44e-01	9.69e-03	1.79e-04
 8.60388e+22	3.77e-14	4.60e-09	1.50e-05	2.37e-03	7.38e-02	3.45e-01	2.85e-01	1.53e-01	1.33e-01	8.50e-03	1.49e-04
 8.66668e+22	4.46e-14	5.38e-09	1.72e-05	2.63e-03	7.89e-02	3.55e-01	2.83e-01	1.48e-01	1.25e-01	7.67e-03	1.29e-04
 8.73058e+22	5.56e-14	6.60e-09	2.06e-05	3.00e-03	8.59e-02	3.69e-01	2.79e-01	1.42e-01	1.14e-01	6.68e-03	1.07e-04
 8.79541e+22	6.67e-14	7.76e-09	2.36e-05	3.33e-03	9.16e-02	3.79e-01	2.76e-01	1.37e-01	1.07e-01	5.99e-03	9.24e-05
 8.86144e+22	8.46e-14	9.61e-09	2.83e-05	3.81e-03	9.95e-02	3.91e-01	2.72e-01	1.31e-01	9.72e-02	5.18e-03	7.57e-05
 8.92855e+22	1.03e-13	1.14e-08	3.25e-05	4.22e-03	1.06e-01	4.01e-01	2.68e-01	1.26e-01	9.04e-02	4.62e-03	6.49e-05
 8.99707e+22	1.32e-13	1.42e-08	3.91e-05	4.84e-03	1.15e-01	4.13e-01	2.62e-01	1.19e-01	8.17e-02	3.95e-03	5.26e-05
 9.06688e+22	1.62e-13	1.69e-08	4.51e-05	5.36e-03	1.22e-01	4.22e-01	2.57e-01	1.14e-01	7.55e-02	3.50e-03	4.47e-05
 9.13837e+22	2.13e-13	2.14e-08	5.45e-05	6.14e-03	1.33e-01	4.33e-01	2.50e-01	1.07e-01	6.77e-02	2.97e-03	3.58e-05
 9.21181e+22	2.65e-13	2.57e-08	6.33e-05	6.83e-03	1.41e-01	4.42e-01	2.44e-01	1.02e-01	6.20e-02	2.60e-03	2.99e-05
 9.28779e+22	3.54e-13	3.28e-08	7.69e-05	7.84e-03	1.53e-01	4.52e-01	2.36e-01	9.47e-02	5.51e-02	2.18e-03	2.37e-05
 9.36490e+22	4.45e-13	3.97e-08	8.94e-05	8.72e-03	1.62e-01	4.59e-01	2.29e-01	8.93e-02	5.01e-02	1.89e-03	1.96e-05
 9.44347e+22	6.01e-13	5.09e-08	1.09e-04	9.99e-03	1.75e-01	4.67e-01	2.20e-01	8.26e-02	4.42e-02	1.57e-03	1.53e-05
 9.52296e+22	7.58e-13	6.16e-08	1.26e-04	1.11e-02	1.85e-01	4.72e-01	2.13e-01	7.76e-02	4.00e-02	1.36e-03	1.27e-05
 9.60364e+22	1.03e-12	7.94e-08	1.54e-04	1.27e-02	1.99e-01	4.78e-01	2.03e-01	7.13e-02	3.50e-02	1.11e-03	9.79e-06
 9.68542e+22	1.31e-12	9.63e-08	1.79e-04	1.40e-02	2.10e-01	4.82e-01	1.96e-01	6.66e-02	3.15e-02	9.57e-04	8.02e-06
 9.75713e+22	1.65e-12	1.16e-07	2.07e-04	1.55e-02	2.21e-01	4.84e-01	1.88e-01	6.21e-02	2.84e-02	8.22e-04	6.57e-06
 9.83886e+22	2.25e-12	1.50e-07	2.50e-04	1.76e-02	2.36e-01	4.87e-01	1.78e-01	5.66e-02	2.46e-02	6.70e-04	5.04e-06
 9.92119e+22	2.85e-12	1.81e-07	2.89e-04	1.94e-02	2.47e-01	4.87e-01	1.70e-01	5.26e-02	2.21e-02	5.73e-04	4.11e-06
 9.98894e+22	3.51e-12	2.14e-07	3.28e-04	2.10e-02	2.58e-01	4.88e-01	1.64e-01	4.93e-02	2.00e-02	4.98e-04	3.43e-06
 1.00617e+23	4.54e-12	2.63e-07	3.84e-04	2.33e-02	2.71e-01	4.87e-01	1.55e-01	4.53e-02	1.77e-02	4.18e-04	2.73e-06
 1.01359e+23	5.66e-12	3.13e-07	4.38e-04	2.54e-02	2.82e-01	4.85e-01	1.48e-01	4.21e-02	1.59e-02	3.59e-04	2.24e-06
 1.02019e+23	6.98e-12	3.70e-07	4.96e-04	2.76e-02	2.93e-01	4.83e-01	1.42e-01	3.92e-02	1.43e-02	3.10e-04	1.86e-06
 1.02774e+23	9.07e-12	4.56e-07	5.80e-04	3.05e-02	3.07e-01	4.80e-01	1.34e-01	3.58e-02	1.26e-02	2.58e-04	1.46e-06
 1.03558e+23	1.15e-11	5.50e-07	6.67e-04	3.33e-02	3.19e-01	4.76e-01	1.26e-01	3.30e-02	1.11e-02	2.17e-04	1.18e-06
 1.04258e+23	1.42e-11	6.52e-07	7.57e-04	3.61e-02	3.30e-01	4.72e-01	1.20e-01	3.05e-02	9.97e-03	1.86e-04	9.63e-07
 1.05046e+23	1.86e-11	8.04e-07	8.84e-04	3.98e-02	3.45e-01	4.66e-01	1.13e-01	2.77e-02	8.67e-03	1.53e-04	7.50e-07
 1.05869e+23	2.38e-11	9.76e-07	1.02e-03	4.35e-02	3.57e-01	4.59e-01	1.06e-01	2.52e-02	7.61e-03	1.28e-04	5.93e-07
 1.06612e+23	2.97e-11	1.16e-06	1.16e-03	4.71e-02	3.69e-01	4.53e-01	9.96e-02	2.32e-02	6.75e-03	1.08e-04	4.79e-07
 1.07451e+23	3.91e-11	1.45e-06	1.36e-03	5.19e-02	3.84e-01	4.44e-01	9.23e-02	2.08e-02	5.79e-03	8.74e-05	3.66e-07
 1.08317e+23	5.03e-11	1.76e-06	1.57e-03	5.66e-02	3.96e-01	4.35e-01	8.60e-02	1.88e-02	5.03e-03	7.20e-05	2.86e-07
 1.09088e+23	6.30e-11	2.10e-06	1.78e-03	6.12e-02	4.08e-01	4.27e-01	8.05e-02	1.72e-02	4.43e-03	6.03e-05	2.28e-07
 1.09961e+23	8.36e-11	2.61e-06	2.09e-03	6.73e-02	4.22e-01	4.16e-01	7.40e-02	1.53e-02	3.76e-03	4.82e-05	1.72e-07
 1.10868e+23	1.08e-10	3.19e-06	2.41e-03	7.33e-02	4.34e-01	4.05e-01	6.84e-02	1.37e-02	3.24e-03	3.93e-05	1.32e-07
 1.11683e+23	1.36e-10	3.82e-06	2.75e-03	7.91e-02	4.45e-01	3.95e-01	6.35e-02	1.24e-02	2.82e-03	3.24e-05	0.00e+00
 1.12607e+23	1.84e-10	4.82e-06	3.25e-03	8.72e-02	4.58e-01	3.81e-01	5.75e-02	1.09e-02	2.35e-03	2.53e-05	0.00e+00
 1.13560e+23	2.37e-10	5.87e-06	3.74e-03	9.45e-02	4.69e-01	3.68e-01	5.28e-02	9.72e-03	2.01e-03	2.04e-05	0.00e+00
 1.14421e+23	3.03e-10	7.09e-06	4.28e-03	1.02e-01	4.79e-01	3.56e-01	4.84e-02	8.70e-03	1.72e-03	1.66e-05	0.00e+00
 1.15407e+23	4.14e-10	9.01e-06	5.07e-03	1.12e-01	4.90e-01	3.40e-01	4.33e-02	7.52e-03	1.41e-03	1.26e-05	0.00e+00
 1.16406e+23	5.36e-10	1.10e-05	5.83e-03	1.21e-01	4.99e-01	3.26e-01	3.93e-02	6.66e-03	1.19e-03	1.01e-05	0.00e+00
 1.17419e+23	7.32e-10	1.40e-05	6.90e-03	1.33e-01	5.09e-01	3.10e-01	3.49e-02	5.73e-03	9.70e-04	7.62e-06	0.00e+00
 1.18444e+23	9.46e-10	1.70e-05	7.91e-03	1.43e-01	5.16e-01	2.96e-01	3.16e-02	5.05e-03	8.15e-04	6.03e-06	0.00e+00
 1.19485e+23	1.30e-09	2.17e-05	9.38e-03	1.57e-01	5.23e-01	2.78e-01	2.77e-02	4.30e-03	6.54e-04	4.48e-06	0.00e+00
 1.20535e+23	1.68e-09	2.63e-05	1.07e-02	1.68e-01	5.27e-01	2.64e-01	2.49e-02	3.77e-03	5.46e-04	3.52e-06	0.00e+00
 1.21598e+23	2.33e-09	3.37e-05	1.27e-02	1.83e-01	5.32e-01	2.47e-01	2.16e-02	3.18e-03	4.33e-04	2.58e-06	0.00e+00
 1.22671e+23	3.00e-09	4.08e-05	1.45e-02	1.96e-01	5.34e-01	2.33e-01	1.93e-02	2.78e-03	3.59e-04	2.01e-06	0.00e+00
 1.23760e+23	4.16e-09	5.22e-05	1.72e-02	2.13e-01	5.35e-01	2.16e-01	1.66e-02	2.33e-03	2.82e-04	1.45e-06	0.00e+00
 1.24863e+23	5.38e-09	6.33e-05	1.96e-02	2.27e-01	5.34e-01	2.02e-01	1.47e-02	2.02e-03	2.32e-04	1.12e-06	0.00e+00
 1.25984e+23	7.47e-09	8.09e-05	2.31e-02	2.46e-01	5.31e-01	1.85e-01	1.26e-02	1.67e-03	1.79e-04	7.98e-07	0.00e+00
 1.27084e+23	9.50e-09	9.69e-05	2.61e-02	2.60e-01	5.28e-01	1.73e-01	1.11e-02	1.45e-03	1.48e-04	6.19e-07	0.00e+00
 1.28156e+23	1.30e-08	1.22e-04	3.04e-02	2.78e-01	5.22e-01	1.58e-01	9.48e-03	1.21e-03	1.15e-04	4.44e-07	0.00e+00
 1.29190e+23	1.60e-08	1.43e-04	3.38e-02	2.91e-01	5.17e-01	1.49e-01	8.47e-03	1.06e-03	9.63e-05	3.51e-07	0.00e+00
 1.30176e+23	2.12e-08	1.76e-04	3.88e-02	3.09e-01	5.08e-01	1.36e-01	7.27e-03	8.89e-04	7.59e-05	2.57e-07	0.00e+00
 1.31160e+23	2.62e-08	2.06e-04	4.30e-02	3.22e-01	5.01e-01	1.27e-01	6.46e-03	7.77e-04	6.32e-05	2.02e-07	0.00e+00
 1.32140e+23	3.40e-08	2.49e-04	4.87e-02	3.39e-01	4.90e-01	1.16e-01	5.57e-03	6.56e-04	5.02e-05	1.49e-07	0.00e+00
 1.33157e+23	4.31e-08	2.96e-04	5.45e-02	3.54e-01	4.79e-01	1.06e-01	4.85e-03	5.61e-04	4.06e-05	0.00e+00	0.00e+00
 1.34071e+23	5.32e-08	3.46e-04	6.03e-02	3.68e-01	4.69e-01	9.81e-02	4.27e-03	4.85e-04	3.34e-05	0.00e+00	0.00e+00
 1.35106e+23	6.98e-08	4.22e-04	6.84e-02	3.85e-01	4.54e-01	8.82e-02	3.61e-03	4.01e-04	2.59e-05	0.00e+00	0.00e+00
 1.36158e+23	8.75e-08	4.98e-04	7.60e-02	3.99e-01	4.41e-01	8.05e-02	3.12e-03	3.41e-04	2.08e-05	0.00e+00	0.00e+00
 1.37231e+23	1.14e-07	6.04e-04	8.59e-02	4.15e-01	4.24e-01	7.18e-02	2.63e-03	2.80e-04	1.60e-05	0.00e+00	0.00e+00
 1.38275e+23	1.41e-07	7.02e-04	9.43e-02	4.27e-01	4.10e-01	6.55e-02	2.28e-03	2.39e-04	1.30e-05	0.00e+00	0.00e+00
 1.39098e+23	1.68e-07	7.98e-04	1.02e-01	4.37e-01	3.98e-01	6.03e-02	2.02e-03	2.08e-04	1.08e-05	0.00e+00	0.00e+00
 1.39983e+23	2.09e-07	9.31e-04	1.12e-01	4.48e-01	3.82e-01	5.45e-02	1.74e-03	1.76e-04	8.62e-06	0.00e+00	0.00e+00
 1.40894e+23	2.50e-07	1.06e-03	1.22e-01	4.57e-01	3.68e-01	4.98e-02	1.52e-03	1.52e-04	7.08e-06	0.00e+00	0.00e+00
 1.41710e+23	2.99e-07	1.20e-03	1.32e-01	4.66e-01	3.55e-01	4.55e-02	1.34e-03	1.31e-04	5.84e-06	0.00e+00	0.00e+00
 1.42644e+23	3.72e-07	1.41e-03	1.45e-01	4.75e-01	3.37e-01	4.05e-02	1.13e-03	1.09e-04	4.57e-06	0.00e+00	0.00e+00
 1.43588e+23	4.46e-07	1.60e-03	1.56e-01	4.82e-01	3.23e-01	3.67e-02	9.86e-04	9.26e-05	3.71e-06	0.00e+00	0.00e+00
 1.44413e+23	5.31e-07	1.81e-03	1.68e-01	4.88e-01	3.09e-01	3.33e-02	8.60e-04	7.93e-05	3.03e-06	0.00e+00	0.00e+00
 1.45356e+23	6.57e-07	2.10e-03	1.83e-01	4.94e-01	2.91e-01	2.93e-02	7.24e-04	6.52e-05	2.35e-06	0.00e+00	0.00e+00
 1.46315e+23	7.85e-07	2.38e-03	1.97e-01	4.98e-01	2.76e-01	2.63e-02	6.25e-04	5.51e-05	1.89e-06	0.00e+00	0.00e+00
 1.47166e+23	9.31e-07	2.69e-03	2.11e-01	5.00e-01	2.62e-01	2.36e-02	5.40e-04	4.66e-05	1.53e-06	0.00e+00	0.00e+00
 1.48141e+23	1.15e-06	3.11e-03	2.29e-01	5.03e-01	2.44e-01	2.06e-02	4.49e-04	3.77e-05	1.17e-06	0.00e+00	0.00e+00
 1.49131e+23	1.37e-06	3.51e-03	2.46e-01	5.03e-01	2.29e-01	1.83e-02	3.84e-04	3.15e-05	9.26e-07	0.00e+00	0.00e+00
 1.50140e+23	1.70e-06	4.07e-03	2.66e-01	5.02e-01	2.12e-01	1.57e-02	3.15e-04	2.51e-05	6.95e-07	0.00e+00	0.00e+00
 1.51160e+23	2.02e-06	4.59e-03	2.84e-01	5.00e-01	1.97e-01	1.38e-02	2.67e-04	2.07e-05	5.45e-07	0.00e+00	0.00e+00
 1.52055e+23	2.39e-06	5.14e-03	3.02e-01	4.96e-01	1.84e-01	1.22e-02	2.27e-04	1.71e-05	4.30e-07	0.00e+00	0.00e+00
 1.53082e+23	2.95e-06	5.92e-03	3.25e-01	4.90e-01	1.68e-01	1.03e-02	1.84e-04	1.34e-05	3.18e-07	0.00e+00	0.00e+00
 1.54126e+23	3.50e-06	6.64e-03	3.45e-01	4.84e-01	1.55e-01	8.99e-03	1.54e-04	1.10e-05	2.47e-07	0.00e+00	0.00e+00
 1.55192e+23	4.30e-06	7.63e-03	3.70e-01	4.75e-01	1.40e-01	7.54e-03	1.24e-04	8.47e-06	1.79e-07	0.00e+00	0.00e+00
 1.56279e+23	5.13e-06	8.56e-03	3.92e-01	4.65e-01	1.27e-01	6.46e-03	1.03e-04	6.77e-06	1.36e-07	0.00e+00	0.00e+00
 1.57248e+23	6.05e-06	9.55e-03	4.13e-01	4.55e-01	1.16e-01	5.55e-03	8.51e-05	5.44e-06	0.00e+00	0.00e+00	0.00e+00
 1.58360e+23	7.44e-06	1.09e-02	4.41e-01	4.41e-01	1.03e-01	4.56e-03	6.71e-05	4.10e-06	0.00e+00	0.00e+00	0.00e+00
 1.59500e+23	8.85e-06	1.22e-02	4.64e-01	4.27e-01	9.26e-02	3.84e-03	5.45e-05	3.20e-06	0.00e+00	0.00e+00	0.00e+00
 1.60138e+23	9.26e-06	1.26e-02	4.70e-01	4.24e-01	9.00e-02	3.66e-03	5.15e-05	3.00e-06	0.00e+00	0.00e+00	0.00e+00
 1.60385e+23	9.59e-06	1.29e-02	4.75e-01	4.21e-01	8.79e-02	3.53e-03	4.93e-05	2.84e-06	0.00e+00	0.00e+00	0.00e+00
 1.60659e+23	1.01e-05	1.33e-02	4.82e-01	4.16e-01	8.49e-02	3.34e-03	4.61e-05	2.63e-06	0.00e+00	0.00e+00	0.00e+00
 1.61016e+23	1.07e-05	1.38e-02	4.90e-01	4.11e-01	8.17e-02	3.14e-03	4.29e-05	2.41e-06	0.00e+00	0.00e+00	0.00e+00
 1.61480e+23	1.17e-05	1.46e-02	5.02e-01	4.04e-01	7.71e-02	2.87e-03	3.86e-05	2.12e-06	0.00e+00	0.00e+00	0.00e+00
 1.62083e+23	1.30e-05	1.56e-02	5.16e-01	3.94e-01	7.17e-02	2.56e-03	3.37e-05	1.80e-06	0.00e+00	0.00e+00	0.00e+00
 1.62867e+23	1.50e-05	1.71e-02	5.36e-01	3.80e-01	6.47e-02	2.19e-03	2.80e-05	1.44e-06	0.00e+00	0.00e+00	0.00e+00
 1.63684e+23	1.68e-05	1.84e-02	5.52e-01	3.69e-01	5.94e-02	1.92e-03	2.40e-05	1.20e-06	0.00e+00	0.00e+00	0.00e+00
 1.64543e+23	1.93e-05	2.01e-02	5.71e-01	3.54e-01	5.32e-02	1.63e-03	1.97e-05	9.49e-07	0.00e+00	0.00e+00	0.00e+00
 1.65432e+23	2.19e-05	2.17e-02	5.88e-01	3.40e-01	4.81e-02	1.40e-03	1.66e-05	7.67e-07	0.00e+00	0.00e+00	0.00e+00
 1.66235e+23	2.48e-05	2.34e-02	6.04e-01	3.27e-01	4.35e-02	1.21e-03	1.39e-05	6.23e-07	0.00e+00	0.00e+00	0.00e+00
 1.67153e+23	2.87e-05	2.56e-02	6.24e-01	3.11e-01	3.83e-02	9.98e-04	1.12e-05	4.78e-07	0.00e+00	0.00e+00	0.00e+00
 1.68086e+23	3.24e-05	2.76e-02	6.40e-01	2.97e-01	3.44e-02	8.53e-04	9.34e-06	3.84e-07	0.00e+00	0.00e+00	0.00e+00
 1.69036e+23	3.76e-05	3.01e-02	6.59e-01	2.80e-01	3.00e-02	7.00e-04	7.45e-06	2.91e-07	0.00e+00	0.00e+00	0.00e+00
 1.70009e+23	4.27e-05	3.25e-02	6.74e-01	2.66e-01	2.66e-02	5.89e-04	6.11e-06	2.29e-07	0.00e+00	0.00e+00	0.00e+00
 1.71013e+23	4.98e-05	3.56e-02	6.92e-01	2.49e-01	2.28e-02	4.74e-04	4.76e-06	1.69e-07	0.00e+00	0.00e+00	0.00e+00
 1.72026e+23	5.65e-05	3.84e-02	7.06e-01	2.35e-01	2.01e-02	3.95e-04	3.87e-06	1.32e-07	0.00e+00	0.00e+00	0.00e+00
 1.73052e+23	6.56e-05	4.19e-02	7.23e-01	2.18e-01	1.71e-02	3.17e-04	3.01e-06	0.00e+00	0.00e+00	0.00e+00	0.00e+00
 1.74113e+23	7.50e-05	4.53e-02	7.36e-01	2.04e-01	1.48e-02	2.59e-04	2.40e-06	0.00e+00	0.00e+00	0.00e+00	0.00e+00
 1.75220e+23	8.78e-05	4.96e-02	7.51e-01	1.87e-01	1.24e-02	2.03e-04	1.82e-06	0.00e+00	0.00e+00	0.00e+00	0.00e+00
 1.76343e+23	1.01e-04	5.36e-02	7.62e-01	1.73e-01	1.06e-02	1.64e-04	1.42e-06	0.00e+00	0.00e+00	0.00e+00	0.00e+00
 1.77490e+23	1.19e-04	5.89e-02	7.75e-01	1.57e-01	8.71e-03	1.26e-04	1.05e-06	0.00e+00	0.00e+00	0.00e+00	0.00e+00
 1.78633e+23	1.35e-04	6.33e-02	7.84e-01	1.45e-01	7.45e-03	1.02e-04	8.31e-07	0.00e+00	0.00e+00	0.00e+00	0.00e+00
 1.79773e+23	1.59e-04	6.92e-02	7.94e-01	1.31e-01	6.08e-03	7.83e-05	6.12e-07	0.00e+00	0.00e+00	0.00e+00	0.00e+00
 1.80931e+23	1.81e-04	7.45e-02	8.00e-01	1.20e-01	5.14e-03	6.28e-05	4.75e-07	0.00e+00	0.00e+00	0.00e+00	0.00e+00
 1.81954e+23	2.06e-04	7.99e-02	8.06e-01	1.10e-01	4.34e-03	5.04e-05	3.70e-07	0.00e+00	0.00e+00	0.00e+00	0.00e+00
 1.83126e+23	2.43e-04	8.72e-02	8.11e-01	9.77e-02	3.49e-03	3.80e-05	2.68e-07	0.00e+00	0.00e+00	0.00e+00	0.00e+00
 1.84324e+23	2.79e-04	9.41e-02	8.14e-01	8.82e-02	2.89e-03	2.99e-05	2.03e-07	0.00e+00	0.00e+00	0.00e+00	0.00e+00
 1.85556e+23	3.31e-04	1.03e-01	8.17e-01	7.74e-02	2.28e-03	2.21e-05	1.44e-07	0.00e+00	0.00e+00	0.00e+00	0.00e+00
 1.86800e+23	3.83e-04	1.11e-01	8.17e-01	6.92e-02	1.87e-03	1.72e-05	0.00e+00	0.00e+00	0.00e+00	0.00e+00	0.00e+00
 1.88060e+23	4.57e-04	1.22e-01	8.17e-01	5.98e-02	1.44e-03	1.25e-05	0.00e+00	0.00e+00	0.00e+00	0.00e+00	0.00e+00
 1.89333e+23	5.32e-04	1.32e-01	8.14e-01	5.28e-02	1.17e-03	9.61e-06	0.00e+00	0.00e+00	0.00e+00	0.00e+00	0.00e+00
 1.90624e+23	6.44e-04	1.45e-01	8.09e-01	4.48e-02	8.80e-04	6.80e-06	0.00e+00	0.00e+00	0.00e+00	0.00e+00	0.00e+00
 1.91918e+23	7.51e-04	1.56e-01	8.03e-01	3.91e-02	7.04e-04	5.18e-06	0.00e+00	0.00e+00	0.00e+00	0.00e+00	0.00e+00
 1.93218e+23	9.14e-04	1.71e-01	7.95e-01	3.26e-02	5.22e-04	3.60e-06	0.00e+00	0.00e+00	0.00e+00	0.00e+00	0.00e+00
 1.94538e+23	1.08e-03	1.85e-01	7.85e-01	2.79e-02	4.08e-04	2.66e-06	0.00e+00	0.00e+00	0.00e+00	0.00e+00	0.00e+00
 1.95884e+23	1.33e-03	2.04e-01	7.72e-01	2.26e-02	2.94e-04	1.78e-06	0.00e+00	0.00e+00	0.00e+00	0.00e+00	0.00e+00
 1.97258e+23	1.59e-03	2.21e-01	7.58e-01	1.87e-02	2.22e-04	1.26e-06	0.00e+00	0.00e+00	0.00e+00	0.00e+00	0.00e+00
 1.98482e+23	1.89e-03	2.39e-01	7.44e-01	1.54e-02	1.67e-04	8.84e-07	0.00e+00	0.00e+00	0.00e+00	0.00e+00	0.00e+00
 1.99545e+23	2.18e-03	2.54e-01	7.31e-01	1.31e-02	1.33e-04	6.59e-07	0.00e+00	0.00e+00	0.00e+00	0.00e+00	0.00e+00
 2.00435e+23	2.47e-03	2.68e-01	7.18e-01	1.12e-02	1.07e-04	5.00e-07	0.00e+00	0.00e+00	0.00e+00	0.00e+00	0.00e+00
 2.01445e+23	2.92e-03	2.86e-01	7.02e-01	9.06e-03	8.07e-05	3.45e-07	0.00e+00	0.00e+00	0.00e+00	0.00e+00	0.00e+00
 2.02519e+23	3.41e-03	3.04e-01	6.85e-01	7.32e-03	6.12e-05	2.37e-07	0.00e+00	0.00e+00	0.00e+00	0.00e+00	0.00e+00
 2.03515e+23	3.98e-03	3.23e-01	6.68e-01	5.85e-03	4.64e-05	1.61e-07	0.00e+00	0.00e+00	0.00e+00	0.00e+00	0.00e+00
 2.04501e+23	4.65e-03	3.41e-01	6.50e-01	4.60e-03	3.47e-05	0.00e+00	0.00e+00	0.00e+00	0.00e+00	0.00e+00	0.00e+00
 2.05432e+23	5.36e-03	3.58e-01	6.33e-01	3.62e-03	2.63e-05	0.00e+00	0.00e+00	0.00e+00	0.00e+00	0.00e+00	0.00e+00
 2.06291e+23	6.21e-03	3.75e-01	6.16e-01	2.81e-03	1.98e-05	0.00e+00	0.00e+00	0.00e+00	0.00e+00	0.00e+00	0.00e+00
 2.07087e+23	7.00e-03	3.88e-01	6.03e-01	2.20e-03	1.52e-05	0.00e+00	0.00e+00	0.00e+00	0.00e+00	0.00e+00	0.00e+00
 2.07829e+23	7.96e-03	4.02e-01	5.88e-01	1.70e-03	1.16e-05	0.00e+00	0.00e+00	0.00e+00	0.00e+00	0.00e+00	0.00e+00
 2.08521e+23	8.95e-03	4.14e-01	5.76e-01	1.31e-03	8.92e-06	0.00e+00	0.00e+00	0.00e+00	0.00e+00	0.00e+00	0.00e+00
 2.09131e+23	9.99e-03	4.24e-01	5.65e-01	1.02e-03	6.95e-06	0.00e+00	0.00e+00	0.00e+00	0.00e+00	0.00e+00	0.00e+00
 2.09670e+23	1.10e-02	4.31e-01	5.57e-01	8.05e-04	5.52e-06	0.00e+00	0.00e+00	0.00e+00	0.00e+00	0.00e+00	0.00e+00
 2.10156e+23	1.20e-02	4.37e-01	5.50e-01	6.44e-04	4.45e-06	0.00e+00	0.00e+00	0.00e+00	0.00e+00	0.00e+00	0.00e+00
 2.10604e+23	1.31e-02	4.43e-01	5.44e-01	5.17e-04	3.61e-06	0.00e+00	0.00e+00	0.00e+00	0.00e+00	0.00e+00	0.00e+00
 2.11014e+23	1.42e-02	4.46e-01	5.40e-01	4.22e-04	2.99e-06	0.00e+00	0.00e+00	0.00e+00	0.00e+00	0.00e+00	0.00e+00
 2.11387e+23	1.52e-02	4.48e-01	5.37e-01	3.49e-04	2.50e-06	0.00e+00	0.00e+00	0.00e+00	0.00e+00	0.00e+00	0.00e+00
 2.11732e+23	1.63e-02	4.49e-01	5.34e-01	2.92e-04	2.12e-06	0.00e+00	0.00e+00	0.00e+00	0.00e+00	0.00e+00	0.00e+00
 2.12048e+23	1.74e-02	4.49e-01	5.33e-01	2.49e-04	1.84e-06	0.00e+00	0.00e+00	0.00e+00	0.00e+00	0.00e+00	0.00e+00
 2.12263e+23	1.79e-02	4.48e-01	5.34e-01	2.26e-04	1.68e-06	0.00e+00	0.00e+00	0.00e+00	0.00e+00	0.00e+00	0.00e+00
 2.12372e+23	1.82e-02	4.47e-01	5.34e-01	2.15e-04	1.61e-06	0.00e+00	0.00e+00	0.00e+00	0.00e+00	0.00e+00	0.00e+00
 2.12470e+23	1.86e-02	4.47e-01	5.34e-01	2.05e-04	1.54e-06	0.00e+00	0.00e+00	0.00e+00	0.00e+00	0.00e+00	0.00e+00
 2.12595e+23	1.91e-02	4.47e-01	5.34e-01	1.93e-04	1.46e-06	0.00e+00	0.00e+00	0.00e+00	0.00e+00	0.00e+00	0.00e+00
 2.12738e+23	1.97e-02	4.47e-01	5.34e-01	1.80e-04	1.37e-06	0.00e+00	0.00e+00	0.00e+00	0.00e+00	0.00e+00	0.00e+00
 2.12880e+23	2.01e-02	4.45e-01	5.35e-01	1.70e-04	1.30e-06	0.00e+00	0.00e+00	0.00e+00	0.00e+00	0.00e+00	0.00e+00
 2.13025e+23	2.06e-02	4.44e-01	5.35e-01	1.59e-04	1.23e-06	0.00e+00	0.00e+00	0.00e+00	0.00e+00	0.00e+00	0.00e+00
 2.13179e+23	2.12e-02	4.43e-01	5.35e-01	1.49e-04	1.16e-06	0.00e+00	0.00e+00	0.00e+00	0.00e+00	0.00e+00	0.00e+00
 2.13334e+23	2.18e-02	4.42e-01	5.36e-01	1.40e-04	1.10e-06	0.00e+00	0.00e+00	0.00e+00	0.00e+00	0.00e+00	0.00e+00
 2.13492e+23	2.23e-02	4.40e-01	5.37e-01	1.32e-04	1.04e-06	0.00e+00	0.00e+00	0.00e+00	0.00e+00	0.00e+00	0.00e+00
 2.13648e+23	2.29e-02	4.39e-01	5.38e-01	1.24e-04	9.94e-07	0.00e+00	0.00e+00	0.00e+00	0.00e+00	0.00e+00	0.00e+00
 2.13771e+23	2.32e-02	4.37e-01	5.40e-01	1.20e-04	9.62e-07	0.00e+00	0.00e+00	0.00e+00	0.00e+00	0.00e+00	0.00e+00
 2.13852e+23	2.35e-02	4.36e-01	5.40e-01	1.17e-04	9.42e-07	0.00e+00	0.00e+00	0.00e+00	0.00e+00	0.00e+00	0.00e+00
 2.13932e+23	2.38e-02	4.36e-01	5.40e-01	1.13e-04	9.20e-07	0.00e+00	0.00e+00	0.00e+00	0.00e+00	0.00e+00	0.00e+00
 2.14026e+23	2.42e-02	4.35e-01	5.40e-01	1.10e-04	8.96e-07	0.00e+00	0.00e+00	0.00e+00	0.00e+00	0.00e+00	0.00e+00
 2.14129e+23	2.46e-02	4.35e-01	5.40e-01	1.06e-04	8.72e-07	0.00e+00	0.00e+00	0.00e+00	0.00e+00	0.00e+00	0.00e+00
 2.14232e+23	2.51e-02	4.34e-01	5.41e-01	1.03e-04	8.51e-07	0.00e+00	0.00e+00	0.00e+00	0.00e+00	0.00e+00	0.00e+00
 2.14331e+23	2.55e-02	4.34e-01	5.41e-01	1.00e-04	8.31e-07	0.00e+00	0.00e+00	0.00e+00	0.00e+00	0.00e+00	0.00e+00
 2.14432e+23	2.59e-02	4.33e-01	5.41e-01	9.71e-05	8.12e-07	0.00e+00	0.00e+00	0.00e+00	0.00e+00	0.00e+00	0.00e+00
 2.14538e+23	2.64e-02	4.33e-01	5.40e-01	9.42e-05	7.92e-07	0.00e+00	0.00e+00	0.00e+00	0.00e+00	0.00e+00	0.00e+00
 2.14645e+23	2.69e-02	4.33e-01	5.40e-01	9.15e-05	7.74e-07	0.00e+00	0.00e+00	0.00e+00	0.00e+00	0.00e+00	0.00e+00
 2.14754e+23	2.74e-02	4.33e-01	5.40e-01	8.89e-05	7.57e-07	0.00e+00	0.00e+00	0.00e+00	0.00e+00	0.00e+00	0.00e+00
 2.14866e+23	2.79e-02	4.33e-01	5.39e-01	8.63e-05	7.40e-07	0.00e+00	0.00e+00	0.00e+00	0.00e+00	0.00e+00	0.00e+00
 2.14981e+23	2.86e-02	4.33e-01	5.38e-01	8.38e-05	7.23e-07	0.00e+00	0.00e+00	0.00e+00	0.00e+00	0.00e+00	0.00e+00
 2.15098e+23	2.92e-02	4.33e-01	5.37e-01	8.14e-05	7.07e-07	0.00e+00	0.00e+00	0.00e+00	0.00e+00	0.00e+00	0.00e+00
 2.15218e+23	2.98e-02	4.34e-01	5.36e-01	7.90e-05	6.92e-07	0.00e+00	0.00e+00	0.00e+00	0.00e+00	0.00e+00	0.00e+00
 2.15342e+23	3.05e-02	4.34e-01	5.35e-01	7.67e-05	6.76e-07	0.00e+00	0.00e+00	0.00e+00	0.00e+00	0.00e+00	0.00e+00
 2.15470e+23	3.13e-02	4.35e-01	5.33e-01	7.45e-05	6.61e-07	0.00e+00	0.00e+00	0.00e+00	0.00e+00	0.00e+00	0.00e+00
 2.15601e+23	3.21e-02	4.36e-01	5.32e-01	7.23e-05	6.47e-07	0.00e+00	0.00e+00	0.00e+00	0.00e+00	0.00e+00	0.00e+00
 2.15735e+23	3.29e-02	4.37e-01	5.30e-01	7.01e-05	6.33e-07	0.00e+00	0.00e+00	0.00e+00	0.00e+00	0.00e+00	0.00e+00
 2.15873e+23	3.38e-02	4.39e-01	5.27e-01	6.80e-05	6.19e-07	0.00e+00	0.00e+00	0.00e+00	0.00e+00	0.00e+00	0.00e+00
 2.16016e+23	3.48e-02	4.40e-01	5.25e-01	6.60e-05	6.05e-07	0.00e+00	0.00e+00	0.00e+00	0.00e+00	0.00e+00	0.00e+00
 2.16164e+23	3.58e-02	4.42e-01	5.22e-01	6.39e-05	5.91e-07	0.00e+00	0.00e+00	0.00e+00	0.00e+00	0.00e+00	0.00e+00
 2.16316e+23	3.69e-02	4.44e-01	5.19e-01	6.19e-05	5.78e-07	0.00e+00	0.00e+00	0.00e+00	0.00e+00	0.00e+00	0.00e+00
 2.16472e+23	3.81e-02	4.46e-01	5.16e-01	6.00e-05	5.65e-07	0.00e+00	0.00e+00	0.00e+00	0.00e+00	0.00e+00	0.00e+00
 2.16634e+23	3.93e-02	4.48e-01	5.13e-01	5.81e-05	5.52e-07	0.00e+00	0.00e+00	0.00e+00	0.00e+00	0.00e+00	0.00e+00
 2.16801e+23	4.06e-02	4.51e-01	5.09e-01	5.62e-05	5.39e-07	0.00e+00	0.00e+00	0.00e+00	0.00e+00	0.00e+00	0.00e+00
 2.16974e+23	4.20e-02	4.53e-01	5.05e-01	5.43e-05	5.26e-07	0.00e+00	0.00e+00	0.00e+00	0.00e+00	0.00e+00	0.00e+00
 2.17153e+23	4.35e-02	4.56e-01	5.00e-01	5.25e-05	5.13e-07	0.00e+00	0.00e+00	0.00e+00	0.00e+00	0.00e+00	0.00e+00
 2.17337e+23	4.51e-02	4.59e-01	4.96e-01	5.07e-05	5.01e-07	0.00e+00	0.00e+00	0.00e+00	0.00e+00	0.00e+00	0.00e+00
 2.17525e+23	4.66e-02	4.62e-01	4.91e-01	4.90e-05	4.89e-07	0.00e+00	0.00e+00	0.00e+00	0.00e+00	0.00e+00	0.00e+00
 2.17715e+23	4.84e-02	4.65e-01	4.86e-01	4.73e-05	4.77e-07	0.00e+00	0.00e+00	0.00e+00	0.00e+00	0.00e+00	0.00e+00
 2.17912e+23	5.03e-02	4.69e-01	4.81e-01	4.57e-05	4.65e-07	0.00e+00	0.00e+00	0.00e+00	0.00e+00	0.00e+00	0.00e+00
 2.18116e+23	5.22e-02	4.73e-01	4.75e-01	4.40e-05	4.53e-07	0.00e+00	0.00e+00	0.00e+00	0.00e+00	0.00e+00	0.00e+00
 2.18325e+23	5.43e-02	4.76e-01	4.69e-01	4.25e-05	4.41e-07	0.00e+00	0.00e+00	0.00e+00	0.00e+00	0.00e+00	0.00e+00
 2.18536e+23	5.64e-02	4.80e-01	4.63e-01	4.10e-05	4.30e-07	0.00e+00	0.00e+00	0.00e+00	0.00e+00	0.00e+00	0.00e+00
 2.18752e+23	5.88e-02	4.84e-01	4.57e-01	3.95e-05	4.18e-07	0.00e+00	0.00e+00	0.00e+00	0.00e+00	0.00e+00	0.00e+00
 2.18979e+23	6.12e-02	4.88e-01	4.50e-01	3.80e-05	4.06e-07	0.00e+00	0.00e+00	0.00e+00	0.00e+00	0.00e+00	0.00e+00
 2.19213e+23	6.36e-02	4.93e-01	4.44e-01	3.65e-05	3.95e-07	0.00e+00	0.00e+00	0.00e+00	0.00e+00	0.00e+00	0.00e+00
 2.19453e+23	6.64e-02	4.97e-01	4.37e-01	3.51e-05	3.83e-07	0.00e+00	0.00e+00	0.00e+00	0.00e+00	0.00e+00	0.00e+00
 2.19704e+23	6.95e-02	5.01e-01	4.29e-01	3.37e-05	3.71e-07	0.00e+00	0.00e+00	0.00e+00	0.00e+00	0.00e+00	0.00e+00
 2.19966e+23	7.27e-02	5.06e-01	4.21e-01	3.23e-05	3.58e-07	0.00e+00	0.00e+00	0.00e+00	0.00e+00	0.00e+00	0.00e+00
 2.20236e+23	7.62e-02	5.11e-01	4.13e-01	3.09e-05	3.46e-07	0.00e+00	0.00e+00	0.00e+00	0.00e+00	0.00e+00	0.00e+00
 2.20516e+23	8.01e-02	5.16e-01	4.04e-01	2.95e-05	3.33e-07	0.00e+00	0.00e+00	0.00e+00	0.00e+00	0.00e+00	0.00e+00
 2.20795e+23	8.39e-02	5.20e-01	3.96e-01	2.82e-05	3.21e-07	0.00e+00	0.00e+00	0.00e+00	0.00e+00	0.00e+00	0.00e+00
 2.21064e+23	8.79e-02	5.25e-01	3.87e-01	2.70e-05	3.09e-07	0.00e+00	0.00e+00	0.00e+00	0.00e+00	0.00e+00	0.00e+00
 2.21324e+23	9.20e-02	5.29e-01	3.79e-01	2.59e-05	2.98e-07	0.00e+00	0.00e+00	0.00e+00	0.00e+00	0.00e+00	0.00e+00
 2.21574e+23	9.61e-02	5.33e-01	3.71e-01	2.48e-05	2.87e-07	0.00e+00	0.00e+00	0.00e+00	0.00e+00	0.00e+00	0.00e+00
 2.21815e+23	1.00e-01	5.37e-01	3.63e-01	2.35e-05	2.77e-07	0.00e+00	0.00e+00	0.00e+00	0.00e+00	0.00e+00	0.00e+00
 2.22043e+23	1.04e-01	5.40e-01	3.55e-01	2.23e-05	2.67e-07	0.00e+00	0.00e+00	0.00e+00	0.00e+00	0.00e+00	0.00e+00
 2.22257e+23	1.08e-01	5.43e-01	3.48e-01	2.13e-05	2.58e-07	0.00e+00	0.00e+00	0.00e+00	0.00e+00	0.00e+00	0.00e+00
 2.22464e+23	1.13e-01	5.46e-01	3.41e-01	2.03e-05	2.49e-07	0.00e+00	0.00e+00	0.00e+00	0.00e+00	0.00e+00	0.00e+00
 2.22672e+23	1.17e-01	5.49e-01	3.34e-01	1.94e-05	2.40e-07	0.00e+00	0.00e+00	0.00e+00	0.00e+00	0.00e+00	0.00e+00
 2.22873e+23	1.21e-01	5.52e-01	3.27e-01	1.85e-05	2.32e-07	0.00e+00	0.00e+00	0.00e+00	0.00e+00	0.00e+00	0.00e+00
 2.23068e+23	1.26e-01	5.54e-01	3.20e-01	1.77e-05	2.24e-07	0.00e+00	0.00e+00	0.00e+00	0.00e+00	0.00e+00	0.00e+00
 2.23255e+23	1.30e-01	5.56e-01	3.14e-01	1.69e-05	2.16e-07	0.00e+00	0.00e+00	0.00e+00	0.00e+00	0.00e+00	0.00e+00
 2.23437e+23	1.34e-01	5.58e-01	3.07e-01	1.62e-05	2.09e-07	0.00e+00	0.00e+00	0.00e+00	0.00e+00	0.00e+00	0.00e+00
 2.23612e+23	1.39e-01	5.60e-01	3.01e-01	1.55e-05	2.01e-07	0.00e+00	0.00e+00	0.00e+00	0.00e+00	0.00e+00	0.00e+00
 2.23782e+23	1.44e-01	5.62e-01	2.95e-01	1.49e-05	1.95e-07	0.00e+00	0.00e+00	0.00e+00	0.00e+00	0.00e+00	0.00e+00
 2.23947e+23	1.48e-01	5.63e-01	2.89e-01	1.43e-05	1.88e-07	0.00e+00	0.00e+00	0.00e+00	0.00e+00	0.00e+00	0.00e+00
 2.24105e+23	1.53e-01	5.65e-01	2.83e-01	1.37e-05	1.82e-07	0.00e+00	0.00e+00	0.00e+00	0.00e+00	0.00e+00	0.00e+00
 2.24255e+23	1.57e-01	5.66e-01	2.77e-01	1.32e-05	1.76e-07	0.00e+00	0.00e+00	0.00e+00	0.00e+00	0.00e+00	0.00e+00
 2.24403e+23	1.62e-01	5.67e-01	2.71e-01	1.27e-05	1.70e-07	0.00e+00	0.00e+00	0.00e+00	0.00e+00	0.00e+00	0.00e+00
 2.24546e+23	1.67e-01	5.68e-01	2.65e-01	1.22e-05	1.64e-07	0.00e+00	0.00e+00	0.00e+00	0.00e+00	0.00e+00	0.00e+00
 2.24682e+23	1.72e-01	5.69e-01	2.60e-01	1.18e-05	1.59e-07	0.00e+00	0.00e+00	0.00e+00	0.00e+00	0.00e+00	0.00e+00
 2.24811e+23	1.76e-01	5.69e-01	2.54e-01	1.14e-05	1.54e-07	0.00e+00	0.00e+00	0.00e+00	0.00e+00	0.00e+00	0.00e+00
 2.24928e+23	1.81e-01	5.70e-01	2.50e-01	1.10e-05	1.49e-07	0.00e+00	0.00e+00	0.00e+00	0.00e+00	0.00e+00	0.00e+00
 2.25035e+23	1.85e-01	5.70e-01	2.45e-01	1.07e-05	1.45e-07	0.00e+00	0.00e+00	0.00e+00	0.00e+00	0.00e+00	0.00e+00
 2.25132e+23	1.89e-01	5.70e-01	2.41e-01	1.04e-05	1.42e-07	0.00e+00	0.00e+00	0.00e+00	0.00e+00	0.00e+00	0.00e+00
 2.25220e+23	1.93e-01	5.70e-01	2.37e-01	1.01e-05	1.38e-07	0.00e+00	0.00e+00	0.00e+00	0.00e+00	0.00e+00	0.00e+00
 2.25300e+23	1.96e-01	5.70e-01	2.33e-01	9.86e-06	1.35e-07	0.00e+00	0.00e+00	0.00e+00	0.00e+00	0.00e+00	0.00e+00
 2.25373e+23	2.00e-01	5.71e-01	2.30e-01	9.64e-06	1.33e-07	0.00e+00	0.00e+00	0.00e+00	0.00e+00	0.00e+00	0.00e+00
 2.25453e+23	2.04e-01	5.70e-01	2.26e-01	9.38e-06	1.29e-07	0.00e+00	0.00e+00	0.00e+00	0.00e+00	0.00e+00	0.00e+00
 2.25540e+23	2.08e-01	5.70e-01	2.22e-01	9.14e-06	1.26e-07	0.00e+00	0.00e+00	0.00e+00	0.00e+00	0.00e+00	0.00e+00
 2.25619e+23	2.11e-01	5.70e-01	2.19e-01	8.93e-06	0.00e+00	0.00e+00	0.00e+00	0.00e+00	0.00e+00	0.00e+00	0.00e+00
 2.25690e+23	2.15e-01	5.70e-01	2.16e-01	8.73e-06	0.00e+00	0.00e+00	0.00e+00	0.00e+00	0.00e+00	0.00e+00	0.00e+00
 2.25756e+23	2.17e-01	5.70e-01	2.13e-01	8.56e-06	0.00e+00	0.00e+00	0.00e+00	0.00e+00	0.00e+00	0.00e+00	0.00e+00
 2.25827e+23	2.21e-01	5.69e-01	2.09e-01	8.35e-06	0.00e+00	0.00e+00	0.00e+00	0.00e+00	0.00e+00	0.00e+00	0.00e+00
 2.25920e+23	2.26e-01	5.69e-01	2.05e-01	8.08e-06	0.00e+00	0.00e+00	0.00e+00	0.00e+00	0.00e+00	0.00e+00	0.00e+00
 2.26020e+23	2.30e-01	5.68e-01	2.01e-01	7.85e-06	0.00e+00	0.00e+00	0.00e+00	0.00e+00	0.00e+00	0.00e+00	0.00e+00
 2.26111e+23	2.35e-01	5.68e-01	1.98e-01	7.62e-06	0.00e+00	0.00e+00	0.00e+00	0.00e+00	0.00e+00	0.00e+00	0.00e+00
 2.26194e+23	2.38e-01	5.67e-01	1.95e-01	7.44e-06	0.00e+00	0.00e+00	0.00e+00	0.00e+00	0.00e+00	0.00e+00	0.00e+00
 2.26285e+23	2.43e-01	5.66e-01	1.91e-01	7.22e-06	0.00e+00	0.00e+00	0.00e+00	0.00e+00	0.00e+00	0.00e+00	0.00e+00
 2.26384e+23	2.47e-01	5.65e-01	1.87e-01	7.01e-06	0.00e+00	0.00e+00	0.00e+00	0.00e+00	0.00e+00	0.00e+00	0.00e+00
 2.26473e+23	2.51e-01	5.65e-01	1.84e-01	6.84e-06	0.00e+00	0.00e+00	0.00e+00	0.00e+00	0.00e+00	0.00e+00	0.00e+00
 2.26571e+23	2.56e-01	5.64e-01	1.80e-01	6.62e-06	0.00e+00	0.00e+00	0.00e+00	0.00e+00	0.00e+00	0.00e+00	0.00e+00
 2.26677e+23	2.61e-01	5.63e-01	1.77e-01	6.41e-06	0.00e+00	0.00e+00	0.00e+00	0.00e+00	0.00e+00	0.00e+00	0.00e+00
 2.26773e+23	2.65e-01	5.62e-01	1.74e-01	6.24e-06	0.00e+00	0.00e+00	0.00e+00	0.00e+00	0.00e+00	0.00e+00	0.00e+00
 2.26860e+23	2.69e-01	5.60e-01	1.71e-01	6.07e-06	0.00e+00	0.00e+00	0.00e+00	0.00e+00	0.00e+00	0.00e+00	0.00e+00
 2.26940e+23	2.73e-01	5.59e-01	1.68e-01	5.91e-06	0.00e+00	0.00e+00	0.00e+00	0.00e+00	0.00e+00	0.00e+00	0.00e+00
 2.27013e+23	2.76e-01	5.58e-01	1.65e-01	5.79e-06	0.00e+00	0.00e+00	0.00e+00	0.00e+00	0.00e+00	0.00e+00	0.00e+00
 2.27092e+23	2.81e-01	5.57e-01	1.62e-01	5.63e-06	0.00e+00	0.00e+00	0.00e+00	0.00e+00	0.00e+00	0.00e+00	0.00e+00
 2.27195e+23	2.87e-01	5.55e-01	1.58e-01	5.43e-06	0.00e+00	0.00e+00	0.00e+00	0.00e+00	0.00e+00	0.00e+00	0.00e+00
 2.27307e+23	2.91e-01	5.54e-01	1.55e-01	5.27e-06	0.00e+00	0.00e+00	0.00e+00	0.00e+00	0.00e+00	0.00e+00	0.00e+00
 2.27408e+23	2.96e-01	5.52e-01	1.52e-01	5.09e-06	0.00e+00	0.00e+00	0.00e+00	0.00e+00	0.00e+00	0.00e+00	0.00e+00
 2.27501e+23	3.01e-01	5.50e-01	1.49e-01	4.95e-06	0.00e+00	0.00e+00	0.00e+00	0.00e+00	0.00e+00	0.00e+00	0.00e+00
 2.27585e+23	3.05e-01	5.49e-01	1.46e-01	4.82e-06	0.00e+00	0.00e+00	0.00e+00	0.00e+00	0.00e+00	0.00e+00	0.00e+00
 2.27661e+23	3.10e-01	5.47e-01	1.43e-01	4.69e-06	0.00e+00	0.00e+00	0.00e+00	0.00e+00	0.00e+00	0.00e+00	0.00e+00
 2.27745e+23	3.15e-01	5.45e-01	1.40e-01	4.55e-06	0.00e+00	0.00e+00	0.00e+00	0.00e+00	0.00e+00	0.00e+00	0.00e+00
 2.27835e+23	3.20e-01	5.43e-01	1.37e-01	4.41e-06	0.00e+00	0.00e+00	0.00e+00	0.00e+00	0.00e+00	0.00e+00	0.00e+00
 2.27918e+23	3.24e-01	5.41e-01	1.35e-01	4.30e-06	0.00e+00	0.00e+00	0.00e+00	0.00e+00	0.00e+00	0.00e+00	0.00e+00
 2.27993e+23	3.28e-01	5.39e-01	1.32e-01	4.19e-06	0.00e+00	0.00e+00	0.00e+00	0.00e+00	0.00e+00	0.00e+00	0.00e+00
 2.28061e+23	3.32e-01	5.38e-01	1.30e-01	4.11e-06	0.00e+00	0.00e+00	0.00e+00	0.00e+00	0.00e+00	0.00e+00	0.00e+00
 2.28136e+23	3.37e-01	5.36e-01	1.28e-01	3.99e-06	0.00e+00	0.00e+00	0.00e+00	0.00e+00	0.00e+00	0.00e+00	0.00e+00
 2.28233e+23	3.42e-01	5.33e-01	1.25e-01	3.86e-06	0.00e+00	0.00e+00	0.00e+00	0.00e+00	0.00e+00	0.00e+00	0.00e+00
 2.28337e+23	3.47e-01	5.31e-01	1.22e-01	3.74e-06	0.00e+00	0.00e+00	0.00e+00	0.00e+00	0.00e+00	0.00e+00	0.00e+00
 2.28433e+23	3.52e-01	5.28e-01	1.19e-01	3.62e-06	0.00e+00	0.00e+00	0.00e+00	0.00e+00	0.00e+00	0.00e+00	0.00e+00
 2.28520e+23	3.57e-01	5.26e-01	1.17e-01	3.53e-06	0.00e+00	0.00e+00	0.00e+00	0.00e+00	0.00e+00	0.00e+00	0.00e+00
 2.28615e+23	3.63e-01	5.23e-01	1.14e-01	3.40e-06	0.00e+00	0.00e+00	0.00e+00	0.00e+00	0.00e+00	0.00e+00	0.00e+00
 2.28718e+23	3.68e-01	5.20e-01	1.11e-01	3.29e-06	0.00e+00	0.00e+00	0.00e+00	0.00e+00	0.00e+00	0.00e+00	0.00e+00
 2.28811e+23	3.73e-01	5.18e-01	1.09e-01	3.20e-06	0.00e+00	0.00e+00	0.00e+00	0.00e+00	0.00e+00	0.00e+00	0.00e+00
 2.28896e+23	3.78e-01	5.15e-01	1.07e-01	3.11e-06	0.00e+00	0.00e+00	0.00e+00	0.00e+00	0.00e+00	0.00e+00	0.00e+00
 2.28973e+23	3.81e-01	5.14e-01	1.05e-01	3.04e-06	0.00e+00	0.00e+00	0.00e+00	0.00e+00	0.00e+00	0.00e+00	0.00e+00
 2.29058e+23	3.86e-01	5.11e-01	1.03e-01	2.95e-06	0.00e+00	0.00e+00	0.00e+00	0.00e+00	0.00e+00	0.00e+00	0.00e+00
 2.29168e+23	3.91e-01	5.08e-01	1.01e-01	2.85e-06	0.00e+00	0.00e+00	0.00e+00	0.00e+00	0.00e+00	0.00e+00	0.00e+00
 2.29287e+23	3.96e-01	5.05e-01	9.84e-02	2.76e-06	0.00e+00	0.00e+00	0.00e+00	0.00e+00	0.00e+00	0.00e+00	0.00e+00
