#depth	Si	Si+	Si+2	Si+3	Si+4	Si+5	Si+6	Si+7	Si+8	Si+9	Si+10	Si+11	Si+12	Si+13	Si+14
 1.54284e+22	0.00e+00	4.68e-22	3.25e-18	3.47e-15	1.66e-11	6.82e-09	7.99e-07	2.92e-05	4.81e-04	3.32e-03	1.15e-02	4.11e-02	3.73e-01	4.24e-01	1.46e-01
 3.42551e+22	1.04e-32	4.02e-19	9.68e-16	3.81e-13	2.30e-09	7.95e-07	6.62e-05	1.42e-03	1.31e-02	4.57e-02	7.18e-02	1.11e-01	4.75e-01	2.43e-01	3.85e-02
 3.87387e+22	7.47e-32	2.01e-18	3.68e-15	1.07e-12	7.10e-09	2.40e-06	1.84e-04	3.45e-03	2.69e-02	7.88e-02	1.02e-01	1.28e-01	4.52e-01	1.86e-01	2.36e-02
 4.03667e+22	1.81e-31	4.16e-18	6.74e-15	1.71e-12	1.16e-08	3.88e-06	2.88e-04	5.08e-03	3.66e-02	9.85e-02	1.16e-01	1.34e-01	4.31e-01	1.60e-01	1.84e-02
 4.10451e+22	2.24e-31	4.95e-18	7.81e-15	1.91e-12	1.31e-08	4.35e-06	3.20e-04	5.56e-03	3.92e-02	1.04e-01	1.20e-01	1.35e-01	4.25e-01	1.54e-01	1.73e-02
 4.13571e+22	2.94e-31	6.21e-18	9.42e-15	2.21e-12	1.52e-08	5.03e-06	3.66e-04	6.25e-03	4.29e-02	1.11e-01	1.24e-01	1.36e-01	4.17e-01	1.46e-01	1.59e-02
 4.16884e+22	3.73e-31	7.55e-18	1.11e-14	2.50e-12	1.73e-08	5.70e-06	4.11e-04	6.90e-03	4.64e-02	1.17e-01	1.28e-01	1.37e-01	4.10e-01	1.40e-01	1.48e-02
 4.20448e+22	5.00e-31	9.62e-18	1.36e-14	2.93e-12	2.03e-08	6.65e-06	4.74e-04	7.80e-03	5.10e-02	1.25e-01	1.33e-01	1.38e-01	4.00e-01	1.32e-01	1.34e-02
 4.24107e+22	3.14e-31	1.18e-17	1.61e-14	3.35e-12	2.32e-08	7.56e-06	5.33e-04	8.63e-03	5.51e-02	1.32e-01	1.37e-01	1.38e-01	3.91e-01	1.25e-01	1.24e-02
 4.27381e+22	3.98e-31	1.43e-17	1.90e-14	3.80e-12	2.63e-08	8.53e-06	5.96e-04	9.50e-03	5.92e-02	1.39e-01	1.41e-01	1.39e-01	3.83e-01	1.19e-01	1.15e-02
 4.31127e+22	5.39e-31	1.84e-17	2.34e-14	4.47e-12	3.08e-08	9.95e-06	6.87e-04	1.07e-02	6.49e-02	1.48e-01	1.45e-01	1.39e-01	3.71e-01	1.11e-01	1.03e-02
 4.34937e+22	6.81e-31	2.24e-17	2.76e-14	5.09e-12	3.50e-08	1.12e-05	7.66e-04	1.18e-02	6.96e-02	1.55e-01	1.48e-01	1.38e-01	3.62e-01	1.05e-01	9.52e-03
 4.38271e+22	8.55e-31	2.70e-17	3.23e-14	5.77e-12	3.94e-08	1.26e-05	8.50e-04	1.28e-02	7.43e-02	1.61e-01	1.51e-01	1.38e-01	3.53e-01	9.98e-02	8.78e-03
 4.42046e+22	1.15e-30	3.44e-17	3.96e-14	6.76e-12	4.58e-08	1.45e-05	9.70e-04	1.44e-02	8.07e-02	1.71e-01	1.55e-01	1.37e-01	3.40e-01	9.29e-02	7.89e-03
 4.45827e+22	1.42e-30	4.12e-17	4.62e-14	7.66e-12	5.14e-08	1.62e-05	1.07e-03	1.56e-02	8.56e-02	1.77e-01	1.57e-01	1.37e-01	3.31e-01	8.81e-02	7.30e-03
 4.49615e+22	1.89e-30	5.24e-17	5.65e-14	8.94e-12	5.95e-08	1.86e-05	1.21e-03	1.73e-02	9.26e-02	1.86e-01	1.61e-01	1.35e-01	3.18e-01	8.17e-02	6.53e-03
 4.53468e+22	2.35e-30	6.29e-17	6.61e-14	1.02e-11	6.68e-08	2.07e-05	1.33e-03	1.88e-02	9.80e-02	1.93e-01	1.63e-01	1.34e-01	3.09e-01	7.72e-02	6.02e-03
 4.57405e+22	3.13e-30	7.99e-17	8.10e-14	1.19e-11	7.72e-08	2.37e-05	1.51e-03	2.08e-02	1.06e-01	2.02e-01	1.65e-01	1.32e-01	2.96e-01	7.14e-02	5.37e-03
 4.61474e+22	3.94e-30	9.70e-17	9.57e-14	1.36e-11	8.71e-08	2.65e-05	1.67e-03	2.26e-02	1.12e-01	2.09e-01	1.67e-01	1.31e-01	2.86e-01	6.70e-02	4.90e-03
 4.65716e+22	5.32e-30	1.25e-16	1.19e-13	1.61e-11	1.01e-07	3.06e-05	1.89e-03	2.51e-02	1.20e-01	2.18e-01	1.69e-01	1.28e-01	2.72e-01	6.14e-02	4.33e-03
 4.70058e+22	6.74e-30	1.52e-16	1.41e-13	1.86e-11	1.15e-07	3.42e-05	2.09e-03	2.72e-02	1.27e-01	2.25e-01	1.70e-01	1.26e-01	2.61e-01	5.73e-02	3.92e-03
 4.74533e+22	9.18e-30	1.97e-16	1.76e-13	2.21e-11	1.34e-07	3.94e-05	2.37e-03	3.02e-02	1.37e-01	2.34e-01	1.71e-01	1.23e-01	2.47e-01	5.21e-02	3.44e-03
 4.79172e+22	1.18e-29	2.44e-16	2.11e-13	2.57e-11	1.52e-07	4.43e-05	2.62e-03	3.27e-02	1.44e-01	2.41e-01	1.71e-01	1.21e-01	2.36e-01	4.83e-02	3.09e-03
 4.84024e+22	1.64e-29	3.20e-16	2.67e-13	3.09e-11	1.78e-07	5.14e-05	2.99e-03	3.64e-02	1.55e-01	2.50e-01	1.71e-01	1.17e-01	2.21e-01	4.34e-02	2.67e-03
 4.88991e+22	2.12e-29	3.98e-16	3.22e-13	3.61e-11	2.04e-07	5.78e-05	3.31e-03	3.95e-02	1.63e-01	2.57e-01	1.71e-01	1.14e-01	2.10e-01	3.99e-02	2.37e-03
 4.94108e+22	2.98e-29	5.29e-16	4.11e-13	4.37e-11	2.40e-07	6.71e-05	3.77e-03	4.39e-02	1.75e-01	2.65e-01	1.70e-01	1.10e-01	1.95e-01	3.55e-02	2.02e-03
 4.99265e+22	3.85e-29	6.55e-16	4.96e-13	5.09e-11	2.73e-07	7.53e-05	4.16e-03	4.74e-02	1.83e-01	2.71e-01	1.69e-01	1.06e-01	1.84e-01	3.25e-02	1.79e-03
 5.04475e+22	5.37e-29	8.67e-16	6.30e-13	6.17e-11	3.20e-07	8.70e-05	4.71e-03	5.23e-02	1.95e-01	2.78e-01	1.67e-01	1.02e-01	1.71e-01	2.88e-02	1.52e-03
 5.09794e+22	7.03e-29	1.09e-15	7.66e-13	7.21e-11	3.64e-07	9.76e-05	5.20e-03	5.65e-02	2.05e-01	2.83e-01	1.65e-01	9.82e-02	1.60e-01	2.61e-02	1.33e-03
 5.15256e+22	9.86e-29	1.44e-15	9.78e-13	8.76e-11	4.27e-07	1.13e-04	5.88e-03	6.22e-02	2.17e-01	2.89e-01	1.62e-01	9.34e-02	1.47e-01	2.29e-02	1.12e-03
 5.20831e+22	1.30e-28	1.83e-15	1.20e-12	1.03e-10	4.86e-07	1.27e-04	6.50e-03	6.73e-02	2.27e-01	2.93e-01	1.59e-01	8.94e-02	1.36e-01	2.05e-02	9.65e-04
 5.25798e+22	1.71e-28	2.30e-15	1.46e-12	1.20e-10	5.51e-07	1.42e-04	7.15e-03	7.24e-02	2.36e-01	2.97e-01	1.56e-01	8.54e-02	1.26e-01	1.83e-02	8.33e-04
 5.31499e+22	2.42e-28	3.10e-15	1.87e-12	1.46e-10	6.45e-07	1.63e-04	8.08e-03	7.96e-02	2.49e-01	3.00e-01	1.52e-01	8.03e-02	1.14e-01	1.58e-02	6.85e-04
 5.36905e+22	3.05e-28	3.77e-15	2.22e-12	1.68e-10	7.19e-07	1.79e-04	8.75e-03	8.45e-02	2.57e-01	3.02e-01	1.49e-01	7.69e-02	1.07e-01	1.43e-02	6.01e-04
 5.41927e+22	4.15e-28	4.91e-15	2.76e-12	1.98e-10	8.19e-07	2.02e-04	9.70e-03	9.16e-02	2.68e-01	3.04e-01	1.44e-01	7.24e-02	9.71e-02	1.24e-02	5.00e-04
 5.46965e+22	5.22e-28	5.99e-15	3.27e-12	2.27e-10	9.08e-07	2.21e-04	1.05e-02	9.71e-02	2.76e-01	3.04e-01	1.40e-01	6.90e-02	9.03e-02	1.12e-02	4.36e-04
 5.52023e+22	7.04e-28	7.76e-15	4.06e-12	2.68e-10	1.03e-06	2.48e-04	1.16e-02	1.05e-01	2.87e-01	3.05e-01	1.36e-01	6.47e-02	8.18e-02	9.71e-03	3.62e-04
 5.57195e+22	8.97e-28	9.60e-15	4.85e-12	3.07e-10	1.14e-06	2.72e-04	1.25e-02	1.11e-01	2.95e-01	3.04e-01	1.31e-01	6.13e-02	7.52e-02	8.62e-03	3.10e-04
 5.62517e+22	1.23e-27	1.26e-14	6.09e-12	3.65e-10	1.30e-06	3.06e-04	1.38e-02	1.20e-01	3.05e-01	3.03e-01	1.26e-01	5.70e-02	6.73e-02	7.35e-03	2.52e-04
 5.67865e+22	1.55e-27	1.56e-14	7.26e-12	4.18e-10	1.44e-06	3.34e-04	1.49e-02	1.27e-01	3.13e-01	3.01e-01	1.21e-01	5.38e-02	6.17e-02	6.50e-03	2.15e-04
 5.73248e+22	2.11e-27	2.06e-14	9.12e-12	4.97e-10	1.63e-06	3.74e-04	1.64e-02	1.37e-01	3.23e-01	2.98e-01	1.15e-01	4.97e-02	5.48e-02	5.50e-03	1.73e-04
 5.78734e+22	2.71e-27	2.58e-14	1.10e-11	5.71e-10	1.81e-06	4.10e-04	1.77e-02	1.45e-01	3.30e-01	2.95e-01	1.10e-01	4.65e-02	4.97e-02	4.80e-03	1.45e-04
 5.84353e+22	3.72e-27	3.47e-14	1.39e-11	6.84e-10	2.05e-06	4.59e-04	1.96e-02	1.56e-01	3.39e-01	2.91e-01	1.04e-01	4.26e-02	4.36e-02	4.00e-03	1.15e-04
 5.90069e+22	4.78e-27	4.39e-14	1.68e-11	7.90e-10	2.27e-06	5.03e-04	2.11e-02	1.65e-01	3.45e-01	2.86e-01	9.89e-02	3.96e-02	3.92e-02	3.44e-03	9.52e-05
 5.95911e+22	6.60e-27	5.97e-14	2.16e-11	9.53e-10	2.59e-06	5.64e-04	2.33e-02	1.78e-01	3.53e-01	2.79e-01	9.23e-02	3.60e-02	3.40e-02	2.82e-03	7.39e-05
 6.01838e+22	8.52e-27	7.64e-14	2.63e-11	1.11e-09	2.88e-06	6.18e-04	2.52e-02	1.89e-01	3.59e-01	2.74e-01	8.70e-02	3.32e-02	3.02e-02	2.41e-03	6.02e-05
 6.07700e+22	1.16e-26	1.04e-13	3.37e-11	1.33e-09	3.27e-06	6.91e-04	2.76e-02	2.02e-01	3.65e-01	2.65e-01	8.07e-02	3.00e-02	2.61e-02	1.96e-03	4.66e-05
 6.13298e+22	1.45e-26	1.30e-13	4.03e-11	1.53e-09	3.60e-06	7.50e-04	2.96e-02	2.12e-01	3.69e-01	2.59e-01	7.62e-02	2.78e-02	2.34e-02	1.69e-03	3.85e-05
 6.18730e+22	1.94e-26	1.75e-13	5.12e-11	1.84e-09	4.08e-06	8.34e-04	3.22e-02	2.27e-01	3.73e-01	2.50e-01	7.03e-02	2.51e-02	2.02e-02	1.38e-03	2.99e-05
 6.24265e+22	2.45e-26	2.23e-13	6.20e-11	2.13e-09	4.52e-06	9.09e-04	3.46e-02	2.38e-01	3.76e-01	2.42e-01	6.58e-02	2.31e-02	1.79e-02	1.17e-03	2.43e-05
 6.29671e+22	3.20e-26	2.98e-13	7.82e-11	2.55e-09	5.11e-06	1.01e-03	3.75e-02	2.53e-01	3.78e-01	2.33e-01	6.06e-02	2.08e-02	1.54e-02	9.61e-04	1.89e-05
 6.35190e+22	4.06e-26	3.86e-13	9.61e-11	2.99e-09	5.72e-06	1.10e-03	4.03e-02	2.66e-01	3.79e-01	2.24e-01	5.61e-02	1.90e-02	1.35e-02	8.04e-04	1.51e-05
 6.40571e+22	5.19e-26	5.12e-13	1.21e-10	3.58e-09	6.47e-06	1.22e-03	4.36e-02	2.80e-01	3.80e-01	2.14e-01	5.15e-02	1.71e-02	1.17e-02	6.60e-04	1.18e-05
 6.46057e+22	6.58e-26	6.72e-13	1.50e-10	4.25e-09	7.31e-06	1.34e-03	4.69e-02	2.95e-01	3.79e-01	2.05e-01	4.73e-02	1.55e-02	1.01e-02	5.45e-04	9.32e-06
 6.51499e+22	8.37e-26	8.92e-13	1.88e-10	5.10e-09	8.31e-06	1.49e-03	5.06e-02	3.10e-01	3.77e-01	1.95e-01	4.32e-02	1.39e-02	8.69e-03	4.47e-04	7.27e-06
 6.56967e+22	1.06e-25	1.18e-12	2.36e-10	6.12e-09	9.45e-06	1.64e-03	5.45e-02	3.25e-01	3.75e-01	1.85e-01	3.93e-02	1.25e-02	7.48e-03	3.66e-04	5.68e-06
 6.62376e+22	1.34e-25	1.56e-12	2.95e-10	7.35e-09	1.08e-05	1.82e-03	5.86e-02	3.40e-01	3.71e-01	1.75e-01	3.58e-02	1.12e-02	6.42e-03	3.00e-04	4.43e-06
 6.67774e+22	1.69e-25	2.06e-12	3.71e-10	8.85e-09	1.23e-05	2.01e-03	6.30e-02	3.55e-01	3.67e-01	1.65e-01	3.24e-02	1.01e-02	5.51e-03	2.45e-04	3.45e-06
 6.73185e+22	2.13e-25	2.72e-12	4.66e-10	1.07e-08	1.41e-05	2.22e-03	6.76e-02	3.70e-01	3.62e-01	1.55e-01	2.93e-02	8.99e-03	4.70e-03	1.99e-04	2.68e-06
 6.78621e+22	2.69e-25	3.60e-12	5.86e-10	1.30e-08	1.62e-05	2.47e-03	7.26e-02	3.85e-01	3.56e-01	1.45e-01	2.64e-02	8.01e-03	4.01e-03	1.62e-04	2.07e-06
 6.84093e+22	3.39e-25	4.76e-12	7.39e-10	1.57e-08	1.87e-05	2.74e-03	7.79e-02	4.00e-01	3.49e-01	1.36e-01	2.37e-02	7.12e-03	3.41e-03	1.31e-04	1.60e-06
 6.89618e+22	4.30e-25	6.31e-12	9.34e-10	1.92e-08	2.16e-05	3.04e-03	8.35e-02	4.15e-01	3.41e-01	1.27e-01	2.12e-02	6.30e-03	2.88e-03	1.06e-04	1.23e-06
 6.95213e+22	5.47e-25	8.37e-12	1.18e-09	2.34e-08	2.50e-05	3.38e-03	8.95e-02	4.30e-01	3.33e-01	1.18e-01	1.89e-02	5.57e-03	2.43e-03	8.48e-05	9.39e-07
 7.00835e+22	6.97e-25	1.10e-11	1.49e-09	2.86e-08	2.90e-05	3.75e-03	9.57e-02	4.44e-01	3.24e-01	1.09e-01	1.69e-02	4.91e-03	2.05e-03	6.81e-05	7.19e-07
 7.06550e+22	8.97e-25	1.47e-11	1.89e-09	3.51e-08	3.37e-05	4.17e-03	1.02e-01	4.58e-01	3.14e-01	1.01e-01	1.50e-02	4.31e-03	1.72e-03	5.42e-05	5.45e-07
 7.12336e+22	1.17e-24	1.94e-11	2.39e-09	4.30e-08	3.91e-05	4.63e-03	1.09e-01	4.71e-01	3.04e-01	9.27e-02	1.33e-02	3.78e-03	1.44e-03	4.33e-05	4.14e-07
 7.18238e+22	1.53e-24	2.59e-11	3.06e-09	5.32e-08	4.58e-05	5.17e-03	1.17e-01	4.84e-01	2.92e-01	8.49e-02	1.17e-02	3.29e-03	1.19e-03	3.41e-05	3.10e-07
 7.23719e+22	1.91e-24	3.24e-11	3.71e-09	6.30e-08	5.19e-05	5.63e-03	1.23e-01	4.94e-01	2.83e-01	7.91e-02	1.05e-02	2.94e-03	1.03e-03	2.82e-05	2.46e-07
 7.29361e+22	2.54e-24	4.34e-11	4.77e-09	7.85e-08	6.10e-05	6.30e-03	1.32e-01	5.06e-01	2.71e-01	7.19e-02	9.16e-03	2.53e-03	8.43e-04	2.19e-05	1.81e-07
 7.35114e+22	3.22e-24	5.46e-11	5.82e-09	9.34e-08	6.93e-05	6.87e-03	1.39e-01	5.15e-01	2.62e-01	6.66e-02	8.21e-03	2.25e-03	7.21e-04	1.79e-05	1.42e-07
 7.41010e+22	4.37e-24	7.35e-11	7.52e-09	1.17e-07	8.19e-05	7.70e-03	1.48e-01	5.25e-01	2.49e-01	6.01e-02	7.09e-03	1.92e-03	5.85e-04	1.38e-05	0.00e+00
 7.46922e+22	5.54e-24	9.15e-11	9.10e-09	1.39e-07	9.27e-05	8.36e-03	1.56e-01	5.32e-01	2.40e-01	5.57e-02	6.36e-03	1.71e-03	5.00e-04	1.13e-05	0.00e+00
 7.52853e+22	7.57e-24	1.22e-10	1.17e-08	1.73e-07	1.09e-04	9.33e-03	1.65e-01	5.40e-01	2.27e-01	5.02e-02	5.50e-03	1.46e-03	4.07e-04	8.70e-06	0.00e+00
 7.58826e+22	9.67e-24	1.51e-10	1.41e-08	2.05e-07	1.23e-04	1.01e-02	1.73e-01	5.45e-01	2.18e-01	4.63e-02	4.92e-03	1.29e-03	3.47e-04	7.12e-06	0.00e+00
 7.64852e+22	1.33e-23	1.99e-10	1.80e-08	2.55e-07	1.45e-04	1.13e-02	1.84e-01	5.52e-01	2.06e-01	4.17e-02	4.24e-03	1.10e-03	2.81e-04	5.47e-06	0.00e+00
 7.70932e+22	1.70e-23	2.46e-10	2.18e-08	3.02e-07	1.64e-04	1.22e-02	1.92e-01	5.55e-01	1.97e-01	3.84e-02	3.78e-03	9.70e-04	2.39e-04	4.46e-06	0.00e+00
 7.77082e+22	2.34e-23	3.23e-10	2.77e-08	3.75e-07	1.92e-04	1.36e-02	2.03e-01	5.59e-01	1.85e-01	3.44e-02	3.26e-03	8.23e-04	1.93e-04	3.41e-06	0.00e+00
 7.83310e+22	3.01e-23	3.99e-10	3.35e-08	4.44e-07	2.17e-04	1.47e-02	2.11e-01	5.62e-01	1.77e-01	3.16e-02	2.90e-03	7.24e-04	1.64e-04	2.77e-06	0.00e+00
 7.89640e+22	4.17e-23	5.22e-10	4.26e-08	5.53e-07	2.55e-04	1.63e-02	2.23e-01	5.64e-01	1.66e-01	2.82e-02	2.48e-03	6.11e-04	1.32e-04	2.11e-06	0.00e+00
 7.96080e+22	5.40e-23	6.43e-10	5.15e-08	6.55e-07	2.88e-04	1.76e-02	2.32e-01	5.64e-01	1.57e-01	2.58e-02	2.20e-03	5.35e-04	1.11e-04	1.70e-06	0.00e+00
 8.02662e+22	7.53e-23	8.42e-10	6.57e-08	8.18e-07	3.39e-04	1.95e-02	2.44e-01	5.64e-01	1.47e-01	2.29e-02	1.88e-03	4.49e-04	8.86e-05	1.29e-06	0.00e+00
 8.09388e+22	9.82e-23	1.04e-09	7.97e-08	9.73e-07	3.84e-04	2.12e-02	2.54e-01	5.63e-01	1.39e-01	2.09e-02	1.66e-03	3.91e-04	7.42e-05	1.03e-06	0.00e+00
 8.16299e+22	1.38e-22	1.37e-09	1.02e-07	1.22e-06	4.52e-04	2.35e-02	2.67e-01	5.61e-01	1.28e-01	1.85e-02	1.40e-03	3.26e-04	5.88e-05	7.68e-07	0.00e+00
 8.23369e+22	1.81e-22	1.69e-09	1.24e-07	1.46e-06	5.14e-04	2.54e-02	2.77e-01	5.58e-01	1.21e-01	1.68e-02	1.23e-03	2.82e-04	4.89e-05	6.10e-07	0.00e+00
 8.29324e+22	2.30e-22	2.04e-09	1.48e-07	1.71e-06	5.76e-04	2.73e-02	2.86e-01	5.55e-01	1.14e-01	1.54e-02	1.10e-03	2.47e-04	4.15e-05	4.97e-07	0.00e+00
 8.35745e+22	3.11e-22	2.59e-09	1.85e-07	2.09e-06	6.66e-04	2.99e-02	2.98e-01	5.50e-01	1.06e-01	1.37e-02	9.41e-04	2.09e-04	3.35e-05	3.81e-07	0.00e+00
 8.42011e+22	3.87e-22	3.08e-09	2.16e-07	2.42e-06	7.39e-04	3.19e-02	3.07e-01	5.46e-01	1.01e-01	1.26e-02	8.44e-04	1.85e-04	2.88e-05	3.14e-07	0.00e+00
 8.48075e+22	5.12e-22	3.84e-09	2.66e-07	2.93e-06	8.47e-04	3.47e-02	3.18e-01	5.40e-01	9.39e-02	1.13e-02	7.30e-04	1.58e-04	2.35e-05	2.44e-07	0.00e+00
 8.54195e+22	6.37e-22	4.55e-09	3.11e-07	3.37e-06	9.37e-04	3.69e-02	3.27e-01	5.35e-01	8.90e-02	1.05e-02	6.56e-04	1.40e-04	2.02e-05	2.02e-07	0.00e+00
 8.60388e+22	8.41e-22	5.66e-09	3.82e-07	4.08e-06	1.07e-03	4.01e-02	3.38e-01	5.28e-01	8.27e-02	9.36e-03	5.67e-04	1.19e-04	1.64e-05	1.56e-07	0.00e+00
 8.66668e+22	1.05e-21	6.72e-09	4.48e-07	4.71e-06	1.19e-03	4.27e-02	3.47e-01	5.22e-01	7.81e-02	8.61e-03	5.07e-04	1.05e-04	1.41e-05	1.29e-07	0.00e+00
 8.73058e+22	1.39e-21	8.37e-09	5.51e-07	5.70e-06	1.36e-03	4.63e-02	3.58e-01	5.13e-01	7.23e-02	7.69e-03	4.37e-04	8.91e-05	1.14e-05	0.00e+00	0.00e+00
 8.79541e+22	1.73e-21	9.94e-09	6.47e-07	6.60e-06	1.51e-03	4.93e-02	3.67e-01	5.06e-01	6.81e-02	7.05e-03	3.90e-04	7.84e-05	9.72e-06	0.00e+00	0.00e+00
 8.86144e+22	2.30e-21	1.24e-08	7.98e-07	8.02e-06	1.73e-03	5.35e-02	3.79e-01	4.97e-01	6.28e-02	6.28e-03	3.34e-04	6.61e-05	7.84e-06	0.00e+00	0.00e+00
 8.92855e+22	2.89e-21	1.48e-08	9.39e-07	9.28e-06	1.92e-03	5.69e-02	3.87e-01	4.89e-01	5.90e-02	5.75e-03	2.98e-04	5.81e-05	6.66e-06	0.00e+00	0.00e+00
 8.99707e+22	3.83e-21	1.85e-08	1.16e-06	1.13e-05	2.21e-03	6.18e-02	3.99e-01	4.77e-01	5.41e-02	5.09e-03	2.53e-04	4.86e-05	5.33e-06	0.00e+00	0.00e+00
 9.06688e+22	4.84e-21	2.21e-08	1.37e-06	1.32e-05	2.46e-03	6.58e-02	4.08e-01	4.69e-01	5.06e-02	4.64e-03	2.25e-04	4.25e-05	4.50e-06	0.00e+00	0.00e+00
 9.13837e+22	6.46e-21	2.77e-08	1.71e-06	1.61e-05	2.83e-03	7.14e-02	4.19e-01	4.56e-01	4.61e-02	4.09e-03	1.90e-04	3.54e-05	3.57e-06	0.00e+00	0.00e+00
 9.21181e+22	8.22e-21	3.33e-08	2.04e-06	1.89e-05	3.16e-03	7.62e-02	4.28e-01	4.46e-01	4.29e-02	3.70e-03	1.67e-04	3.06e-05	2.98e-06	0.00e+00	0.00e+00
 9.28779e+22	1.11e-20	4.22e-08	2.55e-06	2.33e-05	3.66e-03	8.28e-02	4.39e-01	4.32e-01	3.89e-02	3.25e-03	1.41e-04	2.52e-05	2.34e-06	0.00e+00	0.00e+00
 9.36490e+22	1.42e-20	5.09e-08	3.04e-06	2.74e-05	4.09e-03	8.82e-02	4.47e-01	4.21e-01	3.60e-02	2.93e-03	1.23e-04	2.17e-05	1.94e-06	0.00e+00	0.00e+00
 9.44347e+22	1.93e-20	6.45e-08	3.82e-06	3.38e-05	4.73e-03	9.58e-02	4.58e-01	4.06e-01	3.25e-02	2.56e-03	1.03e-04	1.79e-05	1.52e-06	0.00e+00	0.00e+00
 9.52296e+22	2.47e-20	7.79e-08	4.57e-06	3.97e-05	5.28e-03	1.02e-01	4.65e-01	3.95e-01	3.00e-02	2.31e-03	8.96e-05	1.53e-05	1.26e-06	0.00e+00	0.00e+00
 9.60364e+22	3.35e-20	9.90e-08	5.75e-06	4.92e-05	6.12e-03	1.11e-01	4.75e-01	3.79e-01	2.69e-02	2.00e-03	7.45e-05	1.25e-05	9.75e-07	0.00e+00	0.00e+00
 9.68542e+22	4.31e-20	1.20e-07	6.87e-06	5.77e-05	6.83e-03	1.17e-01	4.82e-01	3.67e-01	2.47e-02	1.80e-03	6.47e-05	1.07e-05	8.03e-07	0.00e+00	0.00e+00
 9.75713e+22	5.48e-20	1.44e-07	8.19e-06	6.77e-05	7.61e-03	1.25e-01	4.88e-01	3.55e-01	2.27e-02	1.62e-03	5.62e-05	9.19e-06	6.62e-07	0.00e+00	0.00e+00
 9.83886e+22	7.40e-20	1.82e-07	1.03e-05	8.36e-05	8.78e-03	1.35e-01	4.95e-01	3.40e-01	2.03e-02	1.40e-03	4.66e-05	7.49e-06	5.12e-07	0.00e+00	0.00e+00
 9.92119e+22	9.43e-20	2.19e-07	1.22e-05	9.79e-05	9.77e-03	1.43e-01	5.00e-01	3.28e-01	1.86e-02	1.26e-03	4.04e-05	6.41e-06	4.21e-07	0.00e+00	0.00e+00
 9.98894e+22	1.16e-19	2.57e-07	1.42e-05	1.13e-04	1.07e-02	1.50e-01	5.04e-01	3.17e-01	1.72e-02	1.14e-03	3.56e-05	5.58e-06	3.54e-07	0.00e+00	0.00e+00
 1.00617e+23	1.51e-19	3.14e-07	1.72e-05	1.34e-04	1.21e-02	1.59e-01	5.08e-01	3.04e-01	1.56e-02	1.01e-03	3.03e-05	4.69e-06	2.85e-07	0.00e+00	0.00e+00
 1.01359e+23	1.88e-19	3.71e-07	2.02e-05	1.55e-04	1.33e-02	1.67e-01	5.12e-01	2.92e-01	1.43e-02	9.11e-04	2.65e-05	4.04e-06	2.37e-07	0.00e+00	0.00e+00
 1.02019e+23	2.32e-19	4.36e-07	2.36e-05	1.78e-04	1.46e-02	1.76e-01	5.14e-01	2.82e-01	1.31e-02	8.24e-04	2.32e-05	3.50e-06	1.98e-07	0.00e+00	0.00e+00
 1.02774e+23	3.03e-19	5.34e-07	2.86e-05	2.12e-04	1.64e-02	1.86e-01	5.16e-01	2.68e-01	1.18e-02	7.27e-04	1.97e-05	2.93e-06	1.58e-07	0.00e+00	0.00e+00
 1.03558e+23	3.81e-19	6.38e-07	3.39e-05	2.48e-04	1.82e-02	1.96e-01	5.18e-01	2.57e-01	1.07e-02	6.48e-04	1.69e-05	2.49e-06	1.29e-07	0.00e+00	0.00e+00
 1.04258e+23	4.74e-19	7.52e-07	3.96e-05	2.86e-04	1.99e-02	2.05e-01	5.18e-01	2.46e-01	9.83e-03	5.83e-04	1.47e-05	2.14e-06	0.00e+00	0.00e+00	0.00e+00
 1.05046e+23	6.23e-19	9.25e-07	4.81e-05	3.41e-04	2.23e-02	2.17e-01	5.18e-01	2.33e-01	8.78e-03	5.11e-04	1.24e-05	1.78e-06	0.00e+00	0.00e+00	0.00e+00
 1.05869e+23	7.90e-19	1.11e-06	5.73e-05	4.00e-04	2.48e-02	2.28e-01	5.17e-01	2.21e-01	7.90e-03	4.52e-04	1.05e-05	1.50e-06	0.00e+00	0.00e+00	0.00e+00
 1.06612e+23	9.91e-19	1.32e-06	6.74e-05	4.63e-04	2.72e-02	2.38e-01	5.16e-01	2.11e-01	7.17e-03	4.03e-04	9.08e-06	1.28e-06	0.00e+00	0.00e+00	0.00e+00
 1.07451e+23	1.32e-18	1.63e-06	8.26e-05	5.56e-04	3.06e-02	2.52e-01	5.13e-01	1.98e-01	6.34e-03	3.50e-04	7.52e-06	1.05e-06	0.00e+00	0.00e+00	0.00e+00
 1.08317e+23	1.68e-18	1.97e-06	9.85e-05	6.55e-04	3.40e-02	2.64e-01	5.09e-01	1.86e-01	5.65e-03	3.07e-04	6.34e-06	8.71e-07	0.00e+00	0.00e+00	0.00e+00
 1.09088e+23	2.12e-18	2.34e-06	1.16e-04	7.58e-04	3.73e-02	2.75e-01	5.05e-01	1.76e-01	5.09e-03	2.72e-04	5.42e-06	7.38e-07	0.00e+00	0.00e+00	0.00e+00
 1.09961e+23	2.84e-18	2.91e-06	1.43e-04	9.11e-04	4.19e-02	2.89e-01	4.99e-01	1.64e-01	4.46e-03	2.34e-04	4.44e-06	5.98e-07	0.00e+00	0.00e+00	0.00e+00
 1.10868e+23	3.66e-18	3.53e-06	1.71e-04	1.07e-03	4.64e-02	3.02e-01	4.93e-01	1.53e-01	3.94e-03	2.04e-04	3.71e-06	4.94e-07	0.00e+00	0.00e+00	0.00e+00
 1.11683e+23	4.64e-18	4.22e-06	2.02e-04	1.25e-03	5.10e-02	3.14e-01	4.86e-01	1.44e-01	3.51e-03	1.79e-04	3.13e-06	4.13e-07	0.00e+00	0.00e+00	0.00e+00
 1.12607e+23	6.21e-18	5.30e-06	2.50e-04	1.52e-03	5.74e-02	3.29e-01	4.77e-01	1.32e-01	3.02e-03	1.51e-04	2.51e-06	3.28e-07	0.00e+00	0.00e+00	0.00e+00
 1.13560e+23	8.03e-18	6.43e-06	3.00e-04	1.79e-03	6.34e-02	3.42e-01	4.67e-01	1.23e-01	2.65e-03	1.31e-04	2.08e-06	2.69e-07	0.00e+00	0.00e+00	0.00e+00
 1.14421e+23	1.03e-17	7.75e-06	3.57e-04	2.09e-03	6.97e-02	3.54e-01	4.58e-01	1.14e-01	2.33e-03	1.14e-04	1.73e-06	2.22e-07	0.00e+00	0.00e+00	0.00e+00
 1.15407e+23	1.42e-17	9.83e-06	4.46e-04	2.55e-03	7.85e-02	3.69e-01	4.44e-01	1.03e-01	1.97e-03	9.45e-05	1.36e-06	1.72e-07	0.00e+00	0.00e+00	0.00e+00
 1.16406e+23	1.83e-17	1.19e-05	5.33e-04	3.01e-03	8.65e-02	3.81e-01	4.32e-01	9.48e-02	1.71e-03	8.09e-05	1.11e-06	1.40e-07	0.00e+00	0.00e+00	0.00e+00
 1.17419e+23	2.54e-17	1.51e-05	6.66e-04	3.66e-03	9.71e-02	3.96e-01	4.16e-01	8.52e-02	1.44e-03	6.68e-05	8.66e-07	0.00e+00	0.00e+00	0.00e+00	0.00e+00
 1.18444e+23	3.31e-17	1.84e-05	7.97e-04	4.30e-03	1.07e-01	4.07e-01	4.03e-01	7.78e-02	1.24e-03	5.69e-05	7.03e-07	0.00e+00	0.00e+00	0.00e+00	0.00e+00
 1.19485e+23	4.62e-17	2.34e-05	9.97e-04	5.26e-03	1.19e-01	4.20e-01	3.84e-01	6.90e-02	1.02e-03	4.63e-05	5.39e-07	0.00e+00	0.00e+00	0.00e+00	0.00e+00
 1.20535e+23	6.01e-17	2.84e-05	1.19e-03	6.17e-03	1.31e-01	4.29e-01	3.69e-01	6.26e-02	8.78e-04	3.92e-05	4.34e-07	0.00e+00	0.00e+00	0.00e+00	0.00e+00
 1.21598e+23	8.46e-17	3.64e-05	1.49e-03	7.55e-03	1.46e-01	4.40e-01	3.49e-01	5.49e-02	7.17e-04	3.15e-05	3.28e-07	0.00e+00	0.00e+00	0.00e+00	0.00e+00
 1.22671e+23	1.11e-16	4.42e-05	1.77e-03	8.82e-03	1.59e-01	4.47e-01	3.33e-01	4.94e-02	6.10e-04	2.64e-05	2.63e-07	0.00e+00	0.00e+00	0.00e+00	0.00e+00
 1.23760e+23	1.57e-16	5.66e-05	2.22e-03	1.08e-02	1.76e-01	4.55e-01	3.12e-01	4.29e-02	4.93e-04	2.10e-05	1.96e-07	0.00e+00	0.00e+00	0.00e+00	0.00e+00
 1.24863e+23	2.08e-16	6.90e-05	2.65e-03	1.26e-02	1.91e-01	4.59e-01	2.95e-01	3.82e-02	4.15e-04	1.74e-05	1.55e-07	0.00e+00	0.00e+00	0.00e+00	0.00e+00
 1.25984e+23	3.01e-16	8.88e-05	3.31e-03	1.53e-02	2.11e-01	4.63e-01	2.74e-01	3.27e-02	3.31e-04	1.37e-05	1.14e-07	0.00e+00	0.00e+00	0.00e+00	0.00e+00
 1.27084e+23	3.95e-16	1.07e-04	3.90e-03	1.77e-02	2.27e-01	4.65e-01	2.57e-01	2.90e-02	2.79e-04	1.14e-05	0.00e+00	0.00e+00	0.00e+00	0.00e+00	0.00e+00
 1.28156e+23	5.62e-16	1.36e-04	4.80e-03	2.12e-02	2.48e-01	4.64e-01	2.37e-01	2.47e-02	2.22e-04	8.92e-06	0.00e+00	0.00e+00	0.00e+00	0.00e+00	0.00e+00
 1.29190e+23	7.32e-16	1.61e-04	5.55e-03	2.40e-02	2.63e-01	4.62e-01	2.23e-01	2.21e-02	1.90e-04	7.52e-06	0.00e+00	0.00e+00	0.00e+00	0.00e+00	0.00e+00
 1.30176e+23	1.02e-15	1.99e-04	6.69e-03	2.82e-02	2.83e-01	4.58e-01	2.04e-01	1.89e-02	1.53e-04	5.96e-06	0.00e+00	0.00e+00	0.00e+00	0.00e+00	0.00e+00
 1.31160e+23	1.33e-15	2.36e-04	7.71e-03	3.18e-02	2.99e-01	4.54e-01	1.91e-01	1.68e-02	1.30e-04	4.98e-06	0.00e+00	0.00e+00	0.00e+00	0.00e+00	0.00e+00
 1.32140e+23	1.85e-15	2.90e-04	9.19e-03	3.69e-02	3.19e-01	4.46e-01	1.75e-01	1.44e-02	1.05e-04	3.97e-06	0.00e+00	0.00e+00	0.00e+00	0.00e+00	0.00e+00
 1.33157e+23	2.48e-15	3.48e-04	1.07e-02	4.20e-02	3.36e-01	4.38e-01	1.60e-01	1.24e-02	8.64e-05	3.22e-06	0.00e+00	0.00e+00	0.00e+00	0.00e+00	0.00e+00
 1.34071e+23	3.27e-15	4.13e-04	1.23e-02	4.72e-02	3.52e-01	4.29e-01	1.48e-01	1.08e-02	7.22e-05	2.65e-06	0.00e+00	0.00e+00	0.00e+00	0.00e+00	0.00e+00
 1.35106e+23	4.73e-15	5.15e-04	1.47e-02	5.46e-02	3.73e-01	4.16e-01	1.32e-01	9.06e-03	5.70e-05	2.05e-06	0.00e+00	0.00e+00	0.00e+00	0.00e+00	0.00e+00
 1.36158e+23	6.41e-15	6.15e-04	1.70e-02	6.16e-02	3.89e-01	4.04e-01	1.20e-01	7.75e-03	4.66e-05	1.65e-06	0.00e+00	0.00e+00	0.00e+00	0.00e+00	0.00e+00
 1.37231e+23	9.30e-15	7.66e-04	2.03e-02	7.08e-02	4.08e-01	3.87e-01	1.06e-01	6.40e-03	3.64e-05	1.26e-06	0.00e+00	0.00e+00	0.00e+00	0.00e+00	0.00e+00
 1.38275e+23	1.27e-14	9.06e-04	2.32e-02	7.87e-02	4.22e-01	3.73e-01	9.62e-02	5.48e-03	2.99e-05	1.02e-06	0.00e+00	0.00e+00	0.00e+00	0.00e+00	0.00e+00
 1.39098e+23	1.65e-14	1.05e-03	2.60e-02	8.60e-02	4.34e-01	3.61e-01	8.79e-02	4.78e-03	2.51e-05	8.42e-07	0.00e+00	0.00e+00	0.00e+00	0.00e+00	0.00e+00
 1.39983e+23	2.27e-14	1.25e-03	2.98e-02	9.56e-02	4.46e-01	3.44e-01	7.85e-02	4.03e-03	2.03e-05	6.67e-07	0.00e+00	0.00e+00	0.00e+00	0.00e+00	0.00e+00
 1.40894e+23	3.04e-14	1.45e-03	3.34e-02	1.04e-01	4.56e-01	3.30e-01	7.10e-02	3.46e-03	1.68e-05	5.43e-07	0.00e+00	0.00e+00	0.00e+00	0.00e+00	0.00e+00
 1.41710e+23	3.99e-14	1.68e-03	3.73e-02	1.13e-01	4.65e-01	3.16e-01	6.41e-02	2.98e-03	1.40e-05	4.44e-07	0.00e+00	0.00e+00	0.00e+00	0.00e+00	0.00e+00
 1.42644e+23	5.80e-14	2.01e-03	4.28e-02	1.25e-01	4.74e-01	2.97e-01	5.61e-02	2.46e-03	1.10e-05	3.43e-07	0.00e+00	0.00e+00	0.00e+00	0.00e+00	0.00e+00
 1.43588e+23	8.08e-14	2.33e-03	4.78e-02	1.36e-01	4.80e-01	2.81e-01	5.01e-02	2.08e-03	9.04e-06	2.75e-07	0.00e+00	0.00e+00	0.00e+00	0.00e+00	0.00e+00
 1.44413e+23	1.09e-13	2.69e-03	5.31e-02	1.47e-01	4.85e-01	2.66e-01	4.47e-02	1.77e-03	7.43e-06	2.22e-07	0.00e+00	0.00e+00	0.00e+00	0.00e+00	0.00e+00
 1.45356e+23	1.65e-13	3.21e-03	6.05e-02	1.60e-01	4.89e-01	2.47e-01	3.85e-02	1.44e-03	5.80e-06	1.69e-07	0.00e+00	0.00e+00	0.00e+00	0.00e+00	0.00e+00
 1.46315e+23	2.40e-13	3.72e-03	6.71e-02	1.72e-01	4.91e-01	2.31e-01	3.39e-02	1.20e-03	4.68e-06	1.34e-07	0.00e+00	0.00e+00	0.00e+00	0.00e+00	0.00e+00
 1.47166e+23	3.33e-13	4.28e-03	7.42e-02	1.84e-01	4.91e-01	2.16e-01	2.98e-02	1.01e-03	3.79e-06	0.00e+00	0.00e+00	0.00e+00	0.00e+00	0.00e+00	0.00e+00
 1.48141e+23	5.36e-13	5.10e-03	8.39e-02	2.00e-01	4.88e-01	1.97e-01	2.52e-02	8.02e-04	2.90e-06	0.00e+00	0.00e+00	0.00e+00	0.00e+00	0.00e+00	0.00e+00
 1.49131e+23	8.32e-13	5.89e-03	9.25e-02	2.13e-01	4.85e-01	1.82e-01	2.18e-02	6.59e-04	2.31e-06	0.00e+00	0.00e+00	0.00e+00	0.00e+00	0.00e+00	0.00e+00
 1.50140e+23	1.43e-12	7.02e-03	1.04e-01	2.29e-01	4.77e-01	1.64e-01	1.81e-02	5.15e-04	1.73e-06	0.00e+00	0.00e+00	0.00e+00	0.00e+00	0.00e+00	0.00e+00
 1.51160e+23	2.50e-12	8.10e-03	1.15e-01	2.42e-01	4.70e-01	1.49e-01	1.55e-02	4.17e-04	1.36e-06	0.00e+00	0.00e+00	0.00e+00	0.00e+00	0.00e+00	0.00e+00
 1.52055e+23	4.12e-12	9.28e-03	1.25e-01	2.55e-01	4.61e-01	1.36e-01	1.32e-02	3.39e-04	1.07e-06	0.00e+00	0.00e+00	0.00e+00	0.00e+00	0.00e+00	0.00e+00
 1.53082e+23	1.01e-11	1.10e-02	1.40e-01	2.71e-01	4.47e-01	1.20e-01	1.08e-02	2.59e-04	7.88e-07	0.00e+00	0.00e+00	0.00e+00	0.00e+00	0.00e+00	0.00e+00
 1.54126e+23	1.85e-11	1.26e-02	1.52e-01	2.83e-01	4.35e-01	1.08e-01	9.04e-03	2.07e-04	6.09e-07	0.00e+00	0.00e+00	0.00e+00	0.00e+00	0.00e+00	0.00e+00
 1.55192e+23	4.27e-11	1.49e-02	1.69e-01	2.98e-01	4.17e-01	9.41e-02	7.22e-03	1.55e-04	4.40e-07	0.00e+00	0.00e+00	0.00e+00	0.00e+00	0.00e+00	0.00e+00
 1.56279e+23	8.85e-11	1.71e-02	1.83e-01	3.09e-01	4.02e-01	8.33e-02	5.95e-03	1.21e-04	3.32e-07	0.00e+00	0.00e+00	0.00e+00	0.00e+00	0.00e+00	0.00e+00
 1.57248e+23	1.47e-10	1.96e-02	1.97e-01	3.19e-01	3.85e-01	7.37e-02	4.90e-03	9.48e-05	2.52e-07	0.00e+00	0.00e+00	0.00e+00	0.00e+00	0.00e+00	0.00e+00
 1.58360e+23	2.75e-10	2.30e-02	2.17e-01	3.31e-01	3.63e-01	6.26e-02	3.81e-03	6.91e-05	1.77e-07	0.00e+00	0.00e+00	0.00e+00	0.00e+00	0.00e+00	0.00e+00
 1.59500e+23	4.91e-10	2.64e-02	2.33e-01	3.39e-01	3.44e-01	5.43e-02	3.06e-03	5.26e-05	1.30e-07	0.00e+00	0.00e+00	0.00e+00	0.00e+00	0.00e+00	0.00e+00
 1.60138e+23	6.08e-10	2.73e-02	2.37e-01	3.41e-01	3.39e-01	5.23e-02	2.89e-03	4.90e-05	0.00e+00	0.00e+00	0.00e+00	0.00e+00	0.00e+00	0.00e+00	0.00e+00
 1.60385e+23	6.63e-10	2.80e-02	2.40e-01	3.43e-01	3.35e-01	5.07e-02	2.76e-03	4.62e-05	0.00e+00	0.00e+00	0.00e+00	0.00e+00	0.00e+00	0.00e+00	0.00e+00
 1.60659e+23	7.63e-10	2.92e-02	2.46e-01	3.45e-01	3.29e-01	4.84e-02	2.57e-03	4.23e-05	0.00e+00	0.00e+00	0.00e+00	0.00e+00	0.00e+00	0.00e+00	0.00e+00
 1.61016e+23	8.78e-10	3.06e-02	2.52e-01	3.48e-01	3.22e-01	4.59e-02	2.37e-03	3.84e-05	0.00e+00	0.00e+00	0.00e+00	0.00e+00	0.00e+00	0.00e+00	0.00e+00
 1.61480e+23	1.13e-09	3.26e-02	2.60e-01	3.51e-01	3.12e-01	4.25e-02	2.11e-03	3.33e-05	0.00e+00	0.00e+00	0.00e+00	0.00e+00	0.00e+00	0.00e+00	0.00e+00
 1.62083e+23	1.51e-09	3.54e-02	2.71e-01	3.54e-01	2.99e-01	3.85e-02	1.82e-03	2.78e-05	0.00e+00	0.00e+00	0.00e+00	0.00e+00	0.00e+00	0.00e+00	0.00e+00
 1.62867e+23	2.34e-09	3.95e-02	2.86e-01	3.57e-01	2.82e-01	3.36e-02	1.49e-03	2.17e-05	0.00e+00	0.00e+00	0.00e+00	0.00e+00	0.00e+00	0.00e+00	0.00e+00
 1.63684e+23	3.12e-09	4.31e-02	2.98e-01	3.59e-01	2.69e-01	3.00e-02	1.26e-03	1.77e-05	0.00e+00	0.00e+00	0.00e+00	0.00e+00	0.00e+00	0.00e+00	0.00e+00
 1.64543e+23	4.61e-09	4.79e-02	3.13e-01	3.61e-01	2.51e-01	2.59e-02	1.02e-03	1.37e-05	0.00e+00	0.00e+00	0.00e+00	0.00e+00	0.00e+00	0.00e+00	0.00e+00
 1.65432e+23	6.69e-09	5.26e-02	3.26e-01	3.61e-01	2.37e-01	2.27e-02	8.38e-04	1.08e-05	0.00e+00	0.00e+00	0.00e+00	0.00e+00	0.00e+00	0.00e+00	0.00e+00
 1.66235e+23	9.54e-09	5.76e-02	3.38e-01	3.61e-01	2.23e-01	1.99e-02	6.94e-04	8.63e-06	0.00e+00	0.00e+00	0.00e+00	0.00e+00	0.00e+00	0.00e+00	0.00e+00
 1.67153e+23	1.56e-08	6.43e-02	3.54e-01	3.59e-01	2.06e-01	1.68e-02	5.44e-04	6.46e-06	0.00e+00	0.00e+00	0.00e+00	0.00e+00	0.00e+00	0.00e+00	0.00e+00
 1.68086e+23	2.27e-08	7.02e-02	3.66e-01	3.57e-01	1.92e-01	1.46e-02	4.46e-04	5.09e-06	0.00e+00	0.00e+00	0.00e+00	0.00e+00	0.00e+00	0.00e+00	0.00e+00
 1.69036e+23	3.69e-08	7.82e-02	3.80e-01	3.53e-01	1.76e-01	1.22e-02	3.46e-04	3.77e-06	0.00e+00	0.00e+00	0.00e+00	0.00e+00	0.00e+00	0.00e+00	0.00e+00
 1.70009e+23	5.77e-08	8.55e-02	3.92e-01	3.48e-01	1.63e-01	1.05e-02	2.78e-04	2.92e-06	0.00e+00	0.00e+00	0.00e+00	0.00e+00	0.00e+00	0.00e+00	0.00e+00
 1.71013e+23	9.91e-08	9.54e-02	4.06e-01	3.42e-01	1.48e-01	8.61e-03	2.11e-04	2.11e-06	0.00e+00	0.00e+00	0.00e+00	0.00e+00	0.00e+00	0.00e+00	0.00e+00
 1.72026e+23	1.40e-07	1.04e-01	4.16e-01	3.36e-01	1.36e-01	7.33e-03	1.68e-04	1.61e-06	0.00e+00	0.00e+00	0.00e+00	0.00e+00	0.00e+00	0.00e+00	0.00e+00
 1.73052e+23	2.55e-07	1.16e-01	4.28e-01	3.27e-01	1.23e-01	5.98e-03	1.27e-04	1.16e-06	0.00e+00	0.00e+00	0.00e+00	0.00e+00	0.00e+00	0.00e+00	0.00e+00
 1.74113e+23	7.74e-07	1.27e-01	4.38e-01	3.19e-01	1.12e-01	4.99e-03	9.92e-05	8.69e-07	0.00e+00	0.00e+00	0.00e+00	0.00e+00	0.00e+00	0.00e+00	0.00e+00
 1.75220e+23	1.46e-06	1.41e-01	4.48e-01	3.08e-01	9.89e-02	3.98e-03	7.28e-05	6.07e-07	0.00e+00	0.00e+00	0.00e+00	0.00e+00	0.00e+00	0.00e+00	0.00e+00
 1.76343e+23	2.38e-06	1.54e-01	4.55e-01	2.98e-01	8.92e-02	3.29e-03	5.61e-05	4.48e-07	0.00e+00	0.00e+00	0.00e+00	0.00e+00	0.00e+00	0.00e+00	0.00e+00
 1.77490e+23	3.79e-06	1.72e-01	4.62e-01	2.85e-01	7.80e-02	2.57e-03	4.02e-05	3.05e-07	0.00e+00	0.00e+00	0.00e+00	0.00e+00	0.00e+00	0.00e+00	0.00e+00
 1.78633e+23	5.01e-06	1.86e-01	4.67e-01	2.75e-01	7.03e-02	2.13e-03	3.12e-05	2.27e-07	0.00e+00	0.00e+00	0.00e+00	0.00e+00	0.00e+00	0.00e+00	0.00e+00
 1.79773e+23	6.69e-06	2.06e-01	4.71e-01	2.61e-01	6.11e-02	1.66e-03	2.24e-05	1.55e-07	0.00e+00	0.00e+00	0.00e+00	0.00e+00	0.00e+00	0.00e+00	0.00e+00
 1.80931e+23	8.36e-06	2.23e-01	4.72e-01	2.49e-01	5.45e-02	1.35e-03	1.71e-05	0.00e+00	0.00e+00	0.00e+00	0.00e+00	0.00e+00	0.00e+00	0.00e+00	0.00e+00
 1.81954e+23	1.01e-05	2.41e-01	4.71e-01	2.38e-01	4.85e-02	1.10e-03	1.31e-05	0.00e+00	0.00e+00	0.00e+00	0.00e+00	0.00e+00	0.00e+00	0.00e+00	0.00e+00
 1.83126e+23	1.28e-05	2.65e-01	4.70e-01	2.23e-01	4.16e-02	8.46e-04	9.26e-06	0.00e+00	0.00e+00	0.00e+00	0.00e+00	0.00e+00	0.00e+00	0.00e+00	0.00e+00
 1.84324e+23	1.54e-05	2.88e-01	4.65e-01	2.10e-01	3.65e-02	6.77e-04	6.94e-06	0.00e+00	0.00e+00	0.00e+00	0.00e+00	0.00e+00	0.00e+00	0.00e+00	0.00e+00
 1.85556e+23	1.89e-05	3.15e-01	4.59e-01	1.95e-01	3.07e-02	5.09e-04	4.80e-06	0.00e+00	0.00e+00	0.00e+00	0.00e+00	0.00e+00	0.00e+00	0.00e+00	0.00e+00
 1.86800e+23	2.24e-05	3.40e-01	4.50e-01	1.83e-01	2.67e-02	4.03e-04	3.56e-06	0.00e+00	0.00e+00	0.00e+00	0.00e+00	0.00e+00	0.00e+00	0.00e+00	0.00e+00
 1.88060e+23	2.72e-05	3.72e-01	4.38e-01	1.67e-01	2.21e-02	2.97e-04	2.41e-06	0.00e+00	0.00e+00	0.00e+00	0.00e+00	0.00e+00	0.00e+00	0.00e+00	0.00e+00
 1.89333e+23	3.20e-05	4.01e-01	4.25e-01	1.55e-01	1.89e-02	2.32e-04	1.76e-06	0.00e+00	0.00e+00	0.00e+00	0.00e+00	0.00e+00	0.00e+00	0.00e+00	0.00e+00
 1.90624e+23	3.86e-05	4.38e-01	4.07e-01	1.40e-01	1.53e-02	1.67e-04	1.16e-06	0.00e+00	0.00e+00	0.00e+00	0.00e+00	0.00e+00	0.00e+00	0.00e+00	0.00e+00
 1.91918e+23	4.47e-05	4.68e-01	3.90e-01	1.29e-01	1.29e-02	1.29e-04	8.37e-07	0.00e+00	0.00e+00	0.00e+00	0.00e+00	0.00e+00	0.00e+00	0.00e+00	0.00e+00
 1.93218e+23	5.33e-05	5.08e-01	3.67e-01	1.15e-01	1.02e-02	9.16e-05	5.39e-07	0.00e+00	0.00e+00	0.00e+00	0.00e+00	0.00e+00	0.00e+00	0.00e+00	0.00e+00
 1.94538e+23	6.13e-05	5.42e-01	3.46e-01	1.04e-01	8.42e-03	6.93e-05	3.77e-07	0.00e+00	0.00e+00	0.00e+00	0.00e+00	0.00e+00	0.00e+00	0.00e+00	0.00e+00
 1.95884e+23	7.28e-05	5.85e-01	3.17e-01	9.14e-02	6.44e-03	4.77e-05	2.32e-07	0.00e+00	0.00e+00	0.00e+00	0.00e+00	0.00e+00	0.00e+00	0.00e+00	0.00e+00
 1.97258e+23	8.34e-05	6.22e-01	2.91e-01	8.17e-02	5.10e-03	3.50e-05	1.54e-07	0.00e+00	0.00e+00	0.00e+00	0.00e+00	0.00e+00	0.00e+00	0.00e+00	0.00e+00
 1.98482e+23	9.48e-05	6.57e-01	2.66e-01	7.27e-02	4.01e-03	2.55e-05	0.00e+00	0.00e+00	0.00e+00	0.00e+00	0.00e+00	0.00e+00	0.00e+00	0.00e+00	0.00e+00
 1.99545e+23	1.05e-04	6.86e-01	2.44e-01	6.59e-02	3.27e-03	1.98e-05	0.00e+00	0.00e+00	0.00e+00	0.00e+00	0.00e+00	0.00e+00	0.00e+00	0.00e+00	0.00e+00
 2.00435e+23	1.14e-04	7.11e-01	2.26e-01	6.02e-02	2.70e-03	1.57e-05	0.00e+00	0.00e+00	0.00e+00	0.00e+00	0.00e+00	0.00e+00	0.00e+00	0.00e+00	0.00e+00
 2.01445e+23	1.26e-04	7.42e-01	2.02e-01	5.32e-02	2.08e-03	1.16e-05	0.00e+00	0.00e+00	0.00e+00	0.00e+00	0.00e+00	0.00e+00	0.00e+00	0.00e+00	0.00e+00
 2.02519e+23	1.39e-04	7.71e-01	1.80e-01	4.70e-02	1.60e-03	8.63e-06	0.00e+00	0.00e+00	0.00e+00	0.00e+00	0.00e+00	0.00e+00	0.00e+00	0.00e+00	0.00e+00
 2.03515e+23	1.51e-04	7.98e-01	1.59e-01	4.14e-02	1.22e-03	6.46e-06	0.00e+00	0.00e+00	0.00e+00	0.00e+00	0.00e+00	0.00e+00	0.00e+00	0.00e+00	0.00e+00
 2.04501e+23	1.64e-04	8.24e-01	1.39e-01	3.61e-02	9.17e-04	4.80e-06	0.00e+00	0.00e+00	0.00e+00	0.00e+00	0.00e+00	0.00e+00	0.00e+00	0.00e+00	0.00e+00
 2.05432e+23	1.75e-04	8.46e-01	1.21e-01	3.14e-02	6.91e-04	3.63e-06	0.00e+00	0.00e+00	0.00e+00	0.00e+00	0.00e+00	0.00e+00	0.00e+00	0.00e+00	0.00e+00
 2.06291e+23	1.86e-04	8.68e-01	1.04e-01	2.71e-02	5.11e-04	2.72e-06	0.00e+00	0.00e+00	0.00e+00	0.00e+00	0.00e+00	0.00e+00	0.00e+00	0.00e+00	0.00e+00
 2.07087e+23	1.93e-04	8.84e-01	9.16e-02	2.35e-02	3.88e-04	2.10e-06	0.00e+00	0.00e+00	0.00e+00	0.00e+00	0.00e+00	0.00e+00	0.00e+00	0.00e+00	0.00e+00
 2.07829e+23	2.01e-04	9.01e-01	7.85e-02	2.01e-02	2.88e-04	1.61e-06	0.00e+00	0.00e+00	0.00e+00	0.00e+00	0.00e+00	0.00e+00	0.00e+00	0.00e+00	0.00e+00
 2.08521e+23	2.06e-04	9.15e-01	6.75e-02	1.71e-02	2.15e-04	1.24e-06	0.00e+00	0.00e+00	0.00e+00	0.00e+00	0.00e+00	0.00e+00	0.00e+00	0.00e+00	0.00e+00
 2.09131e+23	2.10e-04	9.27e-01	5.80e-02	1.46e-02	1.62e-04	9.71e-07	0.00e+00	0.00e+00	0.00e+00	0.00e+00	0.00e+00	0.00e+00	0.00e+00	0.00e+00	0.00e+00
 2.09670e+23	2.12e-04	9.37e-01	5.00e-02	1.25e-02	1.25e-04	7.73e-07	0.00e+00	0.00e+00	0.00e+00	0.00e+00	0.00e+00	0.00e+00	0.00e+00	0.00e+00	0.00e+00
 2.10156e+23	2.12e-04	9.46e-01	4.34e-02	1.07e-02	9.72e-05	6.25e-07	0.00e+00	0.00e+00	0.00e+00	0.00e+00	0.00e+00	0.00e+00	0.00e+00	0.00e+00	0.00e+00
 2.10604e+23	2.11e-04	9.53e-01	3.70e-02	9.19e-03	7.62e-05	5.08e-07	0.00e+00	0.00e+00	0.00e+00	0.00e+00	0.00e+00	0.00e+00	0.00e+00	0.00e+00	0.00e+00
 2.11014e+23	2.07e-04	9.60e-01	3.19e-02	7.93e-03	6.09e-05	4.20e-07	0.00e+00	0.00e+00	0.00e+00	0.00e+00	0.00e+00	0.00e+00	0.00e+00	0.00e+00	0.00e+00
 2.11387e+23	2.03e-04	9.65e-01	2.74e-02	6.88e-03	4.95e-05	3.51e-07	0.00e+00	0.00e+00	0.00e+00	0.00e+00	0.00e+00	0.00e+00	0.00e+00	0.00e+00	0.00e+00
 2.11732e+23	1.99e-04	9.70e-01	2.34e-02	6.01e-03	4.07e-05	2.98e-07	0.00e+00	0.00e+00	0.00e+00	0.00e+00	0.00e+00	0.00e+00	0.00e+00	0.00e+00	0.00e+00
 2.12048e+23	1.93e-04	9.74e-01	2.00e-02	5.30e-03	3.42e-05	2.56e-07	0.00e+00	0.00e+00	0.00e+00	0.00e+00	0.00e+00	0.00e+00	0.00e+00	0.00e+00	0.00e+00
 2.12263e+23	1.87e-04	9.77e-01	1.82e-02	4.91e-03	3.07e-05	2.34e-07	0.00e+00	0.00e+00	0.00e+00	0.00e+00	0.00e+00	0.00e+00	0.00e+00	0.00e+00	0.00e+00
 2.12372e+23	1.85e-04	9.78e-01	1.71e-02	4.71e-03	2.91e-05	2.23e-07	0.00e+00	0.00e+00	0.00e+00	0.00e+00	0.00e+00	0.00e+00	0.00e+00	0.00e+00	0.00e+00
 2.12470e+23	1.82e-04	9.79e-01	1.63e-02	4.53e-03	2.76e-05	2.13e-07	0.00e+00	0.00e+00	0.00e+00	0.00e+00	0.00e+00	0.00e+00	0.00e+00	0.00e+00	0.00e+00
 2.12595e+23	1.79e-04	9.80e-01	1.51e-02	4.31e-03	2.58e-05	2.01e-07	0.00e+00	0.00e+00	0.00e+00	0.00e+00	0.00e+00	0.00e+00	0.00e+00	0.00e+00	0.00e+00
 2.12738e+23	1.76e-04	9.82e-01	1.39e-02	4.07e-03	2.40e-05	1.89e-07	0.00e+00	0.00e+00	0.00e+00	0.00e+00	0.00e+00	0.00e+00	0.00e+00	0.00e+00	0.00e+00
 2.12880e+23	1.72e-04	9.83e-01	1.30e-02	3.87e-03	2.25e-05	1.79e-07	0.00e+00	0.00e+00	0.00e+00	0.00e+00	0.00e+00	0.00e+00	0.00e+00	0.00e+00	0.00e+00
 2.13025e+23	1.68e-04	9.84e-01	1.19e-02	3.67e-03	2.10e-05	1.68e-07	0.00e+00	0.00e+00	0.00e+00	0.00e+00	0.00e+00	0.00e+00	0.00e+00	0.00e+00	0.00e+00
 2.13179e+23	1.63e-04	9.85e-01	1.09e-02	3.47e-03	1.96e-05	1.58e-07	0.00e+00	0.00e+00	0.00e+00	0.00e+00	0.00e+00	0.00e+00	0.00e+00	0.00e+00	0.00e+00
 2.13334e+23	1.59e-04	9.87e-01	9.94e-03	3.29e-03	1.83e-05	1.49e-07	0.00e+00	0.00e+00	0.00e+00	0.00e+00	0.00e+00	0.00e+00	0.00e+00	0.00e+00	0.00e+00
 2.13492e+23	1.54e-04	9.88e-01	9.09e-03	3.12e-03	1.72e-05	1.41e-07	0.00e+00	0.00e+00	0.00e+00	0.00e+00	0.00e+00	0.00e+00	0.00e+00	0.00e+00	0.00e+00
 2.13648e+23	1.49e-04	9.89e-01	8.33e-03	2.97e-03	1.62e-05	1.34e-07	0.00e+00	0.00e+00	0.00e+00	0.00e+00	0.00e+00	0.00e+00	0.00e+00	0.00e+00	0.00e+00
 2.13771e+23	1.45e-04	9.89e-01	7.81e-03	2.87e-03	1.56e-05	1.29e-07	0.00e+00	0.00e+00	0.00e+00	0.00e+00	0.00e+00	0.00e+00	0.00e+00	0.00e+00	0.00e+00
 2.13852e+23	1.42e-04	9.90e-01	7.48e-03	2.81e-03	1.52e-05	1.26e-07	0.00e+00	0.00e+00	0.00e+00	0.00e+00	0.00e+00	0.00e+00	0.00e+00	0.00e+00	0.00e+00
 2.13932e+23	1.40e-04	9.90e-01	7.12e-03	2.74e-03	1.48e-05	0.00e+00	0.00e+00	0.00e+00	0.00e+00	0.00e+00	0.00e+00	0.00e+00	0.00e+00	0.00e+00	0.00e+00
 2.14026e+23	1.38e-04	9.90e-01	6.76e-03	2.67e-03	1.43e-05	0.00e+00	0.00e+00	0.00e+00	0.00e+00	0.00e+00	0.00e+00	0.00e+00	0.00e+00	0.00e+00	0.00e+00
 2.14129e+23	1.35e-04	9.91e-01	6.39e-03	2.59e-03	1.39e-05	0.00e+00	0.00e+00	0.00e+00	0.00e+00	0.00e+00	0.00e+00	0.00e+00	0.00e+00	0.00e+00	0.00e+00
 2.14232e+23	1.32e-04	9.91e-01	6.04e-03	2.52e-03	1.34e-05	0.00e+00	0.00e+00	0.00e+00	0.00e+00	0.00e+00	0.00e+00	0.00e+00	0.00e+00	0.00e+00	0.00e+00
 2.14331e+23	1.29e-04	9.92e-01	5.73e-03	2.46e-03	1.31e-05	0.00e+00	0.00e+00	0.00e+00	0.00e+00	0.00e+00	0.00e+00	0.00e+00	0.00e+00	0.00e+00	0.00e+00
 2.14432e+23	1.27e-04	9.92e-01	5.43e-03	2.40e-03	1.27e-05	0.00e+00	0.00e+00	0.00e+00	0.00e+00	0.00e+00	0.00e+00	0.00e+00	0.00e+00	0.00e+00	0.00e+00
 2.14538e+23	1.24e-04	9.92e-01	5.12e-03	2.34e-03	1.24e-05	0.00e+00	0.00e+00	0.00e+00	0.00e+00	0.00e+00	0.00e+00	0.00e+00	0.00e+00	0.00e+00	0.00e+00
 2.14645e+23	1.21e-04	9.93e-01	4.84e-03	2.28e-03	1.20e-05	0.00e+00	0.00e+00	0.00e+00	0.00e+00	0.00e+00	0.00e+00	0.00e+00	0.00e+00	0.00e+00	0.00e+00
 2.14754e+23	1.19e-04	9.93e-01	4.58e-03	2.23e-03	1.17e-05	0.00e+00	0.00e+00	0.00e+00	0.00e+00	0.00e+00	0.00e+00	0.00e+00	0.00e+00	0.00e+00	0.00e+00
 2.14866e+23	1.16e-04	9.93e-01	4.32e-03	2.17e-03	1.14e-05	0.00e+00	0.00e+00	0.00e+00	0.00e+00	0.00e+00	0.00e+00	0.00e+00	0.00e+00	0.00e+00	0.00e+00
 2.14981e+23	1.14e-04	9.94e-01	4.06e-03	2.12e-03	1.12e-05	0.00e+00	0.00e+00	0.00e+00	0.00e+00	0.00e+00	0.00e+00	0.00e+00	0.00e+00	0.00e+00	0.00e+00
 2.15098e+23	1.11e-04	9.94e-01	3.83e-03	2.07e-03	1.09e-05	0.00e+00	0.00e+00	0.00e+00	0.00e+00	0.00e+00	0.00e+00	0.00e+00	0.00e+00	0.00e+00	0.00e+00
 2.15218e+23	1.09e-04	9.94e-01	3.61e-03	2.02e-03	1.06e-05	0.00e+00	0.00e+00	0.00e+00	0.00e+00	0.00e+00	0.00e+00	0.00e+00	0.00e+00	0.00e+00	0.00e+00
 2.15342e+23	1.06e-04	9.95e-01	3.39e-03	1.98e-03	1.04e-05	0.00e+00	0.00e+00	0.00e+00	0.00e+00	0.00e+00	0.00e+00	0.00e+00	0.00e+00	0.00e+00	0.00e+00
 2.15470e+23	1.04e-04	9.95e-01	3.19e-03	1.93e-03	1.02e-05	0.00e+00	0.00e+00	0.00e+00	0.00e+00	0.00e+00	0.00e+00	0.00e+00	0.00e+00	0.00e+00	0.00e+00
 2.15601e+23	1.02e-04	9.95e-01	2.99e-03	1.89e-03	9.92e-06	0.00e+00	0.00e+00	0.00e+00	0.00e+00	0.00e+00	0.00e+00	0.00e+00	0.00e+00	0.00e+00	0.00e+00
 2.15735e+23	9.94e-05	9.95e-01	2.80e-03	1.84e-03	9.71e-06	0.00e+00	0.00e+00	0.00e+00	0.00e+00	0.00e+00	0.00e+00	0.00e+00	0.00e+00	0.00e+00	0.00e+00
 2.15873e+23	9.73e-05	9.95e-01	2.62e-03	1.80e-03	9.50e-06	0.00e+00	0.00e+00	0.00e+00	0.00e+00	0.00e+00	0.00e+00	0.00e+00	0.00e+00	0.00e+00	0.00e+00
 2.16016e+23	9.51e-05	9.96e-01	2.45e-03	1.76e-03	9.30e-06	0.00e+00	0.00e+00	0.00e+00	0.00e+00	0.00e+00	0.00e+00	0.00e+00	0.00e+00	0.00e+00	0.00e+00
 2.16164e+23	9.30e-05	9.96e-01	2.28e-03	1.72e-03	9.11e-06	0.00e+00	0.00e+00	0.00e+00	0.00e+00	0.00e+00	0.00e+00	0.00e+00	0.00e+00	0.00e+00	0.00e+00
 2.16316e+23	9.10e-05	9.96e-01	2.12e-03	1.68e-03	8.92e-06	0.00e+00	0.00e+00	0.00e+00	0.00e+00	0.00e+00	0.00e+00	0.00e+00	0.00e+00	0.00e+00	0.00e+00
 2.16472e+23	8.90e-05	9.96e-01	1.97e-03	1.64e-03	8.74e-06	0.00e+00	0.00e+00	0.00e+00	0.00e+00	0.00e+00	0.00e+00	0.00e+00	0.00e+00	0.00e+00	0.00e+00
 2.16634e+23	8.71e-05	9.96e-01	1.83e-03	1.60e-03	8.57e-06	0.00e+00	0.00e+00	0.00e+00	0.00e+00	0.00e+00	0.00e+00	0.00e+00	0.00e+00	0.00e+00	0.00e+00
 2.16801e+23	8.53e-05	9.97e-01	1.69e-03	1.57e-03	8.40e-06	0.00e+00	0.00e+00	0.00e+00	0.00e+00	0.00e+00	0.00e+00	0.00e+00	0.00e+00	0.00e+00	0.00e+00
 2.16974e+23	8.35e-05	9.97e-01	1.56e-03	1.53e-03	8.24e-06	0.00e+00	0.00e+00	0.00e+00	0.00e+00	0.00e+00	0.00e+00	0.00e+00	0.00e+00	0.00e+00	0.00e+00
 2.17153e+23	8.19e-05	9.97e-01	1.44e-03	1.50e-03	8.08e-06	0.00e+00	0.00e+00	0.00e+00	0.00e+00	0.00e+00	0.00e+00	0.00e+00	0.00e+00	0.00e+00	0.00e+00
