#depth	N	N+	N+2	N+3	N+4	N+5	N+6	N+7
 1.54284e+22	2.83e-22	1.06e-16	1.12e-12	1.36e-09	5.09e-07	9.69e-04	6.66e-02	9.32e-01
 3.42551e+22	2.73e-19	3.76e-14	1.42e-10	5.50e-08	6.10e-06	4.54e-03	1.37e-01	8.58e-01
 3.87387e+22	1.53e-18	1.65e-13	4.88e-10	1.43e-07	1.18e-05	6.86e-03	1.65e-01	8.28e-01
 4.03667e+22	3.32e-18	3.22e-13	8.51e-10	2.21e-07	1.60e-05	8.29e-03	1.80e-01	8.12e-01
 4.10451e+22	3.98e-18	3.76e-13	9.70e-10	2.45e-07	1.72e-05	8.67e-03	1.83e-01	8.08e-01
 4.13571e+22	5.06e-18	4.62e-13	1.15e-09	2.80e-07	1.89e-05	9.20e-03	1.88e-01	8.03e-01
 4.16884e+22	6.23e-18	5.53e-13	1.34e-09	3.15e-07	2.05e-05	9.68e-03	1.92e-01	7.98e-01
 4.20448e+22	8.04e-18	6.89e-13	1.61e-09	3.64e-07	2.27e-05	1.03e-02	1.98e-01	7.92e-01
 4.24107e+22	9.96e-18	8.29e-13	1.88e-09	4.11e-07	2.48e-05	1.09e-02	2.03e-01	7.87e-01
 4.27381e+22	1.22e-17	9.88e-13	2.18e-09	4.62e-07	2.69e-05	1.15e-02	2.07e-01	7.81e-01
 4.31127e+22	1.59e-17	1.24e-12	2.64e-09	5.37e-07	2.99e-05	1.22e-02	2.13e-01	7.75e-01
 4.34937e+22	1.94e-17	1.47e-12	3.05e-09	6.01e-07	3.24e-05	1.29e-02	2.18e-01	7.69e-01
 4.38271e+22	2.36e-17	1.74e-12	3.51e-09	6.72e-07	3.50e-05	1.35e-02	2.22e-01	7.64e-01
 4.42046e+22	3.03e-17	2.16e-12	4.21e-09	7.76e-07	3.88e-05	1.44e-02	2.28e-01	7.57e-01
 4.45827e+22	3.62e-17	2.52e-12	4.78e-09	8.59e-07	4.17e-05	1.51e-02	2.33e-01	7.52e-01
 4.49615e+22	4.65e-17	3.13e-12	5.74e-09	9.92e-07	4.62e-05	1.61e-02	2.39e-01	7.45e-01
 4.53468e+22	5.55e-17	3.65e-12	6.53e-09	1.10e-06	4.97e-05	1.68e-02	2.44e-01	7.40e-01
 4.57405e+22	7.08e-17	4.50e-12	7.79e-09	1.26e-06	5.49e-05	1.79e-02	2.50e-01	7.32e-01
 4.61474e+22	8.56e-17	5.30e-12	8.94e-09	1.41e-06	5.94e-05	1.88e-02	2.55e-01	7.26e-01
 4.65716e+22	1.11e-16	6.61e-12	1.08e-08	1.64e-06	6.60e-05	2.00e-02	2.62e-01	7.18e-01
 4.70058e+22	1.33e-16	7.81e-12	1.24e-08	1.83e-06	7.15e-05	2.11e-02	2.67e-01	7.12e-01
 4.74533e+22	1.71e-16	9.77e-12	1.50e-08	2.12e-06	7.96e-05	2.25e-02	2.74e-01	7.03e-01
 4.79172e+22	2.10e-16	1.16e-11	1.73e-08	2.39e-06	8.66e-05	2.37e-02	2.80e-01	6.96e-01
 4.84024e+22	2.76e-16	1.47e-11	2.12e-08	2.80e-06	9.69e-05	2.54e-02	2.88e-01	6.86e-01
 4.88991e+22	3.40e-16	1.77e-11	2.46e-08	3.16e-06	1.06e-04	2.68e-02	2.94e-01	6.79e-01
 4.94108e+22	4.53e-16	2.26e-11	3.04e-08	3.73e-06	1.19e-04	2.88e-02	3.03e-01	6.68e-01
 4.99265e+22	5.57e-16	2.71e-11	3.53e-08	4.21e-06	1.30e-04	3.04e-02	3.09e-01	6.61e-01
 5.04475e+22	7.36e-16	3.45e-11	4.32e-08	4.95e-06	1.46e-04	3.26e-02	3.17e-01	6.50e-01
 5.09794e+22	9.21e-16	4.18e-11	5.09e-08	5.64e-06	1.60e-04	3.45e-02	3.24e-01	6.41e-01
 5.15256e+22	1.22e-15	5.34e-11	6.26e-08	6.64e-06	1.80e-04	3.71e-02	3.33e-01	6.30e-01
 5.20831e+22	1.55e-15	6.56e-11	7.44e-08	7.63e-06	1.99e-04	3.94e-02	3.40e-01	6.20e-01
 5.25798e+22	1.95e-15	8.02e-11	8.81e-08	8.73e-06	2.19e-04	4.17e-02	3.47e-01	6.11e-01
 5.31499e+22	2.65e-15	1.04e-10	1.10e-07	1.04e-05	2.48e-04	4.50e-02	3.57e-01	5.98e-01
 5.36905e+22	3.22e-15	1.24e-10	1.27e-07	1.17e-05	2.69e-04	4.73e-02	3.63e-01	5.89e-01
 5.41927e+22	4.24e-15	1.57e-10	1.55e-07	1.37e-05	3.02e-04	5.07e-02	3.72e-01	5.77e-01
 5.46965e+22	5.18e-15	1.87e-10	1.80e-07	1.54e-05	3.29e-04	5.32e-02	3.78e-01	5.68e-01
 5.52023e+22	6.76e-15	2.35e-10	2.19e-07	1.81e-05	3.68e-04	5.69e-02	3.87e-01	5.56e-01
 5.57195e+22	8.41e-15	2.85e-10	2.57e-07	2.06e-05	4.03e-04	6.01e-02	3.94e-01	5.46e-01
 5.62517e+22	1.12e-14	3.65e-10	3.18e-07	2.44e-05	4.55e-04	6.45e-02	4.03e-01	5.32e-01
 5.67865e+22	1.39e-14	4.40e-10	3.72e-07	2.77e-05	4.99e-04	6.81e-02	4.10e-01	5.22e-01
 5.73248e+22	1.85e-14	5.65e-10	4.60e-07	3.29e-05	5.64e-04	7.31e-02	4.19e-01	5.08e-01
 5.78734e+22	2.32e-14	6.89e-10	5.45e-07	3.78e-05	6.22e-04	7.74e-02	4.26e-01	4.96e-01
 5.84353e+22	3.12e-14	8.93e-10	6.81e-07	4.53e-05	7.08e-04	8.34e-02	4.35e-01	4.81e-01
 5.90069e+22	3.94e-14	1.10e-09	8.12e-07	5.23e-05	7.85e-04	8.84e-02	4.42e-01	4.69e-01
 5.95911e+22	5.34e-14	1.43e-09	1.02e-06	6.31e-05	8.98e-04	9.55e-02	4.51e-01	4.53e-01
 6.01838e+22	6.78e-14	1.77e-09	1.23e-06	7.33e-05	1.00e-03	1.01e-01	4.58e-01	4.40e-01
 6.07700e+22	9.07e-14	2.28e-09	1.53e-06	8.81e-05	1.14e-03	1.09e-01	4.66e-01	4.23e-01
 6.13298e+22	1.12e-13	2.74e-09	1.80e-06	1.01e-04	1.26e-03	1.15e-01	4.72e-01	4.11e-01
 6.18730e+22	1.46e-13	3.49e-09	2.21e-06	1.20e-04	1.43e-03	1.24e-01	4.79e-01	3.96e-01
 6.24265e+22	1.80e-13	4.21e-09	2.61e-06	1.38e-04	1.58e-03	1.31e-01	4.84e-01	3.83e-01
 6.29671e+22	2.31e-13	5.25e-09	3.17e-06	1.63e-04	1.78e-03	1.39e-01	4.90e-01	3.68e-01
 6.35190e+22	2.85e-13	6.34e-09	3.75e-06	1.88e-04	1.97e-03	1.48e-01	4.95e-01	3.55e-01
 6.40571e+22	3.56e-13	7.77e-09	4.50e-06	2.19e-04	2.21e-03	1.57e-01	5.00e-01	3.41e-01
 6.46057e+22	4.39e-13	9.38e-09	5.33e-06	2.54e-04	2.46e-03	1.66e-01	5.04e-01	3.27e-01
 6.51499e+22	5.40e-13	1.13e-08	6.32e-06	2.95e-04	2.75e-03	1.76e-01	5.07e-01	3.14e-01
 6.56967e+22	6.57e-13	1.36e-08	7.45e-06	3.40e-04	3.06e-03	1.86e-01	5.10e-01	3.01e-01
 6.62376e+22	7.94e-13	1.62e-08	8.74e-06	3.92e-04	3.39e-03	1.96e-01	5.13e-01	2.88e-01
 6.67774e+22	9.53e-13	1.92e-08	1.02e-05	4.51e-04	3.77e-03	2.07e-01	5.14e-01	2.75e-01
 6.73185e+22	1.14e-12	2.26e-08	1.19e-05	5.17e-04	4.17e-03	2.18e-01	5.15e-01	2.62e-01
 6.78621e+22	1.35e-12	2.65e-08	1.38e-05	5.92e-04	4.62e-03	2.29e-01	5.16e-01	2.50e-01
 6.84093e+22	1.59e-12	3.10e-08	1.60e-05	6.77e-04	5.11e-03	2.40e-01	5.16e-01	2.38e-01
 6.89618e+22	1.87e-12	3.62e-08	1.85e-05	7.73e-04	5.64e-03	2.52e-01	5.15e-01	2.26e-01
 6.95213e+22	2.19e-12	4.20e-08	2.14e-05	8.82e-04	6.23e-03	2.65e-01	5.14e-01	2.15e-01
 7.00835e+22	2.54e-12	4.85e-08	2.46e-05	1.00e-03	6.87e-03	2.77e-01	5.12e-01	2.04e-01
 7.06550e+22	2.95e-12	5.61e-08	2.82e-05	1.14e-03	7.58e-03	2.90e-01	5.09e-01	1.93e-01
 7.12336e+22	3.41e-12	6.44e-08	3.23e-05	1.29e-03	8.33e-03	3.03e-01	5.05e-01	1.82e-01
 7.18238e+22	3.93e-12	7.41e-08	3.70e-05	1.47e-03	9.20e-03	3.17e-01	5.01e-01	1.71e-01
 7.23719e+22	4.40e-12	8.28e-08	4.13e-05	1.62e-03	9.94e-03	3.28e-01	4.97e-01	1.63e-01
 7.29361e+22	5.07e-12	9.51e-08	4.73e-05	1.85e-03	1.10e-02	3.42e-01	4.92e-01	1.53e-01
 7.35114e+22	5.65e-12	1.06e-07	5.27e-05	2.04e-03	1.19e-02	3.54e-01	4.87e-01	1.45e-01
 7.41010e+22	6.47e-12	1.21e-07	6.04e-05	2.33e-03	1.31e-02	3.69e-01	4.80e-01	1.35e-01
 7.46922e+22	7.20e-12	1.35e-07	6.70e-05	2.56e-03	1.41e-02	3.80e-01	4.75e-01	1.28e-01
 7.52853e+22	8.19e-12	1.54e-07	7.63e-05	2.89e-03	1.55e-02	3.95e-01	4.67e-01	1.19e-01
 7.58826e+22	9.06e-12	1.70e-07	8.44e-05	3.18e-03	1.67e-02	4.07e-01	4.60e-01	1.13e-01
 7.64852e+22	1.02e-11	1.93e-07	9.58e-05	3.58e-03	1.83e-02	4.22e-01	4.51e-01	1.05e-01
 7.70932e+22	1.13e-11	2.13e-07	1.06e-04	3.92e-03	1.96e-02	4.33e-01	4.44e-01	9.90e-02
 7.77082e+22	1.28e-11	2.41e-07	1.20e-04	4.40e-03	2.15e-02	4.48e-01	4.34e-01	9.16e-02
 7.83310e+22	1.41e-11	2.65e-07	1.32e-04	4.81e-03	2.30e-02	4.59e-01	4.27e-01	8.62e-02
 7.89640e+22	1.59e-11	3.00e-07	1.50e-04	5.40e-03	2.52e-02	4.74e-01	4.16e-01	7.95e-02
 7.96080e+22	1.75e-11	3.31e-07	1.65e-04	5.90e-03	2.70e-02	4.85e-01	4.07e-01	7.46e-02
 8.02662e+22	1.98e-11	3.74e-07	1.88e-04	6.61e-03	2.95e-02	4.99e-01	3.96e-01	6.84e-02
 8.09388e+22	2.19e-11	4.14e-07	2.08e-04	7.23e-03	3.15e-02	5.10e-01	3.87e-01	6.39e-02
 8.16299e+22	2.48e-11	4.70e-07	2.36e-04	8.10e-03	3.45e-02	5.25e-01	3.74e-01	5.83e-02
 8.23369e+22	2.76e-11	5.22e-07	2.62e-04	8.86e-03	3.69e-02	5.35e-01	3.64e-01	5.42e-02
 8.29324e+22	3.02e-11	5.72e-07	2.87e-04	9.59e-03	3.92e-02	5.45e-01	3.56e-01	5.07e-02
 8.35745e+22	3.38e-11	6.41e-07	3.23e-04	1.06e-02	4.23e-02	5.56e-01	3.44e-01	4.65e-02
 8.42011e+22	3.69e-11	6.98e-07	3.51e-04	1.14e-02	4.46e-02	5.64e-01	3.36e-01	4.37e-02
 8.48075e+22	4.08e-11	7.75e-07	3.91e-04	1.25e-02	4.79e-02	5.75e-01	3.25e-01	4.01e-02
 8.54195e+22	4.48e-11	8.48e-07	4.27e-04	1.34e-02	5.04e-02	5.82e-01	3.16e-01	3.76e-02
 8.60388e+22	4.98e-11	9.44e-07	4.76e-04	1.46e-02	5.40e-02	5.91e-01	3.05e-01	3.45e-02
 8.66668e+22	5.48e-11	1.04e-06	5.20e-04	1.57e-02	5.68e-02	5.98e-01	2.97e-01	3.23e-02
 8.73058e+22	6.12e-11	1.16e-06	5.82e-04	1.72e-02	6.08e-02	6.06e-01	2.85e-01	2.95e-02
 8.79541e+22	6.76e-11	1.27e-06	6.37e-04	1.84e-02	6.39e-02	6.13e-01	2.77e-01	2.75e-02
 8.86144e+22	7.57e-11	1.43e-06	7.15e-04	2.02e-02	6.84e-02	6.20e-01	2.66e-01	2.50e-02
 8.92855e+22	8.43e-11	1.58e-06	7.85e-04	2.17e-02	7.18e-02	6.25e-01	2.57e-01	2.32e-02
 8.99707e+22	9.47e-11	1.77e-06	8.84e-04	2.37e-02	7.68e-02	6.32e-01	2.46e-01	2.10e-02
 9.06688e+22	1.06e-10	1.97e-06	9.74e-04	2.55e-02	8.08e-02	6.36e-01	2.37e-01	1.94e-02
 9.13837e+22	1.20e-10	2.23e-06	1.10e-03	2.80e-02	8.63e-02	6.42e-01	2.26e-01	1.75e-02
 9.21181e+22	1.35e-10	2.49e-06	1.22e-03	3.01e-02	9.08e-02	6.45e-01	2.17e-01	1.60e-02
 9.28779e+22	1.55e-10	2.85e-06	1.39e-03	3.31e-02	9.70e-02	6.49e-01	2.05e-01	1.43e-02
 9.36490e+22	1.75e-10	3.19e-06	1.55e-03	3.57e-02	1.02e-01	6.51e-01	1.97e-01	1.31e-02
 9.44347e+22	2.03e-10	3.68e-06	1.77e-03	3.92e-02	1.09e-01	6.53e-01	1.86e-01	1.16e-02
 9.52296e+22	2.32e-10	4.14e-06	1.97e-03	4.23e-02	1.14e-01	6.54e-01	1.77e-01	1.06e-02
 9.60364e+22	2.70e-10	4.78e-06	2.26e-03	4.64e-02	1.22e-01	6.54e-01	1.66e-01	9.35e-03
 9.68542e+22	3.09e-10	5.42e-06	2.52e-03	5.00e-02	1.28e-01	6.53e-01	1.58e-01	8.49e-03
 9.75713e+22	3.52e-10	6.09e-06	2.81e-03	5.37e-02	1.34e-01	6.52e-01	1.51e-01	7.70e-03
 9.83886e+22	4.12e-10	7.06e-06	3.22e-03	5.89e-02	1.42e-01	6.49e-01	1.41e-01	6.76e-03
 9.92119e+22	4.73e-10	7.99e-06	3.59e-03	6.32e-02	1.48e-01	6.46e-01	1.34e-01	6.11e-03
 9.98894e+22	5.31e-10	8.88e-06	3.95e-03	6.72e-02	1.54e-01	6.42e-01	1.27e-01	5.59e-03
 1.00617e+23	6.18e-10	1.02e-05	4.44e-03	7.26e-02	1.61e-01	6.37e-01	1.20e-01	4.99e-03
 1.01359e+23	7.00e-10	1.14e-05	4.91e-03	7.74e-02	1.67e-01	6.33e-01	1.14e-01	4.52e-03
 1.02019e+23	7.92e-10	1.27e-05	5.41e-03	8.22e-02	1.73e-01	6.28e-01	1.08e-01	4.11e-03
 1.02774e+23	9.28e-10	1.46e-05	6.10e-03	8.87e-02	1.80e-01	6.20e-01	1.01e-01	3.64e-03
 1.03558e+23	1.06e-09	1.65e-05	6.79e-03	9.47e-02	1.87e-01	6.13e-01	9.49e-02	3.26e-03
 1.04258e+23	1.21e-09	1.85e-05	7.49e-03	1.01e-01	1.94e-01	6.06e-01	8.96e-02	2.94e-03
 1.05046e+23	1.44e-09	2.14e-05	8.48e-03	1.08e-01	2.01e-01	5.96e-01	8.33e-02	2.59e-03
 1.05869e+23	1.66e-09	2.43e-05	9.47e-03	1.16e-01	2.09e-01	5.86e-01	7.77e-02	2.29e-03
 1.06612e+23	1.91e-09	2.75e-05	1.05e-02	1.23e-01	2.15e-01	5.76e-01	7.28e-02	2.05e-03
 1.07451e+23	2.30e-09	3.21e-05	1.19e-02	1.33e-01	2.23e-01	5.63e-01	6.70e-02	1.78e-03
 1.08317e+23	2.68e-09	3.67e-05	1.33e-02	1.42e-01	2.30e-01	5.51e-01	6.20e-02	1.56e-03
 1.09088e+23	3.11e-09	4.17e-05	1.48e-02	1.50e-01	2.37e-01	5.39e-01	5.77e-02	1.38e-03
 1.09961e+23	3.77e-09	4.90e-05	1.68e-02	1.62e-01	2.44e-01	5.23e-01	5.26e-02	1.18e-03
 1.10868e+23	4.45e-09	5.64e-05	1.89e-02	1.72e-01	2.51e-01	5.08e-01	4.83e-02	1.03e-03
 1.11683e+23	5.22e-09	6.44e-05	2.10e-02	1.83e-01	2.57e-01	4.94e-01	4.45e-02	8.99e-04
 1.12607e+23	6.31e-09	7.63e-05	2.40e-02	1.96e-01	2.64e-01	4.75e-01	4.00e-02	7.55e-04
 1.13560e+23	7.51e-09	8.81e-05	2.68e-02	2.09e-01	2.69e-01	4.58e-01	3.64e-02	6.48e-04
 1.14421e+23	8.91e-09	1.01e-04	2.99e-02	2.21e-01	2.74e-01	4.41e-01	3.31e-02	5.58e-04
 1.15407e+23	1.11e-08	1.21e-04	3.43e-02	2.37e-01	2.80e-01	4.20e-01	2.92e-02	4.59e-04
 1.16406e+23	1.32e-08	1.40e-04	3.83e-02	2.50e-01	2.84e-01	4.01e-01	2.63e-02	3.88e-04
 1.17419e+23	1.66e-08	1.68e-04	4.38e-02	2.67e-01	2.88e-01	3.78e-01	2.30e-02	3.16e-04
 1.18444e+23	2.00e-08	1.94e-04	4.88e-02	2.81e-01	2.90e-01	3.59e-01	2.05e-02	2.65e-04
 1.19485e+23	2.53e-08	2.34e-04	5.58e-02	2.99e-01	2.92e-01	3.36e-01	1.77e-02	2.12e-04
 1.20535e+23	3.05e-08	2.71e-04	6.19e-02	3.13e-01	2.93e-01	3.17e-01	1.57e-02	1.76e-04
 1.21598e+23	3.88e-08	3.26e-04	7.06e-02	3.31e-01	2.92e-01	2.93e-01	1.34e-02	1.39e-04
 1.22671e+23	4.69e-08	3.78e-04	7.81e-02	3.45e-01	2.91e-01	2.74e-01	1.17e-02	1.14e-04
 1.23760e+23	6.00e-08	4.56e-04	8.87e-02	3.62e-01	2.88e-01	2.51e-01	9.87e-03	8.87e-05
 1.24863e+23	7.30e-08	5.29e-04	9.79e-02	3.76e-01	2.84e-01	2.33e-01	8.57e-03	7.21e-05
 1.25984e+23	9.41e-08	6.39e-04	1.11e-01	3.92e-01	2.79e-01	2.10e-01	7.10e-03	5.48e-05
 1.27084e+23	1.13e-07	7.34e-04	1.21e-01	4.04e-01	2.74e-01	1.95e-01	6.15e-03	4.46e-05
 1.28156e+23	1.44e-07	8.76e-04	1.35e-01	4.18e-01	2.66e-01	1.75e-01	5.09e-03	3.40e-05
 1.29190e+23	1.71e-07	9.91e-04	1.46e-01	4.27e-01	2.60e-01	1.62e-01	4.44e-03	2.80e-05
 1.30176e+23	2.13e-07	1.16e-03	1.60e-01	4.37e-01	2.52e-01	1.46e-01	3.70e-03	2.16e-05
 1.31160e+23	2.53e-07	1.31e-03	1.72e-01	4.44e-01	2.45e-01	1.34e-01	3.21e-03	1.77e-05
 1.32140e+23	3.12e-07	1.52e-03	1.87e-01	4.52e-01	2.35e-01	1.21e-01	2.67e-03	1.37e-05
 1.33157e+23	3.76e-07	1.74e-03	2.02e-01	4.58e-01	2.27e-01	1.09e-01	2.26e-03	1.08e-05
 1.34071e+23	4.47e-07	1.96e-03	2.16e-01	4.62e-01	2.18e-01	9.97e-02	1.93e-03	8.72e-06
 1.35106e+23	5.58e-07	2.29e-03	2.34e-01	4.67e-01	2.07e-01	8.80e-02	1.57e-03	6.55e-06
 1.36158e+23	6.71e-07	2.59e-03	2.51e-01	4.69e-01	1.98e-01	7.91e-02	1.32e-03	5.14e-06
 1.37231e+23	8.37e-07	3.02e-03	2.71e-01	4.70e-01	1.86e-01	6.93e-02	1.06e-03	3.82e-06
 1.38275e+23	9.94e-07	3.39e-03	2.87e-01	4.70e-01	1.77e-01	6.23e-02	8.93e-04	3.01e-06
 1.39098e+23	1.15e-06	3.74e-03	3.01e-01	4.69e-01	1.69e-01	5.67e-02	7.68e-04	2.45e-06
 1.39983e+23	1.38e-06	4.21e-03	3.19e-01	4.66e-01	1.60e-01	5.04e-02	6.36e-04	1.90e-06
 1.40894e+23	1.60e-06	4.66e-03	3.34e-01	4.63e-01	1.52e-01	4.55e-02	5.40e-04	1.52e-06
 1.41710e+23	1.86e-06	5.14e-03	3.49e-01	4.60e-01	1.44e-01	4.11e-02	4.60e-04	1.22e-06
 1.42644e+23	2.24e-06	5.81e-03	3.68e-01	4.54e-01	1.35e-01	3.61e-02	3.74e-04	9.24e-07
 1.43588e+23	2.60e-06	6.42e-03	3.85e-01	4.49e-01	1.27e-01	3.23e-02	3.14e-04	7.31e-07
 1.44413e+23	3.01e-06	7.06e-03	4.00e-01	4.43e-01	1.20e-01	2.90e-02	2.65e-04	5.81e-07
 1.45356e+23	3.61e-06	7.94e-03	4.20e-01	4.35e-01	1.11e-01	2.53e-02	2.14e-04	4.35e-07
 1.46315e+23	4.19e-06	8.74e-03	4.37e-01	4.28e-01	1.04e-01	2.25e-02	1.78e-04	3.40e-07
 1.47166e+23	4.84e-06	9.60e-03	4.53e-01	4.20e-01	9.77e-02	2.00e-02	1.49e-04	2.67e-07
 1.48141e+23	5.79e-06	1.08e-02	4.73e-01	4.09e-01	8.98e-02	1.73e-02	1.18e-04	1.96e-07
 1.49131e+23	6.71e-06	1.19e-02	4.89e-01	4.00e-01	8.35e-02	1.52e-02	9.73e-05	1.51e-07
 1.50140e+23	8.05e-06	1.33e-02	5.10e-01	3.88e-01	7.62e-02	1.30e-02	7.63e-05	0.00e+00
 1.51160e+23	9.36e-06	1.47e-02	5.26e-01	3.77e-01	7.04e-02	1.14e-02	6.22e-05	0.00e+00
 1.52055e+23	1.08e-05	1.61e-02	5.42e-01	3.67e-01	6.52e-02	1.00e-02	5.10e-05	0.00e+00
 1.53082e+23	1.30e-05	1.81e-02	5.62e-01	3.53e-01	5.90e-02	8.48e-03	3.95e-05	0.00e+00
 1.54126e+23	1.51e-05	1.99e-02	5.77e-01	3.41e-01	5.42e-02	7.38e-03	3.19e-05	0.00e+00
 1.55192e+23	1.82e-05	2.23e-02	5.96e-01	3.27e-01	4.87e-02	6.19e-03	2.44e-05	0.00e+00
 1.56279e+23	2.12e-05	2.46e-02	6.11e-01	3.14e-01	4.44e-02	5.33e-03	1.94e-05	0.00e+00
 1.57248e+23	2.47e-05	2.70e-02	6.26e-01	3.02e-01	4.05e-02	4.60e-03	1.55e-05	0.00e+00
 1.58360e+23	2.98e-05	3.04e-02	6.43e-01	2.86e-01	3.59e-02	3.81e-03	1.16e-05	0.00e+00
 1.59500e+23	3.50e-05	3.35e-02	6.57e-01	2.73e-01	3.24e-02	3.24e-03	9.07e-06	0.00e+00
 1.60138e+23	3.63e-05	3.42e-02	6.61e-01	2.70e-01	3.16e-02	3.10e-03	8.51e-06	0.00e+00
 1.60385e+23	3.76e-05	3.49e-02	6.64e-01	2.67e-01	3.09e-02	3.00e-03	8.07e-06	0.00e+00
 1.60659e+23	3.95e-05	3.60e-02	6.68e-01	2.63e-01	2.99e-02	2.85e-03	7.46e-06	0.00e+00
 1.61016e+23	4.17e-05	3.72e-02	6.72e-01	2.59e-01	2.88e-02	2.69e-03	6.84e-06	0.00e+00
 1.61480e+23	4.52e-05	3.91e-02	6.79e-01	2.52e-01	2.73e-02	2.47e-03	6.02e-06	0.00e+00
 1.62083e+23	4.99e-05	4.16e-02	6.86e-01	2.44e-01	2.55e-02	2.22e-03	5.13e-06	0.00e+00
 1.62867e+23	5.72e-05	4.52e-02	6.97e-01	2.33e-01	2.32e-02	1.92e-03	4.11e-06	0.00e+00
 1.63684e+23	6.37e-05	4.82e-02	7.04e-01	2.24e-01	2.15e-02	1.71e-03	3.44e-06	0.00e+00
 1.64543e+23	7.32e-05	5.24e-02	7.13e-01	2.14e-01	1.95e-02	1.47e-03	2.73e-06	0.00e+00
 1.65432e+23	8.25e-05	5.63e-02	7.20e-01	2.04e-01	1.78e-02	1.28e-03	2.22e-06	0.00e+00
 1.66235e+23	9.28e-05	6.04e-02	7.27e-01	1.95e-01	1.64e-02	1.12e-03	1.82e-06	0.00e+00
 1.67153e+23	1.08e-04	6.60e-02	7.35e-01	1.84e-01	1.46e-02	9.48e-04	1.41e-06	0.00e+00
 1.68086e+23	1.21e-04	7.07e-02	7.40e-01	1.75e-01	1.34e-02	8.26e-04	1.14e-06	0.00e+00
 1.69036e+23	1.40e-04	7.72e-02	7.46e-01	1.64e-01	1.19e-02	6.93e-04	8.79e-07	0.00e+00
 1.70009e+23	1.59e-04	8.30e-02	7.50e-01	1.55e-01	1.08e-02	5.96e-04	7.01e-07	0.00e+00
 1.71013e+23	1.86e-04	9.11e-02	7.54e-01	1.45e-01	9.48e-03	4.93e-04	5.26e-07	0.00e+00
 1.72026e+23	2.11e-04	9.78e-02	7.57e-01	1.36e-01	8.54e-03	4.22e-04	4.16e-07	0.00e+00
 1.73052e+23	2.46e-04	1.07e-01	7.59e-01	1.26e-01	7.51e-03	3.47e-04	3.11e-07	0.00e+00
 1.74113e+23	2.81e-04	1.16e-01	7.59e-01	1.18e-01	6.69e-03	2.92e-04	2.40e-07	0.00e+00
 1.75220e+23	3.31e-04	1.27e-01	7.59e-01	1.08e-01	5.80e-03	2.36e-04	1.74e-07	0.00e+00
 1.76343e+23	3.79e-04	1.37e-01	7.57e-01	1.00e-01	5.13e-03	1.97e-04	1.33e-07	0.00e+00
 1.77490e+23	4.51e-04	1.51e-01	7.53e-01	9.05e-02	4.39e-03	1.56e-04	0.00e+00	0.00e+00
 1.78633e+23	5.13e-04	1.62e-01	7.49e-01	8.37e-02	3.89e-03	1.30e-04	0.00e+00	0.00e+00
 1.79773e+23	6.08e-04	1.79e-01	7.42e-01	7.53e-02	3.33e-03	1.03e-04	0.00e+00	0.00e+00
 1.80931e+23	6.95e-04	1.92e-01	7.35e-01	6.90e-02	2.92e-03	8.46e-05	0.00e+00	0.00e+00
 1.81954e+23	7.95e-04	2.07e-01	7.27e-01	6.30e-02	2.57e-03	6.96e-05	0.00e+00	0.00e+00
 1.83126e+23	9.45e-04	2.28e-01	7.14e-01	5.58e-02	2.17e-03	5.39e-05	0.00e+00	0.00e+00
 1.84324e+23	1.09e-03	2.45e-01	7.02e-01	5.03e-02	1.89e-03	4.35e-05	0.00e+00	0.00e+00
 1.85556e+23	1.31e-03	2.70e-01	6.83e-01	4.37e-02	1.57e-03	3.28e-05	0.00e+00	0.00e+00
 1.86800e+23	1.51e-03	2.91e-01	6.67e-01	3.89e-02	1.35e-03	2.60e-05	0.00e+00	0.00e+00
 1.88060e+23	1.83e-03	3.22e-01	6.42e-01	3.32e-02	1.11e-03	1.92e-05	0.00e+00	0.00e+00
 1.89333e+23	2.13e-03	3.47e-01	6.21e-01	2.90e-02	9.43e-04	1.49e-05	0.00e+00	0.00e+00
 1.90624e+23	2.60e-03	3.84e-01	5.88e-01	2.40e-02	7.57e-04	1.05e-05	0.00e+00	0.00e+00
 1.91918e+23	3.04e-03	4.14e-01	5.62e-01	2.06e-02	6.36e-04	7.99e-06	0.00e+00	0.00e+00
 1.93218e+23	3.73e-03	4.56e-01	5.23e-01	1.66e-02	5.00e-04	5.45e-06	0.00e+00	0.00e+00
 1.94538e+23	4.41e-03	4.92e-01	4.90e-01	1.37e-02	4.10e-04	3.95e-06	0.00e+00	0.00e+00
 1.95884e+23	5.48e-03	5.41e-01	4.43e-01	1.06e-02	3.10e-04	2.53e-06	0.00e+00	0.00e+00
 1.97258e+23	6.58e-03	5.83e-01	4.02e-01	8.31e-03	2.43e-04	1.71e-06	0.00e+00	0.00e+00
 1.98482e+23	7.87e-03	6.25e-01	3.60e-01	6.44e-03	1.88e-04	1.13e-06	0.00e+00	0.00e+00
 1.99545e+23	9.12e-03	6.59e-01	3.26e-01	5.17e-03	1.51e-04	7.99e-07	0.00e+00	0.00e+00
 2.00435e+23	1.04e-02	6.90e-01	2.95e-01	4.18e-03	1.22e-04	5.70e-07	0.00e+00	0.00e+00
 2.01445e+23	1.23e-02	7.29e-01	2.56e-01	3.12e-03	9.14e-05	3.59e-07	0.00e+00	0.00e+00
 2.02519e+23	1.45e-02	7.64e-01	2.19e-01	2.30e-03	6.76e-05	2.24e-07	0.00e+00	0.00e+00
 2.03515e+23	1.71e-02	7.96e-01	1.85e-01	1.67e-03	4.89e-05	1.36e-07	0.00e+00	0.00e+00
 2.04501e+23	2.03e-02	8.26e-01	1.52e-01	1.18e-03	3.42e-05	0.00e+00	0.00e+00	0.00e+00
 2.05432e+23	2.38e-02	8.52e-01	1.24e-01	8.26e-04	2.36e-05	0.00e+00	0.00e+00	0.00e+00
 2.06291e+23	2.82e-02	8.73e-01	9.87e-02	5.69e-04	1.58e-05	0.00e+00	0.00e+00	0.00e+00
 2.07087e+23	3.29e-02	8.88e-01	7.85e-02	3.97e-04	1.06e-05	0.00e+00	0.00e+00	0.00e+00
 2.07829e+23	3.87e-02	9.00e-01	6.10e-02	2.73e-04	6.85e-06	0.00e+00	0.00e+00	0.00e+00
 2.08521e+23	4.56e-02	9.07e-01	4.69e-02	1.89e-04	4.36e-06	0.00e+00	0.00e+00	0.00e+00
 2.09131e+23	5.36e-02	9.10e-01	3.60e-02	1.33e-04	2.77e-06	0.00e+00	0.00e+00	0.00e+00
 2.09670e+23	6.26e-02	9.09e-01	2.78e-02	9.69e-05	1.78e-06	0.00e+00	0.00e+00	0.00e+00
 2.10156e+23	7.30e-02	9.05e-01	2.15e-02	7.22e-05	1.16e-06	0.00e+00	0.00e+00	0.00e+00
 2.10604e+23	8.55e-02	8.98e-01	1.65e-02	5.46e-05	7.47e-07	0.00e+00	0.00e+00	0.00e+00
 2.11014e+23	9.97e-02	8.88e-01	1.28e-02	4.24e-05	4.90e-07	0.00e+00	0.00e+00	0.00e+00
 2.11387e+23	1.16e-01	8.74e-01	9.96e-03	3.35e-05	3.26e-07	0.00e+00	0.00e+00	0.00e+00
 2.11732e+23	1.35e-01	8.57e-01	7.77e-03	2.71e-05	2.20e-07	0.00e+00	0.00e+00	0.00e+00
 2.12048e+23	1.56e-01	8.38e-01	6.13e-03	2.23e-05	1.52e-07	0.00e+00	0.00e+00	0.00e+00
 2.12263e+23	1.71e-01	8.24e-01	5.25e-03	1.97e-05	0.00e+00	0.00e+00	0.00e+00	0.00e+00
 2.12372e+23	1.80e-01	8.15e-01	4.82e-03	1.85e-05	0.00e+00	0.00e+00	0.00e+00	0.00e+00
 2.12470e+23	1.88e-01	8.07e-01	4.45e-03	1.74e-05	0.00e+00	0.00e+00	0.00e+00	0.00e+00
 2.12595e+23	2.00e-01	7.96e-01	4.01e-03	1.62e-05	0.00e+00	0.00e+00	0.00e+00	0.00e+00
 2.12738e+23	2.14e-01	7.82e-01	3.56e-03	1.49e-05	0.00e+00	0.00e+00	0.00e+00	0.00e+00
 2.12880e+23	2.28e-01	7.69e-01	3.18e-03	1.37e-05	0.00e+00	0.00e+00	0.00e+00	0.00e+00
 2.13025e+23	2.44e-01	7.53e-01	2.80e-03	1.26e-05	0.00e+00	0.00e+00	0.00e+00	0.00e+00
 2.13179e+23	2.63e-01	7.35e-01	2.46e-03	1.16e-05	0.00e+00	0.00e+00	0.00e+00	0.00e+00
 2.13334e+23	2.81e-01	7.17e-01	2.15e-03	1.06e-05	0.00e+00	0.00e+00	0.00e+00	0.00e+00
 2.13492e+23	3.01e-01	6.97e-01	1.88e-03	9.75e-06	0.00e+00	0.00e+00	0.00e+00	0.00e+00
 2.13648e+23	3.21e-01	6.77e-01	1.64e-03	8.98e-06	0.00e+00	0.00e+00	0.00e+00	0.00e+00
 2.13771e+23	3.37e-01	6.62e-01	1.49e-03	8.46e-06	0.00e+00	0.00e+00	0.00e+00	0.00e+00
 2.13852e+23	3.47e-01	6.51e-01	1.39e-03	8.13e-06	0.00e+00	0.00e+00	0.00e+00	0.00e+00
 2.13932e+23	3.58e-01	6.40e-01	1.29e-03	7.81e-06	0.00e+00	0.00e+00	0.00e+00	0.00e+00
 2.14026e+23	3.71e-01	6.28e-01	1.19e-03	7.44e-06	0.00e+00	0.00e+00	0.00e+00	0.00e+00
 2.14129e+23	3.85e-01	6.14e-01	1.09e-03	7.08e-06	0.00e+00	0.00e+00	0.00e+00	0.00e+00
 2.14232e+23	3.99e-01	6.00e-01	9.99e-04	6.74e-06	0.00e+00	0.00e+00	0.00e+00	0.00e+00
 2.14331e+23	4.13e-01	5.86e-01	9.17e-04	6.43e-06	0.00e+00	0.00e+00	0.00e+00	0.00e+00
 2.14432e+23	4.26e-01	5.73e-01	8.41e-04	6.14e-06	0.00e+00	0.00e+00	0.00e+00	0.00e+00
 2.14538e+23	4.41e-01	5.58e-01	7.69e-04	5.85e-06	0.00e+00	0.00e+00	0.00e+00	0.00e+00
 2.14645e+23	4.55e-01	5.44e-01	7.02e-04	5.57e-06	0.00e+00	0.00e+00	0.00e+00	0.00e+00
 2.14754e+23	4.70e-01	5.30e-01	6.41e-04	5.31e-06	0.00e+00	0.00e+00	0.00e+00	0.00e+00
 2.14866e+23	4.84e-01	5.15e-01	5.84e-04	5.05e-06	0.00e+00	0.00e+00	0.00e+00	0.00e+00
 2.14981e+23	5.00e-01	5.00e-01	5.30e-04	4.81e-06	0.00e+00	0.00e+00	0.00e+00	0.00e+00
 2.15098e+23	5.15e-01	4.85e-01	4.81e-04	4.58e-06	0.00e+00	0.00e+00	0.00e+00	0.00e+00
 2.15218e+23	5.29e-01	4.70e-01	4.37e-04	4.35e-06	0.00e+00	0.00e+00	0.00e+00	0.00e+00
 2.15342e+23	5.45e-01	4.55e-01	3.95e-04	4.14e-06	0.00e+00	0.00e+00	0.00e+00	0.00e+00
 2.15470e+23	5.60e-01	4.40e-01	3.57e-04	3.93e-06	0.00e+00	0.00e+00	0.00e+00	0.00e+00
 2.15601e+23	5.75e-01	4.24e-01	3.22e-04	3.73e-06	0.00e+00	0.00e+00	0.00e+00	0.00e+00
 2.15735e+23	5.90e-01	4.09e-01	2.90e-04	3.54e-06	0.00e+00	0.00e+00	0.00e+00	0.00e+00
 2.15873e+23	6.05e-01	3.94e-01	2.61e-04	3.36e-06	0.00e+00	0.00e+00	0.00e+00	0.00e+00
 2.16016e+23	6.21e-01	3.79e-01	2.35e-04	3.18e-06	0.00e+00	0.00e+00	0.00e+00	0.00e+00
 2.16164e+23	6.36e-01	3.64e-01	2.11e-04	3.02e-06	0.00e+00	0.00e+00	0.00e+00	0.00e+00
 2.16316e+23	6.51e-01	3.49e-01	1.89e-04	2.85e-06	0.00e+00	0.00e+00	0.00e+00	0.00e+00
 2.16472e+23	6.65e-01	3.34e-01	1.69e-04	2.70e-06	0.00e+00	0.00e+00	0.00e+00	0.00e+00
 2.16634e+23	6.80e-01	3.20e-01	1.52e-04	2.55e-06	0.00e+00	0.00e+00	0.00e+00	0.00e+00
 2.16801e+23	6.94e-01	3.06e-01	1.36e-04	2.41e-06	0.00e+00	0.00e+00	0.00e+00	0.00e+00
 2.16974e+23	7.08e-01	2.91e-01	1.22e-04	2.28e-06	0.00e+00	0.00e+00	0.00e+00	0.00e+00
 2.17153e+23	7.22e-01	2.78e-01	1.09e-04	2.15e-06	0.00e+00	0.00e+00	0.00e+00	0.00e+00
 2.17337e+23	7.36e-01	2.64e-01	9.81e-05	2.03e-06	0.00e+00	0.00e+00	0.00e+00	0.00e+00
 2.17525e+23	7.48e-01	2.52e-01	8.86e-05	1.92e-06	0.00e+00	0.00e+00	0.00e+00	0.00e+00
 2.17715e+23	7.61e-01	2.39e-01	8.01e-05	1.81e-06	0.00e+00	0.00e+00	0.00e+00	0.00e+00
 2.17912e+23	7.73e-01	2.27e-01	7.25e-05	1.71e-06	0.00e+00	0.00e+00	0.00e+00	0.00e+00
 2.18116e+23	7.85e-01	2.15e-01	6.59e-05	1.62e-06	0.00e+00	0.00e+00	0.00e+00	0.00e+00
 2.18325e+23	7.96e-01	2.04e-01	6.00e-05	1.53e-06	0.00e+00	0.00e+00	0.00e+00	0.00e+00
 2.18536e+23	8.06e-01	1.93e-01	5.50e-05	1.45e-06	0.00e+00	0.00e+00	0.00e+00	0.00e+00
 2.18752e+23	8.17e-01	1.83e-01	5.05e-05	1.37e-06	0.00e+00	0.00e+00	0.00e+00	0.00e+00
 2.18979e+23	8.27e-01	1.73e-01	4.66e-05	1.30e-06	0.00e+00	0.00e+00	0.00e+00	0.00e+00
 2.19213e+23	8.36e-01	1.64e-01	4.31e-05	1.23e-06	0.00e+00	0.00e+00	0.00e+00	0.00e+00
 2.19453e+23	8.45e-01	1.55e-01	4.00e-05	1.16e-06	0.00e+00	0.00e+00	0.00e+00	0.00e+00
 2.19704e+23	8.54e-01	1.46e-01	3.72e-05	1.10e-06	0.00e+00	0.00e+00	0.00e+00	0.00e+00
 2.19966e+23	8.62e-01	1.38e-01	3.47e-05	1.04e-06	0.00e+00	0.00e+00	0.00e+00	0.00e+00
 2.20236e+23	8.71e-01	1.29e-01	3.25e-05	9.84e-07	0.00e+00	0.00e+00	0.00e+00	0.00e+00
 2.20516e+23	8.79e-01	1.21e-01	3.05e-05	9.30e-07	0.00e+00	0.00e+00	0.00e+00	0.00e+00
 2.20795e+23	8.86e-01	1.14e-01	2.88e-05	8.83e-07	0.00e+00	0.00e+00	0.00e+00	0.00e+00
 2.21064e+23	8.92e-01	1.08e-01	2.74e-05	8.41e-07	0.00e+00	0.00e+00	0.00e+00	0.00e+00
 2.21324e+23	8.98e-01	1.02e-01	2.61e-05	8.04e-07	0.00e+00	0.00e+00	0.00e+00	0.00e+00
 2.21574e+23	9.04e-01	9.64e-02	2.51e-05	7.70e-07	0.00e+00	0.00e+00	0.00e+00	0.00e+00
 2.21815e+23	9.08e-01	9.15e-02	2.41e-05	7.40e-07	0.00e+00	0.00e+00	0.00e+00	0.00e+00
 2.22043e+23	9.13e-01	8.69e-02	2.33e-05	7.13e-07	0.00e+00	0.00e+00	0.00e+00	0.00e+00
 2.22257e+23	9.17e-01	8.30e-02	2.26e-05	6.89e-07	0.00e+00	0.00e+00	0.00e+00	0.00e+00
 2.22464e+23	9.21e-01	7.92e-02	2.20e-05	6.67e-07	0.00e+00	0.00e+00	0.00e+00	0.00e+00
 2.22672e+23	9.24e-01	7.56e-02	2.14e-05	6.45e-07	0.00e+00	0.00e+00	0.00e+00	0.00e+00
 2.22873e+23	9.28e-01	7.23e-02	2.08e-05	6.26e-07	0.00e+00	0.00e+00	0.00e+00	0.00e+00
 2.23068e+23	9.31e-01	6.93e-02	2.03e-05	6.08e-07	0.00e+00	0.00e+00	0.00e+00	0.00e+00
 2.23255e+23	9.34e-01	6.64e-02	1.99e-05	5.92e-07	0.00e+00	0.00e+00	0.00e+00	0.00e+00
 2.23437e+23	9.36e-01	6.38e-02	1.95e-05	5.77e-07	0.00e+00	0.00e+00	0.00e+00	0.00e+00
 2.23612e+23	9.39e-01	6.14e-02	1.91e-05	5.64e-07	0.00e+00	0.00e+00	0.00e+00	0.00e+00
 2.23782e+23	9.41e-01	5.91e-02	1.87e-05	5.52e-07	0.00e+00	0.00e+00	0.00e+00	0.00e+00
 2.23947e+23	9.43e-01	5.71e-02	1.84e-05	5.41e-07	0.00e+00	0.00e+00	0.00e+00	0.00e+00
 2.24105e+23	9.45e-01	5.51e-02	1.81e-05	5.32e-07	0.00e+00	0.00e+00	0.00e+00	0.00e+00
 2.24255e+23	9.47e-01	5.35e-02	1.79e-05	5.23e-07	0.00e+00	0.00e+00	0.00e+00	0.00e+00
 2.24403e+23	9.48e-01	5.18e-02	1.76e-05	5.16e-07	0.00e+00	0.00e+00	0.00e+00	0.00e+00
 2.24546e+23	9.50e-01	5.03e-02	1.74e-05	5.10e-07	0.00e+00	0.00e+00	0.00e+00	0.00e+00
 2.24682e+23	9.51e-01	4.90e-02	1.72e-05	5.05e-07	0.00e+00	0.00e+00	0.00e+00	0.00e+00
 2.24811e+23	9.52e-01	4.78e-02	1.70e-05	5.01e-07	0.00e+00	0.00e+00	0.00e+00	0.00e+00
 2.24928e+23	9.53e-01	4.68e-02	1.68e-05	4.98e-07	0.00e+00	0.00e+00	0.00e+00	0.00e+00
 2.25035e+23	9.54e-01	4.60e-02	1.67e-05	4.96e-07	0.00e+00	0.00e+00	0.00e+00	0.00e+00
 2.25132e+23	9.55e-01	4.52e-02	1.66e-05	4.95e-07	0.00e+00	0.00e+00	0.00e+00	0.00e+00
 2.25220e+23	9.55e-01	4.46e-02	1.65e-05	4.95e-07	0.00e+00	0.00e+00	0.00e+00	0.00e+00
 2.25300e+23	9.56e-01	4.41e-02	1.64e-05	4.95e-07	0.00e+00	0.00e+00	0.00e+00	0.00e+00
 2.25373e+23	9.56e-01	4.36e-02	1.63e-05	4.95e-07	0.00e+00	0.00e+00	0.00e+00	0.00e+00
 2.25453e+23	9.57e-01	4.30e-02	1.62e-05	4.96e-07	0.00e+00	0.00e+00	0.00e+00	0.00e+00
 2.25540e+23	9.58e-01	4.25e-02	1.61e-05	4.96e-07	0.00e+00	0.00e+00	0.00e+00	0.00e+00
 2.25619e+23	9.58e-01	4.20e-02	1.60e-05	4.96e-07	0.00e+00	0.00e+00	0.00e+00	0.00e+00
 2.25690e+23	9.58e-01	4.16e-02	1.59e-05	4.99e-07	0.00e+00	0.00e+00	0.00e+00	0.00e+00
 2.25756e+23	9.59e-01	4.13e-02	1.59e-05	4.99e-07	0.00e+00	0.00e+00	0.00e+00	0.00e+00
 2.25827e+23	9.59e-01	4.09e-02	1.58e-05	5.00e-07	0.00e+00	0.00e+00	0.00e+00	0.00e+00
 2.25920e+23	9.60e-01	4.04e-02	1.57e-05	5.01e-07	0.00e+00	0.00e+00	0.00e+00	0.00e+00
 2.26020e+23	9.60e-01	3.99e-02	1.55e-05	5.02e-07	0.00e+00	0.00e+00	0.00e+00	0.00e+00
 2.26111e+23	9.60e-01	3.95e-02	1.55e-05	5.04e-07	0.00e+00	0.00e+00	0.00e+00	0.00e+00
 2.26194e+23	9.61e-01	3.92e-02	1.54e-05	5.05e-07	0.00e+00	0.00e+00	0.00e+00	0.00e+00
 2.26285e+23	9.61e-01	3.89e-02	1.53e-05	5.06e-07	0.00e+00	0.00e+00	0.00e+00	0.00e+00
 2.26384e+23	9.62e-01	3.85e-02	1.52e-05	5.08e-07	0.00e+00	0.00e+00	0.00e+00	0.00e+00
 2.26473e+23	9.62e-01	3.82e-02	1.51e-05	5.08e-07	0.00e+00	0.00e+00	0.00e+00	0.00e+00
 2.26571e+23	9.62e-01	3.78e-02	1.50e-05	5.10e-07	0.00e+00	0.00e+00	0.00e+00	0.00e+00
 2.26677e+23	9.63e-01	3.75e-02	1.49e-05	5.12e-07	0.00e+00	0.00e+00	0.00e+00	0.00e+00
 2.26773e+23	9.63e-01	3.72e-02	1.48e-05	5.13e-07	0.00e+00	0.00e+00	0.00e+00	0.00e+00
 2.26860e+23	9.63e-01	3.69e-02	1.47e-05	5.15e-07	0.00e+00	0.00e+00	0.00e+00	0.00e+00
 2.26940e+23	9.63e-01	3.68e-02	1.47e-05	5.20e-07	0.00e+00	0.00e+00	0.00e+00	0.00e+00
 2.27013e+23	9.63e-01	3.66e-02	1.46e-05	5.21e-07	0.00e+00	0.00e+00	0.00e+00	0.00e+00
 2.27092e+23	9.64e-01	3.64e-02	1.45e-05	5.22e-07	0.00e+00	0.00e+00	0.00e+00	0.00e+00
 2.27195e+23	9.64e-01	3.60e-02	1.44e-05	5.25e-07	0.00e+00	0.00e+00	0.00e+00	0.00e+00
 2.27307e+23	9.64e-01	3.57e-02	1.43e-05	5.25e-07	0.00e+00	0.00e+00	0.00e+00	0.00e+00
 2.27408e+23	9.65e-01	3.54e-02	1.43e-05	5.29e-07	0.00e+00	0.00e+00	0.00e+00	0.00e+00
 2.27501e+23	9.65e-01	3.53e-02	1.43e-05	5.32e-07	0.00e+00	0.00e+00	0.00e+00	0.00e+00
 2.27585e+23	9.65e-01	3.51e-02	1.42e-05	5.35e-07	0.00e+00	0.00e+00	0.00e+00	0.00e+00
 2.27661e+23	9.65e-01	3.50e-02	1.42e-05	5.38e-07	0.00e+00	0.00e+00	0.00e+00	0.00e+00
 2.27745e+23	9.65e-01	3.48e-02	1.42e-05	5.43e-07	0.00e+00	0.00e+00	0.00e+00	0.00e+00
 2.27835e+23	9.65e-01	3.46e-02	1.41e-05	5.46e-07	0.00e+00	0.00e+00	0.00e+00	0.00e+00
 2.27918e+23	9.66e-01	3.44e-02	1.41e-05	5.49e-07	0.00e+00	0.00e+00	0.00e+00	0.00e+00
 2.27993e+23	9.66e-01	3.43e-02	1.41e-05	5.54e-07	0.00e+00	0.00e+00	0.00e+00	0.00e+00
 2.28061e+23	9.66e-01	3.42e-02	1.41e-05	5.56e-07	0.00e+00	0.00e+00	0.00e+00	0.00e+00
 2.28136e+23	9.66e-01	3.40e-02	1.40e-05	5.57e-07	0.00e+00	0.00e+00	0.00e+00	0.00e+00
 2.28233e+23	9.66e-01	3.38e-02	1.40e-05	5.61e-07	0.00e+00	0.00e+00	0.00e+00	0.00e+00
 2.28337e+23	9.66e-01	3.35e-02	1.40e-05	5.63e-07	0.00e+00	0.00e+00	0.00e+00	0.00e+00
 2.28433e+23	9.67e-01	3.33e-02	1.39e-05	5.66e-07	0.00e+00	0.00e+00	0.00e+00	0.00e+00
 2.28520e+23	9.67e-01	3.31e-02	1.39e-05	5.69e-07	0.00e+00	0.00e+00	0.00e+00	0.00e+00
 2.28615e+23	9.67e-01	3.29e-02	1.39e-05	5.73e-07	0.00e+00	0.00e+00	0.00e+00	0.00e+00
 2.28718e+23	9.67e-01	3.27e-02	1.38e-05	5.76e-07	0.00e+00	0.00e+00	0.00e+00	0.00e+00
 2.28811e+23	9.67e-01	3.26e-02	1.38e-05	5.79e-07	0.00e+00	0.00e+00	0.00e+00	0.00e+00
 2.28896e+23	9.68e-01	3.24e-02	1.38e-05	5.84e-07	0.00e+00	0.00e+00	0.00e+00	0.00e+00
 2.28973e+23	9.68e-01	3.23e-02	1.37e-05	5.84e-07	0.00e+00	0.00e+00	0.00e+00	0.00e+00
 2.29058e+23	9.68e-01	3.21e-02	1.37e-05	5.83e-07	0.00e+00	0.00e+00	0.00e+00	0.00e+00
 2.29168e+23	9.68e-01	3.18e-02	1.36e-05	5.84e-07	0.00e+00	0.00e+00	0.00e+00	0.00e+00
 2.29287e+23	9.69e-01	3.15e-02	1.36e-05	5.83e-07	0.00e+00	0.00e+00	0.00e+00	0.00e+00
 2.29396e+23	9.69e-01	3.13e-02	1.35e-05	5.85e-07	0.00e+00	0.00e+00	0.00e+00	0.00e+00
 2.29494e+23	9.69e-01	3.11e-02	1.35e-05	5.88e-07	0.00e+00	0.00e+00	0.00e+00	0.00e+00
 2.29584e+23	9.69e-01	3.10e-02	1.35e-05	5.89e-07	0.00e+00	0.00e+00	0.00e+00	0.00e+00
 2.29682e+23	9.69e-01	3.07e-02	1.34e-05	5.88e-07	0.00e+00	0.00e+00	0.00e+00	0.00e+00
 2.29810e+23	9.70e-01	3.04e-02	1.33e-05	5.87e-07	0.00e+00	0.00e+00	0.00e+00	0.00e+00
 2.29948e+23	9.70e-01	3.00e-02	1.33e-05	5.87e-07	0.00e+00	0.00e+00	0.00e+00	0.00e+00
 2.30074e+23	9.70e-01	2.98e-02	1.32e-05	5.88e-07	0.00e+00	0.00e+00	0.00e+00	0.00e+00
 2.30188e+23	9.70e-01	2.96e-02	1.32e-05	5.90e-07	0.00e+00	0.00e+00	0.00e+00	0.00e+00
 2.30292e+23	9.71e-01	2.94e-02	1.32e-05	5.91e-07	0.00e+00	0.00e+00	0.00e+00	0.00e+00
 2.30406e+23	9.71e-01	2.92e-02	1.31e-05	5.89e-07	0.00e+00	0.00e+00	0.00e+00	0.00e+00
 2.30529e+23	9.71e-01	2.89e-02	1.30e-05	5.88e-07	0.00e+00	0.00e+00	0.00e+00	0.00e+00
 2.30641e+23	9.71e-01	2.87e-02	1.30e-05	5.89e-07	0.00e+00	0.00e+00	0.00e+00	0.00e+00
 2.30742e+23	9.71e-01	2.85e-02	1.30e-05	5.88e-07	0.00e+00	0.00e+00	0.00e+00	0.00e+00
 2.30854e+23	9.72e-01	2.83e-02	1.29e-05	5.88e-07	0.00e+00	0.00e+00	0.00e+00	0.00e+00
 2.30974e+23	9.72e-01	2.80e-02	1.29e-05	5.87e-07	0.00e+00	0.00e+00	0.00e+00	0.00e+00
 2.31084e+23	9.72e-01	2.78e-02	1.28e-05	5.89e-07	0.00e+00	0.00e+00	0.00e+00	0.00e+00
 2.31184e+23	9.72e-01	2.77e-02	1.28e-05	5.86e-07	0.00e+00	0.00e+00	0.00e+00	0.00e+00
 2.31293e+23	9.73e-01	2.74e-02	1.27e-05	5.85e-07	0.00e+00	0.00e+00	0.00e+00	0.00e+00
 2.31411e+23	9.73e-01	2.72e-02	1.27e-05	5.85e-07	0.00e+00	0.00e+00	0.00e+00	0.00e+00
 2.31518e+23	9.73e-01	2.70e-02	1.26e-05	5.82e-07	0.00e+00	0.00e+00	0.00e+00	0.00e+00
 2.31636e+23	9.73e-01	2.67e-02	1.26e-05	5.81e-07	0.00e+00	0.00e+00	0.00e+00	0.00e+00
 2.31763e+23	9.74e-01	2.65e-02	1.25e-05	5.80e-07	0.00e+00	0.00e+00	0.00e+00	0.00e+00
 2.31879e+23	9.74e-01	2.63e-02	1.25e-05	5.77e-07	0.00e+00	0.00e+00	0.00e+00	0.00e+00
 2.32006e+23	9.74e-01	2.60e-02	1.24e-05	5.76e-07	0.00e+00	0.00e+00	0.00e+00	0.00e+00
 2.32142e+23	9.74e-01	2.57e-02	1.23e-05	5.75e-07	0.00e+00	0.00e+00	0.00e+00	0.00e+00
 2.32267e+23	9.74e-01	2.55e-02	1.23e-05	5.71e-07	0.00e+00	0.00e+00	0.00e+00	0.00e+00
 2.32403e+23	9.75e-01	2.52e-02	1.22e-05	5.69e-07	0.00e+00	0.00e+00	0.00e+00	0.00e+00
 2.32550e+23	9.75e-01	2.49e-02	1.22e-05	5.66e-07	0.00e+00	0.00e+00	0.00e+00	0.00e+00
 2.32684e+23	9.75e-01	2.47e-02	1.21e-05	5.64e-07	0.00e+00	0.00e+00	0.00e+00	0.00e+00
 2.32806e+23	9.75e-01	2.45e-02	1.20e-05	5.62e-07	0.00e+00	0.00e+00	0.00e+00	0.00e+00
 2.32940e+23	9.76e-01	2.42e-02	1.20e-05	5.59e-07	0.00e+00	0.00e+00	0.00e+00	0.00e+00
 2.33084e+23	9.76e-01	2.40e-02	1.19e-05	5.57e-07	0.00e+00	0.00e+00	0.00e+00	0.00e+00
 2.33215e+23	9.76e-01	2.38e-02	1.19e-05	5.52e-07	0.00e+00	0.00e+00	0.00e+00	0.00e+00
 2.33359e+23	9.77e-01	2.35e-02	1.18e-05	5.48e-07	0.00e+00	0.00e+00	0.00e+00	0.00e+00
 2.33514e+23	9.77e-01	2.32e-02	1.17e-05	5.46e-07	0.00e+00	0.00e+00	0.00e+00	0.00e+00
 2.33656e+23	9.77e-01	2.30e-02	1.17e-05	5.41e-07	0.00e+00	0.00e+00	0.00e+00	0.00e+00
 2.33811e+23	9.77e-01	2.27e-02	1.16e-05	5.37e-07	0.00e+00	0.00e+00	0.00e+00	0.00e+00
 2.33978e+23	9.78e-01	2.24e-02	1.15e-05	5.32e-07	0.00e+00	0.00e+00	0.00e+00	0.00e+00
 2.34130e+23	9.78e-01	2.21e-02	1.15e-05	5.29e-07	0.00e+00	0.00e+00	0.00e+00	0.00e+00
 2.34268e+23	9.78e-01	2.20e-02	1.14e-05	5.26e-07	0.00e+00	0.00e+00	0.00e+00	0.00e+00
 2.34420e+23	9.78e-01	2.17e-02	1.13e-05	5.21e-07	0.00e+00	0.00e+00	0.00e+00	0.00e+00
 2.34584e+23	9.79e-01	2.14e-02	1.13e-05	5.17e-07	0.00e+00	0.00e+00	0.00e+00	0.00e+00
 2.34733e+23	9.79e-01	2.12e-02	1.12e-05	5.12e-07	0.00e+00	0.00e+00	0.00e+00	0.00e+00
 2.34896e+23	9.79e-01	2.09e-02	1.11e-05	5.06e-07	0.00e+00	0.00e+00	0.00e+00	0.00e+00
 2.35072e+23	9.79e-01	2.06e-02	1.10e-05	5.02e-07	0.00e+00	0.00e+00	0.00e+00	0.00e+00
 2.35233e+23	9.80e-01	2.04e-02	1.10e-05	4.97e-07	0.00e+00	0.00e+00	0.00e+00	0.00e+00
 2.35409e+23	9.80e-01	2.00e-02	1.09e-05	4.91e-07	0.00e+00	0.00e+00	0.00e+00	0.00e+00
 2.35598e+23	9.80e-01	1.98e-02	1.08e-05	4.86e-07	0.00e+00	0.00e+00	0.00e+00	0.00e+00
 2.35771e+23	9.80e-01	1.95e-02	1.07e-05	4.81e-07	0.00e+00	0.00e+00	0.00e+00	0.00e+00
 2.35960e+23	9.81e-01	1.92e-02	1.06e-05	4.73e-07	0.00e+00	0.00e+00	0.00e+00	0.00e+00
 2.36165e+23	9.81e-01	1.89e-02	1.06e-05	4.68e-07	0.00e+00	0.00e+00	0.00e+00	0.00e+00
 2.36350e+23	9.81e-01	1.87e-02	1.05e-05	4.62e-07	0.00e+00	0.00e+00	0.00e+00	0.00e+00
 2.36554e+23	9.82e-01	1.83e-02	1.04e-05	4.54e-07	0.00e+00	0.00e+00	0.00e+00	0.00e+00
 2.36774e+23	9.82e-01	1.80e-02	1.03e-05	4.48e-07	0.00e+00	0.00e+00	0.00e+00	0.00e+00
 2.36974e+23	9.82e-01	1.78e-02	1.02e-05	4.43e-07	0.00e+00	0.00e+00	0.00e+00	0.00e+00
 2.37156e+23	9.82e-01	1.76e-02	1.01e-05	4.38e-07	0.00e+00	0.00e+00	0.00e+00	0.00e+00
 2.37356e+23	9.83e-01	1.72e-02	1.00e-05	4.30e-07	0.00e+00	0.00e+00	0.00e+00	0.00e+00
 2.37571e+23	9.83e-01	1.70e-02	9.97e-06	4.25e-07	0.00e+00	0.00e+00	0.00e+00	0.00e+00
 2.37768e+23	9.83e-01	1.68e-02	9.89e-06	4.19e-07	0.00e+00	0.00e+00	0.00e+00	0.00e+00
 2.37982e+23	9.84e-01	1.64e-02	9.78e-06	4.10e-07	0.00e+00	0.00e+00	0.00e+00	0.00e+00
 2.38214e+23	9.84e-01	1.62e-02	9.69e-06	4.04e-07	0.00e+00	0.00e+00	0.00e+00	0.00e+00
 2.38425e+23	9.84e-01	1.59e-02	9.61e-06	3.98e-07	0.00e+00	0.00e+00	0.00e+00	0.00e+00
 2.38617e+23	9.84e-01	1.57e-02	9.54e-06	3.93e-07	0.00e+00	0.00e+00	0.00e+00	0.00e+00
 2.38828e+23	9.85e-01	1.54e-02	9.44e-06	3.85e-07	0.00e+00	0.00e+00	0.00e+00	0.00e+00
 2.39055e+23	9.85e-01	1.52e-02	9.35e-06	3.79e-07	0.00e+00	0.00e+00	0.00e+00	0.00e+00
 2.39304e+23	9.85e-01	1.48e-02	9.24e-06	3.69e-07	0.00e+00	0.00e+00	0.00e+00	0.00e+00
 2.39573e+23	9.85e-01	1.46e-02	9.14e-06	3.62e-07	0.00e+00	0.00e+00	0.00e+00	0.00e+00
 2.39818e+23	9.86e-01	1.43e-02	9.05e-06	3.56e-07	0.00e+00	0.00e+00	0.00e+00	0.00e+00
 2.40040e+23	9.86e-01	1.41e-02	8.96e-06	3.50e-07	0.00e+00	0.00e+00	0.00e+00	0.00e+00
 2.40284e+23	9.86e-01	1.38e-02	8.86e-06	3.41e-07	0.00e+00	0.00e+00	0.00e+00	0.00e+00
 2.40547e+23	9.86e-01	1.36e-02	8.76e-06	3.34e-07	0.00e+00	0.00e+00	0.00e+00	0.00e+00
 2.40787e+23	9.87e-01	1.34e-02	8.68e-06	3.29e-07	0.00e+00	0.00e+00	0.00e+00	0.00e+00
 2.41005e+23	9.87e-01	1.32e-02	8.59e-06	3.24e-07	0.00e+00	0.00e+00	0.00e+00	0.00e+00
 2.41244e+23	9.87e-01	1.29e-02	8.49e-06	3.15e-07	0.00e+00	0.00e+00	0.00e+00	0.00e+00
 2.41555e+23	9.87e-01	1.25e-02	8.37e-06	3.05e-07	0.00e+00	0.00e+00	0.00e+00	0.00e+00
 2.41910e+23	9.88e-01	1.22e-02	8.23e-06	2.96e-07	0.00e+00	0.00e+00	0.00e+00	0.00e+00
 2.42274e+23	9.88e-01	1.18e-02	8.10e-06	2.87e-07	0.00e+00	0.00e+00	0.00e+00	0.00e+00
 2.42644e+23	9.88e-01	1.15e-02	7.97e-06	2.78e-07	0.00e+00	0.00e+00	0.00e+00	0.00e+00
 2.43021e+23	9.89e-01	1.12e-02	7.84e-06	2.69e-07	0.00e+00	0.00e+00	0.00e+00	0.00e+00
 2.43401e+23	9.89e-01	1.09e-02	7.71e-06	2.60e-07	0.00e+00	0.00e+00	0.00e+00	0.00e+00
 2.43785e+23	9.89e-01	1.06e-02	7.58e-06	2.52e-07	0.00e+00	0.00e+00	0.00e+00	0.00e+00
 2.44174e+23	9.90e-01	1.03e-02	7.44e-06	2.44e-07	0.00e+00	0.00e+00	0.00e+00	0.00e+00
 2.44568e+23	9.90e-01	1.00e-02	7.31e-06	2.35e-07	0.00e+00	0.00e+00	0.00e+00	0.00e+00
 2.44965e+23	9.90e-01	9.77e-03	7.19e-06	2.28e-07	0.00e+00	0.00e+00	0.00e+00	0.00e+00
 2.45366e+23	9.90e-01	9.50e-03	7.06e-06	2.20e-07	0.00e+00	0.00e+00	0.00e+00	0.00e+00
 2.45770e+23	9.91e-01	9.24e-03	6.93e-06	2.12e-07	0.00e+00	0.00e+00	0.00e+00	0.00e+00
 2.46178e+23	9.91e-01	8.98e-03	6.80e-06	2.05e-07	0.00e+00	0.00e+00	0.00e+00	0.00e+00
 2.46590e+23	9.91e-01	8.73e-03	6.68e-06	1.98e-07	0.00e+00	0.00e+00	0.00e+00	0.00e+00
 2.47005e+23	9.92e-01	8.49e-03	6.55e-06	1.91e-07	0.00e+00	0.00e+00	0.00e+00	0.00e+00
 2.47422e+23	9.92e-01	8.25e-03	6.43e-06	1.84e-07	0.00e+00	0.00e+00	0.00e+00	0.00e+00
 2.47842e+23	9.92e-01	8.02e-03	6.31e-06	1.77e-07	0.00e+00	0.00e+00	0.00e+00	0.00e+00
 2.48266e+23	9.92e-01	7.79e-03	6.19e-06	1.71e-07	0.00e+00	0.00e+00	0.00e+00	0.00e+00
 2.48693e+23	9.92e-01	7.57e-03	6.07e-06	1.65e-07	0.00e+00	0.00e+00	0.00e+00	0.00e+00
 2.49123e+23	9.93e-01	7.36e-03	5.95e-06	1.59e-07	0.00e+00	0.00e+00	0.00e+00	0.00e+00
 2.49556e+23	9.93e-01	7.15e-03	5.83e-06	1.53e-07	0.00e+00	0.00e+00	0.00e+00	0.00e+00
 2.49992e+23	9.93e-01	6.95e-03	5.71e-06	1.47e-07	0.00e+00	0.00e+00	0.00e+00	0.00e+00
 2.50432e+23	9.93e-01	6.75e-03	5.60e-06	1.41e-07	0.00e+00	0.00e+00	0.00e+00	0.00e+00
 2.50878e+23	9.93e-01	6.56e-03	5.48e-06	1.36e-07	0.00e+00	0.00e+00	0.00e+00	0.00e+00
 2.51335e+23	9.94e-01	6.36e-03	5.36e-06	1.30e-07	0.00e+00	0.00e+00	0.00e+00	0.00e+00
 2.51798e+23	9.94e-01	6.18e-03	5.25e-06	0.00e+00	0.00e+00	0.00e+00	0.00e+00	0.00e+00
 2.52266e+23	9.94e-01	5.99e-03	5.13e-06	0.00e+00	0.00e+00	0.00e+00	0.00e+00	0.00e+00
 2.52739e+23	9.94e-01	5.82e-03	5.02e-06	0.00e+00	0.00e+00	0.00e+00	0.00e+00	0.00e+00
 2.53217e+23	9.94e-01	5.64e-03	4.90e-06	0.00e+00	0.00e+00	0.00e+00	0.00e+00	0.00e+00
 2.53700e+23	9.95e-01	5.47e-03	4.79e-06	0.00e+00	0.00e+00	0.00e+00	0.00e+00	0.00e+00
 2.54188e+23	9.95e-01	5.31e-03	4.68e-06	0.00e+00	0.00e+00	0.00e+00	0.00e+00	0.00e+00
 2.54684e+23	9.95e-01	5.14e-03	4.56e-06	0.00e+00	0.00e+00	0.00e+00	0.00e+00	0.00e+00
 2.55188e+23	9.95e-01	4.98e-03	4.45e-06	0.00e+00	0.00e+00	0.00e+00	0.00e+00	0.00e+00
 2.55704e+23	9.95e-01	4.82e-03	4.34e-06	0.00e+00	0.00e+00	0.00e+00	0.00e+00	0.00e+00
 2.56233e+23	9.95e-01	4.67e-03	4.23e-06	0.00e+00	0.00e+00	0.00e+00	0.00e+00	0.00e+00
 2.56772e+23	9.95e-01	4.51e-03	4.11e-06	0.00e+00	0.00e+00	0.00e+00	0.00e+00	0.00e+00
 2.57321e+23	9.96e-01	4.36e-03	4.00e-06	0.00e+00	0.00e+00	0.00e+00	0.00e+00	0.00e+00
 2.57878e+23	9.96e-01	4.22e-03	3.89e-06	0.00e+00	0.00e+00	0.00e+00	0.00e+00	0.00e+00
 2.58446e+23	9.96e-01	4.07e-03	3.78e-06	0.00e+00	0.00e+00	0.00e+00	0.00e+00	0.00e+00
 2.59025e+23	9.96e-01	3.93e-03	3.66e-06	0.00e+00	0.00e+00	0.00e+00	0.00e+00	0.00e+00
