#depth	S	S+	S+2	S+3	S+4	S+5	S+6	S+7	S+8	S+9	S+10	S+11	S+12	S+13	S+14	S+15	S+16
 4.62852e+21	0.00e+00	0.00e+00	0.00e+00	0.00e+00	0.00e+00	0.00e+00	0.00e+00	0.00e+00	0.00e+00	9.76e-24	6.94e-20	2.46e-16	5.69e-13	1.38e-09	6.69e-06	4.60e-03	9.95e-01
 1.05216e+22	0.00e+00	0.00e+00	0.00e+00	0.00e+00	0.00e+00	0.00e+00	0.00e+00	0.00e+00	1.43e-26	1.18e-22	5.82e-19	1.50e-15	2.42e-12	4.09e-09	1.38e-05	6.60e-03	9.93e-01
 1.26211e+22	0.00e+00	0.00e+00	0.00e+00	0.00e+00	0.00e+00	0.00e+00	0.00e+00	6.01e-30	9.53e-26	6.18e-22	2.41e-18	4.89e-15	6.22e-12	8.31e-09	2.21e-05	8.35e-03	9.92e-01
 1.41239e+22	0.00e+00	0.00e+00	0.00e+00	0.00e+00	0.00e+00	0.00e+00	0.00e+00	3.23e-29	4.23e-25	2.27e-21	7.47e-18	1.26e-14	1.32e-11	1.46e-08	3.22e-05	1.01e-02	9.90e-01
 1.50910e+22	0.00e+00	0.00e+00	0.00e+00	0.00e+00	0.00e+00	0.00e+00	0.00e+00	6.79e-29	8.19e-25	4.04e-21	1.22e-17	1.89e-14	1.84e-11	1.87e-08	3.79e-05	1.09e-02	9.89e-01
 1.57791e+22	0.00e+00	0.00e+00	0.00e+00	0.00e+00	0.00e+00	0.00e+00	0.00e+00	1.87e-28	2.01e-24	8.85e-21	2.39e-17	3.31e-14	2.87e-11	2.61e-08	4.74e-05	1.22e-02	9.88e-01
 1.63890e+22	0.00e+00	0.00e+00	0.00e+00	0.00e+00	0.00e+00	0.00e+00	0.00e+00	3.17e-28	3.22e-24	1.34e-20	3.40e-17	4.44e-14	3.63e-11	3.12e-08	5.33e-05	1.29e-02	9.87e-01
 1.68972e+22	0.00e+00	0.00e+00	0.00e+00	0.00e+00	0.00e+00	0.00e+00	0.00e+00	6.50e-28	6.07e-24	2.33e-20	5.47e-17	6.59e-14	4.97e-11	3.95e-08	6.24e-05	1.40e-02	9.86e-01
 1.74245e+22	0.00e+00	0.00e+00	0.00e+00	0.00e+00	0.00e+00	0.00e+00	0.00e+00	1.21e-27	1.06e-23	3.78e-20	8.29e-17	9.31e-14	6.56e-11	4.86e-08	7.16e-05	1.50e-02	9.85e-01
 1.78991e+22	0.00e+00	0.00e+00	0.00e+00	0.00e+00	0.00e+00	0.00e+00	1.06e-31	2.20e-27	1.80e-23	6.00e-20	1.23e-16	1.29e-13	8.52e-11	5.91e-08	8.16e-05	1.60e-02	9.84e-01
 1.84386e+22	0.00e+00	0.00e+00	0.00e+00	0.00e+00	0.00e+00	0.00e+00	2.58e-31	4.88e-27	3.64e-23	1.11e-19	2.08e-16	2.00e-13	1.21e-10	7.69e-08	9.72e-05	1.74e-02	9.82e-01
 1.89709e+22	0.00e+00	0.00e+00	0.00e+00	0.00e+00	0.00e+00	0.00e+00	4.70e-31	8.38e-27	5.87e-23	1.69e-19	2.98e-16	2.70e-13	1.54e-10	9.19e-08	1.09e-04	1.85e-02	9.81e-01
 1.94936e+22	0.00e+00	0.00e+00	0.00e+00	0.00e+00	0.00e+00	0.00e+00	1.07e-30	1.75e-26	1.13e-22	2.99e-19	4.85e-16	4.04e-13	2.12e-10	1.17e-07	1.29e-04	2.00e-02	9.80e-01
 2.00339e+22	0.00e+00	0.00e+00	0.00e+00	0.00e+00	0.00e+00	0.00e+00	2.15e-30	3.27e-26	1.96e-22	4.89e-19	7.39e-16	5.74e-13	2.81e-10	1.44e-07	1.48e-04	2.15e-02	9.78e-01
 2.05134e+22	0.00e+00	0.00e+00	0.00e+00	0.00e+00	0.00e+00	0.00e+00	4.16e-30	5.93e-26	3.33e-22	7.74e-19	1.09e-15	7.95e-13	3.64e-10	1.76e-07	1.68e-04	2.29e-02	9.77e-01
 2.10529e+22	0.00e+00	0.00e+00	0.00e+00	0.00e+00	0.00e+00	0.00e+00	1.00e-29	1.31e-25	6.71e-22	1.43e-18	1.85e-15	1.23e-12	5.16e-10	2.28e-07	2.00e-04	2.49e-02	9.75e-01
 2.15918e+22	0.00e+00	0.00e+00	0.00e+00	0.00e+00	0.00e+00	0.00e+00	1.85e-29	2.27e-25	1.09e-21	2.19e-18	2.66e-15	1.66e-12	6.57e-10	2.73e-07	2.26e-04	2.65e-02	9.73e-01
 2.21297e+22	0.00e+00	0.00e+00	0.00e+00	0.00e+00	0.00e+00	0.00e+00	4.51e-29	5.04e-25	2.22e-21	4.06e-18	4.50e-15	2.57e-12	9.32e-10	3.55e-07	2.69e-04	2.88e-02	9.71e-01
 2.26623e+22	0.00e+00	0.00e+00	0.00e+00	0.00e+00	0.00e+00	0.00e+00	8.24e-29	8.66e-25	3.59e-21	6.17e-18	6.44e-15	3.47e-12	1.18e-09	4.24e-07	3.03e-04	3.06e-02	9.69e-01
 2.31005e+22	0.00e+00	0.00e+00	0.00e+00	0.00e+00	0.00e+00	0.00e+00	1.48e-28	1.46e-24	5.71e-21	9.25e-18	9.10e-15	4.62e-12	1.49e-09	5.04e-07	3.39e-04	3.23e-02	9.67e-01
 2.35123e+22	0.00e+00	0.00e+00	0.00e+00	0.00e+00	0.00e+00	0.00e+00	2.62e-28	2.45e-24	9.00e-21	1.38e-17	1.28e-14	6.12e-12	1.86e-09	5.96e-07	3.79e-04	3.42e-02	9.65e-01
 2.39157e+22	0.00e+00	0.00e+00	0.00e+00	0.00e+00	0.00e+00	0.00e+00	4.59e-28	4.04e-24	1.40e-20	2.03e-17	1.78e-14	8.05e-12	2.32e-09	7.03e-07	4.23e-04	3.60e-02	9.64e-01
 2.43178e+22	0.00e+00	0.00e+00	0.00e+00	0.00e+00	0.00e+00	0.00e+00	8.05e-28	6.69e-24	2.19e-20	3.00e-17	2.48e-14	1.06e-11	2.89e-09	8.29e-07	4.72e-04	3.80e-02	9.62e-01
 2.47192e+22	0.00e+00	0.00e+00	0.00e+00	0.00e+00	0.00e+00	4.60e-32	1.40e-27	1.10e-23	3.41e-20	4.40e-17	3.44e-14	1.39e-11	3.59e-09	9.76e-07	5.26e-04	4.01e-02	9.59e-01
 2.51806e+22	0.00e+00	0.00e+00	0.00e+00	0.00e+00	0.00e+00	1.01e-31	2.87e-27	2.09e-23	6.02e-20	7.22e-17	5.25e-14	1.98e-11	4.76e-09	1.20e-06	6.04e-04	4.29e-02	9.56e-01
 2.56463e+22	0.00e+00	0.00e+00	0.00e+00	0.00e+00	0.00e+00	1.91e-31	5.09e-27	3.50e-23	9.50e-20	1.07e-16	7.37e-14	2.62e-11	5.95e-09	1.42e-06	6.75e-04	4.53e-02	9.54e-01
 2.60510e+22	0.00e+00	0.00e+00	0.00e+00	0.00e+00	0.00e+00	3.53e-31	8.88e-27	5.76e-23	1.48e-19	1.58e-16	1.02e-13	3.44e-11	7.40e-09	1.67e-06	7.52e-04	4.78e-02	9.51e-01
 2.65106e+22	0.00e+00	0.00e+00	0.00e+00	0.00e+00	0.00e+00	7.94e-31	1.85e-26	1.11e-22	2.65e-19	2.63e-16	1.58e-13	4.93e-11	9.86e-09	2.08e-06	8.67e-04	5.12e-02	9.48e-01
 2.69679e+22	0.00e+00	0.00e+00	0.00e+00	0.00e+00	0.00e+00	1.44e-30	3.16e-26	1.80e-22	4.06e-19	3.81e-16	2.17e-13	6.41e-11	1.22e-08	2.43e-06	9.62e-04	5.38e-02	9.45e-01
 2.73367e+22	0.00e+00	0.00e+00	0.00e+00	0.00e+00	0.00e+00	2.46e-30	5.15e-26	2.79e-22	5.98e-19	5.35e-16	2.89e-13	8.14e-11	1.47e-08	2.80e-06	1.06e-03	5.64e-02	9.43e-01
 2.76748e+22	0.00e+00	0.00e+00	0.00e+00	0.00e+00	0.00e+00	4.12e-30	8.22e-26	4.24e-22	8.67e-19	7.38e-16	3.81e-13	1.02e-10	1.77e-08	3.21e-06	1.16e-03	5.89e-02	9.40e-01
 2.80588e+22	0.00e+00	0.00e+00	0.00e+00	0.00e+00	0.00e+00	7.79e-30	1.46e-25	7.10e-22	1.37e-18	1.10e-15	5.34e-13	1.35e-10	2.21e-08	3.79e-06	1.29e-03	6.21e-02	9.37e-01
 2.84569e+22	0.00e+00	0.00e+00	0.00e+00	0.00e+00	0.00e+00	1.37e-29	2.44e-25	1.12e-21	2.05e-18	1.56e-15	7.22e-13	1.74e-10	2.69e-08	4.40e-06	1.42e-03	6.51e-02	9.33e-01
 2.88044e+22	0.00e+00	0.00e+00	0.00e+00	0.00e+00	0.00e+00	2.29e-29	3.88e-25	1.70e-21	2.97e-18	2.16e-15	9.49e-13	2.18e-10	3.23e-08	5.04e-06	1.56e-03	6.80e-02	9.30e-01
 2.91871e+22	0.00e+00	0.00e+00	0.00e+00	0.00e+00	0.00e+00	4.24e-29	6.78e-25	2.81e-21	4.61e-18	3.17e-15	1.32e-12	2.85e-10	4.01e-08	5.92e-06	1.73e-03	7.16e-02	9.27e-01
 2.95891e+22	0.00e+00	0.00e+00	0.00e+00	0.00e+00	0.00e+00	7.57e-29	1.15e-24	4.49e-21	7.00e-18	4.56e-15	1.79e-12	3.69e-10	4.92e-08	6.89e-06	1.92e-03	7.51e-02	9.23e-01
 2.99451e+22	0.00e+00	0.00e+00	0.00e+00	0.00e+00	0.00e+00	1.29e-28	1.86e-24	6.94e-21	1.03e-17	6.37e-15	2.38e-12	4.67e-10	5.93e-08	7.93e-06	2.10e-03	7.85e-02	9.19e-01
 3.02813e+22	0.00e+00	0.00e+00	0.00e+00	0.00e+00	2.30e-32	2.15e-28	2.95e-24	1.05e-20	1.48e-17	8.76e-15	3.13e-12	5.85e-10	7.10e-08	9.06e-06	2.29e-03	8.19e-02	9.16e-01
 3.06629e+22	0.00e+00	0.00e+00	0.00e+00	0.00e+00	4.54e-32	4.02e-28	5.20e-24	1.74e-20	2.32e-17	1.29e-14	4.36e-12	7.69e-10	8.83e-08	1.07e-05	2.55e-03	8.62e-02	9.11e-01
 3.10303e+22	0.00e+00	0.00e+00	0.00e+00	0.00e+00	7.70e-32	6.55e-28	8.08e-24	2.59e-20	3.29e-17	1.76e-14	5.65e-12	9.54e-10	1.05e-07	1.21e-05	2.78e-03	8.97e-02	9.08e-01
 3.13229e+22	0.00e+00	0.00e+00	0.00e+00	0.00e+00	1.24e-31	1.01e-27	1.20e-23	3.68e-20	4.50e-17	2.30e-14	7.12e-12	1.15e-09	1.22e-07	1.36e-05	2.99e-03	9.29e-02	9.04e-01
 3.16469e+22	0.00e+00	0.00e+00	0.00e+00	0.00e+00	2.16e-31	1.70e-27	1.91e-23	5.59e-20	6.51e-17	3.18e-14	9.35e-12	1.45e-09	1.46e-07	1.55e-05	3.27e-03	9.69e-02	9.00e-01
 3.19950e+22	0.00e+00	0.00e+00	0.00e+00	0.00e+00	3.76e-31	2.82e-27	3.03e-23	8.47e-20	9.40e-17	4.37e-14	1.23e-11	1.81e-09	1.75e-07	1.77e-05	3.57e-03	1.01e-01	8.95e-01
 3.23035e+22	0.00e+00	0.00e+00	0.00e+00	0.00e+00	6.06e-31	4.38e-27	4.52e-23	1.21e-19	1.29e-16	5.76e-14	1.55e-11	2.20e-09	2.04e-07	1.99e-05	3.84e-03	1.05e-01	8.92e-01
 3.26336e+22	0.00e+00	0.00e+00	0.00e+00	0.00e+00	1.07e-30	7.42e-27	7.28e-23	1.85e-19	1.88e-16	7.98e-14	2.05e-11	2.76e-09	2.45e-07	2.28e-05	4.20e-03	1.09e-01	8.87e-01
 3.29824e+22	0.00e+00	0.00e+00	0.00e+00	0.00e+00	1.85e-30	1.23e-26	1.15e-22	2.79e-19	2.70e-16	1.09e-13	2.68e-11	3.45e-09	2.92e-07	2.60e-05	4.58e-03	1.14e-01	8.82e-01
 3.32914e+22	0.00e+00	0.00e+00	0.00e+00	0.00e+00	3.03e-30	1.93e-26	1.73e-22	4.03e-19	3.73e-16	1.45e-13	3.40e-11	4.21e-09	3.42e-07	2.92e-05	4.94e-03	1.18e-01	8.77e-01
 3.35829e+22	0.00e+00	0.00e+00	0.00e+00	0.00e+00	4.90e-30	3.01e-26	2.59e-22	5.77e-19	5.13e-16	1.91e-13	4.30e-11	5.11e-09	3.99e-07	3.28e-05	5.33e-03	1.22e-01	8.73e-01
 3.38562e+22	0.00e+00	0.00e+00	0.00e+00	0.00e+00	7.50e-30	4.45e-26	3.69e-22	7.93e-19	6.79e-16	2.44e-13	5.30e-11	6.06e-09	4.57e-07	3.62e-05	5.69e-03	1.26e-01	8.69e-01
 3.41523e+22	0.00e+00	0.00e+00	0.00e+00	0.00e+00	1.24e-29	7.07e-26	5.61e-22	1.15e-18	9.45e-16	3.25e-13	6.75e-11	7.41e-09	5.36e-07	4.08e-05	6.15e-03	1.30e-01	8.64e-01
 3.44662e+22	0.00e+00	0.00e+00	0.00e+00	0.00e+00	2.02e-29	1.11e-25	8.45e-22	1.67e-18	1.31e-15	4.32e-13	8.60e-11	9.05e-09	6.28e-07	4.59e-05	6.64e-03	1.35e-01	8.58e-01
 3.47421e+22	0.00e+00	0.00e+00	0.00e+00	0.00e+00	3.13e-29	1.66e-25	1.22e-21	2.31e-18	1.75e-15	5.55e-13	1.06e-10	1.08e-08	7.22e-07	5.09e-05	7.10e-03	1.39e-01	8.54e-01
 3.50399e+22	0.00e+00	0.00e+00	0.00e+00	0.00e+00	5.23e-29	2.67e-25	1.87e-21	3.39e-18	2.45e-15	7.46e-13	1.37e-10	1.33e-08	8.51e-07	5.75e-05	7.69e-03	1.44e-01	8.48e-01
 3.53546e+22	0.00e+00	0.00e+00	0.00e+00	9.05e-33	8.54e-29	4.19e-25	2.82e-21	4.89e-18	3.39e-15	9.89e-13	1.74e-10	1.62e-08	9.96e-07	6.46e-05	8.29e-03	1.49e-01	8.42e-01
 3.56284e+22	0.00e+00	0.00e+00	0.00e+00	1.44e-32	1.32e-28	6.26e-25	4.05e-21	6.77e-18	4.52e-15	1.27e-12	2.15e-10	1.93e-08	1.15e-06	7.16e-05	8.86e-03	1.54e-01	8.37e-01
 3.59214e+22	0.00e+00	0.00e+00	0.00e+00	2.47e-32	2.18e-28	9.95e-25	6.16e-21	9.86e-18	6.30e-15	1.69e-12	2.74e-10	2.35e-08	1.34e-06	8.05e-05	9.57e-03	1.59e-01	8.31e-01
 3.62320e+22	0.00e+00	0.00e+00	0.00e+00	4.16e-32	3.53e-28	1.55e-24	9.22e-21	1.42e-17	8.67e-15	2.24e-12	3.47e-10	2.86e-08	1.57e-06	9.03e-05	1.03e-02	1.65e-01	8.25e-01
 3.65083e+22	0.00e+00	0.00e+00	0.00e+00	6.66e-32	5.47e-28	2.32e-24	1.33e-20	1.96e-17	1.16e-14	2.88e-12	4.30e-10	3.41e-08	1.80e-06	1.00e-04	1.10e-02	1.70e-01	8.19e-01
 3.67561e+22	0.00e+00	0.00e+00	0.00e+00	1.02e-31	8.12e-28	3.34e-24	1.85e-20	2.64e-17	1.50e-14	3.61e-12	5.21e-10	4.00e-08	2.05e-06	1.10e-04	1.17e-02	1.74e-01	8.14e-01
 3.69883e+22	0.00e+00	0.00e+00	0.00e+00	1.51e-31	1.17e-27	4.68e-24	2.51e-20	3.47e-17	1.91e-14	4.45e-12	6.23e-10	4.63e-08	2.30e-06	1.20e-04	1.24e-02	1.79e-01	8.09e-01
 3.72545e+22	0.00e+00	0.00e+00	0.00e+00	2.43e-31	1.83e-27	7.06e-24	3.64e-20	4.84e-17	2.57e-14	5.75e-12	7.73e-10	5.53e-08	2.64e-06	1.33e-04	1.32e-02	1.84e-01	8.02e-01
 3.75405e+22	0.00e+00	0.00e+00	0.00e+00	3.92e-31	2.84e-27	1.06e-23	5.27e-20	6.74e-17	3.44e-14	7.42e-12	9.60e-10	6.61e-08	3.04e-06	1.47e-04	1.41e-02	1.90e-01	7.96e-01
 3.77988e+22	0.00e+00	0.00e+00	0.00e+00	3.27e-31	2.30e-27	8.32e-24	7.44e-20	9.18e-17	4.53e-14	9.40e-12	1.17e-09	7.81e-08	3.47e-06	1.62e-04	1.50e-02	1.95e-01	7.90e-01
 3.80436e+22	0.00e+00	0.00e+00	0.00e+00	5.02e-31	3.43e-27	1.20e-23	1.04e-19	1.24e-16	5.89e-14	1.18e-11	1.42e-09	9.15e-08	3.94e-06	1.78e-04	1.60e-02	2.00e-01	7.84e-01
 3.82849e+22	0.00e+00	0.00e+00	0.00e+00	7.59e-31	5.04e-27	1.72e-23	1.43e-19	1.65e-16	7.59e-14	1.47e-11	1.72e-09	1.07e-07	4.45e-06	1.95e-04	1.69e-02	2.05e-01	7.78e-01
 3.85594e+22	0.00e+00	0.00e+00	0.00e+00	1.25e-30	8.00e-27	2.63e-23	2.11e-19	2.33e-16	1.03e-13	1.92e-11	2.15e-09	1.28e-07	5.15e-06	2.17e-04	1.81e-02	2.11e-01	7.70e-01
 3.88469e+22	0.00e+00	0.00e+00	0.00e+00	2.01e-30	1.25e-26	3.96e-23	3.05e-19	3.25e-16	1.38e-13	2.48e-11	2.67e-09	1.54e-07	5.93e-06	2.40e-04	1.93e-02	2.17e-01	7.63e-01
 3.90964e+22	0.00e+00	0.00e+00	0.00e+00	3.07e-30	1.85e-26	5.70e-23	4.25e-19	4.37e-16	1.79e-13	3.11e-11	3.24e-09	1.80e-07	6.72e-06	2.63e-04	2.05e-02	2.23e-01	7.56e-01
 3.93657e+22	0.00e+00	0.00e+00	0.00e+00	5.05e-30	2.94e-26	8.73e-23	6.26e-19	6.17e-16	2.43e-13	4.05e-11	4.05e-09	2.16e-07	7.77e-06	2.93e-04	2.19e-02	2.29e-01	7.49e-01
 3.96521e+22	0.00e+00	0.00e+00	0.00e+00	8.12e-30	4.58e-26	1.31e-22	9.05e-19	8.59e-16	3.26e-13	5.23e-11	5.02e-09	2.58e-07	8.93e-06	3.25e-04	2.34e-02	2.36e-01	7.41e-01
 3.98975e+22	0.00e+00	0.00e+00	0.00e+00	1.22e-29	6.71e-26	1.87e-22	1.24e-18	1.14e-15	4.20e-13	6.51e-11	6.05e-09	3.01e-07	1.01e-05	3.55e-04	2.48e-02	2.41e-01	7.34e-01
 4.01190e+22	0.00e+00	0.00e+00	0.00e+00	1.78e-29	9.50e-26	2.57e-22	1.67e-18	1.48e-15	5.28e-13	7.94e-11	7.16e-09	3.46e-07	1.12e-05	3.84e-04	2.60e-02	2.46e-01	7.27e-01
 4.03724e+22	0.00e+00	0.00e+00	0.00e+00	2.81e-29	1.45e-25	3.81e-22	2.38e-18	2.04e-15	7.00e-13	1.01e-10	8.80e-09	4.09e-07	1.28e-05	4.23e-04	2.77e-02	2.52e-01	7.19e-01
 4.06468e+22	0.00e+00	0.00e+00	4.87e-33	4.44e-29	2.23e-25	5.65e-22	3.40e-18	2.81e-15	9.29e-13	1.30e-10	1.08e-08	4.86e-07	1.47e-05	4.67e-04	2.95e-02	2.59e-01	7.11e-01
 4.08978e+22	0.00e+00	0.00e+00	7.68e-33	6.81e-29	3.32e-25	8.16e-22	4.74e-18	3.78e-15	1.21e-12	1.63e-10	1.32e-08	5.70e-07	1.67e-05	5.12e-04	3.12e-02	2.65e-01	7.03e-01
 4.11736e+22	0.00e+00	0.00e+00	1.32e-32	1.13e-28	5.32e-25	1.26e-21	7.04e-18	5.39e-15	1.65e-12	2.13e-10	1.65e-08	6.87e-07	1.93e-05	5.70e-04	3.34e-02	2.72e-01	6.94e-01
 4.14491e+22	0.00e+00	0.00e+00	2.12e-32	1.77e-28	8.08e-25	1.85e-21	9.97e-18	7.36e-15	2.17e-12	2.71e-10	2.03e-08	8.12e-07	2.20e-05	6.27e-04	3.54e-02	2.79e-01	6.85e-01
 4.16747e+22	0.00e+00	0.00e+00	3.20e-32	2.60e-28	1.15e-24	2.57e-21	1.34e-17	9.62e-15	2.75e-12	3.33e-10	2.41e-08	9.37e-07	2.46e-05	6.80e-04	3.73e-02	2.84e-01	6.78e-01
 4.19184e+22	0.00e+00	0.00e+00	5.13e-32	4.05e-28	1.75e-24	3.77e-21	1.90e-17	1.31e-14	3.62e-12	4.22e-10	2.95e-08	1.10e-06	2.80e-05	7.47e-04	3.95e-02	2.91e-01	6.69e-01
 4.21842e+22	0.00e+00	0.00e+00	8.27e-32	6.34e-28	2.65e-24	5.53e-21	2.69e-17	1.79e-14	4.77e-12	5.37e-10	3.62e-08	1.31e-06	3.19e-05	8.21e-04	4.19e-02	2.98e-01	6.60e-01
 4.24312e+22	0.00e+00	0.00e+00	1.28e-31	9.58e-28	3.89e-24	7.88e-21	3.71e-17	2.39e-14	6.15e-12	6.69e-10	4.36e-08	1.52e-06	3.60e-05	8.95e-04	4.42e-02	3.04e-01	6.51e-01
 4.27045e+22	0.00e+00	0.00e+00	2.19e-31	1.58e-27	6.21e-24	1.21e-20	5.49e-17	3.39e-14	8.38e-12	8.74e-10	5.47e-08	1.83e-06	4.17e-05	9.94e-04	4.72e-02	3.11e-01	6.41e-01
 4.29774e+22	0.00e+00	0.00e+00	2.21e-31	1.55e-27	5.90e-24	1.78e-20	7.76e-17	4.63e-14	1.10e-11	1.11e-09	6.70e-08	2.17e-06	4.75e-05	1.09e-03	5.00e-02	3.18e-01	6.31e-01
 4.32003e+22	0.00e+00	0.00e+00	3.28e-31	2.25e-27	8.33e-24	2.44e-20	1.03e-16	5.98e-14	1.39e-11	1.35e-09	7.92e-08	2.48e-06	5.28e-05	1.18e-03	5.24e-02	3.23e-01	6.23e-01
 4.34404e+22	0.00e+00	0.00e+00	5.34e-31	3.55e-27	1.28e-23	3.60e-20	1.48e-16	8.23e-14	1.84e-11	1.73e-09	9.74e-08	2.94e-06	6.03e-05	1.30e-03	5.56e-02	3.30e-01	6.13e-01
 4.36966e+22	0.00e+00	0.00e+00	8.38e-31	5.42e-27	1.89e-23	5.16e-20	2.05e-16	1.10e-13	2.38e-11	2.16e-09	1.18e-07	3.45e-06	6.82e-05	1.42e-03	5.87e-02	3.37e-01	6.03e-01
 4.39357e+22	0.00e+00	0.00e+00	1.30e-30	8.19e-27	2.77e-23	7.34e-20	2.82e-16	1.47e-13	3.07e-11	2.70e-09	1.42e-07	4.01e-06	7.68e-05	1.54e-03	6.18e-02	3.43e-01	5.94e-01
 4.42086e+22	0.00e+00	0.00e+00	2.29e-30	1.39e-26	4.54e-23	1.15e-19	4.25e-16	2.13e-13	4.25e-11	3.58e-09	1.81e-07	4.89e-06	8.95e-05	1.72e-03	6.60e-02	3.51e-01	5.82e-01
 4.44721e+22	0.00e+00	0.00e+00	3.57e-30	2.11e-26	6.67e-23	1.64e-19	5.86e-16	2.83e-13	5.48e-11	4.47e-09	2.18e-07	5.71e-06	1.01e-04	1.88e-03	6.95e-02	3.57e-01	5.72e-01
 4.46845e+22	0.00e+00	0.00e+00	5.21e-30	3.01e-26	9.30e-23	2.22e-19	7.73e-16	3.63e-13	6.82e-11	5.40e-09	2.56e-07	6.51e-06	1.12e-04	2.02e-03	7.27e-02	3.62e-01	5.63e-01
 4.49218e+22	0.00e+00	0.00e+00	8.53e-30	4.78e-26	1.43e-22	3.28e-19	1.10e-15	5.00e-13	9.06e-11	6.91e-09	3.16e-07	7.73e-06	1.28e-04	2.22e-03	7.69e-02	3.69e-01	5.52e-01
 4.51716e+22	0.00e+00	0.00e+00	1.33e-29	7.24e-26	2.10e-22	4.66e-19	1.52e-15	6.68e-13	1.17e-10	8.63e-09	3.81e-07	9.02e-06	1.44e-04	2.42e-03	8.09e-02	3.75e-01	5.42e-01
 4.54014e+22	0.00e+00	0.00e+00	2.06e-29	1.09e-25	3.07e-22	6.59e-19	2.09e-15	8.86e-13	1.50e-10	1.07e-08	4.59e-07	1.05e-05	1.62e-04	2.63e-03	8.50e-02	3.80e-01	5.32e-01
 4.56641e+22	0.00e+00	0.00e+00	3.61e-29	1.84e-25	4.99e-22	1.03e-18	3.13e-15	1.27e-12	2.07e-10	1.42e-08	5.83e-07	1.28e-05	1.89e-04	2.93e-03	9.06e-02	3.88e-01	5.19e-01
 4.59186e+22	0.00e+00	0.00e+00	5.50e-29	2.73e-25	7.19e-22	1.43e-18	4.24e-15	1.68e-12	2.64e-10	1.75e-08	6.97e-07	1.48e-05	2.11e-04	3.17e-03	9.49e-02	3.93e-01	5.09e-01
 4.61284e+22	0.00e+00	1.62e-33	8.27e-29	4.00e-25	1.02e-21	1.97e-18	5.68e-15	2.18e-12	3.34e-10	2.15e-08	8.29e-07	1.71e-05	2.35e-04	3.42e-03	9.93e-02	3.98e-01	4.99e-01
 4.63671e+22	0.00e+00	2.80e-33	1.38e-28	6.45e-25	1.59e-21	2.94e-18	8.20e-15	3.03e-12	4.47e-10	2.77e-08	1.03e-06	2.04e-05	2.70e-04	3.77e-03	1.05e-01	4.04e-01	4.86e-01
 4.66118e+22	0.00e+00	4.44e-33	2.12e-28	9.65e-25	2.31e-21	4.13e-18	1.12e-14	4.01e-12	5.73e-10	3.43e-08	1.24e-06	2.37e-05	3.03e-04	4.09e-03	1.10e-01	4.09e-01	4.76e-01
 4.68311e+22	0.00e+00	7.11e-33	3.29e-28	1.45e-24	3.36e-21	5.80e-18	1.53e-14	5.31e-12	7.35e-10	4.27e-08	1.49e-06	2.76e-05	3.41e-04	4.44e-03	1.15e-01	4.14e-01	4.65e-01
 4.70492e+22	0.00e+00	1.12e-32	5.04e-28	2.16e-24	4.85e-21	8.10e-18	2.07e-14	6.99e-12	9.39e-10	5.28e-08	1.78e-06	3.20e-05	3.82e-04	4.80e-03	1.21e-01	4.19e-01	4.55e-01
 4.72601e+22	0.00e+00	1.75e-32	7.61e-28	3.17e-24	6.90e-21	1.11e-17	2.78e-14	9.10e-12	1.19e-09	6.48e-08	2.12e-06	3.69e-05	4.26e-04	5.18e-03	1.26e-01	4.24e-01	4.45e-01
 4.74636e+22	0.00e+00	2.69e-32	1.13e-27	4.59e-24	9.73e-21	1.52e-17	3.69e-14	1.18e-11	1.49e-09	7.89e-08	2.52e-06	4.24e-05	4.73e-04	5.58e-03	1.32e-01	4.28e-01	4.35e-01
 4.76965e+22	0.00e+00	4.64e-32	1.88e-27	7.38e-24	1.50e-20	2.25e-17	5.31e-14	1.63e-11	1.99e-09	1.02e-07	3.12e-06	5.06e-05	5.42e-04	6.12e-03	1.39e-01	4.32e-01	4.22e-01
 4.79330e+22	0.00e+00	7.46e-32	2.93e-27	1.11e-23	2.19e-20	3.16e-17	7.25e-14	2.16e-11	2.56e-09	1.26e-07	3.76e-06	5.90e-05	6.09e-04	6.64e-03	1.45e-01	4.36e-01	4.11e-01
 4.81370e+22	0.00e+00	1.17e-31	4.43e-27	1.63e-23	3.12e-20	4.34e-17	9.71e-14	2.81e-11	3.23e-09	1.55e-07	4.48e-06	6.81e-05	6.79e-04	7.16e-03	1.51e-01	4.40e-01	4.01e-01
 4.83647e+22	0.00e+00	2.01e-31	7.34e-27	2.61e-23	4.79e-20	6.39e-17	1.39e-13	3.88e-11	4.31e-09	1.99e-07	5.55e-06	8.11e-05	7.76e-04	7.84e-03	1.59e-01	4.44e-01	3.88e-01
 4.85925e+22	0.00e+00	3.15e-31	1.11e-26	3.84e-23	6.84e-20	8.80e-17	1.86e-13	5.07e-11	5.46e-09	2.45e-07	6.62e-06	9.37e-05	8.65e-04	8.45e-03	1.66e-01	4.47e-01	3.78e-01
 4.87876e+22	0.00e+00	4.87e-31	1.67e-26	5.58e-23	9.63e-20	1.20e-16	2.47e-13	6.55e-11	6.86e-09	2.99e-07	7.85e-06	1.08e-04	9.62e-04	9.08e-03	1.72e-01	4.50e-01	3.68e-01
 4.89792e+22	0.00e+00	7.38e-31	2.45e-26	7.98e-23	1.34e-19	1.61e-16	3.25e-13	8.38e-11	8.54e-09	3.61e-07	9.24e-06	1.23e-04	1.06e-03	9.73e-03	1.79e-01	4.52e-01	3.58e-01
 4.91991e+22	0.00e+00	1.25e-30	4.01e-26	1.26e-22	2.03e-19	2.33e-16	4.59e-13	1.14e-10	1.13e-08	4.60e-07	1.14e-05	1.46e-04	1.21e-03	1.06e-02	1.87e-01	4.55e-01	3.46e-01
 4.94246e+22	0.00e+00	2.01e-30	6.20e-26	1.88e-22	2.93e-19	3.24e-16	6.22e-13	1.51e-10	1.44e-08	5.71e-07	1.37e-05	1.70e-04	1.35e-03	1.15e-02	1.95e-01	4.57e-01	3.35e-01
 4.96209e+22	0.00e+00	3.12e-30	9.30e-26	2.74e-22	4.13e-19	4.40e-16	8.26e-13	1.95e-10	1.81e-08	6.97e-07	1.62e-05	1.95e-04	1.50e-03	1.23e-02	2.03e-01	4.58e-01	3.25e-01
 4.98065e+22	0.00e+00	4.65e-30	1.35e-25	3.87e-22	5.66e-19	5.84e-16	1.07e-12	2.47e-10	2.24e-08	8.37e-07	1.90e-05	2.22e-04	1.66e-03	1.31e-02	2.10e-01	4.59e-01	3.16e-01
 5.00147e+22	0.00e+00	7.79e-30	2.17e-25	6.00e-22	8.45e-19	8.35e-16	1.50e-12	3.34e-10	2.93e-08	1.06e-06	2.32e-05	2.61e-04	1.87e-03	1.42e-02	2.19e-01	4.61e-01	3.05e-01
 5.02291e+22	0.00e+00	1.23e-29	3.31e-25	8.85e-22	1.20e-18	1.14e-15	2.00e-12	4.35e-10	3.71e-08	1.30e-06	2.77e-05	3.02e-04	2.09e-03	1.53e-02	2.27e-01	4.61e-01	2.94e-01
 5.04186e+22	0.00e+00	1.87e-29	4.88e-25	1.27e-21	1.67e-18	1.53e-15	2.63e-12	5.57e-10	4.62e-08	1.57e-06	3.26e-05	3.45e-04	2.30e-03	1.63e-02	2.35e-01	4.61e-01	2.85e-01
 5.06319e+22	0.00e+00	3.19e-29	7.99e-25	2.00e-21	2.53e-18	2.21e-15	3.70e-12	7.60e-10	6.10e-08	2.01e-06	4.01e-05	4.09e-04	2.61e-03	1.77e-02	2.45e-01	4.61e-01	2.73e-01
 5.08476e+22	0.00e+00	5.02e-29	1.21e-24	2.93e-21	3.58e-18	3.02e-15	4.94e-12	9.88e-10	7.72e-08	2.46e-06	4.78e-05	4.72e-04	2.91e-03	1.90e-02	2.53e-01	4.61e-01	2.64e-01
 5.10342e+22	0.00e+00	7.70e-29	1.80e-24	4.22e-21	4.98e-18	4.05e-15	6.50e-12	1.27e-09	9.64e-08	2.99e-06	5.64e-05	5.40e-04	3.21e-03	2.03e-02	2.61e-01	4.60e-01	2.54e-01
 5.12443e+22	0.00e+00	1.32e-28	2.97e-24	6.68e-21	7.55e-18	5.85e-15	9.16e-12	1.73e-09	1.28e-07	3.81e-06	6.95e-05	6.40e-04	3.64e-03	2.20e-02	2.72e-01	4.59e-01	2.43e-01
 5.14588e+22	0.00e+00	2.05e-28	4.44e-24	9.69e-21	1.06e-17	7.89e-15	1.21e-11	2.23e-09	1.60e-07	4.65e-06	8.23e-05	7.34e-04	4.03e-03	2.35e-02	2.81e-01	4.57e-01	2.34e-01
 5.16483e+22	0.00e+00	3.18e-28	6.66e-24	1.40e-20	1.48e-17	1.06e-14	1.60e-11	2.88e-09	2.01e-07	5.66e-06	9.74e-05	8.42e-04	4.46e-03	2.51e-02	2.89e-01	4.55e-01	2.25e-01
 5.18360e+22	0.00e+00	4.91e-28	9.94e-24	2.03e-20	2.07e-17	1.43e-14	2.11e-11	3.70e-09	2.51e-07	6.88e-06	1.15e-04	9.65e-04	4.93e-03	2.67e-02	2.98e-01	4.53e-01	2.16e-01
 5.20519e+22	0.00e+00	8.36e-28	1.63e-23	3.19e-20	3.12e-17	2.05e-14	2.96e-11	5.04e-09	3.31e-07	8.75e-06	1.41e-04	1.14e-03	5.56e-03	2.89e-02	3.09e-01	4.49e-01	2.06e-01
 5.22754e+22	0.00e+00	1.37e-27	2.56e-23	4.84e-20	4.54e-17	2.85e-14	4.05e-11	6.70e-09	4.28e-07	1.09e-05	1.71e-04	1.33e-03	6.22e-03	3.10e-02	3.19e-01	4.46e-01	1.96e-01
 5.24640e+22	0.00e+00	2.06e-27	3.73e-23	6.82e-20	6.19e-17	3.75e-14	5.23e-11	8.47e-09	5.28e-07	1.31e-05	2.00e-04	1.51e-03	6.82e-03	3.29e-02	3.27e-01	4.43e-01	1.89e-01
 5.26641e+22	0.00e+00	3.46e-27	6.01e-23	1.06e-19	9.17e-17	5.29e-14	7.24e-11	1.14e-08	6.89e-07	1.65e-05	2.44e-04	1.77e-03	7.66e-03	3.53e-02	3.38e-01	4.38e-01	1.79e-01
 5.28665e+22	0.00e+00	5.33e-27	8.94e-23	1.52e-19	1.27e-16	7.04e-14	9.48e-11	1.46e-08	8.60e-07	2.01e-05	2.87e-04	2.02e-03	8.44e-03	3.75e-02	3.47e-01	4.34e-01	1.71e-01
 5.30427e+22	6.85e-34	7.95e-27	1.29e-22	2.12e-19	1.72e-16	9.19e-14	1.22e-10	1.84e-08	1.06e-06	2.40e-05	3.35e-04	2.28e-03	9.22e-03	3.96e-02	3.55e-01	4.30e-01	1.64e-01
 5.32082e+22	1.05e-33	1.17e-26	1.84e-22	2.93e-19	2.29e-16	1.18e-13	1.55e-10	2.29e-08	1.29e-06	2.85e-05	3.88e-04	2.57e-03	1.00e-02	4.17e-02	3.62e-01	4.25e-01	1.58e-01
 5.33613e+22	1.55e-33	1.67e-26	2.55e-22	3.94e-19	2.99e-16	1.49e-13	1.93e-10	2.80e-08	1.54e-06	3.33e-05	4.44e-04	2.87e-03	1.09e-02	4.37e-02	3.69e-01	4.21e-01	1.52e-01
 5.35015e+22	2.24e-33	2.33e-26	3.46e-22	5.21e-19	3.84e-16	1.85e-13	2.37e-10	3.38e-08	1.83e-06	3.87e-05	5.04e-04	3.17e-03	1.17e-02	4.57e-02	3.76e-01	4.17e-01	1.46e-01
 5.36302e+22	3.06e-33	3.09e-26	4.49e-22	6.59e-19	4.74e-16	2.22e-13	2.82e-10	3.98e-08	2.12e-06	4.38e-05	5.60e-04	3.46e-03	1.24e-02	4.74e-02	3.81e-01	4.13e-01	1.41e-01
 5.37748e+22	4.66e-33	4.53e-26	6.36e-22	9.06e-19	6.30e-16	2.84e-13	3.57e-10	4.94e-08	2.57e-06	5.19e-05	6.47e-04	3.88e-03	1.35e-02	4.98e-02	3.89e-01	4.08e-01	1.35e-01
 5.39247e+22	6.82e-33	6.40e-26	8.72e-22	1.21e-18	8.12e-16	3.54e-13	4.41e-10	6.00e-08	3.06e-06	6.05e-05	7.37e-04	4.31e-03	1.45e-02	5.21e-02	3.95e-01	4.03e-01	1.30e-01
 5.40509e+22	9.43e-33	8.58e-26	1.14e-21	1.54e-18	1.01e-15	4.26e-13	5.27e-10	7.07e-08	3.56e-06	6.88e-05	8.24e-04	4.71e-03	1.55e-02	5.40e-02	4.01e-01	3.99e-01	1.26e-01
 5.41843e+22	1.40e-32	1.23e-25	1.58e-21	2.06e-18	1.31e-15	5.35e-13	6.56e-10	8.65e-08	4.26e-06	8.05e-05	9.42e-04	5.24e-03	1.67e-02	5.65e-02	4.07e-01	3.93e-01	1.20e-01
 5.43222e+22	1.96e-32	1.67e-25	2.09e-21	2.66e-18	1.64e-15	6.50e-13	7.91e-10	1.03e-07	4.98e-06	9.22e-05	1.06e-03	5.74e-03	1.78e-02	5.87e-02	4.13e-01	3.88e-01	1.16e-01
 5.44407e+22	2.70e-32	2.22e-25	2.72e-21	3.37e-18	2.02e-15	7.76e-13	9.40e-10	1.21e-07	5.76e-06	1.05e-04	1.18e-03	6.26e-03	1.89e-02	6.08e-02	4.18e-01	3.84e-01	1.12e-01
 5.45510e+22	3.68e-32	2.94e-25	3.51e-21	4.23e-18	2.47e-15	9.23e-13	1.11e-09	1.41e-07	6.64e-06	1.18e-04	1.31e-03	6.81e-03	2.01e-02	6.28e-02	4.22e-01	3.79e-01	1.08e-01
 5.46761e+22	5.41e-32	4.17e-25	4.83e-21	5.64e-18	3.18e-15	1.15e-12	1.37e-09	1.72e-07	7.92e-06	1.38e-04	1.49e-03	7.55e-03	2.16e-02	6.55e-02	4.28e-01	3.73e-01	1.03e-01
 5.48029e+22	7.36e-32	5.51e-25	6.22e-21	7.09e-18	3.90e-15	1.36e-12	1.62e-09	2.01e-07	9.12e-06	1.56e-04	1.65e-03	8.20e-03	2.29e-02	6.77e-02	4.32e-01	3.68e-01	9.92e-02
 5.49320e+22	1.11e-31	7.96e-25	8.69e-21	9.56e-18	5.07e-15	1.70e-12	2.02e-09	2.46e-07	1.10e-05	1.83e-04	1.89e-03	9.14e-03	2.47e-02	7.06e-02	4.38e-01	3.61e-01	9.44e-02
 5.50606e+22	1.55e-31	1.07e-24	1.14e-20	1.22e-17	6.27e-15	2.04e-12	2.41e-09	2.90e-07	1.28e-05	2.08e-04	2.12e-03	9.99e-03	2.63e-02	7.30e-02	4.42e-01	3.55e-01	9.06e-02
 5.51635e+22	2.05e-31	1.38e-24	1.44e-20	1.50e-17	7.49e-15	2.37e-12	2.80e-09	3.34e-07	1.45e-05	2.33e-04	2.32e-03	1.08e-02	2.77e-02	7.51e-02	4.46e-01	3.51e-01	8.75e-02
 5.52723e+22	2.90e-31	1.90e-24	1.91e-20	1.93e-17	9.35e-15	2.86e-12	3.37e-09	3.97e-07	1.70e-05	2.67e-04	2.61e-03	1.18e-02	2.95e-02	7.78e-02	4.50e-01	3.44e-01	8.37e-02
 5.53843e+22	3.88e-31	2.46e-24	2.42e-20	2.38e-17	1.13e-14	3.34e-12	3.93e-09	4.59e-07	1.93e-05	2.98e-04	2.87e-03	1.27e-02	3.11e-02	8.00e-02	4.53e-01	3.39e-01	8.07e-02
 5.55004e+22	5.76e-31	3.51e-24	3.34e-20	3.17e-17	1.44e-14	4.10e-12	4.83e-09	5.57e-07	2.31e-05	3.48e-04	3.27e-03	1.41e-02	3.33e-02	8.30e-02	4.57e-01	3.32e-01	7.66e-02
 5.56143e+22	7.65e-31	4.53e-24	4.21e-20	3.89e-17	1.72e-14	4.76e-12	5.61e-09	6.41e-07	2.62e-05	3.88e-04	3.59e-03	1.52e-02	3.51e-02	8.53e-02	4.60e-01	3.27e-01	7.37e-02
 5.57253e+22	1.15e-30	6.52e-24	5.83e-20	5.17e-17	2.19e-14	5.82e-12	6.88e-09	7.80e-07	3.14e-05	4.54e-04	4.10e-03	1.69e-02	3.77e-02	8.85e-02	4.64e-01	3.19e-01	6.98e-02
 5.58347e+22	1.51e-30	8.37e-24	7.31e-20	6.32e-17	2.61e-14	6.73e-12	7.96e-09	8.95e-07	3.56e-05	5.05e-04	4.49e-03	1.81e-02	3.95e-02	9.07e-02	4.66e-01	3.14e-01	6.72e-02
 5.59420e+22	2.20e-30	1.17e-23	9.87e-20	8.23e-17	3.27e-14	8.11e-12	9.63e-09	1.07e-06	4.20e-05	5.83e-04	5.07e-03	1.99e-02	4.22e-02	9.37e-02	4.69e-01	3.06e-01	6.37e-02
 5.60532e+22	3.04e-30	1.56e-23	1.28e-19	1.03e-16	3.97e-14	9.52e-12	1.14e-08	1.25e-06	4.84e-05	6.59e-04	5.63e-03	2.16e-02	4.46e-02	9.64e-02	4.70e-01	3.00e-01	6.09e-02
 5.61499e+22	4.04e-30	2.02e-23	1.61e-19	1.26e-16	4.72e-14	1.10e-11	1.31e-08	1.44e-06	5.49e-05	7.35e-04	6.16e-03	2.32e-02	4.68e-02	9.87e-02	4.72e-01	2.94e-01	5.84e-02
 5.62558e+22	6.06e-30	2.90e-23	2.23e-19	1.67e-16	5.98e-14	1.33e-11	1.60e-08	1.75e-06	6.56e-05	8.56e-04	7.02e-03	2.57e-02	5.01e-02	1.02e-01	4.74e-01	2.86e-01	5.50e-02
 5.63604e+22	8.01e-30	3.72e-23	2.79e-19	2.04e-16	7.06e-14	1.52e-11	1.85e-08	2.00e-06	7.42e-05	9.51e-04	7.67e-03	2.75e-02	5.24e-02	1.04e-01	4.74e-01	2.80e-01	5.27e-02
 5.64632e+22	1.19e-29	5.30e-23	3.82e-19	2.67e-16	8.86e-14	1.83e-11	2.24e-08	2.41e-06	8.82e-05	1.10e-03	8.69e-03	3.03e-02	5.60e-02	1.07e-01	4.75e-01	2.72e-01	4.96e-02
 5.65642e+22	1.56e-29	6.75e-23	4.74e-19	3.23e-16	1.04e-13	2.08e-11	2.57e-08	2.74e-06	9.93e-05	1.22e-03	9.46e-03	3.24e-02	5.84e-02	1.10e-01	4.75e-01	2.66e-01	4.75e-02
 5.66629e+22	2.32e-29	9.61e-23	6.49e-19	4.22e-16	1.30e-13	2.48e-11	3.11e-08	3.30e-06	1.18e-04	1.41e-03	1.07e-02	3.57e-02	6.23e-02	1.13e-01	4.75e-01	2.57e-01	4.46e-02
 5.67609e+22	3.05e-29	1.23e-22	8.07e-19	5.10e-16	1.52e-13	2.82e-11	3.55e-08	3.76e-06	1.33e-04	1.56e-03	1.16e-02	3.81e-02	6.50e-02	1.15e-01	4.74e-01	2.52e-01	4.26e-02
 5.68583e+22	4.54e-29	1.75e-22	1.10e-18	6.66e-16	1.89e-13	3.34e-11	4.29e-08	4.52e-06	1.57e-04	1.81e-03	1.32e-02	4.19e-02	6.91e-02	1.18e-01	4.73e-01	2.43e-01	3.99e-02
 5.69563e+22	6.06e-29	2.26e-22	1.39e-18	8.11e-16	2.23e-13	3.81e-11	4.94e-08	5.17e-06	1.78e-04	2.01e-03	1.44e-02	4.48e-02	7.22e-02	1.20e-01	4.72e-01	2.37e-01	3.80e-02
 5.70553e+22	9.12e-29	3.25e-22	1.91e-18	1.06e-15	2.78e-13	4.52e-11	5.98e-08	6.24e-06	2.12e-04	2.33e-03	1.62e-02	4.92e-02	7.67e-02	1.23e-01	4.69e-01	2.28e-01	3.53e-02
 5.71553e+22	1.23e-28	4.25e-22	2.42e-18	1.30e-15	3.28e-13	5.16e-11	6.90e-08	7.17e-06	2.41e-04	2.59e-03	1.78e-02	5.27e-02	8.02e-02	1.25e-01	4.67e-01	2.21e-01	3.35e-02
 5.72565e+22	1.85e-28	6.11e-22	3.34e-18	1.71e-15	4.09e-13	6.12e-11	8.35e-08	8.64e-06	2.86e-04	3.00e-03	2.00e-02	5.78e-02	8.49e-02	1.28e-01	4.63e-01	2.12e-01	3.11e-02
 5.73567e+22	2.51e-28	8.01e-22	4.24e-18	2.09e-15	4.82e-13	6.95e-11	9.62e-08	9.93e-06	3.25e-04	3.34e-03	2.19e-02	6.18e-02	8.86e-02	1.30e-01	4.60e-01	2.05e-01	2.93e-02
 5.74557e+22	3.77e-28	1.15e-21	5.81e-18	2.73e-15	5.98e-13	8.20e-11	1.16e-07	1.19e-05	3.84e-04	3.84e-03	2.46e-02	6.76e-02	9.36e-02	1.32e-01	4.55e-01	1.96e-01	2.71e-02
 5.75563e+22	5.19e-28	1.53e-21	7.47e-18	3.37e-15	7.08e-13	9.33e-11	1.34e-07	1.38e-05	4.39e-04	4.29e-03	2.69e-02	7.24e-02	9.77e-02	1.34e-01	4.50e-01	1.89e-01	2.55e-02
 5.76590e+22	7.92e-28	2.22e-21	1.04e-17	4.43e-15	8.82e-13	1.10e-10	1.62e-07	1.66e-05	5.21e-04	4.95e-03	3.03e-02	7.91e-02	1.03e-01	1.36e-01	4.43e-01	1.79e-01	2.34e-02
 5.77628e+22	1.10e-27	2.97e-21	1.34e-17	5.49e-15	1.05e-12	1.26e-10	1.88e-07	1.92e-05	5.95e-04	5.53e-03	3.31e-02	8.46e-02	1.07e-01	1.38e-01	4.37e-01	1.72e-01	2.18e-02
 5.78679e+22	1.70e-27	4.36e-21	1.87e-17	7.26e-15	1.30e-12	1.48e-10	2.27e-07	2.32e-05	7.07e-04	6.38e-03	3.72e-02	9.22e-02	1.13e-01	1.39e-01	4.29e-01	1.63e-01	1.99e-02
 5.79737e+22	2.36e-27	5.84e-21	2.42e-17	8.98e-15	1.55e-12	1.69e-10	2.63e-07	2.67e-05	8.05e-04	7.11e-03	4.06e-02	9.84e-02	1.17e-01	1.40e-01	4.21e-01	1.55e-01	1.85e-02
 5.80650e+22	3.26e-27	7.79e-21	3.11e-17	1.11e-14	1.82e-12	1.91e-10	3.02e-07	3.07e-05	9.14e-04	7.89e-03	4.41e-02	1.05e-01	1.21e-01	1.41e-01	4.14e-01	1.48e-01	1.71e-02
 5.81687e+22	4.94e-27	1.12e-20	4.28e-17	1.44e-14	2.25e-12	2.23e-10	3.61e-07	3.66e-05	1.07e-03	8.99e-03	4.90e-02	1.13e-01	1.27e-01	1.42e-01	4.04e-01	1.40e-01	1.56e-02
 5.82723e+22	6.79e-27	1.49e-20	5.48e-17	1.77e-14	2.64e-12	2.52e-10	4.13e-07	4.18e-05	1.21e-03	9.92e-03	5.30e-02	1.20e-01	1.31e-01	1.43e-01	3.95e-01	1.33e-01	1.44e-02
 5.83758e+22	1.02e-26	2.14e-20	7.50e-17	2.29e-14	3.24e-12	2.94e-10	4.89e-07	4.94e-05	1.41e-03	1.12e-02	5.85e-02	1.28e-01	1.36e-01	1.43e-01	3.84e-01	1.25e-01	1.30e-02
 5.84812e+22	1.41e-26	2.84e-20	9.62e-17	2.82e-14	3.81e-12	3.32e-10	5.58e-07	5.64e-05	1.59e-03	1.24e-02	6.30e-02	1.36e-01	1.40e-01	1.43e-01	3.75e-01	1.18e-01	1.20e-02
 5.85890e+22	2.14e-26	4.12e-20	1.33e-16	3.68e-14	4.69e-12	3.87e-10	6.61e-07	6.67e-05	1.85e-03	1.40e-02	6.94e-02	1.45e-01	1.45e-01	1.42e-01	3.62e-01	1.10e-01	1.08e-02
 5.86978e+22	2.92e-26	5.43e-20	1.69e-16	4.50e-14	5.49e-12	4.37e-10	7.50e-07	7.55e-05	2.06e-03	1.53e-02	7.43e-02	1.52e-01	1.48e-01	1.42e-01	3.52e-01	1.04e-01	9.93e-03
 5.88082e+22	4.42e-26	7.83e-20	2.33e-16	5.86e-14	6.76e-12	5.10e-10	8.83e-07	8.87e-05	2.38e-03	1.71e-02	8.12e-02	1.62e-01	1.52e-01	1.41e-01	3.39e-01	9.64e-02	8.87e-03
 5.89214e+22	6.06e-26	1.04e-19	2.98e-16	7.19e-14	7.95e-12	5.77e-10	1.00e-06	1.00e-04	2.66e-03	1.87e-02	8.68e-02	1.69e-01	1.56e-01	1.40e-01	3.28e-01	9.07e-02	8.11e-03
 5.90383e+22	9.19e-26	1.50e-19	4.11e-16	9.40e-14	9.81e-12	6.76e-10	1.18e-06	1.17e-04	3.06e-03	2.09e-02	9.44e-02	1.79e-01	1.59e-01	1.38e-01	3.14e-01	8.35e-02	7.20e-03
 5.91574e+22	1.27e-25	2.00e-19	5.28e-16	1.16e-13	1.16e-11	7.66e-10	1.33e-06	1.33e-04	3.41e-03	2.28e-02	1.01e-01	1.87e-01	1.62e-01	1.36e-01	3.03e-01	7.82e-02	6.54e-03
 5.92794e+22	1.92e-25	2.89e-19	7.30e-16	1.51e-13	1.43e-11	9.00e-10	1.56e-06	1.55e-04	3.91e-03	2.53e-02	1.09e-01	1.97e-01	1.65e-01	1.34e-01	2.89e-01	7.17e-02	5.77e-03
 5.94023e+22	2.64e-25	3.83e-19	9.33e-16	1.86e-13	1.68e-11	1.02e-09	1.75e-06	1.73e-04	4.33e-03	2.74e-02	1.15e-01	2.04e-01	1.67e-01	1.32e-01	2.78e-01	6.69e-02	5.24e-03
 5.95263e+22	3.95e-25	5.48e-19	1.28e-15	2.41e-13	2.07e-11	1.19e-09	2.03e-06	2.00e-04	4.92e-03	3.02e-02	1.24e-01	2.14e-01	1.69e-01	1.29e-01	2.63e-01	6.11e-02	4.61e-03
 5.96535e+22	5.43e-25	7.28e-19	1.64e-15	2.98e-13	2.45e-11	1.36e-09	2.29e-06	2.25e-04	5.43e-03	3.26e-02	1.30e-01	2.21e-01	1.71e-01	1.27e-01	2.52e-01	5.68e-02	4.15e-03
 5.97640e+22	7.28e-25	9.46e-19	2.06e-15	3.60e-13	2.85e-11	1.53e-09	2.54e-06	2.49e-04	5.94e-03	3.49e-02	1.37e-01	2.27e-01	1.72e-01	1.24e-01	2.42e-01	5.30e-02	3.77e-03
 5.98869e+22	1.06e-24	1.32e-18	2.76e-15	4.61e-13	3.47e-11	1.78e-09	2.91e-06	2.83e-04	6.66e-03	3.81e-02	1.45e-01	2.35e-01	1.73e-01	1.21e-01	2.29e-01	4.84e-02	3.32e-03
 6.00109e+22	1.41e-24	1.71e-18	3.47e-15	5.57e-13	4.04e-11	2.00e-09	3.23e-06	3.13e-04	7.26e-03	4.06e-02	1.52e-01	2.41e-01	1.73e-01	1.18e-01	2.19e-01	4.50e-02	3.01e-03
 6.01365e+22	2.05e-24	2.39e-18	4.64e-15	7.12e-13	4.92e-11	2.33e-09	3.68e-06	3.55e-04	8.09e-03	4.41e-02	1.61e-01	2.49e-01	1.73e-01	1.15e-01	2.06e-01	4.09e-02	2.64e-03
 6.02642e+22	2.73e-24	3.07e-18	5.81e-15	8.59e-13	5.72e-11	2.62e-09	4.07e-06	3.91e-04	8.79e-03	4.69e-02	1.67e-01	2.54e-01	1.73e-01	1.12e-01	1.97e-01	3.79e-02	2.38e-03
 6.03763e+22	3.61e-24	3.95e-18	7.23e-15	1.03e-12	6.64e-11	2.94e-09	4.48e-06	4.29e-04	9.52e-03	4.97e-02	1.74e-01	2.60e-01	1.73e-01	1.09e-01	1.88e-01	3.52e-02	2.15e-03
 6.05041e+22	5.19e-24	5.46e-18	9.62e-15	1.31e-12	8.04e-11	3.41e-09	5.08e-06	4.82e-04	1.05e-02	5.36e-02	1.82e-01	2.66e-01	1.72e-01	1.05e-01	1.76e-01	3.19e-02	1.88e-03
 6.06310e+22	6.70e-24	6.86e-18	1.18e-14	1.56e-12	9.24e-11	3.81e-09	5.56e-06	5.25e-04	1.13e-02	5.65e-02	1.88e-01	2.70e-01	1.71e-01	1.03e-01	1.68e-01	2.97e-02	1.70e-03
 6.07569e+22	9.48e-24	9.36e-18	1.55e-14	1.96e-12	1.11e-10	4.39e-09	6.25e-06	5.87e-04	1.24e-02	6.05e-02	1.97e-01	2.75e-01	1.70e-01	9.88e-02	1.58e-01	2.69e-02	1.49e-03
 6.08851e+22	1.23e-23	1.18e-17	1.90e-14	2.33e-12	1.28e-10	4.91e-09	6.85e-06	6.38e-04	1.34e-02	6.37e-02	2.03e-01	2.79e-01	1.68e-01	9.59e-02	1.50e-01	2.49e-02	1.35e-03
 6.10166e+22	1.74e-23	1.61e-17	2.49e-14	2.93e-12	1.54e-10	5.68e-09	7.70e-06	7.12e-04	1.47e-02	6.80e-02	2.11e-01	2.83e-01	1.66e-01	9.21e-02	1.40e-01	2.24e-02	1.17e-03
 6.11505e+22	2.26e-23	2.04e-17	3.07e-14	3.50e-12	1.78e-10	6.37e-09	8.44e-06	7.75e-04	1.57e-02	7.15e-02	2.17e-01	2.86e-01	1.65e-01	8.91e-02	1.33e-01	2.07e-02	1.05e-03
 6.12877e+22	3.21e-23	2.79e-17	4.05e-14	4.42e-12	2.15e-10	7.39e-09	9.49e-06	8.64e-04	1.72e-02	7.62e-02	2.25e-01	2.90e-01	1.62e-01	8.52e-02	1.24e-01	1.86e-02	9.13e-04
 6.14274e+22	4.19e-23	3.53e-17	5.00e-14	5.29e-12	2.49e-10	8.30e-09	1.04e-05	9.40e-04	1.85e-02	8.00e-02	2.31e-01	2.92e-01	1.60e-01	8.22e-02	1.17e-01	1.71e-02	8.17e-04
 6.15703e+22	5.95e-23	4.84e-17	6.60e-14	6.70e-12	3.02e-10	9.66e-09	1.17e-05	1.05e-03	2.02e-02	8.51e-02	2.39e-01	2.95e-01	1.57e-01	7.83e-02	1.08e-01	1.53e-02	7.04e-04
 6.17100e+22	7.52e-23	5.98e-17	7.97e-14	7.87e-12	3.45e-10	1.08e-08	1.28e-05	1.13e-03	2.15e-02	8.87e-02	2.45e-01	2.96e-01	1.55e-01	7.56e-02	1.03e-01	1.41e-02	6.36e-04
 6.18455e+22	1.05e-22	8.04e-17	1.04e-13	9.82e-12	4.12e-10	1.24e-08	1.42e-05	1.25e-03	2.33e-02	9.38e-02	2.52e-01	2.98e-01	1.51e-01	7.20e-02	9.53e-02	1.27e-02	5.50e-04
 6.19830e+22	1.25e-22	9.94e-17	1.25e-13	1.16e-11	4.72e-10	1.38e-08	1.55e-05	1.34e-03	2.47e-02	9.76e-02	2.57e-01	2.99e-01	1.49e-01	6.94e-02	9.02e-02	1.17e-02	4.95e-04
 6.21231e+22	2.30e-24	1.33e-16	1.62e-13	1.44e-11	5.64e-10	1.59e-08	1.73e-05	1.48e-03	2.68e-02	1.03e-01	2.64e-01	3.00e-01	1.45e-01	6.60e-02	8.36e-02	1.05e-02	4.29e-04
 6.22675e+22	3.02e-24	1.67e-16	1.99e-13	1.71e-11	6.52e-10	1.79e-08	1.89e-05	1.60e-03	2.85e-02	1.07e-01	2.69e-01	3.00e-01	1.42e-01	6.32e-02	7.85e-02	9.56e-03	3.81e-04
 6.24175e+22	4.24e-24	2.24e-16	2.57e-13	2.14e-11	7.83e-10	2.07e-08	2.12e-05	1.77e-03	3.08e-02	1.13e-01	2.75e-01	3.00e-01	1.38e-01	5.99e-02	7.24e-02	8.52e-03	3.28e-04
 6.25723e+22	5.64e-24	2.86e-16	3.20e-13	2.58e-11	9.14e-10	2.34e-08	2.33e-05	1.92e-03	3.29e-02	1.18e-01	2.81e-01	2.99e-01	1.35e-01	5.71e-02	6.76e-02	7.72e-03	2.89e-04
 6.27333e+22	8.02e-24	3.86e-16	4.18e-13	3.25e-11	1.11e-09	2.73e-08	2.63e-05	2.13e-03	3.57e-02	1.24e-01	2.87e-01	2.98e-01	1.31e-01	5.38e-02	6.20e-02	6.83e-03	2.47e-04
 6.28985e+22	1.08e-23	4.97e-16	5.24e-13	3.94e-11	1.30e-09	3.11e-08	2.90e-05	2.32e-03	3.81e-02	1.29e-01	2.92e-01	2.97e-01	1.27e-01	5.11e-02	5.76e-02	6.16e-03	2.16e-04
 6.30691e+22	1.55e-23	6.78e-16	6.91e-13	5.01e-11	1.58e-09	3.65e-08	3.29e-05	2.57e-03	4.13e-02	1.36e-01	2.97e-01	2.95e-01	1.22e-01	4.78e-02	5.25e-02	5.41e-03	1.83e-04
 6.32452e+22	2.11e-23	8.81e-16	8.73e-13	6.13e-11	1.87e-09	4.18e-08	3.65e-05	2.81e-03	4.42e-02	1.42e-01	3.02e-01	2.92e-01	1.18e-01	4.52e-02	4.85e-02	4.84e-03	1.58e-04
 6.34282e+22	3.08e-23	1.22e-15	1.17e-12	7.86e-11	2.31e-09	4.95e-08	4.15e-05	3.13e-03	4.80e-02	1.49e-01	3.07e-01	2.89e-01	1.13e-01	4.20e-02	4.39e-02	4.21e-03	1.32e-04
 6.36174e+22	4.25e-23	1.60e-15	1.49e-12	9.72e-11	2.75e-09	5.71e-08	4.63e-05	3.43e-03	5.14e-02	1.55e-01	3.11e-01	2.86e-01	1.09e-01	3.95e-02	4.02e-02	3.73e-03	1.13e-04
 6.37887e+22	5.81e-23	2.09e-15	1.89e-12	1.19e-10	3.27e-09	6.57e-08	5.16e-05	3.74e-03	5.49e-02	1.61e-01	3.15e-01	2.82e-01	1.05e-01	3.71e-02	3.69e-02	3.31e-03	9.76e-05
 6.39855e+22	8.63e-23	2.92e-15	2.55e-12	1.55e-10	4.07e-09	7.84e-08	5.91e-05	4.18e-03	5.96e-02	1.69e-01	3.19e-01	2.78e-01	9.98e-02	3.42e-02	3.31e-02	2.85e-03	8.04e-05
 6.41860e+22	1.20e-22	3.86e-15	3.28e-12	1.92e-10	4.87e-09	9.08e-08	6.61e-05	4.58e-03	6.38e-02	1.76e-01	3.22e-01	2.73e-01	9.56e-02	3.19e-02	3.01e-02	2.51e-03	6.84e-05
 6.43916e+22	1.80e-22	5.46e-15	4.47e-12	2.52e-10	6.09e-09	1.09e-07	7.59e-05	5.13e-03	6.92e-02	1.84e-01	3.25e-01	2.67e-01	9.04e-02	2.93e-02	2.68e-02	2.13e-03	5.58e-05
 6.45998e+22	2.52e-22	7.25e-15	5.76e-12	3.13e-10	7.32e-09	1.26e-07	8.50e-05	5.62e-03	7.39e-02	1.91e-01	3.27e-01	2.62e-01	8.62e-02	2.72e-02	2.43e-02	1.87e-03	4.72e-05
 6.48117e+22	2.82e-22	1.04e-14	7.93e-12	4.13e-10	9.22e-09	1.52e-07	9.80e-05	6.29e-03	8.03e-02	2.00e-01	3.29e-01	2.55e-01	8.10e-02	2.48e-02	2.14e-02	1.57e-03	3.80e-05
 6.50257e+22	3.95e-22	1.38e-14	1.02e-11	5.15e-10	1.11e-08	1.77e-07	1.10e-04	6.88e-03	8.56e-02	2.07e-01	3.30e-01	2.50e-01	7.69e-02	2.30e-02	1.94e-02	1.37e-03	3.19e-05
 6.52427e+22	6.13e-22	2.00e-14	1.43e-11	6.85e-10	1.40e-08	2.14e-07	1.27e-04	7.72e-03	9.28e-02	2.15e-01	3.31e-01	2.42e-01	7.19e-02	2.07e-02	1.69e-02	1.14e-03	2.54e-05
 6.54608e+22	8.57e-22	2.65e-14	1.84e-11	8.53e-10	1.69e-08	2.49e-07	1.42e-04	8.43e-03	9.87e-02	2.22e-01	3.31e-01	2.36e-01	6.81e-02	1.92e-02	1.53e-02	9.93e-04	2.13e-05
 6.56433e+22	1.17e-21	3.45e-14	2.32e-11	1.04e-09	1.99e-08	2.85e-07	1.57e-04	9.13e-03	1.04e-01	2.28e-01	3.31e-01	2.30e-01	6.47e-02	1.78e-02	1.38e-02	8.71e-04	1.80e-05
 6.58170e+22	1.59e-21	4.46e-14	2.92e-11	1.27e-09	2.35e-08	3.26e-07	1.73e-04	9.87e-03	1.10e-01	2.34e-01	3.30e-01	2.24e-01	6.14e-02	1.65e-02	1.26e-02	7.64e-04	1.53e-05
 6.60166e+22	2.38e-21	6.29e-14	3.96e-11	1.65e-09	2.92e-08	3.88e-07	1.98e-04	1.09e-02	1.18e-01	2.42e-01	3.29e-01	2.17e-01	5.73e-02	1.50e-02	1.10e-02	6.41e-04	1.23e-05
 6.62160e+22	3.26e-21	8.19e-14	5.01e-11	2.02e-09	3.45e-08	4.45e-07	2.19e-04	1.18e-02	1.24e-01	2.47e-01	3.27e-01	2.11e-01	5.42e-02	1.39e-02	9.95e-03	5.59e-04	1.04e-05
 6.64149e+22	4.92e-21	1.16e-13	6.82e-11	2.63e-09	4.30e-08	5.32e-07	2.49e-04	1.31e-02	1.33e-01	2.55e-01	3.24e-01	2.03e-01	5.04e-02	1.25e-02	8.69e-03	4.66e-04	8.25e-06
 6.66156e+22	6.74e-21	1.51e-13	8.64e-11	3.23e-09	5.09e-08	6.11e-07	2.76e-04	1.41e-02	1.40e-01	2.60e-01	3.22e-01	1.97e-01	4.75e-02	1.15e-02	7.83e-03	4.05e-04	6.93e-06
 6.68188e+22	1.03e-20	2.16e-13	1.19e-10	4.23e-09	6.38e-08	7.34e-07	3.16e-04	1.56e-02	1.50e-01	2.67e-01	3.18e-01	1.88e-01	4.39e-02	1.03e-02	6.79e-03	3.35e-04	5.45e-06
 6.70246e+22	1.44e-20	2.84e-13	1.51e-10	5.22e-09	7.60e-08	8.47e-07	3.51e-04	1.69e-02	1.57e-01	2.72e-01	3.14e-01	1.82e-01	4.12e-02	9.49e-03	6.07e-03	2.89e-04	4.53e-06
 6.72339e+22	2.23e-20	4.09e-13	2.09e-10	6.90e-09	9.59e-08	1.03e-06	4.04e-04	1.88e-02	1.68e-01	2.78e-01	3.09e-01	1.73e-01	3.78e-02	8.46e-03	5.22e-03	2.36e-04	3.53e-06
 6.74476e+22	3.19e-20	5.48e-13	2.72e-10	8.64e-09	1.16e-07	1.20e-06	4.52e-04	2.05e-02	1.77e-01	2.83e-01	3.04e-01	1.67e-01	3.52e-02	7.70e-03	4.61e-03	2.00e-04	2.88e-06
 6.76667e+22	5.11e-20	8.05e-13	3.82e-10	1.16e-08	1.48e-07	1.47e-06	5.25e-04	2.28e-02	1.89e-01	2.89e-01	2.98e-01	1.58e-01	3.20e-02	6.79e-03	3.92e-03	1.61e-04	2.19e-06
 6.78905e+22	7.50e-20	1.09e-12	5.03e-10	1.47e-08	1.81e-07	1.73e-06	5.92e-04	2.50e-02	1.99e-01	2.93e-01	2.92e-01	1.51e-01	2.96e-02	6.12e-03	3.43e-03	1.35e-04	1.76e-06
 6.81182e+22	1.24e-19	1.63e-12	7.16e-10	2.00e-08	2.34e-07	2.15e-06	6.93e-04	2.80e-02	2.13e-01	2.98e-01	2.84e-01	1.42e-01	2.67e-02	5.35e-03	2.87e-03	1.07e-04	1.32e-06
 6.83474e+22	1.86e-19	2.22e-12	9.44e-10	2.54e-08	2.87e-07	2.55e-06	7.86e-04	3.07e-02	2.24e-01	3.01e-01	2.77e-01	1.34e-01	2.45e-02	4.79e-03	2.49e-03	8.88e-05	1.05e-06
 6.85412e+22	2.72e-19	2.95e-12	1.22e-09	3.17e-08	3.47e-07	2.99e-06	8.83e-04	3.33e-02	2.35e-01	3.04e-01	2.70e-01	1.28e-01	2.26e-02	4.33e-03	2.18e-03	7.46e-05	8.45e-07
 6.87492e+22	4.46e-19	4.19e-12	1.67e-09	4.19e-08	4.40e-07	3.66e-06	1.02e-03	3.70e-02	2.48e-01	3.07e-01	2.61e-01	1.20e-01	2.04e-02	3.80e-03	1.85e-03	5.98e-05	6.43e-07
