#depth	Ar	Ar+	Ar+2	Ar+3	Ar+4	Ar+5	Ar+6	Ar+7	Ar+8	Ar+9	Ar+10	Ar+11	Ar+12	Ar+13	Ar+14	Ar+15	Ar+16	Ar+17	Ar+18
 4.62852e+21	0.00e+00	0.00e+00	0.00e+00	0.00e+00	0.00e+00	0.00e+00	0.00e+00	0.00e+00	0.00e+00	0.00e+00	1.37e-25	8.10e-22	3.27e-18	6.34e-15	7.91e-12	1.04e-08	2.40e-05	8.51e-03	9.91e-01
 1.05216e+22	0.00e+00	0.00e+00	0.00e+00	0.00e+00	0.00e+00	0.00e+00	0.00e+00	0.00e+00	0.00e+00	2.68e-28	2.36e-24	9.71e-21	2.73e-17	3.86e-14	3.36e-11	3.07e-08	4.94e-05	1.22e-02	9.88e-01
 1.26211e+22	0.00e+00	0.00e+00	0.00e+00	0.00e+00	0.00e+00	0.00e+00	0.00e+00	0.00e+00	0.00e+00	2.21e-27	1.53e-23	4.95e-20	1.13e-16	1.26e-13	8.62e-11	6.23e-08	7.91e-05	1.54e-02	9.85e-01
 1.41239e+22	0.00e+00	0.00e+00	0.00e+00	0.00e+00	0.00e+00	0.00e+00	0.00e+00	0.00e+00	0.00e+00	1.21e-26	6.93e-23	1.85e-19	3.48e-16	3.22e-13	1.83e-10	1.10e-07	1.15e-04	1.85e-02	9.81e-01
 1.50910e+22	0.00e+00	0.00e+00	0.00e+00	0.00e+00	0.00e+00	0.00e+00	0.00e+00	0.00e+00	2.32e-30	2.55e-26	1.34e-22	3.30e-19	5.70e-16	4.84e-13	2.54e-10	1.40e-07	1.36e-04	2.01e-02	9.80e-01
 1.57791e+22	0.00e+00	0.00e+00	0.00e+00	0.00e+00	0.00e+00	0.00e+00	0.00e+00	0.00e+00	7.13e-30	6.98e-26	3.28e-22	7.21e-19	1.11e-15	8.46e-13	3.96e-10	1.95e-07	1.69e-04	2.24e-02	9.77e-01
 1.63890e+22	0.00e+00	0.00e+00	0.00e+00	0.00e+00	0.00e+00	0.00e+00	0.00e+00	0.00e+00	1.29e-29	1.19e-25	5.25e-22	1.09e-18	1.58e-15	1.13e-12	5.00e-10	2.33e-07	1.90e-04	2.37e-02	9.76e-01
 1.68972e+22	0.00e+00	0.00e+00	0.00e+00	0.00e+00	0.00e+00	0.00e+00	0.00e+00	0.00e+00	2.86e-29	2.43e-25	9.90e-22	1.89e-18	2.54e-15	1.68e-12	6.86e-10	2.95e-07	2.22e-04	2.57e-02	9.74e-01
 1.74245e+22	0.00e+00	0.00e+00	0.00e+00	0.00e+00	0.00e+00	0.00e+00	0.00e+00	0.00e+00	5.73e-29	4.54e-25	1.72e-21	3.07e-18	3.84e-15	2.37e-12	9.03e-10	3.62e-07	2.55e-04	2.74e-02	9.72e-01
 1.78991e+22	0.00e+00	0.00e+00	0.00e+00	0.00e+00	0.00e+00	0.00e+00	0.00e+00	0.00e+00	1.10e-28	8.13e-25	2.89e-21	4.87e-18	5.69e-15	3.29e-12	1.17e-09	4.41e-07	2.90e-04	2.93e-02	9.70e-01
 1.84386e+22	0.00e+00	0.00e+00	0.00e+00	0.00e+00	0.00e+00	0.00e+00	0.00e+00	0.00e+00	2.67e-28	1.80e-24	5.84e-21	9.00e-18	9.63e-15	5.09e-12	1.66e-09	5.72e-07	3.46e-04	3.19e-02	9.68e-01
 1.89709e+22	0.00e+00	0.00e+00	0.00e+00	0.00e+00	0.00e+00	0.00e+00	0.00e+00	0.00e+00	4.86e-28	3.09e-24	9.42e-21	1.37e-17	1.38e-14	6.85e-12	2.11e-09	6.84e-07	3.89e-04	3.38e-02	9.66e-01
 1.94936e+22	0.00e+00	0.00e+00	0.00e+00	0.00e+00	0.00e+00	0.00e+00	0.00e+00	0.00e+00	1.10e-27	6.43e-24	1.81e-20	2.41e-17	2.23e-14	1.02e-11	2.91e-09	8.70e-07	4.56e-04	3.65e-02	9.63e-01
 2.00339e+22	0.00e+00	0.00e+00	0.00e+00	0.00e+00	0.00e+00	0.00e+00	0.00e+00	0.00e+00	2.23e-27	1.21e-23	3.17e-20	3.94e-17	3.40e-14	1.45e-11	3.84e-09	1.07e-06	5.24e-04	3.91e-02	9.60e-01
 2.05134e+22	0.00e+00	0.00e+00	0.00e+00	0.00e+00	0.00e+00	0.00e+00	0.00e+00	0.00e+00	4.33e-27	2.19e-23	5.36e-20	6.23e-17	5.03e-14	2.01e-11	4.98e-09	1.30e-06	5.96e-04	4.16e-02	9.58e-01
 2.10529e+22	0.00e+00	0.00e+00	0.00e+00	0.00e+00	0.00e+00	0.00e+00	0.00e+00	6.85e-31	1.04e-26	4.83e-23	1.08e-19	1.15e-16	8.45e-14	3.10e-11	7.04e-09	1.69e-06	7.07e-04	4.53e-02	9.54e-01
 2.15918e+22	0.00e+00	0.00e+00	0.00e+00	0.00e+00	0.00e+00	0.00e+00	0.00e+00	1.35e-30	1.93e-26	8.35e-23	1.75e-19	1.75e-16	1.21e-13	4.18e-11	8.95e-09	2.02e-06	7.96e-04	4.80e-02	9.51e-01
 2.21297e+22	0.00e+00	0.00e+00	0.00e+00	0.00e+00	0.00e+00	0.00e+00	0.00e+00	3.60e-30	4.69e-26	1.85e-22	3.55e-19	3.24e-16	2.05e-13	6.47e-11	1.27e-08	2.62e-06	9.46e-04	5.22e-02	9.47e-01
 2.26623e+22	0.00e+00	0.00e+00	0.00e+00	0.00e+00	0.00e+00	0.00e+00	0.00e+00	7.00e-30	8.56e-26	3.18e-22	5.72e-19	4.92e-16	2.93e-13	8.69e-11	1.60e-08	3.12e-06	1.06e-03	5.52e-02	9.44e-01
 2.31005e+22	0.00e+00	0.00e+00	0.00e+00	0.00e+00	0.00e+00	0.00e+00	0.00e+00	1.34e-29	1.54e-25	5.37e-22	9.09e-19	7.36e-16	4.13e-13	1.16e-10	2.02e-08	3.70e-06	1.19e-03	5.83e-02	9.40e-01
 2.35123e+22	0.00e+00	0.00e+00	0.00e+00	0.00e+00	0.00e+00	0.00e+00	0.00e+00	2.51e-29	2.71e-25	8.92e-22	1.43e-18	1.09e-15	5.79e-13	1.53e-10	2.52e-08	4.38e-06	1.33e-03	6.15e-02	9.37e-01
 2.39157e+22	0.00e+00	0.00e+00	0.00e+00	0.00e+00	0.00e+00	0.00e+00	0.00e+00	4.65e-29	4.74e-25	1.47e-21	2.23e-18	1.61e-15	8.04e-13	2.01e-10	3.13e-08	5.15e-06	1.48e-03	6.48e-02	9.34e-01
 2.43178e+22	0.00e+00	0.00e+00	0.00e+00	0.00e+00	0.00e+00	0.00e+00	0.00e+00	8.65e-29	8.30e-25	2.43e-21	3.47e-18	2.37e-15	1.12e-12	2.64e-10	3.90e-08	6.06e-06	1.65e-03	6.83e-02	9.30e-01
 2.47192e+22	0.00e+00	0.00e+00	0.00e+00	0.00e+00	0.00e+00	0.00e+00	0.00e+00	1.60e-28	1.45e-24	4.00e-21	5.38e-18	3.47e-15	1.55e-12	3.46e-10	4.83e-08	7.12e-06	1.83e-03	7.18e-02	9.26e-01
 2.51806e+22	0.00e+00	0.00e+00	0.00e+00	0.00e+00	0.00e+00	0.00e+00	0.00e+00	3.53e-28	2.95e-24	7.57e-21	9.47e-18	5.67e-15	2.36e-12	4.90e-10	6.38e-08	8.76e-06	2.10e-03	7.67e-02	9.21e-01
 2.56463e+22	0.00e+00	0.00e+00	0.00e+00	0.00e+00	0.00e+00	0.00e+00	0.00e+00	6.64e-28	5.23e-24	1.26e-20	1.49e-17	8.42e-15	3.30e-12	6.47e-10	7.97e-08	1.03e-05	2.34e-03	8.08e-02	9.17e-01
 2.60510e+22	0.00e+00	0.00e+00	0.00e+00	0.00e+00	0.00e+00	0.00e+00	3.14e-31	1.23e-27	9.13e-24	2.08e-20	2.31e-17	1.23e-14	4.57e-12	8.48e-10	9.88e-08	1.21e-05	2.60e-03	8.50e-02	9.12e-01
 2.65106e+22	0.00e+00	0.00e+00	0.00e+00	0.00e+00	0.00e+00	0.00e+00	7.61e-31	2.77e-27	1.90e-23	4.00e-20	4.13e-17	2.04e-14	7.02e-12	1.21e-09	1.31e-07	1.50e-05	2.99e-03	9.08e-02	9.06e-01
 2.69679e+22	0.00e+00	0.00e+00	0.00e+00	0.00e+00	0.00e+00	0.00e+00	1.45e-30	5.01e-27	3.25e-23	6.47e-20	6.31e-17	2.96e-14	9.61e-12	1.57e-09	1.61e-07	1.75e-05	3.31e-03	9.53e-02	9.01e-01
 2.73367e+22	0.00e+00	0.00e+00	0.00e+00	0.00e+00	0.00e+00	0.00e+00	2.61e-30	8.59e-27	5.29e-23	1.00e-19	9.27e-17	4.13e-14	1.28e-11	1.99e-09	1.95e-07	2.01e-05	3.63e-03	9.95e-02	8.97e-01
 2.76748e+22	0.00e+00	0.00e+00	0.00e+00	0.00e+00	0.00e+00	0.00e+00	4.57e-30	1.44e-26	8.43e-23	1.52e-19	1.34e-16	5.69e-14	1.68e-11	2.49e-09	2.33e-07	2.30e-05	3.96e-03	1.04e-01	8.92e-01
 2.80588e+22	0.00e+00	0.00e+00	0.00e+00	0.00e+00	0.00e+00	0.00e+00	9.11e-30	2.72e-26	1.50e-22	2.53e-19	2.11e-16	8.43e-14	2.34e-11	3.29e-09	2.91e-07	2.71e-05	4.41e-03	1.09e-01	8.86e-01
 2.84569e+22	0.00e+00	0.00e+00	0.00e+00	0.00e+00	0.00e+00	0.00e+00	1.68e-29	4.78e-26	2.49e-22	3.99e-19	3.15e-16	1.20e-13	3.15e-11	4.20e-09	3.54e-07	3.14e-05	4.86e-03	1.14e-01	8.81e-01
 2.88044e+22	0.00e+00	0.00e+00	0.00e+00	0.00e+00	0.00e+00	0.00e+00	2.94e-29	7.98e-26	3.95e-22	6.04e-19	4.54e-16	1.65e-13	4.14e-11	5.26e-09	4.23e-07	3.58e-05	5.29e-03	1.19e-01	8.76e-01
 2.91871e+22	0.00e+00	0.00e+00	0.00e+00	0.00e+00	0.00e+00	0.00e+00	5.74e-29	1.48e-25	6.89e-22	9.92e-19	7.03e-16	2.41e-13	5.71e-11	6.86e-09	5.22e-07	4.20e-05	5.87e-03	1.25e-01	8.69e-01
 2.95891e+22	0.00e+00	0.00e+00	0.00e+00	0.00e+00	0.00e+00	0.00e+00	1.08e-28	2.64e-25	1.16e-21	1.58e-18	1.06e-15	3.45e-13	7.75e-11	8.84e-09	6.39e-07	4.87e-05	6.47e-03	1.30e-01	8.63e-01
 2.99451e+22	0.00e+00	0.00e+00	0.00e+00	0.00e+00	0.00e+00	0.00e+00	1.93e-28	4.51e-25	1.89e-21	2.44e-18	1.56e-15	4.80e-13	1.03e-10	1.12e-08	7.68e-07	5.59e-05	7.07e-03	1.36e-01	8.57e-01
 3.02813e+22	0.00e+00	0.00e+00	0.00e+00	0.00e+00	0.00e+00	1.02e-31	3.35e-28	7.50e-25	2.99e-21	3.68e-18	2.24e-15	6.58e-13	1.34e-10	1.39e-08	9.16e-07	6.37e-05	7.70e-03	1.41e-01	8.51e-01
 3.06629e+22	0.00e+00	0.00e+00	0.00e+00	0.00e+00	0.00e+00	2.12e-31	6.61e-28	1.40e-24	5.25e-21	6.08e-18	3.48e-15	9.67e-13	1.86e-10	1.82e-08	1.13e-06	7.46e-05	8.54e-03	1.48e-01	8.43e-01
 3.10303e+22	0.00e+00	0.00e+00	0.00e+00	0.00e+00	0.00e+00	3.75e-31	1.12e-27	2.28e-24	8.14e-21	9.01e-18	4.93e-15	1.31e-12	2.40e-10	2.25e-08	1.34e-06	8.45e-05	9.26e-03	1.54e-01	8.37e-01
 3.13229e+22	0.00e+00	0.00e+00	0.00e+00	0.00e+00	0.00e+00	6.24e-31	1.80e-27	3.53e-24	1.21e-20	1.28e-17	6.71e-15	1.71e-12	3.02e-10	2.72e-08	1.56e-06	9.44e-05	9.94e-03	1.59e-01	8.31e-01
 3.16469e+22	0.00e+00	0.00e+00	0.00e+00	0.00e+00	0.00e+00	1.14e-30	3.15e-27	5.91e-24	1.92e-20	1.94e-17	9.67e-15	2.34e-12	3.94e-10	3.39e-08	1.86e-06	1.07e-04	1.08e-02	1.65e-01	8.24e-01
 3.19950e+22	0.00e+00	0.00e+00	0.00e+00	0.00e+00	0.00e+00	2.07e-30	5.48e-27	9.83e-24	3.04e-20	2.92e-17	1.39e-14	3.21e-12	5.15e-10	4.22e-08	2.21e-06	1.22e-04	1.18e-02	1.71e-01	8.17e-01
 3.23035e+22	0.00e+00	0.00e+00	0.00e+00	0.00e+00	0.00e+00	3.47e-30	8.84e-27	1.53e-23	4.52e-20	4.16e-17	1.90e-14	4.21e-12	6.48e-10	5.11e-08	2.57e-06	1.37e-04	1.26e-02	1.77e-01	8.11e-01
 3.26336e+22	0.00e+00	0.00e+00	0.00e+00	0.00e+00	0.00e+00	6.41e-30	1.56e-26	2.58e-23	7.26e-20	6.34e-17	2.75e-14	5.81e-12	8.51e-10	6.39e-08	3.07e-06	1.56e-04	1.37e-02	1.83e-01	8.03e-01
 3.29824e+22	0.00e+00	0.00e+00	0.00e+00	0.00e+00	0.00e+00	1.15e-29	2.70e-26	4.26e-23	1.14e-19	9.51e-17	3.93e-14	7.92e-12	1.11e-09	7.94e-08	3.65e-06	1.77e-04	1.49e-02	1.90e-01	7.95e-01
 3.32914e+22	0.00e+00	0.00e+00	0.00e+00	0.00e+00	0.00e+00	1.96e-29	4.42e-26	6.71e-23	1.72e-19	1.37e-16	5.43e-14	1.05e-11	1.40e-09	9.64e-08	4.25e-06	1.98e-04	1.60e-02	1.96e-01	7.88e-01
 3.35829e+22	0.00e+00	0.00e+00	0.00e+00	0.00e+00	0.00e+00	3.29e-29	7.12e-26	1.04e-22	2.56e-19	1.95e-16	7.42e-14	1.37e-11	1.76e-09	1.17e-07	4.94e-06	2.21e-04	1.72e-02	2.02e-01	7.80e-01
 3.38562e+22	0.00e+00	0.00e+00	0.00e+00	0.00e+00	0.00e+00	2.40e-29	5.03e-26	7.11e-23	3.64e-19	2.68e-16	9.79e-14	1.75e-11	2.16e-09	1.38e-07	5.64e-06	2.44e-04	1.83e-02	2.08e-01	7.74e-01
 3.41523e+22	0.00e+00	0.00e+00	0.00e+00	0.00e+00	0.00e+00	8.92e-29	1.80e-25	2.45e-22	5.52e-19	3.87e-16	1.35e-13	2.32e-11	2.74e-09	1.67e-07	6.58e-06	2.73e-04	1.97e-02	2.14e-01	7.66e-01
 3.44662e+22	0.00e+00	0.00e+00	0.00e+00	0.00e+00	0.00e+00	6.98e-29	1.35e-25	1.77e-22	8.28e-19	5.57e-16	1.87e-13	3.06e-11	3.47e-09	2.03e-07	7.68e-06	3.06e-04	2.12e-02	2.21e-01	7.57e-01
 3.47421e+22	0.00e+00	0.00e+00	0.00e+00	0.00e+00	0.00e+00	1.12e-28	2.09e-25	2.64e-22	1.19e-18	7.68e-16	2.48e-13	3.91e-11	4.27e-09	2.41e-07	8.78e-06	3.38e-04	2.26e-02	2.27e-01	7.50e-01
 3.50399e+22	0.00e+00	0.00e+00	0.00e+00	0.00e+00	6.46e-32	1.94e-28	3.50e-25	4.25e-22	1.82e-18	1.12e-15	3.46e-13	5.22e-11	5.46e-09	2.95e-07	1.03e-05	3.80e-04	2.43e-02	2.34e-01	7.41e-01
 3.53546e+22	0.00e+00	0.00e+00	0.00e+00	0.00e+00	1.14e-31	3.29e-28	5.71e-25	6.66e-22	2.73e-18	1.61e-15	4.76e-13	6.89e-11	6.90e-09	3.58e-07	1.20e-05	4.24e-04	2.61e-02	2.41e-01	7.32e-01
 3.56284e+22	0.00e+00	0.00e+00	0.00e+00	0.00e+00	1.88e-31	5.25e-28	8.80e-25	9.92e-22	3.92e-18	2.22e-15	6.32e-13	8.80e-11	8.49e-09	4.24e-07	1.37e-05	4.68e-04	2.77e-02	2.47e-01	7.24e-01
 3.59214e+22	0.00e+00	0.00e+00	0.00e+00	0.00e+00	3.35e-31	9.02e-28	1.45e-24	1.58e-21	5.94e-18	3.22e-15	8.75e-13	1.17e-10	1.08e-08	5.15e-07	1.60e-05	5.23e-04	2.98e-02	2.55e-01	7.15e-01
 3.62320e+22	0.00e+00	0.00e+00	0.00e+00	0.00e+00	5.84e-31	1.52e-27	2.35e-24	2.45e-21	8.85e-18	4.60e-15	1.20e-12	1.53e-10	1.35e-08	6.22e-07	1.85e-05	5.84e-04	3.19e-02	2.62e-01	7.06e-01
 3.65083e+22	0.00e+00	0.00e+00	0.00e+00	0.00e+00	9.66e-31	2.42e-27	3.64e-24	3.67e-21	1.27e-17	6.35e-15	1.59e-12	1.96e-10	1.67e-08	7.38e-07	2.12e-05	6.43e-04	3.39e-02	2.68e-01	6.97e-01
 3.67561e+22	0.00e+00	0.00e+00	0.00e+00	0.00e+00	1.52e-30	3.70e-27	5.39e-24	5.26e-21	1.76e-17	8.50e-15	2.06e-12	2.44e-10	2.01e-08	8.61e-07	2.39e-05	7.03e-04	3.58e-02	2.74e-01	6.89e-01
 3.69883e+22	0.00e+00	0.00e+00	0.00e+00	0.00e+00	2.32e-30	5.49e-27	7.76e-24	7.37e-21	2.38e-17	1.11e-14	2.60e-12	3.00e-10	2.39e-08	9.91e-07	2.67e-05	7.62e-04	3.77e-02	2.80e-01	6.82e-01
 3.72545e+22	0.00e+00	0.00e+00	0.00e+00	0.00e+00	3.87e-30	8.85e-27	1.21e-23	1.11e-20	3.44e-17	1.54e-14	3.47e-12	3.84e-10	2.95e-08	1.18e-06	3.06e-05	8.40e-04	4.00e-02	2.87e-01	6.72e-01
 3.75405e+22	0.00e+00	0.00e+00	0.00e+00	0.00e+00	6.44e-30	1.42e-26	1.88e-23	1.66e-20	4.97e-17	2.14e-14	4.63e-12	4.93e-10	3.63e-08	1.40e-06	3.50e-05	9.27e-04	4.26e-02	2.93e-01	6.63e-01
 3.77988e+22	0.00e+00	0.00e+00	0.00e+00	0.00e+00	1.04e-29	2.22e-26	2.83e-23	2.43e-20	6.98e-17	2.90e-14	6.05e-12	6.21e-10	4.42e-08	1.64e-06	3.97e-05	1.01e-03	4.50e-02	3.00e-01	6.54e-01
 3.80436e+22	0.00e+00	0.00e+00	0.00e+00	0.00e+00	1.64e-29	3.39e-26	4.21e-23	3.49e-20	9.70e-17	3.88e-14	7.82e-12	7.75e-10	5.33e-08	1.91e-06	4.47e-05	1.11e-03	4.75e-02	3.06e-01	6.45e-01
 3.82849e+22	0.00e+00	0.00e+00	0.00e+00	0.00e+00	2.55e-29	5.13e-26	6.17e-23	4.97e-20	1.33e-16	5.15e-14	1.00e-11	9.62e-10	6.39e-08	2.22e-06	5.02e-05	1.20e-03	5.00e-02	3.12e-01	6.37e-01
 3.85594e+22	0.00e+00	0.00e+00	0.00e+00	0.00e+00	2.31e-29	4.50e-26	5.24e-23	7.59e-20	1.95e-16	7.23e-14	1.35e-11	1.24e-09	7.92e-08	2.64e-06	5.77e-05	1.33e-03	5.32e-02	3.19e-01	6.26e-01
 3.88469e+22	0.00e+00	0.00e+00	0.00e+00	0.00e+00	3.86e-29	7.25e-26	8.14e-23	1.14e-19	2.81e-16	1.00e-13	1.80e-11	1.59e-09	9.77e-08	3.14e-06	6.59e-05	1.46e-03	5.65e-02	3.26e-01	6.16e-01
 3.90964e+22	0.00e+00	0.00e+00	0.00e+00	0.00e+00	6.07e-29	1.11e-25	1.21e-22	1.63e-19	3.89e-16	1.34e-13	2.32e-11	1.99e-09	1.18e-07	3.65e-06	7.42e-05	1.60e-03	5.95e-02	3.32e-01	6.07e-01
 3.93657e+22	0.00e+00	0.00e+00	0.00e+00	0.00e+00	1.03e-28	1.82e-25	1.91e-22	2.49e-19	5.69e-16	1.88e-13	3.12e-11	2.57e-09	1.46e-07	4.36e-06	8.51e-05	1.76e-03	6.32e-02	3.39e-01	5.96e-01
 3.96521e+22	0.00e+00	0.00e+00	0.00e+00	4.12e-32	1.71e-28	2.91e-25	2.96e-22	3.73e-19	8.19e-16	2.60e-13	4.15e-11	3.28e-09	1.80e-07	5.16e-06	9.71e-05	1.94e-03	6.69e-02	3.46e-01	5.85e-01
 3.98975e+22	0.00e+00	0.00e+00	0.00e+00	6.57e-32	2.65e-28	4.38e-25	4.32e-22	5.27e-19	1.12e-15	3.43e-13	5.31e-11	4.06e-09	2.15e-07	5.97e-06	1.09e-04	2.10e-03	7.03e-02	3.52e-01	5.76e-01
 4.01190e+22	0.00e+00	0.00e+00	0.00e+00	1.00e-31	3.95e-28	6.36e-25	6.11e-22	7.24e-19	1.49e-15	4.43e-13	6.64e-11	4.92e-09	2.53e-07	6.81e-06	1.21e-04	2.26e-03	7.35e-02	3.57e-01	5.67e-01
 4.03724e+22	0.00e+00	0.00e+00	0.00e+00	1.69e-31	6.44e-28	1.00e-24	9.32e-22	1.07e-18	2.12e-15	6.05e-13	8.72e-11	6.23e-09	3.08e-07	8.00e-06	1.37e-04	2.47e-03	7.75e-02	3.63e-01	5.57e-01
 4.06468e+22	0.00e+00	0.00e+00	0.00e+00	2.84e-31	1.05e-27	1.58e-24	1.42e-21	1.57e-18	3.00e-15	8.26e-13	1.15e-10	7.90e-09	3.76e-07	9.42e-06	1.55e-04	2.70e-03	8.18e-02	3.69e-01	5.46e-01
 4.08978e+22	0.00e+00	0.00e+00	0.00e+00	4.62e-31	1.66e-27	2.42e-24	2.11e-21	2.26e-18	4.16e-15	1.10e-12	1.48e-10	9.84e-09	4.52e-07	1.10e-05	1.74e-04	2.94e-03	8.60e-02	3.75e-01	5.36e-01
 4.11736e+22	0.00e+00	0.00e+00	0.00e+00	8.21e-31	2.84e-27	4.01e-24	3.37e-21	3.47e-18	6.13e-15	1.56e-12	2.01e-10	1.28e-08	5.63e-07	1.31e-05	2.00e-04	3.24e-03	9.11e-02	3.82e-01	5.24e-01
 4.14491e+22	0.00e+00	0.00e+00	0.00e+00	1.37e-30	4.57e-27	6.24e-24	5.07e-21	5.05e-18	8.60e-15	2.11e-12	2.62e-10	1.61e-08	6.84e-07	1.53e-05	2.26e-04	3.53e-03	9.59e-02	3.88e-01	5.13e-01
 4.16747e+22	0.00e+00	0.00e+00	0.00e+00	2.11e-30	6.89e-27	9.14e-24	7.22e-21	6.98e-18	1.15e-14	2.74e-12	3.29e-10	1.96e-08	8.08e-07	1.75e-05	2.51e-04	3.80e-03	1.00e-01	3.92e-01	5.03e-01
 4.19184e+22	0.00e+00	0.00e+00	0.00e+00	3.49e-30	1.10e-26	1.42e-23	1.09e-20	1.02e-17	1.62e-14	3.70e-12	4.29e-10	2.46e-08	9.78e-07	2.05e-05	2.83e-04	4.14e-03	1.05e-01	3.98e-01	4.92e-01
 4.21842e+22	0.00e+00	0.00e+00	0.00e+00	5.81e-30	1.78e-26	2.21e-23	1.64e-20	1.48e-17	2.27e-14	5.02e-12	5.60e-10	3.10e-08	1.19e-06	2.40e-05	3.20e-04	4.51e-03	1.11e-01	4.03e-01	4.81e-01
 4.24312e+22	0.00e+00	0.00e+00	0.00e+00	9.27e-30	2.76e-26	3.33e-23	2.39e-20	2.09e-17	3.11e-14	6.63e-12	7.16e-10	3.83e-08	1.42e-06	2.77e-05	3.57e-04	4.87e-03	1.16e-01	4.08e-01	4.71e-01
 4.27045e+22	0.00e+00	0.00e+00	0.00e+00	1.64e-29	4.70e-26	5.48e-23	3.80e-20	3.19e-17	4.55e-14	9.31e-12	9.65e-10	4.95e-08	1.76e-06	3.30e-05	4.08e-04	5.35e-03	1.22e-01	4.14e-01	4.58e-01
 4.29774e+22	0.00e+00	0.00e+00	0.00e+00	2.71e-29	7.54e-26	8.51e-23	5.70e-20	4.63e-17	6.37e-14	1.26e-11	1.26e-09	6.22e-08	2.13e-06	3.86e-05	4.60e-04	5.82e-03	1.28e-01	4.18e-01	4.47e-01
 4.32003e+22	0.00e+00	0.00e+00	0.00e+00	4.12e-29	1.12e-25	1.23e-22	8.00e-20	6.31e-17	8.43e-14	1.61e-11	1.57e-09	7.52e-08	2.50e-06	4.38e-05	5.08e-04	6.24e-03	1.33e-01	4.22e-01	4.38e-01
 4.34404e+22	0.00e+00	0.00e+00	1.76e-32	6.91e-29	1.81e-25	1.92e-22	1.21e-19	9.24e-17	1.19e-13	2.20e-11	2.05e-09	9.49e-08	3.04e-06	5.14e-05	5.74e-04	6.79e-03	1.40e-01	4.27e-01	4.26e-01
 4.36966e+22	0.00e+00	0.00e+00	2.91e-32	1.11e-28	2.83e-25	2.91e-22	1.78e-19	1.31e-16	1.63e-13	2.92e-11	2.63e-09	1.18e-07	3.64e-06	5.95e-05	6.42e-04	7.34e-03	1.46e-01	4.31e-01	4.15e-01
 4.39357e+22	0.00e+00	0.00e+00	4.75e-32	1.77e-28	4.37e-25	4.37e-22	2.59e-19	1.84e-16	2.23e-13	3.85e-11	3.36e-09	1.45e-07	4.35e-06	6.86e-05	7.15e-04	7.91e-03	1.52e-01	4.34e-01	4.05e-01
 4.42086e+22	0.00e+00	0.00e+00	8.94e-32	3.22e-28	7.66e-25	7.35e-22	4.18e-19	2.86e-16	3.31e-13	5.49e-11	4.59e-09	1.90e-07	5.45e-06	8.25e-05	8.23e-04	8.71e-03	1.61e-01	4.38e-01	3.91e-01
 4.44721e+22	0.00e+00	0.00e+00	1.47e-31	5.14e-28	1.18e-24	1.10e-21	6.07e-19	4.01e-16	4.51e-13	7.23e-11	5.86e-09	2.35e-07	6.51e-06	9.52e-05	9.18e-04	9.38e-03	1.68e-01	4.41e-01	3.81e-01
 4.46845e+22	0.00e+00	0.00e+00	2.23e-31	7.67e-28	1.72e-24	1.56e-21	8.40e-19	5.39e-16	5.89e-13	9.18e-11	7.22e-09	2.81e-07	7.57e-06	1.08e-04	1.01e-03	1.00e-02	1.73e-01	4.44e-01	3.72e-01
 4.49218e+22	0.00e+00	0.00e+00	3.88e-31	1.29e-27	2.80e-24	2.45e-21	1.27e-18	7.86e-16	8.31e-13	1.25e-10	9.47e-09	3.55e-07	9.22e-06	1.26e-04	1.14e-03	1.09e-02	1.81e-01	4.47e-01	3.60e-01
 4.51716e+22	0.00e+00	0.00e+00	6.36e-31	2.06e-27	4.34e-24	3.68e-21	1.85e-18	1.10e-15	1.13e-12	1.65e-10	1.21e-08	4.38e-07	1.10e-05	1.46e-04	1.27e-03	1.17e-02	1.89e-01	4.49e-01	3.49e-01
 4.54014e+22	0.00e+00	0.00e+00	1.03e-30	3.27e-27	6.67e-24	5.48e-21	2.66e-18	1.54e-15	1.53e-12	2.16e-10	1.54e-08	5.39e-07	1.31e-05	1.68e-04	1.41e-03	1.26e-02	1.96e-01	4.51e-01	3.39e-01
 4.56641e+22	0.00e+00	0.00e+00	1.93e-30	5.90e-27	1.16e-23	9.11e-21	4.24e-18	2.34e-15	2.25e-12	3.05e-10	2.09e-08	7.03e-07	1.64e-05	2.01e-04	1.61e-03	1.38e-02	2.06e-01	4.53e-01	3.26e-01
 4.59186e+22	0.00e+00	0.00e+00	3.09e-30	9.19e-27	1.75e-23	1.34e-20	6.05e-18	3.23e-15	3.02e-12	3.97e-10	2.63e-08	8.57e-07	1.94e-05	2.30e-04	1.78e-03	1.47e-02	2.13e-01	4.54e-01	3.16e-01
 4.61284e+22	0.00e+00	0.00e+00	4.86e-30	1.41e-26	2.61e-23	1.93e-20	8.47e-18	4.38e-15	3.98e-12	5.10e-10	3.28e-08	1.04e-06	2.28e-05	2.62e-04	1.97e-03	1.57e-02	2.21e-01	4.55e-01	3.07e-01
 4.63671e+22	0.00e+00	0.00e+00	8.59e-30	2.41e-26	4.30e-23	3.07e-20	1.29e-17	6.41e-15	5.65e-12	6.98e-10	4.33e-08	1.32e-06	2.79e-05	3.08e-04	2.22e-03	1.71e-02	2.30e-01	4.55e-01	2.95e-01
 4.66118e+22	0.00e+00	0.00e+00	1.39e-29	3.79e-26	6.55e-23	4.53e-20	1.85e-17	8.85e-15	7.59e-12	9.10e-10	5.47e-08	1.62e-06	3.31e-05	3.54e-04	2.46e-03	1.83e-02	2.38e-01	4.55e-01	2.85e-01
 4.68311e+22	0.00e+00	0.00e+00	2.26e-29	5.99e-26	1.00e-22	6.70e-20	2.64e-17	1.22e-14	1.02e-11	1.19e-09	6.93e-08	1.98e-06	3.94e-05	4.06e-04	2.73e-03	1.96e-02	2.47e-01	4.55e-01	2.75e-01
 4.70492e+22	0.00e+00	0.00e+00	3.63e-29	9.38e-26	1.52e-22	9.84e-20	3.75e-17	1.68e-14	1.36e-11	1.54e-09	8.73e-08	2.42e-06	4.66e-05	4.65e-04	3.02e-03	2.09e-02	2.55e-01	4.55e-01	2.66e-01
 4.72601e+22	0.00e+00	0.00e+00	5.73e-29	1.44e-25	2.27e-22	1.42e-19	5.24e-17	2.26e-14	1.80e-11	1.98e-09	1.09e-07	2.94e-06	5.48e-05	5.30e-04	3.33e-03	2.23e-02	2.63e-01	4.54e-01	2.57e-01
 4.74636e+22	0.00e+00	0.00e+00	8.92e-29	2.19e-25	3.34e-22	2.03e-19	7.26e-17	3.03e-14	2.35e-11	2.52e-09	1.35e-07	3.53e-06	6.41e-05	6.02e-04	3.66e-03	2.37e-02	2.71e-01	4.53e-01	2.48e-01
 4.76965e+22	0.00e+00	0.00e+00	1.57e-28	3.73e-25	5.48e-22	3.20e-19	1.10e-16	4.39e-14	3.31e-11	3.44e-09	1.78e-07	4.48e-06	7.83e-05	7.06e-04	4.11e-03	2.56e-02	2.81e-01	4.51e-01	2.37e-01
 4.79330e+22	0.00e+00	0.00e+00	2.56e-28	5.90e-25	8.39e-22	4.73e-19	1.56e-16	6.03e-14	4.44e-11	4.48e-09	2.25e-07	5.49e-06	9.31e-05	8.11e-04	4.56e-03	2.73e-02	2.90e-01	4.49e-01	2.28e-01
 4.81370e+22	0.00e+00	0.00e+00	4.05e-28	9.10e-25	1.25e-21	6.82e-19	2.18e-16	8.11e-14	5.84e-11	5.75e-09	2.81e-07	6.66e-06	1.09e-04	9.24e-04	5.02e-03	2.91e-02	2.99e-01	4.47e-01	2.19e-01
 4.83647e+22	0.00e+00	0.00e+00	7.11e-28	1.54e-24	2.04e-21	1.07e-18	3.27e-16	1.17e-13	8.16e-11	7.79e-09	3.68e-07	8.41e-06	1.33e-04	1.08e-03	5.63e-03	3.13e-02	3.09e-01	4.44e-01	2.09e-01
 4.85925e+22	0.00e+00	0.00e+00	1.13e-27	2.38e-24	3.05e-21	1.54e-18	4.57e-16	1.57e-13	1.08e-10	1.00e-08	4.59e-07	1.02e-05	1.57e-04	1.23e-03	6.19e-03	3.33e-02	3.18e-01	4.41e-01	2.01e-01
 4.87876e+22	0.00e+00	0.00e+00	1.77e-27	3.63e-24	4.50e-21	2.20e-18	6.30e-16	2.09e-13	1.40e-10	1.27e-08	5.69e-07	1.23e-05	1.84e-04	1.40e-03	6.79e-03	3.52e-02	3.26e-01	4.37e-01	1.93e-01
 4.89792e+22	0.00e+00	0.00e+00	2.71e-27	5.43e-24	6.54e-21	3.10e-18	8.58e-16	2.75e-13	1.81e-10	1.60e-08	6.99e-07	1.47e-05	2.14e-04	1.58e-03	7.41e-03	3.72e-02	3.34e-01	4.34e-01	1.85e-01
 4.91991e+22	0.00e+00	1.05e-32	4.69e-27	9.06e-24	1.05e-20	4.77e-18	1.27e-15	3.89e-13	2.50e-10	2.15e-08	9.07e-07	1.84e-05	2.59e-04	1.84e-03	8.27e-03	3.99e-02	3.44e-01	4.29e-01	1.76e-01
 4.94246e+22	0.00e+00	1.75e-32	7.61e-27	1.43e-23	1.59e-20	6.99e-18	1.79e-15	5.27e-13	3.32e-10	2.79e-08	1.14e-06	2.24e-05	3.06e-04	2.10e-03	9.12e-03	4.24e-02	3.53e-01	4.25e-01	1.68e-01
 4.96209e+22	0.00e+00	2.82e-32	1.20e-26	2.18e-23	2.36e-20	9.97e-18	2.46e-15	7.00e-13	4.32e-10	3.55e-08	1.42e-06	2.70e-05	3.58e-04	2.38e-03	9.98e-03	4.48e-02	3.61e-01	4.20e-01	1.61e-01
 4.98065e+22	0.00e+00	4.37e-32	1.81e-26	3.21e-23	3.37e-20	1.38e-17	3.31e-15	9.09e-13	5.51e-10	4.43e-08	1.72e-06	3.20e-05	4.14e-04	2.67e-03	1.08e-02	4.71e-02	3.69e-01	4.16e-01	1.54e-01
 5.00147e+22	0.00e+00	7.65e-32	3.07e-26	5.27e-23	5.32e-20	2.10e-17	4.80e-15	1.26e-12	7.50e-10	5.86e-08	2.22e-06	3.98e-05	4.97e-04	3.09e-03	1.20e-02	5.02e-02	3.78e-01	4.10e-01	1.46e-01
 5.02291e+22	0.00e+00	1.26e-31	4.91e-26	8.18e-23	7.97e-20	3.02e-17	6.66e-15	1.69e-12	9.83e-10	7.51e-08	2.77e-06	4.83e-05	5.85e-04	3.51e-03	1.32e-02	5.30e-02	3.87e-01	4.04e-01	1.39e-01
 5.04186e+22	0.00e+00	1.98e-31	7.56e-26	1.23e-22	1.16e-19	4.25e-17	9.04e-15	2.21e-12	1.27e-09	9.46e-08	3.40e-06	5.76e-05	6.79e-04	3.95e-03	1.43e-02	5.57e-02	3.94e-01	3.99e-01	1.33e-01
 5.06319e+22	0.00e+00	3.55e-31	1.31e-25	2.05e-22	1.86e-19	6.53e-17	1.33e-14	3.10e-12	1.74e-09	1.27e-07	4.40e-06	7.21e-05	8.20e-04	4.59e-03	1.59e-02	5.94e-02	4.03e-01	3.91e-01	1.25e-01
 5.08476e+22	0.00e+00	5.81e-31	2.09e-25	3.17e-22	2.77e-19	9.38e-17	1.84e-14	4.12e-12	2.27e-09	1.62e-07	5.48e-06	8.71e-05	9.62e-04	5.21e-03	1.74e-02	6.26e-02	4.11e-01	3.85e-01	1.19e-01
 5.10342e+22	0.00e+00	9.26e-31	3.25e-25	4.79e-22	4.05e-19	1.32e-16	2.49e-14	5.38e-12	2.93e-09	2.04e-07	6.75e-06	1.04e-04	1.12e-03	5.86e-03	1.89e-02	6.57e-02	4.18e-01	3.78e-01	1.13e-01
 5.12443e+22	0.00e+00	1.67e-30	5.67e-25	8.05e-22	6.52e-19	2.03e-16	3.66e-14	7.53e-12	4.02e-09	2.73e-07	8.75e-06	1.30e-04	1.35e-03	6.81e-03	2.10e-02	6.97e-02	4.26e-01	3.69e-01	1.06e-01
 5.14588e+22	0.00e+00	2.68e-30	8.91e-25	1.23e-21	9.61e-19	2.89e-16	5.01e-14	9.91e-12	5.21e-09	3.46e-07	1.08e-05	1.57e-04	1.58e-03	7.67e-03	2.28e-02	7.32e-02	4.32e-01	3.62e-01	1.00e-01
 5.16483e+22	0.00e+00	4.32e-30	1.40e-24	1.87e-21	1.41e-18	4.09e-16	6.83e-14	1.30e-11	6.73e-09	4.38e-07	1.34e-05	1.88e-04	1.84e-03	8.65e-03	2.48e-02	7.67e-02	4.38e-01	3.55e-01	9.46e-02
 5.18360e+22	0.00e+00	6.94e-30	2.19e-24	2.84e-21	2.07e-18	5.79e-16	9.29e-14	1.70e-11	8.69e-09	5.54e-07	1.65e-05	2.25e-04	2.14e-03	9.73e-03	2.69e-02	8.02e-02	4.44e-01	3.47e-01	8.95e-02
 5.20519e+22	0.00e+00	1.24e-29	3.80e-24	4.75e-21	3.32e-18	8.86e-16	1.36e-13	2.37e-11	1.19e-08	7.38e-07	2.13e-05	2.80e-04	2.57e-03	1.12e-02	2.97e-02	8.47e-02	4.51e-01	3.37e-01	8.34e-02
 5.22754e+22	0.00e+00	2.13e-29	6.34e-24	7.65e-21	5.13e-18	1.31e-15	1.92e-13	3.19e-11	1.58e-08	9.61e-07	2.69e-05	3.43e-04	3.04e-03	1.28e-02	3.25e-02	8.90e-02	4.56e-01	3.28e-01	7.79e-02
 5.24640e+22	0.00e+00	3.31e-29	9.65e-24	1.13e-20	7.34e-18	1.81e-15	2.55e-13	4.09e-11	2.00e-08	1.19e-06	3.27e-05	4.05e-04	3.50e-03	1.43e-02	3.50e-02	9.26e-02	4.60e-01	3.20e-01	7.37e-02
 5.26641e+22	0.00e+00	5.82e-29	1.65e-23	1.86e-20	1.16e-17	2.72e-15	3.66e-13	5.59e-11	2.70e-08	1.57e-06	4.18e-05	5.00e-04	4.17e-03	1.64e-02	3.84e-02	9.72e-02	4.65e-01	3.10e-01	6.84e-02
 5.28665e+22	0.00e+00	9.31e-29	2.57e-23	2.82e-20	1.69e-17	3.82e-15	4.93e-13	7.23e-11	3.46e-08	1.98e-06	5.13e-05	5.97e-04	4.83e-03	1.83e-02	4.14e-02	1.01e-01	4.68e-01	3.02e-01	6.42e-02
 5.30427e+22	0.00e+00	1.44e-28	3.88e-23	4.13e-20	2.40e-17	5.24e-15	6.52e-13	9.21e-11	4.36e-08	2.45e-06	6.20e-05	7.01e-04	5.53e-03	2.03e-02	4.44e-02	1.05e-01	4.70e-01	2.93e-01	6.05e-02
 5.32082e+22	0.00e+00	2.19e-28	5.79e-23	5.98e-20	3.35e-17	7.06e-15	8.46e-13	1.15e-10	5.41e-08	2.99e-06	7.43e-05	8.19e-04	6.30e-03	2.24e-02	4.74e-02	1.08e-01	4.72e-01	2.85e-01	5.71e-02
 5.33613e+22	0.00e+00	3.22e-28	8.36e-23	8.40e-20	4.57e-17	9.31e-15	1.08e-12	1.42e-10	6.62e-08	3.61e-06	8.78e-05	9.45e-04	7.09e-03	2.45e-02	5.04e-02	1.11e-01	4.74e-01	2.78e-01	5.40e-02
 5.35015e+22	0.00e+00	4.64e-28	1.18e-22	1.16e-19	6.10e-17	1.21e-14	1.35e-12	1.72e-10	7.98e-08	4.29e-06	1.03e-04	1.08e-03	7.92e-03	2.67e-02	5.32e-02	1.14e-01	4.74e-01	2.71e-01	5.12e-02
 5.36302e+22	0.00e+00	6.31e-28	1.58e-22	1.52e-19	7.81e-17	1.50e-14	1.64e-12	2.03e-10	9.37e-08	4.98e-06	1.17e-04	1.21e-03	8.70e-03	2.87e-02	5.58e-02	1.17e-01	4.75e-01	2.65e-01	4.89e-02
 5.37748e+22	0.00e+00	9.55e-28	2.34e-22	2.18e-19	1.09e-16	2.02e-14	2.12e-12	2.53e-10	1.16e-07	6.08e-06	1.40e-04	1.41e-03	9.86e-03	3.15e-02	5.93e-02	1.20e-01	4.75e-01	2.57e-01	4.60e-02
 5.39247e+22	0.00e+00	1.39e-27	3.35e-22	3.03e-19	1.46e-16	2.63e-14	2.67e-12	3.07e-10	1.40e-07	7.26e-06	1.64e-04	1.61e-03	1.10e-02	3.43e-02	6.26e-02	1.23e-01	4.74e-01	2.49e-01	4.34e-02
 5.40509e+22	0.00e+00	1.91e-27	4.53e-22	4.01e-19	1.89e-16	3.29e-14	3.24e-12	3.63e-10	1.65e-07	8.45e-06	1.88e-04	1.81e-03	1.21e-02	3.69e-02	6.56e-02	1.26e-01	4.74e-01	2.43e-01	4.12e-02
 5.41843e+22	0.00e+00	2.82e-27	6.55e-22	5.64e-19	2.56e-16	4.33e-14	4.11e-12	4.43e-10	2.01e-07	1.01e-05	2.21e-04	2.08e-03	1.36e-02	4.02e-02	6.93e-02	1.29e-01	4.72e-01	2.35e-01	3.88e-02
 5.43222e+22	0.00e+00	3.93e-27	9.00e-22	7.56e-19	3.34e-16	5.47e-14	5.04e-12	5.27e-10	2.38e-07	1.19e-05	2.55e-04	2.34e-03	1.50e-02	4.32e-02	7.26e-02	1.31e-01	4.70e-01	2.28e-01	3.67e-02
 5.44407e+22	0.00e+00	5.37e-27	1.21e-21	9.93e-19	4.27e-16	6.79e-14	6.07e-12	6.16e-10	2.78e-07	1.37e-05	2.90e-04	2.62e-03	1.65e-02	4.63e-02	7.57e-02	1.34e-01	4.68e-01	2.22e-01	3.48e-02
 5.45510e+22	0.00e+00	7.28e-27	1.62e-21	1.29e-18	5.43e-16	8.38e-14	7.27e-12	7.17e-10	3.24e-07	1.58e-05	3.30e-04	2.91e-03	1.80e-02	4.94e-02	7.89e-02	1.36e-01	4.66e-01	2.15e-01	3.31e-02
 5.46761e+22	0.00e+00	1.06e-26	2.32e-21	1.80e-18	7.31e-16	1.09e-13	9.12e-12	8.66e-10	3.91e-07	1.89e-05	3.86e-04	3.33e-03	2.01e-02	5.36e-02	8.29e-02	1.38e-01	4.63e-01	2.08e-01	3.10e-02
 5.48029e+22	3.29e-33	1.44e-26	3.09e-21	2.35e-18	9.27e-16	1.35e-13	1.09e-11	1.01e-09	4.54e-07	2.18e-05	4.38e-04	3.70e-03	2.19e-02	5.71e-02	8.62e-02	1.40e-01	4.60e-01	2.02e-01	2.94e-02
 5.49320e+22	5.00e-33	2.14e-26	4.52e-21	3.32e-18	1.27e-15	1.77e-13	1.38e-11	1.22e-09	5.52e-07	2.61e-05	5.16e-04	4.25e-03	2.45e-02	6.20e-02	9.06e-02	1.43e-01	4.55e-01	1.93e-01	2.73e-02
 5.50606e+22	7.03e-33	2.97e-26	6.16e-21	4.41e-18	1.63e-15	2.21e-13	1.66e-11	1.43e-09	6.47e-07	3.03e-05	5.89e-04	4.75e-03	2.68e-02	6.63e-02	9.42e-02	1.45e-01	4.50e-01	1.87e-01	2.57e-02
 5.51635e+22	9.37e-33	3.90e-26	8.00e-21	5.60e-18	2.02e-15	2.66e-13	1.95e-11	1.63e-09	7.38e-07	3.44e-05	6.59e-04	5.22e-03	2.90e-02	7.00e-02	9.74e-02	1.46e-01	4.46e-01	1.81e-01	2.44e-02
 5.52723e+22	1.34e-32	5.49e-26	1.11e-20	7.53e-18	2.63e-15	3.34e-13	2.37e-11	1.91e-09	8.69e-07	4.01e-05	7.56e-04	5.86e-03	3.18e-02	7.49e-02	1.01e-01	1.48e-01	4.41e-01	1.74e-01	2.29e-02
 5.53843e+22	1.80e-32	7.27e-26	1.45e-20	9.62e-18	3.27e-15	4.05e-13	2.79e-11	2.19e-09	9.96e-07	4.56e-05	8.47e-04	6.45e-03	3.44e-02	7.92e-02	1.05e-01	1.49e-01	4.36e-01	1.68e-01	2.16e-02
 5.55004e+22	2.69e-32	1.07e-25	2.08e-20	1.34e-17	4.40e-15	5.23e-13	3.45e-11	2.60e-09	1.19e-06	5.41e-05	9.88e-04	7.33e-03	3.81e-02	8.53e-02	1.09e-01	1.50e-01	4.29e-01	1.60e-01	2.00e-02
 5.56143e+22	3.60e-32	1.41e-25	2.71e-20	1.70e-17	5.44e-15	6.29e-13	4.04e-11	2.96e-09	1.36e-06	6.12e-05	1.10e-03	8.03e-03	4.10e-02	8.98e-02	1.12e-01	1.51e-01	4.23e-01	1.55e-01	1.89e-02
 5.57253e+22	5.41e-32	2.08e-25	3.94e-20	2.38e-17	7.32e-15	8.12e-13	4.98e-11	3.51e-09	1.63e-06	7.26e-05	1.28e-03	9.13e-03	4.55e-02	9.66e-02	1.17e-01	1.52e-01	4.14e-01	1.47e-01	1.74e-02
 5.58347e+22	7.18e-32	2.72e-25	5.09e-20	3.01e-17	9.00e-15	9.71e-13	5.78e-11	3.96e-09	1.84e-06	8.18e-05	1.43e-03	9.97e-03	4.88e-02	1.01e-01	1.20e-01	1.53e-01	4.08e-01	1.42e-01	1.64e-02
 5.59420e+22	1.05e-31	3.90e-25	7.17e-20	4.10e-17	1.18e-14	1.23e-12	7.03e-11	4.63e-09	2.17e-06	9.57e-05	1.64e-03	1.12e-02	5.35e-02	1.08e-01	1.24e-01	1.53e-01	3.99e-01	1.35e-01	1.51e-02
 5.60532e+22	1.45e-31	5.32e-25	9.65e-20	5.36e-17	1.50e-14	1.50e-12	8.30e-11	5.29e-09	2.50e-06	1.09e-04	1.85e-03	1.24e-02	5.79e-02	1.14e-01	1.27e-01	1.53e-01	3.91e-01	1.29e-01	1.41e-02
 5.61499e+22	1.93e-31	7.00e-25	1.25e-19	6.78e-17	1.84e-14	1.80e-12	9.62e-11	5.95e-09	2.83e-06	1.23e-04	2.05e-03	1.35e-02	6.20e-02	1.19e-01	1.30e-01	1.53e-01	3.83e-01	1.23e-01	1.32e-02
 5.62558e+22	2.90e-31	1.03e-24	1.82e-19	9.46e-17	2.46e-14	2.30e-12	1.17e-10	6.96e-09	3.36e-06	1.45e-04	2.38e-03	1.52e-02	6.82e-02	1.27e-01	1.34e-01	1.52e-01	3.72e-01	1.16e-01	1.21e-02
 5.63604e+22	3.84e-31	1.35e-24	2.34e-19	1.19e-16	3.01e-14	2.73e-12	1.35e-10	7.79e-09	3.78e-06	1.62e-04	2.63e-03	1.65e-02	7.27e-02	1.33e-01	1.37e-01	1.52e-01	3.64e-01	1.11e-01	1.13e-02
 5.64632e+22	5.70e-31	1.97e-24	3.36e-19	1.64e-16	3.99e-14	3.46e-12	1.64e-10	9.03e-09	4.45e-06	1.90e-04	3.02e-03	1.85e-02	7.95e-02	1.41e-01	1.41e-01	1.51e-01	3.52e-01	1.04e-01	1.03e-02
 5.65642e+22	7.47e-31	2.55e-24	4.30e-19	2.05e-16	4.84e-14	4.08e-12	1.87e-10	1.00e-08	4.98e-06	2.11e-04	3.32e-03	2.00e-02	8.43e-02	1.47e-01	1.43e-01	1.50e-01	3.44e-01	9.94e-02	9.60e-03
 5.66629e+22	1.11e-30	3.72e-24	6.17e-19	2.82e-16	6.39e-14	5.14e-12	2.25e-10	1.16e-08	5.83e-06	2.46e-04	3.80e-03	2.23e-02	9.19e-02	1.55e-01	1.46e-01	1.48e-01	3.31e-01	9.27e-02	8.68e-03
 5.67609e+22	1.45e-30	4.82e-24	7.91e-19	3.52e-16	7.75e-14	6.05e-12	2.57e-10	1.28e-08	6.51e-06	2.74e-04	4.17e-03	2.40e-02	9.73e-02	1.61e-01	1.48e-01	1.47e-01	3.22e-01	8.83e-02	8.09e-03
 5.68583e+22	2.15e-30	7.03e-24	1.13e-18	4.84e-16	1.02e-13	7.61e-12	3.08e-10	1.47e-08	7.59e-06	3.17e-04	4.76e-03	2.67e-02	1.06e-01	1.69e-01	1.51e-01	1.45e-01	3.09e-01	8.20e-02	7.28e-03
 5.69563e+22	2.87e-30	9.25e-24	1.47e-18	6.10e-16	1.25e-13	9.01e-12	3.53e-10	1.63e-08	8.50e-06	3.54e-04	5.23e-03	2.89e-02	1.12e-01	1.75e-01	1.52e-01	1.43e-01	2.99e-01	7.76e-02	6.73e-03
 5.70553e+22	4.30e-30	1.36e-23	2.13e-18	8.45e-16	1.65e-13	1.14e-11	4.23e-10	1.87e-08	9.90e-06	4.10e-04	5.96e-03	3.20e-02	1.21e-01	1.83e-01	1.54e-01	1.40e-01	2.85e-01	7.15e-02	6.01e-03
 5.71553e+22	5.79e-30	1.81e-23	2.79e-18	1.07e-15	2.03e-13	1.35e-11	4.86e-10	2.08e-08	1.11e-05	4.58e-04	6.56e-03	3.46e-02	1.28e-01	1.90e-01	1.56e-01	1.37e-01	2.75e-01	6.73e-02	5.52e-03
 5.72565e+22	8.66e-30	2.66e-23	4.03e-18	1.48e-15	2.68e-13	1.70e-11	5.82e-10	2.38e-08	1.29e-05	5.28e-04	7.44e-03	3.82e-02	1.38e-01	1.98e-01	1.57e-01	1.34e-01	2.61e-01	6.17e-02	4.90e-03
 5.73567e+22	1.17e-29	3.55e-23	5.31e-18	1.89e-15	3.30e-13	2.02e-11	6.67e-10	2.63e-08	1.44e-05	5.88e-04	8.16e-03	4.11e-02	1.45e-01	2.04e-01	1.57e-01	1.31e-01	2.50e-01	5.77e-02	4.47e-03
 5.74557e+22	1.75e-29	5.20e-23	7.65e-18	2.60e-15	4.34e-13	2.53e-11	7.95e-10	3.00e-08	1.66e-05	6.75e-04	9.20e-03	4.51e-02	1.56e-01	2.11e-01	1.58e-01	1.27e-01	2.36e-01	5.27e-02	3.95e-03
 5.75563e+22	2.40e-29	7.04e-23	1.02e-17	3.35e-15	5.38e-13	3.03e-11	9.15e-10	3.33e-08	1.86e-05	7.52e-04	1.01e-02	4.86e-02	1.64e-01	2.17e-01	1.58e-01	1.24e-01	2.25e-01	4.89e-02	3.57e-03
 5.76590e+22	3.63e-29	1.05e-22	1.49e-17	4.67e-15	7.15e-13	3.83e-11	1.10e-09	3.81e-08	2.15e-05	8.63e-04	1.14e-02	5.33e-02	1.75e-01	2.24e-01	1.58e-01	1.19e-01	2.11e-01	4.42e-02	3.12e-03
 5.77628e+22	5.03e-29	1.43e-22	2.01e-17	6.05e-15	8.92e-13	4.60e-11	1.26e-09	4.24e-08	2.40e-05	9.60e-04	1.25e-02	5.72e-02	1.84e-01	2.30e-01	1.57e-01	1.16e-01	2.00e-01	4.08e-02	2.79e-03
 5.78679e+22	7.71e-29	2.15e-22	2.96e-17	8.50e-15	1.19e-12	5.83e-11	1.52e-09	4.86e-08	2.76e-05	1.10e-03	1.40e-02	6.25e-02	1.95e-01	2.36e-01	1.56e-01	1.11e-01	1.86e-01	3.65e-02	2.42e-03
 5.79737e+22	1.07e-28	2.94e-22	3.99e-17	1.10e-14	1.49e-12	7.00e-11	1.75e-09	5.40e-08	3.08e-05	1.22e-03	1.53e-02	6.68e-02	2.04e-01	2.40e-01	1.54e-01	1.07e-01	1.75e-01	3.35e-02	2.16e-03
 5.80650e+22	1.47e-28	4.00e-22	5.34e-17	1.42e-14	1.85e-12	8.37e-11	2.02e-09	5.98e-08	3.41e-05	1.35e-03	1.66e-02	7.11e-02	2.13e-01	2.44e-01	1.53e-01	1.03e-01	1.65e-01	3.07e-02	1.92e-03
 5.81687e+22	2.23e-28	5.93e-22	7.76e-17	1.97e-14	2.44e-12	1.05e-10	2.41e-09	6.83e-08	3.89e-05	1.52e-03	1.84e-02	7.69e-02	2.24e-01	2.49e-01	1.50e-01	9.79e-02	1.53e-01	2.74e-02	1.66e-03
 5.82723e+22	3.05e-28	8.02e-22	1.03e-16	2.53e-14	3.02e-12	1.26e-10	2.77e-09	7.57e-08	4.29e-05	1.67e-03	1.99e-02	8.15e-02	2.32e-01	2.52e-01	1.48e-01	9.40e-02	1.44e-01	2.51e-02	1.47e-03
 5.83758e+22	4.57e-28	1.18e-21	1.49e-16	3.47e-14	3.96e-12	1.57e-10	3.30e-09	8.63e-08	4.85e-05	1.88e-03	2.20e-02	8.75e-02	2.43e-01	2.55e-01	1.45e-01	8.91e-02	1.33e-01	2.23e-02	1.27e-03
 5.84812e+22	6.31e-28	1.60e-21	1.99e-16	4.47e-14	4.92e-12	1.88e-10	3.80e-09	9.59e-08	5.34e-05	2.06e-03	2.37e-02	9.24e-02	2.51e-01	2.57e-01	1.42e-01	8.53e-02	1.24e-01	2.03e-02	1.12e-03
 5.85890e+22	9.59e-28	2.39e-21	2.91e-16	6.22e-14	6.52e-12	2.38e-10	4.56e-09	1.10e-07	6.05e-05	2.31e-03	2.60e-02	9.90e-02	2.61e-01	2.60e-01	1.39e-01	8.03e-02	1.14e-01	1.79e-02	9.52e-04
 5.86978e+22	1.31e-27	3.21e-21	3.85e-16	7.94e-14	8.04e-12	2.84e-10	5.24e-09	1.22e-07	6.63e-05	2.51e-03	2.79e-02	1.04e-01	2.69e-01	2.61e-01	1.36e-01	7.67e-02	1.06e-01	1.63e-02	8.43e-04
 5.88082e+22	1.98e-27	4.76e-21	5.59e-16	1.10e-13	1.06e-11	3.58e-10	6.30e-09	1.40e-07	7.48e-05	2.81e-03	3.05e-02	1.11e-01	2.79e-01	2.61e-01	1.32e-01	7.20e-02	9.71e-02	1.43e-02	7.14e-04
 5.89214e+22	2.72e-27	6.44e-21	7.44e-16	1.41e-13	1.32e-11	4.29e-10	7.28e-09	1.57e-07	8.21e-05	3.06e-03	3.27e-02	1.16e-01	2.86e-01	2.62e-01	1.28e-01	6.85e-02	9.03e-02	1.29e-02	6.27e-04
 5.90383e+22	4.12e-27	9.57e-21	1.08e-15	1.95e-13	1.75e-11	5.43e-10	8.79e-09	1.81e-07	9.25e-05	3.41e-03	3.56e-02	1.23e-01	2.95e-01	2.61e-01	1.24e-01	6.40e-02	8.20e-02	1.13e-02	5.28e-04
 5.91574e+22	5.70e-27	1.30e-20	1.44e-15	2.52e-13	2.17e-11	6.53e-10	1.02e-08	2.03e-07	1.02e-04	3.70e-03	3.80e-02	1.29e-01	3.01e-01	2.60e-01	1.20e-01	6.06e-02	7.60e-02	1.02e-02	4.61e-04
 5.92794e+22	8.65e-27	1.93e-20	2.10e-15	3.48e-13	2.88e-11	8.28e-10	1.23e-08	2.35e-07	1.14e-04	4.12e-03	4.13e-02	1.36e-01	3.09e-01	2.59e-01	1.15e-01	5.64e-02	6.87e-02	8.84e-03	3.86e-04
 5.94023e+22	1.19e-26	2.61e-20	2.78e-15	4.46e-13	3.57e-11	9.93e-10	1.43e-08	2.63e-07	1.25e-04	4.46e-03	4.39e-02	1.42e-01	3.15e-01	2.57e-01	1.12e-01	5.33e-02	6.35e-02	7.94e-03	3.37e-04
 5.95263e+22	1.78e-26	3.82e-20	3.98e-15	6.11e-13	4.69e-11	1.25e-09	1.72e-08	3.05e-07	1.40e-04	4.93e-03	4.74e-02	1.50e-01	3.22e-01	2.55e-01	1.07e-01	4.95e-02	5.74e-02	6.91e-03	2.82e-04
 5.96535e+22	2.45e-26	5.18e-20	5.29e-15	7.85e-13	5.84e-11	1.51e-09	2.00e-08	3.43e-07	1.54e-04	5.33e-03	5.04e-02	1.56e-01	3.27e-01	2.52e-01	1.03e-01	4.66e-02	5.28e-02	6.17e-03	2.45e-04
 5.97640e+22	3.30e-26	6.84e-20	6.87e-15	9.88e-13	7.13e-11	1.79e-09	2.30e-08	3.82e-07	1.67e-04	5.73e-03	5.32e-02	1.61e-01	3.32e-01	2.50e-01	9.98e-02	4.41e-02	4.89e-02	5.56e-03	2.15e-04
 5.98869e+22	4.81e-26	9.76e-20	9.59e-15	1.32e-12	9.21e-11	2.22e-09	2.75e-08	4.40e-07	1.87e-04	6.28e-03	5.69e-02	1.68e-01	3.37e-01	2.46e-01	9.54e-02	4.09e-02	4.43e-02	4.85e-03	1.81e-04
 6.00109e+22	6.44e-26	1.29e-19	1.24e-14	1.66e-12	1.12e-10	2.64e-09	3.16e-08	4.91e-07	2.03e-04	6.74e-03	6.00e-02	1.74e-01	3.41e-01	2.43e-01	9.19e-02	3.86e-02	4.09e-02	4.36e-03	1.58e-04
 6.01365e+22	9.37e-26	1.83e-19	1.73e-14	2.22e-12	1.45e-10	3.28e-09	3.78e-08	5.65e-07	2.26e-04	7.37e-03	6.40e-02	1.81e-01	3.45e-01	2.38e-01	8.75e-02	3.58e-02	3.69e-02	3.79e-03	1.33e-04
 6.02642e+22	1.25e-25	2.40e-19	2.22e-14	2.78e-12	1.76e-10	3.88e-09	4.34e-08	6.30e-07	2.45e-04	7.90e-03	6.73e-02	1.86e-01	3.48e-01	2.35e-01	8.42e-02	3.37e-02	3.41e-02	3.41e-03	1.16e-04
 6.03763e+22	1.66e-25	3.13e-19	2.84e-14	3.45e-12	2.13e-10	4.57e-09	4.97e-08	7.02e-07	2.66e-04	8.44e-03	7.06e-02	1.92e-01	3.50e-01	2.31e-01	8.10e-02	3.17e-02	3.15e-02	3.06e-03	1.01e-04
 6.05041e+22	2.40e-25	4.42e-19	3.92e-14	4.59e-12	2.74e-10	5.67e-09	5.93e-08	8.08e-07	2.96e-04	9.19e-03	7.51e-02	1.99e-01	3.53e-01	2.26e-01	7.68e-02	2.93e-02	2.83e-02	2.66e-03	8.50e-05
 6.06310e+22	3.10e-25	5.63e-19	4.92e-14	5.61e-12	3.27e-10	6.60e-09	6.73e-08	8.94e-07	3.19e-04	9.78e-03	7.84e-02	2.04e-01	3.55e-01	2.22e-01	7.39e-02	2.77e-02	2.62e-02	2.40e-03	7.49e-05
 6.07569e+22	4.41e-25	7.82e-19	6.67e-14	7.34e-12	4.14e-10	8.10e-09	7.97e-08	1.02e-06	3.53e-04	1.06e-02	8.29e-02	2.11e-01	3.57e-01	2.17e-01	7.01e-02	2.56e-02	2.37e-02	2.09e-03	6.31e-05
 6.08851e+22	5.74e-25	1.00e-18	8.38e-14	9.00e-12	4.96e-10	9.47e-09	9.08e-08	1.14e-06	3.82e-04	1.13e-02	8.66e-02	2.16e-01	3.58e-01	2.13e-01	6.72e-02	2.41e-02	2.19e-02	1.88e-03	5.53e-05
 6.10166e+22	8.16e-25	1.39e-18	1.14e-13	1.18e-11	6.30e-10	1.16e-08	1.08e-07	1.30e-06	4.23e-04	1.22e-02	9.15e-02	2.22e-01	3.59e-01	2.07e-01	6.35e-02	2.22e-02	1.96e-02	1.63e-03	4.64e-05
 6.11505e+22	1.07e-24	1.79e-18	1.44e-13	1.45e-11	7.56e-10	1.37e-08	1.23e-07	1.45e-06	4.58e-04	1.30e-02	9.54e-02	2.27e-01	3.60e-01	2.03e-01	6.08e-02	2.09e-02	1.81e-02	1.46e-03	4.05e-05
 6.12877e+22	1.52e-24	2.49e-18	1.95e-13	1.90e-11	9.63e-10	1.68e-08	1.47e-07	1.67e-06	5.09e-04	1.41e-02	1.01e-01	2.34e-01	3.60e-01	1.97e-01	5.72e-02	1.92e-02	1.62e-02	1.26e-03	3.37e-05
 6.14274e+22	2.00e-24	3.21e-18	2.46e-13	2.34e-11	1.16e-09	1.98e-08	1.68e-07	1.86e-06	5.52e-04	1.50e-02	1.05e-01	2.39e-01	3.60e-01	1.92e-01	5.46e-02	1.79e-02	1.49e-02	1.13e-03	2.93e-05
 6.15703e+22	2.86e-24	4.48e-18	3.35e-13	3.08e-11	1.48e-09	2.44e-08	2.00e-07	2.14e-06	6.13e-04	1.63e-02	1.11e-01	2.46e-01	3.59e-01	1.86e-01	5.12e-02	1.64e-02	1.32e-02	9.70e-04	2.43e-05
 6.17100e+22	3.64e-24	5.60e-18	4.12e-13	3.71e-11	1.74e-09	2.82e-08	2.26e-07	2.37e-06	6.60e-04	1.72e-02	1.15e-01	2.50e-01	3.58e-01	1.81e-01	4.90e-02	1.55e-02	1.23e-02	8.76e-04	2.14e-05
 6.18455e+22	5.10e-24	7.67e-18	5.50e-13	4.80e-11	2.19e-09	3.45e-08	2.67e-07	2.71e-06	7.29e-04	1.85e-02	1.21e-01	2.56e-01	3.57e-01	1.75e-01	4.60e-02	1.42e-02	1.10e-02	7.57e-04	1.79e-05
 6.19830e+22	6.50e-24	9.61e-18	6.77e-13	5.78e-11	2.59e-09	3.98e-08	3.01e-07	2.99e-06	7.86e-04	1.96e-02	1.25e-01	2.60e-01	3.56e-01	1.71e-01	4.39e-02	1.33e-02	1.01e-02	6.81e-04	1.57e-05
 6.21231e+22	9.03e-24	1.30e-17	8.96e-13	7.43e-11	3.23e-09	4.84e-08	3.55e-07	3.41e-06	8.67e-04	2.11e-02	1.31e-01	2.66e-01	3.54e-01	1.65e-01	4.12e-02	1.22e-02	9.05e-03	5.89e-04	1.31e-05
 6.22675e+22	1.18e-23	1.67e-17	1.12e-12	9.10e-11	3.87e-09	5.67e-08	4.05e-07	3.80e-06	9.39e-04	2.23e-02	1.36e-01	2.70e-01	3.51e-01	1.60e-01	3.91e-02	1.14e-02	8.26e-03	5.23e-04	1.13e-05
 6.24175e+22	1.64e-23	2.27e-17	1.49e-12	1.17e-10	4.86e-09	6.91e-08	4.79e-07	4.35e-06	1.04e-03	2.40e-02	1.42e-01	2.76e-01	3.48e-01	1.54e-01	3.65e-02	1.04e-02	7.37e-03	4.51e-04	9.45e-06
 6.25723e+22	2.18e-23	2.94e-17	1.89e-12	1.45e-10	5.88e-09	8.17e-08	5.51e-07	4.88e-06	1.13e-03	2.56e-02	1.48e-01	2.80e-01	3.46e-01	1.48e-01	3.44e-02	9.62e-03	6.68e-03	3.97e-04	8.08e-06
 6.27333e+22	3.08e-23	4.05e-17	2.53e-12	1.89e-10	7.44e-09	1.00e-07	6.55e-07	5.62e-06	1.26e-03	2.76e-02	1.55e-01	2.85e-01	3.42e-01	1.42e-01	3.20e-02	8.73e-03	5.91e-03	3.39e-04	6.66e-06
 6.28985e+22	4.11e-23	5.29e-17	3.23e-12	2.35e-10	9.05e-09	1.19e-07	7.57e-07	6.33e-06	1.37e-03	2.94e-02	1.61e-01	2.90e-01	3.38e-01	1.37e-01	3.01e-02	8.04e-03	5.33e-03	2.97e-04	5.65e-06
 6.30691e+22	5.87e-23	7.36e-17	4.37e-12	3.08e-10	1.15e-08	1.47e-07	9.05e-07	7.32e-06	1.53e-03	3.17e-02	1.69e-01	2.95e-01	3.33e-01	1.30e-01	2.78e-02	7.26e-03	4.69e-03	2.51e-04	4.61e-06
 6.32452e+22	7.94e-23	9.71e-17	5.62e-12	3.87e-10	1.41e-08	1.76e-07	1.05e-06	8.28e-06	1.67e-03	3.39e-02	1.75e-01	2.98e-01	3.29e-01	1.25e-01	2.59e-02	6.65e-03	4.20e-03	2.18e-04	3.88e-06
 6.34282e+22	1.15e-22	1.37e-16	7.68e-12	5.12e-10	1.82e-08	2.20e-07	1.27e-06	9.64e-06	1.87e-03	3.67e-02	1.83e-01	3.03e-01	3.23e-01	1.19e-01	2.38e-02	5.96e-03	3.66e-03	1.83e-04	3.12e-06
 6.36174e+22	1.58e-22	1.83e-16	1.00e-11	6.51e-10	2.25e-08	2.65e-07	1.48e-06	1.10e-05	2.06e-03	3.92e-02	1.91e-01	3.07e-01	3.18e-01	1.13e-01	2.21e-02	5.41e-03	3.25e-03	1.57e-04	2.59e-06
 6.37887e+22	2.15e-22	2.42e-16	1.29e-11	8.20e-10	2.77e-08	3.17e-07	1.73e-06	1.24e-05	2.26e-03	4.18e-02	1.98e-01	3.10e-01	3.12e-01	1.08e-01	2.05e-02	4.93e-03	2.89e-03	1.35e-04	2.16e-06
