#depth	H	H+	H2
 1.54284e+22	1.22e-05	1.00e+00	3.54e-28
 3.47351e+22	1.72e-05	1.00e+00	1.48e-27
 4.05527e+22	2.02e-05	1.00e+00	2.96e-27
 4.34615e+22	2.18e-05	1.00e+00	4.12e-27
 4.49431e+22	2.28e-05	1.00e+00	4.97e-27
 4.61209e+22	2.40e-05	1.00e+00	6.26e-27
 4.73633e+22	2.51e-05	1.00e+00	7.64e-27
 4.86896e+22	2.66e-05	1.00e+00	9.82e-27
 5.00540e+22	2.79e-05	1.00e+00	1.22e-26
 5.12832e+22	2.93e-05	1.00e+00	1.51e-26
 5.26961e+22	3.11e-05	1.00e+00	1.96e-26
 5.41410e+22	3.27e-05	1.00e+00	2.45e-26
 5.54329e+22	3.43e-05	1.00e+00	2.96e-26
 5.69176e+22	3.65e-05	1.00e+00	3.90e-26
 5.84296e+22	3.84e-05	1.00e+00	4.89e-26
 5.99770e+22	4.09e-05	1.00e+00	6.51e-26
 6.15511e+22	4.31e-05	1.00e+00	8.21e-26
 6.29073e+22	4.52e-05	1.00e+00	1.02e-25
 6.44179e+22	4.81e-05	1.00e+00	1.34e-25
 6.59688e+22	5.06e-05	1.00e+00	1.69e-25
 6.72557e+22	5.28e-05	1.00e+00	2.05e-25
 6.86121e+22	5.56e-05	1.00e+00	2.60e-25
 7.00171e+22	5.83e-05	1.00e+00	3.20e-25
 7.12808e+22	6.09e-05	1.00e+00	3.91e-25
 7.27192e+22	6.44e-05	1.00e+00	5.03e-25
 7.42117e+22	6.77e-05	1.00e+00	6.30e-25
 7.55414e+22	7.09e-05	1.00e+00	7.75e-25
 7.70370e+22	7.50e-05	1.00e+00	1.00e-24
 7.85978e+22	7.91e-05	1.00e+00	1.27e-24
 8.00027e+22	8.29e-05	1.00e+00	1.58e-24
 8.15884e+22	8.80e-05	1.00e+00	2.08e-24
 8.32290e+22	9.29e-05	1.00e+00	2.65e-24
 8.46928e+22	9.76e-05	1.00e+00	3.31e-24
 8.63476e+22	1.04e-04	1.00e+00	4.41e-24
 8.80700e+22	1.10e-04	1.00e+00	5.68e-24
 8.96215e+22	1.16e-04	1.00e+00	7.22e-24
 9.13800e+22	1.24e-04	1.00e+00	9.82e-24
 9.31886e+22	1.31e-04	1.00e+00	1.27e-23
 9.48131e+22	1.38e-04	1.00e+00	1.64e-23
 9.66755e+22	1.48e-04	1.00e+00	2.28e-23
 9.85575e+22	1.57e-04	1.00e+00	2.98e-23
 1.00465e+23	1.69e-04	1.00e+00	4.17e-23
 1.02404e+23	1.79e-04	1.00e+00	5.50e-23
 1.04123e+23	1.90e-04	1.00e+00	7.26e-23
 1.06099e+23	2.05e-04	1.00e+00	1.04e-22
 1.08102e+23	2.17e-04	1.00e+00	1.39e-22
 1.10138e+23	2.35e-04	1.00e+00	2.04e-22
 1.12202e+23	2.50e-04	1.00e+00	2.77e-22
 1.14301e+23	2.70e-04	1.00e+00	4.14e-22
 1.16427e+23	2.88e-04	1.00e+00	5.72e-22
 1.18279e+23	3.06e-04	1.00e+00	7.82e-22
 1.20054e+23	3.24e-04	1.00e+00	1.06e-21
 1.21751e+23	3.42e-04	1.00e+00	1.41e-21
 1.23664e+23	3.67e-04	1.00e+00	2.03e-21
 1.25569e+23	3.88e-04	1.00e+00	2.74e-21
 1.27462e+23	4.16e-04	1.00e+00	3.96e-21
 1.29395e+23	4.41e-04	1.00e+00	5.47e-21
 1.31378e+23	4.74e-04	1.00e+00	8.04e-21
 1.33383e+23	5.02e-04	9.99e-01	1.13e-20
 1.35416e+23	5.42e-04	9.99e-01	1.71e-20
 1.37449e+23	5.73e-04	9.99e-01	2.35e-20
 1.39085e+23	6.03e-04	9.99e-01	3.07e-20
 1.40813e+23	6.40e-04	9.99e-01	4.26e-20
 1.42565e+23	6.73e-04	9.99e-01	5.67e-20
 1.44108e+23	7.07e-04	9.99e-01	7.40e-20
 1.45875e+23	7.51e-04	9.99e-01	1.06e-19
 1.47665e+23	7.91e-04	9.99e-01	1.45e-19
 1.49239e+23	8.31e-04	9.99e-01	1.93e-19
 1.51040e+23	8.84e-04	9.99e-01	2.89e-19
 1.52869e+23	9.31e-04	9.99e-01	4.13e-19
 1.54480e+23	9.79e-04	9.99e-01	5.70e-19
 1.56319e+23	1.04e-03	9.99e-01	9.16e-19
 1.58186e+23	1.10e-03	9.99e-01	1.44e-18
 1.59837e+23	1.16e-03	9.99e-01	2.16e-18
 1.61733e+23	1.23e-03	9.99e-01	4.10e-18
 1.63660e+23	1.30e-03	9.99e-01	8.03e-18
 1.65627e+23	1.39e-03	9.99e-01	1.85e-17
 1.67618e+23	1.46e-03	9.99e-01	6.42e-17
 1.69638e+23	1.56e-03	9.98e-01	1.33e-16
 1.71695e+23	1.65e-03	9.98e-01	2.74e-16
 1.73799e+23	1.77e-03	9.98e-01	4.29e-16
 1.75940e+23	1.88e-03	9.98e-01	6.59e-16
 1.77842e+23	1.98e-03	9.98e-01	8.83e-16
 1.80029e+23	2.13e-03	9.98e-01	1.39e-15
 1.81940e+23	2.21e-03	9.98e-01	1.79e-15
 1.83492e+23	2.33e-03	9.98e-01	2.24e-15
 1.85094e+23	2.43e-03	9.98e-01	2.69e-15
 1.86760e+23	2.55e-03	9.97e-01	3.33e-15
 1.88486e+23	2.67e-03	9.97e-01	3.99e-15
 1.90045e+23	2.79e-03	9.97e-01	4.75e-15
 1.91825e+23	2.95e-03	9.97e-01	5.91e-15
 1.93609e+23	3.08e-03	9.97e-01	6.99e-15
 1.95401e+23	3.26e-03	9.97e-01	8.69e-15
 1.97212e+23	3.40e-03	9.97e-01	1.03e-14
 1.99049e+23	3.60e-03	9.96e-01	1.28e-14
 2.00937e+23	3.77e-03	9.96e-01	1.53e-14
 2.02890e+23	4.01e-03	9.96e-01	1.94e-14
 2.04855e+23	4.19e-03	9.96e-01	2.31e-14
 2.06834e+23	4.45e-03	9.96e-01	2.91e-14
 2.08883e+23	4.68e-03	9.95e-01	3.55e-14
 2.11020e+23	5.00e-03	9.95e-01	4.60e-14
 2.13141e+23	5.25e-03	9.95e-01	5.60e-14
 2.15241e+23	5.60e-03	9.94e-01	7.22e-14
 2.17358e+23	5.89e-03	9.94e-01	8.82e-14
 2.19495e+23	6.30e-03	9.94e-01	1.15e-13
 2.21630e+23	6.63e-03	9.93e-01	1.41e-13
 2.23762e+23	7.13e-03	9.93e-01	1.85e-13
 2.25891e+23	7.52e-03	9.92e-01	2.27e-13
 2.28015e+23	8.12e-03	9.92e-01	3.02e-13
 2.30129e+23	8.60e-03	9.91e-01	3.75e-13
 2.32230e+23	9.32e-03	9.91e-01	5.01e-13
 2.34335e+23	9.94e-03	9.90e-01	6.33e-13
 2.36444e+23	1.09e-02	9.89e-01	8.62e-13
 2.38557e+23	1.17e-02	9.88e-01	1.11e-12
 2.40675e+23	1.29e-02	9.87e-01	1.55e-12
 2.42807e+23	1.41e-02	9.86e-01	2.07e-12
 2.44665e+23	1.55e-02	9.84e-01	2.78e-12
 2.46786e+23	1.76e-02	9.82e-01	4.08e-12
 2.48923e+23	1.98e-02	9.80e-01	5.77e-12
 2.50547e+23	2.18e-02	9.78e-01	7.61e-12
 2.52126e+23	2.45e-02	9.75e-01	1.07e-11
 2.53811e+23	2.80e-02	9.72e-01	1.52e-11
 2.55357e+23	3.20e-02	9.68e-01	2.18e-11
 2.56833e+23	3.70e-02	9.63e-01	3.15e-11
 2.58240e+23	4.32e-02	9.57e-01	4.64e-11
 2.59551e+23	5.05e-02	9.49e-01	6.79e-11
 2.60771e+23	5.99e-02	9.40e-01	1.02e-10
 2.61901e+23	7.10e-02	9.29e-01	1.50e-10
 2.62940e+23	8.48e-02	9.15e-01	2.25e-10
 2.63884e+23	1.01e-01	8.99e-01	3.32e-10
 2.64714e+23	1.20e-01	8.80e-01	4.81e-10
 2.65450e+23	1.41e-01	8.59e-01	6.76e-10
 2.66123e+23	1.65e-01	8.35e-01	9.44e-10
 2.66742e+23	1.91e-01	8.09e-01	1.27e-09
 2.67316e+23	2.20e-01	7.80e-01	1.70e-09
 2.67855e+23	2.53e-01	7.47e-01	2.25e-09
 2.68349e+23	2.86e-01	7.14e-01	2.88e-09
 2.68803e+23	3.21e-01	6.79e-01	3.59e-09
 2.69210e+23	3.54e-01	6.46e-01	4.34e-09
 2.69560e+23	3.84e-01	6.16e-01	5.05e-09
 2.69830e+23	4.08e-01	5.92e-01	5.63e-09
 2.70040e+23	4.26e-01	5.74e-01	6.11e-09
 2.70263e+23	4.47e-01	5.53e-01	6.68e-09
 2.70517e+23	4.70e-01	5.30e-01	7.33e-09
 2.70790e+23	4.95e-01	5.05e-01	8.05e-09
 2.71062e+23	5.18e-01	4.82e-01	8.69e-09
 2.71311e+23	5.39e-01	4.61e-01	9.31e-09
 2.71498e+23	5.55e-01	4.45e-01	9.75e-09
 2.71627e+23	5.65e-01	4.35e-01	1.00e-08
 2.71761e+23	5.76e-01	4.24e-01	1.04e-08
 2.71919e+23	5.87e-01	4.13e-01	1.07e-08
 2.72097e+23	6.00e-01	4.00e-01	1.11e-08
 2.72276e+23	6.13e-01	3.87e-01	1.15e-08
 2.72444e+23	6.25e-01	3.75e-01	1.19e-08
 2.72611e+23	6.36e-01	3.64e-01	1.22e-08
 2.72785e+23	6.47e-01	3.53e-01	1.26e-08
 2.72967e+23	6.59e-01	3.41e-01	1.29e-08
 2.73156e+23	6.70e-01	3.30e-01	1.32e-08
 2.73349e+23	6.81e-01	3.19e-01	1.36e-08
 2.73543e+23	6.92e-01	3.08e-01	1.39e-08
 2.73742e+23	7.02e-01	2.98e-01	1.42e-08
 2.73949e+23	7.12e-01	2.88e-01	1.45e-08
 2.74165e+23	7.23e-01	2.77e-01	1.48e-08
 2.74382e+23	7.32e-01	2.68e-01	1.51e-08
 2.74606e+23	7.42e-01	2.58e-01	1.54e-08
 2.74842e+23	7.52e-01	2.48e-01	1.57e-08
 2.75080e+23	7.61e-01	2.39e-01	1.60e-08
 2.75323e+23	7.70e-01	2.30e-01	1.62e-08
 2.75578e+23	7.78e-01	2.22e-01	1.65e-08
 2.75844e+23	7.87e-01	2.13e-01	1.67e-08
 2.76116e+23	7.95e-01	2.05e-01	1.70e-08
 2.76397e+23	8.03e-01	1.97e-01	1.72e-08
 2.76690e+23	8.10e-01	1.90e-01	1.74e-08
 2.76997e+23	8.18e-01	1.82e-01	1.77e-08
 2.77312e+23	8.25e-01	1.75e-01	1.79e-08
 2.77632e+23	8.32e-01	1.68e-01	1.81e-08
 2.77962e+23	8.38e-01	1.62e-01	1.84e-08
 2.78305e+23	8.44e-01	1.56e-01	1.86e-08
 2.78660e+23	8.49e-01	1.51e-01	1.89e-08
 2.79028e+23	8.55e-01	1.45e-01	1.92e-08
 2.79411e+23	8.60e-01	1.40e-01	1.95e-08
 2.79808e+23	8.65e-01	1.35e-01	1.98e-08
 2.80226e+23	8.70e-01	1.30e-01	2.02e-08
 2.80666e+23	8.74e-01	1.26e-01	2.06e-08
 2.81127e+23	8.78e-01	1.22e-01	2.10e-08
 2.81612e+23	8.82e-01	1.18e-01	2.16e-08
 2.82128e+23	8.86e-01	1.14e-01	2.22e-08
 2.82675e+23	8.90e-01	1.10e-01	2.29e-08
 2.83242e+23	8.94e-01	1.06e-01	2.38e-08
 2.83796e+23	8.97e-01	1.03e-01	2.46e-08
 2.84328e+23	9.00e-01	9.99e-02	2.55e-08
 2.84849e+23	9.03e-01	9.72e-02	2.65e-08
 2.85360e+23	9.05e-01	9.46e-02	2.76e-08
 2.85860e+23	9.08e-01	9.22e-02	2.86e-08
 2.86342e+23	9.10e-01	8.99e-02	2.95e-08
 2.86803e+23	9.12e-01	8.78e-02	3.05e-08
 2.87232e+23	9.14e-01	8.59e-02	3.14e-08
 2.87648e+23	9.16e-01	8.41e-02	3.25e-08
 2.88065e+23	9.18e-01	8.22e-02	3.36e-08
 2.88469e+23	9.20e-01	8.04e-02	3.49e-08
 2.88859e+23	9.21e-01	7.88e-02	3.61e-08
 2.89233e+23	9.23e-01	7.72e-02	3.75e-08
 2.89595e+23	9.24e-01	7.57e-02	3.89e-08
 2.89946e+23	9.26e-01	7.42e-02	4.04e-08
 2.90284e+23	9.27e-01	7.28e-02	4.20e-08
 2.90610e+23	9.29e-01	7.14e-02	4.37e-08
 2.90924e+23	9.30e-01	7.01e-02	4.54e-08
 2.91227e+23	9.31e-01	6.88e-02	4.74e-08
 2.91515e+23	9.32e-01	6.76e-02	4.93e-08
 2.91796e+23	9.34e-01	6.64e-02	5.16e-08
 2.92071e+23	9.35e-01	6.53e-02	5.39e-08
 2.92321e+23	9.36e-01	6.43e-02	5.61e-08
 2.92548e+23	9.37e-01	6.34e-02	5.83e-08
 2.92755e+23	9.37e-01	6.26e-02	6.04e-08
 2.92944e+23	9.38e-01	6.18e-02	6.25e-08
 2.93115e+23	9.39e-01	6.12e-02	6.44e-08
 2.93271e+23	9.39e-01	6.06e-02	6.62e-08
 2.93413e+23	9.40e-01	6.00e-02	6.79e-08
 2.93569e+23	9.41e-01	5.93e-02	7.01e-08
 2.93737e+23	9.41e-01	5.85e-02	7.22e-08
 2.93890e+23	9.42e-01	5.79e-02	7.41e-08
 2.94057e+23	9.43e-01	5.72e-02	7.65e-08
 2.94238e+23	9.44e-01	5.63e-02	7.88e-08
 2.94403e+23	9.44e-01	5.57e-02	8.08e-08
 2.94552e+23	9.45e-01	5.52e-02	8.25e-08
 2.94717e+23	9.46e-01	5.44e-02	8.48e-08
 2.94894e+23	9.46e-01	5.37e-02	8.69e-08
 2.95055e+23	9.47e-01	5.31e-02	8.83e-08
 2.95232e+23	9.48e-01	5.25e-02	9.01e-08
 2.95422e+23	9.48e-01	5.17e-02	9.18e-08
 2.95596e+23	9.49e-01	5.11e-02	9.35e-08
 2.95754e+23	9.49e-01	5.08e-02	9.45e-08
 2.95927e+23	9.50e-01	5.01e-02	9.55e-08
 2.96114e+23	9.51e-01	4.94e-02	9.68e-08
 2.96284e+23	9.51e-01	4.88e-02	9.79e-08
 2.96439e+23	9.52e-01	4.85e-02	9.85e-08
 2.96608e+23	9.52e-01	4.79e-02	9.92e-08
 2.96791e+23	9.53e-01	4.72e-02	1.00e-07
 2.96958e+23	9.53e-01	4.66e-02	1.01e-07
 2.97109e+23	9.54e-01	4.64e-02	1.01e-07
 2.97275e+23	9.54e-01	4.58e-02	1.01e-07
 2.97455e+23	9.55e-01	4.51e-02	1.02e-07
 2.97618e+23	9.55e-01	4.47e-02	1.02e-07
 2.97766e+23	9.56e-01	4.43e-02	1.02e-07
 2.97901e+23	9.56e-01	4.40e-02	1.02e-07
 2.98050e+23	9.57e-01	4.35e-02	1.02e-07
 2.98242e+23	9.57e-01	4.28e-02	1.02e-07
 2.98450e+23	9.58e-01	4.20e-02	1.02e-07
 2.98639e+23	9.59e-01	4.14e-02	1.02e-07
 2.98811e+23	9.59e-01	4.10e-02	1.01e-07
 2.99000e+23	9.60e-01	4.05e-02	1.01e-07
 2.99203e+23	9.60e-01	3.98e-02	1.01e-07
 2.99388e+23	9.61e-01	3.94e-02	1.00e-07
 2.99557e+23	9.61e-01	3.90e-02	1.00e-07
 2.99710e+23	9.61e-01	3.86e-02	9.95e-08
 2.99879e+23	9.62e-01	3.81e-02	9.87e-08
 3.00060e+23	9.62e-01	3.76e-02	9.85e-08
 3.00225e+23	9.63e-01	3.72e-02	9.80e-08
 3.00375e+23	9.63e-01	3.69e-02	9.78e-08
 3.00540e+23	9.64e-01	3.65e-02	9.71e-08
 3.00718e+23	9.64e-01	3.61e-02	9.74e-08
 3.00913e+23	9.64e-01	3.56e-02	9.68e-08
 3.01123e+23	9.65e-01	3.51e-02	9.68e-08
 3.01314e+23	9.65e-01	3.47e-02	9.64e-08
 3.01489e+23	9.66e-01	3.45e-02	9.62e-08
 3.01680e+23	9.66e-01	3.40e-02	9.56e-08
 3.01886e+23	9.66e-01	3.36e-02	9.55e-08
 3.02073e+23	9.67e-01	3.32e-02	9.53e-08
 3.02279e+23	9.67e-01	3.28e-02	9.47e-08
 3.02500e+23	9.68e-01	3.23e-02	9.47e-08
 3.02702e+23	9.68e-01	3.19e-02	9.42e-08
 3.02886e+23	9.68e-01	3.17e-02	9.41e-08
 3.03087e+23	9.69e-01	3.13e-02	9.35e-08
 3.03304e+23	9.69e-01	3.09e-02	9.35e-08
 3.03502e+23	9.69e-01	3.06e-02	9.33e-08
 3.03719e+23	9.70e-01	3.02e-02	9.27e-08
 3.03953e+23	9.70e-01	2.97e-02	9.27e-08
 3.04166e+23	9.71e-01	2.94e-02	9.26e-08
 3.04399e+23	9.71e-01	2.90e-02	9.20e-08
 3.04651e+23	9.71e-01	2.85e-02	9.20e-08
 3.04880e+23	9.72e-01	2.82e-02	9.18e-08
 3.05131e+23	9.72e-01	2.78e-02	9.12e-08
 3.05402e+23	9.73e-01	2.74e-02	9.14e-08
 3.05649e+23	9.73e-01	2.70e-02	9.09e-08
 3.05873e+23	9.73e-01	2.67e-02	9.05e-08
 3.06078e+23	9.74e-01	2.65e-02	9.05e-08
 3.06302e+23	9.74e-01	2.62e-02	9.02e-08
 3.06543e+23	9.74e-01	2.58e-02	9.04e-08
 3.06763e+23	9.74e-01	2.55e-02	9.04e-08
 3.07004e+23	9.75e-01	2.52e-02	9.01e-08
 3.07264e+23	9.75e-01	2.47e-02	9.02e-08
 3.07501e+23	9.75e-01	2.45e-02	9.03e-08
 3.07761e+23	9.76e-01	2.42e-02	9.00e-08
 3.08041e+23	9.76e-01	2.37e-02	9.01e-08
 3.08295e+23	9.77e-01	2.35e-02	9.02e-08
 3.08492e+23	9.77e-01	2.33e-02	9.01e-08
