#depth	O	O+	O+2	O+3	O+4	O+5	O+6	O+7	O+8	O[1]	O[2]	O[3]
 1.54284e+22	2.07e-12	4.36e-08	4.68e-05	3.96e-03	4.13e-02	1.02e-01	6.14e-01	2.20e-01	1.89e-02	2.07e-12	4.27e-21	5.32e-21
 3.47351e+22	3.69e-12	8.35e-08	9.33e-05	7.52e-03	6.44e-02	1.42e-01	6.16e-01	1.60e-01	1.00e-02	3.69e-12	7.51e-21	9.34e-21
 4.05527e+22	5.06e-12	1.18e-07	1.32e-04	1.02e-02	7.81e-02	1.62e-01	6.07e-01	1.35e-01	7.28e-03	5.06e-12	1.04e-20	1.30e-20
 4.34615e+22	5.99e-12	1.42e-07	1.57e-04	1.18e-02	8.57e-02	1.73e-01	5.99e-01	1.24e-01	6.20e-03	5.99e-12	1.24e-20	1.54e-20
 4.49431e+22	6.56e-12	1.56e-07	1.72e-04	1.27e-02	8.98e-02	1.78e-01	5.95e-01	1.18e-01	5.69e-03	6.56e-12	1.36e-20	1.69e-20
 4.61209e+22	7.40e-12	1.77e-07	1.94e-04	1.40e-02	9.54e-02	1.85e-01	5.89e-01	1.11e-01	5.09e-03	7.40e-12	1.54e-20	1.91e-20
 4.73633e+22	8.24e-12	1.99e-07	2.16e-04	1.52e-02	1.00e-01	1.92e-01	5.82e-01	1.06e-01	4.62e-03	8.24e-12	1.72e-20	2.13e-20
 4.86896e+22	9.49e-12	2.30e-07	2.47e-04	1.70e-02	1.07e-01	1.99e-01	5.74e-01	9.85e-02	4.08e-03	9.49e-12	1.98e-20	2.46e-20
 5.00540e+22	1.07e-11	2.61e-07	2.77e-04	1.86e-02	1.13e-01	2.06e-01	5.66e-01	9.27e-02	3.67e-03	1.07e-11	2.24e-20	2.78e-20
 5.12832e+22	1.20e-11	2.95e-07	3.10e-04	2.02e-02	1.19e-01	2.13e-01	5.58e-01	8.72e-02	3.29e-03	1.20e-11	2.53e-20	3.14e-20
 5.26961e+22	1.42e-11	3.48e-07	3.58e-04	2.26e-02	1.26e-01	2.20e-01	5.47e-01	8.07e-02	2.88e-03	1.42e-11	3.00e-20	3.72e-20
 5.41410e+22	1.62e-11	3.99e-07	4.04e-04	2.48e-02	1.33e-01	2.27e-01	5.37e-01	7.54e-02	2.56e-03	1.62e-11	3.44e-20	4.26e-20
 5.54329e+22	1.87e-11	4.58e-07	4.55e-04	2.71e-02	1.40e-01	2.33e-01	5.27e-01	7.06e-02	2.29e-03	1.87e-11	3.97e-20	4.92e-20
 5.69176e+22	2.25e-11	5.49e-07	5.31e-04	3.03e-02	1.49e-01	2.41e-01	5.13e-01	6.47e-02	1.98e-03	2.25e-11	4.81e-20	5.95e-20
 5.84296e+22	2.61e-11	6.37e-07	6.02e-04	3.32e-02	1.56e-01	2.47e-01	5.01e-01	6.01e-02	1.75e-03	2.61e-11	5.60e-20	6.93e-20
 5.99770e+22	3.20e-11	7.72e-07	7.07e-04	3.72e-02	1.66e-01	2.54e-01	4.85e-01	5.48e-02	1.50e-03	3.20e-11	6.90e-20	8.53e-20
 6.15511e+22	3.77e-11	9.03e-07	8.05e-04	4.08e-02	1.74e-01	2.60e-01	4.72e-01	5.06e-02	1.32e-03	3.77e-11	8.18e-20	1.01e-19
 6.29073e+22	4.42e-11	1.05e-06	9.08e-04	4.44e-02	1.82e-01	2.65e-01	4.59e-01	4.70e-02	1.17e-03	4.42e-11	9.62e-20	1.19e-19
 6.44179e+22	5.40e-11	1.27e-06	1.06e-03	4.94e-02	1.93e-01	2.71e-01	4.43e-01	4.26e-02	9.96e-04	5.40e-11	1.18e-19	1.46e-19
 6.59688e+22	6.41e-11	1.48e-06	1.20e-03	5.39e-02	2.01e-01	2.75e-01	4.29e-01	3.92e-02	8.73e-04	6.41e-11	1.41e-19	1.74e-19
 6.72557e+22	7.46e-11	1.70e-06	1.34e-03	5.80e-02	2.09e-01	2.78e-01	4.16e-01	3.65e-02	7.80e-04	7.46e-11	1.65e-19	2.04e-19
 6.86121e+22	9.01e-11	2.01e-06	1.53e-03	6.34e-02	2.18e-01	2.82e-01	4.01e-01	3.34e-02	6.77e-04	9.01e-11	2.01e-19	2.47e-19
 7.00171e+22	1.06e-10	2.34e-06	1.72e-03	6.85e-02	2.26e-01	2.85e-01	3.88e-01	3.08e-02	5.97e-04	1.06e-10	2.38e-19	2.93e-19
 7.12808e+22	1.25e-10	2.69e-06	1.92e-03	7.36e-02	2.34e-01	2.87e-01	3.75e-01	2.85e-02	5.29e-04	1.25e-10	2.81e-19	3.45e-19
 7.27192e+22	1.53e-10	3.22e-06	2.21e-03	8.06e-02	2.44e-01	2.89e-01	3.58e-01	2.58e-02	4.53e-04	1.53e-10	3.47e-19	4.27e-19
 7.42117e+22	1.84e-10	3.78e-06	2.50e-03	8.72e-02	2.52e-01	2.91e-01	3.43e-01	2.35e-02	3.93e-04	1.84e-10	4.19e-19	5.15e-19
 7.55414e+22	2.18e-10	4.38e-06	2.80e-03	9.37e-02	2.60e-01	2.92e-01	3.30e-01	2.16e-02	3.45e-04	2.18e-10	5.01e-19	6.16e-19
 7.70370e+22	2.71e-10	5.27e-06	3.21e-03	1.02e-01	2.70e-01	2.92e-01	3.13e-01	1.93e-02	2.92e-04	2.71e-10	6.29e-19	7.72e-19
 7.85978e+22	3.30e-10	6.23e-06	3.64e-03	1.11e-01	2.79e-01	2.92e-01	2.98e-01	1.75e-02	2.50e-04	3.30e-10	7.71e-19	9.45e-19
 8.00027e+22	3.97e-10	7.27e-06	4.09e-03	1.19e-01	2.87e-01	2.91e-01	2.84e-01	1.59e-02	2.17e-04	3.97e-10	9.35e-19	1.15e-18
 8.15884e+22	5.03e-10	8.83e-06	4.72e-03	1.29e-01	2.96e-01	2.89e-01	2.66e-01	1.40e-02	1.81e-04	5.03e-10	1.20e-18	1.47e-18
 8.32290e+22	6.19e-10	1.05e-05	5.35e-03	1.40e-01	3.04e-01	2.87e-01	2.51e-01	1.25e-02	1.53e-04	6.19e-10	1.49e-18	1.82e-18
 8.46928e+22	7.54e-10	1.23e-05	6.01e-03	1.50e-01	3.12e-01	2.84e-01	2.37e-01	1.13e-02	1.31e-04	7.54e-10	1.82e-18	2.23e-18
 8.63476e+22	9.66e-10	1.50e-05	6.93e-03	1.63e-01	3.20e-01	2.79e-01	2.21e-01	9.83e-03	1.07e-04	9.66e-10	2.37e-18	2.89e-18
 8.80700e+22	1.21e-09	1.79e-05	7.87e-03	1.75e-01	3.27e-01	2.75e-01	2.06e-01	8.66e-03	8.93e-05	1.21e-09	2.99e-18	3.65e-18
 8.96215e+22	1.49e-09	2.11e-05	8.85e-03	1.87e-01	3.34e-01	2.70e-01	1.93e-01	7.69e-03	7.52e-05	1.49e-09	3.73e-18	4.55e-18
 9.13800e+22	1.95e-09	2.60e-05	1.03e-02	2.03e-01	3.41e-01	2.63e-01	1.76e-01	6.57e-03	6.01e-05	1.95e-09	4.95e-18	6.04e-18
 9.31886e+22	2.45e-09	3.10e-05	1.16e-02	2.17e-01	3.46e-01	2.57e-01	1.63e-01	5.74e-03	4.95e-05	2.45e-09	6.30e-18	7.68e-18
 9.48131e+22	3.05e-09	3.67e-05	1.30e-02	2.31e-01	3.50e-01	2.50e-01	1.51e-01	5.01e-03	4.10e-05	3.05e-09	7.98e-18	9.70e-18
 9.66755e+22	4.07e-09	4.56e-05	1.51e-02	2.49e-01	3.55e-01	2.40e-01	1.36e-01	4.20e-03	3.19e-05	4.07e-09	1.08e-17	1.32e-17
 9.85575e+22	5.13e-09	5.43e-05	1.70e-02	2.65e-01	3.57e-01	2.32e-01	1.25e-01	3.62e-03	2.59e-05	5.13e-09	1.39e-17	1.68e-17
 1.00465e+23	6.84e-09	6.73e-05	1.97e-02	2.85e-01	3.59e-01	2.22e-01	1.11e-01	3.01e-03	2.00e-05	6.84e-09	1.89e-17	2.29e-17
 1.02404e+23	8.69e-09	8.02e-05	2.21e-02	3.01e-01	3.60e-01	2.12e-01	1.01e-01	2.56e-03	1.61e-05	8.69e-09	2.45e-17	2.97e-17
 1.04123e+23	1.10e-08	9.51e-05	2.48e-02	3.18e-01	3.60e-01	2.03e-01	9.18e-02	2.19e-03	1.29e-05	1.10e-08	3.15e-17	3.82e-17
 1.06099e+23	1.48e-08	1.18e-04	2.86e-02	3.39e-01	3.58e-01	1.91e-01	8.06e-02	1.78e-03	9.71e-06	1.48e-08	4.38e-17	5.30e-17
 1.08102e+23	1.88e-08	1.40e-04	3.19e-02	3.56e-01	3.56e-01	1.81e-01	7.24e-02	1.50e-03	7.70e-06	1.88e-08	5.68e-17	6.88e-17
 1.10138e+23	2.56e-08	1.75e-04	3.67e-02	3.78e-01	3.52e-01	1.69e-01	6.29e-02	1.20e-03	5.68e-06	2.56e-08	7.98e-17	9.65e-17
 1.12202e+23	3.26e-08	2.07e-04	4.09e-02	3.96e-01	3.47e-01	1.59e-01	5.60e-02	1.00e-03	4.44e-06	3.26e-08	1.04e-16	1.26e-16
 1.14301e+23	4.45e-08	2.58e-04	4.69e-02	4.17e-01	3.40e-01	1.46e-01	4.80e-02	7.87e-04	3.22e-06	4.45e-08	1.48e-16	1.79e-16
 1.16427e+23	5.69e-08	3.06e-04	5.22e-02	4.34e-01	3.34e-01	1.37e-01	4.23e-02	6.49e-04	2.48e-06	5.69e-08	1.95e-16	2.36e-16
 1.18279e+23	7.20e-08	3.60e-04	5.77e-02	4.50e-01	3.27e-01	1.27e-01	3.74e-02	5.37e-04	1.93e-06	7.20e-08	2.55e-16	3.08e-16
 1.20054e+23	8.98e-08	4.19e-04	6.33e-02	4.64e-01	3.20e-01	1.19e-01	3.32e-02	4.47e-04	1.51e-06	8.98e-08	3.27e-16	3.95e-16
 1.21751e+23	1.11e-07	4.85e-04	6.90e-02	4.77e-01	3.12e-01	1.11e-01	2.95e-02	3.75e-04	1.19e-06	1.11e-07	4.16e-16	5.02e-16
 1.23664e+23	1.45e-07	5.82e-04	7.69e-02	4.93e-01	3.02e-01	1.01e-01	2.54e-02	2.98e-04	8.80e-07	1.45e-07	5.65e-16	6.82e-16
 1.25569e+23	1.79e-07	6.71e-04	8.36e-02	5.05e-01	2.93e-01	9.43e-02	2.24e-02	2.48e-04	6.89e-07	1.79e-07	7.15e-16	8.63e-16
 1.27462e+23	2.33e-07	8.00e-04	9.26e-02	5.19e-01	2.82e-01	8.57e-02	1.92e-02	1.96e-04	5.06e-07	2.33e-07	9.62e-16	1.16e-15
 1.29395e+23	2.88e-07	9.24e-04	1.01e-01	5.30e-01	2.73e-01	7.89e-02	1.68e-02	1.61e-04	3.91e-07	2.88e-07	1.22e-15	1.48e-15
 1.31378e+23	3.76e-07	1.10e-03	1.11e-01	5.42e-01	2.61e-01	7.10e-02	1.42e-02	1.25e-04	2.81e-07	3.76e-07	1.66e-15	2.00e-15
 1.33383e+23	4.66e-07	1.27e-03	1.21e-01	5.50e-01	2.50e-01	6.49e-02	1.24e-02	1.02e-04	2.15e-07	4.66e-07	2.11e-15	2.54e-15
 1.35416e+23	6.13e-07	1.53e-03	1.33e-01	5.60e-01	2.37e-01	5.78e-02	1.03e-02	7.81e-05	1.51e-07	6.13e-07	2.87e-15	3.45e-15
 1.37449e+23	7.52e-07	1.75e-03	1.44e-01	5.66e-01	2.27e-01	5.27e-02	8.94e-03	6.35e-05	0.00e+00	7.52e-07	3.62e-15	4.35e-15
 1.39085e+23	8.97e-07	1.96e-03	1.53e-01	5.70e-01	2.18e-01	4.86e-02	7.90e-03	5.30e-05	0.00e+00	8.97e-07	4.41e-15	5.30e-15
 1.40813e+23	1.11e-06	2.26e-03	1.65e-01	5.75e-01	2.07e-01	4.38e-02	6.77e-03	4.23e-05	0.00e+00	1.11e-06	5.64e-15	6.77e-15
 1.42565e+23	1.33e-06	2.53e-03	1.76e-01	5.77e-01	1.99e-01	4.02e-02	5.94e-03	3.50e-05	0.00e+00	1.33e-06	6.89e-15	8.27e-15
 1.44108e+23	1.58e-06	2.83e-03	1.86e-01	5.79e-01	1.90e-01	3.68e-02	5.23e-03	2.90e-05	0.00e+00	1.58e-06	8.38e-15	1.00e-14
 1.45875e+23	1.96e-06	3.25e-03	2.00e-01	5.80e-01	1.79e-01	3.30e-02	4.44e-03	2.29e-05	0.00e+00	1.96e-06	1.07e-14	1.28e-14
 1.47665e+23	2.33e-06	3.64e-03	2.13e-01	5.79e-01	1.71e-01	3.00e-02	3.87e-03	1.88e-05	0.00e+00	2.33e-06	1.31e-14	1.56e-14
 1.49239e+23	2.76e-06	4.06e-03	2.25e-01	5.78e-01	1.62e-01	2.73e-02	3.38e-03	1.54e-05	0.00e+00	2.76e-06	1.59e-14	1.90e-14
 1.51040e+23	3.41e-06	4.65e-03	2.41e-01	5.76e-01	1.52e-01	2.42e-02	2.85e-03	1.21e-05	0.00e+00	3.41e-06	2.02e-14	2.42e-14
 1.52869e+23	4.06e-06	5.20e-03	2.55e-01	5.72e-01	1.44e-01	2.19e-02	2.46e-03	9.77e-06	0.00e+00	4.06e-06	2.47e-14	2.95e-14
 1.54480e+23	4.82e-06	5.80e-03	2.68e-01	5.68e-01	1.36e-01	1.98e-02	2.13e-03	7.96e-06	0.00e+00	4.82e-06	3.01e-14	3.59e-14
 1.56319e+23	5.96e-06	6.65e-03	2.86e-01	5.62e-01	1.26e-01	1.74e-02	1.78e-03	6.15e-06	0.00e+00	5.96e-06	3.85e-14	4.59e-14
 1.58186e+23	7.08e-06	7.42e-03	3.02e-01	5.55e-01	1.19e-01	1.56e-02	1.53e-03	4.94e-06	0.00e+00	7.08e-06	4.71e-14	5.61e-14
 1.59837e+23	8.39e-06	8.27e-03	3.17e-01	5.48e-01	1.12e-01	1.40e-02	1.31e-03	3.98e-06	0.00e+00	8.39e-06	5.73e-14	6.83e-14
 1.61733e+23	1.04e-05	9.46e-03	3.37e-01	5.38e-01	1.03e-01	1.22e-02	1.08e-03	3.03e-06	0.00e+00	1.04e-05	7.35e-14	8.75e-14
 1.63660e+23	1.23e-05	1.06e-02	3.54e-01	5.28e-01	9.58e-02	1.08e-02	9.20e-04	2.40e-06	0.00e+00	1.23e-05	9.00e-14	1.07e-13
 1.65627e+23	1.53e-05	1.21e-02	3.75e-01	5.15e-01	8.76e-02	9.31e-03	7.50e-04	1.79e-06	0.00e+00	1.53e-05	1.16e-13	1.38e-13
 1.67618e+23	1.82e-05	1.35e-02	3.93e-01	5.03e-01	8.11e-02	8.20e-03	6.31e-04	1.40e-06	0.00e+00	1.82e-05	1.43e-13	1.70e-13
 1.69638e+23	2.26e-05	1.55e-02	4.16e-01	4.88e-01	7.36e-02	6.99e-03	5.09e-04	1.04e-06	0.00e+00	2.26e-05	1.85e-13	2.19e-13
 1.71695e+23	2.68e-05	1.72e-02	4.35e-01	4.74e-01	6.76e-02	6.10e-03	4.24e-04	8.00e-07	0.00e+00	2.68e-05	2.27e-13	2.70e-13
 1.73799e+23	3.34e-05	1.97e-02	4.59e-01	4.55e-01	6.07e-02	5.14e-03	3.37e-04	5.78e-07	0.00e+00	3.34e-05	2.96e-13	3.52e-13
 1.75940e+23	3.99e-05	2.20e-02	4.79e-01	4.39e-01	5.52e-02	4.43e-03	2.77e-04	4.38e-07	0.00e+00	3.99e-05	3.67e-13	4.35e-13
 1.77842e+23	4.72e-05	2.45e-02	4.98e-01	4.23e-01	5.03e-02	3.83e-03	2.29e-04	3.35e-07	0.00e+00	4.72e-05	4.51e-13	5.35e-13
 1.80029e+23	5.89e-05	2.81e-02	5.23e-01	4.01e-01	4.44e-02	3.16e-03	1.78e-04	2.35e-07	0.00e+00	5.89e-05	5.91e-13	7.01e-13
 1.81940e+23	6.57e-05	3.00e-02	5.37e-01	3.89e-01	4.13e-02	2.84e-03	1.54e-04	1.93e-07	0.00e+00	6.57e-05	6.77e-13	8.02e-13
 1.83492e+23	7.66e-05	3.29e-02	5.54e-01	3.73e-01	3.77e-02	2.47e-03	1.28e-04	1.50e-07	0.00e+00	7.66e-05	8.19e-13	9.69e-13
 1.85094e+23	8.68e-05	3.55e-02	5.68e-01	3.59e-01	3.47e-02	2.18e-03	1.10e-04	0.00e+00	0.00e+00	8.68e-05	9.55e-13	1.13e-12
 1.86760e+23	1.01e-04	3.89e-02	5.85e-01	3.42e-01	3.15e-02	1.89e-03	9.08e-05	0.00e+00	0.00e+00	1.01e-04	1.15e-12	1.37e-12
 1.88486e+23	1.15e-04	4.21e-02	6.00e-01	3.28e-01	2.88e-02	1.65e-03	7.63e-05	0.00e+00	0.00e+00	1.15e-04	1.36e-12	1.60e-12
 1.90045e+23	1.30e-04	4.54e-02	6.14e-01	3.13e-01	2.63e-02	1.44e-03	6.44e-05	0.00e+00	0.00e+00	1.30e-04	1.59e-12	1.88e-12
 1.91825e+23	1.53e-04	5.01e-02	6.30e-01	2.95e-01	2.34e-02	1.22e-03	5.17e-05	0.00e+00	0.00e+00	1.53e-04	1.96e-12	2.31e-12
 1.93609e+23	1.73e-04	5.38e-02	6.43e-01	2.80e-01	2.12e-02	1.06e-03	4.34e-05	0.00e+00	0.00e+00	1.73e-04	2.28e-12	2.69e-12
 1.95401e+23	2.03e-04	5.93e-02	6.59e-01	2.62e-01	1.88e-02	8.86e-04	3.46e-05	0.00e+00	0.00e+00	2.03e-04	2.81e-12	3.30e-12
 1.97212e+23	2.29e-04	6.35e-02	6.71e-01	2.48e-01	1.69e-02	7.66e-04	2.88e-05	0.00e+00	0.00e+00	2.29e-04	3.27e-12	3.85e-12
 1.99049e+23	2.68e-04	6.98e-02	6.84e-01	2.30e-01	1.49e-02	6.36e-04	2.28e-05	0.00e+00	0.00e+00	2.68e-04	4.01e-12	4.71e-12
 2.00937e+23	3.03e-04	7.50e-02	6.95e-01	2.16e-01	1.33e-02	5.42e-04	1.86e-05	0.00e+00	0.00e+00	3.03e-04	4.72e-12	5.53e-12
 2.02890e+23	3.59e-04	8.29e-02	7.07e-01	1.97e-01	1.15e-02	4.40e-04	1.44e-05	0.00e+00	0.00e+00	3.59e-04	5.87e-12	6.88e-12
 2.04855e+23	4.03e-04	8.87e-02	7.16e-01	1.84e-01	1.02e-02	3.74e-04	1.17e-05	0.00e+00	0.00e+00	4.03e-04	6.86e-12	8.03e-12
 2.06834e+23	4.74e-04	9.76e-02	7.26e-01	1.67e-01	8.75e-03	3.02e-04	9.01e-06	0.00e+00	0.00e+00	4.74e-04	8.51e-12	9.94e-12
 2.08883e+23	5.41e-04	1.05e-01	7.33e-01	1.53e-01	7.62e-03	2.49e-04	7.12e-06	0.00e+00	0.00e+00	5.41e-04	1.01e-11	1.18e-11
 2.11020e+23	6.46e-04	1.17e-01	7.39e-01	1.37e-01	6.40e-03	1.95e-04	5.29e-06	0.00e+00	0.00e+00	6.46e-04	1.28e-11	1.49e-11
 2.13141e+23	7.32e-04	1.25e-01	7.44e-01	1.25e-01	5.56e-03	1.61e-04	4.18e-06	0.00e+00	0.00e+00	7.32e-04	1.51e-11	1.75e-11
 2.15241e+23	8.70e-04	1.39e-01	7.46e-01	1.10e-01	4.65e-03	1.25e-04	3.10e-06	0.00e+00	0.00e+00	8.70e-04	1.89e-11	2.19e-11
 2.17358e+23	9.88e-04	1.49e-01	7.47e-01	9.93e-02	4.01e-03	1.02e-04	2.43e-06	0.00e+00	0.00e+00	9.88e-04	2.23e-11	2.59e-11
 2.19495e+23	1.18e-03	1.65e-01	7.44e-01	8.64e-02	3.31e-03	7.83e-05	1.77e-06	0.00e+00	0.00e+00	1.18e-03	2.82e-11	3.26e-11
 2.21630e+23	1.35e-03	1.78e-01	7.41e-01	7.70e-02	2.84e-03	6.31e-05	1.37e-06	0.00e+00	0.00e+00	1.35e-03	3.34e-11	3.86e-11
 2.23762e+23	1.62e-03	1.98e-01	7.32e-01	6.59e-02	2.32e-03	4.74e-05	9.89e-07	0.00e+00	0.00e+00	1.62e-03	4.25e-11	4.89e-11
 2.25891e+23	1.85e-03	2.14e-01	7.25e-01	5.79e-02	1.97e-03	3.77e-05	7.61e-07	0.00e+00	0.00e+00	1.85e-03	5.07e-11	5.83e-11
 2.28015e+23	2.24e-03	2.38e-01	7.10e-01	4.86e-02	1.60e-03	2.77e-05	5.40e-07	0.00e+00	0.00e+00	2.24e-03	6.48e-11	7.44e-11
 2.30129e+23	2.58e-03	2.58e-01	6.96e-01	4.20e-02	1.35e-03	2.17e-05	4.12e-07	0.00e+00	0.00e+00	2.58e-03	7.77e-11	8.90e-11
 2.32230e+23	3.14e-03	2.87e-01	6.74e-01	3.46e-02	1.09e-03	1.56e-05	2.90e-07	0.00e+00	0.00e+00	3.14e-03	9.97e-11	1.14e-10
 2.34335e+23	3.66e-03	3.12e-01	6.54e-01	2.92e-02	9.15e-04	1.19e-05	2.17e-07	0.00e+00	0.00e+00	3.66e-03	1.21e-10	1.38e-10
 2.36444e+23	4.48e-03	3.48e-01	6.24e-01	2.33e-02	7.32e-04	8.31e-06	1.50e-07	0.00e+00	0.00e+00	4.48e-03	1.56e-10	1.78e-10
 2.38557e+23	5.29e-03	3.79e-01	5.96e-01	1.91e-02	6.06e-04	6.11e-06	0.00e+00	0.00e+00	0.00e+00	5.29e-03	1.92e-10	2.18e-10
 2.40675e+23	6.54e-03	4.21e-01	5.57e-01	1.48e-02	4.79e-04	4.09e-06	0.00e+00	0.00e+00	0.00e+00	6.54e-03	2.50e-10	2.84e-10
 2.42807e+23	7.83e-03	4.59e-01	5.21e-01	1.16e-02	3.91e-04	2.87e-06	0.00e+00	0.00e+00	0.00e+00	7.83e-03	3.12e-10	3.54e-10
 2.44665e+23	9.37e-03	4.98e-01	4.83e-01	9.10e-03	3.20e-04	2.00e-06	0.00e+00	0.00e+00	0.00e+00	9.37e-03	3.88e-10	4.40e-10
 2.46786e+23	1.18e-02	5.49e-01	4.33e-01	6.55e-03	2.47e-04	1.23e-06	0.00e+00	0.00e+00	0.00e+00	1.18e-02	5.13e-10	5.81e-10
 2.48923e+23	1.44e-02	5.94e-01	3.87e-01	4.79e-03	1.96e-04	7.91e-07	0.00e+00	0.00e+00	0.00e+00	1.44e-02	6.53e-10	7.38e-10
 2.50547e+23	1.69e-02	6.28e-01	3.51e-01	3.71e-03	1.64e-04	5.54e-07	0.00e+00	0.00e+00	0.00e+00	1.69e-02	7.86e-10	8.88e-10
 2.52126e+23	2.03e-02	6.68e-01	3.09e-01	2.71e-03	1.31e-04	3.56e-07	0.00e+00	0.00e+00	0.00e+00	2.03e-02	9.85e-10	1.11e-09
 2.53811e+23	2.46e-02	7.06e-01	2.68e-01	1.94e-03	1.04e-04	2.25e-07	0.00e+00	0.00e+00	0.00e+00	2.46e-02	1.23e-09	1.39e-09
 2.55357e+23	2.98e-02	7.40e-01	2.29e-01	1.38e-03	8.23e-05	1.41e-07	0.00e+00	0.00e+00	0.00e+00	2.98e-02	1.54e-09	1.73e-09
 2.56833e+23	3.61e-02	7.70e-01	1.93e-01	9.62e-04	6.42e-05	0.00e+00	0.00e+00	0.00e+00	0.00e+00	3.61e-02	1.92e-09	2.16e-09
 2.58240e+23	4.39e-02	7.96e-01	1.59e-01	6.61e-04	4.93e-05	0.00e+00	0.00e+00	0.00e+00	0.00e+00	4.39e-02	2.41e-09	2.71e-09
 2.59551e+23	5.32e-02	8.17e-01	1.30e-01	4.53e-04	3.77e-05	0.00e+00	0.00e+00	0.00e+00	0.00e+00	5.32e-02	3.00e-09	3.37e-09
 2.60771e+23	6.50e-02	8.31e-01	1.04e-01	3.06e-04	2.82e-05	0.00e+00	0.00e+00	0.00e+00	0.00e+00	6.50e-02	3.75e-09	4.20e-09
 2.61901e+23	7.88e-02	8.39e-01	8.21e-02	2.08e-04	2.09e-05	0.00e+00	0.00e+00	0.00e+00	0.00e+00	7.88e-02	4.64e-09	5.20e-09
 2.62940e+23	9.59e-02	8.40e-01	6.40e-02	1.41e-04	1.53e-05	0.00e+00	0.00e+00	0.00e+00	0.00e+00	9.59e-02	5.73e-09	6.42e-09
 2.63884e+23	1.16e-01	8.34e-01	4.95e-02	9.76e-05	1.11e-05	0.00e+00	0.00e+00	0.00e+00	0.00e+00	1.16e-01	7.00e-09	7.83e-09
 2.64714e+23	1.39e-01	8.23e-01	3.83e-02	6.91e-05	8.01e-06	0.00e+00	0.00e+00	0.00e+00	0.00e+00	1.39e-01	8.41e-09	9.41e-09
 2.65450e+23	1.64e-01	8.07e-01	2.99e-02	5.04e-05	5.85e-06	0.00e+00	0.00e+00	0.00e+00	0.00e+00	1.64e-01	9.92e-09	1.11e-08
 2.66123e+23	1.92e-01	7.85e-01	2.32e-02	3.73e-05	4.23e-06	0.00e+00	0.00e+00	0.00e+00	0.00e+00	1.92e-01	1.16e-08	1.29e-08
 2.66742e+23	2.22e-01	7.60e-01	1.80e-02	2.83e-05	3.09e-06	0.00e+00	0.00e+00	0.00e+00	0.00e+00	2.22e-01	1.33e-08	1.48e-08
 2.67316e+23	2.55e-01	7.31e-01	1.40e-02	2.17e-05	2.24e-06	0.00e+00	0.00e+00	0.00e+00	0.00e+00	2.55e-01	1.51e-08	1.68e-08
 2.67855e+23	2.92e-01	6.97e-01	1.09e-02	1.68e-05	1.62e-06	0.00e+00	0.00e+00	0.00e+00	0.00e+00	2.92e-01	1.69e-08	1.88e-08
 2.68349e+23	3.29e-01	6.62e-01	8.49e-03	1.33e-05	1.18e-06	0.00e+00	0.00e+00	0.00e+00	0.00e+00	3.29e-01	1.85e-08	2.06e-08
 2.68803e+23	3.67e-01	6.27e-01	6.69e-03	1.07e-05	8.69e-07	0.00e+00	0.00e+00	0.00e+00	0.00e+00	3.67e-01	2.01e-08	2.23e-08
 2.69210e+23	4.02e-01	5.92e-01	5.37e-03	8.86e-06	6.56e-07	0.00e+00	0.00e+00	0.00e+00	0.00e+00	4.02e-01	2.14e-08	2.37e-08
 2.69560e+23	4.34e-01	5.61e-01	4.42e-03	7.53e-06	5.13e-07	0.00e+00	0.00e+00	0.00e+00	0.00e+00	4.34e-01	2.24e-08	2.48e-08
 2.69830e+23	4.59e-01	5.37e-01	3.80e-03	6.66e-06	4.25e-07	0.00e+00	0.00e+00	0.00e+00	0.00e+00	4.59e-01	2.30e-08	2.56e-08
 2.70040e+23	4.78e-01	5.19e-01	3.38e-03	6.05e-06	3.66e-07	0.00e+00	0.00e+00	0.00e+00	0.00e+00	4.78e-01	2.35e-08	2.61e-08
 2.70263e+23	4.99e-01	4.98e-01	2.97e-03	5.46e-06	3.11e-07	0.00e+00	0.00e+00	0.00e+00	0.00e+00	4.99e-01	2.39e-08	2.66e-08
 2.70517e+23	5.23e-01	4.75e-01	2.56e-03	4.87e-06	2.59e-07	0.00e+00	0.00e+00	0.00e+00	0.00e+00	5.23e-01	2.44e-08	2.70e-08
 2.70790e+23	5.48e-01	4.50e-01	2.18e-03	4.31e-06	2.13e-07	0.00e+00	0.00e+00	0.00e+00	0.00e+00	5.48e-01	2.48e-08	2.75e-08
 2.71062e+23	5.71e-01	4.27e-01	1.87e-03	3.85e-06	1.76e-07	0.00e+00	0.00e+00	0.00e+00	0.00e+00	5.71e-01	2.50e-08	2.77e-08
 2.71311e+23	5.92e-01	4.07e-01	1.63e-03	3.47e-06	1.48e-07	0.00e+00	0.00e+00	0.00e+00	0.00e+00	5.92e-01	2.52e-08	2.79e-08
 2.71498e+23	6.06e-01	3.92e-01	1.47e-03	3.23e-06	1.31e-07	0.00e+00	0.00e+00	0.00e+00	0.00e+00	6.06e-01	2.53e-08	2.79e-08
 2.71627e+23	6.16e-01	3.82e-01	1.37e-03	3.08e-06	0.00e+00	0.00e+00	0.00e+00	0.00e+00	0.00e+00	6.16e-01	2.53e-08	2.80e-08
 2.71761e+23	6.27e-01	3.72e-01	1.27e-03	2.91e-06	0.00e+00	0.00e+00	0.00e+00	0.00e+00	0.00e+00	6.27e-01	2.53e-08	2.80e-08
 2.71919e+23	6.38e-01	3.61e-01	1.17e-03	2.75e-06	0.00e+00	0.00e+00	0.00e+00	0.00e+00	0.00e+00	6.38e-01	2.53e-08	2.80e-08
 2.72097e+23	6.51e-01	3.48e-01	1.06e-03	2.58e-06	0.00e+00	0.00e+00	0.00e+00	0.00e+00	0.00e+00	6.51e-01	2.53e-08	2.80e-08
 2.72276e+23	6.63e-01	3.36e-01	9.61e-04	2.42e-06	0.00e+00	0.00e+00	0.00e+00	0.00e+00	0.00e+00	6.63e-01	2.52e-08	2.79e-08
 2.72444e+23	6.74e-01	3.25e-01	8.80e-04	2.28e-06	0.00e+00	0.00e+00	0.00e+00	0.00e+00	0.00e+00	6.74e-01	2.52e-08	2.78e-08
 2.72611e+23	6.85e-01	3.15e-01	8.05e-04	2.15e-06	0.00e+00	0.00e+00	0.00e+00	0.00e+00	0.00e+00	6.85e-01	2.51e-08	2.77e-08
 2.72785e+23	6.95e-01	3.04e-01	7.35e-04	2.03e-06	0.00e+00	0.00e+00	0.00e+00	0.00e+00	0.00e+00	6.95e-01	2.50e-08	2.76e-08
 2.72967e+23	7.06e-01	2.94e-01	6.70e-04	1.91e-06	0.00e+00	0.00e+00	0.00e+00	0.00e+00	0.00e+00	7.06e-01	2.49e-08	2.75e-08
 2.73156e+23	7.16e-01	2.83e-01	6.09e-04	1.80e-06	0.00e+00	0.00e+00	0.00e+00	0.00e+00	0.00e+00	7.16e-01	2.48e-08	2.73e-08
 2.73349e+23	7.26e-01	2.73e-01	5.52e-04	1.69e-06	0.00e+00	0.00e+00	0.00e+00	0.00e+00	0.00e+00	7.26e-01	2.46e-08	2.71e-08
 2.73543e+23	7.36e-01	2.63e-01	5.02e-04	1.60e-06	0.00e+00	0.00e+00	0.00e+00	0.00e+00	0.00e+00	7.36e-01	2.44e-08	2.69e-08
 2.73742e+23	7.46e-01	2.54e-01	4.57e-04	1.51e-06	0.00e+00	0.00e+00	0.00e+00	0.00e+00	0.00e+00	7.46e-01	2.43e-08	2.68e-08
 2.73949e+23	7.55e-01	2.45e-01	4.14e-04	1.42e-06	0.00e+00	0.00e+00	0.00e+00	0.00e+00	0.00e+00	7.55e-01	2.41e-08	2.65e-08
 2.74165e+23	7.64e-01	2.35e-01	3.74e-04	1.34e-06	0.00e+00	0.00e+00	0.00e+00	0.00e+00	0.00e+00	7.64e-01	2.39e-08	2.63e-08
 2.74382e+23	7.73e-01	2.27e-01	3.39e-04	1.26e-06	0.00e+00	0.00e+00	0.00e+00	0.00e+00	0.00e+00	7.73e-01	2.37e-08	2.61e-08
 2.74606e+23	7.82e-01	2.18e-01	3.07e-04	1.19e-06	0.00e+00	0.00e+00	0.00e+00	0.00e+00	0.00e+00	7.82e-01	2.35e-08	2.59e-08
 2.74842e+23	7.90e-01	2.09e-01	2.77e-04	1.12e-06	0.00e+00	0.00e+00	0.00e+00	0.00e+00	0.00e+00	7.90e-01	2.33e-08	2.56e-08
 2.75080e+23	7.98e-01	2.01e-01	2.51e-04	1.06e-06	0.00e+00	0.00e+00	0.00e+00	0.00e+00	0.00e+00	7.98e-01	2.31e-08	2.53e-08
 2.75323e+23	8.06e-01	1.94e-01	2.27e-04	9.96e-07	0.00e+00	0.00e+00	0.00e+00	0.00e+00	0.00e+00	8.06e-01	2.29e-08	2.51e-08
 2.75578e+23	8.14e-01	1.86e-01	2.05e-04	9.39e-07	0.00e+00	0.00e+00	0.00e+00	0.00e+00	0.00e+00	8.14e-01	2.26e-08	2.49e-08
 2.75844e+23	8.21e-01	1.78e-01	1.85e-04	8.84e-07	0.00e+00	0.00e+00	0.00e+00	0.00e+00	0.00e+00	8.21e-01	2.24e-08	2.46e-08
 2.76116e+23	8.29e-01	1.71e-01	1.67e-04	8.34e-07	0.00e+00	0.00e+00	0.00e+00	0.00e+00	0.00e+00	8.29e-01	2.22e-08	2.43e-08
 2.76397e+23	8.35e-01	1.64e-01	1.52e-04	7.86e-07	0.00e+00	0.00e+00	0.00e+00	0.00e+00	0.00e+00	8.35e-01	2.20e-08	2.41e-08
 2.76690e+23	8.42e-01	1.58e-01	1.38e-04	7.41e-07	0.00e+00	0.00e+00	0.00e+00	0.00e+00	0.00e+00	8.42e-01	2.18e-08	2.38e-08
 2.76997e+23	8.49e-01	1.51e-01	1.25e-04	6.98e-07	0.00e+00	0.00e+00	0.00e+00	0.00e+00	0.00e+00	8.49e-01	2.15e-08	2.36e-08
 2.77312e+23	8.55e-01	1.45e-01	1.14e-04	6.59e-07	0.00e+00	0.00e+00	0.00e+00	0.00e+00	0.00e+00	8.55e-01	2.13e-08	2.34e-08
 2.77632e+23	8.61e-01	1.39e-01	1.04e-04	6.23e-07	0.00e+00	0.00e+00	0.00e+00	0.00e+00	0.00e+00	8.61e-01	2.12e-08	2.31e-08
 2.77962e+23	8.66e-01	1.34e-01	9.54e-05	5.89e-07	0.00e+00	0.00e+00	0.00e+00	0.00e+00	0.00e+00	8.66e-01	2.09e-08	2.28e-08
 2.78305e+23	8.71e-01	1.29e-01	8.78e-05	5.58e-07	0.00e+00	0.00e+00	0.00e+00	0.00e+00	0.00e+00	8.71e-01	2.07e-08	2.25e-08
 2.78660e+23	8.76e-01	1.24e-01	8.11e-05	5.28e-07	0.00e+00	0.00e+00	0.00e+00	0.00e+00	0.00e+00	8.76e-01	2.06e-08	2.22e-08
 2.79028e+23	8.81e-01	1.19e-01	7.53e-05	5.00e-07	0.00e+00	0.00e+00	0.00e+00	0.00e+00	0.00e+00	8.81e-01	2.04e-08	2.19e-08
 2.79411e+23	8.85e-01	1.15e-01	7.01e-05	4.74e-07	0.00e+00	0.00e+00	0.00e+00	0.00e+00	0.00e+00	8.85e-01	2.02e-08	2.16e-08
 2.79808e+23	8.89e-01	1.11e-01	6.56e-05	4.50e-07	0.00e+00	0.00e+00	0.00e+00	0.00e+00	0.00e+00	8.89e-01	2.00e-08	2.14e-08
 2.80226e+23	8.93e-01	1.07e-01	6.16e-05	4.27e-07	0.00e+00	0.00e+00	0.00e+00	0.00e+00	0.00e+00	8.93e-01	1.99e-08	2.11e-08
 2.80666e+23	8.97e-01	1.03e-01	5.80e-05	4.06e-07	0.00e+00	0.00e+00	0.00e+00	0.00e+00	0.00e+00	8.97e-01	1.98e-08	2.09e-08
 2.81127e+23	9.01e-01	9.93e-02	5.49e-05	3.85e-07	0.00e+00	0.00e+00	0.00e+00	0.00e+00	0.00e+00	9.01e-01	1.97e-08	2.07e-08
 2.81612e+23	9.04e-01	9.58e-02	5.21e-05	3.66e-07	0.00e+00	0.00e+00	0.00e+00	0.00e+00	0.00e+00	9.04e-01	1.96e-08	2.05e-08
 2.82128e+23	9.08e-01	9.23e-02	4.96e-05	3.47e-07	0.00e+00	0.00e+00	0.00e+00	0.00e+00	0.00e+00	9.08e-01	1.95e-08	2.02e-08
 2.82675e+23	9.11e-01	8.90e-02	4.73e-05	3.29e-07	0.00e+00	0.00e+00	0.00e+00	0.00e+00	0.00e+00	9.11e-01	1.94e-08	2.01e-08
 2.83242e+23	9.14e-01	8.58e-02	4.53e-05	3.11e-07	0.00e+00	0.00e+00	0.00e+00	0.00e+00	0.00e+00	9.14e-01	1.93e-08	1.99e-08
 2.83796e+23	9.17e-01	8.30e-02	4.37e-05	2.97e-07	0.00e+00	0.00e+00	0.00e+00	0.00e+00	0.00e+00	9.17e-01	1.93e-08	1.97e-08
 2.84328e+23	9.19e-01	8.05e-02	4.24e-05	2.84e-07	0.00e+00	0.00e+00	0.00e+00	0.00e+00	0.00e+00	9.19e-01	1.92e-08	1.96e-08
 2.84849e+23	9.22e-01	7.82e-02	4.12e-05	2.71e-07	0.00e+00	0.00e+00	0.00e+00	0.00e+00	0.00e+00	9.22e-01	1.92e-08	1.95e-08
 2.85360e+23	9.24e-01	7.61e-02	4.01e-05	2.60e-07	0.00e+00	0.00e+00	0.00e+00	0.00e+00	0.00e+00	9.24e-01	1.92e-08	1.93e-08
 2.85860e+23	9.26e-01	7.40e-02	3.92e-05	2.50e-07	0.00e+00	0.00e+00	0.00e+00	0.00e+00	0.00e+00	9.26e-01	1.92e-08	1.92e-08
 2.86342e+23	9.28e-01	7.20e-02	3.84e-05	2.40e-07	0.00e+00	0.00e+00	0.00e+00	0.00e+00	0.00e+00	9.28e-01	1.91e-08	1.91e-08
 2.86803e+23	9.30e-01	7.02e-02	3.77e-05	2.31e-07	0.00e+00	0.00e+00	0.00e+00	0.00e+00	0.00e+00	9.30e-01	1.91e-08	1.90e-08
 2.87232e+23	9.31e-01	6.86e-02	3.71e-05	2.23e-07	0.00e+00	0.00e+00	0.00e+00	0.00e+00	0.00e+00	9.31e-01	1.91e-08	1.89e-08
 2.87648e+23	9.33e-01	6.70e-02	3.66e-05	2.16e-07	0.00e+00	0.00e+00	0.00e+00	0.00e+00	0.00e+00	9.33e-01	1.90e-08	1.88e-08
 2.88065e+23	9.35e-01	6.54e-02	3.61e-05	2.08e-07	0.00e+00	0.00e+00	0.00e+00	0.00e+00	0.00e+00	9.35e-01	1.90e-08	1.87e-08
 2.88469e+23	9.36e-01	6.39e-02	3.56e-05	2.01e-07	0.00e+00	0.00e+00	0.00e+00	0.00e+00	0.00e+00	9.36e-01	1.90e-08	1.87e-08
 2.88859e+23	9.38e-01	6.24e-02	3.52e-05	1.95e-07	0.00e+00	0.00e+00	0.00e+00	0.00e+00	0.00e+00	9.38e-01	1.90e-08	1.86e-08
 2.89233e+23	9.39e-01	6.11e-02	3.48e-05	1.89e-07	0.00e+00	0.00e+00	0.00e+00	0.00e+00	0.00e+00	9.39e-01	1.89e-08	1.85e-08
 2.89595e+23	9.40e-01	5.97e-02	3.44e-05	1.83e-07	0.00e+00	0.00e+00	0.00e+00	0.00e+00	0.00e+00	9.40e-01	1.89e-08	1.84e-08
 2.89946e+23	9.42e-01	5.85e-02	3.41e-05	1.78e-07	0.00e+00	0.00e+00	0.00e+00	0.00e+00	0.00e+00	9.42e-01	1.89e-08	1.84e-08
 2.90284e+23	9.43e-01	5.72e-02	3.38e-05	1.73e-07	0.00e+00	0.00e+00	0.00e+00	0.00e+00	0.00e+00	9.43e-01	1.89e-08	1.83e-08
 2.90610e+23	9.44e-01	5.60e-02	3.35e-05	1.68e-07	0.00e+00	0.00e+00	0.00e+00	0.00e+00	0.00e+00	9.44e-01	1.88e-08	1.82e-08
 2.90924e+23	9.45e-01	5.49e-02	3.33e-05	1.63e-07	0.00e+00	0.00e+00	0.00e+00	0.00e+00	0.00e+00	9.45e-01	1.88e-08	1.81e-08
 2.91227e+23	9.46e-01	5.38e-02	3.31e-05	1.59e-07	0.00e+00	0.00e+00	0.00e+00	0.00e+00	0.00e+00	9.46e-01	1.88e-08	1.81e-08
 2.91515e+23	9.47e-01	5.28e-02	3.28e-05	1.55e-07	0.00e+00	0.00e+00	0.00e+00	0.00e+00	0.00e+00	9.47e-01	1.88e-08	1.80e-08
 2.91796e+23	9.48e-01	5.17e-02	3.26e-05	1.51e-07	0.00e+00	0.00e+00	0.00e+00	0.00e+00	0.00e+00	9.48e-01	1.87e-08	1.79e-08
 2.92071e+23	9.49e-01	5.07e-02	3.24e-05	1.47e-07	0.00e+00	0.00e+00	0.00e+00	0.00e+00	0.00e+00	9.49e-01	1.87e-08	1.79e-08
 2.92321e+23	9.50e-01	4.98e-02	3.23e-05	1.44e-07	0.00e+00	0.00e+00	0.00e+00	0.00e+00	0.00e+00	9.50e-01	1.87e-08	1.78e-08
 2.92548e+23	9.51e-01	4.90e-02	3.21e-05	1.41e-07	0.00e+00	0.00e+00	0.00e+00	0.00e+00	0.00e+00	9.51e-01	1.86e-08	1.78e-08
 2.92755e+23	9.52e-01	4.83e-02	3.20e-05	1.39e-07	0.00e+00	0.00e+00	0.00e+00	0.00e+00	0.00e+00	9.52e-01	1.86e-08	1.77e-08
 2.92944e+23	9.52e-01	4.77e-02	3.18e-05	1.36e-07	0.00e+00	0.00e+00	0.00e+00	0.00e+00	0.00e+00	9.52e-01	1.86e-08	1.76e-08
 2.93115e+23	9.53e-01	4.71e-02	3.17e-05	1.34e-07	0.00e+00	0.00e+00	0.00e+00	0.00e+00	0.00e+00	9.53e-01	1.85e-08	1.76e-08
 2.93271e+23	9.53e-01	4.65e-02	3.16e-05	1.32e-07	0.00e+00	0.00e+00	0.00e+00	0.00e+00	0.00e+00	9.53e-01	1.85e-08	1.75e-08
 2.93413e+23	9.54e-01	4.61e-02	3.15e-05	1.31e-07	0.00e+00	0.00e+00	0.00e+00	0.00e+00	0.00e+00	9.54e-01	1.85e-08	1.75e-08
 2.93569e+23	9.55e-01	4.54e-02	3.14e-05	1.29e-07	0.00e+00	0.00e+00	0.00e+00	0.00e+00	0.00e+00	9.55e-01	1.84e-08	1.74e-08
 2.93737e+23	9.55e-01	4.47e-02	3.13e-05	1.26e-07	0.00e+00	0.00e+00	0.00e+00	0.00e+00	0.00e+00	9.55e-01	1.83e-08	1.74e-08
 2.93890e+23	9.56e-01	4.42e-02	3.11e-05	1.25e-07	0.00e+00	0.00e+00	0.00e+00	0.00e+00	0.00e+00	9.56e-01	1.82e-08	1.73e-08
 2.94057e+23	9.56e-01	4.36e-02	3.10e-05	0.00e+00	0.00e+00	0.00e+00	0.00e+00	0.00e+00	0.00e+00	9.56e-01	1.81e-08	1.73e-08
 2.94238e+23	9.57e-01	4.28e-02	3.08e-05	0.00e+00	0.00e+00	0.00e+00	0.00e+00	0.00e+00	0.00e+00	9.57e-01	1.80e-08	1.72e-08
 2.94403e+23	9.58e-01	4.22e-02	3.07e-05	0.00e+00	0.00e+00	0.00e+00	0.00e+00	0.00e+00	0.00e+00	9.58e-01	1.80e-08	1.72e-08
 2.94552e+23	9.58e-01	4.18e-02	3.05e-05	0.00e+00	0.00e+00	0.00e+00	0.00e+00	0.00e+00	0.00e+00	9.58e-01	1.79e-08	1.71e-08
 2.94717e+23	9.59e-01	4.11e-02	3.04e-05	0.00e+00	0.00e+00	0.00e+00	0.00e+00	0.00e+00	0.00e+00	9.59e-01	1.78e-08	1.71e-08
 2.94894e+23	9.60e-01	4.04e-02	3.02e-05	0.00e+00	0.00e+00	0.00e+00	0.00e+00	0.00e+00	0.00e+00	9.60e-01	1.78e-08	1.70e-08
 2.95055e+23	9.60e-01	4.00e-02	3.00e-05	0.00e+00	0.00e+00	0.00e+00	0.00e+00	0.00e+00	0.00e+00	9.60e-01	1.77e-08	1.70e-08
 2.95232e+23	9.61e-01	3.94e-02	2.98e-05	0.00e+00	0.00e+00	0.00e+00	0.00e+00	0.00e+00	0.00e+00	9.61e-01	1.77e-08	1.70e-08
 2.95422e+23	9.61e-01	3.87e-02	2.96e-05	0.00e+00	0.00e+00	0.00e+00	0.00e+00	0.00e+00	0.00e+00	9.61e-01	1.76e-08	1.69e-08
 2.95596e+23	9.62e-01	3.81e-02	2.94e-05	0.00e+00	0.00e+00	0.00e+00	0.00e+00	0.00e+00	0.00e+00	9.62e-01	1.75e-08	1.69e-08
 2.95754e+23	9.62e-01	3.79e-02	2.92e-05	0.00e+00	0.00e+00	0.00e+00	0.00e+00	0.00e+00	0.00e+00	9.62e-01	1.75e-08	1.69e-08
 2.95927e+23	9.63e-01	3.73e-02	2.90e-05	0.00e+00	0.00e+00	0.00e+00	0.00e+00	0.00e+00	0.00e+00	9.63e-01	1.75e-08	1.69e-08
 2.96114e+23	9.63e-01	3.67e-02	2.88e-05	0.00e+00	0.00e+00	0.00e+00	0.00e+00	0.00e+00	0.00e+00	9.63e-01	1.75e-08	1.68e-08
 2.96284e+23	9.64e-01	3.61e-02	2.86e-05	0.00e+00	0.00e+00	0.00e+00	0.00e+00	0.00e+00	0.00e+00	9.64e-01	1.74e-08	1.68e-08
 2.96439e+23	9.64e-01	3.59e-02	2.84e-05	0.00e+00	0.00e+00	0.00e+00	0.00e+00	0.00e+00	0.00e+00	9.64e-01	1.74e-08	1.68e-08
 2.96608e+23	9.65e-01	3.53e-02	2.82e-05	0.00e+00	0.00e+00	0.00e+00	0.00e+00	0.00e+00	0.00e+00	9.65e-01	1.74e-08	1.67e-08
 2.96791e+23	9.65e-01	3.47e-02	2.79e-05	0.00e+00	0.00e+00	0.00e+00	0.00e+00	0.00e+00	0.00e+00	9.65e-01	1.73e-08	1.67e-08
 2.96958e+23	9.66e-01	3.42e-02	2.77e-05	0.00e+00	0.00e+00	0.00e+00	0.00e+00	0.00e+00	0.00e+00	9.66e-01	1.72e-08	1.66e-08
 2.97109e+23	9.66e-01	3.40e-02	2.76e-05	0.00e+00	0.00e+00	0.00e+00	0.00e+00	0.00e+00	0.00e+00	9.66e-01	1.73e-08	1.66e-08
 2.97275e+23	9.66e-01	3.35e-02	2.73e-05	0.00e+00	0.00e+00	0.00e+00	0.00e+00	0.00e+00	0.00e+00	9.66e-01	1.72e-08	1.66e-08
 2.97455e+23	9.67e-01	3.29e-02	2.71e-05	0.00e+00	0.00e+00	0.00e+00	0.00e+00	0.00e+00	0.00e+00	9.67e-01	1.72e-08	1.66e-08
 2.97618e+23	9.67e-01	3.25e-02	2.68e-05	0.00e+00	0.00e+00	0.00e+00	0.00e+00	0.00e+00	0.00e+00	9.67e-01	1.71e-08	1.65e-08
 2.97766e+23	9.68e-01	3.21e-02	2.66e-05	0.00e+00	0.00e+00	0.00e+00	0.00e+00	0.00e+00	0.00e+00	9.68e-01	1.71e-08	1.65e-08
 2.97901e+23	9.68e-01	3.18e-02	2.64e-05	0.00e+00	0.00e+00	0.00e+00	0.00e+00	0.00e+00	0.00e+00	9.68e-01	1.71e-08	1.64e-08
 2.98050e+23	9.69e-01	3.14e-02	2.62e-05	0.00e+00	0.00e+00	0.00e+00	0.00e+00	0.00e+00	0.00e+00	9.69e-01	1.70e-08	1.64e-08
 2.98242e+23	9.69e-01	3.08e-02	2.58e-05	0.00e+00	0.00e+00	0.00e+00	0.00e+00	0.00e+00	0.00e+00	9.69e-01	1.70e-08	1.64e-08
 2.98450e+23	9.70e-01	3.01e-02	2.55e-05	0.00e+00	0.00e+00	0.00e+00	0.00e+00	0.00e+00	0.00e+00	9.70e-01	1.69e-08	1.63e-08
 2.98639e+23	9.70e-01	2.96e-02	2.53e-05	0.00e+00	0.00e+00	0.00e+00	0.00e+00	0.00e+00	0.00e+00	9.70e-01	1.69e-08	1.63e-08
 2.98811e+23	9.71e-01	2.93e-02	2.51e-05	0.00e+00	0.00e+00	0.00e+00	0.00e+00	0.00e+00	0.00e+00	9.71e-01	1.69e-08	1.62e-08
 2.99000e+23	9.71e-01	2.87e-02	2.48e-05	0.00e+00	0.00e+00	0.00e+00	0.00e+00	0.00e+00	0.00e+00	9.71e-01	1.68e-08	1.62e-08
 2.99203e+23	9.72e-01	2.81e-02	2.45e-05	0.00e+00	0.00e+00	0.00e+00	0.00e+00	0.00e+00	0.00e+00	9.72e-01	1.68e-08	1.61e-08
 2.99388e+23	9.72e-01	2.78e-02	2.43e-05	0.00e+00	0.00e+00	0.00e+00	0.00e+00	0.00e+00	0.00e+00	9.72e-01	1.67e-08	1.61e-08
 2.99557e+23	9.73e-01	2.74e-02	2.40e-05	0.00e+00	0.00e+00	0.00e+00	0.00e+00	0.00e+00	0.00e+00	9.73e-01	1.67e-08	1.60e-08
 2.99710e+23	9.73e-01	2.71e-02	2.39e-05	0.00e+00	0.00e+00	0.00e+00	0.00e+00	0.00e+00	0.00e+00	9.73e-01	1.66e-08	1.60e-08
 2.99879e+23	9.73e-01	2.66e-02	2.36e-05	0.00e+00	0.00e+00	0.00e+00	0.00e+00	0.00e+00	0.00e+00	9.73e-01	1.66e-08	1.59e-08
 3.00060e+23	9.74e-01	2.62e-02	2.34e-05	0.00e+00	0.00e+00	0.00e+00	0.00e+00	0.00e+00	0.00e+00	9.74e-01	1.66e-08	1.59e-08
 3.00225e+23	9.74e-01	2.58e-02	2.32e-05	0.00e+00	0.00e+00	0.00e+00	0.00e+00	0.00e+00	0.00e+00	9.74e-01	1.65e-08	1.58e-08
 3.00375e+23	9.74e-01	2.55e-02	2.30e-05	0.00e+00	0.00e+00	0.00e+00	0.00e+00	0.00e+00	0.00e+00	9.74e-01	1.65e-08	1.58e-08
 3.00540e+23	9.75e-01	2.51e-02	2.28e-05	0.00e+00	0.00e+00	0.00e+00	0.00e+00	0.00e+00	0.00e+00	9.75e-01	1.63e-08	1.56e-08
 3.00718e+23	9.75e-01	2.49e-02	2.26e-05	0.00e+00	0.00e+00	0.00e+00	0.00e+00	0.00e+00	0.00e+00	9.75e-01	1.63e-08	1.56e-08
 3.00913e+23	9.76e-01	2.44e-02	2.24e-05	0.00e+00	0.00e+00	0.00e+00	0.00e+00	0.00e+00	0.00e+00	9.76e-01	1.61e-08	1.54e-08
 3.01123e+23	9.76e-01	2.40e-02	2.22e-05	0.00e+00	0.00e+00	0.00e+00	0.00e+00	0.00e+00	0.00e+00	9.76e-01	1.60e-08	1.53e-08
 3.01314e+23	9.76e-01	2.36e-02	2.20e-05	0.00e+00	0.00e+00	0.00e+00	0.00e+00	0.00e+00	0.00e+00	9.76e-01	1.58e-08	1.52e-08
 3.01489e+23	9.77e-01	2.34e-02	2.18e-05	0.00e+00	0.00e+00	0.00e+00	0.00e+00	0.00e+00	0.00e+00	9.77e-01	1.57e-08	1.51e-08
 3.01680e+23	9.77e-01	2.30e-02	2.16e-05	0.00e+00	0.00e+00	0.00e+00	0.00e+00	0.00e+00	0.00e+00	9.77e-01	1.56e-08	1.50e-08
 3.01886e+23	9.77e-01	2.26e-02	2.14e-05	0.00e+00	0.00e+00	0.00e+00	0.00e+00	0.00e+00	0.00e+00	9.77e-01	1.55e-08	1.48e-08
 3.02073e+23	9.78e-01	2.23e-02	2.12e-05	0.00e+00	0.00e+00	0.00e+00	0.00e+00	0.00e+00	0.00e+00	9.78e-01	1.54e-08	1.47e-08
 3.02279e+23	9.78e-01	2.19e-02	2.10e-05	0.00e+00	0.00e+00	0.00e+00	0.00e+00	0.00e+00	0.00e+00	9.78e-01	1.52e-08	1.45e-08
 3.02500e+23	9.78e-01	2.15e-02	2.08e-05	0.00e+00	0.00e+00	0.00e+00	0.00e+00	0.00e+00	0.00e+00	9.78e-01	1.51e-08	1.43e-08
 3.02702e+23	9.79e-01	2.12e-02	2.06e-05	0.00e+00	0.00e+00	0.00e+00	0.00e+00	0.00e+00	0.00e+00	9.79e-01	1.49e-08	1.42e-08
 3.02886e+23	9.79e-01	2.10e-02	2.04e-05	0.00e+00	0.00e+00	0.00e+00	0.00e+00	0.00e+00	0.00e+00	9.79e-01	1.48e-08	1.41e-08
 3.03087e+23	9.79e-01	2.06e-02	2.02e-05	0.00e+00	0.00e+00	0.00e+00	0.00e+00	0.00e+00	0.00e+00	9.79e-01	1.47e-08	1.39e-08
 3.03304e+23	9.80e-01	2.02e-02	2.00e-05	0.00e+00	0.00e+00	0.00e+00	0.00e+00	0.00e+00	0.00e+00	9.80e-01	1.46e-08	1.38e-08
 3.03502e+23	9.80e-01	2.00e-02	1.99e-05	0.00e+00	0.00e+00	0.00e+00	0.00e+00	0.00e+00	0.00e+00	9.80e-01	1.45e-08	1.37e-08
 3.03719e+23	9.80e-01	1.96e-02	1.96e-05	0.00e+00	0.00e+00	0.00e+00	0.00e+00	0.00e+00	0.00e+00	9.80e-01	1.43e-08	1.35e-08
 3.03953e+23	9.81e-01	1.92e-02	1.94e-05	0.00e+00	0.00e+00	0.00e+00	0.00e+00	0.00e+00	0.00e+00	9.81e-01	1.42e-08	1.34e-08
 3.04166e+23	9.81e-01	1.90e-02	1.93e-05	0.00e+00	0.00e+00	0.00e+00	0.00e+00	0.00e+00	0.00e+00	9.81e-01	1.41e-08	1.32e-08
 3.04399e+23	9.81e-01	1.86e-02	1.91e-05	0.00e+00	0.00e+00	0.00e+00	0.00e+00	0.00e+00	0.00e+00	9.81e-01	1.39e-08	1.30e-08
 3.04651e+23	9.82e-01	1.82e-02	1.88e-05	0.00e+00	0.00e+00	0.00e+00	0.00e+00	0.00e+00	0.00e+00	9.82e-01	1.37e-08	1.28e-08
 3.04880e+23	9.82e-01	1.79e-02	1.87e-05	0.00e+00	0.00e+00	0.00e+00	0.00e+00	0.00e+00	0.00e+00	9.82e-01	1.36e-08	1.27e-08
 3.05131e+23	9.82e-01	1.76e-02	1.85e-05	0.00e+00	0.00e+00	0.00e+00	0.00e+00	0.00e+00	0.00e+00	9.82e-01	1.34e-08	1.25e-08
 3.05402e+23	9.83e-01	1.72e-02	1.83e-05	0.00e+00	0.00e+00	0.00e+00	0.00e+00	0.00e+00	0.00e+00	9.83e-01	1.33e-08	1.23e-08
 3.05649e+23	9.83e-01	1.69e-02	1.81e-05	0.00e+00	0.00e+00	0.00e+00	0.00e+00	0.00e+00	0.00e+00	9.83e-01	1.31e-08	1.22e-08
 3.05873e+23	9.83e-01	1.66e-02	1.79e-05	0.00e+00	0.00e+00	0.00e+00	0.00e+00	0.00e+00	0.00e+00	9.83e-01	1.29e-08	1.20e-08
 3.06078e+23	9.84e-01	1.64e-02	1.78e-05	0.00e+00	0.00e+00	0.00e+00	0.00e+00	0.00e+00	0.00e+00	9.84e-01	1.29e-08	1.19e-08
 3.06302e+23	9.84e-01	1.61e-02	1.76e-05	0.00e+00	0.00e+00	0.00e+00	0.00e+00	0.00e+00	0.00e+00	9.84e-01	1.27e-08	1.17e-08
 3.06543e+23	9.84e-01	1.58e-02	1.74e-05	0.00e+00	0.00e+00	0.00e+00	0.00e+00	0.00e+00	0.00e+00	9.84e-01	1.25e-08	1.15e-08
 3.06763e+23	9.84e-01	1.56e-02	1.73e-05	0.00e+00	0.00e+00	0.00e+00	0.00e+00	0.00e+00	0.00e+00	9.84e-01	1.25e-08	1.14e-08
 3.07004e+23	9.85e-01	1.53e-02	1.71e-05	0.00e+00	0.00e+00	0.00e+00	0.00e+00	0.00e+00	0.00e+00	9.85e-01	1.23e-08	1.12e-08
 3.07264e+23	9.85e-01	1.50e-02	1.69e-05	0.00e+00	0.00e+00	0.00e+00	0.00e+00	0.00e+00	0.00e+00	9.85e-01	1.21e-08	1.10e-08
 3.07501e+23	9.85e-01	1.48e-02	1.68e-05	0.00e+00	0.00e+00	0.00e+00	0.00e+00	0.00e+00	0.00e+00	9.85e-01	1.20e-08	1.09e-08
 3.07761e+23	9.86e-01	1.45e-02	1.66e-05	0.00e+00	0.00e+00	0.00e+00	0.00e+00	0.00e+00	0.00e+00	9.86e-01	1.18e-08	1.07e-08
 3.08041e+23	9.86e-01	1.41e-02	1.64e-05	0.00e+00	0.00e+00	0.00e+00	0.00e+00	0.00e+00	0.00e+00	9.86e-01	1.16e-08	1.05e-08
 3.08295e+23	9.86e-01	1.39e-02	1.62e-05	0.00e+00	0.00e+00	0.00e+00	0.00e+00	0.00e+00	0.00e+00	9.86e-01	1.16e-08	1.04e-08
 3.08492e+23	9.86e-01	1.38e-02	1.61e-05	0.00e+00	0.00e+00	0.00e+00	0.00e+00	0.00e+00	0.00e+00	9.86e-01	1.15e-08	1.04e-08
