#depth	H	H+	H2
 4.62852e+21	6.60e-05	1.00e+00	4.32e-25
 1.03613e+22	9.77e-05	1.00e+00	2.63e-24
 1.20176e+22	1.18e-04	1.00e+00	6.43e-24
 1.29199e+22	1.34e-04	1.00e+00	1.14e-23
 1.34147e+22	1.41e-04	1.00e+00	1.43e-23
 1.37471e+22	1.50e-04	1.00e+00	1.93e-23
 1.40993e+22	1.59e-04	1.00e+00	2.46e-23
 1.44771e+22	1.71e-04	1.00e+00	3.46e-23
 1.48595e+22	1.82e-04	1.00e+00	4.58e-23
 1.51969e+22	1.92e-04	1.00e+00	6.02e-23
 1.55844e+22	2.07e-04	1.00e+00	8.59e-23
 1.59768e+22	2.20e-04	1.00e+00	1.14e-22
 1.63757e+22	2.38e-04	1.00e+00	1.64e-22
 1.67796e+22	2.53e-04	1.00e+00	2.19e-22
 1.71902e+22	2.74e-04	1.00e+00	3.20e-22
 1.76062e+22	2.92e-04	1.00e+00	4.32e-22
 1.79689e+22	3.11e-04	1.00e+00	5.80e-22
 1.83154e+22	3.28e-04	1.00e+00	7.62e-22
 1.86438e+22	3.47e-04	1.00e+00	9.95e-22
 1.90139e+22	3.72e-04	1.00e+00	1.40e-21
 1.93840e+22	3.94e-04	1.00e+00	1.85e-21
 1.97544e+22	4.22e-04	1.00e+00	2.63e-21
 2.01309e+22	4.47e-04	1.00e+00	3.52e-21
 2.05154e+22	4.80e-04	1.00e+00	5.11e-21
 2.09030e+22	5.09e-04	9.99e-01	6.94e-21
 2.12945e+22	5.49e-04	9.99e-01	1.04e-20
 2.16864e+22	5.81e-04	9.99e-01	1.42e-20
 2.20016e+22	6.10e-04	9.99e-01	1.88e-20
 2.23341e+22	6.48e-04	9.99e-01	2.64e-20
 2.26713e+22	6.82e-04	9.99e-01	3.58e-20
 2.29680e+22	7.16e-04	9.99e-01	4.75e-20
 2.33068e+22	7.61e-04	9.99e-01	6.95e-20
 2.36497e+22	8.01e-04	9.99e-01	9.74e-20
 2.39502e+22	8.41e-04	9.99e-01	1.32e-19
 2.42929e+22	8.96e-04	9.99e-01	2.11e-19
 2.46384e+22	9.41e-04	9.99e-01	2.91e-19
 2.49874e+22	1.00e-03	9.99e-01	4.58e-19
 2.53419e+22	1.06e-03	9.99e-01	6.97e-19
 2.56540e+22	1.11e-03	9.99e-01	1.00e-18
 2.60102e+22	1.18e-03	9.99e-01	1.71e-18
 2.63741e+22	1.25e-03	9.99e-01	2.66e-18
 2.66991e+22	1.31e-03	9.99e-01	4.34e-18
 2.70727e+22	1.40e-03	9.99e-01	9.05e-18
 2.74519e+22	1.48e-03	9.99e-01	1.67e-17
 2.78385e+22	1.58e-03	9.98e-01	3.46e-17
 2.82353e+22	1.68e-03	9.98e-01	7.96e-17
 2.85866e+22	1.77e-03	9.98e-01	1.40e-16
 2.89843e+22	1.90e-03	9.98e-01	2.79e-16
 2.93919e+22	2.01e-03	9.98e-01	4.07e-16
 2.98121e+22	2.16e-03	9.98e-01	6.55e-16
 3.01789e+22	2.26e-03	9.98e-01	8.73e-16
 3.03488e+22	2.28e-03	9.98e-01	9.52e-16
 3.04229e+22	2.30e-03	9.98e-01	1.01e-15
 3.04997e+22	2.34e-03	9.98e-01	1.10e-15
 3.05995e+22	2.37e-03	9.98e-01	1.19e-15
 3.07292e+22	2.43e-03	9.98e-01	1.37e-15
 3.08978e+22	2.49e-03	9.98e-01	1.58e-15
 3.11171e+22	2.60e-03	9.97e-01	1.98e-15
 3.14021e+22	2.72e-03	9.97e-01	2.53e-15
 3.17097e+22	2.86e-03	9.97e-01	3.19e-15
 3.19977e+22	2.98e-03	9.97e-01	3.93e-15
 3.23229e+22	3.15e-03	9.97e-01	5.08e-15
 3.26552e+22	3.30e-03	9.97e-01	6.21e-15
 3.29969e+22	3.49e-03	9.97e-01	8.03e-15
 3.33443e+22	3.66e-03	9.96e-01	9.85e-15
 3.36991e+22	3.88e-03	9.96e-01	1.27e-14
 3.40597e+22	4.07e-03	9.96e-01	1.57e-14
 3.44278e+22	4.33e-03	9.96e-01	2.04e-14
 3.48042e+22	4.56e-03	9.95e-01	2.52e-14
 3.51914e+22	4.85e-03	9.95e-01	3.27e-14
 3.55890e+22	5.12e-03	9.95e-01	4.08e-14
 3.59464e+22	5.39e-03	9.95e-01	5.05e-14
 3.63573e+22	5.77e-03	9.94e-01	6.66e-14
 3.67728e+22	6.08e-03	9.94e-01	8.33e-14
 3.71944e+22	6.51e-03	9.93e-01	1.10e-13
 3.76231e+22	6.88e-03	9.93e-01	1.37e-13
 3.80611e+22	7.39e-03	9.93e-01	1.81e-13
 3.85075e+22	7.81e-03	9.92e-01	2.27e-13
 3.88600e+22	8.17e-03	9.92e-01	2.68e-13
 3.91452e+22	8.47e-03	9.92e-01	3.10e-13
 3.94477e+22	8.89e-03	9.91e-01	3.76e-13
 3.98409e+22	9.49e-03	9.91e-01	4.83e-13
 4.03520e+22	1.03e-02	9.90e-01	6.71e-13
 4.08661e+22	1.10e-02	9.89e-01	8.57e-13
 4.13841e+22	1.20e-02	9.88e-01	1.20e-12
 4.19188e+22	1.28e-02	9.87e-01	1.58e-12
 4.24753e+22	1.42e-02	9.86e-01	2.28e-12
 4.30545e+22	1.53e-02	9.85e-01	3.10e-12
 4.36603e+22	1.71e-02	9.83e-01	4.67e-12
 4.42771e+22	1.87e-02	9.81e-01	6.53e-12
 4.47539e+22	1.99e-02	9.80e-01	8.37e-12
 4.52163e+22	2.19e-02	9.78e-01	1.17e-11
 4.56939e+22	2.38e-02	9.76e-01	1.57e-11
 4.61911e+22	2.66e-02	9.73e-01	2.30e-11
 4.67024e+22	2.95e-02	9.70e-01	3.24e-11
 4.72319e+22	3.40e-02	9.66e-01	5.08e-11
 4.77172e+22	3.79e-02	9.62e-01	7.10e-11
 4.80718e+22	4.19e-02	9.58e-01	9.53e-11
 4.84598e+22	4.77e-02	9.52e-01	1.39e-10
 4.88807e+22	5.53e-02	9.45e-01	2.10e-10
 4.92713e+22	6.44e-02	9.36e-01	3.15e-10
 4.96396e+22	7.58e-02	9.24e-01	4.78e-10
 4.99845e+22	8.99e-02	9.10e-01	7.29e-10
 5.03016e+22	1.07e-01	8.93e-01	1.11e-09
 5.05910e+22	1.28e-01	8.72e-01	1.67e-09
 5.08544e+22	1.53e-01	8.47e-01	2.48e-09
 5.10940e+22	1.81e-01	8.19e-01	3.62e-09
 5.13124e+22	2.14e-01	7.86e-01	5.18e-09
 5.14488e+22	2.37e-01	7.63e-01	6.33e-09
 5.14982e+22	2.46e-01	7.54e-01	6.83e-09
 5.15374e+22	2.54e-01	7.46e-01	7.32e-09
 5.15880e+22	2.64e-01	7.36e-01	7.99e-09
 5.16477e+22	2.78e-01	7.22e-01	8.89e-09
 5.17074e+22	2.91e-01	7.09e-01	9.76e-09
 5.17657e+22	3.04e-01	6.96e-01	1.08e-08
 5.18244e+22	3.19e-01	6.81e-01	1.19e-08
 5.18822e+22	3.33e-01	6.67e-01	1.31e-08
 5.19406e+22	3.49e-01	6.51e-01	1.44e-08
 5.20008e+22	3.65e-01	6.35e-01	1.58e-08
 5.20622e+22	3.82e-01	6.18e-01	1.73e-08
 5.21249e+22	4.00e-01	6.00e-01	1.91e-08
 5.21882e+22	4.19e-01	5.81e-01	2.10e-08
 5.22523e+22	4.38e-01	5.62e-01	2.30e-08
 5.23190e+22	4.58e-01	5.42e-01	2.52e-08
 5.23885e+22	4.79e-01	5.21e-01	2.76e-08
 5.24603e+22	5.01e-01	4.99e-01	3.02e-08
 5.25340e+22	5.23e-01	4.77e-01	3.30e-08
 5.26065e+22	5.45e-01	4.55e-01	3.58e-08
 5.26632e+22	5.60e-01	4.40e-01	3.76e-08
 5.27022e+22	5.71e-01	4.29e-01	3.91e-08
 5.27402e+22	5.82e-01	4.18e-01	4.05e-08
 5.27841e+22	5.94e-01	4.06e-01	4.23e-08
 5.28317e+22	6.07e-01	3.93e-01	4.43e-08
 5.28778e+22	6.19e-01	3.81e-01	4.58e-08
 5.29235e+22	6.31e-01	3.69e-01	4.76e-08
 5.29709e+22	6.43e-01	3.57e-01	4.94e-08
 5.30187e+22	6.54e-01	3.46e-01	5.12e-08
 5.30670e+22	6.66e-01	3.34e-01	5.31e-08
 5.31154e+22	6.76e-01	3.24e-01	5.46e-08
 5.31655e+22	6.87e-01	3.13e-01	5.65e-08
 5.32177e+22	6.98e-01	3.02e-01	5.84e-08
 5.32698e+22	7.09e-01	2.91e-01	6.01e-08
 5.33225e+22	7.19e-01	2.81e-01	6.19e-08
 5.33773e+22	7.29e-01	2.71e-01	6.37e-08
 5.34341e+22	7.39e-01	2.61e-01	6.56e-08
 5.34917e+22	7.48e-01	2.52e-01	6.73e-08
 5.35502e+22	7.57e-01	2.43e-01	6.91e-08
 5.36110e+22	7.66e-01	2.34e-01	7.09e-08
 5.36737e+22	7.75e-01	2.25e-01	7.28e-08
 5.37377e+22	7.84e-01	2.16e-01	7.47e-08
 5.38031e+22	7.92e-01	2.08e-01	7.65e-08
 5.38706e+22	8.00e-01	2.00e-01	7.84e-08
 5.39405e+22	8.08e-01	1.92e-01	8.04e-08
 5.40123e+22	8.16e-01	1.84e-01	8.23e-08
 5.40858e+22	8.23e-01	1.77e-01	8.43e-08
 5.41614e+22	8.30e-01	1.70e-01	8.64e-08
 5.42393e+22	8.37e-01	1.63e-01	8.84e-08
 5.43182e+22	8.43e-01	1.57e-01	9.04e-08
 5.43979e+22	8.50e-01	1.50e-01	9.27e-08
 5.44801e+22	8.56e-01	1.44e-01	9.50e-08
 5.45642e+22	8.61e-01	1.39e-01	9.73e-08
 5.46482e+22	8.67e-01	1.33e-01	9.97e-08
 5.47333e+22	8.72e-01	1.28e-01	1.02e-07
 5.48205e+22	8.77e-01	1.23e-01	1.05e-07
 5.49090e+22	8.81e-01	1.19e-01	1.08e-07
 5.49983e+22	8.86e-01	1.14e-01	1.10e-07
 5.50903e+22	8.90e-01	1.10e-01	1.13e-07
 5.51850e+22	8.94e-01	1.06e-01	1.17e-07
 5.52807e+22	8.98e-01	1.02e-01	1.20e-07
 5.53777e+22	9.02e-01	9.82e-02	1.24e-07
 5.54777e+22	9.05e-01	9.45e-02	1.29e-07
 5.55803e+22	9.09e-01	9.10e-02	1.34e-07
 5.56807e+22	9.12e-01	8.78e-02	1.39e-07
 5.57749e+22	9.15e-01	8.50e-02	1.43e-07
 5.58617e+22	9.17e-01	8.26e-02	1.46e-07
 5.59425e+22	9.20e-01	8.03e-02	1.51e-07
 5.60173e+22	9.22e-01	7.84e-02	1.55e-07
 5.60898e+22	9.23e-01	7.66e-02	1.59e-07
 5.61625e+22	9.25e-01	7.48e-02	1.64e-07
 5.62340e+22	9.27e-01	7.29e-02	1.69e-07
 5.63009e+22	9.29e-01	7.13e-02	1.74e-07
 5.63632e+22	9.30e-01	6.98e-02	1.79e-07
 5.64258e+22	9.32e-01	6.83e-02	1.84e-07
 5.64862e+22	9.33e-01	6.69e-02	1.89e-07
 5.65433e+22	9.34e-01	6.56e-02	1.95e-07
 5.65999e+22	9.36e-01	6.43e-02	2.01e-07
 5.66543e+22	9.37e-01	6.31e-02	2.07e-07
 5.67054e+22	9.38e-01	6.20e-02	2.13e-07
 5.67554e+22	9.39e-01	6.09e-02	2.19e-07
 5.68041e+22	9.40e-01	5.97e-02	2.25e-07
 5.68500e+22	9.41e-01	5.87e-02	2.32e-07
 5.68917e+22	9.42e-01	5.78e-02	2.37e-07
 5.69297e+22	9.43e-01	5.70e-02	2.43e-07
 5.69643e+22	9.44e-01	5.63e-02	2.48e-07
 5.69957e+22	9.44e-01	5.57e-02	2.53e-07
 5.70243e+22	9.45e-01	5.51e-02	2.57e-07
 5.70504e+22	9.45e-01	5.45e-02	2.61e-07
 5.70789e+22	9.46e-01	5.39e-02	2.65e-07
 5.71097e+22	9.47e-01	5.32e-02	2.70e-07
 5.71378e+22	9.47e-01	5.26e-02	2.73e-07
 5.71633e+22	9.48e-01	5.21e-02	2.78e-07
 5.71865e+22	9.48e-01	5.18e-02	2.81e-07
 5.72119e+22	9.49e-01	5.11e-02	2.83e-07
 5.72450e+22	9.50e-01	5.03e-02	2.88e-07
 5.72807e+22	9.50e-01	4.95e-02	2.92e-07
 5.73132e+22	9.51e-01	4.88e-02	2.95e-07
 5.73428e+22	9.52e-01	4.83e-02	2.97e-07
 5.73752e+22	9.52e-01	4.77e-02	2.99e-07
 5.74102e+22	9.53e-01	4.70e-02	3.02e-07
 5.74420e+22	9.53e-01	4.65e-02	3.03e-07
 5.74710e+22	9.54e-01	4.60e-02	3.05e-07
 5.74973e+22	9.54e-01	4.58e-02	3.07e-07
 5.75262e+22	9.55e-01	4.52e-02	3.06e-07
 5.75638e+22	9.56e-01	4.44e-02	3.07e-07
 5.76043e+22	9.56e-01	4.37e-02	3.08e-07
 5.76412e+22	9.57e-01	4.31e-02	3.09e-07
 5.76748e+22	9.57e-01	4.26e-02	3.09e-07
 5.77053e+22	9.58e-01	4.22e-02	3.09e-07
 5.77331e+22	9.58e-01	4.18e-02	3.09e-07
 5.77636e+22	9.59e-01	4.13e-02	3.08e-07
 5.77964e+22	9.59e-01	4.07e-02	3.07e-07
 5.78264e+22	9.60e-01	4.03e-02	3.06e-07
 5.78536e+22	9.60e-01	3.99e-02	3.06e-07
 5.78784e+22	9.60e-01	3.96e-02	3.05e-07
 5.79055e+22	9.61e-01	3.91e-02	3.03e-07
 5.79408e+22	9.61e-01	3.85e-02	3.02e-07
 5.79790e+22	9.62e-01	3.78e-02	3.00e-07
 5.80136e+22	9.63e-01	3.74e-02	2.99e-07
 5.80452e+22	9.63e-01	3.70e-02	2.98e-07
 5.80739e+22	9.63e-01	3.66e-02	2.97e-07
 5.81001e+22	9.64e-01	3.63e-02	2.95e-07
 5.81287e+22	9.64e-01	3.58e-02	2.93e-07
 5.81596e+22	9.65e-01	3.54e-02	2.91e-07
 5.81878e+22	9.65e-01	3.51e-02	2.90e-07
 5.82186e+22	9.65e-01	3.46e-02	2.88e-07
 5.82519e+22	9.66e-01	3.42e-02	2.87e-07
 5.82822e+22	9.66e-01	3.38e-02	2.86e-07
 5.83097e+22	9.67e-01	3.35e-02	2.84e-07
 5.83348e+22	9.67e-01	3.33e-02	2.84e-07
 5.83623e+22	9.67e-01	3.30e-02	2.82e-07
 5.83980e+22	9.67e-01	3.25e-02	2.81e-07
 5.84366e+22	9.68e-01	3.21e-02	2.80e-07
 5.84717e+22	9.68e-01	3.16e-02	2.79e-07
 5.85036e+22	9.69e-01	3.14e-02	2.78e-07
 5.85386e+22	9.69e-01	3.10e-02	2.76e-07
 5.85764e+22	9.69e-01	3.06e-02	2.76e-07
 5.86108e+22	9.70e-01	3.03e-02	2.75e-07
 5.86485e+22	9.70e-01	2.99e-02	2.73e-07
 5.86892e+22	9.71e-01	2.95e-02	2.72e-07
 5.87262e+22	9.71e-01	2.91e-02	2.71e-07
 5.87599e+22	9.71e-01	2.89e-02	2.70e-07
 5.87968e+22	9.72e-01	2.85e-02	2.68e-07
 5.88366e+22	9.72e-01	2.81e-02	2.68e-07
 5.88729e+22	9.72e-01	2.78e-02	2.66e-07
 5.89059e+22	9.72e-01	2.76e-02	2.66e-07
 5.89421e+22	9.73e-01	2.73e-02	2.64e-07
 5.89811e+22	9.73e-01	2.69e-02	2.64e-07
 5.90166e+22	9.73e-01	2.67e-02	2.63e-07
 5.90556e+22	9.74e-01	2.63e-02	2.61e-07
 5.90976e+22	9.74e-01	2.59e-02	2.61e-07
 5.91359e+22	9.74e-01	2.56e-02	2.60e-07
 5.91707e+22	9.75e-01	2.54e-02	2.59e-07
 5.92088e+22	9.75e-01	2.51e-02	2.58e-07
 5.92500e+22	9.75e-01	2.48e-02	2.58e-07
 5.92874e+22	9.75e-01	2.46e-02	2.57e-07
 5.93285e+22	9.76e-01	2.42e-02	2.56e-07
 5.93728e+22	9.76e-01	2.39e-02	2.56e-07
 5.94132e+22	9.76e-01	2.36e-02	2.56e-07
 5.94574e+22	9.77e-01	2.33e-02	2.55e-07
 5.95051e+22	9.77e-01	2.30e-02	2.55e-07
 5.95485e+22	9.77e-01	2.27e-02	2.55e-07
 5.95961e+22	9.78e-01	2.24e-02	2.54e-07
 5.96474e+22	9.78e-01	2.20e-02	2.54e-07
 5.96942e+22	9.78e-01	2.18e-02	2.54e-07
 5.97454e+22	9.79e-01	2.14e-02	2.53e-07
 5.98007e+22	9.79e-01	2.11e-02	2.53e-07
 5.98510e+22	9.79e-01	2.08e-02	2.52e-07
 5.98968e+22	9.79e-01	2.06e-02	2.52e-07
 5.99470e+22	9.80e-01	2.03e-02	2.51e-07
 6.00012e+22	9.80e-01	2.00e-02	2.51e-07
 6.00505e+22	9.80e-01	1.98e-02	2.51e-07
 6.01045e+22	9.81e-01	1.95e-02	2.50e-07
 6.01628e+22	9.81e-01	1.91e-02	2.50e-07
 6.02159e+22	9.81e-01	1.89e-02	2.50e-07
 6.02740e+22	9.81e-01	1.86e-02	2.49e-07
 6.03368e+22	9.82e-01	1.83e-02	2.50e-07
 6.03940e+22	9.82e-01	1.80e-02	2.49e-07
 6.04459e+22	9.82e-01	1.79e-02	2.49e-07
 6.05029e+22	9.82e-01	1.76e-02	2.48e-07
 6.05644e+22	9.83e-01	1.73e-02	2.48e-07
 6.06204e+22	9.83e-01	1.71e-02	2.48e-07
 6.06817e+22	9.83e-01	1.68e-02	2.47e-07
 6.07479e+22	9.84e-01	1.65e-02	2.47e-07
 6.08082e+22	9.84e-01	1.63e-02	2.47e-07
 6.08742e+22	9.84e-01	1.60e-02	2.47e-07
 6.09455e+22	9.84e-01	1.57e-02	2.47e-07
 6.10104e+22	9.84e-01	1.55e-02	2.47e-07
 6.10694e+22	9.85e-01	1.53e-02	2.46e-07
 6.11341e+22	9.85e-01	1.51e-02	2.46e-07
 6.12039e+22	9.85e-01	1.48e-02	2.46e-07
 6.12674e+22	9.85e-01	1.46e-02	2.46e-07
 6.13371e+22	9.86e-01	1.44e-02	2.45e-07
 6.14122e+22	9.86e-01	1.41e-02	2.45e-07
 6.14806e+22	9.86e-01	1.39e-02	2.45e-07
 6.15556e+22	9.86e-01	1.37e-02	2.45e-07
 6.16365e+22	9.87e-01	1.34e-02	2.46e-07
 6.17102e+22	9.87e-01	1.32e-02	2.45e-07
 6.17909e+22	9.87e-01	1.30e-02	2.45e-07
 6.18780e+22	9.87e-01	1.27e-02	2.45e-07
 6.19573e+22	9.88e-01	1.25e-02	2.45e-07
 6.20441e+22	9.88e-01	1.23e-02	2.45e-07
 6.21379e+22	9.88e-01	1.20e-02	2.46e-07
 6.22233e+22	9.88e-01	1.18e-02	2.46e-07
 6.23009e+22	9.88e-01	1.16e-02	2.45e-07
 6.23860e+22	9.89e-01	1.14e-02	2.45e-07
 6.24961e+22	9.89e-01	1.11e-02	2.46e-07
 6.26196e+22	9.89e-01	1.08e-02	2.46e-07
 6.27421e+22	9.89e-01	1.05e-02	2.46e-07
 6.28654e+22	9.90e-01	1.02e-02	2.46e-07
 6.29915e+22	9.90e-01	9.98e-03	2.46e-07
 6.31199e+22	9.90e-01	9.71e-03	2.46e-07
 6.32497e+22	9.91e-01	9.46e-03	2.46e-07
 6.33810e+22	9.91e-01	9.20e-03	2.46e-07
 6.35140e+22	9.91e-01	8.96e-03	2.47e-07
 6.36486e+22	9.91e-01	8.71e-03	2.47e-07
 6.37848e+22	9.92e-01	8.47e-03	2.47e-07
 6.39225e+22	9.92e-01	8.24e-03	2.47e-07
 6.40616e+22	9.92e-01	8.01e-03	2.47e-07
 6.42023e+22	9.92e-01	7.78e-03	2.47e-07
 6.43444e+22	9.92e-01	7.56e-03	2.47e-07
 6.44878e+22	9.93e-01	7.35e-03	2.48e-07
 6.46323e+22	9.93e-01	7.14e-03	2.48e-07
 6.47781e+22	9.93e-01	6.93e-03	2.48e-07
 6.49254e+22	9.93e-01	6.73e-03	2.48e-07
 6.50742e+22	9.93e-01	6.54e-03	2.49e-07
 6.52242e+22	9.94e-01	6.34e-03	2.49e-07
 6.53755e+22	9.94e-01	6.16e-03	2.49e-07
 6.55281e+22	9.94e-01	5.97e-03	2.50e-07
 6.56820e+22	9.94e-01	5.80e-03	2.50e-07
 6.58394e+22	9.94e-01	5.62e-03	2.51e-07
 6.60005e+22	9.95e-01	5.45e-03	2.51e-07
 6.61634e+22	9.95e-01	5.28e-03	2.52e-07
 6.63283e+22	9.95e-01	5.11e-03	2.53e-07
 6.64949e+22	9.95e-01	4.95e-03	2.53e-07
 6.66634e+22	9.95e-01	4.79e-03	2.54e-07
 6.68338e+22	9.95e-01	4.64e-03	2.55e-07
 6.70064e+22	9.96e-01	4.49e-03	2.56e-07
 6.71819e+22	9.96e-01	4.34e-03	2.57e-07
 6.73603e+22	9.96e-01	4.20e-03	2.59e-07
 6.75433e+22	9.96e-01	4.05e-03	2.60e-07
 6.77312e+22	9.96e-01	3.91e-03	2.61e-07
 6.79220e+22	9.96e-01	3.78e-03	2.63e-07
 6.81161e+22	9.96e-01	3.64e-03	2.65e-07
 6.83135e+22	9.96e-01	3.51e-03	2.66e-07
 6.85145e+22	9.97e-01	3.38e-03	2.68e-07
 6.87193e+22	9.97e-01	3.26e-03	2.71e-07
 6.89283e+22	9.97e-01	3.14e-03	2.73e-07
 6.91425e+22	9.97e-01	3.02e-03	2.76e-07
 6.93620e+22	9.97e-01	2.90e-03	2.79e-07
 6.95859e+22	9.97e-01	2.79e-03	2.82e-07
 6.98149e+22	9.97e-01	2.67e-03	2.86e-07
 7.00495e+22	9.97e-01	2.56e-03	2.90e-07
 7.02894e+22	9.98e-01	2.46e-03	2.94e-07
 7.05327e+22	9.98e-01	2.35e-03	2.99e-07
 7.07786e+22	9.98e-01	2.26e-03	3.04e-07
 7.10273e+22	9.98e-01	2.16e-03	3.10e-07
 7.12784e+22	9.98e-01	2.07e-03	3.17e-07
 7.15319e+22	9.98e-01	1.98e-03	3.24e-07
 7.17879e+22	9.98e-01	1.89e-03	3.31e-07
 7.20464e+22	9.98e-01	1.81e-03	3.40e-07
 7.23075e+22	9.98e-01	1.73e-03	3.49e-07
 7.25713e+22	9.98e-01	1.66e-03	3.60e-07
 7.28382e+22	9.98e-01	1.58e-03	3.71e-07
 7.31080e+22	9.98e-01	1.51e-03	3.84e-07
 7.33797e+22	9.99e-01	1.44e-03	3.99e-07
 7.36542e+22	9.99e-01	1.38e-03	4.15e-07
 7.39316e+22	9.99e-01	1.32e-03	4.34e-07
 7.42120e+22	9.99e-01	1.26e-03	4.55e-07
 7.44964e+22	9.99e-01	1.20e-03	4.79e-07
 7.47841e+22	9.99e-01	1.14e-03	5.06e-07
 7.50751e+22	9.99e-01	1.09e-03	5.38e-07
 7.53694e+22	9.99e-01	1.03e-03	5.76e-07
 7.56615e+22	9.99e-01	9.84e-04	6.19e-07
 7.59401e+22	9.99e-01	9.41e-04	6.69e-07
 7.61990e+22	9.99e-01	9.02e-04	7.23e-07
 7.64406e+22	9.99e-01	8.67e-04	7.81e-07
 7.66696e+22	9.99e-01	8.35e-04	8.45e-07
 7.68887e+22	9.99e-01	8.05e-04	9.17e-07
 7.70980e+22	9.99e-01	7.78e-04	9.97e-07
 7.72965e+22	9.99e-01	7.53e-04	1.08e-06
 7.74842e+22	9.99e-01	7.30e-04	1.18e-06
 7.76621e+22	9.99e-01	7.09e-04	1.29e-06
 7.78316e+22	9.99e-01	6.89e-04	1.41e-06
 7.79934e+22	9.99e-01	6.68e-04	1.54e-06
 7.81463e+22	9.99e-01	6.52e-04	1.69e-06
 7.82907e+22	9.99e-01	6.36e-04	1.84e-06
 7.84294e+22	9.99e-01	6.22e-04	2.02e-06
 7.85636e+22	9.99e-01	6.08e-04	2.21e-06
 7.86928e+22	9.99e-01	5.95e-04	2.43e-06
 7.88161e+22	9.99e-01	5.83e-04	2.67e-06
 7.89336e+22	9.99e-01	5.72e-04	2.93e-06
 7.90463e+22	9.99e-01	5.61e-04	3.22e-06
 7.91550e+22	9.99e-01	5.50e-04	3.53e-06
 7.92608e+22	9.99e-01	5.41e-04	3.88e-06
 7.93634e+22	9.99e-01	5.31e-04	4.27e-06
 7.94623e+22	9.99e-01	5.22e-04	4.70e-06
 7.95583e+22	9.99e-01	5.14e-04	5.16e-06
 7.96518e+22	9.99e-01	5.06e-04	5.68e-06
 7.97433e+22	9.99e-01	4.98e-04	6.24e-06
 7.98331e+22	9.99e-01	4.90e-04	6.86e-06
 7.99217e+22	1.00e+00	4.83e-04	7.54e-06
 8.00091e+22	1.00e+00	4.75e-04	8.28e-06
 8.00958e+22	1.00e+00	4.68e-04	9.09e-06
 8.01822e+22	1.00e+00	4.61e-04	9.97e-06
 8.02686e+22	1.00e+00	4.54e-04	1.09e-05
 8.03556e+22	1.00e+00	4.48e-04	1.20e-05
 8.04433e+22	1.00e+00	4.40e-04	1.31e-05
 8.05324e+22	1.00e+00	4.33e-04	1.44e-05
 8.06239e+22	1.00e+00	4.26e-04	1.57e-05
 8.07181e+22	1.00e+00	4.19e-04	1.72e-05
 8.08152e+22	1.00e+00	4.12e-04	1.87e-05
 8.09155e+22	1.00e+00	4.04e-04	2.04e-05
 8.10200e+22	1.00e+00	3.96e-04	2.22e-05
 8.11298e+22	1.00e+00	3.88e-04	2.42e-05
 8.12455e+22	1.00e+00	3.80e-04	2.63e-05
 8.13681e+22	1.00e+00	3.71e-04	2.85e-05
 8.14982e+22	1.00e+00	3.62e-04	3.08e-05
 8.16367e+22	1.00e+00	3.53e-04	3.34e-05
 8.17837e+22	1.00e+00	3.44e-04	3.61e-05
 8.19402e+22	1.00e+00	3.34e-04	3.89e-05
 8.21084e+22	1.00e+00	3.23e-04	4.18e-05
 8.22898e+22	1.00e+00	3.12e-04	4.49e-05
 8.24848e+22	1.00e+00	3.01e-04	4.82e-05
 8.26937e+22	1.00e+00	2.89e-04	5.15e-05
 8.29179e+22	1.00e+00	2.76e-04	5.50e-05
 8.31598e+22	1.00e+00	2.64e-04	5.85e-05
 8.34209e+22	1.00e+00	2.50e-04	6.21e-05
 8.37033e+22	1.00e+00	2.37e-04	6.56e-05
 8.40100e+22	1.00e+00	2.22e-04	6.91e-05
 8.43437e+22	1.00e+00	2.07e-04	7.26e-05
 8.47056e+22	1.00e+00	1.92e-04	7.59e-05
 8.50974e+22	1.00e+00	1.77e-04	7.89e-05
 8.55234e+22	1.00e+00	1.61e-04	8.18e-05
 8.59840e+22	1.00e+00	1.46e-04	8.45e-05
 8.64756e+22	1.00e+00	1.31e-04	8.71e-05
 8.69937e+22	1.00e+00	1.16e-04	8.97e-05
 8.75292e+22	1.00e+00	1.03e-04	9.25e-05
 8.80680e+22	1.00e+00	9.07e-05	9.59e-05
 8.85924e+22	1.00e+00	8.01e-05	1.00e-04
 8.90841e+22	1.00e+00	7.13e-05	1.06e-04
 8.95288e+22	1.00e+00	6.40e-05	1.13e-04
 8.99047e+22	1.00e+00	5.85e-05	1.21e-04
 9.01964e+22	1.00e+00	5.46e-05	1.30e-04
 9.04171e+22	1.00e+00	5.17e-05	1.39e-04
 9.05914e+22	1.00e+00	4.94e-05	1.47e-04
 9.07378e+22	1.00e+00	4.75e-05	1.56e-04
 9.08651e+22	1.00e+00	4.58e-05	1.64e-04
 9.09771e+22	1.00e+00	4.44e-05	1.73e-04
 9.10773e+22	1.00e+00	4.32e-05	1.82e-04
 9.11693e+22	1.00e+00	4.21e-05	1.92e-04
 9.12553e+22	1.00e+00	4.10e-05	2.02e-04
 9.13367e+22	1.00e+00	4.01e-05	2.13e-04
 9.14141e+22	1.00e+00	3.92e-05	2.24e-04
 9.14882e+22	9.99e-01	3.85e-05	2.36e-04
 9.15601e+22	9.99e-01	3.78e-05	2.49e-04
 9.16307e+22	9.99e-01	3.71e-05	2.63e-04
 9.17003e+22	9.99e-01	3.65e-05	2.78e-04
 9.17692e+22	9.99e-01	3.59e-05	2.93e-04
 9.18380e+22	9.99e-01	3.54e-05	3.09e-04
 9.19070e+22	9.99e-01	3.49e-05	3.25e-04
 9.19765e+22	9.99e-01	3.45e-05	3.42e-04
 9.20469e+22	9.99e-01	3.41e-05	3.58e-04
 9.21185e+22	9.99e-01	3.37e-05	3.74e-04
 9.21918e+22	9.99e-01	3.34e-05	3.89e-04
 9.22667e+22	9.99e-01	3.30e-05	4.01e-04
 9.23437e+22	9.99e-01	3.27e-05	4.11e-04
 9.24240e+22	9.99e-01	3.24e-05	4.19e-04
 9.25093e+22	9.99e-01	3.21e-05	4.26e-04
 9.25618e+22	9.99e-01	3.21e-05	4.25e-04
