#depth	O	O+	O+2	O+3	O+4	O+5	O+6	O+7	O+8	O[1]	O[2]	O[3]
 4.62852e+21	1.67e-10	3.48e-06	2.34e-03	8.36e-02	2.48e-01	2.90e-01	3.51e-01	2.47e-02	4.24e-04	1.67e-10	3.98e-19	4.90e-19
 1.03613e+22	7.58e-10	1.23e-05	6.02e-03	1.50e-01	3.12e-01	2.84e-01	2.37e-01	1.12e-02	1.30e-04	7.58e-10	1.92e-18	2.35e-18
 1.20176e+22	1.64e-09	2.27e-05	9.32e-03	1.92e-01	3.36e-01	2.68e-01	1.87e-01	7.28e-03	6.96e-05	1.64e-09	4.34e-18	5.29e-18
 1.29199e+22	2.68e-09	3.32e-05	1.21e-02	2.22e-01	3.48e-01	2.54e-01	1.58e-01	5.44e-03	4.60e-05	2.68e-09	7.31e-18	8.89e-18
 1.34147e+22	3.28e-09	3.88e-05	1.35e-02	2.35e-01	3.51e-01	2.48e-01	1.47e-01	4.81e-03	3.86e-05	3.28e-09	9.07e-18	1.10e-17
 1.37471e+22	4.26e-09	4.73e-05	1.55e-02	2.52e-01	3.55e-01	2.39e-01	1.34e-01	4.08e-03	3.07e-05	4.26e-09	1.20e-17	1.46e-17
 1.40993e+22	5.37e-09	5.62e-05	1.74e-02	2.68e-01	3.58e-01	2.31e-01	1.23e-01	3.53e-03	2.50e-05	5.37e-09	1.54e-17	1.87e-17
 1.44771e+22	7.19e-09	6.98e-05	2.01e-02	2.88e-01	3.60e-01	2.20e-01	1.09e-01	2.92e-03	1.92e-05	7.19e-09	2.11e-17	2.56e-17
 1.48595e+22	9.15e-09	8.33e-05	2.26e-02	3.05e-01	3.60e-01	2.11e-01	9.92e-02	2.48e-03	1.54e-05	9.15e-09	2.74e-17	3.32e-17
 1.51969e+22	1.16e-08	9.87e-05	2.53e-02	3.21e-01	3.60e-01	2.01e-01	9.00e-02	2.12e-03	1.24e-05	1.16e-08	3.53e-17	4.27e-17
 1.55844e+22	1.56e-08	1.23e-04	2.92e-02	3.43e-01	3.58e-01	1.89e-01	7.89e-02	1.72e-03	9.27e-06	1.56e-08	4.92e-17	5.95e-17
 1.59768e+22	1.98e-08	1.46e-04	3.26e-02	3.60e-01	3.56e-01	1.80e-01	7.09e-02	1.45e-03	7.35e-06	1.98e-08	6.40e-17	7.74e-17
 1.63757e+22	2.70e-08	1.81e-04	3.75e-02	3.82e-01	3.51e-01	1.67e-01	6.15e-02	1.16e-03	5.41e-06	2.70e-08	9.00e-17	1.09e-16
 1.67796e+22	3.44e-08	2.15e-04	4.18e-02	3.99e-01	3.46e-01	1.57e-01	5.47e-02	9.64e-04	4.23e-06	3.44e-08	1.18e-16	1.43e-16
 1.71902e+22	4.70e-08	2.68e-04	4.79e-02	4.20e-01	3.39e-01	1.44e-01	4.69e-02	7.59e-04	3.06e-06	4.70e-08	1.68e-16	2.03e-16
 1.76062e+22	6.01e-08	3.18e-04	5.32e-02	4.37e-01	3.33e-01	1.35e-01	4.13e-02	6.25e-04	2.36e-06	6.01e-08	2.22e-16	2.68e-16
 1.79689e+22	7.64e-08	3.75e-04	5.89e-02	4.53e-01	3.25e-01	1.26e-01	3.64e-02	5.15e-04	1.82e-06	7.64e-08	2.91e-16	3.51e-16
 1.83154e+22	9.49e-08	4.36e-04	6.44e-02	4.67e-01	3.18e-01	1.17e-01	3.24e-02	4.31e-04	1.44e-06	9.49e-08	3.72e-16	4.49e-16
 1.86438e+22	1.17e-07	5.04e-04	7.02e-02	4.80e-01	3.11e-01	1.10e-01	2.88e-02	3.61e-04	1.14e-06	1.17e-07	4.73e-16	5.71e-16
 1.90139e+22	1.53e-07	6.04e-04	7.81e-02	4.96e-01	3.00e-01	1.00e-01	2.48e-02	2.87e-04	8.39e-07	1.53e-07	6.42e-16	7.74e-16
 1.93840e+22	1.89e-07	6.97e-04	8.49e-02	5.08e-01	2.92e-01	9.29e-02	2.19e-02	2.39e-04	6.56e-07	1.89e-07	8.15e-16	9.83e-16
 1.97544e+22	2.46e-07	8.33e-04	9.40e-02	5.21e-01	2.81e-01	8.43e-02	1.87e-02	1.89e-04	4.81e-07	2.46e-07	1.10e-15	1.33e-15
 2.01309e+22	3.05e-07	9.62e-04	1.02e-01	5.32e-01	2.71e-01	7.77e-02	1.64e-02	1.55e-04	3.72e-07	3.05e-07	1.40e-15	1.69e-15
 2.05154e+22	3.99e-07	1.15e-03	1.13e-01	5.43e-01	2.59e-01	6.99e-02	1.38e-02	1.21e-04	2.68e-07	3.99e-07	1.90e-15	2.29e-15
 2.09030e+22	4.93e-07	1.32e-03	1.22e-01	5.52e-01	2.49e-01	6.40e-02	1.21e-02	9.88e-05	2.05e-07	4.93e-07	2.41e-15	2.90e-15
 2.12945e+22	6.50e-07	1.59e-03	1.35e-01	5.61e-01	2.36e-01	5.70e-02	1.01e-02	7.55e-05	1.44e-07	6.50e-07	3.30e-15	3.96e-15
 2.16864e+22	7.99e-07	1.82e-03	1.45e-01	5.67e-01	2.26e-01	5.20e-02	8.75e-03	6.15e-05	0.00e+00	7.99e-07	4.17e-15	5.00e-15
 2.20016e+22	9.54e-07	2.05e-03	1.54e-01	5.71e-01	2.17e-01	4.79e-02	7.74e-03	5.14e-05	0.00e+00	9.54e-07	5.09e-15	6.11e-15
 2.23341e+22	1.19e-06	2.36e-03	1.66e-01	5.75e-01	2.07e-01	4.33e-02	6.64e-03	4.11e-05	0.00e+00	1.19e-06	6.52e-15	7.81e-15
 2.26713e+22	1.42e-06	2.66e-03	1.77e-01	5.77e-01	1.98e-01	3.97e-02	5.84e-03	3.41e-05	0.00e+00	1.42e-06	8.00e-15	9.57e-15
 2.29680e+22	1.69e-06	2.97e-03	1.87e-01	5.79e-01	1.89e-01	3.64e-02	5.14e-03	2.83e-05	0.00e+00	1.69e-06	9.74e-15	1.16e-14
 2.33068e+22	2.09e-06	3.42e-03	2.01e-01	5.80e-01	1.79e-01	3.26e-02	4.38e-03	2.24e-05	0.00e+00	2.09e-06	1.25e-14	1.49e-14
 2.36497e+22	2.50e-06	3.85e-03	2.13e-01	5.79e-01	1.70e-01	2.97e-02	3.82e-03	1.84e-05	0.00e+00	2.50e-06	1.53e-14	1.83e-14
 2.39502e+22	2.97e-06	4.30e-03	2.25e-01	5.78e-01	1.62e-01	2.71e-02	3.34e-03	1.52e-05	0.00e+00	2.97e-06	1.86e-14	2.22e-14
 2.42929e+22	3.69e-06	4.95e-03	2.41e-01	5.75e-01	1.52e-01	2.41e-02	2.81e-03	1.18e-05	0.00e+00	3.69e-06	2.40e-14	2.85e-14
 2.46384e+22	4.37e-06	5.52e-03	2.54e-01	5.72e-01	1.44e-01	2.19e-02	2.45e-03	9.72e-06	0.00e+00	4.37e-06	2.91e-14	3.46e-14
 2.49874e+22	5.41e-06	6.33e-03	2.70e-01	5.67e-01	1.35e-01	1.93e-02	2.06e-03	7.55e-06	0.00e+00	5.41e-06	3.73e-14	4.43e-14
 2.53419e+22	6.46e-06	7.09e-03	2.85e-01	5.62e-01	1.27e-01	1.74e-02	1.77e-03	6.09e-06	0.00e+00	6.46e-06	4.59e-14	5.44e-14
 2.56540e+22	7.64e-06	7.89e-03	2.99e-01	5.56e-01	1.20e-01	1.57e-02	1.53e-03	4.95e-06	0.00e+00	7.64e-06	5.58e-14	6.61e-14
 2.60102e+22	9.43e-06	9.03e-03	3.18e-01	5.47e-01	1.11e-01	1.37e-02	1.28e-03	3.81e-06	0.00e+00	9.43e-06	7.14e-14	8.46e-14
 2.63741e+22	1.12e-05	1.01e-02	3.34e-01	5.39e-01	1.04e-01	1.22e-02	1.09e-03	3.04e-06	0.00e+00	1.12e-05	8.77e-14	1.04e-13
 2.66991e+22	1.33e-05	1.12e-02	3.50e-01	5.30e-01	9.73e-02	1.09e-02	9.33e-04	2.43e-06	0.00e+00	1.33e-05	1.07e-13	1.27e-13
 2.70727e+22	1.65e-05	1.29e-02	3.71e-01	5.17e-01	8.92e-02	9.44e-03	7.63e-04	1.83e-06	0.00e+00	1.65e-05	1.38e-13	1.64e-13
 2.74519e+22	1.97e-05	1.44e-02	3.88e-01	5.06e-01	8.28e-02	8.34e-03	6.44e-04	1.44e-06	0.00e+00	1.97e-05	1.70e-13	2.01e-13
 2.78385e+22	2.43e-05	1.65e-02	4.09e-01	4.91e-01	7.55e-02	7.15e-03	5.24e-04	1.07e-06	0.00e+00	2.43e-05	2.20e-13	2.60e-13
 2.82353e+22	2.93e-05	1.85e-02	4.29e-01	4.77e-01	6.93e-02	6.21e-03	4.34e-04	8.19e-07	0.00e+00	2.93e-05	2.75e-13	3.24e-13
 2.85866e+22	3.47e-05	2.06e-02	4.47e-01	4.63e-01	6.38e-02	5.44e-03	3.64e-04	6.38e-07	0.00e+00	3.47e-05	3.38e-13	3.97e-13
 2.89843e+22	4.32e-05	2.35e-02	4.70e-01	4.45e-01	5.73e-02	4.58e-03	2.89e-04	4.61e-07	0.00e+00	4.32e-05	4.41e-13	5.17e-13
 2.93919e+22	5.13e-05	2.62e-02	4.88e-01	4.29e-01	5.24e-02	3.97e-03	2.39e-04	3.53e-07	0.00e+00	5.13e-05	5.45e-13	6.38e-13
 2.98121e+22	6.42e-05	3.01e-02	5.12e-01	4.08e-01	4.66e-02	3.29e-03	1.87e-04	2.50e-07	0.00e+00	6.42e-05	7.18e-13	8.38e-13
 3.01789e+22	7.32e-05	3.26e-02	5.26e-01	3.95e-01	4.32e-02	2.93e-03	1.61e-04	2.01e-07	0.00e+00	7.32e-05	8.44e-13	9.82e-13
 3.03488e+22	7.53e-05	3.32e-02	5.29e-01	3.92e-01	4.24e-02	2.85e-03	1.55e-04	1.91e-07	0.00e+00	7.53e-05	8.76e-13	1.02e-12
 3.04229e+22	7.77e-05	3.39e-02	5.32e-01	3.89e-01	4.17e-02	2.77e-03	1.49e-04	1.82e-07	0.00e+00	7.77e-05	9.11e-13	1.06e-12
 3.04997e+22	8.11e-05	3.47e-02	5.37e-01	3.85e-01	4.07e-02	2.67e-03	1.42e-04	1.70e-07	0.00e+00	8.11e-05	9.60e-13	1.12e-12
 3.05995e+22	8.50e-05	3.58e-02	5.42e-01	3.80e-01	3.96e-02	2.56e-03	1.35e-04	1.57e-07	0.00e+00	8.50e-05	1.02e-12	1.18e-12
 3.07292e+22	9.13e-05	3.74e-02	5.49e-01	3.73e-01	3.80e-02	2.40e-03	1.24e-04	1.40e-07	0.00e+00	9.13e-05	1.12e-12	1.29e-12
 3.08978e+22	9.89e-05	3.93e-02	5.57e-01	3.65e-01	3.63e-02	2.23e-03	1.13e-04	0.00e+00	0.00e+00	9.89e-05	1.24e-12	1.43e-12
 3.11171e+22	1.12e-04	4.24e-02	5.69e-01	3.53e-01	3.37e-02	2.00e-03	9.76e-05	0.00e+00	0.00e+00	1.12e-04	1.44e-12	1.66e-12
 3.14021e+22	1.29e-04	4.62e-02	5.83e-01	3.38e-01	3.09e-02	1.75e-03	8.22e-05	0.00e+00	0.00e+00	1.29e-04	1.73e-12	1.98e-12
 3.17097e+22	1.48e-04	5.02e-02	5.96e-01	3.23e-01	2.83e-02	1.53e-03	6.92e-05	0.00e+00	0.00e+00	1.48e-04	2.06e-12	2.34e-12
 3.19977e+22	1.67e-04	5.42e-02	6.08e-01	3.10e-01	2.60e-02	1.35e-03	5.90e-05	0.00e+00	0.00e+00	1.67e-04	2.41e-12	2.74e-12
 3.23229e+22	1.96e-04	5.97e-02	6.22e-01	2.93e-01	2.34e-02	1.15e-03	4.80e-05	0.00e+00	0.00e+00	1.96e-04	2.98e-12	3.35e-12
 3.26552e+22	2.23e-04	6.46e-02	6.34e-01	2.79e-01	2.13e-02	1.00e-03	4.03e-05	0.00e+00	0.00e+00	2.23e-04	3.53e-12	3.94e-12
 3.29969e+22	2.63e-04	7.13e-02	6.47e-01	2.62e-01	1.90e-02	8.40e-04	3.23e-05	0.00e+00	0.00e+00	2.63e-04	4.38e-12	4.85e-12
 3.33443e+22	3.00e-04	7.71e-02	6.57e-01	2.48e-01	1.72e-02	7.25e-04	2.69e-05	0.00e+00	0.00e+00	3.00e-04	5.23e-12	5.73e-12
 3.36991e+22	3.55e-04	8.51e-02	6.68e-01	2.31e-01	1.51e-02	6.01e-04	2.12e-05	0.00e+00	0.00e+00	3.55e-04	6.55e-12	7.10e-12
 3.40597e+22	4.04e-04	9.20e-02	6.77e-01	2.17e-01	1.36e-02	5.14e-04	1.75e-05	0.00e+00	0.00e+00	4.04e-04	7.85e-12	8.40e-12
 3.44278e+22	4.78e-04	1.02e-01	6.86e-01	2.00e-01	1.18e-02	4.21e-04	1.36e-05	0.00e+00	0.00e+00	4.78e-04	9.90e-12	1.04e-11
 3.48042e+22	5.46e-04	1.10e-01	6.92e-01	1.86e-01	1.05e-02	3.56e-04	1.11e-05	0.00e+00	0.00e+00	5.46e-04	1.20e-11	1.24e-11
 3.51914e+22	6.46e-04	1.21e-01	6.99e-01	1.70e-01	9.12e-03	2.88e-04	8.52e-06	0.00e+00	0.00e+00	6.46e-04	1.52e-11	1.55e-11
 3.55890e+22	7.43e-04	1.31e-01	7.03e-01	1.57e-01	8.00e-03	2.39e-04	6.77e-06	0.00e+00	0.00e+00	7.43e-04	1.86e-11	1.86e-11
 3.59464e+22	8.51e-04	1.42e-01	7.05e-01	1.45e-01	7.03e-03	1.98e-04	5.40e-06	0.00e+00	0.00e+00	8.51e-04	2.26e-11	2.22e-11
 3.63573e+22	1.01e-03	1.57e-01	7.06e-01	1.30e-01	5.95e-03	1.56e-04	4.03e-06	0.00e+00	0.00e+00	1.01e-03	2.93e-11	2.80e-11
 3.67728e+22	1.16e-03	1.69e-01	7.06e-01	1.19e-01	5.19e-03	1.28e-04	3.18e-06	0.00e+00	0.00e+00	1.16e-03	3.56e-11	3.34e-11
 3.71944e+22	1.37e-03	1.86e-01	7.03e-01	1.05e-01	4.35e-03	9.93e-05	2.34e-06	0.00e+00	0.00e+00	1.37e-03	4.59e-11	4.20e-11
 3.76231e+22	1.57e-03	2.00e-01	7.00e-01	9.50e-02	3.76e-03	8.05e-05	1.82e-06	0.00e+00	0.00e+00	1.57e-03	5.61e-11	5.01e-11
 3.80611e+22	1.87e-03	2.20e-01	6.92e-01	8.30e-02	3.11e-03	6.12e-05	1.32e-06	0.00e+00	0.00e+00	1.87e-03	7.28e-11	6.32e-11
 3.85075e+22	2.13e-03	2.36e-01	6.85e-01	7.42e-02	2.66e-03	4.90e-05	1.01e-06	0.00e+00	0.00e+00	2.13e-03	8.91e-11	7.55e-11
 3.88600e+22	2.36e-03	2.50e-01	6.78e-01	6.78e-02	2.35e-03	4.10e-05	8.21e-07	0.00e+00	0.00e+00	2.36e-03	1.04e-10	8.67e-11
 3.91452e+22	2.56e-03	2.61e-01	6.71e-01	6.27e-02	2.11e-03	3.53e-05	6.89e-07	0.00e+00	0.00e+00	2.56e-03	1.19e-10	9.74e-11
 3.94477e+22	2.87e-03	2.77e-01	6.61e-01	5.66e-02	1.85e-03	2.90e-05	5.49e-07	0.00e+00	0.00e+00	2.87e-03	1.41e-10	1.14e-10
 3.98409e+22	3.33e-03	3.00e-01	6.46e-01	4.91e-02	1.54e-03	2.22e-05	4.04e-07	0.00e+00	0.00e+00	3.33e-03	1.77e-10	1.39e-10
 4.03520e+22	4.03e-03	3.31e-01	6.23e-01	4.05e-02	1.21e-03	1.55e-05	2.71e-07	0.00e+00	0.00e+00	4.03e-03	2.38e-10	1.80e-10
 4.08661e+22	4.60e-03	3.54e-01	6.06e-01	3.49e-02	1.01e-03	1.19e-05	2.00e-07	0.00e+00	0.00e+00	4.60e-03	2.92e-10	2.17e-10
 4.13841e+22	5.56e-03	3.89e-01	5.76e-01	2.82e-02	7.83e-04	8.12e-06	1.31e-07	0.00e+00	0.00e+00	5.56e-03	3.89e-10	2.82e-10
 4.19188e+22	6.40e-03	4.17e-01	5.53e-01	2.36e-02	6.38e-04	5.95e-06	0.00e+00	0.00e+00	0.00e+00	6.40e-03	4.85e-10	3.44e-10
 4.24753e+22	7.79e-03	4.57e-01	5.16e-01	1.83e-02	4.83e-04	3.88e-06	0.00e+00	0.00e+00	0.00e+00	7.79e-03	6.53e-10	4.52e-10
 4.30545e+22	9.08e-03	4.91e-01	4.85e-01	1.47e-02	3.83e-04	2.69e-06	0.00e+00	0.00e+00	0.00e+00	9.08e-03	8.26e-10	5.62e-10
 4.36603e+22	1.12e-02	5.38e-01	4.40e-01	1.08e-02	2.80e-04	1.63e-06	0.00e+00	0.00e+00	0.00e+00	1.12e-02	1.13e-09	7.53e-10
 4.42771e+22	1.31e-02	5.75e-01	4.04e-01	8.28e-03	2.17e-04	1.07e-06	0.00e+00	0.00e+00	0.00e+00	1.31e-02	1.44e-09	9.44e-10
 4.47539e+22	1.48e-02	6.02e-01	3.76e-01	6.76e-03	1.79e-04	7.83e-07	0.00e+00	0.00e+00	0.00e+00	1.48e-02	1.71e-09	1.11e-09
 4.52163e+22	1.73e-02	6.39e-01	3.39e-01	5.10e-03	1.39e-04	5.10e-07	0.00e+00	0.00e+00	0.00e+00	1.73e-02	2.15e-09	1.39e-09
 4.56939e+22	1.98e-02	6.69e-01	3.07e-01	3.95e-03	1.11e-04	3.46e-07	0.00e+00	0.00e+00	0.00e+00	1.98e-02	2.62e-09	1.67e-09
 4.61911e+22	2.35e-02	7.08e-01	2.66e-01	2.80e-03	8.29e-05	2.07e-07	0.00e+00	0.00e+00	0.00e+00	2.35e-02	3.36e-09	2.13e-09
 4.67024e+22	2.74e-02	7.38e-01	2.32e-01	2.04e-03	6.39e-05	1.30e-07	0.00e+00	0.00e+00	0.00e+00	2.74e-02	4.15e-09	2.61e-09
 4.72319e+22	3.33e-02	7.74e-01	1.92e-01	1.33e-03	4.53e-05	0.00e+00	0.00e+00	0.00e+00	0.00e+00	3.33e-02	5.46e-09	3.40e-09
 4.77172e+22	3.85e-02	7.96e-01	1.65e-01	9.57e-04	3.52e-05	0.00e+00	0.00e+00	0.00e+00	0.00e+00	3.85e-02	6.59e-09	4.07e-09
 4.80718e+22	4.37e-02	8.13e-01	1.43e-01	7.12e-04	2.80e-05	0.00e+00	0.00e+00	0.00e+00	0.00e+00	4.37e-02	7.80e-09	4.78e-09
 4.84598e+22	5.13e-02	8.31e-01	1.17e-01	4.84e-04	2.08e-05	0.00e+00	0.00e+00	0.00e+00	0.00e+00	5.13e-02	9.68e-09	5.90e-09
 4.88807e+22	6.10e-02	8.44e-01	9.45e-02	3.20e-04	1.52e-05	0.00e+00	0.00e+00	0.00e+00	0.00e+00	6.10e-02	1.21e-08	7.32e-09
 4.92713e+22	7.25e-02	8.52e-01	7.50e-02	2.10e-04	1.10e-05	0.00e+00	0.00e+00	0.00e+00	0.00e+00	7.25e-02	1.51e-08	9.09e-09
 4.96396e+22	8.68e-02	8.55e-01	5.84e-02	1.37e-04	7.81e-06	0.00e+00	0.00e+00	0.00e+00	0.00e+00	8.68e-02	1.88e-08	1.13e-08
 4.99845e+22	1.04e-01	8.51e-01	4.48e-02	8.87e-05	5.48e-06	0.00e+00	0.00e+00	0.00e+00	0.00e+00	1.04e-01	2.35e-08	1.41e-08
 5.03016e+22	1.25e-01	8.41e-01	3.39e-02	5.79e-05	3.81e-06	0.00e+00	0.00e+00	0.00e+00	0.00e+00	1.25e-01	2.91e-08	1.75e-08
 5.05910e+22	1.50e-01	8.24e-01	2.55e-02	3.84e-05	2.62e-06	0.00e+00	0.00e+00	0.00e+00	0.00e+00	1.50e-01	3.58e-08	2.16e-08
 5.08544e+22	1.79e-01	8.02e-01	1.90e-02	2.59e-05	1.79e-06	0.00e+00	0.00e+00	0.00e+00	0.00e+00	1.79e-01	4.35e-08	2.63e-08
 5.10940e+22	2.13e-01	7.73e-01	1.41e-02	1.79e-05	1.22e-06	0.00e+00	0.00e+00	0.00e+00	0.00e+00	2.13e-01	5.21e-08	3.14e-08
 5.13124e+22	2.50e-01	7.39e-01	1.04e-02	1.27e-05	8.28e-07	0.00e+00	0.00e+00	0.00e+00	0.00e+00	2.50e-01	6.13e-08	3.68e-08
 5.14488e+22	2.76e-01	7.15e-01	8.71e-03	1.04e-05	6.59e-07	0.00e+00	0.00e+00	0.00e+00	0.00e+00	2.76e-01	6.67e-08	4.01e-08
 5.14982e+22	2.86e-01	7.06e-01	8.13e-03	9.67e-06	6.03e-07	0.00e+00	0.00e+00	0.00e+00	0.00e+00	2.86e-01	6.89e-08	4.13e-08
 5.15374e+22	2.95e-01	6.97e-01	7.63e-03	9.05e-06	5.56e-07	0.00e+00	0.00e+00	0.00e+00	0.00e+00	2.95e-01	7.09e-08	4.25e-08
 5.15880e+22	3.07e-01	6.86e-01	7.03e-03	8.31e-06	4.99e-07	0.00e+00	0.00e+00	0.00e+00	0.00e+00	3.07e-01	7.35e-08	4.41e-08
 5.16477e+22	3.21e-01	6.72e-01	6.38e-03	7.52e-06	4.39e-07	0.00e+00	0.00e+00	0.00e+00	0.00e+00	3.21e-01	7.66e-08	4.59e-08
 5.17074e+22	3.36e-01	6.59e-01	5.81e-03	6.85e-06	3.89e-07	0.00e+00	0.00e+00	0.00e+00	0.00e+00	3.36e-01	7.95e-08	4.76e-08
 5.17657e+22	3.51e-01	6.44e-01	5.27e-03	6.22e-06	3.43e-07	0.00e+00	0.00e+00	0.00e+00	0.00e+00	3.51e-01	8.24e-08	4.93e-08
 5.18244e+22	3.66e-01	6.29e-01	4.77e-03	5.65e-06	3.01e-07	0.00e+00	0.00e+00	0.00e+00	0.00e+00	3.66e-01	8.54e-08	5.11e-08
 5.18822e+22	3.82e-01	6.14e-01	4.32e-03	5.14e-06	2.65e-07	0.00e+00	0.00e+00	0.00e+00	0.00e+00	3.82e-01	8.83e-08	5.28e-08
 5.19406e+22	3.98e-01	5.98e-01	3.91e-03	4.67e-06	2.32e-07	0.00e+00	0.00e+00	0.00e+00	0.00e+00	3.98e-01	9.11e-08	5.44e-08
 5.20008e+22	4.16e-01	5.81e-01	3.51e-03	4.24e-06	2.02e-07	0.00e+00	0.00e+00	0.00e+00	0.00e+00	4.16e-01	9.40e-08	5.61e-08
 5.20622e+22	4.34e-01	5.63e-01	3.15e-03	3.84e-06	1.76e-07	0.00e+00	0.00e+00	0.00e+00	0.00e+00	4.34e-01	9.68e-08	5.77e-08
 5.21249e+22	4.53e-01	5.45e-01	2.81e-03	3.46e-06	1.52e-07	0.00e+00	0.00e+00	0.00e+00	0.00e+00	4.53e-01	9.95e-08	5.93e-08
 5.21882e+22	4.72e-01	5.26e-01	2.50e-03	3.13e-06	1.31e-07	0.00e+00	0.00e+00	0.00e+00	0.00e+00	4.72e-01	1.02e-07	6.08e-08
 5.22523e+22	4.91e-01	5.07e-01	2.22e-03	2.82e-06	0.00e+00	0.00e+00	0.00e+00	0.00e+00	0.00e+00	4.91e-01	1.04e-07	6.22e-08
 5.23190e+22	5.12e-01	4.86e-01	1.96e-03	2.54e-06	0.00e+00	0.00e+00	0.00e+00	0.00e+00	0.00e+00	5.12e-01	1.07e-07	6.35e-08
 5.23885e+22	5.33e-01	4.65e-01	1.72e-03	2.27e-06	0.00e+00	0.00e+00	0.00e+00	0.00e+00	0.00e+00	5.33e-01	1.09e-07	6.47e-08
 5.24603e+22	5.55e-01	4.44e-01	1.50e-03	2.03e-06	0.00e+00	0.00e+00	0.00e+00	0.00e+00	0.00e+00	5.55e-01	1.11e-07	6.58e-08
 5.25340e+22	5.77e-01	4.22e-01	1.30e-03	1.81e-06	0.00e+00	0.00e+00	0.00e+00	0.00e+00	0.00e+00	5.77e-01	1.12e-07	6.66e-08
 5.26065e+22	5.98e-01	4.01e-01	1.14e-03	1.63e-06	0.00e+00	0.00e+00	0.00e+00	0.00e+00	0.00e+00	5.98e-01	1.13e-07	6.72e-08
 5.26632e+22	6.13e-01	3.86e-01	1.03e-03	1.51e-06	0.00e+00	0.00e+00	0.00e+00	0.00e+00	0.00e+00	6.13e-01	1.14e-07	6.75e-08
 5.27022e+22	6.23e-01	3.76e-01	9.59e-04	1.42e-06	0.00e+00	0.00e+00	0.00e+00	0.00e+00	0.00e+00	6.23e-01	1.14e-07	6.76e-08
 5.27402e+22	6.34e-01	3.65e-01	8.92e-04	1.35e-06	0.00e+00	0.00e+00	0.00e+00	0.00e+00	0.00e+00	6.34e-01	1.14e-07	6.78e-08
 5.27841e+22	6.45e-01	3.54e-01	8.21e-04	1.26e-06	0.00e+00	0.00e+00	0.00e+00	0.00e+00	0.00e+00	6.45e-01	1.15e-07	6.79e-08
 5.28317e+22	6.58e-01	3.41e-01	7.51e-04	1.18e-06	0.00e+00	0.00e+00	0.00e+00	0.00e+00	0.00e+00	6.58e-01	1.15e-07	6.79e-08
 5.28778e+22	6.69e-01	3.30e-01	6.91e-04	1.11e-06	0.00e+00	0.00e+00	0.00e+00	0.00e+00	0.00e+00	6.69e-01	1.15e-07	6.80e-08
 5.29235e+22	6.80e-01	3.19e-01	6.36e-04	1.04e-06	0.00e+00	0.00e+00	0.00e+00	0.00e+00	0.00e+00	6.80e-01	1.15e-07	6.79e-08
 5.29709e+22	6.91e-01	3.08e-01	5.83e-04	9.80e-07	0.00e+00	0.00e+00	0.00e+00	0.00e+00	0.00e+00	6.91e-01	1.15e-07	6.77e-08
 5.30187e+22	7.02e-01	2.98e-01	5.35e-04	9.20e-07	0.00e+00	0.00e+00	0.00e+00	0.00e+00	0.00e+00	7.02e-01	1.14e-07	6.76e-08
 5.30670e+22	7.13e-01	2.87e-01	4.90e-04	8.64e-07	0.00e+00	0.00e+00	0.00e+00	0.00e+00	0.00e+00	7.13e-01	1.14e-07	6.73e-08
 5.31154e+22	7.22e-01	2.77e-01	4.51e-04	8.14e-07	0.00e+00	0.00e+00	0.00e+00	0.00e+00	0.00e+00	7.22e-01	1.14e-07	6.71e-08
 5.31655e+22	7.32e-01	2.67e-01	4.13e-04	7.65e-07	0.00e+00	0.00e+00	0.00e+00	0.00e+00	0.00e+00	7.32e-01	1.13e-07	6.68e-08
 5.32177e+22	7.43e-01	2.57e-01	3.77e-04	7.17e-07	0.00e+00	0.00e+00	0.00e+00	0.00e+00	0.00e+00	7.43e-01	1.13e-07	6.65e-08
 5.32698e+22	7.52e-01	2.48e-01	3.45e-04	6.75e-07	0.00e+00	0.00e+00	0.00e+00	0.00e+00	0.00e+00	7.52e-01	1.12e-07	6.61e-08
 5.33225e+22	7.61e-01	2.39e-01	3.16e-04	6.35e-07	0.00e+00	0.00e+00	0.00e+00	0.00e+00	0.00e+00	7.61e-01	1.12e-07	6.57e-08
 5.33773e+22	7.70e-01	2.30e-01	2.89e-04	5.97e-07	0.00e+00	0.00e+00	0.00e+00	0.00e+00	0.00e+00	7.70e-01	1.11e-07	6.53e-08
 5.34341e+22	7.79e-01	2.21e-01	2.63e-04	5.60e-07	0.00e+00	0.00e+00	0.00e+00	0.00e+00	0.00e+00	7.79e-01	1.10e-07	6.49e-08
 5.34917e+22	7.87e-01	2.12e-01	2.40e-04	5.27e-07	0.00e+00	0.00e+00	0.00e+00	0.00e+00	0.00e+00	7.87e-01	1.10e-07	6.45e-08
 5.35502e+22	7.96e-01	2.04e-01	2.19e-04	4.96e-07	0.00e+00	0.00e+00	0.00e+00	0.00e+00	0.00e+00	7.96e-01	1.09e-07	6.40e-08
 5.36110e+22	8.04e-01	1.96e-01	1.99e-04	4.66e-07	0.00e+00	0.00e+00	0.00e+00	0.00e+00	0.00e+00	8.04e-01	1.08e-07	6.35e-08
 5.36737e+22	8.12e-01	1.88e-01	1.81e-04	4.38e-07	0.00e+00	0.00e+00	0.00e+00	0.00e+00	0.00e+00	8.12e-01	1.08e-07	6.31e-08
 5.37377e+22	8.19e-01	1.81e-01	1.64e-04	4.11e-07	0.00e+00	0.00e+00	0.00e+00	0.00e+00	0.00e+00	8.19e-01	1.07e-07	6.25e-08
 5.38031e+22	8.26e-01	1.73e-01	1.50e-04	3.87e-07	0.00e+00	0.00e+00	0.00e+00	0.00e+00	0.00e+00	8.26e-01	1.06e-07	6.18e-08
 5.38706e+22	8.33e-01	1.66e-01	1.36e-04	3.63e-07	0.00e+00	0.00e+00	0.00e+00	0.00e+00	0.00e+00	8.33e-01	1.05e-07	6.11e-08
 5.39405e+22	8.40e-01	1.60e-01	1.23e-04	3.41e-07	0.00e+00	0.00e+00	0.00e+00	0.00e+00	0.00e+00	8.40e-01	1.04e-07	6.04e-08
 5.40123e+22	8.47e-01	1.53e-01	1.12e-04	3.21e-07	0.00e+00	0.00e+00	0.00e+00	0.00e+00	0.00e+00	8.47e-01	1.03e-07	5.97e-08
 5.40858e+22	8.53e-01	1.47e-01	1.01e-04	3.01e-07	0.00e+00	0.00e+00	0.00e+00	0.00e+00	0.00e+00	8.53e-01	1.02e-07	5.90e-08
 5.41614e+22	8.59e-01	1.40e-01	9.22e-05	2.83e-07	0.00e+00	0.00e+00	0.00e+00	0.00e+00	0.00e+00	8.59e-01	1.02e-07	5.84e-08
 5.42393e+22	8.65e-01	1.35e-01	8.37e-05	2.66e-07	0.00e+00	0.00e+00	0.00e+00	0.00e+00	0.00e+00	8.65e-01	1.01e-07	5.77e-08
 5.43182e+22	8.71e-01	1.29e-01	7.63e-05	2.50e-07	0.00e+00	0.00e+00	0.00e+00	0.00e+00	0.00e+00	8.71e-01	1.00e-07	5.71e-08
 5.43979e+22	8.76e-01	1.24e-01	6.96e-05	2.35e-07	0.00e+00	0.00e+00	0.00e+00	0.00e+00	0.00e+00	8.76e-01	9.93e-08	5.64e-08
 5.44801e+22	8.81e-01	1.18e-01	6.35e-05	2.21e-07	0.00e+00	0.00e+00	0.00e+00	0.00e+00	0.00e+00	8.81e-01	9.86e-08	5.58e-08
 5.45642e+22	8.86e-01	1.14e-01	5.81e-05	2.08e-07	0.00e+00	0.00e+00	0.00e+00	0.00e+00	0.00e+00	8.86e-01	9.79e-08	5.51e-08
 5.46482e+22	8.91e-01	1.09e-01	5.34e-05	1.97e-07	0.00e+00	0.00e+00	0.00e+00	0.00e+00	0.00e+00	8.91e-01	9.72e-08	5.45e-08
 5.47333e+22	8.95e-01	1.05e-01	4.92e-05	1.86e-07	0.00e+00	0.00e+00	0.00e+00	0.00e+00	0.00e+00	8.95e-01	9.66e-08	5.40e-08
 5.48205e+22	8.99e-01	1.01e-01	4.55e-05	1.75e-07	0.00e+00	0.00e+00	0.00e+00	0.00e+00	0.00e+00	8.99e-01	9.61e-08	5.35e-08
 5.49090e+22	9.03e-01	9.65e-02	4.21e-05	1.66e-07	0.00e+00	0.00e+00	0.00e+00	0.00e+00	0.00e+00	9.03e-01	9.56e-08	5.29e-08
 5.49983e+22	9.07e-01	9.29e-02	3.92e-05	1.57e-07	0.00e+00	0.00e+00	0.00e+00	0.00e+00	0.00e+00	9.07e-01	9.52e-08	5.25e-08
 5.50903e+22	9.11e-01	8.93e-02	3.65e-05	1.48e-07	0.00e+00	0.00e+00	0.00e+00	0.00e+00	0.00e+00	9.11e-01	9.48e-08	5.20e-08
 5.51850e+22	9.14e-01	8.58e-02	3.40e-05	1.40e-07	0.00e+00	0.00e+00	0.00e+00	0.00e+00	0.00e+00	9.14e-01	9.44e-08	5.16e-08
 5.52807e+22	9.18e-01	8.24e-02	3.19e-05	1.32e-07	0.00e+00	0.00e+00	0.00e+00	0.00e+00	0.00e+00	9.18e-01	9.41e-08	5.11e-08
 5.53777e+22	9.21e-01	7.92e-02	3.00e-05	1.25e-07	0.00e+00	0.00e+00	0.00e+00	0.00e+00	0.00e+00	9.21e-01	9.37e-08	5.07e-08
 5.54777e+22	9.24e-01	7.61e-02	2.83e-05	0.00e+00	0.00e+00	0.00e+00	0.00e+00	0.00e+00	0.00e+00	9.24e-01	9.35e-08	5.03e-08
 5.55803e+22	9.27e-01	7.31e-02	2.67e-05	0.00e+00	0.00e+00	0.00e+00	0.00e+00	0.00e+00	0.00e+00	9.27e-01	9.33e-08	5.00e-08
 5.56807e+22	9.30e-01	7.04e-02	2.54e-05	0.00e+00	0.00e+00	0.00e+00	0.00e+00	0.00e+00	0.00e+00	9.30e-01	9.31e-08	4.96e-08
 5.57749e+22	9.32e-01	6.80e-02	2.44e-05	0.00e+00	0.00e+00	0.00e+00	0.00e+00	0.00e+00	0.00e+00	9.32e-01	9.28e-08	4.93e-08
 5.58617e+22	9.34e-01	6.60e-02	2.35e-05	0.00e+00	0.00e+00	0.00e+00	0.00e+00	0.00e+00	0.00e+00	9.34e-01	9.25e-08	4.89e-08
 5.59425e+22	9.36e-01	6.41e-02	2.28e-05	0.00e+00	0.00e+00	0.00e+00	0.00e+00	0.00e+00	0.00e+00	9.36e-01	9.23e-08	4.86e-08
 5.60173e+22	9.38e-01	6.24e-02	2.22e-05	0.00e+00	0.00e+00	0.00e+00	0.00e+00	0.00e+00	0.00e+00	9.38e-01	9.21e-08	4.84e-08
 5.60898e+22	9.39e-01	6.08e-02	2.16e-05	0.00e+00	0.00e+00	0.00e+00	0.00e+00	0.00e+00	0.00e+00	9.39e-01	9.20e-08	4.82e-08
 5.61625e+22	9.41e-01	5.94e-02	2.11e-05	0.00e+00	0.00e+00	0.00e+00	0.00e+00	0.00e+00	0.00e+00	9.41e-01	9.19e-08	4.80e-08
 5.62340e+22	9.42e-01	5.77e-02	2.07e-05	0.00e+00	0.00e+00	0.00e+00	0.00e+00	0.00e+00	0.00e+00	9.42e-01	9.17e-08	4.77e-08
 5.63009e+22	9.44e-01	5.63e-02	2.03e-05	0.00e+00	0.00e+00	0.00e+00	0.00e+00	0.00e+00	0.00e+00	9.44e-01	9.16e-08	4.75e-08
 5.63632e+22	9.45e-01	5.51e-02	1.99e-05	0.00e+00	0.00e+00	0.00e+00	0.00e+00	0.00e+00	0.00e+00	9.45e-01	9.15e-08	4.73e-08
 5.64258e+22	9.46e-01	5.38e-02	1.96e-05	0.00e+00	0.00e+00	0.00e+00	0.00e+00	0.00e+00	0.00e+00	9.46e-01	9.14e-08	4.71e-08
 5.64862e+22	9.47e-01	5.26e-02	1.93e-05	0.00e+00	0.00e+00	0.00e+00	0.00e+00	0.00e+00	0.00e+00	9.47e-01	9.12e-08	4.70e-08
 5.65433e+22	9.48e-01	5.15e-02	1.90e-05	0.00e+00	0.00e+00	0.00e+00	0.00e+00	0.00e+00	0.00e+00	9.48e-01	9.12e-08	4.68e-08
 5.65999e+22	9.50e-01	5.03e-02	1.87e-05	0.00e+00	0.00e+00	0.00e+00	0.00e+00	0.00e+00	0.00e+00	9.50e-01	9.11e-08	4.66e-08
 5.66543e+22	9.51e-01	4.93e-02	1.85e-05	0.00e+00	0.00e+00	0.00e+00	0.00e+00	0.00e+00	0.00e+00	9.51e-01	9.09e-08	4.64e-08
 5.67054e+22	9.52e-01	4.83e-02	1.83e-05	0.00e+00	0.00e+00	0.00e+00	0.00e+00	0.00e+00	0.00e+00	9.52e-01	9.08e-08	4.63e-08
 5.67554e+22	9.53e-01	4.73e-02	1.81e-05	0.00e+00	0.00e+00	0.00e+00	0.00e+00	0.00e+00	0.00e+00	9.53e-01	9.07e-08	4.61e-08
 5.68041e+22	9.54e-01	4.64e-02	1.79e-05	0.00e+00	0.00e+00	0.00e+00	0.00e+00	0.00e+00	0.00e+00	9.54e-01	9.06e-08	4.60e-08
 5.68500e+22	9.54e-01	4.55e-02	1.77e-05	0.00e+00	0.00e+00	0.00e+00	0.00e+00	0.00e+00	0.00e+00	9.54e-01	9.04e-08	4.58e-08
 5.68917e+22	9.55e-01	4.47e-02	1.75e-05	0.00e+00	0.00e+00	0.00e+00	0.00e+00	0.00e+00	0.00e+00	9.55e-01	9.03e-08	4.56e-08
 5.69297e+22	9.56e-01	4.40e-02	1.74e-05	0.00e+00	0.00e+00	0.00e+00	0.00e+00	0.00e+00	0.00e+00	9.56e-01	9.02e-08	4.55e-08
 5.69643e+22	9.57e-01	4.34e-02	1.73e-05	0.00e+00	0.00e+00	0.00e+00	0.00e+00	0.00e+00	0.00e+00	9.57e-01	9.00e-08	4.53e-08
 5.69957e+22	9.57e-01	4.28e-02	1.72e-05	0.00e+00	0.00e+00	0.00e+00	0.00e+00	0.00e+00	0.00e+00	9.57e-01	8.99e-08	4.52e-08
 5.70243e+22	9.58e-01	4.23e-02	1.71e-05	0.00e+00	0.00e+00	0.00e+00	0.00e+00	0.00e+00	0.00e+00	9.58e-01	8.98e-08	4.51e-08
 5.70504e+22	9.58e-01	4.18e-02	1.70e-05	0.00e+00	0.00e+00	0.00e+00	0.00e+00	0.00e+00	0.00e+00	9.58e-01	8.96e-08	4.50e-08
 5.70789e+22	9.59e-01	4.12e-02	1.69e-05	0.00e+00	0.00e+00	0.00e+00	0.00e+00	0.00e+00	0.00e+00	9.59e-01	8.92e-08	4.48e-08
 5.71097e+22	9.59e-01	4.06e-02	1.68e-05	0.00e+00	0.00e+00	0.00e+00	0.00e+00	0.00e+00	0.00e+00	9.59e-01	8.89e-08	4.47e-08
 5.71378e+22	9.60e-01	4.01e-02	1.66e-05	0.00e+00	0.00e+00	0.00e+00	0.00e+00	0.00e+00	0.00e+00	9.60e-01	8.86e-08	4.46e-08
 5.71633e+22	9.60e-01	3.96e-02	1.66e-05	0.00e+00	0.00e+00	0.00e+00	0.00e+00	0.00e+00	0.00e+00	9.60e-01	8.81e-08	4.44e-08
 5.71865e+22	9.61e-01	3.93e-02	1.65e-05	0.00e+00	0.00e+00	0.00e+00	0.00e+00	0.00e+00	0.00e+00	9.61e-01	8.80e-08	4.44e-08
 5.72119e+22	9.61e-01	3.88e-02	1.64e-05	0.00e+00	0.00e+00	0.00e+00	0.00e+00	0.00e+00	0.00e+00	9.61e-01	8.77e-08	4.43e-08
 5.72450e+22	9.62e-01	3.81e-02	1.62e-05	0.00e+00	0.00e+00	0.00e+00	0.00e+00	0.00e+00	0.00e+00	9.62e-01	8.73e-08	4.41e-08
 5.72807e+22	9.63e-01	3.74e-02	1.61e-05	0.00e+00	0.00e+00	0.00e+00	0.00e+00	0.00e+00	0.00e+00	9.63e-01	8.70e-08	4.40e-08
 5.73132e+22	9.63e-01	3.67e-02	1.59e-05	0.00e+00	0.00e+00	0.00e+00	0.00e+00	0.00e+00	0.00e+00	9.63e-01	8.66e-08	4.38e-08
 5.73428e+22	9.64e-01	3.63e-02	1.58e-05	0.00e+00	0.00e+00	0.00e+00	0.00e+00	0.00e+00	0.00e+00	9.64e-01	8.65e-08	4.38e-08
 5.73752e+22	9.64e-01	3.58e-02	1.57e-05	0.00e+00	0.00e+00	0.00e+00	0.00e+00	0.00e+00	0.00e+00	9.64e-01	8.63e-08	4.37e-08
 5.74102e+22	9.65e-01	3.52e-02	1.55e-05	0.00e+00	0.00e+00	0.00e+00	0.00e+00	0.00e+00	0.00e+00	9.65e-01	8.60e-08	4.36e-08
 5.74420e+22	9.65e-01	3.47e-02	1.54e-05	0.00e+00	0.00e+00	0.00e+00	0.00e+00	0.00e+00	0.00e+00	9.65e-01	8.59e-08	4.35e-08
 5.74710e+22	9.66e-01	3.43e-02	1.53e-05	0.00e+00	0.00e+00	0.00e+00	0.00e+00	0.00e+00	0.00e+00	9.66e-01	8.56e-08	4.34e-08
 5.74973e+22	9.66e-01	3.40e-02	1.52e-05	0.00e+00	0.00e+00	0.00e+00	0.00e+00	0.00e+00	0.00e+00	9.66e-01	8.55e-08	4.34e-08
 5.75262e+22	9.66e-01	3.35e-02	1.50e-05	0.00e+00	0.00e+00	0.00e+00	0.00e+00	0.00e+00	0.00e+00	9.66e-01	8.55e-08	4.33e-08
 5.75638e+22	9.67e-01	3.29e-02	1.48e-05	0.00e+00	0.00e+00	0.00e+00	0.00e+00	0.00e+00	0.00e+00	9.67e-01	8.52e-08	4.32e-08
 5.76043e+22	9.68e-01	3.22e-02	1.46e-05	0.00e+00	0.00e+00	0.00e+00	0.00e+00	0.00e+00	0.00e+00	9.68e-01	8.50e-08	4.31e-08
 5.76412e+22	9.68e-01	3.17e-02	1.45e-05	0.00e+00	0.00e+00	0.00e+00	0.00e+00	0.00e+00	0.00e+00	9.68e-01	8.49e-08	4.30e-08
 5.76748e+22	9.69e-01	3.13e-02	1.43e-05	0.00e+00	0.00e+00	0.00e+00	0.00e+00	0.00e+00	0.00e+00	9.69e-01	8.48e-08	4.30e-08
 5.77053e+22	9.69e-01	3.09e-02	1.42e-05	0.00e+00	0.00e+00	0.00e+00	0.00e+00	0.00e+00	0.00e+00	9.69e-01	8.46e-08	4.29e-08
 5.77331e+22	9.69e-01	3.05e-02	1.41e-05	0.00e+00	0.00e+00	0.00e+00	0.00e+00	0.00e+00	0.00e+00	9.69e-01	8.45e-08	4.28e-08
 5.77636e+22	9.70e-01	3.01e-02	1.39e-05	0.00e+00	0.00e+00	0.00e+00	0.00e+00	0.00e+00	0.00e+00	9.70e-01	8.43e-08	4.27e-08
 5.77964e+22	9.70e-01	2.96e-02	1.37e-05	0.00e+00	0.00e+00	0.00e+00	0.00e+00	0.00e+00	0.00e+00	9.70e-01	8.41e-08	4.26e-08
 5.78264e+22	9.71e-01	2.92e-02	1.36e-05	0.00e+00	0.00e+00	0.00e+00	0.00e+00	0.00e+00	0.00e+00	9.71e-01	8.39e-08	4.24e-08
 5.78536e+22	9.71e-01	2.88e-02	1.35e-05	0.00e+00	0.00e+00	0.00e+00	0.00e+00	0.00e+00	0.00e+00	9.71e-01	8.36e-08	4.23e-08
 5.78784e+22	9.71e-01	2.85e-02	1.34e-05	0.00e+00	0.00e+00	0.00e+00	0.00e+00	0.00e+00	0.00e+00	9.71e-01	8.35e-08	4.22e-08
 5.79055e+22	9.72e-01	2.81e-02	1.32e-05	0.00e+00	0.00e+00	0.00e+00	0.00e+00	0.00e+00	0.00e+00	9.72e-01	8.34e-08	4.21e-08
 5.79408e+22	9.72e-01	2.76e-02	1.30e-05	0.00e+00	0.00e+00	0.00e+00	0.00e+00	0.00e+00	0.00e+00	9.72e-01	8.32e-08	4.20e-08
 5.79790e+22	9.73e-01	2.70e-02	1.28e-05	0.00e+00	0.00e+00	0.00e+00	0.00e+00	0.00e+00	0.00e+00	9.73e-01	8.30e-08	4.18e-08
 5.80136e+22	9.73e-01	2.66e-02	1.27e-05	0.00e+00	0.00e+00	0.00e+00	0.00e+00	0.00e+00	0.00e+00	9.73e-01	8.28e-08	4.17e-08
 5.80452e+22	9.74e-01	2.62e-02	1.25e-05	0.00e+00	0.00e+00	0.00e+00	0.00e+00	0.00e+00	0.00e+00	9.74e-01	8.27e-08	4.16e-08
 5.80739e+22	9.74e-01	2.59e-02	1.24e-05	0.00e+00	0.00e+00	0.00e+00	0.00e+00	0.00e+00	0.00e+00	9.74e-01	8.25e-08	4.15e-08
 5.81001e+22	9.74e-01	2.56e-02	1.23e-05	0.00e+00	0.00e+00	0.00e+00	0.00e+00	0.00e+00	0.00e+00	9.74e-01	8.24e-08	4.14e-08
 5.81287e+22	9.75e-01	2.52e-02	1.22e-05	0.00e+00	0.00e+00	0.00e+00	0.00e+00	0.00e+00	0.00e+00	9.75e-01	8.22e-08	4.12e-08
 5.81596e+22	9.75e-01	2.48e-02	1.20e-05	0.00e+00	0.00e+00	0.00e+00	0.00e+00	0.00e+00	0.00e+00	9.75e-01	8.20e-08	4.11e-08
 5.81878e+22	9.76e-01	2.45e-02	1.19e-05	0.00e+00	0.00e+00	0.00e+00	0.00e+00	0.00e+00	0.00e+00	9.76e-01	8.18e-08	4.09e-08
 5.82186e+22	9.76e-01	2.41e-02	1.18e-05	0.00e+00	0.00e+00	0.00e+00	0.00e+00	0.00e+00	0.00e+00	9.76e-01	8.17e-08	4.08e-08
 5.82519e+22	9.76e-01	2.37e-02	1.17e-05	0.00e+00	0.00e+00	0.00e+00	0.00e+00	0.00e+00	0.00e+00	9.76e-01	8.15e-08	4.06e-08
 5.82822e+22	9.77e-01	2.34e-02	1.16e-05	0.00e+00	0.00e+00	0.00e+00	0.00e+00	0.00e+00	0.00e+00	9.77e-01	8.13e-08	4.05e-08
 5.83097e+22	9.77e-01	2.30e-02	1.14e-05	0.00e+00	0.00e+00	0.00e+00	0.00e+00	0.00e+00	0.00e+00	9.77e-01	8.06e-08	4.02e-08
 5.83348e+22	9.77e-01	2.29e-02	1.14e-05	0.00e+00	0.00e+00	0.00e+00	0.00e+00	0.00e+00	0.00e+00	9.77e-01	8.04e-08	4.01e-08
 5.83623e+22	9.77e-01	2.26e-02	1.13e-05	0.00e+00	0.00e+00	0.00e+00	0.00e+00	0.00e+00	0.00e+00	9.77e-01	7.97e-08	3.98e-08
 5.83980e+22	9.78e-01	2.22e-02	1.11e-05	0.00e+00	0.00e+00	0.00e+00	0.00e+00	0.00e+00	0.00e+00	9.78e-01	7.89e-08	3.94e-08
 5.84366e+22	9.78e-01	2.18e-02	1.10e-05	0.00e+00	0.00e+00	0.00e+00	0.00e+00	0.00e+00	0.00e+00	9.78e-01	7.81e-08	3.90e-08
 5.84717e+22	9.79e-01	2.14e-02	1.09e-05	0.00e+00	0.00e+00	0.00e+00	0.00e+00	0.00e+00	0.00e+00	9.79e-01	7.73e-08	3.86e-08
 5.85036e+22	9.79e-01	2.12e-02	1.08e-05	0.00e+00	0.00e+00	0.00e+00	0.00e+00	0.00e+00	0.00e+00	9.79e-01	7.71e-08	3.84e-08
 5.85386e+22	9.79e-01	2.09e-02	1.07e-05	0.00e+00	0.00e+00	0.00e+00	0.00e+00	0.00e+00	0.00e+00	9.79e-01	7.64e-08	3.80e-08
 5.85764e+22	9.79e-01	2.05e-02	1.05e-05	0.00e+00	0.00e+00	0.00e+00	0.00e+00	0.00e+00	0.00e+00	9.79e-01	7.57e-08	3.75e-08
 5.86108e+22	9.80e-01	2.02e-02	1.04e-05	0.00e+00	0.00e+00	0.00e+00	0.00e+00	0.00e+00	0.00e+00	9.80e-01	7.52e-08	3.72e-08
 5.86485e+22	9.80e-01	1.99e-02	1.03e-05	0.00e+00	0.00e+00	0.00e+00	0.00e+00	0.00e+00	0.00e+00	9.80e-01	7.45e-08	3.67e-08
 5.86892e+22	9.80e-01	1.95e-02	1.02e-05	0.00e+00	0.00e+00	0.00e+00	0.00e+00	0.00e+00	0.00e+00	9.80e-01	7.37e-08	3.63e-08
 5.87262e+22	9.81e-01	1.91e-02	1.01e-05	0.00e+00	0.00e+00	0.00e+00	0.00e+00	0.00e+00	0.00e+00	9.81e-01	7.28e-08	3.57e-08
 5.87599e+22	9.81e-01	1.90e-02	1.00e-05	0.00e+00	0.00e+00	0.00e+00	0.00e+00	0.00e+00	0.00e+00	9.81e-01	7.26e-08	3.56e-08
 5.87968e+22	9.81e-01	1.86e-02	9.89e-06	0.00e+00	0.00e+00	0.00e+00	0.00e+00	0.00e+00	0.00e+00	9.81e-01	7.19e-08	3.51e-08
 5.88366e+22	9.82e-01	1.83e-02	9.78e-06	0.00e+00	0.00e+00	0.00e+00	0.00e+00	0.00e+00	0.00e+00	9.82e-01	7.13e-08	3.47e-08
 5.88729e+22	9.82e-01	1.80e-02	9.67e-06	0.00e+00	0.00e+00	0.00e+00	0.00e+00	0.00e+00	0.00e+00	9.82e-01	7.05e-08	3.42e-08
 5.89059e+22	9.82e-01	1.78e-02	9.60e-06	0.00e+00	0.00e+00	0.00e+00	0.00e+00	0.00e+00	0.00e+00	9.82e-01	7.03e-08	3.40e-08
 5.89421e+22	9.82e-01	1.75e-02	9.50e-06	0.00e+00	0.00e+00	0.00e+00	0.00e+00	0.00e+00	0.00e+00	9.82e-01	6.95e-08	3.36e-08
 5.89811e+22	9.83e-01	1.72e-02	9.40e-06	0.00e+00	0.00e+00	0.00e+00	0.00e+00	0.00e+00	0.00e+00	9.83e-01	6.88e-08	3.32e-08
 5.90166e+22	9.83e-01	1.70e-02	9.32e-06	0.00e+00	0.00e+00	0.00e+00	0.00e+00	0.00e+00	0.00e+00	9.83e-01	6.83e-08	3.29e-08
 5.90556e+22	9.83e-01	1.67e-02	9.21e-06	0.00e+00	0.00e+00	0.00e+00	0.00e+00	0.00e+00	0.00e+00	9.83e-01	6.74e-08	3.23e-08
 5.90976e+22	9.84e-01	1.64e-02	9.11e-06	0.00e+00	0.00e+00	0.00e+00	0.00e+00	0.00e+00	0.00e+00	9.84e-01	6.67e-08	3.19e-08
 5.91359e+22	9.84e-01	1.61e-02	9.01e-06	0.00e+00	0.00e+00	0.00e+00	0.00e+00	0.00e+00	0.00e+00	9.84e-01	6.58e-08	3.14e-08
 5.91707e+22	9.84e-01	1.59e-02	8.94e-06	0.00e+00	0.00e+00	0.00e+00	0.00e+00	0.00e+00	0.00e+00	9.84e-01	6.55e-08	3.12e-08
 5.92088e+22	9.84e-01	1.57e-02	8.85e-06	0.00e+00	0.00e+00	0.00e+00	0.00e+00	0.00e+00	0.00e+00	9.84e-01	6.48e-08	3.07e-08
 5.92500e+22	9.85e-01	1.54e-02	8.75e-06	0.00e+00	0.00e+00	0.00e+00	0.00e+00	0.00e+00	0.00e+00	9.85e-01	6.40e-08	3.02e-08
 5.92874e+22	9.85e-01	1.52e-02	8.68e-06	0.00e+00	0.00e+00	0.00e+00	0.00e+00	0.00e+00	0.00e+00	9.85e-01	6.35e-08	2.99e-08
 5.93285e+22	9.85e-01	1.49e-02	8.58e-06	0.00e+00	0.00e+00	0.00e+00	0.00e+00	0.00e+00	0.00e+00	9.85e-01	6.26e-08	2.94e-08
 5.93728e+22	9.85e-01	1.46e-02	8.48e-06	0.00e+00	0.00e+00	0.00e+00	0.00e+00	0.00e+00	0.00e+00	9.85e-01	6.18e-08	2.89e-08
 5.94132e+22	9.86e-01	1.44e-02	8.41e-06	0.00e+00	0.00e+00	0.00e+00	0.00e+00	0.00e+00	0.00e+00	9.86e-01	6.13e-08	2.86e-08
 5.94574e+22	9.86e-01	1.41e-02	8.30e-06	0.00e+00	0.00e+00	0.00e+00	0.00e+00	0.00e+00	0.00e+00	9.86e-01	6.03e-08	2.80e-08
 5.95051e+22	9.86e-01	1.38e-02	8.21e-06	0.00e+00	0.00e+00	0.00e+00	0.00e+00	0.00e+00	0.00e+00	9.86e-01	5.96e-08	2.75e-08
 5.95485e+22	9.86e-01	1.36e-02	8.13e-06	0.00e+00	0.00e+00	0.00e+00	0.00e+00	0.00e+00	0.00e+00	9.86e-01	5.90e-08	2.72e-08
 5.95961e+22	9.87e-01	1.33e-02	8.02e-06	0.00e+00	0.00e+00	0.00e+00	0.00e+00	0.00e+00	0.00e+00	9.87e-01	5.81e-08	2.67e-08
 5.96474e+22	9.87e-01	1.30e-02	7.93e-06	0.00e+00	0.00e+00	0.00e+00	0.00e+00	0.00e+00	0.00e+00	9.87e-01	5.74e-08	2.62e-08
 5.96942e+22	9.87e-01	1.28e-02	7.85e-06	0.00e+00	0.00e+00	0.00e+00	0.00e+00	0.00e+00	0.00e+00	9.87e-01	5.68e-08	2.59e-08
 5.97454e+22	9.87e-01	1.25e-02	7.74e-06	0.00e+00	0.00e+00	0.00e+00	0.00e+00	0.00e+00	0.00e+00	9.87e-01	5.60e-08	2.55e-08
 5.98007e+22	9.88e-01	1.22e-02	7.65e-06	0.00e+00	0.00e+00	0.00e+00	0.00e+00	0.00e+00	0.00e+00	9.88e-01	5.54e-08	2.51e-08
 5.98510e+22	9.88e-01	1.20e-02	7.56e-06	0.00e+00	0.00e+00	0.00e+00	0.00e+00	0.00e+00	0.00e+00	9.88e-01	5.47e-08	2.46e-08
 5.98968e+22	9.88e-01	1.18e-02	7.49e-06	0.00e+00	0.00e+00	0.00e+00	0.00e+00	0.00e+00	0.00e+00	9.88e-01	5.41e-08	2.42e-08
 5.99470e+22	9.88e-01	1.16e-02	7.40e-06	0.00e+00	0.00e+00	0.00e+00	0.00e+00	0.00e+00	0.00e+00	9.88e-01	5.34e-08	2.37e-08
 6.00012e+22	9.89e-01	1.13e-02	7.31e-06	0.00e+00	0.00e+00	0.00e+00	0.00e+00	0.00e+00	0.00e+00	9.89e-01	5.24e-08	2.31e-08
 6.00505e+22	9.89e-01	1.11e-02	7.24e-06	0.00e+00	0.00e+00	0.00e+00	0.00e+00	0.00e+00	0.00e+00	9.89e-01	5.21e-08	2.29e-08
 6.01045e+22	9.89e-01	1.09e-02	7.14e-06	0.00e+00	0.00e+00	0.00e+00	0.00e+00	0.00e+00	0.00e+00	9.89e-01	5.13e-08	2.24e-08
 6.01628e+22	9.89e-01	1.06e-02	7.05e-06	0.00e+00	0.00e+00	0.00e+00	0.00e+00	0.00e+00	0.00e+00	9.89e-01	5.03e-08	2.18e-08
 6.02159e+22	9.90e-01	1.04e-02	6.98e-06	0.00e+00	0.00e+00	0.00e+00	0.00e+00	0.00e+00	0.00e+00	9.90e-01	4.99e-08	2.15e-08
 6.02740e+22	9.90e-01	1.02e-02	6.88e-06	0.00e+00	0.00e+00	0.00e+00	0.00e+00	0.00e+00	0.00e+00	9.90e-01	4.91e-08	2.11e-08
 6.03368e+22	9.90e-01	9.91e-03	6.79e-06	0.00e+00	0.00e+00	0.00e+00	0.00e+00	0.00e+00	0.00e+00	9.90e-01	4.84e-08	2.07e-08
 6.03940e+22	9.90e-01	9.70e-03	6.71e-06	0.00e+00	0.00e+00	0.00e+00	0.00e+00	0.00e+00	0.00e+00	9.90e-01	4.77e-08	2.03e-08
 6.04459e+22	9.90e-01	9.54e-03	6.65e-06	0.00e+00	0.00e+00	0.00e+00	0.00e+00	0.00e+00	0.00e+00	9.90e-01	4.71e-08	1.99e-08
 6.05029e+22	9.91e-01	9.33e-03	6.56e-06	0.00e+00	0.00e+00	0.00e+00	0.00e+00	0.00e+00	0.00e+00	9.91e-01	4.64e-08	1.95e-08
 6.05644e+22	9.91e-01	9.07e-03	6.48e-06	0.00e+00	0.00e+00	0.00e+00	0.00e+00	0.00e+00	0.00e+00	9.91e-01	4.55e-08	1.90e-08
 6.06204e+22	9.91e-01	8.92e-03	6.41e-06	0.00e+00	0.00e+00	0.00e+00	0.00e+00	0.00e+00	0.00e+00	9.91e-01	4.51e-08	1.87e-08
 6.06817e+22	9.91e-01	8.71e-03	6.32e-06	0.00e+00	0.00e+00	0.00e+00	0.00e+00	0.00e+00	0.00e+00	9.91e-01	4.43e-08	1.83e-08
 6.07479e+22	9.92e-01	8.46e-03	6.23e-06	0.00e+00	0.00e+00	0.00e+00	0.00e+00	0.00e+00	0.00e+00	9.92e-01	4.35e-08	1.78e-08
 6.08082e+22	9.92e-01	8.31e-03	6.17e-06	0.00e+00	0.00e+00	0.00e+00	0.00e+00	0.00e+00	0.00e+00	9.92e-01	4.30e-08	1.75e-08
 6.08742e+22	9.92e-01	8.10e-03	6.08e-06	0.00e+00	0.00e+00	0.00e+00	0.00e+00	0.00e+00	0.00e+00	9.92e-01	4.23e-08	1.71e-08
 6.09455e+22	9.92e-01	7.88e-03	5.99e-06	0.00e+00	0.00e+00	0.00e+00	0.00e+00	0.00e+00	0.00e+00	9.92e-01	4.17e-08	1.67e-08
 6.10104e+22	9.92e-01	7.70e-03	5.92e-06	0.00e+00	0.00e+00	0.00e+00	0.00e+00	0.00e+00	0.00e+00	9.92e-01	4.11e-08	1.64e-08
 6.10694e+22	9.92e-01	7.55e-03	5.86e-06	0.00e+00	0.00e+00	0.00e+00	0.00e+00	0.00e+00	0.00e+00	9.92e-01	4.05e-08	1.61e-08
 6.11341e+22	9.93e-01	7.37e-03	5.78e-06	0.00e+00	0.00e+00	0.00e+00	0.00e+00	0.00e+00	0.00e+00	9.93e-01	3.99e-08	1.57e-08
 6.12039e+22	9.93e-01	7.15e-03	5.70e-06	0.00e+00	0.00e+00	0.00e+00	0.00e+00	0.00e+00	0.00e+00	9.93e-01	3.91e-08	1.53e-08
 6.12674e+22	9.93e-01	7.01e-03	5.63e-06	0.00e+00	0.00e+00	0.00e+00	0.00e+00	0.00e+00	0.00e+00	9.93e-01	3.87e-08	1.50e-08
 6.13371e+22	9.93e-01	6.83e-03	5.55e-06	0.00e+00	0.00e+00	0.00e+00	0.00e+00	0.00e+00	0.00e+00	9.93e-01	3.81e-08	1.46e-08
 6.14122e+22	9.93e-01	6.62e-03	5.47e-06	0.00e+00	0.00e+00	0.00e+00	0.00e+00	0.00e+00	0.00e+00	9.93e-01	3.73e-08	1.42e-08
 6.14806e+22	9.94e-01	6.48e-03	5.41e-06	0.00e+00	0.00e+00	0.00e+00	0.00e+00	0.00e+00	0.00e+00	9.94e-01	3.69e-08	1.39e-08
 6.15556e+22	9.94e-01	6.31e-03	5.32e-06	0.00e+00	0.00e+00	0.00e+00	0.00e+00	0.00e+00	0.00e+00	9.94e-01	3.63e-08	1.36e-08
 6.16365e+22	9.94e-01	6.13e-03	5.25e-06	0.00e+00	0.00e+00	0.00e+00	0.00e+00	0.00e+00	0.00e+00	9.94e-01	3.56e-08	1.32e-08
 6.17102e+22	9.94e-01	5.98e-03	5.18e-06	0.00e+00	0.00e+00	0.00e+00	0.00e+00	0.00e+00	0.00e+00	9.94e-01	3.51e-08	1.29e-08
 6.17909e+22	9.94e-01	5.81e-03	5.10e-06	0.00e+00	0.00e+00	0.00e+00	0.00e+00	0.00e+00	0.00e+00	9.94e-01	3.45e-08	1.25e-08
 6.18780e+22	9.94e-01	5.62e-03	5.02e-06	0.00e+00	0.00e+00	0.00e+00	0.00e+00	0.00e+00	0.00e+00	9.94e-01	3.37e-08	1.21e-08
 6.19573e+22	9.95e-01	5.48e-03	4.95e-06	0.00e+00	0.00e+00	0.00e+00	0.00e+00	0.00e+00	0.00e+00	9.95e-01	3.32e-08	1.18e-08
 6.20441e+22	9.95e-01	5.32e-03	4.86e-06	0.00e+00	0.00e+00	0.00e+00	0.00e+00	0.00e+00	0.00e+00	9.95e-01	3.26e-08	1.14e-08
 6.21379e+22	9.95e-01	5.15e-03	4.79e-06	0.00e+00	0.00e+00	0.00e+00	0.00e+00	0.00e+00	0.00e+00	9.95e-01	3.20e-08	1.11e-08
 6.22233e+22	9.95e-01	5.01e-03	4.72e-06	0.00e+00	0.00e+00	0.00e+00	0.00e+00	0.00e+00	0.00e+00	9.95e-01	3.15e-08	1.08e-08
 6.23009e+22	9.95e-01	4.89e-03	4.66e-06	0.00e+00	0.00e+00	0.00e+00	0.00e+00	0.00e+00	0.00e+00	9.95e-01	3.10e-08	1.05e-08
 6.23860e+22	9.95e-01	4.67e-03	4.58e-06	0.00e+00	0.00e+00	0.00e+00	0.00e+00	0.00e+00	0.00e+00	9.95e-01	3.03e-08	1.01e-08
 6.24961e+22	9.96e-01	4.29e-03	4.47e-06	0.00e+00	0.00e+00	0.00e+00	0.00e+00	0.00e+00	0.00e+00	9.96e-01	2.95e-08	9.67e-09
 6.26196e+22	9.96e-01	4.01e-03	4.38e-06	0.00e+00	0.00e+00	0.00e+00	0.00e+00	0.00e+00	0.00e+00	9.96e-01	2.87e-08	9.21e-09
 6.27421e+22	9.96e-01	3.80e-03	4.28e-06	0.00e+00	0.00e+00	0.00e+00	0.00e+00	0.00e+00	0.00e+00	9.96e-01	2.80e-08	8.78e-09
 6.28654e+22	9.96e-01	3.59e-03	4.19e-06	0.00e+00	0.00e+00	0.00e+00	0.00e+00	0.00e+00	0.00e+00	9.96e-01	2.72e-08	8.36e-09
 6.29915e+22	9.97e-01	3.38e-03	4.10e-06	0.00e+00	0.00e+00	0.00e+00	0.00e+00	0.00e+00	0.00e+00	9.97e-01	2.65e-08	7.95e-09
 6.31199e+22	9.97e-01	3.18e-03	4.01e-06	0.00e+00	0.00e+00	0.00e+00	0.00e+00	0.00e+00	0.00e+00	9.97e-01	2.57e-08	7.55e-09
 6.32497e+22	9.97e-01	2.99e-03	3.92e-06	0.00e+00	0.00e+00	0.00e+00	0.00e+00	0.00e+00	0.00e+00	9.97e-01	2.50e-08	7.16e-09
 6.33810e+22	9.97e-01	2.80e-03	3.83e-06	0.00e+00	0.00e+00	0.00e+00	0.00e+00	0.00e+00	0.00e+00	9.97e-01	2.43e-08	6.78e-09
 6.35140e+22	9.97e-01	2.63e-03	3.74e-06	0.00e+00	0.00e+00	0.00e+00	0.00e+00	0.00e+00	0.00e+00	9.97e-01	2.35e-08	6.41e-09
 6.36486e+22	9.98e-01	2.46e-03	3.66e-06	0.00e+00	0.00e+00	0.00e+00	0.00e+00	0.00e+00	0.00e+00	9.98e-01	2.28e-08	6.06e-09
 6.37848e+22	9.98e-01	2.29e-03	3.58e-06	0.00e+00	0.00e+00	0.00e+00	0.00e+00	0.00e+00	0.00e+00	9.98e-01	2.21e-08	5.73e-09
 6.39225e+22	9.98e-01	2.14e-03	3.49e-06	0.00e+00	0.00e+00	0.00e+00	0.00e+00	0.00e+00	0.00e+00	9.98e-01	2.13e-08	5.41e-09
 6.40616e+22	9.98e-01	1.99e-03	3.41e-06	0.00e+00	0.00e+00	0.00e+00	0.00e+00	0.00e+00	0.00e+00	9.98e-01	2.06e-08	5.10e-09
 6.42023e+22	9.98e-01	1.84e-03	3.33e-06	0.00e+00	0.00e+00	0.00e+00	0.00e+00	0.00e+00	0.00e+00	9.98e-01	1.99e-08	4.79e-09
 6.43444e+22	9.98e-01	1.71e-03	3.25e-06	0.00e+00	0.00e+00	0.00e+00	0.00e+00	0.00e+00	0.00e+00	9.98e-01	1.92e-08	4.50e-09
