#depth	H	H+	H2
 1.54284e+22	1.94e-05	1.00e+00	2.13e-27
 3.45719e+22	2.79e-05	1.00e+00	1.04e-26
 4.01446e+22	3.32e-05	1.00e+00	2.23e-26
 4.30070e+22	3.63e-05	1.00e+00	3.23e-26
 4.45275e+22	3.81e-05	1.00e+00	4.00e-26
 4.57137e+22	4.04e-05	1.00e+00	5.23e-26
 4.69628e+22	4.25e-05	1.00e+00	6.58e-26
 4.80902e+22	4.46e-05	1.00e+00	8.19e-26
 4.93521e+22	4.74e-05	1.00e+00	1.08e-25
 5.06501e+22	4.99e-05	1.00e+00	1.36e-25
 5.17198e+22	5.21e-05	1.00e+00	1.65e-25
 5.28350e+22	5.49e-05	1.00e+00	2.10e-25
 5.39885e+22	5.75e-05	1.00e+00	2.58e-25
 5.50294e+22	6.01e-05	1.00e+00	3.16e-25
 5.62205e+22	6.35e-05	1.00e+00	4.06e-25
 5.74545e+22	6.67e-05	1.00e+00	5.09e-25
 5.85521e+22	6.98e-05	1.00e+00	6.25e-25
 5.97867e+22	7.38e-05	1.00e+00	8.10e-25
 6.10774e+22	7.78e-05	1.00e+00	1.02e-24
 6.22418e+22	8.16e-05	1.00e+00	1.27e-24
 6.35562e+22	8.66e-05	1.00e+00	1.68e-24
 6.49146e+22	9.14e-05	1.00e+00	2.14e-24
 6.61253e+22	9.60e-05	1.00e+00	2.68e-24
 6.74942e+22	1.02e-04	1.00e+00	3.56e-24
 6.89181e+22	1.08e-04	1.00e+00	4.58e-24
 7.01999e+22	1.14e-04	1.00e+00	5.82e-24
 7.16528e+22	1.22e-04	1.00e+00	7.90e-24
 7.31494e+22	1.29e-04	1.00e+00	1.02e-23
 7.44962e+22	1.36e-04	1.00e+00	1.32e-23
 7.60406e+22	1.46e-04	1.00e+00	1.83e-23
 7.75999e+22	1.55e-04	1.00e+00	2.38e-23
 7.91785e+22	1.66e-04	1.00e+00	3.32e-23
 8.07822e+22	1.76e-04	1.00e+00	4.37e-23
 8.22045e+22	1.86e-04	1.00e+00	5.74e-23
 8.38394e+22	2.01e-04	1.00e+00	8.20e-23
 8.54975e+22	2.13e-04	1.00e+00	1.09e-22
 8.71857e+22	2.30e-04	1.00e+00	1.58e-22
 8.88938e+22	2.45e-04	1.00e+00	2.12e-22
 9.06277e+22	2.65e-04	1.00e+00	3.14e-22
 9.23853e+22	2.82e-04	1.00e+00	4.30e-22
 9.39122e+22	3.00e-04	1.00e+00	5.84e-22
 9.56357e+22	3.24e-04	1.00e+00	8.67e-22
 9.72804e+22	3.42e-04	1.00e+00	1.15e-21
 9.88229e+22	3.66e-04	1.00e+00	1.63e-21
 1.00376e+23	3.87e-04	1.00e+00	2.18e-21
 1.01944e+23	4.15e-04	1.00e+00	3.12e-21
 1.03544e+23	4.39e-04	1.00e+00	4.27e-21
 1.04974e+23	4.65e-04	1.00e+00	5.76e-21
 1.06617e+23	5.00e-04	1.00e+00	8.54e-21
 1.08280e+23	5.30e-04	9.99e-01	1.20e-20
 1.09969e+23	5.69e-04	9.99e-01	1.78e-20
 1.11613e+23	6.02e-04	9.99e-01	2.55e-20
 1.12910e+23	6.32e-04	9.99e-01	3.36e-20
 1.14306e+23	6.70e-04	9.99e-01	4.76e-20
 1.15743e+23	7.05e-04	9.99e-01	6.55e-20
 1.17033e+23	7.41e-04	9.99e-01	8.78e-20
 1.18509e+23	7.88e-04	9.99e-01	1.30e-19
 1.20000e+23	8.29e-04	9.99e-01	1.83e-19
 1.21308e+23	8.72e-04	9.99e-01	2.48e-19
 1.22804e+23	9.27e-04	9.99e-01	3.76e-19
 1.24325e+23	9.76e-04	9.99e-01	5.45e-19
 1.25676e+23	1.03e-03	9.99e-01	7.65e-19
 1.27225e+23	1.09e-03	9.99e-01	1.27e-18
 1.28790e+23	1.15e-03	9.99e-01	2.05e-18
 1.30167e+23	1.21e-03	9.99e-01	3.18e-18
 1.31750e+23	1.29e-03	9.99e-01	6.37e-18
 1.33361e+23	1.37e-03	9.99e-01	1.33e-17
 1.35009e+23	1.46e-03	9.99e-01	3.25e-17
 1.36380e+23	1.51e-03	9.98e-01	6.91e-17
 1.37393e+23	1.57e-03	9.98e-01	1.37e-16
 1.38710e+23	1.66e-03	9.98e-01	2.11e-16
 1.40184e+23	1.75e-03	9.98e-01	3.55e-16
 1.41863e+23	1.87e-03	9.98e-01	5.70e-16
 1.43604e+23	1.98e-03	9.98e-01	8.09e-16
 1.45428e+23	2.12e-03	9.98e-01	1.21e-15
 1.47022e+23	2.22e-03	9.98e-01	1.54e-15
 1.48319e+23	2.33e-03	9.98e-01	2.03e-15
 1.49678e+23	2.43e-03	9.98e-01	2.49e-15
 1.50920e+23	2.54e-03	9.97e-01	3.03e-15
 1.52339e+23	2.67e-03	9.97e-01	3.79e-15
 1.53784e+23	2.79e-03	9.97e-01	4.59e-15
 1.55263e+23	2.95e-03	9.97e-01	5.78e-15
 1.56752e+23	3.09e-03	9.97e-01	6.96e-15
 1.58253e+23	3.27e-03	9.97e-01	8.67e-15
 1.59779e+23	3.42e-03	9.97e-01	1.04e-14
 1.61336e+23	3.63e-03	9.96e-01	1.30e-14
 1.62921e+23	3.80e-03	9.96e-01	1.56e-14
 1.64543e+23	4.03e-03	9.96e-01	1.96e-14
 1.66196e+23	4.24e-03	9.96e-01	2.38e-14
 1.67887e+23	4.50e-03	9.95e-01	3.02e-14
 1.69617e+23	4.74e-03	9.95e-01	3.69e-14
 1.71395e+23	5.07e-03	9.95e-01	4.76e-14
 1.73166e+23	5.32e-03	9.95e-01	5.82e-14
 1.74927e+23	5.68e-03	9.94e-01	7.52e-14
 1.76702e+23	5.98e-03	9.94e-01	9.22e-14
 1.78494e+23	6.40e-03	9.94e-01	1.20e-13
 1.80294e+23	6.74e-03	9.93e-01	1.48e-13
 1.82103e+23	7.24e-03	9.93e-01	1.94e-13
 1.83917e+23	7.64e-03	9.92e-01	2.41e-13
 1.85736e+23	8.24e-03	9.92e-01	3.19e-13
 1.87555e+23	8.74e-03	9.91e-01	3.99e-13
 1.89375e+23	9.48e-03	9.91e-01	5.36e-13
 1.91196e+23	1.01e-02	9.90e-01	6.77e-13
 1.93019e+23	1.11e-02	9.89e-01	9.35e-13
 1.94840e+23	1.19e-02	9.88e-01	1.20e-12
 1.96659e+23	1.31e-02	9.87e-01	1.67e-12
 1.98502e+23	1.43e-02	9.86e-01	2.24e-12
 2.00376e+23	1.60e-02	9.84e-01	3.25e-12
 2.02273e+23	1.79e-02	9.82e-01	4.56e-12
 2.03876e+23	1.99e-02	9.80e-01	6.30e-12
 2.05251e+23	2.19e-02	9.78e-01	8.28e-12
 2.06652e+23	2.47e-02	9.75e-01	1.17e-11
 2.08132e+23	2.80e-02	9.72e-01	1.67e-11
 2.09480e+23	3.20e-02	9.68e-01	2.39e-11
 2.10788e+23	3.70e-02	9.63e-01	3.49e-11
 2.12041e+23	4.32e-02	9.57e-01	5.16e-11
 2.13208e+23	5.08e-02	9.49e-01	7.71e-11
 2.14280e+23	6.00e-02	9.40e-01	1.14e-10
 2.15271e+23	7.13e-02	9.29e-01	1.71e-10
 2.16185e+23	8.51e-02	9.15e-01	2.55e-10
 2.17010e+23	1.02e-01	8.98e-01	3.78e-10
 2.17746e+23	1.21e-01	8.79e-01	5.50e-10
 2.18403e+23	1.43e-01	8.57e-01	7.88e-10
 2.18992e+23	1.66e-01	8.34e-01	1.08e-09
 2.19538e+23	1.93e-01	8.07e-01	1.48e-09
 2.20052e+23	2.24e-01	7.76e-01	2.01e-09
 2.20519e+23	2.56e-01	7.44e-01	2.64e-09
 2.20946e+23	2.90e-01	7.10e-01	3.39e-09
 2.21340e+23	3.25e-01	6.75e-01	4.23e-09
 2.21688e+23	3.58e-01	6.42e-01	5.10e-09
 2.21938e+23	3.83e-01	6.17e-01	5.77e-09
 2.22102e+23	3.99e-01	6.01e-01	6.23e-09
 2.22270e+23	4.17e-01	5.83e-01	6.76e-09
 2.22476e+23	4.38e-01	5.62e-01	7.44e-09
 2.22703e+23	4.63e-01	5.37e-01	8.23e-09
 2.22929e+23	4.86e-01	5.14e-01	8.99e-09
 2.23149e+23	5.09e-01	4.91e-01	9.74e-09
 2.23362e+23	5.30e-01	4.70e-01	1.05e-08
 2.23531e+23	5.46e-01	4.54e-01	1.10e-08
 2.23646e+23	5.57e-01	4.43e-01	1.13e-08
 2.23759e+23	5.68e-01	4.32e-01	1.17e-08
 2.23891e+23	5.79e-01	4.21e-01	1.22e-08
 2.24036e+23	5.92e-01	4.08e-01	1.26e-08
 2.24182e+23	6.05e-01	3.95e-01	1.31e-08
 2.24324e+23	6.17e-01	3.83e-01	1.35e-08
 2.24468e+23	6.28e-01	3.72e-01	1.39e-08
 2.24617e+23	6.40e-01	3.60e-01	1.43e-08
 2.24772e+23	6.52e-01	3.48e-01	1.48e-08
 2.24928e+23	6.63e-01	3.37e-01	1.52e-08
 2.25086e+23	6.74e-01	3.26e-01	1.55e-08
 2.25250e+23	6.85e-01	3.15e-01	1.59e-08
 2.25419e+23	6.95e-01	3.05e-01	1.63e-08
 2.25593e+23	7.06e-01	2.94e-01	1.67e-08
 2.25770e+23	7.16e-01	2.84e-01	1.71e-08
 2.25952e+23	7.26e-01	2.74e-01	1.74e-08
 2.26141e+23	7.36e-01	2.64e-01	1.78e-08
 2.26335e+23	7.45e-01	2.55e-01	1.81e-08
 2.26534e+23	7.55e-01	2.45e-01	1.85e-08
 2.26740e+23	7.64e-01	2.36e-01	1.88e-08
 2.26953e+23	7.73e-01	2.27e-01	1.91e-08
 2.27173e+23	7.81e-01	2.19e-01	1.95e-08
 2.27398e+23	7.90e-01	2.10e-01	1.98e-08
 2.27633e+23	7.98e-01	2.02e-01	2.01e-08
 2.27878e+23	8.05e-01	1.95e-01	2.04e-08
 2.28131e+23	8.13e-01	1.87e-01	2.07e-08
 2.28393e+23	8.20e-01	1.80e-01	2.10e-08
 2.28661e+23	8.27e-01	1.73e-01	2.13e-08
 2.28936e+23	8.34e-01	1.66e-01	2.15e-08
 2.29218e+23	8.40e-01	1.60e-01	2.19e-08
 2.29512e+23	8.46e-01	1.54e-01	2.22e-08
 2.29818e+23	8.52e-01	1.48e-01	2.25e-08
 2.30129e+23	8.57e-01	1.43e-01	2.29e-08
 2.30449e+23	8.62e-01	1.38e-01	2.33e-08
 2.30784e+23	8.67e-01	1.33e-01	2.37e-08
 2.31140e+23	8.72e-01	1.28e-01	2.42e-08
 2.31508e+23	8.76e-01	1.24e-01	2.47e-08
 2.31889e+23	8.80e-01	1.20e-01	2.53e-08
 2.32294e+23	8.84e-01	1.16e-01	2.59e-08
 2.32723e+23	8.88e-01	1.12e-01	2.67e-08
 2.33171e+23	8.92e-01	1.08e-01	2.76e-08
 2.33631e+23	8.96e-01	1.04e-01	2.86e-08
 2.34079e+23	8.99e-01	1.01e-01	2.96e-08
 2.34509e+23	9.02e-01	9.81e-02	3.07e-08
 2.34928e+23	9.05e-01	9.55e-02	3.19e-08
 2.35339e+23	9.07e-01	9.30e-02	3.32e-08
 2.35741e+23	9.09e-01	9.06e-02	3.42e-08
 2.36125e+23	9.12e-01	8.84e-02	3.53e-08
 2.36490e+23	9.14e-01	8.63e-02	3.65e-08
 2.36834e+23	9.15e-01	8.45e-02	3.76e-08
 2.37168e+23	9.17e-01	8.27e-02	3.89e-08
 2.37503e+23	9.19e-01	8.09e-02	4.02e-08
 2.37827e+23	9.21e-01	7.92e-02	4.17e-08
 2.38140e+23	9.22e-01	7.75e-02	4.32e-08
 2.38441e+23	9.24e-01	7.60e-02	4.49e-08
 2.38732e+23	9.25e-01	7.45e-02	4.65e-08
 2.39014e+23	9.27e-01	7.31e-02	4.82e-08
 2.39286e+23	9.28e-01	7.17e-02	5.01e-08
 2.39548e+23	9.30e-01	7.04e-02	5.20e-08
 2.39800e+23	9.31e-01	6.91e-02	5.42e-08
 2.40044e+23	9.32e-01	6.78e-02	5.65e-08
 2.40276e+23	9.33e-01	6.67e-02	5.87e-08
 2.40503e+23	9.34e-01	6.55e-02	6.14e-08
 2.40724e+23	9.36e-01	6.44e-02	6.40e-08
 2.40924e+23	9.37e-01	6.34e-02	6.65e-08
 2.41107e+23	9.37e-01	6.25e-02	6.90e-08
 2.41273e+23	9.38e-01	6.17e-02	7.14e-08
 2.41424e+23	9.39e-01	6.10e-02	7.37e-08
 2.41562e+23	9.40e-01	6.04e-02	7.58e-08
 2.41687e+23	9.40e-01	5.98e-02	7.78e-08
 2.41801e+23	9.41e-01	5.92e-02	8.03e-08
 2.41905e+23	9.41e-01	5.89e-02	8.17e-08
 2.42019e+23	9.42e-01	5.82e-02	8.35e-08
 2.42166e+23	9.43e-01	5.74e-02	8.64e-08
 2.42326e+23	9.44e-01	5.65e-02	8.90e-08
 2.42471e+23	9.44e-01	5.56e-02	9.14e-08
 2.42603e+23	9.45e-01	5.51e-02	9.35e-08
 2.42723e+23	9.45e-01	5.45e-02	9.54e-08
 2.42833e+23	9.46e-01	5.40e-02	9.71e-08
 2.42932e+23	9.46e-01	5.36e-02	9.89e-08
 2.43023e+23	9.47e-01	5.33e-02	9.97e-08
 2.43122e+23	9.47e-01	5.29e-02	1.01e-07
 2.43251e+23	9.48e-01	5.22e-02	1.03e-07
 2.43391e+23	9.48e-01	5.15e-02	1.04e-07
 2.43543e+23	9.49e-01	5.08e-02	1.06e-07
 2.43708e+23	9.50e-01	5.00e-02	1.08e-07
 2.43858e+23	9.51e-01	4.95e-02	1.09e-07
 2.44022e+23	9.51e-01	4.88e-02	1.10e-07
 2.44200e+23	9.52e-01	4.79e-02	1.11e-07
 2.44361e+23	9.53e-01	4.74e-02	1.12e-07
 2.44508e+23	9.53e-01	4.69e-02	1.13e-07
 2.44642e+23	9.54e-01	4.64e-02	1.13e-07
 2.44763e+23	9.54e-01	4.59e-02	1.14e-07
 2.44874e+23	9.54e-01	4.57e-02	1.14e-07
 2.44995e+23	9.55e-01	4.53e-02	1.14e-07
 2.45126e+23	9.55e-01	4.47e-02	1.14e-07
 2.45270e+23	9.56e-01	4.40e-02	1.14e-07
 2.45425e+23	9.57e-01	4.34e-02	1.14e-07
 2.45566e+23	9.57e-01	4.29e-02	1.14e-07
 2.45694e+23	9.58e-01	4.25e-02	1.14e-07
 2.45811e+23	9.58e-01	4.21e-02	1.14e-07
 2.45939e+23	9.58e-01	4.17e-02	1.14e-07
 2.46077e+23	9.59e-01	4.11e-02	1.13e-07
 2.46203e+23	9.59e-01	4.06e-02	1.13e-07
 2.46317e+23	9.60e-01	4.04e-02	1.13e-07
 2.46442e+23	9.60e-01	4.00e-02	1.13e-07
 2.46578e+23	9.61e-01	3.94e-02	1.12e-07
 2.46701e+23	9.61e-01	3.90e-02	1.12e-07
 2.46836e+23	9.61e-01	3.86e-02	1.11e-07
 2.46981e+23	9.62e-01	3.80e-02	1.11e-07
 2.47114e+23	9.62e-01	3.76e-02	1.10e-07
 2.47235e+23	9.63e-01	3.74e-02	1.10e-07
 2.47367e+23	9.63e-01	3.69e-02	1.09e-07
 2.47510e+23	9.63e-01	3.65e-02	1.09e-07
 2.47666e+23	9.64e-01	3.60e-02	1.09e-07
 2.47835e+23	9.65e-01	3.55e-02	1.09e-07
 2.47988e+23	9.65e-01	3.51e-02	1.08e-07
 2.48128e+23	9.65e-01	3.48e-02	1.08e-07
 2.48281e+23	9.66e-01	3.44e-02	1.07e-07
 2.48447e+23	9.66e-01	3.39e-02	1.07e-07
 2.48597e+23	9.66e-01	3.36e-02	1.07e-07
 2.48762e+23	9.67e-01	3.32e-02	1.06e-07
 2.48940e+23	9.67e-01	3.27e-02	1.06e-07
 2.49102e+23	9.68e-01	3.23e-02	1.06e-07
 2.49250e+23	9.68e-01	3.21e-02	1.06e-07
 2.49411e+23	9.68e-01	3.17e-02	1.05e-07
 2.49586e+23	9.69e-01	3.12e-02	1.05e-07
 2.49744e+23	9.69e-01	3.10e-02	1.05e-07
 2.49918e+23	9.69e-01	3.05e-02	1.04e-07
 2.50106e+23	9.70e-01	3.01e-02	1.04e-07
 2.50277e+23	9.70e-01	2.97e-02	1.03e-07
 2.50432e+23	9.70e-01	2.95e-02	1.03e-07
 2.50603e+23	9.71e-01	2.91e-02	1.03e-07
 2.50787e+23	9.71e-01	2.87e-02	1.03e-07
 2.50954e+23	9.72e-01	2.85e-02	1.03e-07
 2.51138e+23	9.72e-01	2.81e-02	1.02e-07
 2.51336e+23	9.72e-01	2.76e-02	1.02e-07
 2.51516e+23	9.73e-01	2.74e-02	1.02e-07
 2.51713e+23	9.73e-01	2.70e-02	1.01e-07
 2.51926e+23	9.73e-01	2.65e-02	1.01e-07
 2.52120e+23	9.74e-01	2.63e-02	1.01e-07
 2.52333e+23	9.74e-01	2.59e-02	1.01e-07
 2.52562e+23	9.75e-01	2.55e-02	1.01e-07
 2.52771e+23	9.75e-01	2.51e-02	1.01e-07
 2.52961e+23	9.75e-01	2.48e-02	1.01e-07
 2.53134e+23	9.75e-01	2.47e-02	1.01e-07
 2.53324e+23	9.76e-01	2.43e-02	1.00e-07
 2.53528e+23	9.76e-01	2.40e-02	1.00e-07
 2.53714e+23	9.76e-01	2.37e-02	1.00e-07
 2.53918e+23	9.77e-01	2.34e-02	1.00e-07
 2.54139e+23	9.77e-01	2.32e-02	1.01e-07
 2.54339e+23	9.77e-01	2.28e-02	1.00e-07
 2.54559e+23	9.77e-01	2.25e-02	1.00e-07
 2.54796e+23	9.78e-01	2.21e-02	1.00e-07
 2.55012e+23	9.78e-01	2.19e-02	1.00e-07
 2.55248e+23	9.78e-01	2.16e-02	1.00e-07
 2.55503e+23	9.79e-01	2.12e-02	1.00e-07
 2.55736e+23	9.79e-01	2.10e-02	1.00e-07
 2.55990e+23	9.79e-01	2.06e-02	9.99e-08
 2.56265e+23	9.80e-01	2.03e-02	1.00e-07
 2.56515e+23	9.80e-01	2.00e-02	1.00e-07
 2.56789e+23	9.80e-01	1.97e-02	9.98e-08
 2.57085e+23	9.81e-01	1.93e-02	9.99e-08
 2.57354e+23	9.81e-01	1.91e-02	1.00e-07
 2.57649e+23	9.81e-01	1.87e-02	9.98e-08
 2.57967e+23	9.82e-01	1.84e-02	9.99e-08
 2.58257e+23	9.82e-01	1.81e-02	1.00e-07
 2.58575e+23	9.82e-01	1.78e-02	9.98e-08
 2.58917e+23	9.83e-01	1.75e-02	1.00e-07
 2.59229e+23	9.83e-01	1.72e-02	9.98e-08
 2.59513e+23	9.83e-01	1.70e-02	9.99e-08
 2.59824e+23	9.83e-01	1.67e-02	9.97e-08
 2.60160e+23	9.84e-01	1.63e-02	9.98e-08
 2.60466e+23	9.84e-01	1.61e-02	9.98e-08
 2.60801e+23	9.84e-01	1.58e-02	9.99e-08
 2.61162e+23	9.84e-01	1.55e-02	1.00e-07
 2.61491e+23	9.85e-01	1.53e-02	9.98e-08
 2.61790e+23	9.85e-01	1.51e-02	9.98e-08
 2.62119e+23	9.85e-01	1.48e-02	9.98e-08
 2.62473e+23	9.85e-01	1.45e-02	1.00e-07
 2.62795e+23	9.86e-01	1.43e-02	9.98e-08
 2.63148e+23	9.86e-01	1.40e-02	9.99e-08
 2.63529e+23	9.86e-01	1.38e-02	1.00e-07
 2.63876e+23	9.86e-01	1.36e-02	1.00e-07
 2.64257e+23	9.87e-01	1.33e-02	1.00e-07
 2.64667e+23	9.87e-01	1.30e-02	1.00e-07
 2.65041e+23	9.87e-01	1.28e-02	1.00e-07
 2.65380e+23	9.87e-01	1.26e-02	1.00e-07
 2.65753e+23	9.88e-01	1.24e-02	1.00e-07
 2.66155e+23	9.88e-01	1.21e-02	1.00e-07
 2.66521e+23	9.88e-01	1.19e-02	1.00e-07
 2.66922e+23	9.88e-01	1.17e-02	1.01e-07
 2.67355e+23	9.89e-01	1.15e-02	1.01e-07
 2.67829e+23	9.89e-01	1.12e-02	1.01e-07
 2.68387e+23	9.89e-01	1.09e-02	1.01e-07
 2.68972e+23	9.89e-01	1.06e-02	1.01e-07
 2.69567e+23	9.90e-01	1.03e-02	1.01e-07
 2.70172e+23	9.90e-01	1.00e-02	1.01e-07
 2.70785e+23	9.90e-01	9.76e-03	1.01e-07
 2.71404e+23	9.91e-01	9.49e-03	1.01e-07
 2.72029e+23	9.91e-01	9.22e-03	1.01e-07
 2.72659e+23	9.91e-01	8.96e-03	1.02e-07
 2.73295e+23	9.91e-01	8.71e-03	1.02e-07
 2.73939e+23	9.92e-01	8.46e-03	1.02e-07
 2.74589e+23	9.92e-01	8.22e-03	1.02e-07
 2.75243e+23	9.92e-01	7.98e-03	1.02e-07
 2.75904e+23	9.92e-01	7.75e-03	1.02e-07
 2.76570e+23	9.92e-01	7.53e-03	1.02e-07
 2.77240e+23	9.93e-01	7.31e-03	1.02e-07
 2.77915e+23	9.93e-01	7.09e-03	1.03e-07
 2.78594e+23	9.93e-01	6.89e-03	1.03e-07
 2.79279e+23	9.93e-01	6.68e-03	1.03e-07
 2.79970e+23	9.94e-01	6.48e-03	1.03e-07
 2.80666e+23	9.94e-01	6.29e-03	1.03e-07
 2.81366e+23	9.94e-01	6.10e-03	1.03e-07
 2.82072e+23	9.94e-01	5.92e-03	1.04e-07
 2.82782e+23	9.94e-01	5.74e-03	1.04e-07
 2.83509e+23	9.94e-01	5.57e-03	1.04e-07
 2.84251e+23	9.95e-01	5.39e-03	1.04e-07
 2.85000e+23	9.95e-01	5.23e-03	1.05e-07
 2.85758e+23	9.95e-01	5.06e-03	1.05e-07
 2.86524e+23	9.95e-01	4.90e-03	1.05e-07
 2.87299e+23	9.95e-01	4.74e-03	1.06e-07
 2.88081e+23	9.95e-01	4.59e-03	1.06e-07
 2.88874e+23	9.96e-01	4.44e-03	1.07e-07
 2.89680e+23	9.96e-01	4.30e-03	1.07e-07
 2.90499e+23	9.96e-01	4.16e-03	1.08e-07
 2.91340e+23	9.96e-01	4.01e-03	1.08e-07
 2.92202e+23	9.96e-01	3.88e-03	1.09e-07
 2.93078e+23	9.96e-01	3.74e-03	1.10e-07
 2.93970e+23	9.96e-01	3.61e-03	1.10e-07
 2.94877e+23	9.97e-01	3.48e-03	1.11e-07
 2.95801e+23	9.97e-01	3.36e-03	1.12e-07
 2.96743e+23	9.97e-01	3.23e-03	1.13e-07
 2.97705e+23	9.97e-01	3.11e-03	1.14e-07
 2.98692e+23	9.97e-01	3.00e-03	1.16e-07
 2.99703e+23	9.97e-01	2.88e-03	1.17e-07
 3.00736e+23	9.97e-01	2.77e-03	1.18e-07
 3.01794e+23	9.97e-01	2.66e-03	1.20e-07
 3.02877e+23	9.97e-01	2.55e-03	1.22e-07
 3.03986e+23	9.98e-01	2.44e-03	1.24e-07
 3.05124e+23	9.98e-01	2.34e-03	1.26e-07
 3.06284e+23	9.98e-01	2.24e-03	1.28e-07
 3.07452e+23	9.98e-01	2.15e-03	1.31e-07
 3.08303e+23	9.98e-01	2.10e-03	1.33e-07
