#depth	He	He+	He+2
 1.54284e+22	1.79e-07	4.55e-03	9.95e-01
 3.45719e+22	3.64e-07	6.45e-03	9.94e-01
 4.01446e+22	5.08e-07	7.60e-03	9.92e-01
 4.30070e+22	6.07e-07	8.30e-03	9.92e-01
 4.45275e+22	6.65e-07	8.68e-03	9.91e-01
 4.57137e+22	7.47e-07	9.19e-03	9.91e-01
 4.69628e+22	8.25e-07	9.66e-03	9.90e-01
 4.80902e+22	9.07e-07	1.01e-02	9.90e-01
 4.93521e+22	1.02e-06	1.07e-02	9.89e-01
 5.06501e+22	1.13e-06	1.13e-02	9.89e-01
 5.17198e+22	1.23e-06	1.18e-02	9.88e-01
 5.28350e+22	1.36e-06	1.24e-02	9.88e-01
 5.39885e+22	1.49e-06	1.29e-02	9.87e-01
 5.50294e+22	1.62e-06	1.35e-02	9.87e-01
 5.62205e+22	1.81e-06	1.42e-02	9.86e-01
 5.74545e+22	2.00e-06	1.49e-02	9.85e-01
 5.85521e+22	2.18e-06	1.56e-02	9.84e-01
 5.97867e+22	2.43e-06	1.65e-02	9.84e-01
 6.10774e+22	2.70e-06	1.73e-02	9.83e-01
 6.22418e+22	2.96e-06	1.81e-02	9.82e-01
 6.35562e+22	3.32e-06	1.92e-02	9.81e-01
 6.49146e+22	3.70e-06	2.02e-02	9.80e-01
 6.61253e+22	4.07e-06	2.12e-02	9.79e-01
 6.74942e+22	4.58e-06	2.25e-02	9.77e-01
 6.89181e+22	5.11e-06	2.37e-02	9.76e-01
 7.01999e+22	5.66e-06	2.50e-02	9.75e-01
 7.16528e+22	6.44e-06	2.66e-02	9.73e-01
 7.31494e+22	7.19e-06	2.81e-02	9.72e-01
 7.44962e+22	8.00e-06	2.96e-02	9.70e-01
 7.60406e+22	9.18e-06	3.17e-02	9.68e-01
 7.75999e+22	1.03e-05	3.35e-02	9.67e-01
 7.91785e+22	1.18e-05	3.58e-02	9.64e-01
 8.07822e+22	1.32e-05	3.78e-02	9.62e-01
 8.22045e+22	1.48e-05	4.00e-02	9.60e-01
 8.38394e+22	1.71e-05	4.29e-02	9.57e-01
 8.54975e+22	1.92e-05	4.54e-02	9.55e-01
 8.71857e+22	2.23e-05	4.88e-02	9.51e-01
 8.88938e+22	2.50e-05	5.17e-02	9.48e-01
 9.06277e+22	2.92e-05	5.56e-02	9.44e-01
 9.23853e+22	3.29e-05	5.90e-02	9.41e-01
 9.39122e+22	3.69e-05	6.24e-02	9.38e-01
 9.56357e+22	4.29e-05	6.70e-02	9.33e-01
 9.72804e+22	4.75e-05	7.04e-02	9.30e-01
 9.88229e+22	5.41e-05	7.50e-02	9.25e-01
 1.00376e+23	6.01e-05	7.88e-02	9.21e-01
 1.01944e+23	6.85e-05	8.39e-02	9.16e-01
 1.03544e+23	7.64e-05	8.84e-02	9.12e-01
 1.04974e+23	8.49e-05	9.30e-02	9.07e-01
 1.06617e+23	9.73e-05	9.91e-02	9.01e-01
 1.08280e+23	1.09e-04	1.05e-01	8.95e-01
 1.09969e+23	1.24e-04	1.11e-01	8.89e-01
 1.11613e+23	1.38e-04	1.17e-01	8.83e-01
 1.12910e+23	1.51e-04	1.22e-01	8.78e-01
 1.14306e+23	1.68e-04	1.28e-01	8.72e-01
 1.15743e+23	1.85e-04	1.34e-01	8.66e-01
 1.17033e+23	2.02e-04	1.40e-01	8.60e-01
 1.18509e+23	2.26e-04	1.47e-01	8.53e-01
 1.20000e+23	2.49e-04	1.54e-01	8.46e-01
 1.21308e+23	2.72e-04	1.60e-01	8.39e-01
 1.22804e+23	3.04e-04	1.69e-01	8.31e-01
 1.24325e+23	3.34e-04	1.76e-01	8.24e-01
 1.25676e+23	3.66e-04	1.83e-01	8.16e-01
 1.27225e+23	4.11e-04	1.93e-01	8.06e-01
 1.28790e+23	4.51e-04	2.01e-01	7.98e-01
 1.30167e+23	4.94e-04	2.10e-01	7.90e-01
 1.31750e+23	5.54e-04	2.20e-01	7.79e-01
 1.33361e+23	6.09e-04	2.30e-01	7.70e-01
 1.35009e+23	6.85e-04	2.42e-01	7.58e-01
 1.36380e+23	7.29e-04	2.48e-01	7.51e-01
 1.37393e+23	7.81e-04	2.56e-01	7.43e-01
 1.38710e+23	8.54e-04	2.66e-01	7.33e-01
 1.40184e+23	9.38e-04	2.77e-01	7.22e-01
 1.41863e+23	1.05e-03	2.90e-01	7.09e-01
 1.43604e+23	1.16e-03	3.02e-01	6.96e-01
 1.45428e+23	1.31e-03	3.18e-01	6.81e-01
 1.47022e+23	1.41e-03	3.28e-01	6.71e-01
 1.48319e+23	1.53e-03	3.39e-01	6.59e-01
 1.49678e+23	1.65e-03	3.50e-01	6.49e-01
 1.50920e+23	1.77e-03	3.59e-01	6.39e-01
 1.52339e+23	1.93e-03	3.72e-01	6.26e-01
 1.53784e+23	2.08e-03	3.84e-01	6.14e-01
 1.55263e+23	2.29e-03	3.98e-01	6.00e-01
 1.56752e+23	2.47e-03	4.10e-01	5.88e-01
 1.58253e+23	2.70e-03	4.25e-01	5.73e-01
 1.59779e+23	2.92e-03	4.37e-01	5.60e-01
 1.61336e+23	3.21e-03	4.53e-01	5.44e-01
 1.62921e+23	3.47e-03	4.67e-01	5.30e-01
 1.64543e+23	3.82e-03	4.84e-01	5.12e-01
 1.66196e+23	4.14e-03	4.99e-01	4.97e-01
 1.67887e+23	4.56e-03	5.17e-01	4.79e-01
 1.69617e+23	4.96e-03	5.33e-01	4.62e-01
 1.71395e+23	5.51e-03	5.53e-01	4.42e-01
 1.73166e+23	5.97e-03	5.69e-01	4.25e-01
 1.74927e+23	6.61e-03	5.89e-01	4.04e-01
 1.76702e+23	7.17e-03	6.06e-01	3.87e-01
 1.78494e+23	7.96e-03	6.27e-01	3.65e-01
 1.80294e+23	8.65e-03	6.45e-01	3.47e-01
 1.82103e+23	9.61e-03	6.66e-01	3.25e-01
 1.83917e+23	1.05e-02	6.84e-01	3.06e-01
 1.85736e+23	1.16e-02	7.05e-01	2.84e-01
 1.87555e+23	1.27e-02	7.23e-01	2.65e-01
 1.89375e+23	1.42e-02	7.43e-01	2.43e-01
 1.91196e+23	1.55e-02	7.60e-01	2.24e-01
 1.93019e+23	1.73e-02	7.80e-01	2.03e-01
 1.94840e+23	1.90e-02	7.96e-01	1.85e-01
 1.96659e+23	2.12e-02	8.13e-01	1.66e-01
 1.98502e+23	2.34e-02	8.27e-01	1.49e-01
 2.00376e+23	2.63e-02	8.42e-01	1.32e-01
 2.02273e+23	2.92e-02	8.54e-01	1.16e-01
 2.03876e+23	3.22e-02	8.64e-01	1.04e-01
 2.05251e+23	3.47e-02	8.70e-01	9.50e-02
 2.06652e+23	3.83e-02	8.77e-01	8.51e-02
 2.08132e+23	4.21e-02	8.82e-01	7.64e-02
 2.09480e+23	4.62e-02	8.85e-01	6.89e-02
 2.10788e+23	5.09e-02	8.87e-01	6.22e-02
 2.12041e+23	5.60e-02	8.87e-01	5.65e-02
 2.13208e+23	6.16e-02	8.87e-01	5.16e-02
 2.14280e+23	6.76e-02	8.85e-01	4.77e-02
 2.15271e+23	7.43e-02	8.81e-01	4.43e-02
 2.16185e+23	8.15e-02	8.77e-01	4.15e-02
 2.17010e+23	8.92e-02	8.72e-01	3.92e-02
 2.17746e+23	9.72e-02	8.65e-01	3.73e-02
 2.18403e+23	1.06e-01	8.58e-01	3.58e-02
 2.18992e+23	1.14e-01	8.51e-01	3.47e-02
 2.19538e+23	1.24e-01	8.43e-01	3.37e-02
 2.20052e+23	1.34e-01	8.33e-01	3.29e-02
 2.20519e+23	1.44e-01	8.24e-01	3.24e-02
 2.20946e+23	1.54e-01	8.14e-01	3.20e-02
 2.21340e+23	1.64e-01	8.04e-01	3.18e-02
 2.21688e+23	1.74e-01	7.94e-01	3.17e-02
 2.21938e+23	1.81e-01	7.87e-01	3.18e-02
 2.22102e+23	1.86e-01	7.82e-01	3.19e-02
 2.22270e+23	1.92e-01	7.76e-01	3.19e-02
 2.22476e+23	2.00e-01	7.68e-01	3.19e-02
 2.22703e+23	2.08e-01	7.60e-01	3.19e-02
 2.22929e+23	2.17e-01	7.51e-01	3.20e-02
 2.23149e+23	2.25e-01	7.42e-01	3.21e-02
 2.23362e+23	2.34e-01	7.34e-01	3.22e-02
 2.23531e+23	2.41e-01	7.27e-01	3.24e-02
 2.23646e+23	2.45e-01	7.22e-01	3.25e-02
 2.23759e+23	2.51e-01	7.16e-01	3.25e-02
 2.23891e+23	2.57e-01	7.10e-01	3.25e-02
 2.24036e+23	2.64e-01	7.03e-01	3.25e-02
 2.24182e+23	2.71e-01	6.96e-01	3.25e-02
 2.24324e+23	2.79e-01	6.89e-01	3.25e-02
 2.24468e+23	2.86e-01	6.82e-01	3.25e-02
 2.24617e+23	2.94e-01	6.74e-01	3.24e-02
 2.24772e+23	3.02e-01	6.65e-01	3.23e-02
 2.24928e+23	3.11e-01	6.57e-01	3.22e-02
 2.25086e+23	3.20e-01	6.48e-01	3.21e-02
 2.25250e+23	3.29e-01	6.39e-01	3.20e-02
 2.25419e+23	3.39e-01	6.29e-01	3.18e-02
 2.25593e+23	3.50e-01	6.19e-01	3.16e-02
 2.25770e+23	3.60e-01	6.08e-01	3.14e-02
 2.25952e+23	3.72e-01	5.97e-01	3.11e-02
 2.26141e+23	3.84e-01	5.86e-01	3.07e-02
 2.26335e+23	3.96e-01	5.74e-01	3.04e-02
 2.26534e+23	4.09e-01	5.61e-01	3.00e-02
 2.26740e+23	4.22e-01	5.49e-01	2.96e-02
 2.26953e+23	4.36e-01	5.35e-01	2.91e-02
 2.27173e+23	4.50e-01	5.22e-01	2.85e-02
 2.27398e+23	4.64e-01	5.08e-01	2.79e-02
 2.27633e+23	4.79e-01	4.93e-01	2.73e-02
 2.27878e+23	4.95e-01	4.78e-01	2.66e-02
 2.28131e+23	5.11e-01	4.63e-01	2.59e-02
 2.28393e+23	5.27e-01	4.48e-01	2.51e-02
 2.28661e+23	5.43e-01	4.32e-01	2.43e-02
 2.28936e+23	5.59e-01	4.17e-01	2.35e-02
 2.29218e+23	5.76e-01	4.02e-01	2.26e-02
 2.29512e+23	5.92e-01	3.86e-01	2.17e-02
 2.29818e+23	6.08e-01	3.71e-01	2.08e-02
 2.30129e+23	6.24e-01	3.56e-01	1.99e-02
 2.30449e+23	6.39e-01	3.42e-01	1.90e-02
 2.30784e+23	6.55e-01	3.27e-01	1.80e-02
 2.31140e+23	6.69e-01	3.14e-01	1.71e-02
 2.31508e+23	6.84e-01	3.00e-01	1.61e-02
 2.31889e+23	6.98e-01	2.87e-01	1.52e-02
 2.32294e+23	7.11e-01	2.74e-01	1.43e-02
 2.32723e+23	7.24e-01	2.62e-01	1.33e-02
 2.33171e+23	7.37e-01	2.51e-01	1.24e-02
 2.33631e+23	7.49e-01	2.40e-01	1.16e-02
 2.34079e+23	7.59e-01	2.30e-01	1.08e-02
 2.34509e+23	7.68e-01	2.22e-01	1.01e-02
 2.34928e+23	7.76e-01	2.14e-01	9.50e-03
 2.35339e+23	7.84e-01	2.07e-01	8.93e-03
 2.35741e+23	7.91e-01	2.00e-01	8.40e-03
 2.36125e+23	7.97e-01	1.95e-01	7.93e-03
 2.36490e+23	8.03e-01	1.89e-01	7.49e-03
 2.36834e+23	8.09e-01	1.84e-01	7.12e-03
 2.37168e+23	8.14e-01	1.80e-01	6.75e-03
 2.37503e+23	8.18e-01	1.75e-01	6.42e-03
 2.37827e+23	8.23e-01	1.71e-01	6.11e-03
 2.38140e+23	8.27e-01	1.67e-01	5.82e-03
 2.38441e+23	8.31e-01	1.63e-01	5.55e-03
 2.38732e+23	8.35e-01	1.60e-01	5.30e-03
 2.39014e+23	8.39e-01	1.56e-01	5.07e-03
 2.39286e+23	8.42e-01	1.53e-01	4.85e-03
 2.39548e+23	8.45e-01	1.50e-01	4.64e-03
 2.39800e+23	8.48e-01	1.47e-01	4.45e-03
 2.40044e+23	8.51e-01	1.44e-01	4.27e-03
 2.40276e+23	8.54e-01	1.42e-01	4.11e-03
 2.40503e+23	8.57e-01	1.39e-01	3.95e-03
 2.40724e+23	8.60e-01	1.37e-01	3.80e-03
 2.40924e+23	8.62e-01	1.34e-01	3.67e-03
 2.41107e+23	8.64e-01	1.32e-01	3.55e-03
 2.41273e+23	8.66e-01	1.30e-01	3.44e-03
 2.41424e+23	8.68e-01	1.28e-01	3.34e-03
 2.41562e+23	8.70e-01	1.27e-01	3.25e-03
 2.41687e+23	8.71e-01	1.25e-01	3.17e-03
 2.41801e+23	8.73e-01	1.24e-01	3.10e-03
 2.41905e+23	8.74e-01	1.23e-01	3.05e-03
 2.42019e+23	8.76e-01	1.21e-01	2.96e-03
 2.42166e+23	8.77e-01	1.20e-01	2.88e-03
 2.42326e+23	8.79e-01	1.18e-01	2.81e-03
 2.42471e+23	8.81e-01	1.17e-01	2.73e-03
 2.42603e+23	8.82e-01	1.15e-01	2.67e-03
 2.42723e+23	8.83e-01	1.14e-01	2.61e-03
 2.42833e+23	8.85e-01	1.13e-01	2.55e-03
 2.42932e+23	8.86e-01	1.12e-01	2.49e-03
 2.43023e+23	8.87e-01	1.11e-01	2.45e-03
 2.43122e+23	8.88e-01	1.10e-01	2.41e-03
 2.43251e+23	8.89e-01	1.08e-01	2.34e-03
 2.43391e+23	8.90e-01	1.08e-01	2.30e-03
 2.43543e+23	8.92e-01	1.06e-01	2.24e-03
 2.43708e+23	8.93e-01	1.05e-01	2.18e-03
 2.43858e+23	8.94e-01	1.04e-01	2.13e-03
 2.44022e+23	8.96e-01	1.02e-01	2.06e-03
 2.44200e+23	8.97e-01	1.01e-01	2.00e-03
 2.44361e+23	8.99e-01	9.93e-02	1.95e-03
 2.44508e+23	9.00e-01	9.81e-02	1.90e-03
 2.44642e+23	9.01e-01	9.69e-02	1.85e-03
 2.44763e+23	9.03e-01	9.57e-02	1.81e-03
 2.44874e+23	9.03e-01	9.48e-02	1.77e-03
 2.44995e+23	9.05e-01	9.37e-02	1.73e-03
 2.45126e+23	9.06e-01	9.27e-02	1.69e-03
 2.45270e+23	9.07e-01	9.13e-02	1.64e-03
 2.45425e+23	9.08e-01	9.02e-02	1.60e-03
 2.45566e+23	9.09e-01	8.92e-02	1.56e-03
 2.45694e+23	9.10e-01	8.81e-02	1.53e-03
 2.45811e+23	9.11e-01	8.72e-02	1.49e-03
 2.45939e+23	9.13e-01	8.60e-02	1.45e-03
 2.46077e+23	9.14e-01	8.50e-02	1.42e-03
 2.46203e+23	9.15e-01	8.40e-02	1.38e-03
 2.46317e+23	9.15e-01	8.32e-02	1.36e-03
 2.46442e+23	9.16e-01	8.23e-02	1.33e-03
 2.46578e+23	9.17e-01	8.13e-02	1.30e-03
 2.46701e+23	9.18e-01	8.04e-02	1.27e-03
 2.46836e+23	9.19e-01	7.94e-02	1.23e-03
 2.46981e+23	9.20e-01	7.84e-02	1.20e-03
 2.47114e+23	9.21e-01	7.75e-02	1.17e-03
 2.47235e+23	9.22e-01	7.68e-02	1.15e-03
 2.47367e+23	9.23e-01	7.57e-02	1.12e-03
 2.47510e+23	9.24e-01	7.50e-02	1.10e-03
 2.47666e+23	9.25e-01	7.39e-02	1.07e-03
 2.47835e+23	9.26e-01	7.30e-02	1.04e-03
 2.47988e+23	9.27e-01	7.21e-02	1.01e-03
 2.48128e+23	9.28e-01	7.14e-02	9.95e-04
 2.48281e+23	9.29e-01	7.03e-02	9.64e-04
 2.48447e+23	9.30e-01	6.95e-02	9.42e-04
 2.48597e+23	9.30e-01	6.87e-02	9.21e-04
 2.48762e+23	9.31e-01	6.76e-02	8.92e-04
 2.48940e+23	9.32e-01	6.68e-02	8.70e-04
 2.49102e+23	9.33e-01	6.59e-02	8.46e-04
 2.49250e+23	9.34e-01	6.53e-02	8.30e-04
 2.49411e+23	9.35e-01	6.43e-02	8.04e-04
 2.49586e+23	9.36e-01	6.35e-02	7.85e-04
 2.49744e+23	9.36e-01	6.28e-02	7.68e-04
 2.49918e+23	9.38e-01	6.17e-02	7.42e-04
 2.50106e+23	9.38e-01	6.10e-02	7.23e-04
 2.50277e+23	9.39e-01	6.01e-02	7.03e-04
 2.50432e+23	9.40e-01	5.95e-02	6.89e-04
 2.50603e+23	9.41e-01	5.86e-02	6.67e-04
 2.50787e+23	9.42e-01	5.78e-02	6.51e-04
 2.50954e+23	9.42e-01	5.72e-02	6.36e-04
 2.51138e+23	9.43e-01	5.62e-02	6.15e-04
 2.51336e+23	9.44e-01	5.55e-02	5.99e-04
 2.51516e+23	9.45e-01	5.48e-02	5.85e-04
 2.51713e+23	9.46e-01	5.38e-02	5.63e-04
 2.51926e+23	9.46e-01	5.31e-02	5.48e-04
 2.52120e+23	9.47e-01	5.24e-02	5.34e-04
 2.52333e+23	9.48e-01	5.14e-02	5.14e-04
 2.52562e+23	9.49e-01	5.07e-02	5.00e-04
 2.52771e+23	9.50e-01	4.99e-02	4.84e-04
 2.52961e+23	9.50e-01	4.92e-02	4.70e-04
 2.53134e+23	9.51e-01	4.86e-02	4.60e-04
 2.53324e+23	9.52e-01	4.78e-02	4.44e-04
 2.53528e+23	9.52e-01	4.72e-02	4.33e-04
 2.53714e+23	9.53e-01	4.66e-02	4.23e-04
 2.53918e+23	9.54e-01	4.58e-02	4.08e-04
 2.54139e+23	9.54e-01	4.54e-02	4.01e-04
 2.54339e+23	9.55e-01	4.46e-02	3.87e-04
 2.54559e+23	9.56e-01	4.38e-02	3.74e-04
 2.54796e+23	9.56e-01	4.32e-02	3.62e-04
 2.55012e+23	9.57e-01	4.26e-02	3.54e-04
 2.55248e+23	9.58e-01	4.18e-02	3.40e-04
 2.55503e+23	9.59e-01	4.11e-02	3.29e-04
 2.55736e+23	9.59e-01	4.06e-02	3.20e-04
 2.55990e+23	9.60e-01	3.97e-02	3.07e-04
 2.56265e+23	9.61e-01	3.91e-02	2.97e-04
 2.56515e+23	9.61e-01	3.85e-02	2.88e-04
 2.56789e+23	9.62e-01	3.77e-02	2.76e-04
 2.57085e+23	9.63e-01	3.70e-02	2.66e-04
 2.57354e+23	9.63e-01	3.64e-02	2.58e-04
 2.57649e+23	9.64e-01	3.56e-02	2.47e-04
 2.57967e+23	9.65e-01	3.49e-02	2.37e-04
 2.58257e+23	9.65e-01	3.43e-02	2.29e-04
 2.58575e+23	9.66e-01	3.35e-02	2.19e-04
 2.58917e+23	9.67e-01	3.29e-02	2.10e-04
 2.59229e+23	9.68e-01	3.22e-02	2.02e-04
 2.59513e+23	9.68e-01	3.17e-02	1.95e-04
 2.59824e+23	9.69e-01	3.10e-02	1.87e-04
 2.60160e+23	9.69e-01	3.04e-02	1.79e-04
 2.60466e+23	9.70e-01	2.98e-02	1.73e-04
 2.60801e+23	9.71e-01	2.92e-02	1.66e-04
 2.61162e+23	9.71e-01	2.86e-02	1.59e-04
 2.61491e+23	9.72e-01	2.80e-02	1.52e-04
 2.61790e+23	9.72e-01	2.75e-02	1.47e-04
 2.62119e+23	9.73e-01	2.69e-02	1.41e-04
 2.62473e+23	9.73e-01	2.64e-02	1.35e-04
 2.62795e+23	9.74e-01	2.59e-02	1.30e-04
 2.63148e+23	9.75e-01	2.53e-02	1.24e-04
 2.63529e+23	9.75e-01	2.47e-02	1.19e-04
 2.63876e+23	9.76e-01	2.43e-02	1.15e-04
 2.64257e+23	9.76e-01	2.37e-02	1.09e-04
 2.64667e+23	9.77e-01	2.31e-02	1.04e-04
 2.65041e+23	9.77e-01	2.27e-02	1.00e-04
 2.65380e+23	9.78e-01	2.22e-02	9.64e-05
 2.65753e+23	9.78e-01	2.17e-02	9.19e-05
 2.66155e+23	9.79e-01	2.12e-02	8.79e-05
 2.66521e+23	9.79e-01	2.08e-02	8.43e-05
 2.66922e+23	9.80e-01	2.03e-02	8.04e-05
 2.67355e+23	9.80e-01	1.98e-02	7.66e-05
 2.67829e+23	9.81e-01	1.92e-02	7.23e-05
 2.68387e+23	9.81e-01	1.86e-02	6.77e-05
 2.68972e+23	9.82e-01	1.80e-02	6.34e-05
 2.69567e+23	9.83e-01	1.74e-02	5.93e-05
 2.70172e+23	9.83e-01	1.68e-02	5.54e-05
 2.70785e+23	9.84e-01	1.63e-02	5.17e-05
 2.71404e+23	9.84e-01	1.57e-02	4.83e-05
 2.72029e+23	9.85e-01	1.52e-02	4.50e-05
 2.72659e+23	9.85e-01	1.47e-02	4.20e-05
 2.73295e+23	9.86e-01	1.42e-02	3.92e-05
 2.73939e+23	9.86e-01	1.37e-02	3.65e-05
 2.74589e+23	9.87e-01	1.32e-02	3.40e-05
 2.75243e+23	9.87e-01	1.27e-02	3.17e-05
 2.75904e+23	9.88e-01	1.23e-02	2.95e-05
 2.76570e+23	9.88e-01	1.18e-02	2.75e-05
 2.77240e+23	9.89e-01	1.14e-02	2.55e-05
 2.77915e+23	9.89e-01	1.10e-02	2.38e-05
 2.78594e+23	9.89e-01	1.06e-02	2.21e-05
 2.79279e+23	9.90e-01	1.02e-02	2.05e-05
 2.79970e+23	9.90e-01	9.87e-03	1.91e-05
 2.80666e+23	9.90e-01	9.51e-03	1.77e-05
 2.81366e+23	9.91e-01	9.17e-03	1.65e-05
 2.82072e+23	9.91e-01	8.83e-03	1.53e-05
 2.82782e+23	9.91e-01	8.51e-03	1.42e-05
 2.83509e+23	9.92e-01	8.19e-03	1.32e-05
 2.84251e+23	9.92e-01	7.88e-03	1.22e-05
 2.85000e+23	9.92e-01	7.58e-03	1.13e-05
 2.85758e+23	9.93e-01	7.29e-03	1.04e-05
 2.86524e+23	9.93e-01	7.01e-03	9.64e-06
 2.87299e+23	9.93e-01	6.74e-03	8.91e-06
 2.88081e+23	9.94e-01	6.47e-03	8.22e-06
 2.88874e+23	9.94e-01	6.22e-03	7.59e-06
 2.89680e+23	9.94e-01	5.97e-03	7.00e-06
 2.90499e+23	9.94e-01	5.73e-03	6.45e-06
 2.91340e+23	9.95e-01	5.49e-03	5.92e-06
 2.92202e+23	9.95e-01	5.26e-03	5.44e-06
 2.93078e+23	9.95e-01	5.04e-03	4.99e-06
 2.93970e+23	9.95e-01	4.83e-03	4.57e-06
 2.94877e+23	9.95e-01	4.62e-03	4.18e-06
 2.95801e+23	9.96e-01	4.41e-03	3.82e-06
 2.96743e+23	9.96e-01	4.22e-03	3.49e-06
 2.97705e+23	9.96e-01	4.03e-03	3.18e-06
 2.98692e+23	9.96e-01	3.84e-03	2.90e-06
 2.99703e+23	9.96e-01	3.66e-03	2.63e-06
 3.00736e+23	9.97e-01	3.49e-03	2.39e-06
 3.01794e+23	9.97e-01	3.32e-03	2.16e-06
 3.02877e+23	9.97e-01	3.15e-03	1.95e-06
 3.03986e+23	9.97e-01	3.00e-03	1.76e-06
 3.05124e+23	9.97e-01	2.84e-03	1.58e-06
 3.06284e+23	9.97e-01	2.70e-03	1.43e-06
 3.07452e+23	9.97e-01	2.56e-03	1.28e-06
 3.08303e+23	9.98e-01	2.49e-03	1.21e-06
