#depth	S	S+	S+2	S+3	S+4	S+5	S+6	S+7	S+8	S+9	S+10	S+11	S+12	S+13	S+14	S+15	S+16
 4.62852e+21	0.00e+00	0.00e+00	0.00e+00	0.00e+00	0.00e+00	1.66e-24	9.77e-21	1.49e-17	9.07e-15	2.33e-12	3.59e-10	2.94e-08	1.60e-06	9.18e-05	1.04e-02	1.66e-01	8.24e-01
 1.05669e+22	0.00e+00	0.00e+00	0.00e+00	0.00e+00	2.73e-26	8.56e-23	3.50e-19	3.67e-16	1.54e-13	2.72e-11	2.89e-09	1.64e-07	6.24e-06	2.50e-04	1.98e-02	2.20e-01	7.60e-01
 1.27685e+22	0.00e+00	0.00e+00	0.00e+00	5.31e-29	2.64e-25	6.61e-22	3.92e-18	3.19e-15	1.04e-12	1.43e-10	1.18e-08	5.20e-07	1.55e-05	4.86e-04	3.02e-02	2.62e-01	7.08e-01
 1.43738e+22	0.00e+00	0.00e+00	8.24e-32	6.34e-28	2.66e-24	5.56e-21	2.70e-17	1.80e-14	4.79e-12	5.38e-10	3.62e-08	1.31e-06	3.20e-05	8.22e-04	4.19e-02	2.98e-01	6.60e-01
 1.52656e+22	0.00e+00	0.00e+00	1.60e-31	1.19e-27	4.77e-24	9.50e-21	4.40e-17	2.78e-14	7.04e-12	7.52e-10	4.81e-08	1.65e-06	3.84e-05	9.37e-04	4.55e-02	3.07e-01	6.47e-01
 1.55609e+22	0.00e+00	0.00e+00	1.55e-31	1.12e-27	4.37e-24	1.35e-20	6.04e-17	3.70e-14	9.05e-12	9.35e-10	5.78e-08	1.92e-06	4.32e-05	1.02e-03	4.80e-02	3.13e-01	6.38e-01
 1.57914e+22	0.00e+00	0.00e+00	2.38e-31	1.67e-27	6.34e-24	1.90e-20	8.24e-17	4.88e-14	1.16e-11	1.16e-09	6.93e-08	2.23e-06	4.85e-05	1.11e-03	5.05e-02	3.19e-01	6.29e-01
 1.60522e+22	0.00e+00	0.00e+00	4.02e-31	2.73e-27	1.01e-23	2.89e-20	1.21e-16	6.89e-14	1.57e-11	1.51e-09	8.67e-08	2.68e-06	5.60e-05	1.23e-03	5.38e-02	3.26e-01	6.18e-01
 1.63188e+22	0.00e+00	0.00e+00	6.44e-31	4.24e-27	1.51e-23	4.20e-20	1.70e-16	9.34e-14	2.05e-11	1.90e-09	1.06e-07	3.15e-06	6.36e-05	1.35e-03	5.69e-02	3.33e-01	6.09e-01
 1.65490e+22	0.00e+00	0.00e+00	9.82e-31	6.31e-27	2.19e-23	5.90e-20	2.31e-16	1.23e-13	2.62e-11	2.35e-09	1.27e-07	3.65e-06	7.13e-05	1.46e-03	5.98e-02	3.39e-01	6.00e-01
 1.68047e+22	0.00e+00	0.00e+00	1.66e-30	1.04e-26	3.47e-23	8.99e-20	3.40e-16	1.74e-13	3.55e-11	3.06e-09	1.58e-07	4.39e-06	8.23e-05	1.62e-03	6.37e-02	3.46e-01	5.88e-01
 1.70707e+22	0.00e+00	0.00e+00	2.64e-30	1.60e-26	5.19e-23	1.30e-19	4.75e-16	2.35e-13	4.64e-11	3.86e-09	1.93e-07	5.15e-06	9.33e-05	1.77e-03	6.72e-02	3.53e-01	5.78e-01
 1.73008e+22	0.00e+00	0.00e+00	4.03e-30	2.37e-26	7.50e-23	1.82e-19	6.46e-16	3.09e-13	5.92e-11	4.77e-09	2.31e-07	5.97e-06	1.05e-04	1.93e-03	7.06e-02	3.59e-01	5.69e-01
 1.75177e+22	0.00e+00	0.00e+00	6.14e-30	3.52e-26	1.08e-22	2.54e-19	8.75e-16	4.06e-13	7.53e-11	5.89e-09	2.76e-07	6.91e-06	1.17e-04	2.09e-03	7.41e-02	3.64e-01	5.59e-01
 1.77670e+22	0.00e+00	0.00e+00	1.04e-29	5.77e-26	1.71e-22	3.86e-19	1.28e-15	5.72e-13	1.02e-10	7.66e-09	3.45e-07	8.31e-06	1.35e-04	2.31e-03	7.88e-02	3.71e-01	5.47e-01
 1.80220e+22	0.00e+00	0.00e+00	1.61e-29	8.69e-26	2.50e-22	5.46e-19	1.76e-15	7.60e-13	1.31e-10	9.53e-09	4.15e-07	9.67e-06	1.52e-04	2.51e-03	8.28e-02	3.77e-01	5.37e-01
 1.82843e+22	0.00e+00	0.00e+00	2.81e-29	1.46e-25	4.05e-22	8.49e-19	2.63e-15	1.09e-12	1.81e-10	1.26e-08	5.27e-07	1.18e-05	1.77e-04	2.80e-03	8.82e-02	3.85e-01	5.24e-01
 1.85478e+22	0.00e+00	0.00e+00	4.48e-29	2.26e-25	6.06e-22	1.23e-18	3.68e-15	1.47e-12	2.36e-10	1.59e-08	6.41e-07	1.38e-05	2.00e-04	3.05e-03	9.29e-02	3.91e-01	5.13e-01
 1.87658e+22	0.00e+00	0.00e+00	6.78e-29	3.33e-25	8.67e-22	1.70e-18	4.95e-15	1.93e-12	2.99e-10	1.95e-08	7.65e-07	1.60e-05	2.24e-04	3.30e-03	9.73e-02	3.96e-01	5.03e-01
 1.90018e+22	0.00e+00	2.23e-33	1.12e-28	5.31e-25	1.33e-21	2.51e-18	7.09e-15	2.66e-12	3.98e-10	2.50e-08	9.44e-07	1.90e-05	2.56e-04	3.63e-03	1.03e-01	4.02e-01	4.91e-01
 1.92463e+22	0.00e+00	3.59e-33	1.74e-28	8.04e-25	1.96e-21	3.55e-18	9.75e-15	3.54e-12	5.14e-10	3.12e-08	1.14e-06	2.22e-05	2.88e-04	3.95e-03	1.08e-01	4.07e-01	4.81e-01
 1.94635e+22	0.00e+00	5.63e-33	2.65e-28	1.19e-24	2.81e-21	4.94e-18	1.32e-14	4.65e-12	6.53e-10	3.85e-08	1.36e-06	2.57e-05	3.22e-04	4.27e-03	1.13e-01	4.12e-01	4.70e-01
 1.97077e+22	0.00e+00	9.96e-33	4.50e-28	1.95e-24	4.44e-21	7.47e-18	1.93e-14	6.54e-12	8.85e-10	5.01e-08	1.71e-06	3.08e-05	3.71e-04	4.71e-03	1.19e-01	4.18e-01	4.57e-01
 1.99571e+22	0.00e+00	1.64e-32	7.14e-28	3.00e-24	6.59e-21	1.07e-17	2.68e-14	8.79e-12	1.15e-09	6.30e-08	2.08e-06	3.62e-05	4.20e-04	5.13e-03	1.25e-01	4.23e-01	4.46e-01
 2.01656e+22	0.00e+00	2.55e-32	1.08e-27	4.40e-24	9.38e-21	1.47e-17	3.58e-14	1.15e-11	1.45e-09	7.73e-08	2.47e-06	4.18e-05	4.68e-04	5.54e-03	1.31e-01	4.27e-01	4.36e-01
 2.03594e+22	0.00e+00	3.81e-32	1.57e-27	6.24e-24	1.30e-20	1.97e-17	4.69e-14	1.46e-11	1.80e-09	9.32e-08	2.90e-06	4.76e-05	5.17e-04	5.93e-03	1.36e-01	4.31e-01	4.26e-01
 2.05816e+22	0.00e+00	6.47e-32	2.56e-27	9.86e-24	1.97e-20	2.87e-17	6.64e-14	2.00e-11	2.38e-09	1.19e-07	3.57e-06	5.65e-05	5.89e-04	6.49e-03	1.43e-01	4.35e-01	4.14e-01
 2.08118e+22	0.00e+00	1.04e-31	3.98e-27	1.48e-23	2.87e-20	4.02e-17	9.06e-14	2.64e-11	3.06e-09	1.48e-07	4.30e-06	6.58e-05	6.61e-04	7.03e-03	1.50e-01	4.39e-01	4.03e-01
 2.10161e+22	0.00e+00	1.63e-31	6.05e-27	2.19e-23	4.09e-20	5.54e-17	1.22e-13	3.45e-11	3.88e-09	1.82e-07	5.13e-06	7.61e-05	7.39e-04	7.59e-03	1.56e-01	4.43e-01	3.93e-01
 2.12456e+22	0.00e+00	2.89e-31	1.03e-26	3.57e-23	6.42e-20	8.31e-17	1.77e-13	4.84e-11	5.24e-09	2.36e-07	6.42e-06	9.14e-05	8.49e-04	8.34e-03	1.65e-01	4.47e-01	3.80e-01
 2.14713e+22	0.00e+00	4.46e-31	1.54e-26	5.20e-23	9.06e-20	1.13e-16	2.35e-13	6.26e-11	6.59e-09	2.88e-07	7.61e-06	1.05e-04	9.44e-04	8.97e-03	1.71e-01	4.49e-01	3.70e-01
 2.16626e+22	0.00e+00	6.87e-31	2.29e-26	7.52e-23	1.27e-19	1.53e-16	3.11e-13	8.07e-11	8.26e-09	3.51e-07	9.01e-06	1.21e-04	1.05e-03	9.63e-03	1.78e-01	4.52e-01	3.60e-01
 2.18819e+22	0.00e+00	1.17e-30	3.76e-26	1.19e-22	1.93e-19	2.24e-16	4.41e-13	1.10e-10	1.09e-08	4.48e-07	1.11e-05	1.43e-04	1.19e-03	1.05e-02	1.86e-01	4.54e-01	3.47e-01
 2.21060e+22	0.00e+00	1.86e-30	5.79e-26	1.77e-22	2.78e-19	3.10e-16	5.96e-13	1.45e-10	1.39e-08	5.54e-07	1.33e-05	1.66e-04	1.33e-03	1.13e-02	1.94e-01	4.56e-01	3.37e-01
 2.23012e+22	0.00e+00	2.88e-30	8.66e-26	2.57e-22	3.91e-19	4.20e-16	7.90e-13	1.87e-10	1.75e-08	6.76e-07	1.58e-05	1.91e-04	1.48e-03	1.22e-02	2.01e-01	4.58e-01	3.27e-01
 2.25200e+22	0.00e+00	4.96e-30	1.43e-25	4.10e-22	5.98e-19	6.14e-16	1.12e-12	2.58e-10	2.33e-08	8.65e-07	1.95e-05	2.27e-04	1.69e-03	1.33e-02	2.11e-01	4.60e-01	3.14e-01
 2.27378e+22	0.00e+00	7.82e-30	2.18e-25	6.04e-22	8.51e-19	8.40e-16	1.51e-12	3.36e-10	2.95e-08	1.06e-06	2.33e-05	2.63e-04	1.88e-03	1.43e-02	2.19e-01	4.61e-01	3.04e-01
 2.29210e+22	0.00e+00	1.18e-29	3.19e-25	8.59e-22	1.17e-18	1.12e-15	1.96e-12	4.28e-10	3.65e-08	1.28e-06	2.73e-05	2.99e-04	2.07e-03	1.52e-02	2.26e-01	4.61e-01	2.95e-01
 2.31259e+22	0.00e+00	1.95e-29	5.08e-25	1.32e-21	1.74e-18	1.59e-15	2.71e-12	5.73e-10	4.75e-08	1.61e-06	3.32e-05	3.51e-04	2.33e-03	1.65e-02	2.36e-01	4.61e-01	2.84e-01
 2.33385e+22	0.00e+00	3.07e-29	7.71e-25	1.94e-21	2.47e-18	2.17e-15	3.63e-12	7.47e-10	6.01e-08	1.98e-06	3.96e-05	4.05e-04	2.59e-03	1.77e-02	2.44e-01	4.61e-01	2.74e-01
 2.35276e+22	0.00e+00	4.75e-29	1.15e-24	2.81e-21	3.45e-18	2.92e-15	4.79e-12	9.61e-10	7.53e-08	2.41e-06	4.69e-05	4.65e-04	2.87e-03	1.89e-02	2.52e-01	4.61e-01	2.65e-01
 2.37120e+22	0.00e+00	7.30e-29	1.72e-24	4.05e-21	4.81e-18	3.92e-15	6.31e-12	1.23e-09	9.42e-08	2.93e-06	5.54e-05	5.32e-04	3.18e-03	2.02e-02	2.61e-01	4.60e-01	2.55e-01
 2.39240e+22	0.00e+00	1.27e-28	2.85e-24	6.46e-21	7.35e-18	5.71e-15	8.97e-12	1.70e-09	1.25e-07	3.75e-06	6.86e-05	6.33e-04	3.61e-03	2.19e-02	2.71e-01	4.59e-01	2.44e-01
 2.41381e+22	0.00e+00	1.97e-28	4.28e-24	9.38e-21	1.03e-17	7.71e-15	1.19e-11	2.19e-09	1.57e-07	4.58e-06	8.13e-05	7.27e-04	4.00e-03	2.34e-02	2.80e-01	4.57e-01	2.35e-01
 2.43243e+22	0.00e+00	3.04e-28	6.39e-24	1.36e-20	1.44e-17	1.04e-14	1.56e-11	2.82e-09	1.97e-07	5.57e-06	9.61e-05	8.33e-04	4.42e-03	2.50e-02	2.89e-01	4.55e-01	2.26e-01
 2.45362e+22	0.00e+00	5.17e-28	1.04e-23	2.13e-20	2.17e-17	1.49e-14	2.20e-11	3.84e-09	2.60e-07	7.07e-06	1.18e-04	9.83e-04	4.99e-03	2.70e-02	2.99e-01	4.52e-01	2.15e-01
 2.47542e+22	0.00e+00	8.32e-28	1.62e-23	3.18e-20	3.12e-17	2.05e-14	2.96e-11	5.05e-09	3.32e-07	8.76e-06	1.42e-04	1.14e-03	5.57e-03	2.89e-02	3.09e-01	4.49e-01	2.06e-01
 2.49457e+22	0.00e+00	1.28e-27	2.40e-23	4.58e-20	4.33e-17	2.74e-14	3.89e-11	6.47e-09	4.14e-07	1.06e-05	1.67e-04	1.30e-03	6.13e-03	3.07e-02	3.18e-01	4.46e-01	1.98e-01
 2.51602e+22	0.00e+00	2.26e-27	4.06e-23	7.40e-20	6.68e-17	4.01e-14	5.57e-11	8.98e-09	5.56e-07	1.37e-05	2.08e-04	1.55e-03	6.98e-03	3.33e-02	3.29e-01	4.42e-01	1.87e-01
 2.53663e+22	0.00e+00	3.38e-27	5.88e-23	1.04e-19	9.07e-17	5.25e-14	7.18e-11	1.13e-08	6.83e-07	1.64e-05	2.42e-04	1.76e-03	7.63e-03	3.52e-02	3.38e-01	4.38e-01	1.79e-01
 2.55615e+22	0.00e+00	5.75e-27	9.58e-23	1.62e-19	1.35e-16	7.43e-14	9.98e-11	1.53e-08	8.97e-07	2.08e-05	2.97e-04	2.07e-03	8.60e-03	3.79e-02	3.48e-01	4.33e-01	1.70e-01
 2.57572e+22	0.00e+00	8.57e-27	1.38e-22	2.27e-19	1.83e-16	9.70e-14	1.28e-10	1.93e-08	1.10e-06	2.49e-05	3.45e-04	2.34e-03	9.39e-03	4.00e-02	3.56e-01	4.29e-01	1.63e-01
 2.59203e+22	0.00e+00	1.26e-26	1.97e-22	3.12e-19	2.44e-16	1.24e-13	1.63e-10	2.39e-08	1.34e-06	2.95e-05	4.00e-04	2.63e-03	1.02e-02	4.22e-02	3.64e-01	4.24e-01	1.56e-01
 2.60717e+22	0.00e+00	1.80e-26	2.73e-22	4.20e-19	3.18e-16	1.57e-13	2.03e-10	2.93e-08	1.61e-06	3.46e-05	4.58e-04	2.94e-03	1.11e-02	4.42e-02	3.71e-01	4.20e-01	1.50e-01
 2.62109e+22	0.00e+00	2.49e-26	3.67e-22	5.51e-19	4.05e-16	1.94e-13	2.48e-10	3.53e-08	1.90e-06	3.99e-05	5.18e-04	3.24e-03	1.19e-02	4.62e-02	3.77e-01	4.16e-01	1.45e-01
 2.63408e+22	0.00e+00	3.41e-26	4.90e-22	7.16e-19	5.12e-16	2.37e-13	3.01e-10	4.22e-08	2.23e-06	4.59e-05	5.83e-04	3.57e-03	1.27e-02	4.81e-02	3.83e-01	4.12e-01	1.40e-01
 2.64891e+22	0.00e+00	5.11e-26	7.10e-22	1.00e-18	6.90e-16	3.07e-13	3.85e-10	5.30e-08	2.74e-06	5.49e-05	6.79e-04	4.04e-03	1.39e-02	5.07e-02	3.91e-01	4.06e-01	1.33e-01
 2.66322e+22	0.00e+00	6.90e-26	9.34e-22	1.28e-18	8.62e-16	3.72e-13	4.63e-10	6.28e-08	3.19e-06	6.27e-05	7.61e-04	4.42e-03	1.48e-02	5.26e-02	3.97e-01	4.02e-01	1.29e-01
 2.67504e+22	0.00e+00	9.23e-26	1.22e-21	1.64e-18	1.07e-15	4.48e-13	5.54e-10	7.40e-08	3.70e-06	7.13e-05	8.49e-04	4.82e-03	1.57e-02	5.46e-02	4.02e-01	3.97e-01	1.24e-01
 2.68859e+22	0.00e+00	1.33e-25	1.70e-21	2.21e-18	1.39e-15	5.64e-13	6.91e-10	9.08e-08	4.45e-06	8.36e-05	9.72e-04	5.38e-03	1.70e-02	5.71e-02	4.09e-01	3.92e-01	1.19e-01
 2.70250e+22	0.00e+00	1.82e-25	2.27e-21	2.86e-18	1.76e-15	6.88e-13	8.37e-10	1.08e-07	5.23e-06	9.62e-05	1.10e-03	5.91e-03	1.82e-02	5.94e-02	4.14e-01	3.87e-01	1.14e-01
 2.71417e+22	0.00e+00	2.41e-25	2.93e-21	3.61e-18	2.15e-15	8.20e-13	9.91e-10	1.27e-07	6.03e-06	1.09e-04	1.22e-03	6.43e-03	1.93e-02	6.14e-02	4.19e-01	3.82e-01	1.10e-01
 2.72498e+22	0.00e+00	3.20e-25	3.79e-21	4.55e-18	2.64e-15	9.75e-13	1.17e-09	1.49e-07	6.95e-06	1.23e-04	1.35e-03	7.00e-03	2.05e-02	6.35e-02	4.24e-01	3.77e-01	1.06e-01
 2.73737e+22	0.00e+00	4.53e-25	5.20e-21	6.04e-18	3.39e-15	1.21e-12	1.45e-09	1.80e-07	8.29e-06	1.43e-04	1.54e-03	7.76e-03	2.20e-02	6.62e-02	4.29e-01	3.71e-01	1.02e-01
 2.74997e+22	0.00e+00	6.03e-25	6.76e-21	7.64e-18	4.17e-15	1.44e-12	1.72e-09	2.12e-07	9.58e-06	1.63e-04	1.71e-03	8.44e-03	2.34e-02	6.84e-02	4.34e-01	3.66e-01	9.79e-02
 2.76115e+22	0.00e+00	7.95e-25	8.69e-21	9.58e-18	5.09e-15	1.71e-12	2.03e-09	2.47e-07	1.10e-05	1.83e-04	1.90e-03	9.16e-03	2.47e-02	7.06e-02	4.38e-01	3.61e-01	9.44e-02
 2.77186e+22	0.00e+00	1.05e-24	1.12e-20	1.20e-17	6.18e-15	2.01e-12	2.38e-09	2.87e-07	1.26e-05	2.07e-04	2.10e-03	9.93e-03	2.62e-02	7.29e-02	4.42e-01	3.56e-01	9.09e-02
 2.78181e+22	0.00e+00	1.36e-24	1.41e-20	1.47e-17	7.42e-15	2.35e-12	2.77e-09	3.31e-07	1.44e-05	2.31e-04	2.31e-03	1.07e-02	2.76e-02	7.50e-02	4.46e-01	3.51e-01	8.77e-02
 2.79291e+22	0.00e+00	1.86e-24	1.88e-20	1.90e-17	9.28e-15	2.84e-12	3.35e-09	3.95e-07	1.69e-05	2.65e-04	2.60e-03	1.18e-02	2.94e-02	7.77e-02	4.50e-01	3.45e-01	8.39e-02
 2.80427e+22	0.00e+00	2.47e-24	2.43e-20	2.39e-17	1.13e-14	3.35e-12	3.95e-09	4.61e-07	1.94e-05	3.00e-04	2.88e-03	1.28e-02	3.11e-02	8.01e-02	4.53e-01	3.39e-01	8.05e-02
 2.81413e+22	0.00e+00	3.19e-24	3.06e-20	2.94e-17	1.35e-14	3.89e-12	4.58e-09	5.31e-07	2.21e-05	3.35e-04	3.17e-03	1.37e-02	3.28e-02	8.23e-02	4.56e-01	3.34e-01	7.76e-02
 2.82505e+22	0.00e+00	4.43e-24	4.12e-20	3.82e-17	1.70e-14	4.70e-12	5.54e-09	6.35e-07	2.60e-05	3.86e-04	3.57e-03	1.51e-02	3.50e-02	8.51e-02	4.60e-01	3.27e-01	7.39e-02
 2.83625e+22	0.00e+00	5.90e-24	5.33e-20	4.80e-17	2.06e-14	5.54e-12	6.53e-09	7.42e-07	3.00e-05	4.36e-04	3.96e-03	1.64e-02	3.70e-02	8.77e-02	4.63e-01	3.21e-01	7.08e-02
 2.84608e+22	0.00e+00	7.70e-24	6.77e-20	5.92e-17	2.47e-14	6.44e-12	7.61e-09	8.58e-07	3.42e-05	4.89e-04	4.37e-03	1.77e-02	3.90e-02	9.00e-02	4.65e-01	3.15e-01	6.80e-02
 2.85713e+22	0.00e+00	1.09e-23	9.28e-20	7.81e-17	3.14e-14	7.83e-12	9.29e-09	1.04e-06	4.07e-05	5.68e-04	4.96e-03	1.96e-02	4.17e-02	9.32e-02	4.68e-01	3.08e-01	6.44e-02
 2.86830e+22	0.00e+00	1.45e-23	1.20e-19	9.76e-17	3.79e-14	9.16e-12	1.09e-08	1.21e-06	4.68e-05	6.40e-04	5.49e-03	2.12e-02	4.40e-02	9.57e-02	4.70e-01	3.01e-01	6.15e-02
 2.87784e+22	0.00e+00	1.87e-23	1.51e-19	1.20e-16	4.51e-14	1.06e-11	1.26e-08	1.39e-06	5.31e-05	7.14e-04	6.02e-03	2.28e-02	4.62e-02	9.81e-02	4.72e-01	2.96e-01	5.90e-02
 2.88845e+22	0.00e+00	2.70e-23	2.09e-19	1.59e-16	5.72e-14	1.28e-11	1.55e-08	1.68e-06	6.36e-05	8.33e-04	6.86e-03	2.52e-02	4.95e-02	1.01e-01	4.73e-01	2.87e-01	5.56e-02
 2.89886e+22	0.00e+00	3.46e-23	2.61e-19	1.93e-16	6.75e-14	1.47e-11	1.78e-08	1.93e-06	7.18e-05	9.25e-04	7.49e-03	2.70e-02	5.18e-02	1.04e-01	4.74e-01	2.82e-01	5.33e-02
 2.90902e+22	0.00e+00	4.92e-23	3.57e-19	2.53e-16	8.47e-14	1.76e-11	2.16e-08	2.32e-06	8.53e-05	1.07e-03	8.48e-03	2.98e-02	5.53e-02	1.07e-01	4.75e-01	2.73e-01	5.02e-02
 2.91900e+22	0.00e+00	6.25e-23	4.43e-19	3.05e-16	9.93e-14	2.00e-11	2.47e-08	2.64e-06	9.60e-05	1.19e-03	9.23e-03	3.18e-02	5.77e-02	1.09e-01	4.75e-01	2.68e-01	4.81e-02
 2.92874e+22	0.00e+00	8.87e-23	6.04e-19	3.98e-16	1.24e-13	2.39e-11	2.98e-08	3.17e-06	1.14e-04	1.37e-03	1.04e-02	3.50e-02	6.15e-02	1.12e-01	4.75e-01	2.59e-01	4.52e-02
 2.93847e+22	0.00e+00	1.14e-22	7.53e-19	4.82e-16	1.45e-13	2.72e-11	3.42e-08	3.62e-06	1.28e-04	1.52e-03	1.14e-02	3.74e-02	6.42e-02	1.14e-01	4.75e-01	2.53e-01	4.32e-02
 2.94817e+22	0.00e+00	1.62e-22	1.03e-18	6.29e-16	1.81e-13	3.23e-11	4.13e-08	4.35e-06	1.52e-04	1.76e-03	1.28e-02	4.11e-02	6.83e-02	1.17e-01	4.73e-01	2.45e-01	4.04e-02
 2.95794e+22	0.00e+00	2.10e-22	1.30e-18	7.66e-16	2.13e-13	3.68e-11	4.75e-08	4.99e-06	1.72e-04	1.95e-03	1.40e-02	4.40e-02	7.13e-02	1.20e-01	4.72e-01	2.38e-01	3.85e-02
 2.96779e+22	0.00e+00	3.02e-22	1.79e-18	1.01e-15	2.66e-13	4.37e-11	5.76e-08	6.02e-06	2.05e-04	2.26e-03	1.59e-02	4.84e-02	7.59e-02	1.23e-01	4.70e-01	2.29e-01	3.58e-02
 2.97771e+22	0.00e+00	3.94e-22	2.27e-18	1.23e-15	3.15e-13	4.99e-11	6.65e-08	6.92e-06	2.33e-04	2.52e-03	1.74e-02	5.18e-02	7.93e-02	1.25e-01	4.68e-01	2.23e-01	3.40e-02
 2.98771e+22	0.00e+00	5.65e-22	3.11e-18	1.61e-15	3.92e-13	5.92e-11	8.04e-08	8.33e-06	2.76e-04	2.91e-03	1.96e-02	5.68e-02	8.40e-02	1.27e-01	4.64e-01	2.14e-01	3.15e-02
 2.99762e+22	0.00e+00	7.40e-22	3.95e-18	1.97e-15	4.62e-13	6.72e-11	9.26e-08	9.57e-06	3.14e-04	3.24e-03	2.14e-02	6.07e-02	8.76e-02	1.29e-01	4.61e-01	2.07e-01	2.98e-02
 3.00741e+22	4.01e-34	1.06e-21	5.42e-18	2.57e-15	5.72e-13	7.92e-11	1.11e-07	1.15e-05	3.71e-04	3.73e-03	2.40e-02	6.63e-02	9.26e-02	1.32e-01	4.56e-01	1.98e-01	2.76e-02
 3.01735e+22	5.61e-34	1.41e-21	6.95e-18	3.17e-15	6.77e-13	9.02e-11	1.29e-07	1.33e-05	4.23e-04	4.17e-03	2.63e-02	7.11e-02	9.66e-02	1.34e-01	4.51e-01	1.91e-01	2.59e-02
 3.02747e+22	8.71e-34	2.04e-21	9.63e-18	4.17e-15	8.42e-13	1.07e-10	1.56e-07	1.60e-05	5.03e-04	4.81e-03	2.96e-02	7.76e-02	1.02e-01	1.36e-01	4.45e-01	1.81e-01	2.38e-02
 3.03773e+22	1.23e-33	2.73e-21	1.24e-17	5.17e-15	9.99e-13	1.21e-10	1.81e-07	1.85e-05	5.74e-04	5.37e-03	3.24e-02	8.31e-02	1.06e-01	1.37e-01	4.39e-01	1.74e-01	2.22e-02
 3.04814e+22	1.93e-33	4.01e-21	1.74e-17	6.83e-15	1.25e-12	1.43e-10	2.19e-07	2.23e-05	6.82e-04	6.20e-03	3.64e-02	9.06e-02	1.12e-01	1.39e-01	4.30e-01	1.65e-01	2.02e-02
 3.05861e+22	2.73e-33	5.37e-21	2.25e-17	8.46e-15	1.48e-12	1.63e-10	2.53e-07	2.57e-05	7.78e-04	6.91e-03	3.97e-02	9.67e-02	1.16e-01	1.40e-01	4.23e-01	1.57e-01	1.88e-02
 3.06763e+22	3.83e-33	7.15e-21	2.88e-17	1.04e-14	1.74e-12	1.84e-10	2.91e-07	2.96e-05	8.82e-04	7.67e-03	4.31e-02	1.03e-01	1.20e-01	1.41e-01	4.16e-01	1.50e-01	1.75e-02
 3.07785e+22	5.95e-33	1.04e-20	4.00e-17	1.36e-14	2.15e-12	2.16e-10	3.48e-07	3.53e-05	1.04e-03	8.76e-03	4.80e-02	1.11e-01	1.26e-01	1.42e-01	4.06e-01	1.41e-01	1.59e-02
 3.08805e+22	8.20e-33	1.36e-20	5.07e-17	1.66e-14	2.52e-12	2.43e-10	3.97e-07	4.02e-05	1.17e-03	9.64e-03	5.18e-02	1.18e-01	1.30e-01	1.42e-01	3.98e-01	1.35e-01	1.48e-02
 3.09824e+22	1.26e-32	1.97e-20	6.97e-17	2.16e-14	3.09e-12	2.84e-10	4.71e-07	4.77e-05	1.36e-03	1.09e-02	5.73e-02	1.27e-01	1.35e-01	1.43e-01	3.87e-01	1.26e-01	1.33e-02
 3.10852e+22	1.73e-32	2.58e-20	8.83e-17	2.63e-14	3.61e-12	3.19e-10	5.35e-07	5.41e-05	1.53e-03	1.20e-02	6.16e-02	1.33e-01	1.39e-01	1.43e-01	3.78e-01	1.20e-01	1.23e-02
 3.11894e+22	2.66e-32	3.72e-20	1.21e-16	3.42e-14	4.44e-12	3.72e-10	6.33e-07	6.38e-05	1.77e-03	1.35e-02	6.77e-02	1.43e-01	1.43e-01	1.42e-01	3.65e-01	1.12e-01	1.11e-02
 3.12954e+22	3.66e-32	4.89e-20	1.54e-16	4.18e-14	5.20e-12	4.19e-10	7.18e-07	7.22e-05	1.98e-03	1.48e-02	7.25e-02	1.50e-01	1.47e-01	1.42e-01	3.56e-01	1.06e-01	1.02e-02
 3.14039e+22	5.57e-32	6.99e-20	2.11e-16	5.41e-14	6.37e-12	4.88e-10	8.43e-07	8.47e-05	2.29e-03	1.66e-02	7.92e-02	1.59e-01	1.51e-01	1.41e-01	3.43e-01	9.86e-02	9.17e-03
 3.15160e+22	7.84e-32	9.38e-20	2.72e-16	6.69e-14	7.53e-12	5.53e-10	9.60e-07	9.62e-05	2.57e-03	1.82e-02	8.49e-02	1.67e-01	1.55e-01	1.40e-01	3.32e-01	9.26e-02	8.36e-03
 3.16328e+22	1.21e-31	1.36e-19	3.77e-16	8.76e-14	9.31e-12	6.50e-10	1.13e-06	1.13e-04	2.96e-03	2.03e-02	9.24e-02	1.77e-01	1.58e-01	1.38e-01	3.18e-01	8.53e-02	7.42e-03
 3.17523e+22	1.70e-31	1.83e-19	4.88e-16	1.09e-13	1.10e-11	7.39e-10	1.28e-06	1.28e-04	3.31e-03	2.22e-02	9.87e-02	1.85e-01	1.61e-01	1.37e-01	3.06e-01	7.98e-02	6.73e-03
 3.18586e+22	2.37e-31	2.43e-19	6.27e-16	1.34e-13	1.30e-11	8.37e-10	1.45e-06	1.44e-04	3.68e-03	2.41e-02	1.05e-01	1.92e-01	1.64e-01	1.35e-01	2.95e-01	7.46e-02	6.11e-03
 3.19802e+22	3.61e-31	3.51e-19	8.63e-16	1.74e-13	1.61e-11	9.83e-10	1.69e-06	1.68e-04	4.20e-03	2.68e-02	1.13e-01	2.02e-01	1.66e-01	1.33e-01	2.81e-01	6.83e-02	5.39e-03
 3.21034e+22	5.01e-31	4.65e-19	1.11e-15	2.15e-13	1.89e-11	1.11e-09	1.90e-06	1.88e-04	4.65e-03	2.90e-02	1.20e-01	2.10e-01	1.68e-01	1.30e-01	2.70e-01	6.36e-02	4.88e-03
 3.22289e+22	7.58e-31	6.67e-19	1.52e-15	2.79e-13	2.33e-11	1.31e-09	2.21e-06	2.17e-04	5.28e-03	3.19e-02	1.29e-01	2.19e-01	1.70e-01	1.27e-01	2.55e-01	5.80e-02	4.28e-03
 3.23507e+22	1.01e-30	8.59e-19	1.89e-15	3.36e-13	2.71e-11	1.47e-09	2.45e-06	2.40e-04	5.76e-03	3.41e-02	1.35e-01	2.25e-01	1.71e-01	1.25e-01	2.45e-01	5.43e-02	3.90e-03
 3.24678e+22	1.48e-30	1.19e-18	2.52e-15	4.28e-13	3.28e-11	1.70e-09	2.80e-06	2.73e-04	6.44e-03	3.72e-02	1.43e-01	2.33e-01	1.72e-01	1.22e-01	2.33e-01	4.96e-02	3.44e-03
 3.25872e+22	1.97e-30	1.53e-18	3.15e-15	5.14e-13	3.80e-11	1.91e-09	3.09e-06	3.01e-04	7.01e-03	3.96e-02	1.49e-01	2.39e-01	1.73e-01	1.19e-01	2.23e-01	4.63e-02	3.13e-03
 3.27095e+22	2.89e-30	2.14e-18	4.22e-15	6.57e-13	4.62e-11	2.22e-09	3.53e-06	3.41e-04	7.82e-03	4.30e-02	1.58e-01	2.47e-01	1.73e-01	1.16e-01	2.10e-01	4.21e-02	2.75e-03
 3.28335e+22	3.83e-30	2.73e-18	5.23e-15	7.89e-13	5.35e-11	2.49e-09	3.89e-06	3.75e-04	8.48e-03	4.57e-02	1.64e-01	2.52e-01	1.73e-01	1.13e-01	2.01e-01	3.92e-02	2.49e-03
 3.29597e+22	5.60e-30	3.81e-18	7.00e-15	1.01e-12	6.51e-11	2.89e-09	4.42e-06	4.23e-04	9.43e-03	4.94e-02	1.73e-01	2.59e-01	1.73e-01	1.09e-01	1.89e-01	3.55e-02	2.17e-03
 3.30837e+22	7.25e-30	4.78e-18	8.56e-15	1.19e-12	7.47e-11	3.22e-09	4.84e-06	4.61e-04	1.01e-02	5.21e-02	1.79e-01	2.63e-01	1.72e-01	1.07e-01	1.81e-01	3.31e-02	1.98e-03
 3.32049e+22	1.03e-29	6.51e-18	1.12e-14	1.50e-12	8.96e-11	3.71e-09	5.44e-06	5.15e-04	1.12e-02	5.59e-02	1.87e-01	2.69e-01	1.71e-01	1.03e-01	1.70e-01	3.01e-02	1.74e-03
 3.33286e+22	1.34e-29	8.19e-18	1.38e-14	1.78e-12	1.03e-10	4.15e-09	5.97e-06	5.61e-04	1.20e-02	5.88e-02	1.93e-01	2.73e-01	1.70e-01	1.00e-01	1.62e-01	2.80e-02	1.58e-03
 3.34555e+22	1.91e-29	1.12e-17	1.81e-14	2.24e-12	1.24e-10	4.79e-09	6.71e-06	6.27e-04	1.32e-02	6.30e-02	2.01e-01	2.78e-01	1.69e-01	9.65e-02	1.52e-01	2.53e-02	1.38e-03
 3.35848e+22	2.50e-29	1.41e-17	2.22e-14	2.67e-12	1.43e-10	5.36e-09	7.35e-06	6.82e-04	1.41e-02	6.63e-02	2.08e-01	2.82e-01	1.67e-01	9.36e-02	1.44e-01	2.34e-02	1.24e-03
 3.37172e+22	3.56e-29	1.93e-17	2.93e-14	3.36e-12	1.73e-10	6.21e-09	8.27e-06	7.61e-04	1.55e-02	7.07e-02	2.16e-01	2.86e-01	1.65e-01	8.97e-02	1.34e-01	2.11e-02	1.08e-03
 3.38520e+22	1.11e-29	2.44e-17	3.61e-14	4.02e-12	2.00e-10	6.97e-09	9.06e-06	8.28e-04	1.66e-02	7.43e-02	2.22e-01	2.89e-01	1.63e-01	8.67e-02	1.27e-01	1.94e-02	9.67e-04
 3.39898e+22	1.59e-29	3.34e-17	4.76e-14	5.08e-12	2.41e-10	8.09e-09	1.02e-05	9.22e-04	1.82e-02	7.92e-02	2.30e-01	2.92e-01	1.60e-01	8.28e-02	1.18e-01	1.74e-02	8.36e-04
 3.41302e+22	2.08e-29	4.24e-17	5.88e-14	6.08e-12	2.80e-10	9.10e-09	1.12e-05	1.00e-03	1.95e-02	8.30e-02	2.36e-01	2.94e-01	1.58e-01	7.98e-02	1.12e-01	1.60e-02	7.47e-04
 3.42740e+22	2.98e-29	5.81e-17	7.77e-14	7.70e-12	3.39e-10	1.06e-08	1.26e-05	1.12e-03	2.13e-02	8.83e-02	2.44e-01	2.96e-01	1.55e-01	7.59e-02	1.03e-01	1.42e-02	6.42e-04
 3.44146e+22	3.78e-29	7.19e-17	9.38e-14	9.06e-12	3.88e-10	1.18e-08	1.37e-05	1.21e-03	2.26e-02	9.20e-02	2.49e-01	2.97e-01	1.52e-01	7.33e-02	9.79e-02	1.32e-02	5.80e-04
 3.45509e+22	5.30e-29	9.67e-17	1.22e-13	1.13e-11	4.64e-10	1.36e-08	1.53e-05	1.33e-03	2.46e-02	9.72e-02	2.56e-01	2.99e-01	1.49e-01	6.97e-02	9.07e-02	1.18e-02	5.01e-04
 3.46894e+22	6.74e-29	1.20e-16	1.48e-13	1.33e-11	5.32e-10	1.52e-08	1.67e-05	1.43e-03	2.61e-02	1.01e-01	2.61e-01	2.99e-01	1.46e-01	6.71e-02	8.57e-02	1.09e-02	4.50e-04
 3.48307e+22	9.35e-29	1.60e-16	1.91e-13	1.66e-11	6.37e-10	1.75e-08	1.86e-05	1.58e-03	2.82e-02	1.07e-01	2.68e-01	3.00e-01	1.43e-01	6.37e-02	7.93e-02	9.70e-03	3.89e-04
 3.49764e+22	1.22e-28	2.02e-16	2.35e-13	1.98e-11	7.38e-10	1.97e-08	2.04e-05	1.71e-03	3.01e-02	1.11e-01	2.73e-01	3.00e-01	1.40e-01	6.10e-02	7.44e-02	8.85e-03	3.45e-04
 3.51279e+22	1.69e-28	2.71e-16	3.05e-13	2.48e-11	8.87e-10	2.29e-08	2.29e-05	1.89e-03	3.25e-02	1.17e-01	2.80e-01	2.99e-01	1.36e-01	5.76e-02	6.85e-02	7.88e-03	2.97e-04
 3.52844e+22	2.24e-28	3.47e-16	3.80e-13	3.00e-11	1.04e-09	2.59e-08	2.52e-05	2.06e-03	3.47e-02	1.22e-01	2.85e-01	2.98e-01	1.32e-01	5.49e-02	6.39e-02	7.12e-03	2.60e-04
 3.54474e+22	3.16e-28	4.70e-16	4.98e-13	3.78e-11	1.26e-09	3.03e-08	2.85e-05	2.28e-03	3.76e-02	1.28e-01	2.91e-01	2.97e-01	1.28e-01	5.16e-02	5.84e-02	6.29e-03	2.22e-04
 3.56149e+22	4.21e-28	6.07e-16	6.26e-13	4.60e-11	1.48e-09	3.46e-08	3.15e-05	2.48e-03	4.02e-02	1.34e-01	2.95e-01	2.95e-01	1.24e-01	4.89e-02	5.42e-02	5.65e-03	1.93e-04
 3.57882e+22	6.02e-28	8.31e-16	8.28e-13	5.87e-11	1.81e-09	4.07e-08	3.57e-05	2.76e-03	4.36e-02	1.41e-01	3.01e-01	2.93e-01	1.19e-01	4.57e-02	4.93e-02	4.94e-03	1.63e-04
 3.59674e+22	8.14e-28	1.08e-15	1.05e-12	7.21e-11	2.15e-09	4.68e-08	3.97e-05	3.02e-03	4.67e-02	1.47e-01	3.05e-01	2.90e-01	1.15e-01	4.31e-02	4.54e-02	4.41e-03	1.41e-04
 3.61541e+22	1.18e-27	1.51e-15	1.41e-12	9.30e-11	2.66e-09	5.56e-08	4.54e-05	3.37e-03	5.07e-02	1.54e-01	3.11e-01	2.87e-01	1.10e-01	4.00e-02	4.09e-02	3.82e-03	1.17e-04
 3.63455e+22	1.61e-27	1.99e-15	1.81e-12	1.15e-10	3.18e-09	6.42e-08	5.07e-05	3.69e-03	5.43e-02	1.60e-01	3.14e-01	2.83e-01	1.06e-01	3.75e-02	3.75e-02	3.38e-03	1.00e-04
 3.65171e+22	2.17e-27	2.58e-15	2.28e-12	1.41e-10	3.77e-09	7.38e-08	5.64e-05	4.03e-03	5.79e-02	1.67e-01	3.18e-01	2.79e-01	1.02e-01	3.52e-02	3.44e-02	3.00e-03	8.62e-05
 3.67143e+22	3.24e-27	3.67e-15	3.13e-12	1.85e-10	4.72e-09	8.85e-08	6.48e-05	4.51e-03	6.30e-02	1.75e-01	3.22e-01	2.74e-01	9.63e-02	3.23e-02	3.06e-02	2.56e-03	7.03e-05
 3.69127e+22	4.34e-27	4.75e-15	3.95e-12	2.26e-10	5.60e-09	1.02e-07	7.21e-05	4.92e-03	6.71e-02	1.81e-01	3.24e-01	2.70e-01	9.23e-02	3.03e-02	2.80e-02	2.27e-03	6.04e-05
 3.71127e+22	6.43e-27	6.72e-15	5.38e-12	2.96e-10	7.00e-09	1.22e-07	8.27e-05	5.49e-03	7.28e-02	1.89e-01	3.27e-01	2.64e-01	8.72e-02	2.77e-02	2.49e-02	1.93e-03	4.92e-05
 3.73170e+22	8.80e-27	8.88e-15	6.90e-12	3.67e-10	8.38e-09	1.41e-07	9.24e-05	6.00e-03	7.76e-02	1.96e-01	3.29e-01	2.58e-01	8.31e-02	2.58e-02	2.26e-02	1.69e-03	4.16e-05
 3.75267e+22	1.32e-26	1.27e-14	9.50e-12	4.84e-10	1.05e-08	1.70e-07	1.06e-04	6.72e-03	8.41e-02	2.05e-01	3.30e-01	2.51e-01	7.80e-02	2.34e-02	1.99e-02	1.42e-03	3.35e-05
 3.77397e+22	1.82e-26	1.69e-14	1.23e-11	6.04e-10	1.27e-08	1.98e-07	1.19e-04	7.35e-03	8.96e-02	2.12e-01	3.31e-01	2.45e-01	7.40e-02	2.17e-02	1.79e-02	1.24e-03	2.80e-05
 3.79568e+22	2.76e-26	2.46e-14	1.72e-11	8.06e-10	1.61e-08	2.40e-07	1.38e-04	8.25e-03	9.72e-02	2.20e-01	3.31e-01	2.38e-01	6.90e-02	1.95e-02	1.56e-02	1.03e-03	2.22e-05
 3.81621e+22	3.63e-26	3.15e-14	2.14e-11	9.75e-10	1.89e-08	2.73e-07	1.52e-04	8.90e-03	1.02e-01	2.26e-01	3.31e-01	2.32e-01	6.57e-02	1.82e-02	1.43e-02	9.08e-04	1.90e-05
 3.83520e+22	5.24e-26	4.39e-14	2.88e-11	1.26e-09	2.33e-08	3.23e-07	1.72e-04	9.82e-03	1.10e-01	2.34e-01	3.30e-01	2.25e-01	6.16e-02	1.66e-02	1.26e-02	7.68e-04	1.54e-05
 3.85434e+22	6.88e-26	5.63e-14	3.59e-11	1.52e-09	2.74e-08	3.68e-07	1.90e-04	1.06e-02	1.16e-01	2.39e-01	3.29e-01	2.19e-01	5.85e-02	1.54e-02	1.15e-02	6.76e-04	1.31e-05
 3.87368e+22	9.98e-26	7.91e-14	4.86e-11	1.97e-09	3.39e-08	4.39e-07	2.16e-04	1.17e-02	1.24e-01	2.47e-01	3.27e-01	2.11e-01	5.46e-02	1.40e-02	1.01e-02	5.68e-04	1.05e-05
 3.89320e+22	1.32e-25	1.03e-13	6.12e-11	2.41e-09	4.00e-08	5.02e-07	2.39e-04	1.26e-02	1.30e-01	2.52e-01	3.25e-01	2.05e-01	5.16e-02	1.29e-02	9.09e-03	4.95e-04	8.90e-06
 3.91295e+22	1.92e-25	1.45e-13	8.35e-11	3.14e-09	4.99e-08	6.00e-07	2.72e-04	1.40e-02	1.39e-01	2.59e-01	3.22e-01	1.97e-01	4.79e-02	1.17e-02	7.93e-03	4.12e-04	7.07e-06
 3.93298e+22	2.56e-25	1.90e-13	1.06e-10	3.85e-09	5.92e-08	6.90e-07	3.02e-04	1.51e-02	1.46e-01	2.65e-01	3.19e-01	1.91e-01	4.51e-02	1.07e-02	7.12e-03	3.57e-04	5.91e-06
 3.95336e+22	3.76e-25	2.73e-13	1.46e-10	5.08e-09	7.44e-08	8.33e-07	3.46e-04	1.68e-02	1.56e-01	2.71e-01	3.15e-01	1.83e-01	4.15e-02	9.59e-03	6.15e-03	2.94e-04	4.63e-06
 3.97402e+22	5.02e-25	3.60e-13	1.87e-10	6.28e-09	8.89e-08	9.63e-07	3.86e-04	1.82e-02	1.65e-01	2.76e-01	3.11e-01	1.76e-01	3.89e-02	8.78e-03	5.48e-03	2.52e-04	3.83e-06
 3.99504e+22	7.36e-25	5.23e-13	2.60e-10	8.34e-09	1.13e-07	1.17e-06	4.45e-04	2.02e-02	1.76e-01	2.83e-01	3.05e-01	1.68e-01	3.56e-02	7.80e-03	4.69e-03	2.05e-04	2.96e-06
 4.01651e+22	1.00e-24	7.04e-13	3.40e-10	1.05e-08	1.36e-07	1.37e-06	4.99e-04	2.20e-02	1.85e-01	2.87e-01	3.00e-01	1.61e-01	3.31e-02	7.08e-03	4.14e-03	1.73e-04	2.40e-06
 4.03859e+22	1.48e-24	1.04e-12	4.81e-10	1.42e-08	1.76e-07	1.69e-06	5.82e-04	2.46e-02	1.98e-01	2.93e-01	2.93e-01	1.52e-01	3.00e-02	6.21e-03	3.49e-03	1.39e-04	1.82e-06
 4.06109e+22	2.02e-24	1.42e-12	6.35e-10	1.80e-08	2.15e-07	2.00e-06	6.58e-04	2.70e-02	2.08e-01	2.97e-01	2.86e-01	1.44e-01	2.76e-02	5.59e-03	3.04e-03	1.15e-04	1.45e-06
 4.08340e+22	2.92e-24	2.08e-12	8.93e-10	2.42e-08	2.77e-07	2.47e-06	7.68e-04	3.01e-02	2.22e-01	3.01e-01	2.78e-01	1.36e-01	2.49e-02	4.89e-03	2.56e-03	9.19e-05	1.09e-06
 4.10459e+22	3.81e-24	2.74e-12	1.14e-09	3.00e-08	3.32e-07	2.88e-06	8.59e-04	3.27e-02	2.32e-01	3.03e-01	2.72e-01	1.29e-01	2.30e-02	4.43e-03	2.25e-03	7.78e-05	8.89e-07
 4.12509e+22	5.34e-24	3.92e-12	1.57e-09	3.98e-08	4.22e-07	3.53e-06	9.97e-04	3.64e-02	2.46e-01	3.06e-01	2.63e-01	1.21e-01	2.08e-02	3.89e-03	1.90e-03	6.22e-05	6.74e-07
 4.14598e+22	6.98e-24	5.20e-12	2.03e-09	4.98e-08	5.12e-07	4.16e-06	1.12e-03	3.96e-02	2.57e-01	3.08e-01	2.55e-01	1.15e-01	1.91e-02	3.49e-03	1.66e-03	5.19e-05	5.39e-07
 4.16646e+22	9.47e-24	7.29e-12	2.75e-09	6.52e-08	6.46e-07	5.08e-06	1.30e-03	4.39e-02	2.71e-01	3.09e-01	2.46e-01	1.08e-01	1.71e-02	3.06e-03	1.40e-03	4.15e-05	4.10e-07
 4.18736e+22	1.23e-23	9.74e-12	3.57e-09	8.24e-08	7.92e-07	6.05e-06	1.48e-03	4.81e-02	2.83e-01	3.09e-01	2.37e-01	1.01e-01	1.56e-02	2.72e-03	1.20e-03	3.41e-05	3.22e-07
 4.20772e+22	1.60e-23	1.33e-11	4.75e-09	1.06e-07	9.90e-07	7.35e-06	1.71e-03	5.31e-02	2.97e-01	3.09e-01	2.28e-01	9.43e-02	1.40e-02	2.38e-03	1.01e-03	2.74e-05	2.46e-07
 4.22850e+22	2.05e-23	1.78e-11	6.19e-09	1.35e-07	1.22e-06	8.83e-06	1.95e-03	5.83e-02	3.10e-01	3.08e-01	2.19e-01	8.79e-02	1.26e-02	2.09e-03	8.61e-04	2.22e-05	1.91e-07
 4.24909e+22	2.62e-23	2.39e-11	8.11e-09	1.73e-07	1.52e-06	1.07e-05	2.24e-03	6.42e-02	3.23e-01	3.06e-01	2.09e-01	8.15e-02	1.12e-02	1.83e-03	7.25e-04	1.78e-05	1.46e-07
 4.26977e+22	3.30e-23	3.17e-11	1.05e-08	2.20e-07	1.88e-06	1.29e-05	2.57e-03	7.05e-02	3.36e-01	3.04e-01	1.99e-01	7.55e-02	1.00e-02	1.60e-03	6.11e-04	1.43e-05	0.00e+00
 4.29023e+22	4.12e-23	4.17e-11	1.36e-08	2.78e-07	2.31e-06	1.55e-05	2.95e-03	7.74e-02	3.49e-01	3.01e-01	1.89e-01	6.97e-02	8.95e-03	1.39e-03	5.14e-04	1.15e-05	0.00e+00
 4.31064e+22	5.08e-23	5.43e-11	1.74e-08	3.50e-07	2.84e-06	1.86e-05	3.37e-03	8.47e-02	3.62e-01	2.97e-01	1.79e-01	6.42e-02	7.95e-03	1.21e-03	4.31e-04	9.16e-06	0.00e+00
 4.33110e+22	6.23e-23	7.03e-11	2.21e-08	4.39e-07	3.49e-06	2.24e-05	3.85e-03	9.27e-02	3.74e-01	2.93e-01	1.70e-01	5.89e-02	7.04e-03	1.05e-03	3.60e-04	7.30e-06	0.00e+00
 4.35164e+22	7.58e-23	9.02e-11	2.80e-08	5.49e-07	4.27e-06	2.69e-05	4.40e-03	1.01e-01	3.86e-01	2.87e-01	1.60e-01	5.39e-02	6.21e-03	9.02e-04	3.00e-04	5.80e-06	0.00e+00
 4.37231e+22	9.17e-23	1.15e-10	3.54e-08	6.86e-07	5.22e-06	3.23e-05	5.02e-03	1.10e-01	3.97e-01	2.81e-01	1.50e-01	4.91e-02	5.47e-03	7.76e-04	2.49e-04	4.59e-06	0.00e+00
 4.39318e+22	1.10e-22	1.46e-10	4.44e-08	8.53e-07	6.37e-06	3.87e-05	5.72e-03	1.20e-01	4.08e-01	2.75e-01	1.41e-01	4.46e-02	4.79e-03	6.64e-04	2.06e-04	3.62e-06	0.00e+00
 4.41430e+22	1.33e-22	1.84e-10	5.55e-08	1.06e-06	7.77e-06	4.64e-05	6.51e-03	1.31e-01	4.18e-01	2.68e-01	1.32e-01	4.04e-02	4.18e-03	5.66e-04	1.70e-04	2.83e-06	0.00e+00
 4.43552e+22	1.58e-22	2.29e-10	6.89e-08	1.31e-06	9.42e-06	5.54e-05	7.39e-03	1.42e-01	4.27e-01	2.61e-01	1.23e-01	3.65e-02	3.65e-03	4.82e-04	1.40e-04	2.22e-06	0.00e+00
 4.45709e+22	1.89e-22	2.85e-10	8.56e-08	1.62e-06	1.15e-05	6.63e-05	8.41e-03	1.54e-01	4.36e-01	2.52e-01	1.14e-01	3.27e-02	3.16e-03	4.07e-04	1.14e-04	1.73e-06	0.00e+00
 4.47891e+22	2.27e-22	3.51e-10	1.05e-07	1.99e-06	1.38e-05	7.90e-05	9.51e-03	1.66e-01	4.43e-01	2.44e-01	1.05e-01	2.93e-02	2.73e-03	3.44e-04	9.32e-05	1.34e-06	0.00e+00
 4.50117e+22	1.19e-21	4.32e-10	1.30e-07	2.45e-06	1.68e-05	9.46e-05	1.08e-02	1.79e-01	4.49e-01	2.35e-01	9.68e-02	2.61e-02	2.35e-03	2.88e-04	7.53e-05	1.03e-06	0.00e+00
 4.52187e+22	1.39e-21	5.09e-10	1.54e-07	2.89e-06	1.95e-05	1.09e-04	1.19e-02	1.90e-01	4.54e-01	2.28e-01	9.04e-02	2.37e-02	2.07e-03	2.49e-04	6.33e-05	8.31e-07	0.00e+00
 4.54323e+22	1.69e-21	6.24e-10	1.89e-07	3.57e-06	2.38e-05	1.31e-04	1.36e-02	2.05e-01	4.58e-01	2.18e-01	8.24e-02	2.09e-02	1.76e-03	2.05e-04	5.03e-05	6.27e-07	0.00e+00
 4.56493e+22	1.99e-21	7.31e-10	2.23e-07	4.20e-06	2.76e-05	1.51e-04	1.50e-02	2.17e-01	4.61e-01	2.10e-01	7.65e-02	1.88e-02	1.54e-03	1.76e-04	4.20e-05	5.02e-07	0.00e+00
 4.58710e+22	2.43e-21	8.88e-10	2.74e-07	5.18e-06	3.36e-05	1.82e-04	1.70e-02	2.33e-01	4.63e-01	1.99e-01	6.92e-02	1.64e-02	1.29e-03	1.43e-04	3.31e-05	3.74e-07	0.00e+00
 4.60936e+22	2.87e-21	1.03e-09	3.20e-07	6.05e-06	3.87e-05	2.08e-04	1.86e-02	2.46e-01	4.64e-01	1.92e-01	6.41e-02	1.48e-02	1.13e-03	1.23e-04	2.76e-05	3.00e-07	0.00e+00
 4.63176e+22	3.52e-21	1.24e-09	3.89e-07	7.39e-06	4.66e-05	2.48e-04	2.10e-02	2.62e-01	4.64e-01	1.81e-01	5.78e-02	1.29e-02	9.50e-04	1.00e-04	2.17e-05	2.23e-07	0.00e+00
 4.65429e+22	4.16e-21	1.43e-09	4.52e-07	8.60e-06	5.36e-05	2.83e-04	2.29e-02	2.75e-01	4.63e-01	1.74e-01	5.33e-02	1.15e-02	8.29e-04	8.53e-05	1.81e-05	1.78e-07	0.00e+00
 4.67699e+22	5.13e-21	1.70e-09	5.45e-07	1.04e-05	6.41e-05	3.36e-04	2.57e-02	2.92e-01	4.60e-01	1.64e-01	4.79e-02	1.00e-02	6.93e-04	6.92e-05	1.42e-05	1.32e-07	0.00e+00
 4.69989e+22	6.09e-21	1.94e-09	6.30e-07	1.21e-05	7.34e-05	3.83e-04	2.80e-02	3.05e-01	4.57e-01	1.56e-01	4.40e-02	8.94e-03	6.03e-04	5.88e-05	1.17e-05	0.00e+00	0.00e+00
 4.72304e+22	7.53e-21	2.30e-09	7.56e-07	1.46e-05	8.73e-05	4.52e-04	3.13e-02	3.22e-01	4.52e-01	1.46e-01	3.94e-02	7.71e-03	5.01e-04	4.75e-05	9.16e-06	0.00e+00	0.00e+00
 4.74648e+22	8.98e-21	2.62e-09	8.73e-07	1.69e-05	9.97e-05	5.14e-04	3.40e-02	3.35e-01	4.48e-01	1.39e-01	3.61e-02	6.87e-03	4.34e-04	4.02e-05	7.56e-06	0.00e+00	0.00e+00
 4.77030e+22	1.12e-20	3.08e-09	1.05e-06	2.03e-05	1.18e-04	6.06e-04	3.78e-02	3.52e-01	4.41e-01	1.30e-01	3.21e-02	5.89e-03	3.59e-04	3.22e-05	5.86e-06	0.00e+00	0.00e+00
 4.79452e+22	1.35e-20	3.52e-09	1.21e-06	2.34e-05	1.35e-04	6.87e-04	4.10e-02	3.66e-01	4.35e-01	1.23e-01	2.92e-02	5.22e-03	3.09e-04	2.71e-05	4.80e-06	0.00e+00	0.00e+00
 4.81925e+22	1.70e-20	4.14e-09	1.44e-06	2.82e-05	1.60e-04	8.10e-04	4.55e-02	3.83e-01	4.26e-01	1.14e-01	2.58e-02	4.44e-03	2.54e-04	2.15e-05	3.69e-06	0.00e+00	0.00e+00
 4.84451e+22	2.08e-20	4.73e-09	1.67e-06	3.26e-05	1.82e-04	9.18e-04	4.93e-02	3.96e-01	4.18e-01	1.07e-01	2.34e-02	3.91e-03	2.17e-04	1.80e-05	3.00e-06	0.00e+00	0.00e+00
 4.87046e+22	2.66e-20	5.57e-09	2.01e-06	3.92e-05	2.16e-04	1.08e-03	5.46e-02	4.14e-01	4.08e-01	9.89e-02	2.05e-02	3.30e-03	1.77e-04	1.41e-05	2.28e-06	0.00e+00	0.00e+00
 4.89702e+22	3.31e-20	6.41e-09	2.33e-06	4.55e-05	2.46e-04	1.23e-03	5.91e-02	4.27e-01	3.99e-01	9.26e-02	1.84e-02	2.88e-03	1.50e-04	1.17e-05	1.84e-06	0.00e+00	0.00e+00
 4.91942e+22	3.99e-20	7.22e-09	2.66e-06	5.18e-05	2.76e-04	1.37e-03	6.33e-02	4.38e-01	3.90e-01	8.72e-02	1.68e-02	2.56e-03	1.29e-04	9.86e-06	1.51e-06	0.00e+00	0.00e+00
 4.94357e+22	5.08e-20	8.38e-09	3.13e-06	6.11e-05	3.20e-04	1.59e-03	6.91e-02	4.52e-01	3.79e-01	8.06e-02	1.48e-02	2.18e-03	1.07e-04	7.89e-06	1.18e-06	0.00e+00	0.00e+00
 4.96806e+22	6.24e-20	9.49e-09	3.58e-06	6.96e-05	3.59e-04	1.77e-03	7.38e-02	4.63e-01	3.70e-01	7.57e-02	1.34e-02	1.93e-03	9.18e-05	6.64e-06	9.65e-07	0.00e+00	0.00e+00
 4.98929e+22	7.55e-20	1.06e-08	4.05e-06	7.86e-05	4.00e-04	1.96e-03	7.86e-02	4.73e-01	3.61e-01	7.11e-02	1.22e-02	1.71e-03	7.93e-05	5.61e-06	7.97e-07	0.00e+00	0.00e+00
 5.01315e+22	9.65e-20	1.23e-08	4.75e-06	9.20e-05	4.59e-04	2.25e-03	8.52e-02	4.86e-01	3.49e-01	6.55e-02	1.08e-02	1.46e-03	6.55e-05	4.50e-06	6.20e-07	0.00e+00	0.00e+00
 5.03687e+22	1.20e-19	1.39e-08	5.38e-06	1.04e-04	5.09e-04	2.48e-03	9.02e-02	4.94e-01	3.40e-01	6.17e-02	9.84e-03	1.30e-03	5.70e-05	3.83e-06	5.17e-07	0.00e+00	0.00e+00
 5.06041e+22	1.54e-19	1.60e-08	6.28e-06	1.20e-04	5.80e-04	2.82e-03	9.72e-02	5.05e-01	3.28e-01	5.68e-02	8.69e-03	1.11e-03	4.72e-05	3.08e-06	4.04e-07	0.00e+00	0.00e+00
 5.08428e+22	1.95e-19	1.81e-08	7.14e-06	1.36e-04	6.43e-04	3.10e-03	1.03e-01	5.13e-01	3.18e-01	5.32e-02	7.89e-03	9.84e-04	4.08e-05	2.61e-06	3.35e-07	0.00e+00	0.00e+00
 5.10859e+22	2.58e-19	2.10e-08	8.37e-06	1.58e-04	7.33e-04	3.52e-03	1.11e-01	5.23e-01	3.06e-01	4.88e-02	6.94e-03	8.38e-04	3.36e-05	2.09e-06	2.60e-07	0.00e+00	0.00e+00
 5.13333e+22	3.37e-19	2.40e-08	9.57e-06	1.79e-04	8.13e-04	3.87e-03	1.17e-01	5.29e-01	2.96e-01	4.56e-02	6.28e-03	7.39e-04	2.89e-05	1.76e-06	2.14e-07	0.00e+00	0.00e+00
 5.15862e+22	4.58e-19	2.81e-08	1.13e-05	2.09e-04	9.28e-04	4.41e-03	1.26e-01	5.38e-01	2.83e-01	4.16e-02	5.48e-03	6.24e-04	2.36e-05	1.40e-06	1.65e-07	0.00e+00	0.00e+00
 5.18429e+22	6.21e-19	3.23e-08	1.29e-05	2.37e-04	1.03e-03	4.85e-03	1.32e-01	5.44e-01	2.73e-01	3.87e-02	4.94e-03	5.48e-04	2.02e-05	1.17e-06	1.35e-07	0.00e+00	0.00e+00
 5.21047e+22	8.83e-19	3.81e-08	1.53e-05	2.78e-04	1.17e-03	5.51e-03	1.42e-01	5.51e-01	2.60e-01	3.51e-02	4.29e-03	4.60e-04	1.64e-05	9.22e-07	0.00e+00	0.00e+00	0.00e+00
 5.23727e+22	1.25e-18	4.42e-08	1.77e-05	3.17e-04	1.31e-03	6.08e-03	1.50e-01	5.55e-01	2.50e-01	3.25e-02	3.84e-03	4.01e-04	1.39e-05	7.64e-07	0.00e+00	0.00e+00	0.00e+00
 5.26488e+22	1.93e-18	5.30e-08	2.12e-05	3.74e-04	1.50e-03	6.92e-03	1.61e-01	5.61e-01	2.37e-01	2.93e-02	3.31e-03	3.34e-04	1.11e-05	5.95e-07	0.00e+00	0.00e+00	0.00e+00
 5.29319e+22	2.94e-18	6.21e-08	2.47e-05	4.28e-04	1.67e-03	7.65e-03	1.70e-01	5.64e-01	2.27e-01	2.69e-02	2.94e-03	2.88e-04	9.33e-06	4.88e-07	0.00e+00	0.00e+00	0.00e+00
 5.32239e+22	5.04e-18	7.57e-08	2.99e-05	5.08e-04	1.92e-03	8.71e-03	1.82e-01	5.67e-01	2.13e-01	2.40e-02	2.51e-03	2.37e-04	7.40e-06	3.75e-07	0.00e+00	0.00e+00	0.00e+00
 5.35186e+22	8.66e-18	8.97e-08	3.50e-05	5.83e-04	2.13e-03	9.58e-03	1.91e-01	5.69e-01	2.04e-01	2.21e-02	2.23e-03	2.05e-04	6.21e-06	3.08e-07	0.00e+00	0.00e+00	0.00e+00
 5.38169e+22	1.68e-17	1.10e-07	4.25e-05	6.93e-04	2.45e-03	1.09e-02	2.04e-01	5.70e-01	1.90e-01	1.96e-02	1.89e-03	1.67e-04	4.88e-06	2.34e-07	0.00e+00	0.00e+00	0.00e+00
 5.41180e+22	3.31e-17	1.31e-07	5.00e-05	7.96e-04	2.72e-03	1.20e-02	2.14e-01	5.70e-01	1.81e-01	1.80e-02	1.67e-03	1.44e-04	4.08e-06	1.92e-07	0.00e+00	0.00e+00	0.00e+00
 5.44227e+22	7.20e-17	1.62e-07	6.10e-05	9.47e-04	3.12e-03	1.36e-02	2.28e-01	5.68e-01	1.69e-01	1.59e-02	1.41e-03	1.17e-04	3.19e-06	1.45e-07	0.00e+00	0.00e+00	0.00e+00
 5.47197e+22	1.41e-16	1.92e-07	7.09e-05	1.08e-03	3.44e-03	1.49e-02	2.37e-01	5.67e-01	1.61e-01	1.46e-02	1.25e-03	1.01e-04	2.69e-06	1.20e-07	0.00e+00	0.00e+00	0.00e+00
 5.50067e+22	2.58e-16	2.37e-07	8.57e-05	1.27e-03	3.89e-03	1.66e-02	2.50e-01	5.63e-01	1.50e-01	1.30e-02	1.07e-03	8.37e-05	2.15e-06	0.00e+00	0.00e+00	0.00e+00	0.00e+00
 5.53091e+22	4.87e-16	2.85e-07	1.01e-04	1.46e-03	4.34e-03	1.83e-02	2.62e-01	5.60e-01	1.41e-01	1.17e-02	9.36e-04	7.08e-05	1.76e-06	0.00e+00	0.00e+00	0.00e+00	0.00e+00
 5.55649e+22	8.06e-16	3.33e-07	1.16e-04	1.64e-03	4.74e-03	1.98e-02	2.72e-01	5.56e-01	1.34e-01	1.08e-02	8.36e-04	6.17e-05	1.50e-06	0.00e+00	0.00e+00	0.00e+00	0.00e+00
 5.58307e+22	1.42e-15	4.06e-07	1.39e-04	1.90e-03	5.28e-03	2.17e-02	2.84e-01	5.51e-01	1.26e-01	9.71e-03	7.25e-04	5.19e-05	1.22e-06	0.00e+00	0.00e+00	0.00e+00	0.00e+00
 5.61056e+22	2.61e-15	4.82e-07	1.61e-04	2.15e-03	5.80e-03	2.36e-02	2.94e-01	5.45e-01	1.19e-01	8.85e-03	6.40e-04	4.46e-05	1.02e-06	0.00e+00	0.00e+00	0.00e+00	0.00e+00
 5.63535e+22	4.67e-15	5.69e-07	1.86e-04	2.43e-03	6.34e-03	2.55e-02	3.05e-01	5.40e-01	1.12e-01	8.08e-03	5.68e-04	3.86e-05	8.58e-07	0.00e+00	0.00e+00	0.00e+00	0.00e+00
 5.66368e+22	1.02e-14	7.05e-07	2.24e-04	2.82e-03	7.08e-03	2.81e-02	3.17e-01	5.32e-01	1.05e-01	7.21e-03	4.88e-04	3.21e-05	6.91e-07	0.00e+00	0.00e+00	0.00e+00	0.00e+00
 5.69302e+22	4.03e-14	8.49e-07	2.63e-04	3.23e-03	7.81e-03	3.06e-02	3.29e-01	5.24e-01	9.79e-02	6.49e-03	4.25e-04	2.71e-05	5.67e-07	0.00e+00	0.00e+00	0.00e+00	0.00e+00
 5.71911e+22	9.25e-14	1.01e-06	3.06e-04	3.65e-03	8.54e-03	3.30e-02	3.40e-01	5.17e-01	9.21e-02	5.90e-03	3.74e-04	2.33e-05	4.74e-07	0.00e+00	0.00e+00	0.00e+00	0.00e+00
 5.74849e+22	3.41e-13	1.27e-06	3.70e-04	4.26e-03	9.54e-03	3.62e-02	3.53e-01	5.06e-01	8.52e-02	5.23e-03	3.20e-04	1.92e-05	3.79e-07	0.00e+00	0.00e+00	0.00e+00	0.00e+00
 5.77925e+22	1.92e-12	1.55e-06	4.39e-04	4.89e-03	1.05e-02	3.94e-02	3.64e-01	4.96e-01	7.91e-02	4.67e-03	2.76e-04	1.61e-05	3.08e-07	0.00e+00	0.00e+00	0.00e+00	0.00e+00
 5.80710e+22	3.94e-12	1.87e-06	5.15e-04	5.56e-03	1.15e-02	4.25e-02	3.75e-01	4.86e-01	7.38e-02	4.21e-03	2.41e-04	1.37e-05	2.54e-07	0.00e+00	0.00e+00	0.00e+00	0.00e+00
 5.83859e+22	6.58e-12	2.39e-06	6.30e-04	6.53e-03	1.29e-02	4.68e-02	3.88e-01	4.73e-01	6.75e-02	3.68e-03	2.02e-04	1.11e-05	1.99e-07	0.00e+00	0.00e+00	0.00e+00	0.00e+00
 5.87104e+22	9.55e-12	2.94e-06	7.50e-04	7.51e-03	1.43e-02	5.08e-02	4.00e-01	4.61e-01	6.22e-02	3.26e-03	1.73e-04	9.21e-06	1.60e-07	0.00e+00	0.00e+00	0.00e+00	0.00e+00
 5.89990e+22	1.29e-11	3.59e-06	8.84e-04	8.55e-03	1.56e-02	5.47e-02	4.10e-01	4.50e-01	5.76e-02	2.92e-03	1.50e-04	7.74e-06	1.30e-07	0.00e+00	0.00e+00	0.00e+00	0.00e+00
 5.93260e+22	1.86e-11	4.61e-06	1.09e-03	1.01e-02	1.75e-02	6.00e-02	4.22e-01	4.34e-01	5.22e-02	2.53e-03	1.25e-04	6.21e-06	0.00e+00	0.00e+00	0.00e+00	0.00e+00	0.00e+00
 5.96649e+22	2.54e-11	5.75e-06	1.30e-03	1.16e-02	1.93e-02	6.51e-02	4.33e-01	4.20e-01	4.76e-02	2.22e-03	1.05e-04	5.08e-06	0.00e+00	0.00e+00	0.00e+00	0.00e+00	0.00e+00
 5.99690e+22	3.39e-11	7.08e-06	1.54e-03	1.33e-02	2.11e-02	6.99e-02	4.42e-01	4.07e-01	4.37e-02	1.96e-03	9.03e-05	4.23e-06	0.00e+00	0.00e+00	0.00e+00	0.00e+00	0.00e+00
 6.03137e+22	4.85e-11	9.24e-06	1.92e-03	1.57e-02	2.37e-02	7.65e-02	4.53e-01	3.89e-01	3.91e-02	1.68e-03	7.38e-05	3.33e-06	0.00e+00	0.00e+00	0.00e+00	0.00e+00	0.00e+00
 6.06698e+22	6.54e-11	1.16e-05	2.30e-03	1.81e-02	2.60e-02	8.25e-02	4.61e-01	3.73e-01	3.54e-02	1.46e-03	6.20e-05	2.71e-06	0.00e+00	0.00e+00	0.00e+00	0.00e+00	0.00e+00
