#depth	Ar	Ar+	Ar+2	Ar+3	Ar+4	Ar+5	Ar+6	Ar+7	Ar+8	Ar+9	Ar+10	Ar+11	Ar+12	Ar+13	Ar+14	Ar+15	Ar+16	Ar+17	Ar+18
 4.62852e+21	0.00e+00	0.00e+00	0.00e+00	0.00e+00	0.00e+00	0.00e+00	5.45e-24	5.65e-21	9.39e-18	4.84e-15	1.25e-12	1.59e-10	1.40e-08	6.39e-07	1.89e-05	5.93e-04	3.22e-02	2.63e-01	7.04e-01
 1.05669e+22	0.00e+00	0.00e+00	0.00e+00	0.00e+00	0.00e+00	1.61e-25	1.79e-22	1.32e-19	3.22e-16	1.13e-13	2.00e-11	1.75e-09	1.06e-07	3.34e-06	6.93e-05	1.52e-03	5.77e-02	3.28e-01	6.12e-01
 1.27685e+22	0.00e+00	0.00e+00	0.00e+00	0.00e+00	1.28e-27	1.90e-24	1.68e-21	1.84e-18	3.45e-15	9.35e-13	1.28e-10	8.68e-09	4.07e-07	1.00e-05	1.63e-04	2.80e-03	8.36e-02	3.72e-01	5.42e-01
 1.43738e+22	0.00e+00	0.00e+00	0.00e+00	5.84e-30	1.79e-26	2.23e-23	1.65e-20	1.49e-17	2.28e-14	5.04e-12	5.62e-10	3.11e-08	1.19e-06	2.40e-05	3.20e-04	4.51e-03	1.11e-01	4.03e-01	4.81e-01
 1.52656e+22	0.00e+00	0.00e+00	0.00e+00	1.19e-29	3.48e-26	4.14e-23	2.93e-20	2.52e-17	3.67e-14	7.69e-12	8.15e-10	4.28e-08	1.56e-06	2.99e-05	3.79e-04	5.08e-03	1.19e-01	4.10e-01	4.66e-01
 1.55609e+22	0.00e+00	0.00e+00	0.00e+00	1.88e-29	5.36e-26	6.19e-23	4.25e-20	3.54e-17	5.00e-14	1.01e-11	1.04e-09	5.28e-08	1.86e-06	3.45e-05	4.22e-04	5.48e-03	1.24e-01	4.15e-01	4.55e-01
 1.57914e+22	0.00e+00	0.00e+00	0.00e+00	2.96e-29	8.18e-26	9.17e-23	6.12e-20	4.94e-17	6.75e-14	1.33e-11	1.32e-09	6.47e-08	2.20e-06	3.96e-05	4.70e-04	5.91e-03	1.29e-01	4.19e-01	4.45e-01
 1.60522e+22	0.00e+00	0.00e+00	0.00e+00	5.17e-29	1.38e-25	1.49e-22	9.61e-20	7.47e-17	9.81e-14	1.85e-11	1.76e-09	8.33e-08	2.72e-06	4.70e-05	5.36e-04	6.47e-03	1.36e-01	4.24e-01	4.33e-01
 1.63188e+22	0.00e+00	0.00e+00	2.18e-32	8.50e-29	2.20e-25	2.30e-22	1.43e-19	1.07e-16	1.36e-13	2.48e-11	2.29e-09	1.04e-07	3.29e-06	5.48e-05	6.02e-04	7.02e-03	1.43e-01	4.28e-01	4.21e-01
 1.65490e+22	0.00e+00	0.00e+00	3.50e-32	1.33e-28	3.34e-25	3.40e-22	2.05e-19	1.49e-16	1.84e-13	3.24e-11	2.89e-09	1.28e-07	3.90e-06	6.29e-05	6.69e-04	7.55e-03	1.48e-01	4.32e-01	4.11e-01
 1.68047e+22	0.00e+00	0.00e+00	6.30e-32	2.32e-28	5.63e-25	5.52e-22	3.21e-19	2.25e-16	2.66e-13	4.51e-11	3.87e-09	1.64e-07	4.81e-06	7.46e-05	7.62e-04	8.26e-03	1.56e-01	4.36e-01	3.99e-01
 1.70707e+22	0.00e+00	0.00e+00	1.06e-31	3.79e-28	8.90e-25	8.45e-22	4.76e-19	3.21e-16	3.69e-13	6.04e-11	4.99e-09	2.04e-07	5.79e-06	8.66e-05	8.54e-04	8.93e-03	1.63e-01	4.39e-01	3.88e-01
 1.73008e+22	0.00e+00	0.00e+00	1.69e-31	5.91e-28	1.35e-24	1.25e-21	6.80e-19	4.45e-16	4.95e-13	7.86e-11	6.30e-09	2.50e-07	6.86e-06	9.93e-05	9.47e-04	9.59e-03	1.70e-01	4.42e-01	3.78e-01
 1.75177e+22	0.00e+00	0.00e+00	2.70e-31	9.21e-28	2.04e-24	1.83e-21	9.69e-19	6.13e-16	6.64e-13	1.02e-10	7.94e-09	3.05e-07	8.12e-06	1.14e-04	1.05e-03	1.03e-02	1.76e-01	4.45e-01	3.68e-01
 1.77670e+22	0.00e+00	0.00e+00	4.86e-31	1.60e-27	3.43e-24	2.96e-21	1.51e-18	9.19e-16	9.58e-13	1.42e-10	1.06e-08	3.92e-07	1.00e-05	1.35e-04	1.19e-03	1.12e-02	1.85e-01	4.48e-01	3.55e-01
 1.80220e+22	0.00e+00	0.00e+00	7.92e-31	2.54e-27	5.28e-24	4.41e-21	2.18e-18	1.28e-15	1.30e-12	1.86e-10	1.35e-08	4.82e-07	1.19e-05	1.55e-04	1.33e-03	1.21e-02	1.92e-01	4.50e-01	3.45e-01
 1.82843e+22	0.00e+00	0.00e+00	1.48e-30	4.58e-27	9.14e-24	7.33e-21	3.48e-18	1.96e-15	1.91e-12	2.63e-10	1.83e-08	6.27e-07	1.49e-05	1.86e-04	1.52e-03	1.32e-02	2.02e-01	4.52e-01	3.32e-01
 1.85478e+22	0.00e+00	0.00e+00	2.47e-30	7.47e-27	1.44e-23	1.12e-20	5.13e-18	2.78e-15	2.63e-12	3.51e-10	2.36e-08	7.81e-07	1.79e-05	2.16e-04	1.70e-03	1.43e-02	2.10e-01	4.53e-01	3.21e-01
 1.87658e+22	0.00e+00	0.00e+00	3.92e-30	1.15e-26	2.16e-23	1.63e-20	7.23e-18	3.79e-15	3.50e-12	4.53e-10	2.96e-08	9.50e-07	2.11e-05	2.46e-04	1.88e-03	1.53e-02	2.17e-01	4.54e-01	3.11e-01
 1.90018e+22	0.00e+00	0.00e+00	6.83e-30	1.95e-26	3.52e-23	2.55e-20	1.09e-17	5.51e-15	4.92e-12	6.16e-10	3.88e-08	1.20e-06	2.57e-05	2.89e-04	2.12e-03	1.65e-02	2.26e-01	4.55e-01	3.00e-01
 1.92463e+22	0.00e+00	0.00e+00	1.12e-29	3.11e-26	5.44e-23	3.81e-20	1.58e-17	7.67e-15	6.66e-12	8.10e-10	4.94e-08	1.48e-06	3.07e-05	3.33e-04	2.36e-03	1.77e-02	2.35e-01	4.55e-01	2.89e-01
 1.94635e+22	0.00e+00	0.00e+00	1.79e-29	4.82e-26	8.20e-23	5.57e-20	2.23e-17	1.05e-14	8.87e-12	1.05e-09	6.20e-08	1.80e-06	3.62e-05	3.80e-04	2.60e-03	1.89e-02	2.43e-01	4.55e-01	2.80e-01
 1.97077e+22	0.00e+00	0.00e+00	3.22e-29	8.41e-26	1.38e-22	8.97e-20	3.45e-17	1.55e-14	1.27e-11	1.45e-09	8.26e-08	2.31e-06	4.47e-05	4.50e-04	2.95e-03	2.06e-02	2.53e-01	4.55e-01	2.68e-01
 1.99571e+22	0.00e+00	0.00e+00	5.38e-29	1.36e-25	2.15e-22	1.35e-19	5.02e-17	2.18e-14	1.73e-11	1.92e-09	1.06e-07	2.86e-06	5.36e-05	5.21e-04	3.29e-03	2.21e-02	2.62e-01	4.54e-01	2.58e-01
 2.01656e+22	0.00e+00	0.00e+00	8.50e-29	2.10e-25	3.21e-22	1.96e-19	7.01e-17	2.94e-14	2.28e-11	2.46e-09	1.32e-07	3.47e-06	6.31e-05	5.94e-04	3.62e-03	2.35e-02	2.70e-01	4.53e-01	2.49e-01
 2.03594e+22	0.00e+00	0.00e+00	1.29e-28	3.11e-25	4.63e-22	2.74e-19	9.53e-17	3.87e-14	2.95e-11	3.09e-09	1.62e-07	4.13e-06	7.31e-05	6.68e-04	3.95e-03	2.49e-02	2.78e-01	4.52e-01	2.41e-01
 2.05816e+22	0.00e+00	0.00e+00	2.22e-28	5.19e-25	7.45e-22	4.24e-19	1.42e-16	5.52e-14	4.09e-11	4.16e-09	2.11e-07	5.19e-06	8.87e-05	7.80e-04	4.43e-03	2.68e-02	2.88e-01	4.50e-01	2.30e-01
 2.08118e+22	0.00e+00	0.00e+00	3.62e-28	8.21e-25	1.14e-21	6.25e-19	2.02e-16	7.57e-14	5.47e-11	5.42e-09	2.66e-07	6.36e-06	1.05e-04	8.96e-04	4.90e-03	2.86e-02	2.97e-01	4.47e-01	2.21e-01
 2.10161e+22	0.00e+00	0.00e+00	5.77e-28	1.27e-24	1.71e-21	9.05e-19	2.82e-16	1.02e-13	7.22e-11	6.97e-09	3.33e-07	7.72e-06	1.24e-04	1.02e-03	5.40e-03	3.05e-02	3.05e-01	4.45e-01	2.13e-01
 2.12456e+22	0.00e+00	0.00e+00	1.04e-27	2.21e-24	2.84e-21	1.45e-18	4.30e-16	1.49e-13	1.02e-10	9.57e-09	4.42e-07	9.86e-06	1.53e-04	1.21e-03	6.10e-03	3.29e-02	3.16e-01	4.41e-01	2.02e-01
 2.14713e+22	0.00e+00	0.00e+00	1.63e-27	3.37e-24	4.20e-21	2.07e-18	5.95e-16	1.99e-13	1.34e-10	1.22e-08	5.48e-07	1.19e-05	1.79e-04	1.37e-03	6.68e-03	3.49e-02	3.25e-01	4.38e-01	1.94e-01
 2.16626e+22	0.00e+00	0.00e+00	2.54e-27	5.10e-24	6.17e-21	2.94e-18	8.18e-16	2.64e-13	1.74e-10	1.55e-08	6.77e-07	1.43e-05	2.09e-04	1.55e-03	7.31e-03	3.69e-02	3.33e-01	4.35e-01	1.86e-01
 2.18819e+22	0.00e+00	9.79e-33	4.39e-27	8.55e-24	9.94e-21	4.54e-18	1.21e-15	3.74e-13	2.41e-10	2.08e-08	8.81e-07	1.79e-05	2.53e-04	1.81e-03	8.17e-03	3.96e-02	3.43e-01	4.30e-01	1.77e-01
 2.21060e+22	0.00e+00	1.63e-32	7.09e-27	1.34e-23	1.50e-20	6.63e-18	1.70e-15	5.05e-13	3.19e-10	2.69e-08	1.11e-06	2.18e-05	2.99e-04	2.06e-03	9.00e-03	4.20e-02	3.52e-01	4.26e-01	1.69e-01
 2.23012e+22	0.00e+00	2.61e-32	1.11e-26	2.04e-23	2.22e-20	9.43e-18	2.34e-15	6.70e-13	4.15e-10	3.42e-08	1.37e-06	2.63e-05	3.50e-04	2.34e-03	9.84e-03	4.44e-02	3.60e-01	4.21e-01	1.62e-01
 2.25200e+22	0.00e+00	4.72e-32	1.94e-26	3.44e-23	3.60e-20	1.47e-17	3.48e-15	9.52e-13	5.76e-10	4.60e-08	1.79e-06	3.31e-05	4.25e-04	2.73e-03	1.10e-02	4.75e-02	3.70e-01	4.15e-01	1.53e-01
 2.27378e+22	0.00e+00	7.74e-32	3.10e-26	5.34e-23	5.38e-20	2.11e-17	4.83e-15	1.27e-12	7.55e-10	5.90e-08	2.23e-06	4.00e-05	5.00e-04	3.10e-03	1.21e-02	5.02e-02	3.79e-01	4.10e-01	1.46e-01
 2.29210e+22	0.00e+00	1.21e-31	4.74e-26	7.94e-23	7.76e-20	2.95e-17	6.52e-15	1.66e-12	9.66e-10	7.39e-08	2.73e-06	4.76e-05	5.78e-04	3.48e-03	1.31e-02	5.28e-02	3.86e-01	4.04e-01	1.39e-01
 2.31259e+22	0.00e+00	2.10e-31	7.97e-26	1.29e-22	1.21e-19	4.42e-17	9.37e-15	2.28e-12	1.30e-09	9.73e-08	3.48e-06	5.89e-05	6.92e-04	4.01e-03	1.45e-02	5.61e-02	3.95e-01	3.98e-01	1.32e-01
 2.33385e+22	0.00e+00	3.43e-31	1.27e-25	1.99e-22	1.81e-19	6.37e-17	1.30e-14	3.04e-12	1.71e-09	1.24e-07	4.34e-06	7.12e-05	8.11e-04	4.55e-03	1.58e-02	5.92e-02	4.03e-01	3.92e-01	1.25e-01
 2.35276e+22	0.00e+00	5.50e-31	1.99e-25	3.03e-22	2.66e-19	9.03e-17	1.77e-14	4.00e-12	2.21e-09	1.58e-07	5.36e-06	8.54e-05	9.46e-04	5.14e-03	1.73e-02	6.22e-02	4.10e-01	3.85e-01	1.19e-01
 2.37120e+22	0.00e+00	8.79e-31	3.10e-25	4.59e-22	3.89e-19	1.27e-16	2.42e-14	5.23e-12	2.85e-09	1.99e-07	6.60e-06	1.02e-04	1.10e-03	5.79e-03	1.88e-02	6.53e-02	4.17e-01	3.79e-01	1.13e-01
 2.39240e+22	0.00e+00	1.60e-30	5.46e-25	7.79e-22	6.33e-19	1.98e-16	3.57e-14	7.38e-12	3.94e-09	2.68e-07	8.61e-06	1.29e-04	1.34e-03	6.74e-03	2.09e-02	6.95e-02	4.25e-01	3.70e-01	1.06e-01
 2.41381e+22	0.00e+00	2.58e-30	8.59e-25	1.19e-21	9.33e-19	2.81e-16	4.89e-14	9.71e-12	5.11e-09	3.40e-07	1.06e-05	1.54e-04	1.56e-03	7.60e-03	2.27e-02	7.29e-02	4.32e-01	3.63e-01	1.00e-01
 2.43243e+22	0.00e+00	4.14e-30	1.35e-24	1.81e-21	1.37e-18	3.98e-16	6.66e-14	1.27e-11	6.59e-09	4.30e-07	1.31e-05	1.85e-04	1.81e-03	8.56e-03	2.47e-02	7.64e-02	4.38e-01	3.55e-01	9.51e-02
 2.45362e+22	0.00e+00	7.39e-30	2.33e-24	3.01e-21	2.19e-18	6.08e-16	9.72e-14	1.77e-11	9.01e-09	5.72e-07	1.69e-05	2.30e-04	2.18e-03	9.88e-03	2.72e-02	8.07e-02	4.45e-01	3.46e-01	8.88e-02
 2.47542e+22	0.00e+00	1.24e-29	3.80e-24	4.76e-21	3.33e-18	8.87e-16	1.36e-13	2.37e-11	1.19e-08	7.38e-07	2.13e-05	2.80e-04	2.57e-03	1.12e-02	2.97e-02	8.47e-02	4.51e-01	3.37e-01	8.33e-02
 2.49457e+22	0.00e+00	1.98e-29	5.92e-24	7.20e-21	4.86e-18	1.25e-15	1.84e-13	3.08e-11	1.53e-08	9.30e-07	2.61e-05	3.34e-04	2.98e-03	1.26e-02	3.22e-02	8.84e-02	4.56e-01	3.29e-01	7.86e-02
 2.51602e+22	0.00e+00	3.68e-29	1.07e-23	1.25e-20	8.02e-18	1.96e-15	2.74e-13	4.35e-11	2.12e-08	1.26e-06	3.43e-05	4.22e-04	3.62e-03	1.47e-02	3.57e-02	9.34e-02	4.61e-01	3.18e-01	7.26e-02
 2.53663e+22	0.00e+00	5.70e-29	1.62e-23	1.83e-20	1.14e-17	2.69e-15	3.63e-13	5.55e-11	2.68e-08	1.56e-06	4.15e-05	4.97e-04	4.15e-03	1.63e-02	3.83e-02	9.70e-02	4.65e-01	3.11e-01	6.86e-02
 2.55615e+22	0.00e+00	1.02e-28	2.80e-23	3.05e-20	1.81e-17	4.07e-15	5.22e-13	7.60e-11	3.63e-08	2.07e-06	5.34e-05	6.17e-04	4.97e-03	1.87e-02	4.20e-02	1.02e-01	4.68e-01	3.00e-01	6.35e-02
 2.57572e+22	0.00e+00	1.57e-28	4.22e-23	4.47e-20	2.57e-17	5.58e-15	6.90e-13	9.67e-11	4.56e-08	2.55e-06	6.45e-05	7.25e-04	5.68e-03	2.07e-02	4.50e-02	1.05e-01	4.71e-01	2.92e-01	5.98e-02
 2.59203e+22	0.00e+00	2.38e-28	6.27e-23	6.45e-20	3.59e-17	7.51e-15	8.94e-13	1.21e-10	5.66e-08	3.12e-06	7.72e-05	8.46e-04	6.47e-03	2.29e-02	4.81e-02	1.09e-01	4.73e-01	2.84e-01	5.64e-02
 2.60717e+22	0.00e+00	3.51e-28	9.07e-23	9.08e-20	4.90e-17	9.92e-15	1.14e-12	1.49e-10	6.93e-08	3.76e-06	9.12e-05	9.76e-04	7.28e-03	2.50e-02	5.10e-02	1.12e-01	4.74e-01	2.76e-01	5.33e-02
 2.62109e+22	0.00e+00	5.00e-28	1.27e-22	1.24e-19	6.50e-17	1.28e-14	1.42e-12	1.79e-10	8.32e-08	4.46e-06	1.06e-04	1.11e-03	8.11e-03	2.72e-02	5.39e-02	1.15e-01	4.75e-01	2.69e-01	5.06e-02
 2.63408e+22	0.00e+00	7.05e-28	1.76e-22	1.67e-19	8.54e-17	1.63e-14	1.76e-12	2.15e-10	9.92e-08	5.26e-06	1.23e-04	1.26e-03	9.00e-03	2.94e-02	5.67e-02	1.18e-01	4.75e-01	2.63e-01	4.81e-02
 2.64891e+22	0.00e+00	1.09e-27	2.67e-22	2.46e-19	1.21e-16	2.22e-14	2.30e-12	2.71e-10	1.24e-07	6.48e-06	1.48e-04	1.48e-03	1.03e-02	3.25e-02	6.05e-02	1.21e-01	4.75e-01	2.54e-01	4.50e-02
 2.66322e+22	0.00e+00	1.52e-27	3.64e-22	3.28e-19	1.57e-16	2.80e-14	2.82e-12	3.22e-10	1.47e-07	7.57e-06	1.70e-04	1.66e-03	1.13e-02	3.50e-02	6.35e-02	1.24e-01	4.74e-01	2.47e-01	4.28e-02
 2.67504e+22	0.00e+00	2.08e-27	4.91e-22	4.33e-19	2.02e-16	3.50e-14	3.42e-12	3.79e-10	1.73e-07	8.80e-06	1.95e-04	1.86e-03	1.25e-02	3.76e-02	6.64e-02	1.27e-01	4.73e-01	2.41e-01	4.07e-02
 2.68859e+22	0.00e+00	3.08e-27	7.14e-22	6.12e-19	2.76e-16	4.62e-14	4.35e-12	4.65e-10	2.11e-07	1.06e-05	2.30e-04	2.15e-03	1.40e-02	4.10e-02	7.02e-02	1.30e-01	4.72e-01	2.33e-01	3.82e-02
 2.70250e+22	0.00e+00	4.35e-27	9.91e-22	8.27e-19	3.62e-16	5.87e-14	5.35e-12	5.54e-10	2.51e-07	1.25e-05	2.66e-04	2.43e-03	1.55e-02	4.42e-02	7.36e-02	1.32e-01	4.70e-01	2.26e-01	3.61e-02
 2.71417e+22	0.00e+00	5.91e-27	1.33e-21	1.08e-18	4.61e-16	7.26e-14	6.43e-12	6.46e-10	2.92e-07	1.44e-05	3.03e-04	2.71e-03	1.69e-02	4.73e-02	7.67e-02	1.34e-01	4.68e-01	2.20e-01	3.43e-02
 2.72498e+22	0.00e+00	8.02e-27	1.77e-21	1.41e-18	5.86e-16	8.98e-14	7.71e-12	7.52e-10	3.40e-07	1.66e-05	3.44e-04	3.02e-03	1.85e-02	5.05e-02	7.99e-02	1.37e-01	4.65e-01	2.13e-01	3.25e-02
 2.73737e+22	0.00e+00	1.17e-26	2.54e-21	1.96e-18	7.89e-16	1.16e-13	9.64e-12	9.07e-10	4.10e-07	1.98e-05	4.02e-04	3.44e-03	2.06e-02	5.47e-02	8.40e-02	1.39e-01	4.62e-01	2.06e-01	3.04e-02
 2.74997e+22	3.66e-33	1.60e-26	3.42e-21	2.58e-18	1.01e-15	1.44e-13	1.16e-11	1.06e-09	4.78e-07	2.28e-05	4.57e-04	3.84e-03	2.25e-02	5.84e-02	8.73e-02	1.41e-01	4.58e-01	1.99e-01	2.88e-02
 2.76115e+22	5.02e-33	2.15e-26	4.54e-21	3.34e-18	1.27e-15	1.78e-13	1.39e-11	1.23e-09	5.54e-07	2.62e-05	5.17e-04	4.26e-03	2.45e-02	6.21e-02	9.06e-02	1.43e-01	4.55e-01	1.93e-01	2.73e-02
 2.77186e+22	6.86e-33	2.90e-26	6.03e-21	4.33e-18	1.61e-15	2.17e-13	1.64e-11	1.42e-09	6.40e-07	3.00e-05	5.84e-04	4.72e-03	2.67e-02	6.60e-02	9.40e-02	1.44e-01	4.51e-01	1.87e-01	2.58e-02
 2.78181e+22	9.20e-33	3.84e-26	7.87e-21	5.53e-18	1.99e-15	2.63e-13	1.93e-11	1.62e-09	7.33e-07	3.41e-05	6.55e-04	5.19e-03	2.88e-02	6.98e-02	9.72e-02	1.46e-01	4.47e-01	1.81e-01	2.45e-02
 2.79291e+22	1.32e-32	5.40e-26	1.09e-20	7.44e-18	2.60e-15	3.32e-13	2.35e-11	1.90e-09	8.64e-07	3.99e-05	7.52e-04	5.84e-03	3.17e-02	7.47e-02	1.01e-01	1.48e-01	4.41e-01	1.74e-01	2.29e-02
 2.80427e+22	1.82e-32	7.34e-26	1.46e-20	9.71e-18	3.30e-15	4.08e-13	2.80e-11	2.19e-09	1.00e-06	4.58e-05	8.51e-04	6.47e-03	3.45e-02	7.94e-02	1.05e-01	1.49e-01	4.36e-01	1.68e-01	2.16e-02
 2.81413e+22	2.43e-32	9.68e-26	1.90e-20	1.23e-17	4.08e-15	4.91e-13	3.27e-11	2.49e-09	1.14e-06	5.18e-05	9.51e-04	7.10e-03	3.72e-02	8.37e-02	1.08e-01	1.50e-01	4.30e-01	1.62e-01	2.04e-02
 2.82505e+22	3.52e-32	1.38e-25	2.66e-20	1.68e-17	5.36e-15	6.21e-13	3.98e-11	2.93e-09	1.35e-06	6.07e-05	1.09e-03	7.99e-03	4.08e-02	8.95e-02	1.12e-01	1.51e-01	4.23e-01	1.55e-01	1.90e-02
 2.83625e+22	4.86e-32	1.88e-25	3.57e-20	2.19e-17	6.79e-15	7.61e-13	4.72e-11	3.36e-09	1.55e-06	6.95e-05	1.24e-03	8.84e-03	4.43e-02	9.48e-02	1.16e-01	1.52e-01	4.17e-01	1.49e-01	1.78e-02
 2.84608e+22	6.56e-32	2.50e-25	4.69e-20	2.80e-17	8.45e-15	9.19e-13	5.53e-11	3.82e-09	1.77e-06	7.89e-05	1.38e-03	9.70e-03	4.78e-02	9.99e-02	1.19e-01	1.52e-01	4.10e-01	1.43e-01	1.67e-02
 2.85713e+22	9.74e-32	3.64e-25	6.72e-20	3.87e-17	1.12e-14	1.18e-12	6.78e-11	4.50e-09	2.11e-06	9.29e-05	1.60e-03	1.10e-02	5.26e-02	1.07e-01	1.23e-01	1.53e-01	4.01e-01	1.36e-01	1.54e-02
 2.86830e+22	1.34e-31	4.93e-25	8.97e-20	5.03e-17	1.42e-14	1.43e-12	7.98e-11	5.12e-09	2.42e-06	1.06e-04	1.80e-03	1.21e-02	5.68e-02	1.13e-01	1.26e-01	1.53e-01	3.93e-01	1.30e-01	1.43e-02
 2.87784e+22	1.78e-31	6.49e-25	1.17e-19	6.37e-17	1.74e-14	1.71e-12	9.25e-11	5.77e-09	2.74e-06	1.19e-04	2.00e-03	1.32e-02	6.09e-02	1.18e-01	1.29e-01	1.53e-01	3.85e-01	1.25e-01	1.35e-02
 2.88845e+22	2.69e-31	9.60e-25	1.70e-19	8.91e-17	2.34e-14	2.20e-12	1.13e-10	6.76e-09	3.25e-06	1.41e-04	2.32e-03	1.49e-02	6.70e-02	1.26e-01	1.34e-01	1.53e-01	3.74e-01	1.17e-01	1.23e-02
 2.89886e+22	3.55e-31	1.25e-24	2.18e-19	1.12e-16	2.86e-14	2.61e-12	1.30e-10	7.56e-09	3.66e-06	1.58e-04	2.56e-03	1.61e-02	7.14e-02	1.31e-01	1.36e-01	1.52e-01	3.66e-01	1.12e-01	1.15e-02
 2.90902e+22	5.26e-31	1.83e-24	3.13e-19	1.54e-16	3.78e-14	3.30e-12	1.58e-10	8.77e-09	4.31e-06	1.84e-04	2.94e-03	1.81e-02	7.81e-02	1.39e-01	1.40e-01	1.51e-01	3.54e-01	1.05e-01	1.05e-02
 2.91900e+22	6.89e-31	2.36e-24	4.00e-19	1.92e-16	4.58e-14	3.89e-12	1.80e-10	9.75e-09	4.82e-06	2.05e-04	3.23e-03	1.95e-02	8.29e-02	1.45e-01	1.42e-01	1.50e-01	3.46e-01	1.01e-01	9.79e-03
 2.92874e+22	1.02e-30	3.43e-24	5.71e-19	2.64e-16	6.02e-14	4.89e-12	2.17e-10	1.12e-08	5.64e-06	2.38e-04	3.70e-03	2.18e-02	9.03e-02	1.53e-01	1.45e-01	1.49e-01	3.34e-01	9.41e-02	8.87e-03
 2.93847e+22	1.34e-30	4.46e-24	7.35e-19	3.30e-16	7.33e-14	5.78e-12	2.48e-10	1.25e-08	6.31e-06	2.65e-04	4.06e-03	2.35e-02	9.57e-02	1.59e-01	1.47e-01	1.47e-01	3.25e-01	8.95e-02	8.26e-03
 2.94817e+22	1.99e-30	6.50e-24	1.05e-18	4.54e-16	9.64e-14	7.26e-12	2.97e-10	1.43e-08	7.36e-06	3.08e-04	4.63e-03	2.62e-02	1.04e-01	1.67e-01	1.50e-01	1.45e-01	3.12e-01	8.32e-02	7.44e-03
 2.95794e+22	2.65e-30	8.56e-24	1.37e-18	5.73e-16	1.18e-13	8.61e-12	3.40e-10	1.59e-08	8.24e-06	3.44e-04	5.10e-03	2.83e-02	1.10e-01	1.73e-01	1.52e-01	1.43e-01	3.02e-01	7.88e-02	6.88e-03
 2.96779e+22	3.97e-30	1.26e-23	1.98e-18	7.94e-16	1.56e-13	1.09e-11	4.09e-10	1.82e-08	9.62e-06	3.99e-04	5.82e-03	3.14e-02	1.19e-01	1.82e-01	1.54e-01	1.40e-01	2.88e-01	7.27e-02	6.14e-03
 2.97771e+22	5.35e-30	1.68e-23	2.60e-18	1.01e-15	1.92e-13	1.29e-11	4.69e-10	2.02e-08	1.08e-05	4.45e-04	6.40e-03	3.39e-02	1.26e-01	1.88e-01	1.55e-01	1.38e-01	2.78e-01	6.84e-02	5.64e-03
 2.98771e+22	7.98e-30	2.46e-23	3.74e-18	1.39e-15	2.54e-13	1.63e-11	5.62e-10	2.32e-08	1.25e-05	5.14e-04	7.26e-03	3.75e-02	1.36e-01	1.96e-01	1.57e-01	1.35e-01	2.64e-01	6.28e-02	5.02e-03
 2.99762e+22	1.08e-29	3.28e-23	4.92e-18	1.77e-15	3.12e-13	1.93e-11	6.43e-10	2.56e-08	1.40e-05	5.71e-04	7.96e-03	4.03e-02	1.43e-01	2.02e-01	1.57e-01	1.32e-01	2.53e-01	5.88e-02	4.58e-03
 3.00741e+22	1.60e-29	4.80e-23	7.08e-18	2.44e-15	4.10e-13	2.42e-11	7.67e-10	2.92e-08	1.61e-05	6.56e-04	8.98e-03	4.43e-02	1.53e-01	2.10e-01	1.58e-01	1.28e-01	2.39e-01	5.37e-02	4.05e-03
 3.01735e+22	2.20e-29	6.48e-23	9.44e-18	3.14e-15	5.08e-13	2.89e-11	8.81e-10	3.24e-08	1.80e-05	7.31e-04	9.85e-03	4.76e-02	1.62e-01	2.16e-01	1.58e-01	1.25e-01	2.28e-01	4.99e-02	3.67e-03
 3.02747e+22	3.32e-29	9.63e-23	1.38e-17	4.36e-15	6.74e-13	3.65e-11	1.06e-09	3.71e-08	2.08e-05	8.39e-04	1.11e-02	5.23e-02	1.73e-01	2.23e-01	1.58e-01	1.20e-01	2.14e-01	4.52e-02	3.21e-03
 3.03773e+22	4.60e-29	1.31e-22	1.85e-17	5.65e-15	8.41e-13	4.38e-11	1.22e-09	4.12e-08	2.33e-05	9.34e-04	1.22e-02	5.61e-02	1.81e-01	2.28e-01	1.57e-01	1.17e-01	2.03e-01	4.17e-02	2.88e-03
 3.04814e+22	7.05e-29	1.98e-22	2.73e-17	7.93e-15	1.12e-12	5.55e-11	1.46e-09	4.72e-08	2.69e-05	1.07e-03	1.37e-02	6.14e-02	1.93e-01	2.35e-01	1.56e-01	1.12e-01	1.89e-01	3.74e-02	2.49e-03
 3.05861e+22	9.77e-29	2.70e-22	3.68e-17	1.03e-14	1.40e-12	6.67e-11	1.69e-09	5.25e-08	2.99e-05	1.19e-03	1.49e-02	6.56e-02	2.02e-01	2.39e-01	1.55e-01	1.08e-01	1.78e-01	3.43e-02	2.22e-03
 3.06763e+22	1.35e-28	3.67e-22	4.92e-17	1.32e-14	1.74e-12	7.97e-11	1.94e-09	5.81e-08	3.32e-05	1.31e-03	1.62e-02	6.99e-02	2.10e-01	2.43e-01	1.53e-01	1.04e-01	1.68e-01	3.15e-02	1.98e-03
 3.07785e+22	2.05e-28	5.48e-22	7.20e-17	1.85e-14	2.31e-12	1.01e-10	2.32e-09	6.64e-08	3.78e-05	1.49e-03	1.81e-02	7.57e-02	2.22e-01	2.48e-01	1.51e-01	9.88e-02	1.55e-01	2.80e-02	1.71e-03
 3.08805e+22	2.78e-28	7.33e-22	9.49e-17	2.35e-14	2.84e-12	1.19e-10	2.66e-09	7.34e-08	4.17e-05	1.63e-03	1.95e-02	8.01e-02	2.30e-01	2.51e-01	1.49e-01	9.51e-02	1.47e-01	2.57e-02	1.53e-03
 3.09824e+22	4.19e-28	1.09e-21	1.38e-16	3.25e-14	3.74e-12	1.50e-10	3.17e-09	8.38e-08	4.72e-05	1.83e-03	2.15e-02	8.62e-02	2.41e-01	2.55e-01	1.46e-01	9.02e-02	1.35e-01	2.29e-02	1.31e-03
 3.10852e+22	5.68e-28	1.45e-21	1.81e-16	4.13e-14	4.59e-12	1.78e-10	3.63e-09	9.27e-08	5.18e-05	2.00e-03	2.31e-02	9.08e-02	2.48e-01	2.57e-01	1.43e-01	8.65e-02	1.27e-01	2.09e-02	1.17e-03
 3.11894e+22	8.58e-28	2.15e-21	2.63e-16	5.71e-14	6.06e-12	2.24e-10	4.35e-09	1.06e-07	5.85e-05	2.24e-03	2.54e-02	9.73e-02	2.59e-01	2.59e-01	1.40e-01	8.16e-02	1.16e-01	1.85e-02	9.94e-04
 3.12954e+22	1.17e-27	2.88e-21	3.48e-16	7.27e-14	7.46e-12	2.67e-10	4.99e-09	1.18e-07	6.42e-05	2.44e-03	2.72e-02	1.02e-01	2.66e-01	2.60e-01	1.37e-01	7.80e-02	1.09e-01	1.68e-02	8.81e-04
 3.14039e+22	1.75e-27	4.23e-21	5.01e-16	9.99e-14	9.80e-12	3.35e-10	5.98e-09	1.35e-07	7.23e-05	2.72e-03	2.98e-02	1.09e-01	2.76e-01	2.61e-01	1.33e-01	7.34e-02	9.97e-02	1.49e-02	7.50e-04
 3.15160e+22	2.43e-27	5.80e-21	6.74e-16	1.29e-13	1.23e-11	4.03e-10	6.93e-09	1.51e-07	7.96e-05	2.97e-03	3.19e-02	1.14e-01	2.83e-01	2.62e-01	1.29e-01	6.96e-02	9.26e-02	1.34e-02	6.56e-04
 3.16328e+22	3.71e-27	8.65e-21	9.83e-16	1.80e-13	1.63e-11	5.12e-10	8.38e-09	1.75e-07	8.98e-05	3.32e-03	3.49e-02	1.22e-01	2.92e-01	2.61e-01	1.25e-01	6.51e-02	8.40e-02	1.17e-02	5.52e-04
 3.17523e+22	5.17e-27	1.19e-20	1.32e-15	2.34e-13	2.04e-11	6.19e-10	9.76e-09	1.96e-07	9.88e-05	3.61e-03	3.73e-02	1.27e-01	2.99e-01	2.61e-01	1.21e-01	6.16e-02	7.77e-02	1.05e-02	4.80e-04
 3.18586e+22	7.15e-27	1.61e-20	1.77e-15	3.01e-13	2.54e-11	7.44e-10	1.13e-08	2.20e-07	1.08e-04	3.93e-03	3.98e-02	1.33e-01	3.06e-01	2.60e-01	1.18e-01	5.82e-02	7.19e-02	9.42e-03	4.19e-04
 3.19802e+22	1.08e-26	2.38e-20	2.55e-15	4.15e-13	3.35e-11	9.41e-10	1.37e-08	2.55e-07	1.22e-04	4.35e-03	4.31e-02	1.41e-01	3.13e-01	2.58e-01	1.13e-01	5.42e-02	6.50e-02	8.20e-03	3.51e-04
 3.21034e+22	1.49e-26	3.22e-20	3.39e-15	5.32e-13	4.16e-11	1.13e-09	1.59e-08	2.86e-07	1.34e-04	4.72e-03	4.59e-02	1.46e-01	3.19e-01	2.56e-01	1.09e-01	5.11e-02	6.00e-02	7.35e-03	3.05e-04
 3.22289e+22	2.23e-26	4.74e-20	4.87e-15	7.31e-13	5.48e-11	1.43e-09	1.92e-08	3.32e-07	1.50e-04	5.22e-03	4.95e-02	1.54e-01	3.26e-01	2.53e-01	1.04e-01	4.74e-02	5.41e-02	6.37e-03	2.55e-04
 3.23507e+22	2.97e-26	6.20e-20	6.27e-15	9.13e-13	6.65e-11	1.69e-09	2.19e-08	3.68e-07	1.63e-04	5.59e-03	5.22e-02	1.59e-01	3.30e-01	2.51e-01	1.01e-01	4.49e-02	5.02e-02	5.76e-03	2.25e-04
 3.24678e+22	4.30e-26	8.80e-20	8.70e-15	1.22e-12	8.55e-11	2.09e-09	2.61e-08	4.22e-07	1.81e-04	6.12e-03	5.58e-02	1.66e-01	3.35e-01	2.47e-01	9.66e-02	4.18e-02	4.56e-02	5.04e-03	1.90e-04
 3.25872e+22	5.71e-26	1.15e-19	1.12e-14	1.52e-12	1.04e-10	2.46e-09	2.99e-08	4.70e-07	1.96e-04	6.55e-03	5.87e-02	1.71e-01	3.39e-01	2.44e-01	9.33e-02	3.95e-02	4.22e-02	4.55e-03	1.67e-04
 3.27095e+22	8.33e-26	1.64e-19	1.56e-14	2.03e-12	1.34e-10	3.06e-09	3.57e-08	5.40e-07	2.18e-04	7.17e-03	6.27e-02	1.79e-01	3.44e-01	2.40e-01	8.89e-02	3.66e-02	3.81e-02	3.96e-03	1.40e-04
 3.28335e+22	1.10e-25	2.13e-19	1.98e-14	2.52e-12	1.62e-10	3.60e-09	4.08e-08	6.01e-07	2.37e-04	7.66e-03	6.59e-02	1.84e-01	3.47e-01	2.37e-01	8.57e-02	3.46e-02	3.53e-02	3.57e-03	1.23e-04
 3.29597e+22	1.60e-25	3.03e-19	2.76e-14	3.37e-12	2.08e-10	4.48e-09	4.89e-08	6.92e-07	2.63e-04	8.37e-03	7.02e-02	1.91e-01	3.50e-01	2.32e-01	8.13e-02	3.20e-02	3.17e-02	3.10e-03	1.03e-04
 3.30837e+22	2.07e-25	3.85e-19	3.45e-14	4.11e-12	2.48e-10	5.21e-09	5.54e-08	7.65e-07	2.84e-04	8.90e-03	7.33e-02	1.96e-01	3.52e-01	2.28e-01	7.84e-02	3.03e-02	2.95e-02	2.81e-03	9.11e-05
 3.32049e+22	2.93e-25	5.34e-19	4.68e-14	5.37e-12	3.15e-10	6.39e-09	6.55e-08	8.74e-07	3.14e-04	9.65e-03	7.76e-02	2.03e-01	3.55e-01	2.23e-01	7.45e-02	2.80e-02	2.67e-02	2.45e-03	7.69e-05
 3.33286e+22	3.81e-25	6.82e-19	5.88e-14	6.58e-12	3.76e-10	7.45e-09	7.44e-08	9.69e-07	3.39e-04	1.03e-02	8.11e-02	2.08e-01	3.56e-01	2.19e-01	7.16e-02	2.65e-02	2.47e-02	2.21e-03	6.77e-05
 3.34555e+22	5.41e-25	9.48e-19	7.97e-14	8.61e-12	4.77e-10	9.16e-09	8.82e-08	1.11e-06	3.75e-04	1.11e-02	8.58e-02	2.15e-01	3.58e-01	2.14e-01	6.78e-02	2.44e-02	2.22e-02	1.93e-03	5.69e-05
 3.35848e+22	7.07e-25	1.22e-18	1.00e-13	1.06e-11	5.72e-10	1.07e-08	1.01e-07	1.23e-06	4.06e-04	1.18e-02	8.95e-02	2.20e-01	3.59e-01	2.09e-01	6.50e-02	2.30e-02	2.05e-02	1.73e-03	4.98e-05
 3.37172e+22	1.01e-24	1.69e-18	1.37e-13	1.39e-11	7.28e-10	1.32e-08	1.20e-07	1.42e-06	4.50e-04	1.28e-02	9.46e-02	2.26e-01	3.60e-01	2.04e-01	6.14e-02	2.12e-02	1.84e-02	1.50e-03	4.16e-05
 3.38520e+22	1.32e-24	2.18e-18	1.72e-13	1.71e-11	8.74e-10	1.55e-08	1.37e-07	1.58e-06	4.88e-04	1.37e-02	9.86e-02	2.31e-01	3.60e-01	1.99e-01	5.86e-02	1.98e-02	1.69e-02	1.34e-03	3.63e-05
 3.39898e+22	1.88e-24	3.03e-18	2.34e-13	2.24e-11	1.11e-09	1.91e-08	1.63e-07	1.82e-06	5.42e-04	1.48e-02	1.04e-01	2.38e-01	3.60e-01	1.93e-01	5.51e-02	1.82e-02	1.51e-02	1.16e-03	3.02e-05
 3.41302e+22	2.47e-24	3.91e-18	2.96e-13	2.76e-11	1.34e-09	2.25e-08	1.86e-07	2.03e-06	5.88e-04	1.57e-02	1.09e-01	2.43e-01	3.59e-01	1.88e-01	5.25e-02	1.70e-02	1.39e-02	1.03e-03	2.62e-05
 3.42740e+22	3.54e-24	5.46e-18	4.02e-13	3.64e-11	1.71e-09	2.78e-08	2.23e-07	2.34e-06	6.54e-04	1.71e-02	1.14e-01	2.50e-01	3.59e-01	1.82e-01	4.92e-02	1.56e-02	1.23e-02	8.85e-04	2.17e-05
 3.44146e+22	4.51e-24	6.84e-18	4.95e-13	4.38e-11	2.02e-09	3.21e-08	2.51e-07	2.58e-06	7.05e-04	1.81e-02	1.19e-01	2.54e-01	3.57e-01	1.77e-01	4.71e-02	1.46e-02	1.14e-02	7.98e-04	1.91e-05
 3.45509e+22	6.32e-24	9.37e-18	6.61e-13	5.67e-11	2.54e-09	3.92e-08	2.97e-07	2.96e-06	7.79e-04	1.95e-02	1.24e-01	2.60e-01	3.56e-01	1.71e-01	4.41e-02	1.34e-02	1.02e-02	6.88e-04	1.59e-05
 3.46894e+22	8.08e-24	1.18e-17	8.15e-13	6.84e-11	3.00e-09	4.54e-08	3.36e-07	3.27e-06	8.39e-04	2.06e-02	1.29e-01	2.64e-01	3.54e-01	1.67e-01	4.21e-02	1.26e-02	9.39e-03	6.18e-04	1.39e-05
 3.48307e+22	1.13e-23	1.60e-17	1.08e-12	8.79e-11	3.76e-09	5.52e-08	3.96e-07	3.73e-06	9.27e-04	2.21e-02	1.35e-01	2.70e-01	3.52e-01	1.61e-01	3.94e-02	1.15e-02	8.39e-03	5.34e-04	1.16e-05
 3.49764e+22	1.47e-23	2.05e-17	1.36e-12	1.08e-10	4.51e-09	6.48e-08	4.53e-07	4.17e-06	1.01e-03	2.35e-02	1.40e-01	2.74e-01	3.49e-01	1.56e-01	3.73e-02	1.07e-02	7.65e-03	4.73e-04	1.00e-05
 3.51279e+22	2.06e-23	2.79e-17	1.80e-12	1.39e-10	5.66e-09	7.91e-08	5.36e-07	4.77e-06	1.11e-03	2.53e-02	1.47e-01	2.79e-01	3.46e-01	1.49e-01	3.48e-02	9.76e-03	6.81e-03	4.07e-04	8.33e-06
 3.52844e+22	2.73e-23	3.63e-17	2.29e-12	1.73e-10	6.87e-09	9.36e-08	6.18e-07	5.36e-06	1.21e-03	2.69e-02	1.53e-01	2.84e-01	3.43e-01	1.44e-01	3.28e-02	9.02e-03	6.16e-03	3.58e-04	7.11e-06
 3.54474e+22	3.88e-23	5.01e-17	3.08e-12	2.25e-10	8.71e-09	1.15e-07	7.36e-07	6.18e-06	1.35e-03	2.90e-02	1.60e-01	2.89e-01	3.39e-01	1.38e-01	3.04e-02	8.18e-03	5.44e-03	3.04e-04	5.84e-06
 3.56149e+22	5.20e-23	6.57e-17	3.94e-12	2.81e-10	1.06e-08	1.37e-07	8.52e-07	6.97e-06	1.47e-03	3.09e-02	1.66e-01	2.93e-01	3.35e-01	1.33e-01	2.85e-02	7.52e-03	4.90e-03	2.66e-04	4.94e-06
 3.57882e+22	7.46e-23	9.17e-17	5.34e-12	3.70e-10	1.36e-08	1.70e-07	1.02e-06	8.08e-06	1.64e-03	3.34e-02	1.74e-01	2.98e-01	3.30e-01	1.26e-01	2.63e-02	6.77e-03	4.29e-03	2.24e-04	4.01e-06
 3.59674e+22	1.01e-22	1.22e-16	6.91e-12	4.66e-10	1.67e-08	2.04e-07	1.19e-06	9.16e-06	1.80e-03	3.57e-02	1.81e-01	3.02e-01	3.25e-01	1.21e-01	2.45e-02	6.18e-03	3.83e-03	1.94e-04	3.36e-06
 3.61541e+22	1.48e-22	1.72e-16	9.49e-12	6.21e-10	2.16e-08	2.55e-07	1.44e-06	1.07e-05	2.02e-03	3.87e-02	1.89e-01	3.06e-01	3.19e-01	1.14e-01	2.24e-02	5.52e-03	3.33e-03	1.61e-04	2.69e-06
 3.63455e+22	2.04e-22	2.31e-16	1.24e-11	7.89e-10	2.67e-08	3.08e-07	1.69e-06	1.22e-05	2.23e-03	4.13e-02	1.96e-01	3.09e-01	3.13e-01	1.09e-01	2.08e-02	5.01e-03	2.95e-03	1.38e-04	2.23e-06
 3.65171e+22	2.75e-22	3.05e-16	1.59e-11	9.91e-10	3.28e-08	3.68e-07	1.96e-06	1.38e-05	2.44e-03	4.40e-02	2.04e-01	3.12e-01	3.07e-01	1.04e-01	1.93e-02	4.57e-03	2.63e-03	1.20e-04	1.87e-06
 3.67143e+22	4.12e-22	4.41e-16	2.23e-11	1.34e-09	4.30e-08	4.67e-07	2.39e-06	1.62e-05	2.75e-03	4.78e-02	2.13e-01	3.16e-01	3.00e-01	9.71e-02	1.75e-02	4.02e-03	2.25e-03	9.77e-05	1.46e-06
 3.69127e+22	5.57e-22	5.81e-16	2.86e-11	1.68e-09	5.27e-08	5.57e-07	2.78e-06	1.83e-05	3.01e-03	5.09e-02	2.20e-01	3.18e-01	2.93e-01	9.24e-02	1.62e-02	3.66e-03	2.00e-03	8.41e-05	1.22e-06
 3.71127e+22	8.28e-22	8.36e-16	3.98e-11	2.26e-09	6.87e-08	7.04e-07	3.38e-06	2.15e-05	3.39e-03	5.51e-02	2.30e-01	3.21e-01	2.85e-01	8.63e-02	1.46e-02	3.21e-03	1.70e-03	6.87e-05	9.53e-07
 3.73170e+22	1.14e-21	1.12e-15	5.18e-11	2.87e-09	8.52e-08	8.50e-07	3.96e-06	2.45e-05	3.73e-03	5.87e-02	2.38e-01	3.22e-01	2.78e-01	8.16e-02	1.34e-02	2.89e-03	1.50e-03	5.83e-05	7.80e-07
 3.75267e+22	1.71e-21	1.63e-15	7.26e-11	3.90e-09	1.12e-07	1.08e-06	4.85e-06	2.89e-05	4.21e-03	6.36e-02	2.48e-01	3.24e-01	2.69e-01	7.57e-02	1.20e-02	2.52e-03	1.26e-03	4.71e-05	6.03e-07
 3.77397e+22	2.38e-21	2.19e-15	9.52e-11	4.97e-09	1.39e-07	1.31e-06	5.71e-06	3.30e-05	4.63e-03	6.78e-02	2.56e-01	3.25e-01	2.61e-01	7.11e-02	1.10e-02	2.26e-03	1.10e-03	3.95e-05	4.88e-07
 3.79568e+22	3.63e-21	3.23e-15	1.35e-10	6.81e-09	1.85e-07	1.68e-06	7.04e-06	3.92e-05	5.25e-03	7.35e-02	2.66e-01	3.26e-01	2.51e-01	6.55e-02	9.72e-03	1.95e-03	9.19e-04	3.14e-05	3.70e-07
 3.81621e+22	4.79e-21	4.17e-15	1.70e-10	8.38e-09	2.23e-07	1.98e-06	8.08e-06	4.39e-05	5.69e-03	7.76e-02	2.73e-01	3.26e-01	2.45e-01	6.19e-02	8.97e-03	1.76e-03	8.15e-04	2.70e-05	3.08e-07
 3.83520e+22	6.93e-21	5.83e-15	2.29e-10	1.10e-08	2.85e-07	2.46e-06	9.72e-06	5.11e-05	6.35e-03	8.31e-02	2.82e-01	3.25e-01	2.36e-01	5.73e-02	8.03e-03	1.54e-03	6.91e-04	2.19e-05	2.40e-07
 3.85434e+22	9.16e-21	7.52e-15	2.88e-10	1.35e-08	3.44e-07	2.90e-06	1.12e-05	5.72e-05	6.88e-03	8.76e-02	2.89e-01	3.25e-01	2.29e-01	5.40e-02	7.38e-03	1.39e-03	6.10e-04	1.88e-05	1.98e-07
 3.87368e+22	1.33e-20	1.05e-14	3.90e-10	1.78e-08	4.41e-07	3.62e-06	1.34e-05	6.68e-05	7.68e-03	9.38e-02	2.98e-01	3.23e-01	2.19e-01	4.98e-02	6.56e-03	1.21e-03	5.13e-04	1.51e-05	1.53e-07
 3.89320e+22	1.77e-20	1.37e-14	4.93e-10	2.20e-08	5.34e-07	4.28e-06	1.55e-05	7.51e-05	8.35e-03	9.89e-02	3.05e-01	3.22e-01	2.12e-01	4.66e-02	5.99e-03	1.09e-03	4.49e-04	1.28e-05	1.25e-07
 3.91295e+22	2.57e-20	1.92e-14	6.68e-10	2.89e-08	6.87e-07	5.36e-06	1.87e-05	8.79e-05	9.33e-03	1.06e-01	3.14e-01	3.20e-01	2.02e-01	4.27e-02	5.29e-03	9.36e-04	3.75e-04	1.02e-05	0.00e+00
 3.93298e+22	3.43e-20	2.50e-14	8.45e-10	3.58e-08	8.34e-07	6.37e-06	2.17e-05	9.92e-05	1.02e-02	1.12e-01	3.20e-01	3.17e-01	1.95e-01	3.98e-02	4.79e-03	8.34e-04	3.25e-04	8.50e-06	0.00e+00
 3.95336e+22	5.02e-20	3.53e-14	1.15e-09	4.73e-08	1.08e-06	8.02e-06	2.64e-05	1.17e-04	1.14e-02	1.20e-01	3.29e-01	3.14e-01	1.85e-01	3.61e-02	4.19e-03	7.11e-04	2.68e-04	6.66e-06	0.00e+00
 3.97402e+22	6.74e-20	4.60e-14	1.45e-09	5.87e-08	1.31e-06	9.57e-06	3.07e-05	1.32e-04	1.24e-02	1.26e-01	3.35e-01	3.11e-01	1.77e-01	3.34e-02	3.77e-03	6.29e-04	2.30e-04	5.52e-06	0.00e+00
 3.99504e+22	9.88e-20	6.49e-14	1.97e-09	7.77e-08	1.70e-06	1.21e-05	3.74e-05	1.56e-04	1.40e-02	1.35e-01	3.44e-01	3.06e-01	1.67e-01	3.01e-02	3.27e-03	5.32e-04	1.88e-04	4.27e-06	0.00e+00
 4.01651e+22	1.34e-19	8.54e-14	2.51e-09	9.71e-08	2.10e-06	1.46e-05	4.39e-05	1.79e-04	1.53e-02	1.42e-01	3.50e-01	3.02e-01	1.59e-01	2.76e-02	2.90e-03	4.64e-04	1.59e-04	3.47e-06	0.00e+00
 4.03859e+22	1.98e-19	1.21e-13	3.42e-09	1.29e-07	2.74e-06	1.86e-05	5.40e-05	2.13e-04	1.73e-02	1.53e-01	3.57e-01	2.96e-01	1.49e-01	2.45e-02	2.48e-03	3.86e-04	1.27e-04	2.62e-06	0.00e+00
 4.06109e+22	2.69e-19	1.60e-13	4.35e-09	1.62e-07	3.39e-06	2.26e-05	6.38e-05	2.46e-04	1.91e-02	1.61e-01	3.63e-01	2.91e-01	1.40e-01	2.23e-02	2.18e-03	3.32e-04	1.06e-04	2.09e-06	0.00e+00
 4.08340e+22	3.90e-19	2.22e-13	5.81e-09	2.12e-07	4.39e-06	2.86e-05	7.82e-05	2.92e-04	2.15e-02	1.72e-01	3.70e-01	2.84e-01	1.30e-01	1.97e-02	1.85e-03	2.76e-04	8.41e-05	1.57e-06	0.00e+00
 4.10459e+22	5.07e-19	2.81e-13	7.12e-09	2.57e-07	5.27e-06	3.39e-05	9.04e-05	3.31e-04	2.34e-02	1.81e-01	3.74e-01	2.78e-01	1.24e-01	1.80e-02	1.64e-03	2.40e-04	7.12e-05	1.28e-06	0.00e+00
 4.12509e+22	7.09e-19	3.78e-13	9.20e-09	3.28e-07	6.69e-06	4.22e-05	1.09e-04	3.91e-04	2.61e-02	1.92e-01	3.79e-01	2.71e-01	1.15e-01	1.59e-02	1.39e-03	2.00e-04	5.68e-05	9.70e-07	0.00e+00
 4.14598e+22	9.22e-19	4.76e-13	1.12e-08	3.98e-07	8.07e-06	5.03e-05	1.27e-04	4.46e-04	2.85e-02	2.01e-01	3.82e-01	2.64e-01	1.08e-01	1.44e-02	1.22e-03	1.72e-04	4.74e-05	7.76e-07	0.00e+00
 4.16646e+22	1.25e-18	6.24e-13	1.42e-08	4.99e-07	1.01e-05	6.20e-05	1.52e-04	5.23e-04	3.18e-02	2.13e-01	3.85e-01	2.56e-01	9.94e-02	1.27e-02	1.04e-03	1.43e-04	3.79e-05	5.89e-07	0.00e+00
 4.18736e+22	1.63e-18	7.84e-13	1.72e-08	6.05e-07	1.22e-05	7.41e-05	1.78e-04	6.01e-04	3.48e-02	2.24e-01	3.87e-01	2.48e-01	9.26e-02	1.13e-02	8.97e-04	1.22e-04	3.11e-05	4.62e-07	0.00e+00
 4.20772e+22	2.15e-18	9.98e-13	2.11e-08	7.43e-07	1.50e-05	9.00e-05	2.11e-04	6.99e-04	3.85e-02	2.35e-01	3.89e-01	2.40e-01	8.54e-02	1.00e-02	7.63e-04	1.01e-04	2.50e-05	3.53e-07	0.00e+00
 4.22850e+22	2.77e-18	1.25e-12	2.54e-08	8.98e-07	1.81e-05	1.08e-04	2.47e-04	8.06e-04	4.23e-02	2.47e-01	3.90e-01	2.31e-01	7.89e-02	8.87e-03	6.53e-04	8.51e-05	2.03e-05	2.73e-07	0.00e+00
 4.24909e+22	3.58e-18	1.55e-12	3.05e-08	1.09e-06	2.20e-05	1.30e-04	2.91e-04	9.34e-04	4.66e-02	2.59e-01	3.90e-01	2.22e-01	7.25e-02	7.80e-03	5.54e-04	7.09e-05	1.62e-05	2.08e-07	0.00e+00
 4.26977e+22	4.57e-18	1.91e-12	3.63e-08	1.30e-06	2.65e-05	1.55e-04	3.40e-04	1.08e-03	5.12e-02	2.70e-01	3.89e-01	2.14e-01	6.65e-02	6.86e-03	4.71e-04	5.91e-05	1.31e-05	1.60e-07	0.00e+00
 4.29023e+22	5.78e-18	2.34e-12	4.28e-08	1.55e-06	3.18e-05	1.85e-04	3.96e-04	1.24e-03	5.61e-02	2.82e-01	3.88e-01	2.04e-01	6.09e-02	6.02e-03	3.99e-04	4.92e-05	1.05e-05	1.22e-07	0.00e+00
 4.31064e+22	7.26e-18	2.84e-12	5.01e-08	1.84e-06	3.80e-05	2.20e-04	4.60e-04	1.43e-03	6.14e-02	2.94e-01	3.86e-01	1.95e-01	5.56e-02	5.28e-03	3.38e-04	4.09e-05	8.40e-06	0.00e+00	0.00e+00
 4.33110e+22	9.08e-18	3.43e-12	5.84e-08	2.18e-06	4.53e-05	2.60e-04	5.33e-04	1.64e-03	6.71e-02	3.06e-01	3.83e-01	1.86e-01	5.06e-02	4.61e-03	2.86e-04	3.39e-05	6.72e-06	0.00e+00	0.00e+00
 4.35164e+22	1.13e-17	4.12e-12	6.77e-08	2.57e-06	5.37e-05	3.07e-04	6.16e-04	1.88e-03	7.32e-02	3.18e-01	3.79e-01	1.77e-01	4.60e-02	4.02e-03	2.41e-04	2.80e-05	5.36e-06	0.00e+00	0.00e+00
 4.37231e+22	1.40e-17	4.93e-12	7.81e-08	3.02e-06	6.36e-05	3.62e-04	7.11e-04	2.16e-03	7.98e-02	3.29e-01	3.74e-01	1.68e-01	4.17e-02	3.50e-03	2.03e-04	2.31e-05	4.27e-06	0.00e+00	0.00e+00
 4.39318e+22	1.73e-17	5.88e-12	9.00e-08	3.54e-06	7.52e-05	4.26e-04	8.18e-04	2.47e-03	8.68e-02	3.41e-01	3.69e-01	1.59e-01	3.77e-02	3.04e-03	1.70e-04	1.90e-05	3.39e-06	0.00e+00	0.00e+00
 4.41430e+22	2.14e-17	7.01e-12	1.03e-07	4.14e-06	8.88e-05	5.01e-04	9.40e-04	2.82e-03	9.43e-02	3.52e-01	3.63e-01	1.50e-01	3.39e-02	2.63e-03	1.42e-04	1.56e-05	2.68e-06	0.00e+00	0.00e+00
 4.43552e+22	2.63e-17	8.33e-12	1.18e-07	4.84e-06	1.04e-04	5.86e-04	1.08e-03	3.22e-03	1.02e-01	3.63e-01	3.56e-01	1.41e-01	3.05e-02	2.27e-03	1.19e-04	1.28e-05	2.12e-06	0.00e+00	0.00e+00
 4.45709e+22	3.26e-17	9.92e-12	1.36e-07	5.67e-06	1.23e-04	6.86e-04	1.23e-03	3.68e-03	1.11e-01	3.73e-01	3.48e-01	1.32e-01	2.73e-02	1.95e-03	9.88e-05	1.04e-05	1.67e-06	0.00e+00	0.00e+00
 4.47891e+22	4.02e-17	1.18e-11	1.56e-07	6.62e-06	1.44e-04	8.00e-04	1.40e-03	4.18e-03	1.20e-01	3.83e-01	3.40e-01	1.24e-01	2.45e-02	1.68e-03	8.23e-05	8.47e-06	1.31e-06	0.00e+00	0.00e+00
 4.50117e+22	4.99e-17	1.41e-11	1.80e-07	7.77e-06	1.70e-04	9.37e-04	1.60e-03	4.78e-03	1.29e-01	3.93e-01	3.31e-01	1.16e-01	2.17e-02	1.43e-03	6.78e-05	6.83e-06	1.02e-06	0.00e+00	0.00e+00
 4.52187e+22	5.98e-17	1.64e-11	2.02e-07	8.86e-06	1.94e-04	1.06e-03	1.78e-03	5.30e-03	1.38e-01	4.00e-01	3.24e-01	1.09e-01	1.97e-02	1.26e-03	5.80e-05	5.74e-06	8.33e-07	0.00e+00	0.00e+00
 4.54323e+22	7.52e-17	1.98e-11	2.34e-07	1.05e-05	2.30e-04	1.25e-03	2.04e-03	6.06e-03	1.49e-01	4.09e-01	3.13e-01	1.01e-01	1.74e-02	1.06e-03	4.73e-05	4.57e-06	6.39e-07	0.00e+00	0.00e+00
 4.56493e+22	9.07e-17	2.31e-11	2.65e-07	1.20e-05	2.63e-04	1.41e-03	2.26e-03	6.72e-03	1.58e-01	4.15e-01	3.05e-01	9.48e-02	1.57e-02	9.30e-04	4.03e-05	3.82e-06	5.19e-07	0.00e+00	0.00e+00
 4.58710e+22	1.15e-16	2.82e-11	3.10e-07	1.42e-05	3.12e-04	1.66e-03	2.57e-03	7.67e-03	1.70e-01	4.23e-01	2.94e-01	8.71e-02	1.37e-02	7.79e-04	3.26e-05	3.02e-06	3.94e-07	0.00e+00	0.00e+00
 4.60936e+22	1.40e-16	3.32e-11	3.54e-07	1.63e-05	3.56e-04	1.87e-03	2.84e-03	8.45e-03	1.79e-01	4.27e-01	2.85e-01	8.17e-02	1.24e-02	6.82e-04	2.78e-05	2.53e-06	3.21e-07	0.00e+00	0.00e+00
 4.63176e+22	1.80e-16	4.08e-11	4.17e-07	1.95e-05	4.21e-04	2.18e-03	3.21e-03	9.60e-03	1.92e-01	4.33e-01	2.73e-01	7.48e-02	1.08e-02	5.71e-04	2.24e-05	1.99e-06	2.44e-07	0.00e+00	0.00e+00
 4.65429e+22	2.20e-16	4.83e-11	4.78e-07	2.24e-05	4.80e-04	2.46e-03	3.53e-03	1.05e-02	2.02e-01	4.36e-01	2.64e-01	6.99e-02	9.71e-03	4.99e-04	1.91e-05	1.67e-06	1.98e-07	0.00e+00	0.00e+00
 4.67699e+22	2.85e-16	6.00e-11	5.70e-07	2.68e-05	5.67e-04	2.86e-03	3.98e-03	1.19e-02	2.16e-01	4.40e-01	2.52e-01	6.38e-02	8.44e-03	4.17e-04	1.54e-05	1.31e-06	1.51e-07	0.00e+00	0.00e+00
 4.69989e+22	3.51e-16	7.16e-11	6.58e-07	3.09e-05	6.46e-04	3.21e-03	4.35e-03	1.30e-02	2.26e-01	4.42e-01	2.43e-01	5.94e-02	7.57e-03	3.63e-04	1.31e-05	1.09e-06	1.22e-07	0.00e+00	0.00e+00
 4.72304e+22	4.60e-16	9.01e-11	7.93e-07	3.72e-05	7.64e-04	3.73e-03	4.88e-03	1.47e-02	2.40e-01	4.43e-01	2.32e-01	5.40e-02	6.56e-03	3.03e-04	1.05e-05	8.59e-07	0.00e+00	0.00e+00	0.00e+00
 4.74648e+22	5.74e-16	1.09e-10	9.25e-07	4.32e-05	8.72e-04	4.19e-03	5.34e-03	1.60e-02	2.51e-01	4.44e-01	2.22e-01	5.01e-02	5.86e-03	2.63e-04	8.90e-06	7.13e-07	0.00e+00	0.00e+00	0.00e+00
 4.77030e+22	7.66e-16	1.39e-10	1.13e-06	5.24e-05	1.03e-03	4.86e-03	5.97e-03	1.79e-02	2.65e-01	4.44e-01	2.11e-01	4.53e-02	5.05e-03	2.18e-04	7.13e-06	5.57e-07	0.00e+00	0.00e+00	0.00e+00
 4.79452e+22	9.69e-16	1.69e-10	1.33e-06	6.12e-05	1.18e-03	5.46e-03	6.52e-03	1.96e-02	2.77e-01	4.43e-01	2.01e-01	4.19e-02	4.49e-03	1.88e-04	5.99e-06	4.60e-07	0.00e+00	0.00e+00	0.00e+00
 4.81925e+22	1.32e-15	2.20e-10	1.66e-06	7.49e-05	1.41e-03	6.34e-03	7.28e-03	2.19e-02	2.92e-01	4.40e-01	1.90e-01	3.76e-02	3.84e-03	1.55e-04	4.77e-06	3.57e-07	0.00e+00	0.00e+00	0.00e+00
 4.84451e+22	1.69e-15	2.73e-10	1.99e-06	8.84e-05	1.62e-03	7.14e-03	7.95e-03	2.38e-02	3.03e-01	4.38e-01	1.81e-01	3.46e-02	3.40e-03	1.33e-04	3.98e-06	2.92e-07	0.00e+00	0.00e+00	0.00e+00
 4.87046e+22	2.36e-15	3.63e-10	2.51e-06	1.10e-04	1.95e-03	8.32e-03	8.88e-03	2.66e-02	3.18e-01	4.33e-01	1.69e-01	3.08e-02	2.88e-03	1.09e-04	3.13e-06	2.24e-07	0.00e+00	0.00e+00	0.00e+00
 4.89702e+22	3.09e-15	4.59e-10	3.06e-06	1.31e-04	2.25e-03	9.39e-03	9.69e-03	2.89e-02	3.30e-01	4.29e-01	1.60e-01	2.81e-02	2.53e-03	9.27e-05	2.59e-06	1.82e-07	0.00e+00	0.00e+00	0.00e+00
 4.91942e+22	3.93e-15	5.64e-10	3.64e-06	1.52e-04	2.56e-03	1.04e-02	1.04e-02	3.11e-02	3.41e-01	4.24e-01	1.52e-01	2.59e-02	2.25e-03	8.04e-05	2.19e-06	1.51e-07	0.00e+00	0.00e+00	0.00e+00
 4.94357e+22	5.39e-15	7.40e-10	4.57e-06	1.87e-04	3.02e-03	1.20e-02	1.15e-02	3.41e-02	3.54e-01	4.18e-01	1.42e-01	2.32e-02	1.93e-03	6.67e-05	1.76e-06	1.18e-07	0.00e+00	0.00e+00	0.00e+00
 4.96806e+22	6.94e-15	9.21e-10	5.50e-06	2.19e-04	3.45e-03	1.33e-02	1.24e-02	3.66e-02	3.64e-01	4.12e-01	1.35e-01	2.13e-02	1.71e-03	5.76e-05	1.48e-06	0.00e+00	0.00e+00	0.00e+00	0.00e+00
 4.98929e+22	8.84e-15	1.14e-09	6.56e-06	2.55e-04	3.90e-03	1.47e-02	1.33e-02	3.92e-02	3.73e-01	4.06e-01	1.28e-01	1.96e-02	1.52e-03	4.99e-05	1.25e-06	0.00e+00	0.00e+00	0.00e+00	0.00e+00
 5.01315e+22	1.21e-14	1.49e-09	8.26e-06	3.12e-04	4.59e-03	1.67e-02	1.45e-02	4.27e-02	3.85e-01	3.97e-01	1.20e-01	1.75e-02	1.30e-03	4.15e-05	1.00e-06	0.00e+00	0.00e+00	0.00e+00	0.00e+00
 5.03687e+22	1.54e-14	1.84e-09	9.86e-06	3.63e-04	5.18e-03	1.84e-02	1.55e-02	4.53e-02	3.94e-01	3.91e-01	1.13e-01	1.61e-02	1.16e-03	3.62e-05	8.55e-07	0.00e+00	0.00e+00	0.00e+00	0.00e+00
 5.06041e+22	2.11e-14	2.42e-09	1.24e-05	4.41e-04	6.06e-03	2.08e-02	1.69e-02	4.90e-02	4.04e-01	3.82e-01	1.06e-01	1.44e-02	9.92e-04	3.01e-05	6.88e-07	0.00e+00	0.00e+00	0.00e+00	0.00e+00
 5.08428e+22	2.71e-14	3.00e-09	1.49e-05	5.16e-04	6.85e-03	2.30e-02	1.80e-02	5.19e-02	4.12e-01	3.74e-01	9.97e-02	1.32e-02	8.81e-04	2.61e-05	5.83e-07	0.00e+00	0.00e+00	0.00e+00	0.00e+00
 5.10859e+22	3.75e-14	3.98e-09	1.89e-05	6.31e-04	8.04e-03	2.60e-02	1.96e-02	5.60e-02	4.21e-01	3.63e-01	9.23e-02	1.17e-02	7.50e-04	2.16e-05	4.67e-07	0.00e+00	0.00e+00	0.00e+00	0.00e+00
 5.13333e+22	4.86e-14	4.98e-09	2.29e-05	7.40e-04	9.12e-03	2.86e-02	2.09e-02	5.92e-02	4.28e-01	3.55e-01	8.69e-02	1.07e-02	6.62e-04	1.87e-05	3.93e-07	0.00e+00	0.00e+00	0.00e+00	0.00e+00
 5.15862e+22	6.83e-14	6.69e-09	2.94e-05	9.12e-04	1.07e-02	3.25e-02	2.27e-02	6.38e-02	4.37e-01	3.43e-01	7.99e-02	9.44e-03	5.59e-04	1.53e-05	3.11e-07	0.00e+00	0.00e+00	0.00e+00	0.00e+00
 5.18429e+22	8.92e-14	8.43e-09	3.58e-05	1.07e-03	1.22e-02	3.58e-02	2.42e-02	6.73e-02	4.42e-01	3.33e-01	7.48e-02	8.56e-03	4.91e-04	1.31e-05	2.60e-07	0.00e+00	0.00e+00	0.00e+00	0.00e+00
 5.21047e+22	1.27e-13	1.14e-08	4.63e-05	1.33e-03	1.44e-02	4.05e-02	2.63e-02	7.22e-02	4.49e-01	3.20e-01	6.83e-02	7.49e-03	4.11e-04	1.07e-05	2.04e-07	0.00e+00	0.00e+00	0.00e+00	0.00e+00
 5.23727e+22	1.67e-13	1.46e-08	5.69e-05	1.57e-03	1.64e-02	4.47e-02	2.80e-02	7.61e-02	4.53e-01	3.10e-01	6.35e-02	6.73e-03	3.57e-04	9.05e-06	1.68e-07	0.00e+00	0.00e+00	0.00e+00	0.00e+00
 5.26488e+22	2.41e-13	2.00e-08	7.43e-05	1.96e-03	1.94e-02	5.07e-02	3.03e-02	8.14e-02	4.57e-01	2.95e-01	5.75e-02	5.84e-03	2.95e-04	7.27e-06	1.31e-07	0.00e+00	0.00e+00	0.00e+00	0.00e+00
 5.29319e+22	3.24e-13	2.58e-08	9.22e-05	2.34e-03	2.22e-02	5.60e-02	3.23e-02	8.56e-02	4.59e-01	2.84e-01	5.30e-02	5.19e-03	2.54e-04	6.10e-06	0.00e+00	0.00e+00	0.00e+00	0.00e+00	0.00e+00
 5.32239e+22	4.74e-13	3.59e-08	1.22e-04	2.93e-03	2.64e-02	6.35e-02	3.49e-02	9.11e-02	4.61e-01	2.68e-01	4.74e-02	4.44e-03	2.07e-04	4.83e-06	0.00e+00	0.00e+00	0.00e+00	0.00e+00	0.00e+00
 5.35186e+22	6.36e-13	4.63e-08	1.51e-04	3.49e-03	3.01e-02	6.98e-02	3.70e-02	9.51e-02	4.60e-01	2.56e-01	4.35e-02	3.93e-03	1.77e-04	4.04e-06	0.00e+00	0.00e+00	0.00e+00	0.00e+00	0.00e+00
