#depth	He	He+	He+2
 4.62852e+21	4.53e-13	7.71e-07	1.00e+00
 1.05669e+22	9.02e-13	1.08e-06	1.00e+00
 1.27685e+22	1.44e-12	1.36e-06	1.00e+00
 1.43738e+22	2.09e-12	1.64e-06	1.00e+00
 1.52656e+22	2.30e-12	1.72e-06	1.00e+00
 1.55609e+22	2.45e-12	1.77e-06	1.00e+00
 1.57914e+22	2.60e-12	1.82e-06	1.00e+00
 1.60522e+22	2.81e-12	1.89e-06	1.00e+00
 1.63188e+22	3.01e-12	1.96e-06	1.00e+00
 1.65490e+22	3.20e-12	2.02e-06	1.00e+00
 1.68047e+22	3.43e-12	2.09e-06	1.00e+00
 1.70707e+22	3.66e-12	2.16e-06	1.00e+00
 1.73008e+22	3.89e-12	2.23e-06	1.00e+00
 1.75177e+22	4.15e-12	2.30e-06	1.00e+00
 1.77670e+22	4.48e-12	2.39e-06	1.00e+00
 1.80220e+22	4.79e-12	2.46e-06	1.00e+00
 1.82843e+22	5.21e-12	2.56e-06	1.00e+00
 1.85478e+22	5.59e-12	2.65e-06	1.00e+00
 1.87658e+22	5.95e-12	2.73e-06	1.00e+00
 1.90018e+22	6.42e-12	2.84e-06	1.00e+00
 1.92463e+22	6.88e-12	2.93e-06	1.00e+00
 1.94635e+22	7.34e-12	3.02e-06	1.00e+00
 1.97077e+22	7.97e-12	3.15e-06	1.00e+00
 1.99571e+22	8.58e-12	3.26e-06	1.00e+00
 2.01656e+22	9.16e-12	3.36e-06	1.00e+00
 2.03594e+22	9.71e-12	3.46e-06	1.00e+00
 2.05816e+22	1.05e-11	3.59e-06	1.00e+00
 2.08118e+22	1.13e-11	3.71e-06	1.00e+00
 2.10161e+22	1.21e-11	3.84e-06	1.00e+00
 2.12456e+22	1.32e-11	4.00e-06	1.00e+00
 2.14713e+22	1.41e-11	4.13e-06	1.00e+00
 2.16626e+22	1.50e-11	4.26e-06	1.00e+00
 2.18819e+22	1.63e-11	4.43e-06	1.00e+00
 2.21060e+22	1.75e-11	4.58e-06	1.00e+00
 2.23012e+22	1.87e-11	4.74e-06	1.00e+00
 2.25200e+22	2.03e-11	4.93e-06	1.00e+00
 2.27378e+22	2.18e-11	5.10e-06	1.00e+00
 2.29210e+22	2.33e-11	5.26e-06	1.00e+00
 2.31259e+22	2.52e-11	5.47e-06	1.00e+00
 2.33385e+22	2.71e-11	5.66e-06	1.00e+00
 2.35276e+22	2.90e-11	5.85e-06	1.00e+00
 2.37120e+22	3.11e-11	6.05e-06	1.00e+00
 2.39240e+22	3.39e-11	6.32e-06	1.00e+00
 2.41381e+22	3.64e-11	6.54e-06	1.00e+00
 2.43243e+22	3.91e-11	6.76e-06	1.00e+00
 2.45362e+22	4.26e-11	7.05e-06	1.00e+00
 2.47542e+22	4.60e-11	7.32e-06	1.00e+00
 2.49457e+22	4.93e-11	7.57e-06	1.00e+00
 2.51602e+22	5.42e-11	7.94e-06	1.00e+00
 2.53663e+22	5.79e-11	8.20e-06	1.00e+00
 2.55615e+22	6.33e-11	8.56e-06	1.00e+00
 2.57572e+22	6.76e-11	8.85e-06	1.00e+00
 2.59203e+22	7.22e-11	9.14e-06	1.00e+00
 2.60717e+22	7.67e-11	9.42e-06	1.00e+00
 2.62109e+22	8.11e-11	9.68e-06	1.00e+00
 2.63408e+22	8.56e-11	9.95e-06	1.00e+00
 2.64891e+22	9.18e-11	1.03e-05	1.00e+00
 2.66322e+22	9.67e-11	1.06e-05	1.00e+00
 2.67504e+22	1.02e-10	1.08e-05	1.00e+00
 2.68859e+22	1.08e-10	1.12e-05	1.00e+00
 2.70250e+22	1.15e-10	1.15e-05	1.00e+00
 2.71417e+22	1.20e-10	1.18e-05	1.00e+00
 2.72498e+22	1.27e-10	1.21e-05	1.00e+00
 2.73737e+22	1.35e-10	1.25e-05	1.00e+00
 2.74997e+22	1.42e-10	1.28e-05	1.00e+00
 2.76115e+22	1.49e-10	1.32e-05	1.00e+00
 2.77186e+22	1.57e-10	1.35e-05	1.00e+00
 2.78181e+22	1.64e-10	1.38e-05	1.00e+00
 2.79291e+22	1.74e-10	1.43e-05	1.00e+00
 2.80427e+22	1.84e-10	1.47e-05	1.00e+00
 2.81413e+22	1.93e-10	1.50e-05	1.00e+00
 2.82505e+22	2.05e-10	1.55e-05	1.00e+00
 2.83625e+22	2.16e-10	1.60e-05	1.00e+00
 2.84608e+22	2.27e-10	1.64e-05	1.00e+00
 2.85713e+22	2.43e-10	1.70e-05	1.00e+00
 2.86830e+22	2.57e-10	1.75e-05	1.00e+00
 2.87784e+22	2.69e-10	1.80e-05	1.00e+00
 2.88845e+22	2.90e-10	1.87e-05	1.00e+00
 2.89886e+22	3.04e-10	1.92e-05	1.00e+00
 2.90902e+22	3.26e-10	1.99e-05	1.00e+00
 2.91900e+22	3.42e-10	2.05e-05	1.00e+00
 2.92874e+22	3.66e-10	2.13e-05	1.00e+00
 2.93847e+22	3.85e-10	2.19e-05	1.00e+00
 2.94817e+22	4.13e-10	2.28e-05	1.00e+00
 2.95794e+22	4.35e-10	2.34e-05	1.00e+00
 2.96779e+22	4.69e-10	2.45e-05	1.00e+00
 2.97771e+22	4.95e-10	2.52e-05	1.00e+00
 2.98771e+22	5.33e-10	2.64e-05	1.00e+00
 2.99762e+22	5.63e-10	2.72e-05	1.00e+00
 3.00741e+22	6.06e-10	2.84e-05	1.00e+00
 3.01735e+22	6.43e-10	2.94e-05	1.00e+00
 3.02747e+22	6.94e-10	3.08e-05	1.00e+00
 3.03773e+22	7.37e-10	3.20e-05	1.00e+00
 3.04814e+22	7.97e-10	3.35e-05	1.00e+00
 3.05861e+22	8.46e-10	3.48e-05	1.00e+00
 3.06763e+22	8.97e-10	3.61e-05	1.00e+00
 3.07785e+22	9.69e-10	3.79e-05	1.00e+00
 3.08805e+22	1.02e-09	3.93e-05	1.00e+00
 3.09824e+22	1.10e-09	4.12e-05	1.00e+00
 3.10852e+22	1.16e-09	4.26e-05	1.00e+00
 3.11894e+22	1.25e-09	4.48e-05	1.00e+00
 3.12954e+22	1.32e-09	4.64e-05	1.00e+00
 3.14039e+22	1.42e-09	4.86e-05	1.00e+00
 3.15160e+22	1.50e-09	5.05e-05	1.00e+00
 3.16328e+22	1.61e-09	5.30e-05	1.00e+00
 3.17523e+22	1.70e-09	5.51e-05	1.00e+00
 3.18586e+22	1.80e-09	5.73e-05	1.00e+00
 3.19802e+22	1.92e-09	6.01e-05	1.00e+00
 3.21034e+22	2.03e-09	6.23e-05	1.00e+00
 3.22289e+22	2.17e-09	6.54e-05	1.00e+00
 3.23507e+22	2.27e-09	6.76e-05	1.00e+00
 3.24678e+22	2.41e-09	7.06e-05	1.00e+00
 3.25872e+22	2.52e-09	7.29e-05	1.00e+00
 3.27095e+22	2.67e-09	7.62e-05	1.00e+00
 3.28335e+22	2.79e-09	7.87e-05	1.00e+00
 3.29597e+22	2.95e-09	8.22e-05	1.00e+00
 3.30837e+22	3.07e-09	8.47e-05	1.00e+00
 3.32049e+22	3.24e-09	8.83e-05	1.00e+00
 3.33286e+22	3.37e-09	9.10e-05	1.00e+00
 3.34555e+22	3.55e-09	9.48e-05	1.00e+00
 3.35848e+22	3.70e-09	9.78e-05	1.00e+00
 3.37172e+22	3.90e-09	1.02e-04	1.00e+00
 3.38520e+22	4.06e-09	1.05e-04	1.00e+00
 3.39898e+22	4.27e-09	1.10e-04	1.00e+00
 3.41302e+22	4.45e-09	1.13e-04	1.00e+00
 3.42740e+22	4.69e-09	1.18e-04	1.00e+00
 3.44146e+22	4.86e-09	1.21e-04	1.00e+00
 3.45509e+22	5.10e-09	1.26e-04	1.00e+00
 3.46894e+22	5.29e-09	1.30e-04	1.00e+00
 3.48307e+22	5.55e-09	1.35e-04	1.00e+00
 3.49764e+22	5.77e-09	1.39e-04	1.00e+00
 3.51279e+22	6.06e-09	1.45e-04	1.00e+00
 3.52844e+22	6.31e-09	1.50e-04	1.00e+00
 3.54474e+22	6.64e-09	1.56e-04	1.00e+00
 3.56149e+22	6.93e-09	1.61e-04	1.00e+00
 3.57882e+22	7.31e-09	1.68e-04	1.00e+00
 3.59674e+22	7.64e-09	1.74e-04	1.00e+00
 3.61541e+22	8.08e-09	1.82e-04	1.00e+00
 3.63455e+22	8.46e-09	1.89e-04	1.00e+00
 3.65171e+22	8.85e-09	1.95e-04	1.00e+00
 3.67143e+22	9.38e-09	2.05e-04	1.00e+00
 3.69127e+22	9.81e-09	2.12e-04	1.00e+00
 3.71127e+22	1.04e-08	2.22e-04	1.00e+00
 3.73170e+22	1.09e-08	2.31e-04	1.00e+00
 3.75267e+22	1.15e-08	2.43e-04	1.00e+00
 3.77397e+22	1.21e-08	2.52e-04	1.00e+00
 3.79568e+22	1.28e-08	2.66e-04	1.00e+00
 3.81621e+22	1.33e-08	2.75e-04	1.00e+00
 3.83520e+22	1.40e-08	2.89e-04	1.00e+00
 3.85434e+22	1.45e-08	2.99e-04	1.00e+00
 3.87368e+22	1.52e-08	3.14e-04	1.00e+00
 3.89320e+22	1.58e-08	3.26e-04	1.00e+00
 3.91295e+22	1.65e-08	3.43e-04	1.00e+00
 3.93298e+22	1.71e-08	3.57e-04	1.00e+00
 3.95336e+22	1.79e-08	3.76e-04	1.00e+00
 3.97402e+22	1.85e-08	3.92e-04	1.00e+00
 3.99504e+22	1.92e-08	4.15e-04	1.00e+00
 4.01651e+22	1.98e-08	4.34e-04	1.00e+00
 4.03859e+22	2.05e-08	4.61e-04	1.00e+00
 4.06109e+22	2.11e-08	4.83e-04	1.00e+00
 4.08340e+22	2.17e-08	5.13e-04	9.99e-01
 4.10459e+22	2.21e-08	5.36e-04	9.99e-01
 4.12509e+22	2.25e-08	5.68e-04	9.99e-01
 4.14598e+22	2.28e-08	5.95e-04	9.99e-01
 4.16646e+22	2.31e-08	6.29e-04	9.99e-01
 4.18736e+22	2.33e-08	6.60e-04	9.99e-01
 4.20772e+22	2.35e-08	6.97e-04	9.99e-01
 4.22850e+22	2.36e-08	7.34e-04	9.99e-01
 4.24909e+22	2.38e-08	7.73e-04	9.99e-01
 4.26977e+22	2.38e-08	8.14e-04	9.99e-01
 4.29023e+22	2.39e-08	8.57e-04	9.99e-01
 4.31064e+22	2.40e-08	9.02e-04	9.99e-01
 4.33110e+22	2.41e-08	9.50e-04	9.99e-01
 4.35164e+22	2.43e-08	1.00e-03	9.99e-01
 4.37231e+22	2.45e-08	1.05e-03	9.99e-01
 4.39318e+22	2.49e-08	1.11e-03	9.99e-01
 4.41430e+22	2.53e-08	1.17e-03	9.99e-01
 4.43552e+22	2.59e-08	1.23e-03	9.99e-01
 4.45709e+22	2.66e-08	1.29e-03	9.99e-01
 4.47891e+22	2.75e-08	1.36e-03	9.99e-01
 4.50117e+22	2.87e-08	1.44e-03	9.99e-01
 4.52187e+22	2.98e-08	1.50e-03	9.98e-01
 4.54323e+22	3.15e-08	1.59e-03	9.98e-01
 4.56493e+22	3.31e-08	1.66e-03	9.98e-01
 4.58710e+22	3.55e-08	1.76e-03	9.98e-01
 4.60936e+22	3.76e-08	1.83e-03	9.98e-01
 4.63176e+22	4.06e-08	1.94e-03	9.98e-01
 4.65429e+22	4.33e-08	2.03e-03	9.98e-01
 4.67699e+22	4.73e-08	2.14e-03	9.98e-01
 4.69989e+22	5.07e-08	2.24e-03	9.98e-01
 4.72304e+22	5.58e-08	2.37e-03	9.98e-01
 4.74648e+22	6.01e-08	2.47e-03	9.98e-01
 4.77030e+22	6.65e-08	2.62e-03	9.97e-01
 4.79452e+22	7.21e-08	2.74e-03	9.97e-01
 4.81925e+22	8.03e-08	2.90e-03	9.97e-01
 4.84451e+22	8.74e-08	3.04e-03	9.97e-01
 4.87046e+22	9.79e-08	3.23e-03	9.97e-01
 4.89702e+22	1.07e-07	3.38e-03	9.97e-01
 4.91942e+22	1.16e-07	3.53e-03	9.96e-01
 4.94357e+22	1.29e-07	3.73e-03	9.96e-01
 4.96806e+22	1.40e-07	3.89e-03	9.96e-01
 4.98929e+22	1.52e-07	4.05e-03	9.96e-01
 5.01315e+22	1.69e-07	4.28e-03	9.96e-01
 5.03687e+22	1.82e-07	4.44e-03	9.96e-01
 5.06041e+22	2.02e-07	4.68e-03	9.95e-01
 5.08428e+22	2.18e-07	4.87e-03	9.95e-01
 5.10859e+22	2.42e-07	5.13e-03	9.95e-01
 5.13333e+22	2.62e-07	5.34e-03	9.95e-01
 5.15862e+22	2.92e-07	5.65e-03	9.94e-01
 5.18429e+22	3.17e-07	5.88e-03	9.94e-01
 5.21047e+22	3.54e-07	6.22e-03	9.94e-01
 5.23727e+22	3.86e-07	6.50e-03	9.93e-01
 5.26488e+22	4.33e-07	6.89e-03	9.93e-01
 5.29319e+22	4.75e-07	7.21e-03	9.93e-01
 5.32239e+22	5.35e-07	7.66e-03	9.92e-01
 5.35186e+22	5.86e-07	8.01e-03	9.92e-01
 5.38169e+22	6.63e-07	8.52e-03	9.91e-01
 5.41180e+22	7.26e-07	8.92e-03	9.91e-01
 5.44227e+22	8.22e-07	9.49e-03	9.91e-01
 5.47197e+22	8.96e-07	9.91e-03	9.90e-01
 5.50067e+22	1.00e-06	1.05e-02	9.90e-01
 5.53091e+22	1.11e-06	1.10e-02	9.89e-01
 5.55649e+22	1.20e-06	1.15e-02	9.89e-01
 5.58307e+22	1.33e-06	1.21e-02	9.88e-01
 5.61056e+22	1.45e-06	1.26e-02	9.87e-01
 5.63535e+22	1.58e-06	1.31e-02	9.87e-01
 5.66368e+22	1.75e-06	1.39e-02	9.86e-01
 5.69302e+22	1.93e-06	1.45e-02	9.85e-01
 5.71911e+22	2.11e-06	1.52e-02	9.85e-01
 5.74849e+22	2.35e-06	1.60e-02	9.84e-01
 5.77925e+22	2.59e-06	1.68e-02	9.83e-01
 5.80710e+22	2.84e-06	1.76e-02	9.82e-01
 5.83859e+22	3.19e-06	1.87e-02	9.81e-01
 5.87104e+22	3.54e-06	1.97e-02	9.80e-01
 5.89990e+22	3.89e-06	2.06e-02	9.79e-01
 5.93260e+22	4.38e-06	2.19e-02	9.78e-01
 5.96649e+22	4.89e-06	2.31e-02	9.77e-01
 5.99690e+22	5.39e-06	2.42e-02	9.76e-01
 6.03137e+22	6.12e-06	2.58e-02	9.74e-01
 6.06698e+22	6.83e-06	2.72e-02	9.73e-01
 6.09917e+22	7.59e-06	2.87e-02	9.71e-01
 6.13612e+22	8.71e-06	3.07e-02	9.69e-01
 6.17331e+22	9.73e-06	3.24e-02	9.68e-01
 6.21083e+22	1.11e-05	3.46e-02	9.65e-01
 6.24920e+22	1.25e-05	3.67e-02	9.63e-01
 6.28297e+22	1.40e-05	3.87e-02	9.61e-01
 6.32118e+22	1.61e-05	4.15e-02	9.58e-01
 6.36029e+22	1.81e-05	4.40e-02	9.56e-01
 6.40056e+22	2.09e-05	4.72e-02	9.53e-01
 6.44146e+22	2.36e-05	5.01e-02	9.50e-01
 6.47772e+22	2.65e-05	5.30e-02	9.47e-01
 6.51939e+22	3.08e-05	5.71e-02	9.43e-01
 6.56165e+22	3.48e-05	6.05e-02	9.39e-01
 6.59840e+22	3.92e-05	6.41e-02	9.36e-01
 6.63346e+22	4.36e-05	6.75e-02	9.32e-01
 6.66678e+22	4.84e-05	7.10e-02	9.29e-01
 6.70433e+22	5.53e-05	7.57e-02	9.24e-01
 6.74185e+22	6.15e-05	7.96e-02	9.20e-01
 6.77934e+22	7.01e-05	8.48e-02	9.15e-01
 6.81749e+22	7.82e-05	8.94e-02	9.11e-01
 6.85650e+22	8.95e-05	9.53e-02	9.05e-01
 6.89581e+22	9.99e-05	1.00e-01	8.99e-01
 6.93551e+22	1.15e-04	1.07e-01	8.93e-01
 6.97565e+22	1.28e-04	1.13e-01	8.87e-01
 7.00779e+22	1.40e-04	1.18e-01	8.82e-01
 7.04097e+22	1.57e-04	1.24e-01	8.76e-01
 7.07491e+22	1.72e-04	1.30e-01	8.70e-01
 7.10506e+22	1.88e-04	1.35e-01	8.65e-01
 7.13950e+22	2.11e-04	1.42e-01	8.57e-01
 7.17432e+22	2.31e-04	1.49e-01	8.51e-01
 7.20476e+22	2.53e-04	1.55e-01	8.45e-01
 7.23947e+22	2.84e-04	1.63e-01	8.36e-01
 7.27449e+22	3.10e-04	1.70e-01	8.30e-01
 7.30990e+22	3.47e-04	1.79e-01	8.21e-01
 7.34586e+22	3.82e-04	1.87e-01	8.13e-01
 7.37749e+22	4.18e-04	1.94e-01	8.05e-01
 7.41358e+22	4.67e-04	2.04e-01	7.95e-01
 7.45045e+22	5.14e-04	2.13e-01	7.87e-01
 7.48337e+22	5.62e-04	2.22e-01	7.78e-01
 7.52120e+22	6.31e-04	2.33e-01	7.66e-01
 7.55959e+22	6.94e-04	2.43e-01	7.56e-01
 7.59873e+22	7.78e-04	2.55e-01	7.44e-01
 7.63888e+22	8.61e-04	2.66e-01	7.33e-01
 7.67437e+22	9.46e-04	2.77e-01	7.22e-01
 7.71451e+22	1.07e-03	2.91e-01	7.08e-01
 7.75547e+22	1.17e-03	3.03e-01	6.96e-01
 7.79749e+22	1.32e-03	3.18e-01	6.81e-01
 7.83439e+22	1.42e-03	3.28e-01	6.71e-01
 7.86055e+22	1.51e-03	3.36e-01	6.63e-01
 7.89046e+22	1.64e-03	3.47e-01	6.51e-01
 7.92162e+22	1.76e-03	3.57e-01	6.41e-01
 7.95441e+22	1.93e-03	3.70e-01	6.28e-01
 7.98725e+22	2.07e-03	3.80e-01	6.18e-01
 8.02014e+22	2.27e-03	3.93e-01	6.05e-01
 8.05334e+22	2.44e-03	4.04e-01	5.94e-01
 8.08691e+22	2.66e-03	4.17e-01	5.80e-01
 8.12119e+22	2.87e-03	4.28e-01	5.69e-01
 8.15639e+22	3.14e-03	4.43e-01	5.54e-01
 8.19212e+22	3.38e-03	4.55e-01	5.42e-01
 8.22855e+22	3.72e-03	4.70e-01	5.27e-01
 8.26564e+22	4.01e-03	4.82e-01	5.14e-01
 8.30358e+22	4.41e-03	4.98e-01	4.98e-01
 8.34238e+22	4.77e-03	5.11e-01	4.85e-01
 8.38232e+22	5.24e-03	5.27e-01	4.68e-01
 8.42311e+22	5.69e-03	5.40e-01	4.54e-01
 8.45947e+22	6.16e-03	5.54e-01	4.40e-01
 8.50118e+22	6.78e-03	5.70e-01	4.23e-01
 8.54386e+22	7.38e-03	5.85e-01	4.08e-01
 8.58780e+22	8.19e-03	6.03e-01	3.89e-01
 8.63175e+22	8.86e-03	6.16e-01	3.75e-01
 8.67572e+22	9.80e-03	6.33e-01	3.57e-01
 8.72079e+22	1.06e-02	6.47e-01	3.42e-01
 8.76730e+22	1.18e-02	6.65e-01	3.24e-01
 8.81487e+22	1.29e-02	6.79e-01	3.09e-01
 8.86382e+22	1.44e-02	6.97e-01	2.89e-01
 8.91388e+22	1.57e-02	7.10e-01	2.74e-01
 8.96539e+22	1.76e-02	7.28e-01	2.54e-01
 9.01856e+22	1.94e-02	7.42e-01	2.39e-01
 9.07389e+22	2.19e-02	7.60e-01	2.19e-01
 9.13138e+22	2.44e-02	7.74e-01	2.02e-01
 9.19166e+22	2.79e-02	7.90e-01	1.82e-01
 9.24138e+22	3.00e-02	7.98e-01	1.72e-01
