#depth	N	N+	N+2	N+3	N+4	N+5	N+6	N+7
 4.62852e+21	0.00e+00	0.00e+00	4.72e-26	4.85e-20	1.48e-14	8.98e-09	2.03e-04	1.00e+00
 1.05282e+22	0.00e+00	3.09e-32	2.86e-25	2.08e-19	4.46e-14	1.86e-08	2.90e-04	1.00e+00
 1.26503e+22	0.00e+00	1.29e-31	9.46e-25	5.47e-19	9.28e-14	3.01e-08	3.68e-04	1.00e+00
 1.41819e+22	0.00e+00	4.04e-31	2.46e-24	1.18e-18	1.67e-13	4.42e-08	4.45e-04	1.00e+00
 1.50328e+22	0.00e+00	5.33e-31	3.10e-24	1.44e-18	1.93e-13	4.87e-08	4.67e-04	1.00e+00
 1.54242e+22	0.00e+00	7.63e-31	4.19e-24	1.83e-18	2.33e-13	5.50e-08	4.95e-04	1.00e+00
 1.58562e+22	0.00e+00	1.09e-30	5.63e-24	2.33e-18	2.79e-13	6.19e-08	5.25e-04	9.99e-01
 1.62306e+22	0.00e+00	1.44e-30	7.15e-24	2.82e-18	3.23e-13	6.82e-08	5.50e-04	9.99e-01
 1.65573e+22	0.00e+00	1.90e-30	8.99e-24	3.40e-18	3.73e-13	7.48e-08	5.76e-04	9.99e-01
 1.69318e+22	0.00e+00	2.64e-30	1.19e-23	4.25e-18	4.42e-13	8.36e-08	6.08e-04	9.99e-01
 1.73282e+22	0.00e+00	3.61e-30	1.54e-23	5.26e-18	5.20e-13	9.30e-08	6.40e-04	9.99e-01
 1.76772e+22	0.00e+00	4.81e-30	1.96e-23	6.38e-18	6.02e-13	1.02e-07	6.72e-04	9.99e-01
 1.80051e+22	0.00e+00	6.33e-30	2.47e-23	7.70e-18	6.95e-13	1.12e-07	7.03e-04	9.99e-01
 1.83812e+22	0.00e+00	8.79e-30	3.25e-23	9.63e-18	8.25e-13	1.26e-07	7.42e-04	9.99e-01
 1.87803e+22	0.00e+00	1.21e-29	4.25e-23	1.19e-17	9.72e-13	1.40e-07	7.82e-04	9.99e-01
 1.91300e+22	0.00e+00	1.61e-29	5.40e-23	1.45e-17	1.13e-12	1.54e-07	8.20e-04	9.99e-01
 1.95051e+22	0.00e+00	2.25e-29	7.14e-23	1.82e-17	1.34e-12	1.73e-07	8.67e-04	9.99e-01
 1.98679e+22	0.00e+00	2.96e-29	8.99e-23	2.19e-17	1.54e-12	1.90e-07	9.07e-04	9.99e-01
 2.01515e+22	0.00e+00	3.72e-29	1.09e-22	2.56e-17	1.74e-12	2.05e-07	9.43e-04	9.99e-01
 2.04570e+22	0.00e+00	4.86e-29	1.37e-22	3.07e-17	2.00e-12	2.24e-07	9.85e-04	9.99e-01
 2.07917e+22	0.00e+00	6.33e-29	1.70e-22	3.68e-17	2.30e-12	2.46e-07	1.03e-03	9.99e-01
 2.11024e+22	0.00e+00	8.14e-29	2.10e-22	4.36e-17	2.62e-12	2.67e-07	1.07e-03	9.99e-01
 2.13961e+22	0.00e+00	1.04e-28	2.58e-22	5.15e-17	2.97e-12	2.90e-07	1.12e-03	9.99e-01
 2.17295e+22	0.00e+00	1.39e-28	3.30e-22	6.28e-17	3.46e-12	3.21e-07	1.17e-03	9.99e-01
 2.20786e+22	0.00e+00	1.84e-28	4.16e-22	7.58e-17	3.99e-12	3.52e-07	1.23e-03	9.99e-01
 2.23833e+22	0.00e+00	2.36e-28	5.13e-22	8.98e-17	4.54e-12	3.84e-07	1.28e-03	9.99e-01
 2.26498e+22	0.00e+00	2.93e-28	6.15e-22	1.04e-16	5.08e-12	4.13e-07	1.33e-03	9.99e-01
 2.28949e+22	0.00e+00	3.57e-28	7.27e-22	1.19e-16	5.64e-12	4.42e-07	1.37e-03	9.99e-01
 2.31767e+22	0.00e+00	4.54e-28	8.91e-22	1.40e-16	6.40e-12	4.80e-07	1.43e-03	9.99e-01
 2.34814e+22	0.00e+00	5.78e-28	1.09e-21	1.65e-16	7.25e-12	5.21e-07	1.48e-03	9.99e-01
 2.37595e+22	0.00e+00	7.26e-28	1.32e-21	1.93e-16	8.15e-12	5.63e-07	1.54e-03	9.98e-01
 2.40229e+22	0.00e+00	9.05e-28	1.59e-21	2.24e-16	9.14e-12	6.06e-07	1.60e-03	9.98e-01
 2.42822e+22	0.00e+00	1.12e-27	1.90e-21	2.59e-16	1.02e-11	6.52e-07	1.66e-03	9.98e-01
 2.45782e+22	0.00e+00	1.45e-27	2.36e-21	3.09e-16	1.17e-11	7.12e-07	1.73e-03	9.98e-01
 2.48879e+22	0.00e+00	1.85e-27	2.90e-21	3.65e-16	1.33e-11	7.74e-07	1.80e-03	9.98e-01
 2.51566e+22	0.00e+00	2.31e-27	3.48e-21	4.23e-16	1.49e-11	8.34e-07	1.87e-03	9.98e-01
 2.53943e+22	0.00e+00	2.80e-27	4.10e-21	4.83e-16	1.64e-11	8.91e-07	1.93e-03	9.98e-01
 2.56503e+22	0.00e+00	3.49e-27	4.93e-21	5.62e-16	1.85e-11	9.61e-07	2.00e-03	9.98e-01
 2.59259e+22	0.00e+00	4.35e-27	5.92e-21	6.51e-16	2.06e-11	1.03e-06	2.08e-03	9.98e-01
 2.61759e+22	0.00e+00	5.32e-27	7.01e-21	7.46e-16	2.29e-11	1.11e-06	2.15e-03	9.98e-01
 2.64497e+22	0.00e+00	6.77e-27	8.59e-21	8.80e-16	2.60e-11	1.20e-06	2.23e-03	9.98e-01
 2.67344e+22	0.00e+00	8.50e-27	1.04e-20	1.03e-15	2.92e-11	1.30e-06	2.32e-03	9.98e-01
 2.69741e+22	2.34e-34	1.03e-26	1.22e-20	1.17e-15	3.23e-11	1.39e-06	2.40e-03	9.98e-01
 2.72268e+22	3.02e-34	1.28e-26	1.47e-20	1.36e-15	3.62e-11	1.50e-06	2.49e-03	9.98e-01
 2.74982e+22	3.89e-34	1.59e-26	1.76e-20	1.57e-15	4.05e-11	1.61e-06	2.58e-03	9.97e-01
 2.77458e+22	4.91e-34	1.95e-26	2.08e-20	1.80e-15	4.49e-11	1.72e-06	2.66e-03	9.97e-01
 2.80194e+22	6.49e-34	2.48e-26	2.55e-20	2.12e-15	5.09e-11	1.87e-06	2.77e-03	9.97e-01
 2.83051e+22	8.45e-34	3.11e-26	3.08e-20	2.47e-15	5.72e-11	2.02e-06	2.88e-03	9.97e-01
 2.85430e+22	1.06e-33	3.76e-26	3.61e-20	2.81e-15	6.30e-11	2.16e-06	2.97e-03	9.97e-01
 2.87561e+22	1.29e-33	4.47e-26	4.17e-20	3.16e-15	6.90e-11	2.29e-06	3.06e-03	9.97e-01
 2.90007e+22	1.65e-33	5.53e-26	4.99e-20	3.65e-15	7.70e-11	2.46e-06	3.17e-03	9.97e-01
 2.92660e+22	2.12e-33	6.84e-26	5.95e-20	4.21e-15	8.58e-11	2.65e-06	3.29e-03	9.97e-01
 2.95118e+22	2.68e-33	8.38e-26	7.05e-20	4.82e-15	9.52e-11	2.84e-06	3.40e-03	9.97e-01
 2.97850e+22	3.55e-33	1.07e-25	8.64e-20	5.69e-15	1.08e-10	3.08e-06	3.54e-03	9.96e-01
 3.00619e+22	4.59e-33	1.33e-25	1.04e-19	6.58e-15	1.20e-10	3.32e-06	3.68e-03	9.96e-01
 3.02886e+22	5.69e-33	1.60e-25	1.21e-19	7.45e-15	1.32e-10	3.53e-06	3.79e-03	9.96e-01
 3.05284e+22	7.29e-33	1.98e-25	1.44e-19	8.60e-15	1.48e-10	3.80e-06	3.93e-03	9.96e-01
 3.07882e+22	9.32e-33	2.44e-25	1.72e-19	9.89e-15	1.64e-10	4.08e-06	4.07e-03	9.96e-01
 3.10288e+22	1.17e-32	2.96e-25	2.02e-19	1.13e-14	1.81e-10	4.36e-06	4.21e-03	9.96e-01
 3.12966e+22	1.55e-32	3.76e-25	2.47e-19	1.32e-14	2.05e-10	4.73e-06	4.38e-03	9.96e-01
 3.15766e+22	2.02e-32	4.73e-25	2.98e-19	1.54e-14	2.29e-10	5.10e-06	4.55e-03	9.95e-01
 3.18099e+22	2.52e-32	5.70e-25	3.49e-19	1.74e-14	2.51e-10	5.44e-06	4.70e-03	9.95e-01
 3.20504e+22	3.24e-32	7.07e-25	4.17e-19	2.01e-14	2.80e-10	5.85e-06	4.88e-03	9.95e-01
 3.23092e+22	4.17e-32	8.76e-25	4.98e-19	2.32e-14	3.11e-10	6.29e-06	5.06e-03	9.95e-01
 3.25452e+22	5.21e-32	1.06e-24	5.83e-19	2.63e-14	3.42e-10	6.70e-06	5.23e-03	9.95e-01
 3.28052e+22	6.87e-32	1.34e-24	7.09e-19	3.07e-14	3.84e-10	7.26e-06	5.44e-03	9.95e-01
 3.30774e+22	8.91e-32	1.67e-24	8.51e-19	3.55e-14	4.28e-10	7.81e-06	5.65e-03	9.94e-01
 3.33082e+22	1.12e-31	2.03e-24	9.99e-19	4.03e-14	4.69e-10	8.33e-06	5.84e-03	9.94e-01
 3.35174e+22	1.38e-31	2.43e-24	1.16e-18	4.53e-14	5.13e-10	8.85e-06	6.02e-03	9.94e-01
 3.37556e+22	1.78e-31	3.02e-24	1.38e-18	5.22e-14	5.68e-10	9.51e-06	6.25e-03	9.94e-01
 3.40121e+22	2.29e-31	3.73e-24	1.65e-18	5.98e-14	6.29e-10	1.02e-05	6.49e-03	9.94e-01
 3.42483e+22	2.92e-31	4.58e-24	1.95e-18	6.84e-14	6.93e-10	1.09e-05	6.72e-03	9.93e-01
 3.44749e+22	3.70e-31	5.60e-24	2.30e-18	7.77e-14	7.60e-10	1.17e-05	6.96e-03	9.93e-01
 3.46924e+22	4.60e-31	6.74e-24	2.67e-18	8.75e-14	8.29e-10	1.24e-05	7.19e-03	9.93e-01
 3.49345e+22	6.07e-31	8.50e-24	3.23e-18	1.02e-13	9.24e-10	1.34e-05	7.48e-03	9.93e-01
 3.51815e+22	7.72e-31	1.04e-23	3.82e-18	1.16e-13	1.01e-09	1.43e-05	7.75e-03	9.92e-01
 3.53967e+22	9.71e-31	1.26e-23	4.46e-18	1.31e-13	1.10e-09	1.52e-05	8.02e-03	9.92e-01
 3.56380e+22	1.29e-30	1.60e-23	5.42e-18	1.52e-13	1.23e-09	1.65e-05	8.36e-03	9.92e-01
 3.58867e+22	1.65e-30	1.97e-23	6.41e-18	1.73e-13	1.35e-09	1.76e-05	8.67e-03	9.91e-01
 3.60982e+22	2.06e-30	2.38e-23	7.47e-18	1.94e-13	1.46e-09	1.87e-05	8.96e-03	9.91e-01
 3.62969e+22	2.55e-30	2.84e-23	8.62e-18	2.17e-13	1.58e-09	1.98e-05	9.25e-03	9.91e-01
 3.65254e+22	3.35e-30	3.58e-23	1.04e-17	2.51e-13	1.75e-09	2.14e-05	9.63e-03	9.90e-01
 3.67600e+22	4.27e-30	4.38e-23	1.22e-17	2.84e-13	1.91e-09	2.28e-05	9.98e-03	9.90e-01
 3.69658e+22	5.38e-30	5.31e-23	1.43e-17	3.19e-13	2.07e-09	2.42e-05	1.03e-02	9.90e-01
 3.71964e+22	7.17e-30	6.75e-23	1.73e-17	3.70e-13	2.29e-09	2.62e-05	1.08e-02	9.89e-01
 3.74251e+22	9.01e-30	8.17e-23	2.02e-17	4.16e-13	2.49e-09	2.78e-05	1.11e-02	9.89e-01
 3.76209e+22	1.13e-29	9.86e-23	2.35e-17	4.67e-13	2.69e-09	2.95e-05	1.15e-02	9.88e-01
 3.78449e+22	1.49e-29	1.24e-22	2.83e-17	5.39e-13	2.97e-09	3.18e-05	1.20e-02	9.88e-01
 3.80725e+22	1.90e-29	1.52e-22	3.33e-17	6.09e-13	3.23e-09	3.39e-05	1.24e-02	9.88e-01
 3.82696e+22	2.38e-29	1.83e-22	3.87e-17	6.82e-13	3.49e-09	3.60e-05	1.29e-02	9.87e-01
 3.84904e+22	3.16e-29	2.32e-22	4.67e-17	7.87e-13	3.85e-09	3.88e-05	1.34e-02	9.87e-01
 3.87171e+22	4.05e-29	2.86e-22	5.51e-17	8.92e-13	4.18e-09	4.15e-05	1.39e-02	9.86e-01
 3.89110e+22	5.06e-29	3.44e-22	6.40e-17	9.98e-13	4.52e-09	4.40e-05	1.44e-02	9.86e-01
 3.91226e+22	6.68e-29	4.34e-22	7.70e-17	1.15e-12	4.96e-09	4.73e-05	1.50e-02	9.85e-01
 3.93415e+22	8.46e-29	5.28e-22	9.02e-17	1.29e-12	5.39e-09	5.04e-05	1.55e-02	9.84e-01
 3.95365e+22	1.08e-28	6.45e-22	1.06e-16	1.46e-12	5.83e-09	5.37e-05	1.60e-02	9.84e-01
 3.97249e+22	1.35e-28	7.78e-22	1.23e-16	1.63e-12	6.30e-09	5.70e-05	1.66e-02	9.83e-01
 3.99383e+22	1.78e-28	9.83e-22	1.48e-16	1.88e-12	6.94e-09	6.14e-05	1.73e-02	9.83e-01
 4.01594e+22	2.30e-28	1.21e-21	1.76e-16	2.14e-12	7.56e-09	6.57e-05	1.79e-02	9.82e-01
 4.03548e+22	2.94e-28	1.49e-21	2.06e-16	2.41e-12	8.19e-09	7.00e-05	1.85e-02	9.81e-01
 4.05424e+22	3.71e-28	1.80e-21	2.41e-16	2.71e-12	8.87e-09	7.44e-05	1.92e-02	9.81e-01
 4.07557e+22	4.97e-28	2.30e-21	2.93e-16	3.15e-12	9.80e-09	8.04e-05	2.00e-02	9.80e-01
 4.09755e+22	6.41e-28	2.84e-21	3.47e-16	3.57e-12	1.07e-08	8.60e-05	2.07e-02	9.79e-01
 4.12039e+22	8.80e-28	3.71e-21	4.29e-16	4.20e-12	1.19e-08	9.35e-05	2.17e-02	9.78e-01
 4.14363e+22	1.17e-27	4.68e-21	5.17e-16	4.83e-12	1.31e-08	1.01e-04	2.26e-02	9.77e-01
 4.16377e+22	1.50e-27	5.76e-21	6.11e-16	5.48e-12	1.42e-08	1.07e-04	2.34e-02	9.76e-01
 4.18281e+22	1.91e-27	7.07e-21	7.20e-16	6.20e-12	1.55e-08	1.15e-04	2.42e-02	9.76e-01
 4.20099e+22	2.42e-27	8.59e-21	8.41e-16	6.98e-12	1.67e-08	1.22e-04	2.50e-02	9.75e-01
 4.22155e+22	3.31e-27	1.11e-20	1.04e-15	8.17e-12	1.86e-08	1.32e-04	2.62e-02	9.74e-01
 4.24213e+22	4.21e-27	1.36e-20	1.22e-15	9.24e-12	2.02e-08	1.41e-04	2.70e-02	9.73e-01
 4.25891e+22	5.26e-27	1.64e-20	1.41e-15	1.03e-11	2.18e-08	1.49e-04	2.79e-02	9.72e-01
 4.27427e+22	6.51e-27	1.96e-20	1.63e-15	1.15e-11	2.34e-08	1.58e-04	2.87e-02	9.71e-01
 4.28842e+22	7.92e-27	2.31e-20	1.86e-15	1.27e-11	2.50e-08	1.66e-04	2.95e-02	9.70e-01
 4.30147e+22	9.37e-27	2.66e-20	2.08e-15	1.38e-11	2.65e-08	1.73e-04	3.02e-02	9.70e-01
 4.31629e+22	1.18e-26	3.23e-20	2.43e-15	1.56e-11	2.87e-08	1.84e-04	3.12e-02	9.69e-01
 4.33155e+22	1.45e-26	3.83e-20	2.80e-15	1.73e-11	3.07e-08	1.94e-04	3.20e-02	9.68e-01
 4.34431e+22	1.75e-26	4.48e-20	3.17e-15	1.90e-11	3.27e-08	2.04e-04	3.28e-02	9.67e-01
 4.35597e+22	2.06e-26	5.12e-20	3.53e-15	2.06e-11	3.46e-08	2.12e-04	3.36e-02	9.66e-01
 4.36925e+22	2.56e-26	6.14e-20	4.09e-15	2.31e-11	3.73e-08	2.25e-04	3.45e-02	9.65e-01
 4.38305e+22	3.12e-26	7.25e-20	4.67e-15	2.55e-11	3.99e-08	2.36e-04	3.55e-02	9.64e-01
 4.39533e+22	3.76e-26	8.48e-20	5.30e-15	2.81e-11	4.26e-08	2.48e-04	3.63e-02	9.63e-01
 4.40909e+22	4.76e-26	1.03e-19	6.21e-15	3.17e-11	4.62e-08	2.63e-04	3.75e-02	9.62e-01
 4.42255e+22	5.71e-26	1.20e-19	7.03e-15	3.48e-11	4.92e-08	2.76e-04	3.84e-02	9.61e-01
 4.43380e+22	6.88e-26	1.41e-19	7.97e-15	3.83e-11	5.24e-08	2.89e-04	3.93e-02	9.60e-01
 4.44489e+22	8.25e-26	1.64e-19	9.01e-15	4.20e-11	5.58e-08	3.02e-04	4.02e-02	9.59e-01
 4.45760e+22	1.04e-25	1.98e-19	1.05e-14	4.73e-11	6.04e-08	3.20e-04	4.14e-02	9.58e-01
 4.47059e+22	1.27e-25	2.36e-19	1.21e-14	5.26e-11	6.49e-08	3.37e-04	4.25e-02	9.57e-01
 4.48181e+22	1.53e-25	2.75e-19	1.37e-14	5.78e-11	6.92e-08	3.53e-04	4.35e-02	9.56e-01
 4.49424e+22	1.95e-25	3.36e-19	1.61e-14	6.55e-11	7.53e-08	3.75e-04	4.48e-02	9.55e-01
 4.50630e+22	2.32e-25	3.90e-19	1.82e-14	7.18e-11	8.01e-08	3.92e-04	4.58e-02	9.54e-01
 4.51789e+22	2.99e-25	4.82e-19	2.16e-14	8.18e-11	8.74e-08	4.16e-04	4.72e-02	9.52e-01
 4.52920e+22	3.55e-25	5.57e-19	2.43e-14	8.95e-11	9.29e-08	4.34e-04	4.82e-02	9.51e-01
 4.54014e+22	4.44e-25	6.73e-19	2.84e-14	1.01e-10	1.01e-07	4.59e-04	4.96e-02	9.50e-01
 4.55156e+22	5.46e-25	8.01e-19	3.27e-14	1.12e-10	1.08e-07	4.83e-04	5.08e-02	9.49e-01
 4.56186e+22	6.65e-25	9.45e-19	3.74e-14	1.24e-10	1.16e-07	5.06e-04	5.20e-02	9.47e-01
 4.57348e+22	8.68e-25	1.18e-18	4.49e-14	1.43e-10	1.27e-07	5.40e-04	5.37e-02	9.46e-01
 4.58500e+22	1.05e-24	1.39e-18	5.13e-14	1.58e-10	1.37e-07	5.66e-04	5.50e-02	9.44e-01
 4.59638e+22	1.39e-24	1.76e-18	6.20e-14	1.83e-10	1.51e-07	6.04e-04	5.67e-02	9.43e-01
 4.60774e+22	1.69e-24	2.08e-18	7.10e-14	2.03e-10	1.62e-07	6.33e-04	5.81e-02	9.41e-01
 4.61906e+22	2.25e-24	2.64e-18	8.65e-14	2.36e-10	1.79e-07	6.78e-04	6.00e-02	9.39e-01
 4.63038e+22	2.76e-24	3.15e-18	9.98e-14	2.63e-10	1.93e-07	7.12e-04	6.15e-02	9.38e-01
 4.64170e+22	3.72e-24	4.05e-18	1.23e-13	3.08e-10	2.14e-07	7.63e-04	6.36e-02	9.36e-01
 4.65306e+22	4.62e-24	4.85e-18	1.42e-13	3.46e-10	2.32e-07	8.03e-04	6.51e-02	9.34e-01
 4.66447e+22	6.24e-24	6.26e-18	1.75e-13	4.06e-10	2.58e-07	8.62e-04	6.74e-02	9.32e-01
 4.67548e+22	7.71e-24	7.49e-18	2.03e-13	4.54e-10	2.79e-07	9.06e-04	6.90e-02	9.30e-01
 4.68598e+22	1.02e-23	9.53e-18	2.48e-13	5.28e-10	3.09e-07	9.68e-04	7.12e-02	9.28e-01
 4.69667e+22	1.29e-23	1.16e-17	2.90e-13	5.97e-10	3.36e-07	1.02e-03	7.31e-02	9.26e-01
 4.70760e+22	1.74e-23	1.49e-17	3.58e-13	7.02e-10	3.75e-07	1.10e-03	7.56e-02	9.23e-01
 4.71872e+22	2.22e-23	1.84e-17	4.24e-13	7.99e-10	4.10e-07	1.16e-03	7.76e-02	9.21e-01
 4.73007e+22	3.05e-23	2.41e-17	5.31e-13	9.50e-10	4.61e-07	1.25e-03	8.04e-02	9.18e-01
 4.74150e+22	3.92e-23	2.98e-17	6.32e-13	1.09e-09	5.05e-07	1.32e-03	8.26e-02	9.16e-01
 4.75303e+22	5.45e-23	3.94e-17	7.96e-13	1.30e-09	5.70e-07	1.43e-03	8.57e-02	9.13e-01
 4.76430e+22	6.89e-23	4.81e-17	9.39e-13	1.47e-09	6.22e-07	1.51e-03	8.79e-02	9.11e-01
 4.77522e+22	9.43e-23	6.28e-17	1.17e-12	1.75e-09	6.98e-07	1.62e-03	9.10e-02	9.07e-01
 4.78634e+22	1.20e-22	7.72e-17	1.39e-12	1.99e-09	7.64e-07	1.72e-03	9.35e-02	9.05e-01
 4.79772e+22	1.66e-22	1.02e-16	1.74e-12	2.37e-09	8.61e-07	1.85e-03	9.68e-02	9.01e-01
 4.80908e+22	2.10e-22	1.24e-16	2.06e-12	2.70e-09	9.41e-07	1.96e-03	9.94e-02	8.99e-01
 4.82041e+22	2.90e-22	1.63e-16	2.58e-12	3.22e-09	1.06e-06	2.11e-03	1.03e-01	8.95e-01
 4.83192e+22	3.67e-22	2.00e-16	3.05e-12	3.66e-09	1.16e-06	2.24e-03	1.06e-01	8.92e-01
 4.84365e+22	5.04e-22	2.62e-16	3.82e-12	4.36e-09	1.31e-06	2.41e-03	1.09e-01	8.88e-01
 4.85567e+22	6.42e-22	3.22e-16	4.54e-12	4.98e-09	1.43e-06	2.56e-03	1.12e-01	8.85e-01
 4.86808e+22	8.85e-22	4.24e-16	5.70e-12	5.95e-09	1.62e-06	2.76e-03	1.17e-01	8.81e-01
 4.88085e+22	1.14e-21	5.26e-16	6.82e-12	6.84e-09	1.79e-06	2.93e-03	1.20e-01	8.77e-01
 4.89213e+22	1.45e-21	6.46e-16	8.09e-12	7.82e-09	1.96e-06	3.11e-03	1.23e-01	8.74e-01
 4.90487e+22	1.98e-21	8.42e-16	1.01e-11	9.29e-09	2.21e-06	3.35e-03	1.27e-01	8.69e-01
 4.91778e+22	2.50e-21	1.03e-15	1.19e-11	1.06e-08	2.42e-06	3.55e-03	1.31e-01	8.66e-01
 4.93090e+22	3.40e-21	1.34e-15	1.49e-11	1.26e-08	2.73e-06	3.83e-03	1.35e-01	8.61e-01
 4.94404e+22	4.27e-21	1.63e-15	1.75e-11	1.43e-08	2.98e-06	4.05e-03	1.39e-01	8.57e-01
 4.95721e+22	5.72e-21	2.09e-15	2.16e-11	1.68e-08	3.34e-06	4.36e-03	1.44e-01	8.52e-01
 4.97067e+22	7.22e-21	2.55e-15	2.55e-11	1.92e-08	3.67e-06	4.62e-03	1.47e-01	8.48e-01
 4.98453e+22	9.72e-21	3.29e-15	3.15e-11	2.27e-08	4.12e-06	4.97e-03	1.52e-01	8.43e-01
 4.99866e+22	1.23e-20	4.02e-15	3.73e-11	2.59e-08	4.53e-06	5.27e-03	1.57e-01	8.38e-01
 5.01313e+22	1.66e-20	5.22e-15	4.64e-11	3.08e-08	5.11e-06	5.69e-03	1.62e-01	8.32e-01
 5.02697e+22	2.02e-20	6.18e-15	5.34e-11	3.44e-08	5.53e-06	5.98e-03	1.66e-01	8.28e-01
 5.04002e+22	2.63e-20	7.75e-15	6.46e-11	4.00e-08	6.15e-06	6.39e-03	1.71e-01	8.23e-01
 5.05340e+22	3.24e-20	9.25e-15	7.50e-11	4.50e-08	6.68e-06	6.74e-03	1.75e-01	8.19e-01
 5.06720e+22	4.26e-20	1.17e-14	9.14e-11	5.27e-08	7.47e-06	7.22e-03	1.80e-01	8.13e-01
 5.08115e+22	5.20e-20	1.39e-14	1.06e-10	5.91e-08	8.10e-06	7.60e-03	1.84e-01	8.08e-01
 5.09526e+22	6.82e-20	1.76e-14	1.29e-10	6.91e-08	9.05e-06	8.15e-03	1.90e-01	8.02e-01
 5.10960e+22	8.34e-20	2.09e-14	1.49e-10	7.76e-08	9.83e-06	8.58e-03	1.94e-01	7.97e-01
 5.12424e+22	1.10e-19	2.64e-14	1.81e-10	9.08e-08	1.10e-05	9.21e-03	2.00e-01	7.90e-01
 5.13853e+22	1.32e-19	3.09e-14	2.07e-10	1.01e-07	1.19e-05	9.66e-03	2.05e-01	7.86e-01
 5.15238e+22	1.69e-19	3.84e-14	2.49e-10	1.17e-07	1.31e-05	1.03e-02	2.10e-01	7.79e-01
 5.16649e+22	2.04e-19	4.51e-14	2.85e-10	1.30e-07	1.42e-05	1.08e-02	2.15e-01	7.74e-01
 5.18096e+22	2.63e-19	5.61e-14	3.42e-10	1.51e-07	1.58e-05	1.15e-02	2.21e-01	7.68e-01
 5.19570e+22	3.18e-19	6.61e-14	3.93e-10	1.69e-07	1.71e-05	1.21e-02	2.26e-01	7.62e-01
 5.21078e+22	4.10e-19	8.24e-14	4.74e-10	1.96e-07	1.90e-05	1.30e-02	2.32e-01	7.55e-01
 5.22615e+22	4.98e-19	9.73e-14	5.45e-10	2.19e-07	2.06e-05	1.36e-02	2.37e-01	7.49e-01
 5.24188e+22	6.44e-19	1.21e-13	6.58e-10	2.54e-07	2.29e-05	1.46e-02	2.44e-01	7.42e-01
 5.25794e+22	7.84e-19	1.44e-13	7.59e-10	2.85e-07	2.49e-05	1.54e-02	2.49e-01	7.36e-01
 5.27444e+22	1.01e-18	1.79e-13	9.14e-10	3.31e-07	2.77e-05	1.64e-02	2.56e-01	7.28e-01
 5.29145e+22	1.25e-18	2.15e-13	1.07e-09	3.75e-07	3.03e-05	1.73e-02	2.62e-01	7.21e-01
 5.30912e+22	1.63e-18	2.70e-13	1.29e-09	4.37e-07	3.38e-05	1.86e-02	2.69e-01	7.12e-01
 5.32626e+22	1.95e-18	3.16e-13	1.48e-09	4.87e-07	3.66e-05	1.95e-02	2.75e-01	7.06e-01
 5.34272e+22	2.51e-18	3.92e-13	1.77e-09	5.64e-07	4.06e-05	2.08e-02	2.82e-01	6.97e-01
 5.35952e+22	3.03e-18	4.62e-13	2.03e-09	6.30e-07	4.40e-05	2.18e-02	2.88e-01	6.91e-01
 5.37677e+22	3.83e-18	5.66e-13	2.41e-09	7.23e-07	4.86e-05	2.32e-02	2.95e-01	6.82e-01
 5.39501e+22	4.77e-18	6.83e-13	2.83e-09	8.22e-07	5.33e-05	2.46e-02	3.01e-01	6.74e-01
 5.41179e+22	5.84e-18	8.14e-13	3.28e-09	9.26e-07	5.81e-05	2.59e-02	3.07e-01	6.67e-01
 5.43085e+22	7.56e-18	1.02e-12	3.96e-09	1.08e-06	6.47e-05	2.77e-02	3.15e-01	6.57e-01
 5.45089e+22	9.52e-18	1.24e-12	4.69e-09	1.23e-06	7.13e-05	2.94e-02	3.23e-01	6.48e-01
 5.47223e+22	1.25e-17	1.56e-12	5.70e-09	1.44e-06	7.99e-05	3.15e-02	3.31e-01	6.37e-01
 5.49324e+22	1.55e-17	1.88e-12	6.67e-09	1.64e-06	8.75e-05	3.33e-02	3.38e-01	6.29e-01
 5.51078e+22	1.89e-17	2.24e-12	7.72e-09	1.84e-06	9.52e-05	3.50e-02	3.45e-01	6.20e-01
 5.53053e+22	2.46e-17	2.81e-12	9.34e-09	2.15e-06	1.06e-04	3.74e-02	3.53e-01	6.09e-01
 5.55072e+22	3.02e-17	3.36e-12	1.09e-08	2.42e-06	1.16e-04	3.95e-02	3.60e-01	6.01e-01
 5.57148e+22	3.95e-17	4.23e-12	1.32e-08	2.84e-06	1.30e-04	4.22e-02	3.68e-01	5.89e-01
 5.59253e+22	4.89e-17	5.08e-12	1.54e-08	3.21e-06	1.42e-04	4.46e-02	3.75e-01	5.80e-01
 5.61397e+22	6.46e-17	6.46e-12	1.89e-08	3.79e-06	1.60e-04	4.78e-02	3.85e-01	5.67e-01
 5.63559e+22	7.99e-17	7.77e-12	2.21e-08	4.29e-06	1.75e-04	5.04e-02	3.92e-01	5.58e-01
 5.65747e+22	1.07e-16	9.96e-12	2.73e-08	5.09e-06	1.98e-04	5.42e-02	4.01e-01	5.45e-01
 5.67945e+22	1.32e-16	1.19e-11	3.18e-08	5.76e-06	2.16e-04	5.71e-02	4.08e-01	5.35e-01
 5.70159e+22	1.76e-16	1.53e-11	3.94e-08	6.85e-06	2.44e-04	6.15e-02	4.17e-01	5.21e-01
 5.72398e+22	2.19e-16	1.85e-11	4.62e-08	7.80e-06	2.68e-04	6.49e-02	4.24e-01	5.10e-01
 5.74668e+22	2.93e-16	2.39e-11	5.74e-08	9.29e-06	3.04e-04	6.98e-02	4.34e-01	4.96e-01
 5.76974e+22	3.66e-16	2.90e-11	6.77e-08	1.06e-05	3.34e-04	7.38e-02	4.41e-01	4.85e-01
 5.78955e+22	4.55e-16	3.50e-11	7.95e-08	1.21e-05	3.67e-04	7.79e-02	4.48e-01	4.74e-01
 5.80826e+22	5.56e-16	4.16e-11	9.22e-08	1.37e-05	4.00e-04	8.18e-02	4.54e-01	4.64e-01
 5.82925e+22	7.27e-16	5.26e-11	1.13e-07	1.61e-05	4.51e-04	8.76e-02	4.62e-01	4.50e-01
 5.85023e+22	8.86e-16	6.24e-11	1.31e-07	1.82e-05	4.91e-04	9.19e-02	4.68e-01	4.39e-01
 5.87121e+22	1.15e-15	7.87e-11	1.60e-07	2.15e-05	5.53e-04	9.83e-02	4.76e-01	4.25e-01
 5.89253e+22	1.41e-15	9.38e-11	1.86e-07	2.43e-05	6.05e-04	1.03e-01	4.82e-01	4.14e-01
 5.91428e+22	1.85e-15	1.19e-10	2.28e-07	2.87e-05	6.82e-04	1.10e-01	4.89e-01	4.00e-01
 5.93651e+22	2.29e-15	1.43e-10	2.68e-07	3.29e-05	7.52e-04	1.17e-01	4.95e-01	3.88e-01
 5.95935e+22	3.01e-15	1.82e-10	3.30e-07	3.92e-05	8.53e-04	1.25e-01	5.02e-01	3.73e-01
 5.98273e+22	3.74e-15	2.21e-10	3.91e-07	4.52e-05	9.45e-04	1.32e-01	5.07e-01	3.60e-01
 6.00678e+22	4.96e-15	2.83e-10	4.86e-07	5.43e-05	1.08e-03	1.42e-01	5.13e-01	3.44e-01
 6.03109e+22	6.15e-15	3.42e-10	5.76e-07	6.27e-05	1.20e-03	1.50e-01	5.18e-01	3.31e-01
 6.05525e+22	8.04e-15	4.35e-10	7.12e-07	7.51e-05	1.36e-03	1.61e-01	5.23e-01	3.15e-01
 6.07962e+22	9.94e-15	5.25e-10	8.42e-07	8.68e-05	1.52e-03	1.70e-01	5.26e-01	3.03e-01
 6.10338e+22	1.27e-14	6.53e-10	1.02e-06	1.03e-04	1.71e-03	1.81e-01	5.29e-01	2.88e-01
 6.12683e+22	1.54e-14	7.78e-10	1.20e-06	1.18e-04	1.90e-03	1.91e-01	5.32e-01	2.76e-01
 6.14748e+22	1.85e-14	9.16e-10	1.39e-06	1.34e-04	2.08e-03	2.00e-01	5.33e-01	2.65e-01
 6.16980e+22	2.29e-14	1.11e-09	1.66e-06	1.57e-04	2.34e-03	2.12e-01	5.35e-01	2.51e-01
 6.19184e+22	2.71e-14	1.29e-09	1.91e-06	1.77e-04	2.56e-03	2.21e-01	5.35e-01	2.41e-01
 6.21413e+22	3.33e-14	1.56e-09	2.27e-06	2.07e-04	2.86e-03	2.34e-01	5.35e-01	2.28e-01
 6.23638e+22	3.89e-14	1.80e-09	2.59e-06	2.32e-04	3.12e-03	2.44e-01	5.34e-01	2.18e-01
 6.25871e+22	4.74e-14	2.16e-09	3.06e-06	2.70e-04	3.49e-03	2.58e-01	5.33e-01	2.06e-01
 6.28105e+22	5.49e-14	2.47e-09	3.47e-06	3.02e-04	3.79e-03	2.68e-01	5.31e-01	1.97e-01
 6.30342e+22	6.60e-14	2.93e-09	4.08e-06	3.49e-04	4.23e-03	2.82e-01	5.28e-01	1.85e-01
 6.32589e+22	7.60e-14	3.34e-09	4.60e-06	3.89e-04	4.58e-03	2.93e-01	5.26e-01	1.77e-01
 6.34847e+22	9.06e-14	3.94e-09	5.38e-06	4.48e-04	5.09e-03	3.07e-01	5.22e-01	1.66e-01
 6.37122e+22	1.04e-13	4.46e-09	6.05e-06	4.98e-04	5.51e-03	3.18e-01	5.18e-01	1.58e-01
 6.39417e+22	1.23e-13	5.23e-09	7.03e-06	5.71e-04	6.11e-03	3.33e-01	5.13e-01	1.48e-01
 6.41741e+22	1.40e-13	5.91e-09	7.90e-06	6.34e-04	6.61e-03	3.44e-01	5.08e-01	1.40e-01
 6.44105e+22	1.65e-13	6.90e-09	9.16e-06	7.26e-04	7.32e-03	3.60e-01	5.01e-01	1.31e-01
 6.46504e+22	1.88e-13	7.79e-09	1.03e-05	8.05e-04	7.92e-03	3.72e-01	4.96e-01	1.24e-01
 6.48949e+22	2.20e-13	9.07e-09	1.19e-05	9.22e-04	8.77e-03	3.88e-01	4.88e-01	1.15e-01
 6.51445e+22	2.51e-13	1.03e-08	1.34e-05	1.02e-03	9.47e-03	4.00e-01	4.81e-01	1.09e-01
 6.54007e+22	2.94e-13	1.19e-08	1.55e-05	1.17e-03	1.05e-02	4.16e-01	4.72e-01	1.00e-01
 6.56595e+22	3.34e-13	1.35e-08	1.74e-05	1.30e-03	1.13e-02	4.29e-01	4.64e-01	9.45e-02
 6.58794e+22	3.75e-13	1.50e-08	1.93e-05	1.42e-03	1.22e-02	4.40e-01	4.57e-01	8.91e-02
 6.61229e+22	4.33e-13	1.72e-08	2.21e-05	1.60e-03	1.33e-02	4.55e-01	4.47e-01	8.26e-02
 6.63567e+22	4.79e-13	1.90e-08	2.42e-05	1.74e-03	1.41e-02	4.66e-01	4.40e-01	7.83e-02
 6.65780e+22	5.44e-13	2.15e-08	2.72e-05	1.94e-03	1.53e-02	4.79e-01	4.31e-01	7.29e-02
 6.68022e+22	6.02e-13	2.36e-08	2.99e-05	2.10e-03	1.63e-02	4.89e-01	4.23e-01	6.90e-02
 6.70301e+22	6.81e-13	2.66e-08	3.36e-05	2.33e-03	1.76e-02	5.03e-01	4.13e-01	6.40e-02
 6.72594e+22	7.55e-13	2.94e-08	3.69e-05	2.53e-03	1.87e-02	5.13e-01	4.05e-01	6.04e-02
 6.74905e+22	8.53e-13	3.31e-08	4.15e-05	2.80e-03	2.02e-02	5.26e-01	3.95e-01	5.59e-02
 6.77244e+22	9.48e-13	3.65e-08	4.55e-05	3.03e-03	2.14e-02	5.36e-01	3.87e-01	5.27e-02
 6.79620e+22	1.07e-12	4.12e-08	5.12e-05	3.36e-03	2.31e-02	5.49e-01	3.76e-01	4.87e-02
 6.82032e+22	1.19e-12	4.56e-08	5.63e-05	3.64e-03	2.45e-02	5.58e-01	3.68e-01	4.57e-02
 6.84490e+22	1.35e-12	5.15e-08	6.35e-05	4.04e-03	2.65e-02	5.71e-01	3.56e-01	4.20e-02
 6.86991e+22	1.51e-12	5.71e-08	6.99e-05	4.38e-03	2.81e-02	5.81e-01	3.48e-01	3.93e-02
 6.89548e+22	1.71e-12	6.46e-08	7.91e-05	4.86e-03	3.04e-02	5.93e-01	3.36e-01	3.60e-02
 6.92160e+22	1.92e-12	7.21e-08	8.75e-05	5.27e-03	3.22e-02	6.02e-01	3.27e-01	3.36e-02
 6.94844e+22	2.19e-12	8.18e-08	9.93e-05	5.86e-03	3.49e-02	6.14e-01	3.14e-01	3.05e-02
 6.97543e+22	2.45e-12	9.12e-08	1.10e-04	6.35e-03	3.69e-02	6.23e-01	3.05e-01	2.84e-02
 7.00262e+22	2.80e-12	1.04e-07	1.25e-04	7.05e-03	3.99e-02	6.34e-01	2.93e-01	2.57e-02
 7.03018e+22	3.16e-12	1.16e-07	1.38e-04	7.64e-03	4.22e-02	6.42e-01	2.84e-01	2.39e-02
 7.05820e+22	3.61e-12	1.32e-07	1.57e-04	8.48e-03	4.55e-02	6.52e-01	2.72e-01	2.16e-02
 7.08545e+22	4.06e-12	1.47e-07	1.73e-04	9.12e-03	4.79e-02	6.59e-01	2.64e-01	2.01e-02
 7.11172e+22	4.59e-12	1.66e-07	1.96e-04	1.00e-02	5.14e-02	6.67e-01	2.53e-01	1.82e-02
 7.13663e+22	5.06e-12	1.82e-07	2.13e-04	1.07e-02	5.37e-02	6.72e-01	2.46e-01	1.71e-02
 7.15980e+22	5.70e-12	2.04e-07	2.37e-04	1.16e-02	5.68e-02	6.79e-01	2.37e-01	1.57e-02
 7.18409e+22	6.34e-12	2.26e-07	2.60e-04	1.24e-02	5.96e-02	6.84e-01	2.29e-01	1.46e-02
 7.20629e+22	6.99e-12	2.48e-07	2.84e-04	1.33e-02	6.26e-02	6.88e-01	2.22e-01	1.36e-02
 7.23161e+22	7.97e-12	2.80e-07	3.19e-04	1.45e-02	6.64e-02	6.94e-01	2.13e-01	1.24e-02
 7.25738e+22	8.87e-12	3.10e-07	3.51e-04	1.55e-02	6.97e-02	6.98e-01	2.05e-01	1.15e-02
 7.28374e+22	1.02e-11	3.53e-07	3.96e-04	1.69e-02	7.39e-02	7.03e-01	1.96e-01	1.04e-02
 7.31060e+22	1.14e-11	3.92e-07	4.37e-04	1.82e-02	7.76e-02	7.06e-01	1.88e-01	9.58e-03
 7.33811e+22	1.32e-11	4.49e-07	4.95e-04	1.99e-02	8.24e-02	7.09e-01	1.79e-01	8.64e-03
 7.36621e+22	1.49e-11	5.02e-07	5.49e-04	2.14e-02	8.65e-02	7.12e-01	1.72e-01	7.92e-03
 7.39123e+22	1.67e-11	5.61e-07	6.07e-04	2.30e-02	9.06e-02	7.13e-01	1.65e-01	7.28e-03
 7.41991e+22	1.95e-11	6.47e-07	6.91e-04	2.51e-02	9.61e-02	7.15e-01	1.56e-01	6.53e-03
 7.44902e+22	2.22e-11	7.26e-07	7.68e-04	2.71e-02	1.01e-01	7.16e-01	1.50e-01	5.96e-03
 7.47479e+22	2.51e-11	8.15e-07	8.53e-04	2.90e-02	1.05e-01	7.16e-01	1.43e-01	5.45e-03
 7.50440e+22	2.96e-11	9.46e-07	9.74e-04	3.18e-02	1.12e-01	7.16e-01	1.35e-01	4.87e-03
 7.53452e+22	3.38e-11	1.07e-06	1.09e-03	3.42e-02	1.17e-01	7.15e-01	1.29e-01	4.42e-03
 7.56532e+22	4.02e-11	1.25e-06	1.25e-03	3.75e-02	1.24e-01	7.13e-01	1.21e-01	3.92e-03
 7.59655e+22	4.63e-11	1.42e-06	1.40e-03	4.04e-02	1.30e-01	7.10e-01	1.15e-01	3.55e-03
 7.62834e+22	5.54e-11	1.66e-06	1.60e-03	4.42e-02	1.37e-01	7.07e-01	1.08e-01	3.13e-03
 7.66094e+22	6.41e-11	1.90e-06	1.81e-03	4.78e-02	1.44e-01	7.03e-01	1.01e-01	2.80e-03
 7.68954e+22	7.45e-11	2.17e-06	2.02e-03	5.14e-02	1.50e-01	6.98e-01	9.61e-02	2.54e-03
 7.72164e+22	8.96e-11	2.55e-06	2.32e-03	5.62e-02	1.57e-01	6.92e-01	8.98e-02	2.23e-03
 7.75558e+22	1.06e-10	2.96e-06	2.64e-03	6.09e-02	1.65e-01	6.86e-01	8.41e-02	1.98e-03
 7.78659e+22	1.24e-10	3.40e-06	2.97e-03	6.56e-02	1.72e-01	6.79e-01	7.91e-02	1.77e-03
 7.81425e+22	1.42e-10	3.83e-06	3.29e-03	6.99e-02	1.78e-01	6.72e-01	7.49e-02	1.60e-03
 7.83871e+22	1.61e-10	4.26e-06	3.60e-03	7.39e-02	1.83e-01	6.66e-01	7.14e-02	1.47e-03
 7.86639e+22	1.88e-10	4.89e-06	4.05e-03	7.94e-02	1.91e-01	6.58e-01	6.69e-02	1.31e-03
 7.89558e+22	2.19e-10	5.56e-06	4.50e-03	8.47e-02	1.97e-01	6.50e-01	6.32e-02	1.18e-03
 7.92675e+22	2.64e-10	6.54e-06	5.15e-03	9.20e-02	2.05e-01	6.38e-01	5.84e-02	1.03e-03
 7.95796e+22	3.06e-10	7.42e-06	5.72e-03	9.79e-02	2.12e-01	6.29e-01	5.49e-02	9.22e-04
 7.98923e+22	3.69e-10	8.71e-06	6.52e-03	1.06e-01	2.20e-01	6.16e-01	5.07e-02	8.04e-04
 8.02085e+22	4.31e-10	9.93e-06	7.25e-03	1.13e-01	2.27e-01	6.05e-01	4.75e-02	7.18e-04
 8.04871e+22	5.00e-10	1.13e-05	8.02e-03	1.20e-01	2.33e-01	5.94e-01	4.45e-02	6.43e-04
 8.08068e+22	6.06e-10	1.33e-05	9.15e-03	1.29e-01	2.41e-01	5.79e-01	4.08e-02	5.55e-04
 8.11318e+22	7.10e-10	1.51e-05	1.02e-02	1.37e-01	2.48e-01	5.66e-01	3.80e-02	4.93e-04
 8.14637e+22	8.69e-10	1.79e-05	1.16e-02	1.48e-01	2.56e-01	5.49e-01	3.47e-02	4.22e-04
 8.18003e+22	1.03e-09	2.06e-05	1.29e-02	1.57e-01	2.62e-01	5.35e-01	3.21e-02	3.71e-04
 8.21430e+22	1.26e-09	2.44e-05	1.48e-02	1.69e-01	2.70e-01	5.17e-01	2.91e-02	3.16e-04
 8.24952e+22	1.51e-09	2.82e-05	1.66e-02	1.80e-01	2.76e-01	5.00e-01	2.66e-02	2.74e-04
 8.28072e+22	1.78e-09	3.24e-05	1.84e-02	1.91e-01	2.81e-01	4.85e-01	2.45e-02	2.39e-04
 8.31601e+22	2.20e-09	3.85e-05	2.10e-02	2.05e-01	2.88e-01	4.65e-01	2.20e-02	2.01e-04
 8.35228e+22	2.64e-09	4.47e-05	2.35e-02	2.17e-01	2.93e-01	4.46e-01	1.99e-02	1.72e-04
 8.38433e+22	3.14e-09	5.14e-05	2.61e-02	2.29e-01	2.97e-01	4.30e-01	1.82e-02	1.49e-04
 8.42051e+22	3.90e-09	6.12e-05	2.97e-02	2.45e-01	3.01e-01	4.08e-01	1.61e-02	1.24e-04
 8.45776e+22	4.71e-09	7.12e-05	3.32e-02	2.58e-01	3.05e-01	3.89e-01	1.45e-02	1.05e-04
 8.49080e+22	5.63e-09	8.19e-05	3.67e-02	2.71e-01	3.07e-01	3.72e-01	1.31e-02	8.95e-05
 8.52814e+22	7.06e-09	9.80e-05	4.18e-02	2.88e-01	3.09e-01	3.49e-01	1.14e-02	7.29e-05
 8.56638e+22	8.54e-09	1.14e-04	4.64e-02	3.03e-01	3.10e-01	3.30e-01	1.02e-02	6.12e-05
 8.60577e+22	1.08e-08	1.37e-04	5.28e-02	3.21e-01	3.10e-01	3.07e-01	8.77e-03	4.89e-05
 8.64569e+22	1.32e-08	1.59e-04	5.87e-02	3.36e-01	3.10e-01	2.88e-01	7.72e-03	4.05e-05
 8.68629e+22	1.68e-08	1.92e-04	6.65e-02	3.54e-01	3.07e-01	2.66e-01	6.60e-03	3.21e-05
 8.72794e+22	2.07e-08	2.25e-04	7.40e-02	3.69e-01	3.05e-01	2.47e-01	5.72e-03	2.60e-05
 8.76479e+22	2.52e-08	2.61e-04	8.16e-02	3.83e-01	3.01e-01	2.29e-01	4.98e-03	2.13e-05
 8.80654e+22	3.23e-08	3.14e-04	9.20e-02	4.00e-01	2.95e-01	2.08e-01	4.17e-03	1.65e-05
 8.84957e+22	3.99e-08	3.67e-04	1.02e-01	4.14e-01	2.89e-01	1.91e-01	3.57e-03	1.31e-05
 8.88794e+22	4.88e-08	4.26e-04	1.12e-01	4.27e-01	2.83e-01	1.75e-01	3.06e-03	1.05e-05
 8.93148e+22	6.31e-08	5.14e-04	1.25e-01	4.42e-01	2.74e-01	1.56e-01	2.51e-03	7.95e-06
 8.97546e+22	7.77e-08	5.98e-04	1.37e-01	4.53e-01	2.65e-01	1.42e-01	2.12e-03	6.28e-06
 9.01402e+22	9.51e-08	6.91e-04	1.49e-01	4.63e-01	2.57e-01	1.29e-01	1.79e-03	4.96e-06
 9.04969e+22	1.13e-07	7.82e-04	1.60e-01	4.70e-01	2.49e-01	1.18e-01	1.55e-03	4.05e-06
 9.08761e+22	1.40e-07	9.12e-04	1.75e-01	4.79e-01	2.39e-01	1.06e-01	1.29e-03	3.13e-06
 9.12616e+22	1.69e-07	1.04e-03	1.88e-01	4.85e-01	2.30e-01	9.59e-02	1.09e-03	2.50e-06
 9.15987e+22	2.00e-07	1.17e-03	2.00e-01	4.89e-01	2.21e-01	8.74e-02	9.39e-04	2.02e-06
 9.19802e+22	2.47e-07	1.36e-03	2.17e-01	4.94e-01	2.10e-01	7.74e-02	7.72e-04	1.54e-06
 9.23716e+22	2.98e-07	1.54e-03	2.32e-01	4.96e-01	2.00e-01	6.96e-02	6.49e-04	1.22e-06
 9.25588e+22	3.03e-07	1.56e-03	2.33e-01	4.97e-01	1.99e-01	6.91e-02	6.41e-04	1.20e-06
