#depth	O	O+	O+2	O+3	O+4	O+5	O+6	O+7	O+8	O[1]	O[2]	O[3]
 4.62852e+21	0.00e+00	0.00e+00	6.20e-30	6.29e-24	1.53e-18	1.58e-13	4.87e-08	4.72e-04	1.00e+00	0.00e+00	0.00e+00	0.00e+00
 1.05282e+22	0.00e+00	0.00e+00	5.25e-29	3.74e-23	6.47e-18	4.69e-13	1.00e-07	6.76e-04	9.99e-01	0.00e+00	0.00e+00	0.00e+00
 1.26503e+22	0.00e+00	0.00e+00	2.18e-28	1.23e-22	1.68e-17	9.67e-13	1.61e-07	8.57e-04	9.99e-01	0.00e+00	0.00e+00	0.00e+00
 1.41819e+22	0.00e+00	0.00e+00	6.77e-28	3.17e-22	3.61e-17	1.72e-12	2.36e-07	1.04e-03	9.99e-01	0.00e+00	0.00e+00	0.00e+00
 1.50328e+22	0.00e+00	0.00e+00	9.00e-28	4.02e-22	4.37e-17	1.99e-12	2.60e-07	1.09e-03	9.99e-01	0.00e+00	0.00e+00	0.00e+00
 1.54242e+22	0.00e+00	1.87e-34	1.29e-27	5.42e-22	5.56e-17	2.39e-12	2.93e-07	1.15e-03	9.99e-01	0.00e+00	0.00e+00	0.00e+00
 1.58562e+22	0.00e+00	2.82e-34	1.82e-27	7.27e-22	7.04e-17	2.85e-12	3.30e-07	1.22e-03	9.99e-01	0.00e+00	0.00e+00	0.00e+00
 1.62306e+22	0.00e+00	3.92e-34	2.42e-27	9.21e-22	8.51e-17	3.30e-12	3.62e-07	1.28e-03	9.99e-01	0.00e+00	0.00e+00	0.00e+00
 1.65573e+22	0.00e+00	5.37e-34	3.18e-27	1.16e-21	1.02e-16	3.79e-12	3.97e-07	1.34e-03	9.99e-01	0.00e+00	0.00e+00	0.00e+00
 1.69318e+22	0.00e+00	7.84e-34	4.40e-27	1.52e-21	1.27e-16	4.48e-12	4.43e-07	1.41e-03	9.99e-01	0.00e+00	0.00e+00	0.00e+00
 1.73282e+22	0.00e+00	1.13e-33	6.01e-27	1.97e-21	1.57e-16	5.25e-12	4.92e-07	1.49e-03	9.99e-01	0.00e+00	0.00e+00	0.00e+00
 1.76772e+22	0.00e+00	1.57e-33	7.98e-27	2.50e-21	1.90e-16	6.06e-12	5.41e-07	1.56e-03	9.98e-01	0.00e+00	0.00e+00	0.00e+00
 1.80051e+22	0.00e+00	2.15e-33	1.05e-26	3.14e-21	2.29e-16	6.97e-12	5.94e-07	1.64e-03	9.98e-01	0.00e+00	0.00e+00	0.00e+00
 1.83812e+22	0.00e+00	3.14e-33	1.45e-26	4.12e-21	2.85e-16	8.24e-12	6.62e-07	1.73e-03	9.98e-01	0.00e+00	0.00e+00	0.00e+00
 1.87803e+22	0.00e+00	4.54e-33	1.99e-26	5.37e-21	3.53e-16	9.69e-12	7.37e-07	1.82e-03	9.98e-01	0.00e+00	0.00e+00	0.00e+00
 1.91300e+22	0.00e+00	6.30e-33	2.64e-26	6.81e-21	4.27e-16	1.12e-11	8.10e-07	1.91e-03	9.98e-01	0.00e+00	0.00e+00	0.00e+00
 1.95051e+22	0.00e+00	9.24e-33	3.67e-26	8.97e-21	5.33e-16	1.33e-11	9.06e-07	2.02e-03	9.98e-01	0.00e+00	0.00e+00	0.00e+00
 1.98679e+22	0.00e+00	1.27e-32	4.83e-26	1.13e-20	6.41e-16	1.53e-11	9.93e-07	2.11e-03	9.98e-01	0.00e+00	0.00e+00	0.00e+00
 2.01515e+22	0.00e+00	1.66e-32	6.07e-26	1.37e-20	7.48e-16	1.71e-11	1.07e-06	2.19e-03	9.98e-01	0.00e+00	0.00e+00	0.00e+00
 2.04570e+22	0.00e+00	2.25e-32	7.90e-26	1.70e-20	8.95e-16	1.96e-11	1.17e-06	2.29e-03	9.98e-01	0.00e+00	0.00e+00	0.00e+00
 2.07917e+22	0.00e+00	3.05e-32	1.03e-25	2.12e-20	1.07e-15	2.25e-11	1.28e-06	2.39e-03	9.98e-01	0.00e+00	0.00e+00	0.00e+00
 2.11024e+22	0.00e+00	4.08e-32	1.32e-25	2.61e-20	1.26e-15	2.55e-11	1.39e-06	2.50e-03	9.98e-01	0.00e+00	0.00e+00	0.00e+00
 2.13961e+22	0.00e+00	5.40e-32	1.67e-25	3.20e-20	1.49e-15	2.89e-11	1.51e-06	2.60e-03	9.97e-01	0.00e+00	0.00e+00	0.00e+00
 2.17295e+22	0.00e+00	7.53e-32	2.23e-25	4.08e-20	1.81e-15	3.35e-11	1.67e-06	2.73e-03	9.97e-01	0.00e+00	0.00e+00	0.00e+00
 2.20786e+22	0.00e+00	1.04e-31	2.94e-25	5.14e-20	2.18e-15	3.86e-11	1.83e-06	2.86e-03	9.97e-01	0.00e+00	0.00e+00	0.00e+00
 2.23833e+22	0.00e+00	1.38e-31	3.77e-25	6.32e-20	2.58e-15	4.38e-11	1.99e-06	2.98e-03	9.97e-01	0.00e+00	0.00e+00	0.00e+00
 2.26498e+22	0.00e+00	1.78e-31	4.67e-25	7.56e-20	2.98e-15	4.89e-11	2.14e-06	3.09e-03	9.97e-01	0.00e+00	0.00e+00	0.00e+00
 2.28949e+22	0.00e+00	2.23e-31	5.68e-25	8.92e-20	3.40e-15	5.42e-11	2.29e-06	3.19e-03	9.97e-01	0.00e+00	0.00e+00	0.00e+00
 2.31767e+22	0.00e+00	2.95e-31	7.21e-25	1.09e-19	4.00e-15	6.13e-11	2.48e-06	3.32e-03	9.97e-01	0.00e+00	0.00e+00	0.00e+00
 2.34814e+22	0.00e+00	3.90e-31	9.17e-25	1.33e-19	4.70e-15	6.93e-11	2.69e-06	3.45e-03	9.97e-01	0.00e+00	0.00e+00	0.00e+00
 2.37595e+22	0.00e+00	5.07e-31	1.15e-24	1.61e-19	5.48e-15	7.78e-11	2.90e-06	3.59e-03	9.96e-01	0.00e+00	0.00e+00	0.00e+00
 2.40229e+22	0.00e+00	6.53e-31	1.43e-24	1.93e-19	6.35e-15	8.70e-11	3.12e-06	3.72e-03	9.96e-01	0.00e+00	0.00e+00	0.00e+00
 2.42822e+22	0.00e+00	8.35e-31	1.77e-24	2.31e-19	7.33e-15	9.70e-11	3.35e-06	3.85e-03	9.96e-01	0.00e+00	0.00e+00	0.00e+00
 2.45782e+22	0.00e+00	1.12e-30	2.28e-24	2.85e-19	8.70e-15	1.11e-10	3.65e-06	4.02e-03	9.96e-01	0.00e+00	0.00e+00	0.00e+00
 2.48879e+22	0.00e+00	1.49e-30	2.91e-24	3.50e-19	1.03e-14	1.25e-10	3.97e-06	4.19e-03	9.96e-01	0.00e+00	0.00e+00	0.00e+00
 2.51566e+22	0.00e+00	1.92e-30	3.62e-24	4.20e-19	1.19e-14	1.40e-10	4.27e-06	4.34e-03	9.96e-01	0.00e+00	0.00e+00	0.00e+00
 2.53943e+22	0.00e+00	2.41e-30	4.39e-24	4.94e-19	1.35e-14	1.55e-10	4.56e-06	4.49e-03	9.96e-01	0.00e+00	0.00e+00	0.00e+00
 2.56503e+22	0.00e+00	3.10e-30	5.45e-24	5.93e-19	1.57e-14	1.73e-10	4.91e-06	4.65e-03	9.95e-01	0.00e+00	0.00e+00	0.00e+00
 2.59259e+22	0.00e+00	3.99e-30	6.78e-24	7.11e-19	1.82e-14	1.94e-10	5.28e-06	4.82e-03	9.95e-01	0.00e+00	0.00e+00	0.00e+00
 2.61759e+22	0.00e+00	5.03e-30	8.27e-24	8.41e-19	2.08e-14	2.15e-10	5.65e-06	4.99e-03	9.95e-01	0.00e+00	0.00e+00	0.00e+00
 2.64497e+22	0.00e+00	6.65e-30	1.05e-23	1.03e-18	2.45e-14	2.43e-10	6.13e-06	5.19e-03	9.95e-01	0.00e+00	0.00e+00	0.00e+00
 2.67344e+22	0.00e+00	8.65e-30	1.32e-23	1.24e-18	2.85e-14	2.73e-10	6.62e-06	5.39e-03	9.95e-01	0.00e+00	0.00e+00	0.00e+00
 2.69741e+22	0.00e+00	1.08e-29	1.60e-23	1.46e-18	3.24e-14	3.00e-10	7.06e-06	5.57e-03	9.94e-01	0.00e+00	0.00e+00	0.00e+00
 2.72268e+22	0.00e+00	1.39e-29	1.99e-23	1.75e-18	3.76e-14	3.37e-10	7.61e-06	5.78e-03	9.94e-01	0.00e+00	0.00e+00	0.00e+00
 2.74982e+22	0.00e+00	1.79e-29	2.46e-23	2.10e-18	4.35e-14	3.75e-10	8.18e-06	5.99e-03	9.94e-01	0.00e+00	0.00e+00	0.00e+00
 2.77458e+22	0.00e+00	2.25e-29	3.00e-23	2.47e-18	4.97e-14	4.16e-10	8.75e-06	6.19e-03	9.94e-01	0.00e+00	0.00e+00	0.00e+00
 2.80194e+22	0.00e+00	2.97e-29	3.81e-23	3.02e-18	5.85e-14	4.70e-10	9.49e-06	6.44e-03	9.94e-01	0.00e+00	0.00e+00	0.00e+00
 2.83051e+22	0.00e+00	3.87e-29	4.77e-23	3.65e-18	6.80e-14	5.27e-10	1.02e-05	6.69e-03	9.93e-01	0.00e+00	0.00e+00	0.00e+00
 2.85430e+22	0.00e+00	4.83e-29	5.78e-23	4.28e-18	7.73e-14	5.81e-10	1.09e-05	6.91e-03	9.93e-01	0.00e+00	0.00e+00	0.00e+00
 2.87561e+22	0.00e+00	5.89e-29	6.85e-23	4.94e-18	8.69e-14	6.35e-10	1.16e-05	7.11e-03	9.93e-01	0.00e+00	0.00e+00	0.00e+00
 2.90007e+22	0.00e+00	7.54e-29	8.47e-23	5.90e-18	1.00e-13	7.08e-10	1.24e-05	7.37e-03	9.93e-01	0.00e+00	0.00e+00	0.00e+00
 2.92660e+22	0.00e+00	9.65e-29	1.05e-22	7.04e-18	1.16e-13	7.88e-10	1.34e-05	7.63e-03	9.92e-01	0.00e+00	0.00e+00	0.00e+00
 2.95118e+22	0.00e+00	1.22e-28	1.28e-22	8.34e-18	1.32e-13	8.73e-10	1.43e-05	7.90e-03	9.92e-01	0.00e+00	0.00e+00	0.00e+00
 2.97850e+22	0.00e+00	1.61e-28	1.63e-22	1.02e-17	1.56e-13	9.89e-10	1.55e-05	8.22e-03	9.92e-01	0.00e+00	0.00e+00	0.00e+00
 3.00619e+22	0.00e+00	2.08e-28	2.03e-22	1.22e-17	1.80e-13	1.10e-09	1.67e-05	8.53e-03	9.91e-01	0.00e+00	0.00e+00	0.00e+00
 3.02886e+22	0.00e+00	2.58e-28	2.43e-22	1.43e-17	2.04e-13	1.21e-09	1.78e-05	8.80e-03	9.91e-01	0.00e+00	0.00e+00	0.00e+00
 3.05284e+22	0.00e+00	3.30e-28	3.01e-22	1.70e-17	2.35e-13	1.35e-09	1.91e-05	9.11e-03	9.91e-01	0.00e+00	0.00e+00	0.00e+00
 3.07882e+22	0.00e+00	4.22e-28	3.71e-22	2.03e-17	2.71e-13	1.50e-09	2.05e-05	9.44e-03	9.91e-01	0.00e+00	0.00e+00	0.00e+00
 3.10288e+22	2.08e-35	5.29e-28	4.51e-22	2.39e-17	3.09e-13	1.66e-09	2.19e-05	9.76e-03	9.90e-01	0.00e+00	0.00e+00	0.00e+00
 3.12966e+22	2.86e-35	6.99e-28	5.72e-22	2.91e-17	3.62e-13	1.87e-09	2.38e-05	1.02e-02	9.90e-01	0.00e+00	0.00e+00	0.00e+00
 3.15766e+22	3.89e-35	9.15e-28	7.20e-22	3.53e-17	4.22e-13	2.10e-09	2.57e-05	1.06e-02	9.89e-01	0.00e+00	0.00e+00	0.00e+00
 3.18099e+22	5.01e-35	1.14e-27	8.69e-22	4.13e-17	4.79e-13	2.30e-09	2.73e-05	1.09e-02	9.89e-01	0.00e+00	0.00e+00	0.00e+00
 3.20504e+22	6.67e-35	1.47e-27	1.08e-21	4.94e-17	5.53e-13	2.57e-09	2.94e-05	1.13e-02	9.89e-01	0.00e+00	0.00e+00	0.00e+00
 3.23092e+22	8.93e-35	1.89e-27	1.34e-21	5.91e-17	6.38e-13	2.86e-09	3.16e-05	1.17e-02	9.88e-01	0.00e+00	0.00e+00	0.00e+00
 3.25452e+22	1.15e-34	2.36e-27	1.62e-21	6.93e-17	7.25e-13	3.14e-09	3.37e-05	1.21e-02	9.88e-01	0.00e+00	0.00e+00	0.00e+00
 3.28052e+22	1.58e-34	3.12e-27	2.05e-21	8.44e-17	8.48e-13	3.53e-09	3.65e-05	1.26e-02	9.87e-01	0.00e+00	0.00e+00	0.00e+00
 3.30774e+22	2.14e-34	4.04e-27	2.56e-21	1.01e-16	9.83e-13	3.94e-09	3.94e-05	1.31e-02	9.87e-01	0.00e+00	0.00e+00	0.00e+00
 3.33082e+22	2.79e-34	5.10e-27	3.12e-21	1.20e-16	1.12e-12	4.34e-09	4.21e-05	1.35e-02	9.86e-01	0.00e+00	0.00e+00	0.00e+00
 3.35174e+22	3.55e-34	6.29e-27	3.73e-21	1.39e-16	1.26e-12	4.75e-09	4.47e-05	1.39e-02	9.86e-01	0.00e+00	0.00e+00	0.00e+00
 3.37556e+22	4.77e-34	8.13e-27	4.64e-21	1.66e-16	1.46e-12	5.28e-09	4.81e-05	1.45e-02	9.85e-01	0.00e+00	0.00e+00	0.00e+00
 3.40121e+22	6.38e-34	1.05e-26	5.76e-21	1.99e-16	1.68e-12	5.86e-09	5.17e-05	1.50e-02	9.85e-01	0.00e+00	0.00e+00	0.00e+00
 3.42483e+22	8.46e-34	1.34e-26	7.09e-21	2.36e-16	1.92e-12	6.48e-09	5.54e-05	1.55e-02	9.84e-01	0.00e+00	0.00e+00	0.00e+00
 3.44749e+22	1.12e-33	1.70e-26	8.70e-21	2.80e-16	2.20e-12	7.15e-09	5.93e-05	1.61e-02	9.84e-01	0.00e+00	0.00e+00	0.00e+00
 3.46924e+22	1.44e-33	2.12e-26	1.05e-20	3.27e-16	2.48e-12	7.82e-09	6.31e-05	1.66e-02	9.83e-01	0.00e+00	0.00e+00	0.00e+00
 3.49345e+22	1.99e-33	2.81e-26	1.33e-20	3.98e-16	2.90e-12	8.76e-09	6.83e-05	1.73e-02	9.83e-01	0.00e+00	0.00e+00	0.00e+00
 3.51815e+22	2.64e-33	3.59e-26	1.64e-20	4.72e-16	3.32e-12	9.67e-09	7.32e-05	1.79e-02	9.82e-01	0.00e+00	0.00e+00	0.00e+00
 3.53967e+22	3.46e-33	4.54e-26	2.00e-20	5.56e-16	3.77e-12	1.06e-08	7.81e-05	1.85e-02	9.81e-01	0.00e+00	0.00e+00	0.00e+00
 3.56380e+22	4.83e-33	6.06e-26	2.55e-20	6.80e-16	4.42e-12	1.19e-08	8.47e-05	1.93e-02	9.81e-01	0.00e+00	0.00e+00	0.00e+00
 3.58867e+22	6.48e-33	7.81e-26	3.17e-20	8.11e-16	5.07e-12	1.32e-08	9.09e-05	2.00e-02	9.80e-01	0.00e+00	0.00e+00	0.00e+00
 3.60982e+22	8.45e-33	9.83e-26	3.84e-20	9.51e-16	5.75e-12	1.44e-08	9.69e-05	2.06e-02	9.79e-01	0.00e+00	0.00e+00	0.00e+00
 3.62969e+22	1.08e-32	1.22e-25	4.62e-20	1.11e-15	6.46e-12	1.57e-08	1.03e-04	2.13e-02	9.79e-01	0.00e+00	0.00e+00	0.00e+00
 3.65254e+22	1.50e-32	1.62e-25	5.86e-20	1.34e-15	7.53e-12	1.75e-08	1.11e-04	2.21e-02	9.78e-01	0.00e+00	0.00e+00	0.00e+00
 3.67600e+22	2.01e-32	2.08e-25	7.23e-20	1.60e-15	8.62e-12	1.93e-08	1.19e-04	2.29e-02	9.77e-01	0.00e+00	0.00e+00	0.00e+00
 3.69658e+22	2.64e-32	2.63e-25	8.84e-20	1.88e-15	9.79e-12	2.11e-08	1.27e-04	2.37e-02	9.76e-01	0.00e+00	0.00e+00	0.00e+00
 3.71964e+22	3.73e-32	3.55e-25	1.14e-19	2.32e-15	1.15e-11	2.37e-08	1.38e-04	2.47e-02	9.75e-01	0.00e+00	0.00e+00	0.00e+00
 3.74251e+22	4.91e-32	4.49e-25	1.39e-19	2.73e-15	1.31e-11	2.59e-08	1.47e-04	2.56e-02	9.74e-01	0.00e+00	0.00e+00	0.00e+00
 3.76209e+22	6.43e-32	5.67e-25	1.69e-19	3.21e-15	1.48e-11	2.83e-08	1.57e-04	2.64e-02	9.73e-01	0.00e+00	0.00e+00	0.00e+00
 3.78449e+22	9.00e-32	7.58e-25	2.16e-19	3.92e-15	1.73e-11	3.17e-08	1.70e-04	2.75e-02	9.72e-01	0.00e+00	0.00e+00	0.00e+00
 3.80725e+22	1.21e-31	9.76e-25	2.67e-19	4.66e-15	1.98e-11	3.49e-08	1.82e-04	2.85e-02	9.71e-01	0.00e+00	0.00e+00	0.00e+00
 3.82696e+22	1.58e-31	1.23e-24	3.25e-19	5.48e-15	2.24e-11	3.81e-08	1.94e-04	2.94e-02	9.70e-01	0.00e+00	0.00e+00	0.00e+00
 3.84904e+22	2.23e-31	1.66e-24	4.17e-19	6.72e-15	2.63e-11	4.27e-08	2.10e-04	3.06e-02	9.69e-01	0.00e+00	0.00e+00	0.00e+00
 3.87171e+22	3.02e-31	2.15e-24	5.20e-19	8.04e-15	3.02e-11	4.71e-08	2.26e-04	3.18e-02	9.68e-01	0.00e+00	0.00e+00	0.00e+00
 3.89110e+22	3.95e-31	2.72e-24	6.32e-19	9.45e-15	3.42e-11	5.14e-08	2.40e-04	3.28e-02	9.67e-01	0.00e+00	0.00e+00	0.00e+00
 3.91226e+22	5.54e-31	3.64e-24	8.08e-19	1.16e-14	4.00e-11	5.75e-08	2.60e-04	3.41e-02	9.66e-01	0.00e+00	0.00e+00	0.00e+00
 3.93415e+22	7.38e-31	4.66e-24	9.96e-19	1.37e-14	4.57e-11	6.32e-08	2.78e-04	3.53e-02	9.64e-01	0.00e+00	0.00e+00	0.00e+00
 3.95365e+22	9.90e-31	6.00e-24	1.23e-18	1.63e-14	5.23e-11	6.95e-08	2.97e-04	3.65e-02	9.63e-01	0.00e+00	0.00e+00	0.00e+00
 3.97249e+22	1.30e-30	7.60e-24	1.50e-18	1.92e-14	5.94e-11	7.60e-08	3.17e-04	3.77e-02	9.62e-01	0.00e+00	0.00e+00	0.00e+00
 3.99383e+22	1.83e-30	1.02e-23	1.93e-18	2.36e-14	6.96e-11	8.51e-08	3.43e-04	3.92e-02	9.60e-01	0.00e+00	0.00e+00	0.00e+00
 4.01594e+22	2.50e-30	1.33e-23	2.42e-18	2.84e-14	8.03e-11	9.42e-08	3.68e-04	4.07e-02	9.59e-01	0.00e+00	0.00e+00	0.00e+00
 4.03548e+22	3.37e-30	1.72e-23	3.00e-18	3.39e-14	9.21e-11	1.04e-07	3.94e-04	4.21e-02	9.58e-01	0.00e+00	0.00e+00	0.00e+00
 4.05424e+22	4.47e-30	2.20e-23	3.69e-18	4.01e-14	1.05e-10	1.14e-07	4.21e-04	4.35e-02	9.56e-01	0.00e+00	0.00e+00	0.00e+00
 4.07557e+22	6.40e-30	3.00e-23	4.79e-18	4.97e-14	1.24e-10	1.28e-07	4.57e-04	4.53e-02	9.54e-01	0.00e+00	0.00e+00	0.00e+00
 4.09755e+22	8.72e-30	3.92e-23	6.00e-18	5.98e-14	1.43e-10	1.42e-07	4.90e-04	4.69e-02	9.53e-01	0.00e+00	0.00e+00	0.00e+00
 4.12039e+22	1.28e-29	5.48e-23	7.96e-18	7.54e-14	1.71e-10	1.61e-07	5.36e-04	4.90e-02	9.50e-01	0.00e+00	0.00e+00	0.00e+00
 4.14363e+22	1.81e-29	7.36e-23	1.02e-17	9.26e-14	2.01e-10	1.80e-07	5.79e-04	5.09e-02	9.48e-01	0.00e+00	0.00e+00	0.00e+00
 4.16377e+22	2.45e-29	9.56e-23	1.27e-17	1.11e-13	2.31e-10	2.00e-07	6.20e-04	5.27e-02	9.47e-01	0.00e+00	0.00e+00	0.00e+00
 4.18281e+22	3.31e-29	1.24e-22	1.59e-17	1.33e-13	2.66e-10	2.20e-07	6.64e-04	5.45e-02	9.45e-01	0.00e+00	0.00e+00	0.00e+00
 4.20099e+22	4.40e-29	1.59e-22	1.95e-17	1.58e-13	3.04e-10	2.42e-07	7.08e-04	5.62e-02	9.43e-01	0.00e+00	0.00e+00	0.00e+00
 4.22155e+22	6.45e-29	2.20e-22	2.58e-17	1.98e-13	3.63e-10	2.74e-07	7.71e-04	5.86e-02	9.41e-01	0.00e+00	0.00e+00	0.00e+00
 4.24213e+22	8.63e-29	2.84e-22	3.19e-17	2.36e-13	4.16e-10	3.02e-07	8.23e-04	6.06e-02	9.39e-01	0.00e+00	0.00e+00	0.00e+00
 4.25891e+22	1.14e-28	3.59e-22	3.90e-17	2.78e-13	4.72e-10	3.30e-07	8.75e-04	6.24e-02	9.37e-01	0.00e+00	0.00e+00	0.00e+00
 4.27427e+22	1.47e-28	4.49e-22	4.71e-17	3.25e-13	5.32e-10	3.60e-07	9.26e-04	6.42e-02	9.35e-01	0.00e+00	0.00e+00	0.00e+00
 4.28842e+22	1.86e-28	5.52e-22	5.60e-17	3.75e-13	5.94e-10	3.89e-07	9.76e-04	6.58e-02	9.33e-01	0.00e+00	0.00e+00	0.00e+00
 4.30147e+22	2.28e-28	6.57e-22	6.50e-17	4.24e-13	6.53e-10	4.16e-07	1.02e-03	6.73e-02	9.32e-01	0.00e+00	0.00e+00	0.00e+00
 4.31629e+22	3.03e-28	8.39e-22	7.99e-17	5.02e-13	7.45e-10	4.57e-07	1.09e-03	6.93e-02	9.30e-01	0.00e+00	0.00e+00	0.00e+00
 4.33155e+22	3.89e-28	1.04e-21	9.59e-17	5.84e-13	8.37e-10	4.96e-07	1.15e-03	7.12e-02	9.28e-01	0.00e+00	0.00e+00	0.00e+00
 4.34431e+22	4.87e-28	1.27e-21	1.13e-16	6.68e-13	9.30e-10	5.33e-07	1.21e-03	7.29e-02	9.26e-01	0.00e+00	0.00e+00	0.00e+00
 4.35597e+22	5.90e-28	1.49e-21	1.30e-16	7.50e-13	1.02e-09	5.69e-07	1.26e-03	7.44e-02	9.24e-01	0.00e+00	0.00e+00	0.00e+00
 4.36925e+22	7.67e-28	1.87e-21	1.58e-16	8.79e-13	1.15e-09	6.20e-07	1.33e-03	7.65e-02	9.22e-01	0.00e+00	0.00e+00	0.00e+00
 4.38305e+22	9.74e-28	2.30e-21	1.88e-16	1.01e-12	1.28e-09	6.70e-07	1.40e-03	7.84e-02	9.20e-01	0.00e+00	0.00e+00	0.00e+00
 4.39533e+22	1.22e-27	2.80e-21	2.21e-16	1.16e-12	1.43e-09	7.22e-07	1.47e-03	8.03e-02	9.18e-01	0.00e+00	0.00e+00	0.00e+00
 4.40909e+22	1.62e-27	3.57e-21	2.72e-16	1.38e-12	1.63e-09	7.91e-07	1.57e-03	8.26e-02	9.16e-01	0.00e+00	0.00e+00	0.00e+00
 4.42255e+22	2.01e-27	4.30e-21	3.19e-16	1.57e-12	1.80e-09	8.50e-07	1.64e-03	8.45e-02	9.14e-01	0.00e+00	0.00e+00	0.00e+00
 4.43380e+22	2.51e-27	5.22e-21	3.75e-16	1.79e-12	2.00e-09	9.14e-07	1.72e-03	8.64e-02	9.12e-01	0.00e+00	0.00e+00	0.00e+00
 4.44489e+22	3.11e-27	6.29e-21	4.39e-16	2.04e-12	2.21e-09	9.81e-07	1.80e-03	8.83e-02	9.10e-01	0.00e+00	0.00e+00	0.00e+00
 4.45760e+22	4.08e-27	7.94e-21	5.35e-16	2.40e-12	2.50e-09	1.07e-06	1.91e-03	9.08e-02	9.07e-01	0.00e+00	0.00e+00	0.00e+00
 4.47059e+22	5.21e-27	9.81e-21	6.40e-16	2.78e-12	2.80e-09	1.16e-06	2.01e-03	9.30e-02	9.05e-01	0.00e+00	0.00e+00	0.00e+00
 4.48181e+22	6.47e-27	1.18e-20	7.50e-16	3.17e-12	3.10e-09	1.25e-06	2.10e-03	9.51e-02	9.03e-01	0.00e+00	0.00e+00	0.00e+00
 4.49424e+22	8.59e-27	1.51e-20	9.22e-16	3.76e-12	3.54e-09	1.37e-06	2.23e-03	9.78e-02	9.00e-01	0.00e+00	0.00e+00	0.00e+00
 4.50630e+22	1.06e-26	1.81e-20	1.07e-15	4.26e-12	3.90e-09	1.46e-06	2.33e-03	9.98e-02	8.98e-01	0.00e+00	0.00e+00	0.00e+00
 4.51789e+22	1.42e-26	2.34e-20	1.33e-15	5.10e-12	4.47e-09	1.61e-06	2.48e-03	1.03e-01	8.95e-01	0.00e+00	0.00e+00	0.00e+00
 4.52920e+22	1.73e-26	2.77e-20	1.54e-15	5.75e-12	4.90e-09	1.72e-06	2.58e-03	1.05e-01	8.93e-01	0.00e+00	0.00e+00	0.00e+00
 4.54014e+22	2.25e-26	3.48e-20	1.87e-15	6.73e-12	5.54e-09	1.87e-06	2.73e-03	1.07e-01	8.90e-01	0.00e+00	0.00e+00	0.00e+00
 4.55156e+22	2.87e-26	4.28e-20	2.23e-15	7.78e-12	6.19e-09	2.02e-06	2.87e-03	1.10e-01	8.87e-01	0.00e+00	0.00e+00	0.00e+00
 4.56186e+22	3.60e-26	5.21e-20	2.63e-15	8.92e-12	6.88e-09	2.17e-06	3.00e-03	1.12e-01	8.85e-01	0.00e+00	0.00e+00	0.00e+00
 4.57348e+22	4.89e-26	6.80e-20	3.30e-15	1.07e-11	7.93e-09	2.40e-06	3.20e-03	1.16e-01	8.81e-01	0.00e+00	0.00e+00	0.00e+00
 4.58500e+22	6.12e-26	8.25e-20	3.88e-15	1.23e-11	8.80e-09	2.58e-06	3.35e-03	1.18e-01	8.78e-01	0.00e+00	0.00e+00	0.00e+00
 4.59638e+22	8.37e-26	1.08e-19	4.89e-15	1.48e-11	1.02e-08	2.85e-06	3.57e-03	1.22e-01	8.75e-01	0.00e+00	0.00e+00	0.00e+00
 4.60774e+22	1.05e-25	1.32e-19	5.77e-15	1.70e-11	1.13e-08	3.07e-06	3.74e-03	1.24e-01	8.72e-01	0.00e+00	0.00e+00	0.00e+00
 4.61906e+22	1.45e-25	1.74e-19	7.32e-15	2.07e-11	1.31e-08	3.40e-06	3.99e-03	1.28e-01	8.68e-01	0.00e+00	0.00e+00	0.00e+00
 4.63038e+22	1.84e-25	2.13e-19	8.68e-15	2.38e-11	1.46e-08	3.67e-06	4.19e-03	1.31e-01	8.65e-01	0.00e+00	0.00e+00	0.00e+00
 4.64170e+22	2.57e-25	2.85e-19	1.11e-14	2.92e-11	1.71e-08	4.08e-06	4.48e-03	1.35e-01	8.61e-01	0.00e+00	0.00e+00	0.00e+00
 4.65306e+22	3.27e-25	3.52e-19	1.33e-14	3.38e-11	1.91e-08	4.41e-06	4.70e-03	1.38e-01	8.57e-01	0.00e+00	0.00e+00	0.00e+00
 4.66447e+22	4.59e-25	4.71e-19	1.70e-14	4.14e-11	2.24e-08	4.92e-06	5.03e-03	1.42e-01	8.53e-01	0.00e+00	0.00e+00	0.00e+00
 4.67548e+22	5.81e-25	5.77e-19	2.02e-14	4.78e-11	2.50e-08	5.30e-06	5.27e-03	1.45e-01	8.49e-01	0.00e+00	0.00e+00	0.00e+00
 4.68598e+22	7.98e-25	7.60e-19	2.55e-14	5.79e-11	2.89e-08	5.87e-06	5.62e-03	1.50e-01	8.45e-01	0.00e+00	0.00e+00	0.00e+00
 4.69667e+22	1.03e-24	9.46e-19	3.07e-14	6.75e-11	3.25e-08	6.36e-06	5.91e-03	1.53e-01	8.41e-01	0.00e+00	0.00e+00	0.00e+00
 4.70760e+22	1.44e-24	1.26e-18	3.92e-14	8.26e-11	3.80e-08	7.09e-06	6.32e-03	1.58e-01	8.36e-01	0.00e+00	0.00e+00	0.00e+00
 4.71872e+22	1.88e-24	1.59e-18	4.78e-14	9.71e-11	4.30e-08	7.72e-06	6.67e-03	1.62e-01	8.32e-01	0.00e+00	0.00e+00	0.00e+00
 4.73007e+22	2.68e-24	2.16e-18	6.19e-14	1.20e-10	5.07e-08	8.64e-06	7.15e-03	1.67e-01	8.26e-01	0.00e+00	0.00e+00	0.00e+00
 4.74150e+22	3.52e-24	2.74e-18	7.56e-14	1.42e-10	5.75e-08	9.44e-06	7.56e-03	1.71e-01	8.22e-01	0.00e+00	0.00e+00	0.00e+00
 4.75303e+22	5.05e-24	3.74e-18	9.85e-14	1.77e-10	6.81e-08	1.06e-05	8.12e-03	1.76e-01	8.16e-01	0.00e+00	0.00e+00	0.00e+00
 4.76430e+22	6.53e-24	4.67e-18	1.19e-13	2.06e-10	7.68e-08	1.15e-05	8.55e-03	1.80e-01	8.11e-01	0.00e+00	0.00e+00	0.00e+00
 4.77522e+22	9.20e-24	6.27e-18	1.53e-13	2.54e-10	9.01e-08	1.29e-05	9.16e-03	1.86e-01	8.05e-01	0.00e+00	0.00e+00	0.00e+00
 4.78634e+22	1.20e-23	7.88e-18	1.86e-13	2.98e-10	1.02e-07	1.40e-05	9.66e-03	1.90e-01	8.00e-01	0.00e+00	0.00e+00	0.00e+00
 4.79772e+22	1.70e-23	1.07e-17	2.40e-13	3.69e-10	1.20e-07	1.57e-05	1.04e-02	1.96e-01	7.93e-01	0.00e+00	0.00e+00	0.00e+00
 4.80908e+22	2.20e-23	1.33e-17	2.90e-13	4.32e-10	1.36e-07	1.71e-05	1.09e-02	2.01e-01	7.88e-01	0.00e+00	0.00e+00	0.00e+00
 4.82041e+22	3.11e-23	1.79e-17	3.74e-13	5.33e-10	1.60e-07	1.91e-05	1.17e-02	2.07e-01	7.81e-01	0.00e+00	0.00e+00	0.00e+00
 4.83192e+22	4.01e-23	2.24e-17	4.51e-13	6.23e-10	1.80e-07	2.08e-05	1.23e-02	2.11e-01	7.76e-01	0.00e+00	0.00e+00	0.00e+00
 4.84365e+22	5.65e-23	3.01e-17	5.81e-13	7.69e-10	2.12e-07	2.33e-05	1.32e-02	2.18e-01	7.69e-01	0.00e+00	0.00e+00	0.00e+00
 4.85567e+22	7.34e-23	3.77e-17	7.04e-13	9.03e-10	2.41e-07	2.54e-05	1.40e-02	2.23e-01	7.63e-01	0.00e+00	0.00e+00	0.00e+00
 4.86808e+22	1.04e-22	5.08e-17	9.08e-13	1.12e-09	2.84e-07	2.85e-05	1.50e-02	2.30e-01	7.55e-01	0.00e+00	0.00e+00	0.00e+00
 4.88085e+22	1.36e-22	6.42e-17	1.11e-12	1.32e-09	3.23e-07	3.12e-05	1.59e-02	2.35e-01	7.49e-01	0.00e+00	0.00e+00	0.00e+00
 4.89213e+22	1.76e-22	8.03e-17	1.34e-12	1.55e-09	3.66e-07	3.41e-05	1.67e-02	2.40e-01	7.43e-01	0.00e+00	0.00e+00	0.00e+00
 4.90487e+22	2.45e-22	1.07e-16	1.71e-12	1.90e-09	4.30e-07	3.81e-05	1.79e-02	2.47e-01	7.35e-01	0.00e+00	0.00e+00	0.00e+00
 4.91778e+22	3.16e-22	1.33e-16	2.07e-12	2.22e-09	4.86e-07	4.15e-05	1.89e-02	2.53e-01	7.28e-01	0.00e+00	0.00e+00	0.00e+00
 4.93090e+22	4.38e-22	1.77e-16	2.63e-12	2.72e-09	5.70e-07	4.64e-05	2.02e-02	2.60e-01	7.20e-01	0.00e+00	0.00e+00	0.00e+00
 4.94404e+22	5.58e-22	2.18e-16	3.15e-12	3.16e-09	6.41e-07	5.04e-05	2.13e-02	2.65e-01	7.13e-01	0.00e+00	0.00e+00	0.00e+00
 4.95721e+22	7.62e-22	2.85e-16	3.97e-12	3.83e-09	7.47e-07	5.62e-05	2.28e-02	2.73e-01	7.05e-01	0.00e+00	0.00e+00	0.00e+00
 4.97067e+22	9.77e-22	3.54e-16	4.77e-12	4.47e-09	8.44e-07	6.12e-05	2.40e-02	2.78e-01	6.98e-01	0.00e+00	0.00e+00	0.00e+00
 4.98453e+22	1.34e-21	4.65e-16	6.03e-12	5.45e-09	9.86e-07	6.82e-05	2.56e-02	2.86e-01	6.88e-01	0.00e+00	0.00e+00	0.00e+00
 4.99866e+22	1.71e-21	5.76e-16	7.25e-12	6.36e-09	1.11e-06	7.44e-05	2.70e-02	2.92e-01	6.81e-01	0.00e+00	0.00e+00	0.00e+00
 5.01313e+22	2.37e-21	7.62e-16	9.21e-12	7.77e-09	1.31e-06	8.32e-05	2.90e-02	3.00e-01	6.71e-01	0.00e+00	0.00e+00	0.00e+00
 5.02697e+22	2.91e-21	9.12e-16	1.08e-11	8.86e-09	1.45e-06	8.96e-05	3.03e-02	3.05e-01	6.65e-01	0.00e+00	0.00e+00	0.00e+00
 5.04002e+22	3.85e-21	1.16e-15	1.32e-11	1.05e-08	1.67e-06	9.88e-05	3.21e-02	3.12e-01	6.56e-01	0.00e+00	0.00e+00	0.00e+00
 5.05340e+22	4.79e-21	1.40e-15	1.56e-11	1.21e-08	1.86e-06	1.07e-04	3.37e-02	3.17e-01	6.49e-01	0.00e+00	0.00e+00	0.00e+00
 5.06720e+22	6.39e-21	1.80e-15	1.93e-11	1.45e-08	2.15e-06	1.18e-04	3.58e-02	3.25e-01	6.39e-01	0.00e+00	0.00e+00	0.00e+00
 5.08115e+22	7.90e-21	2.17e-15	2.26e-11	1.66e-08	2.39e-06	1.27e-04	3.75e-02	3.30e-01	6.32e-01	0.00e+00	0.00e+00	0.00e+00
 5.09526e+22	1.05e-20	2.78e-15	2.80e-11	1.99e-08	2.76e-06	1.41e-04	3.98e-02	3.38e-01	6.22e-01	0.00e+00	0.00e+00	0.00e+00
 5.10960e+22	1.30e-20	3.34e-15	3.28e-11	2.27e-08	3.07e-06	1.52e-04	4.17e-02	3.43e-01	6.15e-01	0.00e+00	0.00e+00	0.00e+00
 5.12424e+22	1.73e-20	4.28e-15	4.06e-11	2.72e-08	3.54e-06	1.68e-04	4.43e-02	3.51e-01	6.04e-01	0.00e+00	0.00e+00	0.00e+00
 5.13853e+22	2.10e-20	5.06e-15	4.70e-11	3.07e-08	3.91e-06	1.81e-04	4.62e-02	3.56e-01	5.97e-01	0.00e+00	0.00e+00	0.00e+00
 5.15238e+22	2.73e-20	6.36e-15	5.72e-11	3.63e-08	4.47e-06	1.98e-04	4.89e-02	3.63e-01	5.88e-01	0.00e+00	0.00e+00	0.00e+00
 5.16649e+22	3.33e-20	7.55e-15	6.63e-11	4.11e-08	4.94e-06	2.13e-04	5.10e-02	3.69e-01	5.80e-01	0.00e+00	0.00e+00	0.00e+00
 5.18096e+22	4.33e-20	9.49e-15	8.07e-11	4.86e-08	5.64e-06	2.34e-04	5.39e-02	3.76e-01	5.70e-01	0.00e+00	0.00e+00	0.00e+00
 5.19570e+22	5.30e-20	1.13e-14	9.39e-11	5.53e-08	6.25e-06	2.52e-04	5.63e-02	3.81e-01	5.62e-01	0.00e+00	0.00e+00	0.00e+00
 5.21078e+22	6.92e-20	1.42e-14	1.15e-10	6.54e-08	7.16e-06	2.77e-04	5.96e-02	3.88e-01	5.52e-01	0.00e+00	0.00e+00	0.00e+00
 5.22615e+22	8.48e-20	1.70e-14	1.33e-10	7.44e-08	7.94e-06	2.98e-04	6.22e-02	3.94e-01	5.44e-01	0.00e+00	0.00e+00	0.00e+00
 5.24188e+22	1.11e-19	2.15e-14	1.63e-10	8.82e-08	9.10e-06	3.28e-04	6.58e-02	4.01e-01	5.33e-01	0.00e+00	0.00e+00	0.00e+00
 5.25794e+22	1.36e-19	2.57e-14	1.91e-10	1.01e-07	1.01e-05	3.54e-04	6.88e-02	4.06e-01	5.24e-01	0.00e+00	0.00e+00	0.00e+00
 5.27444e+22	1.78e-19	3.24e-14	2.33e-10	1.19e-07	1.16e-05	3.90e-04	7.27e-02	4.13e-01	5.13e-01	0.00e+00	0.00e+00	0.00e+00
 5.29145e+22	2.22e-19	3.92e-14	2.74e-10	1.37e-07	1.29e-05	4.22e-04	7.61e-02	4.19e-01	5.04e-01	0.00e+00	0.00e+00	0.00e+00
 5.30912e+22	2.92e-19	4.98e-14	3.37e-10	1.63e-07	1.49e-05	4.65e-04	8.06e-02	4.26e-01	4.93e-01	0.00e+00	0.00e+00	0.00e+00
 5.32626e+22	3.54e-19	5.89e-14	3.90e-10	1.84e-07	1.64e-05	4.99e-04	8.39e-02	4.31e-01	4.84e-01	0.00e+00	0.00e+00	0.00e+00
 5.34272e+22	4.59e-19	7.38e-14	4.74e-10	2.17e-07	1.88e-05	5.48e-04	8.85e-02	4.38e-01	4.73e-01	0.00e+00	0.00e+00	0.00e+00
 5.35952e+22	5.60e-19	8.76e-14	5.49e-10	2.46e-07	2.07e-05	5.88e-04	9.22e-02	4.42e-01	4.65e-01	0.00e+00	0.00e+00	0.00e+00
 5.37677e+22	7.16e-19	1.09e-13	6.61e-10	2.88e-07	2.35e-05	6.41e-04	9.69e-02	4.48e-01	4.54e-01	0.00e+00	0.00e+00	0.00e+00
 5.39501e+22	8.99e-19	1.32e-13	7.84e-10	3.32e-07	2.63e-05	6.96e-04	1.01e-01	4.54e-01	4.44e-01	0.00e+00	0.00e+00	0.00e+00
 5.41179e+22	1.11e-18	1.59e-13	9.19e-10	3.80e-07	2.93e-05	7.50e-04	1.06e-01	4.58e-01	4.35e-01	0.00e+00	0.00e+00	0.00e+00
 5.43085e+22	1.45e-18	2.01e-13	1.12e-09	4.50e-07	3.36e-05	8.25e-04	1.12e-01	4.64e-01	4.23e-01	0.00e+00	0.00e+00	0.00e+00
 5.45089e+22	1.85e-18	2.47e-13	1.34e-09	5.23e-07	3.79e-05	8.99e-04	1.17e-01	4.69e-01	4.12e-01	0.00e+00	0.00e+00	0.00e+00
 5.47223e+22	2.45e-18	3.16e-13	1.66e-09	6.25e-07	4.36e-05	9.92e-04	1.24e-01	4.75e-01	4.00e-01	0.00e+00	0.00e+00	0.00e+00
 5.49324e+22	3.07e-18	3.85e-13	1.97e-09	7.20e-07	4.88e-05	1.07e-03	1.29e-01	4.79e-01	3.90e-01	0.00e+00	0.00e+00	0.00e+00
 5.51078e+22	3.79e-18	4.62e-13	2.30e-09	8.21e-07	5.42e-05	1.15e-03	1.35e-01	4.83e-01	3.81e-01	0.00e+00	0.00e+00	0.00e+00
 5.53053e+22	4.96e-18	5.84e-13	2.81e-09	9.73e-07	6.21e-05	1.27e-03	1.42e-01	4.88e-01	3.69e-01	0.00e+00	0.00e+00	0.00e+00
 5.55072e+22	6.16e-18	7.04e-13	3.31e-09	1.11e-06	6.92e-05	1.37e-03	1.48e-01	4.92e-01	3.59e-01	0.00e+00	0.00e+00	0.00e+00
 5.57148e+22	8.12e-18	8.96e-13	4.07e-09	1.33e-06	7.96e-05	1.51e-03	1.56e-01	4.96e-01	3.47e-01	0.00e+00	0.00e+00	0.00e+00
 5.59253e+22	1.01e-17	1.09e-12	4.80e-09	1.52e-06	8.88e-05	1.63e-03	1.62e-01	4.99e-01	3.37e-01	0.00e+00	0.00e+00	0.00e+00
 5.61397e+22	1.35e-17	1.39e-12	5.95e-09	1.83e-06	1.03e-04	1.80e-03	1.71e-01	5.02e-01	3.25e-01	0.00e+00	0.00e+00	0.00e+00
 5.63559e+22	1.68e-17	1.69e-12	7.01e-09	2.10e-06	1.15e-04	1.94e-03	1.78e-01	5.05e-01	3.15e-01	0.00e+00	0.00e+00	0.00e+00
 5.65747e+22	2.25e-17	2.17e-12	8.73e-09	2.52e-06	1.33e-04	2.16e-03	1.88e-01	5.08e-01	3.02e-01	2.25e-17	5.51e-27	5.79e-27
 5.67945e+22	2.80e-17	2.62e-12	1.03e-08	2.89e-06	1.48e-04	2.32e-03	1.95e-01	5.10e-01	2.93e-01	2.80e-17	1.56e-24	1.96e-24
 5.70159e+22	3.75e-17	3.38e-12	1.28e-08	3.49e-06	1.72e-04	2.58e-03	2.06e-01	5.11e-01	2.80e-01	3.75e-17	2.08e-24	2.63e-24
 5.72398e+22	4.69e-17	4.11e-12	1.51e-08	4.01e-06	1.93e-04	2.79e-03	2.14e-01	5.13e-01	2.70e-01	4.69e-17	2.60e-24	3.28e-24
 5.74668e+22	6.28e-17	5.30e-12	1.89e-08	4.84e-06	2.24e-04	3.09e-03	2.26e-01	5.13e-01	2.57e-01	6.28e-17	3.49e-24	4.40e-24
 5.76974e+22	7.88e-17	6.45e-12	2.24e-08	5.60e-06	2.52e-04	3.35e-03	2.35e-01	5.14e-01	2.48e-01	7.88e-17	4.38e-24	5.52e-24
 5.78955e+22	9.78e-17	7.79e-12	2.64e-08	6.43e-06	2.82e-04	3.62e-03	2.44e-01	5.14e-01	2.38e-01	9.78e-17	5.44e-24	6.85e-24
 5.80826e+22	1.19e-16	9.27e-12	3.07e-08	7.32e-06	3.12e-04	3.89e-03	2.53e-01	5.13e-01	2.30e-01	1.19e-16	6.64e-24	8.38e-24
 5.82925e+22	1.55e-16	1.17e-11	3.75e-08	8.70e-06	3.60e-04	4.29e-03	2.65e-01	5.12e-01	2.18e-01	1.55e-16	8.65e-24	1.09e-23
 5.85023e+22	1.89e-16	1.38e-11	4.36e-08	9.87e-06	3.99e-04	4.60e-03	2.74e-01	5.11e-01	2.10e-01	1.89e-16	1.05e-23	1.33e-23
 5.87121e+22	2.45e-16	1.73e-11	5.31e-08	1.17e-05	4.59e-04	5.07e-03	2.87e-01	5.08e-01	1.99e-01	2.45e-16	1.36e-23	1.72e-23
 5.89253e+22	2.99e-16	2.06e-11	6.18e-08	1.33e-05	5.09e-04	5.44e-03	2.97e-01	5.06e-01	1.91e-01	2.99e-16	1.66e-23	2.09e-23
 5.91428e+22	3.86e-16	2.58e-11	7.54e-08	1.58e-05	5.87e-04	6.01e-03	3.10e-01	5.03e-01	1.80e-01	3.86e-16	2.15e-23	2.71e-23
 5.93651e+22	4.74e-16	3.09e-11	8.84e-08	1.82e-05	6.58e-04	6.50e-03	3.22e-01	4.99e-01	1.72e-01	4.74e-16	2.64e-23	3.32e-23
 5.95935e+22	6.15e-16	3.88e-11	1.08e-07	2.17e-05	7.61e-04	7.19e-03	3.36e-01	4.95e-01	1.61e-01	6.15e-16	3.42e-23	4.31e-23
 5.98273e+22	7.55e-16	4.65e-11	1.27e-07	2.50e-05	8.57e-04	7.80e-03	3.49e-01	4.90e-01	1.53e-01	7.55e-16	4.20e-23	5.30e-23
 6.00678e+22	9.81e-16	5.85e-11	1.57e-07	3.00e-05	9.98e-04	8.68e-03	3.65e-01	4.83e-01	1.42e-01	9.81e-16	5.46e-23	6.88e-23
 6.03109e+22	1.20e-15	6.99e-11	1.84e-07	3.46e-05	1.12e-03	9.42e-03	3.78e-01	4.78e-01	1.34e-01	1.20e-15	6.67e-23	8.40e-23
 6.05525e+22	1.53e-15	8.67e-11	2.24e-07	4.13e-05	1.30e-03	1.05e-02	3.94e-01	4.70e-01	1.24e-01	1.53e-15	8.50e-23	1.07e-22
 6.07962e+22	1.85e-15	1.03e-10	2.61e-07	4.75e-05	1.47e-03	1.14e-02	4.07e-01	4.63e-01	1.17e-01	1.85e-15	1.03e-22	1.30e-22
 6.10338e+22	2.30e-15	1.25e-10	3.13e-07	5.58e-05	1.68e-03	1.25e-02	4.23e-01	4.54e-01	1.08e-01	2.30e-15	1.28e-22	1.61e-22
 6.12683e+22	2.73e-15	1.45e-10	3.61e-07	6.36e-05	1.88e-03	1.35e-02	4.36e-01	4.46e-01	1.02e-01	2.73e-15	1.52e-22	1.91e-22
 6.14748e+22	3.19e-15	1.68e-10	4.12e-07	7.18e-05	2.09e-03	1.46e-02	4.49e-01	4.39e-01	9.57e-02	3.19e-15	1.78e-22	2.24e-22
 6.16980e+22	3.84e-15	1.98e-10	4.83e-07	8.31e-05	2.37e-03	1.59e-02	4.64e-01	4.29e-01	8.86e-02	3.84e-15	2.14e-22	2.69e-22
 6.19184e+22	4.43e-15	2.25e-10	5.46e-07	9.31e-05	2.61e-03	1.71e-02	4.75e-01	4.22e-01	8.34e-02	4.43e-15	2.46e-22	3.10e-22
 6.21413e+22	5.26e-15	2.64e-10	6.36e-07	1.07e-04	2.95e-03	1.87e-02	4.90e-01	4.11e-01	7.69e-02	5.26e-15	2.93e-22	3.69e-22
 6.23638e+22	6.00e-15	2.98e-10	7.14e-07	1.20e-04	3.23e-03	1.99e-02	5.01e-01	4.03e-01	7.23e-02	6.00e-15	3.34e-22	4.21e-22
 6.25871e+22	7.04e-15	3.46e-10	8.26e-07	1.37e-04	3.64e-03	2.17e-02	5.16e-01	3.92e-01	6.65e-02	7.04e-15	3.92e-22	4.94e-22
 6.28105e+22	7.96e-15	3.87e-10	9.22e-07	1.53e-04	3.98e-03	2.32e-02	5.27e-01	3.84e-01	6.25e-02	7.96e-15	4.43e-22	5.58e-22
 6.30342e+22	9.23e-15	4.45e-10	1.06e-06	1.74e-04	4.46e-03	2.52e-02	5.40e-01	3.72e-01	5.74e-02	9.23e-15	5.14e-22	6.47e-22
 6.32589e+22	1.03e-14	4.95e-10	1.18e-06	1.93e-04	4.86e-03	2.68e-02	5.51e-01	3.64e-01	5.38e-02	1.03e-14	5.76e-22	7.26e-22
 6.34847e+22	1.19e-14	5.65e-10	1.35e-06	2.19e-04	5.42e-03	2.90e-02	5.64e-01	3.52e-01	4.93e-02	1.19e-14	6.62e-22	8.33e-22
 6.37122e+22	1.32e-14	6.26e-10	1.49e-06	2.42e-04	5.89e-03	3.08e-02	5.74e-01	3.43e-01	4.61e-02	1.32e-14	7.38e-22	9.29e-22
 6.39417e+22	1.51e-14	7.11e-10	1.70e-06	2.74e-04	6.55e-03	3.33e-02	5.86e-01	3.32e-01	4.22e-02	1.51e-14	8.42e-22	1.06e-21
 6.41741e+22	1.68e-14	7.86e-10	1.88e-06	3.03e-04	7.11e-03	3.54e-02	5.95e-01	3.23e-01	3.93e-02	1.68e-14	9.34e-22	1.18e-21
 6.44105e+22	1.90e-14	8.89e-10	2.14e-06	3.43e-04	7.89e-03	3.82e-02	6.07e-01	3.11e-01	3.58e-02	1.90e-14	1.06e-21	1.33e-21
 6.46504e+22	2.11e-14	9.84e-10	2.37e-06	3.79e-04	8.55e-03	4.05e-02	6.15e-01	3.02e-01	3.33e-02	2.11e-14	1.18e-21	1.48e-21
 6.48949e+22	2.38e-14	1.11e-09	2.69e-06	4.30e-04	9.48e-03	4.38e-02	6.26e-01	2.90e-01	3.02e-02	2.38e-14	1.33e-21	1.67e-21
 6.51445e+22	2.64e-14	1.23e-09	2.99e-06	4.75e-04	1.03e-02	4.64e-02	6.34e-01	2.81e-01	2.79e-02	2.64e-14	1.48e-21	1.86e-21
 6.54007e+22	2.99e-14	1.39e-09	3.41e-06	5.40e-04	1.14e-02	5.01e-02	6.44e-01	2.69e-01	2.52e-02	2.99e-14	1.67e-21	2.10e-21
 6.56595e+22	3.32e-14	1.55e-09	3.78e-06	5.97e-04	1.23e-02	5.31e-02	6.51e-01	2.60e-01	2.33e-02	3.32e-14	1.85e-21	2.33e-21
 6.58794e+22	3.63e-14	1.69e-09	4.16e-06	6.55e-04	1.32e-02	5.59e-02	6.57e-01	2.51e-01	2.16e-02	3.63e-14	2.03e-21	2.55e-21
 6.61229e+22	4.06e-14	1.90e-09	4.70e-06	7.37e-04	1.45e-02	5.99e-02	6.65e-01	2.40e-01	1.96e-02	4.06e-14	2.27e-21	2.86e-21
 6.63567e+22	4.42e-14	2.07e-09	5.13e-06	8.01e-04	1.55e-02	6.27e-02	6.70e-01	2.33e-01	1.83e-02	4.42e-14	2.47e-21	3.11e-21
 6.65780e+22	4.89e-14	2.30e-09	5.72e-06	8.90e-04	1.67e-02	6.65e-02	6.76e-01	2.24e-01	1.67e-02	4.89e-14	2.73e-21	3.44e-21
 6.68022e+22	5.32e-14	2.50e-09	6.25e-06	9.67e-04	1.78e-02	6.96e-02	6.80e-01	2.16e-01	1.55e-02	5.32e-14	2.97e-21	3.74e-21
 6.70301e+22	5.86e-14	2.78e-09	6.98e-06	1.08e-03	1.93e-02	7.38e-02	6.85e-01	2.07e-01	1.41e-02	5.86e-14	3.28e-21	4.13e-21
 6.72594e+22	6.41e-14	3.04e-09	7.64e-06	1.17e-03	2.05e-02	7.71e-02	6.88e-01	2.00e-01	1.32e-02	6.41e-14	3.59e-21	4.52e-21
 6.74905e+22	7.08e-14	3.38e-09	8.54e-06	1.30e-03	2.22e-02	8.17e-02	6.92e-01	1.91e-01	1.20e-02	7.08e-14	3.97e-21	4.99e-21
 6.77244e+22	7.77e-14	3.71e-09	9.38e-06	1.42e-03	2.36e-02	8.53e-02	6.94e-01	1.85e-01	1.11e-02	7.77e-14	4.35e-21	5.47e-21
 6.79620e+22	8.61e-14	4.14e-09	1.05e-05	1.58e-03	2.55e-02	9.02e-02	6.97e-01	1.76e-01	1.00e-02	8.61e-14	4.83e-21	6.07e-21
 6.82032e+22	9.48e-14	4.56e-09	1.16e-05	1.72e-03	2.71e-02	9.42e-02	6.98e-01	1.69e-01	9.30e-03	9.48e-14	5.32e-21	6.68e-21
 6.84490e+22	1.05e-13	5.12e-09	1.31e-05	1.92e-03	2.93e-02	9.97e-02	7.00e-01	1.61e-01	8.38e-03	1.05e-13	5.92e-21	7.44e-21
 6.86991e+22	1.17e-13	5.68e-09	1.44e-05	2.10e-03	3.11e-02	1.04e-01	7.00e-01	1.55e-01	7.72e-03	1.17e-13	6.55e-21	8.24e-21
 6.89548e+22	1.31e-13	6.41e-09	1.64e-05	2.36e-03	3.37e-02	1.10e-01	7.01e-01	1.46e-01	6.92e-03	1.31e-13	7.34e-21	9.23e-21
 6.92160e+22	1.46e-13	7.18e-09	1.82e-05	2.59e-03	3.58e-02	1.15e-01	7.00e-01	1.40e-01	6.36e-03	1.46e-13	8.22e-21	1.03e-20
 6.94844e+22	1.64e-13	8.15e-09	2.08e-05	2.91e-03	3.88e-02	1.21e-01	6.99e-01	1.32e-01	5.66e-03	1.64e-13	9.23e-21	1.16e-20
 6.97543e+22	1.84e-13	9.14e-09	2.32e-05	3.19e-03	4.13e-02	1.27e-01	6.97e-01	1.26e-01	5.18e-03	1.84e-13	1.03e-20	1.30e-20
 7.00262e+22	2.09e-13	1.05e-08	2.65e-05	3.60e-03	4.46e-02	1.34e-01	6.95e-01	1.19e-01	4.60e-03	2.09e-13	1.18e-20	1.48e-20
 7.03018e+22	2.35e-13	1.18e-08	2.97e-05	3.95e-03	4.74e-02	1.39e-01	6.92e-01	1.13e-01	4.20e-03	2.35e-13	1.33e-20	1.67e-20
 7.05820e+22	2.69e-13	1.37e-08	3.42e-05	4.46e-03	5.12e-02	1.47e-01	6.88e-01	1.06e-01	3.71e-03	2.69e-13	1.52e-20	1.91e-20
 7.08545e+22	3.04e-13	1.54e-08	3.81e-05	4.87e-03	5.42e-02	1.52e-01	6.84e-01	1.01e-01	3.41e-03	3.04e-13	1.71e-20	2.15e-20
 7.11172e+22	3.44e-13	1.76e-08	4.35e-05	5.44e-03	5.81e-02	1.60e-01	6.79e-01	9.51e-02	3.03e-03	3.44e-13	1.94e-20	2.44e-20
 7.13663e+22	3.82e-13	1.96e-08	4.79e-05	5.88e-03	6.10e-02	1.64e-01	6.75e-01	9.11e-02	2.80e-03	3.82e-13	2.16e-20	2.71e-20
 7.15980e+22	4.33e-13	2.23e-08	5.39e-05	6.47e-03	6.47e-02	1.71e-01	6.69e-01	8.64e-02	2.53e-03	4.33e-13	2.45e-20	3.08e-20
 7.18409e+22	4.86e-13	2.51e-08	5.99e-05	7.04e-03	6.82e-02	1.76e-01	6.64e-01	8.23e-02	2.32e-03	4.86e-13	2.75e-20	3.46e-20
 7.20629e+22	5.40e-13	2.80e-08	6.63e-05	7.64e-03	7.17e-02	1.82e-01	6.58e-01	7.84e-02	2.12e-03	5.40e-13	3.06e-20	3.85e-20
 7.23161e+22	6.25e-13	3.24e-08	7.57e-05	8.47e-03	7.63e-02	1.89e-01	6.50e-01	7.36e-02	1.90e-03	6.25e-13	3.54e-20	4.45e-20
 7.25738e+22	7.04e-13	3.66e-08	8.44e-05	9.23e-03	8.03e-02	1.95e-01	6.43e-01	6.99e-02	1.73e-03	7.04e-13	4.00e-20	5.02e-20
 7.28374e+22	8.22e-13	4.28e-08	9.69e-05	1.03e-02	8.56e-02	2.03e-01	6.34e-01	6.54e-02	1.53e-03	8.22e-13	4.68e-20	5.87e-20
 7.31060e+22	9.36e-13	4.88e-08	1.09e-04	1.12e-02	9.02e-02	2.09e-01	6.26e-01	6.18e-02	1.39e-03	9.36e-13	5.33e-20	6.69e-20
 7.33811e+22	1.11e-12	5.77e-08	1.26e-04	1.25e-02	9.62e-02	2.17e-01	6.15e-01	5.76e-02	1.23e-03	1.11e-12	6.31e-20	7.91e-20
 7.36621e+22	1.27e-12	6.63e-08	1.42e-04	1.37e-02	1.01e-01	2.23e-01	6.06e-01	5.42e-02	1.10e-03	1.27e-12	7.27e-20	9.11e-20
 7.39123e+22	1.46e-12	7.61e-08	1.59e-04	1.50e-02	1.07e-01	2.30e-01	5.96e-01	5.11e-02	9.96e-04	1.46e-12	8.37e-20	1.05e-19
 7.41991e+22	1.76e-12	9.11e-08	1.86e-04	1.67e-02	1.14e-01	2.38e-01	5.84e-01	4.73e-02	8.72e-04	1.76e-12	1.01e-19	1.26e-19
 7.44902e+22	2.05e-12	1.06e-07	2.10e-04	1.83e-02	1.20e-01	2.44e-01	5.73e-01	4.43e-02	7.81e-04	2.05e-12	1.17e-19	1.47e-19
 7.47479e+22	2.38e-12	1.22e-07	2.37e-04	2.00e-02	1.26e-01	2.50e-01	5.62e-01	4.15e-02	7.01e-04	2.38e-12	1.37e-19	1.71e-19
 7.50440e+22	2.90e-12	1.48e-07	2.77e-04	2.24e-02	1.34e-01	2.58e-01	5.47e-01	3.82e-02	6.09e-04	2.90e-12	1.67e-19	2.09e-19
 7.53452e+22	3.41e-12	1.72e-07	3.16e-04	2.45e-02	1.41e-01	2.64e-01	5.34e-01	3.56e-02	5.42e-04	3.41e-12	1.97e-19	2.46e-19
 7.56532e+22	4.21e-12	2.10e-07	3.71e-04	2.75e-02	1.50e-01	2.71e-01	5.18e-01	3.26e-02	4.67e-04	4.21e-12	2.43e-19	3.05e-19
 7.59655e+22	5.01e-12	2.48e-07	4.23e-04	3.02e-02	1.57e-01	2.77e-01	5.04e-01	3.02e-02	4.13e-04	5.01e-12	2.90e-19	3.63e-19
 7.62834e+22	6.25e-12	3.03e-07	4.98e-04	3.38e-02	1.67e-01	2.84e-01	4.87e-01	2.75e-02	3.55e-04	6.25e-12	3.62e-19	4.54e-19
 7.66094e+22	7.53e-12	3.62e-07	5.74e-04	3.72e-02	1.76e-01	2.89e-01	4.71e-01	2.52e-02	3.09e-04	7.53e-12	4.37e-19	5.48e-19
 7.68954e+22	9.04e-12	4.26e-07	6.53e-04	4.07e-02	1.84e-01	2.94e-01	4.57e-01	2.33e-02	2.73e-04	9.04e-12	5.26e-19	6.59e-19
 7.72164e+22	1.14e-11	5.24e-07	7.67e-04	4.53e-02	1.95e-01	2.99e-01	4.39e-01	2.11e-02	2.33e-04	1.14e-11	6.63e-19	8.30e-19
 7.75558e+22	1.40e-11	6.33e-07	8.90e-04	5.01e-02	2.05e-01	3.03e-01	4.22e-01	1.92e-02	2.00e-04	1.40e-11	8.21e-19	1.03e-18
 7.78659e+22	1.71e-11	7.55e-07	1.02e-03	5.49e-02	2.14e-01	3.07e-01	4.06e-01	1.76e-02	1.74e-04	1.71e-11	1.00e-18	1.26e-18
 7.81425e+22	2.03e-11	8.79e-07	1.15e-03	5.93e-02	2.22e-01	3.10e-01	3.92e-01	1.62e-02	1.53e-04	2.03e-11	1.19e-18	1.49e-18
 7.83871e+22	2.37e-11	1.01e-06	1.27e-03	6.34e-02	2.29e-01	3.11e-01	3.79e-01	1.51e-02	1.38e-04	2.37e-11	1.40e-18	1.74e-18
 7.86639e+22	2.89e-11	1.20e-06	1.46e-03	6.92e-02	2.39e-01	3.13e-01	3.63e-01	1.37e-02	1.19e-04	2.89e-11	1.71e-18	2.14e-18
 7.89558e+22	3.48e-11	1.40e-06	1.64e-03	7.48e-02	2.48e-01	3.15e-01	3.49e-01	1.26e-02	1.04e-04	3.48e-11	2.06e-18	2.58e-18
 7.92675e+22	4.41e-11	1.72e-06	1.91e-03	8.25e-02	2.59e-01	3.16e-01	3.30e-01	1.12e-02	8.78e-05	4.41e-11	2.63e-18	3.28e-18
 7.95796e+22	5.31e-11	2.02e-06	2.15e-03	8.89e-02	2.67e-01	3.16e-01	3.16e-01	1.03e-02	7.64e-05	5.31e-11	3.17e-18	3.96e-18
 7.98923e+22	6.72e-11	2.46e-06	2.50e-03	9.75e-02	2.78e-01	3.15e-01	2.98e-01	9.12e-03	6.42e-05	6.72e-11	4.03e-18	5.03e-18
 8.02085e+22	8.16e-11	2.89e-06	2.81e-03	1.05e-01	2.86e-01	3.14e-01	2.83e-01	8.27e-03	5.55e-05	8.16e-11	4.91e-18	6.12e-18
 8.04871e+22	9.83e-11	3.37e-06	3.15e-03	1.13e-01	2.94e-01	3.12e-01	2.70e-01	7.52e-03	4.82e-05	9.83e-11	5.93e-18	7.40e-18
 8.08068e+22	1.25e-10	4.11e-06	3.65e-03	1.23e-01	3.05e-01	3.10e-01	2.52e-01	6.62e-03	4.00e-05	1.25e-10	7.60e-18	9.48e-18
 8.11318e+22	1.53e-10	4.83e-06	4.10e-03	1.32e-01	3.12e-01	3.07e-01	2.39e-01	5.97e-03	3.44e-05	1.53e-10	9.29e-18	1.16e-17
 8.14637e+22	1.97e-10	5.92e-06	4.75e-03	1.44e-01	3.22e-01	3.02e-01	2.21e-01	5.21e-03	2.82e-05	1.97e-10	1.20e-17	1.50e-17
 8.18003e+22	2.42e-10	6.99e-06	5.36e-03	1.55e-01	3.30e-01	2.98e-01	2.08e-01	4.64e-03	2.39e-05	2.42e-10	1.49e-17	1.85e-17
 8.21430e+22	3.13e-10	8.55e-06	6.19e-03	1.68e-01	3.38e-01	2.92e-01	1.92e-01	4.02e-03	1.95e-05	3.13e-10	1.93e-17	2.40e-17
 8.24952e+22	3.91e-10	1.02e-05	7.01e-03	1.80e-01	3.45e-01	2.86e-01	1.78e-01	3.54e-03	1.62e-05	3.91e-10	2.43e-17	3.02e-17
 8.28072e+22	4.82e-10	1.20e-05	7.86e-03	1.92e-01	3.51e-01	2.80e-01	1.66e-01	3.13e-03	1.36e-05	4.82e-10	3.01e-17	3.74e-17
 8.31601e+22	6.28e-10	1.47e-05	9.07e-03	2.08e-01	3.57e-01	2.71e-01	1.52e-01	2.67e-03	1.09e-05	6.28e-10	3.95e-17	4.90e-17
 8.35228e+22	7.91e-10	1.76e-05	1.03e-02	2.22e-01	3.62e-01	2.64e-01	1.39e-01	2.32e-03	8.94e-06	7.91e-10	5.00e-17	6.21e-17
 8.38433e+22	9.78e-10	2.06e-05	1.15e-02	2.36e-01	3.66e-01	2.56e-01	1.29e-01	2.03e-03	7.43e-06	9.78e-10	6.22e-17	7.72e-17
 8.42051e+22	1.28e-09	2.52e-05	1.32e-02	2.53e-01	3.70e-01	2.46e-01	1.16e-01	1.72e-03	5.87e-06	1.28e-09	8.21e-17	1.02e-16
 8.45776e+22	1.62e-09	3.01e-05	1.48e-02	2.69e-01	3.72e-01	2.36e-01	1.06e-01	1.47e-03	4.75e-06	1.62e-09	1.04e-16	1.29e-16
 8.49080e+22	2.01e-09	3.54e-05	1.65e-02	2.84e-01	3.74e-01	2.28e-01	9.67e-02	1.27e-03	3.89e-06	2.01e-09	1.31e-16	1.62e-16
 8.52814e+22	2.66e-09	4.34e-05	1.89e-02	3.04e-01	3.74e-01	2.16e-01	8.59e-02	1.05e-03	3.00e-06	2.66e-09	1.75e-16	2.16e-16
 8.56638e+22	3.36e-09	5.14e-05	2.12e-02	3.20e-01	3.74e-01	2.06e-01	7.76e-02	8.97e-04	2.41e-06	3.36e-09	2.22e-16	2.75e-16
 8.60577e+22	4.50e-09	6.34e-05	2.43e-02	3.41e-01	3.72e-01	1.93e-01	6.81e-02	7.30e-04	1.82e-06	4.50e-09	3.01e-16	3.72e-16
 8.64569e+22	5.73e-09	7.53e-05	2.72e-02	3.59e-01	3.69e-01	1.83e-01	6.09e-02	6.12e-04	1.44e-06	5.73e-09	3.86e-16	4.77e-16
 8.68629e+22	7.66e-09	9.25e-05	3.10e-02	3.80e-01	3.65e-01	1.70e-01	5.29e-02	4.94e-04	1.08e-06	7.66e-09	5.22e-16	6.45e-16
 8.72794e+22	9.86e-09	1.11e-04	3.47e-02	3.98e-01	3.60e-01	1.60e-01	4.67e-02	4.07e-04	8.29e-07	9.86e-09	6.79e-16	8.39e-16
 8.76479e+22	1.25e-08	1.30e-04	3.85e-02	4.15e-01	3.55e-01	1.50e-01	4.13e-02	3.38e-04	6.48e-07	1.25e-08	8.70e-16	1.07e-15
 8.80654e+22	1.69e-08	1.60e-04	4.38e-02	4.36e-01	3.47e-01	1.37e-01	3.53e-02	2.67e-04	4.73e-07	1.69e-08	1.19e-15	1.47e-15
 8.84957e+22	2.17e-08	1.91e-04	4.88e-02	4.54e-01	3.39e-01	1.27e-01	3.08e-02	2.17e-04	3.59e-07	2.17e-08	1.55e-15	1.91e-15
 8.88794e+22	2.76e-08	2.25e-04	5.40e-02	4.70e-01	3.31e-01	1.18e-01	2.69e-02	1.78e-04	2.75e-07	2.76e-08	2.00e-15	2.46e-15
 8.93148e+22	3.74e-08	2.76e-04	6.11e-02	4.90e-01	3.20e-01	1.06e-01	2.26e-02	1.37e-04	1.96e-07	3.74e-08	2.75e-15	3.39e-15
