#depth	Cl	Cl+	Cl+2	Cl+3	Cl+4	Cl+5	Cl+6	Cl+7	Cl+8	Cl+9	Cl+10	Cl+11	Cl+12	Cl+13	Cl+14	Cl+15	Cl+16	Cl+17
 4.62852e+21	0.00e+00	6.26e-21	9.00e-18	4.49e-15	4.69e-13	3.02e-11	1.77e-09	1.22e-06	7.87e-05	1.68e-03	1.27e-02	5.53e-02	1.16e-01	1.25e-01	1.49e-01	3.97e-01	1.30e-01	1.39e-02
 1.02440e+22	6.71e-31	1.16e-17	6.91e-15	1.21e-12	4.46e-11	9.88e-10	2.37e-08	1.76e-05	1.06e-03	1.82e-02	8.76e-02	2.15e-01	2.59e-01	1.51e-01	9.56e-02	1.46e-01	2.45e-02	1.36e-03
 1.15606e+22	4.83e-30	6.95e-17	3.41e-14	4.71e-12	1.39e-10	2.45e-09	4.83e-08	3.12e-05	1.77e-03	2.84e-02	1.22e-01	2.57e-01	2.69e-01	1.35e-01	7.42e-02	9.86e-02	1.38e-02	6.44e-04
 1.20552e+22	1.18e-29	1.57e-16	7.06e-14	8.75e-12	2.34e-10	3.74e-09	6.76e-08	4.04e-05	2.21e-03	3.43e-02	1.40e-01	2.74e-01	2.68e-01	1.26e-01	6.48e-02	8.06e-02	1.04e-02	4.46e-04
 1.22692e+22	1.52e-29	1.99e-16	8.70e-14	1.05e-11	2.72e-10	4.24e-09	7.45e-08	4.35e-05	2.36e-03	3.62e-02	1.45e-01	2.78e-01	2.67e-01	1.23e-01	6.22e-02	7.59e-02	9.53e-03	4.00e-04
 1.23822e+22	2.11e-29	2.67e-16	1.13e-13	1.31e-11	3.29e-10	4.96e-09	8.45e-08	4.79e-05	2.56e-03	3.87e-02	1.52e-01	2.84e-01	2.66e-01	1.19e-01	5.89e-02	7.02e-02	8.54e-03	3.47e-04
 1.25030e+22	2.82e-29	3.48e-16	1.43e-13	1.61e-11	3.91e-10	5.70e-09	9.44e-08	5.21e-05	2.75e-03	4.10e-02	1.58e-01	2.88e-01	2.64e-01	1.15e-01	5.61e-02	6.53e-02	7.73e-03	3.06e-04
 1.26338e+22	4.02e-29	4.80e-16	1.92e-13	2.06e-11	4.83e-10	6.78e-09	1.08e-07	5.79e-05	3.00e-03	4.40e-02	1.66e-01	2.94e-01	2.62e-01	1.11e-01	5.27e-02	5.98e-02	6.83e-03	2.61e-04
 1.27672e+22	5.36e-29	6.24e-16	2.42e-13	2.52e-11	5.73e-10	7.81e-09	1.22e-07	6.31e-05	3.22e-03	4.67e-02	1.73e-01	2.98e-01	2.60e-01	1.08e-01	5.00e-02	5.55e-02	6.17e-03	2.29e-04
 1.29037e+22	7.76e-29	8.74e-16	3.27e-13	3.26e-11	7.15e-10	9.36e-09	1.41e-07	7.04e-05	3.52e-03	5.01e-02	1.82e-01	3.02e-01	2.56e-01	1.03e-01	4.67e-02	5.03e-02	5.39e-03	1.93e-04
 1.30405e+22	1.02e-28	1.12e-15	4.08e-13	3.95e-11	8.42e-10	1.07e-08	1.57e-07	7.64e-05	3.76e-03	5.29e-02	1.88e-01	3.06e-01	2.54e-01	9.97e-02	4.43e-02	4.68e-02	4.88e-03	1.70e-04
 1.31774e+22	1.46e-28	1.55e-15	5.48e-13	5.08e-11	1.04e-09	1.28e-08	1.81e-07	8.50e-05	4.10e-03	5.66e-02	1.97e-01	3.09e-01	2.50e-01	9.53e-02	4.13e-02	4.24e-02	4.26e-03	1.43e-04
 1.33165e+22	1.90e-28	1.98e-15	6.82e-13	6.14e-11	1.23e-09	1.47e-08	2.02e-07	9.24e-05	4.39e-03	5.96e-02	2.03e-01	3.12e-01	2.46e-01	9.19e-02	3.91e-02	3.93e-02	3.85e-03	1.26e-04
 1.34384e+22	2.48e-28	2.52e-15	8.46e-13	7.41e-11	1.44e-09	1.68e-08	2.25e-07	1.00e-04	4.68e-03	6.27e-02	2.10e-01	3.14e-01	2.43e-01	8.86e-02	3.70e-02	3.65e-02	3.47e-03	1.11e-04
 1.35768e+22	3.48e-28	3.44e-15	1.12e-12	9.42e-11	1.77e-09	1.99e-08	2.59e-07	1.11e-04	5.08e-03	6.68e-02	2.19e-01	3.17e-01	2.38e-01	8.44e-02	3.44e-02	3.30e-02	3.03e-03	9.35e-05
 1.37146e+22	4.42e-28	4.27e-15	1.36e-12	1.12e-10	2.06e-09	2.26e-08	2.87e-07	1.20e-04	5.40e-03	6.99e-02	2.25e-01	3.18e-01	2.34e-01	8.14e-02	3.27e-02	3.07e-02	2.76e-03	8.29e-05
 1.38516e+22	6.17e-28	5.79e-15	1.79e-12	1.42e-10	2.52e-09	2.67e-08	3.28e-07	1.33e-04	5.85e-03	7.43e-02	2.33e-01	3.20e-01	2.29e-01	7.73e-02	3.04e-02	2.78e-02	2.41e-03	6.99e-05
 1.39903e+22	7.84e-28	7.19e-15	2.18e-12	1.68e-10	2.93e-09	3.03e-08	3.64e-07	1.44e-04	6.22e-03	7.77e-02	2.39e-01	3.21e-01	2.25e-01	7.44e-02	2.87e-02	2.58e-02	2.18e-03	6.18e-05
 1.41315e+22	1.08e-27	9.65e-15	2.84e-12	2.12e-10	3.57e-09	3.58e-08	4.17e-07	1.59e-04	6.73e-03	8.23e-02	2.48e-01	3.21e-01	2.19e-01	7.06e-02	2.67e-02	2.33e-02	1.90e-03	5.22e-05
 1.42768e+22	1.39e-27	1.21e-14	3.50e-12	2.54e-10	4.18e-09	4.08e-08	4.65e-07	1.73e-04	7.17e-03	8.62e-02	2.54e-01	3.22e-01	2.15e-01	6.76e-02	2.51e-02	2.15e-02	1.71e-03	4.57e-05
 1.44275e+22	1.95e-27	1.64e-14	4.60e-12	3.23e-10	5.14e-09	4.86e-08	5.36e-07	1.92e-04	7.77e-03	9.14e-02	2.63e-01	3.21e-01	2.09e-01	6.38e-02	2.32e-02	1.93e-02	1.48e-03	3.82e-05
 1.45812e+22	2.52e-27	2.07e-14	5.69e-12	3.88e-10	6.04e-09	5.57e-08	5.99e-07	2.09e-04	8.29e-03	9.57e-02	2.69e-01	3.21e-01	2.04e-01	6.09e-02	2.17e-02	1.77e-02	1.32e-03	3.32e-05
 1.47389e+22	3.53e-27	2.81e-14	7.49e-12	4.94e-10	7.44e-09	6.63e-08	6.92e-07	2.33e-04	8.99e-03	1.01e-01	2.78e-01	3.20e-01	1.97e-01	5.72e-02	2.00e-02	1.59e-02	1.14e-03	2.76e-05
 1.49017e+22	4.63e-27	3.58e-14	9.35e-12	6.00e-10	8.82e-09	7.66e-08	7.79e-07	2.54e-04	9.62e-03	1.06e-01	2.85e-01	3.19e-01	1.92e-01	5.43e-02	1.86e-02	1.45e-02	1.01e-03	2.38e-05
 1.50710e+22	6.58e-27	4.90e-14	1.24e-11	7.71e-10	1.10e-08	9.21e-08	9.06e-07	2.85e-04	1.05e-02	1.13e-01	2.93e-01	3.17e-01	1.85e-01	5.07e-02	1.70e-02	1.28e-02	8.65e-04	1.96e-05
 1.52456e+22	8.73e-27	6.32e-14	1.57e-11	9.46e-10	1.31e-08	1.07e-07	1.03e-06	3.13e-04	1.12e-02	1.18e-01	3.00e-01	3.15e-01	1.79e-01	4.79e-02	1.57e-02	1.16e-02	7.60e-04	1.67e-05
 1.54270e+22	1.26e-26	8.79e-14	2.12e-11	1.23e-09	1.65e-08	1.30e-07	1.20e-06	3.52e-04	1.23e-02	1.25e-01	3.09e-01	3.12e-01	1.72e-01	4.44e-02	1.42e-02	1.02e-02	6.40e-04	1.35e-05
 1.56104e+22	1.68e-26	1.13e-13	2.67e-11	1.51e-09	1.97e-08	1.51e-07	1.36e-06	3.87e-04	1.31e-02	1.31e-01	3.15e-01	3.09e-01	1.66e-01	4.18e-02	1.31e-02	9.22e-03	5.61e-04	1.15e-05
 1.57965e+22	2.42e-26	1.57e-13	3.60e-11	1.96e-09	2.47e-08	1.83e-07	1.60e-06	4.35e-04	1.43e-02	1.39e-01	3.24e-01	3.05e-01	1.58e-01	3.86e-02	1.18e-02	8.06e-03	4.71e-04	9.26e-06
 1.59890e+22	3.27e-26	2.05e-13	4.60e-11	2.44e-09	2.98e-08	2.15e-07	1.82e-06	4.81e-04	1.54e-02	1.46e-01	3.30e-01	3.02e-01	1.52e-01	3.61e-02	1.09e-02	7.21e-03	4.08e-04	7.76e-06
 1.61901e+22	4.84e-26	2.92e-13	6.34e-11	3.23e-09	3.81e-08	2.65e-07	2.16e-06	5.46e-04	1.69e-02	1.55e-01	3.38e-01	2.96e-01	1.44e-01	3.30e-02	9.67e-03	6.21e-03	3.36e-04	6.12e-06
 1.63929e+22	6.57e-26	3.84e-13	8.15e-11	4.02e-09	4.62e-08	3.11e-07	2.47e-06	6.03e-04	1.81e-02	1.62e-01	3.45e-01	2.91e-01	1.38e-01	3.07e-02	8.82e-03	5.52e-03	2.88e-04	5.08e-06
 1.65979e+22	9.72e-26	5.46e-13	1.12e-10	5.32e-09	5.90e-08	3.83e-07	2.93e-06	6.85e-04	1.99e-02	1.72e-01	3.52e-01	2.85e-01	1.30e-01	2.79e-02	7.82e-03	4.73e-03	2.37e-04	3.98e-06
 1.68063e+22	1.33e-25	7.25e-13	1.45e-10	6.68e-09	7.19e-08	4.53e-07	3.37e-06	7.58e-04	2.14e-02	1.80e-01	3.58e-01	2.80e-01	1.24e-01	2.58e-02	7.08e-03	4.17e-03	2.01e-04	3.27e-06
 1.69799e+22	1.75e-25	9.29e-13	1.82e-10	8.13e-09	8.54e-08	5.24e-07	3.80e-06	8.29e-04	2.27e-02	1.87e-01	3.62e-01	2.75e-01	1.18e-01	2.41e-02	6.49e-03	3.73e-03	1.74e-04	2.74e-06
 1.71662e+22	2.48e-25	1.28e-12	2.43e-10	1.05e-08	1.07e-07	6.33e-07	4.44e-06	9.29e-04	2.46e-02	1.96e-01	3.68e-01	2.68e-01	1.12e-01	2.19e-02	5.78e-03	3.22e-03	1.44e-04	2.18e-06
 1.73545e+22	3.28e-25	1.65e-12	3.06e-10	1.28e-08	1.27e-07	7.36e-07	5.02e-06	1.02e-03	2.63e-02	2.04e-01	3.72e-01	2.62e-01	1.06e-01	2.03e-02	5.27e-03	2.86e-03	1.24e-04	1.81e-06
 1.75453e+22	4.71e-25	2.31e-12	4.14e-10	1.66e-08	1.60e-07	8.95e-07	5.91e-06	1.14e-03	2.85e-02	2.14e-01	3.77e-01	2.54e-01	9.94e-02	1.84e-02	4.65e-03	2.44e-03	1.01e-04	1.41e-06
 1.77362e+22	6.17e-25	2.97e-12	5.19e-10	2.03e-08	1.91e-07	1.04e-06	6.69e-06	1.25e-03	3.03e-02	2.22e-01	3.81e-01	2.48e-01	9.44e-02	1.70e-02	4.23e-03	2.16e-03	8.67e-05	1.17e-06
 1.79273e+22	1.19e-24	4.18e-12	7.03e-10	2.64e-08	2.40e-07	1.27e-06	7.89e-06	1.41e-03	3.29e-02	2.33e-01	3.85e-01	2.39e-01	8.79e-02	1.53e-02	3.71e-03	1.83e-03	7.01e-05	9.05e-07
 1.81194e+22	1.56e-24	5.39e-12	8.84e-10	3.23e-08	2.87e-07	1.47e-06	8.96e-06	1.55e-03	3.50e-02	2.41e-01	3.87e-01	2.32e-01	8.31e-02	1.40e-02	3.36e-03	1.61e-03	5.96e-05	7.43e-07
 1.83130e+22	2.22e-24	7.59e-12	1.20e-09	4.20e-08	3.63e-07	1.80e-06	1.06e-05	1.74e-03	3.80e-02	2.53e-01	3.90e-01	2.23e-01	7.68e-02	1.25e-02	2.93e-03	1.36e-03	4.77e-05	5.67e-07
 1.85090e+22	2.92e-24	9.92e-12	1.52e-09	5.17e-08	4.36e-07	2.11e-06	1.21e-05	1.92e-03	4.06e-02	2.62e-01	3.92e-01	2.16e-01	7.21e-02	1.14e-02	2.62e-03	1.18e-03	3.99e-05	4.57e-07
 1.87079e+22	4.15e-24	1.41e-11	2.07e-09	6.78e-08	5.56e-07	2.61e-06	1.45e-05	2.18e-03	4.41e-02	2.75e-01	3.94e-01	2.06e-01	6.61e-02	1.00e-02	2.26e-03	9.76e-04	3.14e-05	3.42e-07
 1.89088e+22	5.45e-24	1.85e-11	2.63e-09	8.36e-08	6.72e-07	3.08e-06	1.67e-05	2.40e-03	4.72e-02	2.85e-01	3.95e-01	1.98e-01	6.16e-02	9.07e-03	2.01e-03	8.39e-04	2.60e-05	2.72e-07
 1.91123e+22	7.67e-24	2.63e-11	3.59e-09	1.10e-07	8.61e-07	3.82e-06	2.01e-05	2.74e-03	5.14e-02	2.98e-01	3.95e-01	1.87e-01	5.59e-02	7.91e-03	1.72e-03	6.86e-04	2.01e-05	1.99e-07
 1.93191e+22	1.00e-23	3.46e-11	4.57e-09	1.36e-07	1.05e-06	4.54e-06	2.33e-05	3.04e-03	5.50e-02	3.09e-01	3.94e-01	1.78e-01	5.16e-02	7.07e-03	1.51e-03	5.82e-04	1.63e-05	1.55e-07
 1.94927e+22	1.26e-23	4.42e-11	5.66e-09	1.65e-07	1.25e-06	5.31e-06	2.67e-05	3.34e-03	5.85e-02	3.18e-01	3.93e-01	1.71e-01	4.79e-02	6.37e-03	1.34e-03	5.01e-04	1.35e-05	1.23e-07
 1.96753e+22	1.65e-23	5.94e-11	7.34e-09	2.08e-07	1.55e-06	6.43e-06	3.16e-05	3.76e-03	6.31e-02	3.31e-01	3.91e-01	1.61e-01	4.36e-02	5.58e-03	1.15e-03	4.14e-04	1.06e-05	0.00e+00
 1.98597e+22	2.05e-23	7.56e-11	9.07e-09	2.52e-07	1.86e-06	7.55e-06	3.63e-05	4.15e-03	6.72e-02	3.41e-01	3.88e-01	1.53e-01	4.02e-02	4.99e-03	1.02e-03	3.52e-04	8.68e-06	0.00e+00
 2.00375e+22	2.57e-23	9.85e-11	1.14e-08	3.12e-07	2.27e-06	9.05e-06	4.27e-05	4.64e-03	7.21e-02	3.52e-01	3.84e-01	1.44e-01	3.65e-02	4.38e-03	8.79e-04	2.92e-04	6.88e-06	0.00e+00
 2.02198e+22	3.13e-23	1.25e-10	1.41e-08	3.79e-07	2.74e-06	1.07e-05	4.96e-05	5.15e-03	7.70e-02	3.63e-01	3.80e-01	1.36e-01	3.33e-02	3.87e-03	7.65e-04	2.45e-04	5.52e-06	0.00e+00
 2.03980e+22	3.81e-23	1.59e-10	1.74e-08	4.62e-07	3.31e-06	1.27e-05	5.80e-05	5.73e-03	8.24e-02	3.74e-01	3.75e-01	1.28e-01	3.02e-02	3.39e-03	6.62e-04	2.04e-04	4.38e-06	0.00e+00
 2.05741e+22	4.51e-23	1.97e-10	2.12e-08	5.55e-07	3.96e-06	1.50e-05	6.73e-05	6.35e-03	8.78e-02	3.84e-01	3.70e-01	1.20e-01	2.75e-02	2.99e-03	5.75e-04	1.71e-04	3.51e-06	0.00e+00
 2.07470e+22	5.34e-23	2.44e-10	2.56e-08	6.66e-07	4.73e-06	1.77e-05	7.83e-05	7.04e-03	9.35e-02	3.94e-01	3.64e-01	1.13e-01	2.49e-02	2.63e-03	4.98e-04	1.42e-04	2.80e-06	0.00e+00
 2.09191e+22	6.21e-23	2.98e-10	3.06e-08	7.93e-07	5.62e-06	2.07e-05	9.08e-05	7.79e-03	9.95e-02	4.04e-01	3.58e-01	1.06e-01	2.26e-02	2.31e-03	4.32e-04	1.19e-04	2.24e-06	0.00e+00
 2.10888e+22	7.15e-23	3.60e-10	3.64e-08	9.40e-07	6.66e-06	2.43e-05	1.05e-04	8.62e-03	1.06e-01	4.13e-01	3.51e-01	9.88e-02	2.05e-02	2.03e-03	3.74e-04	9.93e-05	1.79e-06	0.00e+00
 2.12580e+22	8.18e-23	4.31e-10	4.30e-08	1.11e-06	7.87e-06	2.83e-05	1.22e-04	9.52e-03	1.12e-01	4.22e-01	3.43e-01	9.23e-02	1.85e-02	1.78e-03	3.24e-04	8.29e-05	1.43e-06	0.00e+00
 2.14274e+22	9.28e-23	5.12e-10	5.05e-08	1.31e-06	9.28e-06	3.31e-05	1.41e-04	1.05e-02	1.19e-01	4.30e-01	3.35e-01	8.60e-02	1.67e-02	1.56e-03	2.80e-04	6.90e-05	1.14e-06	0.00e+00
 2.15978e+22	1.05e-22	6.03e-10	5.91e-08	1.53e-06	1.09e-05	3.85e-05	1.63e-04	1.16e-02	1.26e-01	4.38e-01	3.27e-01	8.01e-02	1.51e-02	1.36e-03	2.42e-04	5.74e-05	9.08e-07	0.00e+00
 2.17699e+22	1.18e-22	7.07e-10	6.90e-08	1.79e-06	1.28e-05	4.49e-05	1.89e-04	1.28e-02	1.33e-01	4.46e-01	3.19e-01	7.44e-02	1.36e-02	1.19e-03	2.08e-04	4.77e-05	7.21e-07	0.00e+00
 2.19442e+22	1.34e-22	8.24e-10	8.03e-08	2.10e-06	1.51e-05	5.23e-05	2.18e-04	1.41e-02	1.41e-01	4.53e-01	3.10e-01	6.89e-02	1.22e-02	1.04e-03	1.79e-04	3.95e-05	5.71e-07	0.00e+00
 2.21215e+22	1.51e-22	9.56e-10	9.33e-08	2.46e-06	1.77e-05	6.09e-05	2.53e-04	1.56e-02	1.49e-01	4.59e-01	3.00e-01	6.37e-02	1.10e-02	9.00e-04	1.54e-04	3.26e-05	4.51e-07	0.00e+00
 2.23000e+22	1.70e-22	1.10e-09	1.08e-07	2.86e-06	2.07e-05	7.07e-05	2.93e-04	1.72e-02	1.57e-01	4.65e-01	2.91e-01	5.89e-02	9.82e-03	7.83e-04	1.32e-04	2.70e-05	3.57e-07	0.00e+00
 2.24825e+22	1.91e-22	1.27e-09	1.25e-07	3.34e-06	2.44e-05	8.24e-05	3.40e-04	1.90e-02	1.66e-01	4.70e-01	2.81e-01	5.42e-02	8.76e-03	6.77e-04	1.12e-04	2.21e-05	2.80e-07	0.00e+00
 2.26661e+22	2.17e-22	1.45e-09	1.45e-07	3.88e-06	2.84e-05	9.53e-05	3.92e-04	2.09e-02	1.75e-01	4.74e-01	2.71e-01	5.00e-02	7.85e-03	5.89e-04	9.64e-05	1.83e-05	2.22e-07	0.00e+00
 2.28547e+22	2.50e-22	1.66e-09	1.68e-07	4.55e-06	3.35e-05	1.11e-04	4.56e-04	2.31e-02	1.85e-01	4.78e-01	2.60e-01	4.58e-02	6.96e-03	5.06e-04	8.16e-05	1.49e-05	1.72e-07	0.00e+00
 2.30314e+22	2.82e-22	1.85e-09	1.90e-07	5.15e-06	3.81e-05	1.26e-04	5.14e-04	2.50e-02	1.93e-01	4.80e-01	2.52e-01	4.26e-02	6.33e-03	4.49e-04	7.15e-05	1.27e-05	1.41e-07	0.00e+00
 2.32119e+22	3.29e-22	2.12e-09	2.21e-07	6.05e-06	4.49e-05	1.47e-04	6.00e-04	2.76e-02	2.03e-01	4.83e-01	2.41e-01	3.88e-02	5.59e-03	3.84e-04	6.02e-05	1.02e-05	0.00e+00	0.00e+00
 2.33945e+22	3.76e-22	2.36e-09	2.50e-07	6.86e-06	5.10e-05	1.66e-04	6.74e-04	2.98e-02	2.11e-01	4.84e-01	2.33e-01	3.61e-02	5.08e-03	3.41e-04	5.27e-05	8.71e-06	0.00e+00	0.00e+00
 2.35801e+22	4.47e-22	2.71e-09	2.93e-07	8.05e-06	6.01e-05	1.93e-04	7.85e-04	3.29e-02	2.22e-01	4.85e-01	2.22e-01	3.28e-02	4.48e-03	2.91e-04	4.43e-05	7.05e-06	0.00e+00	0.00e+00
 2.37707e+22	5.19e-22	3.02e-09	3.33e-07	9.18e-06	6.85e-05	2.19e-04	8.86e-04	3.56e-02	2.31e-01	4.84e-01	2.13e-01	3.03e-02	4.04e-03	2.56e-04	3.85e-05	5.93e-06	0.00e+00	0.00e+00
 2.39678e+22	6.29e-22	3.46e-09	3.92e-07	1.08e-05	8.12e-05	2.56e-04	1.04e-03	3.94e-02	2.43e-01	4.83e-01	2.02e-01	2.73e-02	3.53e-03	2.17e-04	3.20e-05	4.73e-06	0.00e+00	0.00e+00
 2.41675e+22	7.42e-22	3.90e-09	4.49e-07	1.24e-05	9.25e-05	2.89e-04	1.17e-03	4.25e-02	2.52e-01	4.82e-01	1.94e-01	2.52e-02	3.19e-03	1.91e-04	2.78e-05	3.99e-06	0.00e+00	0.00e+00
 2.43705e+22	9.14e-22	4.48e-09	5.32e-07	1.47e-05	1.10e-04	3.39e-04	1.36e-03	4.70e-02	2.64e-01	4.79e-01	1.83e-01	2.27e-02	2.78e-03	1.61e-04	2.30e-05	3.17e-06	0.00e+00	0.00e+00
 2.45748e+22	1.09e-21	5.05e-09	6.10e-07	1.68e-05	1.25e-04	3.81e-04	1.53e-03	5.05e-02	2.72e-01	4.77e-01	1.75e-01	2.09e-02	2.50e-03	1.42e-04	2.00e-05	2.67e-06	0.00e+00	0.00e+00
 2.47807e+22	1.36e-21	5.83e-09	7.25e-07	1.99e-05	1.48e-04	4.45e-04	1.78e-03	5.56e-02	2.84e-01	4.72e-01	1.64e-01	1.87e-02	2.18e-03	1.19e-04	1.65e-05	2.12e-06	0.00e+00	0.00e+00
 2.49890e+22	1.63e-21	6.60e-09	8.35e-07	2.28e-05	1.68e-04	5.01e-04	1.99e-03	5.97e-02	2.93e-01	4.68e-01	1.57e-01	1.72e-02	1.96e-03	1.05e-04	1.43e-05	1.78e-06	0.00e+00	0.00e+00
 2.52005e+22	2.07e-21	7.68e-09	1.00e-06	2.72e-05	1.99e-04	5.84e-04	2.31e-03	6.56e-02	3.05e-01	4.62e-01	1.47e-01	1.53e-02	1.70e-03	8.80e-05	1.18e-05	1.41e-06	0.00e+00	0.00e+00
 2.54154e+22	2.52e-21	8.74e-09	1.16e-06	3.12e-05	2.27e-04	6.58e-04	2.59e-03	7.04e-02	3.14e-01	4.57e-01	1.39e-01	1.40e-02	1.52e-03	7.68e-05	1.02e-05	1.18e-06	0.00e+00	0.00e+00
 2.56346e+22	3.25e-21	1.03e-08	1.40e-06	3.74e-05	2.69e-04	7.68e-04	3.01e-03	7.71e-02	3.26e-01	4.49e-01	1.30e-01	1.25e-02	1.32e-03	6.42e-05	8.35e-06	9.29e-07	0.00e+00	0.00e+00
 2.58578e+22	4.02e-21	1.18e-08	1.64e-06	4.33e-05	3.08e-04	8.66e-04	3.37e-03	8.27e-02	3.35e-01	4.43e-01	1.22e-01	1.14e-02	1.17e-03	5.58e-05	7.15e-06	7.70e-07	0.00e+00	0.00e+00
 2.60862e+22	5.29e-21	1.41e-08	2.00e-06	5.22e-05	3.67e-04	1.01e-03	3.92e-03	9.05e-02	3.47e-01	4.33e-01	1.13e-01	1.00e-02	1.01e-03	4.63e-05	5.83e-06	6.02e-07	0.00e+00	0.00e+00
 2.63196e+22	6.65e-21	1.63e-08	2.36e-06	6.07e-05	4.21e-04	1.14e-03	4.39e-03	9.70e-02	3.55e-01	4.25e-01	1.07e-01	9.07e-03	8.92e-04	4.00e-05	4.95e-06	4.95e-07	0.00e+00	0.00e+00
 2.65162e+22	8.15e-21	1.87e-08	2.73e-06	6.95e-05	4.76e-04	1.28e-03	4.86e-03	1.03e-01	3.63e-01	4.18e-01	1.01e-01	8.30e-03	8.00e-04	3.50e-05	4.29e-06	4.16e-07	0.00e+00	0.00e+00
 2.67284e+22	1.06e-20	2.20e-08	3.29e-06	8.26e-05	5.58e-04	1.47e-03	5.55e-03	1.11e-01	3.72e-01	4.07e-01	9.34e-02	7.36e-03	6.93e-04	2.94e-05	3.54e-06	3.31e-07	0.00e+00	0.00e+00
 2.69416e+22	1.31e-20	2.54e-08	3.82e-06	9.47e-05	6.30e-04	1.63e-03	6.10e-03	1.18e-01	3.79e-01	3.99e-01	8.82e-02	6.74e-03	6.23e-04	2.58e-05	3.07e-06	2.79e-07	0.00e+00	0.00e+00
 2.71560e+22	1.72e-20	3.03e-08	4.63e-06	1.13e-04	7.37e-04	1.87e-03	6.94e-03	1.27e-01	3.87e-01	3.88e-01	8.15e-02	5.97e-03	5.39e-04	2.17e-05	2.53e-06	2.21e-07	0.00e+00	0.00e+00
 2.73689e+22	2.14e-20	3.50e-08	5.37e-06	1.29e-04	8.28e-04	2.07e-03	7.60e-03	1.34e-01	3.93e-01	3.80e-01	7.69e-02	5.47e-03	4.84e-04	1.91e-05	2.20e-06	1.87e-07	0.00e+00	0.00e+00
 2.75798e+22	2.81e-20	4.19e-08	6.50e-06	1.53e-04	9.64e-04	2.36e-03	8.58e-03	1.43e-01	4.00e-01	3.68e-01	7.09e-02	4.85e-03	4.20e-04	1.60e-05	1.82e-06	1.49e-07	0.00e+00	0.00e+00
 2.77932e+22	3.52e-20	4.88e-08	7.58e-06	1.76e-04	1.09e-03	2.61e-03	9.39e-03	1.51e-01	4.05e-01	3.59e-01	6.67e-02	4.42e-03	3.76e-04	1.41e-05	1.57e-06	1.25e-07	0.00e+00	0.00e+00
 2.80098e+22	4.69e-20	5.91e-08	9.23e-06	2.10e-04	1.27e-03	2.97e-03	1.06e-02	1.61e-01	4.11e-01	3.47e-01	6.13e-02	3.91e-03	3.25e-04	1.18e-05	1.30e-06	0.00e+00	0.00e+00	0.00e+00
 2.82304e+22	5.95e-20	6.93e-08	1.08e-05	2.42e-04	1.43e-03	3.30e-03	1.16e-02	1.70e-01	4.16e-01	3.37e-01	5.73e-02	3.54e-03	2.89e-04	1.02e-05	1.11e-06	0.00e+00	0.00e+00	0.00e+00
 2.84561e+22	8.08e-20	8.50e-08	1.33e-05	2.91e-04	1.68e-03	3.78e-03	1.31e-02	1.81e-01	4.21e-01	3.24e-01	5.23e-02	3.11e-03	2.48e-04	8.51e-06	9.07e-07	0.00e+00	0.00e+00	0.00e+00
 2.86835e+22	1.04e-19	1.01e-07	1.57e-05	3.36e-04	1.89e-03	4.18e-03	1.42e-02	1.90e-01	4.24e-01	3.14e-01	4.89e-02	2.82e-03	2.21e-04	7.41e-06	7.79e-07	0.00e+00	0.00e+00	0.00e+00
 2.89131e+22	1.42e-19	1.24e-07	1.94e-05	4.05e-04	2.22e-03	4.78e-03	1.60e-02	2.02e-01	4.27e-01	3.00e-01	4.43e-02	2.45e-03	1.88e-04	6.11e-06	6.31e-07	0.00e+00	0.00e+00	0.00e+00
 2.91450e+22	1.83e-19	1.49e-07	2.30e-05	4.69e-04	2.50e-03	5.29e-03	1.75e-02	2.11e-01	4.29e-01	2.90e-01	4.12e-02	2.22e-03	1.67e-04	5.29e-06	5.40e-07	0.00e+00	0.00e+00	0.00e+00
 2.93800e+22	2.54e-19	1.85e-07	2.85e-05	5.68e-04	2.94e-03	6.04e-03	1.96e-02	2.24e-01	4.31e-01	2.76e-01	3.72e-02	1.92e-03	1.41e-04	4.35e-06	4.35e-07	0.00e+00	0.00e+00	0.00e+00
 2.96203e+22	3.34e-19	2.24e-07	3.40e-05	6.62e-04	3.33e-03	6.70e-03	2.14e-02	2.34e-01	4.31e-01	2.66e-01	3.44e-02	1.73e-03	1.24e-04	3.73e-06	3.69e-07	0.00e+00	0.00e+00	0.00e+00
 2.98676e+22	4.73e-19	2.84e-07	4.27e-05	8.07e-04	3.93e-03	7.69e-03	2.40e-02	2.49e-01	4.31e-01	2.51e-01	3.08e-02	1.48e-03	1.04e-04	3.03e-06	2.93e-07	0.00e+00	0.00e+00	0.00e+00
 3.01199e+22	6.32e-19	3.47e-07	5.13e-05	9.47e-04	4.47e-03	8.54e-03	2.62e-02	2.59e-01	4.31e-01	2.40e-01	2.83e-02	1.32e-03	9.10e-05	2.58e-06	2.46e-07	0.00e+00	0.00e+00	0.00e+00
 3.03789e+22	9.15e-19	4.47e-07	6.51e-05	1.16e-03	5.29e-03	9.81e-03	2.94e-02	2.74e-01	4.28e-01	2.26e-01	2.51e-02	1.13e-03	7.55e-05	2.07e-06	1.94e-07	0.00e+00	0.00e+00	0.00e+00
 3.06399e+22	1.23e-18	5.49e-07	7.84e-05	1.37e-03	6.02e-03	1.09e-02	3.20e-02	2.85e-01	4.26e-01	2.15e-01	2.29e-02	9.98e-04	6.57e-05	1.75e-06	1.62e-07	0.00e+00	0.00e+00	0.00e+00
 3.09036e+22	1.80e-18	7.14e-07	9.97e-05	1.68e-03	7.12e-03	1.25e-02	3.58e-02	3.00e-01	4.21e-01	2.01e-01	2.02e-02	8.45e-04	5.42e-05	1.40e-06	1.26e-07	0.00e+00	0.00e+00	0.00e+00
 3.11543e+22	2.36e-18	8.60e-07	1.18e-04	1.94e-03	8.00e-03	1.37e-02	3.86e-02	3.10e-01	4.17e-01	1.91e-01	1.85e-02	7.54e-04	4.74e-05	1.20e-06	0.00e+00	0.00e+00	0.00e+00	0.00e+00
 3.13880e+22	3.28e-18	1.08e-06	1.45e-04	2.32e-03	9.19e-03	1.53e-02	4.21e-02	3.22e-01	4.12e-01	1.80e-01	1.66e-02	6.56e-04	4.04e-05	9.90e-07	0.00e+00	0.00e+00	0.00e+00	0.00e+00
 3.16379e+22	4.48e-18	1.34e-06	1.75e-04	2.73e-03	1.05e-02	1.70e-02	4.57e-02	3.33e-01	4.06e-01	1.69e-01	1.50e-02	5.74e-04	3.46e-05	8.26e-07	0.00e+00	0.00e+00	0.00e+00	0.00e+00
 3.18707e+22	3.93e-18	1.64e-06	2.10e-04	3.18e-03	1.18e-02	1.87e-02	4.93e-02	3.43e-01	4.00e-01	1.60e-01	1.35e-02	5.05e-04	2.98e-05	6.94e-07	0.00e+00	0.00e+00	0.00e+00	0.00e+00
 3.20895e+22	5.15e-18	1.98e-06	2.49e-04	3.67e-03	1.32e-02	2.04e-02	5.28e-02	3.52e-01	3.93e-01	1.51e-01	1.23e-02	4.47e-04	2.60e-05	5.91e-07	0.00e+00	0.00e+00	0.00e+00	0.00e+00
 3.22968e+22	6.71e-18	2.39e-06	2.93e-04	4.21e-03	1.47e-02	2.23e-02	5.64e-02	3.61e-01	3.87e-01	1.43e-01	1.12e-02	3.97e-04	2.26e-05	5.04e-07	0.00e+00	0.00e+00	0.00e+00	0.00e+00
 3.25350e+22	9.52e-18	3.03e-06	3.60e-04	5.02e-03	1.69e-02	2.48e-02	6.11e-02	3.72e-01	3.77e-01	1.33e-01	9.92e-03	3.41e-04	1.90e-05	4.10e-07	0.00e+00	0.00e+00	0.00e+00	0.00e+00
 3.27773e+22	1.25e-17	3.67e-06	4.27e-04	5.79e-03	1.88e-02	2.70e-02	6.52e-02	3.80e-01	3.69e-01	1.24e-01	8.96e-03	3.00e-04	1.64e-05	3.46e-07	0.00e+00	0.00e+00	0.00e+00	0.00e+00
 3.30250e+22	1.79e-17	4.68e-06	5.26e-04	6.90e-03	2.16e-02	3.00e-02	7.05e-02	3.89e-01	3.58e-01	1.15e-01	7.88e-03	2.56e-04	1.37e-05	2.80e-07	0.00e+00	0.00e+00	0.00e+00	0.00e+00
 3.32789e+22	2.44e-17	5.77e-06	6.30e-04	8.02e-03	2.42e-02	3.28e-02	7.53e-02	3.97e-01	3.48e-01	1.07e-01	7.02e-03	2.22e-04	1.16e-05	2.32e-07	0.00e+00	0.00e+00	0.00e+00	0.00e+00
 3.35028e+22	3.24e-17	7.02e-06	7.46e-04	9.24e-03	2.69e-02	3.56e-02	8.00e-02	4.03e-01	3.38e-01	9.95e-02	6.29e-03	1.94e-04	9.94e-06	1.94e-07	0.00e+00	0.00e+00	0.00e+00	0.00e+00
 3.37559e+22	4.65e-17	8.96e-06	9.19e-04	1.10e-02	3.07e-02	3.93e-02	8.59e-02	4.10e-01	3.25e-01	9.09e-02	5.48e-03	1.64e-04	8.20e-06	1.56e-07	0.00e+00	0.00e+00	0.00e+00	0.00e+00
 3.40206e+22	6.46e-17	1.11e-05	1.11e-03	1.28e-02	3.44e-02	4.29e-02	9.14e-02	4.15e-01	3.13e-01	8.36e-02	4.82e-03	1.41e-04	6.87e-06	1.27e-07	0.00e+00	0.00e+00	0.00e+00	0.00e+00
 3.42610e+22	8.80e-17	1.37e-05	1.32e-03	1.48e-02	3.84e-02	4.66e-02	9.67e-02	4.19e-01	3.02e-01	7.69e-02	4.26e-03	1.21e-04	5.79e-06	0.00e+00	0.00e+00	0.00e+00	0.00e+00	0.00e+00
 3.45343e+22	1.30e-16	1.78e-05	1.64e-03	1.77e-02	4.38e-02	5.14e-02	1.03e-01	4.23e-01	2.86e-01	6.90e-02	3.63e-03	1.00e-04	4.65e-06	0.00e+00	0.00e+00	0.00e+00	0.00e+00	0.00e+00
 3.48147e+22	1.84e-16	2.22e-05	1.98e-03	2.06e-02	4.90e-02	5.59e-02	1.09e-01	4.25e-01	2.72e-01	6.26e-02	3.14e-03	8.46e-05	3.83e-06	0.00e+00	0.00e+00	0.00e+00	0.00e+00	0.00e+00
 3.50632e+22	2.52e-16	2.73e-05	2.36e-03	2.38e-02	5.43e-02	6.03e-02	1.15e-01	4.25e-01	2.59e-01	5.69e-02	2.74e-03	7.20e-05	3.19e-06	0.00e+00	0.00e+00	0.00e+00	0.00e+00	0.00e+00
 3.53453e+22	3.76e-16	3.55e-05	2.93e-03	2.83e-02	6.16e-02	6.61e-02	1.22e-01	4.24e-01	2.43e-01	5.03e-02	2.30e-03	5.86e-05	2.52e-06	0.00e+00	0.00e+00	0.00e+00	0.00e+00	0.00e+00
 3.56364e+22	5.43e-16	4.44e-05	3.53e-03	3.28e-02	6.85e-02	7.13e-02	1.28e-01	4.21e-01	2.28e-01	4.49e-02	1.96e-03	4.87e-05	2.04e-06	0.00e+00	0.00e+00	0.00e+00	0.00e+00	0.00e+00
 3.58970e+22	7.55e-16	5.48e-05	4.19e-03	3.77e-02	7.55e-02	7.64e-02	1.33e-01	4.17e-01	2.14e-01	4.02e-02	1.68e-03	4.07e-05	1.66e-06	0.00e+00	0.00e+00	0.00e+00	0.00e+00	0.00e+00
 3.61935e+22	1.15e-15	7.14e-05	5.21e-03	4.47e-02	8.50e-02	8.30e-02	1.39e-01	4.10e-01	1.97e-01	3.47e-02	1.38e-03	3.24e-05	1.28e-06	0.00e+00	0.00e+00	0.00e+00	0.00e+00	0.00e+00
 3.64935e+22	1.69e-15	8.88e-05	6.22e-03	5.14e-02	9.35e-02	8.86e-02	1.44e-01	4.02e-01	1.82e-01	3.06e-02	1.15e-03	2.65e-05	1.02e-06	0.00e+00	0.00e+00	0.00e+00	0.00e+00	0.00e+00
 3.67563e+22	2.33e-15	1.09e-04	7.33e-03	5.85e-02	1.02e-01	9.39e-02	1.49e-01	3.93e-01	1.69e-01	2.70e-02	9.77e-04	2.19e-05	8.23e-07	0.00e+00	0.00e+00	0.00e+00	0.00e+00	0.00e+00
 3.70562e+22	3.65e-15	1.40e-04	8.99e-03	6.83e-02	1.13e-01	1.00e-01	1.53e-01	3.80e-01	1.52e-01	2.29e-02	7.87e-04	1.71e-05	6.23e-07	0.00e+00	0.00e+00	0.00e+00	0.00e+00	0.00e+00
 3.73631e+22	5.56e-15	1.74e-04	1.07e-02	7.78e-02	1.23e-01	1.06e-01	1.57e-01	3.67e-01	1.39e-01	1.98e-02	6.49e-04	1.38e-05	4.87e-07	0.00e+00	0.00e+00	0.00e+00	0.00e+00	0.00e+00
 3.76362e+22	7.91e-15	2.12e-04	1.25e-02	8.76e-02	1.32e-01	1.11e-01	1.59e-01	3.53e-01	1.26e-01	1.71e-02	5.37e-04	1.12e-05	3.84e-07	0.00e+00	0.00e+00	0.00e+00	0.00e+00	0.00e+00
 3.79484e+22	1.26e-14	2.72e-04	1.52e-02	1.01e-01	1.45e-01	1.17e-01	1.61e-01	3.34e-01	1.11e-01	1.41e-02	4.20e-04	8.48e-06	2.82e-07	0.00e+00	0.00e+00	0.00e+00	0.00e+00	0.00e+00
 3.82676e+22	2.05e-14	3.35e-04	1.79e-02	1.14e-01	1.55e-01	1.22e-01	1.62e-01	3.17e-01	9.91e-02	1.19e-02	3.38e-04	6.66e-06	2.15e-07	0.00e+00	0.00e+00	0.00e+00	0.00e+00	0.00e+00
 3.85500e+22	3.05e-14	4.06e-04	2.07e-02	1.27e-01	1.65e-01	1.26e-01	1.62e-01	3.00e-01	8.84e-02	1.01e-02	2.74e-04	5.27e-06	1.65e-07	0.00e+00	0.00e+00	0.00e+00	0.00e+00	0.00e+00
 3.88261e+22	4.52e-14	4.88e-04	2.39e-02	1.40e-01	1.75e-01	1.29e-01	1.61e-01	2.83e-01	7.86e-02	8.53e-03	2.22e-04	4.18e-06	1.27e-07	0.00e+00	0.00e+00	0.00e+00	0.00e+00	0.00e+00
 3.91400e+22	7.54e-14	6.11e-04	2.84e-02	1.58e-01	1.86e-01	1.32e-01	1.59e-01	2.61e-01	6.74e-02	6.86e-03	1.70e-04	3.10e-06	0.00e+00	0.00e+00	0.00e+00	0.00e+00	0.00e+00	0.00e+00
 3.94574e+22	1.43e-13	7.35e-04	3.26e-02	1.73e-01	1.95e-01	1.35e-01	1.57e-01	2.42e-01	5.88e-02	5.67e-03	1.34e-04	2.40e-06	0.00e+00	0.00e+00	0.00e+00	0.00e+00	0.00e+00	0.00e+00
 3.97331e+22	2.18e-13	8.70e-04	3.69e-02	1.89e-01	2.02e-01	1.36e-01	1.54e-01	2.25e-01	5.15e-02	4.72e-03	1.07e-04	1.87e-06	0.00e+00	0.00e+00	0.00e+00	0.00e+00	0.00e+00	0.00e+00
 4.00454e+22	3.93e-13	1.07e-03	4.31e-02	2.08e-01	2.11e-01	1.37e-01	1.49e-01	2.04e-01	4.33e-02	3.72e-03	8.04e-05	1.37e-06	0.00e+00	0.00e+00	0.00e+00	0.00e+00	0.00e+00	0.00e+00
 4.03650e+22	8.03e-13	1.27e-03	4.88e-02	2.25e-01	2.18e-01	1.37e-01	1.44e-01	1.86e-01	3.71e-02	3.02e-03	6.25e-05	1.04e-06	0.00e+00	0.00e+00	0.00e+00	0.00e+00	0.00e+00	0.00e+00
 4.06389e+22	1.36e-12	1.48e-03	5.44e-02	2.41e-01	2.23e-01	1.37e-01	1.39e-01	1.70e-01	3.21e-02	2.49e-03	4.95e-05	8.05e-07	0.00e+00	0.00e+00	0.00e+00	0.00e+00	0.00e+00	0.00e+00
 4.09398e+22	3.12e-12	1.78e-03	6.20e-02	2.60e-01	2.28e-01	1.36e-01	1.32e-01	1.52e-01	2.67e-02	1.95e-03	3.70e-05	5.86e-07	0.00e+00	0.00e+00	0.00e+00	0.00e+00	0.00e+00	0.00e+00
 4.12480e+22	7.71e-12	2.07e-03	6.89e-02	2.76e-01	2.31e-01	1.34e-01	1.26e-01	1.38e-01	2.27e-02	1.57e-03	2.87e-05	4.45e-07	0.00e+00	0.00e+00	0.00e+00	0.00e+00	0.00e+00	0.00e+00
 4.15228e+22	1.72e-11	2.39e-03	7.61e-02	2.91e-01	2.33e-01	1.32e-01	1.20e-01	1.24e-01	1.93e-02	1.27e-03	2.23e-05	3.39e-07	0.00e+00	0.00e+00	0.00e+00	0.00e+00	0.00e+00	0.00e+00
 4.17701e+22	4.10e-11	2.68e-03	8.25e-02	3.04e-01	2.35e-01	1.30e-01	1.15e-01	1.14e-01	1.68e-02	1.06e-03	1.81e-05	2.69e-07	0.00e+00	0.00e+00	0.00e+00	0.00e+00	0.00e+00	0.00e+00
 4.19910e+22	1.36e-10	2.99e-03	8.87e-02	3.16e-01	2.35e-01	1.27e-01	1.10e-01	1.04e-01	1.47e-02	8.95e-04	1.48e-05	2.17e-07	0.00e+00	0.00e+00	0.00e+00	0.00e+00	0.00e+00	0.00e+00
 4.22448e+22	3.93e-10	3.41e-03	9.70e-02	3.30e-01	2.35e-01	1.24e-01	1.04e-01	9.34e-02	1.24e-02	7.19e-04	1.15e-05	1.64e-07	0.00e+00	0.00e+00	0.00e+00	0.00e+00	0.00e+00	0.00e+00
 4.25071e+22	3.72e-09	3.84e-03	1.05e-01	3.42e-01	2.34e-01	1.21e-01	9.82e-02	8.42e-02	1.06e-02	5.87e-04	9.05e-06	1.27e-07	0.00e+00	0.00e+00	0.00e+00	0.00e+00	0.00e+00	0.00e+00
 4.27386e+22	1.82e-08	4.27e-03	1.12e-01	3.53e-01	2.33e-01	1.18e-01	9.31e-02	7.65e-02	9.18e-03	4.88e-04	7.30e-06	0.00e+00	0.00e+00	0.00e+00	0.00e+00	0.00e+00	0.00e+00	0.00e+00
 4.29975e+22	9.30e-08	4.87e-03	1.23e-01	3.66e-01	2.31e-01	1.14e-01	8.68e-02	6.74e-02	7.59e-03	3.83e-04	5.52e-06	0.00e+00	0.00e+00	0.00e+00	0.00e+00	0.00e+00	0.00e+00	0.00e+00
 4.32614e+22	8.15e-07	5.41e-03	1.31e-01	3.77e-01	2.28e-01	1.10e-01	8.16e-02	6.05e-02	6.47e-03	3.13e-04	4.38e-06	0.00e+00	0.00e+00	0.00e+00	0.00e+00	0.00e+00	0.00e+00	0.00e+00
 4.35321e+22	1.16e-06	6.14e-03	1.42e-01	3.88e-01	2.24e-01	1.05e-01	7.55e-02	5.30e-02	5.32e-03	2.44e-04	3.30e-06	0.00e+00	0.00e+00	0.00e+00	0.00e+00	0.00e+00	0.00e+00	0.00e+00
 4.38096e+22	1.54e-06	6.86e-03	1.52e-01	3.97e-01	2.20e-01	1.01e-01	7.02e-02	4.70e-02	4.46e-03	1.95e-04	2.55e-06	0.00e+00	0.00e+00	0.00e+00	0.00e+00	0.00e+00	0.00e+00	0.00e+00
 4.40533e+22	1.88e-06	7.58e-03	1.62e-01	4.05e-01	2.16e-01	9.72e-02	6.55e-02	4.20e-02	3.78e-03	1.59e-04	2.01e-06	0.00e+00	0.00e+00	0.00e+00	0.00e+00	0.00e+00	0.00e+00	0.00e+00
 4.43274e+22	2.35e-06	8.58e-03	1.75e-01	4.15e-01	2.11e-01	9.22e-02	5.99e-02	3.62e-02	3.05e-03	1.22e-04	1.48e-06	0.00e+00	0.00e+00	0.00e+00	0.00e+00	0.00e+00	0.00e+00	0.00e+00
 4.46079e+22	2.80e-06	9.48e-03	1.85e-01	4.21e-01	2.06e-01	8.80e-02	5.55e-02	3.20e-02	2.56e-03	9.76e-05	1.16e-06	0.00e+00	0.00e+00	0.00e+00	0.00e+00	0.00e+00	0.00e+00	0.00e+00
 4.48966e+22	3.43e-06	1.07e-02	2.00e-01	4.28e-01	1.99e-01	8.28e-02	5.02e-02	2.73e-02	2.03e-03	7.33e-05	8.35e-07	0.00e+00	0.00e+00	0.00e+00	0.00e+00	0.00e+00	0.00e+00	0.00e+00
 4.51884e+22	4.03e-06	1.19e-02	2.11e-01	4.33e-01	1.93e-01	7.86e-02	4.62e-02	2.40e-02	1.68e-03	5.82e-05	6.43e-07	0.00e+00	0.00e+00	0.00e+00	0.00e+00	0.00e+00	0.00e+00	0.00e+00
 4.54843e+22	4.90e-06	1.34e-02	2.27e-01	4.38e-01	1.85e-01	7.34e-02	4.13e-02	2.02e-02	1.32e-03	4.31e-05	4.58e-07	0.00e+00	0.00e+00	0.00e+00	0.00e+00	0.00e+00	0.00e+00	0.00e+00
 4.57830e+22	5.67e-06	1.48e-02	2.40e-01	4.40e-01	1.79e-01	6.93e-02	3.78e-02	1.76e-02	1.09e-03	3.41e-05	3.51e-07	0.00e+00	0.00e+00	0.00e+00	0.00e+00	0.00e+00	0.00e+00	0.00e+00
 4.60853e+22	6.77e-06	1.67e-02	2.56e-01	4.42e-01	1.71e-01	6.44e-02	3.37e-02	1.48e-02	8.51e-04	2.52e-05	2.50e-07	0.00e+00	0.00e+00	0.00e+00	0.00e+00	0.00e+00	0.00e+00	0.00e+00
 4.63969e+22	7.85e-06	1.84e-02	2.70e-01	4.43e-01	1.64e-01	6.03e-02	3.05e-02	1.27e-02	6.88e-04	1.94e-05	1.87e-07	0.00e+00	0.00e+00	0.00e+00	0.00e+00	0.00e+00	0.00e+00	0.00e+00
 4.67207e+22	9.39e-06	2.08e-02	2.89e-01	4.42e-01	1.55e-01	5.54e-02	2.68e-02	1.05e-02	5.25e-04	1.40e-05	1.29e-07	0.00e+00	0.00e+00	0.00e+00	0.00e+00	0.00e+00	0.00e+00	0.00e+00
 4.70096e+22	1.04e-05	2.24e-02	2.99e-01	4.41e-01	1.50e-01	5.26e-02	2.48e-02	9.39e-03	4.49e-04	1.16e-05	0.00e+00	0.00e+00	0.00e+00	0.00e+00	0.00e+00	0.00e+00	0.00e+00	0.00e+00
 4.72532e+22	1.18e-05	2.45e-02	3.13e-01	4.39e-01	1.43e-01	4.91e-02	2.24e-02	8.09e-03	3.65e-04	8.99e-06	0.00e+00	0.00e+00	0.00e+00	0.00e+00	0.00e+00	0.00e+00	0.00e+00	0.00e+00
 4.75034e+22	1.31e-05	2.63e-02	3.25e-01	4.37e-01	1.38e-01	4.64e-02	2.06e-02	7.16e-03	3.07e-04	7.31e-06	0.00e+00	0.00e+00	0.00e+00	0.00e+00	0.00e+00	0.00e+00	0.00e+00	0.00e+00
 4.77623e+22	1.48e-05	2.88e-02	3.40e-01	4.33e-01	1.31e-01	4.30e-02	1.85e-02	6.11e-03	2.47e-04	5.61e-06	0.00e+00	0.00e+00	0.00e+00	0.00e+00	0.00e+00	0.00e+00	0.00e+00	0.00e+00
 4.80247e+22	1.64e-05	3.09e-02	3.52e-01	4.29e-01	1.25e-01	4.05e-02	1.69e-02	5.38e-03	2.07e-04	4.55e-06	0.00e+00	0.00e+00	0.00e+00	0.00e+00	0.00e+00	0.00e+00	0.00e+00	0.00e+00
 4.82918e+22	1.85e-05	3.38e-02	3.67e-01	4.23e-01	1.19e-01	3.74e-02	1.51e-02	4.56e-03	1.65e-04	3.47e-06	0.00e+00	0.00e+00	0.00e+00	0.00e+00	0.00e+00	0.00e+00	0.00e+00	0.00e+00
 4.85628e+22	2.04e-05	3.64e-02	3.79e-01	4.18e-01	1.13e-01	3.50e-02	1.37e-02	4.00e-03	1.38e-04	2.79e-06	0.00e+00	0.00e+00	0.00e+00	0.00e+00	0.00e+00	0.00e+00	0.00e+00	0.00e+00
 4.88386e+22	2.31e-05	3.98e-02	3.95e-01	4.10e-01	1.07e-01	3.22e-02	1.22e-02	3.36e-03	1.09e-04	2.10e-06	0.00e+00	0.00e+00	0.00e+00	0.00e+00	0.00e+00	0.00e+00	0.00e+00	0.00e+00
 4.91178e+22	2.54e-05	4.27e-02	4.08e-01	4.04e-01	1.01e-01	3.00e-02	1.10e-02	2.94e-03	9.02e-05	1.68e-06	0.00e+00	0.00e+00	0.00e+00	0.00e+00	0.00e+00	0.00e+00	0.00e+00	0.00e+00
 4.94015e+22	2.85e-05	4.65e-02	4.23e-01	3.95e-01	9.52e-02	2.75e-02	9.72e-03	2.47e-03	7.11e-05	1.27e-06	0.00e+00	0.00e+00	0.00e+00	0.00e+00	0.00e+00	0.00e+00	0.00e+00	0.00e+00
 4.96930e+22	3.14e-05	5.00e-02	4.36e-01	3.87e-01	9.00e-02	2.54e-02	8.73e-03	2.13e-03	5.82e-05	9.99e-07	0.00e+00	0.00e+00	0.00e+00	0.00e+00	0.00e+00	0.00e+00	0.00e+00	0.00e+00
 4.99945e+22	3.54e-05	5.47e-02	4.53e-01	3.76e-01	8.37e-02	2.30e-02	7.59e-03	1.76e-03	4.49e-05	7.35e-07	0.00e+00	0.00e+00	0.00e+00	0.00e+00	0.00e+00	0.00e+00	0.00e+00	0.00e+00
 5.02977e+22	3.89e-05	5.86e-02	4.65e-01	3.68e-01	7.90e-02	2.12e-02	6.81e-03	1.51e-03	3.67e-05	5.79e-07	0.00e+00	0.00e+00	0.00e+00	0.00e+00	0.00e+00	0.00e+00	0.00e+00	0.00e+00
 5.05412e+22	4.17e-05	6.19e-02	4.75e-01	3.60e-01	7.53e-02	1.99e-02	6.22e-03	1.34e-03	3.12e-05	4.77e-07	0.00e+00	0.00e+00	0.00e+00	0.00e+00	0.00e+00	0.00e+00	0.00e+00	0.00e+00
 5.07371e+22	4.42e-05	6.47e-02	4.82e-01	3.54e-01	7.24e-02	1.89e-02	5.80e-03	1.22e-03	2.74e-05	4.10e-07	0.00e+00	0.00e+00	0.00e+00	0.00e+00	0.00e+00	0.00e+00	0.00e+00	0.00e+00
 5.09329e+22	4.74e-05	6.82e-02	4.92e-01	3.47e-01	6.90e-02	1.77e-02	5.29e-03	1.08e-03	2.33e-05	3.38e-07	0.00e+00	0.00e+00	0.00e+00	0.00e+00	0.00e+00	0.00e+00	0.00e+00	0.00e+00
 5.11875e+22	5.18e-05	7.30e-02	5.04e-01	3.36e-01	6.46e-02	1.62e-02	4.69e-03	9.21e-04	1.88e-05	2.63e-07	0.00e+00	0.00e+00	0.00e+00	0.00e+00	0.00e+00	0.00e+00	0.00e+00	0.00e+00
 5.14426e+22	5.56e-05	7.70e-02	5.13e-01	3.28e-01	6.14e-02	1.51e-02	4.28e-03	8.14e-04	1.59e-05	2.16e-07	0.00e+00	0.00e+00	0.00e+00	0.00e+00	0.00e+00	0.00e+00	0.00e+00	0.00e+00
 5.16634e+22	5.95e-05	8.10e-02	5.22e-01	3.20e-01	5.83e-02	1.41e-02	3.90e-03	7.20e-04	1.35e-05	1.78e-07	0.00e+00	0.00e+00	0.00e+00	0.00e+00	0.00e+00	0.00e+00	0.00e+00	0.00e+00
 5.18576e+22	6.26e-05	8.42e-02	5.29e-01	3.13e-01	5.61e-02	1.34e-02	3.63e-03	6.56e-04	1.19e-05	1.54e-07	0.00e+00	0.00e+00	0.00e+00	0.00e+00	0.00e+00	0.00e+00	0.00e+00	0.00e+00
 5.20524e+22	6.67e-05	8.83e-02	5.37e-01	3.05e-01	5.33e-02	1.25e-02	3.31e-03	5.81e-04	1.01e-05	1.27e-07	0.00e+00	0.00e+00	0.00e+00	0.00e+00	0.00e+00	0.00e+00	0.00e+00	0.00e+00
 5.23056e+22	7.25e-05	9.41e-02	5.47e-01	2.94e-01	4.97e-02	1.14e-02	2.92e-03	4.95e-04	8.18e-06	0.00e+00	0.00e+00	0.00e+00	0.00e+00	0.00e+00	0.00e+00	0.00e+00	0.00e+00	0.00e+00
 5.25524e+22	7.70e-05	9.85e-02	5.54e-01	2.86e-01	4.73e-02	1.06e-02	2.67e-03	4.42e-04	7.03e-06	0.00e+00	0.00e+00	0.00e+00	0.00e+00	0.00e+00	0.00e+00	0.00e+00	0.00e+00	0.00e+00
 5.27910e+22	8.29e-05	1.04e-01	5.63e-01	2.76e-01	4.42e-02	9.73e-03	2.38e-03	3.80e-04	5.76e-06	0.00e+00	0.00e+00	0.00e+00	0.00e+00	0.00e+00	0.00e+00	0.00e+00	0.00e+00	0.00e+00
 5.30525e+22	8.90e-05	1.10e-01	5.71e-01	2.66e-01	4.15e-02	8.94e-03	2.13e-03	3.30e-04	4.77e-06	0.00e+00	0.00e+00	0.00e+00	0.00e+00	0.00e+00	0.00e+00	0.00e+00	0.00e+00	0.00e+00
 5.33040e+22	9.52e-05	1.16e-01	5.78e-01	2.56e-01	3.90e-02	8.22e-03	1.90e-03	2.88e-04	3.97e-06	0.00e+00	0.00e+00	0.00e+00	0.00e+00	0.00e+00	0.00e+00	0.00e+00	0.00e+00	0.00e+00
 5.35913e+22	1.04e-04	1.24e-01	5.88e-01	2.43e-01	3.59e-02	7.35e-03	1.64e-03	2.39e-04	3.11e-06	0.00e+00	0.00e+00	0.00e+00	0.00e+00	0.00e+00	0.00e+00	0.00e+00	0.00e+00	0.00e+00
 5.39154e+22	1.13e-04	1.32e-01	5.96e-01	2.31e-01	3.30e-02	6.58e-03	1.42e-03	2.00e-04	2.45e-06	0.00e+00	0.00e+00	0.00e+00	0.00e+00	0.00e+00	0.00e+00	0.00e+00	0.00e+00	0.00e+00
 5.42873e+22	1.26e-04	1.43e-01	6.05e-01	2.15e-01	2.95e-02	5.67e-03	1.17e-03	1.58e-04	1.78e-06	0.00e+00	0.00e+00	0.00e+00	0.00e+00	0.00e+00	0.00e+00	0.00e+00	0.00e+00	0.00e+00
 5.46621e+22	1.37e-04	1.52e-01	6.11e-01	2.03e-01	2.70e-02	5.04e-03	1.01e-03	1.32e-04	1.40e-06	0.00e+00	0.00e+00	0.00e+00	0.00e+00	0.00e+00	0.00e+00	0.00e+00	0.00e+00	0.00e+00
 5.50408e+22	1.52e-04	1.65e-01	6.19e-01	1.87e-01	2.39e-02	4.30e-03	8.19e-04	1.03e-04	1.01e-06	0.00e+00	0.00e+00	0.00e+00	0.00e+00	0.00e+00	0.00e+00	0.00e+00	0.00e+00	0.00e+00
 5.54217e+22	1.65e-04	1.75e-01	6.23e-01	1.75e-01	2.18e-02	3.80e-03	6.99e-04	8.60e-05	7.87e-07	0.00e+00	0.00e+00	0.00e+00	0.00e+00	0.00e+00	0.00e+00	0.00e+00	0.00e+00	0.00e+00
 5.58057e+22	1.83e-04	1.89e-01	6.28e-01	1.60e-01	1.92e-02	3.22e-03	5.64e-04	6.72e-05	5.64e-07	0.00e+00	0.00e+00	0.00e+00	0.00e+00	0.00e+00	0.00e+00	0.00e+00	0.00e+00	0.00e+00
 5.61932e+22	1.99e-04	2.01e-01	6.30e-01	1.48e-01	1.73e-02	2.81e-03	4.73e-04	5.52e-05	4.31e-07	0.00e+00	0.00e+00	0.00e+00	0.00e+00	0.00e+00	0.00e+00	0.00e+00	0.00e+00	0.00e+00
 5.65855e+22	2.20e-04	2.17e-01	6.32e-01	1.33e-01	1.51e-02	2.34e-03	3.74e-04	4.26e-05	3.02e-07	0.00e+00	0.00e+00	0.00e+00	0.00e+00	0.00e+00	0.00e+00	0.00e+00	0.00e+00	0.00e+00
 5.69783e+22	2.39e-04	2.31e-01	6.31e-01	1.22e-01	1.35e-02	2.03e-03	3.11e-04	3.49e-05	2.29e-07	0.00e+00	0.00e+00	0.00e+00	0.00e+00	0.00e+00	0.00e+00	0.00e+00	0.00e+00	0.00e+00
 5.72784e+22	2.54e-04	2.41e-01	6.31e-01	1.14e-01	1.24e-02	1.81e-03	2.68e-04	2.98e-05	1.84e-07	0.00e+00	0.00e+00	0.00e+00	0.00e+00	0.00e+00	0.00e+00	0.00e+00	0.00e+00	0.00e+00
 5.75752e+22	2.74e-04	2.55e-01	6.29e-01	1.03e-01	1.10e-02	1.55e-03	2.20e-04	2.43e-05	1.38e-07	0.00e+00	0.00e+00	0.00e+00	0.00e+00	0.00e+00	0.00e+00	0.00e+00	0.00e+00	0.00e+00
 5.78718e+22	2.93e-04	2.67e-01	6.27e-01	9.49e-02	1.00e-02	1.37e-03	1.87e-04	2.06e-05	0.00e+00	0.00e+00	0.00e+00	0.00e+00	0.00e+00	0.00e+00	0.00e+00	0.00e+00	0.00e+00	0.00e+00
 5.81244e+22	3.10e-04	2.78e-01	6.24e-01	8.76e-02	9.11e-03	1.21e-03	1.60e-04	1.76e-05	0.00e+00	0.00e+00	0.00e+00	0.00e+00	0.00e+00	0.00e+00	0.00e+00	0.00e+00	0.00e+00	0.00e+00
 5.84094e+22	3.33e-04	2.93e-01	6.19e-01	7.84e-02	8.03e-03	1.03e-03	1.30e-04	1.43e-05	0.00e+00	0.00e+00	0.00e+00	0.00e+00	0.00e+00	0.00e+00	0.00e+00	0.00e+00	0.00e+00	0.00e+00
 5.87010e+22	3.55e-04	3.06e-01	6.14e-01	7.09e-02	7.17e-03	8.91e-04	1.08e-04	1.19e-05	0.00e+00	0.00e+00	0.00e+00	0.00e+00	0.00e+00	0.00e+00	0.00e+00	0.00e+00	0.00e+00	0.00e+00
 5.89567e+22	3.78e-04	3.19e-01	6.09e-01	6.40e-02	6.40e-03	7.71e-04	8.91e-05	9.96e-06	0.00e+00	0.00e+00	0.00e+00	0.00e+00	0.00e+00	0.00e+00	0.00e+00	0.00e+00	0.00e+00	0.00e+00
 5.92446e+22	4.07e-04	3.37e-01	6.01e-01	5.59e-02	5.52e-03	6.38e-04	6.98e-05	7.92e-06	0.00e+00	0.00e+00	0.00e+00	0.00e+00	0.00e+00	0.00e+00	0.00e+00	0.00e+00	0.00e+00	0.00e+00
 5.95442e+22	4.35e-04	3.52e-01	5.93e-01	4.90e-02	4.78e-03	5.34e-04	5.54e-05	6.41e-06	0.00e+00	0.00e+00	0.00e+00	0.00e+00	0.00e+00	0.00e+00	0.00e+00	0.00e+00	0.00e+00	0.00e+00
 5.98125e+22	4.64e-04	3.68e-01	5.84e-01	4.28e-02	4.14e-03	4.46e-04	4.39e-05	5.20e-06	0.00e+00	0.00e+00	0.00e+00	0.00e+00	0.00e+00	0.00e+00	0.00e+00	0.00e+00	0.00e+00	0.00e+00
 6.01148e+22	5.00e-04	3.88e-01	5.72e-01	3.58e-02	3.42e-03	3.54e-04	3.26e-05	3.99e-06	0.00e+00	0.00e+00	0.00e+00	0.00e+00	0.00e+00	0.00e+00	0.00e+00	0.00e+00	0.00e+00	0.00e+00
 6.04302e+22	5.36e-04	4.08e-01	5.59e-01	2.98e-02	2.82e-03	2.80e-04	2.42e-05	3.09e-06	0.00e+00	0.00e+00	0.00e+00	0.00e+00	0.00e+00	0.00e+00	0.00e+00	0.00e+00	0.00e+00	0.00e+00
 6.06973e+22	5.72e-04	4.26e-01	5.46e-01	2.50e-02	2.35e-03	2.25e-04	1.84e-05	2.43e-06	0.00e+00	0.00e+00	0.00e+00	0.00e+00	0.00e+00	0.00e+00	0.00e+00	0.00e+00	0.00e+00	0.00e+00
 6.09242e+22	5.95e-04	4.39e-01	5.37e-01	2.15e-02	2.01e-03	1.88e-04	1.46e-05	2.00e-06	0.00e+00	0.00e+00	0.00e+00	0.00e+00	0.00e+00	0.00e+00	0.00e+00	0.00e+00	0.00e+00	0.00e+00
 6.10686e+22	6.13e-04	4.47e-01	5.31e-01	1.97e-02	1.83e-03	1.68e-04	1.27e-05	1.78e-06	0.00e+00	0.00e+00	0.00e+00	0.00e+00	0.00e+00	0.00e+00	0.00e+00	0.00e+00	0.00e+00	0.00e+00
 6.11315e+22	6.16e-04	4.50e-01	5.29e-01	1.89e-02	1.76e-03	1.61e-04	1.20e-05	1.70e-06	0.00e+00	0.00e+00	0.00e+00	0.00e+00	0.00e+00	0.00e+00	0.00e+00	0.00e+00	0.00e+00	0.00e+00
 6.11841e+22	6.25e-04	4.54e-01	5.25e-01	1.81e-02	1.68e-03	1.53e-04	1.13e-05	1.60e-06	0.00e+00	0.00e+00	0.00e+00	0.00e+00	0.00e+00	0.00e+00	0.00e+00	0.00e+00	0.00e+00	0.00e+00
 6.12480e+22	6.34e-04	4.59e-01	5.22e-01	1.72e-02	1.59e-03	1.43e-04	1.04e-05	1.50e-06	0.00e+00	0.00e+00	0.00e+00	0.00e+00	0.00e+00	0.00e+00	0.00e+00	0.00e+00	0.00e+00	0.00e+00
 6.13165e+22	6.43e-04	4.64e-01	5.18e-01	1.63e-02	1.50e-03	1.34e-04	9.64e-06	1.40e-06	0.00e+00	0.00e+00	0.00e+00	0.00e+00	0.00e+00	0.00e+00	0.00e+00	0.00e+00	0.00e+00	0.00e+00
 6.13836e+22	6.51e-04	4.68e-01	5.14e-01	1.54e-02	1.42e-03	1.26e-04	8.93e-06	1.31e-06	0.00e+00	0.00e+00	0.00e+00	0.00e+00	0.00e+00	0.00e+00	0.00e+00	0.00e+00	0.00e+00	0.00e+00
 6.14490e+22	6.60e-04	4.73e-01	5.10e-01	1.46e-02	1.34e-03	1.18e-04	8.25e-06	1.23e-06	0.00e+00	0.00e+00	0.00e+00	0.00e+00	0.00e+00	0.00e+00	0.00e+00	0.00e+00	0.00e+00	0.00e+00
 6.15123e+22	6.69e-04	4.78e-01	5.06e-01	1.38e-02	1.27e-03	1.11e-04	7.66e-06	1.15e-06	0.00e+00	0.00e+00	0.00e+00	0.00e+00	0.00e+00	0.00e+00	0.00e+00	0.00e+00	0.00e+00	0.00e+00
 6.15732e+22	6.78e-04	4.82e-01	5.03e-01	1.31e-02	1.20e-03	1.04e-04	7.11e-06	1.08e-06	0.00e+00	0.00e+00	0.00e+00	0.00e+00	0.00e+00	0.00e+00	0.00e+00	0.00e+00	0.00e+00	0.00e+00
 6.16336e+22	6.84e-04	4.86e-01	5.00e-01	1.25e-02	1.14e-03	9.83e-05	6.62e-06	1.01e-06	0.00e+00	0.00e+00	0.00e+00	0.00e+00	0.00e+00	0.00e+00	0.00e+00	0.00e+00	0.00e+00	0.00e+00
 6.16949e+22	6.95e-04	4.91e-01	4.95e-01	1.18e-02	1.07e-03	9.21e-05	6.13e-06	9.50e-07	0.00e+00	0.00e+00	0.00e+00	0.00e+00	0.00e+00	0.00e+00	0.00e+00	0.00e+00	0.00e+00	0.00e+00
 6.17549e+22	7.01e-04	4.95e-01	4.92e-01	1.12e-02	1.02e-03	8.67e-05	5.71e-06	8.93e-07	0.00e+00	0.00e+00	0.00e+00	0.00e+00	0.00e+00	0.00e+00	0.00e+00	0.00e+00	0.00e+00	0.00e+00
 6.18135e+22	7.09e-04	4.99e-01	4.89e-01	1.06e-02	9.61e-04	8.15e-05	5.31e-06	8.38e-07	0.00e+00	0.00e+00	0.00e+00	0.00e+00	0.00e+00	0.00e+00	0.00e+00	0.00e+00	0.00e+00	0.00e+00
 6.18720e+22	7.18e-04	5.03e-01	4.85e-01	1.00e-02	9.10e-04	7.66e-05	4.94e-06	7.88e-07	0.00e+00	0.00e+00	0.00e+00	0.00e+00	0.00e+00	0.00e+00	0.00e+00	0.00e+00	0.00e+00	0.00e+00
 6.19287e+22	7.26e-04	5.08e-01	4.81e-01	9.52e-03	8.60e-04	7.21e-05	4.60e-06	7.40e-07	0.00e+00	0.00e+00	0.00e+00	0.00e+00	0.00e+00	0.00e+00	0.00e+00	0.00e+00	0.00e+00	0.00e+00
