#depth	H	H+	H2
 4.62852e+21	4.61e-07	1.00e+00	8.04e-30
 1.02440e+22	1.15e-06	1.00e+00	4.37e-29
 1.15606e+22	1.44e-06	1.00e+00	9.13e-29
 1.20552e+22	1.60e-06	1.00e+00	1.28e-28
 1.22692e+22	1.65e-06	1.00e+00	1.42e-28
 1.23822e+22	1.71e-06	1.00e+00	1.60e-28
 1.25030e+22	1.77e-06	1.00e+00	1.79e-28
 1.26338e+22	1.85e-06	1.00e+00	2.06e-28
 1.27672e+22	1.91e-06	1.00e+00	2.30e-28
 1.29037e+22	2.00e-06	1.00e+00	2.66e-28
 1.30405e+22	2.06e-06	1.00e+00	2.96e-28
 1.31774e+22	2.15e-06	1.00e+00	3.41e-28
 1.33165e+22	2.22e-06	1.00e+00	4.37e-28
 1.34384e+22	2.29e-06	1.00e+00	4.83e-28
 1.35768e+22	2.39e-06	1.00e+00	5.51e-28
 1.37146e+22	2.45e-06	1.00e+00	6.03e-28
 1.38516e+22	2.55e-06	1.00e+00	6.88e-28
 1.39903e+22	2.62e-06	1.00e+00	7.54e-28
 1.41315e+22	2.72e-06	1.00e+00	8.56e-28
 1.42768e+22	2.80e-06	1.00e+00	9.42e-28
 1.44275e+22	2.91e-06	1.00e+00	1.08e-27
 1.45812e+22	2.99e-06	1.00e+00	1.19e-27
 1.47389e+22	3.11e-06	1.00e+00	1.36e-27
 1.49017e+22	3.19e-06	1.00e+00	1.51e-27
 1.50710e+22	3.32e-06	1.00e+00	1.74e-27
 1.52456e+22	3.42e-06	1.00e+00	1.94e-27
 1.54270e+22	3.57e-06	1.00e+00	2.25e-27
 1.56104e+22	3.67e-06	1.00e+00	2.51e-27
 1.57965e+22	3.82e-06	1.00e+00	2.92e-27
 1.59890e+22	3.94e-06	1.00e+00	3.28e-27
 1.61901e+22	4.12e-06	1.00e+00	3.86e-27
 1.63929e+22	4.27e-06	1.00e+00	4.37e-27
 1.65979e+22	4.46e-06	1.00e+00	5.13e-27
 1.68063e+22	4.63e-06	1.00e+00	5.84e-27
 1.69799e+22	4.79e-06	1.00e+00	6.54e-27
 1.71662e+22	5.01e-06	1.00e+00	7.58e-27
 1.73545e+22	5.19e-06	1.00e+00	8.53e-27
 1.75453e+22	5.46e-06	1.00e+00	9.97e-27
 1.77362e+22	5.67e-06	1.00e+00	1.12e-26
 1.79273e+22	6.01e-06	1.00e+00	1.33e-26
 1.81194e+22	6.26e-06	1.00e+00	1.50e-26
 1.83130e+22	6.65e-06	1.00e+00	1.76e-26
 1.85090e+22	6.98e-06	1.00e+00	1.99e-26
 1.87079e+22	7.48e-06	1.00e+00	2.35e-26
 1.89088e+22	7.90e-06	1.00e+00	2.67e-26
 1.91123e+22	8.52e-06	1.00e+00	3.15e-26
 1.93191e+22	9.07e-06	1.00e+00	3.61e-26
 1.94927e+22	9.61e-06	1.00e+00	4.06e-26
 1.96753e+22	1.04e-05	1.00e+00	4.68e-26
 1.98597e+22	1.10e-05	1.00e+00	5.28e-26
 2.00375e+22	1.19e-05	1.00e+00	5.99e-26
 2.02198e+22	1.27e-05	1.00e+00	6.70e-26
 2.03980e+22	1.37e-05	1.00e+00	7.61e-26
 2.05741e+22	1.47e-05	1.00e+00	8.47e-26
 2.07470e+22	1.59e-05	1.00e+00	9.55e-26
 2.09191e+22	1.71e-05	1.00e+00	1.07e-25
 2.10888e+22	1.83e-05	1.00e+00	1.19e-25
 2.12580e+22	1.97e-05	1.00e+00	1.34e-25
 2.14274e+22	2.12e-05	1.00e+00	1.50e-25
 2.15978e+22	2.28e-05	1.00e+00	1.68e-25
 2.17699e+22	2.45e-05	1.00e+00	1.90e-25
 2.19442e+22	2.63e-05	1.00e+00	2.16e-25
 2.21215e+22	2.83e-05	1.00e+00	2.46e-25
 2.23000e+22	3.04e-05	1.00e+00	2.82e-25
 2.24825e+22	3.27e-05	1.00e+00	2.95e-25
 2.26661e+22	3.50e-05	1.00e+00	3.43e-25
 2.28547e+22	3.76e-05	1.00e+00	4.05e-25
 2.30314e+22	3.98e-05	1.00e+00	4.66e-25
 2.32119e+22	4.29e-05	1.00e+00	5.62e-25
 2.33945e+22	4.53e-05	1.00e+00	6.51e-25
 2.35801e+22	4.86e-05	1.00e+00	7.93e-25
 2.37707e+22	5.14e-05	1.00e+00	9.37e-25
 2.39678e+22	5.54e-05	1.00e+00	1.17e-24
 2.41675e+22	5.84e-05	1.00e+00	1.39e-24
 2.43705e+22	6.28e-05	1.00e+00	1.75e-24
 2.45748e+22	6.61e-05	1.00e+00	2.09e-24
 2.47807e+22	7.09e-05	1.00e+00	2.65e-24
 2.49890e+22	7.46e-05	1.00e+00	3.18e-24
 2.52005e+22	7.99e-05	1.00e+00	4.05e-24
 2.54154e+22	8.41e-05	1.00e+00	4.89e-24
 2.56346e+22	9.00e-05	1.00e+00	6.29e-24
 2.58578e+22	9.48e-05	1.00e+00	7.64e-24
 2.60862e+22	1.01e-04	1.00e+00	9.89e-24
 2.63196e+22	1.07e-04	1.00e+00	1.21e-23
 2.65162e+22	1.12e-04	1.00e+00	1.45e-23
 2.67284e+22	1.19e-04	1.00e+00	1.84e-23
 2.69416e+22	1.24e-04	1.00e+00	2.19e-23
 2.71560e+22	1.32e-04	1.00e+00	2.77e-23
 2.73689e+22	1.37e-04	1.00e+00	3.29e-23
 2.75798e+22	1.45e-04	1.00e+00	4.14e-23
 2.77932e+22	1.52e-04	1.00e+00	4.93e-23
 2.80098e+22	1.60e-04	1.00e+00	6.19e-23
 2.82304e+22	1.68e-04	1.00e+00	7.43e-23
 2.84561e+22	1.77e-04	1.00e+00	9.42e-23
 2.86835e+22	1.85e-04	1.00e+00	1.12e-22
 2.89131e+22	1.96e-04	1.00e+00	1.43e-22
 2.91450e+22	2.04e-04	1.00e+00	1.71e-22
 2.93800e+22	2.16e-04	1.00e+00	2.19e-22
 2.96203e+22	2.26e-04	1.00e+00	2.64e-22
 2.98676e+22	2.40e-04	1.00e+00	3.40e-22
 3.01199e+22	2.50e-04	1.00e+00	4.13e-22
 3.03789e+22	2.66e-04	1.00e+00	5.38e-22
 3.06399e+22	2.78e-04	1.00e+00	6.54e-22
 3.09036e+22	2.96e-04	1.00e+00	8.53e-22
 3.11543e+22	3.08e-04	1.00e+00	1.02e-21
 3.13880e+22	3.24e-04	1.00e+00	1.27e-21
 3.16379e+22	3.39e-04	1.00e+00	1.56e-21
 3.18707e+22	3.54e-04	1.00e+00	1.85e-21
 3.20895e+22	3.69e-04	1.00e+00	2.22e-21
 3.22968e+22	3.84e-04	1.00e+00	2.64e-21
 3.25350e+22	4.03e-04	1.00e+00	3.33e-21
 3.27773e+22	4.20e-04	1.00e+00	3.99e-21
 3.30250e+22	4.41e-04	1.00e+00	5.04e-21
 3.32789e+22	4.61e-04	1.00e+00	6.19e-21
 3.35028e+22	4.81e-04	1.00e+00	7.45e-21
 3.37559e+22	5.06e-04	9.99e-01	9.48e-21
 3.40206e+22	5.29e-04	9.99e-01	1.18e-20
 3.42610e+22	5.53e-04	9.99e-01	1.44e-20
 3.45343e+22	5.83e-04	9.99e-01	1.87e-20
 3.48147e+22	6.12e-04	9.99e-01	2.36e-20
 3.50632e+22	6.39e-04	9.99e-01	2.92e-20
 3.53453e+22	6.75e-04	9.99e-01	3.84e-20
 3.56364e+22	7.09e-04	9.99e-01	4.93e-20
 3.58970e+22	7.42e-04	9.99e-01	6.19e-20
 3.61935e+22	7.86e-04	9.99e-01	8.32e-20
 3.64935e+22	8.26e-04	9.99e-01	1.09e-19
 3.67563e+22	8.64e-04	9.99e-01	1.37e-19
 3.70562e+22	9.14e-04	9.99e-01	1.89e-19
 3.73631e+22	9.61e-04	9.99e-01	2.58e-19
 3.76362e+22	1.01e-03	9.99e-01	3.35e-19
 3.79484e+22	1.07e-03	9.99e-01	4.73e-19
 3.82676e+22	1.12e-03	9.99e-01	6.82e-19
 3.85500e+22	1.18e-03	9.99e-01	9.22e-19
 3.88261e+22	1.24e-03	9.99e-01	1.25e-18
 3.91400e+22	1.31e-03	9.99e-01	1.85e-18
 3.94574e+22	1.37e-03	9.99e-01	3.01e-18
 3.97331e+22	1.44e-03	9.99e-01	4.20e-18
 4.00454e+22	1.52e-03	9.98e-01	6.66e-18
 4.03650e+22	1.60e-03	9.98e-01	1.17e-17
 4.06389e+22	1.67e-03	9.98e-01	1.79e-17
 4.09398e+22	1.76e-03	9.98e-01	3.51e-17
 4.12480e+22	1.85e-03	9.98e-01	7.36e-17
 4.15228e+22	1.93e-03	9.98e-01	1.43e-16
 4.17701e+22	2.00e-03	9.98e-01	2.88e-16
 4.19910e+22	2.07e-03	9.98e-01	7.70e-16
 4.22448e+22	2.16e-03	9.98e-01	1.94e-15
 4.25071e+22	2.25e-03	9.98e-01	1.40e-14
 4.27386e+22	2.33e-03	9.98e-01	5.22e-14
 4.29975e+22	2.44e-03	9.98e-01	1.53e-13
 4.32614e+22	2.54e-03	9.97e-01	3.03e-13
 4.35321e+22	2.65e-03	9.97e-01	3.74e-13
 4.38096e+22	2.76e-03	9.97e-01	4.62e-13
 4.40533e+22	2.86e-03	9.97e-01	5.50e-13
 4.43274e+22	3.00e-03	9.97e-01	6.79e-13
 4.46079e+22	3.12e-03	9.97e-01	8.08e-13
 4.48966e+22	3.28e-03	9.97e-01	9.92e-13
 4.51884e+22	3.40e-03	9.97e-01	1.17e-12
 4.54843e+22	3.58e-03	9.96e-01	1.44e-12
 4.57830e+22	3.72e-03	9.96e-01	1.68e-12
 4.60853e+22	3.91e-03	9.96e-01	2.05e-12
 4.63969e+22	4.08e-03	9.96e-01	2.41e-12
 4.67207e+22	4.30e-03	9.96e-01	2.96e-12
 4.70096e+22	4.43e-03	9.96e-01	3.31e-12
 4.72532e+22	4.61e-03	9.95e-01	3.83e-12
 4.75034e+22	4.76e-03	9.95e-01	4.32e-12
 4.77623e+22	4.97e-03	9.95e-01	5.02e-12
 4.80247e+22	5.13e-03	9.95e-01	5.62e-12
 4.82918e+22	5.35e-03	9.95e-01	6.52e-12
 4.85628e+22	5.53e-03	9.94e-01	7.32e-12
 4.88386e+22	5.78e-03	9.94e-01	8.49e-12
 4.91178e+22	5.97e-03	9.94e-01	9.49e-12
 4.94015e+22	6.24e-03	9.94e-01	1.09e-11
 4.96930e+22	6.46e-03	9.94e-01	1.22e-11
 4.99945e+22	6.77e-03	9.93e-01	1.42e-11
 5.02977e+22	7.01e-03	9.93e-01	1.59e-11
 5.05412e+22	7.21e-03	9.93e-01	1.74e-11
 5.07371e+22	7.36e-03	9.93e-01	1.86e-11
 5.09329e+22	7.58e-03	9.92e-01	2.03e-11
 5.11875e+22	7.88e-03	9.92e-01	2.28e-11
 5.14426e+22	8.10e-03	9.92e-01	2.49e-11
 5.16634e+22	8.33e-03	9.92e-01	2.71e-11
 5.18576e+22	8.50e-03	9.91e-01	2.89e-11
 5.20524e+22	8.75e-03	9.91e-01	3.14e-11
 5.23056e+22	9.10e-03	9.91e-01	3.52e-11
 5.25524e+22	9.32e-03	9.91e-01	3.80e-11
 5.27910e+22	9.66e-03	9.90e-01	4.21e-11
 5.30525e+22	9.98e-03	9.90e-01	4.63e-11
 5.33040e+22	1.03e-02	9.90e-01	5.08e-11
 5.35913e+22	1.08e-02	9.89e-01	5.77e-11
 5.39154e+22	1.13e-02	9.89e-01	6.52e-11
 5.42873e+22	1.19e-02	9.88e-01	7.70e-11
 5.46621e+22	1.25e-02	9.88e-01	8.72e-11
 5.50408e+22	1.33e-02	9.87e-01	1.04e-10
 5.54217e+22	1.39e-02	9.86e-01	1.18e-10
 5.58057e+22	1.49e-02	9.85e-01	1.42e-10
 5.61932e+22	1.57e-02	9.84e-01	1.65e-10
 5.65855e+22	1.70e-02	9.83e-01	2.02e-10
 5.69783e+22	1.80e-02	9.82e-01	2.37e-10
 5.72784e+22	1.89e-02	9.81e-01	2.70e-10
 5.75752e+22	2.03e-02	9.80e-01	3.22e-10
 5.78718e+22	2.16e-02	9.78e-01	3.76e-10
 5.81244e+22	2.28e-02	9.77e-01	4.34e-10
 5.84094e+22	2.48e-02	9.75e-01	5.31e-10
 5.87010e+22	2.67e-02	9.73e-01	6.38e-10
 5.89567e+22	2.88e-02	9.71e-01	7.71e-10
 5.92446e+22	3.19e-02	9.68e-01	9.87e-10
 5.95442e+22	3.53e-02	9.65e-01	1.26e-09
 5.98125e+22	3.92e-02	9.61e-01	1.61e-09
 6.01148e+22	4.49e-02	9.55e-01	2.23e-09
 6.04302e+22	5.20e-02	9.48e-01	3.12e-09
 6.06973e+22	5.99e-02	9.40e-01	4.34e-09
 6.09242e+22	6.76e-02	9.32e-01	5.70e-09
 6.10686e+22	7.32e-02	9.27e-01	6.83e-09
 6.11315e+22	7.55e-02	9.25e-01	7.32e-09
 6.11841e+22	7.82e-02	9.22e-01	7.95e-09
 6.12480e+22	8.15e-02	9.18e-01	8.74e-09
 6.13165e+22	8.52e-02	9.15e-01	9.67e-09
 6.13836e+22	8.90e-02	9.11e-01	1.07e-08
 6.14490e+22	9.31e-02	9.07e-01	1.18e-08
 6.15123e+22	9.71e-02	9.03e-01	1.30e-08
 6.15732e+22	1.01e-01	8.99e-01	1.44e-08
 6.16336e+22	1.06e-01	8.94e-01	1.58e-08
 6.16949e+22	1.11e-01	8.89e-01	1.75e-08
 6.17549e+22	1.15e-01	8.85e-01	1.93e-08
 6.18135e+22	1.21e-01	8.79e-01	2.13e-08
 6.18720e+22	1.26e-01	8.74e-01	2.35e-08
 6.19287e+22	1.31e-01	8.69e-01	2.60e-08
 6.19842e+22	1.37e-01	8.63e-01	2.84e-08
 6.20417e+22	1.43e-01	8.57e-01	3.17e-08
 6.20989e+22	1.49e-01	8.51e-01	3.48e-08
 6.21542e+22	1.56e-01	8.44e-01	3.85e-08
 6.22092e+22	1.63e-01	8.37e-01	4.27e-08
 6.22620e+22	1.70e-01	8.30e-01	4.70e-08
 6.23141e+22	1.76e-01	8.24e-01	5.13e-08
 6.23697e+22	1.85e-01	8.15e-01	5.72e-08
 6.24256e+22	1.93e-01	8.07e-01	6.36e-08
 6.24765e+22	2.01e-01	7.99e-01	6.99e-08
 6.25264e+22	2.08e-01	7.92e-01	7.59e-08
 6.25816e+22	2.18e-01	7.82e-01	8.46e-08
 6.26385e+22	2.28e-01	7.72e-01	9.43e-08
 6.26904e+22	2.38e-01	7.62e-01	1.04e-07
 6.27391e+22	2.46e-01	7.54e-01	1.13e-07
 6.27918e+22	2.56e-01	7.44e-01	1.25e-07
 6.28480e+22	2.68e-01	7.32e-01	1.40e-07
 6.29008e+22	2.79e-01	7.21e-01	1.55e-07
 6.29499e+22	2.88e-01	7.12e-01	1.67e-07
 6.30044e+22	3.00e-01	7.00e-01	1.86e-07
 6.30630e+22	3.13e-01	6.87e-01	2.07e-07
 6.31170e+22	3.25e-01	6.75e-01	2.29e-07
 6.31680e+22	3.36e-01	6.64e-01	2.48e-07
 6.32231e+22	3.49e-01	6.51e-01	2.75e-07
 6.32813e+22	3.63e-01	6.37e-01	3.05e-07
 6.33368e+22	3.76e-01	6.24e-01	3.35e-07
 6.33917e+22	3.89e-01	6.11e-01	3.66e-07
 6.34495e+22	4.03e-01	5.97e-01	4.05e-07
 6.35083e+22	4.17e-01	5.83e-01	4.47e-07
 6.35660e+22	4.31e-01	5.69e-01	4.88e-07
 6.36260e+22	4.45e-01	5.55e-01	5.39e-07
 6.36878e+22	4.59e-01	5.41e-01	5.89e-07
 6.37513e+22	4.74e-01	5.26e-01	6.49e-07
 6.38169e+22	4.89e-01	5.11e-01	7.16e-07
 6.38815e+22	5.04e-01	4.96e-01	7.84e-07
 6.39475e+22	5.18e-01	4.82e-01	8.59e-07
 6.40170e+22	5.33e-01	4.67e-01	9.41e-07
 6.40831e+22	5.47e-01	4.53e-01	1.02e-06
 6.41425e+22	5.58e-01	4.42e-01	1.10e-06
 6.42026e+22	5.70e-01	4.30e-01	1.18e-06
 6.42674e+22	5.82e-01	4.18e-01	1.27e-06
 6.43352e+22	5.95e-01	4.05e-01	1.38e-06
 6.44023e+22	6.07e-01	3.93e-01	1.48e-06
 6.44703e+22	6.19e-01	3.81e-01	1.60e-06
 6.45404e+22	6.30e-01	3.70e-01	1.71e-06
 6.46134e+22	6.42e-01	3.58e-01	1.84e-06
 6.46893e+22	6.54e-01	3.46e-01	1.99e-06
 6.47646e+22	6.65e-01	3.35e-01	2.13e-06
 6.48415e+22	6.75e-01	3.25e-01	2.28e-06
 6.49237e+22	6.86e-01	3.14e-01	2.46e-06
 6.50089e+22	6.97e-01	3.03e-01	2.63e-06
 6.50959e+22	7.07e-01	2.93e-01	2.83e-06
 6.51860e+22	7.17e-01	2.83e-01	3.02e-06
 6.52811e+22	7.27e-01	2.73e-01	3.24e-06
 6.53819e+22	7.37e-01	2.63e-01	3.48e-06
 6.54855e+22	7.46e-01	2.54e-01	3.73e-06
 6.55937e+22	7.55e-01	2.45e-01	3.99e-06
 6.57105e+22	7.64e-01	2.36e-01	4.28e-06
 6.58353e+22	7.72e-01	2.28e-01	4.60e-06
 6.59664e+22	7.80e-01	2.20e-01	4.94e-06
 6.61041e+22	7.88e-01	2.12e-01	5.30e-06
 6.62497e+22	7.96e-01	2.04e-01	5.70e-06
 6.64041e+22	8.03e-01	1.97e-01	6.12e-06
 6.65661e+22	8.09e-01	1.91e-01	6.59e-06
 6.67368e+22	8.16e-01	1.84e-01	7.11e-06
 6.69167e+22	8.22e-01	1.78e-01	7.69e-06
 6.71014e+22	8.28e-01	1.72e-01	8.31e-06
 6.72881e+22	8.34e-01	1.66e-01	9.04e-06
 6.74718e+22	8.39e-01	1.61e-01	9.79e-06
 6.76524e+22	8.44e-01	1.56e-01	1.06e-05
 6.78333e+22	8.49e-01	1.51e-01	1.15e-05
 6.80118e+22	8.53e-01	1.47e-01	1.25e-05
 6.81869e+22	8.57e-01	1.43e-01	1.35e-05
 6.83617e+22	8.62e-01	1.38e-01	1.48e-05
 6.85332e+22	8.66e-01	1.34e-01	1.61e-05
 6.86975e+22	8.69e-01	1.31e-01	1.75e-05
 6.88576e+22	8.73e-01	1.27e-01	1.91e-05
 6.90149e+22	8.77e-01	1.23e-01	2.08e-05
 6.91691e+22	8.80e-01	1.20e-01	2.27e-05
 6.93190e+22	8.83e-01	1.17e-01	2.47e-05
 6.94643e+22	8.86e-01	1.14e-01	2.69e-05
 6.96064e+22	8.89e-01	1.11e-01	2.93e-05
 6.97474e+22	8.92e-01	1.08e-01	3.20e-05
 6.98873e+22	8.95e-01	1.05e-01	3.50e-05
 7.00244e+22	8.98e-01	1.02e-01	3.84e-05
 7.01562e+22	9.01e-01	9.93e-02	4.19e-05
 7.02826e+22	9.03e-01	9.68e-02	4.57e-05
 7.04053e+22	9.06e-01	9.44e-02	4.99e-05
 7.05214e+22	9.08e-01	9.21e-02	5.42e-05
 7.06302e+22	9.10e-01	9.00e-02	5.88e-05
 7.07337e+22	9.12e-01	8.80e-02	6.37e-05
 7.08145e+22	9.13e-01	8.67e-02	6.77e-05
 7.08630e+22	9.14e-01	8.62e-02	7.02e-05
 7.08959e+22	9.14e-01	8.60e-02	7.20e-05
 7.09277e+22	9.14e-01	8.56e-02	7.38e-05
 7.09637e+22	9.15e-01	8.48e-02	7.62e-05
 7.10006e+22	9.16e-01	8.40e-02	7.85e-05
 7.10360e+22	9.17e-01	8.33e-02	8.09e-05
 7.10705e+22	9.17e-01	8.27e-02	8.32e-05
 7.11053e+22	9.18e-01	8.20e-02	8.57e-05
 7.11408e+22	9.19e-01	8.13e-02	8.83e-05
 7.11764e+22	9.19e-01	8.06e-02	9.10e-05
 7.12116e+22	9.20e-01	7.99e-02	9.38e-05
 7.12465e+22	9.21e-01	7.92e-02	9.65e-05
 7.12818e+22	9.21e-01	7.86e-02	9.91e-05
 7.13191e+22	9.22e-01	7.78e-02	1.02e-04
 7.13585e+22	9.23e-01	7.69e-02	1.05e-04
 7.13971e+22	9.24e-01	7.62e-02	1.08e-04
 7.14351e+22	9.24e-01	7.56e-02	1.11e-04
 7.14744e+22	9.25e-01	7.47e-02	1.15e-04
 7.15132e+22	9.26e-01	7.40e-02	1.18e-04
 7.15523e+22	9.27e-01	7.32e-02	1.22e-04
 7.15918e+22	9.27e-01	7.26e-02	1.25e-04
 7.16321e+22	9.28e-01	7.17e-02	1.29e-04
 7.16730e+22	9.29e-01	7.10e-02	1.32e-04
 7.17145e+22	9.30e-01	7.01e-02	1.36e-04
 7.17569e+22	9.30e-01	6.94e-02	1.40e-04
 7.17990e+22	9.31e-01	6.85e-02	1.45e-04
 7.18395e+22	9.32e-01	6.79e-02	1.49e-04
 7.18813e+22	9.33e-01	6.71e-02	1.53e-04
 7.19240e+22	9.33e-01	6.62e-02	1.57e-04
 7.19669e+22	9.34e-01	6.53e-02	1.61e-04
 7.20099e+22	9.35e-01	6.48e-02	1.65e-04
 7.20543e+22	9.36e-01	6.39e-02	1.69e-04
 7.20999e+22	9.37e-01	6.30e-02	1.73e-04
 7.21414e+22	9.37e-01	6.23e-02	1.77e-04
 7.21792e+22	9.38e-01	6.19e-02	1.80e-04
 7.22206e+22	9.39e-01	6.11e-02	1.84e-04
 7.22653e+22	9.39e-01	6.02e-02	1.89e-04
 7.23059e+22	9.40e-01	5.95e-02	1.93e-04
 7.23430e+22	9.41e-01	5.91e-02	1.97e-04
 7.23835e+22	9.41e-01	5.83e-02	2.01e-04
 7.24273e+22	9.42e-01	5.75e-02	2.06e-04
 7.24671e+22	9.43e-01	5.68e-02	2.10e-04
 7.25034e+22	9.43e-01	5.65e-02	2.13e-04
 7.25431e+22	9.44e-01	5.57e-02	2.16e-04
 7.25860e+22	9.45e-01	5.50e-02	2.20e-04
 7.26250e+22	9.45e-01	5.43e-02	2.24e-04
 7.26605e+22	9.46e-01	5.40e-02	2.27e-04
 7.26994e+22	9.46e-01	5.34e-02	2.29e-04
 7.27415e+22	9.47e-01	5.28e-02	2.33e-04
 7.27875e+22	9.47e-01	5.21e-02	2.36e-04
 7.28372e+22	9.48e-01	5.13e-02	2.40e-04
 7.28824e+22	9.49e-01	5.09e-02	2.43e-04
 7.29320e+22	9.49e-01	5.01e-02	2.46e-04
 7.29855e+22	9.50e-01	4.94e-02	2.49e-04
 7.30342e+22	9.51e-01	4.87e-02	2.51e-04
 7.30785e+22	9.51e-01	4.83e-02	2.54e-04
 7.31271e+22	9.52e-01	4.77e-02	2.55e-04
 7.31795e+22	9.53e-01	4.70e-02	2.57e-04
 7.32272e+22	9.53e-01	4.65e-02	2.59e-04
 7.32794e+22	9.54e-01	4.58e-02	2.61e-04
 7.33359e+22	9.54e-01	4.50e-02	2.62e-04
 7.33872e+22	9.55e-01	4.45e-02	2.64e-04
 7.34339e+22	9.56e-01	4.40e-02	2.63e-04
 7.34765e+22	9.56e-01	4.36e-02	2.65e-04
 7.35231e+22	9.57e-01	4.29e-02	2.66e-04
 7.35734e+22	9.57e-01	4.24e-02	2.65e-04
 7.36191e+22	9.58e-01	4.19e-02	2.65e-04
 7.36693e+22	9.58e-01	4.13e-02	2.65e-04
 7.37235e+22	9.59e-01	4.06e-02	2.65e-04
 7.37727e+22	9.59e-01	4.01e-02	2.65e-04
 7.38176e+22	9.60e-01	3.96e-02	2.63e-04
 7.38584e+22	9.60e-01	3.94e-02	2.62e-04
 7.39031e+22	9.61e-01	3.88e-02	2.60e-04
 7.39514e+22	9.61e-01	3.83e-02	2.59e-04
 7.39953e+22	9.62e-01	3.78e-02	2.56e-04
 7.40353e+22	9.62e-01	3.76e-02	2.55e-04
 7.40791e+22	9.62e-01	3.71e-02	2.53e-04
 7.41264e+22	9.63e-01	3.66e-02	2.51e-04
 7.41694e+22	9.63e-01	3.61e-02	2.49e-04
 7.42086e+22	9.64e-01	3.59e-02	2.48e-04
 7.42515e+22	9.64e-01	3.55e-02	2.46e-04
 7.42979e+22	9.64e-01	3.51e-02	2.45e-04
 7.43486e+22	9.65e-01	3.45e-02	2.43e-04
 7.44034e+22	9.65e-01	3.41e-02	2.41e-04
 7.44533e+22	9.66e-01	3.37e-02	2.39e-04
 7.44987e+22	9.66e-01	3.34e-02	2.38e-04
 7.45484e+22	9.67e-01	3.29e-02	2.36e-04
 7.46021e+22	9.67e-01	3.25e-02	2.34e-04
 7.46610e+22	9.68e-01	3.20e-02	2.32e-04
 7.47245e+22	9.68e-01	3.15e-02	2.30e-04
 7.47823e+22	9.69e-01	3.10e-02	2.27e-04
 7.48349e+22	9.69e-01	3.07e-02	2.26e-04
 7.48925e+22	9.69e-01	3.03e-02	2.23e-04
 7.49548e+22	9.70e-01	2.98e-02	2.22e-04
 7.50114e+22	9.70e-01	2.95e-02	2.20e-04
 7.50734e+22	9.71e-01	2.90e-02	2.17e-04
 7.51404e+22	9.71e-01	2.85e-02	2.16e-04
 7.52014e+22	9.71e-01	2.81e-02	2.14e-04
 7.52569e+22	9.72e-01	2.79e-02	2.12e-04
 7.53177e+22	9.72e-01	2.74e-02	2.10e-04
 7.53833e+22	9.73e-01	2.70e-02	2.08e-04
 7.54430e+22	9.73e-01	2.67e-02	2.07e-04
 7.55084e+22	9.73e-01	2.62e-02	2.04e-04
 7.55791e+22	9.74e-01	2.58e-02	2.03e-04
 7.56434e+22	9.74e-01	2.55e-02	2.01e-04
 7.57138e+22	9.75e-01	2.50e-02	1.99e-04
 7.57899e+22	9.75e-01	2.46e-02	1.98e-04
 7.58591e+22	9.75e-01	2.42e-02	1.96e-04
 7.59221e+22	9.76e-01	2.40e-02	1.95e-04
 7.59911e+22	9.76e-01	2.35e-02	1.93e-04
 7.60656e+22	9.76e-01	2.31e-02	1.92e-04
 7.61334e+22	9.77e-01	2.29e-02	1.90e-04
 7.62077e+22	9.77e-01	2.24e-02	1.89e-04
 7.62879e+22	9.78e-01	2.21e-02	1.87e-04
 7.63609e+22	9.78e-01	2.18e-02	1.86e-04
 7.64409e+22	9.78e-01	2.13e-02	1.85e-04
 7.65272e+22	9.79e-01	2.10e-02	1.84e-04
 7.66058e+22	9.79e-01	2.07e-02	1.83e-04
 7.66919e+22	9.79e-01	2.02e-02	1.81e-04
 7.67849e+22	9.80e-01	1.99e-02	1.80e-04
 7.68695e+22	9.80e-01	1.96e-02	1.79e-04
 7.69464e+22	9.80e-01	1.93e-02	1.78e-04
 7.70308e+22	9.81e-01	1.89e-02	1.77e-04
 7.71218e+22	9.81e-01	1.86e-02	1.76e-04
 7.72047e+22	9.81e-01	1.83e-02	1.75e-04
 7.72955e+22	9.82e-01	1.80e-02	1.74e-04
 7.73935e+22	9.82e-01	1.76e-02	1.74e-04
 7.74828e+22	9.82e-01	1.73e-02	1.73e-04
 7.75639e+22	9.83e-01	1.71e-02	1.73e-04
 7.76529e+22	9.83e-01	1.68e-02	1.72e-04
 7.77489e+22	9.83e-01	1.65e-02	1.71e-04
 7.78363e+22	9.83e-01	1.62e-02	1.71e-04
 7.79159e+22	9.84e-01	1.60e-02	1.70e-04
 7.80030e+22	9.84e-01	1.57e-02	1.70e-04
 7.80971e+22	9.84e-01	1.54e-02	1.69e-04
 7.81827e+22	9.84e-01	1.52e-02	1.69e-04
 7.82765e+22	9.85e-01	1.49e-02	1.68e-04
 7.83778e+22	9.85e-01	1.46e-02	1.68e-04
 7.84700e+22	9.85e-01	1.44e-02	1.68e-04
 7.85710e+22	9.86e-01	1.41e-02	1.68e-04
 7.86800e+22	9.86e-01	1.38e-02	1.67e-04
 7.87792e+22	9.86e-01	1.36e-02	1.67e-04
 7.88695e+22	9.86e-01	1.34e-02	1.67e-04
 7.89684e+22	9.87e-01	1.31e-02	1.67e-04
 7.90752e+22	9.87e-01	1.29e-02	1.67e-04
 7.91724e+22	9.87e-01	1.27e-02	1.67e-04
 7.92790e+22	9.87e-01	1.24e-02	1.67e-04
 7.93939e+22	9.87e-01	1.22e-02	1.67e-04
 7.94986e+22	9.88e-01	1.20e-02	1.68e-04
 7.96132e+22	9.88e-01	1.17e-02	1.68e-04
 7.97370e+22	9.88e-01	1.15e-02	1.68e-04
 7.98497e+22	9.88e-01	1.13e-02	1.68e-04
 7.99731e+22	9.89e-01	1.10e-02	1.69e-04
 8.01189e+22	9.89e-01	1.07e-02	1.72e-04
 8.02727e+22	9.89e-01	1.04e-02	1.75e-04
 8.04326e+22	9.90e-01	1.01e-02	1.76e-04
 8.05972e+22	9.90e-01	9.86e-03	1.78e-04
 8.07643e+22	9.90e-01	9.58e-03	1.80e-04
 8.09339e+22	9.90e-01	9.31e-03	1.82e-04
 8.11053e+22	9.91e-01	9.05e-03	1.84e-04
 8.12786e+22	9.91e-01	8.79e-03	1.86e-04
 8.14534e+22	9.91e-01	8.53e-03	1.89e-04
 8.16300e+22	9.91e-01	8.28e-03	1.91e-04
 8.18083e+22	9.92e-01	8.04e-03	1.94e-04
 8.19882e+22	9.92e-01	7.80e-03	1.97e-04
 8.21698e+22	9.92e-01	7.57e-03	2.00e-04
 8.23530e+22	9.92e-01	7.34e-03	2.03e-04
 8.25368e+22	9.92e-01	7.12e-03	2.07e-04
 8.27222e+22	9.93e-01	6.91e-03	2.10e-04
 8.29097e+22	9.93e-01	6.70e-03	2.14e-04
 8.30983e+22	9.93e-01	6.49e-03	2.18e-04
 8.32888e+22	9.93e-01	6.29e-03	2.22e-04
 8.34808e+22	9.93e-01	6.09e-03	2.26e-04
 8.36745e+22	9.94e-01	5.90e-03	2.31e-04
 8.38698e+22	9.94e-01	5.72e-03	2.36e-04
 8.40666e+22	9.94e-01	5.54e-03	2.40e-04
 8.42650e+22	9.94e-01	5.36e-03	2.46e-04
 8.44663e+22	9.94e-01	5.19e-03	2.51e-04
 8.46719e+22	9.94e-01	5.02e-03	2.57e-04
 8.48808e+22	9.95e-01	4.85e-03	2.62e-04
 8.50923e+22	9.95e-01	4.69e-03	2.69e-04
 8.53064e+22	9.95e-01	4.53e-03	2.76e-04
 8.55231e+22	9.95e-01	4.37e-03	2.84e-04
 8.57427e+22	9.95e-01	4.22e-03	2.92e-04
 8.59653e+22	9.95e-01	4.07e-03	3.00e-04
 8.61918e+22	9.95e-01	3.93e-03	3.08e-04
 8.64226e+22	9.96e-01	3.79e-03	3.17e-04
 8.66582e+22	9.96e-01	3.65e-03	3.26e-04
 8.69007e+22	9.96e-01	3.51e-03	3.35e-04
 8.71494e+22	9.96e-01	3.38e-03	3.44e-04
 8.74038e+22	9.96e-01	3.24e-03	3.54e-04
 8.76646e+22	9.96e-01	3.12e-03	3.64e-04
 8.79292e+22	9.96e-01	2.99e-03	3.74e-04
 8.81950e+22	9.96e-01	2.87e-03	3.84e-04
 8.84619e+22	9.96e-01	2.76e-03	3.95e-04
 8.87303e+22	9.97e-01	2.65e-03	4.05e-04
 8.90001e+22	9.97e-01	2.54e-03	4.15e-04
 8.92711e+22	9.97e-01	2.44e-03	4.25e-04
 8.95432e+22	9.97e-01	2.35e-03	4.35e-04
 8.98156e+22	9.97e-01	2.26e-03	4.44e-04
 9.00891e+22	9.97e-01	2.17e-03	4.54e-04
 9.03641e+22	9.97e-01	2.09e-03	4.64e-04
 9.06395e+22	9.97e-01	2.01e-03	4.73e-04
 9.09151e+22	9.97e-01	1.94e-03	4.82e-04
 9.11908e+22	9.97e-01	1.87e-03	4.90e-04
 9.14660e+22	9.97e-01	1.80e-03	4.98e-04
 9.17397e+22	9.97e-01	1.73e-03	5.05e-04
 9.20073e+22	9.97e-01	1.67e-03	5.10e-04
 9.22712e+22	9.97e-01	1.61e-03	5.14e-04
 9.24871e+22	9.97e-01	1.57e-03	5.17e-04
