#depth	Cl	Cl+	Cl+2	Cl+3	Cl+4	Cl+5	Cl+6	Cl+7	Cl+8	Cl+9	Cl+10	Cl+11	Cl+12	Cl+13	Cl+14	Cl+15	Cl+16	Cl+17
 4.62852e+21	0.00e+00	0.00e+00	0.00e+00	0.00e+00	0.00e+00	0.00e+00	0.00e+00	0.00e+00	6.48e-25	2.39e-21	4.09e-18	4.18e-15	2.47e-12	8.90e-10	3.54e-07	2.60e-04	2.80e-02	9.72e-01
 1.05308e+22	0.00e+00	0.00e+00	0.00e+00	0.00e+00	0.00e+00	0.00e+00	0.00e+00	2.70e-27	1.60e-23	4.09e-20	4.85e-17	3.54e-14	1.46e-11	3.68e-09	1.02e-06	5.25e-04	3.96e-02	9.60e-01
 1.26618e+22	0.00e+00	0.00e+00	0.00e+00	0.00e+00	0.00e+00	0.00e+00	0.00e+00	2.95e-26	1.36e-22	2.72e-19	2.55e-16	1.46e-13	4.72e-11	9.41e-09	2.07e-06	8.36e-04	4.97e-02	9.49e-01
 1.42045e+22	0.00e+00	0.00e+00	0.00e+00	0.00e+00	0.00e+00	0.00e+00	1.50e-29	1.99e-25	7.56e-22	1.24e-18	9.57e-16	4.51e-13	1.20e-10	1.98e-08	3.61e-06	1.21e-03	5.94e-02	9.39e-01
 1.50616e+22	0.00e+00	0.00e+00	0.00e+00	0.00e+00	0.00e+00	0.00e+00	2.56e-29	3.22e-25	1.16e-21	1.81e-18	1.33e-15	5.97e-13	1.52e-10	2.39e-08	4.15e-06	1.33e-03	6.21e-02	9.37e-01
 1.54559e+22	0.00e+00	0.00e+00	0.00e+00	0.00e+00	0.00e+00	0.00e+00	5.07e-29	6.00e-25	2.03e-21	2.97e-18	2.05e-15	8.62e-13	2.06e-10	3.05e-08	4.98e-06	1.50e-03	6.58e-02	9.33e-01
 1.58799e+22	0.00e+00	0.00e+00	0.00e+00	0.00e+00	0.00e+00	0.00e+00	9.18e-29	1.02e-24	3.27e-21	4.53e-18	2.96e-15	1.18e-12	2.67e-10	3.75e-08	5.81e-06	1.66e-03	6.92e-02	9.29e-01
 1.63425e+22	0.00e+00	0.00e+00	0.00e+00	0.00e+00	0.00e+00	0.00e+00	2.05e-28	2.12e-24	6.28e-21	8.05e-18	4.88e-15	1.81e-12	3.80e-10	4.97e-08	7.17e-06	1.90e-03	7.39e-02	9.24e-01
 1.67663e+22	0.00e+00	0.00e+00	0.00e+00	0.00e+00	0.00e+00	0.00e+00	3.44e-28	3.38e-24	9.54e-21	1.17e-17	6.76e-15	2.38e-12	4.79e-10	5.97e-08	8.22e-06	2.08e-03	7.72e-02	9.21e-01
 1.71396e+22	0.00e+00	0.00e+00	0.00e+00	0.00e+00	0.00e+00	0.00e+00	6.33e-28	5.87e-24	1.56e-20	1.81e-17	9.86e-15	3.29e-12	6.24e-10	7.38e-08	9.63e-06	2.31e-03	8.11e-02	9.17e-01
 1.75352e+22	0.00e+00	0.00e+00	0.00e+00	0.00e+00	0.00e+00	0.00e+00	1.13e-27	9.91e-24	2.50e-20	2.74e-17	1.42e-14	4.47e-12	8.06e-10	9.05e-08	1.12e-05	2.55e-03	8.51e-02	9.12e-01
 1.78829e+22	0.00e+00	0.00e+00	0.00e+00	0.00e+00	0.00e+00	0.00e+00	1.89e-27	1.58e-23	3.78e-20	3.95e-17	1.95e-14	5.87e-12	1.01e-09	1.08e-07	1.28e-05	2.79e-03	8.87e-02	9.08e-01
 1.82580e+22	0.00e+00	0.00e+00	0.00e+00	0.00e+00	0.00e+00	0.00e+00	3.48e-27	2.74e-23	6.20e-20	6.11e-17	2.85e-14	8.10e-12	1.32e-09	1.34e-07	1.50e-05	3.09e-03	9.32e-02	9.04e-01
 1.86520e+22	0.00e+00	0.00e+00	0.00e+00	0.00e+00	0.00e+00	0.00e+00	6.16e-27	4.59e-23	9.84e-20	9.20e-17	4.06e-14	1.10e-11	1.69e-09	1.64e-07	1.74e-05	3.41e-03	9.76e-02	8.99e-01
 1.90032e+22	0.00e+00	0.00e+00	0.00e+00	0.00e+00	0.00e+00	2.30e-30	1.05e-26	7.40e-23	1.51e-19	1.34e-16	5.65e-14	1.45e-11	2.13e-09	1.97e-07	2.00e-05	3.73e-03	1.02e-01	8.94e-01
 1.93384e+22	0.00e+00	0.00e+00	0.00e+00	0.00e+00	0.00e+00	4.02e-30	1.74e-26	1.18e-22	2.28e-19	1.93e-16	7.76e-14	1.90e-11	2.67e-09	2.35e-07	2.28e-05	4.07e-03	1.06e-01	8.90e-01
 1.97203e+22	0.00e+00	0.00e+00	0.00e+00	0.00e+00	0.00e+00	7.98e-30	3.28e-26	2.08e-22	3.80e-19	3.04e-16	1.15e-13	2.65e-11	3.51e-09	2.93e-07	2.69e-05	4.53e-03	1.12e-01	8.84e-01
 2.00847e+22	0.00e+00	0.00e+00	0.00e+00	0.00e+00	0.00e+00	1.35e-29	5.32e-26	3.22e-22	5.62e-19	4.29e-16	1.55e-13	3.42e-11	4.34e-09	3.46e-07	3.04e-05	4.92e-03	1.16e-01	8.79e-01
 2.03719e+22	0.00e+00	0.00e+00	0.00e+00	0.00e+00	0.00e+00	2.16e-29	8.19e-26	4.76e-22	7.97e-19	5.84e-16	2.03e-13	4.30e-11	5.24e-09	4.02e-07	3.40e-05	5.29e-03	1.20e-01	8.75e-01
 2.06905e+22	0.00e+00	0.00e+00	0.00e+00	0.00e+00	0.00e+00	3.75e-29	1.36e-25	7.53e-22	1.20e-18	8.39e-16	2.78e-13	5.61e-11	6.53e-09	4.79e-07	3.87e-05	5.76e-03	1.25e-01	8.69e-01
 2.10344e+22	0.00e+00	0.00e+00	0.00e+00	0.00e+00	0.00e+00	6.46e-29	2.25e-25	1.19e-21	1.80e-18	1.20e-15	3.79e-13	7.32e-11	8.13e-09	5.71e-07	4.41e-05	6.26e-03	1.30e-01	8.64e-01
 2.13490e+22	0.00e+00	0.00e+00	0.00e+00	0.00e+00	0.00e+00	1.06e-28	3.56e-25	1.80e-21	2.62e-18	1.67e-15	5.04e-13	9.32e-11	9.93e-09	6.69e-07	4.96e-05	6.76e-03	1.34e-01	8.59e-01
 2.16480e+22	0.00e+00	0.00e+00	0.00e+00	0.00e+00	0.00e+00	1.74e-28	5.60e-25	2.70e-21	3.77e-18	2.30e-15	6.68e-13	1.18e-10	1.21e-08	7.82e-07	5.57e-05	7.29e-03	1.39e-01	8.53e-01
 2.19888e+22	0.00e+00	0.00e+00	0.00e+00	0.00e+00	0.00e+00	3.20e-28	9.83e-25	4.50e-21	5.94e-18	3.44e-15	9.46e-13	1.59e-10	1.54e-08	9.49e-07	6.43e-05	8.01e-03	1.45e-01	8.47e-01
 2.23363e+22	0.00e+00	0.00e+00	0.00e+00	0.00e+00	0.00e+00	5.38e-28	1.58e-24	6.93e-21	8.75e-18	4.84e-15	1.27e-12	2.05e-10	1.90e-08	1.12e-06	7.27e-05	8.67e-03	1.51e-01	8.41e-01
 2.26407e+22	0.00e+00	0.00e+00	0.00e+00	0.00e+00	0.00e+00	8.86e-28	2.51e-24	1.05e-20	1.27e-17	6.71e-15	1.69e-12	2.60e-10	2.32e-08	1.31e-06	8.17e-05	9.35e-03	1.56e-01	8.35e-01
 2.29360e+22	0.00e+00	0.00e+00	0.00e+00	0.00e+00	0.00e+00	1.44e-27	3.91e-24	1.57e-20	1.82e-17	9.22e-15	2.23e-12	3.29e-10	2.81e-08	1.53e-06	9.15e-05	1.01e-02	1.61e-01	8.29e-01
 2.32114e+22	0.00e+00	0.00e+00	0.00e+00	0.00e+00	0.00e+00	2.21e-27	5.81e-24	2.24e-20	2.50e-17	1.22e-14	2.84e-12	4.05e-10	3.34e-08	1.75e-06	1.01e-04	1.07e-02	1.66e-01	8.23e-01
 2.35093e+22	0.00e+00	0.00e+00	0.00e+00	0.00e+00	8.33e-31	3.67e-27	9.29e-24	3.42e-20	3.65e-17	1.71e-14	3.80e-12	5.17e-10	4.08e-08	2.05e-06	1.14e-04	1.16e-02	1.72e-01	8.17e-01
 2.38225e+22	0.00e+00	0.00e+00	0.00e+00	0.00e+00	1.41e-30	5.97e-27	1.45e-23	5.14e-20	5.24e-17	2.35e-14	5.01e-12	6.55e-10	4.96e-08	2.40e-06	1.28e-04	1.25e-02	1.77e-01	8.10e-01
 2.40976e+22	0.00e+00	0.00e+00	0.00e+00	0.00e+00	2.26e-30	9.27e-27	2.18e-23	7.41e-20	7.27e-17	3.14e-14	6.45e-12	8.10e-10	5.91e-08	2.75e-06	1.41e-04	1.33e-02	1.83e-01	8.04e-01
 2.43975e+22	0.00e+00	0.00e+00	0.00e+00	0.00e+00	3.95e-30	1.56e-26	3.52e-23	1.14e-19	1.07e-16	4.41e-14	8.66e-12	1.04e-09	7.26e-08	3.24e-06	1.59e-04	1.44e-02	1.89e-01	7.96e-01
 2.47060e+22	0.00e+00	0.00e+00	0.00e+00	0.00e+00	6.60e-30	2.51e-26	5.45e-23	1.70e-19	1.53e-16	6.03e-14	1.14e-11	1.31e-09	8.78e-08	3.77e-06	1.78e-04	1.55e-02	1.95e-01	7.89e-01
 2.49698e+22	0.00e+00	0.00e+00	0.00e+00	0.00e+00	1.04e-29	3.82e-26	8.03e-23	2.41e-19	2.09e-16	7.95e-14	1.44e-11	1.60e-09	1.04e-07	4.30e-06	1.96e-04	1.65e-02	2.00e-01	7.83e-01
 2.52570e+22	0.00e+00	0.00e+00	0.00e+00	0.00e+00	1.77e-29	6.27e-26	1.27e-22	3.64e-19	3.02e-16	1.10e-13	1.91e-11	2.04e-09	1.26e-07	5.02e-06	2.20e-04	1.77e-02	2.07e-01	7.75e-01
 2.55635e+22	0.00e+00	0.00e+00	0.00e+00	0.00e+00	2.95e-29	1.01e-25	1.97e-22	5.42e-19	4.30e-16	1.50e-13	2.51e-11	2.56e-09	1.52e-07	5.83e-06	2.46e-04	1.90e-02	2.13e-01	7.68e-01
 2.58413e+22	0.00e+00	0.00e+00	0.00e+00	0.00e+00	4.77e-29	1.57e-25	2.96e-22	7.84e-19	5.99e-16	2.01e-13	3.23e-11	3.18e-09	1.82e-07	6.71e-06	2.72e-04	2.03e-02	2.19e-01	7.60e-01
 2.60908e+22	0.00e+00	0.00e+00	0.00e+00	0.00e+00	7.30e-29	2.34e-25	4.26e-22	1.09e-18	8.04e-16	2.61e-13	4.05e-11	3.84e-09	2.13e-07	7.59e-06	2.98e-04	2.15e-02	2.25e-01	7.54e-01
 2.63224e+22	0.00e+00	0.00e+00	0.00e+00	0.00e+00	1.09e-28	3.38e-25	5.99e-22	1.48e-18	1.06e-15	3.32e-13	4.99e-11	4.59e-09	2.46e-07	8.52e-06	3.24e-04	2.27e-02	2.30e-01	7.47e-01
 2.65885e+22	0.00e+00	0.00e+00	0.00e+00	0.00e+00	1.75e-28	5.28e-25	9.03e-22	2.15e-18	1.47e-15	4.45e-13	6.43e-11	5.68e-09	2.93e-07	9.78e-06	3.59e-04	2.42e-02	2.36e-01	7.39e-01
 2.68753e+22	0.00e+00	0.00e+00	0.00e+00	0.00e+00	1.39e-28	4.04e-25	6.66e-22	3.12e-18	2.06e-15	5.97e-13	8.30e-11	7.05e-09	3.50e-07	1.13e-05	3.97e-04	2.58e-02	2.42e-01	7.31e-01
 2.71335e+22	0.00e+00	0.00e+00	0.00e+00	0.00e+00	4.41e-28	1.24e-24	1.99e-21	4.39e-18	2.79e-15	7.81e-13	1.05e-10	8.59e-09	4.12e-07	1.28e-05	4.36e-04	2.74e-02	2.48e-01	7.24e-01
 2.74138e+22	0.00e+00	0.00e+00	0.00e+00	0.00e+00	3.63e-28	9.88e-25	1.52e-21	6.57e-18	4.00e-15	1.07e-12	1.38e-10	1.08e-08	4.98e-07	1.48e-05	4.86e-04	2.93e-02	2.56e-01	7.15e-01
 2.76983e+22	0.00e+00	0.00e+00	0.00e+00	0.00e+00	5.80e-28	1.53e-24	2.27e-21	9.44e-18	5.53e-15	1.43e-12	1.76e-10	1.34e-08	5.92e-07	1.70e-05	5.37e-04	3.12e-02	2.62e-01	7.06e-01
 2.79362e+22	0.00e+00	0.00e+00	0.00e+00	0.00e+00	8.70e-28	2.22e-24	3.21e-21	1.29e-17	7.32e-15	1.83e-12	2.19e-10	1.60e-08	6.87e-07	1.91e-05	5.85e-04	3.29e-02	2.68e-01	6.99e-01
 2.81934e+22	0.00e+00	0.00e+00	0.00e+00	0.00e+00	1.40e-27	3.45e-24	4.81e-21	1.86e-17	1.01e-14	2.43e-12	2.80e-10	1.97e-08	8.15e-07	2.19e-05	6.45e-04	3.50e-02	2.74e-01	6.90e-01
 2.84715e+22	0.00e+00	0.00e+00	0.00e+00	5.98e-31	2.23e-27	5.34e-24	7.18e-21	2.68e-17	1.40e-14	3.24e-12	3.59e-10	2.43e-08	9.68e-07	2.50e-05	7.12e-04	3.72e-02	2.81e-01	6.81e-01
 2.87265e+22	0.00e+00	0.00e+00	0.00e+00	9.46e-31	3.43e-27	7.95e-24	1.04e-20	3.73e-17	1.89e-14	4.21e-12	4.50e-10	2.95e-08	1.13e-06	2.83e-05	7.78e-04	3.93e-02	2.87e-01	6.73e-01
 2.89612e+22	0.00e+00	0.00e+00	0.00e+00	1.45e-30	5.11e-27	1.15e-23	1.46e-20	5.08e-17	2.49e-14	5.37e-12	5.56e-10	3.52e-08	1.31e-06	3.17e-05	8.45e-04	4.14e-02	2.93e-01	6.65e-01
 2.92200e+22	0.00e+00	0.00e+00	0.00e+00	2.39e-30	8.16e-27	1.78e-23	2.18e-20	7.31e-17	3.44e-14	7.13e-12	7.11e-10	4.33e-08	1.55e-06	3.63e-05	9.31e-04	4.40e-02	3.00e-01	6.55e-01
 2.94930e+22	0.00e+00	0.00e+00	0.00e+00	3.87e-30	1.28e-26	2.71e-23	3.20e-20	1.04e-16	4.69e-14	9.39e-12	9.02e-10	5.30e-08	1.83e-06	4.13e-05	1.02e-03	4.66e-02	3.06e-01	6.46e-01
 2.97351e+22	0.00e+00	0.00e+00	0.00e+00	6.02e-30	1.93e-26	3.97e-23	4.56e-20	1.42e-16	6.24e-14	1.21e-11	1.12e-09	6.37e-08	2.13e-06	4.64e-05	1.11e-03	4.91e-02	3.12e-01	6.37e-01
 3.00002e+22	0.00e+00	0.00e+00	0.00e+00	1.01e-29	3.14e-26	6.24e-23	6.92e-20	2.08e-16	8.73e-14	1.62e-11	1.45e-09	7.90e-08	2.54e-06	5.33e-05	1.23e-03	5.22e-02	3.20e-01	6.27e-01
 3.02811e+22	0.00e+00	0.00e+00	0.00e+00	1.67e-29	5.01e-26	9.63e-23	1.03e-19	2.98e-16	1.21e-13	2.16e-11	1.85e-09	9.73e-08	3.01e-06	6.09e-05	1.35e-03	5.54e-02	3.26e-01	6.17e-01
 3.05249e+22	0.00e+00	0.00e+00	0.00e+00	2.59e-29	7.56e-26	1.41e-22	1.46e-19	4.09e-16	1.60e-13	2.77e-11	2.30e-09	1.17e-07	3.50e-06	6.84e-05	1.47e-03	5.83e-02	3.32e-01	6.08e-01
 3.07462e+22	0.00e+00	0.00e+00	0.00e+00	3.89e-29	1.11e-25	2.01e-22	2.03e-19	5.50e-16	2.08e-13	3.49e-11	2.81e-09	1.38e-07	4.02e-06	7.62e-05	1.59e-03	6.11e-02	3.38e-01	5.99e-01
 3.09958e+22	0.00e+00	0.00e+00	0.00e+00	6.28e-29	1.73e-25	3.05e-22	2.98e-19	7.78e-16	2.84e-13	4.59e-11	3.56e-09	1.69e-07	4.72e-06	8.65e-05	1.74e-03	6.46e-02	3.45e-01	5.89e-01
 3.12648e+22	0.00e+00	0.00e+00	0.00e+00	1.02e-28	2.74e-25	4.66e-22	4.39e-19	1.11e-15	3.90e-13	6.06e-11	4.53e-09	2.07e-07	5.58e-06	9.85e-05	1.91e-03	6.83e-02	3.51e-01	5.78e-01
 3.15068e+22	0.00e+00	0.00e+00	0.00e+00	9.07e-29	2.36e-25	3.91e-22	6.18e-19	1.51e-15	5.13e-13	7.72e-11	5.59e-09	2.47e-07	6.45e-06	1.10e-04	2.07e-03	7.17e-02	3.57e-01	5.69e-01
 3.17693e+22	0.00e+00	0.00e+00	0.00e+00	1.55e-28	3.89e-25	6.22e-22	9.47e-19	2.22e-15	7.25e-13	1.05e-10	7.27e-09	3.09e-07	7.73e-06	1.27e-04	2.29e-03	7.62e-02	3.64e-01	5.57e-01
 3.20426e+22	0.00e+00	0.00e+00	0.00e+00	2.48e-28	6.05e-25	9.36e-22	1.38e-18	3.12e-15	9.82e-13	1.37e-10	9.17e-09	3.75e-07	9.07e-06	1.44e-04	2.50e-03	8.03e-02	3.70e-01	5.47e-01
 3.22779e+22	0.00e+00	0.00e+00	0.00e+00	3.80e-28	8.99e-25	1.35e-21	1.93e-18	4.23e-15	1.29e-12	1.74e-10	1.13e-08	4.48e-07	1.05e-05	1.61e-04	2.71e-03	8.42e-02	3.76e-01	5.37e-01
 3.25318e+22	0.00e+00	0.00e+00	0.00e+00	6.25e-28	1.43e-24	2.09e-21	2.87e-18	6.06e-15	1.78e-12	2.31e-10	1.44e-08	5.50e-07	1.24e-05	1.83e-04	2.97e-03	8.90e-02	3.82e-01	5.26e-01
 3.27989e+22	0.00e+00	0.00e+00	0.00e+00	1.00e-27	2.23e-24	3.14e-21	4.17e-18	8.51e-15	2.41e-12	3.02e-10	1.82e-08	6.70e-07	1.45e-05	2.07e-04	3.24e-03	9.37e-02	3.88e-01	5.15e-01
 3.30366e+22	0.00e+00	0.00e+00	2.12e-31	1.55e-27	3.35e-24	4.58e-21	5.89e-18	1.17e-14	3.20e-12	3.88e-10	2.26e-08	8.04e-07	1.69e-05	2.32e-04	3.51e-03	9.83e-02	3.93e-01	5.05e-01
 3.32990e+22	0.00e+00	0.00e+00	3.75e-31	2.66e-27	5.53e-24	7.30e-21	9.01e-18	1.72e-14	4.52e-12	5.26e-10	2.94e-08	1.00e-06	2.02e-05	2.67e-04	3.88e-03	1.04e-01	4.00e-01	4.92e-01
 3.35694e+22	0.00e+00	0.00e+00	6.15e-31	4.24e-27	8.55e-24	1.09e-20	1.30e-17	2.40e-14	6.10e-12	6.85e-10	3.69e-08	1.22e-06	2.37e-05	3.01e-04	4.22e-03	1.09e-01	4.05e-01	4.81e-01
 3.37989e+22	0.00e+00	0.00e+00	9.62e-31	6.47e-27	1.27e-23	1.57e-20	1.81e-17	3.24e-14	7.99e-12	8.70e-10	4.54e-08	1.45e-06	2.73e-05	3.36e-04	4.56e-03	1.14e-01	4.10e-01	4.71e-01
 3.40135e+22	0.00e+00	0.00e+00	1.48e-30	9.69e-27	1.85e-23	2.22e-20	2.49e-17	4.33e-14	1.04e-11	1.09e-09	5.54e-08	1.72e-06	3.13e-05	3.74e-04	4.91e-03	1.19e-01	4.14e-01	4.61e-01
 3.42602e+22	0.00e+00	0.00e+00	2.54e-30	1.61e-26	2.97e-23	3.45e-20	3.72e-17	6.23e-14	1.43e-11	1.46e-09	7.11e-08	2.12e-06	3.72e-05	4.26e-04	5.38e-03	1.26e-01	4.20e-01	4.49e-01
 3.45162e+22	0.00e+00	0.00e+00	4.06e-30	2.50e-26	4.47e-23	5.03e-20	5.25e-17	8.53e-14	1.90e-11	1.87e-09	8.82e-08	2.55e-06	4.32e-05	4.78e-04	5.83e-03	1.32e-01	4.24e-01	4.38e-01
 3.47484e+22	0.00e+00	0.00e+00	6.48e-30	3.89e-26	6.73e-23	7.35e-20	7.40e-17	1.17e-13	2.52e-11	2.40e-09	1.10e-07	3.06e-06	5.01e-05	5.35e-04	6.31e-03	1.38e-01	4.28e-01	4.27e-01
 3.50143e+22	0.00e+00	0.00e+00	1.15e-29	6.68e-26	1.11e-22	1.17e-19	1.13e-16	1.72e-13	3.56e-11	3.26e-09	1.43e-07	3.82e-06	6.01e-05	6.15e-04	6.95e-03	1.45e-01	4.33e-01	4.14e-01
 3.52762e+22	0.00e+00	0.00e+00	1.89e-29	1.06e-25	1.71e-22	1.74e-19	1.62e-16	2.38e-13	4.79e-11	4.23e-09	1.79e-07	4.64e-06	7.03e-05	6.93e-04	7.54e-03	1.52e-01	4.37e-01	4.03e-01
 3.54859e+22	0.00e+00	0.00e+00	2.90e-29	1.59e-25	2.49e-22	2.45e-19	2.21e-16	3.17e-13	6.19e-11	5.32e-09	2.18e-07	5.48e-06	8.07e-05	7.69e-04	8.10e-03	1.58e-01	4.40e-01	3.93e-01
 3.57114e+22	0.00e+00	0.00e+00	4.74e-29	2.52e-25	3.82e-22	3.63e-19	3.16e-16	4.40e-13	8.30e-11	6.89e-09	2.73e-07	6.64e-06	9.42e-05	8.65e-04	8.79e-03	1.66e-01	4.44e-01	3.81e-01
 3.59553e+22	0.00e+00	0.00e+00	7.77e-29	4.01e-25	5.86e-22	5.38e-19	4.50e-16	6.09e-13	1.11e-10	8.95e-09	3.43e-07	8.05e-06	1.10e-04	9.75e-04	9.53e-03	1.73e-01	4.47e-01	3.70e-01
 3.61774e+22	0.00e+00	0.00e+00	1.20e-28	6.03e-25	8.56e-22	7.64e-19	6.18e-16	8.14e-13	1.44e-10	1.13e-08	4.19e-07	9.53e-06	1.26e-04	1.08e-03	1.02e-02	1.80e-01	4.49e-01	3.60e-01
 3.63859e+22	0.00e+00	0.00e+00	1.86e-28	9.08e-25	1.25e-21	1.08e-18	8.44e-16	1.08e-12	1.87e-10	1.42e-08	5.12e-07	1.13e-05	1.45e-04	1.20e-03	1.10e-02	1.87e-01	4.51e-01	3.50e-01
 3.65889e+22	0.00e+00	0.00e+00	2.84e-28	1.35e-24	1.80e-21	1.51e-18	1.14e-15	1.43e-12	2.41e-10	1.77e-08	6.21e-07	1.33e-05	1.66e-04	1.33e-03	1.18e-02	1.94e-01	4.53e-01	3.40e-01
 3.68193e+22	0.00e+00	0.00e+00	4.90e-28	2.25e-24	2.89e-21	2.32e-18	1.68e-15	2.05e-12	3.32e-10	2.36e-08	7.97e-07	1.65e-05	1.97e-04	1.51e-03	1.28e-02	2.03e-01	4.55e-01	3.27e-01
 3.70508e+22	0.00e+00	0.00e+00	7.54e-28	3.37e-24	4.20e-21	3.27e-18	2.29e-15	2.72e-12	4.29e-10	2.96e-08	9.71e-07	1.95e-05	2.26e-04	1.67e-03	1.37e-02	2.10e-01	4.56e-01	3.18e-01
 3.72835e+22	0.00e+00	0.00e+00	1.30e-27	5.60e-24	6.70e-21	5.02e-18	3.37e-15	3.87e-12	5.91e-10	3.94e-08	1.24e-06	2.40e-05	2.68e-04	1.90e-03	1.50e-02	2.20e-01	4.57e-01	3.05e-01
 3.75198e+22	0.00e+00	1.49e-31	2.08e-27	8.68e-24	1.00e-20	7.25e-18	4.68e-15	5.25e-12	7.78e-10	5.04e-08	1.54e-06	2.88e-05	3.11e-04	2.12e-03	1.61e-02	2.28e-01	4.58e-01	2.95e-01
 3.77232e+22	0.00e+00	2.37e-31	3.20e-27	1.30e-23	1.46e-20	1.02e-17	6.34e-15	6.96e-12	1.00e-09	6.31e-08	1.88e-06	3.41e-05	3.56e-04	2.35e-03	1.72e-02	2.36e-01	4.58e-01	2.85e-01
 3.79183e+22	0.00e+00	3.65e-31	4.80e-27	1.90e-23	2.06e-20	1.40e-17	8.42e-15	9.04e-12	1.27e-09	7.80e-08	2.25e-06	3.98e-05	4.04e-04	2.58e-03	1.83e-02	2.44e-01	4.58e-01	2.77e-01
 3.81399e+22	0.00e+00	6.41e-31	8.13e-27	3.10e-23	3.24e-20	2.11e-17	1.22e-14	1.27e-11	1.73e-09	1.03e-07	2.86e-06	4.88e-05	4.76e-04	2.92e-03	1.99e-02	2.54e-01	4.58e-01	2.65e-01
 3.83636e+22	0.00e+00	1.04e-30	1.27e-26	4.70e-23	4.75e-20	2.98e-17	1.66e-14	1.69e-11	2.25e-09	1.30e-07	3.51e-06	5.80e-05	5.48e-04	3.23e-03	2.13e-02	2.63e-01	4.57e-01	2.56e-01
 3.85558e+22	0.00e+00	1.61e-30	1.92e-26	6.91e-23	6.76e-20	4.11e-17	2.21e-14	2.21e-11	2.86e-09	1.61e-07	4.23e-06	6.80e-05	6.23e-04	3.56e-03	2.27e-02	2.71e-01	4.56e-01	2.47e-01
 3.87714e+22	0.00e+00	2.79e-30	3.21e-26	1.11e-22	1.05e-19	6.10e-17	3.14e-14	3.06e-11	3.85e-09	2.09e-07	5.33e-06	8.28e-05	7.30e-04	4.00e-03	2.44e-02	2.81e-01	4.54e-01	2.36e-01
 3.89953e+22	0.00e+00	4.56e-30	5.07e-26	1.70e-22	1.55e-19	8.71e-17	4.31e-14	4.11e-11	5.03e-09	2.66e-07	6.56e-06	9.87e-05	8.41e-04	4.44e-03	2.61e-02	2.90e-01	4.52e-01	2.27e-01
 3.91882e+22	0.00e+00	7.17e-30	7.73e-26	2.52e-22	2.21e-19	1.20e-16	5.75e-14	5.38e-11	6.42e-09	3.31e-07	7.93e-06	1.16e-04	9.59e-04	4.89e-03	2.78e-02	2.98e-01	4.50e-01	2.18e-01
 3.93692e+22	0.00e+00	1.08e-29	1.14e-25	3.62e-22	3.08e-19	1.63e-16	7.50e-14	6.89e-11	8.04e-09	4.04e-07	9.44e-06	1.35e-04	1.08e-03	5.33e-03	2.94e-02	3.06e-01	4.47e-01	2.11e-01
 3.95762e+22	0.00e+00	1.86e-29	1.88e-25	5.78e-22	4.72e-19	2.39e-16	1.06e-13	9.48e-11	1.08e-08	5.24e-07	1.18e-05	1.63e-04	1.26e-03	5.97e-03	3.16e-02	3.16e-01	4.44e-01	2.01e-01
 3.97877e+22	0.00e+00	2.98e-29	2.92e-25	8.67e-22	6.84e-19	3.34e-16	1.42e-13	1.25e-10	1.38e-08	6.56e-07	1.44e-05	1.93e-04	1.44e-03	6.58e-03	3.36e-02	3.25e-01	4.41e-01	1.92e-01
 3.99724e+22	0.00e+00	4.60e-29	4.37e-25	1.26e-21	9.64e-19	4.55e-16	1.87e-13	1.61e-10	1.75e-08	8.09e-07	1.73e-05	2.25e-04	1.63e-03	7.20e-03	3.56e-02	3.33e-01	4.37e-01	1.85e-01
 4.01798e+22	0.00e+00	7.92e-29	7.24e-25	2.02e-21	1.48e-18	6.70e-16	2.63e-13	2.22e-10	2.34e-08	1.05e-06	2.17e-05	2.73e-04	1.90e-03	8.05e-03	3.81e-02	3.44e-01	4.32e-01	1.76e-01
 4.03939e+22	0.00e+00	1.28e-28	1.13e-24	3.05e-21	2.16e-18	9.40e-16	3.54e-13	2.94e-10	3.02e-08	1.32e-06	2.65e-05	3.23e-04	2.18e-03	8.87e-03	4.05e-02	3.53e-01	4.28e-01	1.68e-01
 4.05838e+22	0.00e+00	2.01e-28	1.73e-24	4.52e-21	3.08e-18	1.29e-15	4.70e-13	3.83e-10	3.85e-08	1.64e-06	3.20e-05	3.79e-04	2.48e-03	9.73e-03	4.29e-02	3.61e-01	4.23e-01	1.60e-01
 4.07684e+22	0.00e+00	3.16e-28	2.63e-24	6.67e-21	4.39e-18	1.78e-15	6.21e-13	4.99e-10	4.90e-08	2.03e-06	3.86e-05	4.44e-04	2.81e-03	1.07e-02	4.54e-02	3.69e-01	4.18e-01	1.53e-01
 4.09792e+22	0.00e+00	5.55e-28	4.44e-24	1.08e-20	6.82e-18	2.64e-15	8.80e-13	6.92e-10	6.61e-08	2.66e-06	4.87e-05	5.41e-04	3.29e-03	1.19e-02	4.86e-02	3.80e-01	4.12e-01	1.44e-01
 4.11942e+22	0.00e+00	8.87e-28	6.86e-24	1.62e-20	9.84e-18	3.67e-15	1.17e-12	9.08e-10	8.47e-08	3.32e-06	5.91e-05	6.37e-04	3.75e-03	1.31e-02	5.14e-02	3.88e-01	4.06e-01	1.37e-01
 4.14146e+22	0.00e+00	1.59e-27	1.18e-23	2.68e-20	1.55e-17	5.53e-15	1.68e-12	1.27e-09	1.16e-07	4.39e-06	7.52e-05	7.81e-04	4.41e-03	1.47e-02	5.51e-02	3.98e-01	3.98e-01	1.29e-01
 4.16393e+22	0.00e+00	2.66e-27	1.90e-23	4.16e-20	2.31e-17	7.88e-15	2.29e-12	1.71e-09	1.52e-07	5.60e-06	9.29e-05	9.34e-04	5.08e-03	1.62e-02	5.84e-02	4.07e-01	3.91e-01	1.22e-01
 4.18223e+22	0.00e+00	4.01e-27	2.79e-23	5.93e-20	3.18e-17	1.05e-14	2.94e-12	2.16e-09	1.88e-07	6.80e-06	1.10e-04	1.08e-03	5.69e-03	1.76e-02	6.12e-02	4.13e-01	3.85e-01	1.16e-01
 4.20130e+22	0.00e+00	6.76e-27	4.52e-23	9.26e-20	4.77e-17	1.50e-14	4.02e-12	2.92e-09	2.47e-07	8.69e-06	1.36e-04	1.29e-03	6.55e-03	1.94e-02	6.49e-02	4.22e-01	3.77e-01	1.09e-01
 4.22104e+22	0.00e+00	1.06e-26	6.89e-23	1.36e-19	6.76e-17	2.05e-14	5.27e-12	3.77e-09	3.14e-07	1.08e-05	1.64e-04	1.51e-03	7.41e-03	2.12e-02	6.82e-02	4.28e-01	3.70e-01	1.03e-01
 4.23740e+22	0.00e+00	1.55e-26	9.76e-23	1.88e-19	9.03e-17	2.65e-14	6.58e-12	4.66e-09	3.82e-07	1.28e-05	1.91e-04	1.71e-03	8.20e-03	2.27e-02	7.09e-02	4.34e-01	3.64e-01	9.88e-02
 4.25441e+22	0.00e+00	2.48e-26	1.51e-22	2.80e-19	1.29e-16	3.64e-14	8.69e-12	6.08e-09	4.88e-07	1.60e-05	2.31e-04	2.01e-03	9.30e-03	2.48e-02	7.45e-02	4.40e-01	3.56e-01	9.32e-02
 4.27063e+22	0.00e+00	3.50e-26	2.08e-22	3.77e-19	1.69e-16	4.61e-14	1.06e-11	7.39e-09	5.84e-07	1.88e-05	2.65e-04	2.26e-03	1.02e-02	2.64e-02	7.73e-02	4.45e-01	3.50e-01	8.92e-02
 4.28361e+22	0.00e+00	4.93e-26	2.85e-22	5.03e-19	2.19e-16	5.79e-14	1.29e-11	8.93e-09	6.96e-07	2.20e-05	3.05e-04	2.54e-03	1.12e-02	2.81e-02	8.00e-02	4.49e-01	3.44e-01	8.54e-02
 4.29630e+22	0.00e+00	6.78e-26	3.83e-22	6.60e-19	2.79e-16	7.18e-14	1.56e-11	1.07e-08	8.21e-07	2.56e-05	3.46e-04	2.83e-03	1.22e-02	2.98e-02	8.26e-02	4.53e-01	3.38e-01	8.19e-02
 4.30875e+22	0.00e+00	9.08e-26	5.02e-22	8.46e-19	3.49e-16	8.74e-14	1.85e-11	1.26e-08	9.56e-07	2.93e-05	3.90e-04	3.12e-03	1.31e-02	3.14e-02	8.49e-02	4.56e-01	3.33e-01	7.87e-02
 4.32283e+22	0.00e+00	1.35e-25	7.23e-22	1.18e-18	4.70e-16	1.14e-13	2.32e-11	1.56e-08	1.17e-06	3.52e-05	4.56e-04	3.56e-03	1.45e-02	3.37e-02	8.82e-02	4.60e-01	3.25e-01	7.46e-02
 4.33699e+22	0.00e+00	1.89e-25	9.89e-22	1.57e-18	6.07e-16	1.42e-13	2.80e-11	1.88e-08	1.39e-06	4.11e-05	5.22e-04	3.99e-03	1.59e-02	3.57e-02	9.11e-02	4.63e-01	3.19e-01	7.12e-02
 4.34893e+22	0.00e+00	2.57e-25	1.31e-21	2.04e-18	7.65e-16	1.74e-13	3.33e-11	2.23e-08	1.63e-06	4.74e-05	5.90e-04	4.42e-03	1.72e-02	3.77e-02	9.37e-02	4.65e-01	3.13e-01	6.82e-02
 4.36012e+22	0.00e+00	3.47e-25	1.73e-21	2.62e-18	9.57e-16	2.12e-13	3.93e-11	2.62e-08	1.90e-06	5.44e-05	6.65e-04	4.88e-03	1.86e-02	3.97e-02	9.62e-02	4.68e-01	3.07e-01	6.54e-02
 4.37092e+22	4.34e-32	4.51e-25	2.20e-21	3.27e-18	1.17e-15	2.51e-13	4.56e-11	3.03e-08	2.17e-06	6.14e-05	7.38e-04	5.32e-03	1.99e-02	4.15e-02	9.85e-02	4.69e-01	3.02e-01	6.30e-02
 4.38321e+22	6.31e-32	6.44e-25	3.06e-21	4.41e-18	1.52e-15	3.17e-13	5.55e-11	3.67e-08	2.60e-06	7.22e-05	8.49e-04	5.98e-03	2.17e-02	4.41e-02	1.02e-01	4.72e-01	2.94e-01	5.98e-02
 4.39586e+22	8.87e-32	8.89e-25	4.12e-21	5.77e-18	1.93e-15	3.90e-13	6.61e-11	4.37e-08	3.05e-06	8.36e-05	9.63e-04	6.65e-03	2.36e-02	4.66e-02	1.04e-01	4.73e-01	2.88e-01	5.70e-02
 4.40687e+22	1.20e-31	1.19e-24	5.37e-21	7.35e-18	2.39e-15	4.69e-13	7.73e-11	5.10e-08	3.53e-06	9.54e-05	1.08e-03	7.31e-03	2.53e-02	4.89e-02	1.07e-01	4.74e-01	2.82e-01	5.45e-02
 4.41907e+22	1.76e-31	1.71e-24	7.51e-21	9.96e-18	3.13e-15	5.92e-13	9.40e-11	6.19e-08	4.24e-06	1.13e-04	1.24e-03	8.22e-03	2.77e-02	5.19e-02	1.10e-01	4.75e-01	2.74e-01	5.15e-02
 4.43095e+22	2.36e-31	2.25e-24	9.68e-21	1.26e-17	3.84e-15	7.06e-13	1.09e-10	7.18e-08	4.87e-06	1.28e-04	1.38e-03	8.98e-03	2.97e-02	5.42e-02	1.12e-01	4.76e-01	2.68e-01	4.94e-02
 4.44088e+22	3.18e-31	2.99e-24	1.26e-20	1.59e-17	4.71e-15	8.42e-13	1.26e-10	8.32e-08	5.60e-06	1.45e-04	1.54e-03	9.84e-03	3.18e-02	5.67e-02	1.15e-01	4.76e-01	2.62e-01	4.72e-02
 4.45066e+22	4.20e-31	3.89e-24	1.60e-20	1.98e-17	5.72e-15	9.95e-13	1.45e-10	9.57e-08	6.39e-06	1.63e-04	1.71e-03	1.07e-02	3.39e-02	5.91e-02	1.17e-01	4.75e-01	2.57e-01	4.52e-02
 4.46180e+22	6.06e-31	5.52e-24	2.20e-20	2.63e-17	7.36e-15	1.23e-12	1.74e-10	1.15e-07	7.58e-06	1.91e-04	1.95e-03	1.20e-02	3.69e-02	6.24e-02	1.20e-01	4.75e-01	2.49e-01	4.27e-02
 4.47309e+22	8.32e-31	7.46e-24	2.90e-20	3.37e-17	9.13e-15	1.48e-12	2.02e-10	1.34e-07	8.79e-06	2.18e-04	2.19e-03	1.31e-02	3.96e-02	6.54e-02	1.22e-01	4.74e-01	2.43e-01	4.06e-02
 4.48282e+22	1.11e-30	9.78e-24	3.71e-20	4.22e-17	1.11e-14	1.75e-12	2.32e-10	1.54e-07	1.00e-05	2.46e-04	2.43e-03	1.43e-02	4.22e-02	6.81e-02	1.24e-01	4.73e-01	2.37e-01	3.87e-02
 4.49372e+22	1.60e-30	1.39e-23	5.12e-20	5.62e-17	1.43e-14	2.16e-12	2.77e-10	1.84e-07	1.19e-05	2.87e-04	2.78e-03	1.59e-02	4.59e-02	7.17e-02	1.27e-01	4.71e-01	2.29e-01	3.64e-02
 4.50491e+22	2.21e-30	1.89e-23	6.78e-20	7.23e-17	1.77e-14	2.60e-12	3.22e-10	2.15e-07	1.38e-05	3.29e-04	3.12e-03	1.75e-02	4.92e-02	7.50e-02	1.29e-01	4.68e-01	2.22e-01	3.45e-02
 4.51481e+22	3.00e-30	2.53e-23	8.83e-20	9.15e-17	2.18e-14	3.09e-12	3.70e-10	2.49e-07	1.59e-05	3.73e-04	3.47e-03	1.91e-02	5.26e-02	7.81e-02	1.31e-01	4.66e-01	2.16e-01	3.27e-02
 4.52597e+22	4.50e-30	3.72e-23	1.26e-19	1.25e-16	2.85e-14	3.87e-12	4.45e-10	3.02e-07	1.91e-05	4.41e-04	4.01e-03	2.15e-02	5.74e-02	8.25e-02	1.34e-01	4.62e-01	2.08e-01	3.05e-02
 4.53677e+22	5.94e-30	4.86e-23	1.60e-19	1.55e-16	3.44e-14	4.53e-12	5.05e-10	3.45e-07	2.17e-05	4.95e-04	4.42e-03	2.33e-02	6.09e-02	8.55e-02	1.36e-01	4.59e-01	2.02e-01	2.90e-02
 4.54709e+22	8.78e-30	7.05e-23	2.24e-19	2.10e-16	4.44e-14	5.60e-12	5.99e-10	4.14e-07	2.58e-05	5.81e-04	5.06e-03	2.60e-02	6.60e-02	8.98e-02	1.38e-01	4.54e-01	1.93e-01	2.70e-02
 4.55746e+22	1.16e-29	9.23e-23	2.86e-19	2.61e-16	5.37e-14	6.56e-12	6.81e-10	4.73e-07	2.94e-05	6.53e-04	5.58e-03	2.81e-02	6.99e-02	9.29e-02	1.40e-01	4.50e-01	1.88e-01	2.56e-02
 4.56793e+22	1.75e-29	1.36e-22	4.08e-19	3.56e-16	6.99e-14	8.14e-12	8.08e-10	5.69e-07	3.52e-05	7.70e-04	6.42e-03	3.15e-02	7.60e-02	9.76e-02	1.42e-01	4.44e-01	1.79e-01	2.36e-02
 4.57806e+22	2.29e-29	1.76e-22	5.14e-19	4.37e-16	8.34e-14	9.43e-12	9.09e-10	6.45e-07	3.97e-05	8.58e-04	7.04e-03	3.39e-02	8.01e-02	1.01e-01	1.43e-01	4.39e-01	1.73e-01	2.24e-02
 4.58778e+22	3.39e-29	2.56e-22	7.21e-19	5.87e-16	1.07e-13	1.15e-11	1.06e-09	7.69e-07	4.70e-05	1.00e-03	8.03e-03	3.77e-02	8.65e-02	1.05e-01	1.44e-01	4.32e-01	1.65e-01	2.07e-02
 4.59750e+22	4.45e-29	3.32e-22	9.11e-19	7.22e-16	1.28e-13	1.34e-11	1.20e-09	8.71e-07	5.30e-05	1.12e-03	8.80e-03	4.05e-02	9.10e-02	1.08e-01	1.45e-01	4.26e-01	1.59e-01	1.96e-02
 4.60723e+22	6.63e-29	4.87e-22	1.29e-18	9.75e-16	1.64e-13	1.63e-11	1.40e-09	1.04e-06	6.29e-05	1.31e-03	1.00e-02	4.49e-02	9.81e-02	1.13e-01	1.46e-01	4.17e-01	1.51e-01	1.80e-02
 4.61699e+22	8.84e-29	6.41e-22	1.65e-18	1.21e-15	1.98e-13	1.90e-11	1.57e-09	1.18e-06	7.13e-05	1.46e-03	1.10e-02	4.84e-02	1.03e-01	1.16e-01	1.47e-01	4.11e-01	1.45e-01	1.69e-02
 4.62681e+22	1.33e-28	9.46e-22	2.34e-18	1.64e-15	2.55e-13	2.32e-11	1.84e-09	1.40e-06	8.46e-05	1.71e-03	1.26e-02	5.36e-02	1.11e-01	1.21e-01	1.47e-01	4.00e-01	1.37e-01	1.54e-02
 4.63676e+22	1.79e-28	1.26e-21	3.02e-18	2.05e-15	3.08e-13	2.70e-11	2.07e-09	1.60e-06	9.60e-05	1.92e-03	1.38e-02	5.78e-02	1.17e-01	1.24e-01	1.47e-01	3.93e-01	1.31e-01	1.44e-02
 4.64685e+22	2.68e-28	1.86e-21	4.28e-18	2.78e-15	3.96e-13	3.30e-11	2.41e-09	1.90e-06	1.14e-04	2.24e-03	1.57e-02	6.37e-02	1.25e-01	1.28e-01	1.47e-01	3.81e-01	1.23e-01	1.31e-02
 4.65686e+22	3.64e-28	2.49e-21	5.56e-18	3.48e-15	4.79e-13	3.84e-11	2.70e-09	2.17e-06	1.29e-04	2.51e-03	1.73e-02	6.85e-02	1.32e-01	1.31e-01	1.47e-01	3.72e-01	1.17e-01	1.21e-02
 4.66675e+22	5.44e-28	3.66e-21	7.85e-18	4.69e-15	6.13e-13	4.67e-11	3.14e-09	2.56e-06	1.52e-04	2.92e-03	1.95e-02	7.53e-02	1.40e-01	1.35e-01	1.46e-01	3.60e-01	1.09e-01	1.10e-02
 4.67682e+22	7.49e-28	4.98e-21	1.03e-17	5.94e-15	7.46e-13	5.45e-11	3.52e-09	2.92e-06	1.73e-04	3.28e-03	2.15e-02	8.09e-02	1.47e-01	1.38e-01	1.45e-01	3.50e-01	1.04e-01	1.01e-02
 4.68712e+22	1.09e-31	7.45e-21	1.48e-17	8.10e-15	9.64e-13	6.66e-11	4.10e-09	3.47e-06	2.04e-04	3.81e-03	2.44e-02	8.88e-02	1.56e-01	1.42e-01	1.44e-01	3.36e-01	9.59e-02	9.04e-03
 4.69750e+22	1.52e-31	1.02e-20	1.96e-17	1.03e-14	1.18e-12	7.77e-11	4.60e-09	3.95e-06	2.32e-04	4.28e-03	2.68e-02	9.52e-02	1.64e-01	1.45e-01	1.42e-01	3.25e-01	9.02e-02	8.27e-03
 4.70798e+22	2.34e-31	1.54e-20	2.82e-17	1.41e-14	1.52e-12	9.49e-11	5.34e-09	4.67e-06	2.73e-04	4.96e-03	3.02e-02	1.04e-01	1.73e-01	1.48e-01	1.40e-01	3.10e-01	8.29e-02	7.33e-03
 4.71853e+22	3.26e-31	2.10e-20	3.73e-17	1.79e-14	1.85e-12	1.11e-10	5.99e-09	5.30e-06	3.09e-04	5.55e-03	3.30e-02	1.11e-01	1.80e-01	1.50e-01	1.38e-01	2.98e-01	7.76e-02	6.67e-03
 4.72766e+22	4.51e-31	2.86e-20	4.90e-17	2.26e-14	2.25e-12	1.28e-10	6.69e-09	5.99e-06	3.48e-04	6.17e-03	3.60e-02	1.18e-01	1.87e-01	1.51e-01	1.36e-01	2.87e-01	7.25e-02	6.06e-03
 4.73804e+22	6.91e-31	4.29e-20	7.02e-17	3.06e-14	2.89e-12	1.56e-10	7.72e-09	7.00e-06	4.05e-04	7.09e-03	4.02e-02	1.28e-01	1.96e-01	1.53e-01	1.32e-01	2.71e-01	6.61e-02	5.33e-03
 4.74830e+22	9.35e-31	5.70e-20	9.05e-17	3.81e-14	3.45e-12	1.79e-10	8.57e-09	7.83e-06	4.51e-04	7.80e-03	4.34e-02	1.35e-01	2.02e-01	1.54e-01	1.30e-01	2.60e-01	6.18e-02	4.86e-03
 4.75843e+22	1.39e-30	8.30e-20	1.26e-16	5.06e-14	4.36e-12	2.15e-10	9.81e-09	9.02e-06	5.17e-04	8.82e-03	4.79e-02	1.44e-01	2.10e-01	1.55e-01	1.26e-01	2.46e-01	5.64e-02	4.28e-03
 4.76886e+22	1.93e-30	1.13e-19	1.66e-16	6.38e-14	5.28e-12	2.49e-10	1.09e-08	1.01e-05	5.77e-04	9.74e-03	5.18e-02	1.52e-01	2.16e-01	1.55e-01	1.23e-01	2.35e-01	5.23e-02	3.86e-03
 4.77967e+22	2.92e-30	1.66e-19	2.35e-16	8.56e-14	6.73e-12	3.01e-10	1.26e-08	1.17e-05	6.61e-04	1.10e-02	5.70e-02	1.62e-01	2.24e-01	1.55e-01	1.19e-01	2.20e-01	4.73e-02	3.36e-03
 4.79069e+22	4.05e-30	2.26e-19	3.09e-16	1.08e-13	8.16e-12	3.49e-10	1.41e-08	1.30e-05	7.34e-04	1.21e-02	6.14e-02	1.70e-01	2.29e-01	1.55e-01	1.16e-01	2.09e-01	4.35e-02	3.01e-03
 4.80195e+22	6.17e-30	3.36e-19	4.38e-16	1.46e-13	1.04e-11	4.23e-10	1.63e-08	1.50e-05	8.38e-04	1.36e-02	6.73e-02	1.81e-01	2.36e-01	1.54e-01	1.11e-01	1.95e-01	3.91e-02	2.60e-03
 4.81345e+22	8.55e-30	4.56e-19	5.75e-16	1.84e-13	1.27e-11	4.92e-10	1.82e-08	1.67e-05	9.27e-04	1.49e-02	7.21e-02	1.89e-01	2.41e-01	1.53e-01	1.08e-01	1.84e-01	3.58e-02	2.32e-03
 4.82524e+22	1.30e-29	6.76e-19	8.17e-16	2.48e-13	1.62e-11	5.97e-10	2.11e-08	1.91e-05	1.05e-03	1.67e-02	7.86e-02	1.99e-01	2.46e-01	1.51e-01	1.03e-01	1.70e-01	3.20e-02	1.99e-03
 4.83723e+22	1.81e-29	9.17e-19	1.07e-15	3.13e-13	1.97e-11	6.95e-10	2.37e-08	2.12e-05	1.16e-03	1.81e-02	8.39e-02	2.07e-01	2.50e-01	1.50e-01	9.90e-02	1.60e-01	2.92e-02	1.77e-03
 4.84948e+22	2.75e-29	1.36e-18	1.52e-15	4.21e-13	2.52e-11	8.45e-10	2.74e-08	2.41e-05	1.31e-03	2.02e-02	9.10e-02	2.17e-01	2.54e-01	1.47e-01	9.41e-02	1.48e-01	2.59e-02	1.51e-03
 4.86180e+22	3.78e-29	1.82e-18	1.98e-15	5.28e-13	3.04e-11	9.81e-10	3.07e-08	2.66e-05	1.43e-03	2.19e-02	9.66e-02	2.25e-01	2.56e-01	1.45e-01	9.04e-02	1.39e-01	2.36e-02	1.33e-03
 4.87422e+22	5.68e-29	2.66e-18	2.77e-15	7.05e-13	3.87e-11	1.19e-09	3.56e-08	3.02e-05	1.61e-03	2.41e-02	1.04e-01	2.34e-01	2.59e-01	1.42e-01	8.56e-02	1.28e-01	2.09e-02	1.14e-03
 4.88693e+22	7.81e-29	3.57e-18	3.61e-15	8.84e-13	4.68e-11	1.38e-09	4.00e-08	3.33e-05	1.75e-03	2.60e-02	1.10e-01	2.41e-01	2.61e-01	1.39e-01	8.19e-02	1.19e-01	1.89e-02	1.00e-03
 4.89802e+22	1.05e-28	4.71e-18	4.62e-15	1.09e-12	5.59e-11	1.59e-09	4.46e-08	3.64e-05	1.90e-03	2.79e-02	1.16e-01	2.48e-01	2.62e-01	1.36e-01	7.85e-02	1.12e-01	1.72e-02	8.88e-04
 4.91043e+22	1.55e-28	6.74e-18	6.36e-15	1.44e-12	7.04e-11	1.91e-09	5.13e-08	4.08e-05	2.11e-03	3.05e-02	1.23e-01	2.56e-01	2.63e-01	1.32e-01	7.41e-02	1.03e-01	1.52e-02	7.57e-04
 4.92284e+22	2.06e-28	8.74e-18	8.03e-15	1.76e-12	8.33e-11	2.19e-09	5.70e-08	4.45e-05	2.27e-03	3.25e-02	1.29e-01	2.62e-01	2.63e-01	1.30e-01	7.09e-02	9.61e-02	1.39e-02	6.73e-04
 4.93526e+22	3.00e-28	1.23e-17	1.09e-14	2.28e-12	1.04e-10	2.61e-09	6.54e-08	4.96e-05	2.50e-03	3.53e-02	1.37e-01	2.69e-01	2.63e-01	1.26e-01	6.69e-02	8.81e-02	1.23e-02	5.74e-04
 4.94796e+22	4.01e-28	1.60e-17	1.38e-14	2.80e-12	1.24e-10	3.00e-09	7.29e-08	5.40e-05	2.69e-03	3.75e-02	1.43e-01	2.75e-01	2.62e-01	1.22e-01	6.38e-02	8.22e-02	1.12e-02	5.07e-04
 4.95918e+22	5.32e-28	2.08e-17	1.75e-14	3.42e-12	1.46e-10	3.44e-09	8.11e-08	5.87e-05	2.89e-03	3.99e-02	1.49e-01	2.80e-01	2.61e-01	1.19e-01	6.08e-02	7.67e-02	1.01e-02	4.48e-04
 4.97196e+22	7.70e-28	2.91e-17	2.36e-14	4.44e-12	1.82e-10	4.10e-09	9.30e-08	6.52e-05	3.17e-03	4.30e-02	1.57e-01	2.86e-01	2.59e-01	1.15e-01	5.70e-02	7.00e-02	8.92e-03	3.80e-04
 4.98465e+22	1.00e-27	3.69e-17	2.92e-14	5.34e-12	2.13e-10	4.66e-09	1.03e-07	7.05e-05	3.38e-03	4.54e-02	1.63e-01	2.90e-01	2.58e-01	1.12e-01	5.44e-02	6.55e-02	8.14e-03	3.39e-04
 4.99726e+22	1.42e-27	5.08e-17	3.89e-14	6.84e-12	2.63e-10	5.52e-09	1.17e-07	7.79e-05	3.69e-03	4.87e-02	1.71e-01	2.95e-01	2.55e-01	1.08e-01	5.10e-02	5.98e-02	7.18e-03	2.88e-04
 5.01010e+22	1.86e-27	6.45e-17	4.83e-14	8.24e-12	3.08e-10	6.29e-09	1.30e-07	8.43e-05	3.94e-03	5.14e-02	1.77e-01	2.99e-01	2.53e-01	1.04e-01	4.86e-02	5.58e-02	6.52e-03	2.55e-04
 5.02327e+22	2.65e-27	8.89e-17	6.44e-14	1.06e-11	3.80e-10	7.47e-09	1.49e-07	9.33e-05	4.28e-03	5.50e-02	1.86e-01	3.03e-01	2.50e-01	9.99e-02	4.54e-02	5.07e-02	5.73e-03	2.16e-04
 5.03669e+22	3.47e-27	1.13e-16	8.02e-14	1.28e-11	4.47e-10	8.53e-09	1.65e-07	1.01e-04	4.57e-03	5.80e-02	1.92e-01	3.06e-01	2.47e-01	9.66e-02	4.30e-02	4.71e-02	5.18e-03	1.91e-04
 5.05043e+22	1.08e-27	1.56e-16	1.07e-13	1.64e-11	5.54e-10	1.01e-08	1.89e-07	1.12e-04	4.98e-03	6.20e-02	2.01e-01	3.10e-01	2.43e-01	9.22e-02	4.00e-02	4.27e-02	4.52e-03	1.61e-04
 5.06443e+22	1.42e-27	2.00e-16	1.34e-13	1.99e-11	6.52e-10	1.16e-08	2.11e-07	1.21e-04	5.31e-03	6.53e-02	2.07e-01	3.12e-01	2.39e-01	8.89e-02	3.78e-02	3.95e-02	4.07e-03	1.41e-04
 5.07875e+22	2.05e-27	2.76e-16	1.79e-13	2.56e-11	8.09e-10	1.39e-08	2.43e-07	1.35e-04	5.78e-03	6.97e-02	2.16e-01	3.15e-01	2.35e-01	8.45e-02	3.51e-02	3.56e-02	3.54e-03	1.18e-04
 5.09275e+22	2.62e-27	3.43e-16	2.17e-13	3.04e-11	9.38e-10	1.57e-08	2.68e-07	1.45e-04	6.13e-03	7.29e-02	2.22e-01	3.16e-01	2.31e-01	8.16e-02	3.33e-02	3.32e-02	3.22e-03	1.05e-04
 5.10633e+22	3.70e-27	4.64e-16	2.86e-13	3.85e-11	1.15e-09	1.85e-08	3.05e-07	1.60e-04	6.62e-03	7.74e-02	2.30e-01	3.18e-01	2.26e-01	7.75e-02	3.09e-02	3.00e-02	2.81e-03	8.83e-05
 5.12011e+22	4.74e-27	5.77e-16	3.48e-13	4.58e-11	1.33e-09	2.09e-08	3.37e-07	1.72e-04	7.02e-03	8.09e-02	2.36e-01	3.19e-01	2.22e-01	7.46e-02	2.93e-02	2.79e-02	2.55e-03	7.81e-05
 5.13417e+22	6.64e-27	7.75e-16	4.54e-13	5.77e-11	1.63e-09	2.46e-08	3.84e-07	1.89e-04	7.58e-03	8.56e-02	2.45e-01	3.20e-01	2.17e-01	7.08e-02	2.71e-02	2.52e-02	2.22e-03	6.59e-05
 5.14866e+22	8.72e-27	9.82e-16	5.63e-13	6.97e-11	1.91e-09	2.82e-08	4.27e-07	2.05e-04	8.06e-03	8.97e-02	2.51e-01	3.20e-01	2.12e-01	6.78e-02	2.55e-02	2.32e-02	1.99e-03	5.74e-05
 5.16371e+22	1.22e-26	1.32e-15	7.37e-13	8.81e-11	2.34e-09	3.33e-08	4.89e-07	2.27e-04	8.71e-03	9.49e-02	2.59e-01	3.20e-01	2.06e-01	6.41e-02	2.35e-02	2.09e-02	1.73e-03	4.82e-05
 5.17925e+22	1.63e-26	1.70e-15	9.24e-13	1.07e-10	2.78e-09	3.84e-08	5.48e-07	2.46e-04	9.29e-03	9.95e-02	2.66e-01	3.20e-01	2.01e-01	6.10e-02	2.20e-02	1.91e-02	1.54e-03	4.16e-05
 5.19542e+22	2.33e-26	2.31e-15	1.22e-12	1.37e-10	3.43e-09	4.57e-08	6.31e-07	2.74e-04	1.01e-02	1.05e-01	2.74e-01	3.19e-01	1.95e-01	5.73e-02	2.02e-02	1.70e-02	1.32e-03	3.45e-05
 5.21202e+22	3.13e-26	2.98e-15	1.54e-12	1.68e-10	4.09e-09	5.30e-08	7.10e-07	2.99e-04	1.08e-02	1.10e-01	2.81e-01	3.18e-01	1.89e-01	5.43e-02	1.88e-02	1.55e-02	1.17e-03	2.95e-05
 5.22919e+22	4.52e-26	4.09e-15	2.05e-12	2.17e-10	5.08e-09	6.35e-08	8.21e-07	3.33e-04	1.17e-02	1.17e-01	2.90e-01	3.16e-01	1.83e-01	5.08e-02	1.71e-02	1.37e-02	9.96e-04	2.43e-05
 5.24690e+22	6.17e-26	5.34e-15	2.62e-12	2.68e-10	6.11e-09	7.41e-08	9.30e-07	3.65e-04	1.25e-02	1.23e-01	2.97e-01	3.14e-01	1.77e-01	4.79e-02	1.58e-02	1.24e-02	8.70e-04	2.06e-05
 5.26534e+22	9.04e-26	7.42e-15	3.53e-12	3.49e-10	7.68e-09	8.96e-08	1.08e-06	4.09e-04	1.36e-02	1.30e-01	3.05e-01	3.11e-01	1.70e-01	4.44e-02	1.43e-02	1.09e-02	7.35e-04	1.67e-05
 5.28434e+22	1.25e-25	9.79e-15	4.55e-12	4.36e-10	9.31e-09	1.05e-07	1.23e-06	4.50e-04	1.46e-02	1.36e-01	3.12e-01	3.08e-01	1.63e-01	4.17e-02	1.31e-02	9.74e-03	6.36e-04	1.40e-05
 5.30148e+22	1.71e-25	1.28e-14	5.81e-12	5.40e-10	1.12e-08	1.23e-07	1.40e-06	4.94e-04	1.57e-02	1.43e-01	3.18e-01	3.05e-01	1.57e-01	3.91e-02	1.21e-02	8.74e-03	5.52e-04	1.18e-05
 5.32117e+22	2.55e-25	1.80e-14	7.91e-12	7.10e-10	1.42e-08	1.50e-07	1.64e-06	5.56e-04	1.71e-02	1.51e-01	3.26e-01	3.00e-01	1.50e-01	3.59e-02	1.08e-02	7.61e-03	4.61e-04	9.41e-06
 5.34124e+22	3.54e-25	2.38e-14	1.02e-11	8.88e-10	1.73e-08	1.76e-07	1.87e-06	6.12e-04	1.83e-02	1.58e-01	3.32e-01	2.96e-01	1.44e-01	3.35e-02	9.88e-03	6.77e-03	3.96e-04	7.81e-06
 5.36181e+22	5.33e-25	3.37e-14	1.40e-11	1.18e-09	2.20e-08	2.16e-07	2.21e-06	6.90e-04	2.00e-02	1.67e-01	3.40e-01	2.91e-01	1.36e-01	3.06e-02	8.79e-03	5.84e-03	3.27e-04	6.18e-06
 5.38266e+22	7.44e-25	4.48e-14	1.82e-11	1.48e-09	2.68e-08	2.55e-07	2.52e-06	7.61e-04	2.14e-02	1.75e-01	3.46e-01	2.86e-01	1.30e-01	2.84e-02	7.98e-03	5.16e-03	2.79e-04	5.09e-06
 5.40386e+22	1.14e-24	6.42e-14	2.52e-11	1.97e-09	3.44e-08	3.14e-07	2.99e-06	8.61e-04	2.34e-02	1.85e-01	3.52e-01	2.79e-01	1.22e-01	2.58e-02	7.05e-03	4.41e-03	2.28e-04	3.97e-06
 5.42528e+22	1.59e-24	8.54e-14	3.27e-11	2.47e-09	4.19e-08	3.71e-07	3.41e-06	9.49e-04	2.51e-02	1.93e-01	3.57e-01	2.73e-01	1.16e-01	2.38e-02	6.38e-03	3.88e-03	1.94e-04	3.25e-06
 5.44698e+22	2.45e-24	1.24e-13	4.58e-11	3.33e-09	5.42e-08	4.59e-07	4.06e-06	1.08e-03	2.74e-02	2.04e-01	3.64e-01	2.65e-01	1.08e-01	2.14e-02	5.59e-03	3.28e-03	1.56e-04	2.50e-06
 5.46879e+22	3.42e-24	1.64e-13	5.92e-11	4.17e-09	6.59e-08	5.41e-07	4.64e-06	1.18e-03	2.93e-02	2.12e-01	3.68e-01	2.59e-01	1.03e-01	1.97e-02	5.04e-03	2.88e-03	1.32e-04	2.04e-06
 5.48691e+22	4.62e-24	2.12e-13	7.47e-11	5.11e-09	7.86e-08	6.27e-07	5.23e-06	1.29e-03	3.11e-02	2.20e-01	3.71e-01	2.53e-01	9.78e-02	1.83e-02	4.59e-03	2.56e-03	1.13e-04	1.70e-06
 5.50663e+22	6.85e-24	2.96e-13	1.01e-10	6.67e-09	9.92e-08	7.62e-07	6.12e-06	1.45e-03	3.37e-02	2.30e-01	3.75e-01	2.45e-01	9.14e-02	1.65e-02	4.04e-03	2.18e-03	9.24e-05	1.32e-06
 5.52627e+22	9.19e-24	3.80e-13	1.27e-10	8.14e-09	1.18e-07	8.81e-07	6.88e-06	1.57e-03	3.57e-02	2.38e-01	3.78e-01	2.39e-01	8.68e-02	1.52e-02	3.68e-03	1.94e-03	7.93e-05	1.10e-06
 5.54581e+22	1.36e-23	5.29e-13	1.71e-10	1.06e-08	1.48e-07	1.07e-06	8.05e-06	1.76e-03	3.85e-02	2.49e-01	3.81e-01	2.30e-01	8.08e-02	1.37e-02	3.23e-03	1.64e-03	6.44e-05	8.52e-07
 5.56561e+22	1.83e-23	6.83e-13	2.16e-10	1.30e-08	1.77e-07	1.24e-06	9.09e-06	1.92e-03	4.08e-02	2.57e-01	3.83e-01	2.24e-01	7.64e-02	1.26e-02	2.92e-03	1.45e-03	5.47e-05	7.00e-07
 5.58572e+22	2.73e-23	9.59e-13	2.94e-10	1.70e-08	2.24e-07	1.51e-06	1.07e-05	2.15e-03	4.40e-02	2.68e-01	3.85e-01	2.15e-01	7.06e-02	1.12e-02	2.55e-03	1.22e-03	4.39e-05	5.35e-07
 5.60608e+22	3.71e-23	1.24e-12	3.72e-10	2.09e-08	2.69e-07	1.76e-06	1.21e-05	2.34e-03	4.67e-02	2.77e-01	3.86e-01	2.08e-01	6.64e-02	1.03e-02	2.29e-03	1.06e-03	3.70e-05	4.35e-07
 5.62674e+22	5.54e-23	1.75e-12	5.08e-10	2.74e-08	3.41e-07	2.16e-06	1.43e-05	2.63e-03	5.04e-02	2.89e-01	3.87e-01	1.98e-01	6.10e-02	9.10e-03	1.98e-03	8.86e-04	2.93e-05	3.29e-07
 5.64782e+22	7.65e-23	2.30e-12	6.50e-10	3.41e-08	4.14e-07	2.54e-06	1.63e-05	2.89e-03	5.37e-02	2.98e-01	3.87e-01	1.90e-01	5.69e-02	8.23e-03	1.76e-03	7.63e-04	2.43e-05	2.62e-07
 5.66943e+22	1.16e-22	3.27e-12	8.95e-10	4.52e-08	5.31e-07	3.14e-06	1.95e-05	3.27e-03	5.81e-02	3.11e-01	3.86e-01	1.80e-01	5.18e-02	7.20e-03	1.50e-03	6.26e-04	1.89e-05	1.93e-07
 5.69144e+22	1.61e-22	4.32e-12	1.15e-09	5.65e-08	6.48e-07	3.72e-06	2.24e-05	3.60e-03	6.19e-02	3.21e-01	3.85e-01	1.72e-01	4.79e-02	6.45e-03	1.32e-03	5.33e-04	1.54e-05	1.51e-07
 5.71398e+22	2.47e-22	6.18e-12	1.60e-09	7.55e-08	8.40e-07	4.64e-06	2.70e-05	4.10e-03	6.72e-02	3.34e-01	3.83e-01	1.62e-01	4.31e-02	5.56e-03	1.12e-03	4.30e-04	1.18e-05	0.00e+00
 5.73674e+22	3.44e-22	8.15e-12	2.06e-09	9.46e-08	1.03e-06	5.52e-06	3.12e-05	4.53e-03	7.16e-02	3.44e-01	3.80e-01	1.53e-01	3.95e-02	4.94e-03	9.75e-04	3.62e-04	9.48e-06	0.00e+00
 5.75599e+22	4.64e-22	1.05e-11	2.59e-09	1.16e-07	1.24e-06	6.49e-06	3.57e-05	4.97e-03	7.60e-02	3.54e-01	3.77e-01	1.46e-01	3.65e-02	4.42e-03	8.59e-04	3.09e-04	7.75e-06	0.00e+00
 5.77693e+22	6.76e-22	1.43e-11	3.45e-09	1.50e-07	1.56e-06	7.95e-06	4.24e-05	5.59e-03	8.18e-02	3.66e-01	3.73e-01	1.36e-01	3.28e-02	3.82e-03	7.28e-04	2.51e-04	5.97e-06	0.00e+00
 5.79793e+22	9.06e-22	1.83e-11	4.31e-09	1.84e-07	1.88e-06	9.34e-06	4.86e-05	6.14e-03	8.67e-02	3.75e-01	3.68e-01	1.29e-01	3.01e-02	3.40e-03	6.38e-04	2.12e-04	4.84e-06	0.00e+00
 5.81846e+22	1.28e-21	2.43e-11	5.62e-09	2.34e-07	2.35e-06	1.13e-05	5.74e-05	6.89e-03	9.30e-02	3.87e-01	3.62e-01	1.20e-01	2.70e-02	2.94e-03	5.41e-04	1.72e-04	3.74e-06	0.00e+00
 5.83941e+22	1.72e-21	3.09e-11	7.02e-09	2.88e-07	2.84e-06	1.34e-05	6.63e-05	7.60e-03	9.87e-02	3.96e-01	3.57e-01	1.13e-01	2.45e-02	2.58e-03	4.69e-04	1.44e-04	2.99e-06	0.00e+00
 5.85994e+22	2.37e-21	4.01e-11	8.96e-09	3.60e-07	3.51e-06	1.61e-05	7.80e-05	8.48e-03	1.06e-01	4.06e-01	3.50e-01	1.05e-01	2.20e-02	2.23e-03	3.98e-04	1.17e-04	2.31e-06	0.00e+00
 5.88090e+22	3.17e-21	5.07e-11	1.12e-08	4.43e-07	4.26e-06	1.92e-05	9.07e-05	9.40e-03	1.12e-01	4.16e-01	3.42e-01	9.80e-02	1.98e-02	1.94e-03	3.41e-04	9.67e-05	1.82e-06	0.00e+00
 5.90154e+22	4.26e-21	6.41e-11	1.40e-08	5.47e-07	5.20e-06	2.29e-05	1.06e-04	1.04e-02	1.19e-01	4.25e-01	3.34e-01	9.08e-02	1.77e-02	1.68e-03	2.90e-04	7.89e-05	1.41e-06	0.00e+00
 5.92234e+22	5.64e-21	8.00e-11	1.73e-08	6.69e-07	6.30e-06	2.72e-05	1.24e-04	1.16e-02	1.27e-01	4.34e-01	3.26e-01	8.41e-02	1.58e-02	1.45e-03	2.47e-04	6.46e-05	1.10e-06	0.00e+00
 5.94290e+22	7.41e-21	9.88e-11	2.12e-08	8.15e-07	7.61e-06	3.23e-05	1.44e-04	1.28e-02	1.35e-01	4.42e-01	3.17e-01	7.78e-02	1.41e-02	1.25e-03	2.10e-04	5.27e-05	8.57e-07	0.00e+00
 5.96342e+22	9.66e-21	1.21e-10	2.59e-08	9.87e-07	9.16e-06	3.81e-05	1.67e-04	1.42e-02	1.43e-01	4.49e-01	3.08e-01	7.18e-02	1.26e-02	1.08e-03	1.79e-04	4.30e-05	6.67e-07	0.00e+00
