#depth	S	S+	S+2	S+3	S+4	S+5	S+6	S+7	S+8	S+9	S+10	S+11	S+12	S+13	S+14	S+15	S+16
 4.62852e+21	0.00e+00	0.00e+00	0.00e+00	0.00e+00	0.00e+00	0.00e+00	0.00e+00	2.19e-26	1.38e-22	3.58e-19	5.55e-16	4.52e-13	2.32e-10	1.25e-07	1.34e-04	2.05e-02	9.79e-01
 1.05308e+22	0.00e+00	0.00e+00	0.00e+00	0.00e+00	0.00e+00	0.00e+00	4.87e-29	5.40e-25	2.36e-21	4.28e-18	4.71e-15	2.68e-12	9.61e-10	3.63e-07	2.73e-04	2.90e-02	9.71e-01
 1.26618e+22	0.00e+00	0.00e+00	0.00e+00	0.00e+00	0.00e+00	0.00e+00	5.37e-28	4.65e-24	1.59e-20	2.26e-17	1.95e-14	8.70e-12	2.47e-09	7.36e-07	4.36e-04	3.66e-02	9.63e-01
 1.42045e+22	0.00e+00	0.00e+00	0.00e+00	0.00e+00	0.00e+00	1.31e-31	3.63e-27	2.58e-23	7.26e-20	8.51e-17	6.04e-14	2.22e-11	5.22e-09	1.29e-06	6.32e-04	4.39e-02	9.55e-01
 1.50616e+22	0.00e+00	0.00e+00	0.00e+00	0.00e+00	0.00e+00	2.23e-31	5.87e-27	3.97e-23	1.06e-19	1.19e-16	8.02e-14	2.81e-11	6.30e-09	1.48e-06	6.94e-04	4.59e-02	9.53e-01
 1.54559e+22	0.00e+00	0.00e+00	0.00e+00	0.00e+00	0.00e+00	4.43e-31	1.09e-26	6.94e-23	1.74e-19	1.83e-16	1.16e-13	3.81e-11	8.04e-09	1.78e-06	7.83e-04	4.87e-02	9.50e-01
 1.58799e+22	0.00e+00	0.00e+00	0.00e+00	0.00e+00	0.00e+00	7.99e-31	1.86e-26	1.12e-22	2.66e-19	2.64e-16	1.59e-13	4.95e-11	9.89e-09	2.08e-06	8.68e-04	5.12e-02	9.48e-01
 1.63425e+22	0.00e+00	0.00e+00	0.00e+00	0.00e+00	0.00e+00	1.78e-30	3.85e-26	2.15e-22	4.74e-19	4.37e-16	2.43e-13	7.06e-11	1.31e-08	2.57e-06	9.99e-04	5.48e-02	9.44e-01
 1.67663e+22	0.00e+00	0.00e+00	0.00e+00	0.00e+00	0.00e+00	3.00e-30	6.17e-26	3.28e-22	6.90e-19	6.05e-16	3.22e-13	8.89e-11	1.58e-08	2.95e-06	1.09e-03	5.73e-02	9.42e-01
 1.71396e+22	0.00e+00	0.00e+00	0.00e+00	0.00e+00	0.00e+00	5.51e-30	1.07e-25	5.36e-22	1.07e-18	8.85e-16	4.44e-13	1.16e-10	1.95e-08	3.46e-06	1.22e-03	6.03e-02	9.38e-01
 1.75352e+22	0.00e+00	0.00e+00	0.00e+00	0.00e+00	0.00e+00	9.83e-30	1.81e-25	8.58e-22	1.62e-18	1.27e-15	6.05e-13	1.50e-10	2.40e-08	4.03e-06	1.34e-03	6.34e-02	9.35e-01
 1.78829e+22	0.00e+00	0.00e+00	0.00e+00	0.00e+00	0.00e+00	1.64e-29	2.87e-25	1.30e-21	2.34e-18	1.75e-15	7.95e-13	1.88e-10	2.87e-08	4.62e-06	1.47e-03	6.61e-02	9.32e-01
 1.82580e+22	0.00e+00	0.00e+00	0.00e+00	0.00e+00	0.00e+00	3.02e-29	4.99e-25	2.13e-21	3.62e-18	2.57e-15	1.10e-12	2.46e-10	3.56e-08	5.42e-06	1.63e-03	6.96e-02	9.29e-01
 1.86520e+22	0.00e+00	0.00e+00	0.00e+00	0.00e+00	0.00e+00	5.35e-29	8.37e-25	3.39e-21	5.46e-18	3.67e-15	1.49e-12	3.17e-10	4.35e-08	6.29e-06	1.80e-03	7.30e-02	9.25e-01
 1.90032e+22	0.00e+00	0.00e+00	0.00e+00	0.00e+00	0.00e+00	9.07e-29	1.35e-24	5.21e-21	7.98e-18	5.10e-15	1.98e-12	4.00e-10	5.24e-08	7.23e-06	1.98e-03	7.63e-02	9.22e-01
 1.93384e+22	0.00e+00	0.00e+00	0.00e+00	0.00e+00	1.57e-32	1.51e-28	2.14e-24	7.88e-21	1.15e-17	7.02e-15	2.59e-12	5.00e-10	6.27e-08	8.26e-06	2.16e-03	7.95e-02	9.18e-01
 1.97203e+22	0.00e+00	0.00e+00	0.00e+00	0.00e+00	3.11e-32	2.84e-28	3.80e-24	1.31e-20	1.81e-17	1.04e-14	3.62e-12	6.60e-10	7.82e-08	9.74e-06	2.41e-03	8.38e-02	9.14e-01
 2.00847e+22	0.00e+00	0.00e+00	0.00e+00	0.00e+00	5.26e-32	4.61e-28	5.88e-24	1.95e-20	2.56e-17	1.41e-14	4.69e-12	8.17e-10	9.27e-08	1.11e-05	2.62e-03	8.72e-02	9.10e-01
 2.03719e+22	0.00e+00	0.00e+00	0.00e+00	0.00e+00	8.40e-32	7.09e-28	8.69e-24	2.76e-20	3.49e-17	1.85e-14	5.90e-12	9.88e-10	1.08e-07	1.24e-05	2.82e-03	9.03e-02	9.07e-01
 2.06905e+22	0.00e+00	0.00e+00	0.00e+00	0.00e+00	1.46e-31	1.18e-27	1.38e-23	4.17e-20	5.02e-17	2.53e-14	7.71e-12	1.23e-09	1.29e-07	1.41e-05	3.07e-03	9.41e-02	9.03e-01
 2.10344e+22	0.00e+00	0.00e+00	0.00e+00	0.00e+00	2.51e-31	1.95e-27	2.17e-23	6.26e-20	7.20e-17	3.47e-14	1.01e-11	1.54e-09	1.53e-07	1.61e-05	3.35e-03	9.80e-02	8.99e-01
 2.13490e+22	0.00e+00	0.00e+00	0.00e+00	0.00e+00	4.14e-31	3.08e-27	3.29e-23	9.09e-20	1.00e-16	4.62e-14	1.29e-11	1.88e-09	1.80e-07	1.81e-05	3.62e-03	1.02e-01	8.95e-01
 2.16480e+22	0.00e+00	0.00e+00	0.00e+00	0.00e+00	6.76e-31	4.85e-27	4.95e-23	1.31e-19	1.38e-16	6.12e-14	1.63e-11	2.30e-09	2.11e-07	2.04e-05	3.91e-03	1.05e-01	8.91e-01
 2.19888e+22	0.00e+00	0.00e+00	0.00e+00	0.00e+00	1.24e-30	8.50e-27	8.24e-23	2.07e-19	2.07e-16	8.69e-14	2.20e-11	2.94e-09	2.57e-07	2.36e-05	4.30e-03	1.10e-01	8.85e-01
 2.23363e+22	0.00e+00	0.00e+00	0.00e+00	0.00e+00	2.09e-30	1.37e-26	1.27e-22	3.05e-19	2.92e-16	1.17e-13	2.84e-11	3.62e-09	3.03e-07	2.67e-05	4.67e-03	1.15e-01	8.81e-01
 2.26407e+22	0.00e+00	0.00e+00	0.00e+00	0.00e+00	3.44e-30	2.17e-26	1.92e-22	4.43e-19	4.06e-16	1.56e-13	3.62e-11	4.43e-09	3.56e-07	3.01e-05	5.04e-03	1.19e-01	8.76e-01
 2.29360e+22	0.00e+00	0.00e+00	0.00e+00	0.00e+00	5.57e-30	3.38e-26	2.88e-22	6.35e-19	5.58e-16	2.06e-13	4.58e-11	5.38e-09	4.16e-07	3.38e-05	5.44e-03	1.23e-01	8.71e-01
 2.32114e+22	0.00e+00	0.00e+00	0.00e+00	0.00e+00	8.55e-30	5.02e-26	4.12e-22	8.75e-19	7.41e-16	2.64e-13	5.65e-11	6.40e-09	4.77e-07	3.74e-05	5.81e-03	1.27e-01	8.67e-01
 2.35093e+22	0.00e+00	0.00e+00	0.00e+00	0.00e+00	1.42e-29	8.03e-26	6.30e-22	1.28e-18	1.04e-15	3.53e-13	7.23e-11	7.84e-09	5.61e-07	4.22e-05	6.29e-03	1.32e-01	8.62e-01
 2.38225e+22	0.00e+00	0.00e+00	0.00e+00	0.00e+00	2.31e-29	1.26e-25	9.45e-22	1.84e-18	1.43e-15	4.67e-13	9.18e-11	9.55e-09	6.56e-07	4.74e-05	6.78e-03	1.36e-01	8.57e-01
 2.40976e+22	0.00e+00	0.00e+00	0.00e+00	0.00e+00	3.59e-29	1.89e-25	1.37e-21	2.56e-18	1.91e-15	6.01e-13	1.14e-10	1.14e-08	7.55e-07	5.26e-05	7.26e-03	1.41e-01	8.52e-01
 2.43975e+22	0.00e+00	0.00e+00	0.00e+00	0.00e+00	6.04e-29	3.05e-25	2.11e-21	3.77e-18	2.70e-15	8.10e-13	1.47e-10	1.40e-08	8.91e-07	5.94e-05	7.86e-03	1.46e-01	8.46e-01
 2.47060e+22	0.00e+00	0.00e+00	0.00e+00	1.04e-32	9.71e-29	4.72e-25	3.13e-21	5.39e-18	3.69e-15	1.07e-12	1.85e-10	1.70e-08	1.04e-06	6.66e-05	8.46e-03	1.51e-01	8.41e-01
 2.49698e+22	0.00e+00	0.00e+00	0.00e+00	1.63e-32	1.48e-28	6.96e-25	4.46e-21	7.38e-18	4.88e-15	1.36e-12	2.27e-10	2.02e-08	1.19e-06	7.35e-05	9.02e-03	1.55e-01	8.36e-01
 2.52570e+22	0.00e+00	0.00e+00	0.00e+00	2.77e-32	2.43e-28	1.10e-24	6.74e-21	1.07e-17	6.77e-15	1.80e-12	2.89e-10	2.46e-08	1.39e-06	8.26e-05	9.73e-03	1.61e-01	8.30e-01
 2.55635e+22	0.00e+00	0.00e+00	0.00e+00	4.63e-32	3.91e-28	1.70e-24	1.00e-20	1.53e-17	9.27e-15	2.37e-12	3.65e-10	2.98e-08	1.62e-06	9.25e-05	1.05e-02	1.66e-01	8.23e-01
 2.58413e+22	0.00e+00	0.00e+00	0.00e+00	7.47e-32	6.10e-28	2.57e-24	1.46e-20	2.13e-17	1.25e-14	3.06e-12	4.53e-10	3.57e-08	1.87e-06	1.03e-04	1.12e-02	1.71e-01	8.18e-01
 2.60908e+22	0.00e+00	0.00e+00	0.00e+00	1.14e-31	9.06e-28	3.70e-24	2.03e-20	2.86e-17	1.62e-14	3.85e-12	5.50e-10	4.18e-08	2.12e-06	1.13e-04	1.19e-02	1.76e-01	8.12e-01
 2.63224e+22	0.00e+00	0.00e+00	0.00e+00	1.70e-31	1.31e-27	5.20e-24	2.76e-20	3.78e-17	2.06e-14	4.75e-12	6.58e-10	4.85e-08	2.38e-06	1.23e-04	1.26e-02	1.80e-01	8.07e-01
 2.65885e+22	0.00e+00	0.00e+00	0.00e+00	2.74e-31	2.05e-27	7.85e-24	4.01e-20	5.27e-17	2.77e-14	6.13e-12	8.17e-10	5.79e-08	2.74e-06	1.36e-04	1.34e-02	1.86e-01	8.01e-01
 2.68753e+22	0.00e+00	0.00e+00	0.00e+00	4.44e-31	3.20e-27	1.19e-23	5.83e-20	7.37e-17	3.73e-14	7.94e-12	1.02e-09	6.94e-08	3.16e-06	1.52e-04	1.44e-02	1.91e-01	7.94e-01
 2.71335e+22	0.00e+00	0.00e+00	0.00e+00	3.70e-31	2.59e-27	9.28e-24	8.21e-20	1.00e-16	4.89e-14	1.01e-11	1.24e-09	8.18e-08	3.60e-06	1.67e-04	1.53e-02	1.96e-01	7.88e-01
 2.74138e+22	0.00e+00	0.00e+00	0.00e+00	6.21e-31	4.20e-27	1.45e-23	1.23e-19	1.44e-16	6.73e-14	1.33e-11	1.57e-09	9.92e-08	4.20e-06	1.87e-04	1.64e-02	2.03e-01	7.81e-01
 2.76983e+22	0.00e+00	0.00e+00	0.00e+00	9.94e-31	6.50e-27	2.17e-23	1.77e-19	2.00e-16	8.98e-14	1.71e-11	1.95e-09	1.18e-07	4.82e-06	2.07e-04	1.76e-02	2.08e-01	7.74e-01
 2.79362e+22	0.00e+00	0.00e+00	0.00e+00	1.49e-30	9.48e-27	3.07e-23	2.43e-19	2.65e-16	1.15e-13	2.12e-11	2.34e-09	1.38e-07	5.44e-06	2.26e-04	1.86e-02	2.14e-01	7.68e-01
 2.81934e+22	0.00e+00	0.00e+00	0.00e+00	2.39e-30	1.47e-26	4.61e-23	3.51e-19	3.68e-16	1.54e-13	2.72e-11	2.89e-09	1.64e-07	6.24e-06	2.50e-04	1.98e-02	2.20e-01	7.60e-01
 2.84715e+22	0.00e+00	0.00e+00	0.00e+00	3.83e-30	2.28e-26	6.90e-23	5.05e-19	5.10e-16	2.06e-13	3.50e-11	3.58e-09	1.95e-07	7.17e-06	2.76e-04	2.11e-02	2.26e-01	7.53e-01
 2.87265e+22	0.00e+00	0.00e+00	0.00e+00	5.88e-30	3.40e-26	9.97e-23	7.06e-19	6.88e-16	2.68e-13	4.41e-11	4.35e-09	2.29e-07	8.14e-06	3.03e-04	2.24e-02	2.31e-01	7.46e-01
 2.89612e+22	0.00e+00	0.00e+00	0.00e+00	8.77e-30	4.93e-26	1.41e-22	9.64e-19	9.09e-16	3.43e-13	5.46e-11	5.21e-09	2.66e-07	9.15e-06	3.30e-04	2.37e-02	2.37e-01	7.39e-01
 2.92200e+22	0.00e+00	0.00e+00	0.00e+00	1.40e-29	7.64e-26	2.10e-22	1.39e-18	1.26e-15	4.57e-13	7.00e-11	6.44e-09	3.17e-07	1.05e-05	3.65e-04	2.52e-02	2.43e-01	7.31e-01
 2.94930e+22	0.00e+00	0.00e+00	0.00e+00	2.20e-29	1.16e-25	3.10e-22	1.97e-18	1.73e-15	6.04e-13	8.92e-11	7.90e-09	3.75e-07	1.20e-05	4.02e-04	2.68e-02	2.49e-01	7.24e-01
 2.97351e+22	0.00e+00	0.00e+00	3.57e-33	3.33e-29	1.71e-25	4.42e-22	2.72e-18	2.30e-15	7.79e-13	1.11e-10	9.53e-09	4.37e-07	1.35e-05	4.39e-04	2.84e-02	2.55e-01	7.16e-01
 3.00002e+22	0.00e+00	0.00e+00	5.98e-33	5.41e-29	2.69e-25	6.72e-22	3.97e-18	3.23e-15	1.05e-12	1.44e-10	1.19e-08	5.23e-07	1.56e-05	4.87e-04	3.03e-02	2.62e-01	7.07e-01
 3.02811e+22	0.00e+00	0.00e+00	9.86e-33	8.64e-29	4.16e-25	1.00e-21	5.72e-18	4.48e-15	1.40e-12	1.85e-10	1.47e-08	6.23e-07	1.79e-05	5.39e-04	3.22e-02	2.68e-01	6.99e-01
 3.05249e+22	0.00e+00	0.00e+00	1.53e-32	1.31e-28	6.10e-25	1.43e-21	7.88e-18	5.97e-15	1.81e-12	2.31e-10	1.77e-08	7.27e-07	2.02e-05	5.88e-04	3.40e-02	2.74e-01	6.91e-01
 3.07462e+22	0.00e+00	0.00e+00	2.30e-32	1.91e-28	8.71e-25	1.98e-21	1.06e-17	7.79e-15	2.29e-12	2.83e-10	2.10e-08	8.38e-07	2.26e-05	6.38e-04	3.58e-02	2.80e-01	6.84e-01
 3.09958e+22	0.00e+00	0.00e+00	3.71e-32	3.00e-28	1.33e-24	2.92e-21	1.51e-17	1.07e-14	3.02e-12	3.60e-10	2.58e-08	9.89e-07	2.57e-05	7.01e-04	3.80e-02	2.87e-01	6.75e-01
 3.12648e+22	0.00e+00	0.00e+00	6.06e-32	4.75e-28	2.03e-24	4.33e-21	2.16e-17	1.47e-14	4.00e-12	4.61e-10	3.18e-08	1.17e-06	2.94e-05	7.73e-04	4.04e-02	2.93e-01	6.66e-01
 3.15068e+22	0.00e+00	0.00e+00	9.27e-32	7.08e-28	2.95e-24	6.10e-21	2.94e-17	1.94e-14	5.12e-12	5.70e-10	3.81e-08	1.36e-06	3.30e-05	8.41e-04	4.25e-02	2.99e-01	6.57e-01
 3.17693e+22	0.00e+00	0.00e+00	1.58e-31	1.17e-27	4.70e-24	9.38e-21	4.35e-17	2.75e-14	6.97e-12	7.46e-10	4.78e-08	1.64e-06	3.82e-05	9.34e-04	4.54e-02	3.07e-01	6.47e-01
 3.20426e+22	0.00e+00	0.00e+00	1.59e-31	1.14e-27	4.45e-24	1.37e-20	6.14e-17	3.75e-14	9.16e-12	9.45e-10	5.84e-08	1.94e-06	4.35e-05	1.03e-03	4.81e-02	3.13e-01	6.38e-01
 3.22779e+22	0.00e+00	0.00e+00	2.43e-31	1.70e-27	6.45e-24	1.93e-20	8.36e-17	4.95e-14	1.17e-11	1.17e-09	6.99e-08	2.24e-06	4.88e-05	1.11e-03	5.06e-02	3.19e-01	6.29e-01
 3.25318e+22	0.00e+00	0.00e+00	4.00e-31	2.72e-27	9.99e-24	2.88e-20	1.20e-16	6.85e-14	1.56e-11	1.50e-09	8.64e-08	2.67e-06	5.59e-05	1.23e-03	5.37e-02	3.26e-01	6.19e-01
 3.27989e+22	0.00e+00	0.00e+00	6.43e-31	4.24e-27	1.51e-23	4.20e-20	1.70e-16	9.33e-14	2.05e-11	1.90e-09	1.06e-07	3.15e-06	6.36e-05	1.35e-03	5.69e-02	3.33e-01	6.09e-01
 3.30366e+22	0.00e+00	0.00e+00	9.99e-31	6.41e-27	2.22e-23	5.97e-20	2.34e-16	1.24e-13	2.64e-11	2.37e-09	1.27e-07	3.67e-06	7.16e-05	1.47e-03	5.99e-02	3.39e-01	5.99e-01
 3.32990e+22	0.00e+00	0.00e+00	1.71e-30	1.06e-26	3.55e-23	9.18e-20	3.46e-16	1.77e-13	3.61e-11	3.11e-09	1.60e-07	4.43e-06	8.29e-05	1.63e-03	6.39e-02	3.47e-01	5.88e-01
 3.35694e+22	0.00e+00	0.00e+00	2.73e-30	1.65e-26	5.33e-23	1.33e-19	4.86e-16	2.40e-13	4.72e-11	3.93e-09	1.95e-07	5.21e-06	9.41e-05	1.79e-03	6.75e-02	3.53e-01	5.77e-01
 3.37989e+22	0.00e+00	0.00e+00	4.18e-30	2.45e-26	7.71e-23	1.87e-19	6.61e-16	3.16e-13	6.03e-11	4.85e-09	2.34e-07	6.04e-06	1.06e-04	1.94e-03	7.09e-02	3.59e-01	5.68e-01
 3.40135e+22	0.00e+00	0.00e+00	6.27e-30	3.59e-26	1.10e-22	2.58e-19	8.88e-16	4.11e-13	7.62e-11	5.95e-09	2.78e-07	6.96e-06	1.18e-04	2.10e-03	7.43e-02	3.65e-01	5.59e-01
 3.42602e+22	0.00e+00	0.00e+00	1.05e-29	5.80e-26	1.71e-22	3.88e-19	1.29e-15	5.74e-13	1.02e-10	7.68e-09	3.45e-07	8.32e-06	1.35e-04	2.31e-03	7.88e-02	3.72e-01	5.47e-01
 3.45162e+22	0.00e+00	0.00e+00	1.63e-29	8.78e-26	2.52e-22	5.51e-19	1.77e-15	7.65e-13	1.32e-10	9.58e-09	4.17e-07	9.71e-06	1.52e-04	2.52e-03	8.29e-02	3.77e-01	5.37e-01
 3.47484e+22	0.00e+00	0.00e+00	2.54e-29	1.33e-25	3.70e-22	7.82e-19	2.44e-15	1.02e-12	1.70e-10	1.20e-08	5.04e-07	1.13e-05	1.72e-04	2.74e-03	8.71e-02	3.83e-01	5.27e-01
 3.50143e+22	0.00e+00	0.00e+00	4.39e-29	2.22e-25	5.94e-22	1.20e-18	3.62e-15	1.45e-12	2.33e-10	1.57e-08	6.35e-07	1.37e-05	1.99e-04	3.04e-03	9.26e-02	3.90e-01	5.14e-01
 3.52762e+22	0.00e+00	0.00e+00	7.00e-29	3.43e-25	8.91e-22	1.74e-18	5.07e-15	1.97e-12	3.05e-10	1.98e-08	7.74e-07	1.61e-05	2.26e-04	3.32e-03	9.76e-02	3.96e-01	5.03e-01
 3.54859e+22	0.00e+00	2.10e-33	1.05e-28	5.03e-25	1.27e-21	2.39e-18	6.79e-15	2.56e-12	3.85e-10	2.43e-08	9.21e-07	1.86e-05	2.52e-04	3.59e-03	1.02e-01	4.01e-01	4.93e-01
 3.57114e+22	0.00e+00	3.45e-33	1.68e-28	7.77e-25	1.89e-21	3.45e-18	9.49e-15	3.46e-12	5.02e-10	3.06e-08	1.12e-06	2.19e-05	2.85e-04	3.92e-03	1.07e-01	4.07e-01	4.82e-01
 3.59553e+22	0.00e+00	5.72e-33	2.69e-28	1.20e-24	2.84e-21	4.97e-18	1.33e-14	4.68e-12	6.57e-10	3.87e-08	1.37e-06	2.58e-05	3.23e-04	4.28e-03	1.13e-01	4.12e-01	4.70e-01
 3.61774e+22	0.00e+00	8.91e-33	4.06e-28	1.77e-24	4.05e-21	6.88e-18	1.79e-14	6.11e-12	8.33e-10	4.75e-08	1.63e-06	2.97e-05	3.61e-04	4.62e-03	1.18e-01	4.17e-01	4.60e-01
 3.63859e+22	0.00e+00	1.39e-32	6.15e-28	2.61e-24	5.79e-21	9.50e-18	2.40e-14	7.98e-12	1.06e-09	5.85e-08	1.95e-06	3.44e-05	4.03e-04	4.99e-03	1.23e-01	4.21e-01	4.50e-01
 3.65889e+22	0.00e+00	2.15e-32	9.20e-28	3.79e-24	8.17e-21	1.30e-17	3.20e-14	1.03e-11	1.33e-09	7.14e-08	2.31e-06	3.95e-05	4.49e-04	5.37e-03	1.29e-01	4.26e-01	4.40e-01
 3.68193e+22	0.00e+00	3.75e-32	1.54e-27	6.14e-24	1.27e-20	1.94e-17	4.62e-14	1.44e-11	1.78e-09	9.23e-08	2.88e-06	4.73e-05	5.15e-04	5.91e-03	1.36e-01	4.31e-01	4.27e-01
 3.70508e+22	0.00e+00	5.83e-32	2.33e-27	9.00e-24	1.81e-20	2.66e-17	6.19e-14	1.87e-11	2.25e-09	1.13e-07	3.42e-06	5.46e-05	5.74e-04	6.37e-03	1.42e-01	4.34e-01	4.17e-01
 3.72835e+22	0.00e+00	1.02e-31	3.90e-27	1.45e-23	2.81e-20	3.96e-17	8.92e-14	2.61e-11	3.02e-09	1.46e-07	4.26e-06	6.53e-05	6.58e-04	7.00e-03	1.49e-01	4.39e-01	4.04e-01
 3.75198e+22	0.00e+00	1.65e-31	6.10e-27	2.20e-23	4.12e-20	5.57e-17	1.22e-13	3.47e-11	3.89e-09	1.82e-07	5.14e-06	7.63e-05	7.40e-04	7.59e-03	1.56e-01	4.43e-01	3.93e-01
 3.77232e+22	0.00e+00	2.57e-31	9.21e-27	3.23e-23	5.84e-20	7.64e-17	1.64e-13	4.51e-11	4.92e-09	2.23e-07	6.12e-06	8.80e-05	8.25e-04	8.18e-03	1.63e-01	4.46e-01	3.82e-01
 3.79183e+22	0.00e+00	3.88e-31	1.35e-26	4.61e-23	8.10e-20	1.03e-16	2.15e-13	5.76e-11	6.11e-09	2.70e-07	7.20e-06	1.00e-04	9.12e-04	8.76e-03	1.69e-01	4.48e-01	3.73e-01
 3.81399e+22	0.00e+00	6.67e-31	2.23e-26	7.33e-23	1.24e-19	1.50e-16	3.05e-13	7.92e-11	8.12e-09	3.46e-07	8.90e-06	1.19e-04	1.04e-03	9.58e-03	1.77e-01	4.52e-01	3.60e-01
 3.83636e+22	0.00e+00	1.06e-30	3.42e-26	1.09e-22	1.78e-19	2.07e-16	4.11e-13	1.04e-10	1.03e-08	4.27e-07	1.07e-05	1.38e-04	1.16e-03	1.03e-02	1.85e-01	4.54e-01	3.50e-01
 3.85558e+22	0.00e+00	1.61e-30	5.06e-26	1.56e-22	2.48e-19	2.79e-16	5.42e-13	1.33e-10	1.29e-08	5.18e-07	1.26e-05	1.59e-04	1.29e-03	1.11e-02	1.92e-01	4.56e-01	3.40e-01
 3.87714e+22	0.00e+00	2.73e-30	8.23e-26	2.45e-22	3.74e-19	4.03e-16	7.62e-13	1.81e-10	1.70e-08	6.58e-07	1.54e-05	1.88e-04	1.46e-03	1.20e-02	2.00e-01	4.58e-01	3.28e-01
 3.89953e+22	0.00e+00	4.37e-30	1.27e-25	3.67e-22	5.41e-19	5.61e-16	1.03e-12	2.39e-10	2.17e-08	8.15e-07	1.85e-05	2.18e-04	1.63e-03	1.30e-02	2.09e-01	4.59e-01	3.17e-01
 3.91882e+22	0.00e+00	6.75e-30	1.90e-25	5.32e-22	7.58e-19	7.58e-16	1.37e-12	3.08e-10	2.72e-08	9.94e-07	2.20e-05	2.50e-04	1.81e-03	1.39e-02	2.16e-01	4.60e-01	3.08e-01
 3.93692e+22	0.00e+00	1.00e-29	2.74e-25	7.47e-22	1.03e-18	1.00e-15	1.77e-12	3.89e-10	3.35e-08	1.19e-06	2.56e-05	2.84e-04	1.99e-03	1.48e-02	2.23e-01	4.61e-01	2.99e-01
 3.95762e+22	0.00e+00	1.69e-29	4.43e-25	1.16e-21	1.55e-18	1.43e-15	2.47e-12	5.26e-10	4.39e-08	1.51e-06	3.14e-05	3.35e-04	2.25e-03	1.61e-02	2.33e-01	4.61e-01	2.87e-01
 3.97877e+22	0.00e+00	2.64e-29	6.72e-25	1.70e-21	2.19e-18	1.95e-15	3.29e-12	6.83e-10	5.55e-08	1.85e-06	3.73e-05	3.86e-04	2.50e-03	1.72e-02	2.41e-01	4.61e-01	2.77e-01
 3.99724e+22	0.00e+00	4.00e-29	9.86e-25	2.43e-21	3.02e-18	2.60e-15	4.30e-12	8.70e-10	6.89e-08	2.23e-06	4.39e-05	4.40e-04	2.76e-03	1.84e-02	2.49e-01	4.61e-01	2.68e-01
 4.01798e+22	0.00e+00	6.74e-29	1.59e-24	3.78e-21	4.52e-18	3.71e-15	6.00e-12	1.18e-09	9.03e-08	2.82e-06	5.37e-05	5.18e-04	3.12e-03	1.99e-02	2.59e-01	4.60e-01	2.57e-01
 4.03939e+22	0.00e+00	1.07e-28	2.43e-24	5.58e-21	6.44e-18	5.08e-15	8.03e-12	1.54e-09	1.15e-07	3.47e-06	6.41e-05	5.99e-04	3.47e-03	2.13e-02	2.68e-01	4.59e-01	2.48e-01
 4.05838e+22	0.00e+00	1.65e-28	3.63e-24	8.07e-21	8.99e-18	6.83e-15	1.06e-11	1.98e-09	1.43e-07	4.22e-06	7.58e-05	6.87e-04	3.84e-03	2.28e-02	2.76e-01	4.58e-01	2.38e-01
 4.07684e+22	0.00e+00	2.54e-28	5.42e-24	1.16e-20	1.25e-17	9.16e-15	1.39e-11	2.54e-09	1.79e-07	5.13e-06	8.96e-05	7.87e-04	4.24e-03	2.43e-02	2.85e-01	4.56e-01	2.30e-01
 4.09792e+22	0.00e+00	4.35e-28	8.90e-24	1.84e-20	1.90e-17	1.32e-14	1.96e-11	3.47e-09	2.37e-07	6.54e-06	1.10e-04	9.31e-04	4.80e-03	2.63e-02	2.96e-01	4.53e-01	2.19e-01
 4.11942e+22	0.00e+00	6.81e-28	1.34e-23	2.68e-20	2.67e-17	1.79e-14	2.61e-11	4.49e-09	2.99e-07	8.00e-06	1.31e-04	1.07e-03	5.31e-03	2.81e-02	3.05e-01	4.51e-01	2.10e-01
 4.14146e+22	0.00e+00	1.19e-27	2.25e-23	4.31e-20	4.10e-17	2.61e-14	3.72e-11	6.20e-09	3.99e-07	1.03e-05	1.62e-04	1.27e-03	6.03e-03	3.04e-02	3.16e-01	4.47e-01	1.99e-01
 4.16393e+22	0.00e+00	1.95e-27	3.54e-23	6.51e-20	5.95e-17	3.62e-14	5.06e-11	8.22e-09	5.13e-07	1.28e-05	1.96e-04	1.48e-03	6.74e-03	3.26e-02	3.26e-01	4.43e-01	1.90e-01
 4.18223e+22	0.00e+00	2.88e-27	5.08e-23	9.06e-20	8.01e-17	4.70e-14	6.47e-11	1.03e-08	6.29e-07	1.53e-05	2.28e-04	1.67e-03	7.36e-03	3.45e-02	3.34e-01	4.40e-01	1.82e-01
 4.20130e+22	0.00e+00	4.74e-27	8.02e-23	1.38e-19	1.17e-16	6.54e-14	8.84e-11	1.37e-08	8.12e-07	1.91e-05	2.75e-04	1.95e-03	8.23e-03	3.69e-02	3.44e-01	4.35e-01	1.73e-01
 4.22104e+22	6.25e-34	7.31e-27	1.19e-22	1.98e-19	1.62e-16	8.70e-14	1.16e-10	1.75e-08	1.01e-06	2.31e-05	3.25e-04	2.23e-03	9.06e-03	3.92e-02	3.53e-01	4.30e-01	1.66e-01
 4.23740e+22	9.26e-34	1.05e-26	1.66e-22	2.67e-19	2.12e-16	1.10e-13	1.45e-10	2.15e-08	1.22e-06	2.71e-05	3.72e-04	2.49e-03	9.81e-03	4.11e-02	3.60e-01	4.27e-01	1.59e-01
 4.25441e+22	1.52e-33	1.63e-26	2.50e-22	3.88e-19	2.96e-16	1.47e-13	1.91e-10	2.78e-08	1.53e-06	3.31e-05	4.41e-04	2.85e-03	1.08e-02	4.37e-02	3.69e-01	4.21e-01	1.52e-01
 4.27063e+22	2.18e-33	2.28e-26	3.39e-22	5.11e-19	3.79e-16	1.83e-13	2.34e-10	3.35e-08	1.81e-06	3.84e-05	5.00e-04	3.15e-03	1.16e-02	4.56e-02	3.76e-01	4.17e-01	1.46e-01
 4.28361e+22	3.12e-33	3.15e-26	4.56e-22	6.69e-19	4.81e-16	2.25e-13	2.86e-10	4.02e-08	2.14e-06	4.43e-05	5.65e-04	3.48e-03	1.25e-02	4.76e-02	3.82e-01	4.13e-01	1.41e-01
 4.29630e+22	4.36e-33	4.27e-26	6.02e-22	8.63e-19	6.04e-16	2.74e-13	3.45e-10	4.78e-08	2.50e-06	5.07e-05	6.34e-04	3.82e-03	1.33e-02	4.95e-02	3.88e-01	4.09e-01	1.36e-01
 4.30875e+22	5.93e-33	5.64e-26	7.77e-22	1.09e-18	7.43e-16	3.28e-13	4.09e-10	5.60e-08	2.88e-06	5.73e-05	7.04e-04	4.15e-03	1.42e-02	5.13e-02	3.93e-01	4.05e-01	1.32e-01
 4.32283e+22	8.96e-33	8.20e-26	1.09e-21	1.48e-18	9.79e-16	4.16e-13	5.15e-10	6.92e-08	3.48e-06	6.76e-05	8.11e-04	4.65e-03	1.53e-02	5.38e-02	4.00e-01	3.99e-01	1.26e-01
 4.33699e+22	1.28e-32	1.13e-25	1.47e-21	1.93e-18	1.24e-15	5.10e-13	6.26e-10	8.29e-08	4.10e-06	7.79e-05	9.16e-04	5.12e-03	1.64e-02	5.60e-02	4.06e-01	3.94e-01	1.21e-01
 4.34893e+22	1.77e-32	1.51e-25	1.92e-21	2.46e-18	1.53e-15	6.12e-13	7.47e-10	9.77e-08	4.76e-06	8.86e-05	1.02e-03	5.59e-03	1.75e-02	5.80e-02	4.11e-01	3.90e-01	1.17e-01
 4.36012e+22	2.42e-32	2.01e-25	2.49e-21	3.11e-18	1.88e-15	7.31e-13	8.87e-10	1.15e-07	5.49e-06	1.00e-04	1.14e-03	6.09e-03	1.86e-02	6.01e-02	4.16e-01	3.85e-01	1.13e-01
 4.37092e+22	3.18e-32	2.58e-25	3.12e-21	3.82e-18	2.26e-15	8.55e-13	1.03e-09	1.32e-07	6.23e-06	1.12e-04	1.25e-03	6.56e-03	1.96e-02	6.19e-02	4.20e-01	3.81e-01	1.09e-01
 4.38321e+22	4.62e-32	3.62e-25	4.24e-21	5.03e-18	2.89e-15	1.05e-12	1.27e-09	1.59e-07	7.39e-06	1.30e-04	1.42e-03	7.25e-03	2.10e-02	6.44e-02	4.26e-01	3.75e-01	1.05e-01
 4.39586e+22	6.48e-32	4.91e-25	5.60e-21	6.45e-18	3.59e-15	1.27e-12	1.52e-09	1.89e-07	8.62e-06	1.48e-04	1.59e-03	7.94e-03	2.24e-02	6.68e-02	4.31e-01	3.70e-01	1.01e-01
 4.40687e+22	8.78e-32	6.45e-25	7.18e-21	8.07e-18	4.37e-15	1.50e-12	1.79e-09	2.19e-07	9.90e-06	1.67e-04	1.76e-03	8.61e-03	2.37e-02	6.90e-02	4.35e-01	3.65e-01	9.71e-02
 4.41907e+22	1.29e-31	9.11e-25	9.83e-21	1.07e-17	5.59e-15	1.85e-12	2.19e-09	2.66e-07	1.18e-05	1.94e-04	1.99e-03	9.53e-03	2.54e-02	7.17e-02	4.40e-01	3.58e-01	9.27e-02
 4.43095e+22	1.72e-31	1.18e-24	1.25e-20	1.32e-17	6.75e-15	2.17e-12	2.56e-09	3.07e-07	1.34e-05	2.18e-04	2.20e-03	1.03e-02	2.68e-02	7.39e-02	4.44e-01	3.53e-01	8.94e-02
 4.44088e+22	2.31e-31	1.55e-24	1.59e-20	1.64e-17	8.13e-15	2.54e-12	3.00e-09	3.56e-07	1.54e-05	2.45e-04	2.43e-03	1.11e-02	2.83e-02	7.61e-02	4.47e-01	3.48e-01	8.61e-02
 4.45066e+22	3.05e-31	1.98e-24	1.99e-20	2.01e-17	9.70e-15	2.95e-12	3.47e-09	4.09e-07	1.74e-05	2.72e-04	2.66e-03	1.20e-02	2.98e-02	7.82e-02	4.51e-01	3.43e-01	8.31e-02
 4.46180e+22	4.40e-31	2.76e-24	2.68e-20	2.61e-17	1.22e-14	3.57e-12	4.21e-09	4.89e-07	2.05e-05	3.14e-04	3.00e-03	1.32e-02	3.18e-02	8.10e-02	4.55e-01	3.37e-01	7.93e-02
 4.47309e+22	6.03e-31	3.66e-24	3.47e-20	3.28e-17	1.48e-14	4.21e-12	4.96e-09	5.71e-07	2.36e-05	3.55e-04	3.33e-03	1.43e-02	3.37e-02	8.35e-02	4.58e-01	3.31e-01	7.61e-02
 4.48282e+22	8.01e-31	4.73e-24	4.36e-20	4.02e-17	1.77e-14	4.88e-12	5.75e-09	6.57e-07	2.68e-05	3.96e-04	3.65e-03	1.54e-02	3.54e-02	8.57e-02	4.61e-01	3.26e-01	7.32e-02
 4.49372e+22	1.16e-30	6.58e-24	5.88e-20	5.23e-17	2.22e-14	5.89e-12	6.95e-09	7.87e-07	3.16e-05	4.57e-04	4.12e-03	1.69e-02	3.78e-02	8.86e-02	4.64e-01	3.19e-01	6.97e-02
 4.50491e+22	1.60e-30	8.79e-24	7.63e-20	6.58e-17	2.70e-14	6.93e-12	8.20e-09	9.21e-07	3.65e-05	5.17e-04	4.58e-03	1.84e-02	4.00e-02	9.12e-02	4.66e-01	3.12e-01	6.66e-02
 4.51481e+22	2.16e-30	1.15e-23	9.75e-20	8.16e-17	3.25e-14	8.07e-12	9.58e-09	1.07e-06	4.18e-05	5.80e-04	5.05e-03	1.99e-02	4.21e-02	9.37e-02	4.68e-01	3.06e-01	6.38e-02
 4.52597e+22	3.25e-30	1.66e-23	1.35e-19	1.08e-16	4.14e-14	9.84e-12	1.18e-08	1.30e-06	5.00e-05	6.78e-04	5.76e-03	2.20e-02	4.51e-02	9.70e-02	4.71e-01	2.98e-01	6.02e-02
 4.53677e+22	4.29e-30	2.13e-23	1.69e-19	1.32e-16	4.90e-14	1.13e-11	1.36e-08	1.48e-06	5.66e-05	7.53e-04	6.30e-03	2.36e-02	4.73e-02	9.92e-02	4.72e-01	2.93e-01	5.78e-02
 4.54709e+22	6.34e-30	3.02e-23	2.31e-19	1.73e-16	6.16e-14	1.36e-11	1.64e-08	1.79e-06	6.71e-05	8.73e-04	7.13e-03	2.60e-02	5.05e-02	1.02e-01	4.74e-01	2.85e-01	5.46e-02
 4.55746e+22	8.41e-30	3.89e-23	2.90e-19	2.11e-16	7.29e-14	1.56e-11	1.90e-08	2.05e-06	7.60e-05	9.71e-04	7.80e-03	2.79e-02	5.29e-02	1.05e-01	4.75e-01	2.79e-01	5.23e-02
 4.56793e+22	1.27e-29	5.60e-23	4.01e-19	2.79e-16	9.21e-14	1.88e-11	2.32e-08	2.49e-06	9.08e-05	1.13e-03	8.88e-03	3.08e-02	5.66e-02	1.08e-01	4.75e-01	2.70e-01	4.91e-02
 4.57806e+22	1.66e-29	7.13e-23	4.98e-19	3.37e-16	1.08e-13	2.14e-11	2.65e-08	2.83e-06	1.02e-04	1.25e-03	9.65e-03	3.29e-02	5.91e-02	1.10e-01	4.75e-01	2.65e-01	4.70e-02
 4.58778e+22	2.45e-29	1.01e-22	6.79e-19	4.40e-16	1.34e-13	2.55e-11	3.20e-08	3.40e-06	1.21e-04	1.45e-03	1.09e-02	3.62e-02	6.29e-02	1.13e-01	4.75e-01	2.56e-01	4.41e-02
 4.59750e+22	3.22e-29	1.29e-22	8.43e-19	5.31e-16	1.57e-13	2.89e-11	3.66e-08	3.87e-06	1.36e-04	1.60e-03	1.19e-02	3.86e-02	6.56e-02	1.15e-01	4.74e-01	2.50e-01	4.22e-02
 4.60723e+22	4.81e-29	1.84e-22	1.16e-18	6.94e-16	1.96e-13	3.44e-11	4.42e-08	4.65e-06	1.62e-04	1.85e-03	1.34e-02	4.25e-02	6.98e-02	1.18e-01	4.73e-01	2.42e-01	3.95e-02
 4.61699e+22	6.41e-29	2.38e-22	1.45e-18	8.44e-16	2.31e-13	3.91e-11	5.09e-08	5.33e-06	1.83e-04	2.06e-03	1.46e-02	4.54e-02	7.29e-02	1.21e-01	4.71e-01	2.35e-01	3.75e-02
 4.62681e+22	9.65e-29	3.43e-22	2.00e-18	1.11e-15	2.88e-13	4.65e-11	6.16e-08	6.42e-06	2.18e-04	2.38e-03	1.66e-02	5.00e-02	7.74e-02	1.24e-01	4.69e-01	2.26e-01	3.49e-02
 4.63676e+22	1.30e-28	4.48e-22	2.54e-18	1.36e-15	3.40e-13	5.30e-11	7.10e-08	7.38e-06	2.47e-04	2.65e-03	1.81e-02	5.35e-02	8.09e-02	1.26e-01	4.66e-01	2.20e-01	3.31e-02
 4.64685e+22	1.96e-28	6.44e-22	3.49e-18	1.78e-15	4.23e-13	6.28e-11	8.59e-08	8.89e-06	2.94e-04	3.07e-03	2.04e-02	5.86e-02	8.57e-02	1.28e-01	4.62e-01	2.10e-01	3.07e-02
 4.65686e+22	2.67e-28	8.46e-22	4.44e-18	2.18e-15	4.99e-13	7.14e-11	9.91e-08	1.02e-05	3.34e-04	3.42e-03	2.23e-02	6.27e-02	8.94e-02	1.30e-01	4.59e-01	2.04e-01	2.90e-02
 4.66675e+22	4.00e-28	1.21e-21	6.10e-18	2.84e-15	6.19e-13	8.42e-11	1.19e-07	1.23e-05	3.95e-04	3.93e-03	2.51e-02	6.85e-02	9.45e-02	1.33e-01	4.54e-01	1.95e-01	2.68e-02
 4.67682e+22	5.52e-28	1.62e-21	7.85e-18	3.51e-15	7.34e-13	9.59e-11	1.38e-07	1.42e-05	4.51e-04	4.39e-03	2.75e-02	7.34e-02	9.85e-02	1.34e-01	4.49e-01	1.87e-01	2.51e-02
 4.68712e+22	8.20e-31	2.35e-21	1.09e-17	4.63e-15	9.15e-13	1.13e-10	1.67e-07	1.71e-05	5.36e-04	5.07e-03	3.09e-02	8.02e-02	1.04e-01	1.37e-01	4.42e-01	1.78e-01	2.30e-02
 4.69750e+22	1.14e-30	3.15e-21	1.41e-17	5.74e-15	1.08e-12	1.29e-10	1.94e-07	1.98e-05	6.12e-04	5.67e-03	3.38e-02	8.58e-02	1.08e-01	1.38e-01	4.36e-01	1.71e-01	2.15e-02
 4.70798e+22	1.77e-30	4.62e-21	1.97e-17	7.58e-15	1.35e-12	1.53e-10	2.34e-07	2.39e-05	7.27e-04	6.53e-03	3.79e-02	9.35e-02	1.14e-01	1.40e-01	4.27e-01	1.61e-01	1.96e-02
 4.71853e+22	2.46e-30	6.20e-21	2.55e-17	9.38e-15	1.60e-12	1.73e-10	2.71e-07	2.76e-05	8.28e-04	7.27e-03	4.14e-02	9.97e-02	1.18e-01	1.41e-01	4.20e-01	1.54e-01	1.82e-02
 4.72766e+22	3.41e-30	8.26e-21	3.27e-17	1.16e-14	1.89e-12	1.96e-10	3.12e-07	3.17e-05	9.40e-04	8.07e-03	4.50e-02	1.06e-01	1.22e-01	1.42e-01	4.12e-01	1.47e-01	1.69e-02
 4.73804e+22	5.25e-30	1.21e-20	4.55e-17	1.52e-14	2.34e-12	2.30e-10	3.73e-07	3.79e-05	1.11e-03	9.23e-03	5.00e-02	1.15e-01	1.28e-01	1.42e-01	4.02e-01	1.38e-01	1.53e-02
 4.74830e+22	7.11e-30	1.57e-20	5.75e-17	1.84e-14	2.73e-12	2.58e-10	4.24e-07	4.30e-05	1.24e-03	1.01e-02	5.39e-02	1.21e-01	1.32e-01	1.43e-01	3.94e-01	1.32e-01	1.42e-02
 4.75843e+22	1.06e-29	2.24e-20	7.81e-17	2.38e-14	3.33e-12	3.00e-10	5.01e-07	5.06e-05	1.44e-03	1.14e-02	5.93e-02	1.30e-01	1.37e-01	1.43e-01	3.82e-01	1.23e-01	1.29e-02
 4.76886e+22	1.47e-29	2.98e-20	1.00e-16	2.92e-14	3.92e-12	3.39e-10	5.72e-07	5.77e-05	1.62e-03	1.26e-02	6.39e-02	1.37e-01	1.40e-01	1.43e-01	3.73e-01	1.17e-01	1.18e-02
 4.77967e+22	2.23e-29	4.30e-20	1.38e-16	3.80e-14	4.82e-12	3.96e-10	6.76e-07	6.81e-05	1.88e-03	1.42e-02	7.02e-02	1.46e-01	1.45e-01	1.42e-01	3.60e-01	1.09e-01	1.06e-02
 4.79069e+22	3.10e-29	5.74e-20	1.78e-16	4.69e-14	5.69e-12	4.48e-10	7.71e-07	7.75e-05	2.11e-03	1.56e-02	7.54e-02	1.54e-01	1.49e-01	1.42e-01	3.50e-01	1.03e-01	9.75e-03
 4.80195e+22	4.73e-29	8.31e-20	2.45e-16	6.13e-14	7.01e-12	5.24e-10	9.09e-07	9.12e-05	2.45e-03	1.75e-02	8.25e-02	1.64e-01	1.53e-01	1.40e-01	3.36e-01	9.51e-02	8.69e-03
 4.81345e+22	6.57e-29	1.11e-19	3.15e-16	7.55e-14	8.27e-12	5.94e-10	1.03e-06	1.03e-04	2.73e-03	1.91e-02	8.82e-02	1.71e-01	1.56e-01	1.39e-01	3.26e-01	8.93e-02	7.93e-03
 4.82524e+22	1.00e-28	1.61e-19	4.36e-16	9.88e-14	1.02e-11	6.97e-10	1.21e-06	1.21e-04	3.15e-03	2.14e-02	9.59e-02	1.81e-01	1.60e-01	1.37e-01	3.11e-01	8.22e-02	7.03e-03
 4.83723e+22	1.39e-28	2.14e-19	5.62e-16	1.22e-13	1.21e-11	7.92e-10	1.37e-06	1.37e-04	3.51e-03	2.33e-02	1.02e-01	1.89e-01	1.63e-01	1.36e-01	3.00e-01	7.69e-02	6.38e-03
 4.84948e+22	2.13e-28	3.11e-19	7.76e-16	1.60e-13	1.49e-11	9.30e-10	1.61e-06	1.59e-04	4.02e-03	2.59e-02	1.10e-01	1.99e-01	1.66e-01	1.33e-01	2.86e-01	7.04e-02	5.62e-03
 4.86180e+22	2.92e-28	4.11e-19	9.92e-16	1.96e-13	1.76e-11	1.05e-09	1.81e-06	1.79e-04	4.45e-03	2.80e-02	1.17e-01	2.06e-01	1.68e-01	1.31e-01	2.75e-01	6.57e-02	5.10e-03
 4.87422e+22	4.41e-28	5.90e-19	1.36e-15	2.55e-13	2.17e-11	1.24e-09	2.10e-06	2.07e-04	5.05e-03	3.09e-02	1.25e-01	2.16e-01	1.70e-01	1.28e-01	2.60e-01	5.99e-02	4.48e-03
 4.88693e+22	6.08e-28	7.81e-19	1.74e-15	3.13e-13	2.56e-11	1.40e-09	2.35e-06	2.31e-04	5.57e-03	3.33e-02	1.32e-01	2.23e-01	1.71e-01	1.26e-01	2.49e-01	5.57e-02	4.04e-03
 4.89802e+22	8.22e-28	1.02e-18	2.20e-15	3.80e-13	2.98e-11	1.58e-09	2.62e-06	2.56e-04	6.10e-03	3.56e-02	1.39e-01	2.29e-01	1.72e-01	1.24e-01	2.39e-01	5.19e-02	3.66e-03
 4.91043e+22	1.22e-27	1.43e-18	2.96e-15	4.89e-13	3.64e-11	1.84e-09	3.00e-06	2.92e-04	6.85e-03	3.89e-02	1.47e-01	2.37e-01	1.73e-01	1.20e-01	2.26e-01	4.72e-02	3.22e-03
 4.92284e+22	1.62e-27	1.84e-18	3.69e-15	5.88e-13	4.23e-11	2.07e-09	3.32e-06	3.22e-04	7.44e-03	4.14e-02	1.54e-01	2.43e-01	1.73e-01	1.18e-01	2.16e-01	4.40e-02	2.92e-03
 4.93526e+22	2.36e-27	2.55e-18	4.92e-15	7.48e-13	5.13e-11	2.40e-09	3.78e-06	3.65e-04	8.28e-03	4.49e-02	1.62e-01	2.50e-01	1.73e-01	1.14e-01	2.04e-01	4.01e-02	2.56e-03
 4.94796e+22	3.16e-27	3.29e-18	6.16e-15	9.04e-13	5.97e-11	2.71e-09	4.18e-06	4.01e-04	9.00e-03	4.77e-02	1.69e-01	2.56e-01	1.73e-01	1.11e-01	1.94e-01	3.71e-02	2.31e-03
 4.95918e+22	4.20e-27	4.22e-18	7.67e-15	1.09e-12	6.92e-11	3.04e-09	4.61e-06	4.40e-04	9.74e-03	5.06e-02	1.76e-01	2.61e-01	1.73e-01	1.08e-01	1.85e-01	3.45e-02	2.09e-03
 4.97196e+22	6.10e-27	5.84e-18	1.02e-14	1.38e-12	8.38e-11	3.52e-09	5.22e-06	4.95e-04	1.08e-02	5.45e-02	1.84e-01	2.67e-01	1.72e-01	1.04e-01	1.74e-01	3.12e-02	1.82e-03
 4.98465e+22	7.94e-27	7.34e-18	1.25e-14	1.64e-12	9.64e-11	3.93e-09	5.71e-06	5.39e-04	1.16e-02	5.74e-02	1.90e-01	2.71e-01	1.71e-01	1.02e-01	1.66e-01	2.90e-02	1.65e-03
 4.99726e+22	1.13e-26	1.00e-17	1.64e-14	2.06e-12	1.16e-10	4.54e-09	6.42e-06	6.02e-04	1.27e-02	6.14e-02	1.98e-01	2.76e-01	1.69e-01	9.79e-02	1.55e-01	2.62e-02	1.45e-03
 5.01010e+22	1.48e-26	1.26e-17	2.01e-14	2.45e-12	1.34e-10	5.08e-09	7.04e-06	6.55e-04	1.37e-02	6.46e-02	2.05e-01	2.80e-01	1.68e-01	9.50e-02	1.48e-01	2.43e-02	1.31e-03
 5.02327e+22	2.12e-26	1.72e-17	2.65e-14	3.09e-12	1.61e-10	5.88e-09	7.91e-06	7.30e-04	1.50e-02	6.90e-02	2.13e-01	2.84e-01	1.66e-01	9.12e-02	1.38e-01	2.19e-02	1.14e-03
 5.03669e+22	2.79e-26	2.18e-17	3.26e-14	3.69e-12	1.86e-10	6.59e-09	8.67e-06	7.95e-04	1.61e-02	7.26e-02	2.19e-01	2.87e-01	1.64e-01	8.82e-02	1.31e-01	2.02e-02	1.02e-03
 5.05043e+22	8.71e-27	2.98e-17	4.30e-14	4.66e-12	2.25e-10	7.65e-09	9.75e-06	8.86e-04	1.76e-02	7.73e-02	2.27e-01	2.91e-01	1.61e-01	8.43e-02	1.22e-01	1.81e-02	8.83e-04
 5.06443e+22	1.15e-26	3.78e-17	5.31e-14	5.58e-12	2.60e-10	8.60e-09	1.07e-05	9.63e-04	1.88e-02	8.11e-02	2.33e-01	2.93e-01	1.59e-01	8.13e-02	1.15e-01	1.67e-02	7.90e-04
 5.07875e+22	1.66e-26	5.18e-17	7.02e-14	7.06e-12	3.15e-10	1.00e-08	1.20e-05	1.07e-03	2.06e-02	8.63e-02	2.41e-01	2.96e-01	1.56e-01	7.74e-02	1.06e-01	1.49e-02	6.80e-04
 5.09275e+22	2.13e-26	6.40e-17	8.47e-14	8.30e-12	3.61e-10	1.11e-08	1.31e-05	1.16e-03	2.19e-02	9.00e-02	2.46e-01	2.97e-01	1.54e-01	7.47e-02	1.01e-01	1.38e-02	6.14e-04
 5.10633e+22	3.01e-26	8.62e-17	1.10e-13	1.04e-11	4.31e-10	1.28e-08	1.46e-05	1.28e-03	2.38e-02	9.51e-02	2.54e-01	2.98e-01	1.50e-01	7.11e-02	9.35e-02	1.23e-02	5.31e-04
 5.12011e+22	3.87e-26	1.07e-16	1.33e-13	1.22e-11	4.94e-10	1.43e-08	1.60e-05	1.38e-03	2.52e-02	9.90e-02	2.59e-01	2.99e-01	1.48e-01	6.85e-02	8.85e-02	1.14e-02	4.78e-04
 5.13417e+22	5.43e-26	1.42e-16	1.72e-13	1.52e-11	5.91e-10	1.65e-08	1.78e-05	1.52e-03	2.73e-02	1.04e-01	2.65e-01	3.00e-01	1.44e-01	6.51e-02	8.19e-02	1.02e-02	4.13e-04
 5.14866e+22	7.14e-26	1.80e-16	2.11e-13	1.81e-11	6.84e-10	1.86e-08	1.95e-05	1.64e-03	2.91e-02	1.09e-01	2.71e-01	3.00e-01	1.41e-01	6.24e-02	7.69e-02	9.28e-03	3.67e-04
 5.16371e+22	1.01e-25	2.40e-16	2.74e-13	2.26e-11	8.21e-10	2.15e-08	2.18e-05	1.82e-03	3.15e-02	1.14e-01	2.77e-01	3.00e-01	1.37e-01	5.90e-02	7.09e-02	8.27e-03	3.16e-04
 5.17925e+22	1.34e-25	3.07e-16	3.41e-13	2.73e-11	9.59e-10	2.44e-08	2.40e-05	1.97e-03	3.36e-02	1.19e-01	2.82e-01	2.99e-01	1.34e-01	5.62e-02	6.62e-02	7.49e-03	2.78e-04
 5.19542e+22	1.92e-25	4.16e-16	4.47e-13	3.44e-11	1.16e-09	2.84e-08	2.71e-05	2.19e-03	3.64e-02	1.26e-01	2.88e-01	2.98e-01	1.29e-01	5.29e-02	6.06e-02	6.62e-03	2.37e-04
 5.21202e+22	2.59e-25	5.35e-16	5.60e-13	4.18e-11	1.37e-09	3.24e-08	2.99e-05	2.38e-03	3.89e-02	1.31e-01	2.93e-01	2.96e-01	1.26e-01	5.02e-02	5.63e-02	5.96e-03	2.07e-04
 5.22919e+22	3.75e-25	7.31e-16	7.39e-13	5.31e-11	1.67e-09	3.81e-08	3.39e-05	2.64e-03	4.22e-02	1.38e-01	2.99e-01	2.94e-01	1.21e-01	4.70e-02	5.13e-02	5.23e-03	1.75e-04
 5.24690e+22	5.13e-25	9.52e-16	9.35e-13	6.51e-11	1.97e-09	4.36e-08	3.77e-05	2.89e-03	4.51e-02	1.44e-01	3.03e-01	2.92e-01	1.17e-01	4.44e-02	4.73e-02	4.67e-03	1.51e-04
 5.26534e+22	7.54e-25	1.32e-15	1.25e-12	8.37e-11	2.44e-09	5.17e-08	4.29e-05	3.22e-03	4.90e-02	1.51e-01	3.08e-01	2.88e-01	1.12e-01	4.12e-02	4.27e-02	4.05e-03	1.26e-04
 5.28434e+22	1.04e-24	1.73e-15	1.60e-12	1.04e-10	2.91e-09	5.97e-08	4.79e-05	3.53e-03	5.25e-02	1.57e-01	3.12e-01	2.85e-01	1.08e-01	3.87e-02	3.91e-02	3.59e-03	1.08e-04
 5.30148e+22	1.43e-24	2.26e-15	2.03e-12	1.27e-10	3.46e-09	6.87e-08	5.34e-05	3.85e-03	5.61e-02	1.63e-01	3.16e-01	2.81e-01	1.04e-01	3.64e-02	3.59e-02	3.19e-03	9.30e-05
 5.32117e+22	2.14e-24	3.17e-15	2.75e-12	1.65e-10	4.30e-09	8.20e-08	6.11e-05	4.30e-03	6.09e-02	1.71e-01	3.20e-01	2.76e-01	9.85e-02	3.35e-02	3.22e-02	2.74e-03	7.66e-05
 5.34124e+22	2.98e-24	4.19e-15	3.52e-12	2.05e-10	5.15e-09	9.49e-08	6.84e-05	4.71e-03	6.51e-02	1.78e-01	3.23e-01	2.72e-01	9.43e-02	3.13e-02	2.93e-02	2.41e-03	6.51e-05
 5.36181e+22	4.50e-24	5.93e-15	4.81e-12	2.68e-10	6.45e-09	1.14e-07	7.86e-05	5.27e-03	7.06e-02	1.86e-01	3.26e-01	2.66e-01	8.91e-02	2.86e-02	2.60e-02	2.05e-03	5.30e-05
 5.38266e+22	6.31e-24	7.88e-15	6.20e-12	3.35e-10	7.74e-09	1.32e-07	8.80e-05	5.77e-03	7.55e-02	1.93e-01	3.28e-01	2.61e-01	8.49e-02	2.66e-02	2.36e-02	1.79e-03	4.47e-05
 5.40386e+22	9.68e-24	1.13e-14	8.55e-12	4.42e-10	9.76e-09	1.60e-07	1.01e-04	6.47e-03	8.19e-02	2.02e-01	3.30e-01	2.54e-01	7.97e-02	2.42e-02	2.08e-02	1.51e-03	3.60e-05
 5.42528e+22	1.36e-23	1.50e-14	1.10e-11	5.51e-10	1.17e-08	1.85e-07	1.14e-04	7.08e-03	8.73e-02	2.09e-01	3.31e-01	2.48e-01	7.57e-02	2.24e-02	1.87e-02	1.31e-03	3.02e-05
 5.44698e+22	2.12e-23	2.18e-14	1.54e-11	7.34e-10	1.49e-08	2.25e-07	1.31e-04	7.94e-03	9.46e-02	2.17e-01	3.31e-01	2.40e-01	7.06e-02	2.02e-02	1.64e-02	1.09e-03	2.40e-05
 5.46879e+22	2.97e-23	2.90e-14	1.99e-11	9.14e-10	1.79e-08	2.61e-07	1.47e-04	8.67e-03	1.01e-01	2.24e-01	3.31e-01	2.34e-01	6.69e-02	1.87e-02	1.47e-02	9.48e-04	2.01e-05
 5.48691e+22	4.03e-23	3.75e-14	2.50e-11	1.11e-09	2.11e-08	2.98e-07	1.62e-04	9.38e-03	1.06e-01	2.30e-01	3.31e-01	2.28e-01	6.35e-02	1.74e-02	1.34e-02	8.32e-04	1.71e-05
 5.50663e+22	6.04e-23	5.29e-14	3.39e-11	1.45e-09	2.62e-08	3.56e-07	1.85e-04	1.04e-02	1.14e-01	2.38e-01	3.29e-01	2.21e-01	5.93e-02	1.57e-02	1.18e-02	7.00e-04	1.37e-05
 5.52627e+22	8.15e-23	6.81e-14	4.26e-11	1.76e-09	3.08e-08	4.06e-07	2.04e-04	1.12e-02	1.20e-01	2.43e-01	3.28e-01	2.15e-01	5.63e-02	1.46e-02	1.07e-02	6.14e-04	1.16e-05
 5.54581e+22	1.22e-22	9.58e-14	5.76e-11	2.28e-09	3.82e-08	4.83e-07	2.32e-04	1.24e-02	1.28e-01	2.51e-01	3.26e-01	2.07e-01	5.24e-02	1.32e-02	9.35e-03	5.14e-04	9.32e-06
 5.56561e+22	1.66e-22	1.25e-13	7.28e-11	2.79e-09	4.52e-08	5.54e-07	2.57e-04	1.34e-02	1.35e-01	2.56e-01	3.24e-01	2.01e-01	4.95e-02	1.22e-02	8.43e-03	4.48e-04	7.84e-06
 5.58572e+22	2.52e-22	1.78e-13	9.97e-11	3.65e-09	5.65e-08	6.65e-07	2.94e-04	1.48e-02	1.44e-01	2.63e-01	3.20e-01	1.93e-01	4.58e-02	1.10e-02	7.33e-03	3.71e-04	6.20e-06
 5.60608e+22	3.46e-22	2.33e-13	1.27e-10	4.50e-09	6.72e-08	7.66e-07	3.26e-04	1.60e-02	1.52e-01	2.68e-01	3.17e-01	1.86e-01	4.31e-02	1.01e-02	6.57e-03	3.21e-04	5.16e-06
 5.62674e+22	5.28e-22	3.34e-13	1.75e-10	5.92e-09	8.45e-08	9.24e-07	3.74e-04	1.78e-02	1.62e-01	2.75e-01	3.12e-01	1.78e-01	3.96e-02	9.01e-03	5.66e-03	2.63e-04	4.04e-06
 5.64782e+22	7.42e-22	4.47e-13	2.26e-10	7.39e-09	1.02e-07	1.08e-06	4.18e-04	1.93e-02	1.71e-01	2.80e-01	3.08e-01	1.71e-01	3.70e-02	8.21e-03	5.02e-03	2.24e-04	3.31e-06
 5.66943e+22	1.15e-21	6.53e-13	3.17e-10	9.89e-09	1.30e-07	1.32e-06	4.84e-04	2.15e-02	1.83e-01	2.86e-01	3.01e-01	1.62e-01	3.37e-02	7.26e-03	4.28e-03	1.81e-04	2.54e-06
 5.69144e+22	1.64e-21	8.84e-13	4.16e-10	1.25e-08	1.58e-07	1.55e-06	5.45e-04	2.35e-02	1.92e-01	2.91e-01	2.96e-01	1.55e-01	3.13e-02	6.57e-03	3.75e-03	1.52e-04	2.05e-06
 5.71398e+22	2.60e-21	1.31e-12	5.92e-10	1.69e-08	2.04e-07	1.91e-06	6.37e-04	2.63e-02	2.06e-01	2.96e-01	2.88e-01	1.46e-01	2.82e-02	5.75e-03	3.15e-03	1.21e-04	1.54e-06
 5.73674e+22	3.73e-21	1.79e-12	7.79e-10	2.15e-08	2.50e-07	2.27e-06	7.22e-04	2.88e-02	2.17e-01	2.99e-01	2.81e-01	1.39e-01	2.60e-02	5.16e-03	2.75e-03	1.01e-04	1.23e-06
 5.75599e+22	5.19e-21	2.38e-12	1.00e-09	2.69e-08	3.02e-07	2.66e-06	8.10e-04	3.13e-02	2.27e-01	3.02e-01	2.75e-01	1.33e-01	2.40e-02	4.67e-03	2.41e-03	8.49e-05	9.91e-07
 5.77693e+22	7.87e-21	3.41e-12	1.39e-09	3.56e-08	3.84e-07	3.26e-06	9.40e-04	3.49e-02	2.40e-01	3.05e-01	2.66e-01	1.25e-01	2.16e-02	4.10e-03	2.03e-03	6.80e-05	7.52e-07
 5.79793e+22	1.09e-20	4.52e-12	1.79e-09	4.45e-08	4.64e-07	3.83e-06	1.06e-03	3.79e-02	2.51e-01	3.07e-01	2.59e-01	1.18e-01	1.99e-02	3.68e-03	1.77e-03	5.69e-05	6.04e-07
 5.81846e+22	1.61e-20	6.36e-12	2.43e-09	5.84e-08	5.87e-07	4.68e-06	1.23e-03	4.21e-02	2.65e-01	3.09e-01	2.50e-01	1.11e-01	1.79e-02	3.23e-03	1.50e-03	4.56e-05	4.60e-07
 5.83941e+22	2.25e-20	8.48e-12	3.15e-09	7.36e-08	7.17e-07	5.56e-06	1.39e-03	4.60e-02	2.77e-01	3.09e-01	2.42e-01	1.04e-01	1.63e-02	2.88e-03	1.29e-03	3.76e-05	3.63e-07
 5.85994e+22	3.25e-20	1.17e-11	4.21e-09	9.54e-08	8.99e-07	6.76e-06	1.60e-03	5.09e-02	2.91e-01	3.09e-01	2.32e-01	9.72e-02	1.46e-02	2.52e-03	1.09e-03	3.02e-05	2.77e-07
 5.88090e+22	4.55e-20	1.56e-11	5.49e-09	1.21e-07	1.11e-06	8.11e-06	1.83e-03	5.59e-02	3.04e-01	3.09e-01	2.23e-01	9.08e-02	1.32e-02	2.22e-03	9.29e-04	2.45e-05	2.15e-07
 5.90154e+22	6.41e-20	2.11e-11	7.21e-09	1.55e-07	1.38e-06	9.81e-06	2.11e-03	6.15e-02	3.17e-01	3.07e-01	2.13e-01	8.43e-02	1.18e-02	1.94e-03	7.83e-04	1.97e-05	1.64e-07
 5.92234e+22	8.89e-20	2.80e-11	9.37e-09	1.97e-07	1.70e-06	1.18e-05	2.42e-03	6.76e-02	3.30e-01	3.05e-01	2.03e-01	7.82e-02	1.06e-02	1.70e-03	6.61e-04	1.58e-05	1.26e-07
 5.94290e+22	1.23e-19	3.69e-11	1.21e-08	2.50e-07	2.10e-06	1.42e-05	2.77e-03	7.42e-02	3.43e-01	3.02e-01	1.94e-01	7.23e-02	9.43e-03	1.48e-03	5.56e-04	1.27e-05	0.00e+00
 5.96342e+22	1.67e-19	4.83e-11	1.55e-08	3.15e-07	2.59e-06	1.71e-05	3.17e-03	8.13e-02	3.56e-01	2.99e-01	1.84e-01	6.67e-02	8.39e-03	1.29e-03	4.67e-04	1.02e-05	0.00e+00
 5.98397e+22	2.27e-19	6.27e-11	1.99e-08	3.96e-07	3.18e-06	2.06e-05	3.63e-03	8.90e-02	3.68e-01	2.95e-01	1.74e-01	6.13e-02	7.44e-03	1.12e-03	3.91e-04	8.10e-06	0.00e+00
 6.00458e+22	3.05e-19	8.08e-11	2.52e-08	4.97e-07	3.90e-06	2.47e-05	4.14e-03	9.73e-02	3.80e-01	2.90e-01	1.64e-01	5.62e-02	6.58e-03	9.66e-04	3.26e-04	6.45e-06	0.00e+00
 6.02529e+22	4.07e-19	1.03e-10	3.19e-08	6.21e-07	4.77e-06	2.97e-05	4.73e-03	1.06e-01	3.92e-01	2.84e-01	1.55e-01	5.13e-02	5.80e-03	8.32e-04	2.71e-04	5.11e-06	0.00e+00
 6.04618e+22	5.41e-19	1.31e-10	4.01e-08	7.73e-07	5.82e-06	3.56e-05	5.39e-03	1.16e-01	4.03e-01	2.78e-01	1.45e-01	4.67e-02	5.09e-03	7.13e-04	2.25e-04	4.03e-06	0.00e+00
 6.06730e+22	7.15e-19	1.66e-10	5.03e-08	9.62e-07	7.10e-06	4.27e-05	6.14e-03	1.26e-01	4.13e-01	2.71e-01	1.36e-01	4.23e-02	4.45e-03	6.09e-04	1.86e-04	3.17e-06	0.00e+00
 6.08852e+22	9.36e-19	2.07e-10	6.25e-08	1.19e-06	8.62e-06	5.10e-05	6.97e-03	1.37e-01	4.23e-01	2.64e-01	1.27e-01	3.82e-02	3.89e-03	5.20e-04	1.53e-04	2.49e-06	0.00e+00
 6.11008e+22	1.23e-18	2.59e-10	7.78e-08	1.47e-06	1.05e-05	6.11e-05	7.93e-03	1.48e-01	4.32e-01	2.56e-01	1.18e-01	3.44e-02	3.37e-03	4.40e-04	1.25e-04	1.94e-06	0.00e+00
 6.13186e+22	1.59e-18	3.19e-10	9.59e-08	1.81e-06	1.27e-05	7.28e-05	8.98e-03	1.60e-01	4.40e-01	2.48e-01	1.09e-01	3.09e-02	2.93e-03	3.73e-04	1.02e-04	1.51e-06	0.00e+00
 6.15407e+22	2.08e-18	3.95e-10	1.19e-07	2.23e-06	1.54e-05	8.72e-05	1.02e-02	1.73e-01	4.47e-01	2.39e-01	1.01e-01	2.75e-02	2.51e-03	3.12e-04	8.29e-05	1.16e-06	0.00e+00
 6.17667e+22	2.69e-18	4.82e-10	1.45e-07	2.73e-06	1.85e-05	1.04e-04	1.15e-02	1.86e-01	4.52e-01	2.30e-01	9.26e-02	2.45e-02	2.16e-03	2.62e-04	6.73e-05	8.97e-07	0.00e+00
 6.19737e+22	3.33e-18	5.67e-10	1.72e-07	3.22e-06	2.16e-05	1.20e-04	1.27e-02	1.98e-01	4.56e-01	2.23e-01	8.63e-02	2.22e-02	1.90e-03	2.25e-04	5.63e-05	7.20e-07	0.00e+00
 6.21901e+22	4.34e-18	6.92e-10	2.11e-07	3.97e-06	2.62e-05	1.44e-04	1.45e-02	2.13e-01	4.60e-01	2.13e-01	7.86e-02	1.95e-02	1.61e-03	1.86e-04	4.48e-05	5.43e-07	0.00e+00
 6.24098e+22	5.39e-18	8.10e-10	2.48e-07	4.68e-06	3.05e-05	1.66e-04	1.59e-02	2.25e-01	4.62e-01	2.05e-01	7.28e-02	1.76e-02	1.41e-03	1.59e-04	3.73e-05	4.33e-07	0.00e+00
