#depth	Ne	Ne+	Ne+2	Ne+3	Ne+4	Ne+5	Ne+6	Ne+7	Ne+8	Ne+9	Ne+10
 4.62852e+21	0.00e+00	0.00e+00	0.00e+00	0.00e+00	1.97e-24	8.04e-20	1.29e-15	1.31e-11	4.58e-07	1.35e-03	9.99e-01
 1.05285e+22	0.00e+00	0.00e+00	0.00e+00	1.43e-28	1.68e-23	4.79e-19	5.41e-15	3.84e-11	9.37e-07	1.93e-03	9.98e-01
 1.26524e+22	0.00e+00	0.00e+00	0.00e+00	7.35e-28	6.83e-23	1.56e-18	1.39e-14	7.82e-11	1.51e-06	2.44e-03	9.98e-01
 1.41866e+22	0.00e+00	0.00e+00	0.00e+00	2.73e-27	2.11e-22	3.99e-18	2.96e-14	1.38e-10	2.20e-06	2.95e-03	9.97e-01
 1.50390e+22	0.00e+00	0.00e+00	1.18e-32	3.80e-27	2.79e-22	5.05e-18	3.58e-14	1.59e-10	2.42e-06	3.10e-03	9.97e-01
 1.54311e+22	0.00e+00	0.00e+00	1.89e-32	5.74e-27	3.98e-22	6.78e-18	4.53e-14	1.90e-10	2.72e-06	3.29e-03	9.97e-01
 1.58606e+22	0.00e+00	0.00e+00	2.98e-32	8.55e-27	5.60e-22	9.03e-18	5.70e-14	2.26e-10	3.05e-06	3.48e-03	9.97e-01
 1.62721e+22	0.00e+00	0.00e+00	4.60e-32	1.25e-26	7.76e-22	1.19e-17	7.09e-14	2.66e-10	3.41e-06	3.68e-03	9.96e-01
 1.67406e+22	0.00e+00	0.00e+00	8.10e-32	2.05e-26	1.19e-21	1.69e-17	9.43e-14	3.30e-10	3.93e-06	3.95e-03	9.96e-01
 1.72063e+22	0.00e+00	0.00e+00	1.27e-31	3.04e-26	1.66e-21	2.24e-17	1.18e-13	3.90e-10	4.40e-06	4.18e-03	9.96e-01
 1.76682e+22	0.00e+00	0.00e+00	2.25e-31	5.01e-26	2.56e-21	3.20e-17	1.58e-13	4.85e-10	5.09e-06	4.49e-03	9.96e-01
 1.81217e+22	0.00e+00	0.00e+00	3.41e-31	7.23e-26	3.50e-21	4.16e-17	1.94e-13	5.68e-10	5.65e-06	4.73e-03	9.95e-01
 1.84837e+22	0.00e+00	0.00e+00	4.97e-31	1.01e-25	4.65e-21	5.28e-17	2.35e-13	6.56e-10	6.22e-06	4.96e-03	9.95e-01
 1.88210e+22	0.00e+00	0.00e+00	7.18e-31	1.39e-25	6.13e-21	6.64e-17	2.83e-13	7.54e-10	6.83e-06	5.20e-03	9.95e-01
 1.92072e+22	0.00e+00	0.00e+00	1.13e-30	2.06e-25	8.60e-21	8.81e-17	3.55e-13	8.95e-10	7.66e-06	5.51e-03	9.94e-01
 1.95997e+22	0.00e+00	0.00e+00	1.65e-30	2.88e-25	1.15e-20	1.12e-16	4.31e-13	1.04e-09	8.44e-06	5.78e-03	9.94e-01
 1.99419e+22	0.00e+00	0.00e+00	2.39e-30	3.98e-25	1.51e-20	1.41e-16	5.19e-13	1.19e-09	9.26e-06	6.05e-03	9.94e-01
 2.03283e+22	0.00e+00	0.00e+00	3.69e-30	5.84e-25	2.10e-20	1.86e-16	6.47e-13	1.41e-09	1.03e-05	6.40e-03	9.94e-01
 2.07327e+22	0.00e+00	0.00e+00	5.59e-30	8.39e-25	2.87e-20	2.41e-16	7.97e-13	1.65e-09	1.15e-05	6.74e-03	9.93e-01
 2.10818e+22	0.00e+00	0.00e+00	8.07e-30	1.16e-24	3.78e-20	3.04e-16	9.60e-13	1.89e-09	1.26e-05	7.06e-03	9.93e-01
 2.14571e+22	0.00e+00	0.00e+00	1.23e-29	1.68e-24	5.21e-20	3.97e-16	1.19e-12	2.23e-09	1.41e-05	7.45e-03	9.93e-01
 2.18228e+22	0.00e+00	0.00e+00	1.77e-29	2.31e-24	6.84e-20	4.98e-16	1.43e-12	2.55e-09	1.54e-05	7.80e-03	9.92e-01
 2.21118e+22	0.00e+00	0.00e+00	2.39e-29	3.00e-24	8.57e-20	6.01e-16	1.66e-12	2.86e-09	1.66e-05	8.10e-03	9.92e-01
 2.24232e+22	0.00e+00	0.00e+00	3.39e-29	4.08e-24	1.11e-19	7.49e-16	1.98e-12	3.27e-09	1.82e-05	8.47e-03	9.92e-01
 2.27635e+22	0.00e+00	0.00e+00	4.77e-29	5.49e-24	1.44e-19	9.30e-16	2.36e-12	3.73e-09	1.98e-05	8.85e-03	9.91e-01
 2.30773e+22	0.00e+00	0.00e+00	6.61e-29	7.32e-24	1.85e-19	1.14e-15	2.78e-12	4.23e-09	2.16e-05	9.22e-03	9.91e-01
 2.33728e+22	0.00e+00	0.00e+00	9.07e-29	9.66e-24	2.34e-19	1.39e-15	3.27e-12	4.77e-09	2.34e-05	9.60e-03	9.90e-01
 2.37085e+22	0.00e+00	0.00e+00	1.34e-28	1.36e-23	3.14e-19	1.78e-15	3.98e-12	5.53e-09	2.58e-05	1.01e-02	9.90e-01
 2.40535e+22	0.00e+00	0.00e+00	1.87e-28	1.83e-23	4.05e-19	2.20e-15	4.72e-12	6.29e-09	2.81e-05	1.05e-02	9.89e-01
 2.43594e+22	0.00e+00	0.00e+00	2.60e-28	2.43e-23	5.18e-19	2.70e-15	5.56e-12	7.12e-09	3.05e-05	1.10e-02	9.89e-01
 2.46375e+22	0.00e+00	0.00e+00	3.46e-28	3.13e-23	6.43e-19	3.24e-15	6.43e-12	7.95e-09	3.28e-05	1.14e-02	9.89e-01
 2.48898e+22	0.00e+00	0.00e+00	4.48e-28	3.92e-23	7.81e-19	3.81e-15	7.34e-12	8.78e-09	3.51e-05	1.18e-02	9.88e-01
 2.51771e+22	0.00e+00	0.00e+00	6.12e-28	5.15e-23	9.88e-19	4.64e-15	8.59e-12	9.89e-09	3.80e-05	1.22e-02	9.88e-01
 2.54872e+22	0.00e+00	1.44e-33	8.43e-28	6.82e-23	1.26e-18	5.67e-15	1.01e-11	1.12e-08	4.12e-05	1.27e-02	9.87e-01
 2.57674e+22	0.00e+00	1.99e-33	1.13e-27	8.81e-23	1.57e-18	6.81e-15	1.17e-11	1.25e-08	4.44e-05	1.32e-02	9.87e-01
 2.60723e+22	0.00e+00	2.93e-33	1.59e-27	1.19e-22	2.03e-18	8.45e-15	1.39e-11	1.42e-08	4.85e-05	1.38e-02	9.86e-01
 2.63829e+22	0.00e+00	4.18e-33	2.18e-27	1.57e-22	2.57e-18	1.03e-14	1.64e-11	1.61e-08	5.25e-05	1.44e-02	9.86e-01
 2.66440e+22	0.00e+00	5.67e-33	2.86e-27	1.99e-22	3.16e-18	1.22e-14	1.88e-11	1.78e-08	5.63e-05	1.49e-02	9.85e-01
 2.69261e+22	0.00e+00	8.06e-33	3.91e-27	2.62e-22	4.00e-18	1.49e-14	2.20e-11	2.01e-08	6.10e-05	1.55e-02	9.84e-01
 2.72302e+22	0.00e+00	1.15e-32	5.38e-27	3.47e-22	5.08e-18	1.82e-14	2.59e-11	2.27e-08	6.62e-05	1.61e-02	9.84e-01
 2.75060e+22	0.00e+00	1.58e-32	7.12e-27	4.43e-22	6.28e-18	2.17e-14	2.98e-11	2.53e-08	7.11e-05	1.67e-02	9.83e-01
 2.77562e+22	0.00e+00	2.11e-32	9.23e-27	5.57e-22	7.64e-18	2.56e-14	3.40e-11	2.79e-08	7.59e-05	1.72e-02	9.83e-01
 2.79931e+22	0.00e+00	2.78e-32	1.18e-26	6.90e-22	9.19e-18	2.99e-14	3.85e-11	3.07e-08	8.09e-05	1.78e-02	9.82e-01
 2.82645e+22	0.00e+00	3.86e-32	1.58e-26	8.93e-22	1.15e-17	3.60e-14	4.47e-11	3.44e-08	8.72e-05	1.85e-02	9.81e-01
 2.85541e+22	0.00e+00	5.40e-32	2.13e-26	1.16e-21	1.43e-17	4.34e-14	5.20e-11	3.85e-08	9.40e-05	1.92e-02	9.81e-01
 2.88111e+22	0.00e+00	7.29e-32	2.78e-26	1.47e-21	1.76e-17	5.14e-14	5.96e-11	4.27e-08	1.01e-04	1.98e-02	9.80e-01
 2.90892e+22	0.00e+00	1.03e-31	3.79e-26	1.93e-21	2.22e-17	6.25e-14	6.98e-11	4.81e-08	1.09e-04	2.06e-02	9.79e-01
 2.93728e+22	0.00e+00	1.42e-31	5.06e-26	2.48e-21	2.76e-17	7.50e-14	8.08e-11	5.37e-08	1.17e-04	2.14e-02	9.78e-01
 2.96121e+22	0.00e+00	1.88e-31	6.49e-26	3.08e-21	3.32e-17	8.77e-14	9.17e-11	5.91e-08	1.25e-04	2.21e-02	9.78e-01
 2.98717e+22	0.00e+00	2.60e-31	8.65e-26	3.97e-21	4.13e-17	1.05e-13	1.06e-10	6.60e-08	1.35e-04	2.29e-02	9.77e-01
 3.01514e+22	0.00e+00	3.60e-31	1.16e-25	5.12e-21	5.14e-17	1.26e-13	1.23e-10	7.38e-08	1.45e-04	2.37e-02	9.76e-01
 3.04058e+22	0.00e+00	4.82e-31	1.50e-25	6.43e-21	6.25e-17	1.49e-13	1.40e-10	8.15e-08	1.55e-04	2.45e-02	9.75e-01
 3.06407e+22	0.00e+00	6.37e-31	1.92e-25	7.99e-21	7.54e-17	1.74e-13	1.59e-10	8.96e-08	1.65e-04	2.53e-02	9.75e-01
 3.08674e+22	0.00e+00	8.29e-31	2.43e-25	9.81e-21	9.00e-17	2.02e-13	1.79e-10	9.81e-08	1.75e-04	2.61e-02	9.74e-01
 3.11279e+22	0.00e+00	1.14e-30	3.23e-25	1.26e-20	1.12e-16	2.42e-13	2.07e-10	1.09e-07	1.89e-04	2.70e-02	9.73e-01
 3.14048e+22	0.00e+00	1.57e-30	4.29e-25	1.62e-20	1.38e-16	2.89e-13	2.40e-10	1.22e-07	2.03e-04	2.80e-02	9.72e-01
 3.16516e+22	0.00e+00	2.11e-30	5.58e-25	2.04e-20	1.69e-16	3.42e-13	2.74e-10	1.35e-07	2.17e-04	2.90e-02	9.71e-01
 3.19209e+22	0.00e+00	2.96e-30	7.53e-25	2.65e-20	2.12e-16	4.13e-13	3.19e-10	1.52e-07	2.35e-04	3.01e-02	9.70e-01
 3.21975e+22	0.00e+00	4.07e-30	1.00e-24	3.40e-20	2.62e-16	4.95e-13	3.69e-10	1.69e-07	2.52e-04	3.12e-02	9.69e-01
 3.24287e+22	0.00e+00	5.34e-30	1.27e-24	4.20e-20	3.15e-16	5.76e-13	4.17e-10	1.85e-07	2.68e-04	3.22e-02	9.68e-01
 3.26744e+22	0.00e+00	7.28e-30	1.68e-24	5.36e-20	3.88e-16	6.86e-13	4.81e-10	2.06e-07	2.88e-04	3.33e-02	9.66e-01
 3.29391e+22	0.00e+00	9.95e-30	2.22e-24	6.84e-20	4.78e-16	8.18e-13	5.53e-10	2.29e-07	3.09e-04	3.45e-02	9.65e-01
 3.31815e+22	0.00e+00	1.32e-29	2.85e-24	8.53e-20	5.78e-16	9.59e-13	6.29e-10	2.53e-07	3.30e-04	3.56e-02	9.64e-01
 3.34496e+22	0.00e+00	1.86e-29	3.87e-24	1.11e-19	7.28e-16	1.16e-12	7.35e-10	2.84e-07	3.56e-04	3.70e-02	9.63e-01
 3.37317e+22	0.00e+00	2.61e-29	5.24e-24	1.45e-19	9.15e-16	1.41e-12	8.57e-10	3.19e-07	3.85e-04	3.84e-02	9.61e-01
 3.39679e+22	0.00e+00	3.42e-29	6.65e-24	1.79e-19	1.09e-15	1.64e-12	9.67e-10	3.49e-07	4.09e-04	3.96e-02	9.60e-01
 3.42107e+22	0.00e+00	4.71e-29	8.84e-24	2.30e-19	1.36e-15	1.96e-12	1.12e-09	3.90e-07	4.40e-04	4.10e-02	9.59e-01
 3.44694e+22	0.00e+00	6.48e-29	1.17e-23	2.95e-19	1.68e-15	2.34e-12	1.29e-09	4.34e-07	4.72e-04	4.25e-02	9.57e-01
 3.47035e+22	0.00e+00	8.52e-29	1.50e-23	3.65e-19	2.02e-15	2.73e-12	1.46e-09	4.76e-07	5.03e-04	4.38e-02	9.56e-01
 3.49625e+22	0.00e+00	1.21e-28	2.04e-23	4.79e-19	2.55e-15	3.32e-12	1.71e-09	5.36e-07	5.44e-04	4.55e-02	9.54e-01
 3.52256e+22	0.00e+00	1.65e-28	2.70e-23	6.11e-19	3.15e-15	3.96e-12	1.97e-09	5.95e-07	5.83e-04	4.71e-02	9.52e-01
 3.54461e+22	0.00e+00	2.17e-28	3.44e-23	7.56e-19	3.78e-15	4.62e-12	2.22e-09	6.52e-07	6.20e-04	4.85e-02	9.51e-01
 3.56848e+22	0.00e+00	3.04e-28	4.64e-23	9.83e-19	4.73e-15	5.57e-12	2.58e-09	7.30e-07	6.69e-04	5.03e-02	9.49e-01
 3.59346e+22	0.00e+00	4.11e-28	6.05e-23	1.24e-18	5.78e-15	6.59e-12	2.96e-09	8.08e-07	7.15e-04	5.20e-02	9.47e-01
 3.61629e+22	0.00e+00	5.53e-28	7.88e-23	1.56e-18	7.06e-15	7.79e-12	3.38e-09	8.92e-07	7.64e-04	5.36e-02	9.46e-01
 3.64237e+22	3.89e-34	8.14e-28	1.11e-22	2.11e-18	9.14e-15	9.66e-12	4.01e-09	1.01e-06	8.32e-04	5.59e-02	9.43e-01
 3.66858e+22	5.47e-34	1.10e-27	1.46e-22	2.68e-18	1.12e-14	1.15e-11	4.60e-09	1.12e-06	8.91e-04	5.78e-02	9.41e-01
 3.69076e+22	7.64e-34	1.49e-27	1.90e-22	3.38e-18	1.37e-14	1.35e-11	5.25e-09	1.24e-06	9.51e-04	5.97e-02	9.39e-01
 3.71186e+22	1.06e-33	2.00e-27	2.46e-22	4.24e-18	1.66e-14	1.59e-11	5.97e-09	1.36e-06	1.01e-03	6.15e-02	9.37e-01
 3.73574e+22	1.57e-33	2.84e-27	3.37e-22	5.58e-18	2.10e-14	1.94e-11	6.99e-09	1.53e-06	1.09e-03	6.39e-02	9.35e-01
 3.76054e+22	2.23e-33	3.90e-27	4.46e-22	7.12e-18	2.59e-14	2.31e-11	8.03e-09	1.70e-06	1.17e-03	6.60e-02	9.33e-01
 3.78279e+22	3.19e-33	5.36e-27	5.91e-22	9.12e-18	3.21e-14	2.76e-11	9.25e-09	1.89e-06	1.26e-03	6.83e-02	9.30e-01
 3.80443e+22	4.50e-33	7.30e-27	7.77e-22	1.16e-17	3.94e-14	3.27e-11	1.06e-08	2.09e-06	1.34e-03	7.05e-02	9.28e-01
 3.82522e+22	6.23e-33	9.77e-27	1.01e-21	1.45e-17	4.78e-14	3.85e-11	1.20e-08	2.29e-06	1.43e-03	7.26e-02	9.26e-01
 3.84842e+22	9.45e-33	1.42e-26	1.40e-21	1.94e-17	6.12e-14	4.73e-11	1.42e-08	2.59e-06	1.55e-03	7.55e-02	9.23e-01
 3.87191e+22	1.34e-32	1.93e-26	1.84e-21	2.46e-17	7.52e-14	5.61e-11	1.62e-08	2.86e-06	1.65e-03	7.79e-02	9.20e-01
 3.89240e+22	1.89e-32	2.64e-26	2.42e-21	3.13e-17	9.24e-14	6.66e-11	1.86e-08	3.16e-06	1.77e-03	8.04e-02	9.18e-01
 3.91265e+22	2.65e-32	3.57e-26	3.17e-21	3.95e-17	1.13e-13	7.87e-11	2.12e-08	3.48e-06	1.88e-03	8.29e-02	9.15e-01
 3.93592e+22	4.06e-32	5.23e-26	4.44e-21	5.31e-17	1.45e-13	9.73e-11	2.51e-08	3.94e-06	2.04e-03	8.61e-02	9.12e-01
 3.95907e+22	5.85e-32	7.25e-26	5.93e-21	6.84e-17	1.81e-13	1.16e-10	2.89e-08	4.37e-06	2.19e-03	8.89e-02	9.09e-01
 3.97823e+22	8.08e-32	9.68e-26	7.66e-21	8.55e-17	2.19e-13	1.37e-10	3.28e-08	4.79e-06	2.32e-03	9.15e-02	9.06e-01
 3.99933e+22	1.21e-31	1.39e-25	1.06e-20	1.13e-16	2.78e-13	1.67e-10	3.83e-08	5.37e-06	2.50e-03	9.49e-02	9.03e-01
 4.02125e+22	1.74e-31	1.93e-25	1.41e-20	1.45e-16	3.45e-13	2.00e-10	4.42e-08	5.96e-06	2.68e-03	9.79e-02	8.99e-01
 4.04083e+22	2.45e-31	2.61e-25	1.84e-20	1.84e-16	4.22e-13	2.36e-10	5.04e-08	6.56e-06	2.85e-03	1.01e-01	8.96e-01
 4.06288e+22	3.79e-31	3.86e-25	2.60e-20	2.49e-16	5.46e-13	2.93e-10	5.97e-08	7.42e-06	3.09e-03	1.05e-01	8.92e-01
 4.08473e+22	5.45e-31	5.34e-25	3.47e-20	3.19e-16	6.77e-13	3.50e-10	6.86e-08	8.22e-06	3.31e-03	1.08e-01	8.89e-01
 4.10306e+22	7.54e-31	7.14e-25	4.49e-20	4.00e-16	8.21e-13	4.10e-10	7.78e-08	9.01e-06	3.51e-03	1.11e-01	8.85e-01
 4.12360e+22	1.15e-30	1.04e-24	6.26e-20	5.35e-16	1.05e-12	5.05e-10	9.15e-08	1.01e-05	3.79e-03	1.15e-01	8.81e-01
 4.14458e+22	1.62e-30	1.41e-24	8.21e-20	6.77e-16	1.29e-12	5.98e-10	1.04e-07	1.12e-05	4.03e-03	1.19e-01	8.77e-01
 4.16614e+22	2.52e-30	2.11e-24	1.17e-19	9.21e-16	1.68e-12	7.44e-10	1.24e-07	1.26e-05	4.37e-03	1.23e-01	8.73e-01
 4.18781e+22	3.69e-30	2.96e-24	1.58e-19	1.20e-15	2.10e-12	8.96e-10	1.43e-07	1.40e-05	4.68e-03	1.27e-01	8.68e-01
 4.20630e+22	5.25e-30	4.05e-24	2.08e-19	1.53e-15	2.59e-12	1.07e-09	1.64e-07	1.55e-05	4.98e-03	1.31e-01	8.64e-01
 4.22701e+22	8.16e-30	6.02e-24	2.95e-19	2.07e-15	3.36e-12	1.32e-09	1.94e-07	1.75e-05	5.39e-03	1.36e-01	8.59e-01
 4.24801e+22	1.17e-29	8.28e-24	3.91e-19	2.65e-15	4.15e-12	1.58e-09	2.23e-07	1.93e-05	5.75e-03	1.40e-01	8.55e-01
 4.26936e+22	1.82e-29	1.23e-23	5.57e-19	3.60e-15	5.40e-12	1.96e-09	2.65e-07	2.19e-05	6.22e-03	1.45e-01	8.49e-01
 4.29125e+22	2.67e-29	1.74e-23	7.55e-19	4.69e-15	6.78e-12	2.37e-09	3.07e-07	2.43e-05	6.66e-03	1.49e-01	8.44e-01
 4.31065e+22	3.97e-29	2.48e-23	1.03e-18	6.16e-15	8.56e-12	2.87e-09	3.56e-07	2.71e-05	7.14e-03	1.54e-01	8.39e-01
 4.33271e+22	6.47e-29	3.84e-23	1.52e-18	8.62e-15	1.14e-11	3.65e-09	4.29e-07	3.10e-05	7.77e-03	1.60e-01	8.32e-01
 4.35386e+22	9.15e-29	5.23e-23	2.00e-18	1.10e-14	1.40e-11	4.32e-09	4.90e-07	3.41e-05	8.26e-03	1.64e-01	8.27e-01
 4.37385e+22	1.48e-28	8.04e-23	2.92e-18	1.52e-14	1.86e-11	5.46e-09	5.87e-07	3.88e-05	8.97e-03	1.71e-01	8.20e-01
 4.39354e+22	2.07e-28	1.09e-22	3.81e-18	1.92e-14	2.27e-11	6.44e-09	6.67e-07	4.26e-05	9.51e-03	1.75e-01	8.15e-01
 4.40970e+22	2.83e-28	1.44e-22	4.87e-18	2.38e-14	2.73e-11	7.51e-09	7.52e-07	4.64e-05	1.00e-02	1.79e-01	8.11e-01
 4.42755e+22	4.34e-28	2.11e-22	6.83e-18	3.20e-14	3.50e-11	9.24e-09	8.83e-07	5.20e-05	1.08e-02	1.85e-01	8.04e-01
 4.44396e+22	5.80e-28	2.73e-22	8.59e-18	3.90e-14	4.16e-11	1.06e-08	9.84e-07	5.62e-05	1.13e-02	1.89e-01	7.99e-01
 4.45645e+22	7.63e-28	3.49e-22	1.07e-17	4.71e-14	4.88e-11	1.22e-08	1.09e-06	6.05e-05	1.19e-02	1.93e-01	7.95e-01
 4.47065e+22	1.05e-27	4.64e-22	1.37e-17	5.86e-14	5.89e-11	1.42e-08	1.23e-06	6.59e-05	1.25e-02	1.98e-01	7.90e-01
 4.48515e+22	1.39e-27	5.99e-22	1.71e-17	7.12e-14	6.96e-11	1.63e-08	1.37e-06	7.11e-05	1.31e-02	2.02e-01	7.85e-01
 4.49763e+22	1.82e-27	7.61e-22	2.12e-17	8.57e-14	8.15e-11	1.86e-08	1.51e-06	7.63e-05	1.37e-02	2.06e-01	7.81e-01
 4.50966e+22	2.39e-27	9.72e-22	2.63e-17	1.03e-13	9.56e-11	2.12e-08	1.68e-06	8.21e-05	1.44e-02	2.10e-01	7.76e-01
 4.52112e+22	3.06e-27	1.21e-21	3.19e-17	1.22e-13	1.10e-10	2.38e-08	1.84e-06	8.76e-05	1.50e-02	2.13e-01	7.72e-01
 4.53365e+22	4.15e-27	1.59e-21	4.06e-17	1.51e-13	1.32e-10	2.76e-08	2.06e-06	9.49e-05	1.57e-02	2.18e-01	7.66e-01
 4.54648e+22	5.37e-27	2.01e-21	4.98e-17	1.80e-13	1.54e-10	3.13e-08	2.27e-06	1.02e-04	1.64e-02	2.22e-01	7.62e-01
 4.55784e+22	6.95e-27	2.53e-21	6.10e-17	2.15e-13	1.79e-10	3.55e-08	2.49e-06	1.09e-04	1.71e-02	2.26e-01	7.57e-01
 4.57077e+22	9.86e-27	3.45e-21	8.03e-17	2.73e-13	2.19e-10	4.20e-08	2.84e-06	1.19e-04	1.81e-02	2.31e-01	7.50e-01
 4.58346e+22	1.27e-26	4.32e-21	9.79e-17	3.24e-13	2.54e-10	4.74e-08	3.12e-06	1.27e-04	1.89e-02	2.35e-01	7.46e-01
 4.59383e+22	1.63e-26	5.42e-21	1.19e-16	3.85e-13	2.94e-10	5.35e-08	3.42e-06	1.36e-04	1.96e-02	2.39e-01	7.41e-01
 4.60364e+22	2.07e-26	6.70e-21	1.44e-16	4.53e-13	3.38e-10	6.00e-08	3.73e-06	1.44e-04	2.04e-02	2.43e-01	7.36e-01
 4.61471e+22	2.77e-26	8.71e-21	1.81e-16	5.53e-13	4.01e-10	6.91e-08	4.16e-06	1.56e-04	2.14e-02	2.48e-01	7.31e-01
 4.62609e+22	3.62e-26	1.11e-20	2.24e-16	6.64e-13	4.68e-10	7.85e-08	4.58e-06	1.67e-04	2.23e-02	2.52e-01	7.26e-01
 4.63599e+22	4.60e-26	1.37e-20	2.70e-16	7.82e-13	5.38e-10	8.80e-08	5.00e-06	1.77e-04	2.32e-02	2.56e-01	7.21e-01
 4.64697e+22	6.26e-26	1.81e-20	3.45e-16	9.65e-13	6.44e-10	1.02e-07	5.60e-06	1.92e-04	2.43e-02	2.61e-01	7.14e-01
 4.65822e+22	8.23e-26	2.31e-20	4.27e-16	1.16e-12	7.55e-10	1.16e-07	6.19e-06	2.06e-04	2.54e-02	2.66e-01	7.09e-01
 4.66809e+22	1.06e-25	2.89e-20	5.21e-16	1.38e-12	8.74e-10	1.31e-07	6.79e-06	2.20e-04	2.64e-02	2.70e-01	7.04e-01
 4.67921e+22	1.48e-25	3.91e-20	6.78e-16	1.74e-12	1.06e-09	1.54e-07	7.67e-06	2.39e-04	2.78e-02	2.75e-01	6.97e-01
 4.69045e+22	1.94e-25	4.98e-20	8.40e-16	2.09e-12	1.24e-09	1.75e-07	8.47e-06	2.56e-04	2.90e-02	2.80e-01	6.91e-01
 4.70006e+22	2.48e-25	6.21e-20	1.02e-15	2.47e-12	1.43e-09	1.97e-07	9.26e-06	2.73e-04	3.01e-02	2.84e-01	6.85e-01
 4.71073e+22	3.56e-25	8.55e-20	1.35e-15	3.15e-12	1.76e-09	2.34e-07	1.05e-05	2.98e-04	3.18e-02	2.90e-01	6.78e-01
 4.72121e+22	4.51e-25	1.06e-19	1.63e-15	3.70e-12	2.02e-09	2.62e-07	1.15e-05	3.17e-04	3.30e-02	2.94e-01	6.72e-01
 4.73144e+22	6.38e-25	1.44e-19	2.14e-15	4.68e-12	2.47e-09	3.09e-07	1.30e-05	3.45e-04	3.47e-02	3.00e-01	6.65e-01
 4.74149e+22	8.02e-25	1.77e-19	2.56e-15	5.47e-12	2.82e-09	3.44e-07	1.42e-05	3.66e-04	3.60e-02	3.04e-01	6.59e-01
 4.75130e+22	1.14e-24	2.43e-19	3.37e-15	6.93e-12	3.45e-09	4.07e-07	1.61e-05	3.99e-04	3.79e-02	3.10e-01	6.51e-01
 4.76105e+22	1.44e-24	3.00e-19	4.05e-15	8.13e-12	3.96e-09	4.55e-07	1.75e-05	4.24e-04	3.93e-02	3.14e-01	6.46e-01
 4.77072e+22	2.05e-24	4.10e-19	5.33e-15	1.03e-11	4.84e-09	5.37e-07	1.99e-05	4.62e-04	4.14e-02	3.21e-01	6.38e-01
 4.78048e+22	2.63e-24	5.14e-19	6.50e-15	1.22e-11	5.60e-09	6.06e-07	2.18e-05	4.93e-04	4.30e-02	3.25e-01	6.31e-01
 4.79034e+22	3.78e-24	7.10e-19	8.63e-15	1.56e-11	6.90e-09	7.19e-07	2.48e-05	5.39e-04	4.53e-02	3.31e-01	6.23e-01
 4.80030e+22	4.92e-24	8.99e-19	1.06e-14	1.86e-11	8.03e-09	8.15e-07	2.73e-05	5.76e-04	4.71e-02	3.36e-01	6.16e-01
 4.81038e+22	7.04e-24	1.24e-18	1.41e-14	2.37e-11	9.87e-09	9.67e-07	3.11e-05	6.30e-04	4.97e-02	3.42e-01	6.07e-01
 4.82037e+22	9.20e-24	1.58e-18	1.73e-14	2.85e-11	1.15e-08	1.10e-06	3.43e-05	6.73e-04	5.17e-02	3.47e-01	6.00e-01
 4.83024e+22	1.31e-23	2.17e-18	2.29e-14	3.62e-11	1.42e-08	1.30e-06	3.91e-05	7.36e-04	5.45e-02	3.54e-01	5.91e-01
 4.84026e+22	1.74e-23	2.79e-18	2.86e-14	4.38e-11	1.67e-08	1.49e-06	4.34e-05	7.90e-04	5.69e-02	3.59e-01	5.84e-01
 4.85048e+22	2.52e-23	3.89e-18	3.83e-14	5.63e-11	2.06e-08	1.78e-06	4.97e-05	8.67e-04	6.01e-02	3.65e-01	5.74e-01
 4.86082e+22	3.36e-23	5.04e-18	4.80e-14	6.84e-11	2.44e-08	2.05e-06	5.53e-05	9.33e-04	6.27e-02	3.71e-01	5.66e-01
 4.87130e+22	4.91e-23	7.07e-18	6.46e-14	8.84e-11	3.04e-08	2.46e-06	6.36e-05	1.03e-03	6.63e-02	3.77e-01	5.55e-01
 4.88184e+22	6.55e-23	9.15e-18	8.10e-14	1.07e-10	3.59e-08	2.82e-06	7.08e-05	1.10e-03	6.92e-02	3.83e-01	5.47e-01
 4.89094e+22	8.68e-23	1.18e-17	1.01e-13	1.30e-10	4.23e-08	3.24e-06	7.87e-05	1.19e-03	7.22e-02	3.88e-01	5.39e-01
 4.90125e+22	1.24e-22	1.63e-17	1.34e-13	1.66e-10	5.21e-08	3.85e-06	9.01e-05	1.30e-03	7.62e-02	3.94e-01	5.28e-01
 4.91164e+22	1.64e-22	2.09e-17	1.67e-13	2.01e-10	6.14e-08	4.42e-06	1.00e-04	1.40e-03	7.94e-02	3.99e-01	5.20e-01
 4.92214e+22	2.36e-22	2.89e-17	2.22e-13	2.57e-10	7.58e-08	5.28e-06	1.15e-04	1.54e-03	8.38e-02	4.05e-01	5.09e-01
 4.93265e+22	3.07e-22	3.66e-17	2.74e-13	3.07e-10	8.85e-08	6.01e-06	1.27e-04	1.64e-03	8.71e-02	4.10e-01	5.01e-01
 4.94320e+22	4.36e-22	5.03e-17	3.62e-13	3.91e-10	1.09e-07	7.15e-06	1.45e-04	1.80e-03	9.19e-02	4.16e-01	4.90e-01
 4.95393e+22	5.67e-22	6.37e-17	4.45e-13	4.67e-10	1.27e-07	8.14e-06	1.61e-04	1.93e-03	9.55e-02	4.21e-01	4.82e-01
 4.96492e+22	7.97e-22	8.65e-17	5.83e-13	5.90e-10	1.56e-07	9.65e-06	1.84e-04	2.11e-03	1.01e-01	4.26e-01	4.71e-01
 4.97627e+22	1.05e-21	1.11e-16	7.26e-13	7.14e-10	1.84e-07	1.11e-05	2.04e-04	2.27e-03	1.05e-01	4.31e-01	4.62e-01
 4.98809e+22	1.49e-21	1.52e-16	9.59e-13	9.08e-10	2.26e-07	1.32e-05	2.34e-04	2.50e-03	1.10e-01	4.37e-01	4.50e-01
 5.00006e+22	1.95e-21	1.94e-16	1.19e-12	1.09e-09	2.65e-07	1.51e-05	2.61e-04	2.68e-03	1.15e-01	4.41e-01	4.41e-01
 5.01224e+22	2.74e-21	2.64e-16	1.56e-12	1.38e-09	3.26e-07	1.80e-05	2.98e-04	2.94e-03	1.21e-01	4.46e-01	4.29e-01
 5.02450e+22	3.55e-21	3.33e-16	1.92e-12	1.65e-09	3.81e-07	2.05e-05	3.31e-04	3.15e-03	1.26e-01	4.50e-01	4.20e-01
 5.03686e+22	4.92e-21	4.48e-16	2.49e-12	2.08e-09	4.64e-07	2.43e-05	3.77e-04	3.45e-03	1.32e-01	4.55e-01	4.09e-01
 5.04954e+22	6.37e-21	5.66e-16	3.06e-12	2.49e-09	5.42e-07	2.77e-05	4.18e-04	3.70e-03	1.37e-01	4.58e-01	4.00e-01
 5.06055e+22	8.07e-21	7.01e-16	3.70e-12	2.93e-09	6.26e-07	3.13e-05	4.60e-04	3.94e-03	1.42e-01	4.62e-01	3.92e-01
 5.07278e+22	1.09e-20	9.20e-16	4.71e-12	3.62e-09	7.52e-07	3.65e-05	5.19e-04	4.28e-03	1.49e-01	4.65e-01	3.81e-01
 5.08513e+22	1.37e-20	1.13e-15	5.68e-12	4.25e-09	8.66e-07	4.11e-05	5.70e-04	4.56e-03	1.54e-01	4.68e-01	3.73e-01
 5.09765e+22	1.84e-20	1.48e-15	7.20e-12	5.23e-09	1.04e-06	4.79e-05	6.42e-04	4.94e-03	1.61e-01	4.71e-01	3.62e-01
 5.11039e+22	2.32e-20	1.82e-15	8.66e-12	6.14e-09	1.19e-06	5.39e-05	7.05e-04	5.26e-03	1.67e-01	4.74e-01	3.54e-01
 5.12156e+22	2.88e-20	2.22e-15	1.03e-11	7.16e-09	1.36e-06	6.04e-05	7.71e-04	5.59e-03	1.72e-01	4.76e-01	3.46e-01
 5.13420e+22	3.81e-20	2.86e-15	1.29e-11	8.71e-09	1.62e-06	6.98e-05	8.64e-04	6.04e-03	1.79e-01	4.78e-01	3.35e-01
 5.14691e+22	4.71e-20	3.48e-15	1.54e-11	1.01e-08	1.84e-06	7.80e-05	9.42e-04	6.40e-03	1.85e-01	4.80e-01	3.28e-01
 5.15971e+22	6.21e-20	4.47e-15	1.92e-11	1.23e-08	2.19e-06	9.02e-05	1.06e-03	6.91e-03	1.92e-01	4.82e-01	3.18e-01
 5.17263e+22	7.60e-20	5.37e-15	2.27e-11	1.42e-08	2.48e-06	1.00e-04	1.15e-03	7.30e-03	1.98e-01	4.83e-01	3.10e-01
 5.18570e+22	9.95e-20	6.87e-15	2.82e-11	1.72e-08	2.93e-06	1.15e-04	1.28e-03	7.87e-03	2.06e-01	4.85e-01	3.00e-01
 5.19903e+22	1.22e-19	8.27e-15	3.33e-11	1.99e-08	3.32e-06	1.28e-04	1.39e-03	8.33e-03	2.12e-01	4.85e-01	2.93e-01
 5.21269e+22	1.60e-19	1.06e-14	4.16e-11	2.41e-08	3.93e-06	1.48e-04	1.56e-03	8.97e-03	2.20e-01	4.86e-01	2.83e-01
 5.22660e+22	1.97e-19	1.28e-14	4.92e-11	2.79e-08	4.47e-06	1.65e-04	1.69e-03	9.49e-03	2.27e-01	4.87e-01	2.76e-01
 5.24085e+22	2.58e-19	1.63e-14	6.13e-11	3.38e-08	5.29e-06	1.90e-04	1.90e-03	1.02e-02	2.35e-01	4.87e-01	2.66e-01
 5.25477e+22	3.10e-19	1.93e-14	7.12e-11	3.85e-08	5.92e-06	2.09e-04	2.04e-03	1.07e-02	2.41e-01	4.87e-01	2.59e-01
 5.26827e+22	3.98e-19	2.43e-14	8.75e-11	4.61e-08	6.93e-06	2.39e-04	2.27e-03	1.15e-02	2.50e-01	4.86e-01	2.50e-01
 5.28197e+22	4.79e-19	2.88e-14	1.02e-10	5.25e-08	7.76e-06	2.63e-04	2.44e-03	1.21e-02	2.56e-01	4.86e-01	2.44e-01
 5.29593e+22	6.12e-19	3.60e-14	1.24e-10	6.26e-08	9.04e-06	2.99e-04	2.70e-03	1.29e-02	2.64e-01	4.85e-01	2.35e-01
 5.31032e+22	7.47e-19	4.32e-14	1.46e-10	7.22e-08	1.02e-05	3.31e-04	2.92e-03	1.37e-02	2.71e-01	4.84e-01	2.28e-01
 5.32527e+22	9.57e-19	5.41e-14	1.79e-10	8.61e-08	1.19e-05	3.77e-04	3.23e-03	1.46e-02	2.80e-01	4.82e-01	2.20e-01
 5.34069e+22	1.18e-18	6.55e-14	2.13e-10	1.00e-07	1.36e-05	4.20e-04	3.52e-03	1.54e-02	2.87e-01	4.81e-01	2.13e-01
 5.35673e+22	1.53e-18	8.29e-14	2.62e-10	1.20e-07	1.59e-05	4.80e-04	3.90e-03	1.65e-02	2.97e-01	4.78e-01	2.04e-01
 5.37319e+22	1.89e-18	1.01e-13	3.13e-10	1.40e-07	1.82e-05	5.36e-04	4.25e-03	1.75e-02	3.04e-01	4.76e-01	1.97e-01
 5.39019e+22	2.46e-18	1.28e-13	3.88e-10	1.69e-07	2.14e-05	6.14e-04	4.72e-03	1.87e-02	3.14e-01	4.73e-01	1.89e-01
 5.40772e+22	3.08e-18	1.57e-13	4.66e-10	1.98e-07	2.45e-05	6.89e-04	5.15e-03	1.98e-02	3.22e-01	4.70e-01	1.82e-01
 5.42595e+22	4.05e-18	2.02e-13	5.83e-10	2.41e-07	2.90e-05	7.92e-04	5.74e-03	2.12e-02	3.33e-01	4.66e-01	1.73e-01
 5.44480e+22	5.12e-18	2.50e-13	7.06e-10	2.84e-07	3.35e-05	8.93e-04	6.29e-03	2.25e-02	3.42e-01	4.63e-01	1.66e-01
 5.46188e+22	6.42e-18	3.08e-13	8.49e-10	3.34e-07	3.85e-05	1.00e-03	6.87e-03	2.39e-02	3.50e-01	4.59e-01	1.59e-01
 5.48148e+22	8.54e-18	3.99e-13	1.07e-09	4.08e-07	4.58e-05	1.16e-03	7.67e-03	2.56e-02	3.61e-01	4.54e-01	1.51e-01
 5.50146e+22	1.08e-17	4.95e-13	1.30e-09	4.83e-07	5.29e-05	1.30e-03	8.40e-03	2.72e-02	3.70e-01	4.49e-01	1.45e-01
 5.52195e+22	1.45e-17	6.46e-13	1.65e-09	5.94e-07	6.32e-05	1.51e-03	9.39e-03	2.92e-02	3.81e-01	4.43e-01	1.36e-01
 5.54270e+22	1.83e-17	8.03e-13	2.00e-09	7.03e-07	7.31e-05	1.70e-03	1.03e-02	3.09e-02	3.90e-01	4.37e-01	1.30e-01
 5.56382e+22	2.47e-17	1.05e-12	2.55e-09	8.68e-07	8.77e-05	1.98e-03	1.15e-02	3.32e-02	4.01e-01	4.30e-01	1.22e-01
 5.58515e+22	3.12e-17	1.31e-12	3.10e-09	1.03e-06	1.01e-04	2.23e-03	1.26e-02	3.52e-02	4.10e-01	4.23e-01	1.16e-01
 5.60678e+22	4.20e-17	1.72e-12	3.96e-09	1.27e-06	1.22e-04	2.60e-03	1.42e-02	3.79e-02	4.22e-01	4.15e-01	1.09e-01
 5.62852e+22	5.29e-17	2.12e-12	4.79e-09	1.50e-06	1.41e-04	2.93e-03	1.55e-02	4.01e-02	4.30e-01	4.08e-01	1.03e-01
 5.64670e+22	6.50e-17	2.56e-12	5.68e-09	1.74e-06	1.60e-04	3.25e-03	1.68e-02	4.21e-02	4.38e-01	4.02e-01	9.80e-02
 5.66663e+22	8.46e-17	3.27e-12	7.09e-09	2.11e-06	1.89e-04	3.75e-03	1.87e-02	4.50e-02	4.48e-01	3.92e-01	9.15e-02
 5.68629e+22	1.03e-16	3.91e-12	8.34e-09	2.43e-06	2.14e-04	4.15e-03	2.02e-02	4.72e-02	4.55e-01	3.86e-01	8.70e-02
 5.70557e+22	1.31e-16	4.92e-12	1.03e-08	2.92e-06	2.51e-04	4.74e-03	2.24e-02	5.03e-02	4.65e-01	3.76e-01	8.12e-02
 5.72518e+22	1.59e-16	5.89e-12	1.21e-08	3.37e-06	2.84e-04	5.26e-03	2.42e-02	5.28e-02	4.72e-01	3.69e-01	7.69e-02
 5.74522e+22	2.04e-16	7.41e-12	1.49e-08	4.06e-06	3.35e-04	6.04e-03	2.69e-02	5.63e-02	4.81e-01	3.58e-01	7.13e-02
 5.76550e+22	2.46e-16	8.87e-12	1.76e-08	4.68e-06	3.79e-04	6.70e-03	2.91e-02	5.91e-02	4.87e-01	3.50e-01	6.72e-02
 5.78609e+22	3.13e-16	1.11e-11	2.17e-08	5.63e-06	4.46e-04	7.69e-03	3.23e-02	6.30e-02	4.96e-01	3.39e-01	6.19e-02
 5.80706e+22	3.77e-16	1.33e-11	2.56e-08	6.52e-06	5.08e-04	8.58e-03	3.51e-02	6.62e-02	5.02e-01	3.30e-01	5.79e-02
 5.82854e+22	4.75e-16	1.66e-11	3.15e-08	7.84e-06	5.99e-04	9.87e-03	3.90e-02	7.06e-02	5.09e-01	3.18e-01	5.29e-02
 5.85040e+22	5.67e-16	1.97e-11	3.70e-08	9.07e-06	6.83e-04	1.10e-02	4.25e-02	7.43e-02	5.15e-01	3.08e-01	4.91e-02
 5.87277e+22	7.06e-16	2.44e-11	4.54e-08	1.09e-05	8.06e-04	1.27e-02	4.73e-02	7.93e-02	5.21e-01	2.94e-01	4.45e-02
 5.89541e+22	8.32e-16	2.87e-11	5.31e-08	1.26e-05	9.17e-04	1.42e-02	5.14e-02	8.34e-02	5.25e-01	2.84e-01	4.10e-02
 5.91455e+22	9.59e-16	3.31e-11	6.10e-08	1.42e-05	1.03e-03	1.57e-02	5.55e-02	8.73e-02	5.29e-01	2.74e-01	3.80e-02
 5.93555e+22	1.14e-15	3.95e-11	7.26e-08	1.67e-05	1.19e-03	1.78e-02	6.11e-02	9.25e-02	5.32e-01	2.61e-01	3.44e-02
 5.95663e+22	1.29e-15	4.50e-11	8.26e-08	1.88e-05	1.33e-03	1.96e-02	6.57e-02	9.66e-02	5.34e-01	2.51e-01	3.17e-02
 5.97720e+22	1.48e-15	5.22e-11	9.63e-08	2.17e-05	1.52e-03	2.21e-02	7.17e-02	1.02e-01	5.35e-01	2.39e-01	2.86e-02
 5.99818e+22	1.65e-15	5.89e-11	1.09e-07	2.45e-05	1.70e-03	2.43e-02	7.71e-02	1.06e-01	5.36e-01	2.29e-01	2.62e-02
 6.01879e+22	1.84e-15	6.69e-11	1.25e-07	2.78e-05	1.92e-03	2.71e-02	8.36e-02	1.12e-01	5.35e-01	2.17e-01	2.36e-02
 6.03982e+22	2.02e-15	7.46e-11	1.41e-07	3.12e-05	2.15e-03	2.98e-02	8.98e-02	1.16e-01	5.34e-01	2.06e-01	2.14e-02
 6.06042e+22	2.19e-15	8.26e-11	1.58e-07	3.50e-05	2.41e-03	3.29e-02	9.67e-02	1.22e-01	5.32e-01	1.95e-01	1.93e-02
 6.08090e+22	2.36e-15	9.11e-11	1.76e-07	3.90e-05	2.67e-03	3.60e-02	1.03e-01	1.26e-01	5.29e-01	1.85e-01	1.75e-02
 6.10165e+22	2.52e-15	1.00e-10	1.97e-07	4.37e-05	2.98e-03	3.96e-02	1.11e-01	1.32e-01	5.25e-01	1.75e-01	1.57e-02
 6.12276e+22	2.66e-15	1.09e-10	2.19e-07	4.85e-05	3.30e-03	4.33e-02	1.18e-01	1.37e-01	5.20e-01	1.65e-01	1.41e-02
 6.14331e+22	2.78e-15	1.18e-10	2.42e-07	5.37e-05	3.65e-03	4.72e-02	1.25e-01	1.42e-01	5.14e-01	1.55e-01	1.27e-02
 6.16388e+22	2.89e-15	1.27e-10	2.66e-07	5.94e-05	4.03e-03	5.13e-02	1.33e-01	1.47e-01	5.08e-01	1.46e-01	1.13e-02
 6.18457e+22	2.98e-15	1.36e-10	2.93e-07	6.57e-05	4.44e-03	5.58e-02	1.41e-01	1.51e-01	5.00e-01	1.37e-01	1.01e-02
 6.20538e+22	3.07e-15	1.45e-10	3.22e-07	7.26e-05	4.89e-03	6.05e-02	1.48e-01	1.56e-01	4.92e-01	1.29e-01	9.06e-03
 6.22640e+22	3.14e-15	1.56e-10	3.54e-07	8.03e-05	5.39e-03	6.55e-02	1.56e-01	1.61e-01	4.84e-01	1.20e-01	8.07e-03
 6.24755e+22	3.22e-15	1.66e-10	3.89e-07	8.88e-05	5.94e-03	7.08e-02	1.64e-01	1.65e-01	4.74e-01	1.12e-01	7.18e-03
 6.26903e+22	3.28e-15	1.78e-10	4.30e-07	9.86e-05	6.55e-03	7.65e-02	1.72e-01	1.70e-01	4.64e-01	1.04e-01	6.36e-03
 6.29070e+22	3.35e-15	1.90e-10	4.74e-07	1.09e-04	7.22e-03	8.25e-02	1.80e-01	1.74e-01	4.53e-01	9.71e-02	5.63e-03
 6.31279e+22	3.42e-15	2.05e-10	5.27e-07	1.22e-04	7.98e-03	8.91e-02	1.89e-01	1.78e-01	4.42e-01	8.98e-02	4.95e-03
 6.33524e+22	3.50e-15	2.20e-10	5.85e-07	1.36e-04	8.81e-03	9.60e-02	1.97e-01	1.81e-01	4.30e-01	8.31e-02	4.36e-03
 6.35580e+22	3.58e-15	2.35e-10	6.41e-07	1.50e-04	9.57e-03	1.02e-01	2.03e-01	1.84e-01	4.19e-01	7.78e-02	3.91e-03
 6.37729e+22	3.68e-15	2.56e-10	7.22e-07	1.69e-04	1.06e-02	1.10e-01	2.12e-01	1.87e-01	4.05e-01	7.13e-02	3.40e-03
 6.39910e+22	3.80e-15	2.76e-10	7.98e-07	1.87e-04	1.16e-02	1.17e-01	2.18e-01	1.89e-01	3.94e-01	6.64e-02	3.04e-03
 6.42150e+22	3.97e-15	3.05e-10	9.10e-07	2.13e-04	1.29e-02	1.26e-01	2.27e-01	1.92e-01	3.79e-01	6.04e-02	2.62e-03
 6.44404e+22	4.13e-15	3.31e-10	1.01e-06	2.36e-04	1.41e-02	1.34e-01	2.33e-01	1.93e-01	3.67e-01	5.61e-02	2.33e-03
 6.46674e+22	4.34e-15	3.69e-10	1.16e-06	2.70e-04	1.57e-02	1.44e-01	2.40e-01	1.95e-01	3.52e-01	5.08e-02	2.00e-03
 6.48949e+22	4.59e-15	4.05e-10	1.30e-06	3.01e-04	1.71e-02	1.52e-01	2.46e-01	1.96e-01	3.40e-01	4.71e-02	1.78e-03
 6.51231e+22	4.92e-15	4.57e-10	1.51e-06	3.46e-04	1.91e-02	1.63e-01	2.53e-01	1.97e-01	3.24e-01	4.25e-02	1.52e-03
 6.53536e+22	5.27e-15	5.08e-10	1.70e-06	3.86e-04	2.08e-02	1.72e-01	2.58e-01	1.97e-01	3.12e-01	3.92e-02	1.34e-03
 6.55871e+22	5.76e-15	5.82e-10	1.99e-06	4.46e-04	2.32e-02	1.84e-01	2.64e-01	1.96e-01	2.95e-01	3.52e-02	1.14e-03
 6.58236e+22	6.27e-15	6.53e-10	2.26e-06	4.99e-04	2.52e-02	1.94e-01	2.68e-01	1.95e-01	2.83e-01	3.23e-02	1.01e-03
 6.60638e+22	7.00e-15	7.62e-10	2.68e-06	5.79e-04	2.81e-02	2.07e-01	2.73e-01	1.94e-01	2.67e-01	2.88e-02	8.48e-04
 6.63082e+22	7.77e-15	8.68e-10	3.07e-06	6.52e-04	3.07e-02	2.18e-01	2.77e-01	1.92e-01	2.54e-01	2.63e-02	7.41e-04
 6.65581e+22	8.91e-15	1.03e-09	3.68e-06	7.61e-04	3.43e-02	2.32e-01	2.81e-01	1.90e-01	2.38e-01	2.32e-02	6.19e-04
 6.68133e+22	1.01e-14	1.19e-09	4.26e-06	8.61e-04	3.74e-02	2.44e-01	2.84e-01	1.87e-01	2.26e-01	2.10e-02	5.36e-04
 6.70757e+22	1.20e-14	1.45e-09	5.16e-06	1.01e-03	4.18e-02	2.60e-01	2.86e-01	1.83e-01	2.09e-01	1.84e-02	4.42e-04
 6.73439e+22	1.39e-14	1.70e-09	6.03e-06	1.15e-03	4.57e-02	2.72e-01	2.88e-01	1.80e-01	1.97e-01	1.65e-02	3.80e-04
 6.75701e+22	1.60e-14	1.97e-09	6.92e-06	1.29e-03	4.93e-02	2.83e-01	2.88e-01	1.76e-01	1.86e-01	1.50e-02	3.30e-04
 6.78146e+22	1.92e-14	2.38e-09	8.30e-06	1.49e-03	5.44e-02	2.98e-01	2.89e-01	1.71e-01	1.73e-01	1.32e-02	2.75e-04
 6.80527e+22	2.21e-14	2.75e-09	9.45e-06	1.65e-03	5.83e-02	3.08e-01	2.89e-01	1.67e-01	1.63e-01	1.20e-02	2.41e-04
 6.82825e+22	2.67e-14	3.31e-09	1.12e-05	1.89e-03	6.37e-02	3.22e-01	2.88e-01	1.62e-01	1.52e-01	1.06e-02	2.02e-04
 6.85144e+22	3.12e-14	3.84e-09	1.28e-05	2.09e-03	6.81e-02	3.32e-01	2.87e-01	1.58e-01	1.43e-01	9.60e-03	1.77e-04
 6.87491e+22	3.83e-14	4.67e-09	1.52e-05	2.39e-03	7.43e-02	3.46e-01	2.84e-01	1.53e-01	1.32e-01	8.42e-03	1.47e-04
 6.89871e+22	4.53e-14	5.46e-09	1.74e-05	2.65e-03	7.93e-02	3.56e-01	2.82e-01	1.48e-01	1.24e-01	7.60e-03	1.28e-04
 6.92293e+22	5.66e-14	6.70e-09	2.08e-05	3.03e-03	8.63e-02	3.69e-01	2.79e-01	1.42e-01	1.14e-01	6.62e-03	1.06e-04
 6.94750e+22	6.78e-14	7.88e-09	2.39e-05	3.36e-03	9.21e-02	3.79e-01	2.76e-01	1.37e-01	1.06e-01	5.94e-03	9.13e-05
 6.97252e+22	8.62e-14	9.76e-09	2.86e-05	3.84e-03	1.00e-01	3.92e-01	2.71e-01	1.31e-01	9.66e-02	5.13e-03	7.47e-05
 6.99795e+22	1.04e-13	1.15e-08	3.29e-05	4.26e-03	1.07e-01	4.02e-01	2.67e-01	1.25e-01	8.98e-02	4.58e-03	6.41e-05
 7.02390e+22	1.35e-13	1.44e-08	3.96e-05	4.88e-03	1.16e-01	4.14e-01	2.62e-01	1.19e-01	8.12e-02	3.92e-03	5.19e-05
 7.05039e+22	1.65e-13	1.72e-08	4.56e-05	5.41e-03	1.23e-01	4.23e-01	2.57e-01	1.13e-01	7.50e-02	3.47e-03	4.41e-05
 7.07757e+22	2.17e-13	2.17e-08	5.52e-05	6.20e-03	1.33e-01	4.34e-01	2.50e-01	1.07e-01	6.72e-02	2.93e-03	3.52e-05
 7.10545e+22	2.71e-13	2.62e-08	6.41e-05	6.89e-03	1.42e-01	4.42e-01	2.44e-01	1.01e-01	6.15e-02	2.57e-03	2.95e-05
 7.13423e+22	3.62e-13	3.34e-08	7.79e-05	7.91e-03	1.53e-01	4.52e-01	2.35e-01	9.42e-02	5.46e-02	2.15e-03	2.33e-05
 7.16342e+22	4.55e-13	4.04e-08	9.05e-05	8.79e-03	1.63e-01	4.59e-01	2.29e-01	8.89e-02	4.97e-02	1.87e-03	1.93e-05
 7.19315e+22	6.14e-13	5.18e-08	1.10e-04	1.01e-02	1.76e-01	4.67e-01	2.20e-01	8.22e-02	4.38e-02	1.55e-03	1.51e-05
 7.22322e+22	7.74e-13	6.27e-08	1.28e-04	1.12e-02	1.86e-01	4.72e-01	2.12e-01	7.72e-02	3.97e-02	1.34e-03	1.25e-05
 7.25374e+22	1.05e-12	8.08e-08	1.56e-04	1.28e-02	2.00e-01	4.78e-01	2.02e-01	7.09e-02	3.47e-02	1.10e-03	9.63e-06
 7.28468e+22	1.34e-12	9.79e-08	1.81e-04	1.41e-02	2.11e-01	4.82e-01	1.95e-01	6.62e-02	3.12e-02	9.46e-04	7.89e-06
 7.31186e+22	1.70e-12	1.19e-07	2.10e-04	1.56e-02	2.22e-01	4.84e-01	1.87e-01	6.17e-02	2.81e-02	8.10e-04	6.44e-06
 7.34288e+22	2.30e-12	1.52e-07	2.53e-04	1.77e-02	2.37e-01	4.87e-01	1.77e-01	5.63e-02	2.44e-02	6.63e-04	4.97e-06
 7.37444e+22	2.95e-12	1.86e-07	2.95e-04	1.96e-02	2.49e-01	4.88e-01	1.69e-01	5.21e-02	2.18e-02	5.61e-04	4.00e-06
 7.40007e+22	3.63e-12	2.20e-07	3.35e-04	2.13e-02	2.59e-01	4.88e-01	1.63e-01	4.88e-02	1.97e-02	4.88e-04	3.33e-06
 7.42678e+22	4.64e-12	2.67e-07	3.88e-04	2.35e-02	2.72e-01	4.87e-01	1.55e-01	4.50e-02	1.75e-02	4.12e-04	2.68e-06
 7.45478e+22	5.78e-12	3.19e-07	4.43e-04	2.56e-02	2.83e-01	4.85e-01	1.48e-01	4.18e-02	1.57e-02	3.54e-04	2.20e-06
 7.48044e+22	7.17e-12	3.78e-07	5.04e-04	2.78e-02	2.94e-01	4.83e-01	1.41e-01	3.89e-02	1.42e-02	3.05e-04	1.82e-06
 7.50976e+22	9.38e-12	4.68e-07	5.91e-04	3.08e-02	3.08e-01	4.79e-01	1.33e-01	3.54e-02	1.24e-02	2.52e-04	1.42e-06
 7.53980e+22	1.19e-11	5.64e-07	6.79e-04	3.37e-02	3.21e-01	4.75e-01	1.26e-01	3.26e-02	1.10e-02	2.13e-04	1.14e-06
 7.56629e+22	1.47e-11	6.70e-07	7.71e-04	3.65e-02	3.32e-01	4.71e-01	1.19e-01	3.01e-02	9.81e-03	1.82e-04	9.34e-07
 7.59622e+22	1.93e-11	8.28e-07	9.02e-04	4.03e-02	3.46e-01	4.65e-01	1.12e-01	2.73e-02	8.51e-03	1.49e-04	7.25e-07
 7.62741e+22	2.46e-11	1.00e-06	1.04e-03	4.40e-02	3.59e-01	4.59e-01	1.05e-01	2.49e-02	7.48e-03	1.25e-04	5.76e-07
 7.65551e+22	3.08e-11	1.20e-06	1.18e-03	4.76e-02	3.71e-01	4.52e-01	9.87e-02	2.29e-02	6.62e-03	1.05e-04	4.64e-07
 7.68729e+22	4.07e-11	1.49e-06	1.39e-03	5.26e-02	3.85e-01	4.43e-01	9.14e-02	2.05e-02	5.67e-03	8.50e-05	3.53e-07
 7.72008e+22	5.21e-11	1.81e-06	1.60e-03	5.73e-02	3.98e-01	4.34e-01	8.52e-02	1.86e-02	4.94e-03	7.02e-05	2.77e-07
 7.74929e+22	6.55e-11	2.16e-06	1.82e-03	6.19e-02	4.10e-01	4.26e-01	7.97e-02	1.69e-02	4.34e-03	5.86e-05	2.20e-07
 7.78238e+22	8.71e-11	2.70e-06	2.14e-03	6.82e-02	4.24e-01	4.14e-01	7.31e-02	1.50e-02	3.68e-03	4.67e-05	1.65e-07
 7.81670e+22	1.12e-10	3.29e-06	2.47e-03	7.42e-02	4.36e-01	4.03e-01	6.76e-02	1.35e-02	3.17e-03	3.81e-05	1.27e-07
 7.84752e+22	1.42e-10	3.95e-06	2.81e-03	8.01e-02	4.47e-01	3.93e-01	6.26e-02	1.22e-02	2.75e-03	3.14e-05	0.00e+00
 7.88252e+22	1.92e-10	4.99e-06	3.32e-03	8.83e-02	4.60e-01	3.79e-01	5.67e-02	1.07e-02	2.29e-03	2.44e-05	0.00e+00
 7.91854e+22	2.48e-10	6.06e-06	3.82e-03	9.57e-02	4.71e-01	3.66e-01	5.20e-02	9.54e-03	1.96e-03	1.97e-05	0.00e+00
 7.95100e+22	3.16e-10	7.32e-06	4.37e-03	1.03e-01	4.80e-01	3.54e-01	4.78e-02	8.54e-03	1.68e-03	1.60e-05	0.00e+00
 7.98827e+22	4.33e-10	9.32e-06	5.18e-03	1.14e-01	4.92e-01	3.38e-01	4.26e-02	7.38e-03	1.37e-03	1.22e-05	0.00e+00
 8.02594e+22	5.60e-10	1.14e-05	5.96e-03	1.23e-01	5.01e-01	3.24e-01	3.87e-02	6.53e-03	1.16e-03	9.70e-06	0.00e+00
 8.06414e+22	7.65e-10	1.44e-05	7.05e-03	1.35e-01	5.10e-01	3.08e-01	3.44e-02	5.62e-03	9.44e-04	7.34e-06	0.00e+00
 8.10279e+22	9.88e-10	1.75e-05	8.08e-03	1.45e-01	5.17e-01	2.94e-01	3.10e-02	4.95e-03	7.93e-04	5.81e-06	0.00e+00
 8.14202e+22	1.36e-09	2.24e-05	9.59e-03	1.58e-01	5.24e-01	2.76e-01	2.72e-02	4.21e-03	6.35e-04	4.31e-06	0.00e+00
 8.18161e+22	1.76e-09	2.72e-05	1.10e-02	1.70e-01	5.28e-01	2.62e-01	2.45e-02	3.69e-03	5.31e-04	3.39e-06	0.00e+00
 8.22168e+22	2.43e-09	3.48e-05	1.30e-02	1.85e-01	5.32e-01	2.45e-01	2.12e-02	3.12e-03	4.20e-04	2.48e-06	0.00e+00
 8.26216e+22	3.14e-09	4.21e-05	1.48e-02	1.98e-01	5.34e-01	2.31e-01	1.90e-02	2.72e-03	3.49e-04	1.93e-06	0.00e+00
 8.30318e+22	4.35e-09	5.39e-05	1.75e-02	2.15e-01	5.35e-01	2.14e-01	1.63e-02	2.28e-03	2.73e-04	1.40e-06	0.00e+00
 8.34473e+22	5.62e-09	6.53e-05	2.00e-02	2.29e-01	5.34e-01	2.00e-01	1.45e-02	1.97e-03	2.24e-04	1.08e-06	0.00e+00
 8.38699e+22	7.81e-09	8.36e-05	2.36e-02	2.48e-01	5.31e-01	1.83e-01	1.23e-02	1.63e-03	1.74e-04	7.64e-07	0.00e+00
 8.42846e+22	9.93e-09	1.00e-04	2.66e-02	2.62e-01	5.27e-01	1.71e-01	1.09e-02	1.42e-03	1.43e-04	5.92e-07	0.00e+00
 8.46891e+22	1.35e-08	1.26e-04	3.10e-02	2.81e-01	5.21e-01	1.57e-01	9.28e-03	1.18e-03	1.11e-04	4.24e-07	0.00e+00
 8.50785e+22	1.67e-08	1.48e-04	3.45e-02	2.94e-01	5.15e-01	1.47e-01	8.29e-03	1.03e-03	9.31e-05	3.36e-07	0.00e+00
 8.54484e+22	2.22e-08	1.82e-04	3.95e-02	3.11e-01	5.07e-01	1.34e-01	7.11e-03	8.67e-04	7.33e-05	2.45e-07	0.00e+00
 8.58180e+22	2.74e-08	2.12e-04	4.38e-02	3.25e-01	4.99e-01	1.25e-01	6.32e-03	7.58e-04	6.11e-05	1.93e-07	0.00e+00
 8.61874e+22	3.55e-08	2.57e-04	4.97e-02	3.42e-01	4.88e-01	1.14e-01	5.44e-03	6.38e-04	4.84e-05	1.43e-07	0.00e+00
 8.65700e+22	4.50e-08	3.06e-04	5.55e-02	3.57e-01	4.78e-01	1.05e-01	4.73e-03	5.46e-04	3.92e-05	0.00e+00	0.00e+00
 8.69130e+22	5.56e-08	3.57e-04	6.13e-02	3.70e-01	4.67e-01	9.67e-02	4.17e-03	4.72e-04	3.22e-05	0.00e+00	0.00e+00
 8.73020e+22	7.29e-08	4.35e-04	6.97e-02	3.87e-01	4.52e-01	8.69e-02	3.52e-03	3.90e-04	2.49e-05	0.00e+00	0.00e+00
 8.76972e+22	9.13e-08	5.12e-04	7.73e-02	4.01e-01	4.39e-01	7.92e-02	3.05e-03	3.32e-04	2.01e-05	0.00e+00	0.00e+00
 8.80476e+22	1.13e-07	5.97e-04	8.51e-02	4.14e-01	4.25e-01	7.24e-02	2.66e-03	2.84e-04	1.63e-05	0.00e+00	0.00e+00
 8.83871e+22	1.38e-07	6.89e-04	9.31e-02	4.25e-01	4.12e-01	6.63e-02	2.33e-03	2.44e-04	1.33e-05	0.00e+00	0.00e+00
 8.87007e+22	1.65e-07	7.86e-04	1.01e-01	4.35e-01	3.99e-01	6.10e-02	2.06e-03	2.12e-04	1.11e-05	0.00e+00	0.00e+00
 8.90439e+22	2.06e-07	9.22e-04	1.12e-01	4.47e-01	3.83e-01	5.49e-02	1.76e-03	1.78e-04	8.77e-06	0.00e+00	0.00e+00
 8.93907e+22	2.48e-07	1.05e-03	1.21e-01	4.57e-01	3.70e-01	5.02e-02	1.54e-03	1.53e-04	7.19e-06	0.00e+00	0.00e+00
 8.96922e+22	2.96e-07	1.19e-03	1.30e-01	4.65e-01	3.56e-01	4.59e-02	1.36e-03	1.33e-04	5.95e-06	0.00e+00	0.00e+00
 9.00344e+22	3.69e-07	1.39e-03	1.43e-01	4.74e-01	3.39e-01	4.09e-02	1.15e-03	1.10e-04	4.65e-06	0.00e+00	0.00e+00
 9.03803e+22	4.38e-07	1.57e-03	1.54e-01	4.81e-01	3.25e-01	3.73e-02	1.01e-03	9.48e-05	3.83e-06	0.00e+00	0.00e+00
 9.07311e+22	5.44e-07	1.83e-03	1.69e-01	4.88e-01	3.07e-01	3.30e-02	8.51e-04	7.81e-05	2.98e-06	0.00e+00	0.00e+00
 9.10863e+22	6.52e-07	2.08e-03	1.82e-01	4.93e-01	2.92e-01	2.97e-02	7.36e-04	6.63e-05	2.41e-06	0.00e+00	0.00e+00
 9.13968e+22	7.71e-07	2.34e-03	1.95e-01	4.97e-01	2.78e-01	2.68e-02	6.41e-04	5.66e-05	1.96e-06	0.00e+00	0.00e+00
 9.17500e+22	9.49e-07	2.70e-03	2.11e-01	5.01e-01	2.61e-01	2.36e-02	5.38e-04	4.63e-05	1.52e-06	0.00e+00	0.00e+00
 9.21109e+22	1.13e-06	3.05e-03	2.26e-01	5.03e-01	2.46e-01	2.10e-02	4.62e-04	3.89e-05	1.21e-06	0.00e+00	0.00e+00
 9.24213e+22	1.33e-06	3.40e-03	2.41e-01	5.03e-01	2.33e-01	1.89e-02	4.02e-04	3.31e-05	9.87e-07	0.00e+00	0.00e+00
