#depth	O	O+	O+2	O+3	O+4	O+5	O+6	O+7	O+8	O[1]	O[2]	O[3]
 4.62852e+21	0.00e+00	0.00e+00	6.60e-29	2.95e-23	3.52e-18	1.95e-13	3.70e-08	4.03e-04	1.00e+00	0.00e+00	0.00e+00	0.00e+00
 1.05285e+22	0.00e+00	0.00e+00	5.53e-28	1.74e-22	1.48e-17	5.76e-13	7.59e-08	5.76e-04	9.99e-01	0.00e+00	0.00e+00	0.00e+00
 1.26524e+22	0.00e+00	0.00e+00	2.29e-27	5.68e-22	3.85e-17	1.18e-12	1.22e-07	7.31e-04	9.99e-01	0.00e+00	0.00e+00	0.00e+00
 1.41866e+22	0.00e+00	2.81e-33	7.07e-27	1.46e-21	8.23e-17	2.10e-12	1.79e-07	8.83e-04	9.99e-01	0.00e+00	0.00e+00	0.00e+00
 1.50390e+22	0.00e+00	3.90e-33	9.38e-27	1.85e-21	9.96e-17	2.43e-12	1.97e-07	9.25e-04	9.99e-01	0.00e+00	0.00e+00	0.00e+00
 1.54311e+22	0.00e+00	5.89e-33	1.34e-26	2.49e-21	1.26e-16	2.91e-12	2.22e-07	9.82e-04	9.99e-01	0.00e+00	0.00e+00	0.00e+00
 1.58606e+22	0.00e+00	8.78e-33	1.88e-26	3.32e-21	1.59e-16	3.47e-12	2.49e-07	1.04e-03	9.99e-01	0.00e+00	0.00e+00	0.00e+00
 1.62721e+22	0.00e+00	1.28e-32	2.61e-26	4.37e-21	1.99e-16	4.11e-12	2.78e-07	1.10e-03	9.99e-01	0.00e+00	0.00e+00	0.00e+00
 1.67406e+22	0.00e+00	2.11e-32	4.01e-26	6.25e-21	2.65e-16	5.11e-12	3.21e-07	1.18e-03	9.99e-01	0.00e+00	0.00e+00	0.00e+00
 1.72063e+22	0.00e+00	3.12e-32	5.61e-26	8.27e-21	3.33e-16	6.07e-12	3.60e-07	1.25e-03	9.99e-01	0.00e+00	0.00e+00	0.00e+00
 1.76682e+22	0.00e+00	5.16e-32	8.64e-26	1.19e-20	4.46e-16	7.58e-12	4.16e-07	1.34e-03	9.99e-01	0.00e+00	0.00e+00	0.00e+00
 1.81217e+22	0.00e+00	7.44e-32	1.18e-25	1.55e-20	5.51e-16	8.90e-12	4.63e-07	1.42e-03	9.99e-01	0.00e+00	0.00e+00	0.00e+00
 1.84837e+22	0.00e+00	1.04e-31	1.57e-25	1.97e-20	6.69e-16	1.03e-11	5.10e-07	1.49e-03	9.99e-01	0.00e+00	0.00e+00	0.00e+00
 1.88210e+22	0.00e+00	1.43e-31	2.08e-25	2.48e-20	8.06e-16	1.19e-11	5.60e-07	1.56e-03	9.98e-01	0.00e+00	0.00e+00	0.00e+00
 1.92072e+22	0.00e+00	2.12e-31	2.92e-25	3.30e-20	1.02e-15	1.42e-11	6.29e-07	1.65e-03	9.98e-01	0.00e+00	0.00e+00	0.00e+00
 1.95997e+22	0.00e+00	2.97e-31	3.90e-25	4.20e-20	1.24e-15	1.65e-11	6.93e-07	1.73e-03	9.98e-01	0.00e+00	0.00e+00	0.00e+00
 1.99419e+22	0.00e+00	4.11e-31	5.15e-25	5.30e-20	1.49e-15	1.90e-11	7.62e-07	1.81e-03	9.98e-01	0.00e+00	0.00e+00	0.00e+00
 2.03283e+22	0.00e+00	6.03e-31	7.17e-25	7.00e-20	1.87e-15	2.25e-11	8.53e-07	1.92e-03	9.98e-01	0.00e+00	0.00e+00	0.00e+00
 2.07327e+22	0.00e+00	8.67e-31	9.80e-25	9.10e-20	2.31e-15	2.65e-11	9.48e-07	2.02e-03	9.98e-01	0.00e+00	0.00e+00	0.00e+00
 2.10818e+22	0.00e+00	1.19e-30	1.29e-24	1.15e-19	2.78e-15	3.05e-11	1.04e-06	2.11e-03	9.98e-01	0.00e+00	0.00e+00	0.00e+00
 2.14571e+22	0.00e+00	1.73e-30	1.78e-24	1.51e-19	3.47e-15	3.61e-11	1.16e-06	2.23e-03	9.98e-01	0.00e+00	0.00e+00	0.00e+00
 2.18228e+22	0.00e+00	2.37e-30	2.33e-24	1.89e-19	4.17e-15	4.15e-11	1.27e-06	2.34e-03	9.98e-01	0.00e+00	0.00e+00	0.00e+00
 2.21118e+22	0.00e+00	3.09e-30	2.93e-24	2.29e-19	4.86e-15	4.67e-11	1.38e-06	2.43e-03	9.98e-01	0.00e+00	0.00e+00	0.00e+00
 2.24232e+22	0.00e+00	4.19e-30	3.81e-24	2.86e-19	5.82e-15	5.36e-11	1.51e-06	2.54e-03	9.97e-01	0.00e+00	0.00e+00	0.00e+00
 2.27635e+22	0.00e+00	5.67e-30	4.95e-24	3.56e-19	6.95e-15	6.14e-11	1.65e-06	2.65e-03	9.97e-01	0.00e+00	0.00e+00	0.00e+00
 2.30773e+22	0.00e+00	7.55e-30	6.33e-24	4.37e-19	8.22e-15	6.97e-11	1.79e-06	2.77e-03	9.97e-01	0.00e+00	0.00e+00	0.00e+00
 2.33728e+22	0.00e+00	9.95e-30	8.04e-24	5.35e-19	9.67e-15	7.89e-11	1.94e-06	2.88e-03	9.97e-01	0.00e+00	0.00e+00	0.00e+00
 2.37085e+22	0.00e+00	1.40e-29	1.08e-23	6.85e-19	1.18e-14	9.20e-11	2.15e-06	3.03e-03	9.97e-01	0.00e+00	0.00e+00	0.00e+00
 2.40535e+22	0.00e+00	1.88e-29	1.39e-23	8.48e-19	1.41e-14	1.05e-10	2.34e-06	3.16e-03	9.97e-01	0.00e+00	0.00e+00	0.00e+00
 2.43594e+22	0.00e+00	2.51e-29	1.78e-23	1.04e-18	1.66e-14	1.19e-10	2.55e-06	3.29e-03	9.97e-01	0.00e+00	0.00e+00	0.00e+00
 2.46375e+22	0.00e+00	3.22e-29	2.22e-23	1.25e-18	1.93e-14	1.34e-10	2.74e-06	3.41e-03	9.97e-01	0.00e+00	0.00e+00	0.00e+00
 2.48898e+22	0.00e+00	4.05e-29	2.70e-23	1.48e-18	2.20e-14	1.48e-10	2.93e-06	3.53e-03	9.96e-01	0.00e+00	0.00e+00	0.00e+00
 2.51771e+22	0.00e+00	5.32e-29	3.41e-23	1.80e-18	2.59e-14	1.68e-10	3.18e-06	3.67e-03	9.96e-01	0.00e+00	0.00e+00	0.00e+00
 2.54872e+22	0.00e+00	7.04e-29	4.35e-23	2.21e-18	3.05e-14	1.90e-10	3.46e-06	3.83e-03	9.96e-01	0.00e+00	0.00e+00	0.00e+00
 2.57674e+22	0.00e+00	9.09e-29	5.42e-23	2.66e-18	3.54e-14	2.13e-10	3.73e-06	3.97e-03	9.96e-01	0.00e+00	0.00e+00	0.00e+00
 2.60723e+22	0.00e+00	1.23e-28	7.02e-23	3.30e-18	4.23e-14	2.44e-10	4.07e-06	4.15e-03	9.96e-01	0.00e+00	0.00e+00	0.00e+00
 2.63829e+22	0.00e+00	1.62e-28	8.91e-23	4.03e-18	4.98e-14	2.76e-10	4.42e-06	4.32e-03	9.96e-01	0.00e+00	0.00e+00	0.00e+00
 2.66440e+22	0.00e+00	2.06e-28	1.09e-22	4.80e-18	5.72e-14	3.07e-10	4.74e-06	4.47e-03	9.96e-01	0.00e+00	0.00e+00	0.00e+00
 2.69261e+22	0.00e+00	2.71e-28	1.39e-22	5.86e-18	6.74e-14	3.48e-10	5.15e-06	4.66e-03	9.95e-01	0.00e+00	0.00e+00	0.00e+00
 2.72302e+22	0.00e+00	3.58e-28	1.77e-22	7.17e-18	7.94e-14	3.94e-10	5.59e-06	4.85e-03	9.95e-01	0.00e+00	0.00e+00	0.00e+00
 2.75060e+22	0.00e+00	4.58e-28	2.18e-22	8.56e-18	9.17e-14	4.41e-10	6.01e-06	5.03e-03	9.95e-01	0.00e+00	0.00e+00	0.00e+00
 2.77562e+22	0.00e+00	5.75e-28	2.65e-22	1.01e-17	1.05e-13	4.88e-10	6.43e-06	5.20e-03	9.95e-01	0.00e+00	0.00e+00	0.00e+00
 2.79931e+22	0.00e+00	7.13e-28	3.19e-22	1.18e-17	1.19e-13	5.38e-10	6.85e-06	5.36e-03	9.95e-01	0.00e+00	0.00e+00	0.00e+00
 2.82645e+22	0.00e+00	9.22e-28	3.99e-22	1.42e-17	1.39e-13	6.05e-10	7.40e-06	5.57e-03	9.94e-01	0.00e+00	0.00e+00	0.00e+00
 2.85541e+22	0.00e+00	1.20e-27	4.99e-22	1.72e-17	1.62e-13	6.80e-10	7.99e-06	5.78e-03	9.94e-01	0.00e+00	0.00e+00	0.00e+00
 2.88111e+22	0.00e+00	1.51e-27	6.11e-22	2.04e-17	1.85e-13	7.55e-10	8.57e-06	5.99e-03	9.94e-01	0.00e+00	0.00e+00	0.00e+00
 2.90892e+22	1.72e-34	1.99e-27	7.73e-22	2.48e-17	2.18e-13	8.55e-10	9.30e-06	6.23e-03	9.94e-01	0.00e+00	0.00e+00	0.00e+00
 2.93728e+22	2.29e-34	2.55e-27	9.59e-22	2.98e-17	2.52e-13	9.56e-10	1.00e-05	6.46e-03	9.94e-01	0.00e+00	0.00e+00	0.00e+00
 2.96121e+22	2.93e-34	3.18e-27	1.16e-21	3.49e-17	2.87e-13	1.05e-09	1.07e-05	6.67e-03	9.93e-01	0.00e+00	0.00e+00	0.00e+00
 2.98717e+22	3.91e-34	4.09e-27	1.44e-21	4.19e-17	3.33e-13	1.18e-09	1.15e-05	6.92e-03	9.93e-01	0.00e+00	0.00e+00	0.00e+00
 3.01514e+22	5.22e-34	5.27e-27	1.79e-21	5.03e-17	3.86e-13	1.33e-09	1.24e-05	7.19e-03	9.93e-01	0.00e+00	0.00e+00	0.00e+00
 3.04058e+22	6.77e-34	6.61e-27	2.18e-21	5.93e-17	4.42e-13	1.47e-09	1.33e-05	7.43e-03	9.93e-01	0.00e+00	0.00e+00	0.00e+00
 3.06407e+22	8.67e-34	8.21e-27	2.62e-21	6.94e-17	5.02e-13	1.62e-09	1.42e-05	7.67e-03	9.92e-01	0.00e+00	0.00e+00	0.00e+00
 3.08674e+22	1.10e-33	1.01e-26	3.13e-21	8.06e-17	5.67e-13	1.78e-09	1.51e-05	7.91e-03	9.92e-01	0.00e+00	0.00e+00	0.00e+00
 3.11279e+22	1.46e-33	1.29e-26	3.88e-21	9.66e-17	6.57e-13	1.99e-09	1.62e-05	8.20e-03	9.92e-01	0.00e+00	0.00e+00	0.00e+00
 3.14048e+22	1.93e-33	1.66e-26	4.80e-21	1.16e-16	7.59e-13	2.22e-09	1.75e-05	8.51e-03	9.91e-01	0.00e+00	0.00e+00	0.00e+00
 3.16516e+22	2.51e-33	2.08e-26	5.84e-21	1.36e-16	8.68e-13	2.46e-09	1.87e-05	8.80e-03	9.91e-01	0.00e+00	0.00e+00	0.00e+00
 3.19209e+22	3.39e-33	2.71e-26	7.33e-21	1.65e-16	1.01e-12	2.78e-09	2.03e-05	9.15e-03	9.91e-01	0.00e+00	0.00e+00	0.00e+00
 3.21975e+22	4.50e-33	3.47e-26	9.06e-21	1.97e-16	1.17e-12	3.10e-09	2.18e-05	9.49e-03	9.90e-01	0.00e+00	0.00e+00	0.00e+00
 3.24287e+22	5.72e-33	4.28e-26	1.08e-20	2.29e-16	1.33e-12	3.40e-09	2.32e-05	9.79e-03	9.90e-01	0.00e+00	0.00e+00	0.00e+00
 3.26744e+22	7.54e-33	5.45e-26	1.34e-20	2.73e-16	1.53e-12	3.80e-09	2.50e-05	1.01e-02	9.90e-01	0.00e+00	0.00e+00	0.00e+00
 3.29391e+22	9.94e-33	6.94e-26	1.64e-20	3.25e-16	1.76e-12	4.22e-09	2.68e-05	1.05e-02	9.89e-01	0.00e+00	0.00e+00	0.00e+00
 3.31815e+22	1.28e-32	8.63e-26	1.98e-20	3.81e-16	2.00e-12	4.66e-09	2.87e-05	1.09e-02	9.89e-01	0.00e+00	0.00e+00	0.00e+00
 3.34496e+22	1.73e-32	1.13e-25	2.49e-20	4.61e-16	2.34e-12	5.25e-09	3.10e-05	1.13e-02	9.89e-01	0.00e+00	0.00e+00	0.00e+00
 3.37317e+22	2.33e-32	1.46e-25	3.11e-20	5.57e-16	2.72e-12	5.89e-09	3.35e-05	1.17e-02	9.88e-01	0.00e+00	0.00e+00	0.00e+00
 3.39679e+22	2.95e-32	1.80e-25	3.72e-20	6.46e-16	3.07e-12	6.45e-09	3.57e-05	1.21e-02	9.88e-01	0.00e+00	0.00e+00	0.00e+00
 3.42107e+22	3.92e-32	2.30e-25	4.59e-20	7.72e-16	3.54e-12	7.20e-09	3.84e-05	1.26e-02	9.87e-01	0.00e+00	0.00e+00	0.00e+00
 3.44694e+22	5.19e-32	2.93e-25	5.66e-20	9.18e-16	4.07e-12	7.99e-09	4.13e-05	1.30e-02	9.87e-01	0.00e+00	0.00e+00	0.00e+00
 3.47035e+22	6.60e-32	3.62e-25	6.78e-20	1.07e-15	4.61e-12	8.78e-09	4.40e-05	1.34e-02	9.87e-01	0.00e+00	0.00e+00	0.00e+00
 3.49625e+22	8.96e-32	4.73e-25	8.51e-20	1.29e-15	5.37e-12	9.86e-09	4.76e-05	1.40e-02	9.86e-01	0.00e+00	0.00e+00	0.00e+00
 3.52256e+22	1.18e-31	6.00e-25	1.04e-19	1.54e-15	6.17e-12	1.09e-08	5.11e-05	1.45e-02	9.85e-01	0.00e+00	0.00e+00	0.00e+00
 3.54461e+22	1.50e-31	7.39e-25	1.25e-19	1.78e-15	6.95e-12	1.20e-08	5.44e-05	1.49e-02	9.85e-01	0.00e+00	0.00e+00	0.00e+00
 3.56848e+22	2.01e-31	9.55e-25	1.55e-19	2.14e-15	8.04e-12	1.34e-08	5.87e-05	1.55e-02	9.84e-01	0.00e+00	0.00e+00	0.00e+00
 3.59346e+22	2.62e-31	1.20e-24	1.89e-19	2.52e-15	9.17e-12	1.47e-08	6.27e-05	1.61e-02	9.84e-01	0.00e+00	0.00e+00	0.00e+00
 3.61629e+22	3.39e-31	1.50e-24	2.29e-19	2.95e-15	1.04e-11	1.62e-08	6.71e-05	1.66e-02	9.83e-01	0.00e+00	0.00e+00	0.00e+00
 3.64237e+22	4.75e-31	2.01e-24	2.93e-19	3.63e-15	1.23e-11	1.83e-08	7.30e-05	1.73e-02	9.83e-01	0.00e+00	0.00e+00	0.00e+00
 3.66858e+22	6.20e-31	2.54e-24	3.57e-19	4.28e-15	1.40e-11	2.02e-08	7.82e-05	1.79e-02	9.82e-01	0.00e+00	0.00e+00	0.00e+00
 3.69076e+22	8.05e-31	3.18e-24	4.32e-19	5.02e-15	1.59e-11	2.22e-08	8.35e-05	1.85e-02	9.81e-01	0.00e+00	0.00e+00	0.00e+00
 3.71186e+22	1.04e-30	3.96e-24	5.21e-19	5.86e-15	1.80e-11	2.43e-08	8.90e-05	1.92e-02	9.81e-01	0.00e+00	0.00e+00	0.00e+00
 3.73574e+22	1.41e-30	5.16e-24	6.53e-19	7.08e-15	2.09e-11	2.71e-08	9.62e-05	1.99e-02	9.80e-01	0.00e+00	0.00e+00	0.00e+00
 3.76054e+22	1.85e-30	6.54e-24	7.98e-19	8.36e-15	2.38e-11	2.99e-08	1.03e-04	2.06e-02	9.79e-01	0.00e+00	0.00e+00	0.00e+00
 3.78279e+22	2.44e-30	8.31e-24	9.78e-19	9.89e-15	2.72e-11	3.29e-08	1.10e-04	2.14e-02	9.79e-01	0.00e+00	0.00e+00	0.00e+00
 3.80443e+22	3.19e-30	1.05e-23	1.19e-18	1.16e-14	3.09e-11	3.61e-08	1.18e-04	2.21e-02	9.78e-01	0.00e+00	0.00e+00	0.00e+00
 3.82522e+22	4.10e-30	1.30e-23	1.43e-18	1.35e-14	3.49e-11	3.94e-08	1.26e-04	2.28e-02	9.77e-01	0.00e+00	0.00e+00	0.00e+00
 3.84842e+22	5.66e-30	1.72e-23	1.81e-18	1.65e-14	4.07e-11	4.41e-08	1.36e-04	2.38e-02	9.76e-01	0.00e+00	0.00e+00	0.00e+00
 3.87191e+22	7.40e-30	2.17e-23	2.20e-18	1.94e-14	4.62e-11	4.84e-08	1.45e-04	2.46e-02	9.75e-01	0.00e+00	0.00e+00	0.00e+00
 3.89240e+22	9.68e-30	2.73e-23	2.68e-18	2.27e-14	5.24e-11	5.30e-08	1.55e-04	2.54e-02	9.74e-01	0.00e+00	0.00e+00	0.00e+00
 3.91265e+22	1.26e-29	3.42e-23	3.24e-18	2.66e-14	5.93e-11	5.79e-08	1.65e-04	2.63e-02	9.74e-01	0.00e+00	0.00e+00	0.00e+00
 3.93592e+22	1.75e-29	4.55e-23	4.12e-18	3.25e-14	6.94e-11	6.48e-08	1.79e-04	2.74e-02	9.72e-01	0.00e+00	0.00e+00	0.00e+00
 3.95907e+22	2.32e-29	5.80e-23	5.06e-18	3.85e-14	7.92e-11	7.12e-08	1.92e-04	2.83e-02	9.71e-01	0.00e+00	0.00e+00	0.00e+00
 3.97823e+22	2.98e-29	7.20e-23	6.08e-18	4.47e-14	8.91e-11	7.75e-08	2.04e-04	2.92e-02	9.71e-01	0.00e+00	0.00e+00	0.00e+00
 3.99933e+22	4.07e-29	9.43e-23	7.63e-18	5.40e-14	1.03e-10	8.61e-08	2.20e-04	3.04e-02	9.69e-01	0.00e+00	0.00e+00	0.00e+00
 4.02125e+22	5.41e-29	1.20e-22	9.38e-18	6.40e-14	1.18e-10	9.46e-08	2.35e-04	3.14e-02	9.68e-01	0.00e+00	0.00e+00	0.00e+00
 4.04083e+22	7.04e-29	1.51e-22	1.14e-17	7.50e-14	1.33e-10	1.03e-07	2.51e-04	3.25e-02	9.67e-01	0.00e+00	0.00e+00	0.00e+00
 4.06288e+22	9.87e-29	2.02e-22	1.45e-17	9.19e-14	1.56e-10	1.16e-07	2.72e-04	3.38e-02	9.66e-01	0.00e+00	0.00e+00	0.00e+00
 4.08473e+22	1.31e-28	2.58e-22	1.79e-17	1.09e-13	1.78e-10	1.27e-07	2.91e-04	3.50e-02	9.65e-01	0.00e+00	0.00e+00	0.00e+00
 4.10306e+22	1.69e-28	3.21e-22	2.15e-17	1.27e-13	2.01e-10	1.38e-07	3.09e-04	3.61e-02	9.64e-01	0.00e+00	0.00e+00	0.00e+00
 4.12360e+22	2.34e-28	4.26e-22	2.73e-17	1.54e-13	2.34e-10	1.54e-07	3.34e-04	3.75e-02	9.62e-01	0.00e+00	0.00e+00	0.00e+00
 4.14458e+22	3.06e-28	5.36e-22	3.32e-17	1.81e-13	2.65e-10	1.69e-07	3.56e-04	3.88e-02	9.61e-01	0.00e+00	0.00e+00	0.00e+00
 4.16614e+22	4.34e-28	7.24e-22	4.28e-17	2.24e-13	3.12e-10	1.89e-07	3.86e-04	4.04e-02	9.59e-01	0.00e+00	0.00e+00	0.00e+00
 4.18781e+22	5.84e-28	9.36e-22	5.31e-17	2.67e-13	3.59e-10	2.09e-07	4.14e-04	4.18e-02	9.58e-01	0.00e+00	0.00e+00	0.00e+00
 4.20630e+22	7.70e-28	1.19e-21	6.50e-17	3.16e-13	4.08e-10	2.29e-07	4.42e-04	4.32e-02	9.56e-01	0.00e+00	0.00e+00	0.00e+00
 4.22701e+22	1.09e-27	1.60e-21	8.38e-17	3.89e-13	4.80e-10	2.57e-07	4.79e-04	4.50e-02	9.55e-01	0.00e+00	0.00e+00	0.00e+00
 4.24801e+22	1.45e-27	2.05e-21	1.03e-16	4.61e-13	5.48e-10	2.82e-07	5.12e-04	4.65e-02	9.53e-01	0.00e+00	0.00e+00	0.00e+00
 4.26936e+22	2.06e-27	2.77e-21	1.33e-16	5.71e-13	6.47e-10	3.17e-07	5.56e-04	4.85e-02	9.51e-01	0.00e+00	0.00e+00	0.00e+00
 4.29125e+22	2.79e-27	3.61e-21	1.66e-16	6.86e-13	7.47e-10	3.52e-07	5.97e-04	5.02e-02	9.49e-01	0.00e+00	0.00e+00	0.00e+00
 4.31065e+22	3.82e-27	4.74e-21	2.10e-16	8.29e-13	8.65e-10	3.90e-07	6.41e-04	5.20e-02	9.47e-01	0.00e+00	0.00e+00	0.00e+00
 4.33271e+22	5.64e-27	6.63e-21	2.79e-16	1.05e-12	1.04e-09	4.44e-07	7.01e-04	5.44e-02	9.45e-01	0.00e+00	0.00e+00	0.00e+00
 4.35386e+22	7.44e-27	8.42e-21	3.41e-16	1.24e-12	1.18e-09	4.87e-07	7.48e-04	5.61e-02	9.43e-01	0.00e+00	0.00e+00	0.00e+00
 4.37385e+22	1.10e-26	1.18e-20	4.53e-16	1.57e-12	1.42e-09	5.53e-07	8.15e-04	5.86e-02	9.41e-01	0.00e+00	0.00e+00	0.00e+00
 4.39354e+22	1.44e-26	1.49e-20	5.53e-16	1.85e-12	1.61e-09	6.05e-07	8.67e-04	6.04e-02	9.39e-01	0.00e+00	0.00e+00	0.00e+00
 4.40970e+22	1.85e-26	1.85e-20	6.65e-16	2.15e-12	1.82e-09	6.59e-07	9.18e-04	6.21e-02	9.37e-01	0.00e+00	0.00e+00	0.00e+00
 4.42755e+22	2.61e-26	2.50e-20	8.57e-16	2.66e-12	2.14e-09	7.38e-07	9.92e-04	6.45e-02	9.35e-01	0.00e+00	0.00e+00	0.00e+00
 4.44396e+22	3.31e-26	3.06e-20	1.02e-15	3.07e-12	2.39e-09	7.98e-07	1.05e-03	6.61e-02	9.33e-01	0.00e+00	0.00e+00	0.00e+00
 4.45645e+22	4.14e-26	3.72e-20	1.20e-15	3.51e-12	2.65e-09	8.59e-07	1.10e-03	6.77e-02	9.31e-01	0.00e+00	0.00e+00	0.00e+00
 4.47065e+22	5.37e-26	4.65e-20	1.45e-15	4.11e-12	3.00e-09	9.37e-07	1.16e-03	6.97e-02	9.29e-01	0.00e+00	0.00e+00	0.00e+00
 4.48515e+22	6.78e-26	5.69e-20	1.73e-15	4.74e-12	3.34e-09	1.01e-06	1.22e-03	7.14e-02	9.27e-01	0.00e+00	0.00e+00	0.00e+00
 4.49763e+22	8.45e-26	6.89e-20	2.03e-15	5.42e-12	3.71e-09	1.09e-06	1.29e-03	7.31e-02	9.26e-01	0.00e+00	0.00e+00	0.00e+00
 4.50966e+22	1.06e-25	8.38e-20	2.40e-15	6.21e-12	4.13e-09	1.17e-06	1.35e-03	7.48e-02	9.24e-01	0.00e+00	0.00e+00	0.00e+00
 4.52112e+22	1.30e-25	9.98e-20	2.78e-15	7.02e-12	4.54e-09	1.25e-06	1.41e-03	7.64e-02	9.22e-01	0.00e+00	0.00e+00	0.00e+00
 4.53365e+22	1.67e-25	1.24e-19	3.35e-15	8.19e-12	5.11e-09	1.36e-06	1.49e-03	7.85e-02	9.20e-01	0.00e+00	0.00e+00	0.00e+00
 4.54648e+22	2.07e-25	1.50e-19	3.93e-15	9.34e-12	5.66e-09	1.46e-06	1.56e-03	8.03e-02	9.18e-01	0.00e+00	0.00e+00	0.00e+00
 4.55784e+22	2.57e-25	1.80e-19	4.60e-15	1.06e-11	6.26e-09	1.57e-06	1.64e-03	8.21e-02	9.16e-01	0.00e+00	0.00e+00	0.00e+00
 4.57077e+22	3.44e-25	2.33e-19	5.71e-15	1.27e-11	7.18e-09	1.73e-06	1.74e-03	8.45e-02	9.14e-01	0.00e+00	0.00e+00	0.00e+00
 4.58346e+22	4.25e-25	2.80e-19	6.67e-15	1.45e-11	7.93e-09	1.85e-06	1.82e-03	8.64e-02	9.12e-01	0.00e+00	0.00e+00	0.00e+00
 4.59383e+22	5.26e-25	3.36e-19	7.80e-15	1.65e-11	8.75e-09	1.98e-06	1.90e-03	8.82e-02	9.10e-01	0.00e+00	0.00e+00	0.00e+00
 4.60364e+22	6.44e-25	4.00e-19	9.05e-15	1.86e-11	9.62e-09	2.12e-06	1.98e-03	9.00e-02	9.08e-01	0.00e+00	0.00e+00	0.00e+00
 4.61471e+22	8.26e-25	4.97e-19	1.09e-14	2.16e-11	1.08e-08	2.30e-06	2.09e-03	9.22e-02	9.06e-01	0.00e+00	0.00e+00	0.00e+00
 4.62609e+22	1.04e-24	6.06e-19	1.29e-14	2.49e-11	1.20e-08	2.47e-06	2.19e-03	9.43e-02	9.03e-01	0.00e+00	0.00e+00	0.00e+00
 4.63599e+22	1.27e-24	7.24e-19	1.50e-14	2.82e-11	1.32e-08	2.64e-06	2.29e-03	9.62e-02	9.01e-01	0.00e+00	0.00e+00	0.00e+00
 4.64697e+22	1.66e-24	9.11e-19	1.82e-14	3.31e-11	1.50e-08	2.88e-06	2.42e-03	9.87e-02	8.99e-01	0.00e+00	0.00e+00	0.00e+00
 4.65822e+22	2.10e-24	1.12e-18	2.17e-14	3.82e-11	1.67e-08	3.10e-06	2.53e-03	1.01e-01	8.96e-01	0.00e+00	0.00e+00	0.00e+00
 4.66809e+22	2.62e-24	1.35e-18	2.55e-14	4.36e-11	1.85e-08	3.33e-06	2.65e-03	1.03e-01	8.94e-01	0.00e+00	0.00e+00	0.00e+00
 4.67921e+22	3.51e-24	1.74e-18	3.16e-14	5.21e-11	2.12e-08	3.66e-06	2.81e-03	1.06e-01	8.91e-01	0.00e+00	0.00e+00	0.00e+00
 4.69045e+22	4.45e-24	2.14e-18	3.76e-14	6.02e-11	2.36e-08	3.94e-06	2.95e-03	1.08e-01	8.89e-01	0.00e+00	0.00e+00	0.00e+00
 4.70006e+22	5.51e-24	2.58e-18	4.41e-14	6.86e-11	2.61e-08	4.22e-06	3.08e-03	1.11e-01	8.86e-01	0.00e+00	0.00e+00	0.00e+00
 4.71073e+22	7.58e-24	3.40e-18	5.57e-14	8.31e-11	3.03e-08	4.67e-06	3.28e-03	1.14e-01	8.83e-01	0.00e+00	0.00e+00	0.00e+00
 4.72121e+22	9.35e-24	4.08e-18	6.51e-14	9.44e-11	3.34e-08	4.99e-06	3.42e-03	1.16e-01	8.81e-01	0.00e+00	0.00e+00	0.00e+00
 4.73144e+22	1.27e-23	5.34e-18	8.18e-14	1.14e-10	3.85e-08	5.50e-06	3.63e-03	1.19e-01	8.77e-01	0.00e+00	0.00e+00	0.00e+00
 4.74149e+22	1.56e-23	6.37e-18	9.50e-14	1.29e-10	4.23e-08	5.87e-06	3.78e-03	1.22e-01	8.75e-01	0.00e+00	0.00e+00	0.00e+00
 4.75130e+22	2.15e-23	8.39e-18	1.20e-13	1.56e-10	4.89e-08	6.48e-06	4.02e-03	1.25e-01	8.71e-01	0.00e+00	0.00e+00	0.00e+00
 4.76105e+22	2.65e-23	1.01e-17	1.40e-13	1.77e-10	5.39e-08	6.93e-06	4.19e-03	1.27e-01	8.68e-01	0.00e+00	0.00e+00	0.00e+00
 4.77072e+22	3.65e-23	1.33e-17	1.77e-13	2.15e-10	6.24e-08	7.65e-06	4.45e-03	1.31e-01	8.64e-01	0.00e+00	0.00e+00	0.00e+00
 4.78048e+22	4.59e-23	1.62e-17	2.10e-13	2.47e-10	6.93e-08	8.22e-06	4.66e-03	1.34e-01	8.62e-01	0.00e+00	0.00e+00	0.00e+00
 4.79034e+22	6.40e-23	2.16e-17	2.68e-13	3.02e-10	8.06e-08	9.11e-06	4.96e-03	1.38e-01	8.57e-01	0.00e+00	0.00e+00	0.00e+00
 4.80030e+22	8.14e-23	2.67e-17	3.21e-13	3.49e-10	9.01e-08	9.83e-06	5.20e-03	1.41e-01	8.54e-01	0.00e+00	0.00e+00	0.00e+00
 4.81038e+22	1.13e-22	3.56e-17	4.09e-13	4.26e-10	1.05e-07	1.09e-05	5.54e-03	1.45e-01	8.50e-01	0.00e+00	0.00e+00	0.00e+00
 4.82037e+22	1.45e-22	4.42e-17	4.91e-13	4.96e-10	1.18e-07	1.18e-05	5.81e-03	1.48e-01	8.46e-01	0.00e+00	0.00e+00	0.00e+00
 4.83024e+22	2.03e-22	5.90e-17	6.28e-13	6.06e-10	1.37e-07	1.31e-05	6.19e-03	1.52e-01	8.42e-01	0.00e+00	0.00e+00	0.00e+00
 4.84026e+22	2.64e-22	7.41e-17	7.63e-13	7.10e-10	1.54e-07	1.42e-05	6.51e-03	1.56e-01	8.38e-01	0.00e+00	0.00e+00	0.00e+00
 4.85048e+22	3.75e-22	1.00e-16	9.86e-13	8.77e-10	1.81e-07	1.58e-05	6.96e-03	1.60e-01	8.33e-01	0.00e+00	0.00e+00	0.00e+00
 4.86082e+22	4.92e-22	1.27e-16	1.21e-12	1.03e-09	2.05e-07	1.72e-05	7.33e-03	1.64e-01	8.28e-01	0.00e+00	0.00e+00	0.00e+00
 4.87130e+22	7.06e-22	1.74e-16	1.57e-12	1.28e-09	2.42e-07	1.93e-05	7.86e-03	1.69e-01	8.23e-01	0.00e+00	0.00e+00	0.00e+00
 4.88184e+22	9.29e-22	2.21e-16	1.92e-12	1.52e-09	2.74e-07	2.10e-05	8.28e-03	1.73e-01	8.18e-01	0.00e+00	0.00e+00	0.00e+00
 4.89094e+22	1.22e-21	2.79e-16	2.35e-12	1.78e-09	3.11e-07	2.28e-05	8.72e-03	1.77e-01	8.14e-01	0.00e+00	0.00e+00	0.00e+00
 4.90125e+22	1.72e-21	3.77e-16	3.03e-12	2.20e-09	3.64e-07	2.54e-05	9.33e-03	1.83e-01	8.08e-01	0.00e+00	0.00e+00	0.00e+00
 4.91164e+22	2.25e-21	4.76e-16	3.69e-12	2.59e-09	4.12e-07	2.77e-05	9.83e-03	1.87e-01	8.03e-01	0.00e+00	0.00e+00	0.00e+00
 4.92214e+22	3.21e-21	6.45e-16	4.78e-12	3.20e-09	4.85e-07	3.09e-05	1.05e-02	1.92e-01	7.97e-01	0.00e+00	0.00e+00	0.00e+00
 4.93265e+22	4.14e-21	8.05e-16	5.77e-12	3.73e-09	5.46e-07	3.36e-05	1.11e-02	1.97e-01	7.92e-01	0.00e+00	0.00e+00	0.00e+00
 4.94320e+22	5.84e-21	1.09e-15	7.43e-12	4.60e-09	6.40e-07	3.75e-05	1.18e-02	2.02e-01	7.86e-01	0.00e+00	0.00e+00	0.00e+00
 4.95393e+22	7.54e-21	1.35e-15	8.97e-12	5.37e-09	7.21e-07	4.07e-05	1.24e-02	2.07e-01	7.81e-01	0.00e+00	0.00e+00	0.00e+00
 4.96492e+22	1.05e-20	1.81e-15	1.15e-11	6.58e-09	8.43e-07	4.53e-05	1.33e-02	2.13e-01	7.74e-01	0.00e+00	0.00e+00	0.00e+00
 4.97627e+22	1.38e-20	2.29e-15	1.40e-11	7.76e-09	9.58e-07	4.94e-05	1.40e-02	2.18e-01	7.68e-01	0.00e+00	0.00e+00	0.00e+00
 4.98809e+22	1.95e-20	3.09e-15	1.81e-11	9.58e-09	1.13e-06	5.53e-05	1.50e-02	2.24e-01	7.61e-01	0.00e+00	0.00e+00	0.00e+00
 5.00006e+22	2.55e-20	3.89e-15	2.20e-11	1.13e-08	1.28e-06	6.03e-05	1.59e-02	2.29e-01	7.55e-01	0.00e+00	0.00e+00	0.00e+00
 5.01224e+22	3.57e-20	5.22e-15	2.83e-11	1.38e-08	1.50e-06	6.74e-05	1.70e-02	2.36e-01	7.47e-01	0.00e+00	0.00e+00	0.00e+00
 5.02450e+22	4.61e-20	6.51e-15	3.41e-11	1.62e-08	1.69e-06	7.34e-05	1.79e-02	2.41e-01	7.41e-01	0.00e+00	0.00e+00	0.00e+00
 5.03686e+22	6.39e-20	8.64e-15	4.34e-11	1.98e-08	1.98e-06	8.18e-05	1.91e-02	2.48e-01	7.33e-01	0.00e+00	0.00e+00	0.00e+00
 5.04954e+22	8.26e-20	1.08e-14	5.25e-11	2.31e-08	2.24e-06	8.91e-05	2.02e-02	2.53e-01	7.26e-01	0.00e+00	0.00e+00	0.00e+00
 5.06055e+22	1.05e-19	1.32e-14	6.25e-11	2.67e-08	2.50e-06	9.65e-05	2.12e-02	2.58e-01	7.20e-01	0.00e+00	0.00e+00	0.00e+00
 5.07278e+22	1.41e-19	1.72e-14	7.81e-11	3.22e-08	2.89e-06	1.07e-04	2.25e-02	2.65e-01	7.12e-01	0.00e+00	0.00e+00	0.00e+00
 5.08513e+22	1.78e-19	2.10e-14	9.27e-11	3.71e-08	3.24e-06	1.15e-04	2.37e-02	2.70e-01	7.06e-01	0.00e+00	0.00e+00	0.00e+00
 5.09765e+22	2.39e-19	2.71e-14	1.15e-10	4.45e-08	3.73e-06	1.28e-04	2.52e-02	2.77e-01	6.98e-01	0.00e+00	0.00e+00	0.00e+00
 5.11039e+22	3.01e-19	3.31e-14	1.37e-10	5.13e-08	4.17e-06	1.38e-04	2.64e-02	2.82e-01	6.91e-01	0.00e+00	0.00e+00	0.00e+00
 5.12156e+22	3.74e-19	4.01e-14	1.61e-10	5.88e-08	4.65e-06	1.49e-04	2.76e-02	2.87e-01	6.85e-01	0.00e+00	0.00e+00	0.00e+00
 5.13420e+22	4.95e-19	5.11e-14	1.98e-10	6.99e-08	5.33e-06	1.64e-04	2.93e-02	2.94e-01	6.77e-01	0.00e+00	0.00e+00	0.00e+00
 5.14691e+22	6.14e-19	6.15e-14	2.32e-10	7.99e-08	5.92e-06	1.77e-04	3.07e-02	2.99e-01	6.70e-01	0.00e+00	0.00e+00	0.00e+00
 5.15971e+22	8.12e-19	7.85e-14	2.86e-10	9.51e-08	6.80e-06	1.95e-04	3.25e-02	3.06e-01	6.61e-01	0.00e+00	0.00e+00	0.00e+00
 5.17263e+22	9.95e-19	9.36e-14	3.33e-10	1.08e-07	7.51e-06	2.09e-04	3.40e-02	3.11e-01	6.55e-01	0.00e+00	0.00e+00	0.00e+00
 5.18570e+22	1.31e-18	1.19e-13	4.08e-10	1.28e-07	8.60e-06	2.30e-04	3.60e-02	3.18e-01	6.46e-01	0.00e+00	0.00e+00	0.00e+00
 5.19903e+22	1.61e-18	1.42e-13	4.76e-10	1.46e-07	9.53e-06	2.47e-04	3.76e-02	3.23e-01	6.39e-01	0.00e+00	0.00e+00	0.00e+00
 5.21269e+22	2.12e-18	1.81e-13	5.84e-10	1.73e-07	1.09e-05	2.72e-04	3.99e-02	3.30e-01	6.30e-01	0.00e+00	0.00e+00	0.00e+00
 5.22660e+22	2.60e-18	2.16e-13	6.82e-10	1.97e-07	1.21e-05	2.93e-04	4.17e-02	3.36e-01	6.22e-01	0.00e+00	0.00e+00	0.00e+00
 5.24085e+22	3.43e-18	2.75e-13	8.38e-10	2.34e-07	1.39e-05	3.23e-04	4.42e-02	3.43e-01	6.13e-01	0.00e+00	0.00e+00	0.00e+00
 5.25477e+22	4.12e-18	3.22e-13	9.60e-10	2.62e-07	1.52e-05	3.44e-04	4.59e-02	3.48e-01	6.06e-01	0.00e+00	0.00e+00	0.00e+00
 5.26827e+22	5.34e-18	4.04e-13	1.17e-09	3.09e-07	1.73e-05	3.77e-04	4.85e-02	3.54e-01	5.97e-01	0.00e+00	0.00e+00	0.00e+00
 5.28197e+22	6.41e-18	4.73e-13	1.34e-09	3.46e-07	1.90e-05	4.03e-04	5.04e-02	3.59e-01	5.90e-01	0.00e+00	0.00e+00	0.00e+00
 5.29593e+22	8.24e-18	5.89e-13	1.61e-09	4.05e-07	2.15e-05	4.40e-04	5.32e-02	3.66e-01	5.81e-01	0.00e+00	0.00e+00	0.00e+00
 5.31032e+22	1.01e-17	7.02e-13	1.87e-09	4.60e-07	2.38e-05	4.73e-04	5.55e-02	3.71e-01	5.73e-01	0.00e+00	0.00e+00	0.00e+00
 5.32527e+22	1.29e-17	8.72e-13	2.26e-09	5.39e-07	2.70e-05	5.17e-04	5.85e-02	3.78e-01	5.63e-01	0.00e+00	0.00e+00	0.00e+00
 5.34069e+22	1.60e-17	1.05e-12	2.65e-09	6.15e-07	3.01e-05	5.57e-04	6.12e-02	3.83e-01	5.55e-01	0.00e+00	0.00e+00	0.00e+00
 5.35673e+22	2.07e-17	1.31e-12	3.22e-09	7.24e-07	3.42e-05	6.11e-04	6.46e-02	3.90e-01	5.45e-01	0.00e+00	0.00e+00	0.00e+00
 5.37319e+22	2.57e-17	1.59e-12	3.78e-09	8.30e-07	3.82e-05	6.60e-04	6.76e-02	3.96e-01	5.36e-01	2.57e-17	6.49e-28	6.90e-28
 5.39019e+22	3.35e-17	2.00e-12	4.61e-09	9.81e-07	4.36e-05	7.26e-04	7.15e-02	4.03e-01	5.25e-01	3.35e-17	6.30e-26	7.94e-26
 5.40772e+22	4.20e-17	2.43e-12	5.46e-09	1.13e-06	4.88e-05	7.86e-04	7.49e-02	4.08e-01	5.16e-01	4.20e-17	7.89e-26	9.93e-26
 5.42595e+22	5.53e-17	3.09e-12	6.71e-09	1.34e-06	5.61e-05	8.66e-04	7.93e-02	4.15e-01	5.04e-01	5.53e-17	1.04e-25	1.31e-25
 5.44480e+22	6.99e-17	3.80e-12	8.00e-09	1.56e-06	6.31e-05	9.42e-04	8.32e-02	4.21e-01	4.94e-01	6.99e-17	1.32e-25	1.66e-25
 5.46188e+22	8.77e-17	4.62e-12	9.48e-09	1.80e-06	7.06e-05	1.02e-03	8.72e-02	4.27e-01	4.85e-01	8.77e-17	1.65e-25	2.08e-25
 5.48148e+22	1.17e-16	5.94e-12	1.17e-08	2.15e-06	8.15e-05	1.13e-03	9.24e-02	4.34e-01	4.72e-01	1.17e-16	2.20e-25	2.77e-25
 5.50146e+22	1.48e-16	7.30e-12	1.40e-08	2.49e-06	9.18e-05	1.23e-03	9.69e-02	4.39e-01	4.62e-01	1.48e-16	2.79e-25	3.51e-25
 5.52195e+22	1.99e-16	9.43e-12	1.75e-08	3.00e-06	1.06e-04	1.36e-03	1.03e-01	4.46e-01	4.49e-01	1.99e-16	3.74e-25	4.71e-25
 5.54270e+22	2.53e-16	1.16e-11	2.09e-08	3.49e-06	1.20e-04	1.48e-03	1.08e-01	4.52e-01	4.39e-01	2.53e-16	4.76e-25	5.99e-25
 5.56382e+22	3.42e-16	1.51e-11	2.63e-08	4.22e-06	1.40e-04	1.65e-03	1.15e-01	4.58e-01	4.25e-01	3.42e-16	6.45e-25	8.11e-25
 5.58515e+22	4.35e-16	1.87e-11	3.15e-08	4.91e-06	1.58e-04	1.80e-03	1.20e-01	4.63e-01	4.15e-01	4.35e-16	8.21e-25	1.03e-24
 5.60678e+22	5.95e-16	2.45e-11	3.98e-08	5.99e-06	1.85e-04	2.01e-03	1.28e-01	4.69e-01	4.01e-01	5.95e-16	1.12e-24	1.41e-24
 5.62852e+22	7.55e-16	3.02e-11	4.76e-08	6.95e-06	2.08e-04	2.18e-03	1.34e-01	4.74e-01	3.90e-01	7.55e-16	1.42e-24	1.79e-24
 5.64670e+22	9.38e-16	3.65e-11	5.59e-08	7.97e-06	2.32e-04	2.35e-03	1.40e-01	4.78e-01	3.80e-01	9.38e-16	1.77e-24	2.23e-24
 5.66663e+22	1.25e-15	4.70e-11	6.96e-08	9.59e-06	2.70e-04	2.61e-03	1.48e-01	4.83e-01	3.67e-01	1.25e-15	2.37e-24	2.98e-24
 5.68629e+22	1.54e-15	5.62e-11	8.13e-08	1.09e-05	2.99e-04	2.81e-03	1.54e-01	4.86e-01	3.57e-01	1.54e-15	2.91e-24	3.66e-24
 5.70557e+22	2.03e-15	7.16e-11	1.00e-07	1.30e-05	3.45e-04	3.10e-03	1.62e-01	4.90e-01	3.45e-01	2.03e-15	3.84e-24	4.83e-24
 5.72518e+22	2.52e-15	8.63e-11	1.18e-07	1.49e-05	3.85e-04	3.35e-03	1.69e-01	4.93e-01	3.35e-01	2.52e-15	4.76e-24	5.99e-24
 5.74522e+22	3.35e-15	1.11e-10	1.46e-07	1.79e-05	4.47e-04	3.72e-03	1.79e-01	4.96e-01	3.21e-01	3.35e-15	6.33e-24	7.96e-24
 5.76550e+22	4.16e-15	1.34e-10	1.72e-07	2.06e-05	5.01e-04	4.02e-03	1.86e-01	4.98e-01	3.11e-01	4.16e-15	7.87e-24	9.90e-24
 5.78609e+22	5.54e-15	1.72e-10	2.14e-07	2.48e-05	5.82e-04	4.47e-03	1.97e-01	5.01e-01	2.98e-01	5.54e-15	1.05e-23	1.32e-23
 5.80706e+22	6.95e-15	2.09e-10	2.54e-07	2.88e-05	6.57e-04	4.86e-03	2.05e-01	5.02e-01	2.87e-01	6.95e-15	1.32e-23	1.65e-23
 5.82854e+22	9.30e-15	2.70e-10	3.17e-07	3.48e-05	7.69e-04	5.43e-03	2.17e-01	5.04e-01	2.73e-01	9.30e-15	1.76e-23	2.22e-23
 5.85040e+22	1.17e-14	3.30e-10	3.78e-07	4.06e-05	8.71e-04	5.92e-03	2.27e-01	5.04e-01	2.62e-01	1.17e-14	2.22e-23	2.79e-23
 5.87277e+22	1.57e-14	4.28e-10	4.75e-07	4.94e-05	1.03e-03	6.64e-03	2.40e-01	5.04e-01	2.48e-01	1.57e-14	2.99e-23	3.75e-23
 5.89541e+22	1.98e-14	5.23e-10	5.67e-07	5.76e-05	1.17e-03	7.26e-03	2.51e-01	5.04e-01	2.37e-01	1.98e-14	3.76e-23	4.72e-23
 5.91455e+22	2.43e-14	6.26e-10	6.65e-07	6.63e-05	1.31e-03	7.88e-03	2.61e-01	5.03e-01	2.27e-01	2.43e-14	4.62e-23	5.80e-23
 5.93555e+22	3.16e-14	7.87e-10	8.16e-07	7.94e-05	1.52e-03	8.76e-03	2.75e-01	5.01e-01	2.14e-01	3.16e-14	6.01e-23	7.54e-23
 5.95663e+22	3.85e-14	9.37e-10	9.54e-07	9.11e-05	1.71e-03	9.51e-03	2.85e-01	4.99e-01	2.05e-01	3.85e-14	7.32e-23	9.20e-23
 5.97720e+22	4.88e-14	1.16e-09	1.15e-06	1.08e-04	1.97e-03	1.05e-02	2.99e-01	4.95e-01	1.93e-01	4.88e-14	9.29e-23	1.17e-22
 5.99818e+22	5.93e-14	1.37e-09	1.35e-06	1.24e-04	2.22e-03	1.14e-02	3.11e-01	4.92e-01	1.83e-01	5.93e-14	1.13e-22	1.42e-22
 6.01879e+22	7.35e-14	1.66e-09	1.60e-06	1.45e-04	2.55e-03	1.26e-02	3.25e-01	4.88e-01	1.72e-01	7.35e-14	1.40e-22	1.76e-22
 6.03982e+22	8.88e-14	1.97e-09	1.87e-06	1.67e-04	2.87e-03	1.37e-02	3.37e-01	4.83e-01	1.63e-01	8.88e-14	1.69e-22	2.13e-22
 6.06042e+22	1.07e-13	2.33e-09	2.19e-06	1.93e-04	3.26e-03	1.51e-02	3.51e-01	4.78e-01	1.53e-01	1.07e-13	2.05e-22	2.58e-22
 6.08090e+22	1.28e-13	2.72e-09	2.53e-06	2.21e-04	3.66e-03	1.64e-02	3.63e-01	4.72e-01	1.45e-01	1.28e-13	2.44e-22	3.06e-22
 6.10165e+22	1.53e-13	3.20e-09	2.95e-06	2.55e-04	4.15e-03	1.79e-02	3.77e-01	4.65e-01	1.35e-01	1.53e-13	2.92e-22	3.66e-22
 6.12276e+22	1.80e-13	3.70e-09	3.40e-06	2.90e-04	4.66e-03	1.95e-02	3.90e-01	4.58e-01	1.27e-01	1.80e-13	3.44e-22	4.31e-22
 6.14331e+22	2.09e-13	4.26e-09	3.89e-06	3.30e-04	5.21e-03	2.12e-02	4.03e-01	4.51e-01	1.19e-01	2.09e-13	4.01e-22	5.03e-22
 6.16388e+22	2.43e-13	4.88e-09	4.44e-06	3.75e-04	5.83e-03	2.30e-02	4.16e-01	4.43e-01	1.12e-01	2.43e-13	4.65e-22	5.83e-22
 6.18457e+22	2.79e-13	5.55e-09	5.05e-06	4.24e-04	6.50e-03	2.49e-02	4.29e-01	4.35e-01	1.04e-01	2.79e-13	5.35e-22	6.71e-22
 6.20538e+22	3.19e-13	6.29e-09	5.72e-06	4.79e-04	7.23e-03	2.69e-02	4.42e-01	4.26e-01	9.73e-02	3.19e-13	6.12e-22	7.67e-22
 6.22640e+22	3.62e-13	7.10e-09	6.46e-06	5.39e-04	8.04e-03	2.92e-02	4.55e-01	4.17e-01	9.07e-02	3.62e-13	6.97e-22	8.73e-22
 6.24755e+22	4.09e-13	7.97e-09	7.27e-06	6.06e-04	8.91e-03	3.15e-02	4.67e-01	4.08e-01	8.45e-02	4.09e-13	7.87e-22	9.86e-22
 6.26903e+22	4.60e-13	8.92e-09	8.18e-06	6.81e-04	9.88e-03	3.40e-02	4.79e-01	3.98e-01	7.84e-02	4.60e-13	8.87e-22	1.11e-21
 6.29070e+22	5.14e-13	9.94e-09	9.16e-06	7.63e-04	1.09e-02	3.67e-02	4.91e-01	3.88e-01	7.28e-02	5.14e-13	9.92e-22	1.24e-21
 6.31279e+22	5.74e-13	1.11e-08	1.03e-05	8.56e-04	1.21e-02	3.96e-02	5.03e-01	3.77e-01	6.73e-02	5.74e-13	1.11e-21	1.39e-21
 6.33524e+22	6.36e-13	1.23e-08	1.15e-05	9.57e-04	1.33e-02	4.26e-02	5.14e-01	3.67e-01	6.22e-02	6.36e-13	1.23e-21	1.54e-21
 6.35580e+22	6.92e-13	1.34e-08	1.26e-05	1.05e-03	1.44e-02	4.53e-02	5.23e-01	3.58e-01	5.82e-02	6.92e-13	1.34e-21	1.68e-21
 6.37729e+22	7.64e-13	1.48e-08	1.41e-05	1.18e-03	1.59e-02	4.88e-02	5.35e-01	3.46e-01	5.34e-02	7.64e-13	1.48e-21	1.85e-21
 6.39910e+22	8.29e-13	1.61e-08	1.54e-05	1.29e-03	1.72e-02	5.18e-02	5.43e-01	3.37e-01	4.98e-02	8.29e-13	1.61e-21	2.01e-21
 6.42150e+22	9.15e-13	1.78e-08	1.73e-05	1.45e-03	1.89e-02	5.59e-02	5.53e-01	3.25e-01	4.55e-02	9.15e-13	1.78e-21	2.22e-21
 6.44404e+22	9.86e-13	1.93e-08	1.88e-05	1.59e-03	2.04e-02	5.91e-02	5.61e-01	3.16e-01	4.23e-02	9.86e-13	1.92e-21	2.40e-21
 6.46674e+22	1.08e-12	2.13e-08	2.10e-05	1.78e-03	2.24e-02	6.36e-02	5.70e-01	3.03e-01	3.85e-02	1.08e-12	2.10e-21	2.63e-21
 6.48949e+22	1.16e-12	2.30e-08	2.30e-05	1.94e-03	2.40e-02	6.71e-02	5.77e-01	2.94e-01	3.58e-02	1.16e-12	2.27e-21	2.84e-21
 6.51231e+22	1.27e-12	2.53e-08	2.56e-05	2.17e-03	2.63e-02	7.20e-02	5.85e-01	2.82e-01	3.26e-02	1.27e-12	2.48e-21	3.10e-21
 6.53536e+22	1.37e-12	2.74e-08	2.79e-05	2.37e-03	2.81e-02	7.58e-02	5.90e-01	2.73e-01	3.02e-02	1.37e-12	2.67e-21	3.34e-21
 6.55871e+22	1.49e-12	3.02e-08	3.12e-05	2.65e-03	3.07e-02	8.11e-02	5.97e-01	2.61e-01	2.74e-02	1.49e-12	2.92e-21	3.64e-21
 6.58236e+22	1.60e-12	3.27e-08	3.41e-05	2.90e-03	3.28e-02	8.53e-02	6.01e-01	2.52e-01	2.53e-02	1.60e-12	3.15e-21	3.93e-21
 6.60638e+22	1.75e-12	3.61e-08	3.81e-05	3.24e-03	3.57e-02	9.11e-02	6.07e-01	2.40e-01	2.28e-02	1.75e-12	3.44e-21	4.29e-21
 6.63082e+22	1.89e-12	3.93e-08	4.18e-05	3.54e-03	3.81e-02	9.58e-02	6.10e-01	2.31e-01	2.10e-02	1.89e-12	3.72e-21	4.64e-21
 6.65581e+22	2.07e-12	4.36e-08	4.69e-05	3.97e-03	4.14e-02	1.02e-01	6.14e-01	2.20e-01	1.89e-02	2.07e-12	4.08e-21	5.09e-21
 6.68133e+22	2.24e-12	4.78e-08	5.17e-05	4.35e-03	4.43e-02	1.07e-01	6.16e-01	2.11e-01	1.73e-02	2.24e-12	4.44e-21	5.54e-21
 6.70757e+22	2.47e-12	5.34e-08	5.84e-05	4.90e-03	4.81e-02	1.14e-01	6.18e-01	1.99e-01	1.54e-02	2.47e-12	4.91e-21	6.11e-21
 6.73439e+22	2.71e-12	5.90e-08	6.47e-05	5.39e-03	5.14e-02	1.20e-01	6.19e-01	1.90e-01	1.41e-02	2.71e-12	5.38e-21	6.71e-21
 6.75701e+22	2.92e-12	6.42e-08	7.08e-05	5.85e-03	5.44e-02	1.25e-01	6.19e-01	1.83e-01	1.29e-02	2.92e-12	5.82e-21	7.25e-21
 6.78146e+22	3.22e-12	7.17e-08	7.96e-05	6.51e-03	5.85e-02	1.32e-01	6.18e-01	1.73e-01	1.16e-02	3.22e-12	6.43e-21	8.01e-21
 6.80527e+22	3.48e-12	7.80e-08	8.67e-05	7.04e-03	6.16e-02	1.37e-01	6.17e-01	1.66e-01	1.07e-02	3.48e-12	6.97e-21	8.67e-21
 6.82825e+22	3.80e-12	8.65e-08	9.67e-05	7.77e-03	6.58e-02	1.44e-01	6.16e-01	1.57e-01	9.67e-03	3.80e-12	7.63e-21	9.49e-21
 6.85144e+22	4.15e-12	9.49e-08	1.06e-04	8.40e-03	6.92e-02	1.49e-01	6.14e-01	1.51e-01	8.93e-03	4.15e-12	8.36e-21	1.04e-20
 6.87491e+22	4.58e-12	1.06e-07	1.19e-04	9.28e-03	7.38e-02	1.56e-01	6.10e-01	1.43e-01	8.02e-03	4.58e-12	9.24e-21	1.15e-20
 6.89871e+22	5.03e-12	1.17e-07	1.30e-04	1.00e-02	7.76e-02	1.61e-01	6.07e-01	1.36e-01	7.38e-03	5.03e-12	1.02e-20	1.26e-20
 6.92293e+22	5.59e-12	1.32e-07	1.47e-04	1.11e-02	8.27e-02	1.69e-01	6.02e-01	1.28e-01	6.59e-03	5.59e-12	1.14e-20	1.41e-20
 6.94750e+22	6.20e-12	1.46e-07	1.62e-04	1.20e-02	8.69e-02	1.74e-01	5.98e-01	1.22e-01	6.04e-03	6.20e-12	1.26e-20	1.57e-20
 6.97252e+22	6.95e-12	1.66e-07	1.83e-04	1.33e-02	9.26e-02	1.82e-01	5.92e-01	1.15e-01	5.37e-03	6.95e-12	1.42e-20	1.76e-20
 6.99795e+22	7.78e-12	1.86e-07	2.03e-04	1.45e-02	9.73e-02	1.88e-01	5.86e-01	1.09e-01	4.91e-03	7.78e-12	1.59e-20	1.98e-20
 7.02390e+22	8.82e-12	2.14e-07	2.31e-04	1.61e-02	1.04e-01	1.96e-01	5.78e-01	1.02e-01	4.33e-03	8.82e-12	1.81e-20	2.25e-20
 7.05039e+22	9.96e-12	2.41e-07	2.57e-04	1.75e-02	1.09e-01	2.02e-01	5.71e-01	9.65e-02	3.93e-03	9.96e-12	2.06e-20	2.55e-20
 7.07757e+22	1.15e-11	2.80e-07	2.95e-04	1.95e-02	1.16e-01	2.10e-01	5.61e-01	8.95e-02	3.45e-03	1.15e-11	2.37e-20	2.95e-20
 7.10545e+22	1.31e-11	3.19e-07	3.31e-04	2.13e-02	1.22e-01	2.16e-01	5.53e-01	8.42e-02	3.10e-03	1.31e-11	2.72e-20	3.37e-20
 7.13423e+22	1.54e-11	3.77e-07	3.83e-04	2.38e-02	1.30e-01	2.24e-01	5.41e-01	7.77e-02	2.70e-03	1.54e-11	3.21e-20	3.98e-20
 7.16342e+22	1.77e-11	4.32e-07	4.32e-04	2.60e-02	1.37e-01	2.30e-01	5.31e-01	7.28e-02	2.41e-03	1.77e-11	3.71e-20	4.60e-20
 7.19315e+22	2.11e-11	5.16e-07	5.03e-04	2.91e-02	1.46e-01	2.38e-01	5.18e-01	6.67e-02	2.08e-03	2.11e-11	4.45e-20	5.51e-20
 7.22322e+22	2.46e-11	5.97e-07	5.68e-04	3.18e-02	1.53e-01	2.44e-01	5.07e-01	6.23e-02	1.86e-03	2.46e-11	5.21e-20	6.45e-20
 7.25374e+22	2.96e-11	7.18e-07	6.64e-04	3.56e-02	1.62e-01	2.52e-01	4.91e-01	5.68e-02	1.59e-03	2.96e-11	6.32e-20	7.81e-20
 7.28468e+22	3.49e-11	8.36e-07	7.53e-04	3.89e-02	1.70e-01	2.57e-01	4.79e-01	5.28e-02	1.41e-03	3.49e-11	7.48e-20	9.25e-20
 7.31186e+22	4.07e-11	9.70e-07	8.51e-04	4.24e-02	1.78e-01	2.62e-01	4.66e-01	4.89e-02	1.25e-03	4.07e-11	8.78e-20	1.08e-19
 7.34288e+22	5.00e-11	1.18e-06	9.96e-04	4.73e-02	1.88e-01	2.68e-01	4.49e-01	4.44e-02	1.06e-03	5.00e-11	1.09e-19	1.34e-19
 7.37444e+22	5.91e-11	1.38e-06	1.13e-03	5.17e-02	1.97e-01	2.73e-01	4.35e-01	4.08e-02	9.30e-04	5.91e-11	1.29e-19	1.59e-19
 7.40007e+22	6.87e-11	1.58e-06	1.26e-03	5.56e-02	2.04e-01	2.77e-01	4.23e-01	3.80e-02	8.31e-04	6.87e-11	1.51e-19	1.86e-19
 7.42678e+22	8.25e-11	1.86e-06	1.44e-03	6.07e-02	2.13e-01	2.80e-01	4.09e-01	3.49e-02	7.26e-04	8.25e-11	1.82e-19	2.25e-19
 7.45478e+22	9.69e-11	2.15e-06	1.61e-03	6.55e-02	2.21e-01	2.83e-01	3.95e-01	3.23e-02	6.42e-04	9.69e-11	2.16e-19	2.66e-19
 7.48044e+22	1.14e-10	2.48e-06	1.80e-03	7.06e-02	2.29e-01	2.86e-01	3.82e-01	2.99e-02	5.68e-04	1.14e-10	2.55e-19	3.14e-19
 7.50976e+22	1.40e-10	2.98e-06	2.08e-03	7.74e-02	2.39e-01	2.88e-01	3.66e-01	2.70e-02	4.86e-04	1.40e-10	3.16e-19	3.89e-19
 7.53980e+22	1.68e-10	3.49e-06	2.34e-03	8.37e-02	2.48e-01	2.90e-01	3.51e-01	2.47e-02	4.23e-04	1.68e-10	3.81e-19	4.68e-19
 7.56629e+22	1.99e-10	4.04e-06	2.62e-03	8.99e-02	2.56e-01	2.91e-01	3.38e-01	2.27e-02	3.72e-04	1.99e-10	4.54e-19	5.58e-19
 7.59622e+22	2.47e-10	4.86e-06	3.02e-03	9.83e-02	2.66e-01	2.92e-01	3.21e-01	2.04e-02	3.15e-04	2.47e-10	5.69e-19	6.99e-19
 7.62741e+22	2.99e-10	5.73e-06	3.42e-03	1.06e-01	2.74e-01	2.92e-01	3.06e-01	1.84e-02	2.71e-04	2.99e-10	6.97e-19	8.55e-19
 7.65551e+22	3.60e-10	6.69e-06	3.83e-03	1.14e-01	2.82e-01	2.91e-01	2.92e-01	1.68e-02	2.35e-04	3.60e-10	8.44e-19	1.03e-18
 7.68729e+22	4.55e-10	8.12e-06	4.43e-03	1.25e-01	2.92e-01	2.90e-01	2.74e-01	1.48e-02	1.96e-04	4.55e-10	1.08e-18	1.32e-18
 7.72008e+22	5.59e-10	9.63e-06	5.02e-03	1.34e-01	3.00e-01	2.88e-01	2.59e-01	1.33e-02	1.66e-04	5.59e-10	1.34e-18	1.64e-18
 7.74929e+22	6.79e-10	1.13e-05	5.63e-03	1.44e-01	3.08e-01	2.85e-01	2.45e-01	1.20e-02	1.43e-04	6.79e-10	1.64e-18	2.01e-18
 7.78238e+22	8.70e-10	1.38e-05	6.51e-03	1.57e-01	3.17e-01	2.81e-01	2.28e-01	1.04e-02	1.17e-04	8.70e-10	2.13e-18	2.60e-18
 7.81670e+22	1.08e-09	1.64e-05	7.38e-03	1.69e-01	3.24e-01	2.77e-01	2.13e-01	9.24e-03	9.80e-05	1.08e-09	2.68e-18	3.27e-18
 7.84752e+22	1.33e-09	1.93e-05	8.30e-03	1.80e-01	3.30e-01	2.73e-01	2.00e-01	8.21e-03	8.27e-05	1.33e-09	3.33e-18	4.06e-18
 7.88252e+22	1.74e-09	2.38e-05	9.62e-03	1.96e-01	3.38e-01	2.66e-01	1.84e-01	7.04e-03	6.63e-05	1.74e-09	4.41e-18	5.38e-18
 7.91854e+22	2.18e-09	2.84e-05	1.09e-02	2.09e-01	3.43e-01	2.60e-01	1.70e-01	6.16e-03	5.48e-05	2.18e-09	5.60e-18	6.82e-18
 7.95100e+22	2.72e-09	3.37e-05	1.22e-02	2.23e-01	3.48e-01	2.54e-01	1.58e-01	5.39e-03	4.54e-05	2.72e-09	7.08e-18	8.62e-18
 7.98827e+22	3.62e-09	4.18e-05	1.42e-02	2.41e-01	3.53e-01	2.44e-01	1.42e-01	4.53e-03	3.55e-05	3.62e-09	9.59e-18	1.17e-17
 8.02594e+22	4.58e-09	4.99e-05	1.60e-02	2.57e-01	3.56e-01	2.37e-01	1.30e-01	3.91e-03	2.88e-05	4.58e-09	1.23e-17	1.49e-17
 8.06414e+22	6.11e-09	6.18e-05	1.86e-02	2.77e-01	3.59e-01	2.26e-01	1.17e-01	3.25e-03	2.23e-05	6.11e-09	1.67e-17	2.03e-17
 8.10279e+22	7.75e-09	7.37e-05	2.09e-02	2.93e-01	3.60e-01	2.17e-01	1.06e-01	2.78e-03	1.80e-05	7.75e-09	2.15e-17	2.61e-17
 8.14202e+22	1.05e-08	9.18e-05	2.41e-02	3.14e-01	3.60e-01	2.05e-01	9.39e-02	2.27e-03	1.36e-05	1.05e-08	2.97e-17	3.59e-17
 8.18161e+22	1.33e-08	1.09e-04	2.70e-02	3.31e-01	3.59e-01	1.96e-01	8.48e-02	1.93e-03	1.09e-05	1.33e-08	3.83e-17	4.63e-17
 8.22168e+22	1.80e-08	1.36e-04	3.12e-02	3.53e-01	3.57e-01	1.84e-01	7.42e-02	1.56e-03	8.10e-06	1.80e-08	5.31e-17	6.42e-17
 8.26216e+22	2.29e-08	1.61e-04	3.48e-02	3.70e-01	3.54e-01	1.74e-01	6.65e-02	1.31e-03	6.40e-06	2.29e-08	6.88e-17	8.30e-17
 8.30318e+22	3.11e-08	2.01e-04	4.00e-02	3.92e-01	3.48e-01	1.61e-01	5.75e-02	1.04e-03	4.70e-06	3.11e-08	9.60e-17	1.16e-16
 8.34473e+22	3.97e-08	2.38e-04	4.45e-02	4.09e-01	3.43e-01	1.51e-01	5.10e-02	8.65e-04	3.66e-06	3.97e-08	1.25e-16	1.51e-16
 8.38699e+22	5.43e-08	2.96e-04	5.09e-02	4.30e-01	3.35e-01	1.39e-01	4.36e-02	6.78e-04	2.64e-06	5.43e-08	1.76e-16	2.12e-16
 8.42846e+22	6.84e-08	3.48e-04	5.61e-02	4.46e-01	3.29e-01	1.30e-01	3.87e-02	5.65e-04	2.06e-06	6.84e-08	2.26e-16	2.72e-16
 8.46891e+22	9.19e-08	4.26e-04	6.35e-02	4.65e-01	3.19e-01	1.19e-01	3.30e-02	4.43e-04	1.49e-06	9.19e-08	3.13e-16	3.75e-16
 8.50785e+22	1.13e-07	4.90e-04	6.90e-02	4.78e-01	3.12e-01	1.11e-01	2.95e-02	3.74e-04	1.19e-06	1.13e-07	3.91e-16	4.70e-16
 8.54484e+22	1.47e-07	5.89e-04	7.69e-02	4.93e-01	3.02e-01	1.02e-01	2.53e-02	2.97e-04	8.78e-07	1.47e-07	5.26e-16	6.31e-16
 8.58180e+22	1.81e-07	6.75e-04	8.33e-02	5.05e-01	2.94e-01	9.45e-02	2.25e-02	2.49e-04	6.95e-07	1.81e-07	6.59e-16	7.89e-16
 8.61874e+22	2.33e-07	8.01e-04	9.19e-02	5.18e-01	2.83e-01	8.62e-02	1.94e-02	1.99e-04	5.17e-07	2.33e-07	8.73e-16	1.04e-15
 8.65700e+22	2.91e-07	9.32e-04	1.00e-01	5.29e-01	2.73e-01	7.92e-02	1.69e-02	1.62e-04	3.94e-07	2.91e-07	1.12e-15	1.34e-15
 8.69130e+22	3.58e-07	1.07e-03	1.08e-01	5.39e-01	2.64e-01	7.31e-02	1.49e-02	1.34e-04	3.07e-07	3.58e-07	1.41e-15	1.68e-15
 8.73020e+22	4.66e-07	1.27e-03	1.19e-01	5.49e-01	2.52e-01	6.57e-02	1.26e-02	1.05e-04	2.21e-07	4.66e-07	1.90e-15	2.26e-15
 8.76972e+22	5.79e-07	1.47e-03	1.29e-01	5.57e-01	2.41e-01	5.99e-02	1.09e-02	8.48e-05	1.68e-07	5.79e-07	2.42e-15	2.89e-15
 8.80476e+22	7.11e-07	1.69e-03	1.39e-01	5.63e-01	2.32e-01	5.48e-02	9.49e-03	6.92e-05	1.29e-07	7.11e-07	3.06e-15	3.65e-15
 8.83871e+22	8.63e-07	1.92e-03	1.49e-01	5.69e-01	2.22e-01	5.02e-02	8.31e-03	5.70e-05	0.00e+00	8.63e-07	3.81e-15	4.54e-15
 8.87007e+22	1.03e-06	2.16e-03	1.58e-01	5.72e-01	2.13e-01	4.63e-02	7.34e-03	4.76e-05	0.00e+00	1.03e-06	4.67e-15	5.56e-15
 8.90439e+22	1.28e-06	2.49e-03	1.71e-01	5.76e-01	2.03e-01	4.17e-02	6.28e-03	3.79e-05	0.00e+00	1.28e-06	6.00e-15	7.14e-15
 8.93907e+22	1.54e-06	2.81e-03	1.81e-01	5.78e-01	1.94e-01	3.82e-02	5.51e-03	3.13e-05	0.00e+00	1.54e-06	7.39e-15	8.78e-15
 8.96922e+22	1.83e-06	3.14e-03	1.92e-01	5.79e-01	1.86e-01	3.50e-02	4.85e-03	2.60e-05	0.00e+00	1.83e-06	9.00e-15	1.07e-14
 9.00344e+22	2.28e-06	3.62e-03	2.06e-01	5.80e-01	1.75e-01	3.13e-02	4.12e-03	2.05e-05	0.00e+00	2.28e-06	1.16e-14	1.37e-14
 9.03803e+22	2.70e-06	4.04e-03	2.18e-01	5.79e-01	1.67e-01	2.86e-02	3.61e-03	1.70e-05	0.00e+00	2.70e-06	1.41e-14	1.67e-14
 9.07311e+22	3.35e-06	4.65e-03	2.33e-01	5.77e-01	1.57e-01	2.55e-02	3.05e-03	1.33e-05	0.00e+00	3.35e-06	1.82e-14	2.15e-14
