#depth	Ar	Ar+	Ar+2	Ar+3	Ar+4	Ar+5	Ar+6	Ar+7	Ar+8	Ar+9	Ar+10	Ar+11	Ar+12	Ar+13	Ar+14	Ar+15	Ar+16	Ar+17	Ar+18
 4.62852e+21	0.00e+00	0.00e+00	0.00e+00	0.00e+00	0.00e+00	0.00e+00	0.00e+00	0.00e+00	0.00e+00	1.03e-24	3.56e-21	5.81e-18	6.48e-15	3.66e-12	1.28e-09	4.70e-07	3.03e-04	2.99e-02	9.70e-01
 1.05285e+22	0.00e+00	0.00e+00	0.00e+00	0.00e+00	0.00e+00	0.00e+00	0.00e+00	0.00e+00	5.03e-27	2.51e-23	6.04e-20	6.91e-17	5.49e-14	2.16e-11	5.29e-09	1.36e-06	6.13e-04	4.22e-02	9.57e-01
 1.26524e+22	0.00e+00	0.00e+00	0.00e+00	0.00e+00	0.00e+00	0.00e+00	0.00e+00	4.30e-30	5.50e-26	2.14e-22	4.03e-19	3.62e-16	2.26e-13	7.00e-11	1.35e-08	2.74e-06	9.76e-04	5.30e-02	9.46e-01
 1.41866e+22	0.00e+00	0.00e+00	0.00e+00	0.00e+00	0.00e+00	0.00e+00	0.00e+00	3.54e-29	3.70e-25	1.18e-21	1.83e-18	1.35e-15	6.94e-13	1.78e-10	2.84e-08	4.79e-06	1.41e-03	6.33e-02	9.35e-01
 1.50390e+22	0.00e+00	0.00e+00	0.00e+00	0.00e+00	0.00e+00	0.00e+00	0.00e+00	5.98e-29	5.95e-25	1.80e-21	2.67e-18	1.88e-15	9.20e-13	2.25e-10	3.42e-08	5.50e-06	1.55e-03	6.62e-02	9.32e-01
 1.54311e+22	0.00e+00	0.00e+00	0.00e+00	0.00e+00	0.00e+00	0.00e+00	0.00e+00	1.16e-28	1.08e-24	3.08e-21	4.28e-18	2.84e-15	1.31e-12	3.01e-10	4.32e-08	6.55e-06	1.73e-03	7.00e-02	9.28e-01
 1.58606e+22	0.00e+00	0.00e+00	0.00e+00	0.00e+00	0.00e+00	0.00e+00	0.00e+00	2.21e-28	1.93e-24	5.19e-21	6.78e-18	4.24e-15	1.84e-12	3.99e-10	5.41e-08	7.75e-06	1.94e-03	7.38e-02	9.24e-01
 1.62721e+22	0.00e+00	0.00e+00	0.00e+00	0.00e+00	0.00e+00	0.00e+00	0.00e+00	4.07e-28	3.37e-24	8.51e-21	1.05e-17	6.21e-15	2.54e-12	5.22e-10	6.71e-08	9.10e-06	2.15e-03	7.76e-02	9.20e-01
 1.67406e+22	0.00e+00	0.00e+00	0.00e+00	0.00e+00	0.00e+00	0.00e+00	2.26e-31	9.07e-28	6.94e-24	1.63e-20	1.86e-17	1.02e-14	3.89e-12	7.42e-10	8.88e-08	1.12e-05	2.47e-03	8.29e-02	9.15e-01
 1.72063e+22	0.00e+00	0.00e+00	0.00e+00	0.00e+00	0.00e+00	0.00e+00	4.47e-31	1.70e-27	1.22e-23	2.70e-20	2.91e-17	1.51e-14	5.42e-12	9.78e-10	1.11e-07	1.32e-05	2.75e-03	8.73e-02	9.10e-01
 1.76682e+22	0.00e+00	0.00e+00	0.00e+00	0.00e+00	0.00e+00	0.00e+00	1.08e-30	3.82e-27	2.54e-23	5.19e-20	5.20e-17	2.50e-14	8.32e-12	1.39e-09	1.47e-07	1.63e-05	3.16e-03	9.32e-02	9.04e-01
 1.81217e+22	0.00e+00	0.00e+00	0.00e+00	0.00e+00	0.00e+00	0.00e+00	2.05e-30	6.88e-27	4.33e-23	8.36e-20	7.91e-17	3.60e-14	1.14e-11	1.80e-09	1.80e-07	1.90e-05	3.50e-03	9.78e-02	8.99e-01
 1.84837e+22	0.00e+00	0.00e+00	0.00e+00	0.00e+00	0.00e+00	0.00e+00	3.66e-30	1.17e-26	7.02e-23	1.29e-19	1.16e-16	5.02e-14	1.51e-11	2.28e-09	2.17e-07	2.18e-05	3.83e-03	1.02e-01	8.94e-01
 1.88210e+22	0.00e+00	0.00e+00	0.00e+00	0.00e+00	0.00e+00	0.00e+00	6.44e-30	1.97e-26	1.12e-22	1.96e-19	1.68e-16	6.92e-14	1.98e-11	2.86e-09	2.60e-07	2.50e-05	4.18e-03	1.06e-01	8.89e-01
 1.92072e+22	0.00e+00	0.00e+00	0.00e+00	0.00e+00	0.00e+00	0.00e+00	1.29e-29	3.75e-26	2.00e-22	3.28e-19	2.65e-16	1.03e-13	2.77e-11	3.78e-09	3.25e-07	2.95e-05	4.66e-03	1.12e-01	8.83e-01
 1.95997e+22	0.00e+00	0.00e+00	0.00e+00	0.00e+00	0.00e+00	0.00e+00	2.33e-29	6.45e-26	3.26e-22	5.08e-19	3.90e-16	1.44e-13	3.69e-11	4.79e-09	3.92e-07	3.39e-05	5.11e-03	1.17e-01	8.78e-01
 1.99419e+22	0.00e+00	0.00e+00	0.00e+00	0.00e+00	0.00e+00	0.00e+00	4.09e-29	1.08e-25	5.20e-22	7.72e-19	5.64e-16	1.99e-13	4.85e-11	6.00e-09	4.69e-07	3.88e-05	5.57e-03	1.22e-01	8.73e-01
 2.03283e+22	0.00e+00	0.00e+00	0.00e+00	0.00e+00	0.00e+00	0.00e+00	8.06e-29	2.02e-25	9.14e-22	1.28e-18	8.78e-16	2.92e-13	6.72e-11	7.86e-09	5.82e-07	4.55e-05	6.18e-03	1.28e-01	8.66e-01
 2.07327e+22	0.00e+00	0.00e+00	0.00e+00	0.00e+00	0.00e+00	0.00e+00	1.52e-28	3.62e-25	1.55e-21	2.04e-18	1.33e-15	4.19e-13	9.15e-11	1.01e-08	7.12e-07	5.28e-05	6.82e-03	1.34e-01	8.60e-01
 2.10818e+22	0.00e+00	0.00e+00	0.00e+00	0.00e+00	0.00e+00	0.00e+00	2.67e-28	6.09e-25	2.47e-21	3.11e-18	1.93e-15	5.78e-13	1.20e-10	1.27e-08	8.52e-07	6.03e-05	7.44e-03	1.39e-01	8.53e-01
 2.14571e+22	0.00e+00	0.00e+00	0.00e+00	0.00e+00	0.00e+00	1.62e-31	5.17e-28	1.12e-24	4.28e-21	5.07e-18	2.96e-15	8.40e-13	1.65e-10	1.65e-08	1.05e-06	7.04e-05	8.22e-03	1.46e-01	8.46e-01
 2.18228e+22	0.00e+00	0.00e+00	0.00e+00	0.00e+00	0.00e+00	2.94e-31	8.95e-28	1.85e-24	6.75e-21	7.62e-18	4.25e-15	1.15e-12	2.16e-10	2.06e-08	1.25e-06	8.02e-05	8.95e-03	1.51e-01	8.40e-01
 2.21118e+22	0.00e+00	0.00e+00	0.00e+00	0.00e+00	0.00e+00	4.84e-31	1.42e-27	2.84e-24	9.92e-21	1.07e-17	5.76e-15	1.50e-12	2.69e-10	2.47e-08	1.45e-06	8.94e-05	9.60e-03	1.56e-01	8.34e-01
 2.24232e+22	0.00e+00	0.00e+00	0.00e+00	0.00e+00	0.00e+00	8.66e-31	2.44e-27	4.67e-24	1.55e-20	1.60e-17	8.19e-15	2.03e-12	3.49e-10	3.06e-08	1.71e-06	1.01e-04	1.04e-02	1.62e-01	8.28e-01
 2.27635e+22	0.00e+00	0.00e+00	0.00e+00	0.00e+00	0.00e+00	1.54e-30	4.15e-27	7.62e-24	2.41e-20	2.38e-17	1.16e-14	2.74e-12	4.50e-10	3.78e-08	2.03e-06	1.15e-04	1.13e-02	1.68e-01	8.21e-01
 2.30773e+22	0.00e+00	0.00e+00	0.00e+00	0.00e+00	0.00e+00	2.64e-30	6.86e-27	1.21e-23	3.66e-20	3.45e-17	1.61e-14	3.65e-12	5.73e-10	4.61e-08	2.37e-06	1.29e-04	1.22e-02	1.74e-01	8.14e-01
 2.33728e+22	0.00e+00	0.00e+00	0.00e+00	0.00e+00	0.00e+00	4.45e-30	1.11e-26	1.89e-23	5.48e-20	4.94e-17	2.21e-14	4.80e-12	7.24e-10	5.59e-08	2.76e-06	1.44e-04	1.31e-02	1.79e-01	8.07e-01
 2.37085e+22	0.00e+00	0.00e+00	0.00e+00	0.00e+00	0.00e+00	8.51e-30	2.03e-26	3.29e-23	9.03e-20	7.71e-17	3.27e-14	6.75e-12	9.66e-10	7.09e-08	3.33e-06	1.66e-04	1.43e-02	1.87e-01	7.99e-01
 2.40535e+22	0.00e+00	0.00e+00	0.00e+00	0.00e+00	0.00e+00	1.49e-29	3.41e-26	5.29e-23	1.39e-19	1.13e-16	4.58e-14	9.05e-12	1.24e-09	8.70e-08	3.92e-06	1.87e-04	1.54e-02	1.93e-01	7.91e-01
 2.43594e+22	0.00e+00	0.00e+00	0.00e+00	0.00e+00	0.00e+00	2.55e-29	5.62e-26	8.38e-23	2.10e-19	1.64e-16	6.35e-14	1.20e-11	1.57e-09	1.06e-07	4.59e-06	2.10e-04	1.66e-02	1.99e-01	7.84e-01
 2.46375e+22	0.00e+00	0.00e+00	0.00e+00	0.00e+00	0.00e+00	4.09e-29	8.72e-26	1.25e-22	3.03e-19	2.27e-16	8.46e-14	1.54e-11	1.94e-09	1.26e-07	5.26e-06	2.32e-04	1.77e-02	2.05e-01	7.77e-01
 2.48898e+22	0.00e+00	0.00e+00	0.00e+00	0.00e+00	0.00e+00	2.91e-29	6.00e-26	8.38e-23	4.22e-19	3.05e-16	1.10e-13	1.93e-11	2.35e-09	1.48e-07	5.96e-06	2.54e-04	1.88e-02	2.10e-01	7.71e-01
 2.51771e+22	0.00e+00	0.00e+00	0.00e+00	0.00e+00	0.00e+00	1.06e-28	2.11e-25	2.84e-22	6.31e-19	4.36e-16	1.51e-13	2.54e-11	2.96e-09	1.78e-07	6.92e-06	2.84e-04	2.02e-02	2.17e-01	7.63e-01
 2.54872e+22	0.00e+00	0.00e+00	0.00e+00	0.00e+00	0.00e+00	8.28e-29	1.59e-25	2.05e-22	9.44e-19	6.26e-16	2.07e-13	3.34e-11	3.74e-09	2.16e-07	8.06e-06	3.17e-04	2.17e-02	2.23e-01	7.55e-01
 2.57674e+22	0.00e+00	0.00e+00	0.00e+00	0.00e+00	0.00e+00	1.34e-28	2.48e-25	3.09e-22	1.37e-18	8.71e-16	2.77e-13	4.30e-11	4.63e-09	2.58e-07	9.26e-06	3.51e-04	2.31e-02	2.29e-01	7.47e-01
 2.60723e+22	0.00e+00	0.00e+00	0.00e+00	0.00e+00	7.99e-32	2.37e-28	4.21e-25	5.04e-22	2.12e-18	1.29e-15	3.90e-13	5.79e-11	5.96e-09	3.17e-07	1.09e-05	3.96e-04	2.49e-02	2.37e-01	7.38e-01
 2.63829e+22	0.00e+00	0.00e+00	0.00e+00	0.00e+00	1.39e-31	3.97e-28	6.79e-25	7.82e-22	3.16e-18	1.84e-15	5.34e-13	7.60e-11	7.50e-09	3.83e-07	1.26e-05	4.41e-04	2.67e-02	2.44e-01	7.29e-01
 2.66440e+22	0.00e+00	0.00e+00	0.00e+00	0.00e+00	2.25e-31	6.22e-28	1.03e-24	1.15e-21	4.46e-18	2.50e-15	7.00e-13	9.61e-11	9.14e-09	4.51e-07	1.44e-05	4.85e-04	2.84e-02	2.50e-01	7.21e-01
 2.69261e+22	0.00e+00	0.00e+00	0.00e+00	0.00e+00	3.94e-31	1.05e-27	1.67e-24	1.79e-21	6.67e-18	3.58e-15	9.59e-13	1.26e-10	1.15e-08	5.44e-07	1.67e-05	5.40e-04	3.04e-02	2.57e-01	7.12e-01
 2.72302e+22	0.00e+00	0.00e+00	0.00e+00	0.00e+00	6.89e-31	1.77e-27	2.71e-24	2.80e-21	9.97e-18	5.11e-15	1.31e-12	1.66e-10	1.45e-08	6.58e-07	1.94e-05	6.03e-04	3.25e-02	2.64e-01	7.03e-01
 2.75060e+22	0.00e+00	0.00e+00	0.00e+00	0.00e+00	1.13e-30	2.80e-27	4.16e-24	4.15e-21	1.42e-17	7.02e-15	1.74e-12	2.11e-10	1.78e-08	7.78e-07	2.21e-05	6.63e-04	3.45e-02	2.70e-01	6.94e-01
 2.77562e+22	0.00e+00	0.00e+00	0.00e+00	0.00e+00	1.79e-30	4.30e-27	6.19e-24	5.98e-21	1.97e-17	9.41e-15	2.25e-12	2.64e-10	2.15e-08	9.08e-07	2.49e-05	7.25e-04	3.65e-02	2.76e-01	6.86e-01
 2.79931e+22	0.00e+00	0.00e+00	0.00e+00	0.00e+00	2.76e-30	6.44e-27	9.01e-24	8.45e-21	2.70e-17	1.24e-14	2.87e-12	3.26e-10	2.56e-08	1.05e-06	2.80e-05	7.87e-04	3.84e-02	2.82e-01	6.79e-01
 2.82645e+22	0.00e+00	0.00e+00	0.00e+00	0.00e+00	4.64e-30	1.05e-26	1.42e-23	1.28e-20	3.93e-17	1.73e-14	3.85e-12	4.20e-10	3.17e-08	1.25e-06	3.21e-05	8.70e-04	4.09e-02	2.89e-01	6.69e-01
 2.85541e+22	0.00e+00	0.00e+00	0.00e+00	0.00e+00	7.81e-30	1.70e-26	2.22e-23	1.94e-20	5.70e-17	2.42e-14	5.16e-12	5.41e-10	3.93e-08	1.49e-06	3.68e-05	9.61e-04	4.35e-02	2.96e-01	6.59e-01
 2.88111e+22	0.00e+00	0.00e+00	0.00e+00	0.00e+00	1.25e-29	2.64e-26	3.33e-23	2.82e-20	7.99e-17	3.27e-14	6.72e-12	6.80e-10	4.77e-08	1.75e-06	4.17e-05	1.05e-03	4.60e-02	3.02e-01	6.51e-01
 2.90892e+22	0.00e+00	0.00e+00	0.00e+00	0.00e+00	2.17e-29	4.41e-26	5.38e-23	4.38e-20	1.19e-16	4.65e-14	9.15e-12	8.88e-10	5.97e-08	2.10e-06	4.81e-05	1.17e-03	4.91e-02	3.10e-01	6.40e-01
 2.93728e+22	0.00e+00	0.00e+00	0.00e+00	0.00e+00	1.91e-29	3.76e-26	4.43e-23	6.50e-20	1.70e-16	6.39e-14	1.21e-11	1.13e-09	7.34e-08	2.48e-06	5.49e-05	1.28e-03	5.20e-02	3.16e-01	6.30e-01
 2.96121e+22	0.00e+00	0.00e+00	0.00e+00	0.00e+00	5.51e-29	1.05e-25	1.20e-22	9.19e-20	2.32e-16	8.45e-14	1.55e-11	1.40e-09	8.77e-08	2.87e-06	6.15e-05	1.39e-03	5.47e-02	3.22e-01	6.22e-01
 2.98717e+22	0.00e+00	0.00e+00	0.00e+00	0.00e+00	4.91e-29	9.09e-26	1.00e-22	1.38e-19	3.34e-16	1.17e-13	2.06e-11	1.79e-09	1.08e-07	3.40e-06	7.02e-05	1.53e-03	5.80e-02	3.29e-01	6.11e-01
 3.01514e+22	0.00e+00	0.00e+00	0.00e+00	0.00e+00	8.14e-29	1.46e-25	1.55e-22	2.06e-19	4.80e-16	1.61e-13	2.74e-11	2.29e-09	1.33e-07	4.03e-06	8.01e-05	1.69e-03	6.15e-02	3.36e-01	6.01e-01
 3.04058e+22	0.00e+00	0.00e+00	0.00e+00	3.02e-32	1.28e-28	2.22e-25	2.30e-22	2.96e-19	6.65e-16	2.16e-13	3.53e-11	2.85e-09	1.60e-07	4.69e-06	9.01e-05	1.83e-03	6.48e-02	3.42e-01	5.91e-01
 3.06407e+22	0.00e+00	0.00e+00	0.00e+00	4.79e-32	1.97e-28	3.32e-25	3.34e-22	4.17e-19	9.05e-16	2.84e-13	4.50e-11	3.52e-09	1.90e-07	5.41e-06	1.01e-04	1.99e-03	6.80e-02	3.48e-01	5.82e-01
 3.08674e+22	0.00e+00	0.00e+00	0.00e+00	7.42e-32	2.98e-28	4.88e-25	4.78e-22	5.78e-19	1.22e-15	3.70e-13	5.67e-11	4.29e-09	2.25e-07	6.20e-06	1.12e-04	2.14e-03	7.12e-02	3.53e-01	5.74e-01
 3.11279e+22	0.00e+00	0.00e+00	0.00e+00	1.26e-31	4.91e-28	7.79e-25	7.37e-22	8.62e-19	1.74e-15	5.09e-13	7.50e-11	5.46e-09	2.76e-07	7.31e-06	1.27e-04	2.35e-03	7.52e-02	3.60e-01	5.63e-01
 3.14048e+22	0.00e+00	0.00e+00	0.00e+00	2.14e-31	8.03e-28	1.23e-24	1.13e-21	1.27e-18	2.48e-15	6.96e-13	9.88e-11	6.93e-09	3.37e-07	8.62e-06	1.45e-04	2.57e-03	7.94e-02	3.66e-01	5.52e-01
 3.16516e+22	0.00e+00	0.00e+00	0.00e+00	3.46e-31	1.26e-27	1.88e-24	1.67e-21	1.82e-18	3.42e-15	9.29e-13	1.27e-10	8.63e-09	4.05e-07	1.00e-05	1.63e-04	2.80e-03	8.35e-02	3.72e-01	5.42e-01
 3.19209e+22	0.00e+00	0.00e+00	0.00e+00	6.07e-31	2.14e-27	3.07e-24	2.63e-21	2.77e-18	5.00e-15	1.30e-12	1.71e-10	1.11e-08	5.02e-07	1.19e-05	1.86e-04	3.08e-03	8.84e-02	3.78e-01	5.30e-01
 3.21975e+22	0.00e+00	0.00e+00	0.00e+00	1.02e-30	3.48e-27	4.83e-24	4.00e-21	4.07e-18	7.07e-15	1.77e-12	2.25e-10	1.41e-08	6.12e-07	1.40e-05	2.11e-04	3.36e-03	9.31e-02	3.84e-01	5.19e-01
 3.24287e+22	0.00e+00	0.00e+00	0.00e+00	1.59e-30	5.26e-27	7.11e-24	5.73e-21	5.65e-18	9.51e-15	2.31e-12	2.83e-10	1.72e-08	7.24e-07	1.61e-05	2.34e-04	3.62e-03	9.74e-02	3.89e-01	5.10e-01
 3.26744e+22	0.00e+00	0.00e+00	0.00e+00	2.64e-30	8.50e-27	1.11e-23	8.67e-21	8.27e-18	1.34e-14	3.13e-12	3.71e-10	2.17e-08	8.79e-07	1.88e-05	2.65e-04	3.95e-03	1.02e-01	3.95e-01	4.99e-01
 3.29391e+22	0.00e+00	0.00e+00	0.00e+00	4.38e-30	1.37e-26	1.73e-23	1.31e-20	1.20e-17	1.88e-14	4.24e-12	4.83e-10	2.73e-08	1.07e-06	2.20e-05	2.99e-04	4.30e-03	1.08e-01	4.00e-01	4.87e-01
 3.31815e+22	0.00e+00	0.00e+00	0.00e+00	6.94e-30	2.10e-26	2.59e-23	1.89e-20	1.69e-17	2.56e-14	5.58e-12	6.15e-10	3.36e-08	1.27e-06	2.53e-05	3.33e-04	4.64e-03	1.13e-01	4.05e-01	4.77e-01
 3.34496e+22	0.00e+00	0.00e+00	0.00e+00	1.21e-29	3.55e-26	4.22e-23	2.98e-20	2.56e-17	3.72e-14	7.79e-12	8.24e-10	4.32e-08	1.57e-06	3.01e-05	3.80e-04	5.10e-03	1.19e-01	4.11e-01	4.65e-01
 3.37317e+22	0.00e+00	0.00e+00	0.00e+00	2.09e-29	5.90e-26	6.77e-23	4.62e-20	3.82e-17	5.35e-14	1.08e-11	1.10e-09	5.53e-08	1.93e-06	3.56e-05	4.33e-04	5.58e-03	1.25e-01	4.16e-01	4.53e-01
 3.39679e+22	0.00e+00	0.00e+00	0.00e+00	3.21e-29	8.84e-26	9.86e-23	6.54e-20	5.25e-17	7.14e-14	1.39e-11	1.37e-09	6.72e-08	2.27e-06	4.06e-05	4.79e-04	5.99e-03	1.30e-01	4.20e-01	4.43e-01
 3.42107e+22	0.00e+00	0.00e+00	0.00e+00	5.38e-29	1.43e-25	1.55e-22	9.92e-20	7.69e-17	1.01e-13	1.89e-11	1.80e-09	8.48e-08	2.76e-06	4.76e-05	5.41e-04	6.51e-03	1.37e-01	4.24e-01	4.32e-01
 3.44694e+22	0.00e+00	0.00e+00	2.28e-32	8.87e-29	2.29e-25	2.39e-22	1.48e-19	1.11e-16	1.40e-13	2.55e-11	2.34e-09	1.06e-07	3.34e-06	5.55e-05	6.09e-04	7.07e-03	1.43e-01	4.29e-01	4.20e-01
 3.47035e+22	0.00e+00	0.00e+00	3.63e-32	1.38e-28	3.46e-25	3.51e-22	2.11e-19	1.53e-16	1.88e-13	3.31e-11	2.94e-09	1.30e-07	3.95e-06	6.35e-05	6.74e-04	7.59e-03	1.49e-01	4.32e-01	4.11e-01
 3.49625e+22	0.00e+00	0.00e+00	6.49e-32	2.38e-28	5.78e-25	5.66e-22	3.29e-19	2.29e-16	2.71e-13	4.59e-11	3.92e-09	1.66e-07	4.86e-06	7.52e-05	7.67e-04	8.29e-03	1.57e-01	4.36e-01	3.98e-01
 3.52256e+22	0.00e+00	0.00e+00	1.09e-31	3.90e-28	9.14e-25	8.67e-22	4.87e-19	3.28e-16	3.76e-13	6.14e-11	5.07e-09	2.07e-07	5.86e-06	8.74e-05	8.60e-04	8.97e-03	1.63e-01	4.40e-01	3.87e-01
 3.54461e+22	0.00e+00	0.00e+00	1.71e-31	5.96e-28	1.36e-24	1.25e-21	6.84e-19	4.47e-16	4.98e-13	7.90e-11	6.33e-09	2.51e-07	6.88e-06	9.96e-05	9.49e-04	9.60e-03	1.70e-01	4.42e-01	3.77e-01
 3.56848e+22	0.00e+00	0.00e+00	2.97e-31	1.01e-27	2.22e-24	1.97e-21	1.04e-18	6.54e-16	7.04e-13	1.08e-10	8.31e-09	3.17e-07	8.39e-06	1.17e-04	1.07e-03	1.04e-02	1.78e-01	4.45e-01	3.66e-01
 3.59346e+22	0.00e+00	0.00e+00	4.85e-31	1.60e-27	3.43e-24	2.95e-21	1.51e-18	9.16e-16	9.56e-13	1.42e-10	1.06e-08	3.91e-07	1.00e-05	1.35e-04	1.19e-03	1.12e-02	1.85e-01	4.48e-01	3.55e-01
 3.61629e+22	0.00e+00	0.00e+00	7.86e-31	2.53e-27	5.24e-24	4.38e-21	2.17e-18	1.27e-15	1.29e-12	1.85e-10	1.34e-08	4.80e-07	1.19e-05	1.55e-04	1.33e-03	1.21e-02	1.92e-01	4.50e-01	3.45e-01
 3.64237e+22	0.00e+00	0.00e+00	1.46e-30	4.54e-27	9.06e-24	7.27e-21	3.45e-18	1.94e-15	1.90e-12	2.62e-10	1.82e-08	6.25e-07	1.49e-05	1.85e-04	1.52e-03	1.32e-02	2.02e-01	4.52e-01	3.32e-01
 3.66858e+22	0.00e+00	0.00e+00	2.40e-30	7.26e-27	1.41e-23	1.09e-20	5.02e-18	2.73e-15	2.59e-12	3.46e-10	2.33e-08	7.71e-07	1.77e-05	2.14e-04	1.69e-03	1.42e-02	2.09e-01	4.53e-01	3.21e-01
 3.69076e+22	0.00e+00	0.00e+00	3.86e-30	1.14e-26	2.13e-23	1.61e-20	7.15e-18	3.76e-15	3.46e-12	4.50e-10	2.93e-08	9.43e-07	2.10e-05	2.45e-04	1.87e-03	1.52e-02	2.17e-01	4.54e-01	3.11e-01
 3.71186e+22	0.00e+00	0.00e+00	6.13e-30	1.76e-26	3.20e-23	2.34e-20	1.01e-17	5.12e-15	4.60e-12	5.80e-10	3.67e-08	1.15e-06	2.48e-05	2.80e-04	2.07e-03	1.63e-02	2.25e-01	4.55e-01	3.02e-01
 3.73574e+22	0.00e+00	0.00e+00	1.07e-29	2.97e-26	5.23e-23	3.67e-20	1.52e-17	7.44e-15	6.48e-12	7.89e-10	4.83e-08	1.45e-06	3.02e-05	3.28e-04	2.33e-03	1.76e-02	2.34e-01	4.55e-01	2.90e-01
 3.76054e+22	0.00e+00	0.00e+00	1.76e-29	4.74e-26	8.08e-23	5.49e-20	2.20e-17	1.04e-14	8.78e-12	1.04e-09	6.14e-08	1.79e-06	3.60e-05	3.78e-04	2.59e-03	1.89e-02	2.43e-01	4.55e-01	2.80e-01
 3.78279e+22	0.00e+00	0.00e+00	2.88e-29	7.56e-26	1.25e-22	8.18e-20	3.17e-17	1.44e-14	1.19e-11	1.36e-09	7.81e-08	2.20e-06	4.30e-05	4.36e-04	2.88e-03	2.03e-02	2.51e-01	4.55e-01	2.70e-01
 3.80443e+22	0.00e+00	0.00e+00	4.64e-29	1.18e-25	1.89e-22	1.20e-19	4.50e-17	1.97e-14	1.58e-11	1.77e-09	9.85e-08	2.69e-06	5.09e-05	5.00e-04	3.19e-03	2.17e-02	2.60e-01	4.54e-01	2.61e-01
 3.82522e+22	0.00e+00	0.00e+00	7.26e-29	1.81e-25	2.80e-22	1.72e-19	6.25e-17	2.65e-14	2.08e-11	2.26e-09	1.22e-07	3.25e-06	5.96e-05	5.68e-04	3.50e-03	2.30e-02	2.68e-01	4.53e-01	2.52e-01
 3.84842e+22	0.00e+00	0.00e+00	1.28e-28	3.08e-25	4.59e-22	2.72e-19	9.45e-17	3.84e-14	2.92e-11	3.08e-09	1.61e-07	4.12e-06	7.29e-05	6.67e-04	3.95e-03	2.49e-02	2.78e-01	4.52e-01	2.41e-01
 3.87191e+22	0.00e+00	0.00e+00	2.05e-28	4.81e-25	6.94e-22	3.97e-19	1.34e-16	5.24e-14	3.89e-11	3.98e-09	2.02e-07	5.02e-06	8.62e-05	7.63e-04	4.36e-03	2.65e-02	2.86e-01	4.50e-01	2.32e-01
 3.89240e+22	0.00e+00	0.00e+00	3.27e-28	7.46e-25	1.04e-21	5.76e-19	1.87e-16	7.08e-14	5.15e-11	5.13e-09	2.53e-07	6.09e-06	1.02e-04	8.71e-04	4.80e-03	2.83e-02	2.95e-01	4.48e-01	2.23e-01
 3.91265e+22	0.00e+00	0.00e+00	5.16e-28	1.14e-24	1.55e-21	8.28e-19	2.60e-16	9.50e-14	6.76e-11	6.56e-09	3.15e-07	7.37e-06	1.19e-04	9.90e-04	5.27e-03	3.00e-02	3.03e-01	4.45e-01	2.15e-01
 3.93592e+22	0.00e+00	0.00e+00	9.14e-28	1.96e-24	2.55e-21	1.31e-18	3.94e-16	1.38e-13	9.51e-11	8.95e-09	4.15e-07	9.35e-06	1.46e-04	1.16e-03	5.93e-03	3.24e-02	3.14e-01	4.42e-01	2.04e-01
 3.95907e+22	0.00e+00	0.00e+00	1.48e-27	3.07e-24	3.86e-21	1.91e-18	5.56e-16	1.87e-13	1.26e-10	1.16e-08	5.23e-07	1.14e-05	1.73e-04	1.33e-03	6.55e-03	3.44e-02	3.23e-01	4.39e-01	1.96e-01
 3.97823e+22	0.00e+00	0.00e+00	2.27e-27	4.59e-24	5.60e-21	2.69e-18	7.55e-16	2.45e-13	1.63e-10	1.46e-08	6.42e-07	1.36e-05	2.01e-04	1.50e-03	7.15e-03	3.64e-02	3.31e-01	4.36e-01	1.88e-01
 3.99933e+22	0.00e+00	8.52e-33	3.85e-27	7.55e-24	8.87e-21	4.09e-18	1.10e-15	3.44e-13	2.23e-10	1.94e-08	8.27e-07	1.70e-05	2.42e-04	1.74e-03	7.96e-03	3.89e-02	3.41e-01	4.31e-01	1.79e-01
 4.02125e+22	0.00e+00	1.41e-32	6.19e-27	1.18e-23	1.34e-20	5.94e-18	1.54e-15	4.63e-13	2.94e-10	2.50e-08	1.04e-06	2.06e-05	2.85e-04	1.99e-03	8.75e-03	4.13e-02	3.49e-01	4.27e-01	1.71e-01
 4.04083e+22	0.00e+00	2.25e-32	9.64e-27	1.79e-23	1.96e-20	8.44e-18	2.12e-15	6.13e-13	3.82e-10	3.17e-08	1.28e-06	2.48e-05	3.33e-04	2.25e-03	9.57e-03	4.36e-02	3.58e-01	4.23e-01	1.64e-01
 4.06288e+22	0.00e+00	4.08e-32	1.69e-26	3.02e-23	3.19e-20	1.31e-17	3.16e-15	8.73e-13	5.31e-10	4.28e-08	1.67e-06	3.12e-05	4.05e-04	2.62e-03	1.07e-02	4.67e-02	3.68e-01	4.17e-01	1.55e-01
 4.08473e+22	0.00e+00	6.66e-32	2.69e-26	4.67e-23	4.76e-20	1.89e-17	4.37e-15	1.16e-12	6.94e-10	5.47e-08	2.08e-06	3.78e-05	4.75e-04	2.98e-03	1.17e-02	4.94e-02	3.76e-01	4.11e-01	1.48e-01
 4.10306e+22	0.00e+00	1.03e-31	4.08e-26	6.89e-23	6.81e-20	2.62e-17	5.86e-15	1.51e-12	8.85e-10	6.82e-08	2.54e-06	4.48e-05	5.49e-04	3.34e-03	1.27e-02	5.19e-02	3.83e-01	4.06e-01	1.42e-01
 4.12360e+22	0.00e+00	1.82e-31	6.97e-26	1.14e-22	1.08e-19	3.98e-17	8.52e-15	2.09e-12	1.21e-09	9.05e-08	3.27e-06	5.57e-05	6.60e-04	3.87e-03	1.41e-02	5.52e-02	3.93e-01	4.00e-01	1.34e-01
 4.14458e+22	0.00e+00	2.89e-31	1.08e-25	1.71e-22	1.58e-19	5.62e-17	1.16e-14	2.75e-12	1.56e-09	1.14e-07	4.02e-06	6.66e-05	7.67e-04	4.36e-03	1.54e-02	5.81e-02	4.00e-01	3.94e-01	1.28e-01
 4.16614e+22	0.00e+00	5.23e-31	1.89e-25	2.90e-22	2.55e-19	8.70e-17	1.72e-14	3.88e-12	2.15e-09	1.54e-07	5.24e-06	8.37e-05	9.30e-04	5.07e-03	1.71e-02	6.19e-02	4.09e-01	3.86e-01	1.20e-01
 4.18781e+22	0.00e+00	8.62e-31	3.04e-25	4.51e-22	3.83e-19	1.26e-16	2.38e-14	5.18e-12	2.82e-09	1.97e-07	6.54e-06	1.01e-04	1.09e-03	5.76e-03	1.87e-02	6.52e-02	4.17e-01	3.79e-01	1.14e-01
 4.20630e+22	0.00e+00	1.37e-30	4.71e-25	6.78e-22	5.57e-19	1.76e-16	3.23e-14	6.75e-12	3.62e-09	2.48e-07	8.03e-06	1.21e-04	1.27e-03	6.48e-03	2.03e-02	6.84e-02	4.23e-01	3.72e-01	1.08e-01
 4.22701e+22	0.00e+00	2.44e-30	8.14e-25	1.13e-21	8.90e-19	2.69e-16	4.70e-14	9.38e-12	4.95e-09	3.30e-07	1.04e-05	1.51e-04	1.53e-03	7.50e-03	2.25e-02	7.25e-02	4.31e-01	3.64e-01	1.01e-01
 4.24801e+22	0.00e+00	3.89e-30	1.27e-24	1.71e-21	1.30e-18	3.80e-16	6.39e-14	1.23e-11	6.38e-09	4.17e-07	1.28e-05	1.81e-04	1.78e-03	8.43e-03	2.44e-02	7.59e-02	4.37e-01	3.56e-01	9.58e-02
 4.26936e+22	0.00e+00	6.97e-30	2.20e-24	2.86e-21	2.09e-18	5.83e-16	9.35e-14	1.71e-11	8.73e-09	5.56e-07	1.65e-05	2.25e-04	2.14e-03	9.74e-03	2.70e-02	8.03e-02	4.44e-01	3.47e-01	8.94e-02
 4.29125e+22	0.00e+00	1.15e-29	3.54e-24	4.46e-21	3.14e-18	8.42e-16	1.30e-13	2.28e-11	1.15e-08	7.13e-07	2.06e-05	2.72e-04	2.51e-03	1.10e-02	2.94e-02	8.41e-02	4.50e-01	3.39e-01	8.41e-02
 4.31065e+22	0.00e+00	1.90e-29	5.70e-24	6.94e-21	4.70e-18	1.21e-15	1.79e-13	3.00e-11	1.49e-08	9.11e-07	2.57e-05	3.29e-04	2.94e-03	1.25e-02	3.20e-02	8.81e-02	4.55e-01	3.30e-01	7.90e-02
 4.33271e+22	0.00e+00	3.55e-29	1.03e-23	1.20e-20	7.78e-18	1.91e-15	2.67e-13	4.26e-11	2.08e-08	1.24e-06	3.37e-05	4.16e-04	3.58e-03	1.45e-02	3.54e-02	9.31e-02	4.61e-01	3.19e-01	7.30e-02
 4.35386e+22	0.00e+00	5.54e-29	1.57e-23	1.78e-20	1.11e-17	2.63e-15	3.56e-13	5.46e-11	2.64e-08	1.54e-06	4.10e-05	4.92e-04	4.11e-03	1.62e-02	3.81e-02	9.68e-02	4.64e-01	3.11e-01	6.89e-02
 4.37385e+22	0.00e+00	1.01e-28	2.77e-23	3.02e-20	1.80e-17	4.04e-15	5.18e-13	7.54e-11	3.60e-08	2.06e-06	5.31e-05	6.15e-04	4.96e-03	1.87e-02	4.20e-02	1.02e-01	4.68e-01	3.00e-01	6.35e-02
 4.39354e+22	0.00e+00	1.55e-28	4.16e-23	4.41e-20	2.54e-17	5.51e-15	6.81e-13	9.54e-11	4.52e-08	2.53e-06	6.40e-05	7.21e-04	5.66e-03	2.07e-02	4.49e-02	1.05e-01	4.71e-01	2.92e-01	5.99e-02
 4.40970e+22	0.00e+00	2.29e-28	6.05e-23	6.24e-20	3.48e-17	7.32e-15	8.74e-13	1.18e-10	5.56e-08	3.07e-06	7.59e-05	8.34e-04	6.39e-03	2.27e-02	4.78e-02	1.09e-01	4.72e-01	2.85e-01	5.67e-02
 4.42755e+22	0.00e+00	3.89e-28	9.98e-23	9.92e-20	5.31e-17	1.07e-14	1.21e-12	1.57e-10	7.30e-08	3.95e-06	9.53e-05	1.01e-03	7.51e-03	2.56e-02	5.18e-02	1.13e-01	4.74e-01	2.74e-01	5.25e-02
 4.44396e+22	0.00e+00	5.55e-28	1.40e-22	1.36e-19	7.06e-17	1.37e-14	1.51e-12	1.89e-10	8.77e-08	4.69e-06	1.11e-04	1.15e-03	8.37e-03	2.79e-02	5.47e-02	1.16e-01	4.75e-01	2.67e-01	4.99e-02
 4.45645e+22	0.00e+00	7.78e-28	1.93e-22	1.83e-19	9.23e-17	1.74e-14	1.87e-12	2.26e-10	1.04e-07	5.51e-06	1.28e-04	1.31e-03	9.27e-03	3.01e-02	5.76e-02	1.19e-01	4.75e-01	2.61e-01	4.74e-02
 4.47065e+22	0.00e+00	1.15e-27	2.80e-22	2.58e-19	1.26e-16	2.31e-14	2.38e-12	2.79e-10	1.28e-07	6.65e-06	1.52e-04	1.51e-03	1.04e-02	3.29e-02	6.10e-02	1.22e-01	4.75e-01	2.53e-01	4.46e-02
 4.48515e+22	0.00e+00	1.63e-27	3.89e-22	3.49e-19	1.66e-16	2.94e-14	2.95e-12	3.34e-10	1.52e-07	7.84e-06	1.76e-04	1.71e-03	1.16e-02	3.56e-02	6.41e-02	1.25e-01	4.74e-01	2.46e-01	4.23e-02
 4.49763e+22	0.00e+00	2.26e-27	5.31e-22	4.65e-19	2.15e-16	3.70e-14	3.59e-12	3.95e-10	1.80e-07	9.15e-06	2.02e-04	1.92e-03	1.28e-02	3.83e-02	6.72e-02	1.27e-01	4.73e-01	2.39e-01	4.02e-02
 4.50966e+22	0.00e+00	3.14e-27	7.26e-22	6.20e-19	2.79e-16	4.66e-14	4.39e-12	4.68e-10	2.12e-07	1.07e-05	2.32e-04	2.16e-03	1.41e-02	4.12e-02	7.04e-02	1.30e-01	4.72e-01	2.33e-01	3.81e-02
 4.52112e+22	0.00e+00	4.21e-27	9.61e-22	8.03e-19	3.53e-16	5.73e-14	5.24e-12	5.44e-10	2.46e-07	1.23e-05	2.62e-04	2.40e-03	1.53e-02	4.39e-02	7.33e-02	1.32e-01	4.70e-01	2.27e-01	3.63e-02
 4.53365e+22	0.00e+00	6.08e-27	1.36e-21	1.11e-18	4.72e-16	7.41e-14	6.55e-12	6.56e-10	2.96e-07	1.46e-05	3.06e-04	2.73e-03	1.71e-02	4.75e-02	7.70e-02	1.35e-01	4.67e-01	2.19e-01	3.41e-02
 4.54648e+22	0.00e+00	8.31e-27	1.83e-21	1.46e-18	6.03e-16	9.22e-14	7.90e-12	7.69e-10	3.47e-07	1.69e-05	3.49e-04	3.05e-03	1.87e-02	5.08e-02	8.03e-02	1.37e-01	4.65e-01	2.13e-01	3.23e-02
 4.55784e+22	0.00e+00	1.13e-26	2.45e-21	1.90e-18	7.68e-16	1.14e-13	9.48e-12	8.96e-10	4.04e-07	1.95e-05	3.96e-04	3.40e-03	2.04e-02	5.42e-02	8.35e-02	1.39e-01	4.62e-01	2.06e-01	3.06e-02
 4.57077e+22	3.92e-33	1.70e-26	3.62e-21	2.72e-18	1.06e-15	1.51e-13	1.20e-11	1.09e-09	4.93e-07	2.35e-05	4.69e-04	3.92e-03	2.29e-02	5.91e-02	8.80e-02	1.41e-01	4.58e-01	1.98e-01	2.85e-02
 4.58346e+22	5.36e-33	2.29e-26	4.81e-21	3.53e-18	1.34e-15	1.85e-13	1.44e-11	1.27e-09	5.71e-07	2.70e-05	5.30e-04	4.35e-03	2.50e-02	6.29e-02	9.13e-02	1.43e-01	4.54e-01	1.92e-01	2.70e-02
 4.59383e+22	7.27e-33	3.06e-26	6.35e-21	4.54e-18	1.67e-15	2.26e-13	1.70e-11	1.45e-09	6.57e-07	3.08e-05	5.97e-04	4.81e-03	2.71e-02	6.67e-02	9.46e-02	1.45e-01	4.50e-01	1.86e-01	2.55e-02
 4.60364e+22	9.71e-33	4.04e-26	8.26e-21	5.78e-18	2.08e-15	2.72e-13	1.99e-11	1.66e-09	7.51e-07	3.49e-05	6.68e-04	5.29e-03	2.93e-02	7.05e-02	9.78e-02	1.46e-01	4.46e-01	1.80e-01	2.42e-02
 4.61471e+22	1.39e-32	5.68e-26	1.14e-20	7.77e-18	2.71e-15	3.43e-13	2.42e-11	1.95e-09	8.85e-07	4.08e-05	7.68e-04	5.94e-03	3.21e-02	7.55e-02	1.02e-01	1.48e-01	4.40e-01	1.73e-01	2.27e-02
 4.62609e+22	1.92e-32	7.73e-26	1.53e-20	1.01e-17	3.43e-15	4.21e-13	2.88e-11	2.24e-09	1.02e-06	4.68e-05	8.68e-04	6.58e-03	3.50e-02	8.02e-02	1.05e-01	1.49e-01	4.35e-01	1.67e-01	2.13e-02
 4.63599e+22	2.56e-32	1.02e-25	1.99e-20	1.29e-17	4.24e-15	5.07e-13	3.36e-11	2.55e-09	1.17e-06	5.30e-05	9.70e-04	7.22e-03	3.77e-02	8.45e-02	1.08e-01	1.50e-01	4.29e-01	1.61e-01	2.02e-02
 4.64697e+22	3.71e-32	1.45e-25	2.79e-20	1.75e-17	5.57e-15	6.42e-13	4.10e-11	3.00e-09	1.38e-06	6.20e-05	1.12e-03	8.12e-03	4.14e-02	9.04e-02	1.13e-01	1.51e-01	4.22e-01	1.54e-01	1.88e-02
 4.65822e+22	5.13e-32	1.97e-25	3.75e-20	2.29e-17	7.05e-15	7.87e-13	4.86e-11	3.44e-09	1.59e-06	7.11e-05	1.26e-03	8.99e-03	4.49e-02	9.57e-02	1.16e-01	1.52e-01	4.15e-01	1.48e-01	1.76e-02
 4.66809e+22	6.93e-32	2.63e-25	4.93e-20	2.93e-17	8.78e-15	9.51e-13	5.68e-11	3.90e-09	1.82e-06	8.07e-05	1.41e-03	9.87e-03	4.84e-02	1.01e-01	1.19e-01	1.52e-01	4.09e-01	1.42e-01	1.65e-02
 4.67921e+22	1.03e-31	3.83e-25	7.06e-20	4.05e-17	1.17e-14	1.22e-12	6.97e-11	4.60e-09	2.16e-06	9.50e-05	1.63e-03	1.11e-02	5.33e-02	1.08e-01	1.24e-01	1.53e-01	3.99e-01	1.35e-01	1.52e-02
 4.69045e+22	1.41e-31	5.20e-25	9.43e-20	5.26e-17	1.47e-14	1.48e-12	8.20e-11	5.24e-09	2.48e-06	1.08e-04	1.84e-03	1.23e-02	5.76e-02	1.14e-01	1.27e-01	1.53e-01	3.91e-01	1.29e-01	1.42e-02
 4.70006e+22	1.89e-31	6.85e-25	1.23e-19	6.67e-17	1.82e-14	1.77e-12	9.52e-11	5.90e-09	2.81e-06	1.22e-04	2.04e-03	1.34e-02	6.17e-02	1.19e-01	1.30e-01	1.53e-01	3.84e-01	1.24e-01	1.33e-02
 4.71073e+22	2.85e-31	1.01e-24	1.79e-19	9.33e-17	2.43e-14	2.27e-12	1.16e-10	6.91e-09	3.33e-06	1.44e-04	2.36e-03	1.51e-02	6.79e-02	1.27e-01	1.34e-01	1.53e-01	3.72e-01	1.16e-01	1.21e-02
 4.72121e+22	3.76e-31	1.32e-24	2.30e-19	1.17e-16	2.98e-14	2.70e-12	1.34e-10	7.73e-09	3.75e-06	1.61e-04	2.61e-03	1.64e-02	7.24e-02	1.33e-01	1.37e-01	1.52e-01	3.64e-01	1.11e-01	1.13e-02
 4.73144e+22	5.58e-31	1.93e-24	3.30e-19	1.62e-16	3.94e-14	3.42e-12	1.62e-10	8.97e-09	4.41e-06	1.89e-04	3.00e-03	1.84e-02	7.92e-02	1.41e-01	1.40e-01	1.51e-01	3.53e-01	1.04e-01	1.03e-02
 4.74149e+22	7.29e-31	2.49e-24	4.21e-19	2.01e-16	4.77e-14	4.02e-12	1.85e-10	9.97e-09	4.94e-06	2.10e-04	3.29e-03	1.98e-02	8.39e-02	1.46e-01	1.43e-01	1.50e-01	3.44e-01	9.97e-02	9.65e-03
 4.75130e+22	1.08e-30	3.63e-24	6.04e-19	2.77e-16	6.29e-14	5.07e-12	2.23e-10	1.15e-08	5.78e-06	2.44e-04	3.77e-03	2.22e-02	9.15e-02	1.54e-01	1.46e-01	1.48e-01	3.32e-01	9.31e-02	8.73e-03
 4.76105e+22	1.42e-30	4.71e-24	7.73e-19	3.46e-16	7.63e-14	5.97e-12	2.54e-10	1.27e-08	6.45e-06	2.71e-04	4.14e-03	2.39e-02	9.69e-02	1.60e-01	1.48e-01	1.47e-01	3.23e-01	8.86e-02	8.14e-03
 4.77072e+22	2.10e-30	6.86e-24	1.11e-18	4.74e-16	1.00e-13	7.50e-12	3.05e-10	1.46e-08	7.52e-06	3.15e-04	4.72e-03	2.66e-02	1.05e-01	1.68e-01	1.50e-01	1.45e-01	3.10e-01	8.24e-02	7.33e-03
 4.78048e+22	2.80e-30	9.02e-24	1.44e-18	5.99e-16	1.23e-13	8.88e-12	3.49e-10	1.62e-08	8.42e-06	3.51e-04	5.19e-03	2.87e-02	1.11e-01	1.74e-01	1.52e-01	1.43e-01	3.00e-01	7.79e-02	6.78e-03
 4.79034e+22	4.19e-30	1.33e-23	2.08e-18	8.28e-16	1.62e-13	1.12e-11	4.19e-10	1.86e-08	9.81e-06	4.07e-04	5.91e-03	3.18e-02	1.20e-01	1.83e-01	1.54e-01	1.40e-01	2.86e-01	7.19e-02	6.05e-03
 4.80030e+22	5.64e-30	1.76e-23	2.73e-18	1.05e-15	1.99e-13	1.33e-11	4.80e-10	2.06e-08	1.10e-05	4.53e-04	6.51e-03	3.43e-02	1.27e-01	1.89e-01	1.55e-01	1.38e-01	2.76e-01	6.76e-02	5.56e-03
 4.81038e+22	8.43e-30	2.59e-23	3.94e-18	1.45e-15	2.63e-13	1.68e-11	5.76e-10	2.36e-08	1.28e-05	5.24e-04	7.38e-03	3.80e-02	1.37e-01	1.97e-01	1.57e-01	1.34e-01	2.62e-01	6.20e-02	4.93e-03
 4.82037e+22	1.14e-29	3.46e-23	5.18e-18	1.85e-15	3.24e-13	1.99e-11	6.59e-10	2.61e-08	1.43e-05	5.83e-04	8.10e-03	4.08e-02	1.45e-01	2.03e-01	1.57e-01	1.31e-01	2.51e-01	5.80e-02	4.50e-03
 4.83024e+22	1.70e-29	5.07e-23	7.46e-18	2.55e-15	4.26e-13	2.50e-11	7.86e-10	2.98e-08	1.65e-05	6.69e-04	9.13e-03	4.49e-02	1.55e-01	2.11e-01	1.58e-01	1.27e-01	2.37e-01	5.30e-02	3.98e-03
 4.84026e+22	2.33e-29	6.86e-23	9.96e-18	3.28e-15	5.29e-13	2.99e-11	9.04e-10	3.30e-08	1.84e-05	7.45e-04	1.00e-02	4.83e-02	1.63e-01	2.17e-01	1.58e-01	1.24e-01	2.26e-01	4.92e-02	3.60e-03
 4.85048e+22	3.53e-29	1.02e-22	1.45e-17	4.57e-15	7.02e-13	3.77e-11	1.08e-09	3.78e-08	2.13e-05	8.56e-04	1.13e-02	5.30e-02	1.74e-01	2.24e-01	1.58e-01	1.20e-01	2.12e-01	4.45e-02	3.14e-03
 4.86082e+22	4.89e-29	1.39e-22	1.96e-17	5.92e-15	8.75e-13	4.53e-11	1.25e-09	4.20e-08	2.38e-05	9.52e-04	1.24e-02	5.68e-02	1.83e-01	2.29e-01	1.57e-01	1.16e-01	2.01e-01	4.10e-02	2.82e-03
 4.87130e+22	7.49e-29	2.09e-22	2.89e-17	8.31e-15	1.17e-12	5.74e-11	1.50e-09	4.81e-08	2.74e-05	1.09e-03	1.39e-02	6.21e-02	1.95e-01	2.36e-01	1.56e-01	1.11e-01	1.87e-01	3.68e-02	2.44e-03
 4.88184e+22	1.04e-28	2.86e-22	3.88e-17	1.08e-14	1.46e-12	6.90e-11	1.73e-09	5.35e-08	3.05e-05	1.21e-03	1.52e-02	6.64e-02	2.03e-01	2.40e-01	1.54e-01	1.07e-01	1.76e-01	3.37e-02	2.18e-03
 4.89094e+22	1.43e-28	3.89e-22	5.20e-17	1.39e-14	1.81e-12	8.25e-11	1.99e-09	5.93e-08	3.38e-05	1.33e-03	1.65e-02	7.07e-02	2.12e-01	2.44e-01	1.53e-01	1.03e-01	1.66e-01	3.10e-02	1.94e-03
 4.90125e+22	2.16e-28	5.76e-22	7.56e-17	1.92e-14	2.39e-12	1.04e-10	2.38e-09	6.77e-08	3.85e-05	1.51e-03	1.83e-02	7.65e-02	2.23e-01	2.49e-01	1.50e-01	9.82e-02	1.54e-01	2.76e-02	1.67e-03
 4.91164e+22	2.98e-28	7.83e-22	1.01e-16	2.48e-14	2.97e-12	1.24e-10	2.74e-09	7.51e-08	4.26e-05	1.66e-03	1.98e-02	8.11e-02	2.32e-01	2.52e-01	1.48e-01	9.43e-02	1.45e-01	2.52e-02	1.49e-03
 4.92214e+22	4.52e-28	1.17e-21	1.48e-16	3.45e-14	3.94e-12	1.56e-10	3.28e-09	8.59e-08	4.83e-05	1.87e-03	2.19e-02	8.73e-02	2.43e-01	2.55e-01	1.45e-01	8.92e-02	1.33e-01	2.24e-02	1.27e-03
 4.93265e+22	6.15e-28	1.56e-21	1.95e-16	4.39e-14	4.84e-12	1.86e-10	3.76e-09	9.52e-08	5.31e-05	2.04e-03	2.36e-02	9.21e-02	2.50e-01	2.57e-01	1.43e-01	8.55e-02	1.25e-01	2.04e-02	1.13e-03
 4.94320e+22	9.29e-28	2.32e-21	2.83e-16	6.07e-14	6.39e-12	2.34e-10	4.50e-09	1.09e-07	5.99e-05	2.29e-03	2.59e-02	9.86e-02	2.61e-01	2.59e-01	1.39e-01	8.07e-02	1.15e-01	1.81e-02	9.63e-04
 4.95393e+22	1.27e-27	3.12e-21	3.75e-16	7.75e-14	7.89e-12	2.79e-10	5.18e-09	1.21e-07	6.58e-05	2.49e-03	2.77e-02	1.04e-01	2.68e-01	2.61e-01	1.36e-01	7.70e-02	1.07e-01	1.64e-02	8.53e-04
 4.96492e+22	1.90e-27	4.58e-21	5.40e-16	1.07e-13	1.04e-11	3.51e-10	6.20e-09	1.39e-07	7.40e-05	2.78e-03	3.03e-02	1.10e-01	2.78e-01	2.61e-01	1.32e-01	7.24e-02	9.79e-02	1.45e-02	7.25e-04
 4.97627e+22	2.65e-27	6.28e-21	7.27e-16	1.38e-13	1.30e-11	4.23e-10	7.20e-09	1.56e-07	8.15e-05	3.04e-03	3.25e-02	1.16e-01	2.85e-01	2.62e-01	1.29e-01	6.87e-02	9.08e-02	1.30e-02	6.34e-04
 4.98809e+22	4.03e-27	9.37e-21	1.06e-15	1.92e-13	1.72e-11	5.37e-10	8.71e-09	1.80e-07	9.20e-05	3.39e-03	3.55e-02	1.23e-01	2.94e-01	2.61e-01	1.24e-01	6.42e-02	8.24e-02	1.14e-02	5.33e-04
 5.00006e+22	5.59e-27	1.28e-20	1.42e-15	2.48e-13	2.15e-11	6.46e-10	1.01e-08	2.02e-07	1.01e-04	3.69e-03	3.79e-02	1.29e-01	3.01e-01	2.60e-01	1.20e-01	6.08e-02	7.63e-02	1.02e-02	4.65e-04
 5.01224e+22	8.49e-27	1.90e-20	2.06e-15	3.44e-13	2.85e-11	8.20e-10	1.22e-08	2.34e-07	1.14e-04	4.10e-03	4.12e-02	1.36e-01	3.09e-01	2.59e-01	1.16e-01	5.65e-02	6.90e-02	8.89e-03	3.89e-04
 5.02450e+22	1.17e-26	2.56e-20	2.73e-15	4.40e-13	3.53e-11	9.84e-10	1.42e-08	2.62e-07	1.25e-04	4.44e-03	4.38e-02	1.42e-01	3.15e-01	2.57e-01	1.12e-01	5.34e-02	6.38e-02	7.99e-03	3.39e-04
 5.03686e+22	1.75e-26	3.76e-20	3.92e-15	6.04e-13	4.64e-11	1.24e-09	1.71e-08	3.03e-07	1.40e-04	4.91e-03	4.73e-02	1.49e-01	3.22e-01	2.55e-01	1.07e-01	4.96e-02	5.76e-02	6.94e-03	2.84e-04
 5.04954e+22	2.41e-26	5.09e-20	5.21e-15	7.76e-13	5.77e-11	1.49e-09	1.99e-08	3.41e-07	1.53e-04	5.31e-03	5.02e-02	1.55e-01	3.27e-01	2.52e-01	1.03e-01	4.67e-02	5.30e-02	6.21e-03	2.47e-04
 5.06055e+22	3.24e-26	6.73e-20	6.77e-15	9.76e-13	7.05e-11	1.77e-09	2.28e-08	3.80e-07	1.67e-04	5.71e-03	5.30e-02	1.61e-01	3.31e-01	2.50e-01	1.00e-01	4.42e-02	4.91e-02	5.59e-03	2.16e-04
 5.07278e+22	4.72e-26	9.60e-20	9.44e-15	1.31e-12	9.11e-11	2.20e-09	2.73e-08	4.37e-07	1.86e-04	6.26e-03	5.68e-02	1.68e-01	3.37e-01	2.46e-01	9.55e-02	4.11e-02	4.44e-02	4.88e-03	1.82e-04
 5.08513e+22	6.33e-26	1.26e-19	1.22e-14	1.64e-12	1.11e-10	2.61e-09	3.14e-08	4.88e-07	2.02e-04	6.72e-03	5.98e-02	1.73e-01	3.40e-01	2.43e-01	9.21e-02	3.87e-02	4.11e-02	4.39e-03	1.59e-04
 5.09765e+22	9.19e-26	1.80e-19	1.70e-14	2.19e-12	1.43e-10	3.24e-09	3.75e-08	5.61e-07	2.25e-04	7.34e-03	6.38e-02	1.81e-01	3.45e-01	2.39e-01	8.77e-02	3.59e-02	3.71e-02	3.82e-03	1.34e-04
 5.11039e+22	1.23e-25	2.36e-19	2.19e-14	2.75e-12	1.74e-10	3.84e-09	4.31e-08	6.27e-07	2.44e-04	7.87e-03	6.71e-02	1.86e-01	3.48e-01	2.35e-01	8.44e-02	3.38e-02	3.42e-02	3.42e-03	1.17e-04
 5.12156e+22	1.63e-25	3.07e-19	2.80e-14	3.41e-12	2.11e-10	4.53e-09	4.93e-08	6.98e-07	2.65e-04	8.41e-03	7.04e-02	1.91e-01	3.50e-01	2.31e-01	8.12e-02	3.19e-02	3.16e-02	3.08e-03	1.02e-04
 5.13420e+22	2.32e-25	4.30e-19	3.82e-14	4.49e-12	2.69e-10	5.58e-09	5.85e-08	8.00e-07	2.94e-04	9.14e-03	7.47e-02	1.98e-01	3.53e-01	2.26e-01	7.71e-02	2.95e-02	2.85e-02	2.69e-03	8.62e-05
 5.14691e+22	3.06e-25	5.56e-19	4.85e-14	5.55e-12	3.24e-10	6.55e-09	6.69e-08	8.89e-07	3.18e-04	9.75e-03	7.82e-02	2.04e-01	3.55e-01	2.23e-01	7.40e-02	2.78e-02	2.63e-02	2.41e-03	7.54e-05
 5.15971e+22	4.37e-25	7.77e-19	6.63e-14	7.31e-12	4.13e-10	8.07e-09	7.95e-08	1.02e-06	3.52e-04	1.06e-02	8.29e-02	2.10e-01	3.57e-01	2.17e-01	7.01e-02	2.56e-02	2.37e-02	2.10e-03	6.32e-05
 5.17263e+22	5.69e-25	9.93e-19	8.32e-14	8.95e-12	4.93e-10	9.43e-09	9.04e-08	1.13e-06	3.81e-04	1.13e-02	8.65e-02	2.15e-01	3.58e-01	2.13e-01	6.73e-02	2.42e-02	2.19e-02	1.89e-03	5.55e-05
 5.18570e+22	8.09e-25	1.38e-18	1.13e-13	1.17e-11	6.27e-10	1.16e-08	1.07e-07	1.30e-06	4.22e-04	1.22e-02	9.14e-02	2.22e-01	3.59e-01	2.07e-01	6.36e-02	2.23e-02	1.97e-02	1.64e-03	4.65e-05
 5.19903e+22	1.06e-24	1.77e-18	1.42e-13	1.44e-11	7.52e-10	1.36e-08	1.23e-07	1.44e-06	4.57e-04	1.30e-02	9.53e-02	2.27e-01	3.60e-01	2.03e-01	6.09e-02	2.09e-02	1.81e-02	1.47e-03	4.06e-05
 5.21269e+22	1.51e-24	2.47e-18	1.93e-13	1.89e-11	9.57e-10	1.68e-08	1.46e-07	1.66e-06	5.07e-04	1.41e-02	1.01e-01	2.34e-01	3.60e-01	1.97e-01	5.73e-02	1.92e-02	1.62e-02	1.27e-03	3.39e-05
 5.22660e+22	1.98e-24	3.18e-18	2.44e-13	2.33e-11	1.15e-09	1.97e-08	1.67e-07	1.85e-06	5.50e-04	1.50e-02	1.05e-01	2.39e-01	3.60e-01	1.92e-01	5.47e-02	1.80e-02	1.49e-02	1.13e-03	2.94e-05
 5.24085e+22	2.83e-24	4.44e-18	3.32e-13	3.06e-11	1.47e-09	2.43e-08	1.99e-07	2.14e-06	6.12e-04	1.62e-02	1.11e-01	2.45e-01	3.59e-01	1.86e-01	5.13e-02	1.65e-02	1.33e-02	9.74e-04	2.44e-05
 5.25477e+22	3.60e-24	5.55e-18	4.09e-13	3.69e-11	1.73e-09	2.81e-08	2.25e-07	2.36e-06	6.59e-04	1.72e-02	1.15e-01	2.50e-01	3.58e-01	1.81e-01	4.91e-02	1.55e-02	1.23e-02	8.79e-04	2.15e-05
 5.26827e+22	5.05e-24	7.60e-18	5.46e-13	4.77e-11	2.18e-09	3.43e-08	2.66e-07	2.70e-06	7.27e-04	1.85e-02	1.20e-01	2.56e-01	3.57e-01	1.75e-01	4.61e-02	1.42e-02	1.10e-02	7.59e-04	1.79e-05
 5.28197e+22	6.44e-24	9.52e-18	6.71e-13	5.74e-11	2.57e-09	3.96e-08	3.00e-07	2.98e-06	7.84e-04	1.95e-02	1.25e-01	2.60e-01	3.56e-01	1.71e-01	4.40e-02	1.33e-02	1.01e-02	6.84e-04	1.58e-05
 5.29593e+22	8.94e-24	1.29e-17	8.89e-13	7.38e-11	3.21e-09	4.82e-08	3.53e-07	3.40e-06	8.65e-04	2.10e-02	1.31e-01	2.66e-01	3.54e-01	1.65e-01	4.13e-02	1.22e-02	9.07e-03	5.91e-04	1.32e-05
 5.31032e+22	1.17e-23	1.65e-17	1.11e-12	9.04e-11	3.85e-09	5.64e-08	4.03e-07	3.79e-06	9.37e-04	2.23e-02	1.36e-01	2.70e-01	3.52e-01	1.60e-01	3.91e-02	1.14e-02	8.29e-03	5.25e-04	1.14e-05
 5.32527e+22	1.63e-23	2.25e-17	1.48e-12	1.16e-10	4.83e-09	6.88e-08	4.76e-07	4.34e-06	1.04e-03	2.40e-02	1.42e-01	2.76e-01	3.49e-01	1.54e-01	3.66e-02	1.04e-02	7.39e-03	4.53e-04	9.49e-06
 5.34069e+22	2.16e-23	2.92e-17	1.87e-12	1.44e-10	5.84e-09	8.13e-08	5.48e-07	4.86e-06	1.13e-03	2.55e-02	1.48e-01	2.80e-01	3.46e-01	1.49e-01	3.45e-02	9.64e-03	6.70e-03	3.99e-04	8.12e-06
 5.35673e+22	3.05e-23	4.01e-17	2.51e-12	1.87e-10	7.39e-09	9.98e-08	6.52e-07	5.60e-06	1.25e-03	2.75e-02	1.55e-01	2.85e-01	3.42e-01	1.42e-01	3.21e-02	8.75e-03	5.93e-03	3.40e-04	6.69e-06
 5.37319e+22	4.07e-23	5.24e-17	3.20e-12	2.33e-10	8.99e-09	1.19e-07	7.53e-07	6.30e-06	1.37e-03	2.93e-02	1.61e-01	2.89e-01	3.38e-01	1.37e-01	3.01e-02	8.07e-03	5.35e-03	2.98e-04	5.68e-06
 5.39019e+22	5.81e-23	7.28e-17	4.33e-12	3.06e-10	1.14e-08	1.46e-07	9.01e-07	7.29e-06	1.52e-03	3.17e-02	1.68e-01	2.94e-01	3.33e-01	1.31e-01	2.78e-02	7.28e-03	4.70e-03	2.52e-04	4.64e-06
 5.40772e+22	7.85e-23	9.61e-17	5.57e-12	3.84e-10	1.40e-08	1.75e-07	1.05e-06	8.25e-06	1.67e-03	3.38e-02	1.75e-01	2.98e-01	3.29e-01	1.25e-01	2.60e-02	6.67e-03	4.21e-03	2.19e-04	3.90e-06
 5.42595e+22	1.14e-22	1.35e-16	7.61e-12	5.09e-10	1.81e-08	2.18e-07	1.26e-06	9.60e-06	1.87e-03	3.66e-02	1.83e-01	3.03e-01	3.23e-01	1.19e-01	2.39e-02	5.97e-03	3.67e-03	1.83e-04	3.14e-06
 5.44480e+22	1.56e-22	1.81e-16	9.92e-12	6.46e-10	2.24e-08	2.63e-07	1.48e-06	1.09e-05	2.06e-03	3.91e-02	1.90e-01	3.07e-01	3.18e-01	1.13e-01	2.22e-02	5.43e-03	3.26e-03	1.57e-04	2.61e-06
 5.46188e+22	2.12e-22	2.40e-16	1.28e-11	8.14e-10	2.75e-08	3.16e-07	1.72e-06	1.24e-05	2.26e-03	4.17e-02	1.97e-01	3.10e-01	3.12e-01	1.08e-01	2.06e-02	4.95e-03	2.90e-03	1.36e-04	2.18e-06
 5.48148e+22	3.13e-22	3.42e-16	1.77e-11	1.09e-09	3.57e-08	3.97e-07	2.09e-06	1.45e-05	2.53e-03	4.52e-02	2.06e-01	3.13e-01	3.05e-01	1.02e-01	1.87e-02	4.39e-03	2.50e-03	1.12e-04	1.73e-06
 5.50146e+22	4.31e-22	4.59e-16	2.31e-11	1.39e-09	4.43e-08	4.79e-07	2.45e-06	1.65e-05	2.79e-03	4.83e-02	2.14e-01	3.16e-01	2.99e-01	9.65e-02	1.73e-02	3.97e-03	2.21e-03	9.56e-05	1.42e-06
 5.52195e+22	6.41e-22	6.62e-16	3.22e-11	1.87e-09	5.79e-08	6.06e-07	2.98e-06	1.94e-05	3.14e-03	5.23e-02	2.24e-01	3.19e-01	2.91e-01	9.02e-02	1.56e-02	3.49e-03	1.89e-03	7.83e-05	1.12e-06
 5.54270e+22	8.88e-22	8.91e-16	4.21e-11	2.38e-09	7.20e-08	7.34e-07	3.50e-06	2.21e-05	3.46e-03	5.59e-02	2.32e-01	3.21e-01	2.84e-01	8.53e-02	1.43e-02	3.14e-03	1.66e-03	6.63e-05	9.12e-07
 5.56382e+22	1.34e-21	1.30e-15	5.92e-11	3.24e-09	9.47e-08	9.33e-07	4.29e-06	2.61e-05	3.91e-03	6.06e-02	2.42e-01	3.23e-01	2.75e-01	7.92e-02	1.29e-02	2.74e-03	1.40e-03	5.36e-05	7.06e-07
 5.58515e+22	1.85e-21	1.75e-15	7.74e-11	4.13e-09	1.18e-07	1.13e-06	5.04e-06	2.98e-05	4.30e-03	6.46e-02	2.50e-01	3.24e-01	2.67e-01	7.46e-02	1.18e-02	2.46e-03	1.22e-03	4.52e-05	5.74e-07
 5.60678e+22	2.82e-21	2.56e-15	1.09e-10	5.64e-09	1.56e-07	1.45e-06	6.21e-06	3.54e-05	4.87e-03	7.00e-02	2.60e-01	3.25e-01	2.57e-01	6.88e-02	1.05e-02	2.13e-03	1.02e-03	3.61e-05	4.37e-07
 5.62852e+22	3.88e-21	3.44e-15	1.43e-10	7.16e-09	1.94e-07	1.75e-06	7.28e-06	4.03e-05	5.35e-03	7.45e-02	2.68e-01	3.26e-01	2.50e-01	6.46e-02	9.54e-03	1.90e-03	8.93e-04	3.03e-05	3.54e-07
 5.64670e+22	5.20e-21	4.48e-15	1.81e-10	8.89e-09	2.35e-07	2.07e-06	8.41e-06	4.54e-05	5.83e-03	7.87e-02	2.75e-01	3.25e-01	2.43e-01	6.09e-02	8.76e-03	1.71e-03	7.87e-04	2.58e-05	2.92e-07
 5.66663e+22	7.64e-21	6.38e-15	2.49e-10	1.18e-08	3.05e-07	2.61e-06	1.02e-05	5.32e-05	6.53e-03	8.47e-02	2.84e-01	3.25e-01	2.33e-01	5.62e-02	7.79e-03	1.49e-03	6.61e-04	2.07e-05	2.24e-07
 5.68629e+22	1.01e-20	8.21e-15	3.12e-10	1.45e-08	3.67e-07	3.07e-06	1.17e-05	5.96e-05	7.08e-03	8.92e-02	2.91e-01	3.24e-01	2.26e-01	5.29e-02	7.16e-03	1.34e-03	5.84e-04	1.77e-05	1.85e-07
 5.70557e+22	1.46e-20	1.15e-14	4.21e-10	1.90e-08	4.69e-07	3.82e-06	1.41e-05	6.94e-05	7.89e-03	9.54e-02	3.00e-01	3.23e-01	2.17e-01	4.87e-02	6.37e-03	1.17e-03	4.92e-04	1.43e-05	1.43e-07
 5.72518e+22	1.94e-20	1.49e-14	5.32e-10	2.35e-08	5.68e-07	4.53e-06	1.63e-05	7.81e-05	8.58e-03	1.01e-01	3.07e-01	3.21e-01	2.10e-01	4.56e-02	5.81e-03	1.05e-03	4.30e-04	1.21e-05	0.00e+00
 5.74522e+22	2.83e-20	2.10e-14	7.22e-10	3.10e-08	7.32e-07	5.67e-06	1.97e-05	9.15e-05	9.60e-03	1.08e-01	3.16e-01	3.19e-01	2.00e-01	4.17e-02	5.12e-03	9.01e-04	3.58e-04	9.57e-06	0.00e+00
 5.76550e+22	3.78e-20	2.73e-14	9.14e-10	3.84e-08	8.90e-07	6.75e-06	2.28e-05	1.03e-04	1.05e-02	1.14e-01	3.22e-01	3.17e-01	1.92e-01	3.88e-02	4.64e-03	8.02e-04	3.10e-04	8.00e-06	0.00e+00
 5.78609e+22	5.52e-20	3.84e-14	1.24e-09	5.07e-08	1.15e-06	8.48e-06	2.77e-05	1.21e-04	1.17e-02	1.22e-01	3.31e-01	3.13e-01	1.82e-01	3.52e-02	4.06e-03	6.85e-04	2.55e-04	6.28e-06	0.00e+00
 5.80706e+22	7.46e-20	5.04e-14	1.58e-09	6.32e-08	1.41e-06	1.02e-05	3.23e-05	1.38e-04	1.28e-02	1.28e-01	3.38e-01	3.10e-01	1.74e-01	3.25e-02	3.63e-03	6.02e-04	2.18e-04	5.16e-06	0.00e+00
 5.82854e+22	1.10e-19	7.15e-14	2.15e-09	8.39e-08	1.83e-06	1.29e-05	3.95e-05	1.64e-04	1.44e-02	1.37e-01	3.46e-01	3.05e-01	1.64e-01	2.92e-02	3.14e-03	5.07e-04	1.77e-04	3.97e-06	0.00e+00
