#depth	Ne	Ne+	Ne+2	Ne+3	Ne+4	Ne+5	Ne+6	Ne+7	Ne+8	Ne+9	Ne+10
 4.62852e+21	0.00e+00	0.00e+00	0.00e+00	0.00e+00	2.42e-28	4.45e-23	3.10e-18	1.41e-13	2.23e-08	2.98e-04	1.00e+00
 1.05209e+22	0.00e+00	0.00e+00	0.00e+00	0.00e+00	2.12e-27	2.71e-22	1.32e-17	4.18e-13	4.60e-08	4.27e-04	1.00e+00
 1.26198e+22	0.00e+00	0.00e+00	0.00e+00	0.00e+00	8.44e-27	8.53e-22	3.40e-17	8.51e-13	7.39e-08	5.42e-04	9.99e-01
 1.41227e+22	0.00e+00	0.00e+00	0.00e+00	7.65e-32	2.63e-26	2.20e-21	7.25e-17	1.50e-12	1.08e-07	6.55e-04	9.99e-01
 1.50884e+22	0.00e+00	0.00e+00	0.00e+00	1.36e-31	4.30e-26	3.32e-21	1.01e-16	1.92e-12	1.27e-07	7.11e-04	9.99e-01
 1.57731e+22	0.00e+00	0.00e+00	0.00e+00	2.96e-31	8.39e-26	5.78e-21	1.57e-16	2.69e-12	1.59e-07	7.95e-04	9.99e-01
 1.64780e+22	0.00e+00	0.00e+00	0.00e+00	5.53e-31	1.43e-25	9.05e-21	2.25e-16	3.52e-12	1.90e-07	8.70e-04	9.99e-01
 1.72088e+22	0.00e+00	0.00e+00	0.00e+00	1.24e-30	2.87e-25	1.61e-20	3.57e-16	4.98e-12	2.40e-07	9.77e-04	9.99e-01
 1.78461e+22	0.00e+00	0.00e+00	0.00e+00	1.89e-30	4.12e-25	2.18e-20	4.55e-16	5.97e-12	2.71e-07	1.04e-03	9.99e-01
 1.83619e+22	0.00e+00	0.00e+00	0.00e+00	3.31e-30	6.64e-25	3.25e-20	6.26e-16	7.59e-12	3.18e-07	1.12e-03	9.99e-01
 1.88930e+22	0.00e+00	0.00e+00	0.00e+00	5.38e-30	1.01e-24	4.60e-20	8.27e-16	9.35e-12	3.66e-07	1.20e-03	9.99e-01
 1.93653e+22	0.00e+00	0.00e+00	0.00e+00	8.47e-30	1.49e-24	6.36e-20	1.07e-15	1.14e-11	4.16e-07	1.29e-03	9.99e-01
 1.99005e+22	0.00e+00	0.00e+00	0.00e+00	1.51e-29	2.44e-24	9.59e-20	1.49e-15	1.46e-11	4.91e-07	1.40e-03	9.99e-01
 2.04445e+22	0.00e+00	0.00e+00	0.00e+00	2.44e-29	3.69e-24	1.35e-19	1.97e-15	1.79e-11	5.64e-07	1.50e-03	9.99e-01
 2.09219e+22	0.00e+00	0.00e+00	0.00e+00	3.88e-29	5.49e-24	1.89e-19	2.56e-15	2.19e-11	6.45e-07	1.60e-03	9.98e-01
 2.14645e+22	0.00e+00	0.00e+00	0.00e+00	7.14e-29	9.26e-24	2.92e-19	3.64e-15	2.85e-11	7.68e-07	1.75e-03	9.98e-01
 2.20004e+22	0.00e+00	0.00e+00	0.00e+00	1.09e-28	1.33e-23	3.95e-19	4.63e-15	3.41e-11	8.67e-07	1.85e-03	9.98e-01
 2.25277e+22	0.00e+00	0.00e+00	0.00e+00	1.99e-28	2.23e-23	6.07e-19	6.54e-15	4.43e-11	1.03e-06	2.02e-03	9.98e-01
 2.30555e+22	0.00e+00	0.00e+00	0.00e+00	2.98e-28	3.15e-23	8.18e-19	8.30e-15	5.30e-11	1.16e-06	2.15e-03	9.98e-01
 2.35842e+22	0.00e+00	0.00e+00	0.00e+00	5.43e-28	5.27e-23	1.26e-18	1.17e-14	6.86e-11	1.38e-06	2.34e-03	9.98e-01
 2.41123e+22	0.00e+00	0.00e+00	0.00e+00	8.26e-28	7.55e-23	1.70e-18	1.49e-14	8.22e-11	1.56e-06	2.49e-03	9.98e-01
 2.45493e+22	0.00e+00	0.00e+00	0.00e+00	1.23e-27	1.06e-22	2.25e-18	1.87e-14	9.77e-11	1.75e-06	2.63e-03	9.97e-01
 2.49584e+22	0.00e+00	0.00e+00	0.00e+00	1.82e-27	1.49e-22	2.99e-18	2.35e-14	1.16e-10	1.96e-06	2.79e-03	9.97e-01
 2.53595e+22	0.00e+00	0.00e+00	7.89e-33	2.67e-27	2.06e-22	3.92e-18	2.92e-14	1.36e-10	2.18e-06	2.94e-03	9.97e-01
 2.58196e+22	0.00e+00	0.00e+00	1.38e-32	4.37e-27	3.15e-22	5.58e-18	3.88e-14	1.69e-10	2.52e-06	3.16e-03	9.97e-01
 2.62777e+22	0.00e+00	0.00e+00	2.15e-32	6.42e-27	4.38e-22	7.35e-18	4.83e-14	1.99e-10	2.81e-06	3.34e-03	9.97e-01
 2.67335e+22	0.00e+00	0.00e+00	3.73e-32	1.04e-26	6.62e-22	1.04e-17	6.38e-14	2.46e-10	3.23e-06	3.58e-03	9.96e-01
 2.71967e+22	0.00e+00	0.00e+00	5.86e-32	1.55e-26	9.31e-22	1.38e-17	8.01e-14	2.91e-10	3.62e-06	3.79e-03	9.96e-01
 2.76010e+22	0.00e+00	0.00e+00	9.02e-32	2.25e-26	1.29e-21	1.81e-17	9.95e-14	3.43e-10	4.04e-06	4.00e-03	9.96e-01
 2.80582e+22	0.00e+00	0.00e+00	1.57e-31	3.66e-26	1.95e-21	2.56e-17	1.31e-13	4.23e-10	4.65e-06	4.29e-03	9.96e-01
 2.85212e+22	0.00e+00	0.00e+00	2.45e-31	5.41e-26	2.73e-21	3.38e-17	1.65e-13	5.01e-10	5.20e-06	4.54e-03	9.95e-01
 2.88917e+22	0.00e+00	0.00e+00	3.59e-31	7.57e-26	3.64e-21	4.30e-17	2.00e-13	5.79e-10	5.73e-06	4.76e-03	9.95e-01
 2.92184e+22	0.00e+00	0.00e+00	5.10e-31	1.03e-25	4.74e-21	5.36e-17	2.38e-13	6.62e-10	6.26e-06	4.98e-03	9.95e-01
 2.95884e+22	0.00e+00	0.00e+00	7.73e-31	1.48e-25	6.48e-21	6.96e-17	2.94e-13	7.76e-10	6.96e-06	5.25e-03	9.95e-01
 2.99859e+22	0.00e+00	0.00e+00	1.17e-30	2.13e-25	8.83e-21	9.01e-17	3.62e-13	9.07e-10	7.73e-06	5.53e-03	9.94e-01
 3.03409e+22	0.00e+00	0.00e+00	1.69e-30	2.95e-25	1.17e-20	1.14e-16	4.36e-13	1.04e-09	8.49e-06	5.80e-03	9.94e-01
 3.06738e+22	0.00e+00	0.00e+00	2.43e-30	4.04e-25	1.53e-20	1.43e-16	5.24e-13	1.20e-09	9.30e-06	6.07e-03	9.94e-01
 3.10562e+22	0.00e+00	0.00e+00	3.79e-30	5.97e-25	2.14e-20	1.89e-16	6.56e-13	1.42e-09	1.04e-05	6.42e-03	9.94e-01
 3.14529e+22	0.00e+00	0.00e+00	5.64e-30	8.46e-25	2.89e-20	2.42e-16	8.01e-13	1.65e-09	1.15e-05	6.75e-03	9.93e-01
 3.17997e+22	0.00e+00	0.00e+00	8.10e-30	1.16e-24	3.79e-20	3.04e-16	9.61e-13	1.90e-09	1.26e-05	7.07e-03	9.93e-01
 3.21825e+22	0.00e+00	0.00e+00	1.24e-29	1.69e-24	5.23e-20	3.98e-16	1.19e-12	2.23e-09	1.41e-05	7.46e-03	9.93e-01
 3.25542e+22	0.00e+00	0.00e+00	1.78e-29	2.32e-24	6.87e-20	5.00e-16	1.43e-12	2.56e-09	1.54e-05	7.81e-03	9.92e-01
 3.28464e+22	0.00e+00	0.00e+00	2.43e-29	3.05e-24	8.68e-20	6.07e-16	1.68e-12	2.88e-09	1.67e-05	8.12e-03	9.92e-01
 3.31609e+22	0.00e+00	0.00e+00	3.44e-29	4.13e-24	1.13e-19	7.56e-16	2.00e-12	3.29e-09	1.82e-05	8.49e-03	9.91e-01
 3.35045e+22	0.00e+00	0.00e+00	4.90e-29	5.63e-24	1.47e-19	9.46e-16	2.39e-12	3.77e-09	2.00e-05	8.88e-03	9.91e-01
 3.38160e+22	0.00e+00	0.00e+00	6.72e-29	7.42e-24	1.87e-19	1.15e-15	2.81e-12	4.25e-09	2.16e-05	9.24e-03	9.91e-01
 3.41511e+22	0.00e+00	0.00e+00	9.75e-29	1.03e-23	2.48e-19	1.46e-15	3.39e-12	4.90e-09	2.38e-05	9.69e-03	9.90e-01
 3.45013e+22	0.00e+00	0.00e+00	1.40e-28	1.41e-23	3.24e-19	1.83e-15	4.06e-12	5.62e-09	2.61e-05	1.01e-02	9.90e-01
 3.48069e+22	0.00e+00	0.00e+00	1.92e-28	1.86e-23	4.12e-19	2.23e-15	4.77e-12	6.35e-09	2.83e-05	1.06e-02	9.89e-01
 3.51400e+22	0.00e+00	0.00e+00	2.78e-28	2.58e-23	5.46e-19	2.82e-15	5.77e-12	7.32e-09	3.11e-05	1.11e-02	9.89e-01
 3.54652e+22	0.00e+00	0.00e+00	3.83e-28	3.42e-23	6.94e-19	3.45e-15	6.78e-12	8.27e-09	3.37e-05	1.15e-02	9.88e-01
 3.57221e+22	0.00e+00	0.00e+00	5.00e-28	4.31e-23	8.48e-19	4.08e-15	7.75e-12	9.15e-09	3.61e-05	1.19e-02	9.88e-01
 3.59981e+22	0.00e+00	0.00e+00	6.78e-28	5.63e-23	1.07e-18	4.94e-15	9.05e-12	1.03e-08	3.90e-05	1.24e-02	9.88e-01
 3.63002e+22	0.00e+00	1.60e-33	9.18e-28	7.36e-23	1.34e-18	5.98e-15	1.06e-11	1.16e-08	4.21e-05	1.29e-02	9.87e-01
 3.65850e+22	0.00e+00	2.23e-33	1.23e-27	9.54e-23	1.68e-18	7.21e-15	1.23e-11	1.29e-08	4.54e-05	1.34e-02	9.87e-01
 3.68609e+22	0.00e+00	3.10e-33	1.66e-27	1.23e-22	2.09e-18	8.68e-15	1.42e-11	1.45e-08	4.90e-05	1.39e-02	9.86e-01
 3.71286e+22	0.00e+00	4.23e-33	2.19e-27	1.57e-22	2.58e-18	1.03e-14	1.64e-11	1.61e-08	5.26e-05	1.44e-02	9.86e-01
 3.74287e+22	0.00e+00	6.13e-33	3.04e-27	2.10e-22	3.31e-18	1.27e-14	1.94e-11	1.83e-08	5.72e-05	1.50e-02	9.85e-01
 3.77425e+22	0.00e+00	8.78e-33	4.19e-27	2.79e-22	4.21e-18	1.56e-14	2.28e-11	2.07e-08	6.21e-05	1.56e-02	9.84e-01
 3.80155e+22	0.00e+00	1.21e-32	5.57e-27	3.58e-22	5.22e-18	1.86e-14	2.63e-11	2.30e-08	6.67e-05	1.62e-02	9.84e-01
 3.82577e+22	0.00e+00	1.61e-32	7.17e-27	4.46e-22	6.31e-18	2.19e-14	2.99e-11	2.54e-08	7.12e-05	1.67e-02	9.83e-01
 3.85187e+22	0.00e+00	2.20e-32	9.50e-27	5.71e-22	7.81e-18	2.61e-14	3.45e-11	2.83e-08	7.65e-05	1.73e-02	9.83e-01
 3.88001e+22	0.00e+00	3.03e-32	1.27e-26	7.34e-22	9.69e-18	3.13e-14	3.99e-11	3.15e-08	8.23e-05	1.79e-02	9.82e-01
 3.90554e+22	0.00e+00	4.07e-32	1.64e-26	9.24e-22	1.18e-17	3.69e-14	4.56e-11	3.49e-08	8.80e-05	1.86e-02	9.81e-01
 3.93348e+22	0.00e+00	5.76e-32	2.24e-26	1.21e-21	1.49e-17	4.48e-14	5.34e-11	3.93e-08	9.53e-05	1.93e-02	9.81e-01
 3.96266e+22	0.00e+00	8.05e-32	3.02e-26	1.57e-21	1.87e-17	5.41e-14	6.21e-11	4.40e-08	1.03e-04	2.00e-02	9.80e-01
 3.98733e+22	0.00e+00	1.07e-31	3.89e-26	1.97e-21	2.26e-17	6.35e-14	7.07e-11	4.85e-08	1.10e-04	2.07e-02	9.79e-01
 4.01326e+22	0.00e+00	1.48e-31	5.18e-26	2.53e-21	2.80e-17	7.61e-14	8.18e-11	5.42e-08	1.18e-04	2.15e-02	9.78e-01
 4.04098e+22	0.00e+00	2.03e-31	6.86e-26	3.24e-21	3.47e-17	9.09e-14	9.43e-11	6.04e-08	1.27e-04	2.22e-02	9.78e-01
 4.06609e+22	0.00e+00	2.71e-31	8.89e-26	4.06e-21	4.22e-17	1.07e-13	1.08e-10	6.67e-08	1.36e-04	2.30e-02	9.77e-01
 4.09382e+22	0.00e+00	3.82e-31	1.21e-25	5.32e-21	5.32e-17	1.30e-13	1.26e-10	7.51e-08	1.47e-04	2.39e-02	9.76e-01
 4.12291e+22	0.00e+00	5.33e-31	1.62e-25	6.90e-21	6.65e-17	1.57e-13	1.46e-10	8.41e-08	1.58e-04	2.48e-02	9.75e-01
 4.14725e+22	0.00e+00	7.07e-31	2.09e-25	8.60e-21	8.03e-17	1.84e-13	1.66e-10	9.25e-08	1.69e-04	2.56e-02	9.74e-01
 4.16899e+22	0.00e+00	9.04e-31	2.60e-25	1.04e-20	9.48e-17	2.11e-13	1.86e-10	1.01e-07	1.78e-04	2.63e-02	9.74e-01
 4.19390e+22	0.00e+00	1.23e-30	3.42e-25	1.33e-20	1.17e-16	2.51e-13	2.14e-10	1.12e-07	1.92e-04	2.73e-02	9.73e-01
 4.22087e+22	0.00e+00	1.68e-30	4.52e-25	1.69e-20	1.44e-16	2.99e-13	2.46e-10	1.25e-07	2.06e-04	2.82e-02	9.72e-01
 4.24579e+22	0.00e+00	2.26e-30	5.88e-25	2.13e-20	1.75e-16	3.53e-13	2.81e-10	1.38e-07	2.20e-04	2.92e-02	9.71e-01
 4.27345e+22	0.00e+00	3.19e-30	8.00e-25	2.79e-20	2.21e-16	4.29e-13	3.30e-10	1.55e-07	2.38e-04	3.03e-02	9.69e-01
 4.30103e+22	0.00e+00	4.38e-30	1.06e-24	3.58e-20	2.74e-16	5.13e-13	3.80e-10	1.73e-07	2.56e-04	3.14e-02	9.68e-01
 4.32344e+22	0.00e+00	5.70e-30	1.34e-24	4.40e-20	3.27e-16	5.95e-13	4.28e-10	1.89e-07	2.72e-04	3.24e-02	9.67e-01
 4.34751e+22	0.00e+00	7.73e-30	1.76e-24	5.57e-20	4.01e-16	7.06e-13	4.92e-10	2.10e-07	2.91e-04	3.35e-02	9.66e-01
 4.37382e+22	0.00e+00	1.05e-29	2.30e-24	7.06e-20	4.91e-16	8.37e-13	5.64e-10	2.33e-07	3.12e-04	3.46e-02	9.65e-01
 4.39870e+22	0.00e+00	1.42e-29	3.01e-24	8.95e-20	6.03e-16	9.93e-13	6.47e-10	2.58e-07	3.34e-04	3.58e-02	9.64e-01
 4.42272e+22	0.00e+00	1.89e-29	3.90e-24	1.12e-19	7.31e-16	1.17e-12	7.37e-10	2.85e-07	3.57e-04	3.70e-02	9.63e-01
 4.44997e+22	0.00e+00	2.66e-29	5.28e-24	1.46e-19	9.21e-16	1.42e-12	8.61e-10	3.20e-07	3.86e-04	3.84e-02	9.61e-01
 4.47755e+22	0.00e+00	3.68e-29	7.03e-24	1.88e-19	1.14e-15	1.70e-12	9.95e-10	3.57e-07	4.15e-04	3.98e-02	9.60e-01
 4.50042e+22	0.00e+00	4.86e-29	9.01e-24	2.34e-19	1.38e-15	1.98e-12	1.13e-09	3.92e-07	4.42e-04	4.11e-02	9.58e-01
 4.52502e+22	0.00e+00	6.70e-29	1.20e-23	3.01e-19	1.71e-15	2.38e-12	1.30e-09	4.38e-07	4.75e-04	4.26e-02	9.57e-01
 4.55149e+22	0.00e+00	9.28e-29	1.60e-23	3.87e-19	2.12e-15	2.85e-12	1.51e-09	4.88e-07	5.11e-04	4.41e-02	9.55e-01
 4.57558e+22	0.00e+00	1.24e-28	2.07e-23	4.85e-19	2.58e-15	3.35e-12	1.72e-09	5.38e-07	5.46e-04	4.55e-02	9.54e-01
 4.59802e+22	0.00e+00	1.65e-28	2.67e-23	6.06e-19	3.12e-15	3.93e-12	1.95e-09	5.92e-07	5.82e-04	4.70e-02	9.52e-01
 4.61977e+22	0.00e+00	2.15e-28	3.38e-23	7.45e-19	3.73e-15	4.57e-12	2.20e-09	6.48e-07	6.18e-04	4.84e-02	9.51e-01
 4.64466e+22	0.00e+00	3.01e-28	4.55e-23	9.67e-19	4.67e-15	5.51e-12	2.56e-09	7.26e-07	6.66e-04	5.02e-02	9.49e-01
 4.67077e+22	0.00e+00	4.16e-28	6.08e-23	1.25e-18	5.80e-15	6.61e-12	2.96e-09	8.09e-07	7.16e-04	5.20e-02	9.47e-01
 4.69377e+22	0.00e+00	5.59e-28	7.90e-23	1.57e-18	7.07e-15	7.80e-12	3.38e-09	8.93e-07	7.64e-04	5.37e-02	9.46e-01
 4.71897e+22	3.88e-34	8.11e-28	1.10e-22	2.09e-18	9.06e-15	9.59e-12	3.99e-09	1.01e-06	8.30e-04	5.58e-02	9.43e-01
 4.74479e+22	5.47e-34	1.10e-27	1.44e-22	2.66e-18	1.11e-14	1.14e-11	4.58e-09	1.12e-06	8.88e-04	5.77e-02	9.41e-01
 4.76710e+22	7.68e-34	1.50e-27	1.89e-22	3.37e-18	1.36e-14	1.35e-11	5.24e-09	1.24e-06	9.49e-04	5.96e-02	9.39e-01
 4.78811e+22	1.04e-33	1.96e-27	2.40e-22	4.15e-18	1.63e-14	1.57e-11	5.90e-09	1.35e-06	1.01e-03	6.14e-02	9.38e-01
 4.81176e+22	1.54e-33	2.79e-27	3.29e-22	5.46e-18	2.06e-14	1.91e-11	6.90e-09	1.52e-06	1.09e-03	6.37e-02	9.35e-01
 4.83633e+22	2.20e-33	3.85e-27	4.37e-22	7.00e-18	2.56e-14	2.28e-11	7.96e-09	1.69e-06	1.17e-03	6.59e-02	9.33e-01
 4.85821e+22	3.11e-33	5.24e-27	5.75e-22	8.90e-18	3.14e-14	2.71e-11	9.12e-09	1.87e-06	1.25e-03	6.80e-02	9.31e-01
 4.88275e+22	4.79e-33	7.70e-27	8.09e-22	1.20e-17	4.06e-14	3.36e-11	1.08e-08	2.12e-06	1.36e-03	7.08e-02	9.28e-01
 4.90681e+22	6.76e-33	1.05e-26	1.06e-21	1.52e-17	4.98e-14	3.98e-11	1.24e-08	2.34e-06	1.45e-03	7.31e-02	9.25e-01
 4.92681e+22	9.23e-33	1.39e-26	1.36e-21	1.89e-17	6.00e-14	4.65e-11	1.40e-08	2.56e-06	1.54e-03	7.52e-02	9.23e-01
 4.94934e+22	1.38e-32	1.99e-26	1.88e-21	2.50e-17	7.63e-14	5.68e-11	1.64e-08	2.88e-06	1.66e-03	7.81e-02	9.20e-01
 4.97260e+22	1.99e-32	2.76e-26	2.50e-21	3.22e-17	9.47e-14	6.80e-11	1.89e-08	3.20e-06	1.78e-03	8.07e-02	9.18e-01
 4.99315e+22	2.78e-32	3.72e-26	3.26e-21	4.06e-17	1.15e-13	8.02e-11	2.15e-08	3.52e-06	1.90e-03	8.31e-02	9.15e-01
 5.01621e+22	4.27e-32	5.47e-26	4.59e-21	5.46e-17	1.49e-13	9.92e-11	2.55e-08	3.98e-06	2.06e-03	8.64e-02	9.12e-01
 5.03913e+22	6.16e-32	7.58e-26	6.12e-21	7.03e-17	1.85e-13	1.19e-10	2.93e-08	4.42e-06	2.20e-03	8.92e-02	9.09e-01
 5.05817e+22	8.46e-32	1.01e-25	7.88e-21	8.76e-17	2.23e-13	1.39e-10	3.32e-08	4.84e-06	2.34e-03	9.18e-02	9.06e-01
 5.07920e+22	1.26e-31	1.44e-25	1.08e-20	1.15e-16	2.82e-13	1.69e-10	3.87e-08	5.41e-06	2.52e-03	9.51e-02	9.02e-01
 5.10133e+22	1.80e-31	1.98e-25	1.43e-20	1.48e-16	3.50e-13	2.02e-10	4.46e-08	6.00e-06	2.69e-03	9.81e-02	8.99e-01
 5.12142e+22	2.60e-31	2.75e-25	1.91e-20	1.90e-16	4.34e-13	2.42e-10	5.13e-08	6.65e-06	2.88e-03	1.01e-01	8.96e-01
 5.14090e+22	3.66e-31	3.73e-25	2.51e-20	2.41e-16	5.32e-13	2.86e-10	5.86e-08	7.33e-06	3.07e-03	1.04e-01	8.93e-01
 5.15995e+22	5.17e-31	5.09e-25	3.30e-20	3.06e-16	6.52e-13	3.39e-10	6.70e-08	8.07e-06	3.27e-03	1.07e-01	8.89e-01
 5.18158e+22	7.94e-31	7.47e-25	4.63e-20	4.11e-16	8.41e-13	4.19e-10	7.91e-08	9.11e-06	3.54e-03	1.12e-01	8.85e-01
 5.20352e+22	1.15e-30	1.04e-24	6.22e-20	5.32e-16	1.05e-12	5.03e-10	9.12e-08	1.01e-05	3.78e-03	1.15e-01	8.81e-01
 5.22226e+22	1.61e-30	1.41e-24	8.12e-20	6.71e-16	1.28e-12	5.93e-10	1.04e-07	1.11e-05	4.02e-03	1.18e-01	8.78e-01
 5.24305e+22	2.45e-30	2.05e-24	1.13e-19	8.96e-16	1.64e-12	7.29e-10	1.22e-07	1.25e-05	4.34e-03	1.23e-01	8.73e-01
 5.26455e+22	3.57e-30	2.87e-24	1.52e-19	1.16e-15	2.05e-12	8.77e-10	1.41e-07	1.39e-05	4.64e-03	1.27e-01	8.69e-01
 5.28360e+22	5.13e-30	3.97e-24	2.03e-19	1.49e-15	2.54e-12	1.05e-09	1.62e-07	1.53e-05	4.95e-03	1.30e-01	8.65e-01
 5.30501e+22	7.95e-30	5.87e-24	2.87e-19	2.02e-15	3.29e-12	1.30e-09	1.92e-07	1.73e-05	5.36e-03	1.35e-01	8.59e-01
 5.32664e+22	1.16e-29	8.26e-24	3.88e-19	2.62e-15	4.12e-12	1.57e-09	2.22e-07	1.93e-05	5.74e-03	1.39e-01	8.55e-01
 5.34525e+22	1.66e-29	1.14e-23	5.14e-19	3.35e-15	5.08e-12	1.87e-09	2.54e-07	2.13e-05	6.11e-03	1.44e-01	8.50e-01
 5.36613e+22	2.58e-29	1.68e-23	7.28e-19	4.54e-15	6.59e-12	2.32e-09	3.01e-07	2.40e-05	6.61e-03	1.49e-01	8.45e-01
 5.38789e+22	3.87e-29	2.42e-23	1.00e-18	6.01e-15	8.38e-12	2.82e-09	3.51e-07	2.69e-05	7.09e-03	1.54e-01	8.39e-01
 5.40740e+22	5.58e-29	3.36e-23	1.34e-18	7.73e-15	1.04e-11	3.38e-09	4.04e-07	2.97e-05	7.57e-03	1.58e-01	8.34e-01
 5.42605e+22	8.12e-29	4.70e-23	1.80e-18	1.00e-14	1.30e-11	4.06e-09	4.66e-07	3.29e-05	8.07e-03	1.63e-01	8.29e-01
 5.44378e+22	1.14e-28	6.36e-23	2.35e-18	1.26e-14	1.58e-11	4.79e-09	5.30e-07	3.61e-05	8.57e-03	1.67e-01	8.24e-01
 5.46365e+22	1.80e-28	9.60e-23	3.38e-18	1.74e-14	2.08e-11	5.99e-09	6.31e-07	4.09e-05	9.27e-03	1.73e-01	8.18e-01
 5.48366e+22	2.61e-28	1.34e-22	4.54e-18	2.24e-14	2.58e-11	7.18e-09	7.26e-07	4.52e-05	9.88e-03	1.78e-01	8.12e-01
 5.49985e+22	3.57e-28	1.77e-22	5.80e-18	2.77e-14	3.10e-11	8.36e-09	8.17e-07	4.92e-05	1.04e-02	1.82e-01	8.07e-01
 5.51383e+22	4.78e-28	2.30e-22	7.31e-18	3.39e-14	3.69e-11	9.63e-09	9.11e-07	5.32e-05	1.09e-02	1.86e-01	8.03e-01
 5.52672e+22	6.24e-28	2.92e-22	9.03e-18	4.08e-14	4.32e-11	1.10e-08	1.01e-06	5.72e-05	1.15e-02	1.90e-01	7.98e-01
 5.54127e+22	8.74e-28	3.94e-22	1.18e-17	5.14e-14	5.26e-11	1.29e-08	1.14e-06	6.26e-05	1.21e-02	1.95e-01	7.93e-01
 5.55639e+22	1.17e-27	5.12e-22	1.48e-17	6.28e-14	6.24e-11	1.49e-08	1.28e-06	6.77e-05	1.27e-02	1.99e-01	7.88e-01
 5.56942e+22	1.54e-27	6.54e-22	1.84e-17	7.58e-14	7.34e-11	1.70e-08	1.42e-06	7.28e-05	1.33e-02	2.03e-01	7.84e-01
 5.58151e+22	2.02e-27	8.35e-22	2.28e-17	9.14e-14	8.61e-11	1.94e-08	1.57e-06	7.83e-05	1.39e-02	2.07e-01	7.79e-01
 5.59336e+22	2.61e-27	1.05e-21	2.79e-17	1.09e-13	9.99e-11	2.20e-08	1.72e-06	8.37e-05	1.45e-02	2.11e-01	7.75e-01
 5.60502e+22	3.36e-27	1.31e-21	3.41e-17	1.29e-13	1.16e-10	2.48e-08	1.89e-06	8.95e-05	1.52e-02	2.15e-01	7.70e-01
 5.61649e+22	4.35e-27	1.66e-21	4.18e-17	1.55e-13	1.35e-10	2.81e-08	2.09e-06	9.58e-05	1.58e-02	2.18e-01	7.66e-01
 5.62782e+22	5.62e-27	2.09e-21	5.12e-17	1.84e-13	1.57e-10	3.19e-08	2.30e-06	1.03e-04	1.65e-02	2.22e-01	7.61e-01
 5.64074e+22	7.73e-27	2.78e-21	6.58e-17	2.29e-13	1.89e-10	3.72e-08	2.58e-06	1.12e-04	1.74e-02	2.27e-01	7.55e-01
 5.65382e+22	1.03e-26	3.59e-21	8.25e-17	2.79e-13	2.24e-10	4.27e-08	2.87e-06	1.20e-04	1.82e-02	2.32e-01	7.50e-01
 5.66487e+22	1.32e-26	4.49e-21	1.01e-16	3.32e-13	2.59e-10	4.82e-08	3.15e-06	1.28e-04	1.90e-02	2.36e-01	7.45e-01
 5.67513e+22	1.69e-26	5.58e-21	1.22e-16	3.91e-13	2.98e-10	5.42e-08	3.45e-06	1.37e-04	1.97e-02	2.40e-01	7.41e-01
 5.68504e+22	2.15e-26	6.92e-21	1.47e-16	4.61e-13	3.43e-10	6.08e-08	3.77e-06	1.45e-04	2.05e-02	2.43e-01	7.36e-01
 5.69640e+22	2.89e-26	9.04e-21	1.86e-16	5.66e-13	4.08e-10	7.02e-08	4.21e-06	1.57e-04	2.15e-02	2.48e-01	7.30e-01
 5.70798e+22	3.79e-26	1.15e-20	2.30e-16	6.80e-13	4.78e-10	7.99e-08	4.64e-06	1.68e-04	2.24e-02	2.53e-01	7.25e-01
 5.71790e+22	4.81e-26	1.43e-20	2.78e-16	8.01e-13	5.50e-10	8.96e-08	5.07e-06	1.79e-04	2.33e-02	2.57e-01	7.20e-01
 5.72884e+22	6.54e-26	1.88e-20	3.54e-16	9.88e-13	6.57e-10	1.04e-07	5.67e-06	1.94e-04	2.44e-02	2.62e-01	7.14e-01
 5.74010e+22	8.59e-26	2.40e-20	4.39e-16	1.19e-12	7.70e-10	1.18e-07	6.27e-06	2.08e-04	2.55e-02	2.66e-01	7.08e-01
 5.75003e+22	1.11e-25	3.01e-20	5.36e-16	1.41e-12	8.93e-10	1.34e-07	6.88e-06	2.22e-04	2.65e-02	2.70e-01	7.03e-01
 5.76122e+22	1.55e-25	4.07e-20	6.98e-16	1.78e-12	1.09e-09	1.57e-07	7.78e-06	2.41e-04	2.79e-02	2.76e-01	6.96e-01
 5.77253e+22	2.04e-25	5.19e-20	8.65e-16	2.14e-12	1.27e-09	1.79e-07	8.59e-06	2.59e-04	2.91e-02	2.81e-01	6.90e-01
 5.78218e+22	2.61e-25	6.47e-20	1.05e-15	2.53e-12	1.47e-09	2.01e-07	9.40e-06	2.75e-04	3.03e-02	2.85e-01	6.85e-01
 5.79289e+22	3.73e-25	8.93e-20	1.39e-15	3.23e-12	1.80e-09	2.38e-07	1.07e-05	3.01e-04	3.20e-02	2.91e-01	6.77e-01
 5.80342e+22	4.74e-25	1.11e-19	1.68e-15	3.80e-12	2.07e-09	2.67e-07	1.17e-05	3.20e-04	3.32e-02	2.95e-01	6.72e-01
 5.81368e+22	6.71e-25	1.51e-19	2.21e-15	4.81e-12	2.53e-09	3.15e-07	1.32e-05	3.49e-04	3.49e-02	3.01e-01	6.64e-01
 5.82376e+22	8.43e-25	1.85e-19	2.64e-15	5.62e-12	2.89e-09	3.51e-07	1.44e-05	3.70e-04	3.62e-02	3.05e-01	6.58e-01
 5.83360e+22	1.20e-24	2.54e-19	3.48e-15	7.13e-12	3.54e-09	4.15e-07	1.63e-05	4.04e-04	3.81e-02	3.11e-01	6.50e-01
 5.84338e+22	1.52e-24	3.13e-19	4.19e-15	8.37e-12	4.06e-09	4.64e-07	1.78e-05	4.28e-04	3.95e-02	3.15e-01	6.45e-01
 5.85308e+22	2.15e-24	4.29e-19	5.51e-15	1.06e-11	4.96e-09	5.48e-07	2.02e-05	4.67e-04	4.16e-02	3.21e-01	6.37e-01
 5.86287e+22	2.77e-24	5.38e-19	6.73e-15	1.26e-11	5.74e-09	6.18e-07	2.21e-05	4.98e-04	4.32e-02	3.26e-01	6.30e-01
 5.87277e+22	3.98e-24	7.43e-19	8.93e-15	1.61e-11	7.07e-09	7.34e-07	2.52e-05	5.45e-04	4.56e-02	3.32e-01	6.22e-01
 5.88277e+22	5.18e-24	9.41e-19	1.10e-14	1.92e-11	8.23e-09	8.32e-07	2.78e-05	5.82e-04	4.74e-02	3.37e-01	6.15e-01
 5.89290e+22	7.42e-24	1.30e-18	1.45e-14	2.45e-11	1.01e-08	9.88e-07	3.17e-05	6.37e-04	5.00e-02	3.43e-01	6.06e-01
 5.90294e+22	9.74e-24	1.66e-18	1.80e-14	2.94e-11	1.18e-08	1.12e-06	3.50e-05	6.81e-04	5.21e-02	3.48e-01	5.99e-01
 5.91286e+22	1.39e-23	2.27e-18	2.38e-14	3.74e-11	1.45e-08	1.33e-06	3.98e-05	7.45e-04	5.49e-02	3.54e-01	5.90e-01
 5.92297e+22	1.84e-23	2.94e-18	2.97e-14	4.53e-11	1.71e-08	1.53e-06	4.42e-05	8.00e-04	5.73e-02	3.60e-01	5.82e-01
 5.93336e+22	2.68e-23	4.11e-18	3.99e-14	5.84e-11	2.13e-08	1.83e-06	5.07e-05	8.79e-04	6.06e-02	3.66e-01	5.72e-01
 5.94380e+22	3.58e-23	5.32e-18	5.00e-14	7.09e-11	2.51e-08	2.10e-06	5.64e-05	9.45e-04	6.32e-02	3.72e-01	5.64e-01
 5.95431e+22	5.22e-23	7.46e-18	6.74e-14	9.16e-11	3.13e-08	2.52e-06	6.49e-05	1.04e-03	6.68e-02	3.78e-01	5.54e-01
 5.96488e+22	6.96e-23	9.66e-18	8.44e-14	1.11e-10	3.70e-08	2.90e-06	7.22e-05	1.12e-03	6.98e-02	3.84e-01	5.46e-01
 5.97404e+22	9.23e-23	1.24e-17	1.05e-13	1.35e-10	4.36e-08	3.32e-06	8.03e-05	1.20e-03	7.28e-02	3.89e-01	5.37e-01
 5.98444e+22	1.32e-22	1.72e-17	1.40e-13	1.72e-10	5.38e-08	3.96e-06	9.19e-05	1.32e-03	7.68e-02	3.95e-01	5.27e-01
 5.99482e+22	1.74e-22	2.20e-17	1.74e-13	2.08e-10	6.32e-08	4.53e-06	1.02e-04	1.42e-03	8.00e-02	4.00e-01	5.19e-01
 6.00520e+22	2.48e-22	3.02e-17	2.30e-13	2.64e-10	7.77e-08	5.38e-06	1.17e-04	1.55e-03	8.43e-02	4.06e-01	5.08e-01
 6.01572e+22	3.24e-22	3.85e-17	2.84e-13	3.17e-10	9.10e-08	6.15e-06	1.29e-04	1.66e-03	8.78e-02	4.11e-01	5.00e-01
 6.02641e+22	4.60e-22	5.28e-17	3.75e-13	4.03e-10	1.12e-07	7.32e-06	1.48e-04	1.82e-03	9.25e-02	4.17e-01	4.89e-01
 6.03731e+22	6.01e-22	6.70e-17	4.63e-13	4.84e-10	1.31e-07	8.35e-06	1.64e-04	1.96e-03	9.63e-02	4.22e-01	4.80e-01
 6.04847e+22	8.53e-22	9.19e-17	6.12e-13	6.15e-10	1.61e-07	9.95e-06	1.88e-04	2.15e-03	1.01e-01	4.27e-01	4.69e-01
 6.05987e+22	1.11e-21	1.17e-16	7.55e-13	7.38e-10	1.89e-07	1.14e-05	2.08e-04	2.30e-03	1.06e-01	4.32e-01	4.60e-01
 6.07158e+22	1.57e-21	1.59e-16	9.94e-13	9.36e-10	2.32e-07	1.35e-05	2.39e-04	2.53e-03	1.11e-01	4.37e-01	4.49e-01
 6.08353e+22	2.05e-21	2.03e-16	1.23e-12	1.13e-09	2.72e-07	1.55e-05	2.65e-04	2.71e-03	1.16e-01	4.42e-01	4.40e-01
 6.09578e+22	2.88e-21	2.76e-16	1.61e-12	1.43e-09	3.34e-07	1.84e-05	3.04e-04	2.97e-03	1.22e-01	4.47e-01	4.28e-01
 6.10811e+22	3.73e-21	3.48e-16	1.98e-12	1.70e-09	3.90e-07	2.10e-05	3.36e-04	3.19e-03	1.27e-01	4.51e-01	4.19e-01
 6.12055e+22	5.17e-21	4.68e-16	2.58e-12	2.14e-09	4.76e-07	2.48e-05	3.83e-04	3.48e-03	1.33e-01	4.55e-01	4.08e-01
 6.13329e+22	6.69e-21	5.91e-16	3.17e-12	2.56e-09	5.56e-07	2.83e-05	4.25e-04	3.74e-03	1.38e-01	4.59e-01	3.99e-01
 6.14438e+22	8.47e-21	7.32e-16	3.83e-12	3.02e-09	6.42e-07	3.19e-05	4.67e-04	3.99e-03	1.43e-01	4.62e-01	3.90e-01
 6.15672e+22	1.15e-20	9.66e-16	4.90e-12	3.74e-09	7.74e-07	3.74e-05	5.29e-04	4.33e-03	1.50e-01	4.66e-01	3.79e-01
 6.16908e+22	1.44e-20	1.18e-15	5.85e-12	4.36e-09	8.86e-07	4.19e-05	5.79e-04	4.61e-03	1.55e-01	4.69e-01	3.71e-01
 6.18147e+22	1.92e-20	1.54e-15	7.40e-12	5.35e-09	1.06e-06	4.87e-05	6.51e-04	4.99e-03	1.62e-01	4.72e-01	3.61e-01
 6.19416e+22	2.41e-20	1.89e-15	8.89e-12	6.28e-09	1.22e-06	5.48e-05	7.14e-04	5.31e-03	1.67e-01	4.74e-01	3.52e-01
 6.20539e+22	3.00e-20	2.31e-15	1.06e-11	7.33e-09	1.39e-06	6.15e-05	7.81e-04	5.64e-03	1.73e-01	4.76e-01	3.44e-01
 6.21816e+22	4.00e-20	2.99e-15	1.34e-11	8.96e-09	1.66e-06	7.14e-05	8.79e-04	6.11e-03	1.80e-01	4.79e-01	3.34e-01
 6.23087e+22	4.89e-20	3.59e-15	1.57e-11	1.03e-08	1.88e-06	7.92e-05	9.54e-04	6.45e-03	1.86e-01	4.80e-01	3.27e-01
 6.24348e+22	6.40e-20	4.59e-15	1.96e-11	1.25e-08	2.22e-06	9.13e-05	1.07e-03	6.96e-03	1.93e-01	4.82e-01	3.17e-01
 6.25633e+22	7.84e-20	5.52e-15	2.31e-11	1.44e-08	2.52e-06	1.01e-04	1.16e-03	7.35e-03	1.99e-01	4.83e-01	3.09e-01
 6.26951e+22	1.03e-19	7.06e-15	2.88e-11	1.75e-08	2.97e-06	1.17e-04	1.29e-03	7.93e-03	2.07e-01	4.85e-01	2.99e-01
 6.28293e+22	1.26e-19	8.51e-15	3.40e-11	2.02e-08	3.38e-06	1.30e-04	1.41e-03	8.38e-03	2.13e-01	4.86e-01	2.92e-01
 6.29668e+22	1.65e-19	1.09e-14	4.24e-11	2.45e-08	3.99e-06	1.50e-04	1.57e-03	9.04e-03	2.21e-01	4.86e-01	2.82e-01
 6.31068e+22	2.03e-19	1.31e-14	5.02e-11	2.84e-08	4.54e-06	1.67e-04	1.71e-03	9.56e-03	2.27e-01	4.87e-01	2.75e-01
 6.32500e+22	2.66e-19	1.68e-14	6.26e-11	3.44e-08	5.37e-06	1.93e-04	1.92e-03	1.03e-02	2.36e-01	4.87e-01	2.65e-01
 6.33900e+22	3.20e-19	1.99e-14	7.27e-11	3.92e-08	6.01e-06	2.12e-04	2.06e-03	1.08e-02	2.42e-01	4.87e-01	2.58e-01
 6.35258e+22	4.11e-19	2.50e-14	8.94e-11	4.70e-08	7.04e-06	2.42e-04	2.29e-03	1.16e-02	2.50e-01	4.86e-01	2.49e-01
 6.36636e+22	4.95e-19	2.96e-14	1.04e-10	5.35e-08	7.88e-06	2.66e-04	2.46e-03	1.22e-02	2.56e-01	4.86e-01	2.43e-01
 6.38041e+22	6.32e-19	3.70e-14	1.27e-10	6.38e-08	9.19e-06	3.03e-04	2.73e-03	1.30e-02	2.65e-01	4.85e-01	2.34e-01
 6.39489e+22	7.71e-19	4.44e-14	1.49e-10	7.35e-08	1.04e-05	3.36e-04	2.96e-03	1.37e-02	2.72e-01	4.84e-01	2.27e-01
 6.40993e+22	9.89e-19	5.57e-14	1.83e-10	8.77e-08	1.21e-05	3.82e-04	3.27e-03	1.47e-02	2.81e-01	4.82e-01	2.19e-01
 6.42545e+22	1.22e-18	6.75e-14	2.17e-10	1.02e-07	1.38e-05	4.26e-04	3.56e-03	1.55e-02	2.88e-01	4.80e-01	2.12e-01
 6.44160e+22	1.58e-18	8.54e-14	2.68e-10	1.22e-07	1.62e-05	4.87e-04	3.94e-03	1.66e-02	2.98e-01	4.78e-01	2.03e-01
 6.45817e+22	1.96e-18	1.04e-13	3.20e-10	1.43e-07	1.85e-05	5.44e-04	4.30e-03	1.76e-02	3.05e-01	4.76e-01	1.96e-01
 6.47529e+22	2.55e-18	1.32e-13	3.97e-10	1.72e-07	2.18e-05	6.23e-04	4.77e-03	1.88e-02	3.15e-01	4.73e-01	1.88e-01
 6.49296e+22	3.19e-18	1.62e-13	4.77e-10	2.02e-07	2.50e-05	6.99e-04	5.21e-03	2.00e-02	3.23e-01	4.70e-01	1.81e-01
 6.51133e+22	4.20e-18	2.09e-13	5.97e-10	2.46e-07	2.96e-05	8.04e-04	5.81e-03	2.14e-02	3.34e-01	4.66e-01	1.72e-01
 6.53031e+22	5.31e-18	2.59e-13	7.23e-10	2.90e-07	3.41e-05	9.06e-04	6.36e-03	2.27e-02	3.43e-01	4.62e-01	1.65e-01
 6.54747e+22	6.66e-18	3.18e-13	8.70e-10	3.41e-07	3.92e-05	1.02e-03	6.95e-03	2.40e-02	3.51e-01	4.58e-01	1.59e-01
 6.56718e+22	8.86e-18	4.13e-13	1.10e-09	4.17e-07	4.66e-05	1.17e-03	7.76e-03	2.58e-02	3.62e-01	4.53e-01	1.50e-01
 6.58727e+22	1.12e-17	5.11e-13	1.33e-09	4.93e-07	5.39e-05	1.32e-03	8.49e-03	2.74e-02	3.71e-01	4.48e-01	1.44e-01
 6.60786e+22	1.50e-17	6.68e-13	1.69e-09	6.06e-07	6.44e-05	1.53e-03	9.50e-03	2.94e-02	3.82e-01	4.42e-01	1.36e-01
 6.62873e+22	1.90e-17	8.29e-13	2.05e-09	7.18e-07	7.44e-05	1.73e-03	1.04e-02	3.11e-02	3.91e-01	4.36e-01	1.29e-01
 6.64995e+22	2.56e-17	1.09e-12	2.62e-09	8.87e-07	8.93e-05	2.01e-03	1.17e-02	3.35e-02	4.02e-01	4.29e-01	1.21e-01
 6.67140e+22	3.24e-17	1.35e-12	3.18e-09	1.05e-06	1.03e-04	2.27e-03	1.28e-02	3.55e-02	4.11e-01	4.23e-01	1.15e-01
 6.69313e+22	4.36e-17	1.77e-12	4.07e-09	1.30e-06	1.24e-04	2.64e-03	1.44e-02	3.82e-02	4.23e-01	4.14e-01	1.08e-01
 6.71498e+22	5.48e-17	2.19e-12	4.91e-09	1.53e-06	1.43e-04	2.97e-03	1.57e-02	4.03e-02	4.31e-01	4.07e-01	1.02e-01
 6.73313e+22	6.72e-17	2.64e-12	5.82e-09	1.78e-06	1.63e-04	3.30e-03	1.70e-02	4.24e-02	4.39e-01	4.01e-01	9.72e-02
 6.75288e+22	8.71e-17	3.36e-12	7.23e-09	2.15e-06	1.92e-04	3.79e-03	1.89e-02	4.53e-02	4.49e-01	3.92e-01	9.09e-02
 6.77256e+22	1.06e-16	4.03e-12	8.52e-09	2.48e-06	2.17e-04	4.20e-03	2.04e-02	4.75e-02	4.56e-01	3.85e-01	8.64e-02
 6.79216e+22	1.36e-16	5.08e-12	1.05e-08	2.98e-06	2.55e-04	4.81e-03	2.26e-02	5.06e-02	4.66e-01	3.75e-01	8.06e-02
 6.81199e+22	1.65e-16	6.08e-12	1.24e-08	3.44e-06	2.89e-04	5.34e-03	2.45e-02	5.31e-02	4.73e-01	3.68e-01	7.63e-02
 6.83213e+22	2.11e-16	7.65e-12	1.53e-08	4.14e-06	3.41e-04	6.13e-03	2.72e-02	5.67e-02	4.82e-01	3.57e-01	7.06e-02
 6.85250e+22	2.55e-16	9.14e-12	1.80e-08	4.78e-06	3.86e-04	6.81e-03	2.94e-02	5.95e-02	4.88e-01	3.49e-01	6.66e-02
 6.87318e+22	3.23e-16	1.14e-11	2.22e-08	5.75e-06	4.55e-04	7.81e-03	3.27e-02	6.34e-02	4.97e-01	3.38e-01	6.13e-02
 6.89426e+22	3.89e-16	1.37e-11	2.61e-08	6.65e-06	5.17e-04	8.71e-03	3.55e-02	6.67e-02	5.03e-01	3.29e-01	5.73e-02
 6.91587e+22	4.90e-16	1.70e-11	3.22e-08	8.00e-06	6.10e-04	1.00e-02	3.95e-02	7.12e-02	5.10e-01	3.16e-01	5.24e-02
 6.93787e+22	5.85e-16	2.03e-11	3.79e-08	9.25e-06	6.95e-04	1.12e-02	4.30e-02	7.48e-02	5.15e-01	3.06e-01	4.86e-02
 6.96037e+22	7.27e-16	2.51e-11	4.64e-08	1.11e-05	8.21e-04	1.29e-02	4.79e-02	7.99e-02	5.22e-01	2.93e-01	4.40e-02
 6.98314e+22	8.56e-16	2.95e-11	5.43e-08	1.28e-05	9.33e-04	1.44e-02	5.20e-02	8.40e-02	5.26e-01	2.82e-01	4.06e-02
 7.00238e+22	9.86e-16	3.40e-11	6.24e-08	1.45e-05	1.05e-03	1.59e-02	5.61e-02	8.79e-02	5.29e-01	2.72e-01	3.76e-02
 7.02344e+22	1.17e-15	4.05e-11	7.40e-08	1.70e-05	1.21e-03	1.81e-02	6.18e-02	9.31e-02	5.32e-01	2.60e-01	3.39e-02
 7.04456e+22	1.32e-15	4.60e-11	8.43e-08	1.92e-05	1.35e-03	1.99e-02	6.64e-02	9.73e-02	5.34e-01	2.50e-01	3.13e-02
 7.06519e+22	1.51e-15	5.34e-11	9.81e-08	2.21e-05	1.55e-03	2.24e-02	7.25e-02	1.03e-01	5.35e-01	2.37e-01	2.83e-02
 7.08622e+22	1.69e-15	6.03e-11	1.11e-07	2.49e-05	1.73e-03	2.46e-02	7.79e-02	1.07e-01	5.36e-01	2.27e-01	2.59e-02
 7.10703e+22	1.88e-15	6.83e-11	1.27e-07	2.83e-05	1.96e-03	2.75e-02	8.45e-02	1.12e-01	5.35e-01	2.15e-01	2.33e-02
 7.12823e+22	2.06e-15	7.61e-11	1.43e-07	3.18e-05	2.18e-03	3.02e-02	9.08e-02	1.17e-01	5.34e-01	2.05e-01	2.11e-02
 7.14891e+22	2.22e-15	8.42e-11	1.61e-07	3.56e-05	2.44e-03	3.34e-02	9.77e-02	1.22e-01	5.31e-01	1.94e-01	1.90e-02
 7.16948e+22	2.39e-15	9.27e-11	1.79e-07	3.97e-05	2.71e-03	3.65e-02	1.04e-01	1.27e-01	5.28e-01	1.84e-01	1.72e-02
 7.19027e+22	2.55e-15	1.02e-10	2.00e-07	4.44e-05	3.02e-03	4.01e-02	1.12e-01	1.33e-01	5.24e-01	1.73e-01	1.54e-02
 7.21140e+22	2.69e-15	1.10e-10	2.22e-07	4.92e-05	3.35e-03	4.38e-02	1.19e-01	1.38e-01	5.19e-01	1.63e-01	1.39e-02
 7.23203e+22	2.81e-15	1.19e-10	2.45e-07	5.45e-05	3.70e-03	4.78e-02	1.26e-01	1.42e-01	5.13e-01	1.54e-01	1.25e-02
 7.25268e+22	2.92e-15	1.28e-10	2.70e-07	6.03e-05	4.08e-03	5.20e-02	1.34e-01	1.47e-01	5.07e-01	1.45e-01	1.12e-02
 7.27345e+22	3.01e-15	1.38e-10	2.97e-07	6.67e-05	4.50e-03	5.64e-02	1.42e-01	1.52e-01	4.99e-01	1.36e-01	9.98e-03
 7.29437e+22	3.09e-15	1.47e-10	3.26e-07	7.37e-05	4.96e-03	6.12e-02	1.49e-01	1.57e-01	4.91e-01	1.27e-01	8.91e-03
 7.31549e+22	3.17e-15	1.58e-10	3.59e-07	8.15e-05	5.47e-03	6.62e-02	1.57e-01	1.61e-01	4.82e-01	1.19e-01	7.93e-03
 7.33676e+22	3.24e-15	1.69e-10	3.95e-07	9.02e-05	6.02e-03	7.16e-02	1.65e-01	1.66e-01	4.73e-01	1.11e-01	7.05e-03
 7.35834e+22	3.30e-15	1.80e-10	4.36e-07	1.00e-04	6.65e-03	7.74e-02	1.74e-01	1.70e-01	4.63e-01	1.03e-01	6.24e-03
 7.38013e+22	3.38e-15	1.93e-10	4.81e-07	1.11e-04	7.32e-03	8.34e-02	1.82e-01	1.74e-01	4.52e-01	9.60e-02	5.53e-03
 7.40238e+22	3.45e-15	2.08e-10	5.35e-07	1.24e-04	8.10e-03	9.01e-02	1.90e-01	1.78e-01	4.40e-01	8.88e-02	4.86e-03
 7.42500e+22	3.53e-15	2.24e-10	5.95e-07	1.39e-04	8.94e-03	9.70e-02	1.98e-01	1.82e-01	4.28e-01	8.21e-02	4.28e-03
 7.44569e+22	3.62e-15	2.39e-10	6.52e-07	1.52e-04	9.72e-03	1.03e-01	2.05e-01	1.84e-01	4.17e-01	7.68e-02	3.84e-03
 7.46732e+22	3.71e-15	2.60e-10	7.35e-07	1.72e-04	1.08e-02	1.11e-01	2.13e-01	1.88e-01	4.03e-01	7.03e-02	3.33e-03
 7.48928e+22	3.84e-15	2.81e-10	8.13e-07	1.90e-04	1.18e-02	1.18e-01	2.20e-01	1.90e-01	3.92e-01	6.55e-02	2.97e-03
 7.51186e+22	4.01e-15	3.10e-10	9.28e-07	2.17e-04	1.31e-02	1.28e-01	2.28e-01	1.92e-01	3.77e-01	5.96e-02	2.56e-03
 7.53453e+22	4.18e-15	3.37e-10	1.03e-06	2.41e-04	1.43e-02	1.35e-01	2.34e-01	1.94e-01	3.65e-01	5.53e-02	2.28e-03
 7.55731e+22	4.40e-15	3.76e-10	1.19e-06	2.76e-04	1.60e-02	1.46e-01	2.41e-01	1.95e-01	3.49e-01	5.01e-02	1.95e-03
 7.58017e+22	4.66e-15	4.14e-10	1.33e-06	3.07e-04	1.74e-02	1.54e-01	2.47e-01	1.96e-01	3.37e-01	4.64e-02	1.74e-03
 7.60311e+22	5.00e-15	4.68e-10	1.54e-06	3.53e-04	1.94e-02	1.65e-01	2.54e-01	1.97e-01	3.21e-01	4.19e-02	1.48e-03
 7.62629e+22	5.37e-15	5.20e-10	1.74e-06	3.94e-04	2.11e-02	1.74e-01	2.59e-01	1.97e-01	3.09e-01	3.86e-02	1.31e-03
 7.64977e+22	5.87e-15	5.96e-10	2.04e-06	4.55e-04	2.35e-02	1.86e-01	2.65e-01	1.96e-01	2.93e-01	3.46e-02	1.12e-03
 7.67355e+22	6.39e-15	6.70e-10	2.32e-06	5.10e-04	2.56e-02	1.96e-01	2.69e-01	1.95e-01	2.81e-01	3.18e-02	9.81e-04
 7.69771e+22	7.16e-15	7.82e-10	2.75e-06	5.92e-04	2.86e-02	2.09e-01	2.74e-01	1.94e-01	2.64e-01	2.83e-02	8.27e-04
 7.72231e+22	7.96e-15	8.92e-10	3.15e-06	6.67e-04	3.12e-02	2.20e-01	2.78e-01	1.92e-01	2.52e-01	2.58e-02	7.22e-04
 7.74748e+22	9.15e-15	1.06e-09	3.78e-06	7.79e-04	3.48e-02	2.35e-01	2.81e-01	1.89e-01	2.36e-01	2.28e-02	6.03e-04
 7.77321e+22	1.04e-14	1.23e-09	4.38e-06	8.81e-04	3.80e-02	2.46e-01	2.84e-01	1.86e-01	2.23e-01	2.06e-02	5.22e-04
 7.79966e+22	1.23e-14	1.49e-09	5.31e-06	1.04e-03	4.25e-02	2.62e-01	2.86e-01	1.82e-01	2.07e-01	1.80e-02	4.30e-04
 7.82666e+22	1.44e-14	1.76e-09	6.21e-06	1.18e-03	4.64e-02	2.74e-01	2.88e-01	1.79e-01	1.95e-01	1.62e-02	3.69e-04
 7.84945e+22	1.65e-14	2.04e-09	7.14e-06	1.32e-03	5.01e-02	2.86e-01	2.89e-01	1.75e-01	1.84e-01	1.47e-02	3.20e-04
 7.87415e+22	2.00e-14	2.47e-09	8.57e-06	1.52e-03	5.53e-02	3.00e-01	2.89e-01	1.70e-01	1.70e-01	1.29e-02	2.66e-04
 7.89816e+22	2.30e-14	2.85e-09	9.76e-06	1.69e-03	5.93e-02	3.11e-01	2.88e-01	1.67e-01	1.61e-01	1.17e-02	2.34e-04
 7.92124e+22	2.78e-14	3.44e-09	1.16e-05	1.94e-03	6.48e-02	3.24e-01	2.87e-01	1.61e-01	1.49e-01	1.03e-02	1.96e-04
 7.94455e+22	3.26e-14	4.00e-09	1.32e-05	2.14e-03	6.92e-02	3.35e-01	2.86e-01	1.57e-01	1.41e-01	9.37e-03	1.71e-04
 7.96816e+22	4.00e-14	4.86e-09	1.57e-05	2.45e-03	7.55e-02	3.48e-01	2.84e-01	1.52e-01	1.30e-01	8.22e-03	1.42e-04
 7.99211e+22	4.74e-14	5.69e-09	1.80e-05	2.71e-03	8.06e-02	3.59e-01	2.82e-01	1.47e-01	1.22e-01	7.41e-03	1.24e-04
 8.01649e+22	5.93e-14	6.99e-09	2.15e-05	3.11e-03	8.77e-02	3.72e-01	2.78e-01	1.41e-01	1.12e-01	6.45e-03	1.02e-04
 8.04122e+22	7.12e-14	8.22e-09	2.47e-05	3.44e-03	9.35e-02	3.82e-01	2.75e-01	1.36e-01	1.04e-01	5.78e-03	8.80e-05
 8.06639e+22	9.05e-14	1.02e-08	2.96e-05	3.94e-03	1.02e-01	3.95e-01	2.70e-01	1.29e-01	9.50e-02	4.99e-03	7.20e-05
 8.09201e+22	1.10e-13	1.21e-08	3.41e-05	4.37e-03	1.08e-01	4.04e-01	2.66e-01	1.24e-01	8.81e-02	4.44e-03	6.15e-05
 8.11820e+22	1.42e-13	1.51e-08	4.10e-05	5.00e-03	1.17e-01	4.16e-01	2.60e-01	1.17e-01	7.97e-02	3.80e-03	4.99e-05
 8.14506e+22	1.75e-13	1.81e-08	4.74e-05	5.56e-03	1.25e-01	4.25e-01	2.55e-01	1.12e-01	7.34e-02	3.35e-03	4.21e-05
 8.17278e+22	2.31e-13	2.29e-08	5.74e-05	6.37e-03	1.35e-01	4.36e-01	2.48e-01	1.05e-01	6.57e-02	2.84e-03	3.37e-05
 8.20119e+22	2.89e-13	2.76e-08	6.68e-05	7.10e-03	1.44e-01	4.45e-01	2.42e-01	9.96e-02	6.00e-02	2.47e-03	2.81e-05
 8.23052e+22	3.88e-13	3.54e-08	8.14e-05	8.16e-03	1.56e-01	4.54e-01	2.33e-01	9.27e-02	5.32e-02	2.07e-03	2.21e-05
 8.26008e+22	4.87e-13	4.27e-08	9.44e-05	9.05e-03	1.65e-01	4.61e-01	2.27e-01	8.74e-02	4.84e-02	1.80e-03	1.84e-05
 8.28996e+22	6.59e-13	5.49e-08	1.15e-04	1.04e-02	1.78e-01	4.69e-01	2.17e-01	8.08e-02	4.26e-02	1.49e-03	1.43e-05
 8.32015e+22	8.30e-13	6.64e-08	1.33e-04	1.15e-02	1.89e-01	4.74e-01	2.10e-01	7.58e-02	3.86e-02	1.29e-03	1.18e-05
 8.35073e+22	1.13e-12	8.54e-08	1.62e-04	1.31e-02	2.03e-01	4.79e-01	2.00e-01	6.96e-02	3.37e-02	1.06e-03	9.12e-06
 8.38184e+22	1.43e-12	1.04e-07	1.88e-04	1.45e-02	2.14e-01	4.83e-01	1.93e-01	6.49e-02	3.03e-02	9.06e-04	7.46e-06
 8.40931e+22	1.82e-12	1.26e-07	2.19e-04	1.61e-02	2.25e-01	4.85e-01	1.85e-01	6.05e-02	2.72e-02	7.74e-04	6.08e-06
 8.44070e+22	2.47e-12	1.61e-07	2.64e-04	1.82e-02	2.40e-01	4.87e-01	1.75e-01	5.51e-02	2.36e-02	6.33e-04	4.67e-06
 8.47265e+22	3.18e-12	1.97e-07	3.08e-04	2.02e-02	2.52e-01	4.88e-01	1.67e-01	5.09e-02	2.10e-02	5.35e-04	3.75e-06
 8.49856e+22	3.92e-12	2.33e-07	3.50e-04	2.19e-02	2.63e-01	4.87e-01	1.60e-01	4.76e-02	1.90e-02	4.64e-04	3.12e-06
 8.52547e+22	5.01e-12	2.84e-07	4.06e-04	2.42e-02	2.76e-01	4.86e-01	1.52e-01	4.39e-02	1.69e-02	3.92e-04	2.51e-06
 8.55374e+22	6.25e-12	3.39e-07	4.63e-04	2.64e-02	2.87e-01	4.85e-01	1.45e-01	4.08e-02	1.52e-02	3.36e-04	2.06e-06
 8.57967e+22	7.76e-12	4.02e-07	5.27e-04	2.86e-02	2.98e-01	4.82e-01	1.39e-01	3.79e-02	1.36e-02	2.89e-04	1.70e-06
 8.60928e+22	1.02e-11	4.99e-07	6.18e-04	3.17e-02	3.12e-01	4.78e-01	1.30e-01	3.45e-02	1.19e-02	2.39e-04	1.32e-06
 8.63964e+22	1.29e-11	6.02e-07	7.11e-04	3.47e-02	3.25e-01	4.74e-01	1.23e-01	3.17e-02	1.05e-02	2.01e-04	1.06e-06
 8.66642e+22	1.60e-11	7.15e-07	8.08e-04	3.76e-02	3.36e-01	4.69e-01	1.17e-01	2.93e-02	9.41e-03	1.72e-04	8.68e-07
 8.69668e+22	2.10e-11	8.85e-07	9.46e-04	4.15e-02	3.51e-01	4.63e-01	1.09e-01	2.65e-02	8.15e-03	1.41e-04	6.72e-07
 8.72816e+22	2.68e-11	1.07e-06	1.09e-03	4.53e-02	3.63e-01	4.56e-01	1.03e-01	2.42e-02	7.16e-03	1.17e-04	5.33e-07
 8.75647e+22	3.35e-11	1.28e-06	1.24e-03	4.90e-02	3.75e-01	4.49e-01	9.65e-02	2.22e-02	6.33e-03	9.89e-05	4.29e-07
 8.78849e+22	4.43e-11	1.59e-06	1.45e-03	5.41e-02	3.90e-01	4.40e-01	8.93e-02	1.98e-02	5.42e-03	7.98e-05	3.26e-07
 8.82154e+22	5.68e-11	1.93e-06	1.68e-03	5.89e-02	4.02e-01	4.31e-01	8.32e-02	1.80e-02	4.72e-03	6.58e-05	2.55e-07
 8.85101e+22	7.15e-11	2.31e-06	1.91e-03	6.37e-02	4.14e-01	4.22e-01	7.77e-02	1.63e-02	4.14e-03	5.49e-05	2.02e-07
 8.88440e+22	9.56e-11	2.90e-06	2.25e-03	7.03e-02	4.28e-01	4.10e-01	7.11e-02	1.45e-02	3.49e-03	4.35e-05	1.51e-07
 8.91879e+22	1.22e-10	3.51e-06	2.58e-03	7.62e-02	4.40e-01	4.00e-01	6.58e-02	1.30e-02	3.02e-03	3.56e-05	0.00e+00
 8.95448e+22	1.66e-10	4.45e-06	3.06e-03	8.42e-02	4.53e-01	3.86e-01	5.96e-02	1.14e-02	2.51e-03	2.77e-05	0.00e+00
 8.99087e+22	2.15e-10	5.44e-06	3.53e-03	9.14e-02	4.65e-01	3.73e-01	5.47e-02	1.02e-02	2.14e-03	2.23e-05	0.00e+00
 9.02325e+22	2.74e-10	6.55e-06	4.03e-03	9.86e-02	4.75e-01	3.62e-01	5.03e-02	9.14e-03	1.84e-03	1.82e-05	0.00e+00
 9.06045e+22	3.75e-10	8.35e-06	4.79e-03	1.09e-01	4.87e-01	3.46e-01	4.50e-02	7.90e-03	1.51e-03	1.39e-05	0.00e+00
 9.09794e+22	4.83e-10	1.01e-05	5.49e-03	1.17e-01	4.96e-01	3.32e-01	4.10e-02	7.02e-03	1.28e-03	1.11e-05	0.00e+00
 9.13581e+22	6.54e-10	1.28e-05	6.47e-03	1.28e-01	5.05e-01	3.16e-01	3.66e-02	6.07e-03	1.05e-03	8.48e-06	0.00e+00
 9.17449e+22	8.53e-10	1.57e-05	7.46e-03	1.39e-01	5.13e-01	3.02e-01	3.30e-02	5.33e-03	8.79e-04	6.67e-06	0.00e+00
 9.20849e+22	1.09e-09	1.89e-05	8.50e-03	1.49e-01	5.19e-01	2.89e-01	2.99e-02	4.72e-03	7.44e-04	5.32e-06	0.00e+00
 9.24112e+22	1.37e-09	2.25e-05	9.59e-03	1.59e-01	5.24e-01	2.76e-01	2.72e-02	4.21e-03	6.35e-04	4.31e-06	0.00e+00
