#depth	N	N+	N+2	N+3	N+4	N+5	N+6	N+7
 4.62852e+21	0.00e+00	0.00e+00	2.08e-28	3.94e-22	2.52e-16	4.38e-10	4.32e-05	1.00e+00
 1.05209e+22	0.00e+00	0.00e+00	1.21e-27	1.60e-21	7.51e-16	9.05e-10	6.20e-05	1.00e+00
 1.26198e+22	0.00e+00	0.00e+00	3.97e-27	4.14e-21	1.54e-15	1.46e-09	7.86e-05	1.00e+00
 1.41227e+22	0.00e+00	0.00e+00	1.03e-26	8.87e-21	2.73e-15	2.13e-09	9.50e-05	1.00e+00
 1.50884e+22	0.00e+00	0.00e+00	1.55e-26	1.23e-20	3.50e-15	2.52e-09	1.03e-04	1.00e+00
 1.57731e+22	0.00e+00	0.00e+00	2.71e-26	1.93e-20	4.91e-15	3.15e-09	1.15e-04	1.00e+00
 1.64780e+22	0.00e+00	0.00e+00	4.26e-26	2.77e-20	6.45e-15	3.77e-09	1.26e-04	1.00e+00
 1.72088e+22	0.00e+00	0.00e+00	7.62e-26	4.43e-20	9.19e-15	4.77e-09	1.42e-04	1.00e+00
 1.78461e+22	0.00e+00	0.00e+00	1.03e-25	5.64e-20	1.10e-14	5.38e-09	1.50e-04	1.00e+00
 1.83619e+22	0.00e+00	3.13e-32	1.54e-25	7.81e-20	1.41e-14	6.32e-09	1.63e-04	1.00e+00
 1.88930e+22	0.00e+00	4.75e-32	2.19e-25	1.03e-19	1.74e-14	7.27e-09	1.75e-04	1.00e+00
 1.93653e+22	0.00e+00	7.04e-32	3.04e-25	1.35e-19	2.13e-14	8.30e-09	1.86e-04	1.00e+00
 1.99005e+22	0.00e+00	1.16e-31	4.60e-25	1.88e-19	2.74e-14	9.80e-09	2.02e-04	1.00e+00
 2.04445e+22	0.00e+00	1.75e-31	6.51e-25	2.49e-19	3.39e-14	1.13e-08	2.17e-04	1.00e+00
 2.09219e+22	0.00e+00	2.62e-31	9.10e-25	3.26e-19	4.15e-14	1.29e-08	2.32e-04	1.00e+00
 2.14645e+22	0.00e+00	4.43e-31	1.42e-24	4.65e-19	5.44e-14	1.54e-08	2.53e-04	1.00e+00
 2.20004e+22	0.00e+00	6.38e-31	1.92e-24	5.93e-19	6.54e-14	1.74e-08	2.69e-04	1.00e+00
 2.25277e+22	0.00e+00	1.07e-30	2.97e-24	8.44e-19	8.54e-14	2.07e-08	2.93e-04	1.00e+00
 2.30555e+22	0.00e+00	1.54e-30	4.01e-24	1.08e-18	1.03e-13	2.34e-08	3.11e-04	1.00e+00
 2.35842e+22	0.00e+00	2.59e-30	6.21e-24	1.53e-18	1.34e-13	2.79e-08	3.40e-04	1.00e+00
 2.41123e+22	0.00e+00	3.72e-30	8.40e-24	1.95e-18	1.62e-13	3.15e-08	3.61e-04	1.00e+00
 2.45493e+22	0.00e+00	5.26e-30	1.12e-23	2.47e-18	1.93e-13	3.54e-08	3.82e-04	1.00e+00
 2.49584e+22	0.00e+00	7.39e-30	1.49e-23	3.11e-18	2.30e-13	3.97e-08	4.04e-04	1.00e+00
 2.53595e+22	0.00e+00	1.02e-29	1.95e-23	3.89e-18	2.73e-13	4.45e-08	4.27e-04	1.00e+00
 2.58196e+22	0.00e+00	1.56e-29	2.79e-23	5.20e-18	3.41e-13	5.14e-08	4.58e-04	1.00e+00
 2.62777e+22	0.00e+00	2.18e-29	3.69e-23	6.51e-18	4.05e-13	5.75e-08	4.84e-04	1.00e+00
 2.67335e+22	0.00e+00	3.32e-29	5.25e-23	8.67e-18	5.04e-13	6.63e-08	5.19e-04	9.99e-01
 2.71967e+22	0.00e+00	4.68e-29	7.01e-23	1.09e-17	6.01e-13	7.45e-08	5.50e-04	9.99e-01
 2.76010e+22	0.00e+00	6.50e-29	9.24e-23	1.37e-17	7.14e-13	8.33e-08	5.81e-04	9.99e-01
 2.80582e+22	0.00e+00	9.91e-29	1.32e-22	1.82e-17	8.89e-13	9.61e-08	6.23e-04	9.99e-01
 2.85212e+22	0.00e+00	1.39e-28	1.75e-22	2.30e-17	1.06e-12	1.08e-07	6.59e-04	9.99e-01
 2.88917e+22	0.00e+00	1.86e-28	2.23e-22	2.80e-17	1.23e-12	1.19e-07	6.92e-04	9.99e-01
 2.92184e+22	0.00e+00	2.44e-28	2.80e-22	3.36e-17	1.42e-12	1.30e-07	7.23e-04	9.99e-01
 2.95884e+22	0.00e+00	3.35e-28	3.66e-22	4.18e-17	1.68e-12	1.45e-07	7.62e-04	9.99e-01
 2.99859e+22	0.00e+00	4.59e-28	4.77e-22	5.17e-17	1.97e-12	1.62e-07	8.03e-04	9.99e-01
 3.03409e+22	0.00e+00	6.09e-28	6.05e-22	6.28e-17	2.29e-12	1.78e-07	8.42e-04	9.99e-01
 3.06738e+22	0.00e+00	8.03e-28	7.63e-22	7.58e-17	2.65e-12	1.96e-07	8.81e-04	9.99e-01
 3.10562e+22	0.00e+00	1.13e-27	1.02e-21	9.57e-17	3.17e-12	2.20e-07	9.33e-04	9.99e-01
 3.14529e+22	0.00e+00	1.53e-27	1.31e-21	1.18e-16	3.71e-12	2.44e-07	9.81e-04	9.99e-01
 3.17997e+22	0.00e+00	2.02e-27	1.65e-21	1.42e-16	4.29e-12	2.68e-07	1.03e-03	9.99e-01
 3.21825e+22	0.00e+00	2.80e-27	2.18e-21	1.78e-16	5.11e-12	3.00e-07	1.08e-03	9.99e-01
 3.25542e+22	0.00e+00	3.69e-27	2.75e-21	2.15e-16	5.90e-12	3.30e-07	1.14e-03	9.99e-01
 3.28464e+22	0.00e+00	4.67e-27	3.35e-21	2.52e-16	6.67e-12	3.57e-07	1.18e-03	9.99e-01
 3.31609e+22	0.00e+00	6.11e-27	4.21e-21	3.04e-16	7.70e-12	3.92e-07	1.23e-03	9.99e-01
 3.35045e+22	0.00e+00	8.03e-27	5.29e-21	3.66e-16	8.88e-12	4.30e-07	1.29e-03	9.99e-01
 3.38160e+22	0.00e+00	1.02e-26	6.48e-21	4.31e-16	1.01e-11	4.67e-07	1.34e-03	9.99e-01
 3.41511e+22	0.00e+00	1.36e-26	8.26e-21	5.26e-16	1.18e-11	5.16e-07	1.41e-03	9.99e-01
 3.45013e+22	0.00e+00	1.79e-26	1.04e-20	6.33e-16	1.36e-11	5.67e-07	1.48e-03	9.99e-01
 3.48069e+22	0.00e+00	2.28e-26	1.27e-20	7.48e-16	1.54e-11	6.16e-07	1.54e-03	9.98e-01
 3.51400e+22	0.00e+00	3.03e-26	1.62e-20	9.12e-16	1.80e-11	6.81e-07	1.61e-03	9.98e-01
 3.54652e+22	1.90e-33	3.87e-26	1.99e-20	1.08e-15	2.04e-11	7.39e-07	1.68e-03	9.98e-01
 3.57221e+22	2.40e-33	4.74e-26	2.36e-20	1.24e-15	2.27e-11	7.93e-07	1.74e-03	9.98e-01
 3.59981e+22	3.15e-33	5.99e-26	2.87e-20	1.45e-15	2.57e-11	8.60e-07	1.81e-03	9.98e-01
 3.63002e+22	4.13e-33	7.56e-26	3.49e-20	1.70e-15	2.91e-11	9.32e-07	1.88e-03	9.98e-01
 3.65850e+22	5.36e-33	9.47e-26	4.22e-20	1.99e-15	3.28e-11	1.01e-06	1.95e-03	9.98e-01
 3.68609e+22	6.96e-33	1.19e-25	5.10e-20	2.32e-15	3.69e-11	1.09e-06	2.03e-03	9.98e-01
 3.71286e+22	8.90e-33	1.47e-25	6.10e-20	2.69e-15	4.13e-11	1.17e-06	2.10e-03	9.98e-01
 3.74287e+22	1.20e-32	1.89e-25	7.56e-20	3.20e-15	4.74e-11	1.28e-06	2.19e-03	9.98e-01
 3.77425e+22	1.59e-32	2.41e-25	9.27e-20	3.78e-15	5.38e-11	1.39e-06	2.28e-03	9.98e-01
 3.80155e+22	2.04e-32	3.00e-25	1.11e-19	4.38e-15	6.03e-11	1.50e-06	2.37e-03	9.98e-01
 3.82577e+22	2.55e-32	3.63e-25	1.31e-19	5.00e-15	6.68e-11	1.60e-06	2.44e-03	9.98e-01
 3.85187e+22	3.28e-32	4.51e-25	1.57e-19	5.81e-15	7.51e-11	1.73e-06	2.53e-03	9.97e-01
 3.88001e+22	4.22e-32	5.60e-25	1.88e-19	6.74e-15	8.42e-11	1.87e-06	2.63e-03	9.97e-01
 3.90554e+22	5.32e-32	6.84e-25	2.23e-19	7.73e-15	9.36e-11	2.00e-06	2.72e-03	9.97e-01
 3.93348e+22	7.01e-32	8.67e-25	2.72e-19	9.12e-15	1.06e-10	2.17e-06	2.83e-03	9.97e-01
 3.96266e+22	9.10e-32	1.09e-24	3.29e-19	1.06e-14	1.20e-10	2.35e-06	2.94e-03	9.97e-01
 3.98733e+22	1.14e-31	1.32e-24	3.87e-19	1.21e-14	1.32e-10	2.51e-06	3.04e-03	9.97e-01
 4.01326e+22	1.47e-31	1.64e-24	4.66e-19	1.41e-14	1.49e-10	2.72e-06	3.15e-03	9.97e-01
 4.04098e+22	1.88e-31	2.03e-24	5.57e-19	1.63e-14	1.67e-10	2.92e-06	3.27e-03	9.97e-01
 4.06609e+22	2.36e-31	2.47e-24	6.57e-19	1.87e-14	1.85e-10	3.13e-06	3.38e-03	9.97e-01
 4.09382e+22	3.10e-31	3.12e-24	8.00e-19	2.20e-14	2.10e-10	3.40e-06	3.51e-03	9.96e-01
 4.12291e+22	4.02e-31	3.90e-24	9.65e-19	2.56e-14	2.36e-10	3.68e-06	3.65e-03	9.96e-01
 4.14725e+22	5.01e-31	4.71e-24	1.13e-18	2.91e-14	2.61e-10	3.93e-06	3.77e-03	9.96e-01
 4.16899e+22	6.09e-31	5.57e-24	1.30e-18	3.27e-14	2.85e-10	4.17e-06	3.88e-03	9.96e-01
 4.19390e+22	7.77e-31	6.87e-24	1.55e-18	3.77e-14	3.19e-10	4.49e-06	4.02e-03	9.96e-01
 4.22087e+22	9.91e-31	8.46e-24	1.85e-18	4.35e-14	3.56e-10	4.82e-06	4.17e-03	9.96e-01
 4.24579e+22	1.25e-30	1.03e-23	2.18e-18	4.98e-14	3.95e-10	5.17e-06	4.31e-03	9.96e-01
 4.27345e+22	1.64e-30	1.30e-23	2.66e-18	5.85e-14	4.48e-10	5.62e-06	4.49e-03	9.96e-01
 4.30103e+22	2.09e-30	1.61e-23	3.16e-18	6.74e-14	4.98e-10	6.04e-06	4.65e-03	9.95e-01
 4.32344e+22	2.57e-30	1.92e-23	3.67e-18	7.60e-14	5.47e-10	6.43e-06	4.79e-03	9.95e-01
 4.34751e+22	3.26e-30	2.35e-23	4.35e-18	8.74e-14	6.09e-10	6.91e-06	4.97e-03	9.95e-01
 4.37382e+22	4.12e-30	2.87e-23	5.15e-18	1.00e-13	6.77e-10	7.41e-06	5.14e-03	9.95e-01
 4.39870e+22	5.21e-30	3.51e-23	6.09e-18	1.15e-13	7.51e-10	7.96e-06	5.32e-03	9.95e-01
 4.42272e+22	6.51e-30	4.25e-23	7.14e-18	1.31e-13	8.29e-10	8.51e-06	5.50e-03	9.94e-01
 4.44997e+22	8.50e-30	5.34e-23	8.64e-18	1.53e-13	9.36e-10	9.22e-06	5.73e-03	9.94e-01
 4.47755e+22	1.09e-29	6.58e-23	1.03e-17	1.76e-13	1.04e-09	9.92e-06	5.94e-03	9.94e-01
 4.50042e+22	1.35e-29	7.90e-23	1.20e-17	1.99e-13	1.14e-09	1.06e-05	6.13e-03	9.94e-01
 4.52502e+22	1.72e-29	9.75e-23	1.43e-17	2.29e-13	1.27e-09	1.14e-05	6.37e-03	9.94e-01
 4.55149e+22	2.21e-29	1.20e-22	1.70e-17	2.63e-13	1.41e-09	1.22e-05	6.61e-03	9.93e-01
 4.57558e+22	2.75e-29	1.45e-22	1.99e-17	2.99e-13	1.56e-09	1.31e-05	6.83e-03	9.93e-01
 4.59802e+22	3.41e-29	1.74e-22	2.31e-17	3.37e-13	1.71e-09	1.39e-05	7.05e-03	9.93e-01
 4.61977e+22	4.18e-29	2.07e-22	2.67e-17	3.79e-13	1.86e-09	1.48e-05	7.27e-03	9.93e-01
 4.64466e+22	5.38e-29	2.57e-22	3.18e-17	4.37e-13	2.07e-09	1.60e-05	7.56e-03	9.92e-01
 4.67077e+22	6.87e-29	3.15e-22	3.77e-17	5.00e-13	2.29e-09	1.71e-05	7.84e-03	9.92e-01
 4.69377e+22	8.57e-29	3.80e-22	4.40e-17	5.66e-13	2.51e-09	1.83e-05	8.11e-03	9.92e-01
 4.71897e+22	1.13e-28	4.81e-22	5.33e-17	6.59e-13	2.81e-09	1.98e-05	8.46e-03	9.92e-01
 4.74479e+22	1.42e-28	5.84e-22	6.27e-17	7.50e-13	3.10e-09	2.12e-05	8.76e-03	9.91e-01
 4.76710e+22	1.78e-28	7.05e-22	7.31e-17	8.46e-13	3.38e-09	2.26e-05	9.06e-03	9.91e-01
 4.78811e+22	2.17e-28	8.35e-22	8.40e-17	9.45e-13	3.67e-09	2.40e-05	9.34e-03	9.91e-01
 4.81176e+22	2.82e-28	1.04e-21	1.00e-16	1.09e-12	4.07e-09	2.58e-05	9.72e-03	9.90e-01
 4.83633e+22	3.56e-28	1.26e-21	1.18e-16	1.23e-12	4.45e-09	2.76e-05	1.01e-02	9.90e-01
 4.85821e+22	4.46e-28	1.53e-21	1.37e-16	1.39e-12	4.85e-09	2.94e-05	1.04e-02	9.90e-01
 4.88275e+22	5.91e-28	1.93e-21	1.66e-16	1.62e-12	5.41e-09	3.19e-05	1.09e-02	9.89e-01
 4.90681e+22	7.38e-28	2.33e-21	1.94e-16	1.82e-12	5.88e-09	3.39e-05	1.13e-02	9.89e-01
 4.92681e+22	9.04e-28	2.76e-21	2.22e-16	2.02e-12	6.35e-09	3.60e-05	1.16e-02	9.88e-01
 4.94934e+22	1.17e-27	3.43e-21	2.65e-16	2.32e-12	6.99e-09	3.87e-05	1.21e-02	9.88e-01
 4.97260e+22	1.48e-27	4.16e-21	3.10e-16	2.62e-12	7.60e-09	4.12e-05	1.25e-02	9.87e-01
 4.99315e+22	1.84e-27	4.98e-21	3.58e-16	2.93e-12	8.24e-09	4.38e-05	1.29e-02	9.87e-01
 5.01621e+22	2.42e-27	6.26e-21	4.31e-16	3.38e-12	9.10e-09	4.73e-05	1.35e-02	9.86e-01
 5.03913e+22	3.05e-27	7.58e-21	5.02e-16	3.80e-12	9.86e-09	5.04e-05	1.40e-02	9.86e-01
 5.05817e+22	3.73e-27	8.98e-21	5.76e-16	4.23e-12	1.06e-08	5.33e-05	1.44e-02	9.86e-01
 5.07920e+22	4.80e-27	1.11e-20	6.81e-16	4.80e-12	1.16e-08	5.71e-05	1.50e-02	9.85e-01
 5.10133e+22	6.04e-27	1.34e-20	7.95e-16	5.41e-12	1.26e-08	6.09e-05	1.55e-02	9.84e-01
 5.12142e+22	7.61e-27	1.62e-20	9.26e-16	6.07e-12	1.36e-08	6.48e-05	1.61e-02	9.84e-01
 5.14090e+22	9.46e-27	1.94e-20	1.07e-15	6.79e-12	1.47e-08	6.88e-05	1.66e-02	9.83e-01
 5.15995e+22	1.18e-26	2.33e-20	1.24e-15	7.58e-12	1.59e-08	7.30e-05	1.72e-02	9.83e-01
 5.18158e+22	1.55e-26	2.92e-20	1.49e-15	8.72e-12	1.74e-08	7.87e-05	1.79e-02	9.82e-01
 5.20352e+22	1.96e-26	3.55e-20	1.74e-15	9.81e-12	1.89e-08	8.38e-05	1.86e-02	9.81e-01
 5.22226e+22	2.42e-26	4.24e-20	2.00e-15	1.09e-11	2.03e-08	8.89e-05	1.92e-02	9.81e-01
 5.24305e+22	3.16e-26	5.28e-20	2.39e-15	1.25e-11	2.23e-08	9.56e-05	2.00e-02	9.80e-01
 5.26455e+22	4.01e-26	6.44e-20	2.80e-15	1.41e-11	2.42e-08	1.02e-04	2.07e-02	9.79e-01
 5.28360e+22	5.05e-26	7.78e-20	3.26e-15	1.58e-11	2.61e-08	1.08e-04	2.14e-02	9.78e-01
 5.30501e+22	6.68e-26	9.82e-20	3.93e-15	1.83e-11	2.87e-08	1.17e-04	2.23e-02	9.78e-01
 5.32664e+22	8.52e-26	1.20e-19	4.61e-15	2.06e-11	3.12e-08	1.25e-04	2.31e-02	9.77e-01
 5.34525e+22	1.07e-25	1.45e-19	5.37e-15	2.32e-11	3.37e-08	1.33e-04	2.39e-02	9.76e-01
 5.36613e+22	1.42e-25	1.83e-19	6.48e-15	2.67e-11	3.71e-08	1.43e-04	2.49e-02	9.75e-01
 5.38789e+22	1.84e-25	2.27e-19	7.70e-15	3.05e-11	4.05e-08	1.54e-04	2.59e-02	9.74e-01
 5.40740e+22	2.33e-25	2.77e-19	9.02e-15	3.44e-11	4.40e-08	1.64e-04	2.68e-02	9.73e-01
 5.42605e+22	2.97e-25	3.38e-19	1.06e-14	3.88e-11	4.77e-08	1.75e-04	2.78e-02	9.72e-01
 5.44378e+22	3.70e-25	4.06e-19	1.23e-14	4.35e-11	5.14e-08	1.85e-04	2.87e-02	9.71e-01
 5.46365e+22	4.99e-25	5.20e-19	1.50e-14	5.05e-11	5.69e-08	2.01e-04	2.99e-02	9.70e-01
 5.48366e+22	6.36e-25	6.37e-19	1.76e-14	5.71e-11	6.17e-08	2.14e-04	3.09e-02	9.69e-01
 5.49985e+22	7.80e-25	7.55e-19	2.02e-14	6.34e-11	6.61e-08	2.26e-04	3.18e-02	9.68e-01
 5.51383e+22	9.45e-25	8.85e-19	2.30e-14	6.99e-11	7.05e-08	2.38e-04	3.27e-02	9.67e-01
 5.52672e+22	1.13e-24	1.03e-18	2.58e-14	7.65e-11	7.49e-08	2.49e-04	3.35e-02	9.66e-01
 5.54127e+22	1.41e-24	1.24e-18	3.00e-14	8.57e-11	8.08e-08	2.64e-04	3.46e-02	9.65e-01
 5.55639e+22	1.71e-24	1.45e-18	3.42e-14	9.47e-11	8.65e-08	2.78e-04	3.55e-02	9.64e-01
 5.56942e+22	2.06e-24	1.69e-18	3.87e-14	1.04e-10	9.20e-08	2.91e-04	3.64e-02	9.63e-01
 5.58151e+22	2.48e-24	1.97e-18	4.38e-14	1.14e-10	9.79e-08	3.05e-04	3.73e-02	9.62e-01
 5.59336e+22	2.94e-24	2.28e-18	4.92e-14	1.25e-10	1.04e-07	3.19e-04	3.82e-02	9.61e-01
 5.60502e+22	3.49e-24	2.63e-18	5.52e-14	1.36e-10	1.10e-07	3.34e-04	3.91e-02	9.61e-01
 5.61649e+22	4.17e-24	3.05e-18	6.23e-14	1.49e-10	1.17e-07	3.49e-04	4.00e-02	9.60e-01
 5.62782e+22	4.97e-24	3.53e-18	7.01e-14	1.63e-10	1.24e-07	3.65e-04	4.09e-02	9.59e-01
 5.64074e+22	6.19e-24	4.25e-18	8.14e-14	1.83e-10	1.34e-07	3.86e-04	4.21e-02	9.57e-01
 5.65382e+22	7.56e-24	5.02e-18	9.32e-14	2.03e-10	1.44e-07	4.06e-04	4.32e-02	9.56e-01
 5.66487e+22	9.01e-24	5.81e-18	1.05e-13	2.22e-10	1.52e-07	4.24e-04	4.42e-02	9.55e-01
 5.67513e+22	1.07e-23	6.70e-18	1.18e-13	2.43e-10	1.62e-07	4.43e-04	4.52e-02	9.54e-01
 5.68504e+22	1.27e-23	7.73e-18	1.32e-13	2.65e-10	1.71e-07	4.62e-04	4.62e-02	9.53e-01
 5.69640e+22	1.56e-23	9.23e-18	1.53e-13	2.96e-10	1.84e-07	4.87e-04	4.74e-02	9.52e-01
 5.70798e+22	1.90e-23	1.09e-17	1.74e-13	3.27e-10	1.97e-07	5.10e-04	4.86e-02	9.51e-01
 5.71790e+22	2.26e-23	1.26e-17	1.96e-13	3.58e-10	2.09e-07	5.32e-04	4.96e-02	9.50e-01
 5.72884e+22	2.82e-23	1.51e-17	2.28e-13	4.02e-10	2.26e-07	5.62e-04	5.10e-02	9.48e-01
 5.74010e+22	3.44e-23	1.79e-17	2.62e-13	4.46e-10	2.42e-07	5.90e-04	5.22e-02	9.47e-01
 5.75003e+22	4.15e-23	2.10e-17	2.98e-13	4.92e-10	2.59e-07	6.17e-04	5.34e-02	9.46e-01
 5.76122e+22	5.33e-23	2.59e-17	3.54e-13	5.60e-10	2.82e-07	6.55e-04	5.50e-02	9.44e-01
 5.77253e+22	6.54e-23	3.08e-17	4.07e-13	6.23e-10	3.03e-07	6.87e-04	5.63e-02	9.43e-01
 5.78218e+22	7.86e-23	3.59e-17	4.62e-13	6.87e-10	3.23e-07	7.18e-04	5.76e-02	9.42e-01
 5.79289e+22	1.04e-22	4.54e-17	5.59e-13	7.93e-10	3.55e-07	7.65e-04	5.94e-02	9.40e-01
 5.80342e+22	1.24e-22	5.29e-17	6.34e-13	8.74e-10	3.79e-07	7.99e-04	6.06e-02	9.39e-01
 5.81368e+22	1.63e-22	6.65e-17	7.64e-13	1.01e-09	4.16e-07	8.50e-04	6.25e-02	9.37e-01
 5.82376e+22	1.94e-22	7.73e-17	8.64e-13	1.11e-09	4.44e-07	8.86e-04	6.38e-02	9.35e-01
 5.83360e+22	2.57e-22	9.78e-17	1.05e-12	1.28e-09	4.89e-07	9.44e-04	6.57e-02	9.33e-01
 5.84338e+22	3.09e-22	1.15e-16	1.19e-12	1.41e-09	5.22e-07	9.85e-04	6.71e-02	9.32e-01
 5.85308e+22	4.10e-22	1.46e-16	1.45e-12	1.64e-09	5.76e-07	1.05e-03	6.92e-02	9.30e-01
 5.86287e+22	5.03e-22	1.73e-16	1.67e-12	1.83e-09	6.20e-07	1.10e-03	7.08e-02	9.28e-01
 5.87277e+22	6.76e-22	2.23e-16	2.06e-12	2.14e-09	6.88e-07	1.17e-03	7.30e-02	9.26e-01
 5.88277e+22	8.38e-22	2.67e-16	2.39e-12	2.40e-09	7.42e-07	1.23e-03	7.47e-02	9.24e-01
 5.89290e+22	1.13e-21	3.44e-16	2.94e-12	2.81e-09	8.25e-07	1.32e-03	7.71e-02	9.22e-01
 5.90294e+22	1.42e-21	4.18e-16	3.45e-12	3.18e-09	8.94e-07	1.39e-03	7.90e-02	9.20e-01
 5.91286e+22	1.91e-21	5.38e-16	4.25e-12	3.72e-09	9.94e-07	1.48e-03	8.15e-02	9.17e-01
 5.92297e+22	2.43e-21	6.62e-16	5.04e-12	4.24e-09	1.08e-06	1.56e-03	8.36e-02	9.15e-01
 5.93336e+22	3.35e-21	8.70e-16	6.31e-12	5.03e-09	1.22e-06	1.68e-03	8.65e-02	9.12e-01
 5.94380e+22	4.30e-21	1.08e-15	7.51e-12	5.75e-09	1.33e-06	1.77e-03	8.87e-02	9.09e-01
 5.95431e+22	5.97e-21	1.43e-15	9.47e-12	6.86e-09	1.49e-06	1.90e-03	9.18e-02	9.06e-01
 5.96488e+22	7.68e-21	1.77e-15	1.13e-11	7.85e-09	1.64e-06	2.01e-03	9.43e-02	9.04e-01
 5.97404e+22	9.86e-21	2.19e-15	1.35e-11	8.97e-09	1.79e-06	2.13e-03	9.67e-02	9.01e-01
 5.98444e+22	1.36e-20	2.88e-15	1.69e-11	1.07e-08	2.01e-06	2.28e-03	1.00e-01	8.98e-01
 5.99482e+22	1.73e-20	3.55e-15	2.01e-11	1.22e-08	2.19e-06	2.41e-03	1.03e-01	8.95e-01
 6.00520e+22	2.38e-20	4.65e-15	2.52e-11	1.44e-08	2.46e-06	2.59e-03	1.06e-01	8.91e-01
 6.01572e+22	3.04e-20	5.73e-15	2.99e-11	1.65e-08	2.69e-06	2.74e-03	1.09e-01	8.89e-01
 6.02641e+22	4.18e-20	7.53e-15	3.74e-11	1.96e-08	3.02e-06	2.94e-03	1.12e-01	8.85e-01
 6.03731e+22	5.33e-20	9.27e-15	4.45e-11	2.23e-08	3.30e-06	3.11e-03	1.15e-01	8.82e-01
 6.04847e+22	7.36e-20	1.22e-14	5.59e-11	2.66e-08	3.72e-06	3.34e-03	1.19e-01	8.77e-01
 6.05987e+22	9.38e-20	1.50e-14	6.64e-11	3.04e-08	4.07e-06	3.53e-03	1.22e-01	8.74e-01
 6.07158e+22	1.29e-19	1.98e-14	8.34e-11	3.62e-08	4.58e-06	3.80e-03	1.27e-01	8.70e-01
 6.08353e+22	1.65e-19	2.44e-14	9.93e-11	4.14e-08	5.02e-06	4.03e-03	1.30e-01	8.66e-01
 6.09578e+22	2.27e-19	3.21e-14	1.25e-10	4.93e-08	5.66e-06	4.34e-03	1.34e-01	8.61e-01
 6.10811e+22	2.89e-19	3.94e-14	1.48e-10	5.62e-08	6.19e-06	4.59e-03	1.38e-01	8.58e-01
 6.12055e+22	3.92e-19	5.13e-14	1.84e-10	6.66e-08	6.96e-06	4.93e-03	1.42e-01	8.53e-01
 6.13329e+22	4.99e-19	6.31e-14	2.19e-10	7.61e-08	7.63e-06	5.22e-03	1.46e-01	8.49e-01
 6.14438e+22	6.23e-19	7.64e-14	2.56e-10	8.60e-08	8.30e-06	5.50e-03	1.50e-01	8.45e-01
 6.15672e+22	8.33e-19	9.81e-14	3.16e-10	1.01e-07	9.28e-06	5.90e-03	1.54e-01	8.40e-01
 6.16908e+22	1.03e-18	1.17e-13	3.66e-10	1.13e-07	1.01e-05	6.20e-03	1.58e-01	8.36e-01
 6.18147e+22	1.35e-18	1.49e-13	4.47e-10	1.32e-07	1.12e-05	6.63e-03	1.63e-01	8.31e-01
 6.19416e+22	1.68e-18	1.79e-13	5.21e-10	1.49e-07	1.22e-05	6.99e-03	1.67e-01	8.26e-01
 6.20539e+22	2.07e-18	2.14e-13	6.06e-10	1.68e-07	1.32e-05	7.35e-03	1.70e-01	8.22e-01
 6.21816e+22	2.72e-18	2.71e-13	7.38e-10	1.96e-07	1.47e-05	7.86e-03	1.76e-01	8.16e-01
 6.23087e+22	3.29e-18	3.19e-13	8.46e-10	2.18e-07	1.58e-05	8.24e-03	1.79e-01	8.12e-01
 6.24348e+22	4.27e-18	4.00e-13	1.02e-09	2.53e-07	1.76e-05	8.79e-03	1.84e-01	8.07e-01
 6.25633e+22	5.18e-18	4.72e-13	1.17e-09	2.82e-07	1.90e-05	9.22e-03	1.88e-01	8.02e-01
 6.26951e+22	6.72e-18	5.92e-13	1.42e-09	3.26e-07	2.10e-05	9.83e-03	1.94e-01	7.96e-01
 6.28293e+22	8.17e-18	7.00e-13	1.63e-09	3.65e-07	2.27e-05	1.03e-02	1.98e-01	7.92e-01
 6.29668e+22	1.06e-17	8.78e-13	1.97e-09	4.23e-07	2.53e-05	1.10e-02	2.04e-01	7.85e-01
 6.31068e+22	1.29e-17	1.04e-12	2.27e-09	4.74e-07	2.73e-05	1.16e-02	2.08e-01	7.80e-01
 6.32500e+22	1.68e-17	1.30e-12	2.75e-09	5.50e-07	3.04e-05	1.24e-02	2.14e-01	7.74e-01
 6.33900e+22	2.00e-17	1.51e-12	3.12e-09	6.07e-07	3.26e-05	1.29e-02	2.18e-01	7.69e-01
 6.35258e+22	2.57e-17	1.88e-12	3.73e-09	7.00e-07	3.61e-05	1.38e-02	2.24e-01	7.62e-01
 6.36636e+22	3.05e-17	2.18e-12	4.23e-09	7.73e-07	3.87e-05	1.44e-02	2.28e-01	7.57e-01
 6.38041e+22	3.87e-17	2.68e-12	5.03e-09	8.87e-07	4.27e-05	1.53e-02	2.34e-01	7.51e-01
 6.39489e+22	4.69e-17	3.16e-12	5.78e-09	9.90e-07	4.61e-05	1.60e-02	2.39e-01	7.45e-01
 6.40993e+22	5.95e-17	3.88e-12	6.88e-09	1.14e-06	5.09e-05	1.71e-02	2.45e-01	7.38e-01
 6.42545e+22	7.29e-17	4.62e-12	7.96e-09	1.28e-06	5.53e-05	1.80e-02	2.50e-01	7.32e-01
 6.44160e+22	9.32e-17	5.71e-12	9.52e-09	1.47e-06	6.12e-05	1.91e-02	2.57e-01	7.24e-01
 6.45817e+22	1.15e-16	6.83e-12	1.11e-08	1.66e-06	6.66e-05	2.02e-02	2.62e-01	7.17e-01
 6.47529e+22	1.48e-16	8.49e-12	1.33e-08	1.92e-06	7.39e-05	2.15e-02	2.69e-01	7.09e-01
 6.49296e+22	1.83e-16	1.02e-11	1.55e-08	2.17e-06	8.08e-05	2.27e-02	2.75e-01	7.02e-01
 6.51133e+22	2.38e-16	1.28e-11	1.88e-08	2.53e-06	9.00e-05	2.43e-02	2.83e-01	6.93e-01
 6.53031e+22	2.97e-16	1.55e-11	2.21e-08	2.87e-06	9.88e-05	2.57e-02	2.89e-01	6.85e-01
 6.54747e+22	3.69e-16	1.87e-11	2.59e-08	3.26e-06	1.08e-04	2.72e-02	2.96e-01	6.77e-01
 6.56718e+22	4.85e-16	2.37e-11	3.15e-08	3.81e-06	1.21e-04	2.91e-02	3.04e-01	6.67e-01
 6.58727e+22	6.08e-16	2.88e-11	3.72e-08	4.35e-06	1.33e-04	3.08e-02	3.11e-01	6.59e-01
 6.60786e+22	8.05e-16	3.67e-11	4.56e-08	5.12e-06	1.49e-04	3.31e-02	3.19e-01	6.48e-01
 6.62873e+22	1.01e-15	4.48e-11	5.39e-08	5.85e-06	1.64e-04	3.51e-02	3.26e-01	6.39e-01
 6.64995e+22	1.36e-15	5.76e-11	6.66e-08	6.92e-06	1.85e-04	3.77e-02	3.35e-01	6.27e-01
 6.67140e+22	1.71e-15	7.04e-11	7.89e-08	7.92e-06	2.04e-04	4.00e-02	3.42e-01	6.17e-01
 6.69313e+22	2.32e-15	9.15e-11	9.84e-08	9.46e-06	2.31e-04	4.32e-02	3.52e-01	6.05e-01
 6.71498e+22	2.91e-15	1.12e-10	1.16e-07	1.08e-05	2.55e-04	4.57e-02	3.59e-01	5.95e-01
 6.73313e+22	3.60e-15	1.34e-10	1.36e-07	1.22e-05	2.78e-04	4.82e-02	3.66e-01	5.86e-01
 6.75288e+22	4.75e-15	1.70e-10	1.66e-07	1.44e-05	3.12e-04	5.16e-02	3.74e-01	5.74e-01
 6.77256e+22	5.83e-15	2.03e-10	1.93e-07	1.62e-05	3.40e-04	5.44e-02	3.81e-01	5.64e-01
 6.79216e+22	7.68e-15	2.58e-10	2.37e-07	1.91e-05	3.82e-04	5.82e-02	3.90e-01	5.52e-01
 6.81199e+22	9.48e-15	3.10e-10	2.76e-07	2.16e-05	4.18e-04	6.14e-02	3.96e-01	5.42e-01
 6.83213e+22	1.26e-14	3.97e-10	3.41e-07	2.56e-05	4.71e-04	6.59e-02	4.05e-01	5.28e-01
 6.85250e+22	1.57e-14	4.79e-10	4.00e-07	2.91e-05	5.17e-04	6.95e-02	4.12e-01	5.18e-01
 6.87318e+22	2.09e-14	6.15e-10	4.95e-07	3.46e-05	5.84e-04	7.47e-02	4.21e-01	5.04e-01
 6.89426e+22	2.63e-14	7.51e-10	5.87e-07	3.98e-05	6.45e-04	7.91e-02	4.28e-01	4.92e-01
 6.91587e+22	3.54e-14	9.75e-10	7.34e-07	4.77e-05	7.35e-04	8.52e-02	4.37e-01	4.77e-01
 6.93787e+22	4.48e-14	1.20e-09	8.76e-07	5.51e-05	8.15e-04	9.04e-02	4.44e-01	4.64e-01
 6.96037e+22	6.10e-14	1.57e-09	1.10e-06	6.67e-05	9.34e-04	9.77e-02	4.54e-01	4.48e-01
 6.98314e+22	7.74e-14	1.93e-09	1.32e-06	7.74e-05	1.04e-03	1.04e-01	4.60e-01	4.35e-01
 7.00238e+22	9.61e-14	2.34e-09	1.56e-06	8.88e-05	1.15e-03	1.10e-01	4.67e-01	4.23e-01
 7.02344e+22	1.27e-13	2.98e-09	1.93e-06	1.06e-04	1.30e-03	1.18e-01	4.74e-01	4.07e-01
 7.04456e+22	1.57e-13	3.59e-09	2.27e-06	1.21e-04	1.44e-03	1.24e-01	4.80e-01	3.95e-01
 7.06519e+22	2.02e-13	4.50e-09	2.77e-06	1.44e-04	1.63e-03	1.33e-01	4.86e-01	3.79e-01
 7.08622e+22	2.50e-13	5.44e-09	3.27e-06	1.65e-04	1.80e-03	1.40e-01	4.91e-01	3.67e-01
 7.10703e+22	3.18e-13	6.74e-09	3.96e-06	1.95e-04	2.03e-03	1.50e-01	4.96e-01	3.52e-01
 7.12823e+22	3.93e-13	8.14e-09	4.69e-06	2.25e-04	2.26e-03	1.58e-01	5.01e-01	3.38e-01
 7.14891e+22	4.89e-13	9.90e-09	5.59e-06	2.63e-04	2.53e-03	1.68e-01	5.05e-01	3.24e-01
 7.16948e+22	5.96e-13	1.18e-08	6.56e-06	3.02e-04	2.80e-03	1.77e-01	5.08e-01	3.12e-01
 7.19027e+22	7.34e-13	1.43e-08	7.78e-06	3.51e-04	3.13e-03	1.88e-01	5.11e-01	2.98e-01
 7.21140e+22	8.88e-13	1.70e-08	9.12e-06	4.04e-04	3.47e-03	1.98e-01	5.13e-01	2.85e-01
 7.23203e+22	1.07e-12	2.01e-08	1.07e-05	4.65e-04	3.85e-03	2.09e-01	5.15e-01	2.72e-01
 7.25268e+22	1.28e-12	2.36e-08	1.24e-05	5.33e-04	4.26e-03	2.20e-01	5.16e-01	2.60e-01
 7.27345e+22	1.52e-12	2.78e-08	1.44e-05	6.10e-04	4.72e-03	2.31e-01	5.16e-01	2.47e-01
 7.29437e+22	1.80e-12	3.24e-08	1.67e-05	6.97e-04	5.22e-03	2.43e-01	5.16e-01	2.36e-01
 7.31549e+22	2.12e-12	3.78e-08	1.93e-05	7.95e-04	5.76e-03	2.55e-01	5.15e-01	2.24e-01
 7.33676e+22	2.48e-12	4.37e-08	2.22e-05	9.05e-04	6.36e-03	2.67e-01	5.13e-01	2.12e-01
 7.35834e+22	2.90e-12	5.06e-08	2.55e-05	1.03e-03	7.02e-03	2.80e-01	5.11e-01	2.01e-01
 7.38013e+22	3.36e-12	5.83e-08	2.92e-05	1.17e-03	7.72e-03	2.92e-01	5.08e-01	1.90e-01
 7.40238e+22	3.90e-12	6.72e-08	3.36e-05	1.33e-03	8.53e-03	3.06e-01	5.04e-01	1.80e-01
 7.42500e+22	4.50e-12	7.69e-08	3.83e-05	1.50e-03	9.37e-03	3.19e-01	5.00e-01	1.69e-01
 7.44569e+22	5.05e-12	8.60e-08	4.27e-05	1.67e-03	1.01e-02	3.31e-01	4.96e-01	1.61e-01
 7.46732e+22	5.82e-12	9.86e-08	4.90e-05	1.90e-03	1.12e-02	3.45e-01	4.91e-01	1.51e-01
 7.48928e+22	6.52e-12	1.10e-07	5.45e-05	2.10e-03	1.21e-02	3.57e-01	4.86e-01	1.43e-01
 7.51186e+22	7.50e-12	1.26e-07	6.25e-05	2.38e-03	1.34e-02	3.72e-01	4.79e-01	1.34e-01
 7.53453e+22	8.34e-12	1.40e-07	6.93e-05	2.62e-03	1.44e-02	3.83e-01	4.73e-01	1.27e-01
 7.55731e+22	9.51e-12	1.59e-07	7.90e-05	2.97e-03	1.58e-02	3.99e-01	4.65e-01	1.18e-01
 7.58017e+22	1.05e-11	1.76e-07	8.73e-05	3.26e-03	1.70e-02	4.10e-01	4.58e-01	1.11e-01
 7.60311e+22	1.20e-11	2.00e-07	9.91e-05	3.67e-03	1.87e-02	4.25e-01	4.49e-01	1.03e-01
 7.62629e+22	1.32e-11	2.20e-07	1.09e-04	4.01e-03	2.00e-02	4.36e-01	4.42e-01	9.75e-02
 7.64977e+22	1.49e-11	2.49e-07	1.24e-04	4.51e-03	2.19e-02	4.51e-01	4.32e-01	9.02e-02
 7.67355e+22	1.65e-11	2.75e-07	1.37e-04	4.93e-03	2.35e-02	4.62e-01	4.24e-01	8.48e-02
 7.69771e+22	1.86e-11	3.10e-07	1.55e-04	5.52e-03	2.56e-02	4.77e-01	4.14e-01	7.82e-02
 7.72231e+22	2.06e-11	3.43e-07	1.71e-04	6.04e-03	2.74e-02	4.88e-01	4.05e-01	7.33e-02
 7.74748e+22	2.32e-11	3.87e-07	1.94e-04	6.76e-03	3.00e-02	5.02e-01	3.94e-01	6.72e-02
 7.77321e+22	2.57e-11	4.29e-07	2.15e-04	7.39e-03	3.21e-02	5.13e-01	3.84e-01	6.28e-02
 7.79966e+22	2.91e-11	4.86e-07	2.44e-04	8.29e-03	3.51e-02	5.27e-01	3.72e-01	5.72e-02
 7.82666e+22	3.25e-11	5.41e-07	2.71e-04	9.07e-03	3.75e-02	5.38e-01	3.62e-01	5.32e-02
 7.84945e+22	3.55e-11	5.92e-07	2.97e-04	9.81e-03	3.99e-02	5.47e-01	3.53e-01	4.97e-02
 7.87415e+22	3.99e-11	6.65e-07	3.34e-04	1.08e-02	4.30e-02	5.59e-01	3.41e-01	4.55e-02
 7.89816e+22	4.35e-11	7.25e-07	3.64e-04	1.16e-02	4.54e-02	5.67e-01	3.33e-01	4.27e-02
 7.92124e+22	4.81e-11	8.04e-07	4.05e-04	1.28e-02	4.87e-02	5.77e-01	3.22e-01	3.93e-02
 7.94455e+22	5.29e-11	8.80e-07	4.42e-04	1.37e-02	5.13e-02	5.84e-01	3.14e-01	3.68e-02
 7.96816e+22	5.88e-11	9.80e-07	4.93e-04	1.50e-02	5.49e-02	5.93e-01	3.02e-01	3.38e-02
 7.99211e+22	6.47e-11	1.07e-06	5.39e-04	1.61e-02	5.78e-02	6.00e-01	2.94e-01	3.16e-02
 8.01649e+22	7.22e-11	1.20e-06	6.03e-04	1.76e-02	6.18e-02	6.09e-01	2.83e-01	2.88e-02
 8.04122e+22	7.98e-11	1.32e-06	6.60e-04	1.89e-02	6.50e-02	6.14e-01	2.74e-01	2.68e-02
 8.06639e+22	8.94e-11	1.48e-06	7.41e-04	2.06e-02	6.95e-02	6.22e-01	2.63e-01	2.44e-02
 8.09201e+22	9.92e-11	1.64e-06	8.14e-04	2.22e-02	7.31e-02	6.27e-01	2.54e-01	2.26e-02
 8.11820e+22	1.12e-10	1.85e-06	9.17e-04	2.43e-02	7.81e-02	6.33e-01	2.43e-01	2.05e-02
 8.14506e+22	1.25e-10	2.05e-06	1.01e-03	2.61e-02	8.22e-02	6.38e-01	2.34e-01	1.89e-02
 8.17278e+22	1.43e-10	2.33e-06	1.15e-03	2.87e-02	8.79e-02	6.43e-01	2.23e-01	1.70e-02
 8.20119e+22	1.61e-10	2.61e-06	1.27e-03	3.09e-02	9.25e-02	6.46e-01	2.14e-01	1.55e-02
 8.23052e+22	1.85e-10	2.99e-06	1.45e-03	3.40e-02	9.89e-02	6.50e-01	2.02e-01	1.38e-02
 8.26008e+22	2.10e-10	3.36e-06	1.62e-03	3.67e-02	1.04e-01	6.52e-01	1.94e-01	1.27e-02
 8.28996e+22	2.42e-10	3.86e-06	1.85e-03	4.03e-02	1.11e-01	6.53e-01	1.82e-01	1.12e-02
 8.32015e+22	2.76e-10	4.35e-06	2.06e-03	4.34e-02	1.16e-01	6.54e-01	1.74e-01	1.02e-02
 8.35073e+22	3.22e-10	5.03e-06	2.36e-03	4.77e-02	1.24e-01	6.54e-01	1.64e-01	9.03e-03
 8.38184e+22	3.69e-10	5.70e-06	2.64e-03	5.13e-02	1.30e-01	6.53e-01	1.56e-01	8.19e-03
 8.40931e+22	4.18e-10	6.40e-06	2.94e-03	5.52e-02	1.36e-01	6.51e-01	1.48e-01	7.41e-03
 8.44070e+22	4.95e-10	7.47e-06	3.38e-03	6.05e-02	1.44e-01	6.48e-01	1.38e-01	6.51e-03
 8.47265e+22	5.64e-10	8.44e-06	3.78e-03	6.51e-02	1.51e-01	6.44e-01	1.30e-01	5.84e-03
 8.49856e+22	6.36e-10	9.42e-06	4.16e-03	6.93e-02	1.56e-01	6.41e-01	1.24e-01	5.33e-03
 8.52547e+22	7.37e-10	1.07e-05	4.66e-03	7.45e-02	1.63e-01	6.36e-01	1.17e-01	4.78e-03
 8.55374e+22	8.37e-10	1.20e-05	5.16e-03	7.95e-02	1.70e-01	6.30e-01	1.11e-01	4.33e-03
 8.57967e+22	9.50e-10	1.35e-05	5.69e-03	8.46e-02	1.76e-01	6.25e-01	1.05e-01	3.93e-03
 8.60928e+22	1.12e-09	1.56e-05	6.45e-03	9.14e-02	1.84e-01	6.17e-01	9.81e-02	3.46e-03
 8.63964e+22	1.28e-09	1.76e-05	7.18e-03	9.77e-02	1.90e-01	6.09e-01	9.22e-02	3.10e-03
 8.66642e+22	1.47e-09	1.98e-05	7.94e-03	1.04e-01	1.97e-01	6.02e-01	8.69e-02	2.79e-03
 8.69668e+22	1.74e-09	2.30e-05	8.99e-03	1.12e-01	2.05e-01	5.91e-01	8.06e-02	2.44e-03
 8.72816e+22	2.01e-09	2.62e-05	1.00e-02	1.20e-01	2.12e-01	5.81e-01	7.52e-02	2.17e-03
 8.75647e+22	2.32e-09	2.96e-05	1.11e-02	1.27e-01	2.18e-01	5.71e-01	7.04e-02	1.93e-03
 8.78849e+22	2.78e-09	3.46e-05	1.27e-02	1.37e-01	2.27e-01	5.57e-01	6.46e-02	1.67e-03
 8.82154e+22	3.24e-09	3.96e-05	1.42e-02	1.46e-01	2.34e-01	5.45e-01	5.98e-02	1.47e-03
 8.85101e+22	3.77e-09	4.50e-05	1.57e-02	1.55e-01	2.40e-01	5.32e-01	5.55e-02	1.30e-03
 8.88440e+22	4.56e-09	5.30e-05	1.79e-02	1.67e-01	2.48e-01	5.16e-01	5.04e-02	1.10e-03
 8.91879e+22	5.37e-09	6.08e-05	2.00e-02	1.78e-01	2.54e-01	5.01e-01	4.63e-02	9.60e-04
 8.95448e+22	6.60e-09	7.24e-05	2.30e-02	1.91e-01	2.61e-01	4.82e-01	4.16e-02	8.04e-04
 8.99087e+22	7.80e-09	8.34e-05	2.57e-02	2.03e-01	2.67e-01	4.65e-01	3.78e-02	6.90e-04
 9.02325e+22	9.26e-09	9.61e-05	2.87e-02	2.15e-01	2.72e-01	4.49e-01	3.45e-02	5.96e-04
 9.06045e+22	1.15e-08	1.15e-04	3.29e-02	2.31e-01	2.78e-01	4.27e-01	3.05e-02	4.90e-04
 9.09794e+22	1.37e-08	1.32e-04	3.67e-02	2.44e-01	2.82e-01	4.09e-01	2.75e-02	4.17e-04
 9.13581e+22	1.70e-08	1.58e-04	4.19e-02	2.60e-01	2.86e-01	3.87e-01	2.42e-02	3.42e-04
 9.17449e+22	2.05e-08	1.84e-04	4.69e-02	2.75e-01	2.89e-01	3.67e-01	2.16e-02	2.86e-04
 9.20849e+22	2.44e-08	2.12e-04	5.19e-02	2.88e-01	2.91e-01	3.49e-01	1.93e-02	2.42e-04
 9.24112e+22	2.89e-08	2.42e-04	5.71e-02	3.01e-01	2.92e-01	3.32e-01	1.74e-02	2.06e-04
