#depth	Cl	Cl+	Cl+2	Cl+3	Cl+4	Cl+5	Cl+6	Cl+7	Cl+8	Cl+9	Cl+10	Cl+11	Cl+12	Cl+13	Cl+14	Cl+15	Cl+16	Cl+17
 4.62852e+21	0.00e+00	0.00e+00	0.00e+00	0.00e+00	0.00e+00	0.00e+00	0.00e+00	0.00e+00	0.00e+00	0.00e+00	2.21e-23	1.31e-19	4.22e-16	8.64e-13	1.95e-09	8.16e-06	5.02e-03	9.95e-01
 1.05209e+22	0.00e+00	0.00e+00	0.00e+00	0.00e+00	0.00e+00	0.00e+00	0.00e+00	0.00e+00	0.00e+00	3.85e-26	2.65e-22	1.09e-18	2.57e-15	3.67e-12	5.77e-09	1.68e-05	7.19e-03	9.93e-01
 1.26198e+22	0.00e+00	0.00e+00	0.00e+00	0.00e+00	0.00e+00	0.00e+00	0.00e+00	0.00e+00	0.00e+00	2.57e-25	1.39e-21	4.52e-18	8.40e-15	9.46e-12	1.17e-08	2.69e-05	9.10e-03	9.91e-01
 1.41227e+22	0.00e+00	0.00e+00	0.00e+00	0.00e+00	0.00e+00	0.00e+00	0.00e+00	0.00e+00	1.21e-28	1.17e-24	5.25e-21	1.41e-17	2.17e-14	2.02e-11	2.07e-08	3.93e-05	1.10e-02	9.89e-01
 1.50884e+22	0.00e+00	0.00e+00	0.00e+00	0.00e+00	0.00e+00	0.00e+00	0.00e+00	0.00e+00	2.53e-28	2.26e-24	9.33e-21	2.30e-17	3.26e-14	2.80e-11	2.65e-08	4.63e-05	1.19e-02	9.88e-01
 1.57731e+22	0.00e+00	0.00e+00	0.00e+00	0.00e+00	0.00e+00	0.00e+00	0.00e+00	0.00e+00	6.92e-28	5.53e-24	2.04e-20	4.50e-17	5.69e-14	4.36e-11	3.70e-08	5.78e-05	1.33e-02	9.87e-01
 1.64780e+22	0.00e+00	0.00e+00	0.00e+00	0.00e+00	0.00e+00	0.00e+00	0.00e+00	0.00e+00	1.51e-27	1.10e-23	3.72e-20	7.69e-17	8.89e-14	6.24e-11	4.83e-08	6.90e-05	1.45e-02	9.85e-01
 1.72088e+22	0.00e+00	0.00e+00	0.00e+00	0.00e+00	0.00e+00	0.00e+00	0.00e+00	0.00e+00	4.32e-27	2.80e-23	8.37e-20	1.54e-16	1.59e-13	9.91e-11	6.83e-08	8.69e-05	1.63e-02	9.84e-01
 1.78461e+22	0.00e+00	0.00e+00	0.00e+00	0.00e+00	0.00e+00	0.00e+00	0.00e+00	0.00e+00	7.41e-27	4.52e-23	1.27e-19	2.21e-16	2.14e-13	1.26e-10	8.18e-08	9.80e-05	1.73e-02	9.83e-01
 1.83619e+22	0.00e+00	0.00e+00	0.00e+00	0.00e+00	0.00e+00	0.00e+00	0.00e+00	0.00e+00	1.53e-26	8.61e-23	2.23e-19	3.57e-16	3.19e-13	1.73e-10	1.04e-07	1.15e-04	1.87e-02	9.81e-01
 1.88930e+22	0.00e+00	0.00e+00	0.00e+00	0.00e+00	0.00e+00	0.00e+00	0.00e+00	0.00e+00	2.87e-26	1.50e-22	3.63e-19	5.41e-16	4.51e-13	2.28e-10	1.28e-07	1.32e-04	2.00e-02	9.80e-01
 1.93653e+22	0.00e+00	0.00e+00	0.00e+00	0.00e+00	0.00e+00	0.00e+00	0.00e+00	0.00e+00	5.17e-26	2.53e-22	5.74e-19	7.99e-16	6.24e-13	2.96e-10	1.55e-07	1.50e-04	2.13e-02	9.79e-01
 1.99005e+22	0.00e+00	0.00e+00	0.00e+00	0.00e+00	0.00e+00	0.00e+00	0.00e+00	1.04e-29	1.09e-25	4.91e-22	1.02e-18	1.31e-15	9.40e-13	4.11e-10	1.99e-07	1.77e-04	2.31e-02	9.77e-01
 2.04445e+22	0.00e+00	0.00e+00	0.00e+00	0.00e+00	0.00e+00	0.00e+00	0.00e+00	2.09e-29	2.04e-25	8.55e-22	1.66e-18	1.98e-15	1.33e-12	5.42e-10	2.44e-07	2.03e-04	2.48e-02	9.75e-01
 2.09219e+22	0.00e+00	0.00e+00	0.00e+00	0.00e+00	0.00e+00	0.00e+00	0.00e+00	4.07e-29	3.72e-25	1.46e-21	2.64e-18	2.95e-15	1.85e-12	7.06e-10	2.97e-07	2.31e-04	2.64e-02	9.73e-01
 2.14645e+22	0.00e+00	0.00e+00	0.00e+00	0.00e+00	0.00e+00	0.00e+00	0.00e+00	9.87e-29	8.22e-25	2.94e-21	4.88e-18	4.98e-15	2.85e-12	9.99e-10	3.86e-07	2.75e-04	2.88e-02	9.71e-01
 2.20004e+22	0.00e+00	0.00e+00	0.00e+00	0.00e+00	0.00e+00	0.00e+00	0.00e+00	1.81e-28	1.42e-24	4.77e-21	7.45e-18	7.15e-15	3.86e-12	1.27e-09	4.62e-07	3.10e-04	3.05e-02	9.69e-01
 2.25277e+22	0.00e+00	0.00e+00	0.00e+00	0.00e+00	0.00e+00	0.00e+00	0.00e+00	4.34e-28	3.10e-24	9.56e-21	1.36e-17	1.20e-14	5.93e-12	1.79e-09	5.98e-07	3.67e-04	3.32e-02	9.66e-01
 2.30555e+22	0.00e+00	0.00e+00	0.00e+00	0.00e+00	0.00e+00	0.00e+00	0.00e+00	7.85e-28	5.28e-24	1.53e-20	2.07e-17	1.71e-14	7.97e-12	2.27e-09	7.14e-07	4.13e-04	3.52e-02	9.64e-01
 2.35842e+22	0.00e+00	0.00e+00	0.00e+00	0.00e+00	0.00e+00	0.00e+00	0.00e+00	1.88e-27	1.15e-23	3.06e-20	3.79e-17	2.87e-14	1.22e-11	3.20e-09	9.22e-07	4.90e-04	3.82e-02	9.61e-01
 2.41123e+22	0.00e+00	0.00e+00	0.00e+00	0.00e+00	0.00e+00	0.00e+00	0.00e+00	3.44e-27	1.99e-23	4.95e-20	5.78e-17	4.11e-14	1.65e-11	4.06e-09	1.10e-06	5.51e-04	4.05e-02	9.59e-01
 2.45493e+22	0.00e+00	0.00e+00	0.00e+00	0.00e+00	0.00e+00	0.00e+00	0.00e+00	6.15e-27	3.35e-23	7.85e-20	8.63e-17	5.79e-14	2.19e-11	5.09e-09	1.31e-06	6.17e-04	4.28e-02	9.57e-01
 2.49584e+22	0.00e+00	0.00e+00	0.00e+00	0.00e+00	0.00e+00	0.00e+00	0.00e+00	1.09e-26	5.58e-23	1.23e-19	1.28e-16	8.11e-14	2.90e-11	6.37e-09	1.54e-06	6.89e-04	4.52e-02	9.54e-01
 2.53595e+22	0.00e+00	0.00e+00	0.00e+00	0.00e+00	0.00e+00	0.00e+00	0.00e+00	1.90e-26	9.18e-23	1.92e-19	1.88e-16	1.13e-13	3.80e-11	7.91e-09	1.82e-06	7.68e-04	4.76e-02	9.52e-01
 2.58196e+22	0.00e+00	0.00e+00	0.00e+00	0.00e+00	0.00e+00	0.00e+00	0.00e+00	3.88e-26	1.74e-22	3.38e-19	3.09e-16	1.72e-13	5.40e-11	1.05e-08	2.24e-06	8.82e-04	5.10e-02	9.48e-01
 2.62777e+22	0.00e+00	0.00e+00	0.00e+00	0.00e+00	0.00e+00	0.00e+00	4.57e-30	6.79e-26	2.88e-22	5.27e-19	4.54e-16	2.39e-13	7.10e-11	1.30e-08	2.64e-06	9.83e-04	5.37e-02	9.45e-01
 2.67335e+22	0.00e+00	0.00e+00	0.00e+00	0.00e+00	0.00e+00	0.00e+00	9.97e-30	1.37e-25	5.41e-22	9.22e-19	7.39e-16	3.61e-13	1.00e-10	1.71e-08	3.24e-06	1.13e-03	5.74e-02	9.41e-01
 2.71967e+22	0.00e+00	0.00e+00	0.00e+00	0.00e+00	0.00e+00	0.00e+00	1.88e-29	2.44e-25	9.07e-22	1.46e-18	1.10e-15	5.08e-13	1.33e-10	2.15e-08	3.83e-06	1.26e-03	6.06e-02	9.38e-01
 2.76010e+22	0.00e+00	0.00e+00	0.00e+00	0.00e+00	0.00e+00	0.00e+00	3.47e-29	4.25e-25	1.49e-21	2.25e-18	1.61e-15	7.02e-13	1.74e-10	2.66e-08	4.50e-06	1.40e-03	6.37e-02	9.35e-01
 2.80582e+22	0.00e+00	0.00e+00	0.00e+00	0.00e+00	0.00e+00	0.00e+00	7.58e-29	8.61e-25	2.80e-21	3.95e-18	2.62e-15	1.06e-12	2.45e-10	3.50e-08	5.52e-06	1.60e-03	6.80e-02	9.30e-01
 2.85212e+22	0.00e+00	0.00e+00	0.00e+00	0.00e+00	0.00e+00	0.00e+00	1.42e-28	1.52e-24	4.66e-21	6.20e-18	3.89e-15	1.49e-12	3.24e-10	4.37e-08	6.52e-06	1.79e-03	7.17e-02	9.27e-01
 2.88917e+22	0.00e+00	0.00e+00	0.00e+00	0.00e+00	0.00e+00	0.00e+00	2.43e-28	2.47e-24	7.20e-21	9.12e-18	5.44e-15	1.98e-12	4.11e-10	5.29e-08	7.51e-06	1.96e-03	7.50e-02	9.23e-01
 2.92184e+22	0.00e+00	0.00e+00	0.00e+00	0.00e+00	0.00e+00	0.00e+00	4.01e-28	3.88e-24	1.08e-20	1.30e-17	7.42e-15	2.58e-12	5.11e-10	6.29e-08	8.55e-06	2.14e-03	7.81e-02	9.20e-01
 2.95884e+22	0.00e+00	0.00e+00	0.00e+00	0.00e+00	0.00e+00	0.00e+00	7.26e-28	6.63e-24	1.74e-20	1.99e-17	1.07e-14	3.53e-12	6.62e-10	7.74e-08	9.98e-06	2.36e-03	8.20e-02	9.16e-01
 2.99859e+22	0.00e+00	0.00e+00	0.00e+00	0.00e+00	0.00e+00	0.00e+00	1.30e-27	1.12e-23	2.79e-20	3.02e-17	1.54e-14	4.81e-12	8.55e-10	9.49e-08	1.16e-05	2.61e-03	8.60e-02	9.11e-01
 3.03409e+22	0.00e+00	0.00e+00	0.00e+00	0.00e+00	0.00e+00	0.00e+00	2.20e-27	1.81e-23	4.27e-20	4.40e-17	2.14e-14	6.35e-12	1.08e-09	1.14e-07	1.33e-05	2.86e-03	8.98e-02	9.07e-01
 3.06738e+22	0.00e+00	0.00e+00	0.00e+00	0.00e+00	0.00e+00	0.00e+00	3.66e-27	2.87e-23	6.46e-20	6.35e-17	2.94e-14	8.33e-12	1.35e-09	1.36e-07	1.52e-05	3.12e-03	9.36e-02	9.03e-01
 3.10562e+22	0.00e+00	0.00e+00	0.00e+00	0.00e+00	0.00e+00	0.00e+00	6.91e-27	5.09e-23	1.08e-19	9.98e-17	4.36e-14	1.16e-11	1.78e-09	1.70e-07	1.79e-05	3.48e-03	9.85e-02	8.98e-01
 3.14529e+22	0.00e+00	0.00e+00	0.00e+00	0.00e+00	0.00e+00	2.70e-30	1.21e-26	8.45e-23	1.70e-19	1.49e-16	6.18e-14	1.57e-11	2.27e-09	2.07e-07	2.08e-05	3.83e-03	1.03e-01	8.93e-01
 3.17997e+22	0.00e+00	0.00e+00	0.00e+00	0.00e+00	0.00e+00	4.72e-30	2.02e-26	1.34e-22	2.57e-19	2.15e-16	8.51e-14	2.05e-11	2.85e-09	2.47e-07	2.37e-05	4.17e-03	1.07e-01	8.88e-01
 3.21825e+22	0.00e+00	0.00e+00	0.00e+00	0.00e+00	0.00e+00	9.19e-30	3.74e-26	2.34e-22	4.22e-19	3.33e-16	1.24e-13	2.84e-11	3.71e-09	3.06e-07	2.78e-05	4.63e-03	1.13e-01	8.83e-01
 3.25542e+22	0.00e+00	0.00e+00	0.00e+00	0.00e+00	0.00e+00	1.60e-29	6.22e-26	3.71e-22	6.38e-19	4.80e-16	1.71e-13	3.72e-11	4.64e-09	3.65e-07	3.17e-05	5.05e-03	1.17e-01	8.78e-01
 3.28464e+22	0.00e+00	0.00e+00	0.00e+00	0.00e+00	0.00e+00	2.57e-29	9.60e-26	5.50e-22	9.08e-19	6.55e-16	2.24e-13	4.68e-11	5.62e-09	4.25e-07	3.55e-05	5.43e-03	1.21e-01	8.73e-01
 3.31609e+22	0.00e+00	0.00e+00	0.00e+00	0.00e+00	0.00e+00	4.42e-29	1.59e-25	8.64e-22	1.36e-18	9.34e-16	3.05e-13	6.08e-11	6.97e-09	5.05e-07	4.03e-05	5.90e-03	1.26e-01	8.68e-01
 3.35045e+22	0.00e+00	0.00e+00	0.00e+00	0.00e+00	0.00e+00	7.63e-29	2.62e-25	1.36e-21	2.04e-18	1.34e-15	4.17e-13	7.93e-11	8.69e-09	6.02e-07	4.59e-05	6.42e-03	1.31e-01	8.62e-01
 3.38160e+22	0.00e+00	0.00e+00	0.00e+00	0.00e+00	0.00e+00	1.24e-28	4.10e-25	2.04e-21	2.93e-18	1.84e-15	5.50e-13	1.00e-10	1.06e-08	7.02e-07	5.14e-05	6.92e-03	1.36e-01	8.57e-01
 3.41511e+22	0.00e+00	0.00e+00	0.00e+00	0.00e+00	0.00e+00	2.22e-28	7.00e-25	3.31e-21	4.51e-18	2.70e-15	7.66e-13	1.33e-10	1.33e-08	8.44e-07	5.89e-05	7.56e-03	1.42e-01	8.51e-01
 3.45013e+22	0.00e+00	0.00e+00	0.00e+00	0.00e+00	0.00e+00	3.83e-28	1.16e-24	5.21e-21	6.79e-18	3.87e-15	1.05e-12	1.73e-10	1.66e-08	1.00e-06	6.71e-05	8.23e-03	1.47e-01	8.45e-01
 3.48069e+22	0.00e+00	0.00e+00	0.00e+00	0.00e+00	0.00e+00	6.25e-28	1.82e-24	7.84e-21	9.77e-18	5.33e-15	1.39e-12	2.20e-10	2.02e-08	1.17e-06	7.53e-05	8.87e-03	1.52e-01	8.39e-01
 3.51400e+22	0.00e+00	0.00e+00	0.00e+00	0.00e+00	0.00e+00	1.11e-27	3.10e-24	1.27e-20	1.50e-17	7.80e-15	1.92e-12	2.90e-10	2.54e-08	1.41e-06	8.62e-05	9.68e-03	1.58e-01	8.32e-01
 3.54652e+22	0.00e+00	0.00e+00	0.00e+00	0.00e+00	0.00e+00	1.81e-27	4.84e-24	1.90e-20	2.16e-17	1.07e-14	2.54e-12	3.68e-10	3.08e-08	1.65e-06	9.66e-05	1.04e-02	1.64e-01	8.26e-01
 3.57221e+22	0.00e+00	0.00e+00	0.00e+00	0.00e+00	0.00e+00	2.72e-27	7.05e-24	2.67e-20	2.93e-17	1.40e-14	3.21e-12	4.48e-10	3.63e-08	1.87e-06	1.06e-04	1.11e-02	1.68e-01	8.20e-01
 3.59981e+22	0.00e+00	0.00e+00	0.00e+00	0.00e+00	1.01e-30	4.37e-27	1.09e-23	3.96e-20	4.16e-17	1.91e-14	4.20e-12	5.63e-10	4.38e-08	2.17e-06	1.19e-04	1.19e-02	1.74e-01	8.14e-01
 3.63002e+22	0.00e+00	0.00e+00	0.00e+00	0.00e+00	1.66e-30	6.98e-27	1.68e-23	5.85e-20	5.89e-17	2.60e-14	5.48e-12	7.06e-10	5.27e-08	2.52e-06	1.32e-04	1.28e-02	1.79e-01	8.08e-01
 3.65850e+22	0.00e+00	0.00e+00	0.00e+00	0.00e+00	2.72e-30	1.10e-26	2.55e-23	8.54e-20	8.26e-17	3.51e-14	7.10e-12	8.79e-10	6.32e-08	2.91e-06	1.47e-04	1.37e-02	1.85e-01	8.01e-01
 3.68609e+22	0.00e+00	0.00e+00	0.00e+00	0.00e+00	4.41e-30	1.73e-26	3.86e-23	1.24e-19	1.16e-16	4.72e-14	9.18e-12	1.09e-09	7.56e-08	3.35e-06	1.63e-04	1.46e-02	1.90e-01	7.95e-01
 3.71286e+22	0.00e+00	0.00e+00	0.00e+00	0.00e+00	6.99e-30	2.64e-26	5.72e-23	1.77e-19	1.59e-16	6.24e-14	1.17e-11	1.34e-09	8.96e-08	3.83e-06	1.80e-04	1.56e-02	1.96e-01	7.89e-01
 3.74287e+22	0.00e+00	0.00e+00	0.00e+00	0.00e+00	1.21e-29	4.41e-26	9.18e-23	2.72e-19	2.32e-16	8.72e-14	1.57e-11	1.72e-09	1.10e-07	4.50e-06	2.03e-04	1.68e-02	2.02e-01	7.81e-01
 3.77425e+22	0.00e+00	0.00e+00	0.00e+00	0.00e+00	2.05e-29	7.18e-26	1.44e-22	4.08e-19	3.34e-16	1.20e-13	2.07e-11	2.17e-09	1.33e-07	5.24e-06	2.27e-04	1.81e-02	2.09e-01	7.73e-01
 3.80155e+22	0.00e+00	0.00e+00	0.00e+00	0.00e+00	3.27e-29	1.11e-25	2.14e-22	5.86e-19	4.62e-16	1.60e-13	2.65e-11	2.68e-09	1.58e-07	6.01e-06	2.51e-04	1.93e-02	2.14e-01	7.66e-01
 3.82577e+22	0.00e+00	0.00e+00	0.00e+00	0.00e+00	4.96e-29	1.63e-25	3.06e-22	8.08e-19	6.15e-16	2.06e-13	3.30e-11	3.23e-09	1.85e-07	6.78e-06	2.74e-04	2.04e-02	2.20e-01	7.60e-01
 3.85187e+22	0.00e+00	0.00e+00	0.00e+00	0.00e+00	7.93e-29	2.53e-25	4.58e-22	1.16e-18	8.52e-16	2.74e-13	4.23e-11	3.98e-09	2.19e-07	7.77e-06	3.03e-04	2.17e-02	2.26e-01	7.52e-01
 3.88001e+22	0.00e+00	0.00e+00	0.00e+00	0.00e+00	1.27e-28	3.90e-25	6.83e-22	1.67e-18	1.18e-15	3.65e-13	5.42e-11	4.92e-09	2.61e-07	8.91e-06	3.35e-04	2.31e-02	2.32e-01	7.45e-01
 3.90554e+22	0.00e+00	0.00e+00	0.00e+00	0.00e+00	1.95e-28	5.82e-25	9.88e-22	2.33e-18	1.59e-15	4.75e-13	6.80e-11	5.96e-09	3.05e-07	1.01e-05	3.67e-04	2.45e-02	2.37e-01	7.38e-01
 3.93348e+22	0.00e+00	0.00e+00	0.00e+00	0.00e+00	1.59e-28	4.60e-25	7.51e-22	3.48e-18	2.26e-15	6.49e-13	8.92e-11	7.49e-09	3.68e-07	1.17e-05	4.09e-04	2.63e-02	2.44e-01	7.29e-01
 3.96266e+22	0.00e+00	0.00e+00	0.00e+00	0.00e+00	2.59e-28	7.21e-25	1.14e-21	5.06e-18	3.17e-15	8.73e-13	1.15e-10	9.32e-09	4.40e-07	1.35e-05	4.53e-04	2.80e-02	2.51e-01	7.21e-01
 3.98733e+22	0.00e+00	0.00e+00	0.00e+00	0.00e+00	3.93e-28	1.06e-24	1.62e-21	6.98e-18	4.22e-15	1.13e-12	1.44e-10	1.12e-08	5.13e-07	1.52e-05	4.95e-04	2.96e-02	2.57e-01	7.13e-01
 4.01326e+22	0.00e+00	0.00e+00	0.00e+00	0.00e+00	6.32e-28	1.65e-24	2.44e-21	1.01e-17	5.86e-15	1.50e-12	1.85e-10	1.39e-08	6.10e-07	1.74e-05	5.47e-04	3.15e-02	2.63e-01	7.05e-01
 4.04098e+22	0.00e+00	0.00e+00	0.00e+00	0.00e+00	1.00e-27	2.53e-24	3.61e-21	1.44e-17	8.05e-15	1.99e-12	2.35e-10	1.70e-08	7.22e-07	1.99e-05	6.02e-04	3.35e-02	2.70e-01	6.96e-01
 4.06609e+22	0.00e+00	0.00e+00	0.00e+00	4.00e-31	1.53e-27	3.76e-24	5.19e-21	2.00e-17	1.08e-14	2.57e-12	2.94e-10	2.06e-08	8.44e-07	2.25e-05	6.58e-04	3.54e-02	2.76e-01	6.88e-01
 4.09382e+22	0.00e+00	0.00e+00	0.00e+00	6.87e-31	2.54e-27	6.02e-24	8.03e-21	2.96e-17	1.53e-14	3.50e-12	3.84e-10	2.58e-08	1.01e-06	2.60e-05	7.31e-04	3.78e-02	2.83e-01	6.78e-01
 4.12291e+22	0.00e+00	0.00e+00	0.00e+00	1.15e-30	4.10e-27	9.41e-24	1.21e-20	4.29e-17	2.14e-14	4.70e-12	4.95e-10	3.19e-08	1.21e-06	2.98e-05	8.08e-04	4.03e-02	2.90e-01	6.69e-01
 4.14725e+22	0.00e+00	0.00e+00	0.00e+00	1.77e-30	6.16e-27	1.37e-23	1.71e-20	5.88e-17	2.83e-14	6.02e-12	6.14e-10	3.83e-08	1.40e-06	3.35e-05	8.79e-04	4.24e-02	2.96e-01	6.61e-01
 4.16899e+22	0.00e+00	0.00e+00	0.00e+00	2.61e-30	8.84e-27	1.92e-23	2.34e-20	7.78e-17	3.63e-14	7.49e-12	7.42e-10	4.49e-08	1.60e-06	3.71e-05	9.47e-04	4.45e-02	3.01e-01	6.54e-01
 4.19390e+22	0.00e+00	0.00e+00	0.00e+00	4.23e-30	1.39e-26	2.93e-23	3.44e-20	1.10e-16	4.97e-14	9.87e-12	9.41e-10	5.49e-08	1.89e-06	4.22e-05	1.04e-03	4.71e-02	3.08e-01	6.44e-01
 4.22087e+22	0.00e+00	0.00e+00	0.00e+00	6.84e-30	2.18e-26	4.44e-23	5.05e-20	1.56e-16	6.77e-14	1.30e-11	1.19e-09	6.71e-08	2.22e-06	4.80e-05	1.14e-03	4.99e-02	3.14e-01	6.35e-01
 4.24579e+22	0.00e+00	0.00e+00	0.00e+00	1.08e-29	3.33e-26	6.59e-23	7.26e-20	2.17e-16	9.09e-14	1.68e-11	1.49e-09	8.11e-08	2.60e-06	5.42e-05	1.24e-03	5.26e-02	3.20e-01	6.26e-01
 4.27345e+22	0.00e+00	0.00e+00	0.00e+00	1.85e-29	5.53e-26	1.06e-22	1.12e-19	3.21e-16	1.29e-13	2.29e-11	1.95e-09	1.01e-07	3.12e-06	6.25e-05	1.38e-03	5.60e-02	3.28e-01	6.15e-01
 4.30103e+22	0.00e+00	0.00e+00	0.00e+00	2.99e-29	8.64e-26	1.60e-22	1.64e-19	4.54e-16	1.76e-13	3.00e-11	2.47e-09	1.24e-07	3.67e-06	7.11e-05	1.51e-03	5.93e-02	3.34e-01	6.05e-01
 4.32344e+22	0.00e+00	0.00e+00	0.00e+00	4.49e-29	1.26e-25	2.27e-22	2.27e-19	6.09e-16	2.28e-13	3.78e-11	3.01e-09	1.47e-07	4.22e-06	7.91e-05	1.63e-03	6.21e-02	3.40e-01	5.96e-01
 4.34751e+22	0.00e+00	0.00e+00	0.00e+00	7.16e-29	1.96e-25	3.41e-22	3.30e-19	8.55e-16	3.09e-13	4.94e-11	3.79e-09	1.78e-07	4.94e-06	8.95e-05	1.78e-03	6.56e-02	3.46e-01	5.86e-01
 4.37382e+22	0.00e+00	0.00e+00	0.00e+00	1.14e-28	3.02e-25	5.10e-22	4.78e-19	1.19e-15	4.17e-13	6.43e-11	4.76e-09	2.16e-07	5.78e-06	1.01e-04	1.95e-03	6.91e-02	3.53e-01	5.76e-01
 4.39870e+22	0.00e+00	0.00e+00	0.00e+00	1.05e-28	2.69e-25	4.41e-22	6.91e-19	1.67e-15	5.62e-13	8.36e-11	5.98e-09	2.62e-07	6.76e-06	1.14e-04	2.13e-03	7.29e-02	3.59e-01	5.66e-01
 4.42272e+22	0.00e+00	0.00e+00	0.00e+00	1.62e-28	4.05e-25	6.45e-22	9.79e-19	2.29e-15	7.45e-13	1.07e-10	7.42e-09	3.14e-07	7.85e-06	1.28e-04	2.31e-03	7.66e-02	3.65e-01	5.56e-01
 4.44997e+22	0.00e+00	0.00e+00	0.00e+00	2.74e-28	6.62e-25	1.02e-21	1.49e-18	3.34e-15	1.05e-12	1.45e-10	9.60e-09	3.90e-07	9.36e-06	1.47e-04	2.55e-03	8.12e-02	3.71e-01	5.45e-01
 4.47755e+22	0.00e+00	0.00e+00	0.00e+00	4.43e-28	1.04e-24	1.54e-21	2.18e-18	4.73e-15	1.43e-12	1.90e-10	1.22e-08	4.77e-07	1.10e-05	1.67e-04	2.78e-03	8.56e-02	3.78e-01	5.34e-01
 4.50042e+22	0.00e+00	0.00e+00	0.00e+00	6.74e-28	1.53e-24	2.22e-21	3.03e-18	6.38e-15	1.87e-12	2.41e-10	1.49e-08	5.68e-07	1.27e-05	1.86e-04	3.01e-03	8.97e-02	3.83e-01	5.24e-01
 4.52502e+22	0.00e+00	0.00e+00	0.00e+00	1.09e-27	2.41e-24	3.38e-21	4.46e-18	9.05e-15	2.55e-12	3.17e-10	1.90e-08	6.94e-07	1.50e-05	2.12e-04	3.29e-03	9.46e-02	3.89e-01	5.13e-01
 4.55149e+22	0.00e+00	0.00e+00	2.44e-31	1.77e-27	3.78e-24	5.12e-21	6.52e-18	1.28e-14	3.47e-12	4.17e-10	2.40e-08	8.47e-07	1.76e-05	2.40e-04	3.60e-03	9.96e-02	3.95e-01	5.02e-01
 4.57558e+22	0.00e+00	0.00e+00	3.86e-31	2.72e-27	5.65e-24	7.43e-21	9.17e-18	1.74e-14	4.58e-12	5.32e-10	2.97e-08	1.01e-06	2.04e-05	2.69e-04	3.89e-03	1.04e-01	4.00e-01	4.91e-01
 4.59802e+22	0.00e+00	0.00e+00	6.03e-31	4.14e-27	8.35e-24	1.07e-20	1.27e-17	2.35e-14	5.99e-12	6.75e-10	3.65e-08	1.21e-06	2.35e-05	3.00e-04	4.21e-03	1.09e-01	4.05e-01	4.81e-01
 4.61977e+22	0.00e+00	0.00e+00	9.17e-31	6.16e-27	1.21e-23	1.50e-20	1.74e-17	3.13e-14	7.74e-12	8.45e-10	4.43e-08	1.42e-06	2.69e-05	3.32e-04	4.52e-03	1.14e-01	4.09e-01	4.72e-01
 4.64466e+22	0.00e+00	0.00e+00	1.54e-30	1.01e-26	1.91e-23	2.30e-20	2.57e-17	4.44e-14	1.06e-11	1.12e-09	5.64e-08	1.74e-06	3.17e-05	3.77e-04	4.94e-03	1.20e-01	4.15e-01	4.60e-01
 4.67077e+22	0.00e+00	0.00e+00	2.55e-30	1.61e-26	2.96e-23	3.44e-20	3.71e-17	6.22e-14	1.43e-11	1.46e-09	7.10e-08	2.12e-06	3.72e-05	4.26e-04	5.38e-03	1.26e-01	4.20e-01	4.49e-01
 4.69377e+22	0.00e+00	0.00e+00	4.02e-30	2.47e-26	4.41e-23	4.97e-20	5.19e-17	8.45e-14	1.88e-11	1.86e-09	8.76e-08	2.53e-06	4.30e-05	4.76e-04	5.81e-03	1.31e-01	4.24e-01	4.38e-01
 4.71897e+22	0.00e+00	0.00e+00	7.08e-30	4.21e-26	7.23e-23	7.85e-20	7.85e-17	1.23e-13	2.65e-11	2.51e-09	1.14e-07	3.16e-06	5.15e-05	5.46e-04	6.40e-03	1.39e-01	4.29e-01	4.25e-01
 4.74479e+22	0.00e+00	0.00e+00	1.14e-29	6.57e-26	1.09e-22	1.15e-19	1.11e-16	1.69e-13	3.52e-11	3.23e-09	1.41e-07	3.79e-06	5.98e-05	6.12e-04	6.92e-03	1.45e-01	4.33e-01	4.14e-01
 4.76710e+22	0.00e+00	0.00e+00	1.79e-29	1.01e-25	1.62e-22	1.66e-19	1.55e-16	2.29e-13	4.62e-11	4.10e-09	1.74e-07	4.53e-06	6.91e-05	6.84e-04	7.47e-03	1.51e-01	4.37e-01	4.04e-01
 4.78811e+22	0.00e+00	0.00e+00	2.70e-29	1.48e-25	2.33e-22	2.31e-19	2.09e-16	3.01e-13	5.91e-11	5.10e-09	2.11e-07	5.32e-06	7.86e-05	7.54e-04	8.00e-03	1.57e-01	4.40e-01	3.94e-01
 4.81176e+22	0.00e+00	0.00e+00	4.57e-29	2.43e-25	3.68e-22	3.52e-19	3.06e-16	4.28e-13	8.10e-11	6.74e-09	2.68e-07	6.53e-06	9.29e-05	8.57e-04	8.72e-03	1.65e-01	4.43e-01	3.82e-01
 4.83633e+22	0.00e+00	0.00e+00	7.35e-29	3.79e-25	5.56e-22	5.14e-19	4.32e-16	5.86e-13	1.07e-10	8.67e-09	3.34e-07	7.86e-06	1.08e-04	9.60e-04	9.43e-03	1.72e-01	4.46e-01	3.71e-01
 4.85821e+22	0.00e+00	0.00e+00	1.16e-28	5.79e-25	8.24e-22	7.36e-19	5.97e-16	7.89e-13	1.41e-10	1.10e-08	4.11e-07	9.37e-06	1.25e-04	1.07e-03	1.02e-02	1.79e-01	4.49e-01	3.61e-01
 4.88275e+22	0.00e+00	0.00e+00	2.04e-28	9.85e-25	1.35e-21	1.16e-18	8.97e-16	1.15e-12	1.97e-10	1.48e-08	5.32e-07	1.17e-05	1.49e-04	1.22e-03	1.11e-02	1.88e-01	4.52e-01	3.48e-01
 4.90681e+22	0.00e+00	0.00e+00	3.19e-28	1.50e-24	1.98e-21	1.65e-18	1.23e-15	1.54e-12	2.57e-10	1.88e-08	6.53e-07	1.39e-05	1.72e-04	1.36e-03	1.20e-02	1.96e-01	4.53e-01	3.37e-01
 4.92681e+22	0.00e+00	0.00e+00	4.78e-28	2.19e-24	2.82e-21	2.27e-18	1.65e-15	2.01e-12	3.27e-10	2.33e-08	7.87e-07	1.63e-05	1.95e-04	1.50e-03	1.28e-02	2.02e-01	4.55e-01	3.28e-01
 4.94934e+22	0.00e+00	0.00e+00	8.05e-28	3.56e-24	4.42e-21	3.43e-18	2.39e-15	2.83e-12	4.44e-10	3.06e-08	9.98e-07	1.99e-05	2.30e-04	1.70e-03	1.39e-02	2.11e-01	4.56e-01	3.16e-01
 4.97260e+22	0.00e+00	0.00e+00	1.28e-27	5.48e-24	6.56e-21	4.92e-18	3.30e-15	3.81e-12	5.82e-10	3.89e-08	1.23e-06	2.38e-05	2.66e-04	1.89e-03	1.49e-02	2.20e-01	4.57e-01	3.06e-01
 4.99315e+22	0.00e+00	1.40e-31	1.96e-27	8.18e-24	9.50e-21	6.90e-18	4.48e-15	5.04e-12	7.49e-10	4.87e-08	1.50e-06	2.81e-05	3.04e-04	2.09e-03	1.60e-02	2.27e-01	4.58e-01	2.96e-01
 5.01621e+22	0.00e+00	2.50e-31	3.37e-27	1.36e-23	1.51e-20	1.06e-17	6.55e-15	7.17e-12	1.03e-09	6.47e-08	1.92e-06	3.47e-05	3.61e-04	2.37e-03	1.74e-02	2.37e-01	4.58e-01	2.84e-01
 5.03913e+22	0.00e+00	4.07e-31	5.30e-27	2.07e-23	2.23e-20	1.50e-17	8.97e-15	9.59e-12	1.34e-09	8.18e-08	2.35e-06	4.13e-05	4.16e-04	2.64e-03	1.86e-02	2.46e-01	4.58e-01	2.74e-01
 5.05817e+22	0.00e+00	6.24e-31	7.91e-27	3.01e-23	3.15e-20	2.05e-17	1.19e-14	1.24e-11	1.70e-09	1.01e-07	2.82e-06	4.82e-05	4.71e-04	2.89e-03	1.98e-02	2.53e-01	4.58e-01	2.66e-01
 5.07920e+22	0.00e+00	1.05e-30	1.29e-26	4.75e-23	4.78e-20	3.00e-17	1.67e-14	1.70e-11	2.26e-09	1.30e-07	3.52e-06	5.82e-05	5.49e-04	3.24e-03	2.13e-02	2.63e-01	4.57e-01	2.55e-01
 5.10133e+22	0.00e+00	1.70e-30	2.02e-26	7.21e-23	7.02e-20	4.25e-17	2.28e-14	2.27e-11	2.93e-09	1.64e-07	4.31e-06	6.91e-05	6.31e-04	3.59e-03	2.28e-02	2.72e-01	4.56e-01	2.46e-01
 5.12142e+22	0.00e+00	2.74e-30	3.14e-26	1.09e-22	1.02e-19	5.99e-17	3.09e-14	3.02e-11	3.80e-09	2.07e-07	5.27e-06	8.20e-05	7.25e-04	3.98e-03	2.44e-02	2.80e-01	4.54e-01	2.37e-01
 5.14090e+22	0.00e+00	4.30e-30	4.79e-26	1.61e-22	1.47e-19	8.30e-17	4.13e-14	3.95e-11	4.85e-09	2.57e-07	6.38e-06	9.64e-05	8.25e-04	4.38e-03	2.59e-02	2.89e-01	4.52e-01	2.28e-01
 5.15995e+22	0.00e+00	6.72e-30	7.27e-26	2.38e-22	2.09e-19	1.14e-16	5.49e-14	5.15e-11	6.18e-09	3.19e-07	7.70e-06	1.13e-04	9.39e-04	4.81e-03	2.75e-02	2.97e-01	4.50e-01	2.20e-01
 5.18158e+22	0.00e+00	1.18e-29	1.23e-25	3.86e-22	3.27e-19	1.71e-16	7.86e-14	7.20e-11	8.37e-09	4.19e-07	9.74e-06	1.38e-04	1.10e-03	5.41e-03	2.97e-02	3.08e-01	4.47e-01	2.09e-01
 5.20352e+22	0.00e+00	1.90e-29	1.91e-25	5.83e-22	4.75e-19	2.40e-16	1.06e-13	9.52e-11	1.08e-08	5.26e-07	1.19e-05	1.64e-04	1.27e-03	5.98e-03	3.16e-02	3.17e-01	4.44e-01	2.01e-01
 5.22226e+22	0.00e+00	2.93e-29	2.86e-25	8.50e-22	6.71e-19	3.28e-16	1.40e-13	1.23e-10	1.37e-08	6.49e-07	1.43e-05	1.91e-04	1.43e-03	6.55e-03	3.35e-02	3.25e-01	4.41e-01	1.93e-01
 5.24305e+22	0.00e+00	5.00e-29	4.72e-25	1.35e-21	1.03e-18	4.81e-16	1.96e-13	1.69e-10	1.82e-08	8.40e-07	1.79e-05	2.31e-04	1.67e-03	7.31e-03	3.59e-02	3.35e-01	4.36e-01	1.83e-01
 5.26455e+22	0.00e+00	8.06e-29	7.36e-25	2.04e-21	1.49e-18	6.75e-16	2.65e-13	2.24e-10	2.35e-08	1.06e-06	2.18e-05	2.74e-04	1.91e-03	8.07e-03	3.82e-02	3.44e-01	4.32e-01	1.75e-01
 5.28360e+22	0.00e+00	1.27e-28	1.13e-24	3.03e-21	2.14e-18	9.31e-16	3.51e-13	2.92e-10	3.00e-08	1.31e-06	2.63e-05	3.22e-04	2.17e-03	8.86e-03	4.05e-02	3.52e-01	4.28e-01	1.68e-01
 5.30501e+22	0.00e+00	2.22e-28	1.89e-24	4.89e-21	3.31e-18	1.38e-15	4.98e-13	4.04e-10	4.04e-08	1.71e-06	3.32e-05	3.91e-04	2.54e-03	9.91e-03	4.34e-02	3.63e-01	4.22e-01	1.59e-01
 5.32664e+22	0.00e+00	3.57e-28	2.94e-24	7.38e-21	4.81e-18	1.93e-15	6.68e-13	5.34e-10	5.21e-08	2.15e-06	4.04e-05	4.62e-04	2.91e-03	1.09e-02	4.60e-02	3.71e-01	4.17e-01	1.51e-01
 5.34525e+22	0.00e+00	5.57e-28	4.44e-24	1.08e-20	6.80e-18	2.64e-15	8.78e-13	6.90e-10	6.60e-08	2.66e-06	4.86e-05	5.40e-04	3.29e-03	1.19e-02	4.86e-02	3.79e-01	4.12e-01	1.44e-01
 5.36613e+22	0.00e+00	9.64e-28	7.41e-24	1.74e-20	1.05e-17	3.88e-15	1.23e-12	9.50e-10	8.84e-08	3.45e-06	6.10e-05	6.55e-04	3.83e-03	1.33e-02	5.19e-02	3.89e-01	4.05e-01	1.36e-01
 5.38789e+22	0.00e+00	1.59e-27	1.18e-23	2.67e-20	1.54e-17	5.49e-15	1.67e-12	1.27e-09	1.15e-07	4.37e-06	7.49e-05	7.79e-04	4.40e-03	1.47e-02	5.50e-02	3.98e-01	3.98e-01	1.29e-01
 5.40740e+22	0.00e+00	2.50e-27	1.80e-23	3.94e-20	2.20e-17	7.55e-15	2.21e-12	1.65e-09	1.47e-07	5.43e-06	9.04e-05	9.12e-04	4.99e-03	1.60e-02	5.80e-02	4.06e-01	3.92e-01	1.23e-01
 5.42605e+22	0.00e+00	3.95e-27	2.75e-23	5.82e-20	3.13e-17	1.03e-14	2.90e-12	2.14e-09	1.86e-07	6.73e-06	1.09e-04	1.07e-03	5.65e-03	1.75e-02	6.11e-02	4.13e-01	3.85e-01	1.16e-01
 5.44378e+22	0.00e+00	5.99e-27	4.04e-23	8.33e-20	4.33e-17	1.38e-14	3.74e-12	2.72e-09	2.32e-07	8.20e-06	1.29e-04	1.23e-03	6.33e-03	1.89e-02	6.40e-02	4.20e-01	3.79e-01	1.11e-01
 5.46365e+22	0.00e+00	1.04e-26	6.76e-23	1.34e-19	6.64e-17	2.02e-14	5.20e-12	3.72e-09	3.10e-07	1.06e-05	1.62e-04	1.49e-03	7.36e-03	2.10e-02	6.80e-02	4.28e-01	3.70e-01	1.04e-01
 5.48366e+22	0.00e+00	1.63e-26	1.02e-22	1.96e-19	9.36e-17	2.73e-14	6.77e-12	4.79e-09	3.91e-07	1.31e-05	1.94e-04	1.74e-03	8.30e-03	2.29e-02	7.13e-02	4.34e-01	3.63e-01	9.82e-02
 5.49985e+22	0.00e+00	2.37e-26	1.45e-22	2.69e-19	1.25e-16	3.52e-14	8.44e-12	5.91e-09	4.75e-07	1.56e-05	2.26e-04	1.98e-03	9.18e-03	2.45e-02	7.42e-02	4.40e-01	3.57e-01	9.38e-02
 5.51383e+22	0.00e+00	3.36e-26	2.00e-22	3.62e-19	1.62e-16	4.45e-14	1.03e-11	7.18e-09	5.69e-07	1.84e-05	2.60e-04	2.23e-03	1.01e-02	2.62e-02	7.69e-02	4.44e-01	3.51e-01	8.97e-02
 5.52672e+22	0.00e+00	4.62e-26	2.69e-22	4.75e-19	2.08e-16	5.53e-14	1.24e-11	8.59e-09	6.72e-07	2.13e-05	2.96e-04	2.48e-03	1.10e-02	2.78e-02	7.94e-02	4.48e-01	3.45e-01	8.61e-02
 5.54127e+22	0.00e+00	6.89e-26	3.88e-22	6.67e-19	2.81e-16	7.23e-14	1.57e-11	1.07e-08	8.26e-07	2.57e-05	3.48e-04	2.84e-03	1.22e-02	2.98e-02	8.26e-02	4.53e-01	3.38e-01	8.17e-02
 5.55639e+22	0.00e+00	9.75e-26	5.36e-22	8.96e-19	3.67e-16	9.13e-14	1.92e-11	1.30e-08	9.88e-07	3.02e-05	4.00e-04	3.19e-03	1.34e-02	3.18e-02	8.55e-02	4.56e-01	3.31e-01	7.80e-02
 5.56942e+22	0.00e+00	1.35e-25	7.22e-22	1.18e-18	4.68e-16	1.13e-13	2.30e-11	1.56e-08	1.17e-06	3.51e-05	4.55e-04	3.56e-03	1.45e-02	3.36e-02	8.82e-02	4.60e-01	3.25e-01	7.47e-02
 5.58151e+22	0.00e+00	1.85e-25	9.69e-22	1.54e-18	5.95e-16	1.40e-13	2.76e-11	1.86e-08	1.37e-06	4.06e-05	5.17e-04	3.96e-03	1.58e-02	3.56e-02	9.09e-02	4.63e-01	3.19e-01	7.15e-02
 5.59336e+22	0.00e+00	2.50e-25	1.28e-21	1.98e-18	7.45e-16	1.70e-13	3.27e-11	2.19e-08	1.60e-06	4.67e-05	5.82e-04	4.37e-03	1.70e-02	3.75e-02	9.34e-02	4.65e-01	3.13e-01	6.86e-02
 5.60502e+22	0.00e+00	3.36e-25	1.68e-21	2.54e-18	9.31e-16	2.07e-13	3.86e-11	2.57e-08	1.86e-06	5.35e-05	6.55e-04	4.82e-03	1.84e-02	3.95e-02	9.59e-02	4.67e-01	3.08e-01	6.58e-02
 5.61649e+22	0.00e+00	4.54e-25	2.21e-21	3.27e-18	1.17e-15	2.51e-13	4.55e-11	3.03e-08	2.17e-06	6.14e-05	7.38e-04	5.32e-03	1.99e-02	4.15e-02	9.85e-02	4.69e-01	3.02e-01	6.30e-02
 5.62782e+22	5.98e-32	6.11e-25	2.91e-21	4.20e-18	1.45e-15	3.05e-13	5.36e-11	3.56e-08	2.52e-06	7.03e-05	8.30e-04	5.87e-03	2.14e-02	4.37e-02	1.01e-01	4.71e-01	2.96e-01	6.03e-02
 5.64074e+22	8.85e-32	8.85e-25	4.10e-21	5.74e-18	1.92e-15	3.88e-13	6.59e-11	4.35e-08	3.04e-06	8.33e-05	9.60e-04	6.63e-03	2.35e-02	4.65e-02	1.04e-01	4.73e-01	2.88e-01	5.70e-02
 5.65382e+22	1.25e-31	1.23e-24	5.55e-21	7.55e-18	2.45e-15	4.79e-13	7.86e-11	5.18e-08	3.59e-06	9.68e-05	1.09e-03	7.38e-03	2.55e-02	4.91e-02	1.07e-01	4.74e-01	2.81e-01	5.43e-02
 5.66487e+22	1.69e-31	1.64e-24	7.23e-21	9.60e-18	3.02e-15	5.75e-13	9.17e-11	6.04e-08	4.14e-06	1.10e-04	1.22e-03	8.10e-03	2.74e-02	5.15e-02	1.10e-01	4.75e-01	2.75e-01	5.19e-02
 5.67513e+22	2.27e-31	2.16e-24	9.32e-21	1.21e-17	3.70e-15	6.84e-13	1.06e-10	6.99e-08	4.75e-06	1.25e-04	1.36e-03	8.85e-03	2.94e-02	5.38e-02	1.12e-01	4.75e-01	2.69e-01	4.97e-02
 5.68504e+22	3.02e-31	2.84e-24	1.20e-20	1.52e-17	4.52e-15	8.13e-13	1.23e-10	8.08e-08	5.45e-06	1.41e-04	1.51e-03	9.67e-03	3.14e-02	5.62e-02	1.14e-01	4.76e-01	2.64e-01	4.76e-02
 5.69640e+22	4.33e-31	3.99e-24	1.64e-20	2.01e-17	5.80e-15	1.01e-12	1.47e-10	9.66e-08	6.45e-06	1.65e-04	1.72e-03	1.08e-02	3.41e-02	5.93e-02	1.17e-01	4.75e-01	2.56e-01	4.51e-02
 5.70798e+22	5.96e-31	5.42e-24	2.16e-20	2.58e-17	7.23e-15	1.21e-12	1.71e-10	1.13e-07	7.49e-06	1.89e-04	1.94e-03	1.19e-02	3.67e-02	6.22e-02	1.20e-01	4.75e-01	2.50e-01	4.29e-02
 5.71790e+22	7.92e-31	7.10e-24	2.77e-20	3.23e-17	8.78e-15	1.43e-12	1.97e-10	1.30e-07	8.56e-06	2.13e-04	2.15e-03	1.29e-02	3.91e-02	6.48e-02	1.22e-01	4.74e-01	2.44e-01	4.10e-02
 5.72884e+22	1.14e-30	1.00e-23	3.80e-20	4.29e-17	1.13e-14	1.77e-12	2.35e-10	1.56e-07	1.01e-05	2.48e-04	2.45e-03	1.44e-02	4.25e-02	6.83e-02	1.24e-01	4.73e-01	2.36e-01	3.86e-02
 5.74010e+22	1.57e-30	1.36e-23	5.02e-20	5.51e-17	1.40e-14	2.13e-12	2.73e-10	1.82e-07	1.17e-05	2.84e-04	2.75e-03	1.58e-02	4.56e-02	7.14e-02	1.27e-01	4.71e-01	2.30e-01	3.66e-02
 5.75003e+22	2.12e-30	1.81e-23	6.51e-20	6.95e-17	1.71e-14	2.53e-12	3.14e-10	2.10e-07	1.35e-05	3.22e-04	3.06e-03	1.73e-02	4.87e-02	7.45e-02	1.29e-01	4.69e-01	2.24e-01	3.48e-02
 5.76122e+22	3.14e-30	2.63e-23	9.15e-20	9.43e-17	2.23e-14	3.16e-12	3.76e-10	2.54e-07	1.61e-05	3.79e-04	3.52e-03	1.94e-02	5.30e-02	7.85e-02	1.32e-01	4.66e-01	2.15e-01	3.25e-02
 5.77253e+22	4.31e-30	3.56e-23	1.20e-19	1.20e-16	2.76e-14	3.77e-12	4.35e-10	2.95e-07	1.87e-05	4.32e-04	3.93e-03	2.12e-02	5.67e-02	8.19e-02	1.34e-01	4.63e-01	2.09e-01	3.08e-02
 5.78218e+22	5.74e-30	4.68e-23	1.55e-19	1.51e-16	3.35e-14	4.43e-12	4.97e-10	3.38e-07	2.13e-05	4.87e-04	4.35e-03	2.30e-02	6.03e-02	8.50e-02	1.36e-01	4.60e-01	2.03e-01	2.92e-02
 5.79289e+22	8.67e-30	6.93e-23	2.21e-19	2.06e-16	4.38e-14	5.53e-12	5.93e-10	4.09e-07	2.56e-05	5.76e-04	5.02e-03	2.59e-02	6.57e-02	8.95e-02	1.38e-01	4.54e-01	1.94e-01	2.71e-02
 5.80342e+22	1.15e-29	9.03e-23	2.81e-19	2.56e-16	5.27e-14	6.46e-12	6.72e-10	4.67e-07	2.90e-05	6.45e-04	5.53e-03	2.79e-02	6.96e-02	9.26e-02	1.39e-01	4.50e-01	1.88e-01	2.57e-02
 5.81368e+22	1.70e-29	1.32e-22	3.96e-19	3.46e-16	6.81e-14	7.97e-12	7.94e-10	5.59e-07	3.46e-05	7.58e-04	6.34e-03	3.12e-02	7.54e-02	9.71e-02	1.41e-01	4.44e-01	1.80e-01	2.38e-02
 5.82376e+22	2.22e-29	1.70e-22	4.98e-19	4.24e-16	8.12e-14	9.23e-12	8.94e-10	6.34e-07	3.89e-05	8.44e-04	6.94e-03	3.35e-02	7.94e-02	1.00e-01	1.43e-01	4.40e-01	1.74e-01	2.26e-02
 5.83360e+22	3.31e-29	2.49e-22	7.01e-19	5.72e-16	1.05e-13	1.13e-11	1.05e-09	7.56e-07	4.63e-05	9.89e-04	7.94e-03	3.73e-02	8.59e-02	1.05e-01	1.44e-01	4.32e-01	1.66e-01	2.09e-02
 5.84338e+22	4.35e-29	3.22e-22	8.87e-19	7.04e-16	1.25e-13	1.31e-11	1.18e-09	8.57e-07	5.22e-05	1.10e-03	8.69e-03	4.01e-02	9.04e-02	1.08e-01	1.45e-01	4.27e-01	1.60e-01	1.97e-02
 5.85308e+22	6.45e-29	4.71e-22	1.25e-18	9.47e-16	1.60e-13	1.60e-11	1.38e-09	1.02e-06	6.19e-05	1.29e-03	9.91e-03	4.45e-02	9.74e-02	1.12e-01	1.46e-01	4.18e-01	1.52e-01	1.81e-02
 5.86287e+22	8.62e-29	6.20e-22	1.60e-18	1.18e-15	1.93e-13	1.86e-11	1.55e-09	1.16e-06	7.01e-05	1.44e-03	1.09e-02	4.79e-02	1.03e-01	1.16e-01	1.47e-01	4.12e-01	1.46e-01	1.70e-02
 5.87277e+22	1.30e-28	9.16e-22	2.27e-18	1.60e-15	2.49e-13	2.28e-11	1.81e-09	1.38e-06	8.32e-05	1.69e-03	1.24e-02	5.31e-02	1.10e-01	1.20e-01	1.47e-01	4.01e-01	1.38e-01	1.55e-02
 5.88277e+22	1.75e-28	1.22e-21	2.93e-18	2.00e-15	3.00e-13	2.65e-11	2.04e-09	1.58e-06	9.45e-05	1.89e-03	1.37e-02	5.72e-02	1.16e-01	1.24e-01	1.47e-01	3.94e-01	1.32e-01	1.45e-02
 5.89290e+22	2.63e-28	1.80e-21	4.16e-18	2.70e-15	3.87e-13	3.24e-11	2.38e-09	1.87e-06	1.12e-04	2.21e-03	1.55e-02	6.32e-02	1.24e-01	1.28e-01	1.47e-01	3.82e-01	1.24e-01	1.32e-02
 5.90294e+22	3.57e-28	2.41e-21	5.41e-18	3.39e-15	4.68e-13	3.77e-11	2.67e-09	2.13e-06	1.27e-04	2.48e-03	1.71e-02	6.80e-02	1.31e-01	1.31e-01	1.47e-01	3.73e-01	1.18e-01	1.22e-02
 5.91286e+22	5.33e-28	3.54e-21	7.61e-18	4.56e-15	5.98e-13	4.58e-11	3.09e-09	2.52e-06	1.49e-04	2.87e-03	1.93e-02	7.46e-02	1.39e-01	1.35e-01	1.46e-01	3.61e-01	1.10e-01	1.11e-02
 5.92297e+22	7.37e-28	4.82e-21	1.00e-17	5.78e-15	7.29e-13	5.35e-11	3.48e-09	2.88e-06	1.70e-04	3.23e-03	2.13e-02	8.02e-02	1.46e-01	1.38e-01	1.45e-01	3.51e-01	1.04e-01	1.02e-02
 5.93336e+22	1.13e-27	7.22e-21	1.44e-17	7.89e-15	9.43e-13	6.54e-11	4.04e-09	3.42e-06	2.01e-04	3.76e-03	2.41e-02	8.81e-02	1.56e-01	1.42e-01	1.44e-01	3.37e-01	9.66e-02	9.13e-03
 5.94380e+22	1.56e-27	9.87e-21	1.90e-17	1.00e-14	1.15e-12	7.63e-11	4.54e-09	3.89e-06	2.28e-04	4.22e-03	2.65e-02	9.44e-02	1.63e-01	1.44e-01	1.42e-01	3.26e-01	9.08e-02	8.35e-03
 5.95431e+22	2.40e-27	1.49e-20	2.74e-17	1.37e-14	1.49e-12	9.33e-11	5.27e-09	4.60e-06	2.69e-04	4.90e-03	2.99e-02	1.03e-01	1.72e-01	1.47e-01	1.40e-01	3.11e-01	8.35e-02	7.41e-03
 5.96488e+22	3.33e-27	2.03e-20	3.62e-17	1.74e-14	1.81e-12	1.09e-10	5.91e-09	5.22e-06	3.04e-04	5.47e-03	3.27e-02	1.10e-01	1.79e-01	1.49e-01	1.38e-01	2.99e-01	7.82e-02	6.74e-03
 5.97404e+22	4.60e-27	2.77e-20	4.76e-17	2.20e-14	2.19e-12	1.26e-10	6.60e-09	5.90e-06	3.43e-04	6.10e-03	3.57e-02	1.17e-01	1.86e-01	1.51e-01	1.36e-01	2.88e-01	7.31e-02	6.13e-03
 5.98444e+22	6.96e-27	4.11e-20	6.76e-17	2.96e-14	2.81e-12	1.53e-10	7.61e-09	6.89e-06	3.98e-04	6.98e-03	3.97e-02	1.27e-01	1.95e-01	1.53e-01	1.33e-01	2.73e-01	6.68e-02	5.41e-03
 5.99482e+22	9.55e-27	5.55e-20	8.84e-17	3.72e-14	3.39e-12	1.77e-10	8.48e-09	7.73e-06	4.46e-04	7.72e-03	4.31e-02	1.34e-01	2.02e-01	1.54e-01	1.30e-01	2.62e-01	6.23e-02	4.91e-03
 6.00520e+22	1.44e-26	8.19e-20	1.25e-16	4.99e-14	4.31e-12	2.13e-10	9.73e-09	8.95e-06	5.13e-04	8.77e-03	4.77e-02	1.44e-01	2.10e-01	1.55e-01	1.27e-01	2.47e-01	5.67e-02	4.31e-03
 6.01572e+22	1.97e-26	1.10e-19	1.63e-16	6.26e-14	5.20e-12	2.46e-10	1.08e-08	1.00e-05	5.71e-04	9.66e-03	5.15e-02	1.51e-01	2.16e-01	1.55e-01	1.24e-01	2.36e-01	5.26e-02	3.89e-03
 6.02641e+22	2.96e-26	1.63e-19	2.30e-16	8.40e-14	6.62e-12	2.97e-10	1.25e-08	1.15e-05	6.55e-04	1.09e-02	5.67e-02	1.62e-01	2.23e-01	1.55e-01	1.19e-01	2.21e-01	4.76e-02	3.39e-03
 6.03731e+22	4.05e-26	2.19e-19	3.00e-16	1.05e-13	7.98e-12	3.43e-10	1.39e-08	1.29e-05	7.26e-04	1.20e-02	6.09e-02	1.69e-01	2.29e-01	1.55e-01	1.16e-01	2.10e-01	4.39e-02	3.05e-03
 6.04847e+22	6.14e-26	3.25e-19	4.26e-16	1.42e-13	1.02e-11	4.15e-10	1.60e-08	1.48e-05	8.28e-04	1.35e-02	6.67e-02	1.80e-01	2.35e-01	1.54e-01	1.12e-01	1.96e-01	3.95e-02	2.64e-03
 6.05987e+22	8.42e-26	4.39e-19	5.56e-16	1.78e-13	1.23e-11	4.82e-10	1.79e-08	1.64e-05	9.14e-04	1.47e-02	7.14e-02	1.88e-01	2.40e-01	1.53e-01	1.08e-01	1.85e-01	3.63e-02	2.36e-03
 6.07158e+22	1.27e-25	6.49e-19	7.88e-16	2.40e-13	1.58e-11	5.84e-10	2.07e-08	1.88e-05	1.04e-03	1.65e-02	7.79e-02	1.98e-01	2.45e-01	1.52e-01	1.03e-01	1.72e-01	3.24e-02	2.03e-03
 6.08353e+22	1.75e-25	8.80e-19	1.03e-15	3.02e-13	1.91e-11	6.80e-10	2.33e-08	2.08e-05	1.14e-03	1.79e-02	8.31e-02	2.06e-01	2.49e-01	1.50e-01	9.96e-02	1.62e-01	2.96e-02	1.80e-03
 6.09578e+22	2.65e-25	1.30e-18	1.46e-15	4.07e-13	2.45e-11	8.26e-10	2.70e-08	2.38e-05	1.29e-03	1.99e-02	9.02e-02	2.16e-01	2.53e-01	1.47e-01	9.47e-02	1.49e-01	2.63e-02	1.54e-03
 6.10811e+22	3.62e-25	1.75e-18	1.90e-15	5.10e-13	2.95e-11	9.58e-10	3.02e-08	2.62e-05	1.41e-03	2.16e-02	9.57e-02	2.24e-01	2.56e-01	1.45e-01	9.10e-02	1.40e-01	2.39e-02	1.36e-03
 6.12055e+22	5.41e-25	2.55e-18	2.67e-15	6.81e-13	3.76e-11	1.16e-09	3.49e-08	2.97e-05	1.58e-03	2.38e-02	1.03e-01	2.33e-01	2.59e-01	1.42e-01	8.62e-02	1.29e-01	2.12e-02	1.16e-03
 6.13329e+22	7.42e-25	3.43e-18	3.48e-15	8.55e-13	4.55e-11	1.35e-09	3.93e-08	3.28e-05	1.73e-03	2.57e-02	1.09e-01	2.40e-01	2.61e-01	1.39e-01	8.25e-02	1.21e-01	1.92e-02	1.02e-03
 6.14438e+22	9.93e-25	4.51e-18	4.45e-15	1.06e-12	5.43e-11	1.55e-09	4.38e-08	3.59e-05	1.88e-03	2.76e-02	1.15e-01	2.47e-01	2.62e-01	1.37e-01	7.91e-02	1.13e-01	1.75e-02	9.06e-04
 6.15672e+22	1.43e-24	6.45e-18	6.12e-15	1.39e-12	6.82e-11	1.86e-09	5.03e-08	4.02e-05	2.08e-03	3.01e-02	1.22e-01	2.55e-01	2.63e-01	1.33e-01	7.47e-02	1.04e-01	1.55e-02	7.73e-04
 6.16908e+22	1.88e-24	8.35e-18	7.71e-15	1.69e-12	8.07e-11	2.13e-09	5.59e-08	4.38e-05	2.24e-03	3.21e-02	1.28e-01	2.61e-01	2.63e-01	1.30e-01	7.15e-02	9.73e-02	1.42e-02	6.88e-04
 6.18147e+22	2.70e-24	1.17e-17	1.05e-14	2.20e-12	1.01e-10	2.55e-09	6.41e-08	4.88e-05	2.46e-03	3.48e-02	1.36e-01	2.68e-01	2.63e-01	1.26e-01	6.75e-02	8.93e-02	1.25e-02	5.88e-04
 6.19416e+22	3.58e-24	1.53e-17	1.33e-14	2.70e-12	1.20e-10	2.93e-09	7.15e-08	5.32e-05	2.66e-03	3.71e-02	1.42e-01	2.74e-01	2.62e-01	1.23e-01	6.43e-02	8.33e-02	1.14e-02	5.19e-04
 6.20539e+22	4.71e-24	1.98e-17	1.67e-14	3.30e-12	1.42e-10	3.35e-09	7.94e-08	5.77e-05	2.85e-03	3.94e-02	1.48e-01	2.79e-01	2.61e-01	1.20e-01	6.14e-02	7.78e-02	1.03e-02	4.59e-04
 6.21816e+22	6.73e-24	2.78e-17	2.26e-14	4.27e-12	1.76e-10	4.00e-09	9.10e-08	6.42e-05	3.12e-03	4.25e-02	1.56e-01	2.85e-01	2.60e-01	1.15e-01	5.76e-02	7.10e-02	9.10e-03	3.90e-04
 6.23087e+22	8.65e-24	3.52e-17	2.80e-14	5.14e-12	2.06e-10	4.54e-09	1.01e-07	6.94e-05	3.34e-03	4.49e-02	1.62e-01	2.89e-01	2.58e-01	1.12e-01	5.50e-02	6.65e-02	8.31e-03	3.47e-04
 6.24348e+22	1.22e-23	4.85e-17	3.73e-14	6.58e-12	2.54e-10	5.38e-09	1.15e-07	7.67e-05	3.64e-03	4.82e-02	1.70e-01	2.94e-01	2.56e-01	1.08e-01	5.16e-02	6.07e-02	7.33e-03	2.96e-04
 6.25633e+22	1.57e-23	6.16e-17	4.63e-14	7.93e-12	2.98e-10	6.12e-09	1.27e-07	8.30e-05	3.88e-03	5.08e-02	1.76e-01	2.98e-01	2.54e-01	1.05e-01	4.91e-02	5.66e-02	6.66e-03	2.62e-04
 6.26951e+22	2.20e-23	8.49e-17	6.18e-14	1.02e-11	3.68e-10	7.27e-09	1.46e-07	9.18e-05	4.23e-03	5.44e-02	1.84e-01	3.02e-01	2.50e-01	1.01e-01	4.59e-02	5.15e-02	5.85e-03	2.22e-04
 6.28293e+22	2.85e-23	1.08e-16	7.69e-14	1.23e-11	4.32e-10	8.30e-09	1.62e-07	9.94e-05	4.51e-03	5.74e-02	1.91e-01	3.05e-01	2.48e-01	9.73e-02	4.35e-02	4.79e-02	5.29e-03	1.96e-04
 6.29668e+22	4.01e-23	1.49e-16	1.03e-13	1.58e-11	5.35e-10	9.87e-09	1.85e-07	1.10e-04	4.91e-03	6.14e-02	1.99e-01	3.09e-01	2.44e-01	9.29e-02	4.05e-02	4.34e-02	4.62e-03	1.65e-04
 6.31068e+22	5.20e-23	1.91e-16	1.28e-13	1.91e-11	6.31e-10	1.13e-08	2.06e-07	1.19e-04	5.24e-03	6.46e-02	2.06e-01	3.12e-01	2.40e-01	8.96e-02	3.83e-02	4.02e-02	4.16e-03	1.45e-04
 6.32500e+22	7.33e-23	2.63e-16	1.71e-13	2.46e-11	7.82e-10	1.35e-08	2.37e-07	1.32e-04	5.70e-03	6.90e-02	2.15e-01	3.14e-01	2.35e-01	8.52e-02	3.55e-02	3.62e-02	3.62e-03	1.21e-04
 6.33900e+22	9.22e-23	3.27e-16	2.08e-13	2.92e-11	9.06e-10	1.52e-08	2.62e-07	1.43e-04	6.05e-03	7.21e-02	2.21e-01	3.16e-01	2.32e-01	8.22e-02	3.37e-02	3.37e-02	3.29e-03	1.08e-04
 6.35258e+22	1.27e-22	4.43e-16	2.74e-13	3.70e-11	1.11e-09	1.80e-08	2.98e-07	1.57e-04	6.53e-03	7.66e-02	2.29e-01	3.18e-01	2.27e-01	7.82e-02	3.13e-02	3.05e-02	2.88e-03	9.09e-05
 6.36636e+22	1.02e-22	5.50e-16	3.33e-13	4.40e-11	1.29e-09	2.03e-08	3.29e-07	1.69e-04	6.93e-03	8.00e-02	2.35e-01	3.19e-01	2.23e-01	7.53e-02	2.96e-02	2.84e-02	2.61e-03	8.04e-05
 6.38041e+22	1.41e-22	7.38e-16	4.35e-13	5.55e-11	1.57e-09	2.39e-08	3.75e-07	1.86e-04	7.47e-03	8.48e-02	2.43e-01	3.20e-01	2.18e-01	7.15e-02	2.75e-02	2.56e-02	2.28e-03	6.79e-05
 6.39489e+22	1.82e-22	9.36e-16	5.39e-13	6.69e-11	1.84e-09	2.73e-08	4.17e-07	2.01e-04	7.95e-03	8.88e-02	2.50e-01	3.20e-01	2.13e-01	6.84e-02	2.58e-02	2.36e-02	2.04e-03	5.92e-05
 6.40993e+22	2.51e-22	1.26e-15	7.05e-13	8.46e-11	2.26e-09	3.23e-08	4.77e-07	2.23e-04	8.59e-03	9.39e-02	2.58e-01	3.20e-01	2.07e-01	6.47e-02	2.39e-02	2.13e-02	1.77e-03	4.98e-05
 6.42545e+22	3.30e-22	1.62e-15	8.84e-13	1.03e-10	2.68e-09	3.72e-08	5.34e-07	2.42e-04	9.17e-03	9.85e-02	2.65e-01	3.20e-01	2.02e-01	6.16e-02	2.23e-02	1.94e-02	1.57e-03	4.29e-05
 6.44160e+22	4.61e-22	2.19e-15	1.17e-12	1.32e-10	3.30e-09	4.44e-08	6.15e-07	2.69e-04	9.93e-03	1.04e-01	2.73e-01	3.19e-01	1.96e-01	5.80e-02	2.05e-02	1.74e-02	1.36e-03	3.57e-05
 6.45817e+22	6.11e-22	2.83e-15	1.47e-12	1.61e-10	3.94e-09	5.13e-08	6.92e-07	2.93e-04	1.06e-02	1.09e-01	2.80e-01	3.18e-01	1.91e-01	5.50e-02	1.91e-02	1.58e-02	1.20e-03	3.05e-05
 6.47529e+22	8.64e-22	3.88e-15	1.96e-12	2.07e-10	4.89e-09	6.15e-08	8.00e-07	3.27e-04	1.15e-02	1.16e-01	2.88e-01	3.16e-01	1.84e-01	5.14e-02	1.74e-02	1.40e-02	1.02e-03	2.52e-05
 6.49296e+22	1.16e-21	5.06e-15	2.50e-12	2.56e-10	5.88e-09	7.17e-08	9.05e-07	3.58e-04	1.23e-02	1.21e-01	2.95e-01	3.14e-01	1.78e-01	4.85e-02	1.61e-02	1.27e-02	8.95e-04	2.13e-05
 6.51133e+22	6.54e-24	7.02e-15	3.36e-12	3.33e-10	7.37e-09	8.66e-08	1.05e-06	4.01e-04	1.34e-02	1.29e-01	3.03e-01	3.12e-01	1.71e-01	4.50e-02	1.46e-02	1.11e-02	7.57e-04	1.73e-05
 6.53031e+22	9.01e-24	9.27e-15	4.33e-12	4.16e-10	8.94e-09	1.02e-07	1.20e-06	4.41e-04	1.44e-02	1.35e-01	3.10e-01	3.09e-01	1.65e-01	4.22e-02	1.34e-02	9.98e-03	6.56e-04	1.45e-05
 6.54747e+22	1.23e-23	1.21e-14	5.52e-12	5.16e-10	1.08e-08	1.19e-07	1.36e-06	4.84e-04	1.54e-02	1.41e-01	3.17e-01	3.06e-01	1.59e-01	3.96e-02	1.23e-02	8.95e-03	5.70e-04	1.22e-05
 6.56718e+22	1.82e-23	1.70e-14	7.52e-12	6.77e-10	1.36e-08	1.45e-07	1.60e-06	5.44e-04	1.68e-02	1.50e-01	3.25e-01	3.01e-01	1.51e-01	3.65e-02	1.10e-02	7.79e-03	4.76e-04	9.78e-06
 6.58727e+22	2.53e-23	2.25e-14	9.71e-12	8.48e-10	1.66e-08	1.70e-07	1.82e-06	6.00e-04	1.81e-02	1.57e-01	3.31e-01	2.97e-01	1.45e-01	3.40e-02	1.01e-02	6.94e-03	4.09e-04	8.13e-06
 6.60786e+22	3.79e-23	3.19e-14	1.33e-11	1.12e-09	2.11e-08	2.09e-07	2.15e-06	6.76e-04	1.97e-02	1.66e-01	3.39e-01	2.92e-01	1.37e-01	3.11e-02	8.97e-03	5.99e-03	3.38e-04	6.44e-06
 6.62873e+22	5.29e-23	4.24e-14	1.73e-11	1.41e-09	2.57e-08	2.46e-07	2.45e-06	7.46e-04	2.11e-02	1.74e-01	3.44e-01	2.87e-01	1.31e-01	2.89e-02	8.15e-03	5.30e-03	2.89e-04	5.31e-06
 6.64995e+22	8.05e-23	6.06e-14	2.39e-11	1.88e-09	3.29e-08	3.03e-07	2.90e-06	8.43e-04	2.31e-02	1.83e-01	3.51e-01	2.80e-01	1.23e-01	2.62e-02	7.21e-03	4.53e-03	2.36e-04	4.15e-06
 6.67140e+22	1.13e-22	8.06e-14	3.10e-11	2.36e-09	4.02e-08	3.58e-07	3.32e-06	9.30e-04	2.47e-02	1.91e-01	3.56e-01	2.74e-01	1.17e-01	2.42e-02	6.52e-03	3.99e-03	2.01e-04	3.40e-06
 6.69313e+22	1.74e-22	1.17e-13	4.34e-11	3.17e-09	5.19e-08	4.43e-07	3.94e-06	1.05e-03	2.70e-02	2.02e-01	3.63e-01	2.66e-01	1.10e-01	2.18e-02	5.72e-03	3.38e-03	1.62e-04	2.62e-06
 6.71498e+22	2.43e-22	1.55e-13	5.61e-11	3.97e-09	6.31e-08	5.22e-07	4.50e-06	1.16e-03	2.89e-02	2.11e-01	3.67e-01	2.60e-01	1.04e-01	2.01e-02	5.16e-03	2.97e-03	1.37e-04	2.14e-06
