#depth	Ne	Ne+	Ne+2	Ne+3	Ne+4	Ne+5	Ne+6	Ne+7	Ne+8	Ne+9	Ne+10
 1.54284e+22	6.50e-18	3.11e-13	8.60e-10	3.37e-07	3.88e-05	1.01e-03	6.90e-03	2.39e-02	3.51e-01	4.58e-01	1.59e-01
 3.43127e+22	5.74e-17	2.29e-12	5.15e-09	1.60e-06	1.49e-04	3.07e-03	1.61e-02	4.09e-02	4.34e-01	4.05e-01	1.01e-01
 3.94967e+22	1.51e-16	5.62e-12	1.16e-08	3.25e-06	2.75e-04	5.13e-03	2.37e-02	5.21e-02	4.70e-01	3.71e-01	7.80e-02
 4.20886e+22	2.38e-16	8.60e-12	1.72e-08	4.58e-06	3.72e-04	6.60e-03	2.88e-02	5.86e-02	4.86e-01	3.52e-01	6.78e-02
 4.32882e+22	2.83e-16	1.01e-11	1.99e-08	5.23e-06	4.18e-04	7.28e-03	3.10e-02	6.14e-02	4.92e-01	3.44e-01	6.40e-02
 4.40602e+22	3.50e-16	1.24e-11	2.40e-08	6.16e-06	4.84e-04	8.23e-03	3.40e-02	6.49e-02	5.00e-01	3.33e-01	5.94e-02
 4.48950e+22	4.22e-16	1.48e-11	2.84e-08	7.15e-06	5.52e-04	9.21e-03	3.70e-02	6.84e-02	5.06e-01	3.24e-01	5.54e-02
 4.58116e+22	5.31e-16	1.85e-11	3.50e-08	8.62e-06	6.52e-04	1.06e-02	4.12e-02	7.30e-02	5.13e-01	3.11e-01	5.04e-02
 4.67426e+22	6.36e-16	2.20e-11	4.13e-08	1.00e-05	7.46e-04	1.19e-02	4.50e-02	7.70e-02	5.18e-01	3.01e-01	4.66e-02
 4.76731e+22	7.84e-16	2.71e-11	5.03e-08	1.20e-05	8.77e-04	1.37e-02	5.00e-02	8.20e-02	5.24e-01	2.87e-01	4.22e-02
 4.86092e+22	9.21e-16	3.18e-11	5.88e-08	1.38e-05	9.98e-04	1.53e-02	5.44e-02	8.63e-02	5.28e-01	2.77e-01	3.88e-02
 4.94059e+22	1.06e-15	3.65e-11	6.74e-08	1.56e-05	1.12e-03	1.69e-02	5.86e-02	9.02e-02	5.31e-01	2.67e-01	3.59e-02
 5.02672e+22	1.24e-15	4.32e-11	7.95e-08	1.82e-05	1.29e-03	1.91e-02	6.43e-02	9.54e-02	5.33e-01	2.54e-01	3.25e-02
 5.11373e+22	1.40e-15	4.90e-11	9.04e-08	2.05e-05	1.44e-03	2.10e-02	6.92e-02	9.97e-02	5.35e-01	2.44e-01	2.99e-02
 5.19869e+22	1.59e-15	5.65e-11	1.05e-07	2.35e-05	1.64e-03	2.35e-02	7.53e-02	1.05e-01	5.36e-01	2.32e-01	2.70e-02
 5.28539e+22	1.76e-15	6.35e-11	1.18e-07	2.64e-05	1.83e-03	2.59e-02	8.10e-02	1.09e-01	5.36e-01	2.22e-01	2.46e-02
 5.37039e+22	1.95e-15	7.15e-11	1.35e-07	2.99e-05	2.06e-03	2.88e-02	8.75e-02	1.15e-01	5.35e-01	2.10e-01	2.22e-02
 5.45716e+22	2.13e-15	7.95e-11	1.51e-07	3.36e-05	2.30e-03	3.17e-02	9.39e-02	1.20e-01	5.33e-01	2.00e-01	2.01e-02
 5.54300e+22	2.30e-15	8.80e-11	1.70e-07	3.76e-05	2.57e-03	3.49e-02	1.01e-01	1.25e-01	5.30e-01	1.89e-01	1.81e-02
 5.62929e+22	2.45e-15	9.65e-11	1.89e-07	4.19e-05	2.86e-03	3.82e-02	1.08e-01	1.30e-01	5.26e-01	1.79e-01	1.63e-02
 5.71459e+22	2.59e-15	1.05e-10	2.10e-07	4.66e-05	3.17e-03	4.18e-02	1.15e-01	1.35e-01	5.22e-01	1.69e-01	1.47e-02
 5.79975e+22	2.72e-15	1.14e-10	2.32e-07	5.16e-05	3.51e-03	4.56e-02	1.22e-01	1.40e-01	5.16e-01	1.59e-01	1.32e-02
 5.88505e+22	2.84e-15	1.23e-10	2.56e-07	5.71e-05	3.87e-03	4.97e-02	1.30e-01	1.45e-01	5.10e-01	1.50e-01	1.18e-02
 5.97069e+22	2.94e-15	1.32e-10	2.82e-07	6.32e-05	4.27e-03	5.40e-02	1.38e-01	1.50e-01	5.03e-01	1.41e-01	1.06e-02
 6.05683e+22	3.03e-15	1.41e-10	3.10e-07	6.98e-05	4.71e-03	5.86e-02	1.45e-01	1.54e-01	4.96e-01	1.32e-01	9.47e-03
 6.14376e+22	3.11e-15	1.51e-10	3.41e-07	7.72e-05	5.19e-03	6.35e-02	1.53e-01	1.59e-01	4.87e-01	1.23e-01	8.45e-03
 6.23171e+22	3.18e-15	1.62e-10	3.75e-07	8.55e-05	5.72e-03	6.87e-02	1.61e-01	1.64e-01	4.78e-01	1.15e-01	7.51e-03
 6.32012e+22	3.25e-15	1.73e-10	4.13e-07	9.46e-05	6.30e-03	7.42e-02	1.69e-01	1.68e-01	4.68e-01	1.07e-01	6.67e-03
 6.40997e+22	3.31e-15	1.85e-10	4.57e-07	1.05e-04	6.96e-03	8.02e-02	1.77e-01	1.72e-01	4.58e-01	9.98e-02	5.90e-03
 6.50087e+22	3.38e-15	1.98e-10	5.05e-07	1.17e-04	7.66e-03	8.64e-02	1.85e-01	1.76e-01	4.46e-01	9.27e-02	5.22e-03
 6.59353e+22	3.46e-15	2.14e-10	5.62e-07	1.31e-04	8.48e-03	9.33e-02	1.94e-01	1.80e-01	4.34e-01	8.56e-02	4.58e-03
 6.67976e+22	3.54e-15	2.28e-10	6.15e-07	1.43e-04	9.21e-03	9.92e-02	2.00e-01	1.83e-01	4.24e-01	8.02e-02	4.11e-03
 6.76834e+22	3.63e-15	2.47e-10	6.90e-07	1.62e-04	1.02e-02	1.07e-01	2.09e-01	1.86e-01	4.11e-01	7.36e-02	3.58e-03
 6.85839e+22	3.74e-15	2.66e-10	7.62e-07	1.78e-04	1.11e-02	1.14e-01	2.15e-01	1.88e-01	3.99e-01	6.86e-02	3.20e-03
 6.95087e+22	3.85e-15	2.91e-10	8.65e-07	2.03e-04	1.24e-02	1.23e-01	2.24e-01	1.91e-01	3.84e-01	6.25e-02	2.76e-03
 7.04391e+22	4.04e-15	3.17e-10	9.62e-07	2.25e-04	1.35e-02	1.30e-01	2.30e-01	1.93e-01	3.73e-01	5.81e-02	2.46e-03
 7.13769e+22	4.24e-15	3.53e-10	1.10e-06	2.57e-04	1.51e-02	1.40e-01	2.38e-01	1.95e-01	3.57e-01	5.27e-02	2.12e-03
 7.23201e+22	4.47e-15	3.87e-10	1.23e-06	2.86e-04	1.64e-02	1.48e-01	2.43e-01	1.96e-01	3.45e-01	4.89e-02	1.88e-03
 7.32706e+22	4.77e-15	4.35e-10	1.43e-06	3.28e-04	1.83e-02	1.59e-01	2.50e-01	1.96e-01	3.30e-01	4.41e-02	1.61e-03
 7.42290e+22	5.09e-15	4.82e-10	1.61e-06	3.66e-04	1.99e-02	1.68e-01	2.56e-01	1.97e-01	3.17e-01	4.07e-02	1.43e-03
 7.51976e+22	5.54e-15	5.51e-10	1.88e-06	4.22e-04	2.22e-02	1.80e-01	2.62e-01	1.96e-01	3.01e-01	3.66e-02	1.21e-03
 7.61785e+22	6.01e-15	6.18e-10	2.13e-06	4.73e-04	2.42e-02	1.90e-01	2.66e-01	1.96e-01	2.89e-01	3.36e-02	1.07e-03
 7.71755e+22	6.69e-15	7.18e-10	2.52e-06	5.49e-04	2.70e-02	2.03e-01	2.72e-01	1.95e-01	2.73e-01	3.00e-02	9.03e-04
 7.81888e+22	7.39e-15	8.15e-10	2.88e-06	6.17e-04	2.95e-02	2.13e-01	2.75e-01	1.93e-01	2.60e-01	2.74e-02	7.89e-04
 7.92232e+22	8.43e-15	9.64e-10	3.44e-06	7.20e-04	3.29e-02	2.27e-01	2.80e-01	1.91e-01	2.44e-01	2.43e-02	6.61e-04
 8.02797e+22	9.53e-15	1.11e-09	3.98e-06	8.14e-04	3.59e-02	2.39e-01	2.82e-01	1.88e-01	2.31e-01	2.20e-02	5.73e-04
 8.13649e+22	1.12e-14	1.34e-09	4.81e-06	9.54e-04	4.02e-02	2.54e-01	2.85e-01	1.85e-01	2.15e-01	1.93e-02	4.74e-04
 8.24778e+22	1.30e-14	1.58e-09	5.62e-06	1.08e-03	4.39e-02	2.66e-01	2.87e-01	1.81e-01	2.03e-01	1.74e-02	4.07e-04
 8.36267e+22	1.57e-14	1.95e-09	6.89e-06	1.28e-03	4.92e-02	2.83e-01	2.88e-01	1.76e-01	1.87e-01	1.50e-02	3.31e-04
 8.47076e+22	1.82e-14	2.25e-09	7.88e-06	1.43e-03	5.29e-02	2.94e-01	2.89e-01	1.73e-01	1.77e-01	1.37e-02	2.90e-04
 8.57002e+22	2.19e-14	2.72e-09	9.40e-06	1.64e-03	5.81e-02	3.08e-01	2.89e-01	1.68e-01	1.64e-01	1.20e-02	2.43e-04
 8.66848e+22	2.54e-14	3.15e-09	1.07e-05	1.82e-03	6.22e-02	3.18e-01	2.88e-01	1.64e-01	1.55e-01	1.10e-02	2.12e-04
 8.76589e+22	3.09e-14	3.82e-09	1.28e-05	2.09e-03	6.80e-02	3.32e-01	2.87e-01	1.58e-01	1.43e-01	9.62e-03	1.77e-04
 8.86388e+22	3.63e-14	4.44e-09	1.46e-05	2.31e-03	7.26e-02	3.42e-01	2.85e-01	1.54e-01	1.35e-01	8.71e-03	1.54e-04
 8.96261e+22	4.48e-14	5.41e-09	1.73e-05	2.64e-03	7.91e-02	3.56e-01	2.82e-01	1.48e-01	1.24e-01	7.63e-03	1.29e-04
 9.06315e+22	5.33e-14	6.34e-09	1.99e-05	2.92e-03	8.44e-02	3.66e-01	2.80e-01	1.43e-01	1.16e-01	6.87e-03	1.11e-04
 9.16604e+22	6.71e-14	7.82e-09	2.38e-05	3.35e-03	9.19e-02	3.79e-01	2.76e-01	1.37e-01	1.06e-01	5.96e-03	9.16e-05
 9.27037e+22	8.08e-14	9.21e-09	2.73e-05	3.71e-03	9.79e-02	3.89e-01	2.73e-01	1.32e-01	9.91e-02	5.34e-03	7.89e-05
 9.37659e+22	1.03e-13	1.15e-08	3.28e-05	4.25e-03	1.06e-01	4.02e-01	2.68e-01	1.26e-01	9.00e-02	4.59e-03	6.43e-05
 9.48464e+22	1.26e-13	1.36e-08	3.77e-05	4.70e-03	1.13e-01	4.11e-01	2.63e-01	1.20e-01	8.34e-02	4.08e-03	5.49e-05
 9.59506e+22	1.63e-13	1.71e-08	4.54e-05	5.39e-03	1.23e-01	4.23e-01	2.57e-01	1.14e-01	7.52e-02	3.48e-03	4.43e-05
 9.70820e+22	2.02e-13	2.04e-08	5.25e-05	5.98e-03	1.31e-01	4.31e-01	2.52e-01	1.08e-01	6.92e-02	3.07e-03	3.74e-05
 9.82488e+22	2.67e-13	2.59e-08	6.37e-05	6.86e-03	1.41e-01	4.42e-01	2.44e-01	1.01e-01	6.18e-02	2.58e-03	2.97e-05
 9.94426e+22	3.35e-13	3.13e-08	7.41e-05	7.64e-03	1.50e-01	4.50e-01	2.38e-01	9.60e-02	5.64e-02	2.25e-03	2.48e-05
 1.00672e+23	4.50e-13	4.01e-08	9.01e-05	8.76e-03	1.62e-01	4.59e-01	2.29e-01	8.91e-02	4.99e-02	1.88e-03	1.95e-05
 1.01914e+23	5.66e-13	4.84e-08	1.05e-04	9.72e-03	1.72e-01	4.65e-01	2.22e-01	8.39e-02	4.53e-02	1.63e-03	1.61e-05
 1.03175e+23	7.68e-13	6.23e-08	1.27e-04	1.11e-02	1.86e-01	4.72e-01	2.12e-01	7.73e-02	3.98e-02	1.34e-03	1.25e-05
 1.04450e+23	9.70e-13	7.54e-08	1.48e-04	1.23e-02	1.96e-01	4.77e-01	2.05e-01	7.25e-02	3.59e-02	1.16e-03	1.03e-05
 1.05743e+23	1.32e-12	9.72e-08	1.80e-04	1.41e-02	2.10e-01	4.82e-01	1.95e-01	6.64e-02	3.13e-02	9.50e-04	7.94e-06
 1.07006e+23	1.65e-12	1.16e-07	2.06e-04	1.55e-02	2.21e-01	4.84e-01	1.88e-01	6.22e-02	2.84e-02	8.24e-04	6.60e-06
 1.08231e+23	2.20e-12	1.47e-07	2.47e-04	1.74e-02	2.35e-01	4.86e-01	1.79e-01	5.70e-02	2.49e-02	6.80e-04	5.14e-06
 1.09501e+23	2.78e-12	1.77e-07	2.85e-04	1.92e-02	2.46e-01	4.87e-01	1.71e-01	5.30e-02	2.23e-02	5.83e-04	4.20e-06
 1.10585e+23	3.42e-12	2.09e-07	3.23e-04	2.08e-02	2.57e-01	4.88e-01	1.64e-01	4.96e-02	2.02e-02	5.07e-04	3.50e-06
 1.11749e+23	4.49e-12	2.60e-07	3.81e-04	2.32e-02	2.70e-01	4.87e-01	1.56e-01	4.55e-02	1.78e-02	4.21e-04	2.76e-06
 1.12916e+23	5.53e-12	3.07e-07	4.32e-04	2.52e-02	2.81e-01	4.86e-01	1.49e-01	4.24e-02	1.61e-02	3.65e-04	2.29e-06
 1.14086e+23	7.15e-12	3.77e-07	5.04e-04	2.78e-02	2.94e-01	4.83e-01	1.41e-01	3.89e-02	1.42e-02	3.05e-04	1.82e-06
 1.15304e+23	9.04e-12	4.55e-07	5.79e-04	3.04e-02	3.07e-01	4.80e-01	1.34e-01	3.59e-02	1.26e-02	2.58e-04	1.47e-06
 1.16390e+23	1.11e-11	5.36e-07	6.55e-04	3.29e-02	3.18e-01	4.77e-01	1.27e-01	3.33e-02	1.13e-02	2.22e-04	1.21e-06
 1.17609e+23	1.45e-11	6.60e-07	7.64e-04	3.63e-02	3.31e-01	4.72e-01	1.20e-01	3.03e-02	9.89e-03	1.84e-04	9.49e-07
 1.18894e+23	1.84e-11	7.99e-07	8.80e-04	3.97e-02	3.44e-01	4.66e-01	1.13e-01	2.77e-02	8.71e-03	1.54e-04	7.56e-07
 1.20063e+23	2.30e-11	9.52e-07	1.00e-03	4.30e-02	3.56e-01	4.60e-01	1.06e-01	2.55e-02	7.74e-03	1.31e-04	6.11e-07
 1.21383e+23	3.04e-11	1.19e-06	1.18e-03	4.75e-02	3.70e-01	4.52e-01	9.89e-02	2.29e-02	6.65e-03	1.06e-04	4.68e-07
 1.22743e+23	3.89e-11	1.44e-06	1.35e-03	5.18e-02	3.83e-01	4.44e-01	9.25e-02	2.08e-02	5.81e-03	8.78e-05	3.68e-07
 1.23952e+23	4.87e-11	1.72e-06	1.54e-03	5.60e-02	3.95e-01	4.37e-01	8.68e-02	1.91e-02	5.12e-03	7.37e-05	2.95e-07
 1.25318e+23	6.46e-11	2.14e-06	1.81e-03	6.17e-02	4.09e-01	4.26e-01	8.00e-02	1.70e-02	4.37e-03	5.92e-05	2.23e-07
 1.26736e+23	8.30e-11	2.60e-06	2.08e-03	6.72e-02	4.21e-01	4.16e-01	7.41e-02	1.53e-02	3.78e-03	4.84e-05	1.73e-07
 1.28008e+23	1.05e-10	3.12e-06	2.38e-03	7.26e-02	4.33e-01	4.06e-01	6.90e-02	1.39e-02	3.29e-03	4.02e-05	1.36e-07
 1.29449e+23	1.41e-10	3.92e-06	2.80e-03	8.00e-02	4.46e-01	3.93e-01	6.28e-02	1.22e-02	2.76e-03	3.16e-05	0.00e+00
 1.30938e+23	1.81e-10	4.76e-06	3.22e-03	8.67e-02	4.58e-01	3.81e-01	5.78e-02	1.10e-02	2.37e-03	2.56e-05	0.00e+00
 1.32489e+23	2.47e-10	6.06e-06	3.83e-03	9.57e-02	4.71e-01	3.66e-01	5.20e-02	9.53e-03	1.96e-03	1.97e-05	0.00e+00
 1.34057e+23	3.19e-10	7.38e-06	4.40e-03	1.04e-01	4.81e-01	3.53e-01	4.75e-02	8.49e-03	1.67e-03	1.58e-05	0.00e+00
 1.35436e+23	4.06e-10	8.88e-06	5.02e-03	1.12e-01	4.90e-01	3.41e-01	4.36e-02	7.59e-03	1.43e-03	1.28e-05	0.00e+00
 1.37015e+23	5.61e-10	1.14e-05	5.98e-03	1.23e-01	5.01e-01	3.24e-01	3.87e-02	6.52e-03	1.16e-03	9.67e-06	0.00e+00
 1.38611e+23	7.19e-10	1.38e-05	6.83e-03	1.32e-01	5.08e-01	3.11e-01	3.52e-02	5.78e-03	9.82e-04	7.74e-06	0.00e+00
 1.40229e+23	9.80e-10	1.74e-05	8.07e-03	1.45e-01	5.16e-01	2.94e-01	3.11e-02	4.96e-03	7.96e-04	5.83e-06	0.00e+00
 1.41877e+23	1.27e-09	2.13e-05	9.25e-03	1.56e-01	5.22e-01	2.80e-01	2.80e-02	4.36e-03	6.66e-04	4.59e-06	0.00e+00
 1.43342e+23	1.64e-09	2.58e-05	1.06e-02	1.67e-01	5.27e-01	2.66e-01	2.52e-02	3.83e-03	5.57e-04	3.61e-06	0.00e+00
 1.45027e+23	2.25e-09	3.28e-05	1.25e-02	1.82e-01	5.31e-01	2.49e-01	2.20e-02	3.24e-03	4.44e-04	2.66e-06	0.00e+00
 1.46738e+23	2.91e-09	3.99e-05	1.43e-02	1.95e-01	5.34e-01	2.35e-01	1.96e-02	2.83e-03	3.67e-04	2.07e-06	0.00e+00
 1.48484e+23	4.04e-09	5.11e-05	1.69e-02	2.12e-01	5.35e-01	2.17e-01	1.69e-02	2.36e-03	2.88e-04	1.50e-06	0.00e+00
 1.50247e+23	5.23e-09	6.20e-05	1.93e-02	2.25e-01	5.34e-01	2.04e-01	1.49e-02	2.05e-03	2.37e-04	1.15e-06	0.00e+00
 1.52033e+23	7.26e-09	7.93e-05	2.28e-02	2.44e-01	5.32e-01	1.87e-01	1.27e-02	1.70e-03	1.83e-04	8.21e-07	0.00e+00
 1.53783e+23	9.23e-09	9.49e-05	2.57e-02	2.58e-01	5.28e-01	1.75e-01	1.13e-02	1.48e-03	1.51e-04	6.37e-07	0.00e+00
 1.55487e+23	1.26e-08	1.19e-04	3.00e-02	2.77e-01	5.23e-01	1.60e-01	9.62e-03	1.23e-03	1.18e-04	4.58e-07	0.00e+00
 1.57135e+23	1.56e-08	1.40e-04	3.34e-02	2.90e-01	5.17e-01	1.50e-01	8.59e-03	1.08e-03	9.84e-05	3.62e-07	0.00e+00
 1.58711e+23	2.05e-08	1.72e-04	3.82e-02	3.07e-01	5.09e-01	1.37e-01	7.40e-03	9.07e-04	7.80e-05	2.66e-07	0.00e+00
 1.60292e+23	2.54e-08	2.01e-04	4.24e-02	3.21e-01	5.02e-01	1.28e-01	6.57e-03	7.91e-04	6.48e-05	2.09e-07	0.00e+00
 1.61877e+23	3.35e-08	2.47e-04	4.84e-02	3.38e-01	4.91e-01	1.16e-01	5.61e-03	6.62e-04	5.08e-05	1.52e-07	0.00e+00
 1.63495e+23	4.18e-08	2.90e-04	5.38e-02	3.52e-01	4.81e-01	1.07e-01	4.93e-03	5.71e-04	4.16e-05	0.00e+00	0.00e+00
 1.65156e+23	5.51e-08	3.55e-04	6.13e-02	3.70e-01	4.67e-01	9.68e-02	4.17e-03	4.73e-04	3.23e-05	0.00e+00	0.00e+00
 1.66838e+23	6.89e-08	4.19e-04	6.81e-02	3.84e-01	4.55e-01	8.86e-02	3.63e-03	4.04e-04	2.61e-05	0.00e+00	0.00e+00
 1.68322e+23	8.56e-08	4.90e-04	7.53e-02	3.97e-01	4.42e-01	8.11e-02	3.16e-03	3.46e-04	2.12e-05	0.00e+00	0.00e+00
 1.70027e+23	1.13e-07	5.98e-04	8.54e-02	4.14e-01	4.25e-01	7.22e-02	2.65e-03	2.83e-04	1.62e-05	0.00e+00	0.00e+00
 1.71759e+23	1.41e-07	7.04e-04	9.46e-02	4.27e-01	4.10e-01	6.53e-02	2.27e-03	2.39e-04	1.29e-05	0.00e+00	0.00e+00
 1.73149e+23	1.69e-07	8.03e-04	1.03e-01	4.37e-01	3.97e-01	6.00e-02	2.01e-03	2.07e-04	1.07e-05	0.00e+00	0.00e+00
 1.74581e+23	2.10e-07	9.37e-04	1.13e-01	4.49e-01	3.81e-01	5.42e-02	1.73e-03	1.75e-04	8.54e-06	0.00e+00	0.00e+00
 1.76056e+23	2.52e-07	1.07e-03	1.22e-01	4.58e-01	3.68e-01	4.95e-02	1.51e-03	1.50e-04	7.00e-06	0.00e+00	0.00e+00
 1.77379e+23	3.01e-07	1.21e-03	1.32e-01	4.66e-01	3.54e-01	4.52e-02	1.32e-03	1.30e-04	5.76e-06	0.00e+00	0.00e+00
 1.78888e+23	3.75e-07	1.42e-03	1.45e-01	4.75e-01	3.36e-01	4.02e-02	1.12e-03	1.07e-04	4.50e-06	0.00e+00	0.00e+00
 1.80409e+23	4.51e-07	1.62e-03	1.57e-01	4.82e-01	3.21e-01	3.63e-02	9.74e-04	9.15e-05	3.65e-06	0.00e+00	0.00e+00
 1.81739e+23	5.37e-07	1.83e-03	1.69e-01	4.88e-01	3.07e-01	3.29e-02	8.48e-04	7.82e-05	2.98e-06	0.00e+00	0.00e+00
 1.83259e+23	6.64e-07	2.13e-03	1.85e-01	4.94e-01	2.89e-01	2.90e-02	7.13e-04	6.42e-05	2.30e-06	0.00e+00	0.00e+00
 1.84806e+23	7.94e-07	2.42e-03	1.99e-01	4.98e-01	2.74e-01	2.60e-02	6.14e-04	5.41e-05	1.85e-06	0.00e+00	0.00e+00
 1.86180e+23	9.44e-07	2.73e-03	2.13e-01	5.01e-01	2.60e-01	2.33e-02	5.29e-04	4.57e-05	1.49e-06	0.00e+00	0.00e+00
 1.87759e+23	1.17e-06	3.16e-03	2.32e-01	5.03e-01	2.42e-01	2.03e-02	4.39e-04	3.69e-05	1.13e-06	0.00e+00	0.00e+00
 1.89352e+23	1.40e-06	3.57e-03	2.48e-01	5.03e-01	2.27e-01	1.80e-02	3.75e-04	3.08e-05	8.98e-07	0.00e+00	0.00e+00
 1.90752e+23	1.65e-06	4.01e-03	2.64e-01	5.02e-01	2.13e-01	1.59e-02	3.21e-04	2.57e-05	7.15e-07	0.00e+00	0.00e+00
 1.92360e+23	2.04e-06	4.63e-03	2.86e-01	4.99e-01	1.96e-01	1.37e-02	2.63e-04	2.05e-05	5.36e-07	0.00e+00	0.00e+00
 1.93997e+23	2.42e-06	5.21e-03	3.05e-01	4.96e-01	1.82e-01	1.20e-02	2.22e-04	1.68e-05	4.19e-07	0.00e+00	0.00e+00
 1.95672e+23	2.99e-06	6.01e-03	3.28e-01	4.89e-01	1.66e-01	1.01e-02	1.80e-04	1.31e-05	3.08e-07	0.00e+00	0.00e+00
 1.97367e+23	3.57e-06	6.76e-03	3.49e-01	4.83e-01	1.53e-01	8.79e-03	1.50e-04	1.06e-05	2.37e-07	0.00e+00	0.00e+00
 1.99088e+23	4.40e-06	7.78e-03	3.74e-01	4.73e-01	1.38e-01	7.35e-03	1.20e-04	8.20e-06	1.72e-07	0.00e+00	0.00e+00
 2.00843e+23	5.24e-06	8.74e-03	3.96e-01	4.63e-01	1.25e-01	6.29e-03	9.91e-05	6.54e-06	1.30e-07	0.00e+00	0.00e+00
 2.02642e+23	6.47e-06	1.00e-02	4.24e-01	4.50e-01	1.11e-01	5.17e-03	7.81e-05	4.94e-06	0.00e+00	0.00e+00	0.00e+00
 2.04472e+23	7.71e-06	1.13e-02	4.47e-01	4.37e-01	1.00e-01	4.37e-03	6.35e-05	3.87e-06	0.00e+00	0.00e+00	0.00e+00
 2.06097e+23	9.12e-06	1.26e-02	4.70e-01	4.24e-01	9.04e-02	3.69e-03	5.19e-05	3.05e-06	0.00e+00	0.00e+00	0.00e+00
 2.07500e+23	1.03e-05	1.36e-02	4.86e-01	4.13e-01	8.36e-02	3.26e-03	4.48e-05	2.56e-06	0.00e+00	0.00e+00	0.00e+00
 2.08858e+23	1.20e-05	1.49e-02	5.07e-01	4.00e-01	7.55e-02	2.78e-03	3.70e-05	2.04e-06	0.00e+00	0.00e+00	0.00e+00
 2.10237e+23	1.35e-05	1.62e-02	5.24e-01	3.88e-01	6.92e-02	2.43e-03	3.15e-05	1.68e-06	0.00e+00	0.00e+00	0.00e+00
 2.11645e+23	1.57e-05	1.78e-02	5.45e-01	3.73e-01	6.19e-02	2.05e-03	2.58e-05	1.33e-06	0.00e+00	0.00e+00	0.00e+00
 2.13069e+23	1.78e-05	1.92e-02	5.62e-01	3.61e-01	5.64e-02	1.78e-03	2.19e-05	1.09e-06	0.00e+00	0.00e+00	0.00e+00
 2.14515e+23	2.07e-05	2.12e-02	5.83e-01	3.44e-01	5.00e-02	1.48e-03	1.77e-05	8.42e-07	0.00e+00	0.00e+00	0.00e+00
 2.15970e+23	2.34e-05	2.28e-02	5.99e-01	3.31e-01	4.53e-02	1.28e-03	1.49e-05	6.84e-07	0.00e+00	0.00e+00	0.00e+00
 2.17439e+23	2.71e-05	2.50e-02	6.19e-01	3.15e-01	3.99e-02	1.06e-03	1.20e-05	5.27e-07	0.00e+00	0.00e+00	0.00e+00
 2.18938e+23	3.07e-05	2.70e-02	6.35e-01	3.01e-01	3.58e-02	9.05e-04	1.00e-05	4.22e-07	0.00e+00	0.00e+00	0.00e+00
 2.20477e+23	3.56e-05	2.96e-02	6.55e-01	2.84e-01	3.12e-02	7.42e-04	7.97e-06	3.21e-07	0.00e+00	0.00e+00	0.00e+00
 2.22049e+23	4.05e-05	3.20e-02	6.71e-01	2.69e-01	2.76e-02	6.24e-04	6.52e-06	2.52e-07	0.00e+00	0.00e+00	0.00e+00
 2.23664e+23	4.73e-05	3.51e-02	6.89e-01	2.52e-01	2.37e-02	5.03e-04	5.10e-06	1.87e-07	0.00e+00	0.00e+00	0.00e+00
 2.25302e+23	5.38e-05	3.79e-02	7.04e-01	2.37e-01	2.08e-02	4.18e-04	4.13e-06	1.45e-07	0.00e+00	0.00e+00	0.00e+00
 2.26970e+23	6.31e-05	4.16e-02	7.21e-01	2.19e-01	1.76e-02	3.32e-04	3.18e-06	0.00e+00	0.00e+00	0.00e+00	0.00e+00
 2.28657e+23	7.19e-05	4.50e-02	7.34e-01	2.05e-01	1.53e-02	2.74e-04	2.55e-06	0.00e+00	0.00e+00	0.00e+00	0.00e+00
 2.30372e+23	8.38e-05	4.92e-02	7.49e-01	1.89e-01	1.29e-02	2.16e-04	1.95e-06	0.00e+00	0.00e+00	0.00e+00	0.00e+00
 2.32130e+23	9.62e-05	5.33e-02	7.61e-01	1.75e-01	1.10e-02	1.75e-04	1.53e-06	0.00e+00	0.00e+00	0.00e+00	0.00e+00
 2.33946e+23	1.13e-04	5.84e-02	7.73e-01	1.59e-01	9.10e-03	1.35e-04	1.14e-06	0.00e+00	0.00e+00	0.00e+00	0.00e+00
 2.35772e+23	1.30e-04	6.32e-02	7.83e-01	1.46e-01	7.72e-03	1.09e-04	8.91e-07	0.00e+00	0.00e+00	0.00e+00	0.00e+00
 2.37609e+23	1.53e-04	6.94e-02	7.93e-01	1.31e-01	6.27e-03	8.26e-05	6.53e-07	0.00e+00	0.00e+00	0.00e+00	0.00e+00
 2.39441e+23	1.76e-04	7.49e-02	8.00e-01	1.20e-01	5.30e-03	6.64e-05	5.09e-07	0.00e+00	0.00e+00	0.00e+00	0.00e+00
 2.41265e+23	2.07e-04	8.20e-02	8.07e-01	1.07e-01	4.27e-03	5.02e-05	3.70e-07	0.00e+00	0.00e+00	0.00e+00	0.00e+00
 2.43101e+23	2.38e-04	8.85e-02	8.11e-01	9.69e-02	3.58e-03	4.00e-05	2.86e-07	0.00e+00	0.00e+00	0.00e+00	0.00e+00
 2.44951e+23	2.82e-04	9.70e-02	8.15e-01	8.53e-02	2.83e-03	2.98e-05	2.04e-07	0.00e+00	0.00e+00	0.00e+00	0.00e+00
 2.46806e+23	3.26e-04	1.05e-01	8.16e-01	7.66e-02	2.35e-03	2.35e-05	1.55e-07	0.00e+00	0.00e+00	0.00e+00	0.00e+00
 2.48665e+23	3.88e-04	1.15e-01	8.17e-01	6.66e-02	1.84e-03	1.73e-05	0.00e+00	0.00e+00	0.00e+00	0.00e+00	0.00e+00
 2.50526e+23	4.48e-04	1.24e-01	8.15e-01	5.93e-02	1.50e-03	1.36e-05	0.00e+00	0.00e+00	0.00e+00	0.00e+00	0.00e+00
 2.52391e+23	5.39e-04	1.35e-01	8.12e-01	5.07e-02	1.15e-03	9.79e-06	0.00e+00	0.00e+00	0.00e+00	0.00e+00	0.00e+00
 2.54253e+23	6.25e-04	1.46e-01	8.08e-01	4.46e-02	9.34e-04	7.56e-06	0.00e+00	0.00e+00	0.00e+00	0.00e+00	0.00e+00
 2.56112e+23	7.51e-04	1.60e-01	8.01e-01	3.76e-02	7.09e-04	5.40e-06	0.00e+00	0.00e+00	0.00e+00	0.00e+00	0.00e+00
 2.57988e+23	8.81e-04	1.72e-01	7.94e-01	3.24e-02	5.61e-04	4.06e-06	0.00e+00	0.00e+00	0.00e+00	0.00e+00	0.00e+00
 2.59886e+23	1.07e-03	1.89e-01	7.83e-01	2.68e-02	4.15e-04	2.81e-06	0.00e+00	0.00e+00	0.00e+00	0.00e+00	0.00e+00
 2.61804e+23	1.26e-03	2.04e-01	7.72e-01	2.25e-02	3.20e-04	2.04e-06	0.00e+00	0.00e+00	0.00e+00	0.00e+00	0.00e+00
 2.63490e+23	1.49e-03	2.19e-01	7.60e-01	1.88e-02	2.46e-04	1.48e-06	0.00e+00	0.00e+00	0.00e+00	0.00e+00	0.00e+00
 2.65166e+23	1.75e-03	2.35e-01	7.47e-01	1.56e-02	1.88e-04	1.06e-06	0.00e+00	0.00e+00	0.00e+00	0.00e+00	0.00e+00
 2.66636e+23	1.99e-03	2.49e-01	7.36e-01	1.33e-02	1.51e-04	7.96e-07	0.00e+00	0.00e+00	0.00e+00	0.00e+00	0.00e+00
 2.67904e+23	2.25e-03	2.62e-01	7.24e-01	1.13e-02	1.22e-04	6.03e-07	0.00e+00	0.00e+00	0.00e+00	0.00e+00	0.00e+00
 2.69362e+23	2.63e-03	2.79e-01	7.09e-01	9.16e-03	9.21e-05	4.16e-07	0.00e+00	0.00e+00	0.00e+00	0.00e+00	0.00e+00
 2.70896e+23	3.06e-03	2.96e-01	6.94e-01	7.38e-03	7.00e-05	2.87e-07	0.00e+00	0.00e+00	0.00e+00	0.00e+00	0.00e+00
 2.72277e+23	3.53e-03	3.12e-01	6.79e-01	5.93e-03	5.37e-05	1.97e-07	0.00e+00	0.00e+00	0.00e+00	0.00e+00	0.00e+00
 2.73598e+23	4.05e-03	3.27e-01	6.64e-01	4.73e-03	4.11e-05	1.34e-07	0.00e+00	0.00e+00	0.00e+00	0.00e+00	0.00e+00
 2.74867e+23	4.63e-03	3.42e-01	6.50e-01	3.73e-03	3.14e-05	0.00e+00	0.00e+00	0.00e+00	0.00e+00	0.00e+00	0.00e+00
 2.76060e+23	5.29e-03	3.56e-01	6.35e-01	2.92e-03	2.40e-05	0.00e+00	0.00e+00	0.00e+00	0.00e+00	0.00e+00	0.00e+00
 2.77151e+23	5.96e-03	3.68e-01	6.23e-01	2.29e-03	1.86e-05	0.00e+00	0.00e+00	0.00e+00	0.00e+00	0.00e+00	0.00e+00
 2.78152e+23	6.71e-03	3.80e-01	6.11e-01	1.79e-03	1.44e-05	0.00e+00	0.00e+00	0.00e+00	0.00e+00	0.00e+00	0.00e+00
 2.79074e+23	7.49e-03	3.90e-01	6.01e-01	1.40e-03	1.12e-05	0.00e+00	0.00e+00	0.00e+00	0.00e+00	0.00e+00	0.00e+00
 2.79906e+23	8.32e-03	3.99e-01	5.92e-01	1.10e-03	8.87e-06	0.00e+00	0.00e+00	0.00e+00	0.00e+00	0.00e+00	0.00e+00
 2.80649e+23	9.16e-03	4.06e-01	5.84e-01	8.79e-04	7.10e-06	0.00e+00	0.00e+00	0.00e+00	0.00e+00	0.00e+00	0.00e+00
 2.81312e+23	1.01e-02	4.12e-01	5.77e-01	7.06e-04	5.75e-06	0.00e+00	0.00e+00	0.00e+00	0.00e+00	0.00e+00	0.00e+00
 2.81907e+23	1.08e-02	4.16e-01	5.73e-01	5.79e-04	4.77e-06	0.00e+00	0.00e+00	0.00e+00	0.00e+00	0.00e+00	0.00e+00
 2.82458e+23	1.17e-02	4.19e-01	5.69e-01	4.77e-04	3.98e-06	0.00e+00	0.00e+00	0.00e+00	0.00e+00	0.00e+00	0.00e+00
 2.82980e+23	1.27e-02	4.22e-01	5.65e-01	3.96e-04	3.34e-06	0.00e+00	0.00e+00	0.00e+00	0.00e+00	0.00e+00	0.00e+00
 2.83455e+23	1.35e-02	4.23e-01	5.63e-01	3.34e-04	2.85e-06	0.00e+00	0.00e+00	0.00e+00	0.00e+00	0.00e+00	0.00e+00
 2.83890e+23	1.44e-02	4.24e-01	5.61e-01	2.86e-04	2.47e-06	0.00e+00	0.00e+00	0.00e+00	0.00e+00	0.00e+00	0.00e+00
 2.84287e+23	1.53e-02	4.24e-01	5.61e-01	2.49e-04	2.18e-06	0.00e+00	0.00e+00	0.00e+00	0.00e+00	0.00e+00	0.00e+00
 2.84632e+23	1.60e-02	4.23e-01	5.61e-01	2.22e-04	1.97e-06	0.00e+00	0.00e+00	0.00e+00	0.00e+00	0.00e+00	0.00e+00
 2.84883e+23	1.65e-02	4.22e-01	5.62e-01	2.05e-04	1.83e-06	0.00e+00	0.00e+00	0.00e+00	0.00e+00	0.00e+00	0.00e+00
 2.85054e+23	1.68e-02	4.21e-01	5.62e-01	1.95e-04	1.75e-06	0.00e+00	0.00e+00	0.00e+00	0.00e+00	0.00e+00	0.00e+00
 2.85232e+23	1.72e-02	4.20e-01	5.62e-01	1.84e-04	1.66e-06	0.00e+00	0.00e+00	0.00e+00	0.00e+00	0.00e+00	0.00e+00
 2.85448e+23	1.78e-02	4.20e-01	5.62e-01	1.72e-04	1.57e-06	0.00e+00	0.00e+00	0.00e+00	0.00e+00	0.00e+00	0.00e+00
 2.85679e+23	1.84e-02	4.19e-01	5.62e-01	1.61e-04	1.48e-06	0.00e+00	0.00e+00	0.00e+00	0.00e+00	0.00e+00	0.00e+00
 2.85909e+23	1.89e-02	4.18e-01	5.63e-01	1.51e-04	1.40e-06	0.00e+00	0.00e+00	0.00e+00	0.00e+00	0.00e+00	0.00e+00
 2.86136e+23	1.94e-02	4.17e-01	5.64e-01	1.42e-04	1.33e-06	0.00e+00	0.00e+00	0.00e+00	0.00e+00	0.00e+00	0.00e+00
 2.86356e+23	1.99e-02	4.15e-01	5.65e-01	1.35e-04	1.27e-06	0.00e+00	0.00e+00	0.00e+00	0.00e+00	0.00e+00	0.00e+00
 2.86531e+23	2.02e-02	4.14e-01	5.65e-01	1.30e-04	1.23e-06	0.00e+00	0.00e+00	0.00e+00	0.00e+00	0.00e+00	0.00e+00
 2.86651e+23	2.06e-02	4.14e-01	5.65e-01	1.26e-04	1.20e-06	0.00e+00	0.00e+00	0.00e+00	0.00e+00	0.00e+00	0.00e+00
 2.86766e+23	2.09e-02	4.14e-01	5.65e-01	1.23e-04	1.18e-06	0.00e+00	0.00e+00	0.00e+00	0.00e+00	0.00e+00	0.00e+00
 2.86900e+23	2.13e-02	4.13e-01	5.65e-01	1.19e-04	1.15e-06	0.00e+00	0.00e+00	0.00e+00	0.00e+00	0.00e+00	0.00e+00
 2.87055e+23	2.17e-02	4.13e-01	5.65e-01	1.15e-04	1.12e-06	0.00e+00	0.00e+00	0.00e+00	0.00e+00	0.00e+00	0.00e+00
 2.87213e+23	2.22e-02	4.13e-01	5.64e-01	1.11e-04	1.09e-06	0.00e+00	0.00e+00	0.00e+00	0.00e+00	0.00e+00	0.00e+00
 2.87359e+23	2.26e-02	4.13e-01	5.64e-01	1.08e-04	1.06e-06	0.00e+00	0.00e+00	0.00e+00	0.00e+00	0.00e+00	0.00e+00
 2.87504e+23	2.31e-02	4.13e-01	5.63e-01	1.05e-04	1.04e-06	0.00e+00	0.00e+00	0.00e+00	0.00e+00	0.00e+00	0.00e+00
 2.87659e+23	2.35e-02	4.13e-01	5.63e-01	1.02e-04	1.01e-06	0.00e+00	0.00e+00	0.00e+00	0.00e+00	0.00e+00	0.00e+00
 2.87822e+23	2.41e-02	4.14e-01	5.62e-01	9.90e-05	9.89e-07	0.00e+00	0.00e+00	0.00e+00	0.00e+00	0.00e+00	0.00e+00
 2.87988e+23	2.47e-02	4.14e-01	5.61e-01	9.60e-05	9.66e-07	0.00e+00	0.00e+00	0.00e+00	0.00e+00	0.00e+00	0.00e+00
 2.88152e+23	2.52e-02	4.15e-01	5.60e-01	9.33e-05	9.45e-07	0.00e+00	0.00e+00	0.00e+00	0.00e+00	0.00e+00	0.00e+00
 2.88321e+23	2.59e-02	4.16e-01	5.58e-01	9.06e-05	9.24e-07	0.00e+00	0.00e+00	0.00e+00	0.00e+00	0.00e+00	0.00e+00
 2.88500e+23	2.66e-02	4.17e-01	5.57e-01	8.79e-05	9.02e-07	0.00e+00	0.00e+00	0.00e+00	0.00e+00	0.00e+00	0.00e+00
 2.88680e+23	2.72e-02	4.18e-01	5.55e-01	8.53e-05	8.83e-07	0.00e+00	0.00e+00	0.00e+00	0.00e+00	0.00e+00	0.00e+00
 2.88863e+23	2.80e-02	4.19e-01	5.53e-01	8.29e-05	8.63e-07	0.00e+00	0.00e+00	0.00e+00	0.00e+00	0.00e+00	0.00e+00
 2.89053e+23	2.88e-02	4.20e-01	5.51e-01	8.04e-05	8.44e-07	0.00e+00	0.00e+00	0.00e+00	0.00e+00	0.00e+00	0.00e+00
 2.89251e+23	2.96e-02	4.22e-01	5.49e-01	7.80e-05	8.25e-07	0.00e+00	0.00e+00	0.00e+00	0.00e+00	0.00e+00	0.00e+00
 2.89453e+23	3.05e-02	4.23e-01	5.46e-01	7.57e-05	8.07e-07	0.00e+00	0.00e+00	0.00e+00	0.00e+00	0.00e+00	0.00e+00
 2.89660e+23	3.14e-02	4.25e-01	5.43e-01	7.34e-05	7.89e-07	0.00e+00	0.00e+00	0.00e+00	0.00e+00	0.00e+00	0.00e+00
 2.89875e+23	3.24e-02	4.27e-01	5.40e-01	7.12e-05	7.72e-07	0.00e+00	0.00e+00	0.00e+00	0.00e+00	0.00e+00	0.00e+00
 2.90097e+23	3.35e-02	4.29e-01	5.37e-01	6.90e-05	7.54e-07	0.00e+00	0.00e+00	0.00e+00	0.00e+00	0.00e+00	0.00e+00
 2.90325e+23	3.46e-02	4.32e-01	5.33e-01	6.68e-05	7.37e-07	0.00e+00	0.00e+00	0.00e+00	0.00e+00	0.00e+00	0.00e+00
 2.90560e+23	3.58e-02	4.34e-01	5.30e-01	6.47e-05	7.21e-07	0.00e+00	0.00e+00	0.00e+00	0.00e+00	0.00e+00	0.00e+00
 2.90805e+23	3.71e-02	4.37e-01	5.26e-01	6.27e-05	7.04e-07	0.00e+00	0.00e+00	0.00e+00	0.00e+00	0.00e+00	0.00e+00
 2.91060e+23	3.84e-02	4.40e-01	5.22e-01	6.06e-05	6.88e-07	0.00e+00	0.00e+00	0.00e+00	0.00e+00	0.00e+00	0.00e+00
 2.91323e+23	3.98e-02	4.43e-01	5.17e-01	5.86e-05	6.71e-07	0.00e+00	0.00e+00	0.00e+00	0.00e+00	0.00e+00	0.00e+00
 2.91594e+23	4.13e-02	4.46e-01	5.12e-01	5.67e-05	6.56e-07	0.00e+00	0.00e+00	0.00e+00	0.00e+00	0.00e+00	0.00e+00
 2.91870e+23	4.28e-02	4.50e-01	5.07e-01	5.48e-05	6.40e-07	0.00e+00	0.00e+00	0.00e+00	0.00e+00	0.00e+00	0.00e+00
 2.92155e+23	4.44e-02	4.53e-01	5.02e-01	5.29e-05	6.25e-07	0.00e+00	0.00e+00	0.00e+00	0.00e+00	0.00e+00	0.00e+00
 2.92449e+23	4.61e-02	4.57e-01	4.97e-01	5.11e-05	6.10e-07	0.00e+00	0.00e+00	0.00e+00	0.00e+00	0.00e+00	0.00e+00
 2.92751e+23	4.79e-02	4.61e-01	4.91e-01	4.94e-05	5.95e-07	0.00e+00	0.00e+00	0.00e+00	0.00e+00	0.00e+00	0.00e+00
 2.93063e+23	4.98e-02	4.65e-01	4.85e-01	4.77e-05	5.80e-07	0.00e+00	0.00e+00	0.00e+00	0.00e+00	0.00e+00	0.00e+00
 2.93387e+23	5.18e-02	4.69e-01	4.79e-01	4.60e-05	5.66e-07	0.00e+00	0.00e+00	0.00e+00	0.00e+00	0.00e+00	0.00e+00
 2.93721e+23	5.40e-02	4.73e-01	4.73e-01	4.43e-05	5.51e-07	0.00e+00	0.00e+00	0.00e+00	0.00e+00	0.00e+00	0.00e+00
 2.94070e+23	5.63e-02	4.77e-01	4.66e-01	4.27e-05	5.36e-07	0.00e+00	0.00e+00	0.00e+00	0.00e+00	0.00e+00	0.00e+00
 2.94435e+23	5.86e-02	4.82e-01	4.60e-01	4.10e-05	5.21e-07	0.00e+00	0.00e+00	0.00e+00	0.00e+00	0.00e+00	0.00e+00
 2.94816e+23	6.12e-02	4.86e-01	4.52e-01	3.94e-05	5.06e-07	0.00e+00	0.00e+00	0.00e+00	0.00e+00	0.00e+00	0.00e+00
 2.95214e+23	6.40e-02	4.91e-01	4.45e-01	3.78e-05	4.90e-07	0.00e+00	0.00e+00	0.00e+00	0.00e+00	0.00e+00	0.00e+00
 2.95634e+23	6.71e-02	4.96e-01	4.37e-01	3.62e-05	4.74e-07	0.00e+00	0.00e+00	0.00e+00	0.00e+00	0.00e+00	0.00e+00
 2.96078e+23	7.05e-02	5.02e-01	4.28e-01	3.46e-05	4.58e-07	0.00e+00	0.00e+00	0.00e+00	0.00e+00	0.00e+00	0.00e+00
 2.96542e+23	7.43e-02	5.07e-01	4.19e-01	3.29e-05	4.40e-07	0.00e+00	0.00e+00	0.00e+00	0.00e+00	0.00e+00	0.00e+00
 2.97005e+23	7.80e-02	5.12e-01	4.10e-01	3.14e-05	4.24e-07	0.00e+00	0.00e+00	0.00e+00	0.00e+00	0.00e+00	0.00e+00
 2.97451e+23	8.19e-02	5.17e-01	4.01e-01	3.01e-05	4.09e-07	0.00e+00	0.00e+00	0.00e+00	0.00e+00	0.00e+00	0.00e+00
 2.97885e+23	8.58e-02	5.22e-01	3.93e-01	2.88e-05	3.94e-07	0.00e+00	0.00e+00	0.00e+00	0.00e+00	0.00e+00	0.00e+00
 2.98307e+23	8.98e-02	5.26e-01	3.84e-01	2.76e-05	3.79e-07	0.00e+00	0.00e+00	0.00e+00	0.00e+00	0.00e+00	0.00e+00
 2.98719e+23	9.38e-02	5.30e-01	3.76e-01	2.63e-05	3.66e-07	0.00e+00	0.00e+00	0.00e+00	0.00e+00	0.00e+00	0.00e+00
 2.99117e+23	9.80e-02	5.34e-01	3.68e-01	2.49e-05	3.52e-07	0.00e+00	0.00e+00	0.00e+00	0.00e+00	0.00e+00	0.00e+00
 2.99497e+23	1.02e-01	5.38e-01	3.60e-01	2.37e-05	3.40e-07	0.00e+00	0.00e+00	0.00e+00	0.00e+00	0.00e+00	0.00e+00
 2.99852e+23	1.06e-01	5.41e-01	3.53e-01	2.25e-05	3.28e-07	0.00e+00	0.00e+00	0.00e+00	0.00e+00	0.00e+00	0.00e+00
 3.00197e+23	1.10e-01	5.44e-01	3.46e-01	2.15e-05	3.16e-07	0.00e+00	0.00e+00	0.00e+00	0.00e+00	0.00e+00	0.00e+00
 3.00543e+23	1.15e-01	5.47e-01	3.38e-01	2.05e-05	3.05e-07	0.00e+00	0.00e+00	0.00e+00	0.00e+00	0.00e+00	0.00e+00
 3.00878e+23	1.19e-01	5.50e-01	3.31e-01	1.95e-05	2.94e-07	0.00e+00	0.00e+00	0.00e+00	0.00e+00	0.00e+00	0.00e+00
 3.01201e+23	1.23e-01	5.52e-01	3.24e-01	1.86e-05	2.84e-07	0.00e+00	0.00e+00	0.00e+00	0.00e+00	0.00e+00	0.00e+00
 3.01512e+23	1.28e-01	5.55e-01	3.18e-01	1.78e-05	2.74e-07	0.00e+00	0.00e+00	0.00e+00	0.00e+00	0.00e+00	0.00e+00
 3.01813e+23	1.32e-01	5.57e-01	3.11e-01	1.70e-05	2.65e-07	0.00e+00	0.00e+00	0.00e+00	0.00e+00	0.00e+00	0.00e+00
 3.02104e+23	1.37e-01	5.59e-01	3.05e-01	1.63e-05	2.55e-07	0.00e+00	0.00e+00	0.00e+00	0.00e+00	0.00e+00	0.00e+00
 3.02386e+23	1.41e-01	5.60e-01	2.98e-01	1.56e-05	2.47e-07	0.00e+00	0.00e+00	0.00e+00	0.00e+00	0.00e+00	0.00e+00
 3.02657e+23	1.46e-01	5.62e-01	2.92e-01	1.50e-05	2.38e-07	0.00e+00	0.00e+00	0.00e+00	0.00e+00	0.00e+00	0.00e+00
 3.02918e+23	1.51e-01	5.64e-01	2.86e-01	1.44e-05	2.30e-07	0.00e+00	0.00e+00	0.00e+00	0.00e+00	0.00e+00	0.00e+00
 3.03171e+23	1.55e-01	5.65e-01	2.80e-01	1.38e-05	2.22e-07	0.00e+00	0.00e+00	0.00e+00	0.00e+00	0.00e+00	0.00e+00
 3.03411e+23	1.60e-01	5.66e-01	2.74e-01	1.33e-05	2.15e-07	0.00e+00	0.00e+00	0.00e+00	0.00e+00	0.00e+00	0.00e+00
 3.03646e+23	1.65e-01	5.67e-01	2.68e-01	1.28e-05	2.08e-07	0.00e+00	0.00e+00	0.00e+00	0.00e+00	0.00e+00	0.00e+00
 3.03874e+23	1.70e-01	5.68e-01	2.62e-01	1.23e-05	2.01e-07	0.00e+00	0.00e+00	0.00e+00	0.00e+00	0.00e+00	0.00e+00
 3.04083e+23	1.74e-01	5.69e-01	2.57e-01	1.19e-05	1.95e-07	0.00e+00	0.00e+00	0.00e+00	0.00e+00	0.00e+00	0.00e+00
 3.04273e+23	1.79e-01	5.69e-01	2.52e-01	1.15e-05	1.89e-07	0.00e+00	0.00e+00	0.00e+00	0.00e+00	0.00e+00	0.00e+00
 3.04446e+23	1.83e-01	5.70e-01	2.48e-01	1.12e-05	1.84e-07	0.00e+00	0.00e+00	0.00e+00	0.00e+00	0.00e+00	0.00e+00
 3.04603e+23	1.87e-01	5.70e-01	2.43e-01	1.09e-05	1.79e-07	0.00e+00	0.00e+00	0.00e+00	0.00e+00	0.00e+00	0.00e+00
 3.04746e+23	1.91e-01	5.70e-01	2.39e-01	1.06e-05	1.75e-07	0.00e+00	0.00e+00	0.00e+00	0.00e+00	0.00e+00	0.00e+00
 3.04876e+23	1.94e-01	5.70e-01	2.36e-01	1.03e-05	1.71e-07	0.00e+00	0.00e+00	0.00e+00	0.00e+00	0.00e+00	0.00e+00
 3.04995e+23	1.97e-01	5.70e-01	2.32e-01	1.01e-05	1.68e-07	0.00e+00	0.00e+00	0.00e+00	0.00e+00	0.00e+00	0.00e+00
 3.05124e+23	2.01e-01	5.70e-01	2.28e-01	9.82e-06	1.64e-07	0.00e+00	0.00e+00	0.00e+00	0.00e+00	0.00e+00	0.00e+00
 3.05265e+23	2.05e-01	5.70e-01	2.25e-01	9.57e-06	1.60e-07	0.00e+00	0.00e+00	0.00e+00	0.00e+00	0.00e+00	0.00e+00
 3.05392e+23	2.08e-01	5.70e-01	2.22e-01	9.35e-06	1.57e-07	0.00e+00	0.00e+00	0.00e+00	0.00e+00	0.00e+00	0.00e+00
 3.05532e+23	2.13e-01	5.70e-01	2.17e-01	9.08e-06	1.53e-07	0.00e+00	0.00e+00	0.00e+00	0.00e+00	0.00e+00	0.00e+00
 3.05683e+23	2.17e-01	5.70e-01	2.14e-01	8.83e-06	1.49e-07	0.00e+00	0.00e+00	0.00e+00	0.00e+00	0.00e+00	0.00e+00
 3.05820e+23	2.21e-01	5.69e-01	2.10e-01	8.61e-06	1.46e-07	0.00e+00	0.00e+00	0.00e+00	0.00e+00	0.00e+00	0.00e+00
 3.05945e+23	2.24e-01	5.69e-01	2.07e-01	8.42e-06	1.43e-07	0.00e+00	0.00e+00	0.00e+00	0.00e+00	0.00e+00	0.00e+00
 3.06082e+23	2.29e-01	5.68e-01	2.03e-01	8.16e-06	1.39e-07	0.00e+00	0.00e+00	0.00e+00	0.00e+00	0.00e+00	0.00e+00
 3.06230e+23	2.33e-01	5.68e-01	1.99e-01	7.94e-06	1.36e-07	0.00e+00	0.00e+00	0.00e+00	0.00e+00	0.00e+00	0.00e+00
 3.06364e+23	2.36e-01	5.67e-01	1.96e-01	7.76e-06	1.33e-07	0.00e+00	0.00e+00	0.00e+00	0.00e+00	0.00e+00	0.00e+00
 3.06512e+23	2.41e-01	5.66e-01	1.93e-01	7.53e-06	1.29e-07	0.00e+00	0.00e+00	0.00e+00	0.00e+00	0.00e+00	0.00e+00
 3.06671e+23	2.45e-01	5.66e-01	1.89e-01	7.32e-06	1.26e-07	0.00e+00	0.00e+00	0.00e+00	0.00e+00	0.00e+00	0.00e+00
 3.06816e+23	2.50e-01	5.65e-01	1.86e-01	7.11e-06	0.00e+00	0.00e+00	0.00e+00	0.00e+00	0.00e+00	0.00e+00	0.00e+00
 3.06947e+23	2.52e-01	5.64e-01	1.84e-01	6.97e-06	0.00e+00	0.00e+00	0.00e+00	0.00e+00	0.00e+00	0.00e+00	0.00e+00
 3.07092e+23	2.57e-01	5.63e-01	1.80e-01	6.76e-06	0.00e+00	0.00e+00	0.00e+00	0.00e+00	0.00e+00	0.00e+00	0.00e+00
 3.07248e+23	2.61e-01	5.62e-01	1.77e-01	6.57e-06	0.00e+00	0.00e+00	0.00e+00	0.00e+00	0.00e+00	0.00e+00	0.00e+00
 3.07390e+23	2.65e-01	5.61e-01	1.74e-01	6.41e-06	0.00e+00	0.00e+00	0.00e+00	0.00e+00	0.00e+00	0.00e+00	0.00e+00
 3.07545e+23	2.70e-01	5.60e-01	1.70e-01	6.21e-06	0.00e+00	0.00e+00	0.00e+00	0.00e+00	0.00e+00	0.00e+00	0.00e+00
 3.07713e+23	2.75e-01	5.59e-01	1.67e-01	6.02e-06	0.00e+00	0.00e+00	0.00e+00	0.00e+00	0.00e+00	0.00e+00	0.00e+00
 3.07866e+23	2.79e-01	5.57e-01	1.64e-01	5.86e-06	0.00e+00	0.00e+00	0.00e+00	0.00e+00	0.00e+00	0.00e+00	0.00e+00
 3.08033e+23	2.84e-01	5.56e-01	1.60e-01	5.66e-06	0.00e+00	0.00e+00	0.00e+00	0.00e+00	0.00e+00	0.00e+00	0.00e+00
 3.08214e+23	2.90e-01	5.54e-01	1.57e-01	5.48e-06	0.00e+00	0.00e+00	0.00e+00	0.00e+00	0.00e+00	0.00e+00	0.00e+00
 3.08378e+23	2.94e-01	5.52e-01	1.53e-01	5.31e-06	0.00e+00	0.00e+00	0.00e+00	0.00e+00	0.00e+00	0.00e+00	0.00e+00
 3.08512e+23	2.98e-01	5.51e-01	1.51e-01	5.20e-06	0.00e+00	0.00e+00	0.00e+00	0.00e+00	0.00e+00	0.00e+00	0.00e+00
