#depth	S	S+	S+2	S+3	S+4	S+5	S+6	S+7	S+8	S+9	S+10	S+11	S+12	S+13	S+14	S+15	S+16
 1.54284e+22	4.89e-28	2.08e-15	1.88e-12	1.19e-10	3.27e-09	6.58e-08	5.19e-05	3.76e-03	5.51e-02	1.62e-01	3.15e-01	2.82e-01	1.05e-01	3.70e-02	3.68e-02	3.30e-03	9.70e-05
 3.43127e+22	4.49e-27	2.93e-14	2.01e-11	9.22e-10	1.81e-08	2.63e-07	1.47e-04	8.68e-03	1.01e-01	2.24e-01	3.31e-01	2.34e-01	6.68e-02	1.86e-02	1.47e-02	9.44e-04	2.00e-05
 3.94967e+22	1.82e-26	1.05e-13	6.24e-11	2.44e-09	4.05e-08	5.07e-07	2.40e-04	1.27e-02	1.31e-01	2.53e-01	3.25e-01	2.05e-01	5.14e-02	1.29e-02	9.02e-03	4.90e-04	8.78e-06
 4.20886e+22	3.64e-26	2.00e-13	1.11e-10	4.00e-09	6.11e-08	7.08e-07	3.08e-04	1.53e-02	1.48e-01	2.66e-01	3.19e-01	1.90e-01	4.46e-02	1.06e-02	6.98e-03	3.48e-04	5.72e-06
 4.32882e+22	4.77e-26	2.58e-13	1.39e-10	4.86e-09	7.18e-08	8.08e-07	3.39e-04	1.65e-02	1.55e-01	2.70e-01	3.15e-01	1.84e-01	4.21e-02	9.77e-03	6.29e-03	3.03e-04	4.81e-06
 4.40602e+22	6.70e-26	3.56e-13	1.85e-10	6.22e-09	8.82e-08	9.57e-07	3.84e-04	1.81e-02	1.64e-01	2.76e-01	3.11e-01	1.76e-01	3.90e-02	8.82e-03	5.51e-03	2.54e-04	3.86e-06
 4.48950e+22	9.13e-26	4.80e-13	2.41e-10	7.82e-09	1.07e-07	1.12e-06	4.30e-04	1.97e-02	1.73e-01	2.81e-01	3.06e-01	1.70e-01	3.63e-02	8.02e-03	4.87e-03	2.15e-04	3.14e-06
 4.58116e+22	1.36e-25	7.04e-13	3.40e-10	1.05e-08	1.37e-07	1.37e-06	4.99e-04	2.20e-02	1.85e-01	2.87e-01	3.00e-01	1.61e-01	3.31e-02	7.08e-03	4.13e-03	1.73e-04	2.40e-06
 4.67426e+22	1.86e-25	9.64e-13	4.49e-10	1.33e-08	1.67e-07	1.62e-06	5.65e-04	2.41e-02	1.95e-01	2.92e-01	2.94e-01	1.53e-01	3.05e-02	6.38e-03	3.61e-03	1.45e-04	1.92e-06
 4.76731e+22	2.73e-25	1.42e-12	6.34e-10	1.80e-08	2.15e-07	2.00e-06	6.58e-04	2.70e-02	2.08e-01	2.97e-01	2.86e-01	1.44e-01	2.76e-02	5.59e-03	3.04e-03	1.15e-04	1.45e-06
 4.86092e+22	3.72e-25	1.94e-12	8.38e-10	2.29e-08	2.64e-07	2.38e-06	7.46e-04	2.95e-02	2.19e-01	3.00e-01	2.80e-01	1.37e-01	2.54e-02	5.01e-03	2.64e-03	9.59e-05	1.15e-06
 4.94059e+22	4.87e-25	2.57e-12	1.08e-09	2.86e-08	3.18e-07	2.78e-06	8.37e-04	3.21e-02	2.30e-01	3.03e-01	2.73e-01	1.31e-01	2.35e-02	4.54e-03	2.32e-03	8.08e-05	9.32e-07
 5.02672e+22	6.83e-25	3.68e-12	1.48e-09	3.78e-08	4.04e-07	3.40e-06	9.71e-04	3.57e-02	2.43e-01	3.06e-01	2.64e-01	1.23e-01	2.12e-02	3.98e-03	1.96e-03	6.47e-05	7.08e-07
 5.11373e+22	8.92e-25	4.88e-12	1.92e-09	4.74e-08	4.90e-07	4.01e-06	1.10e-03	3.89e-02	2.54e-01	3.07e-01	2.57e-01	1.16e-01	1.94e-02	3.57e-03	1.71e-03	5.40e-05	5.67e-07
 5.19869e+22	1.21e-24	6.83e-12	2.59e-09	6.19e-08	6.18e-07	4.89e-06	1.27e-03	4.31e-02	2.68e-01	3.09e-01	2.48e-01	1.09e-01	1.75e-02	3.14e-03	1.44e-03	4.34e-05	4.32e-07
 5.28539e+22	1.57e-24	9.13e-12	3.37e-09	7.82e-08	7.57e-07	5.82e-06	1.44e-03	4.71e-02	2.80e-01	3.09e-01	2.39e-01	1.03e-01	1.59e-02	2.79e-03	1.24e-03	3.57e-05	3.40e-07
 5.37039e+22	2.05e-24	1.25e-11	4.49e-09	1.01e-07	9.47e-07	7.07e-06	1.66e-03	5.21e-02	2.94e-01	3.09e-01	2.30e-01	9.56e-02	1.43e-02	2.44e-03	1.05e-03	2.87e-05	2.60e-07
 5.45716e+22	2.62e-24	1.68e-11	5.86e-09	1.29e-07	1.17e-06	8.49e-06	1.90e-03	5.72e-02	3.07e-01	3.08e-01	2.20e-01	8.92e-02	1.29e-02	2.15e-03	8.91e-04	2.32e-05	2.01e-07
 5.54300e+22	3.34e-24	2.26e-11	7.68e-09	1.65e-07	1.45e-06	1.03e-05	2.18e-03	6.30e-02	3.20e-01	3.07e-01	2.11e-01	8.28e-02	1.15e-02	1.88e-03	7.51e-04	1.86e-05	1.54e-07
 5.62929e+22	4.20e-24	2.99e-11	9.97e-09	2.09e-07	1.80e-06	1.24e-05	2.50e-03	6.92e-02	3.33e-01	3.05e-01	2.01e-01	7.67e-02	1.03e-02	1.64e-03	6.33e-04	1.50e-05	1.18e-07
 5.71459e+22	5.22e-24	3.94e-11	1.29e-08	2.64e-07	2.21e-06	1.49e-05	2.87e-03	7.59e-02	3.46e-01	3.02e-01	1.91e-01	7.09e-02	9.17e-03	1.43e-03	5.33e-04	1.20e-05	0.00e+00
 5.79975e+22	6.42e-24	5.14e-11	1.65e-08	3.33e-07	2.72e-06	1.79e-05	3.28e-03	8.32e-02	3.59e-01	2.98e-01	1.81e-01	6.53e-02	8.15e-03	1.24e-03	4.47e-04	9.60e-06	0.00e+00
 5.88505e+22	7.84e-24	6.66e-11	2.10e-08	4.19e-07	3.34e-06	2.16e-05	3.75e-03	9.10e-02	3.71e-01	2.93e-01	1.72e-01	6.00e-02	7.22e-03	1.08e-03	3.74e-04	7.65e-06	0.00e+00
 5.97069e+22	9.48e-24	8.57e-11	2.67e-08	5.24e-07	4.10e-06	2.59e-05	4.28e-03	9.94e-02	3.83e-01	2.88e-01	1.62e-01	5.49e-02	6.38e-03	9.31e-04	3.12e-04	6.08e-06	0.00e+00
 6.05683e+22	1.14e-23	1.09e-10	3.37e-08	6.55e-07	5.01e-06	3.11e-05	4.88e-03	1.08e-01	3.95e-01	2.83e-01	1.52e-01	5.01e-02	5.62e-03	8.01e-04	2.59e-04	4.82e-06	0.00e+00
 6.14376e+22	1.36e-23	1.39e-10	4.23e-08	8.15e-07	6.12e-06	3.73e-05	5.57e-03	1.18e-01	4.06e-01	2.76e-01	1.43e-01	4.56e-02	4.93e-03	6.86e-04	2.15e-04	3.80e-06	0.00e+00
 6.23171e+22	1.62e-23	1.75e-10	5.30e-08	1.01e-06	7.45e-06	4.47e-05	6.34e-03	1.28e-01	4.16e-01	2.70e-01	1.33e-01	4.12e-02	4.30e-03	5.86e-04	1.77e-04	2.98e-06	0.00e+00
 6.32012e+22	1.92e-23	2.18e-10	6.58e-08	1.25e-06	9.04e-06	5.33e-05	7.20e-03	1.39e-01	4.25e-01	2.62e-01	1.24e-01	3.73e-02	3.76e-03	4.99e-04	1.46e-04	2.34e-06	0.00e+00
 6.40997e+22	2.28e-23	2.72e-10	8.18e-08	1.55e-06	1.10e-05	6.39e-05	8.19e-03	1.51e-01	4.34e-01	2.54e-01	1.15e-01	3.35e-02	3.25e-03	4.22e-04	1.19e-04	1.82e-06	0.00e+00
 6.50087e+22	2.70e-23	3.35e-10	1.01e-07	1.90e-06	1.33e-05	7.61e-05	9.26e-03	1.63e-01	4.41e-01	2.46e-01	1.07e-01	3.00e-02	2.82e-03	3.57e-04	9.74e-05	1.42e-06	0.00e+00
 6.59353e+22	3.99e-23	4.14e-10	1.24e-07	2.34e-06	1.61e-05	9.11e-05	1.05e-02	1.76e-01	4.48e-01	2.37e-01	9.85e-02	2.67e-02	2.42e-03	2.99e-04	7.87e-05	1.09e-06	0.00e+00
 6.67976e+22	4.61e-23	4.88e-10	1.47e-07	2.77e-06	1.88e-05	1.05e-04	1.16e-02	1.87e-01	4.53e-01	2.29e-01	9.20e-02	2.43e-02	2.14e-03	2.58e-04	6.62e-05	8.78e-07	0.00e+00
 6.76834e+22	5.51e-23	5.98e-10	1.81e-07	3.42e-06	2.28e-05	1.26e-04	1.32e-02	2.02e-01	4.57e-01	2.20e-01	8.40e-02	2.14e-02	1.82e-03	2.13e-04	5.28e-05	6.65e-07	0.00e+00
 6.85839e+22	6.41e-23	7.01e-10	2.14e-07	4.03e-06	2.66e-05	1.46e-04	1.46e-02	2.14e-01	4.60e-01	2.12e-01	7.81e-02	1.94e-02	1.59e-03	1.83e-04	4.41e-05	5.33e-07	0.00e+00
 6.95087e+22	7.70e-23	8.52e-10	2.62e-07	4.96e-06	3.23e-05	1.75e-04	1.65e-02	2.30e-01	4.63e-01	2.01e-01	7.06e-02	1.69e-02	1.34e-03	1.50e-04	3.47e-05	3.97e-07	0.00e+00
 7.04391e+22	9.00e-23	9.92e-10	3.07e-07	5.81e-06	3.73e-05	2.01e-04	1.81e-02	2.42e-01	4.64e-01	1.94e-01	6.55e-02	1.52e-02	1.17e-03	1.28e-04	2.90e-05	3.18e-07	0.00e+00
 7.13769e+22	1.09e-22	1.19e-09	3.73e-07	7.10e-06	4.49e-05	2.40e-04	2.05e-02	2.59e-01	4.64e-01	1.83e-01	5.91e-02	1.32e-02	9.85e-04	1.04e-04	2.28e-05	2.37e-07	0.00e+00
 7.23201e+22	1.27e-22	1.38e-09	4.34e-07	8.26e-06	5.17e-05	2.74e-04	2.24e-02	2.71e-01	4.63e-01	1.76e-01	5.45e-02	1.19e-02	8.60e-04	8.90e-05	1.90e-05	1.89e-07	0.00e+00
 7.32706e+22	1.54e-22	1.64e-09	5.24e-07	1.00e-05	6.18e-05	3.25e-04	2.51e-02	2.88e-01	4.61e-01	1.66e-01	4.90e-02	1.03e-02	7.18e-04	7.22e-05	1.49e-05	1.40e-07	0.00e+00
 7.42290e+22	1.81e-22	1.88e-09	6.07e-07	1.16e-05	7.09e-05	3.70e-04	2.74e-02	3.01e-01	4.58e-01	1.58e-01	4.50e-02	9.21e-03	6.25e-04	6.14e-05	1.23e-05	0.00e+00	0.00e+00
 7.51976e+22	2.20e-22	2.22e-09	7.29e-07	1.40e-05	8.43e-05	4.38e-04	3.06e-02	3.18e-01	4.53e-01	1.48e-01	4.03e-02	7.95e-03	5.20e-04	4.96e-05	9.63e-06	0.00e+00	0.00e+00
 7.61785e+22	2.58e-22	2.53e-09	8.42e-07	1.62e-05	9.64e-05	4.97e-04	3.32e-02	3.32e-01	4.49e-01	1.41e-01	3.69e-02	7.08e-03	4.51e-04	4.19e-05	7.94e-06	0.00e+00	0.00e+00
 7.71755e+22	3.15e-22	2.98e-09	1.01e-06	1.95e-05	1.14e-04	5.86e-04	3.70e-02	3.49e-01	4.42e-01	1.32e-01	3.28e-02	6.07e-03	3.73e-04	3.37e-05	6.16e-06	0.00e+00	0.00e+00
 7.81888e+22	3.71e-22	3.41e-09	1.16e-06	2.26e-05	1.31e-04	6.66e-04	4.02e-02	3.62e-01	4.37e-01	1.25e-01	2.99e-02	5.38e-03	3.21e-04	2.83e-05	5.05e-06	0.00e+00	0.00e+00
 7.92232e+22	4.56e-22	4.00e-09	1.39e-06	2.72e-05	1.54e-04	7.84e-04	4.46e-02	3.80e-01	4.28e-01	1.16e-01	2.64e-02	4.58e-03	2.64e-04	2.25e-05	3.89e-06	0.00e+00	0.00e+00
 8.02797e+22	5.42e-22	4.58e-09	1.61e-06	3.14e-05	1.76e-04	8.90e-04	4.83e-02	3.93e-01	4.20e-01	1.09e-01	2.40e-02	4.03e-03	2.26e-04	1.88e-05	3.16e-06	0.00e+00	0.00e+00
 8.13649e+22	6.70e-22	5.39e-09	1.94e-06	3.79e-05	2.09e-04	1.05e-03	5.36e-02	4.10e-01	4.10e-01	1.00e-01	2.10e-02	3.41e-03	1.84e-04	1.48e-05	2.41e-06	0.00e+00	0.00e+00
 8.24778e+22	8.04e-22	6.20e-09	2.25e-06	4.40e-05	2.39e-04	1.19e-03	5.80e-02	4.24e-01	4.01e-01	9.40e-02	1.89e-02	2.98e-03	1.56e-04	1.22e-05	1.93e-06	0.00e+00	0.00e+00
 8.36267e+22	1.00e-21	7.33e-09	2.72e-06	5.31e-05	2.83e-04	1.41e-03	6.43e-02	4.41e-01	3.88e-01	8.60e-02	1.64e-02	2.49e-03	1.25e-04	9.48e-06	1.45e-06	0.00e+00	0.00e+00
 8.47076e+22	1.18e-21	8.29e-09	3.09e-06	6.02e-05	3.16e-04	1.56e-03	6.85e-02	4.51e-01	3.80e-01	8.12e-02	1.50e-02	2.21e-03	1.09e-04	8.06e-06	1.20e-06	0.00e+00	0.00e+00
 8.57002e+22	1.43e-21	9.59e-09	3.63e-06	7.06e-05	3.64e-04	1.79e-03	7.44e-02	4.64e-01	3.69e-01	7.50e-02	1.33e-02	1.90e-03	9.01e-05	6.49e-06	9.41e-07	0.00e+00	0.00e+00
 8.66848e+22	1.68e-21	1.08e-08	4.11e-06	7.96e-05	4.04e-04	1.98e-03	7.90e-02	4.74e-01	3.60e-01	7.08e-02	1.21e-02	1.69e-03	7.84e-05	5.53e-06	7.84e-07	0.00e+00	0.00e+00
 8.76589e+22	2.00e-21	1.23e-08	4.78e-06	9.26e-05	4.62e-04	2.26e-03	8.55e-02	4.86e-01	3.48e-01	6.53e-02	1.07e-02	1.45e-03	6.50e-05	4.45e-06	6.13e-07	0.00e+00	0.00e+00
 8.86388e+22	2.36e-21	1.39e-08	5.42e-06	1.04e-04	5.12e-04	2.49e-03	9.05e-02	4.95e-01	3.39e-01	6.14e-02	9.78e-03	1.29e-03	5.64e-05	3.79e-06	5.11e-07	0.00e+00	0.00e+00
 8.96261e+22	2.85e-21	1.61e-08	6.32e-06	1.21e-04	5.83e-04	2.83e-03	9.75e-02	5.05e-01	3.27e-01	5.66e-02	8.64e-03	1.10e-03	4.68e-05	3.06e-06	4.00e-07	0.00e+00	0.00e+00
 9.06315e+22	3.38e-21	1.82e-08	7.19e-06	1.37e-04	6.47e-04	3.12e-03	1.03e-01	5.13e-01	3.18e-01	5.31e-02	7.85e-03	9.77e-04	4.04e-05	2.59e-06	3.31e-07	0.00e+00	0.00e+00
 9.16604e+22	4.12e-21	2.12e-08	8.44e-06	1.60e-04	7.38e-04	3.54e-03	1.11e-01	5.23e-01	3.05e-01	4.86e-02	6.89e-03	8.31e-04	3.32e-05	2.07e-06	2.57e-07	0.00e+00	0.00e+00
 9.27037e+22	4.93e-21	2.42e-08	9.65e-06	1.80e-04	8.18e-04	3.90e-03	1.17e-01	5.30e-01	2.96e-01	4.54e-02	6.24e-03	7.33e-04	2.86e-05	1.74e-06	2.11e-07	0.00e+00	0.00e+00
 9.37659e+22	6.05e-21	2.83e-08	1.14e-05	2.11e-04	9.33e-04	4.43e-03	1.26e-01	5.38e-01	2.83e-01	4.14e-02	5.45e-03	6.19e-04	2.34e-05	1.38e-06	1.63e-07	0.00e+00	0.00e+00
 9.48464e+22	7.32e-21	3.26e-08	1.30e-05	2.39e-04	1.04e-03	4.88e-03	1.33e-01	5.44e-01	2.73e-01	3.85e-02	4.91e-03	5.44e-04	2.00e-05	1.16e-06	1.33e-07	0.00e+00	0.00e+00
 9.59506e+22	9.10e-21	3.84e-08	1.55e-05	2.80e-04	1.18e-03	5.55e-03	1.43e-01	5.51e-01	2.60e-01	3.49e-02	4.26e-03	4.56e-04	1.62e-05	9.11e-07	0.00e+00	0.00e+00	0.00e+00
 9.70820e+22	1.11e-20	4.46e-08	1.79e-05	3.19e-04	1.31e-03	6.11e-03	1.50e-01	5.56e-01	2.50e-01	3.23e-02	3.81e-03	3.98e-04	1.37e-05	7.56e-07	0.00e+00	0.00e+00	0.00e+00
 9.82488e+22	1.41e-20	5.34e-08	2.14e-05	3.77e-04	1.51e-03	6.96e-03	1.61e-01	5.61e-01	2.36e-01	2.91e-02	3.28e-03	3.30e-04	1.10e-05	5.88e-07	0.00e+00	0.00e+00	0.00e+00
 9.94426e+22	1.74e-20	6.26e-08	2.49e-05	4.31e-04	1.68e-03	7.69e-03	1.70e-01	5.64e-01	2.26e-01	2.68e-02	2.92e-03	2.85e-04	9.23e-06	4.82e-07	0.00e+00	0.00e+00	0.00e+00
 1.00672e+23	2.27e-20	7.63e-08	3.02e-05	5.12e-04	1.93e-03	8.76e-03	1.82e-01	5.67e-01	2.13e-01	2.39e-02	2.49e-03	2.35e-04	7.33e-06	3.71e-07	0.00e+00	0.00e+00	0.00e+00
 1.01914e+23	2.84e-20	9.04e-08	3.53e-05	5.87e-04	2.15e-03	9.65e-03	1.91e-01	5.69e-01	2.03e-01	2.19e-02	2.21e-03	2.02e-04	6.13e-06	3.03e-07	0.00e+00	0.00e+00	0.00e+00
 1.03175e+23	3.72e-20	1.11e-07	4.29e-05	6.99e-04	2.46e-03	1.10e-02	2.04e-01	5.70e-01	1.90e-01	1.95e-02	1.87e-03	1.66e-04	4.82e-06	2.32e-07	0.00e+00	0.00e+00	0.00e+00
 1.04450e+23	4.72e-20	1.32e-07	5.04e-05	8.03e-04	2.74e-03	1.21e-02	2.14e-01	5.70e-01	1.81e-01	1.78e-02	1.65e-03	1.42e-04	4.02e-06	1.89e-07	0.00e+00	0.00e+00	0.00e+00
 1.05743e+23	6.28e-20	1.64e-07	6.17e-05	9.56e-04	3.14e-03	1.37e-02	2.28e-01	5.68e-01	1.68e-01	1.58e-02	1.40e-03	1.16e-04	3.15e-06	1.43e-07	0.00e+00	0.00e+00	0.00e+00
 1.07006e+23	7.92e-20	1.95e-07	7.19e-05	1.09e-03	3.47e-03	1.49e-02	2.38e-01	5.66e-01	1.60e-01	1.45e-02	1.24e-03	9.99e-05	2.65e-06	1.18e-07	0.00e+00	0.00e+00	0.00e+00
 1.08231e+23	1.04e-19	2.40e-07	8.70e-05	1.28e-03	3.94e-03	1.68e-02	2.52e-01	5.63e-01	1.49e-01	1.28e-02	1.06e-03	8.22e-05	2.10e-06	0.00e+00	0.00e+00	0.00e+00	0.00e+00
 1.09501e+23	1.35e-19	2.90e-07	1.03e-04	1.47e-03	4.37e-03	1.84e-02	2.63e-01	5.59e-01	1.41e-01	1.17e-02	9.29e-04	7.02e-05	1.74e-06	0.00e+00	0.00e+00	0.00e+00	0.00e+00
 1.10585e+23	1.25e-19	3.40e-07	1.18e-04	1.66e-03	4.78e-03	1.99e-02	2.72e-01	5.56e-01	1.34e-01	1.07e-02	8.28e-04	6.09e-05	1.47e-06	0.00e+00	0.00e+00	0.00e+00	0.00e+00
 1.11749e+23	1.63e-19	4.17e-07	1.42e-04	1.94e-03	5.36e-03	2.20e-02	2.86e-01	5.50e-01	1.25e-01	9.56e-03	7.10e-04	5.06e-05	1.18e-06	0.00e+00	0.00e+00	0.00e+00	0.00e+00
 1.12916e+23	2.04e-19	4.91e-07	1.64e-04	2.18e-03	5.86e-03	2.38e-02	2.96e-01	5.45e-01	1.18e-01	8.75e-03	6.31e-04	4.38e-05	9.98e-07	0.00e+00	0.00e+00	0.00e+00	0.00e+00
 1.14086e+23	2.69e-19	6.05e-07	1.96e-04	2.53e-03	6.54e-03	2.62e-02	3.08e-01	5.38e-01	1.10e-01	7.83e-03	5.44e-04	3.66e-05	8.07e-07	0.00e+00	0.00e+00	0.00e+00	0.00e+00
 1.15304e+23	3.43e-19	7.25e-07	2.30e-04	2.89e-03	7.21e-03	2.86e-02	3.20e-01	5.30e-01	1.03e-01	7.06e-03	4.75e-04	3.10e-05	6.65e-07	0.00e+00	0.00e+00	0.00e+00	0.00e+00
 1.16390e+23	4.34e-19	8.63e-07	2.67e-04	3.26e-03	7.87e-03	3.08e-02	3.30e-01	5.24e-01	9.74e-02	6.44e-03	4.20e-04	2.68e-05	5.59e-07	0.00e+00	0.00e+00	0.00e+00	0.00e+00
 1.17609e+23	7.91e-19	1.07e-06	3.21e-04	3.80e-03	8.79e-03	3.38e-02	3.43e-01	5.14e-01	9.03e-02	5.72e-03	3.60e-04	2.22e-05	4.48e-07	0.00e+00	0.00e+00	0.00e+00	0.00e+00
 1.18894e+23	1.04e-18	1.31e-06	3.81e-04	4.36e-03	9.71e-03	3.68e-02	3.55e-01	5.05e-01	8.41e-02	5.12e-03	3.11e-04	1.86e-05	3.65e-07	0.00e+00	0.00e+00	0.00e+00	0.00e+00
 1.20063e+23	1.35e-18	1.58e-06	4.46e-04	4.95e-03	1.06e-02	3.97e-02	3.65e-01	4.95e-01	7.85e-02	4.62e-03	2.72e-04	1.58e-05	3.01e-07	0.00e+00	0.00e+00	0.00e+00	0.00e+00
 1.21383e+23	1.87e-18	2.01e-06	5.45e-04	5.82e-03	1.19e-02	4.37e-02	3.79e-01	4.83e-01	7.20e-02	4.05e-03	2.29e-04	1.29e-05	2.37e-07	0.00e+00	0.00e+00	0.00e+00	0.00e+00
 1.22743e+23	1.82e-18	2.47e-06	6.48e-04	6.69e-03	1.32e-02	4.75e-02	3.90e-01	4.71e-01	6.65e-02	3.60e-03	1.97e-04	1.07e-05	1.91e-07	0.00e+00	0.00e+00	0.00e+00	0.00e+00
 1.23952e+23	2.39e-18	3.00e-06	7.62e-04	7.61e-03	1.44e-02	5.12e-02	4.01e-01	4.60e-01	6.17e-02	3.22e-03	1.70e-04	9.04e-06	1.56e-07	0.00e+00	0.00e+00	0.00e+00	0.00e+00
 1.25318e+23	3.37e-18	3.84e-06	9.35e-04	8.95e-03	1.61e-02	5.61e-02	4.13e-01	4.46e-01	5.61e-02	2.80e-03	1.42e-04	7.29e-06	1.22e-07	0.00e+00	0.00e+00	0.00e+00	0.00e+00
 1.26736e+23	4.57e-18	4.78e-06	1.12e-03	1.03e-02	1.78e-02	6.08e-02	4.24e-01	4.32e-01	5.14e-02	2.47e-03	1.21e-04	6.00e-06	0.00e+00	0.00e+00	0.00e+00	0.00e+00	0.00e+00
 1.28008e+23	6.11e-18	5.87e-06	1.32e-03	1.18e-02	1.95e-02	6.55e-02	4.34e-01	4.19e-01	4.72e-02	2.19e-03	1.04e-04	5.00e-06	0.00e+00	0.00e+00	0.00e+00	0.00e+00	0.00e+00
 1.29449e+23	8.87e-18	7.63e-06	1.64e-03	1.39e-02	2.18e-02	7.17e-02	4.45e-01	4.02e-01	4.24e-02	1.88e-03	8.53e-05	3.95e-06	0.00e+00	0.00e+00	0.00e+00	0.00e+00	0.00e+00
 1.30938e+23	1.22e-17	9.55e-06	1.97e-03	1.60e-02	2.40e-02	7.74e-02	4.54e-01	3.86e-01	3.85e-02	1.64e-03	7.19e-05	3.23e-06	0.00e+00	0.00e+00	0.00e+00	0.00e+00	0.00e+00
 1.32489e+23	1.83e-17	1.26e-05	2.46e-03	1.91e-02	2.70e-02	8.49e-02	4.64e-01	3.67e-01	3.40e-02	1.39e-03	5.80e-05	2.50e-06	0.00e+00	0.00e+00	0.00e+00	0.00e+00	0.00e+00
 1.34057e+23	2.55e-17	1.59e-05	2.96e-03	2.20e-02	2.96e-02	9.13e-02	4.71e-01	3.51e-01	3.07e-02	1.20e-03	4.84e-05	2.02e-06	0.00e+00	0.00e+00	0.00e+00	0.00e+00	0.00e+00
 1.35436e+23	3.54e-17	1.98e-05	3.53e-03	2.51e-02	3.24e-02	9.76e-02	4.77e-01	3.36e-01	2.77e-02	1.05e-03	4.08e-05	1.65e-06	0.00e+00	0.00e+00	0.00e+00	0.00e+00	0.00e+00
 1.37015e+23	5.40e-17	2.63e-05	4.43e-03	2.98e-02	3.62e-02	1.07e-01	4.83e-01	3.15e-01	2.41e-02	8.70e-04	3.22e-05	1.25e-06	0.00e+00	0.00e+00	0.00e+00	0.00e+00	0.00e+00
 1.38611e+23	7.57e-17	3.29e-05	5.29e-03	3.41e-02	3.94e-02	1.14e-01	4.86e-01	2.99e-01	2.16e-02	7.51e-04	2.68e-05	1.01e-06	0.00e+00	0.00e+00	0.00e+00	0.00e+00	0.00e+00
 1.40229e+23	1.17e-16	4.37e-05	6.61e-03	4.03e-02	4.38e-02	1.23e-01	4.89e-01	2.78e-01	1.87e-02	6.22e-04	2.12e-05	7.66e-07	0.00e+00	0.00e+00	0.00e+00	0.00e+00	0.00e+00
 1.41877e+23	1.68e-16	5.52e-05	7.93e-03	4.61e-02	4.77e-02	1.31e-01	4.89e-01	2.61e-01	1.65e-02	5.29e-04	1.73e-05	6.06e-07	0.00e+00	0.00e+00	0.00e+00	0.00e+00	0.00e+00
 1.43342e+23	2.40e-16	6.92e-05	9.46e-03	5.26e-02	5.16e-02	1.39e-01	4.88e-01	2.44e-01	1.45e-02	4.51e-04	1.42e-05	4.80e-07	0.00e+00	0.00e+00	0.00e+00	0.00e+00	0.00e+00
 1.45027e+23	3.83e-16	9.23e-05	1.18e-02	6.18e-02	5.70e-02	1.49e-01	4.84e-01	2.24e-01	1.23e-02	3.66e-04	1.09e-05	3.56e-07	0.00e+00	0.00e+00	0.00e+00	0.00e+00	0.00e+00
 1.46738e+23	5.62e-16	1.16e-04	1.41e-02	7.03e-02	6.15e-02	1.57e-01	4.79e-01	2.07e-01	1.07e-02	3.08e-04	8.81e-06	2.78e-07	0.00e+00	0.00e+00	0.00e+00	0.00e+00	0.00e+00
 1.48484e+23	9.29e-16	1.56e-04	1.76e-02	8.24e-02	6.75e-02	1.67e-01	4.70e-01	1.87e-01	8.90e-03	2.45e-04	6.66e-06	2.02e-07	0.00e+00	0.00e+00	0.00e+00	0.00e+00	0.00e+00
 1.50247e+23	1.39e-15	1.95e-04	2.09e-02	9.31e-02	7.23e-02	1.74e-01	4.60e-01	1.71e-01	7.65e-03	2.04e-04	5.31e-06	1.56e-07	0.00e+00	0.00e+00	0.00e+00	0.00e+00	0.00e+00
 1.52033e+23	2.38e-15	2.60e-04	2.60e-02	1.08e-01	7.85e-02	1.83e-01	4.46e-01	1.52e-01	6.26e-03	1.61e-04	3.94e-06	0.00e+00	0.00e+00	0.00e+00	0.00e+00	0.00e+00	0.00e+00
 1.53783e+23	3.58e-15	3.20e-04	3.04e-02	1.20e-01	8.31e-02	1.89e-01	4.33e-01	1.38e-01	5.37e-03	1.34e-04	3.15e-06	0.00e+00	0.00e+00	0.00e+00	0.00e+00	0.00e+00	0.00e+00
 1.55487e+23	6.26e-15	4.17e-04	3.69e-02	1.37e-01	8.89e-02	1.96e-01	4.14e-01	1.22e-01	4.37e-03	1.05e-04	2.34e-06	0.00e+00	0.00e+00	0.00e+00	0.00e+00	0.00e+00	0.00e+00
 1.57135e+23	9.53e-15	5.01e-04	4.22e-02	1.50e-01	9.28e-02	2.00e-01	4.00e-01	1.11e-01	3.77e-03	8.84e-05	1.89e-06	0.00e+00	0.00e+00	0.00e+00	0.00e+00	0.00e+00	0.00e+00
 1.58711e+23	1.65e-14	6.30e-04	4.98e-02	1.67e-01	9.77e-02	2.04e-01	3.80e-01	9.73e-02	3.09e-03	7.03e-05	1.43e-06	0.00e+00	0.00e+00	0.00e+00	0.00e+00	0.00e+00	0.00e+00
 1.60292e+23	2.86e-14	7.53e-04	5.66e-02	1.81e-01	1.01e-01	2.07e-01	3.63e-01	8.76e-02	2.64e-03	5.85e-05	1.14e-06	0.00e+00	0.00e+00	0.00e+00	0.00e+00	0.00e+00	0.00e+00
 1.61877e+23	5.78e-14	9.39e-04	6.63e-02	2.00e-01	1.05e-01	2.09e-01	3.40e-01	7.59e-02	2.13e-03	4.59e-05	8.52e-07	0.00e+00	0.00e+00	0.00e+00	0.00e+00	0.00e+00	0.00e+00
 1.63495e+23	1.32e-13	1.12e-03	7.50e-02	2.16e-01	1.08e-01	2.09e-01	3.21e-01	6.73e-02	1.78e-03	3.76e-05	6.67e-07	0.00e+00	0.00e+00	0.00e+00	0.00e+00	0.00e+00	0.00e+00
 1.65156e+23	3.56e-13	1.39e-03	8.71e-02	2.36e-01	1.12e-01	2.09e-01	2.97e-01	5.73e-02	1.41e-03	2.90e-05	4.87e-07	0.00e+00	0.00e+00	0.00e+00	0.00e+00	0.00e+00	0.00e+00
 1.66838e+23	2.21e-12	1.65e-03	9.80e-02	2.52e-01	1.14e-01	2.07e-01	2.77e-01	4.99e-02	1.16e-03	2.33e-05	3.74e-07	0.00e+00	0.00e+00	0.00e+00	0.00e+00	0.00e+00	0.00e+00
 1.68322e+23	7.13e-12	1.95e-03	1.09e-01	2.68e-01	1.15e-01	2.04e-01	2.57e-01	4.35e-02	9.57e-04	1.88e-05	2.88e-07	0.00e+00	0.00e+00	0.00e+00	0.00e+00	0.00e+00	0.00e+00
 1.70027e+23	5.04e-11	2.38e-03	1.25e-01	2.87e-01	1.16e-01	2.00e-01	2.32e-01	3.61e-02	7.41e-04	1.41e-05	2.04e-07	0.00e+00	0.00e+00	0.00e+00	0.00e+00	0.00e+00	0.00e+00
 1.71759e+23	1.75e-09	2.80e-03	1.39e-01	3.03e-01	1.17e-01	1.95e-01	2.13e-01	3.08e-02	5.95e-04	1.11e-05	1.53e-07	0.00e+00	0.00e+00	0.00e+00	0.00e+00	0.00e+00	0.00e+00
 1.73149e+23	8.70e-09	3.19e-03	1.51e-01	3.15e-01	1.17e-01	1.90e-01	1.97e-01	2.69e-02	4.96e-04	9.12e-06	0.00e+00	0.00e+00	0.00e+00	0.00e+00	0.00e+00	0.00e+00	0.00e+00
 1.74581e+23	4.84e-08	3.71e-03	1.66e-01	3.29e-01	1.16e-01	1.84e-01	1.79e-01	2.28e-02	3.98e-04	7.16e-06	0.00e+00	0.00e+00	0.00e+00	0.00e+00	0.00e+00	0.00e+00	0.00e+00
 1.76056e+23	7.50e-08	4.20e-03	1.79e-01	3.40e-01	1.15e-01	1.78e-01	1.64e-01	1.97e-02	3.27e-04	5.79e-06	0.00e+00	0.00e+00	0.00e+00	0.00e+00	0.00e+00	0.00e+00	0.00e+00
 1.77379e+23	9.75e-08	4.74e-03	1.93e-01	3.49e-01	1.14e-01	1.72e-01	1.50e-01	1.70e-02	2.69e-04	4.69e-06	0.00e+00	0.00e+00	0.00e+00	0.00e+00	0.00e+00	0.00e+00	0.00e+00
 1.78888e+23	1.27e-07	5.49e-03	2.11e-01	3.61e-01	1.12e-01	1.63e-01	1.34e-01	1.41e-02	2.10e-04	3.59e-06	0.00e+00	0.00e+00	0.00e+00	0.00e+00	0.00e+00	0.00e+00	0.00e+00
 1.80409e+23	1.57e-07	6.17e-03	2.25e-01	3.69e-01	1.10e-01	1.56e-01	1.21e-01	1.20e-02	1.70e-04	2.86e-06	0.00e+00	0.00e+00	0.00e+00	0.00e+00	0.00e+00	0.00e+00	0.00e+00
 1.81739e+23	1.95e-07	6.90e-03	2.40e-01	3.76e-01	1.08e-01	1.49e-01	1.09e-01	1.02e-02	1.39e-04	2.29e-06	0.00e+00	0.00e+00	0.00e+00	0.00e+00	0.00e+00	0.00e+00	0.00e+00
 1.83259e+23	2.44e-07	7.90e-03	2.59e-01	3.83e-01	1.05e-01	1.40e-01	9.63e-02	8.33e-03	1.07e-04	1.73e-06	0.00e+00	0.00e+00	0.00e+00	0.00e+00	0.00e+00	0.00e+00	0.00e+00
 1.84806e+23	2.96e-07	8.82e-03	2.75e-01	3.88e-01	1.02e-01	1.33e-01	8.62e-02	7.00e-03	8.56e-05	1.36e-06	0.00e+00	0.00e+00	0.00e+00	0.00e+00	0.00e+00	0.00e+00	0.00e+00
 1.86180e+23	3.61e-07	9.80e-03	2.91e-01	3.92e-01	9.94e-02	1.25e-01	7.71e-02	5.88e-03	6.87e-05	1.08e-06	0.00e+00	0.00e+00	0.00e+00	0.00e+00	0.00e+00	0.00e+00	0.00e+00
 1.87759e+23	4.44e-07	1.12e-02	3.11e-01	3.94e-01	9.55e-02	1.16e-01	6.67e-02	4.71e-03	5.19e-05	7.98e-07	0.00e+00	0.00e+00	0.00e+00	0.00e+00	0.00e+00	0.00e+00	0.00e+00
 1.89352e+23	5.30e-07	1.24e-02	3.28e-01	3.96e-01	9.22e-02	1.09e-01	5.91e-02	3.90e-03	4.11e-05	6.21e-07	0.00e+00	0.00e+00	0.00e+00	0.00e+00	0.00e+00	0.00e+00	0.00e+00
 1.90752e+23	6.36e-07	1.37e-02	3.45e-01	3.96e-01	8.88e-02	1.02e-01	5.23e-02	3.24e-03	3.26e-05	4.85e-07	0.00e+00	0.00e+00	0.00e+00	0.00e+00	0.00e+00	0.00e+00	0.00e+00
 1.92360e+23	7.71e-07	1.54e-02	3.65e-01	3.94e-01	8.46e-02	9.29e-02	4.48e-02	2.56e-03	2.44e-05	3.55e-07	0.00e+00	0.00e+00	0.00e+00	0.00e+00	0.00e+00	0.00e+00	0.00e+00
 1.93997e+23	9.13e-07	1.70e-02	3.83e-01	3.92e-01	8.09e-02	8.61e-02	3.92e-02	2.09e-03	1.90e-05	2.72e-07	0.00e+00	0.00e+00	0.00e+00	0.00e+00	0.00e+00	0.00e+00	0.00e+00
 1.95672e+23	1.12e-06	1.92e-02	4.04e-01	3.88e-01	7.64e-02	7.79e-02	3.31e-02	1.63e-03	1.40e-05	1.95e-07	0.00e+00	0.00e+00	0.00e+00	0.00e+00	0.00e+00	0.00e+00	0.00e+00
 1.97367e+23	1.32e-06	2.11e-02	4.21e-01	3.83e-01	7.27e-02	7.15e-02	2.87e-02	1.31e-03	1.08e-05	1.48e-07	0.00e+00	0.00e+00	0.00e+00	0.00e+00	0.00e+00	0.00e+00	0.00e+00
 1.99088e+23	1.61e-06	2.37e-02	4.43e-01	3.76e-01	6.82e-02	6.42e-02	2.40e-02	1.01e-03	7.84e-06	0.00e+00	0.00e+00	0.00e+00	0.00e+00	0.00e+00	0.00e+00	0.00e+00	0.00e+00
 2.00843e+23	1.90e-06	2.61e-02	4.60e-01	3.70e-01	6.44e-02	5.84e-02	2.06e-02	8.03e-04	5.98e-06	0.00e+00	0.00e+00	0.00e+00	0.00e+00	0.00e+00	0.00e+00	0.00e+00	0.00e+00
 2.02642e+23	2.31e-06	2.93e-02	4.81e-01	3.60e-01	6.00e-02	5.18e-02	1.70e-02	6.06e-04	4.27e-06	0.00e+00	0.00e+00	0.00e+00	0.00e+00	0.00e+00	0.00e+00	0.00e+00	0.00e+00
 2.04472e+23	2.72e-06	3.22e-02	4.98e-01	3.51e-01	5.64e-02	4.67e-02	1.45e-02	4.77e-04	3.22e-06	0.00e+00	0.00e+00	0.00e+00	0.00e+00	0.00e+00	0.00e+00	0.00e+00	0.00e+00
 2.06097e+23	3.22e-06	3.52e-02	5.15e-01	3.42e-01	5.30e-02	4.21e-02	1.24e-02	3.78e-04	2.44e-06	0.00e+00	0.00e+00	0.00e+00	0.00e+00	0.00e+00	0.00e+00	0.00e+00	0.00e+00
 2.07500e+23	3.56e-06	3.74e-02	5.26e-01	3.36e-01	5.06e-02	3.90e-02	1.10e-02	3.19e-04	2.00e-06	0.00e+00	0.00e+00	0.00e+00	0.00e+00	0.00e+00	0.00e+00	0.00e+00	0.00e+00
 2.08858e+23	4.13e-06	4.05e-02	5.41e-01	3.26e-01	4.76e-02	3.54e-02	9.47e-03	2.56e-04	1.55e-06	0.00e+00	0.00e+00	0.00e+00	0.00e+00	0.00e+00	0.00e+00	0.00e+00	0.00e+00
 2.10237e+23	4.61e-06	4.33e-02	5.52e-01	3.18e-01	4.53e-02	3.26e-02	8.37e-03	2.13e-04	1.25e-06	0.00e+00	0.00e+00	0.00e+00	0.00e+00	0.00e+00	0.00e+00	0.00e+00	0.00e+00
 2.11645e+23	5.32e-06	4.68e-02	5.66e-01	3.08e-01	4.25e-02	2.93e-02	7.16e-03	1.70e-04	9.62e-07	0.00e+00	0.00e+00	0.00e+00	0.00e+00	0.00e+00	0.00e+00	0.00e+00	0.00e+00
 2.13069e+23	5.98e-06	4.99e-02	5.77e-01	3.00e-01	4.03e-02	2.68e-02	6.30e-03	1.41e-04	7.75e-07	0.00e+00	0.00e+00	0.00e+00	0.00e+00	0.00e+00	0.00e+00	0.00e+00	0.00e+00
 2.14515e+23	6.91e-06	5.40e-02	5.90e-01	2.89e-01	3.76e-02	2.40e-02	5.34e-03	1.11e-04	5.90e-07	0.00e+00	0.00e+00	0.00e+00	0.00e+00	0.00e+00	0.00e+00	0.00e+00	0.00e+00
 2.15970e+23	7.78e-06	5.74e-02	6.00e-01	2.80e-01	3.55e-02	2.19e-02	4.69e-03	9.19e-05	4.75e-07	0.00e+00	0.00e+00	0.00e+00	0.00e+00	0.00e+00	0.00e+00	0.00e+00	0.00e+00
 2.17439e+23	8.92e-06	6.19e-02	6.13e-01	2.69e-01	3.31e-02	1.95e-02	3.98e-03	7.24e-05	3.62e-07	0.00e+00	0.00e+00	0.00e+00	0.00e+00	0.00e+00	0.00e+00	0.00e+00	0.00e+00
 2.18938e+23	1.00e-05	6.59e-02	6.22e-01	2.60e-01	3.12e-02	1.77e-02	3.46e-03	5.93e-05	2.88e-07	0.00e+00	0.00e+00	0.00e+00	0.00e+00	0.00e+00	0.00e+00	0.00e+00	0.00e+00
 2.20477e+23	1.16e-05	7.11e-02	6.34e-01	2.48e-01	2.90e-02	1.56e-02	2.92e-03	4.62e-05	2.18e-07	0.00e+00	0.00e+00	0.00e+00	0.00e+00	0.00e+00	0.00e+00	0.00e+00	0.00e+00
 2.22049e+23	1.30e-05	7.58e-02	6.42e-01	2.38e-01	2.71e-02	1.41e-02	2.52e-03	3.74e-05	1.71e-07	0.00e+00	0.00e+00	0.00e+00	0.00e+00	0.00e+00	0.00e+00	0.00e+00	0.00e+00
 2.23664e+23	1.51e-05	8.18e-02	6.53e-01	2.26e-01	2.50e-02	1.23e-02	2.10e-03	2.87e-05	1.27e-07	0.00e+00	0.00e+00	0.00e+00	0.00e+00	0.00e+00	0.00e+00	0.00e+00	0.00e+00
 2.25302e+23	1.70e-05	8.72e-02	6.61e-01	2.16e-01	2.33e-02	1.10e-02	1.80e-03	2.31e-05	0.00e+00	0.00e+00	0.00e+00	0.00e+00	0.00e+00	0.00e+00	0.00e+00	0.00e+00	0.00e+00
 2.26970e+23	1.97e-05	9.43e-02	6.70e-01	2.03e-01	2.14e-02	9.53e-03	1.48e-03	1.75e-05	0.00e+00	0.00e+00	0.00e+00	0.00e+00	0.00e+00	0.00e+00	0.00e+00	0.00e+00	0.00e+00
 2.28657e+23	2.23e-05	1.00e-01	6.77e-01	1.93e-01	1.99e-02	8.48e-03	1.27e-03	1.40e-05	0.00e+00	0.00e+00	0.00e+00	0.00e+00	0.00e+00	0.00e+00	0.00e+00	0.00e+00	0.00e+00
 2.30372e+23	2.57e-05	1.08e-01	6.84e-01	1.81e-01	1.82e-02	7.32e-03	1.04e-03	1.06e-05	0.00e+00	0.00e+00	0.00e+00	0.00e+00	0.00e+00	0.00e+00	0.00e+00	0.00e+00	0.00e+00
 2.32130e+23	2.92e-05	1.15e-01	6.90e-01	1.71e-01	1.68e-02	6.44e-03	8.82e-04	8.33e-06	0.00e+00	0.00e+00	0.00e+00	0.00e+00	0.00e+00	0.00e+00	0.00e+00	0.00e+00	0.00e+00
 2.33946e+23	3.38e-05	1.24e-01	6.96e-01	1.59e-01	1.52e-02	5.49e-03	7.17e-04	6.21e-06	0.00e+00	0.00e+00	0.00e+00	0.00e+00	0.00e+00	0.00e+00	0.00e+00	0.00e+00	0.00e+00
 2.35772e+23	3.83e-05	1.32e-01	6.99e-01	1.49e-01	1.40e-02	4.81e-03	6.04e-04	4.87e-06	0.00e+00	0.00e+00	0.00e+00	0.00e+00	0.00e+00	0.00e+00	0.00e+00	0.00e+00	0.00e+00
 2.37609e+23	4.45e-05	1.43e-01	7.03e-01	1.37e-01	1.26e-02	4.06e-03	4.86e-04	3.59e-06	0.00e+00	0.00e+00	0.00e+00	0.00e+00	0.00e+00	0.00e+00	0.00e+00	0.00e+00	0.00e+00
 2.39441e+23	5.01e-05	1.51e-01	7.05e-01	1.28e-01	1.16e-02	3.56e-03	4.11e-04	2.83e-06	0.00e+00	0.00e+00	0.00e+00	0.00e+00	0.00e+00	0.00e+00	0.00e+00	0.00e+00	0.00e+00
 2.41265e+23	5.80e-05	1.63e-01	7.07e-01	1.17e-01	1.04e-02	2.99e-03	3.30e-04	2.08e-06	0.00e+00	0.00e+00	0.00e+00	0.00e+00	0.00e+00	0.00e+00	0.00e+00	0.00e+00	0.00e+00
 2.43101e+23	6.51e-05	1.72e-01	7.07e-01	1.08e-01	9.59e-03	2.61e-03	2.78e-04	1.64e-06	0.00e+00	0.00e+00	0.00e+00	0.00e+00	0.00e+00	0.00e+00	0.00e+00	0.00e+00	0.00e+00
 2.44951e+23	7.55e-05	1.85e-01	7.06e-01	9.77e-02	8.57e-03	2.17e-03	2.21e-04	1.20e-06	0.00e+00	0.00e+00	0.00e+00	0.00e+00	0.00e+00	0.00e+00	0.00e+00	0.00e+00	0.00e+00
 2.46806e+23	8.49e-05	1.96e-01	7.04e-01	8.99e-02	7.83e-03	1.88e-03	1.85e-04	9.34e-07	0.00e+00	0.00e+00	0.00e+00	0.00e+00	0.00e+00	0.00e+00	0.00e+00	0.00e+00	0.00e+00
 2.48665e+23	9.82e-05	2.10e-01	7.01e-01	8.02e-02	6.96e-03	1.55e-03	1.46e-04	6.77e-07	0.00e+00	0.00e+00	0.00e+00	0.00e+00	0.00e+00	0.00e+00	0.00e+00	0.00e+00	0.00e+00
 2.50526e+23	1.10e-04	2.22e-01	6.97e-01	7.31e-02	6.34e-03	1.34e-03	1.22e-04	5.27e-07	0.00e+00	0.00e+00	0.00e+00	0.00e+00	0.00e+00	0.00e+00	0.00e+00	0.00e+00	0.00e+00
 2.52391e+23	1.28e-04	2.38e-01	6.91e-01	6.43e-02	5.59e-03	1.09e-03	9.52e-05	3.75e-07	0.00e+00	0.00e+00	0.00e+00	0.00e+00	0.00e+00	0.00e+00	0.00e+00	0.00e+00	0.00e+00
 2.54253e+23	1.43e-04	2.51e-01	6.85e-01	5.80e-02	5.06e-03	9.32e-04	7.87e-05	2.90e-07	0.00e+00	0.00e+00	0.00e+00	0.00e+00	0.00e+00	0.00e+00	0.00e+00	0.00e+00	0.00e+00
 2.56112e+23	1.66e-04	2.68e-01	6.76e-01	5.04e-02	4.44e-03	7.55e-04	6.11e-05	2.06e-07	0.00e+00	0.00e+00	0.00e+00	0.00e+00	0.00e+00	0.00e+00	0.00e+00	0.00e+00	0.00e+00
 2.57988e+23	1.87e-04	2.83e-01	6.67e-01	4.47e-02	3.97e-03	6.34e-04	4.96e-05	1.55e-07	0.00e+00	0.00e+00	0.00e+00	0.00e+00	0.00e+00	0.00e+00	0.00e+00	0.00e+00	0.00e+00
 2.59886e+23	2.17e-04	3.03e-01	6.54e-01	3.80e-02	3.43e-03	5.05e-04	3.78e-05	0.00e+00	0.00e+00	0.00e+00	0.00e+00	0.00e+00	0.00e+00	0.00e+00	0.00e+00	0.00e+00	0.00e+00
 2.61804e+23	2.45e-04	3.21e-01	6.42e-01	3.30e-02	3.02e-03	4.16e-04	3.01e-05	0.00e+00	0.00e+00	0.00e+00	0.00e+00	0.00e+00	0.00e+00	0.00e+00	0.00e+00	0.00e+00	0.00e+00
 2.63490e+23	2.77e-04	3.39e-01	6.29e-01	2.85e-02	2.65e-03	3.41e-04	2.38e-05	0.00e+00	0.00e+00	0.00e+00	0.00e+00	0.00e+00	0.00e+00	0.00e+00	0.00e+00	0.00e+00	0.00e+00
 2.65166e+23	3.12e-04	3.58e-01	6.15e-01	2.45e-02	2.31e-03	2.77e-04	1.87e-05	0.00e+00	0.00e+00	0.00e+00	0.00e+00	0.00e+00	0.00e+00	0.00e+00	0.00e+00	0.00e+00	0.00e+00
 2.66636e+23	3.43e-04	3.74e-01	6.02e-01	2.15e-02	2.06e-03	2.34e-04	1.54e-05	0.00e+00	0.00e+00	0.00e+00	0.00e+00	0.00e+00	0.00e+00	0.00e+00	0.00e+00	0.00e+00	0.00e+00
 2.67904e+23	3.74e-04	3.89e-01	5.89e-01	1.89e-02	1.83e-03	1.97e-04	1.27e-05	0.00e+00	0.00e+00	0.00e+00	0.00e+00	0.00e+00	0.00e+00	0.00e+00	0.00e+00	0.00e+00	0.00e+00
 2.69362e+23	4.20e-04	4.11e-01	5.71e-01	1.58e-02	1.56e-03	1.57e-04	9.79e-06	0.00e+00	0.00e+00	0.00e+00	0.00e+00	0.00e+00	0.00e+00	0.00e+00	0.00e+00	0.00e+00	0.00e+00
 2.70896e+23	4.67e-04	4.32e-01	5.52e-01	1.33e-02	1.32e-03	1.25e-04	7.60e-06	0.00e+00	0.00e+00	0.00e+00	0.00e+00	0.00e+00	0.00e+00	0.00e+00	0.00e+00	0.00e+00	0.00e+00
 2.72277e+23	5.16e-04	4.54e-01	5.33e-01	1.11e-02	1.12e-03	9.96e-05	5.91e-06	0.00e+00	0.00e+00	0.00e+00	0.00e+00	0.00e+00	0.00e+00	0.00e+00	0.00e+00	0.00e+00	0.00e+00
 2.73598e+23	5.67e-04	4.76e-01	5.13e-01	9.21e-03	9.35e-04	7.86e-05	4.57e-06	0.00e+00	0.00e+00	0.00e+00	0.00e+00	0.00e+00	0.00e+00	0.00e+00	0.00e+00	0.00e+00	0.00e+00
 2.74867e+23	6.20e-04	4.99e-01	4.92e-01	7.56e-03	7.72e-04	6.13e-05	3.51e-06	0.00e+00	0.00e+00	0.00e+00	0.00e+00	0.00e+00	0.00e+00	0.00e+00	0.00e+00	0.00e+00	0.00e+00
 2.76060e+23	6.75e-04	5.23e-01	4.70e-01	6.15e-03	6.29e-04	4.74e-05	2.67e-06	0.00e+00	0.00e+00	0.00e+00	0.00e+00	0.00e+00	0.00e+00	0.00e+00	0.00e+00	0.00e+00	0.00e+00
 2.77151e+23	7.23e-04	5.46e-01	4.48e-01	5.01e-03	5.13e-04	3.68e-05	2.06e-06	0.00e+00	0.00e+00	0.00e+00	0.00e+00	0.00e+00	0.00e+00	0.00e+00	0.00e+00	0.00e+00	0.00e+00
 2.78152e+23	7.72e-04	5.69e-01	4.26e-01	4.06e-03	4.13e-04	2.83e-05	1.58e-06	0.00e+00	0.00e+00	0.00e+00	0.00e+00	0.00e+00	0.00e+00	0.00e+00	0.00e+00	0.00e+00	0.00e+00
 2.79074e+23	8.15e-04	5.92e-01	4.04e-01	3.29e-03	3.31e-04	2.18e-05	1.22e-06	0.00e+00	0.00e+00	0.00e+00	0.00e+00	0.00e+00	0.00e+00	0.00e+00	0.00e+00	0.00e+00	0.00e+00
 2.79906e+23	8.53e-04	6.14e-01	3.82e-01	2.66e-03	2.65e-04	1.69e-05	9.47e-07	0.00e+00	0.00e+00	0.00e+00	0.00e+00	0.00e+00	0.00e+00	0.00e+00	0.00e+00	0.00e+00	0.00e+00
 2.80649e+23	8.82e-04	6.35e-01	3.62e-01	2.18e-03	2.13e-04	1.31e-05	7.46e-07	0.00e+00	0.00e+00	0.00e+00	0.00e+00	0.00e+00	0.00e+00	0.00e+00	0.00e+00	0.00e+00	0.00e+00
 2.81312e+23	9.08e-04	6.55e-01	3.42e-01	1.79e-03	1.72e-04	1.03e-05	5.94e-07	0.00e+00	0.00e+00	0.00e+00	0.00e+00	0.00e+00	0.00e+00	0.00e+00	0.00e+00	0.00e+00	0.00e+00
 2.81907e+23	9.17e-04	6.73e-01	3.25e-01	1.50e-03	1.41e-04	8.30e-06	4.84e-07	0.00e+00	0.00e+00	0.00e+00	0.00e+00	0.00e+00	0.00e+00	0.00e+00	0.00e+00	0.00e+00	0.00e+00
 2.82458e+23	9.24e-04	6.90e-01	3.08e-01	1.26e-03	1.16e-04	6.68e-06	3.97e-07	0.00e+00	0.00e+00	0.00e+00	0.00e+00	0.00e+00	0.00e+00	0.00e+00	0.00e+00	0.00e+00	0.00e+00
 2.82980e+23	9.26e-04	7.06e-01	2.92e-01	1.06e-03	9.56e-05	5.40e-06	3.27e-07	0.00e+00	0.00e+00	0.00e+00	0.00e+00	0.00e+00	0.00e+00	0.00e+00	0.00e+00	0.00e+00	0.00e+00
 2.83455e+23	9.17e-04	7.20e-01	2.78e-01	9.05e-04	8.01e-05	4.45e-06	2.75e-07	0.00e+00	0.00e+00	0.00e+00	0.00e+00	0.00e+00	0.00e+00	0.00e+00	0.00e+00	0.00e+00	0.00e+00
 2.83890e+23	9.05e-04	7.33e-01	2.65e-01	7.83e-04	6.79e-05	3.72e-06	2.34e-07	0.00e+00	0.00e+00	0.00e+00	0.00e+00	0.00e+00	0.00e+00	0.00e+00	0.00e+00	0.00e+00	0.00e+00
 2.84287e+23	8.87e-04	7.43e-01	2.55e-01	6.88e-04	5.87e-05	3.18e-06	2.03e-07	0.00e+00	0.00e+00	0.00e+00	0.00e+00	0.00e+00	0.00e+00	0.00e+00	0.00e+00	0.00e+00	0.00e+00
 2.84632e+23	8.65e-04	7.52e-01	2.47e-01	6.17e-04	5.19e-05	2.79e-06	1.81e-07	0.00e+00	0.00e+00	0.00e+00	0.00e+00	0.00e+00	0.00e+00	0.00e+00	0.00e+00	0.00e+00	0.00e+00
 2.84883e+23	8.46e-04	7.57e-01	2.42e-01	5.72e-04	4.78e-05	2.55e-06	1.67e-07	0.00e+00	0.00e+00	0.00e+00	0.00e+00	0.00e+00	0.00e+00	0.00e+00	0.00e+00	0.00e+00	0.00e+00
 2.85054e+23	8.32e-04	7.60e-01	2.39e-01	5.45e-04	4.53e-05	2.41e-06	1.58e-07	0.00e+00	0.00e+00	0.00e+00	0.00e+00	0.00e+00	0.00e+00	0.00e+00	0.00e+00	0.00e+00	0.00e+00
 2.85232e+23	8.19e-04	7.63e-01	2.35e-01	5.17e-04	4.27e-05	2.26e-06	1.50e-07	0.00e+00	0.00e+00	0.00e+00	0.00e+00	0.00e+00	0.00e+00	0.00e+00	0.00e+00	0.00e+00	0.00e+00
 2.85448e+23	8.03e-04	7.68e-01	2.31e-01	4.85e-04	3.98e-05	2.10e-06	1.40e-07	0.00e+00	0.00e+00	0.00e+00	0.00e+00	0.00e+00	0.00e+00	0.00e+00	0.00e+00	0.00e+00	0.00e+00
 2.85679e+23	7.82e-04	7.71e-01	2.28e-01	4.55e-04	3.72e-05	1.95e-06	1.31e-07	0.00e+00	0.00e+00	0.00e+00	0.00e+00	0.00e+00	0.00e+00	0.00e+00	0.00e+00	0.00e+00	0.00e+00
 2.85909e+23	7.60e-04	7.73e-01	2.25e-01	4.29e-04	3.50e-05	1.83e-06	0.00e+00	0.00e+00	0.00e+00	0.00e+00	0.00e+00	0.00e+00	0.00e+00	0.00e+00	0.00e+00	0.00e+00	0.00e+00
 2.86136e+23	7.37e-04	7.75e-01	2.23e-01	4.06e-04	3.30e-05	1.72e-06	0.00e+00	0.00e+00	0.00e+00	0.00e+00	0.00e+00	0.00e+00	0.00e+00	0.00e+00	0.00e+00	0.00e+00	0.00e+00
 2.86356e+23	7.14e-04	7.77e-01	2.22e-01	3.86e-04	3.14e-05	1.64e-06	0.00e+00	0.00e+00	0.00e+00	0.00e+00	0.00e+00	0.00e+00	0.00e+00	0.00e+00	0.00e+00	0.00e+00	0.00e+00
 2.86531e+23	6.96e-04	7.77e-01	2.22e-01	3.72e-04	3.04e-05	1.58e-06	0.00e+00	0.00e+00	0.00e+00	0.00e+00	0.00e+00	0.00e+00	0.00e+00	0.00e+00	0.00e+00	0.00e+00	0.00e+00
 2.86651e+23	6.86e-04	7.78e-01	2.21e-01	3.63e-04	2.96e-05	1.54e-06	0.00e+00	0.00e+00	0.00e+00	0.00e+00	0.00e+00	0.00e+00	0.00e+00	0.00e+00	0.00e+00	0.00e+00	0.00e+00
 2.86766e+23	6.76e-04	7.78e-01	2.21e-01	3.55e-04	2.89e-05	1.50e-06	0.00e+00	0.00e+00	0.00e+00	0.00e+00	0.00e+00	0.00e+00	0.00e+00	0.00e+00	0.00e+00	0.00e+00	0.00e+00
 2.86900e+23	6.61e-04	7.78e-01	2.21e-01	3.45e-04	2.83e-05	1.47e-06	0.00e+00	0.00e+00	0.00e+00	0.00e+00	0.00e+00	0.00e+00	0.00e+00	0.00e+00	0.00e+00	0.00e+00	0.00e+00
 2.87055e+23	6.47e-04	7.78e-01	2.21e-01	3.35e-04	2.75e-05	1.42e-06	0.00e+00	0.00e+00	0.00e+00	0.00e+00	0.00e+00	0.00e+00	0.00e+00	0.00e+00	0.00e+00	0.00e+00	0.00e+00
 2.87213e+23	6.34e-04	7.78e-01	2.21e-01	3.26e-04	2.68e-05	1.39e-06	0.00e+00	0.00e+00	0.00e+00	0.00e+00	0.00e+00	0.00e+00	0.00e+00	0.00e+00	0.00e+00	0.00e+00	0.00e+00
 2.87359e+23	6.20e-04	7.78e-01	2.21e-01	3.17e-04	2.62e-05	1.36e-06	0.00e+00	0.00e+00	0.00e+00	0.00e+00	0.00e+00	0.00e+00	0.00e+00	0.00e+00	0.00e+00	0.00e+00	0.00e+00
 2.87504e+23	6.07e-04	7.77e-01	2.22e-01	3.10e-04	2.56e-05	1.33e-06	0.00e+00	0.00e+00	0.00e+00	0.00e+00	0.00e+00	0.00e+00	0.00e+00	0.00e+00	0.00e+00	0.00e+00	0.00e+00
 2.87659e+23	5.94e-04	7.77e-01	2.22e-01	3.02e-04	2.51e-05	1.30e-06	0.00e+00	0.00e+00	0.00e+00	0.00e+00	0.00e+00	0.00e+00	0.00e+00	0.00e+00	0.00e+00	0.00e+00	0.00e+00
 2.87822e+23	5.80e-04	7.76e-01	2.23e-01	2.94e-04	2.46e-05	1.27e-06	0.00e+00	0.00e+00	0.00e+00	0.00e+00	0.00e+00	0.00e+00	0.00e+00	0.00e+00	0.00e+00	0.00e+00	0.00e+00
 2.87988e+23	5.67e-04	7.75e-01	2.24e-01	2.87e-04	2.41e-05	1.25e-06	0.00e+00	0.00e+00	0.00e+00	0.00e+00	0.00e+00	0.00e+00	0.00e+00	0.00e+00	0.00e+00	0.00e+00	0.00e+00
 2.88152e+23	5.53e-04	7.74e-01	2.26e-01	2.80e-04	2.37e-05	1.23e-06	0.00e+00	0.00e+00	0.00e+00	0.00e+00	0.00e+00	0.00e+00	0.00e+00	0.00e+00	0.00e+00	0.00e+00	0.00e+00
 2.88321e+23	5.41e-04	7.72e-01	2.27e-01	2.74e-04	2.33e-05	1.21e-06	0.00e+00	0.00e+00	0.00e+00	0.00e+00	0.00e+00	0.00e+00	0.00e+00	0.00e+00	0.00e+00	0.00e+00	0.00e+00
 2.88500e+23	5.28e-04	7.71e-01	2.28e-01	2.67e-04	2.29e-05	1.19e-06	0.00e+00	0.00e+00	0.00e+00	0.00e+00	0.00e+00	0.00e+00	0.00e+00	0.00e+00	0.00e+00	0.00e+00	0.00e+00
 2.88680e+23	5.15e-04	7.70e-01	2.30e-01	2.61e-04	2.25e-05	1.17e-06	0.00e+00	0.00e+00	0.00e+00	0.00e+00	0.00e+00	0.00e+00	0.00e+00	0.00e+00	0.00e+00	0.00e+00	0.00e+00
 2.88863e+23	5.02e-04	7.68e-01	2.31e-01	2.56e-04	2.22e-05	1.15e-06	0.00e+00	0.00e+00	0.00e+00	0.00e+00	0.00e+00	0.00e+00	0.00e+00	0.00e+00	0.00e+00	0.00e+00	0.00e+00
 2.89053e+23	4.90e-04	7.66e-01	2.33e-01	2.50e-04	2.19e-05	1.14e-06	0.00e+00	0.00e+00	0.00e+00	0.00e+00	0.00e+00	0.00e+00	0.00e+00	0.00e+00	0.00e+00	0.00e+00	0.00e+00
 2.89251e+23	4.78e-04	7.64e-01	2.35e-01	2.44e-04	2.15e-05	1.12e-06	0.00e+00	0.00e+00	0.00e+00	0.00e+00	0.00e+00	0.00e+00	0.00e+00	0.00e+00	0.00e+00	0.00e+00	0.00e+00
 2.89453e+23	4.65e-04	7.62e-01	2.37e-01	2.39e-04	2.13e-05	1.11e-06	0.00e+00	0.00e+00	0.00e+00	0.00e+00	0.00e+00	0.00e+00	0.00e+00	0.00e+00	0.00e+00	0.00e+00	0.00e+00
 2.89660e+23	4.54e-04	7.60e-01	2.39e-01	2.34e-04	2.10e-05	1.10e-06	0.00e+00	0.00e+00	0.00e+00	0.00e+00	0.00e+00	0.00e+00	0.00e+00	0.00e+00	0.00e+00	0.00e+00	0.00e+00
 2.89875e+23	4.42e-04	7.58e-01	2.41e-01	2.29e-04	2.07e-05	1.08e-06	0.00e+00	0.00e+00	0.00e+00	0.00e+00	0.00e+00	0.00e+00	0.00e+00	0.00e+00	0.00e+00	0.00e+00	0.00e+00
 2.90097e+23	4.31e-04	7.56e-01	2.44e-01	2.24e-04	2.04e-05	1.07e-06	0.00e+00	0.00e+00	0.00e+00	0.00e+00	0.00e+00	0.00e+00	0.00e+00	0.00e+00	0.00e+00	0.00e+00	0.00e+00
 2.90325e+23	4.20e-04	7.53e-01	2.46e-01	2.19e-04	2.02e-05	1.06e-06	0.00e+00	0.00e+00	0.00e+00	0.00e+00	0.00e+00	0.00e+00	0.00e+00	0.00e+00	0.00e+00	0.00e+00	0.00e+00
 2.90560e+23	4.09e-04	7.51e-01	2.49e-01	2.15e-04	2.00e-05	1.05e-06	0.00e+00	0.00e+00	0.00e+00	0.00e+00	0.00e+00	0.00e+00	0.00e+00	0.00e+00	0.00e+00	0.00e+00	0.00e+00
 2.90805e+23	3.98e-04	7.48e-01	2.51e-01	2.10e-04	1.97e-05	1.04e-06	0.00e+00	0.00e+00	0.00e+00	0.00e+00	0.00e+00	0.00e+00	0.00e+00	0.00e+00	0.00e+00	0.00e+00	0.00e+00
 2.91060e+23	3.88e-04	7.46e-01	2.54e-01	2.06e-04	1.95e-05	1.03e-06	0.00e+00	0.00e+00	0.00e+00	0.00e+00	0.00e+00	0.00e+00	0.00e+00	0.00e+00	0.00e+00	0.00e+00	0.00e+00
 2.91323e+23	3.78e-04	7.43e-01	2.56e-01	2.01e-04	1.93e-05	1.02e-06	0.00e+00	0.00e+00	0.00e+00	0.00e+00	0.00e+00	0.00e+00	0.00e+00	0.00e+00	0.00e+00	0.00e+00	0.00e+00
 2.91594e+23	3.69e-04	7.41e-01	2.59e-01	1.97e-04	1.90e-05	1.01e-06	0.00e+00	0.00e+00	0.00e+00	0.00e+00	0.00e+00	0.00e+00	0.00e+00	0.00e+00	0.00e+00	0.00e+00	0.00e+00
 2.91870e+23	3.60e-04	7.38e-01	2.61e-01	1.93e-04	1.88e-05	9.98e-07	0.00e+00	0.00e+00	0.00e+00	0.00e+00	0.00e+00	0.00e+00	0.00e+00	0.00e+00	0.00e+00	0.00e+00	0.00e+00
 2.92155e+23	3.52e-04	7.36e-01	2.63e-01	1.89e-04	1.86e-05	9.88e-07	0.00e+00	0.00e+00	0.00e+00	0.00e+00	0.00e+00	0.00e+00	0.00e+00	0.00e+00	0.00e+00	0.00e+00	0.00e+00
 2.92449e+23	3.45e-04	7.34e-01	2.65e-01	1.85e-04	1.84e-05	9.78e-07	0.00e+00	0.00e+00	0.00e+00	0.00e+00	0.00e+00	0.00e+00	0.00e+00	0.00e+00	0.00e+00	0.00e+00	0.00e+00
 2.92751e+23	3.38e-04	7.32e-01	2.67e-01	1.81e-04	1.81e-05	9.67e-07	0.00e+00	0.00e+00	0.00e+00	0.00e+00	0.00e+00	0.00e+00	0.00e+00	0.00e+00	0.00e+00	0.00e+00	0.00e+00
 2.93063e+23	3.32e-04	7.30e-01	2.69e-01	1.78e-04	1.79e-05	9.56e-07	0.00e+00	0.00e+00	0.00e+00	0.00e+00	0.00e+00	0.00e+00	0.00e+00	0.00e+00	0.00e+00	0.00e+00	0.00e+00
 2.93387e+23	3.26e-04	7.29e-01	2.71e-01	1.74e-04	1.76e-05	9.44e-07	0.00e+00	0.00e+00	0.00e+00	0.00e+00	0.00e+00	0.00e+00	0.00e+00	0.00e+00	0.00e+00	0.00e+00	0.00e+00
 2.93721e+23	3.21e-04	7.28e-01	2.72e-01	1.70e-04	1.73e-05	9.32e-07	0.00e+00	0.00e+00	0.00e+00	0.00e+00	0.00e+00	0.00e+00	0.00e+00	0.00e+00	0.00e+00	0.00e+00	0.00e+00
 2.94070e+23	3.17e-04	7.27e-01	2.73e-01	1.67e-04	1.70e-05	9.18e-07	0.00e+00	0.00e+00	0.00e+00	0.00e+00	0.00e+00	0.00e+00	0.00e+00	0.00e+00	0.00e+00	0.00e+00	0.00e+00
 2.94435e+23	3.13e-04	7.26e-01	2.74e-01	1.63e-04	1.67e-05	9.05e-07	0.00e+00	0.00e+00	0.00e+00	0.00e+00	0.00e+00	0.00e+00	0.00e+00	0.00e+00	0.00e+00	0.00e+00	0.00e+00
 2.94816e+23	3.10e-04	7.25e-01	2.74e-01	1.59e-04	1.64e-05	8.90e-07	0.00e+00	0.00e+00	0.00e+00	0.00e+00	0.00e+00	0.00e+00	0.00e+00	0.00e+00	0.00e+00	0.00e+00	0.00e+00
 2.95214e+23	3.08e-04	7.25e-01	2.74e-01	1.56e-04	1.60e-05	8.74e-07	0.00e+00	0.00e+00	0.00e+00	0.00e+00	0.00e+00	0.00e+00	0.00e+00	0.00e+00	0.00e+00	0.00e+00	0.00e+00
 2.95634e+23	3.07e-04	7.26e-01	2.74e-01	1.52e-04	1.57e-05	8.56e-07	0.00e+00	0.00e+00	0.00e+00	0.00e+00	0.00e+00	0.00e+00	0.00e+00	0.00e+00	0.00e+00	0.00e+00	0.00e+00
