#depth	O	O+	O+2	O+3	O+4	O+5	O+6	O+7	O+8	O[1]	O[2]	O[3]
 1.54284e+22	5.82e-20	7.96e-15	4.05e-11	1.87e-08	1.89e-06	7.93e-05	1.88e-02	2.46e-01	7.35e-01	0.00e+00	0.00e+00	0.00e+00
 3.43436e+22	1.92e-18	1.66e-13	5.43e-10	1.63e-07	1.04e-05	2.63e-04	3.90e-02	3.28e-01	6.33e-01	0.00e+00	0.00e+00	0.00e+00
 3.95729e+22	7.74e-18	5.58e-13	1.54e-09	3.90e-07	2.09e-05	4.31e-04	5.25e-02	3.64e-01	5.83e-01	0.00e+00	0.00e+00	0.00e+00
 4.21864e+22	1.47e-17	9.77e-13	2.50e-09	5.85e-07	2.89e-05	5.42e-04	6.02e-02	3.81e-01	5.58e-01	0.00e+00	0.00e+00	0.00e+00
 4.32911e+22	1.76e-17	1.14e-12	2.85e-09	6.54e-07	3.16e-05	5.77e-04	6.25e-02	3.86e-01	5.51e-01	0.00e+00	0.00e+00	0.00e+00
 4.38283e+22	2.16e-17	1.37e-12	3.33e-09	7.45e-07	3.50e-05	6.21e-04	6.53e-02	3.91e-01	5.43e-01	0.00e+00	0.00e+00	0.00e+00
 4.45266e+22	2.83e-17	1.72e-12	4.07e-09	8.82e-07	4.01e-05	6.83e-04	6.90e-02	3.98e-01	5.32e-01	2.83e-17	7.25e-28	7.71e-28
 4.52389e+22	3.50e-17	2.08e-12	4.77e-09	1.01e-06	4.46e-05	7.37e-04	7.22e-02	4.04e-01	5.23e-01	3.50e-17	6.62e-26	8.34e-26
 4.59694e+22	4.61e-17	2.64e-12	5.86e-09	1.20e-06	5.12e-05	8.13e-04	7.64e-02	4.11e-01	5.12e-01	4.61e-17	8.71e-26	1.10e-25
 4.67235e+22	5.74e-17	3.20e-12	6.91e-09	1.38e-06	5.71e-05	8.78e-04	7.99e-02	4.16e-01	5.03e-01	5.74e-17	1.08e-25	1.37e-25
 4.75082e+22	7.71e-17	4.13e-12	8.62e-09	1.66e-06	6.63e-05	9.76e-04	8.50e-02	4.24e-01	4.90e-01	7.71e-17	1.46e-25	1.84e-25
 4.83015e+22	9.59e-17	5.00e-12	1.01e-08	1.90e-06	7.39e-05	1.05e-03	8.88e-02	4.29e-01	4.81e-01	9.59e-17	1.81e-25	2.28e-25
 4.91061e+22	1.28e-16	6.43e-12	1.26e-08	2.28e-06	8.54e-05	1.17e-03	9.42e-02	4.36e-01	4.68e-01	1.28e-16	2.42e-25	3.04e-25
 4.99277e+22	1.60e-16	7.83e-12	1.49e-08	2.63e-06	9.56e-05	1.26e-03	9.85e-02	4.41e-01	4.59e-01	1.60e-16	3.03e-25	3.81e-25
 5.07716e+22	2.18e-16	1.02e-11	1.87e-08	3.18e-06	1.12e-04	1.41e-03	1.05e-01	4.48e-01	4.45e-01	2.18e-16	4.11e-25	5.17e-25
 5.16214e+22	2.72e-16	1.24e-11	2.22e-08	3.66e-06	1.25e-04	1.52e-03	1.10e-01	4.53e-01	4.36e-01	2.72e-16	5.14e-25	6.47e-25
 5.24790e+22	3.69e-16	1.62e-11	2.79e-08	4.44e-06	1.45e-04	1.70e-03	1.16e-01	4.60e-01	4.22e-01	3.69e-16	6.97e-25	8.78e-25
 5.33480e+22	4.66e-16	1.98e-11	3.32e-08	5.14e-06	1.63e-04	1.84e-03	1.22e-01	4.65e-01	4.12e-01	4.66e-16	8.80e-25	1.11e-24
 5.42320e+22	6.31e-16	2.58e-11	4.16e-08	6.22e-06	1.90e-04	2.05e-03	1.29e-01	4.70e-01	3.98e-01	6.31e-16	1.19e-24	1.50e-24
 5.51346e+22	8.09e-16	3.21e-11	5.01e-08	7.27e-06	2.16e-04	2.24e-03	1.36e-01	4.75e-01	3.87e-01	8.09e-16	1.53e-24	1.92e-24
 5.58864e+22	1.00e-15	3.86e-11	5.88e-08	8.32e-06	2.40e-04	2.41e-03	1.42e-01	4.79e-01	3.77e-01	1.00e-15	1.89e-24	2.38e-24
 5.66888e+22	1.32e-15	4.91e-11	7.24e-08	9.92e-06	2.77e-04	2.66e-03	1.49e-01	4.83e-01	3.64e-01	1.32e-15	2.49e-24	3.13e-24
 5.74972e+22	1.63e-15	5.91e-11	8.50e-08	1.13e-05	3.09e-04	2.87e-03	1.56e-01	4.87e-01	3.55e-01	1.63e-15	3.08e-24	3.87e-24
 5.83134e+22	2.16e-15	7.54e-11	1.05e-07	1.36e-05	3.57e-04	3.17e-03	1.64e-01	4.91e-01	3.42e-01	2.16e-15	4.08e-24	5.13e-24
 5.91387e+22	2.68e-15	9.11e-11	1.23e-07	1.56e-05	3.98e-04	3.43e-03	1.71e-01	4.93e-01	3.32e-01	2.68e-15	5.06e-24	6.36e-24
 5.99757e+22	3.56e-15	1.17e-10	1.53e-07	1.87e-05	4.63e-04	3.81e-03	1.81e-01	4.97e-01	3.18e-01	3.56e-15	6.73e-24	8.46e-24
 6.08227e+22	4.43e-15	1.41e-10	1.81e-07	2.15e-05	5.18e-04	4.12e-03	1.88e-01	4.99e-01	3.08e-01	4.43e-15	8.37e-24	1.05e-23
 6.16826e+22	5.90e-15	1.81e-10	2.24e-07	2.59e-05	6.03e-04	4.58e-03	1.99e-01	5.01e-01	2.95e-01	5.90e-15	1.11e-23	1.40e-23
 6.25596e+22	7.41e-15	2.21e-10	2.67e-07	3.01e-05	6.81e-04	4.98e-03	2.08e-01	5.03e-01	2.84e-01	7.41e-15	1.40e-23	1.76e-23
 6.34588e+22	9.94e-15	2.86e-10	3.34e-07	3.64e-05	7.97e-04	5.57e-03	2.20e-01	5.04e-01	2.70e-01	9.94e-15	1.88e-23	2.36e-23
 6.43749e+22	1.25e-14	3.50e-10	3.99e-07	4.25e-05	9.05e-04	6.08e-03	2.30e-01	5.04e-01	2.59e-01	1.25e-14	2.37e-23	2.98e-23
 6.53129e+22	1.69e-14	4.54e-10	5.01e-07	5.18e-05	1.07e-03	6.82e-03	2.43e-01	5.04e-01	2.45e-01	1.69e-14	3.19e-23	4.00e-23
 6.62610e+22	2.12e-14	5.55e-10	5.98e-07	6.04e-05	1.21e-03	7.46e-03	2.54e-01	5.03e-01	2.34e-01	2.12e-14	4.01e-23	5.03e-23
 6.70612e+22	2.60e-14	6.64e-10	7.02e-07	6.95e-05	1.36e-03	8.10e-03	2.65e-01	5.02e-01	2.24e-01	2.60e-14	4.92e-23	6.18e-23
 6.79332e+22	3.37e-14	8.33e-10	8.59e-07	8.31e-05	1.58e-03	9.00e-03	2.78e-01	5.00e-01	2.11e-01	3.37e-14	6.37e-23	7.99e-23
 6.88095e+22	4.10e-14	9.91e-10	1.00e-06	9.54e-05	1.78e-03	9.78e-03	2.89e-01	4.98e-01	2.01e-01	4.10e-14	7.76e-23	9.75e-23
 6.96648e+22	5.18e-14	1.22e-09	1.21e-06	1.13e-04	2.05e-03	1.08e-02	3.03e-01	4.94e-01	1.90e-01	5.18e-14	9.80e-23	1.23e-22
 7.05375e+22	6.29e-14	1.45e-09	1.41e-06	1.30e-04	2.31e-03	1.18e-02	3.15e-01	4.91e-01	1.80e-01	6.29e-14	1.19e-22	1.49e-22
 7.13937e+22	7.76e-14	1.74e-09	1.68e-06	1.51e-04	2.64e-03	1.29e-02	3.28e-01	4.86e-01	1.70e-01	7.76e-14	1.47e-22	1.84e-22
 7.22676e+22	9.37e-14	2.06e-09	1.96e-06	1.74e-04	2.98e-03	1.41e-02	3.41e-01	4.82e-01	1.60e-01	9.37e-14	1.77e-22	2.23e-22
 7.31289e+22	1.13e-13	2.44e-09	2.29e-06	2.01e-04	3.38e-03	1.54e-02	3.54e-01	4.76e-01	1.51e-01	1.13e-13	2.14e-22	2.69e-22
 7.39973e+22	1.35e-13	2.86e-09	2.66e-06	2.31e-04	3.81e-03	1.68e-02	3.68e-01	4.70e-01	1.42e-01	1.35e-13	2.56e-22	3.21e-22
 7.48552e+22	1.60e-13	3.33e-09	3.07e-06	2.64e-04	4.28e-03	1.83e-02	3.81e-01	4.63e-01	1.33e-01	1.60e-13	3.02e-22	3.79e-22
 7.57115e+22	1.87e-13	3.84e-09	3.53e-06	3.01e-04	4.80e-03	1.99e-02	3.94e-01	4.56e-01	1.25e-01	1.87e-13	3.55e-22	4.45e-22
 7.65689e+22	2.18e-13	4.42e-09	4.04e-06	3.42e-04	5.38e-03	2.16e-02	4.07e-01	4.49e-01	1.17e-01	2.18e-13	4.13e-22	5.18e-22
 7.74292e+22	2.52e-13	5.05e-09	4.60e-06	3.88e-04	6.00e-03	2.35e-02	4.20e-01	4.41e-01	1.10e-01	2.52e-13	4.78e-22	5.99e-22
 7.82934e+22	2.89e-13	5.74e-09	5.23e-06	4.38e-04	6.69e-03	2.54e-02	4.33e-01	4.32e-01	1.02e-01	2.89e-13	5.49e-22	6.88e-22
 7.91650e+22	3.30e-13	6.50e-09	5.92e-06	4.95e-04	7.45e-03	2.75e-02	4.45e-01	4.24e-01	9.55e-02	3.30e-13	6.27e-22	7.85e-22
 8.00458e+22	3.74e-13	7.32e-09	6.68e-06	5.57e-04	8.27e-03	2.98e-02	4.58e-01	4.15e-01	8.89e-02	3.74e-13	7.12e-22	8.92e-22
 8.09315e+22	4.22e-13	8.21e-09	7.51e-06	6.26e-04	9.16e-03	3.22e-02	4.70e-01	4.05e-01	8.28e-02	4.22e-13	8.03e-22	1.01e-21
 8.18312e+22	4.74e-13	9.18e-09	8.44e-06	7.03e-04	1.02e-02	3.47e-02	4.82e-01	3.95e-01	7.68e-02	4.74e-13	9.02e-22	1.13e-21
 8.27404e+22	5.29e-13	1.02e-08	9.45e-06	7.87e-04	1.12e-02	3.74e-02	4.94e-01	3.85e-01	7.13e-02	5.29e-13	1.01e-21	1.26e-21
 8.36676e+22	5.90e-13	1.14e-08	1.06e-05	8.83e-04	1.24e-02	4.04e-02	5.06e-01	3.74e-01	6.58e-02	5.90e-13	1.12e-21	1.41e-21
 8.46111e+22	6.53e-13	1.26e-08	1.18e-05	9.87e-04	1.36e-02	4.35e-02	5.17e-01	3.64e-01	6.09e-02	6.53e-13	1.25e-21	1.56e-21
 8.54755e+22	7.10e-13	1.37e-08	1.29e-05	1.08e-03	1.48e-02	4.62e-02	5.26e-01	3.55e-01	5.69e-02	7.10e-13	1.36e-21	1.70e-21
 8.63779e+22	7.83e-13	1.52e-08	1.45e-05	1.22e-03	1.63e-02	4.98e-02	5.37e-01	3.43e-01	5.22e-02	7.83e-13	1.50e-21	1.87e-21
 8.72954e+22	8.49e-13	1.65e-08	1.59e-05	1.33e-03	1.76e-02	5.29e-02	5.46e-01	3.34e-01	4.86e-02	8.49e-13	1.62e-21	2.03e-21
 8.82418e+22	9.37e-13	1.83e-08	1.78e-05	1.50e-03	1.94e-02	5.70e-02	5.56e-01	3.22e-01	4.43e-02	9.37e-13	1.80e-21	2.24e-21
 8.91907e+22	1.01e-12	1.98e-08	1.94e-05	1.64e-03	2.09e-02	6.03e-02	5.64e-01	3.12e-01	4.13e-02	1.01e-12	1.94e-21	2.42e-21
 9.01427e+22	1.10e-12	2.18e-08	2.17e-05	1.84e-03	2.29e-02	6.49e-02	5.73e-01	3.00e-01	3.75e-02	1.10e-12	2.12e-21	2.65e-21
 9.10984e+22	1.19e-12	2.36e-08	2.37e-05	2.01e-03	2.46e-02	6.84e-02	5.79e-01	2.91e-01	3.49e-02	1.19e-12	2.29e-21	2.86e-21
 9.20587e+22	1.30e-12	2.60e-08	2.64e-05	2.24e-03	2.69e-02	7.33e-02	5.87e-01	2.79e-01	3.17e-02	1.30e-12	2.50e-21	3.12e-21
 9.30293e+22	1.40e-12	2.81e-08	2.88e-05	2.45e-03	2.88e-02	7.73e-02	5.92e-01	2.70e-01	2.94e-02	1.40e-12	2.69e-21	3.36e-21
 9.40132e+22	1.52e-12	3.10e-08	3.22e-05	2.74e-03	3.14e-02	8.26e-02	5.99e-01	2.58e-01	2.66e-02	1.52e-12	2.94e-21	3.66e-21
 9.50103e+22	1.64e-12	3.36e-08	3.52e-05	2.99e-03	3.36e-02	8.69e-02	6.03e-01	2.49e-01	2.46e-02	1.64e-12	3.16e-21	3.95e-21
 9.60245e+22	1.79e-12	3.72e-08	3.94e-05	3.35e-03	3.65e-02	9.28e-02	6.08e-01	2.37e-01	2.22e-02	1.79e-12	3.46e-21	4.32e-21
 9.70575e+22	1.93e-12	4.05e-08	4.32e-05	3.66e-03	3.90e-02	9.75e-02	6.11e-01	2.28e-01	2.04e-02	1.93e-12	3.74e-21	4.67e-21
 9.81149e+22	2.12e-12	4.50e-08	4.86e-05	4.11e-03	4.24e-02	1.04e-01	6.15e-01	2.17e-01	1.83e-02	2.12e-12	4.11e-21	5.13e-21
 9.91966e+22	2.30e-12	4.93e-08	5.36e-05	4.51e-03	4.53e-02	1.09e-01	6.17e-01	2.07e-01	1.67e-02	2.30e-12	4.48e-21	5.58e-21
 1.00310e+23	2.54e-12	5.52e-08	6.06e-05	5.07e-03	4.93e-02	1.16e-01	6.18e-01	1.96e-01	1.49e-02	2.54e-12	4.95e-21	6.17e-21
 1.01445e+23	2.79e-12	6.10e-08	6.73e-05	5.58e-03	5.27e-02	1.22e-01	6.19e-01	1.87e-01	1.36e-02	2.79e-12	5.44e-21	6.78e-21
 1.02401e+23	3.01e-12	6.65e-08	7.36e-05	6.07e-03	5.58e-02	1.27e-01	6.19e-01	1.79e-01	1.25e-02	3.01e-12	5.88e-21	7.33e-21
 1.03438e+23	3.33e-12	7.44e-08	8.28e-05	6.76e-03	6.00e-02	1.34e-01	6.18e-01	1.70e-01	1.12e-02	3.33e-12	6.51e-21	8.10e-21
 1.04445e+23	3.60e-12	8.11e-08	9.04e-05	7.30e-03	6.31e-02	1.39e-01	6.17e-01	1.63e-01	1.03e-02	3.60e-12	7.05e-21	8.78e-21
 1.05415e+23	3.93e-12	9.00e-08	1.01e-04	8.06e-03	6.74e-02	1.46e-01	6.15e-01	1.54e-01	9.30e-03	3.93e-12	7.73e-21	9.62e-21
 1.06395e+23	4.31e-12	9.89e-08	1.10e-04	8.72e-03	7.09e-02	1.51e-01	6.12e-01	1.48e-01	8.58e-03	4.31e-12	8.47e-21	1.05e-20
 1.07388e+23	4.76e-12	1.11e-07	1.24e-04	9.63e-03	7.55e-02	1.59e-01	6.09e-01	1.40e-01	7.70e-03	4.76e-12	9.38e-21	1.17e-20
 1.08395e+23	5.23e-12	1.22e-07	1.36e-04	1.04e-02	7.95e-02	1.64e-01	6.05e-01	1.33e-01	7.08e-03	5.23e-12	1.03e-20	1.29e-20
 1.09422e+23	5.83e-12	1.38e-07	1.53e-04	1.15e-02	8.47e-02	1.71e-01	6.00e-01	1.25e-01	6.32e-03	5.83e-12	1.16e-20	1.44e-20
 1.10463e+23	6.48e-12	1.54e-07	1.69e-04	1.25e-02	8.90e-02	1.77e-01	5.96e-01	1.20e-01	5.79e-03	6.48e-12	1.29e-20	1.60e-20
 1.11525e+23	7.28e-12	1.75e-07	1.92e-04	1.39e-02	9.48e-02	1.85e-01	5.89e-01	1.12e-01	5.14e-03	7.28e-12	1.45e-20	1.80e-20
 1.12604e+23	8.16e-12	1.96e-07	2.13e-04	1.51e-02	9.97e-02	1.91e-01	5.83e-01	1.06e-01	4.69e-03	8.16e-12	1.63e-20	2.02e-20
 1.13706e+23	9.27e-12	2.25e-07	2.43e-04	1.67e-02	1.06e-01	1.99e-01	5.75e-01	9.92e-02	4.13e-03	9.27e-12	1.86e-20	2.31e-20
 1.14833e+23	1.05e-11	2.55e-07	2.71e-04	1.82e-02	1.12e-01	2.05e-01	5.68e-01	9.38e-02	3.75e-03	1.05e-11	2.11e-20	2.62e-20
 1.15992e+23	1.21e-11	2.97e-07	3.11e-04	2.03e-02	1.19e-01	2.13e-01	5.57e-01	8.69e-02	3.28e-03	1.21e-11	2.45e-20	3.03e-20
 1.17182e+23	1.39e-11	3.39e-07	3.50e-04	2.22e-02	1.25e-01	2.19e-01	5.49e-01	8.17e-02	2.94e-03	1.39e-11	2.81e-20	3.48e-20
 1.18412e+23	1.64e-11	4.02e-07	4.06e-04	2.49e-02	1.33e-01	2.27e-01	5.36e-01	7.52e-02	2.55e-03	1.64e-11	3.33e-20	4.12e-20
 1.19655e+23	1.89e-11	4.62e-07	4.58e-04	2.72e-02	1.40e-01	2.33e-01	5.26e-01	7.05e-02	2.28e-03	1.89e-11	3.87e-20	4.79e-20
 1.20916e+23	2.26e-11	5.52e-07	5.34e-04	3.04e-02	1.49e-01	2.41e-01	5.12e-01	6.45e-02	1.97e-03	2.26e-11	4.63e-20	5.73e-20
 1.22191e+23	2.64e-11	6.39e-07	6.03e-04	3.32e-02	1.56e-01	2.47e-01	5.01e-01	6.02e-02	1.75e-03	2.64e-11	5.43e-20	6.72e-20
 1.23482e+23	3.18e-11	7.70e-07	7.06e-04	3.72e-02	1.66e-01	2.54e-01	4.85e-01	5.48e-02	1.50e-03	3.18e-11	6.60e-20	8.16e-20
 1.24797e+23	3.76e-11	8.99e-07	8.01e-04	4.07e-02	1.74e-01	2.60e-01	4.73e-01	5.08e-02	1.33e-03	3.76e-11	7.83e-20	9.68e-20
 1.25958e+23	4.41e-11	1.05e-06	9.07e-04	4.43e-02	1.82e-01	2.65e-01	4.60e-01	4.70e-02	1.17e-03	4.41e-11	9.22e-20	1.14e-19
 1.27285e+23	5.44e-11	1.27e-06	1.06e-03	4.95e-02	1.93e-01	2.71e-01	4.42e-01	4.26e-02	9.94e-04	5.44e-11	1.15e-19	1.41e-19
 1.28638e+23	6.46e-11	1.49e-06	1.21e-03	5.41e-02	2.01e-01	2.75e-01	4.28e-01	3.91e-02	8.67e-04	6.46e-11	1.37e-19	1.69e-19
 1.29735e+23	7.52e-11	1.72e-06	1.35e-03	5.83e-02	2.09e-01	2.79e-01	4.16e-01	3.64e-02	7.73e-04	7.52e-11	1.60e-19	1.97e-19
 1.30870e+23	9.04e-11	2.02e-06	1.54e-03	6.35e-02	2.18e-01	2.82e-01	4.01e-01	3.34e-02	6.75e-04	9.04e-11	1.94e-19	2.39e-19
 1.32066e+23	1.07e-10	2.34e-06	1.73e-03	6.86e-02	2.26e-01	2.85e-01	3.87e-01	3.08e-02	5.95e-04	1.07e-10	2.30e-19	2.83e-19
 1.33165e+23	1.26e-10	2.71e-06	1.93e-03	7.39e-02	2.34e-01	2.87e-01	3.74e-01	2.84e-02	5.26e-04	1.26e-10	2.72e-19	3.35e-19
 1.34417e+23	1.55e-10	3.26e-06	2.23e-03	8.10e-02	2.44e-01	2.89e-01	3.57e-01	2.57e-02	4.49e-04	1.55e-10	3.38e-19	4.16e-19
 1.35704e+23	1.86e-10	3.82e-06	2.52e-03	8.77e-02	2.53e-01	2.91e-01	3.42e-01	2.34e-02	3.89e-04	1.86e-10	4.08e-19	5.02e-19
 1.36834e+23	2.21e-10	4.43e-06	2.82e-03	9.42e-02	2.61e-01	2.92e-01	3.29e-01	2.15e-02	3.41e-04	2.21e-10	4.89e-19	6.00e-19
 1.38103e+23	2.75e-10	5.33e-06	3.24e-03	1.03e-01	2.71e-01	2.92e-01	3.12e-01	1.92e-02	2.89e-04	2.75e-10	6.13e-19	7.52e-19
 1.39432e+23	3.34e-10	6.29e-06	3.67e-03	1.11e-01	2.79e-01	2.92e-01	2.97e-01	1.74e-02	2.48e-04	3.34e-10	7.51e-19	9.21e-19
 1.40633e+23	4.02e-10	7.35e-06	4.12e-03	1.19e-01	2.87e-01	2.91e-01	2.83e-01	1.58e-02	2.15e-04	4.02e-10	9.12e-19	1.12e-18
 1.41989e+23	5.10e-10	8.93e-06	4.75e-03	1.30e-01	2.97e-01	2.89e-01	2.65e-01	1.39e-02	1.79e-04	5.10e-10	1.17e-18	1.43e-18
 1.43389e+23	6.28e-10	1.06e-05	5.39e-03	1.40e-01	3.05e-01	2.87e-01	2.50e-01	1.24e-02	1.51e-04	6.28e-10	1.45e-18	1.78e-18
 1.44636e+23	7.64e-10	1.24e-05	6.05e-03	1.50e-01	3.12e-01	2.84e-01	2.37e-01	1.12e-02	1.29e-04	7.64e-10	1.78e-18	2.18e-18
 1.46047e+23	9.80e-10	1.51e-05	6.98e-03	1.63e-01	3.21e-01	2.79e-01	2.20e-01	9.75e-03	1.06e-04	9.80e-10	2.32e-18	2.83e-18
 1.47515e+23	1.22e-09	1.81e-05	7.93e-03	1.76e-01	3.28e-01	2.75e-01	2.05e-01	8.60e-03	8.84e-05	1.22e-09	2.92e-18	3.57e-18
 1.48839e+23	1.51e-09	2.13e-05	8.92e-03	1.88e-01	3.34e-01	2.70e-01	1.92e-01	7.63e-03	7.44e-05	1.51e-09	3.65e-18	4.45e-18
 1.50339e+23	1.98e-09	2.63e-05	1.03e-02	2.04e-01	3.41e-01	2.63e-01	1.76e-01	6.52e-03	5.94e-05	1.98e-09	4.85e-18	5.91e-18
 1.51881e+23	2.48e-09	3.14e-05	1.17e-02	2.18e-01	3.46e-01	2.56e-01	1.62e-01	5.69e-03	4.89e-05	2.48e-09	6.17e-18	7.52e-18
 1.53265e+23	3.10e-09	3.72e-05	1.31e-02	2.32e-01	3.50e-01	2.49e-01	1.50e-01	4.97e-03	4.05e-05	3.10e-09	7.82e-18	9.51e-18
 1.54852e+23	4.13e-09	4.62e-05	1.53e-02	2.50e-01	3.55e-01	2.40e-01	1.35e-01	4.16e-03	3.15e-05	4.13e-09	1.06e-17	1.29e-17
 1.56456e+23	5.21e-09	5.50e-05	1.72e-02	2.66e-01	3.57e-01	2.32e-01	1.24e-01	3.59e-03	2.56e-05	5.21e-09	1.36e-17	1.65e-17
 1.58080e+23	6.95e-09	6.80e-05	1.98e-02	2.86e-01	3.60e-01	2.21e-01	1.11e-01	2.98e-03	1.98e-05	6.95e-09	1.86e-17	2.25e-17
 1.59731e+23	8.83e-09	8.11e-05	2.23e-02	3.02e-01	3.60e-01	2.12e-01	1.01e-01	2.54e-03	1.59e-05	8.83e-09	2.40e-17	2.91e-17
 1.61196e+23	1.11e-08	9.62e-05	2.50e-02	3.19e-01	3.60e-01	2.03e-01	9.12e-02	2.17e-03	1.27e-05	1.11e-08	3.09e-17	3.75e-17
 1.62880e+23	1.51e-08	1.20e-04	2.88e-02	3.40e-01	3.58e-01	1.91e-01	8.00e-02	1.76e-03	9.56e-06	1.51e-08	4.30e-17	5.21e-17
 1.64586e+23	1.91e-08	1.42e-04	3.22e-02	3.57e-01	3.56e-01	1.81e-01	7.19e-02	1.48e-03	7.58e-06	1.91e-08	5.59e-17	6.76e-17
 1.66320e+23	2.60e-08	1.77e-04	3.70e-02	3.79e-01	3.52e-01	1.68e-01	6.24e-02	1.18e-03	5.59e-06	2.60e-08	7.85e-17	9.50e-17
 1.68077e+23	3.31e-08	2.10e-04	4.12e-02	3.97e-01	3.47e-01	1.58e-01	5.56e-02	9.88e-04	4.38e-06	3.31e-08	1.03e-16	1.24e-16
 1.69863e+23	4.53e-08	2.61e-04	4.72e-02	4.18e-01	3.40e-01	1.46e-01	4.76e-02	7.78e-04	3.17e-06	4.53e-08	1.46e-16	1.76e-16
 1.71673e+23	5.79e-08	3.10e-04	5.25e-02	4.35e-01	3.33e-01	1.36e-01	4.20e-02	6.41e-04	2.44e-06	5.79e-08	1.92e-16	2.32e-16
 1.73250e+23	7.33e-08	3.64e-04	5.80e-02	4.51e-01	3.26e-01	1.27e-01	3.71e-02	5.30e-04	1.90e-06	7.33e-08	2.51e-16	3.03e-16
 1.74761e+23	9.15e-08	4.25e-04	6.37e-02	4.65e-01	3.19e-01	1.18e-01	3.29e-02	4.42e-04	1.49e-06	9.15e-08	3.23e-16	3.90e-16
 1.76204e+23	1.13e-07	4.91e-04	6.94e-02	4.78e-01	3.11e-01	1.11e-01	2.93e-02	3.70e-04	1.17e-06	1.13e-07	4.11e-16	4.96e-16
 1.77831e+23	1.48e-07	5.89e-04	7.74e-02	4.94e-01	3.01e-01	1.01e-01	2.51e-02	2.94e-04	8.65e-07	1.48e-07	5.57e-16	6.72e-16
 1.79452e+23	1.83e-07	6.80e-04	8.41e-02	5.06e-01	2.93e-01	9.38e-02	2.22e-02	2.44e-04	6.77e-07	1.83e-07	7.07e-16	8.53e-16
 1.81065e+23	2.37e-07	8.11e-04	9.32e-02	5.20e-01	2.82e-01	8.52e-02	1.90e-02	1.93e-04	4.97e-07	2.37e-07	9.51e-16	1.15e-15
 1.82709e+23	2.94e-07	9.36e-04	1.01e-01	5.30e-01	2.72e-01	7.85e-02	1.66e-02	1.59e-04	3.83e-07	2.94e-07	1.21e-15	1.46e-15
 1.84392e+23	3.84e-07	1.12e-03	1.12e-01	5.42e-01	2.60e-01	7.06e-02	1.41e-02	1.24e-04	2.76e-07	3.84e-07	1.64e-15	1.97e-15
 1.86095e+23	4.76e-07	1.29e-03	1.21e-01	5.51e-01	2.50e-01	6.45e-02	1.22e-02	1.01e-04	2.10e-07	4.76e-07	2.09e-15	2.51e-15
 1.87595e+23	5.86e-07	1.48e-03	1.31e-01	5.58e-01	2.40e-01	5.90e-02	1.06e-02	8.20e-05	1.61e-07	5.86e-07	2.64e-15	3.18e-15
 1.89319e+23	7.65e-07	1.77e-03	1.44e-01	5.66e-01	2.27e-01	5.25e-02	8.89e-03	6.30e-05	0.00e+00	7.65e-07	3.57e-15	4.29e-15
 1.90988e+23	9.26e-07	2.00e-03	1.54e-01	5.71e-01	2.17e-01	4.80e-02	7.77e-03	5.17e-05	0.00e+00	9.26e-07	4.43e-15	5.32e-15
 1.92319e+23	1.10e-06	2.25e-03	1.64e-01	5.74e-01	2.08e-01	4.42e-02	6.86e-03	4.31e-05	0.00e+00	1.10e-06	5.40e-15	6.47e-15
 1.93782e+23	1.37e-06	2.58e-03	1.77e-01	5.77e-01	1.98e-01	3.98e-02	5.87e-03	3.44e-05	0.00e+00	1.37e-06	6.89e-15	8.25e-15
 1.95271e+23	1.63e-06	2.90e-03	1.88e-01	5.79e-01	1.89e-01	3.64e-02	5.14e-03	2.83e-05	0.00e+00	1.63e-06	8.41e-15	1.01e-14
 1.96590e+23	1.94e-06	3.24e-03	1.99e-01	5.80e-01	1.80e-01	3.33e-02	4.51e-03	2.35e-05	0.00e+00	1.94e-06	1.02e-14	1.22e-14
 1.98100e+23	2.40e-06	3.72e-03	2.13e-01	5.79e-01	1.70e-01	2.97e-02	3.82e-03	1.85e-05	0.00e+00	2.40e-06	1.31e-14	1.56e-14
 1.99628e+23	2.86e-06	4.16e-03	2.26e-01	5.78e-01	1.61e-01	2.70e-02	3.32e-03	1.51e-05	0.00e+00	2.86e-06	1.60e-14	1.91e-14
 2.00971e+23	3.38e-06	4.64e-03	2.39e-01	5.76e-01	1.53e-01	2.45e-02	2.90e-03	1.24e-05	0.00e+00	3.38e-06	1.94e-14	2.31e-14
 2.02508e+23	4.18e-06	5.31e-03	2.55e-01	5.72e-01	1.43e-01	2.17e-02	2.43e-03	9.63e-06	0.00e+00	4.18e-06	2.47e-14	2.95e-14
 2.04071e+23	4.96e-06	5.92e-03	2.70e-01	5.68e-01	1.35e-01	1.96e-02	2.10e-03	7.78e-06	0.00e+00	4.96e-06	3.02e-14	3.60e-14
 2.05456e+23	5.89e-06	6.61e-03	2.84e-01	5.62e-01	1.28e-01	1.76e-02	1.81e-03	6.31e-06	0.00e+00	5.89e-06	3.68e-14	4.39e-14
 2.07046e+23	7.30e-06	7.58e-03	3.03e-01	5.55e-01	1.18e-01	1.54e-02	1.51e-03	4.84e-06	0.00e+00	7.30e-06	4.72e-14	5.63e-14
 2.08653e+23	8.68e-06	8.46e-03	3.18e-01	5.47e-01	1.11e-01	1.38e-02	1.29e-03	3.87e-06	0.00e+00	8.68e-06	5.78e-14	6.89e-14
 2.10067e+23	1.03e-05	9.42e-03	3.34e-01	5.39e-01	1.04e-01	1.24e-02	1.10e-03	3.10e-06	0.00e+00	1.03e-05	7.05e-14	8.39e-14
 2.11692e+23	1.27e-05	1.08e-02	3.55e-01	5.28e-01	9.55e-02	1.07e-02	9.08e-04	2.35e-06	0.00e+00	1.27e-05	9.05e-14	1.08e-13
 2.13346e+23	1.51e-05	1.20e-02	3.72e-01	5.17e-01	8.87e-02	9.48e-03	7.68e-04	1.85e-06	0.00e+00	1.51e-05	1.11e-13	1.32e-13
 2.15039e+23	1.88e-05	1.38e-02	3.94e-01	5.03e-01	8.09e-02	8.12e-03	6.23e-04	1.38e-06	0.00e+00	1.88e-05	1.44e-13	1.71e-13
 2.16752e+23	2.24e-05	1.54e-02	4.13e-01	4.90e-01	7.46e-02	7.12e-03	5.22e-04	1.07e-06	0.00e+00	2.24e-05	1.77e-13	2.10e-13
 2.18494e+23	2.78e-05	1.76e-02	4.36e-01	4.73e-01	6.74e-02	6.04e-03	4.19e-04	7.83e-07	0.00e+00	2.78e-05	2.30e-13	2.73e-13
 2.20271e+23	3.32e-05	1.97e-02	4.55e-01	4.58e-01	6.16e-02	5.25e-03	3.46e-04	6.00e-07	0.00e+00	3.32e-05	2.84e-13	3.37e-13
 2.21855e+23	3.94e-05	2.19e-02	4.74e-01	4.43e-01	5.64e-02	4.56e-03	2.87e-04	4.61e-07	0.00e+00	3.94e-05	3.50e-13	4.15e-13
 2.23677e+23	4.89e-05	2.51e-02	4.98e-01	4.23e-01	5.03e-02	3.81e-03	2.26e-04	3.30e-07	0.00e+00	4.89e-05	4.56e-13	5.41e-13
 2.25542e+23	5.84e-05	2.80e-02	5.18e-01	4.05e-01	4.54e-02	3.25e-03	1.84e-04	2.47e-07	0.00e+00	5.84e-05	5.66e-13	6.72e-13
 2.26964e+23	6.59e-05	3.01e-02	5.32e-01	3.92e-01	4.22e-02	2.91e-03	1.59e-04	2.01e-07	0.00e+00	6.59e-05	6.57e-13	7.79e-13
 2.28314e+23	7.72e-05	3.32e-02	5.50e-01	3.76e-01	3.84e-02	2.52e-03	1.32e-04	1.55e-07	0.00e+00	7.72e-05	7.97e-13	9.46e-13
 2.29693e+23	8.69e-05	3.57e-02	5.63e-01	3.63e-01	3.56e-02	2.25e-03	1.14e-04	0.00e+00	0.00e+00	8.69e-05	9.25e-13	1.10e-12
 2.31111e+23	1.02e-04	3.94e-02	5.81e-01	3.46e-01	3.22e-02	1.93e-03	9.33e-05	0.00e+00	0.00e+00	1.02e-04	1.13e-12	1.34e-12
 2.32545e+23	1.16e-04	4.24e-02	5.95e-01	3.32e-01	2.95e-02	1.70e-03	7.91e-05	0.00e+00	0.00e+00	1.16e-04	1.32e-12	1.56e-12
 2.34001e+23	1.35e-04	4.67e-02	6.11e-01	3.14e-01	2.65e-02	1.45e-03	6.45e-05	0.00e+00	0.00e+00	1.35e-04	1.61e-12	1.90e-12
 2.35489e+23	1.54e-04	5.04e-02	6.25e-01	2.99e-01	2.41e-02	1.26e-03	5.40e-05	0.00e+00	0.00e+00	1.54e-04	1.89e-12	2.24e-12
 2.37017e+23	1.81e-04	5.57e-02	6.40e-01	2.81e-01	2.14e-02	1.06e-03	4.32e-05	0.00e+00	0.00e+00	1.81e-04	2.33e-12	2.75e-12
 2.38551e+23	2.05e-04	5.98e-02	6.53e-01	2.67e-01	1.94e-02	9.17e-04	3.61e-05	0.00e+00	0.00e+00	2.05e-04	2.72e-12	3.22e-12
 2.40092e+23	2.41e-04	6.59e-02	6.67e-01	2.49e-01	1.71e-02	7.64e-04	2.87e-05	0.00e+00	0.00e+00	2.41e-04	3.35e-12	3.96e-12
 2.41654e+23	2.72e-04	7.08e-02	6.78e-01	2.35e-01	1.54e-02	6.57e-04	2.37e-05	0.00e+00	0.00e+00	2.72e-04	3.91e-12	4.63e-12
 2.43245e+23	3.18e-04	7.78e-02	6.91e-01	2.17e-01	1.35e-02	5.44e-04	1.87e-05	0.00e+00	0.00e+00	3.18e-04	4.81e-12	5.69e-12
 2.44886e+23	3.62e-04	8.38e-02	7.01e-01	2.03e-01	1.20e-02	4.60e-04	1.52e-05	0.00e+00	0.00e+00	3.62e-04	5.68e-12	6.72e-12
 2.46592e+23	4.29e-04	9.27e-02	7.11e-01	1.85e-01	1.03e-02	3.71e-04	1.16e-05	0.00e+00	0.00e+00	4.29e-04	7.09e-12	8.38e-12
 2.48311e+23	4.86e-04	9.95e-02	7.19e-01	1.71e-01	9.07e-03	3.11e-04	9.34e-06	0.00e+00	0.00e+00	4.86e-04	8.37e-12	9.90e-12
 2.50047e+23	5.74e-04	1.10e-01	7.27e-01	1.55e-01	7.75e-03	2.49e-04	7.11e-06	0.00e+00	0.00e+00	5.74e-04	1.04e-11	1.23e-11
 2.51822e+23	6.55e-04	1.18e-01	7.32e-01	1.42e-01	6.74e-03	2.05e-04	5.61e-06	0.00e+00	0.00e+00	6.55e-04	1.24e-11	1.46e-11
 2.53648e+23	7.81e-04	1.31e-01	7.36e-01	1.26e-01	5.65e-03	1.60e-04	4.16e-06	0.00e+00	0.00e+00	7.81e-04	1.56e-11	1.84e-11
 2.55470e+23	8.86e-04	1.41e-01	7.39e-01	1.14e-01	4.89e-03	1.32e-04	3.27e-06	0.00e+00	0.00e+00	8.86e-04	1.84e-11	2.17e-11
 2.57286e+23	1.06e-03	1.56e-01	7.38e-01	1.01e-01	4.08e-03	1.02e-04	2.41e-06	0.00e+00	0.00e+00	1.06e-03	2.30e-11	2.72e-11
 2.59114e+23	1.20e-03	1.67e-01	7.37e-01	9.05e-02	3.50e-03	8.25e-05	1.87e-06	0.00e+00	0.00e+00	1.20e-03	2.73e-11	3.23e-11
 2.60958e+23	1.43e-03	1.85e-01	7.32e-01	7.84e-02	2.89e-03	6.27e-05	1.36e-06	0.00e+00	0.00e+00	1.43e-03	3.44e-11	4.07e-11
 2.62810e+23	1.64e-03	1.99e-01	7.27e-01	6.95e-02	2.46e-03	5.02e-05	1.05e-06	0.00e+00	0.00e+00	1.64e-03	4.09e-11	4.84e-11
 2.64674e+23	1.97e-03	2.22e-01	7.15e-01	5.91e-02	2.00e-03	3.72e-05	7.45e-07	0.00e+00	0.00e+00	1.97e-03	5.20e-11	6.16e-11
 2.66535e+23	2.25e-03	2.39e-01	7.05e-01	5.17e-02	1.70e-03	2.94e-05	5.71e-07	0.00e+00	0.00e+00	2.25e-03	6.20e-11	7.34e-11
 2.68392e+23	2.73e-03	2.66e-01	6.87e-01	4.31e-02	1.37e-03	2.14e-05	4.01e-07	0.00e+00	0.00e+00	2.73e-03	7.92e-11	9.38e-11
 2.70254e+23	3.14e-03	2.87e-01	6.72e-01	3.70e-02	1.15e-03	1.66e-05	3.03e-07	0.00e+00	0.00e+00	3.14e-03	9.51e-11	1.13e-10
 2.72123e+23	3.84e-03	3.20e-01	6.45e-01	3.00e-02	9.19e-04	1.17e-05	2.09e-07	0.00e+00	0.00e+00	3.84e-03	1.23e-10	1.45e-10
 2.73997e+23	4.46e-03	3.47e-01	6.23e-01	2.52e-02	7.65e-04	8.79e-06	1.55e-07	0.00e+00	0.00e+00	4.46e-03	1.49e-10	1.76e-10
 2.75877e+23	5.47e-03	3.85e-01	5.89e-01	1.98e-02	6.05e-04	6.01e-06	0.00e+00	0.00e+00	0.00e+00	5.47e-03	1.92e-10	2.28e-10
 2.77776e+23	6.47e-03	4.19e-01	5.58e-01	1.60e-02	4.96e-04	4.33e-06	0.00e+00	0.00e+00	0.00e+00	6.47e-03	2.37e-10	2.81e-10
 2.79700e+23	8.06e-03	4.65e-01	5.14e-01	1.20e-02	3.84e-04	2.79e-06	0.00e+00	0.00e+00	0.00e+00	8.06e-03	3.12e-10	3.71e-10
 2.81640e+23	9.67e-03	5.05e-01	4.75e-01	9.29e-03	3.09e-04	1.90e-06	0.00e+00	0.00e+00	0.00e+00	9.67e-03	3.91e-10	4.64e-10
 2.83600e+23	1.22e-02	5.57e-01	4.24e-01	6.60e-03	2.35e-04	1.15e-06	0.00e+00	0.00e+00	0.00e+00	1.22e-02	5.20e-10	6.18e-10
 2.85562e+23	1.49e-02	6.03e-01	3.77e-01	4.78e-03	1.84e-04	7.24e-07	0.00e+00	0.00e+00	0.00e+00	1.49e-02	6.64e-10	7.89e-10
 2.87030e+23	1.74e-02	6.37e-01	3.42e-01	3.70e-03	1.52e-04	5.04e-07	0.00e+00	0.00e+00	0.00e+00	1.74e-02	7.99e-10	9.48e-10
 2.88441e+23	2.09e-02	6.75e-01	3.01e-01	2.70e-03	1.21e-04	3.23e-07	0.00e+00	0.00e+00	0.00e+00	2.09e-02	9.97e-10	1.18e-09
 2.89965e+23	2.53e-02	7.13e-01	2.60e-01	1.92e-03	9.55e-05	2.02e-07	0.00e+00	0.00e+00	0.00e+00	2.53e-02	1.25e-09	1.48e-09
 2.91388e+23	3.06e-02	7.46e-01	2.22e-01	1.35e-03	7.45e-05	1.24e-07	0.00e+00	0.00e+00	0.00e+00	3.06e-02	1.56e-09	1.85e-09
 2.92752e+23	3.71e-02	7.77e-01	1.85e-01	9.28e-04	5.75e-05	0.00e+00	0.00e+00	0.00e+00	0.00e+00	3.71e-02	1.96e-09	2.33e-09
 2.94041e+23	4.51e-02	8.02e-01	1.52e-01	6.31e-04	4.38e-05	0.00e+00	0.00e+00	0.00e+00	0.00e+00	4.51e-02	2.46e-09	2.92e-09
 2.95243e+23	5.49e-02	8.21e-01	1.23e-01	4.25e-04	3.30e-05	0.00e+00	0.00e+00	0.00e+00	0.00e+00	5.49e-02	3.08e-09	3.65e-09
 2.96353e+23	6.67e-02	8.34e-01	9.86e-02	2.86e-04	2.46e-05	0.00e+00	0.00e+00	0.00e+00	0.00e+00	6.67e-02	3.84e-09	4.55e-09
 2.97377e+23	8.12e-02	8.41e-01	7.75e-02	1.92e-04	1.81e-05	0.00e+00	0.00e+00	0.00e+00	0.00e+00	8.12e-02	4.78e-09	5.66e-09
 2.98318e+23	9.87e-02	8.41e-01	6.02e-02	1.30e-04	1.31e-05	0.00e+00	0.00e+00	0.00e+00	0.00e+00	9.87e-02	5.91e-09	6.99e-09
 2.99163e+23	1.19e-01	8.34e-01	4.65e-02	8.91e-05	9.49e-06	0.00e+00	0.00e+00	0.00e+00	0.00e+00	1.19e-01	7.21e-09	8.52e-09
 2.99916e+23	1.42e-01	8.22e-01	3.59e-02	6.26e-05	6.82e-06	0.00e+00	0.00e+00	0.00e+00	0.00e+00	1.42e-01	8.68e-09	1.03e-08
 3.00589e+23	1.68e-01	8.04e-01	2.78e-02	4.52e-05	4.94e-06	0.00e+00	0.00e+00	0.00e+00	0.00e+00	1.68e-01	1.03e-08	1.21e-08
 3.01202e+23	1.98e-01	7.81e-01	2.14e-02	3.32e-05	3.55e-06	0.00e+00	0.00e+00	0.00e+00	0.00e+00	1.98e-01	1.20e-08	1.42e-08
 3.01763e+23	2.29e-01	7.54e-01	1.66e-02	2.50e-05	2.57e-06	0.00e+00	0.00e+00	0.00e+00	0.00e+00	2.29e-01	1.38e-08	1.62e-08
 3.02283e+23	2.63e-01	7.24e-01	1.29e-02	1.91e-05	1.85e-06	0.00e+00	0.00e+00	0.00e+00	0.00e+00	2.63e-01	1.56e-08	1.84e-08
 3.02772e+23	3.01e-01	6.89e-01	9.94e-03	1.48e-05	1.33e-06	0.00e+00	0.00e+00	0.00e+00	0.00e+00	3.01e-01	1.75e-08	2.06e-08
 3.03220e+23	3.39e-01	6.53e-01	7.74e-03	1.16e-05	9.64e-07	0.00e+00	0.00e+00	0.00e+00	0.00e+00	3.39e-01	1.92e-08	2.26e-08
 3.03621e+23	3.77e-01	6.17e-01	6.12e-03	9.41e-06	7.14e-07	0.00e+00	0.00e+00	0.00e+00	0.00e+00	3.77e-01	2.07e-08	2.43e-08
 3.03971e+23	4.11e-01	5.84e-01	4.96e-03	7.82e-06	5.46e-07	0.00e+00	0.00e+00	0.00e+00	0.00e+00	4.11e-01	2.19e-08	2.57e-08
 3.04225e+23	4.36e-01	5.60e-01	4.26e-03	6.87e-06	4.51e-07	0.00e+00	0.00e+00	0.00e+00	0.00e+00	4.36e-01	2.27e-08	2.66e-08
 3.04399e+23	4.54e-01	5.42e-01	3.82e-03	6.29e-06	3.94e-07	0.00e+00	0.00e+00	0.00e+00	0.00e+00	4.54e-01	2.32e-08	2.72e-08
 3.04576e+23	4.72e-01	5.25e-01	3.42e-03	5.73e-06	3.41e-07	0.00e+00	0.00e+00	0.00e+00	0.00e+00	4.72e-01	2.37e-08	2.78e-08
 3.04790e+23	4.94e-01	5.03e-01	2.98e-03	5.13e-06	2.87e-07	0.00e+00	0.00e+00	0.00e+00	0.00e+00	4.94e-01	2.42e-08	2.84e-08
 3.05026e+23	5.19e-01	4.79e-01	2.56e-03	4.55e-06	2.37e-07	0.00e+00	0.00e+00	0.00e+00	0.00e+00	5.19e-01	2.47e-08	2.89e-08
 3.05263e+23	5.43e-01	4.55e-01	2.20e-03	4.05e-06	1.97e-07	0.00e+00	0.00e+00	0.00e+00	0.00e+00	5.43e-01	2.51e-08	2.94e-08
 3.05493e+23	5.65e-01	4.33e-01	1.90e-03	3.62e-06	1.64e-07	0.00e+00	0.00e+00	0.00e+00	0.00e+00	5.65e-01	2.54e-08	2.97e-08
 3.05715e+23	5.86e-01	4.12e-01	1.65e-03	3.27e-06	1.38e-07	0.00e+00	0.00e+00	0.00e+00	0.00e+00	5.86e-01	2.56e-08	2.99e-08
 3.05890e+23	6.01e-01	3.97e-01	1.49e-03	3.03e-06	0.00e+00	0.00e+00	0.00e+00	0.00e+00	0.00e+00	6.01e-01	2.57e-08	3.00e-08
 3.06011e+23	6.12e-01	3.87e-01	1.38e-03	2.88e-06	0.00e+00	0.00e+00	0.00e+00	0.00e+00	0.00e+00	6.12e-01	2.57e-08	3.01e-08
 3.06129e+23	6.22e-01	3.76e-01	1.28e-03	2.73e-06	0.00e+00	0.00e+00	0.00e+00	0.00e+00	0.00e+00	6.22e-01	2.57e-08	3.01e-08
 3.06268e+23	6.34e-01	3.65e-01	1.18e-03	2.57e-06	0.00e+00	0.00e+00	0.00e+00	0.00e+00	0.00e+00	6.34e-01	2.58e-08	3.01e-08
 3.06420e+23	6.46e-01	3.53e-01	1.07e-03	2.41e-06	0.00e+00	0.00e+00	0.00e+00	0.00e+00	0.00e+00	6.46e-01	2.58e-08	3.01e-08
 3.06573e+23	6.58e-01	3.41e-01	9.79e-04	2.26e-06	0.00e+00	0.00e+00	0.00e+00	0.00e+00	0.00e+00	6.58e-01	2.57e-08	3.00e-08
 3.06722e+23	6.69e-01	3.30e-01	8.97e-04	2.13e-06	0.00e+00	0.00e+00	0.00e+00	0.00e+00	0.00e+00	6.69e-01	2.57e-08	3.00e-08
 3.06872e+23	6.80e-01	3.19e-01	8.20e-04	2.01e-06	0.00e+00	0.00e+00	0.00e+00	0.00e+00	0.00e+00	6.80e-01	2.56e-08	2.99e-08
 3.07029e+23	6.91e-01	3.08e-01	7.49e-04	1.89e-06	0.00e+00	0.00e+00	0.00e+00	0.00e+00	0.00e+00	6.91e-01	2.55e-08	2.98e-08
 3.07190e+23	7.02e-01	2.98e-01	6.82e-04	1.78e-06	0.00e+00	0.00e+00	0.00e+00	0.00e+00	0.00e+00	7.02e-01	2.54e-08	2.96e-08
 3.07354e+23	7.12e-01	2.87e-01	6.21e-04	1.68e-06	0.00e+00	0.00e+00	0.00e+00	0.00e+00	0.00e+00	7.12e-01	2.53e-08	2.95e-08
 3.07519e+23	7.22e-01	2.77e-01	5.66e-04	1.58e-06	0.00e+00	0.00e+00	0.00e+00	0.00e+00	0.00e+00	7.22e-01	2.52e-08	2.93e-08
 3.07690e+23	7.32e-01	2.67e-01	5.15e-04	1.49e-06	0.00e+00	0.00e+00	0.00e+00	0.00e+00	0.00e+00	7.32e-01	2.50e-08	2.91e-08
 3.07867e+23	7.42e-01	2.57e-01	4.67e-04	1.40e-06	0.00e+00	0.00e+00	0.00e+00	0.00e+00	0.00e+00	7.42e-01	2.48e-08	2.89e-08
 3.08046e+23	7.52e-01	2.48e-01	4.24e-04	1.32e-06	0.00e+00	0.00e+00	0.00e+00	0.00e+00	0.00e+00	7.52e-01	2.47e-08	2.87e-08
 3.08228e+23	7.61e-01	2.39e-01	3.84e-04	1.25e-06	0.00e+00	0.00e+00	0.00e+00	0.00e+00	0.00e+00	7.61e-01	2.45e-08	2.85e-08
 3.08414e+23	7.70e-01	2.29e-01	3.48e-04	1.17e-06	0.00e+00	0.00e+00	0.00e+00	0.00e+00	0.00e+00	7.70e-01	2.43e-08	2.82e-08
 3.08538e+23	7.78e-01	2.21e-01	3.21e-04	1.11e-06	0.00e+00	0.00e+00	0.00e+00	0.00e+00	0.00e+00	7.78e-01	2.40e-08	2.79e-08
