#depth	Cl	Cl+	Cl+2	Cl+3	Cl+4	Cl+5	Cl+6	Cl+7	Cl+8	Cl+9	Cl+10	Cl+11	Cl+12	Cl+13	Cl+14	Cl+15	Cl+16	Cl+17
 1.54284e+22	3.72e-32	2.15e-18	2.29e-15	5.99e-13	3.38e-11	1.06e-09	3.28e-08	2.83e-05	1.51e-03	2.29e-02	1.00e-01	2.29e-01	2.58e-01	1.43e-01	8.82e-02	1.34e-01	2.23e-02	1.24e-03
 3.43436e+22	3.16e-30	1.29e-16	9.01e-14	1.42e-11	4.89e-10	9.18e-09	1.75e-07	1.05e-04	4.72e-03	5.95e-02	1.96e-01	3.08e-01	2.45e-01	9.49e-02	4.18e-02	4.53e-02	4.91e-03	1.78e-04
 3.95729e+22	4.91e-30	6.62e-16	3.94e-13	5.11e-11	1.46e-09	2.26e-08	3.58e-07	1.80e-04	7.27e-03	8.31e-02	2.40e-01	3.20e-01	2.20e-01	7.28e-02	2.82e-02	2.66e-02	2.39e-03	7.21e-05
 4.21864e+22	1.13e-29	1.41e-15	7.84e-13	9.31e-11	2.46e-09	3.47e-08	5.05e-07	2.32e-04	8.87e-03	9.62e-02	2.61e-01	3.20e-01	2.05e-01	6.32e-02	2.31e-02	2.03e-02	1.67e-03	4.62e-05
 4.32911e+22	1.42e-29	1.74e-15	9.47e-13	1.10e-10	2.83e-09	3.90e-08	5.55e-07	2.49e-04	9.36e-03	1.00e-01	2.67e-01	3.20e-01	2.01e-01	6.06e-02	2.18e-02	1.89e-02	1.51e-03	4.08e-05
 4.38283e+22	1.85e-29	2.23e-15	1.18e-12	1.34e-10	3.35e-09	4.49e-08	6.21e-07	2.70e-04	9.98e-03	1.05e-01	2.74e-01	3.19e-01	1.96e-01	5.77e-02	2.04e-02	1.72e-02	1.34e-03	3.52e-05
 4.45266e+22	2.63e-29	3.05e-15	1.58e-12	1.72e-10	4.17e-09	5.38e-08	7.19e-07	3.01e-04	1.08e-02	1.11e-01	2.82e-01	3.18e-01	1.89e-01	5.40e-02	1.86e-02	1.53e-02	1.15e-03	2.90e-05
 4.52389e+22	3.47e-29	3.93e-15	1.98e-12	2.10e-10	4.96e-09	6.22e-08	8.08e-07	3.29e-04	1.16e-02	1.16e-01	2.89e-01	3.16e-01	1.83e-01	5.12e-02	1.73e-02	1.39e-02	1.01e-03	2.48e-05
 4.59694e+22	4.98e-29	5.44e-15	2.66e-12	2.72e-10	6.21e-09	7.50e-08	9.39e-07	3.68e-04	1.26e-02	1.23e-01	2.97e-01	3.14e-01	1.76e-01	4.76e-02	1.57e-02	1.23e-02	8.60e-04	2.03e-05
 4.67235e+22	6.64e-29	7.05e-15	3.38e-12	3.36e-10	7.44e-09	8.73e-08	1.06e-06	4.03e-04	1.35e-02	1.29e-01	3.04e-01	3.12e-01	1.71e-01	4.49e-02	1.45e-02	1.11e-02	7.53e-04	1.72e-05
 4.75082e+22	9.76e-29	1.00e-14	4.64e-12	4.43e-10	9.46e-09	1.07e-07	1.25e-06	4.53e-04	1.47e-02	1.37e-01	3.12e-01	3.08e-01	1.63e-01	4.14e-02	1.30e-02	9.65e-03	6.28e-04	1.38e-05
 4.83015e+22	1.30e-28	1.29e-14	5.87e-12	5.46e-10	1.13e-08	1.24e-07	1.41e-06	4.97e-04	1.57e-02	1.43e-01	3.19e-01	3.05e-01	1.57e-01	3.89e-02	1.20e-02	8.69e-03	5.48e-04	1.16e-05
 4.91061e+22	1.90e-28	1.82e-14	8.00e-12	7.17e-10	1.43e-08	1.51e-07	1.65e-06	5.58e-04	1.71e-02	1.52e-01	3.27e-01	3.00e-01	1.49e-01	3.58e-02	1.08e-02	7.56e-03	4.57e-04	9.31e-06
 4.99277e+22	2.56e-28	2.38e-14	1.02e-11	8.91e-10	1.73e-08	1.77e-07	1.88e-06	6.14e-04	1.84e-02	1.58e-01	3.32e-01	2.96e-01	1.43e-01	3.35e-02	9.86e-03	6.76e-03	3.95e-04	7.80e-06
 5.07716e+22	3.80e-28	3.41e-14	1.42e-11	1.19e-09	2.22e-08	2.17e-07	2.22e-06	6.93e-04	2.00e-02	1.68e-01	3.40e-01	2.90e-01	1.36e-01	3.05e-02	8.76e-03	5.80e-03	3.25e-04	6.12e-06
 5.16214e+22	5.11e-28	4.44e-14	1.80e-11	1.47e-09	2.67e-08	2.54e-07	2.52e-06	7.61e-04	2.14e-02	1.75e-01	3.45e-01	2.86e-01	1.30e-01	2.84e-02	8.00e-03	5.17e-03	2.80e-04	5.11e-06
 5.24790e+22	7.59e-28	6.36e-14	2.50e-11	1.96e-09	3.42e-08	3.13e-07	2.98e-06	8.59e-04	2.34e-02	1.85e-01	3.52e-01	2.79e-01	1.22e-01	2.58e-02	7.07e-03	4.42e-03	2.29e-04	3.99e-06
 5.33480e+22	1.03e-27	8.38e-14	3.21e-11	2.44e-09	4.15e-08	3.67e-07	3.39e-06	9.44e-04	2.50e-02	1.93e-01	3.57e-01	2.73e-01	1.16e-01	2.39e-02	6.42e-03	3.91e-03	1.95e-04	3.29e-06
 5.42320e+22	1.53e-27	1.20e-13	4.45e-11	3.25e-09	5.31e-08	4.52e-07	4.01e-06	1.07e-03	2.72e-02	2.03e-01	3.63e-01	2.66e-01	1.09e-01	2.16e-02	5.65e-03	3.33e-03	1.59e-04	2.55e-06
 5.51346e+22	2.10e-27	1.61e-13	5.81e-11	4.10e-09	6.51e-08	5.35e-07	4.60e-06	1.18e-03	2.92e-02	2.12e-01	3.67e-01	2.59e-01	1.03e-01	1.98e-02	5.08e-03	2.91e-03	1.33e-04	2.07e-06
 5.58864e+22	2.76e-27	2.06e-13	7.30e-11	5.01e-09	7.74e-08	6.19e-07	5.17e-06	1.28e-03	3.10e-02	2.19e-01	3.71e-01	2.54e-01	9.82e-02	1.84e-02	4.63e-03	2.59e-03	1.15e-04	1.72e-06
 5.66888e+22	3.93e-27	2.86e-13	9.82e-11	6.50e-09	9.71e-08	7.48e-07	6.03e-06	1.43e-03	3.34e-02	2.30e-01	3.75e-01	2.46e-01	9.20e-02	1.66e-02	4.09e-03	2.21e-03	9.41e-05	1.35e-06
 5.74972e+22	5.16e-27	3.68e-13	1.23e-10	7.95e-09	1.16e-07	8.66e-07	6.79e-06	1.56e-03	3.54e-02	2.37e-01	3.78e-01	2.40e-01	8.73e-02	1.54e-02	3.72e-03	1.96e-03	8.07e-05	1.12e-06
 5.83134e+22	7.35e-27	5.13e-13	1.67e-10	1.03e-08	1.45e-07	1.05e-06	7.94e-06	1.74e-03	3.82e-02	2.48e-01	3.81e-01	2.31e-01	8.13e-02	1.38e-02	3.27e-03	1.67e-03	6.55e-05	8.70e-07
 5.91387e+22	9.66e-27	6.63e-13	2.10e-10	1.27e-08	1.74e-07	1.22e-06	8.97e-06	1.90e-03	4.05e-02	2.56e-01	3.83e-01	2.24e-01	7.68e-02	1.27e-02	2.95e-03	1.47e-03	5.57e-05	7.14e-07
 5.99757e+22	1.38e-26	9.30e-13	2.86e-10	1.66e-08	2.20e-07	1.49e-06	1.05e-05	2.13e-03	4.38e-02	2.68e-01	3.85e-01	2.15e-01	7.11e-02	1.13e-02	2.57e-03	1.23e-03	4.46e-05	5.47e-07
 6.08227e+22	1.81e-26	1.21e-12	3.63e-10	2.04e-08	2.64e-07	1.74e-06	1.20e-05	2.32e-03	4.64e-02	2.76e-01	3.86e-01	2.08e-01	6.68e-02	1.04e-02	2.31e-03	1.08e-03	3.76e-05	4.44e-07
 6.16826e+22	2.57e-26	1.70e-12	4.94e-10	2.68e-08	3.35e-07	2.12e-06	1.41e-05	2.61e-03	5.01e-02	2.88e-01	3.87e-01	1.99e-01	6.14e-02	9.19e-03	2.00e-03	8.98e-04	2.99e-05	3.36e-07
 6.25596e+22	3.42e-26	2.23e-12	6.33e-10	3.34e-08	4.06e-07	2.50e-06	1.61e-05	2.87e-03	5.33e-02	2.97e-01	3.87e-01	1.91e-01	5.73e-02	8.31e-03	1.78e-03	7.74e-04	2.47e-05	2.67e-07
 6.34588e+22	4.88e-26	3.17e-12	8.71e-10	4.42e-08	5.21e-07	3.09e-06	1.92e-05	3.24e-03	5.78e-02	3.10e-01	3.86e-01	1.81e-01	5.21e-02	7.27e-03	1.52e-03	6.35e-04	1.92e-05	1.98e-07
 6.43749e+22	6.47e-26	4.19e-12	1.12e-09	5.53e-08	6.36e-07	3.66e-06	2.21e-05	3.57e-03	6.15e-02	3.20e-01	3.85e-01	1.73e-01	4.82e-02	6.52e-03	1.34e-03	5.41e-04	1.57e-05	1.55e-07
 6.53129e+22	9.20e-26	6.00e-12	1.56e-09	7.39e-08	8.24e-07	4.57e-06	2.66e-05	4.06e-03	6.68e-02	3.33e-01	3.83e-01	1.62e-01	4.34e-02	5.62e-03	1.13e-03	4.37e-04	1.20e-05	0.00e+00
 6.62610e+22	1.21e-25	7.93e-12	2.00e-09	9.26e-08	1.01e-06	5.44e-06	3.08e-05	4.49e-03	7.12e-02	3.43e-01	3.80e-01	1.54e-01	3.99e-02	5.00e-03	9.87e-04	3.68e-04	9.66e-06	0.00e+00
 6.70612e+22	1.54e-25	1.02e-11	2.52e-09	1.14e-07	1.21e-06	6.38e-06	3.52e-05	4.92e-03	7.55e-02	3.53e-01	3.77e-01	1.47e-01	3.68e-02	4.47e-03	8.70e-04	3.14e-04	7.91e-06	0.00e+00
 6.79332e+22	2.07e-25	1.39e-11	3.36e-09	1.47e-07	1.54e-06	7.83e-06	4.18e-05	5.54e-03	8.13e-02	3.65e-01	3.73e-01	1.37e-01	3.31e-02	3.87e-03	7.37e-04	2.55e-04	6.09e-06	0.00e+00
 6.88095e+22	2.59e-25	1.78e-11	4.20e-09	1.80e-07	1.85e-06	9.19e-06	4.80e-05	6.09e-03	8.62e-02	3.74e-01	3.69e-01	1.30e-01	3.03e-02	3.44e-03	6.46e-04	2.16e-04	4.94e-06	0.00e+00
 6.96648e+22	3.37e-25	2.37e-11	5.48e-09	2.30e-07	2.31e-06	1.12e-05	5.67e-05	6.82e-03	9.25e-02	3.86e-01	3.63e-01	1.21e-01	2.72e-02	2.97e-03	5.48e-04	1.75e-04	3.82e-06	0.00e+00
 7.05375e+22	4.18e-25	3.01e-11	6.86e-09	2.82e-07	2.79e-06	1.32e-05	6.54e-05	7.53e-03	9.82e-02	3.95e-01	3.57e-01	1.14e-01	2.47e-02	2.62e-03	4.75e-04	1.47e-04	3.05e-06	0.00e+00
 7.13937e+22	5.21e-25	3.91e-11	8.75e-09	3.53e-07	3.45e-06	1.59e-05	7.69e-05	8.41e-03	1.05e-01	4.06e-01	3.50e-01	1.06e-01	2.22e-02	2.26e-03	4.04e-04	1.19e-04	2.36e-06	0.00e+00
 7.22676e+22	6.34e-25	4.95e-11	1.09e-08	4.34e-07	4.18e-06	1.89e-05	8.94e-05	9.31e-03	1.12e-01	4.15e-01	3.43e-01	9.86e-02	2.00e-02	1.97e-03	3.46e-04	9.85e-05	1.86e-06	0.00e+00
 7.31289e+22	7.70e-25	6.27e-11	1.37e-08	5.36e-07	5.11e-06	2.26e-05	1.05e-04	1.04e-02	1.19e-01	4.24e-01	3.35e-01	9.14e-02	1.79e-02	1.70e-03	2.94e-04	8.03e-05	1.44e-06	0.00e+00
 7.39973e+22	9.21e-25	7.82e-11	1.69e-08	6.56e-07	6.19e-06	2.68e-05	1.22e-04	1.15e-02	1.26e-01	4.33e-01	3.27e-01	8.47e-02	1.60e-02	1.47e-03	2.51e-04	6.57e-05	1.13e-06	0.00e+00
 7.48552e+22	1.09e-24	9.67e-11	2.08e-08	8.00e-07	7.48e-06	3.18e-05	1.42e-04	1.27e-02	1.34e-01	4.41e-01	3.18e-01	7.83e-02	1.43e-02	1.27e-03	2.13e-04	5.37e-05	8.76e-07	0.00e+00
 7.57115e+22	1.28e-24	1.18e-10	2.54e-08	9.69e-07	9.01e-06	3.76e-05	1.65e-04	1.41e-02	1.42e-01	4.48e-01	3.09e-01	7.23e-02	1.27e-02	1.09e-03	1.81e-04	4.38e-05	6.82e-07	0.00e+00
 7.65689e+22	1.48e-24	1.44e-10	3.08e-08	1.17e-06	1.08e-05	4.44e-05	1.92e-04	1.56e-02	1.50e-01	4.55e-01	2.99e-01	6.66e-02	1.13e-02	9.40e-04	1.53e-04	3.57e-05	5.29e-07	0.00e+00
 7.74292e+22	1.71e-24	1.74e-10	3.72e-08	1.41e-06	1.30e-05	5.24e-05	2.23e-04	1.72e-02	1.59e-01	4.62e-01	2.90e-01	6.12e-02	1.01e-02	8.07e-04	1.30e-04	2.90e-05	4.10e-07	0.00e+00
 7.82934e+22	1.97e-24	2.08e-10	4.47e-08	1.69e-06	1.55e-05	6.17e-05	2.59e-04	1.90e-02	1.68e-01	4.67e-01	2.79e-01	5.62e-02	8.93e-03	6.92e-04	1.10e-04	2.36e-05	3.17e-07	0.00e+00
 7.91650e+22	2.25e-24	2.47e-10	5.35e-08	2.02e-06	1.85e-05	7.25e-05	3.01e-04	2.10e-02	1.77e-01	4.72e-01	2.69e-01	5.14e-02	7.91e-03	5.93e-04	9.27e-05	1.91e-05	2.45e-07	0.00e+00
 8.00458e+22	2.57e-24	2.92e-10	6.38e-08	2.41e-06	2.21e-05	8.52e-05	3.49e-04	2.32e-02	1.87e-01	4.76e-01	2.59e-01	4.69e-02	6.99e-03	5.06e-04	7.80e-05	1.54e-05	1.89e-07	0.00e+00
 8.09315e+22	2.94e-24	3.43e-10	7.58e-08	2.87e-06	2.62e-05	9.98e-05	4.05e-04	2.55e-02	1.97e-01	4.79e-01	2.48e-01	4.28e-02	6.17e-03	4.33e-04	6.57e-05	1.25e-05	1.45e-07	0.00e+00
 8.18312e+22	3.36e-24	4.01e-10	9.00e-08	3.42e-06	3.12e-05	1.17e-04	4.71e-04	2.82e-02	2.07e-01	4.82e-01	2.37e-01	3.89e-02	5.42e-03	3.67e-04	5.49e-05	1.00e-05	0.00e+00	0.00e+00
 8.27404e+22	3.84e-24	4.66e-10	1.06e-07	4.04e-06	3.69e-05	1.37e-04	5.45e-04	3.10e-02	2.18e-01	4.83e-01	2.27e-01	3.53e-02	4.77e-03	3.13e-04	4.61e-05	8.08e-06	0.00e+00	0.00e+00
 8.36676e+22	1.17e-23	5.42e-10	1.26e-07	4.81e-06	4.39e-05	1.61e-04	6.35e-04	3.43e-02	2.29e-01	4.84e-01	2.16e-01	3.19e-02	4.17e-03	2.64e-04	3.83e-05	6.44e-06	0.00e+00	0.00e+00
 8.46111e+22	1.35e-23	6.26e-10	1.49e-07	5.69e-06	5.19e-05	1.88e-04	7.35e-04	3.77e-02	2.40e-01	4.84e-01	2.05e-01	2.88e-02	3.65e-03	2.24e-04	3.20e-05	5.16e-06	0.00e+00	0.00e+00
 8.54755e+22	1.54e-23	7.06e-10	1.71e-07	6.54e-06	5.97e-05	2.14e-04	8.31e-04	4.08e-02	2.49e-01	4.83e-01	1.96e-01	2.64e-02	3.26e-03	1.95e-04	2.74e-05	4.28e-06	0.00e+00	0.00e+00
 8.63779e+22	1.80e-23	8.15e-10	2.03e-07	7.79e-06	7.12e-05	2.51e-04	9.71e-04	4.51e-02	2.61e-01	4.81e-01	1.85e-01	2.36e-02	2.83e-03	1.63e-04	2.25e-05	3.37e-06	0.00e+00	0.00e+00
 8.72954e+22	2.07e-23	9.19e-10	2.33e-07	8.97e-06	8.19e-05	2.86e-04	1.10e-03	4.87e-02	2.71e-01	4.78e-01	1.76e-01	2.16e-02	2.52e-03	1.41e-04	1.93e-05	2.78e-06	0.00e+00	0.00e+00
 8.82418e+22	2.48e-23	1.07e-09	2.79e-07	1.07e-05	9.78e-05	3.37e-04	1.28e-03	5.38e-02	2.84e-01	4.74e-01	1.65e-01	1.92e-02	2.16e-03	1.17e-04	1.57e-05	2.17e-06	0.00e+00	0.00e+00
 8.91907e+22	2.88e-23	1.20e-09	3.20e-07	1.23e-05	1.12e-04	3.82e-04	1.45e-03	5.80e-02	2.94e-01	4.70e-01	1.57e-01	1.75e-02	1.93e-03	1.01e-04	1.34e-05	1.79e-06	0.00e+00	0.00e+00
 9.01427e+22	3.49e-23	1.38e-09	3.80e-07	1.47e-05	1.33e-04	4.48e-04	1.69e-03	6.39e-02	3.06e-01	4.64e-01	1.47e-01	1.55e-02	1.65e-03	8.38e-05	1.09e-05	1.40e-06	0.00e+00	0.00e+00
 9.10984e+22	4.09e-23	1.55e-09	4.37e-07	1.68e-05	1.52e-04	5.05e-04	1.89e-03	6.87e-02	3.15e-01	4.59e-01	1.39e-01	1.41e-02	1.47e-03	7.26e-05	9.32e-06	1.15e-06	0.00e+00	0.00e+00
 9.20587e+22	5.02e-23	1.78e-09	5.21e-07	2.00e-05	1.80e-04	5.89e-04	2.19e-03	7.53e-02	3.28e-01	4.51e-01	1.29e-01	1.25e-02	1.26e-03	6.02e-05	7.59e-06	9.00e-07	0.00e+00	0.00e+00
 9.30293e+22	5.96e-23	2.01e-09	5.99e-07	2.29e-05	2.06e-04	6.64e-04	2.46e-03	8.07e-02	3.37e-01	4.45e-01	1.22e-01	1.13e-02	1.12e-03	5.20e-05	6.47e-06	7.42e-07	0.00e+00	0.00e+00
 9.40132e+22	7.41e-23	2.32e-09	7.16e-07	2.72e-05	2.44e-04	7.74e-04	2.84e-03	8.83e-02	3.49e-01	4.35e-01	1.13e-01	9.97e-03	9.58e-04	4.29e-05	5.24e-06	5.76e-07	0.00e+00	0.00e+00
 9.50103e+22	8.89e-23	2.62e-09	8.28e-07	3.13e-05	2.78e-04	8.71e-04	3.18e-03	9.45e-02	3.57e-01	4.28e-01	1.06e-01	9.01e-03	8.47e-04	3.69e-05	4.45e-06	4.73e-07	0.00e+00	0.00e+00
 9.60245e+22	1.12e-22	3.05e-09	9.96e-07	3.73e-05	3.30e-04	1.01e-03	3.68e-03	1.03e-01	3.69e-01	4.17e-01	9.79e-02	7.89e-03	7.21e-04	3.04e-05	3.59e-06	3.65e-07	0.00e+00	0.00e+00
 9.70575e+22	1.37e-22	3.47e-09	1.16e-06	4.31e-05	3.77e-04	1.14e-03	4.11e-03	1.10e-01	3.77e-01	4.08e-01	9.16e-02	7.10e-03	6.34e-04	2.60e-05	3.03e-06	2.98e-07	0.00e+00	0.00e+00
 9.81149e+22	1.77e-22	4.08e-09	1.41e-06	5.17e-05	4.48e-04	1.33e-03	4.75e-03	1.20e-01	3.87e-01	3.95e-01	8.37e-02	6.17e-03	5.36e-04	2.12e-05	2.42e-06	2.28e-07	0.00e+00	0.00e+00
 9.91966e+22	2.19e-22	4.70e-09	1.65e-06	6.01e-05	5.14e-04	1.50e-03	5.32e-03	1.28e-01	3.95e-01	3.85e-01	7.79e-02	5.52e-03	4.69e-04	1.80e-05	2.03e-06	1.84e-07	0.00e+00	0.00e+00
 1.00310e+23	2.90e-22	5.60e-09	2.03e-06	7.27e-05	6.13e-04	1.75e-03	6.15e-03	1.40e-01	4.05e-01	3.71e-01	7.06e-02	4.75e-03	3.93e-04	1.45e-05	1.61e-06	1.39e-07	0.00e+00	0.00e+00
 1.01445e+23	3.66e-22	6.53e-09	2.41e-06	8.50e-05	7.06e-04	1.98e-03	6.87e-03	1.49e-01	4.11e-01	3.60e-01	6.54e-02	4.23e-03	3.42e-04	1.23e-05	1.34e-06	0.00e+00	0.00e+00	0.00e+00
 1.02401e+23	4.51e-22	7.46e-09	2.79e-06	9.75e-05	7.99e-04	2.20e-03	7.58e-03	1.57e-01	4.17e-01	3.50e-01	6.09e-02	3.80e-03	3.01e-04	1.05e-05	1.13e-06	0.00e+00	0.00e+00	0.00e+00
 1.03438e+23	5.92e-22	8.87e-09	3.39e-06	1.16e-04	9.36e-04	2.52e-03	8.60e-03	1.69e-01	4.24e-01	3.36e-01	5.54e-02	3.31e-03	2.55e-04	8.63e-06	9.11e-07	0.00e+00	0.00e+00	0.00e+00
 1.04445e+23	7.23e-22	1.01e-08	3.91e-06	1.32e-04	1.05e-03	2.78e-03	9.38e-03	1.77e-01	4.28e-01	3.27e-01	5.17e-02	2.99e-03	2.27e-04	7.49e-06	7.81e-07	0.00e+00	0.00e+00	0.00e+00
 1.05415e+23	9.34e-22	1.19e-08	4.69e-06	1.56e-04	1.21e-03	3.15e-03	1.05e-02	1.89e-01	4.32e-01	3.14e-01	4.71e-02	2.62e-03	1.94e-04	6.20e-06	6.37e-07	0.00e+00	0.00e+00	0.00e+00
 1.06395e+23	1.16e-21	1.37e-08	5.44e-06	1.78e-04	1.36e-03	3.46e-03	1.14e-02	1.98e-01	4.35e-01	3.04e-01	4.39e-02	2.37e-03	1.72e-04	5.38e-06	5.45e-07	0.00e+00	0.00e+00	0.00e+00
 1.07388e+23	1.52e-21	1.64e-08	6.56e-06	2.10e-04	1.57e-03	3.92e-03	1.28e-02	2.10e-01	4.39e-01	2.91e-01	3.99e-02	2.06e-03	1.47e-04	4.44e-06	4.43e-07	0.00e+00	0.00e+00	0.00e+00
 1.08395e+23	1.90e-21	1.90e-08	7.65e-06	2.41e-04	1.77e-03	4.32e-03	1.39e-02	2.19e-01	4.41e-01	2.81e-01	3.70e-02	1.86e-03	1.30e-04	3.83e-06	3.77e-07	0.00e+00	0.00e+00	0.00e+00
 1.09422e+23	2.53e-21	2.29e-08	9.29e-06	2.87e-04	2.05e-03	4.88e-03	1.55e-02	2.32e-01	4.42e-01	2.67e-01	3.34e-02	1.61e-03	1.10e-04	3.14e-06	3.04e-07	0.00e+00	0.00e+00	0.00e+00
 1.10463e+23	3.22e-21	2.69e-08	1.09e-05	3.30e-04	2.31e-03	5.38e-03	1.69e-02	2.42e-01	4.43e-01	2.57e-01	3.09e-02	1.44e-03	9.68e-05	2.70e-06	2.58e-07	0.00e+00	0.00e+00	0.00e+00
 1.11525e+23	4.34e-21	3.28e-08	1.33e-05	3.94e-04	2.68e-03	6.09e-03	1.88e-02	2.56e-01	4.43e-01	2.44e-01	2.77e-02	1.24e-03	8.14e-05	2.20e-06	2.06e-07	0.00e+00	0.00e+00	0.00e+00
 1.12604e+23	5.59e-21	3.90e-08	1.58e-05	4.55e-04	3.03e-03	6.71e-03	2.04e-02	2.67e-01	4.42e-01	2.34e-01	2.55e-02	1.11e-03	7.13e-05	1.88e-06	1.74e-07	0.00e+00	0.00e+00	0.00e+00
 1.13706e+23	7.69e-21	4.81e-08	1.94e-05	5.47e-04	3.53e-03	7.60e-03	2.27e-02	2.81e-01	4.41e-01	2.20e-01	2.27e-02	9.50e-04	5.96e-05	1.52e-06	1.38e-07	0.00e+00	0.00e+00	0.00e+00
 1.14833e+23	1.01e-20	5.79e-08	2.32e-05	6.36e-04	3.99e-03	8.39e-03	2.46e-02	2.92e-01	4.39e-01	2.10e-01	2.07e-02	8.42e-04	5.18e-05	1.28e-06	0.00e+00	0.00e+00	0.00e+00	0.00e+00
 1.15992e+23	1.42e-20	7.27e-08	2.89e-05	7.71e-04	4.67e-03	9.53e-03	2.74e-02	3.07e-01	4.35e-01	1.96e-01	1.83e-02	7.14e-04	4.28e-05	1.02e-06	0.00e+00	0.00e+00	0.00e+00	0.00e+00
 1.17182e+23	1.89e-20	8.85e-08	3.47e-05	9.03e-04	5.31e-03	1.05e-02	2.97e-02	3.19e-01	4.31e-01	1.86e-01	1.66e-02	6.26e-04	3.68e-05	8.56e-07	0.00e+00	0.00e+00	0.00e+00	0.00e+00
 1.18412e+23	2.74e-20	1.14e-07	4.39e-05	1.11e-03	6.25e-03	1.20e-02	3.30e-02	3.34e-01	4.25e-01	1.73e-01	1.45e-02	5.26e-04	3.01e-05	6.75e-07	0.00e+00	0.00e+00	0.00e+00	0.00e+00
 1.19655e+23	3.69e-20	1.40e-07	5.30e-05	1.30e-03	7.11e-03	1.33e-02	3.57e-02	3.46e-01	4.20e-01	1.63e-01	1.31e-02	4.60e-04	2.57e-05	5.62e-07	0.00e+00	0.00e+00	0.00e+00	0.00e+00
 1.20916e+23	5.41e-20	1.81e-07	6.73e-05	1.59e-03	8.37e-03	1.51e-02	3.96e-02	3.61e-01	4.12e-01	1.51e-01	1.13e-02	3.84e-04	2.09e-05	4.40e-07	0.00e+00	0.00e+00	0.00e+00	0.00e+00
 1.22191e+23	7.38e-20	2.24e-07	8.15e-05	1.87e-03	9.50e-03	1.66e-02	4.27e-02	3.72e-01	4.05e-01	1.41e-01	1.02e-02	3.34e-04	1.78e-05	3.64e-07	0.00e+00	0.00e+00	0.00e+00	0.00e+00
 1.23482e+23	1.10e-19	2.93e-07	1.04e-04	2.31e-03	1.12e-02	1.88e-02	4.71e-02	3.87e-01	3.95e-01	1.30e-01	8.77e-03	2.77e-04	1.43e-05	2.83e-07	0.00e+00	0.00e+00	0.00e+00	0.00e+00
 1.24797e+23	1.52e-19	3.67e-07	1.26e-04	2.72e-03	1.27e-02	2.08e-02	5.07e-02	3.97e-01	3.86e-01	1.21e-01	7.81e-03	2.40e-04	1.21e-05	2.33e-07	0.00e+00	0.00e+00	0.00e+00	0.00e+00
 1.25958e+23	2.09e-19	4.55e-07	1.53e-04	3.20e-03	1.44e-02	2.28e-02	5.45e-02	4.08e-01	3.77e-01	1.13e-01	6.93e-03	2.07e-04	1.02e-05	1.90e-07	0.00e+00	0.00e+00	0.00e+00	0.00e+00
 1.27285e+23	3.15e-19	6.02e-07	1.96e-04	3.93e-03	1.69e-02	2.57e-02	5.95e-02	4.20e-01	3.65e-01	1.03e-01	5.94e-03	1.71e-04	8.18e-06	1.47e-07	0.00e+00	0.00e+00	0.00e+00	0.00e+00
 1.28638e+23	4.41e-19	7.56e-07	2.39e-04	4.64e-03	1.92e-02	2.83e-02	6.39e-02	4.29e-01	3.54e-01	9.46e-02	5.21e-03	1.46e-04	6.80e-06	1.19e-07	0.00e+00	0.00e+00	0.00e+00	0.00e+00
 1.29735e+23	1.96e-19	9.20e-07	2.82e-04	5.34e-03	2.14e-02	3.07e-02	6.77e-02	4.36e-01	3.45e-01	8.84e-02	4.67e-03	1.27e-04	5.83e-06	0.00e+00	0.00e+00	0.00e+00	0.00e+00	0.00e+00
 1.30870e+23	2.73e-19	1.16e-06	3.44e-04	6.30e-03	2.42e-02	3.36e-02	7.22e-02	4.44e-01	3.34e-01	8.14e-02	4.10e-03	1.09e-04	4.85e-06	0.00e+00	0.00e+00	0.00e+00	0.00e+00	0.00e+00
 1.32066e+23	3.69e-19	1.43e-06	4.11e-04	7.30e-03	2.70e-02	3.64e-02	7.64e-02	4.50e-01	3.23e-01	7.54e-02	3.64e-03	9.41e-05	4.10e-06	0.00e+00	0.00e+00	0.00e+00	0.00e+00	0.00e+00
 1.33165e+23	4.95e-19	1.75e-06	4.88e-04	8.42e-03	3.00e-02	3.93e-02	8.06e-02	4.56e-01	3.12e-01	6.99e-02	3.23e-03	8.15e-05	3.48e-06	0.00e+00	0.00e+00	0.00e+00	0.00e+00	0.00e+00
 1.34417e+23	2.22e-18	2.26e-06	6.06e-04	1.00e-02	3.42e-02	4.32e-02	8.59e-02	4.61e-01	2.99e-01	6.33e-02	2.78e-03	6.80e-05	2.82e-06	0.00e+00	0.00e+00	0.00e+00	0.00e+00	0.00e+00
 1.35704e+23	3.14e-18	2.82e-06	7.30e-04	1.17e-02	3.83e-02	4.69e-02	9.08e-02	4.65e-01	2.86e-01	5.78e-02	2.42e-03	5.77e-05	2.33e-06	0.00e+00	0.00e+00	0.00e+00	0.00e+00	0.00e+00
 1.36834e+23	4.29e-18	3.46e-06	8.66e-04	1.35e-02	4.24e-02	5.03e-02	9.52e-02	4.67e-01	2.75e-01	5.31e-02	2.13e-03	4.97e-05	1.96e-06	0.00e+00	0.00e+00	0.00e+00	0.00e+00	0.00e+00
 1.38103e+23	6.32e-18	4.46e-06	1.07e-03	1.60e-02	4.80e-02	5.49e-02	1.01e-01	4.69e-01	2.61e-01	4.77e-02	1.82e-03	4.12e-05	1.58e-06	0.00e+00	0.00e+00	0.00e+00	0.00e+00	0.00e+00
 1.39432e+23	9.04e-18	5.60e-06	1.29e-03	1.86e-02	5.37e-02	5.93e-02	1.06e-01	4.69e-01	2.48e-01	4.31e-02	1.56e-03	3.46e-05	1.29e-06	0.00e+00	0.00e+00	0.00e+00	0.00e+00	0.00e+00
 1.40633e+23	3.77e-18	6.91e-06	1.54e-03	2.14e-02	5.93e-02	6.34e-02	1.10e-01	4.68e-01	2.36e-01	3.91e-02	1.36e-03	2.94e-05	1.07e-06	0.00e+00	0.00e+00	0.00e+00	0.00e+00	0.00e+00
 1.41989e+23	5.54e-18	9.01e-06	1.91e-03	2.55e-02	6.70e-02	6.89e-02	1.16e-01	4.65e-01	2.20e-01	3.46e-02	1.14e-03	2.39e-05	8.43e-07	0.00e+00	0.00e+00	0.00e+00	0.00e+00	0.00e+00
 1.43389e+23	7.90e-18	1.14e-05	2.30e-03	2.96e-02	7.44e-02	7.39e-02	1.21e-01	4.61e-01	2.07e-01	3.08e-02	9.65e-04	1.98e-05	6.77e-07	0.00e+00	0.00e+00	0.00e+00	0.00e+00	0.00e+00
 1.44636e+23	1.09e-17	1.41e-05	2.73e-03	3.40e-02	8.17e-02	7.85e-02	1.25e-01	4.56e-01	1.94e-01	2.76e-02	8.29e-04	1.66e-05	5.53e-07	0.00e+00	0.00e+00	0.00e+00	0.00e+00	0.00e+00
 1.46047e+23	1.64e-17	1.83e-05	3.38e-03	4.02e-02	9.16e-02	8.44e-02	1.29e-01	4.47e-01	1.79e-01	2.40e-02	6.82e-04	1.33e-05	4.28e-07	0.00e+00	0.00e+00	0.00e+00	0.00e+00	0.00e+00
 1.47515e+23	2.37e-17	2.32e-05	4.08e-03	4.65e-02	1.01e-01	8.98e-02	1.34e-01	4.38e-01	1.66e-01	2.11e-02	5.69e-04	1.08e-05	3.38e-07	0.00e+00	0.00e+00	0.00e+00	0.00e+00	0.00e+00
 1.48839e+23	3.34e-17	2.88e-05	4.84e-03	5.31e-02	1.10e-01	9.47e-02	1.37e-01	4.28e-01	1.54e-01	1.86e-02	4.79e-04	8.89e-06	2.70e-07	0.00e+00	0.00e+00	0.00e+00	0.00e+00	0.00e+00
 1.50339e+23	5.18e-17	3.78e-05	6.01e-03	6.27e-02	1.23e-01	1.01e-01	1.40e-01	4.13e-01	1.38e-01	1.57e-02	3.82e-04	6.89e-06	2.02e-07	0.00e+00	0.00e+00	0.00e+00	0.00e+00	0.00e+00
 1.51881e+23	7.53e-17	4.75e-05	7.17e-03	7.17e-02	1.34e-01	1.06e-01	1.43e-01	3.99e-01	1.26e-01	1.36e-02	3.14e-04	5.53e-06	1.57e-07	0.00e+00	0.00e+00	0.00e+00	0.00e+00	0.00e+00
 1.53265e+23	1.08e-16	5.90e-05	8.49e-03	8.14e-02	1.45e-01	1.10e-01	1.45e-01	3.84e-01	1.15e-01	1.17e-02	2.59e-04	4.46e-06	0.00e+00	0.00e+00	0.00e+00	0.00e+00	0.00e+00	0.00e+00
 1.54852e+23	1.73e-16	7.76e-05	1.05e-02	9.52e-02	1.59e-01	1.16e-01	1.46e-01	3.63e-01	1.01e-01	9.63e-03	2.01e-04	3.35e-06	0.00e+00	0.00e+00	0.00e+00	0.00e+00	0.00e+00	0.00e+00
 1.56456e+23	2.54e-16	9.64e-05	1.24e-02	1.07e-01	1.70e-01	1.20e-01	1.46e-01	3.45e-01	9.04e-02	8.16e-03	1.62e-04	2.64e-06	0.00e+00	0.00e+00	0.00e+00	0.00e+00	0.00e+00	0.00e+00
 1.58080e+23	4.11e-16	1.26e-04	1.51e-02	1.24e-01	1.85e-01	1.24e-01	1.46e-01	3.21e-01	7.84e-02	6.62e-03	1.24e-04	1.96e-06	0.00e+00	0.00e+00	0.00e+00	0.00e+00	0.00e+00	0.00e+00
 1.59731e+23	6.27e-16	1.56e-04	1.77e-02	1.39e-01	1.96e-01	1.27e-01	1.44e-01	3.01e-01	6.91e-02	5.52e-03	9.84e-05	1.52e-06	0.00e+00	0.00e+00	0.00e+00	0.00e+00	0.00e+00	0.00e+00
 1.61196e+23	9.39e-16	1.91e-04	2.06e-02	1.54e-01	2.07e-01	1.29e-01	1.42e-01	2.81e-01	6.08e-02	4.60e-03	7.82e-05	1.18e-06	0.00e+00	0.00e+00	0.00e+00	0.00e+00	0.00e+00	0.00e+00
 1.62880e+23	1.64e-15	2.47e-04	2.48e-02	1.75e-01	2.20e-01	1.31e-01	1.38e-01	2.56e-01	5.11e-02	3.61e-03	5.77e-05	8.43e-07	0.00e+00	0.00e+00	0.00e+00	0.00e+00	0.00e+00	0.00e+00
 1.64586e+23	2.63e-15	3.02e-04	2.86e-02	1.93e-01	2.30e-01	1.31e-01	1.35e-01	2.35e-01	4.42e-02	2.95e-03	4.50e-05	6.42e-07	0.00e+00	0.00e+00	0.00e+00	0.00e+00	0.00e+00	0.00e+00
 1.66320e+23	5.08e-15	3.88e-04	3.42e-02	2.16e-01	2.40e-01	1.31e-01	1.29e-01	2.10e-01	3.64e-02	2.26e-03	3.25e-05	4.49e-07	0.00e+00	0.00e+00	0.00e+00	0.00e+00	0.00e+00	0.00e+00
 1.68077e+23	8.97e-15	4.71e-04	3.92e-02	2.35e-01	2.48e-01	1.30e-01	1.24e-01	1.90e-01	3.10e-02	1.82e-03	2.49e-05	3.36e-07	0.00e+00	0.00e+00	0.00e+00	0.00e+00	0.00e+00	0.00e+00
 1.69863e+23	2.33e-14	6.00e-04	4.63e-02	2.60e-01	2.55e-01	1.28e-01	1.17e-01	1.67e-01	2.50e-02	1.36e-03	1.76e-05	2.30e-07	0.00e+00	0.00e+00	0.00e+00	0.00e+00	0.00e+00	0.00e+00
 1.71673e+23	7.51e-14	7.23e-04	5.25e-02	2.80e-01	2.60e-01	1.25e-01	1.11e-01	1.49e-01	2.09e-02	1.08e-03	1.32e-05	1.69e-07	0.00e+00	0.00e+00	0.00e+00	0.00e+00	0.00e+00	0.00e+00
 1.73250e+23	1.94e-13	8.63e-04	5.90e-02	2.99e-01	2.63e-01	1.22e-01	1.05e-01	1.33e-01	1.75e-02	8.54e-04	1.00e-05	1.25e-07	0.00e+00	0.00e+00	0.00e+00	0.00e+00	0.00e+00	0.00e+00
 1.74761e+23	1.07e-12	1.02e-03	6.57e-02	3.17e-01	2.64e-01	1.19e-01	9.88e-02	1.19e-01	1.47e-02	6.83e-04	7.70e-06	0.00e+00	0.00e+00	0.00e+00	0.00e+00	0.00e+00	0.00e+00	0.00e+00
 1.76204e+23	7.96e-12	1.18e-03	7.25e-02	3.33e-01	2.65e-01	1.15e-01	9.32e-02	1.07e-01	1.25e-02	5.49e-04	5.95e-06	0.00e+00	0.00e+00	0.00e+00	0.00e+00	0.00e+00	0.00e+00	0.00e+00
 1.77831e+23	8.30e-11	1.43e-03	8.19e-02	3.54e-01	2.64e-01	1.10e-01	8.60e-02	9.22e-02	1.00e-02	4.14e-04	4.26e-06	0.00e+00	0.00e+00	0.00e+00	0.00e+00	0.00e+00	0.00e+00	0.00e+00
 1.79452e+23	1.81e-09	1.66e-03	8.97e-02	3.69e-01	2.62e-01	1.06e-01	8.04e-02	8.18e-02	8.36e-03	3.29e-04	3.26e-06	0.00e+00	0.00e+00	0.00e+00	0.00e+00	0.00e+00	0.00e+00	0.00e+00
 1.81065e+23	1.63e-08	1.98e-03	1.00e-01	3.88e-01	2.59e-01	1.01e-01	7.36e-02	7.01e-02	6.66e-03	2.47e-04	2.33e-06	0.00e+00	0.00e+00	0.00e+00	0.00e+00	0.00e+00	0.00e+00	0.00e+00
 1.82709e+23	3.20e-08	2.29e-03	1.09e-01	4.02e-01	2.55e-01	9.61e-02	6.82e-02	6.15e-02	5.50e-03	1.94e-04	1.76e-06	0.00e+00	0.00e+00	0.00e+00	0.00e+00	0.00e+00	0.00e+00	0.00e+00
 1.84392e+23	4.89e-08	2.74e-03	1.22e-01	4.18e-01	2.49e-01	9.02e-02	6.17e-02	5.20e-02	4.30e-03	1.42e-04	1.23e-06	0.00e+00	0.00e+00	0.00e+00	0.00e+00	0.00e+00	0.00e+00	0.00e+00
 1.86095e+23	6.80e-08	3.15e-03	1.32e-01	4.31e-01	2.43e-01	8.54e-02	5.67e-02	4.52e-02	3.51e-03	1.10e-04	9.17e-07	0.00e+00	0.00e+00	0.00e+00	0.00e+00	0.00e+00	0.00e+00	0.00e+00
 1.87595e+23	9.15e-08	3.61e-03	1.43e-01	4.42e-01	2.37e-01	8.07e-02	5.21e-02	3.93e-02	2.87e-03	8.59e-05	6.87e-07	0.00e+00	0.00e+00	0.00e+00	0.00e+00	0.00e+00	0.00e+00	0.00e+00
 1.89319e+23	1.32e-07	4.27e-03	1.57e-01	4.54e-01	2.28e-01	7.48e-02	4.65e-02	3.27e-02	2.21e-03	6.22e-05	4.74e-07	0.00e+00	0.00e+00	0.00e+00	0.00e+00	0.00e+00	0.00e+00	0.00e+00
 1.90988e+23	1.71e-07	4.83e-03	1.68e-01	4.62e-01	2.21e-01	7.05e-02	4.27e-02	2.85e-02	1.82e-03	4.89e-05	3.59e-07	0.00e+00	0.00e+00	0.00e+00	0.00e+00	0.00e+00	0.00e+00	0.00e+00
 1.92319e+23	2.14e-07	5.38e-03	1.79e-01	4.68e-01	2.15e-01	6.67e-02	3.94e-02	2.51e-02	1.52e-03	3.92e-05	2.79e-07	0.00e+00	0.00e+00	0.00e+00	0.00e+00	0.00e+00	0.00e+00	0.00e+00
 1.93782e+23	2.79e-07	6.14e-03	1.92e-01	4.75e-01	2.06e-01	6.22e-02	3.56e-02	2.14e-02	1.21e-03	2.98e-05	2.04e-07	0.00e+00	0.00e+00	0.00e+00	0.00e+00	0.00e+00	0.00e+00	0.00e+00
 1.95271e+23	3.46e-07	6.85e-03	2.04e-01	4.79e-01	1.99e-01	5.85e-02	3.27e-02	1.87e-02	1.00e-03	2.36e-05	1.57e-07	0.00e+00	0.00e+00	0.00e+00	0.00e+00	0.00e+00	0.00e+00	0.00e+00
 1.96590e+23	4.25e-07	7.61e-03	2.15e-01	4.83e-01	1.92e-01	5.51e-02	3.00e-02	1.64e-02	8.32e-04	1.88e-05	0.00e+00	0.00e+00	0.00e+00	0.00e+00	0.00e+00	0.00e+00	0.00e+00	0.00e+00
 1.98100e+23	5.44e-07	8.65e-03	2.30e-01	4.86e-01	1.83e-01	5.10e-02	2.69e-02	1.39e-02	6.57e-04	1.42e-05	0.00e+00	0.00e+00	0.00e+00	0.00e+00	0.00e+00	0.00e+00	0.00e+00	0.00e+00
 1.99628e+23	6.65e-07	9.61e-03	2.42e-01	4.88e-01	1.76e-01	4.76e-02	2.45e-02	1.20e-02	5.38e-04	1.11e-05	0.00e+00	0.00e+00	0.00e+00	0.00e+00	0.00e+00	0.00e+00	0.00e+00	0.00e+00
 2.00971e+23	8.04e-07	1.06e-02	2.55e-01	4.88e-01	1.68e-01	4.46e-02	2.23e-02	1.04e-02	4.43e-04	8.81e-06	0.00e+00	0.00e+00	0.00e+00	0.00e+00	0.00e+00	0.00e+00	0.00e+00	0.00e+00
 2.02508e+23	1.01e-06	1.20e-02	2.71e-01	4.88e-01	1.59e-01	4.10e-02	1.99e-02	8.76e-03	3.47e-04	6.58e-06	0.00e+00	0.00e+00	0.00e+00	0.00e+00	0.00e+00	0.00e+00	0.00e+00	0.00e+00
 2.04071e+23	1.22e-06	1.33e-02	2.85e-01	4.87e-01	1.52e-01	3.81e-02	1.80e-02	7.55e-03	2.82e-04	5.14e-06	0.00e+00	0.00e+00	0.00e+00	0.00e+00	0.00e+00	0.00e+00	0.00e+00	0.00e+00
 2.05456e+23	1.45e-06	1.47e-02	2.98e-01	4.84e-01	1.44e-01	3.54e-02	1.63e-02	6.51e-03	2.30e-04	4.03e-06	0.00e+00	0.00e+00	0.00e+00	0.00e+00	0.00e+00	0.00e+00	0.00e+00	0.00e+00
 2.07046e+23	1.81e-06	1.66e-02	3.16e-01	4.80e-01	1.36e-01	3.23e-02	1.44e-02	5.41e-03	1.78e-04	2.97e-06	0.00e+00	0.00e+00	0.00e+00	0.00e+00	0.00e+00	0.00e+00	0.00e+00	0.00e+00
 2.08653e+23	2.15e-06	1.83e-02	3.30e-01	4.76e-01	1.28e-01	2.98e-02	1.29e-02	4.62e-03	1.44e-04	2.31e-06	0.00e+00	0.00e+00	0.00e+00	0.00e+00	0.00e+00	0.00e+00	0.00e+00	0.00e+00
 2.10067e+23	2.54e-06	2.01e-02	3.44e-01	4.71e-01	1.21e-01	2.76e-02	1.16e-02	3.97e-03	1.16e-04	1.80e-06	0.00e+00	0.00e+00	0.00e+00	0.00e+00	0.00e+00	0.00e+00	0.00e+00	0.00e+00
 2.11692e+23	3.12e-06	2.26e-02	3.63e-01	4.63e-01	1.13e-01	2.50e-02	1.02e-02	3.27e-03	8.94e-05	1.32e-06	0.00e+00	0.00e+00	0.00e+00	0.00e+00	0.00e+00	0.00e+00	0.00e+00	0.00e+00
 2.13346e+23	3.68e-06	2.49e-02	3.78e-01	4.56e-01	1.06e-01	2.29e-02	9.10e-03	2.77e-03	7.14e-05	1.01e-06	0.00e+00	0.00e+00	0.00e+00	0.00e+00	0.00e+00	0.00e+00	0.00e+00	0.00e+00
 2.15039e+23	4.50e-06	2.80e-02	3.97e-01	4.46e-01	9.83e-02	2.06e-02	7.89e-03	2.26e-03	5.41e-05	7.32e-07	0.00e+00	0.00e+00	0.00e+00	0.00e+00	0.00e+00	0.00e+00	0.00e+00	0.00e+00
 2.16752e+23	5.30e-06	3.09e-02	4.12e-01	4.37e-01	9.19e-02	1.88e-02	7.00e-03	1.90e-03	4.28e-05	5.58e-07	0.00e+00	0.00e+00	0.00e+00	0.00e+00	0.00e+00	0.00e+00	0.00e+00	0.00e+00
 2.18494e+23	6.44e-06	3.46e-02	4.32e-01	4.25e-01	8.45e-02	1.68e-02	6.03e-03	1.54e-03	3.21e-05	4.00e-07	0.00e+00	0.00e+00	0.00e+00	0.00e+00	0.00e+00	0.00e+00	0.00e+00	0.00e+00
 2.20271e+23	7.56e-06	3.81e-02	4.47e-01	4.14e-01	7.85e-02	1.52e-02	5.30e-03	1.29e-03	2.52e-05	3.01e-07	0.00e+00	0.00e+00	0.00e+00	0.00e+00	0.00e+00	0.00e+00	0.00e+00	0.00e+00
 2.21855e+23	8.81e-06	4.17e-02	4.63e-01	4.03e-01	7.30e-02	1.38e-02	4.68e-03	1.08e-03	1.99e-05	2.29e-07	0.00e+00	0.00e+00	0.00e+00	0.00e+00	0.00e+00	0.00e+00	0.00e+00	0.00e+00
 2.23677e+23	1.06e-05	4.66e-02	4.82e-01	3.88e-01	6.64e-02	1.22e-02	3.98e-03	8.66e-04	1.47e-05	1.62e-07	0.00e+00	0.00e+00	0.00e+00	0.00e+00	0.00e+00	0.00e+00	0.00e+00	0.00e+00
 2.25542e+23	1.24e-05	5.12e-02	4.97e-01	3.75e-01	6.12e-02	1.10e-02	3.47e-03	7.17e-04	1.14e-05	0.00e+00	0.00e+00	0.00e+00	0.00e+00	0.00e+00	0.00e+00	0.00e+00	0.00e+00	0.00e+00
 2.26964e+23	1.38e-05	5.45e-02	5.07e-01	3.66e-01	5.77e-02	1.02e-02	3.14e-03	6.27e-04	9.53e-06	0.00e+00	0.00e+00	0.00e+00	0.00e+00	0.00e+00	0.00e+00	0.00e+00	0.00e+00	0.00e+00
 2.28314e+23	1.57e-05	5.90e-02	5.21e-01	3.54e-01	5.36e-02	9.25e-03	2.78e-03	5.31e-04	7.60e-06	0.00e+00	0.00e+00	0.00e+00	0.00e+00	0.00e+00	0.00e+00	0.00e+00	0.00e+00	0.00e+00
 2.29693e+23	1.73e-05	6.27e-02	5.30e-01	3.45e-01	5.05e-02	8.57e-03	2.51e-03	4.65e-04	6.36e-06	0.00e+00	0.00e+00	0.00e+00	0.00e+00	0.00e+00	0.00e+00	0.00e+00	0.00e+00	0.00e+00
 2.31111e+23	1.98e-05	6.79e-02	5.43e-01	3.32e-01	4.66e-02	7.74e-03	2.20e-03	3.91e-04	5.03e-06	0.00e+00	0.00e+00	0.00e+00	0.00e+00	0.00e+00	0.00e+00	0.00e+00	0.00e+00	0.00e+00
 2.32545e+23	2.20e-05	7.24e-02	5.53e-01	3.22e-01	4.36e-02	7.11e-03	1.98e-03	3.39e-04	4.15e-06	0.00e+00	0.00e+00	0.00e+00	0.00e+00	0.00e+00	0.00e+00	0.00e+00	0.00e+00	0.00e+00
 2.34001e+23	2.49e-05	7.82e-02	5.65e-01	3.09e-01	4.02e-02	6.40e-03	1.73e-03	2.85e-04	3.28e-06	0.00e+00	0.00e+00	0.00e+00	0.00e+00	0.00e+00	0.00e+00	0.00e+00	0.00e+00	0.00e+00
 2.35489e+23	2.77e-05	8.34e-02	5.74e-01	2.98e-01	3.74e-02	5.84e-03	1.54e-03	2.45e-04	2.68e-06	0.00e+00	0.00e+00	0.00e+00	0.00e+00	0.00e+00	0.00e+00	0.00e+00	0.00e+00	0.00e+00
 2.37017e+23	3.16e-05	9.02e-02	5.85e-01	2.84e-01	3.41e-02	5.22e-03	1.33e-03	2.04e-04	2.09e-06	0.00e+00	0.00e+00	0.00e+00	0.00e+00	0.00e+00	0.00e+00	0.00e+00	0.00e+00	0.00e+00
 2.38551e+23	3.49e-05	9.60e-02	5.93e-01	2.73e-01	3.17e-02	4.75e-03	1.18e-03	1.76e-04	1.71e-06	0.00e+00	0.00e+00	0.00e+00	0.00e+00	0.00e+00	0.00e+00	0.00e+00	0.00e+00	0.00e+00
 2.40092e+23	3.96e-05	1.04e-01	6.03e-01	2.59e-01	2.89e-02	4.23e-03	1.02e-03	1.46e-04	1.33e-06	0.00e+00	0.00e+00	0.00e+00	0.00e+00	0.00e+00	0.00e+00	0.00e+00	0.00e+00	0.00e+00
 2.41654e+23	4.37e-05	1.10e-01	6.10e-01	2.48e-01	2.67e-02	3.84e-03	9.02e-04	1.26e-04	1.08e-06	0.00e+00	0.00e+00	0.00e+00	0.00e+00	0.00e+00	0.00e+00	0.00e+00	0.00e+00	0.00e+00
 2.43245e+23	4.93e-05	1.18e-01	6.18e-01	2.35e-01	2.43e-02	3.41e-03	7.74e-04	1.04e-04	8.41e-07	0.00e+00	0.00e+00	0.00e+00	0.00e+00	0.00e+00	0.00e+00	0.00e+00	0.00e+00	0.00e+00
 2.44886e+23	5.46e-05	1.26e-01	6.24e-01	2.23e-01	2.23e-02	3.06e-03	6.78e-04	8.90e-05	6.76e-07	0.00e+00	0.00e+00	0.00e+00	0.00e+00	0.00e+00	0.00e+00	0.00e+00	0.00e+00	0.00e+00
 2.46592e+23	6.19e-05	1.36e-01	6.31e-01	2.09e-01	2.00e-02	2.68e-03	5.72e-04	7.29e-05	5.14e-07	0.00e+00	0.00e+00	0.00e+00	0.00e+00	0.00e+00	0.00e+00	0.00e+00	0.00e+00	0.00e+00
 2.48311e+23	6.83e-05	1.45e-01	6.36e-01	1.98e-01	1.83e-02	2.40e-03	4.98e-04	6.22e-05	4.12e-07	0.00e+00	0.00e+00	0.00e+00	0.00e+00	0.00e+00	0.00e+00	0.00e+00	0.00e+00	0.00e+00
 2.50047e+23	7.70e-05	1.56e-01	6.41e-01	1.84e-01	1.64e-02	2.09e-03	4.19e-04	5.11e-05	3.13e-07	0.00e+00	0.00e+00	0.00e+00	0.00e+00	0.00e+00	0.00e+00	0.00e+00	0.00e+00	0.00e+00
 2.51822e+23	8.52e-05	1.66e-01	6.44e-01	1.73e-01	1.49e-02	1.86e-03	3.61e-04	4.33e-05	2.48e-07	0.00e+00	0.00e+00	0.00e+00	0.00e+00	0.00e+00	0.00e+00	0.00e+00	0.00e+00	0.00e+00
 2.53648e+23	9.63e-05	1.78e-01	6.47e-01	1.60e-01	1.32e-02	1.60e-03	2.99e-04	3.52e-05	1.85e-07	0.00e+00	0.00e+00	0.00e+00	0.00e+00	0.00e+00	0.00e+00	0.00e+00	0.00e+00	0.00e+00
 2.55470e+23	1.06e-04	1.89e-01	6.48e-01	1.50e-01	1.20e-02	1.42e-03	2.58e-04	3.00e-05	1.48e-07	0.00e+00	0.00e+00	0.00e+00	0.00e+00	0.00e+00	0.00e+00	0.00e+00	0.00e+00	0.00e+00
 2.57286e+23	1.19e-04	2.03e-01	6.48e-01	1.37e-01	1.06e-02	1.22e-03	2.13e-04	2.45e-05	0.00e+00	0.00e+00	0.00e+00	0.00e+00	0.00e+00	0.00e+00	0.00e+00	0.00e+00	0.00e+00	0.00e+00
 2.59114e+23	1.30e-04	2.15e-01	6.47e-01	1.27e-01	9.60e-03	1.08e-03	1.83e-04	2.09e-05	0.00e+00	0.00e+00	0.00e+00	0.00e+00	0.00e+00	0.00e+00	0.00e+00	0.00e+00	0.00e+00	0.00e+00
 2.60958e+23	1.46e-04	2.30e-01	6.45e-01	1.15e-01	8.44e-03	9.20e-04	1.50e-04	1.71e-05	0.00e+00	0.00e+00	0.00e+00	0.00e+00	0.00e+00	0.00e+00	0.00e+00	0.00e+00	0.00e+00	0.00e+00
 2.62810e+23	1.60e-04	2.43e-01	6.42e-01	1.06e-01	7.61e-03	8.10e-04	1.28e-04	1.46e-05	0.00e+00	0.00e+00	0.00e+00	0.00e+00	0.00e+00	0.00e+00	0.00e+00	0.00e+00	0.00e+00	0.00e+00
 2.64674e+23	1.79e-04	2.61e-01	6.37e-01	9.52e-02	6.64e-03	6.84e-04	1.03e-04	1.18e-05	0.00e+00	0.00e+00	0.00e+00	0.00e+00	0.00e+00	0.00e+00	0.00e+00	0.00e+00	0.00e+00	0.00e+00
 2.66535e+23	1.95e-04	2.74e-01	6.31e-01	8.73e-02	5.97e-03	6.00e-04	8.79e-05	1.01e-05	0.00e+00	0.00e+00	0.00e+00	0.00e+00	0.00e+00	0.00e+00	0.00e+00	0.00e+00	0.00e+00	0.00e+00
 2.68392e+23	2.19e-04	2.93e-01	6.23e-01	7.73e-02	5.19e-03	5.04e-04	7.06e-05	8.23e-06	0.00e+00	0.00e+00	0.00e+00	0.00e+00	0.00e+00	0.00e+00	0.00e+00	0.00e+00	0.00e+00	0.00e+00
 2.70254e+23	2.38e-04	3.09e-01	6.16e-01	7.00e-02	4.64e-03	4.39e-04	5.96e-05	7.03e-06	0.00e+00	0.00e+00	0.00e+00	0.00e+00	0.00e+00	0.00e+00	0.00e+00	0.00e+00	0.00e+00	0.00e+00
 2.72123e+23	2.66e-04	3.30e-01	6.05e-01	6.11e-02	3.99e-03	3.65e-04	4.73e-05	5.68e-06	0.00e+00	0.00e+00	0.00e+00	0.00e+00	0.00e+00	0.00e+00	0.00e+00	0.00e+00	0.00e+00	0.00e+00
 2.73997e+23	2.90e-04	3.47e-01	5.94e-01	5.47e-02	3.55e-03	3.16e-04	3.94e-05	4.82e-06	0.00e+00	0.00e+00	0.00e+00	0.00e+00	0.00e+00	0.00e+00	0.00e+00	0.00e+00	0.00e+00	0.00e+00
 2.75877e+23	3.23e-04	3.69e-01	5.80e-01	4.71e-02	3.03e-03	2.61e-04	3.10e-05	3.89e-06	0.00e+00	0.00e+00	0.00e+00	0.00e+00	0.00e+00	0.00e+00	0.00e+00	0.00e+00	0.00e+00	0.00e+00
 2.77776e+23	3.52e-04	3.88e-01	5.67e-01	4.15e-02	2.66e-03	2.22e-04	2.54e-05	3.26e-06	0.00e+00	0.00e+00	0.00e+00	0.00e+00	0.00e+00	0.00e+00	0.00e+00	0.00e+00	0.00e+00	0.00e+00
 2.79700e+23	3.94e-04	4.13e-01	5.49e-01	3.49e-02	2.23e-03	1.80e-04	1.95e-05	2.58e-06	0.00e+00	0.00e+00	0.00e+00	0.00e+00	0.00e+00	0.00e+00	0.00e+00	0.00e+00	0.00e+00	0.00e+00
 2.81640e+23	4.31e-04	4.34e-01	5.33e-01	3.01e-02	1.93e-03	1.51e-04	1.57e-05	2.13e-06	0.00e+00	0.00e+00	0.00e+00	0.00e+00	0.00e+00	0.00e+00	0.00e+00	0.00e+00	0.00e+00	0.00e+00
 2.83600e+23	4.81e-04	4.62e-01	5.11e-01	2.48e-02	1.59e-03	1.20e-04	1.18e-05	1.66e-06	0.00e+00	0.00e+00	0.00e+00	0.00e+00	0.00e+00	0.00e+00	0.00e+00	0.00e+00	0.00e+00	0.00e+00
 2.85562e+23	5.29e-04	4.85e-01	4.92e-01	2.09e-02	1.33e-03	9.83e-05	9.20e-06	1.33e-06	0.00e+00	0.00e+00	0.00e+00	0.00e+00	0.00e+00	0.00e+00	0.00e+00	0.00e+00	0.00e+00	0.00e+00
 2.87030e+23	5.67e-04	5.03e-01	4.76e-01	1.82e-02	1.17e-03	8.42e-05	7.60e-06	1.12e-06	0.00e+00	0.00e+00	0.00e+00	0.00e+00	0.00e+00	0.00e+00	0.00e+00	0.00e+00	0.00e+00	0.00e+00
 2.88441e+23	6.12e-04	5.25e-01	4.58e-01	1.54e-02	9.85e-04	6.96e-05	6.03e-06	9.13e-07	0.00e+00	0.00e+00	0.00e+00	0.00e+00	0.00e+00	0.00e+00	0.00e+00	0.00e+00	0.00e+00	0.00e+00
 2.89965e+23	6.61e-04	5.47e-01	4.39e-01	1.30e-02	8.25e-04	5.71e-05	4.74e-06	7.36e-07	0.00e+00	0.00e+00	0.00e+00	0.00e+00	0.00e+00	0.00e+00	0.00e+00	0.00e+00	0.00e+00	0.00e+00
 2.91388e+23	7.11e-04	5.69e-01	4.19e-01	1.08e-02	6.85e-04	4.65e-05	3.72e-06	5.90e-07	0.00e+00	0.00e+00	0.00e+00	0.00e+00	0.00e+00	0.00e+00	0.00e+00	0.00e+00	0.00e+00	0.00e+00
 2.92752e+23	7.61e-04	5.90e-01	3.99e-01	8.95e-03	5.63e-04	3.76e-05	2.89e-06	4.69e-07	0.00e+00	0.00e+00	0.00e+00	0.00e+00	0.00e+00	0.00e+00	0.00e+00	0.00e+00	0.00e+00	0.00e+00
 2.94041e+23	8.11e-04	6.12e-01	3.80e-01	7.37e-03	4.59e-04	3.01e-05	2.25e-06	3.71e-07	0.00e+00	0.00e+00	0.00e+00	0.00e+00	0.00e+00	0.00e+00	0.00e+00	0.00e+00	0.00e+00	0.00e+00
 2.95243e+23	8.60e-04	6.33e-01	3.60e-01	6.02e-03	3.71e-04	2.40e-05	1.74e-06	2.92e-07	0.00e+00	0.00e+00	0.00e+00	0.00e+00	0.00e+00	0.00e+00	0.00e+00	0.00e+00	0.00e+00	0.00e+00
 2.96353e+23	9.05e-04	6.52e-01	3.42e-01	4.91e-03	2.98e-04	1.91e-05	1.35e-06	2.30e-07	0.00e+00	0.00e+00	0.00e+00	0.00e+00	0.00e+00	0.00e+00	0.00e+00	0.00e+00	0.00e+00	0.00e+00
 2.97377e+23	9.48e-04	6.72e-01	3.23e-01	3.97e-03	2.38e-04	1.50e-05	1.05e-06	1.80e-07	0.00e+00	0.00e+00	0.00e+00	0.00e+00	0.00e+00	0.00e+00	0.00e+00	0.00e+00	0.00e+00	0.00e+00
 2.98318e+23	9.87e-04	6.90e-01	3.05e-01	3.21e-03	1.89e-04	1.18e-05	8.15e-07	1.41e-07	0.00e+00	0.00e+00	0.00e+00	0.00e+00	0.00e+00	0.00e+00	0.00e+00	0.00e+00	0.00e+00	0.00e+00
 2.99163e+23	1.02e-03	7.07e-01	2.89e-01	2.60e-03	1.51e-04	9.31e-06	6.40e-07	0.00e+00	0.00e+00	0.00e+00	0.00e+00	0.00e+00	0.00e+00	0.00e+00	0.00e+00	0.00e+00	0.00e+00	0.00e+00
 2.99916e+23	1.05e-03	7.23e-01	2.74e-01	2.12e-03	1.21e-04	7.39e-06	5.09e-07	0.00e+00	0.00e+00	0.00e+00	0.00e+00	0.00e+00	0.00e+00	0.00e+00	0.00e+00	0.00e+00	0.00e+00	0.00e+00
 3.00589e+23	1.07e-03	7.36e-01	2.61e-01	1.75e-03	9.79e-05	5.95e-06	4.11e-07	0.00e+00	0.00e+00	0.00e+00	0.00e+00	0.00e+00	0.00e+00	0.00e+00	0.00e+00	0.00e+00	0.00e+00	0.00e+00
 3.01202e+23	1.10e-03	7.49e-01	2.48e-01	1.44e-03	7.97e-05	4.80e-06	3.34e-07	0.00e+00	0.00e+00	0.00e+00	0.00e+00	0.00e+00	0.00e+00	0.00e+00	0.00e+00	0.00e+00	0.00e+00	0.00e+00
 3.01763e+23	1.11e-03	7.60e-01	2.38e-01	1.21e-03	6.60e-05	3.95e-06	2.77e-07	0.00e+00	0.00e+00	0.00e+00	0.00e+00	0.00e+00	0.00e+00	0.00e+00	0.00e+00	0.00e+00	0.00e+00	0.00e+00
 3.02283e+23	1.13e-03	7.70e-01	2.28e-01	1.02e-03	5.50e-05	3.27e-06	2.32e-07	0.00e+00	0.00e+00	0.00e+00	0.00e+00	0.00e+00	0.00e+00	0.00e+00	0.00e+00	0.00e+00	0.00e+00	0.00e+00
 3.02772e+23	1.14e-03	7.79e-01	2.19e-01	8.70e-04	4.61e-05	2.72e-06	1.95e-07	0.00e+00	0.00e+00	0.00e+00	0.00e+00	0.00e+00	0.00e+00	0.00e+00	0.00e+00	0.00e+00	0.00e+00	0.00e+00
 3.03220e+23	1.15e-03	7.87e-01	2.11e-01	7.50e-04	3.94e-05	2.31e-06	1.67e-07	0.00e+00	0.00e+00	0.00e+00	0.00e+00	0.00e+00	0.00e+00	0.00e+00	0.00e+00	0.00e+00	0.00e+00	0.00e+00
 3.03621e+23	1.16e-03	7.93e-01	2.05e-01	6.59e-04	3.43e-05	2.00e-06	1.46e-07	0.00e+00	0.00e+00	0.00e+00	0.00e+00	0.00e+00	0.00e+00	0.00e+00	0.00e+00	0.00e+00	0.00e+00	0.00e+00
 3.03971e+23	1.17e-03	7.97e-01	2.01e-01	5.90e-04	3.05e-05	1.78e-06	1.31e-07	0.00e+00	0.00e+00	0.00e+00	0.00e+00	0.00e+00	0.00e+00	0.00e+00	0.00e+00	0.00e+00	0.00e+00	0.00e+00
 3.04225e+23	1.17e-03	8.00e-01	1.98e-01	5.48e-04	2.83e-05	1.64e-06	1.21e-07	0.00e+00	0.00e+00	0.00e+00	0.00e+00	0.00e+00	0.00e+00	0.00e+00	0.00e+00	0.00e+00	0.00e+00	0.00e+00
 3.04399e+23	1.17e-03	8.02e-01	1.96e-01	5.21e-04	2.68e-05	1.55e-06	1.15e-07	0.00e+00	0.00e+00	0.00e+00	0.00e+00	0.00e+00	0.00e+00	0.00e+00	0.00e+00	0.00e+00	0.00e+00	0.00e+00
 3.04576e+23	1.17e-03	8.04e-01	1.95e-01	4.94e-04	2.54e-05	1.47e-06	1.09e-07	0.00e+00	0.00e+00	0.00e+00	0.00e+00	0.00e+00	0.00e+00	0.00e+00	0.00e+00	0.00e+00	0.00e+00	0.00e+00
 3.04790e+23	1.18e-03	8.06e-01	1.93e-01	4.65e-04	2.38e-05	1.38e-06	0.00e+00	0.00e+00	0.00e+00	0.00e+00	0.00e+00	0.00e+00	0.00e+00	0.00e+00	0.00e+00	0.00e+00	0.00e+00	0.00e+00
 3.05026e+23	1.18e-03	8.08e-01	1.91e-01	4.36e-04	2.23e-05	1.29e-06	0.00e+00	0.00e+00	0.00e+00	0.00e+00	0.00e+00	0.00e+00	0.00e+00	0.00e+00	0.00e+00	0.00e+00	0.00e+00	0.00e+00
 3.05263e+23	1.18e-03	8.09e-01	1.90e-01	4.10e-04	2.10e-05	1.21e-06	0.00e+00	0.00e+00	0.00e+00	0.00e+00	0.00e+00	0.00e+00	0.00e+00	0.00e+00	0.00e+00	0.00e+00	0.00e+00	0.00e+00
 3.05493e+23	1.18e-03	8.09e-01	1.89e-01	3.88e-04	1.99e-05	1.14e-06	0.00e+00	0.00e+00	0.00e+00	0.00e+00	0.00e+00	0.00e+00	0.00e+00	0.00e+00	0.00e+00	0.00e+00	0.00e+00	0.00e+00
 3.05715e+23	1.18e-03	8.10e-01	1.89e-01	3.69e-04	1.90e-05	1.09e-06	0.00e+00	0.00e+00	0.00e+00	0.00e+00	0.00e+00	0.00e+00	0.00e+00	0.00e+00	0.00e+00	0.00e+00	0.00e+00	0.00e+00
 3.05890e+23	1.18e-03	8.10e-01	1.89e-01	3.56e-04	1.84e-05	1.05e-06	0.00e+00	0.00e+00	0.00e+00	0.00e+00	0.00e+00	0.00e+00	0.00e+00	0.00e+00	0.00e+00	0.00e+00	0.00e+00	0.00e+00
 3.06011e+23	1.18e-03	8.10e-01	1.89e-01	3.48e-04	1.80e-05	1.03e-06	0.00e+00	0.00e+00	0.00e+00	0.00e+00	0.00e+00	0.00e+00	0.00e+00	0.00e+00	0.00e+00	0.00e+00	0.00e+00	0.00e+00
 3.06129e+23	1.19e-03	8.10e-01	1.88e-01	3.39e-04	1.75e-05	1.01e-06	0.00e+00	0.00e+00	0.00e+00	0.00e+00	0.00e+00	0.00e+00	0.00e+00	0.00e+00	0.00e+00	0.00e+00	0.00e+00	0.00e+00
 3.06268e+23	1.18e-03	8.10e-01	1.88e-01	3.30e-04	1.71e-05	9.81e-07	0.00e+00	0.00e+00	0.00e+00	0.00e+00	0.00e+00	0.00e+00	0.00e+00	0.00e+00	0.00e+00	0.00e+00	0.00e+00	0.00e+00
 3.06420e+23	1.18e-03	8.10e-01	1.88e-01	3.21e-04	1.67e-05	9.55e-07	0.00e+00	0.00e+00	0.00e+00	0.00e+00	0.00e+00	0.00e+00	0.00e+00	0.00e+00	0.00e+00	0.00e+00	0.00e+00	0.00e+00
