#depth	Ar	Ar+	Ar+2	Ar+3	Ar+4	Ar+5	Ar+6	Ar+7	Ar+8	Ar+9	Ar+10	Ar+11	Ar+12	Ar+13	Ar+14	Ar+15	Ar+16	Ar+17	Ar+18
 1.54284e+22	1.55e-26	3.35e-20	3.51e-15	5.48e-13	4.27e-11	1.15e-09	1.61e-08	2.90e-07	1.36e-04	4.78e-03	4.63e-02	1.47e-01	3.20e-01	2.55e-01	1.09e-01	5.07e-02	5.93e-02	7.23e-03	2.99e-04
 3.43436e+22	1.33e-24	2.20e-18	1.74e-13	1.73e-11	8.83e-10	1.56e-08	1.38e-07	1.59e-06	4.88e-04	1.37e-02	9.87e-02	2.32e-01	3.60e-01	1.99e-01	5.85e-02	1.98e-02	1.69e-02	1.34e-03	3.61e-05
 3.95729e+22	8.25e-24	1.20e-17	8.30e-13	6.95e-11	3.05e-09	4.60e-08	3.40e-07	3.29e-06	8.44e-04	2.06e-02	1.29e-01	2.64e-01	3.54e-01	1.66e-01	4.19e-02	1.25e-02	9.32e-03	6.13e-04	1.38e-05
 4.21864e+22	1.94e-23	2.64e-17	1.71e-12	1.33e-10	5.44e-09	7.63e-08	5.20e-07	4.66e-06	1.09e-03	2.49e-02	1.46e-01	2.78e-01	3.47e-01	1.51e-01	3.53e-02	9.92e-03	6.95e-03	4.18e-04	8.61e-06
 4.32911e+22	2.45e-23	3.28e-17	2.09e-12	1.59e-10	6.38e-09	8.78e-08	5.85e-07	5.13e-06	1.17e-03	2.63e-02	1.50e-01	2.82e-01	3.44e-01	1.46e-01	3.36e-02	9.30e-03	6.40e-03	3.76e-04	7.55e-06
 4.38283e+22	3.23e-23	4.24e-17	2.64e-12	1.96e-10	7.70e-09	1.03e-07	6.72e-07	5.74e-06	1.28e-03	2.79e-02	1.56e-01	2.86e-01	3.41e-01	1.41e-01	3.16e-02	8.60e-03	5.81e-03	3.31e-04	6.46e-06
 4.45266e+22	4.63e-23	5.91e-17	3.57e-12	2.58e-10	9.82e-09	1.28e-07	8.04e-07	6.65e-06	1.42e-03	3.02e-02	1.63e-01	2.91e-01	3.37e-01	1.35e-01	2.93e-02	7.77e-03	5.11e-03	2.80e-04	5.27e-06
 4.52389e+22	6.17e-23	7.69e-17	4.55e-12	3.20e-10	1.19e-08	1.52e-07	9.28e-07	7.48e-06	1.55e-03	3.21e-02	1.70e-01	2.95e-01	3.33e-01	1.29e-01	2.75e-02	7.15e-03	4.60e-03	2.45e-04	4.48e-06
 4.59694e+22	8.91e-23	1.08e-16	6.20e-12	4.23e-10	1.53e-08	1.89e-07	1.12e-06	8.69e-06	1.74e-03	3.47e-02	1.78e-01	3.00e-01	3.27e-01	1.23e-01	2.52e-02	6.42e-03	4.02e-03	2.06e-04	3.62e-06
 4.67235e+22	1.20e-22	1.42e-16	7.96e-12	5.30e-10	1.87e-08	2.25e-07	1.30e-06	9.82e-06	1.90e-03	3.70e-02	1.84e-01	3.04e-01	3.22e-01	1.18e-01	2.36e-02	5.88e-03	3.60e-03	1.79e-04	3.05e-06
 4.75082e+22	1.78e-22	2.05e-16	1.11e-11	7.14e-10	2.45e-08	2.85e-07	1.58e-06	1.15e-05	2.14e-03	4.02e-02	1.93e-01	3.08e-01	3.15e-01	1.11e-01	2.15e-02	5.21e-03	3.10e-03	1.47e-04	2.41e-06
 4.83015e+22	2.40e-22	2.69e-16	1.42e-11	8.94e-10	2.99e-08	3.39e-07	1.83e-06	1.30e-05	2.34e-03	4.28e-02	2.00e-01	3.11e-01	3.10e-01	1.06e-01	2.00e-02	4.76e-03	2.77e-03	1.28e-04	2.02e-06
 4.91061e+22	3.54e-22	3.84e-16	1.96e-11	1.20e-09	3.88e-08	4.27e-07	2.22e-06	1.52e-05	2.63e-03	4.64e-02	2.09e-01	3.15e-01	3.03e-01	9.96e-02	1.81e-02	4.22e-03	2.38e-03	1.05e-04	1.60e-06
 4.99277e+22	4.82e-22	5.09e-16	2.54e-11	1.51e-09	4.78e-08	5.12e-07	2.59e-06	1.73e-05	2.89e-03	4.94e-02	2.17e-01	3.17e-01	2.96e-01	9.47e-02	1.68e-02	3.83e-03	2.11e-03	9.04e-05	1.33e-06
 5.07716e+22	7.25e-22	7.41e-16	3.56e-11	2.05e-09	6.29e-08	6.52e-07	3.17e-06	2.04e-05	3.26e-03	5.36e-02	2.27e-01	3.20e-01	2.88e-01	8.83e-02	1.51e-02	3.35e-03	1.79e-03	7.34e-05	1.03e-06
 5.16214e+22	9.85e-22	9.80e-16	4.59e-11	2.58e-09	7.73e-08	7.80e-07	3.69e-06	2.31e-05	3.57e-03	5.70e-02	2.34e-01	3.22e-01	2.81e-01	8.37e-02	1.40e-02	3.04e-03	1.59e-03	6.29e-05	8.55e-07
 5.24790e+22	1.48e-21	1.42e-15	6.44e-11	3.50e-09	1.02e-07	9.92e-07	4.52e-06	2.73e-05	4.03e-03	6.18e-02	2.44e-01	3.23e-01	2.72e-01	7.77e-02	1.25e-02	2.65e-03	1.34e-03	5.07e-05	6.60e-07
 5.33480e+22	2.03e-21	1.90e-15	8.36e-11	4.43e-09	1.26e-07	1.19e-06	5.28e-06	3.10e-05	4.42e-03	6.58e-02	2.52e-01	3.24e-01	2.65e-01	7.33e-02	1.15e-02	2.38e-03	1.18e-03	4.30e-05	5.40e-07
 5.42320e+22	3.05e-21	2.76e-15	1.17e-10	5.99e-09	1.65e-07	1.52e-06	6.46e-06	3.66e-05	4.99e-03	7.12e-02	2.62e-01	3.25e-01	2.55e-01	6.78e-02	1.02e-02	2.07e-03	9.90e-04	3.45e-05	4.14e-07
 5.51346e+22	4.26e-21	3.74e-15	1.54e-10	7.68e-09	2.06e-07	1.85e-06	7.63e-06	4.19e-05	5.50e-03	7.58e-02	2.70e-01	3.26e-01	2.47e-01	6.34e-02	9.28e-03	1.84e-03	8.57e-04	2.88e-05	3.33e-07
 5.58864e+22	5.67e-21	4.85e-15	1.95e-10	9.48e-09	2.49e-07	2.18e-06	8.79e-06	4.70e-05	5.98e-03	8.00e-02	2.77e-01	3.25e-01	2.41e-01	5.98e-02	8.53e-03	1.66e-03	7.56e-04	2.46e-05	2.75e-07
 5.66888e+22	8.20e-21	6.79e-15	2.63e-10	1.25e-08	3.19e-07	2.72e-06	1.06e-05	5.47e-05	6.67e-03	8.58e-02	2.86e-01	3.25e-01	2.31e-01	5.53e-02	7.63e-03	1.45e-03	6.40e-04	1.99e-05	2.13e-07
 5.74972e+22	1.09e-20	8.81e-15	3.32e-10	1.54e-08	3.86e-07	3.22e-06	1.22e-05	6.15e-05	7.25e-03	9.05e-02	2.93e-01	3.24e-01	2.24e-01	5.20e-02	6.99e-03	1.31e-03	5.63e-04	1.69e-05	1.75e-07
 5.83134e+22	1.58e-20	1.24e-14	4.50e-10	2.02e-08	4.96e-07	4.01e-06	1.47e-05	7.18e-05	8.09e-03	9.69e-02	3.02e-01	3.22e-01	2.15e-01	4.78e-02	6.20e-03	1.13e-03	4.73e-04	1.36e-05	1.35e-07
 5.91387e+22	2.11e-20	1.61e-14	5.70e-10	2.51e-08	6.02e-07	4.76e-06	1.70e-05	8.09e-05	8.80e-03	1.02e-01	3.09e-01	3.21e-01	2.07e-01	4.47e-02	5.65e-03	1.01e-03	4.12e-04	1.15e-05	0.00e+00
 5.99757e+22	3.08e-20	2.26e-14	7.73e-10	3.31e-08	7.76e-07	5.97e-06	2.06e-05	9.48e-05	9.85e-03	1.09e-01	3.18e-01	3.18e-01	1.98e-01	4.08e-02	4.97e-03	8.70e-04	3.43e-04	9.07e-06	0.00e+00
 6.08227e+22	4.12e-20	2.95e-14	9.79e-10	4.10e-08	9.44e-07	7.11e-06	2.38e-05	1.07e-04	1.07e-02	1.15e-01	3.24e-01	3.16e-01	1.90e-01	3.80e-02	4.50e-03	7.73e-04	2.97e-04	7.57e-06	0.00e+00
 6.16826e+22	6.02e-20	4.15e-14	1.33e-09	5.41e-08	1.22e-06	8.94e-06	2.89e-05	1.26e-04	1.20e-02	1.23e-01	3.33e-01	3.12e-01	1.80e-01	3.44e-02	3.93e-03	6.60e-04	2.44e-04	5.94e-06	0.00e+00
 6.25596e+22	8.15e-20	5.46e-14	1.69e-09	6.75e-08	1.50e-06	1.07e-05	3.38e-05	1.44e-04	1.32e-02	1.30e-01	3.39e-01	3.09e-01	1.72e-01	3.17e-02	3.51e-03	5.79e-04	2.08e-04	4.86e-06	0.00e+00
 6.34588e+22	1.20e-19	7.74e-14	2.30e-09	8.96e-08	1.95e-06	1.36e-05	4.15e-05	1.70e-04	1.48e-02	1.40e-01	3.48e-01	3.04e-01	1.62e-01	2.85e-02	3.03e-03	4.87e-04	1.68e-04	3.74e-06	0.00e+00
 6.43749e+22	1.63e-19	1.02e-13	2.94e-09	1.12e-07	2.40e-06	1.65e-05	4.87e-05	1.95e-04	1.63e-02	1.48e-01	3.54e-01	2.99e-01	1.54e-01	2.60e-02	2.68e-03	4.23e-04	1.42e-04	3.01e-06	0.00e+00
 6.53129e+22	2.41e-19	1.45e-13	4.00e-09	1.49e-07	3.15e-06	2.11e-05	6.02e-05	2.34e-04	1.84e-02	1.58e-01	3.61e-01	2.93e-01	1.43e-01	2.30e-02	2.28e-03	3.50e-04	1.13e-04	2.27e-06	0.00e+00
 6.62610e+22	3.27e-19	1.90e-13	5.07e-09	1.87e-07	3.88e-06	2.56e-05	7.10e-05	2.69e-04	2.03e-02	1.67e-01	3.67e-01	2.87e-01	1.35e-01	2.09e-02	2.00e-03	3.01e-04	9.38e-05	1.80e-06	0.00e+00
 6.70612e+22	4.30e-19	2.42e-13	6.27e-09	2.28e-07	4.70e-06	3.05e-05	8.25e-05	3.06e-04	2.21e-02	1.75e-01	3.71e-01	2.82e-01	1.28e-01	1.90e-02	1.77e-03	2.62e-04	7.91e-05	1.46e-06	0.00e+00
 6.79332e+22	6.04e-19	3.28e-13	8.15e-09	2.92e-07	5.98e-06	3.81e-05	1.00e-04	3.61e-04	2.48e-02	1.87e-01	3.76e-01	2.74e-01	1.19e-01	1.69e-02	1.50e-03	2.18e-04	6.32e-05	1.11e-06	0.00e+00
 6.88095e+22	7.88e-19	4.15e-13	9.97e-09	3.55e-07	7.22e-06	4.53e-05	1.16e-04	4.12e-04	2.71e-02	1.96e-01	3.80e-01	2.68e-01	1.12e-01	1.53e-02	1.32e-03	1.88e-04	5.29e-05	8.87e-07	0.00e+00
 6.96648e+22	1.08e-18	5.46e-13	1.26e-08	4.46e-07	9.03e-06	5.59e-05	1.39e-04	4.83e-04	3.01e-02	2.07e-01	3.84e-01	2.60e-01	1.03e-01	1.35e-02	1.12e-03	1.57e-04	4.24e-05	6.75e-07	0.00e+00
 7.05375e+22	1.40e-18	6.87e-13	1.54e-08	5.42e-07	1.09e-05	6.68e-05	1.63e-04	5.54e-04	3.30e-02	2.17e-01	3.86e-01	2.53e-01	9.66e-02	1.21e-02	9.75e-04	1.34e-04	3.49e-05	5.32e-07	0.00e+00
 7.13937e+22	1.86e-18	8.81e-13	1.90e-08	6.68e-07	1.35e-05	8.15e-05	1.93e-04	6.46e-04	3.66e-02	2.29e-01	3.88e-01	2.44e-01	8.91e-02	1.07e-02	8.29e-04	1.11e-04	2.80e-05	4.06e-07	0.00e+00
 7.22676e+22	2.41e-18	1.10e-12	2.29e-08	8.09e-07	1.63e-05	9.77e-05	2.27e-04	7.45e-04	4.02e-02	2.40e-01	3.90e-01	2.36e-01	8.25e-02	9.48e-03	7.11e-04	9.37e-05	2.28e-05	3.15e-07	0.00e+00
 7.31289e+22	3.13e-18	1.38e-12	2.77e-08	9.82e-07	1.99e-05	1.18e-04	2.67e-04	8.64e-04	4.43e-02	2.52e-01	3.90e-01	2.27e-01	7.58e-02	8.35e-03	6.04e-04	7.81e-05	1.83e-05	2.41e-07	0.00e+00
 7.39973e+22	4.00e-18	1.71e-12	3.31e-08	1.18e-06	2.40e-05	1.41e-04	3.12e-04	9.97e-04	4.87e-02	2.64e-01	3.90e-01	2.18e-01	6.97e-02	7.36e-03	5.14e-04	6.52e-05	1.47e-05	1.85e-07	0.00e+00
 7.48552e+22	5.09e-18	2.10e-12	3.91e-08	1.41e-06	2.88e-05	1.68e-04	3.64e-04	1.15e-03	5.34e-02	2.76e-01	3.89e-01	2.09e-01	6.39e-02	6.47e-03	4.37e-04	5.43e-05	1.18e-05	1.41e-07	0.00e+00
 7.57115e+22	6.41e-18	2.55e-12	4.60e-08	1.68e-06	3.45e-05	2.00e-04	4.24e-04	1.32e-03	5.85e-02	2.88e-01	3.87e-01	2.00e-01	5.84e-02	5.67e-03	3.70e-04	4.52e-05	9.48e-06	0.00e+00	0.00e+00
 7.65689e+22	8.04e-18	3.09e-12	5.38e-08	1.99e-06	4.12e-05	2.38e-04	4.92e-04	1.52e-03	6.39e-02	3.00e-01	3.84e-01	1.91e-01	5.33e-02	4.96e-03	3.13e-04	3.75e-05	7.59e-06	0.00e+00	0.00e+00
 7.74292e+22	1.00e-17	3.72e-12	6.25e-08	2.35e-06	4.89e-05	2.81e-04	5.70e-04	1.75e-03	6.98e-02	3.11e-01	3.81e-01	1.82e-01	4.85e-02	4.34e-03	2.64e-04	3.11e-05	6.06e-06	0.00e+00	0.00e+00
 7.82934e+22	1.24e-17	4.47e-12	7.23e-08	2.76e-06	5.81e-05	3.31e-04	6.58e-04	2.00e-03	7.61e-02	3.23e-01	3.77e-01	1.73e-01	4.40e-02	3.78e-03	2.23e-04	2.57e-05	4.83e-06	0.00e+00	0.00e+00
 7.91650e+22	1.54e-17	5.34e-12	8.33e-08	3.24e-06	6.87e-05	3.90e-04	7.58e-04	2.29e-03	8.29e-02	3.35e-01	3.72e-01	1.64e-01	3.98e-02	3.28e-03	1.87e-04	2.11e-05	3.84e-06	0.00e+00	0.00e+00
 8.00458e+22	1.91e-17	6.37e-12	9.58e-08	3.80e-06	8.12e-05	4.59e-04	8.72e-04	2.63e-03	9.02e-02	3.46e-01	3.66e-01	1.55e-01	3.59e-02	2.84e-03	1.57e-04	1.74e-05	3.04e-06	0.00e+00	0.00e+00
 8.09315e+22	2.35e-17	7.57e-12	1.10e-07	4.44e-06	9.55e-05	5.37e-04	9.99e-04	3.00e-03	9.78e-02	3.57e-01	3.60e-01	1.46e-01	3.24e-02	2.46e-03	1.31e-04	1.43e-05	2.41e-06	0.00e+00	0.00e+00
 8.18312e+22	2.90e-17	9.02e-12	1.26e-07	5.20e-06	1.13e-04	6.30e-04	1.15e-03	3.42e-03	1.06e-01	3.68e-01	3.52e-01	1.37e-01	2.90e-02	2.12e-03	1.09e-04	1.16e-05	1.90e-06	0.00e+00	0.00e+00
 8.27404e+22	3.57e-17	1.07e-11	1.44e-07	6.07e-06	1.32e-04	7.35e-04	1.31e-03	3.90e-03	1.15e-01	3.78e-01	3.45e-01	1.29e-01	2.60e-02	1.83e-03	9.11e-05	9.49e-06	1.50e-06	0.00e+00	0.00e+00
 8.36676e+22	4.44e-17	1.28e-11	1.66e-07	7.13e-06	1.56e-04	8.61e-04	1.49e-03	4.45e-03	1.24e-01	3.88e-01	3.36e-01	1.20e-01	2.32e-02	1.56e-03	7.53e-05	7.67e-06	1.17e-06	0.00e+00	0.00e+00
 8.46111e+22	5.49e-17	1.53e-11	1.91e-07	8.34e-06	1.83e-04	1.00e-03	1.70e-03	5.05e-03	1.34e-01	3.97e-01	3.27e-01	1.12e-01	2.06e-02	1.34e-03	6.24e-05	6.23e-06	9.15e-07	0.00e+00	0.00e+00
 8.54755e+22	6.59e-17	1.77e-11	2.15e-07	9.52e-06	2.09e-04	1.14e-03	1.89e-03	5.61e-03	1.42e-01	4.04e-01	3.19e-01	1.06e-01	1.87e-02	1.17e-03	5.32e-05	5.22e-06	7.45e-07	0.00e+00	0.00e+00
 8.63779e+22	8.28e-17	2.14e-11	2.50e-07	1.12e-05	2.47e-04	1.33e-03	2.15e-03	6.40e-03	1.53e-01	4.12e-01	3.09e-01	9.76e-02	1.65e-02	9.90e-04	4.34e-05	4.16e-06	5.72e-07	0.00e+00	0.00e+00
 8.72954e+22	1.00e-16	2.51e-11	2.83e-07	1.29e-05	2.83e-04	1.51e-03	2.38e-03	7.10e-03	1.63e-01	4.18e-01	3.00e-01	9.16e-02	1.48e-02	8.65e-04	3.69e-05	3.47e-06	4.63e-07	0.00e+00	0.00e+00
 8.82418e+22	1.28e-16	3.09e-11	3.34e-07	1.54e-05	3.35e-04	1.77e-03	2.71e-03	8.09e-03	1.75e-01	4.25e-01	2.89e-01	8.41e-02	1.30e-02	7.25e-04	2.98e-05	2.74e-06	3.52e-07	0.00e+00	0.00e+00
 8.91907e+22	1.56e-16	3.63e-11	3.80e-07	1.76e-05	3.83e-04	2.00e-03	3.00e-03	8.93e-03	1.85e-01	4.30e-01	2.80e-01	7.86e-02	1.17e-02	6.32e-04	2.53e-05	2.28e-06	2.85e-07	0.00e+00	0.00e+00
 9.01427e+22	2.01e-16	4.48e-11	4.50e-07	2.11e-05	4.53e-04	2.34e-03	3.39e-03	1.01e-02	1.98e-01	4.35e-01	2.68e-01	7.20e-02	1.02e-02	5.28e-04	2.04e-05	1.80e-06	2.16e-07	0.00e+00	0.00e+00
 9.10984e+22	2.46e-16	5.31e-11	5.17e-07	2.42e-05	5.17e-04	2.63e-03	3.72e-03	1.11e-02	2.08e-01	4.38e-01	2.59e-01	6.72e-02	9.13e-03	4.61e-04	1.74e-05	1.50e-06	1.76e-07	0.00e+00	0.00e+00
 9.20587e+22	3.20e-16	6.62e-11	6.17e-07	2.90e-05	6.10e-04	3.06e-03	4.19e-03	1.25e-02	2.22e-01	4.41e-01	2.47e-01	6.13e-02	7.93e-03	3.85e-04	1.40e-05	1.18e-06	1.33e-07	0.00e+00	0.00e+00
 9.30293e+22	3.96e-16	7.92e-11	7.15e-07	3.36e-05	6.96e-04	3.44e-03	4.58e-03	1.37e-02	2.32e-01	4.43e-01	2.38e-01	5.70e-02	7.11e-03	3.35e-04	1.19e-05	9.83e-07	0.00e+00	0.00e+00	0.00e+00
 9.40132e+22	5.21e-16	1.00e-10	8.64e-07	4.05e-05	8.24e-04	3.99e-03	5.14e-03	1.54e-02	2.46e-01	4.44e-01	2.26e-01	5.17e-02	6.15e-03	2.79e-04	9.56e-06	7.72e-07	0.00e+00	0.00e+00	0.00e+00
 9.50103e+22	6.53e-16	1.21e-10	1.01e-06	4.71e-05	9.42e-04	4.48e-03	5.61e-03	1.68e-02	2.57e-01	4.44e-01	2.17e-01	4.79e-02	5.49e-03	2.42e-04	8.06e-06	6.39e-07	0.00e+00	0.00e+00	0.00e+00
 9.60245e+22	8.74e-16	1.55e-10	1.24e-06	5.72e-05	1.12e-03	5.20e-03	6.28e-03	1.89e-02	2.72e-01	4.43e-01	2.05e-01	4.33e-02	4.72e-03	2.00e-04	6.45e-06	4.99e-07	0.00e+00	0.00e+00	0.00e+00
 9.70575e+22	1.11e-15	1.91e-10	1.47e-06	6.71e-05	1.28e-03	5.85e-03	6.86e-03	2.06e-02	2.83e-01	4.42e-01	1.96e-01	3.99e-02	4.19e-03	1.73e-04	5.41e-06	4.10e-07	0.00e+00	0.00e+00	0.00e+00
 9.81149e+22	1.52e-15	2.49e-10	1.84e-06	8.23e-05	1.53e-03	6.79e-03	7.66e-03	2.30e-02	2.98e-01	4.39e-01	1.84e-01	3.58e-02	3.58e-03	1.42e-04	4.29e-06	3.18e-07	0.00e+00	0.00e+00	0.00e+00
 9.91966e+22	1.97e-15	3.11e-10	2.21e-06	9.75e-05	1.76e-03	7.66e-03	8.36e-03	2.50e-02	3.10e-01	4.36e-01	1.75e-01	3.28e-02	3.15e-03	1.22e-04	3.57e-06	2.59e-07	0.00e+00	0.00e+00	0.00e+00
 1.00310e+23	2.75e-15	4.15e-10	2.81e-06	1.21e-04	2.12e-03	8.93e-03	9.34e-03	2.79e-02	3.25e-01	4.31e-01	1.64e-01	2.92e-02	2.67e-03	9.91e-05	2.80e-06	1.98e-07	0.00e+00	0.00e+00	0.00e+00
 1.01445e+23	3.63e-15	5.26e-10	3.43e-06	1.45e-04	2.45e-03	1.01e-02	1.02e-02	3.04e-02	3.37e-01	4.26e-01	1.55e-01	2.66e-02	2.34e-03	8.43e-05	2.32e-06	1.61e-07	0.00e+00	0.00e+00	0.00e+00
 1.02401e+23	4.64e-15	6.50e-10	4.10e-06	1.70e-04	2.79e-03	1.12e-02	1.10e-02	3.27e-02	3.48e-01	4.21e-01	1.47e-01	2.45e-02	2.07e-03	7.29e-05	1.95e-06	1.33e-07	0.00e+00	0.00e+00	0.00e+00
 1.03438e+23	6.39e-15	8.58e-10	5.18e-06	2.08e-04	3.30e-03	1.29e-02	1.21e-02	3.58e-02	3.61e-01	4.14e-01	1.37e-01	2.19e-02	1.77e-03	6.03e-05	1.56e-06	0.00e+00	0.00e+00	0.00e+00	0.00e+00
 1.04445e+23	8.08e-15	1.05e-09	6.14e-06	2.41e-04	3.73e-03	1.42e-02	1.30e-02	3.82e-02	3.70e-01	4.08e-01	1.31e-01	2.02e-02	1.58e-03	5.27e-05	1.33e-06	0.00e+00	0.00e+00	0.00e+00	0.00e+00
 1.05415e+23	1.09e-14	1.37e-09	7.66e-06	2.92e-04	4.35e-03	1.61e-02	1.41e-02	4.15e-02	3.82e-01	4.00e-01	1.22e-01	1.82e-02	1.36e-03	4.40e-05	1.08e-06	0.00e+00	0.00e+00	0.00e+00	0.00e+00
 1.06395e+23	1.39e-14	1.68e-09	9.14e-06	3.40e-04	4.92e-03	1.77e-02	1.51e-02	4.41e-02	3.90e-01	3.94e-01	1.16e-01	1.67e-02	1.22e-03	3.84e-05	9.16e-07	0.00e+00	0.00e+00	0.00e+00	0.00e+00
 1.07388e+23	1.90e-14	2.20e-09	1.15e-05	4.13e-04	5.75e-03	2.00e-02	1.64e-02	4.78e-02	4.01e-01	3.85e-01	1.08e-01	1.50e-02	1.04e-03	3.20e-05	7.39e-07	0.00e+00	0.00e+00	0.00e+00	0.00e+00
 1.08395e+23	2.44e-14	2.74e-09	1.38e-05	4.83e-04	6.51e-03	2.20e-02	1.76e-02	5.07e-02	4.09e-01	3.77e-01	1.02e-01	1.37e-02	9.27e-04	2.77e-05	6.26e-07	0.00e+00	0.00e+00	0.00e+00	0.00e+00
 1.09422e+23	3.37e-14	3.63e-09	1.75e-05	5.91e-04	7.63e-03	2.50e-02	1.91e-02	5.47e-02	4.19e-01	3.67e-01	9.47e-02	1.22e-02	7.90e-04	2.30e-05	5.01e-07	0.00e+00	0.00e+00	0.00e+00	0.00e+00
 1.10463e+23	4.37e-14	4.54e-09	2.12e-05	6.93e-04	8.65e-03	2.75e-02	2.04e-02	5.79e-02	4.25e-01	3.58e-01	8.92e-02	1.11e-02	6.98e-04	1.98e-05	4.22e-07	0.00e+00	0.00e+00	0.00e+00	0.00e+00
 1.11525e+23	6.11e-14	6.07e-09	2.71e-05	8.52e-04	1.02e-02	3.12e-02	2.21e-02	6.24e-02	4.34e-01	3.47e-01	8.21e-02	9.84e-03	5.90e-04	1.63e-05	3.35e-07	0.00e+00	0.00e+00	0.00e+00	0.00e+00
 1.12604e+23	7.97e-14	7.65e-09	3.30e-05	1.00e-03	1.16e-02	3.44e-02	2.36e-02	6.58e-02	4.40e-01	3.37e-01	7.69e-02	8.93e-03	5.19e-04	1.40e-05	2.81e-07	0.00e+00	0.00e+00	0.00e+00	0.00e+00
 1.13706e+23	1.13e-13	1.03e-08	4.25e-05	1.24e-03	1.36e-02	3.89e-02	2.56e-02	7.07e-02	4.47e-01	3.25e-01	7.04e-02	7.82e-03	4.35e-04	1.14e-05	2.20e-07	0.00e+00	0.00e+00	0.00e+00	0.00e+00
 1.14833e+23	1.49e-13	1.32e-08	5.22e-05	1.47e-03	1.55e-02	4.29e-02	2.73e-02	7.44e-02	4.51e-01	3.14e-01	6.55e-02	7.05e-03	3.79e-04	9.70e-06	1.83e-07	0.00e+00	0.00e+00	0.00e+00	0.00e+00
 1.15992e+23	2.14e-13	1.80e-08	6.81e-05	1.83e-03	1.84e-02	4.87e-02	2.95e-02	7.97e-02	4.56e-01	3.00e-01	5.94e-02	6.11e-03	3.14e-04	7.80e-06	1.42e-07	0.00e+00	0.00e+00	0.00e+00	0.00e+00
 1.17182e+23	2.87e-13	2.33e-08	8.45e-05	2.18e-03	2.10e-02	5.38e-02	3.15e-02	8.38e-02	4.59e-01	2.89e-01	5.48e-02	5.45e-03	2.70e-04	6.55e-06	0.00e+00	0.00e+00	0.00e+00	0.00e+00	0.00e+00
 1.18412e+23	4.19e-13	3.23e-08	1.12e-04	2.73e-03	2.50e-02	6.10e-02	3.40e-02	8.93e-02	4.60e-01	2.73e-01	4.92e-02	4.67e-03	2.21e-04	5.20e-06	0.00e+00	0.00e+00	0.00e+00	0.00e+00	0.00e+00
 1.19655e+23	5.63e-13	4.17e-08	1.38e-04	3.25e-03	2.86e-02	6.71e-02	3.61e-02	9.35e-02	4.61e-01	2.61e-01	4.51e-02	4.14e-03	1.89e-04	4.35e-06	0.00e+00	0.00e+00	0.00e+00	0.00e+00	0.00e+00
 1.20916e+23	8.27e-13	5.82e-08	1.83e-04	4.08e-03	3.39e-02	7.59e-02	3.89e-02	9.90e-02	4.59e-01	2.45e-01	4.01e-02	3.51e-03	1.53e-04	3.41e-06	0.00e+00	0.00e+00	0.00e+00	0.00e+00	0.00e+00
 1.22191e+23	1.11e-12	7.51e-08	2.27e-04	4.85e-03	3.85e-02	8.31e-02	4.10e-02	1.03e-01	4.56e-01	2.33e-01	3.65e-02	3.09e-03	1.30e-04	2.83e-06	0.00e+00	0.00e+00	0.00e+00	0.00e+00	0.00e+00
 1.23482e+23	1.63e-12	1.05e-07	3.00e-04	6.06e-03	4.55e-02	9.34e-02	4.39e-02	1.08e-01	4.51e-01	2.17e-01	3.21e-02	2.59e-03	1.04e-04	2.20e-06	0.00e+00	0.00e+00	0.00e+00	0.00e+00	0.00e+00
 1.24797e+23	2.21e-12	1.36e-07	3.73e-04	7.20e-03	5.17e-02	1.02e-01	4.61e-02	1.12e-01	4.45e-01	2.04e-01	2.90e-02	2.26e-03	8.73e-05	1.81e-06	0.00e+00	0.00e+00	0.00e+00	0.00e+00	0.00e+00
 1.25958e+23	2.97e-12	1.75e-07	4.62e-04	8.53e-03	5.85e-02	1.11e-01	4.83e-02	1.15e-01	4.38e-01	1.92e-01	2.61e-02	1.96e-03	7.30e-05	1.48e-06	0.00e+00	0.00e+00	0.00e+00	0.00e+00	0.00e+00
 1.27285e+23	4.33e-12	2.42e-07	6.04e-04	1.05e-02	6.83e-02	1.23e-01	5.10e-02	1.19e-01	4.27e-01	1.76e-01	2.26e-02	1.62e-03	5.79e-05	1.14e-06	0.00e+00	0.00e+00	0.00e+00	0.00e+00	0.00e+00
 1.28638e+23	5.89e-12	3.15e-07	7.52e-04	1.25e-02	7.72e-02	1.33e-01	5.32e-02	1.22e-01	4.16e-01	1.63e-01	2.01e-02	1.39e-03	4.76e-05	9.13e-07	0.00e+00	0.00e+00	0.00e+00	0.00e+00	0.00e+00
 1.29735e+23	7.59e-12	3.91e-07	9.00e-04	1.44e-02	8.53e-02	1.42e-01	5.48e-02	1.24e-01	4.06e-01	1.53e-01	1.81e-02	1.21e-03	4.03e-05	7.58e-07	0.00e+00	0.00e+00	0.00e+00	0.00e+00	0.00e+00
 1.30870e+23	1.02e-11	5.04e-07	1.11e-03	1.69e-02	9.55e-02	1.53e-01	5.67e-02	1.26e-01	3.93e-01	1.41e-01	1.60e-02	1.03e-03	3.31e-05	6.08e-07	0.00e+00	0.00e+00	0.00e+00	0.00e+00	0.00e+00
 1.32066e+23	1.33e-11	6.31e-07	1.33e-03	1.95e-02	1.06e-01	1.62e-01	5.82e-02	1.28e-01	3.80e-01	1.30e-01	1.42e-02	8.87e-04	2.75e-05	4.96e-07	0.00e+00	0.00e+00	0.00e+00	0.00e+00	0.00e+00
 1.33165e+23	1.72e-11	7.84e-07	1.59e-03	2.23e-02	1.16e-01	1.72e-01	5.96e-02	1.29e-01	3.67e-01	1.20e-01	1.26e-02	7.63e-04	2.30e-05	4.05e-07	0.00e+00	0.00e+00	0.00e+00	0.00e+00	0.00e+00
 1.34417e+23	2.36e-11	1.03e-06	1.98e-03	2.63e-02	1.30e-01	1.83e-01	6.10e-02	1.29e-01	3.49e-01	1.08e-01	1.08e-02	6.29e-04	1.82e-05	3.13e-07	0.00e+00	0.00e+00	0.00e+00	0.00e+00	0.00e+00
 1.35704e+23	3.11e-11	1.30e-06	2.40e-03	3.03e-02	1.43e-01	1.93e-01	6.20e-02	1.29e-01	3.32e-01	9.84e-02	9.41e-03	5.27e-04	1.47e-05	2.48e-07	0.00e+00	0.00e+00	0.00e+00	0.00e+00	0.00e+00
 1.36834e+23	3.98e-11	1.59e-06	2.84e-03	3.44e-02	1.55e-01	2.02e-01	6.27e-02	1.28e-01	3.16e-01	8.98e-02	8.26e-03	4.48e-04	1.21e-05	2.00e-07	0.00e+00	0.00e+00	0.00e+00	0.00e+00	0.00e+00
 1.38103e+23	5.39e-11	2.06e-06	3.48e-03	3.99e-02	1.71e-01	2.12e-01	6.33e-02	1.27e-01	2.97e-01	7.97e-02	6.98e-03	3.64e-04	9.47e-06	1.53e-07	0.00e+00	0.00e+00	0.00e+00	0.00e+00	0.00e+00
 1.39432e+23	7.09e-11	2.58e-06	4.18e-03	4.56e-02	1.86e-01	2.21e-01	6.35e-02	1.25e-01	2.78e-01	7.10e-02	5.95e-03	2.99e-04	7.51e-06	0.00e+00	0.00e+00	0.00e+00	0.00e+00	0.00e+00	0.00e+00
 1.40633e+23	9.08e-11	3.17e-06	4.93e-03	5.13e-02	2.00e-01	2.28e-01	6.34e-02	1.22e-01	2.61e-01	6.36e-02	5.12e-03	2.49e-04	6.05e-06	0.00e+00	0.00e+00	0.00e+00	0.00e+00	0.00e+00	0.00e+00
 1.41989e+23	1.23e-10	4.09e-06	6.02e-03	5.92e-02	2.18e-01	2.37e-01	6.30e-02	1.19e-01	2.39e-01	5.51e-02	4.21e-03	1.97e-04	4.59e-06	0.00e+00	0.00e+00	0.00e+00	0.00e+00	0.00e+00	0.00e+00
 1.43389e+23	1.61e-10	5.11e-06	7.17e-03	6.69e-02	2.34e-01	2.43e-01	6.23e-02	1.15e-01	2.20e-01	4.81e-02	3.52e-03	1.58e-04	3.55e-06	0.00e+00	0.00e+00	0.00e+00	0.00e+00	0.00e+00	0.00e+00
 1.44636e+23	2.05e-10	6.23e-06	8.37e-03	7.45e-02	2.48e-01	2.48e-01	6.14e-02	1.11e-01	2.03e-01	4.24e-02	2.97e-03	1.29e-04	2.81e-06	0.00e+00	0.00e+00	0.00e+00	0.00e+00	0.00e+00	0.00e+00
 1.46047e+23	2.77e-10	7.94e-06	1.01e-02	8.47e-02	2.66e-01	2.52e-01	5.99e-02	1.06e-01	1.83e-01	3.59e-02	2.39e-03	9.95e-05	2.07e-06	0.00e+00	0.00e+00	0.00e+00	0.00e+00	0.00e+00	0.00e+00
 1.47515e+23	3.60e-10	9.84e-06	1.19e-02	9.45e-02	2.82e-01	2.55e-01	5.83e-02	1.01e-01	1.65e-01	3.07e-02	1.95e-03	7.82e-05	1.57e-06	0.00e+00	0.00e+00	0.00e+00	0.00e+00	0.00e+00	0.00e+00
 1.48839e+23	4.58e-10	1.20e-05	1.38e-02	1.04e-01	2.96e-01	2.56e-01	5.66e-02	9.60e-02	1.49e-01	2.64e-02	1.61e-03	6.23e-05	1.21e-06	0.00e+00	0.00e+00	0.00e+00	0.00e+00	0.00e+00	0.00e+00
 1.50339e+23	6.20e-10	1.53e-05	1.66e-02	1.17e-01	3.13e-01	2.56e-01	5.42e-02	8.95e-02	1.31e-01	2.17e-02	1.25e-03	4.62e-05	8.57e-07	0.00e+00	0.00e+00	0.00e+00	0.00e+00	0.00e+00	0.00e+00
 1.51881e+23	7.97e-10	1.87e-05	1.93e-02	1.29e-01	3.26e-01	2.54e-01	5.20e-02	8.39e-02	1.16e-01	1.82e-02	1.00e-03	3.57e-05	6.38e-07	0.00e+00	0.00e+00	0.00e+00	0.00e+00	0.00e+00	0.00e+00
 1.53265e+23	1.01e-09	2.26e-05	2.23e-02	1.41e-01	3.38e-01	2.52e-01	4.97e-02	7.84e-02	1.03e-01	1.53e-02	8.06e-04	2.78e-05	4.78e-07	0.00e+00	0.00e+00	0.00e+00	0.00e+00	0.00e+00	0.00e+00
 1.54852e+23	1.37e-09	2.87e-05	2.66e-02	1.57e-01	3.51e-01	2.47e-01	4.66e-02	7.14e-02	8.79e-02	1.22e-02	6.05e-04	1.99e-05	3.27e-07	0.00e+00	0.00e+00	0.00e+00	0.00e+00	0.00e+00	0.00e+00
 1.56456e+23	1.74e-09	3.47e-05	3.05e-02	1.70e-01	3.60e-01	2.42e-01	4.40e-02	6.60e-02	7.69e-02	1.01e-02	4.77e-04	1.51e-05	2.39e-07	0.00e+00	0.00e+00	0.00e+00	0.00e+00	0.00e+00	0.00e+00
 1.58080e+23	2.33e-09	4.36e-05	3.59e-02	1.87e-01	3.70e-01	2.34e-01	4.09e-02	5.94e-02	6.49e-02	7.95e-03	3.55e-04	1.07e-05	1.62e-07	0.00e+00	0.00e+00	0.00e+00	0.00e+00	0.00e+00	0.00e+00
 1.59731e+23	2.95e-09	5.24e-05	4.10e-02	2.01e-01	3.76e-01	2.27e-01	3.83e-02	5.42e-02	5.60e-02	6.48e-03	2.76e-04	8.04e-06	0.00e+00	0.00e+00	0.00e+00	0.00e+00	0.00e+00	0.00e+00	0.00e+00
 1.61196e+23	3.71e-09	6.25e-05	4.64e-02	2.15e-01	3.80e-01	2.19e-01	3.57e-02	4.94e-02	4.84e-02	5.29e-03	2.15e-04	6.04e-06	0.00e+00	0.00e+00	0.00e+00	0.00e+00	0.00e+00	0.00e+00	0.00e+00
 1.62880e+23	4.95e-09	7.82e-05	5.43e-02	2.33e-01	3.84e-01	2.09e-01	3.25e-02	4.36e-02	3.98e-02	4.04e-03	1.55e-04	4.15e-06	0.00e+00	0.00e+00	0.00e+00	0.00e+00	0.00e+00	0.00e+00	0.00e+00
 1.64586e+23	6.21e-09	9.29e-05	6.11e-02	2.47e-01	3.85e-01	2.00e-01	3.01e-02	3.93e-02	3.40e-02	3.25e-03	1.19e-04	3.07e-06	0.00e+00	0.00e+00	0.00e+00	0.00e+00	0.00e+00	0.00e+00	0.00e+00
 1.66320e+23	8.27e-09	1.16e-04	7.09e-02	2.66e-01	3.84e-01	1.88e-01	2.71e-02	3.42e-02	2.76e-02	2.45e-03	8.43e-05	2.07e-06	0.00e+00	0.00e+00	0.00e+00	0.00e+00	0.00e+00	0.00e+00	0.00e+00
 1.68077e+23	1.03e-08	1.37e-04	7.94e-02	2.80e-01	3.82e-01	1.78e-01	2.49e-02	3.05e-02	2.33e-02	1.95e-03	6.39e-05	1.51e-06	0.00e+00	0.00e+00	0.00e+00	0.00e+00	0.00e+00	0.00e+00	0.00e+00
 1.69863e+23	1.37e-08	1.69e-04	9.14e-02	2.98e-01	3.77e-01	1.65e-01	2.22e-02	2.63e-02	1.86e-02	1.44e-03	4.45e-05	1.00e-06	0.00e+00	0.00e+00	0.00e+00	0.00e+00	0.00e+00	0.00e+00	0.00e+00
 1.71673e+23	1.71e-08	1.99e-04	1.02e-01	3.12e-01	3.71e-01	1.55e-01	2.01e-02	2.32e-02	1.55e-02	1.13e-03	3.33e-05	7.23e-07	0.00e+00	0.00e+00	0.00e+00	0.00e+00	0.00e+00	0.00e+00	0.00e+00
 1.73250e+23	2.11e-08	2.33e-04	1.12e-01	3.24e-01	3.65e-01	1.46e-01	1.83e-02	2.05e-02	1.30e-02	8.92e-04	2.52e-05	5.25e-07	0.00e+00	0.00e+00	0.00e+00	0.00e+00	0.00e+00	0.00e+00	0.00e+00
 1.74761e+23	2.56e-08	2.69e-04	1.23e-01	3.36e-01	3.57e-01	1.37e-01	1.67e-02	1.83e-02	1.10e-02	7.12e-04	1.92e-05	3.88e-07	0.00e+00	0.00e+00	0.00e+00	0.00e+00	0.00e+00	0.00e+00	0.00e+00
 1.76204e+23	3.08e-08	3.07e-04	1.34e-01	3.46e-01	3.49e-01	1.29e-01	1.53e-02	1.63e-02	9.33e-03	5.72e-04	1.48e-05	2.89e-07	0.00e+00	0.00e+00	0.00e+00	0.00e+00	0.00e+00	0.00e+00	0.00e+00
 1.77831e+23	3.88e-08	3.64e-04	1.49e-01	3.58e-01	3.38e-01	1.19e-01	1.36e-02	1.40e-02	7.55e-03	4.32e-04	1.07e-05	1.99e-07	0.00e+00	0.00e+00	0.00e+00	0.00e+00	0.00e+00	0.00e+00	0.00e+00
 1.79452e+23	4.65e-08	4.14e-04	1.61e-01	3.67e-01	3.29e-01	1.11e-01	1.24e-02	1.24e-02	6.37e-03	3.45e-04	8.18e-06	1.48e-07	0.00e+00	0.00e+00	0.00e+00	0.00e+00	0.00e+00	0.00e+00	0.00e+00
 1.81065e+23	5.80e-08	4.86e-04	1.78e-01	3.77e-01	3.16e-01	1.02e-01	1.10e-02	1.07e-02	5.15e-03	2.60e-04	5.87e-06	0.00e+00	0.00e+00	0.00e+00	0.00e+00	0.00e+00	0.00e+00	0.00e+00	0.00e+00
 1.82709e+23	6.95e-08	5.53e-04	1.92e-01	3.84e-01	3.06e-01	9.43e-02	9.94e-03	9.38e-03	4.30e-03	2.05e-04	4.45e-06	0.00e+00	0.00e+00	0.00e+00	0.00e+00	0.00e+00	0.00e+00	0.00e+00	0.00e+00
 1.84392e+23	8.68e-08	6.47e-04	2.10e-01	3.92e-01	2.91e-01	8.56e-02	8.74e-03	7.96e-03	3.43e-03	1.53e-04	3.15e-06	0.00e+00	0.00e+00	0.00e+00	0.00e+00	0.00e+00	0.00e+00	0.00e+00	0.00e+00
 1.86095e+23	1.04e-07	7.33e-04	2.26e-01	3.97e-01	2.79e-01	7.90e-02	7.85e-03	6.95e-03	2.85e-03	1.19e-04	2.37e-06	0.00e+00	0.00e+00	0.00e+00	0.00e+00	0.00e+00	0.00e+00	0.00e+00	0.00e+00
 1.87595e+23	1.23e-07	8.27e-04	2.42e-01	4.01e-01	2.68e-01	7.29e-02	7.07e-03	6.08e-03	2.37e-03	9.40e-05	1.79e-06	0.00e+00	0.00e+00	0.00e+00	0.00e+00	0.00e+00	0.00e+00	0.00e+00	0.00e+00
 1.89319e+23	1.53e-07	9.60e-04	2.63e-01	4.05e-01	2.52e-01	6.56e-02	6.16e-03	5.12e-03	1.88e-03	6.90e-05	1.26e-06	0.00e+00	0.00e+00	0.00e+00	0.00e+00	0.00e+00	0.00e+00	0.00e+00	0.00e+00
 1.90988e+23	1.79e-07	1.07e-03	2.78e-01	4.07e-01	2.41e-01	6.06e-02	5.56e-03	4.50e-03	1.58e-03	5.49e-05	9.64e-07	0.00e+00	0.00e+00	0.00e+00	0.00e+00	0.00e+00	0.00e+00	0.00e+00	0.00e+00
 1.92319e+23	2.06e-07	1.18e-03	2.93e-01	4.08e-01	2.31e-01	5.64e-02	5.06e-03	3.99e-03	1.34e-03	4.45e-05	7.58e-07	0.00e+00	0.00e+00	0.00e+00	0.00e+00	0.00e+00	0.00e+00	0.00e+00	0.00e+00
 1.93782e+23	2.44e-07	1.32e-03	3.11e-01	4.08e-01	2.19e-01	5.14e-02	4.50e-03	3.45e-03	1.10e-03	3.44e-05	5.63e-07	0.00e+00	0.00e+00	0.00e+00	0.00e+00	0.00e+00	0.00e+00	0.00e+00	0.00e+00
 1.95271e+23	2.81e-07	1.45e-03	3.27e-01	4.08e-01	2.08e-01	4.76e-02	4.07e-03	3.04e-03	9.32e-04	2.77e-05	4.39e-07	0.00e+00	0.00e+00	0.00e+00	0.00e+00	0.00e+00	0.00e+00	0.00e+00	0.00e+00
 1.96590e+23	3.22e-07	1.59e-03	3.42e-01	4.07e-01	1.98e-01	4.40e-02	3.69e-03	2.69e-03	7.92e-04	2.24e-05	3.44e-07	0.00e+00	0.00e+00	0.00e+00	0.00e+00	0.00e+00	0.00e+00	0.00e+00	0.00e+00
 1.98100e+23	3.81e-07	1.78e-03	3.61e-01	4.04e-01	1.86e-01	3.99e-02	3.26e-03	2.31e-03	6.45e-04	1.71e-05	2.54e-07	0.00e+00	0.00e+00	0.00e+00	0.00e+00	0.00e+00	0.00e+00	0.00e+00	0.00e+00
 1.99628e+23	4.38e-07	1.95e-03	3.77e-01	4.02e-01	1.77e-01	3.67e-02	2.94e-03	2.03e-03	5.43e-04	1.37e-05	1.96e-07	0.00e+00	0.00e+00	0.00e+00	0.00e+00	0.00e+00	0.00e+00	0.00e+00	0.00e+00
 2.00971e+23	5.00e-07	2.13e-03	3.93e-01	3.99e-01	1.67e-01	3.39e-02	2.66e-03	1.79e-03	4.59e-04	1.10e-05	1.53e-07	0.00e+00	0.00e+00	0.00e+00	0.00e+00	0.00e+00	0.00e+00	0.00e+00	0.00e+00
 2.02508e+23	5.88e-07	2.36e-03	4.13e-01	3.94e-01	1.56e-01	3.06e-02	2.34e-03	1.53e-03	3.73e-04	8.38e-06	0.00e+00	0.00e+00	0.00e+00	0.00e+00	0.00e+00	0.00e+00	0.00e+00	0.00e+00	0.00e+00
 2.04071e+23	6.73e-07	2.58e-03	4.29e-01	3.89e-01	1.47e-01	2.80e-02	2.10e-03	1.34e-03	3.12e-04	6.66e-06	0.00e+00	0.00e+00	0.00e+00	0.00e+00	0.00e+00	0.00e+00	0.00e+00	0.00e+00	0.00e+00
 2.05456e+23	7.69e-07	2.81e-03	4.46e-01	3.84e-01	1.39e-01	2.57e-02	1.89e-03	1.17e-03	2.63e-04	5.32e-06	0.00e+00	0.00e+00	0.00e+00	0.00e+00	0.00e+00	0.00e+00	0.00e+00	0.00e+00	0.00e+00
 2.07046e+23	9.06e-07	3.12e-03	4.67e-01	3.76e-01	1.28e-01	2.30e-02	1.65e-03	9.93e-04	2.11e-04	4.01e-06	0.00e+00	0.00e+00	0.00e+00	0.00e+00	0.00e+00	0.00e+00	0.00e+00	0.00e+00	0.00e+00
 2.08653e+23	1.04e-06	3.40e-03	4.83e-01	3.69e-01	1.20e-01	2.10e-02	1.48e-03	8.66e-04	1.77e-04	3.17e-06	0.00e+00	0.00e+00	0.00e+00	0.00e+00	0.00e+00	0.00e+00	0.00e+00	0.00e+00	0.00e+00
 2.10067e+23	1.18e-06	3.68e-03	5.00e-01	3.62e-01	1.13e-01	1.92e-02	1.32e-03	7.57e-04	1.48e-04	2.52e-06	0.00e+00	0.00e+00	0.00e+00	0.00e+00	0.00e+00	0.00e+00	0.00e+00	0.00e+00	0.00e+00
 2.11692e+23	1.38e-06	4.07e-03	5.21e-01	3.53e-01	1.04e-01	1.72e-02	1.15e-03	6.40e-04	1.19e-04	1.89e-06	0.00e+00	0.00e+00	0.00e+00	0.00e+00	0.00e+00	0.00e+00	0.00e+00	0.00e+00	0.00e+00
 2.13346e+23	1.58e-06	4.42e-03	5.37e-01	3.44e-01	9.66e-02	1.56e-02	1.02e-03	5.56e-04	9.84e-05	1.49e-06	0.00e+00	0.00e+00	0.00e+00	0.00e+00	0.00e+00	0.00e+00	0.00e+00	0.00e+00	0.00e+00
 2.15039e+23	1.86e-06	4.89e-03	5.58e-01	3.33e-01	8.83e-02	1.38e-02	8.85e-04	4.66e-04	7.81e-05	1.10e-06	0.00e+00	0.00e+00	0.00e+00	0.00e+00	0.00e+00	0.00e+00	0.00e+00	0.00e+00	0.00e+00
 2.16752e+23	2.13e-06	5.31e-03	5.75e-01	3.24e-01	8.18e-02	1.25e-02	7.84e-04	4.03e-04	6.44e-05	8.59e-07	0.00e+00	0.00e+00	0.00e+00	0.00e+00	0.00e+00	0.00e+00	0.00e+00	0.00e+00	0.00e+00
 2.18494e+23	2.51e-06	5.86e-03	5.96e-01	3.12e-01	7.44e-02	1.10e-02	6.75e-04	3.37e-04	5.08e-05	6.33e-07	0.00e+00	0.00e+00	0.00e+00	0.00e+00	0.00e+00	0.00e+00	0.00e+00	0.00e+00	0.00e+00
 2.20271e+23	2.87e-06	6.36e-03	6.12e-01	3.02e-01	6.86e-02	9.93e-03	5.94e-04	2.90e-04	4.16e-05	4.89e-07	0.00e+00	0.00e+00	0.00e+00	0.00e+00	0.00e+00	0.00e+00	0.00e+00	0.00e+00	0.00e+00
 2.21855e+23	3.28e-06	6.88e-03	6.28e-01	2.92e-01	6.33e-02	8.96e-03	5.25e-04	2.51e-04	3.43e-05	3.80e-07	0.00e+00	0.00e+00	0.00e+00	0.00e+00	0.00e+00	0.00e+00	0.00e+00	0.00e+00	0.00e+00
 2.23677e+23	3.86e-06	7.58e-03	6.48e-01	2.79e-01	5.72e-02	7.86e-03	4.49e-04	2.09e-04	2.68e-05	2.77e-07	0.00e+00	0.00e+00	0.00e+00	0.00e+00	0.00e+00	0.00e+00	0.00e+00	0.00e+00	0.00e+00
 2.25542e+23	4.42e-06	8.21e-03	6.63e-01	2.69e-01	5.23e-02	7.04e-03	3.93e-04	1.79e-04	2.18e-05	2.12e-07	0.00e+00	0.00e+00	0.00e+00	0.00e+00	0.00e+00	0.00e+00	0.00e+00	0.00e+00	0.00e+00
 2.26964e+23	4.87e-06	8.68e-03	6.74e-01	2.61e-01	4.92e-02	6.51e-03	3.58e-04	1.61e-04	1.88e-05	1.76e-07	0.00e+00	0.00e+00	0.00e+00	0.00e+00	0.00e+00	0.00e+00	0.00e+00	0.00e+00	0.00e+00
 2.28314e+23	5.48e-06	9.30e-03	6.87e-01	2.52e-01	4.55e-02	5.90e-03	3.19e-04	1.41e-04	1.57e-05	1.39e-07	0.00e+00	0.00e+00	0.00e+00	0.00e+00	0.00e+00	0.00e+00	0.00e+00	0.00e+00	0.00e+00
 2.29693e+23	6.01e-06	9.81e-03	6.97e-01	2.45e-01	4.27e-02	5.46e-03	2.91e-04	1.27e-04	1.36e-05	0.00e+00	0.00e+00	0.00e+00	0.00e+00	0.00e+00	0.00e+00	0.00e+00	0.00e+00	0.00e+00	0.00e+00
 2.31111e+23	6.79e-06	1.05e-02	7.10e-01	2.35e-01	3.93e-02	4.92e-03	2.57e-04	1.11e-04	1.12e-05	0.00e+00	0.00e+00	0.00e+00	0.00e+00	0.00e+00	0.00e+00	0.00e+00	0.00e+00	0.00e+00	0.00e+00
 2.32545e+23	7.50e-06	1.11e-02	7.20e-01	2.27e-01	3.67e-02	4.53e-03	2.33e-04	9.90e-05	9.59e-06	0.00e+00	0.00e+00	0.00e+00	0.00e+00	0.00e+00	0.00e+00	0.00e+00	0.00e+00	0.00e+00	0.00e+00
 2.34001e+23	8.45e-06	1.19e-02	7.33e-01	2.17e-01	3.38e-02	4.08e-03	2.06e-04	8.65e-05	7.92e-06	0.00e+00	0.00e+00	0.00e+00	0.00e+00	0.00e+00	0.00e+00	0.00e+00	0.00e+00	0.00e+00	0.00e+00
 2.35489e+23	9.37e-06	1.26e-02	7.42e-01	2.10e-01	3.14e-02	3.74e-03	1.85e-04	7.70e-05	6.72e-06	0.00e+00	0.00e+00	0.00e+00	0.00e+00	0.00e+00	0.00e+00	0.00e+00	0.00e+00	0.00e+00	0.00e+00
 2.37017e+23	1.06e-05	1.35e-02	7.55e-01	1.99e-01	2.87e-02	3.35e-03	1.63e-04	6.68e-05	5.49e-06	0.00e+00	0.00e+00	0.00e+00	0.00e+00	0.00e+00	0.00e+00	0.00e+00	0.00e+00	0.00e+00	0.00e+00
 2.38551e+23	1.18e-05	1.43e-02	7.64e-01	1.92e-01	2.66e-02	3.07e-03	1.47e-04	5.98e-05	4.66e-06	0.00e+00	0.00e+00	0.00e+00	0.00e+00	0.00e+00	0.00e+00	0.00e+00	0.00e+00	0.00e+00	0.00e+00
 2.40092e+23	1.33e-05	1.54e-02	7.75e-01	1.82e-01	2.43e-02	2.74e-03	1.29e-04	5.19e-05	3.80e-06	0.00e+00	0.00e+00	0.00e+00	0.00e+00	0.00e+00	0.00e+00	0.00e+00	0.00e+00	0.00e+00	0.00e+00
 2.41654e+23	1.47e-05	1.62e-02	7.83e-01	1.75e-01	2.25e-02	2.51e-03	1.16e-04	4.64e-05	3.22e-06	0.00e+00	0.00e+00	0.00e+00	0.00e+00	0.00e+00	0.00e+00	0.00e+00	0.00e+00	0.00e+00	0.00e+00
 2.43245e+23	1.67e-05	1.74e-02	7.94e-01	1.66e-01	2.05e-02	2.24e-03	1.02e-04	4.04e-05	2.62e-06	0.00e+00	0.00e+00	0.00e+00	0.00e+00	0.00e+00	0.00e+00	0.00e+00	0.00e+00	0.00e+00	0.00e+00
 2.44886e+23	1.86e-05	1.84e-02	8.02e-01	1.59e-01	1.89e-02	2.04e-03	9.06e-05	3.59e-05	2.20e-06	0.00e+00	0.00e+00	0.00e+00	0.00e+00	0.00e+00	0.00e+00	0.00e+00	0.00e+00	0.00e+00	0.00e+00
 2.46592e+23	2.13e-05	1.98e-02	8.12e-01	1.49e-01	1.71e-02	1.80e-03	7.85e-05	3.10e-05	1.75e-06	0.00e+00	0.00e+00	0.00e+00	0.00e+00	0.00e+00	0.00e+00	0.00e+00	0.00e+00	0.00e+00	0.00e+00
 2.48311e+23	2.37e-05	2.10e-02	8.20e-01	1.42e-01	1.57e-02	1.63e-03	6.99e-05	2.76e-05	1.46e-06	0.00e+00	0.00e+00	0.00e+00	0.00e+00	0.00e+00	0.00e+00	0.00e+00	0.00e+00	0.00e+00	0.00e+00
 2.50047e+23	2.71e-05	2.25e-02	8.29e-01	1.33e-01	1.42e-02	1.44e-03	6.06e-05	2.39e-05	1.17e-06	0.00e+00	0.00e+00	0.00e+00	0.00e+00	0.00e+00	0.00e+00	0.00e+00	0.00e+00	0.00e+00	0.00e+00
 2.51822e+23	3.04e-05	2.39e-02	8.36e-01	1.26e-01	1.30e-02	1.30e-03	5.36e-05	2.12e-05	9.66e-07	0.00e+00	0.00e+00	0.00e+00	0.00e+00	0.00e+00	0.00e+00	0.00e+00	0.00e+00	0.00e+00	0.00e+00
 2.53648e+23	3.50e-05	2.58e-02	8.45e-01	1.16e-01	1.16e-02	1.14e-03	4.60e-05	1.82e-05	7.59e-07	0.00e+00	0.00e+00	0.00e+00	0.00e+00	0.00e+00	0.00e+00	0.00e+00	0.00e+00	0.00e+00	0.00e+00
 2.55470e+23	3.92e-05	2.74e-02	8.51e-01	1.10e-01	1.06e-02	1.03e-03	4.08e-05	1.62e-05	6.29e-07	0.00e+00	0.00e+00	0.00e+00	0.00e+00	0.00e+00	0.00e+00	0.00e+00	0.00e+00	0.00e+00	0.00e+00
 2.57286e+23	4.51e-05	2.95e-02	8.59e-01	1.01e-01	9.49e-03	9.03e-04	3.50e-05	1.40e-05	4.95e-07	0.00e+00	0.00e+00	0.00e+00	0.00e+00	0.00e+00	0.00e+00	0.00e+00	0.00e+00	0.00e+00	0.00e+00
 2.59114e+23	5.06e-05	3.13e-02	8.64e-01	9.50e-02	8.68e-03	8.14e-04	3.10e-05	1.25e-05	4.09e-07	0.00e+00	0.00e+00	0.00e+00	0.00e+00	0.00e+00	0.00e+00	0.00e+00	0.00e+00	0.00e+00	0.00e+00
 2.60958e+23	5.85e-05	3.37e-02	8.71e-01	8.66e-02	7.74e-03	7.11e-04	2.65e-05	1.07e-05	3.19e-07	0.00e+00	0.00e+00	0.00e+00	0.00e+00	0.00e+00	0.00e+00	0.00e+00	0.00e+00	0.00e+00	0.00e+00
 2.62810e+23	6.58e-05	3.58e-02	8.76e-01	8.07e-02	7.06e-03	6.39e-04	2.34e-05	9.58e-06	2.63e-07	0.00e+00	0.00e+00	0.00e+00	0.00e+00	0.00e+00	0.00e+00	0.00e+00	0.00e+00	0.00e+00	0.00e+00
 2.64674e+23	7.68e-05	3.87e-02	8.82e-01	7.27e-02	6.27e-03	5.55e-04	1.99e-05	8.23e-06	2.03e-07	0.00e+00	0.00e+00	0.00e+00	0.00e+00	0.00e+00	0.00e+00	0.00e+00	0.00e+00	0.00e+00	0.00e+00
 2.66535e+23	8.65e-05	4.11e-02	8.85e-01	6.71e-02	5.72e-03	4.99e-04	1.75e-05	7.35e-06	1.67e-07	0.00e+00	0.00e+00	0.00e+00	0.00e+00	0.00e+00	0.00e+00	0.00e+00	0.00e+00	0.00e+00	0.00e+00
 2.68392e+23	1.01e-04	4.45e-02	8.90e-01	5.97e-02	5.06e-03	4.32e-04	1.49e-05	6.30e-06	1.28e-07	0.00e+00	0.00e+00	0.00e+00	0.00e+00	0.00e+00	0.00e+00	0.00e+00	0.00e+00	0.00e+00	0.00e+00
 2.70254e+23	1.15e-04	4.73e-02	8.93e-01	5.45e-02	4.61e-03	3.87e-04	1.31e-05	5.61e-06	0.00e+00	0.00e+00	0.00e+00	0.00e+00	0.00e+00	0.00e+00	0.00e+00	0.00e+00	0.00e+00	0.00e+00	0.00e+00
 2.72123e+23	1.35e-04	5.13e-02	8.96e-01	4.77e-02	4.06e-03	3.33e-04	1.10e-05	4.79e-06	0.00e+00	0.00e+00	0.00e+00	0.00e+00	0.00e+00	0.00e+00	0.00e+00	0.00e+00	0.00e+00	0.00e+00	0.00e+00
 2.73997e+23	1.55e-04	5.48e-02	8.98e-01	4.29e-02	3.68e-03	2.97e-04	9.64e-06	4.25e-06	0.00e+00	0.00e+00	0.00e+00	0.00e+00	0.00e+00	0.00e+00	0.00e+00	0.00e+00	0.00e+00	0.00e+00	0.00e+00
 2.75877e+23	1.84e-04	5.94e-02	9.00e-01	3.70e-02	3.24e-03	2.55e-04	8.11e-06	3.61e-06	0.00e+00	0.00e+00	0.00e+00	0.00e+00	0.00e+00	0.00e+00	0.00e+00	0.00e+00	0.00e+00	0.00e+00	0.00e+00
 2.77776e+23	2.13e-04	6.37e-02	9.00e-01	3.26e-02	2.91e-03	2.25e-04	7.04e-06	3.17e-06	0.00e+00	0.00e+00	0.00e+00	0.00e+00	0.00e+00	0.00e+00	0.00e+00	0.00e+00	0.00e+00	0.00e+00	0.00e+00
 2.79700e+23	2.58e-04	6.96e-02	9.00e-01	2.74e-02	2.53e-03	1.91e-04	5.86e-06	2.65e-06	0.00e+00	0.00e+00	0.00e+00	0.00e+00	0.00e+00	0.00e+00	0.00e+00	0.00e+00	0.00e+00	0.00e+00	0.00e+00
 2.81640e+23	3.03e-04	7.49e-02	8.99e-01	2.35e-02	2.25e-03	1.66e-04	5.05e-06	2.29e-06	0.00e+00	0.00e+00	0.00e+00	0.00e+00	0.00e+00	0.00e+00	0.00e+00	0.00e+00	0.00e+00	0.00e+00	0.00e+00
 2.83600e+23	3.72e-04	8.19e-02	8.96e-01	1.93e-02	1.93e-03	1.39e-04	4.18e-06	1.89e-06	0.00e+00	0.00e+00	0.00e+00	0.00e+00	0.00e+00	0.00e+00	0.00e+00	0.00e+00	0.00e+00	0.00e+00	0.00e+00
 2.85562e+23	4.49e-04	8.88e-02	8.93e-01	1.61e-02	1.68e-03	1.19e-04	3.55e-06	1.59e-06	0.00e+00	0.00e+00	0.00e+00	0.00e+00	0.00e+00	0.00e+00	0.00e+00	0.00e+00	0.00e+00	0.00e+00	0.00e+00
 2.87030e+23	5.18e-04	9.43e-02	8.90e-01	1.39e-02	1.52e-03	1.06e-04	3.15e-06	1.40e-06	0.00e+00	0.00e+00	0.00e+00	0.00e+00	0.00e+00	0.00e+00	0.00e+00	0.00e+00	0.00e+00	0.00e+00	0.00e+00
 2.88441e+23	6.12e-04	1.01e-01	8.85e-01	1.17e-02	1.33e-03	9.12e-05	2.72e-06	1.19e-06	0.00e+00	0.00e+00	0.00e+00	0.00e+00	0.00e+00	0.00e+00	0.00e+00	0.00e+00	0.00e+00	0.00e+00	0.00e+00
 2.89965e+23	7.30e-04	1.08e-01	8.80e-01	9.70e-03	1.16e-03	7.81e-05	2.34e-06	9.98e-07	0.00e+00	0.00e+00	0.00e+00	0.00e+00	0.00e+00	0.00e+00	0.00e+00	0.00e+00	0.00e+00	0.00e+00	0.00e+00
 2.91388e+23	8.74e-04	1.16e-01	8.74e-01	8.00e-03	1.00e-03	6.66e-05	2.01e-06	8.36e-07	0.00e+00	0.00e+00	0.00e+00	0.00e+00	0.00e+00	0.00e+00	0.00e+00	0.00e+00	0.00e+00	0.00e+00	0.00e+00
 2.92752e+23	1.05e-03	1.24e-01	8.67e-01	6.53e-03	8.61e-04	5.63e-05	1.72e-06	6.94e-07	0.00e+00	0.00e+00	0.00e+00	0.00e+00	0.00e+00	0.00e+00	0.00e+00	0.00e+00	0.00e+00	0.00e+00	0.00e+00
 2.94041e+23	1.27e-03	1.33e-01	8.60e-01	5.30e-03	7.33e-04	4.72e-05	1.47e-06	5.72e-07	0.00e+00	0.00e+00	0.00e+00	0.00e+00	0.00e+00	0.00e+00	0.00e+00	0.00e+00	0.00e+00	0.00e+00	0.00e+00
 2.95243e+23	1.54e-03	1.42e-01	8.51e-01	4.26e-03	6.18e-04	3.94e-05	1.25e-06	4.69e-07	0.00e+00	0.00e+00	0.00e+00	0.00e+00	0.00e+00	0.00e+00	0.00e+00	0.00e+00	0.00e+00	0.00e+00	0.00e+00
 2.96353e+23	1.86e-03	1.52e-01	8.43e-01	3.42e-03	5.18e-04	3.27e-05	1.06e-06	3.84e-07	0.00e+00	0.00e+00	0.00e+00	0.00e+00	0.00e+00	0.00e+00	0.00e+00	0.00e+00	0.00e+00	0.00e+00	0.00e+00
 2.97377e+23	2.27e-03	1.61e-01	8.33e-01	2.72e-03	4.31e-04	2.70e-05	8.99e-07	3.12e-07	0.00e+00	0.00e+00	0.00e+00	0.00e+00	0.00e+00	0.00e+00	0.00e+00	0.00e+00	0.00e+00	0.00e+00	0.00e+00
 2.98318e+23	2.79e-03	1.71e-01	8.23e-01	2.16e-03	3.56e-04	2.22e-05	7.56e-07	2.53e-07	0.00e+00	0.00e+00	0.00e+00	0.00e+00	0.00e+00	0.00e+00	0.00e+00	0.00e+00	0.00e+00	0.00e+00	0.00e+00
 2.99163e+23	3.41e-03	1.81e-01	8.13e-01	1.73e-03	2.94e-04	1.82e-05	6.37e-07	2.06e-07	0.00e+00	0.00e+00	0.00e+00	0.00e+00	0.00e+00	0.00e+00	0.00e+00	0.00e+00	0.00e+00	0.00e+00	0.00e+00
 2.99916e+23	4.17e-03	1.92e-01	8.03e-01	1.38e-03	2.43e-04	1.51e-05	5.37e-07	1.68e-07	0.00e+00	0.00e+00	0.00e+00	0.00e+00	0.00e+00	0.00e+00	0.00e+00	0.00e+00	0.00e+00	0.00e+00	0.00e+00
 3.00589e+23	5.07e-03	2.01e-01	7.92e-01	1.12e-03	2.03e-04	1.25e-05	4.56e-07	1.39e-07	0.00e+00	0.00e+00	0.00e+00	0.00e+00	0.00e+00	0.00e+00	0.00e+00	0.00e+00	0.00e+00	0.00e+00	0.00e+00
 3.01202e+23	6.20e-03	2.11e-01	7.81e-01	9.15e-04	1.69e-04	1.05e-05	3.88e-07	0.00e+00	0.00e+00	0.00e+00	0.00e+00	0.00e+00	0.00e+00	0.00e+00	0.00e+00	0.00e+00	0.00e+00	0.00e+00	0.00e+00
 3.01763e+23	7.49e-03	2.21e-01	7.71e-01	7.56e-04	1.43e-04	8.85e-06	3.33e-07	0.00e+00	0.00e+00	0.00e+00	0.00e+00	0.00e+00	0.00e+00	0.00e+00	0.00e+00	0.00e+00	0.00e+00	0.00e+00	0.00e+00
 3.02283e+23	9.12e-03	2.31e-01	7.60e-01	6.27e-04	1.21e-04	7.50e-06	2.87e-07	0.00e+00	0.00e+00	0.00e+00	0.00e+00	0.00e+00	0.00e+00	0.00e+00	0.00e+00	0.00e+00	0.00e+00	0.00e+00	0.00e+00
 3.02772e+23	1.11e-02	2.41e-01	7.48e-01	5.24e-04	1.03e-04	6.38e-06	2.47e-07	0.00e+00	0.00e+00	0.00e+00	0.00e+00	0.00e+00	0.00e+00	0.00e+00	0.00e+00	0.00e+00	0.00e+00	0.00e+00	0.00e+00
 3.03220e+23	1.35e-02	2.50e-01	7.36e-01	4.44e-04	8.86e-05	5.50e-06	2.16e-07	0.00e+00	0.00e+00	0.00e+00	0.00e+00	0.00e+00	0.00e+00	0.00e+00	0.00e+00	0.00e+00	0.00e+00	0.00e+00	0.00e+00
 3.03621e+23	1.61e-02	2.59e-01	7.24e-01	3.82e-04	7.75e-05	4.81e-06	1.91e-07	0.00e+00	0.00e+00	0.00e+00	0.00e+00	0.00e+00	0.00e+00	0.00e+00	0.00e+00	0.00e+00	0.00e+00	0.00e+00	0.00e+00
 3.03971e+23	1.89e-02	2.67e-01	7.13e-01	3.37e-04	6.92e-05	4.29e-06	1.72e-07	0.00e+00	0.00e+00	0.00e+00	0.00e+00	0.00e+00	0.00e+00	0.00e+00	0.00e+00	0.00e+00	0.00e+00	0.00e+00	0.00e+00
 3.04225e+23	2.12e-02	2.73e-01	7.06e-01	3.08e-04	6.39e-05	3.97e-06	1.60e-07	0.00e+00	0.00e+00	0.00e+00	0.00e+00	0.00e+00	0.00e+00	0.00e+00	0.00e+00	0.00e+00	0.00e+00	0.00e+00	0.00e+00
 3.04399e+23	2.30e-02	2.77e-01	7.00e-01	2.90e-04	6.06e-05	3.76e-06	1.52e-07	0.00e+00	0.00e+00	0.00e+00	0.00e+00	0.00e+00	0.00e+00	0.00e+00	0.00e+00	0.00e+00	0.00e+00	0.00e+00	0.00e+00
