#depth	O	O+	O+2	O+3	O+4	O+5	O+6	O+7	O+8	O[1]	O[2]	O[3]
 1.54284e+22	4.79e-12	1.11e-07	1.24e-04	9.62e-03	7.55e-02	1.58e-01	6.09e-01	1.40e-01	7.72e-03	4.79e-12	1.01e-20	1.26e-20
 3.47391e+22	1.05e-11	2.57e-07	2.73e-04	1.84e-02	1.12e-01	2.05e-01	5.67e-01	9.33e-02	3.71e-03	1.05e-11	2.22e-20	2.75e-20
 4.05625e+22	1.64e-11	4.01e-07	4.05e-04	2.48e-02	1.33e-01	2.27e-01	5.37e-01	7.54e-02	2.56e-03	1.64e-11	3.49e-20	4.33e-20
 4.36027e+22	2.13e-11	5.20e-07	5.07e-04	2.93e-02	1.46e-01	2.39e-01	5.17e-01	6.65e-02	2.07e-03	2.13e-11	4.57e-20	5.66e-20
 4.52660e+22	2.44e-11	5.96e-07	5.69e-04	3.19e-02	1.53e-01	2.44e-01	5.06e-01	6.22e-02	1.85e-03	2.44e-11	5.27e-20	6.53e-20
 4.65637e+22	2.93e-11	7.10e-07	6.59e-04	3.54e-02	1.62e-01	2.51e-01	4.92e-01	5.71e-02	1.60e-03	2.93e-11	6.36e-20	7.86e-20
 4.79298e+22	3.44e-11	8.28e-07	7.49e-04	3.88e-02	1.70e-01	2.57e-01	4.79e-01	5.29e-02	1.42e-03	3.44e-11	7.50e-20	9.27e-20
 4.91589e+22	4.01e-11	9.57e-07	8.44e-04	4.22e-02	1.78e-01	2.62e-01	4.67e-01	4.92e-02	1.26e-03	4.01e-11	8.78e-20	1.09e-19
 5.05309e+22	4.91e-11	1.16e-06	9.84e-04	4.69e-02	1.88e-01	2.68e-01	4.51e-01	4.47e-02	1.08e-03	4.91e-11	1.08e-19	1.34e-19
 5.19426e+22	5.82e-11	1.35e-06	1.12e-03	5.13e-02	1.96e-01	2.73e-01	4.37e-01	4.12e-02	9.43e-04	5.82e-11	1.29e-19	1.59e-19
 5.31079e+22	6.73e-11	1.55e-06	1.24e-03	5.51e-02	2.03e-01	2.76e-01	4.25e-01	3.84e-02	8.45e-04	6.73e-11	1.50e-19	1.85e-19
 5.43248e+22	8.09e-11	1.83e-06	1.42e-03	6.02e-02	2.12e-01	2.80e-01	4.10e-01	3.52e-02	7.35e-04	8.09e-11	1.81e-19	2.23e-19
 5.55837e+22	9.49e-11	2.11e-06	1.59e-03	6.50e-02	2.20e-01	2.83e-01	3.97e-01	3.26e-02	6.50e-04	9.49e-11	2.13e-19	2.63e-19
 5.67194e+22	1.11e-10	2.43e-06	1.78e-03	6.99e-02	2.28e-01	2.85e-01	3.84e-01	3.02e-02	5.77e-04	1.11e-10	2.51e-19	3.09e-19
 5.80181e+22	1.36e-10	2.90e-06	2.04e-03	7.65e-02	2.38e-01	2.88e-01	3.68e-01	2.74e-02	4.96e-04	1.36e-10	3.10e-19	3.81e-19
 5.93634e+22	1.62e-10	3.40e-06	2.30e-03	8.27e-02	2.46e-01	2.90e-01	3.53e-01	2.50e-02	4.31e-04	1.62e-10	3.72e-19	4.57e-19
 6.05595e+22	1.92e-10	3.93e-06	2.57e-03	8.89e-02	2.54e-01	2.91e-01	3.40e-01	2.30e-02	3.80e-04	1.92e-10	4.43e-19	5.45e-19
 6.19043e+22	2.38e-10	4.72e-06	2.95e-03	9.70e-02	2.64e-01	2.92e-01	3.23e-01	2.07e-02	3.23e-04	2.38e-10	5.54e-19	6.80e-19
 6.33138e+22	2.89e-10	5.57e-06	3.35e-03	1.05e-01	2.73e-01	2.92e-01	3.08e-01	1.87e-02	2.77e-04	2.89e-10	6.77e-19	8.30e-19
 6.45883e+22	3.47e-10	6.49e-06	3.76e-03	1.13e-01	2.81e-01	2.91e-01	2.94e-01	1.70e-02	2.41e-04	3.47e-10	8.19e-19	1.00e-18
 6.60264e+22	4.38e-10	7.88e-06	4.34e-03	1.23e-01	2.91e-01	2.90e-01	2.77e-01	1.51e-02	2.01e-04	4.38e-10	1.05e-18	1.28e-18
 6.75119e+22	5.38e-10	9.33e-06	4.91e-03	1.33e-01	2.99e-01	2.88e-01	2.61e-01	1.35e-02	1.71e-04	5.38e-10	1.29e-18	1.58e-18
 6.88357e+22	6.53e-10	1.09e-05	5.52e-03	1.42e-01	3.06e-01	2.86e-01	2.48e-01	1.22e-02	1.47e-04	6.53e-10	1.58e-18	1.94e-18
 7.03334e+22	8.35e-10	1.33e-05	6.37e-03	1.55e-01	3.15e-01	2.82e-01	2.31e-01	1.07e-02	1.21e-04	8.35e-10	2.05e-18	2.51e-18
 7.18894e+22	1.04e-09	1.59e-05	7.23e-03	1.66e-01	3.23e-01	2.78e-01	2.16e-01	9.43e-03	1.01e-04	1.04e-09	2.58e-18	3.15e-18
 7.32881e+22	1.28e-09	1.87e-05	8.12e-03	1.78e-01	3.29e-01	2.74e-01	2.02e-01	8.39e-03	8.53e-05	1.28e-09	3.20e-18	3.91e-18
 7.48736e+22	1.67e-09	2.30e-05	9.41e-03	1.93e-01	3.37e-01	2.67e-01	1.86e-01	7.20e-03	6.86e-05	1.67e-09	4.24e-18	5.17e-18
 7.65107e+22	2.09e-09	2.75e-05	1.07e-02	2.07e-01	3.42e-01	2.61e-01	1.72e-01	6.30e-03	5.67e-05	2.09e-09	5.38e-18	6.56e-18
 7.79876e+22	2.60e-09	3.25e-05	1.20e-02	2.21e-01	3.47e-01	2.55e-01	1.60e-01	5.52e-03	4.70e-05	2.60e-09	6.80e-18	8.28e-18
 7.96802e+22	3.46e-09	4.04e-05	1.39e-02	2.39e-01	3.52e-01	2.46e-01	1.44e-01	4.65e-03	3.68e-05	3.46e-09	9.20e-18	1.12e-17
 8.13947e+22	4.37e-09	4.82e-05	1.57e-02	2.54e-01	3.55e-01	2.38e-01	1.32e-01	4.01e-03	2.99e-05	4.37e-09	1.18e-17	1.43e-17
 8.29097e+22	5.47e-09	5.70e-05	1.76e-02	2.69e-01	3.58e-01	2.30e-01	1.22e-01	3.48e-03	2.45e-05	5.47e-09	1.50e-17	1.82e-17
 8.46511e+22	7.34e-09	7.08e-05	2.04e-02	2.90e-01	3.60e-01	2.19e-01	1.08e-01	2.87e-03	1.88e-05	7.34e-09	2.06e-17	2.50e-17
 8.64137e+22	9.28e-09	8.42e-05	2.29e-02	3.06e-01	3.60e-01	2.10e-01	9.84e-02	2.45e-03	1.51e-05	9.28e-09	2.65e-17	3.22e-17
 8.82037e+22	1.24e-08	1.04e-04	2.63e-02	3.27e-01	3.60e-01	1.98e-01	8.70e-02	2.01e-03	1.15e-05	1.24e-08	3.65e-17	4.43e-17
 9.00306e+22	1.59e-08	1.24e-04	2.95e-02	3.44e-01	3.58e-01	1.88e-01	7.81e-02	1.69e-03	9.07e-06	1.59e-08	4.78e-17	5.78e-17
 9.16572e+22	2.02e-08	1.48e-04	3.30e-02	3.61e-01	3.55e-01	1.79e-01	7.01e-02	1.42e-03	7.17e-06	2.02e-08	6.22e-17	7.52e-17
 9.35238e+22	2.74e-08	1.83e-04	3.79e-02	3.83e-01	3.51e-01	1.66e-01	6.09e-02	1.14e-03	5.30e-06	2.74e-08	8.71e-17	1.05e-16
 9.54208e+22	3.50e-08	2.18e-04	4.23e-02	4.01e-01	3.46e-01	1.56e-01	5.40e-02	9.46e-04	4.13e-06	3.50e-08	1.15e-16	1.39e-16
 9.73576e+22	4.80e-08	2.72e-04	4.85e-02	4.22e-01	3.38e-01	1.43e-01	4.62e-02	7.43e-04	2.98e-06	4.80e-08	1.63e-16	1.97e-16
 9.93135e+22	6.14e-08	3.22e-04	5.39e-02	4.39e-01	3.32e-01	1.34e-01	4.07e-02	6.11e-04	2.29e-06	6.14e-08	2.15e-16	2.60e-16
 1.01014e+23	7.78e-08	3.80e-04	5.95e-02	4.55e-01	3.24e-01	1.24e-01	3.59e-02	5.04e-04	1.77e-06	7.78e-08	2.81e-16	3.40e-16
 1.02644e+23	9.71e-08	4.42e-04	6.53e-02	4.69e-01	3.17e-01	1.16e-01	3.18e-02	4.20e-04	1.39e-06	9.71e-08	3.61e-16	4.37e-16
 1.04198e+23	1.20e-07	5.11e-04	7.12e-02	4.82e-01	3.09e-01	1.08e-01	2.83e-02	3.51e-04	1.09e-06	1.20e-07	4.59e-16	5.55e-16
 1.05949e+23	1.57e-07	6.13e-04	7.93e-02	4.98e-01	2.99e-01	9.88e-02	2.43e-02	2.79e-04	8.06e-07	1.57e-07	6.23e-16	7.52e-16
 1.07697e+23	1.94e-07	7.08e-04	8.62e-02	5.10e-01	2.90e-01	9.17e-02	2.14e-02	2.31e-04	6.29e-07	1.94e-07	7.91e-16	9.55e-16
 1.09441e+23	2.52e-07	8.44e-04	9.55e-02	5.23e-01	2.79e-01	8.32e-02	1.83e-02	1.83e-04	4.61e-07	2.52e-07	1.07e-15	1.28e-15
 1.11216e+23	3.12e-07	9.75e-04	1.04e-01	5.33e-01	2.69e-01	7.65e-02	1.60e-02	1.50e-04	3.55e-07	3.12e-07	1.36e-15	1.63e-15
 1.13030e+23	4.08e-07	1.16e-03	1.15e-01	5.45e-01	2.57e-01	6.87e-02	1.35e-02	1.16e-04	2.55e-07	4.08e-07	1.84e-15	2.21e-15
 1.14860e+23	5.05e-07	1.34e-03	1.24e-01	5.53e-01	2.47e-01	6.29e-02	1.17e-02	9.47e-05	1.94e-07	5.05e-07	2.33e-15	2.81e-15
 1.16710e+23	6.59e-07	1.60e-03	1.37e-01	5.62e-01	2.34e-01	5.60e-02	9.82e-03	7.29e-05	1.38e-07	6.59e-07	3.16e-15	3.79e-15
 1.18584e+23	8.16e-07	1.84e-03	1.48e-01	5.68e-01	2.23e-01	5.08e-02	8.47e-03	5.86e-05	0.00e+00	8.16e-07	4.01e-15	4.82e-15
 1.20085e+23	9.71e-07	2.06e-03	1.57e-01	5.72e-01	2.14e-01	4.69e-02	7.48e-03	4.90e-05	0.00e+00	9.71e-07	4.88e-15	5.86e-15
 1.21636e+23	1.20e-06	2.37e-03	1.69e-01	5.76e-01	2.04e-01	4.23e-02	6.43e-03	3.92e-05	0.00e+00	1.20e-06	6.22e-15	7.46e-15
 1.23223e+23	1.43e-06	2.66e-03	1.80e-01	5.78e-01	1.95e-01	3.88e-02	5.64e-03	3.24e-05	0.00e+00	1.43e-06	7.60e-15	9.10e-15
 1.24637e+23	1.70e-06	2.97e-03	1.91e-01	5.79e-01	1.86e-01	3.55e-02	4.96e-03	2.69e-05	0.00e+00	1.70e-06	9.23e-15	1.11e-14
 1.26256e+23	2.11e-06	3.42e-03	2.05e-01	5.80e-01	1.76e-01	3.17e-02	4.21e-03	2.12e-05	0.00e+00	2.11e-06	1.18e-14	1.41e-14
 1.27893e+23	2.51e-06	3.83e-03	2.17e-01	5.79e-01	1.67e-01	2.89e-02	3.66e-03	1.73e-05	0.00e+00	2.51e-06	1.44e-14	1.72e-14
 1.29331e+23	2.98e-06	4.26e-03	2.30e-01	5.78e-01	1.59e-01	2.63e-02	3.19e-03	1.42e-05	0.00e+00	2.98e-06	1.75e-14	2.09e-14
 1.30975e+23	3.67e-06	4.88e-03	2.46e-01	5.74e-01	1.49e-01	2.33e-02	2.69e-03	1.11e-05	0.00e+00	3.67e-06	2.23e-14	2.66e-14
 1.32646e+23	4.37e-06	5.46e-03	2.60e-01	5.71e-01	1.41e-01	2.10e-02	2.32e-03	9.00e-06	0.00e+00	4.37e-06	2.73e-14	3.25e-14
 1.34124e+23	5.19e-06	6.09e-03	2.74e-01	5.66e-01	1.33e-01	1.90e-02	2.01e-03	7.32e-06	0.00e+00	5.19e-06	3.32e-14	3.96e-14
 1.35815e+23	6.42e-06	6.98e-03	2.92e-01	5.59e-01	1.23e-01	1.67e-02	1.68e-03	5.63e-06	0.00e+00	6.42e-06	4.25e-14	5.07e-14
 1.37528e+23	7.63e-06	7.79e-03	3.08e-01	5.52e-01	1.16e-01	1.49e-02	1.44e-03	4.52e-06	0.00e+00	7.63e-06	5.20e-14	6.19e-14
 1.39038e+23	9.04e-06	8.67e-03	3.23e-01	5.45e-01	1.09e-01	1.34e-02	1.23e-03	3.63e-06	0.00e+00	9.04e-06	6.34e-14	7.54e-14
 1.40394e+23	1.03e-05	9.42e-03	3.36e-01	5.38e-01	1.03e-01	1.23e-02	1.09e-03	3.06e-06	0.00e+00	1.03e-05	7.40e-14	8.79e-14
 1.41777e+23	1.22e-05	1.05e-02	3.52e-01	5.29e-01	9.66e-02	1.09e-02	9.35e-04	2.45e-06	0.00e+00	1.22e-05	9.02e-14	1.07e-13
 1.43576e+23	1.53e-05	1.21e-02	3.74e-01	5.16e-01	8.80e-02	9.37e-03	7.56e-04	1.81e-06	0.00e+00	1.53e-05	1.18e-13	1.40e-13
 1.45362e+23	1.79e-05	1.34e-02	3.91e-01	5.05e-01	8.19e-02	8.32e-03	6.44e-04	1.44e-06	0.00e+00	1.79e-05	1.43e-13	1.69e-13
 1.47133e+23	2.21e-05	1.53e-02	4.13e-01	4.90e-01	7.46e-02	7.14e-03	5.24e-04	1.08e-06	0.00e+00	2.21e-05	1.83e-13	2.17e-13
 1.48965e+23	2.63e-05	1.70e-02	4.32e-01	4.76e-01	6.86e-02	6.24e-03	4.36e-04	8.32e-07	0.00e+00	2.63e-05	2.26e-13	2.67e-13
 1.50877e+23	3.27e-05	1.95e-02	4.55e-01	4.58e-01	6.17e-02	5.26e-03	3.48e-04	6.04e-07	0.00e+00	3.27e-05	2.94e-13	3.47e-13
 1.52829e+23	3.91e-05	2.18e-02	4.75e-01	4.42e-01	5.61e-02	4.54e-03	2.86e-04	4.58e-07	0.00e+00	3.91e-05	3.64e-13	4.30e-13
 1.54564e+23	4.64e-05	2.42e-02	4.95e-01	4.26e-01	5.11e-02	3.92e-03	2.36e-04	3.49e-07	0.00e+00	4.64e-05	4.49e-13	5.30e-13
 1.56552e+23	5.76e-05	2.77e-02	5.19e-01	4.05e-01	4.54e-02	3.26e-03	1.85e-04	2.48e-07	0.00e+00	5.76e-05	5.87e-13	6.91e-13
 1.58302e+23	6.53e-05	2.99e-02	5.34e-01	3.91e-01	4.19e-02	2.89e-03	1.58e-04	1.99e-07	0.00e+00	6.53e-05	6.85e-13	8.05e-13
 1.59742e+23	7.58e-05	3.28e-02	5.51e-01	3.76e-01	3.83e-02	2.52e-03	1.32e-04	1.55e-07	0.00e+00	7.58e-05	8.25e-13	9.68e-13
 1.61245e+23	8.62e-05	3.54e-02	5.66e-01	3.61e-01	3.52e-02	2.22e-03	1.12e-04	0.00e+00	0.00e+00	8.62e-05	9.69e-13	1.14e-12
 1.62617e+23	9.74e-05	3.82e-02	5.79e-01	3.48e-01	3.25e-02	1.97e-03	9.60e-05	0.00e+00	0.00e+00	9.74e-05	1.13e-12	1.32e-12
 1.64185e+23	1.14e-04	4.20e-02	5.96e-01	3.31e-01	2.93e-02	1.69e-03	7.86e-05	0.00e+00	0.00e+00	1.14e-04	1.38e-12	1.61e-12
 1.65781e+23	1.29e-04	4.53e-02	6.10e-01	3.16e-01	2.67e-02	1.47e-03	6.61e-05	0.00e+00	0.00e+00	1.29e-04	1.62e-12	1.89e-12
 1.67412e+23	1.52e-04	5.00e-02	6.27e-01	2.98e-01	2.39e-02	1.25e-03	5.33e-05	0.00e+00	0.00e+00	1.52e-04	2.00e-12	2.32e-12
 1.69053e+23	1.73e-04	5.39e-02	6.41e-01	2.83e-01	2.16e-02	1.08e-03	4.44e-05	0.00e+00	0.00e+00	1.73e-04	2.35e-12	2.72e-12
 1.70709e+23	2.03e-04	5.93e-02	6.56e-01	2.65e-01	1.91e-02	9.04e-04	3.55e-05	0.00e+00	0.00e+00	2.03e-04	2.90e-12	3.33e-12
 1.72391e+23	2.30e-04	6.38e-02	6.68e-01	2.50e-01	1.72e-02	7.77e-04	2.93e-05	0.00e+00	0.00e+00	2.30e-04	3.41e-12	3.92e-12
 1.74107e+23	2.70e-04	7.02e-02	6.82e-01	2.32e-01	1.51e-02	6.43e-04	2.31e-05	0.00e+00	0.00e+00	2.70e-04	4.22e-12	4.82e-12
 1.75854e+23	3.06e-04	7.56e-02	6.93e-01	2.17e-01	1.34e-02	5.47e-04	1.88e-05	0.00e+00	0.00e+00	3.06e-04	5.00e-12	5.67e-12
 1.77641e+23	3.60e-04	8.33e-02	7.05e-01	1.99e-01	1.16e-02	4.46e-04	1.46e-05	0.00e+00	0.00e+00	3.60e-04	6.23e-12	7.02e-12
 1.79460e+23	4.09e-04	8.96e-02	7.14e-01	1.85e-01	1.03e-02	3.75e-04	1.18e-05	0.00e+00	0.00e+00	4.09e-04	7.40e-12	8.30e-12
 1.81320e+23	4.84e-04	9.89e-02	7.24e-01	1.68e-01	8.80e-03	3.01e-04	8.98e-06	0.00e+00	0.00e+00	4.84e-04	9.29e-12	1.03e-11
 1.83218e+23	5.52e-04	1.07e-01	7.31e-01	1.54e-01	7.66e-03	2.49e-04	7.10e-06	0.00e+00	0.00e+00	5.52e-04	1.11e-11	1.23e-11
 1.85163e+23	6.55e-04	1.18e-01	7.37e-01	1.38e-01	6.47e-03	1.96e-04	5.32e-06	0.00e+00	0.00e+00	6.55e-04	1.41e-11	1.54e-11
 1.87117e+23	7.46e-04	1.27e-01	7.42e-01	1.25e-01	5.59e-03	1.61e-04	4.17e-06	0.00e+00	0.00e+00	7.46e-04	1.68e-11	1.82e-11
 1.89079e+23	8.90e-04	1.40e-01	7.43e-01	1.11e-01	4.66e-03	1.25e-04	3.07e-06	0.00e+00	0.00e+00	8.90e-04	2.14e-11	2.29e-11
 1.91037e+23	1.01e-03	1.51e-01	7.44e-01	9.97e-02	4.02e-03	1.02e-04	2.40e-06	0.00e+00	0.00e+00	1.01e-03	2.54e-11	2.70e-11
 1.92989e+23	1.20e-03	1.67e-01	7.42e-01	8.69e-02	3.33e-03	7.78e-05	1.75e-06	0.00e+00	0.00e+00	1.20e-03	3.24e-11	3.40e-11
 1.94948e+23	1.37e-03	1.80e-01	7.39e-01	7.74e-02	2.85e-03	6.27e-05	1.36e-06	0.00e+00	0.00e+00	1.37e-03	3.88e-11	4.03e-11
 1.96919e+23	1.65e-03	2.00e-01	7.30e-01	6.64e-02	2.33e-03	4.71e-05	9.78e-07	0.00e+00	0.00e+00	1.65e-03	4.99e-11	5.10e-11
 1.98889e+23	1.88e-03	2.15e-01	7.22e-01	5.83e-02	1.98e-03	3.74e-05	7.52e-07	0.00e+00	0.00e+00	1.88e-03	6.00e-11	6.08e-11
 2.00859e+23	2.28e-03	2.40e-01	7.07e-01	4.90e-02	1.61e-03	2.75e-05	5.31e-07	0.00e+00	0.00e+00	2.28e-03	7.78e-11	7.76e-11
 2.02821e+23	2.62e-03	2.59e-01	6.94e-01	4.24e-02	1.36e-03	2.15e-05	4.05e-07	0.00e+00	0.00e+00	2.62e-03	9.42e-11	9.29e-11
 2.04771e+23	3.19e-03	2.89e-01	6.72e-01	3.49e-02	1.09e-03	1.55e-05	2.84e-07	0.00e+00	0.00e+00	3.19e-03	1.22e-10	1.19e-10
 2.06727e+23	3.71e-03	3.13e-01	6.52e-01	2.95e-02	9.13e-04	1.18e-05	2.12e-07	0.00e+00	0.00e+00	3.71e-03	1.50e-10	1.44e-10
 2.08689e+23	4.54e-03	3.49e-01	6.22e-01	2.36e-02	7.29e-04	8.19e-06	1.46e-07	0.00e+00	0.00e+00	4.54e-03	1.96e-10	1.86e-10
 2.10656e+23	5.35e-03	3.80e-01	5.95e-01	1.93e-02	6.03e-04	6.02e-06	0.00e+00	0.00e+00	0.00e+00	5.35e-03	2.43e-10	2.28e-10
 2.12628e+23	6.62e-03	4.23e-01	5.55e-01	1.49e-02	4.75e-04	4.02e-06	0.00e+00	0.00e+00	0.00e+00	6.62e-03	3.20e-10	2.98e-10
 2.14615e+23	7.91e-03	4.61e-01	5.19e-01	1.17e-02	3.87e-04	2.82e-06	0.00e+00	0.00e+00	0.00e+00	7.91e-03	4.02e-10	3.70e-10
 2.16352e+23	9.48e-03	5.00e-01	4.81e-01	9.17e-03	3.15e-04	1.95e-06	0.00e+00	0.00e+00	0.00e+00	9.48e-03	5.05e-10	4.61e-10
 2.18344e+23	1.19e-02	5.51e-01	4.30e-01	6.57e-03	2.42e-04	1.20e-06	0.00e+00	0.00e+00	0.00e+00	1.19e-02	6.74e-10	6.10e-10
 2.20351e+23	1.46e-02	5.97e-01	3.84e-01	4.79e-03	1.91e-04	7.63e-07	0.00e+00	0.00e+00	0.00e+00	1.46e-02	8.64e-10	7.78e-10
 2.21867e+23	1.71e-02	6.31e-01	3.48e-01	3.71e-03	1.59e-04	5.34e-07	0.00e+00	0.00e+00	0.00e+00	1.71e-02	1.04e-09	9.35e-10
 2.23330e+23	2.06e-02	6.71e-01	3.06e-01	2.70e-03	1.27e-04	3.43e-07	0.00e+00	0.00e+00	0.00e+00	2.06e-02	1.31e-09	1.17e-09
 2.24896e+23	2.49e-02	7.08e-01	2.65e-01	1.93e-03	1.00e-04	2.16e-07	0.00e+00	0.00e+00	0.00e+00	2.49e-02	1.64e-09	1.46e-09
 2.26343e+23	3.00e-02	7.42e-01	2.26e-01	1.37e-03	7.91e-05	1.34e-07	0.00e+00	0.00e+00	0.00e+00	3.00e-02	2.06e-09	1.82e-09
 2.27734e+23	3.64e-02	7.73e-01	1.90e-01	9.50e-04	6.13e-05	0.00e+00	0.00e+00	0.00e+00	0.00e+00	3.64e-02	2.58e-09	2.28e-09
 2.29058e+23	4.43e-02	7.99e-01	1.56e-01	6.49e-04	4.69e-05	0.00e+00	0.00e+00	0.00e+00	0.00e+00	4.43e-02	3.25e-09	2.86e-09
 2.30288e+23	5.38e-02	8.19e-01	1.27e-01	4.42e-04	3.57e-05	0.00e+00	0.00e+00	0.00e+00	0.00e+00	5.38e-02	4.06e-09	3.56e-09
 2.31429e+23	6.56e-02	8.33e-01	1.01e-01	2.98e-04	2.66e-05	0.00e+00	0.00e+00	0.00e+00	0.00e+00	6.56e-02	5.07e-09	4.45e-09
 2.32484e+23	7.95e-02	8.40e-01	8.00e-02	2.02e-04	1.97e-05	0.00e+00	0.00e+00	0.00e+00	0.00e+00	7.95e-02	6.29e-09	5.50e-09
 2.33456e+23	9.67e-02	8.41e-01	6.22e-02	1.37e-04	1.43e-05	0.00e+00	0.00e+00	0.00e+00	0.00e+00	9.67e-02	7.78e-09	6.80e-09
 2.34339e+23	1.17e-01	8.35e-01	4.80e-02	9.41e-05	1.03e-05	0.00e+00	0.00e+00	0.00e+00	0.00e+00	1.17e-01	9.52e-09	8.30e-09
 2.35118e+23	1.40e-01	8.23e-01	3.71e-02	6.66e-05	7.49e-06	0.00e+00	0.00e+00	0.00e+00	0.00e+00	1.40e-01	1.14e-08	9.96e-09
 2.35815e+23	1.65e-01	8.06e-01	2.88e-02	4.82e-05	5.43e-06	0.00e+00	0.00e+00	0.00e+00	0.00e+00	1.65e-01	1.36e-08	1.18e-08
 2.36451e+23	1.94e-01	7.84e-01	2.22e-02	3.55e-05	3.91e-06	0.00e+00	0.00e+00	0.00e+00	0.00e+00	1.94e-01	1.58e-08	1.38e-08
 2.37029e+23	2.25e-01	7.58e-01	1.73e-02	2.68e-05	2.84e-06	0.00e+00	0.00e+00	0.00e+00	0.00e+00	2.25e-01	1.82e-08	1.58e-08
 2.37561e+23	2.59e-01	7.28e-01	1.34e-02	2.06e-05	2.05e-06	0.00e+00	0.00e+00	0.00e+00	0.00e+00	2.59e-01	2.06e-08	1.79e-08
 2.38056e+23	2.95e-01	6.95e-01	1.04e-02	1.60e-05	1.49e-06	0.00e+00	0.00e+00	0.00e+00	0.00e+00	2.95e-01	2.31e-08	1.99e-08
 2.38517e+23	3.32e-01	6.60e-01	8.13e-03	1.27e-05	1.08e-06	0.00e+00	0.00e+00	0.00e+00	0.00e+00	3.32e-01	2.54e-08	2.19e-08
 2.38943e+23	3.70e-01	6.23e-01	6.39e-03	1.02e-05	7.95e-07	0.00e+00	0.00e+00	0.00e+00	0.00e+00	3.70e-01	2.75e-08	2.37e-08
 2.39319e+23	4.06e-01	5.89e-01	5.13e-03	8.41e-06	6.01e-07	0.00e+00	0.00e+00	0.00e+00	0.00e+00	4.06e-01	2.92e-08	2.52e-08
 2.39638e+23	4.37e-01	5.58e-01	4.24e-03	7.16e-06	4.72e-07	0.00e+00	0.00e+00	0.00e+00	0.00e+00	4.37e-01	3.05e-08	2.63e-08
 2.39885e+23	4.62e-01	5.35e-01	3.66e-03	6.35e-06	3.93e-07	0.00e+00	0.00e+00	0.00e+00	0.00e+00	4.62e-01	3.14e-08	2.70e-08
 2.40079e+23	4.81e-01	5.16e-01	3.25e-03	5.77e-06	3.39e-07	0.00e+00	0.00e+00	0.00e+00	0.00e+00	4.81e-01	3.20e-08	2.76e-08
 2.40286e+23	5.01e-01	4.96e-01	2.86e-03	5.21e-06	2.88e-07	0.00e+00	0.00e+00	0.00e+00	0.00e+00	5.01e-01	3.26e-08	2.81e-08
 2.40526e+23	5.25e-01	4.72e-01	2.46e-03	4.63e-06	2.39e-07	0.00e+00	0.00e+00	0.00e+00	0.00e+00	5.25e-01	3.33e-08	2.86e-08
 2.40785e+23	5.51e-01	4.47e-01	2.09e-03	4.09e-06	1.96e-07	0.00e+00	0.00e+00	0.00e+00	0.00e+00	5.51e-01	3.38e-08	2.90e-08
 2.41036e+23	5.74e-01	4.24e-01	1.79e-03	3.65e-06	1.62e-07	0.00e+00	0.00e+00	0.00e+00	0.00e+00	5.74e-01	3.41e-08	2.93e-08
 2.41267e+23	5.95e-01	4.04e-01	1.56e-03	3.30e-06	1.37e-07	0.00e+00	0.00e+00	0.00e+00	0.00e+00	5.95e-01	3.43e-08	2.95e-08
 2.41444e+23	6.10e-01	3.89e-01	1.41e-03	3.07e-06	0.00e+00	0.00e+00	0.00e+00	0.00e+00	0.00e+00	6.10e-01	3.44e-08	2.95e-08
 2.41569e+23	6.20e-01	3.79e-01	1.31e-03	2.91e-06	0.00e+00	0.00e+00	0.00e+00	0.00e+00	0.00e+00	6.20e-01	3.44e-08	2.96e-08
 2.41692e+23	6.30e-01	3.69e-01	1.22e-03	2.77e-06	0.00e+00	0.00e+00	0.00e+00	0.00e+00	0.00e+00	6.30e-01	3.45e-08	2.96e-08
 2.41840e+23	6.42e-01	3.57e-01	1.11e-03	2.60e-06	0.00e+00	0.00e+00	0.00e+00	0.00e+00	0.00e+00	6.42e-01	3.45e-08	2.96e-08
 2.42003e+23	6.54e-01	3.45e-01	1.01e-03	2.44e-06	0.00e+00	0.00e+00	0.00e+00	0.00e+00	0.00e+00	6.54e-01	3.44e-08	2.95e-08
 2.42162e+23	6.66e-01	3.33e-01	9.25e-04	2.29e-06	0.00e+00	0.00e+00	0.00e+00	0.00e+00	0.00e+00	6.66e-01	3.44e-08	2.95e-08
 2.42317e+23	6.77e-01	3.23e-01	8.47e-04	2.16e-06	0.00e+00	0.00e+00	0.00e+00	0.00e+00	0.00e+00	6.77e-01	3.43e-08	2.94e-08
 2.42476e+23	6.87e-01	3.12e-01	7.75e-04	2.04e-06	0.00e+00	0.00e+00	0.00e+00	0.00e+00	0.00e+00	6.87e-01	3.42e-08	2.93e-08
 2.42642e+23	6.98e-01	3.01e-01	7.06e-04	1.92e-06	0.00e+00	0.00e+00	0.00e+00	0.00e+00	0.00e+00	6.98e-01	3.40e-08	2.91e-08
 2.42812e+23	7.09e-01	2.91e-01	6.43e-04	1.81e-06	0.00e+00	0.00e+00	0.00e+00	0.00e+00	0.00e+00	7.09e-01	3.39e-08	2.90e-08
 2.42985e+23	7.19e-01	2.81e-01	5.85e-04	1.71e-06	0.00e+00	0.00e+00	0.00e+00	0.00e+00	0.00e+00	7.19e-01	3.37e-08	2.88e-08
 2.43162e+23	7.29e-01	2.71e-01	5.33e-04	1.61e-06	0.00e+00	0.00e+00	0.00e+00	0.00e+00	0.00e+00	7.29e-01	3.35e-08	2.86e-08
 2.43345e+23	7.39e-01	2.61e-01	4.83e-04	1.51e-06	0.00e+00	0.00e+00	0.00e+00	0.00e+00	0.00e+00	7.39e-01	3.33e-08	2.84e-08
 2.43532e+23	7.48e-01	2.51e-01	4.39e-04	1.43e-06	0.00e+00	0.00e+00	0.00e+00	0.00e+00	0.00e+00	7.48e-01	3.31e-08	2.82e-08
 2.43724e+23	7.58e-01	2.42e-01	3.98e-04	1.35e-06	0.00e+00	0.00e+00	0.00e+00	0.00e+00	0.00e+00	7.58e-01	3.28e-08	2.80e-08
 2.43922e+23	7.67e-01	2.33e-01	3.61e-04	1.27e-06	0.00e+00	0.00e+00	0.00e+00	0.00e+00	0.00e+00	7.67e-01	3.26e-08	2.78e-08
 2.44126e+23	7.76e-01	2.24e-01	3.27e-04	1.19e-06	0.00e+00	0.00e+00	0.00e+00	0.00e+00	0.00e+00	7.76e-01	3.23e-08	2.75e-08
 2.44336e+23	7.84e-01	2.16e-01	2.96e-04	1.13e-06	0.00e+00	0.00e+00	0.00e+00	0.00e+00	0.00e+00	7.84e-01	3.20e-08	2.73e-08
 2.44551e+23	7.92e-01	2.07e-01	2.68e-04	1.06e-06	0.00e+00	0.00e+00	0.00e+00	0.00e+00	0.00e+00	7.92e-01	3.17e-08	2.70e-08
 2.44773e+23	8.01e-01	1.99e-01	2.42e-04	1.00e-06	0.00e+00	0.00e+00	0.00e+00	0.00e+00	0.00e+00	8.01e-01	3.15e-08	2.68e-08
 2.45004e+23	8.08e-01	1.91e-01	2.19e-04	9.43e-07	0.00e+00	0.00e+00	0.00e+00	0.00e+00	0.00e+00	8.08e-01	3.12e-08	2.65e-08
 2.45242e+23	8.16e-01	1.84e-01	1.98e-04	8.89e-07	0.00e+00	0.00e+00	0.00e+00	0.00e+00	0.00e+00	8.16e-01	3.09e-08	2.62e-08
 2.45488e+23	8.23e-01	1.76e-01	1.79e-04	8.38e-07	0.00e+00	0.00e+00	0.00e+00	0.00e+00	0.00e+00	8.23e-01	3.06e-08	2.60e-08
 2.45741e+23	8.30e-01	1.69e-01	1.62e-04	7.90e-07	0.00e+00	0.00e+00	0.00e+00	0.00e+00	0.00e+00	8.30e-01	3.03e-08	2.57e-08
 2.46005e+23	8.37e-01	1.62e-01	1.47e-04	7.44e-07	0.00e+00	0.00e+00	0.00e+00	0.00e+00	0.00e+00	8.37e-01	3.00e-08	2.54e-08
 2.46280e+23	8.44e-01	1.56e-01	1.33e-04	7.01e-07	0.00e+00	0.00e+00	0.00e+00	0.00e+00	0.00e+00	8.44e-01	2.97e-08	2.52e-08
 2.46564e+23	8.50e-01	1.49e-01	1.21e-04	6.61e-07	0.00e+00	0.00e+00	0.00e+00	0.00e+00	0.00e+00	8.50e-01	2.94e-08	2.49e-08
 2.46856e+23	8.56e-01	1.43e-01	1.10e-04	6.24e-07	0.00e+00	0.00e+00	0.00e+00	0.00e+00	0.00e+00	8.56e-01	2.92e-08	2.47e-08
 2.47154e+23	8.62e-01	1.38e-01	1.01e-04	5.90e-07	0.00e+00	0.00e+00	0.00e+00	0.00e+00	0.00e+00	8.62e-01	2.89e-08	2.44e-08
 2.47459e+23	8.67e-01	1.33e-01	9.24e-05	5.58e-07	0.00e+00	0.00e+00	0.00e+00	0.00e+00	0.00e+00	8.67e-01	2.86e-08	2.41e-08
 2.47780e+23	8.73e-01	1.27e-01	8.50e-05	5.28e-07	0.00e+00	0.00e+00	0.00e+00	0.00e+00	0.00e+00	8.73e-01	2.83e-08	2.38e-08
 2.48113e+23	8.77e-01	1.22e-01	7.85e-05	4.99e-07	0.00e+00	0.00e+00	0.00e+00	0.00e+00	0.00e+00	8.77e-01	2.81e-08	2.34e-08
 2.48453e+23	8.82e-01	1.18e-01	7.29e-05	4.73e-07	0.00e+00	0.00e+00	0.00e+00	0.00e+00	0.00e+00	8.82e-01	2.78e-08	2.31e-08
 2.48802e+23	8.86e-01	1.14e-01	6.80e-05	4.49e-07	0.00e+00	0.00e+00	0.00e+00	0.00e+00	0.00e+00	8.86e-01	2.76e-08	2.28e-08
 2.49170e+23	8.91e-01	1.09e-01	6.36e-05	4.26e-07	0.00e+00	0.00e+00	0.00e+00	0.00e+00	0.00e+00	8.91e-01	2.74e-08	2.26e-08
 2.49562e+23	8.94e-01	1.05e-01	5.96e-05	4.04e-07	0.00e+00	0.00e+00	0.00e+00	0.00e+00	0.00e+00	8.94e-01	2.72e-08	2.23e-08
 2.49967e+23	8.98e-01	1.02e-01	5.62e-05	3.84e-07	0.00e+00	0.00e+00	0.00e+00	0.00e+00	0.00e+00	8.98e-01	2.71e-08	2.21e-08
 2.50387e+23	9.02e-01	9.81e-02	5.32e-05	3.64e-07	0.00e+00	0.00e+00	0.00e+00	0.00e+00	0.00e+00	9.02e-01	2.69e-08	2.18e-08
 2.50836e+23	9.05e-01	9.46e-02	5.04e-05	3.46e-07	0.00e+00	0.00e+00	0.00e+00	0.00e+00	0.00e+00	9.05e-01	2.68e-08	2.16e-08
 2.51313e+23	9.09e-01	9.12e-02	4.79e-05	3.27e-07	0.00e+00	0.00e+00	0.00e+00	0.00e+00	0.00e+00	9.09e-01	2.67e-08	2.14e-08
 2.51811e+23	9.12e-01	8.79e-02	4.58e-05	3.10e-07	0.00e+00	0.00e+00	0.00e+00	0.00e+00	0.00e+00	9.12e-01	2.66e-08	2.12e-08
 2.52323e+23	9.15e-01	8.47e-02	4.39e-05	2.94e-07	0.00e+00	0.00e+00	0.00e+00	0.00e+00	0.00e+00	9.15e-01	2.65e-08	2.10e-08
 2.52820e+23	9.18e-01	8.20e-02	4.23e-05	2.80e-07	0.00e+00	0.00e+00	0.00e+00	0.00e+00	0.00e+00	9.18e-01	2.64e-08	2.08e-08
 2.53297e+23	9.20e-01	7.96e-02	4.10e-05	2.68e-07	0.00e+00	0.00e+00	0.00e+00	0.00e+00	0.00e+00	9.20e-01	2.64e-08	2.07e-08
 2.53765e+23	9.23e-01	7.73e-02	3.99e-05	2.57e-07	0.00e+00	0.00e+00	0.00e+00	0.00e+00	0.00e+00	9.23e-01	2.64e-08	2.06e-08
 2.54224e+23	9.25e-01	7.52e-02	3.89e-05	2.46e-07	0.00e+00	0.00e+00	0.00e+00	0.00e+00	0.00e+00	9.25e-01	2.64e-08	2.05e-08
 2.54672e+23	9.27e-01	7.31e-02	3.80e-05	2.36e-07	0.00e+00	0.00e+00	0.00e+00	0.00e+00	0.00e+00	9.27e-01	2.63e-08	2.03e-08
 2.55102e+23	9.29e-01	7.12e-02	3.72e-05	2.27e-07	0.00e+00	0.00e+00	0.00e+00	0.00e+00	0.00e+00	9.29e-01	2.63e-08	2.02e-08
 2.55511e+23	9.31e-01	6.94e-02	3.66e-05	2.19e-07	0.00e+00	0.00e+00	0.00e+00	0.00e+00	0.00e+00	9.31e-01	2.62e-08	2.01e-08
 2.55895e+23	9.32e-01	6.78e-02	3.60e-05	2.12e-07	0.00e+00	0.00e+00	0.00e+00	0.00e+00	0.00e+00	9.32e-01	2.62e-08	2.00e-08
 2.56268e+23	9.34e-01	6.63e-02	3.55e-05	2.05e-07	0.00e+00	0.00e+00	0.00e+00	0.00e+00	0.00e+00	9.34e-01	2.62e-08	1.99e-08
 2.56642e+23	9.35e-01	6.47e-02	3.50e-05	1.98e-07	0.00e+00	0.00e+00	0.00e+00	0.00e+00	0.00e+00	9.35e-01	2.61e-08	1.98e-08
 2.57004e+23	9.37e-01	6.32e-02	3.45e-05	1.91e-07	0.00e+00	0.00e+00	0.00e+00	0.00e+00	0.00e+00	9.37e-01	2.61e-08	1.97e-08
 2.57352e+23	9.38e-01	6.18e-02	3.41e-05	1.85e-07	0.00e+00	0.00e+00	0.00e+00	0.00e+00	0.00e+00	9.38e-01	2.61e-08	1.96e-08
 2.57688e+23	9.40e-01	6.05e-02	3.37e-05	1.80e-07	0.00e+00	0.00e+00	0.00e+00	0.00e+00	0.00e+00	9.40e-01	2.61e-08	1.96e-08
 2.58012e+23	9.41e-01	5.91e-02	3.34e-05	1.74e-07	0.00e+00	0.00e+00	0.00e+00	0.00e+00	0.00e+00	9.41e-01	2.60e-08	1.95e-08
 2.58326e+23	9.42e-01	5.79e-02	3.31e-05	1.69e-07	0.00e+00	0.00e+00	0.00e+00	0.00e+00	0.00e+00	9.42e-01	2.60e-08	1.94e-08
 2.58629e+23	9.43e-01	5.67e-02	3.28e-05	1.64e-07	0.00e+00	0.00e+00	0.00e+00	0.00e+00	0.00e+00	9.43e-01	2.60e-08	1.93e-08
 2.58921e+23	9.44e-01	5.55e-02	3.25e-05	1.60e-07	0.00e+00	0.00e+00	0.00e+00	0.00e+00	0.00e+00	9.44e-01	2.60e-08	1.93e-08
 2.59203e+23	9.46e-01	5.44e-02	3.23e-05	1.56e-07	0.00e+00	0.00e+00	0.00e+00	0.00e+00	0.00e+00	9.46e-01	2.59e-08	1.92e-08
 2.59475e+23	9.47e-01	5.33e-02	3.21e-05	1.51e-07	0.00e+00	0.00e+00	0.00e+00	0.00e+00	0.00e+00	9.47e-01	2.59e-08	1.91e-08
 2.59732e+23	9.48e-01	5.23e-02	3.18e-05	1.48e-07	0.00e+00	0.00e+00	0.00e+00	0.00e+00	0.00e+00	9.48e-01	2.59e-08	1.91e-08
 2.59985e+23	9.49e-01	5.13e-02	3.16e-05	1.44e-07	0.00e+00	0.00e+00	0.00e+00	0.00e+00	0.00e+00	9.49e-01	2.58e-08	1.90e-08
 2.60231e+23	9.50e-01	5.02e-02	3.14e-05	1.40e-07	0.00e+00	0.00e+00	0.00e+00	0.00e+00	0.00e+00	9.50e-01	2.58e-08	1.89e-08
 2.60454e+23	9.51e-01	4.94e-02	3.13e-05	1.37e-07	0.00e+00	0.00e+00	0.00e+00	0.00e+00	0.00e+00	9.51e-01	2.58e-08	1.88e-08
 2.60657e+23	9.51e-01	4.86e-02	3.11e-05	1.35e-07	0.00e+00	0.00e+00	0.00e+00	0.00e+00	0.00e+00	9.51e-01	2.57e-08	1.88e-08
 2.60842e+23	9.52e-01	4.79e-02	3.10e-05	1.32e-07	0.00e+00	0.00e+00	0.00e+00	0.00e+00	0.00e+00	9.52e-01	2.57e-08	1.87e-08
 2.61011e+23	9.53e-01	4.73e-02	3.09e-05	1.30e-07	0.00e+00	0.00e+00	0.00e+00	0.00e+00	0.00e+00	9.53e-01	2.57e-08	1.87e-08
 2.61164e+23	9.53e-01	4.67e-02	3.08e-05	1.28e-07	0.00e+00	0.00e+00	0.00e+00	0.00e+00	0.00e+00	9.53e-01	2.56e-08	1.86e-08
 2.61303e+23	9.54e-01	4.62e-02	3.07e-05	1.26e-07	0.00e+00	0.00e+00	0.00e+00	0.00e+00	0.00e+00	9.54e-01	2.56e-08	1.86e-08
 2.61430e+23	9.54e-01	4.57e-02	3.06e-05	1.25e-07	0.00e+00	0.00e+00	0.00e+00	0.00e+00	0.00e+00	9.54e-01	2.55e-08	1.85e-08
 2.61569e+23	9.55e-01	4.51e-02	3.04e-05	0.00e+00	0.00e+00	0.00e+00	0.00e+00	0.00e+00	0.00e+00	9.55e-01	2.54e-08	1.85e-08
 2.61719e+23	9.56e-01	4.44e-02	3.03e-05	0.00e+00	0.00e+00	0.00e+00	0.00e+00	0.00e+00	0.00e+00	9.56e-01	2.53e-08	1.84e-08
 2.61856e+23	9.56e-01	4.39e-02	3.02e-05	0.00e+00	0.00e+00	0.00e+00	0.00e+00	0.00e+00	0.00e+00	9.56e-01	2.52e-08	1.83e-08
 2.62005e+23	9.57e-01	4.33e-02	3.00e-05	0.00e+00	0.00e+00	0.00e+00	0.00e+00	0.00e+00	0.00e+00	9.57e-01	2.51e-08	1.83e-08
 2.62167e+23	9.57e-01	4.25e-02	2.98e-05	0.00e+00	0.00e+00	0.00e+00	0.00e+00	0.00e+00	0.00e+00	9.57e-01	2.50e-08	1.82e-08
 2.62314e+23	9.58e-01	4.20e-02	2.97e-05	0.00e+00	0.00e+00	0.00e+00	0.00e+00	0.00e+00	0.00e+00	9.58e-01	2.49e-08	1.82e-08
 2.62448e+23	9.59e-01	4.15e-02	2.96e-05	0.00e+00	0.00e+00	0.00e+00	0.00e+00	0.00e+00	0.00e+00	9.59e-01	2.48e-08	1.81e-08
 2.62569e+23	9.59e-01	4.10e-02	2.95e-05	0.00e+00	0.00e+00	0.00e+00	0.00e+00	0.00e+00	0.00e+00	9.59e-01	2.47e-08	1.81e-08
 2.62703e+23	9.59e-01	4.05e-02	2.93e-05	0.00e+00	0.00e+00	0.00e+00	0.00e+00	0.00e+00	0.00e+00	9.59e-01	2.46e-08	1.80e-08
 2.62847e+23	9.60e-01	4.00e-02	2.91e-05	0.00e+00	0.00e+00	0.00e+00	0.00e+00	0.00e+00	0.00e+00	9.60e-01	2.46e-08	1.80e-08
 2.63005e+23	9.61e-01	3.94e-02	2.89e-05	0.00e+00	0.00e+00	0.00e+00	0.00e+00	0.00e+00	0.00e+00	9.61e-01	2.45e-08	1.80e-08
 2.63175e+23	9.61e-01	3.88e-02	2.87e-05	0.00e+00	0.00e+00	0.00e+00	0.00e+00	0.00e+00	0.00e+00	9.61e-01	2.45e-08	1.79e-08
 2.63330e+23	9.62e-01	3.82e-02	2.85e-05	0.00e+00	0.00e+00	0.00e+00	0.00e+00	0.00e+00	0.00e+00	9.62e-01	2.44e-08	1.79e-08
 2.63471e+23	9.62e-01	3.79e-02	2.84e-05	0.00e+00	0.00e+00	0.00e+00	0.00e+00	0.00e+00	0.00e+00	9.62e-01	2.43e-08	1.79e-08
 2.63626e+23	9.63e-01	3.73e-02	2.81e-05	0.00e+00	0.00e+00	0.00e+00	0.00e+00	0.00e+00	0.00e+00	9.63e-01	2.43e-08	1.79e-08
 2.63827e+23	9.63e-01	3.66e-02	2.79e-05	0.00e+00	0.00e+00	0.00e+00	0.00e+00	0.00e+00	0.00e+00	9.63e-01	2.43e-08	1.78e-08
 2.64044e+23	9.64e-01	3.58e-02	2.76e-05	0.00e+00	0.00e+00	0.00e+00	0.00e+00	0.00e+00	0.00e+00	9.64e-01	2.42e-08	1.78e-08
 2.64241e+23	9.65e-01	3.51e-02	2.73e-05	0.00e+00	0.00e+00	0.00e+00	0.00e+00	0.00e+00	0.00e+00	9.65e-01	2.41e-08	1.77e-08
 2.64421e+23	9.65e-01	3.47e-02	2.71e-05	0.00e+00	0.00e+00	0.00e+00	0.00e+00	0.00e+00	0.00e+00	9.65e-01	2.41e-08	1.77e-08
 2.64584e+23	9.66e-01	3.42e-02	2.69e-05	0.00e+00	0.00e+00	0.00e+00	0.00e+00	0.00e+00	0.00e+00	9.66e-01	2.40e-08	1.77e-08
 2.64733e+23	9.66e-01	3.38e-02	2.67e-05	0.00e+00	0.00e+00	0.00e+00	0.00e+00	0.00e+00	0.00e+00	9.66e-01	2.40e-08	1.76e-08
 2.64896e+23	9.67e-01	3.33e-02	2.64e-05	0.00e+00	0.00e+00	0.00e+00	0.00e+00	0.00e+00	0.00e+00	9.67e-01	2.39e-08	1.76e-08
 2.65072e+23	9.67e-01	3.27e-02	2.61e-05	0.00e+00	0.00e+00	0.00e+00	0.00e+00	0.00e+00	0.00e+00	9.67e-01	2.39e-08	1.75e-08
 2.65232e+23	9.68e-01	3.22e-02	2.59e-05	0.00e+00	0.00e+00	0.00e+00	0.00e+00	0.00e+00	0.00e+00	9.68e-01	2.38e-08	1.75e-08
 2.65378e+23	9.68e-01	3.18e-02	2.56e-05	0.00e+00	0.00e+00	0.00e+00	0.00e+00	0.00e+00	0.00e+00	9.68e-01	2.38e-08	1.74e-08
 2.65511e+23	9.69e-01	3.15e-02	2.54e-05	0.00e+00	0.00e+00	0.00e+00	0.00e+00	0.00e+00	0.00e+00	9.69e-01	2.37e-08	1.74e-08
 2.65656e+23	9.69e-01	3.10e-02	2.52e-05	0.00e+00	0.00e+00	0.00e+00	0.00e+00	0.00e+00	0.00e+00	9.69e-01	2.37e-08	1.74e-08
 2.65813e+23	9.70e-01	3.05e-02	2.49e-05	0.00e+00	0.00e+00	0.00e+00	0.00e+00	0.00e+00	0.00e+00	9.70e-01	2.36e-08	1.73e-08
 2.65956e+23	9.70e-01	3.01e-02	2.47e-05	0.00e+00	0.00e+00	0.00e+00	0.00e+00	0.00e+00	0.00e+00	9.70e-01	2.36e-08	1.73e-08
 2.66112e+23	9.70e-01	2.96e-02	2.45e-05	0.00e+00	0.00e+00	0.00e+00	0.00e+00	0.00e+00	0.00e+00	9.70e-01	2.36e-08	1.72e-08
 2.66281e+23	9.71e-01	2.91e-02	2.42e-05	0.00e+00	0.00e+00	0.00e+00	0.00e+00	0.00e+00	0.00e+00	9.71e-01	2.35e-08	1.72e-08
 2.66435e+23	9.71e-01	2.87e-02	2.40e-05	0.00e+00	0.00e+00	0.00e+00	0.00e+00	0.00e+00	0.00e+00	9.71e-01	2.35e-08	1.71e-08
 2.66603e+23	9.72e-01	2.82e-02	2.37e-05	0.00e+00	0.00e+00	0.00e+00	0.00e+00	0.00e+00	0.00e+00	9.72e-01	2.34e-08	1.71e-08
 2.66785e+23	9.72e-01	2.77e-02	2.35e-05	0.00e+00	0.00e+00	0.00e+00	0.00e+00	0.00e+00	0.00e+00	9.72e-01	2.33e-08	1.70e-08
 2.66951e+23	9.73e-01	2.73e-02	2.33e-05	0.00e+00	0.00e+00	0.00e+00	0.00e+00	0.00e+00	0.00e+00	9.73e-01	2.33e-08	1.70e-08
 2.67101e+23	9.73e-01	2.69e-02	2.31e-05	0.00e+00	0.00e+00	0.00e+00	0.00e+00	0.00e+00	0.00e+00	9.73e-01	2.33e-08	1.69e-08
 2.67238e+23	9.73e-01	2.66e-02	2.29e-05	0.00e+00	0.00e+00	0.00e+00	0.00e+00	0.00e+00	0.00e+00	9.73e-01	2.32e-08	1.68e-08
 2.67363e+23	9.74e-01	2.64e-02	2.27e-05	0.00e+00	0.00e+00	0.00e+00	0.00e+00	0.00e+00	0.00e+00	9.74e-01	2.32e-08	1.68e-08
 2.67500e+23	9.74e-01	2.60e-02	2.25e-05	0.00e+00	0.00e+00	0.00e+00	0.00e+00	0.00e+00	0.00e+00	9.74e-01	2.32e-08	1.68e-08
 2.67677e+23	9.75e-01	2.54e-02	2.23e-05	0.00e+00	0.00e+00	0.00e+00	0.00e+00	0.00e+00	0.00e+00	9.75e-01	2.31e-08	1.67e-08
 2.67869e+23	9.75e-01	2.50e-02	2.20e-05	0.00e+00	0.00e+00	0.00e+00	0.00e+00	0.00e+00	0.00e+00	9.75e-01	2.29e-08	1.66e-08
 2.68043e+23	9.75e-01	2.46e-02	2.18e-05	0.00e+00	0.00e+00	0.00e+00	0.00e+00	0.00e+00	0.00e+00	9.75e-01	2.27e-08	1.64e-08
 2.68202e+23	9.76e-01	2.43e-02	2.16e-05	0.00e+00	0.00e+00	0.00e+00	0.00e+00	0.00e+00	0.00e+00	9.76e-01	2.25e-08	1.63e-08
 2.68347e+23	9.76e-01	2.41e-02	2.15e-05	0.00e+00	0.00e+00	0.00e+00	0.00e+00	0.00e+00	0.00e+00	9.76e-01	2.24e-08	1.63e-08
 2.68505e+23	9.76e-01	2.37e-02	2.13e-05	0.00e+00	0.00e+00	0.00e+00	0.00e+00	0.00e+00	0.00e+00	9.76e-01	2.23e-08	1.61e-08
 2.68676e+23	9.77e-01	2.33e-02	2.11e-05	0.00e+00	0.00e+00	0.00e+00	0.00e+00	0.00e+00	0.00e+00	9.77e-01	2.20e-08	1.60e-08
 2.68832e+23	9.77e-01	2.31e-02	2.10e-05	0.00e+00	0.00e+00	0.00e+00	0.00e+00	0.00e+00	0.00e+00	9.77e-01	2.20e-08	1.59e-08
 2.69002e+23	9.77e-01	2.27e-02	2.07e-05	0.00e+00	0.00e+00	0.00e+00	0.00e+00	0.00e+00	0.00e+00	9.77e-01	2.18e-08	1.57e-08
 2.69186e+23	9.78e-01	2.23e-02	2.05e-05	0.00e+00	0.00e+00	0.00e+00	0.00e+00	0.00e+00	0.00e+00	9.78e-01	2.16e-08	1.55e-08
 2.69354e+23	9.78e-01	2.20e-02	2.04e-05	0.00e+00	0.00e+00	0.00e+00	0.00e+00	0.00e+00	0.00e+00	9.78e-01	2.15e-08	1.54e-08
 2.69537e+23	9.78e-01	2.17e-02	2.02e-05	0.00e+00	0.00e+00	0.00e+00	0.00e+00	0.00e+00	0.00e+00	9.78e-01	2.13e-08	1.52e-08
 2.69735e+23	9.79e-01	2.12e-02	2.00e-05	0.00e+00	0.00e+00	0.00e+00	0.00e+00	0.00e+00	0.00e+00	9.79e-01	2.11e-08	1.51e-08
 2.69916e+23	9.79e-01	2.09e-02	1.98e-05	0.00e+00	0.00e+00	0.00e+00	0.00e+00	0.00e+00	0.00e+00	9.79e-01	2.09e-08	1.49e-08
 2.70080e+23	9.79e-01	2.07e-02	1.96e-05	0.00e+00	0.00e+00	0.00e+00	0.00e+00	0.00e+00	0.00e+00	9.79e-01	2.08e-08	1.48e-08
 2.70260e+23	9.80e-01	2.04e-02	1.94e-05	0.00e+00	0.00e+00	0.00e+00	0.00e+00	0.00e+00	0.00e+00	9.80e-01	2.06e-08	1.47e-08
 2.70454e+23	9.80e-01	2.00e-02	1.92e-05	0.00e+00	0.00e+00	0.00e+00	0.00e+00	0.00e+00	0.00e+00	9.80e-01	2.04e-08	1.45e-08
 2.70630e+23	9.80e-01	1.98e-02	1.91e-05	0.00e+00	0.00e+00	0.00e+00	0.00e+00	0.00e+00	0.00e+00	9.80e-01	2.04e-08	1.44e-08
 2.70824e+23	9.81e-01	1.94e-02	1.89e-05	0.00e+00	0.00e+00	0.00e+00	0.00e+00	0.00e+00	0.00e+00	9.81e-01	2.02e-08	1.42e-08
 2.71033e+23	9.81e-01	1.90e-02	1.87e-05	0.00e+00	0.00e+00	0.00e+00	0.00e+00	0.00e+00	0.00e+00	9.81e-01	2.00e-08	1.40e-08
 2.71223e+23	9.81e-01	1.88e-02	1.85e-05	0.00e+00	0.00e+00	0.00e+00	0.00e+00	0.00e+00	0.00e+00	9.81e-01	1.98e-08	1.39e-08
 2.71431e+23	9.82e-01	1.84e-02	1.83e-05	0.00e+00	0.00e+00	0.00e+00	0.00e+00	0.00e+00	0.00e+00	9.82e-01	1.96e-08	1.37e-08
 2.71656e+23	9.82e-01	1.80e-02	1.81e-05	0.00e+00	0.00e+00	0.00e+00	0.00e+00	0.00e+00	0.00e+00	9.82e-01	1.93e-08	1.35e-08
 2.71861e+23	9.82e-01	1.78e-02	1.80e-05	0.00e+00	0.00e+00	0.00e+00	0.00e+00	0.00e+00	0.00e+00	9.82e-01	1.92e-08	1.34e-08
 2.72085e+23	9.83e-01	1.74e-02	1.78e-05	0.00e+00	0.00e+00	0.00e+00	0.00e+00	0.00e+00	0.00e+00	9.83e-01	1.90e-08	1.31e-08
 2.72327e+23	9.83e-01	1.71e-02	1.76e-05	0.00e+00	0.00e+00	0.00e+00	0.00e+00	0.00e+00	0.00e+00	9.83e-01	1.88e-08	1.30e-08
 2.72548e+23	9.83e-01	1.67e-02	1.74e-05	0.00e+00	0.00e+00	0.00e+00	0.00e+00	0.00e+00	0.00e+00	9.83e-01	1.86e-08	1.28e-08
 2.72748e+23	9.84e-01	1.65e-02	1.72e-05	0.00e+00	0.00e+00	0.00e+00	0.00e+00	0.00e+00	0.00e+00	9.84e-01	1.83e-08	1.26e-08
 2.72931e+23	9.84e-01	1.63e-02	1.71e-05	0.00e+00	0.00e+00	0.00e+00	0.00e+00	0.00e+00	0.00e+00	9.84e-01	1.82e-08	1.25e-08
 2.73131e+23	9.84e-01	1.60e-02	1.69e-05	0.00e+00	0.00e+00	0.00e+00	0.00e+00	0.00e+00	0.00e+00	9.84e-01	1.80e-08	1.23e-08
 2.73347e+23	9.84e-01	1.57e-02	1.68e-05	0.00e+00	0.00e+00	0.00e+00	0.00e+00	0.00e+00	0.00e+00	9.84e-01	1.78e-08	1.21e-08
 2.73543e+23	9.84e-01	1.55e-02	1.66e-05	0.00e+00	0.00e+00	0.00e+00	0.00e+00	0.00e+00	0.00e+00	9.84e-01	1.77e-08	1.20e-08
 2.73758e+23	9.85e-01	1.52e-02	1.65e-05	0.00e+00	0.00e+00	0.00e+00	0.00e+00	0.00e+00	0.00e+00	9.85e-01	1.75e-08	1.18e-08
 2.73991e+23	9.85e-01	1.49e-02	1.63e-05	0.00e+00	0.00e+00	0.00e+00	0.00e+00	0.00e+00	0.00e+00	9.85e-01	1.72e-08	1.16e-08
 2.74202e+23	9.85e-01	1.47e-02	1.61e-05	0.00e+00	0.00e+00	0.00e+00	0.00e+00	0.00e+00	0.00e+00	9.85e-01	1.71e-08	1.15e-08
 2.74434e+23	9.86e-01	1.44e-02	1.60e-05	0.00e+00	0.00e+00	0.00e+00	0.00e+00	0.00e+00	0.00e+00	9.86e-01	1.69e-08	1.13e-08
 2.74684e+23	9.86e-01	1.40e-02	1.58e-05	0.00e+00	0.00e+00	0.00e+00	0.00e+00	0.00e+00	0.00e+00	9.86e-01	1.66e-08	1.11e-08
 2.74912e+23	9.86e-01	1.39e-02	1.56e-05	0.00e+00	0.00e+00	0.00e+00	0.00e+00	0.00e+00	0.00e+00	9.86e-01	1.66e-08	1.10e-08
 2.75161e+23	9.86e-01	1.36e-02	1.55e-05	0.00e+00	0.00e+00	0.00e+00	0.00e+00	0.00e+00	0.00e+00	9.86e-01	1.63e-08	1.08e-08
 2.75431e+23	9.87e-01	1.32e-02	1.53e-05	0.00e+00	0.00e+00	0.00e+00	0.00e+00	0.00e+00	0.00e+00	9.87e-01	1.61e-08	1.06e-08
 2.75676e+23	9.87e-01	1.30e-02	1.51e-05	0.00e+00	0.00e+00	0.00e+00	0.00e+00	0.00e+00	0.00e+00	9.87e-01	1.60e-08	1.05e-08
 2.75944e+23	9.87e-01	1.27e-02	1.49e-05	0.00e+00	0.00e+00	0.00e+00	0.00e+00	0.00e+00	0.00e+00	9.87e-01	1.58e-08	1.03e-08
 2.76234e+23	9.88e-01	1.24e-02	1.48e-05	0.00e+00	0.00e+00	0.00e+00	0.00e+00	0.00e+00	0.00e+00	9.88e-01	1.55e-08	1.01e-08
 2.76498e+23	9.88e-01	1.22e-02	1.46e-05	0.00e+00	0.00e+00	0.00e+00	0.00e+00	0.00e+00	0.00e+00	9.88e-01	1.55e-08	1.00e-08
 2.76787e+23	9.88e-01	1.19e-02	1.44e-05	0.00e+00	0.00e+00	0.00e+00	0.00e+00	0.00e+00	0.00e+00	9.88e-01	1.52e-08	9.78e-09
 2.77100e+23	9.88e-01	1.17e-02	1.42e-05	0.00e+00	0.00e+00	0.00e+00	0.00e+00	0.00e+00	0.00e+00	9.88e-01	1.50e-08	9.60e-09
 2.77384e+23	9.89e-01	1.14e-02	1.41e-05	0.00e+00	0.00e+00	0.00e+00	0.00e+00	0.00e+00	0.00e+00	9.89e-01	1.49e-08	9.43e-09
 2.77642e+23	9.89e-01	1.12e-02	1.39e-05	0.00e+00	0.00e+00	0.00e+00	0.00e+00	0.00e+00	0.00e+00	9.89e-01	1.47e-08	9.29e-09
 2.77925e+23	9.89e-01	1.10e-02	1.38e-05	0.00e+00	0.00e+00	0.00e+00	0.00e+00	0.00e+00	0.00e+00	9.89e-01	1.45e-08	9.10e-09
 2.78231e+23	9.89e-01	1.07e-02	1.36e-05	0.00e+00	0.00e+00	0.00e+00	0.00e+00	0.00e+00	0.00e+00	9.89e-01	1.42e-08	8.90e-09
 2.78509e+23	9.89e-01	1.05e-02	1.35e-05	0.00e+00	0.00e+00	0.00e+00	0.00e+00	0.00e+00	0.00e+00	9.89e-01	1.41e-08	8.79e-09
 2.78814e+23	9.90e-01	1.02e-02	1.33e-05	0.00e+00	0.00e+00	0.00e+00	0.00e+00	0.00e+00	0.00e+00	9.90e-01	1.39e-08	8.60e-09
 2.79143e+23	9.90e-01	9.97e-03	1.31e-05	0.00e+00	0.00e+00	0.00e+00	0.00e+00	0.00e+00	0.00e+00	9.90e-01	1.36e-08	8.40e-09
 2.79443e+23	9.90e-01	9.80e-03	1.30e-05	0.00e+00	0.00e+00	0.00e+00	0.00e+00	0.00e+00	0.00e+00	9.90e-01	1.35e-08	8.29e-09
 2.79771e+23	9.90e-01	9.54e-03	1.28e-05	0.00e+00	0.00e+00	0.00e+00	0.00e+00	0.00e+00	0.00e+00	9.90e-01	1.33e-08	8.10e-09
 2.80126e+23	9.91e-01	9.27e-03	1.26e-05	0.00e+00	0.00e+00	0.00e+00	0.00e+00	0.00e+00	0.00e+00	9.91e-01	1.31e-08	7.90e-09
 2.80448e+23	9.91e-01	9.10e-03	1.25e-05	0.00e+00	0.00e+00	0.00e+00	0.00e+00	0.00e+00	0.00e+00	9.91e-01	1.29e-08	7.79e-09
 2.80802e+23	9.91e-01	8.84e-03	1.23e-05	0.00e+00	0.00e+00	0.00e+00	0.00e+00	0.00e+00	0.00e+00	9.91e-01	1.27e-08	7.60e-09
 2.81183e+23	9.91e-01	8.58e-03	1.21e-05	0.00e+00	0.00e+00	0.00e+00	0.00e+00	0.00e+00	0.00e+00	9.91e-01	1.25e-08	7.40e-09
 2.81530e+23	9.92e-01	8.41e-03	1.19e-05	0.00e+00	0.00e+00	0.00e+00	0.00e+00	0.00e+00	0.00e+00	9.92e-01	1.23e-08	7.29e-09
 2.81911e+23	9.92e-01	8.17e-03	1.18e-05	0.00e+00	0.00e+00	0.00e+00	0.00e+00	0.00e+00	0.00e+00	9.92e-01	1.21e-08	7.12e-09
 2.82321e+23	9.92e-01	7.94e-03	1.16e-05	0.00e+00	0.00e+00	0.00e+00	0.00e+00	0.00e+00	0.00e+00	9.92e-01	1.20e-08	6.95e-09
 2.82695e+23	9.92e-01	7.73e-03	1.14e-05	0.00e+00	0.00e+00	0.00e+00	0.00e+00	0.00e+00	0.00e+00	9.92e-01	1.18e-08	6.79e-09
 2.83035e+23	9.92e-01	7.56e-03	1.13e-05	0.00e+00	0.00e+00	0.00e+00	0.00e+00	0.00e+00	0.00e+00	9.92e-01	1.16e-08	6.67e-09
 2.83408e+23	9.93e-01	7.36e-03	1.11e-05	0.00e+00	0.00e+00	0.00e+00	0.00e+00	0.00e+00	0.00e+00	9.93e-01	1.14e-08	6.51e-09
 2.83810e+23	9.93e-01	7.15e-03	1.10e-05	0.00e+00	0.00e+00	0.00e+00	0.00e+00	0.00e+00	0.00e+00	9.93e-01	1.13e-08	6.36e-09
 2.84176e+23	9.93e-01	6.97e-03	1.08e-05	0.00e+00	0.00e+00	0.00e+00	0.00e+00	0.00e+00	0.00e+00	9.93e-01	1.11e-08	6.22e-09
 2.84509e+23	9.93e-01	6.83e-03	1.07e-05	0.00e+00	0.00e+00	0.00e+00	0.00e+00	0.00e+00	0.00e+00	9.93e-01	1.10e-08	6.11e-09
 2.84875e+23	9.93e-01	6.64e-03	1.05e-05	0.00e+00	0.00e+00	0.00e+00	0.00e+00	0.00e+00	0.00e+00	9.93e-01	1.08e-08	5.96e-09
 2.85269e+23	9.94e-01	6.47e-03	1.04e-05	0.00e+00	0.00e+00	0.00e+00	0.00e+00	0.00e+00	0.00e+00	9.94e-01	1.06e-08	5.82e-09
 2.85701e+23	9.94e-01	6.26e-03	1.02e-05	0.00e+00	0.00e+00	0.00e+00	0.00e+00	0.00e+00	0.00e+00	9.94e-01	1.04e-08	5.64e-09
 2.86167e+23	9.94e-01	6.08e-03	1.00e-05	0.00e+00	0.00e+00	0.00e+00	0.00e+00	0.00e+00	0.00e+00	9.94e-01	1.02e-08	5.50e-09
 2.86591e+23	9.94e-01	5.91e-03	9.89e-06	0.00e+00	0.00e+00	0.00e+00	0.00e+00	0.00e+00	0.00e+00	9.94e-01	1.00e-08	5.35e-09
 2.86977e+23	9.94e-01	5.77e-03	9.76e-06	0.00e+00	0.00e+00	0.00e+00	0.00e+00	0.00e+00	0.00e+00	9.94e-01	9.89e-09	5.24e-09
 2.87400e+23	9.94e-01	5.60e-03	9.60e-06	0.00e+00	0.00e+00	0.00e+00	0.00e+00	0.00e+00	0.00e+00	9.94e-01	9.71e-09	5.09e-09
 2.87857e+23	9.95e-01	5.43e-03	9.45e-06	0.00e+00	0.00e+00	0.00e+00	0.00e+00	0.00e+00	0.00e+00	9.95e-01	9.53e-09	4.95e-09
 2.88273e+23	9.95e-01	5.29e-03	9.31e-06	0.00e+00	0.00e+00	0.00e+00	0.00e+00	0.00e+00	0.00e+00	9.95e-01	9.37e-09	4.82e-09
 2.88728e+23	9.95e-01	5.12e-03	9.14e-06	0.00e+00	0.00e+00	0.00e+00	0.00e+00	0.00e+00	0.00e+00	9.95e-01	9.18e-09	4.68e-09
 2.89220e+23	9.95e-01	4.95e-03	8.99e-06	0.00e+00	0.00e+00	0.00e+00	0.00e+00	0.00e+00	0.00e+00	9.95e-01	9.00e-09	4.53e-09
 2.89668e+23	9.95e-01	4.76e-03	8.85e-06	0.00e+00	0.00e+00	0.00e+00	0.00e+00	0.00e+00	0.00e+00	9.95e-01	8.83e-09	4.40e-09
 2.90158e+23	9.96e-01	4.44e-03	8.68e-06	0.00e+00	0.00e+00	0.00e+00	0.00e+00	0.00e+00	0.00e+00	9.96e-01	8.61e-09	4.24e-09
 2.90764e+23	9.96e-01	4.13e-03	8.48e-06	0.00e+00	0.00e+00	0.00e+00	0.00e+00	0.00e+00	0.00e+00	9.96e-01	8.36e-09	4.04e-09
