#depth	Cl	Cl+	Cl+2	Cl+3	Cl+4	Cl+5	Cl+6	Cl+7	Cl+8	Cl+9	Cl+10	Cl+11	Cl+12	Cl+13	Cl+14	Cl+15	Cl+16	Cl+17
 4.62852e+21	1.65e-32	2.61e-18	3.29e-15	8.26e-13	4.88e-11	1.48e-09	4.69e-08	4.64e-05	3.27e-03	5.77e-02	2.25e-01	3.43e-01	2.45e-01	7.66e-02	2.64e-02	2.17e-02	1.54e-03	3.66e-05
 1.02467e+22	6.70e-31	7.53e-17	7.02e-14	1.26e-11	5.27e-10	1.10e-08	2.38e-07	1.55e-04	8.20e-03	1.11e-01	3.21e-01	3.34e-01	1.70e-01	3.80e-02	1.01e-02	6.18e-03	2.92e-04	4.64e-06
 1.17311e+22	3.61e-30	3.39e-16	2.78e-13	4.30e-11	1.55e-09	2.74e-08	5.01e-07	2.70e-04	1.23e-02	1.45e-01	3.60e-01	3.12e-01	1.36e-01	2.59e-02	6.18e-03	3.29e-03	1.29e-04	1.70e-06
 1.24733e+22	8.17e-30	7.05e-16	5.42e-13	7.81e-11	2.61e-09	4.27e-08	7.20e-07	3.53e-04	1.49e-02	1.64e-01	3.76e-01	2.97e-01	1.20e-01	2.12e-02	4.79e-03	2.39e-03	8.53e-05	1.02e-06
 1.27980e+22	1.06e-29	8.92e-16	6.73e-13	9.48e-11	3.10e-09	4.92e-08	8.09e-07	3.85e-04	1.58e-02	1.70e-01	3.81e-01	2.92e-01	1.15e-01	1.98e-02	4.40e-03	2.14e-03	7.43e-05	8.67e-07
 1.29757e+22	1.46e-29	1.18e-15	8.72e-13	1.19e-10	3.79e-09	5.85e-08	9.31e-07	4.27e-04	1.70e-02	1.78e-01	3.86e-01	2.86e-01	1.09e-01	1.82e-02	3.97e-03	1.89e-03	6.30e-05	7.09e-07
 1.31733e+22	1.99e-29	1.57e-15	1.13e-12	1.50e-10	4.64e-09	6.94e-08	1.07e-06	4.73e-04	1.83e-02	1.86e-01	3.91e-01	2.79e-01	1.03e-01	1.68e-02	3.58e-03	1.66e-03	5.33e-05	5.79e-07
 1.33663e+22	2.68e-29	2.05e-15	1.44e-12	1.88e-10	5.64e-09	8.18e-08	1.23e-06	5.22e-04	1.96e-02	1.93e-01	3.96e-01	2.73e-01	9.77e-02	1.55e-02	3.24e-03	1.46e-03	4.53e-05	4.75e-07
 1.35870e+22	3.99e-29	2.94e-15	2.00e-12	2.52e-10	7.30e-09	1.02e-07	1.47e-06	5.94e-04	2.15e-02	2.04e-01	4.01e-01	2.64e-01	9.08e-02	1.38e-02	2.82e-03	1.23e-03	3.64e-05	3.64e-07
 1.38074e+22	5.38e-29	3.85e-15	2.57e-12	3.14e-10	8.88e-09	1.20e-07	1.68e-06	6.56e-04	2.30e-02	2.12e-01	4.05e-01	2.57e-01	8.58e-02	1.27e-02	2.54e-03	1.08e-03	3.08e-05	2.97e-07
 1.40276e+22	7.93e-29	5.49e-15	3.56e-12	4.21e-10	1.15e-08	1.50e-07	2.01e-06	7.47e-04	2.52e-02	2.24e-01	4.09e-01	2.47e-01	7.93e-02	1.13e-02	2.21e-03	9.02e-04	2.46e-05	2.26e-07
 1.42496e+22	1.07e-28	7.21e-15	4.57e-12	5.26e-10	1.40e-08	1.77e-07	2.30e-06	8.26e-04	2.69e-02	2.32e-01	4.12e-01	2.40e-01	7.47e-02	1.03e-02	1.98e-03	7.87e-04	2.07e-05	1.83e-07
 1.44740e+22	1.57e-28	1.03e-14	6.34e-12	7.06e-10	1.82e-08	2.21e-07	2.76e-06	9.41e-04	2.94e-02	2.44e-01	4.15e-01	2.30e-01	6.87e-02	9.12e-03	1.71e-03	6.54e-04	1.63e-05	1.38e-07
 1.47017e+22	2.11e-28	1.36e-14	8.17e-12	8.87e-10	2.22e-08	2.62e-07	3.18e-06	1.04e-03	3.15e-02	2.53e-01	4.17e-01	2.22e-01	6.42e-02	8.28e-03	1.52e-03	5.66e-04	1.36e-05	0.00e+00
 1.48972e+22	2.79e-28	1.76e-14	1.04e-11	1.10e-09	2.69e-08	3.09e-07	3.65e-06	1.15e-03	3.36e-02	2.63e-01	4.19e-01	2.15e-01	6.01e-02	7.52e-03	1.36e-03	4.92e-04	1.14e-05	0.00e+00
 1.50820e+22	3.62e-28	2.25e-14	1.30e-11	1.35e-09	3.23e-08	3.60e-07	4.14e-06	1.26e-03	3.57e-02	2.71e-01	4.19e-01	2.07e-01	5.65e-02	6.88e-03	1.22e-03	4.30e-04	9.61e-06	0.00e+00
 1.52895e+22	5.06e-28	3.09e-14	1.75e-11	1.77e-09	4.11e-08	4.43e-07	4.91e-06	1.42e-03	3.87e-02	2.83e-01	4.20e-01	1.98e-01	5.18e-02	6.07e-03	1.06e-03	3.58e-04	7.62e-06	0.00e+00
 1.54968e+22	6.50e-28	3.93e-14	2.19e-11	2.16e-09	4.90e-08	5.15e-07	5.57e-06	1.55e-03	4.11e-02	2.92e-01	4.20e-01	1.91e-01	4.85e-02	5.53e-03	9.48e-04	3.13e-04	6.43e-06	0.00e+00
 1.57038e+22	8.93e-28	5.37e-14	2.92e-11	2.81e-09	6.21e-08	6.32e-07	6.60e-06	1.75e-03	4.45e-02	3.04e-01	4.19e-01	1.81e-01	4.43e-02	4.87e-03	8.18e-04	2.60e-04	5.09e-06	0.00e+00
 1.59148e+22	1.16e-27	6.87e-14	3.68e-11	3.47e-09	7.50e-08	7.43e-07	7.55e-06	1.93e-03	4.73e-02	3.13e-01	4.18e-01	1.73e-01	4.11e-02	4.39e-03	7.25e-04	2.24e-04	4.21e-06	0.00e+00
 1.61311e+22	1.59e-27	9.42e-14	4.95e-11	4.55e-09	9.60e-08	9.19e-07	9.03e-06	2.18e-03	5.13e-02	3.26e-01	4.15e-01	1.63e-01	3.72e-02	3.82e-03	6.18e-04	1.83e-04	3.27e-06	0.00e+00
 1.63510e+22	2.04e-27	1.21e-13	6.25e-11	5.63e-09	1.16e-07	1.09e-06	1.04e-05	2.41e-03	5.47e-02	3.36e-01	4.13e-01	1.56e-01	3.43e-02	3.42e-03	5.45e-04	1.56e-04	2.68e-06	0.00e+00
 1.65756e+22	2.78e-27	1.66e-13	8.44e-11	7.42e-09	1.50e-07	1.35e-06	1.25e-05	2.74e-03	5.94e-02	3.49e-01	4.09e-01	1.46e-01	3.08e-02	2.94e-03	4.60e-04	1.26e-04	2.06e-06	0.00e+00
 1.68059e+22	3.57e-27	2.14e-13	1.07e-10	9.27e-09	1.83e-07	1.61e-06	1.45e-05	3.04e-03	6.34e-02	3.60e-01	4.05e-01	1.38e-01	2.81e-02	2.60e-03	3.99e-04	1.06e-04	1.65e-06	0.00e+00
 1.70437e+22	4.82e-27	2.95e-13	1.46e-10	1.23e-08	2.38e-07	2.03e-06	1.77e-05	3.49e-03	6.91e-02	3.74e-01	3.98e-01	1.28e-01	2.49e-02	2.20e-03	3.32e-04	8.41e-05	1.23e-06	0.00e+00
 1.72838e+22	6.08e-27	3.78e-13	1.85e-10	1.54e-08	2.93e-07	2.43e-06	2.06e-05	3.88e-03	7.39e-02	3.85e-01	3.93e-01	1.20e-01	2.25e-02	1.93e-03	2.86e-04	6.99e-05	9.81e-07	0.00e+00
 1.75223e+22	7.92e-27	5.10e-13	2.48e-10	2.03e-08	3.78e-07	3.04e-06	2.51e-05	4.45e-03	8.03e-02	3.98e-01	3.85e-01	1.10e-01	1.98e-02	1.63e-03	2.36e-04	5.51e-05	7.29e-07	0.00e+00
 1.77628e+22	9.85e-27	6.48e-13	3.13e-10	2.53e-08	4.64e-07	3.65e-06	2.93e-05	4.96e-03	8.58e-02	4.09e-01	3.78e-01	1.03e-01	1.79e-02	1.42e-03	2.02e-04	4.54e-05	5.73e-07	0.00e+00
 1.79971e+22	1.24e-26	8.47e-13	4.08e-10	3.26e-08	5.89e-07	4.51e-06	3.53e-05	5.64e-03	9.27e-02	4.21e-01	3.69e-01	9.47e-02	1.57e-02	1.20e-03	1.68e-04	3.60e-05	4.30e-07	0.00e+00
 1.82285e+22	1.50e-26	1.05e-12	5.06e-10	4.01e-08	7.16e-07	5.37e-06	4.11e-05	6.26e-03	9.87e-02	4.30e-01	3.61e-01	8.82e-02	1.41e-02	1.04e-03	1.44e-04	2.97e-05	3.38e-07	0.00e+00
 1.84325e+22	1.78e-26	1.28e-12	6.17e-10	4.85e-08	8.59e-07	6.32e-06	4.75e-05	6.91e-03	1.05e-01	4.39e-01	3.53e-01	8.23e-02	1.27e-02	9.11e-04	1.24e-04	2.47e-05	2.69e-07	0.00e+00
 1.86529e+22	2.15e-26	1.62e-12	7.83e-10	6.12e-08	1.07e-06	7.70e-06	5.67e-05	7.79e-03	1.12e-01	4.49e-01	3.43e-01	7.54e-02	1.12e-02	7.71e-04	1.03e-04	1.97e-05	2.03e-07	0.00e+00
 1.88702e+22	2.53e-26	1.94e-12	9.42e-10	7.32e-08	1.27e-06	8.98e-06	6.51e-05	8.56e-03	1.19e-01	4.57e-01	3.34e-01	7.03e-02	1.01e-02	6.76e-04	8.92e-05	1.64e-05	1.63e-07	0.00e+00
 1.90901e+22	3.03e-26	2.43e-12	1.19e-09	9.18e-08	1.58e-06	1.09e-05	7.77e-05	9.65e-03	1.27e-01	4.66e-01	3.23e-01	6.41e-02	8.86e-03	5.69e-04	7.38e-05	1.30e-05	1.22e-07	0.00e+00
 1.93097e+22	3.53e-26	2.88e-12	1.42e-09	1.09e-07	1.87e-06	1.27e-05	8.89e-05	1.06e-02	1.34e-01	4.73e-01	3.14e-01	5.96e-02	7.99e-03	4.99e-04	6.38e-05	1.09e-05	0.00e+00	0.00e+00
 1.95299e+22	4.21e-26	3.54e-12	1.77e-09	1.36e-07	2.31e-06	1.54e-05	1.06e-04	1.19e-02	1.43e-01	4.81e-01	3.02e-01	5.41e-02	6.96e-03	4.19e-04	5.26e-05	8.57e-06	0.00e+00	0.00e+00
 1.97503e+22	4.89e-26	4.16e-12	2.09e-09	1.60e-07	2.71e-06	1.78e-05	1.21e-04	1.30e-02	1.51e-01	4.86e-01	2.93e-01	5.02e-02	6.27e-03	3.66e-04	4.54e-05	7.15e-06	0.00e+00	0.00e+00
 1.99710e+22	5.84e-26	5.07e-12	2.59e-09	1.98e-07	3.34e-06	2.15e-05	1.44e-04	1.46e-02	1.61e-01	4.92e-01	2.81e-01	4.54e-02	5.46e-03	3.07e-04	3.75e-05	5.64e-06	0.00e+00	0.00e+00
 2.01927e+22	6.79e-26	5.90e-12	3.06e-09	2.33e-07	3.90e-06	2.48e-05	1.64e-04	1.59e-02	1.68e-01	4.96e-01	2.72e-01	4.21e-02	4.91e-03	2.69e-04	3.23e-05	4.70e-06	0.00e+00	0.00e+00
 2.04155e+22	8.14e-26	7.12e-12	3.76e-09	2.87e-07	4.78e-06	2.99e-05	1.94e-04	1.79e-02	1.79e-01	5.01e-01	2.60e-01	3.79e-02	4.26e-03	2.25e-04	2.66e-05	3.70e-06	0.00e+00	0.00e+00
 2.06400e+22	9.52e-26	8.26e-12	4.42e-09	3.37e-07	5.58e-06	3.44e-05	2.21e-04	1.95e-02	1.87e-01	5.04e-01	2.50e-01	3.50e-02	3.82e-03	1.96e-04	2.28e-05	3.08e-06	0.00e+00	0.00e+00
 2.08666e+22	1.15e-25	9.92e-12	5.43e-09	4.13e-07	6.81e-06	4.12e-05	2.61e-04	2.18e-02	1.99e-01	5.06e-01	2.38e-01	3.15e-02	3.31e-03	1.64e-04	1.87e-05	2.42e-06	0.00e+00	0.00e+00
 2.10961e+22	1.36e-25	1.15e-11	6.38e-09	4.84e-07	7.95e-06	4.74e-05	2.97e-04	2.37e-02	2.07e-01	5.08e-01	2.29e-01	2.89e-02	2.96e-03	1.42e-04	1.61e-05	2.01e-06	0.00e+00	0.00e+00
 2.13294e+22	1.67e-25	1.37e-11	7.83e-09	5.93e-07	9.70e-06	5.69e-05	3.52e-04	2.65e-02	2.20e-01	5.09e-01	2.16e-01	2.58e-02	2.55e-03	1.18e-04	1.31e-05	1.56e-06	0.00e+00	0.00e+00
 2.15663e+22	2.00e-25	1.59e-11	9.24e-09	6.97e-07	1.13e-05	6.54e-05	4.01e-04	2.88e-02	2.29e-01	5.09e-01	2.07e-01	2.37e-02	2.27e-03	1.02e-04	1.12e-05	1.29e-06	0.00e+00	0.00e+00
 2.18078e+22	2.49e-25	1.90e-11	1.14e-08	8.55e-07	1.38e-05	7.85e-05	4.75e-04	3.22e-02	2.42e-01	5.07e-01	1.95e-01	2.10e-02	1.94e-03	8.44e-05	9.04e-06	9.99e-07	0.00e+00	0.00e+00
 2.20544e+22	3.03e-25	2.22e-11	1.35e-08	1.01e-06	1.62e-05	9.04e-05	5.41e-04	3.51e-02	2.52e-01	5.06e-01	1.86e-01	1.91e-02	1.72e-03	7.27e-05	7.67e-06	8.19e-07	0.00e+00	0.00e+00
 2.23076e+22	3.87e-25	2.67e-11	1.67e-08	1.25e-06	1.99e-05	1.09e-04	6.43e-04	3.92e-02	2.65e-01	5.03e-01	1.74e-01	1.69e-02	1.46e-03	5.95e-05	6.16e-06	6.28e-07	0.00e+00	0.00e+00
 2.25632e+22	4.77e-25	3.11e-11	1.99e-08	1.47e-06	2.32e-05	1.25e-04	7.32e-04	4.26e-02	2.76e-01	4.99e-01	1.65e-01	1.53e-02	1.29e-03	5.11e-05	5.21e-06	5.13e-07	0.00e+00	0.00e+00
 2.27805e+22	5.77e-25	3.57e-11	2.33e-08	1.71e-06	2.69e-05	1.42e-04	8.25e-04	4.60e-02	2.86e-01	4.96e-01	1.57e-01	1.40e-02	1.15e-03	4.42e-05	4.44e-06	4.23e-07	0.00e+00	0.00e+00
 2.30213e+22	7.41e-25	4.26e-11	2.85e-08	2.08e-06	3.23e-05	1.68e-04	9.63e-04	5.07e-02	2.98e-01	4.90e-01	1.46e-01	1.24e-02	9.88e-04	3.67e-05	3.62e-06	3.30e-07	0.00e+00	0.00e+00
 2.32523e+22	8.90e-25	4.85e-11	3.29e-08	2.38e-06	3.68e-05	1.88e-04	1.07e-03	5.42e-02	3.07e-01	4.86e-01	1.40e-01	1.14e-02	8.89e-04	3.22e-05	3.14e-06	2.79e-07	0.00e+00	0.00e+00
 2.34706e+22	1.12e-24	5.69e-11	3.95e-08	2.83e-06	4.34e-05	2.18e-04	1.23e-03	5.90e-02	3.18e-01	4.79e-01	1.31e-01	1.02e-02	7.74e-04	2.72e-05	2.60e-06	2.23e-07	0.00e+00	0.00e+00
 2.36918e+22	1.36e-24	6.48e-11	4.58e-08	3.26e-06	4.94e-05	2.45e-04	1.36e-03	6.31e-02	3.27e-01	4.74e-01	1.25e-01	9.33e-03	6.94e-04	2.38e-05	2.25e-06	1.87e-07	0.00e+00	0.00e+00
 2.39168e+22	1.73e-24	7.61e-11	5.51e-08	3.88e-06	5.83e-05	2.84e-04	1.56e-03	6.87e-02	3.39e-01	4.66e-01	1.16e-01	8.30e-03	6.01e-04	2.00e-05	1.85e-06	1.48e-07	0.00e+00	0.00e+00
 2.41432e+22	2.12e-24	8.74e-11	6.41e-08	4.47e-06	6.63e-05	3.17e-04	1.73e-03	7.32e-02	3.47e-01	4.59e-01	1.10e-01	7.60e-03	5.39e-04	1.75e-05	1.60e-06	1.24e-07	0.00e+00	0.00e+00
 2.43713e+22	2.72e-24	1.03e-10	7.75e-08	5.34e-06	7.82e-05	3.67e-04	1.98e-03	7.95e-02	3.58e-01	4.50e-01	1.03e-01	6.74e-03	4.65e-04	1.46e-05	1.32e-06	0.00e+00	0.00e+00	0.00e+00
 2.46023e+22	3.37e-24	1.19e-10	9.05e-08	6.16e-06	8.91e-05	4.11e-04	2.19e-03	8.46e-02	3.67e-01	4.43e-01	9.69e-02	6.14e-03	4.16e-04	1.27e-05	1.13e-06	0.00e+00	0.00e+00	0.00e+00
 2.48370e+22	4.40e-24	1.41e-10	1.10e-07	7.38e-06	1.05e-04	4.76e-04	2.51e-03	9.18e-02	3.77e-01	4.32e-01	8.97e-02	5.42e-03	3.58e-04	1.06e-05	9.28e-07	0.00e+00	0.00e+00	0.00e+00
 2.50752e+22	5.51e-24	1.64e-10	1.29e-07	8.55e-06	1.20e-04	5.33e-04	2.77e-03	9.75e-02	3.85e-01	4.24e-01	8.45e-02	4.92e-03	3.18e-04	9.20e-06	7.95e-07	0.00e+00	0.00e+00	0.00e+00
 2.53181e+22	7.29e-24	1.97e-10	1.58e-07	1.03e-05	1.42e-04	6.17e-04	3.17e-03	1.06e-01	3.96e-01	4.12e-01	7.78e-02	4.32e-03	2.72e-04	7.61e-06	6.46e-07	0.00e+00	0.00e+00	0.00e+00
 2.55653e+22	9.25e-24	2.31e-10	1.87e-07	1.20e-05	1.63e-04	6.93e-04	3.51e-03	1.12e-01	4.03e-01	4.03e-01	7.29e-02	3.90e-03	2.41e-04	6.57e-06	5.50e-07	0.00e+00	0.00e+00	0.00e+00
 2.58181e+22	1.25e-23	2.80e-10	2.31e-07	1.45e-05	1.94e-04	8.04e-04	4.02e-03	1.22e-01	4.13e-01	3.90e-01	6.67e-02	3.40e-03	2.04e-04	5.39e-06	4.43e-07	0.00e+00	0.00e+00	0.00e+00
 2.60764e+22	1.61e-23	3.34e-10	2.77e-07	1.71e-05	2.23e-04	9.04e-04	4.45e-03	1.29e-01	4.20e-01	3.80e-01	6.22e-02	3.06e-03	1.80e-04	4.62e-06	3.75e-07	0.00e+00	0.00e+00	0.00e+00
 2.63419e+22	2.20e-23	4.08e-10	3.45e-07	2.08e-05	2.67e-04	1.05e-03	5.11e-03	1.40e-01	4.28e-01	3.66e-01	5.64e-02	2.64e-03	1.51e-04	3.74e-06	2.98e-07	0.00e+00	0.00e+00	0.00e+00
 2.66084e+22	2.86e-23	4.87e-10	4.13e-07	2.44e-05	3.06e-04	1.18e-03	5.65e-03	1.48e-01	4.34e-01	3.56e-01	5.24e-02	2.36e-03	1.33e-04	3.20e-06	2.51e-07	0.00e+00	0.00e+00	0.00e+00
 2.68765e+22	3.97e-23	6.03e-10	5.18e-07	2.99e-05	3.66e-04	1.37e-03	6.45e-03	1.59e-01	4.42e-01	3.41e-01	4.74e-02	2.03e-03	1.11e-04	2.59e-06	2.00e-07	0.00e+00	0.00e+00	0.00e+00
 2.71483e+22	5.21e-23	7.26e-10	6.23e-07	3.53e-05	4.21e-04	1.54e-03	7.12e-03	1.69e-01	4.47e-01	3.30e-01	4.38e-02	1.81e-03	9.74e-05	2.20e-06	1.67e-07	0.00e+00	0.00e+00	0.00e+00
 2.74252e+22	7.34e-23	9.10e-10	7.88e-07	4.34e-05	5.04e-04	1.79e-03	8.12e-03	1.81e-01	4.52e-01	3.15e-01	3.94e-02	1.55e-03	8.11e-05	1.77e-06	1.32e-07	0.00e+00	0.00e+00	0.00e+00
 2.76947e+22	9.56e-23	1.09e-09	9.40e-07	5.07e-05	5.73e-04	1.99e-03	8.87e-03	1.90e-01	4.56e-01	3.05e-01	3.65e-02	1.39e-03	7.16e-05	1.52e-06	0.00e+00	0.00e+00	0.00e+00	0.00e+00
 2.79546e+22	1.32e-22	1.35e-09	1.17e-06	6.15e-05	6.77e-04	2.29e-03	1.00e-02	2.03e-01	4.60e-01	2.90e-01	3.29e-02	1.20e-03	6.01e-05	1.23e-06	0.00e+00	0.00e+00	0.00e+00	0.00e+00
 2.82010e+22	1.67e-22	1.59e-09	1.37e-06	7.05e-05	7.59e-04	2.51e-03	1.08e-02	2.11e-01	4.61e-01	2.81e-01	3.07e-02	1.09e-03	5.36e-05	1.07e-06	0.00e+00	0.00e+00	0.00e+00	0.00e+00
 2.84297e+22	2.22e-22	1.93e-09	1.66e-06	8.34e-05	8.73e-04	2.81e-03	1.19e-02	2.22e-01	4.63e-01	2.70e-01	2.81e-02	9.58e-04	4.64e-05	9.04e-07	0.00e+00	0.00e+00	0.00e+00	0.00e+00
 2.86696e+22	2.88e-22	2.31e-09	1.97e-06	9.68e-05	9.89e-04	3.11e-03	1.29e-02	2.32e-01	4.64e-01	2.59e-01	2.59e-02	8.57e-04	4.07e-05	7.74e-07	0.00e+00	0.00e+00	0.00e+00	0.00e+00
 2.88890e+22	3.69e-22	2.73e-09	2.32e-06	1.12e-04	1.11e-03	3.43e-03	1.40e-02	2.42e-01	4.65e-01	2.49e-01	2.39e-02	7.66e-04	3.58e-05	6.64e-07	0.00e+00	0.00e+00	0.00e+00	0.00e+00
 2.91392e+22	5.09e-22	3.41e-09	2.87e-06	1.34e-04	1.30e-03	3.87e-03	1.55e-02	2.55e-01	4.65e-01	2.37e-01	2.16e-02	6.66e-04	3.05e-05	5.47e-07	0.00e+00	0.00e+00	0.00e+00	0.00e+00
 2.93939e+22	6.65e-22	4.10e-09	3.41e-06	1.56e-04	1.47e-03	4.28e-03	1.68e-02	2.66e-01	4.64e-01	2.27e-01	1.98e-02	5.92e-04	2.66e-05	4.66e-07	0.00e+00	0.00e+00	0.00e+00	0.00e+00
 2.96545e+22	9.32e-22	5.19e-09	4.26e-06	1.89e-04	1.72e-03	4.85e-03	1.86e-02	2.79e-01	4.63e-01	2.15e-01	1.77e-02	5.10e-04	2.24e-05	3.80e-07	0.00e+00	0.00e+00	0.00e+00	0.00e+00
 2.99201e+22	1.24e-21	6.31e-09	5.11e-06	2.22e-04	1.95e-03	5.37e-03	2.02e-02	2.90e-01	4.61e-01	2.05e-01	1.62e-02	4.51e-04	1.94e-05	3.21e-07	0.00e+00	0.00e+00	0.00e+00	0.00e+00
 3.01922e+22	1.76e-21	8.09e-09	6.43e-06	2.70e-04	2.29e-03	6.09e-03	2.23e-02	3.04e-01	4.57e-01	1.93e-01	1.44e-02	3.86e-04	1.63e-05	2.60e-07	0.00e+00	0.00e+00	0.00e+00	0.00e+00
 3.04699e+22	2.37e-21	9.95e-09	7.77e-06	3.18e-04	2.62e-03	6.75e-03	2.42e-02	3.16e-01	4.54e-01	1.83e-01	1.31e-02	3.39e-04	1.40e-05	2.17e-07	0.00e+00	0.00e+00	0.00e+00	0.00e+00
 3.07169e+22	3.18e-21	1.22e-08	9.37e-06	3.73e-04	2.97e-03	7.45e-03	2.62e-02	3.27e-01	4.50e-01	1.74e-01	1.19e-02	2.99e-04	1.21e-05	1.83e-07	0.00e+00	0.00e+00	0.00e+00	0.00e+00
 3.10001e+22	4.62e-21	1.59e-08	1.19e-05	4.58e-04	3.50e-03	8.47e-03	2.89e-02	3.42e-01	4.44e-01	1.62e-01	1.04e-02	2.53e-04	9.99e-06	1.46e-07	0.00e+00	0.00e+00	0.00e+00	0.00e+00
 3.12850e+22	6.21e-21	1.96e-08	1.44e-05	5.37e-04	3.98e-03	9.34e-03	3.12e-02	3.54e-01	4.39e-01	1.53e-01	9.43e-03	2.22e-04	8.59e-06	1.22e-07	0.00e+00	0.00e+00	0.00e+00	0.00e+00
 3.15718e+22	9.06e-21	2.57e-08	1.82e-05	6.58e-04	4.67e-03	1.06e-02	3.42e-02	3.68e-01	4.31e-01	1.42e-01	8.29e-03	1.88e-04	7.09e-06	0.00e+00	0.00e+00	0.00e+00	0.00e+00	0.00e+00
 3.18647e+22	1.24e-20	3.21e-08	2.22e-05	7.78e-04	5.33e-03	1.17e-02	3.69e-02	3.80e-01	4.24e-01	1.34e-01	7.43e-03	1.63e-04	6.04e-06	0.00e+00	0.00e+00	0.00e+00	0.00e+00	0.00e+00
 3.21654e+22	1.83e-20	4.24e-08	2.84e-05	9.57e-04	6.26e-03	1.32e-02	4.05e-02	3.94e-01	4.15e-01	1.23e-01	6.48e-03	1.37e-04	4.95e-06	0.00e+00	0.00e+00	0.00e+00	0.00e+00	0.00e+00
 3.24724e+22	2.57e-20	5.37e-08	3.50e-05	1.14e-03	7.19e-03	1.47e-02	4.38e-02	4.06e-01	4.07e-01	1.15e-01	5.73e-03	1.17e-04	4.14e-06	0.00e+00	0.00e+00	0.00e+00	0.00e+00	0.00e+00
 3.27395e+22	3.51e-20	6.71e-08	4.24e-05	1.34e-03	8.15e-03	1.61e-02	4.69e-02	4.16e-01	3.99e-01	1.08e-01	5.14e-03	1.02e-04	3.54e-06	0.00e+00	0.00e+00	0.00e+00	0.00e+00	0.00e+00
 3.30384e+22	5.15e-20	8.84e-08	5.38e-05	1.64e-03	9.51e-03	1.81e-02	5.09e-02	4.28e-01	3.88e-01	9.92e-02	4.47e-03	8.61e-05	2.90e-06	0.00e+00	0.00e+00	0.00e+00	0.00e+00	0.00e+00
 3.33533e+22	7.34e-20	1.14e-07	6.69e-05	1.97e-03	1.09e-02	2.01e-02	5.48e-02	4.39e-01	3.77e-01	9.16e-02	3.92e-03	7.32e-05	2.41e-06	0.00e+00	0.00e+00	0.00e+00	0.00e+00	0.00e+00
 3.36370e+22	1.02e-19	1.43e-07	8.15e-05	2.32e-03	1.24e-02	2.20e-02	5.86e-02	4.49e-01	3.67e-01	8.51e-02	3.48e-03	6.31e-05	2.03e-06	0.00e+00	0.00e+00	0.00e+00	0.00e+00	0.00e+00
 3.39537e+22	1.52e-19	1.92e-07	1.05e-04	2.86e-03	1.45e-02	2.47e-02	6.34e-02	4.60e-01	3.54e-01	7.74e-02	2.98e-03	5.24e-05	1.64e-06	0.00e+00	0.00e+00	0.00e+00	0.00e+00	0.00e+00
 3.42877e+22	2.22e-19	2.51e-07	1.31e-04	3.45e-03	1.67e-02	2.74e-02	6.83e-02	4.69e-01	3.42e-01	7.07e-02	2.58e-03	4.38e-05	1.33e-06	0.00e+00	0.00e+00	0.00e+00	0.00e+00	0.00e+00
 3.45918e+22	3.13e-19	3.21e-07	1.61e-04	4.10e-03	1.91e-02	3.01e-02	7.27e-02	4.77e-01	3.30e-01	6.50e-02	2.26e-03	3.73e-05	1.11e-06	0.00e+00	0.00e+00	0.00e+00	0.00e+00	0.00e+00
 3.48646e+22	4.24e-19	3.98e-07	1.94e-04	4.76e-03	2.13e-02	3.26e-02	7.68e-02	4.83e-01	3.20e-01	6.02e-02	2.00e-03	3.23e-05	9.37e-07	0.00e+00	0.00e+00	0.00e+00	0.00e+00	0.00e+00
 3.51087e+22	5.57e-19	4.83e-07	2.28e-04	5.44e-03	2.35e-02	3.50e-02	8.04e-02	4.87e-01	3.10e-01	5.62e-02	1.80e-03	2.84e-05	8.08e-07	0.00e+00	0.00e+00	0.00e+00	0.00e+00	0.00e+00
 3.53852e+22	7.85e-19	6.18e-07	2.80e-04	6.44e-03	2.67e-02	3.83e-02	8.52e-02	4.92e-01	2.98e-01	5.13e-02	1.56e-03	2.41e-05	6.67e-07	0.00e+00	0.00e+00	0.00e+00	0.00e+00	0.00e+00
 3.56778e+22	1.08e-18	7.74e-07	3.38e-04	7.51e-03	2.99e-02	4.14e-02	8.97e-02	4.96e-01	2.86e-01	4.71e-02	1.37e-03	2.06e-05	5.57e-07	0.00e+00	0.00e+00	0.00e+00	0.00e+00	0.00e+00
 3.59470e+22	1.46e-18	9.60e-07	4.04e-04	8.69e-03	3.33e-02	4.47e-02	9.41e-02	4.99e-01	2.75e-01	4.33e-02	1.21e-03	1.77e-05	4.68e-07	0.00e+00	0.00e+00	0.00e+00	0.00e+00	0.00e+00
 3.62525e+22	2.14e-18	1.26e-06	5.06e-04	1.04e-02	3.80e-02	4.89e-02	9.97e-02	5.02e-01	2.61e-01	3.88e-02	1.02e-03	1.46e-05	3.75e-07	0.00e+00	0.00e+00	0.00e+00	0.00e+00	0.00e+00
 3.65685e+22	3.00e-18	1.60e-06	6.15e-04	1.22e-02	4.26e-02	5.29e-02	1.05e-01	5.03e-01	2.48e-01	3.52e-02	8.85e-04	1.23e-05	3.08e-07	0.00e+00	0.00e+00	0.00e+00	0.00e+00	0.00e+00
 3.68448e+22	4.06e-18	1.98e-06	7.33e-04	1.41e-02	4.72e-02	5.67e-02	1.09e-01	5.02e-01	2.37e-01	3.21e-02	7.73e-04	1.05e-05	2.57e-07	0.00e+00	0.00e+00	0.00e+00	0.00e+00	0.00e+00
 3.71509e+22	5.95e-18	2.59e-06	9.13e-04	1.68e-02	5.35e-02	6.17e-02	1.15e-01	5.01e-01	2.23e-01	2.85e-02	6.49e-04	8.62e-06	2.04e-07	0.00e+00	0.00e+00	0.00e+00	0.00e+00	0.00e+00
 3.74648e+22	8.13e-18	3.23e-06	1.09e-03	1.94e-02	5.91e-02	6.60e-02	1.19e-01	4.98e-01	2.11e-01	2.58e-02	5.63e-04	7.31e-06	1.68e-07	0.00e+00	0.00e+00	0.00e+00	0.00e+00	0.00e+00
 3.77888e+22	1.20e-17	4.25e-06	1.36e-03	2.31e-02	6.69e-02	7.15e-02	1.25e-01	4.93e-01	1.97e-01	2.27e-02	4.68e-04	5.92e-06	1.32e-07	0.00e+00	0.00e+00	0.00e+00	0.00e+00	0.00e+00
 3.81193e+22	1.68e-17	5.37e-06	1.64e-03	2.69e-02	7.42e-02	7.64e-02	1.29e-01	4.87e-01	1.84e-01	2.02e-02	3.97e-04	4.91e-06	0.00e+00	0.00e+00	0.00e+00	0.00e+00	0.00e+00	0.00e+00
 3.84092e+22	2.29e-17	6.66e-06	1.96e-03	3.08e-02	8.14e-02	8.10e-02	1.33e-01	4.80e-01	1.73e-01	1.81e-02	3.40e-04	4.12e-06	0.00e+00	0.00e+00	0.00e+00	0.00e+00	0.00e+00	0.00e+00
 3.87370e+22	3.36e-17	8.70e-06	2.42e-03	3.63e-02	9.11e-02	8.69e-02	1.38e-01	4.70e-01	1.60e-01	1.57e-02	2.80e-04	3.30e-06	0.00e+00	0.00e+00	0.00e+00	0.00e+00	0.00e+00	0.00e+00
 3.90784e+22	4.73e-17	1.10e-05	2.92e-03	4.20e-02	1.00e-01	9.21e-02	1.41e-01	4.59e-01	1.48e-01	1.38e-02	2.34e-04	2.70e-06	0.00e+00	0.00e+00	0.00e+00	0.00e+00	0.00e+00	0.00e+00
 3.93862e+22	6.51e-17	1.37e-05	3.47e-03	4.80e-02	1.10e-01	9.70e-02	1.44e-01	4.48e-01	1.37e-01	1.22e-02	1.97e-04	2.22e-06	0.00e+00	0.00e+00	0.00e+00	0.00e+00	0.00e+00	0.00e+00
 3.97354e+22	9.68e-17	1.80e-05	4.29e-03	5.65e-02	1.22e-01	1.03e-01	1.48e-01	4.32e-01	1.24e-01	1.03e-02	1.58e-04	1.74e-06	0.00e+00	0.00e+00	0.00e+00	0.00e+00	0.00e+00	0.00e+00
 4.00931e+22	1.37e-16	2.27e-05	5.15e-03	6.49e-02	1.33e-01	1.08e-01	1.50e-01	4.17e-01	1.13e-01	8.91e-03	1.29e-04	1.39e-06	0.00e+00	0.00e+00	0.00e+00	0.00e+00	0.00e+00	0.00e+00
 4.04082e+22	1.87e-16	2.81e-05	6.07e-03	7.34e-02	1.44e-01	1.13e-01	1.52e-01	4.02e-01	1.03e-01	7.74e-03	1.07e-04	1.13e-06	0.00e+00	0.00e+00	0.00e+00	0.00e+00	0.00e+00	0.00e+00
 4.07638e+22	2.77e-16	3.66e-05	7.42e-03	8.52e-02	1.57e-01	1.18e-01	1.53e-01	3.82e-01	9.14e-02	6.45e-03	8.45e-05	8.69e-07	0.00e+00	0.00e+00	0.00e+00	0.00e+00	0.00e+00	0.00e+00
 4.11301e+22	3.89e-16	4.58e-05	8.81e-03	9.67e-02	1.69e-01	1.22e-01	1.53e-01	3.63e-01	8.19e-02	5.47e-03	6.81e-05	6.85e-07	0.00e+00	0.00e+00	0.00e+00	0.00e+00	0.00e+00	0.00e+00
 4.14553e+22	5.33e-16	5.64e-05	1.03e-02	1.08e-01	1.80e-01	1.25e-01	1.53e-01	3.45e-01	7.36e-02	4.67e-03	5.55e-05	5.47e-07	0.00e+00	0.00e+00	0.00e+00	0.00e+00	0.00e+00	0.00e+00
 4.18232e+22	7.92e-16	7.30e-05	1.25e-02	1.24e-01	1.95e-01	1.29e-01	1.51e-01	3.21e-01	6.38e-02	3.79e-03	4.25e-05	4.08e-07	0.00e+00	0.00e+00	0.00e+00	0.00e+00	0.00e+00	0.00e+00
 4.21996e+22	1.10e-15	9.02e-05	1.46e-02	1.39e-01	2.06e-01	1.31e-01	1.49e-01	3.00e-01	5.63e-02	3.16e-03	3.38e-05	3.17e-07	0.00e+00	0.00e+00	0.00e+00	0.00e+00	0.00e+00	0.00e+00
 4.25870e+22	1.65e-15	1.17e-04	1.77e-02	1.58e-01	2.20e-01	1.34e-01	1.46e-01	2.74e-01	4.78e-02	2.50e-03	2.52e-05	2.30e-07	0.00e+00	0.00e+00	0.00e+00	0.00e+00	0.00e+00	0.00e+00
 4.29795e+22	2.29e-15	1.44e-04	2.05e-02	1.75e-01	2.31e-01	1.35e-01	1.42e-01	2.54e-01	4.15e-02	2.05e-03	1.97e-05	1.76e-07	0.00e+00	0.00e+00	0.00e+00	0.00e+00	0.00e+00	0.00e+00
 4.33787e+22	3.44e-15	1.86e-04	2.46e-02	1.97e-01	2.43e-01	1.35e-01	1.37e-01	2.28e-01	3.45e-02	1.59e-03	1.43e-05	1.24e-07	0.00e+00	0.00e+00	0.00e+00	0.00e+00	0.00e+00	0.00e+00
 4.37829e+22	4.77e-15	2.27e-04	2.83e-02	2.15e-01	2.52e-01	1.34e-01	1.32e-01	2.07e-01	2.95e-02	1.28e-03	1.10e-05	0.00e+00	0.00e+00	0.00e+00	0.00e+00	0.00e+00	0.00e+00	0.00e+00
 4.41935e+22	7.12e-15	2.89e-04	3.36e-02	2.39e-01	2.61e-01	1.33e-01	1.25e-01	1.83e-01	2.41e-02	9.75e-04	7.88e-06	0.00e+00	0.00e+00	0.00e+00	0.00e+00	0.00e+00	0.00e+00	0.00e+00
 4.46139e+22	9.96e-15	3.53e-04	3.85e-02	2.60e-01	2.67e-01	1.30e-01	1.19e-01	1.64e-01	2.02e-02	7.69e-04	5.91e-06	0.00e+00	0.00e+00	0.00e+00	0.00e+00	0.00e+00	0.00e+00	0.00e+00
 4.49886e+22	1.38e-14	4.27e-04	4.38e-02	2.80e-01	2.72e-01	1.28e-01	1.12e-01	1.47e-01	1.69e-02	6.06e-04	4.44e-06	0.00e+00	0.00e+00	0.00e+00	0.00e+00	0.00e+00	0.00e+00	0.00e+00
 4.54177e+22	2.08e-14	5.40e-04	5.12e-02	3.05e-01	2.76e-01	1.23e-01	1.04e-01	1.26e-01	1.34e-02	4.45e-04	3.07e-06	0.00e+00	0.00e+00	0.00e+00	0.00e+00	0.00e+00	0.00e+00	0.00e+00
 4.58560e+22	2.90e-14	6.51e-04	5.79e-02	3.26e-01	2.77e-01	1.19e-01	9.71e-02	1.11e-01	1.10e-02	3.43e-04	2.25e-06	0.00e+00	0.00e+00	0.00e+00	0.00e+00	0.00e+00	0.00e+00	0.00e+00
 4.62412e+22	4.00e-14	7.77e-04	6.48e-02	3.45e-01	2.78e-01	1.14e-01	9.05e-02	9.76e-02	9.03e-03	2.66e-04	1.67e-06	0.00e+00	0.00e+00	0.00e+00	0.00e+00	0.00e+00	0.00e+00	0.00e+00
 4.66770e+22	6.02e-14	9.66e-04	7.44e-02	3.69e-01	2.76e-01	1.08e-01	8.22e-02	8.23e-02	6.99e-03	1.91e-04	1.13e-06	0.00e+00	0.00e+00	0.00e+00	0.00e+00	0.00e+00	0.00e+00	0.00e+00
 4.71022e+22	8.19e-14	1.13e-03	8.21e-02	3.86e-01	2.73e-01	1.04e-01	7.62e-02	7.20e-02	5.74e-03	1.48e-04	8.40e-07	0.00e+00	0.00e+00	0.00e+00	0.00e+00	0.00e+00	0.00e+00	0.00e+00
 4.74461e+22	1.08e-13	1.31e-03	8.96e-02	4.01e-01	2.70e-01	9.91e-02	7.09e-02	6.37e-02	4.79e-03	1.17e-04	6.41e-07	0.00e+00	0.00e+00	0.00e+00	0.00e+00	0.00e+00	0.00e+00	0.00e+00
 4.78256e+22	1.53e-13	1.55e-03	9.94e-02	4.18e-01	2.65e-01	9.34e-02	6.46e-02	5.44e-02	3.81e-03	8.78e-05	4.57e-07	0.00e+00	0.00e+00	0.00e+00	0.00e+00	0.00e+00	0.00e+00	0.00e+00
 4.82131e+22	2.10e-13	1.79e-03	1.08e-01	4.32e-01	2.59e-01	8.85e-02	5.94e-02	4.74e-02	3.11e-03	6.79e-05	3.40e-07	0.00e+00	0.00e+00	0.00e+00	0.00e+00	0.00e+00	0.00e+00	0.00e+00
 4.85556e+22	2.80e-13	2.05e-03	1.17e-01	4.44e-01	2.54e-01	8.40e-02	5.48e-02	4.15e-02	2.57e-03	5.34e-05	2.58e-07	0.00e+00	0.00e+00	0.00e+00	0.00e+00	0.00e+00	0.00e+00	0.00e+00
 4.89455e+22	4.11e-13	2.42e-03	1.29e-01	4.58e-01	2.46e-01	7.82e-02	4.92e-02	3.49e-02	2.00e-03	3.90e-05	1.80e-07	0.00e+00	0.00e+00	0.00e+00	0.00e+00	0.00e+00	0.00e+00	0.00e+00
 4.93424e+22	5.77e-13	2.78e-03	1.39e-01	4.69e-01	2.38e-01	7.34e-02	4.49e-02	3.01e-02	1.62e-03	2.99e-05	1.32e-07	0.00e+00	0.00e+00	0.00e+00	0.00e+00	0.00e+00	0.00e+00	0.00e+00
 4.97484e+22	8.56e-13	3.27e-03	1.53e-01	4.81e-01	2.29e-01	6.79e-02	4.00e-02	2.51e-02	1.25e-03	2.16e-05	0.00e+00	0.00e+00	0.00e+00	0.00e+00	0.00e+00	0.00e+00	0.00e+00	0.00e+00
 5.01616e+22	1.30e-12	3.77e-03	1.65e-01	4.89e-01	2.20e-01	6.31e-02	3.62e-02	2.13e-02	9.92e-04	1.62e-05	0.00e+00	0.00e+00	0.00e+00	0.00e+00	0.00e+00	0.00e+00	0.00e+00	0.00e+00
 5.04969e+22	1.76e-12	4.20e-03	1.75e-01	4.95e-01	2.13e-01	5.96e-02	3.33e-02	1.87e-02	8.26e-04	1.29e-05	0.00e+00	0.00e+00	0.00e+00	0.00e+00	0.00e+00	0.00e+00	0.00e+00	0.00e+00
 5.08453e+22	2.77e-12	4.81e-03	1.88e-01	5.01e-01	2.04e-01	5.52e-02	2.99e-02	1.58e-02	6.53e-04	9.69e-06	0.00e+00	0.00e+00	0.00e+00	0.00e+00	0.00e+00	0.00e+00	0.00e+00	0.00e+00
 5.12018e+22	3.90e-12	5.37e-03	2.00e-01	5.05e-01	1.96e-01	5.18e-02	2.73e-02	1.38e-02	5.37e-04	7.61e-06	0.00e+00	0.00e+00	0.00e+00	0.00e+00	0.00e+00	0.00e+00	0.00e+00	0.00e+00
 5.15690e+22	6.26e-12	6.16e-03	2.14e-01	5.09e-01	1.87e-01	4.77e-02	2.44e-02	1.16e-02	4.19e-04	5.63e-06	0.00e+00	0.00e+00	0.00e+00	0.00e+00	0.00e+00	0.00e+00	0.00e+00	0.00e+00
 5.19399e+22	1.17e-11	6.88e-03	2.27e-01	5.11e-01	1.78e-01	4.45e-02	2.21e-02	9.96e-03	3.40e-04	4.37e-06	0.00e+00	0.00e+00	0.00e+00	0.00e+00	0.00e+00	0.00e+00	0.00e+00	0.00e+00
 5.22643e+22	1.92e-11	7.65e-03	2.39e-01	5.12e-01	1.71e-01	4.15e-02	2.01e-02	8.62e-03	2.78e-04	3.41e-06	0.00e+00	0.00e+00	0.00e+00	0.00e+00	0.00e+00	0.00e+00	0.00e+00	0.00e+00
 5.26346e+22	3.53e-11	8.71e-03	2.55e-01	5.12e-01	1.61e-01	3.80e-02	1.78e-02	7.17e-03	2.15e-04	2.51e-06	0.00e+00	0.00e+00	0.00e+00	0.00e+00	0.00e+00	0.00e+00	0.00e+00	0.00e+00
 5.30099e+22	7.45e-11	9.69e-03	2.68e-01	5.11e-01	1.53e-01	3.52e-02	1.61e-02	6.14e-03	1.74e-04	1.93e-06	0.00e+00	0.00e+00	0.00e+00	0.00e+00	0.00e+00	0.00e+00	0.00e+00	0.00e+00
 5.33918e+22	2.03e-10	1.10e-02	2.86e-01	5.08e-01	1.44e-01	3.20e-02	1.41e-02	5.07e-03	1.33e-04	1.40e-06	0.00e+00	0.00e+00	0.00e+00	0.00e+00	0.00e+00	0.00e+00	0.00e+00	0.00e+00
 5.37763e+22	1.49e-09	1.23e-02	3.00e-01	5.05e-01	1.36e-01	2.96e-02	1.27e-02	4.32e-03	1.07e-04	1.07e-06	0.00e+00	0.00e+00	0.00e+00	0.00e+00	0.00e+00	0.00e+00	0.00e+00	0.00e+00
 5.41644e+22	6.16e-09	1.39e-02	3.18e-01	5.00e-01	1.27e-01	2.68e-02	1.11e-02	3.54e-03	8.11e-05	7.76e-07	0.00e+00	0.00e+00	0.00e+00	0.00e+00	0.00e+00	0.00e+00	0.00e+00	0.00e+00
 5.45565e+22	3.69e-08	1.54e-02	3.32e-01	4.95e-01	1.19e-01	2.46e-02	9.93e-03	3.00e-03	6.46e-05	5.91e-07	0.00e+00	0.00e+00	0.00e+00	0.00e+00	0.00e+00	0.00e+00	0.00e+00	0.00e+00
 5.49537e+22	1.10e-07	1.74e-02	3.51e-01	4.88e-01	1.11e-01	2.22e-02	8.64e-03	2.44e-03	4.87e-05	4.23e-07	0.00e+00	0.00e+00	0.00e+00	0.00e+00	0.00e+00	0.00e+00	0.00e+00	0.00e+00
 5.53555e+22	1.91e-07	1.93e-02	3.66e-01	4.81e-01	1.04e-01	2.03e-02	7.68e-03	2.06e-03	3.85e-05	3.20e-07	0.00e+00	0.00e+00	0.00e+00	0.00e+00	0.00e+00	0.00e+00	0.00e+00	0.00e+00
 5.57632e+22	2.97e-07	2.17e-02	3.85e-01	4.71e-01	9.56e-02	1.82e-02	6.64e-03	1.66e-03	2.88e-05	2.27e-07	0.00e+00	0.00e+00	0.00e+00	0.00e+00	0.00e+00	0.00e+00	0.00e+00	0.00e+00
 5.61762e+22	4.48e-07	2.40e-02	4.01e-01	4.62e-01	8.91e-02	1.66e-02	5.87e-03	1.39e-03	2.25e-05	1.70e-07	0.00e+00	0.00e+00	0.00e+00	0.00e+00	0.00e+00	0.00e+00	0.00e+00	0.00e+00
 5.65963e+22	6.77e-07	2.70e-02	4.20e-01	4.50e-01	8.15e-02	1.48e-02	5.03e-03	1.12e-03	1.67e-05	0.00e+00	0.00e+00	0.00e+00	0.00e+00	0.00e+00	0.00e+00	0.00e+00	0.00e+00	0.00e+00
 5.70237e+22	9.97e-07	2.98e-02	4.36e-01	4.40e-01	7.55e-02	1.34e-02	4.42e-03	9.26e-04	1.29e-05	0.00e+00	0.00e+00	0.00e+00	0.00e+00	0.00e+00	0.00e+00	0.00e+00	0.00e+00	0.00e+00
 5.74607e+22	1.46e-06	3.35e-02	4.56e-01	4.25e-01	6.85e-02	1.18e-02	3.75e-03	7.34e-04	9.45e-06	0.00e+00	0.00e+00	0.00e+00	0.00e+00	0.00e+00	0.00e+00	0.00e+00	0.00e+00	0.00e+00
 5.79065e+22	2.16e-06	3.69e-02	4.72e-01	4.13e-01	6.30e-02	1.06e-02	3.27e-03	6.03e-04	7.24e-06	0.00e+00	0.00e+00	0.00e+00	0.00e+00	0.00e+00	0.00e+00	0.00e+00	0.00e+00	0.00e+00
 5.82049e+22	2.40e-06	3.86e-02	4.79e-01	4.08e-01	6.04e-02	1.01e-02	3.05e-03	5.47e-04	6.33e-06	0.00e+00	0.00e+00	0.00e+00	0.00e+00	0.00e+00	0.00e+00	0.00e+00	0.00e+00	0.00e+00
 5.84340e+22	3.10e-06	4.10e-02	4.89e-01	4.00e-01	5.73e-02	9.41e-03	2.79e-03	4.84e-04	5.36e-06	0.00e+00	0.00e+00	0.00e+00	0.00e+00	0.00e+00	0.00e+00	0.00e+00	0.00e+00	0.00e+00
 5.86686e+22	3.65e-06	4.30e-02	4.97e-01	3.93e-01	5.47e-02	8.89e-03	2.60e-03	4.37e-04	4.67e-06	0.00e+00	0.00e+00	0.00e+00	0.00e+00	0.00e+00	0.00e+00	0.00e+00	0.00e+00	0.00e+00
 5.89103e+22	4.36e-06	4.55e-02	5.07e-01	3.85e-01	5.18e-02	8.31e-03	2.37e-03	3.86e-04	3.95e-06	0.00e+00	0.00e+00	0.00e+00	0.00e+00	0.00e+00	0.00e+00	0.00e+00	0.00e+00	0.00e+00
 5.91725e+22	5.46e-06	4.82e-02	5.16e-01	3.76e-01	4.90e-02	7.75e-03	2.17e-03	3.41e-04	3.34e-06	0.00e+00	0.00e+00	0.00e+00	0.00e+00	0.00e+00	0.00e+00	0.00e+00	0.00e+00	0.00e+00
 5.93831e+22	6.27e-06	5.00e-02	5.22e-01	3.71e-01	4.71e-02	7.40e-03	2.04e-03	3.14e-04	2.99e-06	0.00e+00	0.00e+00	0.00e+00	0.00e+00	0.00e+00	0.00e+00	0.00e+00	0.00e+00	0.00e+00
 5.95786e+22	7.22e-06	5.25e-02	5.30e-01	3.63e-01	4.49e-02	6.97e-03	1.89e-03	2.82e-04	2.59e-06	0.00e+00	0.00e+00	0.00e+00	0.00e+00	0.00e+00	0.00e+00	0.00e+00	0.00e+00	0.00e+00
 5.98327e+22	8.44e-06	5.58e-02	5.40e-01	3.53e-01	4.21e-02	6.45e-03	1.71e-03	2.46e-04	2.15e-06	0.00e+00	0.00e+00	0.00e+00	0.00e+00	0.00e+00	0.00e+00	0.00e+00	0.00e+00	0.00e+00
 6.01631e+22	1.03e-05	6.06e-02	5.54e-01	3.39e-01	3.86e-02	5.81e-03	1.49e-03	2.04e-04	1.68e-06	0.00e+00	0.00e+00	0.00e+00	0.00e+00	0.00e+00	0.00e+00	0.00e+00	0.00e+00	0.00e+00
 6.04963e+22	1.18e-05	6.43e-02	5.63e-01	3.30e-01	3.61e-02	5.36e-03	1.34e-03	1.78e-04	1.39e-06	0.00e+00	0.00e+00	0.00e+00	0.00e+00	0.00e+00	0.00e+00	0.00e+00	0.00e+00	0.00e+00
 6.08334e+22	1.42e-05	6.97e-02	5.76e-01	3.15e-01	3.30e-02	4.80e-03	1.17e-03	1.47e-04	1.08e-06	0.00e+00	0.00e+00	0.00e+00	0.00e+00	0.00e+00	0.00e+00	0.00e+00	0.00e+00	0.00e+00
 6.11717e+22	1.61e-05	7.40e-02	5.85e-01	3.05e-01	3.07e-02	4.41e-03	1.04e-03	1.27e-04	8.92e-07	0.00e+00	0.00e+00	0.00e+00	0.00e+00	0.00e+00	0.00e+00	0.00e+00	0.00e+00	0.00e+00
 6.15118e+22	1.87e-05	7.97e-02	5.96e-01	2.91e-01	2.81e-02	3.96e-03	9.09e-04	1.06e-04	6.99e-07	0.00e+00	0.00e+00	0.00e+00	0.00e+00	0.00e+00	0.00e+00	0.00e+00	0.00e+00	0.00e+00
 6.18606e+22	2.13e-05	8.50e-02	6.05e-01	2.79e-01	2.59e-02	3.60e-03	8.06e-04	9.09e-05	5.68e-07	0.00e+00	0.00e+00	0.00e+00	0.00e+00	0.00e+00	0.00e+00	0.00e+00	0.00e+00	0.00e+00
 6.22209e+22	2.49e-05	9.20e-02	6.17e-01	2.64e-01	2.34e-02	3.19e-03	6.89e-04	7.45e-05	4.35e-07	0.00e+00	0.00e+00	0.00e+00	0.00e+00	0.00e+00	0.00e+00	0.00e+00	0.00e+00	0.00e+00
 6.25772e+22	2.81e-05	9.80e-02	6.25e-01	2.52e-01	2.16e-02	2.90e-03	6.10e-04	6.37e-05	3.53e-07	0.00e+00	0.00e+00	0.00e+00	0.00e+00	0.00e+00	0.00e+00	0.00e+00	0.00e+00	0.00e+00
 6.29285e+22	3.24e-05	1.06e-01	6.35e-01	2.37e-01	1.95e-02	2.57e-03	5.22e-04	5.25e-05	2.73e-07	0.00e+00	0.00e+00	0.00e+00	0.00e+00	0.00e+00	0.00e+00	0.00e+00	0.00e+00	0.00e+00
 6.32818e+22	3.65e-05	1.13e-01	6.42e-01	2.24e-01	1.79e-02	2.31e-03	4.58e-04	4.47e-05	2.20e-07	0.00e+00	0.00e+00	0.00e+00	0.00e+00	0.00e+00	0.00e+00	0.00e+00	0.00e+00	0.00e+00
 6.36377e+22	4.19e-05	1.21e-01	6.51e-01	2.09e-01	1.61e-02	2.04e-03	3.89e-04	3.67e-05	1.69e-07	0.00e+00	0.00e+00	0.00e+00	0.00e+00	0.00e+00	0.00e+00	0.00e+00	0.00e+00	0.00e+00
 6.39931e+22	4.70e-05	1.29e-01	6.57e-01	1.96e-01	1.47e-02	1.82e-03	3.40e-04	3.11e-05	1.36e-07	0.00e+00	0.00e+00	0.00e+00	0.00e+00	0.00e+00	0.00e+00	0.00e+00	0.00e+00	0.00e+00
 6.43480e+22	5.39e-05	1.39e-01	6.65e-01	1.81e-01	1.32e-02	1.59e-03	2.86e-04	2.54e-05	0.00e+00	0.00e+00	0.00e+00	0.00e+00	0.00e+00	0.00e+00	0.00e+00	0.00e+00	0.00e+00	0.00e+00
 6.46968e+22	6.01e-05	1.48e-01	6.69e-01	1.69e-01	1.21e-02	1.43e-03	2.49e-04	2.16e-05	0.00e+00	0.00e+00	0.00e+00	0.00e+00	0.00e+00	0.00e+00	0.00e+00	0.00e+00	0.00e+00	0.00e+00
 6.50379e+22	6.87e-05	1.60e-01	6.74e-01	1.54e-01	1.08e-02	1.24e-03	2.08e-04	1.77e-05	0.00e+00	0.00e+00	0.00e+00	0.00e+00	0.00e+00	0.00e+00	0.00e+00	0.00e+00	0.00e+00	0.00e+00
 6.53719e+22	7.60e-05	1.69e-01	6.77e-01	1.43e-01	9.95e-03	1.11e-03	1.81e-04	1.51e-05	0.00e+00	0.00e+00	0.00e+00	0.00e+00	0.00e+00	0.00e+00	0.00e+00	0.00e+00	0.00e+00	0.00e+00
 6.56967e+22	8.64e-05	1.82e-01	6.79e-01	1.30e-01	8.93e-03	9.63e-04	1.51e-04	1.24e-05	0.00e+00	0.00e+00	0.00e+00	0.00e+00	0.00e+00	0.00e+00	0.00e+00	0.00e+00	0.00e+00	0.00e+00
 6.60169e+22	9.53e-05	1.92e-01	6.79e-01	1.20e-01	8.19e-03	8.60e-04	1.31e-04	1.06e-05	0.00e+00	0.00e+00	0.00e+00	0.00e+00	0.00e+00	0.00e+00	0.00e+00	0.00e+00	0.00e+00	0.00e+00
 6.63311e+22	1.08e-04	2.05e-01	6.79e-01	1.08e-01	7.35e-03	7.44e-04	1.09e-04	8.70e-06	0.00e+00	0.00e+00	0.00e+00	0.00e+00	0.00e+00	0.00e+00	0.00e+00	0.00e+00	0.00e+00	0.00e+00
 6.66417e+22	1.19e-04	2.17e-01	6.77e-01	9.86e-02	6.74e-03	6.63e-04	9.34e-05	7.45e-06	0.00e+00	0.00e+00	0.00e+00	0.00e+00	0.00e+00	0.00e+00	0.00e+00	0.00e+00	0.00e+00	0.00e+00
 6.69063e+22	1.31e-04	2.28e-01	6.74e-01	9.01e-02	6.18e-03	5.89e-04	8.02e-05	6.38e-06	0.00e+00	0.00e+00	0.00e+00	0.00e+00	0.00e+00	0.00e+00	0.00e+00	0.00e+00	0.00e+00	0.00e+00
 6.71678e+22	1.43e-04	2.40e-01	6.71e-01	8.26e-02	5.68e-03	5.27e-04	6.91e-05	5.50e-06	0.00e+00	0.00e+00	0.00e+00	0.00e+00	0.00e+00	0.00e+00	0.00e+00	0.00e+00	0.00e+00	0.00e+00
 6.74664e+22	1.60e-04	2.55e-01	6.65e-01	7.36e-02	5.09e-03	4.55e-04	5.68e-05	4.53e-06	0.00e+00	0.00e+00	0.00e+00	0.00e+00	0.00e+00	0.00e+00	0.00e+00	0.00e+00	0.00e+00	0.00e+00
 6.77648e+22	1.76e-04	2.69e-01	6.59e-01	6.65e-02	4.63e-03	4.01e-04	4.80e-05	3.85e-06	0.00e+00	0.00e+00	0.00e+00	0.00e+00	0.00e+00	0.00e+00	0.00e+00	0.00e+00	0.00e+00	0.00e+00
 6.80161e+22	1.92e-04	2.81e-01	6.53e-01	6.06e-02	4.25e-03	3.58e-04	4.10e-05	3.32e-06	0.00e+00	0.00e+00	0.00e+00	0.00e+00	0.00e+00	0.00e+00	0.00e+00	0.00e+00	0.00e+00	0.00e+00
 6.82960e+22	2.13e-04	2.98e-01	6.44e-01	5.38e-02	3.79e-03	3.09e-04	3.35e-05	2.75e-06	0.00e+00	0.00e+00	0.00e+00	0.00e+00	0.00e+00	0.00e+00	0.00e+00	0.00e+00	0.00e+00	0.00e+00
 6.85807e+22	2.34e-04	3.13e-01	6.35e-01	4.83e-02	3.43e-03	2.71e-04	2.79e-05	2.33e-06	0.00e+00	0.00e+00	0.00e+00	0.00e+00	0.00e+00	0.00e+00	0.00e+00	0.00e+00	0.00e+00	0.00e+00
 6.88234e+22	2.54e-04	3.27e-01	6.26e-01	4.36e-02	3.12e-03	2.40e-04	2.35e-05	1.99e-06	0.00e+00	0.00e+00	0.00e+00	0.00e+00	0.00e+00	0.00e+00	0.00e+00	0.00e+00	0.00e+00	0.00e+00
 6.90907e+22	2.82e-04	3.45e-01	6.14e-01	3.83e-02	2.75e-03	2.06e-04	1.88e-05	1.64e-06	0.00e+00	0.00e+00	0.00e+00	0.00e+00	0.00e+00	0.00e+00	0.00e+00	0.00e+00	0.00e+00	0.00e+00
 6.93628e+22	3.07e-04	3.61e-01	6.02e-01	3.40e-02	2.46e-03	1.79e-04	1.54e-05	1.38e-06	0.00e+00	0.00e+00	0.00e+00	0.00e+00	0.00e+00	0.00e+00	0.00e+00	0.00e+00	0.00e+00	0.00e+00
 6.95919e+22	3.33e-04	3.76e-01	5.91e-01	3.04e-02	2.20e-03	1.57e-04	1.27e-05	1.17e-06	0.00e+00	0.00e+00	0.00e+00	0.00e+00	0.00e+00	0.00e+00	0.00e+00	0.00e+00	0.00e+00	0.00e+00
 6.98407e+22	3.66e-04	3.96e-01	5.75e-01	2.64e-02	1.91e-03	1.33e-04	9.98e-06	9.50e-07	0.00e+00	0.00e+00	0.00e+00	0.00e+00	0.00e+00	0.00e+00	0.00e+00	0.00e+00	0.00e+00	0.00e+00
 7.00976e+22	3.99e-04	4.15e-01	5.60e-01	2.29e-02	1.66e-03	1.13e-04	7.84e-06	7.77e-07	0.00e+00	0.00e+00	0.00e+00	0.00e+00	0.00e+00	0.00e+00	0.00e+00	0.00e+00	0.00e+00	0.00e+00
 7.03102e+22	4.29e-04	4.32e-01	5.46e-01	2.01e-02	1.46e-03	9.71e-05	6.33e-06	6.49e-07	0.00e+00	0.00e+00	0.00e+00	0.00e+00	0.00e+00	0.00e+00	0.00e+00	0.00e+00	0.00e+00	0.00e+00
 7.04988e+22	4.60e-04	4.49e-01	5.32e-01	1.77e-02	1.28e-03	8.35e-05	5.10e-06	5.43e-07	0.00e+00	0.00e+00	0.00e+00	0.00e+00	0.00e+00	0.00e+00	0.00e+00	0.00e+00	0.00e+00	0.00e+00
 7.06819e+22	4.92e-04	4.67e-01	5.16e-01	1.54e-02	1.11e-03	7.13e-05	4.07e-06	4.51e-07	0.00e+00	0.00e+00	0.00e+00	0.00e+00	0.00e+00	0.00e+00	0.00e+00	0.00e+00	0.00e+00	0.00e+00
 7.08609e+22	5.25e-04	4.85e-01	5.00e-01	1.33e-02	9.50e-04	6.01e-05	3.21e-06	3.71e-07	0.00e+00	0.00e+00	0.00e+00	0.00e+00	0.00e+00	0.00e+00	0.00e+00	0.00e+00	0.00e+00	0.00e+00
 7.10310e+22	5.59e-04	5.04e-01	4.83e-01	1.14e-02	8.07e-04	5.03e-05	2.52e-06	3.03e-07	0.00e+00	0.00e+00	0.00e+00	0.00e+00	0.00e+00	0.00e+00	0.00e+00	0.00e+00	0.00e+00	0.00e+00
 7.11891e+22	5.92e-04	5.23e-01	4.66e-01	9.67e-03	6.82e-04	4.19e-05	1.97e-06	2.48e-07	0.00e+00	0.00e+00	0.00e+00	0.00e+00	0.00e+00	0.00e+00	0.00e+00	0.00e+00	0.00e+00	0.00e+00
 7.13365e+22	6.27e-04	5.43e-01	4.48e-01	8.17e-03	5.71e-04	3.46e-05	1.53e-06	2.01e-07	0.00e+00	0.00e+00	0.00e+00	0.00e+00	0.00e+00	0.00e+00	0.00e+00	0.00e+00	0.00e+00	0.00e+00
 7.14749e+22	6.61e-04	5.63e-01	4.29e-01	6.86e-03	4.74e-04	2.83e-05	1.19e-06	1.62e-07	0.00e+00	0.00e+00	0.00e+00	0.00e+00	0.00e+00	0.00e+00	0.00e+00	0.00e+00	0.00e+00	0.00e+00
 7.16051e+22	6.88e-04	5.82e-01	4.11e-01	5.75e-03	3.93e-04	2.32e-05	9.31e-07	1.31e-07	0.00e+00	0.00e+00	0.00e+00	0.00e+00	0.00e+00	0.00e+00	0.00e+00	0.00e+00	0.00e+00	0.00e+00
 7.17293e+22	7.20e-04	6.03e-01	3.91e-01	4.76e-03	3.20e-04	1.86e-05	7.18e-07	0.00e+00	0.00e+00	0.00e+00	0.00e+00	0.00e+00	0.00e+00	0.00e+00	0.00e+00	0.00e+00	0.00e+00	0.00e+00
 7.18436e+22	7.51e-04	6.23e-01	3.72e-01	3.93e-03	2.60e-04	1.49e-05	5.57e-07	0.00e+00	0.00e+00	0.00e+00	0.00e+00	0.00e+00	0.00e+00	0.00e+00	0.00e+00	0.00e+00	0.00e+00	0.00e+00
 7.19413e+22	7.77e-04	6.41e-01	3.55e-01	3.29e-03	2.15e-04	1.22e-05	4.43e-07	0.00e+00	0.00e+00	0.00e+00	0.00e+00	0.00e+00	0.00e+00	0.00e+00	0.00e+00	0.00e+00	0.00e+00	0.00e+00
 7.20260e+22	7.99e-04	6.58e-01	3.39e-01	2.79e-03	1.79e-04	1.01e-05	3.60e-07	0.00e+00	0.00e+00	0.00e+00	0.00e+00	0.00e+00	0.00e+00	0.00e+00	0.00e+00	0.00e+00	0.00e+00	0.00e+00
 7.21039e+22	8.17e-04	6.73e-01	3.24e-01	2.38e-03	1.51e-04	8.36e-06	2.96e-07	0.00e+00	0.00e+00	0.00e+00	0.00e+00	0.00e+00	0.00e+00	0.00e+00	0.00e+00	0.00e+00	0.00e+00	0.00e+00
 7.21779e+22	8.35e-04	6.88e-01	3.09e-01	2.03e-03	1.26e-04	6.94e-06	2.44e-07	0.00e+00	0.00e+00	0.00e+00	0.00e+00	0.00e+00	0.00e+00	0.00e+00	0.00e+00	0.00e+00	0.00e+00	0.00e+00
 7.22469e+22	8.51e-04	7.02e-01	2.96e-01	1.74e-03	1.06e-04	5.78e-06	2.03e-07	0.00e+00	0.00e+00	0.00e+00	0.00e+00	0.00e+00	0.00e+00	0.00e+00	0.00e+00	0.00e+00	0.00e+00	0.00e+00
 7.23098e+22	8.65e-04	7.14e-01	2.83e-01	1.50e-03	9.06e-05	4.88e-06	1.71e-07	0.00e+00	0.00e+00	0.00e+00	0.00e+00	0.00e+00	0.00e+00	0.00e+00	0.00e+00	0.00e+00	0.00e+00	0.00e+00
 7.23676e+22	8.76e-04	7.25e-01	2.72e-01	1.31e-03	7.79e-05	4.16e-06	1.47e-07	0.00e+00	0.00e+00	0.00e+00	0.00e+00	0.00e+00	0.00e+00	0.00e+00	0.00e+00	0.00e+00	0.00e+00	0.00e+00
 7.24223e+22	8.85e-04	7.35e-01	2.63e-01	1.15e-03	6.75e-05	3.57e-06	1.27e-07	0.00e+00	0.00e+00	0.00e+00	0.00e+00	0.00e+00	0.00e+00	0.00e+00	0.00e+00	0.00e+00	0.00e+00	0.00e+00
 7.24749e+22	8.90e-04	7.44e-01	2.54e-01	1.02e-03	5.90e-05	3.09e-06	1.10e-07	0.00e+00	0.00e+00	0.00e+00	0.00e+00	0.00e+00	0.00e+00	0.00e+00	0.00e+00	0.00e+00	0.00e+00	0.00e+00
 7.25259e+22	8.96e-04	7.52e-01	2.46e-01	9.03e-04	5.19e-05	2.70e-06	0.00e+00	0.00e+00	0.00e+00	0.00e+00	0.00e+00	0.00e+00	0.00e+00	0.00e+00	0.00e+00	0.00e+00	0.00e+00	0.00e+00
 7.25752e+22	8.99e-04	7.59e-01	2.39e-01	8.08e-04	4.60e-05	2.37e-06	0.00e+00	0.00e+00	0.00e+00	0.00e+00	0.00e+00	0.00e+00	0.00e+00	0.00e+00	0.00e+00	0.00e+00	0.00e+00	0.00e+00
 7.26211e+22	9.00e-04	7.65e-01	2.34e-01	7.31e-04	4.14e-05	2.12e-06	0.00e+00	0.00e+00	0.00e+00	0.00e+00	0.00e+00	0.00e+00	0.00e+00	0.00e+00	0.00e+00	0.00e+00	0.00e+00	0.00e+00
 7.26622e+22	9.00e-04	7.69e-01	2.29e-01	6.72e-04	3.78e-05	1.93e-06	0.00e+00	0.00e+00	0.00e+00	0.00e+00	0.00e+00	0.00e+00	0.00e+00	0.00e+00	0.00e+00	0.00e+00	0.00e+00	0.00e+00
 7.26993e+22	9.00e-04	7.73e-01	2.26e-01	6.24e-04	3.50e-05	1.78e-06	0.00e+00	0.00e+00	0.00e+00	0.00e+00	0.00e+00	0.00e+00	0.00e+00	0.00e+00	0.00e+00	0.00e+00	0.00e+00	0.00e+00
 7.27350e+22	8.97e-04	7.75e-01	2.23e-01	5.84e-04	3.27e-05	1.66e-06	0.00e+00	0.00e+00	0.00e+00	0.00e+00	0.00e+00	0.00e+00	0.00e+00	0.00e+00	0.00e+00	0.00e+00	0.00e+00	0.00e+00
 7.27699e+22	8.94e-04	7.77e-01	2.21e-01	5.50e-04	3.08e-05	1.55e-06	0.00e+00	0.00e+00	0.00e+00	0.00e+00	0.00e+00	0.00e+00	0.00e+00	0.00e+00	0.00e+00	0.00e+00	0.00e+00	0.00e+00
