#depth	C	C+	C+2	C+3	C+4	C+5	C+6	C[1]	C[2]	C[3]	C+[1]	C+[2]	CO
 4.62852e+21	0.00e+00	2.91e-25	4.68e-19	8.71e-14	1.92e-08	2.36e-04	1.00e+00	0.00e+00	0.00e+00	0.00e+00	0.00e+00	0.00e+00	1.46e-108
 1.05423e+22	1.38e-32	1.78e-24	2.04e-18	2.69e-13	4.03e-08	3.37e-04	1.00e+00	0.00e+00	0.00e+00	0.00e+00	0.00e+00	0.00e+00	1.05e-107
 1.27038e+22	5.89e-32	6.05e-24	5.49e-18	5.79e-13	6.66e-08	4.28e-04	1.00e+00	0.00e+00	0.00e+00	0.00e+00	0.00e+00	0.00e+00	6.87e-94
 1.42809e+22	1.85e-31	1.58e-23	1.20e-17	1.07e-12	9.94e-08	5.18e-04	9.99e-01	0.00e+00	0.00e+00	0.00e+00	0.00e+00	0.00e+00	2.44e-90
 1.51570e+22	2.48e-31	2.02e-23	1.47e-17	1.24e-12	1.10e-07	5.43e-04	9.99e-01	0.00e+00	0.00e+00	0.00e+00	0.00e+00	0.00e+00	6.18e-88
 1.54828e+22	3.18e-31	2.49e-23	1.74e-17	1.42e-12	1.20e-07	5.66e-04	9.99e-01	0.00e+00	0.00e+00	0.00e+00	0.00e+00	0.00e+00	1.25e-89
 1.57820e+22	4.04e-31	3.05e-23	2.05e-17	1.61e-12	1.30e-07	5.89e-04	9.99e-01	0.00e+00	0.00e+00	0.00e+00	0.00e+00	0.00e+00	3.04e-88
 1.61240e+22	5.42e-31	3.91e-23	2.51e-17	1.89e-12	1.45e-07	6.19e-04	9.99e-01	0.00e+00	0.00e+00	0.00e+00	0.00e+00	0.00e+00	5.49e-86
 1.64784e+22	7.13e-31	4.91e-23	3.02e-17	2.18e-12	1.59e-07	6.48e-04	9.99e-01	0.00e+00	0.00e+00	0.00e+00	0.00e+00	0.00e+00	3.46e-86
 1.67839e+22	9.14e-31	6.05e-23	3.58e-17	2.49e-12	1.73e-07	6.75e-04	9.99e-01	0.00e+00	0.00e+00	0.00e+00	0.00e+00	0.00e+00	2.16e-85
 1.70696e+22	1.15e-30	7.37e-23	4.20e-17	2.82e-12	1.88e-07	7.02e-04	9.99e-01	0.00e+00	0.00e+00	0.00e+00	0.00e+00	0.00e+00	4.00e-85
 1.73390e+22	1.42e-30	8.78e-23	4.85e-17	3.15e-12	2.03e-07	7.26e-04	9.99e-01	0.00e+00	0.00e+00	0.00e+00	0.00e+00	0.00e+00	3.60e-85
 1.76336e+22	1.85e-30	1.09e-22	5.80e-17	3.62e-12	2.22e-07	7.58e-04	9.99e-01	0.00e+00	0.00e+00	0.00e+00	0.00e+00	0.00e+00	3.88e-85
 1.79380e+22	2.32e-30	1.33e-22	6.78e-17	4.09e-12	2.40e-07	7.88e-04	9.99e-01	0.00e+00	0.00e+00	0.00e+00	0.00e+00	0.00e+00	1.88e-85
 1.82083e+22	2.89e-30	1.60e-22	7.88e-17	4.59e-12	2.60e-07	8.17e-04	9.99e-01	0.00e+00	0.00e+00	0.00e+00	0.00e+00	0.00e+00	1.04e-84
 1.85130e+22	3.76e-30	1.99e-22	9.44e-17	5.30e-12	2.85e-07	8.53e-04	9.99e-01	0.00e+00	0.00e+00	0.00e+00	0.00e+00	0.00e+00	1.15e-84
 1.88315e+22	4.82e-30	2.45e-22	1.12e-16	6.03e-12	3.10e-07	8.90e-04	9.99e-01	0.00e+00	0.00e+00	0.00e+00	0.00e+00	0.00e+00	2.69e-84
 1.91028e+22	5.99e-30	2.94e-22	1.29e-16	6.76e-12	3.35e-07	9.22e-04	9.99e-01	0.00e+00	0.00e+00	0.00e+00	0.00e+00	0.00e+00	2.99e-83
 1.93903e+22	7.69e-30	3.63e-22	1.54e-16	7.73e-12	3.66e-07	9.61e-04	9.99e-01	0.00e+00	0.00e+00	0.00e+00	0.00e+00	0.00e+00	6.00e-83
 1.96957e+22	9.75e-30	4.43e-22	1.81e-16	8.76e-12	3.97e-07	1.00e-03	9.99e-01	0.00e+00	0.00e+00	0.00e+00	0.00e+00	0.00e+00	9.21e-83
 1.99705e+22	1.21e-29	5.33e-22	2.10e-16	9.84e-12	4.29e-07	1.04e-03	9.99e-01	0.00e+00	0.00e+00	0.00e+00	0.00e+00	0.00e+00	2.12e-82
 2.02185e+22	1.48e-29	6.29e-22	2.40e-16	1.09e-11	4.60e-07	1.07e-03	9.99e-01	0.00e+00	0.00e+00	0.00e+00	0.00e+00	0.00e+00	3.17e-82
 2.04499e+22	1.78e-29	7.35e-22	2.72e-16	1.21e-11	4.91e-07	1.11e-03	9.99e-01	0.00e+00	0.00e+00	0.00e+00	0.00e+00	0.00e+00	5.17e-82
 2.07153e+22	2.23e-29	8.87e-22	3.18e-16	1.36e-11	5.31e-07	1.15e-03	9.99e-01	0.00e+00	0.00e+00	0.00e+00	0.00e+00	0.00e+00	8.70e-82
 2.10001e+22	2.78e-29	1.07e-21	3.70e-16	1.53e-11	5.74e-07	1.19e-03	9.99e-01	0.00e+00	0.00e+00	0.00e+00	0.00e+00	0.00e+00	7.68e-82
 2.12563e+22	3.42e-29	1.27e-21	4.25e-16	1.70e-11	6.17e-07	1.23e-03	9.99e-01	0.00e+00	0.00e+00	0.00e+00	0.00e+00	0.00e+00	1.79e-81
 2.15353e+22	4.35e-29	1.56e-21	5.02e-16	1.94e-11	6.72e-07	1.28e-03	9.99e-01	0.00e+00	0.00e+00	0.00e+00	0.00e+00	0.00e+00	1.48e-81
 2.18188e+22	5.41e-29	1.87e-21	5.81e-16	2.17e-11	7.25e-07	1.33e-03	9.99e-01	0.00e+00	0.00e+00	0.00e+00	0.00e+00	0.00e+00	1.74e-80
 2.20554e+22	6.54e-29	2.19e-21	6.60e-16	2.40e-11	7.74e-07	1.38e-03	9.99e-01	0.00e+00	0.00e+00	0.00e+00	0.00e+00	0.00e+00	2.77e-80
 2.23107e+22	8.14e-29	2.63e-21	7.67e-16	2.69e-11	8.37e-07	1.43e-03	9.99e-01	0.00e+00	0.00e+00	0.00e+00	0.00e+00	0.00e+00	4.78e-80
 2.25865e+22	1.01e-28	3.14e-21	8.87e-16	3.01e-11	9.02e-07	1.48e-03	9.99e-01	0.00e+00	0.00e+00	0.00e+00	0.00e+00	0.00e+00	8.13e-80
 2.28422e+22	1.24e-28	3.74e-21	1.02e-15	3.36e-11	9.70e-07	1.53e-03	9.98e-01	0.00e+00	0.00e+00	0.00e+00	0.00e+00	0.00e+00	1.36e-79
 2.30892e+22	1.51e-28	4.42e-21	1.17e-15	3.73e-11	1.04e-06	1.58e-03	9.98e-01	0.00e+00	0.00e+00	0.00e+00	0.00e+00	0.00e+00	2.23e-79
 2.33266e+22	1.83e-28	5.17e-21	1.33e-15	4.12e-11	1.11e-06	1.63e-03	9.98e-01	0.00e+00	0.00e+00	0.00e+00	0.00e+00	0.00e+00	3.55e-79
 2.35901e+22	2.28e-28	6.23e-21	1.54e-15	4.64e-11	1.20e-06	1.70e-03	9.98e-01	0.00e+00	0.00e+00	0.00e+00	0.00e+00	0.00e+00	6.19e-79
 2.38663e+22	2.83e-28	7.44e-21	1.78e-15	5.18e-11	1.30e-06	1.76e-03	9.98e-01	0.00e+00	0.00e+00	0.00e+00	0.00e+00	0.00e+00	1.05e-78
 2.41083e+22	3.43e-28	8.75e-21	2.03e-15	5.73e-11	1.39e-06	1.82e-03	9.98e-01	0.00e+00	0.00e+00	0.00e+00	0.00e+00	0.00e+00	1.71e-78
 2.43720e+22	4.30e-28	1.06e-20	2.37e-15	6.47e-11	1.50e-06	1.89e-03	9.98e-01	0.00e+00	0.00e+00	0.00e+00	0.00e+00	0.00e+00	2.79e-78
 2.46530e+22	5.36e-28	1.27e-20	2.75e-15	7.24e-11	1.62e-06	1.96e-03	9.98e-01	0.00e+00	0.00e+00	0.00e+00	0.00e+00	0.00e+00	5.18e-78
 2.48945e+22	6.48e-28	1.49e-20	3.12e-15	7.98e-11	1.73e-06	2.03e-03	9.98e-01	0.00e+00	0.00e+00	0.00e+00	0.00e+00	0.00e+00	8.31e-78
 2.51120e+22	7.68e-28	1.71e-20	3.50e-15	8.73e-11	1.84e-06	2.09e-03	9.98e-01	0.00e+00	0.00e+00	0.00e+00	0.00e+00	0.00e+00	1.27e-77
 2.53606e+22	9.51e-28	2.05e-20	4.04e-15	9.76e-11	1.99e-06	2.17e-03	9.98e-01	0.00e+00	0.00e+00	0.00e+00	0.00e+00	0.00e+00	2.16e-77
 2.56272e+22	1.18e-27	2.45e-20	4.65e-15	1.09e-10	2.14e-06	2.25e-03	9.98e-01	0.00e+00	0.00e+00	0.00e+00	0.00e+00	0.00e+00	3.72e-77
 2.58657e+22	1.42e-27	2.85e-20	5.27e-15	1.20e-10	2.28e-06	2.32e-03	9.98e-01	0.00e+00	0.00e+00	0.00e+00	0.00e+00	0.00e+00	5.87e-77
 2.61243e+22	1.77e-27	3.43e-20	6.12e-15	1.35e-10	2.47e-06	2.41e-03	9.98e-01	0.00e+00	0.00e+00	0.00e+00	0.00e+00	0.00e+00	1.03e-76
 2.63888e+22	2.18e-27	4.07e-20	7.00e-15	1.49e-10	2.65e-06	2.50e-03	9.97e-01	0.00e+00	0.00e+00	0.00e+00	0.00e+00	0.00e+00	1.71e-76
 2.66135e+22	2.61e-27	4.72e-20	7.88e-15	1.63e-10	2.82e-06	2.58e-03	9.97e-01	0.00e+00	0.00e+00	0.00e+00	0.00e+00	0.00e+00	2.68e-76
 2.68582e+22	3.22e-27	5.63e-20	9.08e-15	1.82e-10	3.04e-06	2.67e-03	9.97e-01	0.00e+00	0.00e+00	0.00e+00	0.00e+00	0.00e+00	4.59e-76
 2.71197e+22	3.97e-27	6.68e-20	1.04e-14	2.02e-10	3.27e-06	2.77e-03	9.97e-01	0.00e+00	0.00e+00	0.00e+00	0.00e+00	0.00e+00	7.71e-76
 2.73579e+22	4.81e-27	7.82e-20	1.18e-14	2.22e-10	3.49e-06	2.87e-03	9.97e-01	0.00e+00	0.00e+00	0.00e+00	0.00e+00	0.00e+00	1.25e-75
 2.76221e+22	6.10e-27	9.51e-20	1.38e-14	2.50e-10	3.79e-06	2.99e-03	9.97e-01	0.00e+00	0.00e+00	0.00e+00	0.00e+00	0.00e+00	2.28e-75
 2.78817e+22	7.41e-27	1.11e-19	1.56e-14	2.75e-10	4.04e-06	3.10e-03	9.97e-01	0.00e+00	0.00e+00	0.00e+00	0.00e+00	0.00e+00	3.71e-75
 2.80960e+22	8.77e-27	1.28e-19	1.75e-14	2.99e-10	4.29e-06	3.19e-03	9.97e-01	0.00e+00	0.00e+00	0.00e+00	0.00e+00	0.00e+00	5.68e-75
 2.83349e+22	1.09e-26	1.53e-19	2.01e-14	3.32e-10	4.62e-06	3.32e-03	9.97e-01	0.00e+00	0.00e+00	0.00e+00	0.00e+00	0.00e+00	9.88e-75
 2.85850e+22	1.33e-26	1.80e-19	2.27e-14	3.64e-10	4.93e-06	3.43e-03	9.97e-01	0.00e+00	0.00e+00	0.00e+00	0.00e+00	0.00e+00	1.62e-74
 2.88127e+22	1.60e-26	2.09e-19	2.57e-14	3.99e-10	5.26e-06	3.55e-03	9.96e-01	0.00e+00	0.00e+00	0.00e+00	0.00e+00	0.00e+00	2.61e-74
 2.90716e+22	2.02e-26	2.53e-19	2.98e-14	4.46e-10	5.69e-06	3.70e-03	9.96e-01	0.00e+00	0.00e+00	0.00e+00	0.00e+00	0.00e+00	4.74e-74
 2.93291e+22	2.48e-26	2.98e-19	3.38e-14	4.90e-10	6.09e-06	3.84e-03	9.96e-01	0.00e+00	0.00e+00	0.00e+00	0.00e+00	0.00e+00	7.91e-74
 2.95380e+22	2.96e-26	3.44e-19	3.78e-14	5.30e-10	6.45e-06	3.97e-03	9.96e-01	0.00e+00	0.00e+00	0.00e+00	0.00e+00	0.00e+00	1.24e-73
 2.97630e+22	3.62e-26	4.06e-19	4.29e-14	5.83e-10	6.90e-06	4.11e-03	9.96e-01	0.00e+00	0.00e+00	0.00e+00	0.00e+00	0.00e+00	2.09e-73
 3.00056e+22	4.45e-26	4.78e-19	4.87e-14	6.38e-10	7.37e-06	4.27e-03	9.96e-01	0.00e+00	0.00e+00	0.00e+00	0.00e+00	0.00e+00	3.54e-73
 3.02251e+22	5.32e-26	5.52e-19	5.45e-14	6.93e-10	7.83e-06	4.41e-03	9.96e-01	0.00e+00	0.00e+00	0.00e+00	0.00e+00	0.00e+00	5.59e-73
 3.04644e+22	6.68e-26	6.63e-19	6.27e-14	7.67e-10	8.43e-06	4.60e-03	9.95e-01	0.00e+00	0.00e+00	0.00e+00	0.00e+00	0.00e+00	1.01e-72
 3.07020e+22	8.05e-26	7.70e-19	7.02e-14	8.32e-10	8.95e-06	4.76e-03	9.95e-01	0.00e+00	0.00e+00	0.00e+00	0.00e+00	0.00e+00	1.63e-72
 3.09011e+22	9.59e-26	8.86e-19	7.81e-14	8.96e-10	9.47e-06	4.92e-03	9.95e-01	0.00e+00	0.00e+00	0.00e+00	0.00e+00	0.00e+00	2.56e-72
 3.11237e+22	1.19e-25	1.05e-18	8.89e-14	9.83e-10	1.01e-05	5.12e-03	9.95e-01	0.00e+00	0.00e+00	0.00e+00	0.00e+00	0.00e+00	4.48e-72
 3.13537e+22	1.43e-25	1.22e-18	9.94e-14	1.06e-09	1.08e-05	5.30e-03	9.95e-01	0.00e+00	0.00e+00	0.00e+00	0.00e+00	0.00e+00	7.23e-72
 3.15616e+22	1.72e-25	1.41e-18	1.11e-13	1.15e-09	1.14e-05	5.49e-03	9.94e-01	0.00e+00	0.00e+00	0.00e+00	0.00e+00	0.00e+00	1.18e-71
 3.17677e+22	2.07e-25	1.63e-18	1.24e-13	1.24e-09	1.21e-05	5.68e-03	9.94e-01	0.00e+00	0.00e+00	0.00e+00	0.00e+00	0.00e+00	1.91e-71
 3.19661e+22	2.47e-25	1.87e-18	1.37e-13	1.33e-09	1.28e-05	5.87e-03	9.94e-01	0.00e+00	0.00e+00	0.00e+00	0.00e+00	0.00e+00	3.01e-71
 3.21874e+22	3.07e-25	2.23e-18	1.57e-13	1.46e-09	1.37e-05	6.12e-03	9.94e-01	0.00e+00	0.00e+00	0.00e+00	0.00e+00	0.00e+00	5.37e-71
 3.24100e+22	3.70e-25	2.58e-18	1.74e-13	1.57e-09	1.45e-05	6.34e-03	9.94e-01	0.00e+00	0.00e+00	0.00e+00	0.00e+00	0.00e+00	8.75e-71
 3.26010e+22	4.39e-25	2.95e-18	1.93e-13	1.68e-09	1.53e-05	6.55e-03	9.93e-01	0.00e+00	0.00e+00	0.00e+00	0.00e+00	0.00e+00	1.37e-70
 3.28156e+22	5.43e-25	3.49e-18	2.18e-13	1.83e-09	1.63e-05	6.82e-03	9.93e-01	0.00e+00	0.00e+00	0.00e+00	0.00e+00	0.00e+00	2.42e-70
 3.30376e+22	6.57e-25	4.05e-18	2.44e-13	1.96e-09	1.73e-05	7.07e-03	9.93e-01	0.00e+00	0.00e+00	0.00e+00	0.00e+00	0.00e+00	4.02e-70
 3.32344e+22	7.85e-25	4.65e-18	2.70e-13	2.11e-09	1.83e-05	7.32e-03	9.93e-01	0.00e+00	0.00e+00	0.00e+00	0.00e+00	0.00e+00	6.44e-70
 3.34238e+22	9.38e-25	5.34e-18	2.99e-13	2.25e-09	1.93e-05	7.57e-03	9.92e-01	0.00e+00	0.00e+00	0.00e+00	0.00e+00	0.00e+00	1.04e-69
 3.36098e+22	1.11e-24	6.10e-18	3.29e-13	2.40e-09	2.03e-05	7.82e-03	9.92e-01	0.00e+00	0.00e+00	0.00e+00	0.00e+00	0.00e+00	1.63e-69
 3.38223e+22	1.38e-24	7.21e-18	3.73e-13	2.61e-09	2.17e-05	8.15e-03	9.92e-01	0.00e+00	0.00e+00	0.00e+00	0.00e+00	0.00e+00	2.91e-69
 3.40380e+22	1.66e-24	8.35e-18	4.14e-13	2.79e-09	2.29e-05	8.46e-03	9.92e-01	0.00e+00	0.00e+00	0.00e+00	0.00e+00	0.00e+00	4.85e-69
 3.42221e+22	1.97e-24	9.52e-18	4.56e-13	2.97e-09	2.41e-05	8.74e-03	9.91e-01	0.00e+00	0.00e+00	0.00e+00	0.00e+00	0.00e+00	7.60e-69
 3.44259e+22	2.43e-24	1.12e-17	5.14e-13	3.21e-09	2.57e-05	9.10e-03	9.91e-01	0.00e+00	0.00e+00	0.00e+00	0.00e+00	0.00e+00	1.35e-68
 3.46383e+22	2.94e-24	1.30e-17	5.71e-13	3.44e-09	2.72e-05	9.44e-03	9.91e-01	0.00e+00	0.00e+00	0.00e+00	0.00e+00	0.00e+00	2.25e-68
 3.48290e+22	3.52e-24	1.49e-17	6.32e-13	3.67e-09	2.87e-05	9.77e-03	9.90e-01	0.00e+00	0.00e+00	0.00e+00	0.00e+00	0.00e+00	3.67e-68
 3.50145e+22	4.20e-24	1.71e-17	6.97e-13	3.91e-09	3.03e-05	1.01e-02	9.90e-01	0.00e+00	0.00e+00	0.00e+00	0.00e+00	0.00e+00	5.95e-68
 3.52259e+22	5.24e-24	2.03e-17	7.89e-13	4.23e-09	3.24e-05	1.06e-02	9.89e-01	0.00e+00	0.00e+00	0.00e+00	0.00e+00	0.00e+00	1.09e-67
 3.54433e+22	6.42e-24	2.37e-17	8.82e-13	4.52e-09	3.44e-05	1.10e-02	9.89e-01	0.00e+00	0.00e+00	0.00e+00	0.00e+00	0.00e+00	1.90e-67
 3.56313e+22	7.66e-24	2.72e-17	9.74e-13	4.82e-09	3.63e-05	1.14e-02	9.89e-01	0.00e+00	0.00e+00	0.00e+00	0.00e+00	0.00e+00	3.09e-67
 3.58387e+22	9.54e-24	3.22e-17	1.10e-12	5.21e-09	3.88e-05	1.19e-02	9.88e-01	0.00e+00	0.00e+00	0.00e+00	0.00e+00	0.00e+00	5.63e-67
 3.60468e+22	1.14e-23	3.70e-17	1.22e-12	5.55e-09	4.09e-05	1.23e-02	9.88e-01	0.00e+00	0.00e+00	0.00e+00	0.00e+00	0.00e+00	9.22e-67
 3.62262e+22	1.37e-23	4.25e-17	1.34e-12	5.89e-09	4.32e-05	1.27e-02	9.87e-01	0.00e+00	0.00e+00	0.00e+00	0.00e+00	0.00e+00	1.53e-66
 3.64005e+22	1.62e-23	4.84e-17	1.48e-12	6.25e-09	4.54e-05	1.32e-02	9.87e-01	0.00e+00	0.00e+00	0.00e+00	4.84e-17	5.33e-26	2.44e-66
 3.65645e+22	1.90e-23	5.47e-17	1.61e-12	6.59e-09	4.76e-05	1.36e-02	9.86e-01	0.00e+00	0.00e+00	0.00e+00	5.47e-17	6.62e-24	3.77e-66
 3.67196e+22	2.24e-23	6.19e-17	1.76e-12	6.94e-09	4.99e-05	1.40e-02	9.86e-01	0.00e+00	0.00e+00	0.00e+00	6.19e-17	7.49e-24	5.95e-66
 3.68706e+22	2.60e-23	6.95e-17	1.91e-12	7.30e-09	5.22e-05	1.44e-02	9.86e-01	0.00e+00	0.00e+00	0.00e+00	6.95e-17	8.41e-24	9.01e-66
 3.70121e+22	3.00e-23	7.75e-17	2.06e-12	7.64e-09	5.44e-05	1.48e-02	9.85e-01	0.00e+00	0.00e+00	0.00e+00	7.75e-17	9.39e-24	1.35e-65
 3.71443e+22	3.45e-23	8.62e-17	2.22e-12	7.99e-09	5.67e-05	1.52e-02	9.85e-01	0.00e+00	0.00e+00	0.00e+00	8.62e-17	1.04e-23	1.98e-65
 3.72933e+22	4.09e-23	9.83e-17	2.44e-12	8.45e-09	5.97e-05	1.57e-02	9.84e-01	0.00e+00	0.00e+00	0.00e+00	9.83e-17	1.19e-23	3.20e-65
 3.74393e+22	1.92e-27	1.09e-16	2.63e-12	8.84e-09	6.21e-05	1.61e-02	9.84e-01	0.00e+00	0.00e+00	0.00e+00	1.09e-16	1.32e-23	1.32e-65
 3.75602e+22	2.20e-27	1.21e-16	2.82e-12	9.21e-09	6.46e-05	1.65e-02	9.83e-01	0.00e+00	0.00e+00	0.00e+00	1.21e-16	1.46e-23	1.30e-65
 3.76965e+22	2.66e-27	1.37e-16	3.09e-12	9.71e-09	6.78e-05	1.71e-02	9.83e-01	0.00e+00	0.00e+00	0.00e+00	1.37e-16	1.66e-23	2.05e-65
 3.78290e+22	3.10e-27	1.52e-16	3.31e-12	1.01e-08	7.04e-05	1.75e-02	9.82e-01	0.00e+00	0.00e+00	0.00e+00	1.52e-16	1.84e-23	2.93e-65
 3.79378e+22	3.57e-27	1.67e-16	3.54e-12	1.05e-08	7.30e-05	1.79e-02	9.82e-01	0.00e+00	0.00e+00	0.00e+00	1.67e-16	2.02e-23	4.11e-65
 3.80602e+22	4.25e-27	1.87e-16	3.85e-12	1.10e-08	7.64e-05	1.84e-02	9.82e-01	0.00e+00	0.00e+00	0.00e+00	1.87e-16	2.27e-23	6.22e-65
 3.81867e+22	5.00e-27	2.08e-16	4.15e-12	1.15e-08	7.95e-05	1.89e-02	9.81e-01	0.00e+00	0.00e+00	0.00e+00	2.08e-16	2.53e-23	9.14e-65
 3.82972e+22	5.76e-27	2.29e-16	4.44e-12	1.20e-08	8.25e-05	1.94e-02	9.81e-01	0.00e+00	0.00e+00	0.00e+00	2.29e-16	2.78e-23	1.28e-64
 3.84194e+22	6.90e-27	2.59e-16	4.85e-12	1.26e-08	8.65e-05	1.99e-02	9.80e-01	0.00e+00	0.00e+00	0.00e+00	2.59e-16	3.15e-23	1.98e-64
 3.85387e+22	7.95e-27	2.85e-16	5.19e-12	1.31e-08	8.97e-05	2.04e-02	9.80e-01	0.00e+00	0.00e+00	0.00e+00	2.85e-16	3.46e-23	2.77e-64
 3.86383e+22	9.17e-27	3.15e-16	5.56e-12	1.36e-08	9.31e-05	2.09e-02	9.79e-01	0.00e+00	0.00e+00	0.00e+00	3.15e-16	3.82e-23	3.93e-64
 3.87359e+22	1.05e-26	3.45e-16	5.94e-12	1.42e-08	9.64e-05	2.13e-02	9.79e-01	0.00e+00	0.00e+00	0.00e+00	3.45e-16	4.19e-23	5.41e-64
 3.88469e+22	1.25e-26	3.90e-16	6.48e-12	1.49e-08	1.01e-04	2.19e-02	9.78e-01	0.00e+00	0.00e+00	0.00e+00	3.90e-16	4.74e-23	8.34e-64
 3.89594e+22	1.46e-26	4.35e-16	6.99e-12	1.55e-08	1.05e-04	2.25e-02	9.77e-01	0.00e+00	0.00e+00	0.00e+00	4.35e-16	5.28e-23	1.21e-63
 3.90566e+22	1.67e-26	4.78e-16	7.49e-12	1.62e-08	1.09e-04	2.30e-02	9.77e-01	0.00e+00	0.00e+00	0.00e+00	4.78e-16	5.80e-23	1.68e-63
 3.91654e+22	2.02e-26	5.47e-16	8.24e-12	1.71e-08	1.14e-04	2.37e-02	9.76e-01	0.00e+00	0.00e+00	0.00e+00	5.47e-16	6.65e-23	2.69e-63
 3.92748e+22	2.35e-26	6.09e-16	8.89e-12	1.78e-08	1.19e-04	2.42e-02	9.76e-01	0.00e+00	0.00e+00	0.00e+00	6.09e-16	7.39e-23	3.86e-63
 3.93850e+22	2.85e-26	7.01e-16	9.84e-12	1.89e-08	1.25e-04	2.50e-02	9.75e-01	0.00e+00	0.00e+00	0.00e+00	7.01e-16	8.52e-23	6.23e-63
 3.94970e+22	3.35e-26	7.87e-16	1.07e-11	1.98e-08	1.31e-04	2.56e-02	9.74e-01	0.00e+00	0.00e+00	0.00e+00	7.87e-16	9.57e-23	9.22e-63
 3.95932e+22	3.90e-26	8.79e-16	1.16e-11	2.08e-08	1.36e-04	2.62e-02	9.74e-01	0.00e+00	0.00e+00	0.00e+00	8.79e-16	1.07e-22	1.33e-62
 3.97002e+22	4.80e-26	1.02e-15	1.29e-11	2.21e-08	1.44e-04	2.71e-02	9.73e-01	0.00e+00	0.00e+00	0.00e+00	1.02e-15	1.24e-22	2.20e-62
 3.98070e+22	5.64e-26	1.15e-15	1.41e-11	2.33e-08	1.50e-04	2.77e-02	9.72e-01	0.00e+00	0.00e+00	0.00e+00	1.15e-15	1.40e-22	3.26e-62
 3.98980e+22	6.61e-26	1.30e-15	1.53e-11	2.45e-08	1.57e-04	2.84e-02	9.71e-01	0.00e+00	0.00e+00	0.00e+00	1.30e-15	1.58e-22	4.78e-62
 4.00008e+22	8.20e-26	1.53e-15	1.73e-11	2.62e-08	1.66e-04	2.93e-02	9.71e-01	0.00e+00	0.00e+00	0.00e+00	1.53e-15	1.86e-22	8.10e-62
 4.01016e+22	9.55e-26	1.71e-15	1.88e-11	2.76e-08	1.73e-04	3.00e-02	9.70e-01	0.00e+00	0.00e+00	0.00e+00	1.71e-15	2.08e-22	1.17e-61
 4.01998e+22	1.19e-25	2.03e-15	2.13e-11	2.97e-08	1.84e-04	3.10e-02	9.69e-01	0.00e+00	0.00e+00	0.00e+00	2.03e-15	2.47e-22	1.99e-61
 4.02982e+22	1.39e-25	2.29e-15	2.33e-11	3.14e-08	1.92e-04	3.17e-02	9.68e-01	0.00e+00	0.00e+00	0.00e+00	2.29e-15	2.79e-22	2.91e-61
 4.03970e+22	1.76e-25	2.74e-15	2.66e-11	3.40e-08	2.04e-04	3.28e-02	9.67e-01	0.00e+00	0.00e+00	0.00e+00	2.74e-15	3.34e-22	5.09e-61
 4.04963e+22	2.09e-25	3.13e-15	2.94e-11	3.62e-08	2.14e-04	3.36e-02	9.66e-01	0.00e+00	0.00e+00	0.00e+00	3.13e-15	3.82e-22	7.64e-61
 4.05962e+22	2.64e-25	3.77e-15	3.38e-11	3.94e-08	2.28e-04	3.47e-02	9.65e-01	0.00e+00	0.00e+00	0.00e+00	3.77e-15	4.60e-22	1.34e-60
 4.06952e+22	3.16e-25	4.34e-15	3.76e-11	4.21e-08	2.39e-04	3.56e-02	9.64e-01	0.00e+00	0.00e+00	0.00e+00	4.34e-15	5.30e-22	2.04e-60
 4.07928e+22	4.03e-25	5.26e-15	4.34e-11	4.60e-08	2.55e-04	3.68e-02	9.63e-01	0.00e+00	0.00e+00	0.00e+00	5.26e-15	6.42e-22	3.58e-60
 4.08921e+22	4.90e-25	6.13e-15	4.87e-11	4.95e-08	2.68e-04	3.77e-02	9.62e-01	0.00e+00	0.00e+00	0.00e+00	6.13e-15	7.49e-22	5.63e-60
 4.09933e+22	6.34e-25	7.55e-15	5.70e-11	5.47e-08	2.87e-04	3.91e-02	9.61e-01	0.00e+00	0.00e+00	0.00e+00	7.55e-15	9.22e-22	1.03e-59
 4.10960e+22	7.82e-25	8.91e-15	6.47e-11	5.93e-08	3.03e-04	4.02e-02	9.60e-01	0.00e+00	0.00e+00	0.00e+00	8.91e-15	1.09e-21	1.65e-59
 4.12004e+22	1.03e-24	1.11e-14	7.67e-11	6.61e-08	3.26e-04	4.16e-02	9.58e-01	0.00e+00	0.00e+00	0.00e+00	1.11e-14	1.36e-21	3.11e-59
 4.13053e+22	1.28e-24	1.32e-14	8.75e-11	7.19e-08	3.45e-04	4.28e-02	9.57e-01	0.00e+00	0.00e+00	0.00e+00	1.32e-14	1.62e-21	5.05e-59
 4.14108e+22	1.70e-24	1.67e-14	1.05e-10	8.07e-08	3.72e-04	4.44e-02	9.55e-01	0.00e+00	0.00e+00	0.00e+00	1.67e-14	2.04e-21	9.62e-59
 4.15137e+22	2.08e-24	1.96e-14	1.19e-10	8.76e-08	3.93e-04	4.56e-02	9.54e-01	0.00e+00	0.00e+00	0.00e+00	1.96e-14	2.40e-21	1.51e-58
 4.16133e+22	2.75e-24	2.46e-14	1.41e-10	9.80e-08	4.22e-04	4.72e-02	9.52e-01	0.00e+00	0.00e+00	0.00e+00	2.46e-14	3.01e-21	2.81e-58
 4.17138e+22	3.36e-24	2.89e-14	1.60e-10	1.06e-07	4.45e-04	4.85e-02	9.51e-01	0.00e+00	0.00e+00	0.00e+00	2.89e-14	3.54e-21	4.40e-58
 4.18155e+22	4.43e-24	3.61e-14	1.90e-10	1.19e-07	4.78e-04	5.02e-02	9.49e-01	0.00e+00	0.00e+00	0.00e+00	3.61e-14	4.43e-21	8.07e-58
 4.19197e+22	5.50e-24	4.31e-14	2.18e-10	1.30e-07	5.06e-04	5.16e-02	9.48e-01	0.00e+00	0.00e+00	0.00e+00	4.31e-14	5.28e-21	1.30e-57
 4.20271e+22	7.35e-24	5.45e-14	2.61e-10	1.47e-07	5.45e-04	5.35e-02	9.46e-01	0.00e+00	0.00e+00	0.00e+00	5.45e-14	6.68e-21	2.45e-57
 4.21363e+22	9.12e-24	6.49e-14	2.99e-10	1.61e-07	5.77e-04	5.50e-02	9.44e-01	0.00e+00	0.00e+00	0.00e+00	6.49e-14	7.95e-21	3.92e-57
 4.22478e+22	1.22e-23	8.21e-14	3.60e-10	1.82e-07	6.23e-04	5.70e-02	9.42e-01	0.00e+00	0.00e+00	0.00e+00	8.21e-14	1.01e-20	7.35e-57
 4.23622e+22	1.53e-23	9.82e-14	4.14e-10	2.00e-07	6.61e-04	5.87e-02	9.41e-01	0.00e+00	0.00e+00	0.00e+00	9.82e-14	1.21e-20	1.19e-56
 4.24804e+22	2.05e-23	1.25e-13	4.98e-10	2.26e-07	7.14e-04	6.09e-02	9.38e-01	0.00e+00	0.00e+00	0.00e+00	1.25e-13	1.53e-20	2.24e-56
 4.26007e+22	2.57e-23	1.50e-13	5.75e-10	2.49e-07	7.58e-04	6.27e-02	9.37e-01	0.00e+00	0.00e+00	0.00e+00	1.50e-13	1.84e-20	3.66e-56
 4.27238e+22	3.45e-23	1.90e-13	6.93e-10	2.82e-07	8.19e-04	6.50e-02	9.34e-01	0.00e+00	0.00e+00	0.00e+00	1.90e-13	2.33e-20	6.87e-56
 4.28478e+22	4.30e-23	2.27e-13	7.97e-10	3.11e-07	8.69e-04	6.69e-02	9.32e-01	0.00e+00	0.00e+00	0.00e+00	2.27e-13	2.79e-20	1.11e-55
 4.29728e+22	5.76e-23	2.87e-13	9.58e-10	3.52e-07	9.39e-04	6.94e-02	9.30e-01	0.00e+00	0.00e+00	0.00e+00	2.87e-13	3.53e-20	2.06e-55
 4.30939e+22	6.98e-23	3.35e-13	1.08e-09	3.82e-07	9.88e-04	7.11e-02	9.28e-01	0.00e+00	0.00e+00	0.00e+00	3.35e-13	4.12e-20	3.09e-55
 4.32097e+22	9.05e-23	4.12e-13	1.27e-09	4.27e-07	1.06e-03	7.35e-02	9.25e-01	0.00e+00	0.00e+00	0.00e+00	4.12e-13	5.08e-20	5.37e-55
 4.33286e+22	1.11e-22	4.84e-13	1.45e-09	4.65e-07	1.12e-03	7.54e-02	9.23e-01	0.00e+00	0.00e+00	0.00e+00	4.84e-13	5.96e-20	8.20e-55
 4.34514e+22	1.45e-22	6.01e-13	1.71e-09	5.22e-07	1.20e-03	7.81e-02	9.21e-01	0.00e+00	0.00e+00	0.00e+00	6.01e-13	7.41e-20	1.45e-54
 4.35757e+22	1.76e-22	7.02e-13	1.94e-09	5.68e-07	1.27e-03	8.00e-02	9.19e-01	0.00e+00	0.00e+00	0.00e+00	7.02e-13	8.65e-20	2.19e-54
 4.37021e+22	2.29e-22	8.63e-13	2.28e-09	6.36e-07	1.36e-03	8.28e-02	9.16e-01	0.00e+00	0.00e+00	0.00e+00	8.63e-13	1.07e-19	3.78e-54
 4.38274e+22	2.78e-22	1.01e-12	2.58e-09	6.91e-07	1.43e-03	8.48e-02	9.14e-01	0.00e+00	0.00e+00	0.00e+00	1.01e-12	1.24e-19	5.68e-54
 4.39514e+22	3.60e-22	1.24e-12	3.03e-09	7.72e-07	1.53e-03	8.76e-02	9.11e-01	0.00e+00	0.00e+00	0.00e+00	1.24e-12	1.53e-19	9.71e-54
 4.40767e+22	4.33e-22	1.43e-12	3.40e-09	8.36e-07	1.61e-03	8.97e-02	9.09e-01	0.00e+00	0.00e+00	0.00e+00	1.43e-12	1.77e-19	1.43e-53
 4.42036e+22	5.59e-22	1.75e-12	3.98e-09	9.33e-07	1.73e-03	9.27e-02	9.06e-01	0.00e+00	0.00e+00	0.00e+00	1.75e-12	2.16e-19	2.42e-53
 4.43329e+22	6.76e-22	2.03e-12	4.48e-09	1.01e-06	1.82e-03	9.50e-02	9.03e-01	0.00e+00	0.00e+00	0.00e+00	2.03e-12	2.51e-19	3.58e-53
 4.44654e+22	8.73e-22	2.48e-12	5.26e-09	1.13e-06	1.95e-03	9.81e-02	9.00e-01	0.00e+00	0.00e+00	0.00e+00	2.48e-12	3.07e-19	6.08e-53
 4.46002e+22	3.20e-23	2.88e-12	5.92e-09	1.23e-06	2.06e-03	1.01e-01	8.97e-01	0.00e+00	0.00e+00	0.00e+00	2.88e-12	3.57e-19	8.71e-53
 4.47383e+22	3.79e-23	3.53e-12	6.96e-09	1.37e-06	2.21e-03	1.04e-01	8.94e-01	0.00e+00	0.00e+00	0.00e+00	3.53e-12	4.38e-19	1.54e-52
 4.48789e+22	4.62e-23	4.11e-12	7.85e-09	1.50e-06	2.33e-03	1.07e-01	8.91e-01	0.00e+00	0.00e+00	0.00e+00	4.11e-12	5.10e-19	2.30e-52
 4.50229e+22	6.04e-23	5.04e-12	9.23e-09	1.67e-06	2.50e-03	1.10e-01	8.87e-01	0.00e+00	0.00e+00	0.00e+00	5.04e-12	6.26e-19	3.93e-52
 4.51636e+22	7.22e-23	5.75e-12	1.03e-08	1.80e-06	2.62e-03	1.13e-01	8.85e-01	0.00e+00	0.00e+00	0.00e+00	5.75e-12	7.15e-19	5.60e-52
 4.53001e+22	9.35e-23	6.99e-12	1.20e-08	2.01e-06	2.80e-03	1.16e-01	8.81e-01	0.00e+00	0.00e+00	0.00e+00	6.99e-12	8.69e-19	9.31e-52
 4.54387e+22	1.12e-22	7.98e-12	1.33e-08	2.17e-06	2.94e-03	1.19e-01	8.78e-01	0.00e+00	0.00e+00	0.00e+00	7.98e-12	9.93e-19	1.33e-51
 4.55801e+22	1.44e-22	9.62e-12	1.55e-08	2.41e-06	3.14e-03	1.22e-01	8.74e-01	0.00e+00	0.00e+00	0.00e+00	9.62e-12	1.20e-18	2.17e-51
 4.57260e+22	1.77e-22	1.12e-11	1.74e-08	2.62e-06	3.31e-03	1.26e-01	8.71e-01	0.00e+00	0.00e+00	0.00e+00	1.12e-11	1.39e-18	3.23e-51
 4.58776e+22	2.27e-22	1.35e-11	2.02e-08	2.91e-06	3.54e-03	1.29e-01	8.67e-01	0.00e+00	0.00e+00	0.00e+00	1.35e-11	1.68e-18	5.28e-51
 4.60341e+22	2.83e-22	1.58e-11	2.29e-08	3.18e-06	3.75e-03	1.33e-01	8.63e-01	0.00e+00	0.00e+00	0.00e+00	1.58e-11	1.97e-18	8.01e-51
 4.61971e+22	3.68e-22	1.91e-11	2.67e-08	3.54e-06	4.01e-03	1.37e-01	8.59e-01	0.00e+00	0.00e+00	0.00e+00	1.91e-11	2.39e-18	1.34e-50
 4.63646e+22	4.66e-22	2.25e-11	3.04e-08	3.89e-06	4.25e-03	1.41e-01	8.55e-01	0.00e+00	0.00e+00	0.00e+00	2.25e-11	2.81e-18	2.05e-50
 4.65379e+22	6.15e-22	2.74e-11	3.56e-08	4.35e-06	4.57e-03	1.45e-01	8.50e-01	0.00e+00	0.00e+00	0.00e+00	2.74e-11	3.43e-18	3.48e-50
 4.67170e+22	7.88e-22	3.24e-11	4.08e-08	4.79e-06	4.86e-03	1.50e-01	8.46e-01	0.00e+00	0.00e+00	0.00e+00	3.24e-11	4.06e-18	5.45e-50
 4.69036e+22	1.06e-21	3.98e-11	4.81e-08	5.39e-06	5.24e-03	1.55e-01	8.40e-01	0.00e+00	0.00e+00	0.00e+00	3.98e-11	5.00e-18	9.47e-50
 4.70950e+22	1.37e-21	4.74e-11	5.53e-08	5.96e-06	5.58e-03	1.59e-01	8.35e-01	0.00e+00	0.00e+00	0.00e+00	4.74e-11	5.96e-18	1.50e-49
 4.72670e+22	1.74e-21	5.58e-11	6.30e-08	6.54e-06	5.92e-03	1.63e-01	8.31e-01	0.00e+00	0.00e+00	0.00e+00	5.58e-11	7.02e-18	2.33e-49
 4.74645e+22	2.44e-21	7.00e-11	7.56e-08	7.45e-06	6.42e-03	1.70e-01	8.24e-01	0.00e+00	0.00e+00	0.00e+00	7.00e-11	8.83e-18	4.24e-49
 4.76632e+22	3.11e-21	8.22e-11	8.60e-08	8.17e-06	6.81e-03	1.74e-01	8.19e-01	0.00e+00	0.00e+00	0.00e+00	8.22e-11	1.04e-17	6.54e-49
 4.78636e+22	4.32e-21	1.03e-10	1.03e-07	9.28e-06	7.38e-03	1.80e-01	8.12e-01	0.00e+00	0.00e+00	0.00e+00	1.03e-10	1.30e-17	1.17e-48
 4.80681e+22	5.71e-21	1.23e-10	1.18e-07	1.03e-05	7.87e-03	1.86e-01	8.06e-01	0.00e+00	0.00e+00	0.00e+00	1.23e-10	1.55e-17	1.88e-48
 4.82782e+22	8.05e-21	1.54e-10	1.42e-07	1.17e-05	8.55e-03	1.92e-01	7.99e-01	0.00e+00	0.00e+00	0.00e+00	1.54e-10	1.96e-17	3.44e-48
 4.84916e+22	1.08e-20	1.85e-10	1.65e-07	1.30e-05	9.14e-03	1.98e-01	7.93e-01	0.00e+00	0.00e+00	0.00e+00	1.85e-10	2.36e-17	5.60e-48
 4.87092e+22	1.55e-20	2.37e-10	2.01e-07	1.50e-05	9.98e-03	2.06e-01	7.84e-01	0.00e+00	0.00e+00	0.00e+00	2.37e-10	3.02e-17	1.06e-47
 4.89149e+22	1.98e-20	2.77e-10	2.28e-07	1.64e-05	1.06e-02	2.11e-01	7.78e-01	0.00e+00	0.00e+00	0.00e+00	2.77e-10	3.54e-17	1.60e-47
 4.91051e+22	2.76e-20	3.45e-10	2.72e-07	1.86e-05	1.14e-02	2.18e-01	7.70e-01	0.00e+00	0.00e+00	0.00e+00	3.45e-10	4.41e-17	2.82e-47
 4.92968e+22	3.53e-20	4.04e-10	3.09e-07	2.04e-05	1.21e-02	2.24e-01	7.64e-01	0.00e+00	0.00e+00	0.00e+00	4.04e-10	5.18e-17	4.28e-47
 4.94907e+22	4.97e-20	5.07e-10	3.71e-07	2.32e-05	1.31e-02	2.31e-01	7.56e-01	0.00e+00	0.00e+00	0.00e+00	5.07e-10	6.52e-17	7.64e-47
 4.96864e+22	6.46e-20	6.02e-10	4.25e-07	2.56e-05	1.39e-02	2.37e-01	7.49e-01	0.00e+00	0.00e+00	0.00e+00	6.02e-10	7.74e-17	1.18e-46
 4.98844e+22	9.10e-20	7.59e-10	5.12e-07	2.92e-05	1.51e-02	2.46e-01	7.39e-01	0.00e+00	0.00e+00	0.00e+00	7.59e-10	9.80e-17	2.13e-46
 5.00851e+22	1.19e-19	9.06e-10	5.91e-07	3.23e-05	1.61e-02	2.52e-01	7.32e-01	0.00e+00	0.00e+00	0.00e+00	9.06e-10	1.17e-16	3.35e-46
 5.02893e+22	1.70e-19	1.16e-09	7.19e-07	3.71e-05	1.75e-02	2.61e-01	7.21e-01	0.00e+00	0.00e+00	0.00e+00	1.16e-09	1.50e-16	6.17e-46
 5.04961e+22	2.25e-19	1.39e-09	8.33e-07	4.12e-05	1.87e-02	2.68e-01	7.13e-01	0.00e+00	0.00e+00	0.00e+00	1.39e-09	1.81e-16	9.79e-46
 5.07066e+22	3.23e-19	1.79e-09	1.02e-06	4.76e-05	2.05e-02	2.78e-01	7.01e-01	0.00e+00	0.00e+00	0.00e+00	1.79e-09	2.33e-16	1.82e-45
 5.09214e+22	4.33e-19	2.19e-09	1.20e-06	5.35e-05	2.19e-02	2.86e-01	6.92e-01	0.00e+00	0.00e+00	0.00e+00	2.19e-09	2.86e-16	2.99e-45
 5.11419e+22	6.31e-19	2.85e-09	1.49e-06	6.23e-05	2.41e-02	2.97e-01	6.79e-01	0.00e+00	0.00e+00	0.00e+00	2.85e-09	3.74e-16	5.68e-45
 5.13671e+22	8.58e-19	3.52e-09	1.76e-06	7.04e-05	2.60e-02	3.05e-01	6.69e-01	0.00e+00	0.00e+00	0.00e+00	3.52e-09	4.64e-16	9.50e-45
 5.15912e+22	1.24e-18	4.58e-09	2.18e-06	8.20e-05	2.85e-02	3.16e-01	6.55e-01	0.00e+00	0.00e+00	0.00e+00	4.58e-09	6.07e-16	1.78e-44
 5.18051e+22	1.63e-18	5.53e-09	2.55e-06	9.15e-05	3.04e-02	3.25e-01	6.45e-01	0.00e+00	0.00e+00	0.00e+00	5.53e-09	7.36e-16	2.80e-44
 5.20128e+22	2.31e-18	7.10e-09	3.12e-06	1.06e-04	3.33e-02	3.35e-01	6.31e-01	0.00e+00	0.00e+00	0.00e+00	7.10e-09	9.51e-16	5.04e-44
 5.22232e+22	3.04e-18	8.63e-09	3.66e-06	1.19e-04	3.56e-02	3.44e-01	6.20e-01	0.00e+00	0.00e+00	0.00e+00	8.63e-09	1.16e-15	7.95e-44
 5.24289e+22	4.22e-18	1.09e-08	4.45e-06	1.37e-04	3.88e-02	3.55e-01	6.06e-01	0.00e+00	0.00e+00	0.00e+00	1.09e-08	1.48e-15	1.38e-43
 5.26388e+22	5.59e-18	1.34e-08	5.26e-06	1.54e-04	4.17e-02	3.64e-01	5.94e-01	0.00e+00	0.00e+00	0.00e+00	1.34e-08	1.83e-15	2.19e-43
 5.28431e+22	7.55e-18	1.67e-08	6.32e-06	1.77e-04	4.51e-02	3.74e-01	5.81e-01	0.00e+00	0.00e+00	0.00e+00	1.67e-08	2.30e-15	3.62e-43
 5.30519e+22	1.00e-17	2.06e-08	7.51e-06	2.00e-04	4.86e-02	3.84e-01	5.67e-01	0.00e+00	0.00e+00	0.00e+00	2.06e-08	2.86e-15	5.77e-43
 5.32584e+22	1.34e-17	2.54e-08	8.96e-06	2.28e-04	5.25e-02	3.94e-01	5.54e-01	0.00e+00	0.00e+00	0.00e+00	2.54e-08	3.56e-15	9.23e-43
 5.34660e+22	1.76e-17	3.12e-08	1.06e-05	2.58e-04	5.65e-02	4.03e-01	5.40e-01	0.00e+00	0.00e+00	0.00e+00	3.12e-08	4.42e-15	1.45e-42
 5.36712e+22	2.31e-17	3.81e-08	1.26e-05	2.93e-04	6.08e-02	4.13e-01	5.26e-01	0.00e+00	0.00e+00	0.00e+00	3.81e-08	5.47e-15	2.24e-42
 5.38761e+22	3.02e-17	4.63e-08	1.49e-05	3.31e-04	6.53e-02	4.22e-01	5.12e-01	0.00e+00	0.00e+00	0.00e+00	4.63e-08	6.74e-15	3.43e-42
 5.40813e+22	3.93e-17	5.62e-08	1.75e-05	3.75e-04	7.01e-02	4.31e-01	4.98e-01	0.00e+00	0.00e+00	0.00e+00	5.62e-08	8.29e-15	5.20e-42
 5.42873e+22	5.09e-17	6.79e-08	2.06e-05	4.23e-04	7.52e-02	4.40e-01	4.84e-01	5.09e-17	1.15e-22	2.74e-23	6.79e-08	1.02e-14	7.79e-42
 5.44945e+22	6.58e-17	8.19e-08	2.43e-05	4.78e-04	8.06e-02	4.49e-01	4.70e-01	6.58e-17	2.38e-21	3.77e-22	8.19e-08	1.25e-14	1.16e-41
 5.47037e+22	8.47e-17	9.85e-08	2.85e-05	5.39e-04	8.63e-02	4.57e-01	4.56e-01	8.47e-17	3.07e-21	4.86e-22	9.85e-08	1.53e-14	1.71e-41
 5.49153e+22	1.09e-16	1.18e-07	3.35e-05	6.08e-04	9.24e-02	4.65e-01	4.42e-01	1.09e-16	3.96e-21	6.27e-22	1.18e-07	1.86e-14	2.50e-41
 5.51279e+22	1.39e-16	1.41e-07	3.91e-05	6.84e-04	9.88e-02	4.73e-01	4.27e-01	1.39e-16	5.06e-21	8.02e-22	1.41e-07	2.26e-14	3.61e-41
 5.53440e+22	1.78e-16	1.69e-07	4.58e-05	7.72e-04	1.06e-01	4.81e-01	4.13e-01	1.78e-16	6.50e-21	1.03e-21	1.69e-07	2.75e-14	5.23e-41
 5.55626e+22	2.26e-16	2.00e-07	5.34e-05	8.68e-04	1.13e-01	4.88e-01	3.99e-01	2.26e-16	8.26e-21	1.31e-21	2.00e-07	3.33e-14	7.46e-41
 5.57855e+22	2.88e-16	2.39e-07	6.26e-05	9.80e-04	1.21e-01	4.95e-01	3.84e-01	2.88e-16	1.06e-20	1.68e-21	2.39e-07	4.04e-14	1.07e-40
 5.59928e+22	3.51e-16	2.75e-07	7.10e-05	1.08e-03	1.27e-01	5.00e-01	3.72e-01	3.51e-16	1.29e-20	2.06e-21	2.75e-07	4.71e-14	1.43e-40
 5.62062e+22	3.47e-15	3.28e-07	8.35e-05	1.22e-03	1.36e-01	5.06e-01	3.57e-01	3.47e-15	1.28e-19	2.04e-20	3.28e-07	5.71e-14	2.05e-40
 5.64229e+22	4.38e-15	3.76e-07	9.46e-05	1.34e-03	1.43e-01	5.10e-01	3.45e-01	4.38e-15	1.62e-19	2.58e-20	3.76e-07	6.64e-14	2.72e-40
 5.66448e+22	5.59e-15	4.48e-07	1.11e-04	1.53e-03	1.53e-01	5.16e-01	3.30e-01	5.59e-15	2.07e-19	3.31e-20	4.48e-07	8.04e-14	3.87e-40
 5.68678e+22	6.74e-15	5.11e-07	1.25e-04	1.67e-03	1.61e-01	5.19e-01	3.18e-01	6.74e-15	2.51e-19	4.01e-20	5.11e-07	9.27e-14	5.11e-40
 5.70923e+22	8.56e-15	6.04e-07	1.47e-04	1.89e-03	1.71e-01	5.23e-01	3.04e-01	8.56e-15	3.19e-19	5.11e-20	6.04e-07	1.11e-13	7.20e-40
 5.73182e+22	1.03e-14	6.86e-07	1.65e-04	2.07e-03	1.80e-01	5.26e-01	2.92e-01	1.03e-14	3.86e-19	6.19e-20	6.86e-07	1.28e-13	9.40e-40
 5.75457e+22	1.31e-14	8.05e-07	1.92e-04	2.33e-03	1.91e-01	5.28e-01	2.78e-01	1.31e-14	4.92e-19	7.90e-20	8.05e-07	1.52e-13	1.31e-39
 5.77751e+22	1.59e-14	9.11e-07	2.15e-04	2.54e-03	2.00e-01	5.30e-01	2.68e-01	1.59e-14	5.96e-19	9.60e-20	9.11e-07	1.73e-13	1.71e-39
 5.80070e+22	2.02e-14	1.06e-06	2.49e-04	2.86e-03	2.12e-01	5.31e-01	2.54e-01	2.02e-14	7.62e-19	1.23e-19	1.06e-06	2.05e-13	2.37e-39
 5.82418e+22	2.45e-14	1.20e-06	2.79e-04	3.12e-03	2.21e-01	5.32e-01	2.43e-01	2.45e-14	9.29e-19	1.50e-19	1.20e-06	2.34e-13	3.07e-39
 5.84803e+22	3.14e-14	1.40e-06	3.23e-04	3.50e-03	2.34e-01	5.32e-01	2.30e-01	3.14e-14	1.20e-18	1.93e-19	1.40e-06	2.76e-13	4.26e-39
 5.87228e+22	3.87e-14	1.58e-06	3.62e-04	3.82e-03	2.45e-01	5.31e-01	2.20e-01	3.87e-14	1.48e-18	2.39e-19	1.58e-06	3.14e-13	5.55e-39
 5.89703e+22	5.02e-14	1.83e-06	4.19e-04	4.29e-03	2.58e-01	5.30e-01	2.07e-01	5.02e-14	1.92e-18	3.12e-19	1.83e-06	3.69e-13	7.73e-39
 5.92230e+22	6.29e-14	2.07e-06	4.69e-04	4.68e-03	2.70e-01	5.28e-01	1.98e-01	6.29e-14	2.42e-18	3.93e-19	2.07e-06	4.20e-13	1.02e-38
 5.94824e+22	8.35e-14	2.40e-06	5.43e-04	5.25e-03	2.85e-01	5.25e-01	1.85e-01	8.35e-14	3.23e-18	5.26e-19	2.40e-06	4.95e-13	1.43e-38
 5.97482e+22	1.08e-13	2.71e-06	6.09e-04	5.74e-03	2.97e-01	5.21e-01	1.76e-01	1.08e-13	4.18e-18	6.82e-19	2.71e-06	5.65e-13	1.90e-38
 6.00226e+22	1.49e-13	3.16e-06	7.07e-04	6.46e-03	3.13e-01	5.17e-01	1.63e-01	1.49e-13	5.81e-18	9.51e-19	3.16e-06	6.67e-13	2.70e-38
 6.02807e+22	1.90e-13	3.49e-06	7.77e-04	6.95e-03	3.23e-01	5.13e-01	1.56e-01	1.90e-13	7.45e-18	1.22e-18	3.49e-06	7.45e-13	3.47e-38
 6.05178e+22	2.60e-13	3.97e-06	8.79e-04	7.65e-03	3.37e-01	5.08e-01	1.47e-01	2.60e-13	1.03e-17	1.68e-18	3.97e-06	8.56e-13	4.72e-38
 6.07529e+22	3.44e-13	4.36e-06	9.62e-04	8.20e-03	3.48e-01	5.03e-01	1.40e-01	3.44e-13	1.36e-17	2.24e-18	4.36e-06	9.50e-13	6.01e-38
 6.09853e+22	4.85e-13	4.91e-06	1.08e-03	9.01e-03	3.62e-01	4.97e-01	1.31e-01	4.85e-13	1.93e-17	3.18e-18	4.91e-06	1.08e-12	8.04e-38
 6.12192e+22	7.22e-13	5.40e-06	1.18e-03	9.64e-03	3.72e-01	4.92e-01	1.25e-01	7.22e-13	2.89e-17	4.77e-18	5.40e-06	1.20e-12	1.03e-37
 6.14550e+22	1.18e-12	6.07e-06	1.33e-03	1.05e-02	3.87e-01	4.85e-01	1.17e-01	1.18e-12	4.73e-17	7.82e-18	6.07e-06	1.37e-12	1.40e-37
 6.16949e+22	2.11e-12	6.68e-06	1.45e-03	1.13e-02	3.97e-01	4.79e-01	1.11e-01	2.11e-12	8.53e-17	1.41e-17	6.68e-06	1.52e-12	1.83e-37
 6.19403e+22	4.46e-12	7.51e-06	1.63e-03	1.24e-02	4.12e-01	4.70e-01	1.03e-01	4.46e-12	1.82e-16	3.02e-17	7.51e-06	1.74e-12	2.55e-37
 6.21893e+22	1.20e-11	8.28e-06	1.78e-03	1.32e-02	4.23e-01	4.64e-01	9.79e-02	1.20e-11	4.93e-16	8.21e-17	8.28e-06	1.94e-12	3.51e-37
 6.24427e+22	3.30e-11	9.31e-06	2.00e-03	1.45e-02	4.38e-01	4.54e-01	9.08e-02	3.30e-11	1.36e-15	2.27e-16	9.31e-06	2.21e-12	5.43e-37
 6.27008e+22	7.36e-11	1.03e-05	2.19e-03	1.55e-02	4.50e-01	4.47e-01	8.57e-02	7.36e-11	3.05e-15	5.11e-16	1.03e-05	2.47e-12	8.44e-37
 6.29649e+22	1.16e-10	1.16e-05	2.46e-03	1.70e-02	4.65e-01	4.37e-01	7.91e-02	1.16e-10	4.86e-15	8.16e-16	1.16e-05	2.84e-12	1.31e-36
 6.32351e+22	1.57e-10	1.28e-05	2.69e-03	1.82e-02	4.77e-01	4.28e-01	7.43e-02	1.57e-10	6.62e-15	1.11e-15	1.28e-05	3.18e-12	1.88e-36
 6.35131e+22	2.10e-10	1.45e-05	3.03e-03	1.99e-02	4.92e-01	4.17e-01	6.82e-02	2.10e-10	8.89e-15	1.50e-15	1.45e-05	3.67e-12	2.84e-36
 6.37971e+22	2.62e-10	1.61e-05	3.33e-03	2.14e-02	5.04e-01	4.07e-01	6.37e-02	2.62e-10	1.12e-14	1.89e-15	1.61e-05	4.13e-12	4.03e-36
 6.40890e+22	3.37e-10	1.83e-05	3.76e-03	2.34e-02	5.20e-01	3.95e-01	5.82e-02	3.37e-10	1.46e-14	2.47e-15	1.83e-05	4.79e-12	6.20e-36
 6.43844e+22	4.10e-10	2.03e-05	4.12e-03	2.51e-02	5.31e-01	3.86e-01	5.42e-02	4.10e-10	1.79e-14	3.05e-15	2.03e-05	5.41e-12	8.86e-36
 6.46843e+22	5.10e-10	2.30e-05	4.65e-03	2.75e-02	5.46e-01	3.72e-01	4.92e-02	5.10e-10	2.25e-14	3.84e-15	2.30e-05	6.28e-12	1.35e-35
 6.49870e+22	6.11e-10	2.57e-05	5.10e-03	2.94e-02	5.57e-01	3.62e-01	4.57e-02	6.11e-10	2.72e-14	4.66e-15	2.57e-05	7.12e-12	1.94e-35
 6.52933e+22	7.46e-10	2.91e-05	5.74e-03	3.22e-02	5.72e-01	3.49e-01	4.13e-02	7.46e-10	3.36e-14	5.78e-15	2.91e-05	8.28e-12	2.98e-35
 6.55923e+22	8.69e-10	3.21e-05	6.25e-03	3.42e-02	5.82e-01	3.39e-01	3.84e-02	8.69e-10	3.95e-14	6.82e-15	3.21e-05	9.30e-12	4.16e-35
 6.58816e+22	1.04e-09	3.63e-05	6.96e-03	3.70e-02	5.94e-01	3.27e-01	3.49e-02	1.04e-09	4.79e-14	8.31e-15	3.63e-05	1.07e-11	6.30e-35
 6.61864e+22	1.21e-09	4.03e-05	7.65e-03	3.97e-02	6.05e-01	3.16e-01	3.20e-02	1.21e-09	5.62e-14	9.79e-15	4.03e-05	1.22e-11	9.00e-35
 6.64423e+22	1.38e-09	4.41e-05	8.27e-03	4.19e-02	6.13e-01	3.07e-01	2.99e-02	1.38e-09	6.46e-14	1.13e-14	4.41e-05	1.36e-11	1.23e-34
 6.67058e+22	1.61e-09	4.91e-05	9.07e-03	4.48e-02	6.23e-01	2.96e-01	2.74e-02	1.61e-09	7.62e-14	1.34e-14	4.91e-05	1.55e-11	1.79e-34
 6.69822e+22	1.83e-09	5.40e-05	9.84e-03	4.75e-02	6.31e-01	2.86e-01	2.54e-02	1.83e-09	8.77e-14	1.54e-14	5.40e-05	1.73e-11	2.48e-34
 6.72363e+22	2.08e-09	5.93e-05	1.06e-02	5.02e-02	6.38e-01	2.77e-01	2.35e-02	2.08e-09	1.01e-13	1.78e-14	5.93e-05	1.94e-11	3.44e-34
 6.75274e+22	2.44e-09	6.68e-05	1.18e-02	5.38e-02	6.48e-01	2.66e-01	2.13e-02	2.44e-09	1.20e-13	2.12e-14	6.68e-05	2.25e-11	5.21e-34
 6.78259e+22	2.79e-09	7.39e-05	1.28e-02	5.72e-02	6.55e-01	2.55e-01	1.95e-02	2.79e-09	1.39e-13	2.47e-14	7.39e-05	2.54e-11	7.43e-34
 6.80892e+22	3.15e-09	8.12e-05	1.39e-02	6.04e-02	6.61e-01	2.46e-01	1.80e-02	3.15e-09	1.59e-13	2.83e-14	8.12e-05	2.86e-11	1.04e-33
 6.83866e+22	3.69e-09	9.16e-05	1.53e-02	6.47e-02	6.69e-01	2.35e-01	1.62e-02	3.69e-09	1.89e-13	3.38e-14	9.16e-05	3.32e-11	1.59e-33
 6.86969e+22	4.22e-09	1.02e-04	1.67e-02	6.87e-02	6.75e-01	2.25e-01	1.47e-02	4.22e-09	2.19e-13	3.94e-14	1.02e-04	3.78e-11	2.32e-33
 6.89767e+22	4.78e-09	1.13e-04	1.81e-02	7.26e-02	6.80e-01	2.16e-01	1.35e-02	4.78e-09	2.52e-13	4.55e-14	1.13e-04	4.28e-11	3.31e-33
 6.92931e+22	5.62e-09	1.28e-04	2.00e-02	7.77e-02	6.85e-01	2.05e-01	1.20e-02	5.62e-09	3.01e-13	5.47e-14	1.28e-04	5.02e-11	5.22e-33
 6.96195e+22	6.44e-09	1.43e-04	2.18e-02	8.25e-02	6.90e-01	1.95e-01	1.08e-02	6.44e-09	3.51e-13	6.40e-14	1.43e-04	5.77e-11	7.73e-33
 6.99102e+22	7.31e-09	1.58e-04	2.37e-02	8.71e-02	6.93e-01	1.86e-01	9.85e-03	7.31e-09	4.05e-13	7.40e-14	1.58e-04	6.57e-11	1.12e-32
 7.02394e+22	8.60e-09	1.80e-04	2.62e-02	9.31e-02	6.96e-01	1.75e-01	8.72e-03	8.60e-09	4.87e-13	8.94e-14	1.80e-04	7.76e-11	1.80e-32
 7.05807e+22	9.85e-09	2.02e-04	2.86e-02	9.88e-02	6.99e-01	1.66e-01	7.79e-03	9.85e-09	5.68e-13	1.05e-13	2.02e-04	8.97e-11	2.72e-32
 7.08870e+22	1.13e-08	2.25e-04	3.11e-02	1.04e-01	7.00e-01	1.58e-01	7.02e-03	1.13e-08	6.62e-13	1.23e-13	2.25e-04	1.03e-10	4.04e-32
 7.12342e+22	1.34e-08	2.59e-04	3.46e-02	1.11e-01	7.00e-01	1.47e-01	6.13e-03	1.34e-08	8.04e-13	1.50e-13	2.59e-04	1.23e-10	6.72e-32
 7.15924e+22	1.54e-08	2.91e-04	3.77e-02	1.18e-01	7.00e-01	1.39e-01	5.45e-03	1.54e-08	9.46e-13	1.77e-13	2.91e-04	1.44e-10	1.03e-31
 7.19159e+22	1.77e-08	3.27e-04	4.11e-02	1.24e-01	6.99e-01	1.31e-01	4.85e-03	1.77e-08	1.11e-12	2.08e-13	3.27e-04	1.67e-10	1.57e-31
 7.22872e+22	2.12e-08	3.79e-04	4.58e-02	1.33e-01	6.96e-01	1.21e-01	4.17e-03	2.12e-08	1.37e-12	2.58e-13	3.79e-04	2.03e-10	2.70e-31
 7.26625e+22	2.43e-08	4.26e-04	4.99e-02	1.40e-01	6.93e-01	1.13e-01	3.67e-03	2.43e-08	1.60e-12	3.04e-13	4.26e-04	2.37e-10	4.17e-31
 7.30428e+22	2.92e-08	4.97e-04	5.56e-02	1.50e-01	6.87e-01	1.04e-01	3.13e-03	2.92e-08	1.99e-12	3.80e-13	4.97e-04	2.89e-10	7.25e-31
 7.34276e+22	3.38e-08	5.61e-04	6.07e-02	1.58e-01	6.82e-01	9.67e-02	2.74e-03	3.38e-08	2.36e-12	4.52e-13	5.61e-04	3.40e-10	1.13e-30
 7.38181e+22	4.07e-08	6.56e-04	6.76e-02	1.68e-01	6.73e-01	8.82e-02	2.31e-03	4.07e-08	2.94e-12	5.66e-13	6.56e-04	4.18e-10	2.01e-30
 7.42122e+22	3.82e-08	7.42e-04	7.36e-02	1.76e-01	6.66e-01	8.17e-02	2.01e-03	3.82e-08	2.82e-12	5.46e-13	7.42e-04	4.92e-10	2.92e-30
 7.46109e+22	4.73e-08	8.70e-04	8.20e-02	1.87e-01	6.54e-01	7.39e-02	1.68e-03	4.73e-08	3.62e-12	7.04e-13	8.70e-04	6.08e-10	5.28e-30
 7.50138e+22	5.60e-08	9.87e-04	8.92e-02	1.96e-01	6.44e-01	6.81e-02	1.45e-03	5.60e-08	4.41e-12	8.61e-13	9.87e-04	7.19e-10	8.41e-30
 7.54221e+22	6.95e-08	1.16e-03	9.93e-02	2.08e-01	6.30e-01	6.11e-02	1.20e-03	6.95e-08	5.68e-12	1.12e-12	1.16e-03	8.93e-10	1.53e-29
 7.58357e+22	8.25e-08	1.32e-03	1.08e-01	2.17e-01	6.17e-01	5.59e-02	1.03e-03	8.25e-08	6.94e-12	1.37e-12	1.32e-03	1.06e-09	2.47e-29
 7.62563e+22	1.03e-07	1.56e-03	1.20e-01	2.28e-01	6.00e-01	4.97e-02	8.36e-04	1.03e-07	9.00e-12	1.78e-12	1.56e-03	1.33e-09	4.56e-29
 7.66685e+22	1.21e-07	1.76e-03	1.30e-01	2.37e-01	5.86e-01	4.54e-02	7.17e-04	1.21e-07	1.09e-11	2.17e-12	1.76e-03	1.57e-09	7.14e-29
 7.70699e+22	1.48e-07	2.06e-03	1.43e-01	2.48e-01	5.66e-01	4.03e-02	5.85e-04	1.48e-07	1.39e-11	2.78e-12	2.06e-03	1.94e-09	1.28e-28
 7.74573e+22	1.72e-07	2.31e-03	1.53e-01	2.55e-01	5.52e-01	3.69e-02	5.05e-04	1.72e-07	1.66e-11	3.33e-12	2.31e-03	2.26e-09	1.92e-28
 7.78265e+22	2.07e-07	2.65e-03	1.67e-01	2.64e-01	5.33e-01	3.29e-02	4.18e-04	2.07e-07	2.08e-11	4.19e-12	2.65e-03	2.74e-09	3.23e-28
 7.81981e+22	2.41e-07	2.97e-03	1.79e-01	2.71e-01	5.17e-01	3.00e-02	3.58e-04	2.41e-07	2.49e-11	5.03e-12	2.97e-03	3.20e-09	4.89e-28
 7.85727e+22	2.91e-07	3.42e-03	1.94e-01	2.79e-01	4.96e-01	2.65e-02	2.93e-04	2.91e-07	3.13e-11	6.34e-12	3.42e-03	3.88e-09	8.26e-28
 7.89545e+22	3.39e-07	3.84e-03	2.08e-01	2.86e-01	4.78e-01	2.39e-02	2.48e-04	3.39e-07	3.78e-11	7.67e-12	3.84e-03	4.56e-09	1.27e-27
 7.93456e+22	4.12e-07	4.44e-03	2.26e-01	2.93e-01	4.55e-01	2.09e-02	2.00e-04	4.12e-07	4.79e-11	9.77e-12	4.44e-03	5.58e-09	2.17e-27
 7.97402e+22	4.82e-07	4.98e-03	2.41e-01	2.98e-01	4.37e-01	1.87e-02	1.67e-04	4.82e-07	5.80e-11	1.19e-11	4.98e-03	6.57e-09	3.34e-27
 8.00870e+22	5.62e-07	5.58e-03	2.57e-01	3.03e-01	4.18e-01	1.67e-02	1.40e-04	5.62e-07	7.00e-11	1.44e-11	5.58e-03	7.69e-09	5.09e-27
 8.04855e+22	6.83e-07	6.43e-03	2.78e-01	3.08e-01	3.94e-01	1.44e-02	1.11e-04	6.83e-07	8.91e-11	1.83e-11	6.43e-03	9.41e-09	8.72e-27
 8.08715e+22	7.88e-07	7.13e-03	2.94e-01	3.10e-01	3.76e-01	1.29e-02	9.30e-05	7.88e-07	1.06e-10	2.19e-11	7.13e-03	1.09e-08	1.29e-26
 8.11789e+22	8.97e-07	7.82e-03	3.08e-01	3.12e-01	3.60e-01	1.16e-02	7.91e-05	8.97e-07	1.25e-10	2.58e-11	7.82e-03	1.25e-08	1.84e-26
 8.15164e+22	1.05e-06	8.76e-03	3.27e-01	3.14e-01	3.40e-01	1.02e-02	6.46e-05	1.05e-06	1.52e-10	3.16e-11	8.76e-03	1.47e-08	2.85e-26
 8.18597e+22	1.20e-06	9.63e-03	3.44e-01	3.14e-01	3.23e-01	9.09e-03	5.43e-05	1.20e-06	1.80e-10	3.73e-11	9.63e-03	1.68e-08	4.10e-26
