#depth	Ne	Ne+	Ne+2	Ne+3	Ne+4	Ne+5	Ne+6	Ne+7	Ne+8	Ne+9	Ne+10
 1.54284e+22	3.19e-17	1.33e-12	3.17e-09	1.05e-06	1.03e-04	2.26e-03	1.27e-02	3.54e-02	4.11e-01	4.23e-01	1.15e-01
 3.49385e+22	2.01e-16	7.32e-12	1.48e-08	4.03e-06	3.32e-04	6.00e-03	2.68e-02	5.61e-02	4.80e-01	3.59e-01	7.16e-02
 4.10610e+22	4.39e-16	1.54e-11	2.94e-08	7.38e-06	5.68e-04	9.43e-03	3.77e-02	6.92e-02	5.07e-01	3.22e-01	5.45e-02
 4.41223e+22	6.24e-16	2.16e-11	4.05e-08	9.84e-06	7.35e-04	1.18e-02	4.46e-02	7.65e-02	5.18e-01	3.02e-01	4.70e-02
 4.56393e+22	7.33e-16	2.53e-11	4.72e-08	1.13e-05	8.31e-04	1.31e-02	4.82e-02	8.03e-02	5.22e-01	2.92e-01	4.37e-02
 4.67815e+22	8.89e-16	3.07e-11	5.68e-08	1.34e-05	9.69e-04	1.49e-02	5.33e-02	8.53e-02	5.27e-01	2.79e-01	3.96e-02
 4.79105e+22	1.02e-15	3.52e-11	6.50e-08	1.51e-05	1.09e-03	1.64e-02	5.74e-02	8.92e-02	5.30e-01	2.69e-01	3.67e-02
 4.90189e+22	1.20e-15	4.17e-11	7.69e-08	1.76e-05	1.25e-03	1.86e-02	6.31e-02	9.43e-02	5.33e-01	2.57e-01	3.32e-02
 5.01432e+22	1.36e-15	4.75e-11	8.76e-08	1.99e-05	1.40e-03	2.05e-02	6.79e-02	9.85e-02	5.34e-01	2.47e-01	3.05e-02
 5.12459e+22	1.55e-15	5.49e-11	1.02e-07	2.29e-05	1.60e-03	2.30e-02	7.40e-02	1.04e-01	5.36e-01	2.35e-01	2.76e-02
 5.23696e+22	1.72e-15	6.18e-11	1.15e-07	2.57e-05	1.78e-03	2.53e-02	7.96e-02	1.08e-01	5.36e-01	2.24e-01	2.52e-02
 5.34688e+22	1.91e-15	6.97e-11	1.31e-07	2.91e-05	2.01e-03	2.81e-02	8.61e-02	1.14e-01	5.35e-01	2.13e-01	2.27e-02
 5.45914e+22	2.09e-15	7.77e-11	1.47e-07	3.27e-05	2.25e-03	3.10e-02	9.24e-02	1.18e-01	5.33e-01	2.02e-01	2.06e-02
 5.57001e+22	2.26e-15	8.61e-11	1.66e-07	3.67e-05	2.51e-03	3.41e-02	9.93e-02	1.24e-01	5.31e-01	1.91e-01	1.86e-02
 5.68168e+22	2.42e-15	9.45e-11	1.85e-07	4.09e-05	2.79e-03	3.75e-02	1.06e-01	1.29e-01	5.27e-01	1.81e-01	1.67e-02
 5.79203e+22	2.56e-15	1.03e-10	2.05e-07	4.55e-05	3.10e-03	4.10e-02	1.13e-01	1.34e-01	5.23e-01	1.71e-01	1.51e-02
 5.90221e+22	2.70e-15	1.12e-10	2.27e-07	5.04e-05	3.43e-03	4.47e-02	1.21e-01	1.39e-01	5.18e-01	1.61e-01	1.35e-02
 6.01253e+22	2.81e-15	1.21e-10	2.51e-07	5.58e-05	3.79e-03	4.87e-02	1.28e-01	1.44e-01	5.12e-01	1.52e-01	1.21e-02
 6.12324e+22	2.92e-15	1.30e-10	2.76e-07	6.17e-05	4.18e-03	5.30e-02	1.36e-01	1.48e-01	5.05e-01	1.43e-01	1.09e-02
 6.23453e+22	3.01e-15	1.39e-10	3.04e-07	6.82e-05	4.61e-03	5.75e-02	1.43e-01	1.53e-01	4.98e-01	1.34e-01	9.72e-03
 6.34680e+22	3.09e-15	1.49e-10	3.34e-07	7.54e-05	5.08e-03	6.23e-02	1.51e-01	1.58e-01	4.89e-01	1.25e-01	8.67e-03
 6.46031e+22	3.16e-15	1.59e-10	3.67e-07	8.35e-05	5.60e-03	6.75e-02	1.59e-01	1.63e-01	4.80e-01	1.17e-01	7.72e-03
 6.57445e+22	3.23e-15	1.70e-10	4.04e-07	9.24e-05	6.16e-03	7.29e-02	1.67e-01	1.67e-01	4.71e-01	1.09e-01	6.86e-03
 6.69042e+22	3.30e-15	1.82e-10	4.46e-07	1.03e-04	6.80e-03	7.88e-02	1.75e-01	1.71e-01	4.60e-01	1.02e-01	6.07e-03
 6.80766e+22	3.37e-15	1.95e-10	4.93e-07	1.14e-04	7.49e-03	8.49e-02	1.84e-01	1.75e-01	4.49e-01	9.43e-02	5.37e-03
 6.92721e+22	3.44e-15	2.10e-10	5.48e-07	1.27e-04	8.29e-03	9.17e-02	1.92e-01	1.79e-01	4.37e-01	8.72e-02	4.72e-03
 7.04890e+22	3.53e-15	2.27e-10	6.10e-07	1.42e-04	9.15e-03	9.87e-02	2.00e-01	1.82e-01	4.25e-01	8.06e-02	4.15e-03
 7.16046e+22	3.61e-15	2.42e-10	6.70e-07	1.57e-04	9.95e-03	1.05e-01	2.07e-01	1.85e-01	4.14e-01	7.53e-02	3.72e-03
 7.27689e+22	3.71e-15	2.64e-10	7.55e-07	1.77e-04	1.11e-02	1.13e-01	2.15e-01	1.88e-01	4.00e-01	6.90e-02	3.23e-03
 7.39535e+22	3.85e-15	2.85e-10	8.37e-07	1.96e-04	1.21e-02	1.20e-01	2.21e-01	1.90e-01	3.89e-01	6.41e-02	2.88e-03
 7.51769e+22	4.03e-15	3.16e-10	9.57e-07	2.24e-04	1.35e-02	1.30e-01	2.30e-01	1.93e-01	3.73e-01	5.83e-02	2.47e-03
 7.64021e+22	4.20e-15	3.44e-10	1.07e-06	2.49e-04	1.47e-02	1.38e-01	2.36e-01	1.94e-01	3.61e-01	5.41e-02	2.20e-03
 7.76297e+22	4.44e-15	3.84e-10	1.23e-06	2.85e-04	1.64e-02	1.48e-01	2.43e-01	1.96e-01	3.46e-01	4.89e-02	1.89e-03
 7.88626e+22	4.70e-15	4.23e-10	1.38e-06	3.17e-04	1.78e-02	1.56e-01	2.49e-01	1.96e-01	3.34e-01	4.53e-02	1.67e-03
 8.01025e+22	5.06e-15	4.80e-10	1.60e-06	3.65e-04	1.99e-02	1.68e-01	2.55e-01	1.97e-01	3.18e-01	4.08e-02	1.43e-03
 8.13559e+22	5.44e-15	5.34e-10	1.81e-06	4.08e-04	2.17e-02	1.77e-01	2.60e-01	1.97e-01	3.05e-01	3.76e-02	1.26e-03
 8.26268e+22	5.97e-15	6.14e-10	2.12e-06	4.72e-04	2.42e-02	1.89e-01	2.66e-01	1.96e-01	2.89e-01	3.37e-02	1.07e-03
 8.39153e+22	6.53e-15	6.92e-10	2.42e-06	5.29e-04	2.63e-02	1.99e-01	2.70e-01	1.95e-01	2.77e-01	3.09e-02	9.41e-04
 8.52267e+22	7.34e-15	8.10e-10	2.87e-06	6.15e-04	2.94e-02	2.13e-01	2.75e-01	1.93e-01	2.61e-01	2.75e-02	7.93e-04
 8.65627e+22	8.18e-15	9.26e-10	3.30e-06	6.93e-04	3.21e-02	2.24e-01	2.79e-01	1.91e-01	2.48e-01	2.50e-02	6.91e-04
 8.79308e+22	9.45e-15	1.11e-09	3.96e-06	8.10e-04	3.58e-02	2.38e-01	2.82e-01	1.88e-01	2.32e-01	2.21e-02	5.76e-04
 8.93312e+22	1.08e-14	1.28e-09	4.60e-06	9.18e-04	3.91e-02	2.50e-01	2.85e-01	1.86e-01	2.19e-01	2.00e-02	4.97e-04
 9.07735e+22	1.28e-14	1.57e-09	5.59e-06	1.08e-03	4.38e-02	2.66e-01	2.87e-01	1.81e-01	2.03e-01	1.74e-02	4.08e-04
 9.22421e+22	1.50e-14	1.85e-09	6.54e-06	1.23e-03	4.78e-02	2.79e-01	2.88e-01	1.77e-01	1.91e-01	1.56e-02	3.50e-04
 9.34806e+22	1.73e-14	2.15e-09	7.53e-06	1.38e-03	5.16e-02	2.90e-01	2.89e-01	1.74e-01	1.80e-01	1.41e-02	3.03e-04
 9.48258e+22	2.10e-14	2.61e-09	9.05e-06	1.59e-03	5.70e-02	3.05e-01	2.89e-01	1.69e-01	1.67e-01	1.24e-02	2.52e-04
 9.61314e+22	2.43e-14	3.02e-09	1.03e-05	1.77e-03	6.10e-02	3.15e-01	2.88e-01	1.65e-01	1.57e-01	1.13e-02	2.20e-04
 9.73854e+22	2.95e-14	3.65e-09	1.23e-05	2.02e-03	6.67e-02	3.29e-01	2.87e-01	1.60e-01	1.46e-01	9.90e-03	1.84e-04
 9.86526e+22	3.46e-14	4.24e-09	1.40e-05	2.24e-03	7.12e-02	3.39e-01	2.86e-01	1.55e-01	1.37e-01	8.98e-03	1.61e-04
 9.99368e+22	4.27e-14	5.17e-09	1.67e-05	2.56e-03	7.76e-02	3.53e-01	2.83e-01	1.50e-01	1.26e-01	7.86e-03	1.34e-04
 1.01241e+23	5.08e-14	6.06e-09	1.91e-05	2.84e-03	8.29e-02	3.63e-01	2.81e-01	1.45e-01	1.18e-01	7.08e-03	1.16e-04
 1.02570e+23	6.37e-14	7.46e-09	2.28e-05	3.25e-03	9.02e-02	3.76e-01	2.77e-01	1.39e-01	1.08e-01	6.15e-03	9.56e-05
 1.03919e+23	7.66e-14	8.79e-09	2.62e-05	3.60e-03	9.62e-02	3.86e-01	2.74e-01	1.34e-01	1.01e-01	5.51e-03	8.23e-05
 1.05293e+23	9.78e-14	1.09e-08	3.15e-05	4.12e-03	1.04e-01	3.99e-01	2.69e-01	1.27e-01	9.19e-02	4.74e-03	6.72e-05
 1.06692e+23	1.19e-13	1.30e-08	3.62e-05	4.57e-03	1.11e-01	4.08e-01	2.64e-01	1.22e-01	8.52e-02	4.22e-03	5.74e-05
 1.08123e+23	1.54e-13	1.62e-08	4.37e-05	5.24e-03	1.21e-01	4.20e-01	2.58e-01	1.15e-01	7.69e-02	3.60e-03	4.64e-05
 1.09586e+23	1.91e-13	1.94e-08	5.05e-05	5.82e-03	1.28e-01	4.29e-01	2.53e-01	1.10e-01	7.08e-02	3.17e-03	3.91e-05
 1.11090e+23	2.51e-13	2.46e-08	6.11e-05	6.66e-03	1.39e-01	4.40e-01	2.46e-01	1.03e-01	6.33e-02	2.68e-03	3.12e-05
 1.12636e+23	3.15e-13	2.98e-08	7.12e-05	7.42e-03	1.48e-01	4.48e-01	2.39e-01	9.74e-02	5.78e-02	2.34e-03	2.60e-05
 1.14237e+23	4.24e-13	3.81e-08	8.67e-05	8.53e-03	1.60e-01	4.57e-01	2.31e-01	9.05e-02	5.11e-02	1.95e-03	2.04e-05
 1.15852e+23	5.33e-13	4.61e-08	1.01e-04	9.46e-03	1.70e-01	4.64e-01	2.24e-01	8.52e-02	4.65e-02	1.69e-03	1.69e-05
 1.17485e+23	7.23e-13	5.93e-08	1.23e-04	1.09e-02	1.83e-01	4.71e-01	2.14e-01	7.86e-02	4.08e-02	1.40e-03	1.32e-05
 1.19136e+23	9.12e-13	7.17e-08	1.42e-04	1.20e-02	1.93e-01	4.76e-01	2.07e-01	7.37e-02	3.69e-02	1.21e-03	1.09e-05
 1.20811e+23	1.24e-12	9.24e-08	1.73e-04	1.37e-02	2.07e-01	4.81e-01	1.97e-01	6.76e-02	3.22e-02	9.89e-04	8.37e-06
 1.22516e+23	1.58e-12	1.12e-07	2.01e-04	1.52e-02	2.19e-01	4.84e-01	1.89e-01	6.30e-02	2.89e-02	8.46e-04	6.83e-06
 1.24025e+23	2.01e-12	1.37e-07	2.34e-04	1.68e-02	2.30e-01	4.86e-01	1.82e-01	5.86e-02	2.59e-02	7.22e-04	5.55e-06
 1.25750e+23	2.74e-12	1.75e-07	2.82e-04	1.91e-02	2.45e-01	4.87e-01	1.72e-01	5.33e-02	2.25e-02	5.88e-04	4.25e-06
 1.27509e+23	3.53e-12	2.15e-07	3.30e-04	2.11e-02	2.58e-01	4.88e-01	1.63e-01	4.92e-02	1.99e-02	4.96e-04	3.40e-06
 1.28935e+23	4.36e-12	2.54e-07	3.74e-04	2.30e-02	2.69e-01	4.87e-01	1.57e-01	4.59e-02	1.80e-02	4.30e-04	2.83e-06
 1.30413e+23	5.58e-12	3.10e-07	4.34e-04	2.53e-02	2.81e-01	4.85e-01	1.49e-01	4.23e-02	1.60e-02	3.62e-04	2.27e-06
 1.31968e+23	6.97e-12	3.70e-07	4.96e-04	2.76e-02	2.93e-01	4.83e-01	1.42e-01	3.92e-02	1.43e-02	3.10e-04	1.86e-06
 1.33396e+23	8.66e-12	4.40e-07	5.65e-04	3.00e-02	3.04e-01	4.81e-01	1.35e-01	3.64e-02	1.29e-02	2.66e-04	1.52e-06
 1.35023e+23	1.14e-11	5.45e-07	6.63e-04	3.32e-02	3.19e-01	4.76e-01	1.27e-01	3.31e-02	1.12e-02	2.19e-04	1.19e-06
 1.36696e+23	1.45e-11	6.61e-07	7.65e-04	3.63e-02	3.31e-01	4.71e-01	1.20e-01	3.03e-02	9.88e-03	1.84e-04	9.47e-07
 1.38168e+23	1.80e-11	7.83e-07	8.67e-04	3.93e-02	3.43e-01	4.67e-01	1.13e-01	2.80e-02	8.82e-03	1.57e-04	7.73e-07
 1.39820e+23	2.35e-11	9.67e-07	1.01e-03	4.33e-02	3.57e-01	4.60e-01	1.06e-01	2.53e-02	7.65e-03	1.29e-04	6.00e-07
 1.41547e+23	3.01e-11	1.18e-06	1.17e-03	4.73e-02	3.70e-01	4.53e-01	9.92e-02	2.30e-02	6.69e-03	1.07e-04	4.73e-07
 1.43107e+23	3.76e-11	1.40e-06	1.33e-03	5.12e-02	3.82e-01	4.45e-01	9.33e-02	2.11e-02	5.92e-03	9.01e-05	3.80e-07
 1.44866e+23	4.97e-11	1.74e-06	1.56e-03	5.64e-02	3.96e-01	4.36e-01	8.63e-02	1.89e-02	5.07e-03	7.26e-05	2.89e-07
 1.46685e+23	6.38e-11	2.12e-06	1.80e-03	6.15e-02	4.08e-01	4.27e-01	8.02e-02	1.71e-02	4.40e-03	5.97e-05	2.25e-07
 1.48309e+23	8.03e-11	2.53e-06	2.05e-03	6.64e-02	4.20e-01	4.17e-01	7.49e-02	1.55e-02	3.85e-03	4.98e-05	1.79e-07
 1.50147e+23	1.07e-10	3.18e-06	2.41e-03	7.32e-02	4.34e-01	4.05e-01	6.84e-02	1.37e-02	3.25e-03	3.94e-05	1.33e-07
 1.52045e+23	1.38e-10	3.85e-06	2.77e-03	7.94e-02	4.45e-01	3.94e-01	6.32e-02	1.23e-02	2.80e-03	3.21e-05	0.00e+00
 1.54023e+23	1.87e-10	4.89e-06	3.28e-03	8.77e-02	4.59e-01	3.80e-01	5.71e-02	1.08e-02	2.32e-03	2.49e-05	0.00e+00
 1.56037e+23	2.42e-10	5.96e-06	3.78e-03	9.51e-02	4.70e-01	3.67e-01	5.24e-02	9.63e-03	1.98e-03	2.01e-05	0.00e+00
 1.57818e+23	3.09e-10	7.19e-06	4.32e-03	1.03e-01	4.80e-01	3.55e-01	4.81e-02	8.62e-03	1.70e-03	1.63e-05	0.00e+00
 1.59855e+23	4.21e-10	9.13e-06	5.12e-03	1.13e-01	4.91e-01	3.39e-01	4.30e-02	7.46e-03	1.40e-03	1.24e-05	0.00e+00
 1.61925e+23	5.46e-10	1.11e-05	5.89e-03	1.22e-01	5.00e-01	3.25e-01	3.90e-02	6.60e-03	1.18e-03	9.90e-06	0.00e+00
 1.63759e+23	6.95e-10	1.34e-05	6.71e-03	1.31e-01	5.07e-01	3.12e-01	3.56e-02	5.87e-03	1.00e-03	7.97e-06	0.00e+00
 1.65866e+23	9.55e-10	1.71e-05	7.96e-03	1.44e-01	5.16e-01	2.95e-01	3.14e-02	5.03e-03	8.10e-04	5.97e-06	0.00e+00
 1.67998e+23	1.23e-09	2.08e-05	9.12e-03	1.54e-01	5.22e-01	2.81e-01	2.83e-02	4.42e-03	6.79e-04	4.71e-06	0.00e+00
 1.70163e+23	1.68e-09	2.64e-05	1.07e-02	1.68e-01	5.27e-01	2.64e-01	2.49e-02	3.77e-03	5.46e-04	3.51e-06	0.00e+00
 1.72374e+23	2.19e-09	3.22e-05	1.23e-02	1.81e-01	5.31e-01	2.50e-01	2.22e-02	3.29e-03	4.52e-04	2.73e-06	0.00e+00
 1.74342e+23	2.82e-09	3.90e-05	1.41e-02	1.93e-01	5.33e-01	2.36e-01	1.98e-02	2.87e-03	3.76e-04	2.13e-06	0.00e+00
 1.76598e+23	3.91e-09	4.98e-05	1.66e-02	2.10e-01	5.35e-01	2.19e-01	1.71e-02	2.41e-03	2.95e-04	1.55e-06	0.00e+00
 1.78885e+23	5.05e-09	6.04e-05	1.90e-02	2.24e-01	5.34e-01	2.05e-01	1.52e-02	2.09e-03	2.43e-04	1.19e-06	0.00e+00
 1.81213e+23	7.02e-09	7.73e-05	2.24e-02	2.42e-01	5.32e-01	1.89e-01	1.29e-02	1.73e-03	1.88e-04	8.50e-07	0.00e+00
 1.83572e+23	9.09e-09	9.39e-05	2.55e-02	2.57e-01	5.29e-01	1.76e-01	1.14e-02	1.49e-03	1.53e-04	6.47e-07	0.00e+00
 1.85632e+23	1.17e-08	1.13e-04	2.89e-02	2.72e-01	5.24e-01	1.63e-01	1.00e-02	1.28e-03	1.25e-04	4.96e-07	0.00e+00
 1.87559e+23	1.46e-08	1.33e-04	3.23e-02	2.86e-01	5.19e-01	1.53e-01	8.90e-03	1.12e-03	1.04e-04	3.89e-07	0.00e+00
 1.89653e+23	1.93e-08	1.64e-04	3.71e-02	3.03e-01	5.11e-01	1.40e-01	7.66e-03	9.44e-04	8.23e-05	2.86e-07	0.00e+00
 1.91762e+23	2.41e-08	1.94e-04	4.13e-02	3.17e-01	5.04e-01	1.30e-01	6.76e-03	8.19e-04	6.78e-05	2.22e-07	0.00e+00
 1.93597e+23	2.99e-08	2.27e-04	4.59e-02	3.31e-01	4.95e-01	1.21e-01	5.99e-03	7.13e-04	5.62e-05	1.73e-07	0.00e+00
 1.95689e+23	3.91e-08	2.77e-04	5.22e-02	3.48e-01	4.84e-01	1.10e-01	5.12e-03	5.96e-04	4.41e-05	1.26e-07	0.00e+00
 1.97827e+23	4.91e-08	3.27e-04	5.82e-02	3.63e-01	4.73e-01	1.01e-01	4.46e-03	5.11e-04	3.58e-05	0.00e+00	0.00e+00
 2.00026e+23	6.46e-08	4.00e-04	6.62e-02	3.80e-01	4.58e-01	9.08e-02	3.77e-03	4.22e-04	2.77e-05	0.00e+00	0.00e+00
 2.02248e+23	8.09e-08	4.71e-04	7.35e-02	3.94e-01	4.45e-01	8.29e-02	3.27e-03	3.60e-04	2.24e-05	0.00e+00	0.00e+00
 2.04206e+23	1.01e-07	5.52e-04	8.12e-02	4.07e-01	4.32e-01	7.57e-02	2.84e-03	3.07e-04	1.81e-05	0.00e+00	0.00e+00
 2.06458e+23	1.33e-07	6.74e-04	9.21e-02	4.24e-01	4.14e-01	6.71e-02	2.37e-03	2.50e-04	1.37e-05	0.00e+00	0.00e+00
 2.08540e+23	1.59e-07	7.69e-04	1.00e-01	4.34e-01	4.01e-01	6.17e-02	2.09e-03	2.17e-04	1.14e-05	0.00e+00	0.00e+00
 2.10400e+23	1.97e-07	8.99e-04	1.10e-01	4.46e-01	3.86e-01	5.57e-02	1.80e-03	1.83e-04	9.07e-06	0.00e+00	0.00e+00
 2.12313e+23	2.38e-07	1.03e-03	1.20e-01	4.55e-01	3.72e-01	5.08e-02	1.57e-03	1.57e-04	7.43e-06	0.00e+00	0.00e+00
 2.14020e+23	2.83e-07	1.17e-03	1.29e-01	4.63e-01	3.58e-01	4.65e-02	1.38e-03	1.36e-04	6.14e-06	0.00e+00	0.00e+00
 2.15966e+23	3.52e-07	1.36e-03	1.42e-01	4.73e-01	3.41e-01	4.15e-02	1.17e-03	1.13e-04	4.82e-06	0.00e+00	0.00e+00
 2.17945e+23	4.23e-07	1.55e-03	1.53e-01	4.80e-01	3.26e-01	3.76e-02	1.02e-03	9.65e-05	3.91e-06	0.00e+00	0.00e+00
 2.19691e+23	5.04e-07	1.76e-03	1.65e-01	4.86e-01	3.12e-01	3.40e-02	8.88e-04	8.25e-05	3.19e-06	0.00e+00	0.00e+00
 2.21688e+23	6.26e-07	2.05e-03	1.81e-01	4.93e-01	2.94e-01	3.00e-02	7.46e-04	6.77e-05	2.47e-06	0.00e+00	0.00e+00
 2.23709e+23	7.49e-07	2.32e-03	1.94e-01	4.97e-01	2.79e-01	2.69e-02	6.43e-04	5.71e-05	1.98e-06	0.00e+00	0.00e+00
 2.25484e+23	8.90e-07	2.62e-03	2.08e-01	5.00e-01	2.65e-01	2.42e-02	5.56e-04	4.84e-05	1.60e-06	0.00e+00	0.00e+00
 2.27513e+23	1.10e-06	3.03e-03	2.26e-01	5.02e-01	2.47e-01	2.11e-02	4.63e-04	3.93e-05	1.22e-06	0.00e+00	0.00e+00
 2.29577e+23	1.31e-06	3.43e-03	2.43e-01	5.03e-01	2.32e-01	1.87e-02	3.95e-04	3.28e-05	9.73e-07	0.00e+00	0.00e+00
 2.31408e+23	1.55e-06	3.85e-03	2.59e-01	5.02e-01	2.18e-01	1.66e-02	3.38e-04	2.74e-05	7.76e-07	0.00e+00	0.00e+00
 2.33510e+23	1.92e-06	4.45e-03	2.80e-01	5.00e-01	2.01e-01	1.43e-02	2.78e-04	2.19e-05	5.83e-07	0.00e+00	0.00e+00
 2.35646e+23	2.28e-06	5.01e-03	2.99e-01	4.97e-01	1.87e-01	1.25e-02	2.35e-04	1.80e-05	4.56e-07	0.00e+00	0.00e+00
 2.37828e+23	2.82e-06	5.79e-03	3.22e-01	4.91e-01	1.70e-01	1.06e-02	1.90e-04	1.41e-05	3.36e-07	0.00e+00	0.00e+00
 2.40036e+23	3.36e-06	6.51e-03	3.42e-01	4.85e-01	1.57e-01	9.21e-03	1.59e-04	1.14e-05	2.59e-07	0.00e+00	0.00e+00
 2.42278e+23	4.14e-06	7.49e-03	3.68e-01	4.75e-01	1.42e-01	7.72e-03	1.28e-04	8.84e-06	1.89e-07	0.00e+00	0.00e+00
 2.44562e+23	4.93e-06	8.41e-03	3.89e-01	4.66e-01	1.29e-01	6.62e-03	1.06e-04	7.08e-06	1.44e-07	0.00e+00	0.00e+00
 2.46900e+23	6.10e-06	9.68e-03	4.17e-01	4.53e-01	1.15e-01	5.45e-03	8.33e-05	5.35e-06	0.00e+00	0.00e+00	0.00e+00
 2.49276e+23	7.28e-06	1.09e-02	4.40e-01	4.41e-01	1.04e-01	4.61e-03	6.78e-05	4.21e-06	0.00e+00	0.00e+00	0.00e+00
 2.51381e+23	8.59e-06	1.21e-02	4.62e-01	4.28e-01	9.37e-02	3.91e-03	5.57e-05	3.33e-06	0.00e+00	0.00e+00	0.00e+00
 2.53799e+23	1.06e-05	1.39e-02	4.91e-01	4.10e-01	8.17e-02	3.15e-03	4.30e-05	2.45e-06	0.00e+00	0.00e+00	0.00e+00
 2.55913e+23	1.20e-05	1.51e-02	5.08e-01	3.99e-01	7.51e-02	2.76e-03	3.66e-05	2.03e-06	0.00e+00	0.00e+00	0.00e+00
 2.57631e+23	1.38e-05	1.64e-02	5.28e-01	3.85e-01	6.81e-02	2.38e-03	3.08e-05	1.64e-06	0.00e+00	0.00e+00	0.00e+00
 2.59451e+23	1.57e-05	1.78e-02	5.45e-01	3.73e-01	6.20e-02	2.06e-03	2.60e-05	1.34e-06	0.00e+00	0.00e+00	0.00e+00
 2.61137e+23	1.77e-05	1.92e-02	5.62e-01	3.60e-01	5.66e-02	1.79e-03	2.20e-05	1.10e-06	0.00e+00	0.00e+00	0.00e+00
 2.63061e+23	2.06e-05	2.12e-02	5.83e-01	3.44e-01	5.01e-02	1.49e-03	1.78e-05	8.54e-07	0.00e+00	0.00e+00	0.00e+00
 2.64987e+23	2.34e-05	2.29e-02	6.00e-01	3.30e-01	4.53e-02	1.28e-03	1.49e-05	6.92e-07	0.00e+00	0.00e+00	0.00e+00
 2.66914e+23	2.71e-05	2.51e-02	6.20e-01	3.14e-01	3.99e-02	1.07e-03	1.21e-05	5.35e-07	0.00e+00	0.00e+00	0.00e+00
 2.68882e+23	3.08e-05	2.71e-02	6.37e-01	2.99e-01	3.57e-02	9.04e-04	9.98e-06	4.25e-07	0.00e+00	0.00e+00	0.00e+00
 2.70903e+23	3.60e-05	2.98e-02	6.57e-01	2.82e-01	3.10e-02	7.37e-04	7.91e-06	3.21e-07	0.00e+00	0.00e+00	0.00e+00
 2.72933e+23	4.08e-05	3.22e-02	6.72e-01	2.68e-01	2.75e-02	6.23e-04	6.52e-06	2.54e-07	0.00e+00	0.00e+00	0.00e+00
 2.74977e+23	4.75e-05	3.52e-02	6.90e-01	2.51e-01	2.38e-02	5.06e-04	5.14e-06	1.91e-07	0.00e+00	0.00e+00	0.00e+00
 2.77068e+23	5.41e-05	3.80e-02	7.05e-01	2.36e-01	2.09e-02	4.22e-04	4.17e-06	1.48e-07	0.00e+00	0.00e+00	0.00e+00
 2.79220e+23	6.32e-05	4.17e-02	7.21e-01	2.19e-01	1.77e-02	3.37e-04	3.23e-06	0.00e+00	0.00e+00	0.00e+00	0.00e+00
 2.81403e+23	7.25e-05	4.51e-02	7.35e-01	2.04e-01	1.54e-02	2.77e-04	2.58e-06	0.00e+00	0.00e+00	0.00e+00	0.00e+00
 2.83627e+23	8.53e-05	4.96e-02	7.50e-01	1.87e-01	1.29e-02	2.17e-04	1.96e-06	0.00e+00	0.00e+00	0.00e+00	0.00e+00
 2.85853e+23	9.76e-05	5.35e-02	7.61e-01	1.74e-01	1.11e-02	1.77e-04	1.56e-06	0.00e+00	0.00e+00	0.00e+00	0.00e+00
 2.88085e+23	1.15e-04	5.87e-02	7.74e-01	1.58e-01	9.18e-03	1.38e-04	1.17e-06	0.00e+00	0.00e+00	0.00e+00	0.00e+00
 2.90317e+23	1.31e-04	6.32e-02	7.83e-01	1.46e-01	7.88e-03	1.13e-04	9.32e-07	0.00e+00	0.00e+00	0.00e+00	0.00e+00
 2.92550e+23	1.54e-04	6.90e-02	7.92e-01	1.32e-01	6.48e-03	8.72e-05	6.98e-07	0.00e+00	0.00e+00	0.00e+00	0.00e+00
 2.94800e+23	1.77e-04	7.44e-02	7.99e-01	1.21e-01	5.48e-03	7.01e-05	5.44e-07	0.00e+00	0.00e+00	0.00e+00	0.00e+00
 2.96775e+23	2.03e-04	8.00e-02	8.05e-01	1.10e-01	4.63e-03	5.66e-05	4.26e-07	0.00e+00	0.00e+00	0.00e+00	0.00e+00
 2.98742e+23	2.32e-04	8.59e-02	8.09e-01	1.00e-01	3.91e-03	4.56e-05	3.33e-07	0.00e+00	0.00e+00	0.00e+00	0.00e+00
 3.00702e+23	2.65e-04	9.22e-02	8.13e-01	9.12e-02	3.29e-03	3.66e-05	2.60e-07	0.00e+00	0.00e+00	0.00e+00	0.00e+00
 3.02660e+23	3.04e-04	9.89e-02	8.15e-01	8.25e-02	2.75e-03	2.93e-05	2.01e-07	0.00e+00	0.00e+00	0.00e+00	0.00e+00
 3.04599e+23	3.50e-04	1.06e-01	8.17e-01	7.44e-02	2.30e-03	2.33e-05	1.56e-07	0.00e+00	0.00e+00	0.00e+00	0.00e+00
 3.06498e+23	4.02e-04	1.14e-01	8.17e-01	6.69e-02	1.91e-03	1.86e-05	0.00e+00	0.00e+00	0.00e+00	0.00e+00	0.00e+00
 3.08002e+23	4.44e-04	1.19e-01	8.17e-01	6.22e-02	1.69e-03	1.60e-05	0.00e+00	0.00e+00	0.00e+00	0.00e+00	0.00e+00
