#depth	H	H+	H2
 1.54284e+22	4.01e-07	1.00e+00	9.69e-33
 3.40727e+22	6.99e-07	1.00e+00	4.83e-32
 3.87942e+22	8.86e-07	1.00e+00	4.74e-32
 4.10526e+22	1.00e-06	1.00e+00	7.77e-32
 4.19935e+22	1.03e-06	1.00e+00	8.77e-32
 4.24264e+22	1.08e-06	1.00e+00	1.03e-31
 4.29022e+22	1.12e-06	1.00e+00	1.20e-31
 4.34338e+22	1.18e-06	1.00e+00	1.44e-31
 4.39835e+22	1.24e-06	1.00e+00	1.70e-31
 4.44640e+22	1.29e-06	1.00e+00	1.98e-31
 4.49960e+22	1.36e-06	1.00e+00	2.39e-31
 4.55463e+22	1.43e-06	1.00e+00	2.80e-31
 4.61205e+22	1.52e-06	1.00e+00	3.43e-31
 4.67058e+22	1.60e-06	1.00e+00	4.05e-31
 4.73010e+22	1.71e-06	1.00e+00	4.97e-31
 4.78998e+22	1.80e-06	1.00e+00	5.87e-31
 4.84049e+22	1.89e-06	1.00e+00	6.80e-31
 4.89469e+22	2.01e-06	1.00e+00	8.11e-31
 4.94944e+22	2.12e-06	1.00e+00	9.44e-31
 5.00309e+22	2.25e-06	1.00e+00	1.11e-30
 5.05785e+22	2.38e-06	1.00e+00	1.29e-30
 5.11147e+22	2.52e-06	1.00e+00	1.49e-30
 5.16609e+22	2.67e-06	1.00e+00	1.73e-30
 5.22032e+22	2.83e-06	1.00e+00	1.99e-30
 5.27477e+22	3.00e-06	1.00e+00	2.30e-30
 5.32863e+22	3.18e-06	1.00e+00	2.63e-30
 5.38239e+22	3.37e-06	1.00e+00	2.99e-30
 5.43629e+22	3.57e-06	1.00e+00	3.41e-30
 5.49044e+22	3.78e-06	1.00e+00	3.88e-30
 5.54497e+22	4.01e-06	1.00e+00	4.42e-30
 5.60005e+22	4.25e-06	1.00e+00	5.04e-30
 5.65582e+22	4.50e-06	1.00e+00	5.76e-30
 5.71185e+22	4.76e-06	1.00e+00	6.60e-30
 5.76882e+22	5.05e-06	1.00e+00	7.63e-30
 5.82651e+22	5.35e-06	1.00e+00	8.97e-30
 5.88537e+22	5.68e-06	1.00e+00	1.05e-29
 5.94006e+22	5.96e-06	1.00e+00	1.21e-29
 5.99642e+22	6.34e-06	1.00e+00	1.44e-29
 6.05385e+22	6.65e-06	1.00e+00	1.68e-29
 6.11267e+22	7.09e-06	1.00e+00	2.04e-29
 6.17161e+22	7.43e-06	1.00e+00	2.40e-29
 6.23069e+22	7.90e-06	1.00e+00	2.95e-29
 6.29020e+22	8.28e-06	1.00e+00	3.50e-29
 6.35026e+22	8.81e-06	1.00e+00	4.37e-29
 6.41086e+22	9.23e-06	1.00e+00	5.21e-29
 6.47217e+22	9.81e-06	1.00e+00	6.56e-29
 6.53427e+22	1.03e-05	1.00e+00	7.88e-29
 6.59737e+22	1.09e-05	1.00e+00	1.00e-28
 6.66160e+22	1.15e-05	1.00e+00	1.22e-28
 6.72728e+22	1.22e-05	1.00e+00	1.57e-28
 6.79441e+22	1.28e-05	1.00e+00	1.93e-28
 6.86340e+22	1.37e-05	1.00e+00	2.58e-28
 6.93393e+22	1.44e-05	1.00e+00	3.24e-28
 6.99335e+22	1.50e-05	1.00e+00	3.97e-28
 7.05752e+22	1.59e-05	1.00e+00	5.16e-28
 7.12006e+22	1.66e-05	1.00e+00	6.24e-28
 7.18050e+22	1.75e-05	1.00e+00	7.98e-28
 7.24151e+22	1.83e-05	1.00e+00	9.65e-28
 7.30327e+22	1.93e-05	1.00e+00	1.24e-27
 7.36590e+22	2.01e-05	1.00e+00	1.50e-27
 7.42964e+22	2.12e-05	1.00e+00	1.93e-27
 7.49430e+22	2.21e-05	1.00e+00	2.35e-27
 7.56014e+22	2.34e-05	1.00e+00	3.05e-27
 7.62713e+22	2.45e-05	1.00e+00	3.73e-27
 7.69563e+22	2.59e-05	1.00e+00	4.87e-27
 7.76547e+22	2.71e-05	1.00e+00	5.99e-27
 7.83706e+22	2.88e-05	1.00e+00	7.89e-27
 7.91051e+22	3.01e-05	1.00e+00	9.82e-27
 7.98640e+22	3.21e-05	1.00e+00	1.31e-26
 8.06335e+22	3.36e-05	1.00e+00	1.63e-26
 8.14168e+22	3.58e-05	1.00e+00	2.19e-26
 8.22093e+22	3.75e-05	1.00e+00	2.74e-26
 8.30138e+22	4.01e-05	1.00e+00	3.68e-26
 8.38297e+22	4.20e-05	1.00e+00	4.63e-26
 8.45462e+22	4.42e-05	1.00e+00	5.82e-26
 8.53635e+22	4.70e-05	1.00e+00	7.79e-26
 8.61958e+22	4.95e-05	1.00e+00	9.89e-26
 8.68719e+22	5.17e-05	1.00e+00	1.21e-25
 8.75754e+22	5.44e-05	1.00e+00	1.54e-25
 8.83142e+22	5.69e-05	1.00e+00	1.90e-25
 8.89915e+22	5.95e-05	1.00e+00	2.34e-25
 8.97645e+22	6.30e-05	1.00e+00	3.04e-25
 9.05575e+22	6.62e-05	1.00e+00	3.82e-25
 9.12534e+22	6.92e-05	1.00e+00	4.72e-25
 9.20350e+22	7.32e-05	1.00e+00	6.13e-25
 9.28554e+22	7.72e-05	1.00e+00	7.79e-25
 9.35990e+22	8.09e-05	1.00e+00	9.72e-25
 9.44385e+22	8.58e-05	1.00e+00	1.29e-24
 9.53042e+22	9.06e-05	1.00e+00	1.65e-24
 9.60740e+22	9.52e-05	1.00e+00	2.07e-24
 9.69451e+22	1.01e-04	1.00e+00	2.76e-24
 9.78505e+22	1.07e-04	1.00e+00	3.57e-24
 9.86655e+22	1.13e-04	1.00e+00	4.52e-24
 9.95898e+22	1.20e-04	1.00e+00	6.04e-24
 1.00542e+23	1.27e-04	1.00e+00	7.85e-24
 1.01399e+23	1.35e-04	1.00e+00	1.01e-23
 1.02384e+23	1.44e-04	1.00e+00	1.41e-23
 1.03379e+23	1.53e-04	1.00e+00	1.84e-23
 1.04390e+23	1.64e-04	1.00e+00	2.57e-23
 1.05414e+23	1.74e-04	1.00e+00	3.39e-23
 1.06452e+23	1.88e-04	1.00e+00	4.81e-23
 1.07501e+23	1.99e-04	1.00e+00	6.33e-23
 1.08562e+23	2.15e-04	1.00e+00	9.11e-23
 1.09635e+23	2.29e-04	1.00e+00	1.21e-22
 1.10721e+23	2.47e-04	1.00e+00	1.76e-22
 1.11822e+23	2.63e-04	1.00e+00	2.36e-22
 1.12942e+23	2.85e-04	1.00e+00	3.48e-22
 1.14042e+23	3.02e-04	1.00e+00	4.65e-22
 1.15115e+23	3.26e-04	1.00e+00	6.80e-22
 1.16149e+23	3.44e-04	1.00e+00	8.89e-22
 1.17132e+23	3.69e-04	1.00e+00	1.27e-21
 1.18114e+23	3.89e-04	1.00e+00	1.68e-21
 1.19095e+23	4.16e-04	1.00e+00	2.37e-21
 1.20112e+23	4.42e-04	1.00e+00	3.25e-21
 1.21023e+23	4.67e-04	1.00e+00	4.33e-21
 1.22057e+23	5.02e-04	9.99e-01	6.37e-21
 1.23107e+23	5.33e-04	9.99e-01	8.82e-21
 1.24179e+23	5.72e-04	9.99e-01	1.30e-20
 1.25222e+23	6.05e-04	9.99e-01	1.81e-20
 1.26042e+23	6.35e-04	9.99e-01	2.38e-20
 1.26925e+23	6.73e-04	9.99e-01	3.33e-20
 1.27834e+23	7.08e-04	9.99e-01	4.54e-20
 1.28649e+23	7.44e-04	9.99e-01	6.06e-20
 1.29581e+23	7.91e-04	9.99e-01	9.01e-20
 1.30522e+23	8.33e-04	9.99e-01	1.28e-19
 1.31346e+23	8.75e-04	9.99e-01	1.76e-19
 1.32287e+23	9.31e-04	9.99e-01	2.72e-19
 1.33245e+23	9.80e-04	9.99e-01	4.04e-19
 1.34094e+23	1.03e-03	9.99e-01	5.76e-19
 1.35069e+23	1.10e-03	9.99e-01	9.51e-19
 1.36058e+23	1.16e-03	9.99e-01	1.52e-18
 1.37066e+23	1.23e-03	9.99e-01	2.66e-18
 1.38085e+23	1.30e-03	9.99e-01	4.66e-18
 1.38978e+23	1.37e-03	9.99e-01	7.64e-18
 1.40001e+23	1.47e-03	9.99e-01	1.79e-17
 1.41043e+23	1.55e-03	9.98e-01	3.16e-17
 1.42111e+23	1.66e-03	9.98e-01	6.70e-17
 1.43199e+23	1.76e-03	9.98e-01	1.35e-16
 1.44164e+23	1.85e-03	9.98e-01	2.00e-16
 1.45266e+23	1.98e-03	9.98e-01	3.34e-16
 1.46400e+23	2.10e-03	9.98e-01	4.93e-16
 1.47038e+23	2.13e-03	9.98e-01	5.42e-16
 1.47217e+23	2.14e-03	9.98e-01	5.49e-16
 1.47336e+23	2.17e-03	9.98e-01	5.85e-16
 1.47490e+23	2.18e-03	9.98e-01	6.12e-16
 1.47691e+23	2.21e-03	9.98e-01	6.55e-16
 1.47952e+23	2.24e-03	9.98e-01	7.22e-16
 1.48291e+23	2.29e-03	9.98e-01	8.20e-16
 1.48732e+23	2.35e-03	9.98e-01	9.87e-16
 1.49305e+23	2.44e-03	9.98e-01	1.25e-15
 1.50050e+23	2.56e-03	9.97e-01	1.65e-15
 1.50868e+23	2.67e-03	9.97e-01	2.15e-15
 1.51659e+23	2.79e-03	9.97e-01	2.73e-15
 1.52567e+23	2.96e-03	9.97e-01	3.69e-15
 1.53478e+23	3.09e-03	9.97e-01	4.65e-15
 1.54393e+23	3.27e-03	9.97e-01	6.09e-15
 1.55328e+23	3.42e-03	9.97e-01	7.60e-15
 1.56289e+23	3.61e-03	9.96e-01	9.88e-15
 1.57275e+23	3.79e-03	9.96e-01	1.24e-14
 1.58294e+23	4.03e-03	9.96e-01	1.65e-14
 1.59322e+23	4.24e-03	9.96e-01	2.04e-14
 1.60360e+23	4.49e-03	9.96e-01	2.63e-14
 1.61434e+23	4.74e-03	9.95e-01	3.29e-14
 1.62556e+23	5.05e-03	9.95e-01	4.30e-14
 1.63689e+23	5.33e-03	9.95e-01	5.31e-14
 1.64837e+23	5.70e-03	9.94e-01	6.94e-14
 1.65986e+23	6.00e-03	9.94e-01	8.53e-14
 1.67136e+23	6.42e-03	9.94e-01	1.11e-13
 1.68303e+23	6.77e-03	9.93e-01	1.38e-13
 1.69276e+23	7.11e-03	9.93e-01	1.68e-13
 1.70327e+23	7.56e-03	9.92e-01	2.12e-13
 1.71467e+23	8.01e-03	9.92e-01	2.66e-13
 1.72726e+23	8.67e-03	9.91e-01	3.61e-13
 1.73973e+23	9.17e-03	9.91e-01	4.51e-13
 1.75205e+23	9.92e-03	9.90e-01	6.09e-13
 1.76464e+23	1.06e-02	9.89e-01	7.82e-13
 1.77758e+23	1.16e-02	9.88e-01	1.09e-12
 1.79055e+23	1.24e-02	9.88e-01	1.42e-12
 1.80358e+23	1.37e-02	9.86e-01	2.03e-12
 1.81682e+23	1.49e-02	9.85e-01	2.73e-12
 1.83034e+23	1.67e-02	9.83e-01	4.04e-12
 1.84414e+23	1.85e-02	9.81e-01	5.71e-12
 1.85462e+23	2.01e-02	9.80e-01	7.46e-12
 1.86457e+23	2.23e-02	9.78e-01	1.03e-11
 1.87509e+23	2.48e-02	9.75e-01	1.42e-11
 1.88470e+23	2.77e-02	9.72e-01	1.96e-11
 1.89554e+23	3.20e-02	9.68e-01	2.99e-11
 1.90699e+23	3.77e-02	9.62e-01	4.66e-11
 1.91672e+23	4.40e-02	9.56e-01	6.98e-11
 1.92522e+23	5.14e-02	9.49e-01	1.04e-10
 1.93325e+23	6.08e-02	9.39e-01	1.58e-10
 1.94073e+23	7.21e-02	9.28e-01	2.37e-10
 1.94760e+23	8.63e-02	9.14e-01	3.60e-10
 1.95383e+23	1.03e-01	8.97e-01	5.38e-10
 1.95939e+23	1.23e-01	8.77e-01	8.00e-10
 1.96434e+23	1.45e-01	8.55e-01	1.14e-09
 1.96884e+23	1.71e-01	8.29e-01	1.63e-09
 1.97301e+23	2.00e-01	8.00e-01	2.26e-09
 1.97680e+23	2.32e-01	7.68e-01	3.07e-09
 1.98029e+23	2.67e-01	7.33e-01	4.09e-09
 1.98350e+23	3.03e-01	6.97e-01	5.29e-09
 1.98569e+23	3.29e-01	6.71e-01	6.18e-09
 1.98677e+23	3.43e-01	6.57e-01	6.71e-09
 1.98773e+23	3.56e-01	6.44e-01	7.21e-09
 1.98894e+23	3.73e-01	6.27e-01	7.90e-09
 1.99036e+23	3.93e-01	6.07e-01	8.79e-09
 1.99178e+23	4.12e-01	5.88e-01	9.59e-09
 1.99322e+23	4.33e-01	5.67e-01	1.06e-08
 1.99472e+23	4.55e-01	5.45e-01	1.17e-08
 1.99622e+23	4.77e-01	5.23e-01	1.27e-08
 1.99778e+23	5.00e-01	5.00e-01	1.39e-08
 1.99938e+23	5.22e-01	4.78e-01	1.51e-08
 2.00092e+23	5.43e-01	4.57e-01	1.62e-08
 2.00212e+23	5.60e-01	4.40e-01	1.70e-08
 2.00294e+23	5.70e-01	4.30e-01	1.75e-08
 2.00375e+23	5.80e-01	4.20e-01	1.81e-08
 2.00473e+23	5.93e-01	4.07e-01	1.88e-08
 2.00578e+23	6.06e-01	3.94e-01	1.96e-08
 2.00682e+23	6.18e-01	3.82e-01	2.03e-08
 2.00780e+23	6.29e-01	3.71e-01	2.09e-08
 2.00882e+23	6.41e-01	3.59e-01	2.16e-08
 2.00991e+23	6.53e-01	3.47e-01	2.23e-08
 2.01100e+23	6.64e-01	3.36e-01	2.30e-08
 2.01209e+23	6.75e-01	3.25e-01	2.36e-08
 2.01324e+23	6.86e-01	3.14e-01	2.42e-08
 2.01443e+23	6.97e-01	3.03e-01	2.49e-08
 2.01562e+23	7.07e-01	2.93e-01	2.55e-08
 2.01683e+23	7.17e-01	2.83e-01	2.62e-08
 2.01809e+23	7.27e-01	2.73e-01	2.68e-08
 2.01941e+23	7.37e-01	2.63e-01	2.74e-08
 2.02075e+23	7.47e-01	2.53e-01	2.80e-08
 2.02212e+23	7.56e-01	2.44e-01	2.86e-08
 2.02354e+23	7.65e-01	2.35e-01	2.92e-08
 2.02501e+23	7.74e-01	2.26e-01	2.98e-08
 2.02652e+23	7.82e-01	2.18e-01	3.04e-08
 2.02807e+23	7.91e-01	2.09e-01	3.09e-08
 2.02967e+23	7.99e-01	2.01e-01	3.15e-08
 2.03135e+23	8.07e-01	1.93e-01	3.21e-08
 2.03307e+23	8.14e-01	1.86e-01	3.27e-08
 2.03484e+23	8.21e-01	1.79e-01	3.32e-08
 2.03667e+23	8.29e-01	1.71e-01	3.38e-08
 2.03854e+23	8.35e-01	1.65e-01	3.44e-08
 2.04045e+23	8.41e-01	1.59e-01	3.50e-08
 2.04238e+23	8.47e-01	1.53e-01	3.56e-08
 2.04439e+23	8.53e-01	1.47e-01	3.63e-08
 2.04649e+23	8.59e-01	1.41e-01	3.70e-08
 2.04860e+23	8.64e-01	1.36e-01	3.77e-08
 2.05075e+23	8.69e-01	1.31e-01	3.84e-08
 2.05300e+23	8.74e-01	1.26e-01	3.93e-08
 2.05533e+23	8.78e-01	1.22e-01	4.01e-08
 2.05772e+23	8.82e-01	1.18e-01	4.11e-08
 2.06022e+23	8.86e-01	1.14e-01	4.22e-08
 2.06282e+23	8.90e-01	1.10e-01	4.34e-08
 2.06551e+23	8.94e-01	1.06e-01	4.47e-08
 2.06830e+23	8.98e-01	1.02e-01	4.63e-08
 2.07108e+23	9.02e-01	9.85e-02	4.80e-08
 2.07376e+23	9.05e-01	9.55e-02	4.97e-08
 2.07635e+23	9.07e-01	9.28e-02	5.16e-08
 2.07885e+23	9.10e-01	9.02e-02	5.34e-08
 2.08125e+23	9.12e-01	8.79e-02	5.50e-08
 2.08354e+23	9.14e-01	8.57e-02	5.67e-08
 2.08566e+23	9.16e-01	8.39e-02	5.83e-08
 2.08773e+23	9.18e-01	8.20e-02	6.02e-08
 2.08981e+23	9.20e-01	8.01e-02	6.21e-08
 2.09182e+23	9.22e-01	7.84e-02	6.42e-08
 2.09376e+23	9.23e-01	7.67e-02	6.64e-08
 2.09563e+23	9.25e-01	7.52e-02	6.87e-08
 2.09744e+23	9.26e-01	7.37e-02	7.11e-08
 2.09920e+23	9.28e-01	7.22e-02	7.35e-08
 2.10089e+23	9.29e-01	7.09e-02	7.61e-08
 2.10253e+23	9.30e-01	6.95e-02	7.88e-08
 2.10411e+23	9.32e-01	6.82e-02	8.17e-08
 2.10564e+23	9.33e-01	6.70e-02	8.49e-08
 2.10709e+23	9.34e-01	6.59e-02	8.79e-08
 2.10851e+23	9.35e-01	6.47e-02	9.15e-08
 2.10989e+23	9.36e-01	6.36e-02	9.50e-08
 2.11116e+23	9.37e-01	6.26e-02	9.83e-08
 2.11231e+23	9.38e-01	6.17e-02	1.02e-07
 2.11335e+23	9.39e-01	6.09e-02	1.05e-07
 2.11431e+23	9.40e-01	6.02e-02	1.08e-07
 2.11517e+23	9.40e-01	5.96e-02	1.11e-07
 2.11596e+23	9.41e-01	5.90e-02	1.13e-07
 2.11668e+23	9.42e-01	5.85e-02	1.16e-07
 2.11747e+23	9.42e-01	5.78e-02	1.19e-07
 2.11832e+23	9.43e-01	5.70e-02	1.22e-07
 2.11909e+23	9.44e-01	5.65e-02	1.24e-07
 2.11979e+23	9.44e-01	5.59e-02	1.27e-07
 2.12043e+23	9.44e-01	5.56e-02	1.29e-07
 2.12113e+23	9.45e-01	5.49e-02	1.31e-07
 2.12205e+23	9.46e-01	5.41e-02	1.35e-07
 2.12303e+23	9.47e-01	5.32e-02	1.38e-07
 2.12393e+23	9.48e-01	5.25e-02	1.40e-07
 2.12474e+23	9.48e-01	5.20e-02	1.42e-07
 2.12563e+23	9.49e-01	5.13e-02	1.44e-07
 2.12660e+23	9.49e-01	5.06e-02	1.47e-07
 2.12748e+23	9.50e-01	5.00e-02	1.48e-07
 2.12827e+23	9.50e-01	4.96e-02	1.50e-07
 2.12915e+23	9.51e-01	4.90e-02	1.51e-07
 2.13009e+23	9.52e-01	4.83e-02	1.52e-07
 2.13095e+23	9.52e-01	4.78e-02	1.53e-07
 2.13189e+23	9.53e-01	4.73e-02	1.54e-07
 2.13291e+23	9.53e-01	4.65e-02	1.56e-07
 2.13384e+23	9.54e-01	4.60e-02	1.56e-07
 2.13468e+23	9.54e-01	4.55e-02	1.57e-07
 2.13544e+23	9.55e-01	4.52e-02	1.57e-07
 2.13628e+23	9.55e-01	4.47e-02	1.57e-07
 2.13738e+23	9.56e-01	4.39e-02	1.57e-07
 2.13855e+23	9.57e-01	4.31e-02	1.58e-07
 2.13963e+23	9.58e-01	4.24e-02	1.57e-07
 2.14060e+23	9.58e-01	4.19e-02	1.57e-07
 2.14149e+23	9.59e-01	4.14e-02	1.57e-07
 2.14230e+23	9.59e-01	4.10e-02	1.56e-07
 2.14303e+23	9.59e-01	4.07e-02	1.56e-07
 2.14384e+23	9.60e-01	4.02e-02	1.55e-07
 2.14471e+23	9.60e-01	3.97e-02	1.54e-07
 2.14550e+23	9.61e-01	3.92e-02	1.53e-07
 2.14622e+23	9.61e-01	3.90e-02	1.53e-07
 2.14701e+23	9.61e-01	3.85e-02	1.52e-07
 2.14786e+23	9.62e-01	3.80e-02	1.52e-07
 2.14864e+23	9.62e-01	3.76e-02	1.51e-07
 2.14935e+23	9.63e-01	3.74e-02	1.51e-07
 2.15012e+23	9.63e-01	3.70e-02	1.50e-07
 2.15095e+23	9.63e-01	3.65e-02	1.49e-07
 2.15171e+23	9.64e-01	3.62e-02	1.49e-07
 2.15240e+23	9.64e-01	3.60e-02	1.49e-07
 2.15316e+23	9.64e-01	3.56e-02	1.48e-07
 2.15398e+23	9.65e-01	3.52e-02	1.47e-07
 2.15488e+23	9.65e-01	3.48e-02	1.47e-07
 2.15584e+23	9.66e-01	3.43e-02	1.47e-07
 2.15690e+23	9.66e-01	3.39e-02	1.46e-07
 2.15805e+23	9.67e-01	3.33e-02	1.46e-07
 2.15909e+23	9.67e-01	3.29e-02	1.45e-07
 2.16004e+23	9.67e-01	3.27e-02	1.45e-07
 2.16108e+23	9.68e-01	3.22e-02	1.44e-07
 2.16220e+23	9.68e-01	3.18e-02	1.44e-07
 2.16322e+23	9.69e-01	3.14e-02	1.43e-07
 2.16434e+23	9.69e-01	3.10e-02	1.42e-07
 2.16554e+23	9.69e-01	3.05e-02	1.42e-07
 2.16664e+23	9.70e-01	3.01e-02	1.41e-07
 2.16764e+23	9.70e-01	2.99e-02	1.41e-07
 2.16874e+23	9.71e-01	2.95e-02	1.40e-07
 2.16992e+23	9.71e-01	2.90e-02	1.40e-07
 2.17100e+23	9.71e-01	2.88e-02	1.40e-07
 2.17218e+23	9.72e-01	2.84e-02	1.39e-07
 2.17345e+23	9.72e-01	2.79e-02	1.39e-07
 2.17461e+23	9.72e-01	2.75e-02	1.38e-07
 2.17566e+23	9.73e-01	2.73e-02	1.38e-07
 2.17682e+23	9.73e-01	2.70e-02	1.37e-07
 2.17806e+23	9.73e-01	2.66e-02	1.37e-07
 2.17920e+23	9.74e-01	2.63e-02	1.37e-07
 2.18044e+23	9.74e-01	2.59e-02	1.36e-07
 2.18178e+23	9.75e-01	2.55e-02	1.37e-07
 2.18301e+23	9.75e-01	2.52e-02	1.37e-07
 2.18435e+23	9.75e-01	2.48e-02	1.36e-07
 2.18579e+23	9.76e-01	2.45e-02	1.37e-07
 2.18711e+23	9.76e-01	2.41e-02	1.36e-07
 2.18830e+23	9.76e-01	2.38e-02	1.36e-07
 2.18939e+23	9.76e-01	2.37e-02	1.36e-07
 2.19059e+23	9.77e-01	2.34e-02	1.35e-07
 2.19187e+23	9.77e-01	2.30e-02	1.35e-07
 2.19305e+23	9.77e-01	2.28e-02	1.35e-07
 2.19433e+23	9.77e-01	2.25e-02	1.35e-07
 2.19572e+23	9.78e-01	2.21e-02	1.35e-07
 2.19698e+23	9.78e-01	2.19e-02	1.35e-07
 2.19836e+23	9.78e-01	2.16e-02	1.35e-07
 2.19986e+23	9.79e-01	2.12e-02	1.35e-07
 2.20122e+23	9.79e-01	2.10e-02	1.35e-07
 2.20271e+23	9.79e-01	2.07e-02	1.35e-07
 2.20431e+23	9.80e-01	2.03e-02	1.35e-07
 2.20578e+23	9.80e-01	2.01e-02	1.35e-07
 2.20738e+23	9.80e-01	1.98e-02	1.34e-07
 2.20911e+23	9.81e-01	1.94e-02	1.35e-07
 2.21068e+23	9.81e-01	1.92e-02	1.35e-07
 2.21241e+23	9.81e-01	1.89e-02	1.34e-07
 2.21427e+23	9.81e-01	1.85e-02	1.34e-07
 2.21597e+23	9.82e-01	1.83e-02	1.34e-07
 2.21783e+23	9.82e-01	1.80e-02	1.34e-07
 2.21983e+23	9.82e-01	1.77e-02	1.35e-07
 2.22166e+23	9.83e-01	1.74e-02	1.34e-07
 2.22332e+23	9.83e-01	1.72e-02	1.34e-07
 2.22514e+23	9.83e-01	1.69e-02	1.34e-07
 2.22710e+23	9.83e-01	1.66e-02	1.34e-07
 2.22889e+23	9.84e-01	1.64e-02	1.34e-07
 2.23085e+23	9.84e-01	1.61e-02	1.34e-07
 2.23296e+23	9.84e-01	1.58e-02	1.34e-07
 2.23489e+23	9.84e-01	1.55e-02	1.34e-07
 2.23700e+23	9.85e-01	1.52e-02	1.34e-07
 2.23928e+23	9.85e-01	1.49e-02	1.34e-07
 2.24135e+23	9.85e-01	1.47e-02	1.34e-07
 2.24362e+23	9.86e-01	1.44e-02	1.34e-07
 2.24607e+23	9.86e-01	1.41e-02	1.34e-07
 2.24830e+23	9.86e-01	1.39e-02	1.34e-07
 2.25033e+23	9.86e-01	1.37e-02	1.34e-07
 2.25255e+23	9.87e-01	1.35e-02	1.34e-07
 2.25496e+23	9.87e-01	1.32e-02	1.34e-07
 2.25714e+23	9.87e-01	1.30e-02	1.34e-07
 2.25954e+23	9.87e-01	1.27e-02	1.34e-07
 2.26212e+23	9.88e-01	1.25e-02	1.35e-07
 2.26447e+23	9.88e-01	1.23e-02	1.35e-07
 2.26661e+23	9.88e-01	1.21e-02	1.35e-07
 2.26896e+23	9.88e-01	1.19e-02	1.35e-07
 2.27149e+23	9.88e-01	1.16e-02	1.35e-07
 2.27427e+23	9.89e-01	1.14e-02	1.35e-07
 2.27769e+23	9.89e-01	1.10e-02	1.35e-07
 2.28138e+23	9.89e-01	1.07e-02	1.35e-07
 2.28505e+23	9.90e-01	1.05e-02	1.35e-07
 2.28875e+23	9.90e-01	1.02e-02	1.35e-07
 2.29250e+23	9.90e-01	9.89e-03	1.36e-07
 2.29630e+23	9.90e-01	9.62e-03	1.36e-07
 2.30012e+23	9.91e-01	9.35e-03	1.36e-07
 2.30399e+23	9.91e-01	9.09e-03	1.36e-07
 2.30790e+23	9.91e-01	8.83e-03	1.36e-07
 2.31186e+23	9.91e-01	8.58e-03	1.36e-07
 2.31585e+23	9.92e-01	8.34e-03	1.36e-07
 2.31988e+23	9.92e-01	8.10e-03	1.36e-07
 2.32394e+23	9.92e-01	7.86e-03	1.37e-07
 2.32804e+23	9.92e-01	7.63e-03	1.37e-07
 2.33217e+23	9.93e-01	7.41e-03	1.37e-07
 2.33633e+23	9.93e-01	7.20e-03	1.37e-07
 2.34051e+23	9.93e-01	6.98e-03	1.37e-07
 2.34473e+23	9.93e-01	6.78e-03	1.37e-07
 2.34898e+23	9.93e-01	6.58e-03	1.38e-07
 2.35326e+23	9.94e-01	6.38e-03	1.38e-07
 2.35758e+23	9.94e-01	6.19e-03	1.38e-07
 2.36192e+23	9.94e-01	6.00e-03	1.38e-07
 2.36629e+23	9.94e-01	5.82e-03	1.39e-07
 2.37074e+23	9.94e-01	5.65e-03	1.39e-07
 2.37529e+23	9.95e-01	5.47e-03	1.39e-07
 2.37990e+23	9.95e-01	5.30e-03	1.40e-07
 2.38456e+23	9.95e-01	5.13e-03	1.40e-07
 2.38926e+23	9.95e-01	4.97e-03	1.40e-07
 2.39402e+23	9.95e-01	4.81e-03	1.41e-07
 2.39883e+23	9.95e-01	4.66e-03	1.41e-07
 2.40369e+23	9.95e-01	4.51e-03	1.42e-07
 2.40863e+23	9.96e-01	4.36e-03	1.42e-07
 2.41365e+23	9.96e-01	4.22e-03	1.43e-07
 2.41879e+23	9.96e-01	4.07e-03	1.44e-07
 2.42405e+23	9.96e-01	3.93e-03	1.45e-07
 2.42942e+23	9.96e-01	3.80e-03	1.45e-07
 2.43487e+23	9.96e-01	3.66e-03	1.46e-07
 2.44042e+23	9.96e-01	3.53e-03	1.47e-07
 2.44608e+23	9.97e-01	3.41e-03	1.49e-07
 2.45184e+23	9.97e-01	3.28e-03	1.50e-07
 2.45771e+23	9.97e-01	3.16e-03	1.51e-07
 2.46373e+23	9.97e-01	3.04e-03	1.53e-07
 2.46990e+23	9.97e-01	2.92e-03	1.54e-07
 2.47620e+23	9.97e-01	2.81e-03	1.56e-07
 2.48266e+23	9.97e-01	2.70e-03	1.58e-07
 2.48926e+23	9.97e-01	2.59e-03	1.60e-07
 2.49603e+23	9.98e-01	2.48e-03	1.63e-07
 2.50296e+23	9.98e-01	2.38e-03	1.65e-07
 2.51001e+23	9.98e-01	2.28e-03	1.68e-07
 2.51712e+23	9.98e-01	2.18e-03	1.71e-07
 2.52432e+23	9.98e-01	2.09e-03	1.75e-07
 2.53159e+23	9.98e-01	2.00e-03	1.79e-07
 2.53894e+23	9.98e-01	1.91e-03	1.83e-07
 2.54636e+23	9.98e-01	1.83e-03	1.88e-07
 2.55386e+23	9.98e-01	1.75e-03	1.93e-07
 2.56143e+23	9.98e-01	1.67e-03	1.99e-07
 2.56910e+23	9.98e-01	1.60e-03	2.06e-07
 2.57682e+23	9.98e-01	1.52e-03	2.13e-07
 2.58460e+23	9.99e-01	1.46e-03	2.21e-07
 2.59248e+23	9.99e-01	1.39e-03	2.31e-07
 2.60048e+23	9.99e-01	1.32e-03	2.41e-07
 2.60854e+23	9.99e-01	1.26e-03	2.53e-07
 2.61668e+23	9.99e-01	1.20e-03	2.67e-07
 2.62493e+23	9.99e-01	1.15e-03	2.82e-07
 2.63328e+23	9.99e-01	1.09e-03	3.01e-07
 2.64172e+23	9.99e-01	1.04e-03	3.22e-07
 2.65000e+23	9.99e-01	9.90e-04	3.47e-07
 2.65779e+23	9.99e-01	9.47e-04	3.74e-07
 2.66500e+23	9.99e-01	9.08e-04	4.04e-07
 2.67177e+23	9.99e-01	8.73e-04	4.37e-07
 2.67823e+23	9.99e-01	8.41e-04	4.73e-07
 2.68441e+23	9.99e-01	8.11e-04	5.13e-07
 2.69029e+23	9.99e-01	7.84e-04	5.57e-07
 2.69586e+23	9.99e-01	7.59e-04	6.07e-07
 2.70113e+23	9.99e-01	7.36e-04	6.61e-07
 2.70612e+23	9.99e-01	7.15e-04	7.20e-07
 2.71088e+23	9.99e-01	6.95e-04	7.87e-07
 2.71542e+23	9.99e-01	6.74e-04	8.62e-07
 2.71970e+23	9.99e-01	6.58e-04	9.43e-07
 2.72374e+23	9.99e-01	6.42e-04	1.03e-06
 2.72761e+23	9.99e-01	6.27e-04	1.13e-06
 2.73136e+23	9.99e-01	6.14e-04	1.24e-06
 2.73496e+23	9.99e-01	6.01e-04	1.36e-06
 2.73839e+23	9.99e-01	5.89e-04	1.49e-06
 2.74165e+23	9.99e-01	5.77e-04	1.64e-06
 2.74477e+23	9.99e-01	5.67e-04	1.80e-06
 2.74778e+23	9.99e-01	5.56e-04	1.98e-06
 2.75069e+23	9.99e-01	5.46e-04	2.18e-06
 2.75352e+23	9.99e-01	5.37e-04	2.40e-06
 2.75624e+23	9.99e-01	5.28e-04	2.64e-06
 2.75885e+23	9.99e-01	5.20e-04	2.91e-06
 2.76138e+23	9.99e-01	5.12e-04	3.20e-06
 2.76385e+23	9.99e-01	5.04e-04	3.52e-06
 2.76627e+23	9.99e-01	4.97e-04	3.87e-06
 2.76865e+23	1.00e+00	4.89e-04	4.26e-06
 2.77098e+23	1.00e+00	4.82e-04	4.69e-06
 2.77327e+23	1.00e+00	4.76e-04	5.15e-06
 2.77554e+23	1.00e+00	4.69e-04	5.66e-06
 2.77779e+23	1.00e+00	4.62e-04	6.22e-06
 2.78005e+23	1.00e+00	4.56e-04	6.84e-06
 2.78230e+23	1.00e+00	4.49e-04	7.50e-06
 2.78457e+23	1.00e+00	4.43e-04	8.23e-06
 2.78687e+23	1.00e+00	4.36e-04	9.01e-06
 2.78922e+23	1.00e+00	4.30e-04	9.88e-06
 2.79162e+23	1.00e+00	4.23e-04	1.08e-05
 2.79407e+23	1.00e+00	4.16e-04	1.18e-05
 2.79660e+23	1.00e+00	4.10e-04	1.29e-05
 2.79923e+23	1.00e+00	4.02e-04	1.41e-05
 2.80198e+23	1.00e+00	3.95e-04	1.54e-05
 2.80485e+23	1.00e+00	3.88e-04	1.67e-05
 2.80787e+23	1.00e+00	3.80e-04	1.82e-05
 2.81104e+23	1.00e+00	3.72e-04	1.98e-05
 2.81437e+23	1.00e+00	3.64e-04	2.15e-05
 2.81791e+23	1.00e+00	3.55e-04	2.33e-05
 2.82167e+23	1.00e+00	3.46e-04	2.52e-05
 2.82569e+23	1.00e+00	3.37e-04	2.73e-05
 2.82993e+23	1.00e+00	3.28e-04	2.95e-05
 2.83439e+23	1.00e+00	3.18e-04	3.18e-05
 2.83914e+23	1.00e+00	3.07e-04	3.42e-05
 2.84425e+23	1.00e+00	2.97e-04	3.68e-05
 2.84973e+23	1.00e+00	2.85e-04	3.95e-05
 2.85557e+23	1.00e+00	2.74e-04	4.23e-05
 2.86180e+23	1.00e+00	2.62e-04	4.51e-05
 2.86847e+23	1.00e+00	2.50e-04	4.81e-05
 2.87567e+23	1.00e+00	2.37e-04	5.11e-05
 2.88342e+23	1.00e+00	2.24e-04	5.41e-05
 2.89180e+23	1.00e+00	2.10e-04	5.70e-05
 2.90090e+23	1.00e+00	1.96e-04	5.99e-05
 2.91081e+23	1.00e+00	1.82e-04	6.27e-05
 2.92160e+23	1.00e+00	1.67e-04	6.53e-05
 2.93331e+23	1.00e+00	1.52e-04	6.78e-05
 2.94601e+23	1.00e+00	1.37e-04	7.01e-05
 2.95967e+23	1.00e+00	1.23e-04	7.22e-05
 2.97417e+23	1.00e+00	1.09e-04	7.44e-05
 2.98918e+23	1.00e+00	9.61e-05	7.68e-05
 3.00400e+23	1.00e+00	8.49e-05	7.99e-05
 3.01730e+23	1.00e+00	7.62e-05	8.38e-05
 3.02831e+23	1.00e+00	6.96e-05	8.82e-05
 3.03743e+23	1.00e+00	6.44e-05	9.31e-05
 3.04529e+23	1.00e+00	6.02e-05	9.88e-05
 3.05225e+23	1.00e+00	5.65e-05	1.06e-04
 3.05807e+23	1.00e+00	5.37e-05	1.13e-04
 3.06243e+23	1.00e+00	5.17e-05	1.20e-04
 3.06564e+23	1.00e+00	5.02e-05	1.27e-04
 3.06821e+23	1.00e+00	4.89e-05	1.33e-04
 3.07045e+23	1.00e+00	4.78e-05	1.38e-04
 3.07247e+23	1.00e+00	4.68e-05	1.44e-04
 3.07431e+23	1.00e+00	4.59e-05	1.50e-04
 3.07601e+23	1.00e+00	4.51e-05	1.56e-04
 3.07759e+23	1.00e+00	4.44e-05	1.62e-04
 3.07909e+23	1.00e+00	4.38e-05	1.68e-04
 3.08053e+23	1.00e+00	4.32e-05	1.75e-04
 3.08191e+23	1.00e+00	4.27e-05	1.81e-04
 3.08327e+23	1.00e+00	4.22e-05	1.87e-04
 3.08460e+23	1.00e+00	4.18e-05	1.94e-04
 3.08547e+23	1.00e+00	4.17e-05	1.97e-04
