#depth	C	C+	C+2	C+3	C+4	C+5	C+6	C[1]	C[2]	C[3]	C+[1]	C+[2]	CO
 4.62852e+21	0.00e+00	5.16e-26	1.15e-19	2.98e-14	9.50e-09	1.68e-04	1.00e+00	0.00e+00	0.00e+00	0.00e+00	0.00e+00	0.00e+00	1.11e-123
 1.05368e+22	0.00e+00	3.16e-25	5.00e-19	9.16e-14	1.99e-08	2.40e-04	1.00e+00	0.00e+00	0.00e+00	0.00e+00	0.00e+00	0.00e+00	3.89e-118
 1.26843e+22	7.48e-33	1.07e-24	1.34e-18	1.95e-13	3.26e-08	3.04e-04	1.00e+00	0.00e+00	0.00e+00	0.00e+00	0.00e+00	0.00e+00	2.24e-92
 1.42464e+22	2.37e-32	2.81e-24	2.94e-18	3.58e-13	4.86e-08	3.68e-04	1.00e+00	0.00e+00	0.00e+00	0.00e+00	0.00e+00	0.00e+00	4.11e-92
 1.51142e+22	3.15e-32	3.57e-24	3.59e-18	4.17e-13	5.37e-08	3.86e-04	1.00e+00	0.00e+00	0.00e+00	0.00e+00	0.00e+00	0.00e+00	3.02e-91
 1.54611e+22	4.22e-32	4.55e-24	4.37e-18	4.84e-13	5.93e-08	4.05e-04	1.00e+00	0.00e+00	0.00e+00	0.00e+00	0.00e+00	0.00e+00	8.56e-89
 1.58065e+22	5.59e-32	5.78e-24	5.30e-18	5.63e-13	6.54e-08	4.24e-04	1.00e+00	0.00e+00	0.00e+00	0.00e+00	0.00e+00	0.00e+00	1.58e-88
 1.62024e+22	7.92e-32	7.75e-24	6.74e-18	6.80e-13	7.39e-08	4.50e-04	1.00e+00	0.00e+00	0.00e+00	0.00e+00	0.00e+00	0.00e+00	3.48e-88
 1.66038e+22	1.07e-31	9.98e-24	8.27e-18	7.96e-13	8.20e-08	4.73e-04	1.00e+00	0.00e+00	0.00e+00	0.00e+00	0.00e+00	0.00e+00	4.21e-88
 1.69235e+22	1.37e-31	1.23e-23	9.79e-18	9.07e-13	8.94e-08	4.92e-04	1.00e+00	0.00e+00	0.00e+00	0.00e+00	0.00e+00	0.00e+00	5.16e-88
 1.72505e+22	1.83e-31	1.57e-23	1.20e-17	1.06e-12	9.89e-08	5.16e-04	9.99e-01	0.00e+00	0.00e+00	0.00e+00	0.00e+00	0.00e+00	5.90e-87
 1.75921e+22	2.38e-31	1.95e-23	1.43e-17	1.22e-12	1.08e-07	5.39e-04	9.99e-01	0.00e+00	0.00e+00	0.00e+00	0.00e+00	0.00e+00	1.33e-86
 1.78988e+22	3.05e-31	2.40e-23	1.69e-17	1.39e-12	1.18e-07	5.62e-04	9.99e-01	0.00e+00	0.00e+00	0.00e+00	0.00e+00	0.00e+00	2.15e-86
 1.81964e+22	3.88e-31	2.94e-23	1.99e-17	1.58e-12	1.29e-07	5.85e-04	9.99e-01	0.00e+00	0.00e+00	0.00e+00	0.00e+00	0.00e+00	4.51e-86
 1.85362e+22	5.24e-31	3.79e-23	2.45e-17	1.85e-12	1.43e-07	6.15e-04	9.99e-01	0.00e+00	0.00e+00	0.00e+00	0.00e+00	0.00e+00	2.83e-86
 1.88829e+22	6.80e-31	4.72e-23	2.93e-17	2.13e-12	1.56e-07	6.42e-04	9.99e-01	0.00e+00	0.00e+00	0.00e+00	0.00e+00	0.00e+00	1.16e-85
 1.91861e+22	8.70e-31	5.80e-23	3.46e-17	2.43e-12	1.70e-07	6.69e-04	9.99e-01	0.00e+00	0.00e+00	0.00e+00	0.00e+00	0.00e+00	8.06e-86
 1.95280e+22	1.17e-30	7.46e-23	4.25e-17	2.85e-12	1.89e-07	7.03e-04	9.99e-01	0.00e+00	0.00e+00	0.00e+00	0.00e+00	0.00e+00	1.32e-85
 1.98581e+22	1.49e-30	9.14e-23	5.01e-17	3.23e-12	2.06e-07	7.32e-04	9.99e-01	0.00e+00	0.00e+00	0.00e+00	0.00e+00	0.00e+00	5.29e-85
 2.01147e+22	1.84e-30	1.09e-22	5.77e-17	3.60e-12	2.21e-07	7.58e-04	9.99e-01	0.00e+00	0.00e+00	0.00e+00	0.00e+00	0.00e+00	1.84e-84
 2.03900e+22	2.33e-30	1.33e-22	6.79e-17	4.10e-12	2.41e-07	7.88e-04	9.99e-01	0.00e+00	0.00e+00	0.00e+00	0.00e+00	0.00e+00	3.84e-84
 2.06925e+22	2.97e-30	1.63e-22	8.01e-17	4.65e-12	2.62e-07	8.20e-04	9.99e-01	0.00e+00	0.00e+00	0.00e+00	0.00e+00	0.00e+00	3.29e-84
 2.09732e+22	3.69e-30	1.96e-22	9.30e-17	5.22e-12	2.83e-07	8.51e-04	9.99e-01	0.00e+00	0.00e+00	0.00e+00	0.00e+00	0.00e+00	1.19e-83
 2.12811e+22	4.81e-30	2.45e-22	1.12e-16	6.03e-12	3.10e-07	8.89e-04	9.99e-01	0.00e+00	0.00e+00	0.00e+00	0.00e+00	0.00e+00	9.63e-84
 2.15953e+22	6.13e-30	3.00e-22	1.32e-16	6.84e-12	3.38e-07	9.26e-04	9.99e-01	0.00e+00	0.00e+00	0.00e+00	0.00e+00	0.00e+00	2.37e-83
 2.18589e+22	7.58e-30	3.58e-22	1.52e-16	7.65e-12	3.63e-07	9.59e-04	9.99e-01	0.00e+00	0.00e+00	0.00e+00	0.00e+00	0.00e+00	2.30e-83
 2.21430e+22	9.69e-30	4.41e-22	1.80e-16	8.73e-12	3.96e-07	9.99e-04	9.99e-01	0.00e+00	0.00e+00	0.00e+00	0.00e+00	0.00e+00	3.17e-83
 2.24484e+22	1.24e-29	5.40e-22	2.12e-16	9.91e-12	4.31e-07	1.04e-03	9.99e-01	0.00e+00	0.00e+00	0.00e+00	0.00e+00	0.00e+00	6.64e-83
 2.27067e+22	1.50e-29	6.37e-22	2.43e-16	1.10e-11	4.62e-07	1.07e-03	9.99e-01	0.00e+00	0.00e+00	0.00e+00	0.00e+00	0.00e+00	2.45e-82
 2.29679e+22	1.88e-29	7.70e-22	2.83e-16	1.24e-11	5.00e-07	1.12e-03	9.99e-01	0.00e+00	0.00e+00	0.00e+00	0.00e+00	0.00e+00	4.27e-82
 2.32463e+22	2.33e-29	9.22e-22	3.28e-16	1.39e-11	5.39e-07	1.16e-03	9.99e-01	0.00e+00	0.00e+00	0.00e+00	0.00e+00	0.00e+00	5.08e-82
 2.34979e+22	2.85e-29	1.09e-21	3.75e-16	1.54e-11	5.78e-07	1.20e-03	9.99e-01	0.00e+00	0.00e+00	0.00e+00	0.00e+00	0.00e+00	1.17e-81
 2.37757e+22	3.62e-29	1.33e-21	4.42e-16	1.75e-11	6.29e-07	1.24e-03	9.99e-01	0.00e+00	0.00e+00	0.00e+00	0.00e+00	0.00e+00	7.27e-82
 2.40674e+22	4.54e-29	1.61e-21	5.15e-16	1.98e-11	6.81e-07	1.29e-03	9.99e-01	0.00e+00	0.00e+00	0.00e+00	0.00e+00	0.00e+00	2.76e-81
 2.43158e+22	5.52e-29	1.90e-21	5.89e-16	2.19e-11	7.29e-07	1.34e-03	9.99e-01	0.00e+00	0.00e+00	0.00e+00	0.00e+00	0.00e+00	1.82e-80
 2.45431e+22	6.61e-29	2.21e-21	6.66e-16	2.41e-11	7.77e-07	1.38e-03	9.99e-01	0.00e+00	0.00e+00	0.00e+00	0.00e+00	0.00e+00	2.85e-80
 2.48042e+22	8.26e-29	2.66e-21	7.76e-16	2.72e-11	8.41e-07	1.43e-03	9.99e-01	0.00e+00	0.00e+00	0.00e+00	0.00e+00	0.00e+00	4.95e-80
 2.50842e+22	1.03e-28	3.20e-21	8.99e-16	3.04e-11	9.08e-07	1.48e-03	9.99e-01	0.00e+00	0.00e+00	0.00e+00	0.00e+00	0.00e+00	8.55e-80
 2.53374e+22	1.26e-28	3.79e-21	1.03e-15	3.39e-11	9.75e-07	1.54e-03	9.98e-01	0.00e+00	0.00e+00	0.00e+00	0.00e+00	0.00e+00	1.41e-79
 2.56153e+22	1.60e-28	4.63e-21	1.22e-15	3.85e-11	1.06e-06	1.60e-03	9.98e-01	0.00e+00	0.00e+00	0.00e+00	0.00e+00	0.00e+00	2.56e-79
 2.58931e+22	1.98e-28	5.52e-21	1.40e-15	4.29e-11	1.14e-06	1.66e-03	9.98e-01	0.00e+00	0.00e+00	0.00e+00	0.00e+00	0.00e+00	4.33e-79
 2.61206e+22	2.37e-28	6.42e-21	1.58e-15	4.72e-11	1.22e-06	1.71e-03	9.98e-01	0.00e+00	0.00e+00	0.00e+00	0.00e+00	0.00e+00	6.79e-79
 2.63662e+22	2.93e-28	7.66e-21	1.83e-15	5.27e-11	1.31e-06	1.77e-03	9.98e-01	0.00e+00	0.00e+00	0.00e+00	0.00e+00	0.00e+00	1.15e-78
 2.66345e+22	3.60e-28	9.11e-21	2.10e-15	5.88e-11	1.41e-06	1.83e-03	9.98e-01	0.00e+00	0.00e+00	0.00e+00	0.00e+00	0.00e+00	1.92e-78
 2.68877e+22	4.42e-28	1.08e-20	2.41e-15	6.54e-11	1.52e-06	1.90e-03	9.98e-01	0.00e+00	0.00e+00	0.00e+00	0.00e+00	0.00e+00	3.20e-78
 2.71333e+22	5.39e-28	1.27e-20	2.75e-15	7.25e-11	1.63e-06	1.96e-03	9.98e-01	0.00e+00	0.00e+00	0.00e+00	0.00e+00	0.00e+00	5.24e-78
 2.73688e+22	6.49e-28	1.49e-20	3.12e-15	7.99e-11	1.74e-06	2.03e-03	9.98e-01	0.00e+00	0.00e+00	0.00e+00	0.00e+00	0.00e+00	8.33e-78
 2.76301e+22	8.11e-28	1.79e-20	3.63e-15	8.98e-11	1.88e-06	2.11e-03	9.98e-01	0.00e+00	0.00e+00	0.00e+00	0.00e+00	0.00e+00	1.45e-77
 2.79034e+22	1.00e-27	2.14e-20	4.18e-15	1.00e-10	2.02e-06	2.18e-03	9.98e-01	0.00e+00	0.00e+00	0.00e+00	0.00e+00	0.00e+00	2.46e-77
 2.81424e+22	1.21e-27	2.51e-20	4.75e-15	1.10e-10	2.16e-06	2.26e-03	9.98e-01	0.00e+00	0.00e+00	0.00e+00	0.00e+00	0.00e+00	3.97e-77
 2.84032e+22	1.52e-27	3.02e-20	5.52e-15	1.24e-10	2.34e-06	2.35e-03	9.98e-01	0.00e+00	0.00e+00	0.00e+00	0.00e+00	0.00e+00	6.97e-77
 2.86809e+22	1.89e-27	3.62e-20	6.37e-15	1.39e-10	2.52e-06	2.44e-03	9.98e-01	0.00e+00	0.00e+00	0.00e+00	0.00e+00	0.00e+00	1.20e-76
 2.89197e+22	2.28e-27	4.22e-20	7.21e-15	1.52e-10	2.69e-06	2.52e-03	9.97e-01	0.00e+00	0.00e+00	0.00e+00	0.00e+00	0.00e+00	1.92e-76
 2.91363e+22	2.72e-27	4.89e-20	8.12e-15	1.67e-10	2.86e-06	2.60e-03	9.97e-01	0.00e+00	0.00e+00	0.00e+00	0.00e+00	0.00e+00	2.99e-76
 2.93849e+22	3.38e-27	5.85e-20	9.37e-15	1.86e-10	3.09e-06	2.70e-03	9.97e-01	0.00e+00	0.00e+00	0.00e+00	0.00e+00	0.00e+00	5.16e-76
 2.96489e+22	4.16e-27	6.94e-20	1.07e-14	2.06e-10	3.32e-06	2.80e-03	9.97e-01	0.00e+00	0.00e+00	0.00e+00	0.00e+00	0.00e+00	8.71e-76
 2.98869e+22	5.03e-27	8.11e-20	1.21e-14	2.27e-10	3.54e-06	2.89e-03	9.97e-01	0.00e+00	0.00e+00	0.00e+00	0.00e+00	0.00e+00	1.40e-75
 3.01504e+22	6.35e-27	9.82e-20	1.41e-14	2.55e-10	3.84e-06	3.01e-03	9.97e-01	0.00e+00	0.00e+00	0.00e+00	0.00e+00	0.00e+00	2.51e-75
 3.04128e+22	7.75e-27	1.16e-19	1.61e-14	2.81e-10	4.11e-06	3.12e-03	9.97e-01	0.00e+00	0.00e+00	0.00e+00	0.00e+00	0.00e+00	4.15e-75
 3.06299e+22	9.28e-27	1.34e-19	1.81e-14	3.06e-10	4.37e-06	3.22e-03	9.97e-01	0.00e+00	0.00e+00	0.00e+00	0.00e+00	0.00e+00	6.53e-75
 3.08686e+22	1.14e-26	1.59e-19	2.07e-14	3.40e-10	4.69e-06	3.34e-03	9.97e-01	0.00e+00	0.00e+00	0.00e+00	0.00e+00	0.00e+00	1.11e-74
 3.11249e+22	1.41e-26	1.89e-19	2.36e-14	3.74e-10	5.03e-06	3.47e-03	9.97e-01	0.00e+00	0.00e+00	0.00e+00	0.00e+00	0.00e+00	1.90e-74
 3.13547e+22	1.69e-26	2.19e-19	2.66e-14	4.10e-10	5.36e-06	3.58e-03	9.96e-01	0.00e+00	0.00e+00	0.00e+00	0.00e+00	0.00e+00	2.99e-74
 3.16041e+22	2.13e-26	2.64e-19	3.08e-14	4.57e-10	5.79e-06	3.74e-03	9.96e-01	0.00e+00	0.00e+00	0.00e+00	0.00e+00	0.00e+00	5.39e-74
 3.18529e+22	2.59e-26	3.09e-19	3.48e-14	4.98e-10	6.17e-06	3.87e-03	9.96e-01	0.00e+00	0.00e+00	0.00e+00	0.00e+00	0.00e+00	8.86e-74
 3.20603e+22	3.06e-26	3.54e-19	3.87e-14	5.40e-10	6.53e-06	3.99e-03	9.96e-01	0.00e+00	0.00e+00	0.00e+00	0.00e+00	0.00e+00	1.36e-73
 3.22890e+22	3.79e-26	4.20e-19	4.41e-14	5.94e-10	7.00e-06	4.15e-03	9.96e-01	0.00e+00	0.00e+00	0.00e+00	0.00e+00	0.00e+00	2.34e-73
 3.25297e+22	4.62e-26	4.93e-19	4.99e-14	6.50e-10	7.47e-06	4.30e-03	9.96e-01	0.00e+00	0.00e+00	0.00e+00	0.00e+00	0.00e+00	3.88e-73
 3.27466e+22	5.55e-26	5.71e-19	5.59e-14	7.05e-10	7.93e-06	4.45e-03	9.96e-01	0.00e+00	0.00e+00	0.00e+00	0.00e+00	0.00e+00	6.23e-73
 3.29887e+22	6.99e-26	6.88e-19	6.44e-14	7.81e-10	8.55e-06	4.64e-03	9.95e-01	0.00e+00	0.00e+00	0.00e+00	0.00e+00	0.00e+00	1.13e-72
 3.32276e+22	8.43e-26	7.98e-19	7.22e-14	8.47e-10	9.08e-06	4.80e-03	9.95e-01	0.00e+00	0.00e+00	0.00e+00	0.00e+00	0.00e+00	1.83e-72
 3.34273e+22	1.00e-25	9.18e-19	8.03e-14	9.14e-10	9.60e-06	4.96e-03	9.95e-01	0.00e+00	0.00e+00	0.00e+00	0.00e+00	0.00e+00	2.87e-72
 3.36519e+22	1.25e-25	1.09e-18	9.16e-14	1.00e-09	1.03e-05	5.17e-03	9.95e-01	0.00e+00	0.00e+00	0.00e+00	0.00e+00	0.00e+00	5.09e-72
 3.38816e+22	1.50e-25	1.26e-18	1.02e-13	1.08e-09	1.09e-05	5.35e-03	9.95e-01	0.00e+00	0.00e+00	0.00e+00	0.00e+00	0.00e+00	8.14e-72
 3.41177e+22	1.89e-25	1.52e-18	1.17e-13	1.19e-09	1.17e-05	5.58e-03	9.94e-01	0.00e+00	0.00e+00	0.00e+00	0.00e+00	0.00e+00	1.48e-71
 3.43563e+22	2.30e-25	1.77e-18	1.32e-13	1.29e-09	1.25e-05	5.79e-03	9.94e-01	0.00e+00	0.00e+00	0.00e+00	0.00e+00	0.00e+00	2.49e-71
 3.45536e+22	2.71e-25	2.02e-18	1.46e-13	1.39e-09	1.32e-05	5.98e-03	9.94e-01	0.00e+00	0.00e+00	0.00e+00	0.00e+00	0.00e+00	3.85e-71
 3.47656e+22	3.36e-25	2.39e-18	1.65e-13	1.51e-09	1.41e-05	6.22e-03	9.94e-01	0.00e+00	0.00e+00	0.00e+00	0.00e+00	0.00e+00	6.74e-71
 3.49832e+22	4.03e-25	2.76e-18	1.83e-13	1.62e-09	1.49e-05	6.44e-03	9.94e-01	0.00e+00	0.00e+00	0.00e+00	0.00e+00	0.00e+00	1.10e-70
 3.51754e+22	4.79e-25	3.16e-18	2.03e-13	1.74e-09	1.57e-05	6.66e-03	9.93e-01	0.00e+00	0.00e+00	0.00e+00	0.00e+00	0.00e+00	1.73e-70
 3.53927e+22	5.96e-25	3.75e-18	2.30e-13	1.89e-09	1.68e-05	6.94e-03	9.93e-01	0.00e+00	0.00e+00	0.00e+00	0.00e+00	0.00e+00	3.08e-70
 3.56162e+22	7.23e-25	4.35e-18	2.57e-13	2.03e-09	1.78e-05	7.20e-03	9.93e-01	0.00e+00	0.00e+00	0.00e+00	0.00e+00	0.00e+00	5.16e-70
 3.58056e+22	8.54e-25	4.96e-18	2.83e-13	2.17e-09	1.87e-05	7.43e-03	9.93e-01	0.00e+00	0.00e+00	0.00e+00	0.00e+00	0.00e+00	8.03e-70
 3.60097e+22	1.05e-24	5.84e-18	3.19e-13	2.35e-09	1.99e-05	7.74e-03	9.92e-01	0.00e+00	0.00e+00	0.00e+00	0.00e+00	0.00e+00	1.41e-69
 3.62212e+22	1.26e-24	6.72e-18	3.54e-13	2.52e-09	2.11e-05	8.01e-03	9.92e-01	0.00e+00	0.00e+00	0.00e+00	0.00e+00	0.00e+00	2.27e-69
 3.64113e+22	1.51e-24	7.73e-18	3.92e-13	2.69e-09	2.22e-05	8.29e-03	9.92e-01	0.00e+00	0.00e+00	0.00e+00	0.00e+00	0.00e+00	3.69e-69
 3.65964e+22	1.79e-24	8.83e-18	4.32e-13	2.87e-09	2.34e-05	8.57e-03	9.91e-01	0.00e+00	0.00e+00	0.00e+00	0.00e+00	0.00e+00	5.86e-69
 3.68060e+22	2.22e-24	1.04e-17	4.87e-13	3.10e-09	2.50e-05	8.93e-03	9.91e-01	0.00e+00	0.00e+00	0.00e+00	0.00e+00	0.00e+00	1.04e-68
 3.70224e+22	2.69e-24	1.21e-17	5.43e-13	3.33e-09	2.65e-05	9.27e-03	9.91e-01	0.00e+00	0.00e+00	0.00e+00	0.00e+00	0.00e+00	1.76e-68
 3.72117e+22	3.22e-24	1.39e-17	6.00e-13	3.54e-09	2.79e-05	9.60e-03	9.90e-01	0.00e+00	0.00e+00	0.00e+00	0.00e+00	0.00e+00	2.87e-68
 3.73926e+22	3.82e-24	1.59e-17	6.61e-13	3.77e-09	2.94e-05	9.93e-03	9.90e-01	0.00e+00	0.00e+00	0.00e+00	0.00e+00	0.00e+00	4.58e-68
 3.75987e+22	4.73e-24	1.87e-17	7.46e-13	4.08e-09	3.14e-05	1.03e-02	9.90e-01	0.00e+00	0.00e+00	0.00e+00	0.00e+00	0.00e+00	8.21e-68
 3.78125e+22	5.73e-24	2.17e-17	8.29e-13	4.36e-09	3.33e-05	1.07e-02	9.89e-01	0.00e+00	0.00e+00	0.00e+00	0.00e+00	0.00e+00	1.38e-67
 3.80046e+22	6.90e-24	2.51e-17	9.19e-13	4.65e-09	3.52e-05	1.11e-02	9.89e-01	0.00e+00	0.00e+00	0.00e+00	0.00e+00	0.00e+00	2.30e-67
 3.82226e+22	8.75e-24	3.01e-17	1.05e-12	5.05e-09	3.77e-05	1.17e-02	9.88e-01	0.00e+00	0.00e+00	0.00e+00	0.00e+00	0.00e+00	4.42e-67
 3.84367e+22	1.05e-23	3.45e-17	1.16e-12	5.38e-09	3.98e-05	1.21e-02	9.88e-01	0.00e+00	0.00e+00	0.00e+00	0.00e+00	0.00e+00	7.21e-67
 3.86164e+22	1.25e-23	3.97e-17	1.28e-12	5.71e-09	4.20e-05	1.25e-02	9.87e-01	0.00e+00	0.00e+00	0.00e+00	0.00e+00	0.00e+00	1.19e-66
 3.87918e+22	1.49e-23	4.53e-17	1.41e-12	6.06e-09	4.42e-05	1.29e-02	9.87e-01	0.00e+00	0.00e+00	0.00e+00	4.53e-17	4.91e-26	1.93e-66
 3.89909e+22	1.86e-23	5.36e-17	1.59e-12	6.52e-09	4.72e-05	1.35e-02	9.86e-01	0.00e+00	0.00e+00	0.00e+00	5.36e-17	6.48e-24	3.53e-66
 3.91804e+22	2.18e-23	6.07e-17	1.73e-12	6.89e-09	4.96e-05	1.39e-02	9.86e-01	0.00e+00	0.00e+00	0.00e+00	6.07e-17	7.34e-24	5.51e-66
 3.93321e+22	2.56e-23	6.86e-17	1.89e-12	7.25e-09	5.19e-05	1.44e-02	9.86e-01	0.00e+00	0.00e+00	0.00e+00	6.86e-17	8.29e-24	8.62e-66
 3.94702e+22	2.94e-23	7.63e-17	2.04e-12	7.57e-09	5.41e-05	1.47e-02	9.85e-01	0.00e+00	0.00e+00	0.00e+00	7.63e-17	9.22e-24	1.27e-65
 3.95961e+22	3.36e-23	8.43e-17	2.19e-12	7.91e-09	5.62e-05	1.51e-02	9.85e-01	0.00e+00	0.00e+00	0.00e+00	8.43e-17	1.02e-23	1.83e-65
 3.97401e+22	3.97e-23	9.58e-17	2.40e-12	8.35e-09	5.90e-05	1.56e-02	9.84e-01	0.00e+00	0.00e+00	0.00e+00	9.58e-17	1.16e-23	2.92e-65
 3.98828e+22	4.54e-23	1.06e-16	2.58e-12	8.72e-09	6.14e-05	1.60e-02	9.84e-01	0.00e+00	0.00e+00	0.00e+00	1.06e-16	1.29e-23	4.25e-65
 4.00034e+22	5.17e-23	1.17e-16	2.77e-12	9.09e-09	6.38e-05	1.64e-02	9.84e-01	0.00e+00	0.00e+00	0.00e+00	1.17e-16	1.42e-23	6.10e-65
 4.01396e+22	6.11e-23	1.33e-16	3.03e-12	9.58e-09	6.70e-05	1.69e-02	9.83e-01	0.00e+00	0.00e+00	0.00e+00	1.33e-16	1.61e-23	9.72e-65
 4.02717e+22	6.94e-23	1.47e-16	3.24e-12	9.98e-09	6.96e-05	1.74e-02	9.83e-01	0.00e+00	0.00e+00	0.00e+00	1.47e-16	1.78e-23	1.38e-64
 4.03808e+22	7.84e-23	1.61e-16	3.47e-12	1.04e-08	7.21e-05	1.78e-02	9.82e-01	0.00e+00	0.00e+00	0.00e+00	1.61e-16	1.95e-23	1.94e-64
 4.05049e+22	9.13e-23	1.82e-16	3.77e-12	1.09e-08	7.54e-05	1.83e-02	9.82e-01	0.00e+00	0.00e+00	0.00e+00	1.82e-16	2.20e-23	2.98e-64
 4.06325e+22	1.05e-22	2.01e-16	4.05e-12	1.14e-08	7.85e-05	1.87e-02	9.81e-01	0.00e+00	0.00e+00	0.00e+00	2.01e-16	2.44e-23	4.33e-64
 4.07455e+22	1.19e-22	2.22e-16	4.34e-12	1.18e-08	8.15e-05	1.92e-02	9.81e-01	0.00e+00	0.00e+00	0.00e+00	2.22e-16	2.69e-23	6.15e-64
 4.08730e+22	1.41e-22	2.54e-16	4.77e-12	1.25e-08	8.57e-05	1.98e-02	9.80e-01	0.00e+00	0.00e+00	0.00e+00	2.54e-16	3.07e-23	9.99e-64
 4.09927e+22	1.59e-22	2.78e-16	5.10e-12	1.30e-08	8.88e-05	2.03e-02	9.80e-01	0.00e+00	0.00e+00	0.00e+00	2.78e-16	3.37e-23	1.40e-63
 4.11023e+22	1.85e-22	3.12e-16	5.53e-12	1.36e-08	9.28e-05	2.08e-02	9.79e-01	0.00e+00	0.00e+00	0.00e+00	3.12e-16	3.79e-23	2.12e-63
 4.12141e+22	2.11e-22	3.45e-16	5.94e-12	1.41e-08	9.63e-05	2.13e-02	9.79e-01	0.00e+00	0.00e+00	0.00e+00	3.45e-16	4.18e-23	3.02e-63
 4.13130e+22	2.38e-22	3.79e-16	6.35e-12	1.47e-08	9.98e-05	2.18e-02	9.78e-01	0.00e+00	0.00e+00	0.00e+00	3.79e-16	4.59e-23	4.23e-63
 4.14258e+22	2.83e-22	4.32e-16	6.97e-12	1.55e-08	1.05e-04	2.24e-02	9.77e-01	0.00e+00	0.00e+00	0.00e+00	4.32e-16	5.24e-23	6.77e-63
 4.15377e+22	3.23e-22	4.79e-16	7.50e-12	1.62e-08	1.09e-04	2.30e-02	9.77e-01	0.00e+00	0.00e+00	0.00e+00	4.79e-16	5.81e-23	9.73e-63
 4.16486e+22	3.83e-22	5.47e-16	8.24e-12	1.71e-08	1.14e-04	2.37e-02	9.76e-01	0.00e+00	0.00e+00	0.00e+00	5.47e-16	6.64e-23	1.55e-62
 4.17610e+22	4.43e-22	6.11e-16	8.92e-12	1.79e-08	1.19e-04	2.42e-02	9.76e-01	0.00e+00	0.00e+00	0.00e+00	6.11e-16	7.42e-23	2.29e-62
 4.18605e+22	5.12e-22	6.85e-16	9.68e-12	1.87e-08	1.24e-04	2.49e-02	9.75e-01	0.00e+00	0.00e+00	0.00e+00	6.85e-16	8.31e-23	3.39e-62
 4.19747e+22	6.24e-22	7.98e-16	1.08e-11	1.99e-08	1.32e-04	2.57e-02	9.74e-01	0.00e+00	0.00e+00	0.00e+00	7.98e-16	9.69e-23	5.77e-62
 4.20841e+22	7.12e-22	8.85e-16	1.16e-11	2.08e-08	1.37e-04	2.63e-02	9.74e-01	0.00e+00	0.00e+00	0.00e+00	8.85e-16	1.07e-22	8.21e-62
 4.21870e+22	2.02e-25	1.03e-15	1.30e-11	2.22e-08	1.44e-04	2.71e-02	9.73e-01	0.00e+00	0.00e+00	0.00e+00	1.03e-15	1.25e-22	3.57e-62
 4.22906e+22	2.33e-25	1.15e-15	1.40e-11	2.32e-08	1.50e-04	2.77e-02	9.72e-01	0.00e+00	0.00e+00	0.00e+00	1.15e-15	1.39e-22	3.19e-62
 4.23951e+22	2.89e-25	1.35e-15	1.58e-11	2.49e-08	1.59e-04	2.86e-02	9.71e-01	0.00e+00	0.00e+00	0.00e+00	1.35e-15	1.64e-22	5.46e-62
 4.24960e+22	3.32e-25	1.50e-15	1.71e-11	2.61e-08	1.65e-04	2.92e-02	9.71e-01	0.00e+00	0.00e+00	0.00e+00	1.50e-15	1.82e-22	7.64e-62
 4.25924e+22	4.11e-25	1.77e-15	1.93e-11	2.80e-08	1.75e-04	3.02e-02	9.70e-01	0.00e+00	0.00e+00	0.00e+00	1.77e-15	2.15e-22	1.30e-61
 4.26887e+22	4.74e-25	1.97e-15	2.09e-11	2.94e-08	1.82e-04	3.08e-02	9.69e-01	0.00e+00	0.00e+00	0.00e+00	1.97e-15	2.40e-22	1.83e-61
 4.27849e+22	5.94e-25	2.35e-15	2.38e-11	3.17e-08	1.93e-04	3.18e-02	9.68e-01	0.00e+00	0.00e+00	0.00e+00	2.35e-15	2.86e-22	3.17e-61
 4.28815e+22	6.97e-25	2.67e-15	2.61e-11	3.36e-08	2.02e-04	3.26e-02	9.67e-01	0.00e+00	0.00e+00	0.00e+00	2.67e-15	3.24e-22	4.65e-61
 4.29785e+22	8.79e-25	3.20e-15	2.99e-11	3.65e-08	2.15e-04	3.37e-02	9.66e-01	0.00e+00	0.00e+00	0.00e+00	3.20e-15	3.90e-22	8.13e-61
 4.30774e+22	1.05e-24	3.67e-15	3.31e-11	3.89e-08	2.25e-04	3.45e-02	9.65e-01	0.00e+00	0.00e+00	0.00e+00	3.67e-15	4.47e-22	1.23e-60
 4.31787e+22	1.33e-24	4.45e-15	3.82e-11	4.25e-08	2.41e-04	3.57e-02	9.64e-01	0.00e+00	0.00e+00	0.00e+00	4.45e-15	5.42e-22	2.18e-60
 4.32790e+22	1.61e-24	5.15e-15	4.27e-11	4.56e-08	2.53e-04	3.66e-02	9.63e-01	0.00e+00	0.00e+00	0.00e+00	5.15e-15	6.28e-22	3.38e-60
 4.33783e+22	2.06e-24	6.29e-15	4.97e-11	5.01e-08	2.70e-04	3.79e-02	9.62e-01	0.00e+00	0.00e+00	0.00e+00	6.29e-15	7.66e-22	6.03e-60
 4.34794e+22	2.52e-24	7.39e-15	5.61e-11	5.41e-08	2.85e-04	3.89e-02	9.61e-01	0.00e+00	0.00e+00	0.00e+00	7.39e-15	9.00e-22	9.63e-60
 4.35829e+22	3.29e-24	9.17e-15	6.62e-11	6.01e-08	3.06e-04	4.03e-02	9.59e-01	0.00e+00	0.00e+00	0.00e+00	9.17e-15	1.12e-21	1.79e-59
 4.36871e+22	4.06e-24	1.09e-14	7.53e-11	6.52e-08	3.24e-04	4.15e-02	9.58e-01	0.00e+00	0.00e+00	0.00e+00	1.09e-14	1.33e-21	2.90e-59
 4.37919e+22	5.38e-24	1.36e-14	8.96e-11	7.29e-08	3.48e-04	4.30e-02	9.57e-01	0.00e+00	0.00e+00	0.00e+00	1.36e-14	1.66e-21	5.48e-59
 4.38975e+22	6.68e-24	1.62e-14	1.02e-10	7.96e-08	3.69e-04	4.42e-02	9.55e-01	0.00e+00	0.00e+00	0.00e+00	1.62e-14	1.98e-21	8.94e-59
 4.39891e+22	8.28e-24	1.93e-14	1.17e-10	8.68e-08	3.90e-04	4.55e-02	9.54e-01	0.00e+00	0.00e+00	0.00e+00	1.93e-14	2.36e-21	1.45e-58
 4.40934e+22	1.10e-23	2.44e-14	1.40e-10	9.76e-08	4.21e-04	4.72e-02	9.52e-01	0.00e+00	0.00e+00	0.00e+00	2.44e-14	2.98e-21	2.76e-58
 4.41965e+22	1.35e-23	2.88e-14	1.59e-10	1.06e-07	4.44e-04	4.84e-02	9.51e-01	0.00e+00	0.00e+00	0.00e+00	2.88e-14	3.52e-21	4.33e-58
 4.42981e+22	1.77e-23	3.58e-14	1.89e-10	1.19e-07	4.76e-04	5.01e-02	9.49e-01	0.00e+00	0.00e+00	0.00e+00	3.58e-14	4.38e-21	7.88e-58
 4.44029e+22	2.21e-23	4.29e-14	2.17e-10	1.30e-07	5.05e-04	5.16e-02	9.48e-01	0.00e+00	0.00e+00	0.00e+00	4.29e-14	5.25e-21	1.29e-57
 4.45116e+22	2.93e-23	5.40e-14	2.60e-10	1.46e-07	5.44e-04	5.34e-02	9.46e-01	0.00e+00	0.00e+00	0.00e+00	5.40e-14	6.61e-21	2.40e-57
 4.46224e+22	3.68e-23	6.49e-14	3.00e-10	1.61e-07	5.77e-04	5.50e-02	9.44e-01	0.00e+00	0.00e+00	0.00e+00	6.49e-14	7.95e-21	3.93e-57
 4.47358e+22	4.92e-23	8.23e-14	3.60e-10	1.82e-07	6.23e-04	5.71e-02	9.42e-01	0.00e+00	0.00e+00	0.00e+00	8.23e-14	1.01e-20	7.41e-57
 4.48516e+22	6.17e-23	9.88e-14	4.16e-10	2.00e-07	6.62e-04	5.87e-02	9.41e-01	0.00e+00	0.00e+00	0.00e+00	9.88e-14	1.21e-20	1.21e-56
 4.49704e+22	8.27e-23	1.25e-13	5.01e-10	2.27e-07	7.15e-04	6.09e-02	9.38e-01	0.00e+00	0.00e+00	0.00e+00	1.25e-13	1.54e-20	2.28e-56
 4.50912e+22	1.04e-22	1.51e-13	5.78e-10	2.50e-07	7.59e-04	6.27e-02	9.37e-01	0.00e+00	0.00e+00	0.00e+00	1.51e-13	1.85e-20	3.73e-56
 4.52146e+22	1.39e-22	1.91e-13	6.97e-10	2.83e-07	8.21e-04	6.51e-02	9.34e-01	0.00e+00	0.00e+00	0.00e+00	1.91e-13	2.35e-20	7.01e-56
 4.53387e+22	1.73e-22	2.29e-13	8.02e-10	3.12e-07	8.71e-04	6.70e-02	9.32e-01	0.00e+00	0.00e+00	0.00e+00	2.29e-13	2.81e-20	1.13e-55
 4.54639e+22	2.30e-22	2.89e-13	9.64e-10	3.53e-07	9.41e-04	6.95e-02	9.30e-01	0.00e+00	0.00e+00	0.00e+00	2.89e-13	3.55e-20	2.09e-55
 4.55851e+22	2.79e-22	3.37e-13	1.09e-09	3.83e-07	9.90e-04	7.12e-02	9.28e-01	0.00e+00	0.00e+00	0.00e+00	3.37e-13	4.14e-20	3.15e-55
 4.57011e+22	3.61e-22	4.15e-13	1.28e-09	4.28e-07	1.06e-03	7.36e-02	9.25e-01	0.00e+00	0.00e+00	0.00e+00	4.15e-13	5.10e-20	5.47e-55
 4.58202e+22	4.40e-22	4.87e-13	1.45e-09	4.67e-07	1.12e-03	7.55e-02	9.23e-01	0.00e+00	0.00e+00	0.00e+00	4.87e-13	5.99e-20	8.36e-55
 4.59433e+22	5.75e-22	6.05e-13	1.72e-09	5.24e-07	1.20e-03	7.81e-02	9.21e-01	0.00e+00	0.00e+00	0.00e+00	6.05e-13	7.45e-20	1.48e-54
 4.60678e+22	6.98e-22	7.07e-13	1.95e-09	5.70e-07	1.27e-03	8.01e-02	9.19e-01	0.00e+00	0.00e+00	0.00e+00	7.07e-13	8.70e-20	2.23e-54
 4.61943e+22	9.03e-22	8.70e-13	2.30e-09	6.38e-07	1.36e-03	8.28e-02	9.16e-01	0.00e+00	0.00e+00	0.00e+00	8.70e-13	1.07e-19	3.86e-54
 4.63198e+22	1.09e-21	1.01e-12	2.59e-09	6.94e-07	1.44e-03	8.49e-02	9.14e-01	0.00e+00	0.00e+00	0.00e+00	1.01e-12	1.25e-19	5.79e-54
 4.64440e+22	1.41e-21	1.25e-12	3.05e-09	7.75e-07	1.54e-03	8.77e-02	9.11e-01	0.00e+00	0.00e+00	0.00e+00	1.25e-12	1.54e-19	9.90e-54
 4.65695e+22	1.69e-21	1.44e-12	3.42e-09	8.39e-07	1.62e-03	8.98e-02	9.09e-01	0.00e+00	0.00e+00	0.00e+00	1.44e-12	1.78e-19	1.45e-53
 4.66965e+22	2.18e-21	1.76e-12	4.01e-09	9.36e-07	1.73e-03	9.28e-02	9.05e-01	0.00e+00	0.00e+00	0.00e+00	1.76e-12	2.17e-19	2.47e-53
 4.68260e+22	2.62e-21	2.04e-12	4.51e-09	1.02e-06	1.82e-03	9.51e-02	9.03e-01	0.00e+00	0.00e+00	0.00e+00	2.04e-12	2.52e-19	3.65e-53
 4.69587e+22	3.38e-21	2.50e-12	5.29e-09	1.13e-06	1.95e-03	9.82e-02	9.00e-01	0.00e+00	0.00e+00	0.00e+00	2.50e-12	3.09e-19	6.21e-53
 4.70938e+22	6.37e-22	2.90e-12	5.96e-09	1.23e-06	2.06e-03	1.01e-01	8.97e-01	0.00e+00	0.00e+00	0.00e+00	2.90e-12	3.59e-19	9.21e-53
 4.72321e+22	8.28e-22	3.56e-12	7.00e-09	1.38e-06	2.21e-03	1.04e-01	8.94e-01	0.00e+00	0.00e+00	0.00e+00	3.56e-12	4.41e-19	1.57e-52
 4.73729e+22	1.01e-21	4.14e-12	7.90e-09	1.50e-06	2.33e-03	1.07e-01	8.91e-01	0.00e+00	0.00e+00	0.00e+00	4.14e-12	5.13e-19	2.35e-52
 4.75171e+22	1.32e-21	5.08e-12	9.29e-09	1.68e-06	2.50e-03	1.10e-01	8.87e-01	0.00e+00	0.00e+00	0.00e+00	5.08e-12	6.30e-19	4.01e-52
 4.76581e+22	1.57e-21	5.80e-12	1.03e-08	1.81e-06	2.62e-03	1.13e-01	8.85e-01	0.00e+00	0.00e+00	0.00e+00	5.80e-12	7.19e-19	5.71e-52
 4.77947e+22	2.03e-21	7.05e-12	1.21e-08	2.02e-06	2.81e-03	1.16e-01	8.81e-01	0.00e+00	0.00e+00	0.00e+00	7.05e-12	8.75e-19	9.49e-52
 4.79336e+22	2.42e-21	8.05e-12	1.34e-08	2.17e-06	2.95e-03	1.19e-01	8.78e-01	0.00e+00	0.00e+00	0.00e+00	8.05e-12	1.00e-18	1.35e-51
 4.80753e+22	3.09e-21	9.70e-12	1.56e-08	2.41e-06	3.15e-03	1.23e-01	8.74e-01	0.00e+00	0.00e+00	0.00e+00	9.70e-12	1.21e-18	2.22e-51
 4.82214e+22	3.77e-21	1.13e-11	1.75e-08	2.63e-06	3.32e-03	1.26e-01	8.71e-01	0.00e+00	0.00e+00	0.00e+00	1.13e-11	1.40e-18	3.29e-51
 4.83732e+22	4.82e-21	1.36e-11	2.03e-08	2.92e-06	3.55e-03	1.30e-01	8.67e-01	0.00e+00	0.00e+00	0.00e+00	1.36e-11	1.69e-18	5.39e-51
 4.85301e+22	5.96e-21	1.59e-11	2.31e-08	3.19e-06	3.75e-03	1.33e-01	8.63e-01	0.00e+00	0.00e+00	0.00e+00	1.59e-11	1.98e-18	8.17e-51
 4.86934e+22	7.70e-21	1.93e-11	2.69e-08	3.56e-06	4.02e-03	1.37e-01	8.59e-01	0.00e+00	0.00e+00	0.00e+00	1.93e-11	2.40e-18	1.36e-50
 4.88612e+22	9.58e-21	2.26e-11	3.06e-08	3.90e-06	4.27e-03	1.41e-01	8.55e-01	0.00e+00	0.00e+00	0.00e+00	2.26e-11	2.83e-18	2.10e-50
 4.90349e+22	1.25e-20	2.76e-11	3.59e-08	4.37e-06	4.58e-03	1.46e-01	8.50e-01	0.00e+00	0.00e+00	0.00e+00	2.76e-11	3.45e-18	3.56e-50
 4.92144e+22	1.57e-20	3.27e-11	4.11e-08	4.81e-06	4.87e-03	1.50e-01	8.45e-01	0.00e+00	0.00e+00	0.00e+00	3.27e-11	4.09e-18	5.57e-50
 4.94014e+22	2.07e-20	4.02e-11	4.85e-08	5.42e-06	5.25e-03	1.55e-01	8.40e-01	0.00e+00	0.00e+00	0.00e+00	4.02e-11	5.04e-18	9.69e-50
 4.95932e+22	2.62e-20	4.79e-11	5.57e-08	5.98e-06	5.59e-03	1.59e-01	8.35e-01	0.00e+00	0.00e+00	0.00e+00	4.79e-11	6.01e-18	1.54e-49
 4.97653e+22	3.26e-20	5.63e-11	6.35e-08	6.57e-06	5.94e-03	1.64e-01	8.30e-01	0.00e+00	0.00e+00	0.00e+00	5.63e-11	7.08e-18	2.38e-49
 4.99632e+22	4.42e-20	7.06e-11	7.62e-08	7.48e-06	6.44e-03	1.70e-01	8.24e-01	0.00e+00	0.00e+00	0.00e+00	7.06e-11	8.89e-18	4.33e-49
 5.01622e+22	5.50e-20	8.30e-11	8.67e-08	8.21e-06	6.83e-03	1.74e-01	8.19e-01	0.00e+00	0.00e+00	0.00e+00	8.30e-11	1.05e-17	6.69e-49
 5.03628e+22	7.40e-20	1.04e-10	1.04e-07	9.32e-06	7.40e-03	1.81e-01	8.12e-01	0.00e+00	0.00e+00	0.00e+00	1.04e-10	1.31e-17	1.20e-48
 5.05676e+22	9.41e-20	1.24e-10	1.19e-07	1.03e-05	7.90e-03	1.86e-01	8.06e-01	0.00e+00	0.00e+00	0.00e+00	1.24e-10	1.57e-17	1.93e-48
 5.07780e+22	1.28e-19	1.56e-10	1.43e-07	1.18e-05	8.57e-03	1.93e-01	7.99e-01	0.00e+00	0.00e+00	0.00e+00	1.56e-10	1.97e-17	3.52e-48
 5.09917e+22	1.64e-19	1.87e-10	1.66e-07	1.31e-05	9.17e-03	1.98e-01	7.92e-01	0.00e+00	0.00e+00	0.00e+00	1.87e-10	2.38e-17	5.74e-48
 5.12096e+22	2.26e-19	2.39e-10	2.03e-07	1.51e-05	1.00e-02	2.06e-01	7.84e-01	0.00e+00	0.00e+00	0.00e+00	2.39e-10	3.04e-17	1.09e-47
 5.14155e+22	2.80e-19	2.80e-10	2.30e-07	1.65e-05	1.06e-02	2.11e-01	7.78e-01	0.00e+00	0.00e+00	0.00e+00	2.80e-10	3.57e-17	1.65e-47
 5.16060e+22	3.73e-19	3.48e-10	2.74e-07	1.87e-05	1.15e-02	2.18e-01	7.70e-01	0.00e+00	0.00e+00	0.00e+00	3.48e-10	4.45e-17	2.89e-47
 5.17980e+22	4.61e-19	4.09e-10	3.12e-07	2.05e-05	1.21e-02	2.24e-01	7.64e-01	0.00e+00	0.00e+00	0.00e+00	4.09e-10	5.23e-17	4.39e-47
 5.19921e+22	6.21e-19	5.13e-10	3.74e-07	2.33e-05	1.31e-02	2.32e-01	7.55e-01	0.00e+00	0.00e+00	0.00e+00	5.13e-10	6.58e-17	7.84e-47
 5.21879e+22	7.78e-19	6.08e-10	4.29e-07	2.57e-05	1.40e-02	2.38e-01	7.48e-01	0.00e+00	0.00e+00	0.00e+00	6.08e-10	7.81e-17	1.22e-46
 5.23860e+22	1.05e-18	7.67e-10	5.17e-07	2.93e-05	1.52e-02	2.46e-01	7.39e-01	0.00e+00	0.00e+00	0.00e+00	7.67e-10	9.88e-17	2.19e-46
 5.25869e+22	1.33e-18	9.16e-10	5.96e-07	3.25e-05	1.61e-02	2.53e-01	7.31e-01	0.00e+00	0.00e+00	0.00e+00	9.16e-10	1.18e-16	3.44e-46
 5.27913e+22	1.82e-18	1.17e-09	7.26e-07	3.73e-05	1.76e-02	2.62e-01	7.21e-01	0.00e+00	0.00e+00	0.00e+00	1.17e-09	1.52e-16	6.33e-46
 5.29985e+22	2.32e-18	1.41e-09	8.41e-07	4.15e-05	1.88e-02	2.69e-01	7.13e-01	0.00e+00	0.00e+00	0.00e+00	1.41e-09	1.82e-16	1.01e-45
 5.32092e+22	3.20e-18	1.81e-09	1.03e-06	4.79e-05	2.05e-02	2.78e-01	7.01e-01	0.00e+00	0.00e+00	0.00e+00	1.81e-09	2.35e-16	1.87e-45
 5.34244e+22	4.15e-18	2.21e-09	1.21e-06	5.38e-05	2.20e-02	2.86e-01	6.92e-01	0.00e+00	0.00e+00	0.00e+00	2.21e-09	2.89e-16	3.07e-45
 5.36454e+22	5.82e-18	2.88e-09	1.50e-06	6.26e-05	2.42e-02	2.97e-01	6.79e-01	0.00e+00	0.00e+00	0.00e+00	2.88e-09	3.77e-16	5.85e-45
 5.38709e+22	7.65e-18	3.56e-09	1.78e-06	7.08e-05	2.61e-02	3.06e-01	6.68e-01	0.00e+00	0.00e+00	0.00e+00	3.56e-09	4.68e-16	9.77e-45
 5.40950e+22	1.07e-17	4.63e-09	2.20e-06	8.25e-05	2.86e-02	3.17e-01	6.54e-01	0.00e+00	0.00e+00	0.00e+00	4.63e-09	6.11e-16	1.83e-44
 5.43079e+22	1.36e-17	5.58e-09	2.56e-06	9.19e-05	3.05e-02	3.25e-01	6.44e-01	0.00e+00	0.00e+00	0.00e+00	5.58e-09	7.39e-16	2.86e-44
 5.45135e+22	1.86e-17	7.15e-09	3.14e-06	1.06e-04	3.33e-02	3.36e-01	6.31e-01	0.00e+00	0.00e+00	0.00e+00	7.15e-09	9.51e-16	5.12e-44
 5.47229e+22	2.38e-17	8.69e-09	3.68e-06	1.19e-04	3.57e-02	3.44e-01	6.20e-01	0.00e+00	0.00e+00	0.00e+00	8.69e-09	1.16e-15	8.08e-44
 5.49286e+22	3.21e-17	1.10e-08	4.47e-06	1.37e-04	3.88e-02	3.55e-01	6.06e-01	0.00e+00	0.00e+00	0.00e+00	1.10e-08	1.48e-15	1.40e-43
 5.51385e+22	4.15e-17	1.35e-08	5.29e-06	1.55e-04	4.17e-02	3.64e-01	5.94e-01	0.00e+00	0.00e+00	0.00e+00	1.35e-08	1.82e-15	2.22e-43
 5.53430e+22	5.47e-17	1.68e-08	6.35e-06	1.77e-04	4.52e-02	3.74e-01	5.80e-01	5.47e-17	1.00e-22	2.39e-23	1.68e-08	2.29e-15	3.67e-43
 5.55518e+22	7.10e-17	2.07e-08	7.54e-06	2.01e-04	4.87e-02	3.84e-01	5.67e-01	7.10e-17	2.54e-21	3.99e-22	2.07e-08	2.83e-15	5.84e-43
 5.57585e+22	9.26e-17	2.56e-08	9.00e-06	2.28e-04	5.25e-02	3.94e-01	5.53e-01	9.26e-17	3.32e-21	5.22e-22	2.56e-08	3.52e-15	9.36e-43
 5.59663e+22	1.20e-16	3.14e-08	1.07e-05	2.59e-04	5.66e-02	4.03e-01	5.40e-01	1.20e-16	4.29e-21	6.76e-22	3.14e-08	4.35e-15	1.47e-42
 5.61717e+22	1.54e-16	3.83e-08	1.27e-05	2.94e-04	6.09e-02	4.13e-01	5.26e-01	1.54e-16	5.53e-21	8.71e-22	3.83e-08	5.35e-15	2.27e-42
 5.63767e+22	1.97e-16	4.66e-08	1.49e-05	3.32e-04	6.54e-02	4.22e-01	5.12e-01	1.97e-16	7.10e-21	1.12e-21	4.66e-08	6.57e-15	3.47e-42
 5.65821e+22	2.52e-16	5.65e-08	1.76e-05	3.76e-04	7.02e-02	4.31e-01	4.98e-01	2.52e-16	9.08e-21	1.43e-21	5.65e-08	8.04e-15	5.26e-42
 5.67883e+22	3.20e-16	6.83e-08	2.08e-05	4.24e-04	7.53e-02	4.40e-01	4.84e-01	3.20e-16	1.16e-20	1.83e-21	6.83e-08	9.82e-15	7.89e-42
 5.69957e+22	4.06e-16	8.24e-08	2.44e-05	4.79e-04	8.07e-02	4.49e-01	4.70e-01	4.06e-16	1.47e-20	2.32e-21	8.24e-08	1.20e-14	1.17e-41
 5.72050e+22	5.14e-16	9.90e-08	2.86e-05	5.40e-04	8.65e-02	4.57e-01	4.56e-01	5.14e-16	1.86e-20	2.95e-21	9.90e-08	1.45e-14	1.73e-41
 5.74169e+22	6.49e-16	1.19e-07	3.36e-05	6.10e-04	9.26e-02	4.65e-01	4.41e-01	6.49e-16	2.36e-20	3.74e-21	1.19e-07	1.76e-14	2.53e-41
 5.76297e+22	8.16e-16	1.42e-07	3.93e-05	6.86e-04	9.89e-02	4.73e-01	4.27e-01	8.16e-16	2.97e-20	4.71e-21	1.42e-07	2.13e-14	3.66e-41
 5.78461e+22	1.03e-15	1.70e-07	4.61e-05	7.74e-04	1.06e-01	4.81e-01	4.13e-01	1.03e-15	3.76e-20	5.96e-21	1.70e-07	2.57e-14	5.29e-41
 5.80649e+22	1.29e-15	2.01e-07	5.37e-05	8.70e-04	1.13e-01	4.88e-01	3.98e-01	1.29e-15	4.71e-20	7.48e-21	2.01e-07	3.09e-14	7.55e-41
 5.82880e+22	1.63e-15	2.40e-07	6.29e-05	9.83e-04	1.21e-01	4.95e-01	3.84e-01	1.63e-15	5.96e-20	9.47e-21	2.40e-07	3.73e-14	1.08e-40
 5.84956e+22	1.96e-15	2.76e-07	7.14e-05	1.08e-03	1.27e-01	5.00e-01	3.72e-01	1.96e-15	7.19e-20	1.14e-20	2.76e-07	4.32e-14	1.44e-40
 5.87093e+22	2.48e-15	3.30e-07	8.39e-05	1.23e-03	1.36e-01	5.06e-01	3.56e-01	2.48e-15	9.12e-20	1.45e-20	3.30e-07	5.22e-14	2.07e-40
 5.89265e+22	2.99e-15	3.78e-07	9.50e-05	1.35e-03	1.43e-01	5.11e-01	3.45e-01	2.99e-15	1.10e-19	1.76e-20	3.78e-07	6.04e-14	2.75e-40
 5.91486e+22	3.01e-14	4.51e-07	1.12e-04	1.53e-03	1.53e-01	5.16e-01	3.29e-01	3.01e-14	1.12e-18	1.78e-19	4.51e-07	7.27e-14	3.95e-40
 5.93719e+22	4.01e-14	5.13e-07	1.26e-04	1.68e-03	1.61e-01	5.19e-01	3.18e-01	4.01e-14	1.49e-18	2.38e-19	5.13e-07	8.36e-14	5.22e-40
 5.95966e+22	5.84e-14	6.07e-07	1.47e-04	1.89e-03	1.72e-01	5.23e-01	3.03e-01	5.84e-14	2.17e-18	3.48e-19	6.07e-07	1.00e-13	7.37e-40
 5.98227e+22	8.15e-14	6.89e-07	1.66e-04	2.07e-03	1.80e-01	5.26e-01	2.92e-01	8.15e-14	3.04e-18	4.88e-19	6.89e-07	1.14e-13	9.65e-40
 6.00505e+22	1.30e-13	8.09e-07	1.93e-04	2.33e-03	1.91e-01	5.28e-01	2.78e-01	1.30e-13	4.88e-18	7.84e-19	8.09e-07	1.36e-13	1.35e-39
 6.02801e+22	2.06e-13	9.15e-07	2.16e-04	2.55e-03	2.00e-01	5.30e-01	2.67e-01	2.06e-13	7.72e-18	1.24e-18	9.15e-07	1.55e-13	1.77e-39
 6.05123e+22	4.03e-13	1.07e-06	2.51e-04	2.86e-03	2.12e-01	5.31e-01	2.54e-01	4.03e-13	1.52e-17	2.45e-18	1.07e-06	1.83e-13	2.50e-39
 6.07474e+22	8.71e-13	1.21e-06	2.81e-04	3.13e-03	2.22e-01	5.32e-01	2.43e-01	8.71e-13	3.29e-17	5.31e-18	1.21e-06	2.08e-13	3.38e-39
 6.09862e+22	2.60e-12	1.41e-06	3.25e-04	3.51e-03	2.35e-01	5.32e-01	2.30e-01	2.60e-12	9.89e-17	1.60e-17	1.41e-06	2.46e-13	5.27e-39
 6.12290e+22	7.54e-12	1.58e-06	3.64e-04	3.83e-03	2.45e-01	5.31e-01	2.20e-01	7.54e-12	2.87e-16	4.65e-17	1.58e-06	2.79e-13	8.74e-39
 6.14768e+22	1.65e-11	1.84e-06	4.21e-04	4.30e-03	2.59e-01	5.29e-01	2.07e-01	1.65e-11	6.31e-16	1.02e-16	1.84e-06	3.29e-13	1.56e-38
 6.17299e+22	2.46e-11	2.08e-06	4.71e-04	4.69e-03	2.70e-01	5.28e-01	1.97e-01	2.46e-11	9.45e-16	1.54e-16	2.08e-06	3.74e-13	2.33e-38
 6.19897e+22	3.50e-11	2.42e-06	5.46e-04	5.27e-03	2.85e-01	5.25e-01	1.85e-01	3.50e-11	1.35e-15	2.20e-16	2.42e-06	4.41e-13	3.57e-38
 6.22559e+22	4.53e-11	2.73e-06	6.12e-04	5.76e-03	2.97e-01	5.21e-01	1.75e-01	4.53e-11	1.76e-15	2.87e-16	2.73e-06	5.03e-13	5.04e-38
 6.24802e+22	5.51e-11	3.03e-06	6.76e-04	6.23e-03	3.08e-01	5.18e-01	1.67e-01	5.51e-11	2.14e-15	3.50e-16	3.03e-06	5.64e-13	6.67e-38
 6.27217e+22	6.91e-11	3.45e-06	7.69e-04	6.88e-03	3.22e-01	5.13e-01	1.57e-01	6.91e-11	2.70e-15	4.43e-16	3.45e-06	6.52e-13	9.39e-38
 6.29666e+22	8.24e-11	3.83e-06	8.50e-04	7.44e-03	3.33e-01	5.09e-01	1.49e-01	8.24e-11	3.24e-15	5.31e-16	3.83e-06	7.31e-13	1.24e-37
 6.31786e+22	9.62e-11	4.22e-06	9.33e-04	8.01e-03	3.44e-01	5.05e-01	1.42e-01	9.62e-11	3.79e-15	6.24e-16	4.22e-06	8.14e-13	1.60e-37
 6.34167e+22	1.15e-10	4.77e-06	1.05e-03	8.80e-03	3.58e-01	4.99e-01	1.33e-01	1.15e-10	4.58e-15	7.55e-16	4.77e-06	9.33e-13	2.18e-37
 6.36539e+22	1.33e-10	5.25e-06	1.15e-03	9.42e-03	3.69e-01	4.94e-01	1.27e-01	1.33e-10	5.31e-15	8.77e-16	5.25e-06	1.04e-12	2.82e-37
 6.38900e+22	1.57e-10	5.90e-06	1.29e-03	1.03e-02	3.83e-01	4.86e-01	1.19e-01	1.57e-10	6.30e-15	1.04e-15	5.90e-06	1.18e-12	3.81e-37
 6.41293e+22	1.80e-10	6.49e-06	1.41e-03	1.10e-02	3.94e-01	4.81e-01	1.13e-01	1.80e-10	7.25e-15	1.20e-15	6.49e-06	1.32e-12	4.94e-37
 6.43727e+22	2.11e-10	7.30e-06	1.58e-03	1.21e-02	4.08e-01	4.73e-01	1.05e-01	2.11e-10	8.55e-15	1.42e-15	7.30e-06	1.50e-12	6.73e-37
 6.46204e+22	2.41e-10	8.04e-06	1.73e-03	1.29e-02	4.20e-01	4.66e-01	9.97e-02	2.41e-10	9.82e-15	1.63e-15	8.04e-06	1.68e-12	8.81e-37
 6.48736e+22	2.80e-10	9.05e-06	1.94e-03	1.42e-02	4.35e-01	4.57e-01	9.25e-02	2.80e-10	1.15e-14	1.92e-15	9.05e-06	1.92e-12	1.21e-36
 6.51306e+22	3.19e-10	9.98e-06	2.13e-03	1.52e-02	4.46e-01	4.49e-01	8.74e-02	3.19e-10	1.32e-14	2.20e-15	9.98e-06	2.15e-12	1.59e-36
 6.53925e+22	3.70e-10	1.12e-05	2.39e-03	1.66e-02	4.61e-01	4.39e-01	8.08e-02	3.70e-10	1.54e-14	2.58e-15	1.12e-05	2.46e-12	2.21e-36
 6.56606e+22	4.20e-10	1.24e-05	2.62e-03	1.78e-02	4.73e-01	4.31e-01	7.59e-02	4.20e-10	1.76e-14	2.96e-15	1.24e-05	2.76e-12	2.94e-36
 6.59367e+22	4.89e-10	1.41e-05	2.94e-03	1.95e-02	4.88e-01	4.20e-01	6.97e-02	4.89e-10	2.07e-14	3.49e-15	1.41e-05	3.19e-12	4.19e-36
 6.62202e+22	5.56e-10	1.56e-05	3.24e-03	2.09e-02	5.00e-01	4.10e-01	6.51e-02	5.56e-10	2.37e-14	4.01e-15	1.56e-05	3.60e-12	5.67e-36
 6.65134e+22	6.49e-10	1.77e-05	3.65e-03	2.29e-02	5.16e-01	3.98e-01	5.94e-02	6.49e-10	2.79e-14	4.74e-15	1.77e-05	4.18e-12	8.30e-36
 6.68090e+22	7.40e-10	1.97e-05	4.01e-03	2.46e-02	5.27e-01	3.88e-01	5.54e-02	7.40e-10	3.21e-14	5.47e-15	1.97e-05	4.73e-12	1.14e-35
 6.71079e+22	8.57e-10	2.24e-05	4.52e-03	2.69e-02	5.43e-01	3.75e-01	5.03e-02	8.57e-10	3.76e-14	6.43e-15	2.24e-05	5.51e-12	1.68e-35
 6.74099e+22	9.79e-10	2.49e-05	4.96e-03	2.88e-02	5.54e-01	3.66e-01	4.68e-02	9.79e-10	4.33e-14	7.43e-15	2.49e-05	6.25e-12	2.34e-35
 6.77157e+22	1.13e-09	2.82e-05	5.59e-03	3.15e-02	5.69e-01	3.52e-01	4.23e-02	1.13e-09	5.07e-14	8.73e-15	2.82e-05	7.28e-12	3.48e-35
 6.80265e+22	1.30e-09	3.15e-05	6.14e-03	3.37e-02	5.79e-01	3.42e-01	3.91e-02	1.30e-09	5.86e-14	1.01e-14	3.15e-05	8.29e-12	4.94e-35
 6.83437e+22	1.50e-09	3.59e-05	6.91e-03	3.68e-02	5.94e-01	3.28e-01	3.52e-02	1.50e-09	6.88e-14	1.19e-14	3.59e-05	9.72e-12	7.50e-35
 6.86576e+22	1.71e-09	3.99e-05	7.56e-03	3.92e-02	6.03e-01	3.18e-01	3.25e-02	1.71e-09	7.90e-14	1.38e-14	3.99e-05	1.10e-11	1.06e-34
 6.89127e+22	1.89e-09	4.36e-05	8.17e-03	4.15e-02	6.12e-01	3.08e-01	3.02e-02	1.89e-09	8.82e-14	1.54e-14	4.36e-05	1.23e-11	1.41e-34
 6.91896e+22	2.16e-09	4.89e-05	9.02e-03	4.46e-02	6.22e-01	2.97e-01	2.76e-02	2.16e-09	1.02e-13	1.79e-14	4.89e-05	1.41e-11	2.06e-34
 6.94703e+22	2.42e-09	5.38e-05	9.78e-03	4.72e-02	6.30e-01	2.87e-01	2.56e-02	2.42e-09	1.16e-13	2.03e-14	5.38e-05	1.59e-11	2.83e-34
 6.97558e+22	2.76e-09	6.04e-05	1.08e-02	5.07e-02	6.40e-01	2.76e-01	2.32e-02	2.76e-09	1.34e-13	2.36e-14	6.04e-05	1.83e-11	4.19e-34
 7.00447e+22	3.09e-09	6.65e-05	1.17e-02	5.36e-02	6.47e-01	2.66e-01	2.14e-02	3.09e-09	1.52e-13	2.68e-14	6.65e-05	2.07e-11	5.82e-34
 7.03381e+22	3.54e-09	7.49e-05	1.29e-02	5.76e-02	6.56e-01	2.54e-01	1.93e-02	3.54e-09	1.76e-13	3.13e-14	7.49e-05	2.40e-11	8.74e-34
 7.06380e+22	3.96e-09	8.27e-05	1.41e-02	6.10e-02	6.62e-01	2.45e-01	1.77e-02	3.96e-09	2.00e-13	3.57e-14	8.27e-05	2.71e-11	1.23e-33
 7.09464e+22	4.58e-09	9.37e-05	1.56e-02	6.54e-02	6.70e-01	2.33e-01	1.59e-02	4.58e-09	2.35e-13	4.21e-14	9.37e-05	3.17e-11	1.89e-33
 7.12631e+22	5.13e-09	1.04e-04	1.70e-02	6.96e-02	6.76e-01	2.23e-01	1.44e-02	5.13e-09	2.67e-13	4.81e-14	1.04e-04	3.62e-11	2.72e-33
 7.15426e+22	5.78e-09	1.15e-04	1.84e-02	7.35e-02	6.81e-01	2.14e-01	1.32e-02	5.78e-09	3.05e-13	5.51e-14	1.15e-04	4.11e-11	3.88e-33
 7.18581e+22	6.70e-09	1.31e-04	2.03e-02	7.86e-02	6.86e-01	2.03e-01	1.18e-02	6.70e-09	3.60e-13	6.54e-14	1.31e-04	4.83e-11	6.06e-33
 7.21850e+22	7.59e-09	1.46e-04	2.22e-02	8.34e-02	6.90e-01	1.93e-01	1.06e-02	7.59e-09	4.15e-13	7.56e-14	1.46e-04	5.56e-11	8.94e-33
 7.24776e+22	8.55e-09	1.62e-04	2.41e-02	8.80e-02	6.94e-01	1.84e-01	9.66e-03	8.55e-09	4.74e-13	8.68e-14	1.62e-04	6.35e-11	1.29e-32
 7.28090e+22	9.97e-09	1.85e-04	2.67e-02	9.42e-02	6.97e-01	1.73e-01	8.52e-03	9.97e-09	5.65e-13	1.04e-13	1.85e-04	7.54e-11	2.08e-32
 7.31497e+22	1.13e-08	2.06e-04	2.91e-02	9.97e-02	6.99e-01	1.65e-01	7.65e-03	1.13e-08	6.54e-13	1.21e-13	2.06e-04	8.71e-11	3.10e-32
 7.35026e+22	1.33e-08	2.38e-04	3.24e-02	1.07e-01	7.00e-01	1.54e-01	6.67e-03	1.33e-08	7.88e-13	1.46e-13	2.38e-04	1.05e-10	5.16e-32
 7.38623e+22	1.52e-08	2.67e-04	3.54e-02	1.13e-01	7.00e-01	1.45e-01	5.94e-03	1.52e-08	9.18e-13	1.71e-13	2.67e-04	1.22e-10	7.85e-32
 7.42308e+22	1.80e-08	3.10e-04	3.95e-02	1.21e-01	6.99e-01	1.34e-01	5.13e-03	1.80e-08	1.12e-12	2.09e-13	3.10e-04	1.48e-10	1.34e-31
 7.46026e+22	2.07e-08	3.49e-04	4.31e-02	1.28e-01	6.98e-01	1.26e-01	4.54e-03	2.06e-08	1.31e-12	2.46e-13	3.49e-04	1.73e-10	2.05e-31
 7.49294e+22	2.36e-08	3.92e-04	4.69e-02	1.35e-01	6.95e-01	1.19e-01	4.03e-03	2.36e-08	1.53e-12	2.89e-13	3.92e-04	2.02e-10	3.13e-31
 7.53050e+22	2.80e-08	4.55e-04	5.23e-02	1.44e-01	6.91e-01	1.09e-01	3.44e-03	2.80e-08	1.87e-12	3.56e-13	4.55e-04	2.46e-10	5.40e-31
 7.56845e+22	3.20e-08	5.12e-04	5.69e-02	1.52e-01	6.86e-01	1.02e-01	3.02e-03	3.20e-08	2.19e-12	4.18e-13	5.12e-04	2.88e-10	8.33e-31
 7.60692e+22	3.84e-08	5.97e-04	6.33e-02	1.62e-01	6.79e-01	9.33e-02	2.57e-03	3.84e-08	2.71e-12	5.20e-13	5.97e-04	3.54e-10	1.45e-30
 7.64600e+22	4.13e-08	6.77e-04	6.91e-02	1.70e-01	6.72e-01	8.66e-02	2.24e-03	4.12e-08	2.99e-12	5.76e-13	6.77e-04	4.18e-10	2.22e-30
 7.68586e+22	5.00e-08	7.93e-04	7.70e-02	1.81e-01	6.61e-01	7.85e-02	1.87e-03	5.00e-08	3.75e-12	7.27e-13	7.93e-04	5.17e-10	3.98e-30
 7.72602e+22	5.82e-08	8.99e-04	8.38e-02	1.89e-01	6.52e-01	7.24e-02	1.62e-03	5.82e-08	4.48e-12	8.73e-13	8.99e-04	6.11e-10	6.29e-30
 7.76657e+22	7.08e-08	1.06e-03	9.33e-02	2.01e-01	6.38e-01	6.52e-02	1.34e-03	7.08e-08	5.65e-12	1.11e-12	1.06e-03	7.59e-10	1.13e-29
 7.80760e+22	8.29e-08	1.20e-03	1.01e-01	2.10e-01	6.27e-01	5.98e-02	1.15e-03	8.29e-08	6.81e-12	1.34e-12	1.20e-03	9.02e-10	1.81e-29
 7.84927e+22	1.01e-07	1.41e-03	1.13e-01	2.21e-01	6.10e-01	5.33e-02	9.44e-04	1.01e-07	8.66e-12	1.71e-12	1.41e-03	1.13e-09	3.31e-29
 7.89150e+22	1.19e-07	1.61e-03	1.23e-01	2.31e-01	5.96e-01	4.85e-02	8.02e-04	1.19e-07	1.05e-11	2.08e-12	1.61e-03	1.35e-09	5.33e-29
 7.92825e+22	1.39e-07	1.83e-03	1.33e-01	2.39e-01	5.81e-01	4.41e-02	6.83e-04	1.39e-07	1.26e-11	2.52e-12	1.83e-03	1.60e-09	8.45e-29
 7.96336e+22	1.62e-07	2.06e-03	1.43e-01	2.47e-01	5.67e-01	4.04e-02	5.88e-04	1.62e-07	1.52e-11	3.03e-12	2.06e-03	1.88e-09	1.30e-28
 7.99676e+22	1.86e-07	2.30e-03	1.53e-01	2.55e-01	5.52e-01	3.69e-02	5.06e-04	1.86e-07	1.80e-11	3.60e-12	2.30e-03	2.19e-09	1.96e-28
 8.03439e+22	2.23e-07	2.66e-03	1.67e-01	2.64e-01	5.33e-01	3.29e-02	4.17e-04	2.23e-07	2.24e-11	4.51e-12	2.66e-03	2.68e-09	3.33e-28
 8.07193e+22	2.58e-07	2.98e-03	1.79e-01	2.71e-01	5.16e-01	2.99e-02	3.57e-04	2.58e-07	2.66e-11	5.38e-12	2.98e-03	3.13e-09	5.03e-28
 8.10935e+22	3.09e-07	3.43e-03	1.95e-01	2.79e-01	4.96e-01	2.65e-02	2.92e-04	3.09e-07	3.32e-11	6.74e-12	3.43e-03	3.81e-09	8.47e-28
 8.14749e+22	3.59e-07	3.85e-03	2.08e-01	2.86e-01	4.78e-01	2.39e-02	2.47e-04	3.59e-07	3.99e-11	8.11e-12	3.85e-03	4.47e-09	1.30e-27
 8.18657e+22	4.33e-07	4.45e-03	2.26e-01	2.93e-01	4.55e-01	2.09e-02	1.99e-04	4.33e-07	5.03e-11	1.03e-11	4.45e-03	5.48e-09	2.22e-27
 8.22604e+22	5.05e-07	4.99e-03	2.42e-01	2.98e-01	4.36e-01	1.87e-02	1.67e-04	5.05e-07	6.06e-11	1.24e-11	4.99e-03	6.45e-09	3.40e-27
