#depth	H	H+	H2
 4.62852e+21	9.88e-07	1.00e+00	1.94e-31
 1.03176e+22	1.69e-06	1.00e+00	7.00e-31
 1.18897e+22	2.17e-06	1.00e+00	1.34e-30
 1.26569e+22	2.45e-06	1.00e+00	1.91e-30
 1.30026e+22	2.55e-06	1.00e+00	2.20e-30
 1.32095e+22	2.69e-06	1.00e+00	2.62e-30
 1.34344e+22	2.83e-06	1.00e+00	3.10e-30
 1.36827e+22	3.02e-06	1.00e+00	3.88e-30
 1.39342e+22	3.17e-06	1.00e+00	4.64e-30
 1.41899e+22	3.38e-06	1.00e+00	5.91e-30
 1.44473e+22	3.55e-06	1.00e+00	7.15e-30
 1.46658e+22	3.72e-06	1.00e+00	8.57e-30
 1.48687e+22	3.88e-06	1.00e+00	1.01e-29
 1.50922e+22	4.10e-06	1.00e+00	1.27e-29
 1.53136e+22	4.27e-06	1.00e+00	1.49e-29
 1.55323e+22	4.51e-06	1.00e+00	1.86e-29
 1.57542e+22	4.69e-06	1.00e+00	2.22e-29
 1.59801e+22	4.95e-06	1.00e+00	2.80e-29
 1.62086e+22	5.16e-06	1.00e+00	3.35e-29
 1.64405e+22	5.45e-06	1.00e+00	4.26e-29
 1.66754e+22	5.69e-06	1.00e+00	5.14e-29
 1.69145e+22	6.01e-06	1.00e+00	6.59e-29
 1.71575e+22	6.28e-06	1.00e+00	8.01e-29
 1.74058e+22	6.65e-06	1.00e+00	1.04e-28
 1.76592e+22	6.95e-06	1.00e+00	1.27e-28
 1.79191e+22	7.38e-06	1.00e+00	1.67e-28
 1.81819e+22	7.72e-06	1.00e+00	2.05e-28
 1.84487e+22	8.20e-06	1.00e+00	2.71e-28
 1.87182e+22	8.58e-06	1.00e+00	3.35e-28
 1.89913e+22	9.13e-06	1.00e+00	4.43e-28
 1.92556e+22	9.50e-06	1.00e+00	5.39e-28
 1.95085e+22	1.01e-05	1.00e+00	6.98e-28
 1.97692e+22	1.05e-05	1.00e+00	8.57e-28
 1.99944e+22	1.10e-05	1.00e+00	1.04e-27
 2.02068e+22	1.14e-05	1.00e+00	1.25e-27
 2.04484e+22	1.20e-05	1.00e+00	1.58e-27
 2.06932e+22	1.25e-05	1.00e+00	1.93e-27
 2.09092e+22	1.30e-05	1.00e+00	2.32e-27
 2.11571e+22	1.37e-05	1.00e+00	2.94e-27
 2.14153e+22	1.44e-05	1.00e+00	3.63e-27
 2.16471e+22	1.50e-05	1.00e+00	4.42e-27
 2.19087e+22	1.58e-05	1.00e+00	5.67e-27
 2.21802e+22	1.65e-05	1.00e+00	7.04e-27
 2.24268e+22	1.73e-05	1.00e+00	8.68e-27
 2.27094e+22	1.83e-05	1.00e+00	1.13e-26
 2.29956e+22	1.92e-05	1.00e+00	1.41e-26
 2.32485e+22	2.01e-05	1.00e+00	1.74e-26
 2.35393e+22	2.13e-05	1.00e+00	2.29e-26
 2.38331e+22	2.24e-05	1.00e+00	2.85e-26
 2.41309e+22	2.37e-05	1.00e+00	3.73e-26
 2.44387e+22	2.49e-05	1.00e+00	4.74e-26
 2.47114e+22	2.61e-05	1.00e+00	5.89e-26
 2.50178e+22	2.77e-05	1.00e+00	7.80e-26
 2.53341e+22	2.92e-05	1.00e+00	9.88e-26
 2.56633e+22	3.11e-05	1.00e+00	1.33e-25
 2.60003e+22	3.29e-05	1.00e+00	1.71e-25
 2.63017e+22	3.46e-05	1.00e+00	2.17e-25
 2.65758e+22	3.62e-05	1.00e+00	2.68e-25
 2.68181e+22	3.77e-05	1.00e+00	3.22e-25
 2.70915e+22	3.96e-05	1.00e+00	4.08e-25
 2.73807e+22	4.15e-05	1.00e+00	5.07e-25
 2.76487e+22	4.35e-05	1.00e+00	6.26e-25
 2.79555e+22	4.62e-05	1.00e+00	8.28e-25
 2.82644e+22	4.84e-05	1.00e+00	1.03e-24
 2.85761e+22	5.13e-05	1.00e+00	1.35e-24
 2.88928e+22	5.39e-05	1.00e+00	1.70e-24
 2.91695e+22	5.65e-05	1.00e+00	2.10e-24
 2.94824e+22	6.00e-05	1.00e+00	2.78e-24
 2.98036e+22	6.30e-05	1.00e+00	3.48e-24
 3.01355e+22	6.70e-05	1.00e+00	4.66e-24
 3.04744e+22	7.07e-05	1.00e+00	5.97e-24
 3.07727e+22	7.43e-05	1.00e+00	7.54e-24
 3.11108e+22	7.91e-05	1.00e+00	1.01e-23
 3.14612e+22	8.37e-05	1.00e+00	1.32e-23
 3.17741e+22	8.81e-05	1.00e+00	1.69e-23
 3.21273e+22	9.41e-05	1.00e+00	2.31e-23
 3.24898e+22	9.97e-05	1.00e+00	3.03e-23
 3.28101e+22	1.05e-04	1.00e+00	3.92e-23
 3.31722e+22	1.12e-04	1.00e+00	5.44e-23
 3.35453e+22	1.19e-04	1.00e+00	7.27e-23
 3.38771e+22	1.26e-04	1.00e+00	9.55e-23
 3.42527e+22	1.35e-04	1.00e+00	1.35e-22
 3.46376e+22	1.44e-04	1.00e+00	1.81e-22
 3.50349e+22	1.55e-04	1.00e+00	2.62e-22
 3.54370e+22	1.65e-04	1.00e+00	3.55e-22
 3.58454e+22	1.78e-04	1.00e+00	5.16e-22
 3.62635e+22	1.89e-04	1.00e+00	7.09e-22
 3.66368e+22	2.02e-04	1.00e+00	9.67e-22
 3.70646e+22	2.19e-04	1.00e+00	1.44e-21
 3.75010e+22	2.33e-04	1.00e+00	2.00e-21
 3.78837e+22	2.49e-04	1.00e+00	2.74e-21
 3.83164e+22	2.69e-04	1.00e+00	4.09e-21
 3.87389e+22	2.86e-04	1.00e+00	5.53e-21
 3.90810e+22	3.02e-04	1.00e+00	7.28e-21
 3.94587e+22	3.24e-04	1.00e+00	1.04e-20
 3.98401e+22	3.43e-04	1.00e+00	1.38e-20
 4.02267e+22	3.67e-04	1.00e+00	1.97e-20
 4.06214e+22	3.90e-04	1.00e+00	2.69e-20
 4.09698e+22	4.13e-04	1.00e+00	3.61e-20
 4.13657e+22	4.43e-04	1.00e+00	5.32e-20
 4.17693e+22	4.71e-04	1.00e+00	7.35e-20
 4.21195e+22	4.97e-04	1.00e+00	9.81e-20
 4.24476e+22	5.24e-04	9.99e-01	1.30e-19
 4.28104e+22	5.59e-04	9.99e-01	1.88e-19
 4.31763e+22	5.88e-04	9.99e-01	2.48e-19
 4.35461e+22	6.27e-04	9.99e-01	3.60e-19
 4.39185e+22	6.62e-04	9.99e-01	5.07e-19
 4.42434e+22	6.97e-04	9.99e-01	6.73e-19
 4.46148e+22	7.43e-04	9.99e-01	9.99e-19
 4.49920e+22	7.84e-04	9.99e-01	1.45e-18
 4.53261e+22	8.26e-04	9.99e-01	1.97e-18
 4.57099e+22	8.82e-04	9.99e-01	3.07e-18
 4.60986e+22	9.31e-04	9.99e-01	4.71e-18
 4.64936e+22	9.95e-04	9.99e-01	7.32e-18
 4.68924e+22	1.05e-03	9.99e-01	1.14e-17
 4.72965e+22	1.12e-03	9.99e-01	1.85e-17
 4.77058e+22	1.19e-03	9.99e-01	3.16e-17
 4.81221e+22	1.27e-03	9.99e-01	5.36e-17
 4.85455e+22	1.35e-03	9.99e-01	9.75e-17
 4.89782e+22	1.44e-03	9.99e-01	1.67e-16
 4.94193e+22	1.53e-03	9.98e-01	2.89e-16
 4.98711e+22	1.65e-03	9.98e-01	4.76e-16
 5.02787e+22	1.72e-03	9.98e-01	6.41e-16
 5.05354e+22	1.77e-03	9.98e-01	8.14e-16
 5.07273e+22	1.80e-03	9.98e-01	9.67e-16
 5.09287e+22	1.87e-03	9.98e-01	1.15e-15
 5.11905e+22	1.94e-03	9.98e-01	1.47e-15
 5.14555e+22	2.01e-03	9.98e-01	1.76e-15
 5.17246e+22	2.09e-03	9.98e-01	2.21e-15
 5.20272e+22	2.18e-03	9.98e-01	2.76e-15
 5.23733e+22	2.30e-03	9.98e-01	3.64e-15
 5.27174e+22	2.40e-03	9.98e-01	4.52e-15
 5.30590e+22	2.53e-03	9.97e-01	5.77e-15
 5.34064e+22	2.64e-03	9.97e-01	7.05e-15
 5.37611e+22	2.79e-03	9.97e-01	8.84e-15
 5.41166e+22	2.91e-03	9.97e-01	1.06e-14
 5.44730e+22	3.08e-03	9.97e-01	1.34e-14
 5.48281e+22	3.22e-03	9.97e-01	1.60e-14
 5.51813e+22	3.42e-03	9.97e-01	2.02e-14
 5.55317e+22	3.58e-03	9.96e-01	2.42e-14
 5.58786e+22	3.80e-03	9.96e-01	3.04e-14
 5.62244e+22	3.99e-03	9.96e-01	3.65e-14
 5.65690e+22	4.26e-03	9.96e-01	4.64e-14
 5.69057e+22	4.47e-03	9.96e-01	5.57e-14
 5.72321e+22	4.79e-03	9.95e-01	7.09e-14
 5.75535e+22	5.05e-03	9.95e-01	8.55e-14
 5.78681e+22	5.43e-03	9.95e-01	1.10e-13
 5.81791e+22	5.74e-03	9.94e-01	1.33e-13
 5.84444e+22	6.10e-03	9.94e-01	1.63e-13
 5.87064e+22	6.48e-03	9.94e-01	1.99e-13
 5.90051e+22	7.02e-03	9.93e-01	2.58e-13
 5.93032e+22	7.54e-03	9.92e-01	3.23e-13
 5.95551e+22	8.07e-03	9.92e-01	4.00e-13
 5.98369e+22	8.81e-03	9.91e-01	5.24e-13
 6.01239e+22	9.58e-03	9.90e-01	6.72e-13
 6.03678e+22	1.04e-02	9.90e-01	8.45e-13
 6.06353e+22	1.15e-02	9.89e-01	1.14e-12
 6.09076e+22	1.27e-02	9.87e-01	1.48e-12
 6.11377e+22	1.39e-02	9.86e-01	1.91e-12
 6.13884e+22	1.57e-02	9.84e-01	2.62e-12
 6.16464e+22	1.77e-02	9.82e-01	3.58e-12
 6.18612e+22	1.99e-02	9.80e-01	4.76e-12
 6.20540e+22	2.23e-02	9.78e-01	6.29e-12
 6.22427e+22	2.52e-02	9.75e-01	8.47e-12
 6.24266e+22	2.88e-02	9.71e-01	1.15e-11
 6.25994e+22	3.30e-02	9.67e-01	1.58e-11
 6.27603e+22	3.80e-02	9.62e-01	2.17e-11
 6.29112e+22	4.40e-02	9.56e-01	3.01e-11
 6.30534e+22	5.12e-02	9.49e-01	4.21e-11
 6.31869e+22	5.97e-02	9.40e-01	5.85e-11
 6.33145e+22	7.05e-02	9.30e-01	8.34e-11
 6.34325e+22	8.31e-02	9.17e-01	1.18e-10
 6.35357e+22	9.72e-02	9.03e-01	1.63e-10
 6.36268e+22	1.13e-01	8.87e-01	2.21e-10
 6.37089e+22	1.30e-01	8.70e-01	2.96e-10
 6.37844e+22	1.49e-01	8.51e-01	3.91e-10
 6.38541e+22	1.71e-01	8.29e-01	5.11e-10
 6.39185e+22	1.94e-01	8.06e-01	6.58e-10
 6.39783e+22	2.19e-01	7.81e-01	8.34e-10
 6.40345e+22	2.46e-01	7.54e-01	1.04e-09
 6.40880e+22	2.74e-01	7.26e-01	1.28e-09
 6.41392e+22	3.04e-01	6.96e-01	1.56e-09
 6.41885e+22	3.35e-01	6.65e-01	1.87e-09
 6.42356e+22	3.67e-01	6.33e-01	2.20e-09
 6.42787e+22	3.96e-01	6.04e-01	2.53e-09
 6.43173e+22	4.24e-01	5.76e-01	2.84e-09
 6.43529e+22	4.49e-01	5.51e-01	3.14e-09
 6.43872e+22	4.73e-01	5.27e-01	3.44e-09
 6.44210e+22	4.97e-01	5.03e-01	3.73e-09
 6.44544e+22	5.19e-01	4.81e-01	4.02e-09
 6.44867e+22	5.41e-01	4.59e-01	4.28e-09
 6.45119e+22	5.56e-01	4.44e-01	4.45e-09
 6.45295e+22	5.67e-01	4.33e-01	4.60e-09
 6.45466e+22	5.78e-01	4.22e-01	4.73e-09
 6.45666e+22	5.89e-01	4.11e-01	4.87e-09
 6.45888e+22	6.03e-01	3.97e-01	5.03e-09
 6.46110e+22	6.15e-01	3.85e-01	5.18e-09
 6.46323e+22	6.27e-01	3.73e-01	5.33e-09
 6.46532e+22	6.38e-01	3.62e-01	5.45e-09
 6.46750e+22	6.50e-01	3.50e-01	5.58e-09
 6.46977e+22	6.62e-01	3.38e-01	5.72e-09
 6.47203e+22	6.73e-01	3.27e-01	5.84e-09
 6.47427e+22	6.84e-01	3.16e-01	5.95e-09
 6.47657e+22	6.94e-01	3.06e-01	6.06e-09
 6.47895e+22	7.05e-01	2.95e-01	6.16e-09
 6.48137e+22	7.16e-01	2.84e-01	6.26e-09
 6.48379e+22	7.26e-01	2.74e-01	6.35e-09
 6.48623e+22	7.35e-01	2.65e-01	6.43e-09
 6.48878e+22	7.45e-01	2.55e-01	6.51e-09
 6.49139e+22	7.55e-01	2.45e-01	6.58e-09
 6.49400e+22	7.64e-01	2.36e-01	6.64e-09
 6.49665e+22	7.73e-01	2.27e-01	6.70e-09
 6.49942e+22	7.81e-01	2.19e-01	6.75e-09
 6.50226e+22	7.90e-01	2.10e-01	6.80e-09
 6.50515e+22	7.98e-01	2.02e-01	6.83e-09
 6.50813e+22	8.06e-01	1.94e-01	6.87e-09
 6.51122e+22	8.13e-01	1.87e-01	6.89e-09
 6.51436e+22	8.21e-01	1.79e-01	6.91e-09
 6.51754e+22	8.27e-01	1.73e-01	6.93e-09
 6.52081e+22	8.34e-01	1.66e-01	6.95e-09
 6.52423e+22	8.40e-01	1.60e-01	6.96e-09
 6.52775e+22	8.46e-01	1.54e-01	6.98e-09
 6.53129e+22	8.52e-01	1.48e-01	6.99e-09
 6.53496e+22	8.57e-01	1.43e-01	7.00e-09
 6.53880e+22	8.62e-01	1.38e-01	7.02e-09
 6.54285e+22	8.67e-01	1.33e-01	7.04e-09
 6.54710e+22	8.71e-01	1.29e-01	7.07e-09
 6.55155e+22	8.75e-01	1.25e-01	7.09e-09
 6.55629e+22	8.79e-01	1.21e-01	7.14e-09
 6.56146e+22	8.83e-01	1.17e-01	7.20e-09
 6.56703e+22	8.87e-01	1.13e-01	7.27e-09
 6.57305e+22	8.90e-01	1.10e-01	7.37e-09
 6.57950e+22	8.94e-01	1.06e-01	7.49e-09
 6.58621e+22	8.97e-01	1.03e-01	7.63e-09
 6.59301e+22	9.00e-01	1.00e-01	7.79e-09
 6.59981e+22	9.02e-01	9.79e-02	7.97e-09
 6.60662e+22	9.04e-01	9.56e-02	8.17e-09
 6.61363e+22	9.07e-01	9.34e-02	8.32e-09
 6.62082e+22	9.09e-01	9.11e-02	8.49e-09
 6.62802e+22	9.11e-01	8.90e-02	8.67e-09
 6.63490e+22	9.13e-01	8.71e-02	8.86e-09
 6.64169e+22	9.15e-01	8.53e-02	9.07e-09
 6.64859e+22	9.17e-01	8.34e-02	9.29e-09
 6.65535e+22	9.18e-01	8.16e-02	9.53e-09
 6.66195e+22	9.20e-01	7.99e-02	9.79e-09
 6.66837e+22	9.22e-01	7.83e-02	1.01e-08
 6.67463e+22	9.23e-01	7.68e-02	1.03e-08
 6.68071e+22	9.25e-01	7.52e-02	1.06e-08
 6.68660e+22	9.26e-01	7.38e-02	1.08e-08
 6.69231e+22	9.28e-01	7.24e-02	1.11e-08
 6.69784e+22	9.29e-01	7.11e-02	1.14e-08
 6.70320e+22	9.30e-01	6.97e-02	1.17e-08
 6.70841e+22	9.32e-01	6.85e-02	1.21e-08
 6.71334e+22	9.33e-01	6.73e-02	1.24e-08
 6.71789e+22	9.34e-01	6.62e-02	1.27e-08
 6.72203e+22	9.35e-01	6.53e-02	1.30e-08
 6.72579e+22	9.36e-01	6.44e-02	1.33e-08
 6.72922e+22	9.36e-01	6.37e-02	1.36e-08
 6.73234e+22	9.37e-01	6.30e-02	1.38e-08
 6.73517e+22	9.38e-01	6.24e-02	1.41e-08
 6.73776e+22	9.38e-01	6.18e-02	1.43e-08
 6.74010e+22	9.39e-01	6.14e-02	1.45e-08
 6.74268e+22	9.39e-01	6.07e-02	1.47e-08
 6.74603e+22	9.40e-01	5.97e-02	1.50e-08
 6.74964e+22	9.41e-01	5.87e-02	1.53e-08
 6.75293e+22	9.42e-01	5.78e-02	1.56e-08
 6.75592e+22	9.43e-01	5.73e-02	1.58e-08
 6.75864e+22	9.43e-01	5.67e-02	1.60e-08
 6.76112e+22	9.44e-01	5.62e-02	1.61e-08
 6.76384e+22	9.44e-01	5.55e-02	1.63e-08
 6.76677e+22	9.45e-01	5.47e-02	1.65e-08
 6.76943e+22	9.46e-01	5.43e-02	1.66e-08
 6.77236e+22	9.46e-01	5.36e-02	1.68e-08
 6.77551e+22	9.47e-01	5.30e-02	1.69e-08
 6.77897e+22	9.48e-01	5.22e-02	1.71e-08
 6.78270e+22	9.49e-01	5.14e-02	1.72e-08
 6.78610e+22	9.49e-01	5.08e-02	1.73e-08
 6.78982e+22	9.50e-01	5.01e-02	1.74e-08
 6.79384e+22	9.51e-01	4.92e-02	1.75e-08
 6.79750e+22	9.51e-01	4.86e-02	1.75e-08
 6.80083e+22	9.52e-01	4.81e-02	1.76e-08
 6.80385e+22	9.52e-01	4.76e-02	1.76e-08
 6.80717e+22	9.53e-01	4.70e-02	1.75e-08
 6.81076e+22	9.54e-01	4.64e-02	1.76e-08
 6.81402e+22	9.54e-01	4.58e-02	1.76e-08
 6.81698e+22	9.55e-01	4.53e-02	1.75e-08
 6.81968e+22	9.55e-01	4.49e-02	1.75e-08
 6.82264e+22	9.56e-01	4.44e-02	1.74e-08
 6.82583e+22	9.56e-01	4.37e-02	1.74e-08
 6.82874e+22	9.57e-01	4.32e-02	1.73e-08
 6.83139e+22	9.57e-01	4.29e-02	1.73e-08
 6.83428e+22	9.58e-01	4.25e-02	1.72e-08
 6.83741e+22	9.58e-01	4.18e-02	1.72e-08
 6.84026e+22	9.59e-01	4.14e-02	1.71e-08
 6.84285e+22	9.59e-01	4.11e-02	1.70e-08
 6.84569e+22	9.59e-01	4.07e-02	1.69e-08
 6.84875e+22	9.60e-01	4.02e-02	1.69e-08
 6.85154e+22	9.60e-01	3.97e-02	1.68e-08
 6.85408e+22	9.61e-01	3.94e-02	1.67e-08
 6.85686e+22	9.61e-01	3.90e-02	1.66e-08
 6.85987e+22	9.61e-01	3.85e-02	1.66e-08
 6.86316e+22	9.62e-01	3.80e-02	1.65e-08
 6.86671e+22	9.63e-01	3.74e-02	1.64e-08
 6.86994e+22	9.63e-01	3.70e-02	1.64e-08
 6.87288e+22	9.63e-01	3.68e-02	1.63e-08
 6.87611e+22	9.64e-01	3.63e-02	1.62e-08
 6.88030e+22	9.64e-01	3.57e-02	1.62e-08
 6.88482e+22	9.65e-01	3.51e-02	1.61e-08
 6.88894e+22	9.65e-01	3.46e-02	1.60e-08
 6.89268e+22	9.66e-01	3.42e-02	1.59e-08
 6.89609e+22	9.66e-01	3.39e-02	1.59e-08
 6.89983e+22	9.67e-01	3.35e-02	1.58e-08
 6.90386e+22	9.67e-01	3.30e-02	1.58e-08
 6.90753e+22	9.67e-01	3.27e-02	1.58e-08
 6.91155e+22	9.68e-01	3.22e-02	1.56e-08
 6.91589e+22	9.68e-01	3.17e-02	1.56e-08
 6.91984e+22	9.69e-01	3.13e-02	1.55e-08
 6.92344e+22	9.69e-01	3.11e-02	1.55e-08
 6.92738e+22	9.69e-01	3.06e-02	1.54e-08
 6.93163e+22	9.70e-01	3.02e-02	1.54e-08
 6.93550e+22	9.70e-01	2.99e-02	1.54e-08
 6.93974e+22	9.71e-01	2.94e-02	1.53e-08
 6.94432e+22	9.71e-01	2.90e-02	1.52e-08
 6.94849e+22	9.71e-01	2.87e-02	1.52e-08
 6.95305e+22	9.72e-01	2.82e-02	1.51e-08
 6.95798e+22	9.72e-01	2.78e-02	1.51e-08
 6.96247e+22	9.73e-01	2.74e-02	1.50e-08
 6.96655e+22	9.73e-01	2.72e-02	1.50e-08
 6.97102e+22	9.73e-01	2.68e-02	1.49e-08
 6.97585e+22	9.74e-01	2.63e-02	1.49e-08
 6.98024e+22	9.74e-01	2.61e-02	1.49e-08
 6.98506e+22	9.74e-01	2.57e-02	1.49e-08
 6.99026e+22	9.75e-01	2.52e-02	1.49e-08
 6.99499e+22	9.75e-01	2.50e-02	1.49e-08
 7.00017e+22	9.75e-01	2.45e-02	1.48e-08
 7.00577e+22	9.76e-01	2.41e-02	1.48e-08
 7.01086e+22	9.76e-01	2.38e-02	1.48e-08
 7.01644e+22	9.77e-01	2.34e-02	1.48e-08
 7.02246e+22	9.77e-01	2.30e-02	1.48e-08
 7.02795e+22	9.77e-01	2.27e-02	1.48e-08
 7.03293e+22	9.78e-01	2.24e-02	1.48e-08
 7.03840e+22	9.78e-01	2.21e-02	1.47e-08
 7.04430e+22	9.78e-01	2.17e-02	1.47e-08
 7.04967e+22	9.79e-01	2.14e-02	1.47e-08
 7.05556e+22	9.79e-01	2.10e-02	1.47e-08
 7.06191e+22	9.79e-01	2.07e-02	1.47e-08
 7.06769e+22	9.80e-01	2.04e-02	1.47e-08
 7.07403e+22	9.80e-01	2.00e-02	1.47e-08
 7.08087e+22	9.80e-01	1.97e-02	1.47e-08
 7.08709e+22	9.81e-01	1.94e-02	1.47e-08
 7.09275e+22	9.81e-01	1.92e-02	1.47e-08
 7.09896e+22	9.81e-01	1.88e-02	1.47e-08
 7.10566e+22	9.82e-01	1.85e-02	1.47e-08
 7.11176e+22	9.82e-01	1.82e-02	1.47e-08
 7.11844e+22	9.82e-01	1.79e-02	1.47e-08
 7.12565e+22	9.82e-01	1.76e-02	1.47e-08
 7.13222e+22	9.83e-01	1.73e-02	1.47e-08
 7.13941e+22	9.83e-01	1.70e-02	1.47e-08
 7.14717e+22	9.83e-01	1.67e-02	1.47e-08
 7.15424e+22	9.84e-01	1.64e-02	1.47e-08
 7.16067e+22	9.84e-01	1.62e-02	1.47e-08
 7.16772e+22	9.84e-01	1.59e-02	1.47e-08
 7.17532e+22	9.84e-01	1.56e-02	1.47e-08
 7.18225e+22	9.85e-01	1.54e-02	1.47e-08
 7.18983e+22	9.85e-01	1.51e-02	1.47e-08
 7.19802e+22	9.85e-01	1.48e-02	1.47e-08
 7.20547e+22	9.85e-01	1.45e-02	1.47e-08
 7.21225e+22	9.86e-01	1.43e-02	1.47e-08
 7.21968e+22	9.86e-01	1.41e-02	1.47e-08
 7.22771e+22	9.86e-01	1.38e-02	1.47e-08
 7.23501e+22	9.86e-01	1.36e-02	1.47e-08
 7.24301e+22	9.87e-01	1.33e-02	1.47e-08
 7.25164e+22	9.87e-01	1.31e-02	1.47e-08
 7.25950e+22	9.87e-01	1.29e-02	1.47e-08
 7.26811e+22	9.87e-01	1.26e-02	1.47e-08
 7.27741e+22	9.88e-01	1.24e-02	1.48e-08
 7.28587e+22	9.88e-01	1.21e-02	1.48e-08
 7.29357e+22	9.88e-01	1.19e-02	1.48e-08
 7.30201e+22	9.88e-01	1.17e-02	1.48e-08
 7.31112e+22	9.89e-01	1.15e-02	1.48e-08
 7.32110e+22	9.89e-01	1.12e-02	1.48e-08
 7.33277e+22	9.89e-01	1.09e-02	1.48e-08
 7.34506e+22	9.89e-01	1.06e-02	1.48e-08
 7.35769e+22	9.90e-01	1.04e-02	1.48e-08
 7.37058e+22	9.90e-01	1.01e-02	1.49e-08
 7.38366e+22	9.90e-01	9.80e-03	1.49e-08
 7.39688e+22	9.90e-01	9.53e-03	1.49e-08
 7.41023e+22	9.91e-01	9.26e-03	1.49e-08
 7.42369e+22	9.91e-01	9.00e-03	1.49e-08
 7.43728e+22	9.91e-01	8.75e-03	1.49e-08
 7.45097e+22	9.91e-01	8.50e-03	1.49e-08
 7.46478e+22	9.92e-01	8.26e-03	1.49e-08
 7.47868e+22	9.92e-01	8.02e-03	1.50e-08
 7.49270e+22	9.92e-01	7.79e-03	1.50e-08
 7.50681e+22	9.92e-01	7.57e-03	1.50e-08
 7.52100e+22	9.93e-01	7.35e-03	1.50e-08
 7.53527e+22	9.93e-01	7.13e-03	1.50e-08
 7.54962e+22	9.93e-01	6.93e-03	1.50e-08
 7.56406e+22	9.93e-01	6.72e-03	1.50e-08
 7.57861e+22	9.93e-01	6.53e-03	1.50e-08
 7.59323e+22	9.94e-01	6.33e-03	1.50e-08
 7.60795e+22	9.94e-01	6.14e-03	1.50e-08
 7.62275e+22	9.94e-01	5.96e-03	1.50e-08
 7.63764e+22	9.94e-01	5.78e-03	1.50e-08
 7.65275e+22	9.94e-01	5.61e-03	1.50e-08
 7.66815e+22	9.95e-01	5.43e-03	1.50e-08
 7.68375e+22	9.95e-01	5.27e-03	1.50e-08
 7.69952e+22	9.95e-01	5.10e-03	1.50e-08
 7.71543e+22	9.95e-01	4.94e-03	1.50e-08
 7.73148e+22	9.95e-01	4.79e-03	1.51e-08
 7.74769e+22	9.95e-01	4.63e-03	1.51e-08
 7.76406e+22	9.96e-01	4.48e-03	1.51e-08
 7.78067e+22	9.96e-01	4.34e-03	1.51e-08
 7.79751e+22	9.96e-01	4.20e-03	1.51e-08
 7.81471e+22	9.96e-01	4.06e-03	1.51e-08
 7.83230e+22	9.96e-01	3.92e-03	1.51e-08
 7.85021e+22	9.96e-01	3.78e-03	1.51e-08
 7.86840e+22	9.96e-01	3.65e-03	1.51e-08
 7.88688e+22	9.96e-01	3.52e-03	1.51e-08
 7.90567e+22	9.97e-01	3.40e-03	1.52e-08
 7.92477e+22	9.97e-01	3.27e-03	1.52e-08
 7.94421e+22	9.97e-01	3.15e-03	1.52e-08
 7.96410e+22	9.97e-01	3.03e-03	1.52e-08
 7.98444e+22	9.97e-01	2.92e-03	1.52e-08
 8.00520e+22	9.97e-01	2.81e-03	1.52e-08
 8.02640e+22	9.97e-01	2.69e-03	1.53e-08
 8.04806e+22	9.97e-01	2.59e-03	1.53e-08
 8.07018e+22	9.98e-01	2.48e-03	1.53e-08
 8.09293e+22	9.98e-01	2.38e-03	1.53e-08
 8.11626e+22	9.98e-01	2.27e-03	1.54e-08
 8.13984e+22	9.98e-01	2.18e-03	1.54e-08
 8.16351e+22	9.98e-01	2.08e-03	1.54e-08
 8.18734e+22	9.98e-01	1.99e-03	1.55e-08
 8.21142e+22	9.98e-01	1.90e-03	1.55e-08
 8.23569e+22	9.98e-01	1.82e-03	1.55e-08
 8.26013e+22	9.98e-01	1.74e-03	1.56e-08
 8.28479e+22	9.98e-01	1.66e-03	1.56e-08
 8.30966e+22	9.98e-01	1.59e-03	1.57e-08
 8.33465e+22	9.98e-01	1.51e-03	1.57e-08
 8.35973e+22	9.99e-01	1.45e-03	1.58e-08
 8.38511e+22	9.99e-01	1.38e-03	1.58e-08
 8.41072e+22	9.99e-01	1.31e-03	1.59e-08
 8.43652e+22	9.99e-01	1.25e-03	1.59e-08
 8.46263e+22	9.99e-01	1.19e-03	1.60e-08
 8.48898e+22	9.99e-01	1.14e-03	1.61e-08
 8.51554e+22	9.99e-01	1.08e-03	1.61e-08
 8.54234e+22	9.99e-01	1.03e-03	1.62e-08
 8.56940e+22	9.99e-01	9.75e-04	1.63e-08
 8.59673e+22	9.99e-01	9.26e-04	1.64e-08
 8.62433e+22	9.99e-01	8.79e-04	1.65e-08
 8.65221e+22	9.99e-01	8.33e-04	1.66e-08
 8.68039e+22	9.99e-01	7.89e-04	1.67e-08
 8.70889e+22	9.99e-01	7.47e-04	1.69e-08
 8.73773e+22	9.99e-01	7.06e-04	1.70e-08
 8.76691e+22	9.99e-01	6.64e-04	1.72e-08
 8.79564e+22	9.99e-01	6.28e-04	1.73e-08
 8.82468e+22	9.99e-01	5.93e-04	1.75e-08
 8.85514e+22	9.99e-01	5.58e-04	1.77e-08
 8.88621e+22	9.99e-01	5.24e-04	1.80e-08
 8.91765e+22	1.00e+00	4.91e-04	1.82e-08
 8.94958e+22	1.00e+00	4.60e-04	1.85e-08
 8.98195e+22	1.00e+00	4.30e-04	1.88e-08
 9.01499e+22	1.00e+00	4.02e-04	1.92e-08
 9.04885e+22	1.00e+00	3.74e-04	1.96e-08
 9.08346e+22	1.00e+00	3.47e-04	2.01e-08
 9.11894e+22	1.00e+00	3.22e-04	2.07e-08
 9.15533e+22	1.00e+00	2.97e-04	2.13e-08
 9.19282e+22	1.00e+00	2.74e-04	2.21e-08
 9.23154e+22	1.00e+00	2.51e-04	2.30e-08
 9.25412e+22	1.00e+00	2.45e-04	2.40e-08
