#depth	O	O+	O+2	O+3	O+4	O+5	O+6	O+7	O+8	O[1]	O[2]	O[3]
 4.62852e+21	8.27e-17	4.39e-12	9.08e-09	1.73e-06	6.86e-05	9.99e-04	8.62e-02	4.26e-01	4.87e-01	8.27e-17	2.42e-27	2.57e-27
 1.02459e+22	1.11e-15	4.22e-11	6.36e-08	8.88e-06	2.53e-04	2.50e-03	1.44e-01	4.81e-01	3.72e-01	1.11e-15	2.15e-24	2.71e-24
 1.17291e+22	3.89e-15	1.26e-10	1.64e-07	1.98e-05	4.84e-04	3.93e-03	1.84e-01	4.98e-01	3.14e-01	3.89e-15	7.58e-24	9.53e-24
 1.24707e+22	7.19e-15	2.15e-10	2.61e-07	2.95e-05	6.69e-04	4.93e-03	2.07e-01	5.02e-01	2.85e-01	7.19e-15	1.40e-23	1.76e-23
 1.27988e+22	8.77e-15	2.56e-10	3.04e-07	3.36e-05	7.45e-04	5.31e-03	2.15e-01	5.03e-01	2.76e-01	8.77e-15	1.71e-23	2.15e-23
 1.29849e+22	1.13e-14	3.20e-10	3.68e-07	3.96e-05	8.54e-04	5.84e-03	2.25e-01	5.04e-01	2.64e-01	1.13e-14	2.20e-23	2.77e-23
 1.31903e+22	1.43e-14	3.94e-10	4.43e-07	4.65e-05	9.75e-04	6.40e-03	2.36e-01	5.04e-01	2.52e-01	1.43e-14	2.80e-23	3.52e-23
 1.33909e+22	1.81e-14	4.84e-10	5.30e-07	5.44e-05	1.11e-03	7.02e-03	2.47e-01	5.04e-01	2.41e-01	1.81e-14	3.55e-23	4.45e-23
 1.36109e+22	2.39e-14	6.16e-10	6.57e-07	6.56e-05	1.30e-03	7.83e-03	2.60e-01	5.03e-01	2.28e-01	2.39e-14	4.67e-23	5.87e-23
 1.38193e+22	2.91e-14	7.33e-10	7.67e-07	7.51e-05	1.45e-03	8.48e-03	2.70e-01	5.01e-01	2.18e-01	2.91e-14	5.70e-23	7.16e-23
 1.40229e+22	3.75e-14	9.16e-10	9.35e-07	8.95e-05	1.69e-03	9.42e-03	2.84e-01	4.99e-01	2.06e-01	3.75e-14	7.34e-23	9.22e-23
 1.42301e+22	4.56e-14	1.09e-09	1.09e-06	1.03e-04	1.90e-03	1.02e-02	2.95e-01	4.96e-01	1.96e-01	4.56e-14	8.94e-23	1.12e-22
 1.44334e+22	5.74e-14	1.33e-09	1.31e-06	1.21e-04	2.18e-03	1.13e-02	3.09e-01	4.93e-01	1.85e-01	5.74e-14	1.13e-22	1.41e-22
 1.46407e+22	6.96e-14	1.58e-09	1.53e-06	1.39e-04	2.46e-03	1.23e-02	3.21e-01	4.89e-01	1.75e-01	6.96e-14	1.37e-22	1.71e-22
 1.48426e+22	8.53e-14	1.90e-09	1.81e-06	1.62e-04	2.80e-03	1.35e-02	3.35e-01	4.84e-01	1.65e-01	8.53e-14	1.68e-22	2.10e-22
 1.50486e+22	1.03e-13	2.24e-09	2.11e-06	1.87e-04	3.17e-03	1.47e-02	3.47e-01	4.79e-01	1.56e-01	1.03e-13	2.02e-22	2.54e-22
 1.52527e+22	1.24e-13	2.64e-09	2.47e-06	2.15e-04	3.58e-03	1.61e-02	3.61e-01	4.73e-01	1.46e-01	1.24e-13	2.43e-22	3.05e-22
 1.54577e+22	1.47e-13	3.08e-09	2.86e-06	2.47e-04	4.04e-03	1.76e-02	3.74e-01	4.67e-01	1.37e-01	1.47e-13	2.89e-22	3.62e-22
 1.56605e+22	1.73e-13	3.58e-09	3.29e-06	2.82e-04	4.53e-03	1.91e-02	3.87e-01	4.60e-01	1.29e-01	1.73e-13	3.41e-22	4.27e-22
 1.58629e+22	2.02e-13	4.12e-09	3.77e-06	3.21e-04	5.08e-03	2.08e-02	4.00e-01	4.53e-01	1.21e-01	2.02e-13	3.98e-22	4.99e-22
 1.60656e+22	2.34e-13	4.72e-09	4.31e-06	3.64e-04	5.68e-03	2.25e-02	4.13e-01	4.45e-01	1.13e-01	2.34e-13	4.62e-22	5.80e-22
 1.62692e+22	2.70e-13	5.38e-09	4.90e-06	4.12e-04	6.34e-03	2.44e-02	4.26e-01	4.37e-01	1.06e-01	2.70e-13	5.33e-22	6.68e-22
 1.64741e+22	3.09e-13	6.11e-09	5.56e-06	4.66e-04	7.06e-03	2.65e-02	4.39e-01	4.28e-01	9.89e-02	3.09e-13	6.11e-22	7.65e-22
 1.66808e+22	3.51e-13	6.90e-09	6.28e-06	5.25e-04	7.85e-03	2.86e-02	4.52e-01	4.19e-01	9.22e-02	3.51e-13	6.95e-22	8.71e-22
 1.68900e+22	3.98e-13	7.76e-09	7.09e-06	5.91e-04	8.71e-03	3.10e-02	4.64e-01	4.10e-01	8.58e-02	3.98e-13	7.88e-22	9.87e-22
 1.71003e+22	4.47e-13	8.68e-09	7.96e-06	6.63e-04	9.64e-03	3.34e-02	4.76e-01	4.00e-01	7.98e-02	4.47e-13	8.87e-22	1.11e-21
 1.73140e+22	5.01e-13	9.70e-09	8.94e-06	7.45e-04	1.07e-02	3.61e-02	4.88e-01	3.90e-01	7.40e-02	5.01e-13	9.95e-22	1.25e-21
 1.75302e+22	5.58e-13	1.08e-08	9.99e-06	8.33e-04	1.18e-02	3.89e-02	5.00e-01	3.80e-01	6.86e-02	5.58e-13	1.11e-21	1.39e-21
 1.77506e+22	6.21e-13	1.20e-08	1.12e-05	9.35e-04	1.30e-02	4.19e-02	5.12e-01	3.69e-01	6.33e-02	6.21e-13	1.24e-21	1.55e-21
 1.79556e+22	6.76e-13	1.30e-08	1.23e-05	1.02e-03	1.41e-02	4.45e-02	5.21e-01	3.60e-01	5.93e-02	6.76e-13	1.35e-21	1.69e-21
 1.81670e+22	7.47e-13	1.45e-08	1.37e-05	1.15e-03	1.56e-02	4.81e-02	5.32e-01	3.49e-01	5.43e-02	7.47e-13	1.49e-21	1.87e-21
 1.83817e+22	8.11e-13	1.57e-08	1.50e-05	1.26e-03	1.68e-02	5.10e-02	5.41e-01	3.39e-01	5.07e-02	8.11e-13	1.62e-21	2.03e-21
 1.86012e+22	8.90e-13	1.74e-08	1.68e-05	1.42e-03	1.86e-02	5.51e-02	5.51e-01	3.27e-01	4.63e-02	8.90e-13	1.78e-21	2.23e-21
 1.88217e+22	9.65e-13	1.89e-08	1.84e-05	1.55e-03	2.00e-02	5.82e-02	5.59e-01	3.18e-01	4.32e-02	9.65e-13	1.93e-21	2.42e-21
 1.90437e+22	1.06e-12	2.08e-08	2.05e-05	1.74e-03	2.19e-02	6.27e-02	5.68e-01	3.06e-01	3.93e-02	1.06e-12	2.12e-21	2.65e-21
 1.92669e+22	1.14e-12	2.25e-08	2.24e-05	1.90e-03	2.35e-02	6.61e-02	5.75e-01	2.97e-01	3.66e-02	1.14e-12	2.29e-21	2.86e-21
 1.94918e+22	1.24e-12	2.48e-08	2.50e-05	2.12e-03	2.58e-02	7.09e-02	5.83e-01	2.85e-01	3.32e-02	1.24e-12	2.50e-21	3.12e-21
 1.97187e+22	1.34e-12	2.68e-08	2.73e-05	2.32e-03	2.76e-02	7.47e-02	5.89e-01	2.76e-01	3.09e-02	1.34e-12	2.69e-21	3.36e-21
 1.99480e+22	1.46e-12	2.95e-08	3.04e-05	2.59e-03	3.01e-02	8.00e-02	5.96e-01	2.64e-01	2.80e-02	1.46e-12	2.94e-21	3.67e-21
 2.01802e+22	1.57e-12	3.20e-08	3.33e-05	2.83e-03	3.22e-02	8.41e-02	6.00e-01	2.55e-01	2.59e-02	1.57e-12	3.17e-21	3.96e-21
 2.04161e+22	1.71e-12	3.53e-08	3.72e-05	3.16e-03	3.50e-02	8.98e-02	6.06e-01	2.43e-01	2.33e-02	1.71e-12	3.47e-21	4.32e-21
 2.06560e+22	1.85e-12	3.84e-08	4.07e-05	3.46e-03	3.74e-02	9.44e-02	6.09e-01	2.34e-01	2.15e-02	1.85e-12	3.75e-21	4.67e-21
 2.09009e+22	2.02e-12	4.26e-08	4.57e-05	3.87e-03	4.07e-02	1.01e-01	6.13e-01	2.22e-01	1.93e-02	2.02e-12	4.11e-21	5.12e-21
 2.11510e+22	2.19e-12	4.66e-08	5.03e-05	4.25e-03	4.35e-02	1.06e-01	6.15e-01	2.13e-01	1.77e-02	2.19e-12	4.47e-21	5.57e-21
 2.14079e+22	2.41e-12	5.20e-08	5.68e-05	4.77e-03	4.72e-02	1.13e-01	6.18e-01	2.02e-01	1.58e-02	2.41e-12	4.93e-21	6.14e-21
 2.16709e+22	2.64e-12	5.74e-08	6.30e-05	5.25e-03	5.05e-02	1.18e-01	6.19e-01	1.93e-01	1.44e-02	2.64e-12	5.40e-21	6.73e-21
 2.18926e+22	2.85e-12	6.24e-08	6.88e-05	5.70e-03	5.34e-02	1.23e-01	6.19e-01	1.85e-01	1.33e-02	2.85e-12	5.84e-21	7.28e-21
 2.21314e+22	3.13e-12	6.96e-08	7.72e-05	6.34e-03	5.74e-02	1.30e-01	6.19e-01	1.75e-01	1.19e-02	3.13e-12	6.44e-21	8.02e-21
 2.23736e+22	3.40e-12	7.62e-08	8.48e-05	6.90e-03	6.08e-02	1.36e-01	6.18e-01	1.68e-01	1.10e-02	3.40e-12	7.00e-21	8.72e-21
 2.25832e+22	3.67e-12	8.31e-08	9.26e-05	7.47e-03	6.41e-02	1.41e-01	6.16e-01	1.61e-01	1.01e-02	3.67e-12	7.59e-21	9.45e-21
 2.28183e+22	4.04e-12	9.27e-08	1.04e-04	8.27e-03	6.85e-02	1.48e-01	6.14e-01	1.52e-01	9.05e-03	4.04e-12	8.38e-21	1.04e-20
 2.30526e+22	4.43e-12	1.02e-07	1.14e-04	8.94e-03	7.21e-02	1.53e-01	6.12e-01	1.46e-01	8.35e-03	4.43e-12	9.20e-21	1.14e-20
 2.32858e+22	4.89e-12	1.14e-07	1.28e-04	9.88e-03	7.68e-02	1.60e-01	6.08e-01	1.37e-01	7.49e-03	4.89e-12	1.02e-20	1.27e-20
 2.35222e+22	5.38e-12	1.26e-07	1.40e-04	1.07e-02	8.07e-02	1.66e-01	6.04e-01	1.31e-01	6.88e-03	5.38e-12	1.12e-20	1.40e-20
 2.37627e+22	6.01e-12	1.43e-07	1.58e-04	1.18e-02	8.60e-02	1.73e-01	5.99e-01	1.24e-01	6.14e-03	6.01e-12	1.26e-20	1.57e-20
 2.40074e+22	6.69e-12	1.59e-07	1.75e-04	1.28e-02	9.04e-02	1.79e-01	5.94e-01	1.18e-01	5.63e-03	6.69e-12	1.41e-20	1.75e-20
 2.42577e+22	7.52e-12	1.81e-07	1.98e-04	1.42e-02	9.63e-02	1.87e-01	5.87e-01	1.10e-01	4.99e-03	7.52e-12	1.59e-20	1.97e-20
 2.45118e+22	8.41e-12	2.03e-07	2.20e-04	1.55e-02	1.01e-01	1.93e-01	5.81e-01	1.05e-01	4.54e-03	8.41e-12	1.78e-20	2.21e-20
 2.47707e+22	9.63e-12	2.34e-07	2.51e-04	1.72e-02	1.08e-01	2.01e-01	5.73e-01	9.75e-02	4.01e-03	9.63e-12	2.04e-20	2.54e-20
 2.50371e+22	1.09e-11	2.65e-07	2.81e-04	1.87e-02	1.13e-01	2.07e-01	5.65e-01	9.20e-02	3.62e-03	1.09e-11	2.32e-20	2.87e-20
 2.53133e+22	1.27e-11	3.10e-07	3.24e-04	2.09e-02	1.21e-01	2.15e-01	5.55e-01	8.52e-02	3.16e-03	1.27e-11	2.71e-20	3.36e-20
 2.55952e+22	1.45e-11	3.55e-07	3.64e-04	2.29e-02	1.27e-01	2.21e-01	5.46e-01	8.00e-02	2.84e-03	1.45e-11	3.11e-20	3.86e-20
 2.58844e+22	1.72e-11	4.21e-07	4.23e-04	2.56e-02	1.36e-01	2.29e-01	5.33e-01	7.36e-02	2.46e-03	1.72e-11	3.70e-20	4.59e-20
 2.61763e+22	1.99e-11	4.85e-07	4.77e-04	2.80e-02	1.42e-01	2.35e-01	5.23e-01	6.89e-02	2.20e-03	1.99e-11	4.31e-20	5.34e-20
 2.64716e+22	2.37e-11	5.79e-07	5.56e-04	3.13e-02	1.51e-01	2.43e-01	5.08e-01	6.30e-02	1.89e-03	2.37e-11	5.17e-20	6.40e-20
 2.67702e+22	2.77e-11	6.72e-07	6.28e-04	3.42e-02	1.59e-01	2.49e-01	4.97e-01	5.88e-02	1.68e-03	2.77e-11	6.08e-20	7.52e-20
 2.70729e+22	3.36e-11	8.10e-07	7.36e-04	3.83e-02	1.69e-01	2.56e-01	4.81e-01	5.34e-02	1.44e-03	3.36e-11	7.41e-20	9.16e-20
 2.73684e+22	3.92e-11	9.34e-07	8.26e-04	4.15e-02	1.76e-01	2.61e-01	4.70e-01	4.99e-02	1.29e-03	3.92e-11	8.69e-20	1.07e-19
 2.76544e+22	4.72e-11	1.12e-06	9.57e-04	4.60e-02	1.86e-01	2.67e-01	4.54e-01	4.54e-02	1.11e-03	4.72e-11	1.05e-19	1.30e-19
 2.79505e+22	5.60e-11	1.30e-06	1.08e-03	5.01e-02	1.94e-01	2.71e-01	4.41e-01	4.21e-02	9.77e-04	5.60e-11	1.26e-19	1.55e-19
 2.82038e+22	6.49e-11	1.49e-06	1.21e-03	5.40e-02	2.01e-01	2.75e-01	4.29e-01	3.93e-02	8.74e-04	6.49e-11	1.47e-19	1.81e-19
 2.84768e+22	7.84e-11	1.78e-06	1.39e-03	5.93e-02	2.11e-01	2.79e-01	4.13e-01	3.58e-02	7.53e-04	7.84e-11	1.78e-19	2.20e-19
 2.87499e+22	9.12e-11	2.04e-06	1.55e-03	6.38e-02	2.18e-01	2.82e-01	4.00e-01	3.32e-02	6.71e-04	9.12e-11	2.09e-19	2.57e-19
 2.90231e+22	1.11e-10	2.42e-06	1.77e-03	6.97e-02	2.28e-01	2.85e-01	3.85e-01	3.03e-02	5.80e-04	1.11e-10	2.55e-19	3.14e-19
 2.93075e+22	1.31e-10	2.82e-06	1.99e-03	7.54e-02	2.36e-01	2.88e-01	3.70e-01	2.78e-02	5.08e-04	1.31e-10	3.04e-19	3.75e-19
 2.95626e+22	1.55e-10	3.26e-06	2.23e-03	8.10e-02	2.44e-01	2.89e-01	3.57e-01	2.56e-02	4.48e-04	1.55e-10	3.61e-19	4.44e-19
 2.98501e+22	1.91e-10	3.90e-06	2.55e-03	8.85e-02	2.54e-01	2.91e-01	3.41e-01	2.31e-02	3.83e-04	1.91e-10	4.49e-19	5.52e-19
 3.01514e+22	2.31e-10	4.59e-06	2.89e-03	9.57e-02	2.63e-01	2.92e-01	3.26e-01	2.10e-02	3.31e-04	2.31e-10	5.47e-19	6.71e-19
 3.04242e+22	2.76e-10	5.35e-06	3.25e-03	1.03e-01	2.71e-01	2.92e-01	3.12e-01	1.92e-02	2.88e-04	2.76e-10	6.59e-19	8.09e-19
 3.07325e+22	3.47e-10	6.48e-06	3.75e-03	1.13e-01	2.81e-01	2.91e-01	2.94e-01	1.71e-02	2.42e-04	3.47e-10	8.38e-19	1.03e-18
 3.10500e+22	4.24e-10	7.67e-06	4.25e-03	1.21e-01	2.89e-01	2.90e-01	2.79e-01	1.54e-02	2.07e-04	4.24e-10	1.03e-18	1.26e-18
 3.13322e+22	5.12e-10	8.97e-06	4.77e-03	1.30e-01	2.97e-01	2.89e-01	2.65e-01	1.39e-02	1.78e-04	5.12e-10	1.26e-18	1.54e-18
 3.16516e+22	6.52e-10	1.09e-05	5.50e-03	1.42e-01	3.06e-01	2.86e-01	2.48e-01	1.22e-02	1.47e-04	6.52e-10	1.62e-18	1.98e-18
 3.19825e+22	8.07e-10	1.30e-05	6.24e-03	1.53e-01	3.14e-01	2.83e-01	2.33e-01	1.09e-02	1.24e-04	8.07e-10	2.03e-18	2.48e-18
 3.22790e+22	9.87e-10	1.52e-05	7.01e-03	1.64e-01	3.21e-01	2.79e-01	2.19e-01	9.72e-03	1.05e-04	9.87e-10	2.51e-18	3.06e-18
 3.26153e+22	1.28e-09	1.87e-05	8.12e-03	1.78e-01	3.29e-01	2.74e-01	2.02e-01	8.39e-03	8.54e-05	1.28e-09	3.30e-18	4.03e-18
 3.29620e+22	1.60e-09	2.23e-05	9.19e-03	1.91e-01	3.35e-01	2.69e-01	1.89e-01	7.39e-03	7.11e-05	1.60e-09	4.17e-18	5.08e-18
 3.33223e+22	2.11e-09	2.77e-05	1.07e-02	2.07e-01	3.43e-01	2.61e-01	1.72e-01	6.28e-03	5.63e-05	2.11e-09	5.60e-18	6.82e-18
 3.36870e+22	2.65e-09	3.30e-05	1.21e-02	2.22e-01	3.47e-01	2.54e-01	1.59e-01	5.47e-03	4.64e-05	2.65e-09	7.14e-18	8.68e-18
 3.40082e+22	3.31e-09	3.91e-05	1.36e-02	2.36e-01	3.52e-01	2.47e-01	1.47e-01	4.78e-03	3.83e-05	3.31e-09	9.05e-18	1.10e-17
 3.43770e+22	4.42e-09	4.86e-05	1.58e-02	2.55e-01	3.56e-01	2.38e-01	1.32e-01	3.99e-03	2.97e-05	4.42e-09	1.23e-17	1.50e-17
 3.47496e+22	5.57e-09	5.78e-05	1.77e-02	2.70e-01	3.58e-01	2.30e-01	1.21e-01	3.44e-03	2.42e-05	5.57e-09	1.58e-17	1.92e-17
 3.51274e+22	7.45e-09	7.16e-05	2.05e-02	2.90e-01	3.60e-01	2.19e-01	1.08e-01	2.85e-03	1.86e-05	7.45e-09	2.16e-17	2.62e-17
 3.55109e+22	9.46e-09	8.53e-05	2.30e-02	3.07e-01	3.60e-01	2.09e-01	9.78e-02	2.43e-03	1.49e-05	9.46e-09	2.80e-17	3.39e-17
 3.59018e+22	1.28e-08	1.06e-04	2.66e-02	3.28e-01	3.59e-01	1.97e-01	8.61e-02	1.98e-03	1.12e-05	1.28e-08	3.89e-17	4.71e-17
 3.62967e+22	1.63e-08	1.26e-04	2.98e-02	3.46e-01	3.58e-01	1.88e-01	7.75e-02	1.67e-03	8.92e-06	1.63e-08	5.07e-17	6.13e-17
 3.66965e+22	2.21e-08	1.58e-04	3.43e-02	3.68e-01	3.54e-01	1.75e-01	6.75e-02	1.34e-03	6.60e-06	2.21e-08	7.12e-17	8.61e-17
 3.71002e+22	2.82e-08	1.87e-04	3.82e-02	3.85e-01	3.50e-01	1.65e-01	6.03e-02	1.12e-03	5.19e-06	2.82e-08	9.31e-17	1.13e-16
 3.75088e+22	3.84e-08	2.33e-04	4.39e-02	4.06e-01	3.44e-01	1.53e-01	5.19e-02	8.87e-04	3.78e-06	3.84e-08	1.32e-16	1.59e-16
 3.79230e+22	4.91e-08	2.76e-04	4.88e-02	4.24e-01	3.38e-01	1.43e-01	4.58e-02	7.33e-04	2.92e-06	4.91e-08	1.74e-16	2.10e-16
 3.82813e+22	6.19e-08	3.24e-04	5.39e-02	4.39e-01	3.32e-01	1.34e-01	4.07e-02	6.11e-04	2.29e-06	6.19e-08	2.26e-16	2.73e-16
 3.86840e+22	8.35e-08	3.99e-04	6.11e-02	4.59e-01	3.22e-01	1.22e-01	3.47e-02	4.79e-04	1.66e-06	8.35e-08	3.17e-16	3.83e-16
 3.90692e+22	1.02e-07	4.59e-04	6.64e-02	4.72e-01	3.15e-01	1.14e-01	3.11e-02	4.05e-04	1.32e-06	1.02e-07	4.00e-16	4.83e-16
 3.94317e+22	1.34e-07	5.51e-04	7.40e-02	4.88e-01	3.06e-01	1.05e-01	2.67e-02	3.23e-04	9.78e-07	1.34e-07	5.43e-16	6.55e-16
 3.98000e+22	1.65e-07	6.34e-04	8.04e-02	5.00e-01	2.98e-01	9.76e-02	2.37e-02	2.70e-04	7.72e-07	1.65e-07	6.87e-16	8.29e-16
 4.01759e+22	2.15e-07	7.60e-04	8.93e-02	5.14e-01	2.86e-01	8.87e-02	2.03e-02	2.13e-04	5.65e-07	2.15e-07	9.32e-16	1.12e-15
 4.05560e+22	2.67e-07	8.79e-04	9.70e-02	5.25e-01	2.77e-01	8.18e-02	1.78e-02	1.75e-04	4.37e-07	2.67e-07	1.19e-15	1.43e-15
 4.09416e+22	3.49e-07	1.05e-03	1.07e-01	5.38e-01	2.65e-01	7.37e-02	1.51e-02	1.37e-04	3.16e-07	3.49e-07	1.61e-15	1.94e-15
 4.13305e+22	4.33e-07	1.21e-03	1.16e-01	5.47e-01	2.55e-01	6.76e-02	1.31e-02	1.12e-04	2.42e-07	4.33e-07	2.06e-15	2.47e-15
 4.16724e+22	5.34e-07	1.40e-03	1.26e-01	5.54e-01	2.45e-01	6.19e-02	1.15e-02	9.15e-05	1.86e-07	5.34e-07	2.61e-15	3.13e-15
 4.20655e+22	6.97e-07	1.67e-03	1.38e-01	5.63e-01	2.32e-01	5.52e-02	9.60e-03	7.05e-05	1.32e-07	6.97e-07	3.52e-15	4.23e-15
 4.24643e+22	8.67e-07	1.92e-03	1.49e-01	5.69e-01	2.22e-01	5.01e-02	8.28e-03	5.67e-05	0.00e+00	8.67e-07	4.51e-15	5.41e-15
 4.27839e+22	1.03e-06	2.16e-03	1.59e-01	5.73e-01	2.13e-01	4.62e-02	7.31e-03	4.73e-05	0.00e+00	1.03e-06	5.51e-15	6.60e-15
 4.31128e+22	1.28e-06	2.48e-03	1.71e-01	5.76e-01	2.03e-01	4.18e-02	6.29e-03	3.80e-05	0.00e+00	1.28e-06	7.01e-15	8.39e-15
 4.34510e+22	1.53e-06	2.79e-03	1.81e-01	5.78e-01	1.94e-01	3.83e-02	5.53e-03	3.15e-05	0.00e+00	1.53e-06	8.59e-15	1.03e-14
 4.37533e+22	1.82e-06	3.12e-03	1.92e-01	5.79e-01	1.86e-01	3.51e-02	4.87e-03	2.61e-05	0.00e+00	1.82e-06	1.05e-14	1.25e-14
 4.40980e+22	2.27e-06	3.61e-03	2.06e-01	5.80e-01	1.75e-01	3.13e-02	4.11e-03	2.05e-05	0.00e+00	2.27e-06	1.35e-14	1.61e-14
 4.44421e+22	2.69e-06	4.03e-03	2.18e-01	5.79e-01	1.67e-01	2.86e-02	3.61e-03	1.70e-05	0.00e+00	2.69e-06	1.64e-14	1.96e-14
 4.47854e+22	3.33e-06	4.63e-03	2.33e-01	5.77e-01	1.57e-01	2.55e-02	3.05e-03	1.33e-05	0.00e+00	3.33e-06	2.10e-14	2.50e-14
 4.51345e+22	3.98e-06	5.20e-03	2.46e-01	5.74e-01	1.49e-01	2.30e-02	2.65e-03	1.08e-05	0.00e+00	3.98e-06	2.58e-14	3.07e-14
 4.54418e+22	4.71e-06	5.79e-03	2.59e-01	5.71e-01	1.41e-01	2.09e-02	2.31e-03	8.90e-06	0.00e+00	4.71e-06	3.14e-14	3.73e-14
 4.57917e+22	5.82e-06	6.63e-03	2.76e-01	5.65e-01	1.32e-01	1.85e-02	1.94e-03	6.92e-06	0.00e+00	5.82e-06	4.01e-14	4.76e-14
 4.61488e+22	6.94e-06	7.42e-03	2.91e-01	5.59e-01	1.24e-01	1.66e-02	1.67e-03	5.58e-06	0.00e+00	6.94e-06	4.92e-14	5.84e-14
 4.64663e+22	8.22e-06	8.27e-03	3.06e-01	5.53e-01	1.17e-01	1.50e-02	1.44e-03	4.53e-06	0.00e+00	8.22e-06	5.99e-14	7.10e-14
 4.68300e+22	1.02e-05	9.48e-03	3.25e-01	5.44e-01	1.08e-01	1.31e-02	1.19e-03	3.45e-06	0.00e+00	1.02e-05	7.71e-14	9.13e-14
 4.71989e+22	1.21e-05	1.06e-02	3.41e-01	5.35e-01	1.01e-01	1.16e-02	1.02e-03	2.75e-06	0.00e+00	1.21e-05	9.46e-14	1.12e-13
 4.75746e+22	1.50e-05	1.21e-02	3.61e-01	5.23e-01	9.29e-02	1.01e-02	8.37e-04	2.08e-06	0.00e+00	1.50e-05	1.22e-13	1.44e-13
 4.79586e+22	1.80e-05	1.36e-02	3.79e-01	5.12e-01	8.60e-02	8.88e-03	7.03e-04	1.62e-06	0.00e+00	1.80e-05	1.51e-13	1.79e-13
 4.82951e+22	2.13e-05	1.51e-02	3.96e-01	5.01e-01	8.00e-02	7.88e-03	5.97e-04	1.29e-06	0.00e+00	2.13e-05	1.84e-13	2.18e-13
 4.86742e+22	2.63e-05	1.73e-02	4.17e-01	4.85e-01	7.29e-02	6.76e-03	4.86e-04	9.61e-07	0.00e+00	2.63e-05	2.37e-13	2.80e-13
 4.89420e+22	2.77e-05	1.78e-02	4.23e-01	4.81e-01	7.10e-02	6.47e-03	4.58e-04	8.84e-07	0.00e+00	2.77e-05	2.53e-13	2.99e-13
 4.90652e+22	2.99e-05	1.87e-02	4.31e-01	4.75e-01	6.85e-02	6.11e-03	4.24e-04	7.93e-07	0.00e+00	2.99e-05	2.77e-13	3.27e-13
 4.92254e+22	3.24e-05	1.97e-02	4.40e-01	4.69e-01	6.59e-02	5.74e-03	3.90e-04	7.04e-07	0.00e+00	3.24e-05	3.06e-13	3.61e-13
 4.94336e+22	3.62e-05	2.11e-02	4.51e-01	4.60e-01	6.25e-02	5.27e-03	3.48e-04	5.99e-07	0.00e+00	3.62e-05	3.50e-13	4.12e-13
 4.97043e+22	4.20e-05	2.31e-02	4.67e-01	4.47e-01	5.81e-02	4.68e-03	2.97e-04	4.79e-07	0.00e+00	4.20e-05	4.20e-13	4.94e-13
 5.00561e+22	5.09e-05	2.61e-02	4.87e-01	4.30e-01	5.26e-02	4.00e-03	2.41e-04	3.57e-07	0.00e+00	5.09e-05	5.31e-13	6.23e-13
 5.04355e+22	6.01e-05	2.89e-02	5.05e-01	4.14e-01	4.82e-02	3.48e-03	2.01e-04	2.76e-07	0.00e+00	6.01e-05	6.51e-13	7.63e-13
 5.07544e+22	6.87e-05	3.14e-02	5.19e-01	4.02e-01	4.48e-02	3.10e-03	1.73e-04	2.23e-07	0.00e+00	6.87e-05	7.68e-13	8.98e-13
 5.10269e+22	7.80e-05	3.40e-02	5.32e-01	3.89e-01	4.17e-02	2.77e-03	1.49e-04	1.82e-07	0.00e+00	7.80e-05	8.99e-13	1.05e-12
 5.13355e+22	9.12e-05	3.74e-02	5.48e-01	3.73e-01	3.81e-02	2.41e-03	1.25e-04	1.41e-07	0.00e+00	9.12e-05	1.09e-12	1.27e-12
 5.16527e+22	1.04e-04	4.05e-02	5.62e-01	3.60e-01	3.52e-02	2.14e-03	1.07e-04	0.00e+00	0.00e+00	1.04e-04	1.29e-12	1.50e-12
 5.19369e+22	1.18e-04	4.39e-02	5.75e-01	3.47e-01	3.25e-02	1.89e-03	9.10e-05	0.00e+00	0.00e+00	1.18e-04	1.52e-12	1.76e-12
 5.22618e+22	1.40e-04	4.86e-02	5.91e-01	3.30e-01	2.93e-02	1.62e-03	7.44e-05	0.00e+00	0.00e+00	1.40e-04	1.87e-12	2.16e-12
 5.25886e+22	1.58e-04	5.24e-02	6.03e-01	3.16e-01	2.70e-02	1.43e-03	6.33e-05	0.00e+00	0.00e+00	1.58e-04	2.20e-12	2.52e-12
 5.29176e+22	1.86e-04	5.77e-02	6.17e-01	2.99e-01	2.43e-02	1.22e-03	5.17e-05	0.00e+00	0.00e+00	1.86e-04	2.70e-12	3.08e-12
 5.32551e+22	2.12e-04	6.26e-02	6.29e-01	2.85e-01	2.21e-02	1.06e-03	4.33e-05	0.00e+00	0.00e+00	2.12e-04	3.22e-12	3.64e-12
 5.35566e+22	2.41e-04	6.76e-02	6.40e-01	2.71e-01	2.02e-02	9.21e-04	3.63e-05	0.00e+00	0.00e+00	2.41e-04	3.81e-12	4.29e-12
 5.39013e+22	2.83e-04	7.45e-02	6.52e-01	2.54e-01	1.80e-02	7.75e-04	2.92e-05	0.00e+00	0.00e+00	2.83e-04	4.71e-12	5.26e-12
 5.42564e+22	3.25e-04	8.08e-02	6.62e-01	2.40e-01	1.62e-02	6.64e-04	2.41e-05	0.00e+00	0.00e+00	3.25e-04	5.65e-12	6.26e-12
 5.45751e+22	3.70e-04	8.73e-02	6.71e-01	2.26e-01	1.46e-02	5.71e-04	1.99e-05	0.00e+00	0.00e+00	3.70e-04	6.73e-12	7.39e-12
 5.49397e+22	4.37e-04	9.63e-02	6.81e-01	2.09e-01	1.28e-02	4.70e-04	1.56e-05	0.00e+00	0.00e+00	4.37e-04	8.44e-12	9.16e-12
 5.53126e+22	4.99e-04	1.04e-01	6.88e-01	1.95e-01	1.14e-02	3.99e-04	1.27e-05	0.00e+00	0.00e+00	4.99e-04	1.01e-11	1.09e-11
 5.56962e+22	5.92e-04	1.15e-01	6.95e-01	1.79e-01	9.86e-03	3.22e-04	9.80e-06	0.00e+00	0.00e+00	5.92e-04	1.28e-11	1.36e-11
 5.60872e+22	6.77e-04	1.24e-01	7.00e-01	1.66e-01	8.72e-03	2.70e-04	7.88e-06	0.00e+00	0.00e+00	6.77e-04	1.55e-11	1.62e-11
 5.64876e+22	8.06e-04	1.38e-01	7.04e-01	1.50e-01	7.44e-03	2.15e-04	5.95e-06	0.00e+00	0.00e+00	8.06e-04	1.99e-11	2.04e-11
 5.68922e+22	9.18e-04	1.48e-01	7.06e-01	1.38e-01	6.54e-03	1.79e-04	4.75e-06	0.00e+00	0.00e+00	9.18e-04	2.40e-11	2.43e-11
 5.73023e+22	1.09e-03	1.63e-01	7.06e-01	1.24e-01	5.54e-03	1.41e-04	3.56e-06	0.00e+00	0.00e+00	1.09e-03	3.07e-11	3.04e-11
 5.77211e+22	1.24e-03	1.76e-01	7.05e-01	1.13e-01	4.82e-03	1.15e-04	2.79e-06	0.00e+00	0.00e+00	1.24e-03	3.72e-11	3.63e-11
 5.81514e+22	1.48e-03	1.94e-01	7.01e-01	9.95e-02	4.02e-03	8.86e-05	2.04e-06	0.00e+00	0.00e+00	1.48e-03	4.78e-11	4.57e-11
 5.85880e+22	1.69e-03	2.08e-01	6.97e-01	8.98e-02	3.47e-03	7.18e-05	1.59e-06	0.00e+00	0.00e+00	1.69e-03	5.80e-11	5.45e-11
 5.90331e+22	2.02e-03	2.30e-01	6.87e-01	7.80e-02	2.85e-03	5.40e-05	1.14e-06	0.00e+00	0.00e+00	2.02e-03	7.53e-11	6.91e-11
 5.94839e+22	2.29e-03	2.46e-01	6.80e-01	6.98e-02	2.44e-03	4.34e-05	8.78e-07	0.00e+00	0.00e+00	2.29e-03	9.10e-11	8.21e-11
 5.99422e+22	2.73e-03	2.70e-01	6.65e-01	5.97e-02	1.99e-03	3.21e-05	6.18e-07	0.00e+00	0.00e+00	2.73e-03	1.18e-10	1.04e-10
 6.04118e+22	3.11e-03	2.89e-01	6.53e-01	5.26e-02	1.68e-03	2.52e-05	4.68e-07	0.00e+00	0.00e+00	3.11e-03	1.44e-10	1.25e-10
 6.08961e+22	3.72e-03	3.18e-01	6.33e-01	4.40e-02	1.34e-03	1.81e-05	3.21e-07	0.00e+00	0.00e+00	3.72e-03	1.88e-10	1.60e-10
 6.13943e+22	4.25e-03	3.40e-01	6.16e-01	3.80e-02	1.12e-03	1.39e-05	2.38e-07	0.00e+00	0.00e+00	4.25e-03	2.30e-10	1.92e-10
 6.19105e+22	5.14e-03	3.74e-01	5.89e-01	3.09e-02	8.73e-04	9.56e-06	1.57e-07	0.00e+00	0.00e+00	5.14e-03	3.05e-10	2.49e-10
 6.24414e+22	5.90e-03	4.00e-01	5.67e-01	2.61e-02	7.16e-04	7.09e-06	0.00e+00	0.00e+00	0.00e+00	5.90e-03	3.76e-10	3.03e-10
 6.29912e+22	7.17e-03	4.40e-01	5.32e-01	2.05e-02	5.46e-04	4.68e-06	0.00e+00	0.00e+00	0.00e+00	7.17e-03	5.01e-10	3.97e-10
 6.35624e+22	8.33e-03	4.71e-01	5.03e-01	1.66e-02	4.35e-04	3.30e-06	0.00e+00	0.00e+00	0.00e+00	8.33e-03	6.28e-10	4.91e-10
 6.41612e+22	1.02e-02	5.17e-01	4.60e-01	1.24e-02	3.21e-04	2.03e-06	0.00e+00	0.00e+00	0.00e+00	1.02e-02	8.50e-10	6.56e-10
 6.47798e+22	1.20e-02	5.54e-01	4.24e-01	9.58e-03	2.49e-04	1.35e-06	0.00e+00	0.00e+00	0.00e+00	1.20e-02	1.08e-09	8.24e-10
 6.52612e+22	1.35e-02	5.81e-01	3.98e-01	7.89e-03	2.07e-04	9.95e-07	0.00e+00	0.00e+00	0.00e+00	1.35e-02	1.28e-09	9.69e-10
 6.57240e+22	1.58e-02	6.17e-01	3.61e-01	6.04e-03	1.62e-04	6.57e-07	0.00e+00	0.00e+00	0.00e+00	1.58e-02	1.60e-09	1.21e-09
 6.62003e+22	1.80e-02	6.48e-01	3.30e-01	4.74e-03	1.30e-04	4.55e-07	0.00e+00	0.00e+00	0.00e+00	1.80e-02	1.93e-09	1.45e-09
 6.66943e+22	2.13e-02	6.86e-01	2.89e-01	3.42e-03	9.79e-05	2.78e-07	0.00e+00	0.00e+00	0.00e+00	2.13e-02	2.47e-09	1.84e-09
 6.71980e+22	2.46e-02	7.16e-01	2.56e-01	2.56e-03	7.69e-05	1.82e-07	0.00e+00	0.00e+00	0.00e+00	2.46e-02	3.01e-09	2.23e-09
 6.77143e+22	2.96e-02	7.53e-01	2.16e-01	1.72e-03	5.56e-05	0.00e+00	0.00e+00	0.00e+00	0.00e+00	2.96e-02	3.91e-09	2.88e-09
 6.82503e+22	3.50e-02	7.82e-01	1.82e-01	1.18e-03	4.14e-05	0.00e+00	0.00e+00	0.00e+00	0.00e+00	3.50e-02	4.90e-09	3.58e-09
 6.86764e+22	4.01e-02	8.02e-01	1.57e-01	8.66e-04	3.26e-05	0.00e+00	0.00e+00	0.00e+00	0.00e+00	4.01e-02	5.86e-09	4.25e-09
 6.90392e+22	4.60e-02	8.19e-01	1.34e-01	6.30e-04	2.55e-05	0.00e+00	0.00e+00	0.00e+00	0.00e+00	4.60e-02	7.01e-09	5.05e-09
 6.94552e+22	5.48e-02	8.37e-01	1.08e-01	4.13e-04	1.84e-05	0.00e+00	0.00e+00	0.00e+00	0.00e+00	5.48e-02	8.85e-09	6.34e-09
 6.98927e+22	6.55e-02	8.48e-01	8.58e-02	2.68e-04	1.32e-05	0.00e+00	0.00e+00	0.00e+00	0.00e+00	6.55e-02	1.11e-08	7.93e-09
 7.02789e+22	7.82e-02	8.54e-01	6.76e-02	1.75e-04	9.49e-06	0.00e+00	0.00e+00	0.00e+00	0.00e+00	7.82e-02	1.38e-08	9.85e-09
 7.06353e+22	9.34e-02	8.54e-01	5.25e-02	1.15e-04	6.76e-06	0.00e+00	0.00e+00	0.00e+00	0.00e+00	9.34e-02	1.72e-08	1.22e-08
 7.09690e+22	1.12e-01	8.48e-01	4.01e-02	7.47e-05	4.73e-06	0.00e+00	0.00e+00	0.00e+00	0.00e+00	1.12e-01	2.14e-08	1.52e-08
 7.12786e+22	1.35e-01	8.35e-01	3.02e-02	4.90e-05	3.27e-06	0.00e+00	0.00e+00	0.00e+00	0.00e+00	1.35e-01	2.64e-08	1.89e-08
 7.15610e+22	1.61e-01	8.16e-01	2.26e-02	3.26e-05	2.24e-06	0.00e+00	0.00e+00	0.00e+00	0.00e+00	1.61e-01	3.24e-08	2.32e-08
 7.18166e+22	1.92e-01	7.91e-01	1.68e-02	2.22e-05	1.53e-06	0.00e+00	0.00e+00	0.00e+00	0.00e+00	1.92e-01	3.91e-08	2.80e-08
 7.20489e+22	2.27e-01	7.60e-01	1.25e-02	1.55e-05	1.04e-06	0.00e+00	0.00e+00	0.00e+00	0.00e+00	2.27e-01	4.65e-08	3.32e-08
 7.22614e+22	2.66e-01	7.24e-01	9.24e-03	1.11e-05	7.05e-07	0.00e+00	0.00e+00	0.00e+00	0.00e+00	2.66e-01	5.43e-08	3.86e-08
 7.23951e+22	2.93e-01	6.99e-01	7.71e-03	9.14e-06	5.60e-07	0.00e+00	0.00e+00	0.00e+00	0.00e+00	2.93e-01	5.89e-08	4.19e-08
 7.24446e+22	3.04e-01	6.89e-01	7.18e-03	8.49e-06	5.11e-07	0.00e+00	0.00e+00	0.00e+00	0.00e+00	3.04e-01	6.07e-08	4.32e-08
 7.24845e+22	3.13e-01	6.80e-01	6.72e-03	7.94e-06	4.70e-07	0.00e+00	0.00e+00	0.00e+00	0.00e+00	3.13e-01	6.24e-08	4.44e-08
 7.25363e+22	3.26e-01	6.68e-01	6.18e-03	7.28e-06	4.21e-07	0.00e+00	0.00e+00	0.00e+00	0.00e+00	3.26e-01	6.47e-08	4.59e-08
 7.25981e+22	3.41e-01	6.53e-01	5.58e-03	6.58e-06	3.68e-07	0.00e+00	0.00e+00	0.00e+00	0.00e+00	3.41e-01	6.73e-08	4.78e-08
 7.26603e+22	3.57e-01	6.37e-01	5.04e-03	5.95e-06	3.22e-07	0.00e+00	0.00e+00	0.00e+00	0.00e+00	3.57e-01	6.99e-08	4.96e-08
 7.27177e+22	3.72e-01	6.23e-01	4.59e-03	5.44e-06	2.85e-07	0.00e+00	0.00e+00	0.00e+00	0.00e+00	3.72e-01	7.22e-08	5.12e-08
 7.27763e+22	3.88e-01	6.07e-01	4.14e-03	4.93e-06	2.50e-07	0.00e+00	0.00e+00	0.00e+00	0.00e+00	3.88e-01	7.46e-08	5.29e-08
 7.28377e+22	4.06e-01	5.90e-01	3.72e-03	4.46e-06	2.17e-07	0.00e+00	0.00e+00	0.00e+00	0.00e+00	4.06e-01	7.70e-08	5.46e-08
 7.28979e+22	4.23e-01	5.74e-01	3.35e-03	4.05e-06	1.90e-07	0.00e+00	0.00e+00	0.00e+00	0.00e+00	4.23e-01	7.93e-08	5.62e-08
 7.29586e+22	4.41e-01	5.56e-01	3.00e-03	3.68e-06	1.65e-07	0.00e+00	0.00e+00	0.00e+00	0.00e+00	4.41e-01	8.16e-08	5.78e-08
 7.30217e+22	4.60e-01	5.38e-01	2.68e-03	3.32e-06	1.42e-07	0.00e+00	0.00e+00	0.00e+00	0.00e+00	4.60e-01	8.38e-08	5.93e-08
 7.30868e+22	4.79e-01	5.19e-01	2.38e-03	3.00e-06	0.00e+00	0.00e+00	0.00e+00	0.00e+00	0.00e+00	4.79e-01	8.59e-08	6.08e-08
 7.31540e+22	5.00e-01	4.98e-01	2.10e-03	2.69e-06	0.00e+00	0.00e+00	0.00e+00	0.00e+00	0.00e+00	5.00e-01	8.79e-08	6.22e-08
 7.32222e+22	5.21e-01	4.78e-01	1.85e-03	2.42e-06	0.00e+00	0.00e+00	0.00e+00	0.00e+00	0.00e+00	5.21e-01	8.97e-08	6.34e-08
 7.32914e+22	5.42e-01	4.57e-01	1.63e-03	2.17e-06	0.00e+00	0.00e+00	0.00e+00	0.00e+00	0.00e+00	5.42e-01	9.13e-08	6.45e-08
 7.33644e+22	5.63e-01	4.35e-01	1.42e-03	1.94e-06	0.00e+00	0.00e+00	0.00e+00	0.00e+00	0.00e+00	5.63e-01	9.28e-08	6.54e-08
 7.34394e+22	5.85e-01	4.13e-01	1.23e-03	1.73e-06	0.00e+00	0.00e+00	0.00e+00	0.00e+00	0.00e+00	5.85e-01	9.39e-08	6.62e-08
 7.34986e+22	6.02e-01	3.97e-01	1.11e-03	1.59e-06	0.00e+00	0.00e+00	0.00e+00	0.00e+00	0.00e+00	6.02e-01	9.45e-08	6.65e-08
 7.35373e+22	6.12e-01	3.87e-01	1.03e-03	1.51e-06	0.00e+00	0.00e+00	0.00e+00	0.00e+00	0.00e+00	6.12e-01	9.48e-08	6.67e-08
 7.35738e+22	6.22e-01	3.77e-01	9.66e-04	1.43e-06	0.00e+00	0.00e+00	0.00e+00	0.00e+00	0.00e+00	6.22e-01	9.51e-08	6.69e-08
 7.36177e+22	6.34e-01	3.65e-01	8.89e-04	1.34e-06	0.00e+00	0.00e+00	0.00e+00	0.00e+00	0.00e+00	6.34e-01	9.54e-08	6.71e-08
 7.36664e+22	6.47e-01	3.53e-01	8.12e-04	1.25e-06	0.00e+00	0.00e+00	0.00e+00	0.00e+00	0.00e+00	6.47e-01	9.56e-08	6.72e-08
 7.37137e+22	6.59e-01	3.40e-01	7.45e-04	1.17e-06	0.00e+00	0.00e+00	0.00e+00	0.00e+00	0.00e+00	6.59e-01	9.57e-08	6.72e-08
 7.37584e+22	6.69e-01	3.30e-01	6.88e-04	1.11e-06	0.00e+00	0.00e+00	0.00e+00	0.00e+00	0.00e+00	6.69e-01	9.57e-08	6.72e-08
 7.38040e+22	6.81e-01	3.19e-01	6.32e-04	1.04e-06	0.00e+00	0.00e+00	0.00e+00	0.00e+00	0.00e+00	6.81e-01	9.56e-08	6.71e-08
 7.38512e+22	6.91e-01	3.08e-01	5.81e-04	9.76e-07	0.00e+00	0.00e+00	0.00e+00	0.00e+00	0.00e+00	6.91e-01	9.56e-08	6.71e-08
 7.38997e+22	7.02e-01	2.97e-01	5.33e-04	9.16e-07	0.00e+00	0.00e+00	0.00e+00	0.00e+00	0.00e+00	7.02e-01	9.54e-08	6.69e-08
 7.39497e+22	7.13e-01	2.86e-01	4.87e-04	8.58e-07	0.00e+00	0.00e+00	0.00e+00	0.00e+00	0.00e+00	7.13e-01	9.51e-08	6.66e-08
 7.39988e+22	7.23e-01	2.76e-01	4.48e-04	8.08e-07	0.00e+00	0.00e+00	0.00e+00	0.00e+00	0.00e+00	7.23e-01	9.48e-08	6.64e-08
 7.40482e+22	7.33e-01	2.67e-01	4.11e-04	7.60e-07	0.00e+00	0.00e+00	0.00e+00	0.00e+00	0.00e+00	7.33e-01	9.44e-08	6.61e-08
 7.41000e+22	7.43e-01	2.57e-01	3.76e-04	7.15e-07	0.00e+00	0.00e+00	0.00e+00	0.00e+00	0.00e+00	7.43e-01	9.40e-08	6.58e-08
 7.41536e+22	7.52e-01	2.48e-01	3.43e-04	6.71e-07	0.00e+00	0.00e+00	0.00e+00	0.00e+00	0.00e+00	7.52e-01	9.36e-08	6.55e-08
 7.42081e+22	7.62e-01	2.38e-01	3.13e-04	6.30e-07	0.00e+00	0.00e+00	0.00e+00	0.00e+00	0.00e+00	7.62e-01	9.30e-08	6.50e-08
 7.42627e+22	7.70e-01	2.29e-01	2.87e-04	5.94e-07	0.00e+00	0.00e+00	0.00e+00	0.00e+00	0.00e+00	7.70e-01	9.26e-08	6.47e-08
 7.43192e+22	7.79e-01	2.21e-01	2.62e-04	5.58e-07	0.00e+00	0.00e+00	0.00e+00	0.00e+00	0.00e+00	7.79e-01	9.20e-08	6.43e-08
 7.43783e+22	7.88e-01	2.12e-01	2.38e-04	5.23e-07	0.00e+00	0.00e+00	0.00e+00	0.00e+00	0.00e+00	7.88e-01	9.14e-08	6.38e-08
 7.44376e+22	7.96e-01	2.04e-01	2.17e-04	4.92e-07	0.00e+00	0.00e+00	0.00e+00	0.00e+00	0.00e+00	7.96e-01	9.08e-08	6.33e-08
 7.44978e+22	8.04e-01	1.96e-01	1.98e-04	4.63e-07	0.00e+00	0.00e+00	0.00e+00	0.00e+00	0.00e+00	8.04e-01	9.02e-08	6.29e-08
 7.45607e+22	8.12e-01	1.88e-01	1.80e-04	4.35e-07	0.00e+00	0.00e+00	0.00e+00	0.00e+00	0.00e+00	8.12e-01	8.96e-08	6.24e-08
 7.46257e+22	8.19e-01	1.80e-01	1.64e-04	4.09e-07	0.00e+00	0.00e+00	0.00e+00	0.00e+00	0.00e+00	8.19e-01	8.89e-08	6.18e-08
 7.46920e+22	8.27e-01	1.73e-01	1.49e-04	3.84e-07	0.00e+00	0.00e+00	0.00e+00	0.00e+00	0.00e+00	8.27e-01	8.82e-08	6.11e-08
 7.47601e+22	8.34e-01	1.66e-01	1.35e-04	3.61e-07	0.00e+00	0.00e+00	0.00e+00	0.00e+00	0.00e+00	8.34e-01	8.75e-08	6.05e-08
 7.48304e+22	8.41e-01	1.59e-01	1.23e-04	3.39e-07	0.00e+00	0.00e+00	0.00e+00	0.00e+00	0.00e+00	8.41e-01	8.68e-08	5.98e-08
 7.49026e+22	8.47e-01	1.53e-01	1.11e-04	3.19e-07	0.00e+00	0.00e+00	0.00e+00	0.00e+00	0.00e+00	8.47e-01	8.60e-08	5.91e-08
 7.49765e+22	8.54e-01	1.46e-01	1.01e-04	3.00e-07	0.00e+00	0.00e+00	0.00e+00	0.00e+00	0.00e+00	8.54e-01	8.53e-08	5.84e-08
 7.50530e+22	8.60e-01	1.40e-01	9.17e-05	2.81e-07	0.00e+00	0.00e+00	0.00e+00	0.00e+00	0.00e+00	8.60e-01	8.46e-08	5.77e-08
 7.51319e+22	8.66e-01	1.34e-01	8.33e-05	2.65e-07	0.00e+00	0.00e+00	0.00e+00	0.00e+00	0.00e+00	8.66e-01	8.40e-08	5.71e-08
 7.52117e+22	8.71e-01	1.29e-01	7.58e-05	2.49e-07	0.00e+00	0.00e+00	0.00e+00	0.00e+00	0.00e+00	8.71e-01	8.33e-08	5.64e-08
 7.52925e+22	8.77e-01	1.23e-01	6.91e-05	2.34e-07	0.00e+00	0.00e+00	0.00e+00	0.00e+00	0.00e+00	8.77e-01	8.27e-08	5.58e-08
 7.53760e+22	8.82e-01	1.18e-01	6.31e-05	2.20e-07	0.00e+00	0.00e+00	0.00e+00	0.00e+00	0.00e+00	8.82e-01	8.21e-08	5.52e-08
 7.54606e+22	8.87e-01	1.13e-01	5.78e-05	2.07e-07	0.00e+00	0.00e+00	0.00e+00	0.00e+00	0.00e+00	8.87e-01	8.15e-08	5.45e-08
 7.55445e+22	8.91e-01	1.09e-01	5.31e-05	1.95e-07	0.00e+00	0.00e+00	0.00e+00	0.00e+00	0.00e+00	8.91e-01	8.10e-08	5.40e-08
 7.56297e+22	8.96e-01	1.04e-01	4.90e-05	1.84e-07	0.00e+00	0.00e+00	0.00e+00	0.00e+00	0.00e+00	8.96e-01	8.05e-08	5.34e-08
 7.57180e+22	9.00e-01	1.00e-01	4.52e-05	1.74e-07	0.00e+00	0.00e+00	0.00e+00	0.00e+00	0.00e+00	9.00e-01	8.00e-08	5.29e-08
 7.58075e+22	9.04e-01	9.63e-02	4.19e-05	1.64e-07	0.00e+00	0.00e+00	0.00e+00	0.00e+00	0.00e+00	9.04e-01	7.96e-08	5.24e-08
 7.58974e+22	9.07e-01	9.27e-02	3.90e-05	1.56e-07	0.00e+00	0.00e+00	0.00e+00	0.00e+00	0.00e+00	9.07e-01	7.93e-08	5.20e-08
 7.59900e+22	9.11e-01	8.91e-02	3.63e-05	1.47e-07	0.00e+00	0.00e+00	0.00e+00	0.00e+00	0.00e+00	9.11e-01	7.89e-08	5.15e-08
 7.60855e+22	9.14e-01	8.56e-02	3.39e-05	1.39e-07	0.00e+00	0.00e+00	0.00e+00	0.00e+00	0.00e+00	9.14e-01	7.86e-08	5.10e-08
 7.61821e+22	9.18e-01	8.23e-02	3.18e-05	1.31e-07	0.00e+00	0.00e+00	0.00e+00	0.00e+00	0.00e+00	9.18e-01	7.83e-08	5.06e-08
 7.62799e+22	9.21e-01	7.90e-02	2.99e-05	1.24e-07	0.00e+00	0.00e+00	0.00e+00	0.00e+00	0.00e+00	9.21e-01	7.81e-08	5.02e-08
 7.63807e+22	9.24e-01	7.59e-02	2.82e-05	0.00e+00	0.00e+00	0.00e+00	0.00e+00	0.00e+00	0.00e+00	9.24e-01	7.78e-08	4.98e-08
 7.64839e+22	9.27e-01	7.30e-02	2.66e-05	0.00e+00	0.00e+00	0.00e+00	0.00e+00	0.00e+00	0.00e+00	9.27e-01	7.77e-08	4.95e-08
 7.65848e+22	9.30e-01	7.03e-02	2.53e-05	0.00e+00	0.00e+00	0.00e+00	0.00e+00	0.00e+00	0.00e+00	9.30e-01	7.75e-08	4.91e-08
 7.66794e+22	9.32e-01	6.79e-02	2.43e-05	0.00e+00	0.00e+00	0.00e+00	0.00e+00	0.00e+00	0.00e+00	9.32e-01	7.72e-08	4.88e-08
 7.67665e+22	9.34e-01	6.58e-02	2.34e-05	0.00e+00	0.00e+00	0.00e+00	0.00e+00	0.00e+00	0.00e+00	9.34e-01	7.70e-08	4.85e-08
 7.68477e+22	9.36e-01	6.40e-02	2.27e-05	0.00e+00	0.00e+00	0.00e+00	0.00e+00	0.00e+00	0.00e+00	9.36e-01	7.68e-08	4.81e-08
 7.69229e+22	9.38e-01	6.23e-02	2.21e-05	0.00e+00	0.00e+00	0.00e+00	0.00e+00	0.00e+00	0.00e+00	9.38e-01	7.67e-08	4.79e-08
 7.69958e+22	9.39e-01	6.07e-02	2.16e-05	0.00e+00	0.00e+00	0.00e+00	0.00e+00	0.00e+00	0.00e+00	9.39e-01	7.66e-08	4.77e-08
 7.70689e+22	9.41e-01	5.93e-02	2.11e-05	0.00e+00	0.00e+00	0.00e+00	0.00e+00	0.00e+00	0.00e+00	9.41e-01	7.65e-08	4.75e-08
 7.71408e+22	9.42e-01	5.76e-02	2.06e-05	0.00e+00	0.00e+00	0.00e+00	0.00e+00	0.00e+00	0.00e+00	9.42e-01	7.63e-08	4.72e-08
 7.72080e+22	9.44e-01	5.62e-02	2.02e-05	0.00e+00	0.00e+00	0.00e+00	0.00e+00	0.00e+00	0.00e+00	9.44e-01	7.62e-08	4.70e-08
 7.72706e+22	9.45e-01	5.50e-02	1.98e-05	0.00e+00	0.00e+00	0.00e+00	0.00e+00	0.00e+00	0.00e+00	9.45e-01	7.61e-08	4.69e-08
 7.73336e+22	9.46e-01	5.37e-02	1.95e-05	0.00e+00	0.00e+00	0.00e+00	0.00e+00	0.00e+00	0.00e+00	9.46e-01	7.60e-08	4.67e-08
 7.73943e+22	9.47e-01	5.25e-02	1.92e-05	0.00e+00	0.00e+00	0.00e+00	0.00e+00	0.00e+00	0.00e+00	9.47e-01	7.59e-08	4.65e-08
 7.74517e+22	9.49e-01	5.14e-02	1.89e-05	0.00e+00	0.00e+00	0.00e+00	0.00e+00	0.00e+00	0.00e+00	9.49e-01	7.58e-08	4.63e-08
 7.75086e+22	9.50e-01	5.03e-02	1.87e-05	0.00e+00	0.00e+00	0.00e+00	0.00e+00	0.00e+00	0.00e+00	9.50e-01	7.57e-08	4.62e-08
 7.75632e+22	9.51e-01	4.92e-02	1.84e-05	0.00e+00	0.00e+00	0.00e+00	0.00e+00	0.00e+00	0.00e+00	9.51e-01	7.56e-08	4.60e-08
 7.76146e+22	9.52e-01	4.82e-02	1.82e-05	0.00e+00	0.00e+00	0.00e+00	0.00e+00	0.00e+00	0.00e+00	9.52e-01	7.56e-08	4.58e-08
 7.76648e+22	9.53e-01	4.73e-02	1.80e-05	0.00e+00	0.00e+00	0.00e+00	0.00e+00	0.00e+00	0.00e+00	9.53e-01	7.55e-08	4.57e-08
 7.77138e+22	9.54e-01	4.63e-02	1.78e-05	0.00e+00	0.00e+00	0.00e+00	0.00e+00	0.00e+00	0.00e+00	9.54e-01	7.53e-08	4.55e-08
 7.77599e+22	9.55e-01	4.54e-02	1.76e-05	0.00e+00	0.00e+00	0.00e+00	0.00e+00	0.00e+00	0.00e+00	9.55e-01	7.52e-08	4.53e-08
 7.78019e+22	9.55e-01	4.46e-02	1.75e-05	0.00e+00	0.00e+00	0.00e+00	0.00e+00	0.00e+00	0.00e+00	9.55e-01	7.51e-08	4.52e-08
 7.78400e+22	9.56e-01	4.39e-02	1.73e-05	0.00e+00	0.00e+00	0.00e+00	0.00e+00	0.00e+00	0.00e+00	9.56e-01	7.50e-08	4.50e-08
 7.78748e+22	9.57e-01	4.33e-02	1.72e-05	0.00e+00	0.00e+00	0.00e+00	0.00e+00	0.00e+00	0.00e+00	9.57e-01	7.49e-08	4.49e-08
 7.79064e+22	9.57e-01	4.27e-02	1.71e-05	0.00e+00	0.00e+00	0.00e+00	0.00e+00	0.00e+00	0.00e+00	9.57e-01	7.48e-08	4.48e-08
 7.79352e+22	9.58e-01	4.22e-02	1.70e-05	0.00e+00	0.00e+00	0.00e+00	0.00e+00	0.00e+00	0.00e+00	9.58e-01	7.47e-08	4.46e-08
 7.79613e+22	9.58e-01	4.17e-02	1.69e-05	0.00e+00	0.00e+00	0.00e+00	0.00e+00	0.00e+00	0.00e+00	9.58e-01	7.45e-08	4.45e-08
 7.79900e+22	9.59e-01	4.12e-02	1.68e-05	0.00e+00	0.00e+00	0.00e+00	0.00e+00	0.00e+00	0.00e+00	9.59e-01	7.42e-08	4.44e-08
 7.80210e+22	9.59e-01	4.05e-02	1.67e-05	0.00e+00	0.00e+00	0.00e+00	0.00e+00	0.00e+00	0.00e+00	9.59e-01	7.39e-08	4.43e-08
 7.80492e+22	9.60e-01	4.00e-02	1.66e-05	0.00e+00	0.00e+00	0.00e+00	0.00e+00	0.00e+00	0.00e+00	9.60e-01	7.36e-08	4.41e-08
 7.80748e+22	9.60e-01	3.96e-02	1.65e-05	0.00e+00	0.00e+00	0.00e+00	0.00e+00	0.00e+00	0.00e+00	9.60e-01	7.32e-08	4.40e-08
 7.80982e+22	9.61e-01	3.93e-02	1.64e-05	0.00e+00	0.00e+00	0.00e+00	0.00e+00	0.00e+00	0.00e+00	9.61e-01	7.31e-08	4.39e-08
 7.81237e+22	9.61e-01	3.87e-02	1.63e-05	0.00e+00	0.00e+00	0.00e+00	0.00e+00	0.00e+00	0.00e+00	9.61e-01	7.29e-08	4.38e-08
 7.81570e+22	9.62e-01	3.80e-02	1.62e-05	0.00e+00	0.00e+00	0.00e+00	0.00e+00	0.00e+00	0.00e+00	9.62e-01	7.26e-08	4.37e-08
 7.81929e+22	9.63e-01	3.73e-02	1.60e-05	0.00e+00	0.00e+00	0.00e+00	0.00e+00	0.00e+00	0.00e+00	9.63e-01	7.23e-08	4.35e-08
 7.82255e+22	9.63e-01	3.67e-02	1.59e-05	0.00e+00	0.00e+00	0.00e+00	0.00e+00	0.00e+00	0.00e+00	9.63e-01	7.20e-08	4.34e-08
 7.82552e+22	9.64e-01	3.63e-02	1.58e-05	0.00e+00	0.00e+00	0.00e+00	0.00e+00	0.00e+00	0.00e+00	9.64e-01	7.19e-08	4.33e-08
 7.82878e+22	9.64e-01	3.57e-02	1.56e-05	0.00e+00	0.00e+00	0.00e+00	0.00e+00	0.00e+00	0.00e+00	9.64e-01	7.17e-08	4.33e-08
 7.83230e+22	9.65e-01	3.51e-02	1.54e-05	0.00e+00	0.00e+00	0.00e+00	0.00e+00	0.00e+00	0.00e+00	9.65e-01	7.15e-08	4.32e-08
 7.83550e+22	9.65e-01	3.47e-02	1.53e-05	0.00e+00	0.00e+00	0.00e+00	0.00e+00	0.00e+00	0.00e+00	9.65e-01	7.14e-08	4.31e-08
 7.83841e+22	9.66e-01	3.43e-02	1.52e-05	0.00e+00	0.00e+00	0.00e+00	0.00e+00	0.00e+00	0.00e+00	9.66e-01	7.11e-08	4.30e-08
 7.84106e+22	9.66e-01	3.40e-02	1.51e-05	0.00e+00	0.00e+00	0.00e+00	0.00e+00	0.00e+00	0.00e+00	9.66e-01	7.11e-08	4.29e-08
 7.84396e+22	9.67e-01	3.35e-02	1.50e-05	0.00e+00	0.00e+00	0.00e+00	0.00e+00	0.00e+00	0.00e+00	9.67e-01	7.10e-08	4.29e-08
 7.84773e+22	9.67e-01	3.28e-02	1.48e-05	0.00e+00	0.00e+00	0.00e+00	0.00e+00	0.00e+00	0.00e+00	9.67e-01	7.08e-08	4.28e-08
 7.85181e+22	9.68e-01	3.22e-02	1.46e-05	0.00e+00	0.00e+00	0.00e+00	0.00e+00	0.00e+00	0.00e+00	9.68e-01	7.06e-08	4.27e-08
 7.85552e+22	9.68e-01	3.17e-02	1.44e-05	0.00e+00	0.00e+00	0.00e+00	0.00e+00	0.00e+00	0.00e+00	9.68e-01	7.05e-08	4.26e-08
 7.85889e+22	9.69e-01	3.13e-02	1.43e-05	0.00e+00	0.00e+00	0.00e+00	0.00e+00	0.00e+00	0.00e+00	9.69e-01	7.04e-08	4.25e-08
 7.86196e+22	9.69e-01	3.09e-02	1.42e-05	0.00e+00	0.00e+00	0.00e+00	0.00e+00	0.00e+00	0.00e+00	9.69e-01	7.03e-08	4.25e-08
 7.86475e+22	9.69e-01	3.05e-02	1.40e-05	0.00e+00	0.00e+00	0.00e+00	0.00e+00	0.00e+00	0.00e+00	9.69e-01	7.02e-08	4.24e-08
 7.86782e+22	9.70e-01	3.00e-02	1.39e-05	0.00e+00	0.00e+00	0.00e+00	0.00e+00	0.00e+00	0.00e+00	9.70e-01	7.00e-08	4.23e-08
 7.87112e+22	9.70e-01	2.95e-02	1.37e-05	0.00e+00	0.00e+00	0.00e+00	0.00e+00	0.00e+00	0.00e+00	9.70e-01	6.98e-08	4.21e-08
 7.87413e+22	9.71e-01	2.91e-02	1.36e-05	0.00e+00	0.00e+00	0.00e+00	0.00e+00	0.00e+00	0.00e+00	9.71e-01	6.97e-08	4.20e-08
 7.87687e+22	9.71e-01	2.88e-02	1.34e-05	0.00e+00	0.00e+00	0.00e+00	0.00e+00	0.00e+00	0.00e+00	9.71e-01	6.94e-08	4.19e-08
 7.87936e+22	9.71e-01	2.85e-02	1.33e-05	0.00e+00	0.00e+00	0.00e+00	0.00e+00	0.00e+00	0.00e+00	9.71e-01	6.94e-08	4.18e-08
 7.88209e+22	9.72e-01	2.81e-02	1.32e-05	0.00e+00	0.00e+00	0.00e+00	0.00e+00	0.00e+00	0.00e+00	9.72e-01	6.93e-08	4.17e-08
 7.88564e+22	9.72e-01	2.76e-02	1.30e-05	0.00e+00	0.00e+00	0.00e+00	0.00e+00	0.00e+00	0.00e+00	9.72e-01	6.91e-08	4.16e-08
 7.88947e+22	9.73e-01	2.70e-02	1.28e-05	0.00e+00	0.00e+00	0.00e+00	0.00e+00	0.00e+00	0.00e+00	9.73e-01	6.89e-08	4.14e-08
 7.89295e+22	9.73e-01	2.66e-02	1.26e-05	0.00e+00	0.00e+00	0.00e+00	0.00e+00	0.00e+00	0.00e+00	9.73e-01	6.87e-08	4.13e-08
 7.89613e+22	9.74e-01	2.62e-02	1.25e-05	0.00e+00	0.00e+00	0.00e+00	0.00e+00	0.00e+00	0.00e+00	9.74e-01	6.86e-08	4.12e-08
 7.89901e+22	9.74e-01	2.59e-02	1.24e-05	0.00e+00	0.00e+00	0.00e+00	0.00e+00	0.00e+00	0.00e+00	9.74e-01	6.85e-08	4.11e-08
 7.90164e+22	9.74e-01	2.56e-02	1.23e-05	0.00e+00	0.00e+00	0.00e+00	0.00e+00	0.00e+00	0.00e+00	9.74e-01	6.84e-08	4.10e-08
 7.90452e+22	9.75e-01	2.52e-02	1.21e-05	0.00e+00	0.00e+00	0.00e+00	0.00e+00	0.00e+00	0.00e+00	9.75e-01	6.82e-08	4.08e-08
 7.90762e+22	9.75e-01	2.48e-02	1.20e-05	0.00e+00	0.00e+00	0.00e+00	0.00e+00	0.00e+00	0.00e+00	9.75e-01	6.80e-08	4.07e-08
 7.91045e+22	9.76e-01	2.45e-02	1.19e-05	0.00e+00	0.00e+00	0.00e+00	0.00e+00	0.00e+00	0.00e+00	9.76e-01	6.79e-08	4.05e-08
 7.91355e+22	9.76e-01	2.41e-02	1.18e-05	0.00e+00	0.00e+00	0.00e+00	0.00e+00	0.00e+00	0.00e+00	9.76e-01	6.77e-08	4.04e-08
 7.91690e+22	9.76e-01	2.37e-02	1.16e-05	0.00e+00	0.00e+00	0.00e+00	0.00e+00	0.00e+00	0.00e+00	9.76e-01	6.76e-08	4.02e-08
 7.91994e+22	9.77e-01	2.33e-02	1.15e-05	0.00e+00	0.00e+00	0.00e+00	0.00e+00	0.00e+00	0.00e+00	9.77e-01	6.74e-08	4.01e-08
 7.92271e+22	9.77e-01	2.30e-02	1.14e-05	0.00e+00	0.00e+00	0.00e+00	0.00e+00	0.00e+00	0.00e+00	9.77e-01	6.68e-08	3.98e-08
 7.92523e+22	9.77e-01	2.29e-02	1.13e-05	0.00e+00	0.00e+00	0.00e+00	0.00e+00	0.00e+00	0.00e+00	9.77e-01	6.67e-08	3.97e-08
 7.92800e+22	9.77e-01	2.26e-02	1.12e-05	0.00e+00	0.00e+00	0.00e+00	0.00e+00	0.00e+00	0.00e+00	9.77e-01	6.61e-08	3.94e-08
 7.93159e+22	9.78e-01	2.22e-02	1.11e-05	0.00e+00	0.00e+00	0.00e+00	0.00e+00	0.00e+00	0.00e+00	9.78e-01	6.55e-08	3.90e-08
 7.93546e+22	9.78e-01	2.18e-02	1.10e-05	0.00e+00	0.00e+00	0.00e+00	0.00e+00	0.00e+00	0.00e+00	9.78e-01	6.48e-08	3.86e-08
 7.93899e+22	9.79e-01	2.14e-02	1.08e-05	0.00e+00	0.00e+00	0.00e+00	0.00e+00	0.00e+00	0.00e+00	9.79e-01	6.41e-08	3.82e-08
 7.94220e+22	9.79e-01	2.12e-02	1.08e-05	0.00e+00	0.00e+00	0.00e+00	0.00e+00	0.00e+00	0.00e+00	9.79e-01	6.39e-08	3.81e-08
 7.94572e+22	9.79e-01	2.08e-02	1.06e-05	0.00e+00	0.00e+00	0.00e+00	0.00e+00	0.00e+00	0.00e+00	9.79e-01	6.33e-08	3.76e-08
 7.94952e+22	9.79e-01	2.05e-02	1.05e-05	0.00e+00	0.00e+00	0.00e+00	0.00e+00	0.00e+00	0.00e+00	9.79e-01	6.28e-08	3.72e-08
 7.95298e+22	9.80e-01	2.02e-02	1.04e-05	0.00e+00	0.00e+00	0.00e+00	0.00e+00	0.00e+00	0.00e+00	9.80e-01	6.23e-08	3.68e-08
 7.95676e+22	9.80e-01	1.99e-02	1.03e-05	0.00e+00	0.00e+00	0.00e+00	0.00e+00	0.00e+00	0.00e+00	9.80e-01	6.17e-08	3.64e-08
