#depth	H	H+	H2
 4.62852e+21	6.40e-07	1.00e+00	2.18e-31
 1.02459e+22	9.71e-07	1.00e+00	4.51e-31
 1.17291e+22	1.22e-06	1.00e+00	7.70e-31
 1.24707e+22	1.37e-06	1.00e+00	1.08e-30
 1.27988e+22	1.43e-06	1.00e+00	1.21e-30
 1.29849e+22	1.50e-06	1.00e+00	1.40e-30
 1.31903e+22	1.58e-06	1.00e+00	1.59e-30
 1.33909e+22	1.67e-06	1.00e+00	1.81e-30
 1.36109e+22	1.78e-06	1.00e+00	2.10e-30
 1.38193e+22	1.86e-06	1.00e+00	2.35e-30
 1.40229e+22	1.98e-06	1.00e+00	2.70e-30
 1.42301e+22	2.09e-06	1.00e+00	3.02e-30
 1.44334e+22	2.22e-06	1.00e+00	3.42e-30
 1.46407e+22	2.34e-06	1.00e+00	3.82e-30
 1.48426e+22	2.49e-06	1.00e+00	4.23e-30
 1.50486e+22	2.63e-06	1.00e+00	4.69e-30
 1.52527e+22	2.79e-06	1.00e+00	5.18e-30
 1.54577e+22	2.96e-06	1.00e+00	5.73e-30
 1.56605e+22	3.14e-06	1.00e+00	6.31e-30
 1.58629e+22	3.32e-06	1.00e+00	6.94e-30
 1.60656e+22	3.52e-06	1.00e+00	7.65e-30
 1.62692e+22	3.73e-06	1.00e+00	8.43e-30
 1.64741e+22	3.95e-06	1.00e+00	9.32e-30
 1.66808e+22	4.19e-06	1.00e+00	1.03e-29
 1.68900e+22	4.44e-06	1.00e+00	1.15e-29
 1.71003e+22	4.70e-06	1.00e+00	1.29e-29
 1.73140e+22	4.98e-06	1.00e+00	1.46e-29
 1.75302e+22	5.28e-06	1.00e+00	1.70e-29
 1.77506e+22	5.60e-06	1.00e+00	1.96e-29
 1.79556e+22	5.88e-06	1.00e+00	2.22e-29
 1.81670e+22	6.25e-06	1.00e+00	2.60e-29
 1.83817e+22	6.56e-06	1.00e+00	3.00e-29
 1.86012e+22	6.99e-06	1.00e+00	3.62e-29
 1.88217e+22	7.32e-06	1.00e+00	4.21e-29
 1.90437e+22	7.79e-06	1.00e+00	5.15e-29
 1.92669e+22	8.17e-06	1.00e+00	6.07e-29
 1.94918e+22	8.68e-06	1.00e+00	7.54e-29
 1.97187e+22	9.10e-06	1.00e+00	8.97e-29
 1.99480e+22	9.67e-06	1.00e+00	1.13e-28
 2.01802e+22	1.01e-05	1.00e+00	1.35e-28
 2.04161e+22	1.08e-05	1.00e+00	1.72e-28
 2.06560e+22	1.13e-05	1.00e+00	2.09e-28
 2.09009e+22	1.20e-05	1.00e+00	2.69e-28
 2.11510e+22	1.26e-05	1.00e+00	3.30e-28
 2.14079e+22	1.35e-05	1.00e+00	4.31e-28
 2.16709e+22	1.42e-05	1.00e+00	5.34e-28
 2.18926e+22	1.48e-05	1.00e+00	6.45e-28
 2.21314e+22	1.57e-05	1.00e+00	8.26e-28
 2.23736e+22	1.64e-05	1.00e+00	1.00e-27
 2.25832e+22	1.71e-05	1.00e+00	1.21e-27
 2.28183e+22	1.81e-05	1.00e+00	1.54e-27
 2.30526e+22	1.89e-05	1.00e+00	1.84e-27
 2.32858e+22	1.99e-05	1.00e+00	2.34e-27
 2.35222e+22	2.08e-05	1.00e+00	2.81e-27
 2.37627e+22	2.19e-05	1.00e+00	3.58e-27
 2.40074e+22	2.29e-05	1.00e+00	4.33e-27
 2.42577e+22	2.42e-05	1.00e+00	5.57e-27
 2.45118e+22	2.53e-05	1.00e+00	6.77e-27
 2.47707e+22	2.68e-05	1.00e+00	8.74e-27
 2.50371e+22	2.81e-05	1.00e+00	1.08e-26
 2.53133e+22	2.98e-05	1.00e+00	1.41e-26
 2.55952e+22	3.13e-05	1.00e+00	1.75e-26
 2.58844e+22	3.33e-05	1.00e+00	2.31e-26
 2.61763e+22	3.49e-05	1.00e+00	2.87e-26
 2.64716e+22	3.72e-05	1.00e+00	3.81e-26
 2.67702e+22	3.90e-05	1.00e+00	4.75e-26
 2.70729e+22	4.16e-05	1.00e+00	6.34e-26
 2.73684e+22	4.35e-05	1.00e+00	7.79e-26
 2.76544e+22	4.62e-05	1.00e+00	1.02e-25
 2.79505e+22	4.84e-05	1.00e+00	1.27e-25
 2.82038e+22	5.06e-05	1.00e+00	1.55e-25
 2.84768e+22	5.35e-05	1.00e+00	2.00e-25
 2.87499e+22	5.59e-05	1.00e+00	2.44e-25
 2.90231e+22	5.89e-05	1.00e+00	3.11e-25
 2.93075e+22	6.18e-05	1.00e+00	3.88e-25
 2.95626e+22	6.47e-05	1.00e+00	4.75e-25
 2.98501e+22	6.83e-05	1.00e+00	6.14e-25
 3.01514e+22	7.19e-05	1.00e+00	7.75e-25
 3.04242e+22	7.54e-05	1.00e+00	9.63e-25
 3.07325e+22	7.99e-05	1.00e+00	1.27e-24
 3.10500e+22	8.42e-05	1.00e+00	1.61e-24
 3.13322e+22	8.84e-05	1.00e+00	2.01e-24
 3.16516e+22	9.40e-05	1.00e+00	2.67e-24
 3.19825e+22	9.92e-05	1.00e+00	3.42e-24
 3.22790e+22	1.04e-04	1.00e+00	4.33e-24
 3.26153e+22	1.11e-04	1.00e+00	5.85e-24
 3.29620e+22	1.18e-04	1.00e+00	7.55e-24
 3.33223e+22	1.26e-04	1.00e+00	1.04e-23
 3.36870e+22	1.34e-04	1.00e+00	1.35e-23
 3.40082e+22	1.41e-04	1.00e+00	1.75e-23
 3.43770e+22	1.52e-04	1.00e+00	2.43e-23
 3.47496e+22	1.61e-04	1.00e+00	3.17e-23
 3.51274e+22	1.72e-04	1.00e+00	4.43e-23
 3.55109e+22	1.83e-04	1.00e+00	5.84e-23
 3.59018e+22	1.97e-04	1.00e+00	8.31e-23
 3.62967e+22	2.10e-04	1.00e+00	1.07e-22
 3.66965e+22	2.26e-04	1.00e+00	1.54e-22
 3.71002e+22	2.41e-04	1.00e+00	2.04e-22
 3.75088e+22	2.60e-04	1.00e+00	2.96e-22
 3.79230e+22	2.77e-04	1.00e+00	3.98e-22
 3.82813e+22	2.94e-04	1.00e+00	5.27e-22
 3.86840e+22	3.18e-04	1.00e+00	7.65e-22
 3.90692e+22	3.35e-04	1.00e+00	9.86e-22
 3.94317e+22	3.59e-04	1.00e+00	1.39e-21
 3.98000e+22	3.79e-04	1.00e+00	1.82e-21
 4.01759e+22	4.07e-04	1.00e+00	2.59e-21
 4.05560e+22	4.31e-04	1.00e+00	3.46e-21
 4.09416e+22	4.63e-04	1.00e+00	5.02e-21
 4.13305e+22	4.91e-04	1.00e+00	6.85e-21
 4.16724e+22	5.20e-04	9.99e-01	9.30e-21
 4.20655e+22	5.59e-04	9.99e-01	1.39e-20
 4.24643e+22	5.94e-04	9.99e-01	1.98e-20
 4.27839e+22	6.24e-04	9.99e-01	2.60e-20
 4.31128e+22	6.62e-04	9.99e-01	3.75e-20
 4.34510e+22	6.96e-04	9.99e-01	5.02e-20
 4.37533e+22	7.31e-04	9.99e-01	6.76e-20
 4.40980e+22	7.79e-04	9.99e-01	1.04e-19
 4.44421e+22	8.18e-04	9.99e-01	1.40e-19
 4.47854e+22	8.69e-04	9.99e-01	2.09e-19
 4.51345e+22	9.16e-04	9.99e-01	2.99e-19
 4.54418e+22	9.62e-04	9.99e-01	4.08e-19
 4.57917e+22	1.02e-03	9.99e-01	6.36e-19
 4.61488e+22	1.08e-03	9.99e-01	9.21e-19
 4.64663e+22	1.13e-03	9.99e-01	1.37e-18
 4.68300e+22	1.21e-03	9.99e-01	2.48e-18
 4.71989e+22	1.28e-03	9.99e-01	4.07e-18
 4.75746e+22	1.36e-03	9.99e-01	7.68e-18
 4.79586e+22	1.44e-03	9.99e-01	1.57e-17
 4.82951e+22	1.52e-03	9.98e-01	4.03e-17
 4.86742e+22	1.62e-03	9.98e-01	1.06e-16
 4.89420e+22	1.65e-03	9.98e-01	2.13e-16
 4.90652e+22	1.69e-03	9.98e-01	2.62e-16
 4.92254e+22	1.73e-03	9.98e-01	3.28e-16
 4.94336e+22	1.79e-03	9.98e-01	4.07e-16
 4.97043e+22	1.88e-03	9.98e-01	5.58e-16
 5.00561e+22	2.00e-03	9.98e-01	8.38e-16
 5.04355e+22	2.11e-03	9.98e-01	1.09e-15
 5.07544e+22	2.21e-03	9.98e-01	1.44e-15
 5.10269e+22	2.30e-03	9.98e-01	1.76e-15
 5.13355e+22	2.43e-03	9.98e-01	2.22e-15
 5.16527e+22	2.53e-03	9.97e-01	2.73e-15
 5.19369e+22	2.65e-03	9.97e-01	3.31e-15
 5.22618e+22	2.80e-03	9.97e-01	4.20e-15
 5.25886e+22	2.92e-03	9.97e-01	5.00e-15
 5.29176e+22	3.09e-03	9.97e-01	6.22e-15
 5.32551e+22	3.23e-03	9.97e-01	7.51e-15
 5.35566e+22	3.39e-03	9.97e-01	9.04e-15
 5.39013e+22	3.58e-03	9.96e-01	1.13e-14
 5.42564e+22	3.76e-03	9.96e-01	1.38e-14
 5.45751e+22	3.94e-03	9.96e-01	1.66e-14
 5.49397e+22	4.19e-03	9.96e-01	2.10e-14
 5.53126e+22	4.40e-03	9.96e-01	2.54e-14
 5.56962e+22	4.69e-03	9.95e-01	3.23e-14
 5.60872e+22	4.94e-03	9.95e-01	3.94e-14
 5.64876e+22	5.28e-03	9.95e-01	5.07e-14
 5.68922e+22	5.55e-03	9.94e-01	6.17e-14
 5.73023e+22	5.93e-03	9.94e-01	7.96e-14
 5.77211e+22	6.27e-03	9.94e-01	9.85e-14
 5.81514e+22	6.72e-03	9.93e-01	1.29e-13
 5.85880e+22	7.09e-03	9.93e-01	1.60e-13
 5.90331e+22	7.64e-03	9.92e-01	2.13e-13
 5.94839e+22	8.06e-03	9.92e-01	2.65e-13
 5.99422e+22	8.69e-03	9.91e-01	3.54e-13
 6.04118e+22	9.21e-03	9.91e-01	4.46e-13
 6.08961e+22	9.98e-03	9.90e-01	6.07e-13
 6.13943e+22	1.06e-02	9.89e-01	7.75e-13
 6.19105e+22	1.16e-02	9.88e-01	1.08e-12
 6.24414e+22	1.24e-02	9.88e-01	1.41e-12
 6.29912e+22	1.36e-02	9.86e-01	2.01e-12
 6.35624e+22	1.46e-02	9.85e-01	2.70e-12
 6.41612e+22	1.63e-02	9.84e-01	4.02e-12
 6.47798e+22	1.78e-02	9.82e-01	5.60e-12
 6.52612e+22	1.89e-02	9.81e-01	7.12e-12
 6.57240e+22	2.07e-02	9.79e-01	9.80e-12
 6.62003e+22	2.24e-02	9.78e-01	1.30e-11
 6.66943e+22	2.50e-02	9.75e-01	1.88e-11
 6.71980e+22	2.74e-02	9.73e-01	2.58e-11
 6.77143e+22	3.12e-02	9.69e-01	3.93e-11
 6.82503e+22	3.53e-02	9.65e-01	5.78e-11
 6.86764e+22	3.91e-02	9.61e-01	7.92e-11
 6.90392e+22	4.36e-02	9.56e-01	1.09e-10
 6.94552e+22	5.04e-02	9.50e-01	1.65e-10
 6.98927e+22	5.89e-02	9.41e-01	2.51e-10
 7.02789e+22	6.89e-02	9.31e-01	3.79e-10
 7.06353e+22	8.11e-02	9.19e-01	5.73e-10
 7.09690e+22	9.63e-02	9.04e-01	8.69e-10
 7.12786e+22	1.15e-01	8.85e-01	1.32e-09
 7.15610e+22	1.37e-01	8.63e-01	1.98e-09
 7.18166e+22	1.64e-01	8.36e-01	2.92e-09
 7.20489e+22	1.94e-01	8.06e-01	4.23e-09
 7.22614e+22	2.28e-01	7.72e-01	6.00e-09
 7.23951e+22	2.52e-01	7.48e-01	7.30e-09
 7.24446e+22	2.62e-01	7.38e-01	7.87e-09
 7.24845e+22	2.70e-01	7.30e-01	8.43e-09
 7.25363e+22	2.81e-01	7.19e-01	9.19e-09
 7.25981e+22	2.96e-01	7.04e-01	1.02e-08
 7.26603e+22	3.11e-01	6.89e-01	1.14e-08
 7.27177e+22	3.24e-01	6.76e-01	1.24e-08
 7.27763e+22	3.39e-01	6.61e-01	1.37e-08
 7.28377e+22	3.56e-01	6.44e-01	1.51e-08
 7.28979e+22	3.72e-01	6.28e-01	1.66e-08
 7.29586e+22	3.89e-01	6.11e-01	1.82e-08
 7.30217e+22	4.07e-01	5.93e-01	1.99e-08
 7.30868e+22	4.26e-01	5.74e-01	2.19e-08
 7.31540e+22	4.46e-01	5.54e-01	2.41e-08
 7.32222e+22	4.67e-01	5.33e-01	2.64e-08
 7.32914e+22	4.88e-01	5.12e-01	2.89e-08
 7.33644e+22	5.10e-01	4.90e-01	3.16e-08
 7.34394e+22	5.32e-01	4.68e-01	3.44e-08
 7.34986e+22	5.49e-01	4.51e-01	3.64e-08
 7.35373e+22	5.59e-01	4.41e-01	3.78e-08
 7.35738e+22	5.70e-01	4.30e-01	3.92e-08
 7.36177e+22	5.82e-01	4.18e-01	4.09e-08
 7.36664e+22	5.95e-01	4.05e-01	4.28e-08
 7.37137e+22	6.08e-01	3.92e-01	4.47e-08
 7.37584e+22	6.19e-01	3.81e-01	4.63e-08
 7.38040e+22	6.31e-01	3.69e-01	4.82e-08
 7.38512e+22	6.43e-01	3.57e-01	4.98e-08
 7.38997e+22	6.54e-01	3.46e-01	5.16e-08
 7.39497e+22	6.66e-01	3.34e-01	5.36e-08
 7.39988e+22	6.77e-01	3.23e-01	5.53e-08
 7.40482e+22	6.88e-01	3.12e-01	5.70e-08
 7.41000e+22	6.98e-01	3.02e-01	5.88e-08
 7.41536e+22	7.09e-01	2.91e-01	6.06e-08
 7.42081e+22	7.19e-01	2.81e-01	6.26e-08
 7.42627e+22	7.29e-01	2.71e-01	6.41e-08
 7.43192e+22	7.39e-01	2.61e-01	6.60e-08
 7.43783e+22	7.49e-01	2.51e-01	6.80e-08
 7.44376e+22	7.58e-01	2.42e-01	6.97e-08
 7.44978e+22	7.67e-01	2.33e-01	7.15e-08
 7.45607e+22	7.75e-01	2.25e-01	7.34e-08
 7.46257e+22	7.84e-01	2.16e-01	7.53e-08
 7.46920e+22	7.92e-01	2.08e-01	7.72e-08
 7.47601e+22	8.00e-01	2.00e-01	7.91e-08
 7.48304e+22	8.08e-01	1.92e-01	8.10e-08
 7.49026e+22	8.16e-01	1.84e-01	8.30e-08
 7.49765e+22	8.23e-01	1.77e-01	8.50e-08
 7.50530e+22	8.30e-01	1.70e-01	8.71e-08
 7.51319e+22	8.37e-01	1.63e-01	8.91e-08
 7.52117e+22	8.44e-01	1.56e-01	9.13e-08
 7.52925e+22	8.50e-01	1.50e-01	9.35e-08
 7.53760e+22	8.56e-01	1.44e-01	9.58e-08
 7.54606e+22	8.62e-01	1.38e-01	9.82e-08
 7.55445e+22	8.67e-01	1.33e-01	1.01e-07
 7.56297e+22	8.72e-01	1.28e-01	1.03e-07
 7.57180e+22	8.77e-01	1.23e-01	1.06e-07
 7.58075e+22	8.82e-01	1.18e-01	1.08e-07
 7.58974e+22	8.86e-01	1.14e-01	1.11e-07
 7.59900e+22	8.90e-01	1.10e-01	1.14e-07
 7.60855e+22	8.94e-01	1.06e-01	1.18e-07
 7.61821e+22	8.98e-01	1.02e-01	1.21e-07
 7.62799e+22	9.02e-01	9.80e-02	1.26e-07
 7.63807e+22	9.06e-01	9.43e-02	1.30e-07
 7.64839e+22	9.09e-01	9.08e-02	1.35e-07
 7.65848e+22	9.12e-01	8.76e-02	1.40e-07
 7.66794e+22	9.15e-01	8.48e-02	1.44e-07
 7.67665e+22	9.18e-01	8.24e-02	1.48e-07
 7.68477e+22	9.20e-01	8.02e-02	1.52e-07
 7.69229e+22	9.22e-01	7.83e-02	1.56e-07
 7.69958e+22	9.24e-01	7.64e-02	1.61e-07
 7.70689e+22	9.25e-01	7.47e-02	1.65e-07
 7.71408e+22	9.27e-01	7.28e-02	1.71e-07
 7.72080e+22	9.29e-01	7.12e-02	1.75e-07
 7.72706e+22	9.30e-01	6.97e-02	1.80e-07
 7.73336e+22	9.32e-01	6.82e-02	1.86e-07
 7.73943e+22	9.33e-01	6.68e-02	1.91e-07
 7.74517e+22	9.34e-01	6.56e-02	1.96e-07
 7.75086e+22	9.36e-01	6.42e-02	2.02e-07
 7.75632e+22	9.37e-01	6.30e-02	2.08e-07
 7.76146e+22	9.38e-01	6.19e-02	2.14e-07
 7.76648e+22	9.39e-01	6.08e-02	2.21e-07
 7.77138e+22	9.40e-01	5.97e-02	2.27e-07
 7.77599e+22	9.41e-01	5.87e-02	2.34e-07
 7.78019e+22	9.42e-01	5.78e-02	2.40e-07
 7.78400e+22	9.43e-01	5.70e-02	2.45e-07
 7.78748e+22	9.44e-01	5.62e-02	2.50e-07
 7.79064e+22	9.44e-01	5.56e-02	2.55e-07
 7.79352e+22	9.45e-01	5.50e-02	2.59e-07
 7.79613e+22	9.46e-01	5.45e-02	2.63e-07
 7.79900e+22	9.46e-01	5.38e-02	2.68e-07
 7.80210e+22	9.47e-01	5.31e-02	2.72e-07
 7.80492e+22	9.47e-01	5.25e-02	2.76e-07
 7.80748e+22	9.48e-01	5.20e-02	2.80e-07
 7.80982e+22	9.48e-01	5.17e-02	2.83e-07
 7.81237e+22	9.49e-01	5.11e-02	2.85e-07
 7.81570e+22	9.50e-01	5.03e-02	2.90e-07
 7.81929e+22	9.51e-01	4.95e-02	2.94e-07
 7.82255e+22	9.51e-01	4.88e-02	2.97e-07
 7.82552e+22	9.52e-01	4.83e-02	2.99e-07
 7.82878e+22	9.52e-01	4.77e-02	3.02e-07
 7.83230e+22	9.53e-01	4.70e-02	3.04e-07
 7.83550e+22	9.54e-01	4.65e-02	3.06e-07
 7.83841e+22	9.54e-01	4.60e-02	3.07e-07
 7.84106e+22	9.54e-01	4.57e-02	3.09e-07
 7.84396e+22	9.55e-01	4.51e-02	3.09e-07
 7.84773e+22	9.56e-01	4.44e-02	3.09e-07
 7.85181e+22	9.56e-01	4.36e-02	3.11e-07
 7.85552e+22	9.57e-01	4.31e-02	3.11e-07
 7.85889e+22	9.57e-01	4.26e-02	3.12e-07
 7.86196e+22	9.58e-01	4.22e-02	3.11e-07
 7.86475e+22	9.58e-01	4.18e-02	3.11e-07
 7.86782e+22	9.59e-01	4.12e-02	3.10e-07
 7.87112e+22	9.59e-01	4.07e-02	3.09e-07
 7.87413e+22	9.60e-01	4.02e-02	3.08e-07
 7.87687e+22	9.60e-01	3.98e-02	3.08e-07
 7.87936e+22	9.60e-01	3.96e-02	3.07e-07
 7.88209e+22	9.61e-01	3.91e-02	3.05e-07
 7.88564e+22	9.62e-01	3.85e-02	3.04e-07
 7.88947e+22	9.62e-01	3.78e-02	3.02e-07
 7.89295e+22	9.63e-01	3.73e-02	3.02e-07
 7.89613e+22	9.63e-01	3.69e-02	3.00e-07
 7.89901e+22	9.63e-01	3.66e-02	2.99e-07
 7.90164e+22	9.64e-01	3.62e-02	2.97e-07
 7.90452e+22	9.64e-01	3.58e-02	2.95e-07
 7.90762e+22	9.65e-01	3.54e-02	2.93e-07
 7.91045e+22	9.65e-01	3.50e-02	2.92e-07
 7.91355e+22	9.65e-01	3.46e-02	2.90e-07
 7.91690e+22	9.66e-01	3.41e-02	2.89e-07
 7.91994e+22	9.66e-01	3.38e-02	2.88e-07
 7.92271e+22	9.67e-01	3.34e-02	2.86e-07
 7.92523e+22	9.67e-01	3.33e-02	2.86e-07
 7.92800e+22	9.67e-01	3.29e-02	2.84e-07
 7.93159e+22	9.68e-01	3.25e-02	2.83e-07
 7.93546e+22	9.68e-01	3.21e-02	2.82e-07
 7.93899e+22	9.68e-01	3.16e-02	2.81e-07
 7.94220e+22	9.69e-01	3.14e-02	2.80e-07
 7.94572e+22	9.69e-01	3.10e-02	2.78e-07
 7.94952e+22	9.69e-01	3.06e-02	2.78e-07
 7.95298e+22	9.70e-01	3.03e-02	2.76e-07
 7.95676e+22	9.70e-01	2.99e-02	2.75e-07
 7.96085e+22	9.71e-01	2.94e-02	2.74e-07
 7.96457e+22	9.71e-01	2.91e-02	2.72e-07
 7.96796e+22	9.71e-01	2.89e-02	2.72e-07
 7.97167e+22	9.72e-01	2.85e-02	2.70e-07
 7.97568e+22	9.72e-01	2.81e-02	2.69e-07
 7.97932e+22	9.72e-01	2.77e-02	2.68e-07
 7.98264e+22	9.72e-01	2.76e-02	2.68e-07
 7.98627e+22	9.73e-01	2.72e-02	2.66e-07
 7.99020e+22	9.73e-01	2.69e-02	2.65e-07
 7.99377e+22	9.73e-01	2.67e-02	2.65e-07
 7.99768e+22	9.74e-01	2.63e-02	2.63e-07
 8.00190e+22	9.74e-01	2.59e-02	2.63e-07
 8.00575e+22	9.74e-01	2.56e-02	2.61e-07
 8.00925e+22	9.75e-01	2.54e-02	2.61e-07
 8.01308e+22	9.75e-01	2.51e-02	2.59e-07
 8.01722e+22	9.75e-01	2.48e-02	2.59e-07
 8.02098e+22	9.75e-01	2.46e-02	2.59e-07
 8.02511e+22	9.76e-01	2.42e-02	2.58e-07
 8.02957e+22	9.76e-01	2.39e-02	2.58e-07
 8.03362e+22	9.76e-01	2.36e-02	2.58e-07
 8.03806e+22	9.77e-01	2.33e-02	2.57e-07
 8.04286e+22	9.77e-01	2.30e-02	2.57e-07
 8.04722e+22	9.77e-01	2.27e-02	2.57e-07
 8.05201e+22	9.78e-01	2.24e-02	2.55e-07
 8.05717e+22	9.78e-01	2.20e-02	2.56e-07
 8.06187e+22	9.78e-01	2.18e-02	2.55e-07
 8.06702e+22	9.79e-01	2.14e-02	2.54e-07
 8.07257e+22	9.79e-01	2.11e-02	2.55e-07
 8.07763e+22	9.79e-01	2.08e-02	2.54e-07
 8.08224e+22	9.79e-01	2.06e-02	2.54e-07
 8.08728e+22	9.80e-01	2.03e-02	2.53e-07
 8.09272e+22	9.80e-01	2.00e-02	2.52e-07
 8.09768e+22	9.80e-01	1.98e-02	2.52e-07
 8.10311e+22	9.81e-01	1.95e-02	2.52e-07
 8.10897e+22	9.81e-01	1.91e-02	2.52e-07
 8.11431e+22	9.81e-01	1.89e-02	2.51e-07
 8.12015e+22	9.81e-01	1.86e-02	2.51e-07
 8.12646e+22	9.82e-01	1.83e-02	2.51e-07
 8.13220e+22	9.82e-01	1.81e-02	2.51e-07
 8.13743e+22	9.82e-01	1.79e-02	2.50e-07
 8.14316e+22	9.82e-01	1.76e-02	2.49e-07
 8.14934e+22	9.83e-01	1.73e-02	2.49e-07
 8.15496e+22	9.83e-01	1.71e-02	2.49e-07
 8.16113e+22	9.83e-01	1.68e-02	2.49e-07
 8.16778e+22	9.83e-01	1.65e-02	2.49e-07
 8.17384e+22	9.84e-01	1.63e-02	2.49e-07
 8.18048e+22	9.84e-01	1.60e-02	2.48e-07
 8.18764e+22	9.84e-01	1.57e-02	2.49e-07
 8.19416e+22	9.84e-01	1.55e-02	2.48e-07
 8.20009e+22	9.85e-01	1.53e-02	2.48e-07
 8.20659e+22	9.85e-01	1.51e-02	2.47e-07
 8.21361e+22	9.85e-01	1.48e-02	2.47e-07
 8.22000e+22	9.85e-01	1.46e-02	2.47e-07
 8.22700e+22	9.86e-01	1.44e-02	2.46e-07
 8.23455e+22	9.86e-01	1.41e-02	2.47e-07
 8.24143e+22	9.86e-01	1.39e-02	2.46e-07
 8.24896e+22	9.86e-01	1.37e-02	2.46e-07
 8.25710e+22	9.87e-01	1.34e-02	2.47e-07
 8.26450e+22	9.87e-01	1.32e-02	2.47e-07
 8.27261e+22	9.87e-01	1.30e-02	2.46e-07
 8.28137e+22	9.87e-01	1.27e-02	2.47e-07
 8.28933e+22	9.88e-01	1.25e-02	2.46e-07
 8.29807e+22	9.88e-01	1.23e-02	2.47e-07
 8.30749e+22	9.88e-01	1.20e-02	2.47e-07
 8.31607e+22	9.88e-01	1.18e-02	2.47e-07
 8.32388e+22	9.88e-01	1.16e-02	2.47e-07
 8.33243e+22	9.89e-01	1.14e-02	2.46e-07
 8.34350e+22	9.89e-01	1.11e-02	2.47e-07
 8.35591e+22	9.89e-01	1.08e-02	2.47e-07
 8.36823e+22	9.89e-01	1.05e-02	2.47e-07
 8.38063e+22	9.90e-01	1.03e-02	2.47e-07
 8.39331e+22	9.90e-01	9.99e-03	2.47e-07
 8.40622e+22	9.90e-01	9.72e-03	2.48e-07
 8.41927e+22	9.91e-01	9.46e-03	2.48e-07
 8.43248e+22	9.91e-01	9.21e-03	2.48e-07
 8.44585e+22	9.91e-01	8.96e-03	2.48e-07
 8.45939e+22	9.91e-01	8.72e-03	2.48e-07
 8.47308e+22	9.92e-01	8.48e-03	2.48e-07
 8.48693e+22	9.92e-01	8.25e-03	2.48e-07
 8.50093e+22	9.92e-01	8.02e-03	2.48e-07
 8.51508e+22	9.92e-01	7.79e-03	2.48e-07
 8.52937e+22	9.92e-01	7.57e-03	2.49e-07
 8.54379e+22	9.93e-01	7.36e-03	2.49e-07
 8.55833e+22	9.93e-01	7.15e-03	2.49e-07
 8.57299e+22	9.93e-01	6.94e-03	2.49e-07
 8.58781e+22	9.93e-01	6.74e-03	2.50e-07
 8.60278e+22	9.93e-01	6.54e-03	2.50e-07
 8.61787e+22	9.94e-01	6.35e-03	2.50e-07
 8.63309e+22	9.94e-01	6.16e-03	2.51e-07
 8.64844e+22	9.94e-01	5.98e-03	2.51e-07
 8.66392e+22	9.94e-01	5.80e-03	2.51e-07
 8.67974e+22	9.94e-01	5.63e-03	2.52e-07
 8.69593e+22	9.95e-01	5.45e-03	2.53e-07
 8.71233e+22	9.95e-01	5.28e-03	2.53e-07
 8.72891e+22	9.95e-01	5.12e-03	2.54e-07
 8.74567e+22	9.95e-01	4.96e-03	2.55e-07
 8.76262e+22	9.95e-01	4.80e-03	2.55e-07
 8.77976e+22	9.95e-01	4.64e-03	2.56e-07
 8.79712e+22	9.96e-01	4.49e-03	2.57e-07
 8.81477e+22	9.96e-01	4.34e-03	2.58e-07
 8.83272e+22	9.96e-01	4.20e-03	2.60e-07
 8.85112e+22	9.96e-01	4.06e-03	2.61e-07
 8.87000e+22	9.96e-01	3.92e-03	2.62e-07
 8.88920e+22	9.96e-01	3.78e-03	2.64e-07
 8.90872e+22	9.96e-01	3.65e-03	2.66e-07
 8.92858e+22	9.96e-01	3.52e-03	2.68e-07
 8.94879e+22	9.97e-01	3.39e-03	2.70e-07
 8.96939e+22	9.97e-01	3.26e-03	2.72e-07
 8.99041e+22	9.97e-01	3.14e-03	2.74e-07
 9.01195e+22	9.97e-01	3.02e-03	2.77e-07
 9.03401e+22	9.97e-01	2.90e-03	2.80e-07
 9.05653e+22	9.97e-01	2.79e-03	2.83e-07
 9.07956e+22	9.97e-01	2.68e-03	2.87e-07
 9.10315e+22	9.97e-01	2.57e-03	2.91e-07
 9.12728e+22	9.98e-01	2.46e-03	2.95e-07
 9.15176e+22	9.98e-01	2.36e-03	3.00e-07
 9.17649e+22	9.98e-01	2.26e-03	3.06e-07
 9.20151e+22	9.98e-01	2.16e-03	3.11e-07
 9.22677e+22	9.98e-01	2.07e-03	3.18e-07
 9.24825e+22	9.98e-01	2.01e-03	3.24e-07
