#depth	C	C+	C+2	C+3	C+4	C+5	C+6	C[1]	C[2]	C[3]	C+[1]	C+[2]	CO
 4.62852e+21	0.00e+00	0.00e+00	3.45e-24	1.61e-17	8.10e-11	1.68e-05	1.00e+00	0.00e+00	0.00e+00	0.00e+00	0.00e+00	0.00e+00	5.73e-157
 1.05212e+22	0.00e+00	3.84e-31	1.48e-23	4.82e-17	1.68e-10	2.42e-05	1.00e+00	0.00e+00	0.00e+00	0.00e+00	0.00e+00	0.00e+00	1.26e-158
 1.26196e+22	0.00e+00	1.21e-30	3.70e-23	9.90e-17	2.70e-10	3.06e-05	1.00e+00	0.00e+00	0.00e+00	0.00e+00	0.00e+00	0.00e+00	1.15e-136
 1.41210e+22	0.00e+00	3.13e-30	7.92e-23	1.76e-16	3.96e-10	3.70e-05	1.00e+00	0.00e+00	0.00e+00	0.00e+00	0.00e+00	0.00e+00	1.35e-136
 1.50870e+22	0.00e+00	4.74e-30	1.11e-22	2.26e-16	4.68e-10	4.01e-05	1.00e+00	0.00e+00	0.00e+00	0.00e+00	0.00e+00	0.00e+00	4.30e-134
 1.56273e+22	0.00e+00	6.67e-30	1.45e-22	2.78e-16	5.37e-10	4.30e-05	1.00e+00	0.00e+00	0.00e+00	0.00e+00	0.00e+00	0.00e+00	4.92e-134
 1.61073e+22	0.00e+00	9.36e-30	1.91e-22	3.42e-16	6.15e-10	4.59e-05	1.00e+00	0.00e+00	0.00e+00	0.00e+00	0.00e+00	0.00e+00	6.09e-133
 1.66555e+22	0.00e+00	1.47e-29	2.75e-22	4.50e-16	7.38e-10	5.03e-05	1.00e+00	0.00e+00	0.00e+00	0.00e+00	0.00e+00	0.00e+00	7.24e-133
 1.71936e+22	0.00e+00	2.00e-29	3.51e-22	5.41e-16	8.34e-10	5.34e-05	1.00e+00	0.00e+00	0.00e+00	0.00e+00	0.00e+00	0.00e+00	9.86e-131
 1.77187e+22	0.00e+00	3.02e-29	4.90e-22	6.97e-16	9.86e-10	5.80e-05	1.00e+00	0.00e+00	0.00e+00	0.00e+00	0.00e+00	0.00e+00	1.16e-130
 1.82559e+22	0.00e+00	4.30e-29	6.50e-22	8.63e-16	1.14e-09	6.22e-05	1.00e+00	0.00e+00	0.00e+00	0.00e+00	0.00e+00	0.00e+00	9.98e-125
 1.87328e+22	0.00e+00	6.01e-29	8.52e-22	1.06e-15	1.30e-09	6.64e-05	1.00e+00	0.00e+00	0.00e+00	0.00e+00	0.00e+00	0.00e+00	1.13e-124
 1.92765e+22	0.00e+00	9.38e-29	1.22e-21	1.39e-15	1.56e-09	7.26e-05	1.00e+00	0.00e+00	0.00e+00	0.00e+00	0.00e+00	0.00e+00	1.33e-124
 1.98136e+22	0.00e+00	1.27e-28	1.56e-21	1.68e-15	1.76e-09	7.71e-05	1.00e+00	0.00e+00	0.00e+00	0.00e+00	0.00e+00	0.00e+00	1.51e-124
 2.03422e+22	0.00e+00	1.98e-28	2.22e-21	2.20e-15	2.11e-09	8.41e-05	1.00e+00	0.00e+00	0.00e+00	0.00e+00	0.00e+00	0.00e+00	1.66e-124
 2.08671e+22	0.00e+00	2.68e-28	2.83e-21	2.64e-15	2.38e-09	8.93e-05	1.00e+00	0.00e+00	0.00e+00	0.00e+00	0.00e+00	0.00e+00	6.56e-122
 2.13871e+22	0.00e+00	4.03e-28	3.94e-21	3.40e-15	2.81e-09	9.68e-05	1.00e+00	0.00e+00	0.00e+00	0.00e+00	0.00e+00	0.00e+00	7.33e-122
 2.18739e+22	0.00e+00	5.38e-28	4.97e-21	4.05e-15	3.16e-09	1.03e-04	1.00e+00	0.00e+00	0.00e+00	0.00e+00	0.00e+00	0.00e+00	7.79e-122
 2.22527e+22	0.00e+00	6.99e-28	6.15e-21	4.76e-15	3.51e-09	1.08e-04	1.00e+00	0.00e+00	0.00e+00	0.00e+00	0.00e+00	0.00e+00	9.21e-122
 2.26800e+22	0.00e+00	9.75e-28	8.04e-21	5.84e-15	4.02e-09	1.15e-04	1.00e+00	0.00e+00	0.00e+00	0.00e+00	0.00e+00	0.00e+00	1.06e-121
 2.31209e+22	0.00e+00	1.29e-27	1.01e-20	6.94e-15	4.50e-09	1.22e-04	1.00e+00	0.00e+00	0.00e+00	0.00e+00	0.00e+00	0.00e+00	1.22e-121
 2.35794e+22	0.00e+00	1.85e-27	1.35e-20	8.67e-15	5.21e-09	1.31e-04	1.00e+00	0.00e+00	0.00e+00	0.00e+00	0.00e+00	0.00e+00	1.30e-121
 2.40408e+22	0.00e+00	2.48e-27	1.71e-20	1.04e-14	5.87e-09	1.39e-04	1.00e+00	0.00e+00	0.00e+00	0.00e+00	0.00e+00	0.00e+00	1.40e-121
 2.44323e+22	0.00e+00	3.24e-27	2.12e-20	1.22e-14	6.54e-09	1.46e-04	1.00e+00	0.00e+00	0.00e+00	0.00e+00	0.00e+00	0.00e+00	3.94e-118
 2.48676e+22	0.00e+00	4.55e-27	2.79e-20	1.51e-14	7.50e-09	1.56e-04	1.00e+00	0.00e+00	0.00e+00	0.00e+00	0.00e+00	0.00e+00	1.38e-117
 2.53184e+22	0.00e+00	6.06e-27	3.52e-20	1.80e-14	8.43e-09	1.65e-04	1.00e+00	0.00e+00	0.00e+00	0.00e+00	0.00e+00	0.00e+00	1.43e-117
 2.57894e+22	0.00e+00	8.76e-27	4.74e-20	2.26e-14	9.80e-09	1.78e-04	1.00e+00	0.00e+00	0.00e+00	0.00e+00	0.00e+00	0.00e+00	3.47e-98
 2.62189e+22	0.00e+00	1.12e-26	5.79e-20	2.63e-14	1.08e-08	1.87e-04	1.00e+00	0.00e+00	0.00e+00	0.00e+00	0.00e+00	0.00e+00	1.00e-96
 2.65383e+22	0.00e+00	1.41e-26	6.94e-20	3.02e-14	1.19e-08	1.95e-04	1.00e+00	0.00e+00	0.00e+00	0.00e+00	0.00e+00	0.00e+00	3.62e-96
 2.68973e+22	0.00e+00	1.84e-26	8.62e-20	3.57e-14	1.32e-08	2.05e-04	1.00e+00	0.00e+00	0.00e+00	0.00e+00	0.00e+00	0.00e+00	2.91e-96
 2.72850e+22	0.00e+00	2.38e-26	1.06e-19	4.19e-14	1.47e-08	2.16e-04	1.00e+00	0.00e+00	0.00e+00	0.00e+00	0.00e+00	0.00e+00	1.62e-95
 2.76392e+22	0.00e+00	3.03e-26	1.29e-19	4.87e-14	1.62e-08	2.27e-04	1.00e+00	0.00e+00	0.00e+00	0.00e+00	0.00e+00	0.00e+00	2.04e-95
 2.79759e+22	0.00e+00	3.84e-26	1.57e-19	5.64e-14	1.79e-08	2.38e-04	1.00e+00	0.00e+00	0.00e+00	0.00e+00	0.00e+00	0.00e+00	5.29e-95
 2.83609e+22	0.00e+00	5.11e-26	1.97e-19	6.73e-14	2.01e-08	2.51e-04	1.00e+00	0.00e+00	0.00e+00	0.00e+00	0.00e+00	0.00e+00	1.21e-94
 2.87659e+22	0.00e+00	6.70e-26	2.45e-19	7.95e-14	2.24e-08	2.65e-04	1.00e+00	0.00e+00	0.00e+00	0.00e+00	0.00e+00	0.00e+00	2.74e-94
 2.91149e+22	0.00e+00	8.50e-26	2.98e-19	9.21e-14	2.47e-08	2.78e-04	1.00e+00	0.00e+00	0.00e+00	0.00e+00	0.00e+00	0.00e+00	3.88e-94
 2.94132e+22	0.00e+00	1.04e-25	3.51e-19	1.04e-13	2.68e-08	2.89e-04	1.00e+00	0.00e+00	0.00e+00	0.00e+00	0.00e+00	0.00e+00	1.07e-93
 2.97277e+22	2.49e-34	1.32e-25	4.24e-19	1.21e-13	2.95e-08	3.02e-04	1.00e+00	0.00e+00	0.00e+00	0.00e+00	0.00e+00	0.00e+00	2.12e-93
 3.00641e+22	3.24e-34	1.64e-25	5.07e-19	1.39e-13	3.23e-08	3.16e-04	1.00e+00	0.00e+00	0.00e+00	0.00e+00	0.00e+00	0.00e+00	5.77e-93
 3.03722e+22	4.16e-34	2.02e-25	6.01e-19	1.58e-13	3.52e-08	3.29e-04	1.00e+00	0.00e+00	0.00e+00	0.00e+00	0.00e+00	0.00e+00	9.26e-93
 3.07158e+22	5.62e-34	2.61e-25	7.39e-19	1.85e-13	3.90e-08	3.46e-04	1.00e+00	0.00e+00	0.00e+00	0.00e+00	0.00e+00	0.00e+00	1.53e-92
 3.10659e+22	7.39e-34	3.28e-25	8.89e-19	2.13e-13	4.28e-08	3.62e-04	1.00e+00	0.00e+00	0.00e+00	0.00e+00	0.00e+00	0.00e+00	4.00e-92
 3.13595e+22	9.37e-34	4.00e-25	1.05e-18	2.41e-13	4.65e-08	3.77e-04	1.00e+00	0.00e+00	0.00e+00	0.00e+00	0.00e+00	0.00e+00	8.68e-92
 3.16764e+22	1.24e-33	5.07e-25	1.27e-18	2.79e-13	5.12e-08	3.94e-04	1.00e+00	0.00e+00	0.00e+00	0.00e+00	0.00e+00	0.00e+00	6.12e-92
 3.20149e+22	1.62e-33	6.35e-25	1.52e-18	3.21e-13	5.61e-08	4.12e-04	1.00e+00	0.00e+00	0.00e+00	0.00e+00	0.00e+00	0.00e+00	3.15e-91
 3.23182e+22	2.08e-33	7.81e-25	1.80e-18	3.65e-13	6.11e-08	4.29e-04	1.00e+00	0.00e+00	0.00e+00	0.00e+00	0.00e+00	0.00e+00	5.07e-91
 3.25858e+22	2.58e-33	9.36e-25	2.08e-18	4.08e-13	6.58e-08	4.45e-04	1.00e+00	0.00e+00	0.00e+00	0.00e+00	0.00e+00	0.00e+00	8.36e-91
 3.28699e+22	3.30e-33	1.15e-24	2.46e-18	4.65e-13	7.16e-08	4.63e-04	1.00e+00	0.00e+00	0.00e+00	0.00e+00	0.00e+00	0.00e+00	1.94e-90
 3.31728e+22	4.19e-33	1.41e-24	2.89e-18	5.26e-13	7.77e-08	4.82e-04	1.00e+00	0.00e+00	0.00e+00	0.00e+00	0.00e+00	0.00e+00	2.64e-90
 3.34469e+22	5.23e-33	1.70e-24	3.37e-18	5.90e-13	8.39e-08	5.00e-04	9.99e-01	0.00e+00	0.00e+00	0.00e+00	0.00e+00	0.00e+00	4.96e-90
 3.37497e+22	6.83e-33	2.12e-24	4.04e-18	6.79e-13	9.20e-08	5.22e-04	9.99e-01	0.00e+00	0.00e+00	0.00e+00	0.00e+00	0.00e+00	2.91e-90
 3.40654e+22	8.77e-33	2.62e-24	4.78e-18	7.72e-13	1.00e-07	5.45e-04	9.99e-01	0.00e+00	0.00e+00	0.00e+00	0.00e+00	0.00e+00	1.23e-89
 3.43334e+22	1.09e-32	3.14e-24	5.54e-18	8.64e-13	1.08e-07	5.65e-04	9.99e-01	0.00e+00	0.00e+00	0.00e+00	0.00e+00	0.00e+00	2.84e-89
 3.46171e+22	1.40e-32	3.88e-24	6.57e-18	9.86e-13	1.18e-07	5.88e-04	9.99e-01	0.00e+00	0.00e+00	0.00e+00	0.00e+00	0.00e+00	5.09e-89
 3.49185e+22	1.78e-32	4.73e-24	7.72e-18	1.11e-12	1.28e-07	6.12e-04	9.99e-01	0.00e+00	0.00e+00	0.00e+00	0.00e+00	0.00e+00	1.20e-88
 3.51912e+22	2.22e-32	5.70e-24	8.97e-18	1.25e-12	1.38e-07	6.35e-04	9.99e-01	0.00e+00	0.00e+00	0.00e+00	0.00e+00	0.00e+00	1.43e-88
 3.54379e+22	2.71e-32	6.74e-24	1.03e-17	1.39e-12	1.47e-07	6.56e-04	9.99e-01	0.00e+00	0.00e+00	0.00e+00	0.00e+00	0.00e+00	3.69e-88
 3.56676e+22	3.27e-32	7.89e-24	1.17e-17	1.53e-12	1.57e-07	6.77e-04	9.99e-01	0.00e+00	0.00e+00	0.00e+00	0.00e+00	0.00e+00	5.62e-88
 3.59311e+22	4.10e-32	9.54e-24	1.36e-17	1.72e-12	1.70e-07	7.03e-04	9.99e-01	0.00e+00	0.00e+00	0.00e+00	0.00e+00	0.00e+00	7.71e-88
 3.62133e+22	5.13e-32	1.15e-23	1.58e-17	1.93e-12	1.84e-07	7.30e-04	9.99e-01	0.00e+00	0.00e+00	0.00e+00	0.00e+00	0.00e+00	1.37e-87
 3.64666e+22	6.31e-32	1.37e-23	1.82e-17	2.15e-12	1.97e-07	7.55e-04	9.99e-01	0.00e+00	0.00e+00	0.00e+00	0.00e+00	0.00e+00	2.47e-87
 3.67425e+22	8.05e-32	1.68e-23	2.15e-17	2.44e-12	2.14e-07	7.86e-04	9.99e-01	0.00e+00	0.00e+00	0.00e+00	0.00e+00	0.00e+00	2.98e-87
 3.70224e+22	1.00e-31	2.02e-23	2.49e-17	2.73e-12	2.31e-07	8.16e-04	9.99e-01	0.00e+00	0.00e+00	0.00e+00	0.00e+00	0.00e+00	6.75e-87
 3.72572e+22	1.21e-31	2.37e-23	2.84e-17	3.01e-12	2.46e-07	8.42e-04	9.99e-01	0.00e+00	0.00e+00	0.00e+00	0.00e+00	0.00e+00	1.15e-86
 3.75120e+22	1.52e-31	2.86e-23	3.30e-17	3.39e-12	2.66e-07	8.74e-04	9.99e-01	0.00e+00	0.00e+00	0.00e+00	0.00e+00	0.00e+00	1.53e-86
 3.77863e+22	1.89e-31	3.44e-23	3.83e-17	3.80e-12	2.87e-07	9.06e-04	9.99e-01	0.00e+00	0.00e+00	0.00e+00	0.00e+00	0.00e+00	2.59e-86
 3.80368e+22	2.32e-31	4.07e-23	4.39e-17	4.21e-12	3.08e-07	9.37e-04	9.99e-01	0.00e+00	0.00e+00	0.00e+00	0.00e+00	0.00e+00	5.01e-86
 3.83133e+22	2.95e-31	4.99e-23	5.18e-17	4.78e-12	3.34e-07	9.76e-04	9.99e-01	0.00e+00	0.00e+00	0.00e+00	0.00e+00	0.00e+00	6.58e-86
 3.85898e+22	3.66e-31	5.97e-23	5.97e-17	5.33e-12	3.60e-07	1.01e-03	9.99e-01	0.00e+00	0.00e+00	0.00e+00	0.00e+00	0.00e+00	1.07e-85
 3.88166e+22	4.41e-31	6.97e-23	6.77e-17	5.86e-12	3.83e-07	1.04e-03	9.99e-01	0.00e+00	0.00e+00	0.00e+00	0.00e+00	0.00e+00	1.64e-85
 3.90616e+22	5.47e-31	8.35e-23	7.83e-17	6.55e-12	4.13e-07	1.08e-03	9.99e-01	0.00e+00	0.00e+00	0.00e+00	0.00e+00	0.00e+00	1.16e-85
 3.93275e+22	6.80e-31	1.00e-22	9.06e-17	7.32e-12	4.44e-07	1.12e-03	9.99e-01	0.00e+00	0.00e+00	0.00e+00	0.00e+00	0.00e+00	1.22e-85
 3.95727e+22	8.26e-31	1.18e-22	1.03e-16	8.08e-12	4.75e-07	1.16e-03	9.99e-01	0.00e+00	0.00e+00	0.00e+00	0.00e+00	0.00e+00	7.26e-85
 3.98435e+22	1.05e-30	1.44e-22	1.21e-16	9.14e-12	5.15e-07	1.21e-03	9.99e-01	0.00e+00	0.00e+00	0.00e+00	0.00e+00	0.00e+00	1.22e-84
 4.01161e+22	1.30e-30	1.72e-22	1.40e-16	1.02e-11	5.54e-07	1.25e-03	9.99e-01	0.00e+00	0.00e+00	0.00e+00	0.00e+00	0.00e+00	3.76e-84
 4.03423e+22	1.56e-30	2.00e-22	1.58e-16	1.12e-11	5.90e-07	1.29e-03	9.99e-01	0.00e+00	0.00e+00	0.00e+00	0.00e+00	0.00e+00	5.13e-84
 4.05876e+22	1.94e-30	2.40e-22	1.83e-16	1.25e-11	6.35e-07	1.34e-03	9.99e-01	0.00e+00	0.00e+00	0.00e+00	0.00e+00	0.00e+00	1.13e-83
 4.08521e+22	2.41e-30	2.87e-22	2.11e-16	1.39e-11	6.83e-07	1.39e-03	9.99e-01	0.00e+00	0.00e+00	0.00e+00	0.00e+00	0.00e+00	1.06e-83
 4.10938e+22	2.93e-30	3.38e-22	2.41e-16	1.53e-11	7.30e-07	1.43e-03	9.99e-01	0.00e+00	0.00e+00	0.00e+00	0.00e+00	0.00e+00	4.93e-83
 4.13603e+22	3.72e-30	4.12e-22	2.82e-16	1.73e-11	7.91e-07	1.49e-03	9.99e-01	0.00e+00	0.00e+00	0.00e+00	0.00e+00	0.00e+00	8.98e-83
 4.16279e+22	4.60e-30	4.91e-22	3.24e-16	1.92e-11	8.49e-07	1.55e-03	9.98e-01	0.00e+00	0.00e+00	0.00e+00	0.00e+00	0.00e+00	1.52e-82
 4.18497e+22	5.53e-30	5.72e-22	3.66e-16	2.10e-11	9.03e-07	1.60e-03	9.98e-01	0.00e+00	0.00e+00	0.00e+00	0.00e+00	0.00e+00	2.41e-82
 4.20910e+22	6.88e-30	6.87e-22	4.23e-16	2.34e-11	9.72e-07	1.66e-03	9.98e-01	0.00e+00	0.00e+00	0.00e+00	0.00e+00	0.00e+00	4.19e-82
 4.23495e+22	8.46e-30	8.14e-22	4.84e-16	2.59e-11	1.04e-06	1.72e-03	9.98e-01	0.00e+00	0.00e+00	0.00e+00	0.00e+00	0.00e+00	7.01e-82
 4.25911e+22	1.04e-29	9.64e-22	5.53e-16	2.86e-11	1.11e-06	1.78e-03	9.98e-01	0.00e+00	0.00e+00	0.00e+00	0.00e+00	0.00e+00	1.17e-81
 4.28289e+22	1.27e-29	1.14e-21	6.31e-16	3.16e-11	1.19e-06	1.84e-03	9.98e-01	0.00e+00	0.00e+00	0.00e+00	0.00e+00	0.00e+00	1.95e-81
 4.30567e+22	1.54e-29	1.33e-21	7.14e-16	3.46e-11	1.27e-06	1.90e-03	9.98e-01	0.00e+00	0.00e+00	0.00e+00	0.00e+00	0.00e+00	3.14e-81
 4.32756e+22	1.85e-29	1.55e-21	8.06e-16	3.79e-11	1.35e-06	1.96e-03	9.98e-01	0.00e+00	0.00e+00	0.00e+00	0.00e+00	0.00e+00	5.03e-81
 4.35274e+22	2.35e-29	1.89e-21	9.40e-16	4.24e-11	1.46e-06	2.04e-03	9.98e-01	0.00e+00	0.00e+00	0.00e+00	0.00e+00	0.00e+00	9.20e-81
 4.37841e+22	2.87e-29	2.23e-21	1.07e-15	4.67e-11	1.56e-06	2.12e-03	9.98e-01	0.00e+00	0.00e+00	0.00e+00	0.00e+00	0.00e+00	1.52e-80
 4.40471e+22	3.67e-29	2.72e-21	1.25e-15	5.23e-11	1.69e-06	2.21e-03	9.98e-01	0.00e+00	0.00e+00	0.00e+00	0.00e+00	0.00e+00	2.84e-80
 4.43148e+22	4.60e-29	3.27e-21	1.44e-15	5.80e-11	1.81e-06	2.30e-03	9.98e-01	0.00e+00	0.00e+00	0.00e+00	0.00e+00	0.00e+00	5.00e-80
 4.45322e+22	5.48e-29	3.77e-21	1.61e-15	6.30e-11	1.92e-06	2.37e-03	9.98e-01	0.00e+00	0.00e+00	0.00e+00	0.00e+00	0.00e+00	7.78e-80
 4.47583e+22	6.82e-29	4.51e-21	1.85e-15	6.96e-11	2.06e-06	2.46e-03	9.98e-01	0.00e+00	0.00e+00	0.00e+00	0.00e+00	0.00e+00	1.36e-79
 4.49949e+22	8.31e-29	5.29e-21	2.09e-15	7.59e-11	2.19e-06	2.55e-03	9.97e-01	0.00e+00	0.00e+00	0.00e+00	0.00e+00	0.00e+00	2.25e-79
 4.52101e+22	1.00e-28	6.17e-21	2.36e-15	8.26e-11	2.33e-06	2.63e-03	9.97e-01	0.00e+00	0.00e+00	0.00e+00	0.00e+00	0.00e+00	3.63e-79
 4.54551e+22	1.28e-28	7.51e-21	2.74e-15	9.18e-11	2.51e-06	2.75e-03	9.97e-01	0.00e+00	0.00e+00	0.00e+00	0.00e+00	0.00e+00	6.80e-79
 4.57025e+22	1.56e-28	8.82e-21	3.10e-15	1.00e-10	2.67e-06	2.85e-03	9.97e-01	0.00e+00	0.00e+00	0.00e+00	0.00e+00	0.00e+00	1.13e-78
 4.59124e+22	1.89e-28	1.03e-20	3.48e-15	1.09e-10	2.83e-06	2.94e-03	9.97e-01	0.00e+00	0.00e+00	0.00e+00	0.00e+00	0.00e+00	1.83e-78
 4.61127e+22	2.25e-28	1.18e-20	3.88e-15	1.18e-10	2.99e-06	3.04e-03	9.97e-01	0.00e+00	0.00e+00	0.00e+00	0.00e+00	0.00e+00	2.88e-78
 4.63412e+22	2.82e-28	1.42e-20	4.46e-15	1.29e-10	3.21e-06	3.16e-03	9.97e-01	0.00e+00	0.00e+00	0.00e+00	0.00e+00	0.00e+00	5.15e-78
 4.65764e+22	3.45e-28	1.67e-20	5.03e-15	1.41e-10	3.41e-06	3.28e-03	9.97e-01	0.00e+00	0.00e+00	0.00e+00	0.00e+00	0.00e+00	8.65e-78
 4.67828e+22	4.17e-28	1.94e-20	5.64e-15	1.52e-10	3.61e-06	3.39e-03	9.97e-01	0.00e+00	0.00e+00	0.00e+00	0.00e+00	0.00e+00	1.41e-77
 4.70135e+22	5.27e-28	2.34e-20	6.49e-15	1.67e-10	3.88e-06	3.54e-03	9.96e-01	0.00e+00	0.00e+00	0.00e+00	0.00e+00	0.00e+00	2.59e-77
 4.72501e+22	6.43e-28	2.74e-20	7.32e-15	1.82e-10	4.12e-06	3.67e-03	9.96e-01	0.00e+00	0.00e+00	0.00e+00	0.00e+00	0.00e+00	4.34e-77
 4.74546e+22	7.78e-28	3.19e-20	8.18e-15	1.96e-10	4.37e-06	3.80e-03	9.96e-01	0.00e+00	0.00e+00	0.00e+00	0.00e+00	0.00e+00	7.13e-77
 4.76497e+22	9.29e-28	3.67e-20	9.10e-15	2.11e-10	4.61e-06	3.92e-03	9.96e-01	0.00e+00	0.00e+00	0.00e+00	0.00e+00	0.00e+00	1.13e-76
 4.78723e+22	1.17e-27	4.40e-20	1.04e-14	2.31e-10	4.93e-06	4.09e-03	9.96e-01	0.00e+00	0.00e+00	0.00e+00	0.00e+00	0.00e+00	2.06e-76
 4.80989e+22	1.42e-27	5.15e-20	1.17e-14	2.49e-10	5.23e-06	4.24e-03	9.96e-01	0.00e+00	0.00e+00	0.00e+00	0.00e+00	0.00e+00	3.46e-76
 4.82951e+22	1.71e-27	5.95e-20	1.30e-14	2.67e-10	5.52e-06	4.39e-03	9.96e-01	0.00e+00	0.00e+00	0.00e+00	0.00e+00	0.00e+00	5.57e-76
 4.85146e+22	2.15e-27	7.12e-20	1.49e-14	2.92e-10	5.91e-06	4.57e-03	9.95e-01	0.00e+00	0.00e+00	0.00e+00	0.00e+00	0.00e+00	1.02e-75
 4.87346e+22	2.59e-27	8.27e-20	1.66e-14	3.14e-10	6.25e-06	4.74e-03	9.95e-01	0.00e+00	0.00e+00	0.00e+00	0.00e+00	0.00e+00	1.68e-75
 4.89235e+22	3.10e-27	9.53e-20	1.84e-14	3.36e-10	6.59e-06	4.90e-03	9.95e-01	0.00e+00	0.00e+00	0.00e+00	0.00e+00	0.00e+00	2.70e-75
 4.91374e+22	3.87e-27	1.13e-19	2.09e-14	3.65e-10	7.03e-06	5.10e-03	9.95e-01	0.00e+00	0.00e+00	0.00e+00	0.00e+00	0.00e+00	4.85e-75
 4.93611e+22	4.72e-27	1.33e-19	2.35e-14	3.94e-10	7.46e-06	5.29e-03	9.95e-01	0.00e+00	0.00e+00	0.00e+00	0.00e+00	0.00e+00	8.20e-75
 4.95587e+22	5.72e-27	1.54e-19	2.62e-14	4.22e-10	7.88e-06	5.48e-03	9.95e-01	0.00e+00	0.00e+00	0.00e+00	0.00e+00	0.00e+00	1.36e-74
 4.97458e+22	6.83e-27	1.77e-19	2.90e-14	4.52e-10	8.31e-06	5.67e-03	9.94e-01	0.00e+00	0.00e+00	0.00e+00	0.00e+00	0.00e+00	2.19e-74
 4.99579e+22	8.55e-27	2.11e-19	3.30e-14	4.91e-10	8.88e-06	5.91e-03	9.94e-01	0.00e+00	0.00e+00	0.00e+00	0.00e+00	0.00e+00	3.98e-74
 5.01776e+22	1.04e-26	2.47e-19	3.69e-14	5.27e-10	9.41e-06	6.13e-03	9.94e-01	0.00e+00	0.00e+00	0.00e+00	0.00e+00	0.00e+00	6.80e-74
 5.03730e+22	1.26e-26	2.87e-19	4.11e-14	5.64e-10	9.94e-06	6.35e-03	9.94e-01	0.00e+00	0.00e+00	0.00e+00	0.00e+00	0.00e+00	1.14e-73
 5.05625e+22	1.52e-26	3.31e-19	4.57e-14	6.04e-10	1.05e-05	6.58e-03	9.93e-01	0.00e+00	0.00e+00	0.00e+00	0.00e+00	0.00e+00	1.86e-73
 5.07785e+22	1.93e-26	3.99e-19	5.22e-14	6.57e-10	1.12e-05	6.88e-03	9.93e-01	0.00e+00	0.00e+00	0.00e+00	0.00e+00	0.00e+00	3.53e-73
 5.09990e+22	2.34e-26	4.64e-19	5.83e-14	7.04e-10	1.19e-05	7.13e-03	9.93e-01	0.00e+00	0.00e+00	0.00e+00	0.00e+00	0.00e+00	5.98e-73
 5.12255e+22	2.99e-26	5.62e-19	6.70e-14	7.69e-10	1.28e-05	7.46e-03	9.93e-01	0.00e+00	0.00e+00	0.00e+00	0.00e+00	0.00e+00	1.15e-72
 5.14587e+22	3.73e-26	6.66e-19	7.57e-14	8.30e-10	1.36e-05	7.78e-03	9.92e-01	0.00e+00	0.00e+00	0.00e+00	0.00e+00	0.00e+00	2.09e-72
 5.16538e+22	4.48e-26	7.68e-19	8.39e-14	8.84e-10	1.44e-05	8.05e-03	9.92e-01	0.00e+00	0.00e+00	0.00e+00	0.00e+00	0.00e+00	3.43e-72
 5.18606e+22	5.63e-26	9.18e-19	9.54e-14	9.58e-10	1.54e-05	8.40e-03	9.92e-01	0.00e+00	0.00e+00	0.00e+00	0.00e+00	0.00e+00	6.39e-72
 5.20696e+22	6.80e-26	1.06e-18	1.06e-13	1.02e-09	1.63e-05	8.70e-03	9.91e-01	0.00e+00	0.00e+00	0.00e+00	0.00e+00	0.00e+00	1.06e-71
 5.22817e+22	8.72e-26	1.29e-18	1.22e-13	1.11e-09	1.75e-05	9.12e-03	9.91e-01	0.00e+00	0.00e+00	0.00e+00	0.00e+00	0.00e+00	2.10e-71
 5.24750e+22	1.02e-25	1.46e-18	1.33e-13	1.17e-09	1.83e-05	9.39e-03	9.91e-01	0.00e+00	0.00e+00	0.00e+00	0.00e+00	0.00e+00	3.23e-71
 5.26438e+22	1.24e-25	1.69e-18	1.48e-13	1.25e-09	1.94e-05	9.74e-03	9.90e-01	0.00e+00	0.00e+00	0.00e+00	0.00e+00	0.00e+00	5.48e-71
 5.28070e+22	1.44e-25	1.90e-18	1.60e-13	1.31e-09	2.02e-05	1.00e-02	9.90e-01	0.00e+00	0.00e+00	0.00e+00	0.00e+00	0.00e+00	8.30e-71
 5.29378e+22	1.64e-25	2.10e-18	1.72e-13	1.37e-09	2.10e-05	1.03e-02	9.90e-01	0.00e+00	0.00e+00	0.00e+00	0.00e+00	0.00e+00	1.17e-70
 5.30831e+22	1.95e-25	2.40e-18	1.89e-13	1.45e-09	2.21e-05	1.06e-02	9.89e-01	0.00e+00	0.00e+00	0.00e+00	0.00e+00	0.00e+00	1.88e-70
 5.32332e+22	2.26e-25	2.69e-18	2.05e-13	1.52e-09	2.31e-05	1.09e-02	9.89e-01	0.00e+00	0.00e+00	0.00e+00	0.00e+00	0.00e+00	2.81e-70
 5.33686e+22	2.62e-25	3.01e-18	2.23e-13	1.60e-09	2.41e-05	1.12e-02	9.89e-01	0.00e+00	0.00e+00	0.00e+00	0.00e+00	0.00e+00	4.21e-70
 5.34975e+22	3.02e-25	3.36e-18	2.41e-13	1.67e-09	2.51e-05	1.15e-02	9.88e-01	0.00e+00	0.00e+00	0.00e+00	0.00e+00	0.00e+00	6.21e-70
 5.36176e+22	3.42e-25	3.70e-18	2.58e-13	1.75e-09	2.60e-05	1.18e-02	9.88e-01	0.00e+00	0.00e+00	0.00e+00	0.00e+00	0.00e+00	8.71e-70
 5.37523e+22	1.82e-27	4.21e-18	2.82e-13	1.84e-09	2.73e-05	1.21e-02	9.88e-01	0.00e+00	0.00e+00	0.00e+00	0.00e+00	0.00e+00	1.11e-69
 5.38908e+22	2.13e-27	4.71e-18	3.05e-13	1.93e-09	2.85e-05	1.24e-02	9.88e-01	0.00e+00	0.00e+00	0.00e+00	0.00e+00	0.00e+00	4.20e-70
 5.40141e+22	2.48e-27	5.25e-18	3.30e-13	2.02e-09	2.97e-05	1.28e-02	9.87e-01	0.00e+00	0.00e+00	0.00e+00	0.00e+00	0.00e+00	8.20e-70
 5.41314e+22	2.87e-27	5.82e-18	3.55e-13	2.11e-09	3.09e-05	1.31e-02	9.87e-01	0.00e+00	0.00e+00	0.00e+00	0.00e+00	0.00e+00	1.17e-69
 5.42431e+22	3.31e-27	6.43e-18	3.81e-13	2.20e-09	3.21e-05	1.34e-02	9.87e-01	0.00e+00	0.00e+00	0.00e+00	0.00e+00	0.00e+00	1.67e-69
 5.43707e+22	3.95e-27	7.30e-18	4.17e-13	2.32e-09	3.36e-05	1.38e-02	9.86e-01	0.00e+00	0.00e+00	0.00e+00	0.00e+00	0.00e+00	2.58e-69
 5.45020e+22	4.64e-27	8.19e-18	4.52e-13	2.43e-09	3.51e-05	1.42e-02	9.86e-01	0.00e+00	0.00e+00	0.00e+00	0.00e+00	0.00e+00	3.84e-69
 5.46155e+22	5.36e-27	9.08e-18	4.86e-13	2.53e-09	3.65e-05	1.45e-02	9.85e-01	0.00e+00	0.00e+00	0.00e+00	0.00e+00	0.00e+00	5.48e-69
 5.47406e+22	6.45e-27	1.04e-17	5.35e-13	2.68e-09	3.84e-05	1.50e-02	9.85e-01	0.00e+00	0.00e+00	0.00e+00	0.00e+00	0.00e+00	8.66e-69
 5.48690e+22	7.60e-27	1.17e-17	5.81e-13	2.81e-09	4.01e-05	1.54e-02	9.85e-01	0.00e+00	0.00e+00	0.00e+00	0.00e+00	0.00e+00	1.30e-68
 5.49815e+22	8.80e-27	1.30e-17	6.27e-13	2.94e-09	4.18e-05	1.57e-02	9.84e-01	0.00e+00	0.00e+00	0.00e+00	0.00e+00	0.00e+00	1.85e-68
 5.50894e+22	1.03e-26	1.45e-17	6.78e-13	3.08e-09	4.36e-05	1.61e-02	9.84e-01	0.00e+00	0.00e+00	0.00e+00	0.00e+00	0.00e+00	2.72e-68
 5.51920e+22	1.18e-26	1.60e-17	7.29e-13	3.21e-09	4.53e-05	1.65e-02	9.83e-01	0.00e+00	0.00e+00	0.00e+00	0.00e+00	0.00e+00	3.80e-68
 5.53058e+22	1.43e-26	1.84e-17	8.04e-13	3.40e-09	4.77e-05	1.70e-02	9.83e-01	0.00e+00	0.00e+00	0.00e+00	0.00e+00	0.00e+00	6.08e-68
 5.54201e+22	1.66e-26	2.05e-17	8.70e-13	3.56e-09	4.97e-05	1.74e-02	9.83e-01	0.00e+00	0.00e+00	0.00e+00	0.00e+00	0.00e+00	8.82e-68
 5.55351e+22	2.02e-26	2.37e-17	9.65e-13	3.79e-09	5.25e-05	1.80e-02	9.82e-01	0.00e+00	0.00e+00	0.00e+00	0.00e+00	0.00e+00	1.42e-67
 5.56516e+22	2.37e-26	2.67e-17	1.05e-12	3.98e-09	5.48e-05	1.84e-02	9.81e-01	0.00e+00	0.00e+00	0.00e+00	0.00e+00	0.00e+00	2.10e-67
 5.57702e+22	2.95e-26	3.14e-17	1.18e-12	4.26e-09	5.82e-05	1.91e-02	9.81e-01	0.00e+00	0.00e+00	0.00e+00	0.00e+00	0.00e+00	3.57e-67
 5.58865e+22	3.44e-26	3.52e-17	1.28e-12	4.49e-09	6.08e-05	1.95e-02	9.80e-01	0.00e+00	0.00e+00	0.00e+00	0.00e+00	0.00e+00	5.18e-67
 5.60001e+22	4.29e-26	4.15e-17	1.44e-12	4.82e-09	6.46e-05	2.02e-02	9.80e-01	0.00e+00	0.00e+00	0.00e+00	0.00e+00	0.00e+00	8.81e-67
 5.61134e+22	3.65e-26	4.67e-17	1.58e-12	5.08e-09	6.75e-05	2.07e-02	9.79e-01	0.00e+00	0.00e+00	0.00e+00	4.67e-17	5.25e-25	1.28e-66
 5.62264e+22	4.60e-26	5.56e-17	1.79e-12	5.49e-09	7.19e-05	2.14e-02	9.78e-01	0.00e+00	0.00e+00	0.00e+00	5.56e-17	1.88e-22	2.23e-66
 5.63394e+22	5.43e-26	6.31e-17	1.97e-12	5.82e-09	7.54e-05	2.20e-02	9.78e-01	0.00e+00	0.00e+00	0.00e+00	6.31e-17	2.13e-22	3.32e-66
 5.64523e+22	6.91e-26	7.59e-17	2.25e-12	6.32e-09	8.05e-05	2.28e-02	9.77e-01	0.00e+00	0.00e+00	0.00e+00	7.59e-17	2.56e-22	5.88e-66
 5.65637e+22	8.18e-26	8.64e-17	2.48e-12	6.71e-09	8.44e-05	2.34e-02	9.77e-01	0.00e+00	0.00e+00	0.00e+00	8.64e-17	2.92e-22	8.75e-66
 5.66732e+22	1.04e-25	1.04e-16	2.84e-12	7.31e-09	9.01e-05	2.42e-02	9.76e-01	0.00e+00	0.00e+00	0.00e+00	1.04e-16	3.50e-22	1.53e-65
 5.67814e+22	1.24e-25	1.19e-16	3.15e-12	7.80e-09	9.47e-05	2.48e-02	9.75e-01	0.00e+00	0.00e+00	0.00e+00	1.19e-16	4.02e-22	2.31e-65
 5.68880e+22	1.58e-25	1.44e-16	3.62e-12	8.53e-09	1.01e-04	2.57e-02	9.74e-01	0.00e+00	0.00e+00	0.00e+00	1.44e-16	4.85e-22	4.04e-65
 5.69963e+22	1.91e-25	1.67e-16	4.06e-12	9.17e-09	1.07e-04	2.64e-02	9.74e-01	0.00e+00	0.00e+00	0.00e+00	1.67e-16	5.64e-22	6.32e-65
 5.71069e+22	2.47e-25	2.04e-16	4.72e-12	1.01e-08	1.15e-04	2.74e-02	9.73e-01	0.00e+00	0.00e+00	0.00e+00	2.04e-16	6.90e-22	1.14e-64
 5.72195e+22	3.05e-25	2.41e-16	5.35e-12	1.10e-08	1.21e-04	2.82e-02	9.72e-01	0.00e+00	0.00e+00	0.00e+00	2.41e-16	8.13e-22	1.84e-64
 5.73347e+22	4.02e-25	3.00e-16	6.32e-12	1.22e-08	1.31e-04	2.93e-02	9.71e-01	0.00e+00	0.00e+00	0.00e+00	3.00e-16	1.01e-21	3.45e-64
 5.74502e+22	4.98e-25	3.56e-16	7.20e-12	1.33e-08	1.39e-04	3.01e-02	9.70e-01	0.00e+00	0.00e+00	0.00e+00	3.56e-16	1.20e-21	5.61e-64
 5.75661e+22	6.63e-25	4.47e-16	8.56e-12	1.49e-08	1.50e-04	3.13e-02	9.69e-01	0.00e+00	0.00e+00	0.00e+00	4.47e-16	1.51e-21	1.07e-63
 5.76797e+22	8.16e-25	5.27e-16	9.72e-12	1.62e-08	1.59e-04	3.22e-02	9.68e-01	0.00e+00	0.00e+00	0.00e+00	5.27e-16	1.78e-21	1.70e-63
 5.77903e+22	1.08e-24	6.59e-16	1.15e-11	1.82e-08	1.71e-04	3.34e-02	9.66e-01	0.00e+00	0.00e+00	0.00e+00	6.59e-16	2.22e-21	3.15e-63
 5.79010e+22	1.32e-24	7.76e-16	1.31e-11	1.98e-08	1.81e-04	3.44e-02	9.65e-01	0.00e+00	0.00e+00	0.00e+00	7.76e-16	2.62e-21	4.98e-63
 5.80117e+22	1.75e-24	9.69e-16	1.55e-11	2.22e-08	1.96e-04	3.57e-02	9.64e-01	0.00e+00	0.00e+00	0.00e+00	9.69e-16	3.27e-21	9.16e-63
 5.81245e+22	2.17e-24	1.15e-15	1.78e-11	2.43e-08	2.07e-04	3.67e-02	9.63e-01	0.00e+00	0.00e+00	0.00e+00	1.15e-15	3.89e-21	1.47e-62
 5.82400e+22	2.88e-24	1.45e-15	2.12e-11	2.74e-08	2.24e-04	3.82e-02	9.62e-01	0.00e+00	0.00e+00	0.00e+00	1.45e-15	4.89e-21	2.76e-62
 5.83575e+22	3.59e-24	1.73e-15	2.43e-11	3.01e-08	2.38e-04	3.93e-02	9.60e-01	0.00e+00	0.00e+00	0.00e+00	1.73e-15	5.83e-21	4.44e-62
 5.84775e+22	4.78e-24	2.18e-15	2.91e-11	3.40e-08	2.58e-04	4.08e-02	9.59e-01	0.00e+00	0.00e+00	0.00e+00	2.18e-15	7.35e-21	8.31e-62
 5.86009e+22	6.01e-24	2.62e-15	3.36e-11	3.75e-08	2.74e-04	4.21e-02	9.58e-01	0.00e+00	0.00e+00	0.00e+00	2.62e-15	8.83e-21	1.37e-61
 5.87284e+22	8.09e-24	3.32e-15	4.05e-11	4.25e-08	2.98e-04	4.38e-02	9.56e-01	0.00e+00	0.00e+00	0.00e+00	3.32e-15	1.12e-20	2.60e-61
 5.88536e+22	9.98e-24	3.94e-15	4.63e-11	4.66e-08	3.16e-04	4.50e-02	9.55e-01	0.00e+00	0.00e+00	0.00e+00	3.94e-15	1.33e-20	4.11e-61
 5.89757e+22	1.32e-23	4.94e-15	5.52e-11	5.26e-08	3.41e-04	4.68e-02	9.53e-01	0.00e+00	0.00e+00	0.00e+00	4.94e-15	1.67e-20	7.53e-61
 5.91006e+22	1.63e-23	5.84e-15	6.30e-11	5.77e-08	3.62e-04	4.81e-02	9.52e-01	0.00e+00	0.00e+00	0.00e+00	5.84e-15	1.97e-20	1.19e-60
 5.92290e+22	2.15e-23	7.32e-15	7.52e-11	6.51e-08	3.91e-04	4.99e-02	9.50e-01	0.00e+00	0.00e+00	0.00e+00	7.31e-15	2.47e-20	2.16e-60
 5.93617e+22	2.69e-23	8.77e-15	8.67e-11	7.19e-08	4.16e-04	5.15e-02	9.48e-01	0.00e+00	0.00e+00	0.00e+00	8.77e-15	2.96e-20	3.51e-60
 5.94818e+22	3.35e-23	1.05e-14	9.96e-11	7.92e-08	4.43e-04	5.30e-02	9.47e-01	0.00e+00	0.00e+00	0.00e+00	1.05e-14	3.54e-20	5.64e-60
 5.96195e+22	4.46e-23	1.32e-14	1.19e-10	8.97e-08	4.80e-04	5.51e-02	9.44e-01	0.00e+00	0.00e+00	0.00e+00	1.32e-14	4.45e-20	1.04e-59
 5.97578e+22	5.52e-23	1.57e-14	1.37e-10	9.87e-08	5.10e-04	5.67e-02	9.43e-01	0.00e+00	0.00e+00	0.00e+00	1.57e-14	5.29e-20	1.65e-59
 5.98970e+22	7.27e-23	1.95e-14	1.63e-10	1.11e-07	5.51e-04	5.89e-02	9.41e-01	0.00e+00	0.00e+00	0.00e+00	1.95e-14	6.60e-20	2.97e-59
 6.00395e+22	9.09e-23	2.34e-14	1.88e-10	1.23e-07	5.87e-04	6.07e-02	9.39e-01	0.00e+00	0.00e+00	0.00e+00	2.34e-14	7.89e-20	4.78e-59
 6.01617e+22	1.11e-22	2.74e-14	2.13e-10	1.34e-07	6.21e-04	6.24e-02	9.37e-01	0.00e+00	0.00e+00	0.00e+00	2.74e-14	9.26e-20	7.31e-59
 6.02958e+22	1.43e-22	3.37e-14	2.51e-10	1.51e-07	6.68e-04	6.46e-02	9.35e-01	0.00e+00	0.00e+00	0.00e+00	3.37e-14	1.14e-19	1.27e-58
 6.04310e+22	1.75e-22	3.95e-14	2.84e-10	1.65e-07	7.07e-04	6.64e-02	9.33e-01	0.00e+00	0.00e+00	0.00e+00	3.95e-14	1.33e-19	1.92e-58
 6.05677e+22	2.27e-22	4.87e-14	3.36e-10	1.85e-07	7.61e-04	6.88e-02	9.30e-01	0.00e+00	0.00e+00	0.00e+00	4.87e-14	1.65e-19	3.35e-58
 6.07057e+22	2.74e-22	5.67e-14	3.78e-10	2.01e-07	8.04e-04	7.06e-02	9.29e-01	0.00e+00	0.00e+00	0.00e+00	5.67e-14	1.91e-19	5.01e-58
 6.08452e+22	3.56e-22	6.98e-14	4.46e-10	2.26e-07	8.66e-04	7.31e-02	9.26e-01	0.00e+00	0.00e+00	0.00e+00	6.98e-14	2.36e-19	8.68e-58
 6.09872e+22	4.31e-22	8.15e-14	5.05e-10	2.47e-07	9.15e-04	7.51e-02	9.24e-01	0.00e+00	0.00e+00	0.00e+00	8.15e-14	2.75e-19	1.31e-57
 6.11323e+22	5.61e-22	1.01e-13	5.97e-10	2.78e-07	9.87e-04	7.78e-02	9.21e-01	0.00e+00	0.00e+00	0.00e+00	1.01e-13	3.40e-19	2.28e-57
 6.12740e+22	6.70e-22	1.16e-13	6.68e-10	3.01e-07	1.04e-03	7.97e-02	9.19e-01	0.00e+00	0.00e+00	0.00e+00	1.16e-13	3.91e-19	3.31e-57
 6.14113e+22	8.56e-22	1.41e-13	7.80e-10	3.36e-07	1.11e-03	8.24e-02	9.16e-01	0.00e+00	0.00e+00	0.00e+00	1.41e-13	4.76e-19	5.53e-57
 6.15512e+22	1.03e-21	1.63e-13	8.75e-10	3.64e-07	1.18e-03	8.45e-02	9.14e-01	0.00e+00	0.00e+00	0.00e+00	1.63e-13	5.50e-19	8.11e-57
 6.16945e+22	1.31e-21	1.98e-13	1.02e-09	4.07e-07	1.26e-03	8.74e-02	9.11e-01	0.00e+00	0.00e+00	0.00e+00	1.98e-13	6.69e-19	1.36e-56
 6.18403e+22	1.58e-21	2.29e-13	1.15e-09	4.43e-07	1.33e-03	8.97e-02	9.09e-01	0.00e+00	0.00e+00	0.00e+00	2.29e-13	7.75e-19	2.01e-56
 6.19896e+22	2.03e-21	2.80e-13	1.35e-09	4.96e-07	1.43e-03	9.28e-02	9.06e-01	0.00e+00	0.00e+00	0.00e+00	2.80e-13	9.46e-19	3.38e-56
 6.21414e+22	2.45e-21	3.25e-13	1.52e-09	5.40e-07	1.51e-03	9.52e-02	9.03e-01	0.00e+00	0.00e+00	0.00e+00	3.25e-13	1.10e-18	5.03e-56
 6.22968e+22	3.15e-21	3.97e-13	1.78e-09	6.05e-07	1.63e-03	9.85e-02	9.00e-01	0.00e+00	0.00e+00	0.00e+00	3.97e-13	1.34e-18	8.52e-56
 6.24552e+22	3.83e-21	4.62e-13	2.02e-09	6.61e-07	1.72e-03	1.01e-01	8.97e-01	0.00e+00	0.00e+00	0.00e+00	4.62e-13	1.56e-18	1.28e-55
 6.26178e+22	4.93e-21	5.64e-13	2.36e-09	7.41e-07	1.85e-03	1.05e-01	8.93e-01	0.00e+00	0.00e+00	0.00e+00	5.64e-13	1.91e-18	2.16e-55
 6.27849e+22	6.05e-21	6.63e-13	2.69e-09	8.13e-07	1.97e-03	1.08e-01	8.90e-01	0.00e+00	0.00e+00	0.00e+00	6.63e-13	2.24e-18	3.31e-55
 6.29580e+22	7.84e-21	8.14e-13	3.17e-09	9.15e-07	2.12e-03	1.12e-01	8.86e-01	0.00e+00	0.00e+00	0.00e+00	8.14e-13	2.75e-18	5.68e-55
 6.31360e+22	9.70e-21	9.63e-13	3.63e-09	1.01e-06	2.26e-03	1.15e-01	8.83e-01	0.00e+00	0.00e+00	0.00e+00	9.63e-13	3.26e-18	8.84e-55
 6.32890e+22	1.17e-20	1.11e-12	4.07e-09	1.10e-06	2.38e-03	1.18e-01	8.80e-01	0.00e+00	0.00e+00	0.00e+00	1.11e-12	3.76e-18	1.30e-54
 6.34568e+22	1.50e-20	1.36e-12	4.78e-09	1.23e-06	2.56e-03	1.22e-01	8.76e-01	0.00e+00	0.00e+00	0.00e+00	1.36e-12	4.59e-18	2.19e-54
 6.36273e+22	1.82e-20	1.57e-12	5.39e-09	1.34e-06	2.71e-03	1.25e-01	8.72e-01	0.00e+00	0.00e+00	0.00e+00	1.57e-12	5.33e-18	3.26e-54
 6.38013e+22	2.30e-20	1.89e-12	6.25e-09	1.49e-06	2.90e-03	1.29e-01	8.68e-01	0.00e+00	0.00e+00	0.00e+00	1.89e-12	6.42e-18	5.34e-54
 6.39854e+22	2.88e-20	2.25e-12	7.18e-09	1.65e-06	3.10e-03	1.33e-01	8.64e-01	0.00e+00	0.00e+00	0.00e+00	2.25e-12	7.63e-18	8.43e-54
 6.41549e+22	3.53e-20	2.65e-12	8.17e-09	1.81e-06	3.29e-03	1.37e-01	8.60e-01	0.00e+00	0.00e+00	0.00e+00	2.65e-12	8.96e-18	1.29e-53
 6.43476e+22	4.60e-20	3.24e-12	9.62e-09	2.04e-06	3.55e-03	1.41e-01	8.55e-01	0.00e+00	0.00e+00	0.00e+00	3.24e-12	1.10e-17	2.22e-53
 6.45504e+22	5.80e-20	3.88e-12	1.11e-08	2.27e-06	3.79e-03	1.46e-01	8.50e-01	0.00e+00	0.00e+00	0.00e+00	3.88e-12	1.32e-17	3.58e-53
 6.47297e+22	7.12e-20	4.55e-12	1.26e-08	2.49e-06	4.03e-03	1.50e-01	8.46e-01	0.00e+00	0.00e+00	0.00e+00	4.55e-12	1.54e-17	5.47e-53
 6.49261e+22	9.21e-20	5.56e-12	1.48e-08	2.80e-06	4.34e-03	1.55e-01	8.41e-01	0.00e+00	0.00e+00	0.00e+00	5.56e-12	1.88e-17	9.29e-53
 6.51276e+22	1.15e-19	6.60e-12	1.71e-08	3.10e-06	4.63e-03	1.60e-01	8.36e-01	0.00e+00	0.00e+00	0.00e+00	6.60e-12	2.24e-17	1.47e-52
 6.53060e+22	1.42e-19	7.77e-12	1.94e-08	3.40e-06	4.92e-03	1.64e-01	8.31e-01	0.00e+00	0.00e+00	0.00e+00	7.77e-12	2.63e-17	2.25e-52
 6.55085e+22	1.84e-19	9.49e-12	2.29e-08	3.83e-06	5.30e-03	1.70e-01	8.25e-01	0.00e+00	0.00e+00	0.00e+00	9.49e-12	3.22e-17	3.85e-52
 6.57175e+22	2.32e-19	1.14e-11	2.64e-08	4.25e-06	5.66e-03	1.75e-01	8.20e-01	0.00e+00	0.00e+00	0.00e+00	1.14e-11	3.85e-17	6.16e-52
 6.59033e+22	2.87e-19	1.34e-11	3.01e-08	4.68e-06	6.02e-03	1.80e-01	8.14e-01	0.00e+00	0.00e+00	0.00e+00	1.34e-11	4.54e-17	9.48e-52
 6.61133e+22	3.79e-19	1.66e-11	3.58e-08	5.31e-06	6.52e-03	1.86e-01	8.07e-01	0.00e+00	0.00e+00	0.00e+00	1.66e-11	5.63e-17	1.67e-51
 6.63283e+22	4.80e-19	1.99e-11	4.16e-08	5.91e-06	6.98e-03	1.92e-01	8.01e-01	0.00e+00	0.00e+00	0.00e+00	1.99e-11	6.77e-17	2.69e-51
 6.65208e+22	5.97e-19	2.36e-11	4.76e-08	6.52e-06	7.43e-03	1.97e-01	7.96e-01	0.00e+00	0.00e+00	0.00e+00	2.36e-11	8.01e-17	4.20e-51
 6.67421e+22	8.07e-19	2.98e-11	5.75e-08	7.49e-06	8.11e-03	2.05e-01	7.87e-01	0.00e+00	0.00e+00	0.00e+00	2.98e-11	1.01e-16	7.70e-51
 6.69649e+22	1.01e-18	3.55e-11	6.62e-08	8.29e-06	8.65e-03	2.11e-01	7.81e-01	0.00e+00	0.00e+00	0.00e+00	3.55e-11	1.21e-16	1.21e-50
 6.71897e+22	1.37e-18	4.51e-11	8.04e-08	9.55e-06	9.45e-03	2.19e-01	7.72e-01	0.00e+00	0.00e+00	0.00e+00	4.51e-11	1.53e-16	2.24e-50
 6.74172e+22	1.73e-18	5.41e-11	9.32e-08	1.06e-05	1.01e-02	2.25e-01	7.65e-01	0.00e+00	0.00e+00	0.00e+00	5.41e-11	1.84e-16	3.59e-50
 6.76479e+22	2.37e-18	6.92e-11	1.14e-07	1.23e-05	1.11e-02	2.34e-01	7.55e-01	0.00e+00	0.00e+00	0.00e+00	6.92e-11	2.36e-16	6.71e-50
 6.78820e+22	3.01e-18	8.33e-11	1.32e-07	1.37e-05	1.19e-02	2.41e-01	7.47e-01	0.00e+00	0.00e+00	0.00e+00	8.33e-11	2.84e-16	1.08e-49
 6.80787e+22	3.77e-18	9.96e-11	1.53e-07	1.52e-05	1.27e-02	2.48e-01	7.40e-01	0.00e+00	0.00e+00	0.00e+00	9.96e-11	3.40e-16	1.69e-49
 6.82641e+22	4.68e-18	1.18e-10	1.76e-07	1.68e-05	1.35e-02	2.54e-01	7.32e-01	0.00e+00	0.00e+00	0.00e+00	1.18e-10	4.02e-16	2.60e-49
 6.84765e+22	6.28e-18	1.49e-10	2.13e-07	1.94e-05	1.47e-02	2.63e-01	7.22e-01	0.00e+00	0.00e+00	0.00e+00	1.49e-10	5.09e-16	4.62e-49
 6.86892e+22	7.77e-18	1.76e-10	2.44e-07	2.14e-05	1.56e-02	2.70e-01	7.14e-01	0.00e+00	0.00e+00	0.00e+00	1.76e-10	6.02e-16	7.06e-49
 6.89022e+22	1.04e-17	2.23e-10	2.95e-07	2.46e-05	1.70e-02	2.80e-01	7.03e-01	0.00e+00	0.00e+00	0.00e+00	2.23e-10	7.61e-16	1.25e-48
 6.91193e+22	1.31e-17	2.67e-10	3.43e-07	2.74e-05	1.82e-02	2.87e-01	6.94e-01	0.00e+00	0.00e+00	0.00e+00	2.67e-10	9.15e-16	1.95e-48
 6.93417e+22	1.77e-17	3.40e-10	4.18e-07	3.17e-05	1.99e-02	2.98e-01	6.82e-01	0.00e+00	0.00e+00	0.00e+00	3.40e-10	1.16e-15	3.48e-48
 6.95696e+22	2.26e-17	4.13e-10	4.91e-07	3.56e-05	2.14e-02	3.06e-01	6.72e-01	0.00e+00	0.00e+00	0.00e+00	4.13e-10	1.41e-15	5.57e-48
 6.98044e+22	3.10e-17	5.32e-10	6.05e-07	4.15e-05	2.35e-02	3.18e-01	6.59e-01	0.00e+00	0.00e+00	0.00e+00	5.32e-10	1.82e-15	1.02e-47
 7.00438e+22	3.99e-17	6.51e-10	7.16e-07	4.70e-05	2.53e-02	3.27e-01	6.48e-01	0.00e+00	0.00e+00	0.00e+00	6.51e-10	2.23e-15	1.64e-47
 7.02864e+22	5.50e-17	8.43e-10	8.88e-07	5.50e-05	2.79e-02	3.39e-01	6.33e-01	5.50e-17	6.49e-22	1.55e-22	8.43e-10	2.89e-15	3.00e-47
 7.05309e+22	7.08e-17	1.03e-09	1.05e-06	6.24e-05	3.01e-02	3.49e-01	6.21e-01	7.07e-17	5.54e-20	8.43e-21	1.03e-09	3.55e-15	4.81e-47
 7.07713e+22	9.63e-17	1.32e-09	1.30e-06	7.28e-05	3.30e-02	3.61e-01	6.06e-01	9.62e-17	7.54e-20	1.15e-20	1.32e-09	4.56e-15	8.48e-47
 7.10141e+22	1.24e-16	1.63e-09	1.54e-06	8.27e-05	3.56e-02	3.71e-01	5.94e-01	1.24e-16	9.73e-20	1.48e-20	1.63e-09	5.60e-15	1.35e-46
 7.12328e+22	1.59e-16	1.98e-09	1.83e-06	9.38e-05	3.84e-02	3.80e-01	5.81e-01	1.59e-16	1.25e-19	1.90e-20	1.98e-09	6.84e-15	2.11e-46
 7.14406e+22	1.99e-16	2.38e-09	2.13e-06	1.05e-04	4.11e-02	3.90e-01	5.69e-01	1.99e-16	1.56e-19	2.38e-20	2.38e-09	8.20e-15	3.17e-46
 7.16652e+22	2.64e-16	2.97e-09	2.58e-06	1.21e-04	4.48e-02	4.01e-01	5.54e-01	2.64e-16	2.07e-19	3.15e-20	2.97e-09	1.03e-14	5.21e-46
 7.18874e+22	3.28e-16	3.53e-09	2.99e-06	1.35e-04	4.78e-02	4.10e-01	5.43e-01	3.27e-16	2.57e-19	3.92e-20	3.53e-09	1.22e-14	7.62e-46
 7.21104e+22	4.32e-16	4.40e-09	3.61e-06	1.56e-04	5.19e-02	4.21e-01	5.27e-01	4.32e-16	3.39e-19	5.17e-20	4.40e-09	1.52e-14	1.23e-45
 7.23332e+22	5.34e-16	5.19e-09	4.17e-06	1.74e-04	5.53e-02	4.29e-01	5.15e-01	5.33e-16	4.19e-19	6.39e-20	5.19e-09	1.80e-14	1.77e-45
 7.25573e+22	7.02e-16	6.43e-09	5.03e-06	2.00e-04	6.00e-02	4.40e-01	5.00e-01	7.02e-16	5.52e-19	8.42e-20	6.43e-09	2.23e-14	2.80e-45
 7.27814e+22	8.64e-16	7.54e-09	5.78e-06	2.22e-04	6.38e-02	4.48e-01	4.88e-01	8.63e-16	6.79e-19	1.04e-19	7.54e-09	2.62e-14	3.96e-45
 7.30056e+22	1.13e-15	9.26e-09	6.92e-06	2.55e-04	6.90e-02	4.58e-01	4.72e-01	1.13e-15	8.90e-19	1.36e-19	9.26e-09	3.23e-14	6.14e-45
 7.32307e+22	1.39e-15	1.08e-08	7.94e-06	2.83e-04	7.32e-02	4.66e-01	4.60e-01	1.39e-15	1.09e-18	1.67e-19	1.08e-08	3.77e-14	8.59e-45
 7.34570e+22	1.82e-15	1.32e-08	9.47e-06	3.24e-04	7.91e-02	4.76e-01	4.45e-01	1.82e-15	1.43e-18	2.19e-19	1.32e-08	4.61e-14	1.31e-44
 7.36848e+22	2.24e-15	1.54e-08	1.08e-05	3.58e-04	8.38e-02	4.83e-01	4.33e-01	2.24e-15	1.76e-18	2.70e-19	1.54e-08	5.38e-14	1.82e-44
 7.39145e+22	2.93e-15	1.87e-08	1.29e-05	4.09e-04	9.02e-02	4.92e-01	4.17e-01	2.93e-15	2.31e-18	3.54e-19	1.87e-08	6.54e-14	2.75e-44
 7.41470e+22	3.63e-15	2.17e-08	1.47e-05	4.53e-04	9.55e-02	4.99e-01	4.05e-01	3.63e-15	2.87e-18	4.38e-19	2.17e-08	7.61e-14	3.79e-44
 7.43828e+22	4.80e-15	2.62e-08	1.75e-05	5.17e-04	1.03e-01	5.07e-01	3.89e-01	4.79e-15	3.79e-18	5.80e-19	2.62e-08	9.23e-14	5.69e-44
 7.46223e+22	6.00e-15	3.04e-08	2.00e-05	5.72e-04	1.09e-01	5.13e-01	3.77e-01	6.00e-15	4.74e-18	7.26e-19	3.04e-08	1.07e-13	7.86e-44
 7.48665e+22	8.06e-15	3.68e-08	2.38e-05	6.54e-04	1.17e-01	5.21e-01	3.61e-01	8.05e-15	6.38e-18	9.77e-19	3.68e-08	1.30e-13	1.18e-43
 7.51156e+22	1.02e-14	4.26e-08	2.71e-05	7.24e-04	1.24e-01	5.26e-01	3.49e-01	1.02e-14	8.11e-18	1.24e-18	4.26e-08	1.51e-13	1.64e-43
 7.53708e+22	1.41e-14	5.16e-08	3.23e-05	8.28e-04	1.33e-01	5.33e-01	3.33e-01	1.41e-14	1.12e-17	1.72e-18	5.16e-08	1.83e-13	2.46e-43
 7.56293e+22	1.83e-14	5.97e-08	3.69e-05	9.16e-04	1.40e-01	5.37e-01	3.21e-01	1.83e-14	1.46e-17	2.23e-18	5.97e-08	2.12e-13	3.43e-43
 7.58920e+22	2.61e-14	7.19e-08	4.38e-05	1.05e-03	1.51e-01	5.43e-01	3.06e-01	2.61e-14	2.08e-17	3.19e-18	7.19e-08	2.57e-13	5.18e-43
 7.61441e+22	3.40e-14	8.17e-08	4.91e-05	1.14e-03	1.58e-01	5.46e-01	2.95e-01	3.40e-14	2.70e-17	4.15e-18	8.17e-08	2.92e-13	6.98e-43
 7.63487e+22	4.44e-14	9.23e-08	5.50e-05	1.25e-03	1.65e-01	5.49e-01	2.85e-01	4.43e-14	3.53e-17	5.43e-18	9.23e-08	3.31e-13	9.27e-43
 7.65807e+22	6.41e-14	1.08e-07	6.35e-05	1.39e-03	1.75e-01	5.52e-01	2.72e-01	6.41e-14	5.11e-17	7.86e-18	1.08e-07	3.88e-13	1.34e-42
 7.68105e+22	8.71e-14	1.21e-07	7.06e-05	1.51e-03	1.82e-01	5.53e-01	2.63e-01	8.70e-14	6.95e-17	1.07e-17	1.21e-07	4.37e-13	1.78e-42
 7.70375e+22	1.31e-13	1.40e-07	8.11e-05	1.68e-03	1.93e-01	5.55e-01	2.51e-01	1.31e-13	1.05e-16	1.61e-17	1.40e-07	5.08e-13	2.57e-42
 7.72664e+22	1.88e-13	1.57e-07	8.99e-05	1.82e-03	2.00e-01	5.56e-01	2.42e-01	1.88e-13	1.50e-16	2.32e-17	1.57e-07	5.70e-13	3.52e-42
 7.74976e+22	2.92e-13	1.82e-07	1.03e-04	2.03e-03	2.11e-01	5.57e-01	2.30e-01	2.92e-13	2.34e-16	3.61e-17	1.82e-07	6.62e-13	5.22e-42
 7.77318e+22	4.21e-13	2.04e-07	1.14e-04	2.19e-03	2.20e-01	5.57e-01	2.21e-01	4.21e-13	3.37e-16	5.21e-17	2.04e-07	7.43e-13	7.32e-42
 7.79697e+22	6.29e-13	2.35e-07	1.31e-04	2.44e-03	2.31e-01	5.56e-01	2.10e-01	6.28e-13	5.05e-16	7.80e-17	2.35e-07	8.62e-13	1.10e-41
 7.82112e+22	8.49e-13	2.64e-07	1.45e-04	2.64e-03	2.41e-01	5.55e-01	2.01e-01	8.48e-13	6.82e-16	1.05e-16	2.64e-07	9.69e-13	1.54e-41
 7.84571e+22	1.18e-12	3.04e-07	1.66e-04	2.93e-03	2.53e-01	5.54e-01	1.90e-01	1.18e-12	9.49e-16	1.47e-16	3.04e-07	1.12e-12	2.30e-41
 7.87073e+22	1.50e-12	3.41e-07	1.85e-04	3.18e-03	2.63e-01	5.52e-01	1.82e-01	1.50e-12	1.21e-15	1.87e-16	3.41e-07	1.27e-12	3.19e-41
 7.89630e+22	1.98e-12	3.95e-07	2.12e-04	3.54e-03	2.76e-01	5.49e-01	1.71e-01	1.98e-12	1.60e-15	2.48e-16	3.95e-07	1.47e-12	4.69e-41
 7.92240e+22	2.45e-12	4.44e-07	2.36e-04	3.83e-03	2.87e-01	5.46e-01	1.63e-01	2.45e-12	1.98e-15	3.07e-16	4.44e-07	1.66e-12	6.53e-41
 7.94919e+22	3.13e-12	5.13e-07	2.71e-04	4.27e-03	3.01e-01	5.41e-01	1.53e-01	3.12e-12	2.54e-15	3.94e-16	5.13e-07	1.93e-12	9.52e-41
 7.97617e+22	3.76e-12	5.76e-07	3.01e-04	4.63e-03	3.12e-01	5.37e-01	1.45e-01	3.76e-12	3.05e-15	4.75e-16	5.76e-07	2.18e-12	1.31e-40
 8.00339e+22	4.69e-12	6.65e-07	3.45e-04	5.15e-03	3.27e-01	5.31e-01	1.36e-01	4.68e-12	3.82e-15	5.94e-16	6.65e-07	2.53e-12	1.91e-40
 8.03096e+22	5.56e-12	7.46e-07	3.83e-04	5.57e-03	3.39e-01	5.26e-01	1.29e-01	5.55e-12	4.54e-15	7.07e-16	7.46e-07	2.85e-12	2.62e-40
 8.05901e+22	6.82e-12	8.61e-07	4.39e-04	6.19e-03	3.55e-01	5.19e-01	1.20e-01	6.81e-12	5.58e-15	8.70e-16	8.61e-07	3.31e-12	3.82e-40
 8.08623e+22	7.90e-12	9.58e-07	4.83e-04	6.65e-03	3.65e-01	5.14e-01	1.14e-01	7.89e-12	6.47e-15	1.01e-15	9.58e-07	3.70e-12	5.14e-40
 8.11239e+22	9.40e-12	1.09e-06	5.46e-04	7.32e-03	3.80e-01	5.06e-01	1.06e-01	9.39e-12	7.72e-15	1.21e-15	1.09e-06	4.24e-12	7.21e-40
 8.13941e+22	1.09e-11	1.22e-06	6.03e-04	7.89e-03	3.92e-01	4.99e-01	1.00e-01	1.09e-11	8.97e-15	1.40e-15	1.22e-06	4.76e-12	9.82e-40
 8.16253e+22	1.24e-11	1.34e-06	6.58e-04	8.42e-03	4.03e-01	4.93e-01	9.54e-02	1.24e-11	1.02e-14	1.60e-15	1.34e-06	5.27e-12	1.29e-39
 8.18754e+22	1.44e-11	1.51e-06	7.38e-04	9.20e-03	4.17e-01	4.84e-01	8.89e-02	1.44e-11	1.19e-14	1.87e-15	1.51e-06	5.97e-12	1.78e-39
 8.21233e+22	1.62e-11	1.65e-06	8.03e-04	9.81e-03	4.27e-01	4.78e-01	8.44e-02	1.61e-11	1.34e-14	2.10e-15	1.65e-06	6.59e-12	2.31e-39
 8.23682e+22	1.87e-11	1.85e-06	8.91e-04	1.06e-02	4.40e-01	4.69e-01	7.91e-02	1.87e-11	1.56e-14	2.45e-15	1.85e-06	7.45e-12	3.22e-39
 8.26251e+22	2.11e-11	2.05e-06	9.78e-04	1.14e-02	4.52e-01	4.61e-01	7.43e-02	2.11e-11	1.76e-14	2.78e-15	2.05e-06	8.28e-12	4.24e-39
 8.28552e+22	2.38e-11	2.25e-06	1.07e-03	1.21e-02	4.63e-01	4.53e-01	7.03e-02	2.38e-11	1.99e-14	3.14e-15	2.25e-06	9.16e-12	5.59e-39
 8.31120e+22	2.75e-11	2.53e-06	1.18e-03	1.31e-02	4.76e-01	4.44e-01	6.55e-02	2.75e-11	2.31e-14	3.65e-15	2.53e-06	1.04e-11	7.93e-39
 8.33833e+22	3.13e-11	2.81e-06	1.30e-03	1.41e-02	4.89e-01	4.35e-01	6.13e-02	3.13e-11	2.63e-14	4.17e-15	2.81e-06	1.16e-11	1.08e-38
 8.36305e+22	3.52e-11	3.10e-06	1.42e-03	1.51e-02	5.00e-01	4.26e-01	5.76e-02	3.51e-11	2.97e-14	4.71e-15	3.10e-06	1.29e-11	1.45e-38
 8.39089e+22	4.11e-11	3.51e-06	1.59e-03	1.64e-02	5.14e-01	4.15e-01	5.31e-02	4.10e-11	3.48e-14	5.53e-15	3.51e-06	1.48e-11	2.12e-38
 8.41941e+22	4.64e-11	3.90e-06	1.75e-03	1.76e-02	5.26e-01	4.05e-01	4.96e-02	4.63e-11	3.95e-14	6.28e-15	3.90e-06	1.66e-11	2.90e-38
 8.44491e+22	5.23e-11	4.31e-06	1.91e-03	1.88e-02	5.37e-01	3.96e-01	4.64e-02	5.22e-11	4.46e-14	7.11e-15	4.31e-06	1.85e-11	3.97e-38
 8.47418e+22	6.12e-11	4.90e-06	2.14e-03	2.04e-02	5.51e-01	3.84e-01	4.25e-02	6.11e-11	5.25e-14	8.38e-15	4.90e-06	2.13e-11	5.95e-38
