#depth	Si	Si+	Si+2	Si+3	Si+4	Si+5	Si+6	Si+7	Si+8	Si+9	Si+10	Si+11	Si+12	Si+13	Si+14
 4.62852e+21	0.00e+00	0.00e+00	0.00e+00	0.00e+00	0.00e+00	0.00e+00	0.00e+00	8.95e-27	2.78e-22	3.68e-18	2.69e-14	1.62e-10	2.11e-06	2.66e-03	9.97e-01
 1.05212e+22	0.00e+00	0.00e+00	0.00e+00	0.00e+00	0.00e+00	0.00e+00	2.06e-30	1.11e-25	2.39e-21	2.25e-17	1.14e-13	4.80e-10	4.34e-06	3.82e-03	9.96e-01
 1.26196e+22	0.00e+00	0.00e+00	0.00e+00	0.00e+00	0.00e+00	0.00e+00	1.37e-29	5.82e-25	9.90e-21	7.33e-17	2.95e-13	9.77e-10	6.97e-06	4.83e-03	9.95e-01
 1.41210e+22	0.00e+00	0.00e+00	0.00e+00	0.00e+00	0.00e+00	0.00e+00	6.24e-29	2.19e-24	3.07e-20	1.88e-16	6.27e-13	1.72e-09	1.02e-05	5.83e-03	9.94e-01
 1.50870e+22	0.00e+00	0.00e+00	0.00e+00	0.00e+00	0.00e+00	0.00e+00	1.21e-28	3.89e-24	5.04e-20	2.84e-16	8.71e-13	2.20e-09	1.20e-05	6.33e-03	9.94e-01
 1.56273e+22	0.00e+00	0.00e+00	0.00e+00	0.00e+00	0.00e+00	0.00e+00	2.08e-28	6.27e-24	7.58e-20	3.99e-16	1.14e-12	2.70e-09	1.37e-05	6.78e-03	9.93e-01
 1.61073e+22	0.00e+00	0.00e+00	0.00e+00	0.00e+00	0.00e+00	0.00e+00	3.56e-28	1.00e-23	1.13e-19	5.57e-16	1.49e-12	3.30e-09	1.57e-05	7.24e-03	9.93e-01
 1.66555e+22	0.00e+00	0.00e+00	0.00e+00	0.00e+00	0.00e+00	0.00e+00	7.31e-28	1.88e-23	1.94e-19	8.73e-16	2.14e-12	4.32e-09	1.88e-05	7.92e-03	9.92e-01
 1.71936e+22	0.00e+00	0.00e+00	0.00e+00	0.00e+00	0.00e+00	1.56e-32	1.18e-27	2.85e-23	2.79e-19	1.18e-15	2.72e-12	5.17e-09	2.12e-05	8.41e-03	9.92e-01
 1.77187e+22	0.00e+00	0.00e+00	0.00e+00	0.00e+00	0.00e+00	3.27e-32	2.27e-27	5.07e-23	4.56e-19	1.78e-15	3.78e-12	6.61e-09	2.49e-05	9.12e-03	9.91e-01
 1.82559e+22	0.00e+00	0.00e+00	0.00e+00	0.00e+00	0.00e+00	6.13e-32	3.97e-27	8.26e-23	6.93e-19	2.52e-15	4.99e-12	8.15e-09	2.86e-05	9.78e-03	9.90e-01
 1.87328e+22	0.00e+00	0.00e+00	0.00e+00	0.00e+00	0.00e+00	1.12e-31	6.77e-27	1.32e-22	1.03e-18	3.51e-15	6.51e-12	9.94e-09	3.27e-05	1.04e-02	9.90e-01
 1.92765e+22	0.00e+00	0.00e+00	0.00e+00	0.00e+00	0.00e+00	2.49e-31	1.38e-26	2.45e-22	1.76e-18	5.46e-15	9.28e-12	1.30e-08	3.90e-05	1.14e-02	9.89e-01
 1.98136e+22	0.00e+00	0.00e+00	0.00e+00	0.00e+00	0.00e+00	4.29e-31	2.24e-26	3.74e-22	2.52e-18	7.38e-15	1.18e-11	1.55e-08	4.40e-05	1.21e-02	9.88e-01
 2.03422e+22	0.00e+00	0.00e+00	0.00e+00	0.00e+00	0.00e+00	9.43e-31	4.50e-26	6.89e-22	4.26e-18	1.14e-14	1.67e-11	2.02e-08	5.23e-05	1.32e-02	9.87e-01
 2.08671e+22	0.00e+00	0.00e+00	0.00e+00	0.00e+00	0.00e+00	1.62e-30	7.27e-26	1.05e-21	6.09e-18	1.54e-14	2.12e-11	2.41e-08	5.89e-05	1.40e-02	9.86e-01
 2.13871e+22	0.00e+00	0.00e+00	0.00e+00	0.00e+00	0.00e+00	3.34e-30	1.38e-25	1.84e-21	9.85e-18	2.29e-14	2.92e-11	3.06e-08	6.92e-05	1.52e-02	9.85e-01
 2.18739e+22	0.00e+00	0.00e+00	0.00e+00	0.00e+00	0.00e+00	5.61e-30	2.20e-25	2.75e-21	1.39e-17	3.05e-14	3.68e-11	3.64e-08	7.76e-05	1.60e-02	9.84e-01
 2.22527e+22	0.00e+00	0.00e+00	0.00e+00	0.00e+00	0.00e+00	8.96e-30	3.33e-25	3.96e-21	1.90e-17	3.95e-14	4.52e-11	4.25e-08	8.60e-05	1.69e-02	9.83e-01
 2.26800e+22	0.00e+00	0.00e+00	0.00e+00	0.00e+00	0.00e+00	1.62e-29	5.63e-25	6.26e-21	2.81e-17	5.48e-14	5.87e-11	5.16e-08	9.79e-05	1.80e-02	9.82e-01
 2.31209e+22	0.00e+00	0.00e+00	0.00e+00	0.00e+00	0.00e+00	2.67e-29	8.78e-25	9.24e-21	3.92e-17	7.23e-14	7.33e-11	6.10e-08	1.09e-04	1.90e-02	9.81e-01
 2.35794e+22	0.00e+00	0.00e+00	0.00e+00	0.00e+00	0.00e+00	5.05e-29	1.55e-24	1.51e-20	5.98e-17	1.03e-13	9.70e-11	7.52e-08	1.26e-04	2.04e-02	9.79e-01
 2.40408e+22	0.00e+00	0.00e+00	0.00e+00	0.00e+00	0.00e+00	8.56e-29	2.47e-24	2.28e-20	8.48e-17	1.37e-13	1.22e-10	8.95e-08	1.41e-04	2.16e-02	9.78e-01
 2.44323e+22	0.00e+00	0.00e+00	0.00e+00	0.00e+00	0.00e+00	1.37e-28	3.75e-24	3.29e-20	1.16e-16	1.78e-13	1.51e-10	1.05e-07	1.57e-04	2.27e-02	9.77e-01
 2.48676e+22	0.00e+00	0.00e+00	0.00e+00	0.00e+00	2.97e-33	2.50e-28	6.40e-24	5.24e-20	1.73e-16	2.48e-13	1.96e-10	1.28e-07	1.79e-04	2.43e-02	9.76e-01
 2.53184e+22	0.00e+00	0.00e+00	0.00e+00	0.00e+00	5.22e-33	4.16e-28	1.00e-23	7.79e-20	2.42e-16	3.29e-13	2.46e-10	1.51e-07	2.00e-04	2.56e-02	9.74e-01
 2.57894e+22	0.00e+00	0.00e+00	0.00e+00	0.00e+00	1.08e-32	7.99e-28	1.79e-23	1.29e-19	3.73e-16	4.70e-13	3.28e-10	1.87e-07	2.31e-04	2.75e-02	9.72e-01
 2.62189e+22	0.00e+00	0.00e+00	0.00e+00	0.00e+00	1.77e-32	1.24e-27	2.66e-23	1.82e-19	5.01e-16	6.00e-13	3.99e-10	2.17e-07	2.54e-04	2.89e-02	9.71e-01
 2.65383e+22	0.00e+00	0.00e+00	0.00e+00	0.00e+00	2.76e-32	1.86e-27	3.79e-23	2.48e-19	6.53e-16	7.49e-13	4.75e-10	2.47e-07	2.77e-04	3.01e-02	9.70e-01
 2.68973e+22	0.00e+00	0.00e+00	0.00e+00	0.00e+00	4.67e-32	2.98e-27	5.77e-23	3.58e-19	8.93e-16	9.71e-13	5.85e-10	2.89e-07	3.08e-04	3.17e-02	9.68e-01
 2.72850e+22	0.00e+00	0.00e+00	0.00e+00	0.00e+00	7.76e-32	4.71e-27	8.66e-23	5.11e-19	1.21e-15	1.25e-12	7.16e-10	3.36e-07	3.40e-04	3.33e-02	9.66e-01
 2.76392e+22	0.00e+00	0.00e+00	0.00e+00	0.00e+00	1.25e-31	7.24e-27	1.27e-22	7.13e-19	1.61e-15	1.58e-12	8.65e-10	3.87e-07	3.73e-04	3.49e-02	9.65e-01
 2.79759e+22	0.00e+00	0.00e+00	0.00e+00	0.00e+00	2.00e-31	1.10e-26	1.85e-22	9.89e-19	2.13e-15	2.00e-12	1.04e-09	4.45e-07	4.09e-04	3.65e-02	9.63e-01
 2.83609e+22	0.00e+00	0.00e+00	0.00e+00	0.00e+00	3.49e-31	1.82e-26	2.88e-22	1.46e-18	2.96e-15	2.63e-12	1.30e-09	5.24e-07	4.56e-04	3.85e-02	9.61e-01
 2.87659e+22	0.00e+00	0.00e+00	0.00e+00	0.00e+00	5.97e-31	2.95e-26	4.42e-22	2.12e-18	4.08e-15	3.43e-12	1.60e-09	6.14e-07	5.07e-04	4.05e-02	9.59e-01
 2.91149e+22	0.00e+00	0.00e+00	0.00e+00	0.00e+00	9.55e-31	4.50e-26	6.42e-22	2.94e-18	5.39e-15	4.32e-12	1.93e-09	7.05e-07	5.56e-04	4.24e-02	9.57e-01
 2.94132e+22	0.00e+00	0.00e+00	0.00e+00	0.00e+00	1.43e-30	6.46e-26	8.86e-22	3.89e-18	6.85e-15	5.28e-12	2.27e-09	7.95e-07	6.02e-04	4.41e-02	9.55e-01
 2.97277e+22	0.00e+00	0.00e+00	0.00e+00	0.00e+00	2.25e-30	9.73e-26	1.27e-21	5.34e-18	8.98e-15	6.61e-12	2.71e-09	9.09e-07	6.58e-04	4.60e-02	9.53e-01
 3.00641e+22	0.00e+00	0.00e+00	0.00e+00	0.00e+00	3.49e-30	1.44e-25	1.81e-21	7.25e-18	1.17e-14	8.20e-12	3.22e-09	1.03e-06	7.16e-04	4.80e-02	9.51e-01
 3.03722e+22	0.00e+00	0.00e+00	0.00e+00	0.00e+00	5.27e-30	2.09e-25	2.51e-21	9.65e-18	1.49e-14	1.00e-11	3.79e-09	1.17e-06	7.76e-04	4.99e-02	9.49e-01
 3.07158e+22	0.00e+00	0.00e+00	0.00e+00	0.00e+00	8.65e-30	3.26e-25	3.73e-21	1.36e-17	2.00e-14	1.28e-11	4.61e-09	1.35e-06	8.55e-04	5.23e-02	9.47e-01
 3.10659e+22	0.00e+00	0.00e+00	0.00e+00	0.00e+00	1.36e-29	4.91e-25	5.36e-21	1.87e-17	2.62e-14	1.61e-11	5.52e-09	1.55e-06	9.35e-04	5.46e-02	9.44e-01
 3.13595e+22	0.00e+00	0.00e+00	0.00e+00	0.00e+00	2.03e-29	7.01e-25	7.35e-21	2.47e-17	3.32e-14	1.95e-11	6.45e-09	1.74e-06	1.01e-03	5.67e-02	9.42e-01
 3.16764e+22	0.00e+00	0.00e+00	0.00e+00	0.00e+00	3.22e-29	1.06e-24	1.06e-20	3.41e-17	4.37e-14	2.45e-11	7.74e-09	1.99e-06	1.10e-03	5.92e-02	9.40e-01
 3.20149e+22	0.00e+00	0.00e+00	0.00e+00	0.00e+00	5.01e-29	1.58e-24	1.51e-20	4.63e-17	5.68e-14	3.05e-11	9.21e-09	2.27e-06	1.20e-03	6.17e-02	9.37e-01
 3.23182e+22	0.00e+00	0.00e+00	0.00e+00	0.00e+00	7.55e-29	2.28e-24	2.10e-20	6.17e-17	7.25e-14	3.74e-11	1.08e-08	2.56e-06	1.30e-03	6.42e-02	9.35e-01
 3.25858e+22	0.00e+00	0.00e+00	0.00e+00	0.00e+00	1.08e-28	3.14e-24	2.79e-20	7.89e-17	8.95e-14	4.45e-11	1.24e-08	2.84e-06	1.40e-03	6.63e-02	9.32e-01
 3.28699e+22	0.00e+00	0.00e+00	0.00e+00	9.35e-34	1.61e-28	4.53e-24	3.85e-20	1.05e-16	1.14e-13	5.44e-11	1.46e-08	3.20e-06	1.51e-03	6.89e-02	9.30e-01
 3.31728e+22	0.00e+00	0.00e+00	0.00e+00	1.44e-33	2.39e-28	6.45e-24	5.28e-20	1.38e-16	1.44e-13	6.61e-11	1.71e-08	3.59e-06	1.63e-03	7.15e-02	9.27e-01
 3.34469e+22	0.00e+00	0.00e+00	0.00e+00	2.16e-33	3.46e-28	8.98e-24	7.07e-20	1.78e-16	1.79e-13	7.92e-11	1.97e-08	4.00e-06	1.75e-03	7.40e-02	9.24e-01
 3.37497e+22	0.00e+00	0.00e+00	0.00e+00	3.50e-33	5.36e-28	1.33e-23	1.00e-19	2.41e-16	2.32e-13	9.82e-11	2.34e-08	4.54e-06	1.90e-03	7.70e-02	9.21e-01
 3.40654e+22	0.00e+00	0.00e+00	0.00e+00	5.53e-33	8.11e-28	1.93e-23	1.40e-19	3.22e-16	2.97e-13	1.21e-10	2.76e-08	5.13e-06	2.06e-03	8.00e-02	9.18e-01
 3.43334e+22	0.00e+00	0.00e+00	0.00e+00	8.19e-33	1.16e-27	2.66e-23	1.86e-19	4.13e-16	3.68e-13	1.44e-10	3.17e-08	5.70e-06	2.21e-03	8.27e-02	9.15e-01
 3.46171e+22	0.00e+00	0.00e+00	0.00e+00	1.29e-32	1.75e-27	3.86e-23	2.58e-19	5.50e-16	4.70e-13	1.76e-10	3.73e-08	6.42e-06	2.39e-03	8.59e-02	9.12e-01
 3.49185e+22	0.00e+00	0.00e+00	0.00e+00	1.99e-32	2.60e-27	5.49e-23	3.53e-19	7.24e-16	5.93e-13	2.14e-10	4.35e-08	7.21e-06	2.58e-03	8.90e-02	9.08e-01
 3.51912e+22	0.00e+00	0.00e+00	0.00e+00	2.98e-32	3.75e-27	7.64e-23	4.73e-19	9.35e-16	7.38e-13	2.56e-10	5.03e-08	8.02e-06	2.77e-03	9.21e-02	9.05e-01
 3.54379e+22	0.00e+00	0.00e+00	0.00e+00	4.28e-32	5.21e-27	1.03e-22	6.15e-19	1.18e-15	8.98e-13	3.01e-10	5.72e-08	8.83e-06	2.95e-03	9.49e-02	9.02e-01
 3.56676e+22	0.00e+00	0.00e+00	0.00e+00	6.01e-32	7.09e-27	1.36e-22	7.87e-19	1.46e-15	1.08e-12	3.51e-10	6.46e-08	9.66e-06	3.13e-03	9.75e-02	8.99e-01
 3.59311e+22	0.00e+00	0.00e+00	0.00e+00	9.05e-32	1.03e-26	1.89e-22	1.06e-18	1.89e-15	1.34e-12	4.21e-10	7.47e-08	1.08e-05	3.36e-03	1.01e-01	8.96e-01
 3.62133e+22	0.00e+00	0.00e+00	0.00e+00	1.36e-31	1.49e-26	2.64e-22	1.42e-18	2.44e-15	1.67e-12	5.05e-10	8.64e-08	1.20e-05	3.61e-03	1.04e-01	8.92e-01
 3.64666e+22	0.00e+00	0.00e+00	0.00e+00	1.98e-31	2.10e-26	3.59e-22	1.87e-18	3.10e-15	2.05e-12	5.98e-10	9.88e-08	1.33e-05	3.85e-03	1.08e-01	8.89e-01
 3.67425e+22	0.00e+00	0.00e+00	0.00e+00	3.08e-31	3.13e-26	5.15e-22	2.57e-18	4.09e-15	2.60e-12	7.28e-10	1.16e-07	1.49e-05	4.15e-03	1.11e-01	8.84e-01
 3.70224e+22	0.00e+00	0.00e+00	0.00e+00	4.59e-31	4.50e-26	7.14e-22	3.43e-18	5.27e-15	3.23e-12	8.70e-10	1.33e-07	1.65e-05	4.45e-03	1.15e-01	8.80e-01
 3.72572e+22	0.00e+00	0.00e+00	0.00e+00	6.50e-31	6.17e-26	9.48e-22	4.42e-18	6.56e-15	3.89e-12	1.02e-09	1.51e-07	1.81e-05	4.72e-03	1.18e-01	8.77e-01
 3.75120e+22	0.00e+00	0.00e+00	0.00e+00	9.75e-31	8.91e-26	1.32e-21	5.92e-18	8.47e-15	4.84e-12	1.22e-09	1.74e-07	2.02e-05	5.06e-03	1.22e-01	8.73e-01
 3.77863e+22	0.00e+00	0.00e+00	0.00e+00	1.46e-30	1.28e-25	1.83e-21	7.92e-18	1.09e-14	6.01e-12	1.46e-09	2.01e-07	2.24e-05	5.43e-03	1.26e-01	8.68e-01
 3.80368e+22	0.00e+00	0.00e+00	0.00e+00	2.10e-30	1.79e-25	2.47e-21	1.03e-17	1.38e-14	7.32e-12	1.72e-09	2.29e-07	2.47e-05	5.78e-03	1.30e-01	8.64e-01
 3.83133e+22	0.00e+00	0.00e+00	0.00e+00	3.26e-30	2.67e-25	3.53e-21	1.42e-17	1.81e-14	9.27e-12	2.08e-09	2.67e-07	2.77e-05	6.23e-03	1.35e-01	8.59e-01
 3.85898e+22	0.00e+00	0.00e+00	0.00e+00	4.81e-30	3.80e-25	4.86e-21	1.88e-17	2.32e-14	1.14e-11	2.48e-09	3.07e-07	3.07e-05	6.66e-03	1.39e-01	8.55e-01
 3.88166e+22	0.00e+00	0.00e+00	0.00e+00	6.73e-30	5.16e-25	6.39e-21	2.40e-17	2.87e-14	1.37e-11	2.89e-09	3.46e-07	3.35e-05	7.05e-03	1.42e-01	8.50e-01
 3.90616e+22	0.00e+00	0.00e+00	0.00e+00	9.94e-30	7.36e-25	8.79e-21	3.19e-17	3.68e-14	1.69e-11	3.43e-09	3.97e-07	3.71e-05	7.53e-03	1.47e-01	8.46e-01
 3.93275e+22	0.00e+00	0.00e+00	0.00e+00	1.48e-29	1.05e-24	1.21e-20	4.24e-17	4.72e-14	2.09e-11	4.10e-09	4.56e-07	4.12e-05	8.06e-03	1.51e-01	8.41e-01
 3.95727e+22	0.00e+00	0.00e+00	3.91e-34	2.10e-29	1.45e-24	1.62e-20	5.48e-17	5.90e-14	2.53e-11	4.80e-09	5.17e-07	4.52e-05	8.56e-03	1.56e-01	8.36e-01
 3.98435e+22	0.00e+00	0.00e+00	6.24e-34	3.24e-29	2.15e-24	2.30e-20	7.49e-17	7.74e-14	3.20e-11	5.81e-09	6.02e-07	5.06e-05	9.20e-03	1.61e-01	8.30e-01
 4.01161e+22	0.00e+00	0.00e+00	9.52e-34	4.76e-29	3.06e-24	3.16e-20	9.91e-17	9.89e-14	3.94e-11	6.91e-09	6.91e-07	5.60e-05	9.82e-03	1.66e-01	8.25e-01
 4.03423e+22	0.00e+00	0.00e+00	1.37e-33	6.66e-29	4.15e-24	4.16e-20	1.26e-16	1.22e-13	4.72e-11	8.02e-09	7.78e-07	6.11e-05	1.04e-02	1.70e-01	8.20e-01
 4.05876e+22	0.00e+00	0.00e+00	2.11e-33	9.88e-29	5.93e-24	5.73e-20	1.68e-16	1.57e-13	5.83e-11	9.56e-09	8.94e-07	6.77e-05	1.11e-02	1.75e-01	8.14e-01
 4.08521e+22	0.00e+00	0.00e+00	3.24e-33	1.46e-28	8.48e-24	7.91e-20	2.24e-16	2.01e-13	7.21e-11	1.14e-08	1.03e-06	7.50e-05	1.19e-02	1.80e-01	8.08e-01
 4.10938e+22	0.00e+00	0.00e+00	4.75e-33	2.08e-28	1.17e-23	1.05e-19	2.89e-16	2.51e-13	8.72e-11	1.33e-08	1.16e-06	8.22e-05	1.26e-02	1.85e-01	8.02e-01
 4.13603e+22	0.00e+00	0.00e+00	7.61e-33	3.21e-28	1.73e-23	1.50e-19	3.95e-16	3.30e-13	1.10e-10	1.62e-08	1.36e-06	9.20e-05	1.35e-02	1.91e-01	7.96e-01
 4.16279e+22	0.00e+00	0.00e+00	1.16e-32	4.72e-28	2.46e-23	2.06e-19	5.22e-16	4.21e-13	1.36e-10	1.92e-08	1.55e-06	1.02e-04	1.44e-02	1.96e-01	7.89e-01
 4.18497e+22	0.00e+00	0.00e+00	1.67e-32	6.59e-28	3.33e-23	2.70e-19	6.65e-16	5.20e-13	1.62e-10	2.23e-08	1.75e-06	1.11e-04	1.52e-02	2.01e-01	7.84e-01
 4.20910e+22	0.00e+00	0.00e+00	2.58e-32	9.81e-28	4.78e-23	3.74e-19	8.87e-16	6.69e-13	2.01e-10	2.66e-08	2.01e-06	1.23e-04	1.63e-02	2.07e-01	7.77e-01
 4.23495e+22	0.00e+00	0.00e+00	3.87e-32	1.42e-27	6.71e-23	5.07e-19	1.16e-15	8.47e-13	2.46e-10	3.15e-08	2.29e-06	1.35e-04	1.73e-02	2.12e-01	7.70e-01
 4.25911e+22	0.00e+00	0.00e+00	5.81e-32	2.07e-27	9.42e-23	6.88e-19	1.52e-15	1.07e-12	3.01e-10	3.72e-08	2.61e-06	1.49e-04	1.84e-02	2.18e-01	7.63e-01
 4.28289e+22	0.00e+00	0.00e+00	8.67e-32	2.98e-27	1.31e-22	9.27e-19	1.98e-15	1.35e-12	3.66e-10	4.38e-08	2.97e-06	1.64e-04	1.95e-02	2.24e-01	7.57e-01
 4.30567e+22	0.00e+00	0.00e+00	1.27e-31	4.21e-27	1.80e-22	1.23e-18	2.55e-15	1.68e-12	4.42e-10	5.11e-08	3.36e-06	1.79e-04	2.07e-02	2.29e-01	7.50e-01
 4.32756e+22	0.00e+00	0.00e+00	1.84e-31	5.92e-27	2.45e-22	1.63e-18	3.26e-15	2.08e-12	5.31e-10	5.95e-08	3.79e-06	1.95e-04	2.19e-02	2.34e-01	7.43e-01
 4.35274e+22	0.00e+00	0.00e+00	2.95e-31	9.13e-27	3.64e-22	2.32e-18	4.47e-15	2.74e-12	6.71e-10	7.23e-08	4.41e-06	2.19e-04	2.35e-02	2.41e-01	7.35e-01
 4.37841e+22	0.00e+00	0.00e+00	4.39e-31	1.31e-26	5.06e-22	3.12e-18	5.82e-15	3.45e-12	8.16e-10	8.49e-08	5.01e-06	2.40e-04	2.49e-02	2.47e-01	7.27e-01
 4.40471e+22	0.00e+00	0.00e+00	7.17e-31	2.05e-26	7.61e-22	4.50e-18	8.05e-15	4.58e-12	1.04e-09	1.04e-07	5.87e-06	2.69e-04	2.67e-02	2.55e-01	7.18e-01
 4.43148e+22	0.00e+00	0.00e+00	1.12e-30	3.09e-26	1.10e-21	6.28e-18	1.08e-14	5.94e-12	1.30e-09	1.25e-07	6.78e-06	2.99e-04	2.86e-02	2.62e-01	7.09e-01
 4.45322e+22	0.00e+00	0.00e+00	1.59e-30	4.25e-26	1.48e-21	8.15e-18	1.36e-14	7.26e-12	1.54e-09	1.44e-07	7.58e-06	3.24e-04	3.00e-02	2.67e-01	7.02e-01
 4.47583e+22	0.00e+00	0.00e+00	2.47e-30	6.34e-26	2.13e-21	1.13e-17	1.83e-14	9.36e-12	1.92e-09	1.72e-07	8.72e-06	3.59e-04	3.20e-02	2.74e-01	6.94e-01
 4.49949e+22	0.00e+00	0.00e+00	3.67e-30	9.08e-26	2.95e-21	1.52e-17	2.37e-14	1.18e-11	2.33e-09	2.02e-07	9.90e-06	3.94e-04	3.39e-02	2.80e-01	6.85e-01
 4.52101e+22	0.00e+00	0.00e+00	5.34e-30	1.28e-25	4.03e-21	2.01e-17	3.04e-14	1.46e-11	2.81e-09	2.36e-07	1.12e-05	4.30e-04	3.58e-02	2.86e-01	6.77e-01
 4.54551e+22	0.00e+00	0.00e+00	8.73e-30	2.00e-25	6.06e-21	2.90e-17	4.20e-14	1.94e-11	3.58e-09	2.89e-07	1.31e-05	4.81e-04	3.84e-02	2.94e-01	6.67e-01
 4.57025e+22	0.00e+00	0.00e+00	1.30e-29	2.87e-25	8.42e-21	3.90e-17	5.47e-14	2.44e-11	4.35e-09	3.40e-07	1.48e-05	5.28e-04	4.06e-02	3.01e-01	6.58e-01
 4.59124e+22	0.00e+00	0.00e+00	1.37e-29	2.93e-25	1.15e-20	5.17e-17	7.02e-14	3.03e-11	5.25e-09	3.97e-07	1.67e-05	5.76e-04	4.29e-02	3.07e-01	6.50e-01
 4.61127e+22	0.00e+00	1.72e-34	1.96e-29	4.04e-25	1.55e-20	6.73e-17	8.87e-14	3.72e-11	6.25e-09	4.58e-07	1.87e-05	6.25e-04	4.51e-02	3.13e-01	6.42e-01
 4.63412e+22	0.00e+00	2.82e-34	3.09e-29	6.11e-25	2.25e-20	9.44e-17	1.20e-13	4.84e-11	7.83e-09	5.52e-07	2.16e-05	6.93e-04	4.81e-02	3.20e-01	6.31e-01
 4.65764e+22	0.00e+00	4.39e-34	4.63e-29	8.82e-25	3.15e-20	1.27e-16	1.56e-13	6.11e-11	9.56e-09	6.52e-07	2.46e-05	7.60e-04	5.08e-02	3.27e-01	6.22e-01
 4.67828e+22	0.00e+00	6.66e-34	6.78e-29	1.25e-24	4.31e-20	1.69e-16	2.01e-13	7.61e-11	1.15e-08	7.62e-07	2.78e-05	8.30e-04	5.36e-02	3.33e-01	6.13e-01
 4.70135e+22	0.00e+00	1.12e-33	1.09e-28	1.91e-24	6.37e-20	2.40e-16	2.74e-13	9.99e-11	1.46e-08	9.24e-07	3.23e-05	9.24e-04	5.72e-02	3.41e-01	6.01e-01
 4.72501e+22	0.00e+00	1.73e-33	1.63e-28	2.75e-24	8.88e-20	3.24e-16	3.57e-13	1.26e-10	1.78e-08	1.09e-06	3.66e-05	1.01e-03	6.04e-02	3.47e-01	5.91e-01
 4.74546e+22	0.00e+00	2.64e-33	2.39e-28	3.89e-24	1.22e-19	4.31e-16	4.60e-13	1.57e-10	2.15e-08	1.27e-06	4.14e-05	1.10e-03	6.37e-02	3.53e-01	5.82e-01
 4.76497e+22	0.00e+00	3.90e-33	3.41e-28	5.38e-24	1.64e-19	5.61e-16	5.82e-13	1.93e-10	2.56e-08	1.47e-06	4.63e-05	1.20e-03	6.68e-02	3.59e-01	5.73e-01
 4.78723e+22	0.00e+00	6.46e-33	5.42e-28	8.16e-24	2.39e-19	7.90e-16	7.89e-13	2.51e-10	3.22e-08	1.78e-06	5.36e-05	1.33e-03	7.11e-02	3.67e-01	5.61e-01
 4.80989e+22	0.00e+00	1.00e-32	8.08e-28	1.17e-23	3.33e-19	1.06e-15	1.03e-12	3.16e-10	3.92e-08	2.10e-06	6.08e-05	1.45e-03	7.50e-02	3.73e-01	5.51e-01
 4.82951e+22	0.00e+00	1.50e-32	1.17e-27	1.63e-23	4.50e-19	1.39e-15	1.31e-12	3.90e-10	4.70e-08	2.43e-06	6.82e-05	1.57e-03	7.87e-02	3.79e-01	5.41e-01
 4.85146e+22	0.00e+00	2.48e-32	1.85e-27	2.47e-23	6.58e-19	1.96e-15	1.77e-12	5.09e-10	5.90e-08	2.94e-06	7.88e-05	1.74e-03	8.36e-02	3.86e-01	5.29e-01
 4.87346e+22	0.00e+00	3.77e-32	2.71e-27	3.48e-23	9.01e-19	2.60e-15	2.27e-12	6.33e-10	7.12e-08	3.43e-06	8.88e-05	1.90e-03	8.78e-02	3.92e-01	5.19e-01
 4.89235e+22	0.00e+00	5.61e-32	3.89e-27	4.83e-23	1.22e-18	3.40e-15	2.88e-12	7.80e-10	8.51e-08	3.98e-06	9.95e-05	2.06e-03	9.20e-02	3.97e-01	5.09e-01
 4.91374e+22	0.00e+00	9.13e-32	6.06e-27	7.19e-23	1.75e-18	4.72e-15	3.86e-12	1.01e-09	1.06e-07	4.77e-06	1.14e-04	2.27e-03	9.74e-02	4.03e-01	4.97e-01
 4.93611e+22	0.00e+00	1.41e-31	9.04e-27	1.03e-22	2.43e-18	6.35e-15	5.02e-12	1.27e-09	1.29e-07	5.61e-06	1.29e-04	2.47e-03	1.02e-01	4.09e-01	4.86e-01
 4.95587e+22	0.00e+00	2.16e-31	1.33e-26	1.45e-22	3.33e-18	8.43e-15	6.45e-12	1.58e-09	1.56e-07	6.56e-06	1.46e-04	2.69e-03	1.07e-01	4.14e-01	4.75e-01
 4.97458e+22	0.00e+00	3.19e-31	1.89e-26	2.00e-22	4.47e-18	1.10e-14	8.15e-12	1.93e-09	1.86e-07	7.58e-06	1.63e-04	2.91e-03	1.12e-01	4.19e-01	4.65e-01
 4.99579e+22	0.00e+00	5.22e-31	2.97e-26	3.00e-22	6.46e-18	1.53e-14	1.09e-11	2.50e-09	2.32e-07	9.10e-06	1.87e-04	3.20e-03	1.19e-01	4.25e-01	4.53e-01
 5.01776e+22	0.00e+00	8.10e-31	4.43e-26	4.29e-22	8.97e-18	2.06e-14	1.42e-11	3.15e-09	2.82e-07	1.07e-05	2.12e-04	3.49e-03	1.25e-01	4.30e-01	4.42e-01
 5.03730e+22	0.00e+00	1.23e-30	6.48e-26	6.04e-22	1.23e-17	2.73e-14	1.83e-11	3.92e-09	3.41e-07	1.25e-05	2.38e-04	3.79e-03	1.30e-01	4.35e-01	4.31e-01
 5.05625e+22	0.00e+00	1.85e-30	9.36e-26	8.40e-22	1.66e-17	3.58e-14	2.33e-11	4.84e-09	4.08e-07	1.45e-05	2.67e-04	4.10e-03	1.36e-01	4.39e-01	4.21e-01
 5.07785e+22	0.00e+00	3.10e-30	1.50e-25	1.28e-21	2.44e-17	5.07e-14	3.17e-11	6.34e-09	5.15e-07	1.76e-05	3.09e-04	4.53e-03	1.44e-01	4.44e-01	4.07e-01
 5.09990e+22	0.00e+00	3.91e-30	1.82e-25	1.81e-21	3.35e-17	6.74e-14	4.09e-11	7.91e-09	6.23e-07	2.06e-05	3.48e-04	4.91e-03	1.51e-01	4.48e-01	3.96e-01
 5.12255e+22	0.00e+00	6.63e-30	2.94e-25	2.78e-21	4.98e-17	9.62e-14	5.60e-11	1.04e-08	7.89e-07	2.50e-05	4.02e-04	5.43e-03	1.59e-01	4.52e-01	3.83e-01
 5.14587e+22	0.00e+00	1.07e-29	4.52e-25	4.09e-21	7.09e-17	1.32e-13	7.43e-11	1.34e-08	9.77e-07	2.98e-05	4.59e-04	5.95e-03	1.67e-01	4.56e-01	3.71e-01
 5.16538e+22	0.00e+00	1.59e-29	6.47e-25	5.63e-21	9.51e-17	1.72e-13	9.40e-11	1.64e-08	1.17e-06	3.44e-05	5.12e-04	6.41e-03	1.74e-01	4.58e-01	3.60e-01
 5.18606e+22	0.00e+00	2.60e-29	1.01e-24	8.40e-21	1.37e-16	2.40e-13	1.26e-10	2.12e-08	1.45e-06	4.13e-05	5.87e-04	7.03e-03	1.83e-01	4.62e-01	3.48e-01
 5.20696e+22	0.00e+00	3.88e-29	1.46e-24	1.16e-20	1.85e-16	3.14e-13	1.60e-10	2.61e-08	1.74e-06	4.78e-05	6.56e-04	7.57e-03	1.90e-01	4.64e-01	3.38e-01
 5.22817e+22	0.00e+00	6.62e-29	2.36e-24	1.78e-20	2.75e-16	4.49e-13	2.20e-10	3.45e-08	2.21e-06	5.82e-05	7.60e-04	8.36e-03	2.00e-01	4.66e-01	3.24e-01
 5.24750e+22	0.00e+00	9.28e-29	3.20e-24	2.34e-20	3.52e-16	5.62e-13	2.69e-10	4.11e-08	2.57e-06	6.59e-05	8.33e-04	8.89e-03	2.07e-01	4.67e-01	3.16e-01
 5.26438e+22	0.00e+00	1.40e-28	4.64e-24	3.25e-20	4.77e-16	7.39e-13	3.43e-10	5.08e-08	3.08e-06	7.65e-05	9.32e-04	9.58e-03	2.15e-01	4.69e-01	3.05e-01
 5.28070e+22	0.00e+00	1.93e-28	6.19e-24	4.19e-20	6.05e-16	9.15e-13	4.15e-10	6.00e-08	3.56e-06	8.61e-05	1.02e-03	1.02e-02	2.22e-01	4.69e-01	2.98e-01
 5.29378e+22	0.00e+00	2.51e-28	7.87e-24	5.19e-20	7.36e-16	1.09e-12	4.86e-10	6.89e-08	4.01e-06	9.48e-05	1.09e-03	1.07e-02	2.27e-01	4.70e-01	2.91e-01
 5.30831e+22	0.00e+00	3.60e-28	1.09e-23	6.92e-20	9.61e-16	1.39e-12	6.02e-10	8.31e-08	4.71e-06	1.08e-04	1.21e-03	1.14e-02	2.35e-01	4.70e-01	2.82e-01
 5.32332e+22	0.00e+00	4.90e-28	1.44e-23	8.84e-20	1.21e-15	1.71e-12	7.23e-10	9.75e-08	5.40e-06	1.21e-04	1.31e-03	1.20e-02	2.41e-01	4.70e-01	2.75e-01
 5.33686e+22	0.00e+00	6.64e-28	1.89e-23	1.13e-19	1.51e-15	2.09e-12	8.66e-10	1.14e-07	6.19e-06	1.36e-04	1.43e-03	1.27e-02	2.48e-01	4.70e-01	2.67e-01
 5.34975e+22	0.00e+00	8.90e-28	2.46e-23	1.42e-19	1.87e-15	2.54e-12	1.03e-09	1.33e-07	7.06e-06	1.51e-04	1.54e-03	1.34e-02	2.54e-01	4.70e-01	2.60e-01
 5.36176e+22	0.00e+00	1.15e-27	3.09e-23	1.74e-19	2.26e-15	3.01e-12	1.20e-09	1.52e-07	7.91e-06	1.66e-04	1.65e-03	1.40e-02	2.60e-01	4.70e-01	2.54e-01
 5.37523e+22	0.00e+00	1.61e-27	4.20e-23	2.27e-19	2.89e-15	3.77e-12	1.47e-09	1.81e-07	9.22e-06	1.88e-04	1.81e-03	1.48e-02	2.68e-01	4.69e-01	2.46e-01
 5.38908e+22	0.00e+00	2.15e-27	5.45e-23	2.86e-19	3.58e-15	4.58e-12	1.74e-09	2.11e-07	1.05e-05	2.09e-04	1.96e-03	1.56e-02	2.74e-01	4.68e-01	2.40e-01
 5.40141e+22	0.00e+00	2.86e-27	7.01e-23	3.57e-19	4.40e-15	5.52e-12	2.06e-09	2.44e-07	1.19e-05	2.32e-04	2.12e-03	1.64e-02	2.81e-01	4.67e-01	2.33e-01
 5.41314e+22	0.00e+00	3.73e-27	8.90e-23	4.40e-19	5.35e-15	6.59e-12	2.42e-09	2.80e-07	1.34e-05	2.55e-04	2.27e-03	1.72e-02	2.87e-01	4.66e-01	2.27e-01
 5.42431e+22	0.00e+00	4.83e-27	1.12e-22	5.39e-19	6.47e-15	7.83e-12	2.82e-09	3.21e-07	1.51e-05	2.81e-04	2.44e-03	1.80e-02	2.93e-01	4.65e-01	2.21e-01
 5.43707e+22	0.00e+00	6.65e-27	1.49e-22	6.92e-19	8.17e-15	9.69e-12	3.41e-09	3.79e-07	1.74e-05	3.16e-04	2.66e-03	1.90e-02	3.01e-01	4.63e-01	2.14e-01
 5.45020e+22	0.00e+00	8.88e-27	1.93e-22	8.66e-19	1.01e-14	1.17e-11	4.05e-09	4.41e-07	1.99e-05	3.51e-04	2.87e-03	1.99e-02	3.08e-01	4.61e-01	2.08e-01
 5.46155e+22	0.00e+00	1.15e-26	2.43e-22	1.06e-18	1.22e-14	1.39e-11	4.72e-09	5.04e-07	2.23e-05	3.86e-04	3.08e-03	2.08e-02	3.14e-01	4.59e-01	2.02e-01
 5.47406e+22	0.00e+00	1.59e-26	3.26e-22	1.36e-18	1.55e-14	1.73e-11	5.74e-09	5.99e-07	2.59e-05	4.36e-04	3.36e-03	2.20e-02	3.22e-01	4.57e-01	1.95e-01
 5.48690e+22	5.48e-35	2.12e-26	4.20e-22	1.70e-18	1.90e-14	2.10e-11	6.81e-09	6.96e-07	2.95e-05	4.85e-04	3.63e-03	2.31e-02	3.29e-01	4.55e-01	1.89e-01
 5.49815e+22	7.35e-35	2.74e-26	5.27e-22	2.07e-18	2.29e-14	2.48e-11	7.93e-09	7.95e-07	3.30e-05	5.32e-04	3.89e-03	2.41e-02	3.35e-01	4.52e-01	1.84e-01
 5.50894e+22	1.00e-34	3.57e-26	6.67e-22	2.54e-18	2.78e-14	2.96e-11	9.30e-09	9.15e-07	3.73e-05	5.88e-04	4.18e-03	2.52e-02	3.42e-01	4.50e-01	1.78e-01
 5.51920e+22	1.31e-34	4.51e-26	8.21e-22	3.04e-18	3.29e-14	3.47e-11	1.07e-08	1.03e-06	4.15e-05	6.41e-04	4.45e-03	2.63e-02	3.48e-01	4.47e-01	1.74e-01
 5.53058e+22	1.90e-34	6.22e-26	1.09e-21	3.88e-18	4.15e-14	4.29e-11	1.30e-08	1.23e-06	4.81e-05	7.22e-04	4.86e-03	2.77e-02	3.56e-01	4.44e-01	1.67e-01
 5.54201e+22	2.55e-34	8.01e-26	1.36e-21	4.70e-18	4.99e-14	5.08e-11	1.51e-08	1.40e-06	5.40e-05	7.94e-04	5.20e-03	2.89e-02	3.62e-01	4.41e-01	1.62e-01
 5.55351e+22	3.71e-34	1.11e-25	1.81e-21	6.01e-18	6.30e-14	6.30e-11	1.84e-08	1.66e-06	6.26e-05	8.96e-04	5.67e-03	3.05e-02	3.70e-01	4.37e-01	1.56e-01
 5.56516e+22	5.01e-34	1.44e-25	2.28e-21	7.31e-18	7.61e-14	7.49e-11	2.15e-08	1.91e-06	7.06e-05	9.87e-04	6.09e-03	3.18e-02	3.77e-01	4.34e-01	1.51e-01
 5.57702e+22	7.48e-34	2.03e-25	3.09e-21	9.46e-18	9.76e-14	9.44e-11	2.65e-08	2.30e-06	8.29e-05	1.12e-03	6.69e-03	3.36e-02	3.85e-01	4.29e-01	1.44e-01
 5.58865e+22	9.94e-34	2.60e-25	3.83e-21	1.14e-17	1.17e-13	1.11e-10	3.08e-08	2.62e-06	9.28e-05	1.23e-03	7.14e-03	3.50e-02	3.91e-01	4.25e-01	1.40e-01
 5.60001e+22	1.47e-33	3.65e-25	5.15e-21	1.46e-17	1.49e-13	1.40e-10	3.79e-08	3.14e-06	1.09e-04	1.40e-03	7.84e-03	3.70e-02	4.00e-01	4.20e-01	1.34e-01
 5.61134e+22	1.50e-33	4.65e-25	6.38e-21	1.76e-17	1.77e-13	1.65e-10	4.39e-08	3.58e-06	1.22e-04	1.54e-03	8.37e-03	3.85e-02	4.06e-01	4.16e-01	1.29e-01
 5.62264e+22	2.24e-33	6.57e-25	8.60e-21	2.26e-17	2.27e-13	2.07e-10	5.43e-08	4.32e-06	1.43e-04	1.75e-03	9.19e-03	4.07e-02	4.15e-01	4.11e-01	1.23e-01
 5.63394e+22	2.99e-33	8.44e-25	1.07e-20	2.71e-17	2.72e-13	2.45e-10	6.33e-08	4.94e-06	1.61e-04	1.93e-03	9.84e-03	4.23e-02	4.21e-01	4.06e-01	1.19e-01
 5.64523e+22	4.49e-33	1.19e-24	1.45e-20	3.49e-17	3.49e-13	3.10e-10	7.85e-08	5.97e-06	1.90e-04	2.20e-03	1.08e-02	4.47e-02	4.29e-01	4.00e-01	1.13e-01
 5.65637e+22	5.95e-33	1.52e-24	1.79e-20	4.17e-17	4.16e-13	3.66e-10	9.12e-08	6.82e-06	2.13e-04	2.41e-03	1.16e-02	4.65e-02	4.35e-01	3.95e-01	1.09e-01
 5.66732e+22	8.76e-33	2.12e-24	2.38e-20	5.29e-17	5.28e-13	4.58e-10	1.12e-07	8.18e-06	2.49e-04	2.74e-03	1.27e-02	4.90e-02	4.43e-01	3.89e-01	1.04e-01
 5.67814e+22	1.17e-32	2.72e-24	2.94e-20	6.31e-17	6.31e-13	5.42e-10	1.31e-07	9.37e-06	2.80e-04	3.01e-03	1.35e-02	5.09e-02	4.49e-01	3.84e-01	9.97e-02
 5.68880e+22	1.70e-32	3.76e-24	3.88e-20	7.95e-17	7.96e-13	6.76e-10	1.60e-07	1.12e-05	3.27e-04	3.41e-03	1.48e-02	5.35e-02	4.56e-01	3.77e-01	9.47e-02
 5.69963e+22	2.29e-32	4.86e-24	4.84e-20	9.54e-17	9.58e-13	8.06e-10	1.89e-07	1.29e-05	3.69e-04	3.77e-03	1.59e-02	5.57e-02	4.62e-01	3.71e-01	9.08e-02
 5.71069e+22	3.39e-32	6.80e-24	6.45e-20	1.21e-16	1.22e-12	1.02e-09	2.33e-07	1.56e-05	4.34e-04	4.29e-03	1.74e-02	5.87e-02	4.69e-01	3.64e-01	8.59e-02
 5.72195e+22	4.63e-32	8.89e-24	8.11e-20	1.46e-16	1.48e-12	1.22e-09	2.77e-07	1.81e-05	4.94e-04	4.75e-03	1.87e-02	6.11e-02	4.75e-01	3.58e-01	8.20e-02
 5.73347e+22	6.96e-32	1.26e-23	1.09e-19	1.85e-16	1.90e-12	1.55e-09	3.46e-07	2.21e-05	5.85e-04	5.44e-03	2.06e-02	6.44e-02	4.82e-01	3.49e-01	7.72e-02
 5.74502e+22	9.49e-32	1.64e-23	1.37e-19	2.23e-16	2.30e-12	1.87e-09	4.11e-07	2.56e-05	6.65e-04	6.03e-03	2.21e-02	6.71e-02	4.88e-01	3.43e-01	7.36e-02
 5.75661e+22	1.42e-31	2.32e-23	1.83e-19	2.82e-16	2.95e-12	2.38e-09	5.14e-07	3.12e-05	7.88e-04	6.90e-03	2.43e-02	7.06e-02	4.94e-01	3.34e-01	6.90e-02
 5.76797e+22	1.90e-31	2.98e-23	2.26e-19	3.34e-16	3.54e-12	2.83e-09	6.04e-07	3.60e-05	8.89e-04	7.60e-03	2.60e-02	7.33e-02	4.99e-01	3.28e-01	6.58e-02
 5.77903e+22	2.79e-31	4.12e-23	2.97e-19	4.16e-16	4.47e-12	3.55e-09	7.47e-07	4.34e-05	1.04e-03	8.63e-03	2.85e-02	7.69e-02	5.04e-01	3.19e-01	6.17e-02
 5.79010e+22	3.70e-31	5.24e-23	3.64e-19	4.90e-16	5.33e-12	4.21e-09	8.74e-07	4.98e-05	1.17e-03	9.47e-03	3.04e-02	7.96e-02	5.08e-01	3.12e-01	5.88e-02
 5.80117e+22	5.36e-31	7.19e-23	4.74e-19	6.05e-16	6.70e-12	5.26e-09	1.08e-06	5.98e-05	1.37e-03	1.07e-02	3.31e-02	8.33e-02	5.13e-01	3.04e-01	5.51e-02
 5.81245e+22	7.15e-31	9.19e-23	5.82e-19	7.13e-16	8.00e-12	6.25e-09	1.27e-06	6.89e-05	1.54e-03	1.18e-02	3.54e-02	8.63e-02	5.16e-01	2.97e-01	5.23e-02
 5.82400e+22	1.04e-30	1.26e-22	7.59e-19	8.80e-16	1.01e-11	7.83e-09	1.56e-06	8.29e-05	1.80e-03	1.33e-02	3.85e-02	9.02e-02	5.20e-01	2.88e-01	4.88e-02
 5.83575e+22	1.39e-30	1.61e-22	9.31e-19	1.04e-15	1.20e-11	9.31e-09	1.83e-06	9.55e-05	2.03e-03	1.46e-02	4.11e-02	9.33e-02	5.22e-01	2.80e-01	4.62e-02
 5.84775e+22	2.01e-30	2.21e-22	1.21e-18	1.27e-15	1.51e-11	1.16e-08	2.26e-06	1.15e-04	2.37e-03	1.65e-02	4.47e-02	9.74e-02	5.25e-01	2.71e-01	4.30e-02
 5.86009e+22	2.70e-30	2.83e-22	1.49e-18	1.50e-15	1.81e-11	1.39e-08	2.67e-06	1.33e-04	2.68e-03	1.81e-02	4.77e-02	1.01e-01	5.27e-01	2.64e-01	4.05e-02
 5.87284e+22	3.94e-30	3.90e-22	1.95e-18	1.85e-15	2.29e-11	1.75e-08	3.30e-06	1.60e-04	3.12e-03	2.05e-02	5.19e-02	1.05e-01	5.28e-01	2.54e-01	3.75e-02
 5.88536e+22	5.15e-30	4.90e-22	2.36e-18	2.16e-15	2.70e-11	2.05e-08	3.84e-06	1.82e-04	3.49e-03	2.23e-02	5.50e-02	1.08e-01	5.29e-01	2.47e-01	3.54e-02
 5.89757e+22	7.31e-30	6.59e-22	3.01e-18	2.61e-15	3.35e-11	2.54e-08	4.68e-06	2.17e-04	4.02e-03	2.49e-02	5.93e-02	1.12e-01	5.29e-01	2.38e-01	3.28e-02
 5.91006e+22	9.56e-30	8.27e-22	3.64e-18	3.04e-15	3.95e-11	2.98e-08	5.43e-06	2.47e-04	4.48e-03	2.71e-02	6.28e-02	1.15e-01	5.29e-01	2.31e-01	3.10e-02
 5.92290e+22	1.35e-29	1.11e-21	4.66e-18	3.69e-15	4.88e-11	3.67e-08	6.59e-06	2.93e-04	5.16e-03	3.02e-02	6.75e-02	1.19e-01	5.28e-01	2.21e-01	2.86e-02
 5.93617e+22	1.80e-29	1.41e-21	5.68e-18	4.32e-15	5.80e-11	4.34e-08	7.71e-06	3.36e-04	5.77e-03	3.29e-02	7.16e-02	1.22e-01	5.26e-01	2.14e-01	2.68e-02
 5.94818e+22	2.37e-29	1.78e-21	6.90e-18	5.03e-15	6.85e-11	5.11e-08	8.98e-06	3.84e-04	6.43e-03	3.58e-02	7.56e-02	1.26e-01	5.24e-01	2.07e-01	2.51e-02
 5.96195e+22	3.37e-29	2.40e-21	8.84e-18	6.11e-15	8.48e-11	6.30e-08	1.09e-05	4.55e-04	7.39e-03	3.98e-02	8.11e-02	1.30e-01	5.21e-01	1.97e-01	2.31e-02
 5.97578e+22	4.41e-29	3.01e-21	1.07e-17	7.09e-15	9.97e-11	7.37e-08	1.26e-05	5.17e-04	8.20e-03	4.31e-02	8.54e-02	1.33e-01	5.18e-01	1.90e-01	2.16e-02
 5.98970e+22	6.21e-29	4.01e-21	1.36e-17	8.58e-15	1.22e-10	9.00e-08	1.52e-05	6.08e-04	9.35e-03	4.76e-02	9.12e-02	1.36e-01	5.14e-01	1.81e-01	1.98e-02
 6.00395e+22	8.19e-29	5.07e-21	1.65e-17	9.99e-15	1.44e-10	1.06e-07	1.76e-05	6.92e-04	1.04e-02	5.15e-02	9.59e-02	1.39e-01	5.09e-01	1.74e-01	1.84e-02
 6.01617e+22	1.05e-28	6.23e-21	1.96e-17	1.15e-14	1.67e-10	1.22e-07	2.01e-05	7.76e-04	1.14e-02	5.52e-02	1.00e-01	1.42e-01	5.05e-01	1.68e-01	1.73e-02
 6.02958e+22	1.44e-28	8.14e-21	2.45e-17	1.37e-14	2.01e-10	1.46e-07	2.38e-05	8.99e-04	1.28e-02	6.04e-02	1.06e-01	1.45e-01	4.99e-01	1.60e-01	1.59e-02
 6.04310e+22	1.84e-28	1.00e-20	2.92e-17	1.56e-14	2.31e-10	1.68e-07	2.71e-05	1.01e-03	1.40e-02	6.45e-02	1.11e-01	1.47e-01	4.94e-01	1.54e-01	1.48e-02
 6.05677e+22	2.53e-28	1.31e-20	3.64e-17	1.86e-14	2.78e-10	2.00e-07	3.20e-05	1.16e-03	1.57e-02	7.04e-02	1.17e-01	1.50e-01	4.86e-01	1.46e-01	1.36e-02
 6.07057e+22	3.22e-28	1.60e-20	4.32e-17	2.13e-14	3.19e-10	2.29e-07	3.62e-05	1.30e-03	1.71e-02	7.49e-02	1.21e-01	1.52e-01	4.81e-01	1.40e-01	1.27e-02
 6.08452e+22	4.42e-28	2.09e-20	5.39e-17	2.54e-14	3.82e-10	2.73e-07	4.26e-05	1.49e-03	1.92e-02	8.14e-02	1.27e-01	1.54e-01	4.72e-01	1.33e-01	1.15e-02
 6.09872e+22	5.64e-28	2.57e-20	6.42e-17	2.92e-14	4.39e-10	3.12e-07	4.82e-05	1.66e-03	2.08e-02	8.65e-02	1.32e-01	1.56e-01	4.65e-01	1.27e-01	1.08e-02
 6.11323e+22	7.78e-28	3.36e-20	8.04e-17	3.48e-14	5.24e-10	3.71e-07	5.67e-05	1.91e-03	2.33e-02	9.37e-02	1.39e-01	1.58e-01	4.55e-01	1.20e-01	9.75e-03
 6.12740e+22	9.75e-28	4.07e-20	9.44e-17	3.97e-14	5.95e-10	4.19e-07	6.34e-05	2.11e-03	2.51e-02	9.89e-02	1.43e-01	1.59e-01	4.48e-01	1.15e-01	9.11e-03
 6.14113e+22	1.31e-27	5.22e-20	1.16e-16	4.68e-14	7.00e-10	4.91e-07	7.35e-05	2.40e-03	2.77e-02	1.06e-01	1.49e-01	1.61e-01	4.38e-01	1.08e-01	8.29e-03
 6.15512e+22	1.66e-27	6.34e-20	1.37e-16	5.34e-14	7.96e-10	5.55e-07	8.22e-05	2.64e-03	2.98e-02	1.12e-01	1.53e-01	1.62e-01	4.30e-01	1.03e-01	7.71e-03
 6.16945e+22	2.24e-27	8.18e-20	1.70e-16	6.33e-14	9.37e-10	6.50e-07	9.51e-05	3.00e-03	3.29e-02	1.20e-01	1.59e-01	1.63e-01	4.18e-01	9.70e-02	6.99e-03
 6.18403e+22	2.85e-27	9.99e-20	2.01e-16	7.25e-14	1.07e-09	7.35e-07	1.06e-04	3.30e-03	3.54e-02	1.26e-01	1.63e-01	1.63e-01	4.09e-01	9.23e-02	6.47e-03
 6.19896e+22	3.88e-27	1.30e-19	2.51e-16	8.63e-14	1.26e-09	8.61e-07	1.23e-04	3.75e-03	3.90e-02	1.35e-01	1.69e-01	1.64e-01	3.97e-01	8.63e-02	5.83e-03
 6.21414e+22	4.94e-27	1.59e-19	2.98e-16	9.93e-14	1.43e-09	9.74e-07	1.38e-04	4.12e-03	4.19e-02	1.42e-01	1.73e-01	1.64e-01	3.88e-01	8.19e-02	5.38e-03
 6.22968e+22	6.78e-27	2.07e-19	3.73e-16	1.19e-13	1.69e-09	1.14e-06	1.59e-04	4.67e-03	4.61e-02	1.51e-01	1.79e-01	1.64e-01	3.75e-01	7.62e-02	4.82e-03
 6.24552e+22	8.69e-27	2.55e-19	4.46e-16	1.37e-13	1.93e-09	1.29e-06	1.79e-04	5.14e-03	4.95e-02	1.59e-01	1.83e-01	1.63e-01	3.64e-01	7.20e-02	4.42e-03
 6.26178e+22	1.20e-26	3.34e-19	5.61e-16	1.65e-13	2.28e-09	1.51e-06	2.06e-04	5.82e-03	5.42e-02	1.68e-01	1.88e-01	1.63e-01	3.51e-01	6.67e-02	3.95e-03
 6.27849e+22	1.56e-26	4.17e-19	6.77e-16	1.93e-13	2.61e-09	1.72e-06	2.32e-04	6.42e-03	5.82e-02	1.76e-01	1.91e-01	1.62e-01	3.39e-01	6.26e-02	3.59e-03
 6.29580e+22	2.17e-26	5.51e-19	8.60e-16	2.34e-13	3.10e-09	2.02e-06	2.68e-04	7.26e-03	6.37e-02	1.87e-01	1.96e-01	1.60e-01	3.25e-01	5.76e-02	3.18e-03
 6.31360e+22	2.82e-26	6.94e-19	1.05e-15	2.75e-13	3.57e-09	2.31e-06	3.02e-04	8.02e-03	6.85e-02	1.96e-01	1.99e-01	1.59e-01	3.13e-01	5.37e-02	2.87e-03
 6.32890e+22	3.60e-26	8.51e-19	1.25e-15	3.18e-13	4.05e-09	2.59e-06	3.35e-04	8.75e-03	7.29e-02	2.03e-01	2.02e-01	1.57e-01	3.03e-01	5.05e-02	2.62e-03
 6.34568e+22	4.96e-26	1.11e-18	1.57e-15	3.82e-13	4.75e-09	3.01e-06	3.83e-04	9.81e-03	7.91e-02	2.14e-01	2.05e-01	1.55e-01	2.88e-01	4.63e-02	2.31e-03
 6.36273e+22	6.36e-26	1.37e-18	1.88e-15	4.43e-13	5.40e-09	3.39e-06	4.25e-04	1.07e-02	8.41e-02	2.22e-01	2.07e-01	1.53e-01	2.78e-01	4.32e-02	2.10e-03
 6.38013e+22	8.68e-26	1.78e-18	2.36e-15	5.34e-13	6.33e-09	3.92e-06	4.84e-04	1.19e-02	9.06e-02	2.32e-01	2.10e-01	1.50e-01	2.64e-01	3.97e-02	1.86e-03
 6.39854e+22	1.16e-25	2.27e-18	2.91e-15	6.33e-13	7.31e-09	4.47e-06	5.44e-04	1.31e-02	9.69e-02	2.41e-01	2.12e-01	1.47e-01	2.52e-01	3.66e-02	1.66e-03
 6.41549e+22	1.50e-25	2.84e-18	3.53e-15	7.42e-13	8.38e-09	5.06e-06	6.06e-04	1.43e-02	1.03e-01	2.49e-01	2.13e-01	1.44e-01	2.40e-01	3.38e-02	1.49e-03
 6.43476e+22	2.12e-25	3.79e-18	4.53e-15	9.11e-13	9.95e-09	5.91e-06	6.95e-04	1.60e-02	1.11e-01	2.60e-01	2.14e-01	1.40e-01	2.26e-01	3.06e-02	1.29e-03
 6.45504e+22	2.86e-25	4.88e-18	5.63e-15	1.09e-12	1.16e-08	6.77e-06	7.83e-04	1.77e-02	1.19e-01	2.69e-01	2.14e-01	1.37e-01	2.14e-01	2.79e-02	1.13e-03
 6.47297e+22	3.74e-25	6.11e-18	6.84e-15	1.28e-12	1.32e-08	7.64e-06	8.69e-04	1.92e-02	1.25e-01	2.77e-01	2.14e-01	1.33e-01	2.03e-01	2.56e-02	1.01e-03
 6.49261e+22	5.24e-25	8.09e-18	8.74e-15	1.57e-12	1.56e-08	8.87e-06	9.89e-04	2.13e-02	1.34e-01	2.86e-01	2.14e-01	1.29e-01	1.90e-01	2.31e-02	8.74e-04
 6.51276e+22	6.99e-25	1.03e-17	1.08e-14	1.86e-12	1.80e-08	1.01e-05	1.10e-03	2.33e-02	1.42e-01	2.94e-01	2.13e-01	1.25e-01	1.79e-01	2.10e-02	7.69e-04
 6.53060e+22	9.17e-25	1.29e-17	1.31e-14	2.18e-12	2.05e-08	1.13e-05	1.22e-03	2.53e-02	1.50e-01	3.01e-01	2.12e-01	1.21e-01	1.69e-01	1.92e-02	6.80e-04
 6.55085e+22	1.29e-24	1.71e-17	1.67e-14	2.67e-12	2.42e-08	1.31e-05	1.39e-03	2.79e-02	1.60e-01	3.10e-01	2.10e-01	1.16e-01	1.57e-01	1.71e-02	5.82e-04
 6.57175e+22	1.73e-24	2.19e-17	2.07e-14	3.18e-12	2.79e-08	1.49e-05	1.54e-03	3.04e-02	1.68e-01	3.17e-01	2.08e-01	1.12e-01	1.47e-01	1.54e-02	5.06e-04
 6.59033e+22	2.27e-24	2.75e-17	2.52e-14	3.74e-12	3.19e-08	1.67e-05	1.71e-03	3.29e-02	1.77e-01	3.23e-01	2.06e-01	1.08e-01	1.38e-01	1.40e-02	4.45e-04
 6.61133e+22	3.24e-24	3.69e-17	3.25e-14	4.60e-12	3.77e-08	1.94e-05	1.94e-03	3.63e-02	1.88e-01	3.30e-01	2.02e-01	1.03e-01	1.26e-01	1.23e-02	3.74e-04
 6.63283e+22	4.35e-24	4.73e-17	4.01e-14	5.46e-12	4.31e-08	2.19e-05	2.15e-03	3.95e-02	1.97e-01	3.35e-01	1.99e-01	9.84e-02	1.17e-01	1.10e-02	3.22e-04
 6.65208e+22	5.76e-24	5.98e-17	4.92e-14	6.46e-12	4.94e-08	2.47e-05	2.37e-03	4.26e-02	2.06e-01	3.40e-01	1.95e-01	9.43e-02	1.09e-01	9.89e-03	2.80e-04
 6.67421e+22	8.36e-24	8.16e-17	6.42e-14	8.01e-12	5.85e-08	2.87e-05	2.70e-03	4.71e-02	2.18e-01	3.46e-01	1.90e-01	8.87e-02	9.89e-02	8.53e-03	2.31e-04
 6.69649e+22	1.11e-23	1.04e-16	7.89e-14	9.48e-12	6.69e-08	3.22e-05	2.97e-03	5.08e-02	2.27e-01	3.49e-01	1.86e-01	8.45e-02	9.16e-02	7.62e-03	1.99e-04
 6.71897e+22	1.62e-23	1.42e-16	1.03e-13	1.18e-11	7.90e-08	3.73e-05	3.37e-03	5.61e-02	2.40e-01	3.53e-01	1.80e-01	7.90e-02	8.23e-02	6.51e-03	1.62e-04
 6.74172e+22	2.17e-23	1.81e-16	1.27e-13	1.39e-11	9.03e-08	4.19e-05	3.72e-03	6.04e-02	2.49e-01	3.55e-01	1.75e-01	7.48e-02	7.56e-02	5.77e-03	1.38e-04
 6.76479e+22	3.18e-23	2.50e-16	1.67e-13	1.73e-11	1.07e-07	4.86e-05	4.22e-03	6.66e-02	2.62e-01	3.57e-01	1.68e-01	6.95e-02	6.74e-02	4.88e-03	1.11e-04
 6.78820e+22	4.29e-23	3.21e-16	2.07e-13	2.06e-11	1.22e-07	5.46e-05	4.64e-03	7.16e-02	2.72e-01	3.58e-01	1.63e-01	6.55e-02	6.15e-02	4.29e-03	9.38e-05
 6.80787e+22	5.65e-23	4.04e-16	2.51e-13	2.41e-11	1.38e-07	6.05e-05	5.07e-03	7.67e-02	2.81e-01	3.58e-01	1.57e-01	6.19e-02	5.64e-02	3.78e-03	7.97e-05
 6.82641e+22	7.38e-23	5.05e-16	3.04e-13	2.81e-11	1.55e-07	6.70e-05	5.52e-03	8.18e-02	2.90e-01	3.57e-01	1.52e-01	5.85e-02	5.18e-02	3.35e-03	6.82e-05
 6.84765e+22	1.05e-22	6.81e-16	3.91e-13	3.43e-11	1.80e-07	7.64e-05	6.16e-03	8.91e-02	3.01e-01	3.56e-01	1.45e-01	5.41e-02	4.60e-02	2.83e-03	5.49e-05
 6.86892e+22	1.37e-22	8.52e-16	4.73e-13	4.01e-11	2.02e-07	8.45e-05	6.69e-03	9.47e-02	3.10e-01	3.54e-01	1.40e-01	5.09e-02	4.21e-02	2.50e-03	4.68e-05
 6.89022e+22	1.96e-22	1.15e-15	6.09e-13	4.90e-11	2.35e-07	9.62e-05	7.46e-03	1.03e-01	3.21e-01	3.50e-01	1.32e-01	4.69e-02	3.72e-02	2.10e-03	3.74e-05
 6.91193e+22	2.61e-22	1.46e-15	7.45e-13	5.77e-11	2.65e-07	1.07e-04	8.13e-03	1.10e-01	3.29e-01	3.47e-01	1.27e-01	4.38e-02	3.37e-02	1.83e-03	3.13e-05
 6.93417e+22	3.78e-22	2.00e-15	9.70e-13	7.13e-11	3.10e-07	1.22e-04	9.08e-03	1.19e-01	3.40e-01	3.42e-01	1.19e-01	4.01e-02	2.95e-02	1.52e-03	2.47e-05
 6.95696e+22	5.12e-22	2.59e-15	1.20e-12	8.49e-11	3.53e-07	1.36e-04	9.93e-03	1.28e-01	3.48e-01	3.37e-01	1.13e-01	3.71e-02	2.64e-02	1.30e-03	2.03e-05
 6.98044e+22	7.60e-22	3.63e-15	1.60e-12	1.07e-10	4.18e-07	1.57e-04	1.11e-02	1.39e-01	3.58e-01	3.29e-01	1.05e-01	3.36e-02	2.27e-02	1.06e-03	1.57e-05
 7.00438e+22	1.05e-21	4.76e-15	2.01e-12	1.28e-10	4.79e-07	1.76e-04	1.22e-02	1.49e-01	3.66e-01	3.22e-01	9.87e-02	3.09e-02	2.01e-02	9.00e-04	1.27e-05
 7.02864e+22	1.57e-21	6.76e-15	2.69e-12	1.63e-10	5.72e-07	2.04e-04	1.37e-02	1.62e-01	3.75e-01	3.13e-01	9.08e-02	2.76e-02	1.72e-02	7.24e-04	9.62e-06
 7.05309e+22	2.18e-21	8.94e-15	3.41e-12	1.98e-10	6.61e-07	2.29e-04	1.51e-02	1.73e-01	3.82e-01	3.04e-01	8.48e-02	2.53e-02	1.51e-02	6.07e-04	7.71e-06
 7.07713e+22	3.25e-21	1.26e-14	4.56e-12	2.51e-10	7.89e-07	2.64e-04	1.69e-02	1.88e-01	3.89e-01	2.93e-01	7.76e-02	2.26e-02	1.28e-02	4.87e-04	5.84e-06
 7.10141e+22	4.55e-21	1.69e-14	5.83e-12	3.08e-10	9.18e-07	2.98e-04	1.85e-02	2.00e-01	3.94e-01	2.83e-01	7.18e-02	2.05e-02	1.12e-02	4.04e-04	4.62e-06
 7.12328e+22	6.32e-21	2.25e-14	7.42e-12	3.76e-10	1.07e-06	3.36e-04	2.03e-02	2.13e-01	3.98e-01	2.73e-01	6.64e-02	1.86e-02	9.72e-03	3.36e-04	3.66e-06
 7.14406e+22	8.56e-21	2.92e-14	9.29e-12	4.53e-10	1.23e-06	3.75e-04	2.20e-02	2.26e-01	4.01e-01	2.64e-01	6.16e-02	1.69e-02	8.54e-03	2.82e-04	2.95e-06
 7.16652e+22	1.25e-20	4.07e-14	1.23e-11	5.74e-10	1.46e-06	4.31e-04	2.44e-02	2.42e-01	4.04e-01	2.51e-01	5.59e-02	1.51e-02	7.24e-03	2.27e-04	2.24e-06
 7.18874e+22	1.68e-20	5.26e-14	1.53e-11	6.90e-10	1.68e-06	4.80e-04	2.65e-02	2.55e-01	4.05e-01	2.42e-01	5.17e-02	1.37e-02	6.35e-03	1.91e-04	1.81e-06
 7.21104e+22	2.47e-20	7.33e-14	2.04e-11	8.78e-10	2.02e-06	5.52e-04	2.93e-02	2.72e-01	4.05e-01	2.29e-01	4.65e-02	1.21e-02	5.35e-03	1.52e-04	1.37e-06
 7.23332e+22	3.30e-20	9.44e-14	2.54e-11	1.06e-09	2.32e-06	6.15e-04	3.17e-02	2.85e-01	4.05e-01	2.19e-01	4.29e-02	1.10e-02	4.68e-03	1.27e-04	1.10e-06
 7.25573e+22	4.84e-20	1.32e-13	3.38e-11	1.35e-09	2.80e-06	7.08e-04	3.50e-02	3.04e-01	4.03e-01	2.06e-01	3.83e-02	9.68e-03	3.92e-03	1.01e-04	8.24e-07
 7.27814e+22	6.46e-20	1.69e-13	4.20e-11	1.63e-09	3.22e-06	7.87e-04	3.77e-02	3.17e-01	4.01e-01	1.96e-01	3.52e-02	8.76e-03	3.42e-03	8.45e-05	6.61e-07
 7.30056e+22	9.43e-20	2.34e-13	5.57e-11	2.08e-09	3.87e-06	9.04e-04	4.15e-02	3.36e-01	3.97e-01	1.83e-01	3.13e-02	7.67e-03	2.85e-03	6.67e-05	4.95e-07
 7.32307e+22	1.26e-19	3.00e-13	6.92e-11	2.51e-09	4.47e-06	1.00e-03	4.46e-02	3.49e-01	3.93e-01	1.74e-01	2.86e-02	6.92e-03	2.48e-03	5.56e-05	3.96e-07
 7.34570e+22	1.83e-19	4.14e-13	9.18e-11	3.20e-09	5.38e-06	1.15e-03	4.90e-02	3.68e-01	3.87e-01	1.62e-01	2.53e-02	6.03e-03	2.06e-03	4.37e-05	2.94e-07
 7.36848e+22	2.44e-19	5.30e-13	1.14e-10	3.86e-09	6.20e-06	1.28e-03	5.25e-02	3.82e-01	3.81e-01	1.53e-01	2.30e-02	5.41e-03	1.78e-03	3.63e-05	2.34e-07
 7.39145e+22	3.54e-19	7.28e-13	1.51e-10	4.93e-09	7.47e-06	1.46e-03	5.74e-02	4.00e-01	3.74e-01	1.41e-01	2.03e-02	4.69e-03	1.47e-03	2.83e-05	1.74e-07
 7.41470e+22	4.73e-19	9.31e-13	1.87e-10	5.96e-09	8.62e-06	1.62e-03	6.15e-02	4.13e-01	3.67e-01	1.33e-01	1.84e-02	4.19e-03	1.26e-03	2.34e-05	1.37e-07
 7.43828e+22	6.89e-19	1.28e-12	2.48e-10	7.63e-09	1.04e-05	1.86e-03	6.71e-02	4.31e-01	3.57e-01	1.22e-01	1.61e-02	3.61e-03	1.04e-03	1.81e-05	0.00e+00
 7.46223e+22	9.25e-19	1.63e-12	3.08e-10	9.23e-09	1.20e-05	2.06e-03	7.17e-02	4.44e-01	3.49e-01	1.14e-01	1.44e-02	3.21e-03	8.87e-04	1.48e-05	0.00e+00
 7.48665e+22	1.36e-18	2.25e-12	4.10e-10	1.19e-08	1.45e-05	2.36e-03	7.82e-02	4.62e-01	3.38e-01	1.04e-01	1.25e-02	2.74e-03	7.19e-04	1.14e-05	0.00e+00
 7.51156e+22	1.84e-18	2.88e-12	5.11e-10	1.44e-08	1.68e-05	2.62e-03	8.34e-02	4.74e-01	3.29e-01	9.69e-02	1.12e-02	2.42e-03	6.11e-04	9.25e-06	0.00e+00
