#depth	N	N+	N+2	N+3	N+4	N+5	N+6	N+7
 4.62852e+21	0.00e+00	1.42e-25	5.93e-20	2.66e-15	4.10e-11	1.17e-06	2.09e-03	9.98e-01
 1.05657e+22	1.02e-31	1.20e-24	3.57e-19	1.15e-14	1.27e-10	2.45e-06	3.00e-03	9.97e-01
 1.27668e+22	5.44e-31	5.05e-24	1.20e-18	3.09e-14	2.73e-10	4.05e-06	3.83e-03	9.96e-01
 1.43731e+22	2.07e-30	1.59e-23	3.14e-18	6.78e-14	5.01e-10	6.06e-06	4.66e-03	9.95e-01
 1.52655e+22	2.90e-30	2.12e-23	4.00e-18	8.26e-14	5.83e-10	6.71e-06	4.90e-03	9.95e-01
 1.55549e+22	3.58e-30	2.54e-23	4.65e-18	9.33e-14	6.41e-10	7.15e-06	5.05e-03	9.95e-01
 1.58100e+22	4.66e-30	3.19e-23	5.63e-18	1.09e-13	7.24e-10	7.75e-06	5.25e-03	9.95e-01
 1.60762e+22	5.88e-30	3.89e-23	6.64e-18	1.25e-13	8.02e-10	8.31e-06	5.44e-03	9.95e-01
 1.63569e+22	7.89e-30	4.99e-23	8.18e-18	1.48e-13	9.12e-10	9.07e-06	5.68e-03	9.94e-01
 1.66271e+22	9.94e-30	6.08e-23	9.64e-18	1.69e-13	1.01e-09	9.71e-06	5.88e-03	9.94e-01
 1.68433e+22	1.20e-29	7.17e-23	1.11e-17	1.89e-13	1.10e-09	1.03e-05	6.05e-03	9.94e-01
 1.70837e+22	1.55e-29	8.86e-23	1.32e-17	2.18e-13	1.22e-09	1.11e-05	6.28e-03	9.94e-01
 1.73408e+22	1.95e-29	1.08e-22	1.56e-17	2.49e-13	1.35e-09	1.19e-05	6.51e-03	9.93e-01
 1.75791e+22	2.45e-29	1.31e-22	1.83e-17	2.83e-13	1.49e-09	1.27e-05	6.73e-03	9.93e-01
 1.78484e+22	3.30e-29	1.69e-22	2.26e-17	3.35e-13	1.70e-09	1.39e-05	7.04e-03	9.93e-01
 1.81049e+22	4.09e-29	2.03e-22	2.62e-17	3.78e-13	1.86e-09	1.48e-05	7.27e-03	9.93e-01
 1.83449e+22	5.23e-29	2.50e-22	3.11e-17	4.35e-13	2.06e-09	1.59e-05	7.55e-03	9.92e-01
 1.85999e+22	6.65e-29	3.06e-22	3.69e-17	4.97e-13	2.28e-09	1.71e-05	7.83e-03	9.92e-01
 1.88289e+22	8.28e-29	3.69e-22	4.29e-17	5.61e-13	2.50e-09	1.82e-05	8.09e-03	9.92e-01
 1.90811e+22	1.09e-28	4.65e-22	5.20e-17	6.53e-13	2.79e-09	1.97e-05	8.43e-03	9.92e-01
 1.93401e+22	1.38e-28	5.67e-22	6.12e-17	7.44e-13	3.08e-09	2.11e-05	8.74e-03	9.91e-01
 1.95623e+22	1.72e-28	6.83e-22	7.13e-17	8.39e-13	3.36e-09	2.25e-05	9.04e-03	9.91e-01
 1.97706e+22	2.12e-28	8.16e-22	8.24e-17	9.41e-13	3.66e-09	2.39e-05	9.33e-03	9.91e-01
 2.00062e+22	2.74e-28	1.01e-21	9.83e-17	1.08e-12	4.05e-09	2.58e-05	9.71e-03	9.90e-01
 2.02524e+22	3.47e-28	1.23e-21	1.16e-16	1.23e-12	4.44e-09	2.76e-05	1.01e-02	9.90e-01
 2.04725e+22	4.35e-28	1.49e-21	1.35e-16	1.39e-12	4.84e-09	2.94e-05	1.04e-02	9.90e-01
 2.07191e+22	5.76e-28	1.89e-21	1.63e-16	1.61e-12	5.40e-09	3.18e-05	1.09e-02	9.89e-01
 2.09604e+22	7.23e-28	2.28e-21	1.91e-16	1.82e-12	5.88e-09	3.39e-05	1.13e-02	9.89e-01
 2.11582e+22	8.93e-28	2.72e-21	2.20e-16	2.03e-12	6.35e-09	3.60e-05	1.16e-02	9.88e-01
 2.13786e+22	1.16e-27	3.37e-21	2.62e-16	2.32e-12	6.99e-09	3.87e-05	1.21e-02	9.88e-01
 2.16074e+22	1.44e-27	4.06e-21	3.04e-16	2.61e-12	7.60e-09	4.12e-05	1.25e-02	9.87e-01
 2.18157e+22	1.81e-27	4.91e-21	3.54e-16	2.94e-12	8.25e-09	4.39e-05	1.30e-02	9.87e-01
 2.20229e+22	2.28e-27	5.94e-21	4.13e-16	3.30e-12	8.95e-09	4.67e-05	1.34e-02	9.87e-01
 2.22224e+22	2.82e-27	7.09e-21	4.76e-16	3.69e-12	9.67e-09	4.96e-05	1.39e-02	9.86e-01
 2.24435e+22	3.68e-27	8.85e-21	5.70e-16	4.23e-12	1.06e-08	5.34e-05	1.44e-02	9.86e-01
 2.26677e+22	4.64e-27	1.07e-20	6.65e-16	4.77e-12	1.15e-08	5.69e-05	1.50e-02	9.85e-01
 2.28598e+22	5.74e-27	1.28e-20	7.67e-16	5.32e-12	1.24e-08	6.03e-05	1.55e-02	9.84e-01
 2.30735e+22	7.49e-27	1.60e-20	9.16e-16	6.09e-12	1.37e-08	6.49e-05	1.61e-02	9.84e-01
 2.32948e+22	9.52e-27	1.95e-20	1.07e-15	6.87e-12	1.48e-08	6.92e-05	1.67e-02	9.83e-01
 2.34847e+22	1.17e-26	2.32e-20	1.23e-15	7.65e-12	1.59e-08	7.33e-05	1.72e-02	9.83e-01
 2.36904e+22	1.53e-26	2.89e-20	1.47e-15	8.75e-12	1.75e-08	7.88e-05	1.79e-02	9.82e-01
 2.39020e+22	1.91e-26	3.47e-20	1.71e-15	9.80e-12	1.89e-08	8.38e-05	1.85e-02	9.81e-01
 2.40917e+22	2.41e-26	4.21e-20	1.99e-15	1.10e-11	2.04e-08	8.91e-05	1.92e-02	9.81e-01
 2.42768e+22	2.99e-26	5.03e-20	2.30e-15	1.23e-11	2.20e-08	9.46e-05	1.98e-02	9.80e-01
 2.44855e+22	3.92e-26	6.29e-20	2.75e-15	1.41e-11	2.41e-08	1.02e-04	2.07e-02	9.79e-01
 2.47015e+22	5.02e-26	7.73e-20	3.24e-15	1.59e-11	2.62e-08	1.09e-04	2.14e-02	9.78e-01
 2.48907e+22	6.33e-26	9.36e-20	3.78e-15	1.79e-11	2.83e-08	1.16e-04	2.22e-02	9.78e-01
 2.50714e+22	7.89e-26	1.12e-19	4.38e-15	2.00e-11	3.06e-08	1.23e-04	2.29e-02	9.77e-01
 2.52772e+22	1.05e-25	1.42e-19	5.28e-15	2.31e-11	3.36e-08	1.33e-04	2.39e-02	9.76e-01
 2.54892e+22	1.33e-25	1.73e-19	6.20e-15	2.61e-11	3.65e-08	1.42e-04	2.48e-02	9.75e-01
 2.57092e+22	1.82e-25	2.25e-19	7.62e-15	3.05e-11	4.06e-08	1.54e-04	2.59e-02	9.74e-01
 2.59308e+22	2.35e-25	2.78e-19	9.05e-15	3.48e-11	4.43e-08	1.65e-04	2.69e-02	9.73e-01
 2.61129e+22	2.94e-25	3.34e-19	1.05e-14	3.89e-11	4.77e-08	1.75e-04	2.78e-02	9.72e-01
 2.63083e+22	3.90e-25	4.24e-19	1.27e-14	4.50e-11	5.26e-08	1.89e-04	2.89e-02	9.71e-01
 2.65076e+22	4.99e-25	5.19e-19	1.49e-14	5.09e-11	5.71e-08	2.02e-04	3.00e-02	9.70e-01
 2.66695e+22	6.11e-25	6.14e-19	1.71e-14	5.64e-11	6.12e-08	2.13e-04	3.08e-02	9.69e-01
 2.68376e+22	7.88e-25	7.59e-19	2.03e-14	6.42e-11	6.67e-08	2.27e-04	3.20e-02	9.68e-01
 2.69983e+22	9.54e-25	8.90e-19	2.31e-14	7.08e-11	7.12e-08	2.39e-04	3.28e-02	9.67e-01
 2.71276e+22	1.15e-24	1.04e-18	2.62e-14	7.79e-11	7.59e-08	2.51e-04	3.37e-02	9.66e-01
 2.72545e+22	1.38e-24	1.21e-18	2.95e-14	8.54e-11	8.07e-08	2.63e-04	3.45e-02	9.65e-01
 2.73785e+22	1.63e-24	1.39e-18	3.30e-14	9.29e-11	8.54e-08	2.75e-04	3.53e-02	9.64e-01
 2.75184e+22	2.03e-24	1.67e-18	3.83e-14	1.04e-10	9.21e-08	2.92e-04	3.64e-02	9.63e-01
 2.76592e+22	2.47e-24	1.97e-18	4.37e-14	1.15e-10	9.84e-08	3.07e-04	3.74e-02	9.62e-01
 2.77782e+22	2.95e-24	2.28e-18	4.93e-14	1.26e-10	1.05e-07	3.21e-04	3.83e-02	9.61e-01
 2.78895e+22	3.52e-24	2.64e-18	5.55e-14	1.38e-10	1.11e-07	3.36e-04	3.92e-02	9.60e-01
 2.79969e+22	4.10e-24	3.00e-18	6.15e-14	1.49e-10	1.17e-07	3.49e-04	4.00e-02	9.60e-01
 2.81193e+22	5.06e-24	3.58e-18	7.09e-14	1.66e-10	1.26e-07	3.68e-04	4.11e-02	9.59e-01
 2.82452e+22	6.14e-24	4.21e-18	8.08e-14	1.84e-10	1.34e-07	3.87e-04	4.22e-02	9.57e-01
 2.83548e+22	7.31e-24	4.87e-18	9.10e-14	2.01e-10	1.43e-07	4.04e-04	4.31e-02	9.56e-01
 2.84761e+22	9.12e-24	5.86e-18	1.06e-13	2.25e-10	1.54e-07	4.27e-04	4.44e-02	9.55e-01
 2.85944e+22	1.08e-23	6.75e-18	1.19e-13	2.46e-10	1.63e-07	4.46e-04	4.54e-02	9.54e-01
 2.86932e+22	1.29e-23	7.84e-18	1.34e-13	2.70e-10	1.73e-07	4.66e-04	4.64e-02	9.53e-01
 2.87905e+22	1.52e-23	9.00e-18	1.50e-13	2.94e-10	1.84e-07	4.85e-04	4.73e-02	9.52e-01
 2.89013e+22	1.90e-23	1.08e-17	1.74e-13	3.29e-10	1.98e-07	5.12e-04	4.87e-02	9.51e-01
 2.90137e+22	2.30e-23	1.27e-17	1.99e-13	3.64e-10	2.12e-07	5.37e-04	4.98e-02	9.50e-01
 2.91105e+22	2.74e-23	1.48e-17	2.24e-13	3.99e-10	2.25e-07	5.60e-04	5.09e-02	9.49e-01
 2.92189e+22	3.45e-23	1.79e-17	2.62e-13	4.49e-10	2.44e-07	5.92e-04	5.23e-02	9.47e-01
 2.93303e+22	4.28e-23	2.15e-17	3.04e-13	5.03e-10	2.62e-07	6.23e-04	5.37e-02	9.46e-01
 2.94268e+22	5.09e-23	2.49e-17	3.42e-13	5.51e-10	2.79e-07	6.50e-04	5.48e-02	9.45e-01
 2.95335e+22	6.49e-23	3.05e-17	4.05e-13	6.26e-10	3.04e-07	6.89e-04	5.64e-02	9.43e-01
 2.96399e+22	7.91e-23	3.60e-17	4.63e-13	6.94e-10	3.25e-07	7.21e-04	5.77e-02	9.42e-01
 2.97462e+22	1.03e-22	4.51e-17	5.56e-13	7.98e-10	3.57e-07	7.67e-04	5.94e-02	9.40e-01
 2.98517e+22	1.25e-22	5.30e-17	6.35e-13	8.83e-10	3.82e-07	8.03e-04	6.08e-02	9.38e-01
 2.99564e+22	1.65e-22	6.70e-17	7.69e-13	1.02e-09	4.20e-07	8.55e-04	6.27e-02	9.36e-01
 3.00579e+22	1.97e-22	7.81e-17	8.72e-13	1.12e-09	4.48e-07	8.92e-04	6.40e-02	9.35e-01
 3.01553e+22	2.60e-22	9.87e-17	1.06e-12	1.30e-09	4.93e-07	9.49e-04	6.59e-02	9.33e-01
 3.02525e+22	3.13e-22	1.16e-16	1.20e-12	1.44e-09	5.27e-07	9.91e-04	6.73e-02	9.32e-01
 3.03493e+22	4.17e-22	1.48e-16	1.47e-12	1.67e-09	5.83e-07	1.06e-03	6.94e-02	9.30e-01
 3.04464e+22	5.11e-22	1.75e-16	1.69e-12	1.86e-09	6.26e-07	1.11e-03	7.10e-02	9.28e-01
 3.05440e+22	6.87e-22	2.25e-16	2.08e-12	2.17e-09	6.95e-07	1.18e-03	7.33e-02	9.26e-01
 3.06428e+22	8.51e-22	2.70e-16	2.41e-12	2.44e-09	7.50e-07	1.24e-03	7.50e-02	9.24e-01
 3.07433e+22	1.15e-21	3.49e-16	2.97e-12	2.86e-09	8.34e-07	1.33e-03	7.74e-02	9.21e-01
 3.08428e+22	1.44e-21	4.23e-16	3.48e-12	3.23e-09	9.04e-07	1.39e-03	7.93e-02	9.19e-01
 3.09413e+22	1.94e-21	5.46e-16	4.30e-12	3.79e-09	1.01e-06	1.49e-03	8.18e-02	9.17e-01
 3.10415e+22	2.47e-21	6.71e-16	5.10e-12	4.31e-09	1.10e-06	1.57e-03	8.39e-02	9.15e-01
 3.11440e+22	3.41e-21	8.82e-16	6.38e-12	5.11e-09	1.23e-06	1.69e-03	8.68e-02	9.12e-01
 3.12473e+22	4.37e-21	1.09e-15	7.60e-12	5.84e-09	1.34e-06	1.78e-03	8.90e-02	9.09e-01
 3.13516e+22	6.08e-21	1.45e-15	9.59e-12	6.97e-09	1.51e-06	1.92e-03	9.21e-02	9.06e-01
 3.14565e+22	7.82e-21	1.79e-15	1.14e-11	7.98e-09	1.65e-06	2.03e-03	9.46e-02	9.03e-01
 3.15474e+22	1.00e-20	2.22e-15	1.36e-11	9.13e-09	1.81e-06	2.14e-03	9.71e-02	9.01e-01
 3.16506e+22	1.40e-20	2.94e-15	1.72e-11	1.09e-08	2.04e-06	2.31e-03	1.00e-01	8.97e-01
 3.17528e+22	1.76e-20	3.58e-15	2.03e-11	1.23e-08	2.22e-06	2.43e-03	1.03e-01	8.95e-01
 3.18536e+22	2.39e-20	4.66e-15	2.52e-11	1.46e-08	2.48e-06	2.60e-03	1.06e-01	8.91e-01
 3.19574e+22	3.07e-20	5.77e-15	3.01e-11	1.67e-08	2.71e-06	2.75e-03	1.09e-01	8.88e-01
 3.20650e+22	4.22e-20	7.57e-15	3.76e-11	1.98e-08	3.05e-06	2.95e-03	1.13e-01	8.84e-01
 3.21746e+22	5.43e-20	9.40e-15	4.50e-11	2.27e-08	3.34e-06	3.13e-03	1.16e-01	8.81e-01
 3.22867e+22	7.49e-20	1.24e-14	5.66e-11	2.71e-08	3.76e-06	3.37e-03	1.20e-01	8.77e-01
 3.24011e+22	9.61e-20	1.53e-14	6.75e-11	3.10e-08	4.12e-06	3.56e-03	1.23e-01	8.74e-01
 3.25185e+22	1.32e-19	2.02e-14	8.48e-11	3.69e-08	4.65e-06	3.84e-03	1.27e-01	8.69e-01
 3.26378e+22	1.70e-19	2.50e-14	1.01e-10	4.23e-08	5.10e-06	4.06e-03	1.30e-01	8.65e-01
 3.27598e+22	2.34e-19	3.28e-14	1.27e-10	5.04e-08	5.75e-06	4.38e-03	1.35e-01	8.61e-01
 3.28824e+22	2.96e-19	4.03e-14	1.51e-10	5.75e-08	6.29e-06	4.63e-03	1.38e-01	8.57e-01
 3.30060e+22	4.04e-19	5.26e-14	1.88e-10	6.82e-08	7.07e-06	4.98e-03	1.43e-01	8.52e-01
 3.31325e+22	5.12e-19	6.44e-14	2.22e-10	7.77e-08	7.74e-06	5.27e-03	1.47e-01	8.48e-01
 3.32428e+22	6.41e-19	7.81e-14	2.61e-10	8.80e-08	8.43e-06	5.56e-03	1.50e-01	8.44e-01
 3.33664e+22	8.58e-19	1.00e-13	3.22e-10	1.03e-07	9.43e-06	5.96e-03	1.55e-01	8.39e-01
 3.34900e+22	1.06e-18	1.20e-13	3.74e-10	1.16e-07	1.02e-05	6.27e-03	1.59e-01	8.35e-01
 3.36135e+22	1.39e-18	1.53e-13	4.56e-10	1.36e-07	1.14e-05	6.70e-03	1.64e-01	8.30e-01
 3.37398e+22	1.73e-18	1.83e-13	5.32e-10	1.53e-07	1.24e-05	7.06e-03	1.67e-01	8.25e-01
 3.38515e+22	2.13e-18	2.20e-13	6.19e-10	1.72e-07	1.34e-05	7.43e-03	1.71e-01	8.21e-01
 3.39786e+22	2.81e-18	2.78e-13	7.54e-10	2.01e-07	1.50e-05	7.95e-03	1.76e-01	8.16e-01
 3.41049e+22	3.39e-18	3.28e-13	8.64e-10	2.23e-07	1.61e-05	8.33e-03	1.80e-01	8.11e-01
 3.42304e+22	4.41e-18	4.10e-13	1.04e-09	2.59e-07	1.79e-05	8.88e-03	1.85e-01	8.06e-01
 3.43582e+22	5.34e-18	4.84e-13	1.20e-09	2.89e-07	1.93e-05	9.32e-03	1.89e-01	8.01e-01
 3.44893e+22	6.94e-18	6.07e-13	1.45e-09	3.35e-07	2.14e-05	9.94e-03	1.95e-01	7.95e-01
 3.46228e+22	8.43e-18	7.18e-13	1.67e-09	3.74e-07	2.31e-05	1.04e-02	1.99e-01	7.91e-01
 3.47596e+22	1.10e-17	9.00e-13	2.02e-09	4.34e-07	2.57e-05	1.11e-02	2.05e-01	7.84e-01
 3.48989e+22	1.33e-17	1.07e-12	2.32e-09	4.86e-07	2.78e-05	1.17e-02	2.09e-01	7.79e-01
 3.50414e+22	1.74e-17	1.34e-12	2.81e-09	5.64e-07	3.10e-05	1.25e-02	2.15e-01	7.72e-01
 3.51807e+22	2.06e-17	1.55e-12	3.18e-09	6.23e-07	3.32e-05	1.31e-02	2.19e-01	7.68e-01
 3.53159e+22	2.65e-17	1.93e-12	3.82e-09	7.18e-07	3.67e-05	1.39e-02	2.25e-01	7.61e-01
 3.54531e+22	3.15e-17	2.23e-12	4.32e-09	7.93e-07	3.94e-05	1.45e-02	2.29e-01	7.56e-01
 3.55930e+22	4.00e-17	2.75e-12	5.15e-09	9.10e-07	4.35e-05	1.55e-02	2.35e-01	7.49e-01
 3.57372e+22	4.85e-17	3.24e-12	5.92e-09	1.02e-06	4.70e-05	1.62e-02	2.40e-01	7.44e-01
 3.58870e+22	6.15e-17	3.98e-12	7.04e-09	1.17e-06	5.18e-05	1.73e-02	2.46e-01	7.37e-01
 3.60416e+22	7.53e-17	4.74e-12	8.15e-09	1.31e-06	5.63e-05	1.82e-02	2.51e-01	7.30e-01
 3.62026e+22	9.64e-17	5.87e-12	9.75e-09	1.51e-06	6.24e-05	1.93e-02	2.58e-01	7.22e-01
 3.63678e+22	1.19e-16	7.02e-12	1.13e-08	1.70e-06	6.79e-05	2.04e-02	2.64e-01	7.16e-01
 3.65387e+22	1.53e-16	8.74e-12	1.36e-08	1.97e-06	7.54e-05	2.18e-02	2.71e-01	7.07e-01
 3.67151e+22	1.89e-16	1.05e-11	1.59e-08	2.23e-06	8.24e-05	2.30e-02	2.77e-01	7.00e-01
 3.68986e+22	2.46e-16	1.32e-11	1.93e-08	2.60e-06	9.19e-05	2.46e-02	2.84e-01	6.91e-01
 3.70877e+22	3.08e-16	1.60e-11	2.27e-08	2.96e-06	1.01e-04	2.60e-02	2.91e-01	6.83e-01
 3.72583e+22	3.82e-16	1.93e-11	2.65e-08	3.35e-06	1.10e-04	2.75e-02	2.97e-01	6.75e-01
 3.74542e+22	5.02e-16	2.44e-11	3.24e-08	3.93e-06	1.23e-04	2.95e-02	3.05e-01	6.65e-01
 3.76540e+22	6.30e-16	2.97e-11	3.82e-08	4.48e-06	1.36e-04	3.12e-02	3.12e-01	6.57e-01
 3.78586e+22	8.34e-16	3.79e-11	4.68e-08	5.27e-06	1.52e-04	3.35e-02	3.21e-01	6.46e-01
 3.80661e+22	1.05e-15	4.62e-11	5.54e-08	6.03e-06	1.68e-04	3.55e-02	3.28e-01	6.37e-01
 3.82771e+22	1.41e-15	5.95e-11	6.85e-08	7.14e-06	1.89e-04	3.83e-02	3.37e-01	6.25e-01
 3.84903e+22	1.78e-15	7.28e-11	8.12e-08	8.18e-06	2.09e-04	4.06e-02	3.44e-01	6.15e-01
 3.87062e+22	2.41e-15	9.47e-11	1.01e-07	9.76e-06	2.37e-04	4.38e-02	3.54e-01	6.02e-01
 3.89232e+22	3.03e-15	1.16e-10	1.20e-07	1.12e-05	2.61e-04	4.64e-02	3.61e-01	5.93e-01
 3.91035e+22	3.74e-15	1.39e-10	1.40e-07	1.26e-05	2.84e-04	4.89e-02	3.67e-01	5.83e-01
 3.92998e+22	4.94e-15	1.76e-10	1.72e-07	1.49e-05	3.20e-04	5.24e-02	3.76e-01	5.71e-01
 3.94952e+22	6.07e-15	2.11e-10	1.99e-07	1.68e-05	3.48e-04	5.51e-02	3.83e-01	5.62e-01
 3.96897e+22	8.00e-15	2.68e-10	2.44e-07	1.97e-05	3.92e-04	5.91e-02	3.92e-01	5.49e-01
 3.98866e+22	9.89e-15	3.22e-10	2.85e-07	2.24e-05	4.28e-04	6.22e-02	3.98e-01	5.39e-01
 4.00868e+22	1.32e-14	4.13e-10	3.52e-07	2.65e-05	4.83e-04	6.68e-02	4.07e-01	5.25e-01
 4.02893e+22	1.64e-14	4.98e-10	4.14e-07	3.02e-05	5.30e-04	7.05e-02	4.14e-01	5.15e-01
 4.04950e+22	2.18e-14	6.40e-10	5.12e-07	3.59e-05	6.00e-04	7.58e-02	4.23e-01	5.01e-01
 4.07048e+22	2.75e-14	7.83e-10	6.08e-07	4.13e-05	6.63e-04	8.03e-02	4.30e-01	4.89e-01
 4.09199e+22	3.71e-14	1.02e-09	7.61e-07	4.96e-05	7.55e-04	8.65e-02	4.39e-01	4.73e-01
 4.11389e+22	4.70e-14	1.25e-09	9.10e-07	5.73e-05	8.38e-04	9.18e-02	4.46e-01	4.61e-01
 4.13632e+22	6.40e-14	1.64e-09	1.15e-06	6.94e-05	9.62e-04	9.93e-02	4.55e-01	4.44e-01
 4.15898e+22	8.12e-14	2.02e-09	1.38e-06	8.06e-05	1.07e-03	1.05e-01	4.62e-01	4.31e-01
 4.17813e+22	1.01e-13	2.45e-09	1.62e-06	9.25e-05	1.18e-03	1.11e-01	4.68e-01	4.19e-01
 4.19896e+22	1.33e-13	3.11e-09	2.00e-06	1.10e-04	1.34e-03	1.20e-01	4.76e-01	4.03e-01
 4.21984e+22	1.64e-13	3.75e-09	2.36e-06	1.26e-04	1.48e-03	1.26e-01	4.81e-01	3.91e-01
 4.24027e+22	2.11e-13	4.69e-09	2.88e-06	1.49e-04	1.67e-03	1.35e-01	4.87e-01	3.76e-01
 4.26111e+22	2.61e-13	5.67e-09	3.40e-06	1.72e-04	1.85e-03	1.43e-01	4.92e-01	3.63e-01
 4.28154e+22	3.29e-13	6.99e-09	4.09e-06	2.02e-04	2.08e-03	1.52e-01	4.97e-01	3.48e-01
 4.30239e+22	4.07e-13	8.44e-09	4.85e-06	2.34e-04	2.32e-03	1.61e-01	5.02e-01	3.35e-01
 4.32295e+22	5.04e-13	1.02e-08	5.77e-06	2.72e-04	2.59e-03	1.70e-01	5.06e-01	3.21e-01
 4.34366e+22	6.17e-13	1.23e-08	6.81e-06	3.14e-04	2.88e-03	1.80e-01	5.09e-01	3.08e-01
 4.36412e+22	7.51e-13	1.47e-08	8.01e-06	3.63e-04	3.20e-03	1.90e-01	5.11e-01	2.95e-01
 4.38454e+22	9.07e-13	1.75e-08	9.38e-06	4.17e-04	3.55e-03	2.01e-01	5.13e-01	2.82e-01
 4.40498e+22	1.09e-12	2.06e-08	1.10e-05	4.80e-04	3.94e-03	2.11e-01	5.15e-01	2.69e-01
 4.42549e+22	1.30e-12	2.43e-08	1.27e-05	5.50e-04	4.37e-03	2.23e-01	5.16e-01	2.57e-01
 4.44610e+22	1.54e-12	2.85e-08	1.48e-05	6.29e-04	4.83e-03	2.34e-01	5.16e-01	2.45e-01
 4.46689e+22	1.82e-12	3.33e-08	1.71e-05	7.19e-04	5.34e-03	2.46e-01	5.15e-01	2.33e-01
 4.48790e+22	2.14e-12	3.87e-08	1.98e-05	8.20e-04	5.90e-03	2.58e-01	5.14e-01	2.21e-01
 4.50902e+22	2.50e-12	4.48e-08	2.27e-05	9.33e-04	6.50e-03	2.70e-01	5.13e-01	2.10e-01
 4.53048e+22	2.91e-12	5.19e-08	2.62e-05	1.06e-03	7.18e-03	2.83e-01	5.10e-01	1.99e-01
 4.55215e+22	3.37e-12	5.96e-08	2.99e-05	1.20e-03	7.90e-03	2.96e-01	5.07e-01	1.88e-01
 4.57426e+22	3.98e-12	6.87e-08	3.44e-05	1.37e-03	8.72e-03	3.09e-01	5.04e-01	1.77e-01
 4.59675e+22	4.58e-12	7.86e-08	3.92e-05	1.55e-03	9.58e-03	3.22e-01	4.99e-01	1.67e-01
 4.61736e+22	5.14e-12	8.79e-08	4.37e-05	1.72e-03	1.04e-02	3.34e-01	4.95e-01	1.59e-01
 4.63889e+22	5.91e-12	1.01e-07	5.01e-05	1.95e-03	1.14e-02	3.48e-01	4.89e-01	1.49e-01
 4.66076e+22	6.62e-12	1.12e-07	5.58e-05	2.16e-03	1.24e-02	3.60e-01	4.84e-01	1.41e-01
 4.68328e+22	7.62e-12	1.29e-07	6.39e-05	2.45e-03	1.36e-02	3.75e-01	4.77e-01	1.32e-01
 4.70582e+22	8.47e-12	1.43e-07	7.09e-05	2.70e-03	1.47e-02	3.87e-01	4.71e-01	1.24e-01
 4.72841e+22	9.64e-12	1.63e-07	8.08e-05	3.05e-03	1.62e-02	4.02e-01	4.63e-01	1.16e-01
 4.75109e+22	1.07e-11	1.80e-07	8.92e-05	3.35e-03	1.74e-02	4.13e-01	4.56e-01	1.09e-01
 4.77388e+22	1.21e-11	2.04e-07	1.01e-04	3.76e-03	1.90e-02	4.28e-01	4.47e-01	1.02e-01
 4.79692e+22	1.34e-11	2.25e-07	1.12e-04	4.12e-03	2.04e-02	4.39e-01	4.40e-01	9.58e-02
 4.82027e+22	1.51e-11	2.54e-07	1.27e-04	4.63e-03	2.23e-02	4.54e-01	4.30e-01	8.86e-02
 4.84393e+22	1.67e-11	2.80e-07	1.40e-04	5.06e-03	2.39e-02	4.65e-01	4.22e-01	8.33e-02
 4.86800e+22	1.89e-11	3.16e-07	1.58e-04	5.67e-03	2.62e-02	4.80e-01	4.11e-01	7.68e-02
 4.89251e+22	2.09e-11	3.49e-07	1.75e-04	6.19e-03	2.80e-02	4.91e-01	4.03e-01	7.19e-02
 4.91761e+22	2.36e-11	3.95e-07	1.98e-04	6.94e-03	3.06e-02	5.05e-01	3.91e-01	6.59e-02
 4.94327e+22	2.62e-11	4.38e-07	2.20e-04	7.59e-03	3.28e-02	5.17e-01	3.81e-01	6.15e-02
 4.96969e+22	2.96e-11	4.97e-07	2.50e-04	8.51e-03	3.58e-02	5.31e-01	3.69e-01	5.60e-02
 4.99659e+22	3.31e-11	5.54e-07	2.78e-04	9.30e-03	3.83e-02	5.41e-01	3.59e-01	5.20e-02
 5.01937e+22	3.62e-11	6.06e-07	3.05e-04	1.01e-02	4.07e-02	5.51e-01	3.50e-01	4.86e-02
 5.04426e+22	4.07e-11	6.82e-07	3.43e-04	1.12e-02	4.40e-02	5.62e-01	3.38e-01	4.44e-02
 5.06830e+22	4.45e-11	7.43e-07	3.74e-04	1.20e-02	4.64e-02	5.70e-01	3.30e-01	4.17e-02
 5.09123e+22	4.92e-11	8.25e-07	4.16e-04	1.31e-02	4.97e-02	5.80e-01	3.18e-01	3.83e-02
 5.11441e+22	5.41e-11	9.03e-07	4.54e-04	1.41e-02	5.23e-02	5.87e-01	3.10e-01	3.59e-02
 5.13790e+22	6.02e-11	1.01e-06	5.07e-04	1.54e-02	5.60e-02	5.96e-01	2.99e-01	3.29e-02
 5.16173e+22	6.63e-11	1.10e-06	5.54e-04	1.65e-02	5.89e-02	6.03e-01	2.91e-01	3.07e-02
 5.18603e+22	7.41e-11	1.23e-06	6.20e-04	1.81e-02	6.31e-02	6.11e-01	2.79e-01	2.80e-02
 5.21068e+22	8.21e-11	1.36e-06	6.80e-04	1.94e-02	6.63e-02	6.17e-01	2.71e-01	2.61e-02
 5.23580e+22	9.20e-11	1.53e-06	7.63e-04	2.12e-02	7.09e-02	6.24e-01	2.59e-01	2.37e-02
 5.26132e+22	1.02e-10	1.69e-06	8.39e-04	2.28e-02	7.45e-02	6.29e-01	2.51e-01	2.20e-02
 5.28736e+22	1.15e-10	1.90e-06	9.45e-04	2.50e-02	7.96e-02	6.35e-01	2.40e-01	1.99e-02
 5.31402e+22	1.29e-10	2.11e-06	1.04e-03	2.68e-02	8.38e-02	6.39e-01	2.31e-01	1.83e-02
 5.34146e+22	1.47e-10	2.40e-06	1.18e-03	2.94e-02	8.95e-02	6.44e-01	2.19e-01	1.64e-02
 5.36965e+22	1.66e-10	2.69e-06	1.31e-03	3.17e-02	9.42e-02	6.47e-01	2.10e-01	1.51e-02
 5.39882e+22	1.91e-10	3.09e-06	1.50e-03	3.49e-02	1.01e-01	6.50e-01	1.99e-01	1.34e-02
 5.42823e+22	2.17e-10	3.47e-06	1.67e-03	3.76e-02	1.06e-01	6.52e-01	1.91e-01	1.23e-02
 5.45797e+22	2.51e-10	3.99e-06	1.91e-03	4.14e-02	1.13e-01	6.54e-01	1.79e-01	1.09e-02
 5.48803e+22	2.86e-10	4.50e-06	2.13e-03	4.45e-02	1.18e-01	6.54e-01	1.71e-01	9.90e-03
 5.51851e+22	3.34e-10	5.21e-06	2.44e-03	4.89e-02	1.26e-01	6.53e-01	1.61e-01	8.72e-03
 5.54952e+22	3.84e-10	5.91e-06	2.73e-03	5.27e-02	1.32e-01	6.52e-01	1.53e-01	7.91e-03
 5.57703e+22	4.36e-10	6.65e-06	3.04e-03	5.67e-02	1.38e-01	6.50e-01	1.45e-01	7.14e-03
 5.60860e+22	5.17e-10	7.78e-06	3.50e-03	6.22e-02	1.46e-01	6.46e-01	1.35e-01	6.25e-03
 5.64064e+22	5.90e-10	8.80e-06	3.92e-03	6.70e-02	1.53e-01	6.43e-01	1.28e-01	5.61e-03
 5.66656e+22	6.67e-10	9.83e-06	4.32e-03	7.13e-02	1.59e-01	6.39e-01	1.21e-01	5.11e-03
 5.69352e+22	7.74e-10	1.12e-05	4.85e-03	7.67e-02	1.66e-01	6.33e-01	1.14e-01	4.58e-03
 5.72179e+22	8.80e-10	1.26e-05	5.37e-03	8.18e-02	1.72e-01	6.28e-01	1.08e-01	4.14e-03
 5.74771e+22	1.00e-09	1.41e-05	5.93e-03	8.71e-02	1.79e-01	6.22e-01	1.02e-01	3.75e-03
 5.77732e+22	1.18e-09	1.63e-05	6.73e-03	9.42e-02	1.87e-01	6.14e-01	9.55e-02	3.30e-03
 5.80770e+22	1.36e-09	1.85e-05	7.50e-03	1.01e-01	1.94e-01	6.06e-01	8.96e-02	2.95e-03
 5.83452e+22	1.55e-09	2.08e-05	8.29e-03	1.07e-01	2.00e-01	5.98e-01	8.44e-02	2.65e-03
 5.86484e+22	1.84e-09	2.42e-05	9.40e-03	1.15e-01	2.08e-01	5.87e-01	7.81e-02	2.32e-03
 5.89628e+22	2.13e-09	2.75e-05	1.05e-02	1.23e-01	2.15e-01	5.76e-01	7.28e-02	2.05e-03
 5.92445e+22	2.46e-09	3.12e-05	1.16e-02	1.31e-01	2.22e-01	5.66e-01	6.81e-02	1.83e-03
 5.95633e+22	2.95e-09	3.65e-05	1.32e-02	1.41e-01	2.30e-01	5.52e-01	6.25e-02	1.58e-03
 5.98926e+22	3.46e-09	4.18e-05	1.48e-02	1.50e-01	2.37e-01	5.39e-01	5.77e-02	1.38e-03
 6.01867e+22	4.02e-09	4.76e-05	1.64e-02	1.60e-01	2.43e-01	5.26e-01	5.36e-02	1.22e-03
 6.05200e+22	4.88e-09	5.61e-05	1.88e-02	1.72e-01	2.51e-01	5.09e-01	4.85e-02	1.04e-03
 6.08635e+22	5.74e-09	6.44e-05	2.10e-02	1.83e-01	2.57e-01	4.94e-01	4.45e-02	8.99e-04
 6.12201e+22	7.07e-09	7.67e-05	2.41e-02	1.97e-01	2.64e-01	4.74e-01	3.99e-02	7.52e-04
 6.15831e+22	8.40e-09	8.86e-05	2.70e-02	2.09e-01	2.70e-01	4.58e-01	3.63e-02	6.46e-04
 6.19051e+22	9.94e-09	1.02e-04	3.00e-02	2.21e-01	2.74e-01	4.41e-01	3.30e-02	5.56e-04
 6.22742e+22	1.24e-08	1.22e-04	3.44e-02	2.37e-01	2.80e-01	4.19e-01	2.92e-02	4.57e-04
 6.26481e+22	1.47e-08	1.41e-04	3.84e-02	2.50e-01	2.84e-01	4.01e-01	2.62e-02	3.87e-04
 6.30282e+22	1.84e-08	1.69e-04	4.40e-02	2.67e-01	2.88e-01	3.78e-01	2.30e-02	3.15e-04
 6.34124e+22	2.21e-08	1.96e-04	4.90e-02	2.81e-01	2.90e-01	3.59e-01	2.05e-02	2.64e-04
 6.38018e+22	2.78e-08	2.35e-04	5.60e-02	2.99e-01	2.92e-01	3.35e-01	1.77e-02	2.11e-04
 6.41947e+22	3.35e-08	2.72e-04	6.21e-02	3.13e-01	2.93e-01	3.16e-01	1.57e-02	1.76e-04
 6.45923e+22	4.24e-08	3.28e-04	7.08e-02	3.31e-01	2.92e-01	2.92e-01	1.33e-02	1.38e-04
 6.49941e+22	5.12e-08	3.80e-04	7.84e-02	3.45e-01	2.91e-01	2.74e-01	1.17e-02	1.14e-04
 6.54014e+22	6.52e-08	4.59e-04	8.90e-02	3.63e-01	2.88e-01	2.50e-01	9.85e-03	8.83e-05
 6.58139e+22	7.91e-08	5.32e-04	9.82e-02	3.76e-01	2.84e-01	2.32e-01	8.55e-03	7.18e-05
 6.62333e+22	1.02e-07	6.43e-04	1.11e-01	3.93e-01	2.79e-01	2.10e-01	7.08e-03	5.46e-05
 6.66445e+22	1.22e-07	7.38e-04	1.21e-01	4.04e-01	2.74e-01	1.94e-01	6.14e-03	4.45e-05
 6.70451e+22	1.55e-07	8.81e-04	1.35e-01	4.18e-01	2.66e-01	1.75e-01	5.07e-03	3.39e-05
 6.74314e+22	1.83e-07	9.97e-04	1.46e-01	4.27e-01	2.60e-01	1.62e-01	4.43e-03	2.79e-05
 6.77994e+22	2.26e-07	1.17e-03	1.60e-01	4.37e-01	2.52e-01	1.46e-01	3.70e-03	2.16e-05
 6.81695e+22	2.68e-07	1.32e-03	1.73e-01	4.44e-01	2.44e-01	1.34e-01	3.20e-03	1.76e-05
 6.85422e+22	3.32e-07	1.54e-03	1.89e-01	4.52e-01	2.35e-01	1.20e-01	2.64e-03	1.35e-05
 6.89225e+22	3.96e-07	1.75e-03	2.03e-01	4.58e-01	2.26e-01	1.09e-01	2.25e-03	1.08e-05
 6.93127e+22	4.95e-07	2.05e-03	2.21e-01	4.63e-01	2.15e-01	9.66e-02	1.83e-03	8.11e-06
 6.97063e+22	5.91e-07	2.32e-03	2.36e-01	4.67e-01	2.06e-01	8.72e-02	1.55e-03	6.41e-06
 7.00521e+22	7.03e-07	2.63e-03	2.52e-01	4.69e-01	1.97e-01	7.87e-02	1.31e-03	5.08e-06
 7.04496e+22	8.77e-07	3.06e-03	2.72e-01	4.70e-01	1.85e-01	6.87e-02	1.05e-03	3.75e-06
 7.08345e+22	1.03e-06	3.42e-03	2.88e-01	4.69e-01	1.77e-01	6.20e-02	8.87e-04	2.99e-06
 7.11410e+22	1.19e-06	3.79e-03	3.02e-01	4.68e-01	1.69e-01	5.64e-02	7.61e-04	2.42e-06
 7.14775e+22	1.43e-06	4.28e-03	3.20e-01	4.66e-01	1.59e-01	5.00e-02	6.28e-04	1.87e-06
 7.18199e+22	1.66e-06	4.74e-03	3.36e-01	4.63e-01	1.51e-01	4.52e-02	5.33e-04	1.49e-06
 7.21220e+22	1.92e-06	5.23e-03	3.51e-01	4.59e-01	1.44e-01	4.09e-02	4.55e-04	1.20e-06
 7.24668e+22	2.30e-06	5.91e-03	3.70e-01	4.54e-01	1.34e-01	3.59e-02	3.71e-04	9.13e-07
 7.28160e+22	2.67e-06	6.53e-03	3.86e-01	4.48e-01	1.27e-01	3.22e-02	3.12e-04	7.22e-07
 7.31222e+22	3.09e-06	7.18e-03	4.02e-01	4.43e-01	1.20e-01	2.89e-02	2.63e-04	5.75e-07
 7.34714e+22	3.71e-06	8.11e-03	4.22e-01	4.34e-01	1.11e-01	2.51e-02	2.11e-04	4.28e-07
 7.38237e+22	4.27e-06	8.90e-03	4.37e-01	4.27e-01	1.04e-01	2.25e-02	1.78e-04	3.39e-07
 7.41798e+22	5.11e-06	1.00e-02	4.57e-01	4.17e-01	9.61e-02	1.94e-02	1.42e-04	2.51e-07
 7.45415e+22	5.94e-06	1.10e-02	4.74e-01	4.08e-01	8.96e-02	1.72e-02	1.17e-04	1.94e-07
 7.48601e+22	6.85e-06	1.21e-02	4.90e-01	3.99e-01	8.36e-02	1.53e-02	9.76e-05	1.52e-07
 7.52240e+22	8.19e-06	1.36e-02	5.09e-01	3.88e-01	7.66e-02	1.31e-02	7.71e-05	0.00e+00
 7.55958e+22	9.52e-06	1.49e-02	5.25e-01	3.77e-01	7.09e-02	1.15e-02	6.31e-05	0.00e+00
 7.59778e+22	1.14e-05	1.68e-02	5.45e-01	3.64e-01	6.45e-02	9.79e-03	4.93e-05	0.00e+00
 7.63673e+22	1.34e-05	1.85e-02	5.62e-01	3.52e-01	5.91e-02	8.48e-03	3.95e-05	0.00e+00
 7.67069e+22	1.54e-05	2.03e-02	5.77e-01	3.41e-01	5.45e-02	7.42e-03	3.22e-05	0.00e+00
 7.70887e+22	1.85e-05	2.28e-02	5.95e-01	3.27e-01	4.92e-02	6.27e-03	2.49e-05	0.00e+00
 7.74848e+22	2.15e-05	2.51e-02	6.10e-01	3.14e-01	4.49e-02	5.40e-03	1.98e-05	0.00e+00
 7.78996e+22	2.62e-05	2.83e-02	6.29e-01	2.98e-01	3.98e-02	4.45e-03	1.47e-05	0.00e+00
 7.83150e+22	3.04e-05	3.11e-02	6.43e-01	2.86e-01	3.62e-02	3.83e-03	1.17e-05	0.00e+00
 7.87312e+22	3.68e-05	3.50e-02	6.59e-01	2.71e-01	3.21e-02	3.16e-03	8.74e-06	0.00e+00
 7.90980e+22	4.15e-05	3.76e-02	6.69e-01	2.61e-01	2.96e-02	2.80e-03	7.26e-06	0.00e+00
 7.93596e+22	4.59e-05	4.00e-02	6.77e-01	2.53e-01	2.77e-02	2.52e-03	6.18e-06	0.00e+00
 7.96583e+22	5.24e-05	4.34e-02	6.87e-01	2.42e-01	2.53e-02	2.18e-03	4.99e-06	0.00e+00
 7.99694e+22	5.89e-05	4.66e-02	6.95e-01	2.33e-01	2.34e-02	1.93e-03	4.13e-06	0.00e+00
 8.02964e+22	6.83e-05	5.11e-02	7.05e-01	2.21e-01	2.11e-02	1.65e-03	3.24e-06	0.00e+00
 8.06237e+22	7.67e-05	5.47e-02	7.12e-01	2.12e-01	1.95e-02	1.45e-03	2.68e-06	0.00e+00
 8.09512e+22	8.89e-05	5.99e-02	7.21e-01	2.01e-01	1.75e-02	1.23e-03	2.09e-06	0.00e+00
 8.12816e+22	9.98e-05	6.42e-02	7.27e-01	1.92e-01	1.61e-02	1.08e-03	1.72e-06	0.00e+00
 8.16159e+22	1.15e-04	7.00e-02	7.33e-01	1.81e-01	1.45e-02	9.18e-04	1.34e-06	0.00e+00
 8.19602e+22	1.30e-04	7.54e-02	7.38e-01	1.72e-01	1.31e-02	7.95e-04	1.08e-06	0.00e+00
 8.22687e+22	1.47e-04	8.11e-02	7.43e-01	1.64e-01	1.20e-02	6.90e-04	8.72e-07	0.00e+00
 8.26209e+22	1.72e-04	8.89e-02	7.47e-01	1.53e-01	1.06e-02	5.75e-04	6.62e-07	0.00e+00
 8.29780e+22	1.94e-04	9.55e-02	7.49e-01	1.45e-01	9.65e-03	4.97e-04	5.31e-07	0.00e+00
 8.33413e+22	2.27e-04	1.05e-01	7.52e-01	1.34e-01	8.50e-03	4.10e-04	3.98e-07	0.00e+00
 8.37123e+22	2.57e-04	1.13e-01	7.52e-01	1.27e-01	7.67e-03	3.51e-04	3.15e-07	0.00e+00
 8.40933e+22	3.02e-04	1.24e-01	7.52e-01	1.17e-01	6.71e-03	2.87e-04	2.33e-07	0.00e+00
 8.44842e+22	3.44e-04	1.34e-01	7.51e-01	1.09e-01	5.99e-03	2.42e-04	1.80e-07	0.00e+00
 8.48882e+22	4.07e-04	1.47e-01	7.47e-01	9.96e-02	5.18e-03	1.94e-04	1.30e-07	0.00e+00
 8.52964e+22	4.65e-04	1.59e-01	7.43e-01	9.25e-02	4.60e-03	1.63e-04	0.00e+00	0.00e+00
 8.57100e+22	5.51e-04	1.75e-01	7.36e-01	8.38e-02	3.95e-03	1.29e-04	0.00e+00	0.00e+00
 8.61296e+22	6.30e-04	1.89e-01	7.30e-01	7.73e-02	3.49e-03	1.08e-04	0.00e+00	0.00e+00
 8.65571e+22	7.48e-04	2.08e-01	7.19e-01	6.93e-02	2.97e-03	8.42e-05	0.00e+00	0.00e+00
 8.69915e+22	8.59e-04	2.24e-01	7.09e-01	6.33e-02	2.60e-03	6.90e-05	0.00e+00	0.00e+00
 8.74349e+22	1.02e-03	2.47e-01	6.93e-01	5.61e-02	2.19e-03	5.32e-05	0.00e+00	0.00e+00
 8.78866e+22	1.18e-03	2.66e-01	6.80e-01	5.08e-02	1.90e-03	4.30e-05	0.00e+00	0.00e+00
 8.83490e+22	1.41e-03	2.94e-01	6.59e-01	4.42e-02	1.57e-03	3.24e-05	0.00e+00	0.00e+00
 8.88189e+22	1.63e-03	3.16e-01	6.42e-01	3.95e-02	1.35e-03	2.58e-05	0.00e+00	0.00e+00
 8.92985e+22	1.95e-03	3.48e-01	6.15e-01	3.39e-02	1.10e-03	1.89e-05	0.00e+00	0.00e+00
 8.97914e+22	2.27e-03	3.74e-01	5.93e-01	2.98e-02	9.33e-04	1.47e-05	0.00e+00	0.00e+00
 9.03016e+22	2.75e-03	4.12e-01	5.60e-01	2.48e-02	7.42e-04	1.04e-05	0.00e+00	0.00e+00
 9.08258e+22	3.21e-03	4.43e-01	5.32e-01	2.13e-02	6.17e-04	7.85e-06	0.00e+00	0.00e+00
 9.13681e+22	3.93e-03	4.86e-01	4.92e-01	1.71e-02	4.76e-04	5.29e-06	0.00e+00	0.00e+00
 9.19291e+22	4.67e-03	5.24e-01	4.57e-01	1.42e-02	3.81e-04	3.78e-06	0.00e+00	0.00e+00
 9.23770e+22	5.35e-03	5.55e-01	4.27e-01	1.21e-02	3.19e-04	2.88e-06	0.00e+00	0.00e+00
