#depth	O	O+	O+2	O+3	O+4	O+5	O+6	O+7	O+8	O[1]	O[2]	O[3]
 4.62852e+21	0.00e+00	1.60e-28	8.84e-23	3.99e-18	4.94e-14	2.74e-10	4.40e-06	4.31e-03	9.96e-01	0.00e+00	0.00e+00	0.00e+00
 1.05657e+22	0.00e+00	1.85e-27	7.28e-22	2.36e-17	2.09e-13	8.28e-10	9.10e-06	6.17e-03	9.94e-01	0.00e+00	0.00e+00	0.00e+00
 1.27668e+22	1.05e-33	9.73e-27	3.04e-21	7.86e-17	5.55e-13	1.75e-09	1.49e-05	7.87e-03	9.92e-01	0.00e+00	0.00e+00	0.00e+00
 1.43731e+22	4.81e-33	3.68e-26	9.54e-21	2.06e-16	1.21e-12	3.18e-09	2.22e-05	9.57e-03	9.90e-01	0.00e+00	0.00e+00	0.00e+00
 1.52655e+22	7.06e-33	5.15e-26	1.27e-20	2.62e-16	1.48e-12	3.70e-09	2.46e-05	1.01e-02	9.90e-01	0.00e+00	0.00e+00	0.00e+00
 1.55549e+22	8.95e-33	6.34e-26	1.52e-20	3.05e-16	1.67e-12	4.06e-09	2.61e-05	1.04e-02	9.90e-01	0.00e+00	0.00e+00	0.00e+00
 1.58100e+22	1.21e-32	8.24e-26	1.91e-20	3.69e-16	1.95e-12	4.58e-09	2.83e-05	1.08e-02	9.89e-01	0.00e+00	0.00e+00	0.00e+00
 1.60762e+22	1.58e-32	1.04e-25	2.33e-20	4.36e-16	2.23e-12	5.07e-09	3.03e-05	1.12e-02	9.89e-01	0.00e+00	0.00e+00	0.00e+00
 1.63569e+22	2.21e-32	1.39e-25	2.99e-20	5.39e-16	2.65e-12	5.77e-09	3.31e-05	1.17e-02	9.88e-01	0.00e+00	0.00e+00	0.00e+00
 1.66271e+22	2.88e-32	1.76e-25	3.65e-20	6.36e-16	3.03e-12	6.39e-09	3.55e-05	1.21e-02	9.88e-01	0.00e+00	0.00e+00	0.00e+00
 1.68433e+22	3.59e-32	2.13e-25	4.31e-20	7.31e-16	3.39e-12	6.96e-09	3.76e-05	1.24e-02	9.88e-01	0.00e+00	0.00e+00	0.00e+00
 1.70837e+22	4.77e-32	2.73e-25	5.33e-20	8.74e-16	3.92e-12	7.77e-09	4.05e-05	1.29e-02	9.87e-01	0.00e+00	0.00e+00	0.00e+00
 1.73408e+22	6.26e-32	3.46e-25	6.52e-20	1.03e-15	4.49e-12	8.60e-09	4.34e-05	1.33e-02	9.87e-01	0.00e+00	0.00e+00	0.00e+00
 1.75791e+22	8.12e-32	4.34e-25	7.92e-20	1.22e-15	5.12e-12	9.51e-09	4.64e-05	1.38e-02	9.86e-01	0.00e+00	0.00e+00	0.00e+00
 1.78484e+22	1.15e-31	5.86e-25	1.02e-19	1.51e-15	6.08e-12	1.08e-08	5.08e-05	1.44e-02	9.86e-01	0.00e+00	0.00e+00	0.00e+00
 1.81049e+22	1.47e-31	7.26e-25	1.23e-19	1.76e-15	6.88e-12	1.19e-08	5.41e-05	1.49e-02	9.85e-01	0.00e+00	0.00e+00	0.00e+00
 1.83449e+22	1.95e-31	9.30e-25	1.52e-19	2.10e-15	7.93e-12	1.32e-08	5.82e-05	1.55e-02	9.84e-01	0.00e+00	0.00e+00	0.00e+00
 1.85999e+22	2.58e-31	1.19e-24	1.87e-19	2.50e-15	9.12e-12	1.47e-08	6.26e-05	1.60e-02	9.84e-01	0.00e+00	0.00e+00	0.00e+00
 1.88289e+22	3.33e-31	1.48e-24	2.26e-19	2.92e-15	1.03e-11	1.61e-08	6.68e-05	1.66e-02	9.83e-01	0.00e+00	0.00e+00	0.00e+00
 1.90811e+22	4.60e-31	1.96e-24	2.87e-19	3.57e-15	1.21e-11	1.81e-08	7.25e-05	1.73e-02	9.83e-01	0.00e+00	0.00e+00	0.00e+00
 1.93401e+22	6.05e-31	2.48e-24	3.51e-19	4.22e-15	1.39e-11	2.00e-08	7.78e-05	1.79e-02	9.82e-01	0.00e+00	0.00e+00	0.00e+00
 1.95623e+22	7.84e-31	3.11e-24	4.25e-19	4.95e-15	1.57e-11	2.20e-08	8.30e-05	1.85e-02	9.81e-01	0.00e+00	0.00e+00	0.00e+00
 1.97706e+22	1.01e-30	3.86e-24	5.10e-19	5.76e-15	1.78e-11	2.40e-08	8.84e-05	1.91e-02	9.81e-01	0.00e+00	0.00e+00	0.00e+00
 2.00062e+22	1.36e-30	5.01e-24	6.38e-19	6.94e-15	2.06e-11	2.68e-08	9.54e-05	1.98e-02	9.80e-01	0.00e+00	0.00e+00	0.00e+00
 2.02524e+22	1.80e-30	6.38e-24	7.82e-19	8.22e-15	2.35e-11	2.96e-08	1.02e-04	2.06e-02	9.79e-01	0.00e+00	0.00e+00	0.00e+00
 2.04725e+22	2.35e-30	8.03e-24	9.51e-19	9.67e-15	2.67e-11	3.25e-08	1.09e-04	2.13e-02	9.79e-01	0.00e+00	0.00e+00	0.00e+00
 2.07191e+22	3.28e-30	1.07e-23	1.22e-18	1.18e-14	3.14e-11	3.66e-08	1.19e-04	2.22e-02	9.78e-01	0.00e+00	0.00e+00	0.00e+00
 2.09604e+22	4.31e-30	1.36e-23	1.48e-18	1.40e-14	3.58e-11	4.01e-08	1.27e-04	2.30e-02	9.77e-01	0.00e+00	0.00e+00	0.00e+00
 2.11582e+22	5.55e-30	1.69e-23	1.79e-18	1.63e-14	4.03e-11	4.38e-08	1.35e-04	2.37e-02	9.76e-01	0.00e+00	0.00e+00	0.00e+00
 2.13786e+22	7.56e-30	2.21e-23	2.24e-18	1.96e-14	4.67e-11	4.87e-08	1.46e-04	2.46e-02	9.75e-01	0.00e+00	0.00e+00	0.00e+00
 2.16074e+22	9.89e-30	2.78e-23	2.72e-18	2.31e-14	5.30e-11	5.34e-08	1.56e-04	2.55e-02	9.74e-01	0.00e+00	0.00e+00	0.00e+00
 2.18157e+22	1.30e-29	3.52e-23	3.32e-18	2.72e-14	6.03e-11	5.86e-08	1.67e-04	2.64e-02	9.73e-01	0.00e+00	0.00e+00	0.00e+00
 2.20229e+22	1.71e-29	4.47e-23	4.07e-18	3.21e-14	6.87e-11	6.43e-08	1.78e-04	2.73e-02	9.73e-01	0.00e+00	0.00e+00	0.00e+00
 2.22224e+22	2.22e-29	5.58e-23	4.91e-18	3.75e-14	7.76e-11	7.02e-08	1.90e-04	2.82e-02	9.72e-01	0.00e+00	0.00e+00	0.00e+00
 2.24435e+22	3.06e-29	7.37e-23	6.21e-18	4.56e-14	9.04e-11	7.83e-08	2.06e-04	2.93e-02	9.70e-01	0.00e+00	0.00e+00	0.00e+00
 2.26677e+22	4.07e-29	9.43e-23	7.64e-18	5.40e-14	1.03e-10	8.61e-08	2.20e-04	3.04e-02	9.69e-01	0.00e+00	0.00e+00	0.00e+00
 2.28598e+22	5.28e-29	1.18e-22	9.23e-18	6.32e-14	1.17e-10	9.39e-08	2.34e-04	3.14e-02	9.68e-01	0.00e+00	0.00e+00	0.00e+00
 2.30735e+22	7.30e-29	1.56e-22	1.17e-17	7.67e-14	1.36e-10	1.05e-07	2.53e-04	3.26e-02	9.67e-01	0.00e+00	0.00e+00	0.00e+00
 2.32948e+22	9.80e-29	2.01e-22	1.45e-17	9.15e-14	1.56e-10	1.15e-07	2.72e-04	3.38e-02	9.66e-01	0.00e+00	0.00e+00	0.00e+00
 2.34847e+22	1.27e-28	2.51e-22	1.75e-17	1.07e-13	1.76e-10	1.26e-07	2.89e-04	3.49e-02	9.65e-01	0.00e+00	0.00e+00	0.00e+00
 2.36904e+22	1.76e-28	3.33e-22	2.22e-17	1.30e-13	2.05e-10	1.40e-07	3.12e-04	3.63e-02	9.63e-01	0.00e+00	0.00e+00	0.00e+00
 2.39020e+22	2.31e-28	4.20e-22	2.70e-17	1.53e-13	2.32e-10	1.54e-07	3.33e-04	3.75e-02	9.62e-01	0.00e+00	0.00e+00	0.00e+00
 2.40917e+22	3.07e-28	5.38e-22	3.33e-17	1.82e-13	2.65e-10	1.69e-07	3.56e-04	3.88e-02	9.61e-01	0.00e+00	0.00e+00	0.00e+00
 2.42768e+22	4.01e-28	6.76e-22	4.04e-17	2.13e-13	3.01e-10	1.84e-07	3.79e-04	4.00e-02	9.60e-01	0.00e+00	0.00e+00	0.00e+00
 2.44855e+22	5.58e-28	9.00e-22	5.15e-17	2.60e-13	3.51e-10	2.06e-07	4.10e-04	4.16e-02	9.58e-01	0.00e+00	0.00e+00	0.00e+00
 2.47015e+22	7.59e-28	1.17e-21	6.44e-17	3.13e-13	4.06e-10	2.28e-07	4.41e-04	4.32e-02	9.56e-01	0.00e+00	0.00e+00	0.00e+00
 2.48907e+22	1.01e-27	1.50e-21	7.94e-17	3.72e-13	4.64e-10	2.51e-07	4.71e-04	4.46e-02	9.55e-01	0.00e+00	0.00e+00	0.00e+00
 2.50714e+22	1.33e-27	1.90e-21	9.69e-17	4.39e-13	5.27e-10	2.74e-07	5.02e-04	4.61e-02	9.53e-01	0.00e+00	0.00e+00	0.00e+00
 2.52772e+22	1.88e-27	2.57e-21	1.25e-16	5.42e-13	6.21e-10	3.08e-07	5.45e-04	4.80e-02	9.51e-01	0.00e+00	0.00e+00	0.00e+00
 2.54892e+22	2.53e-27	3.32e-21	1.55e-16	6.48e-13	7.14e-10	3.40e-07	5.83e-04	4.96e-02	9.50e-01	0.00e+00	0.00e+00	0.00e+00
 2.57092e+22	3.72e-27	4.63e-21	2.06e-16	8.17e-13	8.56e-10	3.87e-07	6.38e-04	5.19e-02	9.47e-01	0.00e+00	0.00e+00	0.00e+00
 2.59308e+22	5.12e-27	6.09e-21	2.60e-16	9.91e-13	9.93e-10	4.30e-07	6.86e-04	5.38e-02	9.46e-01	0.00e+00	0.00e+00	0.00e+00
 2.61129e+22	6.74e-27	7.73e-21	3.18e-16	1.17e-12	1.13e-09	4.71e-07	7.31e-04	5.55e-02	9.44e-01	0.00e+00	0.00e+00	0.00e+00
 2.63083e+22	9.58e-27	1.05e-20	4.11e-16	1.45e-12	1.33e-09	5.30e-07	7.92e-04	5.77e-02	9.41e-01	0.00e+00	0.00e+00	0.00e+00
 2.65076e+22	1.30e-26	1.36e-20	5.14e-16	1.74e-12	1.54e-09	5.86e-07	8.48e-04	5.97e-02	9.39e-01	0.00e+00	0.00e+00	0.00e+00
 2.66695e+22	1.67e-26	1.69e-20	6.17e-16	2.02e-12	1.73e-09	6.36e-07	8.97e-04	6.14e-02	9.38e-01	0.00e+00	0.00e+00	0.00e+00
 2.68376e+22	2.28e-26	2.22e-20	7.76e-16	2.45e-12	2.01e-09	7.06e-07	9.62e-04	6.35e-02	9.36e-01	0.00e+00	0.00e+00	0.00e+00
 2.69983e+22	2.88e-26	2.72e-20	9.23e-16	2.82e-12	2.24e-09	7.63e-07	1.01e-03	6.52e-02	9.34e-01	0.00e+00	0.00e+00	0.00e+00
 2.71276e+22	3.65e-26	3.33e-20	1.10e-15	3.25e-12	2.50e-09	8.24e-07	1.07e-03	6.68e-02	9.32e-01	0.00e+00	0.00e+00	0.00e+00
 2.72545e+22	4.54e-26	4.03e-20	1.29e-15	3.72e-12	2.77e-09	8.87e-07	1.12e-03	6.84e-02	9.30e-01	0.00e+00	0.00e+00	0.00e+00
 2.73785e+22	5.56e-26	4.79e-20	1.49e-15	4.20e-12	3.05e-09	9.48e-07	1.17e-03	6.99e-02	9.29e-01	0.00e+00	0.00e+00	0.00e+00
 2.75184e+22	7.29e-26	6.07e-20	1.82e-15	4.96e-12	3.47e-09	1.04e-06	1.25e-03	7.20e-02	9.27e-01	0.00e+00	0.00e+00	0.00e+00
 2.76592e+22	9.27e-26	7.47e-20	2.18e-15	5.74e-12	3.88e-09	1.12e-06	1.31e-03	7.38e-02	9.25e-01	0.00e+00	0.00e+00	0.00e+00
 2.77782e+22	1.15e-25	9.01e-20	2.55e-15	6.54e-12	4.30e-09	1.21e-06	1.38e-03	7.55e-02	9.23e-01	0.00e+00	0.00e+00	0.00e+00
 2.78895e+22	1.43e-25	1.09e-19	2.99e-15	7.45e-12	4.75e-09	1.29e-06	1.44e-03	7.72e-02	9.21e-01	0.00e+00	0.00e+00	0.00e+00
 2.79969e+22	1.72e-25	1.27e-19	3.43e-15	8.35e-12	5.18e-09	1.38e-06	1.50e-03	7.87e-02	9.20e-01	0.00e+00	0.00e+00	0.00e+00
 2.81193e+22	2.22e-25	1.59e-19	4.13e-15	9.74e-12	5.84e-09	1.50e-06	1.58e-03	8.08e-02	9.18e-01	0.00e+00	0.00e+00	0.00e+00
 2.82452e+22	2.80e-25	1.95e-19	4.91e-15	1.12e-11	6.52e-09	1.61e-06	1.67e-03	8.28e-02	9.16e-01	0.00e+00	0.00e+00	0.00e+00
 2.83548e+22	3.46e-25	2.34e-19	5.74e-15	1.28e-11	7.20e-09	1.73e-06	1.74e-03	8.46e-02	9.14e-01	0.00e+00	0.00e+00	0.00e+00
 2.84761e+22	4.52e-25	2.95e-19	6.98e-15	1.50e-11	8.16e-09	1.89e-06	1.84e-03	8.69e-02	9.11e-01	0.00e+00	0.00e+00	0.00e+00
 2.85944e+22	5.54e-25	3.51e-19	8.11e-15	1.70e-11	8.97e-09	2.02e-06	1.92e-03	8.87e-02	9.09e-01	0.00e+00	0.00e+00	0.00e+00
 2.86932e+22	6.86e-25	4.23e-19	9.49e-15	1.94e-11	9.91e-09	2.16e-06	2.01e-03	9.06e-02	9.07e-01	0.00e+00	0.00e+00	0.00e+00
 2.87905e+22	8.34e-25	5.01e-19	1.10e-14	2.18e-11	1.09e-08	2.30e-06	2.10e-03	9.23e-02	9.06e-01	0.00e+00	0.00e+00	0.00e+00
 2.89013e+22	1.09e-24	6.30e-19	1.33e-14	2.56e-11	1.23e-08	2.51e-06	2.21e-03	9.48e-02	9.03e-01	0.00e+00	0.00e+00	0.00e+00
 2.90137e+22	1.37e-24	7.70e-19	1.58e-14	2.94e-11	1.37e-08	2.70e-06	2.32e-03	9.69e-02	9.01e-01	0.00e+00	0.00e+00	0.00e+00
 2.91105e+22	1.68e-24	9.21e-19	1.84e-14	3.34e-11	1.51e-08	2.89e-06	2.42e-03	9.88e-02	8.99e-01	0.00e+00	0.00e+00	0.00e+00
 2.92189e+22	2.20e-24	1.16e-18	2.24e-14	3.93e-11	1.71e-08	3.15e-06	2.56e-03	1.01e-01	8.96e-01	0.00e+00	0.00e+00	0.00e+00
 2.93303e+22	2.85e-24	1.45e-18	2.71e-14	4.59e-11	1.92e-08	3.42e-06	2.69e-03	1.04e-01	8.93e-01	0.00e+00	0.00e+00	0.00e+00
 2.94268e+22	3.49e-24	1.73e-18	3.15e-14	5.19e-11	2.11e-08	3.65e-06	2.81e-03	1.06e-01	8.91e-01	0.00e+00	0.00e+00	0.00e+00
 2.95335e+22	4.63e-24	2.22e-18	3.88e-14	6.17e-11	2.41e-08	4.00e-06	2.97e-03	1.09e-01	8.88e-01	0.00e+00	0.00e+00	0.00e+00
 2.96399e+22	5.83e-24	2.71e-18	4.60e-14	7.09e-11	2.68e-08	4.30e-06	3.11e-03	1.11e-01	8.86e-01	0.00e+00	0.00e+00	0.00e+00
 2.97462e+22	7.92e-24	3.53e-18	5.76e-14	8.54e-11	3.09e-08	4.74e-06	3.31e-03	1.14e-01	8.82e-01	0.00e+00	0.00e+00	0.00e+00
 2.98517e+22	9.88e-24	4.28e-18	6.79e-14	9.77e-11	3.42e-08	5.08e-06	3.45e-03	1.17e-01	8.80e-01	0.00e+00	0.00e+00	0.00e+00
 2.99564e+22	1.36e-23	5.65e-18	8.58e-14	1.18e-10	3.96e-08	5.62e-06	3.68e-03	1.20e-01	8.76e-01	0.00e+00	0.00e+00	0.00e+00
 3.00579e+22	1.67e-23	6.76e-18	1.00e-13	1.34e-10	4.36e-08	6.00e-06	3.83e-03	1.22e-01	8.74e-01	0.00e+00	0.00e+00	0.00e+00
 3.01553e+22	2.29e-23	8.89e-18	1.26e-13	1.63e-10	5.04e-08	6.62e-06	4.07e-03	1.26e-01	8.70e-01	0.00e+00	0.00e+00	0.00e+00
 3.02525e+22	2.83e-23	1.07e-17	1.48e-13	1.85e-10	5.56e-08	7.08e-06	4.24e-03	1.28e-01	8.67e-01	0.00e+00	0.00e+00	0.00e+00
 3.03493e+22	3.92e-23	1.42e-17	1.87e-13	2.25e-10	6.45e-08	7.83e-06	4.52e-03	1.32e-01	8.64e-01	0.00e+00	0.00e+00	0.00e+00
 3.04464e+22	4.93e-23	1.73e-17	2.22e-13	2.58e-10	7.17e-08	8.41e-06	4.72e-03	1.35e-01	8.61e-01	0.00e+00	0.00e+00	0.00e+00
 3.05440e+22	6.87e-23	2.30e-17	2.83e-13	3.15e-10	8.34e-08	9.33e-06	5.03e-03	1.39e-01	8.56e-01	0.00e+00	0.00e+00	0.00e+00
 3.06428e+22	8.75e-23	2.84e-17	3.38e-13	3.65e-10	9.32e-08	1.01e-05	5.27e-03	1.42e-01	8.53e-01	0.00e+00	0.00e+00	0.00e+00
 3.07433e+22	1.22e-22	3.79e-17	4.32e-13	4.46e-10	1.09e-07	1.12e-05	5.62e-03	1.46e-01	8.49e-01	0.00e+00	0.00e+00	0.00e+00
 3.08428e+22	1.57e-22	4.72e-17	5.20e-13	5.19e-10	1.22e-07	1.21e-05	5.90e-03	1.49e-01	8.45e-01	0.00e+00	0.00e+00	0.00e+00
 3.09413e+22	2.19e-22	6.30e-17	6.65e-13	6.35e-10	1.42e-07	1.34e-05	6.28e-03	1.53e-01	8.40e-01	0.00e+00	0.00e+00	0.00e+00
 3.10415e+22	2.86e-22	7.94e-17	8.09e-13	7.46e-10	1.60e-07	1.45e-05	6.61e-03	1.57e-01	8.37e-01	0.00e+00	0.00e+00	0.00e+00
 3.11440e+22	4.07e-22	1.08e-16	1.05e-12	9.22e-10	1.88e-07	1.62e-05	7.07e-03	1.62e-01	8.31e-01	0.00e+00	0.00e+00	0.00e+00
 3.12473e+22	5.35e-22	1.37e-16	1.28e-12	1.09e-09	2.13e-07	1.77e-05	7.45e-03	1.65e-01	8.27e-01	0.00e+00	0.00e+00	0.00e+00
 3.13516e+22	7.68e-22	1.87e-16	1.67e-12	1.35e-09	2.52e-07	1.98e-05	7.99e-03	1.70e-01	8.21e-01	0.00e+00	0.00e+00	0.00e+00
 3.14565e+22	1.01e-21	2.37e-16	2.05e-12	1.60e-09	2.85e-07	2.15e-05	8.42e-03	1.75e-01	8.17e-01	0.00e+00	0.00e+00	0.00e+00
 3.15474e+22	1.33e-21	3.00e-16	2.50e-12	1.88e-09	3.23e-07	2.35e-05	8.87e-03	1.79e-01	8.13e-01	0.00e+00	0.00e+00	0.00e+00
 3.16506e+22	1.90e-21	4.09e-16	3.25e-12	2.33e-09	3.81e-07	2.62e-05	9.50e-03	1.84e-01	8.06e-01	0.00e+00	0.00e+00	0.00e+00
 3.17528e+22	2.43e-21	5.08e-16	3.91e-12	2.71e-09	4.28e-07	2.84e-05	9.98e-03	1.88e-01	8.02e-01	0.00e+00	0.00e+00	0.00e+00
 3.18536e+22	3.39e-21	6.77e-16	4.99e-12	3.31e-09	4.98e-07	3.15e-05	1.06e-02	1.93e-01	7.96e-01	0.00e+00	0.00e+00	0.00e+00
 3.19574e+22	4.44e-21	8.55e-16	6.08e-12	3.90e-09	5.64e-07	3.43e-05	1.12e-02	1.98e-01	7.91e-01	0.00e+00	0.00e+00	0.00e+00
 3.20650e+22	6.25e-21	1.15e-15	7.82e-12	4.80e-09	6.61e-07	3.83e-05	1.20e-02	2.04e-01	7.84e-01	0.00e+00	0.00e+00	0.00e+00
 3.21746e+22	8.18e-21	1.45e-15	9.54e-12	5.65e-09	7.50e-07	4.18e-05	1.27e-02	2.08e-01	7.79e-01	0.00e+00	0.00e+00	0.00e+00
 3.22867e+22	1.16e-20	1.96e-15	1.23e-11	6.97e-09	8.81e-07	4.67e-05	1.36e-02	2.15e-01	7.72e-01	0.00e+00	0.00e+00	0.00e+00
 3.24011e+22	1.51e-20	2.47e-15	1.50e-11	8.19e-09	9.98e-07	5.09e-05	1.43e-02	2.19e-01	7.66e-01	0.00e+00	0.00e+00	0.00e+00
 3.25185e+22	2.13e-20	3.33e-15	1.93e-11	1.01e-08	1.17e-06	5.69e-05	1.53e-02	2.26e-01	7.59e-01	0.00e+00	0.00e+00	0.00e+00
 3.26378e+22	2.77e-20	4.18e-15	2.34e-11	1.19e-08	1.33e-06	6.20e-05	1.61e-02	2.31e-01	7.53e-01	0.00e+00	0.00e+00	0.00e+00
 3.27598e+22	3.89e-20	5.61e-15	3.01e-11	1.46e-08	1.56e-06	6.94e-05	1.73e-02	2.38e-01	7.45e-01	0.00e+00	0.00e+00	0.00e+00
 3.28824e+22	5.01e-20	7.00e-15	3.63e-11	1.70e-08	1.76e-06	7.55e-05	1.82e-02	2.43e-01	7.39e-01	0.00e+00	0.00e+00	0.00e+00
 3.30060e+22	6.96e-20	9.30e-15	4.63e-11	2.08e-08	2.06e-06	8.42e-05	1.95e-02	2.50e-01	7.31e-01	0.00e+00	0.00e+00	0.00e+00
 3.31325e+22	8.95e-20	1.16e-14	5.58e-11	2.43e-08	2.33e-06	9.16e-05	2.05e-02	2.55e-01	7.24e-01	0.00e+00	0.00e+00	0.00e+00
 3.32428e+22	1.14e-19	1.42e-14	6.65e-11	2.82e-08	2.61e-06	9.92e-05	2.16e-02	2.60e-01	7.18e-01	0.00e+00	0.00e+00	0.00e+00
 3.33664e+22	1.55e-19	1.86e-14	8.36e-11	3.41e-08	3.03e-06	1.10e-04	2.30e-02	2.67e-01	7.10e-01	0.00e+00	0.00e+00	0.00e+00
 3.34900e+22	1.93e-19	2.25e-14	9.85e-11	3.90e-08	3.37e-06	1.19e-04	2.41e-02	2.72e-01	7.04e-01	0.00e+00	0.00e+00	0.00e+00
 3.36135e+22	2.59e-19	2.91e-14	1.22e-10	4.68e-08	3.88e-06	1.31e-04	2.56e-02	2.79e-01	6.96e-01	0.00e+00	0.00e+00	0.00e+00
 3.37398e+22	3.24e-19	3.54e-14	1.45e-10	5.38e-08	4.34e-06	1.42e-04	2.68e-02	2.84e-01	6.89e-01	0.00e+00	0.00e+00	0.00e+00
 3.38515e+22	4.05e-19	4.29e-14	1.71e-10	6.18e-08	4.83e-06	1.53e-04	2.81e-02	2.89e-01	6.83e-01	0.00e+00	0.00e+00	0.00e+00
 3.39786e+22	5.41e-19	5.51e-14	2.12e-10	7.39e-08	5.57e-06	1.69e-04	2.99e-02	2.96e-01	6.74e-01	0.00e+00	0.00e+00	0.00e+00
 3.41049e+22	6.61e-19	6.56e-14	2.46e-10	8.37e-08	6.15e-06	1.81e-04	3.12e-02	3.01e-01	6.68e-01	0.00e+00	0.00e+00	0.00e+00
 3.42304e+22	8.70e-19	8.33e-14	3.02e-10	9.94e-08	7.04e-06	1.99e-04	3.30e-02	3.08e-01	6.59e-01	0.00e+00	0.00e+00	0.00e+00
 3.43582e+22	1.07e-18	9.94e-14	3.51e-10	1.13e-07	7.78e-06	2.14e-04	3.45e-02	3.13e-01	6.52e-01	0.00e+00	0.00e+00	0.00e+00
 3.44893e+22	1.40e-18	1.26e-13	4.30e-10	1.34e-07	8.91e-06	2.36e-04	3.65e-02	3.20e-01	6.43e-01	0.00e+00	0.00e+00	0.00e+00
 3.46228e+22	1.72e-18	1.51e-13	5.02e-10	1.52e-07	9.87e-06	2.53e-04	3.82e-02	3.25e-01	6.37e-01	0.00e+00	0.00e+00	0.00e+00
 3.47596e+22	2.27e-18	1.92e-13	6.17e-10	1.81e-07	1.13e-05	2.79e-04	4.05e-02	3.32e-01	6.27e-01	0.00e+00	0.00e+00	0.00e+00
 3.48989e+22	2.79e-18	2.30e-13	7.20e-10	2.06e-07	1.26e-05	3.00e-04	4.23e-02	3.37e-01	6.20e-01	0.00e+00	0.00e+00	0.00e+00
 3.50414e+22	3.68e-18	2.92e-13	8.84e-10	2.45e-07	1.44e-05	3.31e-04	4.49e-02	3.45e-01	6.10e-01	0.00e+00	0.00e+00	0.00e+00
 3.51807e+22	4.42e-18	3.42e-13	1.01e-09	2.74e-07	1.58e-05	3.53e-04	4.66e-02	3.49e-01	6.04e-01	0.00e+00	0.00e+00	0.00e+00
 3.53159e+22	5.73e-18	4.30e-13	1.23e-09	3.23e-07	1.80e-05	3.87e-04	4.93e-02	3.56e-01	5.94e-01	0.00e+00	0.00e+00	0.00e+00
 3.54531e+22	6.88e-18	5.04e-13	1.41e-09	3.63e-07	1.97e-05	4.13e-04	5.12e-02	3.61e-01	5.87e-01	0.00e+00	0.00e+00	0.00e+00
 3.55930e+22	8.85e-18	6.27e-13	1.70e-09	4.25e-07	2.23e-05	4.52e-04	5.40e-02	3.68e-01	5.78e-01	0.00e+00	0.00e+00	0.00e+00
 3.57372e+22	1.08e-17	7.47e-13	1.98e-09	4.82e-07	2.47e-05	4.85e-04	5.64e-02	3.73e-01	5.70e-01	0.00e+00	0.00e+00	0.00e+00
 3.58870e+22	1.39e-17	9.29e-13	2.39e-09	5.64e-07	2.81e-05	5.31e-04	5.95e-02	3.80e-01	5.60e-01	0.00e+00	0.00e+00	0.00e+00
 3.60416e+22	1.72e-17	1.12e-12	2.80e-09	6.45e-07	3.12e-05	5.72e-04	6.22e-02	3.85e-01	5.52e-01	0.00e+00	0.00e+00	0.00e+00
 3.62026e+22	2.23e-17	1.40e-12	3.40e-09	7.60e-07	3.56e-05	6.28e-04	6.57e-02	3.92e-01	5.42e-01	0.00e+00	0.00e+00	0.00e+00
 3.63678e+22	2.77e-17	1.69e-12	4.00e-09	8.71e-07	3.97e-05	6.78e-04	6.87e-02	3.98e-01	5.33e-01	2.77e-17	7.13e-28	7.58e-28
 3.65387e+22	3.62e-17	2.14e-12	4.89e-09	1.03e-06	4.54e-05	7.46e-04	7.27e-02	4.05e-01	5.22e-01	3.62e-17	6.88e-26	8.67e-26
 3.67151e+22	4.54e-17	2.60e-12	5.79e-09	1.19e-06	5.08e-05	8.08e-04	7.61e-02	4.11e-01	5.12e-01	4.54e-17	8.63e-26	1.09e-25
 3.68986e+22	5.99e-17	3.32e-12	7.13e-09	1.41e-06	5.84e-05	8.92e-04	8.06e-02	4.18e-01	5.01e-01	5.99e-17	1.14e-25	1.43e-25
 3.70877e+22	7.58e-17	4.07e-12	8.51e-09	1.64e-06	6.57e-05	9.69e-04	8.46e-02	4.23e-01	4.91e-01	7.58e-17	1.44e-25	1.82e-25
 3.72583e+22	9.51e-17	4.96e-12	1.01e-08	1.89e-06	7.36e-05	1.05e-03	8.87e-02	4.29e-01	4.81e-01	9.51e-17	1.81e-25	2.28e-25
 3.74542e+22	1.27e-16	6.37e-12	1.25e-08	2.26e-06	8.50e-05	1.16e-03	9.40e-02	4.36e-01	4.69e-01	1.27e-16	2.41e-25	3.04e-25
 3.76540e+22	1.61e-16	7.84e-12	1.49e-08	2.63e-06	9.57e-05	1.26e-03	9.86e-02	4.41e-01	4.59e-01	1.61e-16	3.06e-25	3.85e-25
 3.78586e+22	2.16e-16	1.01e-11	1.86e-08	3.16e-06	1.11e-04	1.40e-03	1.05e-01	4.48e-01	4.46e-01	2.16e-16	4.11e-25	5.17e-25
 3.80661e+22	2.75e-16	1.25e-11	2.23e-08	3.68e-06	1.25e-04	1.53e-03	1.10e-01	4.53e-01	4.35e-01	2.75e-16	5.23e-25	6.59e-25
 3.82771e+22	3.72e-16	1.63e-11	2.80e-08	4.46e-06	1.46e-04	1.70e-03	1.17e-01	4.60e-01	4.22e-01	3.72e-16	7.09e-25	8.93e-25
 3.84903e+22	4.74e-16	2.01e-11	3.36e-08	5.19e-06	1.65e-04	1.85e-03	1.22e-01	4.65e-01	4.11e-01	4.74e-16	9.04e-25	1.14e-24
 3.87062e+22	6.49e-16	2.65e-11	4.25e-08	6.33e-06	1.93e-04	2.07e-03	1.30e-01	4.71e-01	3.97e-01	6.49e-16	1.24e-24	1.56e-24
 3.89232e+22	8.24e-16	3.26e-11	5.08e-08	7.36e-06	2.18e-04	2.25e-03	1.36e-01	4.75e-01	3.86e-01	8.24e-16	1.57e-24	1.98e-24
 3.91035e+22	1.02e-15	3.93e-11	5.98e-08	8.43e-06	2.43e-04	2.43e-03	1.42e-01	4.79e-01	3.76e-01	1.02e-15	1.95e-24	2.46e-24
 3.92998e+22	1.36e-15	5.04e-11	7.41e-08	1.01e-05	2.81e-04	2.69e-03	1.50e-01	4.84e-01	3.63e-01	1.36e-15	2.60e-24	3.27e-24
 3.94952e+22	1.68e-15	6.05e-11	8.67e-08	1.15e-05	3.13e-04	2.90e-03	1.56e-01	4.87e-01	3.53e-01	1.68e-15	3.20e-24	4.03e-24
 3.96897e+22	2.22e-15	7.72e-11	1.07e-07	1.38e-05	3.61e-04	3.21e-03	1.65e-01	4.91e-01	3.40e-01	2.22e-15	4.24e-24	5.33e-24
 3.98866e+22	2.75e-15	9.32e-11	1.26e-07	1.58e-05	4.04e-04	3.46e-03	1.72e-01	4.94e-01	3.30e-01	2.75e-15	5.26e-24	6.61e-24
 4.00868e+22	3.66e-15	1.19e-10	1.56e-07	1.90e-05	4.69e-04	3.84e-03	1.82e-01	4.97e-01	3.17e-01	3.66e-15	7.00e-24	8.80e-24
 4.02893e+22	4.55e-15	1.45e-10	1.84e-07	2.19e-05	5.25e-04	4.16e-03	1.89e-01	4.99e-01	3.07e-01	4.55e-15	8.71e-24	1.09e-23
 4.04950e+22	6.06e-15	1.86e-10	2.29e-07	2.63e-05	6.11e-04	4.62e-03	2.00e-01	5.01e-01	2.93e-01	6.06e-15	1.16e-23	1.46e-23
 4.07048e+22	7.61e-15	2.26e-10	2.72e-07	3.06e-05	6.90e-04	5.03e-03	2.09e-01	5.03e-01	2.83e-01	7.61e-15	1.46e-23	1.83e-23
 4.09199e+22	1.02e-14	2.92e-10	3.41e-07	3.71e-05	8.08e-04	5.62e-03	2.21e-01	5.04e-01	2.69e-01	1.02e-14	1.95e-23	2.46e-23
 4.11389e+22	1.28e-14	3.58e-10	4.06e-07	4.32e-05	9.17e-04	6.14e-03	2.31e-01	5.04e-01	2.58e-01	1.28e-14	2.46e-23	3.10e-23
 4.13632e+22	1.73e-14	4.64e-10	5.11e-07	5.27e-05	1.08e-03	6.89e-03	2.44e-01	5.04e-01	2.43e-01	1.73e-14	3.32e-23	4.17e-23
 4.15898e+22	2.17e-14	5.66e-10	6.09e-07	6.14e-05	1.23e-03	7.53e-03	2.55e-01	5.03e-01	2.32e-01	2.17e-14	4.17e-23	5.24e-23
 4.17813e+22	2.67e-14	6.79e-10	7.16e-07	7.07e-05	1.38e-03	8.18e-03	2.66e-01	5.02e-01	2.22e-01	2.67e-14	5.13e-23	6.44e-23
 4.19896e+22	3.44e-14	8.50e-10	8.75e-07	8.44e-05	1.60e-03	9.09e-03	2.79e-01	5.00e-01	2.10e-01	3.44e-14	6.62e-23	8.32e-23
 4.21984e+22	4.20e-14	1.01e-09	1.02e-06	9.69e-05	1.80e-03	9.87e-03	2.90e-01	4.98e-01	2.00e-01	4.20e-14	8.07e-23	1.01e-22
 4.24027e+22	5.29e-14	1.24e-09	1.23e-06	1.14e-04	2.08e-03	1.09e-02	3.04e-01	4.94e-01	1.89e-01	5.29e-14	1.02e-22	1.28e-22
 4.26111e+22	6.42e-14	1.47e-09	1.44e-06	1.31e-04	2.34e-03	1.19e-02	3.16e-01	4.91e-01	1.79e-01	6.42e-14	1.24e-22	1.55e-22
 4.28154e+22	7.92e-14	1.77e-09	1.70e-06	1.53e-04	2.67e-03	1.30e-02	3.29e-01	4.86e-01	1.69e-01	7.92e-14	1.53e-22	1.92e-22
 4.30239e+22	9.56e-14	2.10e-09	1.99e-06	1.77e-04	3.02e-03	1.42e-02	3.42e-01	4.81e-01	1.59e-01	9.56e-14	1.84e-22	2.31e-22
 4.32295e+22	1.15e-13	2.48e-09	2.33e-06	2.04e-04	3.42e-03	1.56e-02	3.56e-01	4.75e-01	1.50e-01	1.15e-13	2.23e-22	2.79e-22
 4.34366e+22	1.37e-13	2.90e-09	2.70e-06	2.34e-04	3.85e-03	1.70e-02	3.69e-01	4.69e-01	1.41e-01	1.37e-13	2.65e-22	3.33e-22
 4.36412e+22	1.62e-13	3.38e-09	3.12e-06	2.68e-04	4.33e-03	1.85e-02	3.82e-01	4.63e-01	1.32e-01	1.62e-13	3.14e-22	3.94e-22
 4.38454e+22	1.90e-13	3.90e-09	3.58e-06	3.05e-04	4.86e-03	2.01e-02	3.95e-01	4.56e-01	1.24e-01	1.90e-13	3.68e-22	4.62e-22
 4.40498e+22	2.21e-13	4.48e-09	4.09e-06	3.47e-04	5.44e-03	2.18e-02	4.08e-01	4.48e-01	1.16e-01	2.21e-13	4.29e-22	5.38e-22
 4.42549e+22	2.56e-13	5.12e-09	4.66e-06	3.93e-04	6.07e-03	2.37e-02	4.21e-01	4.40e-01	1.09e-01	2.56e-13	4.96e-22	6.21e-22
 4.44610e+22	2.93e-13	5.82e-09	5.29e-06	4.44e-04	6.77e-03	2.57e-02	4.34e-01	4.32e-01	1.02e-01	2.93e-13	5.69e-22	7.13e-22
 4.46689e+22	3.34e-13	6.58e-09	5.99e-06	5.01e-04	7.53e-03	2.78e-02	4.47e-01	4.23e-01	9.48e-02	3.34e-13	6.50e-22	8.14e-22
 4.48790e+22	3.79e-13	7.41e-09	6.76e-06	5.64e-04	8.36e-03	3.00e-02	4.59e-01	4.14e-01	8.83e-02	3.79e-13	7.38e-22	9.24e-22
 4.50902e+22	4.27e-13	8.31e-09	7.60e-06	6.33e-04	9.26e-03	3.24e-02	4.71e-01	4.04e-01	8.22e-02	4.27e-13	8.32e-22	1.04e-21
 4.53048e+22	4.80e-13	9.29e-09	8.55e-06	7.12e-04	1.03e-02	3.50e-02	4.84e-01	3.94e-01	7.62e-02	4.80e-13	9.35e-22	1.17e-21
 4.55215e+22	5.35e-13	1.03e-08	9.56e-06	7.96e-04	1.13e-02	3.77e-02	4.95e-01	3.84e-01	7.07e-02	5.35e-13	1.04e-21	1.31e-21
 4.57426e+22	5.97e-13	1.15e-08	1.07e-05	8.94e-04	1.25e-02	4.07e-02	5.07e-01	3.73e-01	6.53e-02	5.97e-13	1.17e-21	1.46e-21
 4.59675e+22	6.61e-13	1.27e-08	1.20e-05	9.99e-04	1.38e-02	4.38e-02	5.18e-01	3.63e-01	6.03e-02	6.61e-13	1.29e-21	1.62e-21
 4.61736e+22	7.18e-13	1.39e-08	1.31e-05	1.10e-03	1.49e-02	4.65e-02	5.27e-01	3.54e-01	5.64e-02	7.18e-13	1.41e-21	1.76e-21
 4.63889e+22	7.91e-13	1.53e-08	1.47e-05	1.23e-03	1.65e-02	5.02e-02	5.39e-01	3.42e-01	5.17e-02	7.91e-13	1.55e-21	1.94e-21
 4.66076e+22	8.58e-13	1.67e-08	1.61e-05	1.35e-03	1.78e-02	5.33e-02	5.47e-01	3.33e-01	4.82e-02	8.58e-13	1.69e-21	2.11e-21
 4.68328e+22	9.47e-13	1.85e-08	1.80e-05	1.52e-03	1.96e-02	5.74e-02	5.57e-01	3.20e-01	4.39e-02	9.47e-13	1.86e-21	2.33e-21
 4.70582e+22	1.02e-12	2.00e-08	1.96e-05	1.66e-03	2.11e-02	6.08e-02	5.65e-01	3.11e-01	4.09e-02	1.02e-12	2.01e-21	2.51e-21
 4.72841e+22	1.11e-12	2.20e-08	2.19e-05	1.86e-03	2.32e-02	6.53e-02	5.74e-01	2.99e-01	3.72e-02	1.11e-12	2.20e-21	2.75e-21
 4.75109e+22	1.20e-12	2.39e-08	2.39e-05	2.03e-03	2.48e-02	6.89e-02	5.80e-01	2.90e-01	3.46e-02	1.20e-12	2.37e-21	2.96e-21
 4.77388e+22	1.31e-12	2.63e-08	2.67e-05	2.27e-03	2.71e-02	7.38e-02	5.87e-01	2.78e-01	3.14e-02	1.31e-12	2.59e-21	3.24e-21
 4.79692e+22	1.41e-12	2.84e-08	2.91e-05	2.47e-03	2.90e-02	7.78e-02	5.93e-01	2.69e-01	2.91e-02	1.41e-12	2.79e-21	3.49e-21
 4.82027e+22	1.54e-12	3.13e-08	3.25e-05	2.77e-03	3.17e-02	8.31e-02	5.99e-01	2.57e-01	2.64e-02	1.54e-12	3.05e-21	3.81e-21
 4.84393e+22	1.65e-12	3.40e-08	3.55e-05	3.02e-03	3.38e-02	8.74e-02	6.03e-01	2.48e-01	2.44e-02	1.65e-12	3.29e-21	4.11e-21
 4.86800e+22	1.81e-12	3.75e-08	3.98e-05	3.38e-03	3.68e-02	9.33e-02	6.08e-01	2.36e-01	2.20e-02	1.81e-12	3.60e-21	4.49e-21
 4.89251e+22	1.95e-12	4.09e-08	4.36e-05	3.70e-03	3.93e-02	9.81e-02	6.12e-01	2.27e-01	2.02e-02	1.95e-12	3.90e-21	4.86e-21
 4.91761e+22	2.14e-12	4.54e-08	4.91e-05	4.15e-03	4.28e-02	1.05e-01	6.15e-01	2.15e-01	1.81e-02	2.14e-12	4.28e-21	5.34e-21
 4.94327e+22	2.33e-12	4.98e-08	5.41e-05	4.55e-03	4.57e-02	1.10e-01	6.17e-01	2.06e-01	1.66e-02	2.33e-12	4.67e-21	5.82e-21
 4.96969e+22	2.57e-12	5.58e-08	6.13e-05	5.13e-03	4.97e-02	1.17e-01	6.18e-01	1.95e-01	1.47e-02	2.57e-12	5.16e-21	6.43e-21
 4.99659e+22	2.83e-12	6.19e-08	6.81e-05	5.64e-03	5.30e-02	1.23e-01	6.19e-01	1.86e-01	1.35e-02	2.83e-12	5.70e-21	7.10e-21
 5.01937e+22	3.04e-12	6.73e-08	7.45e-05	6.13e-03	5.62e-02	1.28e-01	6.19e-01	1.78e-01	1.23e-02	3.04e-12	6.15e-21	7.65e-21
 5.04426e+22	3.37e-12	7.55e-08	8.40e-05	6.84e-03	6.05e-02	1.35e-01	6.18e-01	1.68e-01	1.10e-02	3.37e-12	6.82e-21	8.49e-21
 5.06830e+22	3.65e-12	8.22e-08	9.16e-05	7.39e-03	6.36e-02	1.40e-01	6.17e-01	1.62e-01	1.02e-02	3.65e-12	7.39e-21	9.20e-21
 5.09123e+22	3.99e-12	9.13e-08	1.02e-04	8.16e-03	6.79e-02	1.47e-01	6.14e-01	1.53e-01	9.18e-03	3.99e-12	8.11e-21	1.01e-20
 5.11441e+22	4.37e-12	1.00e-07	1.12e-04	8.82e-03	7.14e-02	1.52e-01	6.12e-01	1.47e-01	8.48e-03	4.37e-12	8.90e-21	1.11e-20
 5.13790e+22	4.83e-12	1.12e-07	1.26e-04	9.74e-03	7.61e-02	1.59e-01	6.08e-01	1.39e-01	7.60e-03	4.83e-12	9.87e-21	1.23e-20
 5.16173e+22	5.31e-12	1.24e-07	1.38e-04	1.06e-02	8.01e-02	1.65e-01	6.05e-01	1.32e-01	6.99e-03	5.31e-12	1.09e-20	1.35e-20
 5.18603e+22	5.92e-12	1.40e-07	1.56e-04	1.17e-02	8.53e-02	1.72e-01	6.00e-01	1.25e-01	6.24e-03	5.92e-12	1.22e-20	1.51e-20
 5.21068e+22	6.58e-12	1.56e-07	1.72e-04	1.27e-02	8.97e-02	1.78e-01	5.95e-01	1.19e-01	5.71e-03	6.58e-12	1.36e-20	1.69e-20
 5.23580e+22	7.39e-12	1.78e-07	1.95e-04	1.40e-02	9.55e-02	1.86e-01	5.88e-01	1.11e-01	5.07e-03	7.39e-12	1.53e-20	1.90e-20
 5.26132e+22	8.29e-12	1.99e-07	2.16e-04	1.53e-02	1.00e-01	1.91e-01	5.82e-01	1.06e-01	4.62e-03	8.29e-12	1.72e-20	2.14e-20
 5.28736e+22	9.43e-12	2.29e-07	2.46e-04	1.69e-02	1.07e-01	1.99e-01	5.74e-01	9.84e-02	4.08e-03	9.43e-12	1.97e-20	2.44e-20
 5.31402e+22	1.07e-11	2.59e-07	2.75e-04	1.85e-02	1.12e-01	2.06e-01	5.67e-01	9.30e-02	3.69e-03	1.07e-11	2.23e-20	2.76e-20
 5.34146e+22	1.24e-11	3.03e-07	3.16e-04	2.06e-02	1.20e-01	2.14e-01	5.56e-01	8.62e-02	3.23e-03	1.24e-11	2.60e-20	3.22e-20
 5.36965e+22	1.41e-11	3.46e-07	3.56e-04	2.25e-02	1.26e-01	2.20e-01	5.47e-01	8.10e-02	2.90e-03	1.41e-11	2.98e-20	3.69e-20
 5.39882e+22	1.67e-11	4.10e-07	4.13e-04	2.52e-02	1.34e-01	2.28e-01	5.35e-01	7.45e-02	2.51e-03	1.67e-11	3.54e-20	4.39e-20
 5.42823e+22	1.93e-11	4.72e-07	4.66e-04	2.75e-02	1.41e-01	2.34e-01	5.25e-01	6.98e-02	2.25e-03	1.93e-11	4.12e-20	5.10e-20
 5.45797e+22	2.31e-11	5.64e-07	5.43e-04	3.08e-02	1.50e-01	2.42e-01	5.11e-01	6.39e-02	1.93e-03	2.31e-11	4.94e-20	6.11e-20
 5.48803e+22	2.70e-11	6.53e-07	6.14e-04	3.36e-02	1.58e-01	2.48e-01	4.99e-01	5.96e-02	1.72e-03	2.70e-11	5.80e-20	7.17e-20
 5.51851e+22	3.26e-11	7.87e-07	7.18e-04	3.76e-02	1.67e-01	2.55e-01	4.84e-01	5.42e-02	1.47e-03	3.26e-11	7.06e-20	8.73e-20
 5.54952e+22	3.86e-11	9.20e-07	8.15e-04	4.12e-02	1.75e-01	2.60e-01	4.71e-01	5.03e-02	1.30e-03	3.86e-11	8.40e-20	1.04e-19
 5.57703e+22	4.52e-11	1.07e-06	9.24e-04	4.49e-02	1.83e-01	2.65e-01	4.58e-01	4.65e-02	1.15e-03	4.52e-11	9.90e-20	1.22e-19
 5.60860e+22	5.60e-11	1.31e-06	1.09e-03	5.02e-02	1.94e-01	2.71e-01	4.40e-01	4.20e-02	9.73e-04	5.60e-11	1.24e-19	1.53e-19
 5.64064e+22	6.65e-11	1.53e-06	1.23e-03	5.48e-02	2.03e-01	2.76e-01	4.26e-01	3.86e-02	8.50e-04	6.65e-11	1.47e-19	1.82e-19
 5.66656e+22	7.76e-11	1.76e-06	1.38e-03	5.91e-02	2.10e-01	2.79e-01	4.13e-01	3.59e-02	7.57e-04	7.76e-11	1.73e-19	2.13e-19
 5.69352e+22	9.35e-11	2.08e-06	1.57e-03	6.45e-02	2.20e-01	2.83e-01	3.98e-01	3.29e-02	6.59e-04	9.35e-11	2.10e-19	2.59e-19
 5.72179e+22	1.10e-10	2.41e-06	1.76e-03	6.96e-02	2.28e-01	2.85e-01	3.85e-01	3.03e-02	5.81e-04	1.10e-10	2.49e-19	3.07e-19
 5.74771e+22	1.30e-10	2.79e-06	1.98e-03	7.50e-02	2.36e-01	2.87e-01	3.71e-01	2.80e-02	5.13e-04	1.30e-10	2.96e-19	3.64e-19
 5.77732e+22	1.61e-10	3.36e-06	2.28e-03	8.22e-02	2.46e-01	2.90e-01	3.55e-01	2.52e-02	4.37e-04	1.61e-10	3.69e-19	4.53e-19
 5.80770e+22	1.93e-10	3.94e-06	2.58e-03	8.89e-02	2.54e-01	2.91e-01	3.40e-01	2.30e-02	3.79e-04	1.93e-10	4.46e-19	5.48e-19
 5.83452e+22	2.30e-10	4.58e-06	2.89e-03	9.56e-02	2.62e-01	2.92e-01	3.26e-01	2.11e-02	3.32e-04	2.30e-10	5.35e-19	6.57e-19
 5.86484e+22	2.87e-10	5.53e-06	3.32e-03	1.04e-01	2.72e-01	2.92e-01	3.09e-01	1.88e-02	2.80e-04	2.87e-10	6.74e-19	8.28e-19
 5.89628e+22	3.49e-10	6.53e-06	3.77e-03	1.13e-01	2.81e-01	2.92e-01	2.94e-01	1.70e-02	2.40e-04	3.49e-10	8.27e-19	1.01e-18
 5.92445e+22	4.21e-10	7.62e-06	4.23e-03	1.21e-01	2.89e-01	2.90e-01	2.80e-01	1.54e-02	2.08e-04	4.21e-10	1.00e-18	1.23e-18
 5.95633e+22	5.34e-10	9.26e-06	4.88e-03	1.32e-01	2.99e-01	2.88e-01	2.62e-01	1.36e-02	1.73e-04	5.34e-10	1.29e-18	1.58e-18
 5.98926e+22	6.58e-10	1.10e-05	5.53e-03	1.42e-01	3.07e-01	2.86e-01	2.47e-01	1.22e-02	1.46e-04	6.58e-10	1.60e-18	1.96e-18
 6.01867e+22	8.01e-10	1.29e-05	6.21e-03	1.52e-01	3.14e-01	2.83e-01	2.34e-01	1.09e-02	1.25e-04	8.01e-10	1.97e-18	2.41e-18
 6.05200e+22	1.03e-09	1.58e-05	7.19e-03	1.66e-01	3.22e-01	2.78e-01	2.16e-01	9.48e-03	1.02e-04	1.03e-09	2.58e-18	3.15e-18
 6.08635e+22	1.28e-09	1.88e-05	8.13e-03	1.78e-01	3.29e-01	2.74e-01	2.02e-01	8.38e-03	8.52e-05	1.28e-09	3.24e-18	3.95e-18
 6.12201e+22	1.69e-09	2.32e-05	9.46e-03	1.94e-01	3.37e-01	2.67e-01	1.85e-01	7.17e-03	6.80e-05	1.69e-09	4.32e-18	5.27e-18
 6.15831e+22	2.12e-09	2.77e-05	1.07e-02	2.08e-01	3.43e-01	2.61e-01	1.72e-01	6.27e-03	5.62e-05	2.12e-09	5.49e-18	6.69e-18
 6.19051e+22	2.64e-09	3.28e-05	1.20e-02	2.21e-01	3.47e-01	2.55e-01	1.59e-01	5.49e-03	4.66e-05	2.64e-09	6.94e-18	8.45e-18
 6.22742e+22	3.50e-09	4.08e-05	1.40e-02	2.39e-01	3.52e-01	2.46e-01	1.44e-01	4.62e-03	3.65e-05	3.50e-09	9.38e-18	1.14e-17
 6.26481e+22	4.42e-09	4.86e-05	1.58e-02	2.55e-01	3.56e-01	2.38e-01	1.32e-01	3.99e-03	2.97e-05	4.42e-09	1.20e-17	1.46e-17
 6.30282e+22	5.91e-09	6.03e-05	1.83e-02	2.74e-01	3.59e-01	2.27e-01	1.18e-01	3.32e-03	2.30e-05	5.91e-09	1.64e-17	1.99e-17
 6.34124e+22	7.49e-09	7.19e-05	2.05e-02	2.91e-01	3.60e-01	2.18e-01	1.08e-01	2.84e-03	1.85e-05	7.49e-09	2.11e-17	2.56e-17
 6.38018e+22	1.01e-08	8.95e-05	2.38e-02	3.12e-01	3.60e-01	2.07e-01	9.52e-02	2.32e-03	1.40e-05	1.01e-08	2.91e-17	3.53e-17
 6.41947e+22	1.28e-08	1.06e-04	2.66e-02	3.29e-01	3.59e-01	1.97e-01	8.61e-02	1.97e-03	1.12e-05	1.28e-08	3.76e-17	4.55e-17
 6.45923e+22	1.74e-08	1.33e-04	3.07e-02	3.50e-01	3.57e-01	1.85e-01	7.53e-02	1.59e-03	8.37e-06	1.74e-08	5.23e-17	6.33e-17
 6.49941e+22	2.21e-08	1.57e-04	3.42e-02	3.67e-01	3.54e-01	1.75e-01	6.75e-02	1.34e-03	6.62e-06	2.21e-08	6.79e-17	8.19e-17
 6.54014e+22	3.01e-08	1.96e-04	3.93e-02	3.89e-01	3.49e-01	1.63e-01	5.84e-02	1.07e-03	4.86e-06	3.01e-08	9.50e-17	1.15e-16
 6.58139e+22	3.83e-08	2.32e-04	4.38e-02	4.06e-01	3.44e-01	1.53e-01	5.19e-02	8.89e-04	3.79e-06	3.83e-08	1.24e-16	1.50e-16
 6.62333e+22	5.24e-08	2.89e-04	5.02e-02	4.28e-01	3.36e-01	1.40e-01	4.44e-02	6.97e-04	2.73e-06	5.24e-08	1.75e-16	2.11e-16
 6.66445e+22	6.59e-08	3.39e-04	5.53e-02	4.43e-01	3.30e-01	1.31e-01	3.94e-02	5.81e-04	2.14e-06	6.59e-08	2.25e-16	2.71e-16
 6.70451e+22	8.86e-08	4.16e-04	6.26e-02	4.63e-01	3.20e-01	1.20e-01	3.37e-02	4.57e-04	1.55e-06	8.86e-08	3.12e-16	3.76e-16
 6.74314e+22	1.09e-07	4.79e-04	6.81e-02	4.75e-01	3.13e-01	1.12e-01	3.01e-02	3.85e-04	1.24e-06	1.09e-07	3.93e-16	4.72e-16
 6.77994e+22	1.42e-07	5.72e-04	7.57e-02	4.91e-01	3.04e-01	1.03e-01	2.59e-02	3.08e-04	9.19e-07	1.42e-07	5.26e-16	6.32e-16
 6.81695e+22	1.74e-07	6.59e-04	8.22e-02	5.03e-01	2.95e-01	9.57e-02	2.30e-02	2.57e-04	7.23e-07	1.74e-07	6.63e-16	7.96e-16
 6.85422e+22	2.27e-07	7.87e-04	9.10e-02	5.17e-01	2.84e-01	8.70e-02	1.97e-02	2.04e-04	5.32e-07	2.27e-07	8.89e-16	1.07e-15
 6.89225e+22	2.81e-07	9.10e-04	9.89e-02	5.28e-01	2.75e-01	8.03e-02	1.73e-02	1.68e-04	4.11e-07	2.81e-07	1.13e-15	1.35e-15
 6.93127e+22	3.68e-07	1.09e-03	1.09e-01	5.40e-01	2.63e-01	7.23e-02	1.46e-02	1.31e-04	2.97e-07	3.68e-07	1.53e-15	1.83e-15
 6.97063e+22	4.56e-07	1.26e-03	1.18e-01	5.49e-01	2.53e-01	6.62e-02	1.27e-02	1.07e-04	2.27e-07	4.56e-07	1.95e-15	2.33e-15
 7.00521e+22	5.62e-07	1.44e-03	1.28e-01	5.56e-01	2.43e-01	6.06e-02	1.11e-02	8.71e-05	1.74e-07	5.62e-07	2.47e-15	2.95e-15
 7.04496e+22	7.34e-07	1.72e-03	1.41e-01	5.64e-01	2.30e-01	5.40e-02	9.28e-03	6.70e-05	1.24e-07	7.34e-07	3.33e-15	3.98e-15
 7.08345e+22	8.90e-07	1.96e-03	1.51e-01	5.69e-01	2.21e-01	4.95e-02	8.12e-03	5.52e-05	0.00e+00	8.90e-07	4.15e-15	4.95e-15
 7.11410e+22	1.06e-06	2.20e-03	1.60e-01	5.73e-01	2.12e-01	4.56e-02	7.18e-03	4.61e-05	0.00e+00	1.06e-06	5.07e-15	6.04e-15
 7.14775e+22	1.32e-06	2.53e-03	1.72e-01	5.76e-01	2.01e-01	4.11e-02	6.16e-03	3.68e-05	0.00e+00	1.32e-06	6.49e-15	7.73e-15
 7.18199e+22	1.58e-06	2.85e-03	1.83e-01	5.78e-01	1.93e-01	3.77e-02	5.40e-03	3.04e-05	0.00e+00	1.58e-06	7.98e-15	9.49e-15
 7.21220e+22	1.87e-06	3.19e-03	1.94e-01	5.79e-01	1.84e-01	3.46e-02	4.76e-03	2.53e-05	0.00e+00	1.87e-06	9.72e-15	1.15e-14
 7.24668e+22	2.32e-06	3.67e-03	2.08e-01	5.80e-01	1.74e-01	3.09e-02	4.04e-03	2.00e-05	0.00e+00	2.32e-06	1.25e-14	1.48e-14
 7.28160e+22	2.78e-06	4.12e-03	2.20e-01	5.79e-01	1.65e-01	2.81e-02	3.52e-03	1.64e-05	0.00e+00	2.78e-06	1.53e-14	1.82e-14
 7.31222e+22	3.30e-06	4.60e-03	2.32e-01	5.77e-01	1.57e-01	2.56e-02	3.08e-03	1.35e-05	0.00e+00	3.30e-06	1.87e-14	2.21e-14
 7.34714e+22	4.10e-06	5.29e-03	2.48e-01	5.74e-01	1.47e-01	2.27e-02	2.59e-03	1.05e-05	0.00e+00	4.10e-06	2.41e-14	2.85e-14
 7.38237e+22	4.85e-06	5.90e-03	2.62e-01	5.70e-01	1.40e-01	2.06e-02	2.26e-03	8.61e-06	0.00e+00	4.85e-06	2.93e-14	3.47e-14
 7.41798e+22	6.00e-06	6.77e-03	2.79e-01	5.64e-01	1.30e-01	1.82e-02	1.89e-03	6.67e-06	0.00e+00	6.00e-06	3.77e-14	4.45e-14
 7.45415e+22	7.17e-06	7.58e-03	2.94e-01	5.58e-01	1.23e-01	1.63e-02	1.62e-03	5.37e-06	0.00e+00	7.17e-06	4.64e-14	5.48e-14
 7.48601e+22	8.47e-06	8.44e-03	3.08e-01	5.52e-01	1.15e-01	1.47e-02	1.40e-03	4.36e-06	0.00e+00	8.47e-06	5.65e-14	6.67e-14
 7.52240e+22	1.05e-05	9.65e-03	3.27e-01	5.42e-01	1.07e-01	1.28e-02	1.16e-03	3.34e-06	0.00e+00	1.05e-05	7.26e-14	8.57e-14
 7.55958e+22	1.25e-05	1.08e-02	3.43e-01	5.33e-01	9.99e-02	1.14e-02	9.93e-04	2.66e-06	0.00e+00	1.25e-05	8.94e-14	1.06e-13
 7.59778e+22	1.54e-05	1.24e-02	3.64e-01	5.21e-01	9.18e-02	9.91e-03	8.16e-04	2.01e-06	0.00e+00	1.54e-05	1.15e-13	1.36e-13
 7.63673e+22	1.85e-05	1.39e-02	3.82e-01	5.10e-01	8.50e-02	8.71e-03	6.84e-04	1.56e-06	0.00e+00	1.85e-05	1.44e-13	1.70e-13
 7.67069e+22	2.19e-05	1.54e-02	3.99e-01	4.99e-01	7.90e-02	7.72e-03	5.81e-04	1.24e-06	0.00e+00	2.19e-05	1.76e-13	2.07e-13
 7.70887e+22	2.70e-05	1.76e-02	4.20e-01	4.83e-01	7.20e-02	6.62e-03	4.72e-04	9.24e-07	0.00e+00	2.70e-05	2.26e-13	2.67e-13
 7.74848e+22	3.23e-05	1.97e-02	4.38e-01	4.69e-01	6.62e-02	5.78e-03	3.94e-04	7.13e-07	0.00e+00	3.23e-05	2.81e-13	3.32e-13
 7.78996e+22	4.06e-05	2.27e-02	4.62e-01	4.51e-01	5.93e-02	4.84e-03	3.11e-04	5.10e-07	0.00e+00	4.06e-05	3.70e-13	4.37e-13
 7.83150e+22	4.81e-05	2.52e-02	4.81e-01	4.35e-01	5.43e-02	4.21e-03	2.58e-04	3.93e-07	0.00e+00	4.81e-05	4.56e-13	5.39e-13
 7.87312e+22	5.98e-05	2.89e-02	5.03e-01	4.15e-01	4.85e-02	3.51e-03	2.04e-04	2.81e-07	0.00e+00	5.98e-05	5.96e-13	7.05e-13
 7.90980e+22	6.83e-05	3.13e-02	5.18e-01	4.03e-01	4.50e-02	3.13e-03	1.75e-04	2.27e-07	0.00e+00	6.83e-05	7.01e-13	8.29e-13
 7.93596e+22	7.66e-05	3.36e-02	5.30e-01	3.91e-01	4.22e-02	2.83e-03	1.53e-04	1.89e-07	0.00e+00	7.66e-05	8.09e-13	9.56e-13
 7.96583e+22	8.92e-05	3.70e-02	5.45e-01	3.76e-01	3.87e-02	2.47e-03	1.29e-04	1.48e-07	0.00e+00	8.92e-05	9.78e-13	1.16e-12
 7.99694e+22	1.02e-04	4.00e-02	5.59e-01	3.63e-01	3.59e-02	2.20e-03	1.10e-04	0.00e+00	0.00e+00	1.02e-04	1.15e-12	1.36e-12
 8.02964e+22	1.20e-04	4.44e-02	5.75e-01	3.46e-01	3.24e-02	1.88e-03	9.05e-05	0.00e+00	0.00e+00	1.20e-04	1.42e-12	1.67e-12
 8.06237e+22	1.36e-04	4.80e-02	5.88e-01	3.33e-01	2.99e-02	1.66e-03	7.72e-05	0.00e+00	0.00e+00	1.36e-04	1.66e-12	1.96e-12
 8.09512e+22	1.61e-04	5.30e-02	6.03e-01	3.15e-01	2.69e-02	1.42e-03	6.30e-05	0.00e+00	0.00e+00	1.61e-04	2.04e-12	2.41e-12
 8.12816e+22	1.83e-04	5.73e-02	6.15e-01	3.02e-01	2.47e-02	1.25e-03	5.34e-05	0.00e+00	0.00e+00	1.83e-04	2.40e-12	2.83e-12
 8.16159e+22	2.14e-04	6.31e-02	6.28e-01	2.85e-01	2.22e-02	1.06e-03	4.35e-05	0.00e+00	0.00e+00	2.14e-04	2.93e-12	3.46e-12
 8.19602e+22	2.45e-04	6.84e-02	6.40e-01	2.71e-01	2.01e-02	9.19e-04	3.63e-05	0.00e+00	0.00e+00	2.45e-04	3.48e-12	4.11e-12
 8.22687e+22	2.79e-04	7.40e-02	6.50e-01	2.57e-01	1.83e-02	7.98e-04	3.03e-05	0.00e+00	0.00e+00	2.79e-04	4.12e-12	4.86e-12
 8.26209e+22	3.30e-04	8.19e-02	6.62e-01	2.39e-01	1.62e-02	6.64e-04	2.41e-05	0.00e+00	0.00e+00	3.30e-04	5.10e-12	6.02e-12
 8.29780e+22	3.75e-04	8.83e-02	6.70e-01	2.26e-01	1.46e-02	5.72e-04	2.00e-05	0.00e+00	0.00e+00	3.75e-04	6.02e-12	7.10e-12
 8.33413e+22	4.43e-04	9.76e-02	6.80e-01	2.09e-01	1.28e-02	4.71e-04	1.57e-05	0.00e+00	0.00e+00	4.43e-04	7.48e-12	8.83e-12
 8.37123e+22	5.05e-04	1.05e-01	6.86e-01	1.96e-01	1.14e-02	4.01e-04	1.28e-05	0.00e+00	0.00e+00	5.05e-04	8.88e-12	1.05e-11
 8.40933e+22	5.99e-04	1.17e-01	6.93e-01	1.79e-01	9.92e-03	3.25e-04	9.92e-06	0.00e+00	0.00e+00	5.99e-04	1.11e-11	1.31e-11
 8.44842e+22	6.86e-04	1.26e-01	6.98e-01	1.66e-01	8.77e-03	2.72e-04	7.97e-06	0.00e+00	0.00e+00	6.86e-04	1.33e-11	1.56e-11
 8.48882e+22	8.18e-04	1.40e-01	7.01e-01	1.50e-01	7.49e-03	2.17e-04	6.03e-06	0.00e+00	0.00e+00	8.18e-04	1.67e-11	1.97e-11
 8.52964e+22	9.36e-04	1.51e-01	7.03e-01	1.38e-01	6.57e-03	1.80e-04	4.80e-06	0.00e+00	0.00e+00	9.36e-04	2.00e-11	2.36e-11
 8.57100e+22	1.11e-03	1.67e-01	7.03e-01	1.24e-01	5.56e-03	1.41e-04	3.58e-06	0.00e+00	0.00e+00	1.11e-03	2.52e-11	2.97e-11
 8.61296e+22	1.27e-03	1.80e-01	7.01e-01	1.13e-01	4.84e-03	1.16e-04	2.82e-06	0.00e+00	0.00e+00	1.27e-03	3.01e-11	3.55e-11
 8.65571e+22	1.52e-03	1.99e-01	6.96e-01	9.96e-02	4.05e-03	8.95e-05	2.07e-06	0.00e+00	0.00e+00	1.52e-03	3.79e-11	4.47e-11
 8.69915e+22	1.74e-03	2.14e-01	6.91e-01	8.97e-02	3.48e-03	7.23e-05	1.61e-06	0.00e+00	0.00e+00	1.74e-03	4.54e-11	5.36e-11
 8.74349e+22	2.07e-03	2.36e-01	6.81e-01	7.81e-02	2.87e-03	5.48e-05	1.16e-06	0.00e+00	0.00e+00	2.07e-03	5.74e-11	6.78e-11
 8.78866e+22	2.37e-03	2.55e-01	6.71e-01	6.95e-02	2.45e-03	4.36e-05	8.87e-07	0.00e+00	0.00e+00	2.37e-03	6.90e-11	8.15e-11
 8.83490e+22	2.84e-03	2.81e-01	6.55e-01	5.93e-02	1.99e-03	3.22e-05	6.23e-07	0.00e+00	0.00e+00	2.84e-03	8.79e-11	1.04e-10
 8.88189e+22	3.25e-03	3.02e-01	6.41e-01	5.21e-02	1.68e-03	2.52e-05	4.70e-07	0.00e+00	0.00e+00	3.25e-03	1.06e-10	1.25e-10
 8.92985e+22	3.90e-03	3.33e-01	6.19e-01	4.35e-02	1.34e-03	1.81e-05	3.23e-07	0.00e+00	0.00e+00	3.90e-03	1.35e-10	1.60e-10
 8.97914e+22	4.49e-03	3.58e-01	5.99e-01	3.75e-02	1.11e-03	1.38e-05	2.38e-07	0.00e+00	0.00e+00	4.49e-03	1.64e-10	1.94e-10
 9.03016e+22	5.44e-03	3.94e-01	5.69e-01	3.03e-02	8.63e-04	9.49e-06	1.57e-07	0.00e+00	0.00e+00	5.44e-03	2.13e-10	2.52e-10
 9.08258e+22	6.28e-03	4.24e-01	5.43e-01	2.54e-02	7.04e-04	7.02e-06	0.00e+00	0.00e+00	0.00e+00	6.28e-03	2.60e-10	3.08e-10
 9.13681e+22	7.66e-03	4.67e-01	5.05e-01	1.98e-02	5.33e-04	4.60e-06	0.00e+00	0.00e+00	0.00e+00	7.66e-03	3.41e-10	4.04e-10
 9.19291e+22	8.99e-03	5.05e-01	4.70e-01	1.59e-02	4.19e-04	3.20e-06	0.00e+00	0.00e+00	0.00e+00	8.99e-03	4.25e-10	5.04e-10
 9.23770e+22	1.02e-02	5.37e-01	4.40e-01	1.32e-02	3.46e-04	2.38e-06	0.00e+00	0.00e+00	0.00e+00	1.02e-02	5.05e-10	6.00e-10
