#depth	H	H+	H2
 1.54284e+22	1.71e-05	1.00e+00	1.23e-27
 3.45363e+22	2.47e-05	1.00e+00	6.06e-27
 4.00556e+22	2.94e-05	1.00e+00	1.30e-26
 4.28480e+22	3.20e-05	1.00e+00	1.85e-26
 4.43019e+22	3.36e-05	1.00e+00	2.29e-26
 4.54546e+22	3.56e-05	1.00e+00	2.97e-26
 4.66611e+22	3.74e-05	1.00e+00	3.72e-26
 4.79377e+22	3.98e-05	1.00e+00	4.93e-26
 4.92398e+22	4.19e-05	1.00e+00	6.25e-26
 5.03498e+22	4.39e-05	1.00e+00	7.69e-26
 5.15675e+22	4.67e-05	1.00e+00	1.01e-25
 5.28199e+22	4.90e-05	1.00e+00	1.26e-25
 5.38729e+22	5.12e-05	1.00e+00	1.53e-25
 5.49973e+22	5.39e-05	1.00e+00	1.95e-25
 5.61565e+22	5.65e-05	1.00e+00	2.40e-25
 5.71872e+22	5.90e-05	1.00e+00	2.92e-25
 5.83533e+22	6.22e-05	1.00e+00	3.74e-25
 5.95720e+22	6.54e-05	1.00e+00	4.67e-25
 6.06715e+22	6.84e-05	1.00e+00	5.74e-25
 6.19133e+22	7.24e-05	1.00e+00	7.63e-25
 6.32043e+22	7.63e-05	1.00e+00	9.43e-25
 6.43611e+22	8.00e-05	1.00e+00	1.17e-24
 6.56667e+22	8.49e-05	1.00e+00	1.54e-24
 6.70178e+22	8.95e-05	1.00e+00	1.95e-24
 6.82243e+22	9.40e-05	1.00e+00	2.45e-24
 6.95891e+22	1.00e-04	1.00e+00	3.25e-24
 7.10061e+22	1.06e-04	1.00e+00	4.18e-24
 7.22790e+22	1.11e-04	1.00e+00	5.29e-24
 7.37218e+22	1.19e-04	1.00e+00	7.17e-24
 7.52117e+22	1.26e-04	1.00e+00	9.28e-24
 7.65560e+22	1.33e-04	1.00e+00	1.19e-23
 7.80970e+22	1.43e-04	1.00e+00	1.66e-23
 7.96520e+22	1.51e-04	1.00e+00	2.15e-23
 8.12253e+22	1.62e-04	1.00e+00	2.98e-23
 8.28344e+22	1.72e-04	1.00e+00	3.96e-23
 8.42489e+22	1.82e-04	1.00e+00	5.16e-23
 8.58468e+22	1.96e-04	1.00e+00	7.28e-23
 8.74858e+22	2.08e-04	1.00e+00	9.70e-23
 8.91783e+22	2.24e-04	1.00e+00	1.40e-22
 9.08970e+22	2.39e-04	1.00e+00	1.89e-22
 9.24187e+22	2.54e-04	1.00e+00	2.56e-22
 9.41657e+22	2.75e-04	1.00e+00	3.80e-22
 9.59367e+22	2.93e-04	1.00e+00	5.23e-22
 9.74833e+22	3.12e-04	1.00e+00	7.12e-22
 9.89662e+22	3.30e-04	1.00e+00	9.58e-22
 1.00378e+23	3.49e-04	1.00e+00	1.27e-21
 1.01970e+23	3.74e-04	1.00e+00	1.83e-21
 1.03559e+23	3.96e-04	1.00e+00	2.46e-21
 1.05144e+23	4.25e-04	1.00e+00	3.56e-21
 1.06756e+23	4.50e-04	1.00e+00	4.87e-21
 1.08405e+23	4.83e-04	1.00e+00	7.17e-21
 1.10068e+23	5.13e-04	9.99e-01	1.00e-20
 1.11749e+23	5.51e-04	9.99e-01	1.50e-20
 1.13450e+23	5.85e-04	9.99e-01	2.14e-20
 1.14814e+23	6.15e-04	9.99e-01	2.85e-20
 1.16222e+23	6.52e-04	9.99e-01	4.05e-20
 1.17663e+23	6.86e-04	9.99e-01	5.56e-20
 1.18947e+23	7.20e-04	9.99e-01	7.42e-20
 1.20416e+23	7.66e-04	9.99e-01	1.10e-19
 1.21902e+23	8.06e-04	9.99e-01	1.54e-19
 1.23206e+23	8.47e-04	9.99e-01	2.07e-19
 1.24697e+23	9.01e-04	9.99e-01	3.12e-19
 1.26213e+23	9.49e-04	9.99e-01	4.47e-19
 1.27558e+23	9.98e-04	9.99e-01	6.21e-19
 1.29103e+23	1.06e-03	9.99e-01	1.01e-18
 1.30662e+23	1.12e-03	9.99e-01	1.59e-18
 1.32031e+23	1.18e-03	9.99e-01	2.41e-18
 1.33605e+23	1.26e-03	9.99e-01	4.62e-18
 1.35206e+23	1.33e-03	9.99e-01	9.14e-18
 1.36844e+23	1.42e-03	9.99e-01	2.13e-17
 1.38205e+23	1.47e-03	9.99e-01	4.50e-17
 1.39207e+23	1.53e-03	9.98e-01	9.61e-17
 1.40510e+23	1.61e-03	9.98e-01	1.55e-16
 1.41978e+23	1.70e-03	9.98e-01	2.80e-16
 1.43661e+23	1.81e-03	9.98e-01	4.67e-16
 1.45398e+23	1.92e-03	9.98e-01	6.74e-16
 1.47206e+23	2.06e-03	9.98e-01	1.02e-15
 1.49044e+23	2.18e-03	9.98e-01	1.47e-15
 1.50437e+23	2.27e-03	9.98e-01	1.82e-15
 1.51766e+23	2.40e-03	9.98e-01	2.31e-15
 1.53124e+23	2.50e-03	9.98e-01	2.83e-15
 1.54518e+23	2.63e-03	9.97e-01	3.57e-15
 1.55937e+23	2.75e-03	9.97e-01	4.32e-15
 1.57386e+23	2.90e-03	9.97e-01	5.43e-15
 1.58846e+23	3.03e-03	9.97e-01	6.47e-15
 1.60322e+23	3.21e-03	9.97e-01	8.07e-15
 1.61812e+23	3.35e-03	9.97e-01	9.56e-15
 1.63320e+23	3.54e-03	9.96e-01	1.18e-14
 1.64880e+23	3.71e-03	9.96e-01	1.42e-14
 1.66506e+23	3.95e-03	9.96e-01	1.80e-14
 1.68141e+23	4.14e-03	9.96e-01	2.17e-14
 1.69788e+23	4.39e-03	9.96e-01	2.72e-14
 1.71487e+23	4.62e-03	9.95e-01	3.32e-14
 1.73255e+23	4.93e-03	9.95e-01	4.28e-14
 1.75017e+23	5.18e-03	9.95e-01	5.22e-14
 1.76770e+23	5.53e-03	9.94e-01	6.74e-14
 1.78540e+23	5.81e-03	9.94e-01	8.26e-14
 1.80329e+23	6.22e-03	9.94e-01	1.07e-13
 1.82126e+23	6.55e-03	9.93e-01	1.32e-13
 1.83935e+23	7.03e-03	9.93e-01	1.73e-13
 1.85748e+23	7.42e-03	9.93e-01	2.14e-13
 1.87567e+23	7.99e-03	9.92e-01	2.83e-13
 1.89388e+23	8.46e-03	9.92e-01	3.53e-13
 1.91209e+23	9.16e-03	9.91e-01	4.73e-13
 1.93032e+23	9.74e-03	9.90e-01	5.96e-13
 1.94855e+23	1.06e-02	9.89e-01	8.16e-13
 1.96677e+23	1.14e-02	9.89e-01	1.04e-12
 1.98496e+23	1.25e-02	9.87e-01	1.45e-12
 2.00335e+23	1.36e-02	9.86e-01	1.92e-12
 2.02199e+23	1.52e-02	9.85e-01	2.76e-12
 2.04086e+23	1.69e-02	9.83e-01	3.81e-12
 2.05710e+23	1.87e-02	9.81e-01	5.27e-12
 2.07107e+23	2.05e-02	9.79e-01	6.88e-12
 2.08502e+23	2.29e-02	9.77e-01	9.56e-12
 2.09974e+23	2.59e-02	9.74e-01	1.34e-11
 2.11307e+23	2.92e-02	9.71e-01	1.87e-11
 2.12803e+23	3.44e-02	9.66e-01	2.91e-11
 2.14323e+23	4.09e-02	9.59e-01	4.51e-11
 2.15536e+23	4.80e-02	9.52e-01	6.70e-11
 2.16565e+23	5.58e-02	9.44e-01	9.61e-11
 2.17510e+23	6.54e-02	9.35e-01	1.39e-10
 2.18417e+23	7.72e-02	9.23e-01	2.05e-10
 2.19300e+23	9.23e-02	9.08e-01	3.06e-10
 2.20112e+23	1.11e-01	8.89e-01	4.57e-10
 2.20818e+23	1.31e-01	8.69e-01	6.60e-10
 2.21434e+23	1.54e-01	8.46e-01	9.25e-10
 2.21996e+23	1.79e-01	8.21e-01	1.28e-09
 2.22519e+23	2.08e-01	7.92e-01	1.72e-09
 2.23007e+23	2.39e-01	7.61e-01	2.29e-09
 2.23461e+23	2.73e-01	7.27e-01	2.99e-09
 2.23880e+23	3.08e-01	6.92e-01	3.80e-09
 2.24254e+23	3.42e-01	6.58e-01	4.67e-09
 2.24572e+23	3.73e-01	6.27e-01	5.50e-09
 2.24809e+23	3.97e-01	6.03e-01	6.15e-09
 2.24983e+23	4.15e-01	5.85e-01	6.69e-09
 2.25161e+23	4.33e-01	5.67e-01	7.29e-09
 2.25366e+23	4.55e-01	5.45e-01	7.99e-09
 2.25593e+23	4.79e-01	5.21e-01	8.77e-09
 2.25825e+23	5.03e-01	4.97e-01	9.56e-09
 2.26047e+23	5.25e-01	4.75e-01	1.03e-08
 2.26254e+23	5.45e-01	4.55e-01	1.10e-08
 2.26420e+23	5.61e-01	4.39e-01	1.15e-08
 2.26540e+23	5.72e-01	4.28e-01	1.19e-08
 2.26654e+23	5.82e-01	4.18e-01	1.23e-08
 2.26787e+23	5.93e-01	4.07e-01	1.26e-08
 2.26940e+23	6.07e-01	3.93e-01	1.31e-08
 2.27096e+23	6.20e-01	3.80e-01	1.36e-08
 2.27242e+23	6.31e-01	3.69e-01	1.40e-08
 2.27387e+23	6.43e-01	3.57e-01	1.44e-08
 2.27536e+23	6.53e-01	3.47e-01	1.48e-08
 2.27695e+23	6.65e-01	3.35e-01	1.52e-08
 2.27860e+23	6.76e-01	3.24e-01	1.57e-08
 2.28025e+23	6.87e-01	3.13e-01	1.60e-08
 2.28191e+23	6.97e-01	3.03e-01	1.64e-08
 2.28365e+23	7.08e-01	2.92e-01	1.68e-08
 2.28547e+23	7.18e-01	2.82e-01	1.72e-08
 2.28731e+23	7.28e-01	2.72e-01	1.75e-08
 2.28919e+23	7.38e-01	2.62e-01	1.79e-08
 2.29114e+23	7.47e-01	2.53e-01	1.82e-08
 2.29317e+23	7.57e-01	2.43e-01	1.86e-08
 2.29525e+23	7.66e-01	2.34e-01	1.89e-08
 2.29737e+23	7.74e-01	2.26e-01	1.92e-08
 2.29958e+23	7.83e-01	2.17e-01	1.95e-08
 2.30188e+23	7.91e-01	2.09e-01	1.98e-08
 2.30426e+23	7.99e-01	2.01e-01	2.02e-08
 2.30671e+23	8.07e-01	1.93e-01	2.05e-08
 2.30925e+23	8.15e-01	1.85e-01	2.08e-08
 2.31189e+23	8.22e-01	1.78e-01	2.11e-08
 2.31460e+23	8.29e-01	1.71e-01	2.14e-08
 2.31737e+23	8.35e-01	1.65e-01	2.16e-08
 2.32020e+23	8.41e-01	1.59e-01	2.20e-08
 2.32316e+23	8.47e-01	1.53e-01	2.23e-08
 2.32625e+23	8.53e-01	1.47e-01	2.26e-08
 2.32940e+23	8.58e-01	1.42e-01	2.30e-08
 2.33264e+23	8.63e-01	1.37e-01	2.34e-08
 2.33602e+23	8.68e-01	1.32e-01	2.38e-08
 2.33959e+23	8.72e-01	1.28e-01	2.43e-08
 2.34331e+23	8.77e-01	1.23e-01	2.48e-08
 2.34718e+23	8.81e-01	1.19e-01	2.54e-08
 2.35127e+23	8.85e-01	1.15e-01	2.61e-08
 2.35559e+23	8.89e-01	1.11e-01	2.69e-08
 2.36013e+23	8.93e-01	1.07e-01	2.78e-08
 2.36475e+23	8.97e-01	1.03e-01	2.88e-08
 2.36920e+23	9.00e-01	1.00e-01	2.99e-08
 2.37346e+23	9.02e-01	9.75e-02	3.10e-08
 2.37763e+23	9.05e-01	9.49e-02	3.22e-08
 2.38172e+23	9.08e-01	9.25e-02	3.34e-08
 2.38571e+23	9.10e-01	9.01e-02	3.45e-08
 2.38951e+23	9.12e-01	8.79e-02	3.56e-08
 2.39304e+23	9.14e-01	8.60e-02	3.67e-08
 2.39647e+23	9.16e-01	8.42e-02	3.79e-08
 2.39991e+23	9.18e-01	8.23e-02	3.92e-08
 2.40323e+23	9.20e-01	8.05e-02	4.06e-08
 2.40644e+23	9.21e-01	7.88e-02	4.20e-08
 2.40954e+23	9.23e-01	7.72e-02	4.36e-08
 2.41253e+23	9.24e-01	7.57e-02	4.52e-08
 2.41543e+23	9.26e-01	7.42e-02	4.69e-08
 2.41823e+23	9.27e-01	7.28e-02	4.86e-08
 2.42092e+23	9.29e-01	7.14e-02	5.05e-08
 2.42352e+23	9.30e-01	7.01e-02	5.25e-08
 2.42603e+23	9.31e-01	6.88e-02	5.47e-08
 2.42846e+23	9.32e-01	6.76e-02	5.70e-08
 2.43076e+23	9.34e-01	6.64e-02	5.93e-08
 2.43301e+23	9.35e-01	6.53e-02	6.19e-08
 2.43521e+23	9.36e-01	6.41e-02	6.46e-08
 2.43720e+23	9.37e-01	6.32e-02	6.72e-08
 2.43902e+23	9.38e-01	6.23e-02	6.97e-08
 2.44067e+23	9.38e-01	6.15e-02	7.21e-08
 2.44217e+23	9.39e-01	6.08e-02	7.44e-08
 2.44354e+23	9.40e-01	6.02e-02	7.65e-08
 2.44479e+23	9.40e-01	5.96e-02	7.85e-08
 2.44592e+23	9.41e-01	5.90e-02	8.10e-08
 2.44695e+23	9.41e-01	5.87e-02	8.24e-08
 2.44808e+23	9.42e-01	5.80e-02	8.42e-08
 2.44955e+23	9.43e-01	5.72e-02	8.71e-08
 2.45114e+23	9.44e-01	5.63e-02	8.97e-08
 2.45258e+23	9.45e-01	5.54e-02	9.21e-08
 2.45389e+23	9.45e-01	5.49e-02	9.41e-08
 2.45509e+23	9.46e-01	5.44e-02	9.59e-08
 2.45618e+23	9.46e-01	5.39e-02	9.76e-08
 2.45717e+23	9.47e-01	5.34e-02	9.94e-08
 2.45807e+23	9.47e-01	5.31e-02	1.00e-07
 2.45905e+23	9.47e-01	5.28e-02	1.01e-07
 2.46034e+23	9.48e-01	5.21e-02	1.03e-07
 2.46172e+23	9.49e-01	5.14e-02	1.05e-07
 2.46298e+23	9.49e-01	5.09e-02	1.06e-07
 2.46436e+23	9.50e-01	5.03e-02	1.07e-07
 2.46585e+23	9.50e-01	4.96e-02	1.09e-07
 2.46721e+23	9.51e-01	4.90e-02	1.10e-07
 2.46844e+23	9.51e-01	4.87e-02	1.10e-07
 2.46980e+23	9.52e-01	4.81e-02	1.11e-07
 2.47126e+23	9.53e-01	4.74e-02	1.12e-07
 2.47259e+23	9.53e-01	4.69e-02	1.13e-07
 2.47380e+23	9.53e-01	4.66e-02	1.13e-07
 2.47512e+23	9.54e-01	4.61e-02	1.14e-07
 2.47655e+23	9.55e-01	4.54e-02	1.14e-07
 2.47785e+23	9.55e-01	4.50e-02	1.14e-07
 2.47928e+23	9.56e-01	4.44e-02	1.14e-07
 2.48082e+23	9.56e-01	4.37e-02	1.14e-07
 2.48222e+23	9.57e-01	4.33e-02	1.15e-07
 2.48350e+23	9.57e-01	4.28e-02	1.14e-07
 2.48466e+23	9.58e-01	4.25e-02	1.14e-07
 2.48593e+23	9.58e-01	4.20e-02	1.14e-07
 2.48731e+23	9.59e-01	4.14e-02	1.14e-07
 2.48855e+23	9.59e-01	4.10e-02	1.13e-07
 2.48969e+23	9.59e-01	4.07e-02	1.13e-07
 2.49094e+23	9.60e-01	4.04e-02	1.13e-07
 2.49228e+23	9.60e-01	3.98e-02	1.12e-07
 2.49351e+23	9.61e-01	3.94e-02	1.12e-07
 2.49462e+23	9.61e-01	3.90e-02	1.12e-07
 2.49564e+23	9.61e-01	3.88e-02	1.11e-07
 2.49675e+23	9.62e-01	3.85e-02	1.11e-07
 2.49819e+23	9.62e-01	3.78e-02	1.10e-07
 2.49975e+23	9.63e-01	3.73e-02	1.10e-07
 2.50117e+23	9.63e-01	3.68e-02	1.10e-07
 2.50246e+23	9.63e-01	3.66e-02	1.10e-07
 2.50387e+23	9.64e-01	3.61e-02	1.09e-07
 2.50571e+23	9.64e-01	3.56e-02	1.09e-07
 2.50770e+23	9.65e-01	3.49e-02	1.09e-07
 2.50951e+23	9.66e-01	3.45e-02	1.08e-07
 2.51115e+23	9.66e-01	3.41e-02	1.08e-07
 2.51265e+23	9.66e-01	3.39e-02	1.08e-07
 2.51429e+23	9.67e-01	3.34e-02	1.06e-07
 2.51606e+23	9.67e-01	3.29e-02	1.07e-07
 2.51767e+23	9.67e-01	3.26e-02	1.06e-07
 2.51913e+23	9.68e-01	3.22e-02	1.06e-07
 2.52047e+23	9.68e-01	3.20e-02	1.05e-07
 2.52193e+23	9.68e-01	3.16e-02	1.05e-07
 2.52351e+23	9.69e-01	3.13e-02	1.05e-07
 2.52523e+23	9.69e-01	3.09e-02	1.04e-07
 2.52710e+23	9.70e-01	3.04e-02	1.04e-07
 2.52880e+23	9.70e-01	3.01e-02	1.04e-07
 2.53066e+23	9.70e-01	2.97e-02	1.03e-07
 2.53267e+23	9.71e-01	2.92e-02	1.03e-07
 2.53450e+23	9.71e-01	2.88e-02	1.03e-07
 2.53616e+23	9.71e-01	2.86e-02	1.03e-07
 2.53799e+23	9.72e-01	2.83e-02	1.02e-07
 2.53996e+23	9.72e-01	2.78e-02	1.02e-07
 2.54175e+23	9.72e-01	2.76e-02	1.02e-07
 2.54371e+23	9.73e-01	2.72e-02	1.01e-07
 2.54583e+23	9.73e-01	2.67e-02	1.01e-07
 2.54776e+23	9.74e-01	2.64e-02	1.01e-07
 2.54987e+23	9.74e-01	2.60e-02	1.01e-07
 2.55215e+23	9.74e-01	2.56e-02	1.01e-07
 2.55423e+23	9.75e-01	2.53e-02	1.01e-07
 2.55612e+23	9.75e-01	2.50e-02	1.01e-07
 2.55784e+23	9.75e-01	2.48e-02	1.01e-07
 2.55972e+23	9.75e-01	2.45e-02	1.00e-07
 2.56176e+23	9.76e-01	2.41e-02	1.01e-07
 2.56361e+23	9.76e-01	2.39e-02	1.00e-07
 2.56563e+23	9.76e-01	2.36e-02	1.00e-07
 2.56782e+23	9.77e-01	2.33e-02	1.01e-07
 2.56982e+23	9.77e-01	2.30e-02	1.00e-07
 2.57200e+23	9.77e-01	2.27e-02	1.00e-07
 2.57436e+23	9.78e-01	2.23e-02	1.00e-07
 2.57650e+23	9.78e-01	2.21e-02	1.00e-07
 2.57885e+23	9.78e-01	2.18e-02	1.00e-07
 2.58139e+23	9.79e-01	2.13e-02	1.00e-07
 2.58370e+23	9.79e-01	2.11e-02	1.00e-07
 2.58623e+23	9.79e-01	2.08e-02	1.00e-07
 2.58896e+23	9.80e-01	2.04e-02	1.00e-07
 2.59145e+23	9.80e-01	2.02e-02	1.00e-07
 2.59417e+23	9.80e-01	1.98e-02	9.99e-08
 2.59711e+23	9.81e-01	1.95e-02	1.00e-07
 2.59979e+23	9.81e-01	1.92e-02	1.00e-07
 2.60272e+23	9.81e-01	1.89e-02	9.99e-08
 2.60589e+23	9.81e-01	1.86e-02	1.00e-07
 2.60877e+23	9.82e-01	1.83e-02	9.99e-08
 2.61139e+23	9.82e-01	1.81e-02	1.00e-07
 2.61426e+23	9.82e-01	1.77e-02	9.97e-08
 2.61736e+23	9.83e-01	1.74e-02	9.98e-08
 2.62018e+23	9.83e-01	1.72e-02	9.99e-08
 2.62328e+23	9.83e-01	1.69e-02	9.98e-08
 2.62662e+23	9.83e-01	1.66e-02	9.98e-08
 2.62965e+23	9.84e-01	1.63e-02	9.99e-08
 2.63298e+23	9.84e-01	1.60e-02	9.98e-08
 2.63658e+23	9.84e-01	1.57e-02	9.98e-08
 2.63985e+23	9.85e-01	1.55e-02	9.99e-08
 2.64343e+23	9.85e-01	1.52e-02	1.00e-07
 2.64730e+23	9.85e-01	1.49e-02	1.00e-07
 2.65082e+23	9.85e-01	1.47e-02	1.00e-07
 2.65403e+23	9.86e-01	1.44e-02	9.99e-08
 2.65754e+23	9.86e-01	1.42e-02	9.99e-08
 2.66133e+23	9.86e-01	1.39e-02	1.00e-07
 2.66478e+23	9.86e-01	1.37e-02	1.00e-07
 2.66856e+23	9.87e-01	1.34e-02	1.00e-07
 2.67264e+23	9.87e-01	1.31e-02	1.00e-07
 2.67635e+23	9.87e-01	1.29e-02	1.00e-07
 2.67973e+23	9.87e-01	1.27e-02	1.00e-07
 2.68343e+23	9.88e-01	1.25e-02	1.00e-07
 2.68743e+23	9.88e-01	1.23e-02	1.00e-07
 2.69107e+23	9.88e-01	1.20e-02	1.00e-07
 2.69505e+23	9.88e-01	1.18e-02	1.01e-07
 2.69936e+23	9.88e-01	1.16e-02	1.01e-07
 2.70407e+23	9.89e-01	1.13e-02	1.01e-07
 2.70963e+23	9.89e-01	1.10e-02	1.01e-07
 2.71546e+23	9.89e-01	1.07e-02	1.01e-07
 2.72140e+23	9.90e-01	1.04e-02	1.01e-07
 2.72743e+23	9.90e-01	1.01e-02	1.01e-07
 2.73354e+23	9.90e-01	9.85e-03	1.01e-07
 2.73972e+23	9.90e-01	9.58e-03	1.01e-07
 2.74595e+23	9.91e-01	9.31e-03	1.01e-07
 2.75224e+23	9.91e-01	9.05e-03	1.02e-07
 2.75858e+23	9.91e-01	8.79e-03	1.02e-07
 2.76501e+23	9.91e-01	8.54e-03	1.02e-07
 2.77149e+23	9.92e-01	8.30e-03	1.02e-07
 2.77802e+23	9.92e-01	8.06e-03	1.02e-07
 2.78462e+23	9.92e-01	7.83e-03	1.02e-07
 2.79126e+23	9.92e-01	7.60e-03	1.02e-07
 2.79795e+23	9.93e-01	7.38e-03	1.02e-07
 2.80469e+23	9.93e-01	7.17e-03	1.03e-07
 2.81148e+23	9.93e-01	6.96e-03	1.03e-07
 2.81832e+23	9.93e-01	6.75e-03	1.03e-07
 2.82521e+23	9.93e-01	6.55e-03	1.03e-07
 2.83216e+23	9.94e-01	6.36e-03	1.03e-07
 2.83915e+23	9.94e-01	6.17e-03	1.03e-07
 2.84619e+23	9.94e-01	5.98e-03	1.04e-07
 2.85329e+23	9.94e-01	5.80e-03	1.04e-07
 2.86050e+23	9.94e-01	5.62e-03	1.04e-07
 2.86787e+23	9.95e-01	5.45e-03	1.04e-07
 2.87535e+23	9.95e-01	5.28e-03	1.05e-07
 2.88291e+23	9.95e-01	5.12e-03	1.05e-07
 2.89055e+23	9.95e-01	4.95e-03	1.05e-07
 2.89827e+23	9.95e-01	4.80e-03	1.06e-07
 2.90608e+23	9.95e-01	4.64e-03	1.06e-07
 2.91397e+23	9.96e-01	4.49e-03	1.07e-07
 2.92200e+23	9.96e-01	4.35e-03	1.07e-07
 2.93015e+23	9.96e-01	4.20e-03	1.08e-07
 2.93849e+23	9.96e-01	4.06e-03	1.08e-07
 2.94705e+23	9.96e-01	3.92e-03	1.09e-07
 2.95577e+23	9.96e-01	3.79e-03	1.10e-07
 2.96464e+23	9.96e-01	3.65e-03	1.10e-07
 2.97366e+23	9.96e-01	3.53e-03	1.11e-07
 2.98285e+23	9.97e-01	3.40e-03	1.12e-07
 2.99222e+23	9.97e-01	3.27e-03	1.13e-07
 3.00177e+23	9.97e-01	3.15e-03	1.14e-07
 3.01157e+23	9.97e-01	3.03e-03	1.15e-07
 3.02161e+23	9.97e-01	2.92e-03	1.17e-07
 3.03187e+23	9.97e-01	2.80e-03	1.18e-07
 3.04238e+23	9.97e-01	2.69e-03	1.20e-07
 3.05313e+23	9.97e-01	2.58e-03	1.21e-07
 3.06414e+23	9.98e-01	2.48e-03	1.23e-07
 3.07546e+23	9.98e-01	2.37e-03	1.25e-07
 3.08344e+23	9.98e-01	2.33e-03	1.27e-07
