#depth	He	He+	He+2
 4.62852e+21	6.56e-12	3.18e-06	1.00e+00
 1.05270e+22	1.65e-11	4.80e-06	1.00e+00
 1.24319e+22	2.67e-11	5.99e-06	1.00e+00
 1.33844e+22	3.45e-11	6.73e-06	1.00e+00
 1.37812e+22	3.68e-11	6.94e-06	1.00e+00
 1.39638e+22	3.99e-11	7.20e-06	1.00e+00
 1.41657e+22	4.32e-11	7.47e-06	1.00e+00
 1.43616e+22	4.67e-11	7.75e-06	1.00e+00
 1.45512e+22	5.05e-11	8.04e-06	1.00e+00
 1.47282e+22	5.41e-11	8.30e-06	1.00e+00
 1.49225e+22	5.90e-11	8.65e-06	1.00e+00
 1.51235e+22	6.40e-11	8.98e-06	1.00e+00
 1.52862e+22	6.81e-11	9.25e-06	1.00e+00
 1.54508e+22	7.35e-11	9.60e-06	1.00e+00
 1.56094e+22	7.80e-11	9.88e-06	1.00e+00
 1.57387e+22	8.25e-11	1.01e-05	1.00e+00
 1.58617e+22	8.71e-11	1.04e-05	1.00e+00
 1.59790e+22	9.13e-11	1.07e-05	1.00e+00
 1.61124e+22	9.74e-11	1.10e-05	1.00e+00
 1.62496e+22	1.03e-10	1.13e-05	1.00e+00
 1.63635e+22	1.09e-10	1.16e-05	1.00e+00
 1.64672e+22	1.14e-10	1.19e-05	1.00e+00
 1.65860e+22	1.21e-10	1.22e-05	1.00e+00
 1.67105e+22	1.28e-10	1.26e-05	1.00e+00
 1.68242e+22	1.35e-10	1.29e-05	1.00e+00
 1.69357e+22	1.42e-10	1.32e-05	1.00e+00
 1.70412e+22	1.49e-10	1.36e-05	1.00e+00
 1.71412e+22	1.57e-10	1.39e-05	1.00e+00
 1.72553e+22	1.67e-10	1.44e-05	1.00e+00
 1.73683e+22	1.76e-10	1.47e-05	1.00e+00
 1.74797e+22	1.89e-10	1.53e-05	1.00e+00
 1.75886e+22	1.98e-10	1.57e-05	1.00e+00
 1.76941e+22	2.10e-10	1.62e-05	1.00e+00
 1.78032e+22	2.22e-10	1.66e-05	1.00e+00
 1.79022e+22	2.35e-10	1.71e-05	1.00e+00
 1.80159e+22	2.53e-10	1.78e-05	1.00e+00
 1.81246e+22	2.66e-10	1.83e-05	1.00e+00
 1.82266e+22	2.85e-10	1.90e-05	1.00e+00
 1.83294e+22	2.99e-10	1.95e-05	1.00e+00
 1.84330e+22	3.22e-10	2.03e-05	1.00e+00
 1.85332e+22	3.38e-10	2.08e-05	1.00e+00
 1.86292e+22	3.63e-10	2.17e-05	1.00e+00
 1.87260e+22	3.82e-10	2.23e-05	1.00e+00
 1.88237e+22	4.11e-10	2.32e-05	1.00e+00
 1.89218e+22	4.34e-10	2.39e-05	1.00e+00
 1.90202e+22	4.69e-10	2.50e-05	1.00e+00
 1.91194e+22	4.95e-10	2.58e-05	1.00e+00
 1.92194e+22	5.34e-10	2.69e-05	1.00e+00
 1.93187e+22	5.65e-10	2.78e-05	1.00e+00
 1.94170e+22	6.09e-10	2.91e-05	1.00e+00
 1.95170e+22	6.46e-10	3.01e-05	1.00e+00
 1.96195e+22	6.99e-10	3.16e-05	1.00e+00
 1.97226e+22	7.43e-10	3.27e-05	1.00e+00
 1.98265e+22	8.05e-10	3.44e-05	1.00e+00
 1.99312e+22	8.55e-10	3.57e-05	1.00e+00
 2.00219e+22	9.07e-10	3.70e-05	1.00e+00
 2.01251e+22	9.81e-10	3.89e-05	1.00e+00
 2.02272e+22	1.04e-09	4.02e-05	1.00e+00
 2.03278e+22	1.11e-09	4.21e-05	1.00e+00
 2.04314e+22	1.18e-09	4.37e-05	1.00e+00
 2.05390e+22	1.27e-09	4.60e-05	1.00e+00
 2.06476e+22	1.34e-09	4.76e-05	1.00e+00
 2.07576e+22	1.44e-09	5.00e-05	1.00e+00
 2.08703e+22	1.52e-09	5.19e-05	1.00e+00
 2.09865e+22	1.63e-09	5.45e-05	1.00e+00
 2.11050e+22	1.72e-09	5.65e-05	1.00e+00
 2.12264e+22	1.85e-09	5.94e-05	1.00e+00
 2.13487e+22	1.95e-09	6.16e-05	1.00e+00
 2.14722e+22	2.08e-09	6.46e-05	1.00e+00
 2.15982e+22	2.19e-09	6.70e-05	1.00e+00
 2.17084e+22	2.30e-09	6.94e-05	1.00e+00
 2.18327e+22	2.45e-09	7.26e-05	1.00e+00
 2.19562e+22	2.56e-09	7.50e-05	1.00e+00
 2.20788e+22	2.71e-09	7.83e-05	1.00e+00
 2.22046e+22	2.83e-09	8.10e-05	1.00e+00
 2.23162e+22	2.96e-09	8.37e-05	1.00e+00
 2.24428e+22	3.13e-09	8.74e-05	1.00e+00
 2.25689e+22	3.26e-09	9.00e-05	1.00e+00
 2.26941e+22	3.44e-09	9.38e-05	1.00e+00
 2.28218e+22	3.58e-09	9.67e-05	1.00e+00
 2.29526e+22	3.77e-09	1.01e-04	1.00e+00
 2.30860e+22	3.85e-09	1.04e-04	1.00e+00
 2.32225e+22	4.06e-09	1.08e-04	1.00e+00
 2.33616e+22	4.23e-09	1.12e-04	1.00e+00
 2.35040e+22	4.46e-09	1.17e-04	1.00e+00
 2.36431e+22	4.62e-09	1.20e-04	1.00e+00
 2.37780e+22	4.85e-09	1.25e-04	1.00e+00
 2.39151e+22	5.03e-09	1.28e-04	1.00e+00
 2.40548e+22	5.28e-09	1.34e-04	1.00e+00
 2.41989e+22	5.49e-09	1.38e-04	1.00e+00
 2.43486e+22	5.76e-09	1.43e-04	1.00e+00
 2.45032e+22	6.00e-09	1.48e-04	1.00e+00
 2.46641e+22	6.32e-09	1.54e-04	1.00e+00
 2.48293e+22	6.59e-09	1.59e-04	1.00e+00
 2.50002e+22	6.95e-09	1.66e-04	1.00e+00
 2.51766e+22	7.27e-09	1.72e-04	1.00e+00
 2.53603e+22	7.68e-09	1.80e-04	1.00e+00
 2.55493e+22	8.05e-09	1.86e-04	1.00e+00
 2.57196e+22	8.42e-09	1.93e-04	1.00e+00
 2.59151e+22	8.92e-09	2.02e-04	1.00e+00
 2.61118e+22	9.34e-09	2.09e-04	1.00e+00
 2.63101e+22	9.89e-09	2.19e-04	1.00e+00
 2.65125e+22	1.04e-08	2.28e-04	1.00e+00
 2.67205e+22	1.10e-08	2.39e-04	1.00e+00
 2.69327e+22	1.15e-08	2.49e-04	1.00e+00
 2.71217e+22	1.21e-08	2.59e-04	1.00e+00
 2.73387e+22	1.28e-08	2.73e-04	1.00e+00
 2.75427e+22	1.33e-08	2.82e-04	1.00e+00
 2.77298e+22	1.39e-08	2.96e-04	1.00e+00
 2.79194e+22	1.45e-08	3.07e-04	1.00e+00
 2.81121e+22	1.51e-08	3.22e-04	1.00e+00
 2.83088e+22	1.57e-08	3.35e-04	1.00e+00
 2.85105e+22	1.64e-08	3.53e-04	1.00e+00
 2.87135e+22	1.70e-08	3.67e-04	1.00e+00
 2.89181e+22	1.77e-08	3.87e-04	1.00e+00
 2.91267e+22	1.83e-08	4.05e-04	1.00e+00
 2.93406e+22	1.90e-08	4.28e-04	1.00e+00
 2.95586e+22	1.96e-08	4.49e-04	1.00e+00
 2.97819e+22	2.02e-08	4.77e-04	1.00e+00
 3.00075e+22	2.07e-08	5.01e-04	9.99e-01
 3.01983e+22	2.11e-08	5.24e-04	9.99e-01
 3.04059e+22	2.15e-08	5.55e-04	9.99e-01
 3.06141e+22	2.18e-08	5.81e-04	9.99e-01
 3.08176e+22	2.20e-08	6.14e-04	9.99e-01
 3.10252e+22	2.22e-08	6.44e-04	9.99e-01
 3.12287e+22	2.24e-08	6.81e-04	9.99e-01
 3.14365e+22	2.25e-08	7.16e-04	9.99e-01
 3.16413e+22	2.25e-08	7.55e-04	9.99e-01
 3.18477e+22	2.25e-08	7.95e-04	9.99e-01
 3.20515e+22	2.25e-08	8.37e-04	9.99e-01
 3.22550e+22	2.26e-08	8.81e-04	9.99e-01
 3.24586e+22	2.26e-08	9.28e-04	9.99e-01
 3.26630e+22	2.26e-08	9.76e-04	9.99e-01
 3.28683e+22	2.28e-08	1.03e-03	9.99e-01
 3.30753e+22	2.30e-08	1.08e-03	9.99e-01
 3.32846e+22	2.33e-08	1.14e-03	9.99e-01
 3.34950e+22	2.37e-08	1.20e-03	9.99e-01
 3.37086e+22	2.42e-08	1.26e-03	9.99e-01
 3.39245e+22	2.50e-08	1.33e-03	9.99e-01
 3.41447e+22	2.59e-08	1.40e-03	9.99e-01
 3.43686e+22	2.70e-08	1.48e-03	9.99e-01
 3.45738e+22	2.82e-08	1.54e-03	9.98e-01
 3.47883e+22	2.99e-08	1.63e-03	9.98e-01
 3.50060e+22	3.15e-08	1.71e-03	9.98e-01
 3.52302e+22	3.39e-08	1.81e-03	9.98e-01
 3.54548e+22	3.60e-08	1.89e-03	9.98e-01
 3.56798e+22	3.91e-08	2.00e-03	9.98e-01
 3.59057e+22	4.19e-08	2.09e-03	9.98e-01
 3.61327e+22	4.59e-08	2.21e-03	9.98e-01
 3.63621e+22	4.94e-08	2.30e-03	9.98e-01
 3.65946e+22	5.45e-08	2.44e-03	9.98e-01
 3.68303e+22	5.90e-08	2.55e-03	9.97e-01
 3.70699e+22	6.56e-08	2.70e-03	9.97e-01
 3.73140e+22	7.14e-08	2.82e-03	9.97e-01
 3.75638e+22	7.98e-08	2.99e-03	9.97e-01
 3.78194e+22	8.73e-08	3.14e-03	9.97e-01
 3.80823e+22	9.83e-08	3.33e-03	9.97e-01
 3.83502e+22	1.08e-07	3.49e-03	9.97e-01
 3.85766e+22	1.17e-07	3.65e-03	9.96e-01
 3.88234e+22	1.31e-07	3.86e-03	9.96e-01
 3.90623e+22	1.42e-07	4.01e-03	9.96e-01
 3.92907e+22	1.57e-07	4.22e-03	9.96e-01
 3.95216e+22	1.70e-07	4.39e-03	9.96e-01
 3.97555e+22	1.88e-07	4.62e-03	9.95e-01
 3.99928e+22	2.04e-07	4.81e-03	9.95e-01
 4.02347e+22	2.27e-07	5.07e-03	9.95e-01
 4.04800e+22	2.46e-07	5.28e-03	9.95e-01
 4.07296e+22	2.74e-07	5.57e-03	9.94e-01
 4.09838e+22	2.98e-07	5.80e-03	9.94e-01
 4.12441e+22	3.34e-07	6.14e-03	9.94e-01
 4.15099e+22	3.63e-07	6.40e-03	9.94e-01
 4.17827e+22	4.09e-07	6.79e-03	9.93e-01
 4.20620e+22	4.47e-07	7.10e-03	9.93e-01
 4.23495e+22	5.05e-07	7.54e-03	9.92e-01
 4.26401e+22	5.53e-07	7.89e-03	9.92e-01
 4.29348e+22	6.26e-07	8.38e-03	9.92e-01
 4.32333e+22	6.87e-07	8.78e-03	9.91e-01
 4.35367e+22	7.79e-07	9.34e-03	9.91e-01
 4.38454e+22	8.56e-07	9.79e-03	9.90e-01
 4.41193e+22	9.45e-07	1.03e-02	9.90e-01
 4.43926e+22	1.04e-06	1.08e-02	9.89e-01
 4.47066e+22	1.18e-06	1.15e-02	9.89e-01
 4.50019e+22	1.28e-06	1.19e-02	9.88e-01
 4.52730e+22	1.42e-06	1.26e-02	9.87e-01
 4.55486e+22	1.55e-06	1.31e-02	9.87e-01
 4.58300e+22	1.73e-06	1.39e-02	9.86e-01
 4.61223e+22	1.90e-06	1.45e-02	9.85e-01
 4.63842e+22	2.07e-06	1.52e-02	9.85e-01
 4.66803e+22	2.32e-06	1.60e-02	9.84e-01
 4.69884e+22	2.56e-06	1.68e-02	9.83e-01
 4.72653e+22	2.81e-06	1.76e-02	9.82e-01
 4.75781e+22	3.16e-06	1.87e-02	9.81e-01
 4.79011e+22	3.50e-06	1.97e-02	9.80e-01
 4.81890e+22	3.85e-06	2.06e-02	9.79e-01
 4.85152e+22	4.34e-06	2.19e-02	9.78e-01
 4.88532e+22	4.84e-06	2.31e-02	9.77e-01
 4.91565e+22	5.35e-06	2.42e-02	9.76e-01
 4.95006e+22	6.08e-06	2.58e-02	9.74e-01
 4.98558e+22	6.79e-06	2.72e-02	9.73e-01
 5.01765e+22	7.55e-06	2.87e-02	9.71e-01
 5.05448e+22	8.66e-06	3.07e-02	9.69e-01
 5.09155e+22	9.68e-06	3.25e-02	9.68e-01
 5.12894e+22	1.11e-05	3.47e-02	9.65e-01
 5.16718e+22	1.25e-05	3.67e-02	9.63e-01
 5.20084e+22	1.39e-05	3.88e-02	9.61e-01
 5.23893e+22	1.60e-05	4.15e-02	9.58e-01
 5.27790e+22	1.80e-05	4.40e-02	9.56e-01
 5.31803e+22	2.08e-05	4.72e-02	9.53e-01
 5.35880e+22	2.35e-05	5.01e-02	9.50e-01
 5.39496e+22	2.65e-05	5.31e-02	9.47e-01
 5.43654e+22	3.08e-05	5.71e-02	9.43e-01
 5.47876e+22	3.48e-05	6.06e-02	9.39e-01
 5.51538e+22	3.90e-05	6.41e-02	9.36e-01
 5.55033e+22	4.35e-05	6.75e-02	9.32e-01
 5.58369e+22	4.84e-05	7.11e-02	9.29e-01
 5.62116e+22	5.53e-05	7.58e-02	9.24e-01
 5.65860e+22	6.15e-05	7.97e-02	9.20e-01
 5.69598e+22	7.02e-05	8.49e-02	9.15e-01
 5.73401e+22	7.82e-05	8.95e-02	9.10e-01
 5.77289e+22	8.96e-05	9.54e-02	9.04e-01
 5.81207e+22	1.00e-04	1.01e-01	8.99e-01
 5.85164e+22	1.15e-04	1.07e-01	8.93e-01
 5.89166e+22	1.28e-04	1.13e-01	8.87e-01
 5.92369e+22	1.40e-04	1.18e-01	8.82e-01
 5.95677e+22	1.57e-04	1.24e-01	8.76e-01
 5.99060e+22	1.72e-04	1.30e-01	8.70e-01
 6.02065e+22	1.88e-04	1.35e-01	8.65e-01
 6.05498e+22	2.11e-04	1.43e-01	8.57e-01
 6.08968e+22	2.32e-04	1.49e-01	8.51e-01
 6.12002e+22	2.54e-04	1.55e-01	8.45e-01
 6.15463e+22	2.85e-04	1.63e-01	8.36e-01
 6.18954e+22	3.11e-04	1.70e-01	8.29e-01
 6.22484e+22	3.48e-04	1.79e-01	8.21e-01
 6.26068e+22	3.83e-04	1.87e-01	8.13e-01
 6.29221e+22	4.19e-04	1.95e-01	8.05e-01
 6.32820e+22	4.68e-04	2.04e-01	7.95e-01
 6.36497e+22	5.15e-04	2.13e-01	7.86e-01
 6.39779e+22	5.64e-04	2.22e-01	7.78e-01
 6.43552e+22	6.33e-04	2.33e-01	7.66e-01
 6.47381e+22	6.96e-04	2.43e-01	7.56e-01
 6.51285e+22	7.80e-04	2.55e-01	7.44e-01
 6.55290e+22	8.63e-04	2.67e-01	7.32e-01
 6.58833e+22	9.48e-04	2.77e-01	7.22e-01
 6.62843e+22	1.07e-03	2.92e-01	7.07e-01
 6.66955e+22	1.17e-03	3.03e-01	6.96e-01
 6.71200e+22	1.32e-03	3.19e-01	6.80e-01
 6.74908e+22	1.42e-03	3.28e-01	6.70e-01
 6.77916e+22	1.55e-03	3.39e-01	6.59e-01
 6.81025e+22	1.66e-03	3.49e-01	6.49e-01
 6.84265e+22	1.81e-03	3.61e-01	6.37e-01
 6.87568e+22	1.96e-03	3.72e-01	6.26e-01
 6.90449e+22	2.10e-03	3.82e-01	6.16e-01
 6.93692e+22	2.29e-03	3.95e-01	6.03e-01
 6.97009e+22	2.46e-03	4.05e-01	5.92e-01
 7.00422e+22	2.70e-03	4.19e-01	5.78e-01
 7.03874e+22	2.90e-03	4.31e-01	5.67e-01
 7.07375e+22	3.18e-03	4.45e-01	5.52e-01
 7.10939e+22	3.42e-03	4.57e-01	5.40e-01
 7.14584e+22	3.74e-03	4.71e-01	5.25e-01
 7.18339e+22	4.05e-03	4.84e-01	5.12e-01
 7.22237e+22	4.47e-03	5.01e-01	4.95e-01
 7.26175e+22	4.84e-03	5.14e-01	4.81e-01
 7.30165e+22	5.33e-03	5.30e-01	4.64e-01
 7.34217e+22	5.77e-03	5.44e-01	4.50e-01
 7.38349e+22	6.37e-03	5.61e-01	4.33e-01
 7.42544e+22	6.88e-03	5.74e-01	4.19e-01
 7.46822e+22	7.61e-03	5.91e-01	4.01e-01
 7.51168e+22	8.25e-03	6.06e-01	3.86e-01
 7.55606e+22	9.12e-03	6.23e-01	3.68e-01
 7.60129e+22	9.89e-03	6.37e-01	3.53e-01
 7.64764e+22	1.10e-02	6.55e-01	3.34e-01
 7.69474e+22	1.19e-02	6.69e-01	3.19e-01
 7.74280e+22	1.33e-02	6.87e-01	3.00e-01
 7.79227e+22	1.45e-02	7.01e-01	2.85e-01
 7.84354e+22	1.62e-02	7.19e-01	2.65e-01
 7.89623e+22	1.77e-02	7.33e-01	2.49e-01
 7.95078e+22	2.00e-02	7.51e-01	2.29e-01
 8.00739e+22	2.20e-02	7.65e-01	2.13e-01
 8.06670e+22	2.50e-02	7.83e-01	1.92e-01
 8.12848e+22	2.79e-02	7.96e-01	1.76e-01
 8.17681e+22	3.01e-02	8.06e-01	1.64e-01
 8.22295e+22	3.33e-02	8.16e-01	1.50e-01
 8.27043e+22	3.63e-02	8.25e-01	1.38e-01
 8.31966e+22	4.05e-02	8.35e-01	1.25e-01
 8.36989e+22	4.44e-02	8.42e-01	1.14e-01
 8.42142e+22	5.00e-02	8.49e-01	1.01e-01
 8.47466e+22	5.55e-02	8.54e-01	9.02e-02
 8.51713e+22	6.03e-02	8.57e-01	8.24e-02
 8.55364e+22	6.54e-02	8.59e-01	7.56e-02
 8.59540e+22	7.27e-02	8.60e-01	6.77e-02
 8.63912e+22	8.02e-02	8.59e-01	6.10e-02
 8.67839e+22	8.84e-02	8.56e-01	5.52e-02
 8.71628e+22	9.75e-02	8.52e-01	5.01e-02
 8.75240e+22	1.07e-01	8.47e-01	4.58e-02
 8.78562e+22	1.18e-01	8.40e-01	4.22e-02
 8.81584e+22	1.29e-01	8.32e-01	3.93e-02
 8.84333e+22	1.41e-01	8.22e-01	3.69e-02
 8.86839e+22	1.53e-01	8.12e-01	3.50e-02
 8.89123e+22	1.65e-01	8.01e-01	3.34e-02
 8.91201e+22	1.78e-01	7.89e-01	3.23e-02
 8.92513e+22	1.86e-01	7.82e-01	3.20e-02
 8.93013e+22	1.89e-01	7.79e-01	3.18e-02
 8.93412e+22	1.92e-01	7.76e-01	3.16e-02
 8.93920e+22	1.96e-01	7.73e-01	3.14e-02
 8.94535e+22	2.01e-01	7.68e-01	3.10e-02
 8.95162e+22	2.06e-01	7.63e-01	3.08e-02
 8.95760e+22	2.11e-01	7.58e-01	3.06e-02
 8.96346e+22	2.16e-01	7.54e-01	3.05e-02
 8.96965e+22	2.21e-01	7.48e-01	3.03e-02
 8.97625e+22	2.28e-01	7.42e-01	3.01e-02
 8.98267e+22	2.34e-01	7.36e-01	2.99e-02
 8.98898e+22	2.40e-01	7.30e-01	2.98e-02
 8.99544e+22	2.46e-01	7.24e-01	2.97e-02
 9.00221e+22	2.54e-01	7.17e-01	2.96e-02
 9.00937e+22	2.61e-01	7.09e-01	2.95e-02
 9.01683e+22	2.69e-01	7.01e-01	2.95e-02
 9.02433e+22	2.78e-01	6.93e-01	2.94e-02
 9.03019e+22	2.84e-01	6.86e-01	2.95e-02
 9.03404e+22	2.88e-01	6.82e-01	2.95e-02
 9.03769e+22	2.93e-01	6.77e-01	2.95e-02
 9.04204e+22	2.99e-01	6.72e-01	2.94e-02
 9.04693e+22	3.05e-01	6.66e-01	2.94e-02
 9.05179e+22	3.11e-01	6.59e-01	2.93e-02
 9.05634e+22	3.17e-01	6.54e-01	2.93e-02
 9.06092e+22	3.23e-01	6.47e-01	2.93e-02
 9.06572e+22	3.30e-01	6.41e-01	2.91e-02
 9.07056e+22	3.37e-01	6.34e-01	2.91e-02
 9.07543e+22	3.44e-01	6.27e-01	2.90e-02
 9.08043e+22	3.51e-01	6.20e-01	2.89e-02
 9.08557e+22	3.59e-01	6.12e-01	2.87e-02
 9.09083e+22	3.67e-01	6.04e-01	2.86e-02
 9.09618e+22	3.76e-01	5.96e-01	2.83e-02
 9.10156e+22	3.84e-01	5.88e-01	2.81e-02
 9.10706e+22	3.93e-01	5.79e-01	2.79e-02
 9.11279e+22	4.03e-01	5.70e-01	2.76e-02
 9.11869e+22	4.13e-01	5.60e-01	2.73e-02
 9.12467e+22	4.23e-01	5.50e-01	2.70e-02
 9.13078e+22	4.33e-01	5.40e-01	2.66e-02
 9.13713e+22	4.44e-01	5.30e-01	2.62e-02
 9.14364e+22	4.56e-01	5.19e-01	2.57e-02
 9.15030e+22	4.67e-01	5.07e-01	2.52e-02
 9.15718e+22	4.80e-01	4.96e-01	2.47e-02
 9.16423e+22	4.92e-01	4.84e-01	2.42e-02
 9.17146e+22	5.05e-01	4.71e-01	2.36e-02
 9.17894e+22	5.18e-01	4.59e-01	2.29e-02
 9.18663e+22	5.32e-01	4.46e-01	2.23e-02
 9.19451e+22	5.46e-01	4.33e-01	2.16e-02
 9.20248e+22	5.59e-01	4.20e-01	2.09e-02
 9.21054e+22	5.73e-01	4.07e-01	2.01e-02
 9.21888e+22	5.87e-01	3.93e-01	1.94e-02
 9.22739e+22	6.01e-01	3.80e-01	1.86e-02
 9.23590e+22	6.15e-01	3.67e-01	1.79e-02
 9.24450e+22	6.29e-01	3.54e-01	1.71e-02
 9.25294e+22	6.41e-01	3.42e-01	1.64e-02
