#depth	Cl	Cl+	Cl+2	Cl+3	Cl+4	Cl+5	Cl+6	Cl+7	Cl+8	Cl+9	Cl+10	Cl+11	Cl+12	Cl+13	Cl+14	Cl+15	Cl+16	Cl+17
 1.54284e+22	0.00e+00	0.00e+00	0.00e+00	0.00e+00	0.00e+00	9.90e-26	1.93e-22	5.32e-19	4.23e-16	1.48e-13	2.48e-11	2.53e-09	1.51e-07	5.79e-06	2.44e-04	1.89e-02	2.13e-01	7.68e-01
 3.59676e+22	0.00e+00	0.00e+00	0.00e+00	0.00e+00	1.83e-27	4.68e-24	6.73e-21	1.33e-17	7.49e-15	1.87e-12	2.23e-10	1.63e-08	6.96e-07	1.93e-05	5.89e-04	3.30e-02	2.68e-01	6.98e-01
 4.48785e+22	0.00e+00	0.00e+00	0.00e+00	5.64e-30	1.82e-26	3.76e-23	4.33e-20	1.36e-16	5.98e-14	1.16e-11	1.09e-09	6.20e-08	2.08e-06	4.56e-05	1.10e-03	4.87e-02	3.12e-01	6.39e-01
 5.17186e+22	0.00e+00	0.00e+00	0.00e+00	7.30e-29	1.99e-25	3.47e-22	3.35e-19	8.67e-16	3.13e-13	5.00e-11	3.83e-09	1.80e-07	4.97e-06	9.00e-05	1.79e-03	6.57e-02	3.47e-01	5.86e-01
 5.55187e+22	0.00e+00	0.00e+00	0.00e+00	1.41e-28	3.69e-25	6.15e-22	5.68e-19	1.39e-15	4.79e-13	7.27e-11	5.30e-09	2.36e-07	6.22e-06	1.07e-04	2.03e-03	7.09e-02	3.55e-01	5.72e-01
 5.67719e+22	0.00e+00	0.00e+00	0.00e+00	1.23e-28	3.14e-25	5.10e-22	7.90e-19	1.88e-15	6.26e-13	9.20e-11	6.50e-09	2.81e-07	7.16e-06	1.19e-04	2.19e-03	7.43e-02	3.61e-01	5.62e-01
 5.79062e+22	0.00e+00	0.00e+00	0.00e+00	2.10e-28	5.17e-25	8.10e-22	1.21e-18	2.76e-15	8.82e-13	1.24e-10	8.43e-09	3.50e-07	8.56e-06	1.37e-04	2.42e-03	7.88e-02	3.68e-01	5.51e-01
 5.90443e+22	0.00e+00	0.00e+00	0.00e+00	3.20e-28	7.66e-25	1.17e-21	1.69e-18	3.74e-15	1.16e-12	1.58e-10	1.04e-08	4.16e-07	9.87e-06	1.53e-04	2.62e-03	8.26e-02	3.73e-01	5.41e-01
 6.01874e+22	0.00e+00	0.00e+00	0.00e+00	5.46e-28	1.26e-24	1.85e-21	2.58e-18	5.50e-15	1.63e-12	2.14e-10	1.35e-08	5.20e-07	1.18e-05	1.77e-04	2.90e-03	8.77e-02	3.80e-01	5.29e-01
 6.13406e+22	0.00e+00	0.00e+00	0.00e+00	8.60e-28	1.93e-24	2.75e-21	3.69e-18	7.62e-15	2.18e-12	2.77e-10	1.69e-08	6.29e-07	1.38e-05	1.99e-04	3.15e-03	9.21e-02	3.86e-01	5.18e-01
 6.23337e+22	0.00e+00	0.00e+00	0.00e+00	1.30e-27	2.83e-24	3.92e-21	5.11e-18	1.02e-14	2.85e-12	3.50e-10	2.06e-08	7.46e-07	1.59e-05	2.21e-04	3.40e-03	9.64e-02	3.91e-01	5.09e-01
 6.34517e+22	0.00e+00	0.00e+00	2.98e-31	2.14e-27	4.52e-24	6.05e-21	7.60e-18	1.47e-14	3.93e-12	4.65e-10	2.64e-08	9.17e-07	1.88e-05	2.52e-04	3.73e-03	1.02e-01	3.97e-01	4.97e-01
 6.46441e+22	0.00e+00	0.00e+00	5.06e-31	3.53e-27	7.19e-24	9.29e-21	1.12e-17	2.10e-14	5.41e-12	6.17e-10	3.37e-08	1.13e-06	2.23e-05	2.87e-04	4.08e-03	1.07e-01	4.03e-01	4.85e-01
 6.56596e+22	0.00e+00	0.00e+00	7.68e-31	5.23e-27	1.04e-23	1.31e-20	1.54e-17	2.78e-14	6.97e-12	7.71e-10	4.09e-08	1.33e-06	2.54e-05	3.18e-04	4.39e-03	1.12e-01	4.08e-01	4.76e-01
 6.67063e+22	0.00e+00	0.00e+00	1.29e-30	8.51e-27	1.64e-23	1.99e-20	2.25e-17	3.95e-14	9.53e-12	1.02e-09	5.20e-08	1.63e-06	3.00e-05	3.61e-04	4.80e-03	1.18e-01	4.13e-01	4.64e-01
 6.78044e+22	0.00e+00	0.00e+00	2.07e-30	1.33e-26	2.48e-23	2.92e-20	3.20e-17	5.43e-14	1.27e-11	1.31e-09	6.47e-08	1.96e-06	3.49e-05	4.06e-04	5.20e-03	1.23e-01	4.18e-01	4.53e-01
 6.87971e+22	0.00e+00	0.00e+00	3.25e-30	2.03e-26	3.68e-23	4.21e-20	4.45e-17	7.35e-14	1.66e-11	1.66e-09	7.97e-08	2.33e-06	4.02e-05	4.53e-04	5.61e-03	1.29e-01	4.22e-01	4.43e-01
 6.99156e+22	0.00e+00	0.00e+00	5.76e-30	3.48e-26	6.08e-23	6.69e-20	6.79e-17	1.08e-13	2.35e-11	2.26e-09	1.04e-07	2.92e-06	4.83e-05	5.20e-04	6.18e-03	1.36e-01	4.27e-01	4.30e-01
 7.10534e+22	0.00e+00	0.00e+00	9.26e-30	5.44e-26	9.19e-23	9.79e-20	9.60e-17	1.48e-13	3.12e-11	2.90e-09	1.29e-07	3.51e-06	5.61e-05	5.84e-04	6.70e-03	1.42e-01	4.31e-01	4.19e-01
 7.20241e+22	0.00e+00	0.00e+00	1.44e-29	8.21e-26	1.35e-22	1.39e-19	1.32e-16	1.99e-13	4.06e-11	3.66e-09	1.58e-07	4.17e-06	6.45e-05	6.49e-04	7.21e-03	1.48e-01	4.35e-01	4.09e-01
 7.29501e+22	0.00e+00	0.00e+00	2.21e-29	1.23e-25	1.96e-22	1.97e-19	1.81e-16	2.64e-13	5.25e-11	4.60e-09	1.92e-07	4.93e-06	7.39e-05	7.20e-04	7.74e-03	1.54e-01	4.38e-01	3.99e-01
 7.40102e+22	0.00e+00	0.00e+00	3.75e-29	2.02e-25	3.11e-22	3.01e-19	2.66e-16	3.76e-13	7.21e-11	6.09e-09	2.46e-07	6.06e-06	8.75e-05	8.18e-04	8.45e-03	1.62e-01	4.42e-01	3.87e-01
 7.51056e+22	0.00e+00	0.00e+00	6.03e-29	3.16e-25	4.70e-22	4.40e-19	3.75e-16	5.15e-13	9.57e-11	7.83e-09	3.06e-07	7.29e-06	1.02e-04	9.17e-04	9.14e-03	1.69e-01	4.45e-01	3.76e-01
 7.60715e+22	0.00e+00	0.00e+00	9.43e-29	4.81e-25	6.94e-22	6.30e-19	5.19e-16	6.94e-13	1.25e-10	9.92e-09	3.75e-07	8.68e-06	1.17e-04	1.02e-03	9.84e-03	1.76e-01	4.48e-01	3.65e-01
 7.71518e+22	0.00e+00	0.00e+00	1.65e-28	8.12e-25	1.13e-21	9.83e-19	7.76e-16	1.00e-12	1.74e-10	1.33e-08	4.85e-07	1.08e-05	1.40e-04	1.17e-03	1.08e-02	1.85e-01	4.51e-01	3.52e-01
 7.82147e+22	0.00e+00	0.00e+00	2.60e-28	1.24e-24	1.67e-21	1.41e-18	1.07e-15	1.35e-12	2.28e-10	1.69e-08	5.97e-07	1.29e-05	1.61e-04	1.30e-03	1.16e-02	1.92e-01	4.53e-01	3.42e-01
 7.90934e+22	0.00e+00	0.00e+00	3.96e-28	1.84e-24	2.40e-21	1.96e-18	1.45e-15	1.78e-12	2.93e-10	2.11e-08	7.23e-07	1.52e-05	1.84e-04	1.44e-03	1.24e-02	1.99e-01	4.54e-01	3.32e-01
 8.00737e+22	0.00e+00	0.00e+00	6.60e-28	2.97e-24	3.73e-21	2.94e-18	2.08e-15	2.49e-12	3.96e-10	2.76e-08	9.14e-07	1.85e-05	2.17e-04	1.62e-03	1.35e-02	2.08e-01	4.56e-01	3.21e-01
 8.10940e+22	0.00e+00	0.00e+00	1.04e-27	4.53e-24	5.51e-21	4.19e-18	2.86e-15	3.34e-12	5.17e-10	3.50e-08	1.12e-06	2.20e-05	2.50e-04	1.80e-03	1.45e-02	2.16e-01	4.57e-01	3.11e-01
 8.20147e+22	0.00e+00	1.14e-31	1.61e-27	6.86e-24	8.08e-21	5.95e-18	3.92e-15	4.46e-12	6.71e-10	4.41e-08	1.37e-06	2.61e-05	2.87e-04	2.00e-03	1.55e-02	2.24e-01	4.58e-01	3.01e-01
 8.29231e+22	0.00e+00	1.83e-31	2.51e-27	1.04e-23	1.18e-20	8.41e-18	5.35e-15	5.94e-12	8.70e-10	5.56e-08	1.68e-06	3.10e-05	3.30e-04	2.22e-03	1.66e-02	2.32e-01	4.58e-01	2.91e-01
 8.38062e+22	0.00e+00	2.87e-31	3.83e-27	1.53e-23	1.70e-20	1.17e-17	7.18e-15	7.80e-12	1.11e-09	6.93e-08	2.03e-06	3.65e-05	3.76e-04	2.45e-03	1.77e-02	2.40e-01	4.58e-01	2.81e-01
 8.47936e+22	0.00e+00	5.13e-31	6.59e-27	2.55e-23	2.70e-20	1.79e-17	1.05e-14	1.11e-11	1.53e-09	9.20e-08	2.60e-06	4.50e-05	4.46e-04	2.78e-03	1.93e-02	2.50e-01	4.58e-01	2.70e-01
 8.57746e+22	0.00e+00	8.06e-31	1.01e-26	3.78e-23	3.88e-20	2.49e-17	1.41e-14	1.46e-11	1.96e-09	1.15e-07	3.15e-06	5.30e-05	5.09e-04	3.06e-03	2.05e-02	2.58e-01	4.57e-01	2.61e-01
 8.67473e+22	0.00e+00	1.41e-30	1.69e-26	6.15e-23	6.07e-20	3.73e-17	2.02e-14	2.04e-11	2.66e-09	1.50e-07	4.00e-06	6.48e-05	5.99e-04	3.46e-03	2.22e-02	2.68e-01	4.56e-01	2.49e-01
 8.77410e+22	0.00e+00	2.32e-30	2.70e-26	9.48e-23	9.02e-20	5.34e-17	2.79e-14	2.74e-11	3.48e-09	1.92e-07	4.93e-06	7.75e-05	6.92e-04	3.85e-03	2.38e-02	2.77e-01	4.55e-01	2.40e-01
 8.85953e+22	0.00e+00	3.59e-30	4.06e-26	1.39e-22	1.28e-19	7.33e-17	3.70e-14	3.56e-11	4.42e-09	2.37e-07	5.93e-06	9.06e-05	7.85e-04	4.22e-03	2.53e-02	2.85e-01	4.53e-01	2.31e-01
 8.95389e+22	0.00e+00	6.16e-30	6.71e-26	2.21e-22	1.96e-19	1.08e-16	5.21e-14	4.91e-11	5.91e-09	3.07e-07	7.44e-06	1.10e-04	9.18e-04	4.73e-03	2.72e-02	2.96e-01	4.50e-01	2.21e-01
 9.05048e+22	0.00e+00	9.90e-30	1.04e-25	3.34e-22	2.86e-19	1.52e-16	7.07e-14	6.52e-11	7.65e-09	3.86e-07	9.08e-06	1.30e-04	1.05e-03	5.23e-03	2.90e-02	3.04e-01	4.48e-01	2.12e-01
 9.13481e+22	0.00e+00	1.56e-29	1.60e-25	4.96e-22	4.10e-19	2.10e-16	9.43e-14	8.53e-11	9.77e-09	4.81e-07	1.10e-05	1.53e-04	1.20e-03	5.75e-03	3.09e-02	3.13e-01	4.45e-01	2.04e-01
 9.21590e+22	0.00e+00	2.38e-29	2.36e-25	7.13e-22	5.73e-19	2.85e-16	1.23e-13	1.10e-10	1.23e-08	5.89e-07	1.31e-05	1.78e-04	1.35e-03	6.28e-03	3.26e-02	3.21e-01	4.42e-01	1.96e-01
 9.30791e+22	0.00e+00	4.09e-29	3.92e-25	1.14e-21	8.79e-19	4.19e-16	1.74e-13	1.51e-10	1.64e-08	7.65e-07	1.65e-05	2.16e-04	1.58e-03	7.03e-03	3.50e-02	3.31e-01	4.38e-01	1.87e-01
 9.40230e+22	0.00e+00	6.58e-29	6.10e-25	1.72e-21	1.28e-18	5.87e-16	2.34e-13	1.99e-10	2.12e-08	9.61e-07	2.01e-05	2.55e-04	1.81e-03	7.75e-03	3.73e-02	3.40e-01	4.34e-01	1.79e-01
 9.48514e+22	0.00e+00	1.03e-28	9.28e-25	2.54e-21	1.82e-18	8.06e-16	3.09e-13	2.59e-10	2.69e-08	1.19e-06	2.42e-05	2.99e-04	2.05e-03	8.50e-03	3.95e-02	3.49e-01	4.30e-01	1.71e-01
 9.57818e+22	0.00e+00	1.78e-28	1.54e-24	4.07e-21	2.80e-18	1.19e-15	4.36e-13	3.57e-10	3.61e-08	1.55e-06	3.04e-05	3.63e-04	2.39e-03	9.49e-03	4.23e-02	3.59e-01	4.25e-01	1.62e-01
 9.67269e+22	0.00e+00	2.86e-28	2.40e-24	6.12e-21	4.06e-18	1.66e-15	5.84e-13	4.71e-10	4.65e-08	1.94e-06	3.70e-05	4.29e-04	2.74e-03	1.04e-02	4.48e-02	3.68e-01	4.19e-01	1.55e-01
 9.75455e+22	0.00e+00	4.45e-28	3.61e-24	8.95e-21	5.73e-18	2.26e-15	7.67e-13	6.08e-10	5.87e-08	2.39e-06	4.44e-05	5.01e-04	3.10e-03	1.14e-02	4.73e-02	3.76e-01	4.14e-01	1.48e-01
 9.84639e+22	0.00e+00	7.68e-28	6.00e-24	1.43e-20	8.79e-18	3.32e-15	1.08e-12	8.36e-10	7.85e-08	3.11e-06	5.57e-05	6.06e-04	3.60e-03	1.27e-02	5.05e-02	3.85e-01	4.08e-01	1.39e-01
 9.94203e+22	0.00e+00	1.26e-27	9.52e-24	2.19e-20	1.29e-17	4.69e-15	1.46e-12	1.11e-09	1.02e-07	3.93e-06	6.83e-05	7.21e-04	4.14e-03	1.40e-02	5.36e-02	3.94e-01	4.01e-01	1.32e-01
 1.00276e+23	0.00e+00	1.98e-27	1.45e-23	3.24e-20	1.84e-17	6.44e-15	1.92e-12	1.45e-09	1.30e-07	4.87e-06	8.23e-05	8.43e-04	4.68e-03	1.53e-02	5.65e-02	4.02e-01	3.95e-01	1.26e-01
 1.01113e+23	0.00e+00	3.18e-27	2.24e-23	4.85e-20	2.65e-17	8.91e-15	2.55e-12	1.89e-09	1.66e-07	6.09e-06	9.99e-05	9.93e-04	5.33e-03	1.68e-02	5.96e-02	4.10e-01	3.88e-01	1.19e-01
 1.01911e+23	0.00e+00	4.81e-27	3.30e-23	6.92e-20	3.67e-17	1.19e-14	3.29e-12	2.40e-09	2.07e-07	7.41e-06	1.18e-04	1.15e-03	5.97e-03	1.82e-02	6.25e-02	4.16e-01	3.82e-01	1.14e-01
 1.02786e+23	0.00e+00	8.24e-27	5.44e-23	1.10e-19	5.56e-17	1.72e-14	4.53e-12	3.27e-09	2.75e-07	9.55e-06	1.48e-04	1.38e-03	6.92e-03	2.02e-02	6.63e-02	4.25e-01	3.74e-01	1.07e-01
 1.03679e+23	0.00e+00	1.31e-26	8.39e-23	1.63e-19	7.96e-17	2.37e-14	5.97e-12	4.25e-09	3.51e-07	1.19e-05	1.78e-04	1.62e-03	7.85e-03	2.20e-02	6.97e-02	4.31e-01	3.66e-01	1.01e-01
 1.04395e+23	0.00e+00	1.90e-26	1.18e-22	2.24e-19	1.05e-16	3.04e-14	7.42e-12	5.23e-09	4.24e-07	1.41e-05	2.07e-04	1.84e-03	8.66e-03	2.36e-02	7.25e-02	4.37e-01	3.60e-01	9.63e-02
 1.05128e+23	0.00e+00	3.00e-26	1.80e-22	3.30e-19	1.50e-16	4.15e-14	9.71e-12	6.77e-09	5.38e-07	1.75e-05	2.49e-04	2.15e-03	9.79e-03	2.57e-02	7.60e-02	4.43e-01	3.52e-01	9.10e-02
 1.05837e+23	0.00e+00	4.24e-26	2.48e-22	4.43e-19	1.95e-16	5.24e-14	1.19e-11	8.22e-09	6.44e-07	2.06e-05	2.87e-04	2.41e-03	1.07e-02	2.73e-02	7.88e-02	4.47e-01	3.46e-01	8.70e-02
 1.06417e+23	0.00e+00	5.96e-26	3.40e-22	5.92e-19	2.53e-16	6.58e-14	1.45e-11	9.93e-09	7.68e-07	2.41e-05	3.29e-04	2.71e-03	1.18e-02	2.91e-02	8.15e-02	4.51e-01	3.40e-01	8.32e-02
 1.06985e+23	0.00e+00	8.25e-26	4.59e-22	7.79e-19	3.24e-16	8.18e-14	1.74e-11	1.19e-08	9.09e-07	2.80e-05	3.75e-04	3.02e-03	1.28e-02	3.09e-02	8.42e-02	4.55e-01	3.34e-01	7.97e-02
 1.07541e+23	0.00e+00	1.12e-25	6.08e-22	1.01e-18	4.08e-16	1.00e-13	2.08e-11	1.41e-08	1.06e-06	3.23e-05	4.23e-04	3.35e-03	1.39e-02	3.26e-02	8.67e-02	4.58e-01	3.29e-01	7.66e-02
 1.08165e+23	0.00e+00	1.67e-25	8.81e-22	1.42e-18	5.52e-16	1.31e-13	2.61e-11	1.76e-08	1.31e-06	3.89e-05	4.97e-04	3.83e-03	1.54e-02	3.50e-02	9.00e-02	4.62e-01	3.21e-01	7.25e-02
 1.08789e+23	0.00e+00	2.31e-25	1.19e-21	1.86e-18	7.04e-16	1.62e-13	3.13e-11	2.10e-08	1.54e-06	4.51e-05	5.65e-04	4.26e-03	1.67e-02	3.70e-02	9.27e-02	4.65e-01	3.15e-01	6.93e-02
 1.09302e+23	0.00e+00	3.12e-25	1.57e-21	2.40e-18	8.83e-16	1.97e-13	3.70e-11	2.47e-08	1.80e-06	5.18e-05	6.37e-04	4.71e-03	1.81e-02	3.90e-02	9.53e-02	4.67e-01	3.09e-01	6.64e-02
 1.09779e+23	0.00e+00	4.13e-25	2.03e-21	3.03e-18	1.09e-15	2.37e-13	4.33e-11	2.88e-08	2.07e-06	5.89e-05	7.12e-04	5.17e-03	1.94e-02	4.09e-02	9.77e-02	4.69e-01	3.03e-01	6.38e-02
 1.10320e+23	5.66e-32	5.83e-25	2.79e-21	4.05e-18	1.41e-15	2.96e-13	5.24e-11	3.47e-08	2.47e-06	6.90e-05	8.16e-04	5.79e-03	2.12e-02	4.34e-02	1.01e-01	4.71e-01	2.96e-01	6.07e-02
 1.10886e+23	7.85e-32	7.95e-25	3.72e-21	5.26e-18	1.78e-15	3.63e-13	6.22e-11	4.11e-08	2.89e-06	7.95e-05	9.22e-04	6.41e-03	2.29e-02	4.57e-02	1.03e-01	4.73e-01	2.90e-01	5.79e-02
 1.11396e+23	1.07e-31	1.07e-24	4.88e-21	6.75e-18	2.22e-15	4.40e-13	7.33e-11	4.83e-08	3.35e-06	9.11e-05	1.04e-03	7.06e-03	2.47e-02	4.80e-02	1.06e-01	4.74e-01	2.84e-01	5.54e-02
 1.11970e+23	1.63e-31	1.59e-24	7.05e-21	9.40e-18	2.97e-15	5.66e-13	9.06e-11	5.97e-08	4.09e-06	1.09e-04	1.21e-03	8.04e-03	2.73e-02	5.13e-02	1.09e-01	4.75e-01	2.76e-01	5.21e-02
 1.12536e+23	2.22e-31	2.14e-24	9.24e-21	1.20e-17	3.70e-15	6.84e-13	1.06e-10	6.99e-08	4.75e-06	1.25e-04	1.36e-03	8.84e-03	2.93e-02	5.38e-02	1.12e-01	4.75e-01	2.70e-01	4.98e-02
 1.13000e+23	3.02e-31	2.86e-24	1.20e-20	1.53e-17	4.56e-15	8.18e-13	1.23e-10	8.13e-08	5.48e-06	1.42e-04	1.52e-03	9.70e-03	3.15e-02	5.63e-02	1.14e-01	4.76e-01	2.63e-01	4.75e-02
 1.13435e+23	4.00e-31	3.75e-24	1.54e-20	1.91e-17	5.55e-15	9.68e-13	1.42e-10	9.36e-08	6.26e-06	1.60e-04	1.68e-03	1.06e-02	3.36e-02	5.88e-02	1.17e-01	4.75e-01	2.58e-01	4.55e-02
 1.13924e+23	5.70e-31	5.24e-24	2.10e-20	2.52e-17	7.08e-15	1.19e-12	1.69e-10	1.12e-07	7.39e-06	1.86e-04	1.92e-03	1.18e-02	3.64e-02	6.19e-02	1.19e-01	4.75e-01	2.50e-01	4.30e-02
 1.14428e+23	7.84e-31	7.11e-24	2.77e-20	3.24e-17	8.82e-15	1.44e-12	1.97e-10	1.31e-07	8.58e-06	2.13e-04	2.15e-03	1.29e-02	3.92e-02	6.49e-02	1.22e-01	4.74e-01	2.44e-01	4.09e-02
 1.14868e+23	1.03e-30	9.25e-24	3.53e-20	4.03e-17	1.07e-14	1.70e-12	2.26e-10	1.50e-07	9.77e-06	2.40e-04	2.38e-03	1.41e-02	4.17e-02	6.75e-02	1.24e-01	4.73e-01	2.38e-01	3.91e-02
 1.15357e+23	1.52e-30	1.34e-23	4.95e-20	5.45e-17	1.39e-14	2.11e-12	2.71e-10	1.81e-07	1.17e-05	2.82e-04	2.74e-03	1.58e-02	4.55e-02	7.13e-02	1.27e-01	4.71e-01	2.30e-01	3.67e-02
 1.15847e+23	2.05e-30	1.78e-23	6.42e-20	6.88e-17	1.70e-14	2.51e-12	3.12e-10	2.09e-07	1.34e-05	3.20e-04	3.05e-03	1.72e-02	4.86e-02	7.43e-02	1.29e-01	4.69e-01	2.24e-01	3.49e-02
 1.16339e+23	3.02e-30	2.58e-23	8.99e-20	9.30e-17	2.21e-14	3.13e-12	3.74e-10	2.52e-07	1.60e-05	3.76e-04	3.50e-03	1.93e-02	5.28e-02	7.84e-02	1.32e-01	4.66e-01	2.16e-01	3.26e-02
 1.16839e+23	4.15e-30	3.49e-23	1.18e-19	1.19e-16	2.73e-14	3.74e-12	4.32e-10	2.93e-07	1.85e-05	4.29e-04	3.91e-03	2.11e-02	5.66e-02	8.17e-02	1.34e-01	4.63e-01	2.09e-01	3.08e-02
 1.17268e+23	5.52e-30	4.59e-23	1.52e-19	1.49e-16	3.31e-14	4.39e-12	4.93e-10	3.36e-07	2.11e-05	4.84e-04	4.33e-03	2.29e-02	6.01e-02	8.48e-02	1.35e-01	4.60e-01	2.03e-01	2.93e-02
 1.17743e+23	8.30e-30	6.79e-23	2.17e-19	2.03e-16	4.33e-14	5.48e-12	5.88e-10	4.06e-07	2.54e-05	5.72e-04	5.00e-03	2.57e-02	6.55e-02	8.94e-02	1.38e-01	4.55e-01	1.94e-01	2.72e-02
 1.18210e+23	1.10e-29	8.87e-23	2.76e-19	2.52e-16	5.22e-14	6.40e-12	6.68e-10	4.63e-07	2.88e-05	6.42e-04	5.51e-03	2.78e-02	6.94e-02	9.25e-02	1.39e-01	4.51e-01	1.88e-01	2.58e-02
 1.18666e+23	1.62e-29	1.29e-22	3.89e-19	3.41e-16	6.74e-14	7.90e-12	7.89e-10	5.55e-07	3.43e-05	7.53e-04	6.31e-03	3.10e-02	7.52e-02	9.70e-02	1.41e-01	4.45e-01	1.80e-01	2.39e-02
 1.19115e+23	2.14e-29	1.69e-22	4.95e-19	4.22e-16	8.09e-14	9.19e-12	8.90e-10	6.32e-07	3.89e-05	8.43e-04	6.93e-03	3.35e-02	7.94e-02	1.00e-01	1.43e-01	4.40e-01	1.74e-01	2.26e-02
 1.19553e+23	3.14e-29	2.44e-22	6.90e-19	5.65e-16	1.04e-13	1.12e-11	1.04e-09	7.51e-07	4.60e-05	9.83e-04	7.90e-03	3.72e-02	8.56e-02	1.05e-01	1.44e-01	4.33e-01	1.66e-01	2.09e-02
 1.19994e+23	4.17e-29	3.21e-22	8.83e-19	7.02e-16	1.25e-13	1.31e-11	1.18e-09	8.56e-07	5.22e-05	1.10e-03	8.69e-03	4.01e-02	9.04e-02	1.08e-01	1.45e-01	4.27e-01	1.60e-01	1.97e-02
 1.20437e+23	6.20e-29	4.71e-22	1.25e-18	9.49e-16	1.61e-13	1.60e-11	1.38e-09	1.02e-06	6.20e-05	1.29e-03	9.93e-03	4.45e-02	9.75e-02	1.12e-01	1.46e-01	4.18e-01	1.52e-01	1.81e-02
 1.20881e+23	8.29e-29	6.23e-22	1.61e-18	1.18e-15	1.94e-13	1.87e-11	1.55e-09	1.16e-06	7.04e-05	1.45e-03	1.09e-02	4.80e-02	1.03e-01	1.16e-01	1.47e-01	4.11e-01	1.46e-01	1.70e-02
 1.21325e+23	1.24e-28	9.24e-22	2.29e-18	1.61e-15	2.51e-13	2.29e-11	1.82e-09	1.39e-06	8.37e-05	1.70e-03	1.25e-02	5.33e-02	1.11e-01	1.20e-01	1.47e-01	4.01e-01	1.38e-01	1.55e-02
 1.21771e+23	1.67e-28	1.23e-21	2.95e-18	2.01e-15	3.03e-13	2.67e-11	2.05e-09	1.58e-06	9.50e-05	1.90e-03	1.37e-02	5.74e-02	1.17e-01	1.24e-01	1.47e-01	3.93e-01	1.32e-01	1.45e-02
 1.22221e+23	2.49e-28	1.81e-21	4.18e-18	2.72e-15	3.89e-13	3.26e-11	2.39e-09	1.88e-06	1.12e-04	2.22e-03	1.56e-02	6.33e-02	1.25e-01	1.28e-01	1.47e-01	3.82e-01	1.24e-01	1.32e-02
 1.22667e+23	3.37e-28	2.43e-21	5.44e-18	3.42e-15	4.71e-13	3.79e-11	2.68e-09	2.14e-06	1.28e-04	2.49e-03	1.72e-02	6.81e-02	1.31e-01	1.31e-01	1.47e-01	3.73e-01	1.18e-01	1.22e-02
 1.23109e+23	5.00e-28	3.57e-21	7.67e-18	4.60e-15	6.03e-13	4.61e-11	3.10e-09	2.53e-06	1.50e-04	2.89e-03	1.94e-02	7.48e-02	1.40e-01	1.35e-01	1.46e-01	3.61e-01	1.10e-01	1.10e-02
 1.23559e+23	6.87e-28	4.86e-21	1.01e-17	5.83e-15	7.35e-13	5.38e-11	3.49e-09	2.89e-06	1.71e-04	3.25e-03	2.14e-02	8.05e-02	1.47e-01	1.38e-01	1.45e-01	3.50e-01	1.04e-01	1.02e-02
 1.24019e+23	1.03e-27	7.27e-21	1.45e-17	7.94e-15	9.49e-13	6.57e-11	4.06e-09	3.43e-06	2.02e-04	3.78e-03	2.42e-02	8.83e-02	1.56e-01	1.42e-01	1.44e-01	3.37e-01	9.64e-02	9.10e-03
 1.24483e+23	1.43e-27	9.95e-21	1.92e-17	1.01e-14	1.16e-12	7.68e-11	4.56e-09	3.91e-06	2.30e-04	4.24e-03	2.66e-02	9.47e-02	1.63e-01	1.44e-01	1.42e-01	3.25e-01	9.06e-02	8.32e-03
 1.24951e+23	2.16e-27	1.50e-20	2.76e-17	1.38e-14	1.50e-12	9.38e-11	5.29e-09	4.62e-06	2.70e-04	4.92e-03	3.00e-02	1.03e-01	1.73e-01	1.47e-01	1.40e-01	3.11e-01	8.33e-02	7.38e-03
 1.25423e+23	2.98e-27	2.05e-20	3.65e-17	1.75e-14	1.83e-12	1.09e-10	5.94e-09	5.25e-06	3.06e-04	5.50e-03	3.28e-02	1.11e-01	1.80e-01	1.49e-01	1.38e-01	2.99e-01	7.79e-02	6.71e-03
 1.25830e+23	4.92e-31	2.79e-20	4.80e-17	2.22e-14	2.21e-12	1.27e-10	6.63e-09	5.93e-06	3.45e-04	6.12e-03	3.58e-02	1.18e-01	1.87e-01	1.51e-01	1.36e-01	2.87e-01	7.29e-02	6.11e-03
 1.26291e+23	7.53e-31	4.18e-20	6.86e-17	3.00e-14	2.84e-12	1.54e-10	7.65e-09	6.93e-06	4.01e-04	7.03e-03	4.00e-02	1.27e-01	1.96e-01	1.53e-01	1.33e-01	2.72e-01	6.65e-02	5.37e-03
 1.26749e+23	1.02e-30	5.56e-20	8.85e-17	3.73e-14	3.40e-12	1.77e-10	8.49e-09	7.75e-06	4.47e-04	7.74e-03	4.32e-02	1.34e-01	2.02e-01	1.54e-01	1.30e-01	2.61e-01	6.22e-02	4.90e-03
 1.27202e+23	1.52e-30	8.10e-20	1.24e-16	4.96e-14	4.30e-12	2.12e-10	9.72e-09	8.94e-06	5.12e-04	8.76e-03	4.76e-02	1.44e-01	2.10e-01	1.55e-01	1.27e-01	2.47e-01	5.68e-02	4.32e-03
 1.27668e+23	2.11e-30	1.10e-19	1.63e-16	6.26e-14	5.20e-12	2.46e-10	1.09e-08	1.00e-05	5.72e-04	9.66e-03	5.15e-02	1.51e-01	2.16e-01	1.55e-01	1.23e-01	2.36e-01	5.26e-02	3.89e-03
 1.28151e+23	3.18e-30	1.62e-19	2.30e-16	8.41e-14	6.63e-12	2.97e-10	1.25e-08	1.16e-05	6.55e-04	1.09e-02	5.67e-02	1.62e-01	2.23e-01	1.55e-01	1.19e-01	2.21e-01	4.75e-02	3.39e-03
 1.28644e+23	4.42e-30	2.21e-19	3.02e-16	1.06e-13	8.05e-12	3.46e-10	1.40e-08	1.29e-05	7.29e-04	1.20e-02	6.11e-02	1.70e-01	2.29e-01	1.55e-01	1.16e-01	2.10e-01	4.38e-02	3.03e-03
 1.29147e+23	6.73e-30	3.28e-19	4.29e-16	1.43e-13	1.03e-11	4.18e-10	1.61e-08	1.48e-05	8.32e-04	1.35e-02	6.69e-02	1.80e-01	2.36e-01	1.54e-01	1.11e-01	1.95e-01	3.93e-02	2.62e-03
 1.29661e+23	9.35e-30	4.46e-19	5.64e-16	1.81e-13	1.25e-11	4.87e-10	1.81e-08	1.65e-05	9.21e-04	1.48e-02	7.18e-02	1.88e-01	2.40e-01	1.53e-01	1.08e-01	1.85e-01	3.60e-02	2.34e-03
 1.30189e+23	1.43e-29	6.62e-19	8.01e-16	2.44e-13	1.60e-11	5.91e-10	2.09e-08	1.89e-05	1.05e-03	1.66e-02	7.83e-02	1.99e-01	2.46e-01	1.51e-01	1.03e-01	1.71e-01	3.22e-02	2.01e-03
 1.30725e+23	1.98e-29	8.99e-19	1.05e-15	3.08e-13	1.94e-11	6.88e-10	2.35e-08	2.10e-05	1.15e-03	1.80e-02	8.36e-02	2.07e-01	2.49e-01	1.50e-01	9.92e-02	1.61e-01	2.93e-02	1.78e-03
 1.31273e+23	3.01e-29	1.33e-18	1.49e-15	4.15e-13	2.49e-11	8.36e-10	2.72e-08	2.40e-05	1.30e-03	2.01e-02	9.06e-02	2.17e-01	2.54e-01	1.47e-01	9.43e-02	1.48e-01	2.60e-02	1.52e-03
 1.31825e+23	4.14e-29	1.79e-18	1.95e-15	5.20e-13	3.01e-11	9.72e-10	3.05e-08	2.65e-05	1.43e-03	2.18e-02	9.62e-02	2.24e-01	2.56e-01	1.45e-01	9.06e-02	1.39e-01	2.37e-02	1.34e-03
 1.32382e+23	6.23e-29	2.61e-18	2.73e-15	6.95e-13	3.83e-11	1.18e-09	3.53e-08	3.00e-05	1.60e-03	2.40e-02	1.04e-01	2.34e-01	2.59e-01	1.42e-01	8.59e-02	1.28e-01	2.10e-02	1.15e-03
 1.32952e+23	8.59e-29	3.52e-18	3.56e-15	8.73e-13	4.63e-11	1.37e-09	3.97e-08	3.31e-05	1.75e-03	2.59e-02	1.10e-01	2.41e-01	2.61e-01	1.39e-01	8.21e-02	1.20e-01	1.90e-02	1.01e-03
 1.33447e+23	1.16e-28	4.63e-18	4.55e-15	1.08e-12	5.53e-11	1.58e-09	4.42e-08	3.62e-05	1.89e-03	2.78e-02	1.15e-01	2.48e-01	2.62e-01	1.36e-01	7.87e-02	1.12e-01	1.74e-02	8.95e-04
 1.33997e+23	1.70e-28	6.60e-18	6.25e-15	1.41e-12	6.94e-11	1.89e-09	5.09e-08	4.05e-05	2.09e-03	3.03e-02	1.23e-01	2.56e-01	2.63e-01	1.33e-01	7.44e-02	1.03e-01	1.54e-02	7.64e-04
 1.34549e+23	2.26e-28	8.56e-18	7.89e-15	1.73e-12	8.22e-11	2.17e-09	5.66e-08	4.42e-05	2.26e-03	3.23e-02	1.29e-01	2.61e-01	2.63e-01	1.30e-01	7.12e-02	9.66e-02	1.40e-02	6.79e-04
 1.35104e+23	3.27e-28	1.20e-17	1.07e-14	2.25e-12	1.02e-10	2.58e-09	6.48e-08	4.92e-05	2.48e-03	3.51e-02	1.36e-01	2.69e-01	2.63e-01	1.26e-01	6.71e-02	8.86e-02	1.24e-02	5.80e-04
 1.35672e+23	4.38e-28	1.57e-17	1.36e-14	2.76e-12	1.22e-10	2.97e-09	7.23e-08	5.37e-05	2.68e-03	3.74e-02	1.43e-01	2.74e-01	2.62e-01	1.23e-01	6.40e-02	8.26e-02	1.13e-02	5.12e-04
 1.36174e+23	5.81e-28	2.03e-17	1.71e-14	3.37e-12	1.44e-10	3.40e-09	8.04e-08	5.83e-05	2.88e-03	3.97e-02	1.49e-01	2.79e-01	2.61e-01	1.19e-01	6.10e-02	7.72e-02	1.02e-02	4.52e-04
 1.36742e+23	8.40e-28	2.84e-17	2.31e-14	4.36e-12	1.79e-10	4.05e-09	9.21e-08	6.47e-05	3.15e-03	4.28e-02	1.57e-01	2.85e-01	2.60e-01	1.15e-01	5.73e-02	7.04e-02	9.00e-03	3.85e-04
 1.37309e+23	1.09e-27	3.61e-17	2.86e-14	5.25e-12	2.10e-10	4.61e-09	1.02e-07	7.00e-05	3.36e-03	4.52e-02	1.63e-01	2.90e-01	2.58e-01	1.12e-01	5.47e-02	6.59e-02	8.21e-03	3.42e-04
 1.37874e+23	1.55e-27	4.97e-17	3.82e-14	6.72e-12	2.59e-10	5.46e-09	1.16e-07	7.74e-05	3.66e-03	4.85e-02	1.71e-01	2.95e-01	2.56e-01	1.08e-01	5.13e-02	6.02e-02	7.24e-03	2.91e-04
 1.38451e+23	2.03e-27	6.32e-17	4.74e-14	8.11e-12	3.04e-10	6.22e-09	1.29e-07	8.38e-05	3.91e-03	5.11e-02	1.77e-01	2.98e-01	2.53e-01	1.05e-01	4.88e-02	5.61e-02	6.58e-03	2.58e-04
 1.39041e+23	2.90e-27	8.72e-17	6.33e-14	1.04e-11	3.75e-10	7.38e-09	1.47e-07	9.27e-05	4.26e-03	5.48e-02	1.85e-01	3.03e-01	2.50e-01	1.00e-01	4.56e-02	5.10e-02	5.77e-03	2.19e-04
 1.39643e+23	3.80e-27	1.11e-16	7.88e-14	1.26e-11	4.42e-10	8.44e-09	1.64e-07	1.00e-04	4.55e-03	5.77e-02	1.92e-01	3.06e-01	2.47e-01	9.69e-02	4.32e-02	4.74e-02	5.22e-03	1.93e-04
 1.40259e+23	5.44e-27	1.54e-16	1.05e-13	1.62e-11	5.47e-10	1.00e-08	1.88e-07	1.11e-04	4.95e-03	6.18e-02	2.00e-01	3.10e-01	2.43e-01	9.25e-02	4.02e-02	4.29e-02	4.56e-03	1.62e-04
 1.40887e+23	7.16e-27	1.96e-16	1.31e-13	1.96e-11	6.45e-10	1.15e-08	2.09e-07	1.21e-04	5.29e-03	6.50e-02	2.07e-01	3.12e-01	2.40e-01	8.91e-02	3.80e-02	3.97e-02	4.11e-03	1.42e-04
 1.41529e+23	2.30e-27	2.71e-16	1.76e-13	2.52e-11	7.99e-10	1.37e-08	2.41e-07	1.34e-04	5.75e-03	6.94e-02	2.16e-01	3.15e-01	2.35e-01	8.47e-02	3.52e-02	3.58e-02	3.57e-03	1.19e-04
 1.42157e+23	2.94e-27	3.37e-16	2.14e-13	3.00e-11	9.27e-10	1.55e-08	2.65e-07	1.44e-04	6.10e-03	7.26e-02	2.22e-01	3.16e-01	2.31e-01	8.18e-02	3.34e-02	3.34e-02	3.24e-03	1.06e-04
 1.42766e+23	4.14e-27	4.57e-16	2.82e-13	3.80e-11	1.14e-09	1.83e-08	3.03e-07	1.59e-04	6.59e-03	7.71e-02	2.30e-01	3.18e-01	2.26e-01	7.78e-02	3.10e-02	3.02e-02	2.83e-03	8.91e-05
 1.43385e+23	5.31e-27	5.67e-16	3.43e-13	4.52e-11	1.32e-09	2.07e-08	3.34e-07	1.71e-04	6.99e-03	8.06e-02	2.36e-01	3.19e-01	2.22e-01	7.49e-02	2.94e-02	2.80e-02	2.56e-03	7.88e-05
 1.44016e+23	7.43e-27	7.62e-16	4.48e-13	5.70e-11	1.61e-09	2.44e-08	3.81e-07	1.88e-04	7.54e-03	8.53e-02	2.44e-01	3.20e-01	2.17e-01	7.10e-02	2.72e-02	2.53e-02	2.24e-03	6.65e-05
 1.44666e+23	9.77e-27	9.68e-16	5.56e-13	6.88e-11	1.89e-09	2.79e-08	4.24e-07	2.04e-04	8.03e-03	8.94e-02	2.51e-01	3.20e-01	2.13e-01	6.80e-02	2.56e-02	2.33e-02	2.00e-03	5.79e-05
 1.45341e+23	1.37e-26	1.30e-15	7.27e-13	8.70e-11	2.31e-09	3.30e-08	4.85e-07	2.25e-04	8.67e-03	9.46e-02	2.59e-01	3.20e-01	2.07e-01	6.43e-02	2.36e-02	2.10e-02	1.74e-03	4.87e-05
 1.46039e+23	1.83e-26	1.67e-15	9.12e-13	1.06e-10	2.75e-09	3.81e-08	5.44e-07	2.45e-04	9.26e-03	9.92e-02	2.66e-01	3.20e-01	2.02e-01	6.12e-02	2.21e-02	1.92e-02	1.55e-03	4.19e-05
 1.46765e+23	2.61e-26	2.27e-15	1.21e-12	1.36e-10	3.39e-09	4.53e-08	6.26e-07	2.72e-04	1.00e-02	1.05e-01	2.74e-01	3.19e-01	1.95e-01	5.75e-02	2.03e-02	1.71e-02	1.33e-03	3.48e-05
 1.47511e+23	3.51e-26	2.94e-15	1.52e-12	1.66e-10	4.05e-09	5.25e-08	7.05e-07	2.97e-04	1.07e-02	1.10e-01	2.81e-01	3.18e-01	1.90e-01	5.45e-02	1.88e-02	1.56e-02	1.17e-03	2.98e-05
 1.48281e+23	5.06e-26	4.03e-15	2.03e-12	2.14e-10	5.03e-09	6.30e-08	8.16e-07	3.31e-04	1.16e-02	1.17e-01	2.89e-01	3.16e-01	1.83e-01	5.09e-02	1.72e-02	1.38e-02	1.00e-03	2.45e-05
 1.49077e+23	6.91e-26	5.27e-15	2.59e-12	2.65e-10	6.06e-09	7.35e-08	9.24e-07	3.63e-04	1.25e-02	1.22e-01	2.96e-01	3.14e-01	1.77e-01	4.80e-02	1.59e-02	1.24e-02	8.76e-04	2.07e-05
 1.49905e+23	1.01e-25	7.31e-15	3.49e-12	3.45e-10	7.60e-09	8.89e-08	1.08e-06	4.07e-04	1.36e-02	1.30e-01	3.05e-01	3.11e-01	1.70e-01	4.46e-02	1.44e-02	1.09e-02	7.40e-04	1.69e-05
 1.50759e+23	1.40e-25	9.66e-15	4.49e-12	4.31e-10	9.22e-09	1.04e-07	1.23e-06	4.48e-04	1.46e-02	1.36e-01	3.12e-01	3.08e-01	1.64e-01	4.18e-02	1.32e-02	9.80e-03	6.40e-04	1.41e-05
 1.51528e+23	1.90e-25	1.25e-14	5.70e-12	5.32e-10	1.11e-08	1.22e-07	1.39e-06	4.91e-04	1.56e-02	1.42e-01	3.18e-01	3.05e-01	1.58e-01	3.92e-02	1.21e-02	8.81e-03	5.58e-04	1.19e-05
 1.52411e+23	2.87e-25	1.79e-14	7.86e-12	7.05e-10	1.41e-08	1.49e-07	1.64e-06	5.54e-04	1.70e-02	1.51e-01	3.26e-01	3.00e-01	1.50e-01	3.60e-02	1.08e-02	7.63e-03	4.62e-04	9.45e-06
 1.53300e+23	3.89e-25	2.32e-14	9.97e-12	8.70e-10	1.70e-08	1.74e-07	1.85e-06	6.07e-04	1.82e-02	1.58e-01	3.32e-01	2.97e-01	1.44e-01	3.37e-02	9.96e-03	6.84e-03	4.02e-04	7.95e-06
 1.54198e+23	5.84e-25	3.27e-14	1.37e-11	1.15e-09	2.15e-08	2.12e-07	2.18e-06	6.83e-04	1.98e-02	1.67e-01	3.39e-01	2.91e-01	1.37e-01	3.08e-02	8.88e-03	5.91e-03	3.32e-04	6.30e-06
 1.55116e+23	8.10e-25	4.33e-14	1.76e-11	1.44e-09	2.61e-08	2.50e-07	2.48e-06	7.52e-04	2.13e-02	1.74e-01	3.45e-01	2.86e-01	1.30e-01	2.87e-02	8.08e-03	5.24e-03	2.85e-04	5.21e-06
 1.56058e+23	1.22e-24	6.15e-14	2.42e-11	1.90e-09	3.34e-08	3.06e-07	2.93e-06	8.49e-04	2.32e-02	1.84e-01	3.52e-01	2.80e-01	1.23e-01	2.61e-02	7.16e-03	4.50e-03	2.34e-04	4.09e-06
 1.57020e+23	1.73e-24	8.24e-14	3.17e-11	2.40e-09	4.09e-08	3.63e-07	3.36e-06	9.38e-04	2.49e-02	1.92e-01	3.57e-01	2.74e-01	1.17e-01	2.40e-02	6.46e-03	3.95e-03	1.98e-04	3.34e-06
 1.57876e+23	2.41e-24	1.09e-13	4.10e-11	3.02e-09	4.98e-08	4.28e-07	3.84e-06	1.03e-03	2.66e-02	2.00e-01	3.62e-01	2.68e-01	1.11e-01	2.22e-02	5.84e-03	3.47e-03	1.68e-04	2.73e-06
 1.58857e+23	3.72e-24	1.59e-13	5.74e-11	4.05e-09	6.43e-08	5.30e-07	4.56e-06	1.17e-03	2.91e-02	2.11e-01	3.67e-01	2.60e-01	1.03e-01	1.99e-02	5.11e-03	2.93e-03	1.35e-04	2.09e-06
 1.59788e+23	4.95e-24	2.02e-13	7.17e-11	4.93e-09	7.62e-08	6.11e-07	5.12e-06	1.27e-03	3.08e-02	2.19e-01	3.70e-01	2.54e-01	9.87e-02	1.85e-02	4.67e-03	2.62e-03	1.17e-04	1.75e-06
 1.60656e+23	7.32e-24	2.82e-13	9.69e-11	6.42e-09	9.59e-08	7.41e-07	5.98e-06	1.42e-03	3.33e-02	2.29e-01	3.75e-01	2.46e-01	9.23e-02	1.67e-02	4.12e-03	2.23e-03	9.51e-05	1.37e-06
 1.61526e+23	9.77e-24	3.61e-13	1.21e-10	7.81e-09	1.14e-07	8.55e-07	6.72e-06	1.55e-03	3.52e-02	2.37e-01	3.77e-01	2.40e-01	8.77e-02	1.55e-02	3.75e-03	1.98e-03	8.19e-05	1.14e-06
 1.62397e+23	1.43e-23	4.98e-13	1.62e-10	1.01e-08	1.42e-07	1.03e-06	7.82e-06	1.72e-03	3.79e-02	2.47e-01	3.80e-01	2.32e-01	8.19e-02	1.40e-02	3.31e-03	1.69e-03	6.69e-05	8.93e-07
 1.63289e+23	1.95e-23	6.49e-13	2.06e-10	1.25e-08	1.71e-07	1.20e-06	8.86e-06	1.88e-03	4.03e-02	2.56e-01	3.83e-01	2.25e-01	7.73e-02	1.28e-02	2.98e-03	1.49e-03	5.66e-05	7.28e-07
 1.64207e+23	2.91e-23	9.14e-13	2.82e-10	1.64e-08	2.17e-07	1.47e-06	1.04e-05	2.11e-03	4.35e-02	2.67e-01	3.85e-01	2.16e-01	7.14e-02	1.14e-02	2.60e-03	1.25e-03	4.53e-05	5.56e-07
 1.65131e+23	3.96e-23	1.19e-12	3.57e-10	2.01e-08	2.60e-07	1.71e-06	1.18e-05	2.31e-03	4.62e-02	2.76e-01	3.86e-01	2.09e-01	6.72e-02	1.04e-02	2.33e-03	1.09e-03	3.81e-05	4.52e-07
 1.66061e+23	5.92e-23	1.67e-12	4.86e-10	2.64e-08	3.30e-07	2.10e-06	1.40e-05	2.59e-03	4.99e-02	2.87e-01	3.87e-01	1.99e-01	6.18e-02	9.26e-03	2.02e-03	9.09e-04	3.03e-05	3.42e-07
 1.67009e+23	8.16e-23	2.19e-12	6.22e-10	3.28e-08	4.00e-07	2.47e-06	1.59e-05	2.84e-03	5.31e-02	2.97e-01	3.87e-01	1.92e-01	5.76e-02	8.38e-03	1.80e-03	7.84e-04	2.51e-05	2.72e-07
 1.67981e+23	1.23e-22	3.11e-12	8.55e-10	4.34e-08	5.13e-07	3.05e-06	1.90e-05	3.21e-03	5.75e-02	3.09e-01	3.86e-01	1.82e-01	5.25e-02	7.34e-03	1.54e-03	6.44e-04	1.96e-05	2.02e-07
 1.68971e+23	1.72e-22	4.11e-12	1.10e-09	5.44e-08	6.26e-07	3.61e-06	2.18e-05	3.54e-03	6.12e-02	3.19e-01	3.85e-01	1.74e-01	4.85e-02	6.58e-03	1.35e-03	5.48e-04	1.60e-05	1.58e-07
 1.69986e+23	2.62e-22	5.88e-12	1.53e-09	7.26e-08	8.10e-07	4.50e-06	2.63e-05	4.02e-03	6.64e-02	3.32e-01	3.83e-01	1.63e-01	4.37e-02	5.68e-03	1.14e-03	4.43e-04	1.22e-05	1.14e-07
 1.71013e+23	3.66e-22	7.77e-12	1.97e-09	9.10e-08	9.92e-07	5.36e-06	3.04e-05	4.45e-03	7.08e-02	3.43e-01	3.81e-01	1.55e-01	4.02e-02	5.05e-03	9.99e-04	3.73e-04	9.85e-06	0.00e+00
 1.71879e+23	4.93e-22	9.98e-12	2.47e-09	1.12e-07	1.19e-06	6.28e-06	3.47e-05	4.88e-03	7.51e-02	3.52e-01	3.78e-01	1.47e-01	3.71e-02	4.52e-03	8.80e-04	3.18e-04	8.06e-06	0.00e+00
 1.72824e+23	7.19e-22	1.37e-11	3.30e-09	1.45e-07	1.51e-06	7.71e-06	4.13e-05	5.49e-03	8.09e-02	3.64e-01	3.73e-01	1.38e-01	3.33e-02	3.91e-03	7.46e-04	2.59e-04	6.21e-06	0.00e+00
 1.73773e+23	9.65e-22	1.74e-11	4.13e-09	1.77e-07	1.82e-06	9.05e-06	4.73e-05	6.03e-03	8.57e-02	3.74e-01	3.69e-01	1.31e-01	3.06e-02	3.48e-03	6.54e-04	2.19e-04	5.04e-06	0.00e+00
 1.74701e+23	1.37e-21	2.33e-11	5.39e-09	2.26e-07	2.27e-06	1.10e-05	5.59e-05	6.77e-03	9.20e-02	3.85e-01	3.63e-01	1.22e-01	2.74e-02	3.01e-03	5.55e-04	1.78e-04	3.89e-06	0.00e+00
 1.75647e+23	1.84e-21	2.96e-11	6.74e-09	2.77e-07	2.74e-06	1.30e-05	6.46e-05	7.46e-03	9.77e-02	3.94e-01	3.58e-01	1.14e-01	2.50e-02	2.65e-03	4.82e-04	1.49e-04	3.11e-06	0.00e+00
 1.76576e+23	2.54e-21	3.85e-11	8.62e-09	3.48e-07	3.39e-06	1.57e-05	7.60e-05	8.33e-03	1.04e-01	4.05e-01	3.51e-01	1.06e-01	2.24e-02	2.28e-03	4.09e-04	1.21e-04	2.41e-06	0.00e+00
 1.77524e+23	3.40e-21	4.87e-11	1.08e-08	4.27e-07	4.12e-06	1.86e-05	8.83e-05	9.23e-03	1.11e-01	4.14e-01	3.44e-01	9.92e-02	2.01e-02	1.99e-03	3.51e-04	1.00e-04	1.90e-06	0.00e+00
 1.78457e+23	4.58e-21	6.17e-11	1.35e-08	5.28e-07	5.03e-06	2.22e-05	1.03e-04	1.03e-02	1.18e-01	4.23e-01	3.36e-01	9.20e-02	1.80e-02	1.72e-03	2.98e-04	8.17e-05	1.47e-06	0.00e+00
 1.79399e+23	6.07e-21	7.71e-11	1.67e-08	6.46e-07	6.09e-06	2.64e-05	1.20e-04	1.14e-02	1.26e-01	4.32e-01	3.28e-01	8.53e-02	1.61e-02	1.49e-03	2.54e-04	6.68e-05	1.15e-06	0.00e+00
 1.80329e+23	7.99e-21	9.54e-11	2.05e-08	7.88e-07	7.37e-06	3.13e-05	1.40e-04	1.26e-02	1.33e-01	4.40e-01	3.19e-01	7.88e-02	1.44e-02	1.28e-03	2.16e-04	5.46e-05	8.94e-07	0.00e+00
 1.81258e+23	1.04e-20	1.17e-10	2.50e-08	9.55e-07	8.87e-06	3.71e-05	1.63e-04	1.40e-02	1.41e-01	4.48e-01	3.10e-01	7.28e-02	1.29e-02	1.11e-03	1.84e-04	4.45e-05	6.96e-07	0.00e+00
 1.82187e+23	1.35e-20	1.42e-10	3.04e-08	1.15e-06	1.07e-05	4.38e-05	1.90e-04	1.54e-02	1.50e-01	4.55e-01	3.00e-01	6.71e-02	1.14e-02	9.51e-04	1.56e-04	3.63e-05	5.40e-07	0.00e+00
 1.83120e+23	1.74e-20	1.72e-10	3.67e-08	1.39e-06	1.28e-05	5.16e-05	2.20e-04	1.71e-02	1.58e-01	4.61e-01	2.90e-01	6.17e-02	1.02e-02	8.18e-04	1.32e-04	2.95e-05	4.19e-07	0.00e+00
 1.84056e+23	2.24e-20	2.05e-10	4.42e-08	1.67e-06	1.53e-05	6.08e-05	2.56e-04	1.89e-02	1.67e-01	4.67e-01	2.80e-01	5.66e-02	9.02e-03	7.01e-04	1.11e-04	2.40e-05	3.24e-07	0.00e+00
 1.85000e+23	2.86e-20	2.44e-10	5.29e-08	1.99e-06	1.82e-05	7.15e-05	2.97e-04	2.08e-02	1.77e-01	4.72e-01	2.70e-01	5.18e-02	7.99e-03	6.01e-04	9.40e-05	1.94e-05	2.50e-07	0.00e+00
 1.85954e+23	3.64e-20	2.89e-10	6.31e-08	2.38e-06	2.17e-05	8.41e-05	3.45e-04	2.30e-02	1.86e-01	4.76e-01	2.60e-01	4.73e-02	7.06e-03	5.13e-04	7.92e-05	1.57e-05	1.93e-07	0.00e+00
 1.86914e+23	4.62e-20	3.39e-10	7.49e-08	2.83e-06	2.58e-05	9.85e-05	4.00e-04	2.53e-02	1.96e-01	4.79e-01	2.49e-01	4.32e-02	6.23e-03	4.38e-04	6.66e-05	1.27e-05	1.49e-07	0.00e+00
 1.87888e+23	5.87e-20	3.97e-10	8.90e-08	3.37e-06	3.07e-05	1.16e-04	4.65e-04	2.80e-02	2.06e-01	4.82e-01	2.38e-01	3.92e-02	5.48e-03	3.72e-04	5.58e-05	1.02e-05	0.00e+00	0.00e+00
 1.88872e+23	7.43e-20	4.62e-10	1.05e-07	3.99e-06	3.64e-05	1.35e-04	5.38e-04	3.08e-02	2.17e-01	4.83e-01	2.28e-01	3.56e-02	4.82e-03	3.17e-04	4.68e-05	8.23e-06	0.00e+00	0.00e+00
 1.89877e+23	9.48e-20	5.37e-10	1.25e-07	4.75e-06	4.33e-05	1.59e-04	6.27e-04	3.40e-02	2.28e-01	4.84e-01	2.17e-01	3.22e-02	4.22e-03	2.68e-04	3.89e-05	6.56e-06	0.00e+00	0.00e+00
 1.90899e+23	1.21e-19	6.21e-10	1.47e-07	5.62e-06	5.12e-05	1.85e-04	7.26e-04	3.74e-02	2.39e-01	4.84e-01	2.06e-01	2.91e-02	3.69e-03	2.27e-04	3.25e-05	5.26e-06	0.00e+00	0.00e+00
 1.91834e+23	1.48e-19	7.00e-10	1.69e-07	6.46e-06	5.89e-05	2.11e-04	8.21e-04	4.05e-02	2.48e-01	4.83e-01	1.97e-01	2.67e-02	3.30e-03	1.97e-04	2.79e-05	4.36e-06	0.00e+00	0.00e+00
 1.92811e+23	1.91e-19	8.08e-10	2.00e-07	7.69e-06	7.02e-05	2.48e-04	9.59e-04	4.47e-02	2.61e-01	4.81e-01	1.86e-01	2.39e-02	2.86e-03	1.65e-04	2.29e-05	3.43e-06	0.00e+00	0.00e+00
 1.93804e+23	2.37e-19	9.11e-10	2.31e-07	8.85e-06	8.07e-05	2.82e-04	1.08e-03	4.83e-02	2.70e-01	4.78e-01	1.77e-01	2.18e-02	2.55e-03	1.43e-04	1.96e-05	2.84e-06	0.00e+00	0.00e+00
 1.94828e+23	3.13e-19	1.06e-09	2.75e-07	1.06e-05	9.64e-05	3.32e-04	1.27e-03	5.34e-02	2.83e-01	4.74e-01	1.66e-01	1.94e-02	2.19e-03	1.19e-04	1.60e-05	2.21e-06	0.00e+00	0.00e+00
 1.95856e+23	4.41e-19	1.18e-09	3.16e-07	1.21e-05	1.11e-04	3.77e-04	1.43e-03	5.76e-02	2.93e-01	4.70e-01	1.58e-01	1.77e-02	1.95e-03	1.03e-04	1.36e-05	1.83e-06	0.00e+00	0.00e+00
 1.96888e+23	9.91e-17	1.37e-09	3.76e-07	1.45e-05	1.31e-04	4.42e-04	1.67e-03	6.34e-02	3.05e-01	4.64e-01	1.47e-01	1.56e-02	1.67e-03	8.51e-05	1.11e-05	1.42e-06	0.00e+00	0.00e+00
 1.97924e+23	3.94e-16	1.53e-09	4.32e-07	1.66e-05	1.50e-04	4.99e-04	1.87e-03	6.81e-02	3.14e-01	4.59e-01	1.40e-01	1.43e-02	1.49e-03	7.38e-05	9.48e-06	1.18e-06	0.00e+00	0.00e+00
 1.98965e+23	5.82e-16	1.77e-09	5.15e-07	1.97e-05	1.78e-04	5.82e-04	2.17e-03	7.47e-02	3.27e-01	4.52e-01	1.30e-01	1.26e-02	1.28e-03	6.11e-05	7.72e-06	9.18e-07	0.00e+00	0.00e+00
 2.00016e+23	7.78e-16	1.99e-09	5.92e-07	2.26e-05	2.03e-04	6.56e-04	2.43e-03	8.01e-02	3.36e-01	4.45e-01	1.23e-01	1.14e-02	1.13e-03	5.28e-05	6.58e-06	7.57e-07	0.00e+00	0.00e+00
 2.01082e+23	1.09e-15	2.30e-09	7.08e-07	2.69e-05	2.40e-04	7.64e-04	2.81e-03	8.77e-02	3.48e-01	4.36e-01	1.14e-01	1.01e-02	9.70e-04	4.36e-05	5.33e-06	5.88e-07	0.00e+00	0.00e+00
 2.02162e+23	1.42e-15	2.60e-09	8.18e-07	3.09e-05	2.74e-04	8.60e-04	3.14e-03	9.39e-02	3.56e-01	4.28e-01	1.07e-01	9.11e-03	8.58e-04	3.75e-05	4.53e-06	4.83e-07	0.00e+00	0.00e+00
 2.03260e+23	1.94e-15	3.02e-09	9.84e-07	3.68e-05	3.25e-04	1.00e-03	3.63e-03	1.02e-01	3.68e-01	4.18e-01	9.85e-02	7.98e-03	7.31e-04	3.08e-05	3.65e-06	3.73e-07	0.00e+00	0.00e+00
 2.04378e+23	2.51e-15	3.44e-09	1.14e-06	4.25e-05	3.72e-04	1.13e-03	4.06e-03	1.10e-01	3.76e-01	4.09e-01	9.22e-02	7.18e-03	6.43e-04	2.64e-05	3.08e-06	3.04e-07	0.00e+00	0.00e+00
 2.05523e+23	3.40e-15	4.04e-09	1.39e-06	5.10e-05	4.41e-04	1.31e-03	4.70e-03	1.19e-01	3.87e-01	3.96e-01	8.44e-02	6.24e-03	5.44e-04	2.15e-05	2.47e-06	2.33e-07	0.00e+00	0.00e+00
 2.06693e+23	4.39e-15	4.65e-09	1.63e-06	5.92e-05	5.07e-04	1.48e-03	5.25e-03	1.27e-01	3.94e-01	3.86e-01	7.85e-02	5.58e-03	4.76e-04	1.83e-05	2.07e-06	1.88e-07	0.00e+00	0.00e+00
 2.07897e+23	5.97e-15	5.53e-09	2.00e-06	7.17e-05	6.04e-04	1.73e-03	6.08e-03	1.39e-01	4.04e-01	3.72e-01	7.12e-02	4.81e-03	3.98e-04	1.48e-05	1.64e-06	1.42e-07	0.00e+00	0.00e+00
 2.09126e+23	7.74e-15	6.45e-09	2.37e-06	8.37e-05	6.95e-04	1.95e-03	6.79e-03	1.48e-01	4.11e-01	3.61e-01	6.59e-02	4.28e-03	3.47e-04	1.25e-05	1.36e-06	0.00e+00	0.00e+00	0.00e+00
 2.10161e+23	9.64e-15	7.36e-09	2.75e-06	9.60e-05	7.87e-04	2.17e-03	7.49e-03	1.56e-01	4.16e-01	3.51e-01	6.14e-02	3.85e-03	3.06e-04	1.07e-05	1.15e-06	0.00e+00	0.00e+00	0.00e+00
 2.11281e+23	1.27e-14	8.75e-09	3.34e-06	1.15e-04	9.22e-04	2.49e-03	8.50e-03	1.68e-01	4.23e-01	3.38e-01	5.59e-02	3.35e-03	2.59e-04	8.80e-06	9.31e-07	0.00e+00	0.00e+00	0.00e+00
 2.12371e+23	1.57e-14	9.98e-09	3.85e-06	1.30e-04	1.03e-03	2.74e-03	9.28e-03	1.76e-01	4.27e-01	3.28e-01	5.22e-02	3.03e-03	2.31e-04	7.63e-06	7.98e-07	0.00e+00	0.00e+00	0.00e+00
 2.13422e+23	2.02e-14	1.17e-08	4.61e-06	1.53e-04	1.20e-03	3.11e-03	1.04e-02	1.88e-01	4.32e-01	3.15e-01	4.76e-02	2.65e-03	1.97e-04	6.33e-06	6.50e-07	0.00e+00	0.00e+00	0.00e+00
 2.14484e+23	2.50e-14	1.35e-08	5.35e-06	1.75e-04	1.34e-03	3.42e-03	1.13e-02	1.96e-01	4.35e-01	3.05e-01	4.43e-02	2.40e-03	1.75e-04	5.49e-06	5.57e-07	0.00e+00	0.00e+00	0.00e+00
 2.15560e+23	3.26e-14	1.61e-08	6.45e-06	2.07e-04	1.55e-03	3.87e-03	1.27e-02	2.09e-01	4.38e-01	2.92e-01	4.03e-02	2.09e-03	1.49e-04	4.53e-06	4.53e-07	0.00e+00	0.00e+00	0.00e+00
 2.16651e+23	4.05e-14	1.87e-08	7.52e-06	2.37e-04	1.74e-03	4.26e-03	1.38e-02	2.18e-01	4.40e-01	2.82e-01	3.74e-02	1.88e-03	1.32e-04	3.91e-06	3.85e-07	0.00e+00	0.00e+00	0.00e+00
 2.17763e+23	5.32e-14	2.25e-08	9.13e-06	2.82e-04	2.02e-03	4.82e-03	1.54e-02	2.31e-01	4.42e-01	2.69e-01	3.38e-02	1.63e-03	1.12e-04	3.21e-06	3.11e-07	0.00e+00	0.00e+00	0.00e+00
 2.18891e+23	6.69e-14	2.65e-08	1.07e-05	3.24e-04	2.27e-03	5.31e-03	1.67e-02	2.41e-01	4.43e-01	2.59e-01	3.12e-02	1.47e-03	9.86e-05	2.76e-06	2.64e-07	0.00e+00	0.00e+00	0.00e+00
 2.20040e+23	8.85e-14	3.22e-08	1.31e-05	3.87e-04	2.64e-03	6.01e-03	1.86e-02	2.55e-01	4.43e-01	2.45e-01	2.80e-02	1.26e-03	8.29e-05	2.24e-06	2.11e-07	0.00e+00	0.00e+00	0.00e+00
 2.21206e+23	1.12e-13	3.82e-08	1.55e-05	4.47e-04	2.98e-03	6.62e-03	2.01e-02	2.65e-01	4.43e-01	2.35e-01	2.58e-02	1.13e-03	7.27e-05	1.92e-06	1.78e-07	0.00e+00	0.00e+00	0.00e+00
 2.22394e+23	1.50e-13	4.71e-08	1.90e-05	5.37e-04	3.47e-03	7.50e-03	2.24e-02	2.79e-01	4.41e-01	2.22e-01	2.30e-02	9.66e-04	6.07e-05	1.55e-06	1.41e-07	0.00e+00	0.00e+00	0.00e+00
 2.23611e+23	1.92e-13	5.66e-08	2.27e-05	6.24e-04	3.92e-03	8.27e-03	2.43e-02	2.91e-01	4.39e-01	2.11e-01	2.10e-02	8.57e-04	5.28e-05	1.31e-06	0.00e+00	0.00e+00	0.00e+00	0.00e+00
 2.24865e+23	2.63e-13	7.10e-08	2.82e-05	7.56e-04	4.59e-03	9.40e-03	2.71e-02	3.06e-01	4.35e-01	1.98e-01	1.85e-02	7.27e-04	4.37e-05	1.05e-06	0.00e+00	0.00e+00	0.00e+00	0.00e+00
 2.26153e+23	3.41e-13	8.64e-08	3.39e-05	8.85e-04	5.22e-03	1.04e-02	2.94e-02	3.17e-01	4.32e-01	1.88e-01	1.68e-02	6.38e-04	3.75e-05	8.77e-07	0.00e+00	0.00e+00	0.00e+00	0.00e+00
 2.27483e+23	4.77e-13	1.11e-07	4.29e-05	1.08e-03	6.14e-03	1.18e-02	3.27e-02	3.33e-01	4.26e-01	1.74e-01	1.47e-02	5.36e-04	3.07e-05	6.93e-07	0.00e+00	0.00e+00	0.00e+00	0.00e+00
 2.28828e+23	6.24e-13	1.36e-07	5.18e-05	1.27e-03	6.98e-03	1.31e-02	3.54e-02	3.44e-01	4.21e-01	1.65e-01	1.33e-02	4.69e-04	2.63e-05	5.77e-07	0.00e+00	0.00e+00	0.00e+00	0.00e+00
 2.30194e+23	3.78e-13	1.76e-07	6.57e-05	1.56e-03	8.22e-03	1.49e-02	3.92e-02	3.60e-01	4.13e-01	1.52e-01	1.15e-02	3.91e-04	2.13e-05	4.51e-07	0.00e+00	0.00e+00	0.00e+00	0.00e+00
 2.31576e+23	5.08e-13	2.18e-07	7.96e-05	1.83e-03	9.34e-03	1.64e-02	4.23e-02	3.71e-01	4.06e-01	1.43e-01	1.03e-02	3.41e-04	1.82e-05	3.74e-07	0.00e+00	0.00e+00	0.00e+00	0.00e+00
 2.32977e+23	7.55e-13	2.86e-07	1.01e-04	2.26e-03	1.10e-02	1.86e-02	4.66e-02	3.85e-01	3.96e-01	1.31e-01	8.90e-03	2.83e-04	1.47e-05	2.91e-07	0.00e+00	0.00e+00	0.00e+00	0.00e+00
 2.34401e+23	1.04e-12	3.57e-07	1.23e-04	2.66e-03	1.25e-02	2.05e-02	5.02e-02	3.96e-01	3.88e-01	1.22e-01	7.94e-03	2.45e-04	1.24e-05	2.39e-07	0.00e+00	0.00e+00	0.00e+00	0.00e+00
 2.35657e+23	1.42e-12	4.42e-07	1.49e-04	3.13e-03	1.42e-02	2.25e-02	5.39e-02	4.06e-01	3.79e-01	1.14e-01	7.05e-03	2.11e-04	1.04e-05	1.96e-07	0.00e+00	0.00e+00	0.00e+00	0.00e+00
 2.37090e+23	2.11e-12	5.85e-07	1.91e-04	3.84e-03	1.66e-02	2.54e-02	5.89e-02	4.19e-01	3.67e-01	1.04e-01	6.05e-03	1.75e-04	8.39e-06	1.52e-07	0.00e+00	0.00e+00	0.00e+00	0.00e+00
 2.38552e+23	2.91e-12	7.34e-07	2.32e-04	4.54e-03	1.88e-02	2.80e-02	6.33e-02	4.28e-01	3.56e-01	9.57e-02	5.31e-03	1.49e-04	6.98e-06	1.23e-07	0.00e+00	0.00e+00	0.00e+00	0.00e+00
 2.39738e+23	3.82e-12	8.92e-07	2.75e-04	5.22e-03	2.10e-02	3.02e-02	6.70e-02	4.35e-01	3.47e-01	8.95e-02	4.76e-03	1.30e-04	5.99e-06	0.00e+00	0.00e+00	0.00e+00	0.00e+00	0.00e+00
 2.40967e+23	5.26e-12	1.12e-06	3.35e-04	6.15e-03	2.37e-02	3.31e-02	7.15e-02	4.43e-01	3.35e-01	8.25e-02	4.19e-03	1.11e-04	4.99e-06	0.00e+00	0.00e+00	0.00e+00	0.00e+00	0.00e+00
 2.42260e+23	7.03e-12	1.38e-06	4.00e-04	7.13e-03	2.65e-02	3.59e-02	7.57e-02	4.49e-01	3.25e-01	7.64e-02	3.71e-03	9.64e-05	4.22e-06	0.00e+00	0.00e+00	0.00e+00	0.00e+00	0.00e+00
