#depth	C	C+	C+2	C+3	C+4	C+5	C+6	C[1]	C[2]	C[3]	C+[1]	C+[2]	CO
 1.54284e+22	1.05e-29	4.73e-22	1.90e-16	9.10e-12	4.08e-07	1.01e-03	9.99e-01	0.00e+00	0.00e+00	0.00e+00	0.00e+00	0.00e+00	4.09e-88
 3.59676e+22	7.30e-29	2.40e-21	7.13e-16	2.54e-11	8.04e-07	1.40e-03	9.99e-01	0.00e+00	0.00e+00	0.00e+00	0.00e+00	0.00e+00	7.71e-87
 4.48785e+22	2.97e-28	7.77e-21	1.85e-15	5.31e-11	1.32e-06	1.77e-03	9.98e-01	0.00e+00	0.00e+00	0.00e+00	0.00e+00	0.00e+00	1.19e-78
 5.17186e+22	9.13e-28	1.98e-20	3.93e-15	9.53e-11	1.95e-06	2.15e-03	9.98e-01	0.00e+00	0.00e+00	0.00e+00	0.00e+00	0.00e+00	1.95e-77
 5.55187e+22	1.22e-27	2.52e-20	4.77e-15	1.11e-10	2.16e-06	2.26e-03	9.98e-01	0.00e+00	0.00e+00	0.00e+00	0.00e+00	0.00e+00	4.00e-77
 5.67719e+22	1.46e-27	2.93e-20	5.38e-15	1.21e-10	2.31e-06	2.33e-03	9.98e-01	0.00e+00	0.00e+00	0.00e+00	0.00e+00	0.00e+00	6.30e-77
 5.79062e+22	1.84e-27	3.55e-20	6.29e-15	1.37e-10	2.50e-06	2.43e-03	9.98e-01	0.00e+00	0.00e+00	0.00e+00	0.00e+00	0.00e+00	1.13e-76
 5.90443e+22	2.22e-27	4.14e-20	7.11e-15	1.51e-10	2.67e-06	2.50e-03	9.97e-01	0.00e+00	0.00e+00	0.00e+00	0.00e+00	0.00e+00	1.79e-76
 6.01874e+22	2.81e-27	5.02e-20	8.30e-15	1.69e-10	2.89e-06	2.61e-03	9.97e-01	0.00e+00	0.00e+00	0.00e+00	0.00e+00	0.00e+00	3.23e-76
 6.13406e+22	3.43e-27	5.92e-20	9.45e-15	1.87e-10	3.10e-06	2.70e-03	9.97e-01	0.00e+00	0.00e+00	0.00e+00	0.00e+00	0.00e+00	5.32e-76
 6.23337e+22	4.11e-27	6.87e-20	1.06e-14	2.05e-10	3.30e-06	2.79e-03	9.97e-01	0.00e+00	0.00e+00	0.00e+00	0.00e+00	0.00e+00	8.38e-76
 6.34517e+22	5.12e-27	8.24e-20	1.23e-14	2.29e-10	3.56e-06	2.90e-03	9.97e-01	0.00e+00	0.00e+00	0.00e+00	0.00e+00	0.00e+00	1.46e-75
 6.46441e+22	6.37e-27	9.86e-20	1.42e-14	2.55e-10	3.84e-06	3.01e-03	9.97e-01	0.00e+00	0.00e+00	0.00e+00	0.00e+00	0.00e+00	2.53e-75
 6.56596e+22	7.58e-27	1.14e-19	1.59e-14	2.78e-10	4.07e-06	3.11e-03	9.97e-01	0.00e+00	0.00e+00	0.00e+00	0.00e+00	0.00e+00	3.91e-75
 6.67063e+22	9.39e-27	1.36e-19	1.82e-14	3.08e-10	4.38e-06	3.23e-03	9.97e-01	0.00e+00	0.00e+00	0.00e+00	0.00e+00	0.00e+00	6.75e-75
 6.78044e+22	1.14e-26	1.59e-19	2.07e-14	3.39e-10	4.69e-06	3.34e-03	9.97e-01	0.00e+00	0.00e+00	0.00e+00	0.00e+00	0.00e+00	1.11e-74
 6.87971e+22	1.38e-26	1.85e-19	2.33e-14	3.70e-10	4.99e-06	3.45e-03	9.97e-01	0.00e+00	0.00e+00	0.00e+00	0.00e+00	0.00e+00	1.78e-74
 6.99156e+22	1.75e-26	2.25e-19	2.72e-14	4.15e-10	5.41e-06	3.60e-03	9.96e-01	0.00e+00	0.00e+00	0.00e+00	0.00e+00	0.00e+00	3.25e-74
 7.10534e+22	2.13e-26	2.64e-19	3.08e-14	4.55e-10	5.78e-06	3.73e-03	9.96e-01	0.00e+00	0.00e+00	0.00e+00	0.00e+00	0.00e+00	5.36e-74
 7.20241e+22	2.55e-26	3.06e-19	3.45e-14	4.95e-10	6.14e-06	3.86e-03	9.96e-01	0.00e+00	0.00e+00	0.00e+00	0.00e+00	0.00e+00	8.51e-74
 7.29501e+22	3.05e-26	3.54e-19	3.86e-14	5.38e-10	6.51e-06	3.99e-03	9.96e-01	0.00e+00	0.00e+00	0.00e+00	0.00e+00	0.00e+00	1.34e-73
 7.40102e+22	3.80e-26	4.22e-19	4.43e-14	5.95e-10	7.00e-06	4.15e-03	9.96e-01	0.00e+00	0.00e+00	0.00e+00	0.00e+00	0.00e+00	2.36e-73
 7.51056e+22	4.63e-26	4.95e-19	5.00e-14	6.50e-10	7.47e-06	4.30e-03	9.96e-01	0.00e+00	0.00e+00	0.00e+00	0.00e+00	0.00e+00	3.92e-73
 7.60715e+22	5.58e-26	5.75e-19	5.62e-14	7.07e-10	7.94e-06	4.45e-03	9.96e-01	0.00e+00	0.00e+00	0.00e+00	0.00e+00	0.00e+00	6.32e-73
 7.71518e+22	7.05e-26	6.93e-19	6.48e-14	7.84e-10	8.57e-06	4.64e-03	9.95e-01	0.00e+00	0.00e+00	0.00e+00	0.00e+00	0.00e+00	1.15e-72
 7.82147e+22	8.50e-26	8.06e-19	7.27e-14	8.50e-10	9.10e-06	4.81e-03	9.95e-01	0.00e+00	0.00e+00	0.00e+00	0.00e+00	0.00e+00	1.87e-72
 7.90934e+22	1.01e-25	9.26e-19	8.08e-14	9.17e-10	9.62e-06	4.97e-03	9.95e-01	0.00e+00	0.00e+00	0.00e+00	0.00e+00	0.00e+00	2.94e-72
 8.00737e+22	1.25e-25	1.10e-18	9.19e-14	1.00e-09	1.03e-05	5.17e-03	9.95e-01	0.00e+00	0.00e+00	0.00e+00	0.00e+00	0.00e+00	5.12e-72
 8.10940e+22	1.51e-25	1.27e-18	1.03e-13	1.09e-09	1.09e-05	5.35e-03	9.95e-01	0.00e+00	0.00e+00	0.00e+00	0.00e+00	0.00e+00	8.34e-72
 8.20147e+22	1.82e-25	1.47e-18	1.15e-13	1.17e-09	1.16e-05	5.54e-03	9.94e-01	0.00e+00	0.00e+00	0.00e+00	0.00e+00	0.00e+00	1.35e-71
 8.29231e+22	2.19e-25	1.71e-18	1.28e-13	1.27e-09	1.23e-05	5.74e-03	9.94e-01	0.00e+00	0.00e+00	0.00e+00	0.00e+00	0.00e+00	2.19e-71
 8.38062e+22	2.61e-25	1.96e-18	1.42e-13	1.36e-09	1.30e-05	5.93e-03	9.94e-01	0.00e+00	0.00e+00	0.00e+00	0.00e+00	0.00e+00	3.47e-71
 8.47936e+22	3.27e-25	2.34e-18	1.62e-13	1.49e-09	1.39e-05	6.19e-03	9.94e-01	0.00e+00	0.00e+00	0.00e+00	0.00e+00	0.00e+00	6.30e-71
 8.57746e+22	3.90e-25	2.69e-18	1.80e-13	1.60e-09	1.47e-05	6.40e-03	9.94e-01	0.00e+00	0.00e+00	0.00e+00	0.00e+00	0.00e+00	1.00e-70
 8.67473e+22	4.86e-25	3.20e-18	2.05e-13	1.75e-09	1.57e-05	6.67e-03	9.93e-01	0.00e+00	0.00e+00	0.00e+00	0.00e+00	0.00e+00	1.79e-70
 8.77410e+22	5.90e-25	3.72e-18	2.29e-13	1.88e-09	1.67e-05	6.92e-03	9.93e-01	0.00e+00	0.00e+00	0.00e+00	0.00e+00	0.00e+00	3.00e-70
 8.85953e+22	7.00e-25	4.26e-18	2.53e-13	2.01e-09	1.76e-05	7.15e-03	9.93e-01	0.00e+00	0.00e+00	0.00e+00	0.00e+00	0.00e+00	4.72e-70
 8.95389e+22	8.64e-25	5.02e-18	2.85e-13	2.18e-09	1.88e-05	7.45e-03	9.93e-01	0.00e+00	0.00e+00	0.00e+00	0.00e+00	0.00e+00	8.31e-70
 9.05048e+22	1.04e-24	5.80e-18	3.18e-13	2.34e-09	1.99e-05	7.72e-03	9.92e-01	0.00e+00	0.00e+00	0.00e+00	0.00e+00	0.00e+00	1.36e-69
 9.13481e+22	1.24e-24	6.66e-18	3.52e-13	2.50e-09	2.10e-05	7.99e-03	9.92e-01	0.00e+00	0.00e+00	0.00e+00	0.00e+00	0.00e+00	2.20e-69
 9.21590e+22	1.47e-24	7.58e-18	3.87e-13	2.67e-09	2.21e-05	8.25e-03	9.92e-01	0.00e+00	0.00e+00	0.00e+00	0.00e+00	0.00e+00	3.42e-69
 9.30791e+22	1.82e-24	8.95e-18	4.36e-13	2.88e-09	2.35e-05	8.59e-03	9.91e-01	0.00e+00	0.00e+00	0.00e+00	0.00e+00	0.00e+00	6.10e-69
 9.40230e+22	2.19e-24	1.03e-17	4.85e-13	3.09e-09	2.49e-05	8.91e-03	9.91e-01	0.00e+00	0.00e+00	0.00e+00	0.00e+00	0.00e+00	1.01e-68
 9.48514e+22	2.62e-24	1.19e-17	5.35e-13	3.29e-09	2.63e-05	9.22e-03	9.91e-01	0.00e+00	0.00e+00	0.00e+00	0.00e+00	0.00e+00	1.64e-68
 9.57818e+22	3.25e-24	1.40e-17	6.05e-13	3.56e-09	2.80e-05	9.62e-03	9.90e-01	0.00e+00	0.00e+00	0.00e+00	0.00e+00	0.00e+00	2.94e-68
 9.67269e+22	3.91e-24	1.62e-17	6.71e-13	3.81e-09	2.97e-05	9.97e-03	9.90e-01	0.00e+00	0.00e+00	0.00e+00	0.00e+00	0.00e+00	4.89e-68
 9.75455e+22	4.66e-24	1.85e-17	7.40e-13	4.05e-09	3.12e-05	1.03e-02	9.90e-01	0.00e+00	0.00e+00	0.00e+00	0.00e+00	0.00e+00	7.88e-68
 9.84639e+22	5.80e-24	2.19e-17	8.36e-13	4.38e-09	3.34e-05	1.08e-02	9.89e-01	0.00e+00	0.00e+00	0.00e+00	0.00e+00	0.00e+00	1.43e-67
 9.94203e+22	7.06e-24	2.56e-17	9.32e-13	4.69e-09	3.54e-05	1.12e-02	9.89e-01	0.00e+00	0.00e+00	0.00e+00	0.00e+00	0.00e+00	2.46e-67
 1.00276e+23	8.46e-24	2.94e-17	1.03e-12	5.00e-09	3.74e-05	1.16e-02	9.88e-01	0.00e+00	0.00e+00	0.00e+00	0.00e+00	0.00e+00	4.02e-67
 1.01113e+23	1.02e-23	3.40e-17	1.14e-12	5.32e-09	3.95e-05	1.20e-02	9.88e-01	0.00e+00	0.00e+00	0.00e+00	0.00e+00	0.00e+00	6.80e-67
 1.01911e+23	1.21e-23	3.86e-17	1.26e-12	5.65e-09	4.16e-05	1.24e-02	9.88e-01	0.00e+00	0.00e+00	0.00e+00	0.00e+00	0.00e+00	1.08e-66
 1.02786e+23	1.50e-23	4.57e-17	1.41e-12	6.07e-09	4.43e-05	1.29e-02	9.87e-01	0.00e+00	0.00e+00	0.00e+00	4.57e-17	4.75e-26	1.97e-66
 1.03679e+23	1.82e-23	5.28e-17	1.57e-12	6.46e-09	4.69e-05	1.34e-02	9.87e-01	0.00e+00	0.00e+00	0.00e+00	5.28e-17	6.12e-24	3.32e-66
 1.04395e+23	2.11e-23	5.92e-17	1.70e-12	6.79e-09	4.90e-05	1.38e-02	9.86e-01	0.00e+00	0.00e+00	0.00e+00	5.92e-17	6.86e-24	5.03e-66
 1.05128e+23	2.54e-23	6.83e-17	1.88e-12	7.23e-09	5.18e-05	1.43e-02	9.86e-01	0.00e+00	0.00e+00	0.00e+00	6.83e-17	7.92e-24	8.46e-66
 1.05837e+23	2.93e-23	7.62e-17	2.04e-12	7.57e-09	5.40e-05	1.47e-02	9.85e-01	0.00e+00	0.00e+00	0.00e+00	7.62e-17	8.83e-24	1.26e-65
 1.06417e+23	3.38e-23	8.48e-17	2.20e-12	7.92e-09	5.63e-05	1.51e-02	9.85e-01	0.00e+00	0.00e+00	0.00e+00	8.48e-17	9.83e-24	1.86e-65
 1.06985e+23	3.86e-23	9.41e-17	2.36e-12	8.27e-09	5.86e-05	1.55e-02	9.84e-01	0.00e+00	0.00e+00	0.00e+00	9.41e-17	1.09e-23	2.71e-65
 1.07541e+23	4.38e-23	1.04e-16	2.53e-12	8.62e-09	6.08e-05	1.59e-02	9.84e-01	0.00e+00	0.00e+00	0.00e+00	1.04e-16	1.20e-23	3.85e-65
 1.08165e+23	5.19e-23	1.18e-16	2.78e-12	9.10e-09	6.39e-05	1.64e-02	9.84e-01	0.00e+00	0.00e+00	0.00e+00	1.18e-16	1.37e-23	6.15e-65
 1.08789e+23	5.94e-23	1.31e-16	2.99e-12	9.50e-09	6.65e-05	1.69e-02	9.83e-01	0.00e+00	0.00e+00	0.00e+00	1.31e-16	1.52e-23	8.99e-65
 1.09302e+23	6.75e-23	1.44e-16	3.20e-12	9.89e-09	6.90e-05	1.73e-02	9.83e-01	0.00e+00	0.00e+00	0.00e+00	1.44e-16	1.67e-23	1.29e-64
 1.09779e+23	7.61e-23	1.58e-16	3.42e-12	1.03e-08	7.15e-05	1.77e-02	9.82e-01	0.00e+00	0.00e+00	0.00e+00	1.58e-16	1.83e-23	1.79e-64
 1.10320e+23	8.82e-23	1.77e-16	3.70e-12	1.08e-08	7.46e-05	1.82e-02	9.82e-01	0.00e+00	0.00e+00	0.00e+00	1.77e-16	2.05e-23	2.71e-64
 1.10886e+23	1.01e-22	1.96e-16	3.98e-12	1.12e-08	7.77e-05	1.86e-02	9.81e-01	0.00e+00	0.00e+00	0.00e+00	1.96e-16	2.27e-23	3.93e-64
 1.11396e+23	1.15e-22	2.17e-16	4.27e-12	1.17e-08	8.07e-05	1.91e-02	9.81e-01	0.00e+00	0.00e+00	0.00e+00	2.17e-16	2.51e-23	5.61e-64
 1.11970e+23	1.37e-22	2.48e-16	4.70e-12	1.24e-08	8.49e-05	1.97e-02	9.80e-01	0.00e+00	0.00e+00	0.00e+00	2.48e-16	2.87e-23	9.15e-64
 1.12536e+23	1.56e-22	2.74e-16	5.05e-12	1.29e-08	8.82e-05	2.02e-02	9.80e-01	0.00e+00	0.00e+00	0.00e+00	2.74e-16	3.17e-23	1.31e-63
 1.13000e+23	1.77e-22	3.03e-16	5.41e-12	1.34e-08	9.15e-05	2.06e-02	9.79e-01	0.00e+00	0.00e+00	0.00e+00	3.03e-16	3.50e-23	1.88e-63
 1.13435e+23	2.00e-22	3.32e-16	5.78e-12	1.39e-08	9.48e-05	2.11e-02	9.79e-01	0.00e+00	0.00e+00	0.00e+00	3.32e-16	3.85e-23	2.63e-63
 1.13924e+23	2.33e-22	3.74e-16	6.29e-12	1.46e-08	9.92e-05	2.17e-02	9.78e-01	0.00e+00	0.00e+00	0.00e+00	3.74e-16	4.33e-23	4.00e-63
 1.14428e+23	2.68e-22	4.16e-16	6.78e-12	1.53e-08	1.03e-04	2.22e-02	9.78e-01	0.00e+00	0.00e+00	0.00e+00	4.16e-16	4.82e-23	5.88e-63
 1.14868e+23	3.03e-22	4.58e-16	7.26e-12	1.59e-08	1.07e-04	2.27e-02	9.77e-01	0.00e+00	0.00e+00	0.00e+00	4.58e-16	5.30e-23	8.20e-63
 1.15357e+23	3.61e-22	5.24e-16	7.99e-12	1.67e-08	1.12e-04	2.34e-02	9.76e-01	0.00e+00	0.00e+00	0.00e+00	5.24e-16	6.06e-23	1.32e-62
 1.15847e+23	4.14e-22	5.82e-16	8.61e-12	1.75e-08	1.17e-04	2.40e-02	9.76e-01	0.00e+00	0.00e+00	0.00e+00	5.82e-16	6.73e-23	1.91e-62
 1.16339e+23	4.95e-22	6.68e-16	9.51e-12	1.85e-08	1.23e-04	2.47e-02	9.75e-01	0.00e+00	0.00e+00	0.00e+00	6.68e-16	7.74e-23	3.11e-62
 1.16839e+23	5.74e-22	7.50e-16	1.03e-11	1.94e-08	1.28e-04	2.53e-02	9.75e-01	0.00e+00	0.00e+00	0.00e+00	7.50e-16	8.68e-23	4.63e-62
 1.17268e+23	6.57e-22	8.34e-16	1.12e-11	2.03e-08	1.34e-04	2.59e-02	9.74e-01	0.00e+00	0.00e+00	0.00e+00	8.34e-16	9.66e-23	6.66e-62
 1.17743e+23	8.02e-22	9.75e-16	1.25e-11	2.16e-08	1.41e-04	2.68e-02	9.73e-01	0.00e+00	0.00e+00	0.00e+00	9.75e-16	1.13e-22	1.13e-61
 1.18210e+23	9.19e-22	1.08e-15	1.35e-11	2.27e-08	1.47e-04	2.74e-02	9.72e-01	0.00e+00	0.00e+00	0.00e+00	1.08e-15	1.26e-22	1.62e-61
 1.18666e+23	1.12e-21	1.27e-15	1.51e-11	2.42e-08	1.55e-04	2.82e-02	9.72e-01	0.00e+00	0.00e+00	0.00e+00	1.27e-15	1.47e-22	2.74e-61
 1.19115e+23	1.29e-21	1.42e-15	1.64e-11	2.54e-08	1.62e-04	2.89e-02	9.71e-01	0.00e+00	0.00e+00	0.00e+00	1.42e-15	1.64e-22	3.95e-61
 1.19553e+23	1.58e-21	1.66e-15	1.84e-11	2.72e-08	1.71e-04	2.98e-02	9.70e-01	0.00e+00	0.00e+00	0.00e+00	1.66e-15	1.92e-22	6.65e-61
 1.19994e+23	1.83e-21	1.87e-15	2.01e-11	2.87e-08	1.78e-04	3.05e-02	9.69e-01	0.00e+00	0.00e+00	0.00e+00	1.87e-15	2.16e-22	9.76e-61
 1.20437e+23	2.27e-21	2.22e-15	2.28e-11	3.09e-08	1.89e-04	3.15e-02	9.68e-01	0.00e+00	0.00e+00	0.00e+00	2.22e-15	2.57e-22	1.70e-60
 1.20881e+23	2.67e-21	2.52e-15	2.50e-11	3.27e-08	1.98e-04	3.22e-02	9.68e-01	0.00e+00	0.00e+00	0.00e+00	2.52e-15	2.92e-22	2.54e-60
 1.21325e+23	3.36e-21	3.04e-15	2.87e-11	3.56e-08	2.11e-04	3.33e-02	9.66e-01	0.00e+00	0.00e+00	0.00e+00	3.04e-15	3.52e-22	4.55e-60
 1.21771e+23	3.98e-21	3.48e-15	3.18e-11	3.79e-08	2.21e-04	3.42e-02	9.66e-01	0.00e+00	0.00e+00	0.00e+00	3.48e-15	4.03e-22	6.91e-60
 1.22221e+23	5.02e-21	4.20e-15	3.66e-11	4.13e-08	2.36e-04	3.53e-02	9.64e-01	0.00e+00	0.00e+00	0.00e+00	4.20e-15	4.86e-22	1.23e-59
 1.22667e+23	6.02e-21	4.86e-15	4.09e-11	4.43e-08	2.48e-04	3.62e-02	9.64e-01	0.00e+00	0.00e+00	0.00e+00	4.86e-15	5.63e-22	1.92e-59
 1.23109e+23	7.66e-21	5.91e-15	4.74e-11	4.86e-08	2.65e-04	3.75e-02	9.62e-01	0.00e+00	0.00e+00	0.00e+00	5.91e-15	6.85e-22	3.46e-59
 1.23559e+23	9.32e-21	6.93e-15	5.35e-11	5.24e-08	2.79e-04	3.85e-02	9.61e-01	0.00e+00	0.00e+00	0.00e+00	6.93e-15	8.03e-22	5.56e-59
 1.24019e+23	1.21e-20	8.58e-15	6.29e-11	5.81e-08	2.99e-04	3.99e-02	9.60e-01	0.00e+00	0.00e+00	0.00e+00	8.58e-15	9.94e-22	1.04e-58
 1.24483e+23	1.49e-20	1.02e-14	7.15e-11	6.31e-08	3.16e-04	4.10e-02	9.59e-01	0.00e+00	0.00e+00	0.00e+00	1.02e-14	1.18e-21	1.70e-58
 1.24951e+23	1.95e-20	1.27e-14	8.50e-11	7.04e-08	3.41e-04	4.25e-02	9.57e-01	0.00e+00	0.00e+00	0.00e+00	1.27e-14	1.48e-21	3.26e-58
 1.25423e+23	2.41e-20	1.51e-14	9.72e-11	7.68e-08	3.61e-04	4.37e-02	9.56e-01	0.00e+00	0.00e+00	0.00e+00	1.51e-14	1.76e-21	5.36e-58
 1.25830e+23	2.00e-23	1.80e-14	1.11e-10	8.37e-08	3.81e-04	4.50e-02	9.55e-01	0.00e+00	0.00e+00	0.00e+00	1.80e-14	2.09e-21	1.61e-58
 1.26291e+23	2.66e-23	2.27e-14	1.33e-10	9.40e-08	4.11e-04	4.66e-02	9.53e-01	0.00e+00	0.00e+00	0.00e+00	2.27e-14	2.63e-21	2.26e-58
 1.26749e+23	3.25e-23	2.67e-14	1.51e-10	1.02e-07	4.33e-04	4.79e-02	9.52e-01	0.00e+00	0.00e+00	0.00e+00	2.67e-14	3.10e-21	3.54e-58
 1.27202e+23	4.25e-23	3.33e-14	1.78e-10	1.14e-07	4.65e-04	4.95e-02	9.50e-01	0.00e+00	0.00e+00	0.00e+00	3.33e-14	3.86e-21	6.44e-58
 1.27668e+23	5.30e-23	3.98e-14	2.05e-10	1.25e-07	4.93e-04	5.09e-02	9.49e-01	0.00e+00	0.00e+00	0.00e+00	3.98e-14	4.62e-21	1.05e-57
 1.28151e+23	7.03e-23	5.01e-14	2.45e-10	1.41e-07	5.31e-04	5.28e-02	9.47e-01	0.00e+00	0.00e+00	0.00e+00	5.01e-14	5.82e-21	1.96e-57
 1.28644e+23	8.81e-23	6.02e-14	2.83e-10	1.55e-07	5.63e-04	5.43e-02	9.45e-01	0.00e+00	0.00e+00	0.00e+00	6.02e-14	6.99e-21	3.21e-57
 1.29147e+23	1.18e-22	7.62e-14	3.40e-10	1.75e-07	6.07e-04	5.64e-02	9.43e-01	0.00e+00	0.00e+00	0.00e+00	7.62e-14	8.85e-21	6.04e-57
 1.29661e+23	1.47e-22	9.16e-14	3.92e-10	1.92e-07	6.45e-04	5.80e-02	9.41e-01	0.00e+00	0.00e+00	0.00e+00	9.16e-14	1.06e-20	9.88e-57
 1.30189e+23	1.97e-22	1.16e-13	4.72e-10	2.18e-07	6.97e-04	6.02e-02	9.39e-01	0.00e+00	0.00e+00	0.00e+00	1.16e-13	1.35e-20	1.86e-56
 1.30725e+23	2.47e-22	1.40e-13	5.45e-10	2.40e-07	7.40e-04	6.20e-02	9.37e-01	0.00e+00	0.00e+00	0.00e+00	1.40e-13	1.62e-20	3.04e-56
 1.31273e+23	3.31e-22	1.77e-13	6.56e-10	2.72e-07	8.00e-04	6.43e-02	9.35e-01	0.00e+00	0.00e+00	0.00e+00	1.77e-13	2.06e-20	5.72e-56
 1.31825e+23	4.13e-22	2.12e-13	7.56e-10	2.99e-07	8.48e-04	6.62e-02	9.33e-01	0.00e+00	0.00e+00	0.00e+00	2.12e-13	2.46e-20	9.22e-56
 1.32382e+23	5.48e-22	2.67e-13	9.06e-10	3.38e-07	9.16e-04	6.86e-02	9.30e-01	0.00e+00	0.00e+00	0.00e+00	2.67e-13	3.10e-20	1.70e-55
 1.32952e+23	6.85e-22	3.20e-13	1.04e-09	3.72e-07	9.72e-04	7.06e-02	9.28e-01	0.00e+00	0.00e+00	0.00e+00	3.20e-13	3.72e-20	2.75e-55
 1.33447e+23	8.42e-22	3.78e-13	1.19e-09	4.07e-07	1.03e-03	7.25e-02	9.26e-01	0.00e+00	0.00e+00	0.00e+00	3.78e-13	4.40e-20	4.28e-55
 1.33997e+23	1.10e-21	4.71e-13	1.41e-09	4.57e-07	1.11e-03	7.51e-02	9.24e-01	0.00e+00	0.00e+00	0.00e+00	4.71e-13	5.47e-20	7.62e-55
 1.34549e+23	1.34e-21	5.51e-13	1.60e-09	4.98e-07	1.17e-03	7.70e-02	9.22e-01	0.00e+00	0.00e+00	0.00e+00	5.51e-13	6.41e-20	1.16e-54
 1.35104e+23	1.74e-21	6.80e-13	1.89e-09	5.58e-07	1.25e-03	7.96e-02	9.19e-01	0.00e+00	0.00e+00	0.00e+00	6.80e-13	7.92e-20	2.02e-54
 1.35672e+23	2.13e-21	8.01e-13	2.15e-09	6.09e-07	1.32e-03	8.17e-02	9.17e-01	0.00e+00	0.00e+00	0.00e+00	8.01e-13	9.32e-20	3.11e-54
 1.36174e+23	2.60e-21	9.39e-13	2.44e-09	6.64e-07	1.40e-03	8.38e-02	9.15e-01	0.00e+00	0.00e+00	0.00e+00	9.39e-13	1.09e-19	4.73e-54
 1.36742e+23	3.37e-21	1.16e-12	2.88e-09	7.44e-07	1.50e-03	8.67e-02	9.12e-01	0.00e+00	0.00e+00	0.00e+00	1.16e-12	1.35e-19	8.20e-54
 1.37309e+23	4.04e-21	1.34e-12	3.23e-09	8.06e-07	1.58e-03	8.88e-02	9.10e-01	0.00e+00	0.00e+00	0.00e+00	1.34e-12	1.56e-19	1.20e-53
 1.37874e+23	5.18e-21	1.64e-12	3.79e-09	8.99e-07	1.69e-03	9.17e-02	9.07e-01	0.00e+00	0.00e+00	0.00e+00	1.64e-12	1.91e-19	2.04e-53
 1.38451e+23	6.24e-21	1.90e-12	4.26e-09	9.75e-07	1.78e-03	9.39e-02	9.04e-01	0.00e+00	0.00e+00	0.00e+00	1.90e-12	2.21e-19	3.02e-53
 1.39041e+23	8.03e-21	2.32e-12	4.99e-09	1.09e-06	1.90e-03	9.70e-02	9.01e-01	0.00e+00	0.00e+00	0.00e+00	2.32e-12	2.71e-19	5.13e-53
 1.39643e+23	9.70e-21	2.70e-12	5.63e-09	1.18e-06	2.01e-03	9.94e-02	8.99e-01	0.00e+00	0.00e+00	0.00e+00	2.70e-12	3.15e-19	7.64e-53
 1.40259e+23	1.25e-20	3.31e-12	6.61e-09	1.32e-06	2.15e-03	1.03e-01	8.95e-01	0.00e+00	0.00e+00	0.00e+00	3.31e-12	3.86e-19	1.30e-52
 1.40887e+23	1.51e-20	3.85e-12	7.46e-09	1.44e-06	2.27e-03	1.05e-01	8.92e-01	0.00e+00	0.00e+00	0.00e+00	3.85e-12	4.50e-19	1.95e-52
 1.41529e+23	4.37e-21	4.72e-12	8.77e-09	1.61e-06	2.44e-03	1.09e-01	8.89e-01	0.00e+00	0.00e+00	0.00e+00	4.72e-12	5.52e-19	3.31e-52
 1.42157e+23	5.18e-21	5.39e-12	9.75e-09	1.74e-06	2.56e-03	1.11e-01	8.86e-01	0.00e+00	0.00e+00	0.00e+00	5.39e-12	6.30e-19	4.71e-52
 1.42766e+23	6.64e-21	6.55e-12	1.14e-08	1.93e-06	2.74e-03	1.15e-01	8.82e-01	0.00e+00	0.00e+00	0.00e+00	6.55e-12	7.66e-19	7.84e-52
 1.43385e+23	7.87e-21	7.48e-12	1.27e-08	2.09e-06	2.87e-03	1.17e-01	8.80e-01	0.00e+00	0.00e+00	0.00e+00	7.48e-12	8.75e-19	1.12e-51
 1.44016e+23	1.00e-20	9.02e-12	1.47e-08	2.32e-06	3.07e-03	1.21e-01	8.76e-01	0.00e+00	0.00e+00	0.00e+00	9.02e-12	1.06e-18	1.83e-51
 1.44666e+23	1.21e-20	1.05e-11	1.65e-08	2.52e-06	3.23e-03	1.24e-01	8.73e-01	0.00e+00	0.00e+00	0.00e+00	1.05e-11	1.23e-18	2.71e-51
 1.45341e+23	1.54e-20	1.26e-11	1.92e-08	2.80e-06	3.45e-03	1.28e-01	8.69e-01	0.00e+00	0.00e+00	0.00e+00	1.26e-11	1.48e-18	4.43e-51
 1.46039e+23	1.89e-20	1.48e-11	2.17e-08	3.06e-06	3.65e-03	1.31e-01	8.65e-01	0.00e+00	0.00e+00	0.00e+00	1.48e-11	1.73e-18	6.72e-51
 1.46765e+23	2.42e-20	1.79e-11	2.53e-08	3.41e-06	3.91e-03	1.36e-01	8.61e-01	0.00e+00	0.00e+00	0.00e+00	1.79e-11	2.10e-18	1.12e-50
 1.47511e+23	2.98e-20	2.10e-11	2.88e-08	3.73e-06	4.15e-03	1.39e-01	8.57e-01	0.00e+00	0.00e+00	0.00e+00	2.10e-11	2.46e-18	1.72e-50
 1.48281e+23	3.85e-20	2.56e-11	3.38e-08	4.18e-06	4.45e-03	1.44e-01	8.52e-01	0.00e+00	0.00e+00	0.00e+00	2.56e-11	3.00e-18	2.90e-50
 1.49077e+23	4.79e-20	3.02e-11	3.86e-08	4.60e-06	4.73e-03	1.48e-01	8.47e-01	0.00e+00	0.00e+00	0.00e+00	3.02e-11	3.55e-18	4.52e-50
 1.49905e+23	6.25e-20	3.71e-11	4.55e-08	5.17e-06	5.10e-03	1.53e-01	8.42e-01	0.00e+00	0.00e+00	0.00e+00	3.71e-11	4.37e-18	7.82e-50
 1.50759e+23	7.86e-20	4.42e-11	5.23e-08	5.71e-06	5.43e-03	1.57e-01	8.37e-01	0.00e+00	0.00e+00	0.00e+00	4.42e-11	5.20e-18	1.24e-49
 1.51528e+23	9.71e-20	5.19e-11	5.95e-08	6.27e-06	5.76e-03	1.62e-01	8.33e-01	0.00e+00	0.00e+00	0.00e+00	5.19e-11	6.12e-18	1.92e-49
 1.52411e+23	1.30e-19	6.51e-11	7.13e-08	7.13e-06	6.25e-03	1.67e-01	8.26e-01	0.00e+00	0.00e+00	0.00e+00	6.51e-11	7.68e-18	3.48e-49
 1.53300e+23	1.61e-19	7.64e-11	8.12e-08	7.82e-06	6.63e-03	1.72e-01	8.21e-01	0.00e+00	0.00e+00	0.00e+00	7.64e-11	9.03e-18	5.37e-49
 1.54198e+23	2.14e-19	9.53e-11	9.69e-08	8.87e-06	7.18e-03	1.78e-01	8.15e-01	0.00e+00	0.00e+00	0.00e+00	9.53e-11	1.13e-17	9.63e-49
 1.55116e+23	2.70e-19	1.14e-10	1.12e-07	9.82e-06	7.65e-03	1.83e-01	8.09e-01	0.00e+00	0.00e+00	0.00e+00	1.14e-10	1.35e-17	1.54e-48
 1.56058e+23	3.62e-19	1.42e-10	1.34e-07	1.12e-05	8.30e-03	1.90e-01	8.02e-01	0.00e+00	0.00e+00	0.00e+00	1.42e-10	1.69e-17	2.79e-48
 1.57020e+23	4.64e-19	1.72e-10	1.56e-07	1.25e-05	8.89e-03	1.96e-01	7.95e-01	0.00e+00	0.00e+00	0.00e+00	1.72e-10	2.04e-17	4.59e-48
 1.57876e+23	5.90e-19	2.07e-10	1.80e-07	1.38e-05	9.50e-03	2.02e-01	7.89e-01	0.00e+00	0.00e+00	0.00e+00	2.07e-10	2.46e-17	7.46e-48
 1.58857e+23	8.09e-19	2.64e-10	2.19e-07	1.59e-05	1.04e-02	2.09e-01	7.80e-01	0.00e+00	0.00e+00	0.00e+00	2.64e-10	3.14e-17	1.41e-47
 1.59788e+23	9.93e-19	3.09e-10	2.49e-07	1.74e-05	1.10e-02	2.14e-01	7.75e-01	0.00e+00	0.00e+00	0.00e+00	3.09e-10	3.68e-17	2.13e-47
 1.60656e+23	1.33e-18	3.87e-10	2.99e-07	1.98e-05	1.19e-02	2.22e-01	7.66e-01	0.00e+00	0.00e+00	0.00e+00	3.87e-10	4.63e-17	3.80e-47
 1.61526e+23	1.64e-18	4.55e-10	3.40e-07	2.17e-05	1.26e-02	2.28e-01	7.60e-01	0.00e+00	0.00e+00	0.00e+00	4.55e-10	5.44e-17	5.80e-47
 1.62397e+23	2.17e-18	5.67e-10	4.05e-07	2.46e-05	1.36e-02	2.35e-01	7.51e-01	0.00e+00	0.00e+00	0.00e+00	5.67e-10	6.79e-17	1.02e-46
 1.63289e+23	2.74e-18	6.79e-10	4.69e-07	2.73e-05	1.45e-02	2.42e-01	7.44e-01	0.00e+00	0.00e+00	0.00e+00	6.79e-10	8.15e-17	1.61e-46
 1.64207e+23	3.73e-18	8.63e-10	5.68e-07	3.13e-05	1.58e-02	2.50e-01	7.34e-01	0.00e+00	0.00e+00	0.00e+00	8.63e-10	1.04e-16	2.95e-46
 1.65131e+23	4.70e-18	1.03e-09	6.57e-07	3.47e-05	1.68e-02	2.57e-01	7.26e-01	0.00e+00	0.00e+00	0.00e+00	1.03e-09	1.24e-16	4.66e-46
 1.66061e+23	6.40e-18	1.32e-09	7.98e-07	3.99e-05	1.83e-02	2.66e-01	7.16e-01	0.00e+00	0.00e+00	0.00e+00	1.32e-09	1.59e-16	8.53e-46
 1.67009e+23	8.19e-18	1.60e-09	9.33e-07	4.46e-05	1.96e-02	2.74e-01	7.07e-01	0.00e+00	0.00e+00	0.00e+00	1.60e-09	1.93e-16	1.38e-45
 1.67981e+23	1.13e-17	2.07e-09	1.15e-06	5.17e-05	2.15e-02	2.84e-01	6.95e-01	0.00e+00	0.00e+00	0.00e+00	2.07e-09	2.50e-16	2.60e-45
 1.68971e+23	1.47e-17	2.54e-09	1.35e-06	5.81e-05	2.31e-02	2.92e-01	6.85e-01	0.00e+00	0.00e+00	0.00e+00	2.54e-09	3.08e-16	4.30e-45
 1.69986e+23	2.07e-17	3.32e-09	1.68e-06	6.79e-05	2.54e-02	3.03e-01	6.72e-01	0.00e+00	0.00e+00	0.00e+00	3.32e-09	4.04e-16	8.25e-45
 1.71013e+23	2.70e-17	4.10e-09	2.00e-06	7.68e-05	2.74e-02	3.12e-01	6.61e-01	0.00e+00	0.00e+00	0.00e+00	4.10e-09	5.01e-16	1.37e-44
 1.71879e+23	3.45e-17	4.98e-09	2.34e-06	8.60e-05	2.93e-02	3.20e-01	6.51e-01	0.00e+00	0.00e+00	0.00e+00	4.98e-09	6.09e-16	2.18e-44
 1.72824e+23	4.72e-17	6.39e-09	2.87e-06	9.94e-05	3.20e-02	3.31e-01	6.37e-01	4.72e-17	7.03e-23	1.68e-23	6.39e-09	7.84e-16	3.93e-44
 1.73773e+23	6.04e-17	7.77e-09	3.36e-06	1.12e-04	3.43e-02	3.39e-01	6.26e-01	6.04e-17	1.99e-21	3.12e-22	7.77e-09	9.56e-16	6.22e-44
 1.74701e+23	8.14e-17	9.84e-09	4.08e-06	1.28e-04	3.73e-02	3.50e-01	6.13e-01	8.14e-17	2.69e-21	4.21e-22	9.84e-09	1.22e-15	1.08e-43
 1.75647e+23	1.05e-16	1.20e-08	4.81e-06	1.45e-04	4.01e-02	3.59e-01	6.01e-01	1.05e-16	3.47e-21	5.44e-22	1.20e-08	1.49e-15	1.71e-43
 1.76576e+23	1.39e-16	1.51e-08	5.81e-06	1.66e-04	4.34e-02	3.69e-01	5.87e-01	1.39e-16	4.61e-21	7.23e-22	1.51e-08	1.88e-15	2.87e-43
 1.77524e+23	1.81e-16	1.86e-08	6.89e-06	1.88e-04	4.68e-02	3.79e-01	5.74e-01	1.81e-16	5.98e-21	9.39e-22	1.86e-08	2.31e-15	4.58e-43
 1.78457e+23	2.36e-16	2.30e-08	8.23e-06	2.14e-04	5.05e-02	3.89e-01	5.60e-01	2.36e-16	7.83e-21	1.23e-21	2.30e-08	2.88e-15	7.38e-43
 1.79399e+23	3.06e-16	2.82e-08	9.77e-06	2.42e-04	5.44e-02	3.98e-01	5.47e-01	3.06e-16	1.02e-20	1.60e-21	2.82e-08	3.55e-15	1.16e-42
 1.80329e+23	3.95e-16	3.45e-08	1.16e-05	2.75e-04	5.86e-02	4.08e-01	5.33e-01	3.95e-16	1.31e-20	2.07e-21	3.45e-08	4.36e-15	1.81e-42
 1.81258e+23	5.08e-16	4.21e-08	1.37e-05	3.11e-04	6.29e-02	4.17e-01	5.19e-01	5.08e-16	1.69e-20	2.66e-21	4.21e-08	5.34e-15	2.79e-42
 1.82187e+23	6.52e-16	5.11e-08	1.62e-05	3.52e-04	6.76e-02	4.26e-01	5.06e-01	6.52e-16	2.17e-20	3.43e-21	5.11e-08	6.52e-15	4.25e-42
 1.83120e+23	8.34e-16	6.19e-08	1.91e-05	3.98e-04	7.26e-02	4.35e-01	4.92e-01	8.34e-16	2.78e-20	4.39e-21	6.19e-08	7.93e-15	6.40e-42
 1.84056e+23	1.07e-15	7.47e-08	2.24e-05	4.49e-04	7.78e-02	4.44e-01	4.77e-01	1.07e-15	3.56e-20	5.62e-21	7.47e-08	9.62e-15	9.56e-42
 1.85000e+23	1.36e-15	9.00e-08	2.63e-05	5.07e-04	8.34e-02	4.53e-01	4.63e-01	1.36e-15	4.54e-20	7.18e-21	9.00e-08	1.16e-14	1.41e-41
 1.85954e+23	1.73e-15	1.08e-07	3.09e-05	5.72e-04	8.93e-02	4.61e-01	4.49e-01	1.73e-15	5.80e-20	9.17e-21	1.08e-07	1.41e-14	2.08e-41
 1.86914e+23	2.20e-15	1.29e-07	3.62e-05	6.44e-04	9.55e-02	4.69e-01	4.35e-01	2.20e-15	7.38e-20	1.17e-20	1.29e-07	1.69e-14	3.02e-41
 1.87888e+23	2.81e-15	1.55e-07	4.24e-05	7.27e-04	1.02e-01	4.77e-01	4.20e-01	2.81e-15	9.43e-20	1.50e-20	1.55e-07	2.04e-14	4.38e-41
 1.88872e+23	3.56e-15	1.84e-07	4.95e-05	8.17e-04	1.09e-01	4.84e-01	4.06e-01	3.56e-15	1.20e-19	1.90e-20	1.84e-07	2.43e-14	6.26e-41
 1.89877e+23	4.57e-15	2.19e-07	5.80e-05	9.22e-04	1.17e-01	4.91e-01	3.91e-01	4.57e-15	1.54e-19	2.45e-20	2.19e-07	2.93e-14	9.01e-41
 1.90899e+23	5.82e-15	2.60e-07	6.76e-05	1.04e-03	1.24e-01	4.98e-01	3.77e-01	5.82e-15	1.97e-19	3.13e-20	2.60e-07	3.49e-14	1.28e-40
 1.91834e+23	7.15e-15	2.99e-07	7.67e-05	1.14e-03	1.31e-01	5.03e-01	3.65e-01	7.15e-15	2.42e-19	3.85e-20	2.99e-07	4.04e-14	1.70e-40
 1.92811e+23	9.25e-15	3.56e-07	9.00e-05	1.29e-03	1.40e-01	5.09e-01	3.50e-01	9.25e-15	3.14e-19	5.01e-20	3.56e-07	4.84e-14	2.43e-40
 1.93804e+23	1.15e-14	4.09e-07	1.02e-04	1.42e-03	1.48e-01	5.13e-01	3.38e-01	1.15e-14	3.89e-19	6.21e-20	4.09e-07	5.59e-14	3.23e-40
 1.94828e+23	1.51e-14	4.86e-07	1.20e-04	1.61e-03	1.58e-01	5.18e-01	3.23e-01	1.51e-14	5.13e-19	8.20e-20	4.86e-07	6.71e-14	4.62e-40
 1.95856e+23	2.11e-14	5.55e-07	1.35e-04	1.77e-03	1.66e-01	5.21e-01	3.11e-01	2.11e-14	7.20e-19	1.15e-19	5.55e-07	7.70e-14	6.08e-40
 1.96888e+23	4.08e-12	6.55e-07	1.58e-04	2.00e-03	1.77e-01	5.25e-01	2.97e-01	4.08e-12	1.40e-16	2.24e-17	6.55e-07	9.18e-14	1.67e-39
 1.97924e+23	1.20e-11	7.43e-07	1.78e-04	2.19e-03	1.85e-01	5.27e-01	2.86e-01	1.20e-11	4.13e-16	6.63e-17	7.43e-07	1.05e-13	3.80e-39
 1.98965e+23	1.62e-11	8.71e-07	2.06e-04	2.46e-03	1.96e-01	5.29e-01	2.72e-01	1.62e-11	5.58e-16	8.97e-17	8.71e-07	1.24e-13	5.64e-39
 2.00016e+23	2.01e-11	9.85e-07	2.32e-04	2.69e-03	2.06e-01	5.31e-01	2.61e-01	2.01e-11	6.92e-16	1.11e-16	9.85e-07	1.41e-13	7.63e-39
 2.01082e+23	2.57e-11	1.15e-06	2.68e-04	3.02e-03	2.18e-01	5.32e-01	2.47e-01	2.57e-11	8.88e-16	1.43e-16	1.15e-06	1.67e-13	1.09e-38
 2.02162e+23	3.09e-11	1.30e-06	3.01e-04	3.30e-03	2.28e-01	5.32e-01	2.37e-01	3.09e-11	1.07e-15	1.73e-16	1.30e-06	1.89e-13	1.45e-38
 2.03260e+23	3.85e-11	1.51e-06	3.48e-04	3.70e-03	2.41e-01	5.31e-01	2.24e-01	3.85e-11	1.34e-15	2.17e-16	1.51e-06	2.23e-13	2.04e-38
 2.04378e+23	4.56e-11	1.70e-06	3.90e-04	4.04e-03	2.51e-01	5.30e-01	2.14e-01	4.56e-11	1.59e-15	2.58e-16	1.70e-06	2.54e-13	2.68e-38
 2.05523e+23	5.59e-11	1.98e-06	4.51e-04	4.53e-03	2.65e-01	5.28e-01	2.01e-01	5.59e-11	1.96e-15	3.18e-16	1.98e-06	2.99e-13	3.74e-38
 2.06693e+23	6.56e-11	2.23e-06	5.06e-04	4.95e-03	2.77e-01	5.26e-01	1.91e-01	6.56e-11	2.31e-15	3.76e-16	2.23e-06	3.40e-13	4.94e-38
 2.07897e+23	7.96e-11	2.60e-06	5.86e-04	5.56e-03	2.92e-01	5.23e-01	1.79e-01	7.96e-11	2.81e-15	4.59e-16	2.60e-06	4.01e-13	6.90e-38
 2.09126e+23	9.29e-11	2.93e-06	6.57e-04	6.08e-03	3.04e-01	5.19e-01	1.70e-01	9.29e-11	3.30e-15	5.39e-16	2.93e-06	4.58e-13	9.16e-38
 2.10161e+23	1.06e-10	3.26e-06	7.26e-04	6.58e-03	3.15e-01	5.16e-01	1.62e-01	1.06e-10	3.77e-15	6.16e-16	3.26e-06	5.13e-13	1.16e-37
 2.11281e+23	1.24e-10	3.72e-06	8.26e-04	7.27e-03	3.30e-01	5.10e-01	1.52e-01	1.24e-10	4.45e-15	7.29e-16	3.72e-06	5.94e-13	1.58e-37
 2.12371e+23	1.39e-10	4.09e-06	9.05e-04	7.81e-03	3.40e-01	5.06e-01	1.45e-01	1.39e-10	5.01e-15	8.23e-16	4.09e-06	6.60e-13	1.98e-37
 2.13422e+23	1.60e-10	4.60e-06	1.02e-03	8.57e-03	3.54e-01	5.00e-01	1.36e-01	1.60e-10	5.79e-15	9.52e-16	4.60e-06	7.53e-13	2.59e-37
 2.14484e+23	1.80e-10	5.06e-06	1.11e-03	9.17e-03	3.65e-01	4.96e-01	1.29e-01	1.80e-10	6.52e-15	1.07e-15	5.06e-06	8.38e-13	3.29e-37
 2.15560e+23	2.06e-10	5.70e-06	1.25e-03	1.00e-02	3.79e-01	4.89e-01	1.21e-01	2.06e-10	7.51e-15	1.24e-15	5.70e-06	9.56e-13	4.35e-37
 2.16651e+23	2.31e-10	6.27e-06	1.37e-03	1.08e-02	3.90e-01	4.83e-01	1.15e-01	2.31e-10	8.44e-15	1.40e-15	6.27e-06	1.06e-12	5.54e-37
 2.17763e+23	2.64e-10	7.05e-06	1.53e-03	1.18e-02	4.04e-01	4.75e-01	1.07e-01	2.64e-10	9.72e-15	1.61e-15	7.05e-06	1.22e-12	7.40e-37
 2.18891e+23	2.96e-10	7.77e-06	1.68e-03	1.26e-02	4.15e-01	4.69e-01	1.02e-01	2.96e-10	1.09e-14	1.82e-15	7.77e-06	1.36e-12	9.57e-37
 2.20040e+23	3.37e-10	8.74e-06	1.88e-03	1.38e-02	4.30e-01	4.59e-01	9.46e-02	3.37e-10	1.26e-14	2.09e-15	8.74e-06	1.55e-12	1.28e-36
 2.21206e+23	3.78e-10	9.64e-06	2.06e-03	1.48e-02	4.41e-01	4.52e-01	8.94e-02	3.78e-10	1.41e-14	2.36e-15	9.64e-06	1.74e-12	1.67e-36
 2.22394e+23	4.31e-10	1.08e-05	2.31e-03	1.62e-02	4.57e-01	4.42e-01	8.27e-02	4.31e-10	1.62e-14	2.72e-15	1.08e-05	1.99e-12	2.28e-36
 2.23611e+23	4.84e-10	1.20e-05	2.53e-03	1.73e-02	4.68e-01	4.34e-01	7.77e-02	4.84e-10	1.84e-14	3.09e-15	1.20e-05	2.24e-12	3.02e-36
 2.24865e+23	5.53e-10	1.35e-05	2.85e-03	1.90e-02	4.84e-01	4.23e-01	7.15e-02	5.53e-10	2.11e-14	3.57e-15	1.35e-05	2.58e-12	4.21e-36
 2.26153e+23	6.22e-10	1.50e-05	3.13e-03	2.04e-02	4.96e-01	4.14e-01	6.68e-02	6.22e-10	2.39e-14	4.05e-15	1.50e-05	2.91e-12	5.65e-36
 2.27483e+23	7.17e-10	1.71e-05	3.53e-03	2.23e-02	5.11e-01	4.02e-01	6.11e-02	7.16e-10	2.78e-14	4.72e-15	1.71e-05	3.38e-12	8.14e-36
 2.28828e+23	8.08e-10	1.90e-05	3.88e-03	2.39e-02	5.23e-01	3.92e-01	5.69e-02	8.07e-10	3.16e-14	5.37e-15	1.90e-05	3.83e-12	1.11e-35
 2.30194e+23	7.01e-10	2.15e-05	4.37e-03	2.62e-02	5.38e-01	3.79e-01	5.17e-02	7.01e-10	2.77e-14	4.73e-15	2.15e-05	4.46e-12	1.36e-35
 2.31576e+23	8.01e-10	2.39e-05	4.80e-03	2.81e-02	5.50e-01	3.69e-01	4.81e-02	8.01e-10	3.19e-14	5.47e-15	2.39e-05	5.06e-12	1.89e-35
 2.32977e+23	9.42e-10	2.72e-05	5.40e-03	3.07e-02	5.65e-01	3.56e-01	4.35e-02	9.42e-10	3.79e-14	6.53e-15	2.72e-05	5.91e-12	2.84e-35
 2.34401e+23	1.08e-09	3.03e-05	5.94e-03	3.29e-02	5.76e-01	3.45e-01	4.03e-02	1.08e-09	4.41e-14	7.61e-15	3.03e-05	6.72e-12	4.04e-35
 2.35657e+23	1.23e-09	3.36e-05	6.50e-03	3.52e-02	5.86e-01	3.35e-01	3.72e-02	1.23e-09	5.05e-14	8.74e-15	3.36e-05	7.60e-12	5.60e-35
 2.37090e+23	1.45e-09	3.83e-05	7.30e-03	3.83e-02	5.99e-01	3.21e-01	3.35e-02	1.45e-09	6.03e-14	1.05e-14	3.83e-05	8.93e-12	8.64e-35
 2.38552e+23	1.64e-09	4.25e-05	8.02e-03	4.10e-02	6.10e-01	3.10e-01	3.07e-02	1.64e-09	6.91e-14	1.20e-14	4.25e-05	1.01e-11	1.22e-34
 2.39738e+23	1.84e-09	4.66e-05	8.68e-03	4.34e-02	6.18e-01	3.01e-01	2.86e-02	1.84e-09	7.80e-14	1.37e-14	4.66e-05	1.14e-11	1.66e-34
 2.40967e+23	2.11e-09	5.20e-05	9.52e-03	4.63e-02	6.27e-01	2.90e-01	2.62e-02	2.11e-09	9.04e-14	1.59e-14	5.20e-05	1.30e-11	2.40e-34
 2.42260e+23	2.37e-09	5.72e-05	1.03e-02	4.91e-02	6.36e-01	2.81e-01	2.42e-02	2.37e-09	1.03e-13	1.81e-14	5.72e-05	1.46e-11	3.33e-34
 2.43448e+23	2.66e-09	6.29e-05	1.12e-02	5.20e-02	6.43e-01	2.71e-01	2.24e-02	2.66e-09	1.16e-13	2.06e-14	6.29e-05	1.65e-11	4.59e-34
 2.44803e+23	3.07e-09	7.09e-05	1.24e-02	5.57e-02	6.52e-01	2.60e-01	2.02e-02	3.07e-09	1.37e-13	2.42e-14	7.09e-05	1.91e-11	6.94e-34
 2.46194e+23	3.46e-09	7.84e-05	1.35e-02	5.93e-02	6.59e-01	2.50e-01	1.85e-02	3.46e-09	1.56e-13	2.77e-14	7.84e-05	2.17e-11	9.84e-34
 2.47416e+23	3.89e-09	8.63e-05	1.46e-02	6.26e-02	6.65e-01	2.41e-01	1.70e-02	3.89e-09	1.77e-13	3.16e-14	8.63e-05	2.45e-11	1.37e-33
 2.48787e+23	4.49e-09	9.74e-05	1.61e-02	6.69e-02	6.72e-01	2.29e-01	1.54e-02	4.49e-09	2.08e-13	3.73e-14	9.74e-05	2.85e-11	2.09e-33
 2.50225e+23	5.07e-09	1.08e-04	1.75e-02	7.11e-02	6.78e-01	2.19e-01	1.39e-02	5.07e-09	2.38e-13	4.28e-14	1.08e-04	3.26e-11	3.04e-33
 2.51526e+23	5.72e-09	1.20e-04	1.90e-02	7.51e-02	6.83e-01	2.10e-01	1.27e-02	5.72e-09	2.72e-13	4.92e-14	1.20e-04	3.71e-11	4.33e-33
 2.52994e+23	6.67e-09	1.36e-04	2.10e-02	8.03e-02	6.88e-01	1.99e-01	1.13e-02	6.67e-09	3.23e-13	5.87e-14	1.36e-04	4.37e-11	6.83e-33
 2.54511e+23	7.55e-09	1.52e-04	2.29e-02	8.53e-02	6.92e-01	1.89e-01	1.02e-02	7.55e-09	3.71e-13	6.77e-14	1.52e-04	5.02e-11	1.01e-32
 2.55861e+23	8.55e-09	1.68e-04	2.49e-02	9.00e-02	6.95e-01	1.81e-01	9.27e-03	8.55e-09	4.27e-13	7.82e-14	1.68e-04	5.75e-11	1.46e-32
 2.57388e+23	1.00e-08	1.92e-04	2.75e-02	9.62e-02	6.98e-01	1.70e-01	8.20e-03	1.00e-08	5.10e-13	9.39e-14	1.92e-04	6.82e-11	2.35e-32
 2.58977e+23	1.15e-08	2.16e-04	3.01e-02	1.02e-01	6.99e-01	1.61e-01	7.32e-03	1.15e-08	5.94e-13	1.10e-13	2.16e-04	7.93e-11	3.57e-32
 2.60408e+23	1.30e-08	2.41e-04	3.27e-02	1.08e-01	7.00e-01	1.53e-01	6.58e-03	1.30e-08	6.87e-13	1.28e-13	2.41e-04	9.15e-11	5.30e-32
 2.62031e+23	1.54e-08	2.77e-04	3.64e-02	1.15e-01	7.00e-01	1.42e-01	5.73e-03	1.54e-08	8.31e-13	1.55e-13	2.77e-04	1.10e-10	8.82e-32
 2.63701e+23	1.76e-08	3.12e-04	3.97e-02	1.22e-01	6.99e-01	1.34e-01	5.08e-03	1.76e-08	9.73e-13	1.82e-13	3.12e-04	1.29e-10	1.35e-31
 2.65201e+23	2.01e-08	3.50e-04	4.32e-02	1.28e-01	6.98e-01	1.26e-01	4.52e-03	2.01e-08	1.14e-12	2.14e-13	3.50e-04	1.50e-10	2.06e-31
 2.66922e+23	2.40e-08	4.06e-04	4.82e-02	1.37e-01	6.94e-01	1.16e-01	3.87e-03	2.40e-08	1.39e-12	2.63e-13	4.06e-04	1.82e-10	3.54e-31
 2.68660e+23	2.74e-08	4.57e-04	5.25e-02	1.45e-01	6.90e-01	1.09e-01	3.41e-03	2.74e-08	1.62e-12	3.09e-13	4.57e-04	2.14e-10	5.44e-31
 2.70420e+23	3.28e-08	5.32e-04	5.84e-02	1.54e-01	6.84e-01	9.98e-02	2.91e-03	3.28e-08	2.01e-12	3.84e-13	5.32e-04	2.62e-10	9.44e-31
 2.72209e+23	3.79e-08	6.02e-04	6.37e-02	1.62e-01	6.78e-01	9.28e-02	2.54e-03	3.79e-08	2.38e-12	4.57e-13	6.02e-04	3.09e-10	1.48e-30
 2.73795e+23	4.36e-08	6.79e-04	6.93e-02	1.71e-01	6.71e-01	8.62e-02	2.22e-03	4.36e-08	2.80e-12	5.40e-13	6.79e-04	3.63e-10	2.31e-30
 2.75619e+23	5.25e-08	7.93e-04	7.70e-02	1.81e-01	6.61e-01	7.84e-02	1.87e-03	5.25e-08	3.48e-12	6.76e-13	7.93e-04	4.47e-10	4.07e-30
 2.77479e+23	6.11e-08	9.02e-04	8.40e-02	1.90e-01	6.51e-01	7.22e-02	1.61e-03	6.11e-08	4.16e-12	8.10e-13	9.02e-04	5.31e-10	6.49e-30
 2.79136e+23	7.07e-08	1.02e-03	9.14e-02	1.99e-01	6.41e-01	6.64e-02	1.39e-03	7.07e-08	4.95e-12	9.68e-13	1.02e-03	6.29e-10	1.03e-29
 2.81040e+23	8.61e-08	1.20e-03	1.02e-01	2.10e-01	6.26e-01	5.96e-02	1.15e-03	8.61e-08	6.25e-12	1.23e-12	1.20e-03	7.84e-10	1.86e-29
 2.82975e+23	1.01e-07	1.37e-03	1.11e-01	2.20e-01	6.13e-01	5.44e-02	9.78e-04	1.01e-07	7.54e-12	1.49e-12	1.37e-03	9.36e-10	2.99e-29
 2.84950e+23	1.23e-07	1.62e-03	1.23e-01	2.31e-01	5.95e-01	4.82e-02	7.94e-04	1.23e-07	9.61e-12	1.91e-12	1.62e-03	1.18e-09	5.51e-29
 2.86884e+23	1.44e-07	1.84e-03	1.33e-01	2.40e-01	5.80e-01	4.40e-02	6.79e-04	1.44e-07	1.15e-11	2.29e-12	1.84e-03	1.39e-09	8.63e-29
 2.88497e+23	1.66e-07	2.07e-03	1.43e-01	2.48e-01	5.66e-01	4.02e-02	5.82e-04	1.66e-07	1.37e-11	2.74e-12	2.07e-03	1.64e-09	1.33e-28
 2.90060e+23	1.92e-07	2.32e-03	1.54e-01	2.55e-01	5.51e-01	3.68e-02	5.02e-04	1.92e-07	1.63e-11	3.27e-12	2.32e-03	1.91e-09	2.01e-28
 2.91826e+23	2.30e-07	2.68e-03	1.68e-01	2.65e-01	5.31e-01	3.26e-02	4.11e-04	2.30e-07	2.03e-11	4.08e-12	2.68e-03	2.34e-09	3.44e-28
 2.93571e+23	2.64e-07	2.99e-03	1.80e-01	2.72e-01	5.15e-01	2.97e-02	3.53e-04	2.64e-07	2.40e-11	4.85e-12	2.99e-03	2.73e-09	5.16e-28
 2.95289e+23	3.15e-07	3.44e-03	1.95e-01	2.80e-01	4.95e-01	2.63e-02	2.90e-04	3.15e-07	2.98e-11	6.04e-12	3.44e-03	3.31e-09	8.62e-28
 2.97054e+23	3.66e-07	3.86e-03	2.09e-01	2.87e-01	4.77e-01	2.37e-02	2.45e-04	3.66e-07	3.57e-11	7.26e-12	3.86e-03	3.89e-09	1.32e-27
 2.98878e+23	4.42e-07	4.47e-03	2.27e-01	2.94e-01	4.54e-01	2.07e-02	1.97e-04	4.42e-07	4.50e-11	9.18e-12	4.47e-03	4.77e-09	2.26e-27
 3.00720e+23	5.14e-07	5.02e-03	2.42e-01	2.99e-01	4.35e-01	1.85e-02	1.65e-04	5.14e-07	5.42e-11	1.11e-11	5.02e-03	5.62e-09	3.48e-27
 3.02333e+23	5.97e-07	5.61e-03	2.58e-01	3.04e-01	4.16e-01	1.66e-02	1.38e-04	5.97e-07	6.50e-11	1.33e-11	5.61e-03	6.58e-09	5.29e-27
 3.04179e+23	7.21e-07	6.47e-03	2.79e-01	3.08e-01	3.92e-01	1.43e-02	1.09e-04	7.21e-07	8.22e-11	1.69e-11	6.47e-03	8.05e-09	9.03e-27
 3.05970e+23	8.30e-07	7.18e-03	2.95e-01	3.11e-01	3.74e-01	1.28e-02	9.18e-05	8.30e-07	9.77e-11	2.02e-11	7.18e-03	9.33e-09	1.34e-26
 3.07394e+23	9.42e-07	7.88e-03	3.10e-01	3.13e-01	3.58e-01	1.15e-02	7.82e-05	9.42e-07	1.14e-10	2.36e-11	7.88e-03	1.07e-08	1.90e-26
 3.08319e+23	9.95e-07	8.17e-03	3.15e-01	3.13e-01	3.52e-01	1.11e-02	7.34e-05	9.95e-07	1.22e-10	2.52e-11	8.17e-03	1.12e-08	2.18e-26
