#depth	H	H+	H2
 7.17672e+20	7.85e-04	9.99e-01	1.77e-19
 2.99839e+21	8.63e-04	9.99e-01	2.05e-19
 6.19613e+21	9.52e-04	9.99e-01	4.35e-19
 9.49251e+21	1.05e-03	9.99e-01	9.54e-19
 1.19499e+22	1.10e-03	9.99e-01	1.35e-18
 1.37801e+22	1.17e-03	9.99e-01	2.19e-18
 1.57129e+22	1.23e-03	9.99e-01	3.68e-18
 1.75009e+22	1.30e-03	9.99e-01	5.87e-18
 1.95470e+22	1.39e-03	9.99e-01	1.23e-17
 2.16155e+22	1.46e-03	9.99e-01	3.06e-17
 2.37130e+22	1.56e-03	9.98e-01	5.99e-17
 2.58471e+22	1.65e-03	9.98e-01	1.17e-16
 2.80287e+22	1.77e-03	9.98e-01	2.05e-16
 3.02566e+22	1.88e-03	9.98e-01	3.28e-16
 3.25448e+22	2.02e-03	9.98e-01	5.25e-16
 3.42386e+22	2.06e-03	9.98e-01	6.61e-16
 3.50287e+22	2.10e-03	9.98e-01	7.58e-16
 3.59245e+22	2.17e-03	9.98e-01	9.03e-16
 3.70891e+22	2.25e-03	9.98e-01	1.15e-15
 3.86031e+22	2.35e-03	9.98e-01	1.47e-15
 4.02493e+22	2.46e-03	9.98e-01	1.92e-15
 4.18115e+22	2.56e-03	9.97e-01	2.37e-15
 4.35865e+22	2.71e-03	9.97e-01	3.17e-15
 4.53748e+22	2.82e-03	9.97e-01	3.96e-15
 4.71803e+22	2.98e-03	9.97e-01	5.20e-15
 4.90177e+22	3.11e-03	9.97e-01	6.40e-15
 5.08967e+22	3.29e-03	9.97e-01	8.28e-15
 5.28063e+22	3.44e-03	9.97e-01	1.01e-14
 5.47557e+22	3.64e-03	9.96e-01	1.27e-14
 5.67543e+22	3.82e-03	9.96e-01	1.57e-14
 5.88170e+22	4.05e-03	9.96e-01	1.99e-14
 6.09112e+22	4.25e-03	9.96e-01	2.42e-14
 6.30462e+22	4.53e-03	9.95e-01	3.08e-14
 6.51909e+22	4.75e-03	9.95e-01	3.74e-14
 6.73481e+22	5.07e-03	9.95e-01	4.81e-14
 6.95147e+22	5.32e-03	9.95e-01	5.85e-14
 7.16936e+22	5.68e-03	9.94e-01	7.56e-14
 7.38722e+22	5.97e-03	9.94e-01	9.23e-14
 7.60506e+22	6.40e-03	9.94e-01	1.20e-13
 7.82230e+22	6.73e-03	9.93e-01	1.47e-13
 8.03877e+22	7.24e-03	9.93e-01	1.93e-13
 8.25394e+22	7.65e-03	9.92e-01	2.38e-13
 8.46743e+22	8.26e-03	9.92e-01	3.15e-13
 8.67983e+22	8.77e-03	9.91e-01	3.93e-13
 8.89079e+22	9.52e-03	9.90e-01	5.26e-13
 9.10107e+22	1.02e-02	9.90e-01	6.67e-13
 9.31048e+22	1.12e-02	9.89e-01	9.10e-13
 9.52008e+22	1.20e-02	9.88e-01	1.18e-12
 9.70224e+22	1.31e-02	9.87e-01	1.55e-12
 9.91138e+22	1.46e-02	9.85e-01	2.19e-12
 1.01240e+23	1.62e-02	9.84e-01	3.00e-12
 1.03067e+23	1.79e-02	9.82e-01	4.08e-12
 1.04824e+23	1.99e-02	9.80e-01	5.59e-12
 1.06418e+23	2.21e-02	9.78e-01	7.49e-12
 1.07844e+23	2.46e-02	9.75e-01	9.99e-12
 1.09468e+23	2.82e-02	9.72e-01	1.46e-11
 1.11193e+23	3.29e-02	9.67e-01	2.18e-11
 1.12673e+23	3.82e-02	9.62e-01	3.17e-11
 1.13969e+23	4.44e-02	9.56e-01	4.57e-11
 1.15189e+23	5.18e-02	9.48e-01	6.61e-11
 1.16372e+23	6.14e-02	9.39e-01	9.87e-11
 1.17485e+23	7.31e-02	9.27e-01	1.47e-10
 1.18497e+23	8.74e-02	9.13e-01	2.19e-10
 1.19398e+23	1.04e-01	8.96e-01	3.20e-10
 1.20191e+23	1.23e-01	8.77e-01	4.60e-10
 1.20899e+23	1.44e-01	8.56e-01	6.45e-10
 1.21543e+23	1.67e-01	8.33e-01	8.81e-10
 1.22146e+23	1.94e-01	8.06e-01	1.19e-09
 1.22711e+23	2.24e-01	7.76e-01	1.60e-09
 1.23229e+23	2.56e-01	7.44e-01	2.08e-09
 1.23705e+23	2.89e-01	7.11e-01	2.65e-09
 1.24148e+23	3.23e-01	6.77e-01	3.29e-09
 1.24548e+23	3.56e-01	6.44e-01	3.97e-09
 1.24893e+23	3.86e-01	6.14e-01	4.61e-09
 1.25194e+23	4.13e-01	5.87e-01	5.23e-09
 1.25453e+23	4.37e-01	5.63e-01	5.78e-09
 1.25683e+23	4.58e-01	5.42e-01	6.30e-09
 1.25929e+23	4.81e-01	5.19e-01	6.86e-09
 1.26196e+23	5.05e-01	4.95e-01	7.48e-09
 1.26460e+23	5.28e-01	4.72e-01	8.07e-09
 1.26660e+23	5.44e-01	4.56e-01	8.44e-09
 1.26790e+23	5.54e-01	4.46e-01	8.71e-09
 1.26919e+23	5.65e-01	4.35e-01	8.99e-09
 1.27075e+23	5.77e-01	4.23e-01	9.32e-09
 1.27248e+23	5.91e-01	4.09e-01	9.70e-09
 1.27415e+23	6.02e-01	3.98e-01	1.00e-08
 1.27577e+23	6.14e-01	3.86e-01	1.03e-08
 1.27744e+23	6.26e-01	3.74e-01	1.06e-08
 1.27919e+23	6.37e-01	3.63e-01	1.09e-08
 1.28103e+23	6.50e-01	3.50e-01	1.13e-08
 1.28283e+23	6.61e-01	3.39e-01	1.15e-08
 1.28464e+23	6.71e-01	3.29e-01	1.18e-08
 1.28656e+23	6.82e-01	3.18e-01	1.21e-08
 1.28855e+23	6.93e-01	3.07e-01	1.24e-08
 1.29059e+23	7.04e-01	2.96e-01	1.27e-08
 1.29265e+23	7.14e-01	2.86e-01	1.29e-08
 1.29477e+23	7.24e-01	2.76e-01	1.32e-08
 1.29701e+23	7.34e-01	2.66e-01	1.35e-08
 1.29927e+23	7.44e-01	2.56e-01	1.37e-08
 1.30157e+23	7.53e-01	2.47e-01	1.39e-08
 1.30398e+23	7.62e-01	2.38e-01	1.41e-08
 1.30650e+23	7.71e-01	2.29e-01	1.44e-08
 1.30908e+23	7.80e-01	2.20e-01	1.46e-08
 1.31172e+23	7.88e-01	2.12e-01	1.48e-08
 1.31448e+23	7.96e-01	2.04e-01	1.50e-08
 1.31737e+23	8.04e-01	1.96e-01	1.52e-08
 1.32038e+23	8.11e-01	1.89e-01	1.54e-08
 1.32348e+23	8.19e-01	1.81e-01	1.56e-08
 1.32666e+23	8.26e-01	1.74e-01	1.58e-08
 1.32993e+23	8.32e-01	1.68e-01	1.60e-08
 1.33331e+23	8.38e-01	1.62e-01	1.61e-08
 1.33681e+23	8.44e-01	1.56e-01	1.64e-08
 1.34050e+23	8.50e-01	1.50e-01	1.66e-08
 1.34436e+23	8.55e-01	1.45e-01	1.68e-08
 1.34832e+23	8.60e-01	1.40e-01	1.71e-08
 1.35244e+23	8.65e-01	1.35e-01	1.74e-08
 1.35683e+23	8.70e-01	1.30e-01	1.77e-08
 1.36146e+23	8.74e-01	1.26e-01	1.81e-08
 1.36633e+23	8.78e-01	1.22e-01	1.85e-08
 1.37151e+23	8.82e-01	1.18e-01	1.90e-08
 1.37703e+23	8.86e-01	1.14e-01	1.96e-08
 1.38288e+23	8.90e-01	1.10e-01	2.02e-08
 1.38886e+23	8.94e-01	1.06e-01	2.10e-08
 1.39462e+23	8.97e-01	1.03e-01	2.17e-08
 1.40016e+23	9.00e-01	1.00e-01	2.26e-08
 1.40561e+23	9.02e-01	9.75e-02	2.34e-08
 1.41098e+23	9.05e-01	9.50e-02	2.44e-08
 1.41623e+23	9.07e-01	9.25e-02	2.53e-08
 1.42128e+23	9.10e-01	9.03e-02	2.61e-08
 1.42609e+23	9.12e-01	8.81e-02	2.70e-08
 1.43058e+23	9.14e-01	8.62e-02	2.79e-08
 1.43493e+23	9.16e-01	8.44e-02	2.88e-08
 1.43928e+23	9.17e-01	8.25e-02	2.99e-08
 1.44349e+23	9.19e-01	8.07e-02	3.10e-08
 1.44754e+23	9.21e-01	7.91e-02	3.21e-08
 1.45144e+23	9.23e-01	7.75e-02	3.34e-08
 1.45521e+23	9.24e-01	7.59e-02	3.46e-08
 1.45885e+23	9.26e-01	7.44e-02	3.59e-08
 1.46236e+23	9.27e-01	7.30e-02	3.74e-08
 1.46575e+23	9.28e-01	7.17e-02	3.89e-08
 1.46901e+23	9.30e-01	7.03e-02	4.05e-08
 1.47216e+23	9.31e-01	6.91e-02	4.22e-08
 1.47520e+23	9.32e-01	6.78e-02	4.41e-08
 1.47808e+23	9.33e-01	6.67e-02	4.60e-08
 1.48091e+23	9.34e-01	6.55e-02	4.82e-08
 1.48366e+23	9.36e-01	6.43e-02	5.04e-08
 1.48617e+23	9.37e-01	6.34e-02	5.25e-08
 1.48844e+23	9.37e-01	6.25e-02	5.46e-08
 1.49052e+23	9.38e-01	6.17e-02	5.66e-08
 1.49240e+23	9.39e-01	6.10e-02	5.85e-08
 1.49412e+23	9.40e-01	6.04e-02	6.03e-08
 1.49568e+23	9.40e-01	5.98e-02	6.20e-08
 1.49710e+23	9.41e-01	5.93e-02	6.40e-08
 1.49840e+23	9.41e-01	5.89e-02	6.53e-08
 1.49981e+23	9.42e-01	5.83e-02	6.68e-08
 1.50166e+23	9.43e-01	5.74e-02	6.93e-08
 1.50364e+23	9.43e-01	5.65e-02	7.15e-08
 1.50545e+23	9.44e-01	5.57e-02	7.35e-08
 1.50710e+23	9.45e-01	5.51e-02	7.52e-08
 1.50860e+23	9.45e-01	5.46e-02	7.68e-08
 1.50997e+23	9.46e-01	5.41e-02	7.87e-08
 1.51121e+23	9.46e-01	5.37e-02	7.94e-08
 1.51257e+23	9.47e-01	5.34e-02	8.09e-08
 1.51434e+23	9.47e-01	5.26e-02	8.22e-08
 1.51624e+23	9.48e-01	5.18e-02	8.40e-08
 1.51798e+23	9.49e-01	5.11e-02	8.52e-08
 1.51956e+23	9.49e-01	5.08e-02	8.60e-08
 1.52129e+23	9.50e-01	5.02e-02	8.71e-08
 1.52316e+23	9.50e-01	4.96e-02	8.84e-08
 1.52487e+23	9.51e-01	4.90e-02	8.92e-08
 1.52673e+23	9.52e-01	4.84e-02	9.01e-08
 1.52874e+23	9.52e-01	4.77e-02	9.10e-08
 1.53058e+23	9.53e-01	4.71e-02	9.18e-08
 1.53224e+23	9.53e-01	4.68e-02	9.24e-08
 1.53407e+23	9.54e-01	4.61e-02	9.23e-08
 1.53604e+23	9.55e-01	4.54e-02	9.29e-08
 1.53784e+23	9.55e-01	4.49e-02	9.32e-08
 1.53947e+23	9.55e-01	4.45e-02	9.34e-08
 1.54096e+23	9.56e-01	4.42e-02	9.33e-08
 1.54259e+23	9.56e-01	4.37e-02	9.32e-08
 1.54435e+23	9.57e-01	4.30e-02	9.32e-08
 1.54595e+23	9.57e-01	4.26e-02	9.32e-08
 1.54770e+23	9.58e-01	4.21e-02	9.30e-08
 1.54959e+23	9.59e-01	4.15e-02	9.29e-08
 1.55131e+23	9.59e-01	4.10e-02	9.28e-08
 1.55288e+23	9.59e-01	4.08e-02	9.28e-08
 1.55460e+23	9.60e-01	4.02e-02	9.22e-08
 1.55645e+23	9.60e-01	3.96e-02	9.19e-08
 1.55814e+23	9.61e-01	3.92e-02	9.16e-08
 1.55999e+23	9.61e-01	3.88e-02	9.12e-08
 1.56199e+23	9.62e-01	3.82e-02	9.09e-08
 1.56380e+23	9.62e-01	3.78e-02	9.06e-08
 1.56546e+23	9.63e-01	3.75e-02	9.05e-08
 1.56727e+23	9.63e-01	3.70e-02	8.97e-08
 1.56922e+23	9.63e-01	3.65e-02	8.97e-08
 1.57137e+23	9.64e-01	3.60e-02	8.92e-08
 1.57368e+23	9.65e-01	3.54e-02	8.92e-08
 1.57578e+23	9.65e-01	3.50e-02	8.87e-08
 1.57770e+23	9.65e-01	3.48e-02	8.88e-08
 1.57980e+23	9.66e-01	3.42e-02	8.79e-08
 1.58207e+23	9.66e-01	3.38e-02	8.80e-08
 1.58413e+23	9.67e-01	3.34e-02	8.76e-08
 1.58601e+23	9.67e-01	3.31e-02	8.72e-08
 1.58771e+23	9.67e-01	3.29e-02	8.70e-08
 1.58958e+23	9.68e-01	3.24e-02	8.64e-08
 1.59160e+23	9.68e-01	3.21e-02	8.66e-08
 1.59382e+23	9.68e-01	3.16e-02	8.61e-08
 1.59621e+23	9.69e-01	3.12e-02	8.62e-08
 1.59838e+23	9.69e-01	3.09e-02	8.60e-08
 1.60077e+23	9.70e-01	3.04e-02	8.54e-08
 1.60334e+23	9.70e-01	2.99e-02	8.54e-08
 1.60568e+23	9.70e-01	2.95e-02	8.49e-08
 1.60781e+23	9.71e-01	2.93e-02	8.49e-08
 1.61015e+23	9.71e-01	2.89e-02	8.44e-08
 1.61267e+23	9.72e-01	2.85e-02	8.44e-08
 1.61496e+23	9.72e-01	2.82e-02	8.42e-08
 1.61748e+23	9.72e-01	2.78e-02	8.37e-08
 1.62019e+23	9.73e-01	2.73e-02	8.37e-08
 1.62266e+23	9.73e-01	2.70e-02	8.36e-08
 1.62536e+23	9.73e-01	2.66e-02	8.31e-08
 1.62829e+23	9.74e-01	2.62e-02	8.34e-08
 1.63094e+23	9.74e-01	2.58e-02	8.32e-08
 1.63336e+23	9.74e-01	2.55e-02	8.30e-08
 1.63556e+23	9.75e-01	2.53e-02	8.30e-08
 1.63798e+23	9.75e-01	2.50e-02	8.27e-08
 1.64058e+23	9.75e-01	2.46e-02	8.29e-08
 1.64295e+23	9.76e-01	2.44e-02	8.29e-08
 1.64555e+23	9.76e-01	2.41e-02	8.26e-08
 1.64835e+23	9.76e-01	2.37e-02	8.28e-08
 1.65090e+23	9.77e-01	2.34e-02	8.28e-08
 1.65370e+23	9.77e-01	2.31e-02	8.26e-08
 1.65672e+23	9.77e-01	2.27e-02	8.27e-08
 1.65946e+23	9.78e-01	2.25e-02	8.28e-08
 1.66247e+23	9.78e-01	2.21e-02	8.26e-08
 1.66572e+23	9.78e-01	2.17e-02	8.27e-08
 1.66868e+23	9.78e-01	2.15e-02	8.27e-08
 1.67192e+23	9.79e-01	2.12e-02	8.25e-08
 1.67542e+23	9.79e-01	2.08e-02	8.26e-08
 1.67860e+23	9.79e-01	2.05e-02	8.27e-08
 1.68209e+23	9.80e-01	2.02e-02	8.25e-08
 1.68585e+23	9.80e-01	1.98e-02	8.26e-08
 1.68928e+23	9.80e-01	1.96e-02	8.26e-08
 1.69303e+23	9.81e-01	1.92e-02	8.25e-08
 1.69709e+23	9.81e-01	1.89e-02	8.27e-08
 1.70078e+23	9.81e-01	1.86e-02	8.25e-08
 1.70413e+23	9.82e-01	1.83e-02	8.26e-08
 1.70781e+23	9.82e-01	1.80e-02	8.24e-08
 1.71178e+23	9.82e-01	1.77e-02	8.25e-08
 1.71540e+23	9.83e-01	1.75e-02	8.26e-08
 1.71936e+23	9.83e-01	1.71e-02	8.24e-08
 1.72363e+23	9.83e-01	1.68e-02	8.25e-08
 1.72752e+23	9.83e-01	1.66e-02	8.26e-08
 1.73178e+23	9.84e-01	1.63e-02	8.26e-08
 1.73639e+23	9.84e-01	1.60e-02	8.27e-08
 1.74057e+23	9.84e-01	1.57e-02	8.25e-08
 1.74438e+23	9.85e-01	1.55e-02	8.26e-08
 1.74856e+23	9.85e-01	1.52e-02	8.26e-08
 1.75307e+23	9.85e-01	1.49e-02	8.27e-08
 1.75717e+23	9.85e-01	1.47e-02	8.26e-08
 1.76167e+23	9.86e-01	1.44e-02	8.27e-08
 1.76652e+23	9.86e-01	1.41e-02	8.28e-08
 1.77094e+23	9.86e-01	1.39e-02	8.27e-08
 1.77578e+23	9.86e-01	1.36e-02	8.28e-08
 1.78100e+23	9.87e-01	1.34e-02	8.29e-08
 1.78576e+23	9.87e-01	1.31e-02	8.29e-08
 1.79008e+23	9.87e-01	1.29e-02	8.30e-08
 1.79482e+23	9.87e-01	1.27e-02	8.31e-08
 1.79994e+23	9.88e-01	1.25e-02	8.31e-08
 1.80460e+23	9.88e-01	1.22e-02	8.30e-08
 1.80971e+23	9.88e-01	1.20e-02	8.33e-08
 1.81522e+23	9.88e-01	1.18e-02	8.33e-08
 1.82023e+23	9.88e-01	1.15e-02	8.32e-08
 1.82572e+23	9.89e-01	1.13e-02	8.35e-08
 1.83277e+23	9.89e-01	1.10e-02	8.35e-08
 1.84023e+23	9.89e-01	1.07e-02	8.36e-08
 1.84769e+23	9.90e-01	1.04e-02	8.37e-08
 1.85547e+23	9.90e-01	1.01e-02	8.38e-08
 1.86321e+23	9.90e-01	9.83e-03	8.39e-08
 1.87105e+23	9.90e-01	9.56e-03	8.40e-08
 1.87896e+23	9.91e-01	9.29e-03	8.41e-08
 1.88695e+23	9.91e-01	9.03e-03	8.42e-08
 1.89500e+23	9.91e-01	8.78e-03	8.43e-08
 1.90312e+23	9.91e-01	8.53e-03	8.44e-08
 1.91134e+23	9.92e-01	8.28e-03	8.46e-08
 1.91963e+23	9.92e-01	8.05e-03	8.47e-08
 1.92799e+23	9.92e-01	7.82e-03	8.48e-08
 1.93643e+23	9.92e-01	7.59e-03	8.49e-08
 1.94492e+23	9.93e-01	7.37e-03	8.51e-08
 1.95347e+23	9.93e-01	7.15e-03	8.52e-08
 1.96208e+23	9.93e-01	6.94e-03	8.54e-08
 1.97075e+23	9.93e-01	6.74e-03	8.55e-08
 1.97949e+23	9.93e-01	6.54e-03	8.57e-08
 1.98830e+23	9.94e-01	6.35e-03	8.58e-08
 1.99717e+23	9.94e-01	6.16e-03	8.60e-08
 2.00612e+23	9.94e-01	5.97e-03	8.62e-08
 2.01512e+23	9.94e-01	5.79e-03	8.64e-08
 2.02428e+23	9.94e-01	5.62e-03	8.67e-08
 2.03363e+23	9.95e-01	5.45e-03	8.69e-08
 2.04313e+23	9.95e-01	5.28e-03	8.72e-08
 2.05272e+23	9.95e-01	5.11e-03	8.75e-08
 2.06243e+23	9.95e-01	4.95e-03	8.78e-08
 2.07223e+23	9.95e-01	4.79e-03	8.81e-08
 2.08215e+23	9.95e-01	4.64e-03	8.85e-08
 2.09219e+23	9.96e-01	4.49e-03	8.89e-08
 2.10238e+23	9.96e-01	4.34e-03	8.93e-08
 2.11274e+23	9.96e-01	4.20e-03	8.98e-08
 2.12334e+23	9.96e-01	4.06e-03	9.03e-08
 2.13421e+23	9.96e-01	3.92e-03	9.09e-08
 2.14528e+23	9.96e-01	3.79e-03	9.15e-08
 2.15656e+23	9.96e-01	3.65e-03	9.22e-08
 2.16803e+23	9.96e-01	3.53e-03	9.29e-08
 2.17972e+23	9.97e-01	3.40e-03	9.37e-08
 2.19162e+23	9.97e-01	3.28e-03	9.45e-08
 2.20377e+23	9.97e-01	3.16e-03	9.55e-08
 2.21622e+23	9.97e-01	3.04e-03	9.65e-08
 2.22898e+23	9.97e-01	2.92e-03	9.76e-08
 2.24203e+23	9.97e-01	2.81e-03	9.89e-08
 2.25539e+23	9.97e-01	2.70e-03	1.00e-07
 2.26905e+23	9.97e-01	2.59e-03	1.02e-07
 2.28305e+23	9.98e-01	2.48e-03	1.03e-07
 2.29747e+23	9.98e-01	2.38e-03	1.05e-07
 2.31224e+23	9.98e-01	2.28e-03	1.07e-07
 2.32716e+23	9.98e-01	2.18e-03	1.10e-07
 2.34217e+23	9.98e-01	2.08e-03	1.12e-07
 2.35733e+23	9.98e-01	1.99e-03	1.15e-07
 2.37269e+23	9.98e-01	1.91e-03	1.18e-07
 2.38820e+23	9.98e-01	1.82e-03	1.21e-07
 2.40386e+23	9.98e-01	1.74e-03	1.25e-07
 2.41968e+23	9.98e-01	1.67e-03	1.29e-07
 2.43569e+23	9.98e-01	1.59e-03	1.33e-07
 2.45186e+23	9.98e-01	1.52e-03	1.38e-07
 2.46814e+23	9.99e-01	1.45e-03	1.44e-07
 2.48457e+23	9.99e-01	1.38e-03	1.50e-07
 2.50123e+23	9.99e-01	1.32e-03	1.58e-07
 2.51799e+23	9.99e-01	1.26e-03	1.66e-07
 2.53492e+23	9.99e-01	1.20e-03	1.75e-07
 2.55198e+23	9.99e-01	1.14e-03	1.86e-07
 2.56921e+23	9.99e-01	1.08e-03	1.99e-07
 2.58646e+23	9.99e-01	1.03e-03	2.14e-07
 2.60303e+23	9.99e-01	9.86e-04	2.30e-07
 2.61847e+23	9.99e-01	9.44e-04	2.49e-07
 2.63286e+23	9.99e-01	9.07e-04	2.69e-07
 2.64649e+23	9.99e-01	8.73e-04	2.91e-07
 2.65953e+23	9.99e-01	8.41e-04	3.15e-07
 2.67199e+23	9.99e-01	8.12e-04	3.42e-07
 2.68381e+23	9.99e-01	7.85e-04	3.72e-07
 2.69498e+23	9.99e-01	7.60e-04	4.05e-07
 2.70556e+23	9.99e-01	7.37e-04	4.42e-07
 2.71561e+23	9.99e-01	7.14e-04	4.83e-07
 2.72511e+23	9.99e-01	6.95e-04	5.28e-07
 2.73410e+23	9.99e-01	6.77e-04	5.77e-07
 2.74272e+23	9.99e-01	6.60e-04	6.31e-07
 2.75102e+23	9.99e-01	6.45e-04	6.91e-07
 2.75894e+23	9.99e-01	6.30e-04	7.59e-07
 2.76646e+23	9.99e-01	6.16e-04	8.33e-07
 2.77360e+23	9.99e-01	6.04e-04	9.15e-07
 2.78043e+23	9.99e-01	5.92e-04	1.00e-06
 2.78698e+23	9.99e-01	5.80e-04	1.10e-06
 2.79329e+23	9.99e-01	5.69e-04	1.21e-06
 2.79935e+23	9.99e-01	5.59e-04	1.34e-06
 2.80519e+23	9.99e-01	5.49e-04	1.47e-06
 2.81082e+23	9.99e-01	5.40e-04	1.62e-06
 2.81624e+23	9.99e-01	5.31e-04	1.78e-06
 2.82146e+23	9.99e-01	5.23e-04	1.96e-06
 2.82652e+23	9.99e-01	5.15e-04	2.16e-06
 2.83145e+23	9.99e-01	5.07e-04	2.38e-06
 2.83626e+23	9.99e-01	5.00e-04	2.62e-06
 2.84097e+23	1.00e+00	4.93e-04	2.89e-06
 2.84558e+23	1.00e+00	4.86e-04	3.18e-06
 2.85012e+23	1.00e+00	4.79e-04	3.50e-06
 2.85461e+23	1.00e+00	4.73e-04	3.85e-06
 2.85907e+23	1.00e+00	4.66e-04	4.23e-06
 2.86350e+23	1.00e+00	4.60e-04	4.65e-06
 2.86793e+23	1.00e+00	4.54e-04	5.11e-06
 2.87238e+23	1.00e+00	4.47e-04	5.61e-06
 2.87686e+23	1.00e+00	4.41e-04	6.16e-06
 2.88140e+23	1.00e+00	4.35e-04	6.75e-06
 2.88602e+23	1.00e+00	4.29e-04	7.39e-06
 2.89076e+23	1.00e+00	4.22e-04	8.09e-06
 2.89565e+23	1.00e+00	4.15e-04	8.85e-06
 2.90071e+23	1.00e+00	4.09e-04	9.68e-06
 2.90592e+23	1.00e+00	4.02e-04	1.06e-05
 2.91134e+23	1.00e+00	3.95e-04	1.15e-05
 2.91700e+23	1.00e+00	3.87e-04	1.26e-05
 2.92295e+23	1.00e+00	3.80e-04	1.37e-05
 2.92925e+23	1.00e+00	3.72e-04	1.49e-05
 2.93585e+23	1.00e+00	3.64e-04	1.62e-05
 2.94277e+23	1.00e+00	3.56e-04	1.76e-05
 2.95006e+23	1.00e+00	3.47e-04	1.91e-05
 2.95780e+23	1.00e+00	3.38e-04	2.07e-05
 2.96604e+23	1.00e+00	3.29e-04	2.24e-05
 2.97472e+23	1.00e+00	3.20e-04	2.42e-05
 2.98380e+23	1.00e+00	3.10e-04	2.62e-05
 2.99341e+23	1.00e+00	3.00e-04	2.82e-05
 3.00367e+23	1.00e+00	2.90e-04	3.03e-05
 3.01463e+23	1.00e+00	2.79e-04	3.26e-05
 3.02628e+23	1.00e+00	2.68e-04	3.50e-05
 3.03863e+23	1.00e+00	2.56e-04	3.74e-05
 3.05179e+23	1.00e+00	2.45e-04	4.00e-05
 3.06590e+23	1.00e+00	2.33e-04	4.26e-05
 3.07944e+23	1.00e+00	2.22e-04	4.52e-05
