#depth	He	He+	He+2
 1.54284e+22	1.35e-08	2.79e-04	1.00e+00
 3.50311e+22	1.87e-08	4.00e-04	1.00e+00
 4.12926e+22	2.10e-08	4.82e-04	1.00e+00
 4.44233e+22	2.19e-08	5.30e-04	9.99e-01
 4.59087e+22	2.23e-08	5.53e-04	9.99e-01
 4.69248e+22	2.27e-08	5.82e-04	9.99e-01
 4.80137e+22	2.30e-08	6.11e-04	9.99e-01
 4.91229e+22	2.32e-08	6.46e-04	9.99e-01
 5.02481e+22	2.34e-08	6.79e-04	9.99e-01
 5.13415e+22	2.35e-08	7.16e-04	9.99e-01
 5.24473e+22	2.37e-08	7.53e-04	9.99e-01
 5.35641e+22	2.38e-08	7.94e-04	9.99e-01
 5.46894e+22	2.38e-08	8.37e-04	9.99e-01
 5.57913e+22	2.39e-08	8.81e-04	9.99e-01
 5.68927e+22	2.40e-08	9.27e-04	9.99e-01
 5.79982e+22	2.42e-08	9.76e-04	9.99e-01
 5.91094e+22	2.44e-08	1.03e-03	9.99e-01
 6.02299e+22	2.46e-08	1.08e-03	9.99e-01
 6.13635e+22	2.50e-08	1.14e-03	9.99e-01
 6.25030e+22	2.55e-08	1.20e-03	9.99e-01
 6.36609e+22	2.62e-08	1.26e-03	9.99e-01
 6.48312e+22	2.70e-08	1.33e-03	9.99e-01
 6.60248e+22	2.81e-08	1.40e-03	9.99e-01
 6.72395e+22	2.94e-08	1.48e-03	9.99e-01
 6.83531e+22	3.06e-08	1.54e-03	9.98e-01
 6.95151e+22	3.24e-08	1.63e-03	9.98e-01
 7.06973e+22	3.42e-08	1.71e-03	9.98e-01
 7.19182e+22	3.67e-08	1.81e-03	9.98e-01
 7.31414e+22	3.90e-08	1.89e-03	9.98e-01
 7.43676e+22	4.23e-08	2.00e-03	9.98e-01
 7.55989e+22	4.52e-08	2.09e-03	9.98e-01
 7.68368e+22	4.95e-08	2.21e-03	9.98e-01
 7.80881e+22	5.32e-08	2.30e-03	9.98e-01
 7.93571e+22	5.85e-08	2.44e-03	9.98e-01
 8.06434e+22	6.33e-08	2.55e-03	9.97e-01
 8.19523e+22	7.01e-08	2.70e-03	9.97e-01
 8.32856e+22	7.61e-08	2.82e-03	9.97e-01
 8.46509e+22	8.49e-08	2.99e-03	9.97e-01
 8.60481e+22	9.27e-08	3.14e-03	9.97e-01
 8.74867e+22	1.04e-07	3.33e-03	9.97e-01
 8.89525e+22	1.14e-07	3.50e-03	9.97e-01
 9.01873e+22	1.24e-07	3.65e-03	9.96e-01
 9.15264e+22	1.38e-07	3.86e-03	9.96e-01
 9.28277e+22	1.49e-07	4.01e-03	9.96e-01
 9.40797e+22	1.64e-07	4.22e-03	9.96e-01
 9.53449e+22	1.77e-07	4.39e-03	9.96e-01
 9.66271e+22	1.97e-07	4.62e-03	9.95e-01
 9.79286e+22	2.13e-07	4.81e-03	9.95e-01
 9.92552e+22	2.36e-07	5.07e-03	9.95e-01
 1.00601e+23	2.56e-07	5.28e-03	9.95e-01
 1.01973e+23	2.85e-07	5.58e-03	9.94e-01
 1.03367e+23	3.09e-07	5.81e-03	9.94e-01
 1.04790e+23	3.45e-07	6.14e-03	9.94e-01
 1.06248e+23	3.76e-07	6.42e-03	9.94e-01
 1.07751e+23	4.22e-07	6.80e-03	9.93e-01
 1.09295e+23	4.62e-07	7.12e-03	9.93e-01
 1.10892e+23	5.21e-07	7.56e-03	9.92e-01
 1.12503e+23	5.71e-07	7.91e-03	9.92e-01
 1.14133e+23	6.46e-07	8.41e-03	9.92e-01
 1.15781e+23	7.07e-07	8.80e-03	9.91e-01
 1.17452e+23	8.01e-07	9.37e-03	9.91e-01
 1.19150e+23	8.79e-07	9.82e-03	9.90e-01
 1.20882e+23	9.99e-07	1.05e-02	9.90e-01
 1.22596e+23	1.09e-06	1.10e-02	9.89e-01
 1.23985e+23	1.19e-06	1.14e-02	9.89e-01
 1.25489e+23	1.32e-06	1.20e-02	9.88e-01
 1.27019e+23	1.44e-06	1.26e-02	9.87e-01
 1.28370e+23	1.57e-06	1.31e-02	9.87e-01
 1.29917e+23	1.74e-06	1.38e-02	9.86e-01
 1.31525e+23	1.92e-06	1.45e-02	9.85e-01
 1.32962e+23	2.09e-06	1.51e-02	9.85e-01
 1.34579e+23	2.33e-06	1.60e-02	9.84e-01
 1.36273e+23	2.58e-06	1.68e-02	9.83e-01
 1.37804e+23	2.83e-06	1.76e-02	9.82e-01
 1.39530e+23	3.17e-06	1.86e-02	9.81e-01
 1.41314e+23	3.51e-06	1.96e-02	9.80e-01
 1.42904e+23	3.86e-06	2.05e-02	9.79e-01
 1.44703e+23	4.35e-06	2.18e-02	9.78e-01
 1.46571e+23	4.85e-06	2.30e-02	9.77e-01
 1.48250e+23	5.35e-06	2.41e-02	9.76e-01
 1.50152e+23	6.08e-06	2.57e-02	9.74e-01
 1.52120e+23	6.78e-06	2.71e-02	9.73e-01
 1.53899e+23	7.53e-06	2.86e-02	9.71e-01
 1.55935e+23	8.64e-06	3.06e-02	9.69e-01
 1.57992e+23	9.65e-06	3.23e-02	9.68e-01
 1.60074e+23	1.11e-05	3.45e-02	9.65e-01
 1.62188e+23	1.24e-05	3.65e-02	9.63e-01
 1.64060e+23	1.38e-05	3.86e-02	9.61e-01
 1.66211e+23	1.60e-05	4.14e-02	9.59e-01
 1.68391e+23	1.79e-05	4.38e-02	9.56e-01
 1.70612e+23	2.07e-05	4.70e-02	9.53e-01
 1.72876e+23	2.33e-05	4.98e-02	9.50e-01
 1.74890e+23	2.62e-05	5.27e-02	9.47e-01
 1.77201e+23	3.05e-05	5.68e-02	9.43e-01
 1.79546e+23	3.45e-05	6.02e-02	9.40e-01
 1.81589e+23	3.87e-05	6.37e-02	9.36e-01
 1.83548e+23	4.32e-05	6.71e-02	9.33e-01
 1.85420e+23	4.80e-05	7.06e-02	9.29e-01
 1.87532e+23	5.48e-05	7.53e-02	9.25e-01
 1.89635e+23	6.09e-05	7.92e-02	9.21e-01
 1.91727e+23	6.94e-05	8.43e-02	9.16e-01
 1.93862e+23	7.74e-05	8.88e-02	9.11e-01
 1.96053e+23	8.86e-05	9.48e-02	9.05e-01
 1.98267e+23	9.88e-05	9.98e-02	9.00e-01
 2.00511e+23	1.14e-04	1.07e-01	8.93e-01
 2.02757e+23	1.27e-04	1.12e-01	8.88e-01
 2.04564e+23	1.39e-04	1.17e-01	8.83e-01
 2.06471e+23	1.55e-04	1.23e-01	8.76e-01
 2.08406e+23	1.70e-04	1.29e-01	8.71e-01
 2.10110e+23	1.87e-04	1.35e-01	8.65e-01
 2.12061e+23	2.09e-04	1.42e-01	8.58e-01
 2.14038e+23	2.29e-04	1.48e-01	8.52e-01
 2.15777e+23	2.51e-04	1.54e-01	8.45e-01
 2.17766e+23	2.81e-04	1.63e-01	8.37e-01
 2.19783e+23	3.08e-04	1.70e-01	8.30e-01
 2.21556e+23	3.38e-04	1.77e-01	8.23e-01
 2.23578e+23	3.78e-04	1.86e-01	8.14e-01
 2.25635e+23	4.15e-04	1.94e-01	8.06e-01
 2.27459e+23	4.55e-04	2.02e-01	7.98e-01
 2.29551e+23	5.09e-04	2.12e-01	7.87e-01
 2.31678e+23	5.60e-04	2.21e-01	7.78e-01
 2.33850e+23	6.29e-04	2.33e-01	7.66e-01
 2.36047e+23	6.93e-04	2.43e-01	7.56e-01
 2.38277e+23	7.79e-04	2.56e-01	7.44e-01
 2.40548e+23	8.59e-04	2.66e-01	7.33e-01
 2.42870e+23	9.68e-04	2.80e-01	7.19e-01
 2.45236e+23	1.07e-03	2.92e-01	7.07e-01
 2.47335e+23	1.18e-03	3.04e-01	6.95e-01
 2.49738e+23	1.33e-03	3.20e-01	6.79e-01
 2.51846e+23	1.43e-03	3.30e-01	6.69e-01
 2.53570e+23	1.55e-03	3.41e-01	6.58e-01
 2.55384e+23	1.67e-03	3.51e-01	6.47e-01
 2.57314e+23	1.83e-03	3.65e-01	6.33e-01
 2.59229e+23	1.97e-03	3.76e-01	6.23e-01
 2.61122e+23	2.15e-03	3.89e-01	6.09e-01
 2.63056e+23	2.33e-03	4.01e-01	5.97e-01
 2.65043e+23	2.56e-03	4.16e-01	5.81e-01
 2.67030e+23	2.75e-03	4.28e-01	5.69e-01
 2.69015e+23	3.01e-03	4.44e-01	5.53e-01
 2.71059e+23	3.26e-03	4.57e-01	5.39e-01
 2.73177e+23	3.60e-03	4.75e-01	5.22e-01
 2.75308e+23	3.90e-03	4.89e-01	5.07e-01
 2.77455e+23	4.29e-03	5.07e-01	4.89e-01
 2.79658e+23	4.67e-03	5.23e-01	4.73e-01
 2.81933e+23	5.17e-03	5.42e-01	4.53e-01
 2.84213e+23	5.63e-03	5.59e-01	4.35e-01
 2.86500e+23	6.25e-03	5.80e-01	4.14e-01
 2.88770e+23	6.79e-03	5.97e-01	3.96e-01
 2.91021e+23	7.54e-03	6.18e-01	3.75e-01
 2.93275e+23	8.20e-03	6.35e-01	3.56e-01
 2.95532e+23	9.11e-03	6.57e-01	3.34e-01
 2.97785e+23	9.93e-03	6.74e-01	3.16e-01
 3.00030e+23	1.11e-02	6.95e-01	2.94e-01
 3.02266e+23	1.21e-02	7.13e-01	2.75e-01
 3.04180e+23	1.31e-02	7.29e-01	2.58e-01
 3.06359e+23	1.46e-02	7.49e-01	2.36e-01
 3.08079e+23	1.56e-02	7.60e-01	2.24e-01
