#depth	O	O+	O+2	O+3	O+4	O+5	O+6	O+7	O+8	O[1]	O[2]	O[3]
 4.62852e+21	1.28e-22	6.10e-17	1.06e-12	1.27e-09	3.14e-07	3.06e-05	1.57e-02	2.34e-01	7.50e-01	0.00e+00	0.00e+00	0.00e+00
 1.02674e+22	8.41e-21	2.29e-15	2.37e-11	1.73e-08	2.47e-06	1.30e-04	3.80e-02	3.32e-01	6.30e-01	0.00e+00	0.00e+00	0.00e+00
 1.17169e+22	3.74e-20	8.35e-15	7.24e-11	4.43e-08	5.24e-06	2.22e-04	5.23e-02	3.72e-01	5.76e-01	0.00e+00	0.00e+00	0.00e+00
 1.23756e+22	7.45e-20	1.52e-14	1.21e-10	6.86e-08	7.44e-06	2.85e-04	6.05e-02	3.90e-01	5.49e-01	0.00e+00	0.00e+00	0.00e+00
 1.26507e+22	8.80e-20	1.76e-14	1.37e-10	7.62e-08	8.09e-06	3.02e-04	6.27e-02	3.95e-01	5.42e-01	0.00e+00	0.00e+00	0.00e+00
 1.27786e+22	1.10e-19	2.13e-14	1.62e-10	8.77e-08	9.06e-06	3.27e-04	6.57e-02	4.01e-01	5.33e-01	0.00e+00	0.00e+00	0.00e+00
 1.29230e+22	1.36e-19	2.56e-14	1.90e-10	1.01e-07	1.01e-05	3.54e-04	6.87e-02	4.06e-01	5.25e-01	0.00e+00	0.00e+00	0.00e+00
 1.30890e+22	1.78e-19	3.24e-14	2.33e-10	1.19e-07	1.16e-05	3.90e-04	7.28e-02	4.14e-01	5.13e-01	0.00e+00	0.00e+00	0.00e+00
 1.32589e+22	2.23e-19	3.94e-14	2.76e-10	1.38e-07	1.30e-05	4.23e-04	7.63e-02	4.19e-01	5.04e-01	0.00e+00	0.00e+00	0.00e+00
 1.34339e+22	2.92e-19	4.98e-14	3.38e-10	1.63e-07	1.49e-05	4.66e-04	8.07e-02	4.26e-01	4.93e-01	0.00e+00	0.00e+00	0.00e+00
 1.36048e+22	3.57e-19	5.92e-14	3.92e-10	1.85e-07	1.65e-05	5.00e-04	8.40e-02	4.31e-01	4.84e-01	0.00e+00	0.00e+00	0.00e+00
 1.37706e+22	4.65e-19	7.46e-14	4.79e-10	2.19e-07	1.89e-05	5.50e-04	8.88e-02	4.38e-01	4.73e-01	0.00e+00	0.00e+00	0.00e+00
 1.39381e+22	5.66e-19	8.85e-14	5.55e-10	2.48e-07	2.09e-05	5.91e-04	9.24e-02	4.43e-01	4.64e-01	0.00e+00	0.00e+00	0.00e+00
 1.41077e+22	7.23e-19	1.10e-13	6.67e-10	2.90e-07	2.36e-05	6.44e-04	9.71e-02	4.49e-01	4.54e-01	0.00e+00	0.00e+00	0.00e+00
 1.42875e+22	9.08e-19	1.34e-13	7.91e-10	3.35e-07	2.65e-05	6.99e-04	1.02e-01	4.54e-01	4.44e-01	0.00e+00	0.00e+00	0.00e+00
 1.44537e+22	1.12e-18	1.61e-13	9.27e-10	3.83e-07	2.95e-05	7.54e-04	1.06e-01	4.59e-01	4.34e-01	0.00e+00	0.00e+00	0.00e+00
 1.46428e+22	1.47e-18	2.03e-13	1.13e-09	4.54e-07	3.38e-05	8.29e-04	1.12e-01	4.65e-01	4.23e-01	0.00e+00	0.00e+00	0.00e+00
 1.48414e+22	1.86e-18	2.49e-13	1.35e-09	5.27e-07	3.81e-05	9.01e-04	1.17e-01	4.70e-01	4.12e-01	0.00e+00	0.00e+00	0.00e+00
 1.50523e+22	2.50e-18	3.22e-13	1.69e-09	6.33e-07	4.41e-05	9.99e-04	1.24e-01	4.76e-01	3.99e-01	0.00e+00	0.00e+00	0.00e+00
 1.52575e+22	3.10e-18	3.88e-13	1.98e-09	7.24e-07	4.91e-05	1.08e-03	1.30e-01	4.80e-01	3.90e-01	0.00e+00	0.00e+00	0.00e+00
 1.54553e+22	4.08e-18	4.92e-13	2.43e-09	8.61e-07	5.64e-05	1.19e-03	1.37e-01	4.85e-01	3.77e-01	0.00e+00	0.00e+00	0.00e+00
 1.56552e+22	5.06e-18	5.93e-13	2.86e-09	9.85e-07	6.27e-05	1.28e-03	1.42e-01	4.88e-01	3.68e-01	0.00e+00	0.00e+00	0.00e+00
 1.58579e+22	6.66e-18	7.54e-13	3.51e-09	1.17e-06	7.21e-05	1.41e-03	1.50e-01	4.93e-01	3.56e-01	0.00e+00	0.00e+00	0.00e+00
 1.60634e+22	8.29e-18	9.12e-13	4.13e-09	1.34e-06	8.04e-05	1.52e-03	1.56e-01	4.96e-01	3.46e-01	0.00e+00	0.00e+00	0.00e+00
 1.62726e+22	1.10e-17	1.16e-12	5.10e-09	1.61e-06	9.26e-05	1.68e-03	1.65e-01	5.00e-01	3.34e-01	0.00e+00	0.00e+00	0.00e+00
 1.64844e+22	1.37e-17	1.41e-12	6.03e-09	1.85e-06	1.03e-04	1.81e-03	1.72e-01	5.03e-01	3.24e-01	0.00e+00	0.00e+00	0.00e+00
 1.66996e+22	1.84e-17	1.82e-12	7.51e-09	2.22e-06	1.20e-04	2.01e-03	1.81e-01	5.06e-01	3.11e-01	0.00e+00	0.00e+00	0.00e+00
 1.69153e+22	2.29e-17	2.20e-12	8.83e-09	2.55e-06	1.34e-04	2.16e-03	1.88e-01	5.08e-01	3.01e-01	2.29e-17	5.75e-27	6.05e-27
 1.71318e+22	3.05e-17	2.83e-12	1.10e-08	3.06e-06	1.55e-04	2.40e-03	1.99e-01	5.10e-01	2.89e-01	3.05e-17	1.74e-24	2.20e-24
 1.73509e+22	3.82e-17	3.43e-12	1.30e-08	3.53e-06	1.74e-04	2.59e-03	2.07e-01	5.12e-01	2.79e-01	3.82e-17	2.18e-24	2.74e-24
 1.75733e+22	5.11e-17	4.43e-12	1.62e-08	4.25e-06	2.02e-04	2.88e-03	2.18e-01	5.13e-01	2.66e-01	5.11e-17	2.91e-24	3.67e-24
 1.77991e+22	6.41e-17	5.39e-12	1.92e-08	4.91e-06	2.26e-04	3.11e-03	2.27e-01	5.13e-01	2.56e-01	6.41e-17	3.65e-24	4.61e-24
 1.80291e+22	8.64e-17	6.99e-12	2.41e-08	5.95e-06	2.65e-04	3.47e-03	2.39e-01	5.14e-01	2.43e-01	8.64e-17	4.93e-24	6.21e-24
 1.82448e+22	1.05e-16	8.26e-12	2.78e-08	6.73e-06	2.92e-04	3.71e-03	2.47e-01	5.13e-01	2.35e-01	1.05e-16	5.97e-24	7.53e-24
 1.84419e+22	1.35e-16	1.03e-11	3.37e-08	7.92e-06	3.34e-04	4.07e-03	2.59e-01	5.13e-01	2.24e-01	1.35e-16	7.67e-24	9.67e-24
 1.86436e+22	1.64e-16	1.22e-11	3.91e-08	8.99e-06	3.69e-04	4.36e-03	2.67e-01	5.12e-01	2.16e-01	1.64e-16	9.34e-24	1.18e-23
 1.88514e+22	2.12e-16	1.53e-11	4.77e-08	1.07e-05	4.25e-04	4.81e-03	2.80e-01	5.10e-01	2.05e-01	2.12e-16	1.21e-23	1.53e-23
 1.90610e+22	2.59e-16	1.82e-11	5.54e-08	1.21e-05	4.72e-04	5.16e-03	2.89e-01	5.08e-01	1.97e-01	2.59e-16	1.48e-23	1.86e-23
 1.92731e+22	3.35e-16	2.28e-11	6.76e-08	1.44e-05	5.43e-04	5.69e-03	3.03e-01	5.05e-01	1.86e-01	3.35e-16	1.91e-23	2.41e-23
 1.94895e+22	4.10e-16	2.72e-11	7.91e-08	1.65e-05	6.07e-04	6.15e-03	3.14e-01	5.02e-01	1.78e-01	4.10e-16	2.34e-23	2.95e-23
 1.97112e+22	5.31e-16	3.41e-11	9.68e-08	1.97e-05	7.02e-04	6.80e-03	3.28e-01	4.97e-01	1.67e-01	5.31e-16	3.03e-23	3.82e-23
 1.99382e+22	6.53e-16	4.09e-11	1.14e-07	2.27e-05	7.89e-04	7.37e-03	3.40e-01	4.93e-01	1.59e-01	6.53e-16	3.73e-23	4.70e-23
 2.01721e+22	8.48e-16	5.15e-11	1.40e-07	2.72e-05	9.17e-04	8.18e-03	3.56e-01	4.87e-01	1.48e-01	8.48e-16	4.84e-23	6.10e-23
 2.04096e+22	1.04e-15	6.16e-11	1.64e-07	3.13e-05	1.03e-03	8.89e-03	3.68e-01	4.82e-01	1.40e-01	1.04e-15	5.93e-23	7.47e-23
 2.06476e+22	1.33e-15	7.67e-11	2.00e-07	3.74e-05	1.20e-03	9.86e-03	3.85e-01	4.74e-01	1.30e-01	1.33e-15	7.59e-23	9.57e-23
 2.08876e+22	1.62e-15	9.11e-11	2.34e-07	4.30e-05	1.35e-03	1.07e-02	3.98e-01	4.68e-01	1.22e-01	1.62e-15	9.23e-23	1.16e-22
 2.11230e+22	2.02e-15	1.11e-10	2.82e-07	5.08e-05	1.55e-03	1.18e-02	4.14e-01	4.59e-01	1.13e-01	2.02e-15	1.15e-22	1.45e-22
 2.13609e+22	2.43e-15	1.31e-10	3.28e-07	5.83e-05	1.75e-03	1.28e-02	4.28e-01	4.52e-01	1.06e-01	2.43e-15	1.39e-22	1.75e-22
 2.15682e+22	2.85e-15	1.51e-10	3.75e-07	6.58e-05	1.94e-03	1.38e-02	4.40e-01	4.44e-01	1.00e-01	2.85e-15	1.63e-22	2.05e-22
 2.17884e+22	3.45e-15	1.80e-10	4.41e-07	7.65e-05	2.20e-03	1.51e-02	4.55e-01	4.35e-01	9.26e-02	3.45e-15	1.97e-22	2.48e-22
 2.20105e+22	4.01e-15	2.06e-10	5.02e-07	8.61e-05	2.44e-03	1.63e-02	4.67e-01	4.27e-01	8.70e-02	4.01e-15	2.29e-22	2.89e-22
 2.22082e+22	4.63e-15	2.35e-10	5.68e-07	9.66e-05	2.69e-03	1.75e-02	4.79e-01	4.19e-01	8.17e-02	4.63e-15	2.64e-22	3.33e-22
 2.24282e+22	5.47e-15	2.74e-10	6.59e-07	1.11e-04	3.04e-03	1.91e-02	4.94e-01	4.09e-01	7.54e-02	5.47e-15	3.13e-22	3.94e-22
 2.26460e+22	6.23e-15	3.09e-10	7.40e-07	1.24e-04	3.33e-03	2.04e-02	5.05e-01	4.00e-01	7.09e-02	6.23e-15	3.56e-22	4.48e-22
 2.28667e+22	7.30e-15	3.57e-10	8.55e-07	1.42e-04	3.75e-03	2.22e-02	5.19e-01	3.89e-01	6.52e-02	7.30e-15	4.17e-22	5.25e-22
 2.30874e+22	8.24e-15	4.00e-10	9.54e-07	1.58e-04	4.09e-03	2.36e-02	5.30e-01	3.81e-01	6.12e-02	8.24e-15	4.71e-22	5.93e-22
 2.33081e+22	9.54e-15	4.59e-10	1.09e-06	1.80e-04	4.58e-03	2.57e-02	5.44e-01	3.70e-01	5.62e-02	9.54e-15	5.45e-22	6.87e-22
 2.35301e+22	1.07e-14	5.11e-10	1.22e-06	1.99e-04	4.99e-03	2.73e-02	5.54e-01	3.61e-01	5.27e-02	1.07e-14	6.11e-22	7.69e-22
 2.37535e+22	1.23e-14	5.82e-10	1.39e-06	2.26e-04	5.56e-03	2.96e-02	5.67e-01	3.49e-01	4.83e-02	1.23e-14	7.01e-22	8.82e-22
 2.39787e+22	1.37e-14	6.45e-10	1.54e-06	2.49e-04	6.04e-03	3.14e-02	5.77e-01	3.41e-01	4.51e-02	1.37e-14	7.81e-22	9.83e-22
 2.42060e+22	1.56e-14	7.32e-10	1.75e-06	2.83e-04	6.72e-03	3.40e-02	5.89e-01	3.29e-01	4.12e-02	1.56e-14	8.90e-22	1.12e-21
 2.44363e+22	1.73e-14	8.09e-10	1.94e-06	3.12e-04	7.29e-03	3.60e-02	5.98e-01	3.20e-01	3.84e-02	1.73e-14	9.87e-22	1.24e-21
 2.46706e+22	1.95e-14	9.15e-10	2.20e-06	3.54e-04	8.09e-03	3.89e-02	6.09e-01	3.08e-01	3.50e-02	1.95e-14	1.12e-21	1.41e-21
 2.49085e+22	2.17e-14	1.01e-09	2.44e-06	3.91e-04	8.77e-03	4.13e-02	6.18e-01	2.99e-01	3.25e-02	2.17e-14	1.24e-21	1.56e-21
 2.51514e+22	2.44e-14	1.14e-09	2.78e-06	4.43e-04	9.72e-03	4.46e-02	6.29e-01	2.87e-01	2.94e-02	2.44e-14	1.40e-21	1.76e-21
 2.53995e+22	2.72e-14	1.27e-09	3.09e-06	4.90e-04	1.05e-02	4.73e-02	6.37e-01	2.78e-01	2.73e-02	2.72e-14	1.56e-21	1.96e-21
 2.56544e+22	3.07e-14	1.44e-09	3.52e-06	5.58e-04	1.17e-02	5.10e-02	6.46e-01	2.66e-01	2.46e-02	3.07e-14	1.76e-21	2.22e-21
 2.59113e+22	3.41e-14	1.59e-09	3.91e-06	6.17e-04	1.26e-02	5.40e-02	6.53e-01	2.57e-01	2.27e-02	3.41e-14	1.96e-21	2.46e-21
 2.61296e+22	3.74e-14	1.75e-09	4.30e-06	6.76e-04	1.36e-02	5.70e-02	6.60e-01	2.48e-01	2.10e-02	3.74e-14	2.14e-21	2.70e-21
 2.63725e+22	4.19e-14	1.96e-09	4.87e-06	7.62e-04	1.49e-02	6.10e-02	6.67e-01	2.37e-01	1.90e-02	4.19e-14	2.40e-21	3.02e-21
 2.66049e+22	4.56e-14	2.14e-09	5.31e-06	8.27e-04	1.58e-02	6.38e-02	6.72e-01	2.30e-01	1.78e-02	4.56e-14	2.61e-21	3.29e-21
 2.68236e+22	5.04e-14	2.37e-09	5.92e-06	9.19e-04	1.72e-02	6.77e-02	6.77e-01	2.21e-01	1.62e-02	5.04e-14	2.89e-21	3.64e-21
 2.70455e+22	5.48e-14	2.58e-09	6.47e-06	9.99e-04	1.83e-02	7.08e-02	6.81e-01	2.14e-01	1.51e-02	5.48e-14	3.15e-21	3.96e-21
 2.72714e+22	6.04e-14	2.87e-09	7.23e-06	1.11e-03	1.98e-02	7.51e-02	6.86e-01	2.04e-01	1.37e-02	6.04e-14	3.47e-21	4.37e-21
 2.74987e+22	6.62e-14	3.14e-09	7.91e-06	1.21e-03	2.10e-02	7.85e-02	6.89e-01	1.98e-01	1.28e-02	6.62e-14	3.80e-21	4.78e-21
 2.77278e+22	7.31e-14	3.49e-09	8.85e-06	1.35e-03	2.27e-02	8.31e-02	6.93e-01	1.89e-01	1.16e-02	7.31e-14	4.20e-21	5.28e-21
 2.79599e+22	8.02e-14	3.84e-09	9.72e-06	1.47e-03	2.42e-02	8.67e-02	6.95e-01	1.82e-01	1.08e-02	8.02e-14	4.61e-21	5.80e-21
 2.81957e+22	8.89e-14	4.29e-09	1.09e-05	1.63e-03	2.61e-02	9.18e-02	6.97e-01	1.73e-01	9.74e-03	8.89e-14	5.11e-21	6.43e-21
 2.84352e+22	9.80e-14	4.73e-09	1.20e-05	1.78e-03	2.78e-02	9.58e-02	6.99e-01	1.67e-01	9.01e-03	9.80e-14	5.64e-21	7.09e-21
 2.86795e+22	1.09e-13	5.31e-09	1.36e-05	1.99e-03	3.00e-02	1.01e-01	7.00e-01	1.58e-01	8.11e-03	1.09e-13	6.28e-21	7.90e-21
 2.89282e+22	1.21e-13	5.89e-09	1.50e-05	2.18e-03	3.19e-02	1.06e-01	7.01e-01	1.52e-01	7.47e-03	1.21e-13	6.97e-21	8.76e-21
 2.91828e+22	1.36e-13	6.67e-09	1.70e-05	2.44e-03	3.45e-02	1.12e-01	7.01e-01	1.44e-01	6.69e-03	1.36e-13	7.81e-21	9.82e-21
 2.94426e+22	1.52e-13	7.47e-09	1.90e-05	2.68e-03	3.67e-02	1.17e-01	7.00e-01	1.38e-01	6.14e-03	1.52e-13	8.77e-21	1.10e-20
 2.97091e+22	1.71e-13	8.50e-09	2.17e-05	3.02e-03	3.98e-02	1.24e-01	6.98e-01	1.30e-01	5.46e-03	1.71e-13	9.85e-21	1.24e-20
 2.99767e+22	1.91e-13	9.53e-09	2.42e-05	3.31e-03	4.23e-02	1.29e-01	6.97e-01	1.24e-01	5.00e-03	1.91e-13	1.10e-20	1.39e-20
 3.02457e+22	2.17e-13	1.09e-08	2.77e-05	3.73e-03	4.57e-02	1.36e-01	6.94e-01	1.16e-01	4.44e-03	2.17e-13	1.26e-20	1.58e-20
 3.05187e+22	2.45e-13	1.24e-08	3.10e-05	4.10e-03	4.86e-02	1.41e-01	6.91e-01	1.11e-01	4.05e-03	2.45e-13	1.42e-20	1.78e-20
 3.07559e+22	2.72e-13	1.38e-08	3.45e-05	4.49e-03	5.14e-02	1.47e-01	6.88e-01	1.06e-01	3.69e-03	2.72e-13	1.58e-20	1.98e-20
 3.10233e+22	3.12e-13	1.59e-08	3.96e-05	5.04e-03	5.54e-02	1.55e-01	6.83e-01	9.93e-02	3.28e-03	3.12e-13	1.81e-20	2.27e-20
 3.12934e+22	3.54e-13	1.81e-08	4.44e-05	5.52e-03	5.87e-02	1.60e-01	6.78e-01	9.45e-02	2.99e-03	3.54e-13	2.05e-20	2.57e-20
 3.15187e+22	3.92e-13	2.01e-08	4.90e-05	5.99e-03	6.17e-02	1.66e-01	6.74e-01	9.03e-02	2.75e-03	3.92e-13	2.28e-20	2.86e-20
 3.17635e+22	4.45e-13	2.30e-08	5.56e-05	6.64e-03	6.58e-02	1.73e-01	6.67e-01	8.49e-02	2.46e-03	4.45e-13	2.59e-20	3.25e-20
 3.20061e+22	4.97e-13	2.57e-08	6.15e-05	7.19e-03	6.91e-02	1.78e-01	6.62e-01	8.12e-02	2.26e-03	4.97e-13	2.89e-20	3.63e-20
 3.22461e+22	5.70e-13	2.95e-08	6.97e-05	7.94e-03	7.34e-02	1.85e-01	6.55e-01	7.66e-02	2.04e-03	5.70e-13	3.32e-20	4.16e-20
 3.24961e+22	6.37e-13	3.33e-08	7.77e-05	8.66e-03	7.73e-02	1.91e-01	6.48e-01	7.25e-02	1.85e-03	6.37e-13	3.71e-20	4.66e-20
 3.27188e+22	7.19e-13	3.75e-08	8.63e-05	9.39e-03	8.12e-02	1.97e-01	6.42e-01	6.91e-02	1.69e-03	7.19e-13	4.19e-20	5.26e-20
 3.29679e+22	8.35e-13	4.35e-08	9.84e-05	1.04e-02	8.62e-02	2.04e-01	6.33e-01	6.49e-02	1.52e-03	8.35e-13	4.87e-20	6.12e-20
 3.32309e+22	9.55e-13	4.98e-08	1.11e-04	1.14e-02	9.10e-02	2.10e-01	6.25e-01	6.12e-02	1.37e-03	9.55e-13	5.58e-20	7.00e-20
 3.34704e+22	1.09e-12	5.67e-08	1.24e-04	1.24e-02	9.57e-02	2.16e-01	6.16e-01	5.79e-02	1.24e-03	1.09e-12	6.35e-20	7.97e-20
 3.37402e+22	1.29e-12	6.71e-08	1.43e-04	1.38e-02	1.02e-01	2.24e-01	6.05e-01	5.39e-02	1.09e-03	1.29e-12	7.54e-20	9.46e-20
 3.40178e+22	1.49e-12	7.73e-08	1.62e-04	1.51e-02	1.07e-01	2.31e-01	5.95e-01	5.07e-02	9.83e-04	1.49e-12	8.72e-20	1.09e-19
 3.42674e+22	1.72e-12	8.90e-08	1.82e-04	1.65e-02	1.13e-01	2.37e-01	5.85e-01	4.77e-02	8.86e-04	1.72e-12	1.01e-19	1.26e-19
 3.45535e+22	2.07e-12	1.07e-07	2.13e-04	1.85e-02	1.20e-01	2.45e-01	5.72e-01	4.40e-02	7.74e-04	2.07e-12	1.22e-19	1.53e-19
 3.48440e+22	2.42e-12	1.24e-07	2.41e-04	2.02e-02	1.27e-01	2.51e-01	5.60e-01	4.12e-02	6.91e-04	2.42e-12	1.42e-19	1.79e-19
 3.51013e+22	2.83e-12	1.44e-07	2.73e-04	2.21e-02	1.33e-01	2.57e-01	5.49e-01	3.86e-02	6.19e-04	2.83e-12	1.67e-19	2.09e-19
 3.53972e+22	3.46e-12	1.75e-07	3.19e-04	2.47e-02	1.41e-01	2.64e-01	5.33e-01	3.54e-02	5.37e-04	3.46e-12	2.04e-19	2.56e-19
 3.56987e+22	4.09e-12	2.05e-07	3.64e-04	2.71e-02	1.49e-01	2.70e-01	5.20e-01	3.29e-02	4.76e-04	4.09e-12	2.42e-19	3.04e-19
 3.60074e+22	5.08e-12	2.51e-07	4.28e-04	3.04e-02	1.58e-01	2.77e-01	5.03e-01	3.00e-02	4.09e-04	5.08e-12	3.02e-19	3.78e-19
 3.63208e+22	6.08e-12	2.96e-07	4.89e-04	3.34e-02	1.66e-01	2.83e-01	4.89e-01	2.78e-02	3.60e-04	6.08e-12	3.61e-19	4.52e-19
 3.66404e+22	7.62e-12	3.64e-07	5.77e-04	3.74e-02	1.76e-01	2.89e-01	4.71e-01	2.52e-02	3.08e-04	7.62e-12	4.54e-19	5.69e-19
 3.69687e+22	9.24e-12	4.36e-07	6.66e-04	4.12e-02	1.85e-01	2.95e-01	4.55e-01	2.30e-02	2.67e-04	9.24e-12	5.52e-19	6.91e-19
 3.72553e+22	1.11e-11	5.15e-07	7.59e-04	4.50e-02	1.94e-01	2.99e-01	4.40e-01	2.13e-02	2.35e-04	1.11e-11	6.67e-19	8.34e-19
 3.75748e+22	1.40e-11	6.33e-07	8.91e-04	5.01e-02	2.05e-01	3.03e-01	4.21e-01	1.92e-02	2.00e-04	1.40e-11	8.43e-19	1.05e-18
 3.79139e+22	1.74e-11	7.67e-07	1.03e-03	5.54e-02	2.15e-01	3.07e-01	4.04e-01	1.74e-02	1.71e-04	1.74e-11	1.05e-18	1.31e-18
 3.81903e+22	2.05e-11	8.89e-07	1.16e-03	5.97e-02	2.23e-01	3.10e-01	3.90e-01	1.61e-02	1.52e-04	2.05e-11	1.24e-18	1.55e-18
 3.84612e+22	2.50e-11	1.05e-06	1.32e-03	6.50e-02	2.32e-01	3.12e-01	3.75e-01	1.47e-02	1.32e-04	2.50e-11	1.51e-18	1.89e-18
 3.87499e+22	3.00e-11	1.24e-06	1.49e-03	7.03e-02	2.41e-01	3.14e-01	3.60e-01	1.35e-02	1.16e-04	3.00e-11	1.82e-18	2.28e-18
 3.90186e+22	3.59e-11	1.44e-06	1.68e-03	7.58e-02	2.49e-01	3.15e-01	3.46e-01	1.24e-02	1.02e-04	3.59e-11	2.18e-18	2.73e-18
 3.93250e+22	4.53e-11	1.76e-06	1.95e-03	8.35e-02	2.60e-01	3.16e-01	3.28e-01	1.11e-02	8.58e-05	4.53e-11	2.77e-18	3.46e-18
 3.96351e+22	5.48e-11	2.07e-06	2.20e-03	9.01e-02	2.69e-01	3.16e-01	3.13e-01	1.01e-02	7.46e-05	5.48e-11	3.36e-18	4.19e-18
 3.99500e+22	6.96e-11	2.52e-06	2.55e-03	9.89e-02	2.79e-01	3.15e-01	2.95e-01	8.97e-03	6.26e-05	6.96e-11	4.28e-18	5.34e-18
 4.02673e+22	8.48e-11	2.98e-06	2.89e-03	1.07e-01	2.88e-01	3.14e-01	2.80e-01	8.10e-03	5.39e-05	8.48e-11	5.24e-18	6.53e-18
 4.05414e+22	1.02e-10	3.48e-06	3.23e-03	1.14e-01	2.96e-01	3.12e-01	2.67e-01	7.36e-03	4.67e-05	1.02e-10	6.33e-18	7.90e-18
 4.08513e+22	1.30e-10	4.23e-06	3.73e-03	1.25e-01	3.06e-01	3.09e-01	2.50e-01	6.50e-03	3.89e-05	1.30e-10	8.07e-18	1.01e-17
 4.11706e+22	1.58e-10	4.96e-06	4.19e-03	1.34e-01	3.14e-01	3.06e-01	2.36e-01	5.85e-03	3.34e-05	1.58e-10	9.88e-18	1.23e-17
 4.15020e+22	2.05e-10	6.11e-06	4.87e-03	1.46e-01	3.24e-01	3.01e-01	2.19e-01	5.08e-03	2.72e-05	2.05e-10	1.29e-17	1.60e-17
 4.18351e+22	2.51e-10	7.20e-06	5.48e-03	1.57e-01	3.31e-01	2.97e-01	2.05e-01	4.54e-03	2.31e-05	2.51e-10	1.59e-17	1.98e-17
 4.21704e+22	3.24e-10	8.79e-06	6.32e-03	1.70e-01	3.39e-01	2.91e-01	1.90e-01	3.94e-03	1.89e-05	3.24e-10	2.06e-17	2.56e-17
 4.25180e+22	4.05e-10	1.05e-05	7.16e-03	1.83e-01	3.46e-01	2.85e-01	1.76e-01	3.46e-03	1.57e-05	4.05e-10	2.59e-17	3.22e-17
 4.28281e+22	5.00e-10	1.23e-05	8.03e-03	1.95e-01	3.52e-01	2.79e-01	1.64e-01	3.06e-03	1.32e-05	5.00e-10	3.21e-17	3.99e-17
 4.31779e+22	6.52e-10	1.51e-05	9.26e-03	2.10e-01	3.58e-01	2.70e-01	1.49e-01	2.61e-03	1.05e-05	6.52e-10	4.21e-17	5.24e-17
 4.35369e+22	8.20e-10	1.80e-05	1.05e-02	2.25e-01	3.63e-01	2.62e-01	1.37e-01	2.27e-03	8.65e-06	8.20e-10	5.34e-17	6.63e-17
 4.38538e+22	1.02e-09	2.12e-05	1.17e-02	2.38e-01	3.67e-01	2.54e-01	1.27e-01	1.98e-03	7.18e-06	1.02e-09	6.65e-17	8.26e-17
 4.42117e+22	1.33e-09	2.60e-05	1.34e-02	2.56e-01	3.70e-01	2.44e-01	1.14e-01	1.67e-03	5.66e-06	1.33e-09	8.79e-17	1.09e-16
 4.45802e+22	1.68e-09	3.09e-05	1.51e-02	2.72e-01	3.73e-01	2.35e-01	1.04e-01	1.43e-03	4.57e-06	1.68e-09	1.12e-16	1.39e-16
 4.49070e+22	2.09e-09	3.64e-05	1.69e-02	2.87e-01	3.74e-01	2.26e-01	9.50e-02	1.24e-03	3.74e-06	2.09e-09	1.41e-16	1.74e-16
 4.52767e+22	2.77e-09	4.46e-05	1.93e-02	3.07e-01	3.74e-01	2.14e-01	8.44e-02	1.02e-03	2.89e-06	2.77e-09	1.88e-16	2.33e-16
 4.56552e+22	3.50e-09	5.28e-05	2.16e-02	3.23e-01	3.74e-01	2.04e-01	7.62e-02	8.70e-04	2.31e-06	3.50e-09	2.40e-16	2.97e-16
 4.60451e+22	4.68e-09	6.52e-05	2.48e-02	3.44e-01	3.72e-01	1.91e-01	6.67e-02	7.07e-04	1.74e-06	4.68e-09	3.26e-16	4.03e-16
 4.64403e+22	5.96e-09	7.74e-05	2.77e-02	3.62e-01	3.69e-01	1.81e-01	5.96e-02	5.93e-04	1.37e-06	5.96e-09	4.19e-16	5.19e-16
 4.68424e+22	7.96e-09	9.50e-05	3.16e-02	3.83e-01	3.65e-01	1.68e-01	5.18e-02	4.78e-04	1.03e-06	7.96e-09	5.71e-16	7.06e-16
 4.72550e+22	1.03e-08	1.14e-04	3.54e-02	4.01e-01	3.59e-01	1.58e-01	4.56e-02	3.93e-04	7.92e-07	1.03e-08	7.47e-16	9.23e-16
 4.76205e+22	1.30e-08	1.34e-04	3.93e-02	4.18e-01	3.54e-01	1.48e-01	4.04e-02	3.26e-04	6.17e-07	1.30e-08	9.63e-16	1.19e-15
 4.80347e+22	1.75e-08	1.65e-04	4.47e-02	4.40e-01	3.46e-01	1.35e-01	3.45e-02	2.57e-04	4.49e-07	1.75e-08	1.33e-15	1.64e-15
 4.84613e+22	2.26e-08	1.96e-04	4.98e-02	4.57e-01	3.38e-01	1.25e-01	3.00e-02	2.09e-04	3.41e-07	2.26e-08	1.75e-15	2.16e-15
 4.88412e+22	2.87e-08	2.31e-04	5.50e-02	4.73e-01	3.29e-01	1.16e-01	2.62e-02	1.71e-04	2.61e-07	2.87e-08	2.28e-15	2.81e-15
 4.92725e+22	3.89e-08	2.83e-04	6.23e-02	4.93e-01	3.18e-01	1.05e-01	2.20e-02	1.32e-04	1.85e-07	3.89e-08	3.18e-15	3.92e-15
 4.97093e+22	4.97e-08	3.34e-04	6.88e-02	5.08e-01	3.08e-01	9.60e-02	1.90e-02	1.06e-04	1.39e-07	4.97e-08	4.17e-15	5.15e-15
 5.00931e+22	6.30e-08	3.91e-04	7.56e-02	5.22e-01	2.98e-01	8.79e-02	1.64e-02	8.54e-05	0.00e+00	6.30e-08	5.44e-15	6.71e-15
 5.04484e+22	7.71e-08	4.47e-04	8.18e-02	5.33e-01	2.89e-01	8.14e-02	1.44e-02	7.09e-05	0.00e+00	7.71e-08	6.82e-15	8.41e-15
 5.08267e+22	9.93e-08	5.28e-04	9.02e-02	5.46e-01	2.77e-01	7.36e-02	1.23e-02	5.60e-05	0.00e+00	9.93e-08	9.05e-15	1.12e-14
 5.12116e+22	1.23e-07	6.07e-04	9.78e-02	5.57e-01	2.67e-01	6.75e-02	1.07e-02	4.57e-05	0.00e+00	1.23e-07	1.15e-14	1.41e-14
 5.15496e+22	1.49e-07	6.91e-04	1.05e-01	5.65e-01	2.57e-01	6.20e-02	9.33e-03	3.76e-05	0.00e+00	1.49e-07	1.43e-14	1.76e-14
 5.19336e+22	1.93e-07	8.15e-04	1.16e-01	5.76e-01	2.45e-01	5.55e-02	7.84e-03	2.92e-05	0.00e+00	1.93e-07	1.90e-14	2.34e-14
 5.23252e+22	2.37e-07	9.31e-04	1.25e-01	5.83e-01	2.34e-01	5.05e-02	6.77e-03	2.36e-05	0.00e+00	2.37e-07	2.39e-14	2.94e-14
 5.27265e+22	3.05e-07	1.10e-03	1.37e-01	5.90e-01	2.21e-01	4.48e-02	5.64e-03	1.82e-05	0.00e+00	3.05e-07	3.17e-14	3.90e-14
 5.31370e+22	3.81e-07	1.26e-03	1.48e-01	5.96e-01	2.10e-01	4.03e-02	4.79e-03	1.44e-05	0.00e+00	3.81e-07	4.05e-14	4.98e-14
 5.34961e+22	4.64e-07	1.44e-03	1.58e-01	6.00e-01	2.00e-01	3.64e-02	4.13e-03	1.16e-05	0.00e+00	4.64e-07	5.05e-14	6.21e-14
 5.38296e+22	5.58e-07	1.61e-03	1.69e-01	6.02e-01	1.91e-01	3.32e-02	3.59e-03	9.53e-06	0.00e+00	5.58e-07	6.18e-14	7.59e-14
 5.41443e+22	6.61e-07	1.80e-03	1.79e-01	6.04e-01	1.82e-01	3.04e-02	3.15e-03	7.90e-06	0.00e+00	6.61e-07	7.46e-14	9.16e-14
 5.45047e+22	8.25e-07	2.07e-03	1.92e-01	6.04e-01	1.72e-01	2.70e-02	2.64e-03	6.18e-06	0.00e+00	8.25e-07	9.54e-14	1.17e-13
 5.48711e+22	9.91e-07	2.33e-03	2.04e-01	6.04e-01	1.63e-01	2.43e-02	2.28e-03	5.00e-06	0.00e+00	9.91e-07	1.17e-13	1.43e-13
 5.51933e+22	1.18e-06	2.60e-03	2.16e-01	6.03e-01	1.54e-01	2.21e-02	1.97e-03	4.08e-06	0.00e+00	1.18e-06	1.42e-13	1.74e-13
 5.55600e+22	1.47e-06	2.98e-03	2.32e-01	6.00e-01	1.44e-01	1.94e-02	1.64e-03	3.15e-06	0.00e+00	1.47e-06	1.81e-13	2.21e-13
 5.59325e+22	1.76e-06	3.35e-03	2.46e-01	5.96e-01	1.36e-01	1.74e-02	1.41e-03	2.53e-06	0.00e+00	1.76e-06	2.22e-13	2.71e-13
 5.62609e+22	2.09e-06	3.73e-03	2.59e-01	5.92e-01	1.28e-01	1.57e-02	1.21e-03	2.05e-06	0.00e+00	2.09e-06	2.68e-13	3.27e-13
 5.66361e+22	2.61e-06	4.28e-03	2.77e-01	5.85e-01	1.18e-01	1.36e-02	9.96e-04	1.56e-06	0.00e+00	2.61e-06	3.44e-13	4.19e-13
 5.70154e+22	3.10e-06	4.77e-03	2.92e-01	5.79e-01	1.11e-01	1.22e-02	8.50e-04	1.24e-06	0.00e+00	3.10e-06	4.17e-13	5.08e-13
 5.74000e+22	3.87e-06	5.46e-03	3.12e-01	5.69e-01	1.02e-01	1.05e-02	6.95e-04	9.40e-07	0.00e+00	3.87e-06	5.34e-13	6.49e-13
 5.77898e+22	4.61e-06	6.09e-03	3.29e-01	5.60e-01	9.50e-02	9.29e-03	5.86e-04	7.41e-07	0.00e+00	4.61e-06	6.51e-13	7.91e-13
 5.81866e+22	5.75e-06	6.99e-03	3.50e-01	5.47e-01	8.67e-02	7.95e-03	4.74e-04	5.50e-07	0.00e+00	5.75e-06	8.37e-13	1.02e-12
 5.85872e+22	6.85e-06	7.78e-03	3.69e-01	5.36e-01	8.00e-02	6.97e-03	3.96e-04	4.29e-07	0.00e+00	6.85e-06	1.02e-12	1.24e-12
 5.89927e+22	8.54e-06	8.92e-03	3.92e-01	5.21e-01	7.24e-02	5.91e-03	3.17e-04	3.15e-07	0.00e+00	8.54e-06	1.31e-12	1.59e-12
 5.94040e+22	1.02e-05	9.92e-03	4.12e-01	5.06e-01	6.63e-02	5.13e-03	2.62e-04	2.42e-07	0.00e+00	1.02e-05	1.61e-12	1.95e-12
 5.98227e+22	1.27e-05	1.14e-02	4.37e-01	4.88e-01	5.95e-02	4.29e-03	2.07e-04	1.75e-07	0.00e+00	1.27e-05	2.08e-12	2.51e-12
 6.02488e+22	1.51e-05	1.26e-02	4.58e-01	4.72e-01	5.39e-02	3.69e-03	1.70e-04	1.33e-07	0.00e+00	1.51e-05	2.54e-12	3.07e-12
 6.06842e+22	1.88e-05	1.45e-02	4.85e-01	4.50e-01	4.77e-02	3.04e-03	1.32e-04	0.00e+00	0.00e+00	1.88e-05	3.30e-12	3.98e-12
 6.11281e+22	2.24e-05	1.61e-02	5.08e-01	4.31e-01	4.27e-02	2.57e-03	1.06e-04	0.00e+00	0.00e+00	2.24e-05	4.06e-12	4.88e-12
 6.14291e+22	2.43e-05	1.68e-02	5.20e-01	4.20e-01	4.02e-02	2.35e-03	9.44e-05	0.00e+00	0.00e+00	2.43e-05	4.48e-12	5.39e-12
 6.16663e+22	2.74e-05	1.81e-02	5.35e-01	4.07e-01	3.73e-02	2.10e-03	8.16e-05	0.00e+00	0.00e+00	2.74e-05	5.18e-12	6.21e-12
 6.18970e+22	2.96e-05	1.89e-02	5.46e-01	3.98e-01	3.53e-02	1.94e-03	7.35e-05	0.00e+00	0.00e+00	2.96e-05	5.67e-12	6.80e-12
 6.20759e+22	3.17e-05	1.97e-02	5.55e-01	3.89e-01	3.36e-02	1.80e-03	6.71e-05	0.00e+00	0.00e+00	3.17e-05	6.16e-12	7.38e-12
 6.22654e+22	3.47e-05	2.08e-02	5.67e-01	3.79e-01	3.17e-02	1.65e-03	5.98e-05	0.00e+00	0.00e+00	3.47e-05	6.88e-12	8.22e-12
 6.25116e+22	3.91e-05	2.24e-02	5.82e-01	3.65e-01	2.92e-02	1.46e-03	5.13e-05	0.00e+00	0.00e+00	3.91e-05	7.93e-12	9.48e-12
 6.27659e+22	4.29e-05	2.37e-02	5.95e-01	3.53e-01	2.71e-02	1.32e-03	4.49e-05	0.00e+00	0.00e+00	4.29e-05	8.90e-12	1.06e-11
 6.30305e+22	4.86e-05	2.55e-02	6.11e-01	3.37e-01	2.48e-02	1.15e-03	3.80e-05	0.00e+00	0.00e+00	4.86e-05	1.04e-11	1.23e-11
 6.33746e+22	5.76e-05	2.83e-02	6.32e-01	3.17e-01	2.18e-02	9.61e-04	3.02e-05	0.00e+00	0.00e+00	5.76e-05	1.27e-11	1.51e-11
 6.37130e+22	6.43e-05	3.01e-02	6.48e-01	3.01e-01	1.97e-02	8.35e-04	2.53e-05	0.00e+00	0.00e+00	6.43e-05	1.46e-11	1.73e-11
 6.40441e+22	7.49e-05	3.31e-02	6.67e-01	2.82e-01	1.74e-02	7.01e-04	2.03e-05	0.00e+00	0.00e+00	7.49e-05	1.77e-11	2.09e-11
 6.43848e+22	8.47e-05	3.55e-02	6.83e-01	2.65e-01	1.55e-02	5.98e-04	1.67e-05	0.00e+00	0.00e+00	8.47e-05	2.06e-11	2.43e-11
 6.47383e+22	9.95e-05	3.92e-02	7.02e-01	2.45e-01	1.34e-02	4.92e-04	1.31e-05	0.00e+00	0.00e+00	9.95e-05	2.53e-11	2.96e-11
 6.50940e+22	1.13e-04	4.21e-02	7.18e-01	2.28e-01	1.18e-02	4.15e-04	1.06e-05	0.00e+00	0.00e+00	1.13e-04	2.96e-11	3.45e-11
 6.54527e+22	1.33e-04	4.66e-02	7.35e-01	2.08e-01	1.01e-02	3.37e-04	8.18e-06	0.00e+00	0.00e+00	1.33e-04	3.65e-11	4.24e-11
 6.58103e+22	1.51e-04	5.02e-02	7.49e-01	1.92e-01	8.80e-03	2.81e-04	6.56e-06	0.00e+00	0.00e+00	1.51e-04	4.27e-11	4.94e-11
 6.61663e+22	1.79e-04	5.57e-02	7.63e-01	1.73e-01	7.44e-03	2.25e-04	5.00e-06	0.00e+00	0.00e+00	1.79e-04	5.29e-11	6.07e-11
 6.65217e+22	2.03e-04	6.01e-02	7.75e-01	1.58e-01	6.42e-03	1.87e-04	3.97e-06	0.00e+00	0.00e+00	2.03e-04	6.22e-11	7.10e-11
 6.68762e+22	2.42e-04	6.69e-02	7.87e-01	1.41e-01	5.37e-03	1.48e-04	3.00e-06	0.00e+00	0.00e+00	2.42e-04	7.75e-11	8.78e-11
 6.72310e+22	2.77e-04	7.26e-02	7.96e-01	1.27e-01	4.57e-03	1.21e-04	2.34e-06	0.00e+00	0.00e+00	2.77e-04	9.21e-11	1.03e-10
 6.75861e+22	3.32e-04	8.12e-02	8.04e-01	1.11e-01	3.76e-03	9.37e-05	1.73e-06	0.00e+00	0.00e+00	3.32e-04	1.16e-10	1.29e-10
 6.79360e+22	3.83e-04	8.85e-02	8.09e-01	9.87e-02	3.18e-03	7.58e-05	1.34e-06	0.00e+00	0.00e+00	3.83e-04	1.39e-10	1.53e-10
 6.82339e+22	4.40e-04	9.63e-02	8.12e-01	8.81e-02	2.72e-03	6.18e-05	1.06e-06	0.00e+00	0.00e+00	4.40e-04	1.67e-10	1.81e-10
 6.85758e+22	5.36e-04	1.08e-01	8.13e-01	7.56e-02	2.20e-03	4.70e-05	7.64e-07	0.00e+00	0.00e+00	5.36e-04	2.14e-10	2.29e-10
 6.89080e+22	6.19e-04	1.18e-01	8.13e-01	6.64e-02	1.86e-03	3.78e-05	5.93e-07	0.00e+00	0.00e+00	6.19e-04	2.58e-10	2.72e-10
 6.92274e+22	7.46e-04	1.32e-01	8.09e-01	5.67e-02	1.52e-03	2.88e-05	4.35e-07	0.00e+00	0.00e+00	7.46e-04	3.28e-10	3.39e-10
 6.95465e+22	8.69e-04	1.45e-01	8.04e-01	4.92e-02	1.28e-03	2.29e-05	3.35e-07	0.00e+00	0.00e+00	8.69e-04	4.00e-10	4.06e-10
 6.98210e+22	1.01e-03	1.59e-01	7.97e-01	4.28e-02	1.09e-03	1.82e-05	2.60e-07	0.00e+00	0.00e+00	1.01e-03	4.88e-10	4.86e-10
 7.00909e+22	1.19e-03	1.74e-01	7.87e-01	3.70e-02	9.22e-04	1.44e-05	2.01e-07	0.00e+00	0.00e+00	1.19e-03	5.98e-10	5.84e-10
 7.03565e+22	1.38e-03	1.89e-01	7.77e-01	3.20e-02	7.88e-04	1.15e-05	1.57e-07	0.00e+00	0.00e+00	1.38e-03	7.28e-10	6.96e-10
 7.06589e+22	1.68e-03	2.12e-01	7.60e-01	2.65e-02	6.47e-04	8.47e-06	0.00e+00	0.00e+00	0.00e+00	1.68e-03	9.45e-10	8.79e-10
 7.09599e+22	1.99e-03	2.32e-01	7.43e-01	2.23e-02	5.48e-04	6.52e-06	0.00e+00	0.00e+00	0.00e+00	1.99e-03	1.17e-09	1.07e-09
 7.12135e+22	2.34e-03	2.53e-01	7.26e-01	1.90e-02	4.71e-04	5.09e-06	0.00e+00	0.00e+00	0.00e+00	2.34e-03	1.44e-09	1.28e-09
 7.14975e+22	2.84e-03	2.80e-01	7.01e-01	1.55e-02	3.94e-04	3.73e-06	0.00e+00	0.00e+00	0.00e+00	2.84e-03	1.85e-09	1.60e-09
 7.17866e+22	3.40e-03	3.07e-01	6.77e-01	1.27e-02	3.36e-04	2.79e-06	0.00e+00	0.00e+00	0.00e+00	3.40e-03	2.32e-09	1.96e-09
 7.20326e+22	4.01e-03	3.32e-01	6.53e-01	1.06e-02	2.93e-04	2.14e-06	0.00e+00	0.00e+00	0.00e+00	4.01e-03	2.85e-09	2.36e-09
 7.23025e+22	4.93e-03	3.67e-01	6.19e-01	8.45e-03	2.47e-04	1.52e-06	0.00e+00	0.00e+00	0.00e+00	4.93e-03	3.69e-09	2.98e-09
 7.25771e+22	5.95e-03	4.00e-01	5.87e-01	6.79e-03	2.12e-04	1.11e-06	0.00e+00	0.00e+00	0.00e+00	5.95e-03	4.63e-09	3.67e-09
 7.28091e+22	7.08e-03	4.32e-01	5.56e-01	5.53e-03	1.86e-04	8.32e-07	0.00e+00	0.00e+00	0.00e+00	7.08e-03	5.70e-09	4.44e-09
 7.30621e+22	8.78e-03	4.72e-01	5.14e-01	4.25e-03	1.57e-04	5.72e-07	0.00e+00	0.00e+00	0.00e+00	8.78e-03	7.37e-09	5.63e-09
 7.33222e+22	1.08e-02	5.13e-01	4.72e-01	3.26e-03	1.33e-04	3.96e-07	0.00e+00	0.00e+00	0.00e+00	1.08e-02	9.39e-09	7.06e-09
 7.35390e+22	1.31e-02	5.51e-01	4.34e-01	2.55e-03	1.15e-04	2.82e-07	0.00e+00	0.00e+00	0.00e+00	1.31e-02	1.16e-08	8.64e-09
 7.37341e+22	1.57e-02	5.86e-01	3.96e-01	1.99e-03	9.95e-05	2.02e-07	0.00e+00	0.00e+00	0.00e+00	1.57e-02	1.43e-08	1.05e-08
 7.39535e+22	1.97e-02	6.31e-01	3.48e-01	1.44e-03	8.18e-05	1.30e-07	0.00e+00	0.00e+00	0.00e+00	1.97e-02	1.86e-08	1.35e-08
 7.41748e+22	2.48e-02	6.73e-01	3.01e-01	1.03e-03	6.69e-05	0.00e+00	0.00e+00	0.00e+00	0.00e+00	2.48e-02	2.41e-08	1.73e-08
 7.43476e+22	3.02e-02	7.07e-01	2.62e-01	7.65e-04	5.57e-05	0.00e+00	0.00e+00	0.00e+00	0.00e+00	3.02e-02	2.99e-08	2.13e-08
 7.44933e+22	3.61e-02	7.35e-01	2.28e-01	5.75e-04	4.65e-05	0.00e+00	0.00e+00	0.00e+00	0.00e+00	3.61e-02	3.64e-08	2.58e-08
 7.46549e+22	4.44e-02	7.64e-01	1.91e-01	4.05e-04	3.70e-05	0.00e+00	0.00e+00	0.00e+00	0.00e+00	4.44e-02	4.59e-08	3.23e-08
 7.48253e+22	5.59e-02	7.90e-01	1.53e-01	2.72e-04	2.82e-05	0.00e+00	0.00e+00	0.00e+00	0.00e+00	5.59e-02	5.89e-08	4.13e-08
 7.49652e+22	6.85e-02	8.07e-01	1.25e-01	1.90e-04	2.18e-05	0.00e+00	0.00e+00	0.00e+00	0.00e+00	6.85e-02	7.30e-08	5.10e-08
 7.50799e+22	8.18e-02	8.16e-01	1.02e-01	1.38e-04	1.71e-05	0.00e+00	0.00e+00	0.00e+00	0.00e+00	8.18e-02	8.81e-08	6.13e-08
 7.51848e+22	9.71e-02	8.20e-01	8.32e-02	1.00e-04	1.33e-05	0.00e+00	0.00e+00	0.00e+00	0.00e+00	9.71e-02	1.05e-07	7.29e-08
 7.52840e+22	1.15e-01	8.18e-01	6.69e-02	7.32e-05	1.02e-05	0.00e+00	0.00e+00	0.00e+00	0.00e+00	1.15e-01	1.25e-07	8.65e-08
 7.53750e+22	1.36e-01	8.11e-01	5.35e-02	5.39e-05	7.70e-06	0.00e+00	0.00e+00	0.00e+00	0.00e+00	1.36e-01	1.47e-07	1.02e-07
 7.54555e+22	1.58e-01	7.99e-01	4.31e-02	4.07e-05	5.87e-06	0.00e+00	0.00e+00	0.00e+00	0.00e+00	1.58e-01	1.70e-07	1.17e-07
 7.55276e+22	1.81e-01	7.84e-01	3.48e-02	3.14e-05	4.49e-06	0.00e+00	0.00e+00	0.00e+00	0.00e+00	1.81e-01	1.94e-07	1.33e-07
 7.55943e+22	2.07e-01	7.65e-01	2.81e-02	2.45e-05	3.43e-06	0.00e+00	0.00e+00	0.00e+00	0.00e+00	2.07e-01	2.19e-07	1.50e-07
 7.56573e+22	2.35e-01	7.43e-01	2.26e-02	1.93e-05	2.61e-06	0.00e+00	0.00e+00	0.00e+00	0.00e+00	2.35e-01	2.44e-07	1.68e-07
 7.57165e+22	2.64e-01	7.17e-01	1.81e-02	1.54e-05	1.98e-06	0.00e+00	0.00e+00	0.00e+00	0.00e+00	2.64e-01	2.70e-07	1.85e-07
 7.57720e+22	2.96e-01	6.90e-01	1.46e-02	1.24e-05	1.50e-06	0.00e+00	0.00e+00	0.00e+00	0.00e+00	2.96e-01	2.95e-07	2.02e-07
 7.58246e+22	3.28e-01	6.61e-01	1.17e-02	1.01e-05	1.14e-06	0.00e+00	0.00e+00	0.00e+00	0.00e+00	3.28e-01	3.19e-07	2.18e-07
 7.58751e+22	3.61e-01	6.30e-01	9.44e-03	8.34e-06	8.66e-07	0.00e+00	0.00e+00	0.00e+00	0.00e+00	3.61e-01	3.41e-07	2.33e-07
 7.59239e+22	3.95e-01	5.98e-01	7.58e-03	6.92e-06	6.58e-07	0.00e+00	0.00e+00	0.00e+00	0.00e+00	3.95e-01	3.61e-07	2.47e-07
 7.59700e+22	4.28e-01	5.66e-01	6.13e-03	5.82e-06	5.05e-07	0.00e+00	0.00e+00	0.00e+00	0.00e+00	4.28e-01	3.78e-07	2.58e-07
 7.60116e+22	4.58e-01	5.37e-01	5.04e-03	4.99e-06	3.96e-07	0.00e+00	0.00e+00	0.00e+00	0.00e+00	4.58e-01	3.92e-07	2.67e-07
 7.60490e+22	4.85e-01	5.11e-01	4.22e-03	4.36e-06	3.18e-07	0.00e+00	0.00e+00	0.00e+00	0.00e+00	4.85e-01	4.02e-07	2.74e-07
 7.60842e+22	5.10e-01	4.86e-01	3.56e-03	3.85e-06	2.59e-07	0.00e+00	0.00e+00	0.00e+00	0.00e+00	5.10e-01	4.09e-07	2.79e-07
 7.61186e+22	5.35e-01	4.62e-01	3.01e-03	3.42e-06	2.11e-07	0.00e+00	0.00e+00	0.00e+00	0.00e+00	5.35e-01	4.15e-07	2.83e-07
 7.61528e+22	5.59e-01	4.39e-01	2.55e-03	3.05e-06	1.73e-07	0.00e+00	0.00e+00	0.00e+00	0.00e+00	5.59e-01	4.19e-07	2.85e-07
 7.61860e+22	5.81e-01	4.17e-01	2.17e-03	2.74e-06	1.43e-07	0.00e+00	0.00e+00	0.00e+00	0.00e+00	5.81e-01	4.22e-07	2.87e-07
 7.62116e+22	5.96e-01	4.02e-01	1.93e-03	2.54e-06	1.25e-07	0.00e+00	0.00e+00	0.00e+00	0.00e+00	5.96e-01	4.23e-07	2.87e-07
 7.62289e+22	6.06e-01	3.92e-01	1.78e-03	2.42e-06	0.00e+00	0.00e+00	0.00e+00	0.00e+00	0.00e+00	6.06e-01	4.23e-07	2.87e-07
 7.62458e+22	6.17e-01	3.82e-01	1.64e-03	2.29e-06	0.00e+00	0.00e+00	0.00e+00	0.00e+00	0.00e+00	6.17e-01	4.23e-07	2.87e-07
 7.62658e+22	6.28e-01	3.70e-01	1.49e-03	2.16e-06	0.00e+00	0.00e+00	0.00e+00	0.00e+00	0.00e+00	6.28e-01	4.22e-07	2.87e-07
 7.62878e+22	6.41e-01	3.57e-01	1.34e-03	2.03e-06	0.00e+00	0.00e+00	0.00e+00	0.00e+00	0.00e+00	6.41e-01	4.22e-07	2.86e-07
 7.63097e+22	6.53e-01	3.45e-01	1.21e-03	1.90e-06	0.00e+00	0.00e+00	0.00e+00	0.00e+00	0.00e+00	6.53e-01	4.20e-07	2.85e-07
 7.63306e+22	6.65e-01	3.34e-01	1.10e-03	1.80e-06	0.00e+00	0.00e+00	0.00e+00	0.00e+00	0.00e+00	6.65e-01	4.19e-07	2.84e-07
 7.63515e+22	6.76e-01	3.23e-01	9.92e-04	1.70e-06	0.00e+00	0.00e+00	0.00e+00	0.00e+00	0.00e+00	6.76e-01	4.17e-07	2.83e-07
 7.63732e+22	6.87e-01	3.12e-01	8.95e-04	1.60e-06	0.00e+00	0.00e+00	0.00e+00	0.00e+00	0.00e+00	6.87e-01	4.15e-07	2.81e-07
 7.63955e+22	6.98e-01	3.01e-01	8.06e-04	1.51e-06	0.00e+00	0.00e+00	0.00e+00	0.00e+00	0.00e+00	6.98e-01	4.12e-07	2.79e-07
 7.64179e+22	7.08e-01	2.91e-01	7.25e-04	1.42e-06	0.00e+00	0.00e+00	0.00e+00	0.00e+00	0.00e+00	7.08e-01	4.09e-07	2.77e-07
 7.64404e+22	7.19e-01	2.81e-01	6.53e-04	1.34e-06	0.00e+00	0.00e+00	0.00e+00	0.00e+00	0.00e+00	7.19e-01	4.06e-07	2.75e-07
 7.64632e+22	7.29e-01	2.71e-01	5.88e-04	1.26e-06	0.00e+00	0.00e+00	0.00e+00	0.00e+00	0.00e+00	7.29e-01	4.03e-07	2.73e-07
 7.64866e+22	7.39e-01	2.61e-01	5.28e-04	1.19e-06	0.00e+00	0.00e+00	0.00e+00	0.00e+00	0.00e+00	7.39e-01	3.99e-07	2.70e-07
 7.65104e+22	7.49e-01	2.51e-01	4.74e-04	1.13e-06	0.00e+00	0.00e+00	0.00e+00	0.00e+00	0.00e+00	7.49e-01	3.95e-07	2.67e-07
 7.65345e+22	7.58e-01	2.42e-01	4.25e-04	1.06e-06	0.00e+00	0.00e+00	0.00e+00	0.00e+00	0.00e+00	7.58e-01	3.91e-07	2.64e-07
 7.65589e+22	7.67e-01	2.32e-01	3.81e-04	1.00e-06	0.00e+00	0.00e+00	0.00e+00	0.00e+00	0.00e+00	7.67e-01	3.87e-07	2.62e-07
 7.65838e+22	7.76e-01	2.24e-01	3.42e-04	9.48e-07	0.00e+00	0.00e+00	0.00e+00	0.00e+00	0.00e+00	7.76e-01	3.83e-07	2.59e-07
 7.66092e+22	7.85e-01	2.15e-01	3.06e-04	8.95e-07	0.00e+00	0.00e+00	0.00e+00	0.00e+00	0.00e+00	7.85e-01	3.78e-07	2.55e-07
 7.66351e+22	7.93e-01	2.07e-01	2.75e-04	8.45e-07	0.00e+00	0.00e+00	0.00e+00	0.00e+00	0.00e+00	7.93e-01	3.74e-07	2.52e-07
 7.66616e+22	8.01e-01	1.98e-01	2.46e-04	7.99e-07	0.00e+00	0.00e+00	0.00e+00	0.00e+00	0.00e+00	8.01e-01	3.69e-07	2.49e-07
 7.66886e+22	8.09e-01	1.91e-01	2.21e-04	7.55e-07	0.00e+00	0.00e+00	0.00e+00	0.00e+00	0.00e+00	8.09e-01	3.65e-07	2.46e-07
 7.67163e+22	8.17e-01	1.83e-01	1.98e-04	7.13e-07	0.00e+00	0.00e+00	0.00e+00	0.00e+00	0.00e+00	8.17e-01	3.60e-07	2.42e-07
 7.67446e+22	8.24e-01	1.76e-01	1.78e-04	6.74e-07	0.00e+00	0.00e+00	0.00e+00	0.00e+00	0.00e+00	8.24e-01	3.55e-07	2.39e-07
 7.67737e+22	8.31e-01	1.68e-01	1.59e-04	6.37e-07	0.00e+00	0.00e+00	0.00e+00	0.00e+00	0.00e+00	8.31e-01	3.51e-07	2.36e-07
 7.68038e+22	8.38e-01	1.62e-01	1.43e-04	6.03e-07	0.00e+00	0.00e+00	0.00e+00	0.00e+00	0.00e+00	8.38e-01	3.46e-07	2.32e-07
 7.68348e+22	8.45e-01	1.55e-01	1.29e-04	5.70e-07	0.00e+00	0.00e+00	0.00e+00	0.00e+00	0.00e+00	8.45e-01	3.41e-07	2.29e-07
 7.68665e+22	8.51e-01	1.49e-01	1.17e-04	5.40e-07	0.00e+00	0.00e+00	0.00e+00	0.00e+00	0.00e+00	8.51e-01	3.37e-07	2.26e-07
 7.68986e+22	8.57e-01	1.43e-01	1.06e-04	5.12e-07	0.00e+00	0.00e+00	0.00e+00	0.00e+00	0.00e+00	8.57e-01	3.33e-07	2.23e-07
 7.69312e+22	8.63e-01	1.37e-01	9.66e-05	4.86e-07	0.00e+00	0.00e+00	0.00e+00	0.00e+00	0.00e+00	8.63e-01	3.28e-07	2.18e-07
 7.69655e+22	8.68e-01	1.32e-01	8.82e-05	4.61e-07	0.00e+00	0.00e+00	0.00e+00	0.00e+00	0.00e+00	8.68e-01	3.23e-07	2.14e-07
 7.70010e+22	8.73e-01	1.27e-01	8.09e-05	4.38e-07	0.00e+00	0.00e+00	0.00e+00	0.00e+00	0.00e+00	8.73e-01	3.19e-07	2.11e-07
 7.70366e+22	8.78e-01	1.22e-01	7.47e-05	4.17e-07	0.00e+00	0.00e+00	0.00e+00	0.00e+00	0.00e+00	8.78e-01	3.14e-07	2.07e-07
 7.70734e+22	8.82e-01	1.17e-01	6.93e-05	3.98e-07	0.00e+00	0.00e+00	0.00e+00	0.00e+00	0.00e+00	8.82e-01	3.10e-07	2.03e-07
 7.71120e+22	8.87e-01	1.13e-01	6.45e-05	3.80e-07	0.00e+00	0.00e+00	0.00e+00	0.00e+00	0.00e+00	8.87e-01	3.07e-07	2.00e-07
 7.71527e+22	8.91e-01	1.09e-01	6.03e-05	3.62e-07	0.00e+00	0.00e+00	0.00e+00	0.00e+00	0.00e+00	8.91e-01	3.03e-07	1.96e-07
 7.71955e+22	8.95e-01	1.05e-01	5.66e-05	3.46e-07	0.00e+00	0.00e+00	0.00e+00	0.00e+00	0.00e+00	8.95e-01	2.99e-07	1.93e-07
 7.72402e+22	8.98e-01	1.02e-01	5.34e-05	3.32e-07	0.00e+00	0.00e+00	0.00e+00	0.00e+00	0.00e+00	8.98e-01	2.97e-07	1.90e-07
 7.72879e+22	9.02e-01	9.84e-02	5.06e-05	3.17e-07	0.00e+00	0.00e+00	0.00e+00	0.00e+00	0.00e+00	9.02e-01	2.94e-07	1.87e-07
 7.73399e+22	9.05e-01	9.50e-02	4.80e-05	3.03e-07	0.00e+00	0.00e+00	0.00e+00	0.00e+00	0.00e+00	9.05e-01	2.91e-07	1.85e-07
 7.73959e+22	9.08e-01	9.18e-02	4.58e-05	2.90e-07	0.00e+00	0.00e+00	0.00e+00	0.00e+00	0.00e+00	9.08e-01	2.88e-07	1.82e-07
 7.74564e+22	9.11e-01	8.88e-02	4.39e-05	2.77e-07	0.00e+00	0.00e+00	0.00e+00	0.00e+00	0.00e+00	9.11e-01	2.86e-07	1.80e-07
 7.75212e+22	9.14e-01	8.59e-02	4.22e-05	2.65e-07	0.00e+00	0.00e+00	0.00e+00	0.00e+00	0.00e+00	9.14e-01	2.84e-07	1.77e-07
 7.75885e+22	9.17e-01	8.32e-02	4.07e-05	2.54e-07	0.00e+00	0.00e+00	0.00e+00	0.00e+00	0.00e+00	9.17e-01	2.82e-07	1.75e-07
 7.76558e+22	9.19e-01	8.10e-02	3.96e-05	2.45e-07	0.00e+00	0.00e+00	0.00e+00	0.00e+00	0.00e+00	9.19e-01	2.81e-07	1.74e-07
 7.77248e+22	9.21e-01	7.87e-02	3.85e-05	2.35e-07	0.00e+00	0.00e+00	0.00e+00	0.00e+00	0.00e+00	9.21e-01	2.80e-07	1.72e-07
 7.77946e+22	9.23e-01	7.68e-02	3.77e-05	2.27e-07	0.00e+00	0.00e+00	0.00e+00	0.00e+00	0.00e+00	9.23e-01	2.80e-07	1.71e-07
 7.78656e+22	9.25e-01	7.47e-02	3.69e-05	2.19e-07	0.00e+00	0.00e+00	0.00e+00	0.00e+00	0.00e+00	9.25e-01	2.79e-07	1.69e-07
 7.79370e+22	9.27e-01	7.29e-02	3.62e-05	2.11e-07	0.00e+00	0.00e+00	0.00e+00	0.00e+00	0.00e+00	9.27e-01	2.78e-07	1.68e-07
 7.80077e+22	9.29e-01	7.11e-02	3.55e-05	2.04e-07	0.00e+00	0.00e+00	0.00e+00	0.00e+00	0.00e+00	9.29e-01	2.77e-07	1.67e-07
 7.80771e+22	9.31e-01	6.94e-02	3.49e-05	1.97e-07	0.00e+00	0.00e+00	0.00e+00	0.00e+00	0.00e+00	9.31e-01	2.77e-07	1.66e-07
 7.81455e+22	9.32e-01	6.78e-02	3.44e-05	1.91e-07	0.00e+00	0.00e+00	0.00e+00	0.00e+00	0.00e+00	9.32e-01	2.76e-07	1.65e-07
 7.82147e+22	9.34e-01	6.62e-02	3.39e-05	1.85e-07	0.00e+00	0.00e+00	0.00e+00	0.00e+00	0.00e+00	9.34e-01	2.76e-07	1.64e-07
 7.82824e+22	9.35e-01	6.47e-02	3.35e-05	1.79e-07	0.00e+00	0.00e+00	0.00e+00	0.00e+00	0.00e+00	9.35e-01	2.75e-07	1.63e-07
 7.83485e+22	9.37e-01	6.33e-02	3.31e-05	1.73e-07	0.00e+00	0.00e+00	0.00e+00	0.00e+00	0.00e+00	9.37e-01	2.75e-07	1.62e-07
 7.84128e+22	9.38e-01	6.19e-02	3.27e-05	1.68e-07	0.00e+00	0.00e+00	0.00e+00	0.00e+00	0.00e+00	9.38e-01	2.75e-07	1.62e-07
 7.84755e+22	9.39e-01	6.05e-02	3.23e-05	1.63e-07	0.00e+00	0.00e+00	0.00e+00	0.00e+00	0.00e+00	9.39e-01	2.74e-07	1.61e-07
 7.85365e+22	9.41e-01	5.92e-02	3.20e-05	1.58e-07	0.00e+00	0.00e+00	0.00e+00	0.00e+00	0.00e+00	9.41e-01	2.74e-07	1.60e-07
 7.85955e+22	9.42e-01	5.80e-02	3.17e-05	1.54e-07	0.00e+00	0.00e+00	0.00e+00	0.00e+00	0.00e+00	9.42e-01	2.74e-07	1.60e-07
 7.86527e+22	9.43e-01	5.68e-02	3.14e-05	1.49e-07	0.00e+00	0.00e+00	0.00e+00	0.00e+00	0.00e+00	9.43e-01	2.74e-07	1.59e-07
 7.87082e+22	9.44e-01	5.56e-02	3.12e-05	1.45e-07	0.00e+00	0.00e+00	0.00e+00	0.00e+00	0.00e+00	9.44e-01	2.73e-07	1.58e-07
 7.87619e+22	9.46e-01	5.45e-02	3.09e-05	1.42e-07	0.00e+00	0.00e+00	0.00e+00	0.00e+00	0.00e+00	9.46e-01	2.73e-07	1.58e-07
 7.88141e+22	9.47e-01	5.33e-02	3.07e-05	1.38e-07	0.00e+00	0.00e+00	0.00e+00	0.00e+00	0.00e+00	9.47e-01	2.73e-07	1.57e-07
 7.88636e+22	9.48e-01	5.23e-02	3.05e-05	1.34e-07	0.00e+00	0.00e+00	0.00e+00	0.00e+00	0.00e+00	9.48e-01	2.73e-07	1.56e-07
 7.89091e+22	9.49e-01	5.14e-02	3.03e-05	1.31e-07	0.00e+00	0.00e+00	0.00e+00	0.00e+00	0.00e+00	9.49e-01	2.72e-07	1.56e-07
 7.89506e+22	9.49e-01	5.06e-02	3.01e-05	1.29e-07	0.00e+00	0.00e+00	0.00e+00	0.00e+00	0.00e+00	9.49e-01	2.72e-07	1.55e-07
 7.89883e+22	9.50e-01	4.98e-02	3.00e-05	1.26e-07	0.00e+00	0.00e+00	0.00e+00	0.00e+00	0.00e+00	9.50e-01	2.72e-07	1.55e-07
 7.90227e+22	9.51e-01	4.91e-02	2.98e-05	1.24e-07	0.00e+00	0.00e+00	0.00e+00	0.00e+00	0.00e+00	9.51e-01	2.71e-07	1.54e-07
 7.90539e+22	9.51e-01	4.85e-02	2.97e-05	0.00e+00	0.00e+00	0.00e+00	0.00e+00	0.00e+00	0.00e+00	9.51e-01	2.71e-07	1.54e-07
 7.90823e+22	9.52e-01	4.80e-02	2.96e-05	0.00e+00	0.00e+00	0.00e+00	0.00e+00	0.00e+00	0.00e+00	9.52e-01	2.71e-07	1.53e-07
 7.91082e+22	9.53e-01	4.74e-02	2.95e-05	0.00e+00	0.00e+00	0.00e+00	0.00e+00	0.00e+00	0.00e+00	9.53e-01	2.70e-07	1.53e-07
 7.91318e+22	9.53e-01	4.71e-02	2.95e-05	0.00e+00	0.00e+00	0.00e+00	0.00e+00	0.00e+00	0.00e+00	9.53e-01	2.70e-07	1.52e-07
 7.91576e+22	9.54e-01	4.65e-02	2.93e-05	0.00e+00	0.00e+00	0.00e+00	0.00e+00	0.00e+00	0.00e+00	9.54e-01	2.69e-07	1.52e-07
 7.91911e+22	9.54e-01	4.56e-02	2.91e-05	0.00e+00	0.00e+00	0.00e+00	0.00e+00	0.00e+00	0.00e+00	9.54e-01	2.68e-07	1.52e-07
 7.92273e+22	9.55e-01	4.47e-02	2.89e-05	0.00e+00	0.00e+00	0.00e+00	0.00e+00	0.00e+00	0.00e+00	9.55e-01	2.67e-07	1.51e-07
 7.92603e+22	9.56e-01	4.40e-02	2.87e-05	0.00e+00	0.00e+00	0.00e+00	0.00e+00	0.00e+00	0.00e+00	9.56e-01	2.65e-07	1.51e-07
 7.92903e+22	9.56e-01	4.36e-02	2.86e-05	0.00e+00	0.00e+00	0.00e+00	0.00e+00	0.00e+00	0.00e+00	9.56e-01	2.65e-07	1.50e-07
 7.93176e+22	9.57e-01	4.30e-02	2.85e-05	0.00e+00	0.00e+00	0.00e+00	0.00e+00	0.00e+00	0.00e+00	9.57e-01	2.64e-07	1.50e-07
 7.93424e+22	9.57e-01	4.26e-02	2.84e-05	0.00e+00	0.00e+00	0.00e+00	0.00e+00	0.00e+00	0.00e+00	9.57e-01	2.63e-07	1.49e-07
 7.93696e+22	9.58e-01	4.19e-02	2.82e-05	0.00e+00	0.00e+00	0.00e+00	0.00e+00	0.00e+00	0.00e+00	9.58e-01	2.62e-07	1.49e-07
 7.93990e+22	9.59e-01	4.12e-02	2.80e-05	0.00e+00	0.00e+00	0.00e+00	0.00e+00	0.00e+00	0.00e+00	9.59e-01	2.61e-07	1.48e-07
 7.94257e+22	9.59e-01	4.08e-02	2.79e-05	0.00e+00	0.00e+00	0.00e+00	0.00e+00	0.00e+00	0.00e+00	9.59e-01	2.61e-07	1.48e-07
