#depth	He	He+	He+2
 4.62852e+21	1.99e-10	2.30e-05	1.00e+00
 1.02674e+22	4.25e-10	4.17e-05	1.00e+00
 1.17169e+22	5.61e-10	5.21e-05	1.00e+00
 1.23756e+22	6.38e-10	5.78e-05	1.00e+00
 1.26507e+22	6.59e-10	5.93e-05	1.00e+00
 1.27786e+22	6.86e-10	6.14e-05	1.00e+00
 1.29230e+22	7.14e-10	6.35e-05	1.00e+00
 1.30890e+22	7.51e-10	6.62e-05	1.00e+00
 1.32589e+22	7.82e-10	6.85e-05	1.00e+00
 1.34339e+22	8.24e-10	7.14e-05	1.00e+00
 1.36048e+22	8.57e-10	7.37e-05	1.00e+00
 1.37706e+22	8.99e-10	7.68e-05	1.00e+00
 1.39381e+22	9.34e-10	7.92e-05	1.00e+00
 1.41077e+22	9.80e-10	8.23e-05	1.00e+00
 1.42875e+22	1.02e-09	8.53e-05	1.00e+00
 1.44537e+22	1.07e-09	8.83e-05	1.00e+00
 1.46428e+22	1.13e-09	9.21e-05	1.00e+00
 1.48414e+22	1.18e-09	9.56e-05	1.00e+00
 1.50523e+22	1.25e-09	1.00e-04	1.00e+00
 1.52575e+22	1.31e-09	1.04e-04	1.00e+00
 1.54553e+22	1.38e-09	1.08e-04	1.00e+00
 1.56552e+22	1.44e-09	1.12e-04	1.00e+00
 1.58579e+22	1.52e-09	1.17e-04	1.00e+00
 1.60634e+22	1.59e-09	1.22e-04	1.00e+00
 1.62726e+22	1.67e-09	1.27e-04	1.00e+00
 1.64844e+22	1.75e-09	1.32e-04	1.00e+00
 1.66996e+22	1.84e-09	1.39e-04	1.00e+00
 1.69153e+22	1.92e-09	1.44e-04	1.00e+00
 1.71318e+22	2.02e-09	1.52e-04	1.00e+00
 1.73509e+22	2.11e-09	1.58e-04	1.00e+00
 1.75733e+22	2.21e-09	1.66e-04	1.00e+00
 1.77991e+22	2.30e-09	1.73e-04	1.00e+00
 1.80291e+22	2.41e-09	1.83e-04	1.00e+00
 1.82448e+22	2.49e-09	1.89e-04	1.00e+00
 1.84419e+22	2.58e-09	1.98e-04	1.00e+00
 1.86436e+22	2.66e-09	2.06e-04	1.00e+00
 1.88514e+22	2.74e-09	2.17e-04	1.00e+00
 1.90610e+22	2.83e-09	2.25e-04	1.00e+00
 1.92731e+22	2.91e-09	2.38e-04	1.00e+00
 1.94895e+22	2.97e-09	2.48e-04	1.00e+00
 1.97112e+22	3.05e-09	2.62e-04	1.00e+00
 1.99382e+22	3.11e-09	2.75e-04	1.00e+00
 2.01721e+22	3.17e-09	2.92e-04	1.00e+00
 2.04096e+22	3.22e-09	3.06e-04	1.00e+00
 2.06476e+22	3.26e-09	3.26e-04	1.00e+00
 2.08876e+22	3.30e-09	3.42e-04	1.00e+00
 2.11230e+22	3.32e-09	3.63e-04	1.00e+00
 2.13609e+22	3.35e-09	3.83e-04	1.00e+00
 2.15682e+22	3.37e-09	4.00e-04	1.00e+00
 2.17884e+22	3.38e-09	4.24e-04	1.00e+00
 2.20105e+22	3.41e-09	4.44e-04	1.00e+00
 2.22082e+22	3.43e-09	4.65e-04	1.00e+00
 2.24282e+22	3.47e-09	4.93e-04	1.00e+00
 2.26460e+22	3.52e-09	5.15e-04	9.99e-01
 2.28667e+22	3.58e-09	5.46e-04	9.99e-01
 2.30874e+22	3.65e-09	5.70e-04	9.99e-01
 2.33081e+22	3.75e-09	6.03e-04	9.99e-01
 2.35301e+22	3.86e-09	6.30e-04	9.99e-01
 2.37535e+22	4.02e-09	6.68e-04	9.99e-01
 2.39787e+22	4.17e-09	6.97e-04	9.99e-01
 2.42060e+22	4.39e-09	7.38e-04	9.99e-01
 2.44363e+22	4.61e-09	7.72e-04	9.99e-01
 2.46706e+22	4.92e-09	8.18e-04	9.99e-01
 2.49085e+22	5.21e-09	8.56e-04	9.99e-01
 2.51514e+22	5.64e-09	9.09e-04	9.99e-01
 2.53995e+22	6.04e-09	9.52e-04	9.99e-01
 2.56544e+22	6.63e-09	1.01e-03	9.99e-01
 2.59113e+22	7.15e-09	1.06e-03	9.99e-01
 2.61296e+22	7.70e-09	1.11e-03	9.99e-01
 2.63725e+22	8.49e-09	1.17e-03	9.99e-01
 2.66049e+22	9.09e-09	1.22e-03	9.99e-01
 2.68236e+22	9.97e-09	1.28e-03	9.99e-01
 2.70455e+22	1.07e-08	1.33e-03	9.99e-01
 2.72714e+22	1.18e-08	1.41e-03	9.99e-01
 2.74987e+22	1.28e-08	1.46e-03	9.99e-01
 2.77278e+22	1.41e-08	1.54e-03	9.98e-01
 2.79599e+22	1.53e-08	1.60e-03	9.98e-01
 2.81957e+22	1.70e-08	1.69e-03	9.98e-01
 2.84352e+22	1.84e-08	1.76e-03	9.98e-01
 2.86795e+22	2.06e-08	1.86e-03	9.98e-01
 2.89282e+22	2.24e-08	1.94e-03	9.98e-01
 2.91828e+22	2.51e-08	2.05e-03	9.98e-01
 2.94426e+22	2.74e-08	2.14e-03	9.98e-01
 2.97091e+22	3.10e-08	2.27e-03	9.98e-01
 2.99767e+22	3.39e-08	2.37e-03	9.98e-01
 3.02457e+22	3.82e-08	2.52e-03	9.97e-01
 3.05187e+22	4.18e-08	2.63e-03	9.97e-01
 3.07559e+22	4.58e-08	2.75e-03	9.97e-01
 3.10233e+22	5.15e-08	2.91e-03	9.97e-01
 3.12934e+22	5.63e-08	3.04e-03	9.97e-01
 3.15187e+22	6.10e-08	3.16e-03	9.97e-01
 3.17635e+22	6.79e-08	3.33e-03	9.97e-01
 3.20061e+22	7.35e-08	3.46e-03	9.97e-01
 3.22461e+22	8.11e-08	3.62e-03	9.96e-01
 3.24961e+22	8.88e-08	3.79e-03	9.96e-01
 3.27188e+22	9.62e-08	3.94e-03	9.96e-01
 3.29679e+22	1.06e-07	4.13e-03	9.96e-01
 3.32309e+22	1.17e-07	4.33e-03	9.96e-01
 3.34704e+22	1.27e-07	4.51e-03	9.95e-01
 3.37402e+22	1.42e-07	4.76e-03	9.95e-01
 3.40178e+22	1.56e-07	4.98e-03	9.95e-01
 3.42674e+22	1.71e-07	5.21e-03	9.95e-01
 3.45535e+22	1.91e-07	5.51e-03	9.94e-01
 3.48440e+22	2.10e-07	5.76e-03	9.94e-01
 3.51013e+22	2.30e-07	6.03e-03	9.94e-01
 3.53972e+22	2.59e-07	6.38e-03	9.94e-01
 3.56987e+22	2.85e-07	6.69e-03	9.93e-01
 3.60074e+22	3.22e-07	7.10e-03	9.93e-01
 3.63208e+22	3.56e-07	7.46e-03	9.93e-01
 3.66404e+22	4.02e-07	7.91e-03	9.92e-01
 3.69687e+22	4.48e-07	8.35e-03	9.92e-01
 3.72553e+22	4.93e-07	8.75e-03	9.91e-01
 3.75748e+22	5.55e-07	9.28e-03	9.91e-01
 3.79139e+22	6.21e-07	9.80e-03	9.90e-01
 3.81903e+22	6.77e-07	1.02e-02	9.90e-01
 3.84612e+22	7.48e-07	1.07e-02	9.89e-01
 3.87499e+22	8.20e-07	1.12e-02	9.89e-01
 3.90186e+22	8.96e-07	1.17e-02	9.88e-01
 3.93250e+22	1.01e-06	1.24e-02	9.88e-01
 3.96351e+22	1.11e-06	1.30e-02	9.87e-01
 3.99500e+22	1.24e-06	1.38e-02	9.86e-01
 4.02673e+22	1.37e-06	1.45e-02	9.86e-01
 4.05414e+22	1.50e-06	1.51e-02	9.85e-01
 4.08513e+22	1.69e-06	1.60e-02	9.84e-01
 4.11706e+22	1.85e-06	1.68e-02	9.83e-01
 4.15020e+22	2.10e-06	1.79e-02	9.82e-01
 4.18351e+22	2.32e-06	1.88e-02	9.81e-01
 4.21704e+22	2.62e-06	1.99e-02	9.80e-01
 4.25180e+22	2.92e-06	2.10e-02	9.79e-01
 4.28281e+22	3.23e-06	2.21e-02	9.78e-01
 4.31779e+22	3.66e-06	2.35e-02	9.77e-01
 4.35369e+22	4.10e-06	2.48e-02	9.75e-01
 4.38538e+22	4.54e-06	2.61e-02	9.74e-01
 4.42117e+22	5.17e-06	2.78e-02	9.72e-01
 4.45802e+22	5.79e-06	2.94e-02	9.71e-01
 4.49070e+22	6.44e-06	3.09e-02	9.69e-01
 4.52767e+22	7.37e-06	3.30e-02	9.67e-01
 4.56552e+22	8.26e-06	3.49e-02	9.65e-01
 4.60451e+22	9.52e-06	3.74e-02	9.63e-01
 4.64403e+22	1.07e-05	3.97e-02	9.60e-01
 4.68424e+22	1.23e-05	4.25e-02	9.58e-01
 4.72550e+22	1.40e-05	4.52e-02	9.55e-01
 4.76205e+22	1.57e-05	4.78e-02	9.52e-01
 4.80347e+22	1.83e-05	5.14e-02	9.49e-01
 4.84613e+22	2.07e-05	5.46e-02	9.45e-01
 4.88412e+22	2.34e-05	5.79e-02	9.42e-01
 4.92725e+22	2.72e-05	6.23e-02	9.38e-01
 4.97093e+22	3.08e-05	6.62e-02	9.34e-01
 5.00931e+22	3.48e-05	7.02e-02	9.30e-01
 5.04484e+22	3.86e-05	7.38e-02	9.26e-01
 5.08267e+22	4.40e-05	7.85e-02	9.21e-01
 5.12116e+22	4.91e-05	8.27e-02	9.17e-01
 5.15496e+22	5.44e-05	8.69e-02	9.13e-01
 5.19336e+22	6.21e-05	9.26e-02	9.07e-01
 5.23252e+22	6.93e-05	9.76e-02	9.02e-01
 5.27265e+22	7.91e-05	1.04e-01	8.96e-01
 5.31370e+22	8.90e-05	1.10e-01	8.90e-01
 5.34961e+22	9.89e-05	1.15e-01	8.85e-01
 5.38296e+22	1.09e-04	1.21e-01	8.79e-01
 5.41443e+22	1.19e-04	1.26e-01	8.74e-01
 5.45047e+22	1.34e-04	1.33e-01	8.67e-01
 5.48711e+22	1.48e-04	1.39e-01	8.61e-01
 5.51933e+22	1.63e-04	1.45e-01	8.55e-01
 5.55600e+22	1.83e-04	1.53e-01	8.46e-01
 5.59325e+22	2.02e-04	1.61e-01	8.39e-01
 5.62609e+22	2.22e-04	1.68e-01	8.32e-01
 5.66361e+22	2.50e-04	1.77e-01	8.23e-01
 5.70154e+22	2.75e-04	1.85e-01	8.15e-01
 5.74000e+22	3.11e-04	1.95e-01	8.05e-01
 5.77898e+22	3.43e-04	2.04e-01	7.96e-01
 5.81866e+22	3.87e-04	2.15e-01	7.84e-01
 5.85872e+22	4.28e-04	2.25e-01	7.74e-01
 5.89927e+22	4.84e-04	2.38e-01	7.62e-01
 5.94040e+22	5.35e-04	2.49e-01	7.50e-01
 5.98227e+22	6.06e-04	2.63e-01	7.36e-01
 6.02488e+22	6.72e-04	2.76e-01	7.24e-01
 6.06842e+22	7.63e-04	2.92e-01	7.07e-01
 6.11281e+22	8.48e-04	3.06e-01	6.93e-01
 6.14291e+22	8.95e-04	3.14e-01	6.86e-01
 6.16663e+22	9.61e-04	3.24e-01	6.75e-01
 6.18970e+22	1.01e-03	3.31e-01	6.68e-01
 6.20759e+22	1.05e-03	3.37e-01	6.62e-01
 6.22654e+22	1.11e-03	3.45e-01	6.53e-01
 6.25116e+22	1.19e-03	3.57e-01	6.42e-01
 6.27659e+22	1.26e-03	3.67e-01	6.32e-01
 6.30305e+22	1.36e-03	3.79e-01	6.19e-01
 6.33746e+22	1.51e-03	3.97e-01	6.01e-01
 6.37130e+22	1.63e-03	4.11e-01	5.87e-01
 6.40441e+22	1.79e-03	4.29e-01	5.69e-01
 6.43848e+22	1.94e-03	4.46e-01	5.52e-01
 6.47383e+22	2.15e-03	4.66e-01	5.32e-01
 6.50940e+22	2.34e-03	4.85e-01	5.13e-01
 6.54527e+22	2.59e-03	5.07e-01	4.90e-01
 6.58103e+22	2.83e-03	5.28e-01	4.69e-01
 6.61663e+22	3.14e-03	5.53e-01	4.44e-01
 6.65217e+22	3.43e-03	5.75e-01	4.21e-01
 6.68762e+22	3.81e-03	6.01e-01	3.95e-01
 6.72310e+22	4.16e-03	6.25e-01	3.71e-01
 6.75861e+22	4.64e-03	6.52e-01	3.43e-01
 6.79360e+22	5.07e-03	6.77e-01	3.18e-01
 6.82339e+22	5.50e-03	6.98e-01	2.96e-01
 6.85758e+22	6.13e-03	7.25e-01	2.69e-01
 6.89080e+22	6.66e-03	7.47e-01	2.46e-01
 6.92274e+22	7.34e-03	7.71e-01	2.22e-01
 6.95465e+22	7.96e-03	7.91e-01	2.01e-01
 6.98210e+22	8.61e-03	8.08e-01	1.83e-01
 7.00909e+22	9.30e-03	8.25e-01	1.66e-01
 7.03565e+22	9.99e-03	8.40e-01	1.50e-01
 7.06589e+22	1.10e-02	8.56e-01	1.33e-01
 7.09599e+22	1.18e-02	8.70e-01	1.18e-01
 7.12135e+22	1.27e-02	8.81e-01	1.07e-01
 7.14975e+22	1.38e-02	8.92e-01	9.45e-02
 7.17866e+22	1.49e-02	9.01e-01	8.39e-02
 7.20326e+22	1.59e-02	9.08e-01	7.57e-02
 7.23025e+22	1.73e-02	9.16e-01	6.69e-02
 7.25771e+22	1.86e-02	9.21e-01	5.99e-02
 7.28091e+22	1.99e-02	9.26e-01	5.44e-02
 7.30621e+22	2.16e-02	9.30e-01	4.86e-02
 7.33222e+22	2.34e-02	9.33e-01	4.39e-02
 7.35390e+22	2.51e-02	9.35e-01	4.03e-02
 7.37341e+22	2.69e-02	9.36e-01	3.73e-02
 7.39535e+22	2.94e-02	9.37e-01	3.40e-02
 7.41748e+22	3.21e-02	9.37e-01	3.13e-02
 7.43476e+22	3.45e-02	9.36e-01	2.95e-02
 7.44933e+22	3.71e-02	9.35e-01	2.79e-02
 7.46549e+22	4.05e-02	9.33e-01	2.62e-02
 7.48253e+22	4.46e-02	9.31e-01	2.47e-02
 7.49652e+22	4.87e-02	9.28e-01	2.37e-02
 7.50799e+22	5.29e-02	9.24e-01	2.28e-02
 7.51848e+22	5.74e-02	9.21e-01	2.21e-02
 7.52840e+22	6.24e-02	9.16e-01	2.14e-02
 7.53750e+22	6.78e-02	9.11e-01	2.09e-02
 7.54555e+22	7.34e-02	9.06e-01	2.05e-02
 7.55276e+22	7.92e-02	9.01e-01	2.01e-02
 7.55943e+22	8.55e-02	8.95e-01	1.99e-02
 7.56573e+22	9.21e-02	8.88e-01	1.97e-02
 7.57165e+22	9.92e-02	8.81e-01	1.96e-02
 7.57720e+22	1.07e-01	8.74e-01	1.95e-02
 7.58246e+22	1.15e-01	8.66e-01	1.96e-02
 7.58751e+22	1.23e-01	8.57e-01	1.96e-02
 7.59239e+22	1.32e-01	8.48e-01	1.97e-02
 7.59700e+22	1.42e-01	8.39e-01	1.99e-02
 7.60116e+22	1.51e-01	8.29e-01	2.01e-02
 7.60490e+22	1.60e-01	8.20e-01	2.02e-02
 7.60842e+22	1.69e-01	8.11e-01	2.04e-02
 7.61186e+22	1.79e-01	8.01e-01	2.05e-02
 7.61528e+22	1.89e-01	7.90e-01	2.07e-02
 7.61860e+22	2.00e-01	7.80e-01	2.09e-02
 7.62116e+22	2.07e-01	7.72e-01	2.11e-02
 7.62289e+22	2.13e-01	7.66e-01	2.11e-02
 7.62458e+22	2.20e-01	7.59e-01	2.11e-02
 7.62658e+22	2.27e-01	7.52e-01	2.12e-02
 7.62878e+22	2.36e-01	7.43e-01	2.12e-02
 7.63097e+22	2.44e-01	7.35e-01	2.13e-02
 7.63306e+22	2.52e-01	7.26e-01	2.14e-02
 7.63515e+22	2.61e-01	7.17e-01	2.14e-02
 7.63732e+22	2.70e-01	7.08e-01	2.14e-02
 7.63955e+22	2.80e-01	6.98e-01	2.14e-02
 7.64179e+22	2.90e-01	6.88e-01	2.15e-02
 7.64404e+22	3.01e-01	6.78e-01	2.15e-02
 7.64632e+22	3.12e-01	6.67e-01	2.14e-02
 7.64866e+22	3.23e-01	6.56e-01	2.14e-02
 7.65104e+22	3.35e-01	6.44e-01	2.14e-02
 7.65345e+22	3.47e-01	6.32e-01	2.13e-02
 7.65589e+22	3.59e-01	6.20e-01	2.12e-02
 7.65838e+22	3.72e-01	6.07e-01	2.11e-02
 7.66092e+22	3.86e-01	5.93e-01	2.10e-02
 7.66351e+22	4.00e-01	5.80e-01	2.09e-02
 7.66616e+22	4.14e-01	5.65e-01	2.07e-02
 7.66886e+22	4.29e-01	5.51e-01	2.05e-02
 7.67163e+22	4.44e-01	5.36e-01	2.03e-02
 7.67446e+22	4.60e-01	5.20e-01	2.00e-02
 7.67737e+22	4.76e-01	5.04e-01	1.97e-02
 7.68038e+22	4.92e-01	4.88e-01	1.94e-02
 7.68348e+22	5.09e-01	4.71e-01	1.91e-02
 7.68665e+22	5.26e-01	4.55e-01	1.87e-02
 7.68986e+22	5.43e-01	4.38e-01	1.83e-02
 7.69312e+22	5.61e-01	4.21e-01	1.78e-02
 7.69655e+22	5.78e-01	4.04e-01	1.73e-02
 7.70010e+22	5.96e-01	3.88e-01	1.67e-02
 7.70366e+22	6.13e-01	3.71e-01	1.62e-02
 7.70734e+22	6.29e-01	3.55e-01	1.56e-02
 7.71120e+22	6.46e-01	3.39e-01	1.50e-02
 7.71527e+22	6.62e-01	3.23e-01	1.44e-02
 7.71955e+22	6.78e-01	3.08e-01	1.38e-02
 7.72402e+22	6.93e-01	2.93e-01	1.31e-02
 7.72879e+22	7.08e-01	2.79e-01	1.25e-02
 7.73399e+22	7.23e-01	2.65e-01	1.18e-02
 7.73959e+22	7.37e-01	2.52e-01	1.12e-02
 7.74564e+22	7.50e-01	2.40e-01	1.05e-02
 7.75212e+22	7.62e-01	2.28e-01	9.86e-03
 7.75885e+22	7.73e-01	2.18e-01	9.25e-03
 7.76558e+22	7.82e-01	2.09e-01	8.74e-03
 7.77248e+22	7.91e-01	2.01e-01	8.20e-03
 7.77946e+22	7.98e-01	1.95e-01	7.77e-03
 7.78656e+22	8.05e-01	1.88e-01	7.32e-03
 7.79370e+22	8.10e-01	1.83e-01	6.95e-03
 7.80077e+22	8.16e-01	1.77e-01	6.57e-03
 7.80771e+22	8.21e-01	1.73e-01	6.25e-03
 7.81455e+22	8.26e-01	1.68e-01	5.93e-03
 7.82147e+22	8.30e-01	1.64e-01	5.64e-03
 7.82824e+22	8.34e-01	1.60e-01	5.37e-03
 7.83485e+22	8.38e-01	1.57e-01	5.12e-03
 7.84128e+22	8.42e-01	1.53e-01	4.88e-03
 7.84755e+22	8.45e-01	1.50e-01	4.66e-03
 7.85365e+22	8.49e-01	1.47e-01	4.46e-03
 7.85955e+22	8.52e-01	1.44e-01	4.26e-03
 7.86527e+22	8.55e-01	1.41e-01	4.08e-03
 7.87082e+22	8.58e-01	1.38e-01	3.92e-03
 7.87619e+22	8.61e-01	1.35e-01	3.76e-03
 7.88141e+22	8.64e-01	1.33e-01	3.61e-03
 7.88636e+22	8.66e-01	1.30e-01	3.47e-03
 7.89091e+22	8.68e-01	1.28e-01	3.35e-03
 7.89506e+22	8.71e-01	1.26e-01	3.23e-03
 7.89883e+22	8.73e-01	1.24e-01	3.13e-03
 7.90227e+22	8.74e-01	1.23e-01	3.04e-03
 7.90539e+22	8.76e-01	1.21e-01	2.96e-03
 7.90823e+22	8.78e-01	1.20e-01	2.89e-03
 7.91082e+22	8.79e-01	1.18e-01	2.82e-03
 7.91318e+22	8.80e-01	1.17e-01	2.77e-03
 7.91576e+22	8.82e-01	1.16e-01	2.69e-03
 7.91911e+22	8.83e-01	1.14e-01	2.62e-03
 7.92273e+22	8.85e-01	1.13e-01	2.55e-03
 7.92603e+22	8.86e-01	1.11e-01	2.48e-03
 7.92903e+22	8.88e-01	1.10e-01	2.42e-03
 7.93176e+22	8.89e-01	1.09e-01	2.36e-03
 7.93424e+22	8.90e-01	1.08e-01	2.31e-03
 7.93696e+22	8.92e-01	1.06e-01	2.24e-03
 7.93990e+22	8.93e-01	1.05e-01	2.19e-03
 7.94257e+22	8.94e-01	1.04e-01	2.15e-03
 7.94550e+22	8.95e-01	1.02e-01	2.09e-03
 7.94866e+22	8.96e-01	1.02e-01	2.05e-03
 7.95213e+22	8.98e-01	1.00e-01	1.98e-03
 7.95587e+22	8.99e-01	9.89e-02	1.94e-03
 7.95928e+22	9.01e-01	9.76e-02	1.89e-03
 7.96301e+22	9.02e-01	9.60e-02	1.82e-03
 7.96703e+22	9.04e-01	9.46e-02	1.77e-03
 7.97070e+22	9.05e-01	9.34e-02	1.72e-03
 7.97403e+22	9.06e-01	9.22e-02	1.68e-03
 7.97707e+22	9.07e-01	9.10e-02	1.63e-03
 7.97983e+22	9.08e-01	9.02e-02	1.60e-03
 7.98286e+22	9.10e-01	8.88e-02	1.55e-03
 7.98613e+22	9.11e-01	8.78e-02	1.52e-03
 7.98910e+22	9.12e-01	8.68e-02	1.48e-03
 7.99236e+22	9.13e-01	8.55e-02	1.44e-03
 7.99587e+22	9.14e-01	8.44e-02	1.40e-03
 7.99907e+22	9.15e-01	8.34e-02	1.37e-03
 8.00258e+22	9.17e-01	8.21e-02	1.32e-03
 8.00637e+22	9.18e-01	8.09e-02	1.28e-03
 8.00981e+22	9.19e-01	7.99e-02	1.25e-03
 8.01295e+22	9.20e-01	7.89e-02	1.22e-03
 8.01580e+22	9.21e-01	7.80e-02	1.19e-03
 8.01893e+22	9.22e-01	7.68e-02	1.15e-03
 8.02231e+22	9.23e-01	7.59e-02	1.13e-03
 8.02538e+22	9.24e-01	7.49e-02	1.10e-03
 8.02817e+22	9.25e-01	7.43e-02	1.08e-03
 8.03124e+22	9.26e-01	7.31e-02	1.04e-03
 8.03454e+22	9.27e-01	7.24e-02	1.02e-03
 8.03817e+22	9.28e-01	7.11e-02	9.88e-04
 8.04208e+22	9.29e-01	7.02e-02	9.62e-04
 8.04564e+22	9.30e-01	6.93e-02	9.38e-04
 8.04954e+22	9.31e-01	6.82e-02	9.07e-04
 8.05375e+22	9.32e-01	6.73e-02	8.83e-04
 8.05759e+22	9.33e-01	6.63e-02	8.56e-04
 8.06107e+22	9.34e-01	6.56e-02	8.38e-04
 8.06489e+22	9.35e-01	6.45e-02	8.10e-04
 8.06902e+22	9.36e-01	6.37e-02	7.90e-04
 8.07277e+22	9.36e-01	6.29e-02	7.71e-04
 8.07689e+22	9.37e-01	6.18e-02	7.43e-04
 8.08133e+22	9.38e-01	6.09e-02	7.22e-04
 8.08537e+22	9.39e-01	6.00e-02	7.00e-04
 8.08905e+22	9.40e-01	5.94e-02	6.85e-04
 8.09308e+22	9.41e-01	5.83e-02	6.62e-04
 8.09743e+22	9.42e-01	5.76e-02	6.45e-04
 8.10139e+22	9.43e-01	5.69e-02	6.29e-04
 8.10573e+22	9.44e-01	5.58e-02	6.05e-04
 8.11041e+22	9.44e-01	5.50e-02	5.88e-04
 8.11468e+22	9.45e-01	5.42e-02	5.70e-04
 8.11856e+22	9.46e-01	5.36e-02	5.57e-04
 8.12281e+22	9.47e-01	5.26e-02	5.38e-04
 8.12740e+22	9.48e-01	5.19e-02	5.24e-04
 8.13157e+22	9.48e-01	5.13e-02	5.10e-04
 8.13615e+22	9.49e-01	5.03e-02	4.91e-04
 8.14109e+22	9.50e-01	4.96e-02	4.77e-04
 8.14558e+22	9.51e-01	4.89e-02	4.64e-04
 8.15051e+22	9.52e-01	4.79e-02	4.46e-04
 8.15583e+22	9.52e-01	4.72e-02	4.32e-04
 8.16067e+22	9.53e-01	4.65e-02	4.20e-04
 8.16597e+22	9.54e-01	4.56e-02	4.03e-04
 8.17169e+22	9.55e-01	4.48e-02	3.89e-04
 8.17690e+22	9.56e-01	4.41e-02	3.77e-04
 8.18164e+22	9.56e-01	4.33e-02	3.65e-04
 8.18596e+22	9.57e-01	4.28e-02	3.56e-04
 8.19069e+22	9.58e-01	4.21e-02	3.44e-04
 8.19579e+22	9.58e-01	4.17e-02	3.37e-04
 8.20043e+22	9.59e-01	4.09e-02	3.25e-04
 8.20552e+22	9.60e-01	4.02e-02	3.13e-04
 8.21102e+22	9.60e-01	3.96e-02	3.04e-04
 8.21704e+22	9.61e-01	3.87e-02	2.91e-04
 8.22354e+22	9.62e-01	3.80e-02	2.80e-04
 8.22945e+22	9.62e-01	3.73e-02	2.71e-04
 8.23484e+22	9.63e-01	3.68e-02	2.63e-04
 8.24073e+22	9.64e-01	3.60e-02	2.52e-04
 8.24710e+22	9.64e-01	3.53e-02	2.43e-04
 8.25290e+22	9.65e-01	3.48e-02	2.35e-04
 8.25924e+22	9.66e-01	3.41e-02	2.25e-04
 8.26610e+22	9.66e-01	3.34e-02	2.16e-04
 8.27234e+22	9.67e-01	3.29e-02	2.10e-04
 8.27917e+22	9.68e-01	3.21e-02	2.00e-04
 8.28655e+22	9.68e-01	3.15e-02	1.93e-04
 8.29327e+22	9.69e-01	3.09e-02	1.85e-04
 8.29938e+22	9.69e-01	3.04e-02	1.79e-04
 8.30607e+22	9.70e-01	2.97e-02	1.71e-04
 8.31330e+22	9.71e-01	2.91e-02	1.65e-04
 8.31988e+22	9.71e-01	2.86e-02	1.59e-04
 8.32709e+22	9.72e-01	2.80e-02	1.52e-04
 8.33487e+22	9.72e-01	2.74e-02	1.46e-04
 8.34195e+22	9.73e-01	2.69e-02	1.40e-04
 8.34840e+22	9.73e-01	2.64e-02	1.36e-04
 8.35546e+22	9.74e-01	2.59e-02	1.30e-04
 8.36308e+22	9.75e-01	2.54e-02	1.25e-04
 8.37002e+22	9.75e-01	2.49e-02	1.20e-04
 8.37762e+22	9.76e-01	2.43e-02	1.15e-04
 8.38583e+22	9.76e-01	2.38e-02	1.10e-04
 8.39330e+22	9.77e-01	2.33e-02	1.06e-04
 8.40148e+22	9.77e-01	2.28e-02	1.01e-04
 8.41032e+22	9.78e-01	2.23e-02	9.65e-05
 8.41836e+22	9.78e-01	2.18e-02	9.26e-05
 8.42568e+22	9.78e-01	2.14e-02	8.92e-05
 8.43369e+22	9.79e-01	2.09e-02	8.53e-05
 8.44235e+22	9.79e-01	2.05e-02	8.16e-05
 8.45023e+22	9.80e-01	2.01e-02	7.83e-05
 8.45886e+22	9.80e-01	1.96e-02	7.46e-05
 8.46818e+22	9.81e-01	1.91e-02	7.13e-05
 8.47666e+22	9.81e-01	1.87e-02	6.82e-05
 8.48437e+22	9.82e-01	1.84e-02	6.57e-05
 8.49283e+22	9.82e-01	1.80e-02	6.28e-05
 8.50382e+22	9.83e-01	1.74e-02	5.90e-05
 8.51598e+22	9.83e-01	1.69e-02	5.54e-05
 8.52835e+22	9.84e-01	1.63e-02	5.20e-05
 8.54120e+22	9.84e-01	1.58e-02	4.87e-05
 8.55422e+22	9.85e-01	1.53e-02	4.56e-05
 8.56744e+22	9.85e-01	1.48e-02	4.26e-05
 8.58078e+22	9.86e-01	1.43e-02	3.99e-05
 8.59425e+22	9.86e-01	1.38e-02	3.73e-05
 8.60784e+22	9.87e-01	1.34e-02	3.48e-05
 8.62155e+22	9.87e-01	1.29e-02	3.25e-05
 8.63536e+22	9.87e-01	1.25e-02	3.04e-05
 8.64929e+22	9.88e-01	1.21e-02	2.84e-05
 8.66331e+22	9.88e-01	1.16e-02	2.65e-05
 8.67744e+22	9.89e-01	1.13e-02	2.47e-05
 8.69166e+22	9.89e-01	1.09e-02	2.30e-05
 8.70595e+22	9.89e-01	1.05e-02	2.15e-05
 8.72032e+22	9.90e-01	1.01e-02	2.00e-05
 8.73478e+22	9.90e-01	9.78e-03	1.86e-05
 8.74934e+22	9.91e-01	9.43e-03	1.74e-05
 8.76400e+22	9.91e-01	9.10e-03	1.62e-05
 8.77873e+22	9.91e-01	8.78e-03	1.51e-05
 8.79356e+22	9.92e-01	8.48e-03	1.40e-05
 8.80847e+22	9.92e-01	8.18e-03	1.30e-05
 8.82349e+22	9.92e-01	7.89e-03	1.21e-05
 8.83886e+22	9.92e-01	7.60e-03	1.13e-05
 8.85449e+22	9.93e-01	7.32e-03	1.05e-05
 8.87024e+22	9.93e-01	7.05e-03	9.71e-06
 8.88616e+22	9.93e-01	6.79e-03	9.01e-06
 8.90222e+22	9.93e-01	6.54e-03	8.35e-06
 8.91843e+22	9.94e-01	6.29e-03	7.74e-06
 8.93480e+22	9.94e-01	6.05e-03	7.16e-06
 8.95137e+22	9.94e-01	5.82e-03	6.63e-06
 8.96819e+22	9.94e-01	5.60e-03	6.13e-06
 8.98528e+22	9.95e-01	5.38e-03	5.66e-06
 9.00280e+22	9.95e-01	5.16e-03	5.21e-06
 9.02068e+22	9.95e-01	4.96e-03	4.80e-06
 9.03883e+22	9.95e-01	4.75e-03	4.42e-06
 9.05727e+22	9.95e-01	4.56e-03	4.06e-06
 9.07600e+22	9.96e-01	4.36e-03	3.72e-06
 9.09505e+22	9.96e-01	4.18e-03	3.41e-06
 9.11443e+22	9.96e-01	4.00e-03	3.13e-06
 9.13422e+22	9.96e-01	3.82e-03	2.86e-06
 9.15446e+22	9.96e-01	3.65e-03	2.61e-06
 9.17513e+22	9.97e-01	3.48e-03	2.37e-06
 9.19624e+22	9.97e-01	3.32e-03	2.16e-06
 9.21779e+22	9.97e-01	3.17e-03	1.96e-06
 9.23981e+22	9.97e-01	3.01e-03	1.78e-06
 9.25399e+22	9.97e-01	2.96e-03	1.72e-06
