#depth	Si	Si+	Si+2	Si+3	Si+4	Si+5	Si+6	Si+7	Si+8	Si+9	Si+10	Si+11	Si+12	Si+13	Si+14
 4.62852e+21	0.00e+00	4.92e-22	2.44e-18	1.91e-15	2.37e-11	1.80e-08	3.40e-06	1.64e-04	3.19e-03	2.08e-02	5.25e-02	1.06e-01	5.28e-01	2.52e-01	3.71e-02
 1.02674e+22	9.94e-34	1.98e-20	5.16e-17	2.45e-14	3.69e-10	2.64e-07	4.13e-05	1.45e-03	1.88e-02	8.01e-02	1.26e-01	1.54e-01	4.74e-01	1.34e-01	1.18e-02
 1.17169e+22	5.51e-33	8.33e-20	1.73e-16	6.41e-14	9.49e-10	6.58e-07	9.62e-05	3.03e-03	3.32e-02	1.21e-01	1.59e-01	1.63e-01	4.17e-01	9.65e-02	6.93e-03
 1.23756e+22	1.23e-32	1.65e-19	3.08e-16	1.02e-13	1.47e-09	9.98e-07	1.41e-04	4.20e-03	4.25e-02	1.43e-01	1.74e-01	1.64e-01	3.86e-01	8.10e-02	5.29e-03
 1.26507e+22	1.50e-32	1.95e-19	3.56e-16	1.15e-13	1.63e-09	1.10e-06	1.55e-04	4.55e-03	4.51e-02	1.49e-01	1.77e-01	1.64e-01	3.78e-01	7.74e-02	4.94e-03
 1.27786e+22	1.94e-32	2.44e-19	4.29e-16	1.33e-13	1.87e-09	1.26e-06	1.74e-04	5.04e-03	4.87e-02	1.57e-01	1.82e-01	1.63e-01	3.67e-01	7.28e-02	4.50e-03
 1.29230e+22	2.50e-32	3.02e-19	5.15e-16	1.54e-13	2.14e-09	1.43e-06	1.96e-04	5.56e-03	5.24e-02	1.65e-01	1.86e-01	1.63e-01	3.56e-01	6.86e-02	4.11e-03
 1.30890e+22	3.45e-32	3.98e-19	6.52e-16	1.87e-13	2.54e-09	1.68e-06	2.26e-04	6.30e-03	5.75e-02	1.75e-01	1.91e-01	1.62e-01	3.42e-01	6.33e-02	3.66e-03
 1.32589e+22	4.50e-32	5.00e-19	7.91e-16	2.18e-13	2.92e-09	1.91e-06	2.55e-04	6.97e-03	6.19e-02	1.84e-01	1.95e-01	1.61e-01	3.30e-01	5.92e-02	3.31e-03
 1.34339e+22	6.25e-32	6.63e-19	1.01e-15	2.66e-13	3.48e-09	2.25e-06	2.95e-04	7.87e-03	6.76e-02	1.94e-01	1.99e-01	1.59e-01	3.15e-01	5.44e-02	2.93e-03
 1.36048e+22	7.98e-32	8.17e-19	1.21e-15	3.09e-13	3.96e-09	2.54e-06	3.28e-04	8.61e-03	7.21e-02	2.02e-01	2.01e-01	1.57e-01	3.05e-01	5.11e-02	2.67e-03
 1.37706e+22	1.10e-31	1.07e-18	1.52e-15	3.72e-13	4.65e-09	2.95e-06	3.76e-04	9.66e-03	7.83e-02	2.12e-01	2.05e-01	1.55e-01	2.90e-01	4.68e-02	2.35e-03
 1.39381e+22	1.40e-31	1.32e-18	1.82e-15	4.31e-13	5.28e-09	3.32e-06	4.17e-04	1.05e-02	8.32e-02	2.20e-01	2.07e-01	1.53e-01	2.79e-01	4.38e-02	2.14e-03
 1.41077e+22	1.89e-31	1.71e-18	2.28e-15	5.18e-13	6.18e-09	3.83e-06	4.74e-04	1.17e-02	8.96e-02	2.30e-01	2.09e-01	1.50e-01	2.66e-01	4.02e-02	1.90e-03
 1.42875e+22	2.50e-31	2.17e-18	2.80e-15	6.14e-13	7.14e-09	4.37e-06	5.33e-04	1.29e-02	9.58e-02	2.39e-01	2.11e-01	1.48e-01	2.54e-01	3.71e-02	1.69e-03
 1.44537e+22	3.25e-31	2.72e-18	3.40e-15	7.20e-13	8.17e-09	4.94e-06	5.94e-04	1.41e-02	1.02e-01	2.48e-01	2.13e-01	1.45e-01	2.43e-01	3.43e-02	1.52e-03
 1.46428e+22	4.55e-31	3.62e-18	4.36e-15	8.83e-13	9.70e-09	5.78e-06	6.81e-04	1.58e-02	1.10e-01	2.58e-01	2.14e-01	1.41e-01	2.28e-01	3.10e-02	1.32e-03
 1.48414e+22	6.11e-31	4.66e-18	5.41e-15	1.06e-12	1.13e-08	6.62e-06	7.67e-04	1.74e-02	1.17e-01	2.67e-01	2.14e-01	1.37e-01	2.16e-01	2.83e-02	1.16e-03
 1.50523e+22	8.80e-31	6.37e-18	7.10e-15	1.32e-12	1.36e-08	7.82e-06	8.87e-04	1.95e-02	1.27e-01	2.78e-01	2.14e-01	1.33e-01	2.01e-01	2.52e-02	9.89e-04
 1.52575e+22	1.15e-30	8.02e-18	8.68e-15	1.56e-12	1.56e-08	8.85e-06	9.86e-04	2.13e-02	1.34e-01	2.86e-01	2.14e-01	1.29e-01	1.90e-01	2.31e-02	8.77e-04
 1.54553e+22	1.62e-30	1.07e-17	1.12e-14	1.92e-12	1.85e-08	1.03e-05	1.13e-03	2.37e-02	1.44e-01	2.96e-01	2.13e-01	1.24e-01	1.77e-01	2.06e-02	7.50e-04
 1.56552e+22	2.12e-30	1.35e-17	1.37e-14	2.26e-12	2.12e-08	1.16e-05	1.25e-03	2.57e-02	1.51e-01	3.03e-01	2.12e-01	1.20e-01	1.67e-01	1.88e-02	6.63e-04
 1.58579e+22	2.99e-30	1.81e-17	1.76e-14	2.78e-12	2.51e-08	1.35e-05	1.42e-03	2.85e-02	1.62e-01	3.12e-01	2.10e-01	1.15e-01	1.55e-01	1.67e-02	5.63e-04
 1.60634e+22	3.93e-30	2.30e-17	2.16e-14	3.29e-12	2.88e-08	1.53e-05	1.58e-03	3.09e-02	1.70e-01	3.18e-01	2.08e-01	1.11e-01	1.45e-01	1.51e-02	4.93e-04
 1.62726e+22	5.57e-30	3.10e-17	2.79e-14	4.06e-12	3.41e-08	1.78e-05	1.80e-03	3.43e-02	1.81e-01	3.26e-01	2.04e-01	1.06e-01	1.33e-01	1.33e-02	4.15e-04
 1.64844e+22	7.35e-30	3.93e-17	3.44e-14	4.82e-12	3.92e-08	2.01e-05	1.99e-03	3.71e-02	1.90e-01	3.31e-01	2.01e-01	1.02e-01	1.24e-01	1.20e-02	3.61e-04
 1.66996e+22	1.05e-29	5.36e-17	4.48e-14	5.98e-12	4.64e-08	2.34e-05	2.27e-03	4.12e-02	2.02e-01	3.38e-01	1.97e-01	9.61e-02	1.13e-01	1.04e-02	2.98e-04
 1.69153e+22	1.38e-29	6.78e-17	5.49e-14	7.06e-12	5.31e-08	2.63e-05	2.50e-03	4.44e-02	2.11e-01	3.42e-01	1.93e-01	9.20e-02	1.05e-01	9.32e-03	2.59e-04
 1.71318e+22	1.96e-29	9.23e-17	7.14e-14	8.74e-12	6.27e-08	3.05e-05	2.84e-03	4.91e-02	2.23e-01	3.48e-01	1.88e-01	8.64e-02	9.49e-02	8.03e-03	2.13e-04
 1.73509e+22	2.58e-29	1.17e-16	8.78e-14	1.03e-11	7.16e-08	3.42e-05	3.13e-03	5.29e-02	2.32e-01	3.51e-01	1.84e-01	8.22e-02	8.77e-02	7.15e-03	1.83e-04
 1.75733e+22	3.68e-29	1.61e-16	1.15e-13	1.28e-11	8.47e-08	3.97e-05	3.55e-03	5.83e-02	2.45e-01	3.54e-01	1.77e-01	7.68e-02	7.87e-02	6.11e-03	1.49e-04
 1.77991e+22	4.86e-29	2.06e-16	1.42e-13	1.52e-11	9.69e-08	4.46e-05	3.92e-03	6.28e-02	2.55e-01	3.56e-01	1.72e-01	7.27e-02	7.22e-02	5.39e-03	1.26e-04
 1.80291e+22	6.99e-29	2.85e-16	1.87e-13	1.90e-11	1.15e-07	5.17e-05	4.44e-03	6.94e-02	2.68e-01	3.57e-01	1.65e-01	6.73e-02	6.41e-02	4.54e-03	1.01e-04
 1.82448e+22	8.83e-29	3.53e-16	2.24e-13	2.20e-11	1.28e-07	5.70e-05	4.82e-03	7.38e-02	2.76e-01	3.58e-01	1.60e-01	6.39e-02	5.93e-02	4.06e-03	8.74e-05
 1.84419e+22	1.20e-28	4.66e-16	2.84e-13	2.66e-11	1.48e-07	6.46e-05	5.36e-03	8.01e-02	2.87e-01	3.57e-01	1.54e-01	5.96e-02	5.33e-02	3.49e-03	7.18e-05
 1.86436e+22	1.53e-28	5.82e-16	3.43e-13	3.10e-11	1.67e-07	7.14e-05	5.82e-03	8.52e-02	2.95e-01	3.57e-01	1.49e-01	5.63e-02	4.89e-02	3.10e-03	6.15e-05
 1.88514e+22	2.10e-28	7.84e-16	4.40e-13	3.78e-11	1.93e-07	8.13e-05	6.49e-03	9.27e-02	3.07e-01	3.54e-01	1.42e-01	5.21e-02	4.34e-02	2.62e-03	4.95e-05
 1.90610e+22	2.68e-28	9.84e-16	5.33e-13	4.42e-11	2.18e-07	9.00e-05	7.06e-03	9.86e-02	3.15e-01	3.52e-01	1.36e-01	4.90e-02	3.97e-02	2.30e-03	4.20e-05
 1.92731e+22	3.68e-28	1.33e-15	6.89e-13	5.42e-11	2.53e-07	1.03e-04	7.87e-03	1.07e-01	3.26e-01	3.48e-01	1.29e-01	4.50e-02	3.50e-02	1.93e-03	3.35e-05
 1.94895e+22	4.75e-28	1.70e-15	8.46e-13	6.39e-11	2.86e-07	1.14e-04	8.58e-03	1.14e-01	3.34e-01	3.45e-01	1.23e-01	4.20e-02	3.16e-02	1.67e-03	2.79e-05
 1.97112e+22	6.56e-28	2.34e-15	1.11e-12	7.93e-11	3.36e-07	1.31e-04	9.60e-03	1.24e-01	3.45e-01	3.39e-01	1.15e-01	3.82e-02	2.75e-02	1.38e-03	2.19e-05
 1.99382e+22	8.56e-28	3.04e-15	1.38e-12	9.47e-11	3.83e-07	1.46e-04	1.05e-02	1.33e-01	3.53e-01	3.33e-01	1.09e-01	3.54e-02	2.46e-02	1.18e-03	1.79e-05
 2.01721e+22	1.20e-27	4.28e-15	1.83e-12	1.19e-10	4.55e-07	1.68e-04	1.18e-02	1.45e-01	3.63e-01	3.25e-01	1.01e-01	3.19e-02	2.11e-02	9.60e-04	1.38e-05
 2.04096e+22	1.56e-27	5.63e-15	2.31e-12	1.44e-10	5.23e-07	1.89e-04	1.29e-02	1.55e-01	3.70e-01	3.18e-01	9.48e-02	2.93e-02	1.87e-02	8.10e-04	1.11e-05
 2.06476e+22	2.16e-27	7.98e-15	3.10e-12	1.83e-10	6.24e-07	2.18e-04	1.45e-02	1.69e-01	3.79e-01	3.08e-01	8.72e-02	2.62e-02	1.59e-02	6.51e-04	8.42e-06
 2.08876e+22	2.83e-27	1.06e-14	3.93e-12	2.22e-10	7.21e-07	2.46e-04	1.59e-02	1.80e-01	3.85e-01	2.99e-01	8.12e-02	2.39e-02	1.39e-02	5.45e-04	6.72e-06
 2.11230e+22	3.84e-27	1.49e-14	5.25e-12	2.82e-10	8.60e-07	2.83e-04	1.78e-02	1.95e-01	3.92e-01	2.88e-01	7.42e-02	2.13e-02	1.18e-02	4.37e-04	5.10e-06
 2.13609e+22	5.04e-27	2.00e-14	6.72e-12	3.46e-10	1.00e-06	3.20e-04	1.95e-02	2.08e-01	3.96e-01	2.77e-01	6.85e-02	1.93e-02	1.03e-02	3.62e-04	4.02e-06
 2.15682e+22	6.37e-27	2.59e-14	8.39e-12	4.16e-10	1.15e-06	3.57e-04	2.12e-02	2.20e-01	4.00e-01	2.68e-01	6.37e-02	1.76e-02	9.05e-03	3.05e-04	3.25e-06
 2.17884e+22	8.50e-27	3.61e-14	1.11e-11	5.27e-10	1.37e-06	4.10e-04	2.36e-02	2.36e-01	4.03e-01	2.56e-01	5.78e-02	1.57e-02	7.68e-03	2.45e-04	2.47e-06
 2.20105e+22	1.09e-26	4.71e-14	1.40e-11	6.38e-10	1.59e-06	4.59e-04	2.56e-02	2.49e-01	4.04e-01	2.46e-01	5.34e-02	1.43e-02	6.71e-03	2.05e-04	1.98e-06
 2.22082e+22	1.36e-26	6.13e-14	1.75e-11	7.72e-10	1.83e-06	5.13e-04	2.78e-02	2.63e-01	4.05e-01	2.36e-01	4.92e-02	1.30e-02	5.86e-03	1.71e-04	1.59e-06
 2.24282e+22	1.83e-26	8.50e-14	2.32e-11	9.80e-10	2.19e-06	5.89e-04	3.07e-02	2.80e-01	4.05e-01	2.23e-01	4.43e-02	1.15e-02	4.94e-03	1.37e-04	1.20e-06
 2.26460e+22	2.31e-26	1.10e-13	2.88e-11	1.18e-09	2.53e-06	6.55e-04	3.31e-02	2.94e-01	4.04e-01	2.13e-01	4.08e-02	1.04e-02	4.32e-03	1.15e-04	9.65e-07
 2.28667e+22	3.11e-26	1.53e-13	3.84e-11	1.51e-09	3.04e-06	7.54e-04	3.66e-02	3.12e-01	4.02e-01	2.00e-01	3.64e-02	9.12e-03	3.61e-03	9.07e-05	7.22e-07
 2.30874e+22	3.93e-26	1.96e-13	4.76e-11	1.82e-09	3.50e-06	8.38e-04	3.94e-02	3.25e-01	3.99e-01	1.90e-01	3.34e-02	8.25e-03	3.15e-03	7.59e-05	5.80e-07
 2.33081e+22	5.29e-26	2.71e-13	6.32e-11	2.32e-09	4.21e-06	9.62e-04	4.33e-02	3.44e-01	3.95e-01	1.78e-01	2.97e-02	7.22e-03	2.63e-03	5.99e-05	4.34e-07
 2.35301e+22	6.73e-26	3.47e-13	7.85e-11	2.80e-09	4.86e-06	1.07e-03	4.65e-02	3.58e-01	3.90e-01	1.68e-01	2.71e-02	6.50e-03	2.28e-03	4.99e-05	3.46e-07
 2.37535e+22	9.13e-26	4.78e-13	1.04e-10	3.57e-09	5.85e-06	1.22e-03	5.10e-02	3.76e-01	3.84e-01	1.56e-01	2.39e-02	5.66e-03	1.89e-03	3.91e-05	2.57e-07
 2.39787e+22	1.17e-25	6.10e-13	1.29e-10	4.31e-09	6.75e-06	1.36e-03	5.47e-02	3.90e-01	3.78e-01	1.48e-01	2.18e-02	5.08e-03	1.63e-03	3.25e-05	2.05e-07
 2.42060e+22	1.60e-25	8.38e-13	1.71e-10	5.50e-09	8.12e-06	1.55e-03	5.98e-02	4.08e-01	3.70e-01	1.36e-01	1.91e-02	4.40e-03	1.35e-03	2.53e-05	1.51e-07
 2.44363e+22	2.06e-25	1.07e-12	2.12e-10	6.65e-09	9.38e-06	1.73e-03	6.40e-02	4.21e-01	3.63e-01	1.28e-01	1.73e-02	3.92e-03	1.16e-03	2.08e-05	0.00e+00
 2.46706e+22	2.87e-25	1.47e-12	2.81e-10	8.53e-09	1.13e-05	1.97e-03	6.98e-02	4.39e-01	3.52e-01	1.17e-01	1.51e-02	3.37e-03	9.45e-04	1.61e-05	0.00e+00
 2.49085e+22	3.74e-25	1.88e-12	3.50e-10	1.03e-08	1.31e-05	2.19e-03	7.46e-02	4.52e-01	3.44e-01	1.10e-01	1.36e-02	2.99e-03	8.07e-04	1.32e-05	0.00e+00
 2.51514e+22	5.27e-25	2.60e-12	4.66e-10	1.33e-08	1.59e-05	2.51e-03	8.12e-02	4.69e-01	3.32e-01	9.98e-02	1.17e-02	2.55e-03	6.53e-04	1.01e-05	0.00e+00
 2.53995e+22	6.95e-25	3.33e-12	5.81e-10	1.62e-08	1.84e-05	2.78e-03	8.67e-02	4.81e-01	3.23e-01	9.27e-02	1.05e-02	2.24e-03	5.54e-04	8.16e-06	0.00e+00
 2.56544e+22	9.97e-25	4.60e-12	7.77e-10	2.09e-08	2.23e-05	3.19e-03	9.42e-02	4.97e-01	3.10e-01	8.38e-02	9.00e-03	1.89e-03	4.44e-04	6.16e-06	0.00e+00
 2.59113e+22	1.32e-24	5.87e-12	9.68e-10	2.54e-08	2.58e-05	3.53e-03	1.00e-01	5.08e-01	3.00e-01	7.76e-02	8.01e-03	1.66e-03	3.75e-04	4.97e-06	0.00e+00
 2.61296e+22	1.72e-24	7.37e-12	1.19e-09	3.05e-08	2.96e-05	3.88e-03	1.06e-01	5.18e-01	2.91e-01	7.19e-02	7.17e-03	1.47e-03	3.19e-04	4.06e-06	0.00e+00
 2.63725e+22	2.42e-24	9.87e-12	1.55e-09	3.85e-08	3.53e-05	4.38e-03	1.14e-01	5.31e-01	2.78e-01	6.52e-02	6.19e-03	1.25e-03	2.58e-04	3.11e-06	0.00e+00
 2.66049e+22	3.06e-24	1.20e-11	1.85e-09	4.52e-08	3.98e-05	4.75e-03	1.20e-01	5.38e-01	2.69e-01	6.09e-02	5.60e-03	1.12e-03	2.24e-04	2.59e-06	0.00e+00
 2.68236e+22	4.15e-24	1.55e-11	2.33e-09	5.55e-08	4.65e-05	5.28e-03	1.27e-01	5.48e-01	2.58e-01	5.56e-02	4.91e-03	9.63e-04	1.85e-04	2.04e-06	0.00e+00
 2.70455e+22	5.28e-24	1.89e-11	2.80e-09	6.53e-08	5.24e-05	5.73e-03	1.33e-01	5.54e-01	2.49e-01	5.17e-02	4.42e-03	8.57e-04	1.59e-04	1.69e-06	0.00e+00
 2.72714e+22	7.21e-24	2.45e-11	3.54e-09	8.06e-08	6.14e-05	6.38e-03	1.42e-01	5.63e-01	2.38e-01	4.69e-02	3.85e-03	7.34e-04	1.31e-04	1.32e-06	0.00e+00
 2.74987e+22	9.18e-24	2.98e-11	4.22e-09	9.44e-08	6.90e-05	6.90e-03	1.48e-01	5.68e-01	2.29e-01	4.36e-02	3.47e-03	6.53e-04	1.13e-04	1.10e-06	0.00e+00
 2.77278e+22	1.26e-23	3.84e-11	5.33e-09	1.16e-07	8.07e-05	7.66e-03	1.57e-01	5.74e-01	2.18e-01	3.95e-02	3.01e-03	5.58e-04	9.21e-05	8.52e-07	0.00e+00
 2.79599e+22	1.61e-23	4.67e-11	6.38e-09	1.36e-07	9.08e-05	8.29e-03	1.64e-01	5.78e-01	2.10e-01	3.66e-02	2.70e-03	4.95e-04	7.90e-05	7.03e-07	0.00e+00
 2.81957e+22	2.20e-23	6.02e-11	8.06e-09	1.69e-07	1.06e-04	9.19e-03	1.73e-01	5.83e-01	1.99e-01	3.30e-02	2.34e-03	4.21e-04	6.43e-05	5.43e-07	0.00e+00
 2.84352e+22	2.83e-23	7.34e-11	9.65e-09	1.98e-07	1.20e-04	9.95e-03	1.81e-01	5.86e-01	1.90e-01	3.05e-02	2.09e-03	3.72e-04	5.49e-05	4.46e-07	0.00e+00
 2.86795e+22	3.91e-23	9.48e-11	1.22e-08	2.46e-07	1.40e-04	1.10e-02	1.91e-01	5.89e-01	1.79e-01	2.73e-02	1.80e-03	3.14e-04	4.44e-05	3.42e-07	0.00e+00
 2.89282e+22	5.05e-23	1.16e-10	1.47e-08	2.89e-07	1.58e-04	1.20e-02	1.99e-01	5.91e-01	1.71e-01	2.51e-02	1.60e-03	2.76e-04	3.76e-05	2.78e-07	0.00e+00
 2.91828e+22	7.02e-23	1.50e-10	1.87e-08	3.61e-07	1.86e-04	1.33e-02	2.10e-01	5.92e-01	1.61e-01	2.24e-02	1.37e-03	2.31e-04	3.02e-05	2.11e-07	0.00e+00
 2.94426e+22	9.16e-23	1.85e-10	2.26e-08	4.26e-07	2.10e-04	1.44e-02	2.18e-01	5.92e-01	1.53e-01	2.05e-02	1.21e-03	2.02e-04	2.55e-05	1.71e-07	0.00e+00
 2.97091e+22	1.28e-22	2.41e-10	2.90e-08	5.35e-07	2.48e-04	1.60e-02	2.30e-01	5.92e-01	1.43e-01	1.82e-02	1.03e-03	1.68e-04	2.01e-05	1.28e-07	0.00e+00
 2.99767e+22	1.67e-22	2.95e-10	3.49e-08	6.32e-07	2.81e-04	1.73e-02	2.39e-01	5.90e-01	1.35e-01	1.66e-02	9.08e-04	1.46e-04	1.70e-05	0.00e+00	0.00e+00
 3.02457e+22	2.33e-22	3.83e-10	4.46e-08	7.90e-07	3.30e-04	1.92e-02	2.51e-01	5.88e-01	1.26e-01	1.47e-02	7.69e-04	1.22e-04	1.34e-05	0.00e+00	0.00e+00
 3.05187e+22	3.04e-22	4.69e-10	5.39e-08	9.36e-07	3.73e-04	2.08e-02	2.61e-01	5.85e-01	1.19e-01	1.34e-02	6.78e-04	1.06e-04	1.13e-05	0.00e+00	0.00e+00
 3.07559e+22	3.91e-22	5.70e-10	6.47e-08	1.11e-06	4.21e-04	2.24e-02	2.70e-01	5.82e-01	1.13e-01	1.22e-02	5.98e-04	9.17e-05	9.45e-06	0.00e+00	0.00e+00
 3.10233e+22	5.39e-22	7.33e-10	8.18e-08	1.37e-06	4.92e-04	2.48e-02	2.82e-01	5.76e-01	1.05e-01	1.08e-02	5.08e-04	7.64e-05	7.52e-06	0.00e+00	0.00e+00
 3.12934e+22	6.95e-22	8.90e-10	9.80e-08	1.61e-06	5.53e-04	2.66e-02	2.92e-01	5.72e-01	9.88e-02	9.83e-03	4.49e-04	6.65e-05	6.33e-06	0.00e+00	0.00e+00
 3.15187e+22	8.69e-22	1.06e-09	1.15e-07	1.86e-06	6.15e-04	2.85e-02	3.00e-01	5.67e-01	9.37e-02	9.02e-03	4.01e-04	5.85e-05	5.40e-06	0.00e+00	0.00e+00
 3.17635e+22	1.16e-21	1.32e-09	1.42e-07	2.26e-06	7.07e-04	3.10e-02	3.12e-01	5.61e-01	8.72e-02	8.05e-03	3.45e-04	4.94e-05	4.37e-06	0.00e+00	0.00e+00
 3.20061e+22	1.44e-21	1.56e-09	1.66e-07	2.60e-06	7.83e-04	3.31e-02	3.20e-01	5.55e-01	8.27e-02	7.41e-03	3.09e-04	4.37e-05	3.75e-06	0.00e+00	0.00e+00
 3.22461e+22	1.88e-21	1.92e-09	2.02e-07	3.11e-06	8.89e-04	3.57e-02	3.31e-01	5.48e-01	7.73e-02	6.66e-03	2.69e-04	3.74e-05	3.09e-06	0.00e+00	0.00e+00
 3.24961e+22	2.38e-21	2.31e-09	2.41e-07	3.66e-06	9.98e-04	3.84e-02	3.41e-01	5.41e-01	7.26e-02	6.04e-03	2.36e-04	3.24e-05	2.58e-06	0.00e+00	0.00e+00
 3.27188e+22	2.97e-21	2.74e-09	2.82e-07	4.21e-06	1.11e-03	4.08e-02	3.49e-01	5.34e-01	6.86e-02	5.54e-03	2.11e-04	2.85e-05	2.21e-06	0.00e+00	0.00e+00
 3.29679e+22	3.90e-21	3.38e-09	3.43e-07	5.03e-06	1.25e-03	4.41e-02	3.60e-01	5.26e-01	6.39e-02	4.96e-03	1.83e-04	2.42e-05	1.81e-06	0.00e+00	0.00e+00
 3.32309e+22	5.00e-21	4.10e-09	4.11e-07	5.94e-06	1.41e-03	4.74e-02	3.70e-01	5.17e-01	5.97e-02	4.47e-03	1.60e-04	2.09e-05	1.50e-06	0.00e+00	0.00e+00
 3.34704e+22	6.30e-21	4.89e-09	4.86e-07	6.91e-06	1.57e-03	5.06e-02	3.79e-01	5.09e-01	5.60e-02	4.07e-03	1.41e-04	1.82e-05	1.26e-06	0.00e+00	0.00e+00
 3.37402e+22	8.44e-21	6.13e-09	6.00e-07	8.38e-06	1.80e-03	5.49e-02	3.90e-01	4.98e-01	5.16e-02	3.60e-03	1.20e-04	1.52e-05	1.01e-06	0.00e+00	0.00e+00
 3.40178e+22	1.08e-20	7.40e-09	7.18e-07	9.85e-06	2.02e-03	5.87e-02	4.00e-01	4.88e-01	4.80e-02	3.24e-03	1.05e-04	1.31e-05	8.42e-07	0.00e+00	0.00e+00
 3.42674e+22	1.37e-20	8.89e-09	8.53e-07	1.15e-05	2.26e-03	6.27e-02	4.09e-01	4.78e-01	4.48e-02	2.93e-03	9.22e-05	1.13e-05	7.02e-07	0.00e+00	0.00e+00
 3.45535e+22	1.85e-20	1.12e-08	1.06e-06	1.41e-05	2.60e-03	6.81e-02	4.21e-01	4.65e-01	4.09e-02	2.57e-03	7.79e-05	9.34e-06	5.57e-07	0.00e+00	0.00e+00
 3.48440e+22	2.37e-20	1.36e-08	1.27e-06	1.65e-05	2.91e-03	7.28e-02	4.30e-01	4.54e-01	3.80e-02	2.31e-03	6.78e-05	8.00e-06	4.60e-07	0.00e+00	0.00e+00
 3.51013e+22	3.02e-20	1.63e-08	1.51e-06	1.94e-05	3.25e-03	7.76e-02	4.38e-01	4.44e-01	3.53e-02	2.08e-03	5.92e-05	6.87e-06	3.82e-07	0.00e+00	0.00e+00
 3.53972e+22	4.10e-20	2.07e-08	1.88e-06	2.37e-05	3.74e-03	8.41e-02	4.49e-01	4.29e-01	3.20e-02	1.81e-03	4.98e-05	5.66e-06	3.01e-07	0.00e+00	0.00e+00
 3.56987e+22	5.27e-20	2.51e-08	2.26e-06	2.79e-05	4.20e-03	8.98e-02	4.57e-01	4.18e-01	2.96e-02	1.62e-03	4.31e-05	4.82e-06	2.47e-07	0.00e+00	0.00e+00
 3.60074e+22	7.21e-20	3.20e-08	2.83e-06	3.42e-05	4.84e-03	9.73e-02	4.67e-01	4.03e-01	2.67e-02	1.41e-03	3.59e-05	3.94e-06	1.93e-07	0.00e+00	0.00e+00
 3.63208e+22	9.32e-20	3.89e-08	3.41e-06	4.04e-05	5.43e-03	1.04e-01	4.75e-01	3.90e-01	2.45e-02	1.25e-03	3.09e-05	3.33e-06	1.57e-07	0.00e+00	0.00e+00
 3.66404e+22	1.28e-19	4.96e-08	4.28e-06	4.96e-05	6.25e-03	1.12e-01	4.84e-01	3.75e-01	2.20e-02	1.08e-03	2.57e-05	2.71e-06	1.22e-07	0.00e+00	0.00e+00
 3.69687e+22	1.67e-19	6.11e-08	5.21e-06	5.94e-05	7.08e-03	1.20e-01	4.91e-01	3.61e-01	2.00e-02	9.49e-04	2.18e-05	2.26e-06	0.00e+00	0.00e+00	0.00e+00
 3.72553e+22	2.15e-19	7.40e-08	6.22e-06	6.96e-05	7.88e-03	1.27e-01	4.97e-01	3.48e-01	1.83e-02	8.46e-04	1.88e-05	1.92e-06	0.00e+00	0.00e+00	0.00e+00
 3.75748e+22	2.94e-19	9.38e-08	7.75e-06	8.47e-05	9.01e-03	1.37e-01	5.04e-01	3.33e-01	1.64e-02	7.32e-04	1.57e-05	1.56e-06	0.00e+00	0.00e+00	0.00e+00
 3.79139e+22	3.90e-19	1.17e-07	9.50e-06	1.02e-04	1.02e-02	1.46e-01	5.09e-01	3.19e-01	1.48e-02	6.38e-04	1.32e-05	1.29e-06	0.00e+00	0.00e+00	0.00e+00
 3.81903e+22	4.83e-19	1.37e-07	1.11e-05	1.17e-04	1.12e-02	1.54e-01	5.13e-01	3.08e-01	1.36e-02	5.74e-04	1.15e-05	1.11e-06	0.00e+00	0.00e+00	0.00e+00
 3.84612e+22	6.23e-19	1.67e-07	1.33e-05	1.37e-04	1.25e-02	1.63e-01	5.16e-01	2.95e-01	1.24e-02	5.08e-04	9.84e-06	9.36e-07	0.00e+00	0.00e+00	0.00e+00
 3.87499e+22	7.88e-19	1.99e-07	1.57e-05	1.59e-04	1.38e-02	1.71e-01	5.19e-01	2.84e-01	1.13e-02	4.53e-04	8.52e-06	7.98e-07	0.00e+00	0.00e+00	0.00e+00
 3.90186e+22	9.86e-19	2.37e-07	1.84e-05	1.84e-04	1.52e-02	1.80e-01	5.21e-01	2.73e-01	1.04e-02	4.05e-04	7.39e-06	6.83e-07	0.00e+00	0.00e+00	0.00e+00
 3.93250e+22	1.32e-18	2.95e-07	2.26e-05	2.21e-04	1.72e-02	1.92e-01	5.23e-01	2.58e-01	9.25e-03	3.50e-04	6.13e-06	5.57e-07	0.00e+00	0.00e+00	0.00e+00
 3.96351e+22	1.67e-18	3.53e-07	2.66e-05	2.56e-04	1.89e-02	2.01e-01	5.24e-01	2.47e-01	8.41e-03	3.11e-04	5.27e-06	4.72e-07	0.00e+00	0.00e+00	0.00e+00
 3.99500e+22	2.25e-18	4.41e-07	3.27e-05	3.07e-04	2.13e-02	2.13e-01	5.24e-01	2.33e-01	7.47e-03	2.68e-04	4.37e-06	3.85e-07	0.00e+00	0.00e+00	0.00e+00
 4.02673e+22	2.86e-18	5.30e-07	3.88e-05	3.58e-04	2.36e-02	2.24e-01	5.23e-01	2.22e-01	6.74e-03	2.36e-04	3.73e-06	3.23e-07	0.00e+00	0.00e+00	0.00e+00
 4.05414e+22	3.58e-18	6.28e-07	4.54e-05	4.12e-04	2.59e-02	2.34e-01	5.22e-01	2.11e-01	6.12e-03	2.10e-04	3.21e-06	2.75e-07	0.00e+00	0.00e+00	0.00e+00
 4.08513e+22	4.77e-18	7.79e-07	5.54e-05	4.93e-04	2.90e-02	2.47e-01	5.19e-01	1.99e-01	5.40e-03	1.81e-04	2.65e-06	2.23e-07	0.00e+00	0.00e+00	0.00e+00
 4.11706e+22	6.05e-18	9.32e-07	6.53e-05	5.69e-04	3.18e-02	2.58e-01	5.16e-01	1.88e-01	4.87e-03	1.59e-04	2.26e-06	1.88e-07	0.00e+00	0.00e+00	0.00e+00
 4.15020e+22	8.23e-18	1.17e-06	8.07e-05	6.88e-04	3.59e-02	2.72e-01	5.12e-01	1.75e-01	4.24e-03	1.35e-04	1.83e-06	1.50e-07	0.00e+00	0.00e+00	0.00e+00
 4.18351e+22	1.05e-17	1.41e-06	9.53e-05	7.98e-04	3.95e-02	2.84e-01	5.07e-01	1.65e-01	3.79e-03	1.18e-04	1.55e-06	1.25e-07	0.00e+00	0.00e+00	0.00e+00
 4.21704e+22	1.42e-17	1.76e-06	1.17e-04	9.55e-04	4.42e-02	2.98e-01	5.00e-01	1.54e-01	3.31e-03	1.01e-04	1.26e-06	0.00e+00	0.00e+00	0.00e+00	0.00e+00
 4.25180e+22	1.85e-17	2.13e-06	1.40e-04	1.12e-03	4.89e-02	3.10e-01	4.93e-01	1.43e-01	2.91e-03	8.70e-05	1.05e-06	0.00e+00	0.00e+00	0.00e+00	0.00e+00
 4.28281e+22	2.37e-17	2.56e-06	1.65e-04	1.30e-03	5.36e-02	3.22e-01	4.86e-01	1.34e-01	2.59e-03	7.58e-05	8.79e-07	0.00e+00	0.00e+00	0.00e+00	0.00e+00
 4.31779e+22	3.25e-17	3.21e-06	2.03e-04	1.56e-03	6.00e-02	3.37e-01	4.76e-01	1.23e-01	2.22e-03	6.37e-05	7.04e-07	0.00e+00	0.00e+00	0.00e+00	0.00e+00
 4.35369e+22	4.25e-17	3.90e-06	2.43e-04	1.83e-03	6.62e-02	3.49e-01	4.66e-01	1.14e-01	1.94e-03	5.46e-05	5.78e-07	0.00e+00	0.00e+00	0.00e+00	0.00e+00
 4.38538e+22	5.48e-17	4.68e-06	2.87e-04	2.12e-03	7.23e-02	3.61e-01	4.56e-01	1.06e-01	1.71e-03	4.72e-05	4.81e-07	0.00e+00	0.00e+00	0.00e+00	0.00e+00
 4.42117e+22	7.57e-17	5.88e-06	3.52e-04	2.55e-03	8.06e-02	3.75e-01	4.43e-01	9.68e-02	1.45e-03	3.93e-05	3.81e-07	0.00e+00	0.00e+00	0.00e+00	0.00e+00
 4.45802e+22	1.00e-16	7.15e-06	4.21e-04	2.98e-03	8.86e-02	3.87e-01	4.31e-01	8.88e-02	1.26e-03	3.34e-05	3.10e-07	0.00e+00	0.00e+00	0.00e+00	0.00e+00
 4.49070e+22	1.31e-16	8.59e-06	4.97e-04	3.45e-03	9.65e-02	3.98e-01	4.19e-01	8.18e-02	1.09e-03	2.87e-05	2.55e-07	0.00e+00	0.00e+00	0.00e+00	0.00e+00
 4.52767e+22	1.84e-16	1.08e-05	6.13e-04	4.16e-03	1.07e-01	4.11e-01	4.03e-01	7.35e-02	9.15e-04	2.35e-05	1.98e-07	0.00e+00	0.00e+00	0.00e+00	0.00e+00
 4.56552e+22	2.45e-16	1.32e-05	7.28e-04	4.84e-03	1.17e-01	4.21e-01	3.88e-01	6.69e-02	7.85e-04	1.99e-05	1.60e-07	0.00e+00	0.00e+00	0.00e+00	0.00e+00
 4.60451e+22	3.49e-16	1.68e-05	9.04e-04	5.85e-03	1.31e-01	4.32e-01	3.70e-01	5.93e-02	6.47e-04	1.61e-05	1.22e-07	0.00e+00	0.00e+00	0.00e+00	0.00e+00
 4.64403e+22	4.67e-16	2.04e-05	1.08e-03	6.85e-03	1.42e-01	4.41e-01	3.54e-01	5.35e-02	5.47e-04	1.34e-05	0.00e+00	0.00e+00	0.00e+00	0.00e+00	0.00e+00
 4.68424e+22	6.73e-16	2.60e-05	1.33e-03	8.23e-03	1.57e-01	4.50e-01	3.35e-01	4.70e-02	4.48e-04	1.08e-05	0.00e+00	0.00e+00	0.00e+00	0.00e+00	0.00e+00
 4.72550e+22	9.21e-16	3.21e-05	1.60e-03	9.66e-03	1.72e-01	4.57e-01	3.18e-01	4.18e-02	3.73e-04	8.84e-06	0.00e+00	0.00e+00	0.00e+00	0.00e+00	0.00e+00
 4.76205e+22	1.23e-15	3.90e-05	1.90e-03	1.12e-02	1.86e-01	4.62e-01	3.01e-01	3.73e-02	3.13e-04	7.32e-06	0.00e+00	0.00e+00	0.00e+00	0.00e+00	0.00e+00
 4.80347e+22	1.79e-15	5.00e-05	2.36e-03	1.35e-02	2.04e-01	4.66e-01	2.81e-01	3.22e-02	2.51e-04	5.77e-06	0.00e+00	0.00e+00	0.00e+00	0.00e+00	0.00e+00
 4.84613e+22	2.46e-15	6.17e-05	2.83e-03	1.58e-02	2.21e-01	4.69e-01	2.63e-01	2.83e-02	2.06e-04	4.68e-06	0.00e+00	0.00e+00	0.00e+00	0.00e+00	0.00e+00
 4.88412e+22	3.33e-15	7.53e-05	3.35e-03	1.83e-02	2.38e-01	4.69e-01	2.46e-01	2.49e-02	1.70e-04	3.82e-06	0.00e+00	0.00e+00	0.00e+00	0.00e+00	0.00e+00
 4.92725e+22	4.91e-15	9.72e-05	4.16e-03	2.19e-02	2.59e-01	4.68e-01	2.26e-01	2.11e-02	1.34e-04	2.95e-06	0.00e+00	0.00e+00	0.00e+00	0.00e+00	0.00e+00
 4.97093e+22	6.78e-15	1.20e-04	4.95e-03	2.53e-02	2.78e-01	4.64e-01	2.09e-01	1.83e-02	1.09e-04	2.37e-06	0.00e+00	0.00e+00	0.00e+00	0.00e+00	0.00e+00
 5.00931e+22	9.21e-15	1.46e-04	5.84e-03	2.91e-02	2.96e-01	4.60e-01	1.93e-01	1.58e-02	8.85e-05	1.91e-06	0.00e+00	0.00e+00	0.00e+00	0.00e+00	0.00e+00
 5.04484e+22	1.21e-14	1.73e-04	6.74e-03	3.27e-02	3.12e-01	4.54e-01	1.80e-01	1.40e-02	7.42e-05	1.58e-06	0.00e+00	0.00e+00	0.00e+00	0.00e+00	0.00e+00
 5.08267e+22	1.69e-14	2.15e-04	8.05e-03	3.78e-02	3.32e-01	4.46e-01	1.64e-01	1.19e-02	5.93e-05	1.25e-06	0.00e+00	0.00e+00	0.00e+00	0.00e+00	0.00e+00
 5.12116e+22	2.25e-14	2.58e-04	9.32e-03	4.26e-02	3.48e-01	4.38e-01	1.51e-01	1.03e-02	4.87e-05	1.01e-06	0.00e+00	0.00e+00	0.00e+00	0.00e+00	0.00e+00
 5.15496e+22	2.96e-14	3.06e-04	1.07e-02	4.76e-02	3.64e-01	4.29e-01	1.39e-01	9.02e-03	4.04e-05	8.30e-07	0.00e+00	0.00e+00	0.00e+00	0.00e+00	0.00e+00
 5.19336e+22	4.19e-14	3.80e-04	1.27e-02	5.46e-02	3.84e-01	4.16e-01	1.25e-01	7.54e-03	3.17e-05	6.41e-07	0.00e+00	0.00e+00	0.00e+00	0.00e+00	0.00e+00
 5.23252e+22	5.62e-14	4.55e-04	1.47e-02	6.12e-02	4.00e-01	4.04e-01	1.14e-01	6.47e-03	2.57e-05	5.15e-07	0.00e+00	0.00e+00	0.00e+00	0.00e+00	0.00e+00
 5.27265e+22	8.07e-14	5.67e-04	1.75e-02	6.99e-02	4.18e-01	3.88e-01	1.01e-01	5.34e-03	2.00e-05	3.93e-07	0.00e+00	0.00e+00	0.00e+00	0.00e+00	0.00e+00
 5.31370e+22	1.12e-13	6.86e-04	2.02e-02	7.83e-02	4.34e-01	3.72e-01	9.05e-02	4.48e-03	1.58e-05	3.07e-07	0.00e+00	0.00e+00	0.00e+00	0.00e+00	0.00e+00
 5.34961e+22	1.49e-13	8.16e-04	2.31e-02	8.65e-02	4.46e-01	3.58e-01	8.16e-02	3.82e-03	1.28e-05	2.46e-07	0.00e+00	0.00e+00	0.00e+00	0.00e+00	0.00e+00
 5.38296e+22	1.97e-13	9.57e-04	2.61e-02	9.46e-02	4.58e-01	3.44e-01	7.38e-02	3.28e-03	1.05e-05	1.99e-07	0.00e+00	0.00e+00	0.00e+00	0.00e+00	0.00e+00
 5.41443e+22	2.60e-13	1.11e-03	2.92e-02	1.03e-01	4.67e-01	3.30e-01	6.71e-02	2.83e-03	8.72e-06	1.63e-07	0.00e+00	0.00e+00	0.00e+00	0.00e+00	0.00e+00
 5.45047e+22	3.63e-13	1.34e-03	3.38e-02	1.14e-01	4.78e-01	3.12e-01	5.90e-02	2.34e-03	6.81e-06	1.26e-07	0.00e+00	0.00e+00	0.00e+00	0.00e+00	0.00e+00
 5.48711e+22	4.93e-13	1.58e-03	3.80e-02	1.24e-01	4.86e-01	2.96e-01	5.27e-02	1.97e-03	5.49e-06	0.00e+00	0.00e+00	0.00e+00	0.00e+00	0.00e+00	0.00e+00
 5.51933e+22	6.48e-13	1.83e-03	4.25e-02	1.34e-01	4.92e-01	2.81e-01	4.71e-02	1.67e-03	4.46e-06	0.00e+00	0.00e+00	0.00e+00	0.00e+00	0.00e+00	0.00e+00
 5.55600e+22	9.38e-13	2.22e-03	4.88e-02	1.47e-01	4.98e-01	2.62e-01	4.08e-02	1.36e-03	3.44e-06	0.00e+00	0.00e+00	0.00e+00	0.00e+00	0.00e+00	0.00e+00
 5.59325e+22	1.33e-12	2.60e-03	5.46e-02	1.59e-01	5.01e-01	2.46e-01	3.59e-02	1.13e-03	2.73e-06	0.00e+00	0.00e+00	0.00e+00	0.00e+00	0.00e+00	0.00e+00
 5.62609e+22	1.76e-12	3.01e-03	6.07e-02	1.70e-01	5.03e-01	2.31e-01	3.17e-02	9.47e-04	2.20e-06	0.00e+00	0.00e+00	0.00e+00	0.00e+00	0.00e+00	0.00e+00
 5.66361e+22	2.64e-12	3.64e-03	6.93e-02	1.85e-01	5.03e-01	2.12e-01	2.69e-02	7.51e-04	1.66e-06	0.00e+00	0.00e+00	0.00e+00	0.00e+00	0.00e+00	0.00e+00
 5.70154e+22	3.64e-12	4.22e-03	7.68e-02	1.97e-01	5.01e-01	1.97e-01	2.34e-02	6.19e-04	1.31e-06	0.00e+00	0.00e+00	0.00e+00	0.00e+00	0.00e+00	0.00e+00
 5.74000e+22	5.44e-12	5.08e-03	8.73e-02	2.13e-01	4.96e-01	1.78e-01	1.96e-02	4.84e-04	9.77e-07	0.00e+00	0.00e+00	0.00e+00	0.00e+00	0.00e+00	0.00e+00
 5.77898e+22	8.15e-12	5.91e-03	9.65e-02	2.26e-01	4.90e-01	1.64e-01	1.69e-02	3.93e-04	7.61e-07	0.00e+00	0.00e+00	0.00e+00	0.00e+00	0.00e+00	0.00e+00
 5.81866e+22	1.24e-11	7.11e-03	1.09e-01	2.43e-01	4.81e-01	1.46e-01	1.39e-02	3.01e-04	5.55e-07	0.00e+00	0.00e+00	0.00e+00	0.00e+00	0.00e+00	0.00e+00
 5.85872e+22	1.96e-11	8.25e-03	1.20e-01	2.56e-01	4.71e-01	1.33e-01	1.17e-02	2.41e-04	4.26e-07	0.00e+00	0.00e+00	0.00e+00	0.00e+00	0.00e+00	0.00e+00
 5.89927e+22	3.24e-11	9.88e-03	1.35e-01	2.71e-01	4.57e-01	1.17e-01	9.51e-03	1.82e-04	3.06e-07	0.00e+00	0.00e+00	0.00e+00	0.00e+00	0.00e+00	0.00e+00
 5.94040e+22	5.95e-11	1.15e-02	1.48e-01	2.84e-01	4.44e-01	1.05e-01	7.93e-03	1.43e-04	2.31e-07	0.00e+00	0.00e+00	0.00e+00	0.00e+00	0.00e+00	0.00e+00
 5.98227e+22	1.06e-10	1.37e-02	1.65e-01	2.99e-01	4.25e-01	9.11e-02	6.31e-03	1.06e-04	1.63e-07	0.00e+00	0.00e+00	0.00e+00	0.00e+00	0.00e+00	0.00e+00
 6.02488e+22	2.20e-10	1.58e-02	1.79e-01	3.10e-01	4.09e-01	8.05e-02	5.18e-03	8.15e-05	0.00e+00	0.00e+00	0.00e+00	0.00e+00	0.00e+00	0.00e+00	0.00e+00
 6.06842e+22	4.18e-10	1.88e-02	1.99e-01	3.23e-01	3.87e-01	6.86e-02	4.02e-03	5.88e-05	0.00e+00	0.00e+00	0.00e+00	0.00e+00	0.00e+00	0.00e+00	0.00e+00
 6.11281e+22	9.02e-10	2.18e-02	2.16e-01	3.32e-01	3.67e-01	5.97e-02	3.23e-03	4.43e-05	0.00e+00	0.00e+00	0.00e+00	0.00e+00	0.00e+00	0.00e+00	0.00e+00
 6.14291e+22	1.32e-09	2.34e-02	2.24e-01	3.37e-01	3.57e-01	5.54e-02	2.88e-03	3.82e-05	0.00e+00	0.00e+00	0.00e+00	0.00e+00	0.00e+00	0.00e+00	0.00e+00
 6.16663e+22	1.90e-09	2.56e-02	2.36e-01	3.42e-01	3.44e-01	5.03e-02	2.48e-03	3.16e-05	0.00e+00	0.00e+00	0.00e+00	0.00e+00	0.00e+00	0.00e+00	0.00e+00
 6.18970e+22	2.66e-09	2.73e-02	2.43e-01	3.46e-01	3.34e-01	4.69e-02	2.23e-03	2.76e-05	0.00e+00	0.00e+00	0.00e+00	0.00e+00	0.00e+00	0.00e+00	0.00e+00
 6.20759e+22	3.38e-09	2.88e-02	2.50e-01	3.49e-01	3.26e-01	4.42e-02	2.04e-03	2.45e-05	0.00e+00	0.00e+00	0.00e+00	0.00e+00	0.00e+00	0.00e+00	0.00e+00
 6.22654e+22	4.36e-09	3.08e-02	2.60e-01	3.51e-01	3.15e-01	4.08e-02	1.81e-03	2.11e-05	0.00e+00	0.00e+00	0.00e+00	0.00e+00	0.00e+00	0.00e+00	0.00e+00
 6.25116e+22	6.68e-09	3.37e-02	2.72e-01	3.55e-01	3.01e-01	3.67e-02	1.54e-03	1.73e-05	0.00e+00	0.00e+00	0.00e+00	0.00e+00	0.00e+00	0.00e+00	0.00e+00
 6.27659e+22	1.02e-08	3.63e-02	2.82e-01	3.57e-01	2.90e-01	3.35e-02	1.35e-03	1.46e-05	0.00e+00	0.00e+00	0.00e+00	0.00e+00	0.00e+00	0.00e+00	0.00e+00
 6.30305e+22	1.55e-08	3.98e-02	2.95e-01	3.59e-01	2.75e-01	2.98e-02	1.13e-03	1.17e-05	0.00e+00	0.00e+00	0.00e+00	0.00e+00	0.00e+00	0.00e+00	0.00e+00
 6.33746e+22	3.46e-08	4.50e-02	3.13e-01	3.60e-01	2.55e-01	2.53e-02	8.90e-04	8.71e-06	0.00e+00	0.00e+00	0.00e+00	0.00e+00	0.00e+00	0.00e+00	0.00e+00
 6.37130e+22	5.47e-08	4.91e-02	3.25e-01	3.61e-01	2.41e-01	2.25e-02	7.45e-04	6.98e-06	0.00e+00	0.00e+00	0.00e+00	0.00e+00	0.00e+00	0.00e+00	0.00e+00
 6.40441e+22	9.34e-08	5.46e-02	3.41e-01	3.60e-01	2.24e-01	1.92e-02	5.94e-04	5.28e-06	0.00e+00	0.00e+00	0.00e+00	0.00e+00	0.00e+00	0.00e+00	0.00e+00
 6.43848e+22	1.51e-07	5.99e-02	3.55e-01	3.58e-01	2.10e-01	1.68e-02	4.86e-04	4.13e-06	0.00e+00	0.00e+00	0.00e+00	0.00e+00	0.00e+00	0.00e+00	0.00e+00
 6.47383e+22	2.40e-07	6.68e-02	3.71e-01	3.55e-01	1.93e-01	1.41e-02	3.79e-04	3.05e-06	0.00e+00	0.00e+00	0.00e+00	0.00e+00	0.00e+00	0.00e+00	0.00e+00
 6.50940e+22	3.44e-07	7.32e-02	3.84e-01	3.51e-01	1.79e-01	1.22e-02	3.08e-04	2.36e-06	0.00e+00	0.00e+00	0.00e+00	0.00e+00	0.00e+00	0.00e+00	0.00e+00
 6.54527e+22	4.91e-07	8.16e-02	4.00e-01	3.45e-01	1.63e-01	1.01e-02	2.36e-04	1.72e-06	0.00e+00	0.00e+00	0.00e+00	0.00e+00	0.00e+00	0.00e+00	0.00e+00
 6.58103e+22	6.49e-07	8.91e-02	4.11e-01	3.40e-01	1.51e-01	8.71e-03	1.91e-04	1.32e-06	0.00e+00	0.00e+00	0.00e+00	0.00e+00	0.00e+00	0.00e+00	0.00e+00
 6.61663e+22	8.86e-07	9.90e-02	4.26e-01	3.31e-01	1.37e-01	7.17e-03	1.45e-04	9.55e-07	0.00e+00	0.00e+00	0.00e+00	0.00e+00	0.00e+00	0.00e+00	0.00e+00
 6.65217e+22	1.10e-06	1.08e-01	4.36e-01	3.24e-01	1.26e-01	6.13e-03	1.16e-04	7.32e-07	0.00e+00	0.00e+00	0.00e+00	0.00e+00	0.00e+00	0.00e+00	0.00e+00
 6.68762e+22	1.42e-06	1.20e-01	4.49e-01	3.13e-01	1.13e-01	5.01e-03	8.77e-05	5.25e-07	0.00e+00	0.00e+00	0.00e+00	0.00e+00	0.00e+00	0.00e+00	0.00e+00
 6.72310e+22	1.75e-06	1.31e-01	4.58e-01	3.04e-01	1.03e-01	4.23e-03	6.95e-05	3.98e-07	0.00e+00	0.00e+00	0.00e+00	0.00e+00	0.00e+00	0.00e+00	0.00e+00
 6.75861e+22	2.23e-06	1.46e-01	4.68e-01	2.91e-01	9.17e-02	3.40e-03	5.14e-05	2.79e-07	0.00e+00	0.00e+00	0.00e+00	0.00e+00	0.00e+00	0.00e+00	0.00e+00
 6.79360e+22	2.67e-06	1.58e-01	4.74e-01	2.81e-01	8.34e-02	2.86e-03	4.05e-05	2.11e-07	0.00e+00	0.00e+00	0.00e+00	0.00e+00	0.00e+00	0.00e+00	0.00e+00
 6.82339e+22	3.17e-06	1.71e-01	4.80e-01	2.71e-01	7.59e-02	2.41e-03	3.21e-05	1.61e-07	0.00e+00	0.00e+00	0.00e+00	0.00e+00	0.00e+00	0.00e+00	0.00e+00
 6.85758e+22	3.93e-06	1.91e-01	4.85e-01	2.56e-01	6.64e-02	1.90e-03	2.32e-05	0.00e+00	0.00e+00	0.00e+00	0.00e+00	0.00e+00	0.00e+00	0.00e+00	0.00e+00
 6.89080e+22	4.57e-06	2.07e-01	4.87e-01	2.45e-01	6.00e-02	1.59e-03	1.83e-05	0.00e+00	0.00e+00	0.00e+00	0.00e+00	0.00e+00	0.00e+00	0.00e+00	0.00e+00
 6.92274e+22	5.50e-06	2.28e-01	4.88e-01	2.31e-01	5.25e-02	1.26e-03	1.33e-05	0.00e+00	0.00e+00	0.00e+00	0.00e+00	0.00e+00	0.00e+00	0.00e+00	0.00e+00
 6.95465e+22	6.39e-06	2.47e-01	4.86e-01	2.19e-01	4.69e-02	1.04e-03	1.03e-05	0.00e+00	0.00e+00	0.00e+00	0.00e+00	0.00e+00	0.00e+00	0.00e+00	0.00e+00
 6.98210e+22	7.35e-06	2.67e-01	4.82e-01	2.08e-01	4.18e-02	8.52e-04	7.94e-06	0.00e+00	0.00e+00	0.00e+00	0.00e+00	0.00e+00	0.00e+00	0.00e+00	0.00e+00
 7.00909e+22	8.42e-06	2.89e-01	4.77e-01	1.97e-01	3.71e-02	6.96e-04	6.08e-06	0.00e+00	0.00e+00	0.00e+00	0.00e+00	0.00e+00	0.00e+00	0.00e+00	0.00e+00
 7.03565e+22	9.55e-06	3.10e-01	4.70e-01	1.86e-01	3.29e-02	5.69e-04	4.67e-06	0.00e+00	0.00e+00	0.00e+00	0.00e+00	0.00e+00	0.00e+00	0.00e+00	0.00e+00
 7.06589e+22	1.12e-05	3.39e-01	4.60e-01	1.72e-01	2.80e-02	4.35e-04	3.28e-06	0.00e+00	0.00e+00	0.00e+00	0.00e+00	0.00e+00	0.00e+00	0.00e+00	0.00e+00
 7.09599e+22	1.27e-05	3.66e-01	4.48e-01	1.62e-01	2.44e-02	3.45e-04	2.43e-06	0.00e+00	0.00e+00	0.00e+00	0.00e+00	0.00e+00	0.00e+00	0.00e+00	0.00e+00
 7.12135e+22	1.43e-05	3.91e-01	4.36e-01	1.52e-01	2.13e-02	2.77e-04	1.83e-06	0.00e+00	0.00e+00	0.00e+00	0.00e+00	0.00e+00	0.00e+00	0.00e+00	0.00e+00
 7.14975e+22	1.63e-05	4.22e-01	4.20e-01	1.40e-01	1.79e-02	2.09e-04	1.27e-06	0.00e+00	0.00e+00	0.00e+00	0.00e+00	0.00e+00	0.00e+00	0.00e+00	0.00e+00
 7.17866e+22	1.83e-05	4.51e-01	4.04e-01	1.30e-01	1.52e-02	1.61e-04	9.10e-07	0.00e+00	0.00e+00	0.00e+00	0.00e+00	0.00e+00	0.00e+00	0.00e+00	0.00e+00
 7.20326e+22	2.02e-05	4.78e-01	3.87e-01	1.21e-01	1.30e-02	1.26e-04	6.68e-07	0.00e+00	0.00e+00	0.00e+00	0.00e+00	0.00e+00	0.00e+00	0.00e+00	0.00e+00
 7.23025e+22	2.27e-05	5.12e-01	3.66e-01	1.11e-01	1.06e-02	9.22e-05	4.47e-07	0.00e+00	0.00e+00	0.00e+00	0.00e+00	0.00e+00	0.00e+00	0.00e+00	0.00e+00
 7.25771e+22	2.49e-05	5.41e-01	3.48e-01	1.02e-01	8.88e-03	6.96e-05	3.13e-07	0.00e+00	0.00e+00	0.00e+00	0.00e+00	0.00e+00	0.00e+00	0.00e+00	0.00e+00
 7.28091e+22	2.70e-05	5.67e-01	3.31e-01	9.46e-02	7.47e-03	5.34e-05	2.24e-07	0.00e+00	0.00e+00	0.00e+00	0.00e+00	0.00e+00	0.00e+00	0.00e+00	0.00e+00
 7.30621e+22	2.97e-05	5.99e-01	3.09e-01	8.57e-02	5.98e-03	3.82e-05	1.46e-07	0.00e+00	0.00e+00	0.00e+00	0.00e+00	0.00e+00	0.00e+00	0.00e+00	0.00e+00
 7.33222e+22	3.21e-05	6.29e-01	2.88e-01	7.80e-02	4.80e-03	2.76e-05	0.00e+00	0.00e+00	0.00e+00	0.00e+00	0.00e+00	0.00e+00	0.00e+00	0.00e+00	0.00e+00
 7.35390e+22	3.43e-05	6.55e-01	2.70e-01	7.15e-02	3.93e-03	2.06e-05	0.00e+00	0.00e+00	0.00e+00	0.00e+00	0.00e+00	0.00e+00	0.00e+00	0.00e+00	0.00e+00
 7.37341e+22	3.63e-05	6.78e-01	2.53e-01	6.56e-02	3.23e-03	1.56e-05	0.00e+00	0.00e+00	0.00e+00	0.00e+00	0.00e+00	0.00e+00	0.00e+00	0.00e+00	0.00e+00
 7.39535e+22	3.89e-05	7.08e-01	2.31e-01	5.85e-02	2.49e-03	1.09e-05	0.00e+00	0.00e+00	0.00e+00	0.00e+00	0.00e+00	0.00e+00	0.00e+00	0.00e+00	0.00e+00
 7.41748e+22	4.12e-05	7.35e-01	2.11e-01	5.21e-02	1.92e-03	7.68e-06	0.00e+00	0.00e+00	0.00e+00	0.00e+00	0.00e+00	0.00e+00	0.00e+00	0.00e+00	0.00e+00
 7.43476e+22	4.31e-05	7.58e-01	1.93e-01	4.71e-02	1.53e-03	5.72e-06	0.00e+00	0.00e+00	0.00e+00	0.00e+00	0.00e+00	0.00e+00	0.00e+00	0.00e+00	0.00e+00
 7.44933e+22	4.48e-05	7.79e-01	1.77e-01	4.26e-02	1.23e-03	4.35e-06	0.00e+00	0.00e+00	0.00e+00	0.00e+00	0.00e+00	0.00e+00	0.00e+00	0.00e+00	0.00e+00
 7.46549e+22	4.67e-05	8.02e-01	1.59e-01	3.76e-02	9.43e-04	3.17e-06	0.00e+00	0.00e+00	0.00e+00	0.00e+00	0.00e+00	0.00e+00	0.00e+00	0.00e+00	0.00e+00
 7.48253e+22	4.85e-05	8.27e-01	1.40e-01	3.25e-02	6.99e-04	2.25e-06	0.00e+00	0.00e+00	0.00e+00	0.00e+00	0.00e+00	0.00e+00	0.00e+00	0.00e+00	0.00e+00
 7.49652e+22	4.98e-05	8.47e-01	1.24e-01	2.85e-02	5.35e-04	1.68e-06	0.00e+00	0.00e+00	0.00e+00	0.00e+00	0.00e+00	0.00e+00	0.00e+00	0.00e+00	0.00e+00
 7.50799e+22	5.08e-05	8.64e-01	1.10e-01	2.51e-02	4.20e-04	1.30e-06	0.00e+00	0.00e+00	0.00e+00	0.00e+00	0.00e+00	0.00e+00	0.00e+00	0.00e+00	0.00e+00
 7.51848e+22	5.16e-05	8.80e-01	9.75e-02	2.22e-02	3.31e-04	1.02e-06	0.00e+00	0.00e+00	0.00e+00	0.00e+00	0.00e+00	0.00e+00	0.00e+00	0.00e+00	0.00e+00
 7.52840e+22	5.22e-05	8.95e-01	8.56e-02	1.94e-02	2.61e-04	8.11e-07	0.00e+00	0.00e+00	0.00e+00	0.00e+00	0.00e+00	0.00e+00	0.00e+00	0.00e+00	0.00e+00
 7.53750e+22	5.26e-05	9.08e-01	7.47e-02	1.70e-02	2.06e-04	6.50e-07	0.00e+00	0.00e+00	0.00e+00	0.00e+00	0.00e+00	0.00e+00	0.00e+00	0.00e+00	0.00e+00
 7.54555e+22	5.27e-05	9.19e-01	6.54e-02	1.50e-02	1.66e-04	5.32e-07	0.00e+00	0.00e+00	0.00e+00	0.00e+00	0.00e+00	0.00e+00	0.00e+00	0.00e+00	0.00e+00
 7.55276e+22	5.25e-05	9.29e-01	5.73e-02	1.33e-02	1.36e-04	4.43e-07	0.00e+00	0.00e+00	0.00e+00	0.00e+00	0.00e+00	0.00e+00	0.00e+00	0.00e+00	0.00e+00
 7.55943e+22	5.21e-05	9.38e-01	5.02e-02	1.18e-02	1.12e-04	3.74e-07	0.00e+00	0.00e+00	0.00e+00	0.00e+00	0.00e+00	0.00e+00	0.00e+00	0.00e+00	0.00e+00
 7.56573e+22	5.15e-05	9.46e-01	4.39e-02	1.05e-02	9.37e-05	3.18e-07	0.00e+00	0.00e+00	0.00e+00	0.00e+00	0.00e+00	0.00e+00	0.00e+00	0.00e+00	0.00e+00
 7.57165e+22	5.07e-05	9.52e-01	3.82e-02	9.36e-03	7.88e-05	2.73e-07	0.00e+00	0.00e+00	0.00e+00	0.00e+00	0.00e+00	0.00e+00	0.00e+00	0.00e+00	0.00e+00
 7.57720e+22	4.96e-05	9.58e-01	3.34e-02	8.39e-03	6.70e-05	2.37e-07	0.00e+00	0.00e+00	0.00e+00	0.00e+00	0.00e+00	0.00e+00	0.00e+00	0.00e+00	0.00e+00
 7.58246e+22	4.84e-05	9.63e-01	2.91e-02	7.56e-03	5.77e-05	2.08e-07	0.00e+00	0.00e+00	0.00e+00	0.00e+00	0.00e+00	0.00e+00	0.00e+00	0.00e+00	0.00e+00
 7.58751e+22	4.71e-05	9.68e-01	2.54e-02	6.84e-03	5.01e-05	1.84e-07	0.00e+00	0.00e+00	0.00e+00	0.00e+00	0.00e+00	0.00e+00	0.00e+00	0.00e+00	0.00e+00
 7.59239e+22	4.56e-05	9.71e-01	2.22e-02	6.22e-03	4.40e-05	1.65e-07	0.00e+00	0.00e+00	0.00e+00	0.00e+00	0.00e+00	0.00e+00	0.00e+00	0.00e+00	0.00e+00
 7.59700e+22	4.40e-05	9.75e-01	1.95e-02	5.70e-03	3.91e-05	1.49e-07	0.00e+00	0.00e+00	0.00e+00	0.00e+00	0.00e+00	0.00e+00	0.00e+00	0.00e+00	0.00e+00
 7.60116e+22	4.25e-05	9.77e-01	1.72e-02	5.28e-03	3.54e-05	1.36e-07	0.00e+00	0.00e+00	0.00e+00	0.00e+00	0.00e+00	0.00e+00	0.00e+00	0.00e+00	0.00e+00
 7.60490e+22	4.12e-05	9.80e-01	1.55e-02	4.94e-03	3.25e-05	1.27e-07	0.00e+00	0.00e+00	0.00e+00	0.00e+00	0.00e+00	0.00e+00	0.00e+00	0.00e+00	0.00e+00
 7.60842e+22	3.99e-05	9.81e-01	1.39e-02	4.65e-03	3.02e-05	0.00e+00	0.00e+00	0.00e+00	0.00e+00	0.00e+00	0.00e+00	0.00e+00	0.00e+00	0.00e+00	0.00e+00
 7.61186e+22	3.86e-05	9.83e-01	1.25e-02	4.40e-03	2.81e-05	0.00e+00	0.00e+00	0.00e+00	0.00e+00	0.00e+00	0.00e+00	0.00e+00	0.00e+00	0.00e+00	0.00e+00
 7.61528e+22	3.73e-05	9.84e-01	1.13e-02	4.17e-03	2.64e-05	0.00e+00	0.00e+00	0.00e+00	0.00e+00	0.00e+00	0.00e+00	0.00e+00	0.00e+00	0.00e+00	0.00e+00
 7.61860e+22	3.61e-05	9.86e-01	1.03e-02	3.97e-03	2.49e-05	0.00e+00	0.00e+00	0.00e+00	0.00e+00	0.00e+00	0.00e+00	0.00e+00	0.00e+00	0.00e+00	0.00e+00
 7.62116e+22	3.50e-05	9.86e-01	9.61e-03	3.84e-03	2.39e-05	0.00e+00	0.00e+00	0.00e+00	0.00e+00	0.00e+00	0.00e+00	0.00e+00	0.00e+00	0.00e+00	0.00e+00
 7.62289e+22	3.45e-05	9.87e-01	9.13e-03	3.75e-03	2.33e-05	0.00e+00	0.00e+00	0.00e+00	0.00e+00	0.00e+00	0.00e+00	0.00e+00	0.00e+00	0.00e+00	0.00e+00
 7.62458e+22	3.39e-05	9.88e-01	8.67e-03	3.67e-03	2.27e-05	0.00e+00	0.00e+00	0.00e+00	0.00e+00	0.00e+00	0.00e+00	0.00e+00	0.00e+00	0.00e+00	0.00e+00
 7.62658e+22	3.32e-05	9.88e-01	8.19e-03	3.57e-03	2.21e-05	0.00e+00	0.00e+00	0.00e+00	0.00e+00	0.00e+00	0.00e+00	0.00e+00	0.00e+00	0.00e+00	0.00e+00
 7.62878e+22	3.25e-05	9.89e-01	7.69e-03	3.47e-03	2.14e-05	0.00e+00	0.00e+00	0.00e+00	0.00e+00	0.00e+00	0.00e+00	0.00e+00	0.00e+00	0.00e+00	0.00e+00
 7.63097e+22	3.17e-05	9.89e-01	7.22e-03	3.38e-03	2.08e-05	0.00e+00	0.00e+00	0.00e+00	0.00e+00	0.00e+00	0.00e+00	0.00e+00	0.00e+00	0.00e+00	0.00e+00
 7.63306e+22	3.10e-05	9.90e-01	6.80e-03	3.30e-03	2.02e-05	0.00e+00	0.00e+00	0.00e+00	0.00e+00	0.00e+00	0.00e+00	0.00e+00	0.00e+00	0.00e+00	0.00e+00
 7.63515e+22	3.03e-05	9.90e-01	6.41e-03	3.22e-03	1.97e-05	0.00e+00	0.00e+00	0.00e+00	0.00e+00	0.00e+00	0.00e+00	0.00e+00	0.00e+00	0.00e+00	0.00e+00
 7.63732e+22	2.96e-05	9.91e-01	6.03e-03	3.15e-03	1.92e-05	0.00e+00	0.00e+00	0.00e+00	0.00e+00	0.00e+00	0.00e+00	0.00e+00	0.00e+00	0.00e+00	0.00e+00
 7.63955e+22	2.89e-05	9.91e-01	5.66e-03	3.07e-03	1.87e-05	0.00e+00	0.00e+00	0.00e+00	0.00e+00	0.00e+00	0.00e+00	0.00e+00	0.00e+00	0.00e+00	0.00e+00
 7.64179e+22	2.82e-05	9.92e-01	5.31e-03	3.00e-03	1.83e-05	0.00e+00	0.00e+00	0.00e+00	0.00e+00	0.00e+00	0.00e+00	0.00e+00	0.00e+00	0.00e+00	0.00e+00
 7.64404e+22	2.75e-05	9.92e-01	4.98e-03	2.93e-03	1.79e-05	0.00e+00	0.00e+00	0.00e+00	0.00e+00	0.00e+00	0.00e+00	0.00e+00	0.00e+00	0.00e+00	0.00e+00
 7.64632e+22	2.69e-05	9.92e-01	4.68e-03	2.86e-03	1.75e-05	0.00e+00	0.00e+00	0.00e+00	0.00e+00	0.00e+00	0.00e+00	0.00e+00	0.00e+00	0.00e+00	0.00e+00
 7.64866e+22	2.62e-05	9.93e-01	4.38e-03	2.80e-03	1.71e-05	0.00e+00	0.00e+00	0.00e+00	0.00e+00	0.00e+00	0.00e+00	0.00e+00	0.00e+00	0.00e+00	0.00e+00
 7.65104e+22	2.56e-05	9.93e-01	4.10e-03	2.74e-03	1.67e-05	0.00e+00	0.00e+00	0.00e+00	0.00e+00	0.00e+00	0.00e+00	0.00e+00	0.00e+00	0.00e+00	0.00e+00
 7.65345e+22	2.49e-05	9.93e-01	3.84e-03	2.68e-03	1.64e-05	0.00e+00	0.00e+00	0.00e+00	0.00e+00	0.00e+00	0.00e+00	0.00e+00	0.00e+00	0.00e+00	0.00e+00
 7.65589e+22	2.43e-05	9.94e-01	3.59e-03	2.62e-03	1.60e-05	0.00e+00	0.00e+00	0.00e+00	0.00e+00	0.00e+00	0.00e+00	0.00e+00	0.00e+00	0.00e+00	0.00e+00
 7.65838e+22	2.37e-05	9.94e-01	3.35e-03	2.57e-03	1.57e-05	0.00e+00	0.00e+00	0.00e+00	0.00e+00	0.00e+00	0.00e+00	0.00e+00	0.00e+00	0.00e+00	0.00e+00
 7.66092e+22	2.30e-05	9.94e-01	3.12e-03	2.51e-03	1.54e-05	0.00e+00	0.00e+00	0.00e+00	0.00e+00	0.00e+00	0.00e+00	0.00e+00	0.00e+00	0.00e+00	0.00e+00
 7.66351e+22	2.24e-05	9.95e-01	2.91e-03	2.46e-03	1.52e-05	0.00e+00	0.00e+00	0.00e+00	0.00e+00	0.00e+00	0.00e+00	0.00e+00	0.00e+00	0.00e+00	0.00e+00
 7.66616e+22	2.19e-05	9.95e-01	2.71e-03	2.41e-03	1.49e-05	0.00e+00	0.00e+00	0.00e+00	0.00e+00	0.00e+00	0.00e+00	0.00e+00	0.00e+00	0.00e+00	0.00e+00
