#depth	H	H+	H2
 4.62852e+21	4.08e-06	1.00e+00	2.78e-29
 1.03363e+22	7.30e-06	1.00e+00	8.27e-29
 1.19050e+22	9.37e-06	1.00e+00	1.53e-28
 1.26391e+22	1.06e-05	1.00e+00	2.18e-28
 1.29755e+22	1.10e-05	1.00e+00	2.55e-28
 1.31862e+22	1.17e-05	1.00e+00	3.10e-28
 1.34160e+22	1.23e-05	1.00e+00	3.74e-28
 1.36224e+22	1.29e-05	1.00e+00	4.42e-28
 1.38428e+22	1.37e-05	1.00e+00	5.51e-28
 1.40599e+22	1.43e-05	1.00e+00	6.51e-28
 1.42728e+22	1.51e-05	1.00e+00	8.09e-28
 1.44877e+22	1.57e-05	1.00e+00	9.64e-28
 1.47055e+22	1.66e-05	1.00e+00	1.21e-27
 1.49240e+22	1.73e-05	1.00e+00	1.45e-27
 1.51434e+22	1.83e-05	1.00e+00	1.83e-27
 1.53654e+22	1.91e-05	1.00e+00	2.20e-27
 1.55906e+22	2.02e-05	1.00e+00	2.80e-27
 1.58190e+22	2.11e-05	1.00e+00	3.38e-27
 1.60513e+22	2.23e-05	1.00e+00	4.35e-27
 1.62875e+22	2.33e-05	1.00e+00	5.29e-27
 1.65286e+22	2.47e-05	1.00e+00	6.85e-27
 1.67745e+22	2.58e-05	1.00e+00	8.38e-27
 1.70266e+22	2.75e-05	1.00e+00	1.10e-26
 1.72828e+22	2.87e-05	1.00e+00	1.35e-26
 1.75445e+22	3.06e-05	1.00e+00	1.78e-26
 1.78084e+22	3.20e-05	1.00e+00	2.20e-26
 1.80336e+22	3.34e-05	1.00e+00	2.68e-26
 1.82848e+22	3.54e-05	1.00e+00	3.48e-26
 1.85379e+22	3.70e-05	1.00e+00	4.24e-26
 1.87523e+22	3.85e-05	1.00e+00	5.11e-26
 1.89898e+22	4.07e-05	1.00e+00	6.51e-26
 1.92247e+22	4.23e-05	1.00e+00	7.79e-26
 1.94561e+22	4.44e-05	1.00e+00	9.76e-26
 1.96966e+22	4.64e-05	1.00e+00	1.19e-25
 1.99123e+22	4.83e-05	1.00e+00	1.43e-25
 2.01561e+22	5.09e-05	1.00e+00	1.82e-25
 2.04052e+22	5.32e-05	1.00e+00	2.22e-25
 2.06611e+22	5.60e-05	1.00e+00	2.83e-25
 2.09291e+22	5.88e-05	1.00e+00	3.52e-25
 2.11697e+22	6.14e-05	1.00e+00	4.30e-25
 2.14394e+22	6.50e-05	1.00e+00	5.60e-25
 2.17125e+22	6.79e-05	1.00e+00	6.86e-25
 2.19901e+22	7.19e-05	1.00e+00	8.91e-25
 2.22735e+22	7.54e-05	1.00e+00	1.11e-24
 2.25645e+22	8.00e-05	1.00e+00	1.45e-24
 2.28597e+22	8.40e-05	1.00e+00	1.82e-24
 2.31604e+22	8.92e-05	1.00e+00	2.40e-24
 2.34656e+22	9.37e-05	1.00e+00	3.02e-24
 2.37768e+22	9.97e-05	1.00e+00	4.01e-24
 2.40879e+22	1.05e-04	1.00e+00	5.03e-24
 2.43991e+22	1.11e-04	1.00e+00	6.69e-24
 2.47195e+22	1.17e-04	1.00e+00	8.51e-24
 2.49786e+22	1.22e-04	1.00e+00	1.04e-23
 2.52068e+22	1.27e-04	1.00e+00	1.24e-23
 2.54685e+22	1.34e-04	1.00e+00	1.56e-23
 2.57468e+22	1.40e-04	1.00e+00	1.93e-23
 2.60051e+22	1.46e-04	1.00e+00	2.37e-23
 2.62995e+22	1.55e-04	1.00e+00	3.10e-23
 2.65970e+22	1.62e-04	1.00e+00	3.84e-23
 2.68589e+22	1.70e-04	1.00e+00	4.75e-23
 2.71601e+22	1.80e-04	1.00e+00	6.19e-23
 2.74683e+22	1.89e-04	1.00e+00	7.77e-23
 2.77414e+22	1.98e-04	1.00e+00	9.66e-23
 2.80522e+22	2.10e-04	1.00e+00	1.27e-22
 2.83717e+22	2.21e-04	1.00e+00	1.61e-22
 2.86564e+22	2.32e-04	1.00e+00	2.01e-22
 2.89802e+22	2.46e-04	1.00e+00	2.67e-22
 2.93143e+22	2.60e-04	1.00e+00	3.43e-22
 2.96117e+22	2.73e-04	1.00e+00	4.33e-22
 2.99480e+22	2.90e-04	1.00e+00	5.66e-22
 3.02926e+22	3.07e-04	1.00e+00	7.29e-22
 3.05969e+22	3.23e-04	1.00e+00	9.27e-22
 3.09413e+22	3.44e-04	1.00e+00	1.26e-21
 3.12953e+22	3.64e-04	1.00e+00	1.63e-21
 3.16095e+22	3.84e-04	1.00e+00	2.09e-21
 3.19656e+22	4.10e-04	1.00e+00	2.88e-21
 3.23321e+22	4.34e-04	1.00e+00	3.79e-21
 3.26589e+22	4.59e-04	1.00e+00	4.93e-21
 3.30306e+22	4.92e-04	1.00e+00	6.93e-21
 3.34095e+22	5.21e-04	9.99e-01	9.19e-21
 3.37977e+22	5.60e-04	9.99e-01	1.32e-20
 3.41900e+22	5.95e-04	9.99e-01	1.78e-20
 3.45283e+22	6.28e-04	9.99e-01	2.36e-20
 3.48450e+22	6.62e-04	9.99e-01	3.08e-20
 3.51931e+22	7.04e-04	9.99e-01	4.28e-20
 3.55427e+22	7.43e-04	9.99e-01	5.74e-20
 3.58440e+22	7.80e-04	9.99e-01	7.51e-20
 3.61856e+22	8.31e-04	9.99e-01	1.07e-19
 3.65386e+22	8.76e-04	9.99e-01	1.45e-19
 3.69064e+22	9.36e-04	9.99e-01	2.13e-19
 3.72796e+22	9.92e-04	9.99e-01	3.11e-19
 3.75991e+22	1.04e-03	9.99e-01	4.14e-19
 3.79535e+22	1.11e-03	9.99e-01	6.60e-19
 3.82818e+22	1.16e-03	9.99e-01	8.78e-19
 3.85760e+22	1.22e-03	9.99e-01	1.22e-18
 3.88787e+22	1.28e-03	9.99e-01	1.98e-18
 3.91487e+22	1.33e-03	9.99e-01	2.59e-18
 3.94557e+22	1.41e-03	9.99e-01	4.47e-18
 3.97636e+22	1.47e-03	9.99e-01	6.75e-18
 4.00725e+22	1.55e-03	9.98e-01	1.35e-17
 4.03839e+22	1.62e-03	9.98e-01	2.34e-17
 4.06988e+22	1.72e-03	9.98e-01	5.44e-17
 4.10175e+22	1.79e-03	9.98e-01	1.22e-16
 4.13411e+22	1.90e-03	9.98e-01	4.29e-16
 4.16678e+22	1.99e-03	9.98e-01	1.44e-15
 4.19988e+22	2.10e-03	9.98e-01	8.70e-15
 4.23340e+22	2.20e-03	9.98e-01	3.87e-14
 4.25396e+22	2.24e-03	9.98e-01	1.45e-13
 4.26717e+22	2.29e-03	9.98e-01	1.91e-13
 4.28434e+22	2.36e-03	9.98e-01	2.32e-13
 4.30667e+22	2.44e-03	9.98e-01	2.84e-13
 4.33570e+22	2.58e-03	9.97e-01	3.83e-13
 4.36772e+22	2.69e-03	9.97e-01	4.70e-13
 4.40366e+22	2.87e-03	9.97e-01	6.52e-13
 4.43984e+22	3.01e-03	9.97e-01	8.01e-13
 4.47634e+22	3.20e-03	9.97e-01	1.04e-12
 4.50893e+22	3.32e-03	9.97e-01	1.22e-12
 4.53645e+22	3.47e-03	9.97e-01	1.45e-12
 4.56465e+22	3.61e-03	9.96e-01	1.69e-12
 4.59374e+22	3.77e-03	9.96e-01	2.01e-12
 4.62359e+22	3.93e-03	9.96e-01	2.32e-12
 4.65023e+22	4.08e-03	9.96e-01	2.68e-12
 4.68067e+22	4.29e-03	9.96e-01	3.20e-12
 4.71111e+22	4.46e-03	9.96e-01	3.63e-12
 4.74155e+22	4.67e-03	9.95e-01	4.25e-12
 4.77297e+22	4.87e-03	9.95e-01	4.88e-12
 4.80566e+22	5.13e-03	9.95e-01	5.77e-12
 4.83337e+22	5.27e-03	9.95e-01	6.30e-12
 4.85016e+22	5.36e-03	9.95e-01	6.68e-12
 4.86756e+22	5.53e-03	9.94e-01	7.34e-12
 4.89017e+22	5.71e-03	9.94e-01	8.14e-12
 4.91957e+22	6.01e-03	9.94e-01	9.52e-12
 4.94481e+22	6.14e-03	9.94e-01	1.02e-11
 4.96466e+22	6.33e-03	9.94e-01	1.12e-11
 4.99045e+22	6.58e-03	9.93e-01	1.26e-11
 5.02399e+22	6.96e-03	9.93e-01	1.50e-11
 5.05538e+22	7.18e-03	9.93e-01	1.65e-11
 5.08399e+22	7.50e-03	9.93e-01	1.88e-11
 5.12119e+22	7.95e-03	9.92e-01	2.24e-11
 5.15933e+22	8.30e-03	9.92e-01	2.56e-11
 5.19870e+22	8.83e-03	9.91e-01	3.08e-11
 5.23837e+22	9.25e-03	9.91e-01	3.56e-11
 5.27843e+22	9.82e-03	9.90e-01	4.24e-11
 5.31972e+22	1.03e-02	9.90e-01	4.93e-11
 5.36261e+22	1.10e-02	9.89e-01	5.97e-11
 5.40605e+22	1.16e-02	9.88e-01	6.98e-11
 5.45023e+22	1.25e-02	9.88e-01	8.59e-11
 5.49480e+22	1.32e-02	9.87e-01	1.02e-10
 5.53990e+22	1.42e-02	9.86e-01	1.27e-10
 5.58002e+22	1.48e-02	9.85e-01	1.45e-10
 5.61368e+22	1.58e-02	9.84e-01	1.71e-10
 5.64832e+22	1.66e-02	9.83e-01	2.01e-10
 5.67915e+22	1.75e-02	9.83e-01	2.31e-10
 5.71415e+22	1.87e-02	9.81e-01	2.80e-10
 5.74965e+22	1.99e-02	9.80e-01	3.32e-10
 5.78085e+22	2.12e-02	9.79e-01	3.95e-10
 5.81646e+22	2.30e-02	9.77e-01	4.95e-10
 5.85280e+22	2.48e-02	9.75e-01	6.08e-10
 5.88456e+22	2.68e-02	9.73e-01	7.46e-10
 5.92031e+22	2.97e-02	9.70e-01	9.73e-10
 5.95754e+22	3.30e-02	9.67e-01	1.27e-09
 5.99064e+22	3.66e-02	9.63e-01	1.65e-09
 6.02236e+22	4.09e-02	9.59e-01	2.17e-09
 6.05134e+22	4.55e-02	9.55e-01	2.81e-09
 6.07770e+22	5.08e-02	9.49e-01	3.66e-09
 6.10768e+22	5.85e-02	9.41e-01	5.13e-09
 6.12993e+22	6.39e-02	9.36e-01	6.26e-09
 6.13798e+22	6.64e-02	9.34e-01	6.83e-09
 6.14379e+22	6.86e-02	9.31e-01	7.38e-09
 6.15056e+22	7.10e-02	9.29e-01	7.96e-09
 6.15873e+22	7.45e-02	9.26e-01	8.93e-09
 6.16697e+22	7.79e-02	9.22e-01	9.87e-09
 6.17430e+22	8.13e-02	9.19e-01	1.09e-08
 6.18140e+22	8.48e-02	9.15e-01	1.20e-08
 6.18841e+22	8.85e-02	9.11e-01	1.32e-08
 6.19527e+22	9.21e-02	9.08e-01	1.44e-08
 6.20235e+22	9.65e-02	9.04e-01	1.60e-08
 6.20940e+22	1.01e-01	8.99e-01	1.77e-08
 6.21599e+22	1.05e-01	8.95e-01	1.96e-08
 6.22230e+22	1.10e-01	8.90e-01	2.15e-08
 6.22858e+22	1.15e-01	8.85e-01	2.38e-08
 6.23489e+22	1.20e-01	8.80e-01	2.61e-08
 6.24128e+22	1.26e-01	8.74e-01	2.89e-08
 6.24761e+22	1.31e-01	8.69e-01	3.19e-08
 6.25372e+22	1.37e-01	8.63e-01	3.53e-08
 6.25965e+22	1.43e-01	8.57e-01	3.88e-08
 6.26550e+22	1.50e-01	8.50e-01	4.32e-08
 6.27119e+22	1.56e-01	8.44e-01	4.72e-08
 6.27688e+22	1.63e-01	8.37e-01	5.23e-08
 6.28270e+22	1.71e-01	8.29e-01	5.81e-08
 6.28820e+22	1.79e-01	8.21e-01	6.40e-08
 6.29355e+22	1.86e-01	8.14e-01	7.05e-08
 6.29897e+22	1.94e-01	8.06e-01	7.77e-08
 6.30440e+22	2.03e-01	7.97e-01	8.57e-08
 6.30982e+22	2.12e-01	7.88e-01	9.47e-08
 6.31519e+22	2.21e-01	7.79e-01	1.04e-07
 6.32065e+22	2.30e-01	7.70e-01	1.15e-07
 6.32618e+22	2.41e-01	7.59e-01	1.28e-07
 6.33138e+22	2.52e-01	7.48e-01	1.41e-07
 6.33631e+22	2.62e-01	7.38e-01	1.55e-07
 6.34137e+22	2.71e-01	7.29e-01	1.68e-07
 6.34700e+22	2.84e-01	7.16e-01	1.88e-07
 6.35274e+22	2.97e-01	7.03e-01	2.10e-07
 6.35788e+22	3.08e-01	6.92e-01	2.31e-07
 6.36283e+22	3.20e-01	6.80e-01	2.53e-07
 6.36802e+22	3.33e-01	6.67e-01	2.79e-07
 6.37337e+22	3.46e-01	6.54e-01	3.07e-07
 6.37878e+22	3.60e-01	6.40e-01	3.41e-07
 6.38408e+22	3.74e-01	6.26e-01	3.75e-07
 6.38930e+22	3.87e-01	6.13e-01	4.12e-07
 6.39470e+22	4.01e-01	5.99e-01	4.52e-07
 6.40032e+22	4.16e-01	5.84e-01	5.01e-07
 6.40592e+22	4.31e-01	5.69e-01	5.53e-07
 6.41140e+22	4.46e-01	5.54e-01	6.06e-07
 6.41700e+22	4.61e-01	5.39e-01	6.66e-07
 6.42284e+22	4.76e-01	5.24e-01	7.30e-07
 6.42889e+22	4.93e-01	5.07e-01	8.09e-07
 6.43491e+22	5.08e-01	4.92e-01	8.83e-07
 6.44105e+22	5.24e-01	4.76e-01	9.73e-07
 6.44746e+22	5.40e-01	4.60e-01	1.07e-06
 6.45317e+22	5.53e-01	4.47e-01	1.16e-06
 6.45810e+22	5.65e-01	4.35e-01	1.24e-06
 6.46306e+22	5.76e-01	4.24e-01	1.32e-06
 6.46848e+22	5.89e-01	4.11e-01	1.43e-06
 6.47422e+22	6.02e-01	3.98e-01	1.55e-06
 6.47980e+22	6.14e-01	3.86e-01	1.65e-06
 6.48537e+22	6.26e-01	3.74e-01	1.78e-06
 6.49112e+22	6.37e-01	3.63e-01	1.89e-06
 6.49707e+22	6.49e-01	3.51e-01	2.03e-06
 6.50321e+22	6.61e-01	3.39e-01	2.19e-06
 6.50924e+22	6.71e-01	3.29e-01	2.34e-06
 6.51532e+22	6.82e-01	3.18e-01	2.50e-06
 6.52170e+22	6.93e-01	3.07e-01	2.67e-06
 6.52831e+22	7.04e-01	2.96e-01	2.86e-06
 6.53498e+22	7.14e-01	2.86e-01	3.07e-06
 6.54162e+22	7.24e-01	2.76e-01	3.26e-06
 6.54848e+22	7.34e-01	2.66e-01	3.49e-06
 6.55565e+22	7.44e-01	2.56e-01	3.74e-06
 6.56283e+22	7.53e-01	2.47e-01	3.98e-06
 6.57008e+22	7.62e-01	2.38e-01	4.24e-06
 6.57763e+22	7.71e-01	2.29e-01	4.53e-06
 6.58542e+22	7.80e-01	2.20e-01	4.83e-06
 6.59335e+22	7.88e-01	2.12e-01	5.15e-06
 6.60148e+22	7.97e-01	2.03e-01	5.49e-06
 6.60987e+22	8.05e-01	1.95e-01	5.87e-06
 6.61849e+22	8.12e-01	1.88e-01	6.26e-06
 6.62730e+22	8.19e-01	1.80e-01	6.66e-06
 6.63627e+22	8.26e-01	1.74e-01	7.10e-06
 6.64544e+22	8.33e-01	1.67e-01	7.53e-06
 6.65478e+22	8.39e-01	1.61e-01	8.00e-06
 6.66430e+22	8.45e-01	1.55e-01	8.54e-06
 6.67421e+22	8.51e-01	1.49e-01	9.10e-06
 6.68454e+22	8.57e-01	1.43e-01	9.71e-06
 6.69491e+22	8.62e-01	1.38e-01	1.03e-05
 6.70529e+22	8.66e-01	1.34e-01	1.09e-05
 6.71618e+22	8.71e-01	1.29e-01	1.16e-05
 6.72768e+22	8.76e-01	1.24e-01	1.24e-05
 6.73948e+22	8.80e-01	1.20e-01	1.32e-05
 6.75148e+22	8.84e-01	1.15e-01	1.41e-05
 6.76390e+22	8.89e-01	1.11e-01	1.50e-05
 6.77676e+22	8.93e-01	1.07e-01	1.60e-05
 6.78952e+22	8.96e-01	1.04e-01	1.70e-05
 6.80151e+22	8.99e-01	1.01e-01	1.79e-05
 6.81283e+22	9.02e-01	9.77e-02	1.88e-05
 6.82380e+22	9.05e-01	9.50e-02	1.97e-05
 6.83446e+22	9.07e-01	9.25e-02	2.06e-05
 6.84479e+22	9.10e-01	9.01e-02	2.14e-05
 6.85468e+22	9.12e-01	8.78e-02	2.22e-05
 6.86405e+22	9.14e-01	8.57e-02	2.30e-05
 6.87298e+22	9.16e-01	8.38e-02	2.37e-05
 6.88135e+22	9.18e-01	8.20e-02	2.44e-05
 6.88945e+22	9.20e-01	8.03e-02	2.50e-05
 6.89754e+22	9.21e-01	7.85e-02	2.57e-05
 6.90534e+22	9.23e-01	7.68e-02	2.63e-05
 6.91285e+22	9.25e-01	7.53e-02	2.68e-05
 6.92008e+22	9.26e-01	7.38e-02	2.73e-05
 6.92705e+22	9.28e-01	7.23e-02	2.76e-05
 6.93379e+22	9.29e-01	7.09e-02	2.79e-05
 6.94030e+22	9.30e-01	6.96e-02	2.81e-05
 6.94658e+22	9.32e-01	6.83e-02	2.84e-05
 6.95263e+22	9.33e-01	6.71e-02	2.85e-05
 6.95847e+22	9.34e-01	6.59e-02	2.87e-05
 6.96411e+22	9.35e-01	6.48e-02	2.89e-05
 6.96955e+22	9.36e-01	6.36e-02	2.90e-05
 6.97466e+22	9.37e-01	6.26e-02	2.91e-05
 6.97931e+22	9.38e-01	6.17e-02	2.91e-05
 6.98354e+22	9.39e-01	6.09e-02	2.92e-05
 6.98739e+22	9.40e-01	6.01e-02	2.92e-05
 6.99089e+22	9.40e-01	5.95e-02	2.92e-05
 6.99408e+22	9.41e-01	5.89e-02	2.92e-05
 6.99698e+22	9.42e-01	5.83e-02	2.92e-05
 7.00016e+22	9.42e-01	5.76e-02	2.91e-05
 7.00359e+22	9.43e-01	5.68e-02	2.92e-05
 7.00672e+22	9.44e-01	5.63e-02	2.92e-05
 7.01014e+22	9.44e-01	5.55e-02	2.92e-05
 7.01383e+22	9.45e-01	5.46e-02	2.92e-05
 7.01720e+22	9.46e-01	5.40e-02	2.92e-05
 7.02026e+22	9.47e-01	5.34e-02	2.92e-05
 7.02304e+22	9.47e-01	5.29e-02	2.92e-05
 7.02557e+22	9.48e-01	5.24e-02	2.90e-05
 7.02788e+22	9.48e-01	5.21e-02	2.92e-05
 7.03041e+22	9.48e-01	5.17e-02	2.91e-05
 7.03369e+22	9.49e-01	5.10e-02	2.92e-05
 7.03796e+22	9.50e-01	5.01e-02	2.93e-05
 7.04257e+22	9.51e-01	4.91e-02	2.94e-05
 7.04676e+22	9.52e-01	4.84e-02	2.95e-05
 7.05058e+22	9.52e-01	4.78e-02	2.96e-05
 7.05405e+22	9.53e-01	4.73e-02	2.96e-05
 7.05721e+22	9.53e-01	4.69e-02	2.97e-05
 7.06009e+22	9.54e-01	4.64e-02	2.97e-05
 7.06271e+22	9.54e-01	4.61e-02	2.98e-05
 7.06558e+22	9.54e-01	4.56e-02	2.97e-05
 7.06867e+22	9.55e-01	4.52e-02	2.99e-05
 7.07207e+22	9.55e-01	4.45e-02	2.99e-05
 7.07573e+22	9.56e-01	4.38e-02	3.00e-05
 7.07906e+22	9.57e-01	4.34e-02	3.01e-05
 7.08210e+22	9.57e-01	4.29e-02	3.01e-05
 7.08486e+22	9.57e-01	4.26e-02	3.02e-05
 7.08788e+22	9.58e-01	4.20e-02	3.03e-05
 7.09115e+22	9.58e-01	4.15e-02	3.03e-05
 7.09412e+22	9.59e-01	4.11e-02	3.04e-05
 7.09738e+22	9.59e-01	4.06e-02	3.04e-05
 7.10089e+22	9.60e-01	4.00e-02	3.05e-05
 7.10409e+22	9.60e-01	3.96e-02	3.07e-05
 7.10760e+22	9.61e-01	3.91e-02	3.06e-05
 7.11138e+22	9.61e-01	3.85e-02	3.06e-05
 7.11483e+22	9.62e-01	3.80e-02	3.06e-05
 7.11796e+22	9.62e-01	3.77e-02	3.06e-05
 7.12139e+22	9.63e-01	3.72e-02	3.05e-05
 7.12510e+22	9.63e-01	3.66e-02	3.05e-05
 7.12848e+22	9.64e-01	3.63e-02	3.06e-05
 7.13155e+22	9.64e-01	3.58e-02	3.05e-05
 7.13434e+22	9.64e-01	3.57e-02	3.07e-05
 7.13740e+22	9.65e-01	3.53e-02	3.07e-05
 7.14071e+22	9.65e-01	3.49e-02	3.08e-05
 7.14433e+22	9.65e-01	3.45e-02	3.09e-05
 7.14824e+22	9.66e-01	3.40e-02	3.10e-05
 7.15180e+22	9.66e-01	3.36e-02	3.11e-05
 7.15503e+22	9.67e-01	3.33e-02	3.13e-05
 7.15858e+22	9.67e-01	3.30e-02	3.14e-05
 7.16241e+22	9.67e-01	3.25e-02	3.16e-05
 7.16590e+22	9.68e-01	3.22e-02	3.18e-05
 7.16972e+22	9.68e-01	3.18e-02	3.18e-05
 7.17384e+22	9.69e-01	3.13e-02	3.20e-05
 7.17760e+22	9.69e-01	3.10e-02	3.22e-05
 7.18101e+22	9.69e-01	3.07e-02	3.25e-05
 7.18475e+22	9.70e-01	3.04e-02	3.26e-05
 7.18879e+22	9.70e-01	3.00e-02	3.28e-05
 7.19247e+22	9.70e-01	2.97e-02	3.31e-05
 7.19650e+22	9.71e-01	2.93e-02	3.32e-05
 7.20084e+22	9.71e-01	2.89e-02	3.36e-05
 7.20480e+22	9.71e-01	2.86e-02	3.39e-05
 7.20914e+22	9.72e-01	2.82e-02	3.41e-05
 7.21382e+22	9.72e-01	2.77e-02	3.44e-05
 7.21808e+22	9.73e-01	2.74e-02	3.47e-05
 7.22196e+22	9.73e-01	2.72e-02	3.51e-05
 7.22621e+22	9.73e-01	2.68e-02	3.54e-05
 7.23079e+22	9.74e-01	2.64e-02	3.58e-05
 7.23497e+22	9.74e-01	2.62e-02	3.62e-05
 7.23954e+22	9.74e-01	2.58e-02	3.66e-05
 7.24448e+22	9.75e-01	2.54e-02	3.70e-05
 7.24897e+22	9.75e-01	2.51e-02	3.76e-05
 7.25389e+22	9.75e-01	2.48e-02	3.81e-05
 7.25921e+22	9.76e-01	2.44e-02	3.87e-05
 7.26404e+22	9.76e-01	2.41e-02	3.93e-05
 7.26845e+22	9.76e-01	2.38e-02	3.98e-05
 7.27327e+22	9.76e-01	2.35e-02	4.03e-05
 7.27848e+22	9.77e-01	2.31e-02	4.10e-05
 7.28322e+22	9.77e-01	2.29e-02	4.17e-05
 7.28841e+22	9.77e-01	2.25e-02	4.23e-05
 7.29401e+22	9.78e-01	2.22e-02	4.31e-05
 7.29911e+22	9.78e-01	2.19e-02	4.40e-05
 7.30470e+22	9.78e-01	2.16e-02	4.47e-05
 7.31074e+22	9.79e-01	2.12e-02	4.57e-05
 7.31623e+22	9.79e-01	2.10e-02	4.67e-05
 7.32225e+22	9.79e-01	2.06e-02	4.76e-05
 7.32874e+22	9.80e-01	2.02e-02	4.88e-05
 7.33465e+22	9.80e-01	2.00e-02	5.00e-05
 7.34113e+22	9.80e-01	1.97e-02	5.11e-05
 7.34813e+22	9.81e-01	1.93e-02	5.26e-05
 7.35449e+22	9.81e-01	1.90e-02	5.39e-05
 7.36028e+22	9.81e-01	1.88e-02	5.52e-05
 7.36663e+22	9.81e-01	1.85e-02	5.64e-05
 7.37348e+22	9.82e-01	1.81e-02	5.80e-05
 7.37971e+22	9.82e-01	1.79e-02	5.95e-05
 7.38654e+22	9.82e-01	1.76e-02	6.10e-05
 7.39392e+22	9.83e-01	1.73e-02	6.28e-05
 7.40063e+22	9.83e-01	1.71e-02	6.46e-05
 7.40799e+22	9.83e-01	1.67e-02	6.63e-05
 7.41593e+22	9.83e-01	1.64e-02	6.84e-05
 7.42315e+22	9.84e-01	1.62e-02	7.05e-05
 7.43101e+22	9.84e-01	1.59e-02	7.24e-05
 7.43944e+22	9.84e-01	1.56e-02	7.50e-05
 7.44712e+22	9.85e-01	1.53e-02	7.73e-05
 7.45410e+22	9.85e-01	1.51e-02	7.93e-05
 7.46175e+22	9.85e-01	1.48e-02	8.13e-05
 7.47001e+22	9.85e-01	1.46e-02	8.39e-05
 7.47753e+22	9.86e-01	1.43e-02	8.62e-05
 7.48577e+22	9.86e-01	1.41e-02	8.84e-05
 7.49466e+22	9.86e-01	1.38e-02	9.13e-05
 7.50275e+22	9.86e-01	1.36e-02	9.38e-05
 7.51162e+22	9.87e-01	1.33e-02	9.62e-05
 7.52119e+22	9.87e-01	1.30e-02	9.92e-05
 7.52991e+22	9.87e-01	1.28e-02	1.02e-04
 7.53783e+22	9.87e-01	1.26e-02	1.04e-04
 7.54652e+22	9.87e-01	1.24e-02	1.07e-04
 7.55590e+22	9.88e-01	1.21e-02	1.09e-04
 7.56444e+22	9.88e-01	1.19e-02	1.12e-04
 7.57379e+22	9.88e-01	1.17e-02	1.14e-04
 7.58388e+22	9.88e-01	1.14e-02	1.17e-04
 7.59307e+22	9.89e-01	1.12e-02	1.21e-04
 7.60314e+22	9.89e-01	1.10e-02	1.24e-04
 7.61603e+22	9.89e-01	1.07e-02	1.28e-04
 7.62992e+22	9.89e-01	1.04e-02	1.32e-04
 7.64359e+22	9.90e-01	1.01e-02	1.36e-04
 7.65766e+22	9.90e-01	9.82e-03	1.40e-04
 7.67191e+22	9.90e-01	9.55e-03	1.44e-04
 7.68631e+22	9.90e-01	9.28e-03	1.48e-04
 7.70085e+22	9.91e-01	9.02e-03	1.52e-04
 7.71555e+22	9.91e-01	8.76e-03	1.56e-04
 7.73038e+22	9.91e-01	8.51e-03	1.61e-04
 7.74535e+22	9.91e-01	8.26e-03	1.65e-04
 7.76046e+22	9.92e-01	8.02e-03	1.69e-04
 7.77569e+22	9.92e-01	7.78e-03	1.73e-04
 7.79104e+22	9.92e-01	7.55e-03	1.77e-04
 7.80652e+22	9.92e-01	7.33e-03	1.82e-04
 7.82209e+22	9.93e-01	7.11e-03	1.86e-04
 7.83776e+22	9.93e-01	6.90e-03	1.91e-04
 7.85352e+22	9.93e-01	6.69e-03	1.95e-04
 7.86942e+22	9.93e-01	6.49e-03	2.00e-04
 7.88544e+22	9.93e-01	6.30e-03	2.05e-04
 7.90156e+22	9.93e-01	6.10e-03	2.10e-04
 7.91779e+22	9.94e-01	5.92e-03	2.14e-04
 7.93412e+22	9.94e-01	5.74e-03	2.19e-04
 7.95057e+22	9.94e-01	5.56e-03	2.24e-04
 7.96737e+22	9.94e-01	5.38e-03	2.30e-04
 7.98450e+22	9.94e-01	5.21e-03	2.35e-04
 8.00177e+22	9.94e-01	5.05e-03	2.41e-04
 8.01924e+22	9.95e-01	4.89e-03	2.47e-04
 8.03687e+22	9.95e-01	4.73e-03	2.53e-04
 8.05466e+22	9.95e-01	4.57e-03	2.60e-04
 8.07264e+22	9.95e-01	4.42e-03	2.66e-04
 8.09082e+22	9.95e-01	4.28e-03	2.73e-04
 8.10928e+22	9.95e-01	4.13e-03	2.80e-04
 8.12801e+22	9.95e-01	3.99e-03	2.87e-04
 8.14721e+22	9.96e-01	3.85e-03	2.94e-04
 8.16684e+22	9.96e-01	3.72e-03	3.01e-04
 8.18675e+22	9.96e-01	3.59e-03	3.08e-04
 8.20698e+22	9.96e-01	3.46e-03	3.15e-04
 8.22752e+22	9.96e-01	3.33e-03	3.22e-04
 8.24841e+22	9.96e-01	3.21e-03	3.30e-04
 8.26966e+22	9.96e-01	3.09e-03	3.37e-04
 8.29132e+22	9.96e-01	2.97e-03	3.44e-04
 8.31347e+22	9.96e-01	2.85e-03	3.52e-04
 8.33611e+22	9.97e-01	2.74e-03	3.59e-04
 8.35919e+22	9.97e-01	2.63e-03	3.66e-04
 8.38276e+22	9.97e-01	2.52e-03	3.73e-04
 8.40682e+22	9.97e-01	2.42e-03	3.80e-04
 8.43119e+22	9.97e-01	2.32e-03	3.87e-04
 8.45578e+22	9.97e-01	2.22e-03	3.94e-04
 8.48060e+22	9.97e-01	2.13e-03	4.00e-04
 8.50554e+22	9.97e-01	2.04e-03	4.06e-04
 8.53063e+22	9.97e-01	1.95e-03	4.11e-04
 8.55596e+22	9.97e-01	1.87e-03	4.16e-04
 8.58146e+22	9.97e-01	1.79e-03	4.21e-04
 8.60711e+22	9.97e-01	1.71e-03	4.25e-04
 8.63293e+22	9.98e-01	1.63e-03	4.29e-04
 8.65892e+22	9.98e-01	1.56e-03	4.33e-04
 8.68502e+22	9.98e-01	1.49e-03	4.36e-04
 8.71118e+22	9.98e-01	1.43e-03	4.39e-04
 8.73757e+22	9.98e-01	1.36e-03	4.41e-04
 8.76421e+22	9.98e-01	1.30e-03	4.42e-04
 8.79100e+22	9.98e-01	1.24e-03	4.43e-04
 8.81792e+22	9.98e-01	1.18e-03	4.44e-04
 8.84496e+22	9.98e-01	1.13e-03	4.44e-04
 8.87214e+22	9.98e-01	1.08e-03	4.43e-04
 8.89945e+22	9.98e-01	1.03e-03	4.43e-04
 8.92687e+22	9.98e-01	9.78e-04	4.42e-04
 8.95440e+22	9.98e-01	9.31e-04	4.41e-04
 8.98203e+22	9.98e-01	8.86e-04	4.39e-04
 9.00974e+22	9.98e-01	8.43e-04	4.37e-04
 9.03751e+22	9.98e-01	8.02e-04	4.35e-04
 9.06533e+22	9.98e-01	7.63e-04	4.32e-04
 9.09318e+22	9.98e-01	7.24e-04	4.29e-04
 9.12135e+22	9.98e-01	6.85e-04	4.26e-04
 9.14856e+22	9.99e-01	6.53e-04	4.23e-04
 9.17524e+22	9.99e-01	6.20e-04	4.19e-04
 9.20319e+22	9.99e-01	5.89e-04	4.15e-04
 9.23094e+22	9.99e-01	5.59e-04	4.12e-04
 9.25075e+22	9.99e-01	5.45e-04	4.12e-04
