#depth	O	O+	O+2	O+3	O+4	O+5	O+6	O+7	O+8	O[1]	O[2]	O[3]
 1.54284e+22	2.45e-09	3.10e-05	1.16e-02	2.16e-01	3.46e-01	2.57e-01	1.64e-01	5.75e-03	4.97e-05	2.45e-09	6.69e-18	8.14e-18
 3.56182e+22	9.11e-09	8.30e-05	2.26e-02	3.04e-01	3.60e-01	2.11e-01	9.94e-02	2.49e-03	1.55e-05	9.11e-09	2.67e-17	3.24e-17
 4.27604e+22	1.72e-08	1.32e-04	3.06e-02	3.50e-01	3.57e-01	1.85e-01	7.56e-02	1.60e-03	8.44e-06	1.72e-08	5.37e-17	6.50e-17
 4.70078e+22	2.81e-08	1.87e-04	3.82e-02	3.85e-01	3.50e-01	1.65e-01	6.03e-02	1.12e-03	5.20e-06	2.81e-08	9.25e-17	1.12e-16
 4.97357e+22	3.53e-08	2.19e-04	4.22e-02	4.00e-01	3.46e-01	1.56e-01	5.41e-02	9.47e-04	4.13e-06	3.53e-08	1.19e-16	1.44e-16
 5.17166e+22	4.71e-08	2.68e-04	4.79e-02	4.21e-01	3.39e-01	1.45e-01	4.69e-02	7.58e-04	3.06e-06	4.71e-08	1.65e-16	1.99e-16
 5.38063e+22	6.05e-08	3.19e-04	5.33e-02	4.37e-01	3.32e-01	1.35e-01	4.12e-02	6.23e-04	2.35e-06	6.05e-08	2.18e-16	2.63e-16
 5.57087e+22	7.64e-08	3.75e-04	5.88e-02	4.53e-01	3.25e-01	1.26e-01	3.65e-02	5.16e-04	1.83e-06	7.64e-08	2.84e-16	3.43e-16
 5.75322e+22	9.57e-08	4.38e-04	6.45e-02	4.67e-01	3.18e-01	1.17e-01	3.23e-02	4.29e-04	1.43e-06	9.57e-08	3.66e-16	4.42e-16
 5.92675e+22	1.18e-07	5.05e-04	7.03e-02	4.80e-01	3.10e-01	1.09e-01	2.88e-02	3.60e-04	1.13e-06	1.18e-07	4.64e-16	5.60e-16
 6.12092e+22	1.55e-07	6.08e-04	7.83e-02	4.96e-01	3.00e-01	9.98e-02	2.47e-02	2.85e-04	8.32e-07	1.55e-07	6.31e-16	7.61e-16
 6.31412e+22	1.90e-07	7.00e-04	8.50e-02	5.08e-01	2.92e-01	9.28e-02	2.18e-02	2.38e-04	6.54e-07	1.90e-07	7.98e-16	9.62e-16
 6.50605e+22	2.47e-07	8.34e-04	9.40e-02	5.21e-01	2.81e-01	8.44e-02	1.87e-02	1.89e-04	4.82e-07	2.47e-07	1.07e-15	1.29e-15
 6.70253e+22	3.06e-07	9.64e-04	1.02e-01	5.32e-01	2.71e-01	7.77e-02	1.64e-02	1.55e-04	3.71e-07	3.06e-07	1.37e-15	1.64e-15
 6.87849e+22	3.78e-07	1.11e-03	1.10e-01	5.41e-01	2.62e-01	7.15e-02	1.44e-02	1.28e-04	2.88e-07	3.78e-07	1.73e-15	2.08e-15
 7.08080e+22	4.93e-07	1.32e-03	1.22e-01	5.51e-01	2.49e-01	6.41e-02	1.21e-02	9.92e-05	2.06e-07	4.93e-07	2.34e-15	2.81e-15
 7.28557e+22	6.13e-07	1.53e-03	1.32e-01	5.59e-01	2.39e-01	5.85e-02	1.05e-02	8.03e-05	1.56e-07	6.13e-07	2.98e-15	3.59e-15
 7.46612e+22	7.53e-07	1.75e-03	1.42e-01	5.65e-01	2.29e-01	5.34e-02	9.13e-03	6.55e-05	0.00e+00	7.53e-07	3.77e-15	4.52e-15
 7.63246e+22	9.01e-07	1.97e-03	1.51e-01	5.70e-01	2.20e-01	4.93e-02	8.07e-03	5.46e-05	0.00e+00	9.01e-07	4.61e-15	5.53e-15
 7.78459e+22	1.07e-06	2.21e-03	1.60e-01	5.73e-01	2.12e-01	4.55e-02	7.16e-03	4.58e-05	0.00e+00	1.07e-06	5.60e-15	6.72e-15
 7.95920e+22	1.33e-06	2.55e-03	1.73e-01	5.77e-01	2.01e-01	4.10e-02	6.13e-03	3.66e-05	0.00e+00	1.33e-06	7.17e-15	8.59e-15
 8.13657e+22	1.59e-06	2.86e-03	1.83e-01	5.78e-01	1.93e-01	3.76e-02	5.39e-03	3.03e-05	0.00e+00	1.59e-06	8.77e-15	1.05e-14
 8.29328e+22	1.89e-06	3.21e-03	1.94e-01	5.80e-01	1.84e-01	3.45e-02	4.74e-03	2.52e-05	0.00e+00	1.89e-06	1.07e-14	1.28e-14
 8.47277e+22	2.35e-06	3.69e-03	2.08e-01	5.80e-01	1.74e-01	3.08e-02	4.03e-03	1.99e-05	0.00e+00	2.35e-06	1.37e-14	1.63e-14
 8.65433e+22	2.81e-06	4.15e-03	2.20e-01	5.79e-01	1.65e-01	2.80e-02	3.51e-03	1.63e-05	0.00e+00	2.81e-06	1.68e-14	2.00e-14
 8.81289e+22	3.33e-06	4.63e-03	2.32e-01	5.77e-01	1.57e-01	2.56e-02	3.07e-03	1.34e-05	0.00e+00	3.33e-06	2.04e-14	2.43e-14
 8.99333e+22	4.13e-06	5.32e-03	2.48e-01	5.74e-01	1.47e-01	2.27e-02	2.59e-03	1.05e-05	0.00e+00	4.13e-06	2.61e-14	3.11e-14
 9.17712e+22	4.91e-06	5.95e-03	2.62e-01	5.70e-01	1.40e-01	2.05e-02	2.25e-03	8.57e-06	0.00e+00	4.91e-06	3.19e-14	3.79e-14
 9.34043e+22	5.84e-06	6.65e-03	2.76e-01	5.65e-01	1.32e-01	1.86e-02	1.95e-03	6.98e-06	0.00e+00	5.84e-06	3.89e-14	4.62e-14
 9.52787e+22	7.23e-06	7.63e-03	2.93e-01	5.58e-01	1.23e-01	1.63e-02	1.63e-03	5.38e-06	0.00e+00	7.23e-06	4.99e-14	5.93e-14
 9.71795e+22	8.63e-06	8.55e-03	3.09e-01	5.51e-01	1.15e-01	1.46e-02	1.40e-03	4.32e-06	0.00e+00	8.63e-06	6.13e-14	7.28e-14
 9.88534e+22	1.02e-05	9.53e-03	3.24e-01	5.44e-01	1.08e-01	1.31e-02	1.20e-03	3.50e-06	0.00e+00	1.02e-05	7.47e-14	8.86e-14
 1.00769e+23	1.26e-05	1.09e-02	3.43e-01	5.34e-01	1.00e-01	1.14e-02	9.94e-04	2.66e-06	0.00e+00	1.26e-05	9.59e-14	1.14e-13
 1.02723e+23	1.51e-05	1.22e-02	3.60e-01	5.24e-01	9.33e-02	1.02e-02	8.45e-04	2.11e-06	0.00e+00	1.51e-05	1.18e-13	1.40e-13
 1.04465e+23	1.79e-05	1.36e-02	3.76e-01	5.13e-01	8.70e-02	9.04e-03	7.20e-04	1.68e-06	0.00e+00	1.79e-05	1.44e-13	1.71e-13
 1.06468e+23	2.22e-05	1.56e-02	3.97e-01	4.99e-01	7.95e-02	7.77e-03	5.86e-04	1.25e-06	0.00e+00	2.22e-05	1.87e-13	2.21e-13
 1.08513e+23	2.66e-05	1.75e-02	4.15e-01	4.86e-01	7.34e-02	6.82e-03	4.91e-04	9.76e-07	0.00e+00	2.66e-05	2.30e-13	2.73e-13
 1.10610e+23	3.31e-05	2.01e-02	4.38e-01	4.70e-01	6.64e-02	5.78e-03	3.94e-04	7.14e-07	0.00e+00	3.31e-05	3.00e-13	3.56e-13
 1.12743e+23	3.97e-05	2.25e-02	4.57e-01	4.55e-01	6.08e-02	5.02e-03	3.26e-04	5.47e-07	0.00e+00	3.97e-05	3.73e-13	4.42e-13
 1.14626e+23	4.72e-05	2.51e-02	4.75e-01	4.40e-01	5.58e-02	4.38e-03	2.72e-04	4.23e-07	0.00e+00	4.72e-05	4.59e-13	5.44e-13
 1.16777e+23	5.86e-05	2.87e-02	4.97e-01	4.20e-01	5.00e-02	3.67e-03	2.15e-04	3.04e-07	0.00e+00	5.86e-05	5.97e-13	7.07e-13
 1.18999e+23	7.04e-05	3.21e-02	5.16e-01	4.03e-01	4.53e-02	3.14e-03	1.76e-04	2.28e-07	0.00e+00	7.04e-05	7.45e-13	8.82e-13
 1.20700e+23	8.00e-05	3.47e-02	5.30e-01	3.90e-01	4.21e-02	2.80e-03	1.52e-04	1.85e-07	0.00e+00	8.00e-05	8.70e-13	1.03e-12
 1.22300e+23	9.34e-05	3.82e-02	5.45e-01	3.75e-01	3.86e-02	2.44e-03	1.27e-04	1.44e-07	0.00e+00	9.34e-05	1.05e-12	1.24e-12
 1.23949e+23	1.06e-04	4.14e-02	5.59e-01	3.62e-01	3.57e-02	2.17e-03	1.09e-04	0.00e+00	0.00e+00	1.06e-04	1.23e-12	1.46e-12
 1.25664e+23	1.25e-04	4.57e-02	5.75e-01	3.45e-01	3.24e-02	1.86e-03	8.94e-05	0.00e+00	0.00e+00	1.25e-04	1.51e-12	1.78e-12
 1.27394e+23	1.42e-04	4.94e-02	5.87e-01	3.32e-01	2.98e-02	1.64e-03	7.60e-05	0.00e+00	0.00e+00	1.42e-04	1.77e-12	2.09e-12
 1.29145e+23	1.68e-04	5.46e-02	6.02e-01	3.14e-01	2.68e-02	1.40e-03	6.19e-05	0.00e+00	0.00e+00	1.68e-04	2.17e-12	2.56e-12
 1.30911e+23	1.91e-04	5.92e-02	6.14e-01	3.00e-01	2.46e-02	1.23e-03	5.23e-05	0.00e+00	0.00e+00	1.91e-04	2.56e-12	3.02e-12
 1.32698e+23	2.25e-04	6.54e-02	6.28e-01	2.83e-01	2.20e-02	1.04e-03	4.22e-05	0.00e+00	0.00e+00	2.25e-04	3.15e-12	3.71e-12
 1.34507e+23	2.57e-04	7.08e-02	6.39e-01	2.69e-01	2.00e-02	9.01e-04	3.54e-05	0.00e+00	0.00e+00	2.57e-04	3.72e-12	4.38e-12
 1.36345e+23	3.03e-04	7.82e-02	6.51e-01	2.52e-01	1.78e-02	7.54e-04	2.83e-05	0.00e+00	0.00e+00	3.03e-04	4.59e-12	5.39e-12
 1.38216e+23	3.47e-04	8.47e-02	6.60e-01	2.38e-01	1.60e-02	6.49e-04	2.34e-05	0.00e+00	0.00e+00	3.47e-04	5.44e-12	6.38e-12
 1.40129e+23	4.10e-04	9.36e-02	6.70e-01	2.21e-01	1.41e-02	5.36e-04	1.85e-05	0.00e+00	0.00e+00	4.10e-04	6.75e-12	7.91e-12
 1.42077e+23	4.69e-04	1.01e-01	6.78e-01	2.07e-01	1.27e-02	4.57e-04	1.51e-05	0.00e+00	0.00e+00	4.69e-04	8.02e-12	9.39e-12
 1.44071e+23	5.57e-04	1.12e-01	6.85e-01	1.91e-01	1.10e-02	3.73e-04	1.17e-05	0.00e+00	0.00e+00	5.57e-04	1.00e-11	1.17e-11
 1.46110e+23	6.38e-04	1.21e-01	6.91e-01	1.77e-01	9.78e-03	3.14e-04	9.50e-06	0.00e+00	0.00e+00	6.38e-04	1.20e-11	1.39e-11
 1.48209e+23	7.59e-04	1.34e-01	6.95e-01	1.61e-01	8.41e-03	2.51e-04	7.24e-06	0.00e+00	0.00e+00	7.59e-04	1.50e-11	1.75e-11
 1.50337e+23	8.72e-04	1.45e-01	6.97e-01	1.49e-01	7.39e-03	2.09e-04	5.77e-06	0.00e+00	0.00e+00	8.72e-04	1.80e-11	2.09e-11
 1.52501e+23	1.04e-03	1.61e-01	6.98e-01	1.34e-01	6.30e-03	1.65e-04	4.35e-06	0.00e+00	0.00e+00	1.04e-03	2.27e-11	2.63e-11
 1.54702e+23	1.19e-03	1.74e-01	6.97e-01	1.22e-01	5.49e-03	1.36e-04	3.42e-06	0.00e+00	0.00e+00	1.19e-03	2.72e-11	3.15e-11
 1.56948e+23	1.42e-03	1.92e-01	6.94e-01	1.08e-01	4.60e-03	1.05e-04	2.52e-06	0.00e+00	0.00e+00	1.42e-03	3.44e-11	3.97e-11
 1.59218e+23	1.62e-03	2.06e-01	6.89e-01	9.85e-02	4.00e-03	8.59e-05	1.98e-06	0.00e+00	0.00e+00	1.62e-03	4.10e-11	4.73e-11
 1.61517e+23	1.91e-03	2.27e-01	6.81e-01	8.68e-02	3.34e-03	6.62e-05	1.45e-06	0.00e+00	0.00e+00	1.91e-03	5.14e-11	5.91e-11
 1.63908e+23	2.21e-03	2.45e-01	6.73e-01	7.73e-02	2.84e-03	5.23e-05	1.10e-06	0.00e+00	0.00e+00	2.21e-03	6.23e-11	7.16e-11
 1.66417e+23	2.65e-03	2.70e-01	6.59e-01	6.63e-02	2.31e-03	3.87e-05	7.73e-07	0.00e+00	0.00e+00	2.65e-03	7.96e-11	9.13e-11
 1.68950e+23	3.03e-03	2.90e-01	6.47e-01	5.87e-02	1.96e-03	3.05e-05	5.87e-07	0.00e+00	0.00e+00	3.03e-03	9.55e-11	1.09e-10
 1.71512e+23	3.61e-03	3.18e-01	6.27e-01	4.97e-02	1.58e-03	2.22e-05	4.07e-07	0.00e+00	0.00e+00	3.61e-03	1.22e-10	1.39e-10
 1.74155e+23	4.15e-03	3.41e-01	6.10e-01	4.32e-02	1.32e-03	1.70e-05	3.01e-07	0.00e+00	0.00e+00	4.15e-03	1.47e-10	1.68e-10
 1.76905e+23	4.98e-03	3.74e-01	5.85e-01	3.55e-02	1.03e-03	1.19e-05	2.02e-07	0.00e+00	0.00e+00	4.98e-03	1.90e-10	2.17e-10
 1.79752e+23	5.72e-03	4.00e-01	5.63e-01	3.03e-02	8.51e-04	8.92e-06	1.46e-07	0.00e+00	0.00e+00	5.72e-03	2.31e-10	2.63e-10
 1.82727e+23	6.91e-03	4.38e-01	5.31e-01	2.41e-02	6.52e-04	5.97e-06	0.00e+00	0.00e+00	0.00e+00	6.91e-03	3.01e-10	3.42e-10
 1.85837e+23	8.00e-03	4.68e-01	5.03e-01	1.98e-02	5.21e-04	4.25e-06	0.00e+00	0.00e+00	0.00e+00	8.00e-03	3.71e-10	4.23e-10
 1.89113e+23	9.71e-03	5.11e-01	4.64e-01	1.52e-02	3.88e-04	2.70e-06	0.00e+00	0.00e+00	0.00e+00	9.71e-03	4.89e-10	5.57e-10
 1.92570e+23	1.14e-02	5.46e-01	4.30e-01	1.19e-02	3.00e-04	1.80e-06	0.00e+00	0.00e+00	0.00e+00	1.14e-02	6.15e-10	6.99e-10
 1.95754e+23	1.32e-02	5.81e-01	3.96e-01	9.34e-03	2.33e-04	1.20e-06	0.00e+00	0.00e+00	0.00e+00	1.32e-02	7.68e-10	8.73e-10
 1.98516e+23	1.47e-02	6.06e-01	3.71e-01	7.73e-03	1.92e-04	8.86e-07	0.00e+00	0.00e+00	0.00e+00	1.47e-02	9.01e-10	1.03e-09
 2.01250e+23	1.71e-02	6.41e-01	3.36e-01	5.92e-03	1.48e-04	5.79e-07	0.00e+00	0.00e+00	0.00e+00	1.71e-02	1.12e-09	1.28e-09
 2.04064e+23	1.92e-02	6.66e-01	3.09e-01	4.74e-03	1.20e-04	4.09e-07	0.00e+00	0.00e+00	0.00e+00	1.92e-02	1.33e-09	1.51e-09
 2.06983e+23	2.24e-02	7.01e-01	2.73e-01	3.48e-03	9.01e-05	2.53e-07	0.00e+00	0.00e+00	0.00e+00	2.24e-02	1.67e-09	1.90e-09
 2.10014e+23	2.54e-02	7.27e-01	2.45e-01	2.66e-03	7.07e-05	1.68e-07	0.00e+00	0.00e+00	0.00e+00	2.54e-02	2.01e-09	2.29e-09
 2.13193e+23	3.00e-02	7.60e-01	2.08e-01	1.83e-03	5.10e-05	0.00e+00	0.00e+00	0.00e+00	0.00e+00	3.00e-02	2.57e-09	2.93e-09
 2.16116e+23	3.33e-02	7.79e-01	1.87e-01	1.42e-03	4.12e-05	0.00e+00	0.00e+00	0.00e+00	0.00e+00	3.33e-02	2.98e-09	3.39e-09
 2.18354e+23	3.71e-02	7.96e-01	1.66e-01	1.10e-03	3.32e-05	0.00e+00	0.00e+00	0.00e+00	0.00e+00	3.71e-02	3.47e-09	3.92e-09
 2.20909e+23	4.26e-02	8.16e-01	1.41e-01	7.81e-04	2.50e-05	0.00e+00	0.00e+00	0.00e+00	0.00e+00	4.26e-02	4.23e-09	4.76e-09
 2.23561e+23	4.84e-02	8.30e-01	1.21e-01	5.67e-04	1.92e-05	0.00e+00	0.00e+00	0.00e+00	0.00e+00	4.84e-02	5.04e-09	5.64e-09
 2.25906e+23	5.47e-02	8.42e-01	1.03e-01	4.13e-04	1.49e-05	0.00e+00	0.00e+00	0.00e+00	0.00e+00	5.47e-02	5.96e-09	6.64e-09
 2.28517e+23	6.39e-02	8.53e-01	8.32e-02	2.73e-04	1.07e-05	0.00e+00	0.00e+00	0.00e+00	0.00e+00	6.39e-02	7.41e-09	8.22e-09
 2.31273e+23	7.51e-02	8.58e-01	6.64e-02	1.80e-04	7.64e-06	0.00e+00	0.00e+00	0.00e+00	0.00e+00	7.51e-02	9.15e-09	1.01e-08
 2.33727e+23	8.77e-02	8.59e-01	5.28e-02	1.20e-04	5.50e-06	0.00e+00	0.00e+00	0.00e+00	0.00e+00	8.77e-02	1.12e-08	1.24e-08
 2.36052e+23	1.03e-01	8.56e-01	4.12e-02	7.90e-05	3.89e-06	0.00e+00	0.00e+00	0.00e+00	0.00e+00	1.03e-01	1.38e-08	1.53e-08
 2.38302e+23	1.23e-01	8.46e-01	3.14e-02	5.13e-05	2.68e-06	0.00e+00	0.00e+00	0.00e+00	0.00e+00	1.23e-01	1.71e-08	1.89e-08
 2.40404e+23	1.46e-01	8.30e-01	2.36e-02	3.36e-05	1.84e-06	0.00e+00	0.00e+00	0.00e+00	0.00e+00	1.46e-01	2.11e-08	2.34e-08
 2.42348e+23	1.74e-01	8.09e-01	1.75e-02	2.22e-05	1.24e-06	0.00e+00	0.00e+00	0.00e+00	0.00e+00	1.74e-01	2.59e-08	2.88e-08
 2.44152e+23	2.07e-01	7.80e-01	1.29e-02	1.48e-05	8.23e-07	0.00e+00	0.00e+00	0.00e+00	0.00e+00	2.07e-01	3.15e-08	3.52e-08
 2.45255e+23	2.29e-01	7.60e-01	1.08e-02	1.20e-05	6.59e-07	0.00e+00	0.00e+00	0.00e+00	0.00e+00	2.29e-01	3.48e-08	3.91e-08
 2.45614e+23	2.37e-01	7.53e-01	1.01e-02	1.11e-05	6.07e-07	0.00e+00	0.00e+00	0.00e+00	0.00e+00	2.37e-01	3.61e-08	4.05e-08
 2.45887e+23	2.44e-01	7.46e-01	9.56e-03	1.04e-05	5.63e-07	0.00e+00	0.00e+00	0.00e+00	0.00e+00	2.44e-01	3.72e-08	4.18e-08
 2.46237e+23	2.54e-01	7.37e-01	8.87e-03	9.53e-06	5.11e-07	0.00e+00	0.00e+00	0.00e+00	0.00e+00	2.54e-01	3.87e-08	4.36e-08
 2.46645e+23	2.66e-01	7.26e-01	8.12e-03	8.60e-06	4.53e-07	0.00e+00	0.00e+00	0.00e+00	0.00e+00	2.66e-01	4.06e-08	4.57e-08
 2.47041e+23	2.76e-01	7.16e-01	7.50e-03	7.88e-06	4.09e-07	0.00e+00	0.00e+00	0.00e+00	0.00e+00	2.76e-01	4.22e-08	4.76e-08
 2.47432e+23	2.88e-01	7.05e-01	6.87e-03	7.15e-06	3.64e-07	0.00e+00	0.00e+00	0.00e+00	0.00e+00	2.88e-01	4.41e-08	4.97e-08
 2.47831e+23	3.01e-01	6.93e-01	6.30e-03	6.52e-06	3.25e-07	0.00e+00	0.00e+00	0.00e+00	0.00e+00	3.01e-01	4.59e-08	5.19e-08
 2.48227e+23	3.14e-01	6.81e-01	5.76e-03	5.92e-06	2.89e-07	0.00e+00	0.00e+00	0.00e+00	0.00e+00	3.14e-01	4.78e-08	5.41e-08
 2.48623e+23	3.27e-01	6.67e-01	5.25e-03	5.38e-06	2.56e-07	0.00e+00	0.00e+00	0.00e+00	0.00e+00	3.27e-01	4.98e-08	5.63e-08
 2.49003e+23	3.41e-01	6.54e-01	4.81e-03	4.91e-06	2.28e-07	0.00e+00	0.00e+00	0.00e+00	0.00e+00	3.41e-01	5.16e-08	5.84e-08
 2.49383e+23	3.55e-01	6.41e-01	4.39e-03	4.48e-06	2.02e-07	0.00e+00	0.00e+00	0.00e+00	0.00e+00	3.55e-01	5.35e-08	6.04e-08
 2.49773e+23	3.70e-01	6.26e-01	3.99e-03	4.07e-06	1.78e-07	0.00e+00	0.00e+00	0.00e+00	0.00e+00	3.70e-01	5.54e-08	6.26e-08
 2.50168e+23	3.85e-01	6.11e-01	3.62e-03	3.70e-06	1.57e-07	0.00e+00	0.00e+00	0.00e+00	0.00e+00	3.85e-01	5.73e-08	6.47e-08
 2.50567e+23	4.01e-01	5.95e-01	3.27e-03	3.36e-06	1.37e-07	0.00e+00	0.00e+00	0.00e+00	0.00e+00	4.01e-01	5.92e-08	6.68e-08
 2.50965e+23	4.18e-01	5.79e-01	2.96e-03	3.05e-06	0.00e+00	0.00e+00	0.00e+00	0.00e+00	0.00e+00	4.18e-01	6.11e-08	6.89e-08
 2.51362e+23	4.35e-01	5.63e-01	2.67e-03	2.77e-06	0.00e+00	0.00e+00	0.00e+00	0.00e+00	0.00e+00	4.35e-01	6.29e-08	7.09e-08
 2.51766e+23	4.52e-01	5.45e-01	2.40e-03	2.51e-06	0.00e+00	0.00e+00	0.00e+00	0.00e+00	0.00e+00	4.52e-01	6.46e-08	7.29e-08
 2.52179e+23	4.70e-01	5.27e-01	2.15e-03	2.27e-06	0.00e+00	0.00e+00	0.00e+00	0.00e+00	0.00e+00	4.70e-01	6.63e-08	7.48e-08
 2.52600e+23	4.89e-01	5.09e-01	1.92e-03	2.06e-06	0.00e+00	0.00e+00	0.00e+00	0.00e+00	0.00e+00	4.89e-01	6.80e-08	7.66e-08
 2.53029e+23	5.08e-01	4.90e-01	1.71e-03	1.86e-06	0.00e+00	0.00e+00	0.00e+00	0.00e+00	0.00e+00	5.08e-01	6.95e-08	7.83e-08
 2.53468e+23	5.28e-01	4.71e-01	1.51e-03	1.67e-06	0.00e+00	0.00e+00	0.00e+00	0.00e+00	0.00e+00	5.28e-01	7.09e-08	7.98e-08
 2.53919e+23	5.48e-01	4.51e-01	1.34e-03	1.50e-06	0.00e+00	0.00e+00	0.00e+00	0.00e+00	0.00e+00	5.48e-01	7.22e-08	8.13e-08
 2.54383e+23	5.69e-01	4.30e-01	1.18e-03	1.35e-06	0.00e+00	0.00e+00	0.00e+00	0.00e+00	0.00e+00	5.69e-01	7.34e-08	8.25e-08
 2.54862e+23	5.89e-01	4.09e-01	1.03e-03	1.21e-06	0.00e+00	0.00e+00	0.00e+00	0.00e+00	0.00e+00	5.89e-01	7.44e-08	8.36e-08
 2.55255e+23	6.05e-01	3.94e-01	9.29e-04	1.11e-06	0.00e+00	0.00e+00	0.00e+00	0.00e+00	0.00e+00	6.05e-01	7.49e-08	8.41e-08
 2.55524e+23	6.16e-01	3.83e-01	8.65e-04	1.05e-06	0.00e+00	0.00e+00	0.00e+00	0.00e+00	0.00e+00	6.16e-01	7.52e-08	8.44e-08
 2.55777e+23	6.26e-01	3.73e-01	8.06e-04	9.90e-07	0.00e+00	0.00e+00	0.00e+00	0.00e+00	0.00e+00	6.26e-01	7.55e-08	8.47e-08
 2.56064e+23	6.38e-01	3.61e-01	7.43e-04	9.27e-07	0.00e+00	0.00e+00	0.00e+00	0.00e+00	0.00e+00	6.38e-01	7.58e-08	8.50e-08
 2.56374e+23	6.51e-01	3.48e-01	6.81e-04	8.64e-07	0.00e+00	0.00e+00	0.00e+00	0.00e+00	0.00e+00	6.51e-01	7.60e-08	8.52e-08
 2.56676e+23	6.62e-01	3.38e-01	6.29e-04	8.12e-07	0.00e+00	0.00e+00	0.00e+00	0.00e+00	0.00e+00	6.62e-01	7.62e-08	8.54e-08
 2.56976e+23	6.73e-01	3.26e-01	5.79e-04	7.61e-07	0.00e+00	0.00e+00	0.00e+00	0.00e+00	0.00e+00	6.73e-01	7.62e-08	8.54e-08
 2.57284e+23	6.85e-01	3.15e-01	5.32e-04	7.13e-07	0.00e+00	0.00e+00	0.00e+00	0.00e+00	0.00e+00	6.85e-01	7.63e-08	8.54e-08
 2.57592e+23	6.95e-01	3.04e-01	4.89e-04	6.69e-07	0.00e+00	0.00e+00	0.00e+00	0.00e+00	0.00e+00	6.95e-01	7.62e-08	8.53e-08
 2.57902e+23	7.06e-01	2.93e-01	4.50e-04	6.27e-07	0.00e+00	0.00e+00	0.00e+00	0.00e+00	0.00e+00	7.06e-01	7.61e-08	8.51e-08
 2.58210e+23	7.16e-01	2.83e-01	4.15e-04	5.90e-07	0.00e+00	0.00e+00	0.00e+00	0.00e+00	0.00e+00	7.16e-01	7.60e-08	8.50e-08
 2.58528e+23	7.26e-01	2.73e-01	3.81e-04	5.53e-07	0.00e+00	0.00e+00	0.00e+00	0.00e+00	0.00e+00	7.26e-01	7.58e-08	8.47e-08
 2.58859e+23	7.37e-01	2.63e-01	3.49e-04	5.18e-07	0.00e+00	0.00e+00	0.00e+00	0.00e+00	0.00e+00	7.37e-01	7.55e-08	8.42e-08
 2.59189e+23	7.47e-01	2.53e-01	3.20e-04	4.86e-07	0.00e+00	0.00e+00	0.00e+00	0.00e+00	0.00e+00	7.47e-01	7.52e-08	8.37e-08
 2.59515e+23	7.56e-01	2.44e-01	2.94e-04	4.57e-07	0.00e+00	0.00e+00	0.00e+00	0.00e+00	0.00e+00	7.56e-01	7.49e-08	8.33e-08
 2.59853e+23	7.65e-01	2.35e-01	2.70e-04	4.29e-07	0.00e+00	0.00e+00	0.00e+00	0.00e+00	0.00e+00	7.65e-01	7.45e-08	8.27e-08
 2.60205e+23	7.74e-01	2.26e-01	2.46e-04	4.02e-07	0.00e+00	0.00e+00	0.00e+00	0.00e+00	0.00e+00	7.74e-01	7.40e-08	8.20e-08
 2.60556e+23	7.83e-01	2.17e-01	2.26e-04	3.78e-07	0.00e+00	0.00e+00	0.00e+00	0.00e+00	0.00e+00	7.83e-01	7.36e-08	8.14e-08
 2.60911e+23	7.91e-01	2.09e-01	2.07e-04	3.55e-07	0.00e+00	0.00e+00	0.00e+00	0.00e+00	0.00e+00	7.91e-01	7.32e-08	8.08e-08
 2.61279e+23	7.99e-01	2.01e-01	1.89e-04	3.33e-07	0.00e+00	0.00e+00	0.00e+00	0.00e+00	0.00e+00	7.99e-01	7.27e-08	8.01e-08
 2.61659e+23	8.07e-01	1.92e-01	1.72e-04	3.12e-07	0.00e+00	0.00e+00	0.00e+00	0.00e+00	0.00e+00	8.07e-01	7.22e-08	7.93e-08
 2.62043e+23	8.15e-01	1.85e-01	1.58e-04	2.93e-07	0.00e+00	0.00e+00	0.00e+00	0.00e+00	0.00e+00	8.15e-01	7.17e-08	7.86e-08
 2.62433e+23	8.22e-01	1.77e-01	1.44e-04	2.76e-07	0.00e+00	0.00e+00	0.00e+00	0.00e+00	0.00e+00	8.22e-01	7.12e-08	7.79e-08
 2.62837e+23	8.30e-01	1.70e-01	1.31e-04	2.59e-07	0.00e+00	0.00e+00	0.00e+00	0.00e+00	0.00e+00	8.30e-01	7.07e-08	7.72e-08
 2.63254e+23	8.37e-01	1.63e-01	1.19e-04	2.42e-07	0.00e+00	0.00e+00	0.00e+00	0.00e+00	0.00e+00	8.37e-01	7.02e-08	7.64e-08
 2.63676e+23	8.44e-01	1.56e-01	1.09e-04	2.28e-07	0.00e+00	0.00e+00	0.00e+00	0.00e+00	0.00e+00	8.44e-01	6.97e-08	7.56e-08
 2.64107e+23	8.50e-01	1.50e-01	9.91e-05	2.14e-07	0.00e+00	0.00e+00	0.00e+00	0.00e+00	0.00e+00	8.50e-01	6.92e-08	7.49e-08
 2.64551e+23	8.56e-01	1.44e-01	9.02e-05	2.01e-07	0.00e+00	0.00e+00	0.00e+00	0.00e+00	0.00e+00	8.56e-01	6.87e-08	7.41e-08
 2.65011e+23	8.62e-01	1.37e-01	8.20e-05	1.88e-07	0.00e+00	0.00e+00	0.00e+00	0.00e+00	0.00e+00	8.62e-01	6.82e-08	7.33e-08
 2.65481e+23	8.68e-01	1.32e-01	7.47e-05	1.76e-07	0.00e+00	0.00e+00	0.00e+00	0.00e+00	0.00e+00	8.68e-01	6.77e-08	7.26e-08
 2.65955e+23	8.74e-01	1.26e-01	6.81e-05	1.66e-07	0.00e+00	0.00e+00	0.00e+00	0.00e+00	0.00e+00	8.74e-01	6.73e-08	7.19e-08
 2.66436e+23	8.79e-01	1.21e-01	6.20e-05	1.56e-07	0.00e+00	0.00e+00	0.00e+00	0.00e+00	0.00e+00	8.79e-01	6.68e-08	7.12e-08
 2.66932e+23	8.84e-01	1.16e-01	5.66e-05	1.46e-07	0.00e+00	0.00e+00	0.00e+00	0.00e+00	0.00e+00	8.84e-01	6.64e-08	7.05e-08
 2.67435e+23	8.89e-01	1.11e-01	5.17e-05	1.37e-07	0.00e+00	0.00e+00	0.00e+00	0.00e+00	0.00e+00	8.89e-01	6.59e-08	6.97e-08
 2.67937e+23	8.94e-01	1.06e-01	4.74e-05	1.29e-07	0.00e+00	0.00e+00	0.00e+00	0.00e+00	0.00e+00	8.94e-01	6.55e-08	6.91e-08
 2.68441e+23	8.98e-01	1.02e-01	4.36e-05	0.00e+00	0.00e+00	0.00e+00	0.00e+00	0.00e+00	0.00e+00	8.98e-01	6.52e-08	6.85e-08
 2.68951e+23	9.02e-01	9.76e-02	4.01e-05	0.00e+00	0.00e+00	0.00e+00	0.00e+00	0.00e+00	0.00e+00	9.02e-01	6.49e-08	6.79e-08
 2.69467e+23	9.06e-01	9.37e-02	3.70e-05	0.00e+00	0.00e+00	0.00e+00	0.00e+00	0.00e+00	0.00e+00	9.06e-01	6.46e-08	6.73e-08
 2.69994e+23	9.10e-01	8.98e-02	3.42e-05	0.00e+00	0.00e+00	0.00e+00	0.00e+00	0.00e+00	0.00e+00	9.10e-01	6.43e-08	6.68e-08
 2.70535e+23	9.14e-01	8.62e-02	3.16e-05	0.00e+00	0.00e+00	0.00e+00	0.00e+00	0.00e+00	0.00e+00	9.14e-01	6.41e-08	6.63e-08
 2.71075e+23	9.17e-01	8.27e-02	2.94e-05	0.00e+00	0.00e+00	0.00e+00	0.00e+00	0.00e+00	0.00e+00	9.17e-01	6.38e-08	6.58e-08
 2.71610e+23	9.20e-01	7.95e-02	2.74e-05	0.00e+00	0.00e+00	0.00e+00	0.00e+00	0.00e+00	0.00e+00	9.20e-01	6.36e-08	6.53e-08
 2.72155e+23	9.24e-01	7.62e-02	2.56e-05	0.00e+00	0.00e+00	0.00e+00	0.00e+00	0.00e+00	0.00e+00	9.24e-01	6.34e-08	6.48e-08
 2.72717e+23	9.27e-01	7.31e-02	2.39e-05	0.00e+00	0.00e+00	0.00e+00	0.00e+00	0.00e+00	0.00e+00	9.27e-01	6.32e-08	6.44e-08
 2.73286e+23	9.30e-01	7.01e-02	2.24e-05	0.00e+00	0.00e+00	0.00e+00	0.00e+00	0.00e+00	0.00e+00	9.30e-01	6.30e-08	6.39e-08
 2.73848e+23	9.33e-01	6.73e-02	2.11e-05	0.00e+00	0.00e+00	0.00e+00	0.00e+00	0.00e+00	0.00e+00	9.33e-01	6.28e-08	6.35e-08
 2.74388e+23	9.35e-01	6.48e-02	2.01e-05	0.00e+00	0.00e+00	0.00e+00	0.00e+00	0.00e+00	0.00e+00	9.35e-01	6.26e-08	6.31e-08
 2.74885e+23	9.37e-01	6.26e-02	1.92e-05	0.00e+00	0.00e+00	0.00e+00	0.00e+00	0.00e+00	0.00e+00	9.37e-01	6.24e-08	6.27e-08
 2.75347e+23	9.39e-01	6.07e-02	1.84e-05	0.00e+00	0.00e+00	0.00e+00	0.00e+00	0.00e+00	0.00e+00	9.39e-01	6.23e-08	6.24e-08
 2.75789e+23	9.41e-01	5.89e-02	1.78e-05	0.00e+00	0.00e+00	0.00e+00	0.00e+00	0.00e+00	0.00e+00	9.41e-01	6.21e-08	6.21e-08
 2.76214e+23	9.43e-01	5.72e-02	1.72e-05	0.00e+00	0.00e+00	0.00e+00	0.00e+00	0.00e+00	0.00e+00	9.43e-01	6.20e-08	6.18e-08
 2.76620e+23	9.44e-01	5.56e-02	1.67e-05	0.00e+00	0.00e+00	0.00e+00	0.00e+00	0.00e+00	0.00e+00	9.44e-01	6.19e-08	6.15e-08
 2.77009e+23	9.46e-01	5.40e-02	1.62e-05	0.00e+00	0.00e+00	0.00e+00	0.00e+00	0.00e+00	0.00e+00	9.46e-01	6.18e-08	6.12e-08
 2.77373e+23	9.47e-01	5.27e-02	1.58e-05	0.00e+00	0.00e+00	0.00e+00	0.00e+00	0.00e+00	0.00e+00	9.47e-01	6.17e-08	6.10e-08
 2.77719e+23	9.49e-01	5.14e-02	1.55e-05	0.00e+00	0.00e+00	0.00e+00	0.00e+00	0.00e+00	0.00e+00	9.49e-01	6.16e-08	6.08e-08
 2.78060e+23	9.50e-01	5.02e-02	1.51e-05	0.00e+00	0.00e+00	0.00e+00	0.00e+00	0.00e+00	0.00e+00	9.50e-01	6.15e-08	6.05e-08
 2.78391e+23	9.51e-01	4.90e-02	1.48e-05	0.00e+00	0.00e+00	0.00e+00	0.00e+00	0.00e+00	0.00e+00	9.51e-01	6.14e-08	6.03e-08
 2.78707e+23	9.52e-01	4.78e-02	1.45e-05	0.00e+00	0.00e+00	0.00e+00	0.00e+00	0.00e+00	0.00e+00	9.52e-01	6.13e-08	6.01e-08
 2.79011e+23	9.53e-01	4.68e-02	1.43e-05	0.00e+00	0.00e+00	0.00e+00	0.00e+00	0.00e+00	0.00e+00	9.53e-01	6.12e-08	5.99e-08
 2.79305e+23	9.54e-01	4.57e-02	1.40e-05	0.00e+00	0.00e+00	0.00e+00	0.00e+00	0.00e+00	0.00e+00	9.54e-01	6.11e-08	5.97e-08
 2.79588e+23	9.55e-01	4.47e-02	1.38e-05	0.00e+00	0.00e+00	0.00e+00	0.00e+00	0.00e+00	0.00e+00	9.55e-01	6.10e-08	5.95e-08
 2.79861e+23	9.56e-01	4.38e-02	1.36e-05	0.00e+00	0.00e+00	0.00e+00	0.00e+00	0.00e+00	0.00e+00	9.56e-01	6.09e-08	5.93e-08
 2.80118e+23	9.57e-01	4.29e-02	1.34e-05	0.00e+00	0.00e+00	0.00e+00	0.00e+00	0.00e+00	0.00e+00	9.57e-01	6.08e-08	5.91e-08
 2.80352e+23	9.58e-01	4.21e-02	1.33e-05	0.00e+00	0.00e+00	0.00e+00	0.00e+00	0.00e+00	0.00e+00	9.58e-01	6.07e-08	5.89e-08
 2.80565e+23	9.59e-01	4.14e-02	1.31e-05	0.00e+00	0.00e+00	0.00e+00	0.00e+00	0.00e+00	0.00e+00	9.59e-01	6.06e-08	5.87e-08
 2.80759e+23	9.59e-01	4.07e-02	1.30e-05	0.00e+00	0.00e+00	0.00e+00	0.00e+00	0.00e+00	0.00e+00	9.59e-01	6.04e-08	5.85e-08
 2.80935e+23	9.60e-01	4.01e-02	1.29e-05	0.00e+00	0.00e+00	0.00e+00	0.00e+00	0.00e+00	0.00e+00	9.60e-01	6.04e-08	5.83e-08
 2.81095e+23	9.60e-01	3.96e-02	1.28e-05	0.00e+00	0.00e+00	0.00e+00	0.00e+00	0.00e+00	0.00e+00	9.60e-01	6.03e-08	5.82e-08
 2.81241e+23	9.61e-01	3.91e-02	1.27e-05	0.00e+00	0.00e+00	0.00e+00	0.00e+00	0.00e+00	0.00e+00	9.61e-01	6.01e-08	5.80e-08
 2.81401e+23	9.61e-01	3.86e-02	1.26e-05	0.00e+00	0.00e+00	0.00e+00	0.00e+00	0.00e+00	0.00e+00	9.61e-01	5.98e-08	5.79e-08
 2.81574e+23	9.62e-01	3.79e-02	1.25e-05	0.00e+00	0.00e+00	0.00e+00	0.00e+00	0.00e+00	0.00e+00	9.62e-01	5.95e-08	5.77e-08
 2.81731e+23	9.63e-01	3.74e-02	1.24e-05	0.00e+00	0.00e+00	0.00e+00	0.00e+00	0.00e+00	0.00e+00	9.63e-01	5.93e-08	5.75e-08
 2.81874e+23	9.63e-01	3.71e-02	1.23e-05	0.00e+00	0.00e+00	0.00e+00	0.00e+00	0.00e+00	0.00e+00	9.63e-01	5.92e-08	5.74e-08
 2.82031e+23	9.64e-01	3.65e-02	1.22e-05	0.00e+00	0.00e+00	0.00e+00	0.00e+00	0.00e+00	0.00e+00	9.64e-01	5.89e-08	5.73e-08
 2.82200e+23	9.64e-01	3.59e-02	1.21e-05	0.00e+00	0.00e+00	0.00e+00	0.00e+00	0.00e+00	0.00e+00	9.64e-01	5.87e-08	5.71e-08
 2.82354e+23	9.65e-01	3.54e-02	1.20e-05	0.00e+00	0.00e+00	0.00e+00	0.00e+00	0.00e+00	0.00e+00	9.65e-01	5.85e-08	5.69e-08
 2.82494e+23	9.65e-01	3.50e-02	1.19e-05	0.00e+00	0.00e+00	0.00e+00	0.00e+00	0.00e+00	0.00e+00	9.65e-01	5.83e-08	5.68e-08
 2.82648e+23	9.65e-01	3.45e-02	1.17e-05	0.00e+00	0.00e+00	0.00e+00	0.00e+00	0.00e+00	0.00e+00	9.65e-01	5.81e-08	5.67e-08
 2.82814e+23	9.66e-01	3.40e-02	1.16e-05	0.00e+00	0.00e+00	0.00e+00	0.00e+00	0.00e+00	0.00e+00	9.66e-01	5.79e-08	5.65e-08
 2.82965e+23	9.66e-01	3.35e-02	1.15e-05	0.00e+00	0.00e+00	0.00e+00	0.00e+00	0.00e+00	0.00e+00	9.66e-01	5.78e-08	5.64e-08
 2.83102e+23	9.67e-01	3.33e-02	1.14e-05	0.00e+00	0.00e+00	0.00e+00	0.00e+00	0.00e+00	0.00e+00	9.67e-01	5.77e-08	5.64e-08
 2.83252e+23	9.67e-01	3.28e-02	1.13e-05	0.00e+00	0.00e+00	0.00e+00	0.00e+00	0.00e+00	0.00e+00	9.67e-01	5.76e-08	5.63e-08
 2.83415e+23	9.68e-01	3.24e-02	1.12e-05	0.00e+00	0.00e+00	0.00e+00	0.00e+00	0.00e+00	0.00e+00	9.68e-01	5.75e-08	5.62e-08
 2.83593e+23	9.68e-01	3.19e-02	1.11e-05	0.00e+00	0.00e+00	0.00e+00	0.00e+00	0.00e+00	0.00e+00	9.68e-01	5.74e-08	5.61e-08
 2.83785e+23	9.69e-01	3.14e-02	1.10e-05	0.00e+00	0.00e+00	0.00e+00	0.00e+00	0.00e+00	0.00e+00	9.69e-01	5.73e-08	5.60e-08
 2.83960e+23	9.69e-01	3.09e-02	1.09e-05	0.00e+00	0.00e+00	0.00e+00	0.00e+00	0.00e+00	0.00e+00	9.69e-01	5.71e-08	5.59e-08
 2.84119e+23	9.70e-01	3.05e-02	1.07e-05	0.00e+00	0.00e+00	0.00e+00	0.00e+00	0.00e+00	0.00e+00	9.70e-01	5.69e-08	5.57e-08
 2.84264e+23	9.70e-01	3.02e-02	1.07e-05	0.00e+00	0.00e+00	0.00e+00	0.00e+00	0.00e+00	0.00e+00	9.70e-01	5.70e-08	5.57e-08
 2.84422e+23	9.70e-01	2.98e-02	1.05e-05	0.00e+00	0.00e+00	0.00e+00	0.00e+00	0.00e+00	0.00e+00	9.70e-01	5.68e-08	5.56e-08
 2.84593e+23	9.71e-01	2.93e-02	1.04e-05	0.00e+00	0.00e+00	0.00e+00	0.00e+00	0.00e+00	0.00e+00	9.71e-01	5.67e-08	5.55e-08
 2.84749e+23	9.71e-01	2.89e-02	1.03e-05	0.00e+00	0.00e+00	0.00e+00	0.00e+00	0.00e+00	0.00e+00	9.71e-01	5.65e-08	5.53e-08
 2.84891e+23	9.71e-01	2.87e-02	1.02e-05	0.00e+00	0.00e+00	0.00e+00	0.00e+00	0.00e+00	0.00e+00	9.71e-01	5.65e-08	5.53e-08
 2.85047e+23	9.72e-01	2.83e-02	1.01e-05	0.00e+00	0.00e+00	0.00e+00	0.00e+00	0.00e+00	0.00e+00	9.72e-01	5.64e-08	5.52e-08
 2.85214e+23	9.72e-01	2.79e-02	9.99e-06	0.00e+00	0.00e+00	0.00e+00	0.00e+00	0.00e+00	0.00e+00	9.72e-01	5.63e-08	5.51e-08
 2.85367e+23	9.73e-01	2.75e-02	9.87e-06	0.00e+00	0.00e+00	0.00e+00	0.00e+00	0.00e+00	0.00e+00	9.73e-01	5.62e-08	5.49e-08
 2.85506e+23	9.73e-01	2.71e-02	9.76e-06	0.00e+00	0.00e+00	0.00e+00	0.00e+00	0.00e+00	0.00e+00	9.73e-01	5.59e-08	5.47e-08
 2.85632e+23	9.73e-01	2.69e-02	9.69e-06	0.00e+00	0.00e+00	0.00e+00	0.00e+00	0.00e+00	0.00e+00	9.73e-01	5.59e-08	5.47e-08
 2.85771e+23	9.73e-01	2.65e-02	9.58e-06	0.00e+00	0.00e+00	0.00e+00	0.00e+00	0.00e+00	0.00e+00	9.73e-01	5.58e-08	5.45e-08
 2.85921e+23	9.74e-01	2.62e-02	9.48e-06	0.00e+00	0.00e+00	0.00e+00	0.00e+00	0.00e+00	0.00e+00	9.74e-01	5.57e-08	5.45e-08
 2.86084e+23	9.74e-01	2.57e-02	9.35e-06	0.00e+00	0.00e+00	0.00e+00	0.00e+00	0.00e+00	0.00e+00	9.74e-01	5.56e-08	5.43e-08
 2.86261e+23	9.75e-01	2.53e-02	9.23e-06	0.00e+00	0.00e+00	0.00e+00	0.00e+00	0.00e+00	0.00e+00	9.75e-01	5.54e-08	5.41e-08
 2.86422e+23	9.75e-01	2.50e-02	9.13e-06	0.00e+00	0.00e+00	0.00e+00	0.00e+00	0.00e+00	0.00e+00	9.75e-01	5.53e-08	5.40e-08
 2.86599e+23	9.75e-01	2.46e-02	9.00e-06	0.00e+00	0.00e+00	0.00e+00	0.00e+00	0.00e+00	0.00e+00	9.75e-01	5.52e-08	5.38e-08
 2.86789e+23	9.76e-01	2.41e-02	8.88e-06	0.00e+00	0.00e+00	0.00e+00	0.00e+00	0.00e+00	0.00e+00	9.76e-01	5.50e-08	5.36e-08
 2.86963e+23	9.76e-01	2.38e-02	8.78e-06	0.00e+00	0.00e+00	0.00e+00	0.00e+00	0.00e+00	0.00e+00	9.76e-01	5.49e-08	5.34e-08
 2.87120e+23	9.77e-01	2.35e-02	8.69e-06	0.00e+00	0.00e+00	0.00e+00	0.00e+00	0.00e+00	0.00e+00	9.77e-01	5.48e-08	5.33e-08
 2.87264e+23	9.77e-01	2.32e-02	8.60e-06	0.00e+00	0.00e+00	0.00e+00	0.00e+00	0.00e+00	0.00e+00	9.77e-01	5.46e-08	5.30e-08
 2.87395e+23	9.77e-01	2.30e-02	8.53e-06	0.00e+00	0.00e+00	0.00e+00	0.00e+00	0.00e+00	0.00e+00	9.77e-01	5.45e-08	5.29e-08
 2.87538e+23	9.77e-01	2.26e-02	8.44e-06	0.00e+00	0.00e+00	0.00e+00	0.00e+00	0.00e+00	0.00e+00	9.77e-01	5.45e-08	5.28e-08
 2.87724e+23	9.78e-01	2.22e-02	8.32e-06	0.00e+00	0.00e+00	0.00e+00	0.00e+00	0.00e+00	0.00e+00	9.78e-01	5.43e-08	5.26e-08
 2.87925e+23	9.78e-01	2.18e-02	8.21e-06	0.00e+00	0.00e+00	0.00e+00	0.00e+00	0.00e+00	0.00e+00	9.78e-01	5.41e-08	5.24e-08
 2.88107e+23	9.79e-01	2.15e-02	8.12e-06	0.00e+00	0.00e+00	0.00e+00	0.00e+00	0.00e+00	0.00e+00	9.79e-01	5.38e-08	5.20e-08
 2.88274e+23	9.79e-01	2.13e-02	8.05e-06	0.00e+00	0.00e+00	0.00e+00	0.00e+00	0.00e+00	0.00e+00	9.79e-01	5.32e-08	5.15e-08
 2.88425e+23	9.79e-01	2.10e-02	7.97e-06	0.00e+00	0.00e+00	0.00e+00	0.00e+00	0.00e+00	0.00e+00	9.79e-01	5.30e-08	5.13e-08
 2.88591e+23	9.79e-01	2.07e-02	7.89e-06	0.00e+00	0.00e+00	0.00e+00	0.00e+00	0.00e+00	0.00e+00	9.79e-01	5.26e-08	5.10e-08
 2.88807e+23	9.80e-01	2.03e-02	7.78e-06	0.00e+00	0.00e+00	0.00e+00	0.00e+00	0.00e+00	0.00e+00	9.80e-01	5.20e-08	5.05e-08
 2.89040e+23	9.80e-01	1.99e-02	7.67e-06	0.00e+00	0.00e+00	0.00e+00	0.00e+00	0.00e+00	0.00e+00	9.80e-01	5.14e-08	5.00e-08
 2.89251e+23	9.80e-01	1.96e-02	7.57e-06	0.00e+00	0.00e+00	0.00e+00	0.00e+00	0.00e+00	0.00e+00	9.80e-01	5.09e-08	4.94e-08
 2.89444e+23	9.81e-01	1.92e-02	7.48e-06	0.00e+00	0.00e+00	0.00e+00	0.00e+00	0.00e+00	0.00e+00	9.81e-01	5.03e-08	4.86e-08
 2.89620e+23	9.81e-01	1.91e-02	7.42e-06	0.00e+00	0.00e+00	0.00e+00	0.00e+00	0.00e+00	0.00e+00	9.81e-01	5.01e-08	4.84e-08
 2.89812e+23	9.81e-01	1.87e-02	7.33e-06	0.00e+00	0.00e+00	0.00e+00	0.00e+00	0.00e+00	0.00e+00	9.81e-01	4.96e-08	4.78e-08
 2.90019e+23	9.82e-01	1.84e-02	7.25e-06	0.00e+00	0.00e+00	0.00e+00	0.00e+00	0.00e+00	0.00e+00	9.82e-01	4.91e-08	4.73e-08
 2.90208e+23	9.82e-01	1.81e-02	7.17e-06	0.00e+00	0.00e+00	0.00e+00	0.00e+00	0.00e+00	0.00e+00	9.82e-01	4.85e-08	4.66e-08
 2.90380e+23	9.82e-01	1.79e-02	7.11e-06	0.00e+00	0.00e+00	0.00e+00	0.00e+00	0.00e+00	0.00e+00	9.82e-01	4.84e-08	4.64e-08
 2.90569e+23	9.82e-01	1.77e-02	7.03e-06	0.00e+00	0.00e+00	0.00e+00	0.00e+00	0.00e+00	0.00e+00	9.82e-01	4.80e-08	4.59e-08
 2.90772e+23	9.83e-01	1.74e-02	6.95e-06	0.00e+00	0.00e+00	0.00e+00	0.00e+00	0.00e+00	0.00e+00	9.83e-01	4.75e-08	4.54e-08
 2.90957e+23	9.83e-01	1.71e-02	6.88e-06	0.00e+00	0.00e+00	0.00e+00	0.00e+00	0.00e+00	0.00e+00	9.83e-01	4.70e-08	4.48e-08
 2.91125e+23	9.83e-01	1.69e-02	6.83e-06	0.00e+00	0.00e+00	0.00e+00	0.00e+00	0.00e+00	0.00e+00	9.83e-01	4.68e-08	4.45e-08
 2.91310e+23	9.83e-01	1.66e-02	6.74e-06	0.00e+00	0.00e+00	0.00e+00	0.00e+00	0.00e+00	0.00e+00	9.83e-01	4.62e-08	4.39e-08
 2.91509e+23	9.84e-01	1.65e-02	6.69e-06	0.00e+00	0.00e+00	0.00e+00	0.00e+00	0.00e+00	0.00e+00	9.84e-01	4.60e-08	4.36e-08
 2.91727e+23	9.84e-01	1.61e-02	6.60e-06	0.00e+00	0.00e+00	0.00e+00	0.00e+00	0.00e+00	0.00e+00	9.84e-01	4.54e-08	4.29e-08
 2.91963e+23	9.84e-01	1.58e-02	6.52e-06	0.00e+00	0.00e+00	0.00e+00	0.00e+00	0.00e+00	0.00e+00	9.84e-01	4.48e-08	4.23e-08
 2.92177e+23	9.84e-01	1.55e-02	6.44e-06	0.00e+00	0.00e+00	0.00e+00	0.00e+00	0.00e+00	0.00e+00	9.84e-01	4.42e-08	4.16e-08
 2.92372e+23	9.85e-01	1.54e-02	6.39e-06	0.00e+00	0.00e+00	0.00e+00	0.00e+00	0.00e+00	0.00e+00	9.85e-01	4.40e-08	4.14e-08
 2.92586e+23	9.85e-01	1.51e-02	6.31e-06	0.00e+00	0.00e+00	0.00e+00	0.00e+00	0.00e+00	0.00e+00	9.85e-01	4.34e-08	4.08e-08
 2.92817e+23	9.85e-01	1.48e-02	6.24e-06	0.00e+00	0.00e+00	0.00e+00	0.00e+00	0.00e+00	0.00e+00	9.85e-01	4.29e-08	4.02e-08
 2.93027e+23	9.85e-01	1.46e-02	6.19e-06	0.00e+00	0.00e+00	0.00e+00	0.00e+00	0.00e+00	0.00e+00	9.85e-01	4.26e-08	3.98e-08
 2.93257e+23	9.86e-01	1.43e-02	6.10e-06	0.00e+00	0.00e+00	0.00e+00	0.00e+00	0.00e+00	0.00e+00	9.86e-01	4.19e-08	3.90e-08
 2.93506e+23	9.86e-01	1.41e-02	6.03e-06	0.00e+00	0.00e+00	0.00e+00	0.00e+00	0.00e+00	0.00e+00	9.86e-01	4.13e-08	3.84e-08
 2.93732e+23	9.86e-01	1.38e-02	5.97e-06	0.00e+00	0.00e+00	0.00e+00	0.00e+00	0.00e+00	0.00e+00	9.86e-01	4.06e-08	3.76e-08
 2.93938e+23	9.86e-01	1.37e-02	5.92e-06	0.00e+00	0.00e+00	0.00e+00	0.00e+00	0.00e+00	0.00e+00	9.86e-01	4.04e-08	3.74e-08
 2.94163e+23	9.87e-01	1.34e-02	5.85e-06	0.00e+00	0.00e+00	0.00e+00	0.00e+00	0.00e+00	0.00e+00	9.87e-01	3.98e-08	3.68e-08
 2.94407e+23	9.87e-01	1.32e-02	5.78e-06	0.00e+00	0.00e+00	0.00e+00	0.00e+00	0.00e+00	0.00e+00	9.87e-01	3.93e-08	3.61e-08
 2.94628e+23	9.87e-01	1.30e-02	5.73e-06	0.00e+00	0.00e+00	0.00e+00	0.00e+00	0.00e+00	0.00e+00	9.87e-01	3.89e-08	3.57e-08
 2.94871e+23	9.87e-01	1.27e-02	5.65e-06	0.00e+00	0.00e+00	0.00e+00	0.00e+00	0.00e+00	0.00e+00	9.87e-01	3.83e-08	3.50e-08
 2.95133e+23	9.88e-01	1.25e-02	5.59e-06	0.00e+00	0.00e+00	0.00e+00	0.00e+00	0.00e+00	0.00e+00	9.88e-01	3.78e-08	3.44e-08
 2.95372e+23	9.88e-01	1.23e-02	5.53e-06	0.00e+00	0.00e+00	0.00e+00	0.00e+00	0.00e+00	0.00e+00	9.88e-01	3.74e-08	3.41e-08
 2.95633e+23	9.88e-01	1.20e-02	5.46e-06	0.00e+00	0.00e+00	0.00e+00	0.00e+00	0.00e+00	0.00e+00	9.88e-01	3.68e-08	3.35e-08
 2.95915e+23	9.88e-01	1.18e-02	5.39e-06	0.00e+00	0.00e+00	0.00e+00	0.00e+00	0.00e+00	0.00e+00	9.88e-01	3.63e-08	3.29e-08
 2.96172e+23	9.88e-01	1.16e-02	5.34e-06	0.00e+00	0.00e+00	0.00e+00	0.00e+00	0.00e+00	0.00e+00	9.88e-01	3.59e-08	3.25e-08
 2.96453e+23	9.89e-01	1.13e-02	5.27e-06	0.00e+00	0.00e+00	0.00e+00	0.00e+00	0.00e+00	0.00e+00	9.89e-01	3.54e-08	3.19e-08
 2.96757e+23	9.89e-01	1.11e-02	5.20e-06	0.00e+00	0.00e+00	0.00e+00	0.00e+00	0.00e+00	0.00e+00	9.89e-01	3.48e-08	3.12e-08
 2.97033e+23	9.89e-01	1.09e-02	5.14e-06	0.00e+00	0.00e+00	0.00e+00	0.00e+00	0.00e+00	0.00e+00	9.89e-01	3.44e-08	3.07e-08
 2.97336e+23	9.89e-01	1.06e-02	5.07e-06	0.00e+00	0.00e+00	0.00e+00	0.00e+00	0.00e+00	0.00e+00	9.89e-01	3.38e-08	3.00e-08
 2.97663e+23	9.90e-01	1.04e-02	5.00e-06	0.00e+00	0.00e+00	0.00e+00	0.00e+00	0.00e+00	0.00e+00	9.90e-01	3.33e-08	2.94e-08
 2.97961e+23	9.90e-01	1.02e-02	4.94e-06	0.00e+00	0.00e+00	0.00e+00	0.00e+00	0.00e+00	0.00e+00	9.90e-01	3.29e-08	2.88e-08
 2.98287e+23	9.90e-01	9.92e-03	4.87e-06	0.00e+00	0.00e+00	0.00e+00	0.00e+00	0.00e+00	0.00e+00	9.90e-01	3.22e-08	2.82e-08
 2.98639e+23	9.90e-01	9.68e-03	4.80e-06	0.00e+00	0.00e+00	0.00e+00	0.00e+00	0.00e+00	0.00e+00	9.90e-01	3.17e-08	2.76e-08
 2.98959e+23	9.91e-01	9.46e-03	4.74e-06	0.00e+00	0.00e+00	0.00e+00	0.00e+00	0.00e+00	0.00e+00	9.91e-01	3.11e-08	2.70e-08
 2.99250e+23	9.91e-01	9.30e-03	4.69e-06	0.00e+00	0.00e+00	0.00e+00	0.00e+00	0.00e+00	0.00e+00	9.91e-01	3.07e-08	2.65e-08
 2.99570e+23	9.91e-01	9.09e-03	4.63e-06	0.00e+00	0.00e+00	0.00e+00	0.00e+00	0.00e+00	0.00e+00	9.91e-01	3.01e-08	2.59e-08
 2.99915e+23	9.91e-01	8.88e-03	4.57e-06	0.00e+00	0.00e+00	0.00e+00	0.00e+00	0.00e+00	0.00e+00	9.91e-01	2.96e-08	2.54e-08
 3.00228e+23	9.91e-01	8.69e-03	4.51e-06	0.00e+00	0.00e+00	0.00e+00	0.00e+00	0.00e+00	0.00e+00	9.91e-01	2.91e-08	2.48e-08
 3.00514e+23	9.91e-01	8.55e-03	4.47e-06	0.00e+00	0.00e+00	0.00e+00	0.00e+00	0.00e+00	0.00e+00	9.91e-01	2.87e-08	2.44e-08
 3.00827e+23	9.92e-01	8.36e-03	4.41e-06	0.00e+00	0.00e+00	0.00e+00	0.00e+00	0.00e+00	0.00e+00	9.92e-01	2.82e-08	2.39e-08
 3.01165e+23	9.92e-01	8.14e-03	4.35e-06	0.00e+00	0.00e+00	0.00e+00	0.00e+00	0.00e+00	0.00e+00	9.92e-01	2.76e-08	2.33e-08
 3.01472e+23	9.92e-01	8.00e-03	4.31e-06	0.00e+00	0.00e+00	0.00e+00	0.00e+00	0.00e+00	0.00e+00	9.92e-01	2.73e-08	2.29e-08
 3.01809e+23	9.92e-01	7.81e-03	4.25e-06	0.00e+00	0.00e+00	0.00e+00	0.00e+00	0.00e+00	0.00e+00	9.92e-01	2.68e-08	2.24e-08
 3.02173e+23	9.92e-01	7.60e-03	4.19e-06	0.00e+00	0.00e+00	0.00e+00	0.00e+00	0.00e+00	0.00e+00	9.92e-01	2.62e-08	2.18e-08
 3.02503e+23	9.93e-01	7.46e-03	4.14e-06	0.00e+00	0.00e+00	0.00e+00	0.00e+00	0.00e+00	0.00e+00	9.93e-01	2.59e-08	2.14e-08
 3.02866e+23	9.93e-01	7.27e-03	4.08e-06	0.00e+00	0.00e+00	0.00e+00	0.00e+00	0.00e+00	0.00e+00	9.93e-01	2.54e-08	2.09e-08
 3.03258e+23	9.93e-01	7.08e-03	4.03e-06	0.00e+00	0.00e+00	0.00e+00	0.00e+00	0.00e+00	0.00e+00	9.93e-01	2.49e-08	2.04e-08
 3.03614e+23	9.93e-01	6.92e-03	3.98e-06	0.00e+00	0.00e+00	0.00e+00	0.00e+00	0.00e+00	0.00e+00	9.93e-01	2.45e-08	2.00e-08
 3.03938e+23	9.93e-01	6.78e-03	3.93e-06	0.00e+00	0.00e+00	0.00e+00	0.00e+00	0.00e+00	0.00e+00	9.93e-01	2.41e-08	1.95e-08
 3.04293e+23	9.93e-01	6.62e-03	3.88e-06	0.00e+00	0.00e+00	0.00e+00	0.00e+00	0.00e+00	0.00e+00	9.93e-01	2.36e-08	1.91e-08
 3.04677e+23	9.94e-01	6.43e-03	3.83e-06	0.00e+00	0.00e+00	0.00e+00	0.00e+00	0.00e+00	0.00e+00	9.94e-01	2.31e-08	1.85e-08
 3.05026e+23	9.94e-01	6.30e-03	3.78e-06	0.00e+00	0.00e+00	0.00e+00	0.00e+00	0.00e+00	0.00e+00	9.94e-01	2.28e-08	1.82e-08
 3.05408e+23	9.94e-01	6.15e-03	3.73e-06	0.00e+00	0.00e+00	0.00e+00	0.00e+00	0.00e+00	0.00e+00	9.94e-01	2.24e-08	1.77e-08
 3.05821e+23	9.94e-01	5.98e-03	3.68e-06	0.00e+00	0.00e+00	0.00e+00	0.00e+00	0.00e+00	0.00e+00	9.94e-01	2.19e-08	1.73e-08
 3.06197e+23	9.94e-01	5.84e-03	3.63e-06	0.00e+00	0.00e+00	0.00e+00	0.00e+00	0.00e+00	0.00e+00	9.94e-01	2.15e-08	1.68e-08
 3.06609e+23	9.94e-01	5.69e-03	3.58e-06	0.00e+00	0.00e+00	0.00e+00	0.00e+00	0.00e+00	0.00e+00	9.94e-01	2.10e-08	1.64e-08
 3.07053e+23	9.94e-01	5.51e-03	3.52e-06	0.00e+00	0.00e+00	0.00e+00	0.00e+00	0.00e+00	0.00e+00	9.94e-01	2.04e-08	1.58e-08
 3.07457e+23	9.95e-01	5.38e-03	3.48e-06	0.00e+00	0.00e+00	0.00e+00	0.00e+00	0.00e+00	0.00e+00	9.95e-01	2.01e-08	1.55e-08
 3.07901e+23	9.95e-01	5.24e-03	3.42e-06	0.00e+00	0.00e+00	0.00e+00	0.00e+00	0.00e+00	0.00e+00	9.95e-01	1.97e-08	1.50e-08
 3.08359e+23	9.95e-01	5.07e-03	3.37e-06	0.00e+00	0.00e+00	0.00e+00	0.00e+00	0.00e+00	0.00e+00	9.95e-01	1.92e-08	1.45e-08
