#depth	He	He+	He+2
 1.54284e+22	3.27e-15	6.56e-08	1.00e+00
 3.46795e+22	7.40e-15	9.88e-08	1.00e+00
 4.07859e+22	1.19e-14	1.25e-07	1.00e+00
 4.48964e+22	1.74e-14	1.51e-07	1.00e+00
 4.71800e+22	1.91e-14	1.59e-07	1.00e+00
 4.82304e+22	2.15e-14	1.68e-07	1.00e+00
 4.93784e+22	2.41e-14	1.78e-07	1.00e+00
 5.04754e+22	2.69e-14	1.88e-07	1.00e+00
 5.17235e+22	3.09e-14	2.02e-07	1.00e+00
 5.29654e+22	3.46e-14	2.14e-07	1.00e+00
 5.40377e+22	3.85e-14	2.25e-07	1.00e+00
 5.50188e+22	4.24e-14	2.36e-07	1.00e+00
 5.58918e+22	4.63e-14	2.47e-07	1.00e+00
 5.68754e+22	5.14e-14	2.60e-07	1.00e+00
 5.79284e+22	5.69e-14	2.74e-07	1.00e+00
 5.88677e+22	6.24e-14	2.87e-07	1.00e+00
 5.97477e+22	6.82e-14	3.00e-07	1.00e+00
 6.07543e+22	7.57e-14	3.16e-07	1.00e+00
 6.18234e+22	8.40e-14	3.33e-07	1.00e+00
 6.27598e+22	9.21e-14	3.48e-07	1.00e+00
 6.37631e+22	1.02e-13	3.67e-07	1.00e+00
 6.47386e+22	1.12e-13	3.84e-07	1.00e+00
 6.55090e+22	1.21e-13	3.99e-07	1.00e+00
 6.63416e+22	1.31e-13	4.16e-07	1.00e+00
 6.72530e+22	1.44e-13	4.35e-07	1.00e+00
 6.80766e+22	1.55e-13	4.52e-07	1.00e+00
 6.89570e+22	1.70e-13	4.73e-07	1.00e+00
 6.98827e+22	1.86e-13	4.95e-07	1.00e+00
 7.06971e+22	2.01e-13	5.14e-07	1.00e+00
 7.15856e+22	2.20e-13	5.39e-07	1.00e+00
 7.24510e+22	2.38e-13	5.60e-07	1.00e+00
 7.31310e+22	2.55e-13	5.79e-07	1.00e+00
 7.38598e+22	2.74e-13	6.01e-07	1.00e+00
 7.46598e+22	2.96e-13	6.24e-07	1.00e+00
 7.54174e+22	3.18e-13	6.47e-07	1.00e+00
 7.61515e+22	3.42e-13	6.70e-07	1.00e+00
 7.68626e+22	3.66e-13	6.94e-07	1.00e+00
 7.76602e+22	3.97e-13	7.22e-07	1.00e+00
 7.84940e+22	4.30e-13	7.51e-07	1.00e+00
 7.92194e+22	4.61e-13	7.78e-07	1.00e+00
 7.98631e+22	4.90e-13	8.02e-07	1.00e+00
 8.05564e+22	5.25e-13	8.30e-07	1.00e+00
 8.13042e+22	5.64e-13	8.60e-07	1.00e+00
 8.19832e+22	6.01e-13	8.87e-07	1.00e+00
 8.27260e+22	6.49e-13	9.21e-07	1.00e+00
 8.35021e+22	6.98e-13	9.55e-07	1.00e+00
 8.41582e+22	7.43e-13	9.86e-07	1.00e+00
 8.48478e+22	7.97e-13	1.02e-06	1.00e+00
 8.55851e+22	8.54e-13	1.06e-06	1.00e+00
 8.62534e+22	9.10e-13	1.09e-06	1.00e+00
 8.69910e+22	9.81e-13	1.13e-06	1.00e+00
 8.77652e+22	1.06e-12	1.17e-06	1.00e+00
 8.84129e+22	1.12e-12	1.21e-06	1.00e+00
 8.89914e+22	1.18e-12	1.24e-06	1.00e+00
 8.96540e+22	1.27e-12	1.28e-06	1.00e+00
 9.03718e+22	1.36e-12	1.33e-06	1.00e+00
 9.10350e+22	1.45e-12	1.37e-06	1.00e+00
 9.17710e+22	1.56e-12	1.42e-06	1.00e+00
 9.25188e+22	1.64e-12	1.47e-06	1.00e+00
 9.31327e+22	1.72e-12	1.51e-06	1.00e+00
 9.37815e+22	1.84e-12	1.56e-06	1.00e+00
 9.44863e+22	1.98e-12	1.62e-06	1.00e+00
 9.51401e+22	2.10e-12	1.67e-06	1.00e+00
 9.58663e+22	2.27e-12	1.73e-06	1.00e+00
 9.66283e+22	2.45e-12	1.79e-06	1.00e+00
 9.72582e+22	2.60e-12	1.84e-06	1.00e+00
 9.78987e+22	2.78e-12	1.91e-06	1.00e+00
 9.85884e+22	2.98e-12	1.97e-06	1.00e+00
 9.92289e+22	3.18e-12	2.03e-06	1.00e+00
 9.99483e+22	3.46e-12	2.12e-06	1.00e+00
 1.00638e+23	3.68e-12	2.18e-06	1.00e+00
 1.01291e+23	3.96e-12	2.26e-06	1.00e+00
 1.01968e+23	4.23e-12	2.33e-06	1.00e+00
 1.02573e+23	4.50e-12	2.40e-06	1.00e+00
 1.03252e+23	4.88e-12	2.50e-06	1.00e+00
 1.03950e+23	5.23e-12	2.58e-06	1.00e+00
 1.04547e+23	5.58e-12	2.66e-06	1.00e+00
 1.05108e+23	5.92e-12	2.74e-06	1.00e+00
 1.05749e+23	6.40e-12	2.84e-06	1.00e+00
 1.06410e+23	6.86e-12	2.94e-06	1.00e+00
 1.06992e+23	7.34e-12	3.04e-06	1.00e+00
 1.07643e+23	7.96e-12	3.16e-06	1.00e+00
 1.08287e+23	8.53e-12	3.26e-06	1.00e+00
 1.08821e+23	9.07e-12	3.36e-06	1.00e+00
 1.09414e+23	9.79e-12	3.48e-06	1.00e+00
 1.10035e+23	1.05e-11	3.60e-06	1.00e+00
 1.10591e+23	1.12e-11	3.72e-06	1.00e+00
 1.11211e+23	1.22e-11	3.87e-06	1.00e+00
 1.11844e+23	1.31e-11	4.01e-06	1.00e+00
 1.12380e+23	1.40e-11	4.14e-06	1.00e+00
 1.12884e+23	1.49e-11	4.26e-06	1.00e+00
 1.13462e+23	1.62e-11	4.43e-06	1.00e+00
 1.14055e+23	1.74e-11	4.58e-06	1.00e+00
 1.14578e+23	1.86e-11	4.73e-06	1.00e+00
 1.15166e+23	2.02e-11	4.93e-06	1.00e+00
 1.15752e+23	2.16e-11	5.09e-06	1.00e+00
 1.16255e+23	2.32e-11	5.27e-06	1.00e+00
 1.16830e+23	2.52e-11	5.48e-06	1.00e+00
 1.17412e+23	2.70e-11	5.67e-06	1.00e+00
 1.17918e+23	2.90e-11	5.86e-06	1.00e+00
 1.18492e+23	3.16e-11	6.12e-06	1.00e+00
 1.19068e+23	3.39e-11	6.33e-06	1.00e+00
 1.19568e+23	3.64e-11	6.55e-06	1.00e+00
 1.20136e+23	3.95e-11	6.82e-06	1.00e+00
 1.20721e+23	4.28e-11	7.09e-06	1.00e+00
 1.21227e+23	4.58e-11	7.32e-06	1.00e+00
 1.21786e+23	4.99e-11	7.63e-06	1.00e+00
 1.22357e+23	5.38e-11	7.92e-06	1.00e+00
 1.22841e+23	5.75e-11	8.19e-06	1.00e+00
 1.23367e+23	6.26e-11	8.53e-06	1.00e+00
 1.23906e+23	6.74e-11	8.85e-06	1.00e+00
 1.24345e+23	7.16e-11	9.12e-06	1.00e+00
 1.24796e+23	7.72e-11	9.46e-06	1.00e+00
 1.25230e+23	8.17e-11	9.73e-06	1.00e+00
 1.25580e+23	8.64e-11	1.00e-05	1.00e+00
 1.25924e+23	9.11e-11	1.03e-05	1.00e+00
 1.26260e+23	9.57e-11	1.05e-05	1.00e+00
 1.26639e+23	1.02e-10	1.09e-05	1.00e+00
 1.27015e+23	1.08e-10	1.12e-05	1.00e+00
 1.27337e+23	1.14e-10	1.15e-05	1.00e+00
 1.27645e+23	1.20e-10	1.18e-05	1.00e+00
 1.27942e+23	1.25e-10	1.21e-05	1.00e+00
 1.28281e+23	1.34e-10	1.25e-05	1.00e+00
 1.28625e+23	1.40e-10	1.28e-05	1.00e+00
 1.28974e+23	1.50e-10	1.32e-05	1.00e+00
 1.29317e+23	1.58e-10	1.36e-05	1.00e+00
 1.29598e+23	1.66e-10	1.40e-05	1.00e+00
 1.29862e+23	1.74e-10	1.43e-05	1.00e+00
 1.30158e+23	1.85e-10	1.47e-05	1.00e+00
 1.30463e+23	1.95e-10	1.52e-05	1.00e+00
 1.30730e+23	2.04e-10	1.55e-05	1.00e+00
 1.31026e+23	2.18e-10	1.61e-05	1.00e+00
 1.31323e+23	2.30e-10	1.65e-05	1.00e+00
 1.31620e+23	2.46e-10	1.71e-05	1.00e+00
 1.31923e+23	2.59e-10	1.76e-05	1.00e+00
 1.32182e+23	2.73e-10	1.81e-05	1.00e+00
 1.32470e+23	2.93e-10	1.88e-05	1.00e+00
 1.32753e+23	3.08e-10	1.93e-05	1.00e+00
 1.33029e+23	3.30e-10	2.01e-05	1.00e+00
 1.33300e+23	3.46e-10	2.06e-05	1.00e+00
 1.33564e+23	3.72e-10	2.15e-05	1.00e+00
 1.33827e+23	3.90e-10	2.20e-05	1.00e+00
 1.34086e+23	4.19e-10	2.30e-05	1.00e+00
 1.34348e+23	4.41e-10	2.36e-05	1.00e+00
 1.34612e+23	4.75e-10	2.47e-05	1.00e+00
 1.34880e+23	5.01e-10	2.54e-05	1.00e+00
 1.35153e+23	5.40e-10	2.66e-05	1.00e+00
 1.35423e+23	5.70e-10	2.74e-05	1.00e+00
 1.35689e+23	6.14e-10	2.87e-05	1.00e+00
 1.35960e+23	6.51e-10	2.97e-05	1.00e+00
 1.36237e+23	7.04e-10	3.11e-05	1.00e+00
 1.36516e+23	7.47e-10	3.23e-05	1.00e+00
 1.36799e+23	8.08e-10	3.39e-05	1.00e+00
 1.37084e+23	8.58e-10	3.51e-05	1.00e+00
 1.37330e+23	9.10e-10	3.65e-05	1.00e+00
 1.37608e+23	9.81e-10	3.82e-05	1.00e+00
 1.37887e+23	1.04e-09	3.97e-05	1.00e+00
 1.38166e+23	1.12e-09	4.16e-05	1.00e+00
 1.38446e+23	1.18e-09	4.31e-05	1.00e+00
 1.38729e+23	1.27e-09	4.51e-05	1.00e+00
 1.39021e+23	1.34e-09	4.69e-05	1.00e+00
 1.39324e+23	1.44e-09	4.92e-05	1.00e+00
 1.39633e+23	1.52e-09	5.11e-05	1.00e+00
 1.39949e+23	1.64e-09	5.37e-05	1.00e+00
 1.40272e+23	1.73e-09	5.57e-05	1.00e+00
 1.40601e+23	1.85e-09	5.85e-05	1.00e+00
 1.40933e+23	1.95e-09	6.07e-05	1.00e+00
 1.41268e+23	2.08e-09	6.37e-05	1.00e+00
 1.41610e+23	2.20e-09	6.61e-05	1.00e+00
 1.41908e+23	2.30e-09	6.84e-05	1.00e+00
 1.42238e+23	2.45e-09	7.15e-05	1.00e+00
 1.42570e+23	2.56e-09	7.39e-05	1.00e+00
 1.42903e+23	2.71e-09	7.71e-05	1.00e+00
 1.43244e+23	2.84e-09	7.98e-05	1.00e+00
 1.43546e+23	2.96e-09	8.24e-05	1.00e+00
 1.43889e+23	3.13e-09	8.61e-05	1.00e+00
 1.44230e+23	3.26e-09	8.87e-05	1.00e+00
 1.44569e+23	3.44e-09	9.24e-05	1.00e+00
 1.44915e+23	3.58e-09	9.53e-05	1.00e+00
 1.45270e+23	3.77e-09	9.93e-05	1.00e+00
 1.45631e+23	3.92e-09	1.02e-04	1.00e+00
 1.46001e+23	4.14e-09	1.07e-04	1.00e+00
 1.46377e+23	4.31e-09	1.10e-04	1.00e+00
 1.46763e+23	4.53e-09	1.15e-04	1.00e+00
 1.47139e+23	4.70e-09	1.18e-04	1.00e+00
 1.47505e+23	4.93e-09	1.23e-04	1.00e+00
 1.47876e+23	5.11e-09	1.26e-04	1.00e+00
 1.48253e+23	5.36e-09	1.31e-04	1.00e+00
 1.48643e+23	5.57e-09	1.36e-04	1.00e+00
 1.49047e+23	5.85e-09	1.41e-04	1.00e+00
 1.49465e+23	6.09e-09	1.46e-04	1.00e+00
 1.49899e+23	6.40e-09	1.52e-04	1.00e+00
 1.50345e+23	6.68e-09	1.57e-04	1.00e+00
 1.50806e+23	7.04e-09	1.63e-04	1.00e+00
 1.51281e+23	7.35e-09	1.69e-04	1.00e+00
 1.51774e+23	7.76e-09	1.77e-04	1.00e+00
 1.52285e+23	8.13e-09	1.83e-04	1.00e+00
 1.52747e+23	8.50e-09	1.90e-04	1.00e+00
 1.53278e+23	9.00e-09	1.98e-04	1.00e+00
 1.53819e+23	9.43e-09	2.06e-04	1.00e+00
 1.54374e+23	1.00e-08	2.16e-04	1.00e+00
 1.54936e+23	1.05e-08	2.24e-04	1.00e+00
 1.55508e+23	1.11e-08	2.36e-04	1.00e+00
 1.56087e+23	1.16e-08	2.45e-04	1.00e+00
 1.56673e+23	1.23e-08	2.58e-04	1.00e+00
 1.57262e+23	1.29e-08	2.68e-04	1.00e+00
 1.57755e+23	1.35e-08	2.78e-04	1.00e+00
 1.58294e+23	1.41e-08	2.92e-04	1.00e+00
 1.58827e+23	1.47e-08	3.03e-04	1.00e+00
 1.59350e+23	1.54e-08	3.18e-04	1.00e+00
 1.59882e+23	1.60e-08	3.30e-04	1.00e+00
 1.60426e+23	1.67e-08	3.48e-04	1.00e+00
 1.60976e+23	1.73e-08	3.62e-04	1.00e+00
 1.61535e+23	1.81e-08	3.81e-04	1.00e+00
 1.62104e+23	1.87e-08	3.98e-04	1.00e+00
 1.62687e+23	1.94e-08	4.22e-04	1.00e+00
 1.63280e+23	2.00e-08	4.41e-04	1.00e+00
 1.63888e+23	2.07e-08	4.69e-04	1.00e+00
 1.64503e+23	2.12e-08	4.92e-04	1.00e+00
 1.65022e+23	2.17e-08	5.14e-04	9.99e-01
 1.65592e+23	2.21e-08	5.45e-04	9.99e-01
 1.66164e+23	2.25e-08	5.70e-04	9.99e-01
 1.66722e+23	2.28e-08	6.03e-04	9.99e-01
 1.67291e+23	2.31e-08	6.33e-04	9.99e-01
 1.67851e+23	2.33e-08	6.69e-04	9.99e-01
 1.68422e+23	2.35e-08	7.03e-04	9.99e-01
 1.68981e+23	2.36e-08	7.42e-04	9.99e-01
 1.69547e+23	2.37e-08	7.81e-04	9.99e-01
 1.70105e+23	2.38e-08	8.22e-04	9.99e-01
 1.70662e+23	2.39e-08	8.65e-04	9.99e-01
 1.71221e+23	2.39e-08	9.11e-04	9.99e-01
 1.71781e+23	2.41e-08	9.59e-04	9.99e-01
 1.72343e+23	2.42e-08	1.01e-03	9.99e-01
 1.72909e+23	2.45e-08	1.06e-03	9.99e-01
 1.73480e+23	2.48e-08	1.12e-03	9.99e-01
 1.74059e+23	2.53e-08	1.18e-03	9.99e-01
 1.74640e+23	2.59e-08	1.24e-03	9.99e-01
 1.75231e+23	2.67e-08	1.31e-03	9.99e-01
 1.75829e+23	2.77e-08	1.38e-03	9.99e-01
 1.76440e+23	2.88e-08	1.45e-03	9.99e-01
 1.77007e+23	3.00e-08	1.52e-03	9.98e-01
 1.77592e+23	3.18e-08	1.60e-03	9.98e-01
 1.78188e+23	3.34e-08	1.68e-03	9.98e-01
 1.78798e+23	3.58e-08	1.78e-03	9.98e-01
 1.79409e+23	3.80e-08	1.85e-03	9.98e-01
 1.80022e+23	4.11e-08	1.96e-03	9.98e-01
 1.80640e+23	4.39e-08	2.05e-03	9.98e-01
 1.81263e+23	4.79e-08	2.17e-03	9.98e-01
 1.81891e+23	5.14e-08	2.26e-03	9.98e-01
 1.82527e+23	5.66e-08	2.39e-03	9.98e-01
 1.83171e+23	6.11e-08	2.50e-03	9.97e-01
 1.83826e+23	6.76e-08	2.65e-03	9.97e-01
 1.84492e+23	7.33e-08	2.77e-03	9.97e-01
 1.85174e+23	8.17e-08	2.94e-03	9.97e-01
 1.85870e+23	8.90e-08	3.07e-03	9.97e-01
 1.86586e+23	9.98e-08	3.27e-03	9.97e-01
 1.87318e+23	1.09e-07	3.42e-03	9.97e-01
 1.87934e+23	1.19e-07	3.57e-03	9.96e-01
 1.88600e+23	1.32e-07	3.77e-03	9.96e-01
 1.89249e+23	1.42e-07	3.92e-03	9.96e-01
 1.89876e+23	1.57e-07	4.13e-03	9.96e-01
 1.90509e+23	1.70e-07	4.29e-03	9.96e-01
 1.91150e+23	1.88e-07	4.52e-03	9.95e-01
 1.91799e+23	2.03e-07	4.70e-03	9.95e-01
 1.92461e+23	2.25e-07	4.96e-03	9.95e-01
 1.93131e+23	2.44e-07	5.16e-03	9.95e-01
 1.93814e+23	2.72e-07	5.45e-03	9.95e-01
 1.94509e+23	2.94e-07	5.67e-03	9.94e-01
 1.95218e+23	3.29e-07	6.00e-03	9.94e-01
 1.95942e+23	3.58e-07	6.26e-03	9.94e-01
 1.96685e+23	4.01e-07	6.63e-03	9.93e-01
 1.97447e+23	4.39e-07	6.93e-03	9.93e-01
 1.98234e+23	4.94e-07	7.36e-03	9.93e-01
 1.99032e+23	5.41e-07	7.70e-03	9.92e-01
 1.99845e+23	6.11e-07	8.18e-03	9.92e-01
 2.00667e+23	6.70e-07	8.57e-03	9.91e-01
 2.01501e+23	7.58e-07	9.12e-03	9.91e-01
 2.02347e+23	8.33e-07	9.56e-03	9.90e-01
 2.03090e+23	9.16e-07	1.00e-02	9.90e-01
 2.03938e+23	1.03e-06	1.07e-02	9.89e-01
 2.04800e+23	1.14e-06	1.12e-02	9.89e-01
 2.05501e+23	1.24e-06	1.17e-02	9.88e-01
 2.06234e+23	1.37e-06	1.23e-02	9.88e-01
 2.07001e+23	1.50e-06	1.28e-02	9.87e-01
 2.07703e+23	1.63e-06	1.34e-02	9.87e-01
 2.08505e+23	1.82e-06	1.41e-02	9.86e-01
 2.09327e+23	2.01e-06	1.48e-02	9.85e-01
 2.10049e+23	2.19e-06	1.55e-02	9.85e-01
 2.10861e+23	2.44e-06	1.63e-02	9.84e-01
 2.11712e+23	2.70e-06	1.72e-02	9.83e-01
 2.12483e+23	2.96e-06	1.80e-02	9.82e-01
 2.13354e+23	3.32e-06	1.90e-02	9.81e-01
 2.14252e+23	3.69e-06	2.01e-02	9.80e-01
 2.15051e+23	4.05e-06	2.10e-02	9.79e-01
 2.15954e+23	4.57e-06	2.23e-02	9.78e-01
 2.16893e+23	5.09e-06	2.35e-02	9.76e-01
 2.17739e+23	5.62e-06	2.47e-02	9.75e-01
 2.18698e+23	6.40e-06	2.64e-02	9.74e-01
 2.19685e+23	7.14e-06	2.78e-02	9.72e-01
 2.20575e+23	7.93e-06	2.93e-02	9.71e-01
 2.21596e+23	9.09e-06	3.14e-02	9.69e-01
 2.22629e+23	1.02e-05	3.32e-02	9.67e-01
 2.23678e+23	1.17e-05	3.55e-02	9.65e-01
 2.24739e+23	1.31e-05	3.75e-02	9.62e-01
 2.25817e+23	1.51e-05	4.03e-02	9.60e-01
 2.26905e+23	1.70e-05	4.26e-02	9.57e-01
 2.28006e+23	1.97e-05	4.58e-02	9.54e-01
 2.29118e+23	2.21e-05	4.85e-02	9.52e-01
 2.30245e+23	2.56e-05	5.21e-02	9.48e-01
 2.31387e+23	2.89e-05	5.52e-02	9.45e-01
 2.32549e+23	3.36e-05	5.95e-02	9.40e-01
 2.33690e+23	3.77e-05	6.29e-02	9.37e-01
 2.34803e+23	4.36e-05	6.75e-02	9.32e-01
 2.35876e+23	4.82e-05	7.08e-02	9.29e-01
 2.36896e+23	5.52e-05	7.56e-02	9.24e-01
 2.37915e+23	6.10e-05	7.93e-02	9.21e-01
 2.38933e+23	6.93e-05	8.43e-02	9.16e-01
 2.39988e+23	7.77e-05	8.90e-02	9.11e-01
 2.40933e+23	8.62e-05	9.35e-02	9.06e-01
 2.42005e+23	9.85e-05	9.97e-02	9.00e-01
 2.43094e+23	1.10e-04	1.05e-01	8.95e-01
 2.44062e+23	1.22e-04	1.10e-01	8.89e-01
 2.45000e+23	1.35e-04	1.16e-01	8.84e-01
 2.45866e+23	1.48e-04	1.21e-01	8.79e-01
 2.46812e+23	1.66e-04	1.27e-01	8.72e-01
 2.47772e+23	1.82e-04	1.33e-01	8.67e-01
 2.48611e+23	2.00e-04	1.39e-01	8.61e-01
 2.49562e+23	2.23e-04	1.46e-01	8.54e-01
 2.50531e+23	2.45e-04	1.53e-01	8.47e-01
 2.51387e+23	2.68e-04	1.59e-01	8.41e-01
 2.52364e+23	3.00e-04	1.67e-01	8.32e-01
 2.53357e+23	3.29e-04	1.75e-01	8.25e-01
 2.54234e+23	3.61e-04	1.82e-01	8.18e-01
 2.55238e+23	4.04e-04	1.91e-01	8.08e-01
 2.56259e+23	4.43e-04	2.00e-01	8.00e-01
 2.57302e+23	4.97e-04	2.10e-01	7.89e-01
 2.58354e+23	5.47e-04	2.19e-01	7.80e-01
 2.59279e+23	6.00e-04	2.28e-01	7.71e-01
 2.60342e+23	6.75e-04	2.40e-01	7.59e-01
 2.61416e+23	7.39e-04	2.50e-01	7.49e-01
 2.62507e+23	8.30e-04	2.62e-01	7.37e-01
 2.63623e+23	9.16e-04	2.74e-01	7.25e-01
 2.64622e+23	1.01e-03	2.85e-01	7.14e-01
 2.65769e+23	1.13e-03	2.99e-01	7.00e-01
 2.66943e+23	1.25e-03	3.11e-01	6.87e-01
 2.67991e+23	1.38e-03	3.24e-01	6.75e-01
 2.68892e+23	1.47e-03	3.33e-01	6.66e-01
 2.69765e+23	1.61e-03	3.45e-01	6.54e-01
 2.70653e+23	1.73e-03	3.55e-01	6.44e-01
 2.71559e+23	1.89e-03	3.67e-01	6.31e-01
 2.72478e+23	2.03e-03	3.78e-01	6.20e-01
 2.73411e+23	2.23e-03	3.91e-01	6.07e-01
 2.74354e+23	2.39e-03	4.02e-01	5.95e-01
 2.75312e+23	2.62e-03	4.16e-01	5.81e-01
 2.76283e+23	2.82e-03	4.28e-01	5.69e-01
 2.77272e+23	3.09e-03	4.43e-01	5.54e-01
 2.78278e+23	3.34e-03	4.55e-01	5.42e-01
 2.79305e+23	3.67e-03	4.71e-01	5.25e-01
 2.80345e+23	3.95e-03	4.83e-01	5.13e-01
 2.81401e+23	4.35e-03	5.00e-01	4.96e-01
 2.82488e+23	4.71e-03	5.14e-01	4.81e-01
 2.83614e+23	5.22e-03	5.32e-01	4.63e-01
 2.84744e+23	5.64e-03	5.46e-01	4.49e-01
 2.85880e+23	6.23e-03	5.64e-01	4.30e-01
 2.87031e+23	6.74e-03	5.78e-01	4.15e-01
 2.88203e+23	7.45e-03	5.97e-01	3.96e-01
 2.89396e+23	8.09e-03	6.12e-01	3.80e-01
 2.90615e+23	8.97e-03	6.32e-01	3.59e-01
 2.91844e+23	9.76e-03	6.47e-01	3.43e-01
 2.93086e+23	1.08e-02	6.67e-01	3.22e-01
 2.94345e+23	1.18e-02	6.83e-01	3.05e-01
 2.95625e+23	1.32e-02	7.03e-01	2.84e-01
 2.96922e+23	1.44e-02	7.19e-01	2.66e-01
 2.98241e+23	1.62e-02	7.39e-01	2.45e-01
 2.99573e+23	1.77e-02	7.55e-01	2.27e-01
 3.00922e+23	2.00e-02	7.74e-01	2.06e-01
 3.02291e+23	2.20e-02	7.89e-01	1.89e-01
 3.03685e+23	2.49e-02	8.06e-01	1.69e-01
 3.05111e+23	2.77e-02	8.21e-01	1.52e-01
 3.06372e+23	3.08e-02	8.33e-01	1.37e-01
 3.07462e+23	3.36e-02	8.42e-01	1.25e-01
 3.08248e+23	3.58e-02	8.47e-01	1.17e-01
