#depth	Si	Si+	Si+2	Si+3	Si+4	Si+5	Si+6	Si+7	Si+8	Si+9	Si+10	Si+11	Si+12	Si+13	Si+14
 1.54284e+22	0.00e+00	0.00e+00	0.00e+00	0.00e+00	0.00e+00	0.00e+00	2.71e-26	2.86e-22	1.31e-18	2.85e-15	3.98e-12	5.57e-09	1.84e-05	7.82e-03	9.92e-01
 3.46795e+22	0.00e+00	0.00e+00	0.00e+00	0.00e+00	0.00e+00	3.32e-29	7.03e-25	4.90e-21	1.51e-17	2.24e-14	2.07e-11	1.92e-08	4.18e-05	1.18e-02	9.88e-01
 4.07859e+22	0.00e+00	0.00e+00	0.00e+00	0.00e+00	0.00e+00	2.92e-28	4.85e-24	2.65e-20	6.36e-17	7.42e-14	5.40e-11	3.93e-08	6.75e-05	1.49e-02	9.85e-01
 4.48964e+22	0.00e+00	0.00e+00	0.00e+00	0.00e+00	0.00e+00	1.64e-27	2.25e-23	1.01e-19	2.00e-16	1.92e-13	1.16e-10	6.96e-08	9.87e-05	1.80e-02	9.82e-01
 4.71800e+22	0.00e+00	0.00e+00	0.00e+00	0.00e+00	5.92e-32	2.55e-27	3.31e-23	1.42e-19	2.67e-16	2.45e-13	1.40e-10	8.04e-08	1.09e-04	1.89e-02	9.81e-01
 4.82304e+22	0.00e+00	0.00e+00	0.00e+00	0.00e+00	1.07e-31	4.35e-27	5.33e-23	2.16e-19	3.82e-16	3.29e-13	1.78e-10	9.61e-08	1.22e-04	2.01e-02	9.80e-01
 4.93784e+22	0.00e+00	0.00e+00	0.00e+00	0.00e+00	1.92e-31	7.35e-27	8.48e-23	3.24e-19	5.41e-16	4.39e-13	2.24e-10	1.14e-07	1.37e-04	2.12e-02	9.79e-01
 5.04754e+22	0.00e+00	0.00e+00	0.00e+00	0.00e+00	3.35e-31	1.21e-26	1.32e-22	4.76e-19	7.52e-16	5.78e-13	2.79e-10	1.35e-07	1.53e-04	2.24e-02	9.77e-01
 5.17235e+22	0.00e+00	0.00e+00	0.00e+00	0.00e+00	6.89e-31	2.31e-26	2.35e-22	7.87e-19	1.16e-15	8.26e-13	3.71e-10	1.67e-07	1.76e-04	2.41e-02	9.76e-01
 5.29654e+22	0.00e+00	0.00e+00	0.00e+00	0.00e+00	1.22e-30	3.86e-26	3.70e-22	1.17e-18	1.62e-15	1.09e-12	4.65e-10	1.97e-07	1.97e-04	2.54e-02	9.74e-01
 5.40377e+22	0.00e+00	0.00e+00	0.00e+00	0.00e+00	2.12e-30	6.36e-26	5.76e-22	1.72e-18	2.26e-15	1.44e-12	5.79e-10	2.33e-07	2.20e-04	2.68e-02	9.73e-01
 5.50188e+22	0.00e+00	0.00e+00	0.00e+00	0.00e+00	3.46e-30	9.88e-26	8.51e-22	2.43e-18	3.02e-15	1.83e-12	7.03e-10	2.69e-07	2.43e-04	2.81e-02	9.72e-01
 5.58918e+22	0.00e+00	0.00e+00	0.00e+00	0.00e+00	5.44e-30	1.48e-25	1.22e-21	3.32e-18	3.95e-15	2.29e-12	8.40e-10	3.07e-07	2.65e-04	2.94e-02	9.70e-01
 5.68754e+22	0.00e+00	0.00e+00	0.00e+00	0.00e+00	9.29e-30	2.40e-25	1.87e-21	4.82e-18	5.43e-15	2.98e-12	1.04e-09	3.60e-07	2.94e-04	3.10e-02	9.69e-01
 5.79284e+22	0.00e+00	0.00e+00	0.00e+00	0.00e+00	1.56e-29	3.83e-25	2.83e-21	6.93e-18	7.40e-15	3.86e-12	1.27e-09	4.20e-07	3.26e-04	3.26e-02	9.67e-01
 5.88677e+22	0.00e+00	0.00e+00	0.00e+00	0.00e+00	2.52e-29	5.88e-25	4.15e-21	9.66e-18	9.83e-15	4.89e-12	1.54e-09	4.83e-07	3.58e-04	3.41e-02	9.66e-01
 5.97477e+22	0.00e+00	0.00e+00	0.00e+00	0.00e+00	3.97e-29	8.86e-25	5.96e-21	1.33e-17	1.29e-14	6.12e-12	1.84e-09	5.53e-07	3.92e-04	3.56e-02	9.64e-01
 6.07543e+22	0.00e+00	0.00e+00	0.00e+00	0.00e+00	6.85e-29	1.44e-24	9.20e-21	1.94e-17	1.78e-14	7.99e-12	2.28e-09	6.49e-07	4.36e-04	3.75e-02	9.62e-01
 6.18234e+22	0.00e+00	0.00e+00	0.00e+00	0.00e+00	1.16e-28	2.32e-24	1.40e-20	2.80e-17	2.44e-14	1.04e-11	2.81e-09	7.59e-07	4.83e-04	3.95e-02	9.60e-01
 6.27598e+22	0.00e+00	0.00e+00	0.00e+00	0.00e+00	1.86e-28	3.55e-24	2.05e-20	3.89e-17	3.23e-14	1.31e-11	3.39e-09	8.73e-07	5.30e-04	4.13e-02	9.58e-01
 6.37631e+22	0.00e+00	0.00e+00	0.00e+00	0.00e+00	3.23e-28	5.82e-24	3.17e-20	5.70e-17	4.47e-14	1.72e-11	4.20e-09	1.03e-06	5.90e-04	4.36e-02	9.56e-01
 6.47386e+22	0.00e+00	0.00e+00	0.00e+00	0.00e+00	5.10e-28	8.78e-24	4.57e-20	7.84e-17	5.87e-14	2.15e-11	5.04e-09	1.17e-06	6.45e-04	4.55e-02	9.54e-01
 6.55090e+22	0.00e+00	0.00e+00	0.00e+00	7.58e-33	7.54e-28	1.25e-23	6.24e-20	1.03e-16	7.41e-14	2.61e-11	5.88e-09	1.32e-06	6.96e-04	4.72e-02	9.52e-01
 6.63416e+22	0.00e+00	0.00e+00	0.00e+00	1.24e-32	1.18e-27	1.86e-23	8.90e-20	1.40e-16	9.64e-14	3.25e-11	7.00e-09	1.50e-06	7.59e-04	4.93e-02	9.50e-01
 6.72530e+22	0.00e+00	0.00e+00	0.00e+00	2.05e-32	1.86e-27	2.81e-23	1.28e-19	1.93e-16	1.27e-13	4.07e-11	8.39e-09	1.72e-06	8.31e-04	5.15e-02	9.48e-01
 6.80766e+22	0.00e+00	0.00e+00	0.00e+00	3.18e-32	2.77e-27	4.02e-23	1.76e-19	2.55e-16	1.60e-13	4.96e-11	9.82e-09	1.93e-06	8.97e-04	5.34e-02	9.46e-01
 6.89570e+22	0.00e+00	0.00e+00	0.00e+00	5.35e-32	4.45e-27	6.15e-23	2.57e-19	3.54e-16	2.12e-13	6.25e-11	1.18e-08	2.22e-06	9.84e-04	5.59e-02	9.43e-01
 6.98827e+22	0.00e+00	0.00e+00	0.00e+00	8.82e-32	7.01e-27	9.26e-23	3.70e-19	4.86e-16	2.78e-13	7.83e-11	1.41e-08	2.54e-06	1.07e-03	5.83e-02	9.41e-01
 7.06971e+22	0.00e+00	0.00e+00	0.00e+00	1.38e-31	1.05e-26	1.33e-22	5.12e-19	6.46e-16	3.55e-13	9.57e-11	1.66e-08	2.86e-06	1.16e-03	6.06e-02	9.38e-01
 7.15856e+22	0.00e+00	0.00e+00	0.00e+00	2.34e-31	1.70e-26	2.06e-22	7.51e-19	9.02e-16	4.71e-13	1.21e-10	2.01e-08	3.29e-06	1.28e-03	6.34e-02	9.35e-01
 7.24510e+22	0.00e+00	0.00e+00	0.00e+00	3.66e-31	2.56e-26	2.96e-22	1.04e-18	1.20e-15	6.01e-13	1.48e-10	2.35e-08	3.71e-06	1.38e-03	6.59e-02	9.33e-01
 7.31310e+22	0.00e+00	0.00e+00	0.00e+00	5.31e-31	3.59e-26	4.02e-22	1.36e-18	1.52e-15	7.34e-13	1.75e-10	2.69e-08	4.10e-06	1.48e-03	6.80e-02	9.31e-01
 7.38598e+22	0.00e+00	0.00e+00	0.00e+00	8.16e-31	5.30e-26	5.70e-22	1.86e-18	1.99e-15	9.25e-13	2.12e-10	3.13e-08	4.59e-06	1.59e-03	7.05e-02	9.28e-01
 7.46598e+22	0.00e+00	0.00e+00	0.00e+00	1.25e-30	7.80e-26	8.08e-22	2.53e-18	2.60e-15	1.16e-12	2.56e-10	3.65e-08	5.14e-06	1.71e-03	7.31e-02	9.25e-01
 7.54174e+22	0.00e+00	0.00e+00	0.00e+00	1.89e-30	1.14e-25	1.13e-21	3.42e-18	3.39e-15	1.46e-12	3.09e-10	4.23e-08	5.75e-06	1.84e-03	7.57e-02	9.22e-01
 7.61515e+22	0.00e+00	0.00e+00	0.00e+00	2.86e-30	1.66e-25	1.59e-21	4.62e-18	4.40e-15	1.82e-12	3.71e-10	4.91e-08	6.42e-06	1.98e-03	7.84e-02	9.20e-01
 7.68626e+22	0.00e+00	0.00e+00	0.00e+00	4.23e-30	2.37e-25	2.19e-21	6.13e-18	5.63e-15	2.25e-12	4.42e-10	5.64e-08	7.12e-06	2.12e-03	8.10e-02	9.17e-01
 7.76602e+22	0.00e+00	0.00e+00	0.00e+00	6.75e-30	3.62e-25	3.21e-21	8.60e-18	7.57e-15	2.89e-12	5.45e-10	6.66e-08	8.06e-06	2.30e-03	8.42e-02	9.13e-01
 7.84940e+22	0.00e+00	0.00e+00	0.00e+00	1.06e-29	5.43e-25	4.62e-21	1.19e-17	1.00e-14	3.68e-12	6.66e-10	7.81e-08	9.08e-06	2.49e-03	8.74e-02	9.10e-01
 7.92194e+22	0.00e+00	0.00e+00	0.00e+00	1.57e-29	7.81e-25	6.41e-21	1.59e-17	1.29e-14	4.57e-12	7.96e-10	9.01e-08	1.01e-05	2.67e-03	9.04e-02	9.07e-01
 7.98631e+22	0.00e+00	0.00e+00	0.00e+00	2.24e-29	1.08e-24	8.56e-21	2.05e-17	1.62e-14	5.53e-12	9.32e-10	1.02e-07	1.11e-05	2.84e-03	9.31e-02	9.04e-01
 8.05564e+22	0.00e+00	0.00e+00	0.00e+00	3.34e-29	1.55e-24	1.19e-20	2.74e-17	2.08e-14	6.85e-12	1.11e-09	1.18e-07	1.23e-05	3.05e-03	9.62e-02	9.01e-01
 8.13042e+22	0.00e+00	0.00e+00	0.00e+00	4.98e-29	2.23e-24	1.64e-20	3.67e-17	2.68e-14	8.51e-12	1.33e-09	1.36e-07	1.37e-05	3.27e-03	9.94e-02	8.97e-01
 8.19832e+22	0.00e+00	0.00e+00	0.00e+00	7.19e-29	3.11e-24	2.22e-20	4.79e-17	3.39e-14	1.04e-11	1.57e-09	1.55e-07	1.51e-05	3.48e-03	1.02e-01	8.94e-01
 8.27260e+22	0.00e+00	0.00e+00	3.86e-33	1.11e-28	4.63e-24	3.17e-20	6.57e-17	4.46e-14	1.31e-11	1.91e-09	1.81e-07	1.70e-05	3.76e-03	1.06e-01	8.90e-01
 8.35021e+22	0.00e+00	0.00e+00	6.05e-33	1.68e-28	6.75e-24	4.46e-20	8.89e-17	5.81e-14	1.64e-11	2.30e-09	2.10e-07	1.89e-05	4.04e-03	1.10e-01	8.86e-01
 8.41582e+22	0.00e+00	0.00e+00	8.91e-33	2.40e-28	9.33e-24	5.96e-20	1.15e-16	7.27e-14	1.99e-11	2.70e-09	2.38e-07	2.08e-05	4.29e-03	1.13e-01	8.83e-01
 8.48478e+22	0.00e+00	0.00e+00	1.38e-32	3.60e-28	1.35e-23	8.30e-20	1.54e-16	9.39e-14	2.48e-11	3.23e-09	2.75e-07	2.31e-05	4.60e-03	1.17e-01	8.79e-01
 8.55851e+22	0.00e+00	0.00e+00	2.11e-32	5.34e-28	1.93e-23	1.14e-19	2.05e-16	1.21e-13	3.06e-11	3.85e-09	3.17e-07	2.57e-05	4.93e-03	1.21e-01	8.74e-01
 8.62534e+22	0.00e+00	0.00e+00	3.13e-32	7.67e-28	2.68e-23	1.54e-19	2.67e-16	1.52e-13	3.73e-11	4.53e-09	3.60e-07	2.83e-05	5.25e-03	1.24e-01	8.71e-01
 8.69910e+22	0.00e+00	0.00e+00	5.00e-32	1.18e-27	3.97e-23	2.19e-19	3.66e-16	1.99e-13	4.70e-11	5.49e-09	4.20e-07	3.17e-05	5.65e-03	1.28e-01	8.66e-01
 8.77652e+22	0.00e+00	0.00e+00	7.82e-32	1.78e-27	5.79e-23	3.07e-19	4.93e-16	2.59e-13	5.88e-11	6.60e-09	4.86e-07	3.53e-05	6.07e-03	1.33e-01	8.61e-01
 8.84129e+22	0.00e+00	0.00e+00	1.14e-31	2.53e-27	7.95e-23	4.09e-19	6.36e-16	3.23e-13	7.10e-11	7.72e-09	5.51e-07	3.87e-05	6.44e-03	1.36e-01	8.57e-01
 8.89914e+22	0.00e+00	0.00e+00	1.59e-31	3.44e-27	1.05e-22	5.27e-19	7.96e-16	3.93e-13	8.39e-11	8.86e-09	6.15e-07	4.20e-05	6.79e-03	1.40e-01	8.53e-01
 8.96540e+22	0.00e+00	0.00e+00	2.42e-31	5.07e-27	1.50e-22	7.23e-19	1.05e-15	5.02e-13	1.03e-10	1.05e-08	7.05e-07	4.65e-05	7.26e-03	1.44e-01	8.49e-01
 9.03718e+22	0.00e+00	0.00e+00	3.68e-31	7.45e-27	2.13e-22	9.91e-19	1.40e-15	6.41e-13	1.27e-10	1.25e-08	8.09e-07	5.14e-05	7.75e-03	1.49e-01	8.44e-01
 9.10350e+22	0.00e+00	0.00e+00	5.47e-31	1.07e-26	2.97e-22	1.34e-18	1.82e-15	8.09e-13	1.55e-10	1.47e-08	9.21e-07	5.66e-05	8.25e-03	1.53e-01	8.39e-01
 9.17710e+22	0.00e+00	0.00e+00	8.75e-31	1.65e-26	4.40e-22	1.91e-18	2.49e-15	1.06e-12	1.96e-10	1.79e-08	1.07e-06	6.35e-05	8.88e-03	1.58e-01	8.33e-01
 9.25188e+22	0.00e+00	0.00e+00	1.35e-30	2.46e-26	6.33e-22	2.64e-18	3.33e-15	1.37e-12	2.43e-10	2.14e-08	1.24e-06	7.05e-05	9.51e-03	1.63e-01	8.27e-01
 9.31327e+22	0.00e+00	0.00e+00	1.94e-30	3.44e-26	8.58e-22	3.47e-18	4.25e-15	1.69e-12	2.92e-10	2.49e-08	1.39e-06	7.69e-05	1.01e-02	1.67e-01	8.23e-01
 9.37815e+22	0.00e+00	0.00e+00	2.93e-30	5.04e-26	1.22e-21	4.75e-18	5.61e-15	2.16e-12	3.58e-10	2.95e-08	1.60e-06	8.50e-05	1.07e-02	1.72e-01	8.17e-01
 9.44863e+22	0.00e+00	0.00e+00	4.43e-30	7.38e-26	1.72e-21	6.50e-18	7.41e-15	2.75e-12	4.41e-10	3.50e-08	1.83e-06	9.40e-05	1.14e-02	1.77e-01	8.11e-01
 9.51401e+22	0.00e+00	0.00e+00	6.50e-30	1.05e-25	2.38e-21	8.68e-18	9.58e-15	3.44e-12	5.34e-10	4.10e-08	2.07e-06	1.03e-04	1.22e-02	1.82e-01	8.06e-01
 9.58663e+22	0.00e+00	0.00e+00	1.03e-29	1.61e-25	3.51e-21	1.23e-17	1.31e-14	4.52e-12	6.74e-10	4.97e-08	2.41e-06	1.15e-04	1.31e-02	1.88e-01	7.99e-01
 9.66283e+22	0.00e+00	0.00e+00	1.64e-29	2.46e-25	5.17e-21	1.75e-17	1.78e-14	5.92e-12	8.48e-10	6.01e-08	2.81e-06	1.29e-04	1.40e-02	1.94e-01	7.92e-01
 9.72582e+22	0.00e+00	0.00e+00	2.34e-29	3.42e-25	6.97e-21	2.29e-17	2.26e-14	7.29e-12	1.01e-09	6.96e-08	3.15e-06	1.40e-04	1.48e-02	1.98e-01	7.87e-01
 9.78987e+22	0.00e+00	0.00e+00	3.56e-29	5.03e-25	9.92e-21	3.14e-17	3.00e-14	9.32e-12	1.25e-09	8.29e-08	3.62e-06	1.55e-04	1.58e-02	2.04e-01	7.80e-01
 9.85884e+22	0.00e+00	0.00e+00	5.34e-29	7.32e-25	1.40e-20	4.27e-17	3.94e-14	1.18e-11	1.53e-09	9.81e-08	4.13e-06	1.71e-04	1.68e-02	2.10e-01	7.73e-01
 9.92289e+22	0.00e+00	1.19e-33	7.85e-29	1.04e-24	1.93e-20	5.72e-17	5.11e-14	1.48e-11	1.86e-09	1.15e-07	4.69e-06	1.88e-04	1.78e-02	2.15e-01	7.67e-01
 9.99483e+22	0.00e+00	2.05e-33	1.30e-28	1.66e-24	2.95e-20	8.37e-17	7.16e-14	1.99e-11	2.39e-09	1.42e-07	5.53e-06	2.12e-04	1.93e-02	2.22e-01	7.58e-01
 1.00638e+23	0.00e+00	3.04e-33	1.88e-28	2.32e-24	4.02e-20	1.10e-16	9.17e-14	2.47e-11	2.87e-09	1.65e-07	6.23e-06	2.31e-04	2.04e-02	2.27e-01	7.52e-01
 1.01291e+23	0.00e+00	3.52e-33	2.10e-28	2.51e-24	5.82e-20	1.54e-16	1.23e-13	3.20e-11	3.58e-09	1.98e-07	7.20e-06	2.57e-04	2.18e-02	2.34e-01	7.44e-01
 1.01968e+23	0.00e+00	5.40e-33	3.13e-28	3.62e-24	8.13e-20	2.08e-16	1.61e-13	4.04e-11	4.37e-09	2.34e-07	8.20e-06	2.83e-04	2.31e-02	2.40e-01	7.37e-01
 1.02573e+23	0.00e+00	8.01e-33	4.53e-28	5.08e-24	1.11e-19	2.75e-16	2.06e-13	5.01e-11	5.26e-09	2.72e-07	9.24e-06	3.09e-04	2.45e-02	2.45e-01	7.30e-01
 1.03252e+23	0.00e+00	1.33e-32	7.26e-28	7.84e-24	1.64e-19	3.92e-16	2.83e-13	6.60e-11	6.66e-09	3.31e-07	1.08e-05	3.45e-04	2.62e-02	2.53e-01	7.21e-01
 1.03950e+23	0.00e+00	2.06e-32	1.09e-27	1.14e-23	2.31e-19	5.33e-16	3.71e-13	8.38e-11	8.16e-09	3.92e-07	1.23e-05	3.80e-04	2.79e-02	2.59e-01	7.13e-01
 1.04547e+23	0.00e+00	3.10e-32	1.59e-27	1.61e-23	3.17e-19	7.09e-16	4.78e-13	1.05e-10	9.86e-09	4.58e-07	1.39e-05	4.16e-04	2.95e-02	2.65e-01	7.05e-01
 1.05108e+23	0.00e+00	4.54e-32	2.27e-27	2.23e-23	4.27e-19	9.27e-16	6.06e-13	1.29e-10	1.18e-08	5.31e-07	1.56e-05	4.52e-04	3.11e-02	2.71e-01	6.98e-01
 1.05749e+23	0.00e+00	7.37e-32	3.56e-27	3.37e-23	6.23e-19	1.30e-15	8.19e-13	1.67e-10	1.47e-08	6.39e-07	1.81e-05	5.03e-04	3.32e-02	2.78e-01	6.89e-01
 1.06410e+23	0.00e+00	1.14e-31	5.34e-27	4.88e-23	8.72e-19	1.76e-15	1.07e-12	2.12e-10	1.80e-08	7.56e-07	2.06e-05	5.53e-04	3.52e-02	2.84e-01	6.80e-01
 1.06992e+23	0.00e+00	1.72e-31	7.84e-27	6.93e-23	1.20e-18	2.35e-15	1.39e-12	2.65e-10	2.19e-08	8.86e-07	2.33e-05	6.05e-04	3.73e-02	2.90e-01	6.72e-01
 1.07643e+23	0.00e+00	2.86e-31	1.25e-26	1.07e-22	1.78e-18	3.35e-15	1.90e-12	3.49e-10	2.77e-08	1.08e-06	2.71e-05	6.75e-04	3.99e-02	2.98e-01	6.61e-01
 1.08287e+23	0.00e+00	4.36e-31	1.86e-26	1.52e-22	2.47e-18	4.49e-15	2.46e-12	4.38e-10	3.37e-08	1.27e-06	3.08e-05	7.40e-04	4.22e-02	3.05e-01	6.52e-01
 1.08821e+23	0.00e+00	6.37e-31	2.64e-26	2.10e-22	3.31e-18	5.85e-15	3.11e-12	5.38e-10	4.01e-08	1.46e-06	3.45e-05	8.03e-04	4.44e-02	3.10e-01	6.44e-01
 1.09414e+23	0.00e+00	1.02e-30	4.06e-26	3.12e-22	4.75e-18	8.10e-15	4.15e-12	6.92e-10	4.98e-08	1.75e-06	3.96e-05	8.88e-04	4.72e-02	3.18e-01	6.34e-01
 1.10035e+23	0.00e+00	1.56e-30	6.05e-26	4.48e-22	6.62e-18	1.09e-14	5.42e-12	8.72e-10	6.08e-08	2.07e-06	4.50e-05	9.74e-04	4.99e-02	3.24e-01	6.25e-01
 1.10591e+23	0.00e+00	2.33e-30	8.76e-26	6.28e-22	9.02e-18	1.44e-14	6.94e-12	1.08e-09	7.31e-08	2.41e-06	5.07e-05	1.06e-03	5.26e-02	3.30e-01	6.16e-01
 1.11211e+23	0.00e+00	3.87e-30	1.40e-25	9.63e-22	1.33e-17	2.05e-14	9.48e-12	1.42e-09	9.24e-08	2.92e-06	5.89e-05	1.18e-03	5.62e-02	3.38e-01	6.05e-01
 1.11844e+23	0.00e+00	6.00e-30	2.10e-25	1.39e-21	1.87e-17	2.78e-14	1.24e-11	1.80e-09	1.13e-07	3.46e-06	6.71e-05	1.30e-03	5.94e-02	3.45e-01	5.94e-01
 1.12380e+23	0.00e+00	8.95e-30	3.04e-25	1.95e-21	2.54e-17	3.66e-14	1.59e-11	2.23e-09	1.36e-07	4.03e-06	7.56e-05	1.41e-03	6.25e-02	3.51e-01	5.85e-01
 1.12884e+23	0.00e+00	1.29e-29	4.25e-25	2.65e-21	3.37e-17	4.72e-14	1.99e-11	2.72e-09	1.61e-07	4.63e-06	8.41e-05	1.52e-03	6.55e-02	3.56e-01	5.77e-01
 1.13462e+23	0.00e+00	2.08e-29	6.65e-25	3.97e-21	4.88e-17	6.59e-14	2.67e-11	3.52e-09	2.01e-07	5.57e-06	9.70e-05	1.69e-03	6.96e-02	3.64e-01	5.65e-01
 1.14055e+23	0.00e+00	3.18e-29	9.82e-25	5.66e-21	6.76e-17	8.83e-14	3.47e-11	4.42e-09	2.45e-07	6.55e-06	1.10e-04	1.84e-03	7.34e-02	3.70e-01	5.55e-01
 1.14578e+23	0.00e+00	3.89e-29	1.16e-24	7.92e-21	9.20e-17	1.16e-13	4.44e-11	5.48e-09	2.94e-07	7.63e-06	1.24e-04	2.00e-03	7.71e-02	3.76e-01	5.45e-01
 1.15166e+23	0.00e+00	6.41e-29	1.85e-24	1.20e-20	1.35e-16	1.65e-13	6.03e-11	7.17e-09	3.71e-07	9.23e-06	1.43e-04	2.22e-03	8.20e-02	3.83e-01	5.33e-01
 1.15752e+23	0.00e+00	9.57e-29	2.67e-24	1.68e-20	1.84e-16	2.17e-13	7.70e-11	8.88e-09	4.46e-07	1.07e-05	1.61e-04	2.41e-03	8.61e-02	3.89e-01	5.23e-01
 1.16255e+23	0.00e+00	1.43e-28	3.88e-24	2.35e-20	2.50e-16	2.86e-13	9.86e-11	1.10e-08	5.37e-07	1.25e-05	1.81e-04	2.62e-03	9.04e-02	3.94e-01	5.13e-01
 1.16830e+23	0.00e+00	2.34e-28	6.09e-24	3.54e-20	3.63e-16	4.01e-13	1.33e-10	1.43e-08	6.72e-07	1.51e-05	2.09e-04	2.90e-03	9.58e-02	4.01e-01	5.00e-01
 1.17412e+23	0.00e+00	3.52e-28	8.88e-24	4.98e-20	4.97e-16	5.32e-13	1.71e-10	1.78e-08	8.11e-07	1.76e-05	2.35e-04	3.15e-03	1.01e-01	4.06e-01	4.90e-01
 1.17918e+23	0.00e+00	5.26e-28	1.29e-23	6.95e-20	6.75e-16	7.01e-13	2.18e-10	2.21e-08	9.75e-07	2.05e-05	2.64e-04	3.42e-03	1.05e-01	4.12e-01	4.79e-01
 1.18492e+23	0.00e+00	8.76e-28	2.06e-23	1.06e-19	9.96e-16	9.95e-13	2.98e-10	2.90e-08	1.23e-06	2.49e-05	3.05e-04	3.79e-03	1.12e-01	4.18e-01	4.66e-01
 1.19068e+23	0.00e+00	1.31e-27	2.97e-23	1.48e-19	1.35e-15	1.31e-12	3.80e-10	3.59e-08	1.48e-06	2.90e-05	3.43e-04	4.11e-03	1.17e-01	4.23e-01	4.56e-01
 1.19568e+23	0.00e+00	1.95e-27	4.29e-23	2.06e-19	1.83e-15	1.72e-12	4.85e-10	4.44e-08	1.78e-06	3.37e-05	3.85e-04	4.45e-03	1.22e-01	4.27e-01	4.45e-01
 1.20136e+23	0.00e+00	3.16e-27	6.71e-23	3.08e-19	2.65e-15	2.40e-12	6.52e-10	5.74e-08	2.22e-06	4.04e-05	4.42e-04	4.90e-03	1.29e-01	4.33e-01	4.33e-01
 1.20721e+23	0.00e+00	4.94e-27	1.01e-22	4.44e-19	3.72e-15	3.26e-12	8.55e-10	7.28e-08	2.72e-06	4.79e-05	5.02e-04	5.35e-03	1.36e-01	4.37e-01	4.21e-01
 1.21227e+23	0.00e+00	7.30e-27	1.45e-22	6.14e-19	5.01e-15	4.27e-12	1.09e-09	8.97e-08	3.25e-06	5.55e-05	5.61e-04	5.78e-03	1.42e-01	4.41e-01	4.10e-01
 1.21786e+23	0.00e+00	1.18e-26	2.26e-22	9.16e-19	7.25e-15	5.95e-12	1.46e-09	1.16e-07	4.06e-06	6.66e-05	6.44e-04	6.35e-03	1.49e-01	4.46e-01	3.98e-01
 1.22357e+23	0.00e+00	1.81e-26	3.34e-22	1.30e-18	1.00e-14	7.95e-12	1.89e-09	1.45e-07	4.93e-06	7.81e-05	7.27e-04	6.90e-03	1.56e-01	4.49e-01	3.86e-01
 1.22841e+23	0.00e+00	2.62e-26	4.69e-22	1.76e-18	1.33e-14	1.03e-11	2.36e-09	1.77e-07	5.84e-06	8.98e-05	8.07e-04	7.41e-03	1.63e-01	4.52e-01	3.77e-01
 1.23367e+23	0.00e+00	4.20e-26	7.22e-22	2.60e-18	1.89e-14	1.41e-11	3.15e-09	2.27e-07	7.24e-06	1.07e-04	9.22e-04	8.11e-03	1.71e-01	4.56e-01	3.64e-01
 1.23906e+23	0.00e+00	6.33e-26	1.05e-21	3.63e-18	2.58e-14	1.87e-11	4.03e-09	2.83e-07	8.73e-06	1.25e-04	1.03e-03	8.77e-03	1.78e-01	4.58e-01	3.53e-01
 1.24345e+23	0.00e+00	8.79e-26	1.42e-21	4.75e-18	3.31e-14	2.34e-11	4.93e-09	3.36e-07	1.01e-05	1.41e-04	1.13e-03	9.34e-03	1.84e-01	4.60e-01	3.45e-01
 1.24796e+23	0.00e+00	1.32e-25	2.07e-21	6.64e-18	4.52e-14	3.10e-11	6.32e-09	4.18e-07	1.22e-05	1.65e-04	1.27e-03	1.01e-02	1.92e-01	4.62e-01	3.34e-01
 1.25230e+23	0.00e+00	1.80e-25	2.74e-21	8.52e-18	5.69e-14	3.82e-11	7.61e-09	4.92e-07	1.41e-05	1.85e-04	1.39e-03	1.07e-02	1.98e-01	4.64e-01	3.26e-01
 1.25580e+23	0.00e+00	2.43e-25	3.60e-21	1.09e-17	7.14e-14	4.69e-11	9.13e-09	5.77e-07	1.61e-05	2.07e-04	1.51e-03	1.13e-02	2.04e-01	4.65e-01	3.18e-01
 1.25924e+23	0.00e+00	3.24e-25	4.67e-21	1.37e-17	8.85e-14	5.69e-11	1.08e-08	6.71e-07	1.84e-05	2.30e-04	1.63e-03	1.19e-02	2.09e-01	4.66e-01	3.11e-01
 1.26260e+23	0.00e+00	4.23e-25	5.97e-21	1.70e-17	1.08e-13	6.82e-11	1.28e-08	7.73e-07	2.08e-05	2.55e-04	1.76e-03	1.25e-02	2.15e-01	4.66e-01	3.04e-01
 1.26639e+23	0.00e+00	6.04e-25	8.25e-21	2.27e-17	1.41e-13	8.69e-11	1.58e-08	9.34e-07	2.44e-05	2.91e-04	1.94e-03	1.34e-02	2.22e-01	4.67e-01	2.95e-01
 1.27015e+23	0.00e+00	8.03e-25	1.07e-20	2.86e-17	1.75e-13	1.05e-10	1.88e-08	1.09e-06	2.78e-05	3.24e-04	2.10e-03	1.41e-02	2.28e-01	4.67e-01	2.88e-01
 1.27337e+23	0.00e+00	1.06e-24	1.37e-20	3.56e-17	2.15e-13	1.27e-10	2.22e-08	1.25e-06	3.15e-05	3.59e-04	2.27e-03	1.48e-02	2.34e-01	4.68e-01	2.81e-01
 1.27645e+23	0.00e+00	1.37e-24	1.74e-20	4.40e-17	2.61e-13	1.52e-10	2.60e-08	1.44e-06	3.56e-05	3.96e-04	2.44e-03	1.55e-02	2.40e-01	4.68e-01	2.74e-01
 1.27942e+23	0.00e+00	1.76e-24	2.18e-20	5.36e-17	3.14e-13	1.79e-10	3.02e-08	1.64e-06	3.98e-05	4.34e-04	2.61e-03	1.62e-02	2.45e-01	4.67e-01	2.68e-01
 1.28281e+23	0.00e+00	2.43e-24	2.92e-20	6.95e-17	4.01e-13	2.23e-10	3.67e-08	1.95e-06	4.62e-05	4.90e-04	2.86e-03	1.72e-02	2.52e-01	4.67e-01	2.60e-01
 1.28625e+23	0.00e+00	3.15e-24	3.70e-20	8.56e-17	4.87e-13	2.66e-10	4.30e-08	2.24e-06	5.20e-05	5.40e-04	3.07e-03	1.80e-02	2.58e-01	4.66e-01	2.54e-01
 1.28974e+23	0.00e+00	4.47e-24	5.08e-20	1.13e-16	6.31e-13	3.37e-10	5.31e-08	2.69e-06	6.10e-05	6.16e-04	3.38e-03	1.92e-02	2.66e-01	4.65e-01	2.45e-01
 1.29317e+23	0.00e+00	5.78e-24	6.41e-20	1.39e-16	7.64e-13	4.01e-10	6.20e-08	3.09e-06	6.86e-05	6.78e-04	3.63e-03	2.01e-02	2.72e-01	4.64e-01	2.39e-01
 1.29598e+23	0.00e+00	7.44e-24	8.04e-20	1.69e-16	9.20e-13	4.76e-10	7.22e-08	3.53e-06	7.70e-05	7.45e-04	3.89e-03	2.10e-02	2.78e-01	4.63e-01	2.33e-01
 1.29862e+23	0.00e+00	9.41e-24	9.93e-20	2.03e-16	1.09e-12	5.57e-10	8.31e-08	3.99e-06	8.57e-05	8.13e-04	4.15e-03	2.19e-02	2.83e-01	4.62e-01	2.28e-01
 1.30158e+23	0.00e+00	1.26e-23	1.29e-19	2.55e-16	1.36e-12	6.78e-10	9.92e-08	4.66e-06	9.80e-05	9.08e-04	4.49e-03	2.30e-02	2.90e-01	4.61e-01	2.21e-01
 1.30463e+23	0.00e+00	1.64e-23	1.64e-19	3.13e-16	1.65e-12	8.10e-10	1.16e-07	5.36e-06	1.11e-04	1.00e-03	4.83e-03	2.41e-02	2.96e-01	4.59e-01	2.15e-01
 1.30730e+23	0.00e+00	2.06e-23	2.01e-19	3.75e-16	1.95e-12	9.45e-10	1.34e-07	6.05e-06	1.23e-04	1.09e-03	5.14e-03	2.51e-02	3.02e-01	4.57e-01	2.09e-01
 1.31026e+23	0.00e+00	2.84e-23	2.67e-19	4.80e-16	2.47e-12	1.17e-09	1.62e-07	7.17e-06	1.42e-04	1.23e-03	5.61e-03	2.65e-02	3.09e-01	4.55e-01	2.02e-01
 1.31323e+23	0.00e+00	3.63e-23	3.33e-19	5.79e-16	2.95e-12	1.38e-09	1.88e-07	8.16e-06	1.59e-04	1.35e-03	6.00e-03	2.76e-02	3.15e-01	4.53e-01	1.97e-01
 1.31620e+23	0.00e+00	4.99e-23	4.42e-19	7.40e-16	3.72e-12	1.71e-09	2.28e-07	9.67e-06	1.85e-04	1.52e-03	6.54e-03	2.92e-02	3.23e-01	4.50e-01	1.90e-01
 1.31923e+23	0.00e+00	6.46e-23	5.57e-19	9.02e-16	4.50e-12	2.03e-09	2.66e-07	1.11e-05	2.08e-04	1.68e-03	7.02e-03	3.05e-02	3.29e-01	4.47e-01	1.84e-01
 1.32182e+23	0.00e+00	8.18e-23	6.87e-19	1.08e-15	5.34e-12	2.38e-09	3.07e-07	1.26e-05	2.32e-04	1.83e-03	7.48e-03	3.17e-02	3.35e-01	4.45e-01	1.79e-01
 1.32470e+23	0.00e+00	1.14e-22	9.21e-19	1.39e-15	6.79e-12	2.98e-09	3.76e-07	1.50e-05	2.71e-04	2.08e-03	8.20e-03	3.35e-02	3.43e-01	4.41e-01	1.72e-01
 1.32753e+23	0.00e+00	1.43e-22	1.13e-18	1.65e-15	8.02e-12	3.47e-09	4.32e-07	1.70e-05	3.01e-04	2.27e-03	8.72e-03	3.48e-02	3.49e-01	4.38e-01	1.67e-01
 1.33029e+23	0.00e+00	1.97e-22	1.49e-18	2.09e-15	1.01e-11	4.30e-09	5.25e-07	2.02e-05	3.49e-04	2.56e-03	9.52e-03	3.67e-02	3.56e-01	4.34e-01	1.60e-01
 1.33300e+23	0.00e+00	2.45e-22	1.81e-18	2.46e-15	1.18e-11	4.97e-09	5.99e-07	2.26e-05	3.86e-04	2.77e-03	1.01e-02	3.80e-02	3.62e-01	4.31e-01	1.56e-01
 1.33564e+23	0.00e+00	3.38e-22	2.39e-18	3.11e-15	1.49e-11	6.16e-09	7.28e-07	2.69e-05	4.49e-04	3.14e-03	1.10e-02	4.01e-02	3.69e-01	4.26e-01	1.49e-01
 1.33827e+23	0.00e+00	4.19e-22	2.90e-18	3.65e-15	1.74e-11	7.13e-09	8.32e-07	3.03e-05	4.97e-04	3.40e-03	1.17e-02	4.15e-02	3.75e-01	4.23e-01	1.45e-01
 1.34086e+23	0.00e+00	5.76e-22	3.81e-18	4.59e-15	2.18e-11	8.81e-09	1.01e-06	3.59e-05	5.77e-04	3.84e-03	1.28e-02	4.37e-02	3.82e-01	4.18e-01	1.39e-01
 1.34348e+23	0.00e+00	7.25e-22	4.66e-18	5.43e-15	2.57e-11	1.03e-08	1.16e-06	4.07e-05	6.43e-04	4.19e-03	1.36e-02	4.54e-02	3.88e-01	4.14e-01	1.34e-01
 1.34612e+23	0.00e+00	1.00e-21	6.15e-18	6.83e-15	3.23e-11	1.28e-08	1.42e-06	4.85e-05	7.49e-04	4.75e-03	1.48e-02	4.78e-02	3.95e-01	4.08e-01	1.28e-01
 1.34880e+23	0.00e+00	1.27e-21	7.58e-18	8.13e-15	3.84e-11	1.50e-08	1.65e-06	5.53e-05	8.38e-04	5.20e-03	1.58e-02	4.96e-02	4.01e-01	4.04e-01	1.24e-01
 1.35153e+23	2.34e-34	1.75e-21	1.00e-17	1.02e-14	4.84e-11	1.87e-08	2.01e-06	6.60e-05	9.77e-04	5.88e-03	1.73e-02	5.22e-02	4.08e-01	3.98e-01	1.18e-01
 1.35423e+23	3.16e-34	2.23e-21	1.23e-17	1.21e-14	5.75e-11	2.20e-08	2.34e-06	7.53e-05	1.10e-03	6.45e-03	1.84e-02	5.42e-02	4.14e-01	3.93e-01	1.14e-01
 1.35689e+23	4.67e-34	3.07e-21	1.62e-17	1.51e-14	7.20e-11	2.73e-08	2.86e-06	8.97e-05	1.27e-03	7.29e-03	2.01e-02	5.69e-02	4.20e-01	3.86e-01	1.08e-01
 1.35960e+23	6.38e-34	3.94e-21	2.01e-17	1.80e-14	8.61e-11	3.24e-08	3.34e-06	1.03e-04	1.44e-03	8.02e-03	2.15e-02	5.92e-02	4.26e-01	3.80e-01	1.04e-01
 1.36237e+23	9.56e-34	5.47e-21	2.65e-17	2.26e-14	1.09e-10	4.05e-08	4.11e-06	1.24e-04	1.68e-03	9.10e-03	2.35e-02	6.22e-02	4.33e-01	3.73e-01	9.81e-02
 1.36516e+23	1.31e-33	7.06e-21	3.29e-17	2.69e-14	1.30e-10	4.82e-08	4.83e-06	1.43e-04	1.90e-03	1.00e-02	2.52e-02	6.46e-02	4.38e-01	3.67e-01	9.38e-02
 1.36799e+23	1.98e-33	9.83e-21	4.36e-17	3.37e-14	1.65e-10	6.05e-08	5.97e-06	1.72e-04	2.23e-03	1.14e-02	2.76e-02	6.79e-02	4.44e-01	3.58e-01	8.84e-02
 1.37084e+23	2.71e-33	1.27e-20	5.41e-17	4.00e-14	1.98e-10	7.20e-08	7.02e-06	1.98e-04	2.52e-03	1.26e-02	2.95e-02	7.05e-02	4.49e-01	3.52e-01	8.44e-02
 1.37330e+23	3.68e-33	1.62e-20	6.65e-17	4.72e-14	2.35e-10	8.53e-08	8.22e-06	2.28e-04	2.83e-03	1.38e-02	3.16e-02	7.31e-02	4.53e-01	3.45e-01	8.05e-02
 1.37608e+23	5.42e-33	2.22e-20	8.66e-17	5.82e-14	2.94e-10	1.06e-07	1.01e-05	2.72e-04	3.30e-03	1.56e-02	3.43e-02	7.65e-02	4.58e-01	3.36e-01	7.58e-02
 1.37887e+23	7.30e-33	2.82e-20	1.06e-16	6.82e-14	3.49e-10	1.25e-07	1.17e-05	3.11e-04	3.70e-03	1.71e-02	3.66e-02	7.91e-02	4.61e-01	3.30e-01	7.22e-02
 1.38166e+23	1.07e-32	3.84e-20	1.37e-16	8.35e-14	4.35e-10	1.55e-07	1.44e-05	3.72e-04	4.30e-03	1.92e-02	3.97e-02	8.27e-02	4.66e-01	3.20e-01	6.77e-02
 1.38446e+23	1.42e-32	4.81e-20	1.66e-16	9.71e-14	5.11e-10	1.81e-07	1.66e-05	4.23e-04	4.79e-03	2.09e-02	4.22e-02	8.53e-02	4.68e-01	3.14e-01	6.45e-02
 1.38729e+23	2.05e-32	6.47e-20	2.12e-16	1.18e-13	6.31e-10	2.23e-07	2.02e-05	5.00e-04	5.52e-03	2.34e-02	4.55e-02	8.87e-02	4.71e-01	3.05e-01	6.05e-02
 1.39021e+23	2.76e-32	8.23e-20	2.59e-16	1.38e-13	7.48e-10	2.64e-07	2.36e-05	5.74e-04	6.20e-03	2.56e-02	4.85e-02	9.16e-02	4.73e-01	2.97e-01	5.73e-02
 1.39324e+23	4.02e-32	1.12e-19	3.34e-16	1.67e-13	9.29e-10	3.26e-07	2.88e-05	6.83e-04	7.17e-03	2.87e-02	5.24e-02	9.53e-02	4.75e-01	2.87e-01	5.33e-02
 1.39633e+23	5.38e-32	1.41e-19	4.06e-16	1.95e-13	1.10e-09	3.84e-07	3.35e-05	7.81e-04	8.02e-03	3.13e-02	5.56e-02	9.81e-02	4.76e-01	2.79e-01	5.04e-02
 1.39949e+23	7.79e-32	1.91e-19	5.21e-16	2.36e-13	1.36e-09	4.74e-07	4.08e-05	9.28e-04	9.25e-03	3.50e-02	5.99e-02	1.02e-01	4.77e-01	2.69e-01	4.68e-02
 1.40272e+23	1.04e-31	2.41e-19	6.34e-16	2.75e-13	1.61e-09	5.58e-07	4.75e-05	1.06e-03	1.03e-02	3.81e-02	6.35e-02	1.05e-01	4.77e-01	2.61e-01	4.41e-02
 1.40601e+23	1.50e-31	3.25e-19	8.11e-16	3.33e-13	1.98e-09	6.87e-07	5.77e-05	1.26e-03	1.19e-02	4.24e-02	6.82e-02	1.08e-01	4.76e-01	2.51e-01	4.07e-02
 1.40933e+23	1.98e-31	4.07e-19	9.78e-16	3.85e-13	2.33e-09	8.04e-07	6.68e-05	1.43e-03	1.32e-02	4.59e-02	7.20e-02	1.11e-01	4.75e-01	2.43e-01	3.83e-02
 1.41268e+23	2.82e-31	5.41e-19	1.24e-15	4.61e-13	2.85e-09	9.79e-07	8.03e-05	1.67e-03	1.50e-02	5.08e-02	7.69e-02	1.14e-01	4.73e-01	2.33e-01	3.53e-02
 1.41610e+23	3.73e-31	6.80e-19	1.50e-15	5.34e-13	3.34e-09	1.15e-06	9.29e-05	1.90e-03	1.67e-02	5.49e-02	8.09e-02	1.17e-01	4.71e-01	2.25e-01	3.31e-02
 1.41908e+23	4.81e-31	8.36e-19	1.78e-15	6.10e-13	3.87e-09	1.32e-06	1.06e-04	2.13e-03	1.83e-02	5.90e-02	8.47e-02	1.19e-01	4.68e-01	2.17e-01	3.11e-02
 1.42238e+23	6.68e-31	1.09e-18	2.22e-15	7.22e-13	4.66e-09	1.59e-06	1.26e-04	2.48e-03	2.06e-02	6.46e-02	8.98e-02	1.22e-01	4.64e-01	2.07e-01	2.87e-02
 1.42570e+23	8.51e-31	1.33e-18	2.62e-15	8.22e-13	5.35e-09	1.81e-06	1.43e-04	2.76e-03	2.25e-02	6.89e-02	9.36e-02	1.24e-01	4.61e-01	2.00e-01	2.70e-02
 1.42903e+23	1.17e-30	1.72e-18	3.24e-15	9.68e-13	6.39e-09	2.16e-06	1.68e-04	3.18e-03	2.52e-02	7.50e-02	9.87e-02	1.27e-01	4.55e-01	1.91e-01	2.48e-02
 1.43244e+23	1.49e-30	2.11e-18	3.84e-15	1.10e-12	7.34e-09	2.47e-06	1.90e-04	3.54e-03	2.75e-02	8.00e-02	1.03e-01	1.28e-01	4.50e-01	1.84e-01	2.32e-02
 1.43546e+23	1.90e-30	2.57e-18	4.51e-15	1.25e-12	8.40e-09	2.82e-06	2.15e-04	3.94e-03	2.99e-02	8.51e-02	1.07e-01	1.30e-01	4.45e-01	1.77e-01	2.18e-02
 1.43889e+23	2.58e-30	3.31e-18	5.56e-15	1.47e-12	9.96e-09	3.34e-06	2.51e-04	4.51e-03	3.33e-02	9.20e-02	1.12e-01	1.32e-01	4.38e-01	1.68e-01	1.99e-02
 1.44230e+23	3.23e-30	3.97e-18	6.49e-15	1.66e-12	1.13e-08	3.76e-06	2.80e-04	4.96e-03	3.59e-02	9.72e-02	1.16e-01	1.33e-01	4.33e-01	1.61e-01	1.87e-02
 1.44569e+23	4.34e-30	5.06e-18	7.93e-15	1.93e-12	1.33e-08	4.41e-06	3.25e-04	5.63e-03	3.96e-02	1.04e-01	1.20e-01	1.35e-01	4.24e-01	1.53e-01	1.71e-02
 1.44915e+23	5.44e-30	6.10e-18	9.28e-15	2.18e-12	1.50e-08	4.97e-06	3.63e-04	6.20e-03	4.27e-02	1.10e-01	1.24e-01	1.36e-01	4.18e-01	1.47e-01	1.60e-02
 1.45270e+23	7.32e-30	7.79e-18	1.14e-14	2.55e-12	1.76e-08	5.81e-06	4.19e-04	7.02e-03	4.70e-02	1.18e-01	1.29e-01	1.37e-01	4.08e-01	1.38e-01	1.46e-02
 1.45631e+23	9.20e-30	9.41e-18	1.33e-14	2.89e-12	2.00e-08	6.56e-06	4.68e-04	7.72e-03	5.06e-02	1.24e-01	1.33e-01	1.38e-01	4.01e-01	1.32e-01	1.36e-02
 1.46001e+23	1.24e-29	1.21e-17	1.64e-14	3.39e-12	2.35e-08	7.66e-06	5.40e-04	8.73e-03	5.56e-02	1.33e-01	1.37e-01	1.38e-01	3.90e-01	1.24e-01	1.23e-02
 1.46377e+23	1.57e-29	1.46e-17	1.92e-14	3.85e-12	2.66e-08	8.63e-06	6.03e-04	9.58e-03	5.96e-02	1.39e-01	1.41e-01	1.39e-01	3.82e-01	1.18e-01	1.14e-02
 1.46763e+23	9.86e-30	1.87e-17	2.37e-14	4.52e-12	3.12e-08	1.01e-05	6.94e-04	1.08e-02	6.53e-02	1.48e-01	1.45e-01	1.39e-01	3.70e-01	1.10e-01	1.03e-02
 1.47139e+23	1.21e-29	2.23e-17	2.75e-14	5.10e-12	3.49e-08	1.12e-05	7.64e-04	1.17e-02	6.94e-02	1.54e-01	1.48e-01	1.38e-01	3.62e-01	1.05e-01	9.55e-03
 1.47505e+23	1.61e-29	2.82e-17	3.34e-14	5.91e-12	4.04e-08	1.29e-05	8.70e-04	1.31e-02	7.54e-02	1.63e-01	1.52e-01	1.38e-01	3.50e-01	9.85e-02	8.61e-03
 1.47876e+23	1.99e-29	3.36e-17	3.89e-14	6.68e-12	4.52e-08	1.43e-05	9.56e-04	1.42e-02	7.99e-02	1.69e-01	1.55e-01	1.37e-01	3.42e-01	9.37e-02	8.00e-03
 1.48253e+23	2.62e-29	4.23e-17	4.72e-14	7.77e-12	5.22e-08	1.64e-05	1.08e-03	1.58e-02	8.64e-02	1.78e-01	1.58e-01	1.36e-01	3.30e-01	8.73e-02	7.21e-03
 1.48643e+23	3.28e-29	5.11e-17	5.54e-14	8.82e-12	5.87e-08	1.83e-05	1.20e-03	1.71e-02	9.18e-02	1.85e-01	1.60e-01	1.36e-01	3.20e-01	8.24e-02	6.61e-03
 1.49047e+23	4.35e-29	6.48e-17	6.77e-14	1.03e-11	6.79e-08	2.10e-05	1.35e-03	1.90e-02	9.89e-02	1.94e-01	1.63e-01	1.34e-01	3.07e-01	7.65e-02	5.93e-03
 1.49465e+23	5.51e-29	7.91e-17	8.03e-14	1.18e-11	7.67e-08	2.36e-05	1.50e-03	2.07e-02	1.05e-01	2.02e-01	1.65e-01	1.33e-01	2.96e-01	7.16e-02	5.40e-03
 1.49899e+23	7.40e-29	1.01e-16	9.92e-14	1.40e-11	8.93e-08	2.72e-05	1.70e-03	2.30e-02	1.13e-01	2.11e-01	1.67e-01	1.30e-01	2.83e-01	6.60e-02	4.79e-03
 1.50345e+23	9.46e-29	1.25e-16	1.18e-13	1.61e-11	1.01e-07	3.05e-05	1.89e-03	2.51e-02	1.20e-01	2.18e-01	1.69e-01	1.28e-01	2.72e-01	6.14e-02	4.33e-03
 1.50806e+23	1.28e-28	1.61e-16	1.47e-13	1.92e-11	1.18e-07	3.52e-05	2.14e-03	2.78e-02	1.29e-01	2.27e-01	1.70e-01	1.26e-01	2.58e-01	5.62e-02	3.81e-03
 1.51281e+23	1.66e-28	1.99e-16	1.77e-13	2.23e-11	1.34e-07	3.97e-05	2.38e-03	3.03e-02	1.37e-01	2.35e-01	1.71e-01	1.23e-01	2.46e-01	5.19e-02	3.42e-03
 1.51774e+23	2.28e-28	2.60e-16	2.23e-13	2.68e-11	1.58e-07	4.59e-05	2.71e-03	3.36e-02	1.47e-01	2.44e-01	1.71e-01	1.20e-01	2.32e-01	4.70e-02	2.98e-03
 1.52285e+23	2.98e-28	3.27e-16	2.71e-13	3.13e-11	1.81e-07	5.19e-05	3.01e-03	3.67e-02	1.56e-01	2.51e-01	1.71e-01	1.17e-01	2.20e-01	4.31e-02	2.64e-03
 1.52747e+23	3.87e-28	4.06e-16	3.28e-13	3.65e-11	2.06e-07	5.84e-05	3.34e-03	3.98e-02	1.64e-01	2.58e-01	1.71e-01	1.14e-01	2.09e-01	3.95e-02	2.34e-03
 1.53278e+23	5.38e-28	5.36e-16	4.16e-13	4.42e-11	2.42e-07	6.77e-05	3.79e-03	4.41e-02	1.75e-01	2.65e-01	1.70e-01	1.10e-01	1.94e-01	3.53e-02	2.01e-03
 1.53819e+23	7.06e-28	6.73e-16	5.07e-13	5.18e-11	2.76e-07	7.63e-05	4.21e-03	4.78e-02	1.85e-01	2.72e-01	1.69e-01	1.06e-01	1.83e-01	3.21e-02	1.76e-03
 1.54374e+23	9.91e-28	8.94e-16	6.48e-13	6.31e-11	3.26e-07	8.84e-05	4.78e-03	5.29e-02	1.96e-01	2.79e-01	1.67e-01	1.01e-01	1.69e-01	2.84e-02	1.50e-03
 1.54936e+23	1.30e-27	1.13e-15	7.90e-13	7.39e-11	3.71e-07	9.95e-05	5.29e-03	5.72e-02	2.06e-01	2.84e-01	1.65e-01	9.76e-02	1.58e-01	2.56e-02	1.30e-03
 1.55508e+23	1.84e-27	1.51e-15	1.01e-12	9.02e-11	4.37e-07	1.15e-04	5.99e-03	6.31e-02	2.18e-01	2.90e-01	1.62e-01	9.27e-02	1.45e-01	2.24e-02	1.09e-03
 1.56087e+23	2.42e-27	1.90e-15	1.24e-12	1.06e-10	4.97e-07	1.29e-04	6.61e-03	6.81e-02	2.28e-01	2.94e-01	1.59e-01	8.87e-02	1.35e-01	2.01e-02	9.42e-04
 1.56673e+23	3.44e-27	2.56e-15	1.59e-12	1.29e-10	5.83e-07	1.49e-04	7.47e-03	7.49e-02	2.41e-01	2.98e-01	1.55e-01	8.36e-02	1.22e-01	1.74e-02	7.77e-04
 1.57262e+23	4.50e-27	3.21e-15	1.94e-12	1.50e-10	6.59e-07	1.66e-04	8.20e-03	8.05e-02	2.51e-01	3.01e-01	1.51e-01	7.96e-02	1.13e-01	1.55e-02	6.69e-04
 1.57755e+23	5.73e-27	3.95e-15	2.31e-12	1.73e-10	7.36e-07	1.83e-04	8.91e-03	8.58e-02	2.59e-01	3.02e-01	1.48e-01	7.61e-02	1.05e-01	1.40e-02	5.82e-04
 1.58294e+23	7.89e-27	5.19e-15	2.90e-12	2.06e-10	8.42e-07	2.07e-04	9.91e-03	9.32e-02	2.71e-01	3.04e-01	1.43e-01	7.14e-02	9.51e-02	1.21e-02	4.81e-04
 1.58827e+23	9.92e-27	6.34e-15	3.43e-12	2.35e-10	9.34e-07	2.27e-04	1.07e-02	9.88e-02	2.79e-01	3.05e-01	1.39e-01	6.81e-02	8.84e-02	1.09e-02	4.19e-04
 1.59350e+23	1.34e-26	8.24e-15	4.27e-12	2.78e-10	1.06e-06	2.55e-04	1.18e-02	1.07e-01	2.89e-01	3.05e-01	1.34e-01	6.38e-02	7.98e-02	9.38e-03	3.46e-04
 1.59882e+23	1.70e-26	1.01e-14	5.08e-12	3.18e-10	1.17e-06	2.79e-04	1.28e-02	1.13e-01	2.97e-01	3.04e-01	1.30e-01	6.04e-02	7.36e-02	8.36e-03	2.98e-04
 1.60426e+23	2.32e-26	1.33e-14	6.36e-12	3.77e-10	1.33e-06	3.12e-04	1.41e-02	1.22e-01	3.07e-01	3.03e-01	1.25e-01	5.62e-02	6.59e-02	7.13e-03	2.42e-04
 1.60976e+23	2.95e-26	1.65e-14	7.59e-12	4.32e-10	1.47e-06	3.42e-04	1.52e-02	1.29e-01	3.15e-01	3.01e-01	1.20e-01	5.30e-02	6.03e-02	6.30e-03	2.06e-04
 1.61535e+23	4.01e-26	2.18e-14	9.54e-12	5.14e-10	1.67e-06	3.83e-04	1.67e-02	1.39e-01	3.24e-01	2.98e-01	1.14e-01	4.89e-02	5.35e-02	5.32e-03	1.66e-04
 1.62104e+23	5.16e-26	2.73e-14	1.15e-11	5.91e-10	1.85e-06	4.19e-04	1.81e-02	1.47e-01	3.32e-01	2.95e-01	1.09e-01	4.58e-02	4.85e-02	4.63e-03	1.39e-04
 1.62687e+23	7.10e-26	3.67e-14	1.46e-11	7.08e-10	2.10e-06	4.69e-04	1.99e-02	1.58e-01	3.41e-01	2.90e-01	1.03e-01	4.19e-02	4.25e-02	3.86e-03	1.10e-04
 1.63280e+23	9.17e-26	4.65e-14	1.77e-11	8.19e-10	2.33e-06	5.14e-04	2.15e-02	1.68e-01	3.47e-01	2.85e-01	9.76e-02	3.89e-02	3.82e-02	3.32e-03	9.08e-05
 1.63888e+23	1.27e-25	6.35e-14	2.27e-11	9.89e-10	2.66e-06	5.77e-04	2.37e-02	1.81e-01	3.55e-01	2.78e-01	9.10e-02	3.53e-02	3.30e-02	2.71e-03	7.03e-05
 1.64503e+23	1.65e-25	8.13e-14	2.77e-11	1.15e-09	2.95e-06	6.32e-04	2.56e-02	1.91e-01	3.60e-01	2.72e-01	8.57e-02	3.25e-02	2.94e-02	2.31e-03	5.72e-05
 1.65022e+23	2.08e-25	1.02e-13	3.32e-11	1.32e-09	3.25e-06	6.87e-04	2.75e-02	2.01e-01	3.65e-01	2.66e-01	8.11e-02	3.02e-02	2.63e-02	1.99e-03	4.73e-05
 1.65592e+23	2.81e-25	1.38e-13	4.22e-11	1.58e-09	3.68e-06	7.65e-04	3.00e-02	2.15e-01	3.70e-01	2.57e-01	7.50e-02	2.73e-02	2.27e-02	1.63e-03	3.67e-05
 1.66164e+23	3.55e-25	1.74e-13	5.09e-11	1.83e-09	4.07e-06	8.32e-04	3.22e-02	2.26e-01	3.73e-01	2.50e-01	7.05e-02	2.52e-02	2.02e-02	1.39e-03	3.01e-05
 1.66722e+23	4.71e-25	2.33e-13	6.42e-11	2.19e-09	4.60e-06	9.23e-04	3.50e-02	2.40e-01	3.76e-01	2.41e-01	6.50e-02	2.27e-02	1.75e-02	1.14e-03	2.34e-05
 1.67291e+23	5.99e-25	2.99e-13	7.84e-11	2.55e-09	5.12e-06	1.01e-03	3.76e-02	2.53e-01	3.78e-01	2.33e-01	6.05e-02	2.08e-02	1.54e-02	9.60e-04	1.89e-05
 1.67851e+23	7.82e-25	3.99e-13	9.88e-11	3.06e-09	5.80e-06	1.12e-03	4.07e-02	2.67e-01	3.79e-01	2.23e-01	5.56e-02	1.88e-02	1.33e-02	7.85e-04	1.47e-05
 1.68422e+23	9.93e-25	5.21e-13	1.22e-10	3.62e-09	6.52e-06	1.23e-03	4.38e-02	2.81e-01	3.80e-01	2.14e-01	5.12e-02	1.70e-02	1.16e-02	6.52e-04	1.16e-05
 1.68981e+23	1.28e-24	6.91e-13	1.53e-10	4.33e-09	7.40e-06	1.36e-03	4.73e-02	2.96e-01	3.79e-01	2.04e-01	4.69e-02	1.53e-02	9.96e-03	5.35e-04	9.10e-06
 1.69547e+23	1.64e-24	9.11e-13	1.91e-10	5.17e-09	8.39e-06	1.50e-03	5.09e-02	3.11e-01	3.77e-01	1.94e-01	4.29e-02	1.38e-02	8.60e-03	4.40e-04	7.13e-06
 1.70105e+23	2.10e-24	1.20e-12	2.40e-10	6.20e-09	9.54e-06	1.65e-03	5.48e-02	3.26e-01	3.75e-01	1.84e-01	3.90e-02	1.24e-02	7.39e-03	3.61e-04	5.57e-06
 1.70662e+23	2.68e-24	1.59e-12	3.00e-10	7.45e-09	1.09e-05	1.83e-03	5.89e-02	3.41e-01	3.71e-01	1.74e-01	3.55e-02	1.12e-02	6.36e-03	2.95e-04	4.35e-06
 1.71221e+23	3.43e-24	2.10e-12	3.77e-10	8.98e-09	1.24e-05	2.02e-03	6.33e-02	3.56e-01	3.67e-01	1.64e-01	3.22e-02	9.98e-03	5.44e-03	2.41e-04	3.38e-06
 1.71781e+23	4.38e-24	2.78e-12	4.74e-10	1.08e-08	1.43e-05	2.24e-03	6.80e-02	3.71e-01	3.61e-01	1.54e-01	2.91e-02	8.91e-03	4.65e-03	1.96e-04	2.63e-06
 1.72343e+23	5.60e-24	3.68e-12	5.97e-10	1.31e-08	1.64e-05	2.49e-03	7.30e-02	3.87e-01	3.55e-01	1.45e-01	2.62e-02	7.94e-03	3.96e-03	1.59e-04	2.03e-06
 1.72909e+23	7.17e-24	4.87e-12	7.52e-10	1.60e-08	1.89e-05	2.76e-03	7.83e-02	4.02e-01	3.48e-01	1.35e-01	2.35e-02	7.05e-03	3.36e-03	1.29e-04	1.57e-06
 1.73480e+23	9.22e-24	6.45e-12	9.50e-10	1.95e-08	2.18e-05	3.06e-03	8.39e-02	4.16e-01	3.40e-01	1.26e-01	2.11e-02	6.25e-03	2.85e-03	1.04e-04	1.20e-06
 1.74059e+23	1.19e-23	8.55e-12	1.20e-09	2.38e-08	2.53e-05	3.40e-03	8.99e-02	4.31e-01	3.32e-01	1.17e-01	1.88e-02	5.52e-03	2.40e-03	8.34e-05	9.20e-07
 1.74640e+23	1.53e-23	1.13e-11	1.52e-09	2.90e-08	2.93e-05	3.78e-03	9.62e-02	4.45e-01	3.23e-01	1.08e-01	1.67e-02	4.87e-03	2.03e-03	6.70e-05	7.05e-07
 1.75231e+23	2.00e-23	1.50e-11	1.93e-09	3.57e-08	3.41e-05	4.21e-03	1.03e-01	4.59e-01	3.13e-01	9.99e-02	1.48e-02	4.27e-03	1.70e-03	5.33e-05	5.34e-07
 1.75829e+23	3.07e-23	1.98e-11	2.44e-09	4.37e-08	3.96e-05	4.67e-03	1.10e-01	4.72e-01	3.03e-01	9.21e-02	1.31e-02	3.74e-03	1.42e-03	4.26e-05	4.06e-07
 1.76440e+23	4.07e-23	2.64e-11	3.11e-09	5.40e-08	4.63e-05	5.21e-03	1.18e-01	4.85e-01	2.92e-01	8.44e-02	1.15e-02	3.25e-03	1.18e-03	3.35e-05	3.03e-07
 1.77007e+23	5.11e-23	3.31e-11	3.78e-09	6.40e-08	5.25e-05	5.68e-03	1.24e-01	4.95e-01	2.83e-01	7.86e-02	1.04e-02	2.91e-03	1.01e-03	2.77e-05	2.41e-07
 1.77592e+23	6.89e-23	4.44e-11	4.87e-09	7.98e-08	6.17e-05	6.35e-03	1.32e-01	5.07e-01	2.71e-01	7.14e-02	9.06e-03	2.51e-03	8.31e-04	2.15e-05	1.77e-07
 1.78188e+23	8.77e-23	5.58e-11	5.93e-09	9.50e-08	7.02e-05	6.93e-03	1.39e-01	5.15e-01	2.61e-01	6.61e-02	8.12e-03	2.22e-03	7.10e-04	1.76e-05	1.39e-07
 1.78798e+23	1.20e-22	7.52e-11	7.67e-09	1.19e-07	8.30e-05	7.76e-03	1.49e-01	5.26e-01	2.48e-01	5.97e-02	7.02e-03	1.90e-03	5.75e-04	1.35e-05	0.00e+00
 1.79409e+23	1.53e-22	9.35e-11	9.27e-09	1.41e-07	9.39e-05	8.43e-03	1.56e-01	5.33e-01	2.39e-01	5.53e-02	6.29e-03	1.69e-03	4.93e-04	1.11e-05	0.00e+00
 1.80022e+23	2.09e-22	1.24e-10	1.19e-08	1.76e-07	1.10e-04	9.40e-03	1.66e-01	5.41e-01	2.27e-01	4.98e-02	5.44e-03	1.44e-03	4.00e-04	8.53e-06	0.00e+00
 1.80640e+23	2.67e-22	1.54e-10	1.44e-08	2.08e-07	1.25e-04	1.02e-02	1.74e-01	5.46e-01	2.17e-01	4.60e-02	4.86e-03	1.27e-03	3.41e-04	6.98e-06	0.00e+00
 1.81263e+23	3.67e-22	2.03e-10	1.84e-08	2.59e-07	1.47e-04	1.14e-02	1.84e-01	5.52e-01	2.05e-01	4.13e-02	4.19e-03	1.08e-03	2.77e-04	5.36e-06	0.00e+00
 1.81891e+23	4.70e-22	2.51e-10	2.22e-08	3.07e-07	1.66e-04	1.23e-02	1.93e-01	5.56e-01	1.96e-01	3.81e-02	3.74e-03	9.58e-04	2.35e-04	4.37e-06	0.00e+00
 1.82527e+23	6.47e-22	3.30e-10	2.83e-08	3.82e-07	1.94e-04	1.37e-02	2.04e-01	5.60e-01	1.85e-01	3.41e-02	3.22e-03	8.12e-04	1.90e-04	3.34e-06	0.00e+00
 1.83171e+23	8.31e-22	4.07e-10	3.41e-08	4.52e-07	2.20e-04	1.48e-02	2.12e-01	5.62e-01	1.76e-01	3.13e-02	2.86e-03	7.14e-04	1.61e-04	2.72e-06	0.00e+00
 1.83826e+23	1.15e-21	5.32e-10	4.34e-08	5.62e-07	2.58e-04	1.64e-02	2.24e-01	5.64e-01	1.65e-01	2.80e-02	2.45e-03	6.03e-04	1.29e-04	2.07e-06	0.00e+00
 1.84492e+23	1.49e-21	6.56e-10	5.25e-08	6.66e-07	2.92e-04	1.78e-02	2.33e-01	5.64e-01	1.56e-01	2.56e-02	2.17e-03	5.28e-04	1.09e-04	1.67e-06	0.00e+00
 1.85174e+23	2.07e-21	8.59e-10	6.70e-08	8.32e-07	3.43e-04	1.97e-02	2.45e-01	5.64e-01	1.46e-01	2.27e-02	1.85e-03	4.43e-04	8.71e-05	1.26e-06	0.00e+00
 1.85870e+23	2.69e-21	1.06e-09	8.12e-08	9.90e-07	3.89e-04	2.13e-02	2.55e-01	5.63e-01	1.38e-01	2.07e-02	1.64e-03	3.86e-04	7.30e-05	1.01e-06	0.00e+00
 1.86586e+23	3.78e-21	1.39e-09	1.04e-07	1.24e-06	4.58e-04	2.37e-02	2.68e-01	5.60e-01	1.28e-01	1.83e-02	1.38e-03	3.21e-04	5.77e-05	7.51e-07	0.00e+00
 1.87318e+23	4.97e-21	1.73e-09	1.27e-07	1.48e-06	5.21e-04	2.56e-02	2.78e-01	5.57e-01	1.20e-01	1.66e-02	1.22e-03	2.78e-04	4.80e-05	5.96e-07	0.00e+00
 1.87934e+23	6.30e-21	2.08e-09	1.51e-07	1.74e-06	5.83e-04	2.75e-02	2.87e-01	5.54e-01	1.14e-01	1.52e-02	1.08e-03	2.44e-04	4.07e-05	4.86e-07	0.00e+00
 1.88600e+23	8.56e-21	2.65e-09	1.88e-07	2.13e-06	6.75e-04	3.02e-02	2.99e-01	5.49e-01	1.06e-01	1.36e-02	9.28e-04	2.06e-04	3.29e-05	3.71e-07	0.00e+00
 1.89249e+23	1.07e-20	3.15e-09	2.21e-07	2.46e-06	7.49e-04	3.22e-02	3.08e-01	5.45e-01	1.00e-01	1.25e-02	8.33e-04	1.83e-04	2.82e-05	3.07e-07	0.00e+00
 1.89876e+23	1.42e-20	3.92e-09	2.71e-07	2.98e-06	8.58e-04	3.50e-02	3.19e-01	5.39e-01	9.33e-02	1.12e-02	7.20e-04	1.56e-04	2.30e-05	2.38e-07	0.00e+00
 1.90509e+23	1.77e-20	4.65e-09	3.17e-07	3.43e-06	9.50e-04	3.72e-02	3.28e-01	5.34e-01	8.84e-02	1.03e-02	6.47e-04	1.38e-04	1.98e-05	1.97e-07	0.00e+00
 1.91150e+23	2.35e-20	5.78e-09	3.90e-07	4.15e-06	1.09e-03	4.04e-02	3.39e-01	5.27e-01	8.21e-02	9.27e-03	5.59e-04	1.17e-04	1.61e-05	1.53e-07	0.00e+00
 1.91799e+23	2.94e-20	6.86e-09	4.57e-07	4.80e-06	1.20e-03	4.30e-02	3.48e-01	5.21e-01	7.76e-02	8.52e-03	5.00e-04	1.04e-04	1.38e-05	1.26e-07	0.00e+00
 1.92461e+23	3.91e-20	8.55e-09	5.62e-07	5.81e-06	1.38e-03	4.67e-02	3.60e-01	5.13e-01	7.17e-02	7.61e-03	4.31e-04	8.77e-05	1.12e-05	0.00e+00	0.00e+00
 1.93131e+23	4.93e-20	1.02e-08	6.60e-07	6.72e-06	1.53e-03	4.97e-02	3.68e-01	5.05e-01	6.76e-02	6.98e-03	3.84e-04	7.72e-05	9.52e-06	0.00e+00	0.00e+00
 1.93814e+23	6.59e-20	1.27e-08	8.15e-07	8.17e-06	1.76e-03	5.39e-02	3.80e-01	4.96e-01	6.23e-02	6.21e-03	3.29e-04	6.50e-05	7.68e-06	0.00e+00	0.00e+00
 1.94509e+23	8.36e-20	1.51e-08	9.59e-07	9.46e-06	1.95e-03	5.74e-02	3.89e-01	4.88e-01	5.85e-02	5.68e-03	2.93e-04	5.71e-05	6.52e-06	0.00e+00	0.00e+00
 1.95218e+23	1.13e-19	1.89e-08	1.19e-06	1.15e-05	2.24e-03	6.23e-02	4.00e-01	4.76e-01	5.36e-02	5.03e-03	2.50e-04	4.78e-05	5.22e-06	0.00e+00	0.00e+00
