#depth	Ne	Ne+	Ne+2	Ne+3	Ne+4	Ne+5	Ne+6	Ne+7	Ne+8	Ne+9	Ne+10
 1.54284e+22	0.00e+00	0.00e+00	0.00e+00	0.00e+00	1.65e-24	6.97e-20	1.12e-15	1.17e-11	4.26e-07	1.30e-03	9.99e-01
 3.46795e+22	0.00e+00	0.00e+00	0.00e+00	1.62e-28	1.87e-23	5.25e-19	5.82e-15	4.05e-11	9.71e-07	1.96e-03	9.98e-01
 4.07859e+22	0.00e+00	0.00e+00	0.00e+00	8.53e-28	7.76e-23	1.74e-18	1.52e-14	8.34e-11	1.57e-06	2.50e-03	9.98e-01
 4.48964e+22	0.00e+00	0.00e+00	0.00e+00	3.22e-27	2.42e-22	4.49e-18	3.25e-14	1.48e-10	2.30e-06	3.02e-03	9.97e-01
 4.71800e+22	0.00e+00	0.00e+00	1.43e-32	4.50e-27	3.23e-22	5.71e-18	3.95e-14	1.71e-10	2.54e-06	3.17e-03	9.97e-01
 4.82304e+22	0.00e+00	0.00e+00	2.30e-32	6.82e-27	4.61e-22	7.68e-18	5.01e-14	2.05e-10	2.86e-06	3.37e-03	9.97e-01
 4.93784e+22	0.00e+00	0.00e+00	3.64e-32	1.02e-26	6.51e-22	1.02e-17	6.30e-14	2.43e-10	3.21e-06	3.57e-03	9.96e-01
 5.04754e+22	0.00e+00	0.00e+00	5.63e-32	1.49e-26	9.03e-22	1.35e-17	7.85e-14	2.87e-10	3.59e-06	3.77e-03	9.96e-01
 5.17235e+22	0.00e+00	0.00e+00	9.93e-32	2.45e-26	1.38e-21	1.92e-17	1.04e-13	3.56e-10	4.14e-06	4.05e-03	9.96e-01
 5.29654e+22	0.00e+00	0.00e+00	1.56e-31	3.64e-26	1.94e-21	2.54e-17	1.31e-13	4.22e-10	4.64e-06	4.29e-03	9.96e-01
 5.40377e+22	0.00e+00	0.00e+00	2.40e-31	5.32e-26	2.69e-21	3.34e-17	1.63e-13	4.98e-10	5.18e-06	4.53e-03	9.95e-01
 5.50188e+22	0.00e+00	0.00e+00	3.54e-31	7.47e-26	3.60e-21	4.26e-17	1.98e-13	5.76e-10	5.71e-06	4.75e-03	9.95e-01
 5.58918e+22	0.00e+00	0.00e+00	5.04e-31	1.02e-25	4.69e-21	5.32e-17	2.37e-13	6.59e-10	6.24e-06	4.97e-03	9.95e-01
 5.68754e+22	0.00e+00	0.00e+00	7.66e-31	1.47e-25	6.43e-21	6.92e-17	2.92e-13	7.73e-10	6.94e-06	5.24e-03	9.95e-01
 5.79284e+22	0.00e+00	0.00e+00	1.15e-30	2.10e-25	8.75e-21	8.95e-17	3.59e-13	9.03e-10	7.70e-06	5.52e-03	9.94e-01
 5.88677e+22	0.00e+00	0.00e+00	1.68e-30	2.92e-25	1.16e-20	1.13e-16	4.34e-13	1.04e-09	8.47e-06	5.79e-03	9.94e-01
 5.97477e+22	0.00e+00	0.00e+00	2.40e-30	4.00e-25	1.52e-20	1.42e-16	5.20e-13	1.19e-09	9.27e-06	6.06e-03	9.94e-01
 6.07543e+22	0.00e+00	0.00e+00	3.66e-30	5.80e-25	2.09e-20	1.85e-16	6.44e-13	1.40e-09	1.03e-05	6.39e-03	9.94e-01
 6.18234e+22	0.00e+00	0.00e+00	5.56e-30	8.35e-25	2.86e-20	2.40e-16	7.95e-13	1.64e-09	1.15e-05	6.74e-03	9.93e-01
 6.27598e+22	0.00e+00	0.00e+00	8.05e-30	1.16e-24	3.78e-20	3.03e-16	9.59e-13	1.89e-09	1.26e-05	7.06e-03	9.93e-01
 6.37631e+22	0.00e+00	0.00e+00	1.23e-29	1.68e-24	5.21e-20	3.97e-16	1.19e-12	2.23e-09	1.41e-05	7.45e-03	9.93e-01
 6.47386e+22	0.00e+00	0.00e+00	1.77e-29	2.30e-24	6.83e-20	4.97e-16	1.43e-12	2.55e-09	1.54e-05	7.80e-03	9.92e-01
 6.55090e+22	0.00e+00	0.00e+00	2.41e-29	3.02e-24	8.61e-20	6.03e-16	1.67e-12	2.87e-09	1.66e-05	8.11e-03	9.92e-01
 6.63416e+22	0.00e+00	0.00e+00	3.40e-29	4.09e-24	1.12e-19	7.50e-16	1.99e-12	3.28e-09	1.82e-05	8.47e-03	9.92e-01
 6.72530e+22	0.00e+00	0.00e+00	4.86e-29	5.59e-24	1.47e-19	9.41e-16	2.38e-12	3.76e-09	1.99e-05	8.87e-03	9.91e-01
 6.80766e+22	0.00e+00	0.00e+00	6.64e-29	7.35e-24	1.85e-19	1.14e-15	2.79e-12	4.23e-09	2.16e-05	9.23e-03	9.91e-01
 6.89570e+22	0.00e+00	0.00e+00	9.59e-29	1.01e-23	2.45e-19	1.44e-15	3.36e-12	4.87e-09	2.37e-05	9.67e-03	9.90e-01
 6.98827e+22	0.00e+00	0.00e+00	1.37e-28	1.39e-23	3.20e-19	1.81e-15	4.03e-12	5.58e-09	2.60e-05	1.01e-02	9.90e-01
 7.06971e+22	0.00e+00	0.00e+00	1.89e-28	1.84e-23	4.07e-19	2.21e-15	4.73e-12	6.31e-09	2.81e-05	1.05e-02	9.89e-01
 7.15856e+22	0.00e+00	0.00e+00	2.74e-28	2.55e-23	5.40e-19	2.80e-15	5.72e-12	7.28e-09	3.10e-05	1.10e-02	9.89e-01
 7.24510e+22	0.00e+00	0.00e+00	3.78e-28	3.38e-23	6.87e-19	3.42e-15	6.73e-12	8.22e-09	3.36e-05	1.15e-02	9.88e-01
 7.31310e+22	0.00e+00	0.00e+00	4.93e-28	4.26e-23	8.39e-19	4.04e-15	7.69e-12	9.10e-09	3.59e-05	1.19e-02	9.88e-01
 7.38598e+22	0.00e+00	0.00e+00	6.67e-28	5.55e-23	1.05e-18	4.89e-15	8.97e-12	1.02e-08	3.88e-05	1.24e-02	9.88e-01
 7.46598e+22	0.00e+00	1.55e-33	9.03e-28	7.24e-23	1.32e-18	5.92e-15	1.05e-11	1.15e-08	4.20e-05	1.28e-02	9.87e-01
 7.54174e+22	0.00e+00	2.16e-33	1.21e-27	9.40e-23	1.66e-18	7.13e-15	1.22e-11	1.29e-08	4.52e-05	1.33e-02	9.87e-01
 7.61515e+22	0.00e+00	3.01e-33	1.63e-27	1.22e-22	2.07e-18	8.59e-15	1.41e-11	1.44e-08	4.88e-05	1.38e-02	9.86e-01
 7.68626e+22	0.00e+00	4.11e-33	2.15e-27	1.55e-22	2.55e-18	1.02e-14	1.62e-11	1.60e-08	5.23e-05	1.43e-02	9.86e-01
 7.76602e+22	0.00e+00	5.95e-33	2.99e-27	2.07e-22	3.27e-18	1.26e-14	1.92e-11	1.82e-08	5.70e-05	1.50e-02	9.85e-01
 7.84940e+22	0.00e+00	8.52e-33	4.12e-27	2.74e-22	4.16e-18	1.54e-14	2.26e-11	2.05e-08	6.18e-05	1.56e-02	9.84e-01
 7.92194e+22	0.00e+00	1.17e-32	5.48e-27	3.52e-22	5.15e-18	1.84e-14	2.61e-11	2.29e-08	6.65e-05	1.61e-02	9.84e-01
 7.98631e+22	0.00e+00	1.56e-32	7.05e-27	4.40e-22	6.23e-18	2.16e-14	2.97e-11	2.52e-08	7.09e-05	1.67e-02	9.83e-01
 8.05564e+22	0.00e+00	2.13e-32	9.34e-27	5.62e-22	7.70e-18	2.58e-14	3.42e-11	2.81e-08	7.62e-05	1.73e-02	9.83e-01
 8.13042e+22	0.00e+00	2.94e-32	1.24e-26	7.23e-22	9.56e-18	3.09e-14	3.96e-11	3.13e-08	8.19e-05	1.79e-02	9.82e-01
 8.19832e+22	0.00e+00	3.95e-32	1.61e-26	9.09e-22	1.16e-17	3.65e-14	4.52e-11	3.46e-08	8.76e-05	1.85e-02	9.81e-01
 8.27260e+22	0.00e+00	5.58e-32	2.20e-26	1.19e-21	1.47e-17	4.43e-14	5.29e-11	3.90e-08	9.49e-05	1.93e-02	9.81e-01
 8.35021e+22	0.00e+00	7.80e-32	2.96e-26	1.55e-21	1.84e-17	5.35e-14	6.15e-11	4.37e-08	1.02e-04	2.00e-02	9.80e-01
 8.41582e+22	0.00e+00	1.04e-31	3.82e-26	1.94e-21	2.23e-17	6.28e-14	7.00e-11	4.82e-08	1.09e-04	2.06e-02	9.79e-01
 8.48478e+22	0.00e+00	1.43e-31	5.08e-26	2.49e-21	2.76e-17	7.52e-14	8.10e-11	5.38e-08	1.18e-04	2.14e-02	9.78e-01
 8.55851e+22	0.00e+00	1.96e-31	6.73e-26	3.18e-21	3.42e-17	8.98e-14	9.34e-11	5.99e-08	1.26e-04	2.22e-02	9.78e-01
 8.62534e+22	0.00e+00	2.62e-31	8.72e-26	4.00e-21	4.16e-17	1.06e-13	1.07e-10	6.62e-08	1.35e-04	2.29e-02	9.77e-01
 8.69910e+22	0.00e+00	3.70e-31	1.18e-25	5.23e-21	5.24e-17	1.28e-13	1.25e-10	7.45e-08	1.46e-04	2.38e-02	9.76e-01
 8.77652e+22	0.00e+00	5.16e-31	1.59e-25	6.78e-21	6.55e-17	1.55e-13	1.45e-10	8.34e-08	1.57e-04	2.47e-02	9.75e-01
 8.84129e+22	0.00e+00	6.84e-31	2.05e-25	8.45e-21	7.91e-17	1.81e-13	1.64e-10	9.18e-08	1.68e-04	2.55e-02	9.74e-01
 8.89914e+22	0.00e+00	8.73e-31	2.55e-25	1.02e-20	9.33e-17	2.08e-13	1.84e-10	9.99e-08	1.78e-04	2.62e-02	9.74e-01
 8.96540e+22	0.00e+00	1.19e-30	3.35e-25	1.30e-20	1.15e-16	2.48e-13	2.12e-10	1.11e-07	1.91e-04	2.72e-02	9.73e-01
 9.03718e+22	0.00e+00	1.62e-30	4.42e-25	1.66e-20	1.42e-16	2.95e-13	2.44e-10	1.24e-07	2.05e-04	2.81e-02	9.72e-01
 9.10350e+22	0.00e+00	2.18e-30	5.75e-25	2.09e-20	1.73e-16	3.48e-13	2.78e-10	1.37e-07	2.19e-04	2.91e-02	9.71e-01
 9.17710e+22	0.00e+00	3.08e-30	7.83e-25	2.74e-20	2.18e-16	4.23e-13	3.26e-10	1.54e-07	2.37e-04	3.02e-02	9.70e-01
 9.25188e+22	0.00e+00	4.26e-30	1.04e-24	3.53e-20	2.71e-16	5.08e-13	3.77e-10	1.72e-07	2.55e-04	3.14e-02	9.68e-01
 9.31327e+22	0.00e+00	5.58e-30	1.33e-24	4.36e-20	3.25e-16	5.91e-13	4.26e-10	1.88e-07	2.71e-04	3.23e-02	9.67e-01
 9.37815e+22	0.00e+00	7.58e-30	1.74e-24	5.54e-20	3.99e-16	7.03e-13	4.90e-10	2.09e-07	2.91e-04	3.35e-02	9.66e-01
 9.44863e+22	0.00e+00	1.03e-29	2.30e-24	7.06e-20	4.91e-16	8.37e-13	5.64e-10	2.33e-07	3.12e-04	3.46e-02	9.65e-01
 9.51401e+22	0.00e+00	1.38e-29	2.97e-24	8.83e-20	5.96e-16	9.83e-13	6.42e-10	2.57e-07	3.33e-04	3.58e-02	9.64e-01
 9.58663e+22	0.00e+00	1.95e-29	4.04e-24	1.16e-19	7.52e-16	1.20e-12	7.51e-10	2.89e-07	3.60e-04	3.72e-02	9.62e-01
 9.66283e+22	0.00e+00	2.76e-29	5.51e-24	1.52e-19	9.50e-16	1.45e-12	8.78e-10	3.25e-07	3.90e-04	3.86e-02	9.61e-01
 9.72582e+22	0.00e+00	3.60e-29	6.97e-24	1.87e-19	1.14e-15	1.69e-12	9.91e-10	3.56e-07	4.14e-04	3.98e-02	9.60e-01
 9.78987e+22	0.00e+00	4.94e-29	9.24e-24	2.39e-19	1.40e-15	2.02e-12	1.14e-09	3.96e-07	4.45e-04	4.12e-02	9.58e-01
 9.85884e+22	0.00e+00	6.73e-29	1.22e-23	3.04e-19	1.73e-15	2.40e-12	1.31e-09	4.40e-07	4.77e-04	4.26e-02	9.57e-01
 9.92289e+22	0.00e+00	9.00e-29	1.58e-23	3.82e-19	2.10e-15	2.82e-12	1.50e-09	4.85e-07	5.09e-04	4.40e-02	9.55e-01
 9.99483e+22	0.00e+00	1.32e-28	2.22e-23	5.15e-19	2.71e-15	3.50e-12	1.78e-09	5.52e-07	5.55e-04	4.59e-02	9.54e-01
 1.00638e+23	0.00e+00	1.75e-28	2.84e-23	6.40e-19	3.27e-15	4.10e-12	2.02e-09	6.07e-07	5.91e-04	4.74e-02	9.52e-01
 1.01291e+23	0.00e+00	2.45e-28	3.83e-23	8.32e-19	4.10e-15	4.95e-12	2.35e-09	6.80e-07	6.38e-04	4.91e-02	9.50e-01
 1.01968e+23	0.00e+00	3.33e-28	5.03e-23	1.06e-18	5.03e-15	5.87e-12	2.69e-09	7.53e-07	6.83e-04	5.08e-02	9.49e-01
 1.02573e+23	0.00e+00	4.41e-28	6.47e-23	1.32e-18	6.08e-15	6.87e-12	3.06e-09	8.28e-07	7.27e-04	5.24e-02	9.47e-01
 1.03252e+23	0.00e+00	6.36e-28	8.94e-23	1.75e-18	7.76e-15	8.43e-12	3.60e-09	9.35e-07	7.88e-04	5.45e-02	9.45e-01
 1.03950e+23	4.19e-34	8.71e-28	1.18e-22	2.23e-18	9.58e-15	1.01e-11	4.14e-09	1.04e-06	8.45e-04	5.64e-02	9.43e-01
 1.04547e+23	5.83e-34	1.17e-27	1.54e-22	2.81e-18	1.17e-14	1.19e-11	4.72e-09	1.15e-06	9.02e-04	5.82e-02	9.41e-01
 1.05108e+23	7.93e-34	1.54e-27	1.96e-22	3.48e-18	1.40e-14	1.38e-11	5.34e-09	1.25e-06	9.59e-04	5.99e-02	9.39e-01
 1.05749e+23	1.17e-33	2.19e-27	2.68e-22	4.57e-18	1.77e-14	1.68e-11	6.24e-09	1.41e-06	1.04e-03	6.22e-02	9.37e-01
 1.06410e+23	1.68e-33	3.02e-27	3.56e-22	5.85e-18	2.19e-14	2.01e-11	7.18e-09	1.56e-06	1.11e-03	6.43e-02	9.35e-01
 1.06992e+23	2.36e-33	4.10e-27	4.67e-22	7.42e-18	2.69e-14	2.38e-11	8.22e-09	1.73e-06	1.19e-03	6.64e-02	9.32e-01
 1.07643e+23	3.58e-33	5.94e-27	6.49e-22	9.90e-18	3.44e-14	2.92e-11	9.69e-09	1.95e-06	1.29e-03	6.90e-02	9.30e-01
 1.08287e+23	5.08e-33	8.14e-27	8.58e-22	1.26e-17	4.24e-14	3.48e-11	1.11e-08	2.16e-06	1.38e-03	7.13e-02	9.27e-01
 1.08821e+23	6.95e-33	1.08e-26	1.10e-21	1.57e-17	5.11e-14	4.07e-11	1.26e-08	2.37e-06	1.46e-03	7.34e-02	9.25e-01
 1.09414e+23	1.02e-32	1.53e-26	1.50e-21	2.05e-17	6.43e-14	4.93e-11	1.47e-08	2.65e-06	1.57e-03	7.60e-02	9.22e-01
 1.10035e+23	1.47e-32	2.11e-26	2.00e-21	2.64e-17	7.98e-14	5.90e-11	1.69e-08	2.94e-06	1.69e-03	7.86e-02	9.20e-01
 1.10591e+23	2.06e-32	2.85e-26	2.60e-21	3.33e-17	9.74e-14	6.96e-11	1.93e-08	3.24e-06	1.80e-03	8.10e-02	9.17e-01
 1.11211e+23	3.16e-32	4.18e-26	3.65e-21	4.47e-17	1.26e-13	8.60e-11	2.28e-08	3.67e-06	1.95e-03	8.42e-02	9.14e-01
 1.11844e+23	4.59e-32	5.84e-26	4.91e-21	5.80e-17	1.57e-13	1.04e-10	2.63e-08	4.08e-06	2.09e-03	8.71e-02	9.11e-01
 1.12380e+23	6.46e-32	7.93e-26	6.43e-21	7.34e-17	1.92e-13	1.22e-10	3.01e-08	4.50e-06	2.23e-03	8.98e-02	9.08e-01
 1.12884e+23	8.78e-32	1.04e-25	8.21e-21	9.08e-17	2.30e-13	1.43e-10	3.39e-08	4.91e-06	2.36e-03	9.23e-02	9.05e-01
 1.13462e+23	1.33e-31	1.51e-25	1.14e-20	1.21e-16	2.95e-13	1.75e-10	3.98e-08	5.53e-06	2.55e-03	9.57e-02	9.02e-01
 1.14055e+23	1.92e-31	2.10e-25	1.52e-20	1.56e-16	3.66e-13	2.10e-10	4.59e-08	6.13e-06	2.73e-03	9.88e-02	8.98e-01
 1.14578e+23	2.72e-31	2.87e-25	2.01e-20	1.98e-16	4.50e-13	2.49e-10	5.25e-08	6.76e-06	2.91e-03	1.02e-01	8.95e-01
 1.15166e+23	4.20e-31	4.24e-25	2.83e-20	2.68e-16	5.82e-13	3.08e-10	6.22e-08	7.65e-06	3.15e-03	1.06e-01	8.91e-01
 1.15752e+23	5.94e-31	5.77e-25	3.73e-20	3.40e-16	7.15e-13	3.66e-10	7.11e-08	8.44e-06	3.36e-03	1.09e-01	8.88e-01
 1.16255e+23	8.49e-31	7.95e-25	4.94e-20	4.35e-16	8.82e-13	4.36e-10	8.15e-08	9.32e-06	3.59e-03	1.12e-01	8.84e-01
 1.16830e+23	1.31e-30	1.17e-24	6.94e-20	5.85e-16	1.14e-12	5.38e-10	9.63e-08	1.05e-05	3.88e-03	1.16e-01	8.80e-01
 1.17412e+23	1.87e-30	1.61e-24	9.23e-20	7.50e-16	1.41e-12	6.43e-10	1.11e-07	1.16e-05	4.14e-03	1.20e-01	8.76e-01
 1.17918e+23	2.67e-30	2.22e-24	1.22e-19	9.60e-16	1.74e-12	7.66e-10	1.27e-07	1.28e-05	4.42e-03	1.24e-01	8.72e-01
 1.18492e+23	4.21e-30	3.33e-24	1.75e-19	1.31e-15	2.28e-12	9.57e-10	1.51e-07	1.46e-05	4.79e-03	1.28e-01	8.67e-01
 1.19068e+23	6.01e-30	4.58e-24	2.32e-19	1.68e-15	2.81e-12	1.14e-09	1.73e-07	1.61e-05	5.11e-03	1.32e-01	8.63e-01
 1.19568e+23	8.62e-30	6.32e-24	3.09e-19	2.15e-15	3.48e-12	1.36e-09	1.99e-07	1.78e-05	5.45e-03	1.36e-01	8.58e-01
 1.20136e+23	1.33e-29	9.31e-24	4.35e-19	2.90e-15	4.49e-12	1.68e-09	2.35e-07	2.01e-05	5.89e-03	1.41e-01	8.53e-01
 1.20721e+23	2.00e-29	1.34e-23	6.01e-19	3.85e-15	5.71e-12	2.06e-09	2.74e-07	2.25e-05	6.32e-03	1.46e-01	8.48e-01
 1.21227e+23	2.85e-29	1.84e-23	7.95e-19	4.91e-15	7.04e-12	2.44e-09	3.14e-07	2.48e-05	6.73e-03	1.50e-01	8.43e-01
 1.21786e+23	4.42e-29	2.73e-23	1.13e-18	6.65e-15	9.13e-12	3.03e-09	3.72e-07	2.80e-05	7.28e-03	1.55e-01	8.37e-01
 1.22357e+23	6.54e-29	3.88e-23	1.53e-18	8.70e-15	1.15e-11	3.67e-09	4.31e-07	3.11e-05	7.79e-03	1.60e-01	8.32e-01
 1.22841e+23	9.20e-29	5.27e-23	2.01e-18	1.10e-14	1.41e-11	4.34e-09	4.91e-07	3.42e-05	8.27e-03	1.65e-01	8.27e-01
 1.23367e+23	1.42e-28	7.78e-23	2.84e-18	1.49e-14	1.82e-11	5.37e-09	5.80e-07	3.85e-05	8.92e-03	1.70e-01	8.21e-01
 1.23906e+23	2.09e-28	1.10e-22	3.84e-18	1.94e-14	2.28e-11	6.48e-09	6.70e-07	4.27e-05	9.53e-03	1.75e-01	8.15e-01
 1.24345e+23	2.84e-28	1.44e-22	4.90e-18	2.39e-14	2.74e-11	7.53e-09	7.53e-07	4.64e-05	1.00e-02	1.79e-01	8.10e-01
 1.24796e+23	4.18e-28	2.04e-22	6.64e-18	3.12e-14	3.43e-11	9.09e-09	8.71e-07	5.15e-05	1.07e-02	1.85e-01	8.05e-01
 1.25230e+23	5.59e-28	2.65e-22	8.36e-18	3.82e-14	4.08e-11	1.05e-08	9.72e-07	5.57e-05	1.13e-02	1.89e-01	8.00e-01
 1.25580e+23	7.46e-28	3.43e-22	1.05e-17	4.65e-14	4.83e-11	1.20e-08	1.08e-06	6.02e-05	1.18e-02	1.93e-01	7.95e-01
 1.25924e+23	9.79e-28	4.37e-22	1.30e-17	5.60e-14	5.67e-11	1.37e-08	1.20e-06	6.47e-05	1.24e-02	1.97e-01	7.91e-01
 1.26260e+23	1.26e-27	5.49e-22	1.59e-17	6.68e-14	6.58e-11	1.56e-08	1.32e-06	6.93e-05	1.29e-02	2.00e-01	7.87e-01
 1.26639e+23	1.78e-27	7.47e-22	2.09e-17	8.46e-14	8.06e-11	1.84e-08	1.50e-06	7.60e-05	1.37e-02	2.05e-01	7.81e-01
 1.27015e+23	2.35e-27	9.58e-22	2.60e-17	1.02e-13	9.48e-11	2.10e-08	1.67e-06	8.17e-05	1.43e-02	2.09e-01	7.76e-01
 1.27337e+23	3.07e-27	1.21e-21	3.20e-17	1.23e-13	1.11e-10	2.39e-08	1.84e-06	8.77e-05	1.50e-02	2.13e-01	7.72e-01
 1.27645e+23	3.96e-27	1.53e-21	3.92e-17	1.46e-13	1.29e-10	2.71e-08	2.02e-06	9.38e-05	1.56e-02	2.17e-01	7.67e-01
 1.27942e+23	5.05e-27	1.90e-21	4.75e-17	1.73e-13	1.48e-10	3.04e-08	2.22e-06	1.00e-04	1.63e-02	2.21e-01	7.63e-01
 1.28281e+23	6.95e-27	2.53e-21	6.11e-17	2.15e-13	1.79e-10	3.55e-08	2.49e-06	1.09e-04	1.71e-02	2.26e-01	7.57e-01
 1.28625e+23	8.97e-27	3.17e-21	7.47e-17	2.56e-13	2.08e-10	4.02e-08	2.74e-06	1.16e-04	1.79e-02	2.30e-01	7.52e-01
 1.28974e+23	1.27e-26	4.34e-21	9.85e-17	3.26e-13	2.55e-10	4.76e-08	3.12e-06	1.27e-04	1.89e-02	2.35e-01	7.46e-01
 1.29317e+23	1.64e-26	5.46e-21	1.20e-16	3.88e-13	2.96e-10	5.38e-08	3.43e-06	1.36e-04	1.97e-02	2.39e-01	7.41e-01
 1.29598e+23	2.13e-26	6.87e-21	1.47e-16	4.62e-13	3.44e-10	6.09e-08	3.77e-06	1.46e-04	2.05e-02	2.43e-01	7.36e-01
 1.29862e+23	2.69e-26	8.50e-21	1.78e-16	5.44e-13	3.95e-10	6.82e-08	4.12e-06	1.55e-04	2.13e-02	2.47e-01	7.31e-01
 1.30158e+23	3.63e-26	1.11e-20	2.25e-16	6.66e-13	4.69e-10	7.87e-08	4.59e-06	1.67e-04	2.23e-02	2.52e-01	7.25e-01
 1.30463e+23	4.75e-26	1.41e-20	2.78e-16	8.01e-13	5.49e-10	8.95e-08	5.07e-06	1.79e-04	2.33e-02	2.57e-01	7.20e-01
 1.30730e+23	5.99e-26	1.74e-20	3.34e-16	9.38e-13	6.29e-10	1.00e-07	5.52e-06	1.90e-04	2.42e-02	2.60e-01	7.15e-01
 1.31026e+23	8.36e-26	2.34e-20	4.33e-16	1.18e-12	7.63e-10	1.17e-07	6.23e-06	2.07e-04	2.54e-02	2.66e-01	7.09e-01
 1.31323e+23	1.08e-25	2.94e-20	5.29e-16	1.40e-12	8.84e-10	1.32e-07	6.84e-06	2.21e-04	2.65e-02	2.70e-01	7.03e-01
 1.31620e+23	1.50e-25	3.96e-20	6.88e-16	1.76e-12	1.07e-09	1.55e-07	7.72e-06	2.40e-04	2.79e-02	2.76e-01	6.96e-01
 1.31923e+23	1.97e-25	5.05e-20	8.51e-16	2.11e-12	1.26e-09	1.77e-07	8.52e-06	2.57e-04	2.91e-02	2.80e-01	6.90e-01
 1.32182e+23	2.52e-25	6.30e-20	1.03e-15	2.50e-12	1.45e-09	1.99e-07	9.33e-06	2.74e-04	3.02e-02	2.84e-01	6.85e-01
 1.32470e+23	3.61e-25	8.68e-20	1.37e-15	3.19e-12	1.78e-09	2.36e-07	1.06e-05	3.00e-04	3.19e-02	2.91e-01	6.77e-01
 1.32753e+23	4.59e-25	1.08e-19	1.65e-15	3.75e-12	2.05e-09	2.64e-07	1.16e-05	3.18e-04	3.31e-02	2.95e-01	6.72e-01
 1.33029e+23	6.49e-25	1.47e-19	2.17e-15	4.74e-12	2.50e-09	3.12e-07	1.31e-05	3.47e-04	3.48e-02	3.01e-01	6.64e-01
 1.33300e+23	8.15e-25	1.80e-19	2.60e-15	5.54e-12	2.85e-09	3.47e-07	1.43e-05	3.68e-04	3.61e-02	3.05e-01	6.59e-01
 1.33564e+23	1.16e-24	2.47e-19	3.43e-15	7.03e-12	3.50e-09	4.11e-07	1.62e-05	4.02e-04	3.80e-02	3.11e-01	6.51e-01
 1.33827e+23	1.46e-24	3.04e-19	4.11e-15	8.23e-12	4.00e-09	4.59e-07	1.76e-05	4.26e-04	3.94e-02	3.15e-01	6.45e-01
 1.34086e+23	2.08e-24	4.16e-19	5.42e-15	1.04e-11	4.90e-09	5.42e-07	2.00e-05	4.65e-04	4.15e-02	3.21e-01	6.37e-01
 1.34348e+23	2.67e-24	5.21e-19	6.59e-15	1.24e-11	5.66e-09	6.11e-07	2.19e-05	4.95e-04	4.31e-02	3.25e-01	6.31e-01
 1.34612e+23	3.83e-24	7.18e-19	8.73e-15	1.58e-11	6.96e-09	7.24e-07	2.50e-05	5.41e-04	4.54e-02	3.32e-01	6.22e-01
 1.34880e+23	4.98e-24	9.10e-19	1.07e-14	1.88e-11	8.10e-09	8.21e-07	2.75e-05	5.78e-04	4.73e-02	3.36e-01	6.16e-01
 1.35153e+23	7.13e-24	1.25e-18	1.42e-14	2.40e-11	9.97e-09	9.75e-07	3.13e-05	6.32e-04	4.98e-02	3.43e-01	6.07e-01
 1.35423e+23	9.33e-24	1.60e-18	1.76e-14	2.88e-11	1.16e-08	1.11e-06	3.46e-05	6.76e-04	5.19e-02	3.48e-01	6.00e-01
 1.35689e+23	1.33e-23	2.20e-18	2.33e-14	3.67e-11	1.43e-08	1.31e-06	3.94e-05	7.39e-04	5.47e-02	3.54e-01	5.91e-01
 1.35960e+23	1.77e-23	2.83e-18	2.90e-14	4.44e-11	1.68e-08	1.50e-06	4.37e-05	7.94e-04	5.70e-02	3.59e-01	5.83e-01
 1.36237e+23	2.56e-23	3.95e-18	3.88e-14	5.70e-11	2.09e-08	1.80e-06	5.01e-05	8.71e-04	6.03e-02	3.66e-01	5.73e-01
 1.36516e+23	3.42e-23	5.11e-18	4.87e-14	6.94e-11	2.47e-08	2.07e-06	5.57e-05	9.37e-04	6.29e-02	3.71e-01	5.65e-01
 1.36799e+23	4.99e-23	7.18e-18	6.56e-14	8.96e-11	3.07e-08	2.48e-06	6.41e-05	1.03e-03	6.65e-02	3.78e-01	5.55e-01
 1.37084e+23	6.66e-23	9.30e-18	8.23e-14	1.09e-10	3.63e-08	2.85e-06	7.14e-05	1.11e-03	6.94e-02	3.83e-01	5.46e-01
 1.37330e+23	8.83e-23	1.20e-17	1.03e-13	1.32e-10	4.28e-08	3.27e-06	7.93e-05	1.19e-03	7.24e-02	3.88e-01	5.38e-01
 1.37608e+23	1.26e-22	1.65e-17	1.36e-13	1.68e-10	5.27e-08	3.89e-06	9.07e-05	1.31e-03	7.64e-02	3.94e-01	5.28e-01
 1.37887e+23	1.66e-22	2.12e-17	1.69e-13	2.03e-10	6.19e-08	4.45e-06	1.01e-04	1.40e-03	7.96e-02	3.99e-01	5.20e-01
 1.38166e+23	2.38e-22	2.92e-17	2.25e-13	2.59e-10	7.65e-08	5.31e-06	1.15e-04	1.54e-03	8.40e-02	4.06e-01	5.09e-01
 1.38446e+23	3.08e-22	3.68e-17	2.75e-13	3.09e-10	8.90e-08	6.03e-06	1.27e-04	1.65e-03	8.73e-02	4.10e-01	5.01e-01
 1.38729e+23	4.34e-22	5.01e-17	3.61e-13	3.90e-10	1.09e-07	7.14e-06	1.45e-04	1.80e-03	9.18e-02	4.16e-01	4.90e-01
 1.39021e+23	5.72e-22	6.42e-17	4.49e-13	4.71e-10	1.28e-07	8.19e-06	1.61e-04	1.94e-03	9.57e-02	4.21e-01	4.81e-01
 1.39324e+23	8.13e-22	8.81e-17	5.94e-13	6.00e-10	1.58e-07	9.76e-06	1.85e-04	2.13e-03	1.01e-01	4.27e-01	4.70e-01
 1.39633e+23	1.06e-21	1.12e-16	7.36e-13	7.22e-10	1.85e-07	1.12e-05	2.06e-04	2.28e-03	1.05e-01	4.31e-01	4.61e-01
 1.39949e+23	1.50e-21	1.54e-16	9.69e-13	9.16e-10	2.28e-07	1.33e-05	2.36e-04	2.50e-03	1.11e-01	4.37e-01	4.50e-01
 1.40272e+23	1.97e-21	1.96e-16	1.20e-12	1.10e-09	2.68e-07	1.52e-05	2.62e-04	2.69e-03	1.15e-01	4.41e-01	4.41e-01
 1.40601e+23	2.77e-21	2.67e-16	1.58e-12	1.40e-09	3.29e-07	1.81e-05	3.00e-04	2.95e-03	1.21e-01	4.47e-01	4.29e-01
 1.40933e+23	3.59e-21	3.37e-16	1.94e-12	1.67e-09	3.84e-07	2.07e-05	3.33e-04	3.16e-03	1.26e-01	4.50e-01	4.20e-01
 1.41268e+23	4.98e-21	4.53e-16	2.52e-12	2.10e-09	4.68e-07	2.44e-05	3.79e-04	3.46e-03	1.33e-01	4.55e-01	4.09e-01
 1.41610e+23	6.45e-21	5.72e-16	3.10e-12	2.51e-09	5.47e-07	2.79e-05	4.20e-04	3.71e-03	1.38e-01	4.59e-01	3.99e-01
 1.41908e+23	8.16e-21	7.08e-16	3.74e-12	2.96e-09	6.31e-07	3.15e-05	4.62e-04	3.96e-03	1.43e-01	4.62e-01	3.91e-01
 1.42238e+23	1.11e-20	9.33e-16	4.78e-12	3.66e-09	7.60e-07	3.68e-05	5.23e-04	4.30e-03	1.49e-01	4.66e-01	3.80e-01
 1.42570e+23	1.38e-20	1.14e-15	5.72e-12	4.28e-09	8.70e-07	4.13e-05	5.72e-04	4.57e-03	1.54e-01	4.68e-01	3.72e-01
 1.42903e+23	1.85e-20	1.49e-15	7.24e-12	5.25e-09	1.04e-06	4.80e-05	6.44e-04	4.95e-03	1.61e-01	4.72e-01	3.62e-01
 1.43244e+23	2.32e-20	1.83e-15	8.69e-12	6.16e-09	1.20e-06	5.40e-05	7.06e-04	5.27e-03	1.67e-01	4.74e-01	3.53e-01
 1.43546e+23	2.89e-20	2.23e-15	1.04e-11	7.19e-09	1.37e-06	6.06e-05	7.73e-04	5.60e-03	1.72e-01	4.76e-01	3.45e-01
 1.43889e+23	3.85e-20	2.89e-15	1.31e-11	8.79e-09	1.63e-06	7.03e-05	8.69e-04	6.06e-03	1.80e-01	4.79e-01	3.35e-01
 1.44230e+23	4.71e-20	3.47e-15	1.54e-11	1.01e-08	1.85e-06	7.81e-05	9.43e-04	6.40e-03	1.85e-01	4.80e-01	3.28e-01
 1.44569e+23	6.17e-20	4.44e-15	1.92e-11	1.23e-08	2.18e-06	9.00e-05	1.05e-03	6.90e-03	1.92e-01	4.82e-01	3.18e-01
 1.44915e+23	7.56e-20	5.35e-15	2.26e-11	1.42e-08	2.47e-06	1.00e-04	1.15e-03	7.30e-03	1.98e-01	4.83e-01	3.10e-01
 1.45270e+23	9.90e-20	6.84e-15	2.82e-11	1.72e-08	2.93e-06	1.15e-04	1.28e-03	7.87e-03	2.06e-01	4.85e-01	3.00e-01
 1.45631e+23	1.22e-19	8.24e-15	3.33e-11	1.99e-08	3.32e-06	1.28e-04	1.39e-03	8.32e-03	2.12e-01	4.85e-01	2.93e-01
 1.46001e+23	1.59e-19	1.05e-14	4.15e-11	2.41e-08	3.93e-06	1.48e-04	1.56e-03	8.97e-03	2.20e-01	4.86e-01	2.83e-01
 1.46377e+23	1.96e-19	1.27e-14	4.91e-11	2.79e-08	4.46e-06	1.65e-04	1.69e-03	9.49e-03	2.26e-01	4.87e-01	2.76e-01
 1.46763e+23	2.57e-19	1.63e-14	6.13e-11	3.38e-08	5.28e-06	1.90e-04	1.89e-03	1.02e-02	2.35e-01	4.87e-01	2.66e-01
 1.47139e+23	3.09e-19	1.93e-14	7.12e-11	3.85e-08	5.92e-06	2.09e-04	2.04e-03	1.07e-02	2.41e-01	4.87e-01	2.59e-01
 1.47505e+23	3.97e-19	2.43e-14	8.75e-11	4.61e-08	6.93e-06	2.39e-04	2.27e-03	1.15e-02	2.50e-01	4.86e-01	2.50e-01
 1.47876e+23	4.77e-19	2.87e-14	1.02e-10	5.25e-08	7.76e-06	2.63e-04	2.44e-03	1.21e-02	2.56e-01	4.86e-01	2.44e-01
 1.48253e+23	6.10e-19	3.59e-14	1.24e-10	6.26e-08	9.04e-06	2.99e-04	2.70e-03	1.29e-02	2.64e-01	4.85e-01	2.35e-01
 1.48643e+23	7.45e-19	4.31e-14	1.46e-10	7.22e-08	1.02e-05	3.32e-04	2.93e-03	1.37e-02	2.71e-01	4.84e-01	2.28e-01
 1.49047e+23	9.54e-19	5.40e-14	1.79e-10	8.62e-08	1.19e-05	3.77e-04	3.23e-03	1.46e-02	2.80e-01	4.82e-01	2.20e-01
 1.49465e+23	1.18e-18	6.54e-14	2.13e-10	1.00e-07	1.36e-05	4.21e-04	3.52e-03	1.54e-02	2.87e-01	4.81e-01	2.13e-01
 1.49899e+23	1.52e-18	8.28e-14	2.63e-10	1.20e-07	1.59e-05	4.80e-04	3.90e-03	1.65e-02	2.97e-01	4.78e-01	2.04e-01
 1.50345e+23	1.89e-18	1.01e-13	3.13e-10	1.40e-07	1.82e-05	5.37e-04	4.25e-03	1.75e-02	3.04e-01	4.76e-01	1.97e-01
 1.50806e+23	2.46e-18	1.28e-13	3.89e-10	1.69e-07	2.14e-05	6.15e-04	4.72e-03	1.87e-02	3.14e-01	4.73e-01	1.89e-01
 1.51281e+23	3.07e-18	1.57e-13	4.66e-10	1.98e-07	2.46e-05	6.89e-04	5.16e-03	1.98e-02	3.23e-01	4.70e-01	1.82e-01
 1.51774e+23	4.05e-18	2.02e-13	5.84e-10	2.41e-07	2.91e-05	7.93e-04	5.74e-03	2.13e-02	3.33e-01	4.66e-01	1.73e-01
 1.52285e+23	5.12e-18	2.50e-13	7.07e-10	2.85e-07	3.36e-05	8.94e-04	6.30e-03	2.26e-02	3.42e-01	4.63e-01	1.66e-01
 1.52747e+23	6.41e-18	3.08e-13	8.51e-10	3.34e-07	3.85e-05	1.00e-03	6.87e-03	2.39e-02	3.50e-01	4.59e-01	1.59e-01
 1.53278e+23	8.53e-18	3.99e-13	1.07e-09	4.09e-07	4.59e-05	1.16e-03	7.67e-03	2.56e-02	3.61e-01	4.53e-01	1.51e-01
 1.53819e+23	1.08e-17	4.95e-13	1.30e-09	4.83e-07	5.30e-05	1.30e-03	8.40e-03	2.72e-02	3.70e-01	4.49e-01	1.44e-01
 1.54374e+23	1.45e-17	6.46e-13	1.65e-09	5.95e-07	6.33e-05	1.51e-03	9.40e-03	2.92e-02	3.81e-01	4.42e-01	1.36e-01
 1.54936e+23	1.83e-17	8.02e-13	2.01e-09	7.04e-07	7.32e-05	1.70e-03	1.03e-02	3.09e-02	3.90e-01	4.37e-01	1.30e-01
 1.55508e+23	2.46e-17	1.05e-12	2.56e-09	8.70e-07	8.78e-05	1.98e-03	1.16e-02	3.33e-02	4.01e-01	4.30e-01	1.22e-01
 1.56087e+23	3.12e-17	1.31e-12	3.11e-09	1.03e-06	1.01e-04	2.23e-03	1.27e-02	3.52e-02	4.10e-01	4.23e-01	1.16e-01
 1.56673e+23	4.20e-17	1.72e-12	3.97e-09	1.28e-06	1.22e-04	2.61e-03	1.42e-02	3.79e-02	4.22e-01	4.15e-01	1.08e-01
 1.57262e+23	5.29e-17	2.12e-12	4.80e-09	1.50e-06	1.41e-04	2.93e-03	1.55e-02	4.01e-02	4.30e-01	4.08e-01	1.03e-01
 1.57755e+23	6.50e-17	2.56e-12	5.70e-09	1.74e-06	1.60e-04	3.26e-03	1.68e-02	4.21e-02	4.38e-01	4.02e-01	9.79e-02
 1.58294e+23	8.45e-17	3.27e-12	7.11e-09	2.12e-06	1.90e-04	3.76e-03	1.88e-02	4.51e-02	4.48e-01	3.92e-01	9.14e-02
 1.58827e+23	1.03e-16	3.91e-12	8.36e-09	2.44e-06	2.14e-04	4.15e-03	2.02e-02	4.72e-02	4.56e-01	3.86e-01	8.70e-02
 1.59350e+23	1.31e-16	4.92e-12	1.03e-08	2.93e-06	2.51e-04	4.75e-03	2.24e-02	5.03e-02	4.65e-01	3.76e-01	8.11e-02
 1.59882e+23	1.59e-16	5.90e-12	1.21e-08	3.38e-06	2.85e-04	5.27e-03	2.42e-02	5.28e-02	4.72e-01	3.69e-01	7.68e-02
 1.60426e+23	2.04e-16	7.42e-12	1.50e-08	4.07e-06	3.35e-04	6.05e-03	2.69e-02	5.63e-02	4.81e-01	3.58e-01	7.12e-02
 1.60976e+23	2.47e-16	8.87e-12	1.77e-08	4.70e-06	3.80e-04	6.72e-03	2.91e-02	5.91e-02	4.87e-01	3.50e-01	6.71e-02
 1.61535e+23	3.13e-16	1.11e-11	2.17e-08	5.65e-06	4.48e-04	7.71e-03	3.24e-02	6.30e-02	4.96e-01	3.39e-01	6.18e-02
 1.62104e+23	3.77e-16	1.33e-11	2.56e-08	6.53e-06	5.09e-04	8.60e-03	3.51e-02	6.63e-02	5.02e-01	3.30e-01	5.78e-02
 1.62687e+23	4.75e-16	1.66e-11	3.16e-08	7.86e-06	6.01e-04	9.90e-03	3.91e-02	7.07e-02	5.09e-01	3.17e-01	5.28e-02
 1.63280e+23	5.68e-16	1.97e-11	3.71e-08	9.10e-06	6.85e-04	1.11e-02	4.25e-02	7.44e-02	5.15e-01	3.07e-01	4.91e-02
 1.63888e+23	7.06e-16	2.44e-11	4.56e-08	1.09e-05	8.08e-04	1.28e-02	4.74e-02	7.94e-02	5.21e-01	2.94e-01	4.44e-02
 1.64503e+23	8.33e-16	2.88e-11	5.33e-08	1.26e-05	9.20e-04	1.42e-02	5.15e-02	8.35e-02	5.25e-01	2.83e-01	4.09e-02
 1.65022e+23	9.60e-16	3.32e-11	6.12e-08	1.43e-05	1.03e-03	1.57e-02	5.56e-02	8.74e-02	5.29e-01	2.74e-01	3.80e-02
 1.65592e+23	1.14e-15	3.95e-11	7.28e-08	1.68e-05	1.19e-03	1.79e-02	6.12e-02	9.26e-02	5.32e-01	2.61e-01	3.43e-02
 1.66164e+23	1.29e-15	4.50e-11	8.29e-08	1.89e-05	1.34e-03	1.97e-02	6.58e-02	9.67e-02	5.34e-01	2.51e-01	3.16e-02
 1.66722e+23	1.48e-15	5.23e-11	9.66e-08	2.18e-05	1.53e-03	2.21e-02	7.18e-02	1.02e-01	5.35e-01	2.39e-01	2.86e-02
 1.67291e+23	1.65e-15	5.90e-11	1.09e-07	2.45e-05	1.71e-03	2.43e-02	7.72e-02	1.06e-01	5.36e-01	2.28e-01	2.62e-02
 1.67851e+23	1.84e-15	6.69e-11	1.25e-07	2.79e-05	1.93e-03	2.71e-02	8.38e-02	1.12e-01	5.35e-01	2.17e-01	2.36e-02
 1.68422e+23	2.02e-15	7.47e-11	1.41e-07	3.13e-05	2.15e-03	2.99e-02	9.00e-02	1.17e-01	5.34e-01	2.06e-01	2.14e-02
 1.68981e+23	2.20e-15	8.30e-11	1.59e-07	3.52e-05	2.41e-03	3.30e-02	9.67e-02	1.22e-01	5.32e-01	1.95e-01	1.93e-02
 1.69547e+23	2.36e-15	9.14e-11	1.78e-07	3.93e-05	2.68e-03	3.62e-02	1.04e-01	1.27e-01	5.28e-01	1.85e-01	1.74e-02
 1.70105e+23	2.51e-15	9.99e-11	1.97e-07	4.37e-05	2.98e-03	3.96e-02	1.11e-01	1.32e-01	5.24e-01	1.75e-01	1.57e-02
 1.70662e+23	2.65e-15	1.09e-10	2.19e-07	4.85e-05	3.30e-03	4.33e-02	1.18e-01	1.37e-01	5.20e-01	1.65e-01	1.41e-02
 1.71221e+23	2.77e-15	1.17e-10	2.42e-07	5.38e-05	3.65e-03	4.72e-02	1.25e-01	1.42e-01	5.14e-01	1.55e-01	1.26e-02
 1.71781e+23	2.88e-15	1.26e-10	2.66e-07	5.95e-05	4.03e-03	5.14e-02	1.33e-01	1.47e-01	5.08e-01	1.46e-01	1.13e-02
 1.72343e+23	2.98e-15	1.36e-10	2.93e-07	6.57e-05	4.44e-03	5.58e-02	1.41e-01	1.51e-01	5.00e-01	1.37e-01	1.01e-02
 1.72909e+23	3.06e-15	1.45e-10	3.22e-07	7.27e-05	4.90e-03	6.05e-02	1.48e-01	1.56e-01	4.92e-01	1.28e-01	9.05e-03
 1.73480e+23	3.14e-15	1.55e-10	3.54e-07	8.04e-05	5.40e-03	6.55e-02	1.56e-01	1.61e-01	4.84e-01	1.20e-01	8.06e-03
 1.74059e+23	3.21e-15	1.66e-10	3.90e-07	8.90e-05	5.95e-03	7.09e-02	1.64e-01	1.65e-01	4.74e-01	1.12e-01	7.16e-03
 1.74640e+23	3.28e-15	1.78e-10	4.30e-07	9.86e-05	6.55e-03	7.65e-02	1.72e-01	1.70e-01	4.64e-01	1.04e-01	6.36e-03
 1.75231e+23	3.34e-15	1.90e-10	4.75e-07	1.10e-04	7.23e-03	8.27e-02	1.81e-01	1.74e-01	4.53e-01	9.69e-02	5.61e-03
 1.75829e+23	3.42e-15	2.04e-10	5.26e-07	1.22e-04	7.97e-03	8.91e-02	1.89e-01	1.78e-01	4.42e-01	8.99e-02	4.96e-03
 1.76440e+23	3.48e-15	2.20e-10	5.86e-07	1.37e-04	8.83e-03	9.62e-02	1.97e-01	1.81e-01	4.29e-01	8.29e-02	4.34e-03
 1.77007e+23	3.58e-15	2.35e-10	6.43e-07	1.50e-04	9.59e-03	1.02e-01	2.04e-01	1.84e-01	4.19e-01	7.76e-02	3.90e-03
 1.77592e+23	3.67e-15	2.56e-10	7.24e-07	1.70e-04	1.07e-02	1.10e-01	2.12e-01	1.87e-01	4.05e-01	7.11e-02	3.39e-03
 1.78188e+23	3.80e-15	2.76e-10	8.00e-07	1.87e-04	1.16e-02	1.17e-01	2.19e-01	1.89e-01	3.94e-01	6.62e-02	3.03e-03
 1.78798e+23	3.92e-15	3.03e-10	9.11e-07	2.14e-04	1.30e-02	1.27e-01	2.27e-01	1.92e-01	3.79e-01	6.02e-02	2.60e-03
 1.79409e+23	4.12e-15	3.31e-10	1.01e-06	2.37e-04	1.41e-02	1.34e-01	2.33e-01	1.94e-01	3.67e-01	5.60e-02	2.32e-03
 1.80022e+23	4.34e-15	3.69e-10	1.17e-06	2.71e-04	1.57e-02	1.44e-01	2.40e-01	1.95e-01	3.51e-01	5.08e-02	1.99e-03
 1.80640e+23	4.59e-15	4.05e-10	1.31e-06	3.01e-04	1.71e-02	1.52e-01	2.46e-01	1.96e-01	3.39e-01	4.70e-02	1.77e-03
 1.81263e+23	4.91e-15	4.57e-10	1.51e-06	3.47e-04	1.91e-02	1.64e-01	2.53e-01	1.97e-01	3.24e-01	4.24e-02	1.51e-03
 1.81891e+23	5.27e-15	5.08e-10	1.71e-06	3.87e-04	2.08e-02	1.73e-01	2.58e-01	1.97e-01	3.11e-01	3.91e-02	1.34e-03
 1.82527e+23	5.75e-15	5.82e-10	2.00e-06	4.47e-04	2.32e-02	1.85e-01	2.64e-01	1.96e-01	2.95e-01	3.51e-02	1.14e-03
 1.83171e+23	6.26e-15	6.54e-10	2.27e-06	5.01e-04	2.53e-02	1.95e-01	2.68e-01	1.95e-01	2.83e-01	3.22e-02	1.00e-03
 1.83826e+23	7.00e-15	7.63e-10	2.69e-06	5.81e-04	2.82e-02	2.08e-01	2.73e-01	1.94e-01	2.67e-01	2.87e-02	8.45e-04
 1.84492e+23	7.77e-15	8.69e-10	3.08e-06	6.54e-04	3.07e-02	2.18e-01	2.77e-01	1.92e-01	2.54e-01	2.62e-02	7.38e-04
 1.85174e+23	8.92e-15	1.03e-09	3.69e-06	7.64e-04	3.43e-02	2.33e-01	2.81e-01	1.90e-01	2.38e-01	2.32e-02	6.17e-04
 1.85870e+23	1.01e-14	1.19e-09	4.27e-06	8.64e-04	3.75e-02	2.44e-01	2.84e-01	1.87e-01	2.25e-01	2.10e-02	5.34e-04
 1.86586e+23	1.20e-14	1.45e-09	5.18e-06	1.01e-03	4.19e-02	2.60e-01	2.86e-01	1.83e-01	2.09e-01	1.84e-02	4.40e-04
 1.87318e+23	1.39e-14	1.70e-09	6.06e-06	1.15e-03	4.58e-02	2.72e-01	2.88e-01	1.79e-01	1.97e-01	1.65e-02	3.78e-04
 1.87934e+23	1.60e-14	1.97e-09	6.96e-06	1.29e-03	4.94e-02	2.84e-01	2.88e-01	1.76e-01	1.86e-01	1.49e-02	3.29e-04
 1.88600e+23	1.93e-14	2.39e-09	8.34e-06	1.49e-03	5.45e-02	2.98e-01	2.89e-01	1.71e-01	1.72e-01	1.31e-02	2.74e-04
 1.89249e+23	2.22e-14	2.76e-09	9.50e-06	1.65e-03	5.84e-02	3.09e-01	2.89e-01	1.67e-01	1.63e-01	1.20e-02	2.40e-04
 1.89876e+23	2.68e-14	3.32e-09	1.13e-05	1.89e-03	6.39e-02	3.22e-01	2.88e-01	1.62e-01	1.51e-01	1.05e-02	2.01e-04
 1.90509e+23	3.13e-14	3.86e-09	1.29e-05	2.10e-03	6.83e-02	3.33e-01	2.87e-01	1.58e-01	1.43e-01	9.57e-03	1.76e-04
 1.91150e+23	3.84e-14	4.69e-09	1.53e-05	2.40e-03	7.45e-02	3.46e-01	2.84e-01	1.52e-01	1.32e-01	8.39e-03	1.47e-04
 1.91799e+23	4.55e-14	5.48e-09	1.75e-05	2.66e-03	7.95e-02	3.57e-01	2.82e-01	1.48e-01	1.23e-01	7.57e-03	1.27e-04
 1.92461e+23	5.69e-14	6.73e-09	2.09e-05	3.04e-03	8.66e-02	3.70e-01	2.79e-01	1.42e-01	1.13e-01	6.59e-03	1.05e-04
 1.93131e+23	6.82e-14	7.92e-09	2.40e-05	3.37e-03	9.23e-02	3.80e-01	2.76e-01	1.37e-01	1.06e-01	5.91e-03	9.07e-05
 1.93814e+23	8.66e-14	9.81e-09	2.88e-05	3.86e-03	1.00e-01	3.93e-01	2.71e-01	1.30e-01	9.63e-02	5.10e-03	7.43e-05
 1.94509e+23	1.05e-13	1.16e-08	3.31e-05	4.27e-03	1.07e-01	4.02e-01	2.67e-01	1.25e-01	8.95e-02	4.55e-03	6.36e-05
 1.95218e+23	1.36e-13	1.45e-08	3.98e-05	4.90e-03	1.16e-01	4.14e-01	2.61e-01	1.19e-01	8.09e-02	3.90e-03	5.15e-05
 1.95942e+23	1.66e-13	1.73e-08	4.59e-05	5.43e-03	1.23e-01	4.23e-01	2.56e-01	1.13e-01	7.47e-02	3.45e-03	4.37e-05
 1.96685e+23	2.19e-13	2.19e-08	5.56e-05	6.23e-03	1.34e-01	4.35e-01	2.49e-01	1.06e-01	6.70e-02	2.92e-03	3.50e-05
 1.97447e+23	2.73e-13	2.64e-08	6.46e-05	6.93e-03	1.42e-01	4.43e-01	2.43e-01	1.01e-01	6.13e-02	2.55e-03	2.93e-05
 1.98234e+23	3.65e-13	3.36e-08	7.84e-05	7.95e-03	1.54e-01	4.53e-01	2.35e-01	9.40e-02	5.44e-02	2.14e-03	2.31e-05
 1.99032e+23	4.58e-13	4.07e-08	9.12e-05	8.84e-03	1.63e-01	4.59e-01	2.28e-01	8.87e-02	4.95e-02	1.86e-03	1.92e-05
 1.99845e+23	6.19e-13	5.22e-08	1.11e-04	1.01e-02	1.76e-01	4.67e-01	2.19e-01	8.20e-02	4.36e-02	1.54e-03	1.50e-05
 2.00667e+23	7.81e-13	6.32e-08	1.29e-04	1.12e-02	1.86e-01	4.73e-01	2.12e-01	7.70e-02	3.95e-02	1.33e-03	1.24e-05
 2.01501e+23	1.06e-12	8.14e-08	1.57e-04	1.28e-02	2.00e-01	4.78e-01	2.02e-01	7.06e-02	3.45e-02	1.09e-03	9.54e-06
 2.02347e+23	1.35e-12	9.87e-08	1.82e-04	1.42e-02	2.11e-01	4.82e-01	1.95e-01	6.60e-02	3.11e-02	9.38e-04	7.81e-06
 2.03090e+23	1.71e-12	1.20e-07	2.11e-04	1.57e-02	2.22e-01	4.85e-01	1.87e-01	6.15e-02	2.79e-02	8.04e-04	6.38e-06
 2.03938e+23	2.32e-12	1.53e-07	2.55e-04	1.78e-02	2.37e-01	4.87e-01	1.77e-01	5.61e-02	2.43e-02	6.58e-04	4.91e-06
 2.04800e+23	2.98e-12	1.87e-07	2.97e-04	1.97e-02	2.49e-01	4.88e-01	1.69e-01	5.19e-02	2.16e-02	5.57e-04	3.96e-06
 2.05501e+23	3.66e-12	2.21e-07	3.37e-04	2.14e-02	2.60e-01	4.87e-01	1.62e-01	4.86e-02	1.96e-02	4.84e-04	3.30e-06
 2.06234e+23	4.69e-12	2.69e-07	3.91e-04	2.36e-02	2.72e-01	4.87e-01	1.54e-01	4.48e-02	1.74e-02	4.09e-04	2.65e-06
 2.07001e+23	5.84e-12	3.21e-07	4.46e-04	2.57e-02	2.84e-01	4.85e-01	1.47e-01	4.17e-02	1.56e-02	3.51e-04	2.18e-06
 2.07703e+23	7.24e-12	3.81e-07	5.08e-04	2.80e-02	2.95e-01	4.83e-01	1.41e-01	3.87e-02	1.41e-02	3.02e-04	1.79e-06
 2.08505e+23	9.48e-12	4.72e-07	5.95e-04	3.10e-02	3.09e-01	4.79e-01	1.32e-01	3.53e-02	1.23e-02	2.50e-04	1.40e-06
 2.09327e+23	1.20e-11	5.71e-07	6.86e-04	3.39e-02	3.22e-01	4.75e-01	1.25e-01	3.24e-02	1.09e-02	2.10e-04	1.13e-06
 2.10049e+23	1.49e-11	6.76e-07	7.77e-04	3.67e-02	3.33e-01	4.71e-01	1.19e-01	3.00e-02	9.74e-03	1.80e-04	9.23e-07
 2.10861e+23	1.94e-11	8.33e-07	9.07e-04	4.04e-02	3.47e-01	4.65e-01	1.11e-01	2.72e-02	8.47e-03	1.48e-04	7.19e-07
 2.11712e+23	2.48e-11	1.01e-06	1.05e-03	4.42e-02	3.60e-01	4.58e-01	1.04e-01	2.48e-02	7.43e-03	1.24e-04	5.69e-07
 2.12483e+23	3.10e-11	1.20e-06	1.19e-03	4.78e-02	3.71e-01	4.52e-01	9.84e-02	2.28e-02	6.59e-03	1.04e-04	4.59e-07
 2.13354e+23	4.10e-11	1.50e-06	1.40e-03	5.27e-02	3.86e-01	4.43e-01	9.12e-02	2.04e-02	5.65e-03	8.44e-05	3.50e-07
 2.14252e+23	5.27e-11	1.82e-06	1.61e-03	5.75e-02	3.99e-01	4.34e-01	8.49e-02	1.85e-02	4.91e-03	6.95e-05	2.73e-07
 2.15051e+23	6.60e-11	2.17e-06	1.83e-03	6.22e-02	4.10e-01	4.25e-01	7.94e-02	1.68e-02	4.31e-03	5.82e-05	2.18e-07
 2.15954e+23	8.76e-11	2.71e-06	2.15e-03	6.84e-02	4.24e-01	4.14e-01	7.30e-02	1.50e-02	3.66e-03	4.64e-05	1.64e-07
 2.16893e+23	1.13e-10	3.30e-06	2.48e-03	7.44e-02	4.36e-01	4.03e-01	6.74e-02	1.35e-02	3.15e-03	3.78e-05	1.26e-07
 2.17739e+23	1.43e-10	3.97e-06	2.83e-03	8.04e-02	4.47e-01	3.92e-01	6.25e-02	1.22e-02	2.74e-03	3.12e-05	0.00e+00
 2.18698e+23	1.93e-10	5.01e-06	3.34e-03	8.85e-02	4.60e-01	3.78e-01	5.66e-02	1.07e-02	2.28e-03	2.43e-05	0.00e+00
 2.19685e+23	2.49e-10	6.09e-06	3.84e-03	9.59e-02	4.71e-01	3.66e-01	5.19e-02	9.51e-03	1.95e-03	1.96e-05	0.00e+00
 2.20575e+23	3.18e-10	7.36e-06	4.39e-03	1.03e-01	4.81e-01	3.54e-01	4.76e-02	8.50e-03	1.67e-03	1.59e-05	0.00e+00
 2.21596e+23	4.35e-10	9.36e-06	5.21e-03	1.14e-01	4.92e-01	3.37e-01	4.25e-02	7.35e-03	1.37e-03	1.21e-05	0.00e+00
 2.22629e+23	5.63e-10	1.14e-05	5.99e-03	1.23e-01	5.01e-01	3.24e-01	3.86e-02	6.51e-03	1.15e-03	9.64e-06	0.00e+00
 2.23678e+23	7.68e-10	1.45e-05	7.08e-03	1.35e-01	5.10e-01	3.07e-01	3.43e-02	5.60e-03	9.39e-04	7.29e-06	0.00e+00
 2.24739e+23	9.94e-10	1.76e-05	8.12e-03	1.45e-01	5.17e-01	2.93e-01	3.09e-02	4.93e-03	7.89e-04	5.76e-06	0.00e+00
 2.25817e+23	1.37e-09	2.25e-05	9.63e-03	1.59e-01	5.24e-01	2.76e-01	2.71e-02	4.19e-03	6.31e-04	4.27e-06	0.00e+00
 2.26905e+23	1.77e-09	2.73e-05	1.10e-02	1.70e-01	5.28e-01	2.62e-01	2.44e-02	3.68e-03	5.27e-04	3.36e-06	0.00e+00
 2.28006e+23	2.45e-09	3.50e-05	1.31e-02	1.86e-01	5.32e-01	2.44e-01	2.12e-02	3.10e-03	4.17e-04	2.46e-06	0.00e+00
 2.29118e+23	3.16e-09	4.24e-05	1.49e-02	1.99e-01	5.34e-01	2.30e-01	1.89e-02	2.71e-03	3.46e-04	1.91e-06	0.00e+00
 2.30245e+23	4.38e-09	5.42e-05	1.76e-02	2.16e-01	5.35e-01	2.13e-01	1.62e-02	2.26e-03	2.71e-04	1.38e-06	0.00e+00
 2.31387e+23	5.66e-09	6.57e-05	2.01e-02	2.30e-01	5.34e-01	2.00e-01	1.44e-02	1.96e-03	2.23e-04	1.06e-06	0.00e+00
 2.32549e+23	7.86e-09	8.41e-05	2.37e-02	2.48e-01	5.31e-01	1.83e-01	1.22e-02	1.62e-03	1.72e-04	7.56e-07	0.00e+00
 2.33690e+23	1.00e-08	1.01e-04	2.68e-02	2.63e-01	5.27e-01	1.71e-01	1.08e-02	1.41e-03	1.42e-04	5.86e-07	0.00e+00
 2.34803e+23	1.37e-08	1.27e-04	3.12e-02	2.81e-01	5.21e-01	1.56e-01	9.22e-03	1.17e-03	1.10e-04	4.19e-07	0.00e+00
 2.35876e+23	1.69e-08	1.49e-04	3.47e-02	2.95e-01	5.15e-01	1.46e-01	8.24e-03	1.03e-03	9.21e-05	3.31e-07	0.00e+00
 2.36896e+23	2.24e-08	1.83e-04	3.98e-02	3.12e-01	5.06e-01	1.33e-01	7.06e-03	8.60e-04	7.25e-05	2.42e-07	0.00e+00
 2.37915e+23	2.76e-08	2.14e-04	4.41e-02	3.26e-01	4.99e-01	1.24e-01	6.27e-03	7.51e-04	6.03e-05	1.90e-07	0.00e+00
 2.38933e+23	3.59e-08	2.59e-04	5.00e-02	3.42e-01	4.88e-01	1.13e-01	5.40e-03	6.33e-04	4.78e-05	1.40e-07	0.00e+00
 2.39988e+23	4.55e-08	3.08e-04	5.59e-02	3.57e-01	4.77e-01	1.04e-01	4.69e-03	5.41e-04	3.86e-05	0.00e+00	0.00e+00
 2.40933e+23	5.62e-08	3.60e-04	6.18e-02	3.71e-01	4.66e-01	9.61e-02	4.13e-03	4.67e-04	3.18e-05	0.00e+00	0.00e+00
 2.42005e+23	7.37e-08	4.39e-04	7.02e-02	3.88e-01	4.51e-01	8.64e-02	3.49e-03	3.86e-04	2.46e-05	0.00e+00	0.00e+00
 2.43094e+23	9.24e-08	5.17e-04	7.78e-02	4.02e-01	4.38e-01	7.87e-02	3.02e-03	3.28e-04	1.98e-05	0.00e+00	0.00e+00
 2.44062e+23	1.14e-07	6.03e-04	8.58e-02	4.15e-01	4.24e-01	7.19e-02	2.63e-03	2.80e-04	1.60e-05	0.00e+00	0.00e+00
 2.45000e+23	1.39e-07	6.97e-04	9.39e-02	4.26e-01	4.11e-01	6.58e-02	2.30e-03	2.41e-04	1.31e-05	0.00e+00	0.00e+00
 2.45866e+23	1.68e-07	7.96e-04	1.02e-01	4.37e-01	3.98e-01	6.04e-02	2.03e-03	2.09e-04	1.08e-05	0.00e+00	0.00e+00
 2.46812e+23	2.09e-07	9.32e-04	1.12e-01	4.48e-01	3.82e-01	5.44e-02	1.74e-03	1.76e-04	8.60e-06	0.00e+00	0.00e+00
 2.47772e+23	2.52e-07	1.07e-03	1.22e-01	4.58e-01	3.68e-01	4.96e-02	1.52e-03	1.51e-04	7.04e-06	0.00e+00	0.00e+00
 2.48611e+23	3.00e-07	1.21e-03	1.32e-01	4.66e-01	3.54e-01	4.54e-02	1.33e-03	1.30e-04	5.81e-06	0.00e+00	0.00e+00
 2.49562e+23	3.72e-07	1.41e-03	1.45e-01	4.75e-01	3.37e-01	4.05e-02	1.13e-03	1.09e-04	4.57e-06	0.00e+00	0.00e+00
 2.50531e+23	4.47e-07	1.60e-03	1.56e-01	4.82e-01	3.23e-01	3.67e-02	9.87e-04	9.27e-05	3.71e-06	0.00e+00	0.00e+00
 2.51387e+23	5.31e-07	1.81e-03	1.68e-01	4.88e-01	3.09e-01	3.33e-02	8.60e-04	7.93e-05	3.03e-06	0.00e+00	0.00e+00
 2.52364e+23	6.58e-07	2.10e-03	1.83e-01	4.94e-01	2.91e-01	2.93e-02	7.24e-04	6.51e-05	2.35e-06	0.00e+00	0.00e+00
 2.53357e+23	7.86e-07	2.38e-03	1.97e-01	4.98e-01	2.76e-01	2.63e-02	6.24e-04	5.50e-05	1.89e-06	0.00e+00	0.00e+00
 2.54234e+23	9.33e-07	2.69e-03	2.11e-01	5.01e-01	2.62e-01	2.36e-02	5.40e-04	4.66e-05	1.53e-06	0.00e+00	0.00e+00
 2.55238e+23	1.15e-06	3.11e-03	2.29e-01	5.03e-01	2.44e-01	2.06e-02	4.49e-04	3.77e-05	1.17e-06	0.00e+00	0.00e+00
 2.56259e+23	1.37e-06	3.51e-03	2.45e-01	5.03e-01	2.29e-01	1.83e-02	3.84e-04	3.15e-05	9.26e-07	0.00e+00	0.00e+00
 2.57302e+23	1.70e-06	4.07e-03	2.66e-01	5.02e-01	2.12e-01	1.57e-02	3.15e-04	2.51e-05	6.95e-07	0.00e+00	0.00e+00
 2.58354e+23	2.03e-06	4.59e-03	2.84e-01	5.00e-01	1.97e-01	1.38e-02	2.67e-04	2.07e-05	5.45e-07	0.00e+00	0.00e+00
 2.59279e+23	2.39e-06	5.14e-03	3.02e-01	4.96e-01	1.84e-01	1.22e-02	2.27e-04	1.72e-05	4.30e-07	0.00e+00	0.00e+00
 2.60342e+23	2.96e-06	5.94e-03	3.26e-01	4.90e-01	1.68e-01	1.03e-02	1.83e-04	1.34e-05	3.16e-07	0.00e+00	0.00e+00
 2.61416e+23	3.49e-06	6.63e-03	3.45e-01	4.84e-01	1.55e-01	9.01e-03	1.55e-04	1.10e-05	2.47e-07	0.00e+00	0.00e+00
 2.62507e+23	4.29e-06	7.61e-03	3.70e-01	4.75e-01	1.40e-01	7.56e-03	1.25e-04	8.51e-06	1.80e-07	0.00e+00	0.00e+00
 2.63623e+23	5.11e-06	8.54e-03	3.92e-01	4.66e-01	1.28e-01	6.48e-03	1.03e-04	6.81e-06	1.37e-07	0.00e+00	0.00e+00
 2.64622e+23	6.04e-06	9.53e-03	4.13e-01	4.55e-01	1.17e-01	5.57e-03	8.55e-05	5.47e-06	0.00e+00	0.00e+00	0.00e+00
 2.65769e+23	7.42e-06	1.09e-02	4.40e-01	4.41e-01	1.03e-01	4.58e-03	6.74e-05	4.12e-06	0.00e+00	0.00e+00	0.00e+00
 2.66943e+23	8.82e-06	1.22e-02	4.63e-01	4.28e-01	9.29e-02	3.86e-03	5.48e-05	3.23e-06	0.00e+00	0.00e+00	0.00e+00
 2.67991e+23	1.04e-05	1.36e-02	4.85e-01	4.14e-01	8.35e-02	3.26e-03	4.48e-05	2.53e-06	0.00e+00	0.00e+00	0.00e+00
 2.68892e+23	1.17e-05	1.46e-02	5.02e-01	4.04e-01	7.72e-02	2.88e-03	3.86e-05	2.12e-06	0.00e+00	0.00e+00	0.00e+00
 2.69765e+23	1.36e-05	1.61e-02	5.22e-01	3.90e-01	6.95e-02	2.45e-03	3.19e-05	1.69e-06	0.00e+00	0.00e+00	0.00e+00
 2.70653e+23	1.54e-05	1.74e-02	5.39e-01	3.78e-01	6.36e-02	2.13e-03	2.71e-05	1.39e-06	0.00e+00	0.00e+00	0.00e+00
 2.71559e+23	1.78e-05	1.91e-02	5.59e-01	3.63e-01	5.69e-02	1.80e-03	2.22e-05	1.09e-06	0.00e+00	0.00e+00	0.00e+00
 2.72478e+23	2.02e-05	2.06e-02	5.76e-01	3.50e-01	5.17e-02	1.56e-03	1.88e-05	8.92e-07	0.00e+00	0.00e+00	0.00e+00
 2.73411e+23	2.34e-05	2.25e-02	5.96e-01	3.34e-01	4.58e-02	1.30e-03	1.52e-05	6.91e-07	0.00e+00	0.00e+00	0.00e+00
 2.74354e+23	2.64e-05	2.43e-02	6.13e-01	3.21e-01	4.13e-02	1.12e-03	1.27e-05	5.58e-07	0.00e+00	0.00e+00	0.00e+00
 2.75312e+23	3.07e-05	2.66e-02	6.32e-01	3.04e-01	3.63e-02	9.21e-04	1.02e-05	4.27e-07	0.00e+00	0.00e+00	0.00e+00
 2.76283e+23	3.47e-05	2.86e-02	6.48e-01	2.90e-01	3.25e-02	7.85e-04	8.50e-06	3.42e-07	0.00e+00	0.00e+00	0.00e+00
 2.77272e+23	4.03e-05	3.13e-02	6.67e-01	2.73e-01	2.82e-02	6.41e-04	6.73e-06	2.57e-07	0.00e+00	0.00e+00	0.00e+00
