#depth	S	S+	S+2	S+3	S+4	S+5	S+6	S+7	S+8	S+9	S+10	S+11	S+12	S+13	S+14	S+15	S+16
 1.54284e+22	0.00e+00	0.00e+00	0.00e+00	0.00e+00	0.00e+00	0.00e+00	0.00e+00	0.00e+00	1.63e-23	5.54e-20	1.13e-16	1.20e-13	8.04e-11	5.66e-08	7.93e-05	1.58e-02	9.84e-01
 3.46795e+22	0.00e+00	0.00e+00	0.00e+00	0.00e+00	0.00e+00	0.00e+00	0.00e+00	8.07e-26	4.38e-22	9.77e-19	1.34e-15	9.38e-13	4.16e-10	1.94e-07	1.80e-04	2.36e-02	9.76e-01
 4.07859e+22	0.00e+00	0.00e+00	0.00e+00	0.00e+00	0.00e+00	0.00e+00	6.57e-29	7.07e-25	2.99e-21	5.27e-18	5.63e-15	3.10e-12	1.08e-09	3.97e-07	2.89e-04	2.99e-02	9.70e-01
 4.48964e+22	0.00e+00	0.00e+00	0.00e+00	0.00e+00	0.00e+00	0.00e+00	4.52e-28	3.99e-24	1.39e-20	2.01e-17	1.76e-14	8.00e-12	2.31e-09	7.00e-07	4.22e-04	3.60e-02	9.64e-01
 4.71800e+22	0.00e+00	0.00e+00	0.00e+00	0.00e+00	0.00e+00	0.00e+00	7.38e-28	6.19e-24	2.05e-20	2.82e-17	2.36e-14	1.02e-11	2.80e-09	8.08e-07	4.64e-04	3.77e-02	9.62e-01
 4.82304e+22	0.00e+00	0.00e+00	0.00e+00	0.00e+00	0.00e+00	4.42e-32	1.35e-27	1.06e-23	3.31e-20	4.29e-17	3.37e-14	1.37e-11	3.54e-09	9.65e-07	5.22e-04	4.00e-02	9.60e-01
 4.93784e+22	0.00e+00	0.00e+00	0.00e+00	0.00e+00	0.00e+00	8.42e-32	2.42e-27	1.80e-23	5.27e-20	6.43e-17	4.76e-14	1.82e-11	4.46e-09	1.15e-06	5.85e-04	4.22e-02	9.57e-01
 5.04754e+22	0.00e+00	0.00e+00	0.00e+00	0.00e+00	0.00e+00	1.56e-31	4.23e-27	2.97e-23	8.21e-20	9.46e-17	6.61e-14	2.39e-11	5.54e-09	1.35e-06	6.51e-04	4.45e-02	9.55e-01
 5.17235e+22	0.00e+00	0.00e+00	0.00e+00	0.00e+00	0.00e+00	3.47e-31	8.75e-27	5.69e-23	1.46e-19	1.56e-16	1.01e-13	3.41e-11	7.36e-09	1.67e-06	7.50e-04	4.77e-02	9.52e-01
 5.29654e+22	0.00e+00	0.00e+00	0.00e+00	0.00e+00	0.00e+00	6.51e-31	1.55e-26	9.47e-23	2.30e-19	2.32e-16	1.42e-13	4.52e-11	9.20e-09	1.97e-06	8.38e-04	5.03e-02	9.49e-01
 5.40377e+22	0.00e+00	0.00e+00	0.00e+00	0.00e+00	0.00e+00	1.21e-30	2.70e-26	1.56e-22	3.58e-19	3.42e-16	1.98e-13	5.94e-11	1.14e-08	2.32e-06	9.33e-04	5.31e-02	9.46e-01
 5.50188e+22	0.00e+00	0.00e+00	0.00e+00	0.00e+00	0.00e+00	2.08e-30	4.42e-26	2.43e-22	5.30e-19	4.81e-16	2.64e-13	7.56e-11	1.39e-08	2.68e-06	1.03e-03	5.56e-02	9.43e-01
 5.58918e+22	0.00e+00	0.00e+00	0.00e+00	0.00e+00	0.00e+00	3.43e-30	6.96e-26	3.65e-22	7.59e-19	6.58e-16	3.45e-13	9.42e-11	1.65e-08	3.06e-06	1.12e-03	5.80e-02	9.41e-01
 5.68754e+22	0.00e+00	0.00e+00	0.00e+00	0.00e+00	0.00e+00	6.22e-30	1.19e-25	5.92e-22	1.16e-18	9.54e-16	4.74e-13	1.23e-10	2.04e-08	3.57e-06	1.24e-03	6.09e-02	9.38e-01
 5.79284e+22	0.00e+00	0.00e+00	0.00e+00	0.00e+00	0.00e+00	1.11e-29	2.01e-25	9.46e-22	1.76e-18	1.37e-15	6.45e-13	1.58e-10	2.50e-08	4.16e-06	1.37e-03	6.40e-02	9.35e-01
 5.88677e+22	0.00e+00	0.00e+00	0.00e+00	0.00e+00	0.00e+00	1.88e-29	3.25e-25	1.45e-21	2.58e-18	1.91e-15	8.56e-13	2.00e-10	3.02e-08	4.79e-06	1.51e-03	6.69e-02	9.32e-01
 5.97477e+22	0.00e+00	0.00e+00	0.00e+00	0.00e+00	0.00e+00	3.13e-29	5.15e-25	2.19e-21	3.71e-18	2.62e-15	1.12e-12	2.50e-10	3.60e-08	5.47e-06	1.64e-03	6.98e-02	9.29e-01
 6.07543e+22	0.00e+00	0.00e+00	0.00e+00	0.00e+00	0.00e+00	5.73e-29	8.90e-25	3.58e-21	5.73e-18	3.82e-15	1.54e-12	3.26e-10	4.45e-08	6.40e-06	1.82e-03	7.34e-02	9.25e-01
 6.18234e+22	0.00e+00	0.00e+00	0.00e+00	0.00e+00	0.00e+00	1.03e-28	1.51e-24	5.77e-21	8.73e-18	5.52e-15	2.11e-12	4.23e-10	5.48e-08	7.47e-06	2.02e-03	7.71e-02	9.21e-01
 6.27598e+22	0.00e+00	0.00e+00	0.00e+00	0.00e+00	1.83e-32	1.74e-28	2.43e-24	8.83e-21	1.27e-17	7.67e-15	2.79e-12	5.32e-10	6.59e-08	8.57e-06	2.21e-03	8.05e-02	9.17e-01
 6.37631e+22	0.00e+00	0.00e+00	0.00e+00	0.00e+00	3.55e-32	3.21e-28	4.23e-24	1.45e-20	1.97e-17	1.12e-14	3.86e-12	6.95e-10	8.15e-08	1.00e-05	2.46e-03	8.46e-02	9.13e-01
 6.47386e+22	0.00e+00	0.00e+00	0.00e+00	0.00e+00	6.14e-32	5.32e-28	6.70e-24	2.18e-20	2.84e-17	1.54e-14	5.06e-12	8.70e-10	9.74e-08	1.15e-05	2.68e-03	8.82e-02	9.09e-01
 6.55090e+22	0.00e+00	0.00e+00	0.00e+00	0.00e+00	9.84e-32	8.20e-28	9.92e-24	3.11e-20	3.87e-17	2.02e-14	6.37e-12	1.05e-09	1.13e-07	1.29e-05	2.89e-03	9.14e-02	9.06e-01
 6.63416e+22	0.00e+00	0.00e+00	0.00e+00	0.00e+00	1.69e-31	1.35e-27	1.56e-23	4.65e-20	5.53e-17	2.75e-14	8.28e-12	1.31e-09	1.35e-07	1.46e-05	3.14e-03	9.51e-02	9.02e-01
 6.72530e+22	0.00e+00	0.00e+00	0.00e+00	0.00e+00	2.93e-31	2.24e-27	2.47e-23	7.03e-20	7.97e-17	3.79e-14	1.09e-11	1.64e-09	1.61e-07	1.67e-05	3.43e-03	9.91e-02	8.97e-01
 6.80766e+22	0.00e+00	0.00e+00	0.00e+00	0.00e+00	4.73e-31	3.48e-27	3.67e-23	1.00e-19	1.09e-16	4.99e-14	1.37e-11	1.99e-09	1.88e-07	1.87e-05	3.70e-03	1.03e-01	8.94e-01
 6.89570e+22	0.00e+00	0.00e+00	0.00e+00	0.00e+00	8.38e-31	5.91e-27	5.92e-23	1.54e-19	1.60e-16	6.92e-14	1.81e-11	2.50e-09	2.26e-07	2.15e-05	4.04e-03	1.07e-01	8.89e-01
 6.98827e+22	0.00e+00	0.00e+00	0.00e+00	0.00e+00	1.45e-30	9.77e-27	9.34e-23	2.32e-19	2.29e-16	9.49e-14	2.37e-11	3.12e-09	2.70e-07	2.45e-05	4.41e-03	1.12e-01	8.84e-01
 7.06971e+22	0.00e+00	0.00e+00	0.00e+00	0.00e+00	2.36e-30	1.54e-26	1.41e-22	3.35e-19	3.17e-16	1.26e-13	3.01e-11	3.81e-09	3.16e-07	2.75e-05	4.76e-03	1.16e-01	8.80e-01
 7.15856e+22	0.00e+00	0.00e+00	0.00e+00	0.00e+00	4.22e-30	2.62e-26	2.29e-22	5.16e-19	4.65e-16	1.76e-13	4.00e-11	4.81e-09	3.80e-07	3.16e-05	5.20e-03	1.21e-01	8.74e-01
 7.24510e+22	0.00e+00	0.00e+00	0.00e+00	0.00e+00	6.88e-30	4.11e-26	3.43e-22	7.44e-19	6.42e-16	2.33e-13	5.08e-11	5.86e-09	4.45e-07	3.55e-05	5.62e-03	1.25e-01	8.69e-01
 7.31310e+22	0.00e+00	0.00e+00	0.00e+00	0.00e+00	1.03e-29	5.98e-26	4.82e-22	1.01e-18	8.40e-16	2.94e-13	6.20e-11	6.90e-09	5.07e-07	3.91e-05	5.98e-03	1.29e-01	8.65e-01
 7.38598e+22	0.00e+00	0.00e+00	0.00e+00	0.00e+00	1.65e-29	9.22e-26	7.14e-22	1.43e-18	1.14e-15	3.85e-13	7.79e-11	8.33e-09	5.89e-07	4.37e-05	6.43e-03	1.33e-01	8.61e-01
 7.46598e+22	0.00e+00	0.00e+00	0.00e+00	0.00e+00	2.63e-29	1.42e-25	1.05e-21	2.03e-18	1.56e-15	5.03e-13	9.78e-11	1.01e-08	6.84e-07	4.88e-05	6.91e-03	1.38e-01	8.56e-01
 7.54174e+22	0.00e+00	0.00e+00	0.00e+00	0.00e+00	4.15e-29	2.16e-25	1.54e-21	2.85e-18	2.10e-15	6.53e-13	1.22e-10	1.21e-08	7.91e-07	5.44e-05	7.42e-03	1.42e-01	8.51e-01
 7.61515e+22	0.00e+00	0.00e+00	0.00e+00	0.00e+00	6.51e-29	3.27e-25	2.24e-21	3.99e-18	2.84e-15	8.47e-13	1.52e-10	1.45e-08	9.14e-07	6.06e-05	7.95e-03	1.47e-01	8.45e-01
 7.68626e+22	0.00e+00	0.00e+00	0.00e+00	1.06e-32	9.98e-29	4.84e-25	3.21e-21	5.50e-18	3.76e-15	1.08e-12	1.87e-10	1.72e-08	1.05e-06	6.70e-05	8.49e-03	1.51e-01	8.40e-01
 7.76602e+22	0.00e+00	0.00e+00	0.00e+00	1.84e-32	1.66e-28	7.76e-25	4.92e-21	8.06e-18	5.27e-15	1.45e-12	2.40e-10	2.11e-08	1.23e-06	7.56e-05	9.18e-03	1.56e-01	8.34e-01
 7.84940e+22	0.00e+00	0.00e+00	0.00e+00	3.12e-32	2.71e-28	1.22e-24	7.39e-21	1.16e-17	7.28e-15	1.92e-12	3.05e-10	2.57e-08	1.44e-06	8.48e-05	9.89e-03	1.62e-01	8.28e-01
 7.92194e+22	0.00e+00	0.00e+00	0.00e+00	4.98e-32	4.19e-28	1.82e-24	1.06e-20	1.61e-17	9.71e-15	2.47e-12	3.77e-10	3.07e-08	1.66e-06	9.40e-05	1.06e-02	1.67e-01	8.23e-01
 7.98631e+22	0.00e+00	0.00e+00	0.00e+00	7.53e-32	6.16e-28	2.59e-24	1.47e-20	2.15e-17	1.25e-14	3.08e-12	4.56e-10	3.58e-08	1.87e-06	1.03e-04	1.12e-02	1.71e-01	8.17e-01
 8.05564e+22	0.00e+00	0.00e+00	0.00e+00	1.20e-31	9.53e-28	3.88e-24	2.11e-20	2.97e-17	1.67e-14	3.96e-12	5.63e-10	4.26e-08	2.15e-06	1.14e-04	1.20e-02	1.76e-01	8.12e-01
 8.13042e+22	0.00e+00	0.00e+00	0.00e+00	1.92e-31	1.47e-27	5.79e-24	3.04e-20	4.12e-17	2.23e-14	5.08e-12	6.97e-10	5.08e-08	2.47e-06	1.26e-04	1.28e-02	1.82e-01	8.06e-01
 8.19832e+22	0.00e+00	0.00e+00	0.00e+00	2.96e-31	2.20e-27	8.38e-24	4.25e-20	5.56e-17	2.91e-14	6.40e-12	8.47e-10	5.97e-08	2.81e-06	1.39e-04	1.36e-02	1.86e-01	8.00e-01
 8.27260e+22	0.00e+00	0.00e+00	0.00e+00	2.64e-31	1.90e-27	6.98e-24	6.34e-20	7.95e-17	3.98e-14	8.41e-12	1.07e-09	7.22e-08	3.26e-06	1.55e-04	1.46e-02	1.92e-01	7.93e-01
 8.35021e+22	0.00e+00	0.00e+00	0.00e+00	8.02e-31	5.56e-27	1.97e-23	9.24e-20	1.11e-16	5.37e-14	1.09e-11	1.33e-09	8.66e-08	3.77e-06	1.72e-04	1.56e-02	1.98e-01	7.86e-01
 8.41582e+22	0.00e+00	0.00e+00	0.00e+00	6.52e-31	4.39e-27	1.51e-23	1.28e-19	1.49e-16	6.94e-14	1.36e-11	1.61e-09	1.01e-07	4.26e-06	1.89e-04	1.66e-02	2.03e-01	7.80e-01
 8.48478e+22	0.00e+00	0.00e+00	0.00e+00	1.05e-30	6.84e-27	2.27e-23	1.85e-19	2.07e-16	9.29e-14	1.75e-11	1.99e-09	1.21e-07	4.90e-06	2.09e-04	1.77e-02	2.09e-01	7.73e-01
 8.55851e+22	0.00e+00	0.00e+00	0.00e+00	1.66e-30	1.05e-26	3.37e-23	2.64e-19	2.85e-16	1.23e-13	2.24e-11	2.45e-09	1.43e-07	5.61e-06	2.31e-04	1.88e-02	2.15e-01	7.66e-01
 8.62534e+22	0.00e+00	0.00e+00	0.00e+00	2.54e-30	1.56e-26	4.85e-23	3.67e-19	3.83e-16	1.60e-13	2.81e-11	2.97e-09	1.68e-07	6.36e-06	2.53e-04	2.00e-02	2.20e-01	7.59e-01
 8.69910e+22	0.00e+00	0.00e+00	0.00e+00	4.21e-30	2.50e-26	7.50e-23	5.45e-19	5.45e-16	2.18e-13	3.69e-11	3.74e-09	2.02e-07	7.37e-06	2.82e-04	2.14e-02	2.27e-01	7.51e-01
 8.77652e+22	0.00e+00	0.00e+00	0.00e+00	6.81e-30	3.90e-26	1.13e-22	7.92e-19	7.63e-16	2.94e-13	4.77e-11	4.65e-09	2.42e-07	8.50e-06	3.13e-04	2.29e-02	2.33e-01	7.44e-01
 8.84129e+22	0.00e+00	0.00e+00	0.00e+00	1.02e-29	5.70e-26	1.61e-22	1.09e-18	1.01e-15	3.77e-13	5.93e-11	5.59e-09	2.82e-07	9.58e-06	3.42e-04	2.42e-02	2.39e-01	7.37e-01
 8.89914e+22	0.00e+00	0.00e+00	0.00e+00	1.47e-29	7.98e-26	2.19e-22	1.44e-18	1.30e-15	4.71e-13	7.19e-11	6.58e-09	3.22e-07	1.06e-05	3.69e-04	2.54e-02	2.44e-01	7.31e-01
 8.96540e+22	0.00e+00	0.00e+00	0.00e+00	2.31e-29	1.22e-25	3.23e-22	2.05e-18	1.78e-15	6.22e-13	9.15e-11	8.07e-09	3.81e-07	1.21e-05	4.06e-04	2.70e-02	2.50e-01	7.23e-01
 9.03718e+22	0.00e+00	0.00e+00	3.89e-33	3.61e-29	1.85e-25	4.75e-22	2.91e-18	2.44e-15	8.20e-13	1.16e-10	9.90e-09	4.51e-07	1.39e-05	4.47e-04	2.87e-02	2.56e-01	7.15e-01
 9.10350e+22	0.00e+00	0.00e+00	6.13e-33	5.53e-29	2.75e-25	6.85e-22	4.05e-18	3.28e-15	1.07e-12	1.46e-10	1.20e-08	5.28e-07	1.57e-05	4.90e-04	3.04e-02	2.62e-01	7.07e-01
 9.17710e+22	0.00e+00	0.00e+00	1.05e-32	9.17e-29	4.40e-25	1.06e-21	6.00e-18	4.67e-15	1.46e-12	1.91e-10	1.51e-08	6.37e-07	1.82e-05	5.45e-04	3.25e-02	2.69e-01	6.98e-01
 9.25188e+22	0.00e+00	0.00e+00	1.72e-32	1.46e-28	6.76e-25	1.57e-21	8.59e-18	6.44e-15	1.93e-12	2.45e-10	1.86e-08	7.57e-07	2.08e-05	6.02e-04	3.45e-02	2.76e-01	6.89e-01
 9.31327e+22	0.00e+00	0.00e+00	2.60e-32	2.15e-28	9.71e-25	2.19e-21	1.16e-17	8.45e-15	2.46e-12	3.02e-10	2.22e-08	8.75e-07	2.33e-05	6.54e-04	3.64e-02	2.82e-01	6.81e-01
 9.37815e+22	0.00e+00	0.00e+00	4.17e-32	3.35e-28	1.47e-24	3.21e-21	1.64e-17	1.15e-14	3.23e-12	3.82e-10	2.71e-08	1.03e-06	2.66e-05	7.18e-04	3.86e-02	2.88e-01	6.73e-01
 9.44863e+22	0.00e+00	0.00e+00	6.69e-32	5.22e-28	2.22e-24	4.70e-21	2.32e-17	1.57e-14	4.24e-12	4.85e-10	3.32e-08	1.22e-06	3.02e-05	7.89e-04	4.09e-02	2.95e-01	6.64e-01
 9.51401e+22	0.00e+00	0.00e+00	1.04e-31	7.86e-28	3.25e-24	6.68e-21	3.20e-17	2.09e-14	5.46e-12	6.03e-10	3.99e-08	1.42e-06	3.41e-05	8.60e-04	4.31e-02	3.01e-01	6.55e-01
 9.58663e+22	0.00e+00	0.00e+00	1.76e-31	1.29e-27	5.17e-24	1.02e-20	4.71e-17	2.96e-14	7.42e-12	7.87e-10	5.00e-08	1.70e-06	3.93e-05	9.54e-04	4.60e-02	3.08e-01	6.45e-01
 9.66283e+22	0.00e+00	0.00e+00	1.86e-31	1.32e-27	5.11e-24	1.55e-20	6.88e-17	4.15e-14	1.00e-11	1.02e-09	6.25e-08	2.05e-06	4.54e-05	1.06e-03	4.90e-02	3.16e-01	6.34e-01
 9.72582e+22	0.00e+00	0.00e+00	2.79e-31	1.94e-27	7.29e-24	2.15e-20	9.26e-17	5.42e-14	1.27e-11	1.25e-09	7.42e-08	2.35e-06	5.07e-05	1.15e-03	5.15e-02	3.21e-01	6.26e-01
 9.78987e+22	0.00e+00	0.00e+00	4.49e-31	3.03e-27	1.11e-23	3.16e-20	1.31e-16	7.40e-14	1.67e-11	1.59e-09	9.08e-08	2.78e-06	5.77e-05	1.26e-03	5.45e-02	3.28e-01	6.16e-01
 9.85884e+22	0.00e+00	0.00e+00	7.13e-31	4.67e-27	1.65e-23	4.57e-20	1.83e-16	9.99e-14	2.18e-11	2.01e-09	1.11e-07	3.27e-06	6.54e-05	1.38e-03	5.76e-02	3.34e-01	6.06e-01
 9.92289e+22	0.00e+00	0.00e+00	1.10e-30	7.05e-27	2.42e-23	6.48e-20	2.52e-16	1.33e-13	2.80e-11	2.50e-09	1.33e-07	3.80e-06	7.36e-05	1.50e-03	6.07e-02	3.41e-01	5.97e-01
 9.99483e+22	0.00e+00	0.00e+00	1.95e-30	1.20e-26	3.99e-23	1.02e-19	3.81e-16	1.93e-13	3.90e-11	3.32e-09	1.70e-07	4.64e-06	8.60e-05	1.67e-03	6.49e-02	3.49e-01	5.85e-01
 1.00638e+23	0.00e+00	0.00e+00	2.96e-30	1.78e-26	5.72e-23	1.42e-19	5.16e-16	2.53e-13	4.95e-11	4.09e-09	2.02e-07	5.36e-06	9.62e-05	1.81e-03	6.81e-02	3.54e-01	5.76e-01
 1.01291e+23	0.00e+00	0.00e+00	4.87e-30	2.84e-26	8.84e-23	2.12e-19	7.41e-16	3.50e-13	6.60e-11	5.25e-09	2.50e-07	6.38e-06	1.10e-04	2.00e-03	7.22e-02	3.61e-01	5.65e-01
 1.01968e+23	0.00e+00	0.00e+00	7.63e-30	4.32e-26	1.31e-22	3.02e-19	1.02e-15	4.68e-13	8.54e-11	6.57e-09	3.03e-07	7.46e-06	1.24e-04	2.18e-03	7.60e-02	3.67e-01	5.54e-01
 1.02573e+23	0.00e+00	0.00e+00	1.16e-29	6.37e-26	1.87e-22	4.20e-19	1.38e-15	6.13e-13	1.08e-10	8.08e-09	3.61e-07	8.62e-06	1.39e-04	2.36e-03	7.97e-02	3.73e-01	5.45e-01
 1.03252e+23	0.00e+00	0.00e+00	1.96e-29	1.05e-25	2.96e-22	6.39e-19	2.03e-15	8.64e-13	1.47e-10	1.05e-08	4.52e-07	1.04e-05	1.60e-04	2.61e-03	8.47e-02	3.80e-01	5.33e-01
 1.03950e+23	0.00e+00	0.00e+00	3.10e-29	1.60e-25	4.41e-22	9.17e-19	2.82e-15	1.16e-12	1.91e-10	1.32e-08	5.49e-07	1.22e-05	1.81e-04	2.85e-03	8.91e-02	3.86e-01	5.22e-01
 1.04547e+23	0.00e+00	0.00e+00	4.74e-29	2.38e-25	6.36e-22	1.28e-18	3.83e-15	1.53e-12	2.44e-10	1.63e-08	6.57e-07	1.41e-05	2.03e-04	3.09e-03	9.35e-02	3.91e-01	5.12e-01
 1.05108e+23	0.00e+00	0.00e+00	7.04e-29	3.45e-25	8.97e-22	1.75e-18	5.10e-15	1.98e-12	3.06e-10	1.99e-08	7.77e-07	1.62e-05	2.26e-04	3.33e-03	9.77e-02	3.96e-01	5.02e-01
 1.05749e+23	0.00e+00	2.33e-33	1.16e-28	5.52e-25	1.38e-21	2.60e-18	7.31e-15	2.74e-12	4.08e-10	2.56e-08	9.61e-07	1.93e-05	2.59e-04	3.66e-03	1.03e-01	4.02e-01	4.90e-01
 1.06410e+23	0.00e+00	3.78e-33	1.82e-28	8.40e-25	2.04e-21	3.69e-18	1.01e-14	3.66e-12	5.28e-10	3.20e-08	1.16e-06	2.25e-05	2.92e-04	3.98e-03	1.08e-01	4.08e-01	4.80e-01
 1.06992e+23	0.00e+00	5.97e-33	2.80e-28	1.25e-24	2.94e-21	5.15e-18	1.37e-14	4.81e-12	6.74e-10	3.96e-08	1.40e-06	2.61e-05	3.27e-04	4.31e-03	1.14e-01	4.13e-01	4.69e-01
 1.07643e+23	0.00e+00	1.05e-32	4.72e-28	2.04e-24	4.62e-21	7.74e-18	1.99e-14	6.74e-12	9.08e-10	5.13e-08	1.74e-06	3.14e-05	3.76e-04	4.75e-03	1.20e-01	4.19e-01	4.56e-01
 1.08287e+23	0.00e+00	1.67e-32	7.28e-28	3.05e-24	6.70e-21	1.08e-17	2.71e-14	8.90e-12	1.16e-09	6.36e-08	2.09e-06	3.65e-05	4.22e-04	5.15e-03	1.26e-01	4.23e-01	4.46e-01
 1.08821e+23	0.00e+00	2.54e-32	1.07e-27	4.39e-24	9.36e-21	1.47e-17	3.58e-14	1.14e-11	1.45e-09	7.72e-08	2.47e-06	4.18e-05	4.68e-04	5.53e-03	1.31e-01	4.27e-01	4.36e-01
 1.09414e+23	0.00e+00	4.24e-32	1.73e-27	6.84e-24	1.41e-20	2.12e-17	5.03e-14	1.55e-11	1.91e-09	9.78e-08	3.02e-06	4.93e-05	5.31e-04	6.04e-03	1.38e-01	4.32e-01	4.24e-01
 1.10035e+23	0.00e+00	6.82e-32	2.69e-27	1.03e-23	2.05e-20	2.97e-17	6.86e-14	2.06e-11	2.45e-09	1.22e-07	3.64e-06	5.74e-05	5.97e-04	6.55e-03	1.44e-01	4.36e-01	4.13e-01
 1.10591e+23	0.00e+00	1.06e-31	4.05e-27	1.51e-23	2.91e-20	4.08e-17	9.17e-14	2.67e-11	3.09e-09	1.49e-07	4.33e-06	6.62e-05	6.65e-04	7.05e-03	1.50e-01	4.39e-01	4.03e-01
 1.11211e+23	0.00e+00	1.85e-31	6.78e-27	2.43e-23	4.52e-20	6.06e-17	1.32e-13	3.72e-11	4.14e-09	1.92e-07	5.39e-06	7.92e-05	7.61e-04	7.74e-03	1.58e-01	4.44e-01	3.90e-01
 1.11844e+23	0.00e+00	2.99e-31	1.06e-26	3.68e-23	6.61e-20	8.53e-17	1.81e-13	4.94e-11	5.34e-09	2.40e-07	6.51e-06	9.25e-05	8.56e-04	8.39e-03	1.65e-01	4.47e-01	3.79e-01
 1.12380e+23	0.00e+00	4.63e-31	1.59e-26	5.36e-23	9.31e-20	1.16e-16	2.41e-13	6.39e-11	6.71e-09	2.93e-07	7.72e-06	1.06e-04	9.52e-04	9.02e-03	1.72e-01	4.50e-01	3.69e-01
 1.12884e+23	0.00e+00	6.89e-31	2.30e-26	7.55e-23	1.28e-19	1.54e-16	3.13e-13	8.09e-11	8.28e-09	3.52e-07	9.02e-06	1.21e-04	1.05e-03	9.63e-03	1.78e-01	4.52e-01	3.59e-01
 1.13462e+23	0.00e+00	1.17e-30	3.75e-26	1.19e-22	1.93e-19	2.23e-16	4.40e-13	1.10e-10	1.09e-08	4.47e-07	1.11e-05	1.43e-04	1.19e-03	1.05e-02	1.86e-01	4.54e-01	3.47e-01
 1.14055e+23	0.00e+00	1.85e-30	5.75e-26	1.76e-22	2.77e-19	3.08e-16	5.94e-13	1.45e-10	1.39e-08	5.52e-07	1.33e-05	1.66e-04	1.33e-03	1.13e-02	1.94e-01	4.56e-01	3.37e-01
 1.14578e+23	0.00e+00	2.87e-30	8.62e-26	2.56e-22	3.90e-19	4.18e-16	7.88e-13	1.87e-10	1.75e-08	6.74e-07	1.58e-05	1.91e-04	1.48e-03	1.22e-02	2.01e-01	4.58e-01	3.27e-01
 1.15166e+23	0.00e+00	4.95e-30	1.43e-25	4.08e-22	5.96e-19	6.11e-16	1.12e-12	2.57e-10	2.32e-08	8.64e-07	1.95e-05	2.27e-04	1.68e-03	1.33e-02	2.11e-01	4.60e-01	3.14e-01
 1.15752e+23	0.00e+00	7.65e-30	2.13e-25	5.93e-22	8.38e-19	8.30e-16	1.49e-12	3.32e-10	2.91e-08	1.05e-06	2.31e-05	2.61e-04	1.87e-03	1.42e-02	2.18e-01	4.61e-01	3.05e-01
 1.16255e+23	0.00e+00	1.19e-29	3.20e-25	8.61e-22	1.18e-18	1.12e-15	1.97e-12	4.28e-10	3.66e-08	1.28e-06	2.74e-05	3.00e-04	2.07e-03	1.52e-02	2.26e-01	4.61e-01	2.95e-01
 1.16830e+23	0.00e+00	2.02e-29	5.23e-25	1.35e-21	1.78e-18	1.62e-15	2.77e-12	5.84e-10	4.82e-08	1.63e-06	3.37e-05	3.55e-04	2.35e-03	1.65e-02	2.36e-01	4.61e-01	2.83e-01
 1.17412e+23	0.00e+00	3.14e-29	7.87e-25	1.98e-21	2.51e-18	2.20e-15	3.68e-12	7.56e-10	6.08e-08	2.00e-06	4.00e-05	4.08e-04	2.61e-03	1.77e-02	2.44e-01	4.61e-01	2.74e-01
 1.17918e+23	0.00e+00	4.85e-29	1.18e-24	2.86e-21	3.51e-18	2.96e-15	4.86e-12	9.73e-10	7.62e-08	2.43e-06	4.73e-05	4.68e-04	2.89e-03	1.89e-02	2.53e-01	4.61e-01	2.64e-01
 1.18492e+23	0.00e+00	8.42e-29	1.96e-24	4.56e-21	5.36e-18	4.32e-15	6.90e-12	1.34e-09	1.01e-07	3.12e-06	5.86e-05	5.57e-04	3.29e-03	2.06e-02	2.63e-01	4.60e-01	2.52e-01
 1.19068e+23	0.00e+00	1.30e-28	2.92e-24	6.60e-21	7.50e-18	5.81e-15	9.11e-12	1.72e-09	1.27e-07	3.80e-06	6.92e-05	6.38e-04	3.63e-03	2.20e-02	2.72e-01	4.59e-01	2.43e-01
 1.19568e+23	0.00e+00	2.00e-28	4.34e-24	9.50e-21	1.04e-17	7.78e-15	1.20e-11	2.21e-09	1.59e-07	4.61e-06	8.18e-05	7.30e-04	4.01e-03	2.35e-02	2.80e-01	4.57e-01	2.34e-01
 1.20136e+23	0.00e+00	3.37e-28	7.04e-24	1.48e-20	1.56e-17	1.11e-14	1.67e-11	3.00e-09	2.08e-07	5.84e-06	1.00e-04	8.60e-04	4.53e-03	2.53e-02	2.91e-01	4.55e-01	2.24e-01
 1.20721e+23	0.00e+00	5.46e-28	1.10e-23	2.23e-20	2.25e-17	1.54e-14	2.27e-11	3.95e-09	2.67e-07	7.25e-06	1.20e-04	1.00e-03	5.06e-03	2.72e-02	3.00e-01	4.52e-01	2.14e-01
 1.21227e+23	0.00e+00	8.33e-28	1.62e-23	3.18e-20	3.12e-17	2.05e-14	2.96e-11	5.05e-09	3.32e-07	8.76e-06	1.42e-04	1.14e-03	5.57e-03	2.89e-02	3.09e-01	4.49e-01	2.06e-01
 1.21786e+23	0.00e+00	1.40e-27	2.62e-23	4.95e-20	4.65e-17	2.91e-14	4.12e-11	6.82e-09	4.35e-07	1.11e-05	1.73e-04	1.34e-03	6.27e-03	3.12e-02	3.20e-01	4.46e-01	1.96e-01
 1.22357e+23	0.00e+00	2.22e-27	3.99e-23	7.28e-20	6.58e-17	3.95e-14	5.50e-11	8.87e-09	5.50e-07	1.36e-05	2.06e-04	1.55e-03	6.95e-03	3.32e-02	3.29e-01	4.42e-01	1.87e-01
 1.22841e+23	0.00e+00	3.31e-27	5.76e-23	1.02e-19	8.91e-17	5.16e-14	7.07e-11	1.12e-08	6.76e-07	1.63e-05	2.40e-04	1.75e-03	7.60e-03	3.52e-02	3.37e-01	4.38e-01	1.80e-01
 1.23367e+23	0.00e+00	5.50e-27	9.19e-23	1.56e-19	1.31e-16	7.22e-14	9.71e-11	1.49e-08	8.77e-07	2.04e-05	2.92e-04	2.04e-03	8.51e-03	3.77e-02	3.47e-01	4.33e-01	1.71e-01
 1.23906e+23	0.00e+00	8.55e-27	1.38e-22	2.26e-19	1.82e-16	9.65e-14	1.28e-10	1.92e-08	1.10e-06	2.48e-05	3.45e-04	2.34e-03	9.39e-03	4.00e-02	3.56e-01	4.29e-01	1.63e-01
 1.24345e+23	0.00e+00	1.22e-26	1.91e-22	3.04e-19	2.38e-16	1.22e-13	1.59e-10	2.35e-08	1.32e-06	2.91e-05	3.95e-04	2.61e-03	1.02e-02	4.20e-02	3.63e-01	4.25e-01	1.57e-01
 1.24796e+23	0.00e+00	1.90e-26	2.86e-22	4.39e-19	3.31e-16	1.62e-13	2.10e-10	3.02e-08	1.65e-06	3.54e-05	4.67e-04	2.99e-03	1.12e-02	4.45e-02	3.72e-01	4.19e-01	1.49e-01
 1.25230e+23	0.00e+00	2.64e-26	3.88e-22	5.79e-19	4.23e-16	2.01e-13	2.57e-10	3.65e-08	1.96e-06	4.10e-05	5.29e-04	3.30e-03	1.20e-02	4.65e-02	3.79e-01	4.15e-01	1.44e-01
 1.25580e+23	0.00e+00	3.65e-26	5.22e-22	7.58e-19	5.38e-16	2.48e-13	3.14e-10	4.38e-08	2.31e-06	4.73e-05	5.99e-04	3.65e-03	1.29e-02	4.85e-02	3.85e-01	4.11e-01	1.39e-01
 1.25924e+23	0.00e+00	4.96e-26	6.91e-22	9.78e-19	6.76e-16	3.02e-13	3.79e-10	5.22e-08	2.70e-06	5.42e-05	6.72e-04	4.00e-03	1.38e-02	5.05e-02	3.91e-01	4.07e-01	1.34e-01
 1.26260e+23	0.00e+00	6.62e-26	9.00e-22	1.24e-18	8.37e-16	3.63e-13	4.52e-10	6.14e-08	3.13e-06	6.16e-05	7.49e-04	4.36e-03	1.47e-02	5.24e-02	3.96e-01	4.02e-01	1.29e-01
 1.26639e+23	0.00e+00	9.72e-26	1.28e-21	1.71e-18	1.11e-15	4.63e-13	5.71e-10	7.62e-08	3.80e-06	7.30e-05	8.66e-04	4.90e-03	1.59e-02	5.50e-02	4.03e-01	3.97e-01	1.24e-01
 1.27015e+23	0.00e+00	1.32e-25	1.69e-21	2.20e-18	1.39e-15	5.62e-13	6.89e-10	9.06e-08	4.45e-06	8.36e-05	9.72e-04	5.38e-03	1.70e-02	5.71e-02	4.09e-01	3.92e-01	1.19e-01
 1.27337e+23	0.00e+00	1.78e-25	2.22e-21	2.81e-18	1.72e-15	6.77e-13	8.24e-10	1.07e-07	5.16e-06	9.52e-05	1.09e-03	5.87e-03	1.81e-02	5.92e-02	4.14e-01	3.87e-01	1.15e-01
 1.27645e+23	0.00e+00	2.36e-25	2.87e-21	3.54e-18	2.12e-15	8.08e-13	9.77e-10	1.25e-07	5.96e-06	1.08e-04	1.21e-03	6.39e-03	1.92e-02	6.13e-02	4.19e-01	3.82e-01	1.11e-01
 1.27942e+23	0.00e+00	3.08e-25	3.66e-21	4.41e-18	2.57e-15	9.54e-13	1.15e-09	1.46e-07	6.82e-06	1.21e-04	1.33e-03	6.92e-03	2.03e-02	6.33e-02	4.23e-01	3.78e-01	1.07e-01
 1.28281e+23	0.00e+00	4.37e-25	5.04e-21	5.88e-18	3.31e-15	1.18e-12	1.42e-09	1.77e-07	8.14e-06	1.41e-04	1.52e-03	7.68e-03	2.19e-02	6.59e-02	4.29e-01	3.72e-01	1.02e-01
 1.28625e+23	0.00e+00	5.80e-25	6.52e-21	7.40e-18	4.06e-15	1.41e-12	1.68e-09	2.07e-07	9.39e-06	1.60e-04	1.69e-03	8.34e-03	2.32e-02	6.81e-02	4.33e-01	3.67e-01	9.84e-02
 1.28974e+23	0.00e+00	8.46e-25	9.19e-21	1.01e-17	5.31e-15	1.77e-12	2.10e-09	2.55e-07	1.14e-05	1.88e-04	1.94e-03	9.33e-03	2.51e-02	7.11e-02	4.39e-01	3.60e-01	9.36e-02
 1.29317e+23	0.00e+00	1.12e-24	1.18e-20	1.26e-17	6.49e-15	2.10e-12	2.48e-09	2.98e-07	1.31e-05	2.13e-04	2.15e-03	1.01e-02	2.65e-02	7.34e-02	4.43e-01	3.55e-01	9.01e-02
 1.29598e+23	0.00e+00	1.47e-24	1.52e-20	1.57e-17	7.85e-15	2.46e-12	2.91e-09	3.47e-07	1.50e-05	2.39e-04	2.38e-03	1.10e-02	2.80e-02	7.57e-02	4.47e-01	3.49e-01	8.67e-02
 1.29862e+23	0.00e+00	1.90e-24	1.91e-20	1.93e-17	9.39e-15	2.86e-12	3.38e-09	3.99e-07	1.70e-05	2.67e-04	2.62e-03	1.18e-02	2.95e-02	7.78e-02	4.50e-01	3.44e-01	8.36e-02
 1.30158e+23	0.00e+00	2.60e-24	2.55e-20	2.50e-17	1.17e-14	3.46e-12	4.07e-09	4.75e-07	2.00e-05	3.07e-04	2.94e-03	1.30e-02	3.15e-02	8.05e-02	4.54e-01	3.38e-01	7.99e-02
 1.30463e+23	0.00e+00	3.47e-24	3.30e-20	3.14e-17	1.43e-14	4.08e-12	4.81e-09	5.55e-07	2.30e-05	3.47e-04	3.27e-03	1.41e-02	3.33e-02	8.30e-02	4.57e-01	3.32e-01	7.66e-02
 1.30730e+23	0.00e+00	4.45e-24	4.13e-20	3.84e-17	1.70e-14	4.72e-12	5.56e-09	6.37e-07	2.61e-05	3.86e-04	3.58e-03	1.51e-02	3.50e-02	8.52e-02	4.60e-01	3.27e-01	7.39e-02
 1.31026e+23	0.00e+00	6.30e-24	5.66e-20	5.05e-17	2.16e-14	5.75e-12	6.79e-09	7.69e-07	3.10e-05	4.49e-04	4.06e-03	1.67e-02	3.75e-02	8.83e-02	4.63e-01	3.20e-01	7.01e-02
 1.31323e+23	0.00e+00	8.23e-24	7.20e-20	6.25e-17	2.59e-14	6.69e-12	7.91e-09	8.90e-07	3.54e-05	5.03e-04	4.48e-03	1.80e-02	3.95e-02	9.07e-02	4.66e-01	3.14e-01	6.73e-02
 1.31620e+23	0.00e+00	1.17e-23	9.84e-20	8.23e-17	3.28e-14	8.12e-12	9.65e-09	1.07e-06	4.21e-05	5.84e-04	5.08e-03	1.99e-02	4.22e-02	9.38e-02	4.69e-01	3.06e-01	6.37e-02
 1.31923e+23	0.00e+00	1.55e-23	1.27e-19	1.03e-16	3.97e-14	9.50e-12	1.13e-08	1.25e-06	4.84e-05	6.59e-04	5.62e-03	2.16e-02	4.46e-02	9.64e-02	4.70e-01	3.00e-01	6.09e-02
 1.32182e+23	0.00e+00	2.00e-23	1.60e-19	1.26e-16	4.72e-14	1.10e-11	1.31e-08	1.44e-06	5.50e-05	7.35e-04	6.17e-03	2.32e-02	4.68e-02	9.87e-02	4.72e-01	2.94e-01	5.84e-02
 1.32470e+23	0.00e+00	2.89e-23	2.22e-19	1.67e-16	5.99e-14	1.33e-11	1.61e-08	1.75e-06	6.58e-05	8.58e-04	7.03e-03	2.57e-02	5.01e-02	1.02e-01	4.74e-01	2.86e-01	5.49e-02
 1.32753e+23	0.00e+00	3.71e-23	2.78e-19	2.04e-16	7.07e-14	1.52e-11	1.85e-08	2.00e-06	7.44e-05	9.53e-04	7.68e-03	2.76e-02	5.25e-02	1.04e-01	4.74e-01	2.80e-01	5.27e-02
 1.33029e+23	0.00e+00	5.29e-23	3.81e-19	2.67e-16	8.88e-14	1.83e-11	2.25e-08	2.41e-06	8.84e-05	1.11e-03	8.70e-03	3.04e-02	5.60e-02	1.08e-01	4.75e-01	2.72e-01	4.95e-02
 1.33300e+23	0.00e+00	6.70e-23	4.71e-19	3.22e-16	1.04e-13	2.08e-11	2.57e-08	2.74e-06	9.93e-05	1.22e-03	9.46e-03	3.24e-02	5.84e-02	1.10e-01	4.75e-01	2.66e-01	4.75e-02
 1.33564e+23	0.00e+00	9.57e-23	6.46e-19	4.22e-16	1.30e-13	2.48e-11	3.11e-08	3.30e-06	1.18e-04	1.41e-03	1.07e-02	3.57e-02	6.23e-02	1.13e-01	4.75e-01	2.57e-01	4.46e-02
 1.33827e+23	0.00e+00	1.22e-22	8.01e-19	5.08e-16	1.52e-13	2.81e-11	3.55e-08	3.75e-06	1.33e-04	1.56e-03	1.16e-02	3.81e-02	6.50e-02	1.15e-01	4.74e-01	2.52e-01	4.26e-02
 1.34086e+23	0.00e+00	1.73e-22	1.09e-18	6.63e-16	1.89e-13	3.34e-11	4.28e-08	4.51e-06	1.57e-04	1.81e-03	1.31e-02	4.18e-02	6.91e-02	1.18e-01	4.73e-01	2.43e-01	3.99e-02
 1.34348e+23	0.00e+00	2.24e-22	1.37e-18	8.05e-16	2.22e-13	3.80e-11	4.92e-08	5.16e-06	1.78e-04	2.01e-03	1.43e-02	4.47e-02	7.21e-02	1.20e-01	4.72e-01	2.37e-01	3.80e-02
 1.34612e+23	0.00e+00	3.21e-22	1.89e-18	1.05e-15	2.77e-13	4.51e-11	5.95e-08	6.22e-06	2.11e-04	2.32e-03	1.62e-02	4.91e-02	7.66e-02	1.23e-01	4.69e-01	2.28e-01	3.54e-02
 1.34880e+23	0.00e+00	4.20e-22	2.40e-18	1.29e-15	3.27e-13	5.14e-11	6.87e-08	7.15e-06	2.40e-04	2.59e-03	1.77e-02	5.27e-02	8.01e-02	1.25e-01	4.67e-01	2.21e-01	3.35e-02
 1.35153e+23	0.00e+00	6.03e-22	3.30e-18	1.69e-15	4.08e-13	6.10e-11	8.32e-08	8.62e-06	2.85e-04	2.99e-03	2.00e-02	5.77e-02	8.49e-02	1.28e-01	4.63e-01	2.12e-01	3.11e-02
 1.35423e+23	0.00e+00	7.92e-22	4.19e-18	2.08e-15	4.81e-13	6.93e-11	9.59e-08	9.90e-06	3.24e-04	3.33e-03	2.19e-02	6.18e-02	8.86e-02	1.30e-01	4.60e-01	2.05e-01	2.94e-02
 1.35689e+23	0.00e+00	1.13e-21	5.75e-18	2.71e-15	5.95e-13	8.17e-11	1.15e-07	1.19e-05	3.83e-04	3.84e-03	2.46e-02	6.75e-02	9.36e-02	1.32e-01	4.55e-01	1.96e-01	2.72e-02
 1.35960e+23	4.18e-34	1.51e-21	7.39e-18	3.34e-15	7.05e-13	9.31e-11	1.34e-07	1.37e-05	4.38e-04	4.28e-03	2.69e-02	7.23e-02	9.76e-02	1.34e-01	4.50e-01	1.89e-01	2.55e-02
 1.36237e+23	6.51e-34	2.19e-21	1.03e-17	4.40e-15	8.79e-13	1.10e-10	1.62e-07	1.66e-05	5.20e-04	4.95e-03	3.02e-02	7.90e-02	1.03e-01	1.36e-01	4.43e-01	1.80e-01	2.34e-02
 1.36516e+23	9.20e-34	2.94e-21	1.33e-17	5.45e-15	1.04e-12	1.25e-10	1.87e-07	1.92e-05	5.94e-04	5.53e-03	3.31e-02	8.45e-02	1.07e-01	1.38e-01	4.37e-01	1.72e-01	2.18e-02
 1.36799e+23	1.45e-33	4.31e-21	1.85e-17	7.21e-15	1.30e-12	1.48e-10	2.27e-07	2.31e-05	7.05e-04	6.37e-03	3.72e-02	9.22e-02	1.13e-01	1.39e-01	4.29e-01	1.63e-01	1.99e-02
 1.37084e+23	2.04e-33	5.78e-21	2.40e-17	8.92e-15	1.54e-12	1.68e-10	2.62e-07	2.67e-05	8.04e-04	7.10e-03	4.06e-02	9.83e-02	1.17e-01	1.40e-01	4.22e-01	1.56e-01	1.85e-02
 1.37330e+23	2.87e-33	7.70e-21	3.08e-17	1.10e-14	1.82e-12	1.90e-10	3.01e-07	3.06e-05	9.12e-04	7.88e-03	4.41e-02	1.05e-01	1.21e-01	1.41e-01	4.14e-01	1.49e-01	1.72e-02
 1.37608e+23	4.41e-33	1.11e-20	4.24e-17	1.43e-14	2.24e-12	2.23e-10	3.60e-07	3.65e-05	1.07e-03	8.98e-03	4.89e-02	1.13e-01	1.27e-01	1.42e-01	4.04e-01	1.40e-01	1.56e-02
 1.37887e+23	6.15e-33	1.47e-20	5.42e-17	1.76e-14	2.63e-12	2.51e-10	4.12e-07	4.17e-05	1.21e-03	9.91e-03	5.29e-02	1.20e-01	1.31e-01	1.43e-01	3.95e-01	1.33e-01	1.44e-02
 1.38166e+23	9.50e-33	2.13e-20	7.48e-17	2.29e-14	3.24e-12	2.93e-10	4.89e-07	4.95e-05	1.41e-03	1.12e-02	5.85e-02	1.29e-01	1.36e-01	1.43e-01	3.84e-01	1.24e-01	1.30e-02
 1.38446e+23	1.30e-32	2.79e-20	9.46e-17	2.79e-14	3.78e-12	3.30e-10	5.55e-07	5.61e-05	1.58e-03	1.23e-02	6.28e-02	1.35e-01	1.40e-01	1.43e-01	3.75e-01	1.18e-01	1.21e-02
 1.38729e+23	1.97e-32	3.98e-20	1.29e-16	3.60e-14	4.62e-12	3.83e-10	6.54e-07	6.59e-05	1.83e-03	1.38e-02	6.89e-02	1.44e-01	1.44e-01	1.42e-01	3.63e-01	1.11e-01	1.09e-02
 1.39021e+23	2.76e-32	5.32e-20	1.66e-16	4.44e-14	5.45e-12	4.34e-10	7.45e-07	7.50e-05	2.05e-03	1.52e-02	7.40e-02	1.52e-01	1.48e-01	1.42e-01	3.53e-01	1.04e-01	9.97e-03
 1.39324e+23	4.26e-32	7.70e-20	2.29e-16	5.80e-14	6.72e-12	5.08e-10	8.79e-07	8.83e-05	2.38e-03	1.71e-02	8.10e-02	1.62e-01	1.52e-01	1.41e-01	3.39e-01	9.66e-02	8.89e-03
 1.39633e+23	5.95e-32	1.03e-19	2.95e-16	7.15e-14	7.93e-12	5.75e-10	9.99e-07	1.00e-04	2.66e-03	1.87e-02	8.67e-02	1.69e-01	1.55e-01	1.40e-01	3.28e-01	9.08e-02	8.12e-03
 1.39949e+23	9.15e-32	1.49e-19	4.07e-16	9.34e-14	9.79e-12	6.75e-10	1.17e-06	1.17e-04	3.06e-03	2.09e-02	9.43e-02	1.79e-01	1.59e-01	1.38e-01	3.14e-01	8.36e-02	7.21e-03
 1.40272e+23	1.28e-31	1.98e-19	5.25e-16	1.15e-13	1.16e-11	7.66e-10	1.33e-06	1.33e-04	3.41e-03	2.28e-02	1.00e-01	1.87e-01	1.62e-01	1.36e-01	3.03e-01	7.82e-02	6.55e-03
 1.40601e+23	1.96e-31	2.88e-19	7.25e-16	1.51e-13	1.43e-11	9.00e-10	1.56e-06	1.55e-04	3.91e-03	2.53e-02	1.09e-01	1.97e-01	1.65e-01	1.34e-01	2.89e-01	7.17e-02	5.77e-03
 1.40933e+23	2.71e-31	3.81e-19	9.28e-16	1.85e-13	1.68e-11	1.02e-09	1.75e-06	1.73e-04	4.33e-03	2.74e-02	1.15e-01	2.04e-01	1.67e-01	1.32e-01	2.78e-01	6.69e-02	5.23e-03
 1.41268e+23	4.09e-31	5.45e-19	1.27e-15	2.41e-13	2.07e-11	1.19e-09	2.03e-06	2.00e-04	4.92e-03	3.02e-02	1.24e-01	2.14e-01	1.69e-01	1.29e-01	2.63e-01	6.11e-02	4.61e-03
 1.41610e+23	5.68e-31	7.25e-19	1.63e-15	2.97e-13	2.45e-11	1.36e-09	2.29e-06	2.25e-04	5.44e-03	3.26e-02	1.31e-01	2.21e-01	1.71e-01	1.27e-01	2.52e-01	5.68e-02	4.15e-03
 1.41908e+23	7.66e-31	9.41e-19	2.05e-15	3.59e-13	2.85e-11	1.53e-09	2.54e-06	2.49e-04	5.95e-03	3.50e-02	1.37e-01	2.27e-01	1.72e-01	1.24e-01	2.42e-01	5.30e-02	3.77e-03
 1.42238e+23	1.13e-30	1.32e-18	2.76e-15	4.61e-13	3.48e-11	1.78e-09	2.91e-06	2.84e-04	6.67e-03	3.81e-02	1.45e-01	2.36e-01	1.73e-01	1.21e-01	2.29e-01	4.83e-02	3.31e-03
 1.42570e+23	1.50e-30	1.69e-18	3.43e-15	5.54e-13	4.03e-11	2.00e-09	3.22e-06	3.13e-04	7.25e-03	4.06e-02	1.52e-01	2.41e-01	1.73e-01	1.18e-01	2.19e-01	4.50e-02	3.01e-03
 1.42903e+23	2.18e-30	2.35e-18	4.58e-15	7.04e-13	4.89e-11	2.32e-09	3.66e-06	3.54e-04	8.07e-03	4.40e-02	1.60e-01	2.49e-01	1.73e-01	1.15e-01	2.07e-01	4.10e-02	2.65e-03
 1.43244e+23	2.89e-30	3.03e-18	5.73e-15	8.51e-13	5.69e-11	2.61e-09	4.05e-06	3.90e-04	8.77e-03	4.68e-02	1.67e-01	2.54e-01	1.73e-01	1.12e-01	1.97e-01	3.80e-02	2.39e-03
 1.43546e+23	3.84e-30	3.89e-18	7.13e-15	1.02e-12	6.60e-11	2.93e-09	4.47e-06	4.27e-04	9.49e-03	4.96e-02	1.74e-01	2.59e-01	1.73e-01	1.09e-01	1.88e-01	3.53e-02	2.16e-03
 1.43889e+23	5.55e-30	5.37e-18	9.48e-15	1.30e-12	7.99e-11	3.39e-09	5.05e-06	4.81e-04	1.05e-02	5.35e-02	1.82e-01	2.66e-01	1.72e-01	1.05e-01	1.77e-01	3.20e-02	1.88e-03
 1.44230e+23	7.20e-30	6.76e-18	1.16e-14	1.54e-12	9.18e-11	3.79e-09	5.54e-06	5.23e-04	1.13e-02	5.64e-02	1.88e-01	2.70e-01	1.71e-01	1.03e-01	1.69e-01	2.97e-02	1.71e-03
 1.44569e+23	1.02e-29	9.21e-18	1.52e-14	1.94e-12	1.10e-10	4.37e-09	6.22e-06	5.85e-04	1.24e-02	6.04e-02	1.96e-01	2.75e-01	1.70e-01	9.89e-02	1.58e-01	2.69e-02	1.50e-03
 1.44915e+23	1.33e-29	1.16e-17	1.87e-14	2.31e-12	1.27e-10	4.89e-09	6.82e-06	6.36e-04	1.33e-02	6.35e-02	2.03e-01	2.79e-01	1.68e-01	9.60e-02	1.50e-01	2.50e-02	1.35e-03
 1.45270e+23	1.90e-29	1.59e-17	2.46e-14	2.91e-12	1.53e-10	5.65e-09	7.67e-06	7.10e-04	1.46e-02	6.79e-02	2.11e-01	2.83e-01	1.66e-01	9.22e-02	1.41e-01	2.25e-02	1.18e-03
 1.45631e+23	2.48e-29	2.01e-17	3.03e-14	3.47e-12	1.77e-10	6.34e-09	8.41e-06	7.73e-04	1.57e-02	7.14e-02	2.17e-01	2.86e-01	1.65e-01	8.92e-02	1.33e-01	2.08e-02	1.06e-03
 1.46001e+23	3.55e-29	2.75e-17	4.00e-14	4.38e-12	2.14e-10	7.36e-09	9.46e-06	8.61e-04	1.72e-02	7.61e-02	2.25e-01	2.90e-01	1.62e-01	8.53e-02	1.24e-01	1.86e-02	9.16e-04
 1.46377e+23	4.64e-29	3.48e-17	4.94e-14	5.24e-12	2.48e-10	8.27e-09	1.04e-05	9.37e-04	1.84e-02	7.99e-02	2.31e-01	2.92e-01	1.60e-01	8.23e-02	1.17e-01	1.71e-02	8.20e-04
 1.46763e+23	1.71e-29	4.77e-17	6.52e-14	6.64e-12	3.00e-10	9.62e-09	1.17e-05	1.04e-03	2.01e-02	8.49e-02	2.39e-01	2.95e-01	1.57e-01	7.84e-02	1.09e-01	1.53e-02	7.06e-04
 1.47139e+23	2.17e-29	5.89e-17	7.87e-14	7.80e-12	3.43e-10	1.07e-08	1.27e-05	1.13e-03	2.14e-02	8.86e-02	2.44e-01	2.96e-01	1.55e-01	7.57e-02	1.03e-01	1.42e-02	6.38e-04
 1.47505e+23	3.04e-29	7.93e-17	1.02e-13	9.73e-12	4.10e-10	1.23e-08	1.42e-05	1.24e-03	2.32e-02	9.36e-02	2.52e-01	2.98e-01	1.51e-01	7.21e-02	9.55e-02	1.27e-02	5.52e-04
 1.47876e+23	3.87e-29	9.80e-17	1.24e-13	1.15e-11	4.70e-10	1.38e-08	1.55e-05	1.34e-03	2.47e-02	9.75e-02	2.57e-01	2.99e-01	1.49e-01	6.95e-02	9.04e-02	1.17e-02	4.97e-04
 1.48253e+23	5.36e-29	1.31e-16	1.60e-13	1.42e-11	5.61e-10	1.58e-08	1.72e-05	1.48e-03	2.67e-02	1.03e-01	2.63e-01	3.00e-01	1.45e-01	6.61e-02	8.37e-02	1.05e-02	4.30e-04
 1.48643e+23	6.96e-29	1.65e-16	1.96e-13	1.70e-11	6.50e-10	1.78e-08	1.89e-05	1.60e-03	2.85e-02	1.07e-01	2.69e-01	3.00e-01	1.42e-01	6.33e-02	7.86e-02	9.58e-03	3.83e-04
 1.49047e+23	9.65e-29	2.21e-16	2.54e-13	2.12e-11	7.80e-10	2.06e-08	2.11e-05	1.77e-03	3.08e-02	1.13e-01	2.75e-01	3.00e-01	1.38e-01	5.99e-02	7.26e-02	8.55e-03	3.30e-04
 1.49465e+23	1.27e-28	2.82e-16	3.16e-13	2.56e-11	9.10e-10	2.33e-08	2.33e-05	1.92e-03	3.29e-02	1.18e-01	2.80e-01	2.99e-01	1.35e-01	5.72e-02	6.77e-02	7.74e-03	2.90e-04
 1.49899e+23	1.79e-28	3.81e-16	4.13e-13	3.22e-11	1.10e-09	2.72e-08	2.62e-05	2.12e-03	3.56e-02	1.24e-01	2.87e-01	2.98e-01	1.31e-01	5.38e-02	6.21e-02	6.85e-03	2.48e-04
 1.50345e+23	2.37e-28	4.91e-16	5.18e-13	3.91e-11	1.29e-09	3.10e-08	2.90e-05	2.31e-03	3.81e-02	1.29e-01	2.92e-01	2.97e-01	1.27e-01	5.11e-02	5.77e-02	6.17e-03	2.16e-04
 1.50806e+23	3.37e-28	6.69e-16	6.83e-13	4.97e-11	1.58e-09	3.64e-08	3.28e-05	2.57e-03	4.13e-02	1.36e-01	2.97e-01	2.95e-01	1.22e-01	4.79e-02	5.26e-02	5.42e-03	1.83e-04
 1.51281e+23	4.53e-28	8.70e-16	8.63e-13	6.08e-11	1.87e-09	4.17e-08	3.64e-05	2.80e-03	4.41e-02	1.42e-01	3.02e-01	2.92e-01	1.18e-01	4.52e-02	4.86e-02	4.85e-03	1.59e-04
 1.51774e+23	6.53e-28	1.20e-15	1.15e-12	7.80e-11	2.30e-09	4.93e-08	4.14e-05	3.12e-03	4.79e-02	1.49e-01	3.07e-01	2.89e-01	1.13e-01	4.21e-02	4.40e-02	4.22e-03	1.33e-04
 1.52285e+23	8.91e-28	1.58e-15	1.47e-12	9.65e-11	2.74e-09	5.70e-08	4.62e-05	3.42e-03	5.13e-02	1.55e-01	3.11e-01	2.86e-01	1.09e-01	3.95e-02	4.03e-02	3.74e-03	1.14e-04
 1.52747e+23	1.20e-27	2.06e-15	1.87e-12	1.18e-10	3.26e-09	6.55e-08	5.15e-05	3.74e-03	5.48e-02	1.61e-01	3.15e-01	2.83e-01	1.05e-01	3.71e-02	3.70e-02	3.32e-03	9.79e-05
 1.53278e+23	1.76e-27	2.88e-15	2.52e-12	1.54e-10	4.05e-09	7.82e-08	5.89e-05	4.17e-03	5.95e-02	1.69e-01	3.19e-01	2.78e-01	1.00e-01	3.43e-02	3.31e-02	2.85e-03	8.07e-05
 1.53819e+23	2.41e-27	3.81e-15	3.24e-12	1.91e-10	4.85e-09	9.05e-08	6.59e-05	4.57e-03	6.37e-02	1.76e-01	3.22e-01	2.73e-01	9.57e-02	3.20e-02	3.02e-02	2.51e-03	6.87e-05
 1.54374e+23	3.56e-27	5.39e-15	4.41e-12	2.49e-10	6.07e-09	1.09e-07	7.57e-05	5.12e-03	6.91e-02	1.84e-01	3.25e-01	2.68e-01	9.05e-02	2.93e-02	2.69e-02	2.14e-03	5.60e-05
 1.54936e+23	4.90e-27	7.15e-15	5.69e-12	3.11e-10	7.29e-09	1.26e-07	8.48e-05	5.60e-03	7.38e-02	1.91e-01	3.27e-01	2.62e-01	8.63e-02	2.73e-02	2.44e-02	1.87e-03	4.73e-05
 1.55508e+23	7.33e-27	1.02e-14	7.84e-12	4.10e-10	9.18e-09	1.52e-07	9.77e-05	6.28e-03	8.01e-02	2.00e-01	3.29e-01	2.56e-01	8.11e-02	2.48e-02	2.15e-02	1.58e-03	3.81e-05
 1.56087e+23	1.01e-26	1.36e-14	1.01e-11	5.11e-10	1.10e-08	1.76e-07	1.09e-04	6.87e-03	8.55e-02	2.06e-01	3.30e-01	2.50e-01	7.70e-02	2.30e-02	1.94e-02	1.37e-03	3.20e-05
 1.56673e+23	1.53e-26	1.97e-14	1.41e-11	6.80e-10	1.40e-08	2.14e-07	1.26e-04	7.70e-03	9.27e-02	2.15e-01	3.31e-01	2.42e-01	7.19e-02	2.08e-02	1.70e-02	1.15e-03	2.55e-05
 1.57262e+23	2.09e-26	2.62e-14	1.82e-11	8.46e-10	1.68e-08	2.48e-07	1.41e-04	8.41e-03	9.86e-02	2.22e-01	3.31e-01	2.36e-01	6.81e-02	1.92e-02	1.53e-02	9.95e-04	2.13e-05
 1.57755e+23	2.78e-26	3.39e-14	2.29e-11	1.03e-09	1.98e-08	2.84e-07	1.56e-04	9.11e-03	1.04e-01	2.28e-01	3.31e-01	2.30e-01	6.48e-02	1.78e-02	1.39e-02	8.75e-04	1.81e-05
 1.58294e+23	4.08e-26	4.81e-14	3.12e-11	1.35e-09	2.47e-08	3.39e-07	1.78e-04	1.01e-02	1.12e-01	2.36e-01	3.30e-01	2.23e-01	6.05e-02	1.62e-02	1.22e-02	7.33e-04	1.45e-05
 1.58827e+23	5.35e-26	6.17e-14	3.90e-11	1.63e-09	2.90e-08	3.86e-07	1.97e-04	1.09e-02	1.18e-01	2.41e-01	3.29e-01	2.17e-01	5.74e-02	1.50e-02	1.11e-02	6.45e-04	1.24e-05
 1.59350e+23	7.71e-26	8.64e-14	5.25e-11	2.11e-09	3.58e-08	4.59e-07	2.23e-04	1.20e-02	1.26e-01	2.49e-01	3.27e-01	2.09e-01	5.36e-02	1.36e-02	9.73e-03	5.42e-04	9.96e-06
 1.59882e+23	1.02e-25	1.12e-13	6.64e-11	2.58e-09	4.24e-08	5.26e-07	2.47e-04	1.30e-02	1.32e-01	2.54e-01	3.24e-01	2.03e-01	5.06e-02	1.26e-02	8.78e-03	4.72e-04	8.38e-06
 1.60426e+23	1.49e-25	1.60e-13	9.07e-11	3.37e-09	5.29e-08	6.30e-07	2.82e-04	1.44e-02	1.42e-01	2.61e-01	3.21e-01	1.95e-01	4.69e-02	1.13e-02	7.64e-03	3.92e-04	6.64e-06
 1.60976e+23	1.98e-25	2.09e-13	1.15e-10	4.14e-09	6.29e-08	7.26e-07	3.13e-04	1.55e-02	1.49e-01	2.67e-01	3.18e-01	1.89e-01	4.41e-02	1.04e-02	6.85e-03	3.39e-04	5.54e-06
 1.61535e+23	2.87e-25	2.99e-13	1.59e-10	5.45e-09	7.90e-08	8.74e-07	3.59e-04	1.72e-02	1.59e-01	2.73e-01	3.13e-01	1.81e-01	4.06e-02	9.32e-03	5.92e-03	2.79e-04	4.34e-06
 1.62104e+23	3.89e-25	4.00e-13	2.05e-10	6.80e-09	9.50e-08	1.02e-06	4.01e-04	1.87e-02	1.68e-01	2.78e-01	3.09e-01	1.74e-01	3.80e-02	8.50e-03	5.25e-03	2.38e-04	3.56e-06
 1.62687e+23	5.72e-25	5.83e-13	2.87e-10	9.07e-09	1.21e-07	1.24e-06	4.64e-04	2.09e-02	1.79e-01	2.84e-01	3.03e-01	1.65e-01	3.47e-02	7.53e-03	4.48e-03	1.93e-04	2.74e-06
 1.63280e+23	7.76e-25	7.88e-13	3.75e-10	1.14e-08	1.47e-07	1.46e-06	5.22e-04	2.27e-02	1.89e-01	2.89e-01	2.98e-01	1.58e-01	3.22e-02	6.82e-03	3.94e-03	1.63e-04	2.22e-06
 1.63888e+23	1.15e-24	1.17e-12	5.32e-10	1.55e-08	1.89e-07	1.80e-06	6.09e-04	2.55e-02	2.02e-01	2.94e-01	2.90e-01	1.49e-01	2.91e-02	5.98e-03	3.32e-03	1.30e-04	1.67e-06
 1.64503e+23	1.56e-24	1.59e-12	7.02e-10	1.97e-08	2.32e-07	2.13e-06	6.89e-04	2.79e-02	2.12e-01	2.98e-01	2.84e-01	1.42e-01	2.68e-02	5.37e-03	2.89e-03	1.08e-04	1.33e-06
 1.65022e+23	2.04e-24	2.11e-12	9.02e-10	2.45e-08	2.79e-07	2.49e-06	7.72e-04	3.03e-02	2.22e-01	3.01e-01	2.78e-01	1.35e-01	2.48e-02	4.87e-03	2.54e-03	9.12e-05	1.08e-06
 1.65592e+23	2.89e-24	3.04e-12	1.25e-09	3.25e-08	3.56e-07	3.05e-06	8.97e-04	3.37e-02	2.36e-01	3.04e-01	2.69e-01	1.27e-01	2.24e-02	4.27e-03	2.15e-03	7.29e-05	8.21e-07
 1.66164e+23	3.77e-24	4.02e-12	1.61e-09	4.06e-08	4.30e-07	3.59e-06	1.01e-03	3.67e-02	2.47e-01	3.06e-01	2.62e-01	1.21e-01	2.06e-02	3.85e-03	1.88e-03	6.11e-05	6.60e-07
 1.66722e+23	5.16e-24	5.68e-12	2.19e-09	5.34e-08	5.44e-07	4.38e-06	1.17e-03	4.07e-02	2.60e-01	3.08e-01	2.53e-01	1.13e-01	1.85e-02	3.37e-03	1.58e-03	4.90e-05	5.03e-07
 1.67291e+23	6.71e-24	7.57e-12	2.84e-09	6.72e-08	6.63e-07	5.19e-06	1.32e-03	4.44e-02	2.72e-01	3.09e-01	2.45e-01	1.07e-01	1.69e-02	3.01e-03	1.37e-03	4.05e-05	3.98e-07
 1.67851e+23	8.89e-24	1.05e-11	3.82e-09	8.75e-08	8.34e-07	6.33e-06	1.53e-03	4.92e-02	2.86e-01	3.09e-01	2.35e-01	9.95e-02	1.52e-02	2.64e-03	1.15e-03	3.24e-05	3.03e-07
 1.68422e+23	1.14e-23	1.40e-11	4.98e-09	1.11e-07	1.03e-06	7.59e-06	1.75e-03	5.40e-02	2.99e-01	3.09e-01	2.26e-01	9.31e-02	1.37e-02	2.33e-03	9.85e-04	2.64e-05	2.36e-07
 1.68981e+23	1.46e-23	1.90e-11	6.55e-09	1.42e-07	1.28e-06	9.19e-06	2.01e-03	5.95e-02	3.12e-01	3.08e-01	2.16e-01	8.66e-02	1.23e-02	2.04e-03	8.31e-04	2.12e-05	1.80e-07
 1.69547e+23	1.85e-23	2.52e-11	8.52e-09	1.81e-07	1.58e-06	1.11e-05	2.30e-03	6.54e-02	3.25e-01	3.06e-01	2.07e-01	8.04e-02	1.10e-02	1.78e-03	7.02e-04	1.71e-05	1.38e-07
 1.70105e+23	2.32e-23	3.34e-11	1.10e-08	2.30e-07	1.95e-06	1.33e-05	2.64e-03	7.18e-02	3.39e-01	3.03e-01	1.97e-01	7.44e-02	9.82e-03	1.56e-03	5.91e-04	1.37e-05	0.00e+00
 1.70662e+23	2.88e-23	4.38e-11	1.42e-08	2.90e-07	2.40e-06	1.60e-05	3.02e-03	7.87e-02	3.51e-01	3.00e-01	1.87e-01	6.87e-02	8.75e-03	1.36e-03	4.97e-04	1.10e-05	0.00e+00
 1.71221e+23	3.55e-23	5.71e-11	1.82e-08	3.65e-07	2.96e-06	1.93e-05	3.46e-03	8.62e-02	3.64e-01	2.96e-01	1.78e-01	6.32e-02	7.77e-03	1.18e-03	4.17e-04	8.78e-06	0.00e+00
 1.71781e+23	4.33e-23	7.37e-11	2.31e-08	4.58e-07	3.63e-06	2.32e-05	3.95e-03	9.43e-02	3.76e-01	2.92e-01	1.68e-01	5.80e-02	6.88e-03	1.02e-03	3.48e-04	6.99e-06	0.00e+00
 1.72343e+23	5.25e-23	9.45e-11	2.93e-08	5.73e-07	4.44e-06	2.79e-05	4.51e-03	1.03e-01	3.88e-01	2.86e-01	1.58e-01	5.30e-02	6.07e-03	8.77e-04	2.90e-04	5.55e-06	0.00e+00
 1.72909e+23	6.32e-23	1.20e-10	3.69e-08	7.15e-07	5.42e-06	3.34e-05	5.15e-03	1.12e-01	3.99e-01	2.80e-01	1.49e-01	4.83e-02	5.33e-03	7.54e-04	2.41e-04	4.39e-06	0.00e+00
 1.73480e+23	7.58e-23	1.52e-10	4.63e-08	8.89e-07	6.62e-06	4.00e-05	5.86e-03	1.22e-01	4.10e-01	2.74e-01	1.39e-01	4.38e-02	4.67e-03	6.45e-04	1.99e-04	3.45e-06	0.00e+00
 1.74059e+23	9.06e-23	1.92e-10	5.79e-08	1.10e-06	8.06e-06	4.80e-05	6.68e-03	1.33e-01	4.20e-01	2.67e-01	1.30e-01	3.96e-02	4.08e-03	5.49e-04	1.64e-04	2.71e-06	0.00e+00
 1.74640e+23	1.08e-22	2.38e-10	7.18e-08	1.36e-06	9.77e-06	5.73e-05	7.57e-03	1.44e-01	4.29e-01	2.59e-01	1.21e-01	3.57e-02	3.55e-03	4.67e-04	1.35e-04	2.12e-06	0.00e+00
 1.75231e+23	1.29e-22	2.97e-10	8.91e-08	1.68e-06	1.19e-05	6.86e-05	8.61e-03	1.56e-01	4.37e-01	2.51e-01	1.12e-01	3.20e-02	3.07e-03	3.94e-04	1.10e-04	1.64e-06	0.00e+00
 1.75829e+23	5.65e-22	3.65e-10	1.10e-07	2.06e-06	1.43e-05	8.17e-05	9.74e-03	1.68e-01	4.44e-01	2.42e-01	1.04e-01	2.87e-02	2.66e-03	3.33e-04	8.96e-05	1.28e-06	0.00e+00
 1.76440e+23	6.77e-22	4.49e-10	1.35e-07	2.55e-06	1.74e-05	9.79e-05	1.11e-02	1.82e-01	4.50e-01	2.33e-01	9.52e-02	2.55e-02	2.28e-03	2.78e-04	7.22e-05	9.79e-07	0.00e+00
