#depth	He	He+	He+2
 4.62852e+21	8.55e-13	1.47e-06	1.00e+00
 1.04856e+22	2.22e-12	2.28e-06	1.00e+00
 1.23284e+22	3.65e-12	2.87e-06	1.00e+00
 1.32498e+22	4.74e-12	3.23e-06	1.00e+00
 1.36398e+22	5.11e-12	3.34e-06	1.00e+00
 1.38304e+22	5.57e-12	3.48e-06	1.00e+00
 1.40315e+22	5.31e-12	3.62e-06	1.00e+00
 1.42133e+22	5.72e-12	3.74e-06	1.00e+00
 1.43810e+22	6.15e-12	3.87e-06	1.00e+00
 1.45357e+22	6.58e-12	3.99e-06	1.00e+00
 1.47089e+22	7.15e-12	4.15e-06	1.00e+00
 1.48746e+22	7.63e-12	4.28e-06	1.00e+00
 1.50056e+22	8.11e-12	4.40e-06	1.00e+00
 1.51319e+22	8.56e-12	4.51e-06	1.00e+00
 1.52770e+22	9.21e-12	4.66e-06	1.00e+00
 1.54208e+22	9.79e-12	4.80e-06	1.00e+00
 1.55403e+22	1.04e-11	4.93e-06	1.00e+00
 1.56730e+22	1.11e-11	5.09e-06	1.00e+00
 1.58090e+22	1.18e-11	5.23e-06	1.00e+00
 1.59497e+22	1.27e-11	5.41e-06	1.00e+00
 1.60858e+22	1.34e-11	5.56e-06	1.00e+00
 1.61972e+22	1.42e-11	5.71e-06	1.00e+00
 1.63229e+22	1.52e-11	5.90e-06	1.00e+00
 1.64503e+22	1.61e-11	6.05e-06	1.00e+00
 1.65800e+22	1.74e-11	6.28e-06	1.00e+00
 1.67076e+22	1.84e-11	6.44e-06	1.00e+00
 1.68325e+22	1.99e-11	6.69e-06	1.00e+00
 1.69556e+22	2.10e-11	6.87e-06	1.00e+00
 1.70594e+22	2.22e-11	7.05e-06	1.00e+00
 1.71616e+22	2.35e-11	7.24e-06	1.00e+00
 1.72781e+22	2.52e-11	7.49e-06	1.00e+00
 1.73962e+22	2.68e-11	7.72e-06	1.00e+00
 1.74970e+22	2.82e-11	7.92e-06	1.00e+00
 1.76088e+22	3.04e-11	8.22e-06	1.00e+00
 1.77214e+22	3.22e-11	8.45e-06	1.00e+00
 1.78348e+22	3.47e-11	8.78e-06	1.00e+00
 1.79478e+22	3.67e-11	9.03e-06	1.00e+00
 1.80604e+22	3.97e-11	9.39e-06	1.00e+00
 1.81727e+22	4.21e-11	9.67e-06	1.00e+00
 1.82849e+22	4.56e-11	1.01e-05	1.00e+00
 1.83973e+22	4.83e-11	1.04e-05	1.00e+00
 1.85100e+22	5.23e-11	1.08e-05	1.00e+00
 1.86220e+22	5.56e-11	1.12e-05	1.00e+00
 1.87176e+22	5.90e-11	1.15e-05	1.00e+00
 1.88265e+22	6.38e-11	1.20e-05	1.00e+00
 1.89357e+22	6.78e-11	1.24e-05	1.00e+00
 1.90453e+22	7.34e-11	1.30e-05	1.00e+00
 1.91569e+22	7.81e-11	1.34e-05	1.00e+00
 1.92710e+22	8.48e-11	1.41e-05	1.00e+00
 1.93853e+22	9.02e-11	1.46e-05	1.00e+00
 1.94999e+22	9.79e-11	1.53e-05	1.00e+00
 1.96121e+22	1.04e-10	1.58e-05	1.00e+00
 1.97215e+22	1.12e-10	1.65e-05	1.00e+00
 1.98308e+22	1.18e-10	1.71e-05	1.00e+00
 1.99403e+22	1.27e-10	1.79e-05	1.00e+00
 2.00518e+22	1.35e-10	1.85e-05	1.00e+00
 2.01660e+22	1.45e-10	1.94e-05	1.00e+00
 2.02822e+22	1.54e-10	2.01e-05	1.00e+00
 2.04009e+22	1.65e-10	2.10e-05	1.00e+00
 2.05231e+22	1.75e-10	2.18e-05	1.00e+00
 2.06489e+22	1.88e-10	2.29e-05	1.00e+00
 2.07721e+22	1.98e-10	2.37e-05	1.00e+00
 2.08931e+22	2.11e-10	2.47e-05	1.00e+00
 2.10169e+22	2.22e-10	2.56e-05	1.00e+00
 2.11445e+22	2.37e-10	2.68e-05	1.00e+00
 2.12754e+22	2.50e-10	2.78e-05	1.00e+00
 2.14106e+22	2.67e-10	2.91e-05	1.00e+00
 2.15454e+22	2.80e-10	3.01e-05	1.00e+00
 2.16797e+22	2.97e-10	3.14e-05	1.00e+00
 2.18174e+22	3.12e-10	3.26e-05	1.00e+00
 2.19596e+22	3.32e-10	3.41e-05	1.00e+00
 2.20960e+22	3.46e-10	3.52e-05	1.00e+00
 2.22250e+22	3.66e-10	3.66e-05	1.00e+00
 2.23568e+22	3.81e-10	3.78e-05	1.00e+00
 2.24925e+22	4.03e-10	3.94e-05	1.00e+00
 2.26296e+22	4.19e-10	4.07e-05	1.00e+00
 2.27683e+22	4.42e-10	4.24e-05	1.00e+00
 2.29093e+22	4.61e-10	4.38e-05	1.00e+00
 2.30531e+22	4.86e-10	4.56e-05	1.00e+00
 2.31945e+22	5.04e-10	4.70e-05	1.00e+00
 2.33328e+22	5.29e-10	4.89e-05	1.00e+00
 2.34727e+22	5.50e-10	5.04e-05	1.00e+00
 2.36148e+22	5.77e-10	5.25e-05	1.00e+00
 2.37596e+22	5.99e-10	5.41e-05	1.00e+00
 2.39077e+22	6.29e-10	5.63e-05	1.00e+00
 2.40586e+22	6.53e-10	5.81e-05	1.00e+00
 2.42131e+22	6.86e-10	6.05e-05	1.00e+00
 2.43707e+22	7.13e-10	6.25e-05	1.00e+00
 2.45325e+22	7.49e-10	6.51e-05	1.00e+00
 2.46989e+22	7.80e-10	6.73e-05	1.00e+00
 2.48712e+22	8.21e-10	7.03e-05	1.00e+00
 2.50387e+22	8.53e-10	7.24e-05	1.00e+00
 2.51998e+22	8.93e-10	7.54e-05	1.00e+00
 2.53641e+22	9.28e-10	7.77e-05	1.00e+00
 2.55326e+22	9.73e-10	8.07e-05	1.00e+00
 2.57105e+22	1.02e-09	8.37e-05	1.00e+00
 2.58739e+22	1.06e-09	8.65e-05	1.00e+00
 2.60595e+22	1.11e-09	9.01e-05	1.00e+00
 2.62561e+22	1.17e-09	9.36e-05	1.00e+00
 2.64384e+22	1.22e-09	9.70e-05	1.00e+00
 2.66157e+22	1.27e-09	1.00e-04	1.00e+00
 2.68155e+22	1.34e-09	1.05e-04	1.00e+00
 2.70180e+22	1.41e-09	1.09e-04	1.00e+00
 2.71937e+22	1.46e-09	1.13e-04	1.00e+00
 2.73921e+22	1.54e-09	1.17e-04	1.00e+00
 2.75978e+22	1.61e-09	1.22e-04	1.00e+00
 2.77822e+22	1.68e-09	1.26e-04	1.00e+00
 2.79910e+22	1.77e-09	1.32e-04	1.00e+00
 2.82046e+22	1.85e-09	1.38e-04	1.00e+00
 2.83953e+22	1.93e-09	1.43e-04	1.00e+00
 2.86142e+22	2.03e-09	1.50e-04	1.00e+00
 2.88348e+22	2.12e-09	1.56e-04	1.00e+00
 2.90576e+22	2.22e-09	1.64e-04	1.00e+00
 2.92829e+22	2.32e-09	1.71e-04	1.00e+00
 2.95116e+22	2.43e-09	1.81e-04	1.00e+00
 2.97436e+22	2.52e-09	1.88e-04	1.00e+00
 2.99386e+22	2.60e-09	1.96e-04	1.00e+00
 3.01225e+22	2.68e-09	2.03e-04	1.00e+00
 3.03332e+22	2.77e-09	2.14e-04	1.00e+00
 3.05442e+22	2.85e-09	2.23e-04	1.00e+00
 3.07554e+22	2.94e-09	2.35e-04	1.00e+00
 3.09709e+22	3.01e-09	2.45e-04	1.00e+00
 3.11919e+22	3.09e-09	2.59e-04	1.00e+00
 3.14183e+22	3.15e-09	2.71e-04	1.00e+00
 3.16515e+22	3.22e-09	2.88e-04	1.00e+00
 3.18889e+22	3.27e-09	3.02e-04	1.00e+00
 3.21311e+22	3.32e-09	3.22e-04	1.00e+00
 3.23747e+22	3.36e-09	3.38e-04	1.00e+00
 3.26115e+22	3.39e-09	3.59e-04	1.00e+00
 3.28510e+22	3.42e-09	3.78e-04	1.00e+00
 3.30687e+22	3.44e-09	3.97e-04	1.00e+00
 3.32757e+22	3.46e-09	4.16e-04	1.00e+00
 3.34976e+22	3.49e-09	4.41e-04	1.00e+00
 3.37167e+22	3.52e-09	4.61e-04	1.00e+00
 3.39373e+22	3.55e-09	4.88e-04	1.00e+00
 3.41577e+22	3.60e-09	5.10e-04	9.99e-01
 3.43790e+22	3.66e-09	5.41e-04	9.99e-01
 3.46005e+22	3.74e-09	5.65e-04	9.99e-01
 3.48223e+22	3.84e-09	5.98e-04	9.99e-01
 3.50450e+22	3.95e-09	6.25e-04	9.99e-01
 3.52690e+22	4.10e-09	6.62e-04	9.99e-01
 3.54946e+22	4.25e-09	6.91e-04	9.99e-01
 3.57223e+22	4.48e-09	7.32e-04	9.99e-01
 3.59530e+22	4.69e-09	7.65e-04	9.99e-01
 3.61875e+22	5.00e-09	8.11e-04	9.99e-01
 3.64257e+22	5.29e-09	8.48e-04	9.99e-01
 3.66684e+22	5.72e-09	9.01e-04	9.99e-01
 3.69164e+22	6.11e-09	9.43e-04	9.99e-01
 3.71710e+22	6.70e-09	1.00e-03	9.99e-01
 3.74280e+22	7.22e-09	1.05e-03	9.99e-01
 3.76464e+22	7.76e-09	1.10e-03	9.99e-01
 3.78886e+22	8.54e-09	1.16e-03	9.99e-01
 3.81209e+22	9.15e-09	1.21e-03	9.99e-01
 3.83403e+22	1.00e-08	1.27e-03	9.99e-01
 3.85627e+22	1.08e-08	1.32e-03	9.99e-01
 3.87889e+22	1.19e-08	1.39e-03	9.99e-01
 3.90165e+22	1.28e-08	1.45e-03	9.99e-01
 3.92458e+22	1.42e-08	1.52e-03	9.98e-01
 3.94780e+22	1.53e-08	1.59e-03	9.98e-01
 3.97139e+22	1.70e-08	1.67e-03	9.98e-01
 3.99535e+22	1.84e-08	1.74e-03	9.98e-01
 4.01976e+22	2.05e-08	1.84e-03	9.98e-01
 4.04462e+22	2.23e-08	1.92e-03	9.98e-01
 4.07004e+22	2.50e-08	2.03e-03	9.98e-01
 4.09601e+22	2.73e-08	2.12e-03	9.98e-01
 4.12270e+22	3.08e-08	2.25e-03	9.98e-01
 4.14950e+22	3.36e-08	2.35e-03	9.98e-01
 4.17644e+22	3.79e-08	2.49e-03	9.98e-01
 4.20376e+22	4.15e-08	2.60e-03	9.97e-01
 4.22744e+22	4.54e-08	2.72e-03	9.97e-01
 4.25407e+22	5.09e-08	2.87e-03	9.97e-01
 4.28095e+22	5.56e-08	3.00e-03	9.97e-01
 4.30344e+22	6.03e-08	3.12e-03	9.97e-01
 4.32792e+22	6.70e-08	3.29e-03	9.97e-01
 4.35219e+22	7.24e-08	3.41e-03	9.97e-01
 4.37618e+22	7.99e-08	3.58e-03	9.96e-01
 4.40115e+22	8.74e-08	3.74e-03	9.96e-01
 4.42338e+22	9.46e-08	3.89e-03	9.96e-01
 4.44825e+22	1.04e-07	4.08e-03	9.96e-01
 4.47449e+22	1.15e-07	4.27e-03	9.96e-01
 4.49837e+22	1.25e-07	4.45e-03	9.96e-01
 4.52527e+22	1.39e-07	4.69e-03	9.95e-01
 4.55300e+22	1.53e-07	4.91e-03	9.95e-01
 4.57799e+22	1.67e-07	5.13e-03	9.95e-01
 4.60663e+22	1.87e-07	5.43e-03	9.95e-01
 4.63569e+22	2.06e-07	5.68e-03	9.94e-01
 4.66142e+22	2.25e-07	5.94e-03	9.94e-01
 4.69101e+22	2.53e-07	6.29e-03	9.94e-01
 4.72115e+22	2.79e-07	6.60e-03	9.93e-01
 4.75199e+22	3.14e-07	7.00e-03	9.93e-01
 4.78330e+22	3.47e-07	7.34e-03	9.93e-01
 4.81521e+22	3.91e-07	7.79e-03	9.92e-01
 4.84797e+22	4.36e-07	8.22e-03	9.92e-01
 4.87650e+22	4.79e-07	8.61e-03	9.91e-01
 4.90824e+22	5.39e-07	9.13e-03	9.91e-01
 4.94206e+22	6.03e-07	9.64e-03	9.90e-01
 4.97317e+22	6.68e-07	1.01e-02	9.90e-01
 5.00096e+22	7.30e-07	1.06e-02	9.89e-01
 5.02605e+22	7.93e-07	1.10e-02	9.89e-01
 5.05488e+22	8.82e-07	1.16e-02	9.88e-01
 5.08498e+22	9.70e-07	1.22e-02	9.88e-01
 5.11233e+22	1.06e-06	1.28e-02	9.87e-01
 5.14350e+22	1.19e-06	1.35e-02	9.87e-01
 5.17588e+22	1.32e-06	1.42e-02	9.86e-01
 5.20414e+22	1.45e-06	1.48e-02	9.85e-01
 5.23516e+22	1.63e-06	1.57e-02	9.84e-01
 5.26706e+22	1.79e-06	1.65e-02	9.84e-01
 5.30012e+22	2.02e-06	1.75e-02	9.83e-01
 5.33381e+22	2.24e-06	1.84e-02	9.82e-01
 5.36336e+22	2.46e-06	1.93e-02	9.81e-01
 5.39678e+22	2.78e-06	2.05e-02	9.80e-01
 5.43163e+22	3.10e-06	2.16e-02	9.78e-01
 5.46294e+22	3.43e-06	2.27e-02	9.77e-01
 5.49827e+22	3.90e-06	2.42e-02	9.76e-01
 5.53448e+22	4.36e-06	2.55e-02	9.74e-01
 5.56639e+22	4.83e-06	2.69e-02	9.73e-01
 5.60241e+22	5.50e-06	2.86e-02	9.71e-01
 5.63957e+22	6.16e-06	3.03e-02	9.70e-01
 5.67260e+22	6.86e-06	3.19e-02	9.68e-01
 5.70995e+22	7.86e-06	3.41e-02	9.66e-01
 5.74819e+22	8.81e-06	3.60e-02	9.64e-01
 5.78760e+22	1.02e-05	3.86e-02	9.61e-01
 5.82755e+22	1.14e-05	4.09e-02	9.59e-01
 5.86819e+22	1.32e-05	4.39e-02	9.56e-01
 5.90997e+22	1.50e-05	4.66e-02	9.53e-01
 5.94701e+22	1.69e-05	4.94e-02	9.51e-01
 5.98893e+22	1.96e-05	5.31e-02	9.47e-01
 6.03210e+22	2.22e-05	5.65e-02	9.43e-01
 6.07102e+22	2.51e-05	5.99e-02	9.40e-01
 6.10979e+22	2.84e-05	6.37e-02	9.36e-01
 6.14839e+22	3.20e-05	6.74e-02	9.33e-01
 6.18616e+22	3.61e-05	7.14e-02	9.29e-01
 6.22109e+22	4.00e-05	7.50e-02	9.25e-01
 6.25888e+22	4.55e-05	7.98e-02	9.20e-01
 6.29749e+22	5.08e-05	8.41e-02	9.16e-01
 6.33150e+22	5.63e-05	8.84e-02	9.12e-01
 6.37008e+22	6.41e-05	9.40e-02	9.06e-01
 6.40975e+22	7.17e-05	9.91e-02	9.01e-01
 6.44513e+22	7.97e-05	1.04e-01	8.96e-01
 6.48540e+22	9.14e-05	1.11e-01	8.89e-01
 6.52633e+22	1.02e-04	1.17e-01	8.83e-01
 6.56014e+22	1.12e-04	1.22e-01	8.78e-01
 6.59614e+22	1.26e-04	1.29e-01	8.71e-01
 6.63270e+22	1.39e-04	1.35e-01	8.65e-01
 6.66505e+22	1.53e-04	1.41e-01	8.59e-01
 6.70217e+22	1.72e-04	1.49e-01	8.51e-01
 6.73966e+22	1.90e-04	1.56e-01	8.44e-01
 6.77253e+22	2.09e-04	1.63e-01	8.37e-01
 6.81015e+22	2.35e-04	1.72e-01	8.28e-01
 6.84830e+22	2.60e-04	1.80e-01	8.20e-01
 6.88714e+22	2.93e-04	1.90e-01	8.10e-01
 6.92630e+22	3.24e-04	1.99e-01	8.01e-01
 6.96587e+22	3.66e-04	2.10e-01	7.90e-01
 7.00580e+22	4.04e-04	2.19e-01	7.80e-01
 7.04618e+22	4.56e-04	2.32e-01	7.68e-01
 7.08713e+22	5.05e-04	2.43e-01	7.57e-01
 7.11834e+22	5.42e-04	2.50e-01	7.49e-01
 7.14845e+22	5.92e-04	2.61e-01	7.39e-01
 7.18759e+22	6.65e-04	2.74e-01	7.25e-01
 7.22789e+22	7.30e-04	2.86e-01	7.13e-01
 7.26971e+22	8.28e-04	3.02e-01	6.97e-01
 7.31302e+22	9.20e-04	3.17e-01	6.82e-01
 7.35826e+22	1.05e-03	3.36e-01	6.63e-01
 7.40396e+22	1.16e-03	3.53e-01	6.46e-01
 7.45025e+22	1.33e-03	3.74e-01	6.24e-01
 7.49675e+22	1.48e-03	3.93e-01	6.06e-01
 7.53290e+22	1.60e-03	4.08e-01	5.90e-01
 7.56927e+22	1.78e-03	4.28e-01	5.71e-01
 7.60491e+22	1.92e-03	4.44e-01	5.55e-01
 7.63961e+22	2.12e-03	4.64e-01	5.34e-01
 7.67474e+22	2.31e-03	4.82e-01	5.16e-01
 7.71045e+22	2.56e-03	5.04e-01	4.93e-01
 7.74625e+22	2.79e-03	5.25e-01	4.72e-01
 7.78219e+22	3.11e-03	5.50e-01	4.47e-01
 7.81764e+22	3.37e-03	5.71e-01	4.26e-01
 7.85246e+22	3.75e-03	5.96e-01	4.00e-01
 7.88744e+22	4.08e-03	6.19e-01	3.77e-01
 7.92263e+22	4.55e-03	6.46e-01	3.49e-01
 7.95728e+22	4.97e-03	6.70e-01	3.25e-01
 7.99123e+22	5.50e-03	6.96e-01	2.98e-01
 8.02503e+22	6.00e-03	7.20e-01	2.74e-01
 8.05864e+22	6.65e-03	7.45e-01	2.48e-01
 8.09155e+22	7.22e-03	7.67e-01	2.26e-01
 8.12357e+22	7.97e-03	7.89e-01	2.03e-01
 8.15515e+22	8.63e-03	8.08e-01	1.83e-01
 8.18206e+22	9.33e-03	8.25e-01	1.66e-01
 8.20869e+22	1.00e-02	8.40e-01	1.50e-01
 8.23903e+22	1.10e-02	8.56e-01	1.33e-01
 8.26932e+22	1.18e-02	8.70e-01	1.19e-01
 8.29493e+22	1.27e-02	8.80e-01	1.07e-01
 8.32359e+22	1.38e-02	8.92e-01	9.44e-02
 8.35278e+22	1.49e-02	9.01e-01	8.39e-02
 8.37759e+22	1.59e-02	9.08e-01	7.56e-02
 8.40480e+22	1.73e-02	9.16e-01	6.69e-02
 8.43249e+22	1.86e-02	9.22e-01	5.98e-02
 8.45588e+22	1.99e-02	9.26e-01	5.43e-02
 8.48132e+22	2.17e-02	9.30e-01	4.85e-02
 8.50750e+22	2.34e-02	9.33e-01	4.38e-02
 8.52939e+22	2.52e-02	9.35e-01	4.02e-02
 8.54901e+22	2.70e-02	9.36e-01	3.72e-02
 8.57095e+22	2.94e-02	9.37e-01	3.39e-02
 8.59311e+22	3.21e-02	9.37e-01	3.13e-02
 8.61050e+22	3.46e-02	9.36e-01	2.94e-02
 8.62523e+22	3.71e-02	9.35e-01	2.79e-02
 8.64155e+22	4.06e-02	9.33e-01	2.62e-02
 8.65861e+22	4.47e-02	9.31e-01	2.47e-02
 8.67253e+22	4.88e-02	9.28e-01	2.36e-02
 8.68402e+22	5.30e-02	9.24e-01	2.28e-02
 8.69456e+22	5.74e-02	9.21e-01	2.20e-02
 8.70450e+22	6.25e-02	9.16e-01	2.14e-02
 8.71358e+22	6.78e-02	9.11e-01	2.09e-02
 8.72162e+22	7.34e-02	9.06e-01	2.05e-02
 8.72883e+22	7.93e-02	9.01e-01	2.01e-02
 8.73549e+22	8.55e-02	8.95e-01	1.99e-02
 8.74174e+22	9.21e-02	8.88e-01	1.97e-02
 8.74766e+22	9.92e-02	8.81e-01	1.96e-02
 8.75327e+22	1.07e-01	8.74e-01	1.95e-02
 8.75857e+22	1.14e-01	8.66e-01	1.96e-02
 8.76371e+22	1.23e-01	8.57e-01	1.96e-02
 8.76873e+22	1.32e-01	8.48e-01	1.97e-02
 8.77340e+22	1.42e-01	8.38e-01	1.99e-02
 8.77755e+22	1.51e-01	8.29e-01	2.01e-02
 8.78127e+22	1.60e-01	8.20e-01	2.02e-02
 8.78481e+22	1.69e-01	8.11e-01	2.04e-02
 8.78828e+22	1.79e-01	8.01e-01	2.05e-02
 8.79169e+22	1.89e-01	7.90e-01	2.07e-02
 8.79504e+22	1.99e-01	7.80e-01	2.08e-02
 8.79768e+22	2.07e-01	7.72e-01	2.11e-02
 8.79946e+22	2.13e-01	7.65e-01	2.11e-02
 8.80114e+22	2.19e-01	7.60e-01	2.11e-02
 8.80318e+22	2.27e-01	7.52e-01	2.12e-02
 8.80548e+22	2.36e-01	7.43e-01	2.12e-02
 8.80766e+22	2.44e-01	7.35e-01	2.13e-02
 8.80973e+22	2.53e-01	7.26e-01	2.13e-02
 8.81185e+22	2.61e-01	7.17e-01	2.14e-02
 8.81407e+22	2.71e-01	7.08e-01	2.14e-02
 8.81636e+22	2.81e-01	6.98e-01	2.14e-02
 8.81859e+22	2.91e-01	6.88e-01	2.14e-02
 8.82083e+22	3.01e-01	6.77e-01	2.14e-02
 8.82315e+22	3.12e-01	6.67e-01	2.14e-02
 8.82552e+22	3.23e-01	6.55e-01	2.14e-02
 8.82795e+22	3.36e-01	6.43e-01	2.13e-02
 8.83036e+22	3.48e-01	6.31e-01	2.13e-02
 8.83278e+22	3.60e-01	6.19e-01	2.12e-02
 8.83530e+22	3.73e-01	6.06e-01	2.11e-02
 8.83789e+22	3.87e-01	5.92e-01	2.10e-02
 8.84049e+22	4.01e-01	5.78e-01	2.08e-02
 8.84314e+22	4.15e-01	5.64e-01	2.07e-02
 8.84586e+22	4.30e-01	5.50e-01	2.05e-02
 8.84866e+22	4.45e-01	5.35e-01	2.02e-02
 8.85151e+22	4.61e-01	5.19e-01	2.00e-02
 8.85445e+22	4.77e-01	5.03e-01	1.97e-02
 8.85746e+22	4.94e-01	4.87e-01	1.94e-02
 8.86054e+22	5.10e-01	4.71e-01	1.90e-02
 8.86373e+22	5.28e-01	4.54e-01	1.86e-02
 8.86698e+22	5.45e-01	4.37e-01	1.82e-02
 8.87031e+22	5.62e-01	4.20e-01	1.77e-02
 8.87372e+22	5.80e-01	4.03e-01	1.72e-02
 8.87721e+22	5.97e-01	3.87e-01	1.67e-02
 8.88083e+22	6.14e-01	3.70e-01	1.61e-02
 8.88454e+22	6.31e-01	3.54e-01	1.55e-02
 8.88840e+22	6.47e-01	3.38e-01	1.49e-02
 8.89251e+22	6.64e-01	3.22e-01	1.43e-02
 8.89683e+22	6.79e-01	3.07e-01	1.37e-02
 8.90133e+22	6.95e-01	2.92e-01	1.31e-02
 8.90612e+22	7.09e-01	2.78e-01	1.24e-02
 8.91133e+22	7.24e-01	2.64e-01	1.18e-02
 8.91698e+22	7.38e-01	2.51e-01	1.11e-02
 8.92307e+22	7.51e-01	2.39e-01	1.04e-02
 8.92959e+22	7.63e-01	2.27e-01	9.81e-03
 8.93633e+22	7.74e-01	2.17e-01	9.20e-03
 8.94307e+22	7.83e-01	2.09e-01	8.69e-03
 8.94998e+22	7.91e-01	2.01e-01	8.16e-03
 8.95698e+22	7.98e-01	1.94e-01	7.74e-03
 8.96407e+22	8.05e-01	1.88e-01	7.29e-03
 8.97121e+22	8.11e-01	1.82e-01	6.92e-03
 8.97829e+22	8.17e-01	1.77e-01	6.54e-03
 8.98524e+22	8.21e-01	1.72e-01	6.22e-03
 8.99209e+22	8.26e-01	1.68e-01	5.91e-03
 8.99901e+22	8.31e-01	1.64e-01	5.62e-03
 9.00578e+22	8.35e-01	1.60e-01	5.35e-03
 9.01239e+22	8.39e-01	1.56e-01	5.10e-03
 9.01883e+22	8.42e-01	1.53e-01	4.87e-03
 9.02510e+22	8.46e-01	1.50e-01	4.65e-03
 9.03120e+22	8.49e-01	1.46e-01	4.44e-03
 9.03711e+22	8.52e-01	1.43e-01	4.25e-03
 9.04283e+22	8.55e-01	1.41e-01	4.07e-03
 9.04838e+22	8.58e-01	1.38e-01	3.90e-03
 9.05376e+22	8.61e-01	1.35e-01	3.74e-03
 9.05888e+22	8.64e-01	1.33e-01	3.60e-03
 9.06391e+22	8.66e-01	1.30e-01	3.46e-03
 9.06880e+22	8.69e-01	1.28e-01	3.33e-03
 9.07325e+22	8.71e-01	1.26e-01	3.21e-03
 9.07730e+22	8.73e-01	1.24e-01	3.10e-03
 9.08099e+22	8.75e-01	1.22e-01	3.01e-03
 9.08434e+22	8.77e-01	1.20e-01	2.92e-03
 9.08740e+22	8.78e-01	1.19e-01	2.84e-03
 9.09017e+22	8.80e-01	1.17e-01	2.78e-03
 9.09270e+22	8.81e-01	1.16e-01	2.71e-03
 9.09500e+22	8.82e-01	1.15e-01	2.66e-03
 9.09752e+22	8.84e-01	1.14e-01	2.59e-03
 9.10080e+22	8.85e-01	1.12e-01	2.52e-03
 9.10434e+22	8.87e-01	1.11e-01	2.47e-03
 9.10756e+22	8.88e-01	1.09e-01	2.39e-03
 9.11049e+22	8.89e-01	1.08e-01	2.34e-03
 9.11315e+22	8.91e-01	1.07e-01	2.28e-03
 9.11558e+22	8.92e-01	1.06e-01	2.23e-03
 9.11779e+22	8.93e-01	1.05e-01	2.18e-03
 9.11979e+22	8.94e-01	1.04e-01	2.14e-03
 9.12200e+22	8.95e-01	1.03e-01	2.10e-03
 9.12486e+22	8.96e-01	1.02e-01	2.06e-03
 9.12858e+22	8.98e-01	1.00e-01	2.00e-03
 9.13259e+22	8.99e-01	9.92e-02	1.95e-03
 9.13625e+22	9.00e-01	9.78e-02	1.90e-03
 9.13958e+22	9.02e-01	9.65e-02	1.85e-03
 9.14260e+22	9.03e-01	9.54e-02	1.80e-03
 9.14592e+22	9.04e-01	9.39e-02	1.74e-03
 9.14950e+22	9.05e-01	9.29e-02	1.71e-03
 9.15276e+22	9.07e-01	9.17e-02	1.66e-03
 9.15633e+22	9.08e-01	9.03e-02	1.61e-03
 9.16018e+22	9.09e-01	8.91e-02	1.56e-03
 9.16369e+22	9.11e-01	8.80e-02	1.52e-03
 9.16688e+22	9.12e-01	8.68e-02	1.48e-03
 9.16979e+22	9.13e-01	8.58e-02	1.45e-03
 9.17243e+22	9.14e-01	8.48e-02	1.41e-03
 9.17483e+22	9.15e-01	8.40e-02	1.39e-03
 9.17747e+22	9.16e-01	8.29e-02	1.35e-03
 9.18032e+22	9.16e-01	8.22e-02	1.33e-03
 9.18343e+22	9.18e-01	8.09e-02	1.28e-03
 9.18680e+22	9.19e-01	8.00e-02	1.25e-03
 9.18986e+22	9.20e-01	7.91e-02	1.23e-03
 9.19265e+22	9.20e-01	7.83e-02	1.20e-03
 9.19571e+22	9.22e-01	7.71e-02	1.16e-03
 9.19900e+22	9.23e-01	7.62e-02	1.13e-03
 9.20200e+22	9.24e-01	7.52e-02	1.11e-03
 9.20473e+22	9.24e-01	7.46e-02	1.09e-03
 9.20773e+22	9.25e-01	7.35e-02	1.06e-03
 9.21096e+22	9.26e-01	7.28e-02	1.03e-03
 9.21390e+22	9.27e-01	7.18e-02	1.01e-03
 9.21657e+22	9.28e-01	7.11e-02	9.87e-04
 9.21950e+22	9.29e-01	7.02e-02	9.61e-04
 9.22267e+22	9.30e-01	6.94e-02	9.40e-04
 9.22614e+22	9.31e-01	6.85e-02	9.15e-04
 9.22988e+22	9.31e-01	6.77e-02	8.94e-04
 9.23329e+22	9.32e-01	6.72e-02	8.79e-04
 9.23639e+22	9.33e-01	6.62e-02	8.54e-04
 9.23979e+22	9.34e-01	6.52e-02	8.29e-04
 9.24420e+22	9.35e-01	6.42e-02	8.03e-04
 9.24897e+22	9.36e-01	6.33e-02	7.80e-04
 9.25331e+22	9.37e-01	6.23e-02	7.56e-04
 9.25620e+22	9.37e-01	6.19e-02	7.47e-04
