#depth	Ne	Ne+	Ne+2	Ne+3	Ne+4	Ne+5	Ne+6	Ne+7	Ne+8	Ne+9	Ne+10
 4.62852e+21	0.00e+00	9.95e-29	2.65e-23	8.21e-19	5.34e-15	8.36e-12	5.07e-09	1.77e-06	1.84e-03	8.25e-02	9.16e-01
 1.04856e+22	1.82e-33	5.56e-27	9.24e-22	1.81e-17	7.49e-14	7.48e-11	2.83e-08	6.20e-06	4.18e-03	1.21e-01	8.74e-01
 1.23284e+22	1.90e-32	4.52e-26	5.86e-21	9.02e-17	2.96e-13	2.34e-10	6.91e-08	1.18e-05	6.35e-03	1.47e-01	8.47e-01
 1.32498e+22	6.42e-32	1.34e-25	1.53e-20	2.07e-16	6.03e-13	4.21e-10	1.09e-07	1.65e-05	7.85e-03	1.62e-01	8.30e-01
 1.36398e+22	9.07e-32	1.83e-25	2.01e-20	2.63e-16	7.38e-13	4.98e-10	1.25e-07	1.81e-05	8.34e-03	1.66e-01	8.25e-01
 1.38304e+22	1.36e-31	2.63e-25	2.77e-20	3.48e-16	9.37e-13	6.07e-10	1.45e-07	2.03e-05	8.96e-03	1.72e-01	8.19e-01
 1.40315e+22	2.01e-31	3.72e-25	3.76e-20	4.53e-16	1.17e-12	7.32e-10	1.68e-07	2.25e-05	9.57e-03	1.77e-01	8.14e-01
 1.42133e+22	2.84e-31	5.07e-25	4.93e-20	5.74e-16	1.44e-12	8.65e-10	1.92e-07	2.47e-05	1.02e-02	1.81e-01	8.08e-01
 1.43810e+22	3.97e-31	6.84e-25	6.42e-20	7.21e-16	1.75e-12	1.02e-09	2.17e-07	2.71e-05	1.08e-02	1.86e-01	8.03e-01
 1.45357e+22	5.45e-31	9.07e-25	8.23e-20	8.95e-16	2.10e-12	1.18e-09	2.45e-07	2.95e-05	1.13e-02	1.91e-01	7.98e-01
 1.47089e+22	8.02e-31	1.28e-24	1.12e-19	1.17e-15	2.64e-12	1.43e-09	2.83e-07	3.27e-05	1.21e-02	1.96e-01	7.92e-01
 1.48746e+22	1.08e-30	1.68e-24	1.41e-19	1.43e-15	3.14e-12	1.65e-09	3.17e-07	3.54e-05	1.28e-02	2.00e-01	7.87e-01
 1.50056e+22	1.44e-30	2.16e-24	1.77e-19	1.74e-15	3.71e-12	1.89e-09	3.52e-07	3.82e-05	1.34e-02	2.05e-01	7.82e-01
 1.51319e+22	1.84e-30	2.69e-24	2.15e-19	2.06e-15	4.28e-12	2.13e-09	3.86e-07	4.08e-05	1.39e-02	2.08e-01	7.78e-01
 1.52770e+22	2.58e-30	3.64e-24	2.80e-19	2.59e-15	5.21e-12	2.51e-09	4.38e-07	4.47e-05	1.48e-02	2.13e-01	7.72e-01
 1.54208e+22	3.42e-30	4.69e-24	3.49e-19	3.14e-15	6.14e-12	2.88e-09	4.87e-07	4.82e-05	1.55e-02	2.18e-01	7.67e-01
 1.55403e+22	4.45e-30	5.93e-24	4.29e-19	3.76e-15	7.15e-12	3.26e-09	5.37e-07	5.16e-05	1.62e-02	2.22e-01	7.62e-01
 1.56730e+22	6.16e-30	7.92e-24	5.54e-19	4.69e-15	8.64e-12	3.81e-09	6.06e-07	5.63e-05	1.70e-02	2.27e-01	7.56e-01
 1.58090e+22	8.03e-30	1.00e-23	6.82e-19	5.62e-15	1.01e-11	4.33e-09	6.69e-07	6.04e-05	1.78e-02	2.31e-01	7.51e-01
 1.59497e+22	1.13e-29	1.36e-23	8.90e-19	7.07e-15	1.23e-11	5.10e-09	7.58e-07	6.60e-05	1.88e-02	2.37e-01	7.45e-01
 1.60858e+22	1.46e-29	1.71e-23	1.09e-18	8.45e-15	1.43e-11	5.78e-09	8.35e-07	7.07e-05	1.97e-02	2.41e-01	7.39e-01
 1.61972e+22	1.89e-29	2.16e-23	1.34e-18	1.01e-14	1.66e-11	6.54e-09	9.19e-07	7.57e-05	2.05e-02	2.45e-01	7.34e-01
 1.63229e+22	2.60e-29	2.87e-23	1.72e-18	1.25e-14	2.00e-11	7.62e-09	1.03e-06	8.23e-05	2.16e-02	2.50e-01	7.28e-01
 1.64503e+22	3.37e-29	3.61e-23	2.10e-18	1.49e-14	2.32e-11	8.63e-09	1.14e-06	8.81e-05	2.25e-02	2.55e-01	7.23e-01
 1.65800e+22	4.78e-29	4.94e-23	2.77e-18	1.89e-14	2.84e-11	1.02e-08	1.30e-06	9.65e-05	2.38e-02	2.60e-01	7.16e-01
 1.67076e+22	6.16e-29	6.18e-23	3.37e-18	2.24e-14	3.29e-11	1.15e-08	1.42e-06	1.03e-04	2.48e-02	2.65e-01	7.10e-01
 1.68325e+22	8.81e-29	8.52e-23	4.47e-18	2.86e-14	4.05e-11	1.37e-08	1.62e-06	1.13e-04	2.62e-02	2.71e-01	7.03e-01
 1.69556e+22	1.13e-28	1.06e-22	5.43e-18	3.39e-14	4.68e-11	1.54e-08	1.78e-06	1.21e-04	2.73e-02	2.75e-01	6.97e-01
 1.70594e+22	1.46e-28	1.33e-22	6.63e-18	4.03e-14	5.42e-11	1.74e-08	1.95e-06	1.29e-04	2.84e-02	2.80e-01	6.92e-01
 1.71616e+22	1.87e-28	1.67e-22	8.07e-18	4.78e-14	6.28e-11	1.96e-08	2.14e-06	1.37e-04	2.96e-02	2.84e-01	6.86e-01
 1.72781e+22	2.57e-28	2.22e-22	1.03e-17	5.93e-14	7.54e-11	2.29e-08	2.41e-06	1.49e-04	3.11e-02	2.90e-01	6.79e-01
 1.73962e+22	3.41e-28	2.85e-22	1.29e-17	7.17e-14	8.87e-11	2.62e-08	2.67e-06	1.60e-04	3.25e-02	2.95e-01	6.73e-01
 1.74970e+22	4.35e-28	3.54e-22	1.56e-17	8.45e-14	1.02e-10	2.94e-08	2.92e-06	1.71e-04	3.37e-02	2.99e-01	6.67e-01
 1.76088e+22	6.14e-28	4.82e-22	2.05e-17	1.07e-13	1.25e-10	3.47e-08	3.32e-06	1.87e-04	3.56e-02	3.05e-01	6.59e-01
 1.77214e+22	7.90e-28	6.04e-22	2.49e-17	1.27e-13	1.44e-10	3.92e-08	3.64e-06	1.99e-04	3.70e-02	3.10e-01	6.53e-01
 1.78348e+22	1.12e-27	8.26e-22	3.28e-17	1.61e-13	1.77e-10	4.63e-08	4.14e-06	2.18e-04	3.91e-02	3.16e-01	6.45e-01
 1.79478e+22	1.45e-27	1.04e-21	4.01e-17	1.91e-13	2.05e-10	5.24e-08	4.55e-06	2.32e-04	4.06e-02	3.20e-01	6.39e-01
 1.80604e+22	2.08e-27	1.43e-21	5.32e-17	2.44e-13	2.53e-10	6.23e-08	5.20e-06	2.55e-04	4.29e-02	3.27e-01	6.30e-01
 1.81727e+22	2.70e-27	1.81e-21	6.52e-17	2.91e-13	2.94e-10	7.06e-08	5.72e-06	2.72e-04	4.47e-02	3.32e-01	6.23e-01
 1.82849e+22	3.91e-27	2.51e-21	8.71e-17	3.74e-13	3.64e-10	8.43e-08	6.55e-06	2.99e-04	4.73e-02	3.39e-01	6.14e-01
 1.83973e+22	5.10e-27	3.19e-21	1.07e-16	4.48e-13	4.25e-10	9.58e-08	7.23e-06	3.20e-04	4.92e-02	3.43e-01	6.07e-01
 1.85100e+22	7.36e-27	4.43e-21	1.43e-16	5.75e-13	5.26e-10	1.14e-07	8.28e-06	3.52e-04	5.20e-02	3.50e-01	5.97e-01
 1.86220e+22	9.73e-27	5.68e-21	1.78e-16	6.94e-13	6.19e-10	1.31e-07	9.19e-06	3.78e-04	5.43e-02	3.55e-01	5.90e-01
 1.87176e+22	1.28e-26	7.27e-21	2.21e-16	8.37e-13	7.26e-10	1.50e-07	1.02e-05	4.05e-04	5.66e-02	3.60e-01	5.83e-01
 1.88265e+22	1.84e-26	1.00e-20	2.93e-16	1.07e-12	8.95e-10	1.78e-07	1.16e-05	4.44e-04	5.97e-02	3.67e-01	5.73e-01
 1.89357e+22	2.43e-26	1.29e-20	3.65e-16	1.29e-12	1.05e-09	2.04e-07	1.29e-05	4.78e-04	6.23e-02	3.72e-01	5.65e-01
 1.90453e+22	3.51e-26	1.79e-20	4.86e-16	1.66e-12	1.31e-09	2.44e-07	1.48e-05	5.25e-04	6.58e-02	3.79e-01	5.55e-01
 1.91569e+22	4.70e-26	2.32e-20	6.12e-16	2.02e-12	1.55e-09	2.81e-07	1.65e-05	5.65e-04	6.87e-02	3.84e-01	5.47e-01
 1.92710e+22	6.89e-26	3.27e-20	8.27e-16	2.62e-12	1.94e-09	3.39e-07	1.91e-05	6.24e-04	7.28e-02	3.91e-01	5.35e-01
 1.93853e+22	9.23e-26	4.25e-20	1.04e-15	3.20e-12	2.30e-09	3.91e-07	2.13e-05	6.73e-04	7.60e-02	3.96e-01	5.27e-01
 1.94999e+22	1.35e-25	5.98e-20	1.41e-15	4.15e-12	2.88e-09	4.72e-07	2.47e-05	7.43e-04	8.05e-02	4.03e-01	5.15e-01
 1.96121e+22	1.78e-25	7.65e-20	1.74e-15	5.00e-12	3.38e-09	5.41e-07	2.74e-05	7.98e-04	8.39e-02	4.08e-01	5.07e-01
 1.97215e+22	2.56e-25	1.06e-19	2.32e-15	6.41e-12	4.19e-09	6.47e-07	3.15e-05	8.78e-04	8.85e-02	4.15e-01	4.96e-01
 1.98308e+22	3.34e-25	1.34e-19	2.86e-15	7.69e-12	4.91e-09	7.39e-07	3.49e-05	9.41e-04	9.21e-02	4.19e-01	4.88e-01
 1.99403e+22	4.75e-25	1.84e-19	3.78e-15	9.79e-12	6.05e-09	8.81e-07	4.00e-05	1.03e-03	9.71e-02	4.25e-01	4.77e-01
 2.00518e+22	6.23e-25	2.35e-19	4.69e-15	1.18e-11	7.12e-09	1.01e-06	4.44e-05	1.11e-03	1.01e-01	4.30e-01	4.68e-01
 2.01660e+22	8.90e-25	3.24e-19	6.22e-15	1.51e-11	8.80e-09	1.21e-06	5.11e-05	1.22e-03	1.07e-01	4.36e-01	4.56e-01
 2.02822e+22	1.17e-24	4.13e-19	7.71e-15	1.82e-11	1.03e-08	1.38e-06	5.68e-05	1.31e-03	1.11e-01	4.40e-01	4.48e-01
 2.04009e+22	1.65e-24	5.66e-19	1.02e-14	2.31e-11	1.28e-08	1.65e-06	6.52e-05	1.44e-03	1.17e-01	4.46e-01	4.36e-01
 2.05231e+22	2.19e-24	7.29e-19	1.27e-14	2.81e-11	1.51e-08	1.91e-06	7.28e-05	1.55e-03	1.22e-01	4.50e-01	4.27e-01
 2.06489e+22	3.12e-24	1.00e-18	1.69e-14	3.59e-11	1.87e-08	2.28e-06	8.38e-05	1.71e-03	1.28e-01	4.55e-01	4.15e-01
 2.07721e+22	4.02e-24	1.26e-18	2.07e-14	4.28e-11	2.18e-08	2.60e-06	9.27e-05	1.83e-03	1.33e-01	4.59e-01	4.06e-01
 2.08931e+22	5.59e-24	1.70e-18	2.69e-14	5.39e-11	2.67e-08	3.08e-06	1.06e-04	2.00e-03	1.40e-01	4.63e-01	3.95e-01
 2.10169e+22	7.20e-24	2.13e-18	3.30e-14	6.43e-11	3.11e-08	3.51e-06	1.17e-04	2.14e-03	1.45e-01	4.67e-01	3.86e-01
 2.11445e+22	1.00e-23	2.88e-18	4.30e-14	8.11e-11	3.81e-08	4.17e-06	1.34e-04	2.34e-03	1.53e-01	4.71e-01	3.74e-01
 2.12754e+22	1.29e-23	3.62e-18	5.27e-14	9.69e-11	4.45e-08	4.75e-06	1.49e-04	2.51e-03	1.58e-01	4.74e-01	3.65e-01
 2.14106e+22	1.80e-23	4.89e-18	6.90e-14	1.22e-10	5.46e-08	5.65e-06	1.70e-04	2.75e-03	1.66e-01	4.77e-01	3.53e-01
 2.15454e+22	2.30e-23	6.09e-18	8.38e-14	1.45e-10	6.33e-08	6.40e-06	1.88e-04	2.94e-03	1.72e-01	4.80e-01	3.45e-01
 2.16797e+22	3.14e-23	8.09e-18	1.08e-13	1.81e-10	7.68e-08	7.54e-06	2.13e-04	3.20e-03	1.80e-01	4.82e-01	3.34e-01
 2.18174e+22	4.04e-23	1.02e-17	1.32e-13	2.16e-10	8.96e-08	8.59e-06	2.36e-04	3.43e-03	1.87e-01	4.85e-01	3.25e-01
 2.19596e+22	5.56e-23	1.36e-17	1.71e-13	2.71e-10	1.09e-07	1.02e-05	2.70e-04	3.75e-03	1.96e-01	4.87e-01	3.14e-01
 2.20960e+22	6.88e-23	1.65e-17	2.03e-13	3.15e-10	1.25e-07	1.14e-05	2.94e-04	3.97e-03	2.02e-01	4.88e-01	3.06e-01
 2.22250e+22	9.09e-23	2.12e-17	2.55e-13	3.84e-10	1.48e-07	1.32e-05	3.30e-04	4.29e-03	2.10e-01	4.90e-01	2.96e-01
 2.23568e+22	1.13e-22	2.59e-17	3.04e-13	4.48e-10	1.70e-07	1.48e-05	3.61e-04	4.56e-03	2.16e-01	4.90e-01	2.88e-01
 2.24925e+22	1.50e-22	3.35e-17	3.84e-13	5.49e-10	2.03e-07	1.72e-05	4.06e-04	4.93e-03	2.25e-01	4.91e-01	2.78e-01
 2.26296e+22	1.86e-22	4.07e-17	4.56e-13	6.38e-10	2.31e-07	1.92e-05	4.43e-04	5.23e-03	2.32e-01	4.92e-01	2.71e-01
 2.27683e+22	2.46e-22	5.25e-17	5.74e-13	7.80e-10	2.76e-07	2.23e-05	4.99e-04	5.66e-03	2.41e-01	4.92e-01	2.61e-01
 2.29093e+22	3.04e-22	6.37e-17	6.82e-13	9.08e-10	3.15e-07	2.49e-05	5.44e-04	5.99e-03	2.48e-01	4.92e-01	2.54e-01
 2.30531e+22	4.00e-22	8.19e-17	8.55e-13	1.11e-09	3.74e-07	2.88e-05	6.10e-04	6.47e-03	2.57e-01	4.92e-01	2.44e-01
 2.31945e+22	4.88e-22	9.82e-17	1.01e-12	1.27e-09	4.24e-07	3.20e-05	6.62e-04	6.83e-03	2.64e-01	4.91e-01	2.37e-01
 2.33328e+22	6.33e-22	1.24e-16	1.25e-12	1.54e-09	4.99e-07	3.68e-05	7.39e-04	7.34e-03	2.73e-01	4.90e-01	2.28e-01
 2.34727e+22	7.70e-22	1.49e-16	1.46e-12	1.77e-09	5.64e-07	4.08e-05	8.00e-04	7.75e-03	2.80e-01	4.89e-01	2.22e-01
 2.36148e+22	9.95e-22	1.88e-16	1.81e-12	2.13e-09	6.64e-07	4.68e-05	8.91e-04	8.32e-03	2.90e-01	4.87e-01	2.13e-01
 2.37596e+22	1.21e-21	2.26e-16	2.13e-12	2.45e-09	7.51e-07	5.19e-05	9.67e-04	8.78e-03	2.97e-01	4.86e-01	2.07e-01
 2.39077e+22	1.57e-21	2.86e-16	2.63e-12	2.96e-09	8.85e-07	5.96e-05	1.08e-03	9.43e-03	3.07e-01	4.84e-01	1.98e-01
 2.40586e+22	1.92e-21	3.43e-16	3.10e-12	3.42e-09	1.00e-06	6.62e-05	1.17e-03	9.95e-03	3.15e-01	4.82e-01	1.92e-01
 2.42131e+22	2.49e-21	4.36e-16	3.84e-12	4.12e-09	1.18e-06	7.61e-05	1.30e-03	1.07e-02	3.25e-01	4.79e-01	1.84e-01
 2.43707e+22	3.05e-21	5.25e-16	4.54e-12	4.77e-09	1.34e-06	8.47e-05	1.42e-03	1.13e-02	3.33e-01	4.76e-01	1.78e-01
 2.45325e+22	3.96e-21	6.67e-16	5.63e-12	5.76e-09	1.58e-06	9.72e-05	1.58e-03	1.21e-02	3.44e-01	4.73e-01	1.70e-01
 2.46989e+22	4.89e-21	8.10e-16	6.71e-12	6.71e-09	1.81e-06	1.09e-04	1.72e-03	1.28e-02	3.53e-01	4.70e-01	1.63e-01
 2.48712e+22	6.40e-21	1.04e-15	8.37e-12	8.15e-09	2.14e-06	1.25e-04	1.92e-03	1.38e-02	3.63e-01	4.65e-01	1.56e-01
 2.50387e+22	7.76e-21	1.23e-15	9.80e-12	9.35e-09	2.41e-06	1.38e-04	2.07e-03	1.44e-02	3.71e-01	4.62e-01	1.50e-01
 2.51998e+22	9.94e-21	1.55e-15	1.20e-11	1.12e-08	2.82e-06	1.58e-04	2.29e-03	1.54e-02	3.82e-01	4.57e-01	1.43e-01
 2.53641e+22	1.21e-20	1.85e-15	1.41e-11	1.29e-08	3.18e-06	1.74e-04	2.48e-03	1.62e-02	3.90e-01	4.53e-01	1.38e-01
 2.55326e+22	1.54e-20	2.31e-15	1.73e-11	1.53e-08	3.70e-06	1.98e-04	2.73e-03	1.73e-02	4.00e-01	4.48e-01	1.32e-01
 2.57105e+22	1.92e-20	2.84e-15	2.07e-11	1.80e-08	4.25e-06	2.22e-04	2.98e-03	1.83e-02	4.09e-01	4.44e-01	1.26e-01
 2.58739e+22	2.37e-20	3.43e-15	2.46e-11	2.09e-08	4.83e-06	2.47e-04	3.23e-03	1.93e-02	4.18e-01	4.39e-01	1.21e-01
 2.60595e+22	3.07e-20	4.35e-15	3.04e-11	2.51e-08	5.67e-06	2.82e-04	3.57e-03	2.06e-02	4.28e-01	4.33e-01	1.15e-01
 2.62561e+22	3.90e-20	5.41e-15	3.70e-11	2.98e-08	6.57e-06	3.19e-04	3.93e-03	2.18e-02	4.38e-01	4.27e-01	1.09e-01
 2.64384e+22	4.88e-20	6.64e-15	4.45e-11	3.50e-08	7.54e-06	3.57e-04	4.28e-03	2.31e-02	4.47e-01	4.21e-01	1.04e-01
 2.66157e+22	6.05e-20	8.09e-15	5.31e-11	4.08e-08	8.60e-06	3.98e-04	4.65e-03	2.43e-02	4.56e-01	4.16e-01	9.93e-02
 2.68155e+22	7.91e-20	1.03e-14	6.62e-11	4.94e-08	1.01e-05	4.56e-04	5.16e-03	2.59e-02	4.67e-01	4.08e-01	9.36e-02
 2.70180e+22	9.90e-20	1.27e-14	7.97e-11	5.81e-08	1.17e-05	5.12e-04	5.63e-03	2.74e-02	4.76e-01	4.02e-01	8.89e-02
 2.71937e+22	1.22e-19	1.54e-14	9.46e-11	6.74e-08	1.33e-05	5.69e-04	6.09e-03	2.88e-02	4.84e-01	3.96e-01	8.48e-02
 2.73921e+22	1.58e-19	1.95e-14	1.17e-10	8.11e-08	1.55e-05	6.48e-04	6.72e-03	3.06e-02	4.94e-01	3.88e-01	7.98e-02
 2.75978e+22	1.98e-19	2.40e-14	1.41e-10	9.55e-08	1.79e-05	7.28e-04	7.34e-03	3.23e-02	5.03e-01	3.81e-01	7.56e-02
 2.77822e+22	2.45e-19	2.91e-14	1.68e-10	1.11e-07	2.04e-05	8.10e-04	7.95e-03	3.40e-02	5.11e-01	3.74e-01	7.19e-02
 2.79910e+22	3.20e-19	3.73e-14	2.10e-10	1.35e-07	2.41e-05	9.30e-04	8.82e-03	3.62e-02	5.22e-01	3.65e-01	6.71e-02
 2.82046e+22	3.99e-19	4.57e-14	2.52e-10	1.58e-07	2.77e-05	1.04e-03	9.63e-03	3.82e-02	5.30e-01	3.57e-01	6.33e-02
 2.83953e+22	4.95e-19	5.57e-14	3.02e-10	1.85e-07	3.16e-05	1.16e-03	1.04e-02	4.02e-02	5.38e-01	3.50e-01	5.99e-02
 2.86142e+22	6.49e-19	7.16e-14	3.80e-10	2.26e-07	3.77e-05	1.35e-03	1.16e-02	4.30e-02	5.49e-01	3.40e-01	5.54e-02
 2.88348e+22	8.04e-19	8.73e-14	4.53e-10	2.64e-07	4.30e-05	1.50e-03	1.26e-02	4.52e-02	5.56e-01	3.32e-01	5.23e-02
 2.90576e+22	1.05e-18	1.12e-13	5.70e-10	3.23e-07	5.13e-05	1.74e-03	1.41e-02	4.83e-02	5.66e-01	3.22e-01	4.81e-02
 2.92829e+22	1.30e-18	1.36e-13	6.81e-10	3.77e-07	5.87e-05	1.94e-03	1.53e-02	5.08e-02	5.73e-01	3.14e-01	4.52e-02
 2.95116e+22	1.68e-18	1.74e-13	8.55e-10	4.61e-07	7.00e-05	2.25e-03	1.71e-02	5.44e-02	5.82e-01	3.02e-01	4.14e-02
 2.97436e+22	2.08e-18	2.13e-13	1.02e-09	5.40e-07	8.02e-05	2.52e-03	1.86e-02	5.72e-02	5.89e-01	2.94e-01	3.87e-02
 2.99386e+22	2.48e-18	2.52e-13	1.20e-09	6.22e-07	9.09e-05	2.80e-03	2.02e-02	6.00e-02	5.95e-01	2.86e-01	3.62e-02
 3.01225e+22	2.97e-18	2.98e-13	1.40e-09	7.13e-07	1.02e-04	3.09e-03	2.17e-02	6.28e-02	6.00e-01	2.78e-01	3.40e-02
 3.03332e+22	3.68e-18	3.67e-13	1.71e-09	8.50e-07	1.20e-04	3.53e-03	2.40e-02	6.67e-02	6.07e-01	2.68e-01	3.11e-02
 3.05442e+22	4.37e-18	4.32e-13	1.99e-09	9.73e-07	1.35e-04	3.90e-03	2.58e-02	6.97e-02	6.11e-01	2.60e-01	2.92e-02
 3.07554e+22	5.35e-18	5.27e-13	2.40e-09	1.15e-06	1.57e-04	4.44e-03	2.85e-02	7.40e-02	6.17e-01	2.49e-01	2.66e-02
 3.09709e+22	6.28e-18	6.18e-13	2.79e-09	1.32e-06	1.78e-04	4.92e-03	3.08e-02	7.75e-02	6.21e-01	2.41e-01	2.47e-02
 3.11919e+22	7.65e-18	7.52e-13	3.37e-09	1.57e-06	2.08e-04	5.62e-03	3.40e-02	8.23e-02	6.25e-01	2.30e-01	2.24e-02
 3.14183e+22	8.92e-18	8.79e-13	3.92e-09	1.80e-06	2.35e-04	6.25e-03	3.68e-02	8.63e-02	6.28e-01	2.22e-01	2.07e-02
 3.16515e+22	1.08e-17	1.07e-12	4.74e-09	2.15e-06	2.76e-04	7.16e-03	4.08e-02	9.18e-02	6.31e-01	2.10e-01	1.85e-02
 3.18889e+22	1.24e-17	1.24e-12	5.51e-09	2.46e-06	3.13e-04	7.97e-03	4.42e-02	9.63e-02	6.33e-01	2.01e-01	1.70e-02
 3.21311e+22	1.46e-17	1.48e-12	6.61e-09	2.92e-06	3.67e-04	9.14e-03	4.90e-02	1.02e-01	6.34e-01	1.90e-01	1.51e-02
 3.23747e+22	1.66e-17	1.70e-12	7.62e-09	3.34e-06	4.15e-04	1.02e-02	5.29e-02	1.07e-01	6.34e-01	1.81e-01	1.37e-02
 3.26115e+22	1.90e-17	1.98e-12	8.97e-09	3.90e-06	4.80e-04	1.15e-02	5.81e-02	1.14e-01	6.33e-01	1.71e-01	1.22e-02
 3.28510e+22	2.12e-17	2.25e-12	1.03e-08	4.44e-06	5.42e-04	1.28e-02	6.27e-02	1.19e-01	6.32e-01	1.62e-01	1.11e-02
 3.30687e+22	2.33e-17	2.53e-12	1.17e-08	5.03e-06	6.10e-04	1.41e-02	6.75e-02	1.24e-01	6.29e-01	1.54e-01	1.00e-02
 3.32757e+22	2.53e-17	2.81e-12	1.31e-08	5.64e-06	6.79e-04	1.55e-02	7.21e-02	1.29e-01	6.26e-01	1.47e-01	9.14e-03
 3.34976e+22	2.77e-17	3.17e-12	1.51e-08	6.47e-06	7.74e-04	1.73e-02	7.80e-02	1.36e-01	6.22e-01	1.38e-01	8.13e-03
 3.37167e+22	2.98e-17	3.49e-12	1.68e-08	7.20e-06	8.56e-04	1.88e-02	8.29e-02	1.41e-01	6.18e-01	1.31e-01	7.42e-03
 3.39373e+22	3.22e-17	3.91e-12	1.93e-08	8.25e-06	9.74e-04	2.10e-02	8.94e-02	1.47e-01	6.12e-01	1.23e-01	6.58e-03
 3.41577e+22	3.44e-17	4.29e-12	2.14e-08	9.17e-06	1.08e-03	2.28e-02	9.46e-02	1.52e-01	6.06e-01	1.17e-01	5.99e-03
 3.43790e+22	3.69e-17	4.79e-12	2.45e-08	1.05e-05	1.22e-03	2.53e-02	1.02e-01	1.59e-01	5.99e-01	1.09e-01	5.29e-03
 3.46005e+22	3.92e-17	5.23e-12	2.73e-08	1.17e-05	1.35e-03	2.74e-02	1.07e-01	1.64e-01	5.92e-01	1.03e-01	4.82e-03
 3.48223e+22	4.19e-17	5.84e-12	3.12e-08	1.34e-05	1.53e-03	3.03e-02	1.15e-01	1.70e-01	5.83e-01	9.63e-02	4.25e-03
 3.50450e+22	4.44e-17	6.39e-12	3.48e-08	1.49e-05	1.69e-03	3.28e-02	1.21e-01	1.75e-01	5.75e-01	9.11e-02	3.85e-03
 3.52690e+22	4.74e-17	7.14e-12	3.99e-08	1.71e-05	1.91e-03	3.62e-02	1.29e-01	1.81e-01	5.64e-01	8.46e-02	3.39e-03
 3.54946e+22	5.04e-17	7.84e-12	4.46e-08	1.91e-05	2.11e-03	3.90e-02	1.35e-01	1.86e-01	5.55e-01	7.98e-02	3.07e-03
 3.57223e+22	5.41e-17	8.81e-12	5.15e-08	2.21e-05	2.40e-03	4.30e-02	1.43e-01	1.92e-01	5.43e-01	7.38e-02	2.69e-03
 3.59530e+22	5.77e-17	9.73e-12	5.80e-08	2.48e-05	2.65e-03	4.64e-02	1.50e-01	1.97e-01	5.32e-01	6.94e-02	2.42e-03
 3.61875e+22	6.22e-17	1.10e-11	6.75e-08	2.88e-05	3.02e-03	5.12e-02	1.59e-01	2.03e-01	5.19e-01	6.39e-02	2.11e-03
 3.64257e+22	6.71e-17	1.23e-11	7.66e-08	3.25e-05	3.35e-03	5.52e-02	1.66e-01	2.07e-01	5.07e-01	5.98e-02	1.89e-03
 3.66684e+22	7.29e-17	1.41e-11	9.01e-08	3.81e-05	3.83e-03	6.08e-02	1.75e-01	2.12e-01	4.92e-01	5.47e-02	1.63e-03
 3.69164e+22	7.99e-17	1.59e-11	1.03e-07	4.34e-05	4.26e-03	6.57e-02	1.82e-01	2.16e-01	4.79e-01	5.10e-02	1.45e-03
 3.71710e+22	8.85e-17	1.85e-11	1.24e-07	5.14e-05	4.89e-03	7.24e-02	1.92e-01	2.21e-01	4.62e-01	4.63e-02	1.25e-03
 3.74280e+22	9.79e-17	2.12e-11	1.43e-07	5.87e-05	5.45e-03	7.81e-02	2.00e-01	2.24e-01	4.48e-01	4.30e-02	1.11e-03
 3.76464e+22	1.07e-16	2.39e-11	1.64e-07	6.65e-05	6.03e-03	8.37e-02	2.07e-01	2.27e-01	4.35e-01	4.00e-02	9.86e-04
 3.78886e+22	1.21e-16	2.81e-11	1.95e-07	7.83e-05	6.86e-03	9.14e-02	2.16e-01	2.30e-01	4.18e-01	3.64e-02	8.49e-04
 3.81209e+22	1.33e-16	3.16e-11	2.22e-07	8.78e-05	7.50e-03	9.70e-02	2.22e-01	2.32e-01	4.07e-01	3.40e-02	7.66e-04
 3.83403e+22	1.50e-16	3.69e-11	2.61e-07	1.02e-04	8.42e-03	1.05e-01	2.30e-01	2.34e-01	3.91e-01	3.12e-02	6.67e-04
 3.85627e+22	1.67e-16	4.19e-11	2.98e-07	1.15e-04	9.22e-03	1.11e-01	2.37e-01	2.35e-01	3.78e-01	2.90e-02	5.98e-04
 3.87889e+22	1.90e-16	4.94e-11	3.55e-07	1.34e-04	1.04e-02	1.20e-01	2.45e-01	2.36e-01	3.62e-01	2.64e-02	5.17e-04
 3.90165e+22	2.15e-16	5.66e-11	4.07e-07	1.50e-04	1.13e-02	1.27e-01	2.51e-01	2.36e-01	3.50e-01	2.45e-02	4.63e-04
 3.92458e+22	2.49e-16	6.73e-11	4.86e-07	1.76e-04	1.27e-02	1.37e-01	2.58e-01	2.36e-01	3.33e-01	2.22e-02	3.98e-04
 3.94780e+22	2.84e-16	7.79e-11	5.61e-07	1.98e-04	1.39e-02	1.45e-01	2.64e-01	2.36e-01	3.20e-01	2.05e-02	3.54e-04
 3.97139e+22	3.36e-16	9.39e-11	6.75e-07	2.32e-04	1.57e-02	1.56e-01	2.71e-01	2.35e-01	3.04e-01	1.85e-02	3.03e-04
 3.99535e+22	3.89e-16	1.10e-10	7.83e-07	2.63e-04	1.72e-02	1.65e-01	2.76e-01	2.34e-01	2.91e-01	1.70e-02	2.68e-04
 4.01976e+22	4.69e-16	1.34e-10	9.50e-07	3.10e-04	1.93e-02	1.77e-01	2.83e-01	2.32e-01	2.74e-01	1.52e-02	2.27e-04
 4.04462e+22	5.52e-16	1.58e-10	1.11e-06	3.52e-04	2.11e-02	1.87e-01	2.87e-01	2.29e-01	2.61e-01	1.39e-02	1.99e-04
 4.07004e+22	6.80e-16	1.96e-10	1.36e-06	4.15e-04	2.38e-02	2.00e-01	2.93e-01	2.26e-01	2.44e-01	1.23e-02	1.67e-04
 4.09601e+22	8.16e-16	2.34e-10	1.59e-06	4.73e-04	2.61e-02	2.11e-01	2.97e-01	2.23e-01	2.31e-01	1.12e-02	1.46e-04
 4.12270e+22	1.03e-15	2.95e-10	1.97e-06	5.62e-04	2.95e-02	2.26e-01	3.01e-01	2.18e-01	2.15e-01	9.78e-03	1.20e-04
 4.14950e+22	1.25e-15	3.54e-10	2.32e-06	6.40e-04	3.22e-02	2.38e-01	3.04e-01	2.14e-01	2.02e-01	8.84e-03	1.04e-04
 4.17644e+22	1.60e-15	4.49e-10	2.87e-06	7.58e-04	3.62e-02	2.53e-01	3.07e-01	2.08e-01	1.87e-01	7.70e-03	8.57e-05
 4.20376e+22	1.96e-15	5.43e-10	3.39e-06	8.62e-04	3.95e-02	2.65e-01	3.09e-01	2.03e-01	1.75e-01	6.91e-03	7.37e-05
 4.22744e+22	2.39e-15	6.52e-10	3.98e-06	9.77e-04	4.30e-02	2.77e-01	3.10e-01	1.98e-01	1.64e-01	6.21e-03	6.34e-05
 4.25407e+22	3.11e-15	8.28e-10	4.89e-06	1.15e-03	4.78e-02	2.93e-01	3.11e-01	1.91e-01	1.51e-01	5.38e-03	5.20e-05
 4.28095e+22	3.83e-15	9.97e-10	5.73e-06	1.29e-03	5.18e-02	3.05e-01	3.11e-01	1.85e-01	1.41e-01	4.82e-03	4.47e-05
 4.30344e+22	4.63e-15	1.18e-09	6.61e-06	1.44e-03	5.57e-02	3.16e-01	3.10e-01	1.80e-01	1.32e-01	4.35e-03	3.88e-05
 4.32792e+22	5.95e-15	1.47e-09	7.98e-06	1.67e-03	6.11e-02	3.30e-01	3.09e-01	1.73e-01	1.21e-01	3.79e-03	3.22e-05
 4.35219e+22	7.19e-15	1.74e-09	9.15e-06	1.85e-03	6.54e-02	3.41e-01	3.07e-01	1.68e-01	1.13e-01	3.42e-03	2.80e-05
 4.37618e+22	9.13e-15	2.14e-09	1.09e-05	2.10e-03	7.10e-02	3.54e-01	3.05e-01	1.61e-01	1.04e-01	3.00e-03	2.34e-05
 4.40115e+22	1.14e-14	2.59e-09	1.27e-05	2.36e-03	7.64e-02	3.66e-01	3.02e-01	1.55e-01	9.64e-02	2.66e-03	1.98e-05
 4.42338e+22	1.39e-14	3.07e-09	1.46e-05	2.61e-03	8.15e-02	3.76e-01	2.99e-01	1.49e-01	8.97e-02	2.38e-03	1.71e-05
 4.44825e+22	1.78e-14	3.79e-09	1.73e-05	2.97e-03	8.82e-02	3.88e-01	2.95e-01	1.42e-01	8.19e-02	2.07e-03	1.42e-05
 4.47449e+22	2.24e-14	4.62e-09	2.03e-05	3.33e-03	9.48e-02	3.99e-01	2.90e-01	1.35e-01	7.51e-02	1.82e-03	1.19e-05
 4.49837e+22	2.78e-14	5.53e-09	2.35e-05	3.71e-03	1.01e-01	4.09e-01	2.86e-01	1.29e-01	6.92e-02	1.61e-03	1.01e-05
 4.52527e+22	3.66e-14	6.97e-09	2.83e-05	4.23e-03	1.10e-01	4.22e-01	2.80e-01	1.21e-01	6.21e-02	1.37e-03	8.17e-06
 4.55300e+22	4.64e-14	8.48e-09	3.31e-05	4.74e-03	1.17e-01	4.31e-01	2.74e-01	1.15e-01	5.66e-02	1.19e-03	6.80e-06
 4.57799e+22	5.82e-14	1.02e-08	3.84e-05	5.27e-03	1.25e-01	4.40e-01	2.68e-01	1.09e-01	5.17e-02	1.04e-03	5.69e-06
 4.60663e+22	7.79e-14	1.30e-08	4.65e-05	6.02e-03	1.35e-01	4.51e-01	2.60e-01	1.01e-01	4.59e-02	8.74e-04	4.52e-06
 4.63569e+22	9.90e-14	1.59e-08	5.42e-05	6.71e-03	1.44e-01	4.59e-01	2.53e-01	9.52e-02	4.15e-02	7.55e-04	3.73e-06
 4.66142e+22	1.25e-13	1.92e-08	6.29e-05	7.45e-03	1.52e-01	4.66e-01	2.46e-01	8.95e-02	3.76e-02	6.54e-04	3.09e-06
 4.69101e+22	1.68e-13	2.45e-08	7.59e-05	8.49e-03	1.64e-01	4.75e-01	2.37e-01	8.25e-02	3.30e-02	5.43e-04	2.43e-06
 4.72115e+22	2.15e-13	2.99e-08	8.86e-05	9.44e-03	1.74e-01	4.81e-01	2.29e-01	7.70e-02	2.97e-02	4.65e-04	1.98e-06
 4.75199e+22	2.91e-13	3.82e-08	1.07e-04	1.08e-02	1.87e-01	4.87e-01	2.19e-01	7.04e-02	2.58e-02	3.82e-04	1.54e-06
 4.78330e+22	3.74e-13	4.68e-08	1.25e-04	1.19e-02	1.98e-01	4.91e-01	2.10e-01	6.53e-02	2.30e-02	3.24e-04	1.24e-06
 4.81521e+22	5.07e-13	5.98e-08	1.51e-04	1.36e-02	2.11e-01	4.95e-01	2.00e-01	5.94e-02	2.00e-02	2.65e-04	9.57e-07
 4.84797e+22	6.65e-13	7.44e-08	1.78e-04	1.52e-02	2.24e-01	4.98e-01	1.91e-01	5.45e-02	1.75e-02	2.21e-04	7.55e-07
 4.87650e+22	8.42e-13	9.00e-08	2.06e-04	1.67e-02	2.35e-01	4.99e-01	1.83e-01	5.03e-02	1.56e-02	1.88e-04	6.13e-07
 4.90824e+22	1.13e-12	1.14e-07	2.46e-04	1.88e-02	2.49e-01	5.00e-01	1.73e-01	4.55e-02	1.35e-02	1.53e-04	4.71e-07
 4.94206e+22	1.49e-12	1.42e-07	2.90e-04	2.09e-02	2.63e-01	4.99e-01	1.63e-01	4.14e-02	1.17e-02	1.26e-04	3.67e-07
 4.97317e+22	1.93e-12	1.74e-07	3.38e-04	2.31e-02	2.76e-01	4.98e-01	1.55e-01	3.77e-02	1.03e-02	1.05e-04	2.90e-07
 5.00096e+22	2.40e-12	2.07e-07	3.85e-04	2.52e-02	2.87e-01	4.96e-01	1.48e-01	3.49e-02	9.18e-03	8.94e-05	2.37e-07
 5.02605e+22	2.93e-12	2.43e-07	4.33e-04	2.72e-02	2.97e-01	4.93e-01	1.41e-01	3.23e-02	8.24e-03	7.70e-05	1.96e-07
 5.05488e+22	3.80e-12	2.99e-07	5.05e-04	3.00e-02	3.11e-01	4.89e-01	1.33e-01	2.93e-02	7.17e-03	6.35e-05	1.54e-07
 5.08498e+22	4.79e-12	3.58e-07	5.78e-04	3.27e-02	3.23e-01	4.85e-01	1.26e-01	2.68e-02	6.32e-03	5.34e-05	0.00e+00
 5.11233e+22	5.99e-12	4.27e-07	6.58e-04	3.55e-02	3.35e-01	4.80e-01	1.19e-01	2.45e-02	5.59e-03	4.51e-05	0.00e+00
 5.14350e+22	7.89e-12	5.31e-07	7.72e-04	3.92e-02	3.49e-01	4.73e-01	1.11e-01	2.19e-02	4.78e-03	3.65e-05	0.00e+00
 5.17588e+22	1.01e-11	6.44e-07	8.90e-04	4.28e-02	3.62e-01	4.66e-01	1.04e-01	1.98e-02	4.16e-03	3.01e-05	0.00e+00
 5.20414e+22	1.26e-11	7.65e-07	1.01e-03	4.63e-02	3.74e-01	4.60e-01	9.77e-02	1.80e-02	3.66e-03	2.53e-05	0.00e+00
 5.23516e+22	1.66e-11	9.49e-07	1.18e-03	5.10e-02	3.88e-01	4.50e-01	9.04e-02	1.60e-02	3.11e-03	2.03e-05	0.00e+00
 5.26706e+22	2.07e-11	1.13e-06	1.34e-03	5.51e-02	3.99e-01	4.42e-01	8.47e-02	1.45e-02	2.73e-03	1.69e-05	0.00e+00
 5.30012e+22	2.74e-11	1.41e-06	1.57e-03	6.06e-02	4.14e-01	4.31e-01	7.78e-02	1.28e-02	2.30e-03	1.34e-05	0.00e+00
 5.33381e+22	3.50e-11	1.70e-06	1.80e-03	6.58e-02	4.26e-01	4.21e-01	7.21e-02	1.15e-02	1.98e-03	1.10e-05	0.00e+00
 5.36336e+22	4.39e-11	2.03e-06	2.04e-03	7.09e-02	4.37e-01	4.11e-01	6.71e-02	1.03e-02	1.72e-03	9.08e-06	0.00e+00
 5.39678e+22	5.79e-11	2.51e-06	2.38e-03	7.77e-02	4.50e-01	3.98e-01	6.13e-02	9.08e-03	1.44e-03	7.17e-06	0.00e+00
 5.43163e+22	7.44e-11	3.05e-06	2.74e-03	8.42e-02	4.61e-01	3.86e-01	5.63e-02	8.05e-03	1.23e-03	5.77e-06	0.00e+00
 5.46294e+22	9.38e-11	3.65e-06	3.11e-03	9.06e-02	4.71e-01	3.75e-01	5.19e-02	7.19e-03	1.06e-03	4.71e-06	0.00e+00
 5.49827e+22	1.25e-10	4.56e-06	3.64e-03	9.92e-02	4.83e-01	3.60e-01	4.68e-02	6.23e-03	8.71e-04	3.64e-06	0.00e+00
 5.53448e+22	1.62e-10	5.55e-06	4.19e-03	1.07e-01	4.93e-01	3.47e-01	4.26e-02	5.48e-03	7.34e-04	2.90e-06	0.00e+00
 5.56639e+22	2.04e-10	6.63e-06	4.74e-03	1.15e-01	5.01e-01	3.35e-01	3.90e-02	4.86e-03	6.27e-04	2.35e-06	0.00e+00
 5.60241e+22	2.72e-10	8.27e-06	5.53e-03	1.25e-01	5.10e-01	3.19e-01	3.49e-02	4.18e-03	5.13e-04	1.80e-06	0.00e+00
 5.63957e+22	3.51e-10	1.00e-05	6.34e-03	1.35e-01	5.18e-01	3.05e-01	3.15e-02	3.65e-03	4.29e-04	1.42e-06	0.00e+00
 5.67260e+22	4.44e-10	1.20e-05	7.18e-03	1.44e-01	5.24e-01	2.92e-01	2.86e-02	3.22e-03	3.63e-04	1.13e-06	0.00e+00
 5.70995e+22	5.99e-10	1.51e-05	8.41e-03	1.57e-01	5.31e-01	2.76e-01	2.52e-02	2.73e-03	2.92e-04	8.50e-07	0.00e+00
 5.74819e+22	7.69e-10	1.82e-05	9.58e-03	1.68e-01	5.35e-01	2.62e-01	2.26e-02	2.37e-03	2.43e-04	6.66e-07	0.00e+00
 5.78760e+22	1.05e-09	2.31e-05	1.13e-02	1.83e-01	5.39e-01	2.45e-01	1.96e-02	1.99e-03	1.92e-04	4.89e-07	0.00e+00
 5.82755e+22	1.36e-09	2.80e-05	1.28e-02	1.95e-01	5.41e-01	2.31e-01	1.74e-02	1.71e-03	1.58e-04	3.77e-07	0.00e+00
 5.86819e+22	1.84e-09	3.52e-05	1.50e-02	2.11e-01	5.42e-01	2.15e-01	1.51e-02	1.43e-03	1.24e-04	2.76e-07	0.00e+00
 5.90997e+22	2.41e-09	4.31e-05	1.72e-02	2.26e-01	5.42e-01	2.01e-01	1.32e-02	1.21e-03	1.00e-04	2.08e-07	0.00e+00
 5.94701e+22	3.10e-09	5.21e-05	1.95e-02	2.40e-01	5.40e-01	1.88e-01	1.16e-02	1.04e-03	8.17e-05	1.59e-07	0.00e+00
 5.98893e+22	4.24e-09	6.58e-05	2.29e-02	2.58e-01	5.36e-01	1.72e-01	9.88e-03	8.54e-04	6.31e-05	0.00e+00	0.00e+00
 6.03210e+22	5.55e-09	8.03e-05	2.61e-02	2.74e-01	5.31e-01	1.59e-01	8.55e-03	7.19e-04	5.03e-05	0.00e+00	0.00e+00
 6.07102e+22	7.16e-09	9.70e-05	2.96e-02	2.89e-01	5.25e-01	1.47e-01	7.44e-03	6.09e-04	4.04e-05	0.00e+00	0.00e+00
 6.10979e+22	9.27e-09	1.17e-04	3.35e-02	3.06e-01	5.18e-01	1.36e-01	6.43e-03	5.13e-04	3.22e-05	0.00e+00	0.00e+00
 6.14839e+22	1.18e-08	1.41e-04	3.77e-02	3.21e-01	5.10e-01	1.25e-01	5.58e-03	4.34e-04	2.59e-05	0.00e+00	0.00e+00
 6.18616e+22	1.51e-08	1.68e-04	4.24e-02	3.37e-01	5.00e-01	1.15e-01	4.82e-03	3.67e-04	2.08e-05	0.00e+00	0.00e+00
 6.22109e+22	1.86e-08	1.96e-04	4.68e-02	3.50e-01	4.91e-01	1.07e-01	4.25e-03	3.17e-04	1.71e-05	0.00e+00	0.00e+00
 6.25888e+22	2.41e-08	2.38e-04	5.29e-02	3.67e-01	4.79e-01	9.71e-02	3.61e-03	2.63e-04	1.34e-05	0.00e+00	0.00e+00
 6.29749e+22	3.03e-08	2.80e-04	5.88e-02	3.82e-01	4.67e-01	8.89e-02	3.12e-03	2.23e-04	1.07e-05	0.00e+00	0.00e+00
 6.33150e+22	3.72e-08	3.26e-04	6.47e-02	3.95e-01	4.55e-01	8.19e-02	2.73e-03	1.91e-04	8.78e-06	0.00e+00	0.00e+00
 6.37008e+22	4.81e-08	3.93e-04	7.28e-02	4.11e-01	4.40e-01	7.36e-02	2.30e-03	1.57e-04	6.79e-06	0.00e+00	0.00e+00
 6.40975e+22	6.01e-08	4.62e-04	8.06e-02	4.24e-01	4.26e-01	6.68e-02	1.96e-03	1.32e-04	5.39e-06	0.00e+00	0.00e+00
 6.44513e+22	7.41e-08	5.37e-04	8.85e-02	4.37e-01	4.12e-01	6.08e-02	1.69e-03	1.12e-04	4.34e-06	0.00e+00	0.00e+00
 6.48540e+22	9.68e-08	6.51e-04	9.95e-02	4.52e-01	3.93e-01	5.37e-02	1.40e-03	9.00e-05	3.27e-06	0.00e+00	0.00e+00
 6.52633e+22	1.20e-07	7.60e-04	1.09e-01	4.63e-01	3.77e-01	4.84e-02	1.19e-03	7.51e-05	2.58e-06	0.00e+00	0.00e+00
 6.56014e+22	1.44e-07	8.67e-04	1.18e-01	4.72e-01	3.63e-01	4.41e-02	1.03e-03	6.42e-05	2.10e-06	0.00e+00	0.00e+00
 6.59614e+22	1.81e-07	1.02e-03	1.30e-01	4.82e-01	3.46e-01	3.92e-02	8.66e-04	5.28e-05	1.63e-06	0.00e+00	0.00e+00
 6.63270e+22	2.18e-07	1.16e-03	1.41e-01	4.90e-01	3.31e-01	3.55e-02	7.45e-04	4.47e-05	1.31e-06	0.00e+00	0.00e+00
 6.66505e+22	2.62e-07	1.32e-03	1.52e-01	4.97e-01	3.17e-01	3.21e-02	6.42e-04	3.79e-05	1.06e-06	0.00e+00	0.00e+00
 6.70217e+22	3.28e-07	1.55e-03	1.67e-01	5.04e-01	2.99e-01	2.82e-02	5.32e-04	3.08e-05	8.08e-07	0.00e+00	0.00e+00
 6.73966e+22	3.95e-07	1.76e-03	1.80e-01	5.09e-01	2.83e-01	2.52e-02	4.53e-04	2.58e-05	6.42e-07	0.00e+00	0.00e+00
 6.77253e+22	4.72e-07	2.00e-03	1.93e-01	5.13e-01	2.69e-01	2.26e-02	3.87e-04	2.17e-05	5.13e-07	0.00e+00	0.00e+00
 6.81015e+22	5.88e-07	2.33e-03	2.11e-01	5.16e-01	2.51e-01	1.97e-02	3.18e-04	1.74e-05	3.87e-07	0.00e+00	0.00e+00
 6.84830e+22	7.06e-07	2.64e-03	2.27e-01	5.17e-01	2.36e-01	1.74e-02	2.68e-04	1.45e-05	3.04e-07	0.00e+00	0.00e+00
 6.88714e+22	8.81e-07	3.08e-03	2.46e-01	5.17e-01	2.18e-01	1.50e-02	2.18e-04	1.15e-05	2.26e-07	0.00e+00	0.00e+00
 6.92630e+22	1.06e-06	3.49e-03	2.64e-01	5.16e-01	2.04e-01	1.31e-02	1.82e-04	9.40e-06	1.75e-07	0.00e+00	0.00e+00
 6.96587e+22	1.32e-06	4.06e-03	2.86e-01	5.12e-01	1.87e-01	1.12e-02	1.46e-04	7.37e-06	1.29e-07	0.00e+00	0.00e+00
 7.00580e+22	1.58e-06	4.59e-03	3.05e-01	5.07e-01	1.73e-01	9.73e-03	1.21e-04	5.99e-06	0.00e+00	0.00e+00	0.00e+00
 7.04618e+22	1.96e-06	5.32e-03	3.29e-01	5.00e-01	1.57e-01	8.18e-03	9.65e-05	4.63e-06	0.00e+00	0.00e+00	0.00e+00
 7.08713e+22	2.35e-06	6.02e-03	3.50e-01	4.92e-01	1.44e-01	7.03e-03	7.90e-05	3.71e-06	0.00e+00	0.00e+00	0.00e+00
 7.11834e+22	2.67e-06	6.57e-03	3.66e-01	4.86e-01	1.35e-01	6.29e-03	6.84e-05	3.16e-06	0.00e+00	0.00e+00	0.00e+00
 7.14845e+22	3.12e-06	7.29e-03	3.85e-01	4.77e-01	1.25e-01	5.49e-03	5.73e-05	2.59e-06	0.00e+00	0.00e+00	0.00e+00
 7.18759e+22	3.81e-06	8.33e-03	4.10e-01	4.65e-01	1.12e-01	4.58e-03	4.54e-05	2.00e-06	0.00e+00	0.00e+00	0.00e+00
 7.22789e+22	4.48e-06	9.30e-03	4.32e-01	4.53e-01	1.02e-01	3.91e-03	3.73e-05	1.59e-06	0.00e+00	0.00e+00	0.00e+00
 7.26971e+22	5.55e-06	1.07e-02	4.60e-01	4.36e-01	8.95e-02	3.18e-03	2.87e-05	1.19e-06	0.00e+00	0.00e+00	0.00e+00
 7.31302e+22	6.64e-06	1.21e-02	4.85e-01	4.20e-01	7.98e-02	2.64e-03	2.28e-05	9.13e-07	0.00e+00	0.00e+00	0.00e+00
 7.35826e+22	8.25e-06	1.39e-02	5.15e-01	4.00e-01	6.89e-02	2.10e-03	1.72e-05	6.60e-07	0.00e+00	0.00e+00	0.00e+00
 7.40396e+22	9.87e-06	1.56e-02	5.40e-01	3.82e-01	6.06e-02	1.72e-03	1.34e-05	5.00e-07	0.00e+00	0.00e+00	0.00e+00
 7.45025e+22	1.23e-05	1.80e-02	5.71e-01	3.58e-01	5.13e-02	1.33e-03	9.92e-06	3.52e-07	0.00e+00	0.00e+00	0.00e+00
 7.49675e+22	1.46e-05	2.02e-02	5.95e-01	3.39e-01	4.47e-02	1.08e-03	7.74e-06	2.65e-07	0.00e+00	0.00e+00	0.00e+00
 7.53290e+22	1.67e-05	2.20e-02	6.14e-01	3.23e-01	4.00e-02	9.15e-04	6.35e-06	2.11e-07	0.00e+00	0.00e+00	0.00e+00
 7.56927e+22	1.97e-05	2.45e-02	6.36e-01	3.04e-01	3.46e-02	7.41e-04	4.95e-06	1.58e-07	0.00e+00	0.00e+00	0.00e+00
 7.60491e+22	2.24e-05	2.66e-02	6.53e-01	2.89e-01	3.09e-02	6.27e-04	4.07e-06	1.26e-07	0.00e+00	0.00e+00	0.00e+00
 7.63961e+22	2.61e-05	2.93e-02	6.73e-01	2.70e-01	2.67e-02	5.09e-04	3.21e-06	0.00e+00	0.00e+00	0.00e+00	0.00e+00
 7.67474e+22	2.99e-05	3.19e-02	6.89e-01	2.55e-01	2.35e-02	4.24e-04	2.59e-06	0.00e+00	0.00e+00	0.00e+00	0.00e+00
 7.71045e+22	3.50e-05	3.52e-02	7.08e-01	2.36e-01	2.01e-02	3.39e-04	2.01e-06	0.00e+00	0.00e+00	0.00e+00	0.00e+00
 7.74625e+22	4.01e-05	3.84e-02	7.23e-01	2.21e-01	1.75e-02	2.79e-04	1.61e-06	0.00e+00	0.00e+00	0.00e+00	0.00e+00
 7.78219e+22	4.74e-05	4.24e-02	7.41e-01	2.02e-01	1.47e-02	2.19e-04	1.22e-06	0.00e+00	0.00e+00	0.00e+00	0.00e+00
 7.81764e+22	5.38e-05	4.59e-02	7.53e-01	1.88e-01	1.28e-02	1.81e-04	9.86e-07	0.00e+00	0.00e+00	0.00e+00	0.00e+00
 7.85246e+22	6.33e-05	5.05e-02	7.68e-01	1.71e-01	1.06e-02	1.41e-04	7.48e-07	0.00e+00	0.00e+00	0.00e+00	0.00e+00
 7.88744e+22	7.24e-05	5.48e-02	7.78e-01	1.57e-01	9.10e-03	1.15e-04	5.92e-07	0.00e+00	0.00e+00	0.00e+00	0.00e+00
 7.92263e+22	8.58e-05	6.04e-02	7.91e-01	1.41e-01	7.44e-03	8.77e-05	4.40e-07	0.00e+00	0.00e+00	0.00e+00	0.00e+00
 7.95728e+22	9.86e-05	6.55e-02	7.99e-01	1.29e-01	6.30e-03	7.03e-05	3.44e-07	0.00e+00	0.00e+00	0.00e+00	0.00e+00
 7.99123e+22	1.16e-04	7.17e-02	8.08e-01	1.15e-01	5.13e-03	5.38e-05	2.56e-07	0.00e+00	0.00e+00	0.00e+00	0.00e+00
 8.02503e+22	1.33e-04	7.75e-02	8.14e-01	1.04e-01	4.29e-03	4.27e-05	1.98e-07	0.00e+00	0.00e+00	0.00e+00	0.00e+00
 8.05864e+22	1.57e-04	8.48e-02	8.20e-01	9.15e-02	3.43e-03	3.21e-05	1.45e-07	0.00e+00	0.00e+00	0.00e+00	0.00e+00
 8.09155e+22	1.80e-04	9.13e-02	8.23e-01	8.21e-02	2.85e-03	2.54e-05	0.00e+00	0.00e+00	0.00e+00	0.00e+00	0.00e+00
 8.12357e+22	2.12e-04	9.94e-02	8.26e-01	7.18e-02	2.26e-03	1.89e-05	0.00e+00	0.00e+00	0.00e+00	0.00e+00	0.00e+00
 8.15515e+22	2.42e-04	1.07e-01	8.27e-01	6.39e-02	1.86e-03	1.48e-05	0.00e+00	0.00e+00	0.00e+00	0.00e+00	0.00e+00
 8.18206e+22	2.75e-04	1.14e-01	8.27e-01	5.69e-02	1.53e-03	1.16e-05	0.00e+00	0.00e+00	0.00e+00	0.00e+00	0.00e+00
 8.20869e+22	3.11e-04	1.21e-01	8.27e-01	5.07e-02	1.27e-03	9.20e-06	0.00e+00	0.00e+00	0.00e+00	0.00e+00	0.00e+00
 8.23903e+22	3.63e-04	1.31e-01	8.24e-01	4.36e-02	9.86e-04	6.76e-06	0.00e+00	0.00e+00	0.00e+00	0.00e+00	0.00e+00
 8.26932e+22	4.15e-04	1.39e-01	8.21e-01	3.80e-02	7.93e-04	5.18e-06	0.00e+00	0.00e+00	0.00e+00	0.00e+00	0.00e+00
 8.29493e+22	4.68e-04	1.48e-01	8.18e-01	3.35e-02	6.46e-04	4.04e-06	0.00e+00	0.00e+00	0.00e+00	0.00e+00	0.00e+00
 8.32359e+22	5.40e-04	1.58e-01	8.13e-01	2.85e-02	5.00e-04	2.96e-06	0.00e+00	0.00e+00	0.00e+00	0.00e+00	0.00e+00
 8.35278e+22	6.15e-04	1.67e-01	8.07e-01	2.45e-02	3.95e-04	2.22e-06	0.00e+00	0.00e+00	0.00e+00	0.00e+00	0.00e+00
 8.37759e+22	6.89e-04	1.76e-01	8.01e-01	2.13e-02	3.19e-04	1.71e-06	0.00e+00	0.00e+00	0.00e+00	0.00e+00	0.00e+00
 8.40480e+22	7.92e-04	1.87e-01	7.94e-01	1.79e-02	2.44e-04	1.24e-06	0.00e+00	0.00e+00	0.00e+00	0.00e+00	0.00e+00
 8.43249e+22	8.95e-04	1.97e-01	7.86e-01	1.51e-02	1.91e-04	9.17e-07	0.00e+00	0.00e+00	0.00e+00	0.00e+00	0.00e+00
 8.45588e+22	9.97e-04	2.07e-01	7.79e-01	1.30e-02	1.53e-04	6.98e-07	0.00e+00	0.00e+00	0.00e+00	0.00e+00	0.00e+00
 8.48132e+22	1.14e-03	2.18e-01	7.70e-01	1.07e-02	1.17e-04	4.94e-07	0.00e+00	0.00e+00	0.00e+00	0.00e+00	0.00e+00
 8.50750e+22	1.28e-03	2.28e-01	7.61e-01	8.85e-03	8.98e-05	3.55e-07	0.00e+00	0.00e+00	0.00e+00	0.00e+00	0.00e+00
 8.52939e+22	1.43e-03	2.38e-01	7.53e-01	7.43e-03	7.11e-05	2.62e-07	0.00e+00	0.00e+00	0.00e+00	0.00e+00	0.00e+00
 8.54901e+22	1.58e-03	2.46e-01	7.46e-01	6.27e-03	5.71e-05	1.95e-07	0.00e+00	0.00e+00	0.00e+00	0.00e+00	0.00e+00
 8.57095e+22	1.79e-03	2.58e-01	7.35e-01	5.04e-03	4.34e-05	1.34e-07	0.00e+00	0.00e+00	0.00e+00	0.00e+00	0.00e+00
 8.59311e+22	2.02e-03	2.68e-01	7.26e-01	4.05e-03	3.33e-05	0.00e+00	0.00e+00	0.00e+00	0.00e+00	0.00e+00	0.00e+00
 8.61050e+22	2.23e-03	2.76e-01	7.18e-01	3.35e-03	2.66e-05	0.00e+00	0.00e+00	0.00e+00	0.00e+00	0.00e+00	0.00e+00
 8.62523e+22	2.45e-03	2.84e-01	7.11e-01	2.79e-03	2.17e-05	0.00e+00	0.00e+00	0.00e+00	0.00e+00	0.00e+00	0.00e+00
 8.64155e+22	2.75e-03	2.93e-01	7.02e-01	2.24e-03	1.69e-05	0.00e+00	0.00e+00	0.00e+00	0.00e+00	0.00e+00	0.00e+00
 8.65861e+22	3.09e-03	3.02e-01	6.93e-01	1.75e-03	1.31e-05	0.00e+00	0.00e+00	0.00e+00	0.00e+00	0.00e+00	0.00e+00
 8.67253e+22	3.43e-03	3.10e-01	6.85e-01	1.41e-03	1.04e-05	0.00e+00	0.00e+00	0.00e+00	0.00e+00	0.00e+00	0.00e+00
 8.68402e+22	3.78e-03	3.17e-01	6.78e-01	1.16e-03	8.51e-06	0.00e+00	0.00e+00	0.00e+00	0.00e+00	0.00e+00	0.00e+00
 8.69456e+22	4.15e-03	3.23e-01	6.72e-01	9.56e-04	7.01e-06	0.00e+00	0.00e+00	0.00e+00	0.00e+00	0.00e+00	0.00e+00
 8.70450e+22	4.58e-03	3.29e-01	6.65e-01	7.87e-04	5.77e-06	0.00e+00	0.00e+00	0.00e+00	0.00e+00	0.00e+00	0.00e+00
 8.71358e+22	5.04e-03	3.35e-01	6.59e-01	6.51e-04	4.79e-06	0.00e+00	0.00e+00	0.00e+00	0.00e+00	0.00e+00	0.00e+00
 8.72162e+22	5.50e-03	3.40e-01	6.54e-01	5.46e-04	4.04e-06	0.00e+00	0.00e+00	0.00e+00	0.00e+00	0.00e+00	0.00e+00
 8.72883e+22	6.00e-03	3.45e-01	6.49e-01	4.63e-04	3.44e-06	0.00e+00	0.00e+00	0.00e+00	0.00e+00	0.00e+00	0.00e+00
 8.73549e+22	6.51e-03	3.49e-01	6.44e-01	3.95e-04	2.96e-06	0.00e+00	0.00e+00	0.00e+00	0.00e+00	0.00e+00	0.00e+00
 8.74174e+22	7.04e-03	3.53e-01	6.40e-01	3.40e-04	2.57e-06	0.00e+00	0.00e+00	0.00e+00	0.00e+00	0.00e+00	0.00e+00
 8.74766e+22	7.61e-03	3.56e-01	6.36e-01	2.94e-04	2.24e-06	0.00e+00	0.00e+00	0.00e+00	0.00e+00	0.00e+00	0.00e+00
 8.75327e+22	8.19e-03	3.59e-01	6.33e-01	2.56e-04	1.96e-06	0.00e+00	0.00e+00	0.00e+00	0.00e+00	0.00e+00	0.00e+00
 8.75857e+22	8.75e-03	3.60e-01	6.31e-01	2.26e-04	1.75e-06	0.00e+00	0.00e+00	0.00e+00	0.00e+00	0.00e+00	0.00e+00
 8.76371e+22	9.40e-03	3.63e-01	6.28e-01	1.99e-04	1.56e-06	0.00e+00	0.00e+00	0.00e+00	0.00e+00	0.00e+00	0.00e+00
 8.76873e+22	1.01e-02	3.65e-01	6.25e-01	1.77e-04	1.39e-06	0.00e+00	0.00e+00	0.00e+00	0.00e+00	0.00e+00	0.00e+00
 8.77340e+22	1.07e-02	3.66e-01	6.23e-01	1.60e-04	1.27e-06	0.00e+00	0.00e+00	0.00e+00	0.00e+00	0.00e+00	0.00e+00
 8.77755e+22	1.14e-02	3.68e-01	6.21e-01	1.46e-04	1.17e-06	0.00e+00	0.00e+00	0.00e+00	0.00e+00	0.00e+00	0.00e+00
 8.78127e+22	1.20e-02	3.69e-01	6.19e-01	1.35e-04	1.09e-06	0.00e+00	0.00e+00	0.00e+00	0.00e+00	0.00e+00	0.00e+00
 8.78481e+22	1.27e-02	3.71e-01	6.16e-01	1.26e-04	1.02e-06	0.00e+00	0.00e+00	0.00e+00	0.00e+00	0.00e+00	0.00e+00
 8.78828e+22	1.33e-02	3.73e-01	6.14e-01	1.18e-04	9.63e-07	0.00e+00	0.00e+00	0.00e+00	0.00e+00	0.00e+00	0.00e+00
 8.79169e+22	1.41e-02	3.75e-01	6.11e-01	1.11e-04	9.10e-07	0.00e+00	0.00e+00	0.00e+00	0.00e+00	0.00e+00	0.00e+00
 8.79504e+22	1.48e-02	3.77e-01	6.08e-01	1.05e-04	8.65e-07	0.00e+00	0.00e+00	0.00e+00	0.00e+00	0.00e+00	0.00e+00
 8.79768e+22	1.53e-02	3.78e-01	6.07e-01	1.01e-04	8.36e-07	0.00e+00	0.00e+00	0.00e+00	0.00e+00	0.00e+00	0.00e+00
 8.79946e+22	1.58e-02	3.80e-01	6.04e-01	9.77e-05	8.15e-07	0.00e+00	0.00e+00	0.00e+00	0.00e+00	0.00e+00	0.00e+00
 8.80114e+22	1.62e-02	3.81e-01	6.03e-01	9.52e-05	7.97e-07	0.00e+00	0.00e+00	0.00e+00	0.00e+00	0.00e+00	0.00e+00
 8.80318e+22	1.68e-02	3.83e-01	6.00e-01	9.22e-05	7.75e-07	0.00e+00	0.00e+00	0.00e+00	0.00e+00	0.00e+00	0.00e+00
 8.80548e+22	1.75e-02	3.85e-01	5.97e-01	8.89e-05	7.51e-07	0.00e+00	0.00e+00	0.00e+00	0.00e+00	0.00e+00	0.00e+00
 8.80766e+22	1.81e-02	3.87e-01	5.95e-01	8.63e-05	7.32e-07	0.00e+00	0.00e+00	0.00e+00	0.00e+00	0.00e+00	0.00e+00
 8.80973e+22	1.88e-02	3.89e-01	5.92e-01	8.37e-05	7.13e-07	0.00e+00	0.00e+00	0.00e+00	0.00e+00	0.00e+00	0.00e+00
 8.81185e+22	1.94e-02	3.91e-01	5.89e-01	8.13e-05	6.95e-07	0.00e+00	0.00e+00	0.00e+00	0.00e+00	0.00e+00	0.00e+00
 8.81407e+22	2.02e-02	3.94e-01	5.86e-01	7.89e-05	6.77e-07	0.00e+00	0.00e+00	0.00e+00	0.00e+00	0.00e+00	0.00e+00
 8.81636e+22	2.10e-02	3.96e-01	5.83e-01	7.64e-05	6.59e-07	0.00e+00	0.00e+00	0.00e+00	0.00e+00	0.00e+00	0.00e+00
 8.81859e+22	2.17e-02	3.98e-01	5.80e-01	7.43e-05	6.44e-07	0.00e+00	0.00e+00	0.00e+00	0.00e+00	0.00e+00	0.00e+00
 8.82083e+22	2.26e-02	4.01e-01	5.76e-01	7.22e-05	6.28e-07	0.00e+00	0.00e+00	0.00e+00	0.00e+00	0.00e+00	0.00e+00
 8.82315e+22	2.35e-02	4.04e-01	5.73e-01	7.02e-05	6.14e-07	0.00e+00	0.00e+00	0.00e+00	0.00e+00	0.00e+00	0.00e+00
 8.82552e+22	2.44e-02	4.07e-01	5.69e-01	6.82e-05	5.99e-07	0.00e+00	0.00e+00	0.00e+00	0.00e+00	0.00e+00	0.00e+00
 8.82795e+22	2.54e-02	4.10e-01	5.65e-01	6.62e-05	5.84e-07	0.00e+00	0.00e+00	0.00e+00	0.00e+00	0.00e+00	0.00e+00
 8.83036e+22	2.64e-02	4.12e-01	5.61e-01	6.44e-05	5.71e-07	0.00e+00	0.00e+00	0.00e+00	0.00e+00	0.00e+00	0.00e+00
 8.83278e+22	2.75e-02	4.16e-01	5.57e-01	6.27e-05	5.58e-07	0.00e+00	0.00e+00	0.00e+00	0.00e+00	0.00e+00	0.00e+00
 8.83530e+22	2.87e-02	4.19e-01	5.53e-01	6.09e-05	5.45e-07	0.00e+00	0.00e+00	0.00e+00	0.00e+00	0.00e+00	0.00e+00
 8.83789e+22	2.99e-02	4.22e-01	5.48e-01	5.93e-05	5.33e-07	0.00e+00	0.00e+00	0.00e+00	0.00e+00	0.00e+00	0.00e+00
 8.84049e+22	3.11e-02	4.25e-01	5.44e-01	5.77e-05	5.21e-07	0.00e+00	0.00e+00	0.00e+00	0.00e+00	0.00e+00	0.00e+00
 8.84314e+22	3.24e-02	4.29e-01	5.39e-01	5.61e-05	5.10e-07	0.00e+00	0.00e+00	0.00e+00	0.00e+00	0.00e+00	0.00e+00
 8.84586e+22	3.37e-02	4.32e-01	5.34e-01	5.46e-05	4.98e-07	0.00e+00	0.00e+00	0.00e+00	0.00e+00	0.00e+00	0.00e+00
 8.84866e+22	3.51e-02	4.36e-01	5.29e-01	5.32e-05	4.87e-07	0.00e+00	0.00e+00	0.00e+00	0.00e+00	0.00e+00	0.00e+00
 8.85151e+22	3.66e-02	4.39e-01	5.24e-01	5.18e-05	4.77e-07	0.00e+00	0.00e+00	0.00e+00	0.00e+00	0.00e+00	0.00e+00
 8.85445e+22	3.82e-02	4.43e-01	5.19e-01	5.04e-05	4.67e-07	0.00e+00	0.00e+00	0.00e+00	0.00e+00	0.00e+00	0.00e+00
 8.85746e+22	3.97e-02	4.47e-01	5.14e-01	4.91e-05	4.57e-07	0.00e+00	0.00e+00	0.00e+00	0.00e+00	0.00e+00	0.00e+00
 8.86054e+22	4.14e-02	4.50e-01	5.08e-01	4.78e-05	4.47e-07	0.00e+00	0.00e+00	0.00e+00	0.00e+00	0.00e+00	0.00e+00
 8.86373e+22	4.30e-02	4.54e-01	5.03e-01	4.66e-05	4.38e-07	0.00e+00	0.00e+00	0.00e+00	0.00e+00	0.00e+00	0.00e+00
 8.86698e+22	4.48e-02	4.58e-01	4.97e-01	4.54e-05	4.28e-07	0.00e+00	0.00e+00	0.00e+00	0.00e+00	0.00e+00	0.00e+00
