#depth	Cl	Cl+	Cl+2	Cl+3	Cl+4	Cl+5	Cl+6	Cl+7	Cl+8	Cl+9	Cl+10	Cl+11	Cl+12	Cl+13	Cl+14	Cl+15	Cl+16	Cl+17
 4.62852e+21	0.00e+00	0.00e+00	0.00e+00	4.36e-26	1.13e-22	1.78e-19	1.49e-16	3.90e-13	1.19e-10	1.40e-08	6.87e-07	1.79e-05	2.44e-04	1.94e-03	1.60e-02	2.38e-01	4.60e-01	2.84e-01
 1.04856e+22	0.00e+00	0.00e+00	6.88e-28	4.20e-24	6.90e-21	6.82e-18	6.44e-15	1.28e-11	2.81e-09	2.35e-07	8.01e-06	1.44e-04	1.31e-03	6.68e-03	3.55e-02	3.47e-01	4.35e-01	1.75e-01
 1.23284e+22	0.00e+00	5.61e-31	1.14e-26	5.54e-23	7.16e-20	5.53e-17	4.08e-14	7.18e-11	1.36e-08	9.60e-07	2.72e-05	4.06e-04	2.99e-03	1.21e-02	5.11e-02	4.02e-01	4.02e-01	1.30e-01
 1.32498e+22	0.00e+00	2.64e-30	4.74e-26	2.05e-22	2.33e-19	1.58e-16	1.02e-13	1.71e-10	3.01e-08	1.95e-06	5.03e-05	6.82e-04	4.52e-03	1.62e-02	6.07e-02	4.27e-01	3.81e-01	1.10e-01
 1.36398e+22	0.00e+00	4.08e-30	7.07e-26	2.95e-22	3.24e-19	2.12e-16	1.32e-13	2.18e-10	3.76e-08	2.39e-06	5.98e-05	7.89e-04	5.07e-03	1.75e-02	6.36e-02	4.34e-01	3.75e-01	1.04e-01
 1.38304e+22	0.00e+00	6.86e-30	1.14e-25	4.58e-22	4.81e-19	3.02e-16	1.80e-13	2.92e-10	4.91e-08	3.03e-06	7.35e-05	9.38e-04	5.81e-03	1.93e-02	6.72e-02	4.42e-01	3.67e-01	9.82e-02
 1.40315e+22	0.00e+00	1.11e-29	1.78e-25	6.86e-22	6.92e-19	4.16e-16	2.39e-13	3.80e-10	6.26e-08	3.77e-06	8.89e-05	1.10e-03	6.59e-03	2.10e-02	7.06e-02	4.49e-01	3.59e-01	9.27e-02
 1.42133e+22	0.00e+00	1.71e-29	2.65e-25	9.90e-22	9.63e-19	5.58e-16	3.08e-13	4.85e-10	7.82e-08	4.60e-06	1.06e-04	1.27e-03	7.38e-03	2.27e-02	7.39e-02	4.55e-01	3.52e-01	8.80e-02
 1.43810e+22	0.00e+00	2.59e-29	3.87e-25	1.40e-21	1.31e-18	7.34e-16	3.90e-13	6.08e-10	9.64e-08	5.55e-06	1.24e-04	1.46e-03	8.22e-03	2.45e-02	7.70e-02	4.60e-01	3.45e-01	8.36e-02
 1.45357e+22	0.00e+00	3.83e-29	5.54e-25	1.94e-21	1.76e-18	9.51e-16	4.89e-13	7.53e-10	1.18e-07	6.63e-06	1.45e-04	1.66e-03	9.09e-03	2.63e-02	8.00e-02	4.65e-01	3.39e-01	7.96e-02
 1.47089e+22	0.00e+00	6.19e-29	8.61e-25	2.90e-21	2.53e-18	1.31e-15	6.45e-13	9.81e-10	1.50e-07	8.25e-06	1.75e-04	1.94e-03	1.03e-02	2.86e-02	8.38e-02	4.70e-01	3.30e-01	7.49e-02
 1.48746e+22	0.00e+00	8.95e-29	1.21e-24	3.95e-21	3.33e-18	1.67e-15	7.95e-13	1.20e-09	1.81e-07	9.75e-06	2.02e-04	2.19e-03	1.13e-02	3.05e-02	8.68e-02	4.74e-01	3.24e-01	7.14e-02
 1.50056e+22	0.00e+00	1.27e-28	1.66e-24	5.27e-21	4.31e-18	2.09e-15	9.66e-13	1.45e-09	2.15e-07	1.14e-05	2.31e-04	2.46e-03	1.23e-02	3.24e-02	8.97e-02	4.77e-01	3.17e-01	6.82e-02
 1.51319e+22	0.00e+00	1.71e-28	2.19e-24	6.79e-21	5.40e-18	2.55e-15	1.15e-12	1.71e-09	2.51e-07	1.31e-05	2.60e-04	2.71e-03	1.33e-02	3.41e-02	9.22e-02	4.80e-01	3.12e-01	6.55e-02
 1.52770e+22	0.00e+00	2.58e-28	3.19e-24	9.56e-21	7.34e-18	3.34e-15	1.45e-12	2.14e-09	3.08e-07	1.58e-05	3.06e-04	3.09e-03	1.48e-02	3.66e-02	9.56e-02	4.84e-01	3.04e-01	6.19e-02
 1.54208e+22	0.00e+00	3.63e-28	4.36e-24	1.27e-20	9.45e-18	4.17e-15	1.75e-12	2.57e-09	3.66e-07	1.84e-05	3.49e-04	3.46e-03	1.61e-02	3.87e-02	9.85e-02	4.86e-01	2.98e-01	5.90e-02
 1.55403e+22	0.00e+00	4.98e-28	5.82e-24	1.65e-20	1.19e-17	5.11e-15	2.08e-12	3.05e-09	4.28e-07	2.12e-05	3.95e-04	3.83e-03	1.74e-02	4.09e-02	1.01e-01	4.88e-01	2.92e-01	5.64e-02
 1.56730e+22	0.00e+00	7.35e-28	8.31e-24	2.28e-20	1.59e-17	6.56e-15	2.58e-12	3.75e-09	5.20e-07	2.53e-05	4.59e-04	4.34e-03	1.92e-02	4.36e-02	1.05e-01	4.90e-01	2.84e-01	5.33e-02
 1.58090e+22	0.00e+00	1.01e-27	1.11e-23	2.98e-20	2.02e-17	8.08e-15	3.08e-12	4.46e-09	6.11e-07	2.92e-05	5.19e-04	4.81e-03	2.08e-02	4.59e-02	1.07e-01	4.92e-01	2.78e-01	5.09e-02
 1.59497e+22	0.00e+00	1.52e-27	1.61e-23	4.16e-20	2.72e-17	1.05e-14	3.85e-12	5.54e-09	7.48e-07	3.50e-05	6.07e-04	5.48e-03	2.29e-02	4.91e-02	1.11e-01	4.93e-01	2.70e-01	4.79e-02
 1.60858e+22	0.00e+00	2.07e-27	2.15e-23	5.39e-20	3.42e-17	1.28e-14	4.56e-12	6.55e-09	8.73e-07	4.02e-05	6.84e-04	6.05e-03	2.47e-02	5.16e-02	1.14e-01	4.94e-01	2.64e-01	4.57e-02
 1.61972e+22	0.00e+00	2.81e-27	2.83e-23	6.91e-20	4.26e-17	1.55e-14	5.36e-12	7.68e-09	1.01e-06	4.61e-05	7.69e-04	6.66e-03	2.66e-02	5.41e-02	1.16e-01	4.94e-01	2.58e-01	4.36e-02
 1.63229e+22	0.00e+00	4.09e-27	3.99e-23	9.42e-20	5.60e-17	1.96e-14	6.55e-12	9.37e-09	1.22e-06	5.45e-05	8.88e-04	7.50e-03	2.91e-02	5.74e-02	1.20e-01	4.94e-01	2.50e-01	4.11e-02
 1.64503e+22	0.00e+00	5.56e-27	5.27e-23	1.21e-19	7.01e-17	2.38e-14	7.73e-12	1.10e-08	1.42e-06	6.25e-05	9.98e-04	8.26e-03	3.14e-02	6.02e-02	1.22e-01	4.94e-01	2.44e-01	3.91e-02
 1.65800e+22	0.00e+00	8.36e-27	7.64e-23	1.69e-19	9.39e-17	3.07e-14	9.54e-12	1.36e-08	1.74e-06	7.49e-05	1.17e-03	9.39e-03	3.46e-02	6.41e-02	1.26e-01	4.93e-01	2.36e-01	3.66e-02
 1.67076e+22	0.00e+00	1.12e-26	1.00e-22	2.16e-19	1.17e-16	3.69e-14	1.12e-11	1.59e-08	2.01e-06	8.54e-05	1.30e-03	1.03e-02	3.70e-02	6.70e-02	1.28e-01	4.92e-01	2.30e-01	3.48e-02
 1.68325e+22	0.00e+00	1.70e-26	1.45e-22	3.02e-19	1.56e-16	4.74e-14	1.37e-11	1.97e-08	2.46e-06	1.02e-04	1.52e-03	1.17e-02	4.08e-02	7.13e-02	1.31e-01	4.90e-01	2.21e-01	3.24e-02
 1.69556e+22	0.00e+00	2.27e-26	1.89e-22	3.83e-19	1.92e-16	5.66e-14	1.59e-11	2.29e-08	2.83e-06	1.16e-04	1.70e-03	1.28e-02	4.36e-02	7.44e-02	1.34e-01	4.88e-01	2.15e-01	3.08e-02
 1.70594e+22	0.00e+00	3.03e-26	2.47e-22	4.85e-19	2.36e-16	6.76e-14	1.85e-11	2.66e-08	3.26e-06	1.32e-04	1.90e-03	1.40e-02	4.67e-02	7.76e-02	1.36e-01	4.85e-01	2.09e-01	2.93e-02
 1.71616e+22	0.00e+00	4.05e-26	3.21e-22	6.13e-19	2.90e-16	8.05e-14	2.13e-11	3.08e-08	3.76e-06	1.50e-04	2.11e-03	1.53e-02	4.98e-02	8.08e-02	1.38e-01	4.83e-01	2.03e-01	2.78e-02
 1.72781e+22	0.00e+00	5.83e-26	4.46e-22	8.24e-19	3.76e-16	1.00e-13	2.56e-11	3.71e-08	4.48e-06	1.76e-04	2.42e-03	1.71e-02	5.41e-02	8.50e-02	1.41e-01	4.79e-01	1.96e-01	2.60e-02
 1.73962e+22	0.00e+00	8.02e-26	5.95e-22	1.07e-18	4.70e-16	1.21e-13	2.99e-11	4.36e-08	5.22e-06	2.03e-04	2.72e-03	1.88e-02	5.81e-02	8.88e-02	1.43e-01	4.75e-01	1.89e-01	2.45e-02
 1.74970e+22	0.00e+00	1.06e-25	7.65e-22	1.33e-18	5.71e-16	1.43e-13	3.43e-11	5.02e-08	5.97e-06	2.29e-04	3.02e-03	2.04e-02	6.17e-02	9.21e-02	1.45e-01	4.71e-01	1.83e-01	2.32e-02
 1.76088e+22	0.00e+00	1.56e-25	1.08e-21	1.82e-18	7.46e-16	1.79e-13	4.11e-11	6.09e-08	7.18e-06	2.70e-04	3.48e-03	2.29e-02	6.72e-02	9.69e-02	1.47e-01	4.65e-01	1.75e-01	2.15e-02
 1.77214e+22	0.00e+00	2.07e-25	1.40e-21	2.29e-18	9.10e-16	2.11e-13	4.71e-11	7.03e-08	8.23e-06	3.06e-04	3.86e-03	2.49e-02	7.14e-02	1.00e-01	1.49e-01	4.61e-01	1.69e-01	2.03e-02
 1.78348e+22	0.00e+00	3.07e-25	2.00e-21	3.12e-18	1.19e-15	2.64e-13	5.65e-11	8.53e-08	9.91e-06	3.62e-04	4.45e-03	2.79e-02	7.76e-02	1.06e-01	1.51e-01	4.53e-01	1.61e-01	1.87e-02
 1.79478e+22	0.00e+00	4.09e-25	2.59e-21	3.93e-18	1.45e-15	3.12e-13	6.46e-11	9.84e-08	1.14e-05	4.09e-04	4.93e-03	3.03e-02	8.24e-02	1.09e-01	1.52e-01	4.48e-01	1.55e-01	1.76e-02
 1.80604e+22	0.00e+00	6.09e-25	3.70e-21	5.39e-18	1.90e-15	3.90e-13	7.72e-11	1.19e-07	1.37e-05	4.85e-04	5.69e-03	3.39e-02	8.94e-02	1.14e-01	1.54e-01	4.39e-01	1.47e-01	1.61e-02
 1.81727e+22	0.00e+00	8.13e-25	4.81e-21	6.79e-18	2.32e-15	4.60e-13	8.83e-11	1.38e-07	1.57e-05	5.48e-04	6.31e-03	3.68e-02	9.47e-02	1.18e-01	1.55e-01	4.32e-01	1.41e-01	1.51e-02
 1.82849e+22	0.00e+00	1.22e-24	6.91e-21	9.33e-18	3.05e-15	5.75e-13	1.05e-10	1.67e-07	1.89e-05	6.50e-04	7.28e-03	4.12e-02	1.03e-01	1.23e-01	1.56e-01	4.22e-01	1.33e-01	1.38e-02
 1.83973e+22	0.00e+00	1.64e-24	9.02e-21	1.18e-17	3.72e-15	6.78e-13	1.20e-10	1.93e-07	2.17e-05	7.35e-04	8.06e-03	4.46e-02	1.09e-01	1.27e-01	1.56e-01	4.14e-01	1.27e-01	1.28e-02
 1.85100e+22	0.00e+00	2.45e-24	1.29e-20	1.62e-17	4.87e-15	8.44e-13	1.43e-10	2.33e-07	2.61e-05	8.69e-04	9.26e-03	4.97e-02	1.17e-01	1.32e-01	1.57e-01	4.03e-01	1.20e-01	1.16e-02
 1.86220e+22	0.00e+00	3.32e-24	1.70e-20	2.05e-17	5.96e-15	9.96e-13	1.62e-10	2.69e-07	2.99e-05	9.85e-04	1.03e-02	5.39e-02	1.24e-01	1.36e-01	1.57e-01	3.93e-01	1.14e-01	1.08e-02
 1.87176e+22	0.00e+00	4.48e-24	2.22e-20	2.59e-17	7.27e-15	1.17e-12	1.84e-10	3.09e-07	3.43e-05	1.11e-03	1.14e-02	5.83e-02	1.31e-01	1.40e-01	1.56e-01	3.84e-01	1.08e-01	9.97e-03
 1.88265e+22	0.00e+00	6.61e-24	3.15e-20	3.51e-17	9.40e-15	1.44e-12	2.16e-10	3.70e-07	4.08e-05	1.30e-03	1.30e-02	6.44e-02	1.40e-01	1.45e-01	1.56e-01	3.71e-01	1.01e-01	8.99e-03
 1.89357e+22	0.00e+00	8.96e-24	4.13e-20	4.45e-17	1.15e-14	1.69e-12	2.45e-10	4.25e-07	4.67e-05	1.47e-03	1.43e-02	6.95e-02	1.47e-01	1.48e-01	1.55e-01	3.61e-01	9.54e-02	8.28e-03
 1.90453e+22	0.00e+00	1.33e-23	5.87e-20	6.04e-17	1.48e-14	2.08e-12	2.87e-10	5.08e-07	5.55e-05	1.72e-03	1.63e-02	7.65e-02	1.57e-01	1.52e-01	1.54e-01	3.47e-01	8.85e-02	7.41e-03
 1.91569e+22	0.00e+00	1.82e-23	7.78e-20	7.71e-17	1.82e-14	2.45e-12	3.26e-10	5.85e-07	6.36e-05	1.95e-03	1.80e-02	8.25e-02	1.65e-01	1.55e-01	1.52e-01	3.35e-01	8.31e-02	6.76e-03
 1.92710e+22	0.00e+00	2.76e-23	1.12e-19	1.06e-16	2.38e-14	3.04e-12	3.83e-10	7.02e-07	7.58e-05	2.28e-03	2.05e-02	9.08e-02	1.75e-01	1.59e-01	1.50e-01	3.20e-01	7.63e-02	5.98e-03
 1.93853e+22	0.00e+00	3.78e-23	1.49e-19	1.35e-16	2.92e-14	3.57e-12	4.34e-10	8.05e-07	8.66e-05	2.57e-03	2.26e-02	9.74e-02	1.83e-01	1.62e-01	1.48e-01	3.08e-01	7.13e-02	5.43e-03
 1.94999e+22	0.00e+00	5.70e-23	2.15e-19	1.86e-16	3.81e-14	4.41e-12	5.09e-10	9.60e-07	1.03e-04	3.00e-03	2.56e-02	1.07e-01	1.94e-01	1.65e-01	1.45e-01	2.92e-01	6.50e-02	4.76e-03
 1.96121e+22	0.00e+00	7.67e-23	2.79e-19	2.33e-16	4.61e-14	5.14e-12	5.71e-10	1.09e-06	1.16e-04	3.34e-03	2.79e-02	1.13e-01	2.01e-01	1.66e-01	1.42e-01	2.80e-01	6.07e-02	4.32e-03
 1.97215e+22	0.00e+00	1.13e-22	3.96e-19	3.14e-16	5.92e-14	6.26e-12	6.63e-10	1.28e-06	1.35e-04	3.84e-03	3.12e-02	1.23e-01	2.11e-01	1.68e-01	1.39e-01	2.65e-01	5.52e-02	3.79e-03
 1.98308e+22	0.00e+00	1.51e-22	5.12e-19	3.93e-16	7.13e-14	7.26e-12	7.42e-10	1.44e-06	1.52e-04	4.26e-03	3.39e-02	1.30e-01	2.18e-01	1.70e-01	1.36e-01	2.54e-01	5.14e-02	3.44e-03
 1.99403e+22	0.00e+00	2.22e-22	7.19e-19	5.26e-16	9.10e-14	8.82e-12	8.58e-10	1.68e-06	1.76e-04	4.86e-03	3.76e-02	1.40e-01	2.27e-01	1.71e-01	1.32e-01	2.39e-01	4.66e-02	3.00e-03
 2.00518e+22	0.00e+00	2.99e-22	9.37e-19	6.61e-16	1.10e-13	1.03e-11	9.63e-10	1.89e-06	1.97e-04	5.37e-03	4.07e-02	1.48e-01	2.34e-01	1.71e-01	1.29e-01	2.27e-01	4.31e-02	2.70e-03
 2.01660e+22	0.00e+00	4.40e-22	1.32e-18	8.91e-16	1.42e-13	1.25e-11	1.12e-09	2.20e-06	2.27e-04	6.11e-03	4.51e-02	1.58e-01	2.42e-01	1.71e-01	1.24e-01	2.12e-01	3.88e-02	2.34e-03
 2.02822e+22	0.00e+00	5.93e-22	1.73e-18	1.12e-15	1.72e-13	1.46e-11	1.26e-09	2.47e-06	2.53e-04	6.73e-03	4.86e-02	1.66e-01	2.48e-01	1.71e-01	1.20e-01	2.01e-01	3.57e-02	2.09e-03
 2.04009e+22	0.00e+00	8.72e-22	2.44e-18	1.51e-15	2.20e-13	1.78e-11	1.46e-09	2.85e-06	2.91e-04	7.61e-03	5.35e-02	1.77e-01	2.56e-01	1.70e-01	1.16e-01	1.87e-01	3.19e-02	1.80e-03
 2.05231e+22	0.00e+00	1.19e-21	3.22e-18	1.92e-15	2.70e-13	2.10e-11	1.65e-09	3.21e-06	3.24e-04	8.38e-03	5.76e-02	1.85e-01	2.61e-01	1.68e-01	1.12e-01	1.76e-01	2.91e-02	1.59e-03
 2.06489e+22	0.00e+00	1.76e-21	4.57e-18	2.60e-15	3.48e-13	2.57e-11	1.93e-09	3.70e-06	3.71e-04	9.44e-03	6.31e-02	1.96e-01	2.68e-01	1.67e-01	1.06e-01	1.63e-01	2.59e-02	1.36e-03
 2.07721e+22	0.00e+00	2.34e-21	5.89e-18	3.24e-15	4.20e-13	2.99e-11	2.17e-09	4.11e-06	4.09e-04	1.03e-02	6.74e-02	2.04e-01	2.72e-01	1.65e-01	1.03e-01	1.54e-01	2.37e-02	1.21e-03
 2.08931e+22	0.00e+00	3.39e-21	8.20e-18	4.31e-15	5.35e-13	3.63e-11	2.52e-09	4.69e-06	4.62e-04	1.14e-02	7.31e-02	2.14e-01	2.77e-01	1.62e-01	9.77e-02	1.42e-01	2.11e-02	1.04e-03
 2.10169e+22	0.00e+00	4.52e-21	1.06e-17	5.39e-15	6.46e-13	4.23e-11	2.83e-09	5.20e-06	5.07e-04	1.24e-02	7.78e-02	2.22e-01	2.80e-01	1.60e-01	9.39e-02	1.33e-01	1.92e-02	9.18e-04
 2.11445e+22	0.00e+00	6.58e-21	1.48e-17	7.22e-15	8.27e-13	5.16e-11	3.30e-09	5.93e-06	5.72e-04	1.38e-02	8.41e-02	2.32e-01	2.84e-01	1.57e-01	8.89e-02	1.22e-01	1.69e-02	7.79e-04
 2.12754e+22	0.00e+00	8.78e-21	1.92e-17	9.05e-15	1.00e-12	6.03e-11	3.73e-09	6.57e-06	6.27e-04	1.49e-02	8.92e-02	2.40e-01	2.86e-01	1.54e-01	8.51e-02	1.14e-01	1.54e-02	6.86e-04
 2.14106e+22	0.00e+00	1.28e-20	2.70e-17	1.22e-14	1.29e-12	7.40e-11	4.37e-09	7.49e-06	7.06e-04	1.65e-02	9.62e-02	2.50e-01	2.88e-01	1.50e-01	8.01e-02	1.04e-01	1.35e-02	5.78e-04
 2.15454e+22	0.00e+00	1.70e-20	3.47e-17	1.51e-14	1.55e-12	8.61e-11	4.92e-09	8.26e-06	7.69e-04	1.78e-02	1.02e-01	2.57e-01	2.90e-01	1.46e-01	7.66e-02	9.75e-02	1.22e-02	5.09e-04
 2.16797e+22	0.00e+00	2.43e-20	4.79e-17	2.01e-14	1.98e-12	1.05e-10	5.74e-09	9.34e-06	8.58e-04	1.96e-02	1.09e-01	2.66e-01	2.90e-01	1.42e-01	7.20e-02	8.90e-02	1.07e-02	4.31e-04
 2.18174e+22	0.00e+00	3.24e-20	6.22e-17	2.52e-14	2.40e-12	1.23e-10	6.49e-09	1.03e-05	9.36e-04	2.10e-02	1.15e-01	2.73e-01	2.91e-01	1.39e-01	6.85e-02	8.26e-02	9.66e-03	3.75e-04
 2.19596e+22	0.00e+00	4.70e-20	8.67e-17	3.37e-14	3.08e-12	1.51e-10	7.61e-09	1.17e-05	1.04e-03	2.31e-02	1.22e-01	2.82e-01	2.90e-01	1.34e-01	6.40e-02	7.48e-02	8.41e-03	3.14e-04
 2.20960e+22	0.00e+00	6.01e-20	1.08e-16	4.09e-14	3.64e-12	1.73e-10	8.48e-09	1.27e-05	1.12e-03	2.46e-02	1.28e-01	2.87e-01	2.90e-01	1.30e-01	6.11e-02	7.00e-02	7.65e-03	2.78e-04
 2.22250e+22	0.00e+00	8.32e-20	1.45e-16	5.29e-14	4.53e-12	2.07e-10	9.77e-09	1.42e-05	1.24e-03	2.66e-02	1.35e-01	2.94e-01	2.88e-01	1.26e-01	5.74e-02	6.40e-02	6.75e-03	2.37e-04
 2.23568e+22	0.00e+00	1.07e-19	1.83e-16	6.47e-14	5.39e-12	2.39e-10	1.09e-08	1.55e-05	1.33e-03	2.82e-02	1.41e-01	3.00e-01	2.87e-01	1.22e-01	5.46e-02	5.95e-02	6.11e-03	2.09e-04
 2.24925e+22	0.00e+00	1.50e-19	2.47e-16	8.42e-14	6.76e-12	2.87e-10	1.27e-08	1.73e-05	1.46e-03	3.06e-02	1.49e-01	3.06e-01	2.85e-01	1.18e-01	5.11e-02	5.41e-02	5.34e-03	1.76e-04
 2.26296e+22	0.00e+00	1.92e-19	3.09e-16	1.03e-13	8.02e-12	3.31e-10	1.42e-08	1.89e-05	1.57e-03	3.24e-02	1.55e-01	3.11e-01	2.83e-01	1.14e-01	4.85e-02	5.03e-02	4.83e-03	1.55e-04
 2.27683e+22	0.00e+00	2.68e-19	4.17e-16	1.33e-13	1.01e-11	3.99e-10	1.64e-08	2.11e-05	1.72e-03	3.50e-02	1.63e-01	3.17e-01	2.79e-01	1.09e-01	4.52e-02	4.55e-02	4.21e-03	1.30e-04
 2.29093e+22	3.69e-33	3.44e-19	5.23e-16	1.63e-13	1.19e-11	4.60e-10	1.84e-08	2.30e-05	1.85e-03	3.70e-02	1.70e-01	3.21e-01	2.77e-01	1.05e-01	4.28e-02	4.22e-02	3.79e-03	1.14e-04
 2.30531e+22	5.27e-33	4.77e-19	7.03e-16	2.11e-13	1.50e-11	5.54e-10	2.13e-08	2.57e-05	2.03e-03	3.99e-02	1.78e-01	3.26e-01	2.72e-01	1.01e-01	3.98e-02	3.81e-02	3.30e-03	9.55e-05
 2.31945e+22	6.82e-33	6.04e-19	8.70e-16	2.55e-13	1.76e-11	6.34e-10	2.38e-08	2.79e-05	2.17e-03	4.20e-02	1.84e-01	3.29e-01	2.69e-01	9.73e-02	3.77e-02	3.54e-02	2.98e-03	8.40e-05
 2.33328e+22	9.56e-33	8.23e-19	1.15e-15	3.27e-13	2.18e-11	7.58e-10	2.73e-08	3.10e-05	2.37e-03	4.50e-02	1.93e-01	3.33e-01	2.65e-01	9.28e-02	3.51e-02	3.20e-02	2.61e-03	7.08e-05
 2.34727e+22	1.23e-32	1.04e-18	1.42e-15	3.94e-13	2.56e-11	8.67e-10	3.05e-08	3.36e-05	2.53e-03	4.73e-02	1.99e-01	3.35e-01	2.61e-01	8.95e-02	3.32e-02	2.97e-02	2.35e-03	6.22e-05
 2.36148e+22	1.73e-32	1.41e-18	1.88e-15	5.04e-13	3.18e-11	1.04e-09	3.51e-08	3.74e-05	2.75e-03	5.06e-02	2.07e-01	3.38e-01	2.56e-01	8.51e-02	3.08e-02	2.68e-02	2.05e-03	5.23e-05
 2.37596e+22	2.23e-32	1.79e-18	2.33e-15	6.10e-13	3.75e-11	1.19e-09	3.93e-08	4.06e-05	2.94e-03	5.32e-02	2.14e-01	3.41e-01	2.52e-01	8.18e-02	2.90e-02	2.48e-02	1.84e-03	4.57e-05
 2.39077e+22	3.13e-32	2.45e-18	3.10e-15	7.83e-13	4.66e-11	1.43e-09	4.54e-08	4.52e-05	3.20e-03	5.68e-02	2.23e-01	3.43e-01	2.46e-01	7.75e-02	2.68e-02	2.23e-02	1.59e-03	3.81e-05
 2.40586e+22	4.07e-32	3.12e-18	3.86e-15	9.51e-13	5.52e-11	1.64e-09	5.09e-08	4.93e-05	3.42e-03	5.98e-02	2.30e-01	3.44e-01	2.41e-01	7.42e-02	2.52e-02	2.05e-02	1.43e-03	3.32e-05
 2.42131e+22	5.73e-32	4.27e-18	5.14e-15	1.23e-12	6.88e-11	1.98e-09	5.91e-08	5.50e-05	3.73e-03	6.38e-02	2.39e-01	3.46e-01	2.35e-01	7.01e-02	2.32e-02	1.83e-02	1.23e-03	2.75e-05
 2.43707e+22	7.49e-32	5.46e-18	6.42e-15	1.49e-12	8.18e-11	2.29e-09	6.65e-08	6.01e-05	4.00e-03	6.71e-02	2.46e-01	3.46e-01	2.30e-01	6.69e-02	2.18e-02	1.68e-02	1.09e-03	2.38e-05
 2.45325e+22	1.06e-31	7.50e-18	8.57e-15	1.93e-12	1.02e-10	2.76e-09	7.73e-08	6.72e-05	4.36e-03	7.15e-02	2.55e-01	3.47e-01	2.23e-01	6.29e-02	2.00e-02	1.50e-02	9.39e-04	1.97e-05
 2.46989e+22	1.40e-31	9.70e-18	1.08e-14	2.38e-12	1.23e-10	3.22e-09	8.76e-08	7.37e-05	4.68e-03	7.53e-02	2.63e-01	3.47e-01	2.18e-01	5.98e-02	1.86e-02	1.36e-02	8.28e-04	1.68e-05
 2.48712e+22	2.00e-31	1.34e-17	1.46e-14	3.10e-12	1.55e-10	3.91e-09	1.03e-07	8.29e-05	5.12e-03	8.03e-02	2.72e-01	3.46e-01	2.10e-01	5.59e-02	1.70e-02	1.21e-02	7.05e-04	1.38e-05
 2.50387e+22	2.58e-31	1.70e-17	1.80e-14	3.74e-12	1.82e-10	4.49e-09	1.15e-07	9.02e-05	5.47e-03	8.41e-02	2.79e-01	3.46e-01	2.05e-01	5.33e-02	1.59e-02	1.11e-02	6.29e-04	1.20e-05
 2.51998e+22	3.61e-31	2.30e-17	2.38e-14	4.80e-12	2.27e-10	5.39e-09	1.33e-07	1.01e-04	5.94e-03	8.92e-02	2.88e-01	3.44e-01	1.98e-01	4.98e-02	1.45e-02	9.85e-03	5.39e-04	9.87e-06
 2.53641e+22	4.68e-31	2.92e-17	2.96e-14	5.82e-12	2.68e-10	6.22e-09	1.49e-07	1.10e-04	6.34e-03	9.33e-02	2.95e-01	3.43e-01	1.92e-01	4.73e-02	1.35e-02	8.99e-03	4.78e-04	8.51e-06
 2.55326e+22	6.47e-31	3.92e-17	3.87e-14	7.39e-12	3.31e-10	7.42e-09	1.73e-07	1.22e-04	6.87e-03	9.87e-02	3.03e-01	3.41e-01	1.86e-01	4.43e-02	1.24e-02	8.02e-03	4.11e-04	7.07e-06
 2.57105e+22	8.74e-31	5.14e-17	4.95e-14	9.22e-12	4.01e-10	8.74e-09	1.97e-07	1.35e-04	7.40e-03	1.04e-01	3.11e-01	3.38e-01	1.79e-01	4.16e-02	1.14e-02	7.20e-03	3.57e-04	5.94e-06
 2.58739e+22	1.15e-30	6.62e-17	6.24e-14	1.13e-11	4.81e-10	1.02e-08	2.23e-07	1.48e-04	7.92e-03	1.09e-01	3.18e-01	3.36e-01	1.73e-01	3.92e-02	1.05e-02	6.51e-03	3.13e-04	5.05e-06
 2.60595e+22	1.63e-30	9.06e-17	8.32e-14	1.46e-11	6.02e-10	1.23e-08	2.61e-07	1.66e-04	8.63e-03	1.15e-01	3.26e-01	3.32e-01	1.66e-01	3.63e-02	9.54e-03	5.73e-03	2.65e-04	4.11e-06
 2.62561e+22	2.26e-30	1.21e-16	1.09e-13	1.86e-11	7.42e-10	1.47e-08	3.01e-07	1.85e-04	9.34e-03	1.21e-01	3.34e-01	3.28e-01	1.59e-01	3.38e-02	8.69e-03	5.08e-03	2.27e-04	3.39e-06
 2.64384e+22	3.06e-30	1.60e-16	1.40e-13	2.32e-11	9.02e-10	1.73e-08	3.45e-07	2.05e-04	1.01e-02	1.27e-01	3.41e-01	3.24e-01	1.53e-01	3.16e-02	7.95e-03	4.54e-03	1.95e-04	2.83e-06
 2.66157e+22	4.10e-30	2.07e-16	1.77e-13	2.87e-11	1.09e-09	2.03e-08	3.92e-07	2.25e-04	1.08e-02	1.33e-01	3.48e-01	3.20e-01	1.47e-01	2.95e-02	7.30e-03	4.07e-03	1.70e-04	2.38e-06
 2.68155e+22	5.89e-30	2.88e-16	2.39e-13	3.76e-11	1.37e-09	2.48e-08	4.61e-07	2.54e-04	1.18e-02	1.41e-01	3.56e-01	3.15e-01	1.39e-01	2.71e-02	6.53e-03	3.54e-03	1.42e-04	1.91e-06
 2.70180e+22	8.03e-30	3.79e-16	3.08e-13	4.71e-11	1.68e-09	2.93e-08	5.29e-07	2.81e-04	1.27e-02	1.48e-01	3.62e-01	3.10e-01	1.33e-01	2.52e-02	5.95e-03	3.14e-03	1.21e-04	1.58e-06
 2.71937e+22	1.07e-29	4.89e-16	3.89e-13	5.80e-11	2.01e-09	3.42e-08	6.01e-07	3.09e-04	1.35e-02	1.54e-01	3.68e-01	3.05e-01	1.28e-01	2.35e-02	5.44e-03	2.80e-03	1.05e-04	1.32e-06
 2.73921e+22	1.52e-29	6.72e-16	5.20e-13	7.52e-11	2.53e-09	4.15e-08	7.03e-07	3.47e-04	1.47e-02	1.62e-01	3.75e-01	2.98e-01	1.21e-01	2.15e-02	4.87e-03	2.44e-03	8.76e-05	1.06e-06
 2.75978e+22	2.07e-29	8.90e-16	6.72e-13	9.46e-11	3.09e-09	4.92e-08	8.08e-07	3.84e-04	1.58e-02	1.70e-01	3.81e-01	2.92e-01	1.15e-01	1.98e-02	4.40e-03	2.15e-03	7.45e-05	8.69e-07
 2.77822e+22	2.76e-29	1.15e-15	8.52e-13	1.17e-10	3.72e-09	5.76e-08	9.19e-07	4.23e-04	1.69e-02	1.77e-01	3.85e-01	2.87e-01	1.09e-01	1.84e-02	4.01e-03	1.91e-03	6.40e-05	7.23e-07
 2.79910e+22	4.01e-29	1.62e-15	1.16e-12	1.54e-10	4.74e-09	7.07e-08	1.09e-06	4.78e-04	1.84e-02	1.86e-01	3.92e-01	2.79e-01	1.02e-01	1.66e-02	3.54e-03	1.63e-03	5.24e-05	5.66e-07
 2.82046e+22	5.46e-29	2.14e-15	1.50e-12	1.94e-10	5.81e-09	8.39e-08	1.25e-06	5.29e-04	1.98e-02	1.95e-01	3.96e-01	2.72e-01	9.69e-02	1.53e-02	3.19e-03	1.43e-03	4.42e-05	4.60e-07
 2.83953e+22	7.31e-29	2.79e-15	1.91e-12	2.41e-10	7.03e-09	9.86e-08	1.43e-06	5.83e-04	2.12e-02	2.02e-01	4.00e-01	2.65e-01	9.18e-02	1.41e-02	2.88e-03	1.26e-03	3.77e-05	3.79e-07
 2.86142e+22	1.08e-28	3.97e-15	2.64e-12	3.22e-10	9.08e-09	1.23e-07	1.71e-06	6.64e-04	2.32e-02	2.13e-01	4.05e-01	2.56e-01	8.52e-02	1.26e-02	2.51e-03	1.06e-03	3.02e-05	2.89e-07
 2.88348e+22	1.44e-28	5.20e-15	3.38e-12	4.02e-10	1.10e-08	1.45e-07	1.95e-06	7.32e-04	2.48e-02	2.22e-01	4.09e-01	2.49e-01	8.04e-02	1.15e-02	2.26e-03	9.29e-04	2.55e-05	2.36e-07
 2.90576e+22	2.12e-28	7.40e-15	4.69e-12	5.39e-10	1.43e-08	1.80e-07	2.34e-06	8.34e-04	2.71e-02	2.33e-01	4.13e-01	2.39e-01	7.41e-02	1.02e-02	1.96e-03	7.75e-04	2.03e-05	1.79e-07
 2.92829e+22	2.84e-28	9.74e-15	6.03e-12	6.75e-10	1.74e-08	2.13e-07	2.69e-06	9.22e-04	2.90e-02	2.42e-01	4.15e-01	2.32e-01	6.96e-02	9.30e-03	1.75e-03	6.74e-04	1.70e-05	1.44e-07
 2.95116e+22	4.16e-28	1.39e-14	8.38e-12	9.08e-10	2.27e-08	2.67e-07	3.23e-06	1.05e-03	3.17e-02	2.55e-01	4.17e-01	2.21e-01	6.37e-02	8.19e-03	1.50e-03	5.57e-04	1.33e-05	0.00e+00
 2.97436e+22	5.58e-28	1.84e-14	1.08e-11	1.14e-09	2.78e-08	3.17e-07	3.72e-06	1.17e-03	3.40e-02	2.64e-01	4.19e-01	2.13e-01	5.95e-02	7.41e-03	1.34e-03	4.81e-04	1.11e-05	0.00e+00
 2.99386e+22	7.28e-28	2.37e-14	1.37e-11	1.41e-09	3.36e-08	3.73e-07	4.26e-06	1.28e-03	3.62e-02	2.73e-01	4.19e-01	2.06e-01	5.57e-02	6.73e-03	1.19e-03	4.17e-04	9.24e-06	0.00e+00
 3.01225e+22	9.41e-28	3.02e-14	1.71e-11	1.73e-09	4.02e-08	4.35e-07	4.84e-06	1.41e-03	3.85e-02	2.82e-01	4.20e-01	1.99e-01	5.22e-02	6.14e-03	1.07e-03	3.64e-04	7.79e-06	0.00e+00
 3.03332e+22	1.31e-27	4.16e-14	2.31e-11	2.27e-09	5.13e-08	5.36e-07	5.75e-06	1.59e-03	4.17e-02	2.94e-01	4.20e-01	1.89e-01	4.76e-02	5.40e-03	9.21e-04	3.02e-04	6.14e-06	0.00e+00
 3.05442e+22	1.68e-27	5.29e-14	2.88e-11	2.78e-09	6.14e-08	6.25e-07	6.53e-06	1.74e-03	4.43e-02	3.03e-01	4.19e-01	1.81e-01	4.45e-02	4.90e-03	8.24e-04	2.63e-04	5.16e-06	0.00e+00
 3.07554e+22	2.30e-27	7.23e-14	3.86e-11	3.62e-09	7.81e-08	7.69e-07	7.77e-06	1.97e-03	4.80e-02	3.15e-01	4.17e-01	1.72e-01	4.05e-02	4.29e-03	7.07e-04	2.17e-04	4.04e-06	0.00e+00
 3.09709e+22	2.95e-27	9.26e-14	4.87e-11	4.48e-09	9.45e-08	9.07e-07	8.92e-06	2.17e-03	5.11e-02	3.25e-01	4.15e-01	1.64e-01	3.74e-02	3.85e-03	6.25e-04	1.86e-04	3.33e-06	0.00e+00
 3.11919e+22	4.03e-27	1.27e-13	6.55e-11	5.88e-09	1.21e-07	1.12e-06	1.07e-05	2.46e-03	5.54e-02	3.38e-01	4.12e-01	1.54e-01	3.37e-02	3.34e-03	5.30e-04	1.51e-04	2.57e-06	0.00e+00
 3.14183e+22	5.17e-27	1.63e-13	8.32e-11	7.33e-09	1.48e-07	1.34e-06	1.24e-05	2.72e-03	5.91e-02	3.49e-01	4.09e-01	1.46e-01	3.09e-02	2.97e-03	4.63e-04	1.28e-04	2.08e-06	0.00e+00
 3.16515e+22	7.04e-27	2.25e-13	1.13e-10	9.71e-09	1.91e-07	1.67e-06	1.50e-05	3.11e-03	6.43e-02	3.62e-01	4.04e-01	1.36e-01	2.75e-02	2.53e-03	3.88e-04	1.02e-04	1.58e-06	0.00e+00
 3.18889e+22	8.94e-27	2.90e-13	1.43e-10	1.21e-08	2.35e-07	2.00e-06	1.74e-05	3.46e-03	6.88e-02	3.73e-01	3.99e-01	1.28e-01	2.51e-02	2.23e-03	3.35e-04	8.53e-05	1.26e-06	0.00e+00
 3.21311e+22	1.18e-26	3.98e-13	1.95e-10	1.62e-08	3.06e-07	2.52e-06	2.13e-05	3.98e-03	7.50e-02	3.87e-01	3.92e-01	1.18e-01	2.20e-02	1.88e-03	2.77e-04	6.71e-05	9.31e-07	0.00e+00
 3.23747e+22	1.48e-26	5.07e-13	2.46e-10	2.01e-08	3.75e-07	3.02e-06	2.49e-05	4.43e-03	8.01e-02	3.98e-01	3.85e-01	1.11e-01	1.99e-02	1.64e-03	2.38e-04	5.55e-05	7.36e-07	0.00e+00
 3.26115e+22	1.88e-26	6.73e-13	3.25e-10	2.62e-08	4.80e-07	3.76e-06	3.01e-05	5.05e-03	8.68e-02	4.10e-01	3.77e-01	1.02e-01	1.75e-02	1.38e-03	1.97e-04	4.39e-05	5.50e-07	0.00e+00
 3.28510e+22	2.32e-26	8.49e-13	4.08e-10	3.26e-08	5.90e-07	4.51e-06	3.53e-05	5.64e-03	9.27e-02	4.21e-01	3.69e-01	9.47e-02	1.57e-02	1.20e-03	1.68e-04	3.60e-05	4.29e-07	0.00e+00
 3.30687e+22	2.78e-26	1.06e-12	5.09e-10	4.03e-08	7.20e-07	5.39e-06	4.13e-05	6.28e-03	9.89e-02	4.31e-01	3.61e-01	8.80e-02	1.41e-02	1.04e-03	1.43e-04	2.95e-05	3.36e-07	0.00e+00
 3.32757e+22	3.31e-26	1.29e-12	6.21e-10	4.88e-08	8.63e-07	6.34e-06	4.77e-05	6.93e-03	1.05e-01	4.39e-01	3.53e-01	8.22e-02	1.27e-02	9.08e-04	1.23e-04	2.46e-05	2.68e-07	0.00e+00
 3.34976e+22	4.01e-26	1.63e-12	7.88e-10	6.15e-08	1.08e-06	7.74e-06	5.70e-05	7.82e-03	1.13e-01	4.50e-01	3.42e-01	7.52e-02	1.12e-02	7.68e-04	1.03e-04	1.95e-05	2.02e-07	0.00e+00
 3.37167e+22	4.69e-26	1.96e-12	9.48e-10	7.36e-08	1.28e-06	9.03e-06	6.54e-05	8.58e-03	1.19e-01	4.57e-01	3.34e-01	7.02e-02	1.01e-02	6.73e-04	8.88e-05	1.63e-05	1.61e-07	0.00e+00
 3.39373e+22	5.62e-26	2.44e-12	1.19e-09	9.23e-08	1.59e-06	1.10e-05	7.81e-05	9.68e-03	1.27e-01	4.67e-01	3.23e-01	6.39e-02	8.83e-03	5.67e-04	7.34e-05	1.29e-05	1.21e-07	0.00e+00
 3.41577e+22	6.54e-26	2.89e-12	1.42e-09	1.10e-07	1.88e-06	1.28e-05	8.93e-05	1.06e-02	1.34e-01	4.73e-01	3.14e-01	5.95e-02	7.96e-03	4.96e-04	6.35e-05	1.08e-05	0.00e+00	0.00e+00
 3.43790e+22	7.79e-26	3.56e-12	1.78e-09	1.37e-07	2.32e-06	1.55e-05	1.06e-04	1.19e-02	1.44e-01	4.81e-01	3.02e-01	5.40e-02	6.94e-03	4.17e-04	5.24e-05	8.51e-06	0.00e+00	0.00e+00
 3.46005e+22	9.03e-26	4.18e-12	2.10e-09	1.61e-07	2.73e-06	1.79e-05	1.22e-04	1.31e-02	1.51e-01	4.86e-01	2.93e-01	5.01e-02	6.25e-03	3.65e-04	4.52e-05	7.11e-06	0.00e+00	0.00e+00
 3.48223e+22	1.07e-25	5.09e-12	2.61e-09	1.99e-07	3.35e-06	2.16e-05	1.44e-04	1.47e-02	1.61e-01	4.92e-01	2.81e-01	4.53e-02	5.44e-03	3.06e-04	3.73e-05	5.61e-06	0.00e+00	0.00e+00
 3.50450e+22	1.25e-25	5.93e-12	3.07e-09	2.35e-07	3.92e-06	2.50e-05	1.64e-04	1.60e-02	1.69e-01	4.96e-01	2.72e-01	4.20e-02	4.89e-03	2.67e-04	3.21e-05	4.68e-06	0.00e+00	0.00e+00
 3.52690e+22	1.49e-25	7.15e-12	3.78e-09	2.88e-07	4.80e-06	3.00e-05	1.95e-04	1.79e-02	1.79e-01	5.01e-01	2.59e-01	3.78e-02	4.25e-03	2.24e-04	2.64e-05	3.68e-06	0.00e+00	0.00e+00
 3.54946e+22	1.74e-25	8.30e-12	4.45e-09	3.38e-07	5.61e-06	3.45e-05	2.22e-04	1.95e-02	1.88e-01	5.04e-01	2.50e-01	3.49e-02	3.81e-03	1.95e-04	2.27e-05	3.06e-06	0.00e+00	0.00e+00
 3.57223e+22	2.10e-25	9.96e-12	5.46e-09	4.15e-07	6.84e-06	4.14e-05	2.62e-04	2.18e-02	1.99e-01	5.06e-01	2.38e-01	3.14e-02	3.30e-03	1.63e-04	1.87e-05	2.41e-06	0.00e+00	0.00e+00
 3.59530e+22	2.47e-25	1.15e-11	6.42e-09	4.87e-07	7.99e-06	4.76e-05	2.99e-04	2.38e-02	2.08e-01	5.08e-01	2.28e-01	2.88e-02	2.95e-03	1.42e-04	1.60e-05	1.99e-06	0.00e+00	0.00e+00
 3.61875e+22	3.02e-25	1.38e-11	7.88e-09	5.96e-07	9.75e-06	5.71e-05	3.54e-04	2.66e-02	2.20e-01	5.09e-01	2.16e-01	2.58e-02	2.54e-03	1.18e-04	1.30e-05	1.55e-06	0.00e+00	0.00e+00
 3.64257e+22	3.61e-25	1.60e-11	9.29e-09	7.01e-07	1.14e-05	6.57e-05	4.03e-04	2.89e-02	2.29e-01	5.09e-01	2.07e-01	2.36e-02	2.26e-03	1.02e-04	1.11e-05	1.28e-06	0.00e+00	0.00e+00
 3.66684e+22	4.48e-25	1.91e-11	1.14e-08	8.60e-07	1.39e-05	7.88e-05	4.77e-04	3.23e-02	2.42e-01	5.07e-01	1.95e-01	2.09e-02	1.93e-03	8.40e-05	8.99e-06	9.92e-07	0.00e+00	0.00e+00
 3.69164e+22	5.44e-25	2.23e-11	1.36e-08	1.01e-06	1.63e-05	9.08e-05	5.44e-04	3.52e-02	2.52e-01	5.06e-01	1.85e-01	1.91e-02	1.71e-03	7.23e-05	7.63e-06	8.13e-07	0.00e+00	0.00e+00
 3.71710e+22	6.92e-25	2.68e-11	1.68e-08	1.25e-06	2.00e-05	1.09e-04	6.46e-04	3.93e-02	2.66e-01	5.02e-01	1.73e-01	1.68e-02	1.46e-03	5.92e-05	6.12e-06	6.23e-07	0.00e+00	0.00e+00
 3.74280e+22	8.50e-25	3.13e-11	2.00e-08	1.48e-06	2.34e-05	1.26e-04	7.35e-04	4.27e-02	2.76e-01	4.99e-01	1.64e-01	1.53e-02	1.29e-03	5.08e-05	5.18e-06	5.09e-07	0.00e+00	0.00e+00
 3.76464e+22	1.02e-24	3.59e-11	2.34e-08	1.72e-06	2.70e-05	1.43e-04	8.29e-04	4.61e-02	2.86e-01	4.95e-01	1.56e-01	1.39e-02	1.15e-03	4.40e-05	4.42e-06	4.21e-07	0.00e+00	0.00e+00
 3.78886e+22	1.31e-24	4.29e-11	2.87e-08	2.09e-06	3.25e-05	1.69e-04	9.68e-04	5.09e-02	2.99e-01	4.90e-01	1.46e-01	1.23e-02	9.83e-04	3.65e-05	3.59e-06	3.28e-07	0.00e+00	0.00e+00
 3.81209e+22	1.57e-24	4.87e-11	3.31e-08	2.39e-06	3.70e-05	1.89e-04	1.07e-03	5.43e-02	3.07e-01	4.85e-01	1.39e-01	1.13e-02	8.85e-04	3.21e-05	3.12e-06	2.77e-07	0.00e+00	0.00e+00
 3.83403e+22	1.97e-24	5.72e-11	3.97e-08	2.85e-06	4.36e-05	2.19e-04	1.23e-03	5.92e-02	3.19e-01	4.79e-01	1.31e-01	1.02e-02	7.71e-04	2.70e-05	2.59e-06	2.21e-07	0.00e+00	0.00e+00
 3.85627e+22	2.38e-24	6.52e-11	4.60e-08	3.27e-06	4.96e-05	2.46e-04	1.37e-03	6.32e-02	3.28e-01	4.73e-01	1.24e-01	9.30e-03	6.91e-04	2.37e-05	2.24e-06	1.85e-07	0.00e+00	0.00e+00
 3.87889e+22	3.01e-24	7.65e-11	5.55e-08	3.91e-06	5.86e-05	2.85e-04	1.57e-03	6.89e-02	3.39e-01	4.65e-01	1.16e-01	8.27e-03	5.98e-04	1.98e-05	1.84e-06	1.47e-07	0.00e+00	0.00e+00
 3.90165e+22	3.68e-24	8.79e-11	6.45e-08	4.50e-06	6.67e-05	3.19e-04	1.74e-03	7.34e-02	3.47e-01	4.59e-01	1.10e-01	7.57e-03	5.36e-04	1.74e-05	1.59e-06	0.00e+00	0.00e+00	0.00e+00
 3.92458e+22	4.71e-24	1.04e-10	7.80e-08	5.37e-06	7.87e-05	3.69e-04	1.99e-03	7.97e-02	3.59e-01	4.50e-01	1.02e-01	6.71e-03	4.63e-04	1.45e-05	1.31e-06	0.00e+00	0.00e+00	0.00e+00
 3.94780e+22	5.82e-24	1.20e-10	9.11e-08	6.20e-06	8.96e-05	4.13e-04	2.20e-03	8.48e-02	3.67e-01	4.42e-01	9.67e-02	6.12e-03	4.14e-04	1.27e-05	1.13e-06	0.00e+00	0.00e+00	0.00e+00
 3.97139e+22	7.55e-24	1.42e-10	1.11e-07	7.43e-06	1.06e-04	4.78e-04	2.52e-03	9.20e-02	3.78e-01	4.32e-01	8.95e-02	5.40e-03	3.56e-04	1.05e-05	9.22e-07	0.00e+00	0.00e+00	0.00e+00
 3.99535e+22	9.43e-24	1.65e-10	1.30e-07	8.60e-06	1.21e-04	5.35e-04	2.78e-03	9.78e-02	3.86e-01	4.24e-01	8.42e-02	4.90e-03	3.17e-04	9.15e-06	7.89e-07	0.00e+00	0.00e+00	0.00e+00
 4.01976e+22	1.24e-23	1.98e-10	1.59e-07	1.04e-05	1.43e-04	6.20e-04	3.19e-03	1.06e-01	3.96e-01	4.12e-01	7.76e-02	4.30e-03	2.71e-04	7.56e-06	6.42e-07	0.00e+00	0.00e+00	0.00e+00
 4.04462e+22	1.57e-23	2.33e-10	1.89e-07	1.21e-05	1.64e-04	6.96e-04	3.53e-03	1.13e-01	4.03e-01	4.03e-01	7.27e-02	3.89e-03	2.40e-04	6.52e-06	5.46e-07	0.00e+00	0.00e+00	0.00e+00
 4.07004e+22	2.10e-23	2.82e-10	2.33e-07	1.46e-05	1.95e-04	8.08e-04	4.04e-03	1.22e-01	4.13e-01	3.90e-01	6.65e-02	3.39e-03	2.03e-04	5.35e-06	4.40e-07	0.00e+00	0.00e+00	0.00e+00
 4.09601e+22	2.71e-23	3.36e-10	2.79e-07	1.72e-05	2.24e-04	9.08e-04	4.47e-03	1.29e-01	4.20e-01	3.80e-01	6.20e-02	3.04e-03	1.79e-04	4.59e-06	3.72e-07	0.00e+00	0.00e+00	0.00e+00
 4.12270e+22	3.69e-23	4.11e-10	3.48e-07	2.10e-05	2.68e-04	1.06e-03	5.13e-03	1.40e-01	4.29e-01	3.66e-01	5.62e-02	2.62e-03	1.50e-04	3.72e-06	2.96e-07	0.00e+00	0.00e+00	0.00e+00
 4.14950e+22	4.78e-23	4.90e-10	4.16e-07	2.46e-05	3.08e-04	1.19e-03	5.67e-03	1.48e-01	4.35e-01	3.55e-01	5.22e-02	2.35e-03	1.32e-04	3.18e-06	2.49e-07	0.00e+00	0.00e+00	0.00e+00
 4.17644e+22	6.59e-23	6.08e-10	5.22e-07	3.01e-05	3.68e-04	1.38e-03	6.48e-03	1.60e-01	4.42e-01	3.41e-01	4.72e-02	2.02e-03	1.11e-04	2.57e-06	1.98e-07	0.00e+00	0.00e+00	0.00e+00
 4.20376e+22	8.63e-23	7.31e-10	6.28e-07	3.55e-05	4.23e-04	1.55e-03	7.15e-03	1.69e-01	4.47e-01	3.30e-01	4.37e-02	1.80e-03	9.68e-05	2.19e-06	1.66e-07	0.00e+00	0.00e+00	0.00e+00
 4.22744e+22	1.11e-22	8.67e-10	7.48e-07	4.14e-05	4.83e-04	1.73e-03	7.87e-03	1.78e-01	4.51e-01	3.19e-01	4.04e-02	1.61e-03	8.48e-05	1.86e-06	1.40e-07	0.00e+00	0.00e+00	0.00e+00
 4.25407e+22	1.54e-22	1.08e-09	9.37e-07	5.06e-05	5.74e-04	2.00e-03	8.90e-03	1.91e-01	4.56e-01	3.04e-01	3.64e-02	1.39e-03	7.12e-05	1.51e-06	0.00e+00	0.00e+00	0.00e+00	0.00e+00
 4.28095e+22	2.01e-22	1.30e-09	1.12e-06	5.93e-05	6.56e-04	2.23e-03	9.75e-03	2.00e-01	4.59e-01	2.93e-01	3.36e-02	1.24e-03	6.24e-05	1.29e-06	0.00e+00	0.00e+00	0.00e+00	0.00e+00
 4.30344e+22	2.55e-22	1.53e-09	1.32e-06	6.83e-05	7.39e-04	2.45e-03	1.06e-02	2.09e-01	4.61e-01	2.84e-01	3.12e-02	1.11e-03	5.52e-05	1.11e-06	0.00e+00	0.00e+00	0.00e+00	0.00e+00
 4.32792e+22	3.46e-22	1.89e-09	1.62e-06	8.20e-05	8.62e-04	2.78e-03	1.18e-02	2.22e-01	4.63e-01	2.70e-01	2.82e-02	9.67e-04	4.69e-05	9.17e-07	0.00e+00	0.00e+00	0.00e+00	0.00e+00
 4.35219e+22	4.40e-22	2.23e-09	1.91e-06	9.43e-05	9.68e-04	3.06e-03	1.28e-02	2.31e-01	4.64e-01	2.61e-01	2.62e-02	8.72e-04	4.16e-05	7.94e-07	0.00e+00	0.00e+00	0.00e+00	0.00e+00
 4.37618e+22	5.93e-22	2.75e-09	2.33e-06	1.12e-04	1.12e-03	3.43e-03	1.40e-02	2.42e-01	4.65e-01	2.49e-01	2.39e-02	7.65e-04	3.57e-05	6.63e-07	0.00e+00	0.00e+00	0.00e+00	0.00e+00
 4.40115e+22	7.72e-22	3.29e-09	2.77e-06	1.31e-04	1.27e-03	3.81e-03	1.53e-02	2.53e-01	4.65e-01	2.39e-01	2.18e-02	6.77e-04	3.11e-05	5.61e-07	0.00e+00	0.00e+00	0.00e+00	0.00e+00
 4.42338e+22	9.92e-22	3.92e-09	3.27e-06	1.51e-04	1.43e-03	4.18e-03	1.65e-02	2.63e-01	4.64e-01	2.29e-01	2.02e-02	6.08e-04	2.74e-05	4.83e-07	0.00e+00	0.00e+00	0.00e+00	0.00e+00
 4.44825e+22	1.36e-21	4.89e-09	4.03e-06	1.80e-04	1.65e-03	4.70e-03	1.81e-02	2.75e-01	4.63e-01	2.18e-01	1.82e-02	5.30e-04	2.34e-05	4.01e-07	0.00e+00	0.00e+00	0.00e+00	0.00e+00
 4.47449e+22	1.81e-21	5.99e-09	4.86e-06	2.12e-04	1.89e-03	5.22e-03	1.98e-02	2.87e-01	4.61e-01	2.07e-01	1.66e-02	4.66e-04	2.02e-05	3.36e-07	0.00e+00	0.00e+00	0.00e+00	0.00e+00
 4.49837e+22	2.37e-21	7.24e-09	5.80e-06	2.47e-04	2.14e-03	5.76e-03	2.14e-02	2.98e-01	4.59e-01	1.98e-01	1.52e-02	4.14e-04	1.76e-05	2.85e-07	0.00e+00	0.00e+00	0.00e+00	0.00e+00
 4.52527e+22	3.36e-21	9.25e-09	7.27e-06	3.00e-04	2.50e-03	6.51e-03	2.35e-02	3.12e-01	4.55e-01	1.86e-01	1.35e-02	3.55e-04	1.48e-05	2.32e-07	0.00e+00	0.00e+00	0.00e+00	0.00e+00
 4.55300e+22	4.52e-21	1.14e-08	8.80e-06	3.54e-04	2.85e-03	7.22e-03	2.55e-02	3.24e-01	4.51e-01	1.76e-01	1.22e-02	3.11e-04	1.27e-05	1.94e-07	0.00e+00	0.00e+00	0.00e+00	0.00e+00
 4.57799e+22	6.04e-21	1.40e-08	1.06e-05	4.15e-04	3.24e-03	7.97e-03	2.76e-02	3.35e-01	4.47e-01	1.67e-01	1.11e-02	2.73e-04	1.09e-05	1.63e-07	0.00e+00	0.00e+00	0.00e+00	0.00e+00
 4.60663e+22	8.77e-21	1.83e-08	1.35e-05	5.09e-04	3.81e-03	9.03e-03	3.04e-02	3.50e-01	4.41e-01	1.56e-01	9.77e-03	2.32e-04	9.05e-06	1.30e-07	0.00e+00	0.00e+00	0.00e+00	0.00e+00
 4.63569e+22	1.19e-20	2.27e-08	1.64e-05	6.01e-04	4.34e-03	1.00e-02	3.28e-02	3.62e-01	4.35e-01	1.47e-01	8.78e-03	2.02e-04	7.73e-06	0.00e+00	0.00e+00	0.00e+00	0.00e+00	0.00e+00
 4.66142e+22	1.61e-20	2.82e-08	1.98e-05	7.06e-04	4.94e-03	1.10e-02	3.54e-02	3.73e-01	4.28e-01	1.38e-01	7.91e-03	1.77e-04	6.63e-06	0.00e+00	0.00e+00	0.00e+00	0.00e+00	0.00e+00
 4.69101e+22	2.37e-20	3.71e-08	2.53e-05	8.68e-04	5.80e-03	1.25e-02	3.88e-02	3.87e-01	4.20e-01	1.28e-01	6.91e-03	1.49e-04	5.44e-06	0.00e+00	0.00e+00	0.00e+00	0.00e+00	0.00e+00
 4.72115e+22	3.26e-20	4.67e-08	3.09e-05	1.03e-03	6.62e-03	1.38e-02	4.18e-02	3.99e-01	4.12e-01	1.20e-01	6.17e-03	1.29e-04	4.61e-06	0.00e+00	0.00e+00	0.00e+00	0.00e+00	0.00e+00
 4.75199e+22	4.87e-20	6.22e-08	3.97e-05	1.27e-03	7.81e-03	1.56e-02	4.58e-02	4.12e-01	4.01e-01	1.10e-01	5.34e-03	1.07e-04	3.74e-06	0.00e+00	0.00e+00	0.00e+00	0.00e+00	0.00e+00
 4.78330e+22	6.79e-20	7.89e-08	4.88e-05	1.51e-03	8.92e-03	1.73e-02	4.92e-02	4.23e-01	3.92e-01	1.03e-01	4.74e-03	9.25e-05	3.15e-06	0.00e+00	0.00e+00	0.00e+00	0.00e+00	0.00e+00
 4.81521e+22	1.02e-19	1.06e-07	6.28e-05	1.87e-03	1.05e-02	1.95e-02	5.36e-02	4.36e-01	3.80e-01	9.38e-02	4.08e-03	7.68e-05	2.54e-06	0.00e+00	0.00e+00	0.00e+00	0.00e+00	0.00e+00
 4.84797e+22	1.46e-19	1.36e-07	7.82e-05	2.24e-03	1.21e-02	2.16e-02	5.79e-02	4.47e-01	3.69e-01	8.63e-02	3.56e-03	6.49e-05	2.10e-06	0.00e+00	0.00e+00	0.00e+00	0.00e+00	0.00e+00
 4.87650e+22	2.02e-19	1.72e-07	9.54e-05	2.65e-03	1.37e-02	2.37e-02	6.17e-02	4.56e-01	3.59e-01	8.02e-02	3.15e-03	5.60e-05	1.77e-06	0.00e+00	0.00e+00	0.00e+00	0.00e+00	0.00e+00
 4.90824e+22	3.01e-19	2.30e-07	1.22e-04	3.25e-03	1.60e-02	2.65e-02	6.66e-02	4.66e-01	3.46e-01	7.29e-02	2.71e-03	4.65e-05	1.43e-06	0.00e+00	0.00e+00	0.00e+00	0.00e+00	0.00e+00
 4.94206e+22	4.40e-19	3.01e-07	1.53e-04	3.92e-03	1.84e-02	2.94e-02	7.15e-02	4.75e-01	3.33e-01	6.64e-02	2.34e-03	3.89e-05	1.16e-06	0.00e+00	0.00e+00	0.00e+00	0.00e+00	0.00e+00
 4.97317e+22	6.24e-19	3.87e-07	1.89e-04	4.67e-03	2.10e-02	3.23e-02	7.62e-02	4.82e-01	3.21e-01	6.08e-02	2.03e-03	3.30e-05	9.59e-07	0.00e+00	0.00e+00	0.00e+00	0.00e+00	0.00e+00
 5.00096e+22	8.41e-19	4.79e-07	2.26e-04	5.41e-03	2.34e-02	3.49e-02	8.03e-02	4.87e-01	3.10e-01	5.63e-02	1.80e-03	2.85e-05	8.13e-07	0.00e+00	0.00e+00	0.00e+00	0.00e+00	0.00e+00
 5.02605e+22	1.11e-18	5.86e-07	2.68e-04	6.21e-03	2.60e-02	3.75e-02	8.42e-02	4.91e-01	3.00e-01	5.23e-02	1.61e-03	2.49e-05	6.95e-07	0.00e+00	0.00e+00	0.00e+00	0.00e+00	0.00e+00
 5.05488e+22	1.59e-18	7.57e-07	3.31e-04	7.40e-03	2.95e-02	4.11e-02	8.92e-02	4.96e-01	2.87e-01	4.75e-02	1.39e-03	2.09e-05	5.68e-07	0.00e+00	0.00e+00	0.00e+00	0.00e+00	0.00e+00
 5.08498e+22	2.19e-18	9.50e-07	4.00e-04	8.63e-03	3.31e-02	4.45e-02	9.39e-02	4.99e-01	2.76e-01	4.35e-02	1.21e-03	1.79e-05	4.73e-07	0.00e+00	0.00e+00	0.00e+00	0.00e+00	0.00e+00
 5.11233e+22	2.98e-18	1.18e-06	4.79e-04	1.00e-02	3.68e-02	4.79e-02	9.84e-02	5.01e-01	2.64e-01	3.98e-02	1.06e-03	1.53e-05	3.95e-07	0.00e+00	0.00e+00	0.00e+00	0.00e+00	0.00e+00
 5.14350e+22	4.38e-18	1.56e-06	6.01e-04	1.20e-02	4.20e-02	5.25e-02	1.04e-01	5.02e-01	2.50e-01	3.56e-02	9.01e-04	1.26e-05	3.16e-07	0.00e+00	0.00e+00	0.00e+00	0.00e+00	0.00e+00
 5.17588e+22	6.18e-18	1.98e-06	7.32e-04	1.41e-02	4.71e-02	5.67e-02	1.09e-01	5.02e-01	2.37e-01	3.21e-02	7.73e-04	1.05e-05	2.57e-07	0.00e+00	0.00e+00	0.00e+00	0.00e+00	0.00e+00
 5.20414e+22	8.38e-18	2.45e-06	8.73e-04	1.62e-02	5.21e-02	6.07e-02	1.14e-01	5.01e-01	2.26e-01	2.92e-02	6.73e-04	8.99e-06	2.14e-07	0.00e+00	0.00e+00	0.00e+00	0.00e+00	0.00e+00
 5.23516e+22	1.23e-17	3.21e-06	1.09e-03	1.93e-02	5.90e-02	6.59e-02	1.19e-01	4.98e-01	2.11e-01	2.59e-02	5.64e-04	7.33e-06	1.69e-07	0.00e+00	0.00e+00	0.00e+00	0.00e+00	0.00e+00
 5.26706e+22	1.68e-17	4.00e-06	1.30e-03	2.23e-02	6.52e-02	7.03e-02	1.23e-01	4.94e-01	2.00e-01	2.33e-02	4.87e-04	6.20e-06	1.39e-07	0.00e+00	0.00e+00	0.00e+00	0.00e+00	0.00e+00
 5.30012e+22	2.49e-17	5.28e-06	1.62e-03	2.66e-02	7.36e-02	7.60e-02	1.29e-01	4.87e-01	1.85e-01	2.04e-02	4.03e-04	4.99e-06	0.00e+00	0.00e+00	0.00e+00	0.00e+00	0.00e+00	0.00e+00
 5.33381e+22	3.49e-17	6.67e-06	1.96e-03	3.08e-02	8.15e-02	8.11e-02	1.33e-01	4.80e-01	1.73e-01	1.81e-02	3.40e-04	4.12e-06	0.00e+00	0.00e+00	0.00e+00	0.00e+00	0.00e+00	0.00e+00
 5.36336e+22	4.78e-17	8.28e-06	2.33e-03	3.53e-02	8.93e-02	8.58e-02	1.37e-01	4.72e-01	1.62e-01	1.61e-02	2.90e-04	3.44e-06	0.00e+00	0.00e+00	0.00e+00	0.00e+00	0.00e+00	0.00e+00
 5.39678e+22	7.02e-17	1.08e-05	2.88e-03	4.16e-02	9.97e-02	9.17e-02	1.41e-01	4.60e-01	1.49e-01	1.40e-02	2.37e-04	2.74e-06	0.00e+00	0.00e+00	0.00e+00	0.00e+00	0.00e+00	0.00e+00
 5.43163e+22	9.94e-17	1.37e-05	3.47e-03	4.80e-02	1.10e-01	9.70e-02	1.44e-01	4.48e-01	1.37e-01	1.22e-02	1.97e-04	2.22e-06	0.00e+00	0.00e+00	0.00e+00	0.00e+00	0.00e+00	0.00e+00
 5.46294e+22	1.37e-16	1.71e-05	4.11e-03	5.47e-02	1.19e-01	1.02e-01	1.47e-01	4.36e-01	1.26e-01	1.07e-02	1.65e-04	1.83e-06	0.00e+00	0.00e+00	0.00e+00	0.00e+00	0.00e+00	0.00e+00
 5.49827e+22	2.04e-16	2.24e-05	5.08e-03	6.42e-02	1.32e-01	1.08e-01	1.50e-01	4.18e-01	1.13e-01	9.02e-03	1.32e-04	1.42e-06	0.00e+00	0.00e+00	0.00e+00	0.00e+00	0.00e+00	0.00e+00
 5.53448e+22	2.88e-16	2.82e-05	6.07e-03	7.35e-02	1.44e-01	1.13e-01	1.52e-01	4.02e-01	1.03e-01	7.73e-03	1.07e-04	1.13e-06	0.00e+00	0.00e+00	0.00e+00	0.00e+00	0.00e+00	0.00e+00
 5.56639e+22	3.95e-16	3.48e-05	7.14e-03	8.28e-02	1.54e-01	1.17e-01	1.53e-01	3.86e-01	9.35e-02	6.69e-03	8.85e-05	9.15e-07	0.00e+00	0.00e+00	0.00e+00	0.00e+00	0.00e+00	0.00e+00
 5.60241e+22	5.84e-16	4.51e-05	8.70e-03	9.58e-02	1.68e-01	1.22e-01	1.53e-01	3.64e-01	8.26e-02	5.54e-03	6.93e-05	6.98e-07	0.00e+00	0.00e+00	0.00e+00	0.00e+00	0.00e+00	0.00e+00
 5.63957e+22	8.25e-16	5.64e-05	1.03e-02	1.08e-01	1.80e-01	1.25e-01	1.53e-01	3.45e-01	7.36e-02	4.67e-03	5.55e-05	5.47e-07	0.00e+00	0.00e+00	0.00e+00	0.00e+00	0.00e+00	0.00e+00
 5.67260e+22	1.13e-15	6.92e-05	1.20e-02	1.21e-01	1.92e-01	1.28e-01	1.52e-01	3.26e-01	6.58e-02	3.96e-03	4.50e-05	4.34e-07	0.00e+00	0.00e+00	0.00e+00	0.00e+00	0.00e+00	0.00e+00
 5.70995e+22	1.69e-15	8.94e-05	1.45e-02	1.38e-01	2.06e-01	1.31e-01	1.49e-01	3.01e-01	5.66e-02	3.19e-03	3.41e-05	3.21e-07	0.00e+00	0.00e+00	0.00e+00	0.00e+00	0.00e+00	0.00e+00
 5.74819e+22	2.35e-15	1.10e-04	1.69e-02	1.53e-01	2.17e-01	1.33e-01	1.47e-01	2.80e-01	4.97e-02	2.64e-03	2.69e-05	2.48e-07	0.00e+00	0.00e+00	0.00e+00	0.00e+00	0.00e+00	0.00e+00
 5.78760e+22	3.55e-15	1.42e-04	2.04e-02	1.74e-01	2.30e-01	1.35e-01	1.42e-01	2.55e-01	4.18e-02	2.07e-03	1.99e-05	1.78e-07	0.00e+00	0.00e+00	0.00e+00	0.00e+00	0.00e+00	0.00e+00
 5.82755e+22	4.98e-15	1.75e-04	2.36e-02	1.92e-01	2.40e-01	1.35e-01	1.38e-01	2.34e-01	3.60e-02	1.68e-03	1.54e-05	1.35e-07	0.00e+00	0.00e+00	0.00e+00	0.00e+00	0.00e+00	0.00e+00
 5.86819e+22	7.45e-15	2.23e-04	2.81e-02	2.14e-01	2.51e-01	1.34e-01	1.32e-01	2.09e-01	2.99e-02	1.30e-03	1.12e-05	0.00e+00	0.00e+00	0.00e+00	0.00e+00	0.00e+00	0.00e+00	0.00e+00
 5.90997e+22	1.07e-14	2.75e-04	3.25e-02	2.34e-01	2.59e-01	1.33e-01	1.26e-01	1.88e-01	2.52e-02	1.03e-03	8.43e-06	0.00e+00	0.00e+00	0.00e+00	0.00e+00	0.00e+00	0.00e+00	0.00e+00
 5.94701e+22	1.48e-14	3.33e-04	3.70e-02	2.54e-01	2.65e-01	1.31e-01	1.21e-01	1.70e-01	2.13e-02	8.23e-04	6.42e-06	0.00e+00	0.00e+00	0.00e+00	0.00e+00	0.00e+00	0.00e+00	0.00e+00
 5.98893e+22	2.25e-14	4.22e-04	4.34e-02	2.78e-01	2.72e-01	1.28e-01	1.13e-01	1.48e-01	1.71e-02	6.16e-04	4.53e-06	0.00e+00	0.00e+00	0.00e+00	0.00e+00	0.00e+00	0.00e+00	0.00e+00
