#depth	Ne	Ne+	Ne+2	Ne+3	Ne+4	Ne+5	Ne+6	Ne+7	Ne+8	Ne+9	Ne+10
 4.62852e+21	5.39e-18	2.48e-13	9.15e-10	4.46e-07	6.09e-05	1.78e-03	1.29e-02	4.27e-02	5.22e-01	3.59e-01	6.17e-02
 1.03266e+22	4.64e-17	1.89e-12	5.97e-09	2.34e-06	2.60e-04	5.98e-03	3.20e-02	7.43e-02	5.93e-01	2.65e-01	2.97e-02
 1.19310e+22	1.04e-16	4.28e-12	1.32e-08	4.84e-06	5.04e-04	1.05e-02	4.88e-02	9.59e-02	6.09e-01	2.16e-01	1.92e-02
 1.27332e+22	1.42e-16	6.04e-12	1.89e-08	6.77e-06	6.88e-04	1.37e-02	5.95e-02	1.08e-01	6.11e-01	1.92e-01	1.52e-02
 1.30916e+22	1.57e-16	6.75e-12	2.13e-08	7.56e-06	7.63e-04	1.50e-02	6.35e-02	1.13e-01	6.10e-01	1.84e-01	1.40e-02
 1.33009e+22	1.76e-16	7.72e-12	2.46e-08	8.69e-06	8.71e-04	1.68e-02	6.90e-02	1.18e-01	6.09e-01	1.74e-01	1.25e-02
 1.35106e+22	1.90e-16	8.51e-12	2.74e-08	9.66e-06	9.62e-04	1.83e-02	7.35e-02	1.23e-01	6.07e-01	1.66e-01	1.15e-02
 1.37206e+22	2.09e-16	9.59e-12	3.14e-08	1.10e-05	1.09e-03	2.04e-02	7.95e-02	1.29e-01	6.03e-01	1.57e-01	1.03e-02
 1.39332e+22	2.25e-16	1.06e-11	3.50e-08	1.23e-05	1.21e-03	2.22e-02	8.45e-02	1.34e-01	6.00e-01	1.49e-01	9.40e-03
 1.41492e+22	2.44e-16	1.18e-11	4.00e-08	1.41e-05	1.37e-03	2.48e-02	9.12e-02	1.40e-01	5.94e-01	1.40e-01	8.34e-03
 1.43632e+22	2.60e-16	1.29e-11	4.43e-08	1.56e-05	1.51e-03	2.68e-02	9.64e-02	1.45e-01	5.90e-01	1.33e-01	7.62e-03
 1.45745e+22	2.78e-16	1.44e-11	5.04e-08	1.77e-05	1.71e-03	2.97e-02	1.03e-01	1.51e-01	5.83e-01	1.25e-01	6.76e-03
 1.47861e+22	2.94e-16	1.56e-11	5.57e-08	1.96e-05	1.88e-03	3.21e-02	1.09e-01	1.55e-01	5.77e-01	1.18e-01	6.17e-03
 1.49978e+22	3.13e-16	1.73e-11	6.33e-08	2.23e-05	2.12e-03	3.54e-02	1.16e-01	1.62e-01	5.69e-01	1.11e-01	5.46e-03
 1.52099e+22	3.29e-16	1.88e-11	7.00e-08	2.47e-05	2.32e-03	3.81e-02	1.22e-01	1.66e-01	5.61e-01	1.05e-01	4.97e-03
 1.54225e+22	3.49e-16	2.08e-11	7.96e-08	2.81e-05	2.62e-03	4.19e-02	1.30e-01	1.72e-01	5.51e-01	9.76e-02	4.39e-03
 1.56361e+22	3.68e-16	2.26e-11	8.83e-08	3.11e-05	2.87e-03	4.51e-02	1.36e-01	1.76e-01	5.43e-01	9.23e-02	3.99e-03
 1.58509e+22	3.90e-16	2.51e-11	1.01e-07	3.56e-05	3.24e-03	4.95e-02	1.44e-01	1.82e-01	5.32e-01	8.56e-02	3.51e-03
 1.60675e+22	4.12e-16	2.74e-11	1.12e-07	3.95e-05	3.55e-03	5.31e-02	1.51e-01	1.86e-01	5.23e-01	8.07e-02	3.18e-03
 1.62862e+22	4.38e-16	3.06e-11	1.29e-07	4.54e-05	4.01e-03	5.82e-02	1.59e-01	1.92e-01	5.10e-01	7.46e-02	2.78e-03
 1.65075e+22	4.65e-16	3.36e-11	1.44e-07	5.07e-05	4.41e-03	6.24e-02	1.66e-01	1.95e-01	4.99e-01	7.01e-02	2.51e-03
 1.67322e+22	4.99e-16	3.79e-11	1.67e-07	5.85e-05	4.99e-03	6.83e-02	1.74e-01	2.00e-01	4.85e-01	6.45e-02	2.19e-03
 1.69608e+22	5.35e-16	4.21e-11	1.89e-07	6.58e-05	5.51e-03	7.34e-02	1.81e-01	2.04e-01	4.74e-01	6.03e-02	1.96e-03
 1.71946e+22	5.79e-16	4.79e-11	2.21e-07	7.67e-05	6.25e-03	8.03e-02	1.90e-01	2.08e-01	4.58e-01	5.51e-02	1.69e-03
 1.74336e+22	6.30e-16	5.39e-11	2.53e-07	8.68e-05	6.92e-03	8.63e-02	1.98e-01	2.11e-01	4.45e-01	5.13e-02	1.51e-03
 1.76793e+22	6.95e-16	6.26e-11	3.01e-07	1.02e-04	7.90e-03	9.45e-02	2.07e-01	2.15e-01	4.28e-01	4.65e-02	1.29e-03
 1.79119e+22	7.56e-16	6.99e-11	3.39e-07	1.14e-04	8.63e-03	1.00e-01	2.13e-01	2.17e-01	4.16e-01	4.35e-02	1.16e-03
 1.81273e+22	8.36e-16	8.04e-11	3.97e-07	1.32e-04	9.67e-03	1.08e-01	2.21e-01	2.19e-01	4.01e-01	3.99e-02	1.01e-03
 1.83425e+22	9.13e-16	9.01e-11	4.49e-07	1.47e-04	1.05e-02	1.15e-01	2.27e-01	2.20e-01	3.89e-01	3.72e-02	9.13e-04
 1.85574e+22	1.01e-15	1.04e-10	5.27e-07	1.70e-04	1.18e-02	1.24e-01	2.34e-01	2.22e-01	3.73e-01	3.40e-02	7.92e-04
 1.87731e+22	1.12e-15	1.18e-10	5.99e-07	1.91e-04	1.29e-02	1.31e-01	2.40e-01	2.23e-01	3.61e-01	3.17e-02	7.12e-04
 1.89897e+22	1.27e-15	1.37e-10	7.06e-07	2.21e-04	1.44e-02	1.40e-01	2.47e-01	2.23e-01	3.45e-01	2.88e-02	6.16e-04
 1.92087e+22	1.42e-15	1.56e-10	8.06e-07	2.47e-04	1.56e-02	1.48e-01	2.52e-01	2.23e-01	3.33e-01	2.68e-02	5.51e-04
 1.94308e+22	1.63e-15	1.85e-10	9.58e-07	2.87e-04	1.75e-02	1.59e-01	2.59e-01	2.23e-01	3.17e-01	2.42e-02	4.74e-04
 1.96556e+22	1.85e-15	2.12e-10	1.10e-06	3.23e-04	1.91e-02	1.67e-01	2.64e-01	2.22e-01	3.04e-01	2.24e-02	4.22e-04
 1.98838e+22	2.16e-15	2.54e-10	1.32e-06	3.76e-04	2.13e-02	1.79e-01	2.70e-01	2.21e-01	2.88e-01	2.01e-02	3.60e-04
 2.01154e+22	2.49e-15	2.95e-10	1.52e-06	4.24e-04	2.32e-02	1.89e-01	2.74e-01	2.19e-01	2.76e-01	1.85e-02	3.18e-04
 2.03513e+22	2.97e-15	3.57e-10	1.83e-06	4.96e-04	2.60e-02	2.01e-01	2.80e-01	2.16e-01	2.59e-01	1.65e-02	2.70e-04
 2.05914e+22	3.47e-15	4.19e-10	2.13e-06	5.60e-04	2.83e-02	2.12e-01	2.83e-01	2.14e-01	2.47e-01	1.51e-02	2.37e-04
 2.08370e+22	4.23e-15	5.15e-10	2.59e-06	6.57e-04	3.17e-02	2.26e-01	2.87e-01	2.10e-01	2.31e-01	1.33e-02	1.98e-04
 2.10878e+22	5.04e-15	6.12e-10	3.02e-06	7.45e-04	3.46e-02	2.37e-01	2.90e-01	2.07e-01	2.18e-01	1.21e-02	1.73e-04
 2.13454e+22	6.30e-15	7.65e-10	3.72e-06	8.79e-04	3.87e-02	2.53e-01	2.93e-01	2.02e-01	2.02e-01	1.06e-02	1.43e-04
 2.16055e+22	7.60e-15	9.14e-10	4.36e-06	9.96e-04	4.22e-02	2.64e-01	2.95e-01	1.97e-01	1.90e-01	9.54e-03	1.23e-04
 2.18687e+22	9.69e-15	1.15e-09	5.37e-06	1.17e-03	4.71e-02	2.80e-01	2.97e-01	1.91e-01	1.75e-01	8.29e-03	1.01e-04
 2.21352e+22	1.18e-14	1.39e-09	6.31e-06	1.33e-03	5.12e-02	2.93e-01	2.97e-01	1.86e-01	1.64e-01	7.42e-03	8.68e-05
 2.23653e+22	1.44e-14	1.66e-09	7.38e-06	1.50e-03	5.55e-02	3.05e-01	2.97e-01	1.81e-01	1.53e-01	6.66e-03	7.46e-05
 2.26236e+22	1.85e-14	2.10e-09	9.02e-06	1.75e-03	6.14e-02	3.20e-01	2.96e-01	1.74e-01	1.40e-01	5.77e-03	6.12e-05
 2.28670e+22	2.20e-14	2.45e-09	1.03e-05	1.93e-03	6.55e-02	3.30e-01	2.96e-01	1.70e-01	1.32e-01	5.24e-03	5.36e-05
 2.30908e+22	2.75e-14	2.99e-09	1.22e-05	2.20e-03	7.11e-02	3.43e-01	2.94e-01	1.63e-01	1.22e-01	4.62e-03	4.52e-05
 2.33218e+22	3.33e-14	3.53e-09	1.40e-05	2.44e-03	7.59e-02	3.53e-01	2.92e-01	1.58e-01	1.14e-01	4.16e-03	3.92e-05
 2.35621e+22	4.26e-14	4.38e-09	1.68e-05	2.79e-03	8.27e-02	3.67e-01	2.89e-01	1.51e-01	1.04e-01	3.62e-03	3.23e-05
 2.38029e+22	5.16e-14	5.18e-09	1.93e-05	3.09e-03	8.81e-02	3.77e-01	2.86e-01	1.46e-01	9.73e-02	3.24e-03	2.79e-05
 2.40442e+22	6.64e-14	6.43e-09	2.31e-05	3.52e-03	9.55e-02	3.89e-01	2.82e-01	1.39e-01	8.86e-02	2.81e-03	2.30e-05
 2.42898e+22	8.12e-14	7.64e-09	2.65e-05	3.90e-03	1.02e-01	3.99e-01	2.78e-01	1.33e-01	8.22e-02	2.50e-03	1.97e-05
 2.45410e+22	1.06e-13	9.56e-09	3.18e-05	4.45e-03	1.10e-01	4.11e-01	2.72e-01	1.26e-01	7.42e-02	2.14e-03	1.60e-05
 2.47969e+22	1.30e-13	1.14e-08	3.67e-05	4.93e-03	1.17e-01	4.20e-01	2.68e-01	1.20e-01	6.84e-02	1.90e-03	1.36e-05
 2.50590e+22	1.72e-13	1.44e-08	4.43e-05	5.63e-03	1.27e-01	4.31e-01	2.61e-01	1.13e-01	6.13e-02	1.61e-03	1.09e-05
 2.53271e+22	2.15e-13	1.73e-08	5.12e-05	6.25e-03	1.35e-01	4.40e-01	2.55e-01	1.07e-01	5.61e-02	1.41e-03	9.19e-06
 2.56029e+22	2.87e-13	2.21e-08	6.21e-05	7.15e-03	1.45e-01	4.50e-01	2.47e-01	9.95e-02	4.97e-02	1.18e-03	7.28e-06
 2.58804e+22	3.58e-13	2.65e-08	7.18e-05	7.91e-03	1.54e-01	4.57e-01	2.41e-01	9.40e-02	4.53e-02	1.03e-03	6.09e-06
 2.61600e+22	4.80e-13	3.37e-08	8.67e-05	9.01e-03	1.66e-01	4.65e-01	2.32e-01	8.70e-02	4.00e-02	8.60e-04	4.79e-06
 2.64435e+22	6.03e-13	4.06e-08	1.00e-04	9.97e-03	1.75e-01	4.71e-01	2.25e-01	8.17e-02	3.62e-02	7.44e-04	3.97e-06
 2.67320e+22	8.12e-13	5.18e-08	1.21e-04	1.13e-02	1.88e-01	4.77e-01	2.16e-01	7.52e-02	3.17e-02	6.15e-04	3.10e-06
 2.70242e+22	1.02e-12	6.26e-08	1.40e-04	1.25e-02	1.98e-01	4.82e-01	2.08e-01	7.02e-02	2.86e-02	5.29e-04	2.55e-06
 2.73212e+22	1.38e-12	7.99e-08	1.69e-04	1.42e-02	2.12e-01	4.86e-01	1.98e-01	6.42e-02	2.49e-02	4.34e-04	1.97e-06
 2.76240e+22	1.77e-12	9.75e-08	1.97e-04	1.57e-02	2.23e-01	4.89e-01	1.90e-01	5.95e-02	2.22e-02	3.68e-04	1.59e-06
 2.79343e+22	2.39e-12	1.24e-07	2.37e-04	1.78e-02	2.38e-01	4.91e-01	1.80e-01	5.40e-02	1.92e-02	3.00e-04	1.22e-06
 2.82487e+22	3.08e-12	1.53e-07	2.77e-04	1.97e-02	2.50e-01	4.91e-01	1.72e-01	4.97e-02	1.69e-02	2.52e-04	9.75e-07
 2.85235e+22	3.90e-12	1.84e-07	3.20e-04	2.17e-02	2.62e-01	4.91e-01	1.64e-01	4.59e-02	1.51e-02	2.14e-04	7.89e-07
 2.88362e+22	5.29e-12	2.35e-07	3.85e-04	2.44e-02	2.77e-01	4.89e-01	1.54e-01	4.13e-02	1.29e-02	1.72e-04	5.98e-07
 2.91279e+22	6.52e-12	2.78e-07	4.37e-04	2.65e-02	2.88e-01	4.88e-01	1.47e-01	3.84e-02	1.16e-02	1.48e-04	4.93e-07
 2.93926e+22	8.33e-12	3.38e-07	5.06e-04	2.91e-02	3.01e-01	4.85e-01	1.40e-01	3.51e-02	1.02e-02	1.24e-04	3.93e-07
 2.96702e+22	1.04e-11	4.04e-07	5.78e-04	3.17e-02	3.12e-01	4.81e-01	1.33e-01	3.23e-02	9.06e-03	1.05e-04	3.18e-07
 2.99206e+22	1.28e-11	4.76e-07	6.54e-04	3.42e-02	3.23e-01	4.78e-01	1.26e-01	2.99e-02	8.11e-03	9.00e-05	2.61e-07
 3.02023e+22	1.66e-11	5.85e-07	7.62e-04	3.77e-02	3.37e-01	4.72e-01	1.19e-01	2.71e-02	7.04e-03	7.40e-05	2.04e-07
 3.04958e+22	2.09e-11	7.02e-07	8.73e-04	4.10e-02	3.49e-01	4.66e-01	1.12e-01	2.47e-02	6.20e-03	6.20e-05	1.63e-07
 3.07593e+22	2.60e-11	8.34e-07	9.91e-04	4.44e-02	3.60e-01	4.61e-01	1.06e-01	2.27e-02	5.48e-03	5.24e-05	1.31e-07
 3.10566e+22	3.40e-11	1.03e-06	1.16e-03	4.88e-02	3.74e-01	4.52e-01	9.84e-02	2.03e-02	4.70e-03	4.24e-05	0.00e+00
 3.13609e+22	4.28e-11	1.24e-06	1.33e-03	5.30e-02	3.86e-01	4.45e-01	9.23e-02	1.85e-02	4.11e-03	3.53e-05	0.00e+00
 3.16306e+22	5.34e-11	1.47e-06	1.51e-03	5.72e-02	3.97e-01	4.37e-01	8.67e-02	1.68e-02	3.61e-03	2.96e-05	0.00e+00
 3.19374e+22	7.00e-11	1.82e-06	1.76e-03	6.28e-02	4.11e-01	4.27e-01	8.00e-02	1.50e-02	3.07e-03	2.37e-05	0.00e+00
 3.22533e+22	8.87e-11	2.19e-06	2.01e-03	6.81e-02	4.22e-01	4.17e-01	7.45e-02	1.35e-02	2.66e-03	1.95e-05	0.00e+00
 3.25348e+22	1.11e-10	2.61e-06	2.29e-03	7.34e-02	4.33e-01	4.07e-01	6.94e-02	1.22e-02	2.32e-03	1.62e-05	0.00e+00
 3.28549e+22	1.46e-10	3.24e-06	2.68e-03	8.04e-02	4.46e-01	3.95e-01	6.35e-02	1.07e-02	1.95e-03	1.28e-05	0.00e+00
 3.31856e+22	1.87e-10	3.92e-06	3.08e-03	8.71e-02	4.57e-01	3.83e-01	5.85e-02	9.58e-03	1.67e-03	1.03e-05	0.00e+00
 3.34811e+22	2.36e-10	4.69e-06	3.50e-03	9.38e-02	4.66e-01	3.72e-01	5.41e-02	8.59e-03	1.44e-03	8.45e-06	0.00e+00
 3.38162e+22	3.13e-10	5.86e-06	4.11e-03	1.03e-01	4.78e-01	3.58e-01	4.90e-02	7.49e-03	1.19e-03	6.57e-06	0.00e+00
 3.41591e+22	4.01e-10	7.09e-06	4.72e-03	1.11e-01	4.87e-01	3.45e-01	4.48e-02	6.63e-03	1.01e-03	5.26e-06	0.00e+00
 3.44616e+22	5.05e-10	8.48e-06	5.36e-03	1.19e-01	4.95e-01	3.33e-01	4.11e-02	5.91e-03	8.65e-04	4.26e-06	0.00e+00
 3.48039e+22	6.72e-10	1.06e-05	6.27e-03	1.30e-01	5.04e-01	3.18e-01	3.69e-02	5.11e-03	7.10e-04	3.27e-06	0.00e+00
 3.51556e+22	8.66e-10	1.29e-05	7.20e-03	1.40e-01	5.11e-01	3.04e-01	3.34e-02	4.48e-03	5.95e-04	2.58e-06	0.00e+00
 3.54670e+22	1.09e-09	1.53e-05	8.16e-03	1.49e-01	5.17e-01	2.91e-01	3.04e-02	3.97e-03	5.05e-04	2.07e-06	0.00e+00
 3.58196e+22	1.45e-09	1.92e-05	9.55e-03	1.62e-01	5.23e-01	2.75e-01	2.70e-02	3.40e-03	4.09e-04	1.57e-06	0.00e+00
 3.61827e+22	1.87e-09	2.33e-05	1.09e-02	1.74e-01	5.27e-01	2.61e-01	2.42e-02	2.96e-03	3.39e-04	1.22e-06	0.00e+00
 3.65063e+22	2.37e-09	2.79e-05	1.24e-02	1.85e-01	5.29e-01	2.48e-01	2.18e-02	2.59e-03	2.84e-04	9.63e-07	0.00e+00
 3.68737e+22	3.20e-09	3.50e-05	1.46e-02	2.01e-01	5.32e-01	2.32e-01	1.90e-02	2.18e-03	2.26e-04	7.09e-07	0.00e+00
 3.72488e+22	4.11e-09	4.23e-05	1.66e-02	2.14e-01	5.32e-01	2.18e-01	1.70e-02	1.89e-03	1.86e-04	5.48e-07	0.00e+00
 3.76338e+22	5.59e-09	5.35e-05	1.95e-02	2.31e-01	5.31e-01	2.02e-01	1.46e-02	1.57e-03	1.45e-04	3.96e-07	0.00e+00
 3.80233e+22	7.18e-09	6.47e-05	2.23e-02	2.46e-01	5.29e-01	1.89e-01	1.29e-02	1.35e-03	1.18e-04	3.02e-07	0.00e+00
 3.84187e+22	9.81e-09	8.18e-05	2.62e-02	2.65e-01	5.24e-01	1.73e-01	1.10e-02	1.11e-03	9.13e-05	2.14e-07	0.00e+00
 3.88108e+22	1.25e-08	9.81e-05	2.96e-02	2.80e-01	5.19e-01	1.61e-01	9.69e-03	9.52e-04	7.43e-05	1.64e-07	0.00e+00
 3.91286e+22	1.54e-08	1.15e-04	3.30e-02	2.93e-01	5.13e-01	1.51e-01	8.64e-03	8.29e-04	6.18e-05	1.28e-07	0.00e+00
 3.94719e+22	2.00e-08	1.40e-04	3.76e-02	3.10e-01	5.05e-01	1.39e-01	7.49e-03	6.98e-04	4.92e-05	0.00e+00	0.00e+00
 3.98195e+22	2.47e-08	1.64e-04	4.19e-02	3.24e-01	4.98e-01	1.29e-01	6.62e-03	6.04e-04	4.05e-05	0.00e+00	0.00e+00
 4.01263e+22	3.05e-08	1.91e-04	4.65e-02	3.37e-01	4.89e-01	1.20e-01	5.86e-03	5.23e-04	3.34e-05	0.00e+00	0.00e+00
 4.04784e+22	3.94e-08	2.32e-04	5.28e-02	3.55e-01	4.77e-01	1.10e-01	5.03e-03	4.35e-04	2.62e-05	0.00e+00	0.00e+00
 4.08396e+22	4.92e-08	2.74e-04	5.89e-02	3.69e-01	4.66e-01	1.01e-01	4.38e-03	3.70e-04	2.12e-05	0.00e+00	0.00e+00
 4.11611e+22	6.06e-08	3.19e-04	6.52e-02	3.83e-01	4.55e-01	9.27e-02	3.84e-03	3.17e-04	1.72e-05	0.00e+00	0.00e+00
 4.15273e+22	7.86e-08	3.87e-04	7.40e-02	4.00e-01	4.39e-01	8.32e-02	3.24e-03	2.60e-04	1.33e-05	0.00e+00	0.00e+00
 4.18967e+22	9.74e-08	4.53e-04	8.20e-02	4.13e-01	4.25e-01	7.59e-02	2.80e-03	2.20e-04	1.06e-05	0.00e+00	0.00e+00
 4.22185e+22	1.20e-07	5.26e-04	9.03e-02	4.26e-01	4.12e-01	6.92e-02	2.43e-03	1.87e-04	8.56e-06	0.00e+00	0.00e+00
 4.25081e+22	1.40e-07	5.92e-04	9.74e-02	4.35e-01	4.00e-01	6.42e-02	2.17e-03	1.63e-04	7.20e-06	0.00e+00	0.00e+00
 4.28073e+22	1.72e-07	6.87e-04	1.07e-01	4.47e-01	3.85e-01	5.82e-02	1.87e-03	1.38e-04	5.76e-06	0.00e+00	0.00e+00
 4.31125e+22	2.04e-07	7.79e-04	1.16e-01	4.56e-01	3.72e-01	5.34e-02	1.65e-03	1.19e-04	4.74e-06	0.00e+00	0.00e+00
 4.33804e+22	2.40e-07	8.75e-04	1.25e-01	4.64e-01	3.59e-01	4.92e-02	1.46e-03	1.03e-04	3.95e-06	0.00e+00	0.00e+00
 4.36835e+22	2.94e-07	1.01e-03	1.37e-01	4.74e-01	3.43e-01	4.41e-02	1.24e-03	8.60e-05	3.11e-06	0.00e+00	0.00e+00
 4.39919e+22	3.47e-07	1.14e-03	1.47e-01	4.81e-01	3.29e-01	4.03e-02	1.09e-03	7.38e-05	2.55e-06	0.00e+00	0.00e+00
 4.42655e+22	4.06e-07	1.28e-03	1.58e-01	4.87e-01	3.16e-01	3.68e-02	9.58e-04	6.35e-05	2.11e-06	0.00e+00	0.00e+00
 4.45796e+22	4.99e-07	1.48e-03	1.73e-01	4.94e-01	2.99e-01	3.26e-02	8.06e-04	5.21e-05	1.63e-06	0.00e+00	0.00e+00
 4.48953e+22	5.84e-07	1.66e-03	1.85e-01	4.98e-01	2.85e-01	2.95e-02	7.04e-04	4.45e-05	1.33e-06	0.00e+00	0.00e+00
 4.52132e+22	7.12e-07	1.91e-03	2.01e-01	5.02e-01	2.68e-01	2.60e-02	5.90e-04	3.63e-05	1.03e-06	0.00e+00	0.00e+00
 4.55363e+22	8.36e-07	2.14e-03	2.15e-01	5.05e-01	2.54e-01	2.34e-02	5.09e-04	3.06e-05	8.26e-07	0.00e+00	0.00e+00
 4.58662e+22	1.02e-06	2.47e-03	2.34e-01	5.06e-01	2.36e-01	2.04e-02	4.22e-04	2.47e-05	6.27e-07	0.00e+00	0.00e+00
 4.61997e+22	1.20e-06	2.76e-03	2.50e-01	5.07e-01	2.22e-01	1.81e-02	3.61e-04	2.06e-05	5.00e-07	0.00e+00	0.00e+00
 4.64202e+22	1.30e-06	2.92e-03	2.58e-01	5.06e-01	2.16e-01	1.71e-02	3.34e-04	1.88e-05	4.45e-07	0.00e+00	0.00e+00
 4.65891e+22	1.44e-06	3.14e-03	2.68e-01	5.05e-01	2.07e-01	1.58e-02	3.01e-04	1.67e-05	3.83e-07	0.00e+00	0.00e+00
 4.68087e+22	1.62e-06	3.42e-03	2.82e-01	5.04e-01	1.97e-01	1.44e-02	2.66e-04	1.45e-05	3.20e-07	0.00e+00	0.00e+00
 4.70942e+22	1.92e-06	3.84e-03	3.01e-01	5.00e-01	1.82e-01	1.26e-02	2.23e-04	1.18e-05	2.47e-07	0.00e+00	0.00e+00
 4.74101e+22	2.25e-06	4.28e-03	3.19e-01	4.96e-01	1.70e-01	1.11e-02	1.89e-04	9.70e-06	1.94e-07	0.00e+00	0.00e+00
 4.77658e+22	2.70e-06	4.87e-03	3.42e-01	4.89e-01	1.55e-01	9.43e-03	1.54e-04	7.60e-06	1.44e-07	0.00e+00	0.00e+00
 4.81350e+22	3.24e-06	5.50e-03	3.64e-01	4.81e-01	1.41e-01	8.04e-03	1.25e-04	6.00e-06	0.00e+00	0.00e+00	0.00e+00
 4.84613e+22	3.78e-06	6.10e-03	3.84e-01	4.72e-01	1.30e-01	6.98e-03	1.05e-04	4.86e-06	0.00e+00	0.00e+00	0.00e+00
 4.88252e+22	4.59e-06	6.94e-03	4.11e-01	4.60e-01	1.16e-01	5.79e-03	8.29e-05	3.69e-06	0.00e+00	0.00e+00	0.00e+00
 4.92031e+22	5.39e-06	7.73e-03	4.33e-01	4.49e-01	1.05e-01	4.93e-03	6.78e-05	2.92e-06	0.00e+00	0.00e+00	0.00e+00
 4.94985e+22	6.06e-06	8.36e-03	4.49e-01	4.40e-01	9.79e-02	4.36e-03	5.83e-05	2.44e-06	0.00e+00	0.00e+00	0.00e+00
 4.97817e+22	6.98e-06	9.17e-03	4.70e-01	4.28e-01	8.91e-02	3.75e-03	4.85e-05	1.96e-06	0.00e+00	0.00e+00	0.00e+00
 5.00704e+22	7.85e-06	9.90e-03	4.87e-01	4.18e-01	8.23e-02	3.30e-03	4.15e-05	1.63e-06	0.00e+00	0.00e+00	0.00e+00
 5.03663e+22	9.02e-06	1.08e-02	5.07e-01	4.05e-01	7.44e-02	2.82e-03	3.42e-05	1.30e-06	0.00e+00	0.00e+00	0.00e+00
 5.06686e+22	1.02e-05	1.17e-02	5.25e-01	3.93e-01	6.81e-02	2.45e-03	2.89e-05	1.06e-06	0.00e+00	0.00e+00	0.00e+00
 5.09376e+22	1.14e-05	1.26e-02	5.42e-01	3.81e-01	6.23e-02	2.13e-03	2.45e-05	8.72e-07	0.00e+00	0.00e+00	0.00e+00
 5.12459e+22	1.32e-05	1.38e-02	5.63e-01	3.66e-01	5.55e-02	1.78e-03	1.97e-05	6.74e-07	0.00e+00	0.00e+00	0.00e+00
 5.15550e+22	1.48e-05	1.49e-02	5.80e-01	3.53e-01	5.06e-02	1.55e-03	1.67e-05	5.52e-07	0.00e+00	0.00e+00	0.00e+00
 5.18652e+22	1.70e-05	1.62e-02	6.00e-01	3.38e-01	4.49e-02	1.29e-03	1.35e-05	4.27e-07	0.00e+00	0.00e+00	0.00e+00
 5.21562e+22	1.88e-05	1.73e-02	6.14e-01	3.27e-01	4.12e-02	1.13e-03	1.16e-05	3.55e-07	0.00e+00	0.00e+00	0.00e+00
 5.23452e+22	2.00e-05	1.79e-02	6.22e-01	3.20e-01	3.90e-02	1.04e-03	1.05e-05	3.16e-07	0.00e+00	0.00e+00	0.00e+00
 5.25139e+22	2.14e-05	1.87e-02	6.33e-01	3.11e-01	3.65e-02	9.45e-04	9.35e-06	2.75e-07	0.00e+00	0.00e+00	0.00e+00
 5.27332e+22	2.35e-05	1.98e-02	6.46e-01	3.00e-01	3.34e-02	8.29e-04	8.03e-06	2.29e-07	0.00e+00	0.00e+00	0.00e+00
 5.30184e+22	2.68e-05	2.15e-02	6.63e-01	2.85e-01	2.95e-02	6.90e-04	6.49e-06	1.77e-07	0.00e+00	0.00e+00	0.00e+00
 5.32647e+22	2.86e-05	2.23e-02	6.72e-01	2.77e-01	2.77e-02	6.27e-04	5.81e-06	1.55e-07	0.00e+00	0.00e+00	0.00e+00
 5.34605e+22	3.11e-05	2.35e-02	6.83e-01	2.67e-01	2.54e-02	5.54e-04	5.03e-06	1.30e-07	0.00e+00	0.00e+00	0.00e+00
 5.37151e+22	3.45e-05	2.50e-02	6.97e-01	2.55e-01	2.28e-02	4.72e-04	4.19e-06	0.00e+00	0.00e+00	0.00e+00	0.00e+00
 5.40460e+22	3.97e-05	2.72e-02	7.14e-01	2.39e-01	1.96e-02	3.81e-04	3.28e-06	0.00e+00	0.00e+00	0.00e+00	0.00e+00
 5.43545e+22	4.36e-05	2.88e-02	7.25e-01	2.28e-01	1.78e-02	3.30e-04	2.78e-06	0.00e+00	0.00e+00	0.00e+00	0.00e+00
 5.46338e+22	4.87e-05	3.07e-02	7.38e-01	2.16e-01	1.57e-02	2.76e-04	2.26e-06	0.00e+00	0.00e+00	0.00e+00	0.00e+00
 5.49970e+22	5.64e-05	3.35e-02	7.54e-01	1.99e-01	1.32e-02	2.17e-04	1.72e-06	0.00e+00	0.00e+00	0.00e+00	0.00e+00
 5.53712e+22	6.37e-05	3.59e-02	7.66e-01	1.86e-01	1.15e-02	1.78e-04	1.37e-06	0.00e+00	0.00e+00	0.00e+00	0.00e+00
 5.57598e+22	7.43e-05	3.92e-02	7.81e-01	1.70e-01	9.52e-03	1.37e-04	1.02e-06	0.00e+00	0.00e+00	0.00e+00	0.00e+00
 5.61528e+22	8.42e-05	4.22e-02	7.91e-01	1.58e-01	8.18e-03	1.11e-04	8.00e-07	0.00e+00	0.00e+00	0.00e+00	0.00e+00
 5.65515e+22	9.77e-05	4.59e-02	8.03e-01	1.44e-01	6.73e-03	8.48e-05	5.92e-07	0.00e+00	0.00e+00	0.00e+00	0.00e+00
 5.69604e+22	1.11e-04	4.94e-02	8.12e-01	1.32e-01	5.70e-03	6.75e-05	4.56e-07	0.00e+00	0.00e+00	0.00e+00	0.00e+00
 5.73825e+22	1.31e-04	5.41e-02	8.23e-01	1.18e-01	4.57e-03	5.02e-05	3.26e-07	0.00e+00	0.00e+00	0.00e+00	0.00e+00
 5.78066e+22	1.49e-04	5.81e-02	8.29e-01	1.08e-01	3.85e-03	3.98e-05	2.51e-07	0.00e+00	0.00e+00	0.00e+00	0.00e+00
 5.82332e+22	1.76e-04	6.35e-02	8.37e-01	9.62e-02	3.06e-03	2.94e-05	1.78e-07	0.00e+00	0.00e+00	0.00e+00	0.00e+00
 5.86687e+22	2.01e-04	6.84e-02	8.42e-01	8.71e-02	2.54e-03	2.29e-05	1.34e-07	0.00e+00	0.00e+00	0.00e+00	0.00e+00
 5.91156e+22	2.39e-04	7.49e-02	8.47e-01	7.62e-02	1.97e-03	1.65e-05	0.00e+00	0.00e+00	0.00e+00	0.00e+00	0.00e+00
 5.95689e+22	2.76e-04	8.09e-02	8.49e-01	6.81e-02	1.60e-03	1.27e-05	0.00e+00	0.00e+00	0.00e+00	0.00e+00	0.00e+00
 5.99219e+22	3.07e-04	8.56e-02	8.50e-01	6.25e-02	1.37e-03	1.04e-05	0.00e+00	0.00e+00	0.00e+00	0.00e+00	0.00e+00
 6.02723e+22	3.54e-04	9.20e-02	8.51e-01	5.55e-02	1.11e-03	7.88e-06	0.00e+00	0.00e+00	0.00e+00	0.00e+00	0.00e+00
 6.06205e+22	3.93e-04	9.73e-02	8.51e-01	5.07e-02	9.39e-04	6.42e-06	0.00e+00	0.00e+00	0.00e+00	0.00e+00	0.00e+00
 6.09659e+22	4.53e-04	1.04e-01	8.50e-01	4.47e-02	7.53e-04	4.86e-06	0.00e+00	0.00e+00	0.00e+00	0.00e+00	0.00e+00
 6.13159e+22	5.09e-04	1.11e-01	8.48e-01	4.02e-02	6.27e-04	3.87e-06	0.00e+00	0.00e+00	0.00e+00	0.00e+00	0.00e+00
 6.16719e+22	5.89e-04	1.19e-01	8.45e-01	3.50e-02	4.93e-04	2.88e-06	0.00e+00	0.00e+00	0.00e+00	0.00e+00	0.00e+00
 6.20321e+22	6.69e-04	1.27e-01	8.41e-01	3.10e-02	4.02e-04	2.23e-06	0.00e+00	0.00e+00	0.00e+00	0.00e+00	0.00e+00
 6.23455e+22	7.54e-04	1.34e-01	8.37e-01	2.75e-02	3.29e-04	1.74e-06	0.00e+00	0.00e+00	0.00e+00	0.00e+00	0.00e+00
 6.27008e+22	8.77e-04	1.44e-01	8.32e-01	2.35e-02	2.52e-04	1.26e-06	0.00e+00	0.00e+00	0.00e+00	0.00e+00	0.00e+00
 6.30661e+22	1.01e-03	1.53e-01	8.25e-01	2.02e-02	1.99e-04	9.37e-07	0.00e+00	0.00e+00	0.00e+00	0.00e+00	0.00e+00
 6.33864e+22	1.14e-03	1.62e-01	8.19e-01	1.75e-02	1.58e-04	7.04e-07	0.00e+00	0.00e+00	0.00e+00	0.00e+00	0.00e+00
 6.37447e+22	1.34e-03	1.74e-01	8.10e-01	1.44e-02	1.17e-04	4.85e-07	0.00e+00	0.00e+00	0.00e+00	0.00e+00	0.00e+00
 6.41227e+22	1.57e-03	1.86e-01	8.00e-01	1.19e-02	8.70e-05	3.35e-07	0.00e+00	0.00e+00	0.00e+00	0.00e+00	0.00e+00
 6.44471e+22	1.79e-03	1.97e-01	7.91e-01	9.94e-03	6.69e-05	2.39e-07	0.00e+00	0.00e+00	0.00e+00	0.00e+00	0.00e+00
 6.47244e+22	2.00e-03	2.06e-01	7.83e-01	8.44e-03	5.29e-05	1.77e-07	0.00e+00	0.00e+00	0.00e+00	0.00e+00	0.00e+00
 6.50198e+22	2.30e-03	2.18e-01	7.73e-01	6.85e-03	3.95e-05	0.00e+00	0.00e+00	0.00e+00	0.00e+00	0.00e+00	0.00e+00
 6.53255e+22	2.62e-03	2.29e-01	7.63e-01	5.55e-03	2.97e-05	0.00e+00	0.00e+00	0.00e+00	0.00e+00	0.00e+00	0.00e+00
 6.55097e+22	2.76e-03	2.33e-01	7.59e-01	4.99e-03	2.59e-05	0.00e+00	0.00e+00	0.00e+00	0.00e+00	0.00e+00	0.00e+00
 6.55822e+22	2.84e-03	2.36e-01	7.57e-01	4.74e-03	2.43e-05	0.00e+00	0.00e+00	0.00e+00	0.00e+00	0.00e+00	0.00e+00
 6.56414e+22	2.91e-03	2.38e-01	7.55e-01	4.53e-03	2.28e-05	0.00e+00	0.00e+00	0.00e+00	0.00e+00	0.00e+00	0.00e+00
 6.57154e+22	3.02e-03	2.41e-01	7.52e-01	4.25e-03	2.11e-05	0.00e+00	0.00e+00	0.00e+00	0.00e+00	0.00e+00	0.00e+00
 6.57977e+22	3.13e-03	2.44e-01	7.49e-01	3.97e-03	1.94e-05	0.00e+00	0.00e+00	0.00e+00	0.00e+00	0.00e+00	0.00e+00
 6.58758e+22	3.24e-03	2.47e-01	7.46e-01	3.73e-03	1.79e-05	0.00e+00	0.00e+00	0.00e+00	0.00e+00	0.00e+00	0.00e+00
 6.59499e+22	3.35e-03	2.50e-01	7.43e-01	3.49e-03	1.65e-05	0.00e+00	0.00e+00	0.00e+00	0.00e+00	0.00e+00	0.00e+00
 6.60204e+22	3.45e-03	2.52e-01	7.41e-01	3.29e-03	1.53e-05	0.00e+00	0.00e+00	0.00e+00	0.00e+00	0.00e+00	0.00e+00
 6.60904e+22	3.58e-03	2.55e-01	7.38e-01	3.09e-03	1.42e-05	0.00e+00	0.00e+00	0.00e+00	0.00e+00	0.00e+00	0.00e+00
 6.61601e+22	3.68e-03	2.58e-01	7.36e-01	2.90e-03	1.32e-05	0.00e+00	0.00e+00	0.00e+00	0.00e+00	0.00e+00	0.00e+00
 6.62303e+22	3.80e-03	2.60e-01	7.33e-01	2.72e-03	1.22e-05	0.00e+00	0.00e+00	0.00e+00	0.00e+00	0.00e+00	0.00e+00
 6.63012e+22	3.94e-03	2.63e-01	7.30e-01	2.54e-03	1.13e-05	0.00e+00	0.00e+00	0.00e+00	0.00e+00	0.00e+00	0.00e+00
 6.63665e+22	4.06e-03	2.66e-01	7.28e-01	2.39e-03	1.05e-05	0.00e+00	0.00e+00	0.00e+00	0.00e+00	0.00e+00	0.00e+00
 6.64279e+22	4.17e-03	2.68e-01	7.26e-01	2.25e-03	9.83e-06	0.00e+00	0.00e+00	0.00e+00	0.00e+00	0.00e+00	0.00e+00
 6.64909e+22	4.31e-03	2.70e-01	7.23e-01	2.11e-03	9.14e-06	0.00e+00	0.00e+00	0.00e+00	0.00e+00	0.00e+00	0.00e+00
 6.65541e+22	4.43e-03	2.72e-01	7.21e-01	1.99e-03	8.53e-06	0.00e+00	0.00e+00	0.00e+00	0.00e+00	0.00e+00	0.00e+00
 6.66166e+22	4.57e-03	2.75e-01	7.18e-01	1.86e-03	7.94e-06	0.00e+00	0.00e+00	0.00e+00	0.00e+00	0.00e+00	0.00e+00
 6.66776e+22	4.69e-03	2.77e-01	7.17e-01	1.76e-03	7.43e-06	0.00e+00	0.00e+00	0.00e+00	0.00e+00	0.00e+00	0.00e+00
 6.67388e+22	4.83e-03	2.79e-01	7.14e-01	1.65e-03	6.93e-06	0.00e+00	0.00e+00	0.00e+00	0.00e+00	0.00e+00	0.00e+00
 6.68010e+22	4.99e-03	2.82e-01	7.12e-01	1.54e-03	6.44e-06	0.00e+00	0.00e+00	0.00e+00	0.00e+00	0.00e+00	0.00e+00
 6.68581e+22	5.13e-03	2.84e-01	7.10e-01	1.45e-03	6.04e-06	0.00e+00	0.00e+00	0.00e+00	0.00e+00	0.00e+00	0.00e+00
 6.69125e+22	5.24e-03	2.85e-01	7.08e-01	1.37e-03	5.70e-06	0.00e+00	0.00e+00	0.00e+00	0.00e+00	0.00e+00	0.00e+00
 6.69713e+22	5.43e-03	2.88e-01	7.06e-01	1.28e-03	5.31e-06	0.00e+00	0.00e+00	0.00e+00	0.00e+00	0.00e+00	0.00e+00
 6.70300e+22	5.56e-03	2.89e-01	7.04e-01	1.21e-03	4.98e-06	0.00e+00	0.00e+00	0.00e+00	0.00e+00	0.00e+00	0.00e+00
 6.70855e+22	5.72e-03	2.91e-01	7.02e-01	1.13e-03	4.67e-06	0.00e+00	0.00e+00	0.00e+00	0.00e+00	0.00e+00	0.00e+00
 6.71411e+22	5.89e-03	2.93e-01	7.00e-01	1.07e-03	4.38e-06	0.00e+00	0.00e+00	0.00e+00	0.00e+00	0.00e+00	0.00e+00
 6.71943e+22	6.05e-03	2.95e-01	6.98e-01	1.00e-03	4.13e-06	0.00e+00	0.00e+00	0.00e+00	0.00e+00	0.00e+00	0.00e+00
 6.72469e+22	6.21e-03	2.96e-01	6.96e-01	9.47e-04	3.89e-06	0.00e+00	0.00e+00	0.00e+00	0.00e+00	0.00e+00	0.00e+00
 6.73004e+22	6.38e-03	2.98e-01	6.95e-01	8.92e-04	3.66e-06	0.00e+00	0.00e+00	0.00e+00	0.00e+00	0.00e+00	0.00e+00
 6.73541e+22	6.55e-03	3.00e-01	6.93e-01	8.40e-04	3.45e-06	0.00e+00	0.00e+00	0.00e+00	0.00e+00	0.00e+00	0.00e+00
 6.74075e+22	6.73e-03	3.01e-01	6.91e-01	7.92e-04	3.25e-06	0.00e+00	0.00e+00	0.00e+00	0.00e+00	0.00e+00	0.00e+00
 6.74605e+22	6.89e-03	3.02e-01	6.90e-01	7.48e-04	3.08e-06	0.00e+00	0.00e+00	0.00e+00	0.00e+00	0.00e+00	0.00e+00
 6.75145e+22	7.10e-03	3.04e-01	6.88e-01	7.03e-04	2.89e-06	0.00e+00	0.00e+00	0.00e+00	0.00e+00	0.00e+00	0.00e+00
 6.75677e+22	7.27e-03	3.05e-01	6.87e-01	6.64e-04	2.74e-06	0.00e+00	0.00e+00	0.00e+00	0.00e+00	0.00e+00	0.00e+00
 6.76200e+22	7.49e-03	3.07e-01	6.85e-01	6.26e-04	2.59e-06	0.00e+00	0.00e+00	0.00e+00	0.00e+00	0.00e+00	0.00e+00
 6.76720e+22	7.66e-03	3.08e-01	6.84e-01	5.92e-04	2.46e-06	0.00e+00	0.00e+00	0.00e+00	0.00e+00	0.00e+00	0.00e+00
 6.77243e+22	7.86e-03	3.09e-01	6.83e-01	5.59e-04	2.33e-06	0.00e+00	0.00e+00	0.00e+00	0.00e+00	0.00e+00	0.00e+00
 6.77781e+22	8.08e-03	3.10e-01	6.81e-01	5.28e-04	2.20e-06	0.00e+00	0.00e+00	0.00e+00	0.00e+00	0.00e+00	0.00e+00
 6.78312e+22	8.30e-03	3.11e-01	6.80e-01	4.99e-04	2.09e-06	0.00e+00	0.00e+00	0.00e+00	0.00e+00	0.00e+00	0.00e+00
 6.78835e+22	8.52e-03	3.13e-01	6.78e-01	4.72e-04	1.98e-06	0.00e+00	0.00e+00	0.00e+00	0.00e+00	0.00e+00	0.00e+00
 6.79358e+22	8.74e-03	3.14e-01	6.77e-01	4.47e-04	1.89e-06	0.00e+00	0.00e+00	0.00e+00	0.00e+00	0.00e+00	0.00e+00
 6.79887e+22	8.98e-03	3.15e-01	6.76e-01	4.23e-04	1.79e-06	0.00e+00	0.00e+00	0.00e+00	0.00e+00	0.00e+00	0.00e+00
 6.80422e+22	9.22e-03	3.16e-01	6.75e-01	4.00e-04	1.71e-06	0.00e+00	0.00e+00	0.00e+00	0.00e+00	0.00e+00	0.00e+00
 6.80963e+22	9.48e-03	3.17e-01	6.73e-01	3.79e-04	1.63e-06	0.00e+00	0.00e+00	0.00e+00	0.00e+00	0.00e+00	0.00e+00
 6.81509e+22	9.74e-03	3.18e-01	6.72e-01	3.59e-04	1.55e-06	0.00e+00	0.00e+00	0.00e+00	0.00e+00	0.00e+00	0.00e+00
 6.82060e+22	1.00e-02	3.19e-01	6.71e-01	3.41e-04	1.48e-06	0.00e+00	0.00e+00	0.00e+00	0.00e+00	0.00e+00	0.00e+00
 6.82617e+22	1.03e-02	3.20e-01	6.69e-01	3.23e-04	1.41e-06	0.00e+00	0.00e+00	0.00e+00	0.00e+00	0.00e+00	0.00e+00
 6.83181e+22	1.06e-02	3.21e-01	6.68e-01	3.07e-04	1.35e-06	0.00e+00	0.00e+00	0.00e+00	0.00e+00	0.00e+00	0.00e+00
 6.83755e+22	1.09e-02	3.22e-01	6.67e-01	2.91e-04	1.29e-06	0.00e+00	0.00e+00	0.00e+00	0.00e+00	0.00e+00	0.00e+00
 6.84341e+22	1.12e-02	3.23e-01	6.65e-01	2.76e-04	1.23e-06	0.00e+00	0.00e+00	0.00e+00	0.00e+00	0.00e+00	0.00e+00
 6.84939e+22	1.16e-02	3.25e-01	6.63e-01	2.62e-04	1.18e-06	0.00e+00	0.00e+00	0.00e+00	0.00e+00	0.00e+00	0.00e+00
 6.85550e+22	1.20e-02	3.26e-01	6.62e-01	2.49e-04	1.13e-06	0.00e+00	0.00e+00	0.00e+00	0.00e+00	0.00e+00	0.00e+00
 6.86174e+22	1.23e-02	3.28e-01	6.60e-01	2.36e-04	1.08e-06	0.00e+00	0.00e+00	0.00e+00	0.00e+00	0.00e+00	0.00e+00
 6.86745e+22	1.27e-02	3.29e-01	6.58e-01	2.26e-04	1.04e-06	0.00e+00	0.00e+00	0.00e+00	0.00e+00	0.00e+00	0.00e+00
 6.87238e+22	1.30e-02	3.30e-01	6.57e-01	2.18e-04	1.01e-06	0.00e+00	0.00e+00	0.00e+00	0.00e+00	0.00e+00	0.00e+00
 6.87737e+22	1.34e-02	3.31e-01	6.55e-01	2.09e-04	9.79e-07	0.00e+00	0.00e+00	0.00e+00	0.00e+00	0.00e+00	0.00e+00
 6.88271e+22	1.38e-02	3.33e-01	6.53e-01	2.01e-04	9.49e-07	0.00e+00	0.00e+00	0.00e+00	0.00e+00	0.00e+00	0.00e+00
 6.88827e+22	1.42e-02	3.35e-01	6.51e-01	1.93e-04	9.18e-07	0.00e+00	0.00e+00	0.00e+00	0.00e+00	0.00e+00	0.00e+00
 6.89392e+22	1.47e-02	3.37e-01	6.49e-01	1.85e-04	8.88e-07	0.00e+00	0.00e+00	0.00e+00	0.00e+00	0.00e+00	0.00e+00
 6.89945e+22	1.51e-02	3.38e-01	6.46e-01	1.78e-04	8.61e-07	0.00e+00	0.00e+00	0.00e+00	0.00e+00	0.00e+00	0.00e+00
 6.90506e+22	1.56e-02	3.40e-01	6.44e-01	1.71e-04	8.36e-07	0.00e+00	0.00e+00	0.00e+00	0.00e+00	0.00e+00	0.00e+00
 6.91089e+22	1.61e-02	3.43e-01	6.41e-01	1.64e-04	8.10e-07	0.00e+00	0.00e+00	0.00e+00	0.00e+00	0.00e+00	0.00e+00
 6.91691e+22	1.67e-02	3.45e-01	6.38e-01	1.58e-04	7.85e-07	0.00e+00	0.00e+00	0.00e+00	0.00e+00	0.00e+00	0.00e+00
 6.92296e+22	1.73e-02	3.47e-01	6.35e-01	1.52e-04	7.62e-07	0.00e+00	0.00e+00	0.00e+00	0.00e+00	0.00e+00	0.00e+00
 6.92905e+22	1.79e-02	3.50e-01	6.32e-01	1.46e-04	7.40e-07	0.00e+00	0.00e+00	0.00e+00	0.00e+00	0.00e+00	0.00e+00
 6.93532e+22	1.85e-02	3.53e-01	6.28e-01	1.40e-04	7.18e-07	0.00e+00	0.00e+00	0.00e+00	0.00e+00	0.00e+00	0.00e+00
 6.94177e+22	1.93e-02	3.56e-01	6.25e-01	1.34e-04	6.97e-07	0.00e+00	0.00e+00	0.00e+00	0.00e+00	0.00e+00	0.00e+00
 6.94832e+22	2.00e-02	3.59e-01	6.21e-01	1.29e-04	6.77e-07	0.00e+00	0.00e+00	0.00e+00	0.00e+00	0.00e+00	0.00e+00
 6.95501e+22	2.08e-02	3.62e-01	6.17e-01	1.24e-04	6.57e-07	0.00e+00	0.00e+00	0.00e+00	0.00e+00	0.00e+00	0.00e+00
 6.96187e+22	2.16e-02	3.66e-01	6.13e-01	1.19e-04	6.37e-07	0.00e+00	0.00e+00	0.00e+00	0.00e+00	0.00e+00	0.00e+00
 6.96876e+22	2.25e-02	3.69e-01	6.08e-01	1.14e-04	6.19e-07	0.00e+00	0.00e+00	0.00e+00	0.00e+00	0.00e+00	0.00e+00
 6.97578e+22	2.34e-02	3.73e-01	6.04e-01	1.09e-04	6.01e-07	0.00e+00	0.00e+00	0.00e+00	0.00e+00	0.00e+00	0.00e+00
 6.98306e+22	2.44e-02	3.77e-01	5.99e-01	1.05e-04	5.83e-07	0.00e+00	0.00e+00	0.00e+00	0.00e+00	0.00e+00	0.00e+00
 6.99055e+22	2.55e-02	3.81e-01	5.94e-01	1.00e-04	5.66e-07	0.00e+00	0.00e+00	0.00e+00	0.00e+00	0.00e+00	0.00e+00
 6.99816e+22	2.66e-02	3.85e-01	5.88e-01	9.61e-05	5.50e-07	0.00e+00	0.00e+00	0.00e+00	0.00e+00	0.00e+00	0.00e+00
 7.00590e+22	2.77e-02	3.89e-01	5.83e-01	9.21e-05	5.34e-07	0.00e+00	0.00e+00	0.00e+00	0.00e+00	0.00e+00	0.00e+00
 7.01390e+22	2.90e-02	3.94e-01	5.77e-01	8.81e-05	5.18e-07	0.00e+00	0.00e+00	0.00e+00	0.00e+00	0.00e+00	0.00e+00
 7.02217e+22	3.03e-02	3.98e-01	5.71e-01	8.42e-05	5.02e-07	0.00e+00	0.00e+00	0.00e+00	0.00e+00	0.00e+00	0.00e+00
 7.03065e+22	3.17e-02	4.03e-01	5.65e-01	8.05e-05	4.87e-07	0.00e+00	0.00e+00	0.00e+00	0.00e+00	0.00e+00	0.00e+00
 7.03935e+22	3.32e-02	4.08e-01	5.59e-01	7.68e-05	4.72e-07	0.00e+00	0.00e+00	0.00e+00	0.00e+00	0.00e+00	0.00e+00
 7.04827e+22	3.48e-02	4.13e-01	5.52e-01	7.34e-05	4.58e-07	0.00e+00	0.00e+00	0.00e+00	0.00e+00	0.00e+00	0.00e+00
 7.05733e+22	3.64e-02	4.18e-01	5.45e-01	7.01e-05	4.44e-07	0.00e+00	0.00e+00	0.00e+00	0.00e+00	0.00e+00	0.00e+00
 7.06651e+22	3.80e-02	4.23e-01	5.39e-01	6.69e-05	4.31e-07	0.00e+00	0.00e+00	0.00e+00	0.00e+00	0.00e+00	0.00e+00
 7.07590e+22	3.99e-02	4.29e-01	5.32e-01	6.38e-05	4.18e-07	0.00e+00	0.00e+00	0.00e+00	0.00e+00	0.00e+00	0.00e+00
 7.08558e+22	4.19e-02	4.34e-01	5.24e-01	6.08e-05	4.05e-07	0.00e+00	0.00e+00	0.00e+00	0.00e+00	0.00e+00	0.00e+00
 7.09563e+22	4.40e-02	4.40e-01	5.16e-01	5.78e-05	3.91e-07	0.00e+00	0.00e+00	0.00e+00	0.00e+00	0.00e+00	0.00e+00
 7.10605e+22	4.62e-02	4.46e-01	5.08e-01	5.51e-05	3.79e-07	0.00e+00	0.00e+00	0.00e+00	0.00e+00	0.00e+00	0.00e+00
 7.11649e+22	4.85e-02	4.52e-01	5.00e-01	5.24e-05	3.67e-07	0.00e+00	0.00e+00	0.00e+00	0.00e+00	0.00e+00	0.00e+00
 7.12702e+22	5.10e-02	4.57e-01	4.91e-01	4.99e-05	3.55e-07	0.00e+00	0.00e+00	0.00e+00	0.00e+00	0.00e+00	0.00e+00
 7.13814e+22	5.36e-02	4.63e-01	4.83e-01	4.73e-05	3.42e-07	0.00e+00	0.00e+00	0.00e+00	0.00e+00	0.00e+00	0.00e+00
 7.14970e+22	5.65e-02	4.69e-01	4.74e-01	4.49e-05	3.30e-07	0.00e+00	0.00e+00	0.00e+00	0.00e+00	0.00e+00	0.00e+00
 7.16147e+22	5.97e-02	4.76e-01	4.65e-01	4.25e-05	3.18e-07	0.00e+00	0.00e+00	0.00e+00	0.00e+00	0.00e+00	0.00e+00
 7.17363e+22	6.31e-02	4.82e-01	4.55e-01	4.02e-05	3.06e-07	0.00e+00	0.00e+00	0.00e+00	0.00e+00	0.00e+00	0.00e+00
 7.18625e+22	6.68e-02	4.89e-01	4.45e-01	3.80e-05	2.93e-07	0.00e+00	0.00e+00	0.00e+00	0.00e+00	0.00e+00	0.00e+00
 7.19907e+22	7.08e-02	4.95e-01	4.34e-01	3.58e-05	2.81e-07	0.00e+00	0.00e+00	0.00e+00	0.00e+00	0.00e+00	0.00e+00
 7.21145e+22	7.47e-02	5.01e-01	4.24e-01	3.39e-05	2.69e-07	0.00e+00	0.00e+00	0.00e+00	0.00e+00	0.00e+00	0.00e+00
 7.22320e+22	7.88e-02	5.07e-01	4.14e-01	3.22e-05	2.59e-07	0.00e+00	0.00e+00	0.00e+00	0.00e+00	0.00e+00	0.00e+00
 7.23454e+22	8.29e-02	5.12e-01	4.05e-01	3.06e-05	2.48e-07	0.00e+00	0.00e+00	0.00e+00	0.00e+00	0.00e+00	0.00e+00
 7.24550e+22	8.71e-02	5.17e-01	3.96e-01	2.91e-05	2.39e-07	0.00e+00	0.00e+00	0.00e+00	0.00e+00	0.00e+00	0.00e+00
 7.25608e+22	9.13e-02	5.22e-01	3.87e-01	2.78e-05	2.29e-07	0.00e+00	0.00e+00	0.00e+00	0.00e+00	0.00e+00	0.00e+00
 7.26630e+22	9.56e-02	5.26e-01	3.78e-01	2.63e-05	2.20e-07	0.00e+00	0.00e+00	0.00e+00	0.00e+00	0.00e+00	0.00e+00
 7.27604e+22	9.99e-02	5.30e-01	3.70e-01	2.49e-05	2.12e-07	0.00e+00	0.00e+00	0.00e+00	0.00e+00	0.00e+00	0.00e+00
 7.28527e+22	1.04e-01	5.34e-01	3.62e-01	2.35e-05	2.04e-07	0.00e+00	0.00e+00	0.00e+00	0.00e+00	0.00e+00	0.00e+00
 7.29389e+22	1.08e-01	5.37e-01	3.54e-01	2.23e-05	1.97e-07	0.00e+00	0.00e+00	0.00e+00	0.00e+00	0.00e+00	0.00e+00
 7.30220e+22	1.13e-01	5.41e-01	3.46e-01	2.12e-05	1.89e-07	0.00e+00	0.00e+00	0.00e+00	0.00e+00	0.00e+00	0.00e+00
 7.31049e+22	1.17e-01	5.44e-01	3.39e-01	2.02e-05	1.82e-07	0.00e+00	0.00e+00	0.00e+00	0.00e+00	0.00e+00	0.00e+00
 7.31850e+22	1.22e-01	5.46e-01	3.32e-01	1.92e-05	1.76e-07	0.00e+00	0.00e+00	0.00e+00	0.00e+00	0.00e+00	0.00e+00
 7.32621e+22	1.26e-01	5.49e-01	3.25e-01	1.83e-05	1.69e-07	0.00e+00	0.00e+00	0.00e+00	0.00e+00	0.00e+00	0.00e+00
 7.33362e+22	1.31e-01	5.51e-01	3.18e-01	1.74e-05	1.63e-07	0.00e+00	0.00e+00	0.00e+00	0.00e+00	0.00e+00	0.00e+00
 7.34079e+22	1.36e-01	5.54e-01	3.11e-01	1.66e-05	1.57e-07	0.00e+00	0.00e+00	0.00e+00	0.00e+00	0.00e+00	0.00e+00
 7.34770e+22	1.40e-01	5.56e-01	3.04e-01	1.59e-05	1.51e-07	0.00e+00	0.00e+00	0.00e+00	0.00e+00	0.00e+00	0.00e+00
 7.35438e+22	1.45e-01	5.58e-01	2.97e-01	1.52e-05	1.46e-07	0.00e+00	0.00e+00	0.00e+00	0.00e+00	0.00e+00	0.00e+00
 7.36083e+22	1.50e-01	5.59e-01	2.91e-01	1.45e-05	1.41e-07	0.00e+00	0.00e+00	0.00e+00	0.00e+00	0.00e+00	0.00e+00
 7.36705e+22	1.55e-01	5.61e-01	2.85e-01	1.39e-05	1.36e-07	0.00e+00	0.00e+00	0.00e+00	0.00e+00	0.00e+00	0.00e+00
 7.37304e+22	1.59e-01	5.62e-01	2.78e-01	1.33e-05	1.31e-07	0.00e+00	0.00e+00	0.00e+00	0.00e+00	0.00e+00	0.00e+00
 7.37883e+22	1.64e-01	5.64e-01	2.72e-01	1.28e-05	1.27e-07	0.00e+00	0.00e+00	0.00e+00	0.00e+00	0.00e+00	0.00e+00
 7.38443e+22	1.69e-01	5.65e-01	2.66e-01	1.23e-05	0.00e+00	0.00e+00	0.00e+00	0.00e+00	0.00e+00	0.00e+00	0.00e+00
 7.38983e+22	1.74e-01	5.66e-01	2.60e-01	1.18e-05	0.00e+00	0.00e+00	0.00e+00	0.00e+00	0.00e+00	0.00e+00	0.00e+00
 7.39487e+22	1.79e-01	5.66e-01	2.55e-01	1.13e-05	0.00e+00	0.00e+00	0.00e+00	0.00e+00	0.00e+00	0.00e+00	0.00e+00
 7.39946e+22	1.84e-01	5.67e-01	2.50e-01	1.10e-05	0.00e+00	0.00e+00	0.00e+00	0.00e+00	0.00e+00	0.00e+00	0.00e+00
 7.40363e+22	1.88e-01	5.67e-01	2.45e-01	1.06e-05	0.00e+00	0.00e+00	0.00e+00	0.00e+00	0.00e+00	0.00e+00	0.00e+00
 7.40743e+22	1.92e-01	5.68e-01	2.40e-01	1.03e-05	0.00e+00	0.00e+00	0.00e+00	0.00e+00	0.00e+00	0.00e+00	0.00e+00
 7.41089e+22	1.96e-01	5.68e-01	2.36e-01	9.99e-06	0.00e+00	0.00e+00	0.00e+00	0.00e+00	0.00e+00	0.00e+00	0.00e+00
 7.41403e+22	2.00e-01	5.68e-01	2.32e-01	9.73e-06	0.00e+00	0.00e+00	0.00e+00	0.00e+00	0.00e+00	0.00e+00	0.00e+00
 7.41689e+22	2.03e-01	5.68e-01	2.29e-01	9.50e-06	0.00e+00	0.00e+00	0.00e+00	0.00e+00	0.00e+00	0.00e+00	0.00e+00
 7.42003e+22	2.07e-01	5.68e-01	2.25e-01	9.22e-06	0.00e+00	0.00e+00	0.00e+00	0.00e+00	0.00e+00	0.00e+00	0.00e+00
 7.42341e+22	2.11e-01	5.68e-01	2.21e-01	8.97e-06	0.00e+00	0.00e+00	0.00e+00	0.00e+00	0.00e+00	0.00e+00	0.00e+00
 7.42650e+22	2.15e-01	5.68e-01	2.18e-01	8.75e-06	0.00e+00	0.00e+00	0.00e+00	0.00e+00	0.00e+00	0.00e+00	0.00e+00
 7.42930e+22	2.18e-01	5.68e-01	2.14e-01	8.54e-06	0.00e+00	0.00e+00	0.00e+00	0.00e+00	0.00e+00	0.00e+00	0.00e+00
 7.43185e+22	2.21e-01	5.67e-01	2.12e-01	8.37e-06	0.00e+00	0.00e+00	0.00e+00	0.00e+00	0.00e+00	0.00e+00	0.00e+00
 7.43465e+22	2.25e-01	5.67e-01	2.08e-01	8.13e-06	0.00e+00	0.00e+00	0.00e+00	0.00e+00	0.00e+00	0.00e+00	0.00e+00
 7.43828e+22	2.31e-01	5.66e-01	2.03e-01	7.85e-06	0.00e+00	0.00e+00	0.00e+00	0.00e+00	0.00e+00	0.00e+00	0.00e+00
 7.44220e+22	2.35e-01	5.66e-01	2.00e-01	7.62e-06	0.00e+00	0.00e+00	0.00e+00	0.00e+00	0.00e+00	0.00e+00	0.00e+00
 7.44577e+22	2.39e-01	5.65e-01	1.96e-01	7.39e-06	0.00e+00	0.00e+00	0.00e+00	0.00e+00	0.00e+00	0.00e+00	0.00e+00
 7.44902e+22	2.43e-01	5.65e-01	1.92e-01	7.19e-06	0.00e+00	0.00e+00	0.00e+00	0.00e+00	0.00e+00	0.00e+00	0.00e+00
 7.45198e+22	2.46e-01	5.64e-01	1.90e-01	7.03e-06	0.00e+00	0.00e+00	0.00e+00	0.00e+00	0.00e+00	0.00e+00	0.00e+00
 7.45522e+22	2.51e-01	5.63e-01	1.86e-01	6.81e-06	0.00e+00	0.00e+00	0.00e+00	0.00e+00	0.00e+00	0.00e+00	0.00e+00
 7.45943e+22	2.57e-01	5.62e-01	1.81e-01	6.55e-06	0.00e+00	0.00e+00	0.00e+00	0.00e+00	0.00e+00	0.00e+00	0.00e+00
 7.46398e+22	2.61e-01	5.61e-01	1.78e-01	6.35e-06	0.00e+00	0.00e+00	0.00e+00	0.00e+00	0.00e+00	0.00e+00	0.00e+00
 7.46812e+22	2.66e-01	5.60e-01	1.74e-01	6.12e-06	0.00e+00	0.00e+00	0.00e+00	0.00e+00	0.00e+00	0.00e+00	0.00e+00
 7.47188e+22	2.71e-01	5.59e-01	1.71e-01	5.94e-06	0.00e+00	0.00e+00	0.00e+00	0.00e+00	0.00e+00	0.00e+00	0.00e+00
 7.47531e+22	2.75e-01	5.58e-01	1.67e-01	5.76e-06	0.00e+00	0.00e+00	0.00e+00	0.00e+00	0.00e+00	0.00e+00	0.00e+00
 7.47843e+22	2.79e-01	5.56e-01	1.64e-01	5.61e-06	0.00e+00	0.00e+00	0.00e+00	0.00e+00	0.00e+00	0.00e+00	0.00e+00
 7.48185e+22	2.84e-01	5.55e-01	1.61e-01	5.42e-06	0.00e+00	0.00e+00	0.00e+00	0.00e+00	0.00e+00	0.00e+00	0.00e+00
 7.48553e+22	2.89e-01	5.53e-01	1.57e-01	5.26e-06	0.00e+00	0.00e+00	0.00e+00	0.00e+00	0.00e+00	0.00e+00	0.00e+00
 7.48889e+22	2.93e-01	5.52e-01	1.55e-01	5.12e-06	0.00e+00	0.00e+00	0.00e+00	0.00e+00	0.00e+00	0.00e+00	0.00e+00
 7.49257e+22	2.99e-01	5.50e-01	1.51e-01	4.93e-06	0.00e+00	0.00e+00	0.00e+00	0.00e+00	0.00e+00	0.00e+00	0.00e+00
 7.49654e+22	3.04e-01	5.48e-01	1.47e-01	4.76e-06	0.00e+00	0.00e+00	0.00e+00	0.00e+00	0.00e+00	0.00e+00	0.00e+00
 7.50016e+22	3.09e-01	5.46e-01	1.44e-01	4.62e-06	0.00e+00	0.00e+00	0.00e+00	0.00e+00	0.00e+00	0.00e+00	0.00e+00
 7.50344e+22	3.14e-01	5.45e-01	1.42e-01	4.48e-06	0.00e+00	0.00e+00	0.00e+00	0.00e+00	0.00e+00	0.00e+00	0.00e+00
 7.50644e+22	3.18e-01	5.43e-01	1.39e-01	4.36e-06	0.00e+00	0.00e+00	0.00e+00	0.00e+00	0.00e+00	0.00e+00	0.00e+00
 7.50916e+22	3.23e-01	5.41e-01	1.36e-01	4.24e-06	0.00e+00	0.00e+00	0.00e+00	0.00e+00	0.00e+00	0.00e+00	0.00e+00
 7.51164e+22	3.26e-01	5.40e-01	1.34e-01	4.16e-06	0.00e+00	0.00e+00	0.00e+00	0.00e+00	0.00e+00	0.00e+00	0.00e+00
 7.51435e+22	3.31e-01	5.38e-01	1.32e-01	4.04e-06	0.00e+00	0.00e+00	0.00e+00	0.00e+00	0.00e+00	0.00e+00	0.00e+00
 7.51788e+22	3.37e-01	5.35e-01	1.28e-01	3.89e-06	0.00e+00	0.00e+00	0.00e+00	0.00e+00	0.00e+00	0.00e+00	0.00e+00
 7.52170e+22	3.41e-01	5.33e-01	1.26e-01	3.78e-06	0.00e+00	0.00e+00	0.00e+00	0.00e+00	0.00e+00	0.00e+00	0.00e+00
 7.52516e+22	3.46e-01	5.31e-01	1.23e-01	3.66e-06	0.00e+00	0.00e+00	0.00e+00	0.00e+00	0.00e+00	0.00e+00	0.00e+00
 7.52832e+22	3.51e-01	5.29e-01	1.21e-01	3.56e-06	0.00e+00	0.00e+00	0.00e+00	0.00e+00	0.00e+00	0.00e+00	0.00e+00
 7.53119e+22	3.55e-01	5.27e-01	1.18e-01	3.47e-06	0.00e+00	0.00e+00	0.00e+00	0.00e+00	0.00e+00	0.00e+00	0.00e+00
 7.53434e+22	3.60e-01	5.24e-01	1.16e-01	3.35e-06	0.00e+00	0.00e+00	0.00e+00	0.00e+00	0.00e+00	0.00e+00	0.00e+00
 7.53774e+22	3.65e-01	5.22e-01	1.13e-01	3.26e-06	0.00e+00	0.00e+00	0.00e+00	0.00e+00	0.00e+00	0.00e+00	0.00e+00
 7.54083e+22	3.69e-01	5.20e-01	1.11e-01	3.17e-06	0.00e+00	0.00e+00	0.00e+00	0.00e+00	0.00e+00	0.00e+00	0.00e+00
 7.54422e+22	3.74e-01	5.17e-01	1.09e-01	3.07e-06	0.00e+00	0.00e+00	0.00e+00	0.00e+00	0.00e+00	0.00e+00	0.00e+00
 7.54787e+22	3.79e-01	5.15e-01	1.06e-01	2.97e-06	0.00e+00	0.00e+00	0.00e+00	0.00e+00	0.00e+00	0.00e+00	0.00e+00
 7.55120e+22	3.83e-01	5.12e-01	1.04e-01	2.89e-06	0.00e+00	0.00e+00	0.00e+00	0.00e+00	0.00e+00	0.00e+00	0.00e+00
 7.55485e+22	3.89e-01	5.09e-01	1.02e-01	2.79e-06	0.00e+00	0.00e+00	0.00e+00	0.00e+00	0.00e+00	0.00e+00	0.00e+00
 7.55879e+22	3.93e-01	5.07e-01	9.98e-02	2.70e-06	0.00e+00	0.00e+00	0.00e+00	0.00e+00	0.00e+00	0.00e+00	0.00e+00
 7.56237e+22	3.98e-01	5.04e-01	9.75e-02	2.62e-06	0.00e+00	0.00e+00	0.00e+00	0.00e+00	0.00e+00	0.00e+00	0.00e+00
 7.56563e+22	4.02e-01	5.02e-01	9.61e-02	2.56e-06	0.00e+00	0.00e+00	0.00e+00	0.00e+00	0.00e+00	0.00e+00	0.00e+00
 7.56920e+22	4.07e-01	4.99e-01	9.37e-02	2.47e-06	0.00e+00	0.00e+00	0.00e+00	0.00e+00	0.00e+00	0.00e+00	0.00e+00
 7.57306e+22	4.12e-01	4.96e-01	9.18e-02	2.40e-06	0.00e+00	0.00e+00	0.00e+00	0.00e+00	0.00e+00	0.00e+00	0.00e+00
 7.57657e+22	4.16e-01	4.94e-01	9.02e-02	2.33e-06	0.00e+00	0.00e+00	0.00e+00	0.00e+00	0.00e+00	0.00e+00	0.00e+00
 7.58042e+22	4.22e-01	4.91e-01	8.78e-02	2.25e-06	0.00e+00	0.00e+00	0.00e+00	0.00e+00	0.00e+00	0.00e+00	0.00e+00
