#depth	O	O+	O+2	O+3	O+4	O+5	O+6	O+7	O+8	O[1]	O[2]	O[3]
 4.62852e+21	2.46e-16	7.67e-12	1.62e-08	3.69e-06	1.55e-04	2.05e-03	1.51e-01	4.96e-01	3.51e-01	2.46e-16	2.05e-26	2.16e-26
 1.03266e+22	2.88e-15	6.61e-11	1.06e-07	1.83e-05	5.72e-04	5.10e-03	2.42e-01	5.15e-01	2.37e-01	2.88e-15	6.00e-25	6.77e-25
 1.19310e+22	8.83e-15	1.77e-10	2.55e-07	3.96e-05	1.09e-03	8.03e-03	3.00e-01	5.06e-01	1.85e-01	8.83e-15	1.99e-24	2.23e-24
 1.27332e+22	1.47e-14	2.79e-10	3.86e-07	5.74e-05	1.49e-03	1.00e-02	3.32e-01	4.96e-01	1.61e-01	1.47e-14	3.47e-24	3.87e-24
 1.30916e+22	1.74e-14	3.23e-10	4.42e-07	6.49e-05	1.66e-03	1.08e-02	3.43e-01	4.91e-01	1.53e-01	1.74e-14	4.16e-24	4.64e-24
 1.33009e+22	2.14e-14	3.89e-10	5.25e-07	7.59e-05	1.89e-03	1.19e-02	3.57e-01	4.85e-01	1.43e-01	2.14e-14	5.22e-24	5.81e-24
 1.35106e+22	2.50e-14	4.47e-10	5.98e-07	8.55e-05	2.10e-03	1.28e-02	3.69e-01	4.80e-01	1.36e-01	2.50e-14	6.18e-24	6.87e-24
 1.37206e+22	3.04e-14	5.32e-10	7.05e-07	9.96e-05	2.39e-03	1.41e-02	3.84e-01	4.73e-01	1.27e-01	3.04e-14	7.64e-24	8.49e-24
 1.39332e+22	3.53e-14	6.09e-10	8.00e-07	1.12e-04	2.65e-03	1.52e-02	3.95e-01	4.67e-01	1.20e-01	3.53e-14	9.01e-24	1.00e-23
 1.41492e+22	4.24e-14	7.20e-10	9.40e-07	1.30e-04	3.02e-03	1.67e-02	4.10e-01	4.58e-01	1.12e-01	4.24e-14	1.11e-23	1.22e-23
 1.43632e+22	4.85e-14	8.15e-10	1.06e-06	1.45e-04	3.32e-03	1.79e-02	4.21e-01	4.52e-01	1.06e-01	4.85e-14	1.28e-23	1.42e-23
 1.45745e+22	5.72e-14	9.49e-10	1.23e-06	1.67e-04	3.75e-03	1.96e-02	4.36e-01	4.42e-01	9.80e-02	5.72e-14	1.55e-23	1.71e-23
 1.47861e+22	6.48e-14	1.06e-09	1.37e-06	1.86e-04	4.11e-03	2.10e-02	4.47e-01	4.35e-01	9.25e-02	6.48e-14	1.78e-23	1.97e-23
 1.49978e+22	7.55e-14	1.23e-09	1.58e-06	2.13e-04	4.62e-03	2.29e-02	4.61e-01	4.25e-01	8.57e-02	7.55e-14	2.12e-23	2.33e-23
 1.52099e+22	8.48e-14	1.37e-09	1.76e-06	2.36e-04	5.05e-03	2.44e-02	4.72e-01	4.18e-01	8.08e-02	8.48e-14	2.42e-23	2.66e-23
 1.54225e+22	9.76e-14	1.56e-09	2.01e-06	2.69e-04	5.65e-03	2.65e-02	4.86e-01	4.07e-01	7.47e-02	9.76e-14	2.84e-23	3.13e-23
 1.56361e+22	1.09e-13	1.73e-09	2.23e-06	2.97e-04	6.15e-03	2.83e-02	4.96e-01	3.99e-01	7.03e-02	1.09e-13	3.22e-23	3.54e-23
 1.58509e+22	1.24e-13	1.97e-09	2.54e-06	3.37e-04	6.86e-03	3.07e-02	5.09e-01	3.88e-01	6.48e-02	1.24e-13	3.76e-23	4.13e-23
 1.60675e+22	1.38e-13	2.17e-09	2.81e-06	3.72e-04	7.45e-03	3.26e-02	5.19e-01	3.80e-01	6.08e-02	1.38e-13	4.25e-23	4.65e-23
 1.62862e+22	1.56e-13	2.45e-09	3.19e-06	4.21e-04	8.28e-03	3.53e-02	5.32e-01	3.68e-01	5.59e-02	1.56e-13	4.92e-23	5.39e-23
 1.65075e+22	1.72e-13	2.71e-09	3.52e-06	4.64e-04	8.98e-03	3.75e-02	5.41e-01	3.59e-01	5.24e-02	1.72e-13	5.54e-23	6.06e-23
 1.67322e+22	1.94e-13	3.05e-09	3.99e-06	5.25e-04	9.96e-03	4.06e-02	5.53e-01	3.48e-01	4.80e-02	1.94e-13	6.39e-23	6.98e-23
 1.69608e+22	2.15e-13	3.36e-09	4.42e-06	5.79e-04	1.08e-02	4.31e-02	5.62e-01	3.38e-01	4.48e-02	2.15e-13	7.20e-23	7.85e-23
 1.71946e+22	2.41e-13	3.78e-09	5.01e-06	6.56e-04	1.20e-02	4.66e-02	5.74e-01	3.26e-01	4.08e-02	2.41e-13	8.29e-23	9.03e-23
 1.74336e+22	2.67e-13	4.18e-09	5.55e-06	7.25e-04	1.30e-02	4.95e-02	5.82e-01	3.17e-01	3.79e-02	2.67e-13	9.37e-23	1.02e-22
 1.76793e+22	3.00e-13	4.71e-09	6.32e-06	8.24e-04	1.44e-02	5.35e-02	5.93e-01	3.04e-01	3.43e-02	3.00e-13	1.08e-22	1.18e-22
 1.79119e+22	3.28e-13	5.15e-09	6.91e-06	8.98e-04	1.54e-02	5.62e-02	5.99e-01	2.96e-01	3.22e-02	3.28e-13	1.20e-22	1.31e-22
 1.81273e+22	3.63e-13	5.71e-09	7.73e-06	1.00e-03	1.67e-02	6.00e-02	6.08e-01	2.85e-01	2.95e-02	3.63e-13	1.37e-22	1.48e-22
 1.83425e+22	3.94e-13	6.21e-09	8.43e-06	1.09e-03	1.79e-02	6.30e-02	6.13e-01	2.77e-01	2.76e-02	3.94e-13	1.51e-22	1.64e-22
 1.85574e+22	4.32e-13	6.86e-09	9.39e-06	1.21e-03	1.94e-02	6.71e-02	6.21e-01	2.66e-01	2.52e-02	4.32e-13	1.69e-22	1.84e-22
 1.87731e+22	4.71e-13	7.48e-09	1.03e-05	1.32e-03	2.07e-02	7.02e-02	6.26e-01	2.59e-01	2.36e-02	4.71e-13	1.88e-22	2.04e-22
 1.89897e+22	5.17e-13	8.27e-09	1.14e-05	1.46e-03	2.24e-02	7.47e-02	6.32e-01	2.48e-01	2.16e-02	5.17e-13	2.11e-22	2.29e-22
 1.92087e+22	5.65e-13	9.04e-09	1.25e-05	1.59e-03	2.38e-02	7.81e-02	6.36e-01	2.41e-01	2.01e-02	5.65e-13	2.35e-22	2.55e-22
 1.94308e+22	6.22e-13	1.00e-08	1.40e-05	1.77e-03	2.58e-02	8.29e-02	6.41e-01	2.30e-01	1.83e-02	6.22e-13	2.65e-22	2.88e-22
 1.96556e+22	6.80e-13	1.10e-08	1.53e-05	1.93e-03	2.74e-02	8.67e-02	6.44e-01	2.23e-01	1.70e-02	6.80e-13	2.96e-22	3.21e-22
 1.98838e+22	7.51e-13	1.22e-08	1.72e-05	2.15e-03	2.96e-02	9.19e-02	6.48e-01	2.13e-01	1.55e-02	7.51e-13	3.36e-22	3.64e-22
 2.01154e+22	8.26e-13	1.35e-08	1.89e-05	2.34e-03	3.15e-02	9.61e-02	6.50e-01	2.05e-01	1.43e-02	8.26e-13	3.77e-22	4.09e-22
 2.03513e+22	9.16e-13	1.51e-08	2.13e-05	2.62e-03	3.41e-02	1.02e-01	6.53e-01	1.95e-01	1.29e-02	9.16e-13	4.29e-22	4.66e-22
 2.05914e+22	1.01e-12	1.67e-08	2.35e-05	2.86e-03	3.62e-02	1.06e-01	6.55e-01	1.88e-01	1.20e-02	1.01e-12	4.85e-22	5.27e-22
 2.08370e+22	1.13e-12	1.88e-08	2.66e-05	3.20e-03	3.92e-02	1.13e-01	6.56e-01	1.78e-01	1.07e-02	1.13e-12	5.58e-22	6.06e-22
 2.10878e+22	1.26e-12	2.10e-08	2.95e-05	3.51e-03	4.17e-02	1.18e-01	6.56e-01	1.71e-01	9.88e-03	1.26e-12	6.37e-22	6.93e-22
 2.13454e+22	1.42e-12	2.38e-08	3.36e-05	3.94e-03	4.52e-02	1.25e-01	6.56e-01	1.61e-01	8.80e-03	1.42e-12	7.38e-22	8.02e-22
 2.16055e+22	1.59e-12	2.67e-08	3.75e-05	4.33e-03	4.80e-02	1.30e-01	6.55e-01	1.54e-01	8.07e-03	1.59e-12	8.47e-22	9.21e-22
 2.18687e+22	1.80e-12	3.05e-08	4.29e-05	4.87e-03	5.19e-02	1.37e-01	6.53e-01	1.45e-01	7.17e-03	1.80e-12	9.92e-22	1.08e-21
 2.21352e+22	2.03e-12	3.44e-08	4.80e-05	5.35e-03	5.52e-02	1.43e-01	6.51e-01	1.38e-01	6.55e-03	2.03e-12	1.15e-21	1.25e-21
 2.23653e+22	2.25e-12	3.83e-08	5.32e-05	5.84e-03	5.85e-02	1.49e-01	6.49e-01	1.32e-01	5.99e-03	2.25e-12	1.31e-21	1.42e-21
 2.26236e+22	2.58e-12	4.41e-08	6.10e-05	6.54e-03	6.29e-02	1.57e-01	6.44e-01	1.24e-01	5.32e-03	2.58e-12	1.54e-21	1.68e-21
 2.28670e+22	2.86e-12	4.89e-08	6.69e-05	7.06e-03	6.60e-02	1.62e-01	6.41e-01	1.19e-01	4.93e-03	2.86e-12	1.75e-21	1.91e-21
 2.30908e+22	3.24e-12	5.55e-08	7.54e-05	7.78e-03	7.01e-02	1.68e-01	6.37e-01	1.13e-01	4.45e-03	3.24e-12	2.04e-21	2.23e-21
 2.33218e+22	3.64e-12	6.21e-08	8.34e-05	8.44e-03	7.38e-02	1.74e-01	6.32e-01	1.08e-01	4.10e-03	3.64e-12	2.35e-21	2.56e-21
 2.35621e+22	4.16e-12	7.12e-08	9.47e-05	9.35e-03	7.86e-02	1.81e-01	6.26e-01	1.01e-01	3.66e-03	4.16e-12	2.77e-21	3.02e-21
 2.38029e+22	4.69e-12	8.00e-08	1.05e-04	1.01e-02	8.26e-02	1.87e-01	6.21e-01	9.67e-02	3.36e-03	4.69e-12	3.20e-21	3.49e-21
 2.40442e+22	5.40e-12	9.22e-08	1.19e-04	1.12e-02	8.79e-02	1.94e-01	6.13e-01	9.07e-02	3.00e-03	5.40e-12	3.80e-21	4.15e-21
 2.42898e+22	6.14e-12	1.04e-07	1.33e-04	1.22e-02	9.24e-02	2.00e-01	6.07e-01	8.63e-02	2.74e-03	6.14e-12	4.43e-21	4.84e-21
 2.45410e+22	7.15e-12	1.21e-07	1.52e-04	1.35e-02	9.83e-02	2.08e-01	5.97e-01	8.06e-02	2.43e-03	7.15e-12	5.33e-21	5.83e-21
 2.47969e+22	8.21e-12	1.38e-07	1.70e-04	1.47e-02	1.03e-01	2.14e-01	5.90e-01	7.63e-02	2.21e-03	8.21e-12	6.29e-21	6.89e-21
 2.50590e+22	9.70e-12	1.62e-07	1.96e-04	1.64e-02	1.10e-01	2.22e-01	5.79e-01	7.09e-02	1.94e-03	9.70e-12	7.70e-21	8.43e-21
 2.53271e+22	1.13e-11	1.87e-07	2.21e-04	1.79e-02	1.16e-01	2.28e-01	5.70e-01	6.68e-02	1.75e-03	1.13e-11	9.22e-21	1.01e-20
 2.56029e+22	1.36e-11	2.23e-07	2.56e-04	2.00e-02	1.23e-01	2.36e-01	5.57e-01	6.17e-02	1.53e-03	1.36e-11	1.15e-20	1.26e-20
 2.58804e+22	1.59e-11	2.57e-07	2.89e-04	2.18e-02	1.30e-01	2.42e-01	5.47e-01	5.80e-02	1.38e-03	1.59e-11	1.39e-20	1.52e-20
 2.61600e+22	1.93e-11	3.08e-07	3.36e-04	2.43e-02	1.38e-01	2.50e-01	5.33e-01	5.33e-02	1.20e-03	1.93e-11	1.75e-20	1.92e-20
 2.64435e+22	2.28e-11	3.58e-07	3.80e-04	2.65e-02	1.45e-01	2.55e-01	5.22e-01	4.99e-02	1.07e-03	2.28e-11	2.13e-20	2.34e-20
 2.67320e+22	2.80e-11	4.32e-07	4.44e-04	2.96e-02	1.54e-01	2.63e-01	5.07e-01	4.56e-02	9.23e-04	2.80e-11	2.73e-20	3.00e-20
 2.70242e+22	3.34e-11	5.05e-07	5.04e-04	3.24e-02	1.61e-01	2.68e-01	4.94e-01	4.25e-02	8.21e-04	3.34e-11	3.36e-20	3.70e-20
 2.73212e+22	4.17e-11	6.15e-07	5.91e-04	3.62e-02	1.71e-01	2.75e-01	4.77e-01	3.86e-02	7.04e-04	4.17e-11	4.37e-20	4.81e-20
 2.76240e+22	5.03e-11	7.25e-07	6.74e-04	3.96e-02	1.80e-01	2.80e-01	4.63e-01	3.57e-02	6.19e-04	5.03e-11	5.45e-20	6.00e-20
 2.79343e+22	6.38e-11	8.90e-07	7.92e-04	4.42e-02	1.90e-01	2.86e-01	4.45e-01	3.23e-02	5.27e-04	6.38e-11	7.22e-20	7.95e-20
 2.82487e+22	7.79e-11	1.06e-06	9.08e-04	4.85e-02	2.00e-01	2.91e-01	4.30e-01	2.96e-02	4.59e-04	7.79e-11	9.14e-20	1.01e-19
 2.85235e+22	9.46e-11	1.25e-06	1.03e-03	5.28e-02	2.08e-01	2.95e-01	4.16e-01	2.72e-02	4.03e-04	9.46e-11	1.15e-19	1.27e-19
 2.88362e+22	1.21e-10	1.54e-06	1.21e-03	5.88e-02	2.20e-01	2.99e-01	3.96e-01	2.44e-02	3.39e-04	1.21e-10	1.54e-19	1.70e-19
 2.91279e+22	1.44e-10	1.78e-06	1.36e-03	6.32e-02	2.28e-01	3.01e-01	3.83e-01	2.26e-02	3.01e-04	1.44e-10	1.88e-19	2.08e-19
 2.93926e+22	1.77e-10	2.11e-06	1.55e-03	6.89e-02	2.37e-01	3.04e-01	3.68e-01	2.06e-02	2.61e-04	1.77e-10	2.41e-19	2.66e-19
 2.96702e+22	2.15e-10	2.47e-06	1.75e-03	7.44e-02	2.46e-01	3.06e-01	3.53e-01	1.89e-02	2.28e-04	2.15e-10	3.02e-19	3.33e-19
 2.99206e+22	2.57e-10	2.86e-06	1.95e-03	7.99e-02	2.54e-01	3.07e-01	3.40e-01	1.74e-02	2.01e-04	2.57e-10	3.72e-19	4.12e-19
 3.02023e+22	3.23e-10	3.44e-06	2.24e-03	8.72e-02	2.65e-01	3.07e-01	3.23e-01	1.56e-02	1.71e-04	3.23e-10	4.87e-19	5.39e-19
 3.04958e+22	3.96e-10	4.05e-06	2.53e-03	9.41e-02	2.74e-01	3.08e-01	3.08e-01	1.42e-02	1.48e-04	3.96e-10	6.18e-19	6.84e-19
 3.07593e+22	4.80e-10	4.73e-06	2.84e-03	1.01e-01	2.82e-01	3.07e-01	2.94e-01	1.29e-02	1.29e-04	4.80e-10	7.75e-19	8.59e-19
 3.10566e+22	6.13e-10	5.74e-06	3.27e-03	1.10e-01	2.92e-01	3.06e-01	2.77e-01	1.15e-02	1.08e-04	6.13e-10	1.03e-18	1.15e-18
 3.13609e+22	7.55e-10	6.76e-06	3.69e-03	1.19e-01	3.01e-01	3.04e-01	2.62e-01	1.03e-02	9.25e-05	7.55e-10	1.32e-18	1.46e-18
 3.16306e+22	9.23e-10	7.91e-06	4.14e-03	1.27e-01	3.09e-01	3.02e-01	2.48e-01	9.31e-03	7.96e-05	9.23e-10	1.67e-18	1.85e-18
 3.19374e+22	1.19e-09	9.62e-06	4.76e-03	1.38e-01	3.19e-01	2.98e-01	2.32e-01	8.18e-03	6.58e-05	1.19e-09	2.25e-18	2.50e-18
 3.22533e+22	1.48e-09	1.14e-05	5.38e-03	1.48e-01	3.27e-01	2.95e-01	2.18e-01	7.28e-03	5.56e-05	1.48e-09	2.91e-18	3.23e-18
 3.25348e+22	1.82e-09	1.34e-05	6.03e-03	1.58e-01	3.34e-01	2.91e-01	2.05e-01	6.50e-03	4.73e-05	1.82e-09	3.72e-18	4.14e-18
 3.28549e+22	2.37e-09	1.63e-05	6.94e-03	1.72e-01	3.43e-01	2.85e-01	1.89e-01	5.63e-03	3.84e-05	2.37e-09	5.08e-18	5.65e-18
 3.31856e+22	2.99e-09	1.95e-05	7.85e-03	1.84e-01	3.49e-01	2.79e-01	1.75e-01	4.94e-03	3.19e-05	2.99e-09	6.66e-18	7.41e-18
 3.34811e+22	3.71e-09	2.29e-05	8.80e-03	1.96e-01	3.55e-01	2.73e-01	1.63e-01	4.36e-03	2.67e-05	3.71e-09	8.60e-18	9.58e-18
 3.38162e+22	4.89e-09	2.81e-05	1.01e-02	2.11e-01	3.62e-01	2.64e-01	1.49e-01	3.71e-03	2.13e-05	4.89e-09	1.19e-17	1.33e-17
 3.41591e+22	6.18e-09	3.35e-05	1.14e-02	2.25e-01	3.67e-01	2.57e-01	1.37e-01	3.22e-03	1.74e-05	6.18e-09	1.57e-17	1.75e-17
 3.44616e+22	7.71e-09	3.94e-05	1.28e-02	2.38e-01	3.71e-01	2.49e-01	1.26e-01	2.81e-03	1.44e-05	7.71e-09	2.04e-17	2.27e-17
 3.48039e+22	1.02e-08	4.84e-05	1.47e-02	2.56e-01	3.75e-01	2.39e-01	1.13e-01	2.36e-03	1.13e-05	1.02e-08	2.83e-17	3.16e-17
 3.51556e+22	1.30e-08	5.77e-05	1.65e-02	2.71e-01	3.77e-01	2.30e-01	1.03e-01	2.01e-03	9.10e-06	1.30e-08	3.76e-17	4.21e-17
 3.54670e+22	1.62e-08	6.79e-05	1.84e-02	2.86e-01	3.79e-01	2.21e-01	9.42e-02	1.74e-03	7.42e-06	1.62e-08	4.90e-17	5.48e-17
 3.58196e+22	2.15e-08	8.32e-05	2.10e-02	3.04e-01	3.80e-01	2.10e-01	8.37e-02	1.44e-03	5.72e-06	2.15e-08	6.85e-17	7.68e-17
 3.61827e+22	2.74e-08	9.93e-05	2.36e-02	3.21e-01	3.80e-01	2.00e-01	7.52e-02	1.21e-03	4.52e-06	2.74e-08	9.14e-17	1.03e-16
 3.65063e+22	3.45e-08	1.17e-04	2.62e-02	3.36e-01	3.78e-01	1.90e-01	6.78e-02	1.03e-03	3.62e-06	3.45e-08	1.20e-16	1.35e-16
 3.68737e+22	4.62e-08	1.44e-04	3.00e-02	3.56e-01	3.76e-01	1.78e-01	5.92e-02	8.29e-04	2.71e-06	4.62e-08	1.70e-16	1.91e-16
 3.72488e+22	5.89e-08	1.71e-04	3.34e-02	3.73e-01	3.73e-01	1.68e-01	5.27e-02	6.91e-04	2.12e-06	5.89e-08	2.27e-16	2.55e-16
 3.76338e+22	7.96e-08	2.12e-04	3.82e-02	3.93e-01	3.67e-01	1.55e-01	4.54e-02	5.48e-04	1.55e-06	7.96e-08	3.25e-16	3.67e-16
 3.80233e+22	1.02e-07	2.52e-04	4.25e-02	4.10e-01	3.62e-01	1.45e-01	4.00e-02	4.51e-04	1.20e-06	1.02e-07	4.35e-16	4.91e-16
 3.84187e+22	1.38e-07	3.12e-04	4.85e-02	4.30e-01	3.54e-01	1.33e-01	3.41e-02	3.52e-04	8.60e-07	1.38e-07	6.27e-16	7.09e-16
 3.88108e+22	1.74e-07	3.68e-04	5.36e-02	4.45e-01	3.47e-01	1.23e-01	2.99e-02	2.90e-04	6.62e-07	1.74e-07	8.30e-16	9.40e-16
 3.91286e+22	2.15e-07	4.25e-04	5.84e-02	4.58e-01	3.41e-01	1.16e-01	2.67e-02	2.43e-04	5.24e-07	2.15e-07	1.06e-15	1.20e-15
 3.94719e+22	2.77e-07	5.07e-04	6.49e-02	4.73e-01	3.32e-01	1.06e-01	2.30e-02	1.95e-04	3.91e-07	2.77e-07	1.45e-15	1.64e-15
 3.98195e+22	3.41e-07	5.86e-04	7.07e-02	4.86e-01	3.24e-01	9.87e-02	2.04e-02	1.62e-04	3.05e-07	3.41e-07	1.86e-15	2.11e-15
 4.01263e+22	4.18e-07	6.75e-04	7.68e-02	4.97e-01	3.16e-01	9.16e-02	1.80e-02	1.34e-04	2.39e-07	4.18e-07	2.38e-15	2.70e-15
 4.04784e+22	5.39e-07	8.05e-04	8.50e-02	5.10e-01	3.05e-01	8.33e-02	1.54e-02	1.06e-04	1.76e-07	5.39e-07	3.23e-15	3.68e-15
 4.08396e+22	6.71e-07	9.36e-04	9.26e-02	5.21e-01	2.96e-01	7.64e-02	1.34e-02	8.63e-05	1.34e-07	6.71e-07	4.20e-15	4.78e-15
 4.11611e+22	8.24e-07	1.08e-03	1.00e-01	5.30e-01	2.86e-01	7.03e-02	1.17e-02	7.08e-05	0.00e+00	8.24e-07	5.39e-15	6.14e-15
 4.15273e+22	1.07e-06	1.29e-03	1.11e-01	5.41e-01	2.74e-01	6.30e-02	9.85e-03	5.49e-05	0.00e+00	1.07e-06	7.39e-15	8.42e-15
 4.18967e+22	1.32e-06	1.49e-03	1.20e-01	5.49e-01	2.64e-01	5.75e-02	8.53e-03	4.44e-05	0.00e+00	1.32e-06	9.55e-15	1.09e-14
 4.22185e+22	1.61e-06	1.71e-03	1.29e-01	5.55e-01	2.54e-01	5.24e-02	7.40e-03	3.60e-05	0.00e+00	1.61e-06	1.22e-14	1.39e-14
 4.25081e+22	1.89e-06	1.91e-03	1.37e-01	5.60e-01	2.46e-01	4.87e-02	6.60e-03	3.05e-05	0.00e+00	1.89e-06	1.49e-14	1.69e-14
 4.28073e+22	2.32e-06	2.19e-03	1.48e-01	5.65e-01	2.36e-01	4.42e-02	5.70e-03	2.46e-05	0.00e+00	2.32e-06	1.91e-14	2.18e-14
 4.31125e+22	2.76e-06	2.46e-03	1.57e-01	5.68e-01	2.27e-01	4.06e-02	5.02e-03	2.04e-05	0.00e+00	2.76e-06	2.35e-14	2.68e-14
 4.33804e+22	3.23e-06	2.75e-03	1.67e-01	5.70e-01	2.18e-01	3.74e-02	4.45e-03	1.71e-05	0.00e+00	3.23e-06	2.86e-14	3.27e-14
 4.36835e+22	3.97e-06	3.15e-03	1.79e-01	5.72e-01	2.08e-01	3.37e-02	3.81e-03	1.36e-05	0.00e+00	3.97e-06	3.67e-14	4.20e-14
 4.39919e+22	4.68e-06	3.53e-03	1.90e-01	5.73e-01	1.99e-01	3.08e-02	3.35e-03	1.13e-05	0.00e+00	4.68e-06	4.50e-14	5.15e-14
 4.42655e+22	5.49e-06	3.93e-03	2.01e-01	5.73e-01	1.91e-01	2.82e-02	2.95e-03	9.38e-06	0.00e+00	5.49e-06	5.49e-14	6.28e-14
 4.45796e+22	6.76e-06	4.53e-03	2.15e-01	5.72e-01	1.81e-01	2.51e-02	2.49e-03	7.35e-06	0.00e+00	6.76e-06	7.09e-14	8.12e-14
 4.48953e+22	7.93e-06	5.04e-03	2.27e-01	5.70e-01	1.73e-01	2.28e-02	2.18e-03	6.07e-06	0.00e+00	7.93e-06	8.64e-14	9.89e-14
 4.52132e+22	9.72e-06	5.78e-03	2.43e-01	5.67e-01	1.62e-01	2.02e-02	1.84e-03	4.74e-06	0.00e+00	9.72e-06	1.11e-13	1.27e-13
 4.55363e+22	1.14e-05	6.45e-03	2.56e-01	5.63e-01	1.54e-01	1.83e-02	1.60e-03	3.86e-06	0.00e+00	1.14e-05	1.36e-13	1.56e-13
 4.58662e+22	1.41e-05	7.41e-03	2.74e-01	5.57e-01	1.44e-01	1.60e-02	1.33e-03	2.98e-06	0.00e+00	1.41e-05	1.76e-13	2.02e-13
 4.61997e+22	1.65e-05	8.26e-03	2.88e-01	5.51e-01	1.36e-01	1.44e-02	1.15e-03	2.41e-06	0.00e+00	1.65e-05	2.16e-13	2.48e-13
 4.64202e+22	1.79e-05	8.70e-03	2.96e-01	5.48e-01	1.32e-01	1.36e-02	1.07e-03	2.16e-06	0.00e+00	1.79e-05	2.39e-13	2.74e-13
 4.65891e+22	1.99e-05	9.34e-03	3.06e-01	5.44e-01	1.28e-01	1.27e-02	9.69e-04	1.88e-06	0.00e+00	1.99e-05	2.73e-13	3.12e-13
 4.68087e+22	2.26e-05	1.02e-02	3.18e-01	5.38e-01	1.22e-01	1.16e-02	8.61e-04	1.59e-06	0.00e+00	2.26e-05	3.20e-13	3.67e-13
 4.70942e+22	2.69e-05	1.14e-02	3.35e-01	5.29e-01	1.14e-01	1.03e-02	7.29e-04	1.25e-06	0.00e+00	2.69e-05	4.00e-13	4.58e-13
 4.74101e+22	3.16e-05	1.27e-02	3.51e-01	5.19e-01	1.07e-01	9.13e-03	6.23e-04	9.96e-07	0.00e+00	3.16e-05	4.90e-13	5.62e-13
 4.77658e+22	3.86e-05	1.45e-02	3.72e-01	5.07e-01	9.84e-02	7.87e-03	5.12e-04	7.53e-07	0.00e+00	3.86e-05	6.34e-13	7.26e-13
 4.81350e+22	4.66e-05	1.65e-02	3.92e-01	4.94e-01	9.07e-02	6.81e-03	4.24e-04	5.74e-07	0.00e+00	4.66e-05	8.03e-13	9.18e-13
 4.84613e+22	5.48e-05	1.83e-02	4.10e-01	4.81e-01	8.42e-02	5.99e-03	3.58e-04	4.51e-07	0.00e+00	5.48e-05	9.89e-13	1.13e-12
 4.88252e+22	6.76e-05	2.10e-02	4.32e-01	4.65e-01	7.65e-02	5.06e-03	2.88e-04	3.31e-07	0.00e+00	6.76e-05	1.29e-12	1.47e-12
 4.92031e+22	8.02e-05	2.36e-02	4.52e-01	4.50e-01	7.02e-02	4.37e-03	2.39e-04	2.54e-07	0.00e+00	8.02e-05	1.61e-12	1.83e-12
 4.94985e+22	9.07e-05	2.55e-02	4.66e-01	4.38e-01	6.58e-02	3.92e-03	2.08e-04	2.08e-07	0.00e+00	9.07e-05	1.89e-12	2.15e-12
 4.97817e+22	1.06e-04	2.83e-02	4.83e-01	4.24e-01	6.08e-02	3.42e-03	1.75e-04	1.63e-07	0.00e+00	1.06e-04	2.32e-12	2.62e-12
 5.00704e+22	1.20e-04	3.06e-02	4.98e-01	4.12e-01	5.67e-02	3.06e-03	1.51e-04	1.33e-07	0.00e+00	1.20e-04	2.72e-12	3.07e-12
 5.03663e+22	1.40e-04	3.39e-02	5.15e-01	3.96e-01	5.21e-02	2.65e-03	1.26e-04	0.00e+00	0.00e+00	1.40e-04	3.34e-12	3.75e-12
 5.06686e+22	1.59e-04	3.68e-02	5.30e-01	3.83e-01	4.82e-02	2.34e-03	1.08e-04	0.00e+00	0.00e+00	1.59e-04	3.96e-12	4.43e-12
 5.09376e+22	1.80e-04	3.99e-02	5.44e-01	3.69e-01	4.47e-02	2.07e-03	9.27e-05	0.00e+00	0.00e+00	1.80e-04	4.68e-12	5.22e-12
 5.12459e+22	2.12e-04	4.43e-02	5.61e-01	3.52e-01	4.04e-02	1.76e-03	7.59e-05	0.00e+00	0.00e+00	2.12e-04	5.81e-12	6.44e-12
 5.15550e+22	2.38e-04	4.78e-02	5.75e-01	3.38e-01	3.74e-02	1.55e-03	6.49e-05	0.00e+00	0.00e+00	2.38e-04	6.82e-12	7.52e-12
 5.18652e+22	2.78e-04	5.28e-02	5.91e-01	3.21e-01	3.37e-02	1.32e-03	5.32e-05	0.00e+00	0.00e+00	2.78e-04	8.42e-12	9.21e-12
 5.21562e+22	3.08e-04	5.63e-02	6.02e-01	3.09e-01	3.13e-02	1.17e-03	4.61e-05	0.00e+00	0.00e+00	3.08e-04	9.68e-12	1.05e-11
 5.23452e+22	3.28e-04	5.86e-02	6.09e-01	3.02e-01	2.98e-02	1.09e-03	4.21e-05	0.00e+00	0.00e+00	3.28e-04	1.06e-11	1.14e-11
 5.25139e+22	3.55e-04	6.16e-02	6.16e-01	2.93e-01	2.82e-02	9.99e-04	3.78e-05	0.00e+00	0.00e+00	3.55e-04	1.18e-11	1.27e-11
 5.27332e+22	3.93e-04	6.58e-02	6.26e-01	2.81e-01	2.62e-02	8.89e-04	3.28e-05	0.00e+00	0.00e+00	3.93e-04	1.36e-11	1.46e-11
 5.30184e+22	4.54e-04	7.20e-02	6.39e-01	2.65e-01	2.35e-02	7.54e-04	2.68e-05	0.00e+00	0.00e+00	4.54e-04	1.66e-11	1.76e-11
 5.32647e+22	4.83e-04	7.49e-02	6.45e-01	2.57e-01	2.22e-02	6.92e-04	2.42e-05	0.00e+00	0.00e+00	4.83e-04	1.82e-11	1.92e-11
 5.34605e+22	5.30e-04	7.94e-02	6.53e-01	2.46e-01	2.06e-02	6.19e-04	2.11e-05	0.00e+00	0.00e+00	5.30e-04	2.08e-11	2.17e-11
 5.37151e+22	5.95e-04	8.53e-02	6.62e-01	2.33e-01	1.88e-02	5.37e-04	1.78e-05	0.00e+00	0.00e+00	5.95e-04	2.45e-11	2.54e-11
 5.40460e+22	6.95e-04	9.40e-02	6.72e-01	2.16e-01	1.65e-02	4.42e-04	1.41e-05	0.00e+00	0.00e+00	6.95e-04	3.06e-11	3.12e-11
 5.43545e+22	7.60e-04	9.92e-02	6.79e-01	2.05e-01	1.51e-02	3.88e-04	1.21e-05	0.00e+00	0.00e+00	7.60e-04	3.50e-11	3.53e-11
 5.46338e+22	8.59e-04	1.07e-01	6.86e-01	1.92e-01	1.35e-02	3.30e-04	9.91e-06	0.00e+00	0.00e+00	8.59e-04	4.19e-11	4.17e-11
 5.49970e+22	1.01e-03	1.18e-01	6.94e-01	1.75e-01	1.17e-02	2.65e-04	7.64e-06	0.00e+00	0.00e+00	1.01e-03	5.30e-11	5.18e-11
 5.53712e+22	1.14e-03	1.27e-01	6.99e-01	1.62e-01	1.03e-02	2.21e-04	6.14e-06	0.00e+00	0.00e+00	1.14e-03	6.37e-11	6.14e-11
 5.57598e+22	1.35e-03	1.40e-01	7.03e-01	1.46e-01	8.74e-03	1.73e-04	4.62e-06	0.00e+00	0.00e+00	1.35e-03	8.18e-11	7.70e-11
 5.61528e+22	1.52e-03	1.51e-01	7.06e-01	1.34e-01	7.62e-03	1.43e-04	3.67e-06	0.00e+00	0.00e+00	1.52e-03	9.86e-11	9.12e-11
 5.65515e+22	1.78e-03	1.66e-01	7.06e-01	1.19e-01	6.42e-03	1.11e-04	2.74e-06	0.00e+00	0.00e+00	1.78e-03	1.26e-10	1.14e-10
 5.69604e+22	2.02e-03	1.79e-01	7.06e-01	1.08e-01	5.52e-03	8.98e-05	2.13e-06	0.00e+00	0.00e+00	2.02e-03	1.53e-10	1.36e-10
 5.73825e+22	2.41e-03	1.98e-01	7.01e-01	9.41e-02	4.55e-03	6.78e-05	1.54e-06	0.00e+00	0.00e+00	2.41e-03	2.00e-10	1.73e-10
 5.78066e+22	2.72e-03	2.12e-01	6.97e-01	8.44e-02	3.89e-03	5.44e-05	1.19e-06	0.00e+00	0.00e+00	2.72e-03	2.42e-10	2.05e-10
 5.82332e+22	3.22e-03	2.34e-01	6.87e-01	7.27e-02	3.17e-03	4.05e-05	8.49e-07	0.00e+00	0.00e+00	3.22e-03	3.14e-10	2.61e-10
 5.86687e+22	3.66e-03	2.51e-01	6.79e-01	6.41e-02	2.67e-03	3.18e-05	6.44e-07	0.00e+00	0.00e+00	3.66e-03	3.83e-10	3.12e-10
 5.91156e+22	4.39e-03	2.77e-01	6.62e-01	5.39e-02	2.13e-03	2.30e-05	4.46e-07	0.00e+00	0.00e+00	4.39e-03	5.02e-10	3.99e-10
 5.95689e+22	5.03e-03	2.99e-01	6.48e-01	4.66e-02	1.77e-03	1.76e-05	3.30e-07	0.00e+00	0.00e+00	5.03e-03	6.16e-10	4.81e-10
 5.99219e+22	5.55e-03	3.15e-01	6.36e-01	4.16e-02	1.54e-03	1.44e-05	2.63e-07	0.00e+00	0.00e+00	5.55e-03	7.16e-10	5.53e-10
 6.02723e+22	6.45e-03	3.41e-01	6.16e-01	3.54e-02	1.27e-03	1.08e-05	1.93e-07	0.00e+00	0.00e+00	6.45e-03	8.90e-10	6.76e-10
 6.06205e+22	7.14e-03	3.60e-01	6.01e-01	3.12e-02	1.09e-03	8.71e-06	1.53e-07	0.00e+00	0.00e+00	7.14e-03	1.04e-09	7.78e-10
 6.09659e+22	8.29e-03	3.89e-01	5.76e-01	2.62e-02	8.97e-04	6.46e-06	0.00e+00	0.00e+00	0.00e+00	8.29e-03	1.28e-09	9.49e-10
 6.13159e+22	9.31e-03	4.12e-01	5.55e-01	2.25e-02	7.61e-04	5.05e-06	0.00e+00	0.00e+00	0.00e+00	9.31e-03	1.51e-09	1.11e-09
 6.16719e+22	1.09e-02	4.45e-01	5.25e-01	1.84e-02	6.16e-04	3.63e-06	0.00e+00	0.00e+00	0.00e+00	1.09e-02	1.89e-09	1.37e-09
 6.20321e+22	1.24e-02	4.73e-01	4.99e-01	1.54e-02	5.13e-04	2.73e-06	0.00e+00	0.00e+00	0.00e+00	1.24e-02	2.26e-09	1.62e-09
 6.23455e+22	1.41e-02	5.01e-01	4.72e-01	1.28e-02	4.29e-04	2.06e-06	0.00e+00	0.00e+00	0.00e+00	1.41e-02	2.69e-09	1.91e-09
 6.27008e+22	1.67e-02	5.39e-01	4.34e-01	1.00e-02	3.40e-04	1.41e-06	0.00e+00	0.00e+00	0.00e+00	1.67e-02	3.39e-09	2.38e-09
 6.30661e+22	1.94e-02	5.73e-01	4.00e-01	7.91e-03	2.74e-04	9.88e-07	0.00e+00	0.00e+00	0.00e+00	1.94e-02	4.13e-09	2.88e-09
 6.33864e+22	2.23e-02	6.05e-01	3.67e-01	6.25e-03	2.24e-04	6.99e-07	0.00e+00	0.00e+00	0.00e+00	2.23e-02	4.99e-09	3.46e-09
 6.37447e+22	2.68e-02	6.45e-01	3.23e-01	4.55e-03	1.71e-04	4.40e-07	0.00e+00	0.00e+00	0.00e+00	2.68e-02	6.35e-09	4.37e-09
 6.41227e+22	3.21e-02	6.82e-01	2.82e-01	3.28e-03	1.31e-04	2.76e-07	0.00e+00	0.00e+00	0.00e+00	3.21e-02	7.99e-09	5.47e-09
 6.44471e+22	3.77e-02	7.13e-01	2.47e-01	2.41e-03	1.03e-04	1.79e-07	0.00e+00	0.00e+00	0.00e+00	3.77e-02	9.78e-09	6.66e-09
 6.47244e+22	4.36e-02	7.38e-01	2.17e-01	1.81e-03	8.27e-05	1.21e-07	0.00e+00	0.00e+00	0.00e+00	4.36e-02	1.17e-08	7.93e-09
 6.50198e+22	5.20e-02	7.65e-01	1.82e-01	1.25e-03	6.23e-05	0.00e+00	0.00e+00	0.00e+00	0.00e+00	5.20e-02	1.46e-08	9.83e-09
 6.53255e+22	6.19e-02	7.86e-01	1.51e-01	8.58e-04	4.70e-05	0.00e+00	0.00e+00	0.00e+00	0.00e+00	6.19e-02	1.80e-08	1.21e-08
 6.55097e+22	6.79e-02	7.94e-01	1.37e-01	7.05e-04	4.09e-05	0.00e+00	0.00e+00	0.00e+00	0.00e+00	6.79e-02	1.99e-08	1.34e-08
 6.55822e+22	7.08e-02	7.98e-01	1.31e-01	6.43e-04	3.81e-05	0.00e+00	0.00e+00	0.00e+00	0.00e+00	7.08e-02	2.09e-08	1.40e-08
 6.56414e+22	7.35e-02	8.01e-01	1.25e-01	5.90e-04	3.58e-05	0.00e+00	0.00e+00	0.00e+00	0.00e+00	7.35e-02	2.19e-08	1.47e-08
 6.57154e+22	7.73e-02	8.05e-01	1.18e-01	5.27e-04	3.28e-05	0.00e+00	0.00e+00	0.00e+00	0.00e+00	7.73e-02	2.32e-08	1.56e-08
 6.57977e+22	8.15e-02	8.08e-01	1.10e-01	4.66e-04	2.99e-05	0.00e+00	0.00e+00	0.00e+00	0.00e+00	8.15e-02	2.47e-08	1.66e-08
 6.58758e+22	8.57e-02	8.10e-01	1.03e-01	4.14e-04	2.74e-05	0.00e+00	0.00e+00	0.00e+00	0.00e+00	8.57e-02	2.62e-08	1.76e-08
 6.59499e+22	9.02e-02	8.12e-01	9.70e-02	3.68e-04	2.50e-05	0.00e+00	0.00e+00	0.00e+00	0.00e+00	9.02e-02	2.78e-08	1.86e-08
 6.60204e+22	9.45e-02	8.14e-01	9.13e-02	3.30e-04	2.30e-05	0.00e+00	0.00e+00	0.00e+00	0.00e+00	9.45e-02	2.94e-08	1.96e-08
 6.60904e+22	9.94e-02	8.15e-01	8.56e-02	2.94e-04	2.10e-05	0.00e+00	0.00e+00	0.00e+00	0.00e+00	9.94e-02	3.11e-08	2.08e-08
 6.61601e+22	1.04e-01	8.15e-01	8.03e-02	2.63e-04	1.93e-05	0.00e+00	0.00e+00	0.00e+00	0.00e+00	1.04e-01	3.28e-08	2.19e-08
 6.62303e+22	1.09e-01	8.15e-01	7.50e-02	2.33e-04	1.75e-05	0.00e+00	0.00e+00	0.00e+00	0.00e+00	1.09e-01	3.47e-08	2.32e-08
 6.63012e+22	1.15e-01	8.15e-01	6.99e-02	2.06e-04	1.59e-05	0.00e+00	0.00e+00	0.00e+00	0.00e+00	1.15e-01	3.68e-08	2.45e-08
 6.63665e+22	1.21e-01	8.14e-01	6.54e-02	1.84e-04	1.45e-05	0.00e+00	0.00e+00	0.00e+00	0.00e+00	1.21e-01	3.88e-08	2.58e-08
 6.64279e+22	1.26e-01	8.12e-01	6.13e-02	1.66e-04	1.33e-05	0.00e+00	0.00e+00	0.00e+00	0.00e+00	1.26e-01	4.08e-08	2.71e-08
 6.64909e+22	1.33e-01	8.10e-01	5.72e-02	1.47e-04	1.21e-05	0.00e+00	0.00e+00	0.00e+00	0.00e+00	1.33e-01	4.30e-08	2.86e-08
 6.65541e+22	1.39e-01	8.08e-01	5.34e-02	1.32e-04	1.11e-05	0.00e+00	0.00e+00	0.00e+00	0.00e+00	1.39e-01	4.52e-08	3.01e-08
 6.66166e+22	1.46e-01	8.04e-01	4.96e-02	1.17e-04	1.00e-05	0.00e+00	0.00e+00	0.00e+00	0.00e+00	1.46e-01	4.77e-08	3.17e-08
 6.66776e+22	1.52e-01	8.01e-01	4.63e-02	1.05e-04	9.15e-06	0.00e+00	0.00e+00	0.00e+00	0.00e+00	1.52e-01	5.00e-08	3.32e-08
 6.67388e+22	1.60e-01	7.97e-01	4.30e-02	9.38e-05	8.29e-06	0.00e+00	0.00e+00	0.00e+00	0.00e+00	1.60e-01	5.27e-08	3.50e-08
 6.68010e+22	1.68e-01	7.92e-01	3.98e-02	8.32e-05	7.46e-06	0.00e+00	0.00e+00	0.00e+00	0.00e+00	1.68e-01	5.55e-08	3.68e-08
 6.68581e+22	1.76e-01	7.87e-01	3.71e-02	7.48e-05	6.79e-06	0.00e+00	0.00e+00	0.00e+00	0.00e+00	1.76e-01	5.81e-08	3.85e-08
 6.69125e+22	1.83e-01	7.82e-01	3.47e-02	6.77e-05	6.21e-06	0.00e+00	0.00e+00	0.00e+00	0.00e+00	1.83e-01	6.07e-08	4.02e-08
 6.69713e+22	1.92e-01	7.76e-01	3.20e-02	6.01e-05	5.56e-06	0.00e+00	0.00e+00	0.00e+00	0.00e+00	1.92e-01	6.38e-08	4.23e-08
 6.70300e+22	2.01e-01	7.70e-01	2.96e-02	5.39e-05	5.04e-06	0.00e+00	0.00e+00	0.00e+00	0.00e+00	2.01e-01	6.68e-08	4.42e-08
 6.70855e+22	2.10e-01	7.63e-01	2.75e-02	4.84e-05	4.55e-06	0.00e+00	0.00e+00	0.00e+00	0.00e+00	2.10e-01	6.98e-08	4.62e-08
 6.71411e+22	2.20e-01	7.55e-01	2.54e-02	4.34e-05	4.09e-06	0.00e+00	0.00e+00	0.00e+00	0.00e+00	2.20e-01	7.30e-08	4.83e-08
 6.71943e+22	2.29e-01	7.47e-01	2.35e-02	3.92e-05	3.70e-06	0.00e+00	0.00e+00	0.00e+00	0.00e+00	2.29e-01	7.61e-08	5.04e-08
 6.72469e+22	2.39e-01	7.39e-01	2.18e-02	3.54e-05	3.34e-06	0.00e+00	0.00e+00	0.00e+00	0.00e+00	2.39e-01	7.93e-08	5.24e-08
 6.73004e+22	2.49e-01	7.31e-01	2.01e-02	3.19e-05	3.00e-06	0.00e+00	0.00e+00	0.00e+00	0.00e+00	2.49e-01	8.26e-08	5.46e-08
 6.73541e+22	2.60e-01	7.21e-01	1.86e-02	2.87e-05	2.70e-06	0.00e+00	0.00e+00	0.00e+00	0.00e+00	2.60e-01	8.60e-08	5.68e-08
 6.74075e+22	2.71e-01	7.12e-01	1.71e-02	2.59e-05	2.42e-06	0.00e+00	0.00e+00	0.00e+00	0.00e+00	2.71e-01	8.94e-08	5.91e-08
 6.74605e+22	2.82e-01	7.02e-01	1.58e-02	2.35e-05	2.18e-06	0.00e+00	0.00e+00	0.00e+00	0.00e+00	2.82e-01	9.28e-08	6.12e-08
 6.75145e+22	2.94e-01	6.91e-01	1.45e-02	2.12e-05	1.94e-06	0.00e+00	0.00e+00	0.00e+00	0.00e+00	2.94e-01	9.65e-08	6.37e-08
 6.75677e+22	3.06e-01	6.80e-01	1.33e-02	1.92e-05	1.74e-06	0.00e+00	0.00e+00	0.00e+00	0.00e+00	3.06e-01	9.99e-08	6.59e-08
 6.76200e+22	3.19e-01	6.69e-01	1.22e-02	1.74e-05	1.55e-06	0.00e+00	0.00e+00	0.00e+00	0.00e+00	3.19e-01	1.03e-07	6.82e-08
 6.76720e+22	3.31e-01	6.58e-01	1.13e-02	1.58e-05	1.39e-06	0.00e+00	0.00e+00	0.00e+00	0.00e+00	3.31e-01	1.07e-07	7.04e-08
 6.77243e+22	3.44e-01	6.45e-01	1.03e-02	1.43e-05	1.24e-06	0.00e+00	0.00e+00	0.00e+00	0.00e+00	3.44e-01	1.10e-07	7.27e-08
 6.77781e+22	3.58e-01	6.33e-01	9.42e-03	1.30e-05	1.10e-06	0.00e+00	0.00e+00	0.00e+00	0.00e+00	3.58e-01	1.14e-07	7.50e-08
 6.78312e+22	3.72e-01	6.20e-01	8.61e-03	1.18e-05	9.79e-07	0.00e+00	0.00e+00	0.00e+00	0.00e+00	3.72e-01	1.17e-07	7.73e-08
 6.78835e+22	3.86e-01	6.07e-01	7.87e-03	1.08e-05	8.70e-07	0.00e+00	0.00e+00	0.00e+00	0.00e+00	3.86e-01	1.21e-07	7.94e-08
 6.79358e+22	4.00e-01	5.93e-01	7.19e-03	9.81e-06	7.73e-07	0.00e+00	0.00e+00	0.00e+00	0.00e+00	4.00e-01	1.24e-07	8.15e-08
 6.79887e+22	4.14e-01	5.79e-01	6.55e-03	8.94e-06	6.85e-07	0.00e+00	0.00e+00	0.00e+00	0.00e+00	4.14e-01	1.27e-07	8.36e-08
 6.80422e+22	4.29e-01	5.65e-01	5.96e-03	8.16e-06	6.06e-07	0.00e+00	0.00e+00	0.00e+00	0.00e+00	4.29e-01	1.30e-07	8.56e-08
 6.80963e+22	4.44e-01	5.51e-01	5.42e-03	7.44e-06	5.35e-07	0.00e+00	0.00e+00	0.00e+00	0.00e+00	4.44e-01	1.33e-07	8.76e-08
 6.81509e+22	4.59e-01	5.36e-01	4.91e-03	6.79e-06	4.72e-07	0.00e+00	0.00e+00	0.00e+00	0.00e+00	4.59e-01	1.36e-07	8.94e-08
 6.82060e+22	4.74e-01	5.22e-01	4.45e-03	6.20e-06	4.15e-07	0.00e+00	0.00e+00	0.00e+00	0.00e+00	4.74e-01	1.39e-07	9.12e-08
 6.82617e+22	4.89e-01	5.07e-01	4.02e-03	5.67e-06	3.65e-07	0.00e+00	0.00e+00	0.00e+00	0.00e+00	4.89e-01	1.41e-07	9.28e-08
 6.83181e+22	5.05e-01	4.92e-01	3.63e-03	5.19e-06	3.21e-07	0.00e+00	0.00e+00	0.00e+00	0.00e+00	5.05e-01	1.44e-07	9.43e-08
 6.83755e+22	5.20e-01	4.77e-01	3.27e-03	4.74e-06	2.81e-07	0.00e+00	0.00e+00	0.00e+00	0.00e+00	5.20e-01	1.46e-07	9.58e-08
 6.84341e+22	5.36e-01	4.61e-01	2.94e-03	4.34e-06	2.46e-07	0.00e+00	0.00e+00	0.00e+00	0.00e+00	5.36e-01	1.48e-07	9.71e-08
 6.84939e+22	5.52e-01	4.46e-01	2.64e-03	3.97e-06	2.14e-07	0.00e+00	0.00e+00	0.00e+00	0.00e+00	5.52e-01	1.50e-07	9.82e-08
 6.85550e+22	5.67e-01	4.30e-01	2.36e-03	3.63e-06	1.87e-07	0.00e+00	0.00e+00	0.00e+00	0.00e+00	5.67e-01	1.52e-07	9.93e-08
 6.86174e+22	5.83e-01	4.15e-01	2.11e-03	3.33e-06	1.62e-07	0.00e+00	0.00e+00	0.00e+00	0.00e+00	5.83e-01	1.53e-07	1.00e-07
 6.86745e+22	5.96e-01	4.02e-01	1.91e-03	3.08e-06	1.43e-07	0.00e+00	0.00e+00	0.00e+00	0.00e+00	5.96e-01	1.54e-07	1.01e-07
 6.87238e+22	6.08e-01	3.91e-01	1.75e-03	2.89e-06	1.29e-07	0.00e+00	0.00e+00	0.00e+00	0.00e+00	6.08e-01	1.55e-07	1.01e-07
 6.87737e+22	6.19e-01	3.79e-01	1.60e-03	2.70e-06	0.00e+00	0.00e+00	0.00e+00	0.00e+00	0.00e+00	6.19e-01	1.55e-07	1.02e-07
 6.88271e+22	6.31e-01	3.68e-01	1.46e-03	2.53e-06	0.00e+00	0.00e+00	0.00e+00	0.00e+00	0.00e+00	6.31e-01	1.56e-07	1.02e-07
 6.88827e+22	6.43e-01	3.56e-01	1.32e-03	2.35e-06	0.00e+00	0.00e+00	0.00e+00	0.00e+00	0.00e+00	6.43e-01	1.57e-07	1.02e-07
 6.89392e+22	6.55e-01	3.44e-01	1.20e-03	2.19e-06	0.00e+00	0.00e+00	0.00e+00	0.00e+00	0.00e+00	6.55e-01	1.57e-07	1.02e-07
 6.89945e+22	6.66e-01	3.33e-01	1.09e-03	2.05e-06	0.00e+00	0.00e+00	0.00e+00	0.00e+00	0.00e+00	6.66e-01	1.57e-07	1.03e-07
 6.90506e+22	6.77e-01	3.22e-01	9.87e-04	1.92e-06	0.00e+00	0.00e+00	0.00e+00	0.00e+00	0.00e+00	6.77e-01	1.57e-07	1.03e-07
 6.91089e+22	6.88e-01	3.11e-01	8.93e-04	1.80e-06	0.00e+00	0.00e+00	0.00e+00	0.00e+00	0.00e+00	6.88e-01	1.57e-07	1.03e-07
 6.91691e+22	6.99e-01	3.00e-01	8.04e-04	1.68e-06	0.00e+00	0.00e+00	0.00e+00	0.00e+00	0.00e+00	6.99e-01	1.57e-07	1.02e-07
 6.92296e+22	7.10e-01	2.90e-01	7.26e-04	1.57e-06	0.00e+00	0.00e+00	0.00e+00	0.00e+00	0.00e+00	7.10e-01	1.57e-07	1.02e-07
 6.92905e+22	7.20e-01	2.79e-01	6.56e-04	1.47e-06	0.00e+00	0.00e+00	0.00e+00	0.00e+00	0.00e+00	7.20e-01	1.56e-07	1.02e-07
 6.93532e+22	7.30e-01	2.69e-01	5.90e-04	1.38e-06	0.00e+00	0.00e+00	0.00e+00	0.00e+00	0.00e+00	7.30e-01	1.56e-07	1.02e-07
 6.94177e+22	7.40e-01	2.60e-01	5.31e-04	1.29e-06	0.00e+00	0.00e+00	0.00e+00	0.00e+00	0.00e+00	7.40e-01	1.56e-07	1.01e-07
 6.94832e+22	7.49e-01	2.50e-01	4.77e-04	1.21e-06	0.00e+00	0.00e+00	0.00e+00	0.00e+00	0.00e+00	7.49e-01	1.55e-07	1.01e-07
 6.95501e+22	7.59e-01	2.41e-01	4.28e-04	1.13e-06	0.00e+00	0.00e+00	0.00e+00	0.00e+00	0.00e+00	7.59e-01	1.54e-07	1.00e-07
 6.96187e+22	7.68e-01	2.31e-01	3.84e-04	1.06e-06	0.00e+00	0.00e+00	0.00e+00	0.00e+00	0.00e+00	7.68e-01	1.54e-07	9.99e-08
 6.96876e+22	7.77e-01	2.23e-01	3.45e-04	9.91e-07	0.00e+00	0.00e+00	0.00e+00	0.00e+00	0.00e+00	7.77e-01	1.53e-07	9.94e-08
 6.97578e+22	7.85e-01	2.14e-01	3.10e-04	9.30e-07	0.00e+00	0.00e+00	0.00e+00	0.00e+00	0.00e+00	7.85e-01	1.52e-07	9.89e-08
 6.98306e+22	7.94e-01	2.06e-01	2.77e-04	8.71e-07	0.00e+00	0.00e+00	0.00e+00	0.00e+00	0.00e+00	7.94e-01	1.51e-07	9.83e-08
 6.99055e+22	8.02e-01	1.98e-01	2.48e-04	8.16e-07	0.00e+00	0.00e+00	0.00e+00	0.00e+00	0.00e+00	8.02e-01	1.51e-07	9.77e-08
 6.99816e+22	8.10e-01	1.90e-01	2.23e-04	7.65e-07	0.00e+00	0.00e+00	0.00e+00	0.00e+00	0.00e+00	8.10e-01	1.50e-07	9.71e-08
 7.00590e+22	8.18e-01	1.82e-01	2.00e-04	7.17e-07	0.00e+00	0.00e+00	0.00e+00	0.00e+00	0.00e+00	8.18e-01	1.49e-07	9.65e-08
 7.01390e+22	8.25e-01	1.75e-01	1.79e-04	6.72e-07	0.00e+00	0.00e+00	0.00e+00	0.00e+00	0.00e+00	8.25e-01	1.48e-07	9.58e-08
 7.02217e+22	8.32e-01	1.68e-01	1.61e-04	6.30e-07	0.00e+00	0.00e+00	0.00e+00	0.00e+00	0.00e+00	8.32e-01	1.47e-07	9.52e-08
 7.03065e+22	8.39e-01	1.61e-01	1.44e-04	5.90e-07	0.00e+00	0.00e+00	0.00e+00	0.00e+00	0.00e+00	8.39e-01	1.46e-07	9.46e-08
 7.03935e+22	8.46e-01	1.54e-01	1.30e-04	5.54e-07	0.00e+00	0.00e+00	0.00e+00	0.00e+00	0.00e+00	8.46e-01	1.46e-07	9.40e-08
 7.04827e+22	8.52e-01	1.48e-01	1.17e-04	5.20e-07	0.00e+00	0.00e+00	0.00e+00	0.00e+00	0.00e+00	8.52e-01	1.45e-07	9.35e-08
 7.05733e+22	8.58e-01	1.42e-01	1.06e-04	4.88e-07	0.00e+00	0.00e+00	0.00e+00	0.00e+00	0.00e+00	8.58e-01	1.44e-07	9.30e-08
 7.06651e+22	8.63e-01	1.37e-01	9.63e-05	4.60e-07	0.00e+00	0.00e+00	0.00e+00	0.00e+00	0.00e+00	8.63e-01	1.44e-07	9.25e-08
 7.07590e+22	8.68e-01	1.31e-01	8.78e-05	4.33e-07	0.00e+00	0.00e+00	0.00e+00	0.00e+00	0.00e+00	8.68e-01	1.43e-07	9.21e-08
 7.08558e+22	8.74e-01	1.26e-01	8.02e-05	4.07e-07	0.00e+00	0.00e+00	0.00e+00	0.00e+00	0.00e+00	8.74e-01	1.42e-07	9.13e-08
 7.09563e+22	8.79e-01	1.21e-01	7.35e-05	3.83e-07	0.00e+00	0.00e+00	0.00e+00	0.00e+00	0.00e+00	8.79e-01	1.42e-07	9.05e-08
 7.10605e+22	8.84e-01	1.16e-01	6.76e-05	3.60e-07	0.00e+00	0.00e+00	0.00e+00	0.00e+00	0.00e+00	8.84e-01	1.41e-07	8.95e-08
 7.11649e+22	8.88e-01	1.12e-01	6.26e-05	3.40e-07	0.00e+00	0.00e+00	0.00e+00	0.00e+00	0.00e+00	8.88e-01	1.40e-07	8.87e-08
 7.12702e+22	8.92e-01	1.08e-01	5.82e-05	3.22e-07	0.00e+00	0.00e+00	0.00e+00	0.00e+00	0.00e+00	8.92e-01	1.40e-07	8.80e-08
 7.13814e+22	8.96e-01	1.04e-01	5.42e-05	3.04e-07	0.00e+00	0.00e+00	0.00e+00	0.00e+00	0.00e+00	8.96e-01	1.40e-07	8.74e-08
 7.14970e+22	9.00e-01	1.00e-01	5.06e-05	2.87e-07	0.00e+00	0.00e+00	0.00e+00	0.00e+00	0.00e+00	9.00e-01	1.39e-07	8.66e-08
 7.16147e+22	9.03e-01	9.65e-02	4.75e-05	2.71e-07	0.00e+00	0.00e+00	0.00e+00	0.00e+00	0.00e+00	9.03e-01	1.39e-07	8.59e-08
 7.17363e+22	9.07e-01	9.29e-02	4.48e-05	2.55e-07	0.00e+00	0.00e+00	0.00e+00	0.00e+00	0.00e+00	9.07e-01	1.39e-07	8.53e-08
 7.18625e+22	9.11e-01	8.94e-02	4.22e-05	2.41e-07	0.00e+00	0.00e+00	0.00e+00	0.00e+00	0.00e+00	9.11e-01	1.39e-07	8.47e-08
 7.19907e+22	9.14e-01	8.60e-02	4.00e-05	2.27e-07	0.00e+00	0.00e+00	0.00e+00	0.00e+00	0.00e+00	9.14e-01	1.39e-07	8.40e-08
 7.21145e+22	9.17e-01	8.31e-02	3.82e-05	2.15e-07	0.00e+00	0.00e+00	0.00e+00	0.00e+00	0.00e+00	9.17e-01	1.39e-07	8.35e-08
 7.22320e+22	9.19e-01	8.05e-02	3.67e-05	2.05e-07	0.00e+00	0.00e+00	0.00e+00	0.00e+00	0.00e+00	9.19e-01	1.39e-07	8.31e-08
 7.23454e+22	9.22e-01	7.81e-02	3.54e-05	1.95e-07	0.00e+00	0.00e+00	0.00e+00	0.00e+00	0.00e+00	9.22e-01	1.39e-07	8.27e-08
 7.24550e+22	9.24e-01	7.58e-02	3.42e-05	1.87e-07	0.00e+00	0.00e+00	0.00e+00	0.00e+00	0.00e+00	9.24e-01	1.39e-07	8.23e-08
 7.25608e+22	9.26e-01	7.37e-02	3.32e-05	1.79e-07	0.00e+00	0.00e+00	0.00e+00	0.00e+00	0.00e+00	9.26e-01	1.39e-07	8.20e-08
 7.26630e+22	9.28e-01	7.17e-02	3.23e-05	1.71e-07	0.00e+00	0.00e+00	0.00e+00	0.00e+00	0.00e+00	9.28e-01	1.39e-07	8.16e-08
 7.27604e+22	9.30e-01	6.98e-02	3.15e-05	1.65e-07	0.00e+00	0.00e+00	0.00e+00	0.00e+00	0.00e+00	9.30e-01	1.39e-07	8.12e-08
 7.28527e+22	9.32e-01	6.80e-02	3.08e-05	1.58e-07	0.00e+00	0.00e+00	0.00e+00	0.00e+00	0.00e+00	9.32e-01	1.39e-07	8.09e-08
 7.29389e+22	9.34e-01	6.64e-02	3.02e-05	1.53e-07	0.00e+00	0.00e+00	0.00e+00	0.00e+00	0.00e+00	9.34e-01	1.39e-07	8.06e-08
 7.30220e+22	9.35e-01	6.49e-02	2.96e-05	1.48e-07	0.00e+00	0.00e+00	0.00e+00	0.00e+00	0.00e+00	9.35e-01	1.39e-07	8.03e-08
 7.31049e+22	9.37e-01	6.33e-02	2.91e-05	1.43e-07	0.00e+00	0.00e+00	0.00e+00	0.00e+00	0.00e+00	9.37e-01	1.39e-07	8.00e-08
 7.31850e+22	9.38e-01	6.19e-02	2.86e-05	1.38e-07	0.00e+00	0.00e+00	0.00e+00	0.00e+00	0.00e+00	9.38e-01	1.39e-07	7.97e-08
 7.32621e+22	9.40e-01	6.05e-02	2.82e-05	1.33e-07	0.00e+00	0.00e+00	0.00e+00	0.00e+00	0.00e+00	9.40e-01	1.39e-07	7.95e-08
 7.33362e+22	9.41e-01	5.91e-02	2.78e-05	1.29e-07	0.00e+00	0.00e+00	0.00e+00	0.00e+00	0.00e+00	9.41e-01	1.39e-07	7.92e-08
 7.34079e+22	9.42e-01	5.79e-02	2.74e-05	1.25e-07	0.00e+00	0.00e+00	0.00e+00	0.00e+00	0.00e+00	9.42e-01	1.39e-07	7.90e-08
 7.34770e+22	9.43e-01	5.66e-02	2.71e-05	0.00e+00	0.00e+00	0.00e+00	0.00e+00	0.00e+00	0.00e+00	9.43e-01	1.39e-07	7.87e-08
 7.35438e+22	9.45e-01	5.54e-02	2.68e-05	0.00e+00	0.00e+00	0.00e+00	0.00e+00	0.00e+00	0.00e+00	9.45e-01	1.39e-07	7.85e-08
 7.36083e+22	9.46e-01	5.43e-02	2.65e-05	0.00e+00	0.00e+00	0.00e+00	0.00e+00	0.00e+00	0.00e+00	9.46e-01	1.39e-07	7.83e-08
 7.36705e+22	9.47e-01	5.32e-02	2.62e-05	0.00e+00	0.00e+00	0.00e+00	0.00e+00	0.00e+00	0.00e+00	9.47e-01	1.39e-07	7.80e-08
 7.37304e+22	9.48e-01	5.21e-02	2.59e-05	0.00e+00	0.00e+00	0.00e+00	0.00e+00	0.00e+00	0.00e+00	9.48e-01	1.39e-07	7.78e-08
 7.37883e+22	9.49e-01	5.11e-02	2.57e-05	0.00e+00	0.00e+00	0.00e+00	0.00e+00	0.00e+00	0.00e+00	9.49e-01	1.39e-07	7.76e-08
 7.38443e+22	9.50e-01	5.01e-02	2.55e-05	0.00e+00	0.00e+00	0.00e+00	0.00e+00	0.00e+00	0.00e+00	9.50e-01	1.39e-07	7.73e-08
 7.38983e+22	9.51e-01	4.91e-02	2.53e-05	0.00e+00	0.00e+00	0.00e+00	0.00e+00	0.00e+00	0.00e+00	9.51e-01	1.39e-07	7.71e-08
 7.39487e+22	9.52e-01	4.82e-02	2.51e-05	0.00e+00	0.00e+00	0.00e+00	0.00e+00	0.00e+00	0.00e+00	9.52e-01	1.39e-07	7.68e-08
 7.39946e+22	9.53e-01	4.75e-02	2.49e-05	0.00e+00	0.00e+00	0.00e+00	0.00e+00	0.00e+00	0.00e+00	9.53e-01	1.38e-07	7.66e-08
 7.40363e+22	9.53e-01	4.67e-02	2.48e-05	0.00e+00	0.00e+00	0.00e+00	0.00e+00	0.00e+00	0.00e+00	9.53e-01	1.38e-07	7.64e-08
 7.40743e+22	9.54e-01	4.61e-02	2.46e-05	0.00e+00	0.00e+00	0.00e+00	0.00e+00	0.00e+00	0.00e+00	9.54e-01	1.38e-07	7.62e-08
 7.41089e+22	9.54e-01	4.55e-02	2.45e-05	0.00e+00	0.00e+00	0.00e+00	0.00e+00	0.00e+00	0.00e+00	9.54e-01	1.38e-07	7.60e-08
 7.41403e+22	9.55e-01	4.50e-02	2.44e-05	0.00e+00	0.00e+00	0.00e+00	0.00e+00	0.00e+00	0.00e+00	9.55e-01	1.38e-07	7.58e-08
 7.41689e+22	9.55e-01	4.45e-02	2.43e-05	0.00e+00	0.00e+00	0.00e+00	0.00e+00	0.00e+00	0.00e+00	9.55e-01	1.38e-07	7.56e-08
 7.42003e+22	9.56e-01	4.39e-02	2.42e-05	0.00e+00	0.00e+00	0.00e+00	0.00e+00	0.00e+00	0.00e+00	9.56e-01	1.37e-07	7.54e-08
 7.42341e+22	9.57e-01	4.32e-02	2.40e-05	0.00e+00	0.00e+00	0.00e+00	0.00e+00	0.00e+00	0.00e+00	9.57e-01	1.36e-07	7.52e-08
 7.42650e+22	9.57e-01	4.27e-02	2.39e-05	0.00e+00	0.00e+00	0.00e+00	0.00e+00	0.00e+00	0.00e+00	9.57e-01	1.36e-07	7.50e-08
 7.42930e+22	9.58e-01	4.22e-02	2.38e-05	0.00e+00	0.00e+00	0.00e+00	0.00e+00	0.00e+00	0.00e+00	9.58e-01	1.35e-07	7.47e-08
 7.43185e+22	9.58e-01	4.19e-02	2.37e-05	0.00e+00	0.00e+00	0.00e+00	0.00e+00	0.00e+00	0.00e+00	9.58e-01	1.35e-07	7.46e-08
 7.43465e+22	9.59e-01	4.13e-02	2.35e-05	0.00e+00	0.00e+00	0.00e+00	0.00e+00	0.00e+00	0.00e+00	9.59e-01	1.35e-07	7.45e-08
 7.43828e+22	9.60e-01	4.05e-02	2.33e-05	0.00e+00	0.00e+00	0.00e+00	0.00e+00	0.00e+00	0.00e+00	9.60e-01	1.34e-07	7.42e-08
 7.44220e+22	9.60e-01	3.97e-02	2.31e-05	0.00e+00	0.00e+00	0.00e+00	0.00e+00	0.00e+00	0.00e+00	9.60e-01	1.34e-07	7.41e-08
 7.44577e+22	9.61e-01	3.91e-02	2.30e-05	0.00e+00	0.00e+00	0.00e+00	0.00e+00	0.00e+00	0.00e+00	9.61e-01	1.33e-07	7.38e-08
 7.44902e+22	9.61e-01	3.86e-02	2.28e-05	0.00e+00	0.00e+00	0.00e+00	0.00e+00	0.00e+00	0.00e+00	9.61e-01	1.33e-07	7.36e-08
 7.45198e+22	9.62e-01	3.83e-02	2.27e-05	0.00e+00	0.00e+00	0.00e+00	0.00e+00	0.00e+00	0.00e+00	9.62e-01	1.33e-07	7.36e-08
 7.45522e+22	9.62e-01	3.77e-02	2.25e-05	0.00e+00	0.00e+00	0.00e+00	0.00e+00	0.00e+00	0.00e+00	9.62e-01	1.33e-07	7.35e-08
 7.45943e+22	9.63e-01	3.70e-02	2.22e-05	0.00e+00	0.00e+00	0.00e+00	0.00e+00	0.00e+00	0.00e+00	9.63e-01	1.32e-07	7.34e-08
 7.46398e+22	9.64e-01	3.63e-02	2.20e-05	0.00e+00	0.00e+00	0.00e+00	0.00e+00	0.00e+00	0.00e+00	9.64e-01	1.32e-07	7.33e-08
 7.46812e+22	9.64e-01	3.56e-02	2.18e-05	0.00e+00	0.00e+00	0.00e+00	0.00e+00	0.00e+00	0.00e+00	9.64e-01	1.32e-07	7.31e-08
 7.47188e+22	9.65e-01	3.51e-02	2.16e-05	0.00e+00	0.00e+00	0.00e+00	0.00e+00	0.00e+00	0.00e+00	9.65e-01	1.32e-07	7.30e-08
 7.47531e+22	9.65e-01	3.47e-02	2.14e-05	0.00e+00	0.00e+00	0.00e+00	0.00e+00	0.00e+00	0.00e+00	9.65e-01	1.31e-07	7.29e-08
 7.47843e+22	9.66e-01	3.43e-02	2.13e-05	0.00e+00	0.00e+00	0.00e+00	0.00e+00	0.00e+00	0.00e+00	9.66e-01	1.31e-07	7.27e-08
 7.48185e+22	9.66e-01	3.38e-02	2.10e-05	0.00e+00	0.00e+00	0.00e+00	0.00e+00	0.00e+00	0.00e+00	9.66e-01	1.31e-07	7.26e-08
 7.48553e+22	9.67e-01	3.32e-02	2.08e-05	0.00e+00	0.00e+00	0.00e+00	0.00e+00	0.00e+00	0.00e+00	9.67e-01	1.31e-07	7.24e-08
 7.48889e+22	9.67e-01	3.28e-02	2.07e-05	0.00e+00	0.00e+00	0.00e+00	0.00e+00	0.00e+00	0.00e+00	9.67e-01	1.31e-07	7.23e-08
 7.49257e+22	9.68e-01	3.22e-02	2.04e-05	0.00e+00	0.00e+00	0.00e+00	0.00e+00	0.00e+00	0.00e+00	9.68e-01	1.30e-07	7.22e-08
