#depth	Fe	Fe+	Fe+2	Fe+3	Fe+4	Fe+5	Fe+6	Fe+7	Fe+8	Fe+9	Fe+10	Fe+11	Fe+12	Fe+13	Fe+14	Fe+15	Fe+16	Fe+17	Fe+18	Fe+19	Fe+20	Fe+21	Fe+22	Fe+23	Fe+24	Fe+25	Fe+26
 4.62852e+21	0.00e+00	0.00e+00	0.00e+00	0.00e+00	0.00e+00	0.00e+00	2.13e-23	4.75e-21	6.41e-19	2.83e-17	8.95e-16	2.84e-14	1.01e-12	2.85e-11	8.96e-10	3.40e-08	8.76e-06	2.01e-04	2.37e-03	1.36e-02	4.61e-02	8.82e-02	1.28e-01	1.77e-01	3.92e-01	1.36e-01	1.69e-02
 1.05554e+22	0.00e+00	0.00e+00	0.00e+00	0.00e+00	0.00e+00	1.56e-23	9.32e-21	1.47e-18	1.44e-16	5.12e-15	1.37e-13	2.87e-12	6.75e-11	1.25e-09	2.59e-08	6.48e-07	1.18e-04	1.88e-03	1.51e-02	5.80e-02	1.32e-01	1.68e-01	1.65e-01	1.53e-01	2.45e-01	5.68e-02	4.74e-03
 1.26305e+22	0.00e+00	0.00e+00	0.00e+00	0.00e+00	9.90e-25	1.07e-21	5.09e-19	6.25e-17	4.75e-15	1.29e-13	2.63e-12	4.21e-11	7.53e-10	1.06e-08	1.67e-07	3.19e-06	4.80e-04	6.15e-03	3.91e-02	1.16e-01	2.04e-01	2.01e-01	1.52e-01	1.10e-01	1.45e-01	2.58e-02	1.67e-03
 1.38431e+22	0.00e+00	0.00e+00	0.00e+00	4.12e-27	1.24e-23	1.18e-20	4.85e-18	5.15e-16	3.36e-14	7.78e-13	1.35e-11	1.84e-10	2.80e-09	3.36e-08	4.47e-07	7.28e-06	9.85e-04	1.12e-02	6.20e-02	1.59e-01	2.39e-01	2.02e-01	1.31e-01	8.24e-02	9.70e-02	1.49e-02	8.28e-04
 1.43880e+22	0.00e+00	0.00e+00	4.40e-31	8.30e-27	2.41e-23	2.22e-20	8.76e-18	8.94e-16	5.60e-14	1.24e-12	2.07e-11	2.70e-10	3.93e-09	4.51e-08	5.74e-07	8.96e-06	1.18e-03	1.29e-02	6.93e-02	1.70e-01	2.46e-01	2.00e-01	1.25e-01	7.54e-02	8.62e-02	1.27e-02	6.80e-04
 1.45843e+22	0.00e+00	0.00e+00	8.17e-31	1.49e-26	4.21e-23	3.75e-20	1.44e-17	1.42e-15	8.57e-14	1.84e-12	2.95e-11	3.71e-10	5.20e-09	5.76e-08	7.06e-07	1.06e-05	1.37e-03	1.46e-02	7.58e-02	1.80e-01	2.52e-01	1.98e-01	1.19e-01	6.97e-02	7.78e-02	1.11e-02	5.74e-04
 1.47583e+22	0.00e+00	0.00e+00	1.30e-30	2.32e-26	6.39e-23	5.57e-20	2.08e-17	2.00e-15	1.18e-13	2.46e-12	3.85e-11	4.71e-10	6.43e-09	6.93e-08	8.26e-07	1.21e-05	1.53e-03	1.59e-02	8.10e-02	1.88e-01	2.55e-01	1.95e-01	1.15e-01	6.56e-02	7.19e-02	1.00e-02	5.04e-04
 1.49572e+22	0.00e+00	0.00e+00	2.63e-30	4.53e-26	1.21e-22	1.02e-19	3.66e-17	3.39e-15	1.92e-13	3.84e-12	5.77e-11	6.76e-10	8.84e-09	9.13e-08	1.04e-06	1.47e-05	1.80e-03	1.82e-02	8.92e-02	1.99e-01	2.60e-01	1.91e-01	1.08e-01	5.95e-02	6.35e-02	8.49e-03	4.11e-04
 1.51636e+22	0.00e+00	0.00e+00	4.89e-30	8.17e-26	2.11e-22	1.72e-19	6.00e-17	5.38e-15	2.94e-13	5.67e-12	8.20e-11	9.26e-10	1.17e-08	1.16e-07	1.28e-06	1.73e-05	2.07e-03	2.03e-02	9.69e-02	2.09e-01	2.63e-01	1.87e-01	1.03e-01	5.45e-02	5.67e-02	7.33e-03	3.43e-04
 1.53491e+22	0.00e+00	0.00e+00	8.90e-30	1.44e-25	3.62e-22	2.87e-19	9.66e-17	8.39e-15	4.43e-13	8.25e-12	1.15e-10	1.25e-09	1.52e-08	1.46e-07	1.55e-06	2.02e-05	2.36e-03	2.26e-02	1.05e-01	2.18e-01	2.66e-01	1.83e-01	9.68e-02	4.98e-02	5.07e-02	6.33e-03	2.87e-04
 1.55595e+22	0.00e+00	0.00e+00	1.86e-29	2.91e-25	7.04e-22	5.38e-19	1.74e-16	1.45e-14	7.34e-13	1.31e-11	1.75e-10	1.82e-09	2.11e-08	1.94e-07	1.96e-06	2.45e-05	2.78e-03	2.57e-02	1.15e-01	2.29e-01	2.68e-01	1.76e-01	8.98e-02	4.44e-02	4.39e-02	5.27e-03	2.29e-04
 1.57748e+22	0.00e+00	0.00e+00	3.57e-29	5.39e-25	1.26e-21	9.34e-19	2.92e-16	2.35e-14	1.14e-12	1.96e-11	2.51e-10	2.52e-09	2.81e-08	2.47e-07	2.41e-06	2.89e-05	3.19e-03	2.87e-02	1.24e-01	2.39e-01	2.68e-01	1.70e-01	8.37e-02	4.00e-02	3.86e-02	4.46e-03	1.87e-04
 1.59585e+22	0.00e+00	6.61e-34	6.45e-29	9.43e-25	2.14e-21	1.54e-18	4.66e-16	3.63e-14	1.71e-12	2.83e-11	3.49e-10	3.38e-09	3.63e-08	3.08e-07	2.89e-06	3.34e-05	3.61e-03	3.16e-02	1.32e-01	2.47e-01	2.68e-01	1.65e-01	7.83e-02	3.62e-02	3.42e-02	3.82e-03	1.55e-04
 1.61593e+22	0.00e+00	0.00e+00	1.29e-28	1.82e-24	3.99e-21	2.77e-18	8.07e-16	6.05e-14	2.73e-12	4.34e-11	5.14e-10	4.76e-09	4.90e-08	3.99e-07	3.58e-06	3.98e-05	4.16e-03	3.53e-02	1.43e-01	2.56e-01	2.67e-01	1.58e-01	7.21e-02	3.21e-02	2.96e-02	3.17e-03	1.24e-04
 1.63708e+22	0.00e+00	2.76e-33	2.50e-28	3.41e-24	7.24e-21	4.85e-18	1.36e-15	9.86e-14	4.28e-12	6.52e-11	7.42e-10	6.60e-09	6.51e-08	5.08e-07	4.38e-06	4.66e-05	4.75e-03	3.91e-02	1.53e-01	2.64e-01	2.65e-01	1.51e-01	6.63e-02	2.85e-02	2.56e-02	2.65e-03	9.93e-05
 1.65603e+22	0.00e+00	5.18e-33	4.52e-28	5.98e-24	1.23e-20	8.02e-18	2.18e-15	1.52e-13	6.39e-12	9.39e-11	1.03e-09	8.83e-09	8.40e-08	6.32e-07	5.24e-06	5.38e-05	5.34e-03	4.28e-02	1.62e-01	2.71e-01	2.63e-01	1.44e-01	6.14e-02	2.56e-02	2.25e-02	2.24e-03	8.14e-05
 1.67707e+22	0.00e+00	1.13e-32	9.43e-28	1.20e-23	2.38e-20	1.49e-17	3.90e-15	2.61e-13	1.05e-11	1.47e-10	1.55e-09	1.27e-08	1.15e-07	8.25e-07	6.53e-06	6.41e-05	6.16e-03	4.77e-02	1.74e-01	2.79e-01	2.58e-01	1.36e-01	5.56e-02	2.23e-02	1.90e-02	1.82e-03	6.33e-05
 1.69834e+22	0.00e+00	2.21e-32	1.78e-27	2.19e-23	4.21e-20	2.55e-17	6.44e-15	4.17e-13	1.61e-11	2.17e-10	2.19e-09	1.72e-08	1.50e-07	1.04e-06	7.88e-06	7.43e-05	6.95e-03	5.22e-02	1.85e-01	2.85e-01	2.54e-01	1.29e-01	5.08e-02	1.97e-02	1.64e-02	1.51e-03	5.07e-05
 1.71607e+22	0.00e+00	3.94e-32	3.08e-27	3.68e-23	6.86e-20	4.05e-17	9.90e-15	6.22e-13	2.32e-11	3.03e-10	2.95e-09	2.25e-08	1.89e-07	1.26e-06	9.25e-06	8.43e-05	7.69e-03	5.63e-02	1.94e-01	2.89e-01	2.50e-01	1.23e-01	4.70e-02	1.76e-02	1.44e-02	1.29e-03	4.19e-05
 1.73527e+22	0.00e+00	8.22e-32	6.17e-27	7.10e-23	1.28e-19	7.27e-17	1.71e-14	1.03e-12	3.69e-11	4.63e-10	4.31e-09	3.14e-08	2.53e-07	1.61e-06	1.13e-05	9.87e-05	8.73e-03	6.18e-02	2.05e-01	2.94e-01	2.44e-01	1.15e-01	4.23e-02	1.53e-02	1.22e-02	1.05e-03	3.27e-05
 1.75505e+22	0.00e+00	1.56e-31	1.13e-26	1.26e-22	2.19e-19	1.21e-16	2.75e-14	1.60e-12	5.53e-11	6.67e-10	5.99e-09	4.20e-08	3.26e-07	2.00e-06	1.35e-05	1.13e-04	9.73e-03	6.69e-02	2.15e-01	2.98e-01	2.38e-01	1.08e-01	3.85e-02	1.35e-02	1.05e-02	8.72e-04	2.62e-05
 1.77124e+22	0.00e+00	2.63e-31	1.85e-26	2.00e-22	3.40e-19	1.82e-16	4.04e-14	2.29e-12	7.66e-11	8.97e-10	7.81e-09	5.30e-08	3.99e-07	2.37e-06	1.55e-05	1.26e-04	1.06e-02	7.12e-02	2.24e-01	3.01e-01	2.33e-01	1.03e-01	3.56e-02	1.22e-02	9.32e-03	7.50e-04	2.19e-05
 1.78795e+22	0.00e+00	5.02e-31	3.40e-26	3.56e-22	5.85e-19	3.05e-16	6.52e-14	3.57e-12	1.15e-10	1.30e-09	1.09e-08	7.09e-08	5.13e-07	2.93e-06	1.84e-05	1.44e-04	1.18e-02	7.69e-02	2.34e-01	3.03e-01	2.26e-01	9.64e-02	3.23e-02	1.06e-02	7.99e-03	6.20e-04	1.75e-05
 1.80395e+22	0.00e+00	8.14e-31	5.37e-26	5.48e-22	8.79e-19	4.47e-16	9.31e-14	4.97e-12	1.56e-10	1.70e-09	1.39e-08	8.80e-08	6.18e-07	3.43e-06	2.09e-05	1.59e-04	1.27e-02	8.12e-02	2.41e-01	3.05e-01	2.21e-01	9.17e-02	2.99e-02	9.63e-03	7.11e-03	5.37e-04	1.47e-05
 1.81686e+22	0.00e+00	1.29e-30	8.28e-26	8.26e-22	1.29e-18	6.42e-16	1.31e-13	6.80e-12	2.07e-10	2.21e-09	1.75e-08	1.08e-07	7.37e-07	3.98e-06	2.35e-05	1.74e-04	1.37e-02	8.55e-02	2.48e-01	3.06e-01	2.16e-01	8.73e-02	2.78e-02	8.74e-03	6.35e-03	4.67e-04	1.25e-05
 1.83145e+22	0.00e+00	2.29e-30	1.42e-25	1.38e-21	2.09e-18	1.01e-15	1.99e-13	1.00e-11	2.96e-10	3.06e-09	2.34e-08	1.39e-07	9.19e-07	4.79e-06	2.73e-05	1.95e-04	1.49e-02	9.11e-02	2.57e-01	3.06e-01	2.09e-01	8.20e-02	2.53e-02	7.73e-03	5.51e-03	3.93e-04	1.02e-05
 1.84574e+22	0.00e+00	3.57e-30	2.17e-25	2.05e-21	3.04e-18	1.43e-15	2.76e-13	1.36e-11	3.91e-10	3.93e-09	2.92e-08	1.70e-07	1.09e-06	5.52e-06	3.07e-05	2.13e-04	1.60e-02	9.55e-02	2.64e-01	3.07e-01	2.04e-01	7.79e-02	2.35e-02	7.02e-03	4.93e-03	3.43e-04	8.66e-06
 1.85765e+22	0.00e+00	5.53e-30	3.27e-25	3.02e-21	4.38e-18	2.02e-15	3.81e-13	1.83e-11	5.13e-10	5.02e-09	3.64e-08	2.06e-07	1.29e-06	6.35e-06	3.43e-05	2.32e-04	1.71e-02	9.99e-02	2.70e-01	3.07e-01	1.99e-01	7.41e-02	2.18e-02	6.38e-03	4.42e-03	2.99e-04	7.38e-06
 1.87117e+22	0.00e+00	9.43e-30	5.41e-25	4.85e-21	6.84e-18	3.08e-15	5.63e-13	2.63e-11	7.14e-10	6.77e-09	4.76e-08	2.61e-07	1.58e-06	7.52e-06	3.93e-05	2.58e-04	1.85e-02	1.06e-01	2.78e-01	3.06e-01	1.92e-01	6.96e-02	1.99e-02	5.66e-03	3.85e-03	2.53e-04	6.07e-06
 1.88442e+22	0.00e+00	1.44e-29	8.05e-25	7.06e-21	9.73e-18	4.29e-15	7.67e-13	3.50e-11	9.27e-10	8.58e-09	5.87e-08	3.14e-07	1.85e-06	8.59e-06	4.38e-05	2.80e-04	1.96e-02	1.10e-01	2.84e-01	3.05e-01	1.87e-01	6.61e-02	1.85e-02	5.15e-03	3.46e-03	2.22e-04	5.19e-06
 1.89543e+22	0.00e+00	2.17e-29	1.19e-24	1.02e-20	1.37e-17	5.92e-15	1.04e-12	4.63e-11	1.20e-09	1.08e-08	7.22e-08	3.76e-07	2.16e-06	9.78e-06	4.85e-05	3.03e-04	2.08e-02	1.15e-01	2.90e-01	3.04e-01	1.82e-01	6.28e-02	1.72e-02	4.69e-03	3.11e-03	1.95e-04	4.45e-06
 1.90619e+22	0.00e+00	3.23e-29	1.72e-24	1.45e-20	1.91e-17	8.08e-15	1.38e-12	6.05e-11	1.53e-09	1.35e-08	8.79e-08	4.47e-07	2.50e-06	1.11e-05	5.36e-05	3.26e-04	2.20e-02	1.19e-01	2.96e-01	3.03e-01	1.77e-01	5.98e-02	1.61e-02	4.28e-03	2.80e-03	1.72e-04	3.83e-06
 1.91852e+22	0.00e+00	5.33e-29	2.76e-24	2.25e-20	2.90e-17	1.19e-14	1.99e-12	8.48e-11	2.08e-09	1.78e-08	1.13e-07	5.56e-07	3.02e-06	1.30e-05	6.07e-05	3.58e-04	2.36e-02	1.25e-01	3.02e-01	3.01e-01	1.71e-01	5.60e-02	1.47e-02	3.81e-03	2.45e-03	1.46e-04	3.17e-06
 1.93115e+22	0.00e+00	8.15e-29	4.12e-24	3.28e-20	4.12e-17	1.66e-14	2.72e-12	1.13e-10	2.69e-09	2.25e-08	1.39e-07	6.69e-07	3.54e-06	1.48e-05	6.75e-05	3.88e-04	2.51e-02	1.30e-01	3.08e-01	2.99e-01	1.65e-01	5.30e-02	1.36e-02	3.45e-03	2.19e-03	1.27e-04	2.70e-06
 1.94237e+22	0.00e+00	1.22e-28	6.03e-24	4.70e-20	5.78e-17	2.28e-14	3.65e-12	1.48e-10	3.46e-09	2.82e-08	1.70e-07	7.98e-07	4.12e-06	1.68e-05	7.47e-05	4.19e-04	2.65e-02	1.35e-01	3.13e-01	2.97e-01	1.60e-01	5.02e-02	1.26e-02	3.13e-03	1.96e-03	1.11e-04	2.31e-06
 1.95298e+22	0.00e+00	1.83e-28	8.80e-24	6.71e-20	8.06e-17	3.12e-14	4.88e-12	1.94e-10	4.42e-09	3.52e-08	2.07e-07	9.50e-07	4.78e-06	1.90e-05	8.23e-05	4.50e-04	2.79e-02	1.39e-01	3.18e-01	2.95e-01	1.55e-01	4.76e-02	1.17e-02	2.85e-03	1.76e-03	9.76e-05	1.98e-06
 1.96280e+22	0.00e+00	2.65e-28	1.25e-23	9.30e-20	1.09e-16	4.16e-14	6.38e-12	2.49e-10	5.54e-09	4.32e-08	2.49e-07	1.11e-06	5.48e-06	2.13e-05	9.01e-05	4.82e-04	2.94e-02	1.44e-01	3.22e-01	2.93e-01	1.50e-01	4.52e-02	1.09e-02	2.61e-03	1.59e-03	8.64e-05	1.71e-06
 1.97375e+22	0.00e+00	4.19e-28	1.92e-23	1.40e-19	1.60e-16	5.95e-14	8.90e-12	3.39e-10	7.34e-09	5.57e-08	3.12e-07	1.36e-06	6.50e-06	2.45e-05	1.01e-04	5.24e-04	3.12e-02	1.50e-01	3.28e-01	2.90e-01	1.45e-01	4.24e-02	9.95e-03	2.33e-03	1.40e-03	7.41e-05	1.43e-06
 1.98499e+22	0.00e+00	6.33e-28	2.82e-23	2.01e-19	2.25e-16	8.18e-14	1.20e-11	4.46e-10	9.42e-09	6.99e-08	3.81e-07	1.62e-06	7.56e-06	2.78e-05	1.11e-04	5.64e-04	3.29e-02	1.55e-01	3.32e-01	2.87e-01	1.40e-01	4.00e-02	9.19e-03	2.11e-03	1.25e-03	6.45e-05	1.22e-06
 1.99479e+22	0.00e+00	9.14e-28	3.99e-23	2.78e-19	3.04e-16	1.09e-13	1.56e-11	5.70e-10	1.18e-08	8.55e-08	4.57e-07	1.90e-06	8.65e-06	3.11e-05	1.22e-04	6.02e-04	3.44e-02	1.59e-01	3.36e-01	2.84e-01	1.35e-01	3.79e-02	8.55e-03	1.92e-03	1.13e-03	5.70e-05	1.05e-06
 2.00569e+22	0.00e+00	1.48e-27	6.26e-23	4.24e-19	4.52e-16	1.57e-13	2.21e-11	7.86e-10	1.58e-08	1.11e-07	5.78e-07	2.34e-06	1.03e-05	3.60e-05	1.37e-04	6.56e-04	3.66e-02	1.66e-01	3.41e-01	2.80e-01	1.30e-01	3.54e-02	7.77e-03	1.70e-03	9.86e-04	4.84e-05	8.68e-07
 2.01682e+22	0.00e+00	2.24e-27	9.22e-23	6.09e-19	6.35e-16	2.17e-13	2.97e-11	1.03e-09	2.03e-08	1.40e-07	7.07e-07	2.79e-06	1.20e-05	4.08e-05	1.51e-04	7.06e-04	3.85e-02	1.71e-01	3.45e-01	2.77e-01	1.25e-01	3.32e-02	7.15e-03	1.54e-03	8.76e-04	4.20e-05	7.35e-07
 2.02658e+22	0.00e+00	3.29e-27	1.32e-22	8.56e-19	8.72e-16	2.91e-13	3.92e-11	1.34e-09	2.56e-08	1.73e-07	8.54e-07	3.29e-06	1.38e-05	4.59e-05	1.65e-04	7.55e-04	4.04e-02	1.76e-01	3.49e-01	2.74e-01	1.20e-01	3.14e-02	6.61e-03	1.39e-03	7.85e-04	3.67e-05	6.29e-07
 2.03760e+22	0.00e+00	5.46e-27	2.13e-22	1.33e-18	1.32e-15	4.30e-13	5.63e-11	1.87e-09	3.48e-08	2.28e-07	1.09e-06	4.09e-06	1.66e-05	5.35e-05	1.86e-04	8.25e-04	4.29e-02	1.83e-01	3.53e-01	2.69e-01	1.14e-01	2.90e-02	5.96e-03	1.22e-03	6.78e-04	3.08e-05	5.11e-07
 2.04876e+22	0.00e+00	8.22e-27	3.12e-22	1.91e-18	1.84e-15	5.88e-13	7.54e-11	2.46e-09	4.45e-08	2.85e-07	1.34e-06	4.87e-06	1.93e-05	6.05e-05	2.05e-04	8.86e-04	4.50e-02	1.88e-01	3.57e-01	2.65e-01	1.10e-01	2.72e-02	5.47e-03	1.10e-03	6.01e-04	2.67e-05	4.32e-07
 2.05830e+22	0.00e+00	1.19e-26	4.42e-22	2.64e-18	2.49e-15	7.81e-13	9.83e-11	3.14e-09	5.57e-08	3.49e-07	1.60e-06	5.70e-06	2.21e-05	6.76e-05	2.24e-04	9.45e-04	4.71e-02	1.93e-01	3.60e-01	2.61e-01	1.06e-01	2.57e-02	5.06e-03	9.97e-04	5.39e-04	2.34e-05	3.71e-07
 2.06890e+22	0.00e+00	2.02e-26	7.22e-22	4.18e-18	3.82e-15	1.17e-12	1.43e-10	4.45e-09	7.65e-08	4.66e-07	2.07e-06	7.14e-06	2.68e-05	7.92e-05	2.53e-04	1.03e-03	5.00e-02	2.00e-01	3.63e-01	2.56e-01	1.00e-01	2.36e-02	4.52e-03	8.67e-04	4.61e-04	1.94e-05	2.98e-07
 2.07932e+22	0.00e+00	2.88e-26	1.01e-21	5.72e-18	5.11e-15	1.53e-12	1.84e-10	5.63e-09	9.49e-08	5.66e-07	2.46e-06	8.32e-06	3.05e-05	8.82e-05	2.76e-04	1.10e-03	5.21e-02	2.05e-01	3.66e-01	2.52e-01	9.63e-02	2.22e-02	4.19e-03	7.88e-04	4.14e-04	1.70e-05	2.56e-07
 2.08950e+22	0.00e+00	4.78e-26	1.62e-21	8.87e-18	7.69e-15	2.24e-12	2.64e-10	7.86e-09	1.29e-07	7.46e-07	3.15e-06	1.03e-05	3.67e-05	1.03e-04	3.10e-04	1.20e-03	5.51e-02	2.12e-01	3.69e-01	2.46e-01	9.11e-02	2.04e-02	3.75e-03	6.87e-04	3.55e-04	1.41e-05	2.06e-07
 2.09949e+22	0.00e+00	6.73e-26	2.22e-21	1.20e-17	1.02e-14	2.91e-12	3.36e-10	9.86e-09	1.58e-07	9.00e-07	3.72e-06	1.20e-05	4.16e-05	1.14e-04	3.36e-04	1.27e-03	5.73e-02	2.16e-01	3.71e-01	2.42e-01	8.77e-02	1.93e-02	3.47e-03	6.26e-04	3.20e-04	1.25e-05	1.78e-07
 2.10922e+22	0.00e+00	1.11e-25	3.53e-21	1.84e-17	1.51e-14	4.23e-12	4.78e-10	1.37e-08	2.13e-07	1.18e-06	4.74e-06	1.48e-05	4.98e-05	1.32e-04	3.77e-04	1.38e-03	6.05e-02	2.23e-01	3.73e-01	2.37e-01	8.28e-02	1.77e-02	3.11e-03	5.45e-04	2.74e-04	1.04e-05	1.44e-07
 2.11892e+22	0.00e+00	1.56e-25	4.88e-21	2.48e-17	2.00e-14	5.50e-12	6.11e-10	1.72e-08	2.63e-07	1.43e-06	5.62e-06	1.72e-05	5.66e-05	1.47e-04	4.10e-04	1.47e-03	6.28e-02	2.28e-01	3.75e-01	2.33e-01	7.95e-02	1.67e-02	2.87e-03	4.95e-04	2.46e-04	9.09e-06	1.23e-07
 2.12859e+22	0.00e+00	2.56e-25	7.72e-21	3.81e-17	2.97e-14	7.96e-12	8.65e-10	2.38e-08	3.54e-07	1.87e-06	7.16e-06	2.12e-05	6.78e-05	1.70e-04	4.60e-04	1.59e-03	6.63e-02	2.35e-01	3.77e-01	2.27e-01	7.49e-02	1.53e-02	2.56e-03	4.30e-04	2.10e-04	7.53e-06	0.00e+00
 2.13832e+22	0.00e+00	3.68e-25	1.08e-20	5.20e-17	3.97e-14	1.04e-11	1.12e-09	3.03e-08	4.40e-07	2.28e-06	8.55e-06	2.48e-05	7.74e-05	1.90e-04	5.00e-04	1.69e-03	6.89e-02	2.40e-01	3.78e-01	2.22e-01	7.16e-02	1.43e-02	2.35e-03	3.88e-04	1.87e-04	6.56e-06	0.00e+00
 2.14816e+22	0.00e+00	6.08e-25	1.72e-20	8.02e-17	5.92e-14	1.52e-11	1.59e-09	4.22e-08	5.97e-07	3.02e-06	1.10e-05	3.08e-05	9.31e-05	2.21e-04	5.63e-04	1.84e-03	7.26e-02	2.46e-01	3.80e-01	2.16e-01	6.72e-02	1.30e-02	2.09e-03	3.35e-04	1.59e-04	5.38e-06	0.00e+00
 2.15807e+22	0.00e+00	8.76e-25	2.42e-20	1.10e-16	7.92e-14	2.00e-11	2.06e-09	5.37e-08	7.45e-07	3.69e-06	1.31e-05	3.61e-05	1.07e-04	2.47e-04	6.13e-04	1.96e-03	7.55e-02	2.52e-01	3.80e-01	2.11e-01	6.40e-02	1.21e-02	1.91e-03	3.00e-04	1.41e-04	4.66e-06	0.00e+00
 2.16809e+22	0.00e+00	1.43e-24	3.81e-20	1.67e-16	1.17e-13	2.88e-11	2.91e-09	7.44e-08	1.00e-06	4.85e-06	1.68e-05	4.48e-05	1.28e-04	2.87e-04	6.89e-04	2.13e-03	7.95e-02	2.58e-01	3.81e-01	2.05e-01	6.00e-02	1.10e-02	1.69e-03	2.59e-04	1.20e-04	3.82e-06	0.00e+00
 2.17802e+22	0.00e+00	2.07e-24	5.36e-20	2.30e-16	1.56e-13	3.78e-11	3.76e-09	9.50e-08	1.26e-06	5.95e-06	2.01e-05	5.26e-05	1.47e-04	3.21e-04	7.52e-04	2.27e-03	8.26e-02	2.63e-01	3.81e-01	2.00e-01	5.70e-02	1.03e-02	1.54e-03	2.32e-04	1.06e-04	3.29e-06	0.00e+00
 2.18784e+22	0.00e+00	3.34e-24	8.34e-20	3.45e-16	2.28e-13	5.39e-11	5.27e-09	1.31e-07	1.68e-06	7.78e-06	2.56e-05	6.50e-05	1.76e-04	3.73e-04	8.43e-04	2.47e-03	8.68e-02	2.70e-01	3.81e-01	1.94e-01	5.33e-02	9.33e-03	1.37e-03	2.00e-04	8.94e-05	2.69e-06	0.00e+00
 2.19784e+22	0.00e+00	4.88e-24	1.18e-19	4.77e-16	3.07e-13	7.13e-11	6.88e-09	1.68e-07	2.12e-06	9.63e-06	3.10e-05	7.68e-05	2.02e-04	4.19e-04	9.23e-04	2.63e-03	9.03e-02	2.75e-01	3.81e-01	1.88e-01	5.04e-02	8.63e-03	1.24e-03	1.77e-04	7.82e-05	2.30e-06	0.00e+00
 2.20808e+22	0.00e+00	7.96e-24	1.86e-19	7.24e-16	4.51e-13	1.02e-10	9.71e-09	2.34e-07	2.87e-06	1.27e-05	3.97e-05	9.57e-05	2.44e-04	4.88e-04	1.04e-03	2.87e-03	9.49e-02	2.82e-01	3.81e-01	1.82e-01	4.68e-02	7.78e-03	1.09e-03	1.51e-04	6.56e-05	1.86e-06	0.00e+00
 2.21839e+22	0.00e+00	1.16e-23	2.63e-19	9.96e-16	6.04e-13	1.35e-10	1.27e-08	3.01e-07	3.63e-06	1.58e-05	4.82e-05	1.13e-04	2.82e-04	5.50e-04	1.14e-03	3.06e-03	9.87e-02	2.87e-01	3.80e-01	1.77e-01	4.42e-02	7.17e-03	9.81e-04	1.34e-04	5.71e-05	1.58e-06	0.00e+00
 2.22879e+22	0.00e+00	1.88e-23	4.10e-19	1.50e-15	8.81e-13	1.93e-10	1.78e-08	4.17e-07	4.91e-06	2.08e-05	6.19e-05	1.41e-04	3.40e-04	6.41e-04	1.28e-03	3.34e-03	1.04e-01	2.94e-01	3.79e-01	1.70e-01	4.09e-02	6.43e-03	8.57e-04	1.14e-04	4.76e-05	1.27e-06	0.00e+00
 2.23926e+22	0.00e+00	2.72e-23	5.75e-19	2.05e-15	1.17e-12	2.53e-10	2.31e-08	5.36e-07	6.18e-06	2.58e-05	7.49e-05	1.67e-04	3.92e-04	7.21e-04	1.40e-03	3.57e-03	1.08e-01	2.98e-01	3.77e-01	1.65e-01	3.85e-02	5.91e-03	7.72e-04	1.00e-04	4.14e-05	1.07e-06	0.00e+00
 2.24833e+22	0.00e+00	3.88e-23	7.97e-19	2.76e-15	1.54e-12	3.28e-10	2.97e-08	6.83e-07	7.74e-06	3.17e-05	9.02e-05	1.97e-04	4.51e-04	8.09e-04	1.53e-03	3.80e-03	1.12e-01	3.03e-01	3.76e-01	1.60e-01	3.62e-02	5.44e-03	6.96e-04	8.84e-05	3.60e-05	9.05e-07	0.00e+00
 2.25863e+22	0.00e+00	6.13e-23	1.21e-18	4.06e-15	2.20e-12	4.58e-10	4.11e-08	9.36e-07	1.04e-05	4.15e-05	1.15e-04	2.44e-04	5.41e-04	9.40e-04	1.72e-03	4.14e-03	1.17e-01	3.09e-01	3.74e-01	1.53e-01	3.34e-02	4.86e-03	6.06e-04	7.49e-05	3.00e-05	7.26e-07	0.00e+00
 2.26882e+22	0.00e+00	8.46e-23	1.63e-18	5.32e-15	2.82e-12	5.81e-10	5.17e-08	1.17e-06	1.27e-05	5.03e-05	1.37e-04	2.84e-04	6.15e-04	1.04e-03	1.87e-03	4.39e-03	1.21e-01	3.14e-01	3.72e-01	1.48e-01	3.15e-02	4.49e-03	5.49e-04	6.66e-05	2.63e-05	6.20e-07	0.00e+00
 2.27888e+22	0.00e+00	1.28e-22	2.38e-18	7.55e-15	3.89e-12	7.88e-10	6.97e-08	1.56e-06	1.67e-05	6.45e-05	1.71e-04	3.46e-04	7.27e-04	1.20e-03	2.08e-03	4.75e-03	1.27e-01	3.19e-01	3.69e-01	1.42e-01	2.91e-02	4.04e-03	4.82e-04	5.70e-05	2.21e-05	5.04e-07	0.00e+00
 2.28924e+22	0.00e+00	1.79e-22	3.24e-18	9.99e-15	5.04e-12	1.01e-09	8.86e-08	1.98e-06	2.08e-05	7.90e-05	2.05e-04	4.06e-04	8.34e-04	1.34e-03	2.27e-03	5.06e-03	1.31e-01	3.23e-01	3.66e-01	1.37e-01	2.73e-02	3.70e-03	4.32e-04	5.01e-05	1.91e-05	4.24e-07	0.00e+00
 2.29999e+22	0.00e+00	2.73e-22	4.75e-18	1.42e-14	6.95e-12	1.37e-09	1.20e-07	2.66e-06	2.74e-05	1.02e-04	2.59e-04	4.98e-04	9.91e-04	1.55e-03	2.54e-03	5.49e-03	1.37e-01	3.29e-01	3.62e-01	1.31e-01	2.51e-02	3.30e-03	3.76e-04	4.25e-05	1.59e-05	3.40e-07	0.00e+00
 2.31093e+22	0.00e+00	3.79e-22	6.41e-18	1.87e-14	8.95e-12	1.74e-09	1.52e-07	3.36e-06	3.40e-05	1.25e-04	3.10e-04	5.84e-04	1.14e-03	1.73e-03	2.77e-03	5.86e-03	1.42e-01	3.33e-01	3.59e-01	1.26e-01	2.34e-02	3.01e-03	3.36e-04	3.72e-05	1.37e-05	2.85e-07	0.00e+00
 2.32213e+22	0.00e+00	5.74e-22	9.34e-18	2.63e-14	1.23e-11	2.36e-09	2.06e-07	4.52e-06	4.49e-05	1.62e-04	3.91e-04	7.17e-04	1.35e-03	2.00e-03	3.09e-03	6.36e-03	1.49e-01	3.38e-01	3.54e-01	1.20e-01	2.14e-02	2.67e-03	2.91e-04	3.14e-05	1.13e-05	2.27e-07	0.00e+00
 2.33355e+22	0.00e+00	7.90e-22	1.25e-17	3.43e-14	1.57e-11	2.99e-09	2.60e-07	5.70e-06	5.57e-05	1.98e-04	4.68e-04	8.40e-04	1.55e-03	2.23e-03	3.37e-03	6.78e-03	1.54e-01	3.42e-01	3.51e-01	1.15e-01	2.00e-02	2.43e-03	2.59e-04	2.74e-05	9.76e-06	1.90e-07	0.00e+00
 2.34528e+22	0.00e+00	1.18e-21	1.81e-17	4.80e-14	2.14e-11	4.02e-09	3.50e-07	7.65e-06	7.34e-05	2.55e-04	5.90e-04	1.03e-03	1.84e-03	2.57e-03	3.76e-03	7.35e-03	1.61e-01	3.46e-01	3.45e-01	1.09e-01	1.82e-02	2.15e-03	2.23e-04	2.30e-05	8.03e-06	1.50e-07	0.00e+00
 2.35720e+22	1.65e-34	1.62e-21	2.40e-17	6.23e-14	2.72e-11	5.07e-09	4.40e-07	9.62e-06	9.08e-05	3.11e-04	7.05e-04	1.20e-03	2.10e-03	2.87e-03	4.10e-03	7.84e-03	1.67e-01	3.50e-01	3.40e-01	1.05e-01	1.69e-02	1.95e-03	1.99e-04	2.01e-05	6.89e-06	1.25e-07	0.00e+00
 2.36938e+22	2.62e-34	2.40e-21	3.43e-17	8.64e-14	3.67e-11	6.78e-09	5.90e-07	1.29e-05	1.19e-04	4.01e-04	8.86e-04	1.47e-03	2.48e-03	3.30e-03	4.57e-03	8.50e-03	1.74e-01	3.54e-01	3.34e-01	9.91e-02	1.54e-02	1.72e-03	1.71e-04	1.68e-05	5.64e-06	0.00e+00	0.00e+00
 2.38164e+22	3.71e-34	3.23e-21	4.50e-17	1.11e-13	4.62e-11	8.45e-09	7.36e-07	1.61e-05	1.47e-04	4.86e-04	1.05e-03	1.71e-03	2.82e-03	3.67e-03	4.96e-03	9.04e-03	1.80e-01	3.56e-01	3.29e-01	9.48e-02	1.43e-02	1.56e-03	1.52e-04	1.47e-05	4.85e-06	0.00e+00	0.00e+00
 2.39398e+22	5.76e-34	4.71e-21	6.33e-17	1.51e-13	6.16e-11	1.12e-08	9.77e-07	2.13e-05	1.91e-04	6.22e-04	1.31e-03	2.08e-03	3.33e-03	4.20e-03	5.51e-03	9.78e-03	1.88e-01	3.60e-01	3.22e-01	8.93e-02	1.29e-02	1.37e-03	1.30e-04	1.23e-05	3.97e-06	0.00e+00	0.00e+00
 2.40659e+22	8.11e-34	6.30e-21	8.25e-17	1.93e-13	7.72e-11	1.39e-08	1.22e-06	2.66e-05	2.34e-04	7.52e-04	1.56e-03	2.41e-03	3.77e-03	4.66e-03	5.97e-03	1.04e-02	1.94e-01	3.62e-01	3.16e-01	8.52e-02	1.20e-02	1.24e-03	1.15e-04	1.07e-05	3.41e-06	0.00e+00	0.00e+00
 2.41761e+22	1.12e-33	8.30e-21	1.06e-16	2.42e-13	9.54e-11	1.71e-08	1.50e-06	3.27e-05	2.85e-04	9.01e-04	1.83e-03	2.78e-03	4.25e-03	5.14e-03	6.44e-03	1.10e-02	1.99e-01	3.64e-01	3.10e-01	8.14e-02	1.11e-02	1.12e-03	1.03e-04	9.33e-06	2.93e-06	0.00e+00	0.00e+00
 2.43004e+22	1.69e-33	1.18e-20	1.46e-16	3.23e-13	1.25e-10	2.22e-08	1.96e-06	4.28e-05	3.66e-04	1.14e-03	2.26e-03	3.34e-03	4.96e-03	5.83e-03	7.11e-03	1.18e-02	2.07e-01	3.66e-01	3.03e-01	7.65e-02	1.00e-02	9.86e-04	8.81e-05	7.82e-06	2.41e-06	0.00e+00	0.00e+00
 2.44239e+22	2.28e-33	1.52e-20	1.84e-16	4.01e-13	1.52e-10	2.69e-08	2.38e-06	5.20e-05	4.38e-04	1.35e-03	2.62e-03	3.80e-03	5.53e-03	6.38e-03	7.62e-03	1.25e-02	2.13e-01	3.67e-01	2.97e-01	7.31e-02	9.34e-03	8.99e-04	7.89e-05	6.89e-06	2.09e-06	0.00e+00	0.00e+00
 2.45466e+22	3.35e-33	2.12e-20	2.48e-16	5.26e-13	1.96e-10	3.45e-08	3.07e-06	6.70e-05	5.55e-04	1.68e-03	3.19e-03	4.51e-03	6.38e-03	7.17e-03	8.34e-03	1.34e-02	2.20e-01	3.68e-01	2.89e-01	6.87e-02	8.46e-03	7.93e-04	6.80e-05	5.81e-06	1.73e-06	0.00e+00	0.00e+00
 2.46724e+22	4.54e-33	2.75e-20	3.14e-16	6.54e-13	2.41e-10	4.20e-08	3.75e-06	8.20e-05	6.69e-04	1.99e-03	3.72e-03	5.15e-03	7.14e-03	7.86e-03	8.96e-03	1.41e-02	2.26e-01	3.68e-01	2.82e-01	6.53e-02	7.82e-03	7.17e-04	6.04e-05	5.07e-06	1.49e-06	0.00e+00	0.00e+00
 2.47840e+22	6.09e-33	3.53e-20	3.94e-16	8.06e-13	2.92e-10	5.07e-08	4.55e-06	9.96e-05	8.01e-04	2.35e-03	4.32e-03	5.86e-03	7.96e-03	8.59e-03	9.59e-03	1.48e-02	2.32e-01	3.68e-01	2.76e-01	6.21e-02	7.24e-03	6.49e-04	5.38e-05	4.43e-06	1.28e-06	0.00e+00	0.00e+00
 2.49107e+22	8.86e-33	4.86e-20	5.26e-16	1.05e-12	3.74e-10	6.46e-08	5.84e-06	1.28e-04	1.01e-03	2.92e-03	5.24e-03	6.93e-03	9.15e-03	9.62e-03	1.05e-02	1.59e-02	2.39e-01	3.67e-01	2.67e-01	5.81e-02	6.52e-03	5.69e-04	4.60e-05	3.71e-06	1.05e-06	0.00e+00	0.00e+00
 2.50368e+22	1.17e-32	6.16e-20	6.53e-16	1.28e-12	4.50e-10	7.73e-08	7.01e-06	1.53e-04	1.20e-03	3.41e-03	6.00e-03	7.80e-03	1.01e-02	1.04e-02	1.11e-02	1.66e-02	2.44e-01	3.67e-01	2.60e-01	5.53e-02	6.05e-03	5.18e-04	4.12e-05	3.27e-06	9.16e-07	0.00e+00	0.00e+00
 2.51621e+22	1.67e-32	8.33e-20	8.59e-16	1.64e-12	5.69e-10	9.73e-08	8.89e-06	1.95e-04	1.49e-03	4.19e-03	7.20e-03	9.13e-03	1.15e-02	1.16e-02	1.21e-02	1.77e-02	2.51e-01	3.65e-01	2.51e-01	5.16e-02	5.45e-03	4.54e-04	3.54e-05	2.75e-06	7.55e-07	0.00e+00	0.00e+00
 2.52898e+22	2.20e-32	1.06e-19	1.07e-15	2.01e-12	6.86e-10	1.17e-07	1.07e-05	2.34e-04	1.77e-03	4.89e-03	8.26e-03	1.03e-02	1.27e-02	1.25e-02	1.28e-02	1.85e-02	2.56e-01	3.63e-01	2.44e-01	4.89e-02	5.03e-03	4.11e-04	3.15e-05	2.41e-06	6.53e-07	0.00e+00	0.00e+00
 2.54207e+22	3.15e-32	1.43e-19	1.41e-15	2.59e-12	8.69e-10	1.47e-07	1.36e-05	2.98e-04	2.21e-03	6.00e-03	9.91e-03	1.20e-02	1.44e-02	1.39e-02	1.39e-02	1.96e-02	2.63e-01	3.60e-01	2.35e-01	4.54e-02	4.51e-03	3.59e-04	2.69e-05	2.01e-06	5.35e-07	0.00e+00	0.00e+00
 2.55540e+22	2.02e-32	1.83e-19	1.75e-15	3.17e-12	1.05e-09	1.77e-07	1.64e-05	3.59e-04	2.62e-03	7.02e-03	1.14e-02	1.35e-02	1.59e-02	1.50e-02	1.47e-02	2.04e-02	2.67e-01	3.57e-01	2.27e-01	4.28e-02	4.14e-03	3.23e-04	2.38e-05	1.75e-06	4.59e-07	0.00e+00	0.00e+00
 2.56906e+22	2.90e-32	2.48e-19	2.31e-15	4.08e-12	1.33e-09	2.24e-07	2.09e-05	4.58e-04	3.27e-03	8.61e-03	1.36e-02	1.57e-02	1.80e-02	1.66e-02	1.58e-02	2.16e-02	2.73e-01	3.53e-01	2.17e-01	3.95e-02	3.69e-03	2.80e-04	2.01e-05	1.45e-06	3.73e-07	0.00e+00	0.00e+00
 2.58298e+22	3.85e-32	3.16e-19	2.89e-15	5.01e-12	1.61e-09	2.70e-07	2.52e-05	5.52e-04	3.88e-03	1.01e-02	1.56e-02	1.77e-02	1.98e-02	1.79e-02	1.67e-02	2.25e-02	2.77e-01	3.48e-01	2.09e-01	3.70e-02	3.37e-03	2.50e-04	1.77e-05	1.26e-06	3.18e-07	0.00e+00	0.00e+00
 2.59722e+22	5.52e-32	4.30e-19	3.81e-15	6.47e-12	2.05e-09	3.41e-07	3.22e-05	7.03e-04	4.85e-03	1.23e-02	1.86e-02	2.05e-02	2.24e-02	1.97e-02	1.80e-02	2.37e-02	2.81e-01	3.42e-01	1.99e-01	3.39e-02	2.98e-03	2.15e-04	1.49e-05	1.03e-06	2.57e-07	0.00e+00	0.00e+00
 2.61113e+22	7.15e-32	5.38e-19	4.69e-15	7.82e-12	2.45e-09	4.05e-07	3.82e-05	8.31e-04	5.64e-03	1.41e-02	2.10e-02	2.27e-02	2.43e-02	2.10e-02	1.88e-02	2.45e-02	2.84e-01	3.37e-01	1.91e-01	3.19e-02	2.73e-03	1.94e-04	1.32e-05	9.05e-07	2.22e-07	0.00e+00	0.00e+00
 2.62463e+22	9.95e-32	7.12e-19	6.03e-15	9.86e-12	3.05e-09	5.02e-07	4.78e-05	1.04e-03	6.92e-03	1.70e-02	2.47e-02	2.60e-02	2.71e-02	2.29e-02	2.00e-02	2.56e-02	2.87e-01	3.29e-01	1.81e-01	2.92e-02	2.42e-03	1.67e-04	1.11e-05	7.47e-07	1.80e-07	0.00e+00	0.00e+00
 2.63833e+22	1.29e-31	8.92e-19	7.42e-15	1.19e-11	3.65e-09	5.96e-07	5.67e-05	1.23e-03	8.03e-03	1.95e-02	2.77e-02	2.86e-02	2.93e-02	2.42e-02	2.09e-02	2.63e-02	2.88e-01	3.23e-01	1.74e-01	2.73e-02	2.21e-03	1.50e-04	9.85e-06	6.50e-07	1.54e-07	0.00e+00	0.00e+00
 2.65231e+22	1.79e-31	1.18e-18	9.57e-15	1.51e-11	4.54e-09	7.39e-07	7.07e-05	1.53e-03	9.78e-03	2.32e-02	3.23e-02	3.25e-02	3.24e-02	2.62e-02	2.20e-02	2.72e-02	2.89e-01	3.13e-01	1.63e-01	2.48e-02	1.94e-03	1.29e-04	8.28e-06	5.36e-07	1.25e-07	0.00e+00	0.00e+00
 2.66672e+22	2.35e-31	1.49e-18	1.18e-14	1.83e-11	5.45e-09	8.82e-07	8.46e-05	1.82e-03	1.14e-02	2.68e-02	3.64e-02	3.60e-02	3.50e-02	2.78e-02	2.29e-02	2.80e-02	2.89e-01	3.05e-01	1.55e-01	2.29e-02	1.75e-03	1.14e-04	7.17e-06	4.57e-07	0.00e+00	0.00e+00	0.00e+00
 2.68169e+22	3.29e-31	1.99e-18	1.54e-14	2.33e-11	6.85e-09	1.10e-06	1.06e-04	2.26e-03	1.39e-02	3.18e-02	4.23e-02	4.06e-02	3.85e-02	2.98e-02	2.40e-02	2.88e-02	2.88e-01	2.94e-01	1.44e-01	2.06e-02	1.52e-03	9.66e-05	5.97e-06	3.72e-07	0.00e+00	0.00e+00	0.00e+00
 2.69715e+22	4.36e-31	2.54e-18	1.92e-14	2.86e-11	8.28e-09	1.32e-06	1.27e-04	2.70e-03	1.63e-02	3.67e-02	4.77e-02	4.48e-02	4.16e-02	3.15e-02	2.49e-02	2.94e-02	2.86e-01	2.83e-01	1.35e-01	1.88e-02	1.35e-03	8.38e-05	5.09e-06	3.12e-07	0.00e+00	0.00e+00	0.00e+00
 2.71324e+22	6.18e-31	3.43e-18	2.52e-14	3.67e-11	1.05e-08	1.66e-06	1.60e-04	3.37e-03	1.98e-02	4.36e-02	5.52e-02	5.04e-02	4.54e-02	3.35e-02	2.58e-02	2.99e-02	2.81e-01	2.69e-01	1.24e-01	1.67e-02	1.16e-03	7.00e-05	4.16e-06	2.49e-07	0.00e+00	0.00e+00	0.00e+00
 2.72976e+22	8.25e-31	4.39e-18	3.16e-14	4.51e-11	1.27e-08	2.00e-06	1.92e-04	4.03e-03	2.32e-02	5.02e-02	6.20e-02	5.53e-02	4.87e-02	3.52e-02	2.65e-02	3.03e-02	2.77e-01	2.57e-01	1.15e-01	1.50e-02	1.01e-03	5.99e-05	3.49e-06	2.06e-07	0.00e+00	0.00e+00	0.00e+00
 2.74684e+22	1.18e-30	5.96e-18	4.17e-14	5.82e-11	1.61e-08	2.51e-06	2.41e-04	5.00e-03	2.81e-02	5.92e-02	7.11e-02	6.15e-02	5.26e-02	3.70e-02	2.72e-02	3.05e-02	2.69e-01	2.40e-01	1.04e-01	1.31e-02	8.53e-04	4.91e-05	2.80e-06	1.61e-07	0.00e+00	0.00e+00	0.00e+00
 2.76448e+22	1.59e-30	7.67e-18	5.24e-14	7.18e-11	1.96e-08	3.02e-06	2.91e-04	5.98e-03	3.28e-02	6.78e-02	7.94e-02	6.70e-02	5.59e-02	3.84e-02	2.77e-02	3.05e-02	2.61e-01	2.26e-01	9.49e-02	1.16e-02	7.33e-04	4.13e-05	2.30e-06	1.30e-07	0.00e+00	0.00e+00	0.00e+00
 2.78284e+22	2.29e-30	1.05e-17	6.96e-14	9.30e-11	2.49e-08	3.80e-06	3.65e-04	7.40e-03	3.95e-02	7.95e-02	9.03e-02	7.38e-02	5.98e-02	3.99e-02	2.80e-02	3.02e-02	2.49e-01	2.08e-01	8.40e-02	9.84e-03	6.02e-04	3.30e-05	1.79e-06	9.93e-08	0.00e+00	0.00e+00	0.00e+00
 2.80175e+22	3.09e-30	1.35e-17	8.77e-14	1.15e-10	3.03e-08	4.58e-06	4.38e-04	8.81e-03	4.59e-02	9.02e-02	9.99e-02	7.95e-02	6.27e-02	4.09e-02	2.81e-02	2.97e-02	2.38e-01	1.92e-01	7.51e-02	8.52e-03	5.06e-04	2.70e-05	1.44e-06	0.00e+00	0.00e+00	0.00e+00	0.00e+00
 2.81878e+22	4.14e-30	1.74e-17	1.10e-13	1.41e-10	3.66e-08	5.47e-06	5.21e-04	1.03e-02	5.26e-02	1.01e-01	1.09e-01	8.48e-02	6.53e-02	4.16e-02	2.79e-02	2.91e-02	2.26e-01	1.77e-01	6.71e-02	7.38e-03	4.26e-04	2.23e-05	1.17e-06	0.00e+00	0.00e+00	0.00e+00	0.00e+00
 2.83834e+22	5.92e-30	2.34e-17	1.44e-13	1.80e-10	4.59e-08	6.79e-06	6.46e-04	1.27e-02	6.24e-02	1.17e-01	1.22e-01	9.14e-02	6.81e-02	4.21e-02	2.74e-02	2.80e-02	2.09e-01	1.56e-01	5.70e-02	6.01e-03	3.34e-04	1.70e-05	8.63e-07	0.00e+00	0.00e+00	0.00e+00	0.00e+00
 2.85802e+22	7.83e-30	2.97e-17	1.78e-13	2.19e-10	5.49e-08	8.02e-06	7.58e-04	1.47e-02	7.04e-02	1.29e-01	1.31e-01	9.59e-02	6.97e-02	4.21e-02	2.69e-02	2.70e-02	1.95e-01	1.42e-01	5.01e-02	5.13e-03	2.77e-04	1.38e-05	6.87e-07	0.00e+00	0.00e+00	0.00e+00	0.00e+00
 2.87785e+22	1.10e-29	3.95e-17	2.29e-13	2.75e-10	6.78e-08	9.79e-06	9.22e-04	1.76e-02	8.17e-02	1.45e-01	1.43e-01	1.01e-01	7.11e-02	4.17e-02	2.59e-02	2.55e-02	1.77e-01	1.23e-01	4.18e-02	4.10e-03	2.13e-04	1.03e-05	5.01e-07	0.00e+00	0.00e+00	0.00e+00	0.00e+00
 2.89810e+22	1.44e-29	4.95e-17	2.81e-13	3.29e-10	8.00e-08	1.14e-05	1.07e-03	2.02e-02	9.14e-02	1.59e-01	1.52e-01	1.05e-01	7.16e-02	4.10e-02	2.49e-02	2.41e-02	1.62e-01	1.09e-01	3.58e-02	3.39e-03	1.72e-04	8.08e-06	3.85e-07	0.00e+00	0.00e+00	0.00e+00	0.00e+00
 2.91890e+22	2.01e-29	6.52e-17	3.58e-13	4.10e-10	9.78e-08	1.38e-05	1.29e-03	2.38e-02	1.04e-01	1.76e-01	1.63e-01	1.08e-01	7.15e-02	3.97e-02	2.34e-02	2.22e-02	1.44e-01	9.22e-02	2.90e-02	2.64e-03	1.29e-04	5.88e-06	2.73e-07	0.00e+00	0.00e+00	0.00e+00	0.00e+00
 2.94013e+22	2.62e-29	8.10e-17	4.34e-13	4.87e-10	1.14e-07	1.60e-05	1.49e-03	2.71e-02	1.15e-01	1.90e-01	1.71e-01	1.10e-01	7.07e-02	3.82e-02	2.20e-02	2.06e-02	1.28e-01	7.95e-02	2.42e-02	2.12e-03	1.00e-04	4.46e-06	2.03e-07	0.00e+00	0.00e+00	0.00e+00	0.00e+00
 2.95904e+22	3.36e-29	9.93e-17	5.19e-13	5.71e-10	1.32e-07	1.83e-05	1.70e-03	3.06e-02	1.27e-01	2.03e-01	1.77e-01	1.11e-01	6.95e-02	3.66e-02	2.06e-02	1.90e-02	1.14e-01	6.83e-02	2.01e-02	1.70e-03	7.77e-05	3.38e-06	1.50e-07	0.00e+00	0.00e+00	0.00e+00	0.00e+00
 2.98075e+22	4.55e-29	1.27e-16	6.44e-13	6.92e-10	1.58e-07	2.16e-05	2.00e-03	3.54e-02	1.41e-01	2.19e-01	1.85e-01	1.11e-01	6.71e-02	3.42e-02	1.87e-02	1.69e-02	9.73e-02	5.54e-02	1.55e-02	1.26e-03	5.52e-05	2.33e-06	0.00e+00	0.00e+00	0.00e+00	0.00e+00	0.00e+00
 3.00116e+22	5.58e-29	1.51e-16	7.47e-13	7.89e-10	1.78e-07	2.41e-05	2.22e-03	3.88e-02	1.51e-01	2.29e-01	1.88e-01	1.11e-01	6.53e-02	3.26e-02	1.75e-02	1.55e-02	8.72e-02	4.81e-02	1.31e-02	1.03e-03	4.41e-05	1.82e-06	0.00e+00	0.00e+00	0.00e+00	0.00e+00	0.00e+00
 3.01988e+22	7.07e-29	1.82e-16	8.78e-13	9.10e-10	2.03e-07	2.73e-05	2.53e-03	4.35e-02	1.64e-01	2.42e-01	1.92e-01	1.09e-01	6.24e-02	3.03e-02	1.58e-02	1.38e-02	7.46e-02	3.94e-02	1.03e-02	7.77e-04	3.21e-05	1.29e-06	0.00e+00	0.00e+00	0.00e+00	0.00e+00	0.00e+00
 3.03885e+22	8.58e-29	2.14e-16	1.01e-12	1.03e-09	2.27e-07	3.03e-05	2.79e-03	4.73e-02	1.73e-01	2.50e-01	1.94e-01	1.07e-01	6.00e-02	2.85e-02	1.46e-02	1.26e-02	6.59e-02	3.37e-02	8.55e-03	6.25e-04	2.51e-05	9.87e-07	0.00e+00	0.00e+00	0.00e+00	0.00e+00	0.00e+00
 3.05814e+22	1.08e-28	2.57e-16	1.18e-12	1.18e-09	2.58e-07	3.42e-05	3.14e-03	5.26e-02	1.86e-01	2.61e-01	1.96e-01	1.05e-01	5.65e-02	2.60e-02	1.30e-02	1.11e-02	5.55e-02	2.72e-02	6.63e-03	4.65e-04	1.80e-05	6.87e-07	0.00e+00	0.00e+00	0.00e+00	0.00e+00	0.00e+00
 3.07782e+22	1.29e-28	2.98e-16	1.34e-12	1.32e-09	2.86e-07	3.76e-05	3.46e-03	5.70e-02	1.96e-01	2.69e-01	1.96e-01	1.02e-01	5.36e-02	2.41e-02	1.18e-02	9.94e-03	4.81e-02	2.28e-02	5.36e-03	3.63e-04	1.37e-05	5.09e-07	0.00e+00	0.00e+00	0.00e+00	0.00e+00	0.00e+00
 3.09799e+22	1.60e-28	3.54e-16	1.55e-12	1.50e-09	3.23e-07	4.23e-05	3.89e-03	6.31e-02	2.09e-01	2.78e-01	1.96e-01	9.78e-02	4.97e-02	2.17e-02	1.03e-02	8.57e-03	3.97e-02	1.79e-02	4.03e-03	2.61e-04	9.44e-06	3.41e-07	0.00e+00	0.00e+00	0.00e+00	0.00e+00	0.00e+00
 3.11829e+22	1.90e-28	4.08e-16	1.75e-12	1.67e-09	3.56e-07	4.63e-05	4.25e-03	6.80e-02	2.19e-01	2.84e-01	1.94e-01	9.44e-02	4.67e-02	1.99e-02	9.27e-03	7.62e-03	3.41e-02	1.48e-02	3.23e-03	2.02e-04	7.10e-06	2.51e-07	0.00e+00	0.00e+00	0.00e+00	0.00e+00	0.00e+00
 3.13876e+22	2.33e-28	4.82e-16	2.01e-12	1.89e-09	4.01e-07	5.19e-05	4.76e-03	7.48e-02	2.32e-01	2.91e-01	1.92e-01	8.96e-02	4.28e-02	1.76e-02	8.01e-03	6.50e-03	2.77e-02	1.15e-02	2.39e-03	1.43e-04	4.83e-06	1.65e-07	0.00e+00	0.00e+00	0.00e+00	0.00e+00	0.00e+00
 3.15963e+22	2.74e-28	5.50e-16	2.24e-12	2.08e-09	4.41e-07	5.68e-05	5.20e-03	8.04e-02	2.41e-01	2.95e-01	1.89e-01	8.55e-02	3.97e-02	1.60e-02	7.09e-03	5.70e-03	2.34e-02	9.36e-03	1.87e-03	1.08e-04	3.54e-06	1.18e-07	0.00e+00	0.00e+00	0.00e+00	0.00e+00	0.00e+00
 3.18101e+22	3.31e-28	6.46e-16	2.56e-12	2.35e-09	4.97e-07	6.36e-05	5.82e-03	8.82e-02	2.54e-01	3.00e-01	1.84e-01	8.01e-02	3.58e-02	1.39e-02	6.01e-03	4.79e-03	1.87e-02	7.09e-03	1.35e-03	7.41e-05	2.33e-06	0.00e+00	0.00e+00	0.00e+00	0.00e+00	0.00e+00	0.00e+00
 3.20281e+22	3.85e-28	7.34e-16	2.85e-12	2.59e-09	5.47e-07	6.97e-05	6.36e-03	9.47e-02	2.63e-01	3.03e-01	1.80e-01	7.57e-02	3.28e-02	1.24e-02	5.25e-03	4.14e-03	1.55e-02	5.66e-03	1.04e-03	5.47e-05	1.67e-06	0.00e+00	0.00e+00	0.00e+00	0.00e+00	0.00e+00	0.00e+00
 3.22515e+22	4.62e-28	8.58e-16	3.25e-12	2.93e-09	6.19e-07	7.83e-05	7.12e-03	1.04e-01	2.75e-01	3.06e-01	1.74e-01	6.99e-02	2.91e-02	1.06e-02	4.37e-03	3.42e-03	1.21e-02	4.18e-03	7.30e-04	3.64e-05	1.06e-06	0.00e+00	0.00e+00	0.00e+00	0.00e+00	0.00e+00	0.00e+00
 3.24771e+22	5.31e-28	9.70e-16	3.60e-12	3.22e-09	6.83e-07	8.60e-05	7.78e-03	1.11e-01	2.84e-01	3.07e-01	1.69e-01	6.54e-02	2.64e-02	9.39e-03	3.77e-03	2.93e-03	9.97e-03	3.29e-03	5.51e-04	2.64e-05	7.46e-07	0.00e+00	0.00e+00	0.00e+00	0.00e+00	0.00e+00	0.00e+00
 3.26679e+22	5.99e-28	1.08e-15	3.95e-12	3.52e-09	7.49e-07	9.37e-05	8.43e-03	1.18e-01	2.92e-01	3.07e-01	1.63e-01	6.14e-02	2.41e-02	8.33e-03	3.28e-03	2.54e-03	8.29e-03	2.63e-03	4.24e-04	1.96e-05	5.36e-07	0.00e+00	0.00e+00	0.00e+00	0.00e+00	0.00e+00	0.00e+00
 3.28758e+22	6.92e-28	1.24e-15	4.42e-12	3.93e-09	8.43e-07	1.05e-04	9.34e-03	1.28e-01	3.01e-01	3.06e-01	1.57e-01	5.64e-02	2.13e-02	7.13e-03	2.74e-03	2.10e-03	6.52e-03	1.96e-03	3.02e-04	1.33e-05	3.50e-07	0.00e+00	0.00e+00	0.00e+00	0.00e+00	0.00e+00	0.00e+00
 3.30842e+22	7.74e-28	1.38e-15	4.85e-12	4.31e-09	9.27e-07	1.14e-04	1.01e-02	1.36e-01	3.08e-01	3.05e-01	1.51e-01	5.25e-02	1.92e-02	6.29e-03	2.37e-03	1.81e-03	5.38e-03	1.56e-03	2.31e-04	9.73e-06	2.49e-07	0.00e+00	0.00e+00	0.00e+00	0.00e+00	0.00e+00	0.00e+00
 3.32879e+22	8.79e-28	1.56e-15	5.40e-12	4.81e-09	1.04e-06	1.27e-04	1.11e-02	1.46e-01	3.17e-01	3.03e-01	1.44e-01	4.81e-02	1.70e-02	5.37e-03	1.97e-03	1.50e-03	4.25e-03	1.17e-03	1.65e-04	6.65e-06	1.64e-07	0.00e+00	0.00e+00	0.00e+00	0.00e+00	0.00e+00	0.00e+00
 3.34956e+22	9.79e-28	1.74e-15	5.94e-12	5.30e-09	1.16e-06	1.40e-04	1.21e-02	1.55e-01	3.23e-01	3.00e-01	1.38e-01	4.44e-02	1.52e-02	4.68e-03	1.68e-03	1.28e-03	3.46e-03	9.12e-04	1.24e-04	4.78e-06	1.14e-07	0.00e+00	0.00e+00	0.00e+00	0.00e+00	0.00e+00	0.00e+00
 3.36994e+22	1.09e-27	1.96e-15	6.60e-12	5.92e-09	1.31e-06	1.56e-04	1.33e-02	1.66e-01	3.30e-01	2.96e-01	1.31e-01	4.05e-02	1.34e-02	3.99e-03	1.40e-03	1.06e-03	2.74e-03	6.86e-04	8.93e-05	3.28e-06	0.00e+00	0.00e+00	0.00e+00	0.00e+00	0.00e+00	0.00e+00	0.00e+00
 3.39074e+22	1.20e-27	2.19e-15	7.31e-12	6.59e-09	1.47e-06	1.73e-04	1.45e-02	1.77e-01	3.35e-01	2.92e-01	1.24e-01	3.71e-02	1.18e-02	3.44e-03	1.18e-03	8.92e-04	2.20e-03	5.27e-04	6.57e-05	2.32e-06	0.00e+00	0.00e+00	0.00e+00	0.00e+00	0.00e+00	0.00e+00	0.00e+00
 3.41123e+22	1.33e-27	2.47e-15	8.13e-12	7.39e-09	1.66e-06	1.93e-04	1.58e-02	1.88e-01	3.41e-01	2.87e-01	1.17e-01	3.37e-02	1.04e-02	2.93e-03	9.89e-04	7.43e-04	1.74e-03	3.98e-04	4.76e-05	1.60e-06	0.00e+00	0.00e+00	0.00e+00	0.00e+00	0.00e+00	0.00e+00	0.00e+00
 3.43189e+22	1.46e-27	2.77e-15	9.03e-12	8.28e-09	1.88e-06	2.14e-04	1.72e-02	1.99e-01	3.45e-01	2.82e-01	1.11e-01	3.06e-02	9.15e-03	2.51e-03	8.28e-04	6.20e-04	1.39e-03	3.03e-04	3.47e-05	1.12e-06	0.00e+00	0.00e+00	0.00e+00	0.00e+00	0.00e+00	0.00e+00	0.00e+00
 3.45229e+22	1.61e-27	3.10e-15	1.01e-11	9.32e-09	2.13e-06	2.39e-04	1.87e-02	2.11e-01	3.49e-01	2.76e-01	1.05e-01	2.78e-02	8.02e-03	2.14e-03	6.92e-04	5.16e-04	1.10e-03	2.30e-04	2.52e-05	7.77e-07	0.00e+00	0.00e+00	0.00e+00	0.00e+00	0.00e+00	0.00e+00	0.00e+00
 3.47265e+22	1.77e-27	3.49e-15	1.12e-11	1.05e-08	2.42e-06	2.66e-04	2.03e-02	2.23e-01	3.52e-01	2.70e-01	9.84e-02	2.52e-02	7.03e-03	1.82e-03	5.78e-04	4.29e-04	8.74e-04	1.74e-04	1.84e-05	5.42e-07	0.00e+00	0.00e+00	0.00e+00	0.00e+00	0.00e+00	0.00e+00	0.00e+00
 3.49303e+22	1.95e-27	3.93e-15	1.26e-11	1.19e-08	2.75e-06	2.96e-04	2.21e-02	2.36e-01	3.54e-01	2.63e-01	9.24e-02	2.28e-02	6.15e-03	1.55e-03	4.82e-04	3.56e-04	6.92e-04	1.32e-04	1.33e-05	3.76e-07	0.00e+00	0.00e+00	0.00e+00	0.00e+00	0.00e+00	0.00e+00	0.00e+00
 3.51348e+22	2.16e-27	4.44e-15	1.42e-11	1.36e-08	3.14e-06	3.31e-04	2.40e-02	2.49e-01	3.56e-01	2.56e-01	8.65e-02	2.06e-02	5.37e-03	1.32e-03	4.02e-04	2.96e-04	5.48e-04	9.97e-05	9.66e-06	2.61e-07	0.00e+00	0.00e+00	0.00e+00	0.00e+00	0.00e+00	0.00e+00	0.00e+00
 3.53402e+22	2.39e-27	5.03e-15	1.60e-11	1.55e-08	3.60e-06	3.69e-04	2.60e-02	2.62e-01	3.57e-01	2.48e-01	8.08e-02	1.85e-02	4.68e-03	1.12e-03	3.34e-04	2.44e-04	4.32e-04	7.52e-05	6.99e-06	1.81e-07	0.00e+00	0.00e+00	0.00e+00	0.00e+00	0.00e+00	0.00e+00	0.00e+00
 3.55474e+22	2.67e-27	5.71e-15	1.82e-11	1.78e-08	4.13e-06	4.13e-04	2.82e-02	2.76e-01	3.57e-01	2.40e-01	7.54e-02	1.66e-02	4.07e-03	9.46e-04	2.78e-04	2.01e-04	3.41e-04	5.65e-05	5.04e-06	1.25e-07	0.00e+00	0.00e+00	0.00e+00	0.00e+00	0.00e+00	0.00e+00	0.00e+00
 3.57567e+22	3.01e-27	6.52e-15	2.08e-11	2.05e-08	4.75e-06	4.62e-04	3.05e-02	2.90e-01	3.57e-01	2.32e-01	7.01e-02	1.49e-02	3.53e-03	7.99e-04	2.30e-04	1.66e-04	2.67e-04	4.24e-05	3.63e-06	0.00e+00	0.00e+00	0.00e+00	0.00e+00	0.00e+00	0.00e+00	0.00e+00	0.00e+00
 3.59671e+22	3.41e-27	7.46e-15	2.38e-11	2.38e-08	5.46e-06	5.17e-04	3.30e-02	3.04e-01	3.56e-01	2.24e-01	6.51e-02	1.33e-02	3.06e-03	6.75e-04	1.91e-04	1.36e-04	2.10e-04	3.18e-05	2.61e-06	0.00e+00	0.00e+00	0.00e+00	0.00e+00	0.00e+00	0.00e+00	0.00e+00	0.00e+00
 3.61808e+22	3.91e-27	8.60e-15	2.75e-11	2.77e-08	6.31e-06	5.80e-04	3.57e-02	3.18e-01	3.54e-01	2.16e-01	6.02e-02	1.19e-02	2.64e-03	5.67e-04	1.57e-04	1.11e-04	1.64e-04	2.37e-05	1.86e-06	0.00e+00	0.00e+00	0.00e+00	0.00e+00	0.00e+00	0.00e+00	0.00e+00	0.00e+00
 3.63968e+22	4.85e-27	9.93e-15	3.18e-11	3.23e-08	7.29e-06	6.49e-04	3.86e-02	3.33e-01	3.52e-01	2.07e-01	5.56e-02	1.06e-02	2.28e-03	4.78e-04	1.30e-04	9.11e-05	1.28e-04	1.77e-05	1.34e-06	0.00e+00	0.00e+00	0.00e+00	0.00e+00	0.00e+00	0.00e+00	0.00e+00	0.00e+00
 3.66170e+22	5.71e-27	1.16e-14	3.72e-11	3.81e-08	8.47e-06	7.31e-04	4.18e-02	3.48e-01	3.48e-01	1.98e-01	5.11e-02	9.41e-03	1.95e-03	3.99e-04	1.07e-04	7.38e-05	9.93e-05	1.30e-05	9.44e-07	0.00e+00	0.00e+00	0.00e+00	0.00e+00	0.00e+00	0.00e+00	0.00e+00	0.00e+00
 3.68410e+22	6.76e-27	1.35e-14	4.37e-11	4.48e-08	9.83e-06	8.21e-04	4.51e-02	3.63e-01	3.44e-01	1.89e-01	4.70e-02	8.35e-03	1.68e-03	3.35e-04	8.80e-05	6.01e-05	7.73e-05	9.69e-06	6.72e-07	0.00e+00	0.00e+00	0.00e+00	0.00e+00	0.00e+00	0.00e+00	0.00e+00	0.00e+00
 3.70462e+22	7.89e-27	1.55e-14	5.02e-11	5.16e-08	1.11e-05	9.05e-04	4.80e-02	3.75e-01	3.41e-01	1.82e-01	4.37e-02	7.54e-03	1.47e-03	2.88e-04	7.48e-05	5.04e-05	6.25e-05	7.53e-06	5.04e-07	0.00e+00	0.00e+00	0.00e+00	0.00e+00	0.00e+00	0.00e+00	0.00e+00	0.00e+00
 3.72606e+22	9.64e-27	1.84e-14	6.00e-11	6.18e-08	1.31e-05	1.02e-03	5.20e-02	3.91e-01	3.35e-01	1.73e-01	3.98e-02	6.62e-03	1.25e-03	2.38e-04	6.07e-05	4.03e-05	4.77e-05	5.46e-06	3.50e-07	0.00e+00	0.00e+00	0.00e+00	0.00e+00	0.00e+00	0.00e+00	0.00e+00	0.00e+00
 3.74784e+22	1.15e-26	2.13e-14	6.97e-11	7.15e-08	1.49e-05	1.13e-03	5.54e-02	4.03e-01	3.30e-01	1.66e-01	3.69e-02	5.96e-03	1.10e-03	2.05e-04	5.15e-05	3.38e-05	3.85e-05	4.23e-06	2.62e-07	0.00e+00	0.00e+00	0.00e+00	0.00e+00	0.00e+00	0.00e+00	0.00e+00	0.00e+00
 3.77025e+22	1.45e-26	2.57e-14	8.48e-11	8.67e-08	1.75e-05	1.28e-03	6.00e-02	4.19e-01	3.24e-01	1.56e-01	3.34e-02	5.20e-03	9.22e-04	1.68e-04	4.16e-05	2.68e-05	2.91e-05	3.04e-06	1.79e-07	0.00e+00	0.00e+00	0.00e+00	0.00e+00	0.00e+00	0.00e+00	0.00e+00	0.00e+00
 3.79271e+22	1.76e-26	2.99e-14	9.90e-11	1.01e-07	1.99e-05	1.42e-03	6.37e-02	4.31e-01	3.18e-01	1.49e-01	3.08e-02	4.67e-03	8.08e-04	1.45e-04	3.53e-05	2.24e-05	2.35e-05	2.36e-06	1.34e-07	0.00e+00	0.00e+00	0.00e+00	0.00e+00	0.00e+00	0.00e+00	0.00e+00	0.00e+00
