#depth	S	S+	S+2	S+3	S+4	S+5	S+6	S+7	S+8	S+9	S+10	S+11	S+12	S+13	S+14	S+15	S+16
 4.62852e+21	0.00e+00	0.00e+00	0.00e+00	7.23e-26	2.27e-22	3.47e-19	6.77e-16	3.22e-13	6.14e-11	4.93e-09	2.37e-07	6.11e-06	1.06e-04	1.95e-03	7.12e-02	3.59e-01	5.67e-01
 1.05554e+22	0.00e+00	0.00e+00	7.14e-28	3.00e-24	6.59e-21	1.07e-17	2.67e-14	8.79e-12	1.15e-09	6.30e-08	2.08e-06	3.62e-05	4.20e-04	5.13e-03	1.25e-01	4.23e-01	4.46e-01
 1.26305e+22	0.00e+00	5.06e-31	1.73e-26	5.78e-23	9.99e-20	1.24e-16	2.55e-13	6.73e-11	7.03e-09	3.05e-07	7.99e-06	1.09e-04	9.73e-04	9.15e-03	1.73e-01	4.50e-01	3.67e-01
 1.38431e+22	0.00e+00	3.65e-30	1.08e-25	3.15e-22	4.70e-19	4.95e-16	9.21e-13	2.15e-10	1.98e-08	7.52e-07	1.73e-05	2.06e-04	1.57e-03	1.26e-02	2.05e-01	4.59e-01	3.21e-01
 1.43880e+22	0.00e+00	6.16e-30	1.75e-25	4.92e-22	7.07e-19	7.12e-16	1.29e-12	2.92e-10	2.60e-08	9.54e-07	2.12e-05	2.43e-04	1.77e-03	1.37e-02	2.15e-01	4.60e-01	3.10e-01
 1.45843e+22	0.00e+00	9.56e-30	2.62e-25	7.15e-22	9.93e-19	9.64e-16	1.71e-12	3.77e-10	3.27e-08	1.16e-06	2.52e-05	2.80e-04	1.97e-03	1.47e-02	2.22e-01	4.61e-01	3.00e-01
 1.47583e+22	0.00e+00	1.33e-29	3.56e-25	9.51e-22	1.29e-18	1.22e-15	2.12e-12	4.59e-10	3.89e-08	1.35e-06	2.86e-05	3.11e-04	2.13e-03	1.55e-02	2.28e-01	4.61e-01	2.92e-01
 1.49572e+22	0.00e+00	2.21e-29	5.68e-25	1.46e-21	1.91e-18	1.73e-15	2.94e-12	6.16e-10	5.06e-08	1.70e-06	3.49e-05	3.65e-04	2.40e-03	1.68e-02	2.38e-01	4.61e-01	2.81e-01
 1.51636e+22	0.00e+00	3.44e-29	8.56e-25	2.14e-21	2.69e-18	2.34e-15	3.90e-12	7.97e-10	6.37e-08	2.08e-06	4.14e-05	4.20e-04	2.66e-03	1.80e-02	2.46e-01	4.61e-01	2.72e-01
 1.53491e+22	0.00e+00	5.28e-29	1.27e-24	3.07e-21	3.75e-18	3.14e-15	5.13e-12	1.02e-09	7.96e-08	2.53e-06	4.89e-05	4.81e-04	2.95e-03	1.92e-02	2.54e-01	4.61e-01	2.62e-01
 1.55595e+22	0.00e+00	8.99e-29	2.08e-24	4.84e-21	5.66e-18	4.53e-15	7.22e-12	1.39e-09	1.05e-07	3.22e-06	6.01e-05	5.68e-04	3.34e-03	2.08e-02	2.65e-01	4.60e-01	2.51e-01
 1.57748e+22	0.00e+00	1.43e-28	3.20e-24	7.19e-21	8.10e-18	6.23e-15	9.72e-12	1.83e-09	1.34e-07	3.97e-06	7.20e-05	6.58e-04	3.72e-03	2.23e-02	2.74e-01	4.58e-01	2.41e-01
 1.59585e+22	0.00e+00	2.19e-28	4.74e-24	1.03e-20	1.12e-17	8.30e-15	1.27e-11	2.34e-09	1.67e-07	4.81e-06	8.48e-05	7.52e-04	4.10e-03	2.38e-02	2.82e-01	4.57e-01	2.32e-01
 1.61593e+22	0.00e+00	3.62e-28	7.52e-24	1.58e-20	1.65e-17	1.17e-14	1.75e-11	3.12e-09	2.16e-07	6.03e-06	1.03e-04	8.80e-04	4.60e-03	2.56e-02	2.92e-01	4.54e-01	2.22e-01
 1.63708e+22	0.00e+00	5.84e-28	1.17e-23	2.36e-20	2.38e-17	1.61e-14	2.37e-11	4.11e-09	2.76e-07	7.47e-06	1.24e-04	1.02e-03	5.14e-03	2.75e-02	3.02e-01	4.52e-01	2.13e-01
 1.65603e+22	0.00e+00	8.98e-28	1.74e-23	3.39e-20	3.30e-17	2.15e-14	3.11e-11	5.27e-09	3.45e-07	9.07e-06	1.46e-04	1.17e-03	5.66e-03	2.92e-02	3.11e-01	4.49e-01	2.04e-01
 1.67707e+22	0.00e+00	1.53e-27	2.84e-23	5.33e-20	4.97e-17	3.09e-14	4.36e-11	7.17e-09	4.55e-07	1.15e-05	1.79e-04	1.38e-03	6.39e-03	3.15e-02	3.21e-01	4.45e-01	1.94e-01
 1.69834e+22	0.00e+00	2.43e-27	4.34e-23	7.85e-20	7.05e-17	4.20e-14	5.82e-11	9.35e-09	5.76e-07	1.42e-05	2.13e-04	1.59e-03	7.09e-03	3.37e-02	3.31e-01	4.41e-01	1.85e-01
 1.71607e+22	0.00e+00	3.61e-27	6.25e-23	1.10e-19	9.52e-17	5.47e-14	7.47e-11	1.17e-08	7.07e-07	1.69e-05	2.48e-04	1.80e-03	7.75e-03	3.56e-02	3.39e-01	4.38e-01	1.78e-01
 1.73527e+22	0.00e+00	5.98e-27	9.94e-23	1.68e-19	1.39e-16	7.64e-14	1.02e-10	1.57e-08	9.16e-07	2.12e-05	3.01e-04	2.10e-03	8.67e-03	3.81e-02	3.49e-01	4.33e-01	1.69e-01
 1.75505e+22	0.00e+00	9.29e-27	1.49e-22	2.42e-19	1.94e-16	1.02e-13	1.35e-10	2.01e-08	1.15e-06	2.58e-05	3.56e-04	2.40e-03	9.56e-03	4.05e-02	3.58e-01	4.28e-01	1.61e-01
 1.77124e+22	0.00e+00	1.33e-26	2.06e-22	3.26e-19	2.53e-16	1.29e-13	1.68e-10	2.47e-08	1.38e-06	3.02e-05	4.08e-04	2.68e-03	1.03e-02	4.25e-02	3.65e-01	4.24e-01	1.55e-01
 1.78795e+22	0.00e+00	2.07e-26	3.10e-22	4.73e-19	3.53e-16	1.72e-13	2.21e-10	3.18e-08	1.73e-06	3.68e-05	4.83e-04	3.07e-03	1.14e-02	4.51e-02	3.74e-01	4.18e-01	1.48e-01
 1.80395e+22	0.00e+00	2.88e-26	4.20e-22	6.23e-19	4.52e-16	2.13e-13	2.71e-10	3.83e-08	2.05e-06	4.26e-05	5.47e-04	3.39e-03	1.23e-02	4.71e-02	3.80e-01	4.14e-01	1.42e-01
 1.81686e+22	0.00e+00	3.95e-26	5.61e-22	8.09e-19	5.71e-16	2.61e-13	3.29e-10	4.58e-08	2.40e-06	4.90e-05	6.17e-04	3.73e-03	1.31e-02	4.90e-02	3.86e-01	4.10e-01	1.37e-01
 1.83145e+22	0.00e+00	5.86e-26	8.05e-22	1.12e-18	7.65e-16	3.36e-13	4.20e-10	5.73e-08	2.94e-06	5.83e-05	7.15e-04	4.20e-03	1.43e-02	5.16e-02	3.94e-01	4.04e-01	1.31e-01
 1.84574e+22	0.00e+00	7.95e-26	1.06e-21	1.45e-18	9.58e-16	4.08e-13	5.06e-10	6.81e-08	3.43e-06	6.68e-05	8.03e-04	4.61e-03	1.53e-02	5.36e-02	3.99e-01	4.00e-01	1.27e-01
 1.85765e+22	0.00e+00	1.07e-25	1.40e-21	1.85e-18	1.19e-15	4.93e-13	6.07e-10	8.06e-08	4.00e-06	7.62e-05	8.99e-04	5.05e-03	1.63e-02	5.56e-02	4.05e-01	3.95e-01	1.22e-01
 1.87117e+22	0.00e+00	1.55e-25	1.96e-21	2.51e-18	1.56e-15	6.22e-13	7.59e-10	9.91e-08	4.82e-06	8.96e-05	1.03e-03	5.63e-03	1.76e-02	5.82e-02	4.11e-01	3.89e-01	1.17e-01
 1.88442e+22	0.00e+00	2.07e-25	2.55e-21	3.18e-18	1.93e-15	7.45e-13	9.04e-10	1.16e-07	5.58e-06	1.02e-04	1.15e-03	6.14e-03	1.87e-02	6.03e-02	4.16e-01	3.85e-01	1.13e-01
 1.89543e+22	0.00e+00	2.75e-25	3.30e-21	4.01e-18	2.36e-15	8.87e-13	1.07e-09	1.36e-07	6.44e-06	1.15e-04	1.28e-03	6.69e-03	1.98e-02	6.24e-02	4.21e-01	3.80e-01	1.09e-01
 1.90619e+22	0.00e+00	3.61e-25	4.23e-21	5.01e-18	2.88e-15	1.05e-12	1.26e-09	1.59e-07	7.39e-06	1.30e-04	1.41e-03	7.25e-03	2.10e-02	6.44e-02	4.26e-01	3.75e-01	1.05e-01
 1.91852e+22	0.00e+00	5.08e-25	5.78e-21	6.64e-18	3.69e-15	1.30e-12	1.55e-09	1.92e-07	8.79e-06	1.51e-04	1.61e-03	8.03e-03	2.26e-02	6.71e-02	4.31e-01	3.69e-01	1.00e-01
 1.93115e+22	0.00e+00	6.81e-25	7.54e-21	8.43e-18	4.55e-15	1.55e-12	1.85e-09	2.26e-07	1.02e-05	1.71e-04	1.79e-03	8.75e-03	2.40e-02	6.94e-02	4.36e-01	3.64e-01	9.64e-02
 1.94237e+22	0.00e+00	9.00e-25	9.73e-21	1.06e-17	5.57e-15	1.84e-12	2.18e-09	2.65e-07	1.17e-05	1.94e-04	1.99e-03	9.50e-03	2.54e-02	7.16e-02	4.40e-01	3.59e-01	9.28e-02
 1.95298e+22	0.00e+00	1.19e-24	1.25e-20	1.32e-17	6.75e-15	2.17e-12	2.57e-09	3.08e-07	1.35e-05	2.18e-04	2.20e-03	1.03e-02	2.68e-02	7.39e-02	4.44e-01	3.53e-01	8.93e-02
 1.96280e+22	0.00e+00	1.53e-24	1.57e-20	1.63e-17	8.08e-15	2.52e-12	2.98e-09	3.54e-07	1.53e-05	2.44e-04	2.42e-03	1.11e-02	2.83e-02	7.60e-02	4.47e-01	3.48e-01	8.62e-02
 1.97375e+22	0.00e+00	2.10e-24	2.10e-20	2.10e-17	1.01e-14	3.05e-12	3.59e-09	4.22e-07	1.79e-05	2.80e-04	2.72e-03	1.22e-02	3.01e-02	7.87e-02	4.51e-01	3.42e-01	8.24e-02
 1.98499e+22	0.00e+00	2.79e-24	2.71e-20	2.64e-17	1.23e-14	3.59e-12	4.23e-09	4.93e-07	2.06e-05	3.16e-04	3.02e-03	1.32e-02	3.19e-02	8.11e-02	4.55e-01	3.37e-01	7.91e-02
 1.99479e+22	0.00e+00	3.59e-24	3.41e-20	3.23e-17	1.47e-14	4.17e-12	4.91e-09	5.67e-07	2.34e-05	3.52e-04	3.31e-03	1.42e-02	3.35e-02	8.33e-02	4.58e-01	3.31e-01	7.62e-02
 2.00569e+22	0.00e+00	5.01e-24	4.60e-20	4.21e-17	1.85e-14	5.05e-12	5.95e-09	6.79e-07	2.77e-05	4.07e-04	3.74e-03	1.57e-02	3.58e-02	8.62e-02	4.61e-01	3.24e-01	7.26e-02
 2.01682e+22	0.00e+00	6.66e-24	5.95e-20	5.28e-17	2.24e-14	5.93e-12	7.01e-09	7.93e-07	3.19e-05	4.60e-04	4.15e-03	1.70e-02	3.79e-02	8.88e-02	4.64e-01	3.18e-01	6.95e-02
 2.02658e+22	0.00e+00	8.71e-24	7.57e-20	6.53e-17	2.69e-14	6.90e-12	8.17e-09	9.17e-07	3.64e-05	5.15e-04	4.57e-03	1.83e-02	3.99e-02	9.12e-02	4.66e-01	3.13e-01	6.67e-02
 2.03760e+22	0.00e+00	1.24e-23	1.04e-19	8.62e-17	3.41e-14	8.39e-12	9.98e-09	1.11e-06	4.33e-05	5.99e-04	5.19e-03	2.03e-02	4.27e-02	9.43e-02	4.69e-01	3.05e-01	6.31e-02
 2.04876e+22	0.00e+00	1.64e-23	1.34e-19	1.08e-16	4.13e-14	9.82e-12	1.17e-08	1.29e-06	4.98e-05	6.76e-04	5.74e-03	2.20e-02	4.51e-02	9.69e-02	4.71e-01	2.98e-01	6.03e-02
 2.05830e+22	0.00e+00	2.13e-23	1.69e-19	1.32e-16	4.91e-14	1.13e-11	1.36e-08	1.49e-06	5.66e-05	7.54e-04	6.30e-03	2.36e-02	4.73e-02	9.93e-02	4.72e-01	2.93e-01	5.78e-02
 2.06890e+22	0.00e+00	3.08e-23	2.35e-19	1.76e-16	6.24e-14	1.37e-11	1.66e-08	1.81e-06	6.78e-05	8.80e-04	7.19e-03	2.62e-02	5.07e-02	1.03e-01	4.74e-01	2.84e-01	5.44e-02
 2.07932e+22	0.00e+00	3.95e-23	2.94e-19	2.14e-16	7.37e-14	1.58e-11	1.92e-08	2.07e-06	7.67e-05	9.79e-04	7.85e-03	2.80e-02	5.31e-02	1.05e-01	4.75e-01	2.78e-01	5.21e-02
 2.08950e+22	0.00e+00	5.64e-23	4.04e-19	2.81e-16	9.26e-14	1.89e-11	2.33e-08	2.50e-06	9.12e-05	1.14e-03	8.90e-03	3.09e-02	5.67e-02	1.08e-01	4.75e-01	2.70e-01	4.90e-02
 2.09949e+22	0.00e+00	7.19e-23	5.01e-19	3.39e-16	1.09e-13	2.15e-11	2.66e-08	2.84e-06	1.03e-04	1.26e-03	9.69e-03	3.30e-02	5.92e-02	1.10e-01	4.75e-01	2.64e-01	4.69e-02
 2.10922e+22	0.00e+00	1.02e-22	6.85e-19	4.44e-16	1.36e-13	2.57e-11	3.22e-08	3.42e-06	1.22e-04	1.45e-03	1.10e-02	3.63e-02	6.30e-02	1.13e-01	4.75e-01	2.56e-01	4.40e-02
 2.11892e+22	0.00e+00	1.31e-22	8.55e-19	5.37e-16	1.59e-13	2.92e-11	3.69e-08	3.90e-06	1.37e-04	1.61e-03	1.19e-02	3.88e-02	6.58e-02	1.16e-01	4.74e-01	2.50e-01	4.21e-02
 2.12859e+22	0.00e+00	1.87e-22	1.17e-18	7.01e-16	1.98e-13	3.47e-11	4.46e-08	4.69e-06	1.63e-04	1.86e-03	1.35e-02	4.27e-02	7.00e-02	1.19e-01	4.73e-01	2.41e-01	3.93e-02
 2.13832e+22	0.00e+00	2.42e-22	1.47e-18	8.55e-16	2.33e-13	3.95e-11	5.14e-08	5.38e-06	1.85e-04	2.07e-03	1.47e-02	4.57e-02	7.31e-02	1.21e-01	4.71e-01	2.35e-01	3.74e-02
 2.14816e+22	0.00e+00	3.49e-22	2.04e-18	1.12e-15	2.91e-13	4.69e-11	6.23e-08	6.50e-06	2.20e-04	2.40e-03	1.67e-02	5.02e-02	7.77e-02	1.24e-01	4.69e-01	2.26e-01	3.48e-02
 2.15807e+22	0.00e+00	4.56e-22	2.58e-18	1.38e-15	3.44e-13	5.35e-11	7.18e-08	7.46e-06	2.50e-04	2.67e-03	1.82e-02	5.38e-02	8.12e-02	1.26e-01	4.66e-01	2.19e-01	3.30e-02
 2.16809e+22	0.00e+00	6.56e-22	3.55e-18	1.80e-15	4.29e-13	6.34e-11	8.69e-08	8.99e-06	2.97e-04	3.09e-03	2.06e-02	5.89e-02	8.60e-02	1.29e-01	4.62e-01	2.10e-01	3.06e-02
 2.17802e+22	0.00e+00	8.63e-22	4.52e-18	2.21e-15	5.06e-13	7.21e-11	1.00e-07	1.03e-05	3.37e-04	3.45e-03	2.25e-02	6.31e-02	8.97e-02	1.30e-01	4.59e-01	2.03e-01	2.88e-02
 2.18784e+22	0.00e+00	1.24e-21	6.21e-18	2.89e-15	6.27e-13	8.50e-11	1.21e-07	1.24e-05	3.99e-04	3.97e-03	2.52e-02	6.89e-02	9.48e-02	1.33e-01	4.53e-01	1.94e-01	2.66e-02
 2.19784e+22	0.00e+00	1.65e-21	7.99e-18	3.57e-15	7.43e-13	9.69e-11	1.40e-07	1.44e-05	4.56e-04	4.43e-03	2.77e-02	7.38e-02	9.89e-02	1.35e-01	4.48e-01	1.87e-01	2.50e-02
 2.20808e+22	0.00e+00	2.40e-21	1.11e-17	4.71e-15	9.27e-13	1.15e-10	1.69e-07	1.73e-05	5.42e-04	5.12e-03	3.11e-02	8.07e-02	1.04e-01	1.37e-01	4.41e-01	1.77e-01	2.29e-02
 2.21839e+22	3.42e-34	3.22e-21	1.44e-17	5.83e-15	1.10e-12	1.30e-10	1.96e-07	2.00e-05	6.19e-04	5.72e-03	3.40e-02	8.63e-02	1.09e-01	1.38e-01	4.35e-01	1.70e-01	2.14e-02
 2.22879e+22	5.41e-34	4.72e-21	2.01e-17	7.70e-15	1.37e-12	1.54e-10	2.37e-07	2.42e-05	7.35e-04	6.59e-03	3.82e-02	9.40e-02	1.14e-01	1.40e-01	4.27e-01	1.61e-01	1.94e-02
 2.23926e+22	7.68e-34	6.33e-21	2.59e-17	9.53e-15	1.62e-12	1.75e-10	2.74e-07	2.79e-05	8.37e-04	7.34e-03	4.17e-02	1.00e-01	1.19e-01	1.41e-01	4.19e-01	1.53e-01	1.81e-02
 2.24833e+22	1.08e-33	8.45e-21	3.34e-17	1.17e-14	1.92e-12	1.98e-10	3.15e-07	3.20e-05	9.49e-04	8.14e-03	4.53e-02	1.07e-01	1.23e-01	1.42e-01	4.12e-01	1.46e-01	1.68e-02
 2.25863e+22	1.69e-33	1.23e-20	4.64e-17	1.54e-14	2.37e-12	2.32e-10	3.77e-07	3.83e-05	1.12e-03	9.30e-03	5.04e-02	1.15e-01	1.28e-01	1.42e-01	4.01e-01	1.37e-01	1.52e-02
 2.26882e+22	2.33e-33	1.61e-20	5.86e-17	1.87e-14	2.77e-12	2.61e-10	4.29e-07	4.35e-05	1.25e-03	1.02e-02	5.42e-02	1.22e-01	1.32e-01	1.43e-01	3.93e-01	1.31e-01	1.41e-02
 2.27888e+22	3.53e-33	2.29e-20	7.96e-17	2.41e-14	3.38e-12	3.03e-10	5.06e-07	5.12e-05	1.45e-03	1.15e-02	5.96e-02	1.30e-01	1.37e-01	1.43e-01	3.82e-01	1.23e-01	1.28e-02
 2.28924e+22	4.96e-33	3.05e-20	1.02e-16	2.97e-14	3.97e-12	3.42e-10	5.78e-07	5.84e-05	1.64e-03	1.27e-02	6.43e-02	1.38e-01	1.41e-01	1.43e-01	3.72e-01	1.16e-01	1.18e-02
 2.29999e+22	7.64e-33	4.39e-20	1.41e-16	3.87e-14	4.89e-12	4.00e-10	6.84e-07	6.89e-05	1.90e-03	1.43e-02	7.06e-02	1.47e-01	1.46e-01	1.42e-01	3.60e-01	1.08e-01	1.06e-02
 2.31093e+22	1.08e-32	5.87e-20	1.81e-16	4.77e-14	5.76e-12	4.53e-10	7.79e-07	7.84e-05	2.13e-03	1.57e-02	7.59e-02	1.54e-01	1.49e-01	1.42e-01	3.49e-01	1.02e-01	9.68e-03
 2.32213e+22	1.66e-32	8.50e-20	2.50e-16	6.23e-14	7.11e-12	5.30e-10	9.19e-07	9.22e-05	2.47e-03	1.76e-02	8.29e-02	1.64e-01	1.53e-01	1.40e-01	3.36e-01	9.46e-02	8.62e-03
 2.33355e+22	2.34e-32	1.13e-19	3.22e-16	7.68e-14	8.39e-12	6.01e-10	1.04e-06	1.04e-04	2.76e-03	1.93e-02	8.87e-02	1.72e-01	1.57e-01	1.39e-01	3.25e-01	8.88e-02	7.87e-03
 2.34528e+22	3.61e-32	1.64e-19	4.45e-16	1.01e-13	1.04e-11	7.05e-10	1.23e-06	1.22e-04	3.18e-03	2.15e-02	9.64e-02	1.82e-01	1.60e-01	1.37e-01	3.10e-01	8.17e-02	6.97e-03
 2.35720e+22	5.06e-32	2.19e-19	5.73e-16	1.24e-13	1.23e-11	8.00e-10	1.39e-06	1.38e-04	3.54e-03	2.34e-02	1.03e-01	1.90e-01	1.63e-01	1.36e-01	2.99e-01	7.64e-02	6.33e-03
 2.36938e+22	7.80e-32	3.18e-19	7.92e-16	1.62e-13	1.52e-11	9.41e-10	1.62e-06	1.61e-04	4.06e-03	2.60e-02	1.11e-01	2.00e-01	1.66e-01	1.33e-01	2.85e-01	6.99e-02	5.57e-03
 2.38164e+22	1.08e-31	4.21e-19	1.01e-15	1.99e-13	1.78e-11	1.07e-09	1.83e-06	1.81e-04	4.49e-03	2.82e-02	1.17e-01	2.07e-01	1.68e-01	1.31e-01	2.74e-01	6.53e-02	5.05e-03
 2.39398e+22	1.65e-31	6.05e-19	1.39e-15	2.60e-13	2.20e-11	1.25e-09	2.12e-06	2.09e-04	5.10e-03	3.11e-02	1.26e-01	2.16e-01	1.70e-01	1.28e-01	2.59e-01	5.95e-02	4.43e-03
 2.40659e+22	2.27e-31	7.98e-19	1.77e-15	3.19e-13	2.59e-11	1.42e-09	2.38e-06	2.33e-04	5.62e-03	3.35e-02	1.33e-01	2.23e-01	1.71e-01	1.26e-01	2.48e-01	5.53e-02	4.01e-03
 2.41761e+22	3.10e-31	1.04e-18	2.24e-15	3.87e-13	3.03e-11	1.60e-09	2.65e-06	2.59e-04	6.16e-03	3.59e-02	1.40e-01	2.30e-01	1.72e-01	1.23e-01	2.38e-01	5.15e-02	3.63e-03
 2.43004e+22	4.62e-31	1.47e-18	3.04e-15	4.99e-13	3.71e-11	1.87e-09	3.04e-06	2.96e-04	6.92e-03	3.92e-02	1.48e-01	2.38e-01	1.73e-01	1.20e-01	2.24e-01	4.68e-02	3.18e-03
 2.44239e+22	6.14e-31	1.88e-18	3.77e-15	5.99e-13	4.29e-11	2.10e-09	3.36e-06	3.25e-04	7.51e-03	4.17e-02	1.55e-01	2.44e-01	1.73e-01	1.17e-01	2.15e-01	4.37e-02	2.89e-03
 2.45466e+22	8.95e-31	2.61e-18	5.02e-15	7.61e-13	5.20e-11	2.43e-09	3.82e-06	3.68e-04	8.35e-03	4.51e-02	1.63e-01	2.51e-01	1.73e-01	1.14e-01	2.03e-01	3.98e-02	2.54e-03
 2.46724e+22	1.20e-30	3.37e-18	6.29e-15	9.20e-13	6.06e-11	2.74e-09	4.23e-06	4.05e-04	9.07e-03	4.80e-02	1.70e-01	2.56e-01	1.73e-01	1.11e-01	1.93e-01	3.69e-02	2.29e-03
 2.47840e+22	1.60e-30	4.32e-18	7.83e-15	1.11e-12	7.03e-11	3.07e-09	4.66e-06	4.44e-04	9.82e-03	5.09e-02	1.76e-01	2.61e-01	1.73e-01	1.08e-01	1.84e-01	3.42e-02	2.07e-03
 2.49107e+22	2.32e-30	5.97e-18	1.04e-14	1.40e-12	8.51e-11	3.56e-09	5.27e-06	5.00e-04	1.09e-02	5.48e-02	1.85e-01	2.68e-01	1.72e-01	1.04e-01	1.73e-01	3.09e-02	1.80e-03
 2.50368e+22	3.02e-30	7.51e-18	1.27e-14	1.67e-12	9.78e-11	3.98e-09	5.77e-06	5.44e-04	1.17e-02	5.77e-02	1.91e-01	2.72e-01	1.71e-01	1.01e-01	1.65e-01	2.88e-02	1.64e-03
 2.51621e+22	4.31e-30	1.02e-17	1.67e-14	2.10e-12	1.18e-10	4.59e-09	6.48e-06	6.07e-04	1.28e-02	6.18e-02	1.99e-01	2.77e-01	1.69e-01	9.76e-02	1.55e-01	2.60e-02	1.43e-03
 2.52898e+22	5.63e-30	1.29e-17	2.05e-14	2.50e-12	1.36e-10	5.14e-09	7.10e-06	6.61e-04	1.38e-02	6.50e-02	2.05e-01	2.80e-01	1.68e-01	9.47e-02	1.47e-01	2.41e-02	1.29e-03
 2.54207e+22	8.02e-30	1.76e-17	2.70e-14	3.14e-12	1.63e-10	5.95e-09	7.98e-06	7.37e-04	1.51e-02	6.94e-02	2.13e-01	2.85e-01	1.66e-01	9.09e-02	1.37e-01	2.17e-02	1.12e-03
 2.55540e+22	3.83e-30	2.23e-17	3.33e-14	3.75e-12	1.89e-10	6.67e-09	8.76e-06	8.02e-04	1.62e-02	7.29e-02	2.20e-01	2.87e-01	1.64e-01	8.79e-02	1.30e-01	2.00e-02	1.01e-03
 2.56906e+22	5.47e-30	3.05e-17	4.39e-14	4.74e-12	2.28e-10	7.74e-09	9.85e-06	8.94e-04	1.77e-02	7.77e-02	2.28e-01	2.91e-01	1.61e-01	8.40e-02	1.21e-01	1.80e-02	8.72e-04
 2.58298e+22	7.17e-30	3.87e-17	5.42e-14	5.68e-12	2.64e-10	8.70e-09	1.08e-05	9.72e-04	1.90e-02	8.15e-02	2.34e-01	2.93e-01	1.59e-01	8.10e-02	1.14e-01	1.65e-02	7.80e-04
 2.59722e+22	1.03e-29	5.30e-17	7.16e-14	7.19e-12	3.20e-10	1.01e-08	1.22e-05	1.08e-03	2.08e-02	8.67e-02	2.42e-01	2.96e-01	1.56e-01	7.71e-02	1.06e-01	1.47e-02	6.71e-04
 2.61113e+22	1.31e-29	6.55e-17	8.65e-14	8.45e-12	3.66e-10	1.13e-08	1.33e-05	1.17e-03	2.21e-02	9.04e-02	2.47e-01	2.97e-01	1.53e-01	7.44e-02	1.00e-01	1.36e-02	6.06e-04
 2.62463e+22	1.83e-29	8.82e-17	1.12e-13	1.05e-11	4.38e-10	1.30e-08	1.48e-05	1.29e-03	2.39e-02	9.55e-02	2.54e-01	2.99e-01	1.50e-01	7.08e-02	9.29e-02	1.22e-02	5.24e-04
 2.63833e+22	2.33e-29	1.09e-16	1.36e-13	1.24e-11	5.02e-10	1.45e-08	1.61e-05	1.39e-03	2.54e-02	9.95e-02	2.59e-01	2.99e-01	1.47e-01	6.82e-02	8.79e-02	1.13e-02	4.72e-04
 2.65231e+22	3.23e-29	1.46e-16	1.75e-13	1.55e-11	6.00e-10	1.67e-08	1.80e-05	1.53e-03	2.75e-02	1.05e-01	2.66e-01	3.00e-01	1.44e-01	6.48e-02	8.13e-02	1.01e-02	4.08e-04
 2.66672e+22	4.21e-29	1.84e-16	2.16e-13	1.85e-11	6.95e-10	1.88e-08	1.97e-05	1.66e-03	2.93e-02	1.09e-01	2.71e-01	3.00e-01	1.41e-01	6.21e-02	7.63e-02	9.19e-03	3.62e-04
 2.68169e+22	5.86e-29	2.46e-16	2.80e-13	2.30e-11	8.35e-10	2.18e-08	2.21e-05	1.83e-03	3.17e-02	1.15e-01	2.78e-01	2.99e-01	1.37e-01	5.87e-02	7.04e-02	8.18e-03	3.12e-04
 2.69715e+22	7.74e-29	3.15e-16	3.48e-13	2.78e-11	9.76e-10	2.47e-08	2.43e-05	1.99e-03	3.38e-02	1.20e-01	2.83e-01	2.99e-01	1.33e-01	5.59e-02	6.57e-02	7.41e-03	2.74e-04
 2.71324e+22	1.09e-28	4.26e-16	4.56e-13	3.51e-11	1.18e-09	2.88e-08	2.74e-05	2.21e-03	3.67e-02	1.26e-01	2.89e-01	2.98e-01	1.29e-01	5.26e-02	6.02e-02	6.54e-03	2.33e-04
 2.72976e+22	1.45e-28	5.49e-16	5.72e-13	4.26e-11	1.39e-09	3.28e-08	3.03e-05	2.40e-03	3.92e-02	1.32e-01	2.94e-01	2.96e-01	1.25e-01	4.99e-02	5.58e-02	5.89e-03	2.04e-04
 2.74684e+22	2.07e-28	7.50e-16	7.56e-13	5.42e-11	1.70e-09	3.86e-08	3.43e-05	2.67e-03	4.25e-02	1.38e-01	2.99e-01	2.94e-01	1.21e-01	4.67e-02	5.08e-02	5.16e-03	1.72e-04
 2.76448e+22	2.80e-28	9.77e-16	9.58e-13	6.65e-11	2.01e-09	4.43e-08	3.81e-05	2.91e-03	4.55e-02	1.44e-01	3.04e-01	2.91e-01	1.17e-01	4.41e-02	4.69e-02	4.61e-03	1.49e-04
 2.78284e+22	4.05e-28	1.35e-15	1.28e-12	8.56e-11	2.48e-09	5.25e-08	4.35e-05	3.25e-03	4.94e-02	1.52e-01	3.09e-01	2.88e-01	1.12e-01	4.10e-02	4.23e-02	4.00e-03	1.24e-04
 2.80175e+22	5.53e-28	1.78e-15	1.64e-12	1.06e-10	2.97e-09	6.07e-08	4.85e-05	3.56e-03	5.29e-02	1.58e-01	3.13e-01	2.84e-01	1.07e-01	3.84e-02	3.88e-02	3.54e-03	1.06e-04
 2.81878e+22	7.43e-28	2.31e-15	2.07e-12	1.30e-10	3.52e-09	6.97e-08	5.40e-05	3.89e-03	5.64e-02	1.64e-01	3.16e-01	2.81e-01	1.03e-01	3.61e-02	3.56e-02	3.15e-03	9.17e-05
 2.83834e+22	1.11e-27	3.29e-15	2.84e-12	1.70e-10	4.40e-09	8.36e-08	6.20e-05	4.35e-03	6.14e-02	1.72e-01	3.20e-01	2.76e-01	9.80e-02	3.32e-02	3.17e-02	2.69e-03	7.49e-05
 2.85802e+22	1.49e-27	4.26e-15	3.58e-12	2.08e-10	5.22e-09	9.60e-08	6.90e-05	4.74e-03	6.54e-02	1.79e-01	3.23e-01	2.71e-01	9.40e-02	3.11e-02	2.91e-02	2.39e-03	6.44e-05
 2.87785e+22	2.20e-27	6.01e-15	4.87e-12	2.71e-10	6.51e-09	1.15e-07	7.91e-05	5.30e-03	7.09e-02	1.87e-01	3.26e-01	2.66e-01	8.89e-02	2.85e-02	2.59e-02	2.03e-03	5.25e-05
 2.89810e+22	3.00e-27	7.93e-15	6.24e-12	3.36e-10	7.79e-09	1.33e-07	8.83e-05	5.79e-03	7.56e-02	1.93e-01	3.28e-01	2.60e-01	8.48e-02	2.65e-02	2.35e-02	1.78e-03	4.45e-05
 2.91890e+22	4.47e-27	1.13e-14	8.54e-12	4.42e-10	9.78e-09	1.60e-07	1.02e-04	6.48e-03	8.19e-02	2.02e-01	3.30e-01	2.54e-01	7.97e-02	2.42e-02	2.08e-02	1.51e-03	3.60e-05
 2.94013e+22	6.21e-27	1.51e-14	1.11e-11	5.54e-10	1.18e-08	1.86e-07	1.14e-04	7.10e-03	8.74e-02	2.09e-01	3.31e-01	2.48e-01	7.56e-02	2.23e-02	1.87e-02	1.31e-03	3.01e-05
 2.95904e+22	8.55e-27	2.01e-14	1.44e-11	6.91e-10	1.42e-08	2.16e-07	1.28e-04	7.76e-03	9.31e-02	2.16e-01	3.31e-01	2.42e-01	7.16e-02	2.07e-02	1.68e-02	1.13e-03	2.52e-05
 2.98075e+22	1.30e-26	2.93e-14	2.01e-11	9.22e-10	1.80e-08	2.63e-07	1.47e-04	8.70e-03	1.01e-01	2.24e-01	3.31e-01	2.34e-01	6.67e-02	1.86e-02	1.47e-02	9.41e-04	1.99e-05
 3.00116e+22	1.70e-26	3.73e-14	2.49e-11	1.11e-09	2.11e-08	2.98e-07	1.62e-04	9.37e-03	1.06e-01	2.30e-01	3.31e-01	2.28e-01	6.36e-02	1.74e-02	1.34e-02	8.34e-04	1.71e-05
 3.01988e+22	2.45e-26	5.20e-14	3.35e-11	1.43e-09	2.60e-08	3.53e-07	1.84e-04	1.03e-02	1.14e-01	2.37e-01	3.29e-01	2.21e-01	5.95e-02	1.58e-02	1.18e-02	7.04e-04	1.38e-05
 3.03885e+22	3.21e-26	6.68e-14	4.18e-11	1.73e-09	3.05e-08	4.02e-07	2.03e-04	1.11e-02	1.20e-01	2.43e-01	3.28e-01	2.15e-01	5.65e-02	1.47e-02	1.07e-02	6.19e-04	1.18e-05
 3.05814e+22	4.62e-26	9.33e-14	5.63e-11	2.24e-09	3.77e-08	4.78e-07	2.30e-04	1.23e-02	1.28e-01	2.50e-01	3.26e-01	2.08e-01	5.27e-02	1.33e-02	9.44e-03	5.21e-04	9.47e-06
 3.07782e+22	6.19e-26	1.22e-13	7.17e-11	2.75e-09	4.48e-08	5.50e-07	2.55e-04	1.33e-02	1.35e-01	2.56e-01	3.24e-01	2.01e-01	4.97e-02	1.23e-02	8.48e-03	4.51e-04	7.92e-06
 3.09799e+22	9.06e-26	1.75e-13	9.85e-11	3.62e-09	5.61e-08	6.61e-07	2.92e-04	1.48e-02	1.44e-01	2.63e-01	3.20e-01	1.93e-01	4.59e-02	1.10e-02	7.36e-03	3.73e-04	6.25e-06
 3.11829e+22	1.21e-25	2.29e-13	1.25e-10	4.45e-09	6.67e-08	7.61e-07	3.24e-04	1.60e-02	1.52e-01	2.68e-01	3.17e-01	1.87e-01	4.32e-02	1.01e-02	6.60e-03	3.23e-04	5.21e-06
 3.13876e+22	1.76e-25	3.29e-13	1.73e-10	5.86e-09	8.39e-08	9.18e-07	3.72e-04	1.77e-02	1.62e-01	2.75e-01	3.12e-01	1.78e-01	3.97e-02	9.04e-03	5.69e-03	2.65e-04	4.07e-06
 3.15963e+22	2.37e-25	4.39e-13	2.23e-10	7.31e-09	1.01e-07	1.07e-06	4.16e-04	1.92e-02	1.70e-01	2.80e-01	3.08e-01	1.72e-01	3.71e-02	8.25e-03	5.05e-03	2.26e-04	3.34e-06
 3.18101e+22	3.50e-25	6.42e-13	3.13e-10	9.77e-09	1.29e-07	1.31e-06	4.82e-04	2.14e-02	1.82e-01	2.86e-01	3.02e-01	1.63e-01	3.38e-02	7.30e-03	4.30e-03	1.83e-04	2.56e-06
 3.20281e+22	4.74e-25	8.68e-13	4.09e-10	1.23e-08	1.56e-07	1.53e-06	5.42e-04	2.34e-02	1.92e-01	2.90e-01	2.96e-01	1.56e-01	3.14e-02	6.60e-03	3.78e-03	1.54e-04	2.07e-06
 3.22515e+22	7.02e-25	1.29e-12	5.82e-10	1.67e-08	2.02e-07	1.90e-06	6.34e-04	2.62e-02	2.05e-01	2.96e-01	2.88e-01	1.47e-01	2.83e-02	5.78e-03	3.18e-03	1.22e-04	1.55e-06
 3.24771e+22	9.51e-25	1.76e-12	7.67e-10	2.12e-08	2.47e-07	2.25e-06	7.17e-04	2.87e-02	2.16e-01	2.99e-01	2.82e-01	1.40e-01	2.61e-02	5.19e-03	2.76e-03	1.02e-04	1.24e-06
 3.26679e+22	1.25e-24	2.34e-12	9.89e-10	2.65e-08	2.98e-07	2.63e-06	8.05e-04	3.12e-02	2.26e-01	3.02e-01	2.75e-01	1.33e-01	2.41e-02	4.69e-03	2.43e-03	8.57e-05	1.00e-06
 3.28758e+22	1.76e-24	3.35e-12	1.37e-09	3.52e-08	3.80e-07	3.23e-06	9.34e-04	3.47e-02	2.40e-01	3.05e-01	2.67e-01	1.25e-01	2.17e-02	4.12e-03	2.05e-03	6.86e-05	7.61e-07
 3.30842e+22	2.29e-24	4.44e-12	1.76e-09	4.39e-08	4.60e-07	3.80e-06	1.05e-03	3.78e-02	2.51e-01	3.07e-01	2.59e-01	1.19e-01	2.00e-02	3.71e-03	1.79e-03	5.74e-05	6.11e-07
 3.32879e+22	3.12e-24	6.25e-12	2.39e-09	5.76e-08	5.81e-07	4.64e-06	1.22e-03	4.19e-02	2.64e-01	3.09e-01	2.50e-01	1.11e-01	1.80e-02	3.25e-03	1.51e-03	4.60e-05	4.65e-07
 3.34956e+22	4.05e-24	8.33e-12	3.10e-09	7.26e-08	7.10e-07	5.51e-06	1.38e-03	4.58e-02	2.76e-01	3.09e-01	2.42e-01	1.05e-01	1.64e-02	2.90e-03	1.30e-03	3.80e-05	3.67e-07
 3.36994e+22	5.32e-24	1.15e-11	4.15e-09	9.42e-08	8.90e-07	6.70e-06	1.59e-03	5.07e-02	2.90e-01	3.09e-01	2.32e-01	9.75e-02	1.47e-02	2.54e-03	1.10e-03	3.05e-05	2.80e-07
 3.39074e+22	6.79e-24	1.54e-11	5.41e-09	1.20e-07	1.10e-06	8.04e-06	1.82e-03	5.56e-02	3.03e-01	3.09e-01	2.23e-01	9.11e-02	1.33e-02	2.24e-03	9.36e-04	2.48e-05	2.17e-07
 3.41123e+22	8.70e-24	2.07e-11	7.11e-09	1.53e-07	1.37e-06	9.73e-06	2.10e-03	6.13e-02	3.16e-01	3.07e-01	2.14e-01	8.46e-02	1.19e-02	1.95e-03	7.89e-04	1.99e-05	1.66e-07
 3.43189e+22	1.10e-23	2.76e-11	9.24e-09	1.95e-07	1.69e-06	1.17e-05	2.40e-03	6.73e-02	3.30e-01	3.05e-01	2.04e-01	7.85e-02	1.06e-02	1.71e-03	6.66e-04	1.60e-05	1.27e-07
 3.45229e+22	1.37e-23	3.64e-11	1.19e-08	2.47e-07	2.08e-06	1.41e-05	2.75e-03	7.39e-02	3.43e-01	3.03e-01	1.94e-01	7.26e-02	9.48e-03	1.49e-03	5.61e-04	1.28e-05	0.00e+00
 3.47265e+22	1.68e-23	4.76e-11	1.53e-08	3.11e-07	2.56e-06	1.70e-05	3.15e-03	8.10e-02	3.55e-01	2.99e-01	1.84e-01	6.70e-02	8.44e-03	1.30e-03	4.71e-04	1.03e-05	0.00e+00
 3.49303e+22	2.06e-23	6.18e-11	1.96e-08	3.92e-07	3.15e-06	2.04e-05	3.61e-03	8.86e-02	3.68e-01	2.95e-01	1.75e-01	6.15e-02	7.48e-03	1.12e-03	3.94e-04	8.18e-06	0.00e+00
 3.51348e+22	2.50e-23	7.96e-11	2.49e-08	4.91e-07	3.86e-06	2.45e-05	4.12e-03	9.69e-02	3.80e-01	2.90e-01	1.65e-01	5.64e-02	6.62e-03	9.72e-04	3.29e-04	6.51e-06	0.00e+00
 3.53402e+22	3.01e-23	1.02e-10	3.15e-08	6.14e-07	4.72e-06	2.95e-05	4.70e-03	1.06e-01	3.91e-01	2.84e-01	1.55e-01	5.15e-02	5.83e-03	8.37e-04	2.74e-04	5.16e-06	0.00e+00
 3.55474e+22	3.61e-23	1.30e-10	3.96e-08	7.65e-07	5.77e-06	3.53e-05	5.36e-03	1.15e-01	4.03e-01	2.78e-01	1.46e-01	4.69e-02	5.12e-03	7.18e-04	2.27e-04	4.08e-06	0.00e+00
 3.57567e+22	4.31e-23	1.64e-10	4.97e-08	9.51e-07	7.04e-06	4.24e-05	6.11e-03	1.25e-01	4.13e-01	2.72e-01	1.36e-01	4.25e-02	4.48e-03	6.14e-04	1.87e-04	3.20e-06	0.00e+00
 3.59671e+22	5.12e-23	2.05e-10	6.18e-08	1.18e-06	8.54e-06	5.06e-05	6.93e-03	1.36e-01	4.22e-01	2.64e-01	1.27e-01	3.84e-02	3.91e-03	5.24e-04	1.54e-04	2.52e-06	0.00e+00
 3.61808e+22	6.08e-23	2.56e-10	7.69e-08	1.46e-06	1.04e-05	6.06e-05	7.89e-03	1.48e-01	4.31e-01	2.56e-01	1.18e-01	3.45e-02	3.39e-03	4.43e-04	1.26e-04	1.96e-06	0.00e+00
 3.63968e+22	1.35e-22	3.15e-10	9.47e-08	1.79e-06	1.26e-05	7.22e-05	8.93e-03	1.59e-01	4.39e-01	2.48e-01	1.09e-01	3.10e-02	2.95e-03	3.75e-04	1.03e-04	1.53e-06	0.00e+00
 3.66170e+22	1.61e-22	3.90e-10	1.17e-07	2.21e-06	1.52e-05	8.65e-05	1.01e-02	1.72e-01	4.46e-01	2.40e-01	1.01e-01	2.77e-02	2.53e-03	3.15e-04	8.37e-05	1.17e-06	0.00e+00
 3.68410e+22	1.91e-22	4.76e-10	1.44e-07	2.70e-06	1.84e-05	1.03e-04	1.15e-02	1.86e-01	4.52e-01	2.31e-01	9.30e-02	2.47e-02	2.18e-03	2.64e-04	6.79e-05	9.08e-07	0.00e+00
 3.70462e+22	2.21e-22	5.61e-10	1.70e-07	3.19e-06	2.14e-05	1.19e-04	1.27e-02	1.97e-01	4.56e-01	2.23e-01	8.66e-02	2.23e-02	1.92e-03	2.27e-04	5.69e-05	7.29e-07	0.00e+00
 3.72606e+22	2.65e-22	6.84e-10	2.08e-07	3.93e-06	2.60e-05	1.43e-04	1.44e-02	2.12e-01	4.60e-01	2.13e-01	7.89e-02	1.96e-02	1.63e-03	1.87e-04	4.53e-05	5.50e-07	0.00e+00
 3.74784e+22	3.08e-22	8.01e-10	2.45e-07	4.63e-06	3.02e-05	1.64e-04	1.58e-02	2.24e-01	4.62e-01	2.05e-01	7.31e-02	1.77e-02	1.42e-03	1.60e-04	3.77e-05	4.39e-07	0.00e+00
 3.77025e+22	3.73e-22	9.74e-10	3.01e-07	5.69e-06	3.66e-05	1.97e-04	1.79e-02	2.41e-01	4.64e-01	1.95e-01	6.61e-02	1.54e-02	1.19e-03	1.31e-04	2.97e-05	3.27e-07	0.00e+00
 3.79271e+22	4.33e-22	1.13e-09	3.51e-07	6.66e-06	4.23e-05	2.26e-04	1.97e-02	2.53e-01	4.64e-01	1.87e-01	6.11e-02	1.39e-02	1.04e-03	1.12e-04	2.47e-05	2.61e-07	0.00e+00
 3.81523e+22	5.23e-22	1.35e-09	4.26e-07	8.12e-06	5.09e-05	2.70e-04	2.22e-02	2.70e-01	4.63e-01	1.76e-01	5.50e-02	1.20e-02	8.72e-04	9.06e-05	1.93e-05	1.94e-07	0.00e+00
 3.83783e+22	6.10e-22	1.55e-09	4.94e-07	9.43e-06	5.84e-05	3.08e-04	2.42e-02	2.83e-01	4.61e-01	1.69e-01	5.07e-02	1.08e-02	7.61e-04	7.73e-05	1.61e-05	1.54e-07	0.00e+00
 3.86054e+22	7.38e-22	1.84e-09	5.95e-07	1.14e-05	6.97e-05	3.65e-04	2.71e-02	3.00e-01	4.58e-01	1.59e-01	4.55e-02	9.33e-03	6.36e-04	6.26e-05	1.26e-05	0.00e+00	0.00e+00
 3.88349e+22	8.62e-22	2.11e-09	6.88e-07	1.32e-05	7.98e-05	4.14e-04	2.95e-02	3.13e-01	4.55e-01	1.51e-01	4.18e-02	8.34e-03	5.52e-04	5.31e-05	1.04e-05	0.00e+00	0.00e+00
 3.90675e+22	1.04e-21	2.49e-09	8.25e-07	1.59e-05	9.48e-05	4.90e-04	3.29e-02	3.30e-01	4.50e-01	1.42e-01	3.73e-02	7.18e-03	4.59e-04	4.28e-05	8.13e-06	0.00e+00	0.00e+00
 3.93032e+22	1.22e-21	2.84e-09	9.52e-07	1.84e-05	1.08e-04	5.56e-04	3.57e-02	3.43e-01	4.45e-01	1.35e-01	3.41e-02	6.38e-03	3.97e-04	3.62e-05	6.70e-06	0.00e+00	0.00e+00
 3.95428e+22	1.49e-21	3.34e-09	1.14e-06	2.21e-05	1.28e-04	6.55e-04	3.97e-02	3.61e-01	4.37e-01	1.25e-01	3.03e-02	5.47e-03	3.28e-04	2.90e-05	5.19e-06	0.00e+00	0.00e+00
 3.97869e+22	1.75e-21	3.81e-09	1.32e-06	2.56e-05	1.46e-04	7.43e-04	4.31e-02	3.74e-01	4.31e-01	1.19e-01	2.75e-02	4.83e-03	2.82e-04	2.43e-05	4.24e-06	0.00e+00	0.00e+00
 4.00367e+22	2.15e-21	4.48e-09	1.58e-06	3.08e-05	1.73e-04	8.75e-04	4.78e-02	3.91e-01	4.21e-01	1.10e-01	2.43e-02	4.11e-03	2.31e-04	1.93e-05	3.25e-06	0.00e+00	0.00e+00
 4.02921e+22	2.55e-21	5.13e-09	1.83e-06	3.57e-05	1.98e-04	9.93e-04	5.18e-02	4.05e-01	4.13e-01	1.03e-01	2.20e-02	3.61e-03	1.97e-04	1.60e-05	2.63e-06	0.00e+00	0.00e+00
 4.05550e+22	3.16e-21	6.05e-09	2.20e-06	4.30e-05	2.34e-04	1.17e-03	5.74e-02	4.22e-01	4.02e-01	9.49e-02	1.92e-02	3.03e-03	1.59e-04	1.26e-05	1.99e-06	0.00e+00	0.00e+00
 4.08228e+22	3.79e-21	6.97e-09	2.56e-06	4.98e-05	2.67e-04	1.33e-03	6.20e-02	4.35e-01	3.93e-01	8.88e-02	1.73e-02	2.65e-03	1.35e-04	1.04e-05	1.61e-06	0.00e+00	0.00e+00
 4.10492e+22	4.43e-21	7.85e-09	2.91e-06	5.68e-05	3.00e-04	1.49e-03	6.64e-02	4.46e-01	3.84e-01	8.35e-02	1.57e-02	2.34e-03	1.16e-04	8.72e-06	1.32e-06	0.00e+00	0.00e+00
 4.12957e+22	5.42e-21	9.15e-09	3.45e-06	6.72e-05	3.48e-04	1.72e-03	7.25e-02	4.60e-01	3.72e-01	7.69e-02	1.38e-02	1.99e-03	9.56e-05	6.95e-06	1.02e-06	0.00e+00	0.00e+00
 4.15344e+22	6.29e-21	1.02e-08	3.89e-06	7.56e-05	3.86e-04	1.90e-03	7.70e-02	4.70e-01	3.64e-01	7.26e-02	1.26e-02	1.78e-03	8.32e-05	5.92e-06	8.48e-07	0.00e+00	0.00e+00
 4.17629e+22	7.52e-21	1.17e-08	4.53e-06	8.79e-05	4.42e-04	2.17e-03	8.33e-02	4.82e-01	3.52e-01	6.70e-02	1.12e-02	1.52e-03	6.92e-05	4.79e-06	6.66e-07	0.00e+00	0.00e+00
 4.19939e+22	8.84e-21	1.33e-08	5.13e-06	9.90e-05	4.89e-04	2.38e-03	8.82e-02	4.91e-01	3.43e-01	6.32e-02	1.02e-02	1.36e-03	6.02e-05	4.08e-06	5.55e-07	0.00e+00	0.00e+00
 4.22278e+22	1.07e-20	1.53e-08	5.99e-06	1.15e-04	5.58e-04	2.71e-03	9.51e-02	5.02e-01	3.31e-01	5.82e-02	9.01e-03	1.16e-03	4.99e-05	3.29e-06	4.35e-07	0.00e+00	0.00e+00
 4.24652e+22	1.26e-20	1.73e-08	6.81e-06	1.30e-04	6.18e-04	2.99e-03	1.01e-01	5.10e-01	3.22e-01	5.46e-02	8.19e-03	1.03e-03	4.31e-05	2.79e-06	3.60e-07	0.00e+00	0.00e+00
 4.27071e+22	1.54e-20	2.01e-08	7.98e-06	1.51e-04	7.06e-04	3.40e-03	1.08e-01	5.20e-01	3.09e-01	5.00e-02	7.20e-03	8.78e-04	3.55e-05	2.23e-06	2.80e-07	0.00e+00	0.00e+00
 4.29525e+22	1.84e-20	2.29e-08	9.11e-06	1.71e-04	7.82e-04	3.73e-03	1.14e-01	5.27e-01	3.00e-01	4.68e-02	6.53e-03	7.76e-04	3.06e-05	1.88e-06	2.31e-07	0.00e+00	0.00e+00
 4.32024e+22	2.25e-20	2.67e-08	1.07e-05	2.00e-04	8.92e-04	4.25e-03	1.23e-01	5.36e-01	2.87e-01	4.27e-02	5.70e-03	6.56e-04	2.50e-05	1.50e-06	1.78e-07	0.00e+00	0.00e+00
 4.34564e+22	2.72e-20	3.07e-08	1.23e-05	2.26e-04	9.89e-04	4.67e-03	1.30e-01	5.42e-01	2.77e-01	3.98e-02	5.15e-03	5.77e-04	2.14e-05	1.25e-06	1.46e-07	0.00e+00	0.00e+00
 4.37158e+22	3.38e-20	3.62e-08	1.46e-05	2.65e-04	1.13e-03	5.31e-03	1.39e-01	5.49e-01	2.64e-01	3.61e-02	4.47e-03	4.85e-04	1.74e-05	9.89e-07	0.00e+00	0.00e+00	0.00e+00
 4.39811e+22	4.14e-20	4.20e-08	1.68e-05	3.02e-04	1.25e-03	5.85e-03	1.47e-01	5.54e-01	2.54e-01	3.35e-02	4.01e-03	4.23e-04	1.48e-05	8.22e-07	0.00e+00	0.00e+00	0.00e+00
 4.42539e+22	5.24e-20	5.00e-08	2.01e-05	3.56e-04	1.44e-03	6.66e-03	1.58e-01	5.59e-01	2.41e-01	3.02e-02	3.46e-03	3.52e-04	1.19e-05	6.41e-07	0.00e+00	0.00e+00	0.00e+00
 4.45338e+22	6.48e-20	5.85e-08	2.33e-05	4.07e-04	1.60e-03	7.36e-03	1.66e-01	5.63e-01	2.30e-01	2.78e-02	3.07e-03	3.04e-04	9.98e-06	5.26e-07	0.00e+00	0.00e+00	0.00e+00
 4.48229e+22	8.45e-20	7.12e-08	2.82e-05	4.83e-04	1.84e-03	8.38e-03	1.78e-01	5.66e-01	2.17e-01	2.49e-02	2.63e-03	2.51e-04	7.93e-06	4.05e-07	0.00e+00	0.00e+00	0.00e+00
 4.51151e+22	1.06e-19	8.42e-08	3.30e-05	5.53e-04	2.05e-03	9.23e-03	1.87e-01	5.68e-01	2.07e-01	2.28e-02	2.33e-03	2.17e-04	6.64e-06	3.32e-07	0.00e+00	0.00e+00	0.00e+00
 4.54113e+22	1.40e-19	1.03e-07	4.01e-05	6.58e-04	2.35e-03	1.05e-02	2.00e-01	5.70e-01	1.94e-01	2.03e-02	1.98e-03	1.77e-04	5.23e-06	2.54e-07	0.00e+00	0.00e+00	0.00e+00
 4.57105e+22	1.78e-19	1.23e-07	4.71e-05	7.55e-04	2.61e-03	1.16e-02	2.10e-01	5.70e-01	1.85e-01	1.86e-02	1.75e-03	1.52e-04	4.37e-06	2.07e-07	0.00e+00	0.00e+00	0.00e+00
 4.60135e+22	2.38e-19	1.52e-07	5.74e-05	8.99e-04	3.00e-03	1.31e-02	2.24e-01	5.69e-01	1.72e-01	1.65e-02	1.48e-03	1.24e-04	3.43e-06	1.57e-07	0.00e+00	0.00e+00	0.00e+00
 4.63215e+22	3.08e-19	1.83e-07	6.79e-05	1.04e-03	3.34e-03	1.44e-02	2.34e-01	5.67e-01	1.63e-01	1.50e-02	1.30e-03	1.06e-04	2.84e-06	1.28e-07	0.00e+00	0.00e+00	0.00e+00
 4.66362e+22	4.20e-19	2.29e-07	8.34e-05	1.24e-03	3.83e-03	1.64e-02	2.49e-01	5.64e-01	1.51e-01	1.32e-02	1.09e-03	8.57e-05	2.21e-06	0.00e+00	0.00e+00	0.00e+00	0.00e+00
 4.69467e+22	5.43e-19	2.75e-07	9.80e-05	1.42e-03	4.24e-03	1.79e-02	2.59e-01	5.61e-01	1.43e-01	1.20e-02	9.65e-04	7.35e-05	1.84e-06	0.00e+00	0.00e+00	0.00e+00	0.00e+00
 4.72517e+22	7.44e-19	3.44e-07	1.20e-04	1.68e-03	4.83e-03	2.01e-02	2.74e-01	5.55e-01	1.33e-01	1.06e-02	8.14e-04	5.97e-05	1.44e-06	0.00e+00	0.00e+00	0.00e+00	0.00e+00
 4.75391e+22	9.34e-19	4.04e-07	1.38e-04	1.89e-03	5.28e-03	2.18e-02	2.84e-01	5.51e-01	1.26e-01	9.70e-03	7.24e-04	5.19e-05	1.22e-06	0.00e+00	0.00e+00	0.00e+00	0.00e+00
 4.78035e+22	1.24e-18	4.92e-07	1.64e-04	2.18e-03	5.86e-03	2.38e-02	2.96e-01	5.45e-01	1.18e-01	8.75e-03	6.31e-04	4.38e-05	9.98e-07	0.00e+00	0.00e+00	0.00e+00	0.00e+00
 4.80833e+22	1.60e-18	5.89e-07	1.92e-04	2.49e-03	6.45e-03	2.59e-02	3.07e-01	5.39e-01	1.11e-01	7.94e-03	5.54e-04	3.74e-05	8.28e-07	0.00e+00	0.00e+00	0.00e+00	0.00e+00
 4.83398e+22	2.06e-18	7.00e-07	2.23e-04	2.81e-03	7.06e-03	2.80e-02	3.17e-01	5.32e-01	1.05e-01	7.23e-03	4.89e-04	3.22e-05	6.94e-07	0.00e+00	0.00e+00	0.00e+00	0.00e+00
 4.86299e+22	2.83e-18	8.72e-07	2.69e-04	3.28e-03	7.91e-03	3.08e-02	3.30e-01	5.23e-01	9.73e-02	6.42e-03	4.18e-04	2.66e-05	5.55e-07	0.00e+00	0.00e+00	0.00e+00	0.00e+00
 4.89302e+22	3.77e-18	1.06e-06	3.17e-04	3.76e-03	8.72e-03	3.36e-02	3.42e-01	5.15e-01	9.07e-02	5.76e-03	3.63e-04	2.24e-05	4.53e-07	0.00e+00	0.00e+00	0.00e+00	0.00e+00
 4.91970e+22	4.96e-18	1.27e-06	3.70e-04	4.26e-03	9.55e-03	3.63e-02	3.53e-01	5.06e-01	8.51e-02	5.22e-03	3.19e-04	1.92e-05	3.77e-07	0.00e+00	0.00e+00	0.00e+00	0.00e+00
 4.94971e+22	7.01e-18	1.60e-06	4.49e-04	4.98e-03	1.07e-02	3.98e-02	3.66e-01	4.95e-01	7.84e-02	4.60e-03	2.71e-04	1.57e-05	2.99e-07	0.00e+00	0.00e+00	0.00e+00	0.00e+00
 4.98097e+22	9.62e-18	1.95e-06	5.33e-04	5.72e-03	1.18e-02	4.34e-02	3.78e-01	4.84e-01	7.25e-02	4.10e-03	2.33e-04	1.31e-05	2.42e-07	0.00e+00	0.00e+00	0.00e+00	0.00e+00
 5.00908e+22	1.30e-17	2.37e-06	6.27e-04	6.51e-03	1.29e-02	4.67e-02	3.88e-01	4.74e-01	6.75e-02	3.68e-03	2.02e-04	1.11e-05	1.99e-07	0.00e+00	0.00e+00	0.00e+00	0.00e+00
 5.04088e+22	1.92e-17	3.03e-06	7.68e-04	7.65e-03	1.45e-02	5.13e-02	4.01e-01	4.60e-01	6.16e-02	3.21e-03	1.70e-04	8.99e-06	1.56e-07	0.00e+00	0.00e+00	0.00e+00	0.00e+00
 5.07371e+22	2.74e-17	3.75e-06	9.16e-04	8.81e-03	1.59e-02	5.57e-02	4.12e-01	4.47e-01	5.65e-02	2.84e-03	1.45e-04	7.42e-06	1.24e-07	0.00e+00	0.00e+00	0.00e+00	0.00e+00
 5.10299e+22	3.83e-17	4.59e-06	1.08e-03	1.00e-02	1.75e-02	6.00e-02	4.22e-01	4.34e-01	5.22e-02	2.53e-03	1.25e-04	6.22e-06	0.00e+00	0.00e+00	0.00e+00	0.00e+00	0.00e+00
 5.13615e+22	5.94e-17	5.92e-06	1.33e-03	1.18e-02	1.95e-02	6.56e-02	4.34e-01	4.18e-01	4.72e-02	2.18e-03	1.03e-04	4.97e-06	0.00e+00	0.00e+00	0.00e+00	0.00e+00	0.00e+00
 5.17061e+22	9.10e-17	7.42e-06	1.60e-03	1.37e-02	2.15e-02	7.10e-02	4.44e-01	4.04e-01	4.29e-02	1.91e-03	8.72e-05	4.06e-06	0.00e+00	0.00e+00	0.00e+00	0.00e+00	0.00e+00
 5.20164e+22	1.35e-16	9.17e-06	1.90e-03	1.56e-02	2.36e-02	7.63e-02	4.52e-01	3.89e-01	3.92e-02	1.68e-03	7.42e-05	3.35e-06	0.00e+00	0.00e+00	0.00e+00	0.00e+00	0.00e+00
 5.23687e+22	2.34e-16	1.20e-05	2.37e-03	1.85e-02	2.64e-02	8.35e-02	4.62e-01	3.71e-01	3.48e-02	1.43e-03	6.02e-05	2.62e-06	0.00e+00	0.00e+00	0.00e+00	0.00e+00	0.00e+00
 5.27296e+22	4.00e-16	1.51e-05	2.85e-03	2.13e-02	2.90e-02	8.99e-02	4.70e-01	3.55e-01	3.14e-02	1.24e-03	5.04e-05	2.12e-06	0.00e+00	0.00e+00	0.00e+00	0.00e+00	0.00e+00
 5.30531e+22	6.60e-16	1.89e-05	3.40e-03	2.44e-02	3.17e-02	9.63e-02	4.76e-01	3.39e-01	2.83e-02	1.08e-03	4.23e-05	1.73e-06	0.00e+00	0.00e+00	0.00e+00	0.00e+00	0.00e+00
 5.34250e+22	1.49e-15	2.51e-05	4.27e-03	2.90e-02	3.55e-02	1.05e-01	4.82e-01	3.19e-01	2.47e-02	9.00e-04	3.37e-05	1.32e-06	0.00e+00	0.00e+00	0.00e+00	0.00e+00	0.00e+00
 5.37999e+22	3.79e-15	3.14e-05	5.10e-03	3.32e-02	3.87e-02	1.12e-01	4.86e-01	3.02e-01	2.21e-02	7.75e-04	2.79e-05	1.06e-06	0.00e+00	0.00e+00	0.00e+00	0.00e+00	0.00e+00
 5.41787e+22	1.13e-14	4.18e-05	6.38e-03	3.92e-02	4.30e-02	1.21e-01	4.89e-01	2.82e-01	1.91e-02	6.43e-04	2.21e-05	8.04e-07	0.00e+00	0.00e+00	0.00e+00	0.00e+00	0.00e+00
 5.45637e+22	1.04e-13	5.27e-05	7.65e-03	4.49e-02	4.68e-02	1.29e-01	4.89e-01	2.65e-01	1.69e-02	5.48e-04	1.81e-05	6.37e-07	0.00e+00	0.00e+00	0.00e+00	0.00e+00	0.00e+00
 5.49568e+22	1.00e-12	7.05e-05	9.59e-03	5.30e-02	5.19e-02	1.39e-01	4.88e-01	2.43e-01	1.44e-02	4.46e-04	1.40e-05	4.74e-07	0.00e+00	0.00e+00	0.00e+00	0.00e+00	0.00e+00
 5.53537e+22	1.40e-13	8.87e-05	1.15e-02	6.04e-02	5.62e-02	1.47e-01	4.85e-01	2.27e-01	1.26e-02	3.78e-04	1.14e-05	3.73e-07	0.00e+00	0.00e+00	0.00e+00	0.00e+00	0.00e+00
 5.57556e+22	2.09e-14	1.19e-04	1.43e-02	7.11e-02	6.19e-02	1.57e-01	4.78e-01	2.06e-01	1.06e-02	3.04e-04	8.67e-06	2.73e-07	0.00e+00	0.00e+00	0.00e+00	0.00e+00	0.00e+00
 5.61614e+22	1.27e-14	1.49e-04	1.71e-02	8.04e-02	6.65e-02	1.65e-01	4.71e-01	1.90e-01	9.17e-03	2.55e-04	6.97e-06	2.12e-07	0.00e+00	0.00e+00	0.00e+00	0.00e+00	0.00e+00
 5.65721e+22	2.99e-14	1.99e-04	2.12e-02	9.39e-02	7.26e-02	1.75e-01	4.60e-01	1.70e-01	7.57e-03	2.02e-04	5.23e-06	1.53e-07	0.00e+00	0.00e+00	0.00e+00	0.00e+00	0.00e+00
 5.69884e+22	1.26e-13	2.49e-04	2.52e-02	1.06e-01	7.75e-02	1.82e-01	4.48e-01	1.55e-01	6.46e-03	1.67e-04	4.14e-06	0.00e+00	0.00e+00	0.00e+00	0.00e+00	0.00e+00	0.00e+00
 5.73484e+22	8.83e-13	3.08e-04	2.95e-02	1.18e-01	8.22e-02	1.88e-01	4.36e-01	1.41e-01	5.55e-03	1.39e-04	3.31e-06	0.00e+00	0.00e+00	0.00e+00	0.00e+00	0.00e+00	0.00e+00
 5.77528e+22	1.47e-11	4.02e-04	3.60e-02	1.35e-01	8.80e-02	1.95e-01	4.17e-01	1.24e-01	4.52e-03	1.09e-04	2.45e-06	0.00e+00	0.00e+00	0.00e+00	0.00e+00	0.00e+00	0.00e+00
 5.81481e+22	3.53e-10	4.88e-04	4.14e-02	1.48e-01	9.22e-02	1.99e-01	4.02e-01	1.12e-01	3.87e-03	9.10e-05	1.96e-06	0.00e+00	0.00e+00	0.00e+00	0.00e+00	0.00e+00	0.00e+00
 5.84791e+22	3.72e-09	5.86e-04	4.73e-02	1.61e-01	9.61e-02	2.03e-01	3.87e-01	1.02e-01	3.31e-03	7.60e-05	1.58e-06	0.00e+00	0.00e+00	0.00e+00	0.00e+00	0.00e+00	0.00e+00
 5.88570e+22	7.08e-09	7.42e-04	5.61e-02	1.80e-01	1.01e-01	2.07e-01	3.65e-01	8.84e-02	2.68e-03	5.95e-05	1.17e-06	0.00e+00	0.00e+00	0.00e+00	0.00e+00	0.00e+00	0.00e+00
 5.92310e+22	9.62e-09	8.82e-04	6.34e-02	1.94e-01	1.04e-01	2.08e-01	3.47e-01	7.94e-02	2.28e-03	4.95e-05	9.33e-07	0.00e+00	0.00e+00	0.00e+00	0.00e+00	0.00e+00	0.00e+00
 5.95999e+22	1.39e-08	1.09e-03	7.36e-02	2.13e-01	1.08e-01	2.09e-01	3.25e-01	6.88e-02	1.85e-03	3.90e-05	6.99e-07	0.00e+00	0.00e+00	0.00e+00	0.00e+00	0.00e+00	0.00e+00
 5.99812e+22	1.88e-08	1.31e-03	8.35e-02	2.29e-01	1.11e-01	2.09e-01	3.05e-01	6.04e-02	1.53e-03	3.15e-05	5.39e-07	0.00e+00	0.00e+00	0.00e+00	0.00e+00	0.00e+00	0.00e+00
 6.03225e+22	2.46e-08	1.54e-03	9.35e-02	2.45e-01	1.13e-01	2.08e-01	2.85e-01	5.31e-02	1.27e-03	2.56e-05	4.20e-07	0.00e+00	0.00e+00	0.00e+00	0.00e+00	0.00e+00	0.00e+00
 6.07100e+22	3.41e-08	1.90e-03	1.08e-01	2.65e-01	1.15e-01	2.05e-01	2.61e-01	4.47e-02	9.96e-04	1.96e-05	3.03e-07	0.00e+00	0.00e+00	0.00e+00	0.00e+00	0.00e+00	0.00e+00
 6.11039e+22	4.42e-08	2.24e-03	1.20e-01	2.80e-01	1.16e-01	2.01e-01	2.41e-01	3.85e-02	8.09e-04	1.56e-05	2.30e-07	0.00e+00	0.00e+00	0.00e+00	0.00e+00	0.00e+00	0.00e+00
 6.15061e+22	5.98e-08	2.72e-03	1.37e-01	2.99e-01	1.17e-01	1.95e-01	2.17e-01	3.19e-02	6.26e-04	1.17e-05	1.64e-07	0.00e+00	0.00e+00	0.00e+00	0.00e+00	0.00e+00	0.00e+00
 6.18798e+22	7.35e-08	3.11e-03	1.49e-01	3.12e-01	1.17e-01	1.91e-01	2.00e-01	2.78e-02	5.20e-04	9.57e-06	1.28e-07	0.00e+00	0.00e+00	0.00e+00	0.00e+00	0.00e+00	0.00e+00
 6.21698e+22	8.96e-08	3.53e-03	1.61e-01	3.23e-01	1.16e-01	1.86e-01	1.85e-01	2.43e-02	4.32e-04	7.84e-06	0.00e+00	0.00e+00	0.00e+00	0.00e+00	0.00e+00	0.00e+00	0.00e+00
 6.25001e+22	1.12e-07	4.09e-03	1.77e-01	3.36e-01	1.16e-01	1.79e-01	1.68e-01	2.05e-02	3.45e-04	6.14e-06	0.00e+00	0.00e+00	0.00e+00	0.00e+00	0.00e+00	0.00e+00	0.00e+00
 6.28403e+22	1.35e-07	4.62e-03	1.90e-01	3.46e-01	1.15e-01	1.73e-01	1.54e-01	1.77e-02	2.85e-04	4.98e-06	0.00e+00	0.00e+00	0.00e+00	0.00e+00	0.00e+00	0.00e+00	0.00e+00
 6.31472e+22	1.62e-07	5.21e-03	2.05e-01	3.55e-01	1.13e-01	1.66e-01	1.40e-01	1.53e-02	2.34e-04	4.02e-06	0.00e+00	0.00e+00	0.00e+00	0.00e+00	0.00e+00	0.00e+00	0.00e+00
 6.34539e+22	1.93e-07	5.85e-03	2.19e-01	3.63e-01	1.11e-01	1.60e-01	1.28e-01	1.31e-02	1.92e-04	3.24e-06	0.00e+00	0.00e+00	0.00e+00	0.00e+00	0.00e+00	0.00e+00	0.00e+00
 6.38063e+22	2.39e-07	6.73e-03	2.38e-01	3.72e-01	1.09e-01	1.51e-01	1.13e-01	1.07e-02	1.48e-04	2.46e-06	0.00e+00	0.00e+00	0.00e+00	0.00e+00	0.00e+00	0.00e+00	0.00e+00
 6.41613e+22	2.86e-07	7.55e-03	2.54e-01	3.78e-01	1.06e-01	1.43e-01	1.01e-01	9.07e-03	1.20e-04	1.95e-06	0.00e+00	0.00e+00	0.00e+00	0.00e+00	0.00e+00	0.00e+00	0.00e+00
