#depth	He	He+	He+2
 4.62852e+21	3.34e-12	2.24e-06	1.00e+00
 1.05554e+22	7.55e-12	3.26e-06	1.00e+00
 1.26305e+22	1.29e-11	4.17e-06	1.00e+00
 1.38431e+22	1.77e-11	4.82e-06	1.00e+00
 1.43880e+22	1.93e-11	5.01e-06	1.00e+00
 1.45843e+22	2.07e-11	5.18e-06	1.00e+00
 1.47583e+22	2.18e-11	5.31e-06	1.00e+00
 1.49572e+22	2.37e-11	5.52e-06	1.00e+00
 1.51636e+22	2.55e-11	5.71e-06	1.00e+00
 1.53491e+22	2.74e-11	5.90e-06	1.00e+00
 1.55595e+22	2.99e-11	6.15e-06	1.00e+00
 1.57748e+22	3.23e-11	6.38e-06	1.00e+00
 1.59585e+22	3.47e-11	6.59e-06	1.00e+00
 1.61593e+22	3.77e-11	6.85e-06	1.00e+00
 1.63708e+22	4.08e-11	7.12e-06	1.00e+00
 1.65603e+22	4.39e-11	7.37e-06	1.00e+00
 1.67707e+22	4.80e-11	7.69e-06	1.00e+00
 1.69834e+22	5.19e-11	7.98e-06	1.00e+00
 1.71607e+22	5.55e-11	8.24e-06	1.00e+00
 1.73527e+22	6.05e-11	8.59e-06	1.00e+00
 1.75505e+22	6.53e-11	8.91e-06	1.00e+00
 1.77124e+22	6.94e-11	9.18e-06	1.00e+00
 1.78795e+22	7.50e-11	9.53e-06	1.00e+00
 1.80395e+22	7.95e-11	9.80e-06	1.00e+00
 1.81686e+22	8.40e-11	1.01e-05	1.00e+00
 1.83145e+22	9.00e-11	1.04e-05	1.00e+00
 1.84574e+22	9.50e-11	1.07e-05	1.00e+00
 1.85765e+22	1.00e-10	1.10e-05	1.00e+00
 1.87117e+22	1.07e-10	1.13e-05	1.00e+00
 1.88442e+22	1.13e-10	1.16e-05	1.00e+00
 1.89543e+22	1.19e-10	1.19e-05	1.00e+00
 1.90619e+22	1.25e-10	1.22e-05	1.00e+00
 1.91852e+22	1.33e-10	1.26e-05	1.00e+00
 1.93115e+22	1.40e-10	1.30e-05	1.00e+00
 1.94237e+22	1.47e-10	1.33e-05	1.00e+00
 1.95298e+22	1.55e-10	1.37e-05	1.00e+00
 1.96280e+22	1.63e-10	1.40e-05	1.00e+00
 1.97375e+22	1.73e-10	1.44e-05	1.00e+00
 1.98499e+22	1.82e-10	1.48e-05	1.00e+00
 1.99479e+22	1.91e-10	1.52e-05	1.00e+00
 2.00569e+22	2.03e-10	1.57e-05	1.00e+00
 2.01682e+22	2.15e-10	1.62e-05	1.00e+00
 2.02658e+22	2.26e-10	1.66e-05	1.00e+00
 2.03760e+22	2.42e-10	1.72e-05	1.00e+00
 2.04876e+22	2.56e-10	1.77e-05	1.00e+00
 2.05830e+22	2.69e-10	1.82e-05	1.00e+00
 2.06890e+22	2.90e-10	1.90e-05	1.00e+00
 2.07932e+22	3.04e-10	1.95e-05	1.00e+00
 2.08950e+22	3.27e-10	2.02e-05	1.00e+00
 2.09949e+22	3.43e-10	2.08e-05	1.00e+00
 2.10922e+22	3.68e-10	2.16e-05	1.00e+00
 2.11892e+22	3.87e-10	2.22e-05	1.00e+00
 2.12859e+22	4.16e-10	2.32e-05	1.00e+00
 2.13832e+22	4.39e-10	2.38e-05	1.00e+00
 2.14816e+22	4.73e-10	2.49e-05	1.00e+00
 2.15807e+22	5.00e-10	2.57e-05	1.00e+00
 2.16809e+22	5.39e-10	2.68e-05	1.00e+00
 2.17802e+22	5.70e-10	2.77e-05	1.00e+00
 2.18784e+22	6.14e-10	2.90e-05	1.00e+00
 2.19784e+22	6.52e-10	3.00e-05	1.00e+00
 2.20808e+22	7.05e-10	3.15e-05	1.00e+00
 2.21839e+22	7.49e-10	3.26e-05	1.00e+00
 2.22879e+22	8.11e-10	3.43e-05	1.00e+00
 2.23926e+22	8.61e-10	3.56e-05	1.00e+00
 2.24833e+22	9.13e-10	3.69e-05	1.00e+00
 2.25863e+22	9.87e-10	3.88e-05	1.00e+00
 2.26882e+22	1.04e-09	4.01e-05	1.00e+00
 2.27888e+22	1.12e-09	4.20e-05	1.00e+00
 2.28924e+22	1.18e-09	4.36e-05	1.00e+00
 2.29999e+22	1.27e-09	4.57e-05	1.00e+00
 2.31093e+22	1.35e-09	4.75e-05	1.00e+00
 2.32213e+22	1.45e-09	4.99e-05	1.00e+00
 2.33355e+22	1.53e-09	5.18e-05	1.00e+00
 2.34528e+22	1.65e-09	5.44e-05	1.00e+00
 2.35720e+22	1.74e-09	5.65e-05	1.00e+00
 2.36938e+22	1.86e-09	5.93e-05	1.00e+00
 2.38164e+22	1.96e-09	6.15e-05	1.00e+00
 2.39398e+22	2.10e-09	6.46e-05	1.00e+00
 2.40659e+22	2.21e-09	6.69e-05	1.00e+00
 2.41761e+22	2.32e-09	6.93e-05	1.00e+00
 2.43004e+22	2.47e-09	7.26e-05	1.00e+00
 2.44239e+22	2.58e-09	7.49e-05	1.00e+00
 2.45466e+22	2.73e-09	7.82e-05	1.00e+00
 2.46724e+22	2.86e-09	8.09e-05	1.00e+00
 2.47840e+22	2.98e-09	8.36e-05	1.00e+00
 2.49107e+22	3.16e-09	8.73e-05	1.00e+00
 2.50368e+22	3.28e-09	8.99e-05	1.00e+00
 2.51621e+22	3.46e-09	9.37e-05	1.00e+00
 2.52898e+22	3.60e-09	9.66e-05	1.00e+00
 2.54207e+22	3.80e-09	1.01e-04	1.00e+00
 2.55540e+22	3.91e-09	1.04e-04	1.00e+00
 2.56906e+22	4.12e-09	1.08e-04	1.00e+00
 2.58298e+22	4.29e-09	1.12e-04	1.00e+00
 2.59722e+22	4.52e-09	1.17e-04	1.00e+00
 2.61113e+22	4.69e-09	1.20e-04	1.00e+00
 2.62463e+22	4.92e-09	1.25e-04	1.00e+00
 2.63833e+22	5.10e-09	1.28e-04	1.00e+00
 2.65231e+22	5.35e-09	1.33e-04	1.00e+00
 2.66672e+22	5.56e-09	1.38e-04	1.00e+00
 2.68169e+22	5.84e-09	1.43e-04	1.00e+00
 2.69715e+22	6.09e-09	1.48e-04	1.00e+00
 2.71324e+22	6.40e-09	1.54e-04	1.00e+00
 2.72976e+22	6.68e-09	1.59e-04	1.00e+00
 2.74684e+22	7.04e-09	1.66e-04	1.00e+00
 2.76448e+22	7.36e-09	1.72e-04	1.00e+00
 2.78284e+22	7.78e-09	1.79e-04	1.00e+00
 2.80175e+22	8.15e-09	1.86e-04	1.00e+00
 2.81878e+22	8.53e-09	1.93e-04	1.00e+00
 2.83834e+22	9.03e-09	2.02e-04	1.00e+00
 2.85802e+22	9.45e-09	2.09e-04	1.00e+00
 2.87785e+22	1.00e-08	2.19e-04	1.00e+00
 2.89810e+22	1.05e-08	2.28e-04	1.00e+00
 2.91890e+22	1.11e-08	2.39e-04	1.00e+00
 2.94013e+22	1.16e-08	2.49e-04	1.00e+00
 2.95904e+22	1.22e-08	2.59e-04	1.00e+00
 2.98075e+22	1.29e-08	2.73e-04	1.00e+00
 3.00116e+22	1.34e-08	2.82e-04	1.00e+00
 3.01988e+22	1.41e-08	2.96e-04	1.00e+00
 3.03885e+22	1.46e-08	3.06e-04	1.00e+00
 3.05814e+22	1.53e-08	3.21e-04	1.00e+00
 3.07782e+22	1.59e-08	3.34e-04	1.00e+00
 3.09799e+22	1.66e-08	3.52e-04	1.00e+00
 3.11829e+22	1.72e-08	3.67e-04	1.00e+00
 3.13876e+22	1.80e-08	3.87e-04	1.00e+00
 3.15963e+22	1.85e-08	4.04e-04	1.00e+00
 3.18101e+22	1.93e-08	4.28e-04	1.00e+00
 3.20281e+22	1.98e-08	4.48e-04	1.00e+00
 3.22515e+22	2.05e-08	4.76e-04	1.00e+00
 3.24771e+22	2.10e-08	5.00e-04	1.00e+00
 3.26679e+22	2.14e-08	5.23e-04	9.99e-01
 3.28758e+22	2.18e-08	5.54e-04	9.99e-01
 3.30842e+22	2.21e-08	5.80e-04	9.99e-01
 3.32879e+22	2.24e-08	6.13e-04	9.99e-01
 3.34956e+22	2.26e-08	6.43e-04	9.99e-01
 3.36994e+22	2.28e-08	6.79e-04	9.99e-01
 3.39074e+22	2.29e-08	7.15e-04	9.99e-01
 3.41123e+22	2.30e-08	7.54e-04	9.99e-01
 3.43189e+22	2.31e-08	7.93e-04	9.99e-01
 3.45229e+22	2.31e-08	8.36e-04	9.99e-01
 3.47265e+22	2.31e-08	8.79e-04	9.99e-01
 3.49303e+22	2.32e-08	9.26e-04	9.99e-01
 3.51348e+22	2.33e-08	9.74e-04	9.99e-01
 3.53402e+22	2.34e-08	1.03e-03	9.99e-01
 3.55474e+22	2.37e-08	1.08e-03	9.99e-01
 3.57567e+22	2.40e-08	1.14e-03	9.99e-01
 3.59671e+22	2.44e-08	1.20e-03	9.99e-01
 3.61808e+22	2.50e-08	1.26e-03	9.99e-01
 3.63968e+22	2.58e-08	1.33e-03	9.99e-01
 3.66170e+22	2.68e-08	1.40e-03	9.99e-01
 3.68410e+22	2.80e-08	1.48e-03	9.99e-01
 3.70462e+22	2.92e-08	1.54e-03	9.98e-01
 3.72606e+22	3.09e-08	1.63e-03	9.98e-01
 3.74784e+22	3.25e-08	1.70e-03	9.98e-01
 3.77025e+22	3.50e-08	1.80e-03	9.98e-01
 3.79271e+22	3.72e-08	1.88e-03	9.98e-01
 3.81523e+22	4.04e-08	2.00e-03	9.98e-01
 3.83783e+22	4.32e-08	2.08e-03	9.98e-01
 3.86054e+22	4.72e-08	2.20e-03	9.98e-01
 3.88349e+22	5.08e-08	2.30e-03	9.98e-01
 3.90675e+22	5.60e-08	2.43e-03	9.98e-01
 3.93032e+22	6.06e-08	2.54e-03	9.97e-01
 3.95428e+22	6.72e-08	2.69e-03	9.97e-01
 3.97869e+22	7.31e-08	2.82e-03	9.97e-01
 4.00367e+22	8.16e-08	2.99e-03	9.97e-01
 4.02921e+22	8.91e-08	3.13e-03	9.97e-01
 4.05550e+22	1.00e-07	3.33e-03	9.97e-01
 4.08228e+22	1.10e-07	3.48e-03	9.97e-01
 4.10492e+22	1.19e-07	3.64e-03	9.96e-01
 4.12957e+22	1.33e-07	3.85e-03	9.96e-01
 4.15344e+22	1.44e-07	4.00e-03	9.96e-01
 4.17629e+22	1.59e-07	4.21e-03	9.96e-01
 4.19939e+22	1.72e-07	4.38e-03	9.96e-01
 4.22278e+22	1.91e-07	4.61e-03	9.95e-01
 4.24652e+22	2.06e-07	4.80e-03	9.95e-01
 4.27071e+22	2.29e-07	5.06e-03	9.95e-01
 4.29525e+22	2.48e-07	5.26e-03	9.95e-01
 4.32024e+22	2.77e-07	5.56e-03	9.94e-01
 4.34564e+22	3.01e-07	5.79e-03	9.94e-01
 4.37158e+22	3.36e-07	6.12e-03	9.94e-01
 4.39811e+22	3.66e-07	6.39e-03	9.94e-01
 4.42539e+22	4.12e-07	6.77e-03	9.93e-01
 4.45338e+22	4.51e-07	7.08e-03	9.93e-01
 4.48229e+22	5.09e-07	7.52e-03	9.92e-01
 4.51151e+22	5.57e-07	7.87e-03	9.92e-01
 4.54113e+22	6.30e-07	8.37e-03	9.92e-01
 4.57105e+22	6.91e-07	8.76e-03	9.91e-01
 4.60135e+22	7.83e-07	9.32e-03	9.91e-01
 4.63215e+22	8.60e-07	9.77e-03	9.90e-01
 4.66362e+22	9.78e-07	1.04e-02	9.90e-01
 4.69467e+22	1.07e-06	1.09e-02	9.89e-01
 4.72517e+22	1.21e-06	1.16e-02	9.88e-01
 4.75391e+22	1.32e-06	1.21e-02	9.88e-01
 4.78035e+22	1.45e-06	1.27e-02	9.87e-01
 4.80833e+22	1.59e-06	1.33e-02	9.87e-01
 4.83398e+22	1.73e-06	1.38e-02	9.86e-01
 4.86299e+22	1.93e-06	1.46e-02	9.85e-01
 4.89302e+22	2.14e-06	1.53e-02	9.85e-01
 4.91970e+22	2.33e-06	1.60e-02	9.84e-01
 4.94971e+22	2.61e-06	1.69e-02	9.83e-01
 4.98097e+22	2.89e-06	1.78e-02	9.82e-01
 5.00908e+22	3.17e-06	1.87e-02	9.81e-01
 5.04088e+22	3.56e-06	1.98e-02	9.80e-01
 5.07371e+22	3.96e-06	2.08e-02	9.79e-01
 5.10299e+22	4.36e-06	2.19e-02	9.78e-01
 5.13615e+22	4.92e-06	2.32e-02	9.77e-01
 5.17061e+22	5.49e-06	2.45e-02	9.76e-01
 5.20164e+22	6.08e-06	2.58e-02	9.74e-01
 5.23687e+22	6.93e-06	2.75e-02	9.73e-01
 5.27296e+22	7.73e-06	2.90e-02	9.71e-01
 5.30531e+22	8.60e-06	3.06e-02	9.69e-01
 5.34250e+22	9.88e-06	3.27e-02	9.67e-01
 5.37999e+22	1.11e-05	3.46e-02	9.65e-01
 5.41787e+22	1.27e-05	3.70e-02	9.63e-01
 5.45637e+22	1.42e-05	3.92e-02	9.61e-01
 5.49568e+22	1.65e-05	4.21e-02	9.58e-01
 5.53537e+22	1.85e-05	4.45e-02	9.55e-01
 5.57556e+22	2.15e-05	4.79e-02	9.52e-01
 5.61614e+22	2.41e-05	5.07e-02	9.49e-01
 5.65721e+22	2.80e-05	5.45e-02	9.45e-01
 5.69884e+22	3.16e-05	5.78e-02	9.42e-01
 5.73484e+22	3.54e-05	6.11e-02	9.39e-01
 5.77528e+22	4.11e-05	6.56e-02	9.34e-01
 5.81481e+22	4.57e-05	6.91e-02	9.31e-01
 5.84791e+22	5.07e-05	7.26e-02	9.27e-01
 5.88570e+22	5.83e-05	7.77e-02	9.22e-01
 5.92310e+22	6.45e-05	8.15e-02	9.18e-01
 5.95999e+22	7.32e-05	8.66e-02	9.13e-01
 5.99812e+22	8.20e-05	9.14e-02	9.08e-01
 6.03225e+22	9.11e-05	9.61e-02	9.04e-01
 6.07100e+22	1.04e-04	1.02e-01	8.97e-01
 6.11039e+22	1.17e-04	1.08e-01	8.92e-01
 6.15061e+22	1.33e-04	1.15e-01	8.85e-01
 6.18798e+22	1.47e-04	1.20e-01	8.80e-01
 6.21698e+22	1.61e-04	1.26e-01	8.74e-01
 6.25001e+22	1.79e-04	1.32e-01	8.68e-01
 6.28403e+22	1.96e-04	1.38e-01	8.62e-01
 6.31472e+22	2.15e-04	1.44e-01	8.56e-01
 6.34539e+22	2.36e-04	1.50e-01	8.50e-01
 6.38063e+22	2.64e-04	1.58e-01	8.42e-01
 6.41613e+22	2.91e-04	1.65e-01	8.35e-01
 6.44692e+22	3.18e-04	1.72e-01	8.28e-01
 6.48192e+22	3.56e-04	1.81e-01	8.19e-01
 6.51753e+22	3.90e-04	1.88e-01	8.11e-01
 6.55393e+22	4.37e-04	1.98e-01	8.01e-01
 6.59075e+22	4.81e-04	2.07e-01	7.93e-01
 6.62306e+22	5.26e-04	2.15e-01	7.84e-01
 6.66001e+22	5.89e-04	2.26e-01	7.73e-01
 6.69783e+22	6.48e-04	2.36e-01	7.64e-01
 6.73678e+22	7.25e-04	2.48e-01	7.52e-01
 6.77657e+22	8.03e-04	2.59e-01	7.41e-01
 6.81147e+22	8.81e-04	2.69e-01	7.30e-01
 6.85084e+22	9.91e-04	2.83e-01	7.16e-01
 6.89127e+22	1.09e-03	2.94e-01	7.05e-01
 6.93308e+22	1.23e-03	3.09e-01	6.90e-01
 6.97564e+22	1.36e-03	3.22e-01	6.77e-01
 7.00795e+22	1.46e-03	3.31e-01	6.68e-01
 7.03874e+22	1.59e-03	3.42e-01	6.56e-01
 7.07022e+22	1.70e-03	3.52e-01	6.46e-01
 7.10258e+22	1.86e-03	3.65e-01	6.34e-01
 7.13524e+22	2.00e-03	3.75e-01	6.23e-01
 7.16831e+22	2.19e-03	3.88e-01	6.10e-01
 7.20169e+22	2.35e-03	3.99e-01	5.99e-01
 7.23548e+22	2.57e-03	4.12e-01	5.85e-01
 7.26974e+22	2.77e-03	4.23e-01	5.74e-01
 7.30460e+22	3.03e-03	4.38e-01	5.59e-01
 7.34003e+22	3.26e-03	4.49e-01	5.47e-01
 7.37620e+22	3.58e-03	4.64e-01	5.32e-01
 7.41303e+22	3.86e-03	4.77e-01	5.20e-01
 7.45071e+22	4.25e-03	4.92e-01	5.04e-01
 7.48924e+22	4.59e-03	5.05e-01	4.90e-01
 7.52886e+22	5.06e-03	5.22e-01	4.73e-01
 7.56907e+22	5.47e-03	5.35e-01	4.60e-01
 7.61005e+22	6.04e-03	5.52e-01	4.42e-01
 7.65162e+22	6.53e-03	5.65e-01	4.28e-01
 7.69396e+22	7.20e-03	5.82e-01	4.11e-01
 7.73738e+22	7.82e-03	5.96e-01	3.96e-01
 7.78219e+22	8.64e-03	6.14e-01	3.78e-01
 7.82778e+22	9.42e-03	6.28e-01	3.62e-01
 7.87437e+22	1.05e-02	6.47e-01	3.43e-01
 7.92138e+22	1.14e-02	6.61e-01	3.28e-01
 7.96895e+22	1.26e-02	6.78e-01	3.09e-01
 8.01787e+22	1.38e-02	6.93e-01	2.94e-01
 8.06856e+22	1.54e-02	7.11e-01	2.73e-01
 8.12048e+22	1.68e-02	7.25e-01	2.58e-01
 8.17400e+22	1.89e-02	7.43e-01	2.38e-01
 8.22937e+22	2.08e-02	7.57e-01	2.22e-01
 8.28716e+22	2.36e-02	7.74e-01	2.02e-01
 8.34748e+22	2.62e-02	7.88e-01	1.85e-01
 8.40977e+22	2.99e-02	8.04e-01	1.66e-01
 8.46385e+22	3.23e-02	8.13e-01	1.54e-01
 8.50860e+22	3.55e-02	8.23e-01	1.41e-01
 8.55591e+22	3.89e-02	8.32e-01	1.30e-01
 8.60656e+22	4.36e-02	8.40e-01	1.16e-01
 8.65810e+22	4.79e-02	8.47e-01	1.05e-01
 8.71080e+22	5.42e-02	8.53e-01	9.26e-02
 8.75976e+22	5.92e-02	8.57e-01	8.42e-02
 8.79697e+22	6.41e-02	8.59e-01	7.72e-02
 8.83847e+22	7.12e-02	8.60e-01	6.93e-02
 8.88234e+22	7.86e-02	8.59e-01	6.24e-02
 8.92221e+22	8.66e-02	8.57e-01	5.64e-02
 8.96063e+22	9.56e-02	8.53e-01	5.11e-02
 8.99729e+22	1.05e-01	8.48e-01	4.66e-02
 9.03108e+22	1.16e-01	8.41e-01	4.29e-02
 9.06197e+22	1.27e-01	8.33e-01	3.99e-02
 9.09016e+22	1.38e-01	8.24e-01	3.74e-02
 9.11571e+22	1.50e-01	8.14e-01	3.54e-02
 9.13901e+22	1.63e-01	8.04e-01	3.37e-02
 9.16032e+22	1.76e-01	7.92e-01	3.25e-02
 9.17368e+22	1.83e-01	7.85e-01	3.22e-02
 9.17867e+22	1.86e-01	7.82e-01	3.20e-02
 9.18269e+22	1.89e-01	7.79e-01	3.18e-02
 9.18793e+22	1.93e-01	7.76e-01	3.15e-02
 9.19417e+22	1.98e-01	7.71e-01	3.12e-02
 9.20046e+22	2.03e-01	7.66e-01	3.09e-02
 9.20627e+22	2.07e-01	7.62e-01	3.08e-02
 9.21219e+22	2.13e-01	7.57e-01	3.05e-02
 9.21831e+22	2.18e-01	7.52e-01	3.04e-02
 9.22457e+22	2.23e-01	7.46e-01	3.02e-02
 9.23100e+22	2.30e-01	7.40e-01	3.00e-02
 9.23730e+22	2.35e-01	7.35e-01	2.99e-02
 9.24372e+22	2.42e-01	7.28e-01	2.98e-02
 9.25049e+22	2.49e-01	7.22e-01	2.97e-02
 9.25549e+22	2.53e-01	7.17e-01	2.97e-02
