#depth	Ne	Ne+	Ne+2	Ne+3	Ne+4	Ne+5	Ne+6	Ne+7	Ne+8	Ne+9	Ne+10
 4.62852e+21	0.00e+00	2.25e-28	3.56e-23	7.79e-19	3.87e-15	4.71e-12	2.26e-09	6.61e-07	6.26e-04	4.87e-02	9.51e-01
 1.05554e+22	0.00e+00	8.01e-27	8.45e-22	1.25e-17	4.19e-14	3.45e-11	1.10e-08	2.15e-06	1.37e-03	7.12e-02	9.27e-01
 1.26305e+22	6.91e-32	8.42e-26	6.79e-21	7.69e-17	2.00e-13	1.27e-10	3.09e-08	4.58e-06	2.26e-03	9.03e-02	9.07e-01
 1.38431e+22	3.29e-31	3.41e-25	2.34e-20	2.26e-16	5.04e-13	2.73e-10	5.66e-08	7.14e-06	3.02e-03	1.04e-01	8.93e-01
 1.43880e+22	5.01e-31	4.96e-25	3.26e-20	3.02e-16	6.46e-13	3.36e-10	6.65e-08	8.03e-06	3.26e-03	1.07e-01	8.89e-01
 1.45843e+22	7.15e-31	6.82e-25	4.31e-20	3.86e-16	7.97e-13	4.00e-10	7.63e-08	8.88e-06	3.47e-03	1.11e-01	8.86e-01
 1.47583e+22	9.30e-31	8.62e-25	5.31e-20	4.63e-16	9.32e-13	4.56e-10	8.45e-08	9.57e-06	3.65e-03	1.13e-01	8.83e-01
 1.49572e+22	1.40e-30	1.24e-24	7.35e-20	6.15e-16	1.19e-12	5.58e-10	9.90e-08	1.07e-05	3.93e-03	1.17e-01	8.79e-01
 1.51636e+22	2.01e-30	1.72e-24	9.78e-20	7.90e-16	1.47e-12	6.66e-10	1.14e-07	1.19e-05	4.20e-03	1.21e-01	8.75e-01
 1.53491e+22	2.87e-30	2.36e-24	1.29e-19	1.01e-15	1.81e-12	7.93e-10	1.30e-07	1.31e-05	4.47e-03	1.24e-01	8.71e-01
 1.55595e+22	4.43e-30	3.48e-24	1.83e-19	1.36e-15	2.35e-12	9.82e-10	1.54e-07	1.48e-05	4.84e-03	1.29e-01	8.66e-01
 1.57748e+22	6.53e-30	4.93e-24	2.48e-19	1.78e-15	2.95e-12	1.19e-09	1.79e-07	1.65e-05	5.19e-03	1.33e-01	8.62e-01
 1.59585e+22	9.31e-30	6.78e-24	3.29e-19	2.27e-15	3.64e-12	1.41e-09	2.05e-07	1.82e-05	5.52e-03	1.37e-01	8.57e-01
 1.61593e+22	1.41e-29	9.83e-24	4.56e-19	3.03e-15	4.65e-12	1.73e-09	2.40e-07	2.04e-05	5.95e-03	1.42e-01	8.52e-01
 1.63708e+22	2.12e-29	1.41e-23	6.28e-19	4.00e-15	5.91e-12	2.11e-09	2.80e-07	2.28e-05	6.39e-03	1.46e-01	8.47e-01
 1.65603e+22	3.04e-29	1.95e-23	8.37e-19	5.13e-15	7.31e-12	2.52e-09	3.22e-07	2.52e-05	6.81e-03	1.51e-01	8.42e-01
 1.67707e+22	4.76e-29	2.92e-23	1.19e-18	6.99e-15	9.54e-12	3.14e-09	3.82e-07	2.85e-05	7.37e-03	1.56e-01	8.36e-01
 1.69834e+22	7.06e-29	4.15e-23	1.63e-18	9.18e-15	1.20e-11	3.81e-09	4.44e-07	3.18e-05	7.90e-03	1.61e-01	8.31e-01
 1.71607e+22	9.92e-29	5.63e-23	2.13e-18	1.16e-14	1.47e-11	4.51e-09	5.05e-07	3.49e-05	8.38e-03	1.66e-01	8.26e-01
 1.73527e+22	1.53e-28	8.31e-23	3.01e-18	1.56e-14	1.90e-11	5.57e-09	5.96e-07	3.93e-05	9.03e-03	1.71e-01	8.20e-01
 1.75505e+22	2.24e-28	1.17e-22	4.07e-18	2.04e-14	2.38e-11	6.71e-09	6.89e-07	4.35e-05	9.65e-03	1.76e-01	8.14e-01
 1.77124e+22	3.06e-28	1.54e-22	5.20e-18	2.52e-14	2.86e-11	7.81e-09	7.75e-07	4.74e-05	1.02e-02	1.80e-01	8.09e-01
 1.78795e+22	4.51e-28	2.18e-22	7.06e-18	3.29e-14	3.59e-11	9.43e-09	8.97e-07	5.26e-05	1.09e-02	1.86e-01	8.03e-01
 1.80395e+22	6.05e-28	2.84e-22	8.89e-18	4.02e-14	4.27e-11	1.09e-08	1.00e-06	5.69e-05	1.14e-02	1.90e-01	7.99e-01
 1.81686e+22	7.99e-28	3.64e-22	1.11e-17	4.87e-14	5.03e-11	1.25e-08	1.11e-06	6.13e-05	1.20e-02	1.94e-01	7.94e-01
 1.83145e+22	1.13e-27	4.98e-22	1.46e-17	6.19e-14	6.17e-11	1.48e-08	1.27e-06	6.73e-05	1.27e-02	1.99e-01	7.88e-01
 1.84574e+22	1.49e-27	6.36e-22	1.81e-17	7.47e-14	7.25e-11	1.69e-08	1.40e-06	7.24e-05	1.33e-02	2.03e-01	7.84e-01
 1.85765e+22	1.95e-27	8.09e-22	2.24e-17	8.99e-14	8.49e-11	1.92e-08	1.55e-06	7.78e-05	1.39e-02	2.07e-01	7.79e-01
 1.87117e+22	2.71e-27	1.09e-21	2.90e-17	1.13e-13	1.03e-10	2.25e-08	1.76e-06	8.49e-05	1.47e-02	2.12e-01	7.74e-01
 1.88442e+22	3.52e-27	1.37e-21	3.57e-17	1.35e-13	1.20e-10	2.56e-08	1.94e-06	9.09e-05	1.53e-02	2.15e-01	7.69e-01
 1.89543e+22	4.55e-27	1.73e-21	4.38e-17	1.61e-13	1.40e-10	2.90e-08	2.13e-06	9.73e-05	1.60e-02	2.19e-01	7.65e-01
 1.90619e+22	5.83e-27	2.16e-21	5.32e-17	1.91e-13	1.61e-10	3.26e-08	2.34e-06	1.04e-04	1.66e-02	2.23e-01	7.60e-01
 1.91852e+22	7.98e-27	2.86e-21	6.81e-17	2.36e-13	1.94e-10	3.80e-08	2.63e-06	1.13e-04	1.75e-02	2.28e-01	7.54e-01
 1.93115e+22	1.04e-26	3.63e-21	8.41e-17	2.84e-13	2.27e-10	4.32e-08	2.90e-06	1.21e-04	1.83e-02	2.32e-01	7.49e-01
 1.94237e+22	1.35e-26	4.56e-21	1.03e-16	3.38e-13	2.63e-10	4.89e-08	3.19e-06	1.29e-04	1.91e-02	2.36e-01	7.45e-01
 1.95298e+22	1.74e-26	5.75e-21	1.26e-16	4.03e-13	3.06e-10	5.53e-08	3.51e-06	1.38e-04	1.99e-02	2.40e-01	7.40e-01
 1.96280e+22	2.21e-26	7.11e-21	1.52e-16	4.74e-13	3.51e-10	6.20e-08	3.82e-06	1.47e-04	2.06e-02	2.44e-01	7.35e-01
 1.97375e+22	2.96e-26	9.25e-21	1.92e-16	5.80e-13	4.17e-10	7.14e-08	4.26e-06	1.59e-04	2.16e-02	2.49e-01	7.29e-01
 1.98499e+22	3.87e-26	1.17e-20	2.36e-16	6.96e-13	4.87e-10	8.12e-08	4.70e-06	1.70e-04	2.25e-02	2.53e-01	7.24e-01
 1.99479e+22	4.90e-26	1.45e-20	2.85e-16	8.18e-13	5.60e-10	9.09e-08	5.13e-06	1.81e-04	2.34e-02	2.57e-01	7.19e-01
 2.00569e+22	6.71e-26	1.92e-20	3.65e-16	1.01e-12	6.72e-10	1.06e-07	5.75e-06	1.96e-04	2.46e-02	2.62e-01	7.13e-01
 2.01682e+22	8.81e-26	2.45e-20	4.52e-16	1.22e-12	7.87e-10	1.20e-07	6.36e-06	2.10e-04	2.56e-02	2.67e-01	7.07e-01
 2.02658e+22	1.14e-25	3.08e-20	5.52e-16	1.45e-12	9.12e-10	1.36e-07	6.97e-06	2.24e-04	2.67e-02	2.71e-01	7.02e-01
 2.03760e+22	1.59e-25	4.17e-20	7.19e-16	1.82e-12	1.11e-09	1.60e-07	7.88e-06	2.44e-04	2.81e-02	2.77e-01	6.95e-01
 2.04876e+22	2.09e-25	5.32e-20	8.91e-16	2.20e-12	1.30e-09	1.82e-07	8.71e-06	2.61e-04	2.93e-02	2.81e-01	6.89e-01
 2.05830e+22	2.68e-25	6.64e-20	1.08e-15	2.60e-12	1.50e-09	2.05e-07	9.53e-06	2.78e-04	3.05e-02	2.85e-01	6.84e-01
 2.06890e+22	3.84e-25	9.16e-20	1.44e-15	3.32e-12	1.85e-09	2.43e-07	1.09e-05	3.04e-04	3.22e-02	2.92e-01	6.76e-01
 2.07932e+22	4.88e-25	1.14e-19	1.74e-15	3.91e-12	2.12e-09	2.72e-07	1.18e-05	3.23e-04	3.34e-02	2.96e-01	6.71e-01
 2.08950e+22	6.92e-25	1.55e-19	2.28e-15	4.95e-12	2.59e-09	3.21e-07	1.34e-05	3.53e-04	3.52e-02	3.02e-01	6.63e-01
 2.09949e+22	8.74e-25	1.91e-19	2.74e-15	5.80e-12	2.97e-09	3.59e-07	1.46e-05	3.74e-04	3.64e-02	3.06e-01	6.57e-01
 2.10922e+22	1.24e-24	2.62e-19	3.60e-15	7.34e-12	3.63e-09	4.24e-07	1.66e-05	4.08e-04	3.84e-02	3.12e-01	6.49e-01
 2.11892e+22	1.58e-24	3.24e-19	4.35e-15	8.65e-12	4.17e-09	4.75e-07	1.81e-05	4.34e-04	3.98e-02	3.16e-01	6.44e-01
 2.12859e+22	2.24e-24	4.45e-19	5.74e-15	1.10e-11	5.11e-09	5.61e-07	2.06e-05	4.73e-04	4.19e-02	3.22e-01	6.35e-01
 2.13832e+22	2.89e-24	5.59e-19	7.01e-15	1.30e-11	5.92e-09	6.34e-07	2.26e-05	5.04e-04	4.36e-02	3.27e-01	6.29e-01
 2.14816e+22	4.16e-24	7.74e-19	9.33e-15	1.67e-11	7.30e-09	7.54e-07	2.57e-05	5.52e-04	4.60e-02	3.33e-01	6.20e-01
 2.15807e+22	5.41e-24	9.79e-19	1.15e-14	1.99e-11	8.50e-09	8.54e-07	2.83e-05	5.90e-04	4.78e-02	3.38e-01	6.14e-01
 2.16809e+22	7.75e-24	1.35e-18	1.52e-14	2.54e-11	1.05e-08	1.01e-06	3.23e-05	6.45e-04	5.05e-02	3.44e-01	6.05e-01
 2.17802e+22	1.02e-23	1.72e-18	1.88e-14	3.05e-11	1.22e-08	1.15e-06	3.57e-05	6.91e-04	5.25e-02	3.49e-01	5.98e-01
 2.18784e+22	1.45e-23	2.37e-18	2.49e-14	3.88e-11	1.50e-08	1.37e-06	4.06e-05	7.55e-04	5.54e-02	3.56e-01	5.88e-01
 2.19784e+22	1.93e-23	3.06e-18	3.11e-14	4.71e-11	1.77e-08	1.57e-06	4.51e-05	8.11e-04	5.78e-02	3.61e-01	5.81e-01
 2.20808e+22	2.80e-23	4.28e-18	4.17e-14	6.06e-11	2.20e-08	1.88e-06	5.18e-05	8.91e-04	6.11e-02	3.67e-01	5.71e-01
 2.21839e+22	3.74e-23	5.54e-18	5.23e-14	7.37e-11	2.60e-08	2.16e-06	5.76e-05	9.59e-04	6.37e-02	3.73e-01	5.63e-01
 2.22879e+22	5.46e-23	7.78e-18	7.04e-14	9.52e-11	3.23e-08	2.59e-06	6.63e-05	1.06e-03	6.74e-02	3.79e-01	5.52e-01
 2.23926e+22	7.28e-23	1.01e-17	8.83e-14	1.16e-10	3.83e-08	2.98e-06	7.38e-05	1.14e-03	7.04e-02	3.85e-01	5.44e-01
 2.24833e+22	9.66e-23	1.30e-17	1.10e-13	1.40e-10	4.51e-08	3.41e-06	8.20e-05	1.22e-03	7.34e-02	3.90e-01	5.36e-01
 2.25863e+22	1.40e-22	1.81e-17	1.48e-13	1.80e-10	5.60e-08	4.09e-06	9.43e-05	1.34e-03	7.75e-02	3.96e-01	5.25e-01
 2.26882e+22	1.81e-22	2.28e-17	1.81e-13	2.15e-10	6.51e-08	4.64e-06	1.04e-04	1.44e-03	8.06e-02	4.01e-01	5.17e-01
 2.27888e+22	2.55e-22	3.10e-17	2.37e-13	2.71e-10	7.95e-08	5.49e-06	1.18e-04	1.57e-03	8.48e-02	4.07e-01	5.07e-01
 2.28924e+22	3.36e-22	3.98e-17	2.95e-13	3.27e-10	9.36e-08	6.29e-06	1.32e-04	1.68e-03	8.84e-02	4.12e-01	4.98e-01
 2.29999e+22	4.77e-22	5.45e-17	3.89e-13	4.16e-10	1.15e-07	7.48e-06	1.51e-04	1.85e-03	9.31e-02	4.18e-01	4.87e-01
 2.31093e+22	6.28e-22	6.98e-17	4.84e-13	5.02e-10	1.35e-07	8.58e-06	1.67e-04	1.99e-03	9.71e-02	4.22e-01	4.78e-01
 2.32213e+22	8.92e-22	9.58e-17	6.39e-13	6.39e-10	1.67e-07	1.02e-05	1.92e-04	2.18e-03	1.02e-01	4.28e-01	4.67e-01
 2.33355e+22	1.17e-21	1.22e-16	7.92e-13	7.70e-10	1.96e-07	1.17e-05	2.13e-04	2.34e-03	1.07e-01	4.33e-01	4.58e-01
 2.34528e+22	1.65e-21	1.67e-16	1.04e-12	9.78e-10	2.41e-07	1.40e-05	2.45e-04	2.57e-03	1.12e-01	4.38e-01	4.46e-01
 2.35720e+22	2.16e-21	2.13e-16	1.29e-12	1.18e-09	2.83e-07	1.60e-05	2.72e-04	2.76e-03	1.17e-01	4.43e-01	4.37e-01
 2.36938e+22	3.04e-21	2.90e-16	1.70e-12	1.49e-09	3.48e-07	1.90e-05	3.11e-04	3.03e-03	1.23e-01	4.48e-01	4.26e-01
 2.38164e+22	3.93e-21	3.66e-16	2.08e-12	1.78e-09	4.06e-07	2.17e-05	3.45e-04	3.24e-03	1.28e-01	4.52e-01	4.17e-01
 2.39398e+22	5.47e-21	4.93e-16	2.72e-12	2.24e-09	4.96e-07	2.57e-05	3.94e-04	3.55e-03	1.34e-01	4.56e-01	4.05e-01
 2.40659e+22	7.03e-21	6.19e-16	3.32e-12	2.67e-09	5.77e-07	2.92e-05	4.35e-04	3.80e-03	1.40e-01	4.60e-01	3.96e-01
 2.41761e+22	8.94e-21	7.69e-16	4.03e-12	3.16e-09	6.67e-07	3.30e-05	4.80e-04	4.06e-03	1.45e-01	4.63e-01	3.88e-01
 2.43004e+22	1.22e-20	1.02e-15	5.17e-12	3.92e-09	8.07e-07	3.87e-05	5.44e-04	4.42e-03	1.52e-01	4.67e-01	3.77e-01
 2.44239e+22	1.52e-20	1.24e-15	6.18e-12	4.57e-09	9.22e-07	4.34e-05	5.95e-04	4.69e-03	1.57e-01	4.69e-01	3.69e-01
 2.45466e+22	2.03e-20	1.62e-15	7.80e-12	5.60e-09	1.10e-06	5.04e-05	6.69e-04	5.08e-03	1.63e-01	4.72e-01	3.58e-01
 2.46724e+22	2.55e-20	1.99e-15	9.37e-12	6.57e-09	1.27e-06	5.67e-05	7.34e-04	5.41e-03	1.69e-01	4.75e-01	3.50e-01
 2.47840e+22	3.17e-20	2.43e-15	1.12e-11	7.67e-09	1.45e-06	6.36e-05	8.03e-04	5.74e-03	1.75e-01	4.77e-01	3.42e-01
 2.49107e+22	4.22e-20	3.15e-15	1.41e-11	9.38e-09	1.73e-06	7.38e-05	9.02e-04	6.22e-03	1.82e-01	4.79e-01	3.32e-01
 2.50368e+22	5.16e-20	3.78e-15	1.66e-11	1.08e-08	1.95e-06	8.19e-05	9.79e-04	6.57e-03	1.87e-01	4.81e-01	3.24e-01
 2.51621e+22	6.76e-20	4.83e-15	2.07e-11	1.31e-08	2.31e-06	9.44e-05	1.09e-03	7.08e-03	1.95e-01	4.83e-01	3.14e-01
 2.52898e+22	8.29e-20	5.81e-15	2.44e-11	1.51e-08	2.62e-06	1.05e-04	1.19e-03	7.49e-03	2.01e-01	4.84e-01	3.07e-01
 2.54207e+22	1.08e-19	7.43e-15	3.04e-11	1.83e-08	3.10e-06	1.21e-04	1.33e-03	8.07e-03	2.08e-01	4.85e-01	2.97e-01
 2.55540e+22	1.33e-19	8.96e-15	3.59e-11	2.12e-08	3.51e-06	1.35e-04	1.45e-03	8.54e-03	2.15e-01	4.86e-01	2.90e-01
 2.56906e+22	1.75e-19	1.15e-14	4.47e-11	2.57e-08	4.16e-06	1.55e-04	1.62e-03	9.20e-03	2.23e-01	4.86e-01	2.80e-01
 2.58298e+22	2.15e-19	1.38e-14	5.29e-11	2.97e-08	4.72e-06	1.73e-04	1.76e-03	9.73e-03	2.29e-01	4.87e-01	2.72e-01
 2.59722e+22	2.81e-19	1.77e-14	6.60e-11	3.60e-08	5.59e-06	1.99e-04	1.97e-03	1.05e-02	2.38e-01	4.87e-01	2.62e-01
 2.61113e+22	3.38e-19	2.09e-14	7.67e-11	4.11e-08	6.26e-06	2.19e-04	2.12e-03	1.10e-02	2.44e-01	4.87e-01	2.56e-01
 2.62463e+22	4.35e-19	2.64e-14	9.43e-11	4.92e-08	7.33e-06	2.51e-04	2.35e-03	1.18e-02	2.53e-01	4.86e-01	2.47e-01
 2.63833e+22	5.23e-19	3.12e-14	1.10e-10	5.61e-08	8.21e-06	2.75e-04	2.53e-03	1.24e-02	2.59e-01	4.86e-01	2.41e-01
 2.65231e+22	6.69e-19	3.91e-14	1.34e-10	6.69e-08	9.57e-06	3.13e-04	2.80e-03	1.33e-02	2.67e-01	4.84e-01	2.32e-01
 2.66672e+22	8.16e-19	4.69e-14	1.58e-10	7.71e-08	1.08e-05	3.48e-04	3.04e-03	1.40e-02	2.74e-01	4.83e-01	2.25e-01
 2.68169e+22	1.05e-18	5.88e-14	1.93e-10	9.21e-08	1.26e-05	3.96e-04	3.36e-03	1.50e-02	2.83e-01	4.82e-01	2.17e-01
 2.69715e+22	1.29e-18	7.12e-14	2.30e-10	1.07e-07	1.44e-05	4.41e-04	3.65e-03	1.58e-02	2.91e-01	4.80e-01	2.10e-01
 2.71324e+22	1.67e-18	9.02e-14	2.84e-10	1.29e-07	1.69e-05	5.04e-04	4.05e-03	1.69e-02	3.00e-01	4.77e-01	2.01e-01
 2.72976e+22	2.08e-18	1.10e-13	3.39e-10	1.50e-07	1.93e-05	5.64e-04	4.42e-03	1.79e-02	3.08e-01	4.75e-01	1.94e-01
 2.74684e+22	2.71e-18	1.40e-13	4.21e-10	1.81e-07	2.27e-05	6.46e-04	4.91e-03	1.92e-02	3.18e-01	4.72e-01	1.86e-01
 2.76448e+22	3.39e-18	1.72e-13	5.06e-10	2.13e-07	2.61e-05	7.25e-04	5.36e-03	2.03e-02	3.26e-01	4.69e-01	1.78e-01
 2.78284e+22	4.48e-18	2.22e-13	6.35e-10	2.59e-07	3.09e-05	8.36e-04	5.98e-03	2.18e-02	3.37e-01	4.65e-01	1.70e-01
 2.80175e+22	5.67e-18	2.75e-13	7.69e-10	3.06e-07	3.57e-05	9.41e-04	6.55e-03	2.31e-02	3.45e-01	4.61e-01	1.63e-01
 2.81878e+22	7.09e-18	3.37e-13	9.22e-10	3.58e-07	4.09e-05	1.05e-03	7.13e-03	2.44e-02	3.54e-01	4.57e-01	1.57e-01
 2.83834e+22	9.50e-18	4.41e-13	1.17e-09	4.42e-07	4.91e-05	1.22e-03	8.01e-03	2.63e-02	3.65e-01	4.51e-01	1.48e-01
 2.85802e+22	1.19e-17	5.40e-13	1.41e-09	5.17e-07	5.61e-05	1.37e-03	8.71e-03	2.78e-02	3.73e-01	4.47e-01	1.42e-01
 2.87785e+22	1.58e-17	7.02e-13	1.78e-09	6.34e-07	6.69e-05	1.58e-03	9.74e-03	2.98e-02	3.84e-01	4.40e-01	1.34e-01
 2.89810e+22	2.00e-17	8.68e-13	2.15e-09	7.48e-07	7.71e-05	1.78e-03	1.06e-02	3.16e-02	3.93e-01	4.35e-01	1.28e-01
 2.91890e+22	2.67e-17	1.13e-12	2.73e-09	9.21e-07	9.22e-05	2.06e-03	1.19e-02	3.39e-02	4.04e-01	4.28e-01	1.20e-01
 2.94013e+22	3.39e-17	1.41e-12	3.33e-09	1.09e-06	1.07e-04	2.33e-03	1.31e-02	3.60e-02	4.14e-01	4.21e-01	1.14e-01
 2.95904e+22	4.28e-17	1.75e-12	4.03e-09	1.29e-06	1.24e-04	2.63e-03	1.43e-02	3.81e-02	4.22e-01	4.14e-01	1.08e-01
 2.98075e+22	5.76e-17	2.30e-12	5.16e-09	1.60e-06	1.49e-04	3.07e-03	1.61e-02	4.10e-02	4.34e-01	4.05e-01	1.01e-01
 3.00116e+22	7.00e-17	2.74e-12	6.06e-09	1.84e-06	1.68e-04	3.39e-03	1.73e-02	4.29e-02	4.41e-01	3.99e-01	9.61e-02
 3.01988e+22	8.97e-17	3.46e-12	7.47e-09	2.21e-06	1.97e-04	3.88e-03	1.92e-02	4.58e-02	4.51e-01	3.90e-01	9.00e-02
 3.03885e+22	1.09e-16	4.14e-12	8.79e-09	2.55e-06	2.22e-04	4.29e-03	2.07e-02	4.79e-02	4.58e-01	3.84e-01	8.56e-02
 3.05814e+22	1.39e-16	5.20e-12	1.08e-08	3.06e-06	2.61e-04	4.90e-03	2.29e-02	5.10e-02	4.67e-01	3.74e-01	7.99e-02
 3.07782e+22	1.70e-16	6.25e-12	1.28e-08	3.54e-06	2.97e-04	5.45e-03	2.49e-02	5.37e-02	4.74e-01	3.66e-01	7.54e-02
 3.09799e+22	2.17e-16	7.88e-12	1.58e-08	4.27e-06	3.50e-04	6.27e-03	2.77e-02	5.73e-02	4.83e-01	3.55e-01	6.98e-02
 3.11829e+22	2.62e-16	9.41e-12	1.86e-08	4.93e-06	3.97e-04	6.96e-03	2.99e-02	6.01e-02	4.90e-01	3.47e-01	6.57e-02
 3.13876e+22	3.32e-16	1.18e-11	2.29e-08	5.92e-06	4.67e-04	7.99e-03	3.32e-02	6.41e-02	4.98e-01	3.36e-01	6.05e-02
 3.15963e+22	4.00e-16	1.41e-11	2.70e-08	6.85e-06	5.31e-04	8.91e-03	3.61e-02	6.74e-02	5.04e-01	3.27e-01	5.65e-02
 3.18101e+22	5.03e-16	1.75e-11	3.33e-08	8.24e-06	6.27e-04	1.03e-02	4.02e-02	7.19e-02	5.11e-01	3.14e-01	5.16e-02
 3.20281e+22	6.01e-16	2.08e-11	3.91e-08	9.53e-06	7.14e-04	1.15e-02	4.37e-02	7.56e-02	5.17e-01	3.04e-01	4.79e-02
 3.22515e+22	7.45e-16	2.58e-11	4.80e-08	1.14e-05	8.43e-04	1.32e-02	4.87e-02	8.08e-02	5.23e-01	2.91e-01	4.33e-02
 3.24771e+22	8.77e-16	3.03e-11	5.60e-08	1.32e-05	9.58e-04	1.48e-02	5.29e-02	8.49e-02	5.27e-01	2.80e-01	3.99e-02
 3.26679e+22	1.01e-15	3.49e-11	6.43e-08	1.50e-05	1.08e-03	1.63e-02	5.71e-02	8.88e-02	5.30e-01	2.70e-01	3.69e-02
 3.28758e+22	1.19e-15	4.14e-11	7.62e-08	1.75e-05	1.24e-03	1.85e-02	6.28e-02	9.40e-02	5.33e-01	2.57e-01	3.33e-02
 3.30842e+22	1.34e-15	4.70e-11	8.67e-08	1.97e-05	1.39e-03	2.03e-02	6.75e-02	9.82e-02	5.34e-01	2.47e-01	3.07e-02
 3.32879e+22	1.54e-15	5.44e-11	1.01e-07	2.27e-05	1.58e-03	2.28e-02	7.36e-02	1.03e-01	5.35e-01	2.35e-01	2.77e-02
 3.34956e+22	1.71e-15	6.13e-11	1.14e-07	2.55e-05	1.77e-03	2.51e-02	7.91e-02	1.08e-01	5.36e-01	2.25e-01	2.54e-02
 3.36994e+22	1.90e-15	6.93e-11	1.30e-07	2.89e-05	2.00e-03	2.80e-02	8.57e-02	1.13e-01	5.35e-01	2.13e-01	2.29e-02
 3.39074e+22	2.08e-15	7.71e-11	1.46e-07	3.24e-05	2.23e-03	3.08e-02	9.20e-02	1.18e-01	5.33e-01	2.03e-01	2.07e-02
 3.41123e+22	2.25e-15	8.56e-11	1.65e-07	3.64e-05	2.49e-03	3.39e-02	9.88e-02	1.23e-01	5.31e-01	1.92e-01	1.87e-02
 3.43189e+22	2.41e-15	9.40e-11	1.84e-07	4.06e-05	2.77e-03	3.72e-02	1.06e-01	1.28e-01	5.27e-01	1.82e-01	1.69e-02
 3.45229e+22	2.55e-15	1.03e-10	2.04e-07	4.52e-05	3.08e-03	4.08e-02	1.13e-01	1.33e-01	5.23e-01	1.72e-01	1.52e-02
 3.47265e+22	2.69e-15	1.11e-10	2.26e-07	5.01e-05	3.41e-03	4.45e-02	1.20e-01	1.38e-01	5.18e-01	1.62e-01	1.36e-02
 3.49303e+22	2.81e-15	1.20e-10	2.49e-07	5.55e-05	3.76e-03	4.85e-02	1.28e-01	1.43e-01	5.12e-01	1.52e-01	1.22e-02
 3.51348e+22	2.91e-15	1.29e-10	2.74e-07	6.13e-05	4.15e-03	5.27e-02	1.35e-01	1.48e-01	5.05e-01	1.43e-01	1.10e-02
 3.53402e+22	3.00e-15	1.39e-10	3.02e-07	6.78e-05	4.58e-03	5.72e-02	1.43e-01	1.53e-01	4.98e-01	1.34e-01	9.80e-03
 3.55474e+22	3.08e-15	1.48e-10	3.32e-07	7.49e-05	5.05e-03	6.20e-02	1.51e-01	1.58e-01	4.90e-01	1.26e-01	8.74e-03
 3.57567e+22	3.16e-15	1.59e-10	3.65e-07	8.29e-05	5.56e-03	6.71e-02	1.59e-01	1.62e-01	4.81e-01	1.18e-01	7.77e-03
 3.59671e+22	3.23e-15	1.69e-10	4.02e-07	9.18e-05	6.12e-03	7.25e-02	1.67e-01	1.67e-01	4.71e-01	1.10e-01	6.91e-03
 3.61808e+22	3.29e-15	1.81e-10	4.43e-07	1.02e-04	6.76e-03	7.84e-02	1.75e-01	1.71e-01	4.61e-01	1.02e-01	6.11e-03
 3.63968e+22	3.36e-15	1.94e-10	4.90e-07	1.13e-04	7.44e-03	8.45e-02	1.83e-01	1.75e-01	4.50e-01	9.48e-02	5.41e-03
 3.66170e+22	3.44e-15	2.09e-10	5.45e-07	1.26e-04	8.24e-03	9.13e-02	1.91e-01	1.79e-01	4.38e-01	8.76e-02	4.75e-03
 3.68410e+22	3.52e-15	2.26e-10	6.06e-07	1.41e-04	9.09e-03	9.83e-02	1.99e-01	1.82e-01	4.26e-01	8.10e-02	4.18e-03
 3.70462e+22	3.61e-15	2.41e-10	6.65e-07	1.55e-04	9.89e-03	1.04e-01	2.06e-01	1.85e-01	4.15e-01	7.57e-02	3.75e-03
 3.72606e+22	3.71e-15	2.62e-10	7.50e-07	1.76e-04	1.10e-02	1.13e-01	2.14e-01	1.88e-01	4.01e-01	6.93e-02	3.25e-03
 3.74784e+22	3.84e-15	2.84e-10	8.30e-07	1.94e-04	1.20e-02	1.20e-01	2.21e-01	1.90e-01	3.90e-01	6.45e-02	2.90e-03
 3.77025e+22	4.02e-15	3.14e-10	9.49e-07	2.22e-04	1.34e-02	1.29e-01	2.29e-01	1.93e-01	3.74e-01	5.87e-02	2.50e-03
 3.79271e+22	4.19e-15	3.41e-10	1.06e-06	2.46e-04	1.46e-02	1.37e-01	2.35e-01	1.94e-01	3.62e-01	5.44e-02	2.22e-03
 3.81523e+22	4.42e-15	3.81e-10	1.22e-06	2.82e-04	1.63e-02	1.47e-01	2.43e-01	1.96e-01	3.47e-01	4.93e-02	1.91e-03
 3.83783e+22	4.68e-15	4.20e-10	1.36e-06	3.14e-04	1.77e-02	1.56e-01	2.48e-01	1.96e-01	3.35e-01	4.56e-02	1.69e-03
 3.86054e+22	5.03e-15	4.75e-10	1.58e-06	3.61e-04	1.97e-02	1.67e-01	2.55e-01	1.97e-01	3.19e-01	4.11e-02	1.45e-03
 3.88349e+22	5.41e-15	5.29e-10	1.79e-06	4.03e-04	2.15e-02	1.76e-01	2.60e-01	1.97e-01	3.07e-01	3.79e-02	1.28e-03
 3.90675e+22	5.93e-15	6.08e-10	2.10e-06	4.66e-04	2.40e-02	1.88e-01	2.66e-01	1.96e-01	2.90e-01	3.40e-02	1.09e-03
 3.93032e+22	6.47e-15	6.84e-10	2.39e-06	5.23e-04	2.61e-02	1.98e-01	2.70e-01	1.95e-01	2.78e-01	3.12e-02	9.54e-04
 3.95428e+22	7.26e-15	8.00e-10	2.83e-06	6.07e-04	2.91e-02	2.12e-01	2.75e-01	1.93e-01	2.62e-01	2.78e-02	8.04e-04
 3.97869e+22	8.09e-15	9.13e-10	3.25e-06	6.84e-04	3.18e-02	2.23e-01	2.78e-01	1.92e-01	2.49e-01	2.53e-02	7.01e-04
 4.00367e+22	9.33e-15	1.09e-09	3.90e-06	8.00e-04	3.55e-02	2.37e-01	2.82e-01	1.89e-01	2.33e-01	2.23e-02	5.85e-04
 4.02921e+22	1.06e-14	1.26e-09	4.52e-06	9.05e-04	3.87e-02	2.49e-01	2.84e-01	1.86e-01	2.20e-01	2.02e-02	5.05e-04
 4.05550e+22	1.26e-14	1.54e-09	5.49e-06	1.06e-03	4.33e-02	2.65e-01	2.87e-01	1.82e-01	2.04e-01	1.76e-02	4.16e-04
 4.08228e+22	1.48e-14	1.81e-09	6.42e-06	1.21e-03	4.73e-02	2.77e-01	2.88e-01	1.78e-01	1.92e-01	1.58e-02	3.57e-04
 4.10492e+22	1.70e-14	2.10e-09	7.39e-06	1.35e-03	5.11e-02	2.89e-01	2.89e-01	1.74e-01	1.81e-01	1.43e-02	3.09e-04
 4.12957e+22	2.06e-14	2.56e-09	8.89e-06	1.57e-03	5.64e-02	3.03e-01	2.89e-01	1.69e-01	1.68e-01	1.25e-02	2.57e-04
 4.15344e+22	2.38e-14	2.96e-09	1.01e-05	1.74e-03	6.04e-02	3.14e-01	2.88e-01	1.65e-01	1.59e-01	1.14e-02	2.25e-04
 4.17629e+22	2.88e-14	3.57e-09	1.20e-05	1.99e-03	6.60e-02	3.27e-01	2.87e-01	1.60e-01	1.47e-01	1.00e-02	1.88e-04
 4.19939e+22	3.38e-14	4.15e-09	1.37e-05	2.21e-03	7.05e-02	3.38e-01	2.86e-01	1.56e-01	1.38e-01	9.11e-03	1.64e-04
 4.22278e+22	4.17e-14	5.06e-09	1.63e-05	2.52e-03	7.69e-02	3.51e-01	2.83e-01	1.50e-01	1.28e-01	7.98e-03	1.37e-04
 4.24652e+22	4.94e-14	5.92e-09	1.87e-05	2.79e-03	8.21e-02	3.61e-01	2.81e-01	1.46e-01	1.20e-01	7.20e-03	1.19e-04
 4.27071e+22	6.20e-14	7.28e-09	2.24e-05	3.20e-03	8.93e-02	3.75e-01	2.77e-01	1.39e-01	1.10e-01	6.25e-03	9.79e-05
 4.29525e+22	7.45e-14	8.57e-09	2.56e-05	3.54e-03	9.52e-02	3.85e-01	2.74e-01	1.34e-01	1.02e-01	5.61e-03	8.44e-05
 4.32024e+22	9.49e-14	1.06e-08	3.08e-05	4.06e-03	1.03e-01	3.97e-01	2.69e-01	1.28e-01	9.30e-02	4.83e-03	6.89e-05
 4.34564e+22	1.15e-13	1.26e-08	3.54e-05	4.49e-03	1.10e-01	4.07e-01	2.65e-01	1.23e-01	8.63e-02	4.30e-03	5.90e-05
 4.37158e+22	1.49e-13	1.58e-08	4.26e-05	5.15e-03	1.19e-01	4.19e-01	2.59e-01	1.16e-01	7.79e-02	3.68e-03	4.77e-05
 4.39811e+22	1.84e-13	1.88e-08	4.92e-05	5.71e-03	1.27e-01	4.27e-01	2.54e-01	1.11e-01	7.18e-02	3.25e-03	4.04e-05
 4.42539e+22	2.43e-13	2.39e-08	5.96e-05	6.55e-03	1.38e-01	4.38e-01	2.47e-01	1.04e-01	6.42e-02	2.74e-03	3.22e-05
 4.45338e+22	3.03e-13	2.88e-08	6.93e-05	7.29e-03	1.46e-01	4.46e-01	2.40e-01	9.83e-02	5.87e-02	2.39e-03	2.69e-05
 4.48229e+22	4.07e-13	3.68e-08	8.43e-05	8.36e-03	1.58e-01	4.56e-01	2.32e-01	9.14e-02	5.20e-02	2.00e-03	2.11e-05
 4.51151e+22	5.11e-13	4.45e-08	9.78e-05	9.28e-03	1.68e-01	4.62e-01	2.25e-01	8.62e-02	4.73e-02	1.74e-03	1.76e-05
 4.54113e+22	6.93e-13	5.72e-08	1.19e-04	1.06e-02	1.81e-01	4.70e-01	2.16e-01	7.96e-02	4.16e-02	1.44e-03	1.36e-05
 4.57105e+22	8.72e-13	6.91e-08	1.38e-04	1.18e-02	1.91e-01	4.75e-01	2.09e-01	7.47e-02	3.77e-02	1.24e-03	1.13e-05
 4.60135e+22	1.19e-12	8.91e-08	1.68e-04	1.35e-02	2.05e-01	4.80e-01	1.99e-01	6.85e-02	3.29e-02	1.02e-03	8.69e-06
 4.63215e+22	1.50e-12	1.08e-07	1.95e-04	1.49e-02	2.16e-01	4.83e-01	1.91e-01	6.39e-02	2.96e-02	8.74e-04	7.13e-06
 4.66362e+22	2.07e-12	1.40e-07	2.38e-04	1.70e-02	2.32e-01	4.86e-01	1.81e-01	5.81e-02	2.56e-02	7.09e-04	5.42e-06
 4.69467e+22	2.60e-12	1.68e-07	2.73e-04	1.87e-02	2.43e-01	4.87e-01	1.73e-01	5.41e-02	2.30e-02	6.10e-04	4.45e-06
 4.72517e+22	3.53e-12	2.15e-07	3.29e-04	2.11e-02	2.58e-01	4.88e-01	1.63e-01	4.92e-02	2.00e-02	4.97e-04	3.41e-06
 4.75391e+22	4.34e-12	2.53e-07	3.73e-04	2.29e-02	2.68e-01	4.87e-01	1.57e-01	4.60e-02	1.81e-02	4.32e-04	2.84e-06
 4.78035e+22	5.53e-12	3.08e-07	4.32e-04	2.52e-02	2.81e-01	4.86e-01	1.49e-01	4.24e-02	1.61e-02	3.65e-04	2.29e-06
 4.80833e+22	6.94e-12	3.68e-07	4.95e-04	2.75e-02	2.93e-01	4.83e-01	1.42e-01	3.93e-02	1.44e-02	3.12e-04	1.87e-06
 4.83398e+22	8.59e-12	4.36e-07	5.61e-04	2.98e-02	3.04e-01	4.81e-01	1.35e-01	3.65e-02	1.29e-02	2.68e-04	1.54e-06
 4.86299e+22	1.12e-11	5.40e-07	6.58e-04	3.30e-02	3.18e-01	4.76e-01	1.27e-01	3.32e-02	1.13e-02	2.21e-04	1.20e-06
 4.89302e+22	1.43e-11	6.53e-07	7.58e-04	3.61e-02	3.31e-01	4.72e-01	1.20e-01	3.05e-02	9.96e-03	1.86e-04	9.61e-07
 4.91970e+22	1.77e-11	7.75e-07	8.60e-04	3.91e-02	3.42e-01	4.67e-01	1.14e-01	2.82e-02	8.90e-03	1.59e-04	7.84e-07
 4.94971e+22	2.32e-11	9.58e-07	1.01e-03	4.31e-02	3.56e-01	4.60e-01	1.06e-01	2.54e-02	7.71e-03	1.30e-04	6.07e-07
 4.98097e+22	2.97e-11	1.16e-06	1.16e-03	4.71e-02	3.69e-01	4.53e-01	9.96e-02	2.32e-02	6.74e-03	1.08e-04	4.79e-07
 5.00908e+22	3.71e-11	1.39e-06	1.32e-03	5.09e-02	3.81e-01	4.46e-01	9.37e-02	2.12e-02	5.97e-03	9.11e-05	3.86e-07
 5.04088e+22	4.91e-11	1.73e-06	1.55e-03	5.61e-02	3.95e-01	4.36e-01	8.66e-02	1.90e-02	5.10e-03	7.34e-05	2.93e-07
 5.07371e+22	6.32e-11	2.10e-06	1.78e-03	6.12e-02	4.08e-01	4.27e-01	8.05e-02	1.72e-02	4.43e-03	6.02e-05	2.28e-07
 5.10299e+22	7.93e-11	2.51e-06	2.03e-03	6.61e-02	4.19e-01	4.18e-01	7.52e-02	1.56e-02	3.88e-03	5.03e-05	1.81e-07
 5.13615e+22	1.06e-10	3.13e-06	2.38e-03	7.27e-02	4.33e-01	4.06e-01	6.89e-02	1.39e-02	3.28e-03	4.00e-05	1.35e-07
 5.17061e+22	1.36e-10	3.82e-06	2.75e-03	7.91e-02	4.45e-01	3.95e-01	6.35e-02	1.24e-02	2.82e-03	3.24e-05	0.00e+00
 5.20164e+22	1.73e-10	4.60e-06	3.14e-03	8.54e-02	4.56e-01	3.84e-01	5.87e-02	1.12e-02	2.44e-03	2.66e-05	0.00e+00
 5.23687e+22	2.34e-10	5.81e-06	3.71e-03	9.41e-02	4.68e-01	3.69e-01	5.30e-02	9.77e-03	2.02e-03	2.06e-05	0.00e+00
 5.27296e+22	3.02e-10	7.07e-06	4.27e-03	1.02e-01	4.79e-01	3.56e-01	4.85e-02	8.71e-03	1.73e-03	1.66e-05	0.00e+00
 5.30531e+22	3.86e-10	8.54e-06	4.88e-03	1.10e-01	4.88e-01	3.44e-01	4.44e-02	7.78e-03	1.48e-03	1.35e-05	0.00e+00
 5.34250e+22	5.30e-10	1.09e-05	5.79e-03	1.21e-01	4.99e-01	3.27e-01	3.95e-02	6.70e-03	1.20e-03	1.02e-05	0.00e+00
 5.37999e+22	6.83e-10	1.32e-05	6.64e-03	1.30e-01	5.07e-01	3.14e-01	3.59e-02	5.93e-03	1.02e-03	8.12e-06	0.00e+00
 5.41787e+22	9.30e-10	1.68e-05	7.84e-03	1.42e-01	5.15e-01	2.97e-01	3.18e-02	5.10e-03	8.26e-04	6.13e-06	0.00e+00
 5.45637e+22	1.20e-09	2.04e-05	8.99e-03	1.53e-01	5.21e-01	2.83e-01	2.86e-02	4.48e-03	6.92e-04	4.83e-06	0.00e+00
 5.49568e+22	1.66e-09	2.61e-05	1.07e-02	1.67e-01	5.27e-01	2.65e-01	2.50e-02	3.80e-03	5.52e-04	3.57e-06	0.00e+00
 5.53537e+22	2.15e-09	3.17e-05	1.22e-02	1.79e-01	5.31e-01	2.51e-01	2.24e-02	3.33e-03	4.59e-04	2.79e-06	0.00e+00
 5.57556e+22	2.98e-09	4.05e-05	1.44e-02	1.96e-01	5.34e-01	2.34e-01	1.94e-02	2.80e-03	3.62e-04	2.03e-06	0.00e+00
 5.61614e+22	3.84e-09	4.91e-05	1.65e-02	2.09e-01	5.35e-01	2.20e-01	1.73e-02	2.43e-03	3.00e-04	1.58e-06	0.00e+00
 5.65721e+22	5.33e-09	6.28e-05	1.95e-02	2.26e-01	5.34e-01	2.03e-01	1.48e-02	2.03e-03	2.34e-04	1.13e-06	0.00e+00
 5.69884e+22	6.91e-09	7.63e-05	2.22e-02	2.41e-01	5.32e-01	1.90e-01	1.31e-02	1.75e-03	1.91e-04	8.67e-07	0.00e+00
 5.73484e+22	8.79e-09	9.14e-05	2.51e-02	2.55e-01	5.29e-01	1.77e-01	1.16e-02	1.52e-03	1.58e-04	6.73e-07	0.00e+00
 5.77528e+22	1.20e-08	1.15e-04	2.93e-02	2.74e-01	5.24e-01	1.62e-01	9.87e-03	1.26e-03	1.22e-04	4.82e-07	0.00e+00
 5.81481e+22	1.51e-08	1.36e-04	3.28e-02	2.87e-01	5.18e-01	1.51e-01	8.77e-03	1.10e-03	1.02e-04	3.77e-07	0.00e+00
 5.84791e+22	1.87e-08	1.60e-04	3.65e-02	3.01e-01	5.12e-01	1.42e-01	7.80e-03	9.62e-04	8.45e-05	2.96e-07	0.00e+00
 5.88570e+22	2.50e-08	1.99e-04	4.20e-02	3.19e-01	5.02e-01	1.29e-01	6.64e-03	8.02e-04	6.59e-05	2.14e-07	0.00e+00
 5.92310e+22	3.09e-08	2.32e-04	4.64e-02	3.33e-01	4.94e-01	1.20e-01	5.90e-03	7.00e-04	5.48e-05	1.68e-07	0.00e+00
 5.95999e+22	4.01e-08	2.81e-04	5.27e-02	3.49e-01	4.83e-01	1.09e-01	5.06e-03	5.88e-04	4.33e-05	1.23e-07	0.00e+00
 5.99812e+22	5.05e-08	3.33e-04	5.87e-02	3.64e-01	4.72e-01	1.00e-01	4.41e-03	5.03e-04	3.51e-05	0.00e+00	0.00e+00
 6.03225e+22	6.26e-08	3.89e-04	6.49e-02	3.78e-01	4.60e-01	9.23e-02	3.87e-03	4.34e-04	2.87e-05	0.00e+00	0.00e+00
 6.07100e+22	8.22e-08	4.75e-04	7.37e-02	3.95e-01	4.45e-01	8.27e-02	3.26e-03	3.57e-04	2.22e-05	0.00e+00	0.00e+00
 6.11039e+22	1.03e-07	5.59e-04	8.17e-02	4.08e-01	4.31e-01	7.53e-02	2.82e-03	3.04e-04	1.78e-05	0.00e+00	0.00e+00
 6.15061e+22	1.34e-07	6.78e-04	9.22e-02	4.24e-01	4.13e-01	6.70e-02	2.36e-03	2.48e-04	1.36e-05	0.00e+00	0.00e+00
 6.18798e+22	1.62e-07	7.76e-04	1.00e-01	4.35e-01	4.01e-01	6.15e-02	2.08e-03	2.15e-04	1.13e-05	0.00e+00	0.00e+00
 6.21698e+22	1.94e-07	8.83e-04	1.09e-01	4.44e-01	3.88e-01	5.65e-02	1.83e-03	1.87e-04	9.33e-06	0.00e+00	0.00e+00
 6.25001e+22	2.41e-07	1.03e-03	1.19e-01	4.55e-01	3.72e-01	5.09e-02	1.58e-03	1.57e-04	7.43e-06	0.00e+00	0.00e+00
 6.28403e+22	2.87e-07	1.17e-03	1.29e-01	4.64e-01	3.58e-01	4.66e-02	1.38e-03	1.36e-04	6.13e-06	0.00e+00	0.00e+00
 6.31472e+22	3.44e-07	1.33e-03	1.39e-01	4.71e-01	3.44e-01	4.24e-02	1.21e-03	1.17e-04	5.03e-06	0.00e+00	0.00e+00
 6.34539e+22	4.10e-07	1.50e-03	1.50e-01	4.79e-01	3.30e-01	3.86e-02	1.06e-03	1.00e-04	4.12e-06	0.00e+00	0.00e+00
 6.38063e+22	5.09e-07	1.75e-03	1.64e-01	4.86e-01	3.12e-01	3.42e-02	8.95e-04	8.27e-05	3.21e-06	0.00e+00	0.00e+00
 6.41613e+22	6.11e-07	1.99e-03	1.77e-01	4.92e-01	2.98e-01	3.08e-02	7.74e-04	7.02e-05	2.59e-06	0.00e+00	0.00e+00
 6.44692e+22	7.24e-07	2.24e-03	1.90e-01	4.96e-01	2.83e-01	2.78e-02	6.74e-04	5.99e-05	2.11e-06	0.00e+00	0.00e+00
 6.48192e+22	8.94e-07	2.60e-03	2.07e-01	5.00e-01	2.66e-01	2.44e-02	5.64e-04	4.89e-05	1.63e-06	0.00e+00	0.00e+00
 6.51753e+22	1.06e-06	2.93e-03	2.21e-01	5.02e-01	2.51e-01	2.19e-02	4.87e-04	4.12e-05	1.31e-06	0.00e+00	0.00e+00
 6.55393e+22	1.31e-06	3.39e-03	2.40e-01	5.03e-01	2.34e-01	1.90e-02	4.04e-04	3.33e-05	9.94e-07	0.00e+00	0.00e+00
 6.59075e+22	1.57e-06	3.82e-03	2.57e-01	5.03e-01	2.19e-01	1.68e-02	3.44e-04	2.77e-05	7.87e-07	0.00e+00	0.00e+00
 6.62306e+22	1.85e-06	4.28e-03	2.73e-01	5.01e-01	2.06e-01	1.49e-02	2.95e-04	2.32e-05	6.29e-07	0.00e+00	0.00e+00
 6.66001e+22	2.27e-06	4.92e-03	2.95e-01	4.98e-01	1.89e-01	1.28e-02	2.43e-04	1.84e-05	4.72e-07	0.00e+00	0.00e+00
 6.69783e+22	2.69e-06	5.53e-03	3.13e-01	4.94e-01	1.76e-01	1.12e-02	2.05e-04	1.51e-05	3.69e-07	0.00e+00	0.00e+00
 6.73678e+22	3.31e-06	6.35e-03	3.37e-01	4.87e-01	1.60e-01	9.52e-03	1.66e-04	1.19e-05	2.72e-07	0.00e+00	0.00e+00
 6.77657e+22	3.96e-06	7.16e-03	3.58e-01	4.80e-01	1.47e-01	8.19e-03	1.38e-04	9.52e-06	2.07e-07	0.00e+00	0.00e+00
 6.81147e+22	4.67e-06	7.98e-03	3.78e-01	4.72e-01	1.35e-01	7.11e-03	1.15e-04	7.74e-06	1.61e-07	0.00e+00	0.00e+00
 6.85084e+22	5.74e-06	9.14e-03	4.04e-01	4.60e-01	1.21e-01	5.91e-03	9.20e-05	5.91e-06	0.00e+00	0.00e+00	0.00e+00
 6.89127e+22	6.77e-06	1.02e-02	4.26e-01	4.49e-01	1.10e-01	5.06e-03	7.61e-05	4.73e-06	0.00e+00	0.00e+00	0.00e+00
 6.93308e+22	8.34e-06	1.17e-02	4.53e-01	4.34e-01	9.69e-02	4.13e-03	5.96e-05	3.53e-06	0.00e+00	0.00e+00	0.00e+00
 6.97564e+22	9.88e-06	1.30e-02	4.76e-01	4.20e-01	8.71e-02	3.48e-03	4.85e-05	2.76e-06	0.00e+00	0.00e+00	0.00e+00
 7.00795e+22	1.12e-05	1.41e-02	4.93e-01	4.10e-01	8.04e-02	3.07e-03	4.17e-05	2.31e-06	0.00e+00	0.00e+00	0.00e+00
 7.03874e+22	1.29e-05	1.54e-02	5.13e-01	3.97e-01	7.27e-02	2.62e-03	3.47e-05	1.85e-06	0.00e+00	0.00e+00	0.00e+00
 7.07022e+22	1.46e-05	1.66e-02	5.29e-01	3.85e-01	6.68e-02	2.30e-03	2.96e-05	1.53e-06	0.00e+00	0.00e+00	0.00e+00
 7.10258e+22	1.69e-05	1.83e-02	5.49e-01	3.70e-01	5.98e-02	1.94e-03	2.43e-05	1.20e-06	0.00e+00	0.00e+00	0.00e+00
 7.13524e+22	1.91e-05	1.97e-02	5.66e-01	3.58e-01	5.45e-02	1.69e-03	2.06e-05	9.87e-07	0.00e+00	0.00e+00	0.00e+00
 7.16831e+22	2.21e-05	2.16e-02	5.86e-01	3.42e-01	4.84e-02	1.41e-03	1.68e-05	7.68e-07	0.00e+00	0.00e+00	0.00e+00
 7.20169e+22	2.50e-05	2.32e-02	6.02e-01	3.29e-01	4.38e-02	1.22e-03	1.41e-05	6.23e-07	0.00e+00	0.00e+00	0.00e+00
 7.23548e+22	2.90e-05	2.54e-02	6.22e-01	3.13e-01	3.86e-02	1.01e-03	1.14e-05	4.79e-07	0.00e+00	0.00e+00	0.00e+00
 7.26974e+22	3.27e-05	2.73e-02	6.37e-01	3.00e-01	3.47e-02	8.63e-04	9.50e-06	3.85e-07	0.00e+00	0.00e+00	0.00e+00
 7.30460e+22	3.79e-05	2.98e-02	6.56e-01	2.83e-01	3.03e-02	7.09e-04	7.57e-06	2.92e-07	0.00e+00	0.00e+00	0.00e+00
 7.34003e+22	4.28e-05	3.21e-02	6.71e-01	2.70e-01	2.70e-02	6.00e-04	6.26e-06	2.31e-07	0.00e+00	0.00e+00	0.00e+00
 7.37620e+22	4.97e-05	3.50e-02	6.88e-01	2.53e-01	2.33e-02	4.86e-04	4.92e-06	1.72e-07	0.00e+00	0.00e+00	0.00e+00
 7.41303e+22	5.62e-05	3.76e-02	7.02e-01	2.39e-01	2.06e-02	4.08e-04	4.02e-06	1.35e-07	0.00e+00	0.00e+00	0.00e+00
 7.45071e+22	6.54e-05	4.10e-02	7.19e-01	2.22e-01	1.76e-02	3.26e-04	3.12e-06	0.00e+00	0.00e+00	0.00e+00	0.00e+00
 7.48924e+22	7.42e-05	4.41e-02	7.31e-01	2.09e-01	1.53e-02	2.70e-04	2.52e-06	0.00e+00	0.00e+00	0.00e+00	0.00e+00
 7.52886e+22	8.68e-05	4.81e-02	7.46e-01	1.92e-01	1.29e-02	2.12e-04	1.91e-06	0.00e+00	0.00e+00	0.00e+00	0.00e+00
 7.56907e+22	9.84e-05	5.17e-02	7.57e-01	1.80e-01	1.11e-02	1.74e-04	1.53e-06	0.00e+00	0.00e+00	0.00e+00	0.00e+00
 7.61005e+22	1.15e-04	5.64e-02	7.70e-01	1.64e-01	9.25e-03	1.35e-04	1.15e-06	0.00e+00	0.00e+00	0.00e+00	0.00e+00
 7.65162e+22	1.31e-04	6.04e-02	7.79e-01	1.52e-01	7.94e-03	1.10e-04	9.05e-07	0.00e+00	0.00e+00	0.00e+00	0.00e+00
 7.69396e+22	1.52e-04	6.57e-02	7.89e-01	1.38e-01	6.53e-03	8.50e-05	6.74e-07	0.00e+00	0.00e+00	0.00e+00	0.00e+00
 7.73738e+22	1.74e-04	7.07e-02	7.97e-01	1.27e-01	5.52e-03	6.79e-05	5.21e-07	0.00e+00	0.00e+00	0.00e+00	0.00e+00
 7.78219e+22	2.04e-04	7.69e-02	8.05e-01	1.14e-01	4.46e-03	5.14e-05	3.79e-07	0.00e+00	0.00e+00	0.00e+00	0.00e+00
 7.82778e+22	2.35e-04	8.28e-02	8.10e-01	1.03e-01	3.72e-03	4.05e-05	2.88e-07	0.00e+00	0.00e+00	0.00e+00	0.00e+00
 7.87437e+22	2.78e-04	9.05e-02	8.15e-01	9.15e-02	2.94e-03	3.00e-05	2.03e-07	0.00e+00	0.00e+00	0.00e+00	0.00e+00
 7.92138e+22	3.18e-04	9.70e-02	8.17e-01	8.30e-02	2.44e-03	2.37e-05	1.55e-07	0.00e+00	0.00e+00	0.00e+00	0.00e+00
 7.96895e+22	3.77e-04	1.06e-01	8.19e-01	7.27e-02	1.91e-03	1.74e-05	0.00e+00	0.00e+00	0.00e+00	0.00e+00	0.00e+00
 8.01787e+22	4.33e-04	1.14e-01	8.19e-01	6.51e-02	1.57e-03	1.35e-05	0.00e+00	0.00e+00	0.00e+00	0.00e+00	0.00e+00
 8.06856e+22	5.22e-04	1.25e-01	8.17e-01	5.60e-02	1.19e-03	9.59e-06	0.00e+00	0.00e+00	0.00e+00	0.00e+00	0.00e+00
 8.12048e+22	6.01e-04	1.34e-01	8.15e-01	4.97e-02	9.65e-04	7.36e-06	0.00e+00	0.00e+00	0.00e+00	0.00e+00	0.00e+00
 8.17400e+22	7.30e-04	1.47e-01	8.09e-01	4.20e-02	7.19e-04	5.12e-06	0.00e+00	0.00e+00	0.00e+00	0.00e+00	0.00e+00
 8.22937e+22	8.56e-04	1.59e-01	8.03e-01	3.65e-02	5.66e-04	3.81e-06	0.00e+00	0.00e+00	0.00e+00	0.00e+00	0.00e+00
 8.28716e+22	1.05e-03	1.76e-01	7.93e-01	3.01e-02	4.10e-04	2.56e-06	0.00e+00	0.00e+00	0.00e+00	0.00e+00	0.00e+00
 8.34748e+22	1.26e-03	1.91e-01	7.82e-01	2.54e-02	3.11e-04	1.83e-06	0.00e+00	0.00e+00	0.00e+00	0.00e+00	0.00e+00
 8.40977e+22	1.57e-03	2.11e-01	7.67e-01	2.04e-02	2.19e-04	1.18e-06	0.00e+00	0.00e+00	0.00e+00	0.00e+00	0.00e+00
 8.46385e+22	1.79e-03	2.24e-01	7.56e-01	1.79e-02	1.79e-04	9.22e-07	0.00e+00	0.00e+00	0.00e+00	0.00e+00	0.00e+00
 8.50860e+22	2.11e-03	2.41e-01	7.42e-01	1.50e-02	1.38e-04	6.64e-07	0.00e+00	0.00e+00	0.00e+00	0.00e+00	0.00e+00
 8.55591e+22	2.45e-03	2.57e-01	7.27e-01	1.28e-02	1.08e-04	4.90e-07	0.00e+00	0.00e+00	0.00e+00	0.00e+00	0.00e+00
 8.60656e+22	2.97e-03	2.79e-01	7.08e-01	1.03e-02	7.93e-05	3.28e-07	0.00e+00	0.00e+00	0.00e+00	0.00e+00	0.00e+00
 8.65810e+22	3.48e-03	2.98e-01	6.90e-01	8.51e-03	6.11e-05	2.33e-07	0.00e+00	0.00e+00	0.00e+00	0.00e+00	0.00e+00
 8.71080e+22	4.26e-03	3.22e-01	6.67e-01	6.60e-03	4.34e-05	1.48e-07	0.00e+00	0.00e+00	0.00e+00	0.00e+00	0.00e+00
 8.75976e+22	4.93e-03	3.41e-01	6.49e-01	5.45e-03	3.41e-05	0.00e+00	0.00e+00	0.00e+00	0.00e+00	0.00e+00	0.00e+00
 8.79697e+22	5.61e-03	3.58e-01	6.32e-01	4.55e-03	2.72e-05	0.00e+00	0.00e+00	0.00e+00	0.00e+00	0.00e+00	0.00e+00
 8.83847e+22	6.59e-03	3.79e-01	6.11e-01	3.58e-03	2.03e-05	0.00e+00	0.00e+00	0.00e+00	0.00e+00	0.00e+00	0.00e+00
 8.88234e+22	7.67e-03	3.99e-01	5.91e-01	2.81e-03	1.53e-05	0.00e+00	0.00e+00	0.00e+00	0.00e+00	0.00e+00	0.00e+00
 8.92221e+22	8.85e-03	4.17e-01	5.72e-01	2.20e-03	1.17e-05	0.00e+00	0.00e+00	0.00e+00	0.00e+00	0.00e+00	0.00e+00
 8.96063e+22	1.02e-02	4.35e-01	5.53e-01	1.70e-03	8.79e-06	0.00e+00	0.00e+00	0.00e+00	0.00e+00	0.00e+00	0.00e+00
 8.99729e+22	1.16e-02	4.51e-01	5.36e-01	1.30e-03	6.64e-06	0.00e+00	0.00e+00	0.00e+00	0.00e+00	0.00e+00	0.00e+00
 9.03108e+22	1.31e-02	4.65e-01	5.21e-01	9.98e-04	5.06e-06	0.00e+00	0.00e+00	0.00e+00	0.00e+00	0.00e+00	0.00e+00
 9.06197e+22	1.47e-02	4.77e-01	5.08e-01	7.66e-04	3.88e-06	0.00e+00	0.00e+00	0.00e+00	0.00e+00	0.00e+00	0.00e+00
 9.09016e+22	1.63e-02	4.87e-01	4.97e-01	5.91e-04	3.01e-06	0.00e+00	0.00e+00	0.00e+00	0.00e+00	0.00e+00	0.00e+00
 9.11571e+22	1.79e-02	4.93e-01	4.88e-01	4.61e-04	2.37e-06	0.00e+00	0.00e+00	0.00e+00	0.00e+00	0.00e+00	0.00e+00
 9.13901e+22	1.95e-02	4.99e-01	4.81e-01	3.63e-04	1.89e-06	0.00e+00	0.00e+00	0.00e+00	0.00e+00	0.00e+00	0.00e+00
 9.16032e+22	2.11e-02	5.02e-01	4.76e-01	2.90e-04	1.53e-06	0.00e+00	0.00e+00	0.00e+00	0.00e+00	0.00e+00	0.00e+00
 9.17368e+22	2.18e-02	5.02e-01	4.76e-01	2.57e-04	1.37e-06	0.00e+00	0.00e+00	0.00e+00	0.00e+00	0.00e+00	0.00e+00
 9.17867e+22	2.21e-02	5.02e-01	4.76e-01	2.45e-04	1.31e-06	0.00e+00	0.00e+00	0.00e+00	0.00e+00	0.00e+00	0.00e+00
 9.18269e+22	2.24e-02	5.02e-01	4.75e-01	2.35e-04	1.26e-06	0.00e+00	0.00e+00	0.00e+00	0.00e+00	0.00e+00	0.00e+00
 9.18793e+22	2.29e-02	5.02e-01	4.75e-01	2.21e-04	1.20e-06	0.00e+00	0.00e+00	0.00e+00	0.00e+00	0.00e+00	0.00e+00
 9.19417e+22	2.35e-02	5.03e-01	4.73e-01	2.07e-04	1.12e-06	0.00e+00	0.00e+00	0.00e+00	0.00e+00	0.00e+00	0.00e+00
 9.20046e+22	2.41e-02	5.03e-01	4.72e-01	1.94e-04	1.06e-06	0.00e+00	0.00e+00	0.00e+00	0.00e+00	0.00e+00	0.00e+00
 9.20627e+22	2.45e-02	5.03e-01	4.73e-01	1.83e-04	1.00e-06	0.00e+00	0.00e+00	0.00e+00	0.00e+00	0.00e+00	0.00e+00
 9.21219e+22	2.52e-02	5.03e-01	4.72e-01	1.72e-04	9.47e-07	0.00e+00	0.00e+00	0.00e+00	0.00e+00	0.00e+00	0.00e+00
 9.21831e+22	2.56e-02	5.02e-01	4.72e-01	1.62e-04	8.98e-07	0.00e+00	0.00e+00	0.00e+00	0.00e+00	0.00e+00	0.00e+00
 9.22457e+22	2.62e-02	5.02e-01	4.72e-01	1.52e-04	8.48e-07	0.00e+00	0.00e+00	0.00e+00	0.00e+00	0.00e+00	0.00e+00
 9.23100e+22	2.69e-02	5.01e-01	4.72e-01	1.43e-04	8.01e-07	0.00e+00	0.00e+00	0.00e+00	0.00e+00	0.00e+00	0.00e+00
 9.23730e+22	2.74e-02	5.01e-01	4.72e-01	1.34e-04	7.60e-07	0.00e+00	0.00e+00	0.00e+00	0.00e+00	0.00e+00	0.00e+00
 9.24372e+22	2.80e-02	5.00e-01	4.72e-01	1.26e-04	7.20e-07	0.00e+00	0.00e+00	0.00e+00	0.00e+00	0.00e+00	0.00e+00
 9.25049e+22	2.87e-02	4.98e-01	4.73e-01	1.19e-04	6.82e-07	0.00e+00	0.00e+00	0.00e+00	0.00e+00	0.00e+00	0.00e+00
 9.25549e+22	2.89e-02	4.97e-01	4.74e-01	1.15e-04	6.61e-07	0.00e+00	0.00e+00	0.00e+00	0.00e+00	0.00e+00	0.00e+00
