#depth	Cl	Cl+	Cl+2	Cl+3	Cl+4	Cl+5	Cl+6	Cl+7	Cl+8	Cl+9	Cl+10	Cl+11	Cl+12	Cl+13	Cl+14	Cl+15	Cl+16	Cl+17
 4.62852e+21	0.00e+00	0.00e+00	0.00e+00	0.00e+00	4.43e-23	5.47e-20	3.69e-17	3.32e-14	8.16e-12	8.85e-10	4.61e-08	1.47e-06	2.76e-05	3.39e-04	4.59e-03	1.15e-01	4.10e-01	4.70e-01
 1.05554e+22	0.00e+00	0.00e+00	0.00e+00	1.05e-24	1.44e-21	1.23e-18	9.46e-16	1.20e-12	2.06e-10	1.54e-08	5.51e-07	1.20e-05	1.53e-04	1.25e-03	1.13e-02	1.89e-01	4.52e-01	3.46e-01
 1.26305e+22	0.00e+00	0.00e+00	6.21e-27	2.41e-23	2.57e-20	1.71e-17	1.01e-14	1.07e-11	1.48e-09	8.93e-08	2.54e-06	4.40e-05	4.38e-04	2.74e-03	1.91e-02	2.49e-01	4.58e-01	2.71e-01
 1.38431e+22	0.00e+00	3.78e-30	4.25e-26	1.45e-22	1.33e-19	7.61e-17	3.82e-14	3.68e-11	4.55e-09	2.43e-07	6.06e-06	9.24e-05	7.98e-04	4.27e-03	2.55e-02	2.86e-01	4.53e-01	2.30e-01
 1.43880e+22	0.00e+00	6.52e-30	7.07e-26	2.33e-22	2.06e-19	1.13e-16	5.41e-14	5.09e-11	6.10e-09	3.16e-07	7.63e-06	1.12e-04	9.34e-04	4.79e-03	2.75e-02	2.97e-01	4.50e-01	2.20e-01
 1.45843e+22	0.00e+00	1.03e-29	1.08e-25	3.46e-22	2.95e-19	1.56e-16	7.23e-14	6.67e-11	7.81e-09	3.94e-07	9.25e-06	1.32e-04	1.07e-03	5.28e-03	2.92e-02	3.05e-01	4.48e-01	2.11e-01
 1.47583e+22	0.00e+00	1.46e-29	1.50e-25	4.68e-22	3.90e-19	2.01e-16	9.06e-14	8.21e-11	9.44e-09	4.66e-07	1.07e-05	1.50e-04	1.18e-03	5.67e-03	3.06e-02	3.12e-01	4.46e-01	2.05e-01
 1.49572e+22	0.00e+00	2.47e-29	2.45e-25	7.38e-22	5.91e-19	2.93e-16	1.26e-13	1.12e-10	1.25e-08	6.01e-07	1.33e-05	1.80e-04	1.37e-03	6.33e-03	3.28e-02	3.22e-01	4.42e-01	1.96e-01
 1.51636e+22	0.00e+00	3.92e-29	3.77e-25	1.10e-21	8.52e-19	4.07e-16	1.69e-13	1.47e-10	1.61e-08	7.50e-07	1.62e-05	2.13e-04	1.56e-03	6.97e-03	3.49e-02	3.30e-01	4.38e-01	1.88e-01
 1.53491e+22	0.00e+00	6.14e-29	5.72e-25	1.62e-21	1.21e-18	5.59e-16	2.24e-13	1.91e-10	2.04e-08	9.30e-07	1.95e-05	2.49e-04	1.77e-03	7.64e-03	3.69e-02	3.39e-01	4.35e-01	1.80e-01
 1.55595e+22	0.00e+00	1.07e-28	9.59e-25	2.62e-21	1.88e-18	8.31e-16	3.18e-13	2.66e-10	2.75e-08	1.21e-06	2.46e-05	3.03e-04	2.08e-03	8.56e-03	3.97e-02	3.49e-01	4.30e-01	1.70e-01
 1.57748e+22	0.00e+00	1.74e-28	1.51e-24	4.00e-21	2.76e-18	1.17e-15	4.30e-13	3.53e-10	3.57e-08	1.53e-06	3.01e-05	3.60e-04	2.38e-03	9.46e-03	4.22e-02	3.58e-01	4.25e-01	1.62e-01
 1.59585e+22	0.00e+00	2.72e-28	2.28e-24	5.85e-21	3.90e-18	1.60e-15	5.66e-13	4.57e-10	4.52e-08	1.89e-06	3.62e-05	4.21e-04	2.70e-03	1.03e-02	4.46e-02	3.67e-01	4.20e-01	1.55e-01
 1.61593e+22	0.00e+00	4.59e-28	3.72e-24	9.20e-21	5.89e-18	2.32e-15	7.84e-13	6.21e-10	5.98e-08	2.43e-06	4.50e-05	5.06e-04	3.12e-03	1.15e-02	4.75e-02	3.76e-01	4.14e-01	1.47e-01
 1.63708e+22	0.00e+00	7.56e-28	5.91e-24	1.41e-20	8.68e-18	3.28e-15	1.06e-12	8.27e-10	7.79e-08	3.08e-06	5.53e-05	6.03e-04	3.59e-03	1.27e-02	5.04e-02	3.85e-01	4.08e-01	1.40e-01
 1.65603e+22	0.00e+00	1.19e-27	8.98e-24	2.08e-20	1.23e-17	4.49e-15	1.40e-12	1.07e-09	9.89e-08	3.82e-06	6.66e-05	7.06e-04	4.07e-03	1.39e-02	5.32e-02	3.93e-01	4.02e-01	1.33e-01
 1.67707e+22	0.00e+00	2.07e-27	1.51e-23	3.36e-20	1.91e-17	6.64e-15	1.98e-12	1.48e-09	1.33e-07	4.98e-06	8.39e-05	8.57e-04	4.74e-03	1.55e-02	5.68e-02	4.02e-01	3.95e-01	1.25e-01
 1.69834e+22	0.00e+00	3.36e-27	2.36e-23	5.09e-20	2.78e-17	9.27e-15	2.64e-12	1.96e-09	1.71e-07	6.26e-06	1.02e-04	1.01e-03	5.42e-03	1.70e-02	6.00e-02	4.10e-01	3.88e-01	1.18e-01
 1.71607e+22	0.00e+00	5.09e-27	3.48e-23	7.26e-20	3.83e-17	1.24e-14	3.39e-12	2.48e-09	2.13e-07	7.61e-06	1.21e-04	1.17e-03	6.07e-03	1.84e-02	6.29e-02	4.17e-01	3.81e-01	1.13e-01
 1.73527e+22	0.00e+00	8.63e-27	5.68e-23	1.14e-19	5.77e-17	1.78e-14	4.66e-12	3.36e-09	2.82e-07	9.77e-06	1.50e-04	1.40e-03	7.01e-03	2.03e-02	6.66e-02	4.25e-01	3.73e-01	1.06e-01
 1.75505e+22	0.00e+00	1.37e-26	8.71e-23	1.69e-19	8.22e-17	2.44e-14	6.13e-12	4.36e-09	3.58e-07	1.21e-05	1.82e-04	1.64e-03	7.94e-03	2.22e-02	7.00e-02	4.32e-01	3.66e-01	1.00e-01
 1.77124e+22	0.00e+00	1.99e-26	1.23e-22	2.33e-19	1.10e-16	3.14e-14	7.64e-12	5.38e-09	4.35e-07	1.44e-05	2.11e-04	1.87e-03	8.78e-03	2.38e-02	7.29e-02	4.37e-01	3.59e-01	9.58e-02
 1.78795e+22	0.00e+00	3.17e-26	1.90e-22	3.47e-19	1.57e-16	4.32e-14	1.01e-11	7.00e-09	5.55e-07	1.80e-05	2.55e-04	2.19e-03	9.94e-03	2.59e-02	7.65e-02	4.43e-01	3.51e-01	9.03e-02
 1.80395e+22	0.00e+00	4.49e-26	2.62e-22	4.66e-19	2.04e-16	5.45e-14	1.23e-11	8.50e-09	6.65e-07	2.11e-05	2.94e-04	2.46e-03	1.09e-02	2.76e-02	7.92e-02	4.48e-01	3.45e-01	8.64e-02
 1.81686e+22	0.00e+00	6.25e-26	3.55e-22	6.17e-19	2.63e-16	6.81e-14	1.49e-11	1.02e-08	7.89e-07	2.47e-05	3.36e-04	2.75e-03	1.19e-02	2.94e-02	8.19e-02	4.52e-01	3.39e-01	8.27e-02
 1.83145e+22	0.00e+00	9.46e-26	5.21e-22	8.76e-19	3.60e-16	8.99e-14	1.89e-11	1.29e-08	9.77e-07	2.99e-05	3.96e-04	3.17e-03	1.33e-02	3.16e-02	8.53e-02	4.56e-01	3.32e-01	7.83e-02
 1.84574e+22	0.00e+00	1.30e-25	7.02e-22	1.15e-18	4.59e-16	1.11e-13	2.27e-11	1.54e-08	1.15e-06	3.47e-05	4.51e-04	3.53e-03	1.44e-02	3.35e-02	8.80e-02	4.59e-01	3.26e-01	7.49e-02
 1.85765e+22	0.00e+00	1.79e-25	9.40e-22	1.50e-18	5.83e-16	1.37e-13	2.72e-11	1.83e-08	1.35e-06	4.01e-05	5.11e-04	3.92e-03	1.57e-02	3.54e-02	9.06e-02	4.62e-01	3.20e-01	7.18e-02
 1.87117e+22	0.00e+00	2.63e-25	1.34e-21	2.08e-18	7.80e-16	1.77e-13	3.38e-11	2.26e-08	1.65e-06	4.80e-05	5.96e-04	4.46e-03	1.73e-02	3.79e-02	9.39e-02	4.66e-01	3.12e-01	6.80e-02
 1.88442e+22	0.00e+00	3.57e-25	1.78e-21	2.69e-18	9.80e-16	2.16e-13	4.00e-11	2.67e-08	1.93e-06	5.52e-05	6.73e-04	4.93e-03	1.87e-02	3.99e-02	9.65e-02	4.68e-01	3.06e-01	6.51e-02
 1.89543e+22	0.00e+00	4.82e-25	2.34e-21	3.46e-18	1.22e-15	2.62e-13	4.72e-11	3.14e-08	2.24e-06	6.33e-05	7.57e-04	5.44e-03	2.02e-02	4.20e-02	9.91e-02	4.70e-01	3.00e-01	6.24e-02
 1.90619e+22	0.00e+00	6.42e-25	3.05e-21	4.40e-18	1.52e-15	3.16e-13	5.53e-11	3.67e-08	2.59e-06	7.22e-05	8.48e-04	5.98e-03	2.17e-02	4.41e-02	1.02e-01	4.72e-01	2.94e-01	5.98e-02
 1.91852e+22	0.00e+00	9.23e-25	4.26e-21	5.96e-18	1.99e-15	3.99e-13	6.74e-11	4.46e-08	3.11e-06	8.52e-05	9.78e-04	6.74e-03	2.38e-02	4.69e-02	1.05e-01	4.73e-01	2.87e-01	5.66e-02
 1.93115e+22	0.00e+00	1.26e-24	5.66e-21	7.71e-18	2.50e-15	4.87e-13	7.98e-11	5.26e-08	3.64e-06	9.80e-05	1.10e-03	7.45e-03	2.57e-02	4.93e-02	1.07e-01	4.74e-01	2.81e-01	5.40e-02
 1.94237e+22	0.00e+00	1.69e-24	7.43e-21	9.88e-18	3.11e-15	5.89e-13	9.38e-11	6.17e-08	4.22e-06	1.12e-04	1.24e-03	8.19e-03	2.77e-02	5.18e-02	1.10e-01	4.75e-01	2.74e-01	5.16e-02
 1.95298e+22	0.00e+00	2.26e-24	9.71e-21	1.26e-17	3.84e-15	7.07e-13	1.09e-10	7.19e-08	4.88e-06	1.28e-04	1.39e-03	9.00e-03	2.97e-02	5.43e-02	1.12e-01	4.75e-01	2.68e-01	4.93e-02
 1.96280e+22	0.00e+00	2.96e-24	1.24e-20	1.57e-17	4.68e-15	8.37e-13	1.26e-10	8.28e-08	5.58e-06	1.44e-04	1.54e-03	9.81e-03	3.18e-02	5.67e-02	1.15e-01	4.76e-01	2.63e-01	4.72e-02
 1.97375e+22	0.00e+00	4.14e-24	1.69e-20	2.08e-17	5.98e-15	1.03e-12	1.50e-10	9.88e-08	6.59e-06	1.68e-04	1.75e-03	1.09e-02	3.45e-02	5.97e-02	1.17e-01	4.75e-01	2.55e-01	4.47e-02
 1.98499e+22	0.00e+00	5.59e-24	2.23e-20	2.66e-17	7.43e-15	1.24e-12	1.75e-10	1.15e-07	7.63e-06	1.92e-04	1.97e-03	1.20e-02	3.70e-02	6.26e-02	1.20e-01	4.75e-01	2.49e-01	4.26e-02
 1.99479e+22	0.00e+00	7.31e-24	2.85e-20	3.32e-17	9.02e-15	1.47e-12	2.01e-10	1.33e-07	8.71e-06	2.16e-04	2.18e-03	1.31e-02	3.95e-02	6.52e-02	1.22e-01	4.74e-01	2.43e-01	4.07e-02
 2.00569e+22	0.00e+00	1.04e-23	3.93e-20	4.44e-17	1.16e-14	1.82e-12	2.40e-10	1.59e-07	1.04e-05	2.53e-04	2.49e-03	1.46e-02	4.29e-02	6.87e-02	1.25e-01	4.72e-01	2.36e-01	3.83e-02
 2.01682e+22	0.00e+00	1.41e-23	5.18e-20	5.69e-17	1.44e-14	2.18e-12	2.79e-10	1.86e-07	1.20e-05	2.89e-04	2.79e-03	1.60e-02	4.60e-02	7.19e-02	1.27e-01	4.71e-01	2.29e-01	3.63e-02
 2.02658e+22	0.00e+00	1.87e-23	6.72e-20	7.18e-17	1.76e-14	2.59e-12	3.20e-10	2.15e-07	1.38e-05	3.28e-04	3.11e-03	1.75e-02	4.92e-02	7.49e-02	1.29e-01	4.69e-01	2.23e-01	3.45e-02
 2.03760e+22	0.00e+00	2.72e-23	9.45e-20	9.73e-17	2.30e-14	3.23e-12	3.84e-10	2.59e-07	1.65e-05	3.86e-04	3.57e-03	1.96e-02	5.35e-02	7.90e-02	1.32e-01	4.65e-01	2.14e-01	3.23e-02
 2.04876e+22	0.00e+00	3.69e-23	1.24e-19	1.24e-16	2.84e-14	3.86e-12	4.44e-10	3.01e-07	1.90e-05	4.40e-04	4.00e-03	2.15e-02	5.73e-02	8.24e-02	1.34e-01	4.62e-01	2.08e-01	3.05e-02
 2.05830e+22	0.00e+00	4.85e-23	1.60e-19	1.56e-16	3.45e-14	4.54e-12	5.07e-10	3.46e-07	2.17e-05	4.96e-04	4.42e-03	2.33e-02	6.09e-02	8.55e-02	1.36e-01	4.59e-01	2.02e-01	2.90e-02
 2.06890e+22	0.00e+00	7.19e-23	2.28e-19	2.13e-16	4.51e-14	5.67e-12	6.05e-10	4.18e-07	2.61e-05	5.87e-04	5.10e-03	2.62e-02	6.63e-02	9.00e-02	1.38e-01	4.54e-01	1.93e-01	2.69e-02
 2.07932e+22	0.00e+00	9.39e-23	2.91e-19	2.64e-16	5.43e-14	6.62e-12	6.86e-10	4.77e-07	2.96e-05	6.58e-04	5.62e-03	2.83e-02	7.02e-02	9.32e-02	1.40e-01	4.50e-01	1.87e-01	2.55e-02
 2.08950e+22	0.00e+00	1.37e-22	4.10e-19	3.58e-16	7.03e-14	8.18e-12	8.11e-10	5.72e-07	3.53e-05	7.73e-04	6.45e-03	3.16e-02	7.61e-02	9.77e-02	1.42e-01	4.43e-01	1.79e-01	2.36e-02
 2.09949e+22	0.00e+00	1.78e-22	5.19e-19	4.40e-16	8.40e-14	9.48e-12	9.13e-10	6.49e-07	3.99e-05	8.62e-04	7.07e-03	3.40e-02	8.03e-02	1.01e-01	1.43e-01	4.39e-01	1.73e-01	2.24e-02
 2.10922e+22	0.00e+00	2.59e-22	7.29e-19	5.93e-16	1.08e-13	1.16e-11	1.07e-09	7.74e-07	4.73e-05	1.01e-03	8.07e-03	3.78e-02	8.67e-02	1.05e-01	1.44e-01	4.31e-01	1.65e-01	2.06e-02
 2.11892e+22	0.00e+00	3.38e-22	9.25e-19	7.32e-16	1.29e-13	1.35e-11	1.20e-09	8.78e-07	5.35e-05	1.13e-03	8.86e-03	4.07e-02	9.14e-02	1.09e-01	1.45e-01	4.26e-01	1.59e-01	1.95e-02
 2.12859e+22	0.00e+00	4.94e-22	1.30e-18	9.87e-16	1.66e-13	1.65e-11	1.41e-09	1.05e-06	6.34e-05	1.32e-03	1.01e-02	4.51e-02	9.84e-02	1.13e-01	1.46e-01	4.17e-01	1.51e-01	1.79e-02
 2.13832e+22	0.00e+00	6.52e-22	1.67e-18	1.23e-15	2.00e-13	1.92e-11	1.59e-09	1.19e-06	7.19e-05	1.48e-03	1.11e-02	4.87e-02	1.04e-01	1.16e-01	1.47e-01	4.10e-01	1.45e-01	1.68e-02
 2.14816e+22	0.00e+00	9.66e-22	2.38e-18	1.67e-15	2.59e-13	2.35e-11	1.85e-09	1.42e-06	8.55e-05	1.73e-03	1.27e-02	5.40e-02	1.12e-01	1.21e-01	1.47e-01	4.00e-01	1.37e-01	1.53e-02
 2.15807e+22	0.00e+00	1.29e-21	3.08e-18	2.09e-15	3.12e-13	2.74e-11	2.09e-09	1.62e-06	9.70e-05	1.94e-03	1.39e-02	5.81e-02	1.18e-01	1.24e-01	1.47e-01	3.92e-01	1.31e-01	1.43e-02
 2.16809e+22	0.00e+00	1.90e-21	4.36e-18	2.82e-15	4.02e-13	3.34e-11	2.43e-09	1.92e-06	1.15e-04	2.26e-03	1.58e-02	6.41e-02	1.26e-01	1.29e-01	1.47e-01	3.80e-01	1.23e-01	1.30e-02
 2.17802e+22	0.00e+00	2.54e-21	5.67e-18	3.55e-15	4.86e-13	3.89e-11	2.73e-09	2.19e-06	1.30e-04	2.54e-03	1.74e-02	6.90e-02	1.32e-01	1.32e-01	1.47e-01	3.71e-01	1.17e-01	1.21e-02
 2.18784e+22	0.00e+00	3.74e-21	8.00e-18	4.77e-15	6.23e-13	4.72e-11	3.16e-09	2.59e-06	1.53e-04	2.94e-03	1.97e-02	7.57e-02	1.41e-01	1.36e-01	1.46e-01	3.59e-01	1.09e-01	1.09e-02
 2.19784e+22	0.00e+00	5.09e-21	1.05e-17	6.05e-15	7.58e-13	5.52e-11	3.56e-09	2.95e-06	1.75e-04	3.31e-03	2.17e-02	8.14e-02	1.48e-01	1.39e-01	1.45e-01	3.49e-01	1.03e-01	1.00e-02
 2.20808e+22	0.00e+00	7.62e-21	1.51e-17	8.25e-15	9.80e-13	6.74e-11	4.14e-09	3.50e-06	2.06e-04	3.85e-03	2.45e-02	8.93e-02	1.57e-01	1.42e-01	1.44e-01	3.35e-01	9.54e-02	8.97e-03
 2.21839e+22	0.00e+00	1.04e-20	2.00e-17	1.05e-14	1.19e-12	7.87e-11	4.64e-09	3.99e-06	2.34e-04	4.32e-03	2.70e-02	9.57e-02	1.64e-01	1.45e-01	1.42e-01	3.24e-01	8.97e-02	8.21e-03
 2.22879e+22	0.00e+00	1.57e-20	2.88e-17	1.43e-14	1.54e-12	9.61e-11	5.39e-09	4.72e-06	2.76e-04	5.01e-03	3.04e-02	1.05e-01	1.74e-01	1.48e-01	1.40e-01	3.09e-01	8.25e-02	7.27e-03
 2.23926e+22	0.00e+00	2.15e-20	3.81e-17	1.82e-14	1.88e-12	1.12e-10	6.04e-09	5.36e-06	3.12e-04	5.60e-03	3.33e-02	1.12e-01	1.81e-01	1.50e-01	1.38e-01	2.97e-01	7.71e-02	6.61e-03
 2.24833e+22	0.00e+00	2.93e-20	5.00e-17	2.30e-14	2.28e-12	1.30e-10	6.75e-09	6.05e-06	3.51e-04	6.23e-03	3.63e-02	1.19e-01	1.88e-01	1.51e-01	1.35e-01	2.86e-01	7.21e-02	6.01e-03
 2.25863e+22	0.00e+00	4.39e-20	7.17e-17	3.12e-14	2.93e-12	1.58e-10	7.79e-09	7.07e-06	4.09e-04	7.15e-03	4.05e-02	1.28e-01	1.97e-01	1.53e-01	1.32e-01	2.70e-01	6.57e-02	5.29e-03
 2.26882e+22	0.00e+00	5.83e-20	9.24e-17	3.88e-14	3.51e-12	1.81e-10	8.65e-09	7.90e-06	4.55e-04	7.87e-03	4.37e-02	1.35e-01	2.03e-01	1.54e-01	1.30e-01	2.59e-01	6.14e-02	4.82e-03
 2.27888e+22	0.00e+00	8.49e-20	1.29e-16	5.15e-14	4.43e-12	2.18e-10	9.90e-09	9.11e-06	5.22e-04	8.90e-03	4.82e-02	1.45e-01	2.11e-01	1.55e-01	1.26e-01	2.45e-01	5.61e-02	4.25e-03
 2.28924e+22	0.00e+00	1.15e-19	1.69e-16	6.50e-14	5.37e-12	2.52e-10	1.11e-08	1.02e-05	5.82e-04	9.82e-03	5.21e-02	1.53e-01	2.17e-01	1.55e-01	1.23e-01	2.34e-01	5.19e-02	3.82e-03
 2.29999e+22	0.00e+00	1.70e-19	2.40e-16	8.72e-14	6.84e-12	3.05e-10	1.27e-08	1.18e-05	6.67e-04	1.11e-02	5.74e-02	1.63e-01	2.24e-01	1.55e-01	1.19e-01	2.19e-01	4.69e-02	3.33e-03
 2.31093e+22	0.00e+00	2.32e-19	3.15e-16	1.10e-13	8.30e-12	3.54e-10	1.42e-08	1.31e-05	7.41e-04	1.22e-02	6.18e-02	1.71e-01	2.30e-01	1.55e-01	1.15e-01	2.08e-01	4.32e-02	2.98e-03
 2.32213e+22	0.00e+00	3.44e-19	4.47e-16	1.48e-13	1.06e-11	4.29e-10	1.64e-08	1.51e-05	8.45e-04	1.37e-02	6.77e-02	1.81e-01	2.36e-01	1.54e-01	1.11e-01	1.94e-01	3.88e-02	2.58e-03
 2.33355e+22	0.00e+00	4.67e-19	5.88e-16	1.87e-13	1.29e-11	4.99e-10	1.84e-08	1.68e-05	9.35e-04	1.50e-02	7.26e-02	1.89e-01	2.41e-01	1.53e-01	1.07e-01	1.83e-01	3.56e-02	2.30e-03
 2.34528e+22	0.00e+00	6.93e-19	8.35e-16	2.53e-13	1.65e-11	6.05e-10	2.13e-08	1.92e-05	1.06e-03	1.68e-02	7.91e-02	2.00e-01	2.46e-01	1.51e-01	1.02e-01	1.70e-01	3.17e-02	1.97e-03
 2.35720e+22	0.00e+00	9.39e-19	1.10e-15	3.19e-13	2.00e-11	7.05e-10	2.39e-08	2.14e-05	1.17e-03	1.83e-02	8.44e-02	2.08e-01	2.50e-01	1.50e-01	9.86e-02	1.59e-01	2.89e-02	1.75e-03
 2.36938e+22	0.00e+00	1.39e-18	1.55e-15	4.30e-13	2.56e-11	8.56e-10	2.77e-08	2.44e-05	1.32e-03	2.03e-02	9.15e-02	2.18e-01	2.54e-01	1.47e-01	9.38e-02	1.47e-01	2.57e-02	1.49e-03
 2.38164e+22	3.30e-32	1.87e-18	2.02e-15	5.38e-13	3.09e-11	9.94e-10	3.11e-08	2.69e-05	1.45e-03	2.20e-02	9.71e-02	2.25e-01	2.57e-01	1.45e-01	9.01e-02	1.38e-01	2.34e-02	1.32e-03
 2.39398e+22	5.00e-32	2.73e-18	2.84e-15	7.20e-13	3.94e-11	1.20e-09	3.60e-08	3.04e-05	1.62e-03	2.43e-02	1.05e-01	2.35e-01	2.59e-01	1.41e-01	8.53e-02	1.27e-01	2.07e-02	1.12e-03
 2.40659e+22	6.85e-32	3.66e-18	3.68e-15	9.00e-13	4.76e-11	1.40e-09	4.04e-08	3.35e-05	1.77e-03	2.62e-02	1.10e-01	2.42e-01	2.61e-01	1.39e-01	8.16e-02	1.19e-01	1.88e-02	9.91e-04
 2.41761e+22	9.28e-32	4.83e-18	4.73e-15	1.11e-12	5.69e-11	1.61e-09	4.51e-08	3.67e-05	1.92e-03	2.81e-02	1.16e-01	2.49e-01	2.62e-01	1.36e-01	7.82e-02	1.11e-01	1.71e-02	8.77e-04
 2.43004e+22	1.37e-31	6.94e-18	6.54e-15	1.47e-12	7.18e-11	1.94e-09	5.19e-08	4.12e-05	2.13e-03	3.07e-02	1.24e-01	2.57e-01	2.63e-01	1.32e-01	7.37e-02	1.02e-01	1.51e-02	7.46e-04
 2.44239e+22	1.82e-31	8.96e-18	8.22e-15	1.79e-12	8.49e-11	2.22e-09	5.77e-08	4.49e-05	2.29e-03	3.27e-02	1.30e-01	2.63e-01	2.63e-01	1.29e-01	7.06e-02	9.54e-02	1.38e-02	6.64e-04
 2.45466e+22	2.63e-31	1.26e-17	1.11e-14	2.33e-12	1.06e-10	2.65e-09	6.61e-08	5.00e-05	2.52e-03	3.55e-02	1.38e-01	2.70e-01	2.63e-01	1.25e-01	6.66e-02	8.75e-02	1.22e-02	5.67e-04
 2.46724e+22	3.51e-31	1.64e-17	1.41e-14	2.86e-12	1.26e-10	3.05e-09	7.37e-08	5.45e-05	2.71e-03	3.78e-02	1.44e-01	2.75e-01	2.62e-01	1.22e-01	6.34e-02	8.16e-02	1.11e-02	5.00e-04
 2.47840e+22	4.64e-31	2.13e-17	1.78e-14	3.49e-12	1.49e-10	3.49e-09	8.20e-08	5.92e-05	2.91e-03	4.01e-02	1.50e-01	2.80e-01	2.61e-01	1.19e-01	6.05e-02	7.62e-02	1.00e-02	4.42e-04
 2.49107e+22	6.69e-31	2.98e-17	2.41e-14	4.52e-12	1.85e-10	4.16e-09	9.40e-08	6.57e-05	3.19e-03	4.33e-02	1.58e-01	2.86e-01	2.59e-01	1.15e-01	5.67e-02	6.95e-02	8.84e-03	3.76e-04
 2.50368e+22	8.66e-31	3.77e-17	2.98e-14	5.44e-12	2.17e-10	4.73e-09	1.04e-07	7.11e-05	3.41e-03	4.57e-02	1.64e-01	2.90e-01	2.58e-01	1.11e-01	5.42e-02	6.51e-02	8.06e-03	3.34e-04
 2.51621e+22	1.23e-30	5.20e-17	3.97e-14	6.97e-12	2.67e-10	5.60e-09	1.19e-07	7.86e-05	3.71e-03	4.90e-02	1.72e-01	2.95e-01	2.55e-01	1.07e-01	5.08e-02	5.94e-02	7.11e-03	2.85e-04
 2.52898e+22	1.59e-30	6.60e-17	4.93e-14	8.40e-12	3.13e-10	6.38e-09	1.31e-07	8.50e-05	3.96e-03	5.17e-02	1.78e-01	2.99e-01	2.53e-01	1.04e-01	4.83e-02	5.54e-02	6.46e-03	2.52e-04
 2.54207e+22	2.24e-30	9.10e-17	6.58e-14	1.08e-11	3.87e-10	7.57e-09	1.50e-07	9.41e-05	4.31e-03	5.53e-02	1.86e-01	3.03e-01	2.49e-01	9.96e-02	4.51e-02	5.03e-02	5.67e-03	2.14e-04
 2.55540e+22	7.60e-31	1.16e-16	8.19e-14	1.30e-11	4.55e-10	8.65e-09	1.67e-07	1.02e-04	4.60e-03	5.83e-02	1.93e-01	3.06e-01	2.47e-01	9.63e-02	4.28e-02	4.68e-02	5.12e-03	1.88e-04
 2.56906e+22	1.08e-30	1.60e-16	1.09e-13	1.67e-11	5.63e-10	1.03e-08	1.92e-07	1.13e-04	5.01e-03	6.24e-02	2.01e-01	3.10e-01	2.42e-01	9.19e-02	3.98e-02	4.23e-02	4.47e-03	1.58e-04
 2.58298e+22	1.41e-30	2.04e-16	1.36e-13	2.03e-11	6.64e-10	1.18e-08	2.13e-07	1.22e-04	5.35e-03	6.56e-02	2.08e-01	3.12e-01	2.39e-01	8.85e-02	3.76e-02	3.92e-02	4.03e-03	1.39e-04
 2.59722e+22	2.01e-30	2.83e-16	1.83e-13	2.61e-11	8.24e-10	1.41e-08	2.45e-07	1.36e-04	5.82e-03	7.01e-02	2.17e-01	3.15e-01	2.34e-01	8.41e-02	3.49e-02	3.53e-02	3.50e-03	1.16e-04
 2.61113e+22	2.55e-30	3.51e-16	2.22e-13	3.10e-11	9.55e-10	1.59e-08	2.71e-07	1.46e-04	6.17e-03	7.33e-02	2.23e-01	3.17e-01	2.31e-01	8.12e-02	3.31e-02	3.29e-02	3.18e-03	1.03e-04
 2.62463e+22	3.55e-30	4.75e-16	2.92e-13	3.93e-11	1.17e-09	1.88e-08	3.09e-07	1.61e-04	6.67e-03	7.78e-02	2.31e-01	3.18e-01	2.26e-01	7.72e-02	3.07e-02	2.97e-02	2.78e-03	8.70e-05
 2.63833e+22	4.51e-30	5.91e-16	3.56e-13	4.67e-11	1.36e-09	2.12e-08	3.41e-07	1.73e-04	7.07e-03	8.13e-02	2.37e-01	3.19e-01	2.22e-01	7.43e-02	2.91e-02	2.76e-02	2.52e-03	7.69e-05
 2.65231e+22	6.22e-30	7.93e-16	4.64e-13	5.89e-11	1.66e-09	2.50e-08	3.88e-07	1.91e-04	7.63e-03	8.61e-02	2.45e-01	3.20e-01	2.16e-01	7.05e-02	2.69e-02	2.50e-02	2.20e-03	6.49e-05
 2.66672e+22	8.07e-30	1.01e-15	5.76e-13	7.11e-11	1.95e-09	2.86e-08	4.32e-07	2.07e-04	8.12e-03	9.01e-02	2.52e-01	3.20e-01	2.12e-01	6.74e-02	2.53e-02	2.30e-02	1.97e-03	5.65e-05
 2.68169e+22	1.12e-29	1.35e-15	7.53e-13	8.99e-11	2.38e-09	3.38e-08	4.95e-07	2.29e-04	8.77e-03	9.54e-02	2.60e-01	3.20e-01	2.06e-01	6.37e-02	2.34e-02	2.07e-02	1.71e-03	4.75e-05
 2.69715e+22	1.47e-29	1.74e-15	9.45e-13	1.10e-10	2.83e-09	3.90e-08	5.54e-07	2.49e-04	9.36e-03	1.00e-01	2.67e-01	3.20e-01	2.01e-01	6.07e-02	2.18e-02	1.89e-02	1.51e-03	4.09e-05
 2.71324e+22	2.07e-29	2.36e-15	1.25e-12	1.40e-10	3.49e-09	4.65e-08	6.39e-07	2.76e-04	1.01e-02	1.06e-01	2.75e-01	3.19e-01	1.94e-01	5.70e-02	2.00e-02	1.69e-02	1.30e-03	3.40e-05
 2.72976e+22	2.74e-29	3.06e-15	1.58e-12	1.72e-10	4.17e-09	5.38e-08	7.19e-07	3.01e-04	1.08e-02	1.11e-01	2.82e-01	3.18e-01	1.89e-01	5.40e-02	1.86e-02	1.53e-02	1.15e-03	2.90e-05
 2.74684e+22	3.89e-29	4.19e-15	2.10e-12	2.21e-10	5.19e-09	6.46e-08	8.32e-07	3.36e-04	1.18e-02	1.18e-01	2.90e-01	3.16e-01	1.82e-01	5.05e-02	1.70e-02	1.36e-02	9.81e-04	2.39e-05
 2.76448e+22	5.23e-29	5.48e-15	2.68e-12	2.74e-10	6.24e-09	7.53e-08	9.43e-07	3.68e-04	1.26e-02	1.23e-01	2.97e-01	3.14e-01	1.76e-01	4.76e-02	1.57e-02	1.22e-02	8.57e-04	2.02e-05
 2.78284e+22	7.54e-29	7.62e-15	3.62e-12	3.57e-10	7.84e-09	9.12e-08	1.10e-06	4.13e-04	1.37e-02	1.31e-01	3.06e-01	3.11e-01	1.69e-01	4.41e-02	1.42e-02	1.08e-02	7.24e-04	1.64e-05
 2.80175e+22	1.03e-28	1.01e-14	4.66e-12	4.46e-10	9.51e-09	1.07e-07	1.25e-06	4.55e-04	1.47e-02	1.37e-01	3.13e-01	3.08e-01	1.63e-01	4.14e-02	1.30e-02	9.63e-03	6.26e-04	1.37e-05
 2.81878e+22	1.37e-28	1.31e-14	5.92e-12	5.51e-10	1.14e-08	1.25e-07	1.42e-06	4.99e-04	1.58e-02	1.43e-01	3.19e-01	3.05e-01	1.57e-01	3.88e-02	1.20e-02	8.66e-03	5.45e-04	1.16e-05
 2.83834e+22	2.03e-28	1.86e-14	8.17e-12	7.31e-10	1.46e-08	1.53e-07	1.67e-06	5.62e-04	1.72e-02	1.52e-01	3.27e-01	3.00e-01	1.49e-01	3.56e-02	1.07e-02	7.48e-03	4.51e-04	9.17e-06
 2.85802e+22	2.72e-28	2.42e-14	1.04e-11	9.01e-10	1.75e-08	1.78e-07	1.89e-06	6.17e-04	1.84e-02	1.59e-01	3.33e-01	2.96e-01	1.43e-01	3.33e-02	9.81e-03	6.71e-03	3.92e-04	7.72e-06
 2.87785e+22	3.99e-28	3.41e-14	1.42e-11	1.19e-09	2.22e-08	2.18e-07	2.22e-06	6.94e-04	2.01e-02	1.68e-01	3.40e-01	2.90e-01	1.36e-01	3.05e-02	8.75e-03	5.80e-03	3.24e-04	6.11e-06
 2.89810e+22	5.43e-28	4.51e-14	1.83e-11	1.49e-09	2.70e-08	2.56e-07	2.53e-06	7.64e-04	2.15e-02	1.75e-01	3.46e-01	2.85e-01	1.30e-01	2.83e-02	7.96e-03	5.14e-03	2.78e-04	5.06e-06
 2.91890e+22	8.03e-28	6.41e-14	2.52e-11	1.97e-09	3.44e-08	3.14e-07	2.99e-06	8.62e-04	2.34e-02	1.85e-01	3.52e-01	2.79e-01	1.22e-01	2.57e-02	7.05e-03	4.41e-03	2.28e-04	3.97e-06
 2.94013e+22	1.11e-27	8.59e-14	3.29e-11	2.49e-09	4.22e-08	3.72e-07	3.43e-06	9.52e-04	2.51e-02	1.93e-01	3.58e-01	2.73e-01	1.16e-01	2.37e-02	6.36e-03	3.87e-03	1.93e-04	3.23e-06
 2.95904e+22	1.52e-27	1.14e-13	4.26e-11	3.13e-09	5.14e-08	4.39e-07	3.92e-06	1.05e-03	2.69e-02	2.02e-01	3.62e-01	2.67e-01	1.10e-01	2.19e-02	5.74e-03	3.40e-03	1.63e-04	2.64e-06
 2.98075e+22	2.28e-27	1.66e-13	5.98e-11	4.21e-09	6.65e-08	5.45e-07	4.67e-06	1.19e-03	2.94e-02	2.13e-01	3.68e-01	2.59e-01	1.03e-01	1.96e-02	5.02e-03	2.86e-03	1.31e-04	2.02e-06
 3.00116e+22	2.95e-27	2.10e-13	7.43e-11	5.09e-09	7.85e-08	6.27e-07	5.22e-06	1.29e-03	3.11e-02	2.20e-01	3.71e-01	2.53e-01	9.79e-02	1.83e-02	4.59e-03	2.56e-03	1.14e-04	1.70e-06
 3.01988e+22	4.21e-27	2.92e-13	9.98e-11	6.59e-09	9.83e-08	7.56e-07	6.08e-06	1.44e-03	3.35e-02	2.30e-01	3.75e-01	2.45e-01	9.16e-02	1.65e-02	4.06e-03	2.20e-03	9.31e-05	1.33e-06
 3.03885e+22	5.48e-27	3.72e-13	1.25e-10	8.02e-09	1.17e-07	8.72e-07	6.83e-06	1.56e-03	3.55e-02	2.38e-01	3.78e-01	2.39e-01	8.71e-02	1.53e-02	3.70e-03	1.95e-03	8.01e-05	1.11e-06
 3.05814e+22	7.77e-27	5.16e-13	1.68e-10	1.04e-08	1.46e-07	1.05e-06	7.96e-06	1.74e-03	3.83e-02	2.48e-01	3.81e-01	2.31e-01	8.12e-02	1.38e-02	3.26e-03	1.66e-03	6.53e-05	8.68e-07
 3.07782e+22	1.03e-26	6.71e-13	2.13e-10	1.28e-08	1.75e-07	1.23e-06	9.02e-06	1.91e-03	4.06e-02	2.57e-01	3.83e-01	2.24e-01	7.66e-02	1.27e-02	2.94e-03	1.46e-03	5.52e-05	7.08e-07
 3.09799e+22	1.48e-26	9.46e-13	2.90e-10	1.68e-08	2.22e-07	1.50e-06	1.06e-05	2.14e-03	4.39e-02	2.68e-01	3.85e-01	2.15e-01	7.08e-02	1.13e-02	2.56e-03	1.22e-03	4.42e-05	5.40e-07
 3.11829e+22	1.94e-26	1.23e-12	3.67e-10	2.07e-08	2.67e-07	1.75e-06	1.20e-05	2.34e-03	4.66e-02	2.77e-01	3.86e-01	2.08e-01	6.66e-02	1.03e-02	2.30e-03	1.07e-03	3.72e-05	4.39e-07
 3.13876e+22	2.76e-26	1.72e-12	5.01e-10	2.72e-08	3.39e-07	2.14e-06	1.42e-05	2.62e-03	5.03e-02	2.89e-01	3.87e-01	1.98e-01	6.12e-02	9.14e-03	1.99e-03	8.91e-04	2.95e-05	3.32e-07
 3.15963e+22	3.65e-26	2.26e-12	6.41e-10	3.37e-08	4.10e-07	2.52e-06	1.62e-05	2.88e-03	5.35e-02	2.98e-01	3.87e-01	1.91e-01	5.71e-02	8.27e-03	1.77e-03	7.69e-04	2.45e-05	2.64e-07
 3.18101e+22	5.22e-26	3.22e-12	8.82e-10	4.47e-08	5.26e-07	3.11e-06	1.93e-05	3.25e-03	5.79e-02	3.10e-01	3.86e-01	1.81e-01	5.19e-02	7.23e-03	1.51e-03	6.31e-04	1.91e-05	1.95e-07
 3.20281e+22	6.90e-26	4.25e-12	1.14e-09	5.59e-08	6.42e-07	3.69e-06	2.22e-05	3.59e-03	6.17e-02	3.20e-01	3.85e-01	1.73e-01	4.81e-02	6.48e-03	1.33e-03	5.37e-04	1.56e-05	1.53e-07
 3.22515e+22	9.84e-26	6.08e-12	1.57e-09	7.46e-08	8.31e-07	4.61e-06	2.68e-05	4.08e-03	6.70e-02	3.34e-01	3.83e-01	1.62e-01	4.33e-02	5.60e-03	1.12e-03	4.33e-04	1.19e-05	0.00e+00
 3.24771e+22	1.29e-25	8.02e-12	2.03e-09	9.34e-08	1.02e-06	5.48e-06	3.09e-05	4.51e-03	7.14e-02	3.44e-01	3.80e-01	1.54e-01	3.97e-02	4.97e-03	9.82e-04	3.65e-04	9.58e-06	0.00e+00
 3.26679e+22	1.64e-25	1.03e-11	2.55e-09	1.15e-07	1.22e-06	6.43e-06	3.54e-05	4.94e-03	7.57e-02	3.53e-01	3.77e-01	1.46e-01	3.66e-02	4.45e-03	8.64e-04	3.11e-04	7.83e-06	0.00e+00
 3.28758e+22	2.21e-25	1.41e-11	3.40e-09	1.49e-07	1.55e-06	7.88e-06	4.21e-05	5.57e-03	8.16e-02	3.65e-01	3.73e-01	1.37e-01	3.29e-02	3.84e-03	7.33e-04	2.53e-04	6.03e-06	0.00e+00
 3.30842e+22	2.78e-25	1.80e-11	4.25e-09	1.82e-07	1.86e-06	9.26e-06	4.83e-05	6.11e-03	8.64e-02	3.75e-01	3.69e-01	1.30e-01	3.02e-02	3.42e-03	6.42e-04	2.14e-04	4.89e-06	0.00e+00
 3.32879e+22	3.61e-25	2.39e-11	5.54e-09	2.32e-07	2.33e-06	1.12e-05	5.70e-05	6.85e-03	9.27e-02	3.86e-01	3.63e-01	1.21e-01	2.71e-02	2.95e-03	5.45e-04	1.74e-04	3.78e-06	0.00e+00
 3.34956e+22	4.48e-25	3.04e-11	6.92e-09	2.84e-07	2.81e-06	1.33e-05	6.58e-05	7.56e-03	9.84e-02	3.96e-01	3.57e-01	1.13e-01	2.46e-02	2.60e-03	4.72e-04	1.45e-04	3.02e-06	0.00e+00
 3.36994e+22	5.60e-25	3.95e-11	8.84e-09	3.56e-07	3.48e-06	1.60e-05	7.74e-05	8.44e-03	1.05e-01	4.06e-01	3.50e-01	1.05e-01	2.21e-02	2.25e-03	4.01e-04	1.18e-04	2.34e-06	0.00e+00
 3.39074e+22	6.82e-25	5.00e-11	1.10e-08	4.38e-07	4.22e-06	1.90e-05	9.00e-05	9.35e-03	1.12e-01	4.15e-01	3.43e-01	9.83e-02	1.99e-02	1.95e-03	3.44e-04	9.77e-05	1.84e-06	0.00e+00
 3.41123e+22	8.29e-25	6.33e-11	1.38e-08	5.41e-07	5.15e-06	2.27e-05	1.05e-04	1.04e-02	1.19e-01	4.25e-01	3.35e-01	9.11e-02	1.78e-02	1.69e-03	2.92e-04	7.96e-05	1.43e-06	0.00e+00
 3.43189e+22	9.93e-25	7.90e-11	1.71e-08	6.62e-07	6.24e-06	2.70e-05	1.23e-04	1.15e-02	1.27e-01	4.33e-01	3.26e-01	8.44e-02	1.59e-02	1.46e-03	2.49e-04	6.52e-05	1.11e-06	0.00e+00
 3.45229e+22	1.18e-24	9.76e-11	2.10e-08	8.07e-07	7.54e-06	3.20e-05	1.43e-04	1.28e-02	1.34e-01	4.41e-01	3.18e-01	7.81e-02	1.42e-02	1.26e-03	2.12e-04	5.32e-05	8.67e-07	0.00e+00
 3.47265e+22	1.38e-24	1.20e-10	2.56e-08	9.77e-07	9.08e-06	3.79e-05	1.66e-04	1.41e-02	1.42e-01	4.49e-01	3.09e-01	7.21e-02	1.27e-02	1.09e-03	1.80e-04	4.34e-05	6.75e-07	0.00e+00
 3.49303e+22	1.61e-24	1.45e-10	3.11e-08	1.18e-06	1.09e-05	4.47e-05	1.93e-04	1.56e-02	1.51e-01	4.56e-01	2.99e-01	6.64e-02	1.13e-02	9.34e-04	1.52e-04	3.54e-05	5.23e-07	0.00e+00
 3.51348e+22	1.86e-24	1.75e-10	3.75e-08	1.42e-06	1.31e-05	5.27e-05	2.24e-04	1.73e-02	1.59e-01	4.62e-01	2.89e-01	6.10e-02	1.00e-02	8.02e-04	1.29e-04	2.88e-05	4.06e-07	0.00e+00
 3.53402e+22	2.14e-24	2.09e-10	4.51e-08	1.70e-06	1.56e-05	6.21e-05	2.61e-04	1.91e-02	1.68e-01	4.67e-01	2.79e-01	5.59e-02	8.89e-03	6.88e-04	1.09e-04	2.34e-05	3.14e-07	0.00e+00
 3.55474e+22	2.45e-24	2.49e-10	5.39e-08	2.04e-06	1.86e-05	7.30e-05	3.03e-04	2.11e-02	1.78e-01	4.72e-01	2.69e-01	5.12e-02	7.87e-03	5.89e-04	9.20e-05	1.89e-05	2.42e-07	0.00e+00
 3.57567e+22	2.81e-24	2.94e-10	6.43e-08	2.43e-06	2.22e-05	8.58e-05	3.52e-04	2.33e-02	1.87e-01	4.76e-01	2.58e-01	4.67e-02	6.95e-03	5.03e-04	7.74e-05	1.53e-05	1.87e-07	0.00e+00
 3.59671e+22	3.21e-24	3.45e-10	7.64e-08	2.89e-06	2.64e-05	1.00e-04	4.08e-04	2.57e-02	1.97e-01	4.80e-01	2.48e-01	4.26e-02	6.13e-03	4.30e-04	6.52e-05	1.24e-05	1.44e-07	0.00e+00
 3.61808e+22	3.68e-24	4.04e-10	9.07e-08	3.44e-06	3.14e-05	1.18e-04	4.74e-04	2.83e-02	2.08e-01	4.82e-01	2.37e-01	3.87e-02	5.39e-03	3.65e-04	5.45e-05	9.93e-06	0.00e+00	0.00e+00
 3.63968e+22	1.17e-23	4.69e-10	1.07e-07	4.08e-06	3.72e-05	1.38e-04	5.49e-04	3.12e-02	2.18e-01	4.83e-01	2.26e-01	3.52e-02	4.74e-03	3.11e-04	4.57e-05	8.00e-06	0.00e+00	0.00e+00
 3.66170e+22	1.35e-23	5.46e-10	1.27e-07	4.85e-06	4.43e-05	1.62e-04	6.39e-04	3.44e-02	2.29e-01	4.84e-01	2.15e-01	3.18e-02	4.14e-03	2.62e-04	3.80e-05	6.38e-06	0.00e+00	0.00e+00
 3.68410e+22	1.57e-23	6.31e-10	1.50e-07	5.73e-06	5.23e-05	1.89e-04	7.40e-04	3.78e-02	2.40e-01	4.84e-01	2.04e-01	2.87e-02	3.63e-03	2.22e-04	3.17e-05	5.11e-06	0.00e+00	0.00e+00
 3.70462e+22	1.78e-23	7.10e-10	1.72e-07	6.59e-06	6.02e-05	2.15e-04	8.37e-04	4.10e-02	2.50e-01	4.83e-01	1.96e-01	2.63e-02	3.24e-03	1.93e-04	2.72e-05	4.24e-06	0.00e+00	0.00e+00
 3.72606e+22	2.09e-23	8.21e-10	2.04e-07	7.85e-06	7.17e-05	2.53e-04	9.78e-04	4.53e-02	2.62e-01	4.80e-01	1.84e-01	2.35e-02	2.81e-03	1.61e-04	2.23e-05	3.33e-06	0.00e+00	0.00e+00
 3.74784e+22	2.41e-23	9.25e-10	2.35e-07	9.04e-06	8.25e-05	2.88e-04	1.10e-03	4.89e-02	2.72e-01	4.78e-01	1.76e-01	2.15e-02	2.50e-03	1.40e-04	1.91e-05	2.75e-06	0.00e+00	0.00e+00
 3.77025e+22	2.90e-23	1.07e-09	2.81e-07	1.08e-05	9.86e-05	3.39e-04	1.29e-03	5.40e-02	2.84e-01	4.74e-01	1.65e-01	1.91e-02	2.15e-03	1.16e-04	1.56e-05	2.15e-06	0.00e+00	0.00e+00
 3.79271e+22	3.36e-23	1.20e-09	3.22e-07	1.24e-05	1.13e-04	3.84e-04	1.45e-03	5.83e-02	2.94e-01	4.70e-01	1.57e-01	1.74e-02	1.91e-03	1.00e-04	1.33e-05	1.77e-06	0.00e+00	0.00e+00
 3.81523e+22	4.07e-23	1.39e-09	3.83e-07	1.48e-05	1.34e-04	4.50e-04	1.70e-03	6.42e-02	3.07e-01	4.64e-01	1.46e-01	1.54e-02	1.64e-03	8.32e-05	1.08e-05	1.38e-06	0.00e+00	0.00e+00
 3.83783e+22	4.78e-23	1.56e-09	4.40e-07	1.69e-05	1.53e-04	5.08e-04	1.90e-03	6.89e-02	3.16e-01	4.58e-01	1.39e-01	1.41e-02	1.46e-03	7.22e-05	9.25e-06	1.14e-06	0.00e+00	0.00e+00
 3.86054e+22	5.88e-23	1.79e-09	5.24e-07	2.01e-05	1.82e-04	5.93e-04	2.21e-03	7.55e-02	3.28e-01	4.51e-01	1.29e-01	1.24e-02	1.26e-03	5.98e-05	7.53e-06	8.92e-07	0.00e+00	0.00e+00
 3.88349e+22	6.97e-23	2.02e-09	6.03e-07	2.30e-05	2.07e-04	6.68e-04	2.47e-03	8.10e-02	3.37e-01	4.44e-01	1.22e-01	1.13e-02	1.11e-03	5.17e-05	6.42e-06	7.36e-07	0.00e+00	0.00e+00
 3.90675e+22	8.67e-23	2.33e-09	7.21e-07	2.74e-05	2.45e-04	7.78e-04	2.86e-03	8.86e-02	3.49e-01	4.35e-01	1.13e-01	9.92e-03	9.53e-04	4.26e-05	5.21e-06	5.71e-07	0.00e+00	0.00e+00
 3.93032e+22	1.04e-22	2.64e-09	8.33e-07	3.15e-05	2.80e-04	8.75e-04	3.20e-03	9.48e-02	3.58e-01	4.27e-01	1.06e-01	8.98e-03	8.43e-04	3.67e-05	4.42e-06	4.69e-07	0.00e+00	0.00e+00
 3.95428e+22	1.32e-22	3.07e-09	1.00e-06	3.76e-05	3.31e-04	1.02e-03	3.69e-03	1.03e-01	3.69e-01	4.16e-01	9.76e-02	7.86e-03	7.17e-04	3.02e-05	3.57e-06	3.62e-07	0.00e+00	0.00e+00
 3.97869e+22	1.61e-22	3.49e-09	1.17e-06	4.33e-05	3.79e-04	1.15e-03	4.13e-03	1.11e-01	3.77e-01	4.07e-01	9.13e-02	7.07e-03	6.31e-04	2.58e-05	3.01e-06	2.96e-07	0.00e+00	0.00e+00
 4.00367e+22	2.07e-22	4.11e-09	1.42e-06	5.20e-05	4.50e-04	1.34e-03	4.77e-03	1.20e-01	3.88e-01	3.95e-01	8.35e-02	6.15e-03	5.34e-04	2.11e-05	2.41e-06	2.26e-07	0.00e+00	0.00e+00
 4.02921e+22	2.57e-22	4.72e-09	1.66e-06	6.04e-05	5.16e-04	1.51e-03	5.34e-03	1.29e-01	3.95e-01	3.85e-01	7.77e-02	5.50e-03	4.67e-04	1.79e-05	2.02e-06	1.83e-07	0.00e+00	0.00e+00
 4.05550e+22	3.40e-22	5.63e-09	2.04e-06	7.31e-05	6.16e-04	1.76e-03	6.17e-03	1.40e-01	4.05e-01	3.71e-01	7.05e-02	4.74e-03	3.91e-04	1.44e-05	1.60e-06	1.38e-07	0.00e+00	0.00e+00
 4.08228e+22	4.30e-22	6.57e-09	2.42e-06	8.54e-05	7.08e-04	1.98e-03	6.89e-03	1.49e-01	4.12e-01	3.60e-01	6.52e-02	4.22e-03	3.40e-04	1.22e-05	1.33e-06	0.00e+00	0.00e+00	0.00e+00
 4.10492e+22	5.30e-22	7.50e-09	2.81e-06	9.80e-05	8.02e-04	2.21e-03	7.61e-03	1.58e-01	4.17e-01	3.50e-01	6.07e-02	3.78e-03	2.99e-04	1.05e-05	1.12e-06	0.00e+00	0.00e+00	0.00e+00
 4.12957e+22	6.97e-22	8.93e-09	3.42e-06	1.17e-04	9.42e-04	2.54e-03	8.64e-03	1.69e-01	4.24e-01	3.36e-01	5.51e-02	3.29e-03	2.54e-04	8.57e-06	9.04e-07	0.00e+00	0.00e+00	0.00e+00
 4.15344e+22	8.53e-22	1.02e-08	3.94e-06	1.33e-04	1.05e-03	2.79e-03	9.42e-03	1.78e-01	4.28e-01	3.26e-01	5.15e-02	2.98e-03	2.26e-04	7.44e-06	7.75e-07	0.00e+00	0.00e+00	0.00e+00
 4.17629e+22	1.10e-21	1.20e-08	4.72e-06	1.57e-04	1.22e-03	3.16e-03	1.06e-02	1.89e-01	4.33e-01	3.13e-01	4.70e-02	2.60e-03	1.93e-04	6.16e-06	6.32e-07	0.00e+00	0.00e+00	0.00e+00
 4.19939e+22	1.37e-21	1.38e-08	5.48e-06	1.79e-04	1.37e-03	3.48e-03	1.15e-02	1.98e-01	4.36e-01	3.04e-01	4.38e-02	2.36e-03	1.71e-04	5.35e-06	5.41e-07	0.00e+00	0.00e+00	0.00e+00
 4.22278e+22	1.79e-21	1.65e-08	6.61e-06	2.12e-04	1.58e-03	3.94e-03	1.28e-02	2.10e-01	4.39e-01	2.90e-01	3.97e-02	2.05e-03	1.46e-04	4.42e-06	4.40e-07	0.00e+00	0.00e+00	0.00e+00
 4.24652e+22	2.25e-21	1.91e-08	7.70e-06	2.43e-04	1.78e-03	4.33e-03	1.40e-02	2.20e-01	4.41e-01	2.80e-01	3.69e-02	1.85e-03	1.29e-04	3.81e-06	3.75e-07	0.00e+00	0.00e+00	0.00e+00
 4.27071e+22	2.99e-21	2.31e-08	9.36e-06	2.88e-04	2.06e-03	4.90e-03	1.56e-02	2.33e-01	4.42e-01	2.67e-01	3.33e-02	1.60e-03	1.09e-04	3.12e-06	3.02e-07	0.00e+00	0.00e+00	0.00e+00
 4.29525e+22	3.80e-21	2.71e-08	1.10e-05	3.32e-04	2.32e-03	5.40e-03	1.69e-02	2.43e-01	4.43e-01	2.57e-01	3.08e-02	1.44e-03	9.63e-05	2.68e-06	2.56e-07	0.00e+00	0.00e+00	0.00e+00
 4.32024e+22	5.14e-21	3.30e-08	1.34e-05	3.96e-04	2.70e-03	6.11e-03	1.89e-02	2.57e-01	4.43e-01	2.43e-01	2.76e-02	1.24e-03	8.10e-05	2.18e-06	2.05e-07	0.00e+00	0.00e+00	0.00e+00
 4.34564e+22	6.62e-21	3.92e-08	1.59e-05	4.58e-04	3.04e-03	6.73e-03	2.04e-02	2.67e-01	4.42e-01	2.33e-01	2.54e-02	1.11e-03	7.10e-05	1.87e-06	1.73e-07	0.00e+00	0.00e+00	0.00e+00
 4.37158e+22	9.12e-21	4.84e-08	1.96e-05	5.50e-04	3.54e-03	7.63e-03	2.28e-02	2.81e-01	4.41e-01	2.20e-01	2.26e-02	9.46e-04	5.93e-05	1.51e-06	1.37e-07	0.00e+00	0.00e+00	0.00e+00
 4.39811e+22	1.20e-20	5.82e-08	2.33e-05	6.39e-04	4.01e-03	8.41e-03	2.47e-02	2.92e-01	4.39e-01	2.10e-01	2.07e-02	8.39e-04	5.15e-05	1.28e-06	0.00e+00	0.00e+00	0.00e+00	0.00e+00
 4.42539e+22	1.68e-20	7.32e-08	2.90e-05	7.75e-04	4.69e-03	9.56e-03	2.75e-02	3.08e-01	4.35e-01	1.96e-01	1.82e-02	7.11e-04	4.26e-05	1.02e-06	0.00e+00	0.00e+00	0.00e+00	0.00e+00
 4.45338e+22	2.25e-20	8.90e-08	3.49e-05	9.08e-04	5.33e-03	1.06e-02	2.98e-02	3.19e-01	4.31e-01	1.86e-01	1.65e-02	6.24e-04	3.66e-05	8.51e-07	0.00e+00	0.00e+00	0.00e+00	0.00e+00
 4.48229e+22	3.26e-20	1.14e-07	4.41e-05	1.11e-03	6.28e-03	1.20e-02	3.31e-02	3.35e-01	4.25e-01	1.73e-01	1.44e-02	5.24e-04	2.99e-05	6.72e-07	0.00e+00	0.00e+00	0.00e+00	0.00e+00
 4.51151e+22	4.42e-20	1.41e-07	5.33e-05	1.30e-03	7.13e-03	1.33e-02	3.58e-02	3.46e-01	4.20e-01	1.63e-01	1.30e-02	4.59e-04	2.56e-05	5.60e-07	0.00e+00	0.00e+00	0.00e+00	0.00e+00
 4.54113e+22	6.49e-20	1.82e-07	6.76e-05	1.60e-03	8.40e-03	1.51e-02	3.97e-02	3.61e-01	4.12e-01	1.50e-01	1.13e-02	3.82e-04	2.08e-05	4.37e-07	0.00e+00	0.00e+00	0.00e+00	0.00e+00
 4.57105e+22	8.86e-20	2.25e-07	8.19e-05	1.88e-03	9.53e-03	1.66e-02	4.27e-02	3.72e-01	4.05e-01	1.41e-01	1.02e-02	3.34e-04	1.77e-05	3.63e-07	0.00e+00	0.00e+00	0.00e+00	0.00e+00
 4.60135e+22	1.32e-19	2.95e-07	1.04e-04	2.31e-03	1.12e-02	1.89e-02	4.72e-02	3.87e-01	3.95e-01	1.29e-01	8.74e-03	2.76e-04	1.43e-05	2.82e-07	0.00e+00	0.00e+00	0.00e+00	0.00e+00
 4.63215e+22	1.83e-19	3.69e-07	1.27e-04	2.73e-03	1.27e-02	2.08e-02	5.07e-02	3.97e-01	3.86e-01	1.21e-01	7.81e-03	2.40e-04	1.21e-05	2.32e-07	0.00e+00	0.00e+00	0.00e+00	0.00e+00
 4.66362e+22	2.78e-19	4.88e-07	1.63e-04	3.37e-03	1.50e-02	2.36e-02	5.58e-02	4.11e-01	3.74e-01	1.10e-01	6.65e-03	1.97e-04	9.62e-06	1.78e-07	0.00e+00	0.00e+00	0.00e+00	0.00e+00
 4.69467e+22	3.83e-19	6.06e-07	1.96e-04	3.94e-03	1.69e-02	2.58e-02	5.95e-02	4.20e-01	3.65e-01	1.03e-01	5.94e-03	1.71e-04	8.17e-06	1.47e-07	0.00e+00	0.00e+00	0.00e+00	0.00e+00
 4.72517e+22	5.78e-19	7.97e-07	2.49e-04	4.82e-03	1.97e-02	2.89e-02	6.48e-02	4.31e-01	3.52e-01	9.31e-02	5.07e-03	1.41e-04	6.54e-06	1.14e-07	0.00e+00	0.00e+00	0.00e+00	0.00e+00
 4.75391e+22	7.70e-19	9.65e-07	2.94e-04	5.53e-03	2.19e-02	3.12e-02	6.86e-02	4.38e-01	3.43e-01	8.70e-02	4.55e-03	1.23e-04	5.62e-06	0.00e+00	0.00e+00	0.00e+00	0.00e+00	0.00e+00
 4.78035e+22	1.09e-18	1.21e-06	3.58e-04	6.51e-03	2.48e-02	3.42e-02	7.31e-02	4.45e-01	3.31e-01	8.01e-02	4.00e-03	1.05e-04	4.68e-06	0.00e+00	0.00e+00	0.00e+00	0.00e+00	0.00e+00
 4.80833e+22	1.50e-18	1.50e-06	4.29e-04	7.55e-03	2.77e-02	3.71e-02	7.74e-02	4.52e-01	3.21e-01	7.41e-02	3.54e-03	9.09e-05	3.94e-06	0.00e+00	0.00e+00	0.00e+00	0.00e+00	0.00e+00
 4.83398e+22	2.03e-18	1.83e-06	5.08e-04	8.69e-03	3.07e-02	4.00e-02	8.15e-02	4.57e-01	3.10e-01	6.86e-02	3.14e-03	7.89e-05	3.35e-06	0.00e+00	0.00e+00	0.00e+00	0.00e+00	0.00e+00
 4.86299e+22	2.98e-18	2.36e-06	6.29e-04	1.04e-02	3.50e-02	4.39e-02	8.68e-02	4.62e-01	2.97e-01	6.22e-02	2.71e-03	6.60e-05	2.72e-06	0.00e+00	0.00e+00	0.00e+00	0.00e+00	0.00e+00
 4.89302e+22	4.24e-18	2.95e-06	7.58e-04	1.21e-02	3.92e-02	4.76e-02	9.18e-02	4.65e-01	2.84e-01	5.68e-02	2.35e-03	5.59e-05	2.25e-06	0.00e+00	0.00e+00	0.00e+00	0.00e+00	0.00e+00
 4.91970e+22	5.84e-18	3.62e-06	8.99e-04	1.39e-02	4.34e-02	5.11e-02	9.61e-02	4.68e-01	2.73e-01	5.22e-02	2.07e-03	4.81e-05	1.89e-06	0.00e+00	0.00e+00	0.00e+00	0.00e+00	0.00e+00
 4.94971e+22	8.73e-18	4.68e-06	1.11e-03	1.65e-02	4.92e-02	5.58e-02	1.02e-01	4.69e-01	2.58e-01	4.68e-02	1.76e-03	3.98e-05	1.52e-06	0.00e+00	0.00e+00	0.00e+00	0.00e+00	0.00e+00
 4.98097e+22	1.27e-17	5.87e-06	1.34e-03	1.92e-02	5.49e-02	6.02e-02	1.07e-01	4.69e-01	2.45e-01	4.22e-02	1.52e-03	3.34e-05	1.24e-06	0.00e+00	0.00e+00	0.00e+00	0.00e+00	0.00e+00
 5.00908e+22	1.78e-17	7.25e-06	1.60e-03	2.21e-02	6.06e-02	6.44e-02	1.11e-01	4.68e-01	2.33e-01	3.83e-02	1.32e-03	2.84e-05	1.03e-06	0.00e+00	0.00e+00	0.00e+00	0.00e+00	0.00e+00
 5.04088e+22	2.76e-17	9.45e-06	1.98e-03	2.63e-02	6.84e-02	6.98e-02	1.17e-01	4.64e-01	2.18e-01	3.38e-02	1.10e-03	2.30e-05	8.08e-07	0.00e+00	0.00e+00	0.00e+00	0.00e+00	0.00e+00
 5.07371e+22	4.13e-17	1.19e-05	2.39e-03	3.05e-02	7.59e-02	7.49e-02	1.21e-01	4.60e-01	2.04e-01	3.01e-02	9.34e-04	1.90e-05	6.48e-07	0.00e+00	0.00e+00	0.00e+00	0.00e+00	0.00e+00
 5.10299e+22	5.97e-17	1.47e-05	2.84e-03	3.50e-02	8.34e-02	7.95e-02	1.26e-01	4.54e-01	1.92e-01	2.70e-02	8.01e-04	1.60e-05	5.29e-07	0.00e+00	0.00e+00	0.00e+00	0.00e+00	0.00e+00
 5.13615e+22	9.61e-17	1.92e-05	3.52e-03	4.14e-02	9.34e-02	8.55e-02	1.30e-01	4.45e-01	1.76e-01	2.34e-02	6.58e-04	1.27e-05	4.08e-07	0.00e+00	0.00e+00	0.00e+00	0.00e+00	0.00e+00
 5.17061e+22	1.52e-16	2.43e-05	4.24e-03	4.79e-02	1.03e-01	9.08e-02	1.34e-01	4.36e-01	1.63e-01	2.05e-02	5.48e-04	1.04e-05	3.22e-07	0.00e+00	0.00e+00	0.00e+00	0.00e+00	0.00e+00
 5.20164e+22	2.31e-16	3.02e-05	5.04e-03	5.47e-02	1.12e-01	9.58e-02	1.38e-01	4.25e-01	1.51e-01	1.80e-02	4.61e-04	8.51e-06	2.57e-07	0.00e+00	0.00e+00	0.00e+00	0.00e+00	0.00e+00
 5.23687e+22	4.12e-16	3.98e-05	6.25e-03	6.45e-02	1.25e-01	1.02e-01	1.41e-01	4.10e-01	1.36e-01	1.52e-02	3.67e-04	6.58e-06	1.91e-07	0.00e+00	0.00e+00	0.00e+00	0.00e+00	0.00e+00
 5.27296e+22	7.19e-16	4.99e-05	7.45e-03	7.38e-02	1.36e-01	1.07e-01	1.43e-01	3.95e-01	1.24e-01	1.31e-02	3.02e-04	5.28e-06	1.49e-07	0.00e+00	0.00e+00	0.00e+00	0.00e+00	0.00e+00
 5.30531e+22	1.20e-15	6.19e-05	8.81e-03	8.37e-02	1.47e-01	1.11e-01	1.45e-01	3.80e-01	1.12e-01	1.13e-02	2.48e-04	4.25e-06	0.00e+00	0.00e+00	0.00e+00	0.00e+00	0.00e+00	0.00e+00
 5.34250e+22	2.76e-15	8.16e-05	1.09e-02	9.78e-02	1.61e-01	1.17e-01	1.46e-01	3.59e-01	9.86e-02	9.30e-03	1.92e-04	3.18e-06	0.00e+00	0.00e+00	0.00e+00	0.00e+00	0.00e+00	0.00e+00
 5.37999e+22	7.06e-15	1.01e-04	1.28e-02	1.10e-01	1.73e-01	1.21e-01	1.46e-01	3.41e-01	8.82e-02	7.88e-03	1.55e-04	2.51e-06	0.00e+00	0.00e+00	0.00e+00	0.00e+00	0.00e+00	0.00e+00
 5.41787e+22	2.10e-14	1.32e-04	1.56e-02	1.27e-01	1.87e-01	1.25e-01	1.45e-01	3.17e-01	7.64e-02	6.38e-03	1.18e-04	1.86e-06	0.00e+00	0.00e+00	0.00e+00	0.00e+00	0.00e+00	0.00e+00
 5.45637e+22	1.93e-13	1.63e-04	1.83e-02	1.42e-01	1.99e-01	1.27e-01	1.44e-01	2.97e-01	6.73e-02	5.31e-03	9.37e-05	1.44e-06	0.00e+00	0.00e+00	0.00e+00	0.00e+00	0.00e+00	0.00e+00
 5.49568e+22	1.88e-12	2.12e-04	2.22e-02	1.62e-01	2.12e-01	1.30e-01	1.41e-01	2.71e-01	5.69e-02	4.19e-03	6.95e-05	1.04e-06	0.00e+00	0.00e+00	0.00e+00	0.00e+00	0.00e+00	0.00e+00
 5.53537e+22	1.80e-13	2.60e-04	2.57e-02	1.79e-01	2.22e-01	1.31e-01	1.38e-01	2.51e-01	4.94e-02	3.44e-03	5.44e-05	7.91e-07	0.00e+00	0.00e+00	0.00e+00	0.00e+00	0.00e+00	0.00e+00
 5.57556e+22	2.62e-14	3.35e-04	3.09e-02	2.02e-01	2.34e-01	1.31e-01	1.33e-01	2.25e-01	4.09e-02	2.65e-03	3.95e-05	5.56e-07	0.00e+00	0.00e+00	0.00e+00	0.00e+00	0.00e+00	0.00e+00
 5.61614e+22	1.55e-14	4.08e-04	3.54e-02	2.21e-01	2.42e-01	1.31e-01	1.28e-01	2.05e-01	3.50e-02	2.15e-03	3.05e-05	4.19e-07	0.00e+00	0.00e+00	0.00e+00	0.00e+00	0.00e+00	0.00e+00
 5.65721e+22	3.53e-14	5.21e-04	4.20e-02	2.45e-01	2.51e-01	1.29e-01	1.21e-01	1.81e-01	2.84e-02	1.62e-03	2.17e-05	2.89e-07	0.00e+00	0.00e+00	0.00e+00	0.00e+00	0.00e+00	0.00e+00
 5.69884e+22	1.45e-13	6.30e-04	4.78e-02	2.65e-01	2.56e-01	1.27e-01	1.15e-01	1.62e-01	2.39e-02	1.29e-03	1.64e-05	2.13e-07	0.00e+00	0.00e+00	0.00e+00	0.00e+00	0.00e+00	0.00e+00
 5.73484e+22	9.85e-13	7.51e-04	5.38e-02	2.84e-01	2.60e-01	1.25e-01	1.10e-01	1.46e-01	2.02e-02	1.03e-03	1.26e-05	1.59e-07	0.00e+00	0.00e+00	0.00e+00	0.00e+00	0.00e+00	0.00e+00
 5.77528e+22	1.60e-11	9.37e-04	6.23e-02	3.08e-01	2.63e-01	1.21e-01	1.02e-01	1.26e-01	1.61e-02	7.68e-04	8.85e-06	0.00e+00	0.00e+00	0.00e+00	0.00e+00	0.00e+00	0.00e+00	0.00e+00
 5.81481e+22	4.08e-10	1.10e-03	6.91e-02	3.25e-01	2.65e-01	1.17e-01	9.61e-02	1.13e-01	1.36e-02	6.16e-04	6.82e-06	0.00e+00	0.00e+00	0.00e+00	0.00e+00	0.00e+00	0.00e+00	0.00e+00
 5.84791e+22	5.88e-09	1.27e-03	7.61e-02	3.41e-01	2.65e-01	1.14e-01	9.05e-02	1.01e-01	1.15e-02	4.96e-04	5.28e-06	0.00e+00	0.00e+00	0.00e+00	0.00e+00	0.00e+00	0.00e+00	0.00e+00
 5.88570e+22	1.33e-08	1.55e-03	8.60e-02	3.62e-01	2.63e-01	1.08e-01	8.32e-02	8.69e-02	9.15e-03	3.70e-04	3.74e-06	0.00e+00	0.00e+00	0.00e+00	0.00e+00	0.00e+00	0.00e+00	0.00e+00
 5.92310e+22	1.90e-08	1.78e-03	9.39e-02	3.76e-01	2.61e-01	1.04e-01	7.79e-02	7.73e-02	7.70e-03	2.97e-04	2.89e-06	0.00e+00	0.00e+00	0.00e+00	0.00e+00	0.00e+00	0.00e+00	0.00e+00
 5.95999e+22	2.89e-08	2.11e-03	1.04e-01	3.93e-01	2.57e-01	9.89e-02	7.14e-02	6.65e-02	6.16e-03	2.24e-04	2.08e-06	0.00e+00	0.00e+00	0.00e+00	0.00e+00	0.00e+00	0.00e+00	0.00e+00
