#depth	O	O+	O+2	O+3	O+4	O+5	O+6	O+7	O+8	O[1]	O[2]	O[3]
 4.62852e+21	0.00e+00	3.46e-30	3.24e-24	2.48e-19	5.19e-15	4.91e-11	1.42e-06	2.47e-03	9.98e-01	0.00e+00	0.00e+00	0.00e+00
 1.05571e+22	0.00e+00	3.99e-29	2.67e-23	1.46e-18	2.19e-14	1.47e-10	2.92e-06	3.52e-03	9.96e-01	0.00e+00	0.00e+00	0.00e+00
 1.27474e+22	0.00e+00	2.10e-28	1.12e-22	4.88e-18	5.80e-14	3.11e-10	4.77e-06	4.49e-03	9.96e-01	0.00e+00	0.00e+00	0.00e+00
 1.43495e+22	0.00e+00	7.91e-28	3.50e-22	1.27e-17	1.27e-13	5.64e-10	7.07e-06	5.44e-03	9.95e-01	0.00e+00	0.00e+00	0.00e+00
 1.52397e+22	0.00e+00	1.10e-27	4.66e-22	1.62e-17	1.54e-13	6.55e-10	7.80e-06	5.72e-03	9.94e-01	0.00e+00	0.00e+00	0.00e+00
 1.55371e+22	0.00e+00	1.38e-27	5.64e-22	1.91e-17	1.76e-13	7.25e-10	8.34e-06	5.90e-03	9.94e-01	0.00e+00	0.00e+00	0.00e+00
 1.58119e+22	0.00e+00	1.82e-27	7.18e-22	2.34e-17	2.07e-13	8.24e-10	9.07e-06	6.15e-03	9.94e-01	0.00e+00	0.00e+00	0.00e+00
 1.60882e+22	2.01e-34	2.28e-27	8.72e-22	2.75e-17	2.37e-13	9.12e-10	9.70e-06	6.36e-03	9.94e-01	0.00e+00	0.00e+00	0.00e+00
 1.63297e+22	2.60e-34	2.86e-27	1.06e-21	3.24e-17	2.70e-13	1.01e-09	1.04e-05	6.57e-03	9.93e-01	0.00e+00	0.00e+00	0.00e+00
 1.66068e+22	3.58e-34	3.79e-27	1.35e-21	3.97e-17	3.18e-13	1.14e-09	1.13e-05	6.85e-03	9.93e-01	0.00e+00	0.00e+00	0.00e+00
 1.68892e+22	4.71e-34	4.81e-27	1.66e-21	4.72e-17	3.67e-13	1.28e-09	1.21e-05	7.09e-03	9.93e-01	0.00e+00	0.00e+00	0.00e+00
 1.71367e+22	6.17e-34	6.09e-27	2.03e-21	5.60e-17	4.21e-13	1.42e-09	1.30e-05	7.34e-03	9.93e-01	0.00e+00	0.00e+00	0.00e+00
 1.73800e+22	7.98e-34	7.64e-27	2.47e-21	6.59e-17	4.81e-13	1.57e-09	1.39e-05	7.59e-03	9.92e-01	0.00e+00	0.00e+00	0.00e+00
 1.76168e+22	1.02e-33	9.48e-27	2.97e-21	7.71e-17	5.46e-13	1.73e-09	1.48e-05	7.84e-03	9.92e-01	0.00e+00	0.00e+00	0.00e+00
 1.78817e+22	1.36e-33	1.22e-26	3.69e-21	9.27e-17	6.35e-13	1.94e-09	1.60e-05	8.14e-03	9.92e-01	0.00e+00	0.00e+00	0.00e+00
 1.81604e+22	1.82e-33	1.57e-26	4.59e-21	1.11e-16	7.36e-13	2.17e-09	1.72e-05	8.44e-03	9.92e-01	0.00e+00	0.00e+00	0.00e+00
 1.84031e+22	2.34e-33	1.96e-26	5.55e-21	1.31e-16	8.38e-13	2.40e-09	1.84e-05	8.72e-03	9.91e-01	0.00e+00	0.00e+00	0.00e+00
 1.86648e+22	3.15e-33	2.54e-26	6.94e-21	1.58e-16	9.77e-13	2.70e-09	1.99e-05	9.06e-03	9.91e-01	0.00e+00	0.00e+00	0.00e+00
 1.89439e+22	4.22e-33	3.28e-26	8.65e-21	1.90e-16	1.14e-12	3.02e-09	2.15e-05	9.41e-03	9.91e-01	0.00e+00	0.00e+00	0.00e+00
 1.91829e+22	5.38e-33	4.06e-26	1.04e-20	2.21e-16	1.29e-12	3.32e-09	2.29e-05	9.71e-03	9.90e-01	0.00e+00	0.00e+00	0.00e+00
 1.94309e+22	7.11e-33	5.18e-26	1.28e-20	2.64e-16	1.48e-12	3.71e-09	2.46e-05	1.01e-02	9.90e-01	0.00e+00	0.00e+00	0.00e+00
 1.96963e+22	9.35e-33	6.58e-26	1.57e-20	3.13e-16	1.71e-12	4.13e-09	2.64e-05	1.04e-02	9.90e-01	0.00e+00	0.00e+00	0.00e+00
 1.99380e+22	1.21e-32	8.22e-26	1.90e-20	3.68e-16	1.94e-12	4.56e-09	2.83e-05	1.08e-02	9.89e-01	0.00e+00	0.00e+00	0.00e+00
 2.02060e+22	1.64e-32	1.07e-25	2.39e-20	4.46e-16	2.27e-12	5.14e-09	3.06e-05	1.12e-02	9.89e-01	0.00e+00	0.00e+00	0.00e+00
 2.04874e+22	2.22e-32	1.40e-25	3.00e-20	5.39e-16	2.65e-12	5.77e-09	3.31e-05	1.17e-02	9.88e-01	0.00e+00	0.00e+00	0.00e+00
 2.07206e+22	2.80e-32	1.71e-25	3.57e-20	6.25e-16	2.99e-12	6.32e-09	3.52e-05	1.20e-02	9.88e-01	0.00e+00	0.00e+00	0.00e+00
 2.09583e+22	3.70e-32	2.19e-25	4.41e-20	7.45e-16	3.44e-12	7.04e-09	3.79e-05	1.25e-02	9.87e-01	0.00e+00	0.00e+00	0.00e+00
 2.12121e+22	4.81e-32	2.75e-25	5.36e-20	8.78e-16	3.93e-12	7.79e-09	4.05e-05	1.29e-02	9.87e-01	0.00e+00	0.00e+00	0.00e+00
 2.14492e+22	6.23e-32	3.44e-25	6.50e-20	1.03e-15	4.48e-12	8.59e-09	4.33e-05	1.33e-02	9.87e-01	0.00e+00	0.00e+00	0.00e+00
 2.17198e+22	8.52e-32	4.52e-25	8.21e-20	1.26e-15	5.25e-12	9.69e-09	4.70e-05	1.39e-02	9.86e-01	0.00e+00	0.00e+00	0.00e+00
 2.19993e+22	1.16e-31	5.91e-25	1.03e-19	1.52e-15	6.11e-12	1.09e-08	5.09e-05	1.45e-02	9.85e-01	0.00e+00	0.00e+00	0.00e+00
 2.22256e+22	1.47e-31	7.28e-25	1.23e-19	1.76e-15	6.89e-12	1.19e-08	5.41e-05	1.49e-02	9.85e-01	0.00e+00	0.00e+00	0.00e+00
 2.24550e+22	1.94e-31	9.26e-25	1.51e-19	2.09e-15	7.91e-12	1.32e-08	5.82e-05	1.55e-02	9.84e-01	0.00e+00	0.00e+00	0.00e+00
 2.27025e+22	2.54e-31	1.17e-24	1.85e-19	2.47e-15	9.04e-12	1.46e-08	6.23e-05	1.60e-02	9.84e-01	0.00e+00	0.00e+00	0.00e+00
 2.29339e+22	3.29e-31	1.46e-24	2.24e-19	2.90e-15	1.03e-11	1.60e-08	6.66e-05	1.65e-02	9.83e-01	0.00e+00	0.00e+00	0.00e+00
 2.31951e+22	4.53e-31	1.93e-24	2.84e-19	3.54e-15	1.20e-11	1.80e-08	7.23e-05	1.72e-02	9.83e-01	0.00e+00	0.00e+00	0.00e+00
 2.34634e+22	6.12e-31	2.51e-24	3.54e-19	4.25e-15	1.39e-11	2.01e-08	7.80e-05	1.79e-02	9.82e-01	0.00e+00	0.00e+00	0.00e+00
 2.36838e+22	7.92e-31	3.13e-24	4.28e-19	4.98e-15	1.58e-11	2.20e-08	8.32e-05	1.85e-02	9.81e-01	0.00e+00	0.00e+00	0.00e+00
 2.38816e+22	9.83e-31	3.78e-24	5.02e-19	5.69e-15	1.76e-11	2.39e-08	8.80e-05	1.90e-02	9.81e-01	0.00e+00	0.00e+00	0.00e+00
 2.41073e+22	1.33e-30	4.90e-24	6.25e-19	6.82e-15	2.03e-11	2.66e-08	9.48e-05	1.98e-02	9.80e-01	0.00e+00	0.00e+00	0.00e+00
 2.43454e+22	1.74e-30	6.20e-24	7.64e-19	8.06e-15	2.32e-11	2.92e-08	1.01e-04	2.05e-02	9.79e-01	0.00e+00	0.00e+00	0.00e+00
 2.45634e+22	2.27e-30	7.79e-24	9.27e-19	9.46e-15	2.63e-11	3.21e-08	1.08e-04	2.12e-02	9.79e-01	0.00e+00	0.00e+00	0.00e+00
 2.48104e+22	3.15e-30	1.03e-23	1.18e-18	1.16e-14	3.08e-11	3.60e-08	1.18e-04	2.21e-02	9.78e-01	0.00e+00	0.00e+00	0.00e+00
 2.50545e+22	4.20e-30	1.33e-23	1.45e-18	1.37e-14	3.53e-11	3.97e-08	1.26e-04	2.29e-02	9.77e-01	0.00e+00	0.00e+00	0.00e+00
 2.52514e+22	5.35e-30	1.64e-23	1.74e-18	1.59e-14	3.96e-11	4.33e-08	1.34e-04	2.36e-02	9.76e-01	0.00e+00	0.00e+00	0.00e+00
 2.54643e+22	7.19e-30	2.11e-23	2.16e-18	1.90e-14	4.56e-11	4.78e-08	1.44e-04	2.45e-02	9.75e-01	0.00e+00	0.00e+00	0.00e+00
 2.56907e+22	9.42e-30	2.67e-23	2.63e-18	2.24e-14	5.18e-11	5.25e-08	1.54e-04	2.53e-02	9.75e-01	0.00e+00	0.00e+00	0.00e+00
 2.59008e+22	1.24e-29	3.38e-23	3.21e-18	2.64e-14	5.90e-11	5.77e-08	1.65e-04	2.62e-02	9.74e-01	0.00e+00	0.00e+00	0.00e+00
 2.61073e+22	1.63e-29	4.28e-23	3.92e-18	3.12e-14	6.72e-11	6.33e-08	1.76e-04	2.71e-02	9.73e-01	0.00e+00	0.00e+00	0.00e+00
 2.63056e+22	2.11e-29	5.36e-23	4.74e-18	3.64e-14	7.59e-11	6.91e-08	1.88e-04	2.80e-02	9.72e-01	0.00e+00	0.00e+00	0.00e+00
 2.65260e+22	2.94e-29	7.11e-23	6.02e-18	4.44e-14	8.85e-11	7.71e-08	2.03e-04	2.92e-02	9.71e-01	0.00e+00	0.00e+00	0.00e+00
 2.67482e+22	3.83e-29	8.95e-23	7.31e-18	5.21e-14	1.00e-10	8.45e-08	2.17e-04	3.02e-02	9.70e-01	0.00e+00	0.00e+00	0.00e+00
 2.69423e+22	5.06e-29	1.14e-22	8.94e-18	6.15e-14	1.14e-10	9.25e-08	2.32e-04	3.12e-02	9.69e-01	0.00e+00	0.00e+00	0.00e+00
 2.71338e+22	6.56e-29	1.42e-22	1.08e-17	7.20e-14	1.29e-10	1.01e-07	2.47e-04	3.22e-02	9.68e-01	0.00e+00	0.00e+00	0.00e+00
 2.73522e+22	9.11e-29	1.89e-22	1.37e-17	8.77e-14	1.51e-10	1.13e-07	2.67e-04	3.35e-02	9.66e-01	0.00e+00	0.00e+00	0.00e+00
 2.75710e+22	1.22e-28	2.42e-22	1.69e-17	1.04e-13	1.72e-10	1.24e-07	2.86e-04	3.47e-02	9.65e-01	0.00e+00	0.00e+00	0.00e+00
 2.77548e+22	1.57e-28	3.01e-22	2.04e-17	1.21e-13	1.94e-10	1.35e-07	3.04e-04	3.58e-02	9.64e-01	0.00e+00	0.00e+00	0.00e+00
 2.79583e+22	2.17e-28	3.99e-22	2.58e-17	1.47e-13	2.26e-10	1.50e-07	3.28e-04	3.72e-02	9.62e-01	0.00e+00	0.00e+00	0.00e+00
 2.81669e+22	2.83e-28	5.02e-22	3.14e-17	1.73e-13	2.56e-10	1.64e-07	3.50e-04	3.84e-02	9.61e-01	0.00e+00	0.00e+00	0.00e+00
 2.83822e+22	4.02e-28	6.78e-22	4.05e-17	2.14e-13	3.01e-10	1.85e-07	3.80e-04	4.00e-02	9.60e-01	0.00e+00	0.00e+00	0.00e+00
 2.85981e+22	5.40e-28	8.75e-22	5.03e-17	2.55e-13	3.46e-10	2.04e-07	4.07e-04	4.15e-02	9.58e-01	0.00e+00	0.00e+00	0.00e+00
 2.87819e+22	7.12e-28	1.11e-21	6.14e-17	3.01e-13	3.93e-10	2.23e-07	4.34e-04	4.28e-02	9.57e-01	0.00e+00	0.00e+00	0.00e+00
 2.89877e+22	1.01e-27	1.50e-21	7.92e-17	3.72e-13	4.63e-10	2.50e-07	4.71e-04	4.46e-02	9.55e-01	0.00e+00	0.00e+00	0.00e+00
 2.91956e+22	1.32e-27	1.90e-21	9.67e-17	4.38e-13	5.26e-10	2.74e-07	5.02e-04	4.61e-02	9.53e-01	0.00e+00	0.00e+00	0.00e+00
 2.94064e+22	1.92e-27	2.62e-21	1.27e-16	5.48e-13	6.27e-10	3.10e-07	5.47e-04	4.81e-02	9.51e-01	0.00e+00	0.00e+00	0.00e+00
 2.96173e+22	2.55e-27	3.34e-21	1.56e-16	6.51e-13	7.17e-10	3.41e-07	5.84e-04	4.97e-02	9.50e-01	0.00e+00	0.00e+00	0.00e+00
 2.98285e+22	3.65e-27	4.55e-21	2.03e-16	8.08e-13	8.48e-10	3.84e-07	6.35e-04	5.18e-02	9.48e-01	0.00e+00	0.00e+00	0.00e+00
 3.00488e+22	5.10e-27	6.08e-21	2.59e-16	9.88e-13	9.92e-10	4.29e-07	6.85e-04	5.38e-02	9.46e-01	0.00e+00	0.00e+00	0.00e+00
 3.02333e+22	6.69e-27	7.68e-21	3.16e-16	1.16e-12	1.13e-09	4.70e-07	7.29e-04	5.54e-02	9.44e-01	0.00e+00	0.00e+00	0.00e+00
 3.04256e+22	9.44e-27	1.03e-20	4.07e-16	1.44e-12	1.32e-09	5.27e-07	7.89e-04	5.76e-02	9.42e-01	0.00e+00	0.00e+00	0.00e+00
 3.06236e+22	1.28e-26	1.35e-20	5.08e-16	1.72e-12	1.53e-09	5.83e-07	8.45e-04	5.96e-02	9.40e-01	0.00e+00	0.00e+00	0.00e+00
 3.07863e+22	1.64e-26	1.67e-20	6.11e-16	2.01e-12	1.72e-09	6.33e-07	8.94e-04	6.13e-02	9.38e-01	0.00e+00	0.00e+00	0.00e+00
 3.09549e+22	2.25e-26	2.19e-20	7.68e-16	2.43e-12	1.99e-09	7.03e-07	9.59e-04	6.34e-02	9.36e-01	0.00e+00	0.00e+00	0.00e+00
 3.11277e+22	2.91e-26	2.74e-20	9.30e-16	2.84e-12	2.25e-09	7.67e-07	1.02e-03	6.53e-02	9.34e-01	0.00e+00	0.00e+00	0.00e+00
 3.12717e+22	3.72e-26	3.39e-20	1.11e-15	3.29e-12	2.52e-09	8.30e-07	1.07e-03	6.70e-02	9.32e-01	0.00e+00	0.00e+00	0.00e+00
 3.14018e+22	4.69e-26	4.14e-20	1.32e-15	3.79e-12	2.82e-09	8.96e-07	1.13e-03	6.87e-02	9.30e-01	0.00e+00	0.00e+00	0.00e+00
 3.15236e+22	5.80e-26	4.97e-20	1.54e-15	4.31e-12	3.11e-09	9.61e-07	1.18e-03	7.02e-02	9.29e-01	0.00e+00	0.00e+00	0.00e+00
 3.16575e+22	7.56e-26	6.26e-20	1.87e-15	5.06e-12	3.52e-09	1.05e-06	1.25e-03	7.22e-02	9.27e-01	0.00e+00	0.00e+00	0.00e+00
 3.17947e+22	9.47e-26	7.61e-20	2.21e-15	5.81e-12	3.92e-09	1.13e-06	1.32e-03	7.40e-02	9.25e-01	0.00e+00	0.00e+00	0.00e+00
 3.19167e+22	1.19e-25	9.24e-20	2.61e-15	6.66e-12	4.35e-09	1.22e-06	1.38e-03	7.57e-02	9.23e-01	0.00e+00	0.00e+00	0.00e+00
 3.20320e+22	1.47e-25	1.11e-19	3.05e-15	7.58e-12	4.81e-09	1.31e-06	1.45e-03	7.74e-02	9.21e-01	0.00e+00	0.00e+00	0.00e+00
 3.21410e+22	1.79e-25	1.32e-19	3.53e-15	8.56e-12	5.29e-09	1.39e-06	1.51e-03	7.91e-02	9.19e-01	0.00e+00	0.00e+00	0.00e+00
 3.22651e+22	2.32e-25	1.65e-19	4.27e-15	1.00e-11	5.97e-09	1.52e-06	1.60e-03	8.12e-02	9.17e-01	0.00e+00	0.00e+00	0.00e+00
 3.23925e+22	2.92e-25	2.02e-19	5.06e-15	1.15e-11	6.64e-09	1.64e-06	1.68e-03	8.31e-02	9.15e-01	0.00e+00	0.00e+00	0.00e+00
 3.25039e+22	3.59e-25	2.41e-19	5.90e-15	1.31e-11	7.33e-09	1.75e-06	1.76e-03	8.49e-02	9.13e-01	0.00e+00	0.00e+00	0.00e+00
 3.26286e+22	4.76e-25	3.08e-19	7.26e-15	1.55e-11	8.36e-09	1.92e-06	1.86e-03	8.73e-02	9.11e-01	0.00e+00	0.00e+00	0.00e+00
 3.27477e+22	5.87e-25	3.70e-19	8.47e-15	1.76e-11	9.22e-09	2.06e-06	1.95e-03	8.92e-02	9.09e-01	0.00e+00	0.00e+00	0.00e+00
 3.28438e+22	7.18e-25	4.40e-19	9.82e-15	1.99e-11	1.01e-08	2.19e-06	2.03e-03	9.10e-02	9.07e-01	0.00e+00	0.00e+00	0.00e+00
 3.29533e+22	9.26e-25	5.49e-19	1.18e-14	2.32e-11	1.14e-08	2.38e-06	2.14e-03	9.33e-02	9.05e-01	0.00e+00	0.00e+00	0.00e+00
 3.30653e+22	1.14e-24	6.57e-19	1.38e-14	2.64e-11	1.26e-08	2.55e-06	2.24e-03	9.52e-02	9.03e-01	0.00e+00	0.00e+00	0.00e+00
 3.31805e+22	1.54e-24	8.51e-19	1.72e-14	3.16e-11	1.44e-08	2.81e-06	2.38e-03	9.80e-02	9.00e-01	0.00e+00	0.00e+00	0.00e+00
 3.32927e+22	1.88e-24	1.02e-18	2.00e-14	3.58e-11	1.59e-08	3.00e-06	2.48e-03	9.99e-02	8.98e-01	0.00e+00	0.00e+00	0.00e+00
 3.34010e+22	2.53e-24	1.31e-18	2.49e-14	4.28e-11	1.82e-08	3.29e-06	2.63e-03	1.03e-01	8.95e-01	0.00e+00	0.00e+00	0.00e+00
 3.35094e+22	3.12e-24	1.58e-18	2.90e-14	4.86e-11	2.01e-08	3.52e-06	2.75e-03	1.05e-01	8.92e-01	0.00e+00	0.00e+00	0.00e+00
 3.36178e+22	4.16e-24	2.02e-18	3.59e-14	5.79e-11	2.30e-08	3.86e-06	2.91e-03	1.08e-01	8.89e-01	0.00e+00	0.00e+00	0.00e+00
 3.37251e+22	5.22e-24	2.46e-18	4.24e-14	6.63e-11	2.55e-08	4.15e-06	3.04e-03	1.10e-01	8.87e-01	0.00e+00	0.00e+00	0.00e+00
 3.38308e+22	7.08e-24	3.20e-18	5.30e-14	7.98e-11	2.93e-08	4.57e-06	3.23e-03	1.13e-01	8.84e-01	0.00e+00	0.00e+00	0.00e+00
 3.39358e+22	8.78e-24	3.86e-18	6.22e-14	9.10e-11	3.24e-08	4.90e-06	3.38e-03	1.15e-01	8.81e-01	0.00e+00	0.00e+00	0.00e+00
 3.40397e+22	1.20e-23	5.08e-18	7.84e-14	1.10e-10	3.75e-08	5.40e-06	3.59e-03	1.19e-01	8.78e-01	0.00e+00	0.00e+00	0.00e+00
 3.41408e+22	1.48e-23	6.07e-18	9.13e-14	1.25e-10	4.12e-08	5.77e-06	3.74e-03	1.21e-01	8.75e-01	0.00e+00	0.00e+00	0.00e+00
 3.42382e+22	2.02e-23	7.95e-18	1.15e-13	1.50e-10	4.75e-08	6.36e-06	3.97e-03	1.24e-01	8.72e-01	0.00e+00	0.00e+00	0.00e+00
 3.43357e+22	2.50e-23	9.58e-18	1.34e-13	1.71e-10	5.25e-08	6.81e-06	4.14e-03	1.27e-01	8.69e-01	0.00e+00	0.00e+00	0.00e+00
 3.44332e+22	3.44e-23	1.27e-17	1.70e-13	2.08e-10	6.08e-08	7.52e-06	4.40e-03	1.30e-01	8.65e-01	0.00e+00	0.00e+00	0.00e+00
 3.45310e+22	4.33e-23	1.54e-17	2.02e-13	2.39e-10	6.75e-08	8.08e-06	4.60e-03	1.33e-01	8.62e-01	0.00e+00	0.00e+00	0.00e+00
 3.46292e+22	6.03e-23	2.06e-17	2.57e-13	2.92e-10	7.86e-08	8.95e-06	4.91e-03	1.37e-01	8.58e-01	0.00e+00	0.00e+00	0.00e+00
 3.47282e+22	7.68e-23	2.54e-17	3.07e-13	3.37e-10	8.78e-08	9.66e-06	5.14e-03	1.40e-01	8.55e-01	0.00e+00	0.00e+00	0.00e+00
 3.48284e+22	1.07e-22	3.37e-17	3.92e-13	4.11e-10	1.02e-07	1.07e-05	5.47e-03	1.44e-01	8.51e-01	0.00e+00	0.00e+00	0.00e+00
 3.49276e+22	1.37e-22	4.18e-17	4.70e-13	4.78e-10	1.14e-07	1.16e-05	5.74e-03	1.47e-01	8.47e-01	0.00e+00	0.00e+00	0.00e+00
 3.50256e+22	1.90e-22	5.58e-17	6.00e-13	5.83e-10	1.33e-07	1.28e-05	6.12e-03	1.51e-01	8.42e-01	0.00e+00	0.00e+00	0.00e+00
 3.51251e+22	2.48e-22	7.00e-17	7.27e-13	6.83e-10	1.50e-07	1.39e-05	6.43e-03	1.55e-01	8.39e-01	0.00e+00	0.00e+00	0.00e+00
 3.52264e+22	3.50e-22	9.46e-17	9.39e-13	8.42e-10	1.76e-07	1.55e-05	6.87e-03	1.59e-01	8.34e-01	0.00e+00	0.00e+00	0.00e+00
 3.53290e+22	4.60e-22	1.20e-16	1.15e-12	9.93e-10	1.99e-07	1.69e-05	7.24e-03	1.63e-01	8.29e-01	0.00e+00	0.00e+00	0.00e+00
 3.54333e+22	6.60e-22	1.64e-16	1.50e-12	1.23e-09	2.35e-07	1.89e-05	7.76e-03	1.68e-01	8.24e-01	0.00e+00	0.00e+00	0.00e+00
 3.55381e+22	8.68e-22	2.08e-16	1.83e-12	1.46e-09	2.66e-07	2.05e-05	8.18e-03	1.72e-01	8.20e-01	0.00e+00	0.00e+00	0.00e+00
 3.56284e+22	1.14e-21	2.63e-16	2.23e-12	1.71e-09	3.01e-07	2.24e-05	8.61e-03	1.76e-01	8.15e-01	0.00e+00	0.00e+00	0.00e+00
 3.57307e+22	1.62e-21	3.57e-16	2.90e-12	2.12e-09	3.54e-07	2.50e-05	9.22e-03	1.82e-01	8.09e-01	0.00e+00	0.00e+00	0.00e+00
 3.58328e+22	2.09e-21	4.45e-16	3.49e-12	2.47e-09	3.99e-07	2.71e-05	9.69e-03	1.86e-01	8.05e-01	0.00e+00	0.00e+00	0.00e+00
 3.59347e+22	2.96e-21	6.01e-16	4.51e-12	3.05e-09	4.67e-07	3.02e-05	1.04e-02	1.91e-01	7.99e-01	0.00e+00	0.00e+00	0.00e+00
 3.60376e+22	3.80e-21	7.48e-16	5.43e-12	3.55e-09	5.25e-07	3.27e-05	1.09e-02	1.95e-01	7.94e-01	0.00e+00	0.00e+00	0.00e+00
 3.61419e+22	5.37e-21	1.01e-15	6.99e-12	4.37e-09	6.16e-07	3.65e-05	1.16e-02	2.01e-01	7.87e-01	0.00e+00	0.00e+00	0.00e+00
 3.62480e+22	6.92e-21	1.26e-15	8.43e-12	5.10e-09	6.94e-07	3.96e-05	1.22e-02	2.05e-01	7.82e-01	0.00e+00	0.00e+00	0.00e+00
 3.63565e+22	9.67e-21	1.68e-15	1.08e-11	6.25e-09	8.11e-07	4.41e-05	1.31e-02	2.11e-01	7.76e-01	0.00e+00	0.00e+00	0.00e+00
 3.64687e+22	1.27e-20	2.13e-15	1.32e-11	7.37e-09	9.21e-07	4.81e-05	1.38e-02	2.16e-01	7.70e-01	0.00e+00	0.00e+00	0.00e+00
 3.65855e+22	1.79e-20	2.87e-15	1.70e-11	9.09e-09	1.08e-06	5.38e-05	1.48e-02	2.23e-01	7.63e-01	0.00e+00	0.00e+00	0.00e+00
 3.67050e+22	2.35e-20	3.63e-15	2.08e-11	1.07e-08	1.23e-06	5.88e-05	1.56e-02	2.28e-01	7.57e-01	0.00e+00	0.00e+00	0.00e+00
 3.68114e+22	3.05e-20	4.55e-15	2.52e-11	1.26e-08	1.39e-06	6.41e-05	1.65e-02	2.33e-01	7.51e-01	0.00e+00	0.00e+00	0.00e+00
 3.69328e+22	4.26e-20	6.08e-15	3.22e-11	1.54e-08	1.63e-06	7.15e-05	1.76e-02	2.40e-01	7.43e-01	0.00e+00	0.00e+00	0.00e+00
 3.70561e+22	5.51e-20	7.59e-15	3.89e-11	1.81e-08	1.84e-06	7.79e-05	1.86e-02	2.45e-01	7.37e-01	0.00e+00	0.00e+00	0.00e+00
 3.71815e+22	7.64e-20	1.01e-14	4.96e-11	2.21e-08	2.15e-06	8.68e-05	1.99e-02	2.52e-01	7.28e-01	0.00e+00	0.00e+00	0.00e+00
 3.73034e+22	9.58e-20	1.23e-14	5.87e-11	2.54e-08	2.40e-06	9.37e-05	2.08e-02	2.57e-01	7.23e-01	0.00e+00	0.00e+00	0.00e+00
 3.74206e+22	1.29e-19	1.59e-14	7.31e-11	3.05e-08	2.77e-06	1.04e-04	2.21e-02	2.63e-01	7.15e-01	0.00e+00	0.00e+00	0.00e+00
 3.75399e+22	1.61e-19	1.93e-14	8.62e-11	3.49e-08	3.09e-06	1.12e-04	2.32e-02	2.68e-01	7.09e-01	0.00e+00	0.00e+00	0.00e+00
 3.76622e+22	2.18e-19	2.50e-14	1.08e-10	4.21e-08	3.57e-06	1.24e-04	2.47e-02	2.75e-01	7.00e-01	0.00e+00	0.00e+00	0.00e+00
 3.77862e+22	2.70e-19	3.02e-14	1.27e-10	4.81e-08	3.97e-06	1.33e-04	2.58e-02	2.80e-01	6.94e-01	0.00e+00	0.00e+00	0.00e+00
 3.79124e+22	3.64e-19	3.91e-14	1.58e-10	5.78e-08	4.59e-06	1.47e-04	2.75e-02	2.87e-01	6.86e-01	0.00e+00	0.00e+00	0.00e+00
 3.80365e+22	4.44e-19	4.65e-14	1.83e-10	6.54e-08	5.06e-06	1.58e-04	2.87e-02	2.91e-01	6.80e-01	0.00e+00	0.00e+00	0.00e+00
 3.81577e+22	5.85e-19	5.90e-14	2.24e-10	7.76e-08	5.79e-06	1.74e-04	3.04e-02	2.98e-01	6.71e-01	0.00e+00	0.00e+00	0.00e+00
 3.82815e+22	7.15e-19	7.03e-14	2.61e-10	8.80e-08	6.39e-06	1.86e-04	3.17e-02	3.03e-01	6.65e-01	0.00e+00	0.00e+00	0.00e+00
 3.84084e+22	9.41e-19	8.92e-14	3.20e-10	1.04e-07	7.32e-06	2.05e-04	3.36e-02	3.10e-01	6.56e-01	0.00e+00	0.00e+00	0.00e+00
 3.85377e+22	1.16e-18	1.07e-13	3.73e-10	1.19e-07	8.10e-06	2.20e-04	3.51e-02	3.15e-01	6.50e-01	0.00e+00	0.00e+00	0.00e+00
 3.86701e+22	1.52e-18	1.36e-13	4.58e-10	1.41e-07	9.28e-06	2.43e-04	3.72e-02	3.22e-01	6.41e-01	0.00e+00	0.00e+00	0.00e+00
 3.88050e+22	1.87e-18	1.62e-13	5.34e-10	1.60e-07	1.03e-05	2.61e-04	3.89e-02	3.27e-01	6.34e-01	0.00e+00	0.00e+00	0.00e+00
 3.89428e+22	2.47e-18	2.06e-13	6.55e-10	1.90e-07	1.18e-05	2.87e-04	4.12e-02	3.34e-01	6.24e-01	0.00e+00	0.00e+00	0.00e+00
 3.90832e+22	3.03e-18	2.47e-13	7.65e-10	2.17e-07	1.31e-05	3.09e-04	4.31e-02	3.40e-01	6.17e-01	0.00e+00	0.00e+00	0.00e+00
 3.92270e+22	4.00e-18	3.14e-13	9.40e-10	2.58e-07	1.50e-05	3.41e-04	4.57e-02	3.47e-01	6.07e-01	0.00e+00	0.00e+00	0.00e+00
 3.93676e+22	4.80e-18	3.68e-13	1.08e-09	2.89e-07	1.64e-05	3.64e-04	4.75e-02	3.52e-01	6.01e-01	0.00e+00	0.00e+00	0.00e+00
 3.95039e+22	6.23e-18	4.61e-13	1.31e-09	3.41e-07	1.87e-05	3.99e-04	5.02e-02	3.58e-01	5.91e-01	0.00e+00	0.00e+00	0.00e+00
 3.96423e+22	7.48e-18	5.41e-13	1.50e-09	3.82e-07	2.05e-05	4.26e-04	5.21e-02	3.63e-01	5.84e-01	0.00e+00	0.00e+00	0.00e+00
 3.97836e+22	9.62e-18	6.74e-13	1.81e-09	4.47e-07	2.33e-05	4.65e-04	5.50e-02	3.70e-01	5.75e-01	0.00e+00	0.00e+00	0.00e+00
 3.99293e+22	1.18e-17	8.04e-13	2.11e-09	5.08e-07	2.58e-05	5.00e-04	5.74e-02	3.75e-01	5.67e-01	0.00e+00	0.00e+00	0.00e+00
 4.00808e+22	1.51e-17	1.00e-12	2.55e-09	5.95e-07	2.93e-05	5.47e-04	6.05e-02	3.82e-01	5.57e-01	0.00e+00	0.00e+00	0.00e+00
 4.02372e+22	1.87e-17	1.20e-12	2.99e-09	6.81e-07	3.26e-05	5.90e-04	6.33e-02	3.88e-01	5.49e-01	0.00e+00	0.00e+00	0.00e+00
 4.04000e+22	2.43e-17	1.51e-12	3.63e-09	8.02e-07	3.71e-05	6.48e-04	6.69e-02	3.94e-01	5.38e-01	2.43e-17	6.17e-28	6.56e-28
 4.05674e+22	3.03e-17	1.83e-12	4.28e-09	9.21e-07	4.15e-05	7.00e-04	7.00e-02	4.00e-01	5.29e-01	3.03e-17	5.74e-26	7.23e-26
 4.07406e+22	3.96e-17	2.31e-12	5.23e-09	1.09e-06	4.74e-05	7.70e-04	7.40e-02	4.07e-01	5.18e-01	3.96e-17	7.51e-26	9.46e-26
 4.09196e+22	4.97e-17	2.82e-12	6.20e-09	1.26e-06	5.32e-05	8.35e-04	7.76e-02	4.13e-01	5.09e-01	4.97e-17	9.43e-26	1.19e-25
 4.11060e+22	6.58e-17	3.60e-12	7.66e-09	1.50e-06	6.12e-05	9.22e-04	8.22e-02	4.20e-01	4.97e-01	6.58e-17	1.25e-25	1.57e-25
 4.12973e+22	8.33e-17	4.42e-12	9.13e-09	1.74e-06	6.89e-05	1.00e-03	8.63e-02	4.26e-01	4.87e-01	8.33e-17	1.58e-25	1.99e-25
 4.14690e+22	1.04e-16	5.36e-12	1.08e-08	2.00e-06	7.69e-05	1.08e-03	9.03e-02	4.31e-01	4.77e-01	1.04e-16	1.97e-25	2.48e-25
 4.16663e+22	1.40e-16	6.97e-12	1.35e-08	2.42e-06	8.95e-05	1.21e-03	9.60e-02	4.38e-01	4.64e-01	1.40e-16	2.67e-25	3.36e-25
 4.18647e+22	1.75e-16	8.44e-12	1.59e-08	2.77e-06	9.99e-05	1.30e-03	1.00e-01	4.43e-01	4.55e-01	1.75e-16	3.32e-25	4.18e-25
 4.20648e+22	2.35e-16	1.09e-11	1.98e-08	3.34e-06	1.16e-04	1.44e-03	1.06e-01	4.50e-01	4.42e-01	2.35e-16	4.46e-25	5.61e-25
 4.22691e+22	2.97e-16	1.34e-11	2.37e-08	3.87e-06	1.30e-04	1.57e-03	1.12e-01	4.55e-01	4.32e-01	2.97e-16	5.65e-25	7.11e-25
 4.24789e+22	4.02e-16	1.74e-11	2.97e-08	4.68e-06	1.52e-04	1.75e-03	1.18e-01	4.62e-01	4.18e-01	4.02e-16	7.64e-25	9.62e-25
 4.26920e+22	5.13e-16	2.15e-11	3.56e-08	5.45e-06	1.71e-04	1.90e-03	1.24e-01	4.66e-01	4.07e-01	5.13e-16	9.75e-25	1.23e-24
 4.29093e+22	7.03e-16	2.84e-11	4.51e-08	6.65e-06	2.01e-04	2.13e-03	1.32e-01	4.73e-01	3.93e-01	7.03e-16	1.34e-24	1.68e-24
 4.31147e+22	8.64e-16	3.39e-11	5.27e-08	7.58e-06	2.23e-04	2.29e-03	1.38e-01	4.76e-01	3.84e-01	8.64e-16	1.64e-24	2.07e-24
 4.33046e+22	1.14e-15	4.32e-11	6.48e-08	9.03e-06	2.57e-04	2.53e-03	1.45e-01	4.81e-01	3.71e-01	1.14e-15	2.17e-24	2.73e-24
 4.34961e+22	1.40e-15	5.17e-11	7.57e-08	1.03e-05	2.85e-04	2.71e-03	1.51e-01	4.84e-01	3.62e-01	1.40e-15	2.66e-24	3.35e-24
 4.36897e+22	1.85e-15	6.60e-11	9.35e-08	1.23e-05	3.29e-04	3.00e-03	1.59e-01	4.88e-01	3.49e-01	1.85e-15	3.53e-24	4.44e-24
 4.38851e+22	2.29e-15	7.95e-11	1.10e-07	1.41e-05	3.67e-04	3.24e-03	1.66e-01	4.91e-01	3.39e-01	2.29e-15	4.37e-24	5.49e-24
 4.40827e+22	3.04e-15	1.02e-10	1.36e-07	1.69e-05	4.26e-04	3.59e-03	1.75e-01	4.95e-01	3.26e-01	3.04e-15	5.80e-24	7.29e-24
 4.42831e+22	3.78e-15	1.23e-10	1.60e-07	1.94e-05	4.76e-04	3.88e-03	1.83e-01	4.97e-01	3.16e-01	3.78e-15	7.21e-24	9.06e-24
 4.44870e+22	5.04e-15	1.58e-10	1.99e-07	2.34e-05	5.55e-04	4.32e-03	1.93e-01	5.00e-01	3.02e-01	5.04e-15	9.62e-24	1.21e-23
 4.46937e+22	6.27e-15	1.91e-10	2.35e-07	2.69e-05	6.22e-04	4.68e-03	2.01e-01	5.02e-01	2.92e-01	6.27e-15	1.20e-23	1.51e-23
 4.49038e+22	8.38e-15	2.46e-10	2.93e-07	3.26e-05	7.27e-04	5.22e-03	2.13e-01	5.03e-01	2.78e-01	8.38e-15	1.60e-23	2.01e-23
 4.51183e+22	1.05e-14	3.01e-10	3.49e-07	3.79e-05	8.23e-04	5.69e-03	2.22e-01	5.04e-01	2.67e-01	1.05e-14	2.02e-23	2.53e-23
 4.53385e+22	1.41e-14	3.89e-10	4.38e-07	4.61e-05	9.67e-04	6.37e-03	2.35e-01	5.04e-01	2.53e-01	1.41e-14	2.71e-23	3.40e-23
 4.55634e+22	1.79e-14	4.77e-10	5.24e-07	5.38e-05	1.10e-03	6.97e-03	2.46e-01	5.04e-01	2.42e-01	1.79e-14	3.42e-23	4.29e-23
 4.57869e+22	2.36e-14	6.10e-10	6.51e-07	6.51e-05	1.29e-03	7.80e-03	2.60e-01	5.03e-01	2.28e-01	2.36e-14	4.53e-23	5.69e-23
 4.59993e+22	2.88e-14	7.26e-10	7.60e-07	7.45e-05	1.44e-03	8.44e-03	2.70e-01	5.02e-01	2.19e-01	2.88e-14	5.52e-23	6.93e-23
 4.62042e+22	3.71e-14	9.06e-10	9.27e-07	8.88e-05	1.68e-03	9.37e-03	2.83e-01	4.99e-01	2.06e-01	3.71e-14	7.11e-23	8.93e-23
 4.64131e+22	4.51e-14	1.08e-09	1.08e-06	1.02e-04	1.88e-03	1.02e-02	2.94e-01	4.97e-01	1.97e-01	4.51e-14	8.66e-23	1.09e-22
 4.66182e+22	5.68e-14	1.32e-09	1.30e-06	1.20e-04	2.17e-03	1.12e-02	3.08e-01	4.93e-01	1.85e-01	5.68e-14	1.09e-22	1.37e-22
 4.68276e+22	6.88e-14	1.57e-09	1.52e-06	1.38e-04	2.44e-03	1.22e-02	3.20e-01	4.89e-01	1.76e-01	6.88e-14	1.32e-22	1.66e-22
 4.70315e+22	8.44e-14	1.88e-09	1.80e-06	1.61e-04	2.78e-03	1.34e-02	3.34e-01	4.84e-01	1.65e-01	8.44e-14	1.62e-22	2.04e-22
 4.72398e+22	1.02e-13	2.22e-09	2.10e-06	1.85e-04	3.14e-03	1.47e-02	3.47e-01	4.79e-01	1.56e-01	1.02e-13	1.96e-22	2.46e-22
 4.74460e+22	1.22e-13	2.62e-09	2.45e-06	2.14e-04	3.56e-03	1.60e-02	3.60e-01	4.73e-01	1.47e-01	1.22e-13	2.36e-22	2.96e-22
 4.76533e+22	1.45e-13	3.06e-09	2.83e-06	2.45e-04	4.01e-03	1.75e-02	3.73e-01	4.67e-01	1.38e-01	1.45e-13	2.80e-22	3.52e-22
 4.78581e+22	1.71e-13	3.55e-09	3.27e-06	2.80e-04	4.50e-03	1.90e-02	3.86e-01	4.60e-01	1.29e-01	1.71e-13	3.31e-22	4.15e-22
 4.80626e+22	2.00e-13	4.09e-09	3.75e-06	3.18e-04	5.05e-03	2.07e-02	4.00e-01	4.53e-01	1.21e-01	2.00e-13	3.87e-22	4.85e-22
 4.82674e+22	2.32e-13	4.69e-09	4.28e-06	3.62e-04	5.65e-03	2.24e-02	4.13e-01	4.45e-01	1.14e-01	2.32e-13	4.49e-22	5.63e-22
 4.84731e+22	2.68e-13	5.35e-09	4.87e-06	4.09e-04	6.30e-03	2.43e-02	4.25e-01	4.37e-01	1.06e-01	2.68e-13	5.18e-22	6.49e-22
 4.86800e+22	3.07e-13	6.07e-09	5.52e-06	4.62e-04	7.02e-03	2.63e-02	4.38e-01	4.29e-01	9.93e-02	3.07e-13	5.94e-22	7.44e-22
 4.88888e+22	3.49e-13	6.85e-09	6.24e-06	5.21e-04	7.80e-03	2.85e-02	4.51e-01	4.20e-01	9.26e-02	3.49e-13	6.77e-22	8.48e-22
 4.91000e+22	3.95e-13	7.71e-09	7.04e-06	5.87e-04	8.66e-03	3.08e-02	4.63e-01	4.10e-01	8.61e-02	3.95e-13	7.67e-22	9.61e-22
 4.93123e+22	4.44e-13	8.63e-09	7.91e-06	6.59e-04	9.58e-03	3.33e-02	4.76e-01	4.01e-01	8.01e-02	4.44e-13	8.63e-22	1.08e-21
 4.95280e+22	4.98e-13	9.64e-09	8.88e-06	7.40e-04	1.06e-02	3.59e-02	4.88e-01	3.91e-01	7.43e-02	4.98e-13	9.69e-22	1.21e-21
 4.97463e+22	5.55e-13	1.07e-08	9.93e-06	8.28e-04	1.17e-02	3.87e-02	4.99e-01	3.81e-01	6.89e-02	5.55e-13	1.08e-21	1.35e-21
 4.99688e+22	6.18e-13	1.19e-08	1.11e-05	9.29e-04	1.29e-02	4.18e-02	5.11e-01	3.70e-01	6.36e-02	6.18e-13	1.20e-21	1.51e-21
 5.01758e+22	6.72e-13	1.30e-08	1.22e-05	1.02e-03	1.40e-02	4.44e-02	5.20e-01	3.61e-01	5.95e-02	6.72e-13	1.31e-21	1.64e-21
 5.03889e+22	7.43e-13	1.44e-08	1.37e-05	1.14e-03	1.55e-02	4.79e-02	5.32e-01	3.49e-01	5.46e-02	7.43e-13	1.45e-21	1.82e-21
 5.06053e+22	8.07e-13	1.56e-08	1.49e-05	1.25e-03	1.67e-02	5.08e-02	5.40e-01	3.40e-01	5.10e-02	8.07e-13	1.58e-21	1.97e-21
 5.08268e+22	8.85e-13	1.73e-08	1.67e-05	1.41e-03	1.85e-02	5.49e-02	5.51e-01	3.28e-01	4.65e-02	8.85e-13	1.73e-21	2.17e-21
 5.10495e+22	9.60e-13	1.88e-08	1.83e-05	1.54e-03	1.99e-02	5.80e-02	5.58e-01	3.19e-01	4.34e-02	9.60e-13	1.88e-21	2.35e-21
 5.12736e+22	1.05e-12	2.07e-08	2.04e-05	1.73e-03	2.18e-02	6.24e-02	5.68e-01	3.07e-01	3.95e-02	1.05e-12	2.06e-21	2.58e-21
 5.14991e+22	1.13e-12	2.24e-08	2.23e-05	1.89e-03	2.34e-02	6.59e-02	5.75e-01	2.97e-01	3.68e-02	1.13e-12	2.23e-21	2.78e-21
 5.17262e+22	1.24e-12	2.46e-08	2.48e-05	2.11e-03	2.56e-02	7.07e-02	5.83e-01	2.85e-01	3.34e-02	1.24e-12	2.44e-21	3.04e-21
 5.19552e+22	1.33e-12	2.67e-08	2.71e-05	2.30e-03	2.75e-02	7.45e-02	5.88e-01	2.76e-01	3.10e-02	1.33e-12	2.63e-21	3.28e-21
 5.21867e+22	1.45e-12	2.94e-08	3.03e-05	2.57e-03	3.00e-02	7.97e-02	5.95e-01	2.64e-01	2.81e-02	1.45e-12	2.87e-21	3.58e-21
 5.24212e+22	1.56e-12	3.18e-08	3.30e-05	2.81e-03	3.20e-02	8.38e-02	6.00e-01	2.55e-01	2.60e-02	1.56e-12	3.09e-21	3.86e-21
 5.26593e+22	1.70e-12	3.51e-08	3.69e-05	3.14e-03	3.49e-02	8.95e-02	6.05e-01	2.44e-01	2.35e-02	1.70e-12	3.38e-21	4.21e-21
 5.29014e+22	1.84e-12	3.82e-08	4.05e-05	3.43e-03	3.73e-02	9.41e-02	6.09e-01	2.35e-01	2.17e-02	1.84e-12	3.65e-21	4.55e-21
 5.31486e+22	2.01e-12	4.23e-08	4.54e-05	3.85e-03	4.05e-02	1.00e-01	6.13e-01	2.23e-01	1.94e-02	2.01e-12	4.00e-21	4.99e-21
 5.34009e+22	2.18e-12	4.63e-08	5.00e-05	4.22e-03	4.33e-02	1.05e-01	6.15e-01	2.14e-01	1.78e-02	2.18e-12	4.35e-21	5.43e-21
 5.36599e+22	2.40e-12	5.17e-08	5.64e-05	4.74e-03	4.70e-02	1.12e-01	6.18e-01	2.02e-01	1.59e-02	2.40e-12	4.80e-21	5.98e-21
 5.39254e+22	2.62e-12	5.70e-08	6.25e-05	5.21e-03	5.02e-02	1.18e-01	6.19e-01	1.93e-01	1.45e-02	2.62e-12	5.26e-21	6.55e-21
 5.41993e+22	2.90e-12	6.41e-08	7.11e-05	5.89e-03	5.46e-02	1.26e-01	6.19e-01	1.82e-01	1.28e-02	2.90e-12	5.84e-21	7.27e-21
 5.44570e+22	3.16e-12	7.02e-08	7.78e-05	6.38e-03	5.77e-02	1.31e-01	6.19e-01	1.75e-01	1.19e-02	3.16e-12	6.37e-21	7.93e-21
 5.46939e+22	3.48e-12	7.83e-08	8.72e-05	7.08e-03	6.18e-02	1.37e-01	6.17e-01	1.66e-01	1.07e-02	3.48e-12	7.04e-21	8.76e-21
 5.49286e+22	3.78e-12	8.56e-08	9.53e-05	7.65e-03	6.51e-02	1.42e-01	6.16e-01	1.59e-01	9.86e-03	3.78e-12	7.66e-21	9.53e-21
 5.51606e+22	4.14e-12	9.50e-08	1.06e-04	8.45e-03	6.95e-02	1.50e-01	6.13e-01	1.50e-01	8.85e-03	4.14e-12	8.40e-21	1.04e-20
 5.53942e+22	4.53e-12	1.04e-07	1.17e-04	9.13e-03	7.30e-02	1.55e-01	6.11e-01	1.44e-01	8.17e-03	4.53e-12	9.21e-21	1.15e-20
 5.56297e+22	5.01e-12	1.17e-07	1.31e-04	1.01e-02	7.78e-02	1.62e-01	6.07e-01	1.36e-01	7.32e-03	5.01e-12	1.02e-20	1.27e-20
 5.58694e+22	5.53e-12	1.30e-07	1.44e-04	1.09e-02	8.18e-02	1.67e-01	6.03e-01	1.30e-01	6.73e-03	5.53e-12	1.13e-20	1.41e-20
 5.61144e+22	6.17e-12	1.47e-07	1.62e-04	1.21e-02	8.72e-02	1.75e-01	5.98e-01	1.22e-01	5.99e-03	6.17e-12	1.27e-20	1.57e-20
 5.63628e+22	6.86e-12	1.63e-07	1.79e-04	1.31e-02	9.17e-02	1.81e-01	5.93e-01	1.16e-01	5.49e-03	6.86e-12	1.41e-20	1.75e-20
 5.66157e+22	7.74e-12	1.86e-07	2.04e-04	1.46e-02	9.76e-02	1.88e-01	5.86e-01	1.09e-01	4.86e-03	7.74e-12	1.60e-20	1.99e-20
 5.68737e+22	8.70e-12	2.10e-07	2.26e-04	1.58e-02	1.03e-01	1.94e-01	5.80e-01	1.03e-01	4.43e-03	8.70e-12	1.80e-20	2.24e-20
 5.71383e+22	9.93e-12	2.42e-07	2.59e-04	1.76e-02	1.09e-01	2.02e-01	5.71e-01	9.60e-02	3.90e-03	9.93e-12	2.07e-20	2.56e-20
 5.74086e+22	1.13e-11	2.74e-07	2.89e-04	1.92e-02	1.15e-01	2.08e-01	5.63e-01	9.07e-02	3.53e-03	1.13e-11	2.36e-20	2.92e-20
 5.76861e+22	1.31e-11	3.20e-07	3.33e-04	2.14e-02	1.22e-01	2.17e-01	5.52e-01	8.39e-02	3.08e-03	1.31e-11	2.74e-20	3.40e-20
 5.79696e+22	1.50e-11	3.66e-07	3.74e-04	2.34e-02	1.29e-01	2.23e-01	5.43e-01	7.88e-02	2.76e-03	1.50e-11	3.15e-20	3.91e-20
 5.82610e+22	1.77e-11	4.35e-07	4.35e-04	2.62e-02	1.37e-01	2.31e-01	5.31e-01	7.24e-02	2.39e-03	1.77e-11	3.75e-20	4.65e-20
 5.85560e+22	2.05e-11	5.01e-07	4.90e-04	2.86e-02	1.44e-01	2.37e-01	5.20e-01	6.78e-02	2.14e-03	2.05e-11	4.37e-20	5.41e-20
 5.88554e+22	2.46e-11	6.00e-07	5.72e-04	3.20e-02	1.53e-01	2.45e-01	5.06e-01	6.20e-02	1.84e-03	2.46e-11	5.26e-20	6.51e-20
 5.91584e+22	2.88e-11	6.96e-07	6.47e-04	3.49e-02	1.61e-01	2.50e-01	4.94e-01	5.77e-02	1.64e-03	2.88e-11	6.19e-20	7.65e-20
 5.94658e+22	3.49e-11	8.41e-07	7.58e-04	3.91e-02	1.71e-01	2.58e-01	4.78e-01	5.25e-02	1.40e-03	3.49e-11	7.56e-20	9.34e-20
 5.97661e+22	4.08e-11	9.70e-07	8.52e-04	4.24e-02	1.78e-01	2.62e-01	4.66e-01	4.90e-02	1.25e-03	4.08e-11	8.87e-20	1.10e-19
 6.00573e+22	4.93e-11	1.16e-06	9.88e-04	4.71e-02	1.88e-01	2.68e-01	4.50e-01	4.45e-02	1.07e-03	4.93e-11	1.08e-19	1.33e-19
 6.03591e+22	5.86e-11	1.36e-06	1.12e-03	5.13e-02	1.96e-01	2.72e-01	4.37e-01	4.12e-02	9.45e-04	5.86e-11	1.29e-19	1.59e-19
 6.06169e+22	6.80e-11	1.56e-06	1.25e-03	5.52e-02	2.04e-01	2.76e-01	4.25e-01	3.84e-02	8.44e-04	6.80e-11	1.51e-19	1.86e-19
 6.08938e+22	8.22e-11	1.85e-06	1.43e-03	6.07e-02	2.13e-01	2.80e-01	4.09e-01	3.50e-02	7.27e-04	8.22e-11	1.83e-19	2.26e-19
 6.11710e+22	9.58e-11	2.13e-06	1.60e-03	6.52e-02	2.21e-01	2.83e-01	3.96e-01	3.25e-02	6.47e-04	9.58e-11	2.15e-19	2.65e-19
 6.14484e+22	1.16e-10	2.53e-06	1.83e-03	7.13e-02	2.30e-01	2.86e-01	3.81e-01	2.96e-02	5.59e-04	1.16e-10	2.63e-19	3.24e-19
 6.17370e+22	1.38e-10	2.95e-06	2.06e-03	7.71e-02	2.39e-01	2.88e-01	3.66e-01	2.71e-02	4.88e-04	1.38e-10	3.14e-19	3.86e-19
 6.19949e+22	1.63e-10	3.41e-06	2.30e-03	8.28e-02	2.46e-01	2.90e-01	3.53e-01	2.50e-02	4.32e-04	1.63e-10	3.73e-19	4.59e-19
 6.22849e+22	2.01e-10	4.08e-06	2.64e-03	9.04e-02	2.56e-01	2.91e-01	3.37e-01	2.26e-02	3.68e-04	2.01e-10	4.64e-19	5.70e-19
 6.25896e+22	2.43e-10	4.80e-06	2.99e-03	9.78e-02	2.65e-01	2.92e-01	3.22e-01	2.05e-02	3.18e-04	2.43e-10	5.65e-19	6.94e-19
 6.28664e+22	2.91e-10	5.60e-06	3.36e-03	1.05e-01	2.73e-01	2.92e-01	3.08e-01	1.87e-02	2.77e-04	2.91e-10	6.82e-19	8.37e-19
 6.31791e+22	3.67e-10	6.79e-06	3.88e-03	1.15e-01	2.83e-01	2.91e-01	2.90e-01	1.66e-02	2.32e-04	3.67e-10	8.68e-19	1.06e-18
 6.35012e+22	4.48e-10	8.03e-06	4.39e-03	1.24e-01	2.92e-01	2.90e-01	2.75e-01	1.49e-02	1.98e-04	4.48e-10	1.07e-18	1.31e-18
 6.37873e+22	5.43e-10	9.39e-06	4.93e-03	1.33e-01	2.99e-01	2.88e-01	2.61e-01	1.35e-02	1.71e-04	5.43e-10	1.31e-18	1.60e-18
 6.41113e+22	6.93e-10	1.15e-05	5.71e-03	1.45e-01	3.09e-01	2.85e-01	2.44e-01	1.18e-02	1.40e-04	6.93e-10	1.69e-18	2.07e-18
 6.44444e+22	8.53e-10	1.36e-05	6.45e-03	1.56e-01	3.16e-01	2.82e-01	2.29e-01	1.05e-02	1.19e-04	8.53e-10	2.10e-18	2.57e-18
 6.47896e+22	1.11e-09	1.67e-05	7.49e-03	1.70e-01	3.25e-01	2.77e-01	2.12e-01	9.10e-03	9.60e-05	1.11e-09	2.77e-18	3.39e-18
 6.51408e+22	1.38e-09	1.99e-05	8.46e-03	1.82e-01	3.31e-01	2.72e-01	1.98e-01	8.05e-03	8.04e-05	1.38e-09	3.49e-18	4.25e-18
 6.54998e+22	1.83e-09	2.47e-05	9.89e-03	1.99e-01	3.39e-01	2.65e-01	1.80e-01	6.83e-03	6.35e-05	1.83e-09	4.68e-18	5.71e-18
 6.58629e+22	2.27e-09	2.93e-05	1.11e-02	2.12e-01	3.44e-01	2.59e-01	1.68e-01	6.01e-03	5.29e-05	2.27e-09	5.91e-18	7.19e-18
 6.62311e+22	3.02e-09	3.65e-05	1.30e-02	2.30e-01	3.50e-01	2.50e-01	1.52e-01	5.06e-03	4.14e-05	3.02e-09	7.99e-18	9.72e-18
 6.66027e+22	3.80e-09	4.33e-05	1.46e-02	2.45e-01	3.54e-01	2.43e-01	1.40e-01	4.39e-03	3.40e-05	3.80e-09	1.02e-17	1.24e-17
 6.69788e+22	5.06e-09	5.38e-05	1.69e-02	2.64e-01	3.57e-01	2.33e-01	1.26e-01	3.66e-03	2.64e-05	5.06e-09	1.38e-17	1.68e-17
 6.73598e+22	6.41e-09	6.41e-05	1.90e-02	2.80e-01	3.59e-01	2.24e-01	1.15e-01	3.15e-03	2.13e-05	6.41e-09	1.78e-17	2.15e-17
 6.77471e+22	8.63e-09	7.98e-05	2.20e-02	3.01e-01	3.60e-01	2.13e-01	1.02e-01	2.58e-03	1.63e-05	8.63e-09	2.44e-17	2.96e-17
 6.81376e+22	1.09e-08	9.48e-05	2.47e-02	3.17e-01	3.60e-01	2.04e-01	9.21e-02	2.20e-03	1.30e-05	1.09e-08	3.14e-17	3.80e-17
 6.85321e+22	1.48e-08	1.18e-04	2.84e-02	3.39e-01	3.59e-01	1.92e-01	8.09e-02	1.79e-03	9.80e-06	1.48e-08	4.35e-17	5.25e-17
 6.89320e+22	1.88e-08	1.40e-04	3.18e-02	3.56e-01	3.56e-01	1.82e-01	7.27e-02	1.51e-03	7.75e-06	1.88e-08	5.64e-17	6.81e-17
 6.93389e+22	2.56e-08	1.75e-04	3.66e-02	3.78e-01	3.52e-01	1.69e-01	6.30e-02	1.20e-03	5.71e-06	2.56e-08	7.87e-17	9.50e-17
 6.97498e+22	3.26e-08	2.07e-04	4.08e-02	3.95e-01	3.48e-01	1.59e-01	5.62e-02	1.00e-03	4.47e-06	3.26e-08	1.02e-16	1.23e-16
 7.01658e+22	4.45e-08	2.58e-04	4.68e-02	4.17e-01	3.41e-01	1.47e-01	4.82e-02	7.92e-04	3.25e-06	4.45e-08	1.44e-16	1.73e-16
 7.05875e+22	5.69e-08	3.06e-04	5.20e-02	4.34e-01	3.34e-01	1.37e-01	4.25e-02	6.53e-04	2.50e-06	5.69e-08	1.88e-16	2.26e-16
 7.09548e+22	7.22e-08	3.61e-04	5.75e-02	4.49e-01	3.27e-01	1.28e-01	3.75e-02	5.39e-04	1.94e-06	7.22e-08	2.44e-16	2.94e-16
 7.13058e+22	8.98e-08	4.19e-04	6.29e-02	4.63e-01	3.20e-01	1.19e-01	3.34e-02	4.52e-04	1.53e-06	8.98e-08	3.10e-16	3.73e-16
 7.16393e+22	1.11e-07	4.85e-04	6.86e-02	4.77e-01	3.13e-01	1.12e-01	2.97e-02	3.78e-04	1.21e-06	1.11e-07	3.92e-16	4.70e-16
 7.20149e+22	1.45e-07	5.82e-04	7.64e-02	4.93e-01	3.03e-01	1.02e-01	2.56e-02	3.02e-04	8.94e-07	1.45e-07	5.27e-16	6.32e-16
 7.23900e+22	1.79e-07	6.71e-04	8.30e-02	5.04e-01	2.94e-01	9.48e-02	2.26e-02	2.51e-04	7.01e-07	1.79e-07	6.65e-16	7.97e-16
 7.27644e+22	2.33e-07	8.01e-04	9.19e-02	5.18e-01	2.83e-01	8.62e-02	1.94e-02	1.99e-04	5.16e-07	2.33e-07	8.90e-16	1.07e-15
 7.31457e+22	2.88e-07	9.25e-04	9.98e-02	5.29e-01	2.74e-01	7.95e-02	1.70e-02	1.64e-04	3.99e-07	2.88e-07	1.13e-15	1.35e-15
 7.35359e+22	3.77e-07	1.11e-03	1.10e-01	5.41e-01	2.62e-01	7.15e-02	1.44e-02	1.28e-04	2.88e-07	3.77e-07	1.53e-15	1.83e-15
 7.39300e+22	4.67e-07	1.28e-03	1.20e-01	5.50e-01	2.52e-01	6.55e-02	1.25e-02	1.04e-04	2.20e-07	4.67e-07	1.95e-15	2.32e-15
 7.42769e+22	5.76e-07	1.47e-03	1.29e-01	5.57e-01	2.42e-01	6.00e-02	1.09e-02	8.50e-05	1.69e-07	5.76e-07	2.46e-15	2.94e-15
 7.46756e+22	7.53e-07	1.75e-03	1.42e-01	5.65e-01	2.29e-01	5.34e-02	9.12e-03	6.53e-05	0.00e+00	7.53e-07	3.33e-15	3.97e-15
 7.50614e+22	9.13e-07	1.99e-03	1.52e-01	5.70e-01	2.19e-01	4.89e-02	7.98e-03	5.37e-05	0.00e+00	9.13e-07	4.15e-15	4.94e-15
 7.53685e+22	1.09e-06	2.23e-03	1.61e-01	5.73e-01	2.11e-01	4.51e-02	7.05e-03	4.49e-05	0.00e+00	1.09e-06	5.07e-15	6.04e-15
 7.57057e+22	1.35e-06	2.57e-03	1.74e-01	5.77e-01	2.00e-01	4.06e-02	6.05e-03	3.59e-05	0.00e+00	1.35e-06	6.50e-15	7.72e-15
 7.60487e+22	1.62e-06	2.89e-03	1.85e-01	5.79e-01	1.91e-01	3.72e-02	5.30e-03	2.96e-05	0.00e+00	1.62e-06	7.99e-15	9.48e-15
 7.63515e+22	1.92e-06	3.24e-03	1.95e-01	5.80e-01	1.83e-01	3.41e-02	4.67e-03	2.46e-05	0.00e+00	1.92e-06	9.74e-15	1.15e-14
 7.66970e+22	2.38e-06	3.73e-03	2.09e-01	5.80e-01	1.73e-01	3.05e-02	3.97e-03	1.94e-05	0.00e+00	2.38e-06	1.25e-14	1.48e-14
 7.70470e+22	2.85e-06	4.18e-03	2.22e-01	5.79e-01	1.64e-01	2.78e-02	3.46e-03	1.59e-05	0.00e+00	2.85e-06	1.54e-14	1.82e-14
 7.73538e+22	3.38e-06	4.67e-03	2.34e-01	5.77e-01	1.56e-01	2.53e-02	3.02e-03	1.31e-05	0.00e+00	3.38e-06	1.88e-14	2.22e-14
 7.77039e+22	4.20e-06	5.38e-03	2.50e-01	5.73e-01	1.46e-01	2.24e-02	2.54e-03	1.02e-05	0.00e+00	4.20e-06	2.42e-14	2.86e-14
 7.80570e+22	4.97e-06	5.99e-03	2.64e-01	5.69e-01	1.39e-01	2.03e-02	2.21e-03	8.36e-06	0.00e+00	4.97e-06	2.95e-14	3.48e-14
 7.84140e+22	6.15e-06	6.87e-03	2.81e-01	5.63e-01	1.29e-01	1.79e-02	1.85e-03	6.48e-06	0.00e+00	6.15e-06	3.79e-14	4.47e-14
 7.87766e+22	7.34e-06	7.70e-03	2.96e-01	5.57e-01	1.21e-01	1.61e-02	1.59e-03	5.21e-06	0.00e+00	7.34e-06	4.67e-14	5.50e-14
 7.90961e+22	8.69e-06	8.57e-03	3.10e-01	5.51e-01	1.14e-01	1.45e-02	1.37e-03	4.23e-06	0.00e+00	8.69e-06	5.69e-14	6.71e-14
 7.94609e+22	1.07e-05	9.81e-03	3.29e-01	5.41e-01	1.06e-01	1.26e-02	1.14e-03	3.23e-06	0.00e+00	1.07e-05	7.32e-14	8.63e-14
 7.98337e+22	1.28e-05	1.10e-02	3.46e-01	5.32e-01	9.89e-02	1.13e-02	9.70e-04	2.57e-06	0.00e+00	1.28e-05	9.02e-14	1.06e-13
 8.02168e+22	1.58e-05	1.25e-02	3.66e-01	5.20e-01	9.09e-02	9.75e-03	7.97e-04	1.94e-06	0.00e+00	1.58e-05	1.16e-13	1.37e-13
 8.06075e+22	1.90e-05	1.41e-02	3.84e-01	5.08e-01	8.41e-02	8.56e-03	6.68e-04	1.51e-06	0.00e+00	1.90e-05	1.45e-13	1.71e-13
 8.09482e+22	2.25e-05	1.57e-02	4.01e-01	4.97e-01	7.82e-02	7.58e-03	5.67e-04	1.20e-06	0.00e+00	2.25e-05	1.78e-13	2.10e-13
 8.13313e+22	2.77e-05	1.79e-02	4.22e-01	4.81e-01	7.12e-02	6.50e-03	4.61e-04	8.92e-07	0.00e+00	2.77e-05	2.29e-13	2.70e-13
 8.17289e+22	3.31e-05	2.00e-02	4.41e-01	4.67e-01	6.54e-02	5.67e-03	3.84e-04	6.88e-07	0.00e+00	3.31e-05	2.84e-13	3.36e-13
 8.21453e+22	4.16e-05	2.30e-02	4.65e-01	4.48e-01	5.86e-02	4.74e-03	3.02e-04	4.91e-07	0.00e+00	4.16e-05	3.76e-13	4.43e-13
 8.25622e+22	4.93e-05	2.56e-02	4.83e-01	4.33e-01	5.36e-02	4.12e-03	2.51e-04	3.78e-07	0.00e+00	4.93e-05	4.63e-13	5.46e-13
 8.29795e+22	6.14e-05	2.93e-02	5.06e-01	4.13e-01	4.78e-02	3.44e-03	1.98e-04	2.70e-07	0.00e+00	6.14e-05	6.06e-13	7.16e-13
 8.33472e+22	7.01e-05	3.18e-02	5.20e-01	4.00e-01	4.44e-02	3.06e-03	1.70e-04	2.18e-07	0.00e+00	7.01e-05	7.13e-13	8.42e-13
 8.36091e+22	7.87e-05	3.42e-02	5.32e-01	3.89e-01	4.16e-02	2.77e-03	1.49e-04	1.81e-07	0.00e+00	7.87e-05	8.23e-13	9.72e-13
 8.39085e+22	9.16e-05	3.76e-02	5.48e-01	3.74e-01	3.82e-02	2.42e-03	1.25e-04	1.42e-07	0.00e+00	9.16e-05	9.96e-13	1.18e-12
 8.42203e+22	1.04e-04	4.07e-02	5.61e-01	3.61e-01	3.53e-02	2.15e-03	1.07e-04	0.00e+00	0.00e+00	1.04e-04	1.17e-12	1.38e-12
 8.45483e+22	1.23e-04	4.51e-02	5.77e-01	3.43e-01	3.19e-02	1.84e-03	8.78e-05	0.00e+00	0.00e+00	1.23e-04	1.44e-12	1.70e-12
 8.48765e+22	1.40e-04	4.88e-02	5.90e-01	3.30e-01	2.94e-02	1.62e-03	7.49e-05	0.00e+00	0.00e+00	1.40e-04	1.69e-12	2.00e-12
 8.52049e+22	1.65e-04	5.40e-02	6.05e-01	3.13e-01	2.65e-02	1.38e-03	6.10e-05	0.00e+00	0.00e+00	1.65e-04	2.09e-12	2.46e-12
 8.55364e+22	1.88e-04	5.83e-02	6.17e-01	2.99e-01	2.43e-02	1.22e-03	5.17e-05	0.00e+00	0.00e+00	1.88e-04	2.45e-12	2.89e-12
 8.58718e+22	2.20e-04	6.42e-02	6.30e-01	2.82e-01	2.18e-02	1.03e-03	4.21e-05	0.00e+00	0.00e+00	2.20e-04	3.00e-12	3.54e-12
 8.62172e+22	2.51e-04	6.96e-02	6.41e-01	2.68e-01	1.98e-02	8.95e-04	3.50e-05	0.00e+00	0.00e+00	2.51e-04	3.56e-12	4.20e-12
 8.65267e+22	2.87e-04	7.53e-02	6.51e-01	2.54e-01	1.80e-02	7.76e-04	2.93e-05	0.00e+00	0.00e+00	2.87e-04	4.21e-12	4.97e-12
 8.68801e+22	3.39e-04	8.33e-02	6.63e-01	2.37e-01	1.59e-02	6.45e-04	2.32e-05	0.00e+00	0.00e+00	3.39e-04	5.22e-12	6.16e-12
 8.72390e+22	3.85e-04	8.99e-02	6.71e-01	2.23e-01	1.43e-02	5.56e-04	1.93e-05	0.00e+00	0.00e+00	3.85e-04	6.17e-12	7.28e-12
 8.76049e+22	4.54e-04	9.91e-02	6.81e-01	2.07e-01	1.26e-02	4.59e-04	1.52e-05	0.00e+00	0.00e+00	4.54e-04	7.64e-12	9.01e-12
 8.79834e+22	5.22e-04	1.08e-01	6.87e-01	1.93e-01	1.12e-02	3.87e-04	1.23e-05	0.00e+00	0.00e+00	5.22e-04	9.17e-12	1.08e-11
 8.83783e+22	6.22e-04	1.19e-01	6.94e-01	1.76e-01	9.62e-03	3.11e-04	9.39e-06	0.00e+00	0.00e+00	6.22e-04	1.15e-11	1.36e-11
 8.87757e+22	7.14e-04	1.29e-01	6.98e-01	1.63e-01	8.50e-03	2.60e-04	7.54e-06	0.00e+00	0.00e+00	7.14e-04	1.38e-11	1.63e-11
 8.91763e+22	8.49e-04	1.43e-01	7.01e-01	1.47e-01	7.26e-03	2.07e-04	5.71e-06	0.00e+00	0.00e+00	8.49e-04	1.74e-11	2.05e-11
 8.95831e+22	9.72e-04	1.55e-01	7.03e-01	1.35e-01	6.37e-03	1.72e-04	4.54e-06	0.00e+00	0.00e+00	9.72e-04	2.08e-11	2.45e-11
 8.99978e+22	1.16e-03	1.71e-01	7.01e-01	1.21e-01	5.38e-03	1.35e-04	3.39e-06	0.00e+00	0.00e+00	1.16e-03	2.62e-11	3.09e-11
 9.04187e+22	1.32e-03	1.85e-01	6.99e-01	1.10e-01	4.68e-03	1.10e-04	2.67e-06	0.00e+00	0.00e+00	1.32e-03	3.14e-11	3.70e-11
 9.08474e+22	1.58e-03	2.04e-01	6.94e-01	9.71e-02	3.91e-03	8.51e-05	1.95e-06	0.00e+00	0.00e+00	1.58e-03	3.95e-11	4.66e-11
 9.12830e+22	1.81e-03	2.20e-01	6.87e-01	8.73e-02	3.36e-03	6.86e-05	1.51e-06	0.00e+00	0.00e+00	1.81e-03	4.74e-11	5.60e-11
 9.17273e+22	2.16e-03	2.43e-01	6.77e-01	7.59e-02	2.77e-03	5.20e-05	1.09e-06	0.00e+00	0.00e+00	2.16e-03	6.00e-11	7.08e-11
 9.21805e+22	2.48e-03	2.62e-01	6.66e-01	6.73e-02	2.35e-03	4.11e-05	8.28e-07	0.00e+00	0.00e+00	2.48e-03	7.24e-11	8.55e-11
