#depth	Ar	Ar+	Ar+2	Ar+3	Ar+4	Ar+5	Ar+6	Ar+7	Ar+8	Ar+9	Ar+10	Ar+11	Ar+12	Ar+13	Ar+14	Ar+15	Ar+16	Ar+17	Ar+18
 4.62852e+21	0.00e+00	0.00e+00	0.00e+00	0.00e+00	0.00e+00	0.00e+00	0.00e+00	3.43e-24	1.17e-20	1.25e-17	6.55e-15	1.67e-12	2.96e-10	2.67e-08	1.54e-06	9.36e-05	9.89e-03	1.58e-01	8.32e-01
 1.05571e+22	0.00e+00	0.00e+00	0.00e+00	0.00e+00	0.00e+00	0.00e+00	1.27e-25	1.78e-22	4.14e-19	3.00e-16	1.08e-13	1.91e-11	2.33e-09	1.46e-07	5.92e-06	2.53e-04	1.87e-02	2.10e-01	7.71e-01
 1.27474e+22	0.00e+00	0.00e+00	0.00e+00	0.00e+00	0.00e+00	6.51e-28	1.07e-24	1.19e-21	4.62e-18	2.58e-15	7.19e-13	9.84e-11	9.32e-09	4.58e-07	1.46e-05	4.89e-04	2.85e-02	2.50e-01	7.21e-01
 1.43495e+22	0.00e+00	0.00e+00	0.00e+00	0.00e+00	3.40e-30	7.85e-27	1.08e-23	1.00e-20	3.14e-17	1.42e-14	3.23e-12	3.61e-10	2.80e-08	1.13e-06	2.96e-05	8.20e-04	3.94e-02	2.85e-01	6.75e-01
 1.52397e+22	0.00e+00	0.00e+00	0.00e+00	0.00e+00	6.65e-30	1.46e-26	1.93e-23	1.70e-20	5.08e-17	2.18e-14	4.71e-12	5.00e-10	3.68e-08	1.41e-06	3.53e-05	9.32e-04	4.27e-02	2.94e-01	6.62e-01
 1.55371e+22	0.00e+00	0.00e+00	0.00e+00	0.00e+00	1.04e-29	2.22e-26	2.84e-23	2.43e-20	6.99e-17	2.90e-14	6.05e-12	6.21e-10	4.42e-08	1.64e-06	3.97e-05	1.01e-03	4.50e-02	3.00e-01	6.54e-01
 1.58119e+22	0.00e+00	0.00e+00	0.00e+00	0.00e+00	1.83e-29	3.77e-26	4.65e-23	3.84e-20	1.05e-16	4.17e-14	8.32e-12	8.18e-10	5.57e-08	1.98e-06	4.60e-05	1.13e-03	4.81e-02	3.07e-01	6.43e-01
 1.60882e+22	0.00e+00	0.00e+00	0.00e+00	0.00e+00	2.88e-29	5.75e-26	6.88e-23	5.50e-20	1.46e-16	5.57e-14	1.07e-11	1.02e-09	6.70e-08	2.31e-06	5.18e-05	1.23e-03	5.07e-02	3.13e-01	6.35e-01
 1.63297e+22	0.00e+00	0.00e+00	0.00e+00	0.00e+00	2.42e-29	4.69e-26	5.44e-23	7.86e-20	2.01e-16	7.43e-14	1.38e-11	1.27e-09	8.06e-08	2.68e-06	5.83e-05	1.34e-03	5.35e-02	3.20e-01	6.26e-01
 1.66068e+22	0.00e+00	0.00e+00	0.00e+00	0.00e+00	4.22e-29	7.88e-26	8.79e-23	1.22e-19	3.00e-16	1.06e-13	1.89e-11	1.66e-09	1.01e-07	3.23e-06	6.75e-05	1.49e-03	5.70e-02	3.27e-01	6.14e-01
 1.68892e+22	0.00e+00	0.00e+00	0.00e+00	0.00e+00	6.83e-29	1.24e-25	1.34e-22	1.80e-19	4.24e-16	1.44e-13	2.48e-11	2.10e-09	1.23e-07	3.80e-06	7.65e-05	1.63e-03	6.03e-02	3.33e-01	6.05e-01
 1.71367e+22	0.00e+00	0.00e+00	0.00e+00	0.00e+00	1.09e-28	1.91e-25	2.00e-22	2.60e-19	5.92e-16	1.95e-13	3.23e-11	2.64e-09	1.49e-07	4.44e-06	8.64e-05	1.78e-03	6.36e-02	3.40e-01	5.95e-01
 1.73800e+22	0.00e+00	0.00e+00	0.00e+00	4.12e-32	1.72e-28	2.92e-25	2.96e-22	3.73e-19	8.19e-16	2.60e-13	4.16e-11	3.28e-09	1.80e-07	5.16e-06	9.72e-05	1.94e-03	6.69e-02	3.46e-01	5.85e-01
 1.76168e+22	0.00e+00	0.00e+00	0.00e+00	6.52e-32	2.64e-28	4.36e-25	4.30e-22	5.24e-19	1.11e-15	3.42e-13	5.29e-11	4.05e-09	2.14e-07	5.96e-06	1.09e-04	2.10e-03	7.02e-02	3.51e-01	5.76e-01
 1.78817e+22	0.00e+00	0.00e+00	0.00e+00	1.12e-31	4.39e-28	7.02e-25	6.69e-22	7.89e-19	1.61e-15	4.73e-13	7.04e-11	5.17e-09	2.63e-07	7.05e-06	1.24e-04	2.30e-03	7.43e-02	3.58e-01	5.65e-01
 1.81604e+22	0.00e+00	0.00e+00	0.00e+00	1.91e-31	7.23e-28	1.12e-24	1.03e-21	1.17e-18	2.30e-15	6.51e-13	9.31e-11	6.59e-09	3.23e-07	8.32e-06	1.41e-04	2.52e-03	7.85e-02	3.65e-01	5.54e-01
 1.84031e+22	0.00e+00	0.00e+00	0.00e+00	3.05e-31	1.12e-27	1.68e-24	1.51e-21	1.66e-18	3.15e-15	8.62e-13	1.19e-10	8.16e-09	3.86e-07	9.63e-06	1.58e-04	2.74e-03	8.24e-02	3.70e-01	5.45e-01
 1.86648e+22	0.00e+00	0.00e+00	0.00e+00	5.30e-31	1.88e-27	2.73e-24	2.36e-21	2.50e-18	4.56e-15	1.20e-12	1.59e-10	1.05e-08	4.77e-07	1.14e-05	1.80e-04	3.01e-03	8.72e-02	3.77e-01	5.33e-01
 1.89439e+22	0.00e+00	0.00e+00	0.00e+00	9.09e-31	3.12e-27	4.37e-24	3.65e-21	3.73e-18	6.55e-15	1.66e-12	2.11e-10	1.34e-08	5.86e-07	1.35e-05	2.05e-04	3.30e-03	9.21e-02	3.83e-01	5.21e-01
 1.91829e+22	0.00e+00	0.00e+00	0.00e+00	1.42e-30	4.75e-27	6.46e-24	5.24e-21	5.20e-18	8.83e-15	2.16e-12	2.67e-10	1.64e-08	6.95e-07	1.55e-05	2.28e-04	3.56e-03	9.63e-02	3.88e-01	5.12e-01
 1.94309e+22	0.00e+00	0.00e+00	0.00e+00	2.38e-30	7.71e-27	1.02e-23	7.98e-21	7.65e-18	1.25e-14	2.95e-12	3.51e-10	2.07e-08	8.45e-07	1.82e-05	2.58e-04	3.88e-03	1.01e-01	3.94e-01	5.01e-01
 1.96963e+22	0.00e+00	0.00e+00	0.00e+00	3.93e-30	1.23e-26	1.57e-23	1.20e-20	1.11e-17	1.75e-14	3.98e-12	4.57e-10	2.60e-08	1.02e-06	2.13e-05	2.91e-04	4.22e-03	1.06e-01	3.99e-01	4.90e-01
 1.99380e+22	0.00e+00	0.00e+00	0.00e+00	6.28e-30	1.91e-26	2.37e-23	1.75e-20	1.57e-17	2.39e-14	5.25e-12	5.83e-10	3.21e-08	1.22e-06	2.46e-05	3.25e-04	4.57e-03	1.11e-01	4.04e-01	4.80e-01
 2.02060e+22	0.00e+00	0.00e+00	0.00e+00	1.10e-29	3.23e-26	3.87e-23	2.75e-20	2.38e-17	3.49e-14	7.34e-12	7.83e-10	4.13e-08	1.51e-06	2.92e-05	3.71e-04	5.01e-03	1.18e-01	4.10e-01	4.67e-01
 2.04874e+22	0.00e+00	0.00e+00	0.00e+00	1.90e-29	5.40e-26	6.23e-23	4.27e-20	3.56e-17	5.02e-14	1.02e-11	1.04e-09	5.30e-08	1.86e-06	3.46e-05	4.23e-04	5.49e-03	1.24e-01	4.15e-01	4.55e-01
 2.07206e+22	0.00e+00	0.00e+00	0.00e+00	2.91e-29	8.07e-26	9.06e-23	6.05e-20	4.89e-17	6.69e-14	1.31e-11	1.31e-09	6.43e-08	2.19e-06	3.94e-05	4.68e-04	5.89e-03	1.29e-01	4.19e-01	4.46e-01
 2.09583e+22	0.00e+00	0.00e+00	0.00e+00	4.86e-29	1.30e-25	1.41e-22	9.13e-20	7.12e-17	9.40e-14	1.78e-11	1.71e-09	8.10e-08	2.66e-06	4.61e-05	5.28e-04	6.41e-03	1.35e-01	4.24e-01	4.34e-01
 2.12121e+22	0.00e+00	0.00e+00	1.99e-32	7.80e-29	2.03e-25	2.14e-22	1.34e-19	1.01e-16	1.29e-13	2.36e-11	2.19e-09	1.00e-07	3.18e-06	5.34e-05	5.90e-04	6.92e-03	1.41e-01	4.28e-01	4.23e-01
 2.14492e+22	0.00e+00	0.00e+00	3.25e-32	1.24e-28	3.13e-25	3.20e-22	1.94e-19	1.42e-16	1.76e-13	3.11e-11	2.79e-09	1.24e-07	3.80e-06	6.16e-05	6.58e-04	7.47e-03	1.48e-01	4.31e-01	4.13e-01
 2.17198e+22	0.00e+00	0.00e+00	5.92e-32	2.19e-28	5.33e-25	5.25e-22	3.07e-19	2.16e-16	2.57e-13	4.36e-11	3.75e-09	1.60e-07	4.71e-06	7.32e-05	7.51e-04	8.18e-03	1.55e-01	4.36e-01	4.00e-01
 2.19993e+22	0.00e+00	0.00e+00	1.05e-31	3.77e-28	8.87e-25	8.43e-22	4.74e-19	3.20e-16	3.68e-13	6.02e-11	4.98e-09	2.04e-07	5.79e-06	8.66e-05	8.54e-04	8.93e-03	1.63e-01	4.39e-01	3.88e-01
 2.22256e+22	0.00e+00	0.00e+00	1.66e-31	5.79e-28	1.32e-24	1.22e-21	6.69e-19	4.38e-16	4.88e-13	7.76e-11	6.23e-09	2.48e-07	6.81e-06	9.87e-05	9.43e-04	9.56e-03	1.69e-01	4.42e-01	3.78e-01
 2.24550e+22	0.00e+00	0.00e+00	2.79e-31	9.48e-28	2.10e-24	1.88e-21	9.93e-19	6.27e-16	6.77e-13	1.04e-10	8.06e-09	3.09e-07	8.21e-06	1.15e-04	1.06e-03	1.03e-02	1.77e-01	4.45e-01	3.67e-01
 2.27025e+22	0.00e+00	0.00e+00	4.60e-31	1.52e-27	3.27e-24	2.83e-21	1.45e-18	8.84e-16	9.26e-13	1.38e-10	1.03e-08	3.83e-07	9.82e-06	1.33e-04	1.18e-03	1.11e-02	1.84e-01	4.47e-01	3.56e-01
 2.29339e+22	0.00e+00	0.00e+00	7.45e-31	2.40e-27	5.01e-24	4.20e-21	2.08e-18	1.23e-15	1.25e-12	1.80e-10	1.31e-08	4.70e-07	1.17e-05	1.53e-04	1.31e-03	1.20e-02	1.91e-01	4.49e-01	3.46e-01
 2.31951e+22	0.00e+00	0.00e+00	1.35e-30	4.22e-27	8.47e-24	6.83e-21	3.26e-18	1.85e-15	1.81e-12	2.51e-10	1.75e-08	6.05e-07	1.44e-05	1.81e-04	1.49e-03	1.31e-02	2.00e-01	4.52e-01	3.33e-01
 2.34634e+22	0.00e+00	0.00e+00	2.35e-30	7.11e-27	1.38e-23	1.07e-20	4.93e-18	2.69e-15	2.55e-12	3.41e-10	2.30e-08	7.64e-07	1.76e-05	2.12e-04	1.68e-03	1.42e-02	2.09e-01	4.53e-01	3.22e-01
 2.36838e+22	0.00e+00	0.00e+00	3.75e-30	1.11e-26	2.08e-23	1.57e-20	6.98e-18	3.67e-15	3.40e-12	4.42e-10	2.89e-08	9.31e-07	2.08e-05	2.43e-04	1.86e-03	1.52e-02	2.17e-01	4.54e-01	3.12e-01
 2.38816e+22	0.00e+00	0.00e+00	5.61e-30	1.62e-26	2.97e-23	2.18e-20	9.47e-18	4.85e-15	4.37e-12	5.54e-10	3.52e-08	1.10e-06	2.40e-05	2.73e-04	2.03e-03	1.61e-02	2.23e-01	4.55e-01	3.04e-01
 2.41073e+22	0.00e+00	0.00e+00	9.62e-30	2.69e-26	4.77e-23	3.38e-20	1.41e-17	6.95e-15	6.08e-12	7.45e-10	4.58e-08	1.39e-06	2.91e-05	3.18e-04	2.28e-03	1.74e-02	2.32e-01	4.55e-01	2.92e-01
 2.43454e+22	0.00e+00	0.00e+00	1.57e-29	4.28e-26	7.33e-23	5.02e-20	2.03e-17	9.62e-15	8.19e-12	9.76e-10	5.82e-08	1.71e-06	3.46e-05	3.67e-04	2.53e-03	1.86e-02	2.41e-01	4.55e-01	2.82e-01
 2.45634e+22	0.00e+00	0.00e+00	2.53e-29	6.69e-26	1.11e-22	7.37e-20	2.88e-17	1.32e-14	1.10e-11	1.27e-09	7.34e-08	2.08e-06	4.10e-05	4.20e-04	2.80e-03	1.99e-02	2.49e-01	4.55e-01	2.73e-01
 2.48104e+22	0.00e+00	0.00e+00	4.55e-29	1.16e-25	1.86e-22	1.18e-19	4.44e-17	1.95e-14	1.57e-11	1.75e-09	9.76e-08	2.67e-06	5.05e-05	4.97e-04	3.17e-03	2.16e-02	2.59e-01	4.54e-01	2.61e-01
 2.50545e+22	0.00e+00	0.00e+00	7.55e-29	1.88e-25	2.90e-22	1.78e-19	6.43e-17	2.72e-14	2.13e-11	2.31e-09	1.25e-07	3.30e-06	6.05e-05	5.74e-04	3.53e-03	2.32e-02	2.68e-01	4.53e-01	2.51e-01
 2.52514e+22	0.00e+00	0.00e+00	1.16e-28	2.82e-25	4.23e-22	2.52e-19	8.82e-17	3.61e-14	2.76e-11	2.92e-09	1.54e-07	3.95e-06	7.05e-05	6.49e-04	3.87e-03	2.46e-02	2.76e-01	4.52e-01	2.43e-01
 2.54643e+22	0.00e+00	0.00e+00	1.95e-28	4.58e-25	6.63e-22	3.81e-19	1.28e-16	5.05e-14	3.77e-11	3.87e-09	1.97e-07	4.91e-06	8.47e-05	7.52e-04	4.31e-03	2.64e-02	2.85e-01	4.50e-01	2.33e-01
 2.56907e+22	0.00e+00	0.00e+00	3.14e-28	7.17e-25	1.00e-21	5.58e-19	1.82e-16	6.90e-14	5.02e-11	5.01e-09	2.48e-07	5.99e-06	1.00e-04	8.60e-04	4.76e-03	2.81e-02	2.94e-01	4.48e-01	2.24e-01
 2.59008e+22	0.00e+00	0.00e+00	5.05e-28	1.12e-24	1.52e-21	8.15e-19	2.56e-16	9.38e-14	6.67e-11	6.49e-09	3.12e-07	7.30e-06	1.18e-04	9.84e-04	5.25e-03	2.99e-02	3.03e-01	4.46e-01	2.15e-01
 2.61073e+22	0.00e+00	0.00e+00	8.11e-28	1.75e-24	2.29e-21	1.19e-18	3.61e-16	1.27e-13	8.85e-11	8.38e-09	3.92e-07	8.90e-06	1.40e-04	1.13e-03	5.79e-03	3.19e-02	3.12e-01	4.43e-01	2.06e-01
 2.63056e+22	0.00e+00	0.00e+00	1.27e-27	2.66e-24	3.38e-21	1.69e-18	4.97e-16	1.69e-13	1.15e-10	1.07e-08	4.85e-07	1.07e-05	1.64e-04	1.27e-03	6.34e-03	3.38e-02	3.20e-01	4.40e-01	1.99e-01
 2.65260e+22	0.00e+00	0.00e+00	2.21e-27	4.49e-24	5.48e-21	2.63e-18	7.40e-16	2.41e-13	1.60e-10	1.44e-08	6.34e-07	1.35e-05	1.99e-04	1.49e-03	7.11e-03	3.63e-02	3.30e-01	4.36e-01	1.89e-01
 2.67482e+22	0.00e+00	7.68e-33	3.49e-27	6.89e-24	8.15e-21	3.79e-18	1.03e-15	3.23e-13	2.10e-10	1.84e-08	7.89e-07	1.63e-05	2.33e-04	1.69e-03	7.80e-03	3.84e-02	3.39e-01	4.32e-01	1.81e-01
 2.69423e+22	0.00e+00	1.25e-32	5.54e-27	1.06e-23	1.21e-20	5.44e-18	1.43e-15	4.32e-13	2.75e-10	2.35e-08	9.83e-07	1.97e-05	2.74e-04	1.93e-03	8.56e-03	4.07e-02	3.47e-01	4.28e-01	1.73e-01
 2.71338e+22	0.00e+00	1.99e-32	8.59e-27	1.60e-23	1.78e-20	7.71e-18	1.95e-15	5.70e-13	3.57e-10	2.98e-08	1.21e-06	2.36e-05	3.20e-04	2.18e-03	9.35e-03	4.30e-02	3.55e-01	4.24e-01	1.66e-01
 2.73522e+22	0.00e+00	3.56e-32	1.49e-26	2.68e-23	2.85e-20	1.19e-17	2.88e-15	8.06e-13	4.92e-10	3.99e-08	1.57e-06	2.96e-05	3.87e-04	2.53e-03	1.04e-02	4.60e-02	3.65e-01	4.18e-01	1.57e-01
 2.75710e+22	0.00e+00	5.86e-32	2.39e-26	4.17e-23	4.29e-20	1.72e-17	4.01e-15	1.08e-12	6.47e-10	5.13e-08	1.97e-06	3.59e-05	4.56e-04	2.89e-03	1.14e-02	4.87e-02	3.74e-01	4.13e-01	1.50e-01
 2.77548e+22	0.00e+00	9.12e-32	3.63e-26	6.17e-23	6.15e-20	2.39e-17	5.40e-15	1.40e-12	8.27e-10	6.41e-08	2.40e-06	4.27e-05	5.27e-04	3.24e-03	1.24e-02	5.12e-02	3.81e-01	4.08e-01	1.43e-01
 2.79583e+22	0.00e+00	1.60e-31	6.16e-26	1.01e-22	9.71e-20	3.62e-17	7.82e-15	1.94e-12	1.12e-09	8.49e-08	3.08e-06	5.30e-05	6.33e-04	3.74e-03	1.38e-02	5.45e-02	3.91e-01	4.01e-01	1.36e-01
 2.81669e+22	0.00e+00	2.54e-31	9.55e-26	1.53e-22	1.42e-19	5.11e-17	1.07e-14	2.56e-12	1.45e-09	1.07e-07	3.80e-06	6.34e-05	7.36e-04	4.21e-03	1.50e-02	5.73e-02	3.98e-01	3.95e-01	1.29e-01
 2.83822e+22	0.00e+00	4.60e-31	1.68e-25	2.59e-22	2.30e-19	7.92e-17	1.58e-14	3.61e-12	2.01e-09	1.44e-07	4.95e-06	7.97e-05	8.93e-04	4.91e-03	1.67e-02	6.10e-02	4.07e-01	3.88e-01	1.22e-01
 2.85981e+22	0.00e+00	7.57e-31	2.69e-25	4.02e-22	3.45e-19	1.14e-16	2.19e-14	4.81e-12	2.63e-09	1.85e-07	6.18e-06	9.66e-05	1.05e-03	5.58e-03	1.83e-02	6.43e-02	4.15e-01	3.81e-01	1.15e-01
 2.87819e+22	0.00e+00	1.20e-30	4.16e-25	6.05e-22	5.02e-19	1.60e-16	2.96e-14	6.26e-12	3.38e-09	2.32e-07	7.58e-06	1.15e-04	1.22e-03	6.27e-03	1.98e-02	6.75e-02	4.21e-01	3.74e-01	1.10e-01
 2.89877e+22	0.00e+00	2.14e-30	7.20e-25	1.01e-21	8.01e-19	2.45e-16	4.32e-14	8.70e-12	4.61e-09	3.10e-07	9.80e-06	1.44e-04	1.47e-03	7.26e-03	2.20e-02	7.16e-02	4.29e-01	3.66e-01	1.03e-01
 2.91956e+22	0.00e+00	3.38e-30	1.11e-24	1.51e-21	1.16e-18	3.43e-16	5.84e-14	1.13e-11	5.91e-09	3.89e-07	1.20e-05	1.71e-04	1.70e-03	8.13e-03	2.38e-02	7.49e-02	4.35e-01	3.59e-01	9.74e-02
 2.94064e+22	0.00e+00	6.22e-30	1.98e-24	2.59e-21	1.90e-18	5.35e-16	8.66e-14	1.60e-11	8.19e-09	5.25e-07	1.57e-05	2.16e-04	2.06e-03	9.48e-03	2.65e-02	7.94e-02	4.43e-01	3.49e-01	9.06e-02
 2.96173e+22	0.00e+00	9.92e-30	3.08e-24	3.91e-21	2.78e-18	7.53e-16	1.17e-13	2.08e-11	1.05e-08	6.61e-07	1.93e-05	2.58e-04	2.39e-03	1.06e-02	2.86e-02	8.30e-02	4.48e-01	3.41e-01	8.57e-02
 2.98285e+22	0.00e+00	1.77e-29	5.33e-24	6.53e-21	4.44e-18	1.15e-15	1.71e-13	2.89e-11	1.44e-08	8.81e-07	2.49e-05	3.21e-04	2.88e-03	1.23e-02	3.16e-02	8.76e-02	4.54e-01	3.31e-01	7.97e-02
 3.00488e+22	0.00e+00	3.03e-29	8.86e-24	1.05e-20	6.84e-18	1.70e-15	2.41e-13	3.89e-11	1.91e-08	1.14e-06	3.15e-05	3.92e-04	3.41e-03	1.40e-02	3.45e-02	9.18e-02	4.59e-01	3.22e-01	7.45e-02
 3.02333e+22	0.00e+00	4.66e-29	1.33e-23	1.53e-20	9.68e-18	2.32e-15	3.18e-13	4.95e-11	2.40e-08	1.41e-06	3.80e-05	4.61e-04	3.90e-03	1.55e-02	3.71e-02	9.54e-02	4.63e-01	3.14e-01	7.04e-02
 3.04256e+22	0.00e+00	8.05e-29	2.24e-23	2.48e-20	1.50e-17	3.44e-15	4.50e-13	6.69e-11	3.21e-08	1.84e-06	4.82e-05	5.66e-04	4.62e-03	1.77e-02	4.05e-02	9.99e-02	4.67e-01	3.04e-01	6.55e-02
 3.06236e+22	0.00e+00	1.29e-28	3.51e-23	3.77e-20	2.20e-17	4.84e-15	6.08e-13	8.66e-11	4.11e-08	2.32e-06	5.92e-05	6.75e-04	5.36e-03	1.98e-02	4.37e-02	1.04e-01	4.70e-01	2.95e-01	6.14e-02
 3.07863e+22	0.00e+00	1.90e-28	5.07e-23	5.30e-20	3.00e-17	6.40e-15	7.76e-13	1.07e-10	5.04e-08	2.80e-06	7.00e-05	7.79e-04	6.04e-03	2.17e-02	4.64e-02	1.07e-01	4.72e-01	2.88e-01	5.82e-02
 3.09549e+22	0.00e+00	3.09e-28	8.03e-23	8.11e-20	4.42e-17	9.05e-15	1.05e-12	1.39e-10	6.49e-08	3.54e-06	8.63e-05	9.31e-04	7.00e-03	2.43e-02	5.01e-02	1.11e-01	4.73e-01	2.79e-01	5.43e-02
 3.11277e+22	0.00e+00	4.62e-28	1.18e-22	1.16e-19	6.11e-17	1.21e-14	1.36e-12	1.73e-10	8.00e-08	4.30e-06	1.03e-04	1.08e-03	7.91e-03	2.67e-02	5.32e-02	1.14e-01	4.74e-01	2.71e-01	5.12e-02
 3.12717e+22	0.00e+00	6.64e-28	1.66e-22	1.59e-19	8.15e-17	1.56e-14	1.70e-12	2.09e-10	9.63e-08	5.11e-06	1.20e-04	1.23e-03	8.84e-03	2.90e-02	5.62e-02	1.17e-01	4.75e-01	2.64e-01	4.85e-02
 3.14018e+22	0.00e+00	9.42e-28	2.32e-22	2.16e-19	1.08e-16	2.00e-14	2.10e-12	2.51e-10	1.15e-07	6.04e-06	1.39e-04	1.40e-03	9.83e-03	3.14e-02	5.92e-02	1.20e-01	4.75e-01	2.57e-01	4.60e-02
 3.15236e+22	0.00e+00	1.29e-27	3.13e-22	2.85e-19	1.38e-16	2.50e-14	2.55e-12	2.96e-10	1.35e-07	7.02e-06	1.59e-04	1.57e-03	1.08e-02	3.38e-02	6.20e-02	1.23e-01	4.74e-01	2.51e-01	4.38e-02
 3.16575e+22	0.00e+00	1.91e-27	4.54e-22	4.02e-19	1.89e-16	3.29e-14	3.25e-12	3.63e-10	1.65e-07	8.45e-06	1.88e-04	1.81e-03	1.21e-02	3.69e-02	6.56e-02	1.26e-01	4.74e-01	2.43e-01	4.12e-02
 3.17947e+22	0.00e+00	2.67e-27	6.22e-22	5.39e-19	2.46e-16	4.17e-14	3.98e-12	4.31e-10	1.96e-07	9.90e-06	2.17e-04	2.04e-03	1.34e-02	3.97e-02	6.88e-02	1.29e-01	4.72e-01	2.36e-01	3.91e-02
 3.19167e+22	0.00e+00	3.70e-27	8.51e-22	7.18e-19	3.19e-16	5.24e-14	4.85e-12	5.10e-10	2.31e-07	1.16e-05	2.49e-04	2.29e-03	1.48e-02	4.27e-02	7.20e-02	1.31e-01	4.71e-01	2.29e-01	3.70e-02
 3.20320e+22	0.00e+00	5.04e-27	1.14e-21	9.41e-19	4.07e-16	6.50e-14	5.84e-12	5.96e-10	2.70e-07	1.34e-05	2.83e-04	2.56e-03	1.62e-02	4.57e-02	7.51e-02	1.33e-01	4.69e-01	2.23e-01	3.52e-02
 3.21410e+22	0.00e+00	6.73e-27	1.50e-21	1.21e-18	5.11e-16	7.95e-14	6.95e-12	6.90e-10	3.12e-07	1.53e-05	3.20e-04	2.84e-03	1.76e-02	4.86e-02	7.81e-02	1.35e-01	4.67e-01	2.17e-01	3.35e-02
 3.22651e+22	0.00e+00	9.74e-27	2.13e-21	1.67e-18	6.84e-16	1.03e-13	8.67e-12	8.31e-10	3.75e-07	1.82e-05	3.73e-04	3.23e-03	1.96e-02	5.26e-02	8.20e-02	1.38e-01	4.63e-01	2.09e-01	3.14e-02
 3.23925e+22	0.00e+00	1.35e-26	2.91e-21	2.22e-18	8.82e-16	1.29e-13	1.05e-11	9.75e-10	4.40e-07	2.11e-05	4.26e-04	3.62e-03	2.15e-02	5.63e-02	8.55e-02	1.40e-01	4.60e-01	2.03e-01	2.97e-02
 3.25039e+22	4.18e-33	1.81e-26	3.85e-21	2.87e-18	1.11e-15	1.58e-13	1.25e-11	1.13e-09	5.09e-07	2.42e-05	4.82e-04	4.01e-03	2.34e-02	5.99e-02	8.87e-02	1.42e-01	4.57e-01	1.97e-01	2.82e-02
 3.26286e+22	6.31e-33	2.68e-26	5.58e-21	4.04e-18	1.51e-15	2.06e-13	1.57e-11	1.36e-09	6.16e-07	2.90e-05	5.65e-04	4.59e-03	2.61e-02	6.49e-02	9.31e-02	1.44e-01	4.52e-01	1.89e-01	2.62e-02
 3.27477e+22	8.53e-33	3.57e-26	7.34e-21	5.19e-18	1.89e-15	2.50e-13	1.85e-11	1.56e-09	7.08e-07	3.30e-05	6.36e-04	5.07e-03	2.83e-02	6.88e-02	9.64e-02	1.46e-01	4.48e-01	1.83e-01	2.48e-02
 3.28438e+22	1.14e-32	4.70e-26	9.54e-21	6.59e-18	2.33e-15	3.01e-13	2.17e-11	1.78e-09	8.08e-07	3.74e-05	7.11e-04	5.57e-03	3.05e-02	7.27e-02	9.95e-02	1.47e-01	4.43e-01	1.77e-01	2.35e-02
 3.29533e+22	1.64e-32	6.64e-26	1.33e-20	8.90e-18	3.05e-15	3.81e-13	2.64e-11	2.09e-09	9.54e-07	4.38e-05	8.17e-04	6.26e-03	3.35e-02	7.78e-02	1.03e-01	1.48e-01	4.37e-01	1.70e-01	2.20e-02
 3.30653e+22	2.21e-32	8.83e-26	1.74e-20	1.14e-17	3.81e-15	4.62e-13	3.11e-11	2.40e-09	1.09e-06	4.98e-05	9.17e-04	6.89e-03	3.62e-02	8.22e-02	1.07e-01	1.50e-01	4.32e-01	1.64e-01	2.08e-02
 3.31805e+22	3.33e-32	1.31e-25	2.53e-20	1.60e-17	5.15e-15	5.99e-13	3.87e-11	2.86e-09	1.31e-06	5.93e-05	1.07e-03	7.85e-03	4.03e-02	8.87e-02	1.11e-01	1.51e-01	4.24e-01	1.56e-01	1.92e-02
 3.32927e+22	4.43e-32	1.72e-25	3.28e-20	2.03e-17	6.35e-15	7.19e-13	4.51e-11	3.24e-09	1.49e-06	6.69e-05	1.19e-03	8.59e-03	4.33e-02	9.33e-02	1.14e-01	1.52e-01	4.19e-01	1.51e-01	1.81e-02
 3.34010e+22	6.60e-32	2.51e-25	4.72e-20	2.81e-17	8.47e-15	9.21e-13	5.53e-11	3.82e-09	1.78e-06	7.90e-05	1.39e-03	9.72e-03	4.78e-02	1.00e-01	1.19e-01	1.52e-01	4.10e-01	1.43e-01	1.67e-02
 3.35094e+22	8.81e-32	3.31e-25	6.14e-20	3.57e-17	1.05e-14	1.11e-12	6.44e-11	4.32e-09	2.02e-06	8.92e-05	1.54e-03	1.06e-02	5.13e-02	1.05e-01	1.22e-01	1.53e-01	4.03e-01	1.38e-01	1.57e-02
 3.36178e+22	1.30e-31	4.79e-25	8.72e-20	4.90e-17	1.38e-14	1.41e-12	7.86e-11	5.06e-09	2.39e-06	1.05e-04	1.78e-03	1.20e-02	5.64e-02	1.12e-01	1.26e-01	1.53e-01	3.94e-01	1.31e-01	1.44e-02
 3.37251e+22	1.75e-31	6.38e-25	1.15e-19	6.27e-17	1.72e-14	1.69e-12	9.15e-11	5.72e-09	2.72e-06	1.18e-04	1.98e-03	1.31e-02	6.06e-02	1.18e-01	1.29e-01	1.53e-01	3.86e-01	1.25e-01	1.35e-02
 3.38308e+22	2.61e-31	9.33e-25	1.65e-19	8.69e-17	2.29e-14	2.16e-12	1.12e-10	6.68e-09	3.21e-06	1.39e-04	2.29e-03	1.47e-02	6.66e-02	1.25e-01	1.33e-01	1.53e-01	3.75e-01	1.18e-01	1.23e-02
 3.39358e+22	3.47e-31	1.23e-24	2.14e-19	1.10e-16	2.81e-14	2.57e-12	1.29e-10	7.50e-09	3.63e-06	1.56e-04	2.54e-03	1.60e-02	7.11e-02	1.31e-01	1.36e-01	1.52e-01	3.67e-01	1.13e-01	1.16e-02
 3.40397e+22	5.19e-31	1.80e-24	3.09e-19	1.52e-16	3.74e-14	3.27e-12	1.57e-10	8.72e-09	4.28e-06	1.83e-04	2.93e-03	1.80e-02	7.79e-02	1.39e-01	1.40e-01	1.51e-01	3.55e-01	1.06e-01	1.05e-02
 3.41408e+22	6.80e-31	2.33e-24	3.95e-19	1.90e-16	4.54e-14	3.86e-12	1.79e-10	9.70e-09	4.80e-06	2.04e-04	3.22e-03	1.95e-02	8.27e-02	1.45e-01	1.42e-01	1.50e-01	3.47e-01	1.01e-01	9.82e-03
 3.42382e+22	1.00e-30	3.38e-24	5.63e-19	2.60e-16	5.96e-14	4.85e-12	2.15e-10	1.12e-08	5.60e-06	2.37e-04	3.68e-03	2.17e-02	9.00e-02	1.53e-01	1.45e-01	1.49e-01	3.34e-01	9.43e-02	8.91e-03
 3.43357e+22	1.32e-30	4.39e-24	7.24e-19	3.26e-16	7.25e-14	5.72e-12	2.46e-10	1.24e-08	6.27e-06	2.64e-04	4.04e-03	2.34e-02	9.54e-02	1.59e-01	1.47e-01	1.47e-01	3.25e-01	8.98e-02	8.30e-03
 3.44332e+22	1.96e-30	6.41e-24	1.04e-18	4.48e-16	9.55e-14	7.20e-12	2.95e-10	1.42e-08	7.32e-06	3.06e-04	4.61e-03	2.61e-02	1.04e-01	1.67e-01	1.50e-01	1.45e-01	3.12e-01	8.35e-02	7.47e-03
 3.45310e+22	2.61e-30	8.44e-24	1.35e-18	5.66e-16	1.17e-13	8.53e-12	3.38e-10	1.58e-08	8.20e-06	3.42e-04	5.07e-03	2.81e-02	1.10e-01	1.73e-01	1.52e-01	1.43e-01	3.03e-01	7.90e-02	6.91e-03
 3.46292e+22	3.90e-30	1.24e-23	1.95e-18	7.83e-16	1.54e-13	1.08e-11	4.05e-10	1.81e-08	9.55e-06	3.96e-04	5.78e-03	3.13e-02	1.19e-01	1.82e-01	1.54e-01	1.41e-01	2.89e-01	7.29e-02	6.17e-03
 3.47282e+22	5.25e-30	1.65e-23	2.56e-18	9.95e-16	1.90e-13	1.28e-11	4.65e-10	2.01e-08	1.07e-05	4.42e-04	6.36e-03	3.37e-02	1.26e-01	1.88e-01	1.55e-01	1.38e-01	2.78e-01	6.86e-02	5.67e-03
 3.48284e+22	7.84e-30	2.42e-23	3.68e-18	1.37e-15	2.50e-13	1.61e-11	5.57e-10	2.30e-08	1.24e-05	5.10e-04	7.22e-03	3.73e-02	1.35e-01	1.96e-01	1.57e-01	1.35e-01	2.64e-01	6.30e-02	5.04e-03
 3.49276e+22	1.06e-29	3.22e-23	4.84e-18	1.75e-15	3.08e-13	1.91e-11	6.38e-10	2.55e-08	1.39e-05	5.68e-04	7.92e-03	4.01e-02	1.43e-01	2.02e-01	1.57e-01	1.32e-01	2.54e-01	5.90e-02	4.61e-03
 3.50256e+22	1.58e-29	4.71e-23	6.97e-18	2.40e-15	4.05e-13	2.39e-11	7.61e-10	2.91e-08	1.60e-05	6.52e-04	8.93e-03	4.41e-02	1.53e-01	2.09e-01	1.58e-01	1.28e-01	2.40e-01	5.39e-02	4.07e-03
 3.51251e+22	2.16e-29	6.37e-23	9.28e-18	3.09e-15	5.02e-13	2.86e-11	8.74e-10	3.22e-08	1.79e-05	7.26e-04	9.80e-03	4.74e-02	1.61e-01	2.15e-01	1.58e-01	1.25e-01	2.29e-01	5.01e-02	3.69e-03
 3.52264e+22	3.26e-29	9.46e-23	1.35e-17	4.29e-15	6.65e-13	3.61e-11	1.05e-09	3.69e-08	2.07e-05	8.34e-04	1.10e-02	5.21e-02	1.72e-01	2.23e-01	1.58e-01	1.20e-01	2.15e-01	4.54e-02	3.23e-03
 3.53290e+22	4.51e-29	1.29e-22	1.82e-17	5.56e-15	8.30e-13	4.33e-11	1.21e-09	4.09e-08	2.31e-05	9.28e-04	1.21e-02	5.59e-02	1.81e-01	2.28e-01	1.57e-01	1.17e-01	2.04e-01	4.19e-02	2.90e-03
 3.54333e+22	6.92e-29	1.94e-22	2.68e-17	7.81e-15	1.11e-12	5.50e-11	1.45e-09	4.69e-08	2.67e-05	1.06e-03	1.36e-02	6.11e-02	1.92e-01	2.34e-01	1.56e-01	1.12e-01	1.89e-01	3.75e-02	2.51e-03
 3.55381e+22	9.59e-29	2.65e-22	3.61e-17	1.01e-14	1.38e-12	6.60e-11	1.67e-09	5.22e-08	2.97e-05	1.18e-03	1.49e-02	6.54e-02	2.01e-01	2.39e-01	1.55e-01	1.08e-01	1.79e-01	3.45e-02	2.24e-03
 3.56284e+22	1.32e-28	3.60e-22	4.83e-17	1.30e-14	1.72e-12	7.88e-11	1.92e-09	5.78e-08	3.29e-05	1.30e-03	1.62e-02	6.96e-02	2.10e-01	2.43e-01	1.53e-01	1.04e-01	1.69e-01	3.16e-02	2.00e-03
 3.57307e+22	2.01e-28	5.37e-22	7.07e-17	1.82e-14	2.28e-12	9.95e-11	2.30e-09	6.60e-08	3.76e-05	1.48e-03	1.80e-02	7.54e-02	2.21e-01	2.48e-01	1.51e-01	9.91e-02	1.56e-01	2.82e-02	1.72e-03
 3.58328e+22	2.72e-28	7.19e-22	9.32e-17	2.31e-14	2.80e-12	1.18e-10	2.63e-09	7.30e-08	4.14e-05	1.62e-03	1.94e-02	7.98e-02	2.29e-01	2.51e-01	1.49e-01	9.54e-02	1.47e-01	2.59e-02	1.54e-03
 3.59347e+22	4.11e-28	1.06e-21	1.35e-16	3.20e-14	3.69e-12	1.48e-10	3.15e-09	8.32e-08	4.69e-05	1.82e-03	2.14e-02	8.59e-02	2.40e-01	2.55e-01	1.46e-01	9.04e-02	1.36e-01	2.30e-02	1.32e-03
 3.60376e+22	5.57e-28	1.42e-21	1.78e-16	4.06e-14	4.53e-12	1.76e-10	3.60e-09	9.21e-08	5.15e-05	1.99e-03	2.30e-02	9.05e-02	2.48e-01	2.57e-01	1.43e-01	8.67e-02	1.28e-01	2.10e-02	1.17e-03
 3.61419e+22	8.40e-28	2.11e-21	2.59e-16	5.61e-14	5.98e-12	2.21e-10	4.31e-09	1.05e-07	5.82e-05	2.23e-03	2.53e-02	9.70e-02	2.58e-01	2.59e-01	1.40e-01	8.18e-02	1.17e-01	1.86e-02	1.00e-03
 3.62480e+22	1.14e-27	2.83e-21	3.42e-16	7.16e-14	7.36e-12	2.64e-10	4.95e-09	1.17e-07	6.38e-05	2.43e-03	2.71e-02	1.02e-01	2.66e-01	2.60e-01	1.37e-01	7.82e-02	1.09e-01	1.69e-02	8.87e-04
 3.63565e+22	1.71e-27	4.15e-21	4.92e-16	9.83e-14	9.67e-12	3.31e-10	5.92e-09	1.34e-07	7.19e-05	2.71e-03	2.96e-02	1.09e-01	2.75e-01	2.61e-01	1.33e-01	7.36e-02	1.00e-01	1.50e-02	7.56e-04
 3.64687e+22	2.39e-27	5.69e-21	6.62e-16	1.27e-13	1.21e-11	3.99e-10	6.87e-09	1.50e-07	7.91e-05	2.96e-03	3.18e-02	1.14e-01	2.83e-01	2.62e-01	1.30e-01	6.99e-02	9.30e-02	1.35e-02	6.61e-04
 3.65855e+22	3.63e-27	8.48e-21	9.65e-16	1.77e-13	1.61e-11	5.06e-10	8.31e-09	1.73e-07	8.93e-05	3.30e-03	3.47e-02	1.21e-01	2.92e-01	2.61e-01	1.25e-01	6.53e-02	8.44e-02	1.18e-02	5.56e-04
 3.67050e+22	5.07e-27	1.16e-20	1.30e-15	2.30e-13	2.01e-11	6.11e-10	9.67e-09	1.95e-07	9.82e-05	3.60e-03	3.72e-02	1.27e-01	2.99e-01	2.61e-01	1.22e-01	6.18e-02	7.81e-02	1.06e-02	4.84e-04
 3.68114e+22	7.00e-27	1.58e-20	1.74e-15	2.96e-13	2.50e-11	7.35e-10	1.12e-08	2.18e-07	1.08e-04	3.90e-03	3.96e-02	1.33e-01	3.05e-01	2.60e-01	1.18e-01	5.84e-02	7.23e-02	9.49e-03	4.22e-04
 3.69328e+22	1.06e-26	2.33e-20	2.51e-15	4.08e-13	3.31e-11	9.30e-10	1.35e-08	2.53e-07	1.21e-04	4.33e-03	4.30e-02	1.40e-01	3.13e-01	2.58e-01	1.13e-01	5.44e-02	6.53e-02	8.25e-03	3.54e-04
 3.70561e+22	1.45e-26	3.16e-20	3.33e-15	5.24e-13	4.10e-11	1.12e-09	1.57e-08	2.84e-07	1.33e-04	4.69e-03	4.57e-02	1.46e-01	3.19e-01	2.56e-01	1.09e-01	5.13e-02	6.03e-02	7.40e-03	3.08e-04
 3.71815e+22	2.19e-26	4.64e-20	4.78e-15	7.19e-13	5.41e-11	1.41e-09	1.90e-08	3.29e-07	1.49e-04	5.19e-03	4.93e-02	1.53e-01	3.25e-01	2.53e-01	1.05e-01	4.76e-02	5.44e-02	6.42e-03	2.58e-04
 3.73034e+22	2.91e-26	6.08e-20	6.15e-15	8.98e-13	6.56e-11	1.66e-09	2.17e-08	3.65e-07	1.62e-04	5.56e-03	5.20e-02	1.59e-01	3.30e-01	2.51e-01	1.01e-01	4.51e-02	5.05e-02	5.81e-03	2.27e-04
 3.74206e+22	4.21e-26	8.62e-20	8.54e-15	1.20e-12	8.43e-11	2.06e-09	2.59e-08	4.19e-07	1.80e-04	6.09e-03	5.56e-02	1.66e-01	3.35e-01	2.47e-01	9.69e-02	4.20e-02	4.58e-02	5.08e-03	1.92e-04
 3.75399e+22	5.59e-26	1.13e-19	1.10e-14	1.49e-12	1.02e-10	2.43e-09	2.96e-08	4.66e-07	1.95e-04	6.52e-03	5.85e-02	1.71e-01	3.39e-01	2.44e-01	9.36e-02	3.97e-02	4.25e-02	4.59e-03	1.69e-04
 3.76622e+22	8.15e-26	1.61e-19	1.53e-14	2.00e-12	1.32e-10	3.02e-09	3.54e-08	5.36e-07	2.17e-04	7.13e-03	6.25e-02	1.78e-01	3.43e-01	2.40e-01	8.91e-02	3.68e-02	3.83e-02	3.99e-03	1.42e-04
 3.77862e+22	1.08e-25	2.08e-19	1.95e-14	2.48e-12	1.59e-10	3.56e-09	4.04e-08	5.96e-07	2.35e-04	7.62e-03	6.56e-02	1.84e-01	3.46e-01	2.37e-01	8.59e-02	3.47e-02	3.55e-02	3.60e-03	1.24e-04
 3.79124e+22	1.57e-25	2.97e-19	2.71e-14	3.31e-12	2.05e-10	4.42e-09	4.83e-08	6.87e-07	2.62e-04	8.33e-03	6.99e-02	1.91e-01	3.50e-01	2.32e-01	8.16e-02	3.21e-02	3.19e-02	3.12e-03	1.04e-04
 3.80365e+22	2.02e-25	3.77e-19	3.39e-14	4.04e-12	2.45e-10	5.15e-09	5.48e-08	7.59e-07	2.82e-04	8.85e-03	7.30e-02	1.96e-01	3.52e-01	2.28e-01	7.87e-02	3.04e-02	2.97e-02	2.83e-03	9.21e-05
 3.81577e+22	2.87e-25	5.24e-19	4.59e-14	5.28e-12	3.10e-10	6.31e-09	6.48e-08	8.67e-07	3.12e-04	9.60e-03	7.74e-02	2.02e-01	3.55e-01	2.23e-01	7.48e-02	2.82e-02	2.68e-02	2.47e-03	7.77e-05
 3.82815e+22	3.73e-25	6.69e-19	5.77e-14	6.47e-12	3.71e-10	7.36e-09	7.36e-08	9.61e-07	3.37e-04	1.02e-02	8.08e-02	2.07e-01	3.56e-01	2.20e-01	7.19e-02	2.66e-02	2.49e-02	2.23e-03	6.84e-05
 3.84084e+22	5.29e-25	9.29e-19	7.82e-14	8.47e-12	4.70e-10	9.04e-09	8.73e-08	1.10e-06	3.73e-04	1.11e-02	8.55e-02	2.14e-01	3.58e-01	2.14e-01	6.81e-02	2.46e-02	2.24e-02	1.94e-03	5.75e-05
 3.85377e+22	6.91e-25	1.19e-18	9.86e-14	1.04e-11	5.64e-10	1.06e-08	9.95e-08	1.22e-06	4.04e-04	1.18e-02	8.92e-02	2.19e-01	3.59e-01	2.10e-01	6.52e-02	2.31e-02	2.07e-02	1.75e-03	5.03e-05
 3.86701e+22	9.85e-25	1.66e-18	1.34e-13	1.37e-11	7.17e-10	1.30e-08	1.18e-07	1.40e-06	4.47e-04	1.28e-02	9.43e-02	2.26e-01	3.60e-01	2.04e-01	6.16e-02	2.13e-02	1.85e-02	1.51e-03	4.21e-05
 3.88050e+22	1.29e-24	2.13e-18	1.69e-13	1.68e-11	8.61e-10	1.53e-08	1.35e-07	1.56e-06	4.85e-04	1.36e-02	9.83e-02	2.31e-01	3.60e-01	1.99e-01	5.89e-02	1.99e-02	1.70e-02	1.35e-03	3.67e-05
 3.89428e+22	1.84e-24	2.97e-18	2.30e-13	2.21e-11	1.10e-09	1.89e-08	1.61e-07	1.80e-06	5.38e-04	1.47e-02	1.04e-01	2.38e-01	3.60e-01	1.93e-01	5.54e-02	1.83e-02	1.52e-02	1.17e-03	3.05e-05
 3.90832e+22	2.42e-24	3.83e-18	2.90e-13	2.72e-11	1.32e-09	2.22e-08	1.84e-07	2.01e-06	5.84e-04	1.57e-02	1.08e-01	2.43e-01	3.60e-01	1.89e-01	5.28e-02	1.71e-02	1.40e-02	1.04e-03	2.65e-05
 3.92270e+22	3.46e-24	5.35e-18	3.95e-13	3.57e-11	1.68e-09	2.74e-08	2.20e-07	2.32e-06	6.50e-04	1.70e-02	1.14e-01	2.49e-01	3.59e-01	1.82e-01	4.94e-02	1.56e-02	1.24e-02	8.93e-04	2.19e-05
 3.93676e+22	4.41e-24	6.70e-18	4.86e-13	4.31e-11	1.99e-09	3.17e-08	2.49e-07	2.56e-06	7.00e-04	1.80e-02	1.18e-01	2.54e-01	3.58e-01	1.78e-01	4.73e-02	1.47e-02	1.15e-02	8.05e-04	1.93e-05
 3.95039e+22	6.18e-24	9.17e-18	6.49e-13	5.57e-11	2.50e-09	3.87e-08	2.94e-07	2.93e-06	7.73e-04	1.94e-02	1.24e-01	2.59e-01	3.56e-01	1.72e-01	4.43e-02	1.35e-02	1.03e-02	6.95e-04	1.61e-05
 3.96423e+22	7.90e-24	1.15e-17	7.99e-13	6.72e-11	2.96e-09	4.48e-08	3.32e-07	3.24e-06	8.34e-04	2.05e-02	1.29e-01	2.64e-01	3.54e-01	1.67e-01	4.23e-02	1.26e-02	9.46e-03	6.25e-04	1.41e-05
 3.97836e+22	1.10e-23	1.56e-17	1.06e-12	8.64e-11	3.70e-09	5.45e-08	3.92e-07	3.70e-06	9.20e-04	2.20e-02	1.35e-01	2.69e-01	3.52e-01	1.61e-01	3.96e-02	1.16e-02	8.46e-03	5.39e-04	1.18e-05
 3.99293e+22	1.44e-23	2.00e-17	1.33e-12	1.06e-10	4.44e-09	6.39e-08	4.48e-07	4.13e-06	9.98e-04	2.34e-02	1.40e-01	2.74e-01	3.50e-01	1.56e-01	3.75e-02	1.08e-02	7.71e-03	4.78e-04	1.02e-05
 4.00808e+22	2.01e-23	2.73e-17	1.77e-12	1.37e-10	5.57e-09	7.80e-08	5.30e-07	4.73e-06	1.10e-03	2.51e-02	1.46e-01	2.79e-01	3.46e-01	1.50e-01	3.50e-02	9.83e-03	6.87e-03	4.11e-04	8.44e-06
 4.02372e+22	2.67e-23	3.55e-17	2.24e-12	1.70e-10	6.76e-09	9.23e-08	6.10e-07	5.31e-06	1.20e-03	2.68e-02	1.52e-01	2.83e-01	3.43e-01	1.45e-01	3.30e-02	9.08e-03	6.22e-03	3.61e-04	7.20e-06
 4.04000e+22	3.78e-23	4.90e-17	3.01e-12	2.21e-10	8.56e-09	1.14e-07	7.27e-07	6.12e-06	1.34e-03	2.89e-02	1.59e-01	2.88e-01	3.39e-01	1.38e-01	3.06e-02	8.23e-03	5.49e-03	3.08e-04	5.92e-06
 4.05674e+22	5.07e-23	6.42e-17	3.86e-12	2.76e-10	1.04e-08	1.35e-07	8.41e-07	6.90e-06	1.46e-03	3.08e-02	1.65e-01	2.93e-01	3.35e-01	1.33e-01	2.87e-02	7.57e-03	4.94e-03	2.69e-04	5.01e-06
 4.07406e+22	7.27e-23	8.96e-17	5.23e-12	3.63e-10	1.33e-08	1.67e-07	1.01e-06	8.00e-06	1.63e-03	3.32e-02	1.73e-01	2.97e-01	3.30e-01	1.27e-01	2.65e-02	6.82e-03	4.33e-03	2.27e-04	4.07e-06
 4.09196e+22	9.88e-23	1.19e-16	6.76e-12	4.57e-10	1.64e-08	2.01e-07	1.17e-06	9.06e-06	1.79e-03	3.55e-02	1.80e-01	3.01e-01	3.25e-01	1.21e-01	2.47e-02	6.23e-03	3.87e-03	1.96e-04	3.41e-06
 4.11060e+22	1.44e-22	1.68e-16	9.28e-12	6.09e-10	2.12e-08	2.51e-07	1.42e-06	1.06e-05	2.01e-03	3.85e-02	1.89e-01	3.06e-01	3.19e-01	1.15e-01	2.26e-02	5.56e-03	3.36e-03	1.64e-04	2.73e-06
 4.12973e+22	1.98e-22	2.25e-16	1.21e-11	7.73e-10	2.63e-08	3.03e-07	1.66e-06	1.20e-05	2.21e-03	4.11e-02	1.96e-01	3.09e-01	3.14e-01	1.09e-01	2.09e-02	5.05e-03	2.98e-03	1.40e-04	2.27e-06
 4.14690e+22	2.68e-22	2.97e-16	1.56e-11	9.71e-10	3.22e-08	3.62e-07	1.93e-06	1.36e-05	2.42e-03	4.38e-02	2.03e-01	3.12e-01	3.08e-01	1.04e-01	1.95e-02	4.60e-03	2.66e-03	1.21e-04	1.90e-06
 4.16663e+22	4.01e-22	4.30e-16	2.18e-11	1.31e-09	4.22e-08	4.60e-07	2.36e-06	1.60e-05	2.73e-03	4.76e-02	2.12e-01	3.16e-01	3.00e-01	9.76e-02	1.76e-02	4.05e-03	2.27e-03	9.90e-05	1.48e-06
 4.18647e+22	5.42e-22	5.67e-16	2.80e-11	1.65e-09	5.17e-08	5.49e-07	2.74e-06	1.81e-05	2.99e-03	5.06e-02	2.20e-01	3.18e-01	2.94e-01	9.28e-02	1.63e-02	3.69e-03	2.02e-03	8.53e-05	1.24e-06
 4.20648e+22	8.05e-22	8.15e-16	3.89e-11	2.22e-09	6.75e-08	6.93e-07	3.34e-06	2.13e-05	3.36e-03	5.48e-02	2.29e-01	3.20e-01	2.86e-01	8.67e-02	1.47e-02	3.24e-03	1.72e-03	6.97e-05	9.69e-07
 4.22691e+22	1.11e-21	1.09e-15	5.06e-11	2.81e-09	8.36e-08	8.36e-07	3.91e-06	2.42e-05	3.70e-03	5.84e-02	2.37e-01	3.22e-01	2.79e-01	8.20e-02	1.35e-02	2.92e-03	1.51e-03	5.91e-05	7.94e-07
 4.24789e+22	1.66e-21	1.58e-15	7.09e-11	3.81e-09	1.10e-07	1.06e-06	4.78e-06	2.86e-05	4.17e-03	6.33e-02	2.47e-01	3.24e-01	2.70e-01	7.61e-02	1.21e-02	2.55e-03	1.28e-03	4.78e-05	6.14e-07
 4.26920e+22	2.31e-21	2.14e-15	9.29e-11	4.87e-09	1.37e-07	1.29e-06	5.63e-06	3.26e-05	4.59e-03	6.74e-02	2.55e-01	3.25e-01	2.62e-01	7.15e-02	1.11e-02	2.28e-03	1.12e-03	4.02e-05	4.97e-07
 4.29093e+22	3.52e-21	3.14e-15	1.32e-10	6.66e-09	1.81e-07	1.65e-06	6.94e-06	3.88e-05	5.20e-03	7.31e-02	2.65e-01	3.25e-01	2.52e-01	6.59e-02	9.80e-03	1.97e-03	9.31e-04	3.19e-05	3.77e-07
 4.31147e+22	4.66e-21	4.06e-15	1.66e-10	8.20e-09	2.19e-07	1.95e-06	7.97e-06	4.34e-05	5.65e-03	7.71e-02	2.72e-01	3.26e-01	2.45e-01	6.23e-02	9.04e-03	1.78e-03	8.25e-04	2.74e-05	3.14e-07
 4.33046e+22	6.72e-21	5.67e-15	2.24e-10	1.08e-08	2.80e-07	2.42e-06	9.57e-06	5.05e-05	6.29e-03	8.27e-02	2.81e-01	3.25e-01	2.36e-01	5.77e-02	8.10e-03	1.56e-03	7.00e-04	2.23e-05	2.44e-07
 4.34961e+22	8.89e-21	7.32e-15	2.81e-10	1.32e-08	3.37e-07	2.85e-06	1.10e-05	5.65e-05	6.82e-03	8.71e-02	2.88e-01	3.25e-01	2.29e-01	5.44e-02	7.45e-03	1.41e-03	6.19e-04	1.91e-05	2.02e-07
 4.36897e+22	1.29e-20	1.03e-14	3.81e-10	1.74e-08	4.32e-07	3.55e-06	1.33e-05	6.60e-05	7.61e-03	9.33e-02	2.97e-01	3.23e-01	2.20e-01	5.01e-02	6.62e-03	1.22e-03	5.20e-04	1.53e-05	1.56e-07
 4.38851e+22	1.72e-20	1.33e-14	4.81e-10	2.15e-08	5.23e-07	4.21e-06	1.53e-05	7.42e-05	8.28e-03	9.83e-02	3.04e-01	3.22e-01	2.13e-01	4.69e-02	6.05e-03	1.10e-03	4.56e-04	1.30e-05	1.27e-07
 4.40827e+22	2.49e-20	1.87e-14	6.52e-10	2.83e-08	6.73e-07	5.26e-06	1.85e-05	8.68e-05	9.25e-03	1.05e-01	3.13e-01	3.20e-01	2.03e-01	4.30e-02	5.34e-03	9.47e-04	3.80e-04	1.03e-05	0.00e+00
 4.42831e+22	3.33e-20	2.43e-14	8.24e-10	3.50e-08	8.17e-07	6.26e-06	2.14e-05	9.79e-05	1.01e-02	1.11e-01	3.20e-01	3.18e-01	1.96e-01	4.01e-02	4.84e-03	8.44e-04	3.30e-04	8.66e-06	0.00e+00
 4.44870e+22	4.87e-20	3.43e-14	1.12e-09	4.63e-08	1.06e-06	7.88e-06	2.60e-05	1.15e-04	1.13e-02	1.19e-01	3.28e-01	3.14e-01	1.86e-01	3.64e-02	4.23e-03	7.20e-04	2.72e-04	6.79e-06	0.00e+00
 4.46937e+22	6.54e-20	4.47e-14	1.42e-09	5.74e-08	1.29e-06	9.39e-06	3.02e-05	1.30e-04	1.23e-02	1.25e-01	3.35e-01	3.11e-01	1.78e-01	3.37e-02	3.82e-03	6.37e-04	2.34e-04	5.64e-06	0.00e+00
 4.49038e+22	9.58e-20	6.32e-14	1.92e-09	7.60e-08	1.67e-06	1.19e-05	3.68e-05	1.54e-04	1.38e-02	1.34e-01	3.43e-01	3.07e-01	1.68e-01	3.03e-02	3.30e-03	5.39e-04	1.91e-04	4.36e-06	0.00e+00
 4.51183e+22	1.30e-19	8.30e-14	2.45e-09	9.49e-08	2.05e-06	1.43e-05	4.32e-05	1.76e-04	1.52e-02	1.42e-01	3.49e-01	3.03e-01	1.60e-01	2.78e-02	2.94e-03	4.70e-04	1.61e-04	3.54e-06	0.00e+00
 4.53385e+22	1.91e-19	1.18e-13	3.33e-09	1.26e-07	2.68e-06	1.82e-05	5.31e-05	2.10e-04	1.71e-02	1.52e-01	3.57e-01	2.97e-01	1.49e-01	2.48e-02	2.51e-03	3.92e-04	1.29e-04	2.69e-06	0.00e+00
 4.55634e+22	2.61e-19	1.55e-13	4.25e-09	1.58e-07	3.32e-06	2.21e-05	6.27e-05	2.42e-04	1.89e-02	1.60e-01	3.63e-01	2.91e-01	1.41e-01	2.25e-02	2.21e-03	3.38e-04	1.08e-04	2.14e-06	0.00e+00
 4.57869e+22	3.78e-19	2.16e-13	5.67e-09	2.07e-07	4.30e-06	2.80e-05	7.69e-05	2.88e-04	2.12e-02	1.72e-01	3.69e-01	2.84e-01	1.31e-01	1.99e-02	1.87e-03	2.80e-04	8.57e-05	1.61e-06	0.00e+00
 4.59993e+22	4.92e-19	2.73e-13	6.95e-09	2.51e-07	5.16e-06	3.32e-05	8.88e-05	3.26e-04	2.31e-02	1.80e-01	3.73e-01	2.79e-01	1.24e-01	1.82e-02	1.66e-03	2.44e-04	7.26e-05	1.31e-06	0.00e+00
 4.62042e+22	6.87e-19	3.68e-13	8.99e-09	3.21e-07	6.55e-06	4.14e-05	1.08e-04	3.85e-04	2.59e-02	1.91e-01	3.78e-01	2.71e-01	1.15e-01	1.61e-02	1.41e-03	2.03e-04	5.80e-05	9.95e-07	0.00e+00
 4.64131e+22	8.94e-19	4.64e-13	1.10e-08	3.90e-07	7.90e-06	4.93e-05	1.25e-04	4.39e-04	2.83e-02	2.00e-01	3.81e-01	2.65e-01	1.08e-01	1.45e-02	1.24e-03	1.75e-04	4.84e-05	7.96e-07	0.00e+00
 4.66182e+22	1.22e-18	6.09e-13	1.39e-08	4.89e-07	9.88e-06	6.08e-05	1.50e-04	5.15e-04	3.14e-02	2.12e-01	3.85e-01	2.57e-01	1.00e-01	1.28e-02	1.05e-03	1.46e-04	3.87e-05	6.04e-07	0.00e+00
 4.68276e+22	1.58e-18	7.65e-13	1.68e-08	5.92e-07	1.19e-05	7.27e-05	1.75e-04	5.91e-04	3.45e-02	2.22e-01	3.87e-01	2.49e-01	9.34e-02	1.15e-02	9.11e-04	1.24e-04	3.18e-05	4.75e-07	0.00e+00
 4.70315e+22	2.09e-18	9.74e-13	2.07e-08	7.28e-07	1.47e-05	8.83e-05	2.08e-04	6.89e-04	3.81e-02	2.34e-01	3.89e-01	2.41e-01	8.61e-02	1.01e-02	7.75e-04	1.03e-04	2.55e-05	3.63e-07	0.00e+00
 4.72398e+22	2.70e-18	1.22e-12	2.49e-08	8.80e-07	1.78e-05	1.06e-04	2.43e-04	7.94e-04	4.19e-02	2.45e-01	3.90e-01	2.32e-01	7.96e-02	8.98e-03	6.63e-04	8.67e-05	2.07e-05	2.80e-07	0.00e+00
 4.74460e+22	3.49e-18	1.52e-12	3.00e-08	1.07e-06	2.16e-05	1.28e-04	2.86e-04	9.20e-04	4.62e-02	2.57e-01	3.90e-01	2.23e-01	7.31e-02	7.90e-03	5.63e-04	7.22e-05	1.66e-05	2.14e-07	0.00e+00
 4.76533e+22	4.45e-18	1.87e-12	3.56e-08	1.28e-06	2.60e-05	1.53e-04	3.34e-04	1.06e-03	5.07e-02	2.69e-01	3.89e-01	2.14e-01	6.71e-02	6.95e-03	4.79e-04	6.02e-05	1.34e-05	1.64e-07	0.00e+00
 4.78581e+22	5.64e-18	2.29e-12	4.21e-08	1.52e-06	3.12e-05	1.82e-04	3.90e-04	1.22e-03	5.56e-02	2.81e-01	3.88e-01	2.05e-01	6.14e-02	6.10e-03	4.06e-04	5.01e-05	1.07e-05	1.26e-07	0.00e+00
 4.80626e+22	7.09e-18	2.78e-12	4.93e-08	1.81e-06	3.73e-05	2.16e-04	4.53e-04	1.41e-03	6.08e-02	2.93e-01	3.86e-01	1.96e-01	5.61e-02	5.35e-03	3.44e-04	4.17e-05	8.60e-06	0.00e+00	0.00e+00
 4.82674e+22	8.87e-18	3.36e-12	5.75e-08	2.14e-06	4.44e-05	2.56e-04	5.25e-04	1.62e-03	6.65e-02	3.05e-01	3.83e-01	1.87e-01	5.11e-02	4.68e-03	2.91e-04	3.45e-05	6.88e-06	0.00e+00	0.00e+00
 4.84731e+22	1.10e-17	4.04e-12	6.66e-08	2.52e-06	5.28e-05	3.02e-04	6.07e-04	1.86e-03	7.26e-02	3.17e-01	3.79e-01	1.78e-01	4.65e-02	4.08e-03	2.45e-04	2.86e-05	5.49e-06	0.00e+00	0.00e+00
 4.86800e+22	1.37e-17	4.83e-12	7.70e-08	2.97e-06	6.25e-05	3.56e-04	7.01e-04	2.13e-03	7.91e-02	3.28e-01	3.75e-01	1.69e-01	4.21e-02	3.55e-03	2.06e-04	2.36e-05	4.37e-06	0.00e+00	0.00e+00
 4.88888e+22	1.69e-17	5.77e-12	8.87e-08	3.48e-06	7.39e-05	4.19e-04	8.06e-04	2.43e-03	8.60e-02	3.40e-01	3.69e-01	1.60e-01	3.81e-02	3.08e-03	1.73e-04	1.94e-05	3.47e-06	0.00e+00	0.00e+00
 4.91000e+22	2.09e-17	6.88e-12	1.02e-07	4.08e-06	8.73e-05	4.92e-04	9.27e-04	2.79e-03	9.35e-02	3.51e-01	3.63e-01	1.51e-01	3.43e-02	2.67e-03	1.45e-04	1.59e-05	2.75e-06	0.00e+00	0.00e+00
 4.93123e+22	2.58e-17	8.17e-12	1.17e-07	4.76e-06	1.03e-04	5.76e-04	1.06e-03	3.18e-03	1.01e-01	3.62e-01	3.57e-01	1.42e-01	3.09e-02	2.31e-03	1.21e-04	1.30e-05	2.17e-06	0.00e+00	0.00e+00
 4.95280e+22	3.19e-17	9.74e-12	1.34e-07	5.58e-06	1.21e-04	6.75e-04	1.22e-03	3.63e-03	1.10e-01	3.72e-01	3.49e-01	1.33e-01	2.76e-02	1.98e-03	1.01e-04	1.06e-05	1.71e-06	0.00e+00	0.00e+00
 4.97463e+22	3.93e-17	1.16e-11	1.54e-07	6.51e-06	1.42e-04	7.87e-04	1.38e-03	4.13e-03	1.19e-01	3.82e-01	3.41e-01	1.25e-01	2.47e-02	1.71e-03	8.39e-05	8.66e-06	1.35e-06	0.00e+00	0.00e+00
 4.99688e+22	4.88e-17	1.39e-11	1.77e-07	7.65e-06	1.68e-04	9.22e-04	1.58e-03	4.71e-03	1.28e-01	3.92e-01	3.32e-01	1.16e-01	2.20e-02	1.46e-03	6.92e-05	6.99e-06	1.05e-06	0.00e+00	0.00e+00
 5.01758e+22	5.84e-17	1.61e-11	1.99e-07	8.71e-06	1.91e-04	1.05e-03	1.76e-03	5.23e-03	1.37e-01	3.99e-01	3.25e-01	1.10e-01	2.00e-02	1.28e-03	5.92e-05	5.87e-06	8.55e-07	0.00e+00	0.00e+00
 5.03889e+22	7.34e-17	1.94e-11	2.31e-07	1.03e-05	2.26e-04	1.23e-03	2.01e-03	5.98e-03	1.48e-01	4.08e-01	3.14e-01	1.02e-01	1.76e-02	1.08e-03	4.83e-05	4.68e-06	6.57e-07	0.00e+00	0.00e+00
 5.06053e+22	8.85e-17	2.26e-11	2.61e-07	1.18e-05	2.59e-04	1.39e-03	2.23e-03	6.63e-03	1.57e-01	4.14e-01	3.06e-01	9.56e-02	1.59e-02	9.47e-04	4.12e-05	3.92e-06	5.34e-07	0.00e+00	0.00e+00
 5.08268e+22	1.12e-16	2.76e-11	3.05e-07	1.40e-05	3.06e-04	1.63e-03	2.54e-03	7.57e-03	1.69e-01	4.22e-01	2.95e-01	8.79e-02	1.39e-02	7.93e-04	3.33e-05	3.09e-06	4.05e-07	0.00e+00	0.00e+00
 5.10495e+22	1.36e-16	3.25e-11	3.48e-07	1.60e-05	3.50e-04	1.84e-03	2.80e-03	8.34e-03	1.78e-01	4.27e-01	2.86e-01	8.24e-02	1.25e-02	6.95e-04	2.84e-05	2.59e-06	3.30e-07	0.00e+00	0.00e+00
 5.12736e+22	1.75e-16	3.99e-11	4.10e-07	1.91e-05	4.14e-04	2.15e-03	3.17e-03	9.47e-03	1.91e-01	4.32e-01	2.74e-01	7.55e-02	1.09e-02	5.82e-04	2.29e-05	2.04e-06	2.51e-07	0.00e+00	0.00e+00
 5.14991e+22	2.14e-16	4.72e-11	4.69e-07	2.20e-05	4.71e-04	2.42e-03	3.48e-03	1.04e-02	2.01e-01	4.36e-01	2.66e-01	7.05e-02	9.85e-03	5.08e-04	1.95e-05	1.71e-06	2.04e-07	0.00e+00	0.00e+00
 5.17262e+22	2.77e-16	5.86e-11	5.59e-07	2.63e-05	5.57e-04	2.82e-03	3.93e-03	1.18e-02	2.14e-01	4.40e-01	2.54e-01	6.44e-02	8.56e-03	4.25e-04	1.58e-05	1.35e-06	1.55e-07	0.00e+00	0.00e+00
 5.19552e+22	3.41e-16	6.99e-11	6.45e-07	3.03e-05	6.35e-04	3.16e-03	4.30e-03	1.29e-02	2.25e-01	4.42e-01	2.45e-01	6.00e-02	7.69e-03	3.70e-04	1.34e-05	1.12e-06	1.26e-07	0.00e+00	0.00e+00
 5.21867e+22	4.47e-16	8.79e-11	7.77e-07	3.65e-05	7.51e-04	3.67e-03	4.83e-03	1.45e-02	2.39e-01	4.43e-01	2.33e-01	5.46e-02	6.66e-03	3.09e-04	1.08e-05	8.81e-07	0.00e+00	0.00e+00	0.00e+00
 5.24212e+22	5.57e-16	1.06e-10	9.06e-07	4.23e-05	8.57e-04	4.12e-03	5.27e-03	1.58e-02	2.49e-01	4.44e-01	2.24e-01	5.06e-02	5.95e-03	2.68e-04	9.10e-06	7.31e-07	0.00e+00	0.00e+00	0.00e+00
 5.26593e+22	7.42e-16	1.35e-10	1.11e-06	5.13e-05	1.02e-03	4.79e-03	5.90e-03	1.77e-02	2.64e-01	4.44e-01	2.12e-01	4.58e-02	5.13e-03	2.22e-04	7.30e-06	5.72e-07	0.00e+00	0.00e+00	0.00e+00
 5.29014e+22	9.38e-16	1.65e-10	1.30e-06	5.99e-05	1.16e-03	5.38e-03	6.44e-03	1.93e-02	2.75e-01	4.43e-01	2.03e-01	4.23e-02	4.56e-03	1.92e-04	6.14e-06	4.72e-07	0.00e+00	0.00e+00	0.00e+00
 5.31486e+22	1.27e-15	2.14e-10	1.62e-06	7.33e-05	1.38e-03	6.25e-03	7.20e-03	2.16e-02	2.90e-01	4.41e-01	1.91e-01	3.81e-02	3.91e-03	1.58e-04	4.88e-06	3.66e-07	0.00e+00	0.00e+00	0.00e+00
 5.34009e+22	1.64e-15	2.66e-10	1.94e-06	8.65e-05	1.59e-03	7.03e-03	7.85e-03	2.35e-02	3.02e-01	4.38e-01	1.82e-01	3.50e-02	3.45e-03	1.36e-04	4.08e-06	3.00e-07	0.00e+00	0.00e+00	0.00e+00
 5.36599e+22	2.27e-15	3.52e-10	2.45e-06	1.07e-04	1.91e-03	8.18e-03	8.77e-03	2.63e-02	3.17e-01	4.34e-01	1.70e-01	3.12e-02	2.93e-03	1.11e-04	3.21e-06	2.31e-07	0.00e+00	0.00e+00	0.00e+00
