#depth	O	O+	O+2	O+3	O+4	O+5	O+6	O+7	O+8	O[1]	O[2]	O[3]
 1.54284e+22	5.95e-09	6.07e-05	1.83e-02	2.75e-01	3.59e-01	2.27e-01	1.18e-01	3.30e-03	2.28e-05	5.95e-09	1.73e-17	2.10e-17
 3.57553e+22	2.14e-08	1.54e-04	3.39e-02	3.66e-01	3.55e-01	1.76e-01	6.80e-02	1.36e-03	6.75e-06	2.14e-08	6.84e-17	8.28e-17
 4.31030e+22	3.98e-08	2.38e-04	4.48e-02	4.10e-01	3.43e-01	1.51e-01	5.06e-02	8.56e-04	3.61e-06	3.98e-08	1.36e-16	1.65e-16
 4.74936e+22	6.42e-08	3.32e-04	5.51e-02	4.43e-01	3.30e-01	1.32e-01	3.96e-02	5.87e-04	2.17e-06	6.42e-08	2.34e-16	2.82e-16
 5.03166e+22	7.96e-08	3.86e-04	6.03e-02	4.57e-01	3.23e-01	1.23e-01	3.53e-02	4.92e-04	1.72e-06	7.96e-08	2.98e-16	3.60e-16
 5.20687e+22	9.83e-08	4.46e-04	6.58e-02	4.70e-01	3.16e-01	1.15e-01	3.15e-02	4.13e-04	1.36e-06	9.83e-08	3.78e-16	4.57e-16
 5.40708e+22	1.29e-07	5.36e-04	7.35e-02	4.87e-01	3.06e-01	1.06e-01	2.71e-02	3.29e-04	1.00e-06	1.29e-07	5.13e-16	6.20e-16
 5.60819e+22	1.59e-07	6.17e-04	7.99e-02	4.99e-01	2.98e-01	9.82e-02	2.40e-02	2.74e-04	7.89e-07	1.59e-07	6.50e-16	7.85e-16
 5.81045e+22	2.07e-07	7.38e-04	8.87e-02	5.13e-01	2.87e-01	8.93e-02	2.05e-02	2.17e-04	5.79e-07	2.07e-07	8.78e-16	1.06e-15
 6.01550e+22	2.56e-07	8.52e-04	9.64e-02	5.24e-01	2.78e-01	8.24e-02	1.80e-02	1.79e-04	4.48e-07	2.56e-07	1.12e-15	1.35e-15
 6.22418e+22	3.34e-07	1.02e-03	1.07e-01	5.37e-01	2.66e-01	7.43e-02	1.53e-02	1.40e-04	3.23e-07	3.34e-07	1.51e-15	1.82e-15
 6.43510e+22	4.14e-07	1.17e-03	1.16e-01	5.46e-01	2.56e-01	6.80e-02	1.33e-02	1.14e-04	2.47e-07	4.14e-07	1.92e-15	2.32e-15
 6.62097e+22	5.10e-07	1.35e-03	1.25e-01	5.54e-01	2.46e-01	6.23e-02	1.16e-02	9.29e-05	1.90e-07	5.10e-07	2.43e-15	2.93e-15
 6.83463e+22	6.65e-07	1.61e-03	1.38e-01	5.63e-01	2.33e-01	5.55e-02	9.68e-03	7.14e-05	1.34e-07	6.65e-07	3.29e-15	3.95e-15
 7.05101e+22	8.21e-07	1.85e-03	1.49e-01	5.68e-01	2.22e-01	5.04e-02	8.36e-03	5.76e-05	0.00e+00	8.21e-07	4.16e-15	5.01e-15
 7.22578e+22	9.77e-07	2.07e-03	1.58e-01	5.72e-01	2.13e-01	4.64e-02	7.38e-03	4.80e-05	0.00e+00	9.77e-07	5.07e-15	6.09e-15
 7.40788e+22	1.21e-06	2.38e-03	1.71e-01	5.76e-01	2.03e-01	4.19e-02	6.33e-03	3.83e-05	0.00e+00	1.21e-06	6.47e-15	7.76e-15
 7.59329e+22	1.44e-06	2.67e-03	1.81e-01	5.78e-01	1.94e-01	3.83e-02	5.55e-03	3.17e-05	0.00e+00	1.44e-06	7.90e-15	9.47e-15
 7.75766e+22	1.71e-06	2.98e-03	1.92e-01	5.79e-01	1.85e-01	3.51e-02	4.87e-03	2.62e-05	0.00e+00	1.71e-06	9.59e-15	1.15e-14
 7.94599e+22	2.12e-06	3.42e-03	2.07e-01	5.80e-01	1.75e-01	3.14e-02	4.13e-03	2.07e-05	0.00e+00	2.12e-06	1.23e-14	1.47e-14
 8.13666e+22	2.53e-06	3.83e-03	2.19e-01	5.79e-01	1.66e-01	2.85e-02	3.59e-03	1.69e-05	0.00e+00	2.53e-06	1.49e-14	1.79e-14
 8.30441e+22	3.00e-06	4.27e-03	2.32e-01	5.77e-01	1.58e-01	2.59e-02	3.13e-03	1.38e-05	0.00e+00	3.00e-06	1.82e-14	2.17e-14
 8.49649e+22	3.71e-06	4.91e-03	2.48e-01	5.74e-01	1.48e-01	2.29e-02	2.63e-03	1.08e-05	0.00e+00	3.71e-06	2.33e-14	2.78e-14
 8.69059e+22	4.42e-06	5.49e-03	2.62e-01	5.70e-01	1.39e-01	2.07e-02	2.27e-03	8.74e-06	0.00e+00	4.42e-06	2.85e-14	3.39e-14
 8.86093e+22	5.24e-06	6.12e-03	2.76e-01	5.65e-01	1.32e-01	1.87e-02	1.97e-03	7.11e-06	0.00e+00	5.24e-06	3.46e-14	4.12e-14
 9.05598e+22	6.47e-06	7.00e-03	2.94e-01	5.58e-01	1.22e-01	1.64e-02	1.64e-03	5.49e-06	0.00e+00	6.47e-06	4.42e-14	5.27e-14
 9.25438e+22	7.69e-06	7.81e-03	3.10e-01	5.51e-01	1.15e-01	1.47e-02	1.41e-03	4.40e-06	0.00e+00	7.69e-06	5.41e-14	6.44e-14
 9.43048e+22	9.11e-06	8.70e-03	3.26e-01	5.44e-01	1.08e-01	1.32e-02	1.21e-03	3.53e-06	0.00e+00	9.11e-06	6.59e-14	7.84e-14
 9.63277e+22	1.13e-05	9.96e-03	3.46e-01	5.33e-01	9.90e-02	1.14e-02	9.95e-04	2.68e-06	0.00e+00	1.13e-05	8.46e-14	1.01e-13
 9.83833e+22	1.34e-05	1.11e-02	3.63e-01	5.22e-01	9.21e-02	1.01e-02	8.43e-04	2.12e-06	0.00e+00	1.34e-05	1.04e-13	1.23e-13
 9.97582e+22	1.46e-05	1.17e-02	3.73e-01	5.17e-01	8.85e-02	9.51e-03	7.72e-04	1.87e-06	0.00e+00	1.46e-05	1.15e-13	1.36e-13
 1.00823e+23	1.63e-05	1.26e-02	3.84e-01	5.10e-01	8.45e-02	8.80e-03	6.95e-04	1.61e-06	0.00e+00	1.63e-05	1.31e-13	1.55e-13
 1.02206e+23	1.87e-05	1.37e-02	3.98e-01	5.00e-01	7.96e-02	7.97e-03	6.07e-04	1.33e-06	0.00e+00	1.87e-05	1.54e-13	1.83e-13
 1.04005e+23	2.25e-05	1.54e-02	4.18e-01	4.86e-01	7.30e-02	6.93e-03	5.03e-04	1.02e-06	0.00e+00	2.25e-05	1.93e-13	2.29e-13
 1.05971e+23	2.66e-05	1.71e-02	4.36e-01	4.73e-01	6.74e-02	6.10e-03	4.23e-04	7.99e-07	0.00e+00	2.66e-05	2.35e-13	2.78e-13
 1.08155e+23	3.31e-05	1.96e-02	4.60e-01	4.54e-01	6.04e-02	5.12e-03	3.35e-04	5.75e-07	0.00e+00	3.31e-05	3.07e-13	3.63e-13
 1.10360e+23	3.90e-05	2.17e-02	4.79e-01	4.39e-01	5.53e-02	4.45e-03	2.79e-04	4.44e-07	0.00e+00	3.90e-05	3.76e-13	4.43e-13
 1.12592e+23	4.82e-05	2.47e-02	5.03e-01	4.19e-01	4.93e-02	3.73e-03	2.21e-04	3.19e-07	0.00e+00	4.82e-05	4.87e-13	5.72e-13
 1.14912e+23	5.75e-05	2.76e-02	5.24e-01	4.01e-01	4.44e-02	3.18e-03	1.79e-04	2.38e-07	0.00e+00	5.75e-05	6.05e-13	7.10e-13
 1.16711e+23	6.48e-05	2.96e-02	5.38e-01	3.88e-01	4.11e-02	2.83e-03	1.54e-04	1.93e-07	0.00e+00	6.48e-05	7.03e-13	8.23e-13
 1.18415e+23	7.57e-05	3.26e-02	5.56e-01	3.72e-01	3.74e-02	2.45e-03	1.28e-04	1.49e-07	0.00e+00	7.57e-05	8.54e-13	9.98e-13
 1.20160e+23	8.55e-05	3.51e-02	5.70e-01	3.58e-01	3.45e-02	2.17e-03	1.09e-04	0.00e+00	0.00e+00	8.55e-05	9.95e-13	1.16e-12
 1.21955e+23	9.97e-05	3.86e-02	5.87e-01	3.41e-01	3.12e-02	1.87e-03	8.98e-05	0.00e+00	0.00e+00	9.97e-05	1.21e-12	1.41e-12
 1.23793e+23	1.13e-04	4.17e-02	6.02e-01	3.26e-01	2.84e-02	1.63e-03	7.54e-05	0.00e+00	0.00e+00	1.13e-04	1.43e-12	1.65e-12
 1.25429e+23	1.28e-04	4.49e-02	6.16e-01	3.12e-01	2.60e-02	1.43e-03	6.37e-05	0.00e+00	0.00e+00	1.28e-04	1.67e-12	1.93e-12
 1.27303e+23	1.50e-04	4.94e-02	6.32e-01	2.94e-01	2.32e-02	1.21e-03	5.15e-05	0.00e+00	0.00e+00	1.50e-04	2.05e-12	2.36e-12
 1.29211e+23	1.70e-04	5.31e-02	6.46e-01	2.79e-01	2.10e-02	1.05e-03	4.29e-05	0.00e+00	0.00e+00	1.70e-04	2.41e-12	2.76e-12
 1.31164e+23	2.00e-04	5.86e-02	6.62e-01	2.60e-01	1.85e-02	8.74e-04	3.40e-05	0.00e+00	0.00e+00	2.00e-04	2.99e-12	3.40e-12
 1.33120e+23	2.26e-04	6.29e-02	6.74e-01	2.45e-01	1.66e-02	7.52e-04	2.81e-05	0.00e+00	0.00e+00	2.26e-04	3.51e-12	3.97e-12
 1.35083e+23	2.64e-04	6.91e-02	6.88e-01	2.28e-01	1.46e-02	6.25e-04	2.23e-05	0.00e+00	0.00e+00	2.64e-04	4.32e-12	4.86e-12
 1.37104e+23	3.00e-04	7.43e-02	6.99e-01	2.13e-01	1.30e-02	5.30e-04	1.81e-05	0.00e+00	0.00e+00	3.00e-04	5.12e-12	5.72e-12
 1.39201e+23	3.56e-04	8.22e-02	7.12e-01	1.94e-01	1.12e-02	4.29e-04	1.39e-05	0.00e+00	0.00e+00	3.56e-04	6.44e-12	7.13e-12
 1.41301e+23	4.00e-04	8.79e-02	7.21e-01	1.81e-01	9.89e-03	3.63e-04	1.13e-05	0.00e+00	0.00e+00	4.00e-04	7.58e-12	8.32e-12
 1.43403e+23	4.72e-04	9.69e-02	7.30e-01	1.64e-01	8.46e-03	2.92e-04	8.64e-06	0.00e+00	0.00e+00	4.72e-04	9.52e-12	1.03e-11
 1.45556e+23	5.35e-04	1.04e-01	7.37e-01	1.50e-01	7.39e-03	2.42e-04	6.87e-06	0.00e+00	0.00e+00	5.35e-04	1.14e-11	1.22e-11
 1.47775e+23	6.34e-04	1.15e-01	7.43e-01	1.34e-01	6.24e-03	1.91e-04	5.16e-06	0.00e+00	0.00e+00	6.34e-04	1.44e-11	1.52e-11
 1.50015e+23	7.23e-04	1.24e-01	7.48e-01	1.22e-01	5.38e-03	1.56e-04	4.04e-06	0.00e+00	0.00e+00	7.23e-04	1.72e-11	1.80e-11
 1.52284e+23	8.65e-04	1.38e-01	7.50e-01	1.07e-01	4.48e-03	1.21e-04	2.97e-06	0.00e+00	0.00e+00	8.65e-04	2.21e-11	2.27e-11
 1.54532e+23	9.82e-04	1.48e-01	7.51e-01	9.63e-02	3.85e-03	9.85e-05	2.32e-06	0.00e+00	0.00e+00	9.82e-04	2.64e-11	2.68e-11
 1.56754e+23	1.17e-03	1.64e-01	7.48e-01	8.37e-02	3.19e-03	7.54e-05	1.70e-06	0.00e+00	0.00e+00	1.17e-03	3.38e-11	3.37e-11
 1.58977e+23	1.34e-03	1.77e-01	7.44e-01	7.44e-02	2.73e-03	6.07e-05	1.32e-06	0.00e+00	0.00e+00	1.34e-03	4.07e-11	3.99e-11
 1.61201e+23	1.61e-03	1.97e-01	7.35e-01	6.36e-02	2.23e-03	4.56e-05	9.50e-07	0.00e+00	0.00e+00	1.61e-03	5.27e-11	5.06e-11
 1.63415e+23	1.85e-03	2.13e-01	7.27e-01	5.57e-02	1.90e-03	3.62e-05	7.31e-07	0.00e+00	0.00e+00	1.85e-03	6.39e-11	6.03e-11
 1.65618e+23	2.24e-03	2.38e-01	7.12e-01	4.67e-02	1.54e-03	2.67e-05	5.21e-07	0.00e+00	0.00e+00	2.24e-03	8.33e-11	7.68e-11
 1.67810e+23	2.59e-03	2.58e-01	6.98e-01	4.02e-02	1.30e-03	2.08e-05	3.97e-07	0.00e+00	0.00e+00	2.59e-03	1.02e-10	9.23e-11
 1.69991e+23	3.15e-03	2.88e-01	6.75e-01	3.30e-02	1.05e-03	1.50e-05	2.80e-07	0.00e+00	0.00e+00	3.15e-03	1.33e-10	1.18e-10
 1.72166e+23	3.68e-03	3.13e-01	6.54e-01	2.78e-02	8.84e-04	1.14e-05	2.10e-07	0.00e+00	0.00e+00	3.68e-03	1.65e-10	1.43e-10
 1.74333e+23	4.52e-03	3.49e-01	6.23e-01	2.22e-02	7.09e-04	7.96e-06	1.46e-07	0.00e+00	0.00e+00	4.52e-03	2.17e-10	1.85e-10
 1.76502e+23	5.35e-03	3.81e-01	5.95e-01	1.81e-02	5.89e-04	5.85e-06	0.00e+00	0.00e+00	0.00e+00	5.35e-03	2.70e-10	2.27e-10
 1.78674e+23	6.63e-03	4.24e-01	5.55e-01	1.40e-02	4.68e-04	3.92e-06	0.00e+00	0.00e+00	0.00e+00	6.63e-03	3.59e-10	2.95e-10
 1.80859e+23	7.96e-03	4.63e-01	5.18e-01	1.10e-02	3.83e-04	2.74e-06	0.00e+00	0.00e+00	0.00e+00	7.96e-03	4.54e-10	3.68e-10
 1.82747e+23	9.52e-03	5.01e-01	4.80e-01	8.60e-03	3.15e-04	1.92e-06	0.00e+00	0.00e+00	0.00e+00	9.52e-03	5.69e-10	4.56e-10
 1.84887e+23	1.19e-02	5.51e-01	4.31e-01	6.23e-03	2.46e-04	1.20e-06	0.00e+00	0.00e+00	0.00e+00	1.19e-02	7.55e-10	5.98e-10
 1.87068e+23	1.47e-02	5.97e-01	3.83e-01	4.52e-03	1.95e-04	7.64e-07	0.00e+00	0.00e+00	0.00e+00	1.47e-02	9.75e-10	7.64e-10
 1.88735e+23	1.72e-02	6.32e-01	3.47e-01	3.50e-03	1.63e-04	5.35e-07	0.00e+00	0.00e+00	0.00e+00	1.72e-02	1.18e-09	9.20e-10
 1.90335e+23	2.08e-02	6.72e-01	3.05e-01	2.56e-03	1.31e-04	3.46e-07	0.00e+00	0.00e+00	0.00e+00	2.08e-02	1.49e-09	1.15e-09
 1.92061e+23	2.53e-02	7.10e-01	2.63e-01	1.82e-03	1.04e-04	2.16e-07	0.00e+00	0.00e+00	0.00e+00	2.53e-02	1.88e-09	1.44e-09
 1.93638e+23	3.06e-02	7.43e-01	2.25e-01	1.30e-03	8.23e-05	1.36e-07	0.00e+00	0.00e+00	0.00e+00	3.06e-02	2.35e-09	1.80e-09
 1.95115e+23	3.70e-02	7.73e-01	1.89e-01	9.08e-04	6.44e-05	0.00e+00	0.00e+00	0.00e+00	0.00e+00	3.70e-02	2.95e-09	2.24e-09
 1.96520e+23	4.50e-02	7.98e-01	1.56e-01	6.28e-04	4.97e-05	0.00e+00	0.00e+00	0.00e+00	0.00e+00	4.50e-02	3.70e-09	2.79e-09
 1.97835e+23	5.46e-02	8.18e-01	1.27e-01	4.32e-04	3.80e-05	0.00e+00	0.00e+00	0.00e+00	0.00e+00	5.46e-02	4.61e-09	3.47e-09
 1.99062e+23	6.66e-02	8.31e-01	1.02e-01	2.93e-04	2.85e-05	0.00e+00	0.00e+00	0.00e+00	0.00e+00	6.66e-02	5.75e-09	4.32e-09
 2.00199e+23	8.08e-02	8.39e-01	8.05e-02	2.01e-04	2.12e-05	0.00e+00	0.00e+00	0.00e+00	0.00e+00	8.08e-02	7.12e-09	5.33e-09
 2.01244e+23	9.81e-02	8.39e-01	6.27e-02	1.37e-04	1.55e-05	0.00e+00	0.00e+00	0.00e+00	0.00e+00	9.81e-02	8.79e-09	6.57e-09
 2.02190e+23	1.18e-01	8.33e-01	4.86e-02	9.56e-05	1.12e-05	0.00e+00	0.00e+00	0.00e+00	0.00e+00	1.18e-01	1.07e-08	7.98e-09
 2.03023e+23	1.41e-01	8.21e-01	3.78e-02	6.86e-05	8.21e-06	0.00e+00	0.00e+00	0.00e+00	0.00e+00	1.41e-01	1.28e-08	9.53e-09
 2.03773e+23	1.67e-01	8.04e-01	2.93e-02	5.00e-05	5.96e-06	0.00e+00	0.00e+00	0.00e+00	0.00e+00	1.67e-01	1.51e-08	1.12e-08
 2.04454e+23	1.95e-01	7.82e-01	2.28e-02	3.73e-05	4.33e-06	0.00e+00	0.00e+00	0.00e+00	0.00e+00	1.95e-01	1.76e-08	1.31e-08
 2.05071e+23	2.26e-01	7.57e-01	1.78e-02	2.84e-05	3.16e-06	0.00e+00	0.00e+00	0.00e+00	0.00e+00	2.26e-01	2.02e-08	1.49e-08
 2.05640e+23	2.58e-01	7.28e-01	1.39e-02	2.20e-05	2.31e-06	0.00e+00	0.00e+00	0.00e+00	0.00e+00	2.58e-01	2.28e-08	1.68e-08
 2.06175e+23	2.94e-01	6.96e-01	1.09e-02	1.73e-05	1.69e-06	0.00e+00	0.00e+00	0.00e+00	0.00e+00	2.94e-01	2.54e-08	1.87e-08
 2.06680e+23	3.31e-01	6.60e-01	8.49e-03	1.37e-05	1.23e-06	0.00e+00	0.00e+00	0.00e+00	0.00e+00	3.31e-01	2.79e-08	2.06e-08
 2.07148e+23	3.69e-01	6.24e-01	6.68e-03	1.10e-05	9.04e-07	0.00e+00	0.00e+00	0.00e+00	0.00e+00	3.69e-01	3.02e-08	2.22e-08
 2.07564e+23	4.05e-01	5.90e-01	5.35e-03	9.12e-06	6.83e-07	0.00e+00	0.00e+00	0.00e+00	0.00e+00	4.05e-01	3.21e-08	2.36e-08
 2.07918e+23	4.36e-01	5.59e-01	4.42e-03	7.76e-06	5.36e-07	0.00e+00	0.00e+00	0.00e+00	0.00e+00	4.36e-01	3.36e-08	2.47e-08
 2.08229e+23	4.64e-01	5.32e-01	3.72e-03	6.75e-06	4.31e-07	0.00e+00	0.00e+00	0.00e+00	0.00e+00	4.64e-01	3.47e-08	2.55e-08
 2.08497e+23	4.89e-01	5.08e-01	3.21e-03	6.00e-06	3.58e-07	0.00e+00	0.00e+00	0.00e+00	0.00e+00	4.89e-01	3.55e-08	2.61e-08
 2.08737e+23	5.10e-01	4.87e-01	2.80e-03	5.40e-06	3.03e-07	0.00e+00	0.00e+00	0.00e+00	0.00e+00	5.10e-01	3.62e-08	2.65e-08
 2.08990e+23	5.33e-01	4.65e-01	2.43e-03	4.84e-06	2.53e-07	0.00e+00	0.00e+00	0.00e+00	0.00e+00	5.33e-01	3.68e-08	2.70e-08
 2.09267e+23	5.57e-01	4.41e-01	2.08e-03	4.30e-06	2.09e-07	0.00e+00	0.00e+00	0.00e+00	0.00e+00	5.57e-01	3.72e-08	2.73e-08
 2.09540e+23	5.80e-01	4.18e-01	1.78e-03	3.85e-06	1.74e-07	0.00e+00	0.00e+00	0.00e+00	0.00e+00	5.80e-01	3.76e-08	2.75e-08
 2.09747e+23	5.96e-01	4.03e-01	1.60e-03	3.57e-06	1.53e-07	0.00e+00	0.00e+00	0.00e+00	0.00e+00	5.96e-01	3.77e-08	2.76e-08
 2.09882e+23	6.06e-01	3.93e-01	1.49e-03	3.39e-06	1.40e-07	0.00e+00	0.00e+00	0.00e+00	0.00e+00	6.06e-01	3.78e-08	2.76e-08
 2.10015e+23	6.16e-01	3.83e-01	1.39e-03	3.23e-06	1.28e-07	0.00e+00	0.00e+00	0.00e+00	0.00e+00	6.16e-01	3.78e-08	2.77e-08
 2.10177e+23	6.28e-01	3.71e-01	1.27e-03	3.04e-06	0.00e+00	0.00e+00	0.00e+00	0.00e+00	0.00e+00	6.28e-01	3.79e-08	2.77e-08
 2.10356e+23	6.41e-01	3.58e-01	1.15e-03	2.84e-06	0.00e+00	0.00e+00	0.00e+00	0.00e+00	0.00e+00	6.41e-01	3.79e-08	2.77e-08
 2.10528e+23	6.52e-01	3.47e-01	1.06e-03	2.68e-06	0.00e+00	0.00e+00	0.00e+00	0.00e+00	0.00e+00	6.52e-01	3.78e-08	2.76e-08
 2.10696e+23	6.64e-01	3.35e-01	9.66e-04	2.52e-06	0.00e+00	0.00e+00	0.00e+00	0.00e+00	0.00e+00	6.64e-01	3.77e-08	2.76e-08
 2.10869e+23	6.74e-01	3.25e-01	8.85e-04	2.38e-06	0.00e+00	0.00e+00	0.00e+00	0.00e+00	0.00e+00	6.74e-01	3.77e-08	2.75e-08
 2.11050e+23	6.85e-01	3.14e-01	8.06e-04	2.24e-06	0.00e+00	0.00e+00	0.00e+00	0.00e+00	0.00e+00	6.85e-01	3.75e-08	2.74e-08
 2.11240e+23	6.97e-01	3.03e-01	7.32e-04	2.11e-06	0.00e+00	0.00e+00	0.00e+00	0.00e+00	0.00e+00	6.97e-01	3.74e-08	2.73e-08
 2.11426e+23	7.07e-01	2.92e-01	6.68e-04	1.99e-06	0.00e+00	0.00e+00	0.00e+00	0.00e+00	0.00e+00	7.07e-01	3.72e-08	2.71e-08
 2.11614e+23	7.17e-01	2.82e-01	6.09e-04	1.88e-06	0.00e+00	0.00e+00	0.00e+00	0.00e+00	0.00e+00	7.17e-01	3.70e-08	2.70e-08
 2.11811e+23	7.27e-01	2.72e-01	5.53e-04	1.77e-06	0.00e+00	0.00e+00	0.00e+00	0.00e+00	0.00e+00	7.27e-01	3.68e-08	2.68e-08
 2.12018e+23	7.37e-01	2.63e-01	5.02e-04	1.67e-06	0.00e+00	0.00e+00	0.00e+00	0.00e+00	0.00e+00	7.37e-01	3.65e-08	2.66e-08
 2.12229e+23	7.47e-01	2.53e-01	4.55e-04	1.57e-06	0.00e+00	0.00e+00	0.00e+00	0.00e+00	0.00e+00	7.47e-01	3.63e-08	2.64e-08
 2.12443e+23	7.56e-01	2.43e-01	4.12e-04	1.48e-06	0.00e+00	0.00e+00	0.00e+00	0.00e+00	0.00e+00	7.56e-01	3.60e-08	2.62e-08
 2.12661e+23	7.65e-01	2.34e-01	3.74e-04	1.40e-06	0.00e+00	0.00e+00	0.00e+00	0.00e+00	0.00e+00	7.65e-01	3.57e-08	2.60e-08
 2.12885e+23	7.74e-01	2.26e-01	3.39e-04	1.32e-06	0.00e+00	0.00e+00	0.00e+00	0.00e+00	0.00e+00	7.74e-01	3.54e-08	2.57e-08
 2.13121e+23	7.83e-01	2.17e-01	3.06e-04	1.24e-06	0.00e+00	0.00e+00	0.00e+00	0.00e+00	0.00e+00	7.83e-01	3.51e-08	2.55e-08
 2.13363e+23	7.91e-01	2.09e-01	2.76e-04	1.17e-06	0.00e+00	0.00e+00	0.00e+00	0.00e+00	0.00e+00	7.91e-01	3.48e-08	2.52e-08
 2.13611e+23	7.99e-01	2.01e-01	2.50e-04	1.10e-06	0.00e+00	0.00e+00	0.00e+00	0.00e+00	0.00e+00	7.99e-01	3.45e-08	2.50e-08
 2.13867e+23	8.07e-01	1.93e-01	2.26e-04	1.04e-06	0.00e+00	0.00e+00	0.00e+00	0.00e+00	0.00e+00	8.07e-01	3.41e-08	2.47e-08
 2.14133e+23	8.15e-01	1.85e-01	2.04e-04	9.81e-07	0.00e+00	0.00e+00	0.00e+00	0.00e+00	0.00e+00	8.15e-01	3.38e-08	2.45e-08
 2.14408e+23	8.22e-01	1.78e-01	1.85e-04	9.24e-07	0.00e+00	0.00e+00	0.00e+00	0.00e+00	0.00e+00	8.22e-01	3.35e-08	2.42e-08
 2.14691e+23	8.29e-01	1.71e-01	1.67e-04	8.72e-07	0.00e+00	0.00e+00	0.00e+00	0.00e+00	0.00e+00	8.29e-01	3.31e-08	2.40e-08
 2.14986e+23	8.36e-01	1.64e-01	1.52e-04	8.23e-07	0.00e+00	0.00e+00	0.00e+00	0.00e+00	0.00e+00	8.36e-01	3.28e-08	2.37e-08
 2.15296e+23	8.43e-01	1.57e-01	1.37e-04	7.75e-07	0.00e+00	0.00e+00	0.00e+00	0.00e+00	0.00e+00	8.43e-01	3.25e-08	2.35e-08
 2.15617e+23	8.49e-01	1.51e-01	1.25e-04	7.31e-07	0.00e+00	0.00e+00	0.00e+00	0.00e+00	0.00e+00	8.49e-01	3.22e-08	2.32e-08
 2.15945e+23	8.55e-01	1.45e-01	1.14e-04	6.90e-07	0.00e+00	0.00e+00	0.00e+00	0.00e+00	0.00e+00	8.55e-01	3.19e-08	2.30e-08
 2.16280e+23	8.61e-01	1.39e-01	1.04e-04	6.53e-07	0.00e+00	0.00e+00	0.00e+00	0.00e+00	0.00e+00	8.61e-01	3.16e-08	2.28e-08
 2.16625e+23	8.66e-01	1.34e-01	9.60e-05	6.19e-07	0.00e+00	0.00e+00	0.00e+00	0.00e+00	0.00e+00	8.66e-01	3.13e-08	2.25e-08
 2.16984e+23	8.71e-01	1.29e-01	8.85e-05	5.86e-07	0.00e+00	0.00e+00	0.00e+00	0.00e+00	0.00e+00	8.71e-01	3.10e-08	2.22e-08
 2.17363e+23	8.76e-01	1.24e-01	8.18e-05	5.54e-07	0.00e+00	0.00e+00	0.00e+00	0.00e+00	0.00e+00	8.76e-01	3.07e-08	2.19e-08
 2.17759e+23	8.81e-01	1.19e-01	7.59e-05	5.25e-07	0.00e+00	0.00e+00	0.00e+00	0.00e+00	0.00e+00	8.81e-01	3.05e-08	2.16e-08
 2.18162e+23	8.85e-01	1.15e-01	7.09e-05	4.98e-07	0.00e+00	0.00e+00	0.00e+00	0.00e+00	0.00e+00	8.85e-01	3.02e-08	2.13e-08
 2.18583e+23	8.89e-01	1.11e-01	6.65e-05	4.73e-07	0.00e+00	0.00e+00	0.00e+00	0.00e+00	0.00e+00	8.89e-01	3.00e-08	2.11e-08
 2.19031e+23	8.93e-01	1.07e-01	6.25e-05	4.50e-07	0.00e+00	0.00e+00	0.00e+00	0.00e+00	0.00e+00	8.93e-01	2.98e-08	2.08e-08
 2.19503e+23	8.97e-01	1.03e-01	5.90e-05	4.27e-07	0.00e+00	0.00e+00	0.00e+00	0.00e+00	0.00e+00	8.97e-01	2.96e-08	2.06e-08
 2.19998e+23	9.01e-01	9.93e-02	5.59e-05	4.05e-07	0.00e+00	0.00e+00	0.00e+00	0.00e+00	0.00e+00	9.01e-01	2.95e-08	2.04e-08
 2.20525e+23	9.04e-01	9.58e-02	5.31e-05	3.85e-07	0.00e+00	0.00e+00	0.00e+00	0.00e+00	0.00e+00	9.04e-01	2.93e-08	2.02e-08
 2.21087e+23	9.08e-01	9.23e-02	5.06e-05	3.65e-07	0.00e+00	0.00e+00	0.00e+00	0.00e+00	0.00e+00	9.08e-01	2.92e-08	2.00e-08
 2.21681e+23	9.11e-01	8.91e-02	4.84e-05	3.45e-07	0.00e+00	0.00e+00	0.00e+00	0.00e+00	0.00e+00	9.11e-01	2.91e-08	1.98e-08
 2.22290e+23	9.14e-01	8.59e-02	4.65e-05	3.27e-07	0.00e+00	0.00e+00	0.00e+00	0.00e+00	0.00e+00	9.14e-01	2.90e-08	1.96e-08
 2.22880e+23	9.17e-01	8.32e-02	4.49e-05	3.12e-07	0.00e+00	0.00e+00	0.00e+00	0.00e+00	0.00e+00	9.17e-01	2.90e-08	1.94e-08
 2.23447e+23	9.19e-01	8.07e-02	4.36e-05	2.99e-07	0.00e+00	0.00e+00	0.00e+00	0.00e+00	0.00e+00	9.19e-01	2.90e-08	1.93e-08
 2.24004e+23	9.22e-01	7.84e-02	4.24e-05	2.86e-07	0.00e+00	0.00e+00	0.00e+00	0.00e+00	0.00e+00	9.22e-01	2.90e-08	1.92e-08
 2.24553e+23	9.24e-01	7.63e-02	4.14e-05	2.74e-07	0.00e+00	0.00e+00	0.00e+00	0.00e+00	0.00e+00	9.24e-01	2.89e-08	1.91e-08
 2.25090e+23	9.26e-01	7.42e-02	4.04e-05	2.63e-07	0.00e+00	0.00e+00	0.00e+00	0.00e+00	0.00e+00	9.26e-01	2.89e-08	1.90e-08
 2.25606e+23	9.28e-01	7.22e-02	3.96e-05	2.53e-07	0.00e+00	0.00e+00	0.00e+00	0.00e+00	0.00e+00	9.28e-01	2.89e-08	1.89e-08
 2.26099e+23	9.30e-01	7.04e-02	3.90e-05	2.43e-07	0.00e+00	0.00e+00	0.00e+00	0.00e+00	0.00e+00	9.30e-01	2.88e-08	1.88e-08
 2.26559e+23	9.31e-01	6.88e-02	3.84e-05	2.35e-07	0.00e+00	0.00e+00	0.00e+00	0.00e+00	0.00e+00	9.31e-01	2.88e-08	1.87e-08
 2.27004e+23	9.33e-01	6.72e-02	3.78e-05	2.27e-07	0.00e+00	0.00e+00	0.00e+00	0.00e+00	0.00e+00	9.33e-01	2.88e-08	1.86e-08
 2.27450e+23	9.34e-01	6.56e-02	3.73e-05	2.19e-07	0.00e+00	0.00e+00	0.00e+00	0.00e+00	0.00e+00	9.34e-01	2.88e-08	1.85e-08
 2.27881e+23	9.36e-01	6.41e-02	3.68e-05	2.12e-07	0.00e+00	0.00e+00	0.00e+00	0.00e+00	0.00e+00	9.36e-01	2.87e-08	1.84e-08
 2.28297e+23	9.37e-01	6.26e-02	3.64e-05	2.05e-07	0.00e+00	0.00e+00	0.00e+00	0.00e+00	0.00e+00	9.37e-01	2.87e-08	1.83e-08
 2.28696e+23	9.39e-01	6.12e-02	3.60e-05	1.99e-07	0.00e+00	0.00e+00	0.00e+00	0.00e+00	0.00e+00	9.39e-01	2.87e-08	1.83e-08
 2.29083e+23	9.40e-01	5.99e-02	3.57e-05	1.93e-07	0.00e+00	0.00e+00	0.00e+00	0.00e+00	0.00e+00	9.40e-01	2.87e-08	1.82e-08
 2.29456e+23	9.41e-01	5.86e-02	3.53e-05	1.87e-07	0.00e+00	0.00e+00	0.00e+00	0.00e+00	0.00e+00	9.41e-01	2.86e-08	1.81e-08
 2.29817e+23	9.43e-01	5.74e-02	3.50e-05	1.82e-07	0.00e+00	0.00e+00	0.00e+00	0.00e+00	0.00e+00	9.43e-01	2.86e-08	1.81e-08
 2.30164e+23	9.44e-01	5.62e-02	3.48e-05	1.77e-07	0.00e+00	0.00e+00	0.00e+00	0.00e+00	0.00e+00	9.44e-01	2.86e-08	1.80e-08
 2.30499e+23	9.45e-01	5.51e-02	3.45e-05	1.72e-07	0.00e+00	0.00e+00	0.00e+00	0.00e+00	0.00e+00	9.45e-01	2.86e-08	1.79e-08
 2.30822e+23	9.46e-01	5.40e-02	3.43e-05	1.67e-07	0.00e+00	0.00e+00	0.00e+00	0.00e+00	0.00e+00	9.46e-01	2.85e-08	1.79e-08
 2.31134e+23	9.47e-01	5.29e-02	3.41e-05	1.63e-07	0.00e+00	0.00e+00	0.00e+00	0.00e+00	0.00e+00	9.47e-01	2.85e-08	1.78e-08
 2.31430e+23	9.48e-01	5.19e-02	3.38e-05	1.59e-07	0.00e+00	0.00e+00	0.00e+00	0.00e+00	0.00e+00	9.48e-01	2.85e-08	1.77e-08
 2.31720e+23	9.49e-01	5.09e-02	3.36e-05	1.55e-07	0.00e+00	0.00e+00	0.00e+00	0.00e+00	0.00e+00	9.49e-01	2.85e-08	1.77e-08
 2.32002e+23	9.50e-01	4.98e-02	3.35e-05	1.51e-07	0.00e+00	0.00e+00	0.00e+00	0.00e+00	0.00e+00	9.50e-01	2.84e-08	1.76e-08
 2.32259e+23	9.51e-01	4.90e-02	3.33e-05	1.48e-07	0.00e+00	0.00e+00	0.00e+00	0.00e+00	0.00e+00	9.51e-01	2.84e-08	1.75e-08
 2.32493e+23	9.52e-01	4.82e-02	3.31e-05	1.45e-07	0.00e+00	0.00e+00	0.00e+00	0.00e+00	0.00e+00	9.52e-01	2.83e-08	1.75e-08
 2.32705e+23	9.52e-01	4.75e-02	3.30e-05	1.43e-07	0.00e+00	0.00e+00	0.00e+00	0.00e+00	0.00e+00	9.52e-01	2.83e-08	1.74e-08
 2.32899e+23	9.53e-01	4.69e-02	3.29e-05	1.40e-07	0.00e+00	0.00e+00	0.00e+00	0.00e+00	0.00e+00	9.53e-01	2.83e-08	1.73e-08
 2.33075e+23	9.54e-01	4.63e-02	3.28e-05	1.38e-07	0.00e+00	0.00e+00	0.00e+00	0.00e+00	0.00e+00	9.54e-01	2.82e-08	1.73e-08
 2.33235e+23	9.54e-01	4.58e-02	3.27e-05	1.36e-07	0.00e+00	0.00e+00	0.00e+00	0.00e+00	0.00e+00	9.54e-01	2.81e-08	1.73e-08
 2.33381e+23	9.55e-01	4.53e-02	3.26e-05	1.35e-07	0.00e+00	0.00e+00	0.00e+00	0.00e+00	0.00e+00	9.55e-01	2.80e-08	1.72e-08
 2.33514e+23	9.55e-01	4.50e-02	3.25e-05	1.33e-07	0.00e+00	0.00e+00	0.00e+00	0.00e+00	0.00e+00	9.55e-01	2.79e-08	1.72e-08
 2.33659e+23	9.56e-01	4.44e-02	3.24e-05	1.31e-07	0.00e+00	0.00e+00	0.00e+00	0.00e+00	0.00e+00	9.56e-01	2.78e-08	1.71e-08
 2.33848e+23	9.56e-01	4.37e-02	3.22e-05	1.29e-07	0.00e+00	0.00e+00	0.00e+00	0.00e+00	0.00e+00	9.56e-01	2.77e-08	1.71e-08
 2.34053e+23	9.57e-01	4.29e-02	3.20e-05	1.26e-07	0.00e+00	0.00e+00	0.00e+00	0.00e+00	0.00e+00	9.57e-01	2.76e-08	1.70e-08
 2.34238e+23	9.58e-01	4.22e-02	3.18e-05	1.24e-07	0.00e+00	0.00e+00	0.00e+00	0.00e+00	0.00e+00	9.58e-01	2.75e-08	1.70e-08
 2.34407e+23	9.58e-01	4.17e-02	3.17e-05	0.00e+00	0.00e+00	0.00e+00	0.00e+00	0.00e+00	0.00e+00	9.58e-01	2.74e-08	1.69e-08
 2.34561e+23	9.59e-01	4.12e-02	3.16e-05	0.00e+00	0.00e+00	0.00e+00	0.00e+00	0.00e+00	0.00e+00	9.59e-01	2.73e-08	1.69e-08
 2.34701e+23	9.59e-01	4.07e-02	3.14e-05	0.00e+00	0.00e+00	0.00e+00	0.00e+00	0.00e+00	0.00e+00	9.59e-01	2.72e-08	1.68e-08
 2.34828e+23	9.60e-01	4.04e-02	3.13e-05	0.00e+00	0.00e+00	0.00e+00	0.00e+00	0.00e+00	0.00e+00	9.60e-01	2.72e-08	1.68e-08
 2.34968e+23	9.60e-01	4.01e-02	3.12e-05	0.00e+00	0.00e+00	0.00e+00	0.00e+00	0.00e+00	0.00e+00	9.60e-01	2.71e-08	1.68e-08
 2.35149e+23	9.61e-01	3.94e-02	3.09e-05	0.00e+00	0.00e+00	0.00e+00	0.00e+00	0.00e+00	0.00e+00	9.61e-01	2.71e-08	1.67e-08
 2.35345e+23	9.61e-01	3.87e-02	3.07e-05	0.00e+00	0.00e+00	0.00e+00	0.00e+00	0.00e+00	0.00e+00	9.61e-01	2.70e-08	1.67e-08
 2.35524e+23	9.62e-01	3.83e-02	3.05e-05	0.00e+00	0.00e+00	0.00e+00	0.00e+00	0.00e+00	0.00e+00	9.62e-01	2.70e-08	1.67e-08
 2.35719e+23	9.62e-01	3.76e-02	3.03e-05	0.00e+00	0.00e+00	0.00e+00	0.00e+00	0.00e+00	0.00e+00	9.62e-01	2.69e-08	1.67e-08
 2.35930e+23	9.63e-01	3.70e-02	3.00e-05	0.00e+00	0.00e+00	0.00e+00	0.00e+00	0.00e+00	0.00e+00	9.63e-01	2.68e-08	1.66e-08
 2.36122e+23	9.63e-01	3.65e-02	2.98e-05	0.00e+00	0.00e+00	0.00e+00	0.00e+00	0.00e+00	0.00e+00	9.63e-01	2.68e-08	1.66e-08
 2.36296e+23	9.64e-01	3.61e-02	2.96e-05	0.00e+00	0.00e+00	0.00e+00	0.00e+00	0.00e+00	0.00e+00	9.64e-01	2.67e-08	1.65e-08
 2.36455e+23	9.64e-01	3.57e-02	2.95e-05	0.00e+00	0.00e+00	0.00e+00	0.00e+00	0.00e+00	0.00e+00	9.64e-01	2.67e-08	1.65e-08
 2.36629e+23	9.65e-01	3.53e-02	2.92e-05	0.00e+00	0.00e+00	0.00e+00	0.00e+00	0.00e+00	0.00e+00	9.65e-01	2.67e-08	1.65e-08
 2.36817e+23	9.65e-01	3.47e-02	2.90e-05	0.00e+00	0.00e+00	0.00e+00	0.00e+00	0.00e+00	0.00e+00	9.65e-01	2.66e-08	1.65e-08
 2.36988e+23	9.66e-01	3.43e-02	2.88e-05	0.00e+00	0.00e+00	0.00e+00	0.00e+00	0.00e+00	0.00e+00	9.66e-01	2.66e-08	1.64e-08
 2.37176e+23	9.66e-01	3.38e-02	2.86e-05	0.00e+00	0.00e+00	0.00e+00	0.00e+00	0.00e+00	0.00e+00	9.66e-01	2.65e-08	1.64e-08
 2.37378e+23	9.67e-01	3.32e-02	2.83e-05	0.00e+00	0.00e+00	0.00e+00	0.00e+00	0.00e+00	0.00e+00	9.67e-01	2.65e-08	1.64e-08
 2.37562e+23	9.67e-01	3.27e-02	2.80e-05	0.00e+00	0.00e+00	0.00e+00	0.00e+00	0.00e+00	0.00e+00	9.67e-01	2.64e-08	1.63e-08
 2.37730e+23	9.68e-01	3.23e-02	2.78e-05	0.00e+00	0.00e+00	0.00e+00	0.00e+00	0.00e+00	0.00e+00	9.68e-01	2.64e-08	1.63e-08
 2.37883e+23	9.68e-01	3.20e-02	2.76e-05	0.00e+00	0.00e+00	0.00e+00	0.00e+00	0.00e+00	0.00e+00	9.68e-01	2.63e-08	1.63e-08
 2.38050e+23	9.68e-01	3.15e-02	2.73e-05	0.00e+00	0.00e+00	0.00e+00	0.00e+00	0.00e+00	0.00e+00	9.68e-01	2.63e-08	1.62e-08
 2.38230e+23	9.69e-01	3.10e-02	2.70e-05	0.00e+00	0.00e+00	0.00e+00	0.00e+00	0.00e+00	0.00e+00	9.69e-01	2.62e-08	1.62e-08
 2.38394e+23	9.69e-01	3.05e-02	2.68e-05	0.00e+00	0.00e+00	0.00e+00	0.00e+00	0.00e+00	0.00e+00	9.69e-01	2.62e-08	1.61e-08
 2.38544e+23	9.70e-01	3.03e-02	2.66e-05	0.00e+00	0.00e+00	0.00e+00	0.00e+00	0.00e+00	0.00e+00	9.70e-01	2.62e-08	1.61e-08
 2.38707e+23	9.70e-01	2.99e-02	2.64e-05	0.00e+00	0.00e+00	0.00e+00	0.00e+00	0.00e+00	0.00e+00	9.70e-01	2.61e-08	1.61e-08
 2.38884e+23	9.71e-01	2.94e-02	2.61e-05	0.00e+00	0.00e+00	0.00e+00	0.00e+00	0.00e+00	0.00e+00	9.71e-01	2.61e-08	1.60e-08
 2.39045e+23	9.71e-01	2.90e-02	2.59e-05	0.00e+00	0.00e+00	0.00e+00	0.00e+00	0.00e+00	0.00e+00	9.71e-01	2.60e-08	1.60e-08
 2.39221e+23	9.71e-01	2.86e-02	2.57e-05	0.00e+00	0.00e+00	0.00e+00	0.00e+00	0.00e+00	0.00e+00	9.71e-01	2.60e-08	1.59e-08
 2.39411e+23	9.72e-01	2.81e-02	2.54e-05	0.00e+00	0.00e+00	0.00e+00	0.00e+00	0.00e+00	0.00e+00	9.72e-01	2.59e-08	1.59e-08
 2.39585e+23	9.72e-01	2.77e-02	2.52e-05	0.00e+00	0.00e+00	0.00e+00	0.00e+00	0.00e+00	0.00e+00	9.72e-01	2.59e-08	1.58e-08
 2.39742e+23	9.73e-01	2.75e-02	2.50e-05	0.00e+00	0.00e+00	0.00e+00	0.00e+00	0.00e+00	0.00e+00	9.73e-01	2.59e-08	1.58e-08
 2.39915e+23	9.73e-01	2.70e-02	2.48e-05	0.00e+00	0.00e+00	0.00e+00	0.00e+00	0.00e+00	0.00e+00	9.73e-01	2.58e-08	1.58e-08
 2.40101e+23	9.73e-01	2.66e-02	2.46e-05	0.00e+00	0.00e+00	0.00e+00	0.00e+00	0.00e+00	0.00e+00	9.73e-01	2.58e-08	1.57e-08
 2.40271e+23	9.74e-01	2.62e-02	2.44e-05	0.00e+00	0.00e+00	0.00e+00	0.00e+00	0.00e+00	0.00e+00	9.74e-01	2.57e-08	1.56e-08
 2.40425e+23	9.74e-01	2.59e-02	2.42e-05	0.00e+00	0.00e+00	0.00e+00	0.00e+00	0.00e+00	0.00e+00	9.74e-01	2.57e-08	1.56e-08
 2.40594e+23	9.74e-01	2.56e-02	2.40e-05	0.00e+00	0.00e+00	0.00e+00	0.00e+00	0.00e+00	0.00e+00	9.74e-01	2.56e-08	1.56e-08
 2.40777e+23	9.75e-01	2.52e-02	2.38e-05	0.00e+00	0.00e+00	0.00e+00	0.00e+00	0.00e+00	0.00e+00	9.75e-01	2.56e-08	1.55e-08
 2.40977e+23	9.75e-01	2.48e-02	2.35e-05	0.00e+00	0.00e+00	0.00e+00	0.00e+00	0.00e+00	0.00e+00	9.75e-01	2.53e-08	1.54e-08
 2.41193e+23	9.76e-01	2.44e-02	2.33e-05	0.00e+00	0.00e+00	0.00e+00	0.00e+00	0.00e+00	0.00e+00	9.76e-01	2.51e-08	1.52e-08
 2.41390e+23	9.76e-01	2.40e-02	2.31e-05	0.00e+00	0.00e+00	0.00e+00	0.00e+00	0.00e+00	0.00e+00	9.76e-01	2.49e-08	1.51e-08
 2.41568e+23	9.76e-01	2.38e-02	2.29e-05	0.00e+00	0.00e+00	0.00e+00	0.00e+00	0.00e+00	0.00e+00	9.76e-01	2.48e-08	1.51e-08
 2.41764e+23	9.77e-01	2.34e-02	2.27e-05	0.00e+00	0.00e+00	0.00e+00	0.00e+00	0.00e+00	0.00e+00	9.77e-01	2.46e-08	1.49e-08
 2.41976e+23	9.77e-01	2.30e-02	2.25e-05	0.00e+00	0.00e+00	0.00e+00	0.00e+00	0.00e+00	0.00e+00	9.77e-01	2.44e-08	1.48e-08
 2.42169e+23	9.77e-01	2.28e-02	2.23e-05	0.00e+00	0.00e+00	0.00e+00	0.00e+00	0.00e+00	0.00e+00	9.77e-01	2.43e-08	1.47e-08
 2.42380e+23	9.78e-01	2.24e-02	2.21e-05	0.00e+00	0.00e+00	0.00e+00	0.00e+00	0.00e+00	0.00e+00	9.78e-01	2.41e-08	1.45e-08
 2.42608e+23	9.78e-01	2.19e-02	2.19e-05	0.00e+00	0.00e+00	0.00e+00	0.00e+00	0.00e+00	0.00e+00	9.78e-01	2.39e-08	1.43e-08
 2.42815e+23	9.78e-01	2.16e-02	2.17e-05	0.00e+00	0.00e+00	0.00e+00	0.00e+00	0.00e+00	0.00e+00	9.78e-01	2.37e-08	1.42e-08
 2.43003e+23	9.79e-01	2.14e-02	2.15e-05	0.00e+00	0.00e+00	0.00e+00	0.00e+00	0.00e+00	0.00e+00	9.79e-01	2.36e-08	1.41e-08
 2.43210e+23	9.79e-01	2.11e-02	2.13e-05	0.00e+00	0.00e+00	0.00e+00	0.00e+00	0.00e+00	0.00e+00	9.79e-01	2.34e-08	1.40e-08
 2.43433e+23	9.79e-01	2.07e-02	2.11e-05	0.00e+00	0.00e+00	0.00e+00	0.00e+00	0.00e+00	0.00e+00	9.79e-01	2.32e-08	1.38e-08
 2.43636e+23	9.80e-01	2.04e-02	2.10e-05	0.00e+00	0.00e+00	0.00e+00	0.00e+00	0.00e+00	0.00e+00	9.80e-01	2.31e-08	1.37e-08
 2.43859e+23	9.80e-01	2.01e-02	2.07e-05	0.00e+00	0.00e+00	0.00e+00	0.00e+00	0.00e+00	0.00e+00	9.80e-01	2.29e-08	1.35e-08
 2.44099e+23	9.80e-01	1.97e-02	2.05e-05	0.00e+00	0.00e+00	0.00e+00	0.00e+00	0.00e+00	0.00e+00	9.80e-01	2.27e-08	1.34e-08
 2.44318e+23	9.81e-01	1.94e-02	2.04e-05	0.00e+00	0.00e+00	0.00e+00	0.00e+00	0.00e+00	0.00e+00	9.81e-01	2.25e-08	1.32e-08
 2.44517e+23	9.81e-01	1.92e-02	2.02e-05	0.00e+00	0.00e+00	0.00e+00	0.00e+00	0.00e+00	0.00e+00	9.81e-01	2.25e-08	1.32e-08
 2.44735e+23	9.81e-01	1.89e-02	2.00e-05	0.00e+00	0.00e+00	0.00e+00	0.00e+00	0.00e+00	0.00e+00	9.81e-01	2.22e-08	1.30e-08
 2.44970e+23	9.81e-01	1.85e-02	1.98e-05	0.00e+00	0.00e+00	0.00e+00	0.00e+00	0.00e+00	0.00e+00	9.81e-01	2.20e-08	1.28e-08
 2.45184e+23	9.82e-01	1.83e-02	1.97e-05	0.00e+00	0.00e+00	0.00e+00	0.00e+00	0.00e+00	0.00e+00	9.82e-01	2.19e-08	1.27e-08
 2.45419e+23	9.82e-01	1.79e-02	1.95e-05	0.00e+00	0.00e+00	0.00e+00	0.00e+00	0.00e+00	0.00e+00	9.82e-01	2.16e-08	1.25e-08
 2.45672e+23	9.82e-01	1.76e-02	1.93e-05	0.00e+00	0.00e+00	0.00e+00	0.00e+00	0.00e+00	0.00e+00	9.82e-01	2.14e-08	1.24e-08
 2.45903e+23	9.83e-01	1.74e-02	1.91e-05	0.00e+00	0.00e+00	0.00e+00	0.00e+00	0.00e+00	0.00e+00	9.83e-01	2.13e-08	1.23e-08
 2.46156e+23	9.83e-01	1.70e-02	1.89e-05	0.00e+00	0.00e+00	0.00e+00	0.00e+00	0.00e+00	0.00e+00	9.83e-01	2.10e-08	1.21e-08
 2.46428e+23	9.83e-01	1.66e-02	1.87e-05	0.00e+00	0.00e+00	0.00e+00	0.00e+00	0.00e+00	0.00e+00	9.83e-01	2.07e-08	1.18e-08
 2.46677e+23	9.84e-01	1.64e-02	1.85e-05	0.00e+00	0.00e+00	0.00e+00	0.00e+00	0.00e+00	0.00e+00	9.84e-01	2.06e-08	1.18e-08
 2.46949e+23	9.84e-01	1.61e-02	1.83e-05	0.00e+00	0.00e+00	0.00e+00	0.00e+00	0.00e+00	0.00e+00	9.84e-01	2.04e-08	1.15e-08
 2.47242e+23	9.84e-01	1.58e-02	1.81e-05	0.00e+00	0.00e+00	0.00e+00	0.00e+00	0.00e+00	0.00e+00	9.84e-01	2.02e-08	1.14e-08
 2.47510e+23	9.85e-01	1.55e-02	1.79e-05	0.00e+00	0.00e+00	0.00e+00	0.00e+00	0.00e+00	0.00e+00	9.85e-01	1.99e-08	1.12e-08
 2.47753e+23	9.85e-01	1.53e-02	1.78e-05	0.00e+00	0.00e+00	0.00e+00	0.00e+00	0.00e+00	0.00e+00	9.85e-01	1.98e-08	1.11e-08
 2.48019e+23	9.85e-01	1.49e-02	1.76e-05	0.00e+00	0.00e+00	0.00e+00	0.00e+00	0.00e+00	0.00e+00	9.85e-01	1.95e-08	1.09e-08
 2.48307e+23	9.85e-01	1.46e-02	1.74e-05	0.00e+00	0.00e+00	0.00e+00	0.00e+00	0.00e+00	0.00e+00	9.85e-01	1.92e-08	1.07e-08
 2.48569e+23	9.86e-01	1.44e-02	1.72e-05	0.00e+00	0.00e+00	0.00e+00	0.00e+00	0.00e+00	0.00e+00	9.86e-01	1.92e-08	1.06e-08
 2.48855e+23	9.86e-01	1.41e-02	1.70e-05	0.00e+00	0.00e+00	0.00e+00	0.00e+00	0.00e+00	0.00e+00	9.86e-01	1.89e-08	1.04e-08
 2.49165e+23	9.86e-01	1.38e-02	1.68e-05	0.00e+00	0.00e+00	0.00e+00	0.00e+00	0.00e+00	0.00e+00	9.86e-01	1.86e-08	1.02e-08
 2.49447e+23	9.86e-01	1.36e-02	1.67e-05	0.00e+00	0.00e+00	0.00e+00	0.00e+00	0.00e+00	0.00e+00	9.86e-01	1.86e-08	1.01e-08
 2.49756e+23	9.87e-01	1.33e-02	1.65e-05	0.00e+00	0.00e+00	0.00e+00	0.00e+00	0.00e+00	0.00e+00	9.87e-01	1.83e-08	9.97e-09
 2.50089e+23	9.87e-01	1.29e-02	1.63e-05	0.00e+00	0.00e+00	0.00e+00	0.00e+00	0.00e+00	0.00e+00	9.87e-01	1.81e-08	9.78e-09
 2.50392e+23	9.87e-01	1.27e-02	1.61e-05	0.00e+00	0.00e+00	0.00e+00	0.00e+00	0.00e+00	0.00e+00	9.87e-01	1.80e-08	9.69e-09
 2.50725e+23	9.88e-01	1.24e-02	1.59e-05	0.00e+00	0.00e+00	0.00e+00	0.00e+00	0.00e+00	0.00e+00	9.88e-01	1.77e-08	9.48e-09
 2.51084e+23	9.88e-01	1.22e-02	1.57e-05	0.00e+00	0.00e+00	0.00e+00	0.00e+00	0.00e+00	0.00e+00	9.88e-01	1.75e-08	9.31e-09
 2.51410e+23	9.88e-01	1.19e-02	1.55e-05	0.00e+00	0.00e+00	0.00e+00	0.00e+00	0.00e+00	0.00e+00	9.88e-01	1.73e-08	9.14e-09
 2.51708e+23	9.88e-01	1.17e-02	1.54e-05	0.00e+00	0.00e+00	0.00e+00	0.00e+00	0.00e+00	0.00e+00	9.88e-01	1.72e-08	9.01e-09
 2.52033e+23	9.89e-01	1.14e-02	1.52e-05	0.00e+00	0.00e+00	0.00e+00	0.00e+00	0.00e+00	0.00e+00	9.89e-01	1.70e-08	8.83e-09
 2.52385e+23	9.89e-01	1.11e-02	1.50e-05	0.00e+00	0.00e+00	0.00e+00	0.00e+00	0.00e+00	0.00e+00	9.89e-01	1.67e-08	8.63e-09
 2.52705e+23	9.89e-01	1.10e-02	1.49e-05	0.00e+00	0.00e+00	0.00e+00	0.00e+00	0.00e+00	0.00e+00	9.89e-01	1.66e-08	8.54e-09
 2.53055e+23	9.89e-01	1.07e-02	1.47e-05	0.00e+00	0.00e+00	0.00e+00	0.00e+00	0.00e+00	0.00e+00	9.89e-01	1.64e-08	8.35e-09
 2.53434e+23	9.90e-01	1.04e-02	1.45e-05	0.00e+00	0.00e+00	0.00e+00	0.00e+00	0.00e+00	0.00e+00	9.90e-01	1.61e-08	8.16e-09
 2.53778e+23	9.90e-01	1.02e-02	1.43e-05	0.00e+00	0.00e+00	0.00e+00	0.00e+00	0.00e+00	0.00e+00	9.90e-01	1.60e-08	8.06e-09
 2.54156e+23	9.90e-01	9.98e-03	1.41e-05	0.00e+00	0.00e+00	0.00e+00	0.00e+00	0.00e+00	0.00e+00	9.90e-01	1.57e-08	7.88e-09
 2.54563e+23	9.90e-01	9.70e-03	1.39e-05	0.00e+00	0.00e+00	0.00e+00	0.00e+00	0.00e+00	0.00e+00	9.90e-01	1.55e-08	7.68e-09
 2.54934e+23	9.90e-01	9.52e-03	1.38e-05	0.00e+00	0.00e+00	0.00e+00	0.00e+00	0.00e+00	0.00e+00	9.90e-01	1.53e-08	7.58e-09
 2.55340e+23	9.91e-01	9.26e-03	1.36e-05	0.00e+00	0.00e+00	0.00e+00	0.00e+00	0.00e+00	0.00e+00	9.91e-01	1.51e-08	7.40e-09
 2.55779e+23	9.91e-01	8.99e-03	1.34e-05	0.00e+00	0.00e+00	0.00e+00	0.00e+00	0.00e+00	0.00e+00	9.91e-01	1.48e-08	7.21e-09
 2.56178e+23	9.91e-01	8.81e-03	1.32e-05	0.00e+00	0.00e+00	0.00e+00	0.00e+00	0.00e+00	0.00e+00	9.91e-01	1.47e-08	7.11e-09
 2.56616e+23	9.91e-01	8.57e-03	1.30e-05	0.00e+00	0.00e+00	0.00e+00	0.00e+00	0.00e+00	0.00e+00	9.91e-01	1.45e-08	6.94e-09
 2.57088e+23	9.92e-01	8.33e-03	1.28e-05	0.00e+00	0.00e+00	0.00e+00	0.00e+00	0.00e+00	0.00e+00	9.92e-01	1.43e-08	6.78e-09
 2.57517e+23	9.92e-01	8.11e-03	1.26e-05	0.00e+00	0.00e+00	0.00e+00	0.00e+00	0.00e+00	0.00e+00	9.92e-01	1.41e-08	6.63e-09
 2.57908e+23	9.92e-01	7.95e-03	1.25e-05	0.00e+00	0.00e+00	0.00e+00	0.00e+00	0.00e+00	0.00e+00	9.92e-01	1.40e-08	6.52e-09
 2.58337e+23	9.92e-01	7.73e-03	1.23e-05	0.00e+00	0.00e+00	0.00e+00	0.00e+00	0.00e+00	0.00e+00	9.92e-01	1.38e-08	6.36e-09
 2.58800e+23	9.92e-01	7.52e-03	1.21e-05	0.00e+00	0.00e+00	0.00e+00	0.00e+00	0.00e+00	0.00e+00	9.92e-01	1.36e-08	6.22e-09
 2.59221e+23	9.93e-01	7.33e-03	1.20e-05	0.00e+00	0.00e+00	0.00e+00	0.00e+00	0.00e+00	0.00e+00	9.93e-01	1.34e-08	6.09e-09
 2.59604e+23	9.93e-01	7.18e-03	1.18e-05	0.00e+00	0.00e+00	0.00e+00	0.00e+00	0.00e+00	0.00e+00	9.93e-01	1.33e-08	5.98e-09
 2.60023e+23	9.93e-01	6.99e-03	1.17e-05	0.00e+00	0.00e+00	0.00e+00	0.00e+00	0.00e+00	0.00e+00	9.93e-01	1.31e-08	5.84e-09
 2.60477e+23	9.93e-01	6.80e-03	1.15e-05	0.00e+00	0.00e+00	0.00e+00	0.00e+00	0.00e+00	0.00e+00	9.93e-01	1.29e-08	5.70e-09
 2.60889e+23	9.93e-01	6.64e-03	1.14e-05	0.00e+00	0.00e+00	0.00e+00	0.00e+00	0.00e+00	0.00e+00	9.93e-01	1.28e-08	5.59e-09
 2.61341e+23	9.94e-01	6.46e-03	1.12e-05	0.00e+00	0.00e+00	0.00e+00	0.00e+00	0.00e+00	0.00e+00	9.94e-01	1.26e-08	5.45e-09
 2.61829e+23	9.94e-01	6.28e-03	1.10e-05	0.00e+00	0.00e+00	0.00e+00	0.00e+00	0.00e+00	0.00e+00	9.94e-01	1.24e-08	5.31e-09
 2.62273e+23	9.94e-01	6.14e-03	1.09e-05	0.00e+00	0.00e+00	0.00e+00	0.00e+00	0.00e+00	0.00e+00	9.94e-01	1.22e-08	5.20e-09
 2.62759e+23	9.94e-01	5.95e-03	1.07e-05	0.00e+00	0.00e+00	0.00e+00	0.00e+00	0.00e+00	0.00e+00	9.94e-01	1.20e-08	5.05e-09
 2.63284e+23	9.94e-01	5.78e-03	1.05e-05	0.00e+00	0.00e+00	0.00e+00	0.00e+00	0.00e+00	0.00e+00	9.94e-01	1.19e-08	4.92e-09
 2.63762e+23	9.94e-01	5.63e-03	1.04e-05	0.00e+00	0.00e+00	0.00e+00	0.00e+00	0.00e+00	0.00e+00	9.94e-01	1.17e-08	4.80e-09
 2.64286e+23	9.95e-01	5.45e-03	1.02e-05	0.00e+00	0.00e+00	0.00e+00	0.00e+00	0.00e+00	0.00e+00	9.95e-01	1.15e-08	4.65e-09
 2.64851e+23	9.95e-01	5.29e-03	1.00e-05	0.00e+00	0.00e+00	0.00e+00	0.00e+00	0.00e+00	0.00e+00	9.95e-01	1.13e-08	4.52e-09
 2.65366e+23	9.95e-01	5.14e-03	9.87e-06	0.00e+00	0.00e+00	0.00e+00	0.00e+00	0.00e+00	0.00e+00	9.95e-01	1.12e-08	4.40e-09
 2.65834e+23	9.95e-01	5.01e-03	9.74e-06	0.00e+00	0.00e+00	0.00e+00	0.00e+00	0.00e+00	0.00e+00	9.95e-01	1.10e-08	4.30e-09
 2.66347e+23	9.95e-01	4.85e-03	9.57e-06	0.00e+00	0.00e+00	0.00e+00	0.00e+00	0.00e+00	0.00e+00	9.95e-01	1.08e-08	4.17e-09
 2.67014e+23	9.96e-01	4.46e-03	9.35e-06	0.00e+00	0.00e+00	0.00e+00	0.00e+00	0.00e+00	0.00e+00	9.96e-01	1.05e-08	3.98e-09
 2.67757e+23	9.96e-01	4.15e-03	9.14e-06	0.00e+00	0.00e+00	0.00e+00	0.00e+00	0.00e+00	0.00e+00	9.96e-01	1.03e-08	3.81e-09
 2.68506e+23	9.96e-01	3.92e-03	8.93e-06	0.00e+00	0.00e+00	0.00e+00	0.00e+00	0.00e+00	0.00e+00	9.96e-01	1.01e-08	3.63e-09
 2.69279e+23	9.96e-01	3.69e-03	8.72e-06	0.00e+00	0.00e+00	0.00e+00	0.00e+00	0.00e+00	0.00e+00	9.96e-01	9.82e-09	3.46e-09
 2.70064e+23	9.97e-01	3.48e-03	8.52e-06	0.00e+00	0.00e+00	0.00e+00	0.00e+00	0.00e+00	0.00e+00	9.97e-01	9.58e-09	3.30e-09
 2.70858e+23	9.97e-01	3.27e-03	8.31e-06	0.00e+00	0.00e+00	0.00e+00	0.00e+00	0.00e+00	0.00e+00	9.97e-01	9.33e-09	3.14e-09
 2.71661e+23	9.97e-01	3.07e-03	8.11e-06	0.00e+00	0.00e+00	0.00e+00	0.00e+00	0.00e+00	0.00e+00	9.97e-01	9.09e-09	2.98e-09
 2.72472e+23	9.97e-01	2.88e-03	7.92e-06	0.00e+00	0.00e+00	0.00e+00	0.00e+00	0.00e+00	0.00e+00	9.97e-01	8.84e-09	2.83e-09
 2.73291e+23	9.97e-01	2.69e-03	7.73e-06	0.00e+00	0.00e+00	0.00e+00	0.00e+00	0.00e+00	0.00e+00	9.97e-01	8.59e-09	2.68e-09
 2.74115e+23	9.97e-01	2.52e-03	7.54e-06	0.00e+00	0.00e+00	0.00e+00	0.00e+00	0.00e+00	0.00e+00	9.97e-01	8.35e-09	2.53e-09
 2.74947e+23	9.98e-01	2.35e-03	7.35e-06	0.00e+00	0.00e+00	0.00e+00	0.00e+00	0.00e+00	0.00e+00	9.98e-01	8.09e-09	2.40e-09
 2.75790e+23	9.98e-01	2.19e-03	7.17e-06	0.00e+00	0.00e+00	0.00e+00	0.00e+00	0.00e+00	0.00e+00	9.98e-01	7.83e-09	2.27e-09
 2.76640e+23	9.98e-01	2.04e-03	6.99e-06	0.00e+00	0.00e+00	0.00e+00	0.00e+00	0.00e+00	0.00e+00	9.98e-01	7.57e-09	2.14e-09
 2.77497e+23	9.98e-01	1.89e-03	6.81e-06	0.00e+00	0.00e+00	0.00e+00	0.00e+00	0.00e+00	0.00e+00	9.98e-01	7.32e-09	2.01e-09
 2.78362e+23	9.98e-01	1.75e-03	6.63e-06	0.00e+00	0.00e+00	0.00e+00	0.00e+00	0.00e+00	0.00e+00	9.98e-01	7.06e-09	1.89e-09
 2.79232e+23	9.98e-01	1.62e-03	6.46e-06	0.00e+00	0.00e+00	0.00e+00	0.00e+00	0.00e+00	0.00e+00	9.98e-01	6.80e-09	1.78e-09
 2.80109e+23	9.98e-01	1.50e-03	6.30e-06	0.00e+00	0.00e+00	0.00e+00	0.00e+00	0.00e+00	0.00e+00	9.98e-01	6.54e-09	1.66e-09
 2.80991e+23	9.99e-01	1.38e-03	6.13e-06	0.00e+00	0.00e+00	0.00e+00	0.00e+00	0.00e+00	0.00e+00	9.99e-01	6.29e-09	1.56e-09
 2.81879e+23	9.99e-01	1.27e-03	5.97e-06	0.00e+00	0.00e+00	0.00e+00	0.00e+00	0.00e+00	0.00e+00	9.99e-01	6.03e-09	1.45e-09
 2.82775e+23	9.99e-01	1.16e-03	5.81e-06	0.00e+00	0.00e+00	0.00e+00	0.00e+00	0.00e+00	0.00e+00	9.99e-01	5.78e-09	1.35e-09
 2.83679e+23	9.99e-01	1.07e-03	5.66e-06	0.00e+00	0.00e+00	0.00e+00	0.00e+00	0.00e+00	0.00e+00	9.99e-01	5.53e-09	1.25e-09
 2.84588e+23	9.99e-01	9.75e-04	5.51e-06	0.00e+00	0.00e+00	0.00e+00	0.00e+00	0.00e+00	0.00e+00	9.99e-01	5.27e-09	1.16e-09
 2.85505e+23	9.99e-01	8.89e-04	5.36e-06	0.00e+00	0.00e+00	0.00e+00	0.00e+00	0.00e+00	0.00e+00	9.99e-01	5.02e-09	1.08e-09
 2.86428e+23	9.99e-01	8.10e-04	5.21e-06	0.00e+00	0.00e+00	0.00e+00	0.00e+00	0.00e+00	0.00e+00	9.99e-01	4.78e-09	9.93e-10
 2.87365e+23	9.99e-01	7.37e-04	5.07e-06	0.00e+00	0.00e+00	0.00e+00	0.00e+00	0.00e+00	0.00e+00	9.99e-01	4.54e-09	9.14e-10
 2.88323e+23	9.99e-01	6.67e-04	4.92e-06	0.00e+00	0.00e+00	0.00e+00	0.00e+00	0.00e+00	0.00e+00	9.99e-01	4.29e-09	8.38e-10
 2.89296e+23	9.99e-01	6.03e-04	4.78e-06	0.00e+00	0.00e+00	0.00e+00	0.00e+00	0.00e+00	0.00e+00	9.99e-01	4.05e-09	7.67e-10
 2.90279e+23	9.99e-01	5.44e-04	4.64e-06	0.00e+00	0.00e+00	0.00e+00	0.00e+00	0.00e+00	0.00e+00	9.99e-01	3.82e-09	7.00e-10
 2.91274e+23	1.00e+00	4.89e-04	4.51e-06	0.00e+00	0.00e+00	0.00e+00	0.00e+00	0.00e+00	0.00e+00	1.00e+00	3.59e-09	6.37e-10
 2.92278e+23	1.00e+00	4.39e-04	4.37e-06	0.00e+00	0.00e+00	0.00e+00	0.00e+00	0.00e+00	0.00e+00	1.00e+00	3.36e-09	5.78e-10
 2.93295e+23	1.00e+00	3.93e-04	4.24e-06	0.00e+00	0.00e+00	0.00e+00	0.00e+00	0.00e+00	0.00e+00	1.00e+00	3.13e-09	5.23e-10
 2.94323e+23	1.00e+00	3.51e-04	4.11e-06	0.00e+00	0.00e+00	0.00e+00	0.00e+00	0.00e+00	0.00e+00	1.00e+00	2.92e-09	4.73e-10
 2.95367e+23	1.00e+00	3.12e-04	3.98e-06	0.00e+00	0.00e+00	0.00e+00	0.00e+00	0.00e+00	0.00e+00	1.00e+00	2.70e-09	4.26e-10
 2.96428e+23	1.00e+00	2.77e-04	3.86e-06	0.00e+00	0.00e+00	0.00e+00	0.00e+00	0.00e+00	0.00e+00	1.00e+00	2.50e-09	3.83e-10
 2.97512e+23	1.00e+00	2.46e-04	3.73e-06	0.00e+00	0.00e+00	0.00e+00	0.00e+00	0.00e+00	0.00e+00	1.00e+00	2.30e-09	3.43e-10
