#depth	He	He+	He+2
 1.54284e+22	2.43e-08	9.50e-04	9.99e-01
 3.48379e+22	2.82e-08	1.40e-03	9.99e-01
 4.08096e+22	3.36e-08	1.68e-03	9.98e-01
 4.37955e+22	3.76e-08	1.83e-03	9.98e-01
 4.52610e+22	3.98e-08	1.91e-03	9.98e-01
 4.63426e+22	4.29e-08	2.01e-03	9.98e-01
 4.74747e+22	4.59e-08	2.10e-03	9.98e-01
 4.86726e+22	5.03e-08	2.22e-03	9.98e-01
 4.98732e+22	5.40e-08	2.32e-03	9.98e-01
 5.10774e+22	5.95e-08	2.46e-03	9.98e-01
 5.23026e+22	6.43e-08	2.57e-03	9.97e-01
 5.35550e+22	7.13e-08	2.72e-03	9.97e-01
 5.48310e+22	7.74e-08	2.85e-03	9.97e-01
 5.61377e+22	8.64e-08	3.02e-03	9.97e-01
 5.74755e+22	9.43e-08	3.16e-03	9.97e-01
 5.88538e+22	1.06e-07	3.36e-03	9.97e-01
 6.02560e+22	1.16e-07	3.53e-03	9.96e-01
 6.14342e+22	1.26e-07	3.68e-03	9.96e-01
 6.27107e+22	1.40e-07	3.89e-03	9.96e-01
 6.39516e+22	1.51e-07	4.04e-03	9.96e-01
 6.51462e+22	1.67e-07	4.26e-03	9.96e-01
 6.63540e+22	1.81e-07	4.43e-03	9.96e-01
 6.75790e+22	2.00e-07	4.66e-03	9.95e-01
 6.88229e+22	2.16e-07	4.85e-03	9.95e-01
 7.00914e+22	2.40e-07	5.12e-03	9.95e-01
 7.13773e+22	2.60e-07	5.33e-03	9.95e-01
 7.26860e+22	2.90e-07	5.62e-03	9.94e-01
 7.40216e+22	3.15e-07	5.86e-03	9.94e-01
 7.53920e+22	3.52e-07	6.20e-03	9.94e-01
 7.67912e+22	3.84e-07	6.48e-03	9.94e-01
 7.82278e+22	4.31e-07	6.86e-03	9.93e-01
 7.97032e+22	4.72e-07	7.19e-03	9.93e-01
 8.12290e+22	5.32e-07	7.63e-03	9.92e-01
 8.27689e+22	5.83e-07	7.99e-03	9.92e-01
 8.43270e+22	6.59e-07	8.49e-03	9.92e-01
 8.59046e+22	7.23e-07	8.90e-03	9.91e-01
 8.75074e+22	8.19e-07	9.47e-03	9.91e-01
 8.90696e+22	8.93e-07	9.89e-03	9.90e-01
 9.05789e+22	1.00e-06	1.05e-02	9.90e-01
 9.21476e+22	1.10e-06	1.10e-02	9.89e-01
 9.34874e+22	1.19e-06	1.14e-02	9.89e-01
 9.49231e+22	1.33e-06	1.21e-02	9.88e-01
 9.63693e+22	1.45e-06	1.26e-02	9.87e-01
 9.78292e+22	1.61e-06	1.33e-02	9.87e-01
 9.93339e+22	1.77e-06	1.39e-02	9.86e-01
 1.00667e+23	1.92e-06	1.45e-02	9.85e-01
 1.02171e+23	2.14e-06	1.53e-02	9.85e-01
 1.03759e+23	2.36e-06	1.61e-02	9.84e-01
 1.05207e+23	2.58e-06	1.68e-02	9.83e-01
 1.06839e+23	2.90e-06	1.78e-02	9.82e-01
 1.08522e+23	3.21e-06	1.87e-02	9.81e-01
 1.10017e+23	3.53e-06	1.96e-02	9.80e-01
 1.11705e+23	3.97e-06	2.08e-02	9.79e-01
 1.13458e+23	4.41e-06	2.19e-02	9.78e-01
 1.15031e+23	4.86e-06	2.30e-02	9.77e-01
 1.16812e+23	5.51e-06	2.45e-02	9.76e-01
 1.18653e+23	6.14e-06	2.58e-02	9.74e-01
 1.20571e+23	7.02e-06	2.76e-02	9.72e-01
 1.22513e+23	7.84e-06	2.91e-02	9.71e-01
 1.24220e+23	8.72e-06	3.07e-02	9.69e-01
 1.26173e+23	9.99e-06	3.28e-02	9.67e-01
 1.28161e+23	1.12e-05	3.48e-02	9.65e-01
 1.29925e+23	1.25e-05	3.66e-02	9.63e-01
 1.31950e+23	1.44e-05	3.93e-02	9.61e-01
 1.34001e+23	1.61e-05	4.16e-02	9.58e-01
 1.36084e+23	1.86e-05	4.46e-02	9.55e-01
 1.38212e+23	2.09e-05	4.73e-02	9.53e-01
 1.40108e+23	2.36e-05	5.01e-02	9.50e-01
 1.42286e+23	2.73e-05	5.38e-02	9.46e-01
 1.44501e+23	3.09e-05	5.71e-02	9.43e-01
 1.46763e+23	3.61e-05	6.16e-02	9.38e-01
 1.48986e+23	4.05e-05	6.51e-02	9.35e-01
 1.50788e+23	4.49e-05	6.85e-02	9.31e-01
 1.52761e+23	5.13e-05	7.30e-02	9.27e-01
 1.54753e+23	5.69e-05	7.68e-02	9.23e-01
 1.56502e+23	6.33e-05	8.08e-02	9.19e-01
 1.58509e+23	7.23e-05	8.61e-02	9.14e-01
 1.60550e+23	8.06e-05	9.07e-02	9.09e-01
 1.62632e+23	9.23e-05	9.68e-02	9.03e-01
 1.64732e+23	1.03e-04	1.02e-01	8.98e-01
 1.66577e+23	1.15e-04	1.07e-01	8.93e-01
 1.68698e+23	1.32e-04	1.15e-01	8.85e-01
 1.70655e+23	1.45e-04	1.20e-01	8.80e-01
 1.72397e+23	1.61e-04	1.26e-01	8.74e-01
 1.74207e+23	1.77e-04	1.32e-01	8.68e-01
 1.75821e+23	1.93e-04	1.37e-01	8.63e-01
 1.77637e+23	2.16e-04	1.44e-01	8.56e-01
 1.79488e+23	2.38e-04	1.51e-01	8.49e-01
 1.81118e+23	2.60e-04	1.57e-01	8.43e-01
 1.82969e+23	2.91e-04	1.65e-01	8.35e-01
 1.84853e+23	3.19e-04	1.72e-01	8.27e-01
 1.86516e+23	3.49e-04	1.79e-01	8.20e-01
 1.88415e+23	3.91e-04	1.89e-01	8.11e-01
 1.90348e+23	4.29e-04	1.97e-01	8.03e-01
 1.92059e+23	4.70e-04	2.05e-01	7.95e-01
 1.94016e+23	5.26e-04	2.15e-01	7.84e-01
 1.96010e+23	5.79e-04	2.25e-01	7.75e-01
 1.97782e+23	6.34e-04	2.34e-01	7.66e-01
 1.99815e+23	7.11e-04	2.46e-01	7.54e-01
 2.01889e+23	7.84e-04	2.56e-01	7.43e-01
 2.04017e+23	8.81e-04	2.69e-01	7.30e-01
 2.06181e+23	9.75e-04	2.81e-01	7.18e-01
 2.08075e+23	1.07e-03	2.92e-01	7.07e-01
 2.10222e+23	1.20e-03	3.06e-01	6.93e-01
 2.12432e+23	1.32e-03	3.18e-01	6.81e-01
 2.14139e+23	1.42e-03	3.28e-01	6.71e-01
 2.15774e+23	1.55e-03	3.39e-01	6.60e-01
 2.17451e+23	1.66e-03	3.49e-01	6.50e-01
 2.18946e+23	1.78e-03	3.58e-01	6.40e-01
 2.20655e+23	1.94e-03	3.70e-01	6.28e-01
 2.22407e+23	2.09e-03	3.81e-01	6.17e-01
 2.23956e+23	2.24e-03	3.91e-01	6.07e-01
 2.25712e+23	2.45e-03	4.04e-01	5.93e-01
 2.27496e+23	2.63e-03	4.15e-01	5.82e-01
 2.29316e+23	2.87e-03	4.29e-01	5.69e-01
 2.31188e+23	3.10e-03	4.40e-01	5.56e-01
 2.32853e+23	3.33e-03	4.52e-01	5.45e-01
 2.34742e+23	3.63e-03	4.66e-01	5.31e-01
 2.36709e+23	3.94e-03	4.79e-01	5.17e-01
 2.38482e+23	4.24e-03	4.91e-01	5.05e-01
 2.40492e+23	4.65e-03	5.06e-01	4.89e-01
 2.42565e+23	5.03e-03	5.19e-01	4.76e-01
 2.44718e+23	5.55e-03	5.35e-01	4.59e-01
 2.46899e+23	6.00e-03	5.48e-01	4.46e-01
 2.49113e+23	6.61e-03	5.65e-01	4.29e-01
 2.51365e+23	7.16e-03	5.78e-01	4.15e-01
 2.53664e+23	7.90e-03	5.94e-01	3.98e-01
 2.56001e+23	8.56e-03	6.08e-01	3.84e-01
 2.58385e+23	9.45e-03	6.24e-01	3.67e-01
 2.60836e+23	1.03e-02	6.37e-01	3.53e-01
 2.63371e+23	1.14e-02	6.54e-01	3.34e-01
 2.65962e+23	1.24e-02	6.67e-01	3.21e-01
 2.68626e+23	1.38e-02	6.84e-01	3.03e-01
 2.71384e+23	1.50e-02	6.97e-01	2.88e-01
 2.74266e+23	1.68e-02	7.14e-01	2.70e-01
 2.77257e+23	1.83e-02	7.26e-01	2.56e-01
 2.80162e+23	2.04e-02	7.40e-01	2.39e-01
 2.83210e+23	2.25e-02	7.53e-01	2.25e-01
 2.86258e+23	2.49e-02	7.65e-01	2.10e-01
 2.89343e+23	2.75e-02	7.76e-01	1.96e-01
 2.92113e+23	2.97e-02	7.85e-01	1.85e-01
 2.94882e+23	3.27e-02	7.94e-01	1.73e-01
 2.97796e+23	3.55e-02	8.02e-01	1.62e-01
 3.00710e+23	3.91e-02	8.10e-01	1.50e-01
 3.03741e+23	4.27e-02	8.17e-01	1.40e-01
 3.06772e+23	4.70e-02	8.23e-01	1.30e-01
 3.08441e+23	4.76e-02	8.23e-01	1.29e-01
