#depth	O	O+	O+2	O+3	O+4	O+5	O+6	O+7	O+8	O[1]	O[2]	O[3]
 4.62852e+21	1.61e-09	2.25e-05	9.23e-03	1.91e-01	3.36e-01	2.68e-01	1.88e-01	7.36e-03	7.06e-05	1.61e-09	4.30e-18	5.24e-18
 1.03807e+22	8.11e-09	7.62e-05	2.14e-02	2.96e-01	3.60e-01	2.15e-01	1.04e-01	2.69e-03	1.72e-05	8.11e-09	2.40e-17	2.91e-17
 1.20663e+22	1.80e-08	1.36e-04	3.12e-02	3.53e-01	3.57e-01	1.84e-01	7.41e-02	1.55e-03	8.08e-06	1.80e-08	5.75e-17	6.96e-17
 1.29717e+22	2.90e-08	1.91e-04	3.88e-02	3.87e-01	3.50e-01	1.64e-01	5.94e-02	1.10e-03	5.03e-06	2.90e-08	9.77e-17	1.18e-16
 1.34782e+22	3.64e-08	2.24e-04	4.28e-02	4.03e-01	3.45e-01	1.55e-01	5.32e-02	9.24e-04	4.00e-06	3.64e-08	1.26e-16	1.52e-16
 1.38528e+22	4.87e-08	2.75e-04	4.86e-02	4.23e-01	3.38e-01	1.43e-01	4.60e-02	7.38e-04	2.95e-06	4.87e-08	1.75e-16	2.11e-16
 1.42320e+22	6.11e-08	3.22e-04	5.36e-02	4.38e-01	3.32e-01	1.34e-01	4.10e-02	6.16e-04	2.32e-06	6.11e-08	2.26e-16	2.73e-16
 1.46169e+22	8.19e-08	3.94e-04	6.06e-02	4.58e-01	3.23e-01	1.23e-01	3.51e-02	4.87e-04	1.69e-06	8.19e-08	3.15e-16	3.81e-16
 1.49971e+22	1.02e-07	4.58e-04	6.64e-02	4.72e-01	3.16e-01	1.15e-01	3.11e-02	4.06e-04	1.33e-06	1.02e-07	4.05e-16	4.89e-16
 1.53176e+22	1.26e-07	5.28e-04	7.22e-02	4.84e-01	3.08e-01	1.07e-01	2.77e-02	3.40e-04	1.05e-06	1.26e-07	5.13e-16	6.19e-16
 1.56806e+22	1.65e-07	6.36e-04	8.06e-02	5.00e-01	2.97e-01	9.75e-02	2.37e-02	2.69e-04	7.67e-07	1.65e-07	7.01e-16	8.46e-16
 1.60410e+22	2.03e-07	7.30e-04	8.72e-02	5.11e-01	2.89e-01	9.06e-02	2.10e-02	2.25e-04	6.05e-07	2.03e-07	8.83e-16	1.06e-15
 1.63982e+22	2.61e-07	8.66e-04	9.62e-02	5.24e-01	2.78e-01	8.25e-02	1.80e-02	1.79e-04	4.48e-07	2.61e-07	1.18e-15	1.42e-15
 1.67671e+22	3.26e-07	1.01e-03	1.05e-01	5.35e-01	2.68e-01	7.57e-02	1.57e-02	1.46e-04	3.43e-07	3.26e-07	1.51e-15	1.82e-15
 1.70968e+22	4.01e-07	1.15e-03	1.13e-01	5.44e-01	2.59e-01	6.97e-02	1.38e-02	1.20e-04	2.65e-07	4.01e-07	1.92e-15	2.31e-15
 1.74713e+22	5.23e-07	1.38e-03	1.25e-01	5.54e-01	2.46e-01	6.25e-02	1.16e-02	9.34e-05	1.91e-07	5.23e-07	2.58e-15	3.11e-15
 1.78520e+22	6.49e-07	1.59e-03	1.35e-01	5.61e-01	2.36e-01	5.70e-02	1.01e-02	7.55e-05	1.44e-07	6.49e-07	3.30e-15	3.97e-15
 1.82408e+22	8.44e-07	1.89e-03	1.48e-01	5.68e-01	2.23e-01	5.07e-02	8.42e-03	5.82e-05	0.00e+00	8.44e-07	4.45e-15	5.34e-15
 1.86021e+22	1.01e-06	2.13e-03	1.58e-01	5.72e-01	2.14e-01	4.66e-02	7.42e-03	4.83e-05	0.00e+00	1.01e-06	5.46e-15	6.55e-15
 1.88824e+22	1.21e-06	2.39e-03	1.67e-01	5.75e-01	2.06e-01	4.29e-02	6.55e-03	4.03e-05	0.00e+00	1.21e-06	6.67e-15	7.99e-15
 1.92017e+22	1.49e-06	2.74e-03	1.80e-01	5.78e-01	1.95e-01	3.87e-02	5.63e-03	3.23e-05	0.00e+00	1.49e-06	8.48e-15	1.01e-14
 1.95306e+22	1.77e-06	3.07e-03	1.90e-01	5.79e-01	1.87e-01	3.55e-02	4.95e-03	2.68e-05	0.00e+00	1.77e-06	1.04e-14	1.24e-14
 1.98273e+22	2.12e-06	3.45e-03	2.02e-01	5.80e-01	1.78e-01	3.24e-02	4.34e-03	2.21e-05	0.00e+00	2.12e-06	1.27e-14	1.51e-14
 2.01238e+22	2.52e-06	3.86e-03	2.13e-01	5.79e-01	1.70e-01	2.96e-02	3.80e-03	1.83e-05	0.00e+00	2.52e-06	1.55e-14	1.84e-14
 2.04645e+22	3.13e-06	4.45e-03	2.29e-01	5.78e-01	1.60e-01	2.63e-02	3.21e-03	1.43e-05	0.00e+00	3.13e-06	1.99e-14	2.37e-14
 2.08076e+22	3.74e-06	4.99e-03	2.42e-01	5.75e-01	1.51e-01	2.39e-02	2.78e-03	1.16e-05	0.00e+00	3.74e-06	2.44e-14	2.90e-14
 2.11053e+22	4.44e-06	5.57e-03	2.55e-01	5.72e-01	1.44e-01	2.17e-02	2.42e-03	9.55e-06	0.00e+00	4.44e-06	2.97e-14	3.53e-14
 2.14436e+22	5.48e-06	6.38e-03	2.72e-01	5.67e-01	1.34e-01	1.92e-02	2.04e-03	7.43e-06	0.00e+00	5.48e-06	3.80e-14	4.51e-14
 2.17890e+22	6.52e-06	7.13e-03	2.86e-01	5.61e-01	1.27e-01	1.73e-02	1.76e-03	6.02e-06	0.00e+00	6.52e-06	4.65e-14	5.51e-14
 2.21434e+22	8.10e-06	8.20e-03	3.04e-01	5.53e-01	1.17e-01	1.51e-02	1.46e-03	4.61e-06	0.00e+00	8.10e-06	6.00e-14	7.10e-14
 2.24997e+22	9.68e-06	9.18e-03	3.20e-01	5.46e-01	1.10e-01	1.35e-02	1.25e-03	3.68e-06	0.00e+00	9.68e-06	7.37e-14	8.73e-14
 2.28099e+22	1.14e-05	1.02e-02	3.35e-01	5.38e-01	1.03e-01	1.21e-02	1.07e-03	2.97e-06	0.00e+00	1.14e-05	8.96e-14	1.06e-13
 2.31646e+22	1.41e-05	1.17e-02	3.55e-01	5.27e-01	9.52e-02	1.05e-02	8.87e-04	2.26e-06	0.00e+00	1.41e-05	1.15e-13	1.36e-13
 2.35288e+22	1.68e-05	1.30e-02	3.72e-01	5.16e-01	8.86e-02	9.33e-03	7.52e-04	1.79e-06	0.00e+00	1.68e-05	1.41e-13	1.67e-13
 2.39054e+22	2.09e-05	1.49e-02	3.94e-01	5.02e-01	8.08e-02	8.00e-03	6.10e-04	1.33e-06	0.00e+00	2.09e-05	1.83e-13	2.16e-13
 2.42862e+22	2.49e-05	1.67e-02	4.12e-01	4.89e-01	7.46e-02	7.02e-03	5.11e-04	1.03e-06	0.00e+00	2.49e-05	2.27e-13	2.67e-13
 2.46722e+22	3.10e-05	1.91e-02	4.34e-01	4.73e-01	6.75e-02	5.96e-03	4.11e-04	7.57e-07	0.00e+00	3.10e-05	2.95e-13	3.47e-13
 2.50666e+22	3.70e-05	2.14e-02	4.53e-01	4.58e-01	6.19e-02	5.18e-03	3.40e-04	5.81e-07	0.00e+00	3.70e-05	3.66e-13	4.30e-13
 2.54186e+22	4.40e-05	2.38e-02	4.72e-01	4.43e-01	5.67e-02	4.50e-03	2.83e-04	4.47e-07	0.00e+00	4.40e-05	4.52e-13	5.31e-13
 2.58231e+22	5.51e-05	2.74e-02	4.95e-01	4.23e-01	5.05e-02	3.75e-03	2.22e-04	3.17e-07	0.00e+00	5.51e-05	5.96e-13	6.97e-13
 2.62313e+22	6.54e-05	3.05e-02	5.14e-01	4.06e-01	4.60e-02	3.23e-03	1.83e-04	2.42e-07	0.00e+00	6.54e-05	7.37e-13	8.59e-13
 2.65420e+22	7.42e-05	3.29e-02	5.27e-01	3.94e-01	4.29e-02	2.89e-03	1.58e-04	1.97e-07	0.00e+00	7.42e-05	8.62e-13	1.00e-12
 2.67059e+22	7.64e-05	3.35e-02	5.31e-01	3.91e-01	4.21e-02	2.81e-03	1.52e-04	1.87e-07	0.00e+00	7.64e-05	8.95e-13	1.04e-12
 2.67653e+22	7.83e-05	3.40e-02	5.33e-01	3.88e-01	4.15e-02	2.75e-03	1.48e-04	1.80e-07	0.00e+00	7.83e-05	9.22e-13	1.07e-12
 2.68267e+22	8.12e-05	3.48e-02	5.37e-01	3.85e-01	4.07e-02	2.67e-03	1.42e-04	1.70e-07	0.00e+00	8.12e-05	9.64e-13	1.12e-12
 2.69064e+22	8.43e-05	3.56e-02	5.41e-01	3.81e-01	3.98e-02	2.58e-03	1.36e-04	1.60e-07	0.00e+00	8.43e-05	1.01e-12	1.17e-12
 2.70101e+22	8.91e-05	3.69e-02	5.46e-01	3.75e-01	3.85e-02	2.45e-03	1.28e-04	1.46e-07	0.00e+00	8.91e-05	1.09e-12	1.26e-12
 2.71449e+22	9.58e-05	3.85e-02	5.54e-01	3.68e-01	3.70e-02	2.30e-03	1.17e-04	1.30e-07	0.00e+00	9.58e-05	1.19e-12	1.37e-12
 2.73201e+22	1.05e-04	4.08e-02	5.63e-01	3.59e-01	3.50e-02	2.11e-03	1.05e-04	0.00e+00	0.00e+00	1.05e-04	1.34e-12	1.54e-12
 2.75478e+22	1.18e-04	4.39e-02	5.75e-01	3.47e-01	3.25e-02	1.89e-03	9.11e-05	0.00e+00	0.00e+00	1.18e-04	1.55e-12	1.79e-12
 2.78439e+22	1.39e-04	4.84e-02	5.90e-01	3.30e-01	2.94e-02	1.62e-03	7.48e-05	0.00e+00	0.00e+00	1.39e-04	1.91e-12	2.18e-12
 2.81465e+22	1.57e-04	5.21e-02	6.02e-01	3.17e-01	2.72e-02	1.44e-03	6.42e-05	0.00e+00	0.00e+00	1.57e-04	2.23e-12	2.53e-12
 2.84575e+22	1.84e-04	5.74e-02	6.16e-01	3.00e-01	2.45e-02	1.23e-03	5.24e-05	0.00e+00	0.00e+00	1.84e-04	2.73e-12	3.09e-12
 2.87772e+22	2.09e-04	6.20e-02	6.28e-01	2.86e-01	2.24e-02	1.07e-03	4.41e-05	0.00e+00	0.00e+00	2.09e-04	3.24e-12	3.63e-12
 2.91083e+22	2.46e-04	6.85e-02	6.41e-01	2.69e-01	1.99e-02	9.04e-04	3.55e-05	0.00e+00	0.00e+00	2.46e-04	4.02e-12	4.47e-12
 2.94449e+22	2.81e-04	7.40e-02	6.52e-01	2.55e-01	1.81e-02	7.82e-04	2.96e-05	0.00e+00	0.00e+00	2.81e-04	4.79e-12	5.27e-12
 2.97887e+22	3.31e-04	8.18e-02	6.63e-01	2.38e-01	1.60e-02	6.51e-04	2.35e-05	0.00e+00	0.00e+00	3.31e-04	5.99e-12	6.51e-12
 3.01385e+22	3.78e-04	8.84e-02	6.72e-01	2.24e-01	1.44e-02	5.58e-04	1.94e-05	0.00e+00	0.00e+00	3.78e-04	7.17e-12	7.72e-12
 3.04962e+22	4.47e-04	9.76e-02	6.82e-01	2.07e-01	1.26e-02	4.58e-04	1.51e-05	0.00e+00	0.00e+00	4.47e-04	9.04e-12	9.58e-12
 3.08611e+22	5.10e-04	1.06e-01	6.89e-01	1.93e-01	1.12e-02	3.88e-04	1.23e-05	0.00e+00	0.00e+00	5.10e-04	1.09e-11	1.14e-11
 3.12352e+22	6.05e-04	1.17e-01	6.96e-01	1.77e-01	9.68e-03	3.14e-04	9.48e-06	0.00e+00	0.00e+00	6.05e-04	1.38e-11	1.42e-11
 3.16170e+22	6.92e-04	1.26e-01	7.01e-01	1.64e-01	8.55e-03	2.63e-04	7.61e-06	0.00e+00	0.00e+00	6.92e-04	1.68e-11	1.70e-11
 3.20088e+22	8.20e-04	1.39e-01	7.04e-01	1.48e-01	7.33e-03	2.10e-04	5.79e-06	0.00e+00	0.00e+00	8.20e-04	2.15e-11	2.12e-11
 3.24093e+22	9.42e-04	1.50e-01	7.06e-01	1.36e-01	6.39e-03	1.73e-04	4.56e-06	0.00e+00	0.00e+00	9.42e-04	2.64e-11	2.55e-11
 3.28211e+22	1.13e-03	1.67e-01	7.06e-01	1.21e-01	5.37e-03	1.34e-04	3.36e-06	0.00e+00	0.00e+00	1.13e-03	3.43e-11	3.23e-11
 3.32323e+22	1.28e-03	1.79e-01	7.05e-01	1.10e-01	4.68e-03	1.10e-04	2.65e-06	0.00e+00	0.00e+00	1.28e-03	4.16e-11	3.83e-11
 3.36426e+22	1.52e-03	1.97e-01	7.00e-01	9.77e-02	3.92e-03	8.54e-05	1.96e-06	0.00e+00	0.00e+00	1.52e-03	5.35e-11	4.80e-11
 3.40643e+22	1.73e-03	2.11e-01	6.95e-01	8.81e-02	3.38e-03	6.90e-05	1.52e-06	0.00e+00	0.00e+00	1.73e-03	6.55e-11	5.73e-11
 3.45008e+22	2.06e-03	2.33e-01	6.86e-01	7.65e-02	2.78e-03	5.21e-05	1.09e-06	0.00e+00	0.00e+00	2.06e-03	8.53e-11	7.25e-11
 3.49451e+22	2.36e-03	2.50e-01	6.77e-01	6.80e-02	2.36e-03	4.12e-05	8.27e-07	0.00e+00	0.00e+00	2.36e-03	1.05e-10	8.70e-11
 3.52444e+22	2.51e-03	2.58e-01	6.73e-01	6.41e-02	2.17e-03	3.66e-05	7.20e-07	0.00e+00	0.00e+00	2.51e-03	1.15e-10	9.48e-11
 3.54784e+22	2.75e-03	2.71e-01	6.65e-01	5.90e-02	1.95e-03	3.13e-05	5.99e-07	0.00e+00	0.00e+00	2.75e-03	1.33e-10	1.07e-10
 3.57825e+22	3.08e-03	2.88e-01	6.54e-01	5.30e-02	1.70e-03	2.55e-05	4.75e-07	0.00e+00	0.00e+00	3.08e-03	1.58e-10	1.25e-10
 3.61779e+22	3.59e-03	3.12e-01	6.37e-01	4.57e-02	1.41e-03	1.94e-05	3.48e-07	0.00e+00	0.00e+00	3.59e-03	2.00e-10	1.54e-10
 3.66145e+22	4.11e-03	3.35e-01	6.21e-01	3.96e-02	1.17e-03	1.49e-05	2.57e-07	0.00e+00	0.00e+00	4.11e-03	2.47e-10	1.86e-10
 3.71045e+22	4.94e-03	3.67e-01	5.95e-01	3.24e-02	9.24e-04	1.04e-05	1.73e-07	0.00e+00	0.00e+00	4.94e-03	3.27e-10	2.40e-10
 3.76134e+22	5.68e-03	3.93e-01	5.73e-01	2.74e-02	7.58e-04	7.73e-06	1.25e-07	0.00e+00	0.00e+00	5.68e-03	4.06e-10	2.92e-10
 3.81469e+22	6.89e-03	4.32e-01	5.39e-01	2.16e-02	5.79e-04	5.13e-06	0.00e+00	0.00e+00	0.00e+00	6.89e-03	5.45e-10	3.82e-10
 3.86994e+22	8.01e-03	4.63e-01	5.11e-01	1.76e-02	4.63e-04	3.63e-06	0.00e+00	0.00e+00	0.00e+00	8.01e-03	6.86e-10	4.72e-10
 3.92766e+22	9.81e-03	5.08e-01	4.69e-01	1.32e-02	3.44e-04	2.26e-06	0.00e+00	0.00e+00	0.00e+00	9.81e-03	9.33e-10	6.27e-10
 3.98781e+22	1.15e-02	5.45e-01	4.33e-01	1.03e-02	2.66e-04	1.50e-06	0.00e+00	0.00e+00	0.00e+00	1.15e-02	1.19e-09	7.90e-10
 4.03436e+22	1.29e-02	5.70e-01	4.08e-01	8.54e-03	2.23e-04	1.12e-06	0.00e+00	0.00e+00	0.00e+00	1.29e-02	1.41e-09	9.23e-10
 4.07811e+22	1.50e-02	6.06e-01	3.72e-01	6.62e-03	1.76e-04	7.56e-07	0.00e+00	0.00e+00	0.00e+00	1.50e-02	1.76e-09	1.14e-09
 4.12335e+22	1.70e-02	6.35e-01	3.42e-01	5.26e-03	1.42e-04	5.30e-07	0.00e+00	0.00e+00	0.00e+00	1.70e-02	2.12e-09	1.36e-09
 4.17053e+22	2.01e-02	6.73e-01	3.03e-01	3.85e-03	1.08e-04	3.32e-07	0.00e+00	0.00e+00	0.00e+00	2.01e-02	2.70e-09	1.72e-09
 4.21893e+22	2.31e-02	7.03e-01	2.71e-01	2.91e-03	8.55e-05	2.19e-07	0.00e+00	0.00e+00	0.00e+00	2.31e-02	3.30e-09	2.08e-09
 4.26891e+22	2.77e-02	7.41e-01	2.30e-01	1.99e-03	6.24e-05	1.25e-07	0.00e+00	0.00e+00	0.00e+00	2.77e-02	4.28e-09	2.68e-09
 4.32048e+22	3.25e-02	7.70e-01	1.96e-01	1.40e-03	4.71e-05	0.00e+00	0.00e+00	0.00e+00	0.00e+00	3.25e-02	5.34e-09	3.31e-09
 4.36129e+22	3.71e-02	7.91e-01	1.71e-01	1.04e-03	3.73e-05	0.00e+00	0.00e+00	0.00e+00	0.00e+00	3.71e-02	6.36e-09	3.91e-09
 4.39599e+22	4.21e-02	8.09e-01	1.49e-01	7.75e-04	2.98e-05	0.00e+00	0.00e+00	0.00e+00	0.00e+00	4.21e-02	7.53e-09	4.60e-09
 4.43560e+22	4.97e-02	8.28e-01	1.22e-01	5.22e-04	2.19e-05	0.00e+00	0.00e+00	0.00e+00	0.00e+00	4.97e-02	9.41e-09	5.71e-09
 4.47738e+22	5.88e-02	8.42e-01	9.88e-02	3.49e-04	1.61e-05	0.00e+00	0.00e+00	0.00e+00	0.00e+00	5.88e-02	1.17e-08	7.05e-09
 4.51514e+22	6.95e-02	8.51e-01	7.93e-02	2.32e-04	1.18e-05	0.00e+00	0.00e+00	0.00e+00	0.00e+00	6.95e-02	1.45e-08	8.69e-09
 4.55154e+22	8.30e-02	8.55e-01	6.21e-02	1.52e-04	8.41e-06	0.00e+00	0.00e+00	0.00e+00	0.00e+00	8.30e-02	1.81e-08	1.08e-08
 4.58636e+22	9.96e-02	8.53e-01	4.77e-02	9.80e-05	5.91e-06	0.00e+00	0.00e+00	0.00e+00	0.00e+00	9.96e-02	2.26e-08	1.35e-08
 4.61842e+22	1.20e-01	8.44e-01	3.62e-02	6.38e-05	4.11e-06	0.00e+00	0.00e+00	0.00e+00	0.00e+00	1.20e-01	2.81e-08	1.68e-08
 4.64759e+22	1.44e-01	8.29e-01	2.72e-02	4.21e-05	2.84e-06	0.00e+00	0.00e+00	0.00e+00	0.00e+00	1.44e-01	3.46e-08	2.08e-08
 4.67411e+22	1.72e-01	8.08e-01	2.03e-02	2.83e-05	1.94e-06	0.00e+00	0.00e+00	0.00e+00	0.00e+00	1.72e-01	4.23e-08	2.54e-08
 4.69829e+22	2.04e-01	7.81e-01	1.51e-02	1.94e-05	1.32e-06	0.00e+00	0.00e+00	0.00e+00	0.00e+00	2.04e-01	5.08e-08	3.04e-08
 4.72033e+22	2.41e-01	7.48e-01	1.12e-02	1.36e-05	8.96e-07	0.00e+00	0.00e+00	0.00e+00	0.00e+00	2.41e-01	6.00e-08	3.59e-08
 4.74038e+22	2.81e-01	7.10e-01	8.29e-03	9.82e-06	6.09e-07	0.00e+00	0.00e+00	0.00e+00	0.00e+00	2.81e-01	6.96e-08	4.15e-08
 4.75305e+22	3.09e-01	6.85e-01	6.92e-03	8.14e-06	4.84e-07	0.00e+00	0.00e+00	0.00e+00	0.00e+00	3.09e-01	7.52e-08	4.48e-08
 4.75788e+22	3.20e-01	6.74e-01	6.42e-03	7.55e-06	4.40e-07	0.00e+00	0.00e+00	0.00e+00	0.00e+00	3.20e-01	7.75e-08	4.61e-08
 4.76174e+22	3.30e-01	6.64e-01	6.02e-03	7.07e-06	4.05e-07	0.00e+00	0.00e+00	0.00e+00	0.00e+00	3.30e-01	7.96e-08	4.74e-08
 4.76665e+22	3.42e-01	6.52e-01	5.53e-03	6.50e-06	3.62e-07	0.00e+00	0.00e+00	0.00e+00	0.00e+00	3.42e-01	8.22e-08	4.89e-08
 4.77260e+22	3.58e-01	6.37e-01	4.99e-03	5.87e-06	3.17e-07	0.00e+00	0.00e+00	0.00e+00	0.00e+00	3.58e-01	8.54e-08	5.08e-08
 4.77866e+22	3.75e-01	6.21e-01	4.50e-03	5.32e-06	2.77e-07	0.00e+00	0.00e+00	0.00e+00	0.00e+00	3.75e-01	8.85e-08	5.26e-08
 4.78444e+22	3.91e-01	6.04e-01	4.06e-03	4.83e-06	2.42e-07	0.00e+00	0.00e+00	0.00e+00	0.00e+00	3.91e-01	9.15e-08	5.43e-08
 4.79011e+22	4.07e-01	5.89e-01	3.68e-03	4.41e-06	2.14e-07	0.00e+00	0.00e+00	0.00e+00	0.00e+00	4.07e-01	9.42e-08	5.59e-08
 4.79609e+22	4.25e-01	5.72e-01	3.30e-03	3.99e-06	1.85e-07	0.00e+00	0.00e+00	0.00e+00	0.00e+00	4.25e-01	9.72e-08	5.76e-08
 4.80248e+22	4.44e-01	5.53e-01	2.94e-03	3.59e-06	1.60e-07	0.00e+00	0.00e+00	0.00e+00	0.00e+00	4.44e-01	1.00e-07	5.93e-08
 4.80870e+22	4.63e-01	5.34e-01	2.62e-03	3.24e-06	1.38e-07	0.00e+00	0.00e+00	0.00e+00	0.00e+00	4.63e-01	1.03e-07	6.09e-08
 4.81482e+22	4.82e-01	5.15e-01	2.33e-03	2.93e-06	0.00e+00	0.00e+00	0.00e+00	0.00e+00	0.00e+00	4.82e-01	1.05e-07	6.23e-08
 4.82108e+22	5.02e-01	4.96e-01	2.07e-03	2.65e-06	0.00e+00	0.00e+00	0.00e+00	0.00e+00	0.00e+00	5.02e-01	1.08e-07	6.36e-08
 4.82765e+22	5.22e-01	4.76e-01	1.83e-03	2.38e-06	0.00e+00	0.00e+00	0.00e+00	0.00e+00	0.00e+00	5.22e-01	1.10e-07	6.49e-08
 4.83459e+22	5.44e-01	4.55e-01	1.60e-03	2.13e-06	0.00e+00	0.00e+00	0.00e+00	0.00e+00	0.00e+00	5.44e-01	1.12e-07	6.60e-08
 4.84180e+22	5.66e-01	4.33e-01	1.39e-03	1.90e-06	0.00e+00	0.00e+00	0.00e+00	0.00e+00	0.00e+00	5.66e-01	1.13e-07	6.70e-08
 4.84901e+22	5.87e-01	4.11e-01	1.21e-03	1.70e-06	0.00e+00	0.00e+00	0.00e+00	0.00e+00	0.00e+00	5.87e-01	1.15e-07	6.77e-08
 4.85466e+22	6.03e-01	3.96e-01	1.09e-03	1.57e-06	0.00e+00	0.00e+00	0.00e+00	0.00e+00	0.00e+00	6.03e-01	1.15e-07	6.81e-08
 4.85840e+22	6.14e-01	3.85e-01	1.02e-03	1.49e-06	0.00e+00	0.00e+00	0.00e+00	0.00e+00	0.00e+00	6.14e-01	1.16e-07	6.83e-08
 4.86195e+22	6.24e-01	3.75e-01	9.52e-04	1.41e-06	0.00e+00	0.00e+00	0.00e+00	0.00e+00	0.00e+00	6.24e-01	1.16e-07	6.85e-08
 4.86616e+22	6.35e-01	3.64e-01	8.79e-04	1.32e-06	0.00e+00	0.00e+00	0.00e+00	0.00e+00	0.00e+00	6.35e-01	1.17e-07	6.86e-08
 4.87090e+22	6.48e-01	3.51e-01	8.03e-04	1.24e-06	0.00e+00	0.00e+00	0.00e+00	0.00e+00	0.00e+00	6.48e-01	1.17e-07	6.87e-08
 4.87561e+22	6.60e-01	3.39e-01	7.35e-04	1.16e-06	0.00e+00	0.00e+00	0.00e+00	0.00e+00	0.00e+00	6.60e-01	1.17e-07	6.88e-08
 4.88002e+22	6.71e-01	3.28e-01	6.78e-04	1.09e-06	0.00e+00	0.00e+00	0.00e+00	0.00e+00	0.00e+00	6.71e-01	1.17e-07	6.87e-08
 4.88446e+22	6.82e-01	3.17e-01	6.24e-04	1.02e-06	0.00e+00	0.00e+00	0.00e+00	0.00e+00	0.00e+00	6.82e-01	1.17e-07	6.87e-08
 4.88912e+22	6.93e-01	3.06e-01	5.72e-04	9.59e-07	0.00e+00	0.00e+00	0.00e+00	0.00e+00	0.00e+00	6.93e-01	1.17e-07	6.85e-08
 4.89380e+22	7.04e-01	2.96e-01	5.26e-04	9.02e-07	0.00e+00	0.00e+00	0.00e+00	0.00e+00	0.00e+00	7.04e-01	1.16e-07	6.83e-08
 4.89852e+22	7.14e-01	2.85e-01	4.83e-04	8.48e-07	0.00e+00	0.00e+00	0.00e+00	0.00e+00	0.00e+00	7.14e-01	1.16e-07	6.81e-08
 4.90338e+22	7.24e-01	2.75e-01	4.42e-04	7.97e-07	0.00e+00	0.00e+00	0.00e+00	0.00e+00	0.00e+00	7.24e-01	1.16e-07	6.79e-08
 4.90836e+22	7.34e-01	2.65e-01	4.05e-04	7.49e-07	0.00e+00	0.00e+00	0.00e+00	0.00e+00	0.00e+00	7.34e-01	1.15e-07	6.76e-08
 4.91347e+22	7.44e-01	2.56e-01	3.70e-04	7.03e-07	0.00e+00	0.00e+00	0.00e+00	0.00e+00	0.00e+00	7.44e-01	1.15e-07	6.72e-08
 4.91867e+22	7.54e-01	2.46e-01	3.38e-04	6.60e-07	0.00e+00	0.00e+00	0.00e+00	0.00e+00	0.00e+00	7.54e-01	1.14e-07	6.69e-08
 4.92388e+22	7.63e-01	2.37e-01	3.10e-04	6.22e-07	0.00e+00	0.00e+00	0.00e+00	0.00e+00	0.00e+00	7.63e-01	1.14e-07	6.65e-08
 4.92922e+22	7.72e-01	2.28e-01	2.83e-04	5.85e-07	0.00e+00	0.00e+00	0.00e+00	0.00e+00	0.00e+00	7.72e-01	1.13e-07	6.61e-08
 4.93478e+22	7.80e-01	2.19e-01	2.58e-04	5.50e-07	0.00e+00	0.00e+00	0.00e+00	0.00e+00	0.00e+00	7.80e-01	1.12e-07	6.56e-08
 4.94052e+22	7.89e-01	2.11e-01	2.35e-04	5.16e-07	0.00e+00	0.00e+00	0.00e+00	0.00e+00	0.00e+00	7.89e-01	1.12e-07	6.52e-08
 4.94632e+22	7.97e-01	2.03e-01	2.14e-04	4.85e-07	0.00e+00	0.00e+00	0.00e+00	0.00e+00	0.00e+00	7.97e-01	1.11e-07	6.47e-08
 4.95225e+22	8.05e-01	1.95e-01	1.95e-04	4.56e-07	0.00e+00	0.00e+00	0.00e+00	0.00e+00	0.00e+00	8.05e-01	1.10e-07	6.42e-08
 4.95842e+22	8.13e-01	1.87e-01	1.78e-04	4.29e-07	0.00e+00	0.00e+00	0.00e+00	0.00e+00	0.00e+00	8.13e-01	1.09e-07	6.37e-08
 4.96475e+22	8.20e-01	1.79e-01	1.61e-04	4.03e-07	0.00e+00	0.00e+00	0.00e+00	0.00e+00	0.00e+00	8.20e-01	1.09e-07	6.31e-08
 4.97123e+22	8.28e-01	1.72e-01	1.47e-04	3.79e-07	0.00e+00	0.00e+00	0.00e+00	0.00e+00	0.00e+00	8.28e-01	1.08e-07	6.24e-08
 4.97792e+22	8.35e-01	1.65e-01	1.33e-04	3.56e-07	0.00e+00	0.00e+00	0.00e+00	0.00e+00	0.00e+00	8.35e-01	1.07e-07	6.17e-08
 4.98474e+22	8.41e-01	1.59e-01	1.21e-04	3.35e-07	0.00e+00	0.00e+00	0.00e+00	0.00e+00	0.00e+00	8.41e-01	1.06e-07	6.11e-08
 4.99184e+22	8.48e-01	1.52e-01	1.10e-04	3.14e-07	0.00e+00	0.00e+00	0.00e+00	0.00e+00	0.00e+00	8.48e-01	1.05e-07	6.04e-08
 4.99928e+22	8.54e-01	1.45e-01	9.94e-05	2.95e-07	0.00e+00	0.00e+00	0.00e+00	0.00e+00	0.00e+00	8.54e-01	1.04e-07	5.97e-08
 5.00686e+22	8.61e-01	1.39e-01	9.01e-05	2.76e-07	0.00e+00	0.00e+00	0.00e+00	0.00e+00	0.00e+00	8.61e-01	1.03e-07	5.90e-08
 5.01444e+22	8.66e-01	1.33e-01	8.20e-05	2.60e-07	0.00e+00	0.00e+00	0.00e+00	0.00e+00	0.00e+00	8.66e-01	1.03e-07	5.83e-08
 5.02207e+22	8.72e-01	1.28e-01	7.48e-05	2.45e-07	0.00e+00	0.00e+00	0.00e+00	0.00e+00	0.00e+00	8.72e-01	1.02e-07	5.76e-08
 5.02994e+22	8.77e-01	1.23e-01	6.82e-05	2.30e-07	0.00e+00	0.00e+00	0.00e+00	0.00e+00	0.00e+00	8.77e-01	1.01e-07	5.70e-08
 5.03808e+22	8.82e-01	1.17e-01	6.23e-05	2.17e-07	0.00e+00	0.00e+00	0.00e+00	0.00e+00	0.00e+00	8.82e-01	1.00e-07	5.64e-08
 5.04631e+22	8.87e-01	1.13e-01	5.70e-05	2.04e-07	0.00e+00	0.00e+00	0.00e+00	0.00e+00	0.00e+00	8.87e-01	9.96e-08	5.57e-08
 5.05454e+22	8.92e-01	1.08e-01	5.25e-05	1.92e-07	0.00e+00	0.00e+00	0.00e+00	0.00e+00	0.00e+00	8.92e-01	9.89e-08	5.51e-08
 5.06284e+22	8.96e-01	1.04e-01	4.84e-05	1.82e-07	0.00e+00	0.00e+00	0.00e+00	0.00e+00	0.00e+00	8.96e-01	9.83e-08	5.45e-08
 5.07142e+22	9.00e-01	9.97e-02	4.47e-05	1.72e-07	0.00e+00	0.00e+00	0.00e+00	0.00e+00	0.00e+00	9.00e-01	9.78e-08	5.40e-08
 5.08014e+22	9.04e-01	9.59e-02	4.14e-05	1.62e-07	0.00e+00	0.00e+00	0.00e+00	0.00e+00	0.00e+00	9.04e-01	9.74e-08	5.36e-08
 5.08895e+22	9.08e-01	9.22e-02	3.85e-05	1.53e-07	0.00e+00	0.00e+00	0.00e+00	0.00e+00	0.00e+00	9.08e-01	9.69e-08	5.31e-08
 5.09799e+22	9.11e-01	8.86e-02	3.59e-05	1.45e-07	0.00e+00	0.00e+00	0.00e+00	0.00e+00	0.00e+00	9.11e-01	9.65e-08	5.26e-08
 5.10725e+22	9.15e-01	8.51e-02	3.35e-05	1.37e-07	0.00e+00	0.00e+00	0.00e+00	0.00e+00	0.00e+00	9.15e-01	9.61e-08	5.21e-08
 5.11664e+22	9.18e-01	8.18e-02	3.14e-05	1.30e-07	0.00e+00	0.00e+00	0.00e+00	0.00e+00	0.00e+00	9.18e-01	9.58e-08	5.17e-08
 5.12618e+22	9.21e-01	7.86e-02	2.96e-05	0.00e+00	0.00e+00	0.00e+00	0.00e+00	0.00e+00	0.00e+00	9.21e-01	9.55e-08	5.13e-08
 5.13601e+22	9.24e-01	7.55e-02	2.79e-05	0.00e+00	0.00e+00	0.00e+00	0.00e+00	0.00e+00	0.00e+00	9.24e-01	9.52e-08	5.09e-08
 5.14603e+22	9.27e-01	7.26e-02	2.64e-05	0.00e+00	0.00e+00	0.00e+00	0.00e+00	0.00e+00	0.00e+00	9.27e-01	9.50e-08	5.05e-08
 5.15577e+22	9.30e-01	6.99e-02	2.51e-05	0.00e+00	0.00e+00	0.00e+00	0.00e+00	0.00e+00	0.00e+00	9.30e-01	9.48e-08	5.02e-08
 5.16486e+22	9.32e-01	6.76e-02	2.41e-05	0.00e+00	0.00e+00	0.00e+00	0.00e+00	0.00e+00	0.00e+00	9.32e-01	9.45e-08	4.98e-08
 5.17325e+22	9.34e-01	6.55e-02	2.33e-05	0.00e+00	0.00e+00	0.00e+00	0.00e+00	0.00e+00	0.00e+00	9.34e-01	9.43e-08	4.95e-08
 5.18112e+22	9.36e-01	6.37e-02	2.26e-05	0.00e+00	0.00e+00	0.00e+00	0.00e+00	0.00e+00	0.00e+00	9.36e-01	9.40e-08	4.92e-08
 5.18840e+22	9.38e-01	6.20e-02	2.20e-05	0.00e+00	0.00e+00	0.00e+00	0.00e+00	0.00e+00	0.00e+00	9.38e-01	9.39e-08	4.90e-08
 5.19545e+22	9.40e-01	6.05e-02	2.14e-05	0.00e+00	0.00e+00	0.00e+00	0.00e+00	0.00e+00	0.00e+00	9.40e-01	9.37e-08	4.87e-08
 5.20253e+22	9.41e-01	5.89e-02	2.09e-05	0.00e+00	0.00e+00	0.00e+00	0.00e+00	0.00e+00	0.00e+00	9.41e-01	9.36e-08	4.85e-08
 5.20940e+22	9.43e-01	5.74e-02	2.05e-05	0.00e+00	0.00e+00	0.00e+00	0.00e+00	0.00e+00	0.00e+00	9.43e-01	9.34e-08	4.83e-08
 5.21584e+22	9.44e-01	5.60e-02	2.01e-05	0.00e+00	0.00e+00	0.00e+00	0.00e+00	0.00e+00	0.00e+00	9.44e-01	9.33e-08	4.81e-08
 5.22197e+22	9.45e-01	5.48e-02	1.97e-05	0.00e+00	0.00e+00	0.00e+00	0.00e+00	0.00e+00	0.00e+00	9.45e-01	9.32e-08	4.79e-08
 5.22811e+22	9.46e-01	5.35e-02	1.94e-05	0.00e+00	0.00e+00	0.00e+00	0.00e+00	0.00e+00	0.00e+00	9.46e-01	9.31e-08	4.77e-08
 5.23399e+22	9.48e-01	5.23e-02	1.91e-05	0.00e+00	0.00e+00	0.00e+00	0.00e+00	0.00e+00	0.00e+00	9.48e-01	9.30e-08	4.75e-08
 5.23953e+22	9.49e-01	5.12e-02	1.88e-05	0.00e+00	0.00e+00	0.00e+00	0.00e+00	0.00e+00	0.00e+00	9.49e-01	9.29e-08	4.74e-08
 5.24504e+22	9.50e-01	5.01e-02	1.85e-05	0.00e+00	0.00e+00	0.00e+00	0.00e+00	0.00e+00	0.00e+00	9.50e-01	9.28e-08	4.72e-08
 5.25032e+22	9.51e-01	4.90e-02	1.83e-05	0.00e+00	0.00e+00	0.00e+00	0.00e+00	0.00e+00	0.00e+00	9.51e-01	9.26e-08	4.70e-08
 5.25528e+22	9.52e-01	4.81e-02	1.81e-05	0.00e+00	0.00e+00	0.00e+00	0.00e+00	0.00e+00	0.00e+00	9.52e-01	9.25e-08	4.69e-08
 5.26015e+22	9.53e-01	4.71e-02	1.79e-05	0.00e+00	0.00e+00	0.00e+00	0.00e+00	0.00e+00	0.00e+00	9.53e-01	9.24e-08	4.67e-08
 5.26489e+22	9.54e-01	4.61e-02	1.77e-05	0.00e+00	0.00e+00	0.00e+00	0.00e+00	0.00e+00	0.00e+00	9.54e-01	9.23e-08	4.65e-08
 5.26935e+22	9.55e-01	4.53e-02	1.75e-05	0.00e+00	0.00e+00	0.00e+00	0.00e+00	0.00e+00	0.00e+00	9.55e-01	9.21e-08	4.63e-08
 5.27341e+22	9.56e-01	4.45e-02	1.74e-05	0.00e+00	0.00e+00	0.00e+00	0.00e+00	0.00e+00	0.00e+00	9.56e-01	9.20e-08	4.62e-08
 5.27710e+22	9.56e-01	4.38e-02	1.72e-05	0.00e+00	0.00e+00	0.00e+00	0.00e+00	0.00e+00	0.00e+00	9.56e-01	9.19e-08	4.60e-08
 5.28046e+22	9.57e-01	4.31e-02	1.71e-05	0.00e+00	0.00e+00	0.00e+00	0.00e+00	0.00e+00	0.00e+00	9.57e-01	9.17e-08	4.59e-08
 5.28352e+22	9.57e-01	4.26e-02	1.70e-05	0.00e+00	0.00e+00	0.00e+00	0.00e+00	0.00e+00	0.00e+00	9.57e-01	9.16e-08	4.58e-08
 5.28631e+22	9.58e-01	4.20e-02	1.69e-05	0.00e+00	0.00e+00	0.00e+00	0.00e+00	0.00e+00	0.00e+00	9.58e-01	9.15e-08	4.56e-08
 5.28884e+22	9.58e-01	4.16e-02	1.68e-05	0.00e+00	0.00e+00	0.00e+00	0.00e+00	0.00e+00	0.00e+00	9.58e-01	9.12e-08	4.55e-08
 5.29162e+22	9.59e-01	4.10e-02	1.67e-05	0.00e+00	0.00e+00	0.00e+00	0.00e+00	0.00e+00	0.00e+00	9.59e-01	9.09e-08	4.54e-08
 5.29461e+22	9.60e-01	4.04e-02	1.66e-05	0.00e+00	0.00e+00	0.00e+00	0.00e+00	0.00e+00	0.00e+00	9.60e-01	9.05e-08	4.53e-08
 5.29734e+22	9.60e-01	3.99e-02	1.65e-05	0.00e+00	0.00e+00	0.00e+00	0.00e+00	0.00e+00	0.00e+00	9.60e-01	9.02e-08	4.51e-08
 5.29982e+22	9.61e-01	3.94e-02	1.64e-05	0.00e+00	0.00e+00	0.00e+00	0.00e+00	0.00e+00	0.00e+00	9.61e-01	8.97e-08	4.50e-08
 5.30208e+22	9.61e-01	3.91e-02	1.63e-05	0.00e+00	0.00e+00	0.00e+00	0.00e+00	0.00e+00	0.00e+00	9.61e-01	8.96e-08	4.49e-08
 5.30456e+22	9.61e-01	3.86e-02	1.62e-05	0.00e+00	0.00e+00	0.00e+00	0.00e+00	0.00e+00	0.00e+00	9.61e-01	8.93e-08	4.48e-08
 5.30777e+22	9.62e-01	3.79e-02	1.61e-05	0.00e+00	0.00e+00	0.00e+00	0.00e+00	0.00e+00	0.00e+00	9.62e-01	8.89e-08	4.47e-08
 5.31125e+22	9.63e-01	3.72e-02	1.59e-05	0.00e+00	0.00e+00	0.00e+00	0.00e+00	0.00e+00	0.00e+00	9.63e-01	8.86e-08	4.45e-08
 5.31441e+22	9.63e-01	3.66e-02	1.58e-05	0.00e+00	0.00e+00	0.00e+00	0.00e+00	0.00e+00	0.00e+00	9.63e-01	8.83e-08	4.44e-08
 5.31728e+22	9.64e-01	3.62e-02	1.56e-05	0.00e+00	0.00e+00	0.00e+00	0.00e+00	0.00e+00	0.00e+00	9.64e-01	8.81e-08	4.43e-08
 5.32043e+22	9.64e-01	3.56e-02	1.55e-05	0.00e+00	0.00e+00	0.00e+00	0.00e+00	0.00e+00	0.00e+00	9.64e-01	8.79e-08	4.42e-08
 5.32384e+22	9.65e-01	3.50e-02	1.53e-05	0.00e+00	0.00e+00	0.00e+00	0.00e+00	0.00e+00	0.00e+00	9.65e-01	8.76e-08	4.41e-08
 5.32693e+22	9.65e-01	3.46e-02	1.52e-05	0.00e+00	0.00e+00	0.00e+00	0.00e+00	0.00e+00	0.00e+00	9.65e-01	8.75e-08	4.41e-08
 5.32975e+22	9.66e-01	3.42e-02	1.51e-05	0.00e+00	0.00e+00	0.00e+00	0.00e+00	0.00e+00	0.00e+00	9.66e-01	8.72e-08	4.40e-08
 5.33231e+22	9.66e-01	3.39e-02	1.50e-05	0.00e+00	0.00e+00	0.00e+00	0.00e+00	0.00e+00	0.00e+00	9.66e-01	8.71e-08	4.39e-08
 5.33512e+22	9.67e-01	3.34e-02	1.49e-05	0.00e+00	0.00e+00	0.00e+00	0.00e+00	0.00e+00	0.00e+00	9.67e-01	8.71e-08	4.39e-08
 5.33878e+22	9.67e-01	3.27e-02	1.47e-05	0.00e+00	0.00e+00	0.00e+00	0.00e+00	0.00e+00	0.00e+00	9.67e-01	8.68e-08	4.38e-08
 5.34272e+22	9.68e-01	3.21e-02	1.45e-05	0.00e+00	0.00e+00	0.00e+00	0.00e+00	0.00e+00	0.00e+00	9.68e-01	8.66e-08	4.37e-08
 5.34631e+22	9.68e-01	3.16e-02	1.43e-05	0.00e+00	0.00e+00	0.00e+00	0.00e+00	0.00e+00	0.00e+00	9.68e-01	8.65e-08	4.36e-08
 5.34957e+22	9.69e-01	3.12e-02	1.42e-05	0.00e+00	0.00e+00	0.00e+00	0.00e+00	0.00e+00	0.00e+00	9.69e-01	8.64e-08	4.35e-08
 5.35255e+22	9.69e-01	3.08e-02	1.41e-05	0.00e+00	0.00e+00	0.00e+00	0.00e+00	0.00e+00	0.00e+00	9.69e-01	8.62e-08	4.34e-08
 5.35525e+22	9.70e-01	3.04e-02	1.40e-05	0.00e+00	0.00e+00	0.00e+00	0.00e+00	0.00e+00	0.00e+00	9.70e-01	8.59e-08	4.33e-08
 5.35771e+22	9.70e-01	3.01e-02	1.38e-05	0.00e+00	0.00e+00	0.00e+00	0.00e+00	0.00e+00	0.00e+00	9.70e-01	8.58e-08	4.32e-08
 5.36041e+22	9.70e-01	2.97e-02	1.37e-05	0.00e+00	0.00e+00	0.00e+00	0.00e+00	0.00e+00	0.00e+00	9.70e-01	8.57e-08	4.31e-08
 5.36391e+22	9.71e-01	2.91e-02	1.35e-05	0.00e+00	0.00e+00	0.00e+00	0.00e+00	0.00e+00	0.00e+00	9.71e-01	8.55e-08	4.30e-08
 5.36770e+22	9.71e-01	2.85e-02	1.33e-05	0.00e+00	0.00e+00	0.00e+00	0.00e+00	0.00e+00	0.00e+00	9.71e-01	8.52e-08	4.28e-08
 5.37114e+22	9.72e-01	2.80e-02	1.31e-05	0.00e+00	0.00e+00	0.00e+00	0.00e+00	0.00e+00	0.00e+00	9.72e-01	8.51e-08	4.27e-08
 5.37427e+22	9.72e-01	2.77e-02	1.30e-05	0.00e+00	0.00e+00	0.00e+00	0.00e+00	0.00e+00	0.00e+00	9.72e-01	8.49e-08	4.26e-08
 5.37713e+22	9.73e-01	2.73e-02	1.28e-05	0.00e+00	0.00e+00	0.00e+00	0.00e+00	0.00e+00	0.00e+00	9.73e-01	8.48e-08	4.25e-08
 5.37972e+22	9.73e-01	2.70e-02	1.27e-05	0.00e+00	0.00e+00	0.00e+00	0.00e+00	0.00e+00	0.00e+00	9.73e-01	8.46e-08	4.24e-08
 5.38256e+22	9.73e-01	2.66e-02	1.26e-05	0.00e+00	0.00e+00	0.00e+00	0.00e+00	0.00e+00	0.00e+00	9.73e-01	8.44e-08	4.22e-08
 5.38563e+22	9.74e-01	2.61e-02	1.24e-05	0.00e+00	0.00e+00	0.00e+00	0.00e+00	0.00e+00	0.00e+00	9.74e-01	8.42e-08	4.21e-08
 5.38843e+22	9.74e-01	2.58e-02	1.23e-05	0.00e+00	0.00e+00	0.00e+00	0.00e+00	0.00e+00	0.00e+00	9.74e-01	8.40e-08	4.20e-08
 5.39097e+22	9.75e-01	2.55e-02	1.22e-05	0.00e+00	0.00e+00	0.00e+00	0.00e+00	0.00e+00	0.00e+00	9.75e-01	8.38e-08	4.18e-08
 5.39328e+22	9.75e-01	2.53e-02	1.21e-05	0.00e+00	0.00e+00	0.00e+00	0.00e+00	0.00e+00	0.00e+00	9.75e-01	8.37e-08	4.17e-08
 5.39582e+22	9.75e-01	2.49e-02	1.20e-05	0.00e+00	0.00e+00	0.00e+00	0.00e+00	0.00e+00	0.00e+00	9.75e-01	8.36e-08	4.16e-08
 5.39911e+22	9.76e-01	2.44e-02	1.18e-05	0.00e+00	0.00e+00	0.00e+00	0.00e+00	0.00e+00	0.00e+00	9.76e-01	8.34e-08	4.15e-08
 5.40267e+22	9.76e-01	2.39e-02	1.17e-05	0.00e+00	0.00e+00	0.00e+00	0.00e+00	0.00e+00	0.00e+00	9.76e-01	8.32e-08	4.13e-08
 5.40591e+22	9.76e-01	2.36e-02	1.16e-05	0.00e+00	0.00e+00	0.00e+00	0.00e+00	0.00e+00	0.00e+00	9.76e-01	8.30e-08	4.12e-08
 5.40886e+22	9.77e-01	2.33e-02	1.14e-05	0.00e+00	0.00e+00	0.00e+00	0.00e+00	0.00e+00	0.00e+00	9.77e-01	8.27e-08	4.09e-08
 5.41154e+22	9.77e-01	2.30e-02	1.13e-05	0.00e+00	0.00e+00	0.00e+00	0.00e+00	0.00e+00	0.00e+00	9.77e-01	8.23e-08	4.08e-08
 5.41447e+22	9.77e-01	2.27e-02	1.12e-05	0.00e+00	0.00e+00	0.00e+00	0.00e+00	0.00e+00	0.00e+00	9.77e-01	8.17e-08	4.05e-08
 5.41829e+22	9.78e-01	2.23e-02	1.11e-05	0.00e+00	0.00e+00	0.00e+00	0.00e+00	0.00e+00	0.00e+00	9.78e-01	8.08e-08	4.01e-08
 5.42242e+22	9.78e-01	2.19e-02	1.09e-05	0.00e+00	0.00e+00	0.00e+00	0.00e+00	0.00e+00	0.00e+00	9.78e-01	8.01e-08	3.98e-08
 5.42617e+22	9.79e-01	2.15e-02	1.08e-05	0.00e+00	0.00e+00	0.00e+00	0.00e+00	0.00e+00	0.00e+00	9.79e-01	7.93e-08	3.94e-08
 5.42958e+22	9.79e-01	2.12e-02	1.07e-05	0.00e+00	0.00e+00	0.00e+00	0.00e+00	0.00e+00	0.00e+00	9.79e-01	7.84e-08	3.88e-08
 5.43269e+22	9.79e-01	2.10e-02	1.06e-05	0.00e+00	0.00e+00	0.00e+00	0.00e+00	0.00e+00	0.00e+00	9.79e-01	7.79e-08	3.85e-08
 5.43610e+22	9.79e-01	2.06e-02	1.05e-05	0.00e+00	0.00e+00	0.00e+00	0.00e+00	0.00e+00	0.00e+00	9.79e-01	7.74e-08	3.82e-08
 5.44052e+22	9.80e-01	2.01e-02	1.03e-05	0.00e+00	0.00e+00	0.00e+00	0.00e+00	0.00e+00	0.00e+00	9.80e-01	7.65e-08	3.76e-08
 5.44530e+22	9.80e-01	1.97e-02	1.02e-05	0.00e+00	0.00e+00	0.00e+00	0.00e+00	0.00e+00	0.00e+00	9.80e-01	7.57e-08	3.71e-08
 5.44965e+22	9.81e-01	1.93e-02	1.01e-05	0.00e+00	0.00e+00	0.00e+00	0.00e+00	0.00e+00	0.00e+00	9.81e-01	7.49e-08	3.66e-08
 5.45361e+22	9.81e-01	1.90e-02	9.95e-06	0.00e+00	0.00e+00	0.00e+00	0.00e+00	0.00e+00	0.00e+00	9.81e-01	7.43e-08	3.62e-08
 5.45721e+22	9.81e-01	1.87e-02	9.85e-06	0.00e+00	0.00e+00	0.00e+00	0.00e+00	0.00e+00	0.00e+00	9.81e-01	7.37e-08	3.58e-08
 5.46048e+22	9.82e-01	1.84e-02	9.75e-06	0.00e+00	0.00e+00	0.00e+00	0.00e+00	0.00e+00	0.00e+00	9.82e-01	7.28e-08	3.53e-08
 5.46347e+22	9.82e-01	1.83e-02	9.68e-06	0.00e+00	0.00e+00	0.00e+00	0.00e+00	0.00e+00	0.00e+00	9.82e-01	7.26e-08	3.51e-08
 5.46673e+22	9.82e-01	1.80e-02	9.58e-06	0.00e+00	0.00e+00	0.00e+00	0.00e+00	0.00e+00	0.00e+00	9.82e-01	7.19e-08	3.47e-08
 5.47026e+22	9.82e-01	1.77e-02	9.50e-06	0.00e+00	0.00e+00	0.00e+00	0.00e+00	0.00e+00	0.00e+00	9.82e-01	7.15e-08	3.44e-08
 5.47413e+22	9.83e-01	1.74e-02	9.38e-06	0.00e+00	0.00e+00	0.00e+00	0.00e+00	0.00e+00	0.00e+00	9.83e-01	7.06e-08	3.39e-08
 5.47830e+22	9.83e-01	1.71e-02	9.27e-06	0.00e+00	0.00e+00	0.00e+00	0.00e+00	0.00e+00	0.00e+00	9.83e-01	6.98e-08	3.34e-08
 5.48210e+22	9.83e-01	1.68e-02	9.17e-06	0.00e+00	0.00e+00	0.00e+00	0.00e+00	0.00e+00	0.00e+00	9.83e-01	6.88e-08	3.29e-08
 5.48555e+22	9.83e-01	1.66e-02	9.10e-06	0.00e+00	0.00e+00	0.00e+00	0.00e+00	0.00e+00	0.00e+00	9.83e-01	6.86e-08	3.27e-08
 5.48934e+22	9.84e-01	1.63e-02	9.00e-06	0.00e+00	0.00e+00	0.00e+00	0.00e+00	0.00e+00	0.00e+00	9.84e-01	6.78e-08	3.22e-08
 5.49343e+22	9.84e-01	1.60e-02	8.90e-06	0.00e+00	0.00e+00	0.00e+00	0.00e+00	0.00e+00	0.00e+00	9.84e-01	6.70e-08	3.17e-08
 5.49715e+22	9.84e-01	1.58e-02	8.82e-06	0.00e+00	0.00e+00	0.00e+00	0.00e+00	0.00e+00	0.00e+00	9.84e-01	6.66e-08	3.15e-08
 5.50122e+22	9.85e-01	1.55e-02	8.71e-06	0.00e+00	0.00e+00	0.00e+00	0.00e+00	0.00e+00	0.00e+00	9.85e-01	6.56e-08	3.09e-08
 5.50563e+22	9.85e-01	1.52e-02	8.62e-06	0.00e+00	0.00e+00	0.00e+00	0.00e+00	0.00e+00	0.00e+00	9.85e-01	6.47e-08	3.04e-08
 5.50963e+22	9.85e-01	1.49e-02	8.52e-06	0.00e+00	0.00e+00	0.00e+00	0.00e+00	0.00e+00	0.00e+00	9.85e-01	6.37e-08	2.98e-08
 5.51328e+22	9.85e-01	1.47e-02	8.46e-06	0.00e+00	0.00e+00	0.00e+00	0.00e+00	0.00e+00	0.00e+00	9.85e-01	6.34e-08	2.96e-08
 5.51727e+22	9.86e-01	1.45e-02	8.36e-06	0.00e+00	0.00e+00	0.00e+00	0.00e+00	0.00e+00	0.00e+00	9.86e-01	6.26e-08	2.91e-08
 5.52158e+22	9.86e-01	1.42e-02	8.27e-06	0.00e+00	0.00e+00	0.00e+00	0.00e+00	0.00e+00	0.00e+00	9.86e-01	6.18e-08	2.86e-08
 5.52550e+22	9.86e-01	1.40e-02	8.20e-06	0.00e+00	0.00e+00	0.00e+00	0.00e+00	0.00e+00	0.00e+00	9.86e-01	6.14e-08	2.83e-08
 5.52980e+22	9.86e-01	1.37e-02	8.10e-06	0.00e+00	0.00e+00	0.00e+00	0.00e+00	0.00e+00	0.00e+00	9.86e-01	6.04e-08	2.77e-08
 5.53444e+22	9.87e-01	1.34e-02	8.01e-06	0.00e+00	0.00e+00	0.00e+00	0.00e+00	0.00e+00	0.00e+00	9.87e-01	5.96e-08	2.73e-08
 5.53867e+22	9.87e-01	1.32e-02	7.93e-06	0.00e+00	0.00e+00	0.00e+00	0.00e+00	0.00e+00	0.00e+00	9.87e-01	5.92e-08	2.70e-08
 5.54330e+22	9.87e-01	1.29e-02	7.83e-06	0.00e+00	0.00e+00	0.00e+00	0.00e+00	0.00e+00	0.00e+00	9.87e-01	5.83e-08	2.65e-08
 5.54829e+22	9.87e-01	1.27e-02	7.74e-06	0.00e+00	0.00e+00	0.00e+00	0.00e+00	0.00e+00	0.00e+00	9.87e-01	5.76e-08	2.61e-08
 5.55284e+22	9.88e-01	1.25e-02	7.66e-06	0.00e+00	0.00e+00	0.00e+00	0.00e+00	0.00e+00	0.00e+00	9.88e-01	5.70e-08	2.57e-08
 5.55782e+22	9.88e-01	1.22e-02	7.56e-06	0.00e+00	0.00e+00	0.00e+00	0.00e+00	0.00e+00	0.00e+00	9.88e-01	5.62e-08	2.53e-08
 5.56320e+22	9.88e-01	1.19e-02	7.47e-06	0.00e+00	0.00e+00	0.00e+00	0.00e+00	0.00e+00	0.00e+00	9.88e-01	5.56e-08	2.48e-08
 5.56810e+22	9.88e-01	1.17e-02	7.39e-06	0.00e+00	0.00e+00	0.00e+00	0.00e+00	0.00e+00	0.00e+00	9.88e-01	5.48e-08	2.44e-08
 5.57255e+22	9.88e-01	1.15e-02	7.32e-06	0.00e+00	0.00e+00	0.00e+00	0.00e+00	0.00e+00	0.00e+00	9.88e-01	5.43e-08	2.40e-08
 5.57743e+22	9.89e-01	1.13e-02	7.23e-06	0.00e+00	0.00e+00	0.00e+00	0.00e+00	0.00e+00	0.00e+00	9.89e-01	5.36e-08	2.35e-08
 5.58270e+22	9.89e-01	1.10e-02	7.14e-06	0.00e+00	0.00e+00	0.00e+00	0.00e+00	0.00e+00	0.00e+00	9.89e-01	5.27e-08	2.29e-08
 5.58750e+22	9.89e-01	1.08e-02	7.07e-06	0.00e+00	0.00e+00	0.00e+00	0.00e+00	0.00e+00	0.00e+00	9.89e-01	5.23e-08	2.27e-08
 5.59275e+22	9.89e-01	1.06e-02	6.98e-06	0.00e+00	0.00e+00	0.00e+00	0.00e+00	0.00e+00	0.00e+00	9.89e-01	5.15e-08	2.22e-08
 5.59842e+22	9.90e-01	1.03e-02	6.89e-06	0.00e+00	0.00e+00	0.00e+00	0.00e+00	0.00e+00	0.00e+00	9.90e-01	5.05e-08	2.17e-08
 5.60359e+22	9.90e-01	1.02e-02	6.82e-06	0.00e+00	0.00e+00	0.00e+00	0.00e+00	0.00e+00	0.00e+00	9.90e-01	5.00e-08	2.14e-08
 5.60924e+22	9.90e-01	9.92e-03	6.73e-06	0.00e+00	0.00e+00	0.00e+00	0.00e+00	0.00e+00	0.00e+00	9.90e-01	4.93e-08	2.09e-08
 5.61535e+22	9.90e-01	9.68e-03	6.65e-06	0.00e+00	0.00e+00	0.00e+00	0.00e+00	0.00e+00	0.00e+00	9.90e-01	4.85e-08	2.05e-08
 5.62091e+22	9.91e-01	9.48e-03	6.57e-06	0.00e+00	0.00e+00	0.00e+00	0.00e+00	0.00e+00	0.00e+00	9.91e-01	4.78e-08	2.01e-08
 5.62597e+22	9.91e-01	9.32e-03	6.50e-06	0.00e+00	0.00e+00	0.00e+00	0.00e+00	0.00e+00	0.00e+00	9.91e-01	4.73e-08	1.98e-08
 5.63151e+22	9.91e-01	9.11e-03	6.42e-06	0.00e+00	0.00e+00	0.00e+00	0.00e+00	0.00e+00	0.00e+00	9.91e-01	4.66e-08	1.93e-08
 5.63749e+22	9.91e-01	8.87e-03	6.34e-06	0.00e+00	0.00e+00	0.00e+00	0.00e+00	0.00e+00	0.00e+00	9.91e-01	4.57e-08	1.89e-08
 5.64293e+22	9.91e-01	8.72e-03	6.27e-06	0.00e+00	0.00e+00	0.00e+00	0.00e+00	0.00e+00	0.00e+00	9.91e-01	4.53e-08	1.86e-08
 5.64890e+22	9.91e-01	8.52e-03	6.19e-06	0.00e+00	0.00e+00	0.00e+00	0.00e+00	0.00e+00	0.00e+00	9.91e-01	4.46e-08	1.82e-08
 5.65534e+22	9.92e-01	8.28e-03	6.11e-06	0.00e+00	0.00e+00	0.00e+00	0.00e+00	0.00e+00	0.00e+00	9.92e-01	4.37e-08	1.77e-08
 5.66120e+22	9.92e-01	8.13e-03	6.04e-06	0.00e+00	0.00e+00	0.00e+00	0.00e+00	0.00e+00	0.00e+00	9.92e-01	4.33e-08	1.74e-08
 5.66762e+22	9.92e-01	7.92e-03	5.95e-06	0.00e+00	0.00e+00	0.00e+00	0.00e+00	0.00e+00	0.00e+00	9.92e-01	4.26e-08	1.70e-08
 5.67456e+22	9.92e-01	7.68e-03	5.87e-06	0.00e+00	0.00e+00	0.00e+00	0.00e+00	0.00e+00	0.00e+00	9.92e-01	4.17e-08	1.65e-08
 5.68087e+22	9.92e-01	7.54e-03	5.80e-06	0.00e+00	0.00e+00	0.00e+00	0.00e+00	0.00e+00	0.00e+00	9.92e-01	4.13e-08	1.63e-08
 5.68778e+22	9.93e-01	7.33e-03	5.71e-06	0.00e+00	0.00e+00	0.00e+00	0.00e+00	0.00e+00	0.00e+00	9.93e-01	4.06e-08	1.58e-08
 5.69524e+22	9.93e-01	7.13e-03	5.63e-06	0.00e+00	0.00e+00	0.00e+00	0.00e+00	0.00e+00	0.00e+00	9.93e-01	3.99e-08	1.55e-08
 5.70204e+22	9.93e-01	6.95e-03	5.56e-06	0.00e+00	0.00e+00	0.00e+00	0.00e+00	0.00e+00	0.00e+00	9.93e-01	3.93e-08	1.51e-08
 5.70822e+22	9.93e-01	6.82e-03	5.50e-06	0.00e+00	0.00e+00	0.00e+00	0.00e+00	0.00e+00	0.00e+00	9.93e-01	3.88e-08	1.48e-08
 5.71499e+22	9.93e-01	6.64e-03	5.42e-06	0.00e+00	0.00e+00	0.00e+00	0.00e+00	0.00e+00	0.00e+00	9.93e-01	3.82e-08	1.44e-08
 5.72230e+22	9.94e-01	6.45e-03	5.35e-06	0.00e+00	0.00e+00	0.00e+00	0.00e+00	0.00e+00	0.00e+00	9.94e-01	3.75e-08	1.41e-08
 5.72896e+22	9.94e-01	6.31e-03	5.28e-06	0.00e+00	0.00e+00	0.00e+00	0.00e+00	0.00e+00	0.00e+00	9.94e-01	3.70e-08	1.38e-08
 5.73625e+22	9.94e-01	6.14e-03	5.20e-06	0.00e+00	0.00e+00	0.00e+00	0.00e+00	0.00e+00	0.00e+00	9.94e-01	3.64e-08	1.34e-08
 5.74412e+22	9.94e-01	5.95e-03	5.13e-06	0.00e+00	0.00e+00	0.00e+00	0.00e+00	0.00e+00	0.00e+00	9.94e-01	3.56e-08	1.29e-08
 5.75128e+22	9.94e-01	5.82e-03	5.06e-06	0.00e+00	0.00e+00	0.00e+00	0.00e+00	0.00e+00	0.00e+00	9.94e-01	3.52e-08	1.27e-08
 5.75913e+22	9.94e-01	5.65e-03	4.98e-06	0.00e+00	0.00e+00	0.00e+00	0.00e+00	0.00e+00	0.00e+00	9.94e-01	3.45e-08	1.23e-08
 5.76761e+22	9.95e-01	5.48e-03	4.90e-06	0.00e+00	0.00e+00	0.00e+00	0.00e+00	0.00e+00	0.00e+00	9.95e-01	3.38e-08	1.19e-08
 5.77532e+22	9.95e-01	5.34e-03	4.84e-06	0.00e+00	0.00e+00	0.00e+00	0.00e+00	0.00e+00	0.00e+00	9.95e-01	3.33e-08	1.16e-08
 5.78377e+22	9.95e-01	5.18e-03	4.76e-06	0.00e+00	0.00e+00	0.00e+00	0.00e+00	0.00e+00	0.00e+00	9.95e-01	3.27e-08	1.13e-08
 5.79289e+22	9.95e-01	5.01e-03	4.68e-06	0.00e+00	0.00e+00	0.00e+00	0.00e+00	0.00e+00	0.00e+00	9.95e-01	3.21e-08	1.09e-08
 5.80119e+22	9.95e-01	4.87e-03	4.61e-06	0.00e+00	0.00e+00	0.00e+00	0.00e+00	0.00e+00	0.00e+00	9.95e-01	3.15e-08	1.06e-08
 5.80875e+22	9.95e-01	4.72e-03	4.55e-06	0.00e+00	0.00e+00	0.00e+00	0.00e+00	0.00e+00	0.00e+00	9.95e-01	3.10e-08	1.03e-08
 5.81702e+22	9.96e-01	4.44e-03	4.47e-06	0.00e+00	0.00e+00	0.00e+00	0.00e+00	0.00e+00	0.00e+00	9.96e-01	3.04e-08	9.98e-09
 5.82779e+22	9.96e-01	4.11e-03	4.38e-06	0.00e+00	0.00e+00	0.00e+00	0.00e+00	0.00e+00	0.00e+00	9.96e-01	2.96e-08	9.52e-09
 5.83991e+22	9.96e-01	3.88e-03	4.28e-06	0.00e+00	0.00e+00	0.00e+00	0.00e+00	0.00e+00	0.00e+00	9.96e-01	2.88e-08	9.06e-09
 5.85193e+22	9.96e-01	3.67e-03	4.19e-06	0.00e+00	0.00e+00	0.00e+00	0.00e+00	0.00e+00	0.00e+00	9.96e-01	2.80e-08	8.63e-09
 5.86407e+22	9.97e-01	3.46e-03	4.10e-06	0.00e+00	0.00e+00	0.00e+00	0.00e+00	0.00e+00	0.00e+00	9.97e-01	2.72e-08	8.21e-09
 5.87652e+22	9.97e-01	3.26e-03	4.01e-06	0.00e+00	0.00e+00	0.00e+00	0.00e+00	0.00e+00	0.00e+00	9.97e-01	2.65e-08	7.80e-09
 5.88916e+22	9.97e-01	3.06e-03	3.92e-06	0.00e+00	0.00e+00	0.00e+00	0.00e+00	0.00e+00	0.00e+00	9.97e-01	2.57e-08	7.40e-09
 5.90193e+22	9.97e-01	2.87e-03	3.83e-06	0.00e+00	0.00e+00	0.00e+00	0.00e+00	0.00e+00	0.00e+00	9.97e-01	2.50e-08	7.01e-09
 5.91485e+22	9.97e-01	2.69e-03	3.75e-06	0.00e+00	0.00e+00	0.00e+00	0.00e+00	0.00e+00	0.00e+00	9.97e-01	2.43e-08	6.64e-09
 5.92795e+22	9.97e-01	2.52e-03	3.66e-06	0.00e+00	0.00e+00	0.00e+00	0.00e+00	0.00e+00	0.00e+00	9.97e-01	2.35e-08	6.28e-09
 5.94119e+22	9.98e-01	2.36e-03	3.58e-06	0.00e+00	0.00e+00	0.00e+00	0.00e+00	0.00e+00	0.00e+00	9.98e-01	2.28e-08	5.94e-09
 5.95459e+22	9.98e-01	2.20e-03	3.49e-06	0.00e+00	0.00e+00	0.00e+00	0.00e+00	0.00e+00	0.00e+00	9.98e-01	2.20e-08	5.61e-09
 5.96813e+22	9.98e-01	2.04e-03	3.41e-06	0.00e+00	0.00e+00	0.00e+00	0.00e+00	0.00e+00	0.00e+00	9.98e-01	2.13e-08	5.29e-09
 5.98182e+22	9.98e-01	1.90e-03	3.33e-06	0.00e+00	0.00e+00	0.00e+00	0.00e+00	0.00e+00	0.00e+00	9.98e-01	2.06e-08	4.97e-09
 5.99566e+22	9.98e-01	1.76e-03	3.26e-06	0.00e+00	0.00e+00	0.00e+00	0.00e+00	0.00e+00	0.00e+00	9.98e-01	1.98e-08	4.67e-09
 6.00962e+22	9.98e-01	1.63e-03	3.18e-06	0.00e+00	0.00e+00	0.00e+00	0.00e+00	0.00e+00	0.00e+00	9.98e-01	1.91e-08	4.38e-09
 6.02371e+22	9.98e-01	1.51e-03	3.10e-06	0.00e+00	0.00e+00	0.00e+00	0.00e+00	0.00e+00	0.00e+00	9.98e-01	1.84e-08	4.10e-09
 6.03791e+22	9.99e-01	1.39e-03	3.03e-06	0.00e+00	0.00e+00	0.00e+00	0.00e+00	0.00e+00	0.00e+00	9.99e-01	1.78e-08	3.83e-09
 6.05225e+22	9.99e-01	1.28e-03	2.96e-06	0.00e+00	0.00e+00	0.00e+00	0.00e+00	0.00e+00	0.00e+00	9.99e-01	1.71e-08	3.57e-09
 6.06674e+22	9.99e-01	1.18e-03	2.88e-06	0.00e+00	0.00e+00	0.00e+00	0.00e+00	0.00e+00	0.00e+00	9.99e-01	1.64e-08	3.33e-09
 6.08135e+22	9.99e-01	1.08e-03	2.81e-06	0.00e+00	0.00e+00	0.00e+00	0.00e+00	0.00e+00	0.00e+00	9.99e-01	1.57e-08	3.09e-09
 6.09610e+22	9.99e-01	9.85e-04	2.74e-06	0.00e+00	0.00e+00	0.00e+00	0.00e+00	0.00e+00	0.00e+00	9.99e-01	1.51e-08	2.86e-09
 6.11097e+22	9.99e-01	8.99e-04	2.68e-06	0.00e+00	0.00e+00	0.00e+00	0.00e+00	0.00e+00	0.00e+00	9.99e-01	1.45e-08	2.64e-09
 6.12596e+22	9.99e-01	8.19e-04	2.61e-06	0.00e+00	0.00e+00	0.00e+00	0.00e+00	0.00e+00	0.00e+00	9.99e-01	1.38e-08	2.44e-09
 6.14119e+22	9.99e-01	7.45e-04	2.54e-06	0.00e+00	0.00e+00	0.00e+00	0.00e+00	0.00e+00	0.00e+00	9.99e-01	1.32e-08	2.25e-09
