#depth	He	He+	He+2
 1.54284e+22	2.16e-09	6.59e-05	1.00e+00
 3.43353e+22	4.21e-09	1.09e-04	1.00e+00
 3.95532e+22	5.39e-09	1.35e-04	1.00e+00
 4.21621e+22	6.10e-09	1.49e-04	1.00e+00
 4.32736e+22	6.31e-09	1.53e-04	1.00e+00
 4.38298e+22	6.58e-09	1.58e-04	1.00e+00
 4.45529e+22	6.94e-09	1.65e-04	1.00e+00
 4.52898e+22	7.25e-09	1.70e-04	1.00e+00
 4.60446e+22	7.66e-09	1.78e-04	1.00e+00
 4.68215e+22	8.02e-09	1.84e-04	1.00e+00
 4.76273e+22	8.49e-09	1.93e-04	1.00e+00
 4.84348e+22	8.88e-09	2.00e-04	1.00e+00
 4.92447e+22	9.39e-09	2.09e-04	1.00e+00
 5.00751e+22	9.84e-09	2.17e-04	1.00e+00
 5.09322e+22	1.04e-08	2.28e-04	1.00e+00
 5.18065e+22	1.09e-08	2.37e-04	1.00e+00
 5.25850e+22	1.15e-08	2.46e-04	1.00e+00
 5.34789e+22	1.21e-08	2.59e-04	1.00e+00
 5.43809e+22	1.27e-08	2.70e-04	1.00e+00
 5.51313e+22	1.32e-08	2.79e-04	1.00e+00
 5.59448e+22	1.39e-08	2.93e-04	1.00e+00
 5.67575e+22	1.44e-08	3.04e-04	1.00e+00
 5.75689e+22	1.51e-08	3.19e-04	1.00e+00
 5.83907e+22	1.57e-08	3.32e-04	1.00e+00
 5.92260e+22	1.64e-08	3.49e-04	1.00e+00
 6.00712e+22	1.70e-08	3.63e-04	1.00e+00
 6.09293e+22	1.77e-08	3.83e-04	1.00e+00
 6.18042e+22	1.83e-08	4.00e-04	1.00e+00
 6.27007e+22	1.90e-08	4.24e-04	1.00e+00
 6.36138e+22	1.96e-08	4.44e-04	1.00e+00
 6.45485e+22	2.03e-08	4.72e-04	1.00e+00
 6.54942e+22	2.07e-08	4.95e-04	1.00e+00
 6.62921e+22	2.12e-08	5.17e-04	9.99e-01
 6.71648e+22	2.16e-08	5.48e-04	9.99e-01
 6.80421e+22	2.19e-08	5.74e-04	9.99e-01
 6.88974e+22	2.22e-08	6.07e-04	9.99e-01
 6.97700e+22	2.24e-08	6.37e-04	9.99e-01
 7.06322e+22	2.26e-08	6.73e-04	9.99e-01
 7.15111e+22	2.27e-08	7.08e-04	9.99e-01
 7.23703e+22	2.28e-08	7.46e-04	9.99e-01
 7.32389e+22	2.28e-08	7.86e-04	9.99e-01
 7.40967e+22	2.29e-08	8.28e-04	9.99e-01
 7.49526e+22	2.29e-08	8.71e-04	9.99e-01
 7.58096e+22	2.29e-08	9.17e-04	9.99e-01
 7.66696e+22	2.30e-08	9.65e-04	9.99e-01
 7.75329e+22	2.31e-08	1.02e-03	9.99e-01
 7.84034e+22	2.33e-08	1.07e-03	9.99e-01
 7.92824e+22	2.36e-08	1.13e-03	9.99e-01
 8.01665e+22	2.40e-08	1.19e-03	9.99e-01
 8.10645e+22	2.46e-08	1.25e-03	9.99e-01
 8.19713e+22	2.53e-08	1.31e-03	9.99e-01
 8.28967e+22	2.62e-08	1.39e-03	9.99e-01
 8.38379e+22	2.73e-08	1.46e-03	9.99e-01
 8.46994e+22	2.85e-08	1.53e-03	9.98e-01
 8.55991e+22	3.01e-08	1.61e-03	9.98e-01
 8.65135e+22	3.17e-08	1.69e-03	9.98e-01
 8.74558e+22	3.40e-08	1.78e-03	9.98e-01
 8.84022e+22	3.61e-08	1.87e-03	9.98e-01
 8.93538e+22	3.92e-08	1.97e-03	9.98e-01
 9.03084e+22	4.19e-08	2.06e-03	9.98e-01
 9.12669e+22	4.59e-08	2.18e-03	9.98e-01
 9.22356e+22	4.93e-08	2.28e-03	9.98e-01
 9.32174e+22	5.44e-08	2.41e-03	9.98e-01
 9.42117e+22	5.88e-08	2.52e-03	9.97e-01
 9.52223e+22	6.53e-08	2.67e-03	9.97e-01
 9.62514e+22	7.09e-08	2.79e-03	9.97e-01
 9.73047e+22	7.92e-08	2.96e-03	9.97e-01
 9.83816e+22	8.65e-08	3.10e-03	9.97e-01
 9.94894e+22	9.73e-08	3.29e-03	9.97e-01
 1.00620e+23	1.07e-07	3.45e-03	9.97e-01
 1.01573e+23	1.16e-07	3.60e-03	9.96e-01
 1.02602e+23	1.29e-07	3.80e-03	9.96e-01
 1.03605e+23	1.39e-07	3.95e-03	9.96e-01
 1.04573e+23	1.55e-07	4.16e-03	9.96e-01
 1.05551e+23	1.67e-07	4.33e-03	9.96e-01
 1.06542e+23	1.85e-07	4.56e-03	9.95e-01
 1.07546e+23	2.00e-07	4.74e-03	9.95e-01
 1.08569e+23	2.23e-07	5.00e-03	9.95e-01
 1.09607e+23	2.41e-07	5.20e-03	9.95e-01
 1.10665e+23	2.69e-07	5.49e-03	9.95e-01
 1.11740e+23	2.93e-07	5.73e-03	9.94e-01
 1.12840e+23	3.27e-07	6.05e-03	9.94e-01
 1.13968e+23	3.57e-07	6.32e-03	9.94e-01
 1.15133e+23	4.01e-07	6.70e-03	9.93e-01
 1.16327e+23	4.39e-07	7.01e-03	9.93e-01
 1.17558e+23	4.96e-07	7.44e-03	9.93e-01
 1.18801e+23	5.43e-07	7.79e-03	9.92e-01
 1.20058e+23	6.14e-07	8.28e-03	9.92e-01
 1.21329e+23	6.74e-07	8.67e-03	9.91e-01
 1.22616e+23	7.63e-07	9.23e-03	9.91e-01
 1.23925e+23	8.39e-07	9.67e-03	9.90e-01
 1.25080e+23	9.25e-07	1.01e-02	9.90e-01
 1.26399e+23	1.04e-06	1.08e-02	9.89e-01
 1.27743e+23	1.16e-06	1.13e-02	9.89e-01
 1.28834e+23	1.26e-06	1.18e-02	9.88e-01
 1.29965e+23	1.39e-06	1.24e-02	9.88e-01
 1.31156e+23	1.52e-06	1.30e-02	9.87e-01
 1.32249e+23	1.66e-06	1.36e-02	9.86e-01
 1.33495e+23	1.85e-06	1.43e-02	9.86e-01
 1.34774e+23	2.04e-06	1.50e-02	9.85e-01
 1.35898e+23	2.23e-06	1.57e-02	9.84e-01
 1.37160e+23	2.49e-06	1.66e-02	9.83e-01
 1.38483e+23	2.75e-06	1.74e-02	9.83e-01
 1.39680e+23	3.02e-06	1.82e-02	9.82e-01
 1.41032e+23	3.39e-06	1.93e-02	9.81e-01
 1.42427e+23	3.77e-06	2.04e-02	9.80e-01
 1.43669e+23	4.15e-06	2.13e-02	9.79e-01
 1.45074e+23	4.67e-06	2.27e-02	9.77e-01
 1.46535e+23	5.21e-06	2.39e-02	9.76e-01
 1.47852e+23	5.77e-06	2.51e-02	9.75e-01
 1.49345e+23	6.56e-06	2.68e-02	9.73e-01
 1.50881e+23	7.33e-06	2.83e-02	9.72e-01
 1.52262e+23	8.15e-06	2.98e-02	9.70e-01
 1.53846e+23	9.36e-06	3.19e-02	9.68e-01
 1.55446e+23	1.05e-05	3.37e-02	9.66e-01
 1.57065e+23	1.20e-05	3.60e-02	9.64e-01
 1.58711e+23	1.35e-05	3.81e-02	9.62e-01
 1.60171e+23	1.51e-05	4.03e-02	9.60e-01
 1.61849e+23	1.74e-05	4.32e-02	9.57e-01
 1.63551e+23	1.95e-05	4.57e-02	9.54e-01
 1.65284e+23	2.27e-05	4.92e-02	9.51e-01
 1.67037e+23	2.55e-05	5.21e-02	9.48e-01
 1.68817e+23	2.97e-05	5.61e-02	9.44e-01
 1.70621e+23	3.35e-05	5.94e-02	9.41e-01
 1.72190e+23	3.76e-05	6.29e-02	9.37e-01
 1.73962e+23	4.37e-05	6.76e-02	9.32e-01
 1.75651e+23	4.83e-05	7.10e-02	9.29e-01
 1.77230e+23	5.53e-05	7.57e-02	9.24e-01
 1.78813e+23	6.11e-05	7.94e-02	9.21e-01
 1.80401e+23	6.94e-05	8.44e-02	9.16e-01
 1.82043e+23	7.79e-05	8.91e-02	9.11e-01
 1.83513e+23	8.63e-05	9.36e-02	9.06e-01
 1.85180e+23	9.87e-05	9.98e-02	9.00e-01
 1.86878e+23	1.10e-04	1.05e-01	8.95e-01
 1.88389e+23	1.23e-04	1.11e-01	8.89e-01
 1.89853e+23	1.36e-04	1.16e-01	8.84e-01
 1.91204e+23	1.49e-04	1.21e-01	8.79e-01
 1.92682e+23	1.66e-04	1.28e-01	8.72e-01
 1.94183e+23	1.83e-04	1.33e-01	8.66e-01
 1.95493e+23	2.00e-04	1.39e-01	8.61e-01
 1.96977e+23	2.23e-04	1.46e-01	8.53e-01
 1.98490e+23	2.45e-04	1.53e-01	8.47e-01
 1.99833e+23	2.69e-04	1.59e-01	8.40e-01
 2.01368e+23	3.00e-04	1.68e-01	8.32e-01
 2.02926e+23	3.30e-04	1.75e-01	8.25e-01
 2.04306e+23	3.62e-04	1.82e-01	8.17e-01
 2.05891e+23	4.05e-04	1.92e-01	8.08e-01
 2.07492e+23	4.45e-04	2.00e-01	7.99e-01
 2.08900e+23	4.88e-04	2.08e-01	7.91e-01
 2.10519e+23	5.47e-04	2.19e-01	7.80e-01
 2.12166e+23	6.01e-04	2.28e-01	7.71e-01
 2.13850e+23	6.76e-04	2.40e-01	7.59e-01
 2.15555e+23	7.44e-04	2.51e-01	7.49e-01
 2.17287e+23	8.37e-04	2.64e-01	7.36e-01
 2.19052e+23	9.23e-04	2.75e-01	7.24e-01
 2.20862e+23	1.04e-03	2.89e-01	7.10e-01
 2.22703e+23	1.15e-03	3.01e-01	6.98e-01
 2.24337e+23	1.27e-03	3.14e-01	6.85e-01
 2.25748e+23	1.36e-03	3.22e-01	6.76e-01
 2.27113e+23	1.48e-03	3.34e-01	6.64e-01
 2.28500e+23	1.59e-03	3.44e-01	6.54e-01
 2.29916e+23	1.74e-03	3.57e-01	6.41e-01
 2.31348e+23	1.87e-03	3.67e-01	6.31e-01
 2.32802e+23	2.05e-03	3.81e-01	6.17e-01
 2.34266e+23	2.20e-03	3.92e-01	6.06e-01
 2.35742e+23	2.41e-03	4.06e-01	5.92e-01
 2.37250e+23	2.60e-03	4.18e-01	5.80e-01
 2.38797e+23	2.84e-03	4.32e-01	5.65e-01
 2.40378e+23	3.07e-03	4.46e-01	5.51e-01
 2.42003e+23	3.38e-03	4.62e-01	5.35e-01
 2.43650e+23	3.66e-03	4.76e-01	5.21e-01
 2.45326e+23	4.03e-03	4.93e-01	5.03e-01
 2.47035e+23	4.37e-03	5.08e-01	4.88e-01
 2.48787e+23	4.84e-03	5.27e-01	4.68e-01
 2.50552e+23	5.24e-03	5.42e-01	4.52e-01
 2.52334e+23	5.80e-03	5.62e-01	4.32e-01
 2.54133e+23	6.30e-03	5.78e-01	4.15e-01
 2.55956e+23	6.96e-03	5.98e-01	3.95e-01
 2.57800e+23	7.58e-03	6.16e-01	3.77e-01
 2.59674e+23	8.43e-03	6.37e-01	3.55e-01
 2.61539e+23	9.16e-03	6.54e-01	3.37e-01
 2.63396e+23	1.02e-02	6.76e-01	3.14e-01
 2.65251e+23	1.11e-02	6.93e-01	2.96e-01
 2.67107e+23	1.24e-02	7.14e-01	2.74e-01
 2.68967e+23	1.34e-02	7.31e-01	2.55e-01
 2.70833e+23	1.50e-02	7.52e-01	2.33e-01
 2.72704e+23	1.64e-02	7.68e-01	2.15e-01
 2.74579e+23	1.83e-02	7.87e-01	1.95e-01
 2.76473e+23	2.01e-02	8.03e-01	1.77e-01
 2.78391e+23	2.27e-02	8.20e-01	1.57e-01
 2.80321e+23	2.50e-02	8.34e-01	1.41e-01
 2.82268e+23	2.81e-02	8.48e-01	1.24e-01
 2.84233e+23	3.13e-02	8.60e-01	1.09e-01
 2.85712e+23	3.38e-02	8.67e-01	9.93e-02
 2.87127e+23	3.71e-02	8.74e-01	8.93e-02
 2.88641e+23	4.07e-02	8.79e-01	8.03e-02
 2.90041e+23	4.46e-02	8.83e-01	7.24e-02
 2.91619e+23	5.02e-02	8.86e-01	6.38e-02
 2.93197e+23	5.60e-02	8.87e-01	5.70e-02
 2.94420e+23	6.14e-02	8.86e-01	5.23e-02
 2.95456e+23	6.70e-02	8.85e-01	4.85e-02
 2.96405e+23	7.29e-02	8.82e-01	4.53e-02
 2.97247e+23	7.89e-02	8.78e-01	4.27e-02
 2.97999e+23	8.52e-02	8.74e-01	4.06e-02
 2.98691e+23	9.18e-02	8.69e-01	3.87e-02
 2.99335e+23	9.90e-02	8.64e-01	3.72e-02
 2.99934e+23	1.06e-01	8.58e-01	3.60e-02
 3.00504e+23	1.15e-01	8.50e-01	3.48e-02
 3.01065e+23	1.24e-01	8.42e-01	3.38e-02
 3.01600e+23	1.34e-01	8.33e-01	3.30e-02
 3.02086e+23	1.44e-01	8.24e-01	3.25e-02
 3.02528e+23	1.54e-01	8.14e-01	3.21e-02
 3.02930e+23	1.64e-01	8.04e-01	3.19e-02
 3.03284e+23	1.74e-01	7.94e-01	3.18e-02
 3.03541e+23	1.81e-01	7.87e-01	3.20e-02
 3.03715e+23	1.86e-01	7.82e-01	3.20e-02
 3.03894e+23	1.92e-01	7.76e-01	3.20e-02
 3.04106e+23	2.00e-01	7.68e-01	3.19e-02
 3.04333e+23	2.08e-01	7.60e-01	3.20e-02
 3.04566e+23	2.16e-01	7.52e-01	3.21e-02
 3.04798e+23	2.24e-01	7.43e-01	3.22e-02
 3.05019e+23	2.33e-01	7.34e-01	3.23e-02
 3.05193e+23	2.40e-01	7.28e-01	3.25e-02
 3.05311e+23	2.45e-01	7.23e-01	3.26e-02
 3.05429e+23	2.50e-01	7.17e-01	3.25e-02
 3.05571e+23	2.57e-01	7.11e-01	3.25e-02
 3.05724e+23	2.64e-01	7.04e-01	3.25e-02
 3.05873e+23	2.71e-01	6.97e-01	3.25e-02
 3.06020e+23	2.78e-01	6.90e-01	3.25e-02
 3.06171e+23	2.85e-01	6.82e-01	3.25e-02
 3.06329e+23	2.94e-01	6.74e-01	3.24e-02
 3.06489e+23	3.02e-01	6.66e-01	3.23e-02
 3.06650e+23	3.10e-01	6.57e-01	3.22e-02
 3.06817e+23	3.19e-01	6.49e-01	3.21e-02
 3.06990e+23	3.29e-01	6.39e-01	3.19e-02
 3.07165e+23	3.39e-01	6.29e-01	3.18e-02
 3.07343e+23	3.49e-01	6.19e-01	3.15e-02
 3.07527e+23	3.60e-01	6.09e-01	3.13e-02
 3.07717e+23	3.71e-01	5.98e-01	3.10e-02
 3.07912e+23	3.83e-01	5.86e-01	3.07e-02
 3.08111e+23	3.95e-01	5.75e-01	3.04e-02
 3.08313e+23	4.07e-01	5.63e-01	3.00e-02
 3.08492e+23	4.17e-01	5.53e-01	2.99e-02
