#depth	Ar	Ar+	Ar+2	Ar+3	Ar+4	Ar+5	Ar+6	Ar+7	Ar+8	Ar+9	Ar+10	Ar+11	Ar+12	Ar+13	Ar+14	Ar+15	Ar+16	Ar+17	Ar+18
 1.54284e+22	2.38e-26	5.03e-20	5.15e-15	7.67e-13	5.72e-11	1.48e-09	1.97e-08	3.39e-07	1.53e-04	5.31e-03	5.02e-02	1.55e-01	3.27e-01	2.52e-01	1.04e-01	4.68e-02	5.31e-02	6.22e-03	2.47e-04
 3.43353e+22	1.86e-24	3.00e-18	2.32e-13	2.23e-11	1.11e-09	1.90e-08	1.62e-07	1.81e-06	5.39e-04	1.47e-02	1.04e-01	2.38e-01	3.60e-01	1.93e-01	5.53e-02	1.83e-02	1.52e-02	1.16e-03	3.05e-05
 3.95532e+22	1.11e-23	1.58e-17	1.07e-12	8.72e-11	3.73e-09	5.49e-08	3.94e-07	3.72e-06	9.23e-04	2.21e-02	1.35e-01	2.69e-01	3.52e-01	1.61e-01	3.95e-02	1.15e-02	8.42e-03	5.37e-04	1.17e-05
 4.21621e+22	2.58e-23	3.44e-17	2.18e-12	1.65e-10	6.60e-09	9.04e-08	6.00e-07	5.23e-06	1.19e-03	2.65e-02	1.51e-01	2.83e-01	3.44e-01	1.45e-01	3.32e-02	9.17e-03	6.29e-03	3.67e-04	7.34e-06
 4.32736e+22	3.27e-23	4.29e-17	2.67e-12	1.98e-10	7.76e-09	1.04e-07	6.76e-07	5.77e-06	1.28e-03	2.80e-02	1.56e-01	2.86e-01	3.41e-01	1.41e-01	3.16e-02	8.58e-03	5.78e-03	3.29e-04	6.42e-06
 4.38298e+22	4.34e-23	5.57e-17	3.39e-12	2.46e-10	9.41e-09	1.23e-07	7.79e-07	6.48e-06	1.40e-03	2.98e-02	1.62e-01	2.90e-01	3.37e-01	1.36e-01	2.97e-02	7.91e-03	5.22e-03	2.89e-04	5.47e-06
 4.45529e+22	6.27e-23	7.82e-17	4.62e-12	3.24e-10	1.21e-08	1.53e-07	9.36e-07	7.53e-06	1.56e-03	3.22e-02	1.70e-01	2.95e-01	3.32e-01	1.29e-01	2.73e-02	7.12e-03	4.57e-03	2.43e-04	4.43e-06
 4.52898e+22	8.40e-23	1.02e-16	5.90e-12	4.05e-10	1.47e-08	1.82e-07	1.08e-06	8.48e-06	1.71e-03	3.43e-02	1.76e-01	2.99e-01	3.28e-01	1.24e-01	2.56e-02	6.53e-03	4.11e-03	2.12e-04	3.74e-06
 4.60446e+22	1.22e-22	1.45e-16	8.09e-12	5.38e-10	1.90e-08	2.28e-07	1.31e-06	9.89e-06	1.91e-03	3.71e-02	1.85e-01	3.04e-01	3.22e-01	1.17e-01	2.35e-02	5.84e-03	3.57e-03	1.77e-04	3.01e-06
 4.68215e+22	1.66e-22	1.91e-16	1.04e-11	6.76e-10	2.33e-08	2.73e-07	1.52e-06	1.12e-05	2.09e-03	3.96e-02	1.92e-01	3.07e-01	3.17e-01	1.12e-01	2.18e-02	5.33e-03	3.19e-03	1.53e-04	2.52e-06
 4.76273e+22	2.48e-22	2.77e-16	1.46e-11	9.15e-10	3.05e-08	3.46e-07	1.86e-06	1.32e-05	2.36e-03	4.31e-02	2.01e-01	3.11e-01	3.09e-01	1.05e-01	1.98e-02	4.71e-03	2.73e-03	1.26e-04	1.98e-06
 4.84348e+22	3.33e-22	3.63e-16	1.87e-11	1.14e-09	3.73e-08	4.12e-07	2.15e-06	1.49e-05	2.58e-03	4.58e-02	2.08e-01	3.14e-01	3.04e-01	1.01e-01	1.84e-02	4.30e-03	2.44e-03	1.09e-04	1.66e-06
 4.92447e+22	4.91e-22	5.18e-16	2.58e-11	1.53e-09	4.84e-08	5.18e-07	2.61e-06	1.74e-05	2.90e-03	4.96e-02	2.17e-01	3.17e-01	2.96e-01	9.44e-02	1.67e-02	3.80e-03	2.10e-03	8.95e-05	1.31e-06
 5.00751e+22	6.74e-22	6.93e-16	3.35e-11	1.94e-09	5.99e-08	6.24e-07	3.06e-06	1.98e-05	3.19e-03	5.29e-02	2.25e-01	3.19e-01	2.89e-01	8.94e-02	1.54e-02	3.43e-03	1.85e-03	7.63e-05	1.08e-06
 5.09322e+22	1.00e-21	9.98e-16	4.67e-11	2.61e-09	7.82e-08	7.89e-07	3.72e-06	2.33e-05	3.59e-03	5.72e-02	2.35e-01	3.22e-01	2.81e-01	8.34e-02	1.39e-02	3.02e-03	1.57e-03	6.22e-05	8.44e-07
 5.18065e+22	1.40e-21	1.35e-15	6.14e-11	3.35e-09	9.77e-08	9.59e-07	4.39e-06	2.66e-05	3.96e-03	6.11e-02	2.43e-01	3.23e-01	2.74e-01	7.86e-02	1.27e-02	2.70e-03	1.38e-03	5.24e-05	6.85e-07
 5.25850e+22	1.93e-21	1.81e-15	8.01e-11	4.26e-09	1.21e-07	1.16e-06	5.15e-06	3.03e-05	4.36e-03	6.51e-02	2.51e-01	3.24e-01	2.66e-01	7.40e-02	1.16e-02	2.42e-03	1.20e-03	4.42e-05	5.58e-07
 5.34789e+22	2.93e-21	2.65e-15	1.13e-10	5.81e-09	1.60e-07	1.48e-06	6.33e-06	3.60e-05	4.93e-03	7.06e-02	2.61e-01	3.25e-01	2.56e-01	6.83e-02	1.03e-02	2.10e-03	1.01e-03	3.53e-05	4.26e-07
 5.43809e+22	4.04e-21	3.57e-15	1.47e-10	7.39e-09	1.99e-07	1.79e-06	7.43e-06	4.10e-05	5.42e-03	7.51e-02	2.69e-01	3.26e-01	2.49e-01	6.41e-02	9.42e-03	1.87e-03	8.77e-04	2.96e-05	3.44e-07
 5.51313e+22	5.40e-21	4.64e-15	1.87e-10	9.15e-09	2.41e-07	2.12e-06	8.57e-06	4.61e-05	5.90e-03	7.93e-02	2.76e-01	3.25e-01	2.42e-01	6.04e-02	8.66e-03	1.69e-03	7.73e-04	2.53e-05	2.84e-07
 5.59448e+22	7.86e-21	6.54e-15	2.54e-10	1.21e-08	3.10e-07	2.65e-06	1.03e-05	5.38e-05	6.58e-03	8.51e-02	2.85e-01	3.25e-01	2.32e-01	5.58e-02	7.73e-03	1.47e-03	6.53e-04	2.04e-05	2.20e-07
 5.67575e+22	1.04e-20	8.46e-15	3.21e-10	1.49e-08	3.75e-07	3.13e-06	1.19e-05	6.04e-05	7.15e-03	8.97e-02	2.92e-01	3.24e-01	2.25e-01	5.25e-02	7.08e-03	1.33e-03	5.74e-04	1.74e-05	1.81e-07
 5.75689e+22	1.51e-20	1.18e-14	4.34e-10	1.96e-08	4.81e-07	3.90e-06	1.43e-05	7.04e-05	7.98e-03	9.61e-02	3.01e-01	3.23e-01	2.16e-01	4.83e-02	6.29e-03	1.15e-03	4.83e-04	1.40e-05	1.39e-07
 5.83907e+22	2.02e-20	1.54e-14	5.49e-10	2.42e-08	5.83e-07	4.63e-06	1.66e-05	7.93e-05	8.68e-03	1.01e-01	3.08e-01	3.21e-01	2.09e-01	4.52e-02	5.73e-03	1.03e-03	4.22e-04	1.18e-05	0.00e+00
 5.92260e+22	2.94e-20	2.17e-14	7.44e-10	3.19e-08	7.52e-07	5.81e-06	2.01e-05	9.30e-05	9.71e-03	1.08e-01	3.17e-01	3.19e-01	1.99e-01	4.13e-02	5.05e-03	8.87e-04	3.51e-04	9.34e-06	0.00e+00
 6.00712e+22	3.94e-20	2.83e-14	9.43e-10	3.96e-08	9.14e-07	6.92e-06	2.33e-05	1.05e-04	1.06e-02	1.14e-01	3.23e-01	3.16e-01	1.91e-01	3.84e-02	4.57e-03	7.88e-04	3.04e-04	7.80e-06	0.00e+00
 6.09293e+22	5.74e-20	3.98e-14	1.28e-09	5.22e-08	1.18e-06	8.69e-06	2.82e-05	1.24e-04	1.19e-02	1.22e-01	3.32e-01	3.13e-01	1.81e-01	3.49e-02	4.00e-03	6.73e-04	2.50e-04	6.12e-06	0.00e+00
 6.18042e+22	7.77e-20	5.23e-14	1.63e-09	6.52e-08	1.45e-06	1.04e-05	3.30e-05	1.41e-04	1.30e-02	1.29e-01	3.38e-01	3.09e-01	1.73e-01	3.22e-02	3.58e-03	5.91e-04	2.13e-04	5.02e-06	0.00e+00
 6.27007e+22	1.14e-19	7.41e-14	2.22e-09	8.65e-08	1.88e-06	1.32e-05	4.04e-05	1.67e-04	1.46e-02	1.39e-01	3.47e-01	3.04e-01	1.63e-01	2.89e-02	3.09e-03	4.98e-04	1.73e-04	3.86e-06	0.00e+00
 6.36138e+22	1.55e-19	9.76e-14	2.83e-09	1.08e-07	2.32e-06	1.60e-05	4.75e-05	1.91e-04	1.60e-02	1.46e-01	3.53e-01	3.00e-01	1.55e-01	2.64e-02	2.73e-03	4.33e-04	1.46e-04	3.12e-06	0.00e+00
 6.45485e+22	2.30e-19	1.39e-13	3.85e-09	1.44e-07	3.04e-06	2.04e-05	5.86e-05	2.28e-04	1.81e-02	1.57e-01	3.60e-01	2.94e-01	1.45e-01	2.34e-02	2.33e-03	3.59e-04	1.16e-04	2.35e-06	0.00e+00
 6.54942e+22	3.12e-19	1.82e-13	4.88e-09	1.80e-07	3.76e-06	2.48e-05	6.91e-05	2.63e-04	2.00e-02	1.66e-01	3.66e-01	2.88e-01	1.36e-01	2.12e-02	2.04e-03	3.09e-04	9.66e-05	1.87e-06	0.00e+00
 6.62921e+22	4.09e-19	2.32e-13	6.04e-09	2.20e-07	4.54e-06	2.95e-05	8.03e-05	2.99e-04	2.18e-02	1.74e-01	3.70e-01	2.83e-01	1.29e-01	1.94e-02	1.81e-03	2.69e-04	8.15e-05	1.52e-06	0.00e+00
 6.71648e+22	5.78e-19	3.15e-13	7.87e-09	2.83e-07	5.79e-06	3.69e-05	9.74e-05	3.53e-04	2.44e-02	1.85e-01	3.76e-01	2.75e-01	1.20e-01	1.71e-02	1.54e-03	2.23e-04	6.52e-05	1.15e-06	0.00e+00
 6.80421e+22	7.53e-19	3.98e-13	9.64e-09	3.43e-07	6.99e-06	4.40e-05	1.13e-04	4.03e-04	2.67e-02	1.94e-01	3.79e-01	2.69e-01	1.13e-01	1.55e-02	1.35e-03	1.93e-04	5.45e-05	9.22e-07	0.00e+00
 6.88974e+22	1.03e-18	5.25e-13	1.22e-08	4.32e-07	8.75e-06	5.43e-05	1.36e-04	4.73e-04	2.97e-02	2.06e-01	3.83e-01	2.61e-01	1.05e-01	1.37e-02	1.15e-03	1.61e-04	4.37e-05	7.02e-07	0.00e+00
 6.97700e+22	1.34e-18	6.62e-13	1.49e-08	5.25e-07	1.06e-05	6.48e-05	1.59e-04	5.41e-04	3.25e-02	2.16e-01	3.86e-01	2.54e-01	9.77e-02	1.23e-02	1.00e-03	1.37e-04	3.61e-05	5.55e-07	0.00e+00
 7.06322e+22	1.79e-18	8.53e-13	1.85e-08	6.50e-07	1.31e-05	7.94e-05	1.89e-04	6.33e-04	3.61e-02	2.28e-01	3.88e-01	2.45e-01	9.01e-02	1.09e-02	8.47e-04	1.14e-04	2.88e-05	4.21e-07	0.00e+00
 7.15111e+22	2.32e-18	1.07e-12	2.23e-08	7.87e-07	1.59e-05	9.52e-05	2.21e-04	7.30e-04	3.96e-02	2.39e-01	3.89e-01	2.37e-01	8.34e-02	9.65e-03	7.28e-04	9.62e-05	2.35e-05	3.27e-07	0.00e+00
 7.23703e+22	3.02e-18	1.34e-12	2.70e-08	9.56e-07	1.93e-05	1.15e-04	2.61e-04	8.46e-04	4.37e-02	2.51e-01	3.90e-01	2.28e-01	7.68e-02	8.50e-03	6.18e-04	8.01e-05	1.88e-05	2.50e-07	0.00e+00
 7.32389e+22	3.86e-18	1.66e-12	3.22e-08	1.15e-06	2.34e-05	1.37e-04	3.05e-04	9.77e-04	4.80e-02	2.62e-01	3.90e-01	2.20e-01	7.06e-02	7.49e-03	5.26e-04	6.69e-05	1.52e-05	1.92e-07	0.00e+00
 7.40967e+22	4.92e-18	2.04e-12	3.82e-08	1.38e-06	2.81e-05	1.64e-04	3.57e-04	1.13e-03	5.27e-02	2.74e-01	3.89e-01	2.11e-01	6.47e-02	6.59e-03	4.47e-04	5.58e-05	1.22e-05	1.47e-07	0.00e+00
 7.49526e+22	6.20e-18	2.48e-12	4.50e-08	1.64e-06	3.36e-05	1.95e-04	4.15e-04	1.30e-03	5.77e-02	2.86e-01	3.87e-01	2.02e-01	5.92e-02	5.78e-03	3.79e-04	4.64e-05	9.79e-06	0.00e+00	0.00e+00
 7.58096e+22	7.79e-18	3.01e-12	5.26e-08	1.94e-06	4.02e-05	2.32e-04	4.82e-04	1.49e-03	6.31e-02	2.98e-01	3.85e-01	1.93e-01	5.40e-02	5.06e-03	3.21e-04	3.85e-05	7.83e-06	0.00e+00	0.00e+00
 7.66696e+22	9.71e-18	3.63e-12	6.11e-08	2.29e-06	4.78e-05	2.74e-04	5.58e-04	1.71e-03	6.90e-02	3.10e-01	3.81e-01	1.83e-01	4.92e-02	4.42e-03	2.71e-04	3.19e-05	6.26e-06	0.00e+00	0.00e+00
 7.75329e+22	1.21e-17	4.35e-12	7.08e-08	2.70e-06	5.67e-05	3.24e-04	6.45e-04	1.96e-03	7.52e-02	3.21e-01	3.77e-01	1.74e-01	4.46e-02	3.85e-03	2.28e-04	2.64e-05	4.99e-06	0.00e+00	0.00e+00
 7.84034e+22	1.50e-17	5.20e-12	8.16e-08	3.17e-06	6.71e-05	3.81e-04	7.43e-04	2.25e-03	8.19e-02	3.33e-01	3.73e-01	1.65e-01	4.04e-02	3.35e-03	1.92e-04	2.17e-05	3.97e-06	0.00e+00	0.00e+00
 7.92824e+22	1.85e-17	6.21e-12	9.39e-08	3.72e-06	7.93e-05	4.48e-04	8.55e-04	2.58e-03	8.91e-02	3.44e-01	3.67e-01	1.56e-01	3.65e-02	2.90e-03	1.61e-04	1.79e-05	3.15e-06	0.00e+00	0.00e+00
 8.01665e+22	2.28e-17	7.38e-12	1.08e-07	4.34e-06	9.33e-05	5.25e-04	9.80e-04	2.94e-03	9.67e-02	3.55e-01	3.61e-01	1.47e-01	3.29e-02	2.51e-03	1.35e-04	1.47e-05	2.50e-06	0.00e+00	0.00e+00
 8.10645e+22	2.81e-17	8.79e-12	1.24e-07	5.09e-06	1.10e-04	6.16e-04	1.12e-03	3.36e-03	1.05e-01	3.66e-01	3.53e-01	1.38e-01	2.95e-02	2.16e-03	1.12e-04	1.20e-05	1.96e-06	0.00e+00	0.00e+00
 8.19713e+22	3.47e-17	1.04e-11	1.42e-07	5.94e-06	1.29e-04	7.19e-04	1.28e-03	3.82e-03	1.13e-01	3.76e-01	3.46e-01	1.30e-01	2.64e-02	1.87e-03	9.36e-05	9.78e-06	1.55e-06	0.00e+00	0.00e+00
 8.28967e+22	4.30e-17	1.25e-11	1.63e-07	6.97e-06	1.52e-04	8.42e-04	1.47e-03	4.37e-03	1.23e-01	3.86e-01	3.37e-01	1.21e-01	2.35e-02	1.60e-03	7.73e-05	7.91e-06	1.21e-06	0.00e+00	0.00e+00
 8.38379e+22	5.32e-17	1.49e-11	1.87e-07	8.15e-06	1.79e-04	9.81e-04	1.67e-03	4.96e-03	1.32e-01	3.96e-01	3.28e-01	1.13e-01	2.10e-02	1.37e-03	6.41e-05	6.42e-06	9.49e-07	0.00e+00	0.00e+00
 8.46994e+22	6.38e-17	1.73e-11	2.11e-07	9.30e-06	2.04e-04	1.11e-03	1.85e-03	5.51e-03	1.41e-01	4.03e-01	3.21e-01	1.07e-01	1.90e-02	1.20e-03	5.47e-05	5.38e-06	7.72e-07	0.00e+00	0.00e+00
 8.55991e+22	8.01e-17	2.09e-11	2.44e-07	1.10e-05	2.41e-04	1.30e-03	2.11e-03	6.29e-03	1.52e-01	4.11e-01	3.10e-01	9.87e-02	1.67e-02	1.01e-03	4.47e-05	4.29e-06	5.94e-07	0.00e+00	0.00e+00
 8.65135e+22	9.70e-17	2.44e-11	2.77e-07	1.26e-05	2.76e-04	1.48e-03	2.34e-03	6.97e-03	1.61e-01	4.17e-01	3.02e-01	9.26e-02	1.51e-02	8.86e-04	3.80e-05	3.58e-06	4.81e-07	0.00e+00	0.00e+00
 8.74558e+22	1.24e-16	3.00e-11	3.26e-07	1.50e-05	3.28e-04	1.73e-03	2.67e-03	7.95e-03	1.73e-01	4.24e-01	2.90e-01	8.51e-02	1.32e-02	7.43e-04	3.07e-05	2.83e-06	3.66e-07	0.00e+00	0.00e+00
 8.84022e+22	1.51e-16	3.53e-11	3.71e-07	1.72e-05	3.74e-04	1.96e-03	2.94e-03	8.78e-03	1.83e-01	4.29e-01	2.82e-01	7.96e-02	1.19e-02	6.48e-04	2.61e-05	2.36e-06	2.96e-07	0.00e+00	0.00e+00
 8.93538e+22	1.94e-16	4.35e-11	4.39e-07	2.05e-05	4.43e-04	2.29e-03	3.33e-03	9.96e-03	1.96e-01	4.34e-01	2.70e-01	7.29e-02	1.04e-02	5.42e-04	2.11e-05	1.86e-06	2.25e-07	0.00e+00	0.00e+00
 9.03084e+22	2.37e-16	5.15e-11	5.04e-07	2.36e-05	5.05e-04	2.57e-03	3.66e-03	1.09e-02	2.06e-01	4.37e-01	2.61e-01	6.80e-02	9.31e-03	4.73e-04	1.79e-05	1.55e-06	1.83e-07	0.00e+00	0.00e+00
 9.12669e+22	3.08e-16	6.41e-11	6.01e-07	2.83e-05	5.96e-04	2.99e-03	4.12e-03	1.23e-02	2.20e-01	4.41e-01	2.49e-01	6.21e-02	8.09e-03	3.95e-04	1.45e-05	1.22e-06	1.39e-07	0.00e+00	0.00e+00
 9.22356e+22	3.81e-16	7.67e-11	6.96e-07	3.27e-05	6.80e-04	3.36e-03	4.51e-03	1.35e-02	2.30e-01	4.42e-01	2.40e-01	5.77e-02	7.25e-03	3.44e-04	1.23e-05	1.02e-06	0.00e+00	0.00e+00	0.00e+00
 9.32174e+22	5.01e-16	9.67e-11	8.41e-07	3.94e-05	8.04e-04	3.90e-03	5.06e-03	1.52e-02	2.44e-01	4.44e-01	2.28e-01	5.25e-02	6.28e-03	2.86e-04	9.85e-06	7.98e-07	0.00e+00	0.00e+00	0.00e+00
 9.42117e+22	6.26e-16	1.17e-10	9.83e-07	4.58e-05	9.19e-04	4.39e-03	5.53e-03	1.66e-02	2.55e-01	4.44e-01	2.19e-01	4.86e-02	5.60e-03	2.48e-04	8.32e-06	6.61e-07	0.00e+00	0.00e+00	0.00e+00
 9.52223e+22	8.38e-16	1.50e-10	1.20e-06	5.56e-05	1.09e-03	5.09e-03	6.18e-03	1.86e-02	2.70e-01	4.43e-01	2.07e-01	4.39e-02	4.82e-03	2.06e-04	6.66e-06	5.17e-07	0.00e+00	0.00e+00	0.00e+00
 9.62514e+22	1.06e-15	1.84e-10	1.43e-06	6.52e-05	1.25e-03	5.72e-03	6.75e-03	2.02e-02	2.81e-01	4.42e-01	1.98e-01	4.05e-02	4.28e-03	1.78e-04	5.59e-06	4.25e-07	0.00e+00	0.00e+00	0.00e+00
 9.73047e+22	1.45e-15	2.39e-10	1.78e-06	7.99e-05	1.49e-03	6.65e-03	7.54e-03	2.26e-02	2.96e-01	4.39e-01	1.86e-01	3.64e-02	3.66e-03	1.46e-04	4.44e-06	3.30e-07	0.00e+00	0.00e+00	0.00e+00
 9.83816e+22	1.88e-15	2.98e-10	2.14e-06	9.45e-05	1.72e-03	7.49e-03	8.23e-03	2.46e-02	3.08e-01	4.36e-01	1.77e-01	3.34e-02	3.23e-03	1.25e-04	3.69e-06	2.69e-07	0.00e+00	0.00e+00	0.00e+00
 9.94894e+22	2.62e-15	3.98e-10	2.71e-06	1.17e-04	2.06e-03	8.73e-03	9.19e-03	2.75e-02	3.23e-01	4.31e-01	1.65e-01	2.97e-02	2.73e-03	1.02e-04	2.90e-06	2.06e-07	0.00e+00	0.00e+00	0.00e+00
 1.00620e+23	3.45e-15	5.04e-10	3.31e-06	1.40e-04	2.39e-03	9.86e-03	1.00e-02	2.99e-02	3.35e-01	4.27e-01	1.56e-01	2.71e-02	2.39e-03	8.68e-05	2.40e-06	1.67e-07	0.00e+00	0.00e+00	0.00e+00
 1.01573e+23	4.40e-15	6.22e-10	3.95e-06	1.64e-04	2.72e-03	1.10e-02	1.08e-02	3.22e-02	3.45e-01	4.22e-01	1.49e-01	2.49e-02	2.13e-03	7.51e-05	2.02e-06	1.38e-07	0.00e+00	0.00e+00	0.00e+00
 1.02602e+23	6.05e-15	8.18e-10	4.98e-06	2.01e-04	3.21e-03	1.26e-02	1.19e-02	3.53e-02	3.59e-01	4.15e-01	1.39e-01	2.23e-02	1.82e-03	6.22e-05	1.62e-06	0.00e+00	0.00e+00	0.00e+00	0.00e+00
 1.03605e+23	7.64e-15	1.00e-09	5.90e-06	2.33e-04	3.62e-03	1.38e-02	1.28e-02	3.76e-02	3.68e-01	4.10e-01	1.32e-01	2.06e-02	1.63e-03	5.44e-05	1.38e-06	0.00e+00	0.00e+00	0.00e+00	0.00e+00
 1.04573e+23	1.03e-14	1.30e-09	7.35e-06	2.82e-04	4.23e-03	1.57e-02	1.39e-02	4.09e-02	3.79e-01	4.02e-01	1.24e-01	1.85e-02	1.40e-03	4.55e-05	1.12e-06	0.00e+00	0.00e+00	0.00e+00	0.00e+00
 1.05551e+23	1.31e-14	1.60e-09	8.77e-06	3.28e-04	4.78e-03	1.73e-02	1.49e-02	4.35e-02	3.88e-01	3.95e-01	1.18e-01	1.71e-02	1.25e-03	3.97e-05	9.52e-07	0.00e+00	0.00e+00	0.00e+00	0.00e+00
 1.06542e+23	1.80e-14	2.10e-09	1.10e-05	3.99e-04	5.59e-03	1.96e-02	1.62e-02	4.71e-02	3.99e-01	3.86e-01	1.10e-01	1.53e-02	1.07e-03	3.31e-05	7.69e-07	0.00e+00	0.00e+00	0.00e+00	0.00e+00
 1.07546e+23	2.30e-14	2.60e-09	1.32e-05	4.66e-04	6.32e-03	2.16e-02	1.73e-02	5.00e-02	4.07e-01	3.79e-01	1.04e-01	1.40e-02	9.53e-04	2.87e-05	6.51e-07	0.00e+00	0.00e+00	0.00e+00	0.00e+00
 1.08569e+23	3.18e-14	3.45e-09	1.68e-05	5.70e-04	7.41e-03	2.44e-02	1.88e-02	5.40e-02	4.17e-01	3.69e-01	9.60e-02	1.25e-02	8.13e-04	2.38e-05	5.22e-07	0.00e+00	0.00e+00	0.00e+00	0.00e+00
 1.09607e+23	4.11e-14	4.31e-09	2.03e-05	6.68e-04	8.41e-03	2.69e-02	2.01e-02	5.71e-02	4.24e-01	3.60e-01	9.04e-02	1.14e-02	7.19e-04	2.05e-05	4.40e-07	0.00e+00	0.00e+00	0.00e+00	0.00e+00
 1.10665e+23	5.74e-14	5.76e-09	2.59e-05	8.20e-04	9.88e-03	3.05e-02	2.18e-02	6.15e-02	4.33e-01	3.49e-01	8.33e-02	1.01e-02	6.09e-04	1.69e-05	3.49e-07	0.00e+00	0.00e+00	0.00e+00	0.00e+00
 1.11740e+23	7.50e-14	7.26e-09	3.15e-05	9.66e-04	1.12e-02	3.36e-02	2.33e-02	6.50e-02	4.39e-01	3.40e-01	7.81e-02	9.12e-03	5.34e-04	1.45e-05	2.92e-07	0.00e+00	0.00e+00	0.00e+00	0.00e+00
 1.12840e+23	1.06e-13	9.80e-09	4.06e-05	1.19e-03	1.32e-02	3.81e-02	2.52e-02	6.98e-02	4.46e-01	3.27e-01	7.15e-02	8.01e-03	4.49e-04	1.18e-05	2.30e-07	0.00e+00	0.00e+00	0.00e+00	0.00e+00
 1.13968e+23	1.40e-13	1.25e-08	5.00e-05	1.42e-03	1.51e-02	4.20e-02	2.69e-02	7.36e-02	4.50e-01	3.16e-01	6.65e-02	7.21e-03	3.90e-04	1.00e-05	1.90e-07	0.00e+00	0.00e+00	0.00e+00	0.00e+00
 1.15133e+23	2.02e-13	1.72e-08	6.53e-05	1.76e-03	1.79e-02	4.77e-02	2.92e-02	7.89e-02	4.55e-01	3.02e-01	6.03e-02	6.26e-03	3.23e-04	8.08e-06	1.48e-07	0.00e+00	0.00e+00	0.00e+00	0.00e+00
 1.16327e+23	2.71e-13	2.21e-08	8.10e-05	2.10e-03	2.05e-02	5.27e-02	3.11e-02	8.30e-02	4.58e-01	2.91e-01	5.57e-02	5.57e-03	2.78e-04	6.78e-06	1.20e-07	0.00e+00	0.00e+00	0.00e+00	0.00e+00
 1.17558e+23	3.96e-13	3.08e-08	1.07e-04	2.64e-03	2.44e-02	5.99e-02	3.36e-02	8.85e-02	4.60e-01	2.76e-01	5.00e-02	4.78e-03	2.28e-04	5.38e-06	0.00e+00	0.00e+00	0.00e+00	0.00e+00	0.00e+00
 1.18801e+23	5.32e-13	3.97e-08	1.33e-04	3.14e-03	2.78e-02	6.59e-02	3.57e-02	9.26e-02	4.61e-01	2.64e-01	4.59e-02	4.24e-03	1.95e-04	4.50e-06	0.00e+00	0.00e+00	0.00e+00	0.00e+00	0.00e+00
 1.20058e+23	7.81e-13	5.54e-08	1.76e-04	3.94e-03	3.30e-02	7.45e-02	3.84e-02	9.82e-02	4.59e-01	2.48e-01	4.08e-02	3.60e-03	1.58e-04	3.54e-06	0.00e+00	0.00e+00	0.00e+00	0.00e+00	0.00e+00
 1.21329e+23	1.05e-12	7.15e-08	2.18e-04	4.69e-03	3.76e-02	8.17e-02	4.06e-02	1.02e-01	4.57e-01	2.36e-01	3.72e-02	3.17e-03	1.34e-04	2.94e-06	0.00e+00	0.00e+00	0.00e+00	0.00e+00	0.00e+00
 1.22616e+23	1.54e-12	9.97e-08	2.88e-04	5.86e-03	4.44e-02	9.18e-02	4.34e-02	1.07e-01	4.52e-01	2.19e-01	3.28e-02	2.66e-03	1.08e-04	2.29e-06	0.00e+00	0.00e+00	0.00e+00	0.00e+00	0.00e+00
 1.23925e+23	2.08e-12	1.29e-07	3.57e-04	6.96e-03	5.04e-02	1.00e-01	4.57e-02	1.11e-01	4.46e-01	2.07e-01	2.96e-02	2.32e-03	9.04e-05	1.88e-06	0.00e+00	0.00e+00	0.00e+00	0.00e+00	0.00e+00
 1.25080e+23	2.80e-12	1.67e-07	4.42e-04	8.24e-03	5.71e-02	1.09e-01	4.79e-02	1.15e-01	4.40e-01	1.94e-01	2.66e-02	2.01e-03	7.57e-05	1.54e-06	0.00e+00	0.00e+00	0.00e+00	0.00e+00	0.00e+00
 1.26399e+23	4.07e-12	2.30e-07	5.78e-04	1.02e-02	6.66e-02	1.21e-01	5.06e-02	1.19e-01	4.29e-01	1.78e-01	2.32e-02	1.68e-03	6.02e-05	1.19e-06	0.00e+00	0.00e+00	0.00e+00	0.00e+00	0.00e+00
 1.27743e+23	5.53e-12	2.99e-07	7.19e-04	1.21e-02	7.53e-02	1.31e-01	5.27e-02	1.22e-01	4.19e-01	1.66e-01	2.06e-02	1.43e-03	4.95e-05	9.55e-07	0.00e+00	0.00e+00	0.00e+00	0.00e+00	0.00e+00
 1.28834e+23	7.13e-12	3.71e-07	8.61e-04	1.39e-02	8.32e-02	1.40e-01	5.44e-02	1.24e-01	4.09e-01	1.55e-01	1.86e-02	1.25e-03	4.20e-05	7.94e-07	0.00e+00	0.00e+00	0.00e+00	0.00e+00	0.00e+00
 1.29965e+23	9.59e-12	4.78e-07	1.06e-03	1.63e-02	9.33e-02	1.50e-01	5.63e-02	1.26e-01	3.96e-01	1.43e-01	1.64e-02	1.07e-03	3.45e-05	6.37e-07	0.00e+00	0.00e+00	0.00e+00	0.00e+00	0.00e+00
 1.31156e+23	1.25e-11	5.98e-07	1.28e-03	1.88e-02	1.03e-01	1.60e-01	5.79e-02	1.27e-01	3.83e-01	1.33e-01	1.46e-02	9.19e-04	2.88e-05	5.21e-07	0.00e+00	0.00e+00	0.00e+00	0.00e+00	0.00e+00
 1.32249e+23	1.61e-11	7.43e-07	1.52e-03	2.15e-02	1.13e-01	1.69e-01	5.93e-02	1.28e-01	3.70e-01	1.23e-01	1.30e-02	7.92e-04	2.40e-05	4.26e-07	0.00e+00	0.00e+00	0.00e+00	0.00e+00	0.00e+00
 1.33495e+23	2.21e-11	9.71e-07	1.90e-03	2.54e-02	1.27e-01	1.81e-01	6.07e-02	1.29e-01	3.53e-01	1.11e-01	1.12e-02	6.54e-04	1.91e-05	3.30e-07	0.00e+00	0.00e+00	0.00e+00	0.00e+00	0.00e+00
 1.34774e+23	2.92e-11	1.23e-06	2.30e-03	2.93e-02	1.40e-01	1.91e-01	6.18e-02	1.29e-01	3.36e-01	1.01e-01	9.72e-03	5.50e-04	1.55e-05	2.62e-07	0.00e+00	0.00e+00	0.00e+00	0.00e+00	0.00e+00
 1.35898e+23	3.73e-11	1.51e-06	2.72e-03	3.33e-02	1.52e-01	2.00e-01	6.26e-02	1.28e-01	3.21e-01	9.20e-02	8.55e-03	4.68e-04	1.28e-05	2.12e-07	0.00e+00	0.00e+00	0.00e+00	0.00e+00	0.00e+00
 1.37160e+23	5.05e-11	1.95e-06	3.33e-03	3.87e-02	1.67e-01	2.10e-01	6.32e-02	1.27e-01	3.01e-01	8.18e-02	7.24e-03	3.81e-04	1.00e-05	1.62e-07	0.00e+00	0.00e+00	0.00e+00	0.00e+00	0.00e+00
 1.38483e+23	6.65e-11	2.45e-06	4.01e-03	4.42e-02	1.82e-01	2.19e-01	6.35e-02	1.25e-01	2.82e-01	7.30e-02	6.18e-03	3.14e-04	7.93e-06	1.26e-07	0.00e+00	0.00e+00	0.00e+00	0.00e+00	0.00e+00
 1.39680e+23	8.51e-11	3.01e-06	4.72e-03	4.98e-02	1.96e-01	2.27e-01	6.35e-02	1.23e-01	2.65e-01	6.55e-02	5.33e-03	2.62e-04	6.40e-06	0.00e+00	0.00e+00	0.00e+00	0.00e+00	0.00e+00	0.00e+00
 1.41032e+23	1.16e-10	3.88e-06	5.77e-03	5.75e-02	2.14e-01	2.35e-01	6.31e-02	1.20e-01	2.44e-01	5.68e-02	4.39e-03	2.07e-04	4.86e-06	0.00e+00	0.00e+00	0.00e+00	0.00e+00	0.00e+00	0.00e+00
 1.42427e+23	1.51e-10	4.85e-06	6.88e-03	6.50e-02	2.30e-01	2.42e-01	6.25e-02	1.16e-01	2.24e-01	4.97e-02	3.67e-03	1.67e-04	3.77e-06	0.00e+00	0.00e+00	0.00e+00	0.00e+00	0.00e+00	0.00e+00
 1.43669e+23	1.93e-10	5.91e-06	8.04e-03	7.24e-02	2.45e-01	2.46e-01	6.17e-02	1.12e-01	2.07e-01	4.38e-02	3.11e-03	1.36e-04	2.99e-06	0.00e+00	0.00e+00	0.00e+00	0.00e+00	0.00e+00	0.00e+00
 1.45074e+23	2.60e-10	7.55e-06	9.71e-03	8.24e-02	2.63e-01	2.51e-01	6.03e-02	1.07e-01	1.87e-01	3.72e-02	2.50e-03	1.05e-04	2.21e-06	0.00e+00	0.00e+00	0.00e+00	0.00e+00	0.00e+00	0.00e+00
 1.46535e+23	3.38e-10	9.36e-06	1.15e-02	9.21e-02	2.78e-01	2.54e-01	5.87e-02	1.02e-01	1.69e-01	3.19e-02	2.05e-03	8.29e-05	1.68e-06	0.00e+00	0.00e+00	0.00e+00	0.00e+00	0.00e+00	0.00e+00
 1.47852e+23	4.31e-10	1.14e-05	1.33e-02	1.02e-01	2.92e-01	2.56e-01	5.71e-02	9.73e-02	1.53e-01	2.75e-02	1.69e-03	6.61e-05	1.29e-06	0.00e+00	0.00e+00	0.00e+00	0.00e+00	0.00e+00	0.00e+00
 1.49345e+23	5.83e-10	1.45e-05	1.60e-02	1.15e-01	3.09e-01	2.56e-01	5.47e-02	9.09e-02	1.34e-01	2.26e-02	1.31e-03	4.92e-05	9.21e-07	0.00e+00	0.00e+00	0.00e+00	0.00e+00	0.00e+00	0.00e+00
 1.50881e+23	7.49e-10	1.78e-05	1.86e-02	1.26e-01	3.23e-01	2.55e-01	5.25e-02	8.53e-02	1.20e-01	1.90e-02	1.06e-03	3.81e-05	6.87e-07	0.00e+00	0.00e+00	0.00e+00	0.00e+00	0.00e+00	0.00e+00
 1.52262e+23	9.52e-10	2.15e-05	2.15e-02	1.38e-01	3.35e-01	2.53e-01	5.03e-02	7.98e-02	1.06e-01	1.60e-02	8.52e-04	2.96e-05	5.15e-07	0.00e+00	0.00e+00	0.00e+00	0.00e+00	0.00e+00	0.00e+00
 1.53846e+23	1.29e-09	2.74e-05	2.57e-02	1.54e-01	3.48e-01	2.48e-01	4.72e-02	7.28e-02	9.08e-02	1.28e-02	6.41e-04	2.13e-05	3.53e-07	0.00e+00	0.00e+00	0.00e+00	0.00e+00	0.00e+00	0.00e+00
 1.55446e+23	1.64e-09	3.31e-05	2.95e-02	1.67e-01	3.58e-01	2.43e-01	4.47e-02	6.73e-02	7.95e-02	1.06e-02	5.06e-04	1.62e-05	2.59e-07	0.00e+00	0.00e+00	0.00e+00	0.00e+00	0.00e+00	0.00e+00
 1.57065e+23	2.19e-09	4.16e-05	3.48e-02	1.83e-01	3.68e-01	2.36e-01	4.15e-02	6.07e-02	6.72e-02	8.35e-03	3.77e-04	1.15e-05	1.76e-07	0.00e+00	0.00e+00	0.00e+00	0.00e+00	0.00e+00	0.00e+00
 1.58711e+23	2.78e-09	5.01e-05	3.97e-02	1.97e-01	3.74e-01	2.29e-01	3.89e-02	5.55e-02	5.81e-02	6.82e-03	2.93e-04	8.63e-06	1.27e-07	0.00e+00	0.00e+00	0.00e+00	0.00e+00	0.00e+00	0.00e+00
 1.60171e+23	3.50e-09	5.98e-05	4.50e-02	2.11e-01	3.79e-01	2.21e-01	3.64e-02	5.06e-02	5.02e-02	5.57e-03	2.29e-04	6.50e-06	0.00e+00	0.00e+00	0.00e+00	0.00e+00	0.00e+00	0.00e+00	0.00e+00
 1.61849e+23	4.68e-09	7.48e-05	5.26e-02	2.29e-01	3.83e-01	2.11e-01	3.32e-02	4.47e-02	4.14e-02	4.27e-03	1.65e-04	4.47e-06	0.00e+00	0.00e+00	0.00e+00	0.00e+00	0.00e+00	0.00e+00	0.00e+00
 1.63551e+23	5.87e-09	8.90e-05	5.94e-02	2.44e-01	3.85e-01	2.02e-01	3.07e-02	4.03e-02	3.53e-02	3.44e-03	1.27e-04	3.31e-06	0.00e+00	0.00e+00	0.00e+00	0.00e+00	0.00e+00	0.00e+00	0.00e+00
 1.65284e+23	7.82e-09	1.11e-04	6.89e-02	2.62e-01	3.85e-01	1.90e-01	2.77e-02	3.52e-02	2.87e-02	2.59e-03	9.02e-05	2.24e-06	0.00e+00	0.00e+00	0.00e+00	0.00e+00	0.00e+00	0.00e+00	0.00e+00
 1.67037e+23	9.78e-09	1.31e-04	7.72e-02	2.77e-01	3.83e-01	1.80e-01	2.54e-02	3.14e-02	2.43e-02	2.06e-03	6.85e-05	1.64e-06	0.00e+00	0.00e+00	0.00e+00	0.00e+00	0.00e+00	0.00e+00	0.00e+00
 1.68817e+23	1.30e-08	1.62e-04	8.90e-02	2.95e-01	3.78e-01	1.68e-01	2.27e-02	2.71e-02	1.94e-02	1.53e-03	4.78e-05	1.09e-06	0.00e+00	0.00e+00	0.00e+00	0.00e+00	0.00e+00	0.00e+00	0.00e+00
 1.70621e+23	1.62e-08	1.91e-04	9.91e-02	3.08e-01	3.73e-01	1.58e-01	2.06e-02	2.39e-02	1.62e-02	1.20e-03	3.58e-05	7.84e-07	0.00e+00	0.00e+00	0.00e+00	0.00e+00	0.00e+00	0.00e+00	0.00e+00
 1.72190e+23	1.99e-08	2.23e-04	1.10e-01	3.21e-01	3.66e-01	1.48e-01	1.88e-02	2.12e-02	1.36e-02	9.50e-04	2.71e-05	5.72e-07	0.00e+00	0.00e+00	0.00e+00	0.00e+00	0.00e+00	0.00e+00	0.00e+00
 1.73962e+23	2.60e-08	2.72e-04	1.24e-01	3.36e-01	3.57e-01	1.36e-01	1.66e-02	1.81e-02	1.08e-02	6.99e-04	1.88e-05	3.78e-07	0.00e+00	0.00e+00	0.00e+00	0.00e+00	0.00e+00	0.00e+00	0.00e+00
 1.75651e+23	3.11e-08	3.10e-04	1.35e-01	3.46e-01	3.49e-01	1.28e-01	1.52e-02	1.62e-02	9.24e-03	5.65e-04	1.46e-05	2.85e-07	0.00e+00	0.00e+00	0.00e+00	0.00e+00	0.00e+00	0.00e+00	0.00e+00
 1.77230e+23	3.91e-08	3.66e-04	1.50e-01	3.58e-01	3.38e-01	1.18e-01	1.36e-02	1.39e-02	7.49e-03	4.28e-04	1.05e-05	1.96e-07	0.00e+00	0.00e+00	0.00e+00	0.00e+00	0.00e+00	0.00e+00	0.00e+00
 1.78813e+23	4.65e-08	4.15e-04	1.61e-01	3.67e-01	3.29e-01	1.11e-01	1.24e-02	1.24e-02	6.36e-03	3.44e-04	8.16e-06	1.47e-07	0.00e+00	0.00e+00	0.00e+00	0.00e+00	0.00e+00	0.00e+00	0.00e+00
 1.80401e+23	5.77e-08	4.84e-04	1.77e-01	3.76e-01	3.17e-01	1.02e-01	1.10e-02	1.07e-02	5.17e-03	2.62e-04	5.92e-06	0.00e+00	0.00e+00	0.00e+00	0.00e+00	0.00e+00	0.00e+00	0.00e+00	0.00e+00
 1.82043e+23	6.96e-08	5.54e-04	1.92e-01	3.84e-01	3.05e-01	9.41e-02	9.93e-03	9.37e-03	4.29e-03	2.05e-04	4.44e-06	0.00e+00	0.00e+00	0.00e+00	0.00e+00	0.00e+00	0.00e+00	0.00e+00	0.00e+00
 1.83513e+23	8.26e-08	6.25e-04	2.06e-01	3.90e-01	2.95e-01	8.75e-02	9.00e-03	8.26e-03	3.61e-03	1.63e-04	3.40e-06	0.00e+00	0.00e+00	0.00e+00	0.00e+00	0.00e+00	0.00e+00	0.00e+00	0.00e+00
 1.85180e+23	1.03e-07	7.28e-04	2.25e-01	3.97e-01	2.80e-01	7.94e-02	7.91e-03	7.01e-03	2.88e-03	1.21e-04	2.41e-06	0.00e+00	0.00e+00	0.00e+00	0.00e+00	0.00e+00	0.00e+00	0.00e+00	0.00e+00
 1.86878e+23	1.23e-07	8.24e-04	2.41e-01	4.01e-01	2.68e-01	7.30e-02	7.08e-03	6.11e-03	2.38e-03	9.45e-05	1.81e-06	0.00e+00	0.00e+00	0.00e+00	0.00e+00	0.00e+00	0.00e+00	0.00e+00	0.00e+00
 1.88389e+23	1.45e-07	9.26e-04	2.57e-01	4.04e-01	2.56e-01	6.74e-02	6.37e-03	5.34e-03	1.99e-03	7.44e-05	1.37e-06	0.00e+00	0.00e+00	0.00e+00	0.00e+00	0.00e+00	0.00e+00	0.00e+00	0.00e+00
 1.89853e+23	1.70e-07	1.03e-03	2.73e-01	4.07e-01	2.45e-01	6.22e-02	5.75e-03	4.69e-03	1.67e-03	5.92e-05	1.05e-06	0.00e+00	0.00e+00	0.00e+00	0.00e+00	0.00e+00	0.00e+00	0.00e+00	0.00e+00
 1.91204e+23	1.96e-07	1.14e-03	2.88e-01	4.08e-01	2.34e-01	5.78e-02	5.23e-03	4.16e-03	1.42e-03	4.79e-05	8.23e-07	0.00e+00	0.00e+00	0.00e+00	0.00e+00	0.00e+00	0.00e+00	0.00e+00	0.00e+00
 1.92682e+23	2.33e-07	1.28e-03	3.06e-01	4.08e-01	2.22e-01	5.28e-02	4.65e-03	3.59e-03	1.16e-03	3.70e-05	6.12e-07	0.00e+00	0.00e+00	0.00e+00	0.00e+00	0.00e+00	0.00e+00	0.00e+00	0.00e+00
 1.94183e+23	2.69e-07	1.41e-03	3.22e-01	4.08e-01	2.11e-01	4.87e-02	4.20e-03	3.16e-03	9.81e-04	2.96e-05	4.74e-07	0.00e+00	0.00e+00	0.00e+00	0.00e+00	0.00e+00	0.00e+00	0.00e+00	0.00e+00
 1.95493e+23	3.08e-07	1.54e-03	3.37e-01	4.07e-01	2.02e-01	4.52e-02	3.82e-03	2.81e-03	8.37e-04	2.40e-05	3.73e-07	0.00e+00	0.00e+00	0.00e+00	0.00e+00	0.00e+00	0.00e+00	0.00e+00	0.00e+00
 1.96977e+23	3.63e-07	1.72e-03	3.56e-01	4.05e-01	1.90e-01	4.11e-02	3.38e-03	2.41e-03	6.84e-04	1.85e-05	2.77e-07	0.00e+00	0.00e+00	0.00e+00	0.00e+00	0.00e+00	0.00e+00	0.00e+00	0.00e+00
 1.98490e+23	4.17e-07	1.89e-03	3.72e-01	4.03e-01	1.80e-01	3.78e-02	3.05e-03	2.12e-03	5.76e-04	1.48e-05	2.14e-07	0.00e+00	0.00e+00	0.00e+00	0.00e+00	0.00e+00	0.00e+00	0.00e+00	0.00e+00
 1.99833e+23	4.77e-07	2.06e-03	3.88e-01	4.00e-01	1.71e-01	3.49e-02	2.76e-03	1.87e-03	4.87e-04	1.19e-05	1.67e-07	0.00e+00	0.00e+00	0.00e+00	0.00e+00	0.00e+00	0.00e+00	0.00e+00	0.00e+00
 2.01368e+23	5.62e-07	2.29e-03	4.07e-01	3.95e-01	1.59e-01	3.15e-02	2.43e-03	1.60e-03	3.96e-04	9.05e-06	1.23e-07	0.00e+00	0.00e+00	0.00e+00	0.00e+00	0.00e+00	0.00e+00	0.00e+00	0.00e+00
 2.02926e+23	6.43e-07	2.50e-03	4.24e-01	3.91e-01	1.50e-01	2.89e-02	2.18e-03	1.40e-03	3.32e-04	7.20e-06	0.00e+00	0.00e+00	0.00e+00	0.00e+00	0.00e+00	0.00e+00	0.00e+00	0.00e+00	0.00e+00
 2.04306e+23	7.34e-07	2.73e-03	4.40e-01	3.86e-01	1.42e-01	2.65e-02	1.96e-03	1.23e-03	2.79e-04	5.76e-06	0.00e+00	0.00e+00	0.00e+00	0.00e+00	0.00e+00	0.00e+00	0.00e+00	0.00e+00	0.00e+00
 2.05891e+23	8.65e-07	3.03e-03	4.61e-01	3.78e-01	1.31e-01	2.38e-02	1.71e-03	1.04e-03	2.25e-04	4.35e-06	0.00e+00	0.00e+00	0.00e+00	0.00e+00	0.00e+00	0.00e+00	0.00e+00	0.00e+00	0.00e+00
 2.07492e+23	9.89e-07	3.30e-03	4.78e-01	3.72e-01	1.23e-01	2.17e-02	1.53e-03	9.08e-04	1.88e-04	3.44e-06	0.00e+00	0.00e+00	0.00e+00	0.00e+00	0.00e+00	0.00e+00	0.00e+00	0.00e+00	0.00e+00
 2.08900e+23	1.13e-06	3.58e-03	4.94e-01	3.65e-01	1.15e-01	1.98e-02	1.37e-03	7.94e-04	1.58e-04	2.74e-06	0.00e+00	0.00e+00	0.00e+00	0.00e+00	0.00e+00	0.00e+00	0.00e+00	0.00e+00	0.00e+00
 2.10519e+23	1.32e-06	3.96e-03	5.15e-01	3.55e-01	1.06e-01	1.77e-02	1.20e-03	6.72e-04	1.26e-04	2.06e-06	0.00e+00	0.00e+00	0.00e+00	0.00e+00	0.00e+00	0.00e+00	0.00e+00	0.00e+00	0.00e+00
 2.12166e+23	1.51e-06	4.30e-03	5.32e-01	3.47e-01	9.90e-02	1.61e-02	1.07e-03	5.83e-04	1.05e-04	1.62e-06	0.00e+00	0.00e+00	0.00e+00	0.00e+00	0.00e+00	0.00e+00	0.00e+00	0.00e+00	0.00e+00
 2.13850e+23	1.78e-06	4.76e-03	5.53e-01	3.36e-01	9.06e-02	1.43e-02	9.22e-04	4.90e-04	8.34e-05	1.20e-06	0.00e+00	0.00e+00	0.00e+00	0.00e+00	0.00e+00	0.00e+00	0.00e+00	0.00e+00	0.00e+00
 2.15555e+23	2.04e-06	5.16e-03	5.69e-01	3.27e-01	8.40e-02	1.29e-02	8.17e-04	4.24e-04	6.88e-05	9.36e-07	0.00e+00	0.00e+00	0.00e+00	0.00e+00	0.00e+00	0.00e+00	0.00e+00	0.00e+00	0.00e+00
 2.17287e+23	2.39e-06	5.70e-03	5.90e-01	3.15e-01	7.65e-02	1.14e-02	7.04e-04	3.55e-04	5.44e-05	6.91e-07	0.00e+00	0.00e+00	0.00e+00	0.00e+00	0.00e+00	0.00e+00	0.00e+00	0.00e+00	0.00e+00
 2.19052e+23	2.74e-06	6.19e-03	6.06e-01	3.06e-01	7.05e-02	1.03e-02	6.21e-04	3.06e-04	4.46e-05	5.34e-07	0.00e+00	0.00e+00	0.00e+00	0.00e+00	0.00e+00	0.00e+00	0.00e+00	0.00e+00	0.00e+00
 2.20862e+23	3.24e-06	6.83e-03	6.27e-01	2.93e-01	6.38e-02	9.05e-03	5.32e-04	2.55e-04	3.49e-05	3.90e-07	0.00e+00	0.00e+00	0.00e+00	0.00e+00	0.00e+00	0.00e+00	0.00e+00	0.00e+00	0.00e+00
 2.22703e+23	3.71e-06	7.41e-03	6.43e-01	2.82e-01	5.86e-02	8.11e-03	4.66e-04	2.19e-04	2.84e-05	2.99e-07	0.00e+00	0.00e+00	0.00e+00	0.00e+00	0.00e+00	0.00e+00	0.00e+00	0.00e+00	0.00e+00
 2.24337e+23	4.23e-06	8.00e-03	6.58e-01	2.72e-01	5.39e-02	7.29e-03	4.11e-04	1.89e-04	2.33e-05	2.31e-07	0.00e+00	0.00e+00	0.00e+00	0.00e+00	0.00e+00	0.00e+00	0.00e+00	0.00e+00	0.00e+00
 2.25748e+23	4.65e-06	8.45e-03	6.68e-01	2.65e-01	5.07e-02	6.76e-03	3.75e-04	1.70e-04	2.02e-05	1.92e-07	0.00e+00	0.00e+00	0.00e+00	0.00e+00	0.00e+00	0.00e+00	0.00e+00	0.00e+00	0.00e+00
 2.27113e+23	5.24e-06	9.06e-03	6.82e-01	2.55e-01	4.68e-02	6.12e-03	3.33e-04	1.48e-04	1.68e-05	1.52e-07	0.00e+00	0.00e+00	0.00e+00	0.00e+00	0.00e+00	0.00e+00	0.00e+00	0.00e+00	0.00e+00
 2.28500e+23	5.78e-06	9.59e-03	6.93e-01	2.48e-01	4.39e-02	5.64e-03	3.02e-04	1.33e-04	1.44e-05	0.00e+00	0.00e+00	0.00e+00	0.00e+00	0.00e+00	0.00e+00	0.00e+00	0.00e+00	0.00e+00	0.00e+00
 2.29916e+23	6.52e-06	1.03e-02	7.06e-01	2.38e-01	4.04e-02	5.09e-03	2.68e-04	1.16e-04	1.19e-05	0.00e+00	0.00e+00	0.00e+00	0.00e+00	0.00e+00	0.00e+00	0.00e+00	0.00e+00	0.00e+00	0.00e+00
 2.31348e+23	7.20e-06	1.09e-02	7.16e-01	2.30e-01	3.78e-02	4.69e-03	2.42e-04	1.04e-04	1.02e-05	0.00e+00	0.00e+00	0.00e+00	0.00e+00	0.00e+00	0.00e+00	0.00e+00	0.00e+00	0.00e+00	0.00e+00
 2.32802e+23	8.15e-06	1.17e-02	7.29e-01	2.20e-01	3.46e-02	4.21e-03	2.14e-04	9.01e-05	8.40e-06	0.00e+00	0.00e+00	0.00e+00	0.00e+00	0.00e+00	0.00e+00	0.00e+00	0.00e+00	0.00e+00	0.00e+00
 2.34266e+23	8.98e-06	1.23e-02	7.38e-01	2.13e-01	3.23e-02	3.88e-03	1.94e-04	8.08e-05	7.19e-06	0.00e+00	0.00e+00	0.00e+00	0.00e+00	0.00e+00	0.00e+00	0.00e+00	0.00e+00	0.00e+00	0.00e+00
 2.35742e+23	1.01e-05	1.32e-02	7.50e-01	2.03e-01	2.96e-02	3.49e-03	1.71e-04	7.04e-05	5.92e-06	0.00e+00	0.00e+00	0.00e+00	0.00e+00	0.00e+00	0.00e+00	0.00e+00	0.00e+00	0.00e+00	0.00e+00
 2.37250e+23	1.12e-05	1.39e-02	7.59e-01	1.96e-01	2.76e-02	3.19e-03	1.54e-04	6.30e-05	5.03e-06	0.00e+00	0.00e+00	0.00e+00	0.00e+00	0.00e+00	0.00e+00	0.00e+00	0.00e+00	0.00e+00	0.00e+00
 2.38797e+23	1.27e-05	1.49e-02	7.71e-01	1.86e-01	2.52e-02	2.86e-03	1.35e-04	5.48e-05	4.12e-06	0.00e+00	0.00e+00	0.00e+00	0.00e+00	0.00e+00	0.00e+00	0.00e+00	0.00e+00	0.00e+00	0.00e+00
 2.40378e+23	1.41e-05	1.58e-02	7.79e-01	1.79e-01	2.33e-02	2.61e-03	1.21e-04	4.88e-05	3.46e-06	0.00e+00	0.00e+00	0.00e+00	0.00e+00	0.00e+00	0.00e+00	0.00e+00	0.00e+00	0.00e+00	0.00e+00
 2.42003e+23	1.60e-05	1.70e-02	7.91e-01	1.69e-01	2.12e-02	2.33e-03	1.06e-04	4.23e-05	2.80e-06	0.00e+00	0.00e+00	0.00e+00	0.00e+00	0.00e+00	0.00e+00	0.00e+00	0.00e+00	0.00e+00	0.00e+00
 2.43650e+23	1.78e-05	1.80e-02	7.99e-01	1.62e-01	1.95e-02	2.11e-03	9.46e-05	3.76e-05	2.35e-06	0.00e+00	0.00e+00	0.00e+00	0.00e+00	0.00e+00	0.00e+00	0.00e+00	0.00e+00	0.00e+00	0.00e+00
 2.45326e+23	2.03e-05	1.93e-02	8.09e-01	1.52e-01	1.77e-02	1.88e-03	8.23e-05	3.25e-05	1.89e-06	0.00e+00	0.00e+00	0.00e+00	0.00e+00	0.00e+00	0.00e+00	0.00e+00	0.00e+00	0.00e+00	0.00e+00
 2.47035e+23	2.27e-05	2.05e-02	8.17e-01	1.45e-01	1.62e-02	1.70e-03	7.32e-05	2.89e-05	1.57e-06	0.00e+00	0.00e+00	0.00e+00	0.00e+00	0.00e+00	0.00e+00	0.00e+00	0.00e+00	0.00e+00	0.00e+00
 2.48787e+23	2.61e-05	2.21e-02	8.27e-01	1.35e-01	1.46e-02	1.50e-03	6.31e-05	2.49e-05	1.25e-06	0.00e+00	0.00e+00	0.00e+00	0.00e+00	0.00e+00	0.00e+00	0.00e+00	0.00e+00	0.00e+00	0.00e+00
 2.50552e+23	2.91e-05	2.34e-02	8.33e-01	1.28e-01	1.34e-02	1.35e-03	5.61e-05	2.21e-05	1.04e-06	0.00e+00	0.00e+00	0.00e+00	0.00e+00	0.00e+00	0.00e+00	0.00e+00	0.00e+00	0.00e+00	0.00e+00
 2.52334e+23	3.35e-05	2.52e-02	8.42e-01	1.19e-01	1.20e-02	1.19e-03	4.83e-05	1.91e-05	8.20e-07	0.00e+00	0.00e+00	0.00e+00	0.00e+00	0.00e+00	0.00e+00	0.00e+00	0.00e+00	0.00e+00	0.00e+00
 2.54133e+23	3.74e-05	2.67e-02	8.48e-01	1.13e-01	1.10e-02	1.08e-03	4.29e-05	1.70e-05	6.79e-07	0.00e+00	0.00e+00	0.00e+00	0.00e+00	0.00e+00	0.00e+00	0.00e+00	0.00e+00	0.00e+00	0.00e+00
 2.55956e+23	4.30e-05	2.87e-02	8.56e-01	1.04e-01	9.86e-03	9.45e-04	3.69e-05	1.47e-05	5.36e-07	0.00e+00	0.00e+00	0.00e+00	0.00e+00	0.00e+00	0.00e+00	0.00e+00	0.00e+00	0.00e+00	0.00e+00
 2.57800e+23	4.84e-05	3.06e-02	8.62e-01	9.76e-02	8.99e-03	8.48e-04	3.25e-05	1.30e-05	4.40e-07	0.00e+00	0.00e+00	0.00e+00	0.00e+00	0.00e+00	0.00e+00	0.00e+00	0.00e+00	0.00e+00	0.00e+00
 2.59674e+23	5.61e-05	3.30e-02	8.69e-01	8.89e-02	8.00e-03	7.39e-04	2.77e-05	1.12e-05	3.43e-07	0.00e+00	0.00e+00	0.00e+00	0.00e+00	0.00e+00	0.00e+00	0.00e+00	0.00e+00	0.00e+00	0.00e+00
 2.61539e+23	6.30e-05	3.50e-02	8.74e-01	8.30e-02	7.31e-03	6.65e-04	2.45e-05	1.00e-05	2.83e-07	0.00e+00	0.00e+00	0.00e+00	0.00e+00	0.00e+00	0.00e+00	0.00e+00	0.00e+00	0.00e+00	0.00e+00
 2.63396e+23	7.34e-05	3.79e-02	8.80e-01	7.49e-02	6.49e-03	5.78e-04	2.08e-05	8.59e-06	2.19e-07	0.00e+00	0.00e+00	0.00e+00	0.00e+00	0.00e+00	0.00e+00	0.00e+00	0.00e+00	0.00e+00	0.00e+00
 2.65251e+23	8.26e-05	4.02e-02	8.84e-01	6.93e-02	5.92e-03	5.20e-04	1.84e-05	7.67e-06	1.80e-07	0.00e+00	0.00e+00	0.00e+00	0.00e+00	0.00e+00	0.00e+00	0.00e+00	0.00e+00	0.00e+00	0.00e+00
 2.67107e+23	9.66e-05	4.35e-02	8.89e-01	6.18e-02	5.25e-03	4.51e-04	1.56e-05	6.59e-06	1.38e-07	0.00e+00	0.00e+00	0.00e+00	0.00e+00	0.00e+00	0.00e+00	0.00e+00	0.00e+00	0.00e+00	0.00e+00
 2.68967e+23	1.09e-04	4.62e-02	8.92e-01	5.65e-02	4.78e-03	4.04e-04	1.37e-05	5.87e-06	0.00e+00	0.00e+00	0.00e+00	0.00e+00	0.00e+00	0.00e+00	0.00e+00	0.00e+00	0.00e+00	0.00e+00	0.00e+00
 2.70833e+23	1.29e-04	5.01e-02	8.96e-01	4.96e-02	4.22e-03	3.48e-04	1.16e-05	5.02e-06	0.00e+00	0.00e+00	0.00e+00	0.00e+00	0.00e+00	0.00e+00	0.00e+00	0.00e+00	0.00e+00	0.00e+00	0.00e+00
 2.72704e+23	1.47e-04	5.35e-02	8.98e-01	4.47e-02	3.82e-03	3.10e-04	1.01e-05	4.45e-06	0.00e+00	0.00e+00	0.00e+00	0.00e+00	0.00e+00	0.00e+00	0.00e+00	0.00e+00	0.00e+00	0.00e+00	0.00e+00
 2.74579e+23	1.74e-04	5.80e-02	9.00e-01	3.87e-02	3.37e-03	2.67e-04	8.54e-06	3.79e-06	0.00e+00	0.00e+00	0.00e+00	0.00e+00	0.00e+00	0.00e+00	0.00e+00	0.00e+00	0.00e+00	0.00e+00	0.00e+00
 2.76473e+23	2.02e-04	6.21e-02	9.00e-01	3.42e-02	3.03e-03	2.36e-04	7.42e-06	3.33e-06	0.00e+00	0.00e+00	0.00e+00	0.00e+00	0.00e+00	0.00e+00	0.00e+00	0.00e+00	0.00e+00	0.00e+00	0.00e+00
 2.78391e+23	2.44e-04	6.78e-02	9.00e-01	2.88e-02	2.63e-03	2.00e-04	6.18e-06	2.79e-06	0.00e+00	0.00e+00	0.00e+00	0.00e+00	0.00e+00	0.00e+00	0.00e+00	0.00e+00	0.00e+00	0.00e+00	0.00e+00
 2.80321e+23	2.86e-04	7.29e-02	8.99e-01	2.49e-02	2.35e-03	1.75e-04	5.34e-06	2.42e-06	0.00e+00	0.00e+00	0.00e+00	0.00e+00	0.00e+00	0.00e+00	0.00e+00	0.00e+00	0.00e+00	0.00e+00	0.00e+00
 2.82268e+23	3.49e-04	7.97e-02	8.97e-01	2.05e-02	2.02e-03	1.47e-04	4.43e-06	2.01e-06	0.00e+00	0.00e+00	0.00e+00	0.00e+00	0.00e+00	0.00e+00	0.00e+00	0.00e+00	0.00e+00	0.00e+00	0.00e+00
 2.84233e+23	4.19e-04	8.63e-02	8.94e-01	1.72e-02	1.77e-03	1.26e-04	3.77e-06	1.70e-06	0.00e+00	0.00e+00	0.00e+00	0.00e+00	0.00e+00	0.00e+00	0.00e+00	0.00e+00	0.00e+00	0.00e+00	0.00e+00
 2.85712e+23	4.83e-04	9.16e-02	8.91e-01	1.50e-02	1.60e-03	1.12e-04	3.34e-06	1.49e-06	0.00e+00	0.00e+00	0.00e+00	0.00e+00	0.00e+00	0.00e+00	0.00e+00	0.00e+00	0.00e+00	0.00e+00	0.00e+00
 2.87127e+23	5.69e-04	9.81e-02	8.87e-01	1.26e-02	1.41e-03	9.72e-05	2.89e-06	1.27e-06	0.00e+00	0.00e+00	0.00e+00	0.00e+00	0.00e+00	0.00e+00	0.00e+00	0.00e+00	0.00e+00	0.00e+00	0.00e+00
 2.88641e+23	6.75e-04	1.05e-01	8.82e-01	1.06e-02	1.23e-03	8.38e-05	2.50e-06	1.08e-06	0.00e+00	0.00e+00	0.00e+00	0.00e+00	0.00e+00	0.00e+00	0.00e+00	0.00e+00	0.00e+00	0.00e+00	0.00e+00
 2.90041e+23	8.00e-04	1.12e-01	8.77e-01	8.80e-03	1.08e-03	7.20e-05	2.17e-06	9.12e-07	0.00e+00	0.00e+00	0.00e+00	0.00e+00	0.00e+00	0.00e+00	0.00e+00	0.00e+00	0.00e+00	0.00e+00	0.00e+00
 2.91619e+23	1.00e-03	1.22e-01	8.69e-01	6.91e-03	8.96e-04	5.88e-05	1.79e-06	7.29e-07	0.00e+00	0.00e+00	0.00e+00	0.00e+00	0.00e+00	0.00e+00	0.00e+00	0.00e+00	0.00e+00	0.00e+00	0.00e+00
 2.93197e+23	1.24e-03	1.32e-01	8.60e-01	5.42e-03	7.46e-04	4.82e-05	1.50e-06	5.85e-07	0.00e+00	0.00e+00	0.00e+00	0.00e+00	0.00e+00	0.00e+00	0.00e+00	0.00e+00	0.00e+00	0.00e+00	0.00e+00
 2.94420e+23	1.50e-03	1.41e-01	8.53e-01	4.39e-03	6.33e-04	4.04e-05	1.28e-06	4.82e-07	0.00e+00	0.00e+00	0.00e+00	0.00e+00	0.00e+00	0.00e+00	0.00e+00	0.00e+00	0.00e+00	0.00e+00	0.00e+00
 2.95456e+23	1.79e-03	1.50e-01	8.45e-01	3.58e-03	5.38e-04	3.40e-05	1.10e-06	4.00e-07	0.00e+00	0.00e+00	0.00e+00	0.00e+00	0.00e+00	0.00e+00	0.00e+00	0.00e+00	0.00e+00	0.00e+00	0.00e+00
 2.96405e+23	2.14e-03	1.58e-01	8.36e-01	2.92e-03	4.56e-04	2.86e-05	9.46e-07	3.32e-07	0.00e+00	0.00e+00	0.00e+00	0.00e+00	0.00e+00	0.00e+00	0.00e+00	0.00e+00	0.00e+00	0.00e+00	0.00e+00
 2.97247e+23	2.55e-03	1.67e-01	8.28e-01	2.39e-03	3.87e-04	2.42e-05	8.16e-07	2.77e-07	0.00e+00	0.00e+00	0.00e+00	0.00e+00	0.00e+00	0.00e+00	0.00e+00	0.00e+00	0.00e+00	0.00e+00	0.00e+00
 2.97999e+23	3.02e-03	1.75e-01	8.19e-01	1.97e-03	3.29e-04	2.05e-05	7.06e-07	2.33e-07	0.00e+00	0.00e+00	0.00e+00	0.00e+00	0.00e+00	0.00e+00	0.00e+00	0.00e+00	0.00e+00	0.00e+00	0.00e+00
 2.98691e+23	3.59e-03	1.84e-01	8.11e-01	1.63e-03	2.79e-04	1.73e-05	6.09e-07	1.95e-07	0.00e+00	0.00e+00	0.00e+00	0.00e+00	0.00e+00	0.00e+00	0.00e+00	0.00e+00	0.00e+00	0.00e+00	0.00e+00
 2.99335e+23	4.29e-03	1.93e-01	8.01e-01	1.34e-03	2.37e-04	1.47e-05	5.25e-07	1.64e-07	0.00e+00	0.00e+00	0.00e+00	0.00e+00	0.00e+00	0.00e+00	0.00e+00	0.00e+00	0.00e+00	0.00e+00	0.00e+00
 2.99934e+23	5.09e-03	2.01e-01	7.92e-01	1.12e-03	2.02e-04	1.25e-05	4.55e-07	1.39e-07	0.00e+00	0.00e+00	0.00e+00	0.00e+00	0.00e+00	0.00e+00	0.00e+00	0.00e+00	0.00e+00	0.00e+00	0.00e+00
 3.00504e+23	6.12e-03	2.11e-01	7.82e-01	9.24e-04	1.71e-04	1.06e-05	3.92e-07	0.00e+00	0.00e+00	0.00e+00	0.00e+00	0.00e+00	0.00e+00	0.00e+00	0.00e+00	0.00e+00	0.00e+00	0.00e+00	0.00e+00
 3.01065e+23	7.45e-03	2.20e-01	7.71e-01	7.60e-04	1.44e-04	8.89e-06	3.35e-07	0.00e+00	0.00e+00	0.00e+00	0.00e+00	0.00e+00	0.00e+00	0.00e+00	0.00e+00	0.00e+00	0.00e+00	0.00e+00	0.00e+00
 3.01600e+23	9.12e-03	2.31e-01	7.60e-01	6.27e-04	1.21e-04	7.50e-06	2.87e-07	0.00e+00	0.00e+00	0.00e+00	0.00e+00	0.00e+00	0.00e+00	0.00e+00	0.00e+00	0.00e+00	0.00e+00	0.00e+00	0.00e+00
 3.02086e+23	1.11e-02	2.40e-01	7.48e-01	5.25e-04	1.03e-04	6.39e-06	2.48e-07	0.00e+00	0.00e+00	0.00e+00	0.00e+00	0.00e+00	0.00e+00	0.00e+00	0.00e+00	0.00e+00	0.00e+00	0.00e+00	0.00e+00
 3.02528e+23	1.34e-02	2.50e-01	7.36e-01	4.45e-04	8.90e-05	5.52e-06	2.17e-07	0.00e+00	0.00e+00	0.00e+00	0.00e+00	0.00e+00	0.00e+00	0.00e+00	0.00e+00	0.00e+00	0.00e+00	0.00e+00	0.00e+00
 3.02930e+23	1.60e-02	2.59e-01	7.25e-01	3.84e-04	7.78e-05	4.83e-06	1.92e-07	0.00e+00	0.00e+00	0.00e+00	0.00e+00	0.00e+00	0.00e+00	0.00e+00	0.00e+00	0.00e+00	0.00e+00	0.00e+00	0.00e+00
 3.03284e+23	1.88e-02	2.67e-01	7.14e-01	3.37e-04	6.93e-05	4.30e-06	1.72e-07	0.00e+00	0.00e+00	0.00e+00	0.00e+00	0.00e+00	0.00e+00	0.00e+00	0.00e+00	0.00e+00	0.00e+00	0.00e+00	0.00e+00
 3.03541e+23	2.11e-02	2.73e-01	7.06e-01	3.09e-04	6.40e-05	3.97e-06	1.60e-07	0.00e+00	0.00e+00	0.00e+00	0.00e+00	0.00e+00	0.00e+00	0.00e+00	0.00e+00	0.00e+00	0.00e+00	0.00e+00	0.00e+00
 3.03715e+23	2.29e-02	2.77e-01	7.00e-01	2.90e-04	6.06e-05	3.76e-06	1.52e-07	0.00e+00	0.00e+00	0.00e+00	0.00e+00	0.00e+00	0.00e+00	0.00e+00	0.00e+00	0.00e+00	0.00e+00	0.00e+00	0.00e+00
