#depth	H	H+	H2
 4.62852e+21	8.99e-07	1.00e+00	7.11e-31
 1.02523e+22	1.43e-06	1.00e+00	1.17e-30
 1.17453e+22	1.85e-06	1.00e+00	2.20e-30
 1.24917e+22	2.12e-06	1.00e+00	2.99e-30
 1.28217e+22	2.22e-06	1.00e+00	3.30e-30
 1.30082e+22	2.36e-06	1.00e+00	3.70e-30
 1.32124e+22	2.49e-06	1.00e+00	4.10e-30
 1.34152e+22	2.64e-06	1.00e+00	4.55e-30
 1.36207e+22	2.80e-06	1.00e+00	5.04e-30
 1.38238e+22	2.97e-06	1.00e+00	5.56e-30
 1.40256e+22	3.14e-06	1.00e+00	6.12e-30
 1.42282e+22	3.33e-06	1.00e+00	6.75e-30
 1.44315e+22	3.53e-06	1.00e+00	7.43e-30
 1.46350e+22	3.74e-06	1.00e+00	8.20e-30
 1.48403e+22	3.96e-06	1.00e+00	9.06e-30
 1.50470e+22	4.20e-06	1.00e+00	1.01e-29
 1.52551e+22	4.45e-06	1.00e+00	1.12e-29
 1.54661e+22	4.71e-06	1.00e+00	1.26e-29
 1.56791e+22	4.99e-06	1.00e+00	1.42e-29
 1.58959e+22	5.30e-06	1.00e+00	1.66e-29
 1.61161e+22	5.61e-06	1.00e+00	1.90e-29
 1.63179e+22	5.89e-06	1.00e+00	2.16e-29
 1.65286e+22	6.26e-06	1.00e+00	2.54e-29
 1.67422e+22	6.57e-06	1.00e+00	2.92e-29
 1.69619e+22	6.99e-06	1.00e+00	3.52e-29
 1.71833e+22	7.34e-06	1.00e+00	4.11e-29
 1.74068e+22	7.81e-06	1.00e+00	5.05e-29
 1.76307e+22	8.18e-06	1.00e+00	5.94e-29
 1.78550e+22	8.70e-06	1.00e+00	7.39e-29
 1.80816e+22	9.11e-06	1.00e+00	8.79e-29
 1.83110e+22	9.69e-06	1.00e+00	1.11e-28
 1.85432e+22	1.02e-05	1.00e+00	1.33e-28
 1.87791e+22	1.08e-05	1.00e+00	1.69e-28
 1.90190e+22	1.13e-05	1.00e+00	2.05e-28
 1.92639e+22	1.21e-05	1.00e+00	2.65e-28
 1.95140e+22	1.27e-05	1.00e+00	3.24e-28
 1.97710e+22	1.35e-05	1.00e+00	4.24e-28
 2.00341e+22	1.42e-05	1.00e+00	5.25e-28
 2.02558e+22	1.48e-05	1.00e+00	6.36e-28
 2.04948e+22	1.57e-05	1.00e+00	8.15e-28
 2.07373e+22	1.64e-05	1.00e+00	9.89e-28
 2.09476e+22	1.72e-05	1.00e+00	1.19e-27
 2.11843e+22	1.82e-05	1.00e+00	1.52e-27
 2.14195e+22	1.89e-05	1.00e+00	1.82e-27
 2.16526e+22	2.00e-05	1.00e+00	2.32e-27
 2.18891e+22	2.08e-05	1.00e+00	2.79e-27
 2.21301e+22	2.20e-05	1.00e+00	3.56e-27
 2.23753e+22	2.29e-05	1.00e+00	4.30e-27
 2.26257e+22	2.43e-05	1.00e+00	5.53e-27
 2.28799e+22	2.54e-05	1.00e+00	6.72e-27
 2.31390e+22	2.69e-05	1.00e+00	8.70e-27
 2.34044e+22	2.81e-05	1.00e+00	1.07e-26
 2.36779e+22	2.99e-05	1.00e+00	1.40e-26
 2.39582e+22	3.13e-05	1.00e+00	1.73e-26
 2.42476e+22	3.34e-05	1.00e+00	2.29e-26
 2.45396e+22	3.50e-05	1.00e+00	2.84e-26
 2.48350e+22	3.73e-05	1.00e+00	3.79e-26
 2.51336e+22	3.91e-05	1.00e+00	4.71e-26
 2.54363e+22	4.17e-05	1.00e+00	6.30e-26
 2.57314e+22	4.36e-05	1.00e+00	7.74e-26
 2.60165e+22	4.63e-05	1.00e+00	1.01e-25
 2.63151e+22	4.86e-05	1.00e+00	1.27e-25
 2.65681e+22	5.07e-05	1.00e+00	1.54e-25
 2.68338e+22	5.35e-05	1.00e+00	1.96e-25
 2.71075e+22	5.60e-05	1.00e+00	2.42e-25
 2.73516e+22	5.85e-05	1.00e+00	2.95e-25
 2.76292e+22	6.17e-05	1.00e+00	3.78e-25
 2.79186e+22	6.48e-05	1.00e+00	4.73e-25
 2.81793e+22	6.78e-05	1.00e+00	5.83e-25
 2.84740e+22	7.17e-05	1.00e+00	7.58e-25
 2.87804e+22	7.55e-05	1.00e+00	9.58e-25
 2.90554e+22	7.92e-05	1.00e+00	1.19e-24
 2.93663e+22	8.41e-05	1.00e+00	1.57e-24
 2.96873e+22	8.86e-05	1.00e+00	2.00e-24
 2.99735e+22	9.31e-05	1.00e+00	2.51e-24
 3.02978e+22	9.90e-05	1.00e+00	3.35e-24
 3.06338e+22	1.05e-04	1.00e+00	4.31e-24
 3.09352e+22	1.10e-04	1.00e+00	5.48e-24
 3.12773e+22	1.18e-04	1.00e+00	7.43e-24
 3.16303e+22	1.24e-04	1.00e+00	9.63e-24
 3.19492e+22	1.31e-04	1.00e+00	1.24e-23
 3.23152e+22	1.41e-04	1.00e+00	1.73e-23
 3.26838e+22	1.49e-04	1.00e+00	2.24e-23
 3.30555e+22	1.60e-04	1.00e+00	3.11e-23
 3.34356e+22	1.70e-04	1.00e+00	4.11e-23
 3.37702e+22	1.80e-04	1.00e+00	5.35e-23
 3.41488e+22	1.94e-04	1.00e+00	7.53e-23
 3.45362e+22	2.06e-04	1.00e+00	9.68e-23
 3.49351e+22	2.22e-04	1.00e+00	1.38e-22
 3.53404e+22	2.37e-04	1.00e+00	1.85e-22
 3.56996e+22	2.51e-04	1.00e+00	2.47e-22
 3.61125e+22	2.72e-04	1.00e+00	3.60e-22
 3.65311e+22	2.90e-04	1.00e+00	4.85e-22
 3.68953e+22	3.08e-04	1.00e+00	6.50e-22
 3.72426e+22	3.26e-04	1.00e+00	8.53e-22
 3.75727e+22	3.44e-04	1.00e+00	1.11e-21
 3.79447e+22	3.69e-04	1.00e+00	1.57e-21
 3.83164e+22	3.91e-04	1.00e+00	2.07e-21
 3.86878e+22	4.19e-04	1.00e+00	2.93e-21
 3.90658e+22	4.44e-04	1.00e+00	3.94e-21
 3.94522e+22	4.77e-04	1.00e+00	5.72e-21
 3.98416e+22	5.05e-04	9.99e-01	7.81e-21
 4.02349e+22	5.44e-04	9.99e-01	1.18e-20
 4.06286e+22	5.76e-04	9.99e-01	1.61e-20
 4.09453e+22	6.05e-04	9.99e-01	2.14e-20
 4.12795e+22	6.43e-04	9.99e-01	3.04e-20
 4.16185e+22	6.76e-04	9.99e-01	4.14e-20
 4.19167e+22	7.10e-04	9.99e-01	5.53e-20
 4.22573e+22	7.54e-04	9.99e-01	8.15e-20
 4.26020e+22	7.94e-04	9.99e-01	1.15e-19
 4.29039e+22	8.34e-04	9.99e-01	1.56e-19
 4.32483e+22	8.89e-04	9.99e-01	2.44e-19
 4.35955e+22	9.33e-04	9.99e-01	3.30e-19
 4.39462e+22	9.93e-04	9.99e-01	5.11e-19
 4.43024e+22	1.05e-03	9.99e-01	7.62e-19
 4.46159e+22	1.10e-03	9.99e-01	1.09e-18
 4.49736e+22	1.17e-03	9.99e-01	1.86e-18
 4.53391e+22	1.24e-03	9.99e-01	2.94e-18
 4.56654e+22	1.30e-03	9.99e-01	4.93e-18
 4.60404e+22	1.39e-03	9.99e-01	1.10e-17
 4.64210e+22	1.47e-03	9.99e-01	2.18e-17
 4.68090e+22	1.57e-03	9.98e-01	4.99e-17
 4.72071e+22	1.66e-03	9.98e-01	1.35e-16
 4.75592e+22	1.75e-03	9.98e-01	2.50e-16
 4.77891e+22	1.78e-03	9.98e-01	3.87e-16
 4.79191e+22	1.83e-03	9.98e-01	4.54e-16
 4.80883e+22	1.88e-03	9.98e-01	5.42e-16
 4.83081e+22	1.95e-03	9.98e-01	6.73e-16
 4.85940e+22	2.05e-03	9.98e-01	9.38e-16
 4.89656e+22	2.19e-03	9.98e-01	1.32e-15
 4.93073e+22	2.28e-03	9.98e-01	1.62e-15
 4.96103e+22	2.40e-03	9.98e-01	2.07e-15
 4.99226e+22	2.51e-03	9.97e-01	2.56e-15
 5.02030e+22	2.62e-03	9.97e-01	3.09e-15
 5.05237e+22	2.76e-03	9.97e-01	3.91e-15
 5.08499e+22	2.89e-03	9.97e-01	4.70e-15
 5.11833e+22	3.06e-03	9.97e-01	5.92e-15
 5.15190e+22	3.20e-03	9.97e-01	7.07e-15
 5.18576e+22	3.39e-03	9.97e-01	8.87e-15
 5.22023e+22	3.55e-03	9.96e-01	1.07e-14
 5.25549e+22	3.76e-03	9.96e-01	1.36e-14
 5.29134e+22	3.95e-03	9.96e-01	1.66e-14
 5.32797e+22	4.19e-03	9.96e-01	2.10e-14
 5.36536e+22	4.41e-03	9.96e-01	2.54e-14
 5.40373e+22	4.69e-03	9.95e-01	3.22e-14
 5.44327e+22	4.94e-03	9.95e-01	3.95e-14
 5.47890e+22	5.21e-03	9.95e-01	4.83e-14
 5.51981e+22	5.57e-03	9.94e-01	6.23e-14
 5.56117e+22	5.87e-03	9.94e-01	7.64e-14
 5.60310e+22	6.28e-03	9.94e-01	9.94e-14
 5.64573e+22	6.64e-03	9.93e-01	1.23e-13
 5.68927e+22	7.13e-03	9.93e-01	1.63e-13
 5.73342e+22	7.52e-03	9.92e-01	2.01e-13
 5.77833e+22	8.08e-03	9.92e-01	2.67e-13
 5.82449e+22	8.58e-03	9.91e-01	3.37e-13
 5.87227e+22	9.27e-03	9.91e-01	4.56e-13
 5.92113e+22	9.84e-03	9.90e-01	5.79e-13
 5.97141e+22	1.07e-02	9.89e-01	8.03e-13
 6.02282e+22	1.14e-02	9.89e-01	1.03e-12
 6.07573e+22	1.25e-02	9.88e-01	1.45e-12
 6.13044e+22	1.34e-02	9.87e-01	1.91e-12
 6.18749e+22	1.48e-02	9.85e-01	2.78e-12
 6.24699e+22	1.60e-02	9.84e-01	3.80e-12
 6.30860e+22	1.79e-02	9.82e-01	5.74e-12
 6.36196e+22	1.90e-02	9.81e-01	7.18e-12
 6.40565e+22	2.07e-02	9.79e-01	9.73e-12
 6.45189e+22	2.24e-02	9.78e-01	1.29e-11
 6.50145e+22	2.49e-02	9.75e-01	1.87e-11
 6.55186e+22	2.74e-02	9.73e-01	2.56e-11
 6.60336e+22	3.11e-02	9.69e-01	3.90e-11
 6.65685e+22	3.52e-02	9.65e-01	5.73e-11
 6.69941e+22	3.90e-02	9.61e-01	7.85e-11
 6.73565e+22	4.35e-02	9.56e-01	1.08e-10
 6.77721e+22	5.03e-02	9.50e-01	1.64e-10
 6.82091e+22	5.86e-02	9.41e-01	2.48e-10
 6.85953e+22	6.86e-02	9.31e-01	3.75e-10
 6.89522e+22	8.07e-02	9.19e-01	5.66e-10
 6.92866e+22	9.58e-02	9.04e-01	8.59e-10
 6.95966e+22	1.14e-01	8.86e-01	1.30e-09
 6.98796e+22	1.37e-01	8.63e-01	1.96e-09
 7.01356e+22	1.63e-01	8.37e-01	2.88e-09
 7.03683e+22	1.93e-01	8.07e-01	4.18e-09
 7.05812e+22	2.27e-01	7.73e-01	5.94e-09
 7.07150e+22	2.51e-01	7.49e-01	7.23e-09
 7.07646e+22	2.61e-01	7.39e-01	7.80e-09
 7.08044e+22	2.69e-01	7.31e-01	8.35e-09
 7.08561e+22	2.80e-01	7.20e-01	9.13e-09
 7.09169e+22	2.95e-01	7.05e-01	1.02e-08
 7.09773e+22	3.08e-01	6.92e-01	1.11e-08
 7.10363e+22	3.23e-01	6.77e-01	1.23e-08
 7.10963e+22	3.38e-01	6.62e-01	1.36e-08
 7.11553e+22	3.54e-01	6.46e-01	1.49e-08
 7.12151e+22	3.70e-01	6.30e-01	1.64e-08
 7.12770e+22	3.87e-01	6.13e-01	1.80e-08
 7.13404e+22	4.05e-01	5.95e-01	1.97e-08
 7.14054e+22	4.25e-01	5.75e-01	2.17e-08
 7.14712e+22	4.44e-01	5.56e-01	2.38e-08
 7.15383e+22	4.64e-01	5.36e-01	2.61e-08
 7.16085e+22	4.85e-01	5.15e-01	2.86e-08
 7.16821e+22	5.07e-01	4.93e-01	3.13e-08
 7.17557e+22	5.30e-01	4.70e-01	3.41e-08
 7.18130e+22	5.45e-01	4.55e-01	3.59e-08
 7.18517e+22	5.56e-01	4.44e-01	3.74e-08
 7.18890e+22	5.67e-01	4.33e-01	3.88e-08
 7.19321e+22	5.79e-01	4.21e-01	4.06e-08
 7.19790e+22	5.92e-01	4.08e-01	4.24e-08
 7.20254e+22	6.05e-01	3.95e-01	4.42e-08
 7.20707e+22	6.17e-01	3.83e-01	4.59e-08
 7.21167e+22	6.28e-01	3.72e-01	4.76e-08
 7.21639e+22	6.40e-01	3.60e-01	4.94e-08
 7.22122e+22	6.52e-01	3.48e-01	5.13e-08
 7.22605e+22	6.63e-01	3.37e-01	5.28e-08
 7.23101e+22	6.74e-01	3.26e-01	5.47e-08
 7.23616e+22	6.85e-01	3.15e-01	5.66e-08
 7.24130e+22	6.96e-01	3.04e-01	5.84e-08
 7.24643e+22	7.06e-01	2.94e-01	6.01e-08
 7.25177e+22	7.16e-01	2.84e-01	6.19e-08
 7.25736e+22	7.27e-01	2.73e-01	6.38e-08
 7.26296e+22	7.37e-01	2.63e-01	6.56e-08
 7.26864e+22	7.46e-01	2.54e-01	6.74e-08
 7.27455e+22	7.55e-01	2.45e-01	6.92e-08
 7.28068e+22	7.65e-01	2.35e-01	7.11e-08
 7.28691e+22	7.73e-01	2.27e-01	7.29e-08
 7.29328e+22	7.82e-01	2.18e-01	7.47e-08
 7.29989e+22	7.90e-01	2.10e-01	7.68e-08
 7.30665e+22	7.98e-01	2.02e-01	7.84e-08
 7.31366e+22	8.06e-01	1.94e-01	8.04e-08
 7.32101e+22	8.14e-01	1.86e-01	8.24e-08
 7.32845e+22	8.21e-01	1.79e-01	8.43e-08
 7.33602e+22	8.29e-01	1.71e-01	8.64e-08
 7.34384e+22	8.36e-01	1.64e-01	8.86e-08
 7.35181e+22	8.42e-01	1.58e-01	9.08e-08
 7.35987e+22	8.49e-01	1.51e-01	9.30e-08
 7.36808e+22	8.55e-01	1.45e-01	9.52e-08
 7.37648e+22	8.60e-01	1.40e-01	9.76e-08
 7.38492e+22	8.66e-01	1.34e-01	1.00e-07
 7.39343e+22	8.71e-01	1.29e-01	1.02e-07
 7.40218e+22	8.76e-01	1.24e-01	1.05e-07
 7.41107e+22	8.81e-01	1.19e-01	1.08e-07
 7.42005e+22	8.85e-01	1.15e-01	1.10e-07
 7.42928e+22	8.89e-01	1.11e-01	1.14e-07
 7.43877e+22	8.93e-01	1.07e-01	1.17e-07
 7.44838e+22	8.97e-01	1.03e-01	1.21e-07
 7.45811e+22	9.01e-01	9.88e-02	1.25e-07
 7.46815e+22	9.05e-01	9.51e-02	1.29e-07
 7.47845e+22	9.08e-01	9.16e-02	1.34e-07
 7.48858e+22	9.12e-01	8.83e-02	1.39e-07
 7.49819e+22	9.15e-01	8.54e-02	1.43e-07
 7.50704e+22	9.17e-01	8.29e-02	1.47e-07
 7.51525e+22	9.19e-01	8.07e-02	1.51e-07
 7.52286e+22	9.21e-01	7.87e-02	1.55e-07
 7.53020e+22	9.23e-01	7.69e-02	1.59e-07
 7.53757e+22	9.25e-01	7.51e-02	1.64e-07
 7.54481e+22	9.27e-01	7.31e-02	1.69e-07
 7.55158e+22	9.28e-01	7.15e-02	1.74e-07
 7.55789e+22	9.30e-01	7.01e-02	1.79e-07
 7.56423e+22	9.31e-01	6.86e-02	1.85e-07
 7.57035e+22	9.33e-01	6.71e-02	1.90e-07
 7.57613e+22	9.34e-01	6.58e-02	1.95e-07
 7.58186e+22	9.35e-01	6.45e-02	2.01e-07
 7.58736e+22	9.37e-01	6.33e-02	2.07e-07
 7.59254e+22	9.38e-01	6.21e-02	2.13e-07
 7.59760e+22	9.39e-01	6.10e-02	2.19e-07
 7.60253e+22	9.40e-01	5.99e-02	2.26e-07
 7.60717e+22	9.41e-01	5.89e-02	2.32e-07
 7.61139e+22	9.42e-01	5.80e-02	2.38e-07
 7.61524e+22	9.43e-01	5.72e-02	2.44e-07
 7.61873e+22	9.44e-01	5.65e-02	2.49e-07
 7.62191e+22	9.44e-01	5.58e-02	2.53e-07
 7.62481e+22	9.45e-01	5.52e-02	2.58e-07
 7.62744e+22	9.45e-01	5.47e-02	2.61e-07
 7.63033e+22	9.46e-01	5.40e-02	2.66e-07
 7.63345e+22	9.47e-01	5.33e-02	2.71e-07
 7.63628e+22	9.47e-01	5.27e-02	2.74e-07
 7.63887e+22	9.48e-01	5.22e-02	2.79e-07
 7.64121e+22	9.48e-01	5.19e-02	2.82e-07
 7.64379e+22	9.49e-01	5.12e-02	2.84e-07
 7.64713e+22	9.50e-01	5.04e-02	2.89e-07
 7.65075e+22	9.50e-01	4.96e-02	2.93e-07
 7.65403e+22	9.51e-01	4.89e-02	2.96e-07
 7.65703e+22	9.52e-01	4.84e-02	2.98e-07
 7.66030e+22	9.52e-01	4.78e-02	3.01e-07
 7.66384e+22	9.53e-01	4.71e-02	3.03e-07
 7.66706e+22	9.53e-01	4.66e-02	3.05e-07
 7.66999e+22	9.54e-01	4.61e-02	3.07e-07
 7.67266e+22	9.54e-01	4.58e-02	3.08e-07
 7.67558e+22	9.55e-01	4.52e-02	3.08e-07
 7.67938e+22	9.56e-01	4.45e-02	3.09e-07
 7.68348e+22	9.56e-01	4.37e-02	3.10e-07
 7.68721e+22	9.57e-01	4.31e-02	3.11e-07
 7.69061e+22	9.57e-01	4.27e-02	3.11e-07
 7.69370e+22	9.58e-01	4.22e-02	3.11e-07
 7.69651e+22	9.58e-01	4.18e-02	3.11e-07
 7.69959e+22	9.59e-01	4.13e-02	3.10e-07
 7.70292e+22	9.59e-01	4.07e-02	3.09e-07
 7.70595e+22	9.60e-01	4.03e-02	3.08e-07
 7.70870e+22	9.60e-01	3.99e-02	3.08e-07
 7.71121e+22	9.60e-01	3.96e-02	3.07e-07
 7.71396e+22	9.61e-01	3.91e-02	3.05e-07
 7.71753e+22	9.61e-01	3.85e-02	3.04e-07
 7.72139e+22	9.62e-01	3.78e-02	3.02e-07
 7.72489e+22	9.63e-01	3.74e-02	3.01e-07
 7.72809e+22	9.63e-01	3.70e-02	3.00e-07
 7.73099e+22	9.63e-01	3.66e-02	2.99e-07
 7.73364e+22	9.64e-01	3.63e-02	2.97e-07
 7.73653e+22	9.64e-01	3.58e-02	2.95e-07
 7.73966e+22	9.65e-01	3.54e-02	2.93e-07
 7.74251e+22	9.65e-01	3.50e-02	2.92e-07
 7.74563e+22	9.65e-01	3.46e-02	2.90e-07
 7.74900e+22	9.66e-01	3.41e-02	2.89e-07
 7.75206e+22	9.66e-01	3.38e-02	2.88e-07
 7.75485e+22	9.67e-01	3.34e-02	2.86e-07
 7.75739e+22	9.67e-01	3.33e-02	2.86e-07
 7.76017e+22	9.67e-01	3.29e-02	2.84e-07
 7.76378e+22	9.68e-01	3.25e-02	2.83e-07
 7.76768e+22	9.68e-01	3.20e-02	2.82e-07
 7.77123e+22	9.68e-01	3.16e-02	2.80e-07
 7.77447e+22	9.69e-01	3.14e-02	2.80e-07
 7.77801e+22	9.69e-01	3.10e-02	2.78e-07
 7.78183e+22	9.69e-01	3.06e-02	2.78e-07
 7.78531e+22	9.70e-01	3.02e-02	2.76e-07
 7.78912e+22	9.70e-01	2.99e-02	2.75e-07
 7.79324e+22	9.71e-01	2.94e-02	2.74e-07
 7.79698e+22	9.71e-01	2.91e-02	2.73e-07
 7.80109e+22	9.71e-01	2.87e-02	2.71e-07
 7.80552e+22	9.72e-01	2.82e-02	2.70e-07
 7.80955e+22	9.72e-01	2.79e-02	2.69e-07
 7.81322e+22	9.72e-01	2.76e-02	2.68e-07
 7.81656e+22	9.73e-01	2.74e-02	2.67e-07
 7.82021e+22	9.73e-01	2.71e-02	2.66e-07
 7.82416e+22	9.73e-01	2.67e-02	2.65e-07
 7.82776e+22	9.73e-01	2.65e-02	2.64e-07
 7.83170e+22	9.74e-01	2.61e-02	2.63e-07
 7.83595e+22	9.74e-01	2.58e-02	2.62e-07
 7.83982e+22	9.75e-01	2.54e-02	2.61e-07
 7.84334e+22	9.75e-01	2.53e-02	2.60e-07
 7.84720e+22	9.75e-01	2.50e-02	2.59e-07
 7.85136e+22	9.75e-01	2.46e-02	2.59e-07
 7.85515e+22	9.76e-01	2.44e-02	2.59e-07
 7.85931e+22	9.76e-01	2.41e-02	2.58e-07
 7.86379e+22	9.76e-01	2.37e-02	2.58e-07
 7.86787e+22	9.77e-01	2.35e-02	2.58e-07
 7.87234e+22	9.77e-01	2.32e-02	2.56e-07
 7.87717e+22	9.77e-01	2.28e-02	2.56e-07
 7.88156e+22	9.77e-01	2.26e-02	2.56e-07
 7.88638e+22	9.78e-01	2.22e-02	2.55e-07
 7.89157e+22	9.78e-01	2.19e-02	2.55e-07
 7.89630e+22	9.78e-01	2.16e-02	2.55e-07
 7.90149e+22	9.79e-01	2.13e-02	2.54e-07
 7.90708e+22	9.79e-01	2.10e-02	2.55e-07
 7.91217e+22	9.79e-01	2.07e-02	2.54e-07
 7.91680e+22	9.80e-01	2.05e-02	2.53e-07
 7.92188e+22	9.80e-01	2.02e-02	2.52e-07
 7.92736e+22	9.80e-01	1.98e-02	2.52e-07
 7.93235e+22	9.80e-01	1.96e-02	2.52e-07
 7.93781e+22	9.81e-01	1.93e-02	2.51e-07
 7.94371e+22	9.81e-01	1.90e-02	2.51e-07
 7.94908e+22	9.81e-01	1.88e-02	2.51e-07
 7.95497e+22	9.82e-01	1.85e-02	2.50e-07
 7.96132e+22	9.82e-01	1.82e-02	2.51e-07
 7.96710e+22	9.82e-01	1.79e-02	2.50e-07
 7.97236e+22	9.82e-01	1.77e-02	2.50e-07
 7.97812e+22	9.83e-01	1.75e-02	2.49e-07
 7.98434e+22	9.83e-01	1.72e-02	2.49e-07
 7.99001e+22	9.83e-01	1.70e-02	2.49e-07
 7.99621e+22	9.83e-01	1.67e-02	2.48e-07
 8.00291e+22	9.84e-01	1.64e-02	2.49e-07
 8.00900e+22	9.84e-01	1.62e-02	2.48e-07
 8.01568e+22	9.84e-01	1.59e-02	2.48e-07
 8.02290e+22	9.84e-01	1.56e-02	2.48e-07
 8.02946e+22	9.85e-01	1.54e-02	2.48e-07
 8.03543e+22	9.85e-01	1.52e-02	2.47e-07
 8.04197e+22	9.85e-01	1.50e-02	2.47e-07
 8.04904e+22	9.85e-01	1.47e-02	2.47e-07
 8.05547e+22	9.86e-01	1.45e-02	2.47e-07
 8.06251e+22	9.86e-01	1.43e-02	2.46e-07
 8.07011e+22	9.86e-01	1.40e-02	2.47e-07
 8.07704e+22	9.86e-01	1.38e-02	2.46e-07
 8.08462e+22	9.86e-01	1.36e-02	2.46e-07
 8.09281e+22	9.87e-01	1.33e-02	2.47e-07
 8.10026e+22	9.87e-01	1.31e-02	2.46e-07
 8.10842e+22	9.87e-01	1.29e-02	2.46e-07
 8.11723e+22	9.87e-01	1.26e-02	2.47e-07
 8.12525e+22	9.88e-01	1.24e-02	2.46e-07
 8.13404e+22	9.88e-01	1.22e-02	2.46e-07
 8.14353e+22	9.88e-01	1.19e-02	2.47e-07
 8.15216e+22	9.88e-01	1.17e-02	2.47e-07
 8.16002e+22	9.88e-01	1.15e-02	2.46e-07
 8.16863e+22	9.89e-01	1.13e-02	2.46e-07
 8.17982e+22	9.89e-01	1.10e-02	2.47e-07
 8.19233e+22	9.89e-01	1.07e-02	2.47e-07
 8.20465e+22	9.90e-01	1.04e-02	2.47e-07
 8.21710e+22	9.90e-01	1.02e-02	2.47e-07
 8.22984e+22	9.90e-01	9.89e-03	2.47e-07
 8.24280e+22	9.90e-01	9.63e-03	2.47e-07
 8.25590e+22	9.91e-01	9.37e-03	2.47e-07
 8.26916e+22	9.91e-01	9.12e-03	2.48e-07
 8.28258e+22	9.91e-01	8.88e-03	2.48e-07
 8.29617e+22	9.91e-01	8.63e-03	2.48e-07
 8.30991e+22	9.92e-01	8.40e-03	2.48e-07
 8.32381e+22	9.92e-01	8.16e-03	2.48e-07
 8.33786e+22	9.92e-01	7.94e-03	2.48e-07
 8.35205e+22	9.92e-01	7.71e-03	2.48e-07
 8.36638e+22	9.93e-01	7.50e-03	2.49e-07
 8.38084e+22	9.93e-01	7.28e-03	2.49e-07
 8.39542e+22	9.93e-01	7.07e-03	2.49e-07
 8.41013e+22	9.93e-01	6.87e-03	2.49e-07
 8.42499e+22	9.93e-01	6.67e-03	2.50e-07
 8.43999e+22	9.94e-01	6.47e-03	2.50e-07
 8.45512e+22	9.94e-01	6.28e-03	2.50e-07
 8.47038e+22	9.94e-01	6.10e-03	2.51e-07
 8.48577e+22	9.94e-01	5.92e-03	2.51e-07
 8.50132e+22	9.94e-01	5.74e-03	2.52e-07
 8.51726e+22	9.94e-01	5.56e-03	2.52e-07
 8.53357e+22	9.95e-01	5.39e-03	2.53e-07
 8.55002e+22	9.95e-01	5.22e-03	2.53e-07
 8.56666e+22	9.95e-01	5.06e-03	2.54e-07
 8.58348e+22	9.95e-01	4.90e-03	2.55e-07
 8.60049e+22	9.95e-01	4.74e-03	2.56e-07
 8.61770e+22	9.95e-01	4.59e-03	2.57e-07
 8.63515e+22	9.96e-01	4.44e-03	2.58e-07
 8.65290e+22	9.96e-01	4.29e-03	2.59e-07
 8.67097e+22	9.96e-01	4.15e-03	2.60e-07
 8.68953e+22	9.96e-01	4.01e-03	2.61e-07
 8.70854e+22	9.96e-01	3.87e-03	2.63e-07
 8.72784e+22	9.96e-01	3.73e-03	2.65e-07
 8.74747e+22	9.96e-01	3.60e-03	2.66e-07
 8.76745e+22	9.97e-01	3.47e-03	2.68e-07
 8.78779e+22	9.97e-01	3.34e-03	2.70e-07
 8.80852e+22	9.97e-01	3.22e-03	2.73e-07
 8.82971e+22	9.97e-01	3.10e-03	2.75e-07
 8.85143e+22	9.97e-01	2.98e-03	2.78e-07
 8.87365e+22	9.97e-01	2.86e-03	2.81e-07
 8.89634e+22	9.97e-01	2.75e-03	2.84e-07
 8.91954e+22	9.97e-01	2.64e-03	2.88e-07
 8.94332e+22	9.97e-01	2.53e-03	2.92e-07
 8.96759e+22	9.98e-01	2.42e-03	2.97e-07
 8.99215e+22	9.98e-01	2.32e-03	3.02e-07
 9.01695e+22	9.98e-01	2.22e-03	3.07e-07
 9.04204e+22	9.98e-01	2.13e-03	3.13e-07
 9.06738e+22	9.98e-01	2.04e-03	3.20e-07
 9.09296e+22	9.98e-01	1.95e-03	3.27e-07
 9.11879e+22	9.98e-01	1.87e-03	3.35e-07
 9.14487e+22	9.98e-01	1.79e-03	3.44e-07
 9.17122e+22	9.98e-01	1.71e-03	3.54e-07
 9.19785e+22	9.98e-01	1.63e-03	3.65e-07
 9.22479e+22	9.98e-01	1.56e-03	3.77e-07
 9.24769e+22	9.98e-01	1.51e-03	3.89e-07
