#depth	S	S+	S+2	S+3	S+4	S+5	S+6	S+7	S+8	S+9	S+10	S+11	S+12	S+13	S+14	S+15	S+16
 1.54284e+22	0.00e+00	0.00e+00	0.00e+00	0.00e+00	0.00e+00	0.00e+00	0.00e+00	0.00e+00	3.86e-23	1.17e-19	2.14e-16	2.05e-13	1.23e-10	7.80e-08	9.82e-05	1.75e-02	9.82e-01
 3.46817e+22	0.00e+00	0.00e+00	0.00e+00	0.00e+00	0.00e+00	0.00e+00	0.00e+00	2.12e-25	1.03e-21	2.07e-18	2.53e-15	1.60e-12	6.36e-10	2.67e-07	2.22e-04	2.62e-02	9.74e-01
 4.07957e+22	0.00e+00	0.00e+00	0.00e+00	0.00e+00	0.00e+00	0.00e+00	1.93e-28	1.86e-24	7.06e-21	1.11e-17	1.07e-14	5.27e-12	1.65e-09	5.45e-07	3.57e-04	3.32e-02	9.66e-01
 4.49161e+22	0.00e+00	0.00e+00	0.00e+00	0.00e+00	0.00e+00	0.00e+00	1.33e-27	1.05e-23	3.28e-20	4.25e-17	3.34e-14	1.36e-11	3.52e-09	9.61e-07	5.21e-04	3.99e-02	9.60e-01
 4.72052e+22	0.00e+00	0.00e+00	0.00e+00	0.00e+00	0.00e+00	7.47e-32	2.18e-27	1.63e-23	4.84e-20	5.97e-17	4.46e-14	1.73e-11	4.27e-09	1.11e-06	5.72e-04	4.18e-02	9.58e-01
 4.82582e+22	0.00e+00	0.00e+00	0.00e+00	0.00e+00	0.00e+00	1.49e-31	4.07e-27	2.86e-23	7.96e-20	9.21e-17	6.47e-14	2.35e-11	5.46e-09	1.33e-06	6.47e-04	4.44e-02	9.55e-01
 4.93764e+22	0.00e+00	0.00e+00	0.00e+00	0.00e+00	0.00e+00	2.67e-31	6.91e-27	4.60e-23	1.21e-19	1.33e-16	8.83e-14	3.05e-11	6.71e-09	1.56e-06	7.16e-04	4.66e-02	9.53e-01
 5.05794e+22	0.00e+00	0.00e+00	0.00e+00	0.00e+00	0.00e+00	5.85e-31	1.40e-26	8.68e-23	2.13e-19	2.17e-16	1.34e-13	4.31e-11	8.86e-09	1.92e-06	8.22e-04	4.99e-02	9.49e-01
 5.17944e+22	0.00e+00	0.00e+00	0.00e+00	0.00e+00	0.00e+00	1.08e-30	2.43e-26	1.42e-22	3.30e-19	3.18e-16	1.86e-13	5.64e-11	1.10e-08	2.25e-06	9.14e-04	5.25e-02	9.47e-01
 5.27783e+22	0.00e+00	0.00e+00	0.00e+00	0.00e+00	0.00e+00	1.85e-30	3.98e-26	2.21e-22	4.88e-19	4.47e-16	2.49e-13	7.18e-11	1.33e-08	2.60e-06	1.01e-03	5.50e-02	9.44e-01
 5.36570e+22	0.00e+00	0.00e+00	0.00e+00	0.00e+00	0.00e+00	3.06e-30	6.28e-26	3.33e-22	7.00e-19	6.13e-16	3.25e-13	8.97e-11	1.59e-08	2.97e-06	1.10e-03	5.74e-02	9.41e-01
 5.46461e+22	0.00e+00	0.00e+00	0.00e+00	0.00e+00	0.00e+00	5.56e-30	1.08e-25	5.39e-22	1.07e-18	8.88e-16	4.46e-13	1.16e-10	1.96e-08	3.47e-06	1.22e-03	6.04e-02	9.38e-01
 5.57062e+22	0.00e+00	0.00e+00	0.00e+00	0.00e+00	0.00e+00	1.00e-29	1.83e-25	8.70e-22	1.64e-18	1.29e-15	6.11e-13	1.51e-10	2.41e-08	4.05e-06	1.35e-03	6.34e-02	9.35e-01
 5.66410e+22	0.00e+00	0.00e+00	0.00e+00	0.00e+00	0.00e+00	1.68e-29	2.94e-25	1.33e-21	2.38e-18	1.78e-15	8.06e-13	1.90e-10	2.90e-08	4.65e-06	1.48e-03	6.63e-02	9.32e-01
 5.76386e+22	0.00e+00	0.00e+00	0.00e+00	0.00e+00	0.00e+00	3.16e-29	5.20e-25	2.21e-21	3.74e-18	2.64e-15	1.13e-12	2.51e-10	3.62e-08	5.48e-06	1.65e-03	6.99e-02	9.28e-01
 5.86686e+22	0.00e+00	0.00e+00	0.00e+00	0.00e+00	0.00e+00	5.46e-29	8.52e-25	3.45e-21	5.54e-18	3.71e-15	1.51e-12	3.19e-10	4.38e-08	6.33e-06	1.81e-03	7.31e-02	9.25e-01
 5.95910e+22	0.00e+00	0.00e+00	0.00e+00	0.00e+00	0.00e+00	9.23e-29	1.37e-24	5.28e-21	8.07e-18	5.16e-15	1.99e-12	4.03e-10	5.27e-08	7.26e-06	1.98e-03	7.64e-02	9.22e-01
 6.04984e+22	0.00e+00	0.00e+00	0.00e+00	0.00e+00	1.61e-32	1.55e-28	2.19e-24	8.04e-21	1.17e-17	7.13e-15	2.63e-12	5.06e-10	6.32e-08	8.32e-06	2.17e-03	7.97e-02	9.18e-01
 6.15360e+22	0.00e+00	0.00e+00	0.00e+00	0.00e+00	3.24e-32	2.95e-28	3.93e-24	1.36e-20	1.86e-17	1.07e-14	3.70e-12	6.71e-10	7.92e-08	9.84e-06	2.42e-03	8.40e-02	9.14e-01
 6.25175e+22	0.00e+00	0.00e+00	0.00e+00	0.00e+00	5.51e-32	4.80e-28	6.11e-24	2.01e-20	2.64e-17	1.45e-14	4.79e-12	8.33e-10	9.41e-08	1.12e-05	2.63e-03	8.75e-02	9.10e-01
 6.32773e+22	0.00e+00	0.00e+00	0.00e+00	0.00e+00	8.77e-32	7.38e-28	9.01e-24	2.85e-20	3.59e-17	1.89e-14	6.02e-12	1.01e-09	1.09e-07	1.25e-05	2.84e-03	9.06e-02	9.07e-01
 6.41163e+22	0.00e+00	0.00e+00	0.00e+00	0.00e+00	1.51e-31	1.22e-27	1.42e-23	4.28e-20	5.14e-17	2.59e-14	7.85e-12	1.25e-09	1.30e-07	1.42e-05	3.09e-03	9.43e-02	9.03e-01
 6.50274e+22	0.00e+00	0.00e+00	0.00e+00	0.00e+00	2.57e-31	1.99e-27	2.21e-23	6.37e-20	7.31e-17	3.51e-14	1.02e-11	1.55e-09	1.55e-07	1.62e-05	3.36e-03	9.82e-02	8.98e-01
 6.58791e+22	0.00e+00	0.00e+00	0.00e+00	0.00e+00	4.35e-31	3.23e-27	3.42e-23	9.43e-20	1.03e-16	4.75e-14	1.32e-11	1.92e-09	1.83e-07	1.84e-05	3.65e-03	1.02e-01	8.94e-01
 6.66786e+22	0.00e+00	0.00e+00	0.00e+00	0.00e+00	7.06e-31	5.04e-27	5.13e-23	1.36e-19	1.42e-16	6.28e-14	1.67e-11	2.34e-09	2.14e-07	2.06e-05	3.94e-03	1.06e-01	8.90e-01
 6.75635e+22	0.00e+00	0.00e+00	0.00e+00	0.00e+00	1.28e-30	8.70e-27	8.41e-23	2.11e-19	2.11e-16	8.82e-14	2.23e-11	2.97e-09	2.59e-07	2.37e-05	4.32e-03	1.10e-01	8.85e-01
 6.84799e+22	0.00e+00	0.00e+00	0.00e+00	0.00e+00	2.15e-30	1.41e-26	1.30e-22	3.11e-19	2.97e-16	1.19e-13	2.87e-11	3.66e-09	3.06e-07	2.69e-05	4.68e-03	1.15e-01	8.80e-01
 6.92973e+22	0.00e+00	0.00e+00	0.00e+00	0.00e+00	3.54e-30	2.23e-26	1.97e-22	4.52e-19	4.13e-16	1.59e-13	3.67e-11	4.48e-09	3.59e-07	3.03e-05	5.06e-03	1.19e-01	8.76e-01
 7.00884e+22	0.00e+00	0.00e+00	0.00e+00	0.00e+00	5.74e-30	3.48e-26	2.95e-22	6.50e-19	5.70e-16	2.10e-13	4.65e-11	5.45e-09	4.20e-07	3.40e-05	5.46e-03	1.23e-01	8.71e-01
 7.08230e+22	0.00e+00	0.00e+00	0.00e+00	0.00e+00	8.83e-30	5.18e-26	4.23e-22	8.96e-19	7.57e-16	2.68e-13	5.74e-11	6.48e-09	4.82e-07	3.77e-05	5.84e-03	1.27e-01	8.67e-01
 7.16154e+22	0.00e+00	0.00e+00	0.00e+00	0.00e+00	1.47e-29	8.27e-26	6.46e-22	1.31e-18	1.06e-15	3.59e-13	7.35e-11	7.94e-09	5.67e-07	4.25e-05	6.32e-03	1.32e-01	8.62e-01
 7.24494e+22	0.00e+00	0.00e+00	0.00e+00	0.00e+00	2.39e-29	1.29e-25	9.70e-22	1.89e-18	1.46e-15	4.75e-13	9.32e-11	9.67e-09	6.63e-07	4.77e-05	6.81e-03	1.37e-01	8.57e-01
 7.31833e+22	0.00e+00	0.00e+00	0.00e+00	0.00e+00	3.71e-29	1.94e-25	1.40e-21	2.62e-18	1.95e-15	6.12e-13	1.16e-10	1.15e-08	7.63e-07	5.30e-05	7.29e-03	1.41e-01	8.52e-01
 7.39830e+22	0.00e+00	0.00e+00	0.00e+00	0.00e+00	6.23e-29	3.14e-25	2.16e-21	3.86e-18	2.75e-15	8.24e-13	1.49e-10	1.42e-08	9.00e-07	5.99e-05	7.90e-03	1.46e-01	8.46e-01
 7.48062e+22	0.00e+00	0.00e+00	0.00e+00	1.07e-32	1.00e-28	4.86e-25	3.22e-21	5.52e-18	3.77e-15	1.08e-12	1.88e-10	1.72e-08	1.05e-06	6.71e-05	8.50e-03	1.51e-01	8.40e-01
 7.55104e+22	0.00e+00	0.00e+00	0.00e+00	1.68e-32	1.53e-28	7.17e-25	4.58e-21	7.56e-18	4.99e-15	1.38e-12	2.31e-10	2.04e-08	1.20e-06	7.41e-05	9.07e-03	1.56e-01	8.35e-01
 7.62767e+22	0.00e+00	0.00e+00	0.00e+00	2.86e-32	2.51e-28	1.13e-24	6.92e-21	1.09e-17	6.91e-15	1.84e-12	2.94e-10	2.49e-08	1.40e-06	8.32e-05	9.78e-03	1.61e-01	8.29e-01
 7.70951e+22	0.00e+00	0.00e+00	0.00e+00	4.79e-32	4.04e-28	1.76e-24	1.03e-20	1.56e-17	9.48e-15	2.42e-12	3.71e-10	3.02e-08	1.64e-06	9.32e-05	1.05e-02	1.66e-01	8.23e-01
 7.78368e+22	0.00e+00	0.00e+00	0.00e+00	7.72e-32	6.31e-28	2.65e-24	1.50e-20	2.18e-17	1.27e-14	3.12e-12	4.61e-10	3.61e-08	1.89e-06	1.03e-04	1.13e-02	1.71e-01	8.17e-01
 7.85026e+22	0.00e+00	0.00e+00	0.00e+00	1.18e-31	9.37e-28	3.81e-24	2.08e-20	2.94e-17	1.65e-14	3.92e-12	5.59e-10	4.24e-08	2.14e-06	1.14e-04	1.20e-02	1.76e-01	8.12e-01
 7.91209e+22	0.00e+00	0.00e+00	0.00e+00	1.76e-31	1.36e-27	5.36e-24	2.84e-20	3.87e-17	2.11e-14	4.85e-12	6.69e-10	4.91e-08	2.41e-06	1.24e-04	1.26e-02	1.81e-01	8.07e-01
 7.98314e+22	0.00e+00	0.00e+00	0.00e+00	2.83e-31	2.12e-27	8.09e-24	4.12e-20	5.40e-17	2.83e-14	6.25e-12	8.30e-10	5.87e-08	2.77e-06	1.37e-04	1.35e-02	1.86e-01	8.00e-01
 8.05971e+22	0.00e+00	0.00e+00	0.00e+00	4.59e-31	3.31e-27	1.22e-23	5.99e-20	7.56e-17	3.81e-14	8.10e-12	1.03e-09	7.03e-08	3.20e-06	1.53e-04	1.45e-02	1.92e-01	7.94e-01
 8.12872e+22	0.00e+00	0.00e+00	0.00e+00	3.83e-31	2.68e-27	9.57e-24	8.45e-20	1.03e-16	5.00e-14	1.03e-11	1.26e-09	8.29e-08	3.64e-06	1.68e-04	1.54e-02	1.97e-01	7.88e-01
 8.20369e+22	0.00e+00	0.00e+00	0.00e+00	6.44e-31	4.35e-27	1.50e-23	1.27e-19	1.48e-16	6.88e-14	1.35e-11	1.60e-09	1.01e-07	4.24e-06	1.88e-04	1.65e-02	2.03e-01	7.80e-01
 8.27977e+22	0.00e+00	0.00e+00	0.00e+00	1.03e-30	6.73e-27	2.24e-23	1.82e-19	2.05e-16	9.20e-14	1.74e-11	1.98e-09	1.20e-07	4.88e-06	2.08e-04	1.76e-02	2.09e-01	7.73e-01
 8.34335e+22	0.00e+00	0.00e+00	0.00e+00	1.55e-30	9.82e-27	3.17e-23	2.50e-19	2.72e-16	1.18e-13	2.16e-11	2.38e-09	1.40e-07	5.50e-06	2.27e-04	1.87e-02	2.14e-01	7.67e-01
 8.41204e+22	0.00e+00	0.00e+00	0.00e+00	2.48e-30	1.52e-26	4.76e-23	3.61e-19	3.77e-16	1.58e-13	2.78e-11	2.94e-09	1.66e-07	6.31e-06	2.52e-04	1.99e-02	2.20e-01	7.60e-01
 8.48638e+22	0.00e+00	0.00e+00	0.00e+00	3.99e-30	2.37e-26	7.15e-23	5.22e-19	5.25e-16	2.11e-13	3.58e-11	3.65e-09	1.99e-07	7.26e-06	2.79e-04	2.13e-02	2.26e-01	7.52e-01
 8.55425e+22	0.00e+00	0.00e+00	0.00e+00	6.08e-30	3.51e-26	1.03e-22	7.25e-19	7.05e-16	2.74e-13	4.49e-11	4.42e-09	2.32e-07	8.22e-06	3.05e-04	2.25e-02	2.32e-01	7.45e-01
 8.61702e+22	0.00e+00	0.00e+00	0.00e+00	9.10e-30	5.11e-26	1.45e-22	9.93e-19	9.33e-16	3.51e-13	5.57e-11	5.30e-09	2.70e-07	9.25e-06	3.33e-04	2.38e-02	2.37e-01	7.39e-01
 8.68697e+22	0.00e+00	0.00e+00	0.00e+00	1.46e-29	7.94e-26	2.18e-22	1.43e-18	1.30e-15	4.69e-13	7.16e-11	6.56e-09	3.21e-07	1.06e-05	3.68e-04	2.54e-02	2.44e-01	7.31e-01
 8.76063e+22	0.00e+00	0.00e+00	0.00e+00	2.30e-29	1.21e-25	3.23e-22	2.04e-18	1.78e-15	6.21e-13	9.14e-11	8.07e-09	3.81e-07	1.21e-05	4.06e-04	2.70e-02	2.50e-01	7.23e-01
 8.82540e+22	0.00e+00	0.00e+00	3.74e-33	3.48e-29	1.78e-25	4.60e-22	2.82e-18	2.37e-15	8.01e-13	1.14e-10	9.73e-09	4.44e-07	1.37e-05	4.44e-04	2.85e-02	2.56e-01	7.15e-01
 8.89589e+22	0.00e+00	0.00e+00	6.26e-33	5.64e-29	2.80e-25	6.98e-22	4.11e-18	3.33e-15	1.08e-12	1.48e-10	1.21e-08	5.32e-07	1.58e-05	4.92e-04	3.04e-02	2.62e-01	7.07e-01
 8.97074e+22	0.00e+00	0.00e+00	1.03e-32	8.99e-29	4.32e-25	1.04e-21	5.91e-18	4.61e-15	1.44e-12	1.89e-10	1.50e-08	6.33e-07	1.81e-05	5.43e-04	3.24e-02	2.69e-01	6.98e-01
 9.03608e+22	0.00e+00	0.00e+00	1.60e-32	1.36e-28	6.35e-25	1.48e-21	8.16e-18	6.15e-15	1.86e-12	2.36e-10	1.81e-08	7.39e-07	2.04e-05	5.93e-04	3.42e-02	2.75e-01	6.90e-01
 9.09548e+22	0.00e+00	0.00e+00	2.37e-32	1.97e-28	8.96e-25	2.04e-21	1.09e-17	7.96e-15	2.33e-12	2.88e-10	2.13e-08	8.47e-07	2.27e-05	6.42e-04	3.60e-02	2.80e-01	6.83e-01
 9.16231e+22	0.00e+00	0.00e+00	3.86e-32	3.11e-28	1.37e-24	3.02e-21	1.55e-17	1.09e-14	3.09e-12	3.68e-10	2.62e-08	1.00e-06	2.60e-05	7.07e-04	3.82e-02	2.87e-01	6.74e-01
 9.23367e+22	0.00e+00	0.00e+00	6.20e-32	4.86e-28	2.08e-24	4.42e-21	2.20e-17	1.49e-14	4.06e-12	4.66e-10	3.21e-08	1.18e-06	2.96e-05	7.77e-04	4.05e-02	2.94e-01	6.65e-01
 9.29842e+22	0.00e+00	0.00e+00	9.67e-32	7.38e-28	3.07e-24	6.32e-21	3.04e-17	2.00e-14	5.25e-12	5.83e-10	3.88e-08	1.38e-06	3.34e-05	8.48e-04	4.28e-02	3.00e-01	6.56e-01
 9.37007e+22	0.00e+00	0.00e+00	1.63e-31	1.21e-27	4.85e-24	9.66e-21	4.46e-17	2.82e-14	7.11e-12	7.58e-10	4.84e-08	1.66e-06	3.86e-05	9.40e-04	4.56e-02	3.07e-01	6.46e-01
 9.44563e+22	0.00e+00	0.00e+00	1.70e-31	1.22e-27	4.73e-24	1.45e-20	6.45e-17	3.92e-14	9.53e-12	9.78e-10	6.01e-08	1.98e-06	4.43e-05	1.04e-03	4.85e-02	3.14e-01	6.36e-01
 9.50939e+22	0.00e+00	0.00e+00	2.60e-31	1.82e-27	6.87e-24	2.04e-20	8.81e-17	5.18e-14	1.22e-11	1.21e-09	7.21e-08	2.30e-06	4.98e-05	1.13e-03	5.11e-02	3.20e-01	6.27e-01
 9.57541e+22	0.00e+00	0.00e+00	4.25e-31	2.88e-27	1.05e-23	3.02e-20	1.26e-16	7.14e-14	1.62e-11	1.55e-09	8.87e-08	2.73e-06	5.68e-05	1.24e-03	5.42e-02	3.27e-01	6.17e-01
 9.64548e+22	0.00e+00	0.00e+00	6.82e-31	4.48e-27	1.59e-23	4.41e-20	1.77e-16	9.71e-14	2.12e-11	1.96e-09	1.08e-07	3.22e-06	6.46e-05	1.36e-03	5.73e-02	3.34e-01	6.07e-01
 9.70867e+22	0.00e+00	0.00e+00	1.04e-30	6.67e-27	2.30e-23	6.19e-20	2.42e-16	1.28e-13	2.71e-11	2.42e-09	1.30e-07	3.73e-06	7.25e-05	1.48e-03	6.03e-02	3.40e-01	5.98e-01
 9.77862e+22	0.00e+00	0.00e+00	1.76e-30	1.09e-26	3.64e-23	9.40e-20	3.53e-16	1.80e-13	3.67e-11	3.15e-09	1.62e-07	4.47e-06	8.36e-05	1.64e-03	6.41e-02	3.47e-01	5.87e-01
 9.84941e+22	0.00e+00	0.00e+00	2.80e-30	1.68e-26	5.45e-23	1.36e-19	4.95e-16	2.44e-13	4.79e-11	3.97e-09	1.97e-07	5.26e-06	9.47e-05	1.79e-03	6.77e-02	3.54e-01	5.77e-01
 9.90851e+22	0.00e+00	0.00e+00	4.18e-30	2.46e-26	7.74e-23	1.87e-19	6.63e-16	3.17e-13	6.04e-11	4.86e-09	2.34e-07	6.05e-06	1.06e-04	1.94e-03	7.09e-02	3.59e-01	5.68e-01
 9.97257e+22	0.00e+00	0.00e+00	6.88e-30	3.92e-26	1.19e-22	2.78e-19	9.51e-16	4.38e-13	8.05e-11	6.24e-09	2.90e-07	7.20e-06	1.21e-04	2.13e-03	7.51e-02	3.66e-01	5.57e-01
 1.00395e+23	0.00e+00	0.00e+00	1.07e-29	5.91e-26	1.75e-22	3.95e-19	1.31e-15	5.82e-13	1.04e-10	7.76e-09	3.49e-07	8.38e-06	1.36e-04	2.32e-03	7.90e-02	3.72e-01	5.47e-01
 1.01008e+23	0.00e+00	0.00e+00	1.65e-29	8.90e-26	2.55e-22	5.57e-19	1.79e-15	7.73e-13	1.33e-10	9.66e-09	4.20e-07	9.76e-06	1.53e-04	2.53e-03	8.30e-02	3.78e-01	5.37e-01
 1.01710e+23	0.00e+00	0.00e+00	2.87e-29	1.49e-25	4.13e-22	8.63e-19	2.67e-15	1.11e-12	1.83e-10	1.27e-08	5.31e-07	1.18e-05	1.78e-04	2.81e-03	8.84e-02	3.85e-01	5.24e-01
 1.02419e+23	0.00e+00	0.00e+00	4.58e-29	2.31e-25	6.17e-22	1.25e-18	3.73e-15	1.49e-12	2.39e-10	1.61e-08	6.47e-07	1.39e-05	2.01e-04	3.07e-03	9.31e-02	3.91e-01	5.13e-01
 1.03009e+23	0.00e+00	0.00e+00	6.86e-29	3.37e-25	8.76e-22	1.71e-18	5.00e-15	1.94e-12	3.01e-10	1.96e-08	7.68e-07	1.60e-05	2.24e-04	3.31e-03	9.74e-02	3.96e-01	5.03e-01
 1.03647e+23	0.00e+00	2.28e-33	1.14e-28	5.43e-25	1.36e-21	2.56e-18	7.21e-15	2.70e-12	4.04e-10	2.53e-08	9.54e-07	1.91e-05	2.57e-04	3.64e-03	1.03e-01	4.02e-01	4.91e-01
 1.04300e+23	0.00e+00	3.66e-33	1.77e-28	8.17e-25	1.99e-21	3.61e-18	9.88e-15	3.59e-12	5.19e-10	3.15e-08	1.15e-06	2.23e-05	2.89e-04	3.96e-03	1.08e-01	4.07e-01	4.80e-01
 1.04877e+23	0.00e+00	5.76e-33	2.71e-28	1.21e-24	2.86e-21	5.02e-18	1.34e-14	4.71e-12	6.61e-10	3.89e-08	1.38e-06	2.58e-05	3.24e-04	4.28e-03	1.13e-01	4.12e-01	4.70e-01
 1.05531e+23	0.00e+00	1.02e-32	4.59e-28	1.99e-24	4.51e-21	7.58e-18	1.95e-14	6.62e-12	8.94e-10	5.06e-08	1.72e-06	3.11e-05	3.73e-04	4.73e-03	1.20e-01	4.18e-01	4.57e-01
 1.06174e+23	0.00e+00	1.60e-32	6.99e-28	2.94e-24	6.48e-21	1.05e-17	2.64e-14	8.68e-12	1.14e-09	6.24e-08	2.06e-06	3.60e-05	4.17e-04	5.11e-03	1.25e-01	4.23e-01	4.47e-01
 1.06712e+23	0.00e+00	2.48e-32	1.05e-27	4.30e-24	9.18e-21	1.44e-17	3.52e-14	1.13e-11	1.43e-09	7.64e-08	2.45e-06	4.14e-05	4.65e-04	5.51e-03	1.31e-01	4.27e-01	4.36e-01
 1.07322e+23	0.00e+00	4.24e-32	1.73e-27	6.84e-24	1.41e-20	2.12e-17	5.02e-14	1.55e-11	1.91e-09	9.78e-08	3.02e-06	4.93e-05	5.31e-04	6.04e-03	1.38e-01	4.32e-01	4.24e-01
 1.07946e+23	0.00e+00	6.70e-32	2.65e-27	1.01e-23	2.02e-20	2.94e-17	6.78e-14	2.04e-11	2.43e-09	1.21e-07	3.62e-06	5.71e-05	5.94e-04	6.53e-03	1.44e-01	4.36e-01	4.13e-01
 1.08502e+23	0.00e+00	1.05e-31	4.02e-27	1.50e-23	2.89e-20	4.06e-17	9.13e-14	2.66e-11	3.08e-09	1.49e-07	4.32e-06	6.60e-05	6.64e-04	7.04e-03	1.50e-01	4.39e-01	4.03e-01
 1.09135e+23	0.00e+00	1.89e-31	6.93e-27	2.48e-23	4.59e-20	6.15e-17	1.34e-13	3.76e-11	4.19e-09	1.94e-07	5.43e-06	7.98e-05	7.66e-04	7.77e-03	1.58e-01	4.44e-01	3.89e-01
 1.09765e+23	0.00e+00	2.96e-31	1.05e-26	3.65e-23	6.56e-20	8.48e-17	1.80e-13	4.91e-11	5.31e-09	2.39e-07	6.48e-06	9.22e-05	8.54e-04	8.38e-03	1.65e-01	4.47e-01	3.79e-01
 1.10300e+23	0.00e+00	4.63e-31	1.59e-26	5.36e-23	9.31e-20	1.16e-16	2.41e-13	6.39e-11	6.71e-09	2.93e-07	7.72e-06	1.06e-04	9.52e-04	9.02e-03	1.72e-01	4.50e-01	3.69e-01
 1.10817e+23	0.00e+00	6.97e-31	2.33e-26	7.63e-23	1.29e-19	1.55e-16	3.15e-13	8.14e-11	8.33e-09	3.54e-07	9.07e-06	1.21e-04	1.05e-03	9.65e-03	1.78e-01	4.52e-01	3.59e-01
 1.11402e+23	0.00e+00	1.18e-30	3.80e-26	1.20e-22	1.95e-19	2.25e-16	4.44e-13	1.11e-10	1.10e-08	4.50e-07	1.12e-05	1.44e-04	1.19e-03	1.05e-02	1.87e-01	4.54e-01	3.47e-01
 1.12002e+23	0.00e+00	1.89e-30	5.86e-26	1.79e-22	2.81e-19	3.13e-16	6.01e-13	1.46e-10	1.40e-08	5.57e-07	1.34e-05	1.67e-04	1.34e-03	1.14e-02	1.94e-01	4.57e-01	3.36e-01
 1.12526e+23	0.00e+00	2.93e-30	8.78e-26	2.61e-22	3.96e-19	4.24e-16	7.98e-13	1.89e-10	1.76e-08	6.80e-07	1.59e-05	1.92e-04	1.49e-03	1.22e-02	2.02e-01	4.58e-01	3.26e-01
 1.13112e+23	0.00e+00	5.09e-30	1.46e-25	4.18e-22	6.08e-19	6.22e-16	1.14e-12	2.61e-10	2.35e-08	8.75e-07	1.97e-05	2.29e-04	1.70e-03	1.33e-02	2.11e-01	4.60e-01	3.14e-01
 1.13691e+23	0.00e+00	7.77e-30	2.17e-25	6.00e-22	8.47e-19	8.37e-16	1.50e-12	3.35e-10	2.94e-08	1.06e-06	2.32e-05	2.62e-04	1.88e-03	1.42e-02	2.19e-01	4.61e-01	3.04e-01
 1.14261e+23	0.00e+00	1.33e-29	3.56e-25	9.49e-22	1.28e-18	1.21e-15	2.12e-12	4.58e-10	3.88e-08	1.35e-06	2.86e-05	3.11e-04	2.13e-03	1.55e-02	2.28e-01	4.61e-01	2.92e-01
 1.14841e+23	0.00e+00	2.07e-29	5.37e-25	1.39e-21	1.82e-18	1.65e-15	2.82e-12	5.94e-10	4.90e-08	1.66e-06	3.40e-05	3.58e-04	2.37e-03	1.66e-02	2.37e-01	4.61e-01	2.83e-01
 1.15347e+23	0.00e+00	3.19e-29	7.99e-25	2.00e-21	2.54e-18	2.22e-15	3.72e-12	7.63e-10	6.13e-08	2.01e-06	4.02e-05	4.10e-04	2.62e-03	1.78e-02	2.45e-01	4.61e-01	2.73e-01
 1.15918e+23	0.00e+00	5.41e-29	1.30e-24	3.14e-21	3.82e-18	3.20e-15	5.22e-12	1.04e-09	8.07e-08	2.56e-06	4.94e-05	4.84e-04	2.96e-03	1.93e-02	2.55e-01	4.61e-01	2.62e-01
 1.16501e+23	0.00e+00	8.53e-29	1.98e-24	4.62e-21	5.43e-18	4.37e-15	6.98e-12	1.35e-09	1.02e-07	3.14e-06	5.89e-05	5.59e-04	3.30e-03	2.06e-02	2.64e-01	4.60e-01	2.52e-01
 1.17012e+23	0.00e+00	1.33e-28	2.97e-24	6.71e-21	7.61e-18	5.89e-15	9.23e-12	1.74e-09	1.28e-07	3.83e-06	6.98e-05	6.42e-04	3.65e-03	2.21e-02	2.72e-01	4.58e-01	2.43e-01
 1.17506e+23	0.00e+00	2.02e-28	4.38e-24	9.59e-21	1.05e-17	7.85e-15	1.21e-11	2.23e-09	1.60e-07	4.63e-06	8.21e-05	7.33e-04	4.02e-03	2.35e-02	2.81e-01	4.57e-01	2.34e-01
 1.18065e+23	0.00e+00	3.45e-28	7.18e-24	1.51e-20	1.59e-17	1.13e-14	1.69e-11	3.03e-09	2.10e-07	5.90e-06	1.01e-04	8.67e-04	4.55e-03	2.54e-02	2.91e-01	4.55e-01	2.23e-01
 1.18634e+23	0.00e+00	5.33e-28	1.07e-23	2.18e-20	2.22e-17	1.52e-14	2.24e-11	3.90e-09	2.64e-07	7.18e-06	1.19e-04	9.93e-04	5.03e-03	2.71e-02	3.00e-01	4.52e-01	2.15e-01
 1.19217e+23	0.00e+00	9.20e-28	1.77e-23	3.47e-20	3.37e-17	2.20e-14	3.16e-11	5.35e-09	3.50e-07	9.17e-06	1.47e-04	1.18e-03	5.69e-03	2.93e-02	3.11e-01	4.49e-01	2.04e-01
 1.19816e+23	0.00e+00	1.50e-27	2.79e-23	5.24e-20	4.89e-17	3.04e-14	4.30e-11	7.09e-09	4.50e-07	1.14e-05	1.78e-04	1.37e-03	6.36e-03	3.15e-02	3.21e-01	4.45e-01	1.95e-01
 1.20319e+23	0.00e+00	2.26e-27	4.06e-23	7.39e-20	6.67e-17	4.00e-14	5.56e-11	8.97e-09	5.55e-07	1.37e-05	2.08e-04	1.55e-03	6.98e-03	3.33e-02	3.29e-01	4.42e-01	1.87e-01
 1.20857e+23	0.00e+00	3.79e-27	6.54e-23	1.14e-19	9.89e-17	5.65e-14	7.70e-11	1.21e-08	7.25e-07	1.73e-05	2.53e-04	1.82e-03	7.84e-03	3.58e-02	3.40e-01	4.37e-01	1.77e-01
 1.21401e+23	0.00e+00	5.86e-27	9.74e-23	1.65e-19	1.37e-16	7.53e-14	1.01e-10	1.55e-08	9.06e-07	2.10e-05	2.99e-04	2.08e-03	8.63e-03	3.80e-02	3.49e-01	4.33e-01	1.69e-01
 1.21874e+23	0.00e+00	8.73e-27	1.41e-22	2.30e-19	1.86e-16	9.82e-14	1.30e-10	1.95e-08	1.11e-06	2.51e-05	3.48e-04	2.36e-03	9.43e-03	4.02e-02	3.57e-01	4.28e-01	1.62e-01
 1.22318e+23	0.00e+00	1.29e-26	2.01e-22	3.18e-19	2.48e-16	1.26e-13	1.65e-10	2.43e-08	1.36e-06	2.98e-05	4.03e-04	2.65e-03	1.03e-02	4.23e-02	3.64e-01	4.24e-01	1.56e-01
 1.22729e+23	0.00e+00	1.83e-26	2.78e-22	4.28e-19	3.23e-16	1.59e-13	2.05e-10	2.97e-08	1.63e-06	3.49e-05	4.61e-04	2.96e-03	1.11e-02	4.43e-02	3.71e-01	4.20e-01	1.50e-01
 1.23105e+23	0.00e+00	2.54e-26	3.75e-22	5.61e-19	4.12e-16	1.96e-13	2.51e-10	3.57e-08	1.92e-06	4.03e-05	5.22e-04	3.27e-03	1.19e-02	4.63e-02	3.78e-01	4.16e-01	1.44e-01
 1.23457e+23	0.00e+00	3.49e-26	5.01e-22	7.30e-19	5.21e-16	2.41e-13	3.05e-10	4.27e-08	2.26e-06	4.64e-05	5.88e-04	3.59e-03	1.28e-02	4.82e-02	3.84e-01	4.11e-01	1.39e-01
 1.23857e+23	0.00e+00	5.22e-26	7.23e-22	1.02e-18	7.00e-16	3.11e-13	3.90e-10	5.36e-08	2.77e-06	5.54e-05	6.85e-04	4.06e-03	1.39e-02	5.08e-02	3.92e-01	4.06e-01	1.33e-01
 1.24244e+23	0.00e+00	7.05e-26	9.53e-22	1.31e-18	8.76e-16	3.78e-13	4.70e-10	6.36e-08	3.23e-06	6.33e-05	7.67e-04	4.45e-03	1.49e-02	5.28e-02	3.97e-01	4.01e-01	1.28e-01
 1.24564e+23	0.00e+00	9.43e-26	1.24e-21	1.67e-18	1.09e-15	4.55e-13	5.61e-10	7.49e-08	3.75e-06	7.20e-05	8.56e-04	4.86e-03	1.58e-02	5.47e-02	4.03e-01	3.97e-01	1.24e-01
 1.24930e+23	0.00e+00	1.36e-25	1.74e-21	2.25e-18	1.42e-15	5.72e-13	7.00e-10	9.20e-08	4.51e-06	8.45e-05	9.82e-04	5.42e-03	1.71e-02	5.73e-02	4.09e-01	3.91e-01	1.19e-01
 1.25305e+23	0.00e+00	1.84e-25	2.29e-21	2.89e-18	1.77e-15	6.95e-13	8.44e-10	1.09e-07	5.26e-06	9.67e-05	1.10e-03	5.93e-03	1.82e-02	5.94e-02	4.14e-01	3.87e-01	1.14e-01
 1.25625e+23	0.00e+00	2.46e-25	2.99e-21	3.67e-18	2.19e-15	8.31e-13	1.00e-09	1.28e-07	6.09e-06	1.10e-04	1.23e-03	6.47e-03	1.94e-02	6.16e-02	4.19e-01	3.82e-01	1.10e-01
 1.25924e+23	0.00e+00	3.26e-25	3.86e-21	4.62e-18	2.68e-15	9.89e-13	1.19e-09	1.50e-07	7.03e-06	1.24e-04	1.36e-03	7.04e-03	2.06e-02	6.37e-02	4.24e-01	3.77e-01	1.06e-01
 1.26260e+23	0.00e+00	4.59e-25	5.27e-21	6.11e-18	3.43e-15	1.22e-12	1.46e-09	1.82e-07	8.34e-06	1.44e-04	1.55e-03	7.79e-03	2.21e-02	6.63e-02	4.30e-01	3.71e-01	1.02e-01
 1.26606e+23	0.00e+00	6.24e-25	6.97e-21	7.85e-18	4.27e-15	1.47e-12	1.75e-09	2.16e-07	9.74e-06	1.65e-04	1.73e-03	8.53e-03	2.35e-02	6.87e-02	4.34e-01	3.65e-01	9.75e-02
 1.26906e+23	0.00e+00	8.22e-25	8.95e-21	9.83e-18	5.20e-15	1.74e-12	2.07e-09	2.51e-07	1.12e-05	1.86e-04	1.92e-03	9.25e-03	2.49e-02	7.09e-02	4.39e-01	3.60e-01	9.39e-02
 1.27184e+23	0.00e+00	1.07e-24	1.13e-20	1.21e-17	6.26e-15	2.04e-12	2.41e-09	2.90e-07	1.28e-05	2.08e-04	2.12e-03	9.99e-03	2.63e-02	7.30e-02	4.42e-01	3.55e-01	9.06e-02
 1.27449e+23	0.00e+00	1.38e-24	1.43e-20	1.50e-17	7.52e-15	2.37e-12	2.81e-09	3.35e-07	1.45e-05	2.33e-04	2.33e-03	1.08e-02	2.77e-02	7.52e-02	4.46e-01	3.50e-01	8.74e-02
 1.27754e+23	0.00e+00	1.90e-24	1.92e-20	1.94e-17	9.42e-15	2.88e-12	3.39e-09	4.00e-07	1.71e-05	2.68e-04	2.62e-03	1.18e-02	2.95e-02	7.79e-02	4.50e-01	3.44e-01	8.36e-02
 1.28064e+23	0.00e+00	2.54e-24	2.49e-20	2.44e-17	1.15e-14	3.40e-12	4.01e-09	4.68e-07	1.97e-05	3.03e-04	2.91e-03	1.29e-02	3.13e-02	8.03e-02	4.54e-01	3.38e-01	8.02e-02
 1.28331e+23	0.00e+00	3.27e-24	3.13e-20	2.99e-17	1.37e-14	3.94e-12	4.65e-09	5.38e-07	2.24e-05	3.38e-04	3.20e-03	1.38e-02	3.29e-02	8.25e-02	4.57e-01	3.33e-01	7.73e-02
 1.28624e+23	0.00e+00	4.53e-24	4.20e-20	3.88e-17	1.72e-14	4.76e-12	5.61e-09	6.43e-07	2.63e-05	3.89e-04	3.60e-03	1.52e-02	3.51e-02	8.53e-02	4.60e-01	3.27e-01	7.37e-02
 1.28927e+23	0.00e+00	6.03e-24	5.43e-20	4.88e-17	2.09e-14	5.60e-12	6.62e-09	7.51e-07	3.03e-05	4.40e-04	4.00e-03	1.65e-02	3.71e-02	8.79e-02	4.63e-01	3.20e-01	7.06e-02
 1.29193e+23	0.00e+00	7.87e-24	6.91e-20	6.03e-17	2.51e-14	6.52e-12	7.71e-09	8.68e-07	3.46e-05	4.94e-04	4.40e-03	1.78e-02	3.91e-02	9.03e-02	4.65e-01	3.15e-01	6.77e-02
 1.29493e+23	0.00e+00	1.12e-23	9.47e-20	7.95e-17	3.18e-14	7.93e-12	9.41e-09	1.05e-06	4.12e-05	5.73e-04	5.00e-03	1.97e-02	4.19e-02	9.34e-02	4.68e-01	3.07e-01	6.41e-02
 1.29796e+23	0.00e+00	1.48e-23	1.22e-19	9.94e-17	3.85e-14	9.28e-12	1.11e-08	1.22e-06	4.74e-05	6.47e-04	5.54e-03	2.13e-02	4.42e-02	9.60e-02	4.70e-01	3.01e-01	6.13e-02
 1.30055e+23	0.00e+00	1.92e-23	1.54e-19	1.22e-16	4.58e-14	1.07e-11	1.28e-08	1.41e-06	5.38e-05	7.21e-04	6.07e-03	2.29e-02	4.64e-02	9.83e-02	4.72e-01	2.95e-01	5.88e-02
 1.30342e+23	0.00e+00	2.76e-23	2.13e-19	1.61e-16	5.81e-14	1.30e-11	1.57e-08	1.71e-06	6.43e-05	8.41e-04	6.92e-03	2.54e-02	4.97e-02	1.02e-01	4.73e-01	2.87e-01	5.54e-02
 1.30624e+23	0.00e+00	3.54e-23	2.67e-19	1.96e-16	6.86e-14	1.49e-11	1.80e-08	1.95e-06	7.27e-05	9.34e-04	7.55e-03	2.72e-02	5.20e-02	1.04e-01	4.74e-01	2.81e-01	5.31e-02
 1.30900e+23	0.00e+00	5.04e-23	3.65e-19	2.58e-16	8.61e-14	1.78e-11	2.19e-08	2.35e-06	8.64e-05	1.08e-03	8.56e-03	3.00e-02	5.55e-02	1.07e-01	4.75e-01	2.73e-01	5.00e-02
 1.31171e+23	0.00e+00	6.42e-23	4.53e-19	3.11e-16	1.01e-13	2.03e-11	2.50e-08	2.68e-06	9.72e-05	1.20e-03	9.32e-03	3.20e-02	5.80e-02	1.09e-01	4.75e-01	2.67e-01	4.79e-02
 1.31435e+23	0.00e+00	9.12e-23	6.19e-19	4.06e-16	1.26e-13	2.42e-11	3.03e-08	3.22e-06	1.15e-04	1.39e-03	1.05e-02	3.52e-02	6.18e-02	1.12e-01	4.75e-01	2.59e-01	4.50e-02
 1.31699e+23	0.00e+00	1.17e-22	7.72e-19	4.92e-16	1.48e-13	2.75e-11	3.47e-08	3.67e-06	1.30e-04	1.54e-03	1.15e-02	3.76e-02	6.45e-02	1.15e-01	4.75e-01	2.53e-01	4.30e-02
 1.31962e+23	0.00e+00	1.66e-22	1.05e-18	6.42e-16	1.84e-13	3.27e-11	4.19e-08	4.41e-06	1.54e-04	1.78e-03	1.30e-02	4.14e-02	6.86e-02	1.18e-01	4.73e-01	2.44e-01	4.02e-02
 1.32227e+23	0.00e+00	2.15e-22	1.33e-18	7.82e-16	2.17e-13	3.73e-11	4.82e-08	5.06e-06	1.75e-04	1.97e-03	1.42e-02	4.43e-02	7.17e-02	1.20e-01	4.72e-01	2.38e-01	3.83e-02
 1.32494e+23	0.00e+00	3.10e-22	1.83e-18	1.03e-15	2.71e-13	4.43e-11	5.84e-08	6.11e-06	2.08e-04	2.29e-03	1.60e-02	4.87e-02	7.62e-02	1.23e-01	4.70e-01	2.29e-01	3.56e-02
 1.32763e+23	0.00e+00	4.05e-22	2.32e-18	1.26e-15	3.20e-13	5.05e-11	6.75e-08	7.02e-06	2.36e-04	2.55e-03	1.75e-02	5.22e-02	7.96e-02	1.25e-01	4.67e-01	2.22e-01	3.38e-02
 1.33035e+23	0.00e+00	5.81e-22	3.19e-18	1.65e-15	3.99e-13	5.99e-11	8.16e-08	8.45e-06	2.80e-04	2.95e-03	1.98e-02	5.72e-02	8.44e-02	1.28e-01	4.64e-01	2.13e-01	3.13e-02
 1.33304e+23	0.00e+00	7.63e-22	4.06e-18	2.02e-15	4.70e-13	6.81e-11	9.40e-08	9.72e-06	3.18e-04	3.28e-03	2.16e-02	6.12e-02	8.80e-02	1.30e-01	4.60e-01	2.06e-01	2.96e-02
 1.33570e+23	0.00e+00	1.09e-21	5.56e-18	2.63e-15	5.82e-13	8.03e-11	1.13e-07	1.17e-05	3.77e-04	3.78e-03	2.43e-02	6.68e-02	9.30e-02	1.32e-01	4.55e-01	1.97e-01	2.74e-02
 1.33840e+23	3.78e-34	1.45e-21	7.14e-18	3.25e-15	6.89e-13	9.14e-11	1.31e-07	1.35e-05	4.30e-04	4.22e-03	2.66e-02	7.16e-02	9.70e-02	1.34e-01	4.51e-01	1.90e-01	2.57e-02
 1.34116e+23	5.88e-34	2.11e-21	9.91e-18	4.27e-15	8.58e-13	1.08e-10	1.58e-07	1.62e-05	5.10e-04	4.87e-03	2.99e-02	7.82e-02	1.02e-01	1.36e-01	4.44e-01	1.81e-01	2.36e-02
 1.34394e+23	8.30e-34	2.82e-21	1.28e-17	5.29e-15	1.02e-12	1.23e-10	1.84e-07	1.88e-05	5.83e-04	5.44e-03	3.27e-02	8.37e-02	1.07e-01	1.37e-01	4.38e-01	1.73e-01	2.20e-02
 1.34677e+23	1.31e-33	4.14e-21	1.79e-17	7.00e-15	1.27e-12	1.45e-10	2.22e-07	2.27e-05	6.93e-04	6.28e-03	3.67e-02	9.13e-02	1.12e-01	1.39e-01	4.30e-01	1.64e-01	2.01e-02
 1.34961e+23	1.84e-33	5.55e-21	2.31e-17	8.67e-15	1.51e-12	1.65e-10	2.57e-07	2.62e-05	7.90e-04	7.00e-03	4.01e-02	9.74e-02	1.17e-01	1.40e-01	4.23e-01	1.57e-01	1.87e-02
 1.35207e+23	2.59e-33	7.39e-21	2.97e-17	1.07e-14	1.77e-12	1.87e-10	2.95e-07	3.00e-05	8.96e-04	7.76e-03	4.36e-02	1.04e-01	1.21e-01	1.41e-01	4.15e-01	1.50e-01	1.73e-02
 1.35484e+23	4.03e-33	1.08e-20	4.12e-17	1.40e-14	2.19e-12	2.19e-10	3.54e-07	3.59e-05	1.05e-03	8.87e-03	4.85e-02	1.12e-01	1.26e-01	1.42e-01	4.05e-01	1.40e-01	1.57e-02
 1.35761e+23	5.53e-33	1.41e-20	5.22e-17	1.70e-14	2.57e-12	2.47e-10	4.03e-07	4.09e-05	1.18e-03	9.76e-03	5.23e-02	1.19e-01	1.30e-01	1.43e-01	3.97e-01	1.34e-01	1.46e-02
 1.36037e+23	8.49e-33	2.03e-20	7.17e-17	2.21e-14	3.15e-12	2.87e-10	4.78e-07	4.84e-05	1.38e-03	1.11e-02	5.78e-02	1.27e-01	1.35e-01	1.43e-01	3.85e-01	1.26e-01	1.32e-02
 1.36316e+23	1.17e-32	2.67e-20	9.09e-17	2.70e-14	3.68e-12	3.23e-10	5.44e-07	5.49e-05	1.55e-03	1.21e-02	6.21e-02	1.34e-01	1.39e-01	1.43e-01	3.77e-01	1.19e-01	1.22e-02
 1.36600e+23	1.77e-32	3.81e-20	1.24e-16	3.49e-14	4.51e-12	3.76e-10	6.41e-07	6.46e-05	1.79e-03	1.37e-02	6.81e-02	1.43e-01	1.44e-01	1.42e-01	3.65e-01	1.11e-01	1.10e-02
 1.36892e+23	2.49e-32	5.09e-20	1.60e-16	4.30e-14	5.32e-12	4.26e-10	7.31e-07	7.35e-05	2.02e-03	1.50e-02	7.32e-02	1.51e-01	1.47e-01	1.42e-01	3.54e-01	1.05e-01	1.01e-02
 1.37193e+23	3.83e-32	7.37e-20	2.21e-16	5.62e-14	6.55e-12	4.98e-10	8.62e-07	8.66e-05	2.33e-03	1.69e-02	8.02e-02	1.61e-01	1.52e-01	1.41e-01	3.41e-01	9.75e-02	9.02e-03
 1.37501e+23	5.35e-32	9.82e-20	2.84e-16	6.92e-14	7.73e-12	5.64e-10	9.80e-07	9.82e-05	2.61e-03	1.84e-02	8.58e-02	1.68e-01	1.55e-01	1.40e-01	3.30e-01	9.17e-02	8.24e-03
 1.37816e+23	8.22e-32	1.42e-19	3.92e-16	9.04e-14	9.54e-12	6.62e-10	1.15e-06	1.15e-04	3.01e-03	2.06e-02	9.34e-02	1.78e-01	1.59e-01	1.38e-01	3.16e-01	8.45e-02	7.31e-03
 1.38140e+23	1.16e-31	1.91e-19	5.07e-16	1.12e-13	1.13e-11	7.53e-10	1.31e-06	1.30e-04	3.36e-03	2.25e-02	9.97e-02	1.86e-01	1.62e-01	1.37e-01	3.05e-01	7.90e-02	6.63e-03
 1.38430e+23	1.61e-31	2.54e-19	6.52e-16	1.38e-13	1.33e-11	8.54e-10	1.48e-06	1.47e-04	3.74e-03	2.44e-02	1.06e-01	1.94e-01	1.64e-01	1.35e-01	2.93e-01	7.38e-02	6.02e-03
 1.38762e+23	2.46e-31	3.67e-19	8.97e-16	1.80e-13	1.65e-11	1.00e-09	1.72e-06	1.71e-04	4.27e-03	2.71e-02	1.14e-01	2.03e-01	1.67e-01	1.32e-01	2.79e-01	6.75e-02	5.30e-03
 1.39098e+23	3.40e-31	4.87e-19	1.15e-15	2.22e-13	1.94e-11	1.14e-09	1.94e-06	1.92e-04	4.73e-03	2.93e-02	1.21e-01	2.11e-01	1.69e-01	1.30e-01	2.68e-01	6.29e-02	4.80e-03
 1.39440e+23	5.08e-31	6.98e-19	1.58e-15	2.89e-13	2.40e-11	1.34e-09	2.25e-06	2.21e-04	5.37e-03	3.23e-02	1.30e-01	2.20e-01	1.70e-01	1.27e-01	2.54e-01	5.73e-02	4.21e-03
 1.39772e+23	6.79e-31	8.99e-19	1.97e-15	3.48e-13	2.78e-11	1.50e-09	2.50e-06	2.45e-04	5.86e-03	3.45e-02	1.36e-01	2.26e-01	1.71e-01	1.25e-01	2.44e-01	5.36e-02	3.83e-03
 1.40091e+23	9.91e-31	1.25e-18	2.63e-15	4.42e-13	3.37e-11	1.74e-09	2.85e-06	2.78e-04	6.55e-03	3.76e-02	1.44e-01	2.34e-01	1.72e-01	1.21e-01	2.31e-01	4.90e-02	3.38e-03
 1.40417e+23	1.32e-30	1.61e-18	3.28e-15	5.33e-13	3.91e-11	1.95e-09	3.15e-06	3.06e-04	7.12e-03	4.01e-02	1.50e-01	2.40e-01	1.73e-01	1.19e-01	2.21e-01	4.57e-02	3.07e-03
 1.40750e+23	1.93e-30	2.24e-18	4.39e-15	6.80e-13	4.75e-11	2.26e-09	3.59e-06	3.47e-04	7.94e-03	4.35e-02	1.59e-01	2.48e-01	1.73e-01	1.15e-01	2.08e-01	4.15e-02	2.69e-03
 1.41088e+23	2.56e-30	2.87e-18	5.46e-15	8.17e-13	5.51e-11	2.54e-09	3.97e-06	3.81e-04	8.61e-03	4.62e-02	1.66e-01	2.53e-01	1.73e-01	1.13e-01	1.99e-01	3.87e-02	2.44e-03
 1.41433e+23	3.74e-30	4.00e-18	7.31e-15	1.04e-12	6.69e-11	2.96e-09	4.51e-06	4.31e-04	9.57e-03	4.99e-02	1.74e-01	2.60e-01	1.73e-01	1.09e-01	1.87e-01	3.50e-02	2.13e-03
 1.41771e+23	4.84e-30	5.02e-18	8.93e-15	1.24e-12	7.69e-11	3.30e-09	4.94e-06	4.69e-04	1.03e-02	5.27e-02	1.80e-01	2.64e-01	1.72e-01	1.06e-01	1.79e-01	3.26e-02	1.94e-03
 1.42102e+23	6.89e-30	6.83e-18	1.17e-14	1.55e-12	9.22e-11	3.80e-09	5.55e-06	5.25e-04	1.13e-02	5.65e-02	1.88e-01	2.70e-01	1.71e-01	1.03e-01	1.68e-01	2.96e-02	1.70e-03
 1.42439e+23	8.95e-30	8.60e-18	1.44e-14	1.84e-12	1.06e-10	4.24e-09	6.08e-06	5.71e-04	1.22e-02	5.95e-02	1.95e-01	2.74e-01	1.70e-01	9.97e-02	1.60e-01	2.75e-02	1.54e-03
 1.42785e+23	1.27e-29	1.17e-17	1.89e-14	2.32e-12	1.28e-10	4.90e-09	6.83e-06	6.38e-04	1.34e-02	6.36e-02	2.03e-01	2.79e-01	1.68e-01	9.59e-02	1.50e-01	2.49e-02	1.35e-03
 1.43138e+23	1.66e-29	1.48e-17	2.32e-14	2.77e-12	1.47e-10	5.49e-09	7.49e-06	6.94e-04	1.43e-02	6.70e-02	2.09e-01	2.82e-01	1.67e-01	9.30e-02	1.43e-01	2.30e-02	1.21e-03
 1.43500e+23	2.37e-29	2.03e-17	3.06e-14	3.49e-12	1.78e-10	6.36e-09	8.43e-06	7.74e-04	1.57e-02	7.15e-02	2.17e-01	2.86e-01	1.65e-01	8.91e-02	1.33e-01	2.07e-02	1.05e-03
 1.43868e+23	3.10e-29	2.57e-17	3.77e-14	4.17e-12	2.06e-10	7.14e-09	9.24e-06	8.42e-04	1.69e-02	7.51e-02	2.23e-01	2.89e-01	1.63e-01	8.61e-02	1.26e-01	1.91e-02	9.45e-04
 1.44244e+23	4.43e-29	3.52e-17	4.98e-14	5.28e-12	2.49e-10	8.29e-09	1.04e-05	9.39e-04	1.85e-02	8.00e-02	2.31e-01	2.92e-01	1.60e-01	8.22e-02	1.17e-01	1.71e-02	8.16e-04
 1.44627e+23	1.53e-29	4.47e-17	6.15e-14	6.32e-12	2.89e-10	9.33e-09	1.14e-05	1.02e-03	1.98e-02	8.39e-02	2.37e-01	2.94e-01	1.58e-01	7.92e-02	1.10e-01	1.57e-02	7.29e-04
 1.44964e+23	1.99e-29	5.64e-17	7.56e-14	7.54e-12	3.33e-10	1.05e-08	1.25e-05	1.11e-03	2.11e-02	8.78e-02	2.43e-01	2.96e-01	1.55e-01	7.63e-02	1.04e-01	1.44e-02	6.52e-04
 1.45345e+23	2.79e-29	7.63e-17	9.88e-14	9.45e-12	4.01e-10	1.21e-08	1.40e-05	1.23e-03	2.30e-02	9.30e-02	2.51e-01	2.98e-01	1.52e-01	7.26e-02	9.65e-02	1.29e-02	5.63e-04
 1.45727e+23	3.56e-29	9.46e-17	1.20e-13	1.12e-11	4.60e-10	1.35e-08	1.53e-05	1.32e-03	2.44e-02	9.69e-02	2.56e-01	2.99e-01	1.49e-01	6.99e-02	9.12e-02	1.19e-02	5.06e-04
 1.46108e+23	5.00e-29	1.28e-16	1.56e-13	1.40e-11	5.52e-10	1.56e-08	1.71e-05	1.46e-03	2.65e-02	1.02e-01	2.63e-01	3.00e-01	1.46e-01	6.64e-02	8.43e-02	1.06e-02	4.36e-04
 1.46495e+23	6.38e-29	1.58e-16	1.89e-13	1.65e-11	6.34e-10	1.75e-08	1.86e-05	1.58e-03	2.82e-02	1.06e-01	2.68e-01	3.00e-01	1.43e-01	6.38e-02	7.95e-02	9.74e-03	3.91e-04
 1.46890e+23	8.86e-29	2.12e-16	2.45e-13	2.06e-11	7.60e-10	2.02e-08	2.08e-05	1.74e-03	3.05e-02	1.12e-01	2.74e-01	3.00e-01	1.39e-01	6.04e-02	7.34e-02	8.68e-03	3.36e-04
 1.47297e+23	1.16e-28	2.69e-16	3.03e-13	2.47e-11	8.83e-10	2.28e-08	2.28e-05	1.89e-03	3.25e-02	1.17e-01	2.79e-01	2.99e-01	1.36e-01	5.77e-02	6.87e-02	7.90e-03	2.97e-04
 1.47722e+23	1.61e-28	3.61e-16	3.94e-13	3.09e-11	1.07e-09	2.65e-08	2.57e-05	2.09e-03	3.51e-02	1.23e-01	2.86e-01	2.98e-01	1.31e-01	5.44e-02	6.31e-02	7.00e-03	2.55e-04
 1.48160e+23	2.14e-28	4.65e-16	4.93e-13	3.75e-11	1.25e-09	3.01e-08	2.83e-05	2.27e-03	3.75e-02	1.28e-01	2.90e-01	2.97e-01	1.28e-01	5.17e-02	5.86e-02	6.31e-03	2.23e-04
 1.48619e+23	3.04e-28	6.33e-16	6.50e-13	4.76e-11	1.52e-09	3.54e-08	3.21e-05	2.52e-03	4.07e-02	1.35e-01	2.96e-01	2.95e-01	1.23e-01	4.84e-02	5.35e-02	5.55e-03	1.89e-04
 1.49091e+23	4.08e-28	8.23e-16	8.21e-13	5.82e-11	1.80e-09	4.05e-08	3.56e-05	2.75e-03	4.35e-02	1.40e-01	3.01e-01	2.93e-01	1.19e-01	4.58e-02	4.94e-02	4.96e-03	1.64e-04
 1.49581e+23	5.88e-28	1.13e-15	1.09e-12	7.47e-11	2.22e-09	4.79e-08	4.05e-05	3.06e-03	4.72e-02	1.48e-01	3.06e-01	2.90e-01	1.14e-01	4.26e-02	4.47e-02	4.32e-03	1.37e-04
 1.50089e+23	8.01e-28	1.49e-15	1.40e-12	9.23e-11	2.65e-09	5.53e-08	4.52e-05	3.36e-03	5.06e-02	1.54e-01	3.10e-01	2.87e-01	1.10e-01	4.00e-02	4.10e-02	3.83e-03	1.17e-04
 1.50550e+23	1.08e-27	1.95e-15	1.78e-12	1.13e-10	3.14e-09	6.36e-08	5.03e-05	3.67e-03	5.41e-02	1.60e-01	3.14e-01	2.83e-01	1.06e-01	3.76e-02	3.77e-02	3.41e-03	1.01e-04
 1.51078e+23	1.58e-27	2.72e-15	2.40e-12	1.47e-10	3.90e-09	7.58e-08	5.76e-05	4.10e-03	5.87e-02	1.68e-01	3.18e-01	2.79e-01	1.01e-01	3.47e-02	3.38e-02	2.93e-03	8.35e-05
 1.51617e+23	2.16e-27	3.60e-15	3.07e-12	1.82e-10	4.67e-09	8.77e-08	6.44e-05	4.49e-03	6.28e-02	1.74e-01	3.21e-01	2.74e-01	9.66e-02	3.25e-02	3.08e-02	2.58e-03	7.10e-05
 1.52098e+23	2.91e-27	4.68e-15	3.90e-12	2.24e-10	5.56e-09	1.01e-07	7.17e-05	4.90e-03	6.69e-02	1.81e-01	3.24e-01	2.70e-01	9.25e-02	3.04e-02	2.82e-02	2.28e-03	6.08e-05
 1.52651e+23	4.37e-27	6.71e-15	5.37e-12	2.95e-10	6.99e-09	1.22e-07	8.25e-05	5.49e-03	7.27e-02	1.89e-01	3.27e-01	2.64e-01	8.73e-02	2.77e-02	2.49e-02	1.93e-03	4.92e-05
 1.53208e+23	5.88e-27	8.74e-15	6.81e-12	3.63e-10	8.31e-09	1.40e-07	9.20e-05	5.98e-03	7.74e-02	1.96e-01	3.29e-01	2.59e-01	8.33e-02	2.59e-02	2.27e-02	1.70e-03	4.20e-05
 1.53770e+23	8.82e-27	1.26e-14	9.40e-12	4.79e-10	1.05e-08	1.69e-07	1.06e-04	6.69e-03	8.39e-02	2.04e-01	3.30e-01	2.52e-01	7.82e-02	2.35e-02	2.00e-02	1.43e-03	3.37e-05
 1.54339e+23	1.20e-26	1.65e-14	1.20e-11	5.94e-10	1.25e-08	1.95e-07	1.18e-04	7.30e-03	8.92e-02	2.11e-01	3.31e-01	2.46e-01	7.43e-02	2.18e-02	1.81e-02	1.25e-03	2.84e-05
 1.54917e+23	1.80e-26	2.39e-14	1.67e-11	7.86e-10	1.58e-08	2.36e-07	1.36e-04	8.17e-03	9.65e-02	2.20e-01	3.31e-01	2.38e-01	6.94e-02	1.97e-02	1.58e-02	1.04e-03	2.27e-05
 1.55469e+23	2.36e-26	3.04e-14	2.08e-11	9.50e-10	1.85e-08	2.68e-07	1.50e-04	8.81e-03	1.02e-01	2.25e-01	3.31e-01	2.33e-01	6.61e-02	1.84e-02	1.45e-02	9.24e-04	1.94e-05
 1.55988e+23	3.42e-26	4.27e-14	2.80e-11	1.23e-09	2.29e-08	3.19e-07	1.70e-04	9.74e-03	1.09e-01	2.33e-01	3.30e-01	2.26e-01	6.20e-02	1.67e-02	1.27e-02	7.80e-04	1.57e-05
 1.56507e+23	4.49e-26	5.46e-14	3.50e-11	1.49e-09	2.68e-08	3.63e-07	1.88e-04	1.05e-02	1.15e-01	2.39e-01	3.29e-01	2.20e-01	5.89e-02	1.56e-02	1.16e-02	6.87e-04	1.34e-05
 1.57029e+23	6.43e-26	7.60e-14	4.69e-11	1.91e-09	3.31e-08	4.30e-07	2.13e-04	1.16e-02	1.23e-01	2.46e-01	3.27e-01	2.12e-01	5.50e-02	1.41e-02	1.02e-02	5.79e-04	1.08e-05
 1.57562e+23	8.59e-26	9.95e-14	5.96e-11	2.35e-09	3.93e-08	4.94e-07	2.36e-04	1.25e-02	1.29e-01	2.52e-01	3.25e-01	2.06e-01	5.20e-02	1.31e-02	9.20e-03	5.03e-04	9.08e-06
 1.58110e+23	1.25e-25	1.42e-13	8.16e-11	3.08e-09	4.91e-08	5.92e-07	2.70e-04	1.39e-02	1.38e-01	2.59e-01	3.22e-01	1.98e-01	4.81e-02	1.17e-02	8.01e-03	4.18e-04	7.19e-06
 1.58660e+23	1.67e-25	1.85e-13	1.04e-10	3.78e-09	5.82e-08	6.81e-07	2.99e-04	1.50e-02	1.46e-01	2.64e-01	3.19e-01	1.92e-01	4.53e-02	1.08e-02	7.19e-03	3.62e-04	6.01e-06
 1.59214e+23	2.41e-25	2.64e-13	1.42e-10	4.96e-09	7.30e-08	8.19e-07	3.43e-04	1.66e-02	1.56e-01	2.71e-01	3.15e-01	1.83e-01	4.18e-02	9.69e-03	6.23e-03	2.99e-04	4.73e-06
 1.59779e+23	3.26e-25	3.52e-13	1.83e-10	6.17e-09	8.76e-08	9.51e-07	3.82e-04	1.81e-02	1.64e-01	2.76e-01	3.11e-01	1.77e-01	3.91e-02	8.85e-03	5.54e-03	2.55e-04	3.89e-06
 1.60357e+23	4.79e-25	5.12e-13	2.56e-10	8.21e-09	1.11e-07	1.16e-06	4.41e-04	2.01e-02	1.75e-01	2.82e-01	3.05e-01	1.68e-01	3.58e-02	7.85e-03	4.74e-03	2.07e-04	3.00e-06
 1.60945e+23	6.49e-25	6.90e-13	3.33e-10	1.03e-08	1.35e-07	1.36e-06	4.95e-04	2.19e-02	1.84e-01	2.87e-01	3.00e-01	1.61e-01	3.32e-02	7.12e-03	4.17e-03	1.75e-04	2.44e-06
 1.61546e+23	9.58e-25	1.02e-12	4.71e-10	1.39e-08	1.73e-07	1.67e-06	5.77e-04	2.45e-02	1.97e-01	2.92e-01	2.93e-01	1.52e-01	3.01e-02	6.26e-03	3.53e-03	1.40e-04	1.85e-06
 1.62160e+23	1.30e-24	1.39e-12	6.23e-10	1.77e-08	2.12e-07	1.98e-06	6.53e-04	2.68e-02	2.08e-01	2.96e-01	2.87e-01	1.45e-01	2.78e-02	5.63e-03	3.07e-03	1.17e-04	1.47e-06
 1.62768e+23	1.89e-24	2.04e-12	8.76e-10	2.38e-08	2.73e-07	2.44e-06	7.61e-04	3.00e-02	2.21e-01	3.01e-01	2.78e-01	1.36e-01	2.50e-02	4.93e-03	2.58e-03	9.31e-05	1.11e-06
 1.63346e+23	2.45e-24	2.68e-12	1.12e-09	2.95e-08	3.27e-07	2.84e-06	8.52e-04	3.25e-02	2.31e-01	3.03e-01	2.72e-01	1.30e-01	2.32e-02	4.47e-03	2.28e-03	7.88e-05	9.03e-07
 1.63905e+23	3.43e-24	3.84e-12	1.54e-09	3.91e-08	4.16e-07	3.49e-06	9.89e-04	3.61e-02	2.45e-01	3.06e-01	2.63e-01	1.22e-01	2.09e-02	3.92e-03	1.92e-03	6.30e-05	6.85e-07
 1.64474e+23	4.47e-24	5.09e-12	1.99e-09	4.89e-08	5.05e-07	4.11e-06	1.11e-03	3.94e-02	2.56e-01	3.08e-01	2.56e-01	1.16e-01	1.92e-02	3.52e-03	1.67e-03	5.26e-05	5.48e-07
 1.65033e+23	6.06e-24	7.14e-12	2.70e-09	6.41e-08	6.37e-07	5.02e-06	1.29e-03	4.37e-02	2.70e-01	3.09e-01	2.46e-01	1.08e-01	1.72e-02	3.08e-03	1.41e-03	4.21e-05	4.17e-07
 1.65602e+23	7.84e-24	9.54e-12	3.51e-09	8.10e-08	7.80e-07	5.98e-06	1.47e-03	4.78e-02	2.82e-01	3.09e-01	2.38e-01	1.02e-01	1.57e-02	2.74e-03	1.21e-03	3.46e-05	3.28e-07
 1.66158e+23	1.02e-23	1.31e-11	4.66e-09	1.05e-07	9.76e-07	7.25e-06	1.69e-03	5.28e-02	2.96e-01	3.09e-01	2.28e-01	9.47e-02	1.41e-02	2.40e-03	1.02e-03	2.78e-05	2.51e-07
 1.66725e+23	1.31e-23	1.75e-11	6.08e-09	1.33e-07	1.20e-06	8.72e-06	1.93e-03	5.79e-02	3.09e-01	3.08e-01	2.19e-01	8.83e-02	1.27e-02	2.11e-03	8.71e-04	2.25e-05	1.94e-07
 1.67287e+23	1.66e-23	2.35e-11	7.97e-09	1.70e-07	1.50e-06	1.05e-05	2.22e-03	6.38e-02	3.22e-01	3.07e-01	2.09e-01	8.20e-02	1.13e-02	1.85e-03	7.34e-04	1.81e-05	1.48e-07
 1.67852e+23	2.09e-23	3.11e-11	1.03e-08	2.16e-07	1.85e-06	1.27e-05	2.55e-03	7.01e-02	3.35e-01	3.04e-01	2.00e-01	7.59e-02	1.01e-02	1.61e-03	6.18e-04	1.45e-05	0.00e+00
 1.68410e+23	2.60e-23	4.09e-11	1.33e-08	2.73e-07	2.28e-06	1.53e-05	2.92e-03	7.69e-02	3.48e-01	3.01e-01	1.90e-01	7.01e-02	9.02e-03	1.40e-03	5.20e-04	1.16e-05	0.00e+00
 1.68967e+23	3.20e-23	5.33e-11	1.71e-08	3.44e-07	2.80e-06	1.84e-05	3.34e-03	8.42e-02	3.61e-01	2.97e-01	1.80e-01	6.46e-02	8.01e-03	1.22e-03	4.36e-04	9.31e-06	0.00e+00
 1.69525e+23	3.91e-23	6.91e-11	2.18e-08	4.32e-07	3.44e-06	2.21e-05	3.82e-03	9.21e-02	3.73e-01	2.93e-01	1.70e-01	5.93e-02	7.10e-03	1.06e-03	3.65e-04	7.41e-06	0.00e+00
 1.70086e+23	4.75e-23	8.87e-11	2.76e-08	5.41e-07	4.21e-06	2.66e-05	4.36e-03	1.01e-01	3.85e-01	2.88e-01	1.61e-01	5.42e-02	6.27e-03	9.12e-04	3.04e-04	5.89e-06	0.00e+00
 1.70650e+23	5.73e-23	1.13e-10	3.48e-08	6.75e-07	5.15e-06	3.19e-05	4.98e-03	1.10e-01	3.96e-01	2.82e-01	1.51e-01	4.95e-02	5.51e-03	7.84e-04	2.52e-04	4.66e-06	0.00e+00
 1.71220e+23	6.87e-23	1.43e-10	4.37e-08	8.41e-07	6.29e-06	3.82e-05	5.67e-03	1.20e-01	4.07e-01	2.76e-01	1.41e-01	4.49e-02	4.84e-03	6.72e-04	2.09e-04	3.67e-06	0.00e+00
 1.71796e+23	8.22e-23	1.81e-10	5.47e-08	1.04e-06	7.66e-06	4.58e-05	6.46e-03	1.30e-01	4.17e-01	2.68e-01	1.32e-01	4.07e-02	4.22e-03	5.73e-04	1.72e-04	2.88e-06	0.00e+00
 1.72375e+23	9.77e-23	2.25e-10	6.79e-08	1.29e-06	9.29e-06	5.47e-05	7.33e-03	1.41e-01	4.26e-01	2.61e-01	1.23e-01	3.67e-02	3.68e-03	4.88e-04	1.42e-04	2.26e-06	0.00e+00
 1.72964e+23	1.17e-22	2.81e-10	8.43e-08	1.59e-06	1.13e-05	6.55e-05	8.33e-03	1.53e-01	4.35e-01	2.53e-01	1.14e-01	3.30e-02	3.19e-03	4.12e-04	1.16e-04	1.76e-06	0.00e+00
 1.73560e+23	4.93e-22	3.46e-10	1.04e-07	1.96e-06	1.36e-05	7.80e-05	9.43e-03	1.65e-01	4.42e-01	2.45e-01	1.06e-01	2.96e-02	2.76e-03	3.48e-04	9.46e-05	1.37e-06	0.00e+00
 1.74167e+23	5.90e-22	4.26e-10	1.28e-07	2.41e-06	1.66e-05	9.34e-05	1.07e-02	1.78e-01	4.49e-01	2.36e-01	9.74e-02	2.63e-02	2.37e-03	2.91e-04	7.64e-05	1.05e-06	0.00e+00
 1.74732e+23	6.85e-22	5.02e-10	1.51e-07	2.85e-06	1.93e-05	1.08e-04	1.18e-02	1.89e-01	4.53e-01	2.28e-01	9.09e-02	2.39e-02	2.09e-03	2.52e-04	6.42e-05	8.46e-07	0.00e+00
 1.75314e+23	8.22e-22	6.15e-10	1.87e-07	3.52e-06	2.35e-05	1.30e-04	1.34e-02	2.04e-01	4.58e-01	2.18e-01	8.29e-02	2.10e-02	1.78e-03	2.08e-04	5.12e-05	6.39e-07	0.00e+00
