#depth	He	He+	He+2
 1.54284e+22	4.05e-15	7.30e-08	1.00e+00
 3.46817e+22	9.14e-15	1.10e-07	1.00e+00
 4.07957e+22	1.47e-14	1.39e-07	1.00e+00
 4.49161e+22	2.15e-14	1.68e-07	1.00e+00
 4.72052e+22	2.36e-14	1.76e-07	1.00e+00
 4.82582e+22	2.67e-14	1.88e-07	1.00e+00
 4.93764e+22	2.96e-14	1.97e-07	1.00e+00
 5.05794e+22	3.39e-14	2.12e-07	1.00e+00
 5.17944e+22	3.78e-14	2.23e-07	1.00e+00
 5.27783e+22	4.16e-14	2.34e-07	1.00e+00
 5.36570e+22	4.54e-14	2.45e-07	1.00e+00
 5.46461e+22	5.03e-14	2.58e-07	1.00e+00
 5.57062e+22	5.59e-14	2.71e-07	1.00e+00
 5.66410e+22	6.12e-14	2.84e-07	1.00e+00
 5.76386e+22	6.83e-14	3.00e-07	1.00e+00
 5.86686e+22	7.52e-14	3.15e-07	1.00e+00
 5.95910e+22	8.24e-14	3.30e-07	1.00e+00
 6.04984e+22	9.02e-14	3.45e-07	1.00e+00
 6.15360e+22	1.01e-13	3.65e-07	1.00e+00
 6.25175e+22	1.10e-13	3.81e-07	1.00e+00
 6.32773e+22	1.18e-13	3.95e-07	1.00e+00
 6.41163e+22	1.29e-13	4.13e-07	1.00e+00
 6.50274e+22	1.41e-13	4.31e-07	1.00e+00
 6.58791e+22	1.53e-13	4.49e-07	1.00e+00
 6.66786e+22	1.66e-13	4.67e-07	1.00e+00
 6.75635e+22	1.82e-13	4.90e-07	1.00e+00
 6.84799e+22	1.98e-13	5.10e-07	1.00e+00
 6.92973e+22	2.14e-13	5.31e-07	1.00e+00
 7.00884e+22	2.32e-13	5.52e-07	1.00e+00
 7.08230e+22	2.48e-13	5.72e-07	1.00e+00
 7.16154e+22	2.69e-13	5.95e-07	1.00e+00
 7.24494e+22	2.91e-13	6.19e-07	1.00e+00
 7.31833e+22	3.12e-13	6.41e-07	1.00e+00
 7.39830e+22	3.39e-13	6.68e-07	1.00e+00
 7.48062e+22	3.66e-13	6.94e-07	1.00e+00
 7.55104e+22	3.92e-13	7.18e-07	1.00e+00
 7.62767e+22	4.24e-13	7.46e-07	1.00e+00
 7.70951e+22	4.58e-13	7.75e-07	1.00e+00
 7.78368e+22	4.92e-13	8.03e-07	1.00e+00
 7.85026e+22	5.25e-13	8.29e-07	1.00e+00
 7.91209e+22	5.56e-13	8.54e-07	1.00e+00
 7.98314e+22	5.97e-13	8.84e-07	1.00e+00
 8.05971e+22	6.42e-13	9.17e-07	1.00e+00
 8.12872e+22	6.86e-13	9.47e-07	1.00e+00
 8.20369e+22	7.41e-13	9.84e-07	1.00e+00
 8.27977e+22	7.96e-13	1.02e-06	1.00e+00
 8.34335e+22	8.46e-13	1.05e-06	1.00e+00
 8.41204e+22	9.07e-13	1.09e-06	1.00e+00
 8.48638e+22	9.74e-13	1.13e-06	1.00e+00
 8.55425e+22	1.04e-12	1.16e-06	1.00e+00
 8.61702e+22	1.10e-12	1.20e-06	1.00e+00
 8.68697e+22	1.18e-12	1.24e-06	1.00e+00
 8.76063e+22	1.27e-12	1.28e-06	1.00e+00
 8.82540e+22	1.34e-12	1.32e-06	1.00e+00
 8.89589e+22	1.40e-12	1.37e-06	1.00e+00
 8.97074e+22	1.50e-12	1.42e-06	1.00e+00
 9.03608e+22	1.60e-12	1.46e-06	1.00e+00
 9.09548e+22	1.69e-12	1.50e-06	1.00e+00
 9.16231e+22	1.81e-12	1.55e-06	1.00e+00
 9.23367e+22	1.94e-12	1.61e-06	1.00e+00
 9.29842e+22	2.07e-12	1.66e-06	1.00e+00
 9.37007e+22	2.23e-12	1.72e-06	1.00e+00
 9.44563e+22	2.40e-12	1.78e-06	1.00e+00
 9.50939e+22	2.56e-12	1.84e-06	1.00e+00
 9.57541e+22	2.75e-12	1.90e-06	1.00e+00
 9.64548e+22	2.95e-12	1.97e-06	1.00e+00
 9.70867e+22	3.13e-12	2.02e-06	1.00e+00
 9.77862e+22	3.38e-12	2.10e-06	1.00e+00
 9.84941e+22	3.63e-12	2.17e-06	1.00e+00
 9.90851e+22	3.85e-12	2.23e-06	1.00e+00
 9.97257e+22	4.15e-12	2.32e-06	1.00e+00
 1.00395e+23	4.43e-12	2.39e-06	1.00e+00
 1.01008e+23	4.73e-12	2.47e-06	1.00e+00
 1.01710e+23	5.15e-12	2.57e-06	1.00e+00
 1.02419e+23	5.53e-12	2.66e-06	1.00e+00
 1.03009e+23	5.88e-12	2.74e-06	1.00e+00
 1.03647e+23	6.36e-12	2.84e-06	1.00e+00
 1.04300e+23	6.81e-12	2.93e-06	1.00e+00
 1.04877e+23	7.27e-12	3.03e-06	1.00e+00
 1.05531e+23	7.90e-12	3.15e-06	1.00e+00
 1.06174e+23	8.44e-12	3.25e-06	1.00e+00
 1.06712e+23	9.01e-12	3.36e-06	1.00e+00
 1.07322e+23	9.76e-12	3.48e-06	1.00e+00
 1.07946e+23	1.04e-11	3.60e-06	1.00e+00
 1.08502e+23	1.12e-11	3.72e-06	1.00e+00
 1.09135e+23	1.22e-11	3.88e-06	1.00e+00
 1.09765e+23	1.31e-11	4.01e-06	1.00e+00
 1.10300e+23	1.40e-11	4.14e-06	1.00e+00
 1.10817e+23	1.49e-11	4.26e-06	1.00e+00
 1.11402e+23	1.61e-11	4.43e-06	1.00e+00
 1.12002e+23	1.74e-11	4.59e-06	1.00e+00
 1.12526e+23	1.86e-11	4.74e-06	1.00e+00
 1.13112e+23	2.03e-11	4.94e-06	1.00e+00
 1.13691e+23	2.16e-11	5.10e-06	1.00e+00
 1.14261e+23	2.36e-11	5.31e-06	1.00e+00
 1.14841e+23	2.53e-11	5.49e-06	1.00e+00
 1.15347e+23	2.70e-11	5.68e-06	1.00e+00
 1.15918e+23	2.94e-11	5.91e-06	1.00e+00
 1.16501e+23	3.16e-11	6.12e-06	1.00e+00
 1.17012e+23	3.39e-11	6.34e-06	1.00e+00
 1.17506e+23	3.63e-11	6.55e-06	1.00e+00
 1.18065e+23	3.96e-11	6.83e-06	1.00e+00
 1.18634e+23	4.25e-11	7.07e-06	1.00e+00
 1.19217e+23	4.65e-11	7.38e-06	1.00e+00
 1.19816e+23	5.04e-11	7.68e-06	1.00e+00
 1.20319e+23	5.39e-11	7.94e-06	1.00e+00
 1.20857e+23	5.88e-11	8.28e-06	1.00e+00
 1.21401e+23	6.32e-11	8.58e-06	1.00e+00
 1.21874e+23	6.75e-11	8.86e-06	1.00e+00
 1.22318e+23	7.22e-11	9.16e-06	1.00e+00
 1.22729e+23	7.67e-11	9.43e-06	1.00e+00
 1.23105e+23	8.11e-11	9.70e-06	1.00e+00
 1.23457e+23	8.56e-11	9.97e-06	1.00e+00
 1.23857e+23	9.18e-11	1.03e-05	1.00e+00
 1.24244e+23	9.67e-11	1.06e-05	1.00e+00
 1.24564e+23	1.02e-10	1.09e-05	1.00e+00
 1.24930e+23	1.08e-10	1.12e-05	1.00e+00
 1.25305e+23	1.14e-10	1.15e-05	1.00e+00
 1.25625e+23	1.20e-10	1.18e-05	1.00e+00
 1.25924e+23	1.27e-10	1.21e-05	1.00e+00
 1.26260e+23	1.35e-10	1.25e-05	1.00e+00
 1.26606e+23	1.42e-10	1.29e-05	1.00e+00
 1.26906e+23	1.50e-10	1.32e-05	1.00e+00
 1.27184e+23	1.57e-10	1.35e-05	1.00e+00
 1.27449e+23	1.64e-10	1.39e-05	1.00e+00
 1.27754e+23	1.74e-10	1.43e-05	1.00e+00
 1.28064e+23	1.84e-10	1.47e-05	1.00e+00
 1.28331e+23	1.93e-10	1.51e-05	1.00e+00
 1.28624e+23	2.05e-10	1.56e-05	1.00e+00
 1.28927e+23	2.16e-10	1.60e-05	1.00e+00
 1.29193e+23	2.28e-10	1.64e-05	1.00e+00
 1.29493e+23	2.43e-10	1.70e-05	1.00e+00
 1.29796e+23	2.57e-10	1.76e-05	1.00e+00
 1.30055e+23	2.70e-10	1.80e-05	1.00e+00
 1.30342e+23	2.90e-10	1.87e-05	1.00e+00
 1.30624e+23	3.05e-10	1.92e-05	1.00e+00
 1.30900e+23	3.27e-10	2.00e-05	1.00e+00
 1.31171e+23	3.43e-10	2.05e-05	1.00e+00
 1.31435e+23	3.68e-10	2.13e-05	1.00e+00
 1.31699e+23	3.86e-10	2.19e-05	1.00e+00
 1.31962e+23	4.15e-10	2.28e-05	1.00e+00
 1.32227e+23	4.37e-10	2.35e-05	1.00e+00
 1.32494e+23	4.71e-10	2.46e-05	1.00e+00
 1.32763e+23	4.97e-10	2.53e-05	1.00e+00
 1.33035e+23	5.35e-10	2.64e-05	1.00e+00
 1.33304e+23	5.66e-10	2.73e-05	1.00e+00
 1.33570e+23	6.09e-10	2.85e-05	1.00e+00
 1.33840e+23	6.46e-10	2.95e-05	1.00e+00
 1.34116e+23	6.97e-10	3.09e-05	1.00e+00
 1.34394e+23	7.41e-10	3.21e-05	1.00e+00
 1.34677e+23	8.01e-10	3.37e-05	1.00e+00
 1.34961e+23	8.51e-10	3.50e-05	1.00e+00
 1.35207e+23	9.02e-10	3.63e-05	1.00e+00
 1.35484e+23	9.74e-10	3.81e-05	1.00e+00
 1.35761e+23	1.03e-09	3.94e-05	1.00e+00
 1.36037e+23	1.11e-09	4.14e-05	1.00e+00
 1.36316e+23	1.17e-09	4.28e-05	1.00e+00
 1.36600e+23	1.26e-09	4.49e-05	1.00e+00
 1.36892e+23	1.33e-09	4.66e-05	1.00e+00
 1.37193e+23	1.43e-09	4.89e-05	1.00e+00
 1.37501e+23	1.51e-09	5.08e-05	1.00e+00
 1.37816e+23	1.62e-09	5.34e-05	1.00e+00
 1.38140e+23	1.71e-09	5.55e-05	1.00e+00
 1.38430e+23	1.81e-09	5.76e-05	1.00e+00
 1.38762e+23	1.94e-09	6.04e-05	1.00e+00
 1.39098e+23	2.04e-09	6.27e-05	1.00e+00
 1.39440e+23	2.18e-09	6.58e-05	1.00e+00
 1.39772e+23	2.28e-09	6.80e-05	1.00e+00
 1.40091e+23	2.42e-09	7.10e-05	1.00e+00
 1.40417e+23	2.53e-09	7.34e-05	1.00e+00
 1.40750e+23	2.69e-09	7.67e-05	1.00e+00
 1.41088e+23	2.81e-09	7.92e-05	1.00e+00
 1.41433e+23	2.97e-09	8.28e-05	1.00e+00
 1.41771e+23	3.09e-09	8.52e-05	1.00e+00
 1.42102e+23	3.26e-09	8.88e-05	1.00e+00
 1.42439e+23	3.40e-09	9.16e-05	1.00e+00
 1.42785e+23	3.58e-09	9.54e-05	1.00e+00
 1.43138e+23	3.73e-09	9.84e-05	1.00e+00
 1.43500e+23	3.93e-09	1.03e-04	1.00e+00
 1.43868e+23	4.09e-09	1.06e-04	1.00e+00
 1.44244e+23	4.31e-09	1.10e-04	1.00e+00
 1.44627e+23	4.48e-09	1.14e-04	1.00e+00
 1.44964e+23	4.66e-09	1.18e-04	1.00e+00
 1.45345e+23	4.89e-09	1.22e-04	1.00e+00
 1.45727e+23	5.08e-09	1.26e-04	1.00e+00
 1.46108e+23	5.33e-09	1.31e-04	1.00e+00
 1.46495e+23	5.53e-09	1.35e-04	1.00e+00
 1.46890e+23	5.80e-09	1.40e-04	1.00e+00
 1.47297e+23	6.04e-09	1.45e-04	1.00e+00
 1.47722e+23	6.34e-09	1.51e-04	1.00e+00
 1.48160e+23	6.61e-09	1.56e-04	1.00e+00
 1.48619e+23	6.97e-09	1.62e-04	1.00e+00
 1.49091e+23	7.28e-09	1.68e-04	1.00e+00
 1.49581e+23	7.68e-09	1.75e-04	1.00e+00
 1.50089e+23	8.05e-09	1.82e-04	1.00e+00
 1.50550e+23	8.42e-09	1.88e-04	1.00e+00
 1.51078e+23	8.91e-09	1.97e-04	1.00e+00
 1.51617e+23	9.33e-09	2.04e-04	1.00e+00
 1.52098e+23	9.77e-09	2.12e-04	1.00e+00
 1.52651e+23	1.04e-08	2.22e-04	1.00e+00
 1.53208e+23	1.08e-08	2.30e-04	1.00e+00
 1.53770e+23	1.15e-08	2.42e-04	1.00e+00
 1.54339e+23	1.20e-08	2.52e-04	1.00e+00
 1.54917e+23	1.27e-08	2.65e-04	1.00e+00
 1.55469e+23	1.32e-08	2.74e-04	1.00e+00
 1.55988e+23	1.39e-08	2.87e-04	1.00e+00
 1.56507e+23	1.44e-08	2.98e-04	1.00e+00
 1.57029e+23	1.51e-08	3.12e-04	1.00e+00
 1.57562e+23	1.57e-08	3.24e-04	1.00e+00
 1.58110e+23	1.64e-08	3.42e-04	1.00e+00
 1.58660e+23	1.70e-08	3.55e-04	1.00e+00
 1.59214e+23	1.78e-08	3.74e-04	1.00e+00
 1.59779e+23	1.84e-08	3.91e-04	1.00e+00
 1.60357e+23	1.91e-08	4.13e-04	1.00e+00
 1.60945e+23	1.97e-08	4.32e-04	1.00e+00
 1.61546e+23	2.04e-08	4.59e-04	1.00e+00
 1.62160e+23	2.10e-08	4.82e-04	1.00e+00
 1.62768e+23	2.16e-08	5.12e-04	9.99e-01
 1.63346e+23	2.20e-08	5.34e-04	9.99e-01
 1.63905e+23	2.24e-08	5.66e-04	9.99e-01
 1.64474e+23	2.27e-08	5.93e-04	9.99e-01
 1.65033e+23	2.30e-08	6.27e-04	9.99e-01
 1.65602e+23	2.33e-08	6.58e-04	9.99e-01
 1.66158e+23	2.34e-08	6.95e-04	9.99e-01
 1.66725e+23	2.36e-08	7.31e-04	9.99e-01
 1.67287e+23	2.37e-08	7.71e-04	9.99e-01
 1.67852e+23	2.37e-08	8.11e-04	9.99e-01
 1.68410e+23	2.38e-08	8.54e-04	9.99e-01
 1.68967e+23	2.39e-08	8.99e-04	9.99e-01
 1.69525e+23	2.40e-08	9.47e-04	9.99e-01
 1.70086e+23	2.42e-08	9.96e-04	9.99e-01
 1.70650e+23	2.44e-08	1.05e-03	9.99e-01
 1.71220e+23	2.47e-08	1.10e-03	9.99e-01
 1.71796e+23	2.51e-08	1.16e-03	9.99e-01
 1.72375e+23	2.57e-08	1.22e-03	9.99e-01
 1.72964e+23	2.64e-08	1.29e-03	9.99e-01
 1.73560e+23	2.74e-08	1.36e-03	9.99e-01
 1.74167e+23	2.85e-08	1.43e-03	9.99e-01
 1.74732e+23	2.96e-08	1.50e-03	9.99e-01
 1.75314e+23	3.12e-08	1.58e-03	9.98e-01
 1.75905e+23	3.28e-08	1.65e-03	9.98e-01
 1.76511e+23	3.51e-08	1.75e-03	9.98e-01
 1.77120e+23	3.72e-08	1.83e-03	9.98e-01
 1.77732e+23	4.02e-08	1.93e-03	9.98e-01
 1.78349e+23	4.29e-08	2.02e-03	9.98e-01
 1.78970e+23	4.68e-08	2.14e-03	9.98e-01
 1.79596e+23	5.02e-08	2.23e-03	9.98e-01
 1.80229e+23	5.52e-08	2.36e-03	9.98e-01
 1.80871e+23	5.95e-08	2.47e-03	9.98e-01
 1.81522e+23	6.58e-08	2.61e-03	9.97e-01
 1.82185e+23	7.13e-08	2.73e-03	9.97e-01
 1.82862e+23	7.94e-08	2.89e-03	9.97e-01
 1.83553e+23	8.65e-08	3.03e-03	9.97e-01
 1.84263e+23	9.69e-08	3.22e-03	9.97e-01
 1.84990e+23	1.06e-07	3.37e-03	9.97e-01
 1.85602e+23	1.15e-07	3.52e-03	9.96e-01
 1.86260e+23	1.28e-07	3.71e-03	9.96e-01
 1.86928e+23	1.39e-07	3.88e-03	9.96e-01
 1.87507e+23	1.50e-07	4.03e-03	9.96e-01
 1.88156e+23	1.67e-07	4.25e-03	9.96e-01
 1.88803e+23	1.80e-07	4.42e-03	9.96e-01
 1.89448e+23	1.99e-07	4.66e-03	9.95e-01
 1.90102e+23	2.15e-07	4.85e-03	9.95e-01
 1.90767e+23	2.39e-07	5.11e-03	9.95e-01
 1.91444e+23	2.59e-07	5.32e-03	9.95e-01
 1.92137e+23	2.89e-07	5.62e-03	9.94e-01
 1.92840e+23	3.13e-07	5.85e-03	9.94e-01
 1.93557e+23	3.50e-07	6.19e-03	9.94e-01
 1.94290e+23	3.82e-07	6.47e-03	9.94e-01
 1.95046e+23	4.28e-07	6.85e-03	9.93e-01
 1.95822e+23	4.69e-07	7.17e-03	9.93e-01
 1.96624e+23	5.29e-07	7.62e-03	9.92e-01
 1.97433e+23	5.79e-07	7.97e-03	9.92e-01
 1.98251e+23	6.55e-07	8.48e-03	9.92e-01
 1.99078e+23	7.18e-07	8.88e-03	9.91e-01
 1.99917e+23	8.13e-07	9.45e-03	9.91e-01
 2.00771e+23	8.95e-07	9.91e-03	9.90e-01
 2.01526e+23	9.85e-07	1.04e-02	9.90e-01
 2.02388e+23	1.11e-06	1.11e-02	9.89e-01
 2.03270e+23	1.23e-06	1.16e-02	9.88e-01
 2.03985e+23	1.34e-06	1.21e-02	9.88e-01
 2.04725e+23	1.48e-06	1.27e-02	9.87e-01
 2.05507e+23	1.62e-06	1.33e-02	9.87e-01
 2.06223e+23	1.77e-06	1.39e-02	9.86e-01
 2.07033e+23	1.98e-06	1.47e-02	9.85e-01
 2.07868e+23	2.18e-06	1.55e-02	9.85e-01
 2.08605e+23	2.38e-06	1.62e-02	9.84e-01
 2.09434e+23	2.66e-06	1.71e-02	9.83e-01
 2.10298e+23	2.95e-06	1.80e-02	9.82e-01
 2.11076e+23	3.24e-06	1.88e-02	9.81e-01
 2.11956e+23	3.64e-06	1.99e-02	9.80e-01
 2.12864e+23	4.04e-06	2.10e-02	9.79e-01
 2.13674e+23	4.45e-06	2.20e-02	9.78e-01
 2.14591e+23	5.02e-06	2.34e-02	9.77e-01
 2.15545e+23	5.60e-06	2.47e-02	9.75e-01
 2.16405e+23	6.20e-06	2.60e-02	9.74e-01
 2.17381e+23	7.07e-06	2.77e-02	9.72e-01
 2.18380e+23	7.89e-06	2.92e-02	9.71e-01
 2.19275e+23	8.78e-06	3.08e-02	9.69e-01
 2.20303e+23	1.01e-05	3.30e-02	9.67e-01
 2.21341e+23	1.13e-05	3.49e-02	9.65e-01
 2.22391e+23	1.29e-05	3.73e-02	9.63e-01
 2.23459e+23	1.45e-05	3.95e-02	9.60e-01
 2.24549e+23	1.68e-05	4.24e-02	9.58e-01
 2.25651e+23	1.89e-05	4.49e-02	9.55e-01
 2.26766e+23	2.19e-05	4.83e-02	9.52e-01
 2.27892e+23	2.46e-05	5.11e-02	9.49e-01
 2.29032e+23	2.86e-05	5.50e-02	9.45e-01
 2.30187e+23	3.23e-05	5.83e-02	9.42e-01
 2.31190e+23	3.62e-05	6.17e-02	9.38e-01
 2.32320e+23	4.20e-05	6.63e-02	9.34e-01
 2.33398e+23	4.64e-05	6.95e-02	9.30e-01
 2.34411e+23	5.31e-05	7.42e-02	9.26e-01
 2.35422e+23	5.87e-05	7.79e-02	9.22e-01
 2.36430e+23	6.65e-05	8.27e-02	9.17e-01
 2.37478e+23	7.46e-05	8.73e-02	9.13e-01
 2.38419e+23	8.27e-05	9.17e-02	9.08e-01
 2.39486e+23	9.45e-05	9.78e-02	9.02e-01
 2.40571e+23	1.06e-04	1.03e-01	8.97e-01
 2.41533e+23	1.17e-04	1.08e-01	8.92e-01
 2.42640e+23	1.35e-04	1.16e-01	8.84e-01
 2.43662e+23	1.48e-04	1.21e-01	8.79e-01
 2.44577e+23	1.65e-04	1.27e-01	8.73e-01
 2.45517e+23	1.81e-04	1.33e-01	8.67e-01
 2.46355e+23	1.98e-04	1.38e-01	8.62e-01
 2.47309e+23	2.22e-04	1.46e-01	8.54e-01
 2.48270e+23	2.42e-04	1.52e-01	8.48e-01
 2.49240e+23	2.71e-04	1.60e-01	8.40e-01
 2.50224e+23	2.98e-04	1.67e-01	8.33e-01
 2.51089e+23	3.26e-04	1.74e-01	8.26e-01
 2.52075e+23	3.65e-04	1.83e-01	8.17e-01
 2.53077e+23	4.00e-04	1.91e-01	8.09e-01
 2.54099e+23	4.48e-04	2.01e-01	7.99e-01
 2.55135e+23	4.93e-04	2.09e-01	7.90e-01
 2.56050e+23	5.40e-04	2.18e-01	7.82e-01
 2.57101e+23	6.06e-04	2.29e-01	7.70e-01
 2.58165e+23	6.66e-04	2.39e-01	7.61e-01
 2.59244e+23	7.47e-04	2.51e-01	7.48e-01
 2.60344e+23	8.24e-04	2.62e-01	7.38e-01
 2.61472e+23	9.27e-04	2.75e-01	7.24e-01
 2.62621e+23	1.02e-03	2.87e-01	7.12e-01
 2.63640e+23	1.13e-03	2.98e-01	7.01e-01
 2.64808e+23	1.27e-03	3.13e-01	6.86e-01
 2.66006e+23	1.40e-03	3.26e-01	6.72e-01
 2.66916e+23	1.50e-03	3.35e-01	6.63e-01
 2.67775e+23	1.64e-03	3.47e-01	6.51e-01
 2.68652e+23	1.76e-03	3.57e-01	6.41e-01
 2.69552e+23	1.92e-03	3.69e-01	6.29e-01
 2.70466e+23	2.06e-03	3.80e-01	6.18e-01
 2.71398e+23	2.26e-03	3.93e-01	6.05e-01
 2.72342e+23	2.43e-03	4.04e-01	5.93e-01
 2.73303e+23	2.66e-03	4.18e-01	5.79e-01
 2.74278e+23	2.86e-03	4.30e-01	5.67e-01
 2.75270e+23	3.14e-03	4.45e-01	5.52e-01
 2.76278e+23	3.39e-03	4.57e-01	5.39e-01
 2.77306e+23	3.73e-03	4.73e-01	5.23e-01
 2.78349e+23	4.02e-03	4.86e-01	5.10e-01
 2.79410e+23	4.41e-03	5.02e-01	4.93e-01
 2.80513e+23	4.78e-03	5.17e-01	4.79e-01
 2.81668e+23	5.30e-03	5.35e-01	4.60e-01
 2.82819e+23	5.74e-03	5.49e-01	4.45e-01
 2.83966e+23	6.33e-03	5.67e-01	4.27e-01
 2.85139e+23	6.88e-03	5.83e-01	4.10e-01
 2.86344e+23	7.61e-03	6.01e-01	3.91e-01
 2.87562e+23	8.30e-03	6.18e-01	3.74e-01
 2.88797e+23	9.21e-03	6.37e-01	3.54e-01
 2.90039e+23	1.00e-02	6.53e-01	3.37e-01
 2.91290e+23	1.11e-02	6.73e-01	3.16e-01
 2.92558e+23	1.22e-02	6.89e-01	2.99e-01
 2.93848e+23	1.36e-02	7.09e-01	2.78e-01
 2.95153e+23	1.48e-02	7.25e-01	2.60e-01
 2.96480e+23	1.67e-02	7.45e-01	2.38e-01
 2.97816e+23	1.82e-02	7.61e-01	2.21e-01
 2.99164e+23	2.05e-02	7.79e-01	2.00e-01
 3.00538e+23	2.26e-02	7.94e-01	1.83e-01
 3.01945e+23	2.57e-02	8.12e-01	1.63e-01
 3.03385e+23	2.86e-02	8.26e-01	1.46e-01
 3.04660e+23	3.17e-02	8.37e-01	1.31e-01
 3.05765e+23	3.45e-02	8.46e-01	1.19e-01
 3.06707e+23	3.74e-02	8.53e-01	1.09e-01
 3.07780e+23	4.16e-02	8.60e-01	9.80e-02
 3.08477e+23	4.35e-02	8.63e-01	9.38e-02
