#depth	N	N+	N+2	N+3	N+4	N+5	N+6	N+7
 1.54284e+22	0.00e+00	0.00e+00	5.50e-25	2.17e-19	3.05e-14	1.05e-08	2.10e-04	1.00e+00
 3.46817e+22	0.00e+00	1.71e-30	4.38e-24	1.16e-18	1.08e-13	2.42e-08	3.17e-04	1.00e+00
 4.07957e+22	0.00e+00	7.29e-30	1.48e-23	3.08e-18	2.28e-13	3.96e-08	4.03e-04	1.00e+00
 4.49161e+22	0.00e+00	2.28e-29	3.83e-23	6.72e-18	4.14e-13	5.84e-08	4.88e-04	1.00e+00
 4.72052e+22	0.00e+00	3.05e-29	4.90e-23	8.19e-18	4.82e-13	6.45e-08	5.12e-04	9.99e-01
 4.82582e+22	0.00e+00	4.44e-29	6.70e-23	1.05e-17	5.84e-13	7.31e-08	5.45e-04	9.99e-01
 4.93764e+22	0.00e+00	6.08e-29	8.73e-23	1.31e-17	6.88e-13	8.14e-08	5.74e-04	9.99e-01
 5.05794e+22	0.00e+00	9.29e-29	1.25e-22	1.74e-17	8.58e-13	9.40e-08	6.16e-04	9.99e-01
 5.17944e+22	0.00e+00	1.29e-28	1.64e-22	2.18e-17	1.02e-12	1.05e-07	6.51e-04	9.99e-01
 5.27783e+22	0.00e+00	1.73e-28	2.10e-22	2.66e-17	1.19e-12	1.16e-07	6.83e-04	9.99e-01
 5.36570e+22	0.00e+00	2.27e-28	2.64e-22	3.20e-17	1.37e-12	1.27e-07	7.15e-04	9.99e-01
 5.46461e+22	0.00e+00	3.13e-28	3.46e-22	3.99e-17	1.62e-12	1.42e-07	7.54e-04	9.99e-01
 5.57062e+22	0.00e+00	4.30e-28	4.51e-22	4.95e-17	1.91e-12	1.58e-07	7.95e-04	9.99e-01
 5.66410e+22	0.00e+00	5.69e-28	5.72e-22	6.00e-17	2.21e-12	1.74e-07	8.33e-04	9.99e-01
 5.76386e+22	0.00e+00	8.00e-28	7.61e-22	7.57e-17	2.64e-12	1.96e-07	8.81e-04	9.99e-01
 5.86686e+22	0.00e+00	1.07e-27	9.74e-22	9.25e-17	3.08e-12	2.16e-07	9.25e-04	9.99e-01
 5.95910e+22	0.00e+00	1.43e-27	1.24e-21	1.12e-16	3.58e-12	2.38e-07	9.70e-04	9.99e-01
 6.04984e+22	0.00e+00	1.89e-27	1.56e-21	1.36e-16	4.14e-12	2.62e-07	1.02e-03	9.99e-01
 6.15360e+22	0.00e+00	2.66e-27	2.09e-21	1.72e-16	4.98e-12	2.95e-07	1.08e-03	9.99e-01
 6.25175e+22	0.00e+00	3.46e-27	2.61e-21	2.06e-16	5.71e-12	3.23e-07	1.12e-03	9.99e-01
 6.32773e+22	0.00e+00	4.36e-27	3.17e-21	2.41e-16	6.45e-12	3.50e-07	1.17e-03	9.99e-01
 6.41163e+22	0.00e+00	5.72e-27	3.98e-21	2.91e-16	7.45e-12	3.84e-07	1.22e-03	9.99e-01
 6.50274e+22	0.00e+00	7.42e-27	4.95e-21	3.49e-16	8.56e-12	4.20e-07	1.28e-03	9.99e-01
 6.58791e+22	0.00e+00	9.63e-27	6.17e-21	4.17e-16	9.82e-12	4.59e-07	1.33e-03	9.99e-01
 6.66786e+22	0.00e+00	1.22e-26	7.54e-21	4.91e-16	1.11e-11	4.99e-07	1.39e-03	9.99e-01
 6.75635e+22	0.00e+00	1.63e-26	9.64e-21	6.01e-16	1.30e-11	5.52e-07	1.46e-03	9.99e-01
 6.84799e+22	0.00e+00	2.11e-26	1.20e-20	7.18e-16	1.49e-11	6.03e-07	1.52e-03	9.98e-01
 6.92973e+22	0.00e+00	2.71e-26	1.47e-20	8.51e-16	1.70e-11	6.57e-07	1.59e-03	9.98e-01
 7.00884e+22	0.00e+00	3.44e-26	1.80e-20	1.00e-15	1.93e-11	7.14e-07	1.65e-03	9.98e-01
 7.08230e+22	2.13e-33	4.26e-26	2.16e-20	1.16e-15	2.17e-11	7.69e-07	1.71e-03	9.98e-01
 7.16154e+22	2.85e-33	5.48e-26	2.67e-20	1.38e-15	2.48e-11	8.39e-07	1.78e-03	9.98e-01
 7.24494e+22	3.78e-33	6.99e-26	3.27e-20	1.63e-15	2.81e-11	9.12e-07	1.86e-03	9.98e-01
 7.31833e+22	4.87e-33	8.70e-26	3.93e-20	1.90e-15	3.16e-11	9.84e-07	1.93e-03	9.98e-01
 7.39830e+22	6.55e-33	1.12e-25	4.88e-20	2.27e-15	3.63e-11	1.08e-06	2.01e-03	9.98e-01
 7.48062e+22	8.63e-33	1.42e-25	5.96e-20	2.67e-15	4.11e-11	1.17e-06	2.09e-03	9.98e-01
 7.55104e+22	1.10e-32	1.76e-25	7.11e-20	3.08e-15	4.59e-11	1.26e-06	2.17e-03	9.98e-01
 7.62767e+22	1.46e-32	2.25e-25	8.75e-20	3.65e-15	5.24e-11	1.37e-06	2.26e-03	9.98e-01
 7.70951e+22	1.93e-32	2.85e-25	1.07e-19	4.29e-15	5.94e-11	1.49e-06	2.35e-03	9.98e-01
 7.78368e+22	2.50e-32	3.55e-25	1.29e-19	5.00e-15	6.68e-11	1.60e-06	2.44e-03	9.98e-01
 7.85026e+22	3.14e-32	4.33e-25	1.52e-19	5.72e-15	7.41e-11	1.72e-06	2.52e-03	9.97e-01
 7.91209e+22	3.88e-32	5.20e-25	1.77e-19	6.49e-15	8.18e-11	1.83e-06	2.60e-03	9.97e-01
 7.98314e+22	5.02e-32	6.49e-25	2.14e-19	7.57e-15	9.21e-11	1.98e-06	2.70e-03	9.97e-01
 8.05971e+22	6.51e-32	8.12e-25	2.58e-19	8.81e-15	1.04e-10	2.14e-06	2.81e-03	9.97e-01
 8.12872e+22	8.26e-32	9.96e-25	3.06e-19	1.01e-14	1.15e-10	2.30e-06	2.91e-03	9.97e-01
 8.20369e+22	1.09e-31	1.27e-24	3.75e-19	1.20e-14	1.31e-10	2.50e-06	3.03e-03	9.97e-01
 8.27977e+22	1.41e-31	1.58e-24	4.50e-19	1.39e-14	1.47e-10	2.69e-06	3.14e-03	9.97e-01
 8.34335e+22	1.75e-31	1.90e-24	5.27e-19	1.58e-14	1.63e-10	2.88e-06	3.24e-03	9.97e-01
 8.41204e+22	2.25e-31	2.36e-24	6.34e-19	1.84e-14	1.83e-10	3.11e-06	3.36e-03	9.97e-01
 8.48638e+22	2.91e-31	2.94e-24	7.62e-19	2.14e-14	2.05e-10	3.35e-06	3.49e-03	9.97e-01
 8.55425e+22	3.65e-31	3.58e-24	8.98e-19	2.44e-14	2.28e-10	3.59e-06	3.61e-03	9.96e-01
 8.61702e+22	4.54e-31	4.31e-24	1.05e-18	2.78e-14	2.51e-10	3.83e-06	3.73e-03	9.96e-01
 8.68697e+22	5.84e-31	5.37e-24	1.26e-18	3.23e-14	2.83e-10	4.14e-06	3.87e-03	9.96e-01
 8.76063e+22	7.48e-31	6.63e-24	1.51e-18	3.73e-14	3.16e-10	4.46e-06	4.01e-03	9.96e-01
 8.82540e+22	9.34e-31	8.03e-24	1.77e-18	4.25e-14	3.49e-10	4.77e-06	4.14e-03	9.96e-01
 8.89589e+22	1.21e-30	1.00e-23	2.14e-18	4.96e-14	3.94e-10	5.16e-06	4.30e-03	9.96e-01
 8.97074e+22	1.56e-30	1.25e-23	2.56e-18	5.74e-14	4.41e-10	5.57e-06	4.47e-03	9.96e-01
 9.03608e+22	1.95e-30	1.51e-23	3.01e-18	6.54e-14	4.87e-10	5.95e-06	4.62e-03	9.95e-01
 9.09548e+22	2.38e-30	1.79e-23	3.47e-18	7.36e-14	5.34e-10	6.32e-06	4.76e-03	9.95e-01
 9.16231e+22	3.05e-30	2.22e-23	4.15e-18	8.51e-14	5.97e-10	6.82e-06	4.93e-03	9.95e-01
 9.23367e+22	3.88e-30	2.72e-23	4.93e-18	9.79e-14	6.65e-10	7.33e-06	5.11e-03	9.95e-01
 9.29842e+22	4.87e-30	3.31e-23	5.79e-18	1.12e-13	7.35e-10	7.84e-06	5.29e-03	9.95e-01
 9.37007e+22	6.35e-30	4.15e-23	7.01e-18	1.31e-13	8.30e-10	8.50e-06	5.50e-03	9.94e-01
 9.44563e+22	8.22e-30	5.17e-23	8.42e-18	1.51e-13	9.28e-10	9.18e-06	5.72e-03	9.94e-01
 9.50939e+22	1.02e-29	6.23e-23	9.83e-18	1.72e-13	1.02e-09	9.80e-06	5.90e-03	9.94e-01
 9.57541e+22	1.31e-29	7.71e-23	1.17e-17	1.98e-13	1.14e-09	1.06e-05	6.13e-03	9.94e-01
 9.64548e+22	1.67e-29	9.47e-23	1.39e-17	2.27e-13	1.26e-09	1.13e-05	6.35e-03	9.94e-01
 9.70867e+22	2.07e-29	1.14e-22	1.62e-17	2.57e-13	1.39e-09	1.21e-05	6.56e-03	9.93e-01
 9.77862e+22	2.71e-29	1.43e-22	1.96e-17	3.00e-13	1.56e-09	1.31e-05	6.83e-03	9.93e-01
 9.84941e+22	3.43e-29	1.75e-22	2.32e-17	3.43e-13	1.73e-09	1.41e-05	7.08e-03	9.93e-01
 9.90851e+22	4.22e-29	2.08e-22	2.68e-17	3.85e-13	1.88e-09	1.49e-05	7.30e-03	9.93e-01
 9.97257e+22	5.44e-29	2.58e-22	3.20e-17	4.44e-13	2.10e-09	1.61e-05	7.59e-03	9.92e-01
 1.00395e+23	6.82e-29	3.13e-22	3.75e-17	5.04e-13	2.31e-09	1.72e-05	7.85e-03	9.92e-01
 1.01008e+23	8.53e-29	3.78e-22	4.38e-17	5.71e-13	2.53e-09	1.84e-05	8.13e-03	9.92e-01
 1.01710e+23	1.13e-28	4.81e-22	5.35e-17	6.68e-13	2.84e-09	2.00e-05	8.49e-03	9.91e-01
 1.02419e+23	1.44e-28	5.89e-22	6.31e-17	7.62e-13	3.13e-09	2.14e-05	8.80e-03	9.91e-01
 1.03009e+23	1.78e-28	7.03e-22	7.30e-17	8.55e-13	3.41e-09	2.27e-05	9.09e-03	9.91e-01
 1.03647e+23	2.31e-28	8.78e-22	8.75e-17	9.88e-13	3.79e-09	2.45e-05	9.46e-03	9.91e-01
 1.04300e+23	2.91e-28	1.06e-21	1.02e-16	1.12e-12	4.14e-09	2.62e-05	9.79e-03	9.90e-01
 1.04877e+23	3.62e-28	1.28e-21	1.19e-16	1.26e-12	4.51e-09	2.79e-05	1.01e-02	9.90e-01
 1.05531e+23	4.78e-28	1.61e-21	1.44e-16	1.46e-12	5.02e-09	3.02e-05	1.06e-02	9.89e-01
 1.06174e+23	5.95e-28	1.94e-21	1.67e-16	1.64e-12	5.46e-09	3.21e-05	1.09e-02	9.89e-01
 1.06712e+23	7.37e-28	2.32e-21	1.93e-16	1.83e-12	5.91e-09	3.41e-05	1.13e-02	9.89e-01
 1.07322e+23	9.58e-28	2.88e-21	2.30e-16	2.11e-12	6.52e-09	3.67e-05	1.18e-02	9.88e-01
 1.07946e+23	1.20e-27	3.48e-21	2.68e-16	2.37e-12	7.09e-09	3.91e-05	1.22e-02	9.88e-01
 1.08502e+23	1.50e-27	4.18e-21	3.11e-16	2.66e-12	7.69e-09	4.16e-05	1.26e-02	9.87e-01
 1.09135e+23	2.00e-27	5.32e-21	3.78e-16	3.09e-12	8.53e-09	4.50e-05	1.32e-02	9.87e-01
 1.09765e+23	2.49e-27	6.40e-21	4.39e-16	3.47e-12	9.26e-09	4.79e-05	1.36e-02	9.86e-01
 1.10300e+23	3.11e-27	7.70e-21	5.09e-16	3.88e-12	1.00e-08	5.09e-05	1.41e-02	9.86e-01
 1.10817e+23	3.82e-27	9.12e-21	5.84e-16	4.32e-12	1.08e-08	5.39e-05	1.45e-02	9.85e-01
 1.11402e+23	4.97e-27	1.14e-20	6.97e-16	4.94e-12	1.18e-08	5.80e-05	1.51e-02	9.85e-01
 1.12002e+23	6.29e-27	1.38e-20	8.15e-16	5.57e-12	1.28e-08	6.18e-05	1.57e-02	9.84e-01
 1.12526e+23	7.85e-27	1.66e-20	9.44e-16	6.23e-12	1.39e-08	6.57e-05	1.62e-02	9.84e-01
 1.13112e+23	1.04e-26	2.09e-20	1.14e-15	7.18e-12	1.53e-08	7.09e-05	1.69e-02	9.83e-01
 1.13691e+23	1.29e-26	2.50e-20	1.31e-15	8.01e-12	1.65e-08	7.52e-05	1.75e-02	9.82e-01
 1.14261e+23	1.70e-26	3.14e-20	1.57e-15	9.20e-12	1.81e-08	8.10e-05	1.82e-02	9.82e-01
 1.14841e+23	2.13e-26	3.80e-20	1.83e-15	1.03e-11	1.96e-08	8.62e-05	1.89e-02	9.81e-01
 1.15347e+23	2.66e-26	4.57e-20	2.13e-15	1.16e-11	2.11e-08	9.16e-05	1.95e-02	9.80e-01
 1.15918e+23	3.50e-26	5.73e-20	2.55e-15	1.33e-11	2.32e-08	9.87e-05	2.03e-02	9.80e-01
 1.16501e+23	4.44e-26	6.99e-20	2.99e-15	1.50e-11	2.52e-08	1.05e-04	2.11e-02	9.79e-01
 1.17012e+23	5.61e-26	8.47e-20	3.49e-15	1.68e-11	2.72e-08	1.12e-04	2.18e-02	9.78e-01
 1.17506e+23	7.00e-26	1.02e-19	4.04e-15	1.88e-11	2.93e-08	1.19e-04	2.25e-02	9.77e-01
 1.18065e+23	9.32e-26	1.29e-19	4.89e-15	2.18e-11	3.23e-08	1.29e-04	2.35e-02	9.76e-01
 1.18634e+23	1.18e-25	1.57e-19	5.71e-15	2.45e-11	3.50e-08	1.37e-04	2.43e-02	9.76e-01
 1.19217e+23	1.58e-25	2.00e-19	6.95e-15	2.85e-11	3.87e-08	1.48e-04	2.54e-02	9.74e-01
 1.19816e+23	2.07e-25	2.50e-19	8.30e-15	3.26e-11	4.24e-08	1.59e-04	2.64e-02	9.73e-01
 1.20319e+23	2.59e-25	3.01e-19	9.64e-15	3.65e-11	4.57e-08	1.69e-04	2.73e-02	9.73e-01
 1.20857e+23	3.45e-25	3.82e-19	1.17e-14	4.22e-11	5.04e-08	1.83e-04	2.84e-02	9.71e-01
 1.21401e+23	4.40e-25	4.68e-19	1.37e-14	4.78e-11	5.48e-08	1.95e-04	2.94e-02	9.70e-01
 1.21874e+23	5.50e-25	5.64e-19	1.60e-14	5.36e-11	5.92e-08	2.07e-04	3.04e-02	9.69e-01
 1.22318e+23	6.88e-25	6.78e-19	1.85e-14	6.00e-11	6.37e-08	2.19e-04	3.14e-02	9.68e-01
 1.22729e+23	8.44e-25	8.04e-19	2.12e-14	6.65e-11	6.83e-08	2.32e-04	3.23e-02	9.67e-01
 1.23105e+23	1.02e-24	9.42e-19	2.41e-14	7.33e-11	7.28e-08	2.43e-04	3.31e-02	9.67e-01
 1.23457e+23	1.23e-24	1.10e-18	2.73e-14	8.05e-11	7.75e-08	2.55e-04	3.40e-02	9.66e-01
 1.23857e+23	1.56e-24	1.34e-18	3.20e-14	9.08e-11	8.40e-08	2.72e-04	3.51e-02	9.65e-01
 1.24244e+23	1.86e-24	1.55e-18	3.61e-14	9.96e-11	8.94e-08	2.85e-04	3.60e-02	9.64e-01
 1.24564e+23	2.22e-24	1.80e-18	4.06e-14	1.09e-10	9.49e-08	2.98e-04	3.69e-02	9.63e-01
 1.24930e+23	2.77e-24	2.16e-18	4.71e-14	1.22e-10	1.02e-07	3.16e-04	3.80e-02	9.62e-01
 1.25305e+23	3.33e-24	2.52e-18	5.34e-14	1.34e-10	1.09e-07	3.31e-04	3.89e-02	9.61e-01
 1.25625e+23	3.99e-24	2.93e-18	6.04e-14	1.47e-10	1.16e-07	3.47e-04	3.99e-02	9.60e-01
 1.25924e+23	4.76e-24	3.40e-18	6.80e-14	1.61e-10	1.23e-07	3.63e-04	4.08e-02	9.59e-01
 1.26260e+23	5.89e-24	4.06e-18	7.85e-14	1.80e-10	1.32e-07	3.83e-04	4.20e-02	9.58e-01
 1.26606e+23	7.17e-24	4.79e-18	8.97e-14	1.99e-10	1.42e-07	4.02e-04	4.30e-02	9.57e-01
 1.26906e+23	8.56e-24	5.55e-18	1.01e-13	2.18e-10	1.51e-07	4.21e-04	4.40e-02	9.56e-01
 1.27184e+23	1.01e-23	6.40e-18	1.14e-13	2.38e-10	1.60e-07	4.39e-04	4.50e-02	9.55e-01
 1.27449e+23	1.20e-23	7.38e-18	1.27e-13	2.60e-10	1.69e-07	4.58e-04	4.59e-02	9.54e-01
 1.27754e+23	1.48e-23	8.81e-18	1.47e-13	2.90e-10	1.82e-07	4.82e-04	4.72e-02	9.52e-01
 1.28064e+23	1.80e-23	1.04e-17	1.68e-13	3.20e-10	1.94e-07	5.05e-04	4.83e-02	9.51e-01
 1.28331e+23	2.14e-23	1.20e-17	1.89e-13	3.50e-10	2.06e-07	5.27e-04	4.94e-02	9.50e-01
 1.28624e+23	2.67e-23	1.44e-17	2.20e-13	3.93e-10	2.23e-07	5.57e-04	5.07e-02	9.49e-01
 1.28927e+23	3.25e-23	1.70e-17	2.52e-13	4.36e-10	2.39e-07	5.84e-04	5.19e-02	9.47e-01
 1.29193e+23	3.92e-23	1.99e-17	2.86e-13	4.81e-10	2.55e-07	6.11e-04	5.31e-02	9.46e-01
 1.29493e+23	5.02e-23	2.46e-17	3.39e-13	5.47e-10	2.78e-07	6.48e-04	5.47e-02	9.45e-01
 1.29796e+23	6.15e-23	2.92e-17	3.90e-13	6.09e-10	2.98e-07	6.80e-04	5.60e-02	9.43e-01
 1.30055e+23	7.39e-23	3.41e-17	4.43e-13	6.70e-10	3.18e-07	7.10e-04	5.72e-02	9.42e-01
 1.30342e+23	9.71e-23	4.29e-17	5.34e-13	7.73e-10	3.49e-07	7.57e-04	5.90e-02	9.40e-01
 1.30624e+23	1.16e-22	5.00e-17	6.06e-13	8.51e-10	3.73e-07	7.90e-04	6.03e-02	9.39e-01
 1.30900e+23	1.52e-22	6.28e-17	7.29e-13	9.80e-10	4.09e-07	8.40e-04	6.21e-02	9.37e-01
 1.31171e+23	1.82e-22	7.31e-17	8.26e-13	1.08e-09	4.36e-07	8.76e-04	6.34e-02	9.36e-01
 1.31435e+23	2.40e-22	9.22e-17	9.99e-13	1.25e-09	4.80e-07	9.32e-04	6.54e-02	9.34e-01
 1.31699e+23	2.90e-22	1.08e-16	1.14e-12	1.38e-09	5.13e-07	9.74e-04	6.67e-02	9.32e-01
 1.31962e+23	3.84e-22	1.37e-16	1.39e-12	1.60e-09	5.66e-07	1.04e-03	6.88e-02	9.30e-01
 1.32227e+23	4.71e-22	1.63e-16	1.60e-12	1.78e-09	6.09e-07	1.09e-03	7.04e-02	9.29e-01
 1.32494e+23	6.33e-22	2.10e-16	1.96e-12	2.08e-09	6.75e-07	1.16e-03	7.26e-02	9.26e-01
 1.32763e+23	7.85e-22	2.52e-16	2.28e-12	2.34e-09	7.29e-07	1.22e-03	7.43e-02	9.24e-01
 1.33035e+23	1.05e-21	3.25e-16	2.80e-12	2.73e-09	8.10e-07	1.30e-03	7.67e-02	9.22e-01
 1.33304e+23	1.32e-21	3.93e-16	3.28e-12	3.08e-09	8.77e-07	1.37e-03	7.85e-02	9.20e-01
 1.33570e+23	1.78e-21	5.07e-16	4.04e-12	3.61e-09	9.75e-07	1.46e-03	8.11e-02	9.17e-01
 1.33840e+23	2.26e-21	6.21e-16	4.78e-12	4.11e-09	1.06e-06	1.54e-03	8.31e-02	9.15e-01
 1.34116e+23	3.10e-21	8.13e-16	5.97e-12	4.86e-09	1.19e-06	1.65e-03	8.59e-02	9.12e-01
 1.34394e+23	3.98e-21	1.01e-15	7.11e-12	5.56e-09	1.30e-06	1.75e-03	8.82e-02	9.10e-01
 1.34677e+23	5.53e-21	1.33e-15	8.96e-12	6.63e-09	1.46e-06	1.88e-03	9.12e-02	9.07e-01
 1.34961e+23	7.11e-21	1.65e-15	1.07e-11	7.59e-09	1.60e-06	1.99e-03	9.37e-02	9.04e-01
 1.35207e+23	9.11e-21	2.04e-15	1.27e-11	8.67e-09	1.75e-06	2.10e-03	9.61e-02	9.02e-01
 1.35484e+23	1.27e-20	2.71e-15	1.61e-11	1.03e-08	1.97e-06	2.26e-03	9.94e-02	8.98e-01
 1.35761e+23	1.60e-20	3.30e-15	1.89e-11	1.17e-08	2.14e-06	2.38e-03	1.02e-01	8.96e-01
 1.36037e+23	2.20e-20	4.34e-15	2.38e-11	1.39e-08	2.40e-06	2.55e-03	1.05e-01	8.92e-01
 1.36316e+23	2.78e-20	5.30e-15	2.80e-11	1.58e-08	2.62e-06	2.69e-03	1.08e-01	8.89e-01
 1.36600e+23	3.80e-20	6.92e-15	3.49e-11	1.87e-08	2.93e-06	2.89e-03	1.11e-01	8.86e-01
 1.36892e+23	4.88e-20	8.59e-15	4.18e-11	2.14e-08	3.21e-06	3.05e-03	1.14e-01	8.83e-01
 1.37193e+23	6.75e-20	1.13e-14	5.25e-11	2.56e-08	3.62e-06	3.29e-03	1.18e-01	8.78e-01
 1.37501e+23	8.64e-20	1.40e-14	6.26e-11	2.93e-08	3.97e-06	3.48e-03	1.21e-01	8.75e-01
 1.37816e+23	1.19e-19	1.84e-14	7.86e-11	3.48e-08	4.47e-06	3.74e-03	1.26e-01	8.71e-01
 1.38140e+23	1.53e-19	2.29e-14	9.42e-11	4.00e-08	4.91e-06	3.97e-03	1.29e-01	8.67e-01
 1.38430e+23	1.96e-19	2.83e-14	1.12e-10	4.58e-08	5.38e-06	4.20e-03	1.33e-01	8.63e-01
 1.38762e+23	2.69e-19	3.70e-14	1.40e-10	5.44e-08	6.06e-06	4.52e-03	1.37e-01	8.58e-01
 1.39098e+23	3.42e-19	4.56e-14	1.67e-10	6.22e-08	6.64e-06	4.79e-03	1.41e-01	8.55e-01
 1.39440e+23	4.65e-19	5.94e-14	2.08e-10	7.37e-08	7.46e-06	5.15e-03	1.45e-01	8.50e-01
 1.39772e+23	5.77e-19	7.14e-14	2.42e-10	8.30e-08	8.10e-06	5.42e-03	1.49e-01	8.46e-01
 1.40091e+23	7.64e-19	9.09e-14	2.96e-10	9.70e-08	9.02e-06	5.80e-03	1.53e-01	8.41e-01
 1.40417e+23	9.43e-19	1.09e-13	3.44e-10	1.09e-07	9.78e-06	6.10e-03	1.57e-01	8.37e-01
 1.40750e+23	1.25e-18	1.39e-13	4.22e-10	1.28e-07	1.09e-05	6.53e-03	1.62e-01	8.32e-01
 1.41088e+23	1.54e-18	1.66e-13	4.89e-10	1.43e-07	1.18e-05	6.86e-03	1.65e-01	8.28e-01
 1.41433e+23	2.04e-18	2.11e-13	5.99e-10	1.68e-07	1.32e-05	7.35e-03	1.70e-01	8.22e-01
 1.41771e+23	2.46e-18	2.49e-13	6.86e-10	1.87e-07	1.42e-05	7.70e-03	1.74e-01	8.18e-01
 1.42102e+23	3.20e-18	3.11e-13	8.28e-10	2.16e-07	1.57e-05	8.21e-03	1.79e-01	8.13e-01
 1.42439e+23	3.87e-18	3.67e-13	9.51e-10	2.41e-07	1.70e-05	8.61e-03	1.83e-01	8.09e-01
 1.42785e+23	5.03e-18	4.60e-13	1.15e-09	2.79e-07	1.88e-05	9.18e-03	1.88e-01	8.03e-01
 1.43138e+23	6.11e-18	5.44e-13	1.32e-09	3.12e-07	2.04e-05	9.64e-03	1.92e-01	7.98e-01
 1.43500e+23	7.95e-18	6.82e-13	1.60e-09	3.62e-07	2.26e-05	1.03e-02	1.98e-01	7.92e-01
 1.43868e+23	9.66e-18	8.07e-13	1.84e-09	4.04e-07	2.45e-05	1.08e-02	2.02e-01	7.87e-01
 1.44244e+23	1.26e-17	1.01e-12	2.23e-09	4.69e-07	2.72e-05	1.15e-02	2.08e-01	7.81e-01
 1.44627e+23	1.53e-17	1.20e-12	2.57e-09	5.25e-07	2.94e-05	1.21e-02	2.12e-01	7.76e-01
 1.44964e+23	1.86e-17	1.42e-12	2.95e-09	5.87e-07	3.18e-05	1.27e-02	2.17e-01	7.71e-01
 1.45345e+23	2.39e-17	1.76e-12	3.54e-09	6.78e-07	3.52e-05	1.36e-02	2.23e-01	7.64e-01
 1.45727e+23	2.85e-17	2.05e-12	4.02e-09	7.49e-07	3.78e-05	1.42e-02	2.27e-01	7.59e-01
 1.46108e+23	3.66e-17	2.55e-12	4.83e-09	8.65e-07	4.19e-05	1.51e-02	2.33e-01	7.52e-01
 1.46495e+23	4.36e-17	2.96e-12	5.48e-09	9.57e-07	4.50e-05	1.58e-02	2.37e-01	7.47e-01
 1.46890e+23	5.55e-17	3.65e-12	6.53e-09	1.10e-06	4.97e-05	1.68e-02	2.44e-01	7.40e-01
 1.47297e+23	6.75e-17	4.32e-12	7.52e-09	1.23e-06	5.38e-05	1.77e-02	2.49e-01	7.34e-01
 1.47722e+23	8.59e-17	5.32e-12	8.97e-09	1.41e-06	5.95e-05	1.88e-02	2.55e-01	7.26e-01
 1.48160e+23	1.06e-16	6.35e-12	1.04e-08	1.59e-06	6.47e-05	1.98e-02	2.61e-01	7.20e-01
 1.48619e+23	1.36e-16	7.89e-12	1.25e-08	1.84e-06	7.18e-05	2.11e-02	2.67e-01	7.11e-01
 1.49091e+23	1.68e-16	9.49e-12	1.46e-08	2.08e-06	7.84e-05	2.23e-02	2.73e-01	7.04e-01
 1.49581e+23	2.18e-16	1.19e-11	1.77e-08	2.42e-06	8.74e-05	2.38e-02	2.81e-01	6.95e-01
 1.50089e+23	2.72e-16	1.44e-11	2.08e-08	2.76e-06	9.59e-05	2.52e-02	2.87e-01	6.87e-01
 1.50550e+23	3.38e-16	1.74e-11	2.43e-08	3.12e-06	1.05e-04	2.67e-02	2.94e-01	6.80e-01
 1.51078e+23	4.43e-16	2.19e-11	2.96e-08	3.65e-06	1.17e-04	2.86e-02	3.02e-01	6.70e-01
 1.51617e+23	5.55e-16	2.67e-11	3.49e-08	4.17e-06	1.29e-04	3.03e-02	3.08e-01	6.61e-01
 1.52098e+23	6.87e-16	3.20e-11	4.07e-08	4.71e-06	1.41e-04	3.19e-02	3.15e-01	6.53e-01
 1.52651e+23	9.22e-16	4.13e-11	5.04e-08	5.59e-06	1.59e-04	3.44e-02	3.24e-01	6.42e-01
 1.53208e+23	1.14e-15	4.96e-11	5.88e-08	6.32e-06	1.74e-04	3.63e-02	3.30e-01	6.33e-01
 1.53770e+23	1.53e-15	6.41e-11	7.30e-08	7.51e-06	1.96e-04	3.91e-02	3.39e-01	6.21e-01
 1.54339e+23	1.92e-15	7.78e-11	8.59e-08	8.55e-06	2.15e-04	4.13e-02	3.46e-01	6.12e-01
 1.54917e+23	2.58e-15	1.01e-10	1.07e-07	1.02e-05	2.44e-04	4.46e-02	3.56e-01	5.99e-01
 1.55469e+23	3.15e-15	1.19e-10	1.23e-07	1.14e-05	2.65e-04	4.68e-02	3.62e-01	5.91e-01
 1.55988e+23	4.14e-15	1.52e-10	1.51e-07	1.34e-05	2.97e-04	5.01e-02	3.71e-01	5.79e-01
 1.56507e+23	5.06e-15	1.80e-10	1.75e-07	1.51e-05	3.23e-04	5.27e-02	3.77e-01	5.70e-01
 1.57029e+23	6.61e-15	2.27e-10	2.12e-07	1.77e-05	3.61e-04	5.63e-02	3.86e-01	5.58e-01
 1.57562e+23	8.22e-15	2.74e-10	2.49e-07	2.01e-05	3.96e-04	5.95e-02	3.92e-01	5.48e-01
 1.58110e+23	1.09e-14	3.52e-10	3.08e-07	2.38e-05	4.47e-04	6.39e-02	4.01e-01	5.34e-01
 1.58660e+23	1.36e-14	4.24e-10	3.61e-07	2.70e-05	4.90e-04	6.74e-02	4.08e-01	5.24e-01
 1.59214e+23	1.80e-14	5.44e-10	4.46e-07	3.21e-05	5.53e-04	7.23e-02	4.17e-01	5.10e-01
 1.59779e+23	2.27e-14	6.63e-10	5.28e-07	3.68e-05	6.10e-04	7.65e-02	4.24e-01	4.99e-01
 1.60357e+23	3.05e-14	8.59e-10	6.59e-07	4.40e-05	6.94e-04	8.24e-02	4.33e-01	4.83e-01
 1.60945e+23	3.86e-14	1.05e-09	7.85e-07	5.08e-05	7.69e-04	8.74e-02	4.41e-01	4.71e-01
 1.61546e+23	5.23e-14	1.38e-09	9.87e-07	6.13e-05	8.80e-04	9.44e-02	4.50e-01	4.55e-01
 1.62160e+23	6.66e-14	1.70e-09	1.19e-06	7.13e-05	9.80e-04	1.00e-01	4.57e-01	4.42e-01
 1.62768e+23	8.93e-14	2.20e-09	1.48e-06	8.58e-05	1.12e-03	1.08e-01	4.65e-01	4.26e-01
 1.63346e+23	1.10e-13	2.64e-09	1.74e-06	9.79e-05	1.23e-03	1.14e-01	4.71e-01	4.14e-01
 1.63905e+23	1.44e-13	3.36e-09	2.14e-06	1.17e-04	1.40e-03	1.22e-01	4.78e-01	3.98e-01
 1.64474e+23	1.78e-13	4.05e-09	2.52e-06	1.34e-04	1.54e-03	1.29e-01	4.83e-01	3.86e-01
 1.65033e+23	2.29e-13	5.06e-09	3.07e-06	1.58e-04	1.74e-03	1.38e-01	4.89e-01	3.71e-01
 1.65602e+23	2.83e-13	6.12e-09	3.63e-06	1.82e-04	1.93e-03	1.46e-01	4.94e-01	3.58e-01
 1.66158e+23	3.55e-13	7.50e-09	4.36e-06	2.13e-04	2.17e-03	1.55e-01	4.99e-01	3.43e-01
 1.66725e+23	4.39e-13	9.06e-09	5.17e-06	2.47e-04	2.41e-03	1.64e-01	5.03e-01	3.30e-01
 1.67287e+23	5.42e-13	1.10e-08	6.13e-06	2.87e-04	2.69e-03	1.74e-01	5.07e-01	3.16e-01
 1.67852e+23	6.61e-13	1.31e-08	7.23e-06	3.32e-04	3.00e-03	1.84e-01	5.10e-01	3.03e-01
 1.68410e+23	8.02e-13	1.57e-08	8.50e-06	3.82e-04	3.33e-03	1.94e-01	5.12e-01	2.90e-01
 1.68967e+23	9.66e-13	1.86e-08	9.94e-06	4.40e-04	3.69e-03	2.05e-01	5.14e-01	2.77e-01
 1.69525e+23	1.16e-12	2.19e-08	1.16e-05	5.05e-04	4.10e-03	2.16e-01	5.15e-01	2.65e-01
 1.70086e+23	1.38e-12	2.58e-08	1.35e-05	5.78e-04	4.53e-03	2.27e-01	5.16e-01	2.52e-01
 1.70650e+23	1.63e-12	3.02e-08	1.56e-05	6.61e-04	5.01e-03	2.38e-01	5.16e-01	2.40e-01
 1.71220e+23	1.92e-12	3.52e-08	1.81e-05	7.55e-04	5.54e-03	2.50e-01	5.15e-01	2.28e-01
 1.71796e+23	2.25e-12	4.09e-08	2.08e-05	8.61e-04	6.12e-03	2.62e-01	5.14e-01	2.17e-01
 1.72375e+23	2.62e-12	4.73e-08	2.39e-05	9.78e-04	6.74e-03	2.75e-01	5.12e-01	2.06e-01
 1.72964e+23	3.05e-12	5.47e-08	2.75e-05	1.11e-03	7.44e-03	2.88e-01	5.09e-01	1.95e-01
 1.73560e+23	3.60e-12	6.28e-08	3.15e-05	1.26e-03	8.19e-03	3.00e-01	5.06e-01	1.84e-01
 1.74167e+23	4.17e-12	7.23e-08	3.61e-05	1.43e-03	9.04e-03	3.14e-01	5.02e-01	1.73e-01
 1.74732e+23	4.68e-12	8.08e-08	4.03e-05	1.59e-03	9.77e-03	3.25e-01	4.98e-01	1.65e-01
 1.75314e+23	5.40e-12	9.29e-08	4.62e-05	1.81e-03	1.08e-02	3.40e-01	4.93e-01	1.55e-01
 1.75905e+23	6.05e-12	1.04e-07	5.15e-05	2.00e-03	1.17e-02	3.51e-01	4.88e-01	1.47e-01
 1.76511e+23	6.94e-12	1.19e-07	5.90e-05	2.27e-03	1.29e-02	3.66e-01	4.81e-01	1.37e-01
 1.77120e+23	7.74e-12	1.32e-07	6.54e-05	2.50e-03	1.39e-02	3.78e-01	4.76e-01	1.30e-01
 1.77732e+23	8.83e-12	1.50e-07	7.46e-05	2.83e-03	1.53e-02	3.93e-01	4.68e-01	1.21e-01
 1.78349e+23	9.80e-12	1.66e-07	8.25e-05	3.11e-03	1.64e-02	4.04e-01	4.62e-01	1.14e-01
 1.78970e+23	1.11e-11	1.89e-07	9.38e-05	3.51e-03	1.80e-02	4.19e-01	4.53e-01	1.06e-01
 1.79596e+23	1.23e-11	2.08e-07	1.03e-04	3.84e-03	1.93e-02	4.31e-01	4.46e-01	1.00e-01
 1.80229e+23	1.39e-11	2.35e-07	1.17e-04	4.31e-03	2.12e-02	4.45e-01	4.36e-01	9.29e-02
 1.80871e+23	1.54e-11	2.60e-07	1.29e-04	4.72e-03	2.27e-02	4.57e-01	4.28e-01	8.74e-02
 1.81522e+23	1.73e-11	2.93e-07	1.47e-04	5.29e-03	2.48e-02	4.71e-01	4.18e-01	8.07e-02
 1.82185e+23	1.92e-11	3.24e-07	1.62e-04	5.78e-03	2.66e-02	4.82e-01	4.09e-01	7.57e-02
 1.82862e+23	2.16e-11	3.66e-07	1.83e-04	6.48e-03	2.90e-02	4.97e-01	3.98e-01	6.95e-02
 1.83553e+23	2.40e-11	4.05e-07	2.03e-04	7.08e-03	3.11e-02	5.08e-01	3.89e-01	6.49e-02
 1.84263e+23	2.72e-11	4.59e-07	2.31e-04	7.94e-03	3.39e-02	5.22e-01	3.77e-01	5.92e-02
 1.84990e+23	3.02e-11	5.10e-07	2.56e-04	8.69e-03	3.63e-02	5.33e-01	3.67e-01	5.51e-02
 1.85602e+23	3.31e-11	5.59e-07	2.81e-04	9.39e-03	3.86e-02	5.42e-01	3.58e-01	5.16e-02
 1.86260e+23	3.71e-11	6.26e-07	3.15e-04	1.04e-02	4.16e-02	5.54e-01	3.46e-01	4.73e-02
 1.86928e+23	4.07e-11	6.86e-07	3.45e-04	1.12e-02	4.42e-02	5.63e-01	3.37e-01	4.42e-02
 1.87507e+23	4.44e-11	7.49e-07	3.77e-04	1.21e-02	4.67e-02	5.71e-01	3.29e-01	4.14e-02
 1.88156e+23	4.94e-11	8.35e-07	4.22e-04	1.33e-02	5.01e-02	5.81e-01	3.17e-01	3.79e-02
 1.88803e+23	5.44e-11	9.15e-07	4.60e-04	1.42e-02	5.27e-02	5.88e-01	3.09e-01	3.55e-02
 1.89448e+23	6.05e-11	1.02e-06	5.13e-04	1.56e-02	5.65e-02	5.97e-01	2.98e-01	3.25e-02
 1.90102e+23	6.66e-11	1.12e-06	5.61e-04	1.67e-02	5.94e-02	6.04e-01	2.89e-01	3.04e-02
 1.90767e+23	7.45e-11	1.25e-06	6.28e-04	1.83e-02	6.35e-02	6.12e-01	2.78e-01	2.77e-02
 1.91444e+23	8.26e-11	1.38e-06	6.89e-04	1.96e-02	6.68e-02	6.18e-01	2.70e-01	2.58e-02
 1.92137e+23	9.26e-11	1.55e-06	7.74e-04	2.15e-02	7.15e-02	6.25e-01	2.58e-01	2.34e-02
 1.92840e+23	1.03e-10	1.71e-06	8.51e-04	2.30e-02	7.51e-02	6.30e-01	2.50e-01	2.17e-02
 1.93557e+23	1.16e-10	1.93e-06	9.59e-04	2.52e-02	8.03e-02	6.36e-01	2.38e-01	1.96e-02
 1.94290e+23	1.30e-10	2.14e-06	1.06e-03	2.71e-02	8.44e-02	6.40e-01	2.29e-01	1.81e-02
 1.95046e+23	1.49e-10	2.44e-06	1.20e-03	2.98e-02	9.02e-02	6.45e-01	2.18e-01	1.62e-02
 1.95822e+23	1.67e-10	2.73e-06	1.33e-03	3.21e-02	9.50e-02	6.48e-01	2.09e-01	1.49e-02
 1.96624e+23	1.94e-10	3.14e-06	1.52e-03	3.53e-02	1.01e-01	6.51e-01	1.98e-01	1.32e-02
 1.97433e+23	2.20e-10	3.53e-06	1.70e-03	3.81e-02	1.07e-01	6.52e-01	1.89e-01	1.21e-02
 1.98251e+23	2.54e-10	4.06e-06	1.94e-03	4.18e-02	1.14e-01	6.54e-01	1.78e-01	1.07e-02
 1.99078e+23	2.91e-10	4.58e-06	2.16e-03	4.51e-02	1.19e-01	6.54e-01	1.70e-01	9.75e-03
 1.99917e+23	3.39e-10	5.30e-06	2.48e-03	4.95e-02	1.27e-01	6.53e-01	1.59e-01	8.59e-03
 2.00771e+23	3.89e-10	6.01e-06	2.77e-03	5.33e-02	1.33e-01	6.52e-01	1.51e-01	7.77e-03
 2.01526e+23	4.43e-10	6.77e-06	3.09e-03	5.73e-02	1.39e-01	6.50e-01	1.44e-01	7.03e-03
 2.02388e+23	5.25e-10	7.91e-06	3.56e-03	6.29e-02	1.47e-01	6.46e-01	1.34e-01	6.16e-03
 2.03270e+23	6.01e-10	8.96e-06	3.99e-03	6.77e-02	1.54e-01	6.42e-01	1.26e-01	5.52e-03
 2.03985e+23	6.79e-10	1.00e-05	4.39e-03	7.21e-02	1.60e-01	6.38e-01	1.20e-01	5.03e-03
 2.04725e+23	7.87e-10	1.14e-05	4.92e-03	7.75e-02	1.67e-01	6.33e-01	1.13e-01	4.51e-03
 2.05507e+23	8.98e-10	1.28e-05	5.46e-03	8.27e-02	1.74e-01	6.27e-01	1.07e-01	4.07e-03
 2.06223e+23	1.02e-09	1.44e-05	6.03e-03	8.81e-02	1.80e-01	6.21e-01	1.01e-01	3.68e-03
 2.07033e+23	1.20e-09	1.67e-05	6.84e-03	9.51e-02	1.88e-01	6.13e-01	9.46e-02	3.24e-03
 2.07868e+23	1.38e-09	1.88e-05	7.62e-03	1.02e-01	1.95e-01	6.04e-01	8.86e-02	2.89e-03
 2.08605e+23	1.58e-09	2.12e-05	8.43e-03	1.08e-01	2.01e-01	5.96e-01	8.35e-02	2.60e-03
 2.09434e+23	1.88e-09	2.46e-05	9.54e-03	1.16e-01	2.09e-01	5.85e-01	7.74e-02	2.28e-03
 2.10298e+23	2.17e-09	2.80e-05	1.07e-02	1.24e-01	2.16e-01	5.75e-01	7.20e-02	2.01e-03
 2.11076e+23	2.51e-09	3.18e-05	1.18e-02	1.32e-01	2.23e-01	5.64e-01	6.74e-02	1.79e-03
 2.11956e+23	3.02e-09	3.72e-05	1.34e-02	1.42e-01	2.31e-01	5.50e-01	6.18e-02	1.55e-03
 2.12864e+23	3.52e-09	4.26e-05	1.51e-02	1.52e-01	2.38e-01	5.37e-01	5.70e-02	1.35e-03
 2.13674e+23	4.10e-09	4.84e-05	1.67e-02	1.61e-01	2.44e-01	5.24e-01	5.29e-02	1.19e-03
 2.14591e+23	4.97e-09	5.70e-05	1.90e-02	1.73e-01	2.51e-01	5.07e-01	4.80e-02	1.02e-03
 2.15545e+23	5.89e-09	6.58e-05	2.13e-02	1.84e-01	2.58e-01	4.92e-01	4.39e-02	8.79e-04
 2.16405e+23	6.92e-09	7.53e-05	2.37e-02	1.95e-01	2.63e-01	4.76e-01	4.03e-02	7.65e-04
 2.17381e+23	8.51e-09	8.95e-05	2.72e-02	2.10e-01	2.70e-01	4.56e-01	3.60e-02	6.38e-04
 2.18380e+23	1.01e-08	1.03e-04	3.04e-02	2.22e-01	2.75e-01	4.39e-01	3.26e-02	5.46e-04
 2.19275e+23	1.20e-08	1.19e-04	3.38e-02	2.35e-01	2.79e-01	4.22e-01	2.96e-02	4.68e-04
 2.20303e+23	1.50e-08	1.43e-04	3.88e-02	2.51e-01	2.84e-01	3.99e-01	2.60e-02	3.82e-04
 2.21341e+23	1.78e-08	1.64e-04	4.32e-02	2.65e-01	2.87e-01	3.81e-01	2.33e-02	3.23e-04
 2.22391e+23	2.23e-08	1.97e-04	4.93e-02	2.82e-01	2.90e-01	3.58e-01	2.03e-02	2.61e-04
 2.23459e+23	2.69e-08	2.29e-04	5.49e-02	2.96e-01	2.92e-01	3.39e-01	1.81e-02	2.18e-04
 2.24549e+23	3.39e-08	2.75e-04	6.27e-02	3.14e-01	2.93e-01	3.15e-01	1.55e-02	1.73e-04
 2.25651e+23	4.10e-08	3.19e-04	6.95e-02	3.29e-01	2.92e-01	2.96e-01	1.36e-02	1.43e-04
 2.26766e+23	5.21e-08	3.85e-04	7.92e-02	3.47e-01	2.91e-01	2.72e-01	1.15e-02	1.12e-04
 2.27892e+23	6.30e-08	4.46e-04	8.74e-02	3.60e-01	2.88e-01	2.53e-01	1.01e-02	9.13e-05
 2.29032e+23	8.05e-08	5.39e-04	9.91e-02	3.78e-01	2.84e-01	2.30e-01	8.41e-03	7.01e-05
 2.30187e+23	9.79e-08	6.25e-04	1.09e-01	3.91e-01	2.79e-01	2.13e-01	7.26e-03	5.66e-05
 2.31190e+23	1.18e-07	7.20e-04	1.19e-01	4.02e-01	2.74e-01	1.97e-01	6.28e-03	4.59e-05
 2.32320e+23	1.50e-07	8.63e-04	1.34e-01	4.17e-01	2.67e-01	1.77e-01	5.18e-03	3.48e-05
 2.33398e+23	1.78e-07	9.76e-04	1.44e-01	4.26e-01	2.61e-01	1.64e-01	4.52e-03	2.88e-05
 2.34411e+23	2.20e-07	1.14e-03	1.59e-01	4.36e-01	2.53e-01	1.48e-01	3.77e-03	2.22e-05
 2.35422e+23	2.60e-07	1.29e-03	1.70e-01	4.43e-01	2.46e-01	1.36e-01	3.27e-03	1.82e-05
 2.36430e+23	3.19e-07	1.50e-03	1.86e-01	4.51e-01	2.36e-01	1.22e-01	2.73e-03	1.41e-05
 2.37478e+23	3.84e-07	1.71e-03	2.00e-01	4.57e-01	2.28e-01	1.11e-01	2.31e-03	1.12e-05
 2.38419e+23	4.55e-07	1.93e-03	2.14e-01	4.62e-01	2.19e-01	1.01e-01	1.97e-03	8.99e-06
 2.39486e+23	5.65e-07	2.25e-03	2.32e-01	4.66e-01	2.08e-01	8.92e-02	1.61e-03	6.76e-06
 2.40571e+23	6.76e-07	2.55e-03	2.48e-01	4.68e-01	1.99e-01	8.02e-02	1.35e-03	5.31e-06
 2.41533e+23	8.03e-07	2.87e-03	2.64e-01	4.70e-01	1.90e-01	7.23e-02	1.14e-03	4.20e-06
 2.42640e+23	1.00e-06	3.35e-03	2.85e-01	4.70e-01	1.78e-01	6.29e-02	9.07e-04	3.08e-06
 2.43662e+23	1.16e-06	3.71e-03	3.00e-01	4.69e-01	1.70e-01	5.72e-02	7.78e-04	2.50e-06
 2.44577e+23	1.38e-06	4.18e-03	3.17e-01	4.66e-01	1.61e-01	5.09e-02	6.45e-04	1.93e-06
 2.45517e+23	1.61e-06	4.63e-03	3.33e-01	4.64e-01	1.52e-01	4.59e-02	5.47e-04	1.54e-06
 2.46355e+23	1.86e-06	5.10e-03	3.48e-01	4.60e-01	1.45e-01	4.15e-02	4.67e-04	1.25e-06
 2.47309e+23	2.23e-06	5.77e-03	3.67e-01	4.55e-01	1.35e-01	3.64e-02	3.79e-04	9.40e-07
 2.48270e+23	2.57e-06	6.35e-03	3.83e-01	4.50e-01	1.28e-01	3.28e-02	3.21e-04	7.51e-07
 2.49240e+23	3.08e-06	7.15e-03	4.02e-01	4.43e-01	1.19e-01	2.86e-02	2.60e-04	5.65e-07
 2.50224e+23	3.58e-06	7.89e-03	4.19e-01	4.36e-01	1.12e-01	2.55e-02	2.16e-04	4.42e-07
 2.51089e+23	4.13e-06	8.66e-03	4.35e-01	4.29e-01	1.05e-01	2.28e-02	1.82e-04	3.50e-07
 2.52075e+23	4.94e-06	9.74e-03	4.55e-01	4.19e-01	9.68e-02	1.97e-02	1.45e-04	2.59e-07
 2.53077e+23	5.71e-06	1.07e-02	4.71e-01	4.10e-01	9.04e-02	1.75e-02	1.20e-04	2.01e-07
 2.54099e+23	6.84e-06	1.20e-02	4.91e-01	3.99e-01	8.28e-02	1.50e-02	9.52e-05	1.47e-07
 2.55135e+23	7.94e-06	1.32e-02	5.08e-01	3.89e-01	7.68e-02	1.32e-02	7.80e-05	0.00e+00
 2.56050e+23	9.17e-06	1.45e-02	5.24e-01	3.79e-01	7.13e-02	1.16e-02	6.42e-05	0.00e+00
 2.57101e+23	1.10e-05	1.63e-02	5.44e-01	3.65e-01	6.46e-02	9.87e-03	4.99e-05	0.00e+00
 2.58165e+23	1.28e-05	1.79e-02	5.60e-01	3.54e-01	5.96e-02	8.62e-03	4.05e-05	0.00e+00
 2.59244e+23	1.54e-05	2.01e-02	5.79e-01	3.40e-01	5.38e-02	7.27e-03	3.12e-05	0.00e+00
 2.60344e+23	1.79e-05	2.21e-02	5.94e-01	3.28e-01	4.91e-02	6.29e-03	2.50e-05	0.00e+00
 2.61472e+23	2.17e-05	2.49e-02	6.13e-01	3.13e-01	4.39e-02	5.24e-03	1.89e-05	0.00e+00
 2.62621e+23	2.54e-05	2.75e-02	6.28e-01	3.00e-01	3.99e-02	4.49e-03	1.49e-05	0.00e+00
 2.63640e+23	2.95e-05	3.02e-02	6.42e-01	2.88e-01	3.63e-02	3.86e-03	1.19e-05	0.00e+00
 2.64808e+23	3.57e-05	3.40e-02	6.59e-01	2.72e-01	3.21e-02	3.18e-03	8.82e-06	0.00e+00
 2.66006e+23	4.20e-05	3.75e-02	6.72e-01	2.59e-01	2.88e-02	2.69e-03	6.84e-06	0.00e+00
 2.66916e+23	4.67e-05	4.00e-02	6.81e-01	2.50e-01	2.68e-02	2.40e-03	5.75e-06	0.00e+00
 2.67775e+23	5.38e-05	4.36e-02	6.92e-01	2.38e-01	2.43e-02	2.07e-03	4.59e-06	0.00e+00
 2.68652e+23	6.02e-05	4.66e-02	7.00e-01	2.29e-01	2.25e-02	1.83e-03	3.81e-06	0.00e+00
 2.69552e+23	6.95e-05	5.09e-02	7.09e-01	2.18e-01	2.03e-02	1.56e-03	3.01e-06	0.00e+00
 2.70466e+23	7.80e-05	5.45e-02	7.17e-01	2.09e-01	1.87e-02	1.37e-03	2.47e-06	0.00e+00
 2.71398e+23	9.03e-05	5.95e-02	7.25e-01	1.98e-01	1.68e-02	1.17e-03	1.93e-06	0.00e+00
 2.72342e+23	1.02e-04	6.38e-02	7.31e-01	1.89e-01	1.54e-02	1.02e-03	1.57e-06	0.00e+00
 2.73303e+23	1.18e-04	6.98e-02	7.38e-01	1.77e-01	1.37e-02	8.59e-04	1.21e-06	0.00e+00
 2.74278e+23	1.33e-04	7.49e-02	7.43e-01	1.69e-01	1.25e-02	7.45e-04	9.80e-07	0.00e+00
 2.75270e+23	1.55e-04	8.20e-02	7.48e-01	1.58e-01	1.11e-02	6.22e-04	7.46e-07	0.00e+00
 2.76278e+23	1.75e-04	8.80e-02	7.52e-01	1.49e-01	1.00e-02	5.36e-04	5.97e-07	0.00e+00
 2.77306e+23	2.05e-04	9.66e-02	7.55e-01	1.39e-01	8.83e-03	4.42e-04	4.47e-07	0.00e+00
 2.78349e+23	2.32e-04	1.04e-01	7.57e-01	1.31e-01	7.96e-03	3.79e-04	3.54e-07	0.00e+00
 2.79410e+23	2.71e-04	1.14e-01	7.58e-01	1.21e-01	6.99e-03	3.11e-04	2.64e-07	0.00e+00
 2.80513e+23	3.10e-04	1.23e-01	7.58e-01	1.13e-01	6.22e-03	2.62e-04	2.04e-07	0.00e+00
 2.81668e+23	3.68e-04	1.35e-01	7.56e-01	1.03e-01	5.36e-03	2.09e-04	1.46e-07	0.00e+00
 2.82819e+23	4.20e-04	1.46e-01	7.54e-01	9.53e-02	4.76e-03	1.76e-04	0.00e+00	0.00e+00
 2.83966e+23	4.95e-04	1.60e-01	7.49e-01	8.65e-02	4.10e-03	1.40e-04	0.00e+00	0.00e+00
 2.85139e+23	5.68e-04	1.73e-01	7.43e-01	7.95e-02	3.61e-03	1.16e-04	0.00e+00	0.00e+00
 2.86344e+23	6.75e-04	1.90e-01	7.35e-01	7.13e-02	3.08e-03	9.11e-05	0.00e+00	0.00e+00
 2.87562e+23	7.79e-04	2.06e-01	7.26e-01	6.49e-02	2.68e-03	7.43e-05	0.00e+00	0.00e+00
 2.88797e+23	9.30e-04	2.27e-01	7.13e-01	5.74e-02	2.26e-03	5.72e-05	0.00e+00	0.00e+00
 2.90039e+23	1.07e-03	2.45e-01	7.01e-01	5.18e-02	1.97e-03	4.63e-05	0.00e+00	0.00e+00
 2.91290e+23	1.28e-03	2.70e-01	6.82e-01	4.52e-02	1.64e-03	3.51e-05	0.00e+00	0.00e+00
 2.92558e+23	1.49e-03	2.91e-01	6.66e-01	4.03e-02	1.41e-03	2.79e-05	0.00e+00	0.00e+00
 2.93848e+23	1.80e-03	3.21e-01	6.42e-01	3.44e-02	1.16e-03	2.06e-05	0.00e+00	0.00e+00
 2.95153e+23	2.10e-03	3.47e-01	6.20e-01	3.01e-02	9.86e-04	1.60e-05	0.00e+00	0.00e+00
 2.96480e+23	2.56e-03	3.83e-01	5.88e-01	2.51e-02	7.93e-04	1.14e-05	0.00e+00	0.00e+00
 2.97816e+23	2.99e-03	4.13e-01	5.62e-01	2.15e-02	6.66e-04	8.66e-06	0.00e+00	0.00e+00
 2.99164e+23	3.67e-03	4.55e-01	5.23e-01	1.74e-02	5.24e-04	5.92e-06	0.00e+00	0.00e+00
 3.00538e+23	4.34e-03	4.91e-01	4.90e-01	1.44e-02	4.28e-04	4.30e-06	0.00e+00	0.00e+00
 3.01945e+23	5.38e-03	5.40e-01	4.44e-01	1.11e-02	3.25e-04	2.76e-06	0.00e+00	0.00e+00
 3.03385e+23	6.48e-03	5.82e-01	4.03e-01	8.74e-03	2.54e-04	1.86e-06	0.00e+00	0.00e+00
 3.04660e+23	7.74e-03	6.24e-01	3.62e-01	6.81e-03	1.97e-04	1.24e-06	0.00e+00	0.00e+00
 3.05765e+23	8.97e-03	6.58e-01	3.28e-01	5.48e-03	1.58e-04	8.79e-07	0.00e+00	0.00e+00
 3.06707e+23	1.03e-02	6.90e-01	2.95e-01	4.40e-03	1.27e-04	6.20e-07	0.00e+00	0.00e+00
 3.07780e+23	1.23e-02	7.30e-01	2.55e-01	3.27e-03	9.41e-05	3.87e-07	0.00e+00	0.00e+00
 3.08477e+23	1.34e-02	7.48e-01	2.36e-01	2.87e-03	8.28e-05	3.19e-07	0.00e+00	0.00e+00
