#depth	He	He+	He+2
 1.54284e+22	2.20e-08	5.59e-04	9.99e-01
 3.49578e+22	2.32e-08	8.60e-04	9.99e-01
 4.11093e+22	2.37e-08	1.06e-03	9.99e-01
 4.41850e+22	2.44e-08	1.17e-03	9.99e-01
 4.56832e+22	2.49e-08	1.23e-03	9.99e-01
 4.66962e+22	2.56e-08	1.29e-03	9.99e-01
 4.78043e+22	2.65e-08	1.37e-03	9.99e-01
 4.89199e+22	2.76e-08	1.44e-03	9.99e-01
 4.99272e+22	2.87e-08	1.50e-03	9.98e-01
 5.09844e+22	3.03e-08	1.59e-03	9.98e-01
 5.20630e+22	3.18e-08	1.66e-03	9.98e-01
 5.31697e+22	3.41e-08	1.76e-03	9.98e-01
 5.42847e+22	3.61e-08	1.84e-03	9.98e-01
 5.54106e+22	3.91e-08	1.94e-03	9.98e-01
 5.65389e+22	4.18e-08	2.03e-03	9.98e-01
 5.76702e+22	4.56e-08	2.15e-03	9.98e-01
 5.88129e+22	4.90e-08	2.24e-03	9.98e-01
 5.99704e+22	5.39e-08	2.37e-03	9.98e-01
 6.11426e+22	5.82e-08	2.48e-03	9.98e-01
 6.23340e+22	6.45e-08	2.62e-03	9.97e-01
 6.35457e+22	7.00e-08	2.74e-03	9.97e-01
 6.47839e+22	7.80e-08	2.91e-03	9.97e-01
 6.60490e+22	8.51e-08	3.05e-03	9.97e-01
 6.73493e+22	9.55e-08	3.23e-03	9.97e-01
 6.86808e+22	1.05e-07	3.39e-03	9.97e-01
 6.98002e+22	1.14e-07	3.54e-03	9.96e-01
 7.10028e+22	1.26e-07	3.73e-03	9.96e-01
 7.22268e+22	1.37e-07	3.90e-03	9.96e-01
 7.32866e+22	1.49e-07	4.06e-03	9.96e-01
 7.44724e+22	1.65e-07	4.28e-03	9.96e-01
 7.56567e+22	1.78e-07	4.45e-03	9.96e-01
 7.68390e+22	1.98e-07	4.69e-03	9.95e-01
 7.80382e+22	2.14e-07	4.88e-03	9.95e-01
 7.92594e+22	2.38e-07	5.14e-03	9.95e-01
 8.05022e+22	2.58e-07	5.35e-03	9.95e-01
 8.17729e+22	2.88e-07	5.66e-03	9.94e-01
 8.30635e+22	3.13e-07	5.89e-03	9.94e-01
 8.43799e+22	3.50e-07	6.24e-03	9.94e-01
 8.57264e+22	3.81e-07	6.51e-03	9.93e-01
 8.71120e+22	4.29e-07	6.90e-03	9.93e-01
 8.85314e+22	4.70e-07	7.22e-03	9.93e-01
 8.99951e+22	5.30e-07	7.67e-03	9.92e-01
 9.14758e+22	5.81e-07	8.03e-03	9.92e-01
 9.29788e+22	6.57e-07	8.54e-03	9.91e-01
 9.44985e+22	7.21e-07	8.94e-03	9.91e-01
 9.60402e+22	8.17e-07	9.51e-03	9.90e-01
 9.75463e+22	8.91e-07	9.94e-03	9.90e-01
 9.90065e+22	9.99e-07	1.05e-02	9.89e-01
 1.00536e+23	1.10e-06	1.11e-02	9.89e-01
 1.01826e+23	1.20e-06	1.15e-02	9.88e-01
 1.03176e+23	1.33e-06	1.21e-02	9.88e-01
 1.04569e+23	1.45e-06	1.27e-02	9.87e-01
 1.05820e+23	1.58e-06	1.32e-02	9.87e-01
 1.07248e+23	1.75e-06	1.39e-02	9.86e-01
 1.08729e+23	1.93e-06	1.46e-02	9.85e-01
 1.10050e+23	2.11e-06	1.52e-02	9.85e-01
 1.11536e+23	2.35e-06	1.61e-02	9.84e-01
 1.13093e+23	2.60e-06	1.69e-02	9.83e-01
 1.14501e+23	2.85e-06	1.77e-02	9.82e-01
 1.16089e+23	3.20e-06	1.87e-02	9.81e-01
 1.17730e+23	3.54e-06	1.97e-02	9.80e-01
 1.19192e+23	3.90e-06	2.07e-02	9.79e-01
 1.20846e+23	4.39e-06	2.19e-02	9.78e-01
 1.22565e+23	4.90e-06	2.32e-02	9.77e-01
 1.24108e+23	5.41e-06	2.43e-02	9.76e-01
 1.25854e+23	6.14e-06	2.59e-02	9.74e-01
 1.27662e+23	6.85e-06	2.73e-02	9.73e-01
 1.29295e+23	7.62e-06	2.88e-02	9.71e-01
 1.31167e+23	8.74e-06	3.08e-02	9.69e-01
 1.33056e+23	9.77e-06	3.25e-02	9.67e-01
 1.34968e+23	1.12e-05	3.47e-02	9.65e-01
 1.36924e+23	1.26e-05	3.68e-02	9.63e-01
 1.38642e+23	1.40e-05	3.88e-02	9.61e-01
 1.40582e+23	1.61e-05	4.16e-02	9.58e-01
 1.42573e+23	1.82e-05	4.41e-02	9.56e-01
 1.44629e+23	2.10e-05	4.73e-02	9.53e-01
 1.46718e+23	2.37e-05	5.02e-02	9.50e-01
 1.48566e+23	2.66e-05	5.31e-02	9.47e-01
 1.50688e+23	3.10e-05	5.72e-02	9.43e-01
 1.52841e+23	3.50e-05	6.06e-02	9.39e-01
 1.54719e+23	3.93e-05	6.42e-02	9.36e-01
 1.56521e+23	4.38e-05	6.76e-02	9.32e-01
 1.58239e+23	4.87e-05	7.12e-02	9.29e-01
 1.60176e+23	5.56e-05	7.59e-02	9.24e-01
 1.62107e+23	6.19e-05	7.98e-02	9.20e-01
 1.64031e+23	7.06e-05	8.50e-02	9.15e-01
 1.65992e+23	7.87e-05	8.96e-02	9.10e-01
 1.68002e+23	9.01e-05	9.55e-02	9.04e-01
 1.70027e+23	1.01e-04	1.01e-01	8.99e-01
 1.72074e+23	1.15e-04	1.07e-01	8.93e-01
 1.74146e+23	1.29e-04	1.13e-01	8.87e-01
 1.75808e+23	1.41e-04	1.18e-01	8.82e-01
 1.77525e+23	1.57e-04	1.24e-01	8.76e-01
 1.79282e+23	1.73e-04	1.30e-01	8.70e-01
 1.80848e+23	1.89e-04	1.35e-01	8.64e-01
 1.82641e+23	2.12e-04	1.43e-01	8.57e-01
 1.84455e+23	2.32e-04	1.49e-01	8.51e-01
 1.86047e+23	2.55e-04	1.55e-01	8.44e-01
 1.87868e+23	2.85e-04	1.64e-01	8.36e-01
 1.89720e+23	3.13e-04	1.71e-01	8.29e-01
 1.91352e+23	3.43e-04	1.78e-01	8.22e-01
 1.93214e+23	3.83e-04	1.87e-01	8.12e-01
 1.95104e+23	4.21e-04	1.95e-01	8.04e-01
 1.96777e+23	4.62e-04	2.03e-01	7.96e-01
 1.98698e+23	5.17e-04	2.14e-01	7.86e-01
 2.00651e+23	5.68e-04	2.23e-01	7.76e-01
 2.02645e+23	6.39e-04	2.35e-01	7.65e-01
 2.04663e+23	7.03e-04	2.45e-01	7.55e-01
 2.06712e+23	7.90e-04	2.57e-01	7.42e-01
 2.08799e+23	8.72e-04	2.68e-01	7.31e-01
 2.10935e+23	9.82e-04	2.82e-01	7.17e-01
 2.13112e+23	1.09e-03	2.94e-01	7.05e-01
 2.15050e+23	1.20e-03	3.06e-01	6.92e-01
 2.17278e+23	1.35e-03	3.22e-01	6.77e-01
 2.19234e+23	1.45e-03	3.32e-01	6.66e-01
 2.20838e+23	1.58e-03	3.44e-01	6.55e-01
 2.22514e+23	1.70e-03	3.54e-01	6.44e-01
 2.24285e+23	1.86e-03	3.67e-01	6.31e-01
 2.26051e+23	2.01e-03	3.79e-01	6.19e-01
 2.27810e+23	2.19e-03	3.92e-01	6.06e-01
 2.29606e+23	2.37e-03	4.04e-01	5.93e-01
 2.31451e+23	2.60e-03	4.20e-01	5.78e-01
 2.33302e+23	2.80e-03	4.32e-01	5.65e-01
 2.35161e+23	3.07e-03	4.47e-01	5.49e-01
 2.37069e+23	3.32e-03	4.61e-01	5.35e-01
 2.39040e+23	3.66e-03	4.79e-01	5.18e-01
 2.41026e+23	3.96e-03	4.93e-01	5.03e-01
 2.43032e+23	4.38e-03	5.12e-01	4.84e-01
 2.45070e+23	4.74e-03	5.27e-01	4.68e-01
 2.47150e+23	5.24e-03	5.47e-01	4.48e-01
 2.49258e+23	5.68e-03	5.63e-01	4.31e-01
 2.51402e+23	6.30e-03	5.84e-01	4.10e-01
 2.53549e+23	6.85e-03	6.02e-01	3.92e-01
 2.55697e+23	7.60e-03	6.23e-01	3.70e-01
 2.57850e+23	8.25e-03	6.41e-01	3.51e-01
 2.60007e+23	9.18e-03	6.63e-01	3.28e-01
 2.62162e+23	9.98e-03	6.81e-01	3.09e-01
 2.64315e+23	1.11e-02	7.03e-01	2.86e-01
 2.66459e+23	1.21e-02	7.21e-01	2.67e-01
 2.68591e+23	1.35e-02	7.41e-01	2.45e-01
 2.70729e+23	1.47e-02	7.59e-01	2.27e-01
 2.72874e+23	1.64e-02	7.79e-01	2.05e-01
 2.75017e+23	1.79e-02	7.95e-01	1.87e-01
 2.77155e+23	2.00e-02	8.12e-01	1.68e-01
 2.79315e+23	2.20e-02	8.27e-01	1.51e-01
 2.81209e+23	2.42e-02	8.40e-01	1.36e-01
 2.83378e+23	2.71e-02	8.53e-01	1.20e-01
 2.85582e+23	3.00e-02	8.64e-01	1.06e-01
 2.87256e+23	3.24e-02	8.71e-01	9.62e-02
 2.88857e+23	3.55e-02	8.78e-01	8.67e-02
 2.90567e+23	3.88e-02	8.83e-01	7.80e-02
 2.92140e+23	4.24e-02	8.87e-01	7.06e-02
 2.93904e+23	4.76e-02	8.90e-01	6.24e-02
 2.95675e+23	5.29e-02	8.91e-01	5.60e-02
 2.97054e+23	5.79e-02	8.91e-01	5.15e-02
 2.98222e+23	6.31e-02	8.89e-01	4.79e-02
 2.99299e+23	6.85e-02	8.87e-01	4.48e-02
 3.00270e+23	7.43e-02	8.83e-01	4.23e-02
 3.01138e+23	8.02e-02	8.80e-01	4.02e-02
 3.01924e+23	8.65e-02	8.75e-01	3.84e-02
 3.02655e+23	9.31e-02	8.70e-01	3.70e-02
 3.03352e+23	1.00e-01	8.64e-01	3.57e-02
 3.04034e+23	1.09e-01	8.57e-01	3.44e-02
 3.04683e+23	1.18e-01	8.49e-01	3.36e-02
 3.05280e+23	1.27e-01	8.40e-01	3.29e-02
 3.05829e+23	1.37e-01	8.31e-01	3.24e-02
 3.06330e+23	1.47e-01	8.21e-01	3.20e-02
 3.06796e+23	1.57e-01	8.12e-01	3.18e-02
 3.07217e+23	1.66e-01	8.02e-01	3.17e-02
 3.07576e+23	1.75e-01	7.93e-01	3.18e-02
 3.07850e+23	1.82e-01	7.86e-01	3.20e-02
 3.08059e+23	1.88e-01	7.80e-01	3.20e-02
 3.08280e+23	1.95e-01	7.73e-01	3.21e-02
 3.08484e+23	2.01e-01	7.67e-01	3.23e-02
