#depth	O	O+	O+2	O+3	O+4	O+5	O+6	O+7	O+8	O[1]	O[2]	O[3]
 1.54284e+22	3.55e-14	8.71e-10	8.94e-07	8.60e-05	1.63e-03	9.18e-03	2.81e-01	5.00e-01	2.09e-01	3.55e-14	7.00e-23	8.80e-23
 3.49578e+22	1.76e-13	3.63e-09	3.34e-06	2.86e-04	4.60e-03	1.93e-02	3.89e-01	4.59e-01	1.28e-01	1.76e-13	3.39e-22	4.26e-22
 4.11093e+22	3.15e-13	6.23e-09	5.67e-06	4.75e-04	7.18e-03	2.68e-02	4.41e-01	4.27e-01	9.78e-02	3.15e-13	6.13e-22	7.68e-22
 4.41850e+22	4.04e-13	7.88e-09	7.20e-06	6.00e-04	8.84e-03	3.13e-02	4.66e-01	4.08e-01	8.49e-02	4.04e-13	7.87e-22	9.86e-22
 4.56832e+22	4.50e-13	8.73e-09	8.00e-06	6.67e-04	9.69e-03	3.35e-02	4.77e-01	4.00e-01	7.95e-02	4.50e-13	8.75e-22	1.10e-21
 4.66962e+22	5.05e-13	9.76e-09	8.99e-06	7.48e-04	1.07e-02	3.62e-02	4.89e-01	3.90e-01	7.38e-02	5.05e-13	9.84e-22	1.23e-21
 4.78043e+22	5.64e-13	1.09e-08	1.01e-05	8.41e-04	1.19e-02	3.91e-02	5.01e-01	3.79e-01	6.81e-02	5.64e-13	1.10e-21	1.38e-21
 4.89199e+22	6.22e-13	1.20e-08	1.13e-05	9.40e-04	1.31e-02	4.21e-02	5.13e-01	3.68e-01	6.29e-02	6.22e-13	1.21e-21	1.52e-21
 4.99272e+22	6.79e-13	1.31e-08	1.23e-05	1.03e-03	1.41e-02	4.47e-02	5.21e-01	3.60e-01	5.90e-02	6.79e-13	1.33e-21	1.66e-21
 5.09844e+22	7.51e-13	1.45e-08	1.38e-05	1.16e-03	1.56e-02	4.83e-02	5.33e-01	3.48e-01	5.41e-02	7.51e-13	1.47e-21	1.83e-21
 5.20630e+22	8.14e-13	1.58e-08	1.51e-05	1.27e-03	1.69e-02	5.12e-02	5.41e-01	3.39e-01	5.05e-02	8.14e-13	1.59e-21	1.99e-21
 5.31697e+22	8.99e-13	1.75e-08	1.69e-05	1.43e-03	1.86e-02	5.52e-02	5.52e-01	3.27e-01	4.61e-02	8.99e-13	1.76e-21	2.20e-21
 5.42847e+22	9.70e-13	1.90e-08	1.85e-05	1.56e-03	2.01e-02	5.85e-02	5.60e-01	3.17e-01	4.29e-02	9.70e-13	1.90e-21	2.37e-21
 5.54106e+22	1.06e-12	2.09e-08	2.07e-05	1.75e-03	2.21e-02	6.30e-02	5.69e-01	3.05e-01	3.91e-02	1.06e-12	2.08e-21	2.60e-21
 5.65389e+22	1.15e-12	2.26e-08	2.26e-05	1.91e-03	2.37e-02	6.65e-02	5.76e-01	2.96e-01	3.63e-02	1.15e-12	2.25e-21	2.81e-21
 5.76702e+22	1.25e-12	2.49e-08	2.52e-05	2.14e-03	2.59e-02	7.12e-02	5.84e-01	2.84e-01	3.30e-02	1.25e-12	2.45e-21	3.06e-21
 5.88129e+22	1.34e-12	2.70e-08	2.75e-05	2.33e-03	2.78e-02	7.51e-02	5.89e-01	2.75e-01	3.06e-02	1.34e-12	2.64e-21	3.30e-21
 5.99704e+22	1.47e-12	2.97e-08	3.07e-05	2.61e-03	3.03e-02	8.03e-02	5.96e-01	2.63e-01	2.78e-02	1.47e-12	2.88e-21	3.60e-21
 6.11426e+22	1.58e-12	3.22e-08	3.35e-05	2.85e-03	3.24e-02	8.45e-02	6.01e-01	2.54e-01	2.57e-02	1.58e-12	3.11e-21	3.88e-21
 6.23340e+22	1.72e-12	3.56e-08	3.75e-05	3.19e-03	3.53e-02	9.03e-02	6.06e-01	2.42e-01	2.32e-02	1.72e-12	3.40e-21	4.24e-21
 6.35457e+22	1.86e-12	3.87e-08	4.11e-05	3.49e-03	3.77e-02	9.49e-02	6.09e-01	2.33e-01	2.13e-02	1.86e-12	3.67e-21	4.58e-21
 6.47839e+22	2.03e-12	4.29e-08	4.61e-05	3.91e-03	4.10e-02	1.01e-01	6.13e-01	2.21e-01	1.92e-02	2.03e-12	4.02e-21	5.02e-21
 6.60490e+22	2.21e-12	4.70e-08	5.08e-05	4.29e-03	4.38e-02	1.06e-01	6.16e-01	2.12e-01	1.76e-02	2.21e-12	4.37e-21	5.45e-21
 6.73493e+22	2.43e-12	5.25e-08	5.74e-05	4.82e-03	4.76e-02	1.13e-01	6.18e-01	2.01e-01	1.57e-02	2.43e-12	4.83e-21	6.02e-21
 6.86808e+22	2.66e-12	5.79e-08	6.36e-05	5.30e-03	5.08e-02	1.19e-01	6.19e-01	1.92e-01	1.43e-02	2.66e-12	5.29e-21	6.59e-21
 6.98002e+22	2.87e-12	6.31e-08	6.96e-05	5.76e-03	5.38e-02	1.24e-01	6.19e-01	1.84e-01	1.32e-02	2.87e-12	5.72e-21	7.12e-21
 7.10028e+22	3.16e-12	7.03e-08	7.80e-05	6.40e-03	5.78e-02	1.31e-01	6.19e-01	1.74e-01	1.18e-02	3.16e-12	6.30e-21	7.85e-21
 7.22268e+22	3.43e-12	7.70e-08	8.57e-05	6.97e-03	6.12e-02	1.36e-01	6.18e-01	1.67e-01	1.08e-02	3.43e-12	6.85e-21	8.53e-21
 7.32866e+22	3.71e-12	8.40e-08	9.37e-05	7.54e-03	6.45e-02	1.42e-01	6.16e-01	1.60e-01	9.99e-03	3.71e-12	7.42e-21	9.24e-21
 7.44724e+22	4.08e-12	9.37e-08	1.05e-04	8.35e-03	6.89e-02	1.49e-01	6.14e-01	1.51e-01	8.96e-03	4.08e-12	8.18e-21	1.02e-20
 7.56567e+22	4.47e-12	1.03e-07	1.15e-04	9.03e-03	7.25e-02	1.54e-01	6.11e-01	1.45e-01	8.26e-03	4.47e-12	8.98e-21	1.12e-20
 7.68390e+22	4.94e-12	1.15e-07	1.29e-04	9.98e-03	7.73e-02	1.61e-01	6.07e-01	1.37e-01	7.41e-03	4.94e-12	9.95e-21	1.24e-20
 7.80382e+22	5.45e-12	1.28e-07	1.42e-04	1.08e-02	8.13e-02	1.67e-01	6.04e-01	1.31e-01	6.80e-03	5.45e-12	1.10e-20	1.37e-20
 7.92594e+22	6.09e-12	1.44e-07	1.60e-04	1.20e-02	8.66e-02	1.74e-01	5.98e-01	1.23e-01	6.07e-03	6.09e-12	1.23e-20	1.53e-20
 8.05022e+22	6.78e-12	1.61e-07	1.77e-04	1.30e-02	9.11e-02	1.80e-01	5.94e-01	1.17e-01	5.56e-03	6.78e-12	1.37e-20	1.71e-20
 8.17729e+22	7.63e-12	1.84e-07	2.01e-04	1.44e-02	9.70e-02	1.88e-01	5.87e-01	1.09e-01	4.92e-03	7.63e-12	1.55e-20	1.93e-20
 8.30635e+22	8.58e-12	2.06e-07	2.23e-04	1.57e-02	1.02e-01	1.93e-01	5.80e-01	1.04e-01	4.49e-03	8.58e-12	1.75e-20	2.17e-20
 8.43799e+22	9.76e-12	2.38e-07	2.55e-04	1.74e-02	1.09e-01	2.01e-01	5.72e-01	9.67e-02	3.95e-03	9.76e-12	2.00e-20	2.48e-20
 8.57264e+22	1.11e-11	2.70e-07	2.85e-04	1.90e-02	1.14e-01	2.07e-01	5.64e-01	9.14e-02	3.58e-03	1.11e-11	2.27e-20	2.82e-20
 8.71120e+22	1.28e-11	3.14e-07	3.28e-04	2.11e-02	1.22e-01	2.16e-01	5.54e-01	8.46e-02	3.12e-03	1.28e-11	2.64e-20	3.27e-20
 8.85314e+22	1.47e-11	3.60e-07	3.69e-04	2.31e-02	1.28e-01	2.22e-01	5.44e-01	7.94e-02	2.80e-03	1.47e-11	3.03e-20	3.76e-20
 8.99951e+22	1.74e-11	4.27e-07	4.28e-04	2.59e-02	1.36e-01	2.30e-01	5.32e-01	7.31e-02	2.43e-03	1.74e-11	3.61e-20	4.47e-20
 9.14758e+22	2.02e-11	4.92e-07	4.83e-04	2.83e-02	1.43e-01	2.36e-01	5.21e-01	6.84e-02	2.17e-03	2.02e-11	4.20e-20	5.20e-20
 9.29788e+22	2.41e-11	5.88e-07	5.63e-04	3.16e-02	1.52e-01	2.44e-01	5.07e-01	6.25e-02	1.87e-03	2.41e-11	5.04e-20	6.24e-20
 9.44985e+22	2.82e-11	6.83e-07	6.37e-04	3.46e-02	1.60e-01	2.50e-01	4.96e-01	5.83e-02	1.66e-03	2.82e-11	5.92e-20	7.33e-20
 9.60402e+22	3.42e-11	8.24e-07	7.46e-04	3.87e-02	1.70e-01	2.57e-01	4.80e-01	5.30e-02	1.42e-03	3.42e-11	7.22e-20	8.93e-20
 9.75463e+22	3.98e-11	9.49e-07	8.38e-04	4.20e-02	1.77e-01	2.62e-01	4.68e-01	4.94e-02	1.27e-03	3.98e-11	8.44e-20	1.04e-19
 9.90065e+22	4.83e-11	1.14e-06	9.72e-04	4.65e-02	1.87e-01	2.67e-01	4.52e-01	4.50e-02	1.09e-03	4.83e-11	1.03e-19	1.27e-19
 1.00536e+23	5.72e-11	1.33e-06	1.10e-03	5.08e-02	1.95e-01	2.72e-01	4.38e-01	4.15e-02	9.56e-04	5.72e-11	1.23e-19	1.52e-19
 1.01826e+23	6.61e-11	1.52e-06	1.23e-03	5.46e-02	2.03e-01	2.76e-01	4.26e-01	3.88e-02	8.56e-04	6.61e-11	1.42e-19	1.76e-19
 1.03176e+23	7.95e-11	1.80e-06	1.40e-03	5.97e-02	2.12e-01	2.80e-01	4.11e-01	3.55e-02	7.45e-04	7.95e-11	1.72e-19	2.13e-19
 1.04569e+23	9.33e-11	2.08e-06	1.57e-03	6.45e-02	2.20e-01	2.83e-01	3.98e-01	3.28e-02	6.59e-04	9.33e-11	2.03e-19	2.50e-19
 1.05820e+23	1.09e-10	2.39e-06	1.75e-03	6.93e-02	2.27e-01	2.85e-01	3.86e-01	3.04e-02	5.85e-04	1.09e-10	2.39e-19	2.94e-19
 1.07248e+23	1.33e-10	2.85e-06	2.01e-03	7.58e-02	2.37e-01	2.88e-01	3.69e-01	2.76e-02	5.04e-04	1.33e-10	2.94e-19	3.62e-19
 1.08729e+23	1.59e-10	3.34e-06	2.27e-03	8.20e-02	2.45e-01	2.90e-01	3.55e-01	2.53e-02	4.38e-04	1.59e-10	3.53e-19	4.34e-19
 1.10050e+23	1.88e-10	3.86e-06	2.54e-03	8.81e-02	2.53e-01	2.91e-01	3.41e-01	2.32e-02	3.86e-04	1.88e-10	4.20e-19	5.17e-19
 1.11536e+23	2.33e-10	4.63e-06	2.91e-03	9.62e-02	2.63e-01	2.92e-01	3.25e-01	2.09e-02	3.28e-04	2.33e-10	5.25e-19	6.45e-19
 1.13093e+23	2.82e-10	5.47e-06	3.30e-03	1.04e-01	2.72e-01	2.92e-01	3.10e-01	1.89e-02	2.82e-04	2.82e-10	6.41e-19	7.87e-19
 1.14501e+23	3.39e-10	6.37e-06	3.70e-03	1.12e-01	2.80e-01	2.92e-01	2.96e-01	1.72e-02	2.45e-04	3.39e-10	7.75e-19	9.51e-19
 1.16089e+23	4.28e-10	7.73e-06	4.27e-03	1.22e-01	2.90e-01	2.90e-01	2.78e-01	1.53e-02	2.05e-04	4.28e-10	9.89e-19	1.21e-18
 1.17730e+23	5.25e-10	9.16e-06	4.85e-03	1.32e-01	2.98e-01	2.88e-01	2.63e-01	1.37e-02	1.74e-04	5.25e-10	1.22e-18	1.50e-18
 1.19192e+23	6.37e-10	1.07e-05	5.44e-03	1.41e-01	3.06e-01	2.86e-01	2.49e-01	1.23e-02	1.50e-04	6.37e-10	1.50e-18	1.83e-18
 1.20846e+23	8.15e-10	1.31e-05	6.28e-03	1.53e-01	3.15e-01	2.83e-01	2.32e-01	1.08e-02	1.23e-04	8.15e-10	1.94e-18	2.37e-18
 1.22565e+23	1.01e-09	1.56e-05	7.13e-03	1.65e-01	3.22e-01	2.79e-01	2.17e-01	9.55e-03	1.03e-04	1.01e-09	2.43e-18	2.97e-18
 1.24108e+23	1.24e-09	1.83e-05	8.01e-03	1.77e-01	3.28e-01	2.74e-01	2.04e-01	8.52e-03	8.72e-05	1.24e-09	3.02e-18	3.69e-18
 1.25854e+23	1.62e-09	2.25e-05	9.27e-03	1.92e-01	3.36e-01	2.68e-01	1.88e-01	7.32e-03	7.01e-05	1.62e-09	3.99e-18	4.87e-18
 1.27662e+23	2.03e-09	2.69e-05	1.05e-02	2.05e-01	3.42e-01	2.62e-01	1.74e-01	6.41e-03	5.80e-05	2.03e-09	5.07e-18	6.17e-18
 1.29295e+23	2.53e-09	3.19e-05	1.18e-02	2.19e-01	3.47e-01	2.56e-01	1.61e-01	5.62e-03	4.81e-05	2.53e-09	6.40e-18	7.79e-18
 1.31167e+23	3.37e-09	3.96e-05	1.37e-02	2.37e-01	3.52e-01	2.47e-01	1.46e-01	4.72e-03	3.76e-05	3.37e-09	8.67e-18	1.05e-17
 1.33056e+23	4.24e-09	4.71e-05	1.55e-02	2.52e-01	3.55e-01	2.39e-01	1.34e-01	4.08e-03	3.07e-05	4.24e-09	1.11e-17	1.34e-17
 1.34968e+23	5.62e-09	5.81e-05	1.78e-02	2.71e-01	3.58e-01	2.29e-01	1.20e-01	3.42e-03	2.39e-05	5.62e-09	1.50e-17	1.82e-17
 1.36924e+23	7.18e-09	6.97e-05	2.02e-02	2.88e-01	3.60e-01	2.20e-01	1.09e-01	2.91e-03	1.91e-05	7.18e-09	1.95e-17	2.36e-17
 1.38642e+23	9.02e-09	8.24e-05	2.25e-02	3.04e-01	3.60e-01	2.11e-01	9.96e-02	2.50e-03	1.55e-05	9.02e-09	2.49e-17	3.02e-17
 1.40582e+23	1.21e-08	1.02e-04	2.59e-02	3.25e-01	3.60e-01	1.99e-01	8.81e-02	2.05e-03	1.18e-05	1.21e-08	3.42e-17	4.14e-17
 1.42573e+23	1.54e-08	1.22e-04	2.91e-02	3.42e-01	3.58e-01	1.90e-01	7.92e-02	1.73e-03	9.35e-06	1.54e-08	4.45e-17	5.39e-17
 1.44629e+23	2.08e-08	1.51e-04	3.34e-02	3.64e-01	3.55e-01	1.77e-01	6.92e-02	1.39e-03	6.98e-06	2.08e-08	6.21e-17	7.51e-17
 1.46718e+23	2.67e-08	1.80e-04	3.74e-02	3.81e-01	3.51e-01	1.67e-01	6.16e-02	1.16e-03	5.44e-06	2.67e-08	8.17e-17	9.89e-17
 1.48566e+23	3.40e-08	2.13e-04	4.17e-02	3.98e-01	3.47e-01	1.57e-01	5.49e-02	9.69e-04	4.26e-06	3.40e-08	1.07e-16	1.29e-16
 1.50688e+23	4.63e-08	2.65e-04	4.78e-02	4.20e-01	3.39e-01	1.45e-01	4.70e-02	7.63e-04	3.09e-06	4.63e-08	1.52e-16	1.83e-16
 1.52841e+23	5.93e-08	3.15e-04	5.31e-02	4.37e-01	3.33e-01	1.35e-01	4.15e-02	6.28e-04	2.38e-06	5.93e-08	2.00e-16	2.41e-16
 1.54719e+23	7.51e-08	3.71e-04	5.87e-02	4.53e-01	3.25e-01	1.26e-01	3.66e-02	5.19e-04	1.84e-06	7.51e-08	2.61e-16	3.15e-16
 1.56521e+23	9.37e-08	4.32e-04	6.44e-02	4.67e-01	3.18e-01	1.17e-01	3.24e-02	4.32e-04	1.44e-06	9.37e-08	3.35e-16	4.05e-16
 1.58239e+23	1.16e-07	4.99e-04	7.02e-02	4.80e-01	3.11e-01	1.10e-01	2.88e-02	3.62e-04	1.14e-06	1.16e-07	4.26e-16	5.15e-16
 1.60176e+23	1.52e-07	5.99e-04	7.82e-02	4.96e-01	3.00e-01	1.00e-01	2.48e-02	2.87e-04	8.39e-07	1.52e-07	5.78e-16	6.98e-16
 1.62107e+23	1.87e-07	6.90e-04	8.50e-02	5.08e-01	2.92e-01	9.28e-02	2.19e-02	2.39e-04	6.56e-07	1.87e-07	7.33e-16	8.85e-16
 1.64031e+23	2.43e-07	8.24e-04	9.42e-02	5.21e-01	2.80e-01	8.43e-02	1.87e-02	1.89e-04	4.81e-07	2.43e-07	9.86e-16	1.19e-15
 1.65992e+23	3.01e-07	9.51e-04	1.02e-01	5.32e-01	2.71e-01	7.76e-02	1.64e-02	1.55e-04	3.71e-07	3.01e-07	1.26e-15	1.51e-15
 1.68002e+23	3.93e-07	1.14e-03	1.13e-01	5.44e-01	2.59e-01	6.97e-02	1.38e-02	1.20e-04	2.67e-07	3.93e-07	1.70e-15	2.05e-15
 1.70027e+23	4.87e-07	1.31e-03	1.23e-01	5.52e-01	2.48e-01	6.38e-02	1.20e-02	9.80e-05	2.03e-07	4.87e-07	2.16e-15	2.60e-15
 1.72074e+23	6.35e-07	1.56e-03	1.35e-01	5.61e-01	2.35e-01	5.69e-02	1.01e-02	7.54e-05	1.44e-07	6.35e-07	2.92e-15	3.51e-15
 1.74146e+23	7.86e-07	1.80e-03	1.46e-01	5.67e-01	2.25e-01	5.16e-02	8.67e-03	6.08e-05	0.00e+00	7.86e-07	3.71e-15	4.46e-15
 1.75808e+23	9.36e-07	2.01e-03	1.55e-01	5.71e-01	2.16e-01	4.76e-02	7.67e-03	5.08e-05	0.00e+00	9.36e-07	4.52e-15	5.42e-15
 1.77525e+23	1.16e-06	2.31e-03	1.67e-01	5.75e-01	2.06e-01	4.30e-02	6.59e-03	4.07e-05	0.00e+00	1.16e-06	5.75e-15	6.90e-15
 1.79282e+23	1.38e-06	2.60e-03	1.78e-01	5.78e-01	1.97e-01	3.94e-02	5.78e-03	3.36e-05	0.00e+00	1.38e-06	7.02e-15	8.42e-15
 1.80848e+23	1.64e-06	2.90e-03	1.89e-01	5.79e-01	1.88e-01	3.61e-02	5.08e-03	2.79e-05	0.00e+00	1.64e-06	8.53e-15	1.02e-14
 1.82641e+23	2.03e-06	3.34e-03	2.03e-01	5.80e-01	1.78e-01	3.23e-02	4.32e-03	2.20e-05	0.00e+00	2.03e-06	1.09e-14	1.31e-14
 1.84455e+23	2.42e-06	3.73e-03	2.15e-01	5.79e-01	1.69e-01	2.94e-02	3.76e-03	1.80e-05	0.00e+00	2.42e-06	1.33e-14	1.59e-14
 1.86047e+23	2.87e-06	4.16e-03	2.27e-01	5.78e-01	1.60e-01	2.67e-02	3.28e-03	1.48e-05	0.00e+00	2.87e-06	1.62e-14	1.93e-14
 1.87868e+23	3.54e-06	4.76e-03	2.43e-01	5.75e-01	1.50e-01	2.37e-02	2.76e-03	1.16e-05	0.00e+00	3.54e-06	2.06e-14	2.46e-14
 1.89720e+23	4.22e-06	5.33e-03	2.57e-01	5.71e-01	1.42e-01	2.14e-02	2.39e-03	9.36e-06	0.00e+00	4.22e-06	2.52e-14	3.01e-14
 1.91352e+23	5.00e-06	5.94e-03	2.71e-01	5.67e-01	1.34e-01	1.94e-02	2.07e-03	7.62e-06	0.00e+00	5.00e-06	3.07e-14	3.66e-14
 1.93214e+23	6.18e-06	6.81e-03	2.89e-01	5.60e-01	1.25e-01	1.70e-02	1.73e-03	5.88e-06	0.00e+00	6.18e-06	3.92e-14	4.68e-14
 1.95104e+23	7.35e-06	7.60e-03	3.05e-01	5.54e-01	1.17e-01	1.53e-02	1.48e-03	4.72e-06	0.00e+00	7.35e-06	4.80e-14	5.71e-14
 1.96777e+23	8.71e-06	8.47e-03	3.20e-01	5.46e-01	1.10e-01	1.37e-02	1.27e-03	3.80e-06	0.00e+00	8.71e-06	5.84e-14	6.96e-14
 1.98698e+23	1.08e-05	9.69e-03	3.40e-01	5.36e-01	1.01e-01	1.19e-02	1.05e-03	2.89e-06	0.00e+00	1.08e-05	7.49e-14	8.92e-14
 2.00651e+23	1.28e-05	1.08e-02	3.57e-01	5.26e-01	9.45e-02	1.06e-02	8.90e-04	2.28e-06	0.00e+00	1.28e-05	9.18e-14	1.09e-13
 2.02645e+23	1.59e-05	1.24e-02	3.79e-01	5.13e-01	8.63e-02	9.08e-03	7.25e-04	1.71e-06	0.00e+00	1.59e-05	1.19e-13	1.41e-13
 2.04663e+23	1.89e-05	1.38e-02	3.97e-01	5.01e-01	7.98e-02	7.99e-03	6.09e-04	1.33e-06	0.00e+00	1.89e-05	1.46e-13	1.73e-13
 2.06712e+23	2.34e-05	1.58e-02	4.20e-01	4.85e-01	7.24e-02	6.81e-03	4.91e-04	9.83e-07	0.00e+00	2.34e-05	1.89e-13	2.24e-13
 2.08799e+23	2.79e-05	1.76e-02	4.39e-01	4.71e-01	6.64e-02	5.93e-03	4.08e-04	7.57e-07	0.00e+00	2.79e-05	2.32e-13	2.76e-13
 2.10935e+23	3.47e-05	2.02e-02	4.63e-01	4.52e-01	5.96e-02	4.99e-03	3.24e-04	5.47e-07	0.00e+00	3.47e-05	3.03e-13	3.60e-13
 2.13112e+23	4.14e-05	2.26e-02	4.83e-01	4.36e-01	5.41e-02	4.30e-03	2.66e-04	4.14e-07	0.00e+00	4.14e-05	3.75e-13	4.45e-13
 2.15050e+23	4.92e-05	2.51e-02	5.03e-01	4.19e-01	4.92e-02	3.71e-03	2.19e-04	3.15e-07	0.00e+00	4.92e-05	4.62e-13	5.49e-13
 2.17278e+23	6.11e-05	2.87e-02	5.27e-01	3.98e-01	4.35e-02	3.07e-03	1.71e-04	2.22e-07	0.00e+00	6.11e-05	6.04e-13	7.16e-13
 2.19234e+23	6.93e-05	3.10e-02	5.42e-01	3.84e-01	4.01e-02	2.71e-03	1.45e-04	1.78e-07	0.00e+00	6.93e-05	7.03e-13	8.35e-13
 2.20838e+23	8.03e-05	3.39e-02	5.59e-01	3.68e-01	3.67e-02	2.37e-03	1.22e-04	1.39e-07	0.00e+00	8.03e-05	8.45e-13	1.00e-12
 2.22514e+23	9.11e-05	3.66e-02	5.73e-01	3.54e-01	3.37e-02	2.09e-03	1.04e-04	0.00e+00	0.00e+00	9.11e-05	9.89e-13	1.17e-12
 2.24285e+23	1.07e-04	4.05e-02	5.91e-01	3.36e-01	3.03e-02	1.78e-03	8.42e-05	0.00e+00	0.00e+00	1.07e-04	1.21e-12	1.44e-12
 2.26051e+23	1.22e-04	4.36e-02	6.05e-01	3.22e-01	2.77e-02	1.56e-03	7.11e-05	0.00e+00	0.00e+00	1.22e-04	1.42e-12	1.68e-12
 2.27810e+23	1.42e-04	4.79e-02	6.22e-01	3.04e-01	2.49e-02	1.33e-03	5.79e-05	0.00e+00	0.00e+00	1.42e-04	1.73e-12	2.05e-12
 2.29606e+23	1.61e-04	5.17e-02	6.35e-01	2.89e-01	2.25e-02	1.15e-03	4.82e-05	0.00e+00	0.00e+00	1.61e-04	2.03e-12	2.41e-12
 2.31451e+23	1.90e-04	5.71e-02	6.51e-01	2.70e-01	1.99e-02	9.62e-04	3.84e-05	0.00e+00	0.00e+00	1.90e-04	2.50e-12	2.96e-12
 2.33302e+23	2.14e-04	6.12e-02	6.64e-01	2.56e-01	1.80e-02	8.32e-04	3.19e-05	0.00e+00	0.00e+00	2.14e-04	2.92e-12	3.46e-12
 2.35161e+23	2.51e-04	6.73e-02	6.78e-01	2.38e-01	1.58e-02	6.93e-04	2.54e-05	0.00e+00	0.00e+00	2.51e-04	3.58e-12	4.23e-12
 2.37069e+23	2.85e-04	7.25e-02	6.89e-01	2.23e-01	1.41e-02	5.90e-04	2.07e-05	0.00e+00	0.00e+00	2.85e-04	4.22e-12	4.99e-12
 2.39040e+23	3.37e-04	8.01e-02	7.02e-01	2.05e-01	1.22e-02	4.81e-04	1.61e-05	0.00e+00	0.00e+00	3.37e-04	5.23e-12	6.19e-12
 2.41026e+23	3.81e-04	8.60e-02	7.11e-01	1.91e-01	1.08e-02	4.07e-04	1.30e-05	0.00e+00	0.00e+00	3.81e-04	6.15e-12	7.28e-12
 2.43032e+23	4.51e-04	9.50e-02	7.21e-01	1.74e-01	9.29e-03	3.28e-04	9.97e-06	0.00e+00	0.00e+00	4.51e-04	7.66e-12	9.05e-12
 2.45070e+23	5.11e-04	1.02e-01	7.29e-01	1.60e-01	8.16e-03	2.74e-04	7.99e-06	0.00e+00	0.00e+00	5.11e-04	9.03e-12	1.07e-11
 2.47150e+23	6.05e-04	1.13e-01	7.36e-01	1.44e-01	6.93e-03	2.18e-04	6.04e-06	0.00e+00	0.00e+00	6.05e-04	1.12e-11	1.33e-11
 2.49258e+23	6.87e-04	1.21e-01	7.41e-01	1.31e-01	6.02e-03	1.80e-04	4.78e-06	0.00e+00	0.00e+00	6.87e-04	1.33e-11	1.57e-11
 2.51402e+23	8.18e-04	1.34e-01	7.43e-01	1.16e-01	5.04e-03	1.40e-04	3.54e-06	0.00e+00	0.00e+00	8.18e-04	1.66e-11	1.97e-11
 2.53549e+23	9.29e-04	1.44e-01	7.45e-01	1.05e-01	4.35e-03	1.15e-04	2.78e-06	0.00e+00	0.00e+00	9.29e-04	1.97e-11	2.33e-11
 2.55697e+23	1.11e-03	1.60e-01	7.43e-01	9.19e-02	3.61e-03	8.80e-05	2.03e-06	0.00e+00	0.00e+00	1.11e-03	2.47e-11	2.92e-11
 2.57850e+23	1.26e-03	1.72e-01	7.41e-01	8.21e-02	3.09e-03	7.12e-05	1.58e-06	0.00e+00	0.00e+00	1.26e-03	2.93e-11	3.46e-11
 2.60007e+23	1.52e-03	1.91e-01	7.34e-01	7.06e-02	2.54e-03	5.37e-05	1.14e-06	0.00e+00	0.00e+00	1.52e-03	3.70e-11	4.38e-11
 2.62162e+23	1.73e-03	2.06e-01	7.27e-01	6.22e-02	2.16e-03	4.28e-05	8.80e-07	0.00e+00	0.00e+00	1.73e-03	4.40e-11	5.21e-11
 2.64315e+23	2.10e-03	2.30e-01	7.14e-01	5.25e-02	1.76e-03	3.17e-05	6.26e-07	0.00e+00	0.00e+00	2.10e-03	5.61e-11	6.64e-11
 2.66459e+23	2.41e-03	2.49e-01	7.02e-01	4.56e-02	1.49e-03	2.49e-05	4.78e-07	0.00e+00	0.00e+00	2.41e-03	6.70e-11	7.94e-11
 2.68591e+23	2.92e-03	2.77e-01	6.81e-01	3.77e-02	1.20e-03	1.80e-05	3.37e-07	0.00e+00	0.00e+00	2.92e-03	8.55e-11	1.01e-10
 2.70729e+23	3.39e-03	3.00e-01	6.63e-01	3.20e-02	1.01e-03	1.38e-05	2.54e-07	0.00e+00	0.00e+00	3.39e-03	1.03e-10	1.23e-10
 2.72874e+23	4.16e-03	3.35e-01	6.34e-01	2.57e-02	8.04e-04	9.67e-06	1.75e-07	0.00e+00	0.00e+00	4.16e-03	1.33e-10	1.58e-10
 2.75017e+23	4.88e-03	3.64e-01	6.09e-01	2.13e-02	6.69e-04	7.20e-06	1.30e-07	0.00e+00	0.00e+00	4.88e-03	1.62e-10	1.93e-10
 2.77155e+23	6.01e-03	4.05e-01	5.72e-01	1.66e-02	5.31e-04	4.88e-06	0.00e+00	0.00e+00	0.00e+00	6.01e-03	2.11e-10	2.50e-10
 2.79315e+23	7.16e-03	4.41e-01	5.38e-01	1.32e-02	4.35e-04	3.46e-06	0.00e+00	0.00e+00	0.00e+00	7.16e-03	2.61e-10	3.10e-10
 2.81209e+23	8.55e-03	4.79e-01	5.02e-01	1.04e-02	3.56e-04	2.43e-06	0.00e+00	0.00e+00	0.00e+00	8.55e-03	3.24e-10	3.84e-10
 2.83378e+23	1.07e-02	5.28e-01	4.54e-01	7.60e-03	2.77e-04	1.53e-06	0.00e+00	0.00e+00	0.00e+00	1.07e-02	4.26e-10	5.06e-10
 2.85582e+23	1.31e-02	5.73e-01	4.08e-01	5.60e-03	2.20e-04	9.86e-07	0.00e+00	0.00e+00	0.00e+00	1.31e-02	5.42e-10	6.44e-10
 2.87256e+23	1.53e-02	6.07e-01	3.73e-01	4.39e-03	1.84e-04	6.97e-07	0.00e+00	0.00e+00	0.00e+00	1.53e-02	6.50e-10	7.73e-10
 2.88857e+23	1.83e-02	6.46e-01	3.32e-01	3.26e-03	1.49e-04	4.58e-07	0.00e+00	0.00e+00	0.00e+00	1.83e-02	8.09e-10	9.61e-10
 2.90567e+23	2.20e-02	6.84e-01	2.92e-01	2.38e-03	1.19e-04	2.96e-07	0.00e+00	0.00e+00	0.00e+00	2.20e-02	1.00e-09	1.19e-09
 2.92140e+23	2.64e-02	7.18e-01	2.53e-01	1.72e-03	9.55e-05	1.90e-07	0.00e+00	0.00e+00	0.00e+00	2.64e-02	1.24e-09	1.48e-09
 2.93904e+23	3.32e-02	7.58e-01	2.08e-01	1.13e-03	7.10e-05	0.00e+00	0.00e+00	0.00e+00	0.00e+00	3.32e-02	1.63e-09	1.94e-09
 2.95675e+23	4.17e-02	7.90e-01	1.68e-01	7.31e-04	5.28e-05	0.00e+00	0.00e+00	0.00e+00	0.00e+00	4.17e-02	2.11e-09	2.51e-09
 2.97054e+23	5.07e-02	8.11e-01	1.38e-01	5.03e-04	4.06e-05	0.00e+00	0.00e+00	0.00e+00	0.00e+00	5.07e-02	2.63e-09	3.12e-09
 2.98222e+23	6.07e-02	8.26e-01	1.13e-01	3.52e-04	3.13e-05	0.00e+00	0.00e+00	0.00e+00	0.00e+00	6.07e-02	3.23e-09	3.82e-09
 2.99299e+23	7.26e-02	8.35e-01	9.17e-02	2.47e-04	2.40e-05	0.00e+00	0.00e+00	0.00e+00	0.00e+00	7.26e-02	3.93e-09	4.66e-09
 3.00270e+23	8.63e-02	8.39e-01	7.41e-02	1.76e-04	1.83e-05	0.00e+00	0.00e+00	0.00e+00	0.00e+00	8.63e-02	4.75e-09	5.62e-09
 3.01138e+23	1.02e-01	8.38e-01	5.98e-02	1.27e-04	1.40e-05	0.00e+00	0.00e+00	0.00e+00	0.00e+00	1.02e-01	5.66e-09	6.69e-09
 3.01924e+23	1.19e-01	8.33e-01	4.82e-02	9.33e-05	1.06e-05	0.00e+00	0.00e+00	0.00e+00	0.00e+00	1.19e-01	6.68e-09	7.90e-09
 3.02655e+23	1.39e-01	8.23e-01	3.88e-02	6.94e-05	8.09e-06	0.00e+00	0.00e+00	0.00e+00	0.00e+00	1.39e-01	7.82e-09	9.23e-09
 3.03352e+23	1.62e-01	8.07e-01	3.07e-02	5.16e-05	6.03e-06	0.00e+00	0.00e+00	0.00e+00	0.00e+00	1.62e-01	9.13e-09	1.08e-08
 3.04034e+23	1.90e-01	7.86e-01	2.39e-02	3.82e-05	4.37e-06	0.00e+00	0.00e+00	0.00e+00	0.00e+00	1.90e-01	1.07e-08	1.26e-08
 3.04683e+23	2.20e-01	7.61e-01	1.85e-02	2.87e-05	3.17e-06	0.00e+00	0.00e+00	0.00e+00	0.00e+00	2.20e-01	1.23e-08	1.45e-08
 3.05280e+23	2.54e-01	7.31e-01	1.43e-02	2.19e-05	2.28e-06	0.00e+00	0.00e+00	0.00e+00	0.00e+00	2.54e-01	1.40e-08	1.65e-08
 3.05829e+23	2.90e-01	6.99e-01	1.11e-02	1.70e-05	1.65e-06	0.00e+00	0.00e+00	0.00e+00	0.00e+00	2.90e-01	1.56e-08	1.84e-08
 3.06330e+23	3.28e-01	6.64e-01	8.72e-03	1.34e-05	1.21e-06	0.00e+00	0.00e+00	0.00e+00	0.00e+00	3.28e-01	1.72e-08	2.02e-08
 3.06796e+23	3.65e-01	6.28e-01	6.86e-03	1.08e-05	8.88e-07	0.00e+00	0.00e+00	0.00e+00	0.00e+00	3.65e-01	1.86e-08	2.19e-08
 3.07217e+23	4.01e-01	5.93e-01	5.49e-03	8.89e-06	6.68e-07	0.00e+00	0.00e+00	0.00e+00	0.00e+00	4.01e-01	1.98e-08	2.33e-08
 3.07576e+23	4.34e-01	5.62e-01	4.51e-03	7.52e-06	5.21e-07	0.00e+00	0.00e+00	0.00e+00	0.00e+00	4.34e-01	2.08e-08	2.44e-08
 3.07850e+23	4.58e-01	5.38e-01	3.88e-03	6.65e-06	4.32e-07	0.00e+00	0.00e+00	0.00e+00	0.00e+00	4.58e-01	2.14e-08	2.51e-08
 3.08059e+23	4.77e-01	5.19e-01	3.45e-03	6.05e-06	3.72e-07	0.00e+00	0.00e+00	0.00e+00	0.00e+00	4.77e-01	2.18e-08	2.56e-08
 3.08280e+23	4.98e-01	4.99e-01	3.03e-03	5.46e-06	3.17e-07	0.00e+00	0.00e+00	0.00e+00	0.00e+00	4.98e-01	2.23e-08	2.61e-08
 3.08484e+23	5.17e-01	4.80e-01	2.69e-03	4.98e-06	2.73e-07	0.00e+00	0.00e+00	0.00e+00	0.00e+00	5.17e-01	2.26e-08	2.65e-08
