#depth	N	N+	N+2	N+3	N+4	N+5	N+6	N+7
 1.54284e+22	3.25e-12	5.84e-08	2.93e-05	1.18e-03	7.78e-03	2.94e-01	5.08e-01	1.90e-01
 3.48022e+22	8.19e-12	1.41e-07	6.99e-05	2.67e-03	1.46e-02	3.85e-01	4.72e-01	1.25e-01
 4.07204e+22	1.19e-11	2.04e-07	1.01e-04	3.77e-03	1.91e-02	4.28e-01	4.47e-01	1.01e-01
 4.36795e+22	1.42e-11	2.44e-07	1.21e-04	4.45e-03	2.17e-02	4.49e-01	4.34e-01	9.10e-02
 4.51912e+22	1.57e-11	2.67e-07	1.33e-04	4.84e-03	2.31e-02	4.60e-01	4.26e-01	8.59e-02
 4.63996e+22	1.76e-11	3.00e-07	1.50e-04	5.39e-03	2.52e-02	4.74e-01	4.16e-01	7.96e-02
 4.76706e+22	1.95e-11	3.32e-07	1.66e-04	5.90e-03	2.70e-02	4.85e-01	4.07e-01	7.46e-02
 4.90230e+22	2.20e-11	3.75e-07	1.88e-04	6.62e-03	2.95e-02	5.00e-01	3.96e-01	6.83e-02
 5.03945e+22	2.43e-11	4.15e-07	2.08e-04	7.24e-03	3.16e-02	5.11e-01	3.86e-01	6.38e-02
 5.17909e+22	2.75e-11	4.70e-07	2.36e-04	8.11e-03	3.45e-02	5.25e-01	3.74e-01	5.82e-02
 5.32230e+22	3.06e-11	5.23e-07	2.63e-04	8.88e-03	3.69e-02	5.36e-01	3.64e-01	5.41e-02
 5.44310e+22	3.36e-11	5.72e-07	2.88e-04	9.60e-03	3.92e-02	5.45e-01	3.55e-01	5.06e-02
 5.57309e+22	3.76e-11	6.42e-07	3.23e-04	1.06e-02	4.23e-02	5.56e-01	3.44e-01	4.64e-02
 5.70016e+22	4.10e-11	6.99e-07	3.52e-04	1.14e-02	4.47e-02	5.65e-01	3.35e-01	4.36e-02
 5.82344e+22	4.55e-11	7.76e-07	3.92e-04	1.25e-02	4.79e-02	5.75e-01	3.24e-01	4.01e-02
 5.94789e+22	4.99e-11	8.50e-07	4.28e-04	1.34e-02	5.05e-02	5.82e-01	3.16e-01	3.76e-02
 6.07385e+22	5.55e-11	9.46e-07	4.77e-04	1.47e-02	5.40e-02	5.91e-01	3.05e-01	3.44e-02
 6.20156e+22	6.11e-11	1.04e-06	5.21e-04	1.57e-02	5.69e-02	5.98e-01	2.96e-01	3.22e-02
 6.33153e+22	6.82e-11	1.16e-06	5.83e-04	1.72e-02	6.09e-02	6.07e-01	2.85e-01	2.94e-02
 6.46340e+22	7.54e-11	1.27e-06	6.39e-04	1.85e-02	6.40e-02	6.13e-01	2.77e-01	2.74e-02
 6.59773e+22	8.45e-11	1.43e-06	7.16e-04	2.02e-02	6.85e-02	6.20e-01	2.65e-01	2.49e-02
 6.73436e+22	9.41e-11	1.58e-06	7.87e-04	2.17e-02	7.20e-02	6.26e-01	2.57e-01	2.31e-02
 6.87396e+22	1.06e-10	1.78e-06	8.86e-04	2.38e-02	7.70e-02	6.32e-01	2.45e-01	2.09e-02
 7.01637e+22	1.19e-10	1.98e-06	9.78e-04	2.56e-02	8.09e-02	6.36e-01	2.37e-01	1.94e-02
 7.16243e+22	1.34e-10	2.24e-06	1.11e-03	2.80e-02	8.65e-02	6.42e-01	2.25e-01	1.74e-02
 7.31230e+22	1.51e-10	2.50e-06	1.23e-03	3.02e-02	9.10e-02	6.45e-01	2.16e-01	1.60e-02
 7.46711e+22	1.74e-10	2.86e-06	1.40e-03	3.32e-02	9.73e-02	6.49e-01	2.05e-01	1.43e-02
 7.62422e+22	1.97e-10	3.21e-06	1.55e-03	3.58e-02	1.02e-01	6.51e-01	1.96e-01	1.30e-02
 7.78432e+22	2.28e-10	3.69e-06	1.78e-03	3.94e-02	1.09e-01	6.53e-01	1.85e-01	1.16e-02
 7.94623e+22	2.52e-10	4.16e-06	1.98e-03	4.24e-02	1.15e-01	6.54e-01	1.77e-01	1.06e-02
 8.11049e+22	2.94e-10	4.80e-06	2.27e-03	4.66e-02	1.22e-01	6.54e-01	1.66e-01	9.31e-03
 8.27724e+22	3.37e-10	5.44e-06	2.53e-03	5.02e-02	1.28e-01	6.53e-01	1.58e-01	8.45e-03
 8.42350e+22	3.84e-10	6.12e-06	2.82e-03	5.39e-02	1.34e-01	6.51e-01	1.50e-01	7.66e-03
 8.58992e+22	4.49e-10	7.09e-06	3.23e-03	5.91e-02	1.42e-01	6.49e-01	1.40e-01	6.73e-03
 8.75788e+22	5.15e-10	8.02e-06	3.61e-03	6.34e-02	1.48e-01	6.45e-01	1.33e-01	6.08e-03
 8.89613e+22	5.79e-10	8.92e-06	3.96e-03	6.75e-02	1.54e-01	6.42e-01	1.27e-01	5.56e-03
 9.04417e+22	6.73e-10	1.02e-05	4.46e-03	7.28e-02	1.61e-01	6.37e-01	1.19e-01	4.96e-03
 9.19564e+22	7.62e-10	1.14e-05	4.93e-03	7.76e-02	1.67e-01	6.32e-01	1.13e-01	4.50e-03
 9.33043e+22	8.62e-10	1.27e-05	5.43e-03	8.25e-02	1.73e-01	6.27e-01	1.08e-01	4.09e-03
 9.48451e+22	1.01e-09	1.47e-05	6.13e-03	8.89e-02	1.81e-01	6.20e-01	1.01e-01	3.63e-03
 9.64464e+22	1.16e-09	1.65e-05	6.82e-03	9.50e-02	1.88e-01	6.13e-01	9.46e-02	3.24e-03
 9.78763e+22	1.32e-09	1.86e-05	7.52e-03	1.01e-01	1.94e-01	6.05e-01	8.93e-02	2.93e-03
 9.94851e+22	1.56e-09	2.15e-05	8.51e-03	1.09e-01	2.02e-01	5.95e-01	8.30e-02	2.58e-03
 1.01168e+23	1.80e-09	2.44e-05	9.51e-03	1.16e-01	2.09e-01	5.85e-01	7.74e-02	2.28e-03
 1.02688e+23	2.08e-09	2.76e-05	1.05e-02	1.24e-01	2.15e-01	5.76e-01	7.26e-02	2.04e-03
 1.04401e+23	2.50e-09	3.23e-05	1.20e-02	1.33e-01	2.23e-01	5.63e-01	6.68e-02	1.77e-03
 1.06173e+23	2.92e-09	3.69e-05	1.34e-02	1.42e-01	2.31e-01	5.50e-01	6.19e-02	1.55e-03
 1.07754e+23	3.38e-09	4.19e-05	1.49e-02	1.51e-01	2.37e-01	5.38e-01	5.76e-02	1.37e-03
 1.09541e+23	4.09e-09	4.92e-05	1.69e-02	1.62e-01	2.45e-01	5.23e-01	5.25e-02	1.18e-03
 1.11399e+23	4.83e-09	5.66e-05	1.90e-02	1.73e-01	2.51e-01	5.08e-01	4.81e-02	1.02e-03
 1.13069e+23	5.66e-09	6.47e-05	2.11e-02	1.83e-01	2.57e-01	4.93e-01	4.43e-02	8.93e-04
 1.14962e+23	6.94e-09	7.66e-05	2.41e-02	1.97e-01	2.64e-01	4.74e-01	3.98e-02	7.50e-04
 1.16916e+23	8.25e-09	8.85e-05	2.70e-02	2.09e-01	2.70e-01	4.57e-01	3.62e-02	6.44e-04
 1.18679e+23	9.77e-09	1.02e-04	3.00e-02	2.21e-01	2.75e-01	4.41e-01	3.30e-02	5.54e-04
 1.20698e+23	1.22e-08	1.22e-04	3.44e-02	2.37e-01	2.80e-01	4.19e-01	2.91e-02	4.56e-04
 1.22744e+23	1.45e-08	1.41e-04	3.84e-02	2.50e-01	2.84e-01	4.00e-01	2.62e-02	3.85e-04
 1.24553e+23	1.73e-08	1.62e-04	4.27e-02	2.64e-01	2.87e-01	3.83e-01	2.36e-02	3.28e-04
 1.26631e+23	2.17e-08	1.94e-04	4.88e-02	2.81e-01	2.90e-01	3.59e-01	2.05e-02	2.65e-04
 1.28736e+23	2.60e-08	2.24e-04	5.42e-02	2.95e-01	2.92e-01	3.40e-01	1.83e-02	2.22e-04
 1.30876e+23	3.28e-08	2.69e-04	6.17e-02	3.13e-01	2.93e-01	3.17e-01	1.57e-02	1.77e-04
 1.33059e+23	3.98e-08	3.13e-04	6.87e-02	3.27e-01	2.92e-01	2.98e-01	1.38e-02	1.46e-04
 1.35002e+23	4.80e-08	3.62e-04	7.59e-02	3.41e-01	2.91e-01	2.79e-01	1.22e-02	1.21e-04
 1.37230e+23	6.12e-08	4.37e-04	8.63e-02	3.59e-01	2.89e-01	2.56e-01	1.03e-02	9.37e-05
 1.39489e+23	7.42e-08	5.06e-04	9.52e-02	3.72e-01	2.85e-01	2.37e-01	8.91e-03	7.62e-05
 1.41788e+23	9.51e-08	6.12e-04	1.08e-01	3.89e-01	2.80e-01	2.15e-01	7.39e-03	5.81e-05
 1.44117e+23	1.16e-07	7.10e-04	1.19e-01	4.02e-01	2.75e-01	1.98e-01	6.34e-03	4.66e-05
 1.46151e+23	1.40e-07	8.18e-04	1.30e-01	4.13e-01	2.69e-01	1.82e-01	5.45e-03	3.75e-05
 1.48054e+23	1.66e-07	9.29e-04	1.40e-01	4.23e-01	2.63e-01	1.68e-01	4.74e-03	3.08e-05
 1.50123e+23	2.07e-07	1.09e-03	1.55e-01	4.34e-01	2.55e-01	1.52e-01	3.96e-03	2.38e-05
 1.52206e+23	2.46e-07	1.24e-03	1.67e-01	4.42e-01	2.48e-01	1.39e-01	3.41e-03	1.93e-05
 1.54018e+23	2.91e-07	1.40e-03	1.79e-01	4.48e-01	2.40e-01	1.28e-01	2.94e-03	1.57e-05
 1.56083e+23	3.60e-07	1.63e-03	1.95e-01	4.56e-01	2.30e-01	1.14e-01	2.43e-03	1.20e-05
 1.58194e+23	4.30e-07	1.85e-03	2.10e-01	4.61e-01	2.22e-01	1.04e-01	2.06e-03	9.53e-06
 1.60366e+23	5.36e-07	2.16e-03	2.28e-01	4.66e-01	2.11e-01	9.15e-02	1.67e-03	7.15e-06
 1.62561e+23	6.41e-07	2.45e-03	2.44e-01	4.68e-01	2.01e-01	8.23e-02	1.41e-03	5.62e-06
 1.64495e+23	7.62e-07	2.77e-03	2.60e-01	4.70e-01	1.92e-01	7.41e-02	1.18e-03	4.43e-06
 1.66720e+23	9.52e-07	3.23e-03	2.81e-01	4.70e-01	1.80e-01	6.44e-02	9.43e-04	3.25e-06
 1.68776e+23	1.10e-06	3.57e-03	2.96e-01	4.69e-01	1.72e-01	5.86e-02	8.09e-04	2.63e-06
 1.70614e+23	1.31e-06	4.02e-03	3.13e-01	4.67e-01	1.62e-01	5.21e-02	6.70e-04	2.04e-06
 1.72504e+23	1.53e-06	4.45e-03	3.29e-01	4.65e-01	1.54e-01	4.70e-02	5.68e-04	1.63e-06
 1.74192e+23	1.76e-06	4.90e-03	3.44e-01	4.62e-01	1.47e-01	4.25e-02	4.85e-04	1.31e-06
 1.76116e+23	2.11e-06	5.53e-03	3.63e-01	4.57e-01	1.37e-01	3.74e-02	3.95e-04	9.95e-07
 1.78071e+23	2.44e-06	6.10e-03	3.79e-01	4.51e-01	1.29e-01	3.35e-02	3.32e-04	7.86e-07
 1.79798e+23	2.82e-06	6.70e-03	3.95e-01	4.46e-01	1.22e-01	3.00e-02	2.80e-04	6.24e-07
 1.81772e+23	3.38e-06	7.55e-03	4.15e-01	4.38e-01	1.13e-01	2.61e-02	2.25e-04	4.66e-07
 1.83770e+23	3.92e-06	8.33e-03	4.32e-01	4.31e-01	1.06e-01	2.32e-02	1.87e-04	3.64e-07
 1.85524e+23	4.53e-06	9.15e-03	4.48e-01	4.23e-01	9.94e-02	2.07e-02	1.57e-04	2.86e-07
 1.87530e+23	5.42e-06	1.03e-02	4.68e-01	4.13e-01	9.15e-02	1.79e-02	1.25e-04	2.11e-07
 1.89571e+23	6.29e-06	1.13e-02	4.84e-01	4.03e-01	8.51e-02	1.58e-02	1.03e-04	1.63e-07
 1.91382e+23	7.27e-06	1.24e-02	5.00e-01	3.94e-01	7.92e-02	1.40e-02	8.50e-05	1.26e-07
 1.93462e+23	8.71e-06	1.39e-02	5.20e-01	3.82e-01	7.22e-02	1.19e-02	6.67e-05	0.00e+00
 1.95575e+23	1.01e-05	1.53e-02	5.37e-01	3.71e-01	6.67e-02	1.04e-02	5.43e-05	0.00e+00
 1.97732e+23	1.22e-05	1.72e-02	5.57e-01	3.57e-01	6.03e-02	8.83e-03	4.20e-05	0.00e+00
 1.99916e+23	1.42e-05	1.89e-02	5.73e-01	3.45e-01	5.53e-02	7.67e-03	3.39e-05	0.00e+00
 2.02134e+23	1.70e-05	2.12e-02	5.92e-01	3.31e-01	4.97e-02	6.43e-03	2.59e-05	0.00e+00
 2.04394e+23	1.99e-05	2.34e-02	6.08e-01	3.18e-01	4.53e-02	5.54e-03	2.06e-05	0.00e+00
 2.06708e+23	2.40e-05	2.63e-02	6.26e-01	3.03e-01	4.03e-02	4.60e-03	1.55e-05	0.00e+00
 2.09067e+23	2.81e-05	2.89e-02	6.41e-01	2.90e-01	3.64e-02	3.92e-03	1.22e-05	0.00e+00
 2.11168e+23	3.28e-05	3.17e-02	6.55e-01	2.77e-01	3.30e-02	3.35e-03	9.59e-06	0.00e+00
 2.13584e+23	3.97e-05	3.57e-02	6.72e-01	2.61e-01	2.90e-02	2.74e-03	7.08e-06	0.00e+00
 2.15704e+23	4.47e-05	3.82e-02	6.82e-01	2.51e-01	2.67e-02	2.42e-03	5.85e-06	0.00e+00
 2.17441e+23	5.09e-05	4.14e-02	6.92e-01	2.40e-01	2.44e-02	2.10e-03	4.72e-06	0.00e+00
 2.19258e+23	5.71e-05	4.43e-02	7.01e-01	2.30e-01	2.24e-02	1.85e-03	3.89e-06	0.00e+00
 2.21178e+23	6.63e-05	4.85e-02	7.11e-01	2.18e-01	2.01e-02	1.57e-03	3.04e-06	0.00e+00
 2.23093e+23	7.45e-05	5.19e-02	7.19e-01	2.09e-01	1.84e-02	1.37e-03	2.48e-06	0.00e+00
 2.25002e+23	8.58e-05	5.66e-02	7.28e-01	1.98e-01	1.66e-02	1.17e-03	1.95e-06	0.00e+00
 2.26951e+23	9.69e-05	6.07e-02	7.35e-01	1.88e-01	1.51e-02	1.01e-03	1.57e-06	0.00e+00
 2.28952e+23	1.12e-04	6.63e-02	7.43e-01	1.77e-01	1.34e-02	8.52e-04	1.21e-06	0.00e+00
 2.30979e+23	1.27e-04	7.11e-02	7.49e-01	1.67e-01	1.22e-02	7.34e-04	9.68e-07	0.00e+00
 2.33039e+23	1.48e-04	7.79e-02	7.55e-01	1.56e-01	1.07e-02	6.09e-04	7.32e-07	0.00e+00
 2.35113e+23	1.67e-04	8.34e-02	7.59e-01	1.47e-01	9.70e-03	5.25e-04	5.85e-07	0.00e+00
 2.37207e+23	1.95e-04	9.14e-02	7.63e-01	1.36e-01	8.52e-03	4.33e-04	4.39e-07	0.00e+00
 2.39336e+23	2.21e-04	9.80e-02	7.66e-01	1.28e-01	7.64e-03	3.69e-04	3.45e-07	0.00e+00
 2.41514e+23	2.61e-04	1.08e-01	7.68e-01	1.17e-01	6.65e-03	3.00e-04	2.54e-07	0.00e+00
 2.43717e+23	2.96e-04	1.16e-01	7.68e-01	1.09e-01	5.94e-03	2.54e-04	1.98e-07	0.00e+00
 2.45952e+23	3.48e-04	1.27e-01	7.67e-01	9.98e-02	5.14e-03	2.04e-04	1.44e-07	0.00e+00
 2.48219e+23	3.97e-04	1.37e-01	7.66e-01	9.22e-02	4.56e-03	1.71e-04	0.00e+00	0.00e+00
 2.50528e+23	4.72e-04	1.51e-01	7.62e-01	8.30e-02	3.91e-03	1.36e-04	0.00e+00	0.00e+00
 2.52833e+23	5.40e-04	1.62e-01	7.57e-01	7.62e-02	3.45e-03	1.13e-04	0.00e+00	0.00e+00
 2.55132e+23	6.44e-04	1.79e-01	7.49e-01	6.79e-02	2.94e-03	8.84e-05	0.00e+00	0.00e+00
 2.57432e+23	7.38e-04	1.93e-01	7.42e-01	6.17e-02	2.59e-03	7.28e-05	0.00e+00	0.00e+00
 2.59732e+23	8.86e-04	2.14e-01	7.29e-01	5.43e-02	2.19e-03	5.62e-05	0.00e+00	0.00e+00
 2.62027e+23	1.02e-03	2.31e-01	7.17e-01	4.89e-02	1.92e-03	4.58e-05	0.00e+00	0.00e+00
 2.64313e+23	1.23e-03	2.56e-01	6.99e-01	4.23e-02	1.61e-03	3.47e-05	0.00e+00	0.00e+00
 2.66588e+23	1.43e-03	2.76e-01	6.83e-01	3.76e-02	1.40e-03	2.79e-05	0.00e+00	0.00e+00
 2.68848e+23	1.73e-03	3.06e-01	6.59e-01	3.21e-02	1.17e-03	2.07e-05	0.00e+00	0.00e+00
 2.71107e+23	2.02e-03	3.32e-01	6.37e-01	2.80e-02	1.00e-03	1.62e-05	0.00e+00	0.00e+00
 2.73365e+23	2.46e-03	3.67e-01	6.06e-01	2.33e-02	8.24e-04	1.18e-05	0.00e+00	0.00e+00
 2.75632e+23	2.90e-03	3.98e-01	5.78e-01	1.99e-02	6.97e-04	8.91e-06	0.00e+00	0.00e+00
 2.77910e+23	3.56e-03	4.40e-01	5.39e-01	1.61e-02	5.59e-04	6.19e-06	0.00e+00	0.00e+00
 2.80202e+23	4.24e-03	4.78e-01	5.04e-01	1.33e-02	4.61e-04	4.49e-06	0.00e+00	0.00e+00
 2.82192e+23	5.03e-03	5.16e-01	4.68e-01	1.09e-02	3.78e-04	3.22e-06	0.00e+00	0.00e+00
 2.84458e+23	6.22e-03	5.65e-01	4.20e-01	8.29e-03	2.90e-04	2.07e-06	0.00e+00	0.00e+00
 2.86756e+23	7.51e-03	6.10e-01	3.76e-01	6.40e-03	2.26e-04	1.37e-06	0.00e+00	0.00e+00
 2.88514e+23	8.68e-03	6.45e-01	3.41e-01	5.17e-03	1.84e-04	9.75e-07	0.00e+00	0.00e+00
 2.90218e+23	1.03e-02	6.85e-01	3.01e-01	3.97e-03	1.42e-04	6.39e-07	0.00e+00	0.00e+00
 2.92030e+23	1.21e-02	7.23e-01	2.61e-01	2.99e-03	1.07e-04	4.10e-07	0.00e+00	0.00e+00
 2.93691e+23	1.43e-02	7.59e-01	2.25e-01	2.23e-03	8.04e-05	2.60e-07	0.00e+00	0.00e+00
 2.95294e+23	1.68e-02	7.92e-01	1.90e-01	1.63e-03	5.86e-05	1.59e-07	0.00e+00	0.00e+00
 2.96829e+23	1.98e-02	8.22e-01	1.57e-01	1.17e-03	4.16e-05	0.00e+00	0.00e+00	0.00e+00
 2.98258e+23	2.32e-02	8.47e-01	1.29e-01	8.36e-04	2.91e-05	0.00e+00	0.00e+00	0.00e+00
 2.99586e+23	2.73e-02	8.69e-01	1.03e-01	5.89e-04	1.98e-05	0.00e+00	0.00e+00	0.00e+00
 3.00816e+23	3.20e-02	8.85e-01	8.25e-02	4.17e-04	1.33e-05	0.00e+00	0.00e+00	0.00e+00
 3.01953e+23	3.77e-02	8.97e-01	6.46e-02	2.93e-04	8.74e-06	0.00e+00	0.00e+00	0.00e+00
 3.02986e+23	4.42e-02	9.05e-01	5.06e-02	2.10e-04	5.74e-06	0.00e+00	0.00e+00	0.00e+00
 3.03907e+23	5.17e-02	9.09e-01	3.95e-02	1.53e-04	3.76e-06	0.00e+00	0.00e+00	0.00e+00
 3.04738e+23	6.06e-02	9.09e-01	3.08e-02	1.14e-04	2.47e-06	0.00e+00	0.00e+00	0.00e+00
 3.05476e+23	7.01e-02	9.06e-01	2.43e-02	8.79e-05	1.66e-06	0.00e+00	0.00e+00	0.00e+00
 3.06152e+23	8.13e-02	8.99e-01	1.91e-02	6.86e-05	1.12e-06	0.00e+00	0.00e+00	0.00e+00
 3.06790e+23	9.46e-02	8.90e-01	1.50e-02	5.44e-05	7.54e-07	0.00e+00	0.00e+00	0.00e+00
 3.07374e+23	1.10e-01	8.78e-01	1.18e-02	4.40e-05	5.15e-07	0.00e+00	0.00e+00	0.00e+00
 3.07906e+23	1.27e-01	8.64e-01	9.42e-03	3.62e-05	3.59e-07	0.00e+00	0.00e+00	0.00e+00
 3.08364e+23	1.44e-01	8.48e-01	7.65e-03	3.07e-05	2.60e-07	0.00e+00	0.00e+00	0.00e+00
