#depth	N	N+	N+2	N+3	N+4	N+5	N+6	N+7
 4.62852e+21	0.00e+00	5.16e-28	8.60e-22	2.48e-16	2.22e-11	3.36e-07	5.10e-04	9.99e-01
 1.02205e+22	1.35e-33	4.63e-26	3.32e-20	4.32e-15	1.80e-10	1.37e-06	1.03e-03	9.99e-01
 1.15391e+22	1.08e-32	2.35e-25	1.24e-19	1.19e-14	3.75e-10	2.27e-06	1.33e-03	9.99e-01
 1.20716e+22	3.01e-32	5.24e-25	2.37e-19	1.96e-14	5.37e-10	2.91e-06	1.52e-03	9.98e-01
 1.22990e+22	3.99e-32	6.54e-25	2.83e-19	2.25e-14	5.93e-10	3.11e-06	1.58e-03	9.98e-01
 1.24136e+22	5.80e-32	8.76e-25	3.58e-19	2.69e-14	6.75e-10	3.40e-06	1.65e-03	9.98e-01
 1.25343e+22	7.99e-32	1.12e-24	4.37e-19	3.14e-14	7.53e-10	3.67e-06	1.72e-03	9.98e-01
 1.26535e+22	1.14e-31	1.49e-24	5.48e-19	3.73e-14	8.51e-10	4.00e-06	1.81e-03	9.98e-01
 1.27751e+22	1.59e-31	1.93e-24	6.74e-19	4.37e-14	9.53e-10	4.33e-06	1.89e-03	9.98e-01
 1.28964e+22	2.27e-31	2.54e-24	8.42e-19	5.17e-14	1.07e-09	4.71e-06	1.98e-03	9.98e-01
 1.30195e+22	3.19e-31	3.32e-24	1.04e-18	6.07e-14	1.20e-09	5.11e-06	2.07e-03	9.98e-01
 1.31375e+22	4.41e-31	4.27e-24	1.27e-18	7.08e-14	1.34e-09	5.51e-06	2.16e-03	9.98e-01
 1.32577e+22	6.25e-31	5.61e-24	1.58e-18	8.35e-14	1.51e-09	5.99e-06	2.26e-03	9.98e-01
 1.33796e+22	8.70e-31	7.27e-24	1.95e-18	9.75e-14	1.68e-09	6.47e-06	2.36e-03	9.98e-01
 1.34965e+22	1.20e-30	9.32e-24	2.37e-18	1.13e-13	1.87e-09	6.97e-06	2.47e-03	9.98e-01
 1.36159e+22	1.68e-30	1.22e-23	2.93e-18	1.33e-13	2.08e-09	7.54e-06	2.58e-03	9.97e-01
 1.37363e+22	2.32e-30	1.56e-23	3.58e-18	1.54e-13	2.31e-09	8.12e-06	2.70e-03	9.97e-01
 1.38562e+22	3.25e-30	2.03e-23	4.41e-18	1.80e-13	2.57e-09	8.78e-06	2.83e-03	9.97e-01
 1.39777e+22	4.52e-30	2.63e-23	5.40e-18	2.09e-13	2.85e-09	9.46e-06	2.96e-03	9.97e-01
 1.40962e+22	6.21e-30	3.37e-23	6.57e-18	2.42e-13	3.15e-09	1.02e-05	3.09e-03	9.97e-01
 1.42153e+22	8.62e-30	4.35e-23	8.05e-18	2.81e-13	3.49e-09	1.09e-05	3.23e-03	9.97e-01
 1.43363e+22	1.19e-29	5.61e-23	9.82e-18	3.26e-13	3.85e-09	1.18e-05	3.38e-03	9.97e-01
 1.44564e+22	1.65e-29	7.20e-23	1.20e-17	3.76e-13	4.24e-09	1.26e-05	3.54e-03	9.96e-01
 1.45760e+22	2.27e-29	9.24e-23	1.45e-17	4.34e-13	4.66e-09	1.36e-05	3.70e-03	9.96e-01
 1.46953e+22	3.11e-29	1.18e-22	1.76e-17	5.00e-13	5.12e-09	1.45e-05	3.87e-03	9.96e-01
 1.48139e+22	4.26e-29	1.51e-22	2.13e-17	5.74e-13	5.60e-09	1.55e-05	4.04e-03	9.96e-01
 1.49318e+22	5.82e-29	1.93e-22	2.58e-17	6.58e-13	6.11e-09	1.66e-05	4.22e-03	9.96e-01
 1.50491e+22	7.92e-29	2.45e-22	3.10e-17	7.52e-13	6.66e-09	1.77e-05	4.41e-03	9.96e-01
 1.51657e+22	1.07e-28	3.10e-22	3.73e-17	8.57e-13	7.23e-09	1.89e-05	4.61e-03	9.95e-01
 1.52817e+22	1.45e-28	3.92e-22	4.47e-17	9.74e-13	7.83e-09	2.01e-05	4.82e-03	9.95e-01
 1.53971e+22	1.96e-28	4.94e-22	5.34e-17	1.11e-12	8.46e-09	2.13e-05	5.03e-03	9.95e-01
 1.55117e+22	2.64e-28	6.21e-22	6.36e-17	1.25e-12	9.12e-09	2.26e-05	5.25e-03	9.95e-01
 1.56256e+22	3.53e-28	7.79e-22	7.56e-17	1.41e-12	9.80e-09	2.39e-05	5.48e-03	9.94e-01
 1.57392e+22	4.71e-28	9.74e-22	8.97e-17	1.59e-12	1.05e-08	2.53e-05	5.71e-03	9.94e-01
 1.58524e+22	6.28e-28	1.22e-21	1.06e-16	1.78e-12	1.12e-08	2.67e-05	5.96e-03	9.94e-01
 1.59655e+22	8.33e-28	1.51e-21	1.25e-16	2.00e-12	1.20e-08	2.82e-05	6.21e-03	9.94e-01
 1.60787e+22	1.10e-27	1.88e-21	1.48e-16	2.23e-12	1.28e-08	2.96e-05	6.48e-03	9.93e-01
 1.61919e+22	1.46e-27	2.33e-21	1.73e-16	2.49e-12	1.35e-08	3.12e-05	6.75e-03	9.93e-01
 1.63055e+22	1.92e-27	2.88e-21	2.03e-16	2.77e-12	1.43e-08	3.28e-05	7.04e-03	9.93e-01
 1.64197e+22	2.52e-27	3.55e-21	2.38e-16	3.08e-12	1.51e-08	3.44e-05	7.33e-03	9.93e-01
 1.65350e+22	3.30e-27	4.37e-21	2.78e-16	3.41e-12	1.60e-08	3.60e-05	7.64e-03	9.92e-01
 1.66515e+22	4.32e-27	5.38e-21	3.24e-16	3.78e-12	1.68e-08	3.78e-05	7.96e-03	9.92e-01
 1.67694e+22	5.65e-27	6.61e-21	3.78e-16	4.18e-12	1.77e-08	3.95e-05	8.29e-03	9.92e-01
 1.68890e+22	7.38e-27	8.11e-21	4.40e-16	4.61e-12	1.85e-08	4.14e-05	8.64e-03	9.91e-01
 1.70107e+22	9.62e-27	9.96e-21	5.12e-16	5.09e-12	1.94e-08	4.33e-05	9.00e-03	9.91e-01
 1.71350e+22	1.25e-26	1.22e-20	5.96e-16	5.61e-12	2.03e-08	4.53e-05	9.38e-03	9.91e-01
 1.72622e+22	1.64e-26	1.50e-20	6.93e-16	6.19e-12	2.13e-08	4.74e-05	9.78e-03	9.90e-01
 1.73865e+22	2.08e-26	1.81e-20	7.95e-16	6.76e-12	2.22e-08	4.93e-05	1.02e-02	9.90e-01
 1.75147e+22	2.72e-26	2.22e-20	9.26e-16	7.46e-12	2.32e-08	5.17e-05	1.06e-02	9.89e-01
 1.76451e+22	3.45e-26	2.67e-20	1.06e-15	8.14e-12	2.41e-08	5.38e-05	1.10e-02	9.89e-01
 1.77798e+22	4.52e-26	3.29e-20	1.24e-15	9.00e-12	2.52e-08	5.65e-05	1.15e-02	9.88e-01
 1.79169e+22	5.71e-26	3.95e-20	1.42e-15	9.83e-12	2.63e-08	5.89e-05	1.19e-02	9.88e-01
 1.80589e+22	7.53e-26	4.90e-20	1.66e-15	1.09e-11	2.75e-08	6.19e-05	1.25e-02	9.87e-01
 1.82038e+22	9.52e-26	5.88e-20	1.91e-15	1.19e-11	2.87e-08	6.46e-05	1.29e-02	9.87e-01
 1.83370e+22	1.19e-25	7.01e-20	2.17e-15	1.30e-11	2.98e-08	6.74e-05	1.34e-02	9.87e-01
 1.84888e+22	1.59e-25	8.78e-20	2.57e-15	1.45e-11	3.14e-08	7.12e-05	1.41e-02	9.86e-01
 1.86420e+22	1.98e-25	1.05e-19	2.93e-15	1.58e-11	3.27e-08	7.43e-05	1.46e-02	9.85e-01
 1.87969e+22	2.63e-25	1.31e-19	3.46e-15	1.76e-11	3.45e-08	7.86e-05	1.53e-02	9.85e-01
 1.89522e+22	3.26e-25	1.55e-19	3.94e-15	1.92e-11	3.59e-08	8.21e-05	1.58e-02	9.84e-01
 1.91082e+22	4.33e-25	1.94e-19	4.66e-15	2.15e-11	3.79e-08	8.70e-05	1.65e-02	9.83e-01
 1.92668e+22	5.36e-25	2.30e-19	5.30e-15	2.35e-11	3.97e-08	9.11e-05	1.71e-02	9.83e-01
 1.94289e+22	7.16e-25	2.89e-19	6.31e-15	2.64e-11	4.20e-08	9.68e-05	1.79e-02	9.82e-01
 1.95904e+22	8.79e-25	3.41e-19	7.16e-15	2.88e-11	4.40e-08	1.01e-04	1.85e-02	9.81e-01
 1.97511e+22	1.16e-24	4.25e-19	8.48e-15	3.23e-11	4.67e-08	1.08e-04	1.94e-02	9.81e-01
 1.99156e+22	1.45e-24	5.09e-19	9.74e-15	3.55e-11	4.91e-08	1.13e-04	2.01e-02	9.80e-01
 2.00848e+22	1.94e-24	6.43e-19	1.17e-14	4.02e-11	5.24e-08	1.21e-04	2.10e-02	9.79e-01
 2.02544e+22	2.42e-24	7.69e-19	1.34e-14	4.43e-11	5.52e-08	1.27e-04	2.17e-02	9.78e-01
 2.04245e+22	3.25e-24	9.75e-19	1.61e-14	5.04e-11	5.91e-08	1.36e-04	2.28e-02	9.77e-01
 2.05976e+22	4.11e-24	1.18e-18	1.86e-14	5.58e-11	6.26e-08	1.44e-04	2.36e-02	9.76e-01
 2.07747e+22	5.60e-24	1.52e-18	2.27e-14	6.41e-11	6.75e-08	1.55e-04	2.47e-02	9.75e-01
 2.09543e+22	7.16e-24	1.85e-18	2.65e-14	7.16e-11	7.18e-08	1.64e-04	2.57e-02	9.74e-01
 2.11101e+22	9.11e-24	2.25e-18	3.09e-14	7.98e-11	7.63e-08	1.74e-04	2.66e-02	9.73e-01
 2.12570e+22	1.14e-23	2.71e-18	3.56e-14	8.84e-11	8.08e-08	1.83e-04	2.75e-02	9.72e-01
 2.14193e+22	1.54e-23	3.45e-18	4.32e-14	1.01e-10	8.74e-08	1.97e-04	2.88e-02	9.71e-01
 2.15810e+22	1.94e-23	4.17e-18	5.01e-14	1.13e-10	9.29e-08	2.08e-04	2.97e-02	9.70e-01
 2.17118e+22	2.37e-23	4.92e-18	5.71e-14	1.24e-10	9.81e-08	2.19e-04	3.06e-02	9.69e-01
 2.18519e+22	3.12e-23	6.16e-18	6.82e-14	1.41e-10	1.06e-07	2.33e-04	3.18e-02	9.68e-01
 2.19813e+22	3.71e-23	7.11e-18	7.63e-14	1.53e-10	1.11e-07	2.43e-04	3.26e-02	9.67e-01
 2.20968e+22	4.72e-23	8.68e-18	8.93e-14	1.71e-10	1.18e-07	2.57e-04	3.37e-02	9.66e-01
 2.22123e+22	5.61e-23	1.00e-17	1.00e-13	1.86e-10	1.24e-07	2.68e-04	3.45e-02	9.65e-01
 2.23278e+22	7.13e-23	1.22e-17	1.17e-13	2.08e-10	1.33e-07	2.84e-04	3.56e-02	9.64e-01
 2.24413e+22	8.55e-23	1.42e-17	1.32e-13	2.27e-10	1.40e-07	2.97e-04	3.65e-02	9.63e-01
 2.25520e+22	1.10e-22	1.75e-17	1.56e-13	2.57e-10	1.51e-07	3.15e-04	3.77e-02	9.62e-01
 2.26576e+22	1.29e-22	2.00e-17	1.74e-13	2.78e-10	1.58e-07	3.27e-04	3.85e-02	9.61e-01
 2.27564e+22	1.62e-22	2.41e-17	2.01e-13	3.10e-10	1.69e-07	3.45e-04	3.96e-02	9.60e-01
 2.28574e+22	1.95e-22	2.81e-17	2.28e-13	3.39e-10	1.78e-07	3.60e-04	4.06e-02	9.59e-01
 2.29613e+22	2.53e-22	3.49e-17	2.71e-13	3.85e-10	1.92e-07	3.82e-04	4.19e-02	9.58e-01
 2.30636e+22	3.01e-22	4.03e-17	3.04e-13	4.20e-10	2.03e-07	3.98e-04	4.28e-02	9.57e-01
 2.31636e+22	3.91e-22	5.02e-17	3.63e-13	4.78e-10	2.20e-07	4.22e-04	4.41e-02	9.55e-01
 2.32583e+22	4.66e-22	5.81e-17	4.08e-13	5.21e-10	2.32e-07	4.39e-04	4.50e-02	9.55e-01
 2.33462e+22	5.96e-22	7.14e-17	4.81e-13	5.88e-10	2.50e-07	4.63e-04	4.63e-02	9.53e-01
 2.34343e+22	7.08e-22	8.25e-17	5.41e-13	6.42e-10	2.64e-07	4.82e-04	4.73e-02	9.52e-01
 2.35229e+22	9.11e-22	1.02e-16	6.42e-13	7.29e-10	2.85e-07	5.09e-04	4.86e-02	9.51e-01
 2.36125e+22	1.12e-21	1.21e-16	7.36e-13	8.07e-10	3.04e-07	5.33e-04	4.98e-02	9.50e-01
 2.37034e+22	1.48e-21	1.54e-16	8.93e-13	9.31e-10	3.32e-07	5.66e-04	5.13e-02	9.48e-01
 2.37932e+22	1.80e-21	1.81e-16	1.02e-12	1.03e-09	3.54e-07	5.91e-04	5.24e-02	9.47e-01
 2.38815e+22	2.40e-21	2.30e-16	1.24e-12	1.19e-09	3.87e-07	6.28e-04	5.40e-02	9.45e-01
 2.39713e+22	3.02e-21	2.79e-16	1.45e-12	1.33e-09	4.17e-07	6.59e-04	5.54e-02	9.44e-01
 2.40496e+22	3.79e-21	3.38e-16	1.69e-12	1.50e-09	4.49e-07	6.92e-04	5.67e-02	9.43e-01
 2.41379e+22	5.16e-21	4.39e-16	2.09e-12	1.75e-09	4.95e-07	7.37e-04	5.85e-02	9.41e-01
 2.42258e+22	6.56e-21	5.37e-16	2.46e-12	1.98e-09	5.35e-07	7.75e-04	5.99e-02	9.39e-01
 2.43130e+22	9.06e-21	7.06e-16	3.07e-12	2.34e-09	5.94e-07	8.28e-04	6.19e-02	9.37e-01
 2.43974e+22	1.14e-20	8.58e-16	3.60e-12	2.63e-09	6.41e-07	8.68e-04	6.33e-02	9.36e-01
 2.44781e+22	1.57e-20	1.12e-15	4.47e-12	3.09e-09	7.11e-07	9.25e-04	6.53e-02	9.34e-01
 2.45591e+22	2.01e-20	1.38e-15	5.30e-12	3.51e-09	7.70e-07	9.73e-04	6.69e-02	9.32e-01
 2.46404e+22	2.81e-20	1.84e-15	6.67e-12	4.17e-09	8.59e-07	1.04e-03	6.91e-02	9.30e-01
 2.47224e+22	3.61e-20	2.27e-15	7.93e-12	4.74e-09	9.33e-07	1.09e-03	7.08e-02	9.28e-01
 2.48051e+22	5.03e-20	3.01e-15	9.97e-12	5.63e-09	1.04e-06	1.17e-03	7.31e-02	9.26e-01
 2.48902e+22	6.62e-20	3.80e-15	1.20e-11	6.48e-09	1.14e-06	1.24e-03	7.50e-02	9.24e-01
 2.49658e+22	8.66e-20	4.78e-15	1.45e-11	7.44e-09	1.25e-06	1.30e-03	7.70e-02	9.22e-01
 2.50496e+22	1.22e-19	6.40e-15	1.84e-11	8.88e-09	1.40e-06	1.40e-03	7.95e-02	9.19e-01
 2.51338e+22	1.60e-19	8.02e-15	2.21e-11	1.02e-08	1.53e-06	1.47e-03	8.15e-02	9.17e-01
 2.52193e+22	2.26e-19	1.08e-14	2.81e-11	1.22e-08	1.71e-06	1.58e-03	8.42e-02	9.14e-01
 2.53065e+22	3.00e-19	1.37e-14	3.41e-11	1.41e-08	1.88e-06	1.67e-03	8.65e-02	9.12e-01
 2.53924e+22	4.18e-19	1.82e-14	4.29e-11	1.67e-08	2.10e-06	1.79e-03	8.93e-02	9.09e-01
 2.54800e+22	5.58e-19	2.32e-14	5.24e-11	1.94e-08	2.32e-06	1.89e-03	9.18e-02	9.06e-01
 2.55680e+22	7.72e-19	3.06e-14	6.56e-11	2.29e-08	2.59e-06	2.02e-03	9.46e-02	9.03e-01
 2.56553e+22	1.02e-18	3.87e-14	7.94e-11	2.65e-08	2.84e-06	2.14e-03	9.71e-02	9.01e-01
 2.57441e+22	1.40e-18	5.09e-14	9.92e-11	3.12e-08	3.16e-06	2.28e-03	1.00e-01	8.98e-01
 2.58358e+22	1.86e-18	6.48e-14	1.21e-10	3.62e-08	3.48e-06	2.42e-03	1.03e-01	8.95e-01
 2.59296e+22	2.56e-18	8.50e-14	1.51e-10	4.27e-08	3.89e-06	2.59e-03	1.06e-01	8.91e-01
 2.60247e+22	3.38e-18	1.08e-13	1.82e-10	4.93e-08	4.27e-06	2.74e-03	1.09e-01	8.88e-01
 2.61227e+22	4.64e-18	1.41e-13	2.27e-10	5.81e-08	4.77e-06	2.93e-03	1.12e-01	8.85e-01
 2.62233e+22	6.11e-18	1.78e-13	2.75e-10	6.71e-08	5.25e-06	3.11e-03	1.16e-01	8.81e-01
 2.63279e+22	8.42e-18	2.34e-13	3.44e-10	7.94e-08	5.87e-06	3.33e-03	1.19e-01	8.77e-01
 2.64353e+22	1.11e-17	2.96e-13	4.17e-10	9.18e-08	6.47e-06	3.54e-03	1.23e-01	8.74e-01
 2.65469e+22	1.52e-17	3.89e-13	5.21e-10	1.09e-07	7.25e-06	3.80e-03	1.27e-01	8.70e-01
 2.66614e+22	1.99e-17	4.89e-13	6.28e-10	1.25e-07	7.98e-06	4.03e-03	1.30e-01	8.66e-01
 2.67828e+22	2.77e-17	6.48e-13	7.91e-10	1.49e-07	8.99e-06	4.34e-03	1.35e-01	8.61e-01
 2.69053e+22	3.58e-17	8.08e-13	9.48e-10	1.71e-07	9.87e-06	4.60e-03	1.38e-01	8.57e-01
 2.70304e+22	4.95e-17	1.07e-12	1.19e-09	2.03e-07	1.11e-05	4.95e-03	1.43e-01	8.52e-01
 2.71584e+22	6.38e-17	1.33e-12	1.42e-09	2.33e-07	1.22e-05	5.25e-03	1.47e-01	8.48e-01
 2.72691e+22	8.05e-17	1.62e-12	1.68e-09	2.64e-07	1.33e-05	5.54e-03	1.50e-01	8.44e-01
 2.73920e+22	1.08e-16	2.08e-12	2.06e-09	3.10e-07	1.49e-05	5.93e-03	1.55e-01	8.39e-01
 2.75166e+22	1.34e-16	2.53e-12	2.42e-09	3.51e-07	1.62e-05	6.25e-03	1.59e-01	8.35e-01
 2.76434e+22	1.80e-16	3.26e-12	2.98e-09	4.11e-07	1.81e-05	6.70e-03	1.64e-01	8.29e-01
 2.77719e+22	2.23e-16	3.93e-12	3.49e-09	4.64e-07	1.97e-05	7.06e-03	1.68e-01	8.25e-01
 2.79024e+22	2.98e-16	5.03e-12	4.27e-09	5.43e-07	2.19e-05	7.56e-03	1.73e-01	8.20e-01
 2.80309e+22	3.65e-16	5.99e-12	4.94e-09	6.07e-07	2.37e-05	7.94e-03	1.77e-01	8.15e-01
 2.81567e+22	4.74e-16	7.51e-12	5.95e-09	7.02e-07	2.63e-05	8.46e-03	1.82e-01	8.10e-01
 2.82854e+22	5.80e-16	8.94e-12	6.88e-09	7.86e-07	2.84e-05	8.89e-03	1.86e-01	8.05e-01
 2.84179e+22	7.63e-16	1.13e-11	8.36e-09	9.14e-07	3.16e-05	9.51e-03	1.91e-01	7.99e-01
 2.85514e+22	9.27e-16	1.34e-11	9.63e-09	1.02e-06	3.42e-05	9.98e-03	1.95e-01	7.95e-01
 2.86863e+22	1.21e-15	1.69e-11	1.17e-08	1.18e-06	3.79e-05	1.07e-02	2.01e-01	7.88e-01
 2.88234e+22	1.47e-15	2.00e-11	1.34e-08	1.32e-06	4.10e-05	1.12e-02	2.05e-01	7.84e-01
 2.89637e+22	1.92e-15	2.51e-11	1.62e-08	1.53e-06	4.56e-05	1.20e-02	2.11e-01	7.77e-01
 2.91066e+22	2.34e-15	2.98e-11	1.87e-08	1.71e-06	4.94e-05	1.26e-02	2.16e-01	7.72e-01
 2.92316e+22	2.84e-15	3.53e-11	2.15e-08	1.91e-06	5.34e-05	1.32e-02	2.20e-01	7.67e-01
 2.93730e+22	3.64e-15	4.38e-11	2.58e-08	2.20e-06	5.90e-05	1.40e-02	2.26e-01	7.60e-01
 2.95141e+22	4.33e-15	5.09e-11	2.92e-08	2.43e-06	6.34e-05	1.47e-02	2.30e-01	7.55e-01
 2.96550e+22	5.55e-15	6.30e-11	3.49e-08	2.80e-06	7.01e-05	1.56e-02	2.37e-01	7.48e-01
 2.97980e+22	6.60e-15	7.33e-11	3.96e-08	3.10e-06	7.53e-05	1.63e-02	2.41e-01	7.43e-01
 2.99438e+22	8.34e-15	8.99e-11	4.70e-08	3.54e-06	8.29e-05	1.74e-02	2.47e-01	7.35e-01
 3.00946e+22	1.00e-14	1.06e-10	5.38e-08	3.94e-06	8.96e-05	1.82e-02	2.52e-01	7.30e-01
 3.02520e+22	1.29e-14	1.31e-10	6.45e-08	4.55e-06	9.93e-05	1.94e-02	2.59e-01	7.22e-01
 3.04122e+22	1.55e-14	1.54e-10	7.39e-08	5.07e-06	1.07e-04	2.04e-02	2.64e-01	7.16e-01
 3.05758e+22	1.98e-14	1.91e-10	8.84e-08	5.85e-06	1.19e-04	2.17e-02	2.71e-01	7.07e-01
 3.07453e+22	2.41e-14	2.27e-10	1.02e-07	6.55e-06	1.29e-04	2.28e-02	2.76e-01	7.01e-01
 3.09225e+22	3.12e-14	2.84e-10	1.23e-07	7.61e-06	1.44e-04	2.44e-02	2.84e-01	6.92e-01
 3.11026e+22	3.81e-14	3.38e-10	1.43e-07	8.55e-06	1.56e-04	2.57e-02	2.90e-01	6.84e-01
 3.12865e+22	4.94e-14	4.24e-10	1.72e-07	9.95e-06	1.74e-04	2.75e-02	2.97e-01	6.75e-01
 3.14750e+22	6.07e-14	5.07e-10	2.01e-07	1.12e-05	1.90e-04	2.90e-02	3.04e-01	6.67e-01
 3.16694e+22	7.98e-14	6.44e-10	2.45e-07	1.32e-05	2.13e-04	3.11e-02	3.12e-01	6.57e-01
 3.18681e+22	9.85e-14	7.74e-10	2.86e-07	1.49e-05	2.33e-04	3.29e-02	3.19e-01	6.48e-01
 3.20724e+22	1.32e-13	9.99e-10	3.54e-07	1.77e-05	2.63e-04	3.54e-02	3.28e-01	6.37e-01
 3.22780e+22	1.63e-13	1.20e-09	4.13e-07	2.00e-05	2.88e-04	3.74e-02	3.34e-01	6.28e-01
 3.24852e+22	2.19e-13	1.56e-09	5.14e-07	2.38e-05	3.26e-04	4.03e-02	3.44e-01	6.16e-01
 3.26814e+22	2.65e-13	1.84e-09	5.92e-07	2.66e-05	3.53e-04	4.23e-02	3.50e-01	6.08e-01
 3.28635e+22	3.44e-13	2.31e-09	7.15e-07	3.09e-05	3.94e-04	4.52e-02	3.58e-01	5.96e-01
 3.30493e+22	4.21e-13	2.75e-09	8.29e-07	3.48e-05	4.29e-04	4.76e-02	3.64e-01	5.88e-01
 3.32399e+22	5.55e-13	3.50e-09	1.01e-06	4.09e-05	4.82e-04	5.10e-02	3.73e-01	5.75e-01
 3.34311e+22	6.83e-13	4.19e-09	1.18e-06	4.63e-05	5.27e-04	5.38e-02	3.80e-01	5.66e-01
 3.36232e+22	9.14e-13	5.37e-09	1.45e-06	5.47e-05	5.94e-04	5.78e-02	3.89e-01	5.53e-01
 3.38165e+22	1.13e-12	6.46e-09	1.70e-06	6.20e-05	6.51e-04	6.10e-02	3.96e-01	5.43e-01
 3.40114e+22	1.51e-12	8.29e-09	2.10e-06	7.36e-05	7.36e-04	6.56e-02	4.05e-01	5.29e-01
 3.42087e+22	1.89e-12	1.01e-08	2.47e-06	8.42e-05	8.12e-04	6.94e-02	4.12e-01	5.18e-01
 3.44090e+22	2.54e-12	1.31e-08	3.08e-06	1.01e-04	9.25e-04	7.49e-02	4.22e-01	5.03e-01
 3.46113e+22	3.20e-12	1.60e-08	3.65e-06	1.16e-04	1.02e-03	7.94e-02	4.29e-01	4.91e-01
 3.48163e+22	4.33e-12	2.08e-08	4.57e-06	1.39e-04	1.17e-03	8.59e-02	4.38e-01	4.75e-01
 3.50107e+22	5.29e-12	2.47e-08	5.30e-06	1.58e-04	1.28e-03	9.04e-02	4.44e-01	4.64e-01
 3.51914e+22	6.89e-12	3.11e-08	6.46e-06	1.87e-04	1.45e-03	9.69e-02	4.53e-01	4.49e-01
 3.53759e+22	8.47e-12	3.72e-08	7.55e-06	2.13e-04	1.60e-03	1.02e-01	4.59e-01	4.37e-01
 3.55571e+22	1.08e-11	4.62e-08	9.11e-06	2.50e-04	1.80e-03	1.09e-01	4.66e-01	4.22e-01
 3.57424e+22	1.34e-11	5.56e-08	1.07e-05	2.88e-04	2.00e-03	1.16e-01	4.72e-01	4.09e-01
 3.59200e+22	1.66e-11	6.73e-08	1.27e-05	3.33e-04	2.23e-03	1.23e-01	4.78e-01	3.96e-01
 3.61003e+22	2.03e-11	8.08e-08	1.49e-05	3.85e-04	2.49e-03	1.31e-01	4.84e-01	3.82e-01
 3.62766e+22	2.47e-11	9.61e-08	1.75e-05	4.42e-04	2.77e-03	1.38e-01	4.89e-01	3.69e-01
 3.64500e+22	2.97e-11	1.14e-07	2.03e-05	5.07e-04	3.07e-03	1.46e-01	4.94e-01	3.56e-01
 3.66214e+22	3.54e-11	1.33e-07	2.35e-05	5.79e-04	3.40e-03	1.55e-01	4.98e-01	3.43e-01
 3.67914e+22	4.18e-11	1.55e-07	2.71e-05	6.60e-04	3.75e-03	1.63e-01	5.02e-01	3.31e-01
 3.69615e+22	4.90e-11	1.81e-07	3.12e-05	7.51e-04	4.15e-03	1.72e-01	5.05e-01	3.18e-01
 3.71322e+22	5.71e-11	2.09e-07	3.58e-05	8.53e-04	4.58e-03	1.81e-01	5.08e-01	3.06e-01
 3.73037e+22	6.62e-11	2.40e-07	4.09e-05	9.67e-04	5.05e-03	1.90e-01	5.10e-01	2.94e-01
 3.74767e+22	7.62e-11	2.75e-07	4.66e-05	1.09e-03	5.57e-03	2.00e-01	5.11e-01	2.82e-01
 3.76524e+22	8.74e-11	3.14e-07	5.31e-05	1.24e-03	6.14e-03	2.10e-01	5.13e-01	2.70e-01
 3.78313e+22	9.99e-11	3.58e-07	6.04e-05	1.40e-03	6.77e-03	2.20e-01	5.13e-01	2.58e-01
 3.80110e+22	1.13e-10	4.06e-07	6.84e-05	1.58e-03	7.45e-03	2.31e-01	5.13e-01	2.47e-01
 3.81947e+22	1.28e-10	4.61e-07	7.77e-05	1.79e-03	8.21e-03	2.42e-01	5.13e-01	2.35e-01
 3.83798e+22	1.44e-10	5.19e-07	8.75e-05	2.00e-03	9.00e-03	2.53e-01	5.12e-01	2.24e-01
 3.85698e+22	1.63e-10	5.89e-07	9.93e-05	2.26e-03	9.94e-03	2.65e-01	5.10e-01	2.13e-01
 3.87481e+22	1.80e-10	6.48e-07	1.10e-04	2.49e-03	1.07e-02	2.75e-01	5.08e-01	2.04e-01
 3.89298e+22	2.02e-10	7.32e-07	1.24e-04	2.81e-03	1.19e-02	2.87e-01	5.05e-01	1.93e-01
 3.91134e+22	2.22e-10	8.05e-07	1.37e-04	3.08e-03	1.27e-02	2.97e-01	5.02e-01	1.85e-01
 3.92994e+22	2.49e-10	9.05e-07	1.54e-04	3.47e-03	1.40e-02	3.10e-01	4.98e-01	1.74e-01
 3.94900e+22	2.74e-10	9.96e-07	1.70e-04	3.81e-03	1.51e-02	3.20e-01	4.94e-01	1.66e-01
 3.96867e+22	3.08e-10	1.12e-06	1.93e-04	4.29e-03	1.67e-02	3.34e-01	4.89e-01	1.56e-01
 3.98865e+22	3.39e-10	1.23e-06	2.12e-04	4.70e-03	1.79e-02	3.45e-01	4.84e-01	1.49e-01
 4.00902e+22	3.82e-10	1.39e-06	2.41e-04	5.29e-03	1.98e-02	3.59e-01	4.77e-01	1.39e-01
 4.02955e+22	4.20e-10	1.53e-06	2.65e-04	5.78e-03	2.12e-02	3.69e-01	4.72e-01	1.32e-01
 4.05029e+22	4.73e-10	1.72e-06	2.99e-04	6.49e-03	2.33e-02	3.83e-01	4.64e-01	1.23e-01
 4.07126e+22	5.21e-10	1.88e-06	3.29e-04	7.08e-03	2.50e-02	3.94e-01	4.57e-01	1.16e-01
 4.09254e+22	5.87e-10	2.12e-06	3.72e-04	7.92e-03	2.74e-02	4.08e-01	4.48e-01	1.08e-01
 4.11416e+22	6.48e-10	2.33e-06	4.10e-04	8.65e-03	2.94e-02	4.19e-01	4.41e-01	1.02e-01
 4.13625e+22	7.31e-10	2.63e-06	4.64e-04	9.67e-03	3.22e-02	4.33e-01	4.31e-01	9.45e-02
 4.15874e+22	8.09e-10	2.90e-06	5.13e-04	1.06e-02	3.45e-02	4.43e-01	4.22e-01	8.88e-02
 4.18176e+22	9.17e-10	3.27e-06	5.82e-04	1.18e-02	3.77e-02	4.57e-01	4.11e-01	8.17e-02
 4.20528e+22	1.02e-09	3.63e-06	6.45e-04	1.29e-02	4.04e-02	4.68e-01	4.02e-01	7.65e-02
 4.22511e+22	1.12e-09	3.96e-06	7.06e-04	1.39e-02	4.30e-02	4.77e-01	3.94e-01	7.20e-02
 4.24652e+22	1.25e-09	4.42e-06	7.92e-04	1.54e-02	4.66e-02	4.89e-01	3.82e-01	6.64e-02
 4.26802e+22	1.38e-09	4.85e-06	8.67e-04	1.66e-02	4.93e-02	4.97e-01	3.74e-01	6.25e-02
 4.28964e+22	1.55e-09	5.43e-06	9.74e-04	1.83e-02	5.33e-02	5.08e-01	3.62e-01	5.75e-02
 4.31109e+22	1.70e-09	5.94e-06	1.06e-03	1.96e-02	5.62e-02	5.15e-01	3.54e-01	5.41e-02
 4.33232e+22	1.91e-09	6.64e-06	1.19e-03	2.15e-02	6.05e-02	5.25e-01	3.42e-01	4.97e-02
 4.35380e+22	2.10e-09	7.27e-06	1.30e-03	2.31e-02	6.38e-02	5.32e-01	3.33e-01	4.66e-02
 4.37561e+22	2.37e-09	8.16e-06	1.46e-03	2.53e-02	6.84e-02	5.41e-01	3.21e-01	4.28e-02
 4.39783e+22	2.62e-09	8.97e-06	1.60e-03	2.72e-02	7.23e-02	5.47e-01	3.12e-01	3.99e-02
 4.42057e+22	2.98e-09	1.01e-05	1.80e-03	2.98e-02	7.75e-02	5.55e-01	3.00e-01	3.63e-02
 4.44359e+22	3.31e-09	1.12e-05	1.98e-03	3.20e-02	8.18e-02	5.60e-01	2.90e-01	3.37e-02
 4.46697e+22	3.77e-09	1.27e-05	2.24e-03	3.51e-02	8.75e-02	5.67e-01	2.78e-01	3.06e-02
 4.49080e+22	4.22e-09	1.40e-05	2.47e-03	3.78e-02	9.23e-02	5.71e-01	2.68e-01	2.83e-02
 4.51520e+22	4.83e-09	1.60e-05	2.80e-03	4.15e-02	9.90e-02	5.77e-01	2.55e-01	2.54e-02
 4.53984e+22	5.45e-09	1.78e-05	3.09e-03	4.45e-02	1.04e-01	5.80e-01	2.45e-01	2.35e-02
 4.56480e+22	6.25e-09	2.03e-05	3.51e-03	4.88e-02	1.11e-01	5.83e-01	2.32e-01	2.10e-02
 4.59024e+22	7.10e-09	2.27e-05	3.90e-03	5.25e-02	1.17e-01	5.85e-01	2.23e-01	1.92e-02
 4.61632e+22	8.21e-09	2.61e-05	4.45e-03	5.77e-02	1.25e-01	5.86e-01	2.10e-01	1.70e-02
 4.64262e+22	9.37e-09	2.93e-05	4.94e-03	6.19e-02	1.31e-01	5.86e-01	2.00e-01	1.55e-02
 4.66921e+22	1.09e-08	3.38e-05	5.64e-03	6.79e-02	1.40e-01	5.86e-01	1.87e-01	1.37e-02
 4.69454e+22	1.22e-08	3.75e-05	6.20e-03	7.23e-02	1.46e-01	5.84e-01	1.79e-01	1.25e-02
 4.71822e+22	1.41e-08	4.27e-05	6.95e-03	7.81e-02	1.53e-01	5.82e-01	1.69e-01	1.12e-02
 4.74353e+22	1.61e-08	4.80e-05	7.73e-03	8.37e-02	1.60e-01	5.78e-01	1.60e-01	1.01e-02
 4.76710e+22	1.72e-08	5.38e-05	8.55e-03	8.94e-02	1.67e-01	5.74e-01	1.51e-01	9.14e-03
 4.78922e+22	1.93e-08	5.97e-05	9.37e-03	9.49e-02	1.74e-01	5.70e-01	1.44e-01	8.32e-03
 4.81013e+22	2.16e-08	6.61e-05	1.03e-02	1.01e-01	1.80e-01	5.65e-01	1.36e-01	7.57e-03
 4.83415e+22	2.51e-08	7.54e-05	1.15e-02	1.08e-01	1.88e-01	5.58e-01	1.27e-01	6.69e-03
 4.85854e+22	2.85e-08	8.41e-05	1.26e-02	1.15e-01	1.95e-01	5.52e-01	1.20e-01	6.06e-03
 4.88340e+22	3.33e-08	9.63e-05	1.42e-02	1.23e-01	2.03e-01	5.43e-01	1.12e-01	5.33e-03
 4.90889e+22	3.80e-08	1.08e-04	1.56e-02	1.31e-01	2.10e-01	5.34e-01	1.05e-01	4.76e-03
 4.93145e+22	4.31e-08	1.21e-04	1.71e-02	1.38e-01	2.17e-01	5.26e-01	9.81e-02	4.26e-03
 4.95706e+22	5.08e-08	1.39e-04	1.92e-02	1.48e-01	2.25e-01	5.14e-01	9.04e-02	3.71e-03
 4.98383e+22	5.86e-08	1.57e-04	2.13e-02	1.57e-01	2.32e-01	5.03e-01	8.38e-02	3.27e-03
 5.00811e+22	6.73e-08	1.76e-04	2.35e-02	1.66e-01	2.38e-01	4.91e-01	7.78e-02	2.89e-03
 5.03567e+22	8.02e-08	2.05e-04	2.65e-02	1.78e-01	2.46e-01	4.76e-01	7.07e-02	2.47e-03
 5.06395e+22	9.33e-08	2.33e-04	2.93e-02	1.88e-01	2.53e-01	4.62e-01	6.49e-02	2.15e-03
 5.08904e+22	1.08e-07	2.63e-04	3.23e-02	1.98e-01	2.59e-01	4.49e-01	5.97e-02	1.88e-03
 5.11751e+22	1.29e-07	3.06e-04	3.64e-02	2.11e-01	2.66e-01	4.31e-01	5.36e-02	1.58e-03
 5.14690e+22	1.52e-07	3.49e-04	4.03e-02	2.23e-01	2.71e-01	4.15e-01	4.87e-02	1.35e-03
 5.17322e+22	1.76e-07	3.96e-04	4.43e-02	2.34e-01	2.76e-01	4.00e-01	4.43e-02	1.17e-03
 5.20317e+22	2.14e-07	4.64e-04	4.99e-02	2.49e-01	2.81e-01	3.80e-01	3.91e-02	9.63e-04
 5.23344e+22	2.51e-07	5.29e-04	5.51e-02	2.61e-01	2.85e-01	3.63e-01	3.51e-02	8.16e-04
 5.25993e+22	2.92e-07	6.00e-04	6.04e-02	2.73e-01	2.88e-01	3.46e-01	3.17e-02	6.96e-04
 5.29017e+22	3.56e-07	7.02e-04	6.76e-02	2.87e-01	2.90e-01	3.26e-01	2.77e-02	5.67e-04
 5.32113e+22	4.21e-07	8.03e-04	7.44e-02	3.00e-01	2.92e-01	3.08e-01	2.46e-02	4.74e-04
 5.34869e+22	4.93e-07	9.13e-04	8.13e-02	3.12e-01	2.93e-01	2.91e-01	2.19e-02	3.97e-04
 5.38019e+22	6.03e-07	1.07e-03	9.08e-02	3.26e-01	2.92e-01	2.70e-01	1.88e-02	3.17e-04
 5.41241e+22	7.17e-07	1.23e-03	9.96e-02	3.38e-01	2.91e-01	2.53e-01	1.64e-02	2.60e-04
 5.44088e+22	8.42e-07	1.40e-03	1.08e-01	3.49e-01	2.90e-01	2.37e-01	1.44e-02	2.15e-04
 5.46870e+22	9.85e-07	1.58e-03	1.18e-01	3.60e-01	2.87e-01	2.21e-01	1.26e-02	1.77e-04
 5.50033e+22	1.20e-06	1.85e-03	1.30e-01	3.72e-01	2.83e-01	2.03e-01	1.07e-02	1.39e-04
 5.53215e+22	1.41e-06	2.10e-03	1.41e-01	3.81e-01	2.79e-01	1.88e-01	9.28e-03	1.13e-04
 5.55980e+22	1.64e-06	2.37e-03	1.52e-01	3.90e-01	2.74e-01	1.74e-01	8.08e-03	9.27e-05
 5.59132e+22	1.99e-06	2.76e-03	1.66e-01	3.99e-01	2.67e-01	1.58e-01	6.75e-03	7.17e-05
 5.62241e+22	2.31e-06	3.10e-03	1.78e-01	4.06e-01	2.61e-01	1.46e-01	5.85e-03	5.85e-05
 5.64891e+22	2.67e-06	3.48e-03	1.90e-01	4.12e-01	2.55e-01	1.35e-01	5.07e-03	4.78e-05
 5.67933e+22	3.21e-06	4.00e-03	2.06e-01	4.18e-01	2.46e-01	1.21e-01	4.23e-03	3.70e-05
 5.71041e+22	3.73e-06	4.50e-03	2.20e-01	4.22e-01	2.39e-01	1.11e-01	3.62e-03	2.97e-05
 5.73522e+22	4.20e-06	4.92e-03	2.31e-01	4.25e-01	2.33e-01	1.03e-01	3.20e-03	2.49e-05
 5.76036e+22	4.87e-06	5.52e-03	2.46e-01	4.28e-01	2.25e-01	9.40e-02	2.72e-03	1.99e-05
 5.78594e+22	5.50e-06	6.05e-03	2.58e-01	4.29e-01	2.18e-01	8.70e-02	2.39e-03	1.66e-05
 5.81211e+22	6.39e-06	6.78e-03	2.73e-01	4.30e-01	2.09e-01	7.87e-02	2.02e-03	1.31e-05
 5.83855e+22	7.23e-06	7.43e-03	2.86e-01	4.30e-01	2.02e-01	7.24e-02	1.75e-03	1.08e-05
 5.86183e+22	8.15e-06	8.13e-03	2.99e-01	4.30e-01	1.95e-01	6.67e-02	1.53e-03	8.92e-06
 5.88855e+22	9.50e-06	9.11e-03	3.16e-01	4.28e-01	1.85e-01	5.98e-02	1.27e-03	6.95e-06
 5.91549e+22	1.07e-05	9.95e-03	3.30e-01	4.26e-01	1.78e-01	5.48e-02	1.10e-03	5.69e-06
 5.94273e+22	1.25e-05	1.12e-02	3.48e-01	4.23e-01	1.69e-01	4.88e-02	9.11e-04	4.38e-06
 5.97012e+22	1.41e-05	1.22e-02	3.62e-01	4.19e-01	1.61e-01	4.45e-02	7.85e-04	3.57e-06
 5.99771e+22	1.64e-05	1.36e-02	3.80e-01	4.14e-01	1.52e-01	3.95e-02	6.46e-04	2.74e-06
 6.02585e+22	1.86e-05	1.48e-02	3.95e-01	4.09e-01	1.45e-01	3.58e-02	5.51e-04	2.20e-06
 6.05469e+22	2.17e-05	1.66e-02	4.14e-01	4.02e-01	1.35e-01	3.14e-02	4.48e-04	1.66e-06
 6.08391e+22	2.46e-05	1.81e-02	4.29e-01	3.96e-01	1.28e-01	2.83e-02	3.79e-04	1.32e-06
 6.11359e+22	2.90e-05	2.04e-02	4.49e-01	3.87e-01	1.19e-01	2.47e-02	3.04e-04	9.79e-07
 6.14343e+22	3.29e-05	2.22e-02	4.64e-01	3.80e-01	1.12e-01	2.21e-02	2.56e-04	7.75e-07
 6.17348e+22	3.86e-05	2.48e-02	4.82e-01	3.70e-01	1.04e-01	1.92e-02	2.05e-04	5.74e-07
 6.20445e+22	4.41e-05	2.72e-02	4.98e-01	3.61e-01	9.69e-02	1.71e-02	1.69e-04	4.44e-07
 6.23661e+22	5.23e-05	3.06e-02	5.18e-01	3.48e-01	8.87e-02	1.46e-02	1.33e-04	3.19e-07
 6.26931e+22	5.97e-05	3.34e-02	5.33e-01	3.38e-01	8.24e-02	1.29e-02	1.09e-04	2.45e-07
 6.29518e+22	6.61e-05	3.58e-02	5.44e-01	3.30e-01	7.77e-02	1.17e-02	9.34e-05	1.99e-07
 6.32127e+22	7.57e-05	3.93e-02	5.59e-01	3.20e-01	7.20e-02	1.02e-02	7.62e-05	1.51e-07
 6.34744e+22	8.38e-05	4.20e-02	5.70e-01	3.11e-01	6.78e-02	9.24e-03	6.50e-05	0.00e+00
 6.37373e+22	9.54e-05	4.58e-02	5.83e-01	3.00e-01	6.27e-02	8.12e-03	5.32e-05	0.00e+00
 6.40071e+22	1.06e-04	4.91e-02	5.94e-01	2.91e-01	5.86e-02	7.27e-03	4.48e-05	0.00e+00
 6.42859e+22	1.22e-04	5.37e-02	6.06e-01	2.80e-01	5.38e-02	6.31e-03	3.61e-05	0.00e+00
 6.45673e+22	1.35e-04	5.76e-02	6.16e-01	2.70e-01	5.01e-02	5.63e-03	3.03e-05	0.00e+00
 6.48523e+22	1.56e-04	6.31e-02	6.28e-01	2.58e-01	4.57e-02	4.85e-03	2.40e-05	0.00e+00
 6.51380e+22	1.73e-04	6.74e-02	6.37e-01	2.48e-01	4.25e-02	4.32e-03	2.01e-05	0.00e+00
 6.54247e+22	1.98e-04	7.35e-02	6.47e-01	2.37e-01	3.87e-02	3.72e-03	1.60e-05	0.00e+00
 6.57198e+22	2.21e-04	7.87e-02	6.55e-01	2.27e-01	3.58e-02	3.28e-03	1.32e-05	0.00e+00
 6.60260e+22	2.55e-04	8.63e-02	6.64e-01	2.14e-01	3.22e-02	2.78e-03	1.03e-05	0.00e+00
 6.63079e+22	2.77e-04	9.06e-02	6.70e-01	2.07e-01	3.02e-02	2.52e-03	8.86e-06	0.00e+00
 6.65015e+22	2.96e-04	9.43e-02	6.73e-01	2.01e-01	2.87e-02	2.32e-03	7.84e-06	0.00e+00
 6.66963e+22	3.23e-04	9.97e-02	6.78e-01	1.93e-01	2.68e-02	2.09e-03	6.69e-06	0.00e+00
 6.69495e+22	3.62e-04	1.07e-01	6.83e-01	1.84e-01	2.46e-02	1.82e-03	5.44e-06	0.00e+00
 6.72044e+22	3.94e-04	1.12e-01	6.86e-01	1.77e-01	2.29e-02	1.64e-03	4.63e-06	0.00e+00
 6.74256e+22	4.29e-04	1.18e-01	6.89e-01	1.69e-01	2.14e-02	1.47e-03	3.95e-06	0.00e+00
 6.76200e+22	4.57e-04	1.23e-01	6.91e-01	1.64e-01	2.03e-02	1.36e-03	3.49e-06	0.00e+00
 6.78155e+22	4.97e-04	1.29e-01	6.93e-01	1.57e-01	1.89e-02	1.22e-03	2.97e-06	0.00e+00
 6.80697e+22	5.56e-04	1.38e-01	6.94e-01	1.48e-01	1.72e-02	1.06e-03	2.39e-06	0.00e+00
 6.83204e+22	6.00e-04	1.45e-01	6.96e-01	1.42e-01	1.61e-02	9.52e-04	2.05e-06	0.00e+00
 6.85665e+22	6.67e-04	1.54e-01	6.96e-01	1.34e-01	1.47e-02	8.27e-04	1.66e-06	0.00e+00
 6.88387e+22	7.37e-04	1.63e-01	6.95e-01	1.26e-01	1.35e-02	7.23e-04	1.36e-06	0.00e+00
 6.91048e+22	8.13e-04	1.73e-01	6.94e-01	1.19e-01	1.23e-02	6.31e-04	1.11e-06	0.00e+00
 6.94105e+22	9.30e-04	1.87e-01	6.91e-01	1.10e-01	1.09e-02	5.24e-04	8.42e-07	0.00e+00
 6.97419e+22	1.04e-03	1.99e-01	6.87e-01	1.02e-01	9.84e-03	4.45e-04	6.63e-07	0.00e+00
 7.01067e+22	1.22e-03	2.18e-01	6.80e-01	9.17e-02	8.48e-03	3.54e-04	4.73e-07	0.00e+00
 7.04769e+22	1.37e-03	2.33e-01	6.74e-01	8.44e-02	7.56e-03	2.96e-04	3.64e-07	0.00e+00
 7.08542e+22	1.61e-03	2.55e-01	6.62e-01	7.49e-02	6.45e-03	2.31e-04	2.54e-07	0.00e+00
 7.12351e+22	1.83e-03	2.73e-01	6.52e-01	6.81e-02	5.69e-03	1.91e-04	1.92e-07	0.00e+00
 7.16207e+22	2.16e-03	2.99e-01	6.34e-01	5.94e-02	4.80e-03	1.46e-04	1.30e-07	0.00e+00
 7.20098e+22	2.47e-03	3.21e-01	6.20e-01	5.31e-02	4.18e-03	1.18e-04	0.00e+00	0.00e+00
 7.24035e+22	2.95e-03	3.53e-01	5.95e-01	4.52e-02	3.45e-03	8.69e-05	0.00e+00	0.00e+00
 7.27976e+22	3.40e-03	3.79e-01	5.75e-01	3.96e-02	2.96e-03	6.81e-05	0.00e+00	0.00e+00
 7.30967e+22	3.76e-03	3.98e-01	5.59e-01	3.58e-02	2.64e-03	5.68e-05	0.00e+00	0.00e+00
 7.33896e+22	4.34e-03	4.29e-01	5.34e-01	3.09e-02	2.23e-03	4.36e-05	0.00e+00	0.00e+00
 7.36830e+22	4.86e-03	4.53e-01	5.13e-01	2.73e-02	1.95e-03	3.52e-05	0.00e+00	0.00e+00
 7.39769e+22	5.63e-03	4.87e-01	4.83e-01	2.30e-02	1.62e-03	2.63e-05	0.00e+00	0.00e+00
 7.42735e+22	6.39e-03	5.16e-01	4.56e-01	1.98e-02	1.38e-03	2.03e-05	0.00e+00	0.00e+00
 7.45281e+22	7.18e-03	5.45e-01	4.30e-01	1.70e-02	1.18e-03	1.58e-05	0.00e+00	0.00e+00
 7.48136e+22	8.37e-03	5.83e-01	3.94e-01	1.38e-02	9.44e-04	1.12e-05	0.00e+00	0.00e+00
 7.51095e+22	9.64e-03	6.18e-01	3.61e-01	1.13e-02	7.65e-04	8.05e-06	0.00e+00	0.00e+00
 7.53727e+22	1.10e-02	6.51e-01	3.28e-01	9.21e-03	6.18e-04	5.79e-06	0.00e+00	0.00e+00
 7.56684e+22	1.30e-02	6.92e-01	2.87e-01	7.00e-03	4.62e-04	3.73e-06	0.00e+00	0.00e+00
 7.59850e+22	1.54e-02	7.32e-01	2.47e-01	5.22e-03	3.39e-04	2.34e-06	0.00e+00	0.00e+00
 7.62673e+22	1.80e-02	7.66e-01	2.12e-01	3.92e-03	2.49e-04	1.48e-06	0.00e+00	0.00e+00
 7.65272e+22	2.08e-02	7.96e-01	1.80e-01	2.94e-03	1.81e-04	9.37e-07	0.00e+00	0.00e+00
 7.67800e+22	2.43e-02	8.24e-01	1.49e-01	2.16e-03	1.28e-04	5.72e-07	0.00e+00	0.00e+00
 7.69466e+22	2.62e-02	8.37e-01	1.35e-01	1.83e-03	1.06e-04	4.43e-07	0.00e+00	0.00e+00
 7.70114e+22	2.72e-02	8.43e-01	1.28e-01	1.70e-03	9.67e-05	3.90e-07	0.00e+00	0.00e+00
 7.70608e+22	2.81e-02	8.47e-01	1.23e-01	1.59e-03	8.95e-05	3.51e-07	0.00e+00	0.00e+00
 7.71193e+22	2.91e-02	8.52e-01	1.17e-01	1.47e-03	8.17e-05	3.11e-07	0.00e+00	0.00e+00
 7.71925e+22	3.06e-02	8.59e-01	1.09e-01	1.33e-03	7.22e-05	2.64e-07	0.00e+00	0.00e+00
 7.72668e+22	3.21e-02	8.64e-01	1.02e-01	1.21e-03	6.41e-05	2.25e-07	0.00e+00	0.00e+00
 7.73317e+22	3.34e-02	8.69e-01	9.64e-02	1.11e-03	5.76e-05	1.96e-07	0.00e+00	0.00e+00
 7.73935e+22	3.48e-02	8.73e-01	9.09e-02	1.02e-03	5.19e-05	1.71e-07	0.00e+00	0.00e+00
 7.74572e+22	3.64e-02	8.77e-01	8.52e-02	9.34e-04	4.62e-05	1.48e-07	0.00e+00	0.00e+00
 7.75198e+22	3.79e-02	8.81e-01	8.01e-02	8.60e-04	4.15e-05	1.29e-07	0.00e+00	0.00e+00
 7.75804e+22	3.96e-02	8.84e-01	7.52e-02	7.91e-04	3.71e-05	0.00e+00	0.00e+00	0.00e+00
 7.76404e+22	4.13e-02	8.87e-01	7.06e-02	7.28e-04	3.32e-05	0.00e+00	0.00e+00	0.00e+00
 7.76999e+22	4.31e-02	8.90e-01	6.61e-02	6.70e-04	2.96e-05	0.00e+00	0.00e+00	0.00e+00
 7.77594e+22	4.50e-02	8.92e-01	6.20e-02	6.18e-04	2.65e-05	0.00e+00	0.00e+00	0.00e+00
 7.78169e+22	4.70e-02	8.94e-01	5.80e-02	5.70e-04	2.36e-05	0.00e+00	0.00e+00	0.00e+00
 7.78729e+22	4.88e-02	8.96e-01	5.45e-02	5.30e-04	2.12e-05	0.00e+00	0.00e+00	0.00e+00
 7.79310e+22	5.11e-02	8.98e-01	5.08e-02	4.88e-04	1.88e-05	0.00e+00	0.00e+00	0.00e+00
 7.79888e+22	5.33e-02	8.99e-01	4.75e-02	4.52e-04	1.68e-05	0.00e+00	0.00e+00	0.00e+00
 7.80447e+22	5.58e-02	8.99e-01	4.43e-02	4.18e-04	1.49e-05	0.00e+00	0.00e+00	0.00e+00
 7.80991e+22	5.82e-02	9.00e-01	4.15e-02	3.89e-04	1.34e-05	0.00e+00	0.00e+00	0.00e+00
 7.81534e+22	6.08e-02	9.00e-01	3.87e-02	3.62e-04	1.19e-05	0.00e+00	0.00e+00	0.00e+00
 7.82091e+22	6.37e-02	9.00e-01	3.60e-02	3.35e-04	1.05e-05	0.00e+00	0.00e+00	0.00e+00
 7.82623e+22	6.65e-02	9.00e-01	3.36e-02	3.13e-04	9.39e-06	0.00e+00	0.00e+00	0.00e+00
 7.83142e+22	6.92e-02	8.99e-01	3.15e-02	2.93e-04	8.43e-06	0.00e+00	0.00e+00	0.00e+00
 7.83699e+22	7.27e-02	8.98e-01	2.92e-02	2.72e-04	7.42e-06	0.00e+00	0.00e+00	0.00e+00
 7.84263e+22	7.63e-02	8.96e-01	2.70e-02	2.53e-04	6.55e-06	0.00e+00	0.00e+00	0.00e+00
 7.84773e+22	7.97e-02	8.95e-01	2.52e-02	2.37e-04	5.85e-06	0.00e+00	0.00e+00	0.00e+00
 7.85273e+22	8.29e-02	8.93e-01	2.36e-02	2.23e-04	5.25e-06	0.00e+00	0.00e+00	0.00e+00
 7.85830e+22	8.72e-02	8.91e-01	2.18e-02	2.08e-04	4.62e-06	0.00e+00	0.00e+00	0.00e+00
 7.86407e+22	9.18e-02	8.88e-01	2.00e-02	1.94e-04	4.05e-06	0.00e+00	0.00e+00	0.00e+00
 7.86930e+22	9.62e-02	8.85e-01	1.86e-02	1.82e-04	3.59e-06	0.00e+00	0.00e+00	0.00e+00
 7.87420e+22	1.00e-01	8.82e-01	1.74e-02	1.72e-04	3.23e-06	0.00e+00	0.00e+00	0.00e+00
 7.87956e+22	1.05e-01	8.79e-01	1.60e-02	1.61e-04	2.85e-06	0.00e+00	0.00e+00	0.00e+00
 7.88531e+22	1.11e-01	8.74e-01	1.47e-02	1.51e-04	2.49e-06	0.00e+00	0.00e+00	0.00e+00
 7.89067e+22	1.17e-01	8.70e-01	1.36e-02	1.42e-04	2.20e-06	0.00e+00	0.00e+00	0.00e+00
 7.89564e+22	1.21e-01	8.66e-01	1.26e-02	1.34e-04	1.98e-06	0.00e+00	0.00e+00	0.00e+00
 7.90108e+22	1.28e-01	8.60e-01	1.16e-02	1.26e-04	1.74e-06	0.00e+00	0.00e+00	0.00e+00
 7.90699e+22	1.35e-01	8.55e-01	1.06e-02	1.19e-04	1.52e-06	0.00e+00	0.00e+00	0.00e+00
 7.91263e+22	1.42e-01	8.48e-01	9.75e-03	1.12e-04	1.34e-06	0.00e+00	0.00e+00	0.00e+00
 7.91799e+22	1.48e-01	8.42e-01	9.00e-03	1.06e-04	1.19e-06	0.00e+00	0.00e+00	0.00e+00
 7.92360e+22	1.56e-01	8.35e-01	8.24e-03	9.97e-05	1.04e-06	0.00e+00	0.00e+00	0.00e+00
 7.92948e+22	1.65e-01	8.28e-01	7.52e-03	9.40e-05	9.13e-07	0.00e+00	0.00e+00	0.00e+00
 7.93518e+22	1.73e-01	8.20e-01	6.89e-03	8.89e-05	8.06e-07	0.00e+00	0.00e+00	0.00e+00
 7.94086e+22	1.81e-01	8.12e-01	6.32e-03	8.42e-05	7.12e-07	0.00e+00	0.00e+00	0.00e+00
 7.94695e+22	1.91e-01	8.03e-01	5.73e-03	7.94e-05	6.21e-07	0.00e+00	0.00e+00	0.00e+00
 7.95309e+22	2.01e-01	7.94e-01	5.23e-03	7.51e-05	5.46e-07	0.00e+00	0.00e+00	0.00e+00
 7.95931e+22	2.12e-01	7.84e-01	4.74e-03	7.10e-05	4.77e-07	0.00e+00	0.00e+00	0.00e+00
 7.96577e+22	2.23e-01	7.73e-01	4.29e-03	6.70e-05	4.16e-07	0.00e+00	0.00e+00	0.00e+00
 7.97212e+22	2.34e-01	7.62e-01	3.90e-03	6.34e-05	3.65e-07	0.00e+00	0.00e+00	0.00e+00
 7.97861e+22	2.46e-01	7.50e-01	3.53e-03	6.00e-05	3.20e-07	0.00e+00	0.00e+00	0.00e+00
 7.98542e+22	2.59e-01	7.38e-01	3.18e-03	5.67e-05	2.79e-07	0.00e+00	0.00e+00	0.00e+00
 7.99247e+22	2.72e-01	7.25e-01	2.86e-03	5.36e-05	2.43e-07	0.00e+00	0.00e+00	0.00e+00
 7.99914e+22	2.85e-01	7.12e-01	2.60e-03	5.09e-05	2.14e-07	0.00e+00	0.00e+00	0.00e+00
 8.00509e+22	2.96e-01	7.01e-01	2.39e-03	4.86e-05	1.92e-07	0.00e+00	0.00e+00	0.00e+00
 8.01115e+22	3.08e-01	6.89e-01	2.18e-03	4.64e-05	1.71e-07	0.00e+00	0.00e+00	0.00e+00
 8.01773e+22	3.22e-01	6.76e-01	1.98e-03	4.42e-05	1.51e-07	0.00e+00	0.00e+00	0.00e+00
 8.02442e+22	3.35e-01	6.63e-01	1.80e-03	4.20e-05	1.34e-07	0.00e+00	0.00e+00	0.00e+00
 8.03109e+22	3.48e-01	6.50e-01	1.65e-03	4.01e-05	1.20e-07	0.00e+00	0.00e+00	0.00e+00
 8.03800e+22	3.62e-01	6.36e-01	1.49e-03	3.81e-05	1.06e-07	0.00e+00	0.00e+00	0.00e+00
 8.04510e+22	3.76e-01	6.22e-01	1.36e-03	3.63e-05	0.00e+00	0.00e+00	0.00e+00	0.00e+00
 8.05238e+22	3.91e-01	6.08e-01	1.23e-03	3.45e-05	0.00e+00	0.00e+00	0.00e+00	0.00e+00
 8.05990e+22	4.06e-01	5.93e-01	1.12e-03	3.28e-05	0.00e+00	0.00e+00	0.00e+00	0.00e+00
 8.06748e+22	4.21e-01	5.78e-01	1.02e-03	3.12e-05	0.00e+00	0.00e+00	0.00e+00	0.00e+00
 8.07527e+22	4.36e-01	5.64e-01	9.28e-04	2.96e-05	0.00e+00	0.00e+00	0.00e+00	0.00e+00
 8.08344e+22	4.51e-01	5.48e-01	8.43e-04	2.81e-05	0.00e+00	0.00e+00	0.00e+00	0.00e+00
 8.09198e+22	4.67e-01	5.33e-01	7.65e-04	2.66e-05	0.00e+00	0.00e+00	0.00e+00	0.00e+00
 8.10070e+22	4.82e-01	5.17e-01	6.97e-04	2.52e-05	0.00e+00	0.00e+00	0.00e+00	0.00e+00
 8.10967e+22	4.97e-01	5.02e-01	6.35e-04	2.39e-05	0.00e+00	0.00e+00	0.00e+00	0.00e+00
 8.11915e+22	5.13e-01	4.86e-01	5.78e-04	2.26e-05	0.00e+00	0.00e+00	0.00e+00	0.00e+00
 8.12914e+22	5.29e-01	4.71e-01	5.26e-04	2.14e-05	0.00e+00	0.00e+00	0.00e+00	0.00e+00
 8.13953e+22	5.44e-01	4.55e-01	4.80e-04	2.02e-05	0.00e+00	0.00e+00	0.00e+00	0.00e+00
 8.15041e+22	5.60e-01	4.40e-01	4.39e-04	1.91e-05	0.00e+00	0.00e+00	0.00e+00	0.00e+00
 8.16200e+22	5.75e-01	4.24e-01	4.01e-04	1.80e-05	0.00e+00	0.00e+00	0.00e+00	0.00e+00
 8.17438e+22	5.91e-01	4.09e-01	3.67e-04	1.69e-05	0.00e+00	0.00e+00	0.00e+00	0.00e+00
 8.18749e+22	6.06e-01	3.93e-01	3.37e-04	1.59e-05	0.00e+00	0.00e+00	0.00e+00	0.00e+00
 8.20129e+22	6.21e-01	3.79e-01	3.10e-04	1.50e-05	0.00e+00	0.00e+00	0.00e+00	0.00e+00
 8.21579e+22	6.36e-01	3.64e-01	2.85e-04	1.41e-05	0.00e+00	0.00e+00	0.00e+00	0.00e+00
 8.23113e+22	6.50e-01	3.50e-01	2.63e-04	1.32e-05	0.00e+00	0.00e+00	0.00e+00	0.00e+00
 8.24738e+22	6.63e-01	3.36e-01	2.44e-04	1.24e-05	0.00e+00	0.00e+00	0.00e+00	0.00e+00
 8.26443e+22	6.77e-01	3.23e-01	2.26e-04	1.16e-05	0.00e+00	0.00e+00	0.00e+00	0.00e+00
 8.28229e+22	6.90e-01	3.10e-01	2.10e-04	1.09e-05	0.00e+00	0.00e+00	0.00e+00	0.00e+00
 8.30082e+22	7.03e-01	2.97e-01	1.95e-04	1.03e-05	0.00e+00	0.00e+00	0.00e+00	0.00e+00
 8.31952e+22	7.16e-01	2.84e-01	1.82e-04	9.64e-06	0.00e+00	0.00e+00	0.00e+00	0.00e+00
 8.33797e+22	7.27e-01	2.73e-01	1.71e-04	9.08e-06	0.00e+00	0.00e+00	0.00e+00	0.00e+00
 8.35621e+22	7.38e-01	2.62e-01	1.61e-04	8.57e-06	0.00e+00	0.00e+00	0.00e+00	0.00e+00
 8.37442e+22	7.49e-01	2.51e-01	1.52e-04	8.09e-06	0.00e+00	0.00e+00	0.00e+00	0.00e+00
 8.39238e+22	7.59e-01	2.40e-01	1.44e-04	7.66e-06	0.00e+00	0.00e+00	0.00e+00	0.00e+00
 8.41001e+22	7.69e-01	2.31e-01	1.36e-04	7.25e-06	0.00e+00	0.00e+00	0.00e+00	0.00e+00
 8.42761e+22	7.79e-01	2.21e-01	1.29e-04	6.87e-06	0.00e+00	0.00e+00	0.00e+00	0.00e+00
 8.44489e+22	7.88e-01	2.11e-01	1.23e-04	6.52e-06	0.00e+00	0.00e+00	0.00e+00	0.00e+00
 8.46143e+22	7.97e-01	2.03e-01	1.17e-04	6.20e-06	0.00e+00	0.00e+00	0.00e+00	0.00e+00
 8.47757e+22	8.06e-01	1.94e-01	1.12e-04	5.90e-06	0.00e+00	0.00e+00	0.00e+00	0.00e+00
 8.49341e+22	8.14e-01	1.86e-01	1.08e-04	5.63e-06	0.00e+00	0.00e+00	0.00e+00	0.00e+00
 8.50893e+22	8.22e-01	1.78e-01	1.03e-04	5.37e-06	0.00e+00	0.00e+00	0.00e+00	0.00e+00
 8.52405e+22	8.30e-01	1.70e-01	9.93e-05	5.12e-06	0.00e+00	0.00e+00	0.00e+00	0.00e+00
 8.53870e+22	8.37e-01	1.63e-01	9.57e-05	4.90e-06	0.00e+00	0.00e+00	0.00e+00	0.00e+00
 8.55301e+22	8.44e-01	1.55e-01	9.23e-05	4.69e-06	0.00e+00	0.00e+00	0.00e+00	0.00e+00
 8.56720e+22	8.51e-01	1.49e-01	8.91e-05	4.49e-06	0.00e+00	0.00e+00	0.00e+00	0.00e+00
 8.58127e+22	8.58e-01	1.42e-01	8.61e-05	4.29e-06	0.00e+00	0.00e+00	0.00e+00	0.00e+00
 8.59509e+22	8.65e-01	1.35e-01	8.34e-05	4.11e-06	0.00e+00	0.00e+00	0.00e+00	0.00e+00
 8.60838e+22	8.71e-01	1.29e-01	8.09e-05	3.95e-06	0.00e+00	0.00e+00	0.00e+00	0.00e+00
 8.62115e+22	8.77e-01	1.23e-01	7.85e-05	3.79e-06	0.00e+00	0.00e+00	0.00e+00	0.00e+00
 8.63353e+22	8.82e-01	1.18e-01	7.64e-05	3.65e-06	0.00e+00	0.00e+00	0.00e+00	0.00e+00
 8.64526e+22	8.87e-01	1.13e-01	7.45e-05	3.52e-06	0.00e+00	0.00e+00	0.00e+00	0.00e+00
 8.65624e+22	8.92e-01	1.08e-01	7.28e-05	3.41e-06	0.00e+00	0.00e+00	0.00e+00	0.00e+00
 8.66668e+22	8.96e-01	1.04e-01	7.12e-05	3.30e-06	0.00e+00	0.00e+00	0.00e+00	0.00e+00
 8.67640e+22	9.00e-01	9.98e-02	6.98e-05	3.21e-06	0.00e+00	0.00e+00	0.00e+00	0.00e+00
 8.68378e+22	9.03e-01	9.72e-02	6.89e-05	3.16e-06	0.00e+00	0.00e+00	0.00e+00	0.00e+00
 8.68821e+22	9.04e-01	9.62e-02	6.85e-05	3.14e-06	0.00e+00	0.00e+00	0.00e+00	0.00e+00
 8.69145e+22	9.05e-01	9.52e-02	6.81e-05	3.12e-06	0.00e+00	0.00e+00	0.00e+00	0.00e+00
 8.69486e+22	9.06e-01	9.38e-02	6.76e-05	3.09e-06	0.00e+00	0.00e+00	0.00e+00	0.00e+00
 8.69856e+22	9.08e-01	9.23e-02	6.71e-05	3.06e-06	0.00e+00	0.00e+00	0.00e+00	0.00e+00
 8.70232e+22	9.09e-01	9.09e-02	6.66e-05	3.02e-06	0.00e+00	0.00e+00	0.00e+00	0.00e+00
 8.70597e+22	9.10e-01	8.95e-02	6.61e-05	2.99e-06	0.00e+00	0.00e+00	0.00e+00	0.00e+00
 8.70939e+22	9.12e-01	8.82e-02	6.56e-05	2.96e-06	0.00e+00	0.00e+00	0.00e+00	0.00e+00
 8.71281e+22	9.13e-01	8.69e-02	6.52e-05	2.93e-06	0.00e+00	0.00e+00	0.00e+00	0.00e+00
 8.71637e+22	9.14e-01	8.56e-02	6.47e-05	2.90e-06	0.00e+00	0.00e+00	0.00e+00	0.00e+00
 8.71997e+22	9.16e-01	8.43e-02	6.42e-05	2.87e-06	0.00e+00	0.00e+00	0.00e+00	0.00e+00
 8.72361e+22	9.17e-01	8.30e-02	6.38e-05	2.84e-06	0.00e+00	0.00e+00	0.00e+00	0.00e+00
 8.72741e+22	9.18e-01	8.16e-02	6.33e-05	2.81e-06	0.00e+00	0.00e+00	0.00e+00	0.00e+00
 8.73135e+22	9.20e-01	8.02e-02	6.28e-05	2.78e-06	0.00e+00	0.00e+00	0.00e+00	0.00e+00
 8.73521e+22	9.21e-01	7.90e-02	6.23e-05	2.75e-06	0.00e+00	0.00e+00	0.00e+00	0.00e+00
 8.73904e+22	9.22e-01	7.77e-02	6.19e-05	2.72e-06	0.00e+00	0.00e+00	0.00e+00	0.00e+00
 8.74302e+22	9.24e-01	7.63e-02	6.14e-05	2.70e-06	0.00e+00	0.00e+00	0.00e+00	0.00e+00
 8.74695e+22	9.25e-01	7.52e-02	6.10e-05	2.67e-06	0.00e+00	0.00e+00	0.00e+00	0.00e+00
 8.75089e+22	9.26e-01	7.39e-02	6.05e-05	2.65e-06	0.00e+00	0.00e+00	0.00e+00	0.00e+00
