#depth	He	He+	He+2
 4.62852e+21	2.38e-14	2.05e-07	1.00e+00
 1.02205e+22	1.16e-13	4.25e-07	1.00e+00
 1.15391e+22	2.09e-13	5.54e-07	1.00e+00
 1.20716e+22	2.81e-13	6.32e-07	1.00e+00
 1.22990e+22	3.05e-13	6.56e-07	1.00e+00
 1.24136e+22	3.40e-13	6.88e-07	1.00e+00
 1.25343e+22	3.73e-13	7.17e-07	1.00e+00
 1.26535e+22	4.14e-13	7.52e-07	1.00e+00
 1.27751e+22	4.57e-13	7.85e-07	1.00e+00
 1.28964e+22	5.07e-13	8.23e-07	1.00e+00
 1.30195e+22	5.62e-13	8.60e-07	1.00e+00
 1.31375e+22	6.19e-13	8.98e-07	1.00e+00
 1.32577e+22	6.88e-13	9.40e-07	1.00e+00
 1.33796e+22	7.62e-13	9.83e-07	1.00e+00
 1.34965e+22	8.41e-13	1.03e-06	1.00e+00
 1.36159e+22	9.35e-13	1.07e-06	1.00e+00
 1.37363e+22	1.03e-12	1.12e-06	1.00e+00
 1.38562e+22	1.15e-12	1.17e-06	1.00e+00
 1.39777e+22	1.28e-12	1.23e-06	1.00e+00
 1.40962e+22	1.42e-12	1.28e-06	1.00e+00
 1.42153e+22	1.58e-12	1.34e-06	1.00e+00
 1.43363e+22	1.76e-12	1.41e-06	1.00e+00
 1.44564e+22	1.96e-12	1.47e-06	1.00e+00
 1.45760e+22	2.19e-12	1.54e-06	1.00e+00
 1.46953e+22	2.44e-12	1.61e-06	1.00e+00
 1.48139e+22	2.73e-12	1.69e-06	1.00e+00
 1.49318e+22	3.05e-12	1.76e-06	1.00e+00
 1.50491e+22	3.40e-12	1.85e-06	1.00e+00
 1.51657e+22	3.80e-12	1.93e-06	1.00e+00
 1.52817e+22	4.25e-12	2.02e-06	1.00e+00
 1.53971e+22	4.75e-12	2.11e-06	1.00e+00
 1.55117e+22	5.30e-12	2.21e-06	1.00e+00
 1.56256e+22	5.93e-12	2.31e-06	1.00e+00
 1.57392e+22	6.62e-12	2.42e-06	1.00e+00
 1.58524e+22	7.39e-12	2.53e-06	1.00e+00
 1.59655e+22	8.26e-12	2.64e-06	1.00e+00
 1.60787e+22	9.20e-12	2.76e-06	1.00e+00
 1.61919e+22	1.03e-11	2.89e-06	1.00e+00
 1.63055e+22	1.14e-11	3.02e-06	1.00e+00
 1.64197e+22	1.28e-11	3.16e-06	1.00e+00
 1.65350e+22	1.42e-11	3.31e-06	1.00e+00
 1.66515e+22	1.58e-11	3.46e-06	1.00e+00
 1.67694e+22	1.76e-11	3.62e-06	1.00e+00
 1.68890e+22	1.96e-11	3.79e-06	1.00e+00
 1.70107e+22	2.18e-11	3.96e-06	1.00e+00
 1.71350e+22	2.42e-11	4.15e-06	1.00e+00
 1.72622e+22	2.69e-11	4.34e-06	1.00e+00
 1.73865e+22	2.96e-11	4.52e-06	1.00e+00
 1.75147e+22	2.76e-11	4.74e-06	1.00e+00
 1.76451e+22	3.05e-11	4.94e-06	1.00e+00
 1.77798e+22	3.42e-11	5.18e-06	1.00e+00
 1.79169e+22	3.77e-11	5.40e-06	1.00e+00
 1.80589e+22	4.23e-11	5.66e-06	1.00e+00
 1.82038e+22	4.66e-11	5.90e-06	1.00e+00
 1.83370e+22	5.11e-11	6.14e-06	1.00e+00
 1.84888e+22	5.74e-11	6.45e-06	1.00e+00
 1.86420e+22	6.27e-11	6.70e-06	1.00e+00
 1.87969e+22	7.02e-11	7.04e-06	1.00e+00
 1.89522e+22	7.65e-11	7.31e-06	1.00e+00
 1.91082e+22	8.54e-11	7.67e-06	1.00e+00
 1.92668e+22	9.27e-11	7.96e-06	1.00e+00
 1.94289e+22	1.04e-10	8.36e-06	1.00e+00
 1.95904e+22	1.12e-10	8.66e-06	1.00e+00
 1.97511e+22	1.24e-10	9.07e-06	1.00e+00
 1.99156e+22	1.35e-10	9.42e-06	1.00e+00
 2.00848e+22	1.50e-10	9.89e-06	1.00e+00
 2.02544e+22	1.62e-10	1.03e-05	1.00e+00
 2.04245e+22	1.80e-10	1.08e-05	1.00e+00
 2.05976e+22	1.96e-10	1.12e-05	1.00e+00
 2.07747e+22	2.18e-10	1.18e-05	1.00e+00
 2.09543e+22	2.38e-10	1.23e-05	1.00e+00
 2.11101e+22	2.58e-10	1.28e-05	1.00e+00
 2.12570e+22	2.79e-10	1.32e-05	1.00e+00
 2.14193e+22	3.08e-10	1.39e-05	1.00e+00
 2.15810e+22	3.33e-10	1.44e-05	1.00e+00
 2.17118e+22	3.55e-10	1.49e-05	1.00e+00
 2.18519e+22	3.88e-10	1.56e-05	1.00e+00
 2.19813e+22	4.10e-10	1.60e-05	1.00e+00
 2.20968e+22	4.44e-10	1.66e-05	1.00e+00
 2.22123e+22	4.69e-10	1.71e-05	1.00e+00
 2.23278e+22	5.06e-10	1.77e-05	1.00e+00
 2.24413e+22	5.35e-10	1.82e-05	1.00e+00
 2.25520e+22	5.80e-10	1.90e-05	1.00e+00
 2.26576e+22	6.09e-10	1.95e-05	1.00e+00
 2.27564e+22	6.53e-10	2.02e-05	1.00e+00
 2.28574e+22	6.91e-10	2.07e-05	1.00e+00
 2.29613e+22	7.48e-10	2.16e-05	1.00e+00
 2.30636e+22	7.87e-10	2.22e-05	1.00e+00
 2.31636e+22	8.52e-10	2.31e-05	1.00e+00
 2.32583e+22	8.97e-10	2.37e-05	1.00e+00
 2.33462e+22	9.64e-10	2.46e-05	1.00e+00
 2.34343e+22	1.01e-09	2.53e-05	1.00e+00
 2.35229e+22	1.09e-09	2.63e-05	1.00e+00
 2.36125e+22	1.16e-09	2.71e-05	1.00e+00
 2.37034e+22	1.26e-09	2.83e-05	1.00e+00
 2.37932e+22	1.33e-09	2.91e-05	1.00e+00
 2.38815e+22	1.44e-09	3.04e-05	1.00e+00
 2.39713e+22	1.53e-09	3.15e-05	1.00e+00
 2.40496e+22	1.64e-09	3.26e-05	1.00e+00
 2.41379e+22	1.78e-09	3.42e-05	1.00e+00
 2.42258e+22	1.90e-09	3.54e-05	1.00e+00
 2.43130e+22	2.08e-09	3.72e-05	1.00e+00
 2.43974e+22	2.21e-09	3.86e-05	1.00e+00
 2.44781e+22	2.41e-09	4.05e-05	1.00e+00
 2.45591e+22	2.58e-09	4.20e-05	1.00e+00
 2.46404e+22	2.82e-09	4.42e-05	1.00e+00
 2.47224e+22	3.01e-09	4.59e-05	1.00e+00
 2.48051e+22	3.29e-09	4.83e-05	1.00e+00
 2.48902e+22	3.53e-09	5.04e-05	1.00e+00
 2.49658e+22	3.79e-09	5.25e-05	1.00e+00
 2.50496e+22	4.15e-09	5.54e-05	1.00e+00
 2.51338e+22	4.44e-09	5.77e-05	1.00e+00
 2.52193e+22	4.86e-09	6.09e-05	1.00e+00
 2.53065e+22	5.22e-09	6.36e-05	1.00e+00
 2.53924e+22	5.68e-09	6.70e-05	1.00e+00
 2.54800e+22	6.10e-09	7.01e-05	1.00e+00
 2.55680e+22	6.62e-09	7.37e-05	1.00e+00
 2.56553e+22	7.09e-09	7.70e-05	1.00e+00
 2.57441e+22	7.67e-09	8.10e-05	1.00e+00
 2.58358e+22	8.22e-09	8.47e-05	1.00e+00
 2.59296e+22	8.88e-09	8.91e-05	1.00e+00
 2.60247e+22	9.49e-09	9.30e-05	1.00e+00
 2.61227e+22	1.02e-08	9.79e-05	1.00e+00
 2.62233e+22	1.09e-08	1.02e-04	1.00e+00
 2.63279e+22	1.18e-08	1.08e-04	1.00e+00
 2.64353e+22	1.26e-08	1.12e-04	1.00e+00
 2.65469e+22	1.35e-08	1.18e-04	1.00e+00
 2.66614e+22	1.44e-08	1.23e-04	1.00e+00
 2.67828e+22	1.55e-08	1.30e-04	1.00e+00
 2.69053e+22	1.64e-08	1.36e-04	1.00e+00
 2.70304e+22	1.76e-08	1.43e-04	1.00e+00
 2.71584e+22	1.87e-08	1.49e-04	1.00e+00
 2.72691e+22	1.97e-08	1.55e-04	1.00e+00
 2.73920e+22	2.10e-08	1.62e-04	1.00e+00
 2.75166e+22	2.20e-08	1.68e-04	1.00e+00
 2.76434e+22	2.34e-08	1.76e-04	1.00e+00
 2.77719e+22	2.46e-08	1.83e-04	1.00e+00
 2.79024e+22	2.61e-08	1.91e-04	1.00e+00
 2.80309e+22	2.73e-08	1.98e-04	1.00e+00
 2.81567e+22	2.88e-08	2.07e-04	1.00e+00
 2.82854e+22	3.00e-08	2.14e-04	1.00e+00
 2.84179e+22	3.18e-08	2.23e-04	1.00e+00
 2.85514e+22	3.31e-08	2.31e-04	1.00e+00
 2.86863e+22	3.49e-08	2.41e-04	1.00e+00
 2.88234e+22	3.64e-08	2.49e-04	1.00e+00
 2.89637e+22	3.84e-08	2.60e-04	1.00e+00
 2.91066e+22	4.00e-08	2.69e-04	1.00e+00
 2.92316e+22	4.15e-08	2.77e-04	1.00e+00
 2.93730e+22	4.37e-08	2.89e-04	1.00e+00
 2.95141e+22	4.53e-08	2.98e-04	1.00e+00
 2.96550e+22	4.75e-08	3.10e-04	1.00e+00
 2.97980e+22	4.93e-08	3.19e-04	1.00e+00
 2.99438e+22	5.16e-08	3.32e-04	1.00e+00
 3.00946e+22	5.37e-08	3.42e-04	1.00e+00
 3.02520e+22	5.64e-08	3.57e-04	1.00e+00
 3.04122e+22	5.86e-08	3.68e-04	1.00e+00
 3.05758e+22	6.16e-08	3.84e-04	1.00e+00
 3.07453e+22	6.42e-08	3.97e-04	1.00e+00
 3.09225e+22	6.76e-08	4.14e-04	1.00e+00
 3.11026e+22	7.05e-08	4.28e-04	1.00e+00
 3.12865e+22	7.44e-08	4.48e-04	1.00e+00
 3.14750e+22	7.77e-08	4.63e-04	1.00e+00
 3.16694e+22	8.21e-08	4.86e-04	1.00e+00
 3.18681e+22	8.58e-08	5.03e-04	9.99e-01
 3.20724e+22	9.08e-08	5.30e-04	9.99e-01
 3.22780e+22	9.49e-08	5.49e-04	9.99e-01
 3.24852e+22	1.00e-07	5.78e-04	9.99e-01
 3.26814e+22	1.04e-07	5.98e-04	9.99e-01
 3.28635e+22	1.09e-07	6.26e-04	9.99e-01
 3.30493e+22	1.13e-07	6.49e-04	9.99e-01
 3.32399e+22	1.19e-07	6.82e-04	9.99e-01
 3.34311e+22	1.23e-07	7.08e-04	9.99e-01
 3.36232e+22	1.29e-07	7.46e-04	9.99e-01
 3.38165e+22	1.33e-07	7.75e-04	9.99e-01
 3.40114e+22	1.39e-07	8.18e-04	9.99e-01
 3.42087e+22	1.43e-07	8.54e-04	9.99e-01
 3.44090e+22	1.48e-07	9.04e-04	9.99e-01
 3.46113e+22	1.52e-07	9.45e-04	9.99e-01
 3.48163e+22	1.57e-07	1.00e-03	9.99e-01
 3.50107e+22	1.59e-07	1.05e-03	9.99e-01
 3.51914e+22	1.62e-07	1.10e-03	9.99e-01
 3.53759e+22	1.64e-07	1.15e-03	9.99e-01
 3.55571e+22	1.66e-07	1.22e-03	9.99e-01
 3.57424e+22	1.67e-07	1.28e-03	9.99e-01
 3.59200e+22	1.68e-07	1.34e-03	9.99e-01
 3.61003e+22	1.68e-07	1.41e-03	9.99e-01
 3.62766e+22	1.68e-07	1.48e-03	9.99e-01
 3.64500e+22	1.68e-07	1.55e-03	9.98e-01
 3.66214e+22	1.67e-07	1.62e-03	9.98e-01
 3.67914e+22	1.67e-07	1.70e-03	9.98e-01
 3.69615e+22	1.67e-07	1.78e-03	9.98e-01
 3.71322e+22	1.68e-07	1.87e-03	9.98e-01
 3.73037e+22	1.68e-07	1.96e-03	9.98e-01
 3.74767e+22	1.70e-07	2.05e-03	9.98e-01
 3.76524e+22	1.72e-07	2.15e-03	9.98e-01
 3.78313e+22	1.76e-07	2.25e-03	9.98e-01
 3.80110e+22	1.80e-07	2.36e-03	9.98e-01
 3.81947e+22	1.85e-07	2.47e-03	9.98e-01
 3.83798e+22	1.92e-07	2.59e-03	9.97e-01
 3.85698e+22	2.01e-07	2.72e-03	9.97e-01
 3.87481e+22	2.09e-07	2.83e-03	9.97e-01
 3.89298e+22	2.21e-07	2.97e-03	9.97e-01
 3.91134e+22	2.33e-07	3.08e-03	9.97e-01
 3.92994e+22	2.49e-07	3.24e-03	9.97e-01
 3.94900e+22	2.64e-07	3.37e-03	9.97e-01
 3.96867e+22	2.86e-07	3.55e-03	9.96e-01
 3.98865e+22	3.05e-07	3.69e-03	9.96e-01
 4.00902e+22	3.33e-07	3.89e-03	9.96e-01
 4.02955e+22	3.57e-07	4.05e-03	9.96e-01
 4.05029e+22	3.92e-07	4.26e-03	9.96e-01
 4.07126e+22	4.21e-07	4.43e-03	9.96e-01
 4.09254e+22	4.64e-07	4.67e-03	9.95e-01
 4.11416e+22	5.01e-07	4.86e-03	9.95e-01
 4.13625e+22	5.55e-07	5.12e-03	9.95e-01
 4.15874e+22	6.00e-07	5.34e-03	9.95e-01
 4.18176e+22	6.67e-07	5.63e-03	9.94e-01
 4.20528e+22	7.25e-07	5.88e-03	9.94e-01
 4.22511e+22	7.81e-07	6.10e-03	9.94e-01
 4.24652e+22	8.62e-07	6.41e-03	9.94e-01
 4.26802e+22	9.27e-07	6.65e-03	9.93e-01
 4.28964e+22	1.02e-06	6.99e-03	9.93e-01
 4.31109e+22	1.10e-06	7.24e-03	9.93e-01
 4.33232e+22	1.21e-06	7.59e-03	9.92e-01
 4.35380e+22	1.30e-06	7.87e-03	9.92e-01
 4.37561e+22	1.43e-06	8.25e-03	9.92e-01
 4.39783e+22	1.54e-06	8.57e-03	9.91e-01
 4.42057e+22	1.70e-06	8.99e-03	9.91e-01
 4.44359e+22	1.83e-06	9.34e-03	9.91e-01
 4.46697e+22	2.02e-06	9.82e-03	9.90e-01
 4.49080e+22	2.19e-06	1.02e-02	9.90e-01
 4.51520e+22	2.43e-06	1.08e-02	9.89e-01
 4.53984e+22	2.63e-06	1.12e-02	9.89e-01
 4.56480e+22	2.93e-06	1.18e-02	9.88e-01
 4.59024e+22	3.17e-06	1.23e-02	9.88e-01
 4.61632e+22	3.54e-06	1.29e-02	9.87e-01
 4.64262e+22	3.84e-06	1.35e-02	9.87e-01
 4.66921e+22	4.29e-06	1.42e-02	9.86e-01
 4.69454e+22	4.63e-06	1.48e-02	9.85e-01
 4.71822e+22	5.07e-06	1.55e-02	9.85e-01
 4.74353e+22	5.52e-06	1.61e-02	9.84e-01
 4.76710e+22	5.99e-06	1.68e-02	9.83e-01
 4.78922e+22	6.46e-06	1.74e-02	9.83e-01
 4.81013e+22	6.95e-06	1.81e-02	9.82e-01
 4.83415e+22	7.64e-06	1.90e-02	9.81e-01
 4.85854e+22	8.23e-06	1.97e-02	9.80e-01
 4.88340e+22	9.05e-06	2.06e-02	9.79e-01
 4.90889e+22	9.82e-06	2.15e-02	9.79e-01
 4.93145e+22	1.06e-05	2.23e-02	9.78e-01
 4.95706e+22	1.17e-05	2.34e-02	9.77e-01
 4.98383e+22	1.27e-05	2.44e-02	9.76e-01
 5.00811e+22	1.38e-05	2.54e-02	9.75e-01
 5.03567e+22	1.53e-05	2.67e-02	9.73e-01
 5.06395e+22	1.68e-05	2.79e-02	9.72e-01
 5.08904e+22	1.82e-05	2.91e-02	9.71e-01
 5.11751e+22	2.03e-05	3.07e-02	9.69e-01
 5.14690e+22	2.22e-05	3.21e-02	9.68e-01
 5.17322e+22	2.43e-05	3.35e-02	9.66e-01
 5.20317e+22	2.71e-05	3.54e-02	9.65e-01
 5.23344e+22	2.97e-05	3.70e-02	9.63e-01
 5.25993e+22	3.24e-05	3.86e-02	9.61e-01
 5.29017e+22	3.62e-05	4.08e-02	9.59e-01
 5.32113e+22	3.98e-05	4.27e-02	9.57e-01
 5.34869e+22	4.35e-05	4.46e-02	9.55e-01
 5.38019e+22	4.88e-05	4.72e-02	9.53e-01
 5.41241e+22	5.38e-05	4.95e-02	9.50e-01
 5.44088e+22	5.90e-05	5.17e-02	9.48e-01
 5.46870e+22	6.45e-05	5.41e-02	9.46e-01
 5.50033e+22	7.21e-05	5.71e-02	9.43e-01
 5.53215e+22	7.91e-05	5.97e-02	9.40e-01
 5.55980e+22	8.64e-05	6.24e-02	9.38e-01
 5.59132e+22	9.65e-05	6.58e-02	9.34e-01
 5.62241e+22	1.05e-04	6.86e-02	9.31e-01
 5.64891e+22	1.15e-04	7.15e-02	9.28e-01
 5.67933e+22	1.27e-04	7.52e-02	9.25e-01
 5.71041e+22	1.39e-04	7.85e-02	9.21e-01
 5.73522e+22	1.49e-04	8.12e-02	9.19e-01
 5.76036e+22	1.62e-04	8.47e-02	9.15e-01
 5.78594e+22	1.74e-04	8.76e-02	9.12e-01
 5.81211e+22	1.90e-04	9.14e-02	9.08e-01
 5.83855e+22	2.04e-04	9.47e-02	9.05e-01
 5.86183e+22	2.19e-04	9.80e-02	9.02e-01
 5.88855e+22	2.40e-04	1.02e-01	8.97e-01
 5.91549e+22	2.58e-04	1.06e-01	8.94e-01
 5.94273e+22	2.83e-04	1.11e-01	8.89e-01
 5.97012e+22	3.03e-04	1.15e-01	8.85e-01
 5.99771e+22	3.32e-04	1.20e-01	8.80e-01
 6.02585e+22	3.57e-04	1.24e-01	8.76e-01
 6.05469e+22	3.92e-04	1.30e-01	8.70e-01
 6.08391e+22	4.23e-04	1.34e-01	8.65e-01
 6.11359e+22	4.66e-04	1.41e-01	8.59e-01
 6.14343e+22	5.03e-04	1.46e-01	8.54e-01
 6.17348e+22	5.53e-04	1.52e-01	8.47e-01
 6.20445e+22	6.00e-04	1.58e-01	8.41e-01
 6.23661e+22	6.64e-04	1.66e-01	8.33e-01
 6.26931e+22	7.20e-04	1.72e-01	8.27e-01
 6.29518e+22	7.68e-04	1.78e-01	8.22e-01
 6.32127e+22	8.33e-04	1.84e-01	8.15e-01
 6.34744e+22	8.88e-04	1.90e-01	8.09e-01
 6.37373e+22	9.60e-04	1.97e-01	8.02e-01
 6.40071e+22	1.03e-03	2.03e-01	7.96e-01
 6.42859e+22	1.12e-03	2.11e-01	7.88e-01
 6.45673e+22	1.20e-03	2.17e-01	7.81e-01
 6.48523e+22	1.30e-03	2.26e-01	7.73e-01
 6.51380e+22	1.39e-03	2.33e-01	7.65e-01
 6.54247e+22	1.52e-03	2.42e-01	7.56e-01
 6.57198e+22	1.63e-03	2.50e-01	7.48e-01
 6.60260e+22	1.78e-03	2.60e-01	7.38e-01
 6.63079e+22	1.88e-03	2.67e-01	7.31e-01
 6.65015e+22	1.97e-03	2.72e-01	7.26e-01
 6.66963e+22	2.08e-03	2.79e-01	7.19e-01
 6.69495e+22	2.23e-03	2.88e-01	7.10e-01
 6.72044e+22	2.36e-03	2.95e-01	7.02e-01
 6.74256e+22	2.50e-03	3.03e-01	6.95e-01
 6.76200e+22	2.61e-03	3.08e-01	6.89e-01
 6.78155e+22	2.75e-03	3.16e-01	6.82e-01
 6.80697e+22	2.96e-03	3.26e-01	6.71e-01
 6.83204e+22	3.12e-03	3.34e-01	6.63e-01
 6.85665e+22	3.34e-03	3.43e-01	6.53e-01
 6.88387e+22	3.57e-03	3.54e-01	6.43e-01
 6.91048e+22	3.81e-03	3.64e-01	6.32e-01
 6.94105e+22	4.16e-03	3.77e-01	6.18e-01
 6.97419e+22	4.49e-03	3.90e-01	6.06e-01
 7.01067e+22	4.98e-03	4.07e-01	5.88e-01
 7.04769e+22	5.41e-03	4.22e-01	5.73e-01
 7.08542e+22	6.02e-03	4.40e-01	5.54e-01
 7.12351e+22	6.55e-03	4.56e-01	5.37e-01
 7.16207e+22	7.31e-03	4.76e-01	5.17e-01
 7.20098e+22	8.00e-03	4.93e-01	4.99e-01
 7.24035e+22	8.97e-03	5.15e-01	4.76e-01
 7.27976e+22	9.85e-03	5.34e-01	4.56e-01
 7.30967e+22	1.05e-02	5.47e-01	4.42e-01
 7.33896e+22	1.15e-02	5.65e-01	4.24e-01
 7.36830e+22	1.24e-02	5.79e-01	4.08e-01
 7.39769e+22	1.36e-02	5.97e-01	3.90e-01
 7.42735e+22	1.47e-02	6.12e-01	3.73e-01
 7.45281e+22	1.59e-02	6.26e-01	3.58e-01
 7.48136e+22	1.75e-02	6.44e-01	3.39e-01
 7.51095e+22	1.91e-02	6.59e-01	3.22e-01
 7.53727e+22	2.07e-02	6.74e-01	3.06e-01
 7.56684e+22	2.31e-02	6.90e-01	2.86e-01
 7.59850e+22	2.57e-02	7.07e-01	2.68e-01
 7.62673e+22	2.83e-02	7.20e-01	2.51e-01
 7.65272e+22	3.11e-02	7.32e-01	2.36e-01
 7.67800e+22	3.44e-02	7.44e-01	2.22e-01
 7.69466e+22	3.59e-02	7.48e-01	2.16e-01
 7.70114e+22	3.68e-02	7.51e-01	2.12e-01
 7.70608e+22	3.76e-02	7.53e-01	2.10e-01
 7.71193e+22	3.85e-02	7.55e-01	2.07e-01
 7.71925e+22	3.98e-02	7.58e-01	2.03e-01
 7.72668e+22	4.11e-02	7.60e-01	1.99e-01
 7.73317e+22	4.22e-02	7.62e-01	1.96e-01
 7.73935e+22	4.33e-02	7.64e-01	1.93e-01
 7.74572e+22	4.46e-02	7.66e-01	1.89e-01
 7.75198e+22	4.58e-02	7.68e-01	1.86e-01
 7.75804e+22	4.72e-02	7.70e-01	1.83e-01
 7.76404e+22	4.84e-02	7.71e-01	1.80e-01
 7.76999e+22	4.98e-02	7.73e-01	1.78e-01
 7.77594e+22	5.13e-02	7.74e-01	1.75e-01
 7.78169e+22	5.28e-02	7.75e-01	1.72e-01
 7.78729e+22	5.41e-02	7.76e-01	1.70e-01
 7.79310e+22	5.58e-02	7.77e-01	1.67e-01
 7.79888e+22	5.74e-02	7.78e-01	1.65e-01
 7.80447e+22	5.92e-02	7.79e-01	1.62e-01
 7.80991e+22	6.07e-02	7.79e-01	1.60e-01
 7.81534e+22	6.26e-02	7.80e-01	1.57e-01
 7.82091e+22	6.45e-02	7.80e-01	1.55e-01
 7.82623e+22	6.64e-02	7.81e-01	1.53e-01
 7.83142e+22	6.82e-02	7.81e-01	1.51e-01
 7.83699e+22	7.05e-02	7.81e-01	1.49e-01
 7.84263e+22	7.28e-02	7.81e-01	1.47e-01
 7.84773e+22	7.49e-02	7.80e-01	1.45e-01
 7.85273e+22	7.69e-02	7.80e-01	1.43e-01
 7.85830e+22	7.96e-02	7.79e-01	1.41e-01
 7.86407e+22	8.24e-02	7.79e-01	1.39e-01
 7.86930e+22	8.52e-02	7.78e-01	1.37e-01
 7.87420e+22	8.74e-02	7.77e-01	1.36e-01
 7.87956e+22	9.05e-02	7.75e-01	1.34e-01
 7.88531e+22	9.39e-02	7.74e-01	1.32e-01
 7.89067e+22	9.72e-02	7.72e-01	1.30e-01
 7.89564e+22	1.00e-01	7.71e-01	1.29e-01
 7.90108e+22	1.04e-01	7.69e-01	1.27e-01
 7.90699e+22	1.08e-01	7.66e-01	1.26e-01
 7.91263e+22	1.12e-01	7.64e-01	1.24e-01
 7.91799e+22	1.16e-01	7.61e-01	1.23e-01
 7.92360e+22	1.20e-01	7.59e-01	1.21e-01
 7.92948e+22	1.25e-01	7.55e-01	1.20e-01
 7.93518e+22	1.30e-01	7.52e-01	1.18e-01
 7.94086e+22	1.35e-01	7.49e-01	1.17e-01
 7.94695e+22	1.40e-01	7.44e-01	1.15e-01
 7.95309e+22	1.46e-01	7.40e-01	1.14e-01
 7.95931e+22	1.52e-01	7.35e-01	1.12e-01
 7.96577e+22	1.59e-01	7.30e-01	1.11e-01
 7.97212e+22	1.66e-01	7.25e-01	1.09e-01
 7.97861e+22	1.74e-01	7.19e-01	1.07e-01
 7.98542e+22	1.82e-01	7.13e-01	1.06e-01
 7.99247e+22	1.90e-01	7.06e-01	1.04e-01
 7.99914e+22	1.99e-01	6.99e-01	1.02e-01
 8.00509e+22	2.06e-01	6.93e-01	1.01e-01
 8.01115e+22	2.15e-01	6.86e-01	9.93e-02
 8.01773e+22	2.24e-01	6.78e-01	9.75e-02
 8.02442e+22	2.34e-01	6.70e-01	9.58e-02
 8.03109e+22	2.44e-01	6.62e-01	9.40e-02
 8.03800e+22	2.54e-01	6.54e-01	9.20e-02
 8.04510e+22	2.65e-01	6.45e-01	9.02e-02
 8.05238e+22	2.77e-01	6.35e-01	8.82e-02
 8.05990e+22	2.89e-01	6.25e-01	8.61e-02
 8.06748e+22	3.02e-01	6.14e-01	8.40e-02
 8.07527e+22	3.15e-01	6.03e-01	8.18e-02
 8.08344e+22	3.29e-01	5.92e-01	7.94e-02
 8.09198e+22	3.44e-01	5.79e-01	7.70e-02
 8.10070e+22	3.59e-01	5.67e-01	7.45e-02
 8.10967e+22	3.75e-01	5.53e-01	7.20e-02
 8.11915e+22	3.91e-01	5.39e-01	6.93e-02
 8.12914e+22	4.09e-01	5.25e-01	6.65e-02
 8.13953e+22	4.26e-01	5.10e-01	6.36e-02
 8.15041e+22	4.44e-01	4.95e-01	6.07e-02
 8.16200e+22	4.63e-01	4.79e-01	5.76e-02
 8.17438e+22	4.83e-01	4.63e-01	5.44e-02
 8.18749e+22	5.02e-01	4.46e-01	5.12e-02
 8.20129e+22	5.22e-01	4.30e-01	4.80e-02
 8.21579e+22	5.41e-01	4.14e-01	4.48e-02
 8.23113e+22	5.60e-01	3.98e-01	4.17e-02
 8.24738e+22	5.79e-01	3.83e-01	3.86e-02
 8.26443e+22	5.97e-01	3.68e-01	3.56e-02
 8.28229e+22	6.14e-01	3.53e-01	3.27e-02
 8.30082e+22	6.31e-01	3.39e-01	3.00e-02
 8.31952e+22	6.47e-01	3.26e-01	2.75e-02
 8.33797e+22	6.61e-01	3.14e-01	2.53e-02
 8.35621e+22	6.74e-01	3.02e-01	2.32e-02
 8.37442e+22	6.87e-01	2.92e-01	2.14e-02
 8.39238e+22	6.99e-01	2.81e-01	1.97e-02
 8.41001e+22	7.10e-01	2.72e-01	1.82e-02
 8.42761e+22	7.21e-01	2.62e-01	1.67e-02
 8.44489e+22	7.31e-01	2.53e-01	1.54e-02
 8.46143e+22	7.41e-01	2.45e-01	1.43e-02
 8.47757e+22	7.50e-01	2.37e-01	1.33e-02
 8.49341e+22	7.59e-01	2.29e-01	1.23e-02
 8.50893e+22	7.67e-01	2.22e-01	1.14e-02
 8.52405e+22	7.75e-01	2.15e-01	1.06e-02
 8.53870e+22	7.82e-01	2.08e-01	9.91e-03
 8.55301e+22	7.89e-01	2.02e-01	9.24e-03
 8.56720e+22	7.96e-01	1.95e-01	8.62e-03
 8.58127e+22	8.03e-01	1.89e-01	8.04e-03
 8.59509e+22	8.09e-01	1.83e-01	7.49e-03
 8.60838e+22	8.15e-01	1.78e-01	7.01e-03
 8.62115e+22	8.21e-01	1.73e-01	6.57e-03
 8.63353e+22	8.26e-01	1.68e-01	6.17e-03
 8.64526e+22	8.31e-01	1.63e-01	5.81e-03
 8.65624e+22	8.36e-01	1.59e-01	5.48e-03
 8.66668e+22	8.40e-01	1.55e-01	5.18e-03
 8.67640e+22	8.44e-01	1.51e-01	4.92e-03
 8.68378e+22	8.47e-01	1.49e-01	4.74e-03
 8.68821e+22	8.48e-01	1.47e-01	4.63e-03
 8.69145e+22	8.50e-01	1.46e-01	4.53e-03
 8.69486e+22	8.51e-01	1.44e-01	4.43e-03
 8.69856e+22	8.53e-01	1.43e-01	4.34e-03
 8.70232e+22	8.54e-01	1.41e-01	4.25e-03
 8.70597e+22	8.56e-01	1.40e-01	4.17e-03
 8.70939e+22	8.57e-01	1.39e-01	4.09e-03
 8.71281e+22	8.58e-01	1.38e-01	4.01e-03
 8.71637e+22	8.60e-01	1.36e-01	3.93e-03
 8.71997e+22	8.61e-01	1.35e-01	3.85e-03
 8.72361e+22	8.62e-01	1.34e-01	3.77e-03
 8.72741e+22	8.64e-01	1.32e-01	3.69e-03
 8.73135e+22	8.65e-01	1.31e-01	3.61e-03
 8.73521e+22	8.67e-01	1.30e-01	3.54e-03
 8.73904e+22	8.68e-01	1.28e-01	3.46e-03
 8.74302e+22	8.70e-01	1.27e-01	3.37e-03
 8.74695e+22	8.71e-01	1.26e-01	3.30e-03
 8.75089e+22	8.72e-01	1.24e-01	3.22e-03
 8.75488e+22	8.74e-01	1.23e-01	3.15e-03
 8.75895e+22	8.75e-01	1.22e-01	3.07e-03
 8.76313e+22	8.77e-01	1.20e-01	3.01e-03
 8.76734e+22	8.78e-01	1.19e-01	2.92e-03
 8.77159e+22	8.80e-01	1.18e-01	2.86e-03
 8.77564e+22	8.81e-01	1.16e-01	2.78e-03
 8.77965e+22	8.83e-01	1.15e-01	2.71e-03
 8.78358e+22	8.84e-01	1.14e-01	2.66e-03
 8.78772e+22	8.85e-01	1.12e-01	2.58e-03
 8.79204e+22	8.87e-01	1.11e-01	2.52e-03
 8.79597e+22	8.88e-01	1.09e-01	2.45e-03
 8.79955e+22	8.89e-01	1.08e-01	2.41e-03
 8.80347e+22	8.91e-01	1.07e-01	2.34e-03
 8.80770e+22	8.92e-01	1.06e-01	2.29e-03
 8.81156e+22	8.93e-01	1.05e-01	2.24e-03
 8.81578e+22	8.95e-01	1.03e-01	2.17e-03
 8.82033e+22	8.96e-01	1.02e-01	2.12e-03
 8.82448e+22	8.97e-01	1.01e-01	2.06e-03
 8.82825e+22	8.98e-01	9.97e-02	2.02e-03
 8.83239e+22	9.00e-01	9.82e-02	1.95e-03
 8.83685e+22	9.01e-01	9.72e-02	1.91e-03
 8.84092e+22	9.02e-01	9.58e-02	1.85e-03
 8.84461e+22	9.03e-01	9.49e-02	1.82e-03
 8.84867e+22	9.05e-01	9.35e-02	1.76e-03
 8.85304e+22	9.06e-01	9.25e-02	1.72e-03
 8.85702e+22	9.07e-01	9.12e-02	1.67e-03
 8.86064e+22	9.08e-01	9.04e-02	1.64e-03
 8.86461e+22	9.09e-01	8.91e-02	1.59e-03
 8.86889e+22	9.10e-01	8.84e-02	1.57e-03
 8.87359e+22	9.11e-01	8.70e-02	1.52e-03
 8.87866e+22	9.13e-01	8.59e-02	1.48e-03
 8.88327e+22	9.14e-01	8.47e-02	1.44e-03
 8.88747e+22	9.15e-01	8.39e-02	1.41e-03
 8.89207e+22	9.16e-01	8.25e-02	1.36e-03
 8.89703e+22	9.17e-01	8.15e-02	1.33e-03
 8.90155e+22	9.18e-01	8.06e-02	1.29e-03
 8.90650e+22	9.20e-01	7.92e-02	1.25e-03
 8.91185e+22	9.21e-01	7.81e-02	1.22e-03
 8.91671e+22	9.22e-01	7.70e-02	1.18e-03
 8.92114e+22	9.23e-01	7.62e-02	1.15e-03
 8.92599e+22	9.24e-01	7.49e-02	1.11e-03
 8.93122e+22	9.25e-01	7.39e-02	1.08e-03
 8.93599e+22	9.26e-01	7.28e-02	1.05e-03
 8.94033e+22	9.27e-01	7.20e-02	1.03e-03
 8.94508e+22	9.28e-01	7.08e-02	9.92e-04
 8.95021e+22	9.29e-01	6.99e-02	9.66e-04
 8.95488e+22	9.30e-01	6.88e-02	9.36e-04
 8.95912e+22	9.31e-01	6.81e-02	9.17e-04
 8.96378e+22	9.32e-01	6.70e-02	8.86e-04
 8.96880e+22	9.33e-01	6.61e-02	8.64e-04
 8.97338e+22	9.34e-01	6.51e-02	8.37e-04
 8.97754e+22	9.35e-01	6.45e-02	8.21e-04
 8.98210e+22	9.36e-01	6.34e-02	7.93e-04
 8.98702e+22	9.37e-01	6.26e-02	7.73e-04
 8.99150e+22	9.38e-01	6.17e-02	7.51e-04
 8.99558e+22	9.38e-01	6.11e-02	7.36e-04
 9.00005e+22	9.39e-01	6.01e-02	7.12e-04
 9.00487e+22	9.40e-01	5.94e-02	6.94e-04
 9.00926e+22	9.41e-01	5.86e-02	6.75e-04
 9.01325e+22	9.41e-01	5.80e-02	6.62e-04
 9.01763e+22	9.42e-01	5.71e-02	6.42e-04
 9.02235e+22	9.43e-01	5.64e-02	6.27e-04
 9.02753e+22	9.44e-01	5.55e-02	6.07e-04
 9.03312e+22	9.45e-01	5.47e-02	5.90e-04
 9.03821e+22	9.45e-01	5.39e-02	5.72e-04
 9.04284e+22	9.46e-01	5.34e-02	5.60e-04
 9.04791e+22	9.47e-01	5.24e-02	5.41e-04
 9.05338e+22	9.48e-01	5.17e-02	5.26e-04
 9.05837e+22	9.48e-01	5.11e-02	5.13e-04
 9.06383e+22	9.49e-01	5.01e-02	4.95e-04
 9.06972e+22	9.50e-01	4.94e-02	4.80e-04
 9.07509e+22	9.51e-01	4.88e-02	4.67e-04
 9.08096e+22	9.52e-01	4.78e-02	4.49e-04
 9.08731e+22	9.53e-01	4.70e-02	4.35e-04
 9.09308e+22	9.53e-01	4.64e-02	4.23e-04
 9.09941e+22	9.54e-01	4.54e-02	4.05e-04
 9.10624e+22	9.55e-01	4.46e-02	3.92e-04
 9.11246e+22	9.56e-01	4.39e-02	3.79e-04
 9.11812e+22	9.56e-01	4.33e-02	3.69e-04
 9.12432e+22	9.57e-01	4.24e-02	3.54e-04
 9.13101e+22	9.58e-01	4.17e-02	3.42e-04
 9.13710e+22	9.59e-01	4.11e-02	3.33e-04
 9.14377e+22	9.59e-01	4.02e-02	3.19e-04
 9.15098e+22	9.60e-01	3.95e-02	3.07e-04
 9.15753e+22	9.61e-01	3.88e-02	2.97e-04
 9.16350e+22	9.61e-01	3.83e-02	2.89e-04
 9.17004e+22	9.62e-01	3.75e-02	2.77e-04
 9.17710e+22	9.63e-01	3.69e-02	2.68e-04
 9.18352e+22	9.63e-01	3.63e-02	2.60e-04
 9.19056e+22	9.64e-01	3.55e-02	2.49e-04
 9.19815e+22	9.65e-01	3.48e-02	2.40e-04
 9.20507e+22	9.65e-01	3.43e-02	2.32e-04
 9.21264e+22	9.66e-01	3.35e-02	2.22e-04
 9.22082e+22	9.67e-01	3.28e-02	2.13e-04
 9.22827e+22	9.68e-01	3.23e-02	2.06e-04
 9.23504e+22	9.68e-01	3.18e-02	2.00e-04
 9.24246e+22	9.69e-01	3.11e-02	1.91e-04
 9.25048e+22	9.69e-01	3.04e-02	1.84e-04
 9.25566e+22	9.70e-01	3.03e-02	1.82e-04
