#depth	S	S+	S+2	S+3	S+4	S+5	S+6	S+7	S+8	S+9	S+10	S+11	S+12	S+13	S+14	S+15	S+16
 4.62852e+21	0.00e+00	0.00e+00	0.00e+00	0.00e+00	0.00e+00	8.53e-31	1.87e-26	1.25e-22	3.64e-19	4.26e-16	2.69e-13	1.00e-10	3.63e-08	8.73e-06	1.85e-03	6.39e-02	9.34e-01
 1.02205e+22	0.00e+00	0.00e+00	0.00e+00	0.00e+00	8.74e-32	1.74e-27	1.75e-23	5.22e-20	6.69e-17	3.51e-14	9.83e-12	1.63e-09	2.68e-07	3.24e-05	5.07e-03	1.13e-01	8.82e-01
 1.15391e+22	0.00e+00	0.00e+00	0.00e+00	6.86e-35	1.98e-30	2.91e-26	2.20e-22	4.87e-19	4.62e-16	1.80e-13	3.74e-11	4.61e-09	5.63e-07	5.24e-05	7.33e-03	1.37e-01	8.55e-01
 1.20716e+22	0.00e+00	0.00e+00	0.00e+00	3.83e-34	9.49e-30	1.19e-25	7.83e-22	1.50e-18	1.22e-15	4.10e-13	7.37e-11	7.84e-09	8.24e-07	6.72e-05	8.82e-03	1.51e-01	8.40e-01
 1.22990e+22	0.00e+00	0.00e+00	0.00e+00	6.17e-34	1.47e-29	1.76e-25	1.12e-21	2.04e-18	1.60e-15	5.16e-13	8.92e-11	9.10e-09	9.18e-07	7.22e-05	9.29e-03	1.55e-01	8.35e-01
 1.24136e+22	0.00e+00	0.00e+00	0.00e+00	7.89e-34	1.77e-29	2.01e-25	1.78e-21	3.09e-18	2.30e-15	7.01e-13	1.15e-10	1.11e-08	1.06e-06	7.93e-05	9.95e-03	1.61e-01	8.29e-01
 1.25343e+22	0.00e+00	0.00e+00	0.00e+00	1.36e-33	2.91e-29	3.15e-25	2.66e-21	4.42e-18	3.13e-15	9.11e-13	1.42e-10	1.32e-08	1.20e-06	8.60e-05	1.06e-02	1.66e-01	8.24e-01
 1.26535e+22	0.00e+00	0.00e+00	0.00e+00	2.51e-33	5.08e-29	5.21e-25	4.19e-21	6.60e-18	4.44e-15	1.23e-12	1.82e-10	1.60e-08	1.38e-06	9.44e-05	1.13e-02	1.71e-01	8.18e-01
 1.27751e+22	0.00e+00	0.00e+00	0.00e+00	4.43e-33	8.54e-29	8.31e-25	6.39e-21	9.59e-18	6.14e-15	1.62e-12	2.29e-10	1.91e-08	1.57e-06	1.03e-04	1.20e-02	1.76e-01	8.12e-01
 1.28964e+22	0.00e+00	0.00e+00	0.00e+00	8.17e-33	1.49e-28	1.37e-24	1.00e-20	1.43e-17	8.70e-15	2.18e-12	2.93e-10	2.33e-08	1.81e-06	1.13e-04	1.28e-02	1.82e-01	8.05e-01
 1.30195e+22	0.00e+00	0.00e+00	0.00e+00	1.47e-32	2.55e-28	2.22e-24	1.55e-20	2.11e-17	1.22e-14	2.90e-12	3.71e-10	2.81e-08	2.08e-06	1.24e-04	1.37e-02	1.88e-01	7.99e-01
 1.31375e+22	0.00e+00	0.00e+00	0.00e+00	2.58e-32	4.25e-28	3.54e-24	2.36e-20	3.05e-17	1.68e-14	3.82e-12	4.67e-10	3.37e-08	2.38e-06	1.36e-04	1.46e-02	1.93e-01	7.92e-01
 1.32577e+22	0.00e+00	0.00e+00	0.00e+00	4.74e-32	7.40e-28	5.82e-24	3.70e-20	4.55e-17	2.38e-14	5.14e-12	5.98e-10	4.11e-08	2.75e-06	1.50e-04	1.56e-02	1.99e-01	7.85e-01
 1.33796e+22	0.00e+00	0.00e+00	0.00e+00	8.48e-32	1.26e-27	9.39e-24	5.70e-20	6.67e-17	3.33e-14	6.84e-12	7.59e-10	4.97e-08	3.16e-06	1.65e-04	1.66e-02	2.05e-01	7.78e-01
 1.34965e+22	0.00e+00	0.00e+00	0.00e+00	1.49e-31	2.10e-27	1.49e-23	8.64e-20	9.66e-17	4.59e-14	9.02e-12	9.55e-10	5.97e-08	3.62e-06	1.81e-04	1.77e-02	2.11e-01	7.71e-01
 1.36159e+22	0.00e+00	0.00e+00	0.00e+00	2.72e-31	3.63e-27	2.44e-23	1.35e-19	1.44e-16	6.50e-14	1.21e-11	1.22e-09	7.29e-08	4.20e-06	2.00e-04	1.89e-02	2.17e-01	7.64e-01
 1.37363e+22	0.00e+00	0.00e+00	0.00e+00	4.82e-31	6.12e-27	3.91e-23	2.07e-19	2.10e-16	9.04e-14	1.61e-11	1.55e-09	8.81e-08	4.83e-06	2.20e-04	2.01e-02	2.24e-01	7.56e-01
 1.38562e+22	0.00e+00	0.00e+00	0.00e+00	8.78e-31	1.06e-26	6.39e-23	3.23e-19	3.11e-16	1.28e-13	2.17e-11	1.99e-09	1.08e-07	5.60e-06	2.44e-04	2.15e-02	2.30e-01	7.48e-01
 1.39777e+22	0.00e+00	0.00e+00	0.00e+00	1.58e-30	1.80e-26	1.03e-22	4.99e-19	4.59e-16	1.79e-13	2.90e-11	2.54e-09	1.31e-07	6.48e-06	2.70e-04	2.29e-02	2.37e-01	7.40e-01
 1.40962e+22	0.00e+00	0.00e+00	1.40e-34	2.80e-30	3.03e-26	1.65e-22	7.62e-19	6.68e-16	2.49e-13	3.84e-11	3.21e-09	1.59e-07	7.47e-06	2.98e-04	2.44e-02	2.43e-01	7.32e-01
 1.42153e+22	0.00e+00	0.00e+00	2.67e-34	5.05e-30	5.20e-26	2.68e-22	1.18e-18	9.88e-16	3.51e-13	5.15e-11	4.11e-09	1.94e-07	8.67e-06	3.30e-04	2.61e-02	2.50e-01	7.24e-01
 1.43363e+22	0.00e+00	0.00e+00	5.06e-34	9.10e-30	8.87e-26	4.33e-22	1.83e-18	1.46e-15	4.92e-13	6.90e-11	5.26e-09	2.36e-07	1.01e-05	3.66e-04	2.78e-02	2.57e-01	7.15e-01
 1.44564e+22	0.00e+00	0.00e+00	9.54e-34	1.63e-29	1.51e-25	6.98e-22	2.82e-18	2.14e-15	6.89e-13	9.21e-11	6.71e-09	2.88e-07	1.17e-05	4.06e-04	2.97e-02	2.64e-01	7.06e-01
 1.45760e+22	0.00e+00	0.00e+00	1.28e-33	2.08e-29	1.83e-25	1.12e-21	4.33e-18	3.14e-15	9.64e-13	1.23e-10	8.56e-09	3.51e-07	1.35e-05	4.51e-04	3.16e-02	2.71e-01	6.97e-01
 1.46953e+22	0.00e+00	0.00e+00	2.41e-33	3.72e-29	3.09e-25	1.80e-21	6.65e-18	4.59e-15	1.35e-12	1.64e-10	1.09e-08	4.27e-07	1.57e-05	5.00e-04	3.37e-02	2.78e-01	6.88e-01
 1.48139e+22	0.00e+00	0.00e+00	4.51e-33	6.62e-29	5.21e-25	2.87e-21	1.02e-17	6.70e-15	1.87e-12	2.18e-10	1.39e-08	5.20e-07	1.82e-05	5.55e-04	3.60e-02	2.85e-01	6.79e-01
 1.49318e+22	0.00e+00	0.00e+00	8.40e-33	1.17e-28	8.75e-25	4.56e-21	1.55e-17	9.74e-15	2.60e-12	2.89e-10	1.77e-08	6.33e-07	2.10e-05	6.16e-04	3.83e-02	2.92e-01	6.69e-01
 1.50491e+22	0.00e+00	0.00e+00	1.56e-32	2.06e-28	1.46e-24	7.22e-21	2.35e-17	1.41e-14	3.60e-12	3.83e-10	2.24e-08	7.68e-07	2.44e-05	6.83e-04	4.08e-02	2.99e-01	6.60e-01
 1.51657e+22	0.00e+00	0.00e+00	2.87e-32	3.61e-28	2.43e-24	1.14e-20	3.55e-17	2.04e-14	4.97e-12	5.06e-10	2.83e-08	9.32e-07	2.82e-05	7.57e-04	4.34e-02	3.06e-01	6.50e-01
 1.52817e+22	0.00e+00	0.00e+00	5.27e-32	6.30e-28	4.02e-24	1.78e-20	5.33e-17	2.93e-14	6.84e-12	6.67e-10	3.58e-08	1.13e-06	3.25e-05	8.39e-04	4.61e-02	3.13e-01	6.40e-01
 1.53971e+22	0.00e+00	0.00e+00	9.63e-32	1.10e-27	6.63e-24	2.78e-20	8.00e-17	4.21e-14	9.39e-12	8.77e-10	4.52e-08	1.37e-06	3.76e-05	9.29e-04	4.90e-02	3.20e-01	6.30e-01
 1.55117e+22	0.00e+00	0.00e+00	1.75e-31	1.89e-27	1.08e-23	4.31e-20	1.19e-16	6.00e-14	1.28e-11	1.15e-09	5.69e-08	1.65e-06	4.33e-05	1.03e-03	5.20e-02	3.27e-01	6.20e-01
 1.56256e+22	0.00e+00	0.00e+00	3.15e-31	3.24e-27	1.77e-23	6.66e-20	1.77e-16	8.52e-14	1.75e-11	1.50e-09	7.14e-08	1.99e-06	4.99e-05	1.14e-03	5.52e-02	3.34e-01	6.10e-01
 1.57392e+22	0.00e+00	0.00e+00	5.66e-31	5.53e-27	2.86e-23	1.02e-19	2.61e-16	1.21e-13	2.37e-11	1.95e-09	8.95e-08	2.40e-06	5.74e-05	1.26e-03	5.85e-02	3.41e-01	6.00e-01
 1.58524e+22	0.00e+00	0.00e+00	1.01e-30	9.38e-27	4.60e-23	1.56e-19	3.83e-16	1.70e-13	3.20e-11	2.54e-09	1.12e-07	2.88e-06	6.59e-05	1.39e-03	6.21e-02	3.47e-01	5.89e-01
 1.59655e+22	0.00e+00	0.00e+00	1.79e-30	1.58e-26	7.38e-23	2.37e-19	5.61e-16	2.39e-13	4.32e-11	3.29e-09	1.40e-07	3.46e-06	7.57e-05	1.53e-03	6.57e-02	3.54e-01	5.79e-01
 1.60787e+22	0.00e+00	0.00e+00	3.17e-30	2.66e-26	1.18e-22	3.58e-19	8.17e-16	3.34e-13	5.80e-11	4.25e-09	1.74e-07	4.15e-06	8.68e-05	1.69e-03	6.96e-02	3.61e-01	5.68e-01
 1.61919e+22	0.00e+00	1.35e-34	5.57e-30	4.44e-26	1.87e-22	5.38e-19	1.18e-15	4.65e-13	7.77e-11	5.47e-09	2.16e-07	4.98e-06	9.94e-05	1.86e-03	7.36e-02	3.67e-01	5.57e-01
 1.63055e+22	0.00e+00	0.00e+00	9.73e-30	7.38e-26	2.94e-22	8.04e-19	1.71e-15	6.45e-13	1.04e-10	7.04e-09	2.68e-07	5.95e-06	1.14e-04	2.05e-03	7.78e-02	3.74e-01	5.46e-01
 1.64197e+22	0.00e+00	4.50e-34	1.69e-29	1.22e-25	4.62e-22	1.20e-18	2.46e-15	8.93e-13	1.38e-10	9.03e-09	3.33e-07	7.11e-06	1.30e-04	2.26e-03	8.22e-02	3.80e-01	5.35e-01
 1.65350e+22	0.00e+00	8.17e-34	2.94e-29	2.01e-25	7.23e-22	1.78e-18	3.52e-15	1.23e-12	1.83e-10	1.16e-08	4.12e-07	8.50e-06	1.49e-04	2.49e-03	8.68e-02	3.86e-01	5.24e-01
 1.66515e+22	0.00e+00	0.00e+00	5.07e-29	3.31e-25	1.13e-21	2.62e-18	5.04e-15	1.70e-12	2.43e-10	1.48e-08	5.09e-07	1.01e-05	1.70e-04	2.73e-03	9.17e-02	3.93e-01	5.13e-01
 1.67694e+22	0.00e+00	2.67e-33	8.74e-29	5.41e-25	1.75e-21	3.86e-18	7.17e-15	2.33e-12	3.21e-10	1.89e-08	6.29e-07	1.21e-05	1.94e-04	3.01e-03	9.68e-02	3.99e-01	5.01e-01
 1.68890e+22	0.00e+00	4.80e-33	1.50e-28	8.83e-25	2.71e-21	5.67e-18	1.02e-14	3.19e-12	4.24e-10	2.41e-08	7.76e-07	1.44e-05	2.22e-04	3.30e-03	1.02e-01	4.04e-01	4.90e-01
 1.70107e+22	0.00e+00	0.00e+00	2.57e-28	1.44e-24	4.19e-21	8.31e-18	1.45e-14	4.36e-12	5.60e-10	3.07e-08	9.58e-07	1.72e-05	2.53e-04	3.63e-03	1.08e-01	4.10e-01	4.78e-01
 1.71350e+22	0.00e+00	1.54e-32	4.40e-28	2.34e-24	6.47e-21	1.21e-17	2.05e-14	5.96e-12	7.39e-10	3.91e-08	1.18e-06	2.05e-05	2.89e-04	3.99e-03	1.13e-01	4.16e-01	4.67e-01
 1.72622e+22	0.00e+00	2.77e-32	7.52e-28	3.80e-24	9.98e-21	1.77e-17	2.90e-14	8.14e-12	9.74e-10	4.98e-08	1.46e-06	2.45e-05	3.30e-04	4.38e-03	1.20e-01	4.21e-01	4.55e-01
 1.73865e+22	0.00e+00	4.69e-32	1.22e-27	5.90e-24	1.48e-20	2.49e-17	3.97e-14	1.08e-11	1.25e-09	6.21e-08	1.77e-06	2.88e-05	3.72e-04	4.78e-03	1.25e-01	4.26e-01	4.44e-01
 1.75147e+22	0.00e+00	8.43e-32	2.10e-27	9.61e-24	2.28e-20	3.64e-17	5.62e-14	1.48e-11	1.65e-09	7.93e-08	2.19e-06	3.44e-05	4.26e-04	5.25e-03	1.32e-01	4.31e-01	4.31e-01
 1.76451e+22	0.00e+00	1.41e-31	3.38e-27	1.48e-23	3.35e-20	5.09e-17	7.66e-14	1.95e-11	2.12e-09	9.85e-08	2.65e-06	4.03e-05	4.80e-04	5.71e-03	1.38e-01	4.35e-01	4.21e-01
 1.77798e+22	0.00e+00	2.55e-31	5.81e-27	2.42e-23	5.18e-20	7.46e-17	1.09e-13	2.68e-11	2.81e-09	1.26e-07	3.29e-06	4.84e-05	5.50e-04	6.28e-03	1.46e-01	4.39e-01	4.08e-01
 1.79169e+22	0.00e+00	4.25e-31	9.29e-27	3.69e-23	7.56e-20	1.04e-16	1.47e-13	3.53e-11	3.59e-09	1.56e-07	3.97e-06	5.66e-05	6.19e-04	6.83e-03	1.52e-01	4.43e-01	3.97e-01
 1.80589e+22	0.00e+00	7.73e-31	1.61e-26	6.07e-23	1.18e-19	1.52e-16	2.10e-13	4.86e-11	4.78e-09	2.01e-07	4.95e-06	6.82e-05	7.11e-04	7.52e-03	1.61e-01	4.47e-01	3.84e-01
 1.82038e+22	0.00e+00	1.28e-30	2.56e-26	9.25e-23	1.71e-19	2.11e-16	2.85e-13	6.39e-11	6.09e-09	2.50e-07	5.97e-06	7.98e-05	8.00e-04	8.16e-03	1.68e-01	4.50e-01	3.73e-01
 1.83370e+22	0.00e+00	2.08e-30	4.00e-26	1.38e-22	2.45e-19	2.88e-16	3.80e-13	8.30e-11	7.70e-09	3.07e-07	7.15e-06	9.28e-05	8.96e-04	8.82e-03	1.75e-01	4.53e-01	3.62e-01
 1.84888e+22	0.00e+00	3.83e-30	7.04e-26	2.31e-22	3.86e-19	4.28e-16	5.48e-13	1.16e-10	1.04e-08	3.98e-07	8.98e-06	1.12e-04	1.03e-03	9.73e-03	1.84e-01	4.56e-01	3.49e-01
 1.86420e+22	0.00e+00	6.13e-30	1.09e-25	3.41e-22	5.47e-19	5.79e-16	7.26e-13	1.49e-10	1.30e-08	4.87e-07	1.07e-05	1.30e-04	1.15e-03	1.05e-02	1.92e-01	4.58e-01	3.39e-01
 1.87969e+22	0.00e+00	1.11e-29	1.88e-25	5.62e-22	8.53e-19	8.52e-16	1.04e-12	2.07e-10	1.74e-08	6.30e-07	1.34e-05	1.57e-04	1.33e-03	1.15e-02	2.01e-01	4.60e-01	3.26e-01
 1.89522e+22	0.00e+00	1.76e-29	2.87e-25	8.21e-22	1.20e-18	1.14e-15	1.37e-12	2.65e-10	2.18e-08	7.66e-07	1.59e-05	1.82e-04	1.48e-03	1.24e-02	2.09e-01	4.61e-01	3.16e-01
 1.91082e+22	0.00e+00	3.16e-29	4.92e-25	1.34e-21	1.85e-18	1.67e-15	1.94e-12	3.65e-10	2.90e-08	9.86e-07	1.99e-05	2.19e-04	1.69e-03	1.36e-02	2.19e-01	4.62e-01	3.03e-01
 1.92668e+22	0.00e+00	4.92e-29	7.42e-25	1.94e-21	2.58e-18	2.22e-15	2.54e-12	4.66e-10	3.61e-08	1.20e-06	2.36e-05	2.52e-04	1.88e-03	1.46e-02	2.27e-01	4.63e-01	2.93e-01
 1.94289e+22	0.00e+00	8.91e-29	1.28e-24	3.18e-21	3.99e-18	3.25e-15	3.62e-12	6.44e-10	4.83e-08	1.55e-06	2.95e-05	3.04e-04	2.16e-03	1.60e-02	2.38e-01	4.63e-01	2.80e-01
 1.95904e+22	0.00e+00	1.36e-28	1.89e-24	4.54e-21	5.48e-18	4.28e-15	4.69e-12	8.14e-10	5.96e-08	1.86e-06	3.47e-05	3.48e-04	2.39e-03	1.71e-02	2.46e-01	4.63e-01	2.71e-01
 1.97511e+22	0.00e+00	2.38e-28	3.17e-24	7.24e-21	8.31e-18	6.14e-15	6.57e-12	1.11e-09	7.86e-08	2.38e-06	4.30e-05	4.15e-04	2.72e-03	1.87e-02	2.56e-01	4.62e-01	2.59e-01
 1.99156e+22	0.00e+00	3.72e-28	4.80e-24	1.05e-20	1.16e-17	8.20e-15	8.62e-12	1.42e-09	9.83e-08	2.89e-06	5.10e-05	4.79e-04	3.02e-03	2.00e-02	2.65e-01	4.61e-01	2.50e-01
 2.00848e+22	0.00e+00	6.65e-28	8.20e-24	1.71e-20	1.78e-17	1.19e-14	1.22e-11	1.95e-09	1.31e-07	3.73e-06	6.37e-05	5.76e-04	3.46e-03	2.18e-02	2.76e-01	4.60e-01	2.38e-01
 2.02544e+22	0.00e+00	1.03e-27	1.23e-23	2.46e-20	2.47e-17	1.57e-14	1.59e-11	2.49e-09	1.63e-07	4.51e-06	7.53e-05	6.61e-04	3.83e-03	2.33e-02	2.85e-01	4.58e-01	2.29e-01
 2.04245e+22	0.00e+00	1.82e-27	2.08e-23	3.97e-20	3.77e-17	2.27e-14	2.25e-11	3.41e-09	2.17e-07	5.80e-06	9.38e-05	7.93e-04	4.37e-03	2.54e-02	2.97e-01	4.55e-01	2.18e-01
 2.05976e+22	0.00e+00	2.86e-27	3.15e-23	5.77e-20	5.26e-17	3.03e-14	2.95e-11	4.38e-09	2.71e-07	7.08e-06	1.12e-04	9.15e-04	4.85e-03	2.71e-02	3.06e-01	4.52e-01	2.09e-01
 2.07747e+22	0.00e+00	5.14e-27	5.41e-23	9.41e-20	8.11e-17	4.39e-14	4.19e-11	6.05e-09	3.63e-07	9.16e-06	1.40e-04	1.10e-03	5.55e-03	2.96e-02	3.18e-01	4.48e-01	1.98e-01
 2.09543e+22	0.00e+00	8.15e-27	8.28e-23	1.38e-19	1.14e-16	5.88e-14	5.53e-11	7.81e-09	4.58e-07	1.12e-05	1.67e-04	1.27e-03	6.17e-03	3.16e-02	3.27e-01	4.45e-01	1.89e-01
 2.11101e+22	0.00e+00	1.27e-26	1.25e-22	2.00e-19	1.58e-16	7.79e-14	7.22e-11	9.99e-09	5.72e-07	1.36e-05	1.98e-04	1.47e-03	6.83e-03	3.37e-02	3.37e-01	4.41e-01	1.81e-01
 2.12570e+22	0.00e+00	1.91e-26	1.82e-22	2.81e-19	2.13e-16	1.01e-13	9.22e-11	1.25e-08	7.01e-07	1.63e-05	2.31e-04	1.67e-03	7.50e-03	3.57e-02	3.45e-01	4.37e-01	1.73e-01
 2.14193e+22	0.00e+00	3.27e-26	2.98e-22	4.37e-19	3.15e-16	1.41e-13	1.27e-10	1.68e-08	9.16e-07	2.07e-05	2.84e-04	1.97e-03	8.47e-03	3.84e-02	3.56e-01	4.31e-01	1.64e-01
 2.15810e+22	0.00e+00	4.92e-26	4.33e-22	6.12e-19	4.24e-16	1.81e-13	1.61e-10	2.10e-08	1.12e-06	2.47e-05	3.32e-04	2.24e-03	9.28e-03	4.07e-02	3.64e-01	4.27e-01	1.57e-01
 2.17118e+22	0.00e+00	7.00e-26	5.99e-22	8.18e-19	5.48e-16	2.25e-13	1.99e-10	2.55e-08	1.34e-06	2.88e-05	3.80e-04	2.50e-03	1.00e-02	4.27e-02	3.71e-01	4.22e-01	1.51e-01
 2.18519e+22	0.00e+00	1.12e-25	9.22e-22	1.20e-18	7.68e-16	3.00e-13	2.62e-10	3.30e-08	1.69e-06	3.54e-05	4.55e-04	2.90e-03	1.12e-02	4.54e-02	3.81e-01	4.16e-01	1.43e-01
 2.19813e+22	0.00e+00	1.50e-25	1.21e-21	1.53e-18	9.50e-16	3.59e-13	3.12e-10	3.88e-08	1.96e-06	4.03e-05	5.09e-04	3.18e-03	1.19e-02	4.72e-02	3.86e-01	4.12e-01	1.38e-01
 2.20968e+22	0.00e+00	2.24e-25	1.74e-21	2.12e-18	1.26e-15	4.55e-13	3.93e-10	4.81e-08	2.39e-06	4.80e-05	5.93e-04	3.60e-03	1.30e-02	4.98e-02	3.94e-01	4.07e-01	1.32e-01
 2.22123e+22	0.00e+00	2.99e-25	2.27e-21	2.68e-18	1.55e-15	5.42e-13	4.66e-10	5.63e-08	2.76e-06	5.44e-05	6.61e-04	3.93e-03	1.39e-02	5.17e-02	4.00e-01	4.03e-01	1.28e-01
 2.23278e+22	0.00e+00	4.42e-25	3.24e-21	3.69e-18	2.04e-15	6.83e-13	5.83e-10	6.96e-08	3.34e-06	6.45e-05	7.67e-04	4.43e-03	1.51e-02	5.43e-02	4.07e-01	3.97e-01	1.22e-01
 2.24413e+22	0.00e+00	5.90e-25	4.22e-21	4.67e-18	2.51e-15	8.11e-13	6.90e-10	8.15e-08	3.86e-06	7.32e-05	8.56e-04	4.85e-03	1.61e-02	5.63e-02	4.12e-01	3.92e-01	1.18e-01
 2.25520e+22	0.00e+00	8.77e-25	6.05e-21	6.41e-18	3.29e-15	1.02e-12	8.63e-10	1.01e-07	4.69e-06	8.69e-05	9.94e-04	5.47e-03	1.75e-02	5.91e-02	4.19e-01	3.86e-01	1.12e-01
 2.26576e+22	0.00e+00	1.13e-24	7.62e-21	7.87e-18	3.94e-15	1.18e-12	1.00e-09	1.16e-07	5.32e-06	9.70e-05	1.09e-03	5.91e-03	1.85e-02	6.10e-02	4.23e-01	3.82e-01	1.08e-01
 2.27564e+22	0.00e+00	1.59e-24	1.04e-20	1.04e-17	4.99e-15	1.44e-12	1.22e-09	1.39e-07	6.31e-06	1.13e-04	1.25e-03	6.57e-03	1.99e-02	6.36e-02	4.29e-01	3.76e-01	1.04e-01
 2.28574e+22	0.00e+00	2.11e-24	1.35e-20	1.30e-17	6.06e-15	1.69e-12	1.43e-09	1.62e-07	7.25e-06	1.27e-04	1.38e-03	7.15e-03	2.11e-02	6.58e-02	4.34e-01	3.71e-01	9.99e-02
 2.29613e+22	0.00e+00	3.09e-24	1.90e-20	1.76e-17	7.85e-15	2.09e-12	1.76e-09	1.98e-07	8.73e-06	1.50e-04	1.60e-03	8.02e-03	2.29e-02	6.88e-02	4.40e-01	3.64e-01	9.50e-02
 2.30636e+22	0.00e+00	4.00e-24	2.41e-20	2.16e-17	9.39e-15	2.43e-12	2.04e-09	2.28e-07	9.93e-06	1.68e-04	1.76e-03	8.67e-03	2.42e-02	7.08e-02	4.44e-01	3.59e-01	9.18e-02
 2.31636e+22	0.00e+00	5.82e-24	3.37e-20	2.91e-17	1.21e-14	2.97e-12	2.51e-09	2.77e-07	1.19e-05	1.97e-04	2.02e-03	9.70e-03	2.61e-02	7.39e-02	4.49e-01	3.52e-01	8.72e-02
 2.32583e+22	0.00e+00	7.45e-24	4.22e-20	3.53e-17	1.42e-14	3.41e-12	2.88e-09	3.16e-07	1.35e-05	2.19e-04	2.22e-03	1.04e-02	2.75e-02	7.60e-02	4.52e-01	3.47e-01	8.42e-02
 2.33462e+22	0.00e+00	1.05e-23	5.73e-20	4.60e-17	1.78e-14	4.08e-12	3.47e-09	3.78e-07	1.59e-05	2.53e-04	2.51e-03	1.16e-02	2.95e-02	7.88e-02	4.57e-01	3.40e-01	8.03e-02
 2.34343e+22	0.00e+00	1.33e-23	7.13e-20	5.57e-17	2.09e-14	4.66e-12	3.97e-09	4.30e-07	1.79e-05	2.81e-04	2.75e-03	1.24e-02	3.10e-02	8.09e-02	4.60e-01	3.35e-01	7.75e-02
 2.35229e+22	0.00e+00	1.87e-23	9.68e-20	7.26e-17	2.61e-14	5.56e-12	4.77e-09	5.13e-07	2.11e-05	3.25e-04	3.12e-03	1.37e-02	3.32e-02	8.39e-02	4.63e-01	3.29e-01	7.38e-02
 2.36125e+22	0.00e+00	2.46e-23	1.23e-19	8.96e-17	3.11e-14	6.41e-12	5.52e-09	5.92e-07	2.41e-05	3.64e-04	3.44e-03	1.49e-02	3.50e-02	8.63e-02	4.66e-01	3.23e-01	7.08e-02
 2.37034e+22	0.00e+00	3.56e-23	1.72e-19	1.19e-16	3.93e-14	7.72e-12	6.72e-09	7.16e-07	2.88e-05	4.25e-04	3.94e-03	1.65e-02	3.77e-02	8.96e-02	4.70e-01	3.15e-01	6.70e-02
 2.37932e+22	0.00e+00	4.60e-23	2.16e-19	1.45e-16	4.64e-14	8.81e-12	7.72e-09	8.19e-07	3.26e-05	4.74e-04	4.32e-03	1.78e-02	3.96e-02	9.19e-02	4.72e-01	3.10e-01	6.44e-02
 2.38815e+22	0.00e+00	6.59e-23	2.98e-19	1.91e-16	5.82e-14	1.05e-11	9.34e-09	9.86e-07	3.88e-05	5.52e-04	4.92e-03	1.98e-02	4.25e-02	9.51e-02	4.75e-01	3.02e-01	6.09e-02
 2.39713e+22	0.00e+00	8.79e-23	3.85e-19	2.37e-16	6.97e-14	1.21e-11	1.09e-08	1.14e-06	4.46e-05	6.22e-04	5.46e-03	2.14e-02	4.49e-02	9.77e-02	4.76e-01	2.95e-01	5.82e-02
 2.40496e+22	0.00e+00	1.17e-22	4.95e-19	2.94e-16	8.30e-14	1.39e-11	1.26e-08	1.32e-06	5.11e-05	7.00e-04	6.04e-03	2.32e-02	4.74e-02	1.00e-01	4.78e-01	2.89e-01	5.55e-02
 2.41379e+22	0.00e+00	1.70e-22	6.90e-19	3.89e-16	1.04e-13	1.66e-11	1.53e-08	1.60e-06	6.11e-05	8.18e-04	6.90e-03	2.58e-02	5.09e-02	1.04e-01	4.79e-01	2.80e-01	5.22e-02
 2.42258e+22	2.28e-35	2.26e-22	8.89e-19	4.82e-16	1.24e-13	1.90e-11	1.77e-08	1.85e-06	7.00e-05	9.20e-04	7.64e-03	2.80e-02	5.37e-02	1.06e-01	4.80e-01	2.74e-01	4.97e-02
 2.43130e+22	3.64e-35	3.31e-22	1.24e-18	6.39e-16	1.56e-13	2.26e-11	2.15e-08	2.25e-06	8.39e-05	1.08e-03	8.72e-03	3.10e-02	5.76e-02	1.10e-01	4.80e-01	2.65e-01	4.66e-02
 2.43974e+22	5.08e-35	4.35e-22	1.58e-18	7.81e-16	1.83e-13	2.55e-11	2.47e-08	2.58e-06	9.54e-05	1.20e-03	9.58e-03	3.34e-02	6.05e-02	1.12e-01	4.80e-01	2.59e-01	4.44e-02
 2.44781e+22	7.97e-35	6.27e-22	2.18e-18	1.02e-15	2.26e-13	2.99e-11	2.97e-08	3.10e-06	1.13e-04	1.39e-03	1.09e-02	3.69e-02	6.45e-02	1.15e-01	4.79e-01	2.50e-01	4.16e-02
 2.45591e+22	1.13e-34	8.31e-22	2.79e-18	1.25e-15	2.66e-13	3.39e-11	3.42e-08	3.57e-06	1.29e-04	1.56e-03	1.20e-02	3.98e-02	6.77e-02	1.18e-01	4.78e-01	2.43e-01	3.95e-02
 2.46404e+22	1.79e-34	1.21e-21	3.87e-18	1.64e-15	3.29e-13	3.97e-11	4.11e-08	4.29e-06	1.54e-04	1.81e-03	1.36e-02	4.39e-02	7.22e-02	1.21e-01	4.76e-01	2.34e-01	3.68e-02
 2.47224e+22	2.53e-34	1.61e-21	4.96e-18	2.02e-15	3.87e-13	4.48e-11	4.73e-08	4.94e-06	1.75e-04	2.03e-03	1.49e-02	4.72e-02	7.57e-02	1.23e-01	4.74e-01	2.27e-01	3.48e-02
 2.48051e+22	3.99e-34	2.33e-21	6.86e-18	2.64e-15	4.77e-13	5.24e-11	5.67e-08	5.93e-06	2.08e-04	2.34e-03	1.68e-02	5.19e-02	8.05e-02	1.26e-01	4.71e-01	2.18e-01	3.24e-02
 2.48902e+22	5.79e-34	3.16e-21	8.94e-18	3.28e-15	5.66e-13	5.94e-11	6.58e-08	6.89e-06	2.39e-04	2.63e-03	1.86e-02	5.60e-02	8.45e-02	1.28e-01	4.68e-01	2.11e-01	3.04e-02
 2.49658e+22	8.32e-34	4.25e-21	1.16e-17	4.05e-15	6.67e-13	6.71e-11	7.59e-08	7.96e-06	2.74e-04	2.95e-03	2.04e-02	6.02e-02	8.85e-02	1.31e-01	4.65e-01	2.04e-01	2.86e-02
 2.50496e+22	1.32e-33	6.19e-21	1.60e-17	5.29e-15	8.19e-13	7.79e-11	9.08e-08	9.53e-06	3.24e-04	3.40e-03	2.30e-02	6.60e-02	9.37e-02	1.33e-01	4.59e-01	1.95e-01	2.64e-02
 2.51338e+22	1.88e-33	8.30e-21	2.07e-17	6.51e-15	9.62e-13	8.78e-11	1.04e-07	1.10e-05	3.69e-04	3.79e-03	2.52e-02	7.07e-02	9.78e-02	1.35e-01	4.55e-01	1.88e-01	2.48e-02
 2.52193e+22	2.97e-33	1.21e-20	2.86e-17	8.50e-15	1.18e-12	1.02e-10	1.25e-07	1.31e-05	4.36e-04	4.36e-03	2.82e-02	7.72e-02	1.03e-01	1.37e-01	4.48e-01	1.78e-01	2.28e-02
 2.53065e+22	4.32e-33	1.65e-20	3.74e-17	1.06e-14	1.39e-12	1.15e-10	1.44e-07	1.52e-05	4.98e-04	4.87e-03	3.09e-02	8.27e-02	1.08e-01	1.39e-01	4.42e-01	1.71e-01	2.13e-02
 2.53924e+22	6.68e-33	2.36e-20	5.09e-17	1.36e-14	1.69e-12	1.32e-10	1.69e-07	1.79e-05	5.81e-04	5.54e-03	3.43e-02	8.95e-02	1.13e-01	1.40e-01	4.34e-01	1.63e-01	1.95e-02
 2.54800e+22	9.77e-33	3.23e-20	6.68e-17	1.69e-14	2.00e-12	1.50e-10	1.95e-07	2.07e-05	6.64e-04	6.18e-03	3.75e-02	9.58e-02	1.18e-01	1.42e-01	4.27e-01	1.55e-01	1.81e-02
 2.55680e+22	1.50e-32	4.60e-20	9.06e-17	2.17e-14	2.42e-12	1.72e-10	2.29e-07	2.42e-05	7.69e-04	6.98e-03	4.14e-02	1.03e-01	1.23e-01	1.43e-01	4.18e-01	1.47e-01	1.66e-02
 2.56553e+22	2.15e-32	6.21e-20	1.17e-16	2.67e-14	2.84e-12	1.93e-10	2.61e-07	2.77e-05	8.69e-04	7.72e-03	4.49e-02	1.10e-01	1.27e-01	1.44e-01	4.11e-01	1.40e-01	1.54e-02
 2.57441e+22	3.27e-32	8.81e-20	1.59e-16	3.42e-14	3.42e-12	2.22e-10	3.05e-07	3.23e-05	1.00e-03	8.67e-03	4.93e-02	1.17e-01	1.32e-01	1.44e-01	4.01e-01	1.32e-01	1.41e-02
 2.58358e+22	4.74e-32	1.20e-19	2.07e-16	4.24e-14	4.04e-12	2.50e-10	3.48e-07	3.70e-05	1.13e-03	9.59e-03	5.34e-02	1.24e-01	1.36e-01	1.45e-01	3.92e-01	1.25e-01	1.30e-02
 2.59296e+22	7.20e-32	1.71e-19	2.81e-16	5.43e-14	4.88e-12	2.88e-10	4.04e-07	4.30e-05	1.30e-03	1.07e-02	5.83e-02	1.33e-01	1.41e-01	1.45e-01	3.81e-01	1.18e-01	1.18e-02
 2.60247e+22	1.04e-31	2.32e-19	3.66e-16	6.73e-14	5.75e-12	3.25e-10	4.60e-07	4.90e-05	1.46e-03	1.18e-02	6.28e-02	1.40e-01	1.45e-01	1.45e-01	3.71e-01	1.12e-01	1.08e-02
 2.61227e+22	1.58e-31	3.30e-19	4.96e-16	8.63e-14	6.97e-12	3.75e-10	5.32e-07	5.68e-05	1.67e-03	1.31e-02	6.83e-02	1.49e-01	1.50e-01	1.44e-01	3.59e-01	1.04e-01	9.79e-03
 2.62233e+22	2.27e-31	4.49e-19	6.47e-16	1.07e-13	8.24e-12	4.25e-10	6.04e-07	6.44e-05	1.88e-03	1.44e-02	7.34e-02	1.57e-01	1.54e-01	1.44e-01	3.49e-01	9.83e-02	8.95e-03
 2.63279e+22	3.48e-31	6.45e-19	8.85e-16	1.38e-13	1.00e-11	4.93e-10	7.00e-07	7.46e-05	2.14e-03	1.60e-02	7.96e-02	1.66e-01	1.58e-01	1.43e-01	3.36e-01	9.14e-02	8.04e-03
 2.64353e+22	5.02e-31	8.80e-19	1.16e-15	1.73e-13	1.19e-11	5.61e-10	7.93e-07	8.45e-05	2.40e-03	1.75e-02	8.51e-02	1.74e-01	1.61e-01	1.42e-01	3.25e-01	8.57e-02	7.31e-03
 2.65469e+22	7.69e-31	1.27e-18	1.59e-15	2.24e-13	1.46e-11	6.54e-10	9.17e-07	9.76e-05	2.73e-03	1.94e-02	9.19e-02	1.83e-01	1.65e-01	1.40e-01	3.12e-01	7.93e-02	6.52e-03
 2.66614e+22	1.10e-30	1.72e-18	2.08e-15	2.79e-13	1.73e-11	7.47e-10	1.04e-06	1.10e-04	3.04e-03	2.11e-02	9.79e-02	1.91e-01	1.68e-01	1.39e-01	3.01e-01	7.41e-02	5.91e-03
 2.67828e+22	1.72e-30	2.52e-18	2.89e-15	3.67e-13	2.15e-11	8.81e-10	1.20e-06	1.28e-04	3.46e-03	2.34e-02	1.06e-01	2.01e-01	1.71e-01	1.36e-01	2.86e-01	6.79e-02	5.22e-03
 2.69053e+22	2.44e-30	3.40e-18	3.75e-15	4.55e-13	2.55e-11	1.00e-09	1.35e-06	1.43e-04	3.84e-03	2.53e-02	1.12e-01	2.08e-01	1.73e-01	1.34e-01	2.75e-01	6.33e-02	4.72e-03
 2.70304e+22	3.79e-30	4.96e-18	5.21e-15	5.97e-13	3.16e-11	1.19e-09	1.56e-06	1.65e-04	4.35e-03	2.79e-02	1.20e-01	2.18e-01	1.75e-01	1.31e-01	2.61e-01	5.77e-02	4.15e-03
 2.71584e+22	5.35e-30	6.69e-18	6.76e-15	7.42e-13	3.75e-11	1.35e-09	1.75e-06	1.85e-04	4.80e-03	3.01e-02	1.26e-01	2.25e-01	1.77e-01	1.29e-01	2.50e-01	5.36e-02	3.73e-03
 2.72691e+22	7.35e-30	8.80e-18	8.58e-15	9.04e-13	4.39e-11	1.53e-09	1.95e-06	2.04e-04	5.25e-03	3.23e-02	1.33e-01	2.32e-01	1.78e-01	1.27e-01	2.40e-01	5.00e-02	3.38e-03
 2.73920e+22	1.10e-29	1.24e-17	1.16e-14	1.16e-12	5.36e-11	1.79e-09	2.22e-06	2.32e-04	5.87e-03	3.51e-02	1.41e-01	2.40e-01	1.79e-01	1.24e-01	2.27e-01	4.56e-02	2.98e-03
 2.75166e+22	1.50e-29	1.63e-17	1.47e-14	1.41e-12	6.27e-11	2.02e-09	2.46e-06	2.56e-04	6.39e-03	3.75e-02	1.47e-01	2.46e-01	1.80e-01	1.21e-01	2.17e-01	4.24e-02	2.70e-03
 2.76434e+22	2.23e-29	2.30e-17	1.99e-14	1.82e-12	7.67e-11	2.37e-09	2.80e-06	2.90e-04	7.12e-03	4.06e-02	1.55e-01	2.54e-01	1.80e-01	1.17e-01	2.05e-01	3.85e-02	2.36e-03
 2.77719e+22	3.02e-29	2.99e-17	2.50e-14	2.21e-12	8.95e-11	2.68e-09	3.10e-06	3.19e-04	7.73e-03	4.32e-02	1.61e-01	2.59e-01	1.80e-01	1.15e-01	1.95e-01	3.58e-02	2.13e-03
 2.79024e+22	4.47e-29	4.22e-17	3.38e-14	2.83e-12	1.09e-10	3.14e-09	3.52e-06	3.59e-04	8.58e-03	4.67e-02	1.70e-01	2.66e-01	1.80e-01	1.11e-01	1.84e-01	3.24e-02	1.86e-03
 2.80309e+22	5.92e-29	5.38e-17	4.18e-14	3.39e-12	1.26e-10	3.52e-09	3.86e-06	3.92e-04	9.24e-03	4.93e-02	1.76e-01	2.71e-01	1.79e-01	1.08e-01	1.75e-01	3.01e-02	1.69e-03
 2.81567e+22	8.48e-29	7.37e-17	5.51e-14	4.27e-12	1.52e-10	4.08e-09	4.34e-06	4.38e-04	1.02e-02	5.28e-02	1.84e-01	2.77e-01	1.78e-01	1.04e-01	1.65e-01	2.74e-02	1.48e-03
 2.82854e+22	1.12e-28	9.42e-17	6.84e-14	5.13e-12	1.77e-10	4.59e-09	4.77e-06	4.78e-04	1.09e-02	5.57e-02	1.90e-01	2.81e-01	1.77e-01	1.02e-01	1.57e-01	2.54e-02	1.34e-03
 2.84179e+22	1.63e-28	1.31e-16	9.11e-14	6.52e-12	2.14e-10	5.35e-09	5.38e-06	5.34e-04	1.20e-02	5.97e-02	1.98e-01	2.86e-01	1.75e-01	9.77e-02	1.47e-01	2.29e-02	1.16e-03
 2.85514e+22	2.14e-28	1.66e-16	1.12e-13	7.79e-12	2.48e-10	6.02e-09	5.90e-06	5.81e-04	1.29e-02	6.28e-02	2.04e-01	2.90e-01	1.74e-01	9.48e-02	1.40e-01	2.12e-02	1.05e-03
 2.86863e+22	3.09e-28	2.29e-16	1.49e-13	9.87e-12	3.00e-10	7.01e-09	6.65e-06	6.48e-04	1.41e-02	6.70e-02	2.12e-01	2.94e-01	1.72e-01	9.09e-02	1.30e-01	1.91e-02	9.11e-04
 2.88234e+22	4.06e-28	2.91e-16	1.84e-13	1.18e-11	3.48e-10	7.90e-09	7.30e-06	7.05e-04	1.52e-02	7.04e-02	2.18e-01	2.97e-01	1.70e-01	8.80e-02	1.23e-01	1.76e-02	8.18e-04
 2.89637e+22	5.84e-28	4.01e-16	2.44e-13	1.50e-11	4.22e-10	9.22e-09	8.23e-06	7.86e-04	1.66e-02	7.50e-02	2.25e-01	3.00e-01	1.67e-01	8.41e-02	1.15e-01	1.58e-02	7.08e-04
 2.91066e+22	7.68e-28	5.12e-16	3.03e-13	1.80e-11	4.91e-10	1.04e-08	9.06e-06	8.56e-04	1.78e-02	7.87e-02	2.31e-01	3.02e-01	1.64e-01	8.11e-02	1.08e-01	1.45e-02	6.32e-04
 2.92316e+22	1.00e-27	6.48e-16	3.74e-13	2.15e-11	5.68e-10	1.17e-08	9.92e-06	9.28e-04	1.90e-02	8.23e-02	2.37e-01	3.04e-01	1.62e-01	7.82e-02	1.02e-01	1.33e-02	5.66e-04
 2.93730e+22	1.42e-27	8.81e-16	4.90e-13	2.71e-11	6.85e-10	1.36e-08	1.12e-05	1.03e-03	2.07e-02	8.72e-02	2.44e-01	3.06e-01	1.59e-01	7.46e-02	9.50e-02	1.19e-02	4.90e-04
 2.95141e+22	1.81e-27	1.09e-15	5.94e-13	3.20e-11	7.87e-10	1.53e-08	1.22e-05	1.11e-03	2.20e-02	9.09e-02	2.49e-01	3.07e-01	1.56e-01	7.19e-02	9.00e-02	1.10e-02	4.41e-04
 2.96550e+22	2.55e-27	1.48e-15	7.76e-13	4.01e-11	9.47e-10	1.77e-08	1.37e-05	1.23e-03	2.39e-02	9.59e-02	2.56e-01	3.08e-01	1.53e-01	6.84e-02	8.33e-02	9.85e-03	3.81e-04
 2.97980e+22	3.27e-27	1.84e-15	9.44e-13	4.74e-11	1.09e-09	1.99e-08	1.50e-05	1.33e-03	2.54e-02	9.99e-02	2.61e-01	3.09e-01	1.50e-01	6.58e-02	7.87e-02	9.06e-03	3.42e-04
 2.99438e+22	4.54e-27	2.46e-15	1.22e-12	5.92e-11	1.31e-09	2.31e-08	1.68e-05	1.47e-03	2.74e-02	1.05e-01	2.67e-01	3.09e-01	1.46e-01	6.25e-02	7.28e-02	8.11e-03	2.96e-04
 3.00946e+22	5.92e-27	3.11e-15	1.51e-12	7.09e-11	1.52e-09	2.62e-08	1.85e-05	1.59e-03	2.92e-02	1.10e-01	2.72e-01	3.09e-01	1.42e-01	5.98e-02	6.83e-02	7.40e-03	2.62e-04
 3.02520e+22	8.41e-27	4.25e-15	1.99e-12	8.98e-11	1.85e-09	3.07e-08	2.10e-05	1.77e-03	3.17e-02	1.16e-01	2.79e-01	3.08e-01	1.38e-01	5.64e-02	6.27e-02	6.55e-03	2.24e-04
 3.04122e+22	1.10e-26	5.37e-15	2.45e-12	1.08e-10	2.16e-09	3.49e-08	2.31e-05	1.92e-03	3.38e-02	1.20e-01	2.84e-01	3.07e-01	1.35e-01	5.38e-02	5.86e-02	5.95e-03	1.98e-04
 3.05758e+22	1.56e-26	7.31e-15	3.23e-12	1.37e-10	2.63e-09	4.10e-08	2.62e-05	2.13e-03	3.66e-02	1.27e-01	2.89e-01	3.06e-01	1.30e-01	5.06e-02	5.36e-02	5.25e-03	1.68e-04
 3.07453e+22	2.07e-26	9.38e-15	4.04e-12	1.66e-10	3.10e-09	4.70e-08	2.92e-05	2.32e-03	3.91e-02	1.32e-01	2.94e-01	3.04e-01	1.26e-01	4.80e-02	4.98e-02	4.73e-03	1.47e-04
 3.09225e+22	2.99e-26	1.30e-14	5.40e-12	2.13e-10	3.82e-09	5.58e-08	3.33e-05	2.59e-03	4.25e-02	1.39e-01	3.00e-01	3.01e-01	1.21e-01	4.48e-02	4.52e-02	4.13e-03	1.24e-04
 3.11026e+22	3.99e-26	1.67e-14	6.79e-12	2.60e-10	4.52e-09	6.42e-08	3.71e-05	2.83e-03	4.54e-02	1.44e-01	3.04e-01	2.98e-01	1.17e-01	4.24e-02	4.18e-02	3.70e-03	1.08e-04
 3.12865e+22	5.80e-26	2.32e-14	9.12e-12	3.36e-10	5.60e-09	7.65e-08	4.25e-05	3.16e-03	4.93e-02	1.52e-01	3.09e-01	2.95e-01	1.12e-01	3.94e-02	3.77e-02	3.21e-03	8.98e-05
 3.14750e+22	7.81e-26	3.02e-14	1.16e-11	4.13e-10	6.67e-09	8.84e-08	4.76e-05	3.46e-03	5.27e-02	1.58e-01	3.12e-01	2.91e-01	1.08e-01	3.70e-02	3.47e-02	2.86e-03	7.74e-05
 3.16694e+22	1.16e-25	4.27e-14	1.58e-11	5.40e-10	8.35e-09	1.06e-07	5.49e-05	3.89e-03	5.74e-02	1.66e-01	3.16e-01	2.86e-01	1.03e-01	3.41e-02	3.10e-02	2.45e-03	6.37e-05
 3.18681e+22	1.57e-25	5.59e-14	2.01e-11	6.67e-10	9.99e-09	1.23e-07	6.17e-05	4.26e-03	6.13e-02	1.72e-01	3.19e-01	2.82e-01	9.83e-02	3.20e-02	2.84e-02	2.17e-03	5.45e-05
 3.20724e+22	2.38e-25	8.08e-14	2.79e-11	8.85e-10	1.27e-08	1.50e-07	7.16e-05	4.80e-03	6.68e-02	1.80e-01	3.23e-01	2.76e-01	9.28e-02	2.92e-02	2.51e-02	1.84e-03	4.40e-05
 3.22780e+22	3.21e-25	1.06e-13	3.56e-11	1.09e-09	1.51e-08	1.74e-07	8.03e-05	5.26e-03	7.13e-02	1.87e-01	3.25e-01	2.71e-01	8.87e-02	2.73e-02	2.29e-02	1.62e-03	3.76e-05
 3.24852e+22	4.89e-25	1.54e-13	4.97e-11	1.46e-09	1.92e-08	2.12e-07	9.33e-05	5.92e-03	7.75e-02	1.96e-01	3.27e-01	2.64e-01	8.33e-02	2.48e-02	2.02e-02	1.36e-03	3.01e-05
 3.26814e+22	6.41e-25	1.96e-13	6.18e-11	1.76e-09	2.25e-08	2.42e-07	1.03e-04	6.41e-03	8.19e-02	2.01e-01	3.28e-01	2.59e-01	7.98e-02	2.33e-02	1.85e-02	1.21e-03	2.60e-05
 3.28635e+22	9.22e-25	2.73e-13	8.27e-11	2.26e-09	2.78e-08	2.88e-07	1.18e-04	7.10e-03	8.80e-02	2.09e-01	3.29e-01	2.53e-01	7.53e-02	2.14e-02	1.65e-02	1.04e-03	2.14e-05
 3.30493e+22	1.22e-24	3.53e-13	1.04e-10	2.75e-09	3.28e-08	3.30e-07	1.31e-04	7.70e-03	9.31e-02	2.15e-01	3.29e-01	2.47e-01	7.18e-02	1.99e-02	1.51e-02	9.14e-04	1.83e-05
 3.32399e+22	1.79e-24	5.01e-13	1.42e-10	3.58e-09	4.09e-08	3.97e-07	1.50e-04	8.58e-03	1.00e-01	2.22e-01	3.29e-01	2.40e-01	6.74e-02	1.82e-02	1.33e-02	7.71e-04	1.47e-05
 3.34311e+22	2.38e-24	6.54e-13	1.79e-10	4.39e-09	4.85e-08	4.57e-07	1.67e-04	9.31e-03	1.06e-01	2.28e-01	3.28e-01	2.34e-01	6.40e-02	1.69e-02	1.21e-02	6.77e-04	1.25e-05
 3.36232e+22	3.85e-24	9.41e-13	2.46e-10	5.75e-09	6.08e-08	5.52e-07	1.93e-04	1.04e-02	1.14e-01	2.36e-01	3.27e-01	2.27e-01	5.97e-02	1.53e-02	1.06e-02	5.66e-04	9.99e-06
 3.38165e+22	5.14e-24	1.24e-12	3.14e-10	7.07e-09	7.23e-08	6.38e-07	2.15e-04	1.13e-02	1.20e-01	2.42e-01	3.25e-01	2.20e-01	5.65e-02	1.42e-02	9.54e-03	4.93e-04	8.41e-06
 3.40114e+22	7.56e-24	1.80e-12	4.34e-10	9.33e-09	9.13e-08	7.76e-07	2.49e-04	1.26e-02	1.29e-01	2.49e-01	3.23e-01	2.12e-01	5.24e-02	1.28e-02	8.31e-03	4.09e-04	6.65e-06
 3.42087e+22	1.02e-23	2.41e-12	5.60e-10	1.16e-08	1.10e-07	9.06e-07	2.79e-04	1.38e-02	1.37e-01	2.55e-01	3.20e-01	2.06e-01	4.93e-02	1.17e-02	7.43e-03	3.53e-04	5.52e-06
 3.44090e+22	1.51e-23	3.56e-12	7.86e-10	1.55e-08	1.40e-07	1.11e-06	3.26e-04	1.55e-02	1.47e-01	2.62e-01	3.16e-01	1.97e-01	4.54e-02	1.05e-02	6.40e-03	2.88e-04	4.29e-06
 3.46113e+22	2.05e-23	4.84e-12	1.02e-09	1.95e-08	1.70e-07	1.31e-06	3.69e-04	1.69e-02	1.55e-01	2.67e-01	3.12e-01	1.90e-01	4.25e-02	9.59e-03	5.68e-03	2.46e-04	3.51e-06
 3.48163e+22	3.03e-23	7.26e-12	1.45e-09	2.63e-08	2.20e-07	1.64e-06	4.35e-04	1.91e-02	1.67e-01	2.74e-01	3.06e-01	1.81e-01	3.88e-02	8.50e-03	4.84e-03	1.98e-04	2.69e-06
 3.50107e+22	3.92e-23	9.52e-12	1.83e-09	3.22e-08	2.62e-07	1.90e-06	4.86e-04	2.08e-02	1.75e-01	2.78e-01	3.02e-01	1.74e-01	3.64e-02	7.82e-03	4.34e-03	1.71e-04	2.24e-06
 3.51914e+22	5.50e-23	1.37e-11	2.50e-09	4.22e-08	3.31e-07	2.33e-06	5.65e-04	2.32e-02	1.87e-01	2.83e-01	2.96e-01	1.66e-01	3.34e-02	6.99e-03	3.73e-03	1.40e-04	1.75e-06
 3.53759e+22	7.16e-23	1.82e-11	3.20e-09	5.24e-08	3.99e-07	2.74e-06	6.38e-04	2.53e-02	1.96e-01	2.87e-01	2.91e-01	1.59e-01	3.11e-02	6.37e-03	3.31e-03	1.19e-04	1.43e-06
 3.55571e+22	9.73e-23	2.59e-11	4.32e-09	6.82e-08	5.03e-07	3.35e-06	7.42e-04	2.83e-02	2.08e-01	2.91e-01	2.83e-01	1.51e-01	2.84e-02	5.68e-03	2.84e-03	9.77e-05	1.11e-06
 3.57424e+22	1.26e-22	3.50e-11	5.59e-09	8.57e-08	6.15e-07	4.01e-06	8.47e-04	3.11e-02	2.19e-01	2.94e-01	2.77e-01	1.44e-01	2.62e-02	5.12e-03	2.48e-03	8.18e-05	8.93e-07
 3.59200e+22	1.64e-22	4.79e-11	7.32e-09	1.09e-07	7.62e-07	4.85e-06	9.77e-04	3.45e-02	2.31e-01	2.97e-01	2.69e-01	1.36e-01	2.40e-02	4.58e-03	2.15e-03	6.75e-05	7.05e-07
 3.61003e+22	2.10e-22	6.48e-11	9.50e-09	1.38e-07	9.40e-07	5.85e-06	1.12e-03	3.82e-02	2.43e-01	2.99e-01	2.61e-01	1.29e-01	2.19e-02	4.10e-03	1.85e-03	5.58e-05	5.57e-07
 3.62766e+22	2.65e-22	8.68e-11	1.22e-08	1.74e-07	1.16e-06	7.05e-06	1.29e-03	4.21e-02	2.56e-01	3.00e-01	2.53e-01	1.22e-01	2.00e-02	3.66e-03	1.60e-03	4.61e-05	4.40e-07
 3.64500e+22	3.30e-22	1.15e-10	1.56e-08	2.18e-07	1.42e-06	8.48e-06	1.48e-03	4.65e-02	2.68e-01	3.01e-01	2.45e-01	1.15e-01	1.83e-02	3.27e-03	1.38e-03	3.81e-05	3.48e-07
 3.66214e+22	4.06e-22	1.51e-10	1.98e-08	2.71e-07	1.73e-06	1.02e-05	1.70e-03	5.12e-02	2.80e-01	3.02e-01	2.36e-01	1.08e-01	1.66e-02	2.91e-03	1.19e-03	3.14e-05	2.75e-07
 3.67914e+22	4.95e-22	1.97e-10	2.49e-08	3.37e-07	2.11e-06	1.22e-05	1.94e-03	5.62e-02	2.93e-01	3.01e-01	2.28e-01	1.01e-01	1.51e-02	2.59e-03	1.03e-03	2.59e-05	2.17e-07
 3.69615e+22	5.98e-22	2.54e-10	3.11e-08	4.17e-07	2.57e-06	1.47e-05	2.22e-03	6.18e-02	3.05e-01	3.00e-01	2.19e-01	9.48e-02	1.37e-02	2.29e-03	8.82e-04	2.13e-05	1.71e-07
 3.71322e+22	7.17e-22	3.25e-10	3.87e-08	5.14e-07	3.12e-06	1.76e-05	2.54e-03	6.78e-02	3.17e-01	2.99e-01	2.10e-01	8.85e-02	1.24e-02	2.03e-03	7.55e-04	1.75e-05	1.34e-07
 3.73037e+22	8.54e-22	4.13e-10	4.80e-08	6.33e-07	3.78e-06	2.10e-05	2.90e-03	7.43e-02	3.30e-01	2.97e-01	2.00e-01	8.23e-02	1.11e-02	1.79e-03	6.45e-04	1.43e-05	0.00e+00
 3.74767e+22	1.01e-21	5.22e-10	5.92e-08	7.77e-07	4.58e-06	2.52e-05	3.31e-03	8.12e-02	3.42e-01	2.94e-01	1.91e-01	7.64e-02	1.00e-02	1.57e-03	5.49e-04	1.16e-05	0.00e+00
 3.76524e+22	1.20e-21	6.55e-10	7.28e-08	9.54e-07	5.54e-06	3.02e-05	3.78e-03	8.88e-02	3.53e-01	2.91e-01	1.82e-01	7.06e-02	8.94e-03	1.37e-03	4.65e-04	9.41e-06	0.00e+00
 3.78313e+22	1.42e-21	8.16e-10	8.92e-08	1.17e-06	6.71e-06	3.61e-05	4.31e-03	9.70e-02	3.65e-01	2.87e-01	1.72e-01	6.50e-02	7.97e-03	1.19e-03	3.92e-04	7.60e-06	0.00e+00
 3.80110e+22	1.67e-21	1.01e-09	1.08e-07	1.42e-06	8.07e-06	4.31e-05	4.90e-03	1.05e-01	3.76e-01	2.82e-01	1.63e-01	5.97e-02	7.10e-03	1.04e-03	3.31e-04	6.14e-06	0.00e+00
 3.81947e+22	1.94e-21	1.24e-09	1.32e-07	1.74e-06	9.75e-06	5.17e-05	5.58e-03	1.15e-01	3.87e-01	2.77e-01	1.54e-01	5.46e-02	6.28e-03	8.97e-04	2.77e-04	4.90e-06	0.00e+00
 3.83798e+22	2.27e-21	1.51e-09	1.59e-07	2.10e-06	1.16e-05	6.13e-05	6.31e-03	1.24e-01	3.96e-01	2.72e-01	1.45e-01	5.00e-02	5.57e-03	7.77e-04	2.33e-04	3.94e-06	0.00e+00
 3.85698e+22	2.70e-21	1.85e-09	1.93e-07	2.56e-06	1.41e-05	7.36e-05	7.19e-03	1.35e-01	4.06e-01	2.65e-01	1.35e-01	4.53e-02	4.88e-03	6.64e-04	1.93e-04	3.11e-06	0.00e+00
 3.87481e+22	3.10e-21	2.15e-09	2.25e-07	2.99e-06	1.63e-05	8.48e-05	7.95e-03	1.44e-01	4.13e-01	2.60e-01	1.28e-01	4.18e-02	4.39e-03	5.85e-04	1.66e-04	2.58e-06	0.00e+00
 3.89298e+22	3.68e-21	2.61e-09	2.72e-07	3.65e-06	1.97e-05	1.02e-04	9.06e-03	1.56e-01	4.22e-01	2.52e-01	1.19e-01	3.76e-02	3.82e-03	4.95e-04	1.36e-04	2.01e-06	0.00e+00
 3.91134e+22	4.26e-21	3.02e-09	3.15e-07	4.23e-06	2.26e-05	1.17e-04	9.95e-03	1.65e-01	4.27e-01	2.46e-01	1.13e-01	3.47e-02	3.43e-03	4.36e-04	1.17e-04	1.67e-06	0.00e+00
 3.92994e+22	5.09e-21	3.62e-09	3.78e-07	5.13e-06	2.72e-05	1.40e-04	1.13e-02	1.78e-01	4.34e-01	2.38e-01	1.04e-01	3.10e-02	2.97e-03	3.67e-04	9.53e-05	1.30e-06	0.00e+00
 3.94900e+22	5.92e-21	4.18e-09	4.38e-07	5.96e-06	3.13e-05	1.60e-04	1.24e-02	1.88e-01	4.38e-01	2.32e-01	9.79e-02	2.84e-02	2.65e-03	3.20e-04	8.12e-05	1.06e-06	0.00e+00
 3.96867e+22	7.13e-21	4.99e-09	5.26e-07	7.23e-06	3.76e-05	1.92e-04	1.40e-02	2.02e-01	4.43e-01	2.23e-01	9.00e-02	2.52e-02	2.28e-03	2.67e-04	6.56e-05	8.17e-07	0.00e+00
 3.98865e+22	8.35e-21	5.74e-09	6.09e-07	8.39e-06	4.33e-05	2.20e-04	1.54e-02	2.13e-01	4.46e-01	2.16e-01	8.42e-02	2.30e-02	2.02e-03	2.32e-04	5.56e-05	6.67e-07	0.00e+00
 4.00902e+22	1.01e-20	6.82e-09	7.30e-07	1.02e-05	5.19e-05	2.63e-04	1.74e-02	2.28e-01	4.48e-01	2.07e-01	7.69e-02	2.03e-02	1.72e-03	1.92e-04	4.46e-05	5.08e-07	0.00e+00
 4.02955e+22	1.18e-20	7.81e-09	8.41e-07	1.17e-05	5.94e-05	3.00e-04	1.90e-02	2.40e-01	4.49e-01	2.00e-01	7.18e-02	1.85e-02	1.53e-03	1.66e-04	3.77e-05	4.14e-07	0.00e+00
 4.05029e+22	1.44e-20	9.21e-09	1.00e-06	1.41e-05	7.08e-05	3.57e-04	2.14e-02	2.55e-01	4.50e-01	1.90e-01	6.53e-02	1.62e-02	1.30e-03	1.37e-04	3.01e-05	3.14e-07	0.00e+00
 4.07126e+22	1.69e-20	1.05e-08	1.16e-06	1.63e-05	8.08e-05	4.06e-04	2.33e-02	2.67e-01	4.50e-01	1.83e-01	6.08e-02	1.47e-02	1.14e-03	1.18e-04	2.54e-05	2.55e-07	0.00e+00
 4.09254e+22	2.06e-20	1.24e-08	1.38e-06	1.96e-05	9.59e-05	4.81e-04	2.60e-02	2.82e-01	4.48e-01	1.74e-01	5.51e-02	1.29e-02	9.68e-04	9.70e-05	2.02e-05	1.93e-07	0.00e+00
 4.11416e+22	2.43e-20	1.41e-08	1.59e-06	2.26e-05	1.09e-04	5.48e-04	2.83e-02	2.95e-01	4.46e-01	1.67e-01	5.10e-02	1.16e-02	8.49e-04	8.31e-05	1.69e-05	1.55e-07	0.00e+00
 4.13625e+22	2.98e-20	1.66e-08	1.90e-06	2.72e-05	1.30e-04	6.48e-04	3.16e-02	3.11e-01	4.43e-01	1.57e-01	4.59e-02	1.01e-02	7.13e-04	6.78e-05	1.34e-05	1.16e-07	0.00e+00
 4.15874e+22	3.53e-20	1.90e-08	2.19e-06	3.14e-05	1.48e-04	7.38e-04	3.44e-02	3.23e-01	4.39e-01	1.50e-01	4.23e-02	9.02e-03	6.22e-04	5.77e-05	1.11e-05	0.00e+00	0.00e+00
 4.18176e+22	4.37e-20	2.25e-08	2.63e-06	3.78e-05	1.76e-04	8.73e-04	3.83e-02	3.40e-01	4.33e-01	1.41e-01	3.79e-02	7.79e-03	5.18e-04	4.66e-05	8.69e-06	0.00e+00	0.00e+00
 4.20528e+22	5.22e-20	2.58e-08	3.05e-06	4.38e-05	2.01e-04	9.95e-04	4.16e-02	3.53e-01	4.28e-01	1.34e-01	3.47e-02	6.93e-03	4.49e-04	3.93e-05	7.16e-06	0.00e+00	0.00e+00
 4.22511e+22	6.11e-20	2.91e-08	3.47e-06	4.98e-05	2.26e-04	1.12e-03	4.47e-02	3.64e-01	4.23e-01	1.28e-01	3.20e-02	6.24e-03	3.94e-04	3.38e-05	6.02e-06	0.00e+00	0.00e+00
 4.24652e+22	7.39e-20	3.37e-08	4.08e-06	5.88e-05	2.63e-04	1.30e-03	4.91e-02	3.79e-01	4.16e-01	1.20e-01	2.88e-02	5.43e-03	3.32e-04	2.77e-05	4.78e-06	0.00e+00	0.00e+00
 4.26802e+22	8.73e-20	3.83e-08	4.65e-06	6.68e-05	2.94e-04	1.44e-03	5.25e-02	3.89e-01	4.10e-01	1.14e-01	2.66e-02	4.89e-03	2.92e-04	2.39e-05	4.03e-06	0.00e+00	0.00e+00
 4.28964e+22	1.06e-19	4.45e-08	5.48e-06	7.87e-05	3.40e-04	1.67e-03	5.74e-02	4.03e-01	4.02e-01	1.07e-01	2.39e-02	4.25e-03	2.45e-04	1.95e-05	3.20e-06	0.00e+00	0.00e+00
 4.31109e+22	1.25e-19	5.04e-08	6.23e-06	8.89e-05	3.79e-04	1.85e-03	6.12e-02	4.13e-01	3.95e-01	1.02e-01	2.20e-02	3.83e-03	2.16e-04	1.68e-05	2.71e-06	0.00e+00	0.00e+00
 4.33232e+22	1.53e-19	5.85e-08	7.31e-06	1.04e-04	4.36e-04	2.13e-03	6.65e-02	4.26e-01	3.86e-01	9.54e-02	1.98e-02	3.33e-03	1.82e-04	1.38e-05	2.16e-06	0.00e+00	0.00e+00
 4.35380e+22	1.81e-19	6.64e-08	8.32e-06	1.18e-04	4.86e-04	2.36e-03	7.08e-02	4.36e-01	3.79e-01	9.06e-02	1.82e-02	2.99e-03	1.60e-04	1.19e-05	1.82e-06	0.00e+00	0.00e+00
 4.37561e+22	2.23e-19	7.78e-08	9.82e-06	1.38e-04	5.57e-04	2.70e-03	7.66e-02	4.48e-01	3.69e-01	8.45e-02	1.63e-02	2.59e-03	1.34e-04	9.74e-06	1.45e-06	0.00e+00	0.00e+00
 4.39783e+22	2.65e-19	8.87e-08	1.12e-05	1.57e-04	6.23e-04	3.00e-03	8.16e-02	4.57e-01	3.60e-01	7.98e-02	1.49e-02	2.31e-03	1.17e-04	8.28e-06	1.20e-06	0.00e+00	0.00e+00
 4.42057e+22	3.31e-19	1.05e-07	1.33e-05	1.85e-04	7.17e-04	3.44e-03	8.83e-02	4.69e-01	3.49e-01	7.40e-02	1.33e-02	1.99e-03	9.75e-05	6.73e-06	9.49e-07	0.00e+00	0.00e+00
 4.44359e+22	3.97e-19	1.20e-07	1.53e-05	2.10e-04	8.00e-04	3.82e-03	9.39e-02	4.77e-01	3.41e-01	6.97e-02	1.21e-02	1.77e-03	8.44e-05	5.70e-06	7.86e-07	0.00e+00	0.00e+00
 4.46697e+22	5.02e-19	1.43e-07	1.83e-05	2.48e-04	9.21e-04	4.38e-03	1.01e-01	4.87e-01	3.29e-01	6.44e-02	1.07e-02	1.52e-03	7.00e-05	4.61e-06	6.16e-07	0.00e+00	0.00e+00
 4.49080e+22	6.12e-19	1.66e-07	2.11e-05	2.83e-04	1.03e-03	4.86e-03	1.08e-01	4.95e-01	3.20e-01	6.04e-02	9.72e-03	1.34e-03	6.02e-05	3.88e-06	5.07e-07	0.00e+00	0.00e+00
 4.51520e+22	7.79e-19	1.99e-07	2.54e-05	3.36e-04	1.19e-03	5.60e-03	1.17e-01	5.04e-01	3.07e-01	5.54e-02	8.53e-03	1.13e-03	4.93e-05	3.09e-06	3.90e-07	0.00e+00	0.00e+00
 4.53984e+22	9.65e-19	2.33e-07	2.95e-05	3.84e-04	1.33e-03	6.19e-03	1.23e-01	5.11e-01	2.98e-01	5.18e-02	7.73e-03	1.00e-03	4.24e-05	2.60e-06	3.21e-07	0.00e+00	0.00e+00
 4.56480e+22	1.24e-18	2.81e-07	3.55e-05	4.56e-04	1.54e-03	7.12e-03	1.33e-01	5.19e-01	2.84e-01	4.73e-02	6.74e-03	8.43e-04	3.45e-05	2.06e-06	2.46e-07	0.00e+00	0.00e+00
 4.59024e+22	1.56e-18	3.32e-07	4.16e-05	5.24e-04	1.72e-03	7.89e-03	1.41e-01	5.24e-01	2.75e-01	4.40e-02	6.08e-03	7.39e-04	2.94e-05	1.72e-06	2.00e-07	0.00e+00	0.00e+00
 4.61632e+22	2.04e-18	4.07e-07	5.06e-05	6.26e-04	1.99e-03	9.09e-03	1.52e-01	5.30e-01	2.61e-01	3.99e-02	5.26e-03	6.17e-04	2.37e-05	1.35e-06	1.51e-07	0.00e+00	0.00e+00
 4.64262e+22	2.59e-18	4.83e-07	5.94e-05	7.20e-04	2.23e-03	1.01e-02	1.60e-01	5.33e-01	2.51e-01	3.70e-02	4.72e-03	5.38e-04	2.01e-05	1.12e-06	0.00e+00	0.00e+00	0.00e+00
 4.66921e+22	3.45e-18	5.97e-07	7.27e-05	8.63e-04	2.58e-03	1.15e-02	1.72e-01	5.37e-01	2.38e-01	3.34e-02	4.07e-03	4.47e-04	1.61e-05	8.71e-07	0.00e+00	0.00e+00	0.00e+00
 4.69454e+22	4.27e-18	6.98e-07	8.40e-05	9.79e-04	2.86e-03	1.27e-02	1.80e-01	5.39e-01	2.29e-01	3.11e-02	3.67e-03	3.93e-04	1.38e-05	7.32e-07	0.00e+00	0.00e+00	0.00e+00
 4.71822e+22	5.56e-18	8.47e-07	1.00e-04	1.14e-03	3.23e-03	1.42e-02	1.91e-01	5.41e-01	2.18e-01	2.84e-02	3.24e-03	3.36e-04	1.15e-05	5.94e-07	0.00e+00	0.00e+00	0.00e+00
 4.74353e+22	7.14e-18	1.01e-06	1.18e-04	1.32e-03	3.62e-03	1.57e-02	2.01e-01	5.41e-01	2.08e-01	2.61e-02	2.87e-03	2.90e-04	9.62e-06	4.87e-07	0.00e+00	0.00e+00	0.00e+00
