#depth	O	O+	O+2	O+3	O+4	O+5	O+6	O+7	O+8	O[1]	O[2]	O[3]
 4.62852e+21	0.00e+00	0.00e+00	1.03e-27	2.92e-22	2.22e-17	7.81e-13	9.29e-08	6.37e-04	9.99e-01	0.00e+00	0.00e+00	0.00e+00
 1.05336e+22	0.00e+00	0.00e+00	8.50e-27	1.71e-21	9.32e-17	2.31e-12	1.90e-07	9.10e-04	9.99e-01	0.00e+00	0.00e+00	0.00e+00
 1.26725e+22	0.00e+00	1.82e-32	3.52e-26	5.60e-21	2.43e-16	4.78e-12	3.07e-07	1.16e-03	9.99e-01	0.00e+00	0.00e+00	0.00e+00
 1.42246e+22	0.00e+00	6.75e-32	1.09e-25	1.44e-20	5.21e-16	8.53e-12	4.50e-07	1.40e-03	9.99e-01	0.00e+00	0.00e+00	0.00e+00
 1.50869e+22	0.00e+00	9.39e-32	1.45e-25	1.83e-20	6.31e-16	9.87e-12	4.96e-07	1.46e-03	9.99e-01	0.00e+00	0.00e+00	0.00e+00
 1.54310e+22	0.00e+00	1.30e-31	1.91e-25	2.31e-20	7.63e-16	1.14e-11	5.45e-07	1.53e-03	9.98e-01	0.00e+00	0.00e+00	0.00e+00
 1.58258e+22	0.00e+00	1.96e-31	2.72e-25	3.11e-20	9.68e-16	1.37e-11	6.14e-07	1.63e-03	9.98e-01	0.00e+00	0.00e+00	0.00e+00
 1.62276e+22	0.00e+00	2.76e-31	3.66e-25	3.98e-20	1.18e-15	1.59e-11	6.78e-07	1.71e-03	9.98e-01	0.00e+00	0.00e+00	0.00e+00
 1.65748e+22	0.00e+00	3.82e-31	4.84e-25	5.04e-20	1.43e-15	1.84e-11	7.46e-07	1.79e-03	9.98e-01	0.00e+00	0.00e+00	0.00e+00
 1.69622e+22	0.00e+00	5.62e-31	6.75e-25	6.66e-20	1.79e-15	2.18e-11	8.35e-07	1.90e-03	9.98e-01	0.00e+00	0.00e+00	0.00e+00
 1.73664e+22	0.00e+00	8.08e-31	9.22e-25	8.65e-20	2.21e-15	2.56e-11	9.28e-07	2.00e-03	9.98e-01	0.00e+00	0.00e+00	0.00e+00
 1.77140e+22	0.00e+00	1.11e-30	1.21e-24	1.09e-19	2.67e-15	2.96e-11	1.02e-06	2.09e-03	9.98e-01	0.00e+00	0.00e+00	0.00e+00
 1.80875e+22	0.00e+00	1.61e-30	1.67e-24	1.43e-19	3.32e-15	3.49e-11	1.14e-06	2.21e-03	9.98e-01	0.00e+00	0.00e+00	0.00e+00
 1.84516e+22	0.00e+00	2.20e-30	2.19e-24	1.79e-19	3.99e-15	4.01e-11	1.25e-06	2.31e-03	9.98e-01	0.00e+00	0.00e+00	0.00e+00
 1.87401e+22	0.00e+00	2.87e-30	2.75e-24	2.17e-19	4.65e-15	4.52e-11	1.35e-06	2.40e-03	9.98e-01	0.00e+00	0.00e+00	0.00e+00
 1.90519e+22	0.00e+00	3.89e-30	3.57e-24	2.71e-19	5.57e-15	5.18e-11	1.47e-06	2.51e-03	9.97e-01	0.00e+00	0.00e+00	0.00e+00
 1.93919e+22	0.00e+00	5.26e-30	4.64e-24	3.37e-19	6.65e-15	5.94e-11	1.61e-06	2.62e-03	9.97e-01	0.00e+00	0.00e+00	0.00e+00
 1.97111e+22	0.00e+00	7.06e-30	5.98e-24	4.17e-19	7.91e-15	6.77e-11	1.76e-06	2.74e-03	9.97e-01	0.00e+00	0.00e+00	0.00e+00
 2.00137e+22	0.00e+00	9.37e-30	7.64e-24	5.12e-19	9.33e-15	7.68e-11	1.91e-06	2.85e-03	9.97e-01	0.00e+00	0.00e+00	0.00e+00
 2.03069e+22	0.00e+00	1.23e-29	9.64e-24	6.23e-19	1.09e-14	8.67e-11	2.07e-06	2.97e-03	9.97e-01	0.00e+00	0.00e+00	0.00e+00
 2.06430e+22	0.00e+00	1.70e-29	1.28e-23	7.90e-19	1.33e-14	1.01e-10	2.28e-06	3.11e-03	9.97e-01	0.00e+00	0.00e+00	0.00e+00
 2.09965e+22	0.00e+00	2.34e-29	1.68e-23	9.95e-19	1.60e-14	1.16e-10	2.50e-06	3.26e-03	9.97e-01	0.00e+00	0.00e+00	0.00e+00
 2.13005e+22	0.00e+00	3.10e-29	2.14e-23	1.22e-18	1.88e-14	1.31e-10	2.71e-06	3.40e-03	9.97e-01	0.00e+00	0.00e+00	0.00e+00
 2.15636e+22	0.00e+00	3.95e-29	2.64e-23	1.45e-18	2.17e-14	1.46e-10	2.91e-06	3.52e-03	9.96e-01	0.00e+00	0.00e+00	0.00e+00
 2.18457e+22	0.00e+00	5.17e-29	3.34e-23	1.77e-18	2.55e-14	1.66e-10	3.16e-06	3.66e-03	9.96e-01	0.00e+00	0.00e+00	0.00e+00
 2.21519e+22	0.00e+00	6.81e-29	4.22e-23	2.15e-18	2.99e-14	1.87e-10	3.42e-06	3.81e-03	9.96e-01	0.00e+00	0.00e+00	0.00e+00
 2.24335e+22	0.00e+00	8.79e-29	5.26e-23	2.59e-18	3.48e-14	2.10e-10	3.69e-06	3.95e-03	9.96e-01	0.00e+00	0.00e+00	0.00e+00
 2.27436e+22	0.00e+00	1.19e-28	6.84e-23	3.23e-18	4.16e-14	2.41e-10	4.04e-06	4.13e-03	9.96e-01	0.00e+00	0.00e+00	0.00e+00
 2.30575e+22	0.00e+00	1.58e-28	8.70e-23	3.96e-18	4.90e-14	2.73e-10	4.38e-06	4.30e-03	9.96e-01	0.00e+00	0.00e+00	0.00e+00
 2.33180e+22	0.00e+00	2.00e-28	1.07e-22	4.70e-18	5.63e-14	3.03e-10	4.70e-06	4.45e-03	9.96e-01	0.00e+00	0.00e+00	0.00e+00
 2.35980e+22	0.00e+00	2.63e-28	1.35e-22	5.74e-18	6.63e-14	3.44e-10	5.10e-06	4.64e-03	9.95e-01	0.00e+00	0.00e+00	0.00e+00
 2.39005e+22	0.00e+00	3.48e-28	1.72e-22	7.02e-18	7.80e-14	3.89e-10	5.54e-06	4.83e-03	9.95e-01	0.00e+00	0.00e+00	0.00e+00
 2.41755e+22	0.00e+00	4.44e-28	2.12e-22	8.38e-18	9.00e-14	4.34e-10	5.95e-06	5.00e-03	9.95e-01	0.00e+00	0.00e+00	0.00e+00
 2.44254e+22	0.00e+00	5.57e-28	2.58e-22	9.88e-18	1.03e-13	4.81e-10	6.37e-06	5.17e-03	9.95e-01	0.00e+00	0.00e+00	0.00e+00
 2.46628e+22	0.00e+00	6.92e-28	3.11e-22	1.16e-17	1.17e-13	5.31e-10	6.79e-06	5.34e-03	9.95e-01	0.00e+00	0.00e+00	0.00e+00
 2.49349e+22	0.00e+00	8.95e-28	3.89e-22	1.39e-17	1.36e-13	5.97e-10	7.34e-06	5.54e-03	9.94e-01	0.00e+00	0.00e+00	0.00e+00
 2.52247e+22	0.00e+00	1.16e-27	4.87e-22	1.68e-17	1.59e-13	6.71e-10	7.92e-06	5.76e-03	9.94e-01	0.00e+00	0.00e+00	0.00e+00
 2.54807e+22	0.00e+00	1.47e-27	5.96e-22	1.99e-17	1.82e-13	7.45e-10	8.49e-06	5.96e-03	9.94e-01	0.00e+00	0.00e+00	0.00e+00
 2.57567e+22	0.00e+00	1.93e-27	7.53e-22	2.43e-17	2.14e-13	8.43e-10	9.21e-06	6.20e-03	9.94e-01	0.00e+00	0.00e+00	0.00e+00
 2.60387e+22	2.20e-34	2.47e-27	9.33e-22	2.91e-17	2.48e-13	9.42e-10	9.91e-06	6.43e-03	9.94e-01	0.00e+00	0.00e+00	0.00e+00
 2.62777e+22	2.83e-34	3.07e-27	1.13e-21	3.41e-17	2.81e-13	1.04e-09	1.06e-05	6.64e-03	9.93e-01	0.00e+00	0.00e+00	0.00e+00
 2.65379e+22	3.77e-34	3.96e-27	1.40e-21	4.09e-17	3.27e-13	1.17e-09	1.14e-05	6.89e-03	9.93e-01	0.00e+00	0.00e+00	0.00e+00
 2.68177e+22	5.04e-34	5.11e-27	1.74e-21	4.92e-17	3.80e-13	1.31e-09	1.23e-05	7.16e-03	9.93e-01	0.00e+00	0.00e+00	0.00e+00
 2.70707e+22	6.51e-34	6.39e-27	2.11e-21	5.79e-17	4.33e-13	1.45e-09	1.32e-05	7.40e-03	9.93e-01	0.00e+00	0.00e+00	0.00e+00
 2.73047e+22	8.35e-34	7.95e-27	2.55e-21	6.78e-17	4.92e-13	1.60e-09	1.40e-05	7.64e-03	9.92e-01	0.00e+00	0.00e+00	0.00e+00
 2.75311e+22	1.05e-33	9.75e-27	3.04e-21	7.87e-17	5.56e-13	1.75e-09	1.49e-05	7.87e-03	9.92e-01	0.00e+00	0.00e+00	0.00e+00
 2.77905e+22	1.40e-33	1.25e-26	3.77e-21	9.42e-17	6.44e-13	1.96e-09	1.61e-05	8.16e-03	9.92e-01	0.00e+00	0.00e+00	0.00e+00
 2.80662e+22	1.86e-33	1.60e-26	4.66e-21	1.13e-16	7.44e-13	2.19e-09	1.73e-05	8.46e-03	9.92e-01	0.00e+00	0.00e+00	0.00e+00
 2.83122e+22	2.41e-33	2.01e-26	5.67e-21	1.33e-16	8.50e-13	2.42e-09	1.85e-05	8.75e-03	9.91e-01	0.00e+00	0.00e+00	0.00e+00
 2.85812e+22	3.25e-33	2.62e-26	7.11e-21	1.61e-16	9.94e-13	2.73e-09	2.01e-05	9.10e-03	9.91e-01	0.00e+00	0.00e+00	0.00e+00
 2.88667e+22	4.38e-33	3.39e-26	8.88e-21	1.94e-16	1.16e-12	3.07e-09	2.17e-05	9.46e-03	9.91e-01	0.00e+00	0.00e+00	0.00e+00
 2.91084e+22	5.62e-33	4.21e-26	1.07e-20	2.27e-16	1.31e-12	3.38e-09	2.31e-05	9.77e-03	9.90e-01	0.00e+00	0.00e+00	0.00e+00
 2.93573e+22	7.44e-33	5.39e-26	1.32e-20	2.71e-16	1.52e-12	3.78e-09	2.49e-05	1.01e-02	9.90e-01	0.00e+00	0.00e+00	0.00e+00
 2.96230e+22	9.76e-33	6.83e-26	1.62e-20	3.22e-16	1.74e-12	4.20e-09	2.67e-05	1.05e-02	9.89e-01	0.00e+00	0.00e+00	0.00e+00
 2.98654e+22	1.26e-32	8.54e-26	1.96e-20	3.78e-16	1.99e-12	4.64e-09	2.86e-05	1.08e-02	9.89e-01	0.00e+00	0.00e+00	0.00e+00
 3.01357e+22	1.71e-32	1.12e-25	2.47e-20	4.58e-16	2.32e-12	5.23e-09	3.10e-05	1.13e-02	9.89e-01	0.00e+00	0.00e+00	0.00e+00
 3.04196e+22	2.33e-32	1.46e-25	3.11e-20	5.56e-16	2.71e-12	5.87e-09	3.35e-05	1.17e-02	9.88e-01	0.00e+00	0.00e+00	0.00e+00
 3.06538e+22	2.92e-32	1.78e-25	3.69e-20	6.42e-16	3.05e-12	6.43e-09	3.56e-05	1.21e-02	9.88e-01	0.00e+00	0.00e+00	0.00e+00
 3.08910e+22	3.87e-32	2.27e-25	4.55e-20	7.65e-16	3.52e-12	7.16e-09	3.83e-05	1.25e-02	9.87e-01	0.00e+00	0.00e+00	0.00e+00
 3.11461e+22	5.04e-32	2.86e-25	5.54e-20	9.03e-16	4.02e-12	7.92e-09	4.10e-05	1.30e-02	9.87e-01	0.00e+00	0.00e+00	0.00e+00
 3.13850e+22	6.53e-32	3.59e-25	6.72e-20	1.06e-15	4.58e-12	8.74e-09	4.39e-05	1.34e-02	9.87e-01	0.00e+00	0.00e+00	0.00e+00
 3.16560e+22	8.93e-32	4.71e-25	8.49e-20	1.29e-15	5.37e-12	9.86e-09	4.76e-05	1.40e-02	9.86e-01	0.00e+00	0.00e+00	0.00e+00
 3.19364e+22	1.22e-31	6.18e-25	1.07e-19	1.57e-15	6.26e-12	1.11e-08	5.15e-05	1.45e-02	9.85e-01	0.00e+00	0.00e+00	0.00e+00
 3.21628e+22	1.54e-31	7.57e-25	1.27e-19	1.81e-15	7.04e-12	1.21e-08	5.48e-05	1.50e-02	9.85e-01	0.00e+00	0.00e+00	0.00e+00
 3.23909e+22	2.04e-31	9.65e-25	1.57e-19	2.15e-15	8.09e-12	1.34e-08	5.88e-05	1.55e-02	9.84e-01	0.00e+00	0.00e+00	0.00e+00
 3.26368e+22	2.64e-31	1.21e-24	1.90e-19	2.53e-15	9.21e-12	1.48e-08	6.29e-05	1.61e-02	9.84e-01	0.00e+00	0.00e+00	0.00e+00
 3.28702e+22	3.45e-31	1.53e-24	2.32e-19	2.99e-15	1.05e-11	1.63e-08	6.74e-05	1.66e-02	9.83e-01	0.00e+00	0.00e+00	0.00e+00
 3.31015e+22	4.51e-31	1.92e-24	2.82e-19	3.52e-15	1.20e-11	1.80e-08	7.21e-05	1.72e-02	9.83e-01	0.00e+00	0.00e+00	0.00e+00
 3.33659e+22	6.34e-31	2.59e-24	3.63e-19	4.34e-15	1.42e-11	2.03e-08	7.86e-05	1.80e-02	9.82e-01	0.00e+00	0.00e+00	0.00e+00
 3.36225e+22	8.24e-31	3.25e-24	4.40e-19	5.10e-15	1.61e-11	2.24e-08	8.41e-05	1.86e-02	9.81e-01	0.00e+00	0.00e+00	0.00e+00
 3.38318e+22	1.06e-30	4.05e-24	5.31e-19	5.96e-15	1.82e-11	2.45e-08	8.96e-05	1.92e-02	9.81e-01	0.00e+00	0.00e+00	0.00e+00
 3.40667e+22	1.43e-30	5.22e-24	6.59e-19	7.13e-15	2.10e-11	2.73e-08	9.65e-05	2.00e-02	9.80e-01	0.00e+00	0.00e+00	0.00e+00
 3.43163e+22	1.91e-30	6.73e-24	8.18e-19	8.53e-15	2.42e-11	3.02e-08	1.04e-04	2.07e-02	9.79e-01	0.00e+00	0.00e+00	0.00e+00
 3.45381e+22	2.48e-30	8.43e-24	9.90e-19	9.99e-15	2.75e-11	3.31e-08	1.11e-04	2.14e-02	9.78e-01	0.00e+00	0.00e+00	0.00e+00
 3.47431e+22	3.21e-30	1.05e-23	1.20e-18	1.17e-14	3.10e-11	3.62e-08	1.18e-04	2.21e-02	9.78e-01	0.00e+00	0.00e+00	0.00e+00
 3.49415e+22	4.08e-30	1.29e-23	1.42e-18	1.35e-14	3.48e-11	3.94e-08	1.25e-04	2.28e-02	9.77e-01	0.00e+00	0.00e+00	0.00e+00
 3.51679e+22	5.55e-30	1.69e-23	1.78e-18	1.63e-14	4.03e-11	4.38e-08	1.35e-04	2.37e-02	9.76e-01	0.00e+00	0.00e+00	0.00e+00
 3.54020e+22	7.34e-30	2.15e-23	2.19e-18	1.93e-14	4.60e-11	4.82e-08	1.45e-04	2.46e-02	9.75e-01	0.00e+00	0.00e+00	0.00e+00
 3.56074e+22	9.58e-30	2.70e-23	2.66e-18	2.26e-14	5.22e-11	5.28e-08	1.55e-04	2.54e-02	9.74e-01	0.00e+00	0.00e+00	0.00e+00
 3.58358e+22	1.33e-29	3.58e-23	3.37e-18	2.75e-14	6.09e-11	5.89e-08	1.68e-04	2.64e-02	9.73e-01	0.00e+00	0.00e+00	0.00e+00
 3.60706e+22	1.76e-29	4.57e-23	4.15e-18	3.26e-14	6.96e-11	6.49e-08	1.80e-04	2.74e-02	9.72e-01	0.00e+00	0.00e+00	0.00e+00
 3.62717e+22	2.29e-29	5.74e-23	5.02e-18	3.82e-14	7.87e-11	7.09e-08	1.91e-04	2.83e-02	9.72e-01	0.00e+00	0.00e+00	0.00e+00
 3.64616e+22	2.94e-29	7.12e-23	6.02e-18	4.44e-14	8.85e-11	7.72e-08	2.03e-04	2.92e-02	9.71e-01	0.00e+00	0.00e+00	0.00e+00
 3.66788e+22	4.05e-29	9.38e-23	7.60e-18	5.38e-14	1.03e-10	8.60e-08	2.20e-04	3.03e-02	9.69e-01	0.00e+00	0.00e+00	0.00e+00
 3.69016e+22	5.39e-29	1.20e-22	9.36e-18	6.39e-14	1.18e-10	9.45e-08	2.35e-04	3.14e-02	9.68e-01	0.00e+00	0.00e+00	0.00e+00
 3.70965e+22	7.05e-29	1.51e-22	1.14e-17	7.51e-14	1.33e-10	1.03e-07	2.51e-04	3.25e-02	9.67e-01	0.00e+00	0.00e+00	0.00e+00
 3.73145e+22	9.91e-29	2.03e-22	1.46e-17	9.21e-14	1.56e-10	1.16e-07	2.72e-04	3.38e-02	9.66e-01	0.00e+00	0.00e+00	0.00e+00
 3.75302e+22	1.29e-28	2.55e-22	1.77e-17	1.08e-13	1.77e-10	1.27e-07	2.90e-04	3.50e-02	9.65e-01	0.00e+00	0.00e+00	0.00e+00
 3.77428e+22	1.82e-28	3.43e-22	2.27e-17	1.33e-13	2.08e-10	1.42e-07	3.14e-04	3.64e-02	9.63e-01	0.00e+00	0.00e+00	0.00e+00
 3.79582e+22	2.39e-28	4.33e-22	2.77e-17	1.56e-13	2.36e-10	1.55e-07	3.36e-04	3.76e-02	9.62e-01	0.00e+00	0.00e+00	0.00e+00
 3.81459e+22	3.16e-28	5.51e-22	3.39e-17	1.85e-13	2.69e-10	1.70e-07	3.58e-04	3.89e-02	9.61e-01	0.00e+00	0.00e+00	0.00e+00
 3.83308e+22	4.10e-28	6.89e-22	4.10e-17	2.16e-13	3.04e-10	1.86e-07	3.81e-04	4.01e-02	9.59e-01	0.00e+00	0.00e+00	0.00e+00
 3.85429e+22	5.75e-28	9.24e-22	5.26e-17	2.65e-13	3.56e-10	2.08e-07	4.13e-04	4.18e-02	9.58e-01	0.00e+00	0.00e+00	0.00e+00
 3.87603e+22	7.79e-28	1.20e-21	6.56e-17	3.18e-13	4.11e-10	2.30e-07	4.43e-04	4.33e-02	9.56e-01	0.00e+00	0.00e+00	0.00e+00
 3.89498e+22	1.03e-27	1.53e-21	8.07e-17	3.77e-13	4.69e-10	2.53e-07	4.74e-04	4.47e-02	9.55e-01	0.00e+00	0.00e+00	0.00e+00
 3.91330e+22	1.38e-27	1.96e-21	9.93e-17	4.48e-13	5.36e-10	2.77e-07	5.06e-04	4.62e-02	9.53e-01	0.00e+00	0.00e+00	0.00e+00
 3.93425e+22	1.95e-27	2.65e-21	1.28e-16	5.54e-13	6.32e-10	3.12e-07	5.49e-04	4.82e-02	9.51e-01	0.00e+00	0.00e+00	0.00e+00
 3.95573e+22	2.64e-27	3.44e-21	1.60e-16	6.64e-13	7.27e-10	3.45e-07	5.89e-04	4.99e-02	9.50e-01	0.00e+00	0.00e+00	0.00e+00
 3.97788e+22	3.88e-27	4.80e-21	2.12e-16	8.38e-13	8.72e-10	3.92e-07	6.44e-04	5.21e-02	9.47e-01	0.00e+00	0.00e+00	0.00e+00
 4.00020e+22	5.34e-27	6.33e-21	2.68e-16	1.02e-12	1.01e-09	4.36e-07	6.93e-04	5.40e-02	9.45e-01	0.00e+00	0.00e+00	0.00e+00
 4.01854e+22	7.04e-27	8.03e-21	3.28e-16	1.20e-12	1.15e-09	4.78e-07	7.38e-04	5.57e-02	9.44e-01	0.00e+00	0.00e+00	0.00e+00
 4.03818e+22	1.00e-26	1.09e-20	4.25e-16	1.49e-12	1.36e-09	5.37e-07	8.00e-04	5.80e-02	9.41e-01	0.00e+00	0.00e+00	0.00e+00
 4.05822e+22	1.36e-26	1.42e-20	5.31e-16	1.79e-12	1.57e-09	5.94e-07	8.56e-04	6.00e-02	9.39e-01	0.00e+00	0.00e+00	0.00e+00
 4.07449e+22	1.75e-26	1.76e-20	6.38e-16	2.08e-12	1.77e-09	6.46e-07	9.06e-04	6.17e-02	9.37e-01	0.00e+00	0.00e+00	0.00e+00
 4.09138e+22	2.39e-26	2.31e-20	8.03e-16	2.52e-12	2.05e-09	7.17e-07	9.72e-04	6.38e-02	9.35e-01	0.00e+00	0.00e+00	0.00e+00
 4.10753e+22	3.03e-26	2.83e-20	9.55e-16	2.90e-12	2.29e-09	7.75e-07	1.02e-03	6.55e-02	9.33e-01	0.00e+00	0.00e+00	0.00e+00
 4.12052e+22	3.83e-26	3.47e-20	1.13e-15	3.35e-12	2.56e-09	8.37e-07	1.08e-03	6.72e-02	9.32e-01	0.00e+00	0.00e+00	0.00e+00
 4.13326e+22	4.77e-26	4.20e-20	1.33e-15	3.83e-12	2.84e-09	9.01e-07	1.13e-03	6.88e-02	9.30e-01	0.00e+00	0.00e+00	0.00e+00
 4.14571e+22	5.84e-26	5.00e-20	1.55e-15	4.33e-12	3.12e-09	9.63e-07	1.19e-03	7.03e-02	9.29e-01	0.00e+00	0.00e+00	0.00e+00
 4.15977e+22	7.67e-26	6.34e-20	1.89e-15	5.11e-12	3.55e-09	1.05e-06	1.26e-03	7.24e-02	9.26e-01	0.00e+00	0.00e+00	0.00e+00
 4.17390e+22	9.75e-26	7.80e-20	2.26e-15	5.91e-12	3.97e-09	1.14e-06	1.33e-03	7.42e-02	9.24e-01	0.00e+00	0.00e+00	0.00e+00
 4.18584e+22	1.21e-25	9.42e-20	2.65e-15	6.74e-12	4.40e-09	1.23e-06	1.39e-03	7.59e-02	9.23e-01	0.00e+00	0.00e+00	0.00e+00
 4.19703e+22	1.50e-25	1.13e-19	3.10e-15	7.69e-12	4.86e-09	1.31e-06	1.46e-03	7.76e-02	9.21e-01	0.00e+00	0.00e+00	0.00e+00
 4.20782e+22	1.83e-25	1.34e-19	3.58e-15	8.66e-12	5.33e-09	1.40e-06	1.52e-03	7.92e-02	9.19e-01	0.00e+00	0.00e+00	0.00e+00
 4.22009e+22	2.38e-25	1.69e-19	4.35e-15	1.02e-11	6.03e-09	1.53e-06	1.61e-03	8.14e-02	9.17e-01	0.00e+00	0.00e+00	0.00e+00
 4.23262e+22	2.95e-25	2.03e-19	5.09e-15	1.16e-11	6.67e-09	1.64e-06	1.68e-03	8.32e-02	9.15e-01	0.00e+00	0.00e+00	0.00e+00
 4.24549e+22	3.88e-25	2.58e-19	6.24e-15	1.37e-11	7.59e-09	1.80e-06	1.78e-03	8.56e-02	9.13e-01	0.00e+00	0.00e+00	0.00e+00
 4.25845e+22	4.94e-25	3.18e-19	7.45e-15	1.58e-11	8.50e-09	1.94e-06	1.88e-03	8.77e-02	9.10e-01	0.00e+00	0.00e+00	0.00e+00
 4.26882e+22	6.03e-25	3.78e-19	8.62e-15	1.79e-11	9.32e-09	2.07e-06	1.96e-03	8.94e-02	9.09e-01	0.00e+00	0.00e+00	0.00e+00
 4.27958e+22	7.71e-25	4.68e-19	1.03e-14	2.08e-11	1.05e-08	2.24e-06	2.06e-03	9.16e-02	9.06e-01	0.00e+00	0.00e+00	0.00e+00
 4.29069e+22	9.45e-25	5.59e-19	1.20e-14	2.35e-11	1.15e-08	2.40e-06	2.15e-03	9.35e-02	9.04e-01	0.00e+00	0.00e+00	0.00e+00
 4.30225e+22	1.26e-24	7.17e-19	1.49e-14	2.80e-11	1.32e-08	2.63e-06	2.28e-03	9.61e-02	9.02e-01	0.00e+00	0.00e+00	0.00e+00
 4.31360e+22	1.55e-24	8.56e-19	1.73e-14	3.17e-11	1.45e-08	2.81e-06	2.38e-03	9.81e-02	9.00e-01	0.00e+00	0.00e+00	0.00e+00
 4.32467e+22	2.09e-24	1.11e-18	2.16e-14	3.81e-11	1.67e-08	3.10e-06	2.53e-03	1.01e-01	8.97e-01	0.00e+00	0.00e+00	0.00e+00
 4.33558e+22	2.56e-24	1.33e-18	2.51e-14	4.31e-11	1.83e-08	3.31e-06	2.64e-03	1.03e-01	8.94e-01	0.00e+00	0.00e+00	0.00e+00
 4.34626e+22	3.38e-24	1.69e-18	3.08e-14	5.10e-11	2.08e-08	3.61e-06	2.79e-03	1.06e-01	8.92e-01	0.00e+00	0.00e+00	0.00e+00
 4.35734e+22	4.31e-24	2.09e-18	3.68e-14	5.91e-11	2.33e-08	3.90e-06	2.93e-03	1.08e-01	8.89e-01	0.00e+00	0.00e+00	0.00e+00
 4.36696e+22	5.33e-24	2.51e-18	4.30e-14	6.72e-11	2.57e-08	4.18e-06	3.06e-03	1.10e-01	8.87e-01	0.00e+00	0.00e+00	0.00e+00
 4.37750e+22	7.30e-24	3.29e-18	5.42e-14	8.12e-11	2.97e-08	4.61e-06	3.25e-03	1.13e-01	8.83e-01	0.00e+00	0.00e+00	0.00e+00
 4.38791e+22	9.01e-24	3.95e-18	6.33e-14	9.23e-11	3.28e-08	4.93e-06	3.39e-03	1.16e-01	8.81e-01	0.00e+00	0.00e+00	0.00e+00
 4.39815e+22	1.23e-23	5.16e-18	7.95e-14	1.11e-10	3.78e-08	5.44e-06	3.60e-03	1.19e-01	8.77e-01	0.00e+00	0.00e+00	0.00e+00
 4.40820e+22	1.51e-23	6.17e-18	9.25e-14	1.26e-10	4.16e-08	5.80e-06	3.75e-03	1.21e-01	8.75e-01	0.00e+00	0.00e+00	0.00e+00
 4.41802e+22	2.07e-23	8.12e-18	1.17e-13	1.52e-10	4.80e-08	6.40e-06	3.99e-03	1.25e-01	8.71e-01	0.00e+00	0.00e+00	0.00e+00
 4.42778e+22	2.55e-23	9.75e-18	1.36e-13	1.73e-10	5.30e-08	6.85e-06	4.16e-03	1.27e-01	8.69e-01	0.00e+00	0.00e+00	0.00e+00
 4.43747e+22	3.51e-23	1.29e-17	1.72e-13	2.10e-10	6.13e-08	7.56e-06	4.42e-03	1.31e-01	8.65e-01	0.00e+00	0.00e+00	0.00e+00
 4.44721e+22	4.41e-23	1.57e-17	2.04e-13	2.41e-10	6.81e-08	8.12e-06	4.62e-03	1.33e-01	8.62e-01	0.00e+00	0.00e+00	0.00e+00
 4.45705e+22	6.14e-23	2.09e-17	2.60e-13	2.94e-10	7.91e-08	9.00e-06	4.92e-03	1.37e-01	8.58e-01	0.00e+00	0.00e+00	0.00e+00
 4.46698e+22	7.82e-23	2.58e-17	3.11e-13	3.41e-10	8.84e-08	9.71e-06	5.16e-03	1.40e-01	8.55e-01	0.00e+00	0.00e+00	0.00e+00
 4.47704e+22	1.09e-22	3.43e-17	3.97e-13	4.16e-10	1.03e-07	1.08e-05	5.49e-03	1.44e-01	8.50e-01	0.00e+00	0.00e+00	0.00e+00
 4.48701e+22	1.39e-22	4.25e-17	4.76e-13	4.83e-10	1.15e-07	1.16e-05	5.76e-03	1.47e-01	8.47e-01	0.00e+00	0.00e+00	0.00e+00
 4.49685e+22	1.94e-22	5.68e-17	6.08e-13	5.90e-10	1.34e-07	1.29e-05	6.14e-03	1.52e-01	8.42e-01	0.00e+00	0.00e+00	0.00e+00
 4.50683e+22	2.53e-22	7.13e-17	7.38e-13	6.91e-10	1.51e-07	1.40e-05	6.46e-03	1.55e-01	8.38e-01	0.00e+00	0.00e+00	0.00e+00
 4.51702e+22	3.58e-22	9.64e-17	9.53e-13	8.52e-10	1.77e-07	1.56e-05	6.90e-03	1.60e-01	8.33e-01	0.00e+00	0.00e+00	0.00e+00
 4.52732e+22	4.70e-22	1.22e-16	1.16e-12	1.00e-09	2.01e-07	1.70e-05	7.27e-03	1.64e-01	8.29e-01	0.00e+00	0.00e+00	0.00e+00
 4.53778e+22	6.74e-22	1.67e-16	1.52e-12	1.25e-09	2.37e-07	1.90e-05	7.79e-03	1.69e-01	8.24e-01	0.00e+00	0.00e+00	0.00e+00
 4.54830e+22	8.87e-22	2.12e-16	1.86e-12	1.47e-09	2.69e-07	2.07e-05	8.21e-03	1.73e-01	8.19e-01	0.00e+00	0.00e+00	0.00e+00
 4.55737e+22	1.16e-21	2.68e-16	2.27e-12	1.73e-09	3.04e-07	2.25e-05	8.65e-03	1.77e-01	8.15e-01	0.00e+00	0.00e+00	0.00e+00
 4.56764e+22	1.66e-21	3.64e-16	2.94e-12	2.15e-09	3.58e-07	2.51e-05	9.26e-03	1.82e-01	8.09e-01	0.00e+00	0.00e+00	0.00e+00
 4.57789e+22	2.14e-21	4.54e-16	3.55e-12	2.50e-09	4.02e-07	2.72e-05	9.73e-03	1.86e-01	8.04e-01	0.00e+00	0.00e+00	0.00e+00
 4.58813e+22	3.02e-21	6.13e-16	4.58e-12	3.09e-09	4.72e-07	3.04e-05	1.04e-02	1.91e-01	7.98e-01	0.00e+00	0.00e+00	0.00e+00
 4.59846e+22	3.89e-21	7.62e-16	5.51e-12	3.60e-09	5.30e-07	3.29e-05	1.09e-02	1.96e-01	7.93e-01	0.00e+00	0.00e+00	0.00e+00
 4.60893e+22	5.49e-21	1.03e-15	7.10e-12	4.43e-09	6.22e-07	3.67e-05	1.17e-02	2.01e-01	7.87e-01	0.00e+00	0.00e+00	0.00e+00
 4.61959e+22	7.08e-21	1.28e-15	8.56e-12	5.17e-09	7.00e-07	3.98e-05	1.23e-02	2.06e-01	7.82e-01	0.00e+00	0.00e+00	0.00e+00
 4.63050e+22	9.88e-21	1.71e-15	1.10e-11	6.33e-09	8.19e-07	4.44e-05	1.31e-02	2.12e-01	7.75e-01	0.00e+00	0.00e+00	0.00e+00
 4.64177e+22	1.30e-20	2.17e-15	1.34e-11	7.47e-09	9.30e-07	4.84e-05	1.39e-02	2.17e-01	7.69e-01	0.00e+00	0.00e+00	0.00e+00
 4.65351e+22	1.83e-20	2.92e-15	1.73e-11	9.21e-09	1.09e-06	5.42e-05	1.49e-02	2.23e-01	7.62e-01	0.00e+00	0.00e+00	0.00e+00
 4.66552e+22	2.40e-20	3.70e-15	2.11e-11	1.09e-08	1.24e-06	5.92e-05	1.57e-02	2.28e-01	7.56e-01	0.00e+00	0.00e+00	0.00e+00
 4.67621e+22	3.12e-20	4.64e-15	2.56e-11	1.27e-08	1.41e-06	6.45e-05	1.65e-02	2.33e-01	7.50e-01	0.00e+00	0.00e+00	0.00e+00
 4.68843e+22	4.36e-20	6.20e-15	3.27e-11	1.56e-08	1.65e-06	7.20e-05	1.77e-02	2.40e-01	7.42e-01	0.00e+00	0.00e+00	0.00e+00
 4.70082e+22	5.63e-20	7.74e-15	3.96e-11	1.83e-08	1.86e-06	7.84e-05	1.87e-02	2.45e-01	7.36e-01	0.00e+00	0.00e+00	0.00e+00
 4.71343e+22	7.81e-20	1.03e-14	5.04e-11	2.24e-08	2.18e-06	8.75e-05	1.99e-02	2.52e-01	7.28e-01	0.00e+00	0.00e+00	0.00e+00
 4.72567e+22	9.80e-20	1.25e-14	5.96e-11	2.57e-08	2.43e-06	9.44e-05	2.09e-02	2.57e-01	7.22e-01	0.00e+00	0.00e+00	0.00e+00
 4.73745e+22	1.32e-19	1.62e-14	7.42e-11	3.09e-08	2.80e-06	1.04e-04	2.22e-02	2.63e-01	7.14e-01	0.00e+00	0.00e+00	0.00e+00
 4.74944e+22	1.65e-19	1.97e-14	8.76e-11	3.54e-08	3.12e-06	1.13e-04	2.33e-02	2.68e-01	7.08e-01	0.00e+00	0.00e+00	0.00e+00
 4.76173e+22	2.23e-19	2.55e-14	1.09e-10	4.26e-08	3.61e-06	1.25e-04	2.48e-02	2.75e-01	7.00e-01	0.00e+00	0.00e+00	0.00e+00
 4.77420e+22	2.76e-19	3.08e-14	1.29e-10	4.87e-08	4.01e-06	1.34e-04	2.59e-02	2.80e-01	6.94e-01	0.00e+00	0.00e+00	0.00e+00
 4.78689e+22	3.72e-19	3.99e-14	1.60e-10	5.86e-08	4.63e-06	1.49e-04	2.76e-02	2.87e-01	6.85e-01	0.00e+00	0.00e+00	0.00e+00
 4.79936e+22	4.54e-19	4.74e-14	1.86e-10	6.63e-08	5.11e-06	1.59e-04	2.88e-02	2.92e-01	6.79e-01	0.00e+00	0.00e+00	0.00e+00
 4.81154e+22	5.98e-19	6.02e-14	2.28e-10	7.86e-08	5.85e-06	1.75e-04	3.05e-02	2.99e-01	6.71e-01	0.00e+00	0.00e+00	0.00e+00
 4.82397e+22	7.32e-19	7.17e-14	2.65e-10	8.91e-08	6.46e-06	1.88e-04	3.18e-02	3.03e-01	6.64e-01	0.00e+00	0.00e+00	0.00e+00
 4.83672e+22	9.63e-19	9.10e-14	3.25e-10	1.06e-07	7.39e-06	2.07e-04	3.37e-02	3.10e-01	6.56e-01	0.00e+00	0.00e+00	0.00e+00
 4.84972e+22	1.18e-18	1.09e-13	3.79e-10	1.20e-07	8.18e-06	2.22e-04	3.52e-02	3.15e-01	6.49e-01	0.00e+00	0.00e+00	0.00e+00
 4.86303e+22	1.56e-18	1.38e-13	4.65e-10	1.43e-07	9.38e-06	2.44e-04	3.74e-02	3.22e-01	6.40e-01	0.00e+00	0.00e+00	0.00e+00
 4.87658e+22	1.91e-18	1.65e-13	5.42e-10	1.62e-07	1.04e-05	2.63e-04	3.90e-02	3.28e-01	6.33e-01	0.00e+00	0.00e+00	0.00e+00
 4.89043e+22	2.52e-18	2.10e-13	6.66e-10	1.93e-07	1.19e-05	2.89e-04	4.14e-02	3.35e-01	6.24e-01	0.00e+00	0.00e+00	0.00e+00
 4.90455e+22	3.10e-18	2.52e-13	7.78e-10	2.20e-07	1.32e-05	3.11e-04	4.32e-02	3.40e-01	6.16e-01	0.00e+00	0.00e+00	0.00e+00
 4.91900e+22	4.09e-18	3.20e-13	9.56e-10	2.61e-07	1.52e-05	3.43e-04	4.59e-02	3.47e-01	6.06e-01	0.00e+00	0.00e+00	0.00e+00
 4.93313e+22	4.91e-18	3.75e-13	1.10e-09	2.93e-07	1.66e-05	3.66e-04	4.77e-02	3.52e-01	6.00e-01	0.00e+00	0.00e+00	0.00e+00
 4.94683e+22	6.37e-18	4.71e-13	1.33e-09	3.45e-07	1.89e-05	4.02e-04	5.04e-02	3.59e-01	5.90e-01	0.00e+00	0.00e+00	0.00e+00
 4.96075e+22	7.65e-18	5.52e-13	1.53e-09	3.87e-07	2.08e-05	4.29e-04	5.24e-02	3.64e-01	5.83e-01	0.00e+00	0.00e+00	0.00e+00
 4.97496e+22	9.84e-18	6.88e-13	1.84e-09	4.54e-07	2.36e-05	4.69e-04	5.53e-02	3.71e-01	5.74e-01	0.00e+00	0.00e+00	0.00e+00
 4.98961e+22	1.21e-17	8.20e-13	2.14e-09	5.15e-07	2.61e-05	5.04e-04	5.77e-02	3.76e-01	5.66e-01	0.00e+00	0.00e+00	0.00e+00
 5.00484e+22	1.55e-17	1.02e-12	2.59e-09	6.04e-07	2.96e-05	5.51e-04	6.08e-02	3.83e-01	5.56e-01	0.00e+00	0.00e+00	0.00e+00
 5.02058e+22	1.92e-17	1.23e-12	3.04e-09	6.90e-07	3.30e-05	5.95e-04	6.36e-02	3.88e-01	5.48e-01	0.00e+00	0.00e+00	0.00e+00
 5.03696e+22	2.49e-17	1.54e-12	3.69e-09	8.14e-07	3.76e-05	6.53e-04	6.72e-02	3.95e-01	5.37e-01	2.49e-17	6.29e-28	6.69e-28
 5.05380e+22	3.10e-17	1.87e-12	4.35e-09	9.34e-07	4.19e-05	7.06e-04	7.03e-02	4.01e-01	5.28e-01	3.10e-17	5.84e-26	7.36e-26
 5.07123e+22	4.06e-17	2.36e-12	5.33e-09	1.11e-06	4.80e-05	7.77e-04	7.44e-02	4.08e-01	5.17e-01	4.06e-17	7.65e-26	9.64e-26
 5.08925e+22	5.10e-17	2.88e-12	6.32e-09	1.28e-06	5.39e-05	8.42e-04	7.80e-02	4.13e-01	5.08e-01	5.10e-17	9.61e-26	1.21e-25
 5.10803e+22	6.76e-17	3.69e-12	7.80e-09	1.52e-06	6.20e-05	9.30e-04	8.26e-02	4.21e-01	4.96e-01	6.76e-17	1.27e-25	1.60e-25
 5.12727e+22	8.55e-17	4.52e-12	9.30e-09	1.77e-06	6.98e-05	1.01e-03	8.67e-02	4.26e-01	4.86e-01	8.55e-17	1.61e-25	2.03e-25
 5.14452e+22	1.07e-16	5.49e-12	1.10e-08	2.03e-06	7.79e-05	1.09e-03	9.07e-02	4.32e-01	4.76e-01	1.07e-16	2.01e-25	2.53e-25
 5.16434e+22	1.44e-16	7.13e-12	1.38e-08	2.45e-06	9.07e-05	1.22e-03	9.65e-02	4.39e-01	4.63e-01	1.44e-16	2.72e-25	3.43e-25
 5.18428e+22	1.80e-16	8.64e-12	1.62e-08	2.82e-06	1.01e-04	1.31e-03	1.01e-01	4.44e-01	4.54e-01	1.80e-16	3.39e-25	4.27e-25
 5.20438e+22	2.41e-16	1.12e-11	2.02e-08	3.39e-06	1.17e-04	1.46e-03	1.07e-01	4.51e-01	4.41e-01	2.41e-16	4.55e-25	5.73e-25
 5.22491e+22	3.06e-16	1.37e-11	2.41e-08	3.93e-06	1.32e-04	1.58e-03	1.12e-01	4.56e-01	4.30e-01	3.06e-16	5.77e-25	7.26e-25
 5.24599e+22	4.13e-16	1.79e-11	3.03e-08	4.76e-06	1.54e-04	1.76e-03	1.19e-01	4.62e-01	4.17e-01	4.13e-16	7.81e-25	9.83e-25
 5.26739e+22	5.27e-16	2.21e-11	3.63e-08	5.54e-06	1.74e-04	1.92e-03	1.25e-01	4.67e-01	4.06e-01	5.27e-16	9.96e-25	1.25e-24
 5.28922e+22	7.23e-16	2.91e-11	4.60e-08	6.77e-06	2.04e-04	2.15e-03	1.33e-01	4.73e-01	3.92e-01	7.23e-16	1.37e-24	1.72e-24
 5.30985e+22	8.89e-16	3.48e-11	5.38e-08	7.71e-06	2.26e-04	2.31e-03	1.38e-01	4.77e-01	3.83e-01	8.89e-16	1.68e-24	2.11e-24
 5.32894e+22	1.17e-15	4.43e-11	6.62e-08	9.19e-06	2.61e-04	2.55e-03	1.46e-01	4.81e-01	3.70e-01	1.17e-15	2.22e-24	2.79e-24
 5.34817e+22	1.44e-15	5.30e-11	7.73e-08	1.05e-05	2.89e-04	2.74e-03	1.52e-01	4.85e-01	3.60e-01	1.44e-15	2.73e-24	3.43e-24
 5.36761e+22	1.91e-15	6.77e-11	9.55e-08	1.25e-05	3.34e-04	3.03e-03	1.60e-01	4.89e-01	3.47e-01	1.91e-15	3.61e-24	4.54e-24
 5.38723e+22	2.36e-15	8.16e-11	1.12e-07	1.43e-05	3.73e-04	3.27e-03	1.67e-01	4.92e-01	3.38e-01	2.36e-15	4.47e-24	5.62e-24
 5.40707e+22	3.13e-15	1.04e-10	1.39e-07	1.72e-05	4.32e-04	3.63e-03	1.76e-01	4.95e-01	3.24e-01	3.13e-15	5.93e-24	7.46e-24
 5.42720e+22	3.89e-15	1.26e-10	1.63e-07	1.98e-05	4.83e-04	3.92e-03	1.84e-01	4.97e-01	3.14e-01	3.89e-15	7.38e-24	9.28e-24
 5.44768e+22	5.19e-15	1.62e-10	2.03e-07	2.38e-05	5.63e-04	4.37e-03	1.94e-01	5.00e-01	3.01e-01	5.19e-15	9.85e-24	1.24e-23
 5.46845e+22	6.47e-15	1.97e-10	2.40e-07	2.75e-05	6.32e-04	4.73e-03	2.02e-01	5.02e-01	2.90e-01	6.47e-15	1.23e-23	1.54e-23
 5.48958e+22	8.64e-15	2.53e-10	3.00e-07	3.32e-05	7.39e-04	5.28e-03	2.14e-01	5.03e-01	2.77e-01	8.64e-15	1.64e-23	2.06e-23
 5.51117e+22	1.09e-14	3.09e-10	3.57e-07	3.86e-05	8.36e-04	5.75e-03	2.24e-01	5.04e-01	2.66e-01	1.09e-14	2.07e-23	2.60e-23
 5.53337e+22	1.46e-14	4.00e-10	4.48e-07	4.70e-05	9.84e-04	6.45e-03	2.37e-01	5.04e-01	2.52e-01	1.46e-14	2.78e-23	3.49e-23
 5.55599e+22	1.84e-14	4.91e-10	5.36e-07	5.49e-05	1.12e-03	7.06e-03	2.47e-01	5.04e-01	2.40e-01	1.84e-14	3.51e-23	4.41e-23
 5.57839e+22	2.44e-14	6.27e-10	6.66e-07	6.64e-05	1.31e-03	7.89e-03	2.61e-01	5.03e-01	2.27e-01	2.44e-14	4.64e-23	5.83e-23
 5.59969e+22	2.97e-14	7.45e-10	7.77e-07	7.60e-05	1.47e-03	8.54e-03	2.71e-01	5.01e-01	2.17e-01	2.97e-14	5.65e-23	7.10e-23
 5.62030e+22	3.82e-14	9.30e-10	9.48e-07	9.06e-05	1.70e-03	9.48e-03	2.85e-01	4.99e-01	2.05e-01	3.82e-14	7.28e-23	9.14e-23
 5.64130e+22	4.65e-14	1.11e-09	1.11e-06	1.04e-04	1.91e-03	1.03e-02	2.96e-01	4.96e-01	1.95e-01	4.65e-14	8.86e-23	1.11e-22
 5.66187e+22	5.84e-14	1.35e-09	1.33e-06	1.23e-04	2.20e-03	1.14e-02	3.10e-01	4.92e-01	1.84e-01	5.84e-14	1.11e-22	1.40e-22
 5.68287e+22	7.08e-14	1.61e-09	1.55e-06	1.41e-04	2.48e-03	1.24e-02	3.22e-01	4.89e-01	1.74e-01	7.08e-14	1.35e-22	1.70e-22
 5.70333e+22	8.67e-14	1.92e-09	1.83e-06	1.64e-04	2.83e-03	1.36e-02	3.36e-01	4.84e-01	1.64e-01	8.67e-14	1.66e-22	2.08e-22
 5.72420e+22	1.04e-13	2.27e-09	2.14e-06	1.89e-04	3.19e-03	1.48e-02	3.48e-01	4.79e-01	1.55e-01	1.04e-13	2.00e-22	2.51e-22
 5.74488e+22	1.25e-13	2.68e-09	2.49e-06	2.18e-04	3.61e-03	1.62e-02	3.62e-01	4.73e-01	1.46e-01	1.25e-13	2.40e-22	3.01e-22
 5.76567e+22	1.49e-13	3.12e-09	2.89e-06	2.49e-04	4.07e-03	1.77e-02	3.75e-01	4.66e-01	1.37e-01	1.49e-13	2.85e-22	3.58e-22
 5.78622e+22	1.75e-13	3.62e-09	3.33e-06	2.85e-04	4.57e-03	1.92e-02	3.88e-01	4.59e-01	1.28e-01	1.75e-13	3.36e-22	4.21e-22
 5.80673e+22	2.05e-13	4.17e-09	3.81e-06	3.24e-04	5.12e-03	2.09e-02	4.01e-01	4.52e-01	1.20e-01	2.05e-13	3.93e-22	4.92e-22
 5.82729e+22	2.37e-13	4.78e-09	4.35e-06	3.67e-04	5.73e-03	2.27e-02	4.14e-01	4.44e-01	1.13e-01	2.37e-13	4.56e-22	5.71e-22
 5.84794e+22	2.73e-13	5.44e-09	4.95e-06	4.16e-04	6.39e-03	2.46e-02	4.27e-01	4.36e-01	1.05e-01	2.73e-13	5.25e-22	6.58e-22
 5.86871e+22	3.12e-13	6.17e-09	5.61e-06	4.70e-04	7.11e-03	2.66e-02	4.40e-01	4.28e-01	9.84e-02	3.12e-13	6.01e-22	7.53e-22
 5.88968e+22	3.55e-13	6.97e-09	6.34e-06	5.29e-04	7.91e-03	2.88e-02	4.53e-01	4.19e-01	9.17e-02	3.55e-13	6.84e-22	8.58e-22
 5.91091e+22	4.02e-13	7.84e-09	7.15e-06	5.96e-04	8.78e-03	3.11e-02	4.65e-01	4.09e-01	8.53e-02	4.02e-13	7.75e-22	9.71e-22
 5.93223e+22	4.52e-13	8.76e-09	8.03e-06	6.69e-04	9.71e-03	3.36e-02	4.77e-01	4.00e-01	7.94e-02	4.52e-13	8.72e-22	1.09e-21
 5.95391e+22	5.06e-13	9.79e-09	9.02e-06	7.51e-04	1.08e-02	3.63e-02	4.89e-01	3.89e-01	7.36e-02	5.06e-13	9.79e-22	1.23e-21
 5.97585e+22	5.64e-13	1.09e-08	1.01e-05	8.40e-04	1.19e-02	3.91e-02	5.01e-01	3.79e-01	6.82e-02	5.64e-13	1.09e-21	1.37e-21
 5.99823e+22	6.27e-13	1.21e-08	1.13e-05	9.43e-04	1.31e-02	4.22e-02	5.13e-01	3.68e-01	6.29e-02	6.27e-13	1.21e-21	1.52e-21
 6.01904e+22	6.82e-13	1.32e-08	1.24e-05	1.03e-03	1.42e-02	4.48e-02	5.22e-01	3.59e-01	5.89e-02	6.82e-13	1.32e-21	1.66e-21
 6.04051e+22	7.54e-13	1.46e-08	1.39e-05	1.16e-03	1.57e-02	4.84e-02	5.33e-01	3.48e-01	5.40e-02	7.54e-13	1.46e-21	1.83e-21
 6.06233e+22	8.18e-13	1.59e-08	1.52e-05	1.27e-03	1.69e-02	5.13e-02	5.42e-01	3.39e-01	5.04e-02	8.18e-13	1.59e-21	1.99e-21
 6.08461e+22	8.98e-13	1.75e-08	1.70e-05	1.43e-03	1.87e-02	5.54e-02	5.52e-01	3.26e-01	4.60e-02	8.98e-13	1.75e-21	2.19e-21
 6.10698e+22	9.73e-13	1.90e-08	1.86e-05	1.56e-03	2.01e-02	5.86e-02	5.60e-01	3.17e-01	4.29e-02	9.73e-13	1.90e-21	2.37e-21
 6.12949e+22	1.06e-12	2.10e-08	2.07e-05	1.75e-03	2.21e-02	6.30e-02	5.69e-01	3.05e-01	3.90e-02	1.06e-12	2.08e-21	2.60e-21
 6.15213e+22	1.15e-12	2.27e-08	2.26e-05	1.91e-03	2.37e-02	6.65e-02	5.76e-01	2.96e-01	3.63e-02	1.15e-12	2.25e-21	2.80e-21
 6.17494e+22	1.25e-12	2.50e-08	2.52e-05	2.14e-03	2.59e-02	7.13e-02	5.84e-01	2.84e-01	3.30e-02	1.25e-12	2.45e-21	3.06e-21
 6.19796e+22	1.35e-12	2.70e-08	2.75e-05	2.34e-03	2.78e-02	7.51e-02	5.89e-01	2.75e-01	3.06e-02	1.35e-12	2.64e-21	3.30e-21
 6.22123e+22	1.47e-12	2.98e-08	3.07e-05	2.61e-03	3.03e-02	8.03e-02	5.96e-01	2.63e-01	2.77e-02	1.47e-12	2.89e-21	3.60e-21
 6.24479e+22	1.58e-12	3.23e-08	3.35e-05	2.85e-03	3.24e-02	8.45e-02	6.01e-01	2.54e-01	2.57e-02	1.58e-12	3.11e-21	3.88e-21
 6.26873e+22	1.72e-12	3.56e-08	3.75e-05	3.19e-03	3.53e-02	9.03e-02	6.06e-01	2.42e-01	2.32e-02	1.72e-12	3.40e-21	4.24e-21
 6.29308e+22	1.86e-12	3.88e-08	4.11e-05	3.49e-03	3.77e-02	9.49e-02	6.09e-01	2.33e-01	2.14e-02	1.86e-12	3.68e-21	4.59e-21
 6.31795e+22	2.04e-12	4.30e-08	4.61e-05	3.91e-03	4.09e-02	1.01e-01	6.13e-01	2.21e-01	1.92e-02	2.04e-12	4.03e-21	5.03e-21
 6.34335e+22	2.21e-12	4.70e-08	5.08e-05	4.28e-03	4.37e-02	1.06e-01	6.16e-01	2.12e-01	1.76e-02	2.21e-12	4.39e-21	5.47e-21
 6.36944e+22	2.43e-12	5.25e-08	5.74e-05	4.82e-03	4.75e-02	1.13e-01	6.18e-01	2.01e-01	1.57e-02	2.43e-12	4.84e-21	6.04e-21
 6.39615e+22	2.67e-12	5.80e-08	6.36e-05	5.30e-03	5.08e-02	1.19e-01	6.19e-01	1.92e-01	1.43e-02	2.67e-12	5.31e-21	6.62e-21
 6.41867e+22	2.88e-12	6.31e-08	6.95e-05	5.75e-03	5.38e-02	1.24e-01	6.19e-01	1.84e-01	1.32e-02	2.88e-12	5.74e-21	7.15e-21
 6.44297e+22	3.17e-12	7.04e-08	7.80e-05	6.40e-03	5.78e-02	1.31e-01	6.19e-01	1.74e-01	1.18e-02	3.17e-12	6.34e-21	7.89e-21
 6.46761e+22	3.44e-12	7.72e-08	8.57e-05	6.96e-03	6.12e-02	1.36e-01	6.18e-01	1.67e-01	1.09e-02	3.44e-12	6.91e-21	8.61e-21
 6.48895e+22	3.72e-12	8.41e-08	9.37e-05	7.54e-03	6.45e-02	1.42e-01	6.16e-01	1.60e-01	9.99e-03	3.72e-12	7.48e-21	9.31e-21
 6.51292e+22	4.09e-12	9.40e-08	1.05e-04	8.36e-03	6.90e-02	1.49e-01	6.14e-01	1.51e-01	8.95e-03	4.09e-12	8.26e-21	1.03e-20
 6.53676e+22	4.48e-12	1.03e-07	1.15e-04	9.04e-03	7.25e-02	1.54e-01	6.11e-01	1.45e-01	8.26e-03	4.48e-12	9.06e-21	1.13e-20
 6.56042e+22	4.96e-12	1.16e-07	1.29e-04	9.99e-03	7.73e-02	1.61e-01	6.07e-01	1.37e-01	7.40e-03	4.96e-12	1.01e-20	1.25e-20
 6.58443e+22	5.46e-12	1.28e-07	1.42e-04	1.08e-02	8.13e-02	1.67e-01	6.04e-01	1.31e-01	6.80e-03	5.46e-12	1.11e-20	1.38e-20
 6.60889e+22	6.10e-12	1.45e-07	1.60e-04	1.20e-02	8.66e-02	1.74e-01	5.98e-01	1.23e-01	6.07e-03	6.10e-12	1.24e-20	1.55e-20
 6.63377e+22	6.79e-12	1.61e-07	1.77e-04	1.30e-02	9.11e-02	1.80e-01	5.94e-01	1.17e-01	5.56e-03	6.79e-12	1.39e-20	1.73e-20
 6.65920e+22	7.64e-12	1.84e-07	2.01e-04	1.44e-02	9.70e-02	1.88e-01	5.87e-01	1.09e-01	4.92e-03	7.64e-12	1.57e-20	1.95e-20
 6.68501e+22	8.59e-12	2.07e-07	2.23e-04	1.57e-02	1.02e-01	1.93e-01	5.80e-01	1.04e-01	4.49e-03	8.59e-12	1.77e-20	2.19e-20
 6.71133e+22	9.78e-12	2.38e-07	2.55e-04	1.74e-02	1.09e-01	2.01e-01	5.72e-01	9.67e-02	3.95e-03	9.78e-12	2.02e-20	2.51e-20
 6.73829e+22	1.11e-11	2.70e-07	2.85e-04	1.90e-02	1.14e-01	2.07e-01	5.64e-01	9.14e-02	3.57e-03	1.11e-11	2.30e-20	2.85e-20
 6.76606e+22	1.29e-11	3.15e-07	3.28e-04	2.11e-02	1.22e-01	2.16e-01	5.54e-01	8.46e-02	3.12e-03	1.29e-11	2.68e-20	3.33e-20
 6.79452e+22	1.47e-11	3.60e-07	3.69e-04	2.31e-02	1.28e-01	2.22e-01	5.44e-01	7.94e-02	2.80e-03	1.47e-11	3.08e-20	3.82e-20
 6.82386e+22	1.74e-11	4.28e-07	4.28e-04	2.59e-02	1.36e-01	2.30e-01	5.32e-01	7.30e-02	2.43e-03	1.74e-11	3.67e-20	4.55e-20
 6.85347e+22	2.02e-11	4.93e-07	4.83e-04	2.83e-02	1.43e-01	2.36e-01	5.22e-01	6.84e-02	2.17e-03	2.02e-11	4.28e-20	5.29e-20
 6.88346e+22	2.41e-11	5.90e-07	5.63e-04	3.16e-02	1.52e-01	2.44e-01	5.07e-01	6.25e-02	1.87e-03	2.41e-11	5.13e-20	6.35e-20
 6.91376e+22	2.83e-11	6.85e-07	6.37e-04	3.46e-02	1.60e-01	2.49e-01	4.96e-01	5.83e-02	1.66e-03	2.83e-11	6.05e-20	7.49e-20
 6.94447e+22	3.42e-11	8.25e-07	7.46e-04	3.87e-02	1.70e-01	2.57e-01	4.80e-01	5.30e-02	1.42e-03	3.42e-11	7.35e-20	9.09e-20
 6.97437e+22	3.98e-11	9.49e-07	8.37e-04	4.19e-02	1.77e-01	2.61e-01	4.68e-01	4.95e-02	1.27e-03	3.98e-11	8.60e-20	1.06e-19
 7.00322e+22	4.82e-11	1.14e-06	9.68e-04	4.64e-02	1.87e-01	2.67e-01	4.53e-01	4.52e-02	1.09e-03	4.82e-11	1.05e-19	1.29e-19
 7.03364e+22	5.70e-11	1.33e-06	1.10e-03	5.07e-02	1.95e-01	2.72e-01	4.38e-01	4.16e-02	9.57e-04	5.70e-11	1.25e-19	1.54e-19
 7.05921e+22	6.61e-11	1.52e-06	1.23e-03	5.45e-02	2.02e-01	2.76e-01	4.27e-01	3.88e-02	8.57e-04	6.61e-11	1.45e-19	1.79e-19
 7.08556e+22	7.91e-11	1.79e-06	1.39e-03	5.95e-02	2.11e-01	2.79e-01	4.12e-01	3.56e-02	7.49e-04	7.91e-11	1.75e-19	2.16e-19
 7.11319e+22	9.27e-11	2.07e-06	1.56e-03	6.42e-02	2.19e-01	2.82e-01	3.99e-01	3.30e-02	6.64e-04	9.27e-11	2.06e-19	2.54e-19
 7.13856e+22	1.09e-10	2.38e-06	1.75e-03	6.91e-02	2.27e-01	2.85e-01	3.86e-01	3.05e-02	5.88e-04	1.09e-10	2.43e-19	3.00e-19
 7.16765e+22	1.34e-10	2.86e-06	2.01e-03	7.58e-02	2.37e-01	2.88e-01	3.70e-01	2.77e-02	5.04e-04	1.34e-10	3.01e-19	3.71e-19
 7.19747e+22	1.60e-10	3.34e-06	2.27e-03	8.19e-02	2.45e-01	2.90e-01	3.55e-01	2.53e-02	4.39e-04	1.60e-10	3.62e-19	4.46e-19
 7.22377e+22	1.89e-10	3.87e-06	2.54e-03	8.80e-02	2.53e-01	2.91e-01	3.42e-01	2.33e-02	3.86e-04	1.89e-10	4.32e-19	5.31e-19
 7.25347e+22	2.34e-10	4.65e-06	2.92e-03	9.62e-02	2.63e-01	2.92e-01	3.25e-01	2.09e-02	3.28e-04	2.34e-10	5.40e-19	6.63e-19
 7.28449e+22	2.84e-10	5.48e-06	3.30e-03	1.04e-01	2.72e-01	2.92e-01	3.10e-01	1.89e-02	2.82e-04	2.84e-10	6.60e-19	8.09e-19
 7.31246e+22	3.40e-10	6.39e-06	3.70e-03	1.12e-01	2.80e-01	2.92e-01	2.96e-01	1.72e-02	2.45e-04	3.40e-10	7.98e-19	9.79e-19
 7.34410e+22	4.30e-10	7.76e-06	4.28e-03	1.22e-01	2.90e-01	2.90e-01	2.78e-01	1.53e-02	2.05e-04	4.30e-10	1.02e-18	1.25e-18
 7.37671e+22	5.28e-10	9.20e-06	4.85e-03	1.32e-01	2.98e-01	2.89e-01	2.63e-01	1.37e-02	1.74e-04	5.28e-10	1.26e-18	1.55e-18
 7.40573e+22	6.40e-10	1.08e-05	5.44e-03	1.41e-01	3.06e-01	2.86e-01	2.49e-01	1.23e-02	1.49e-04	6.40e-10	1.55e-18	1.89e-18
 7.43857e+22	8.19e-10	1.31e-05	6.28e-03	1.54e-01	3.15e-01	2.83e-01	2.32e-01	1.08e-02	1.23e-04	8.19e-10	2.00e-18	2.45e-18
 7.47266e+22	1.02e-09	1.56e-05	7.13e-03	1.65e-01	3.22e-01	2.79e-01	2.17e-01	9.55e-03	1.03e-04	1.02e-09	2.51e-18	3.07e-18
 7.50328e+22	1.25e-09	1.84e-05	8.01e-03	1.77e-01	3.28e-01	2.74e-01	2.04e-01	8.51e-03	8.70e-05	1.25e-09	3.12e-18	3.81e-18
 7.53798e+22	1.62e-09	2.26e-05	9.26e-03	1.92e-01	3.36e-01	2.68e-01	1.88e-01	7.33e-03	7.03e-05	1.62e-09	4.11e-18	5.02e-18
 7.57401e+22	2.05e-09	2.71e-05	1.05e-02	2.06e-01	3.42e-01	2.62e-01	1.74e-01	6.38e-03	5.76e-05	2.05e-09	5.26e-18	6.41e-18
 7.60630e+22	2.55e-09	3.20e-05	1.18e-02	2.19e-01	3.47e-01	2.56e-01	1.61e-01	5.61e-03	4.81e-05	2.55e-09	6.61e-18	8.05e-18
 7.64281e+22	3.37e-09	3.96e-05	1.37e-02	2.37e-01	3.52e-01	2.47e-01	1.46e-01	4.73e-03	3.78e-05	3.37e-09	8.90e-18	1.08e-17
 7.68003e+22	4.25e-09	4.72e-05	1.55e-02	2.52e-01	3.55e-01	2.39e-01	1.34e-01	4.09e-03	3.08e-05	4.25e-09	1.14e-17	1.38e-17
 7.71819e+22	5.68e-09	5.86e-05	1.79e-02	2.72e-01	3.58e-01	2.29e-01	1.20e-01	3.40e-03	2.38e-05	5.68e-09	1.55e-17	1.88e-17
 7.75674e+22	7.20e-09	6.98e-05	2.01e-02	2.88e-01	3.60e-01	2.20e-01	1.09e-01	2.92e-03	1.92e-05	7.20e-09	1.99e-17	2.42e-17
 7.79579e+22	9.71e-09	8.70e-05	2.33e-02	3.09e-01	3.60e-01	2.08e-01	9.69e-02	2.39e-03	1.46e-05	9.71e-09	2.75e-17	3.32e-17
 7.83519e+22	1.23e-08	1.03e-04	2.61e-02	3.26e-01	3.60e-01	1.99e-01	8.76e-02	2.03e-03	1.17e-05	1.23e-08	3.54e-17	4.28e-17
 7.87504e+22	1.67e-08	1.29e-04	3.01e-02	3.47e-01	3.57e-01	1.87e-01	7.67e-02	1.64e-03	8.72e-06	1.67e-08	4.90e-17	5.93e-17
 7.91534e+22	2.12e-08	1.53e-04	3.36e-02	3.64e-01	3.55e-01	1.77e-01	6.88e-02	1.38e-03	6.90e-06	2.12e-08	6.35e-17	7.67e-17
 7.95625e+22	2.89e-08	1.90e-04	3.86e-02	3.86e-01	3.50e-01	1.64e-01	5.96e-02	1.10e-03	5.07e-06	2.89e-08	8.87e-17	1.07e-16
 7.99764e+22	3.68e-08	2.26e-04	4.30e-02	4.03e-01	3.45e-01	1.54e-01	5.30e-02	9.17e-04	3.96e-06	3.68e-08	1.15e-16	1.39e-16
 8.03967e+22	5.03e-08	2.81e-04	4.93e-02	4.25e-01	3.38e-01	1.42e-01	4.53e-02	7.20e-04	2.86e-06	5.03e-08	1.62e-16	1.95e-16
 8.08083e+22	6.32e-08	3.29e-04	5.43e-02	4.40e-01	3.31e-01	1.33e-01	4.03e-02	6.01e-04	2.24e-06	6.32e-08	2.08e-16	2.50e-16
 8.12086e+22	8.49e-08	4.03e-04	6.14e-02	4.60e-01	3.22e-01	1.22e-01	3.45e-02	4.74e-04	1.63e-06	8.49e-08	2.87e-16	3.45e-16
 8.15955e+22	1.04e-07	4.65e-04	6.69e-02	4.73e-01	3.15e-01	1.14e-01	3.08e-02	3.99e-04	1.30e-06	1.04e-07	3.60e-16	4.32e-16
 8.19648e+22	1.36e-07	5.56e-04	7.44e-02	4.89e-01	3.05e-01	1.04e-01	2.66e-02	3.19e-04	9.66e-07	1.36e-07	4.81e-16	5.77e-16
 8.23401e+22	1.68e-07	6.43e-04	8.10e-02	5.01e-01	2.97e-01	9.70e-02	2.35e-02	2.66e-04	7.56e-07	1.68e-07	6.09e-16	7.30e-16
 8.26721e+22	2.07e-07	7.40e-04	8.78e-02	5.12e-01	2.88e-01	9.00e-02	2.08e-02	2.21e-04	5.93e-07	2.07e-07	7.67e-16	9.18e-16
 8.30526e+22	2.69e-07	8.84e-04	9.72e-02	5.26e-01	2.77e-01	8.16e-02	1.77e-02	1.74e-04	4.34e-07	2.69e-07	1.03e-15	1.23e-15
 8.34388e+22	3.34e-07	1.02e-03	1.05e-01	5.36e-01	2.67e-01	7.51e-02	1.55e-02	1.43e-04	3.34e-07	3.34e-07	1.31e-15	1.56e-15
 8.38325e+22	4.37e-07	1.22e-03	1.17e-01	5.47e-01	2.55e-01	6.74e-02	1.31e-02	1.11e-04	2.40e-07	4.37e-07	1.77e-15	2.11e-15
 8.42295e+22	5.40e-07	1.41e-03	1.26e-01	5.55e-01	2.45e-01	6.17e-02	1.14e-02	9.07e-05	1.84e-07	5.40e-07	2.25e-15	2.68e-15
 8.46309e+22	7.11e-07	1.69e-03	1.39e-01	5.63e-01	2.32e-01	5.48e-02	9.49e-03	6.92e-05	1.29e-07	7.11e-07	3.07e-15	3.65e-15
 8.50326e+22	8.74e-07	1.93e-03	1.50e-01	5.69e-01	2.22e-01	4.99e-02	8.24e-03	5.63e-05	0.00e+00	8.74e-07	3.88e-15	4.61e-15
 8.53554e+22	1.04e-06	2.17e-03	1.59e-01	5.73e-01	2.13e-01	4.60e-02	7.28e-03	4.70e-05	0.00e+00	1.04e-06	4.74e-15	5.64e-15
 8.56954e+22	1.30e-06	2.51e-03	1.71e-01	5.76e-01	2.02e-01	4.15e-02	6.24e-03	3.75e-05	0.00e+00	1.30e-06	6.08e-15	7.23e-15
 8.60402e+22	1.55e-06	2.82e-03	1.82e-01	5.78e-01	1.94e-01	3.80e-02	5.48e-03	3.10e-05	0.00e+00	1.55e-06	7.47e-15	8.87e-15
 8.63433e+22	1.84e-06	3.15e-03	1.93e-01	5.79e-01	1.85e-01	3.49e-02	4.82e-03	2.58e-05	0.00e+00	1.84e-06	9.12e-15	1.08e-14
 8.66892e+22	2.30e-06	3.64e-03	2.07e-01	5.80e-01	1.74e-01	3.11e-02	4.08e-03	2.03e-05	0.00e+00	2.30e-06	1.18e-14	1.40e-14
 8.70365e+22	2.73e-06	4.07e-03	2.19e-01	5.79e-01	1.66e-01	2.84e-02	3.58e-03	1.68e-05	0.00e+00	2.73e-06	1.43e-14	1.70e-14
 8.73859e+22	3.38e-06	4.68e-03	2.34e-01	5.77e-01	1.56e-01	2.53e-02	3.03e-03	1.32e-05	0.00e+00	3.38e-06	1.84e-14	2.18e-14
 8.77403e+22	4.04e-06	5.25e-03	2.47e-01	5.74e-01	1.48e-01	2.29e-02	2.62e-03	1.07e-05	0.00e+00	4.04e-06	2.27e-14	2.68e-14
 8.80509e+22	4.78e-06	5.85e-03	2.60e-01	5.70e-01	1.40e-01	2.08e-02	2.29e-03	8.79e-06	0.00e+00	4.78e-06	2.76e-14	3.26e-14
 8.84044e+22	5.91e-06	6.70e-03	2.77e-01	5.65e-01	1.31e-01	1.84e-02	1.92e-03	6.84e-06	0.00e+00	5.91e-06	3.54e-14	4.18e-14
 8.87655e+22	7.05e-06	7.51e-03	2.92e-01	5.59e-01	1.23e-01	1.65e-02	1.65e-03	5.52e-06	0.00e+00	7.05e-06	4.36e-14	5.15e-14
 8.90865e+22	8.35e-06	8.37e-03	3.06e-01	5.53e-01	1.16e-01	1.49e-02	1.43e-03	4.48e-06	0.00e+00	8.35e-06	5.33e-14	6.29e-14
 8.94538e+22	1.04e-05	9.61e-03	3.25e-01	5.43e-01	1.08e-01	1.30e-02	1.18e-03	3.42e-06	0.00e+00	1.04e-05	6.88e-14	8.12e-14
 8.98262e+22	1.24e-05	1.08e-02	3.42e-01	5.34e-01	1.01e-01	1.16e-02	1.01e-03	2.73e-06	0.00e+00	1.24e-05	8.48e-14	1.00e-13
 9.01557e+22	1.47e-05	1.20e-02	3.58e-01	5.25e-01	9.42e-02	1.03e-02	8.65e-04	2.18e-06	0.00e+00	1.47e-05	1.04e-13	1.23e-13
