#depth	Cl	Cl+	Cl+2	Cl+3	Cl+4	Cl+5	Cl+6	Cl+7	Cl+8	Cl+9	Cl+10	Cl+11	Cl+12	Cl+13	Cl+14	Cl+15	Cl+16	Cl+17
 4.62852e+21	0.00e+00	0.00e+00	0.00e+00	0.00e+00	0.00e+00	0.00e+00	0.00e+00	0.00e+00	5.14e-24	1.50e-20	2.03e-17	1.64e-14	7.70e-12	2.21e-09	6.99e-07	4.08e-04	3.49e-02	9.65e-01
 1.05336e+22	0.00e+00	0.00e+00	0.00e+00	0.00e+00	0.00e+00	0.00e+00	0.00e+00	2.68e-26	1.25e-22	2.52e-19	2.39e-16	1.38e-13	4.51e-11	9.07e-09	2.01e-06	8.21e-04	4.92e-02	9.50e-01
 1.26725e+22	0.00e+00	0.00e+00	0.00e+00	0.00e+00	0.00e+00	0.00e+00	2.34e-29	2.97e-25	1.08e-21	1.70e-18	1.26e-15	5.69e-13	1.46e-10	2.32e-08	4.06e-06	1.31e-03	6.17e-02	9.37e-01
 1.42246e+22	0.00e+00	0.00e+00	0.00e+00	0.00e+00	0.00e+00	0.00e+00	1.94e-28	2.02e-24	6.01e-21	7.75e-18	4.72e-15	1.76e-12	3.71e-10	4.88e-08	7.07e-06	1.88e-03	7.36e-02	9.25e-01
 1.50869e+22	0.00e+00	0.00e+00	0.00e+00	0.00e+00	0.00e+00	0.00e+00	3.30e-28	3.25e-24	9.21e-21	1.13e-17	6.57e-15	2.33e-12	4.69e-10	5.88e-08	8.13e-06	2.07e-03	7.69e-02	9.21e-01
 1.54310e+22	0.00e+00	0.00e+00	0.00e+00	0.00e+00	0.00e+00	0.00e+00	5.57e-28	5.23e-24	1.41e-20	1.65e-17	9.12e-15	3.07e-12	5.91e-10	7.07e-08	9.32e-06	2.26e-03	8.03e-02	9.17e-01
 1.58258e+22	0.00e+00	0.00e+00	0.00e+00	0.00e+00	0.00e+00	0.00e+00	1.08e-27	9.51e-24	2.40e-20	2.65e-17	1.38e-14	4.36e-12	7.89e-10	8.90e-08	1.11e-05	2.53e-03	8.48e-02	9.13e-01
 1.62276e+22	0.00e+00	0.00e+00	0.00e+00	0.00e+00	0.00e+00	0.00e+00	1.88e-27	1.57e-23	3.77e-20	3.94e-17	1.94e-14	5.85e-12	1.01e-09	1.08e-07	1.28e-05	2.78e-03	8.87e-02	9.09e-01
 1.65748e+22	0.00e+00	0.00e+00	0.00e+00	0.00e+00	0.00e+00	0.00e+00	3.18e-27	2.52e-23	5.76e-20	5.74e-17	2.70e-14	7.73e-12	1.27e-09	1.30e-07	1.47e-05	3.05e-03	9.26e-02	9.04e-01
 1.69622e+22	0.00e+00	0.00e+00	0.00e+00	0.00e+00	0.00e+00	0.00e+00	5.96e-27	4.45e-23	9.57e-20	8.97e-17	3.97e-14	1.08e-11	1.67e-09	1.61e-07	1.73e-05	3.39e-03	9.74e-02	8.99e-01
 1.73664e+22	0.00e+00	0.00e+00	0.00e+00	0.00e+00	0.00e+00	2.36e-30	1.07e-26	7.54e-23	1.53e-19	1.36e-16	5.72e-14	1.47e-11	2.15e-09	1.98e-07	2.01e-05	3.74e-03	1.02e-01	8.94e-01
 1.77140e+22	0.00e+00	0.00e+00	0.00e+00	0.00e+00	0.00e+00	4.13e-30	1.79e-26	1.20e-22	2.33e-19	1.97e-16	7.88e-14	1.93e-11	2.70e-09	2.37e-07	2.30e-05	4.09e-03	1.06e-01	8.90e-01
 1.80875e+22	0.00e+00	0.00e+00	0.00e+00	0.00e+00	0.00e+00	7.99e-30	3.28e-26	2.08e-22	3.80e-19	3.04e-16	1.15e-13	2.65e-11	3.51e-09	2.92e-07	2.68e-05	4.53e-03	1.12e-01	8.84e-01
 1.84516e+22	0.00e+00	0.00e+00	0.00e+00	0.00e+00	0.00e+00	1.38e-29	5.43e-26	3.29e-22	5.72e-19	4.36e-16	1.57e-13	3.46e-11	4.38e-09	3.49e-07	3.06e-05	4.93e-03	1.16e-01	8.79e-01
 1.87401e+22	0.00e+00	0.00e+00	0.00e+00	0.00e+00	0.00e+00	2.20e-29	8.33e-26	4.84e-22	8.09e-19	5.91e-16	2.05e-13	4.34e-11	5.28e-09	4.05e-07	3.42e-05	5.30e-03	1.20e-01	8.75e-01
 1.90519e+22	0.00e+00	0.00e+00	0.00e+00	0.00e+00	0.00e+00	3.78e-29	1.37e-25	7.59e-22	1.21e-18	8.43e-16	2.79e-13	5.64e-11	6.55e-09	4.80e-07	3.88e-05	5.76e-03	1.25e-01	8.69e-01
 1.93919e+22	0.00e+00	0.00e+00	0.00e+00	0.00e+00	0.00e+00	6.43e-29	2.24e-25	1.18e-21	1.80e-18	1.20e-15	3.78e-13	7.30e-11	8.11e-09	5.69e-07	4.40e-05	6.26e-03	1.30e-01	8.64e-01
 1.97111e+22	0.00e+00	0.00e+00	0.00e+00	0.00e+00	0.00e+00	1.08e-28	3.60e-25	1.82e-21	2.64e-18	1.68e-15	5.08e-13	9.37e-11	9.98e-09	6.71e-07	4.98e-05	6.77e-03	1.35e-01	8.59e-01
 2.00137e+22	0.00e+00	0.00e+00	0.00e+00	0.00e+00	0.00e+00	1.77e-28	5.68e-25	2.74e-21	3.82e-18	2.33e-15	6.74e-13	1.19e-10	1.22e-08	7.86e-07	5.60e-05	7.31e-03	1.39e-01	8.53e-01
 2.03069e+22	0.00e+00	0.00e+00	0.00e+00	0.00e+00	0.00e+00	2.85e-28	8.82e-25	4.08e-21	5.45e-18	3.19e-15	8.85e-13	1.50e-10	1.47e-08	9.15e-07	6.26e-05	7.86e-03	1.44e-01	8.48e-01
 2.06430e+22	0.00e+00	0.00e+00	0.00e+00	0.00e+00	0.00e+00	5.09e-28	1.51e-24	6.61e-21	8.39e-18	4.66e-15	1.23e-12	1.99e-10	1.85e-08	1.10e-06	7.17e-05	8.59e-03	1.50e-01	8.41e-01
 2.09965e+22	0.00e+00	0.00e+00	0.00e+00	0.00e+00	0.00e+00	8.88e-28	2.51e-24	1.05e-20	1.27e-17	6.72e-15	1.69e-12	2.60e-10	2.32e-08	1.31e-06	8.17e-05	9.35e-03	1.56e-01	8.35e-01
 2.13005e+22	0.00e+00	0.00e+00	0.00e+00	0.00e+00	0.00e+00	1.45e-27	3.94e-24	1.58e-20	1.83e-17	9.26e-15	2.24e-12	3.30e-10	2.82e-08	1.53e-06	9.17e-05	1.01e-02	1.61e-01	8.29e-01
 2.15636e+22	0.00e+00	0.00e+00	0.00e+00	0.00e+00	0.00e+00	2.21e-27	5.82e-24	2.25e-20	2.50e-17	1.22e-14	2.85e-12	4.05e-10	3.34e-08	1.75e-06	1.01e-04	1.07e-02	1.66e-01	8.23e-01
 2.18457e+22	0.00e+00	0.00e+00	0.00e+00	0.00e+00	8.09e-31	3.57e-27	9.06e-24	3.35e-20	3.58e-17	1.68e-14	3.74e-12	5.10e-10	4.04e-08	2.04e-06	1.13e-04	1.15e-02	1.71e-01	8.17e-01
 2.21519e+22	0.00e+00	0.00e+00	0.00e+00	0.00e+00	1.35e-30	5.76e-27	1.41e-23	4.99e-20	5.11e-17	2.29e-14	4.91e-12	6.43e-10	4.89e-08	2.37e-06	1.27e-04	1.24e-02	1.77e-01	8.10e-01
 2.24335e+22	0.00e+00	0.00e+00	0.00e+00	0.00e+00	2.19e-30	9.02e-27	2.12e-23	7.24e-20	7.13e-17	3.08e-14	6.34e-12	7.99e-10	5.84e-08	2.73e-06	1.40e-04	1.33e-02	1.82e-01	8.04e-01
 2.27436e+22	0.00e+00	0.00e+00	0.00e+00	0.00e+00	3.91e-30	1.54e-26	3.49e-23	1.13e-19	1.06e-16	4.38e-14	8.60e-12	1.03e-09	7.22e-08	3.23e-06	1.59e-04	1.44e-02	1.89e-01	7.97e-01
 2.30575e+22	0.00e+00	0.00e+00	0.00e+00	0.00e+00	6.59e-30	2.50e-26	5.44e-23	1.69e-19	1.52e-16	6.02e-14	1.13e-11	1.31e-09	8.77e-08	3.77e-06	1.78e-04	1.55e-02	1.95e-01	7.89e-01
 2.33180e+22	0.00e+00	0.00e+00	0.00e+00	0.00e+00	1.03e-29	3.80e-26	7.98e-23	2.40e-19	2.08e-16	7.91e-14	1.44e-11	1.60e-09	1.04e-07	4.29e-06	1.96e-04	1.64e-02	2.00e-01	7.83e-01
 2.35980e+22	0.00e+00	0.00e+00	0.00e+00	0.00e+00	1.74e-29	6.16e-26	1.25e-22	3.59e-19	2.98e-16	1.09e-13	1.89e-11	2.02e-09	1.25e-07	4.99e-06	2.19e-04	1.77e-02	2.07e-01	7.76e-01
 2.39005e+22	0.00e+00	0.00e+00	0.00e+00	0.00e+00	2.93e-29	1.00e-25	1.95e-22	5.37e-19	4.27e-16	1.49e-13	2.50e-11	2.55e-09	1.52e-07	5.82e-06	2.45e-04	1.90e-02	2.13e-01	7.68e-01
 2.41755e+22	0.00e+00	0.00e+00	0.00e+00	0.00e+00	4.63e-29	1.53e-25	2.88e-22	7.67e-19	5.87e-16	1.98e-13	3.18e-11	3.13e-09	1.80e-07	6.65e-06	2.70e-04	2.02e-02	2.19e-01	7.61e-01
 2.44254e+22	0.00e+00	0.00e+00	0.00e+00	0.00e+00	7.10e-29	2.28e-25	4.16e-22	1.07e-18	7.89e-16	2.57e-13	3.99e-11	3.80e-09	2.11e-07	7.53e-06	2.96e-04	2.14e-02	2.24e-01	7.54e-01
 2.46628e+22	0.00e+00	0.00e+00	0.00e+00	0.00e+00	1.07e-28	3.32e-25	5.89e-22	1.46e-18	1.05e-15	3.29e-13	4.95e-11	4.55e-09	2.45e-07	8.47e-06	3.23e-04	2.26e-02	2.30e-01	7.48e-01
 2.49349e+22	0.00e+00	0.00e+00	0.00e+00	0.00e+00	1.74e-28	5.24e-25	8.97e-22	2.14e-18	1.47e-15	4.43e-13	6.40e-11	5.66e-09	2.92e-07	9.75e-06	3.58e-04	2.41e-02	2.36e-01	7.40e-01
 2.52247e+22	0.00e+00	0.00e+00	0.00e+00	0.00e+00	1.38e-28	4.03e-25	6.64e-22	3.12e-18	2.05e-15	5.96e-13	8.29e-11	7.04e-09	3.50e-07	1.12e-05	3.97e-04	2.58e-02	2.42e-01	7.31e-01
 2.54807e+22	0.00e+00	0.00e+00	0.00e+00	0.00e+00	4.38e-28	1.24e-24	1.98e-21	4.37e-18	2.78e-15	7.78e-13	1.04e-10	8.57e-09	4.11e-07	1.28e-05	4.36e-04	2.73e-02	2.48e-01	7.24e-01
 2.57567e+22	0.00e+00	0.00e+00	0.00e+00	0.00e+00	3.58e-28	9.75e-25	1.50e-21	6.50e-18	3.96e-15	1.06e-12	1.37e-10	1.08e-08	4.96e-07	1.48e-05	4.85e-04	2.93e-02	2.55e-01	7.15e-01
 2.60387e+22	0.00e+00	0.00e+00	0.00e+00	0.00e+00	5.70e-28	1.50e-24	2.23e-21	9.31e-18	5.46e-15	1.41e-12	1.75e-10	1.32e-08	5.88e-07	1.69e-05	5.35e-04	3.11e-02	2.62e-01	7.07e-01
 2.62777e+22	0.00e+00	0.00e+00	0.00e+00	0.00e+00	8.57e-28	2.19e-24	3.16e-21	1.28e-17	7.24e-15	1.81e-12	2.17e-10	1.59e-08	6.83e-07	1.90e-05	5.83e-04	3.28e-02	2.68e-01	6.99e-01
 2.65379e+22	0.00e+00	0.00e+00	0.00e+00	0.00e+00	1.38e-27	3.42e-24	4.76e-21	1.85e-17	1.01e-14	2.42e-12	2.79e-10	1.96e-08	8.12e-07	2.18e-05	6.44e-04	3.49e-02	2.74e-01	6.90e-01
 2.68177e+22	0.00e+00	0.00e+00	0.00e+00	5.94e-31	2.22e-27	5.31e-24	7.14e-21	2.67e-17	1.40e-14	3.23e-12	3.58e-10	2.43e-08	9.67e-07	2.50e-05	7.11e-04	3.72e-02	2.81e-01	6.81e-01
 2.70707e+22	0.00e+00	0.00e+00	0.00e+00	9.32e-31	3.38e-27	7.85e-24	1.02e-20	3.69e-17	1.87e-14	4.17e-12	4.47e-10	2.93e-08	1.13e-06	2.82e-05	7.76e-04	3.93e-02	2.87e-01	6.73e-01
 2.73047e+22	0.00e+00	0.00e+00	0.00e+00	1.44e-30	5.06e-27	1.14e-23	1.45e-20	5.05e-17	2.47e-14	5.34e-12	5.53e-10	3.51e-08	1.31e-06	3.17e-05	8.44e-04	4.14e-02	2.93e-01	6.65e-01
 2.75311e+22	0.00e+00	0.00e+00	0.00e+00	2.17e-30	7.44e-27	1.63e-23	2.01e-20	6.80e-17	3.22e-14	6.74e-12	6.77e-10	4.16e-08	1.50e-06	3.53e-05	9.14e-04	4.35e-02	2.99e-01	6.57e-01
 2.77905e+22	0.00e+00	0.00e+00	0.00e+00	3.56e-30	1.19e-26	2.52e-23	3.00e-20	9.76e-17	4.45e-14	8.96e-12	8.66e-10	5.12e-08	1.78e-06	4.03e-05	1.01e-03	4.61e-02	3.05e-01	6.48e-01
 2.80662e+22	0.00e+00	0.00e+00	0.00e+00	5.82e-30	1.87e-26	3.86e-23	4.44e-20	1.39e-16	6.11e-14	1.18e-11	1.10e-09	6.28e-08	2.10e-06	4.60e-05	1.11e-03	4.89e-02	3.12e-01	6.38e-01
 2.83122e+22	0.00e+00	0.00e+00	0.00e+00	9.16e-30	2.86e-26	5.72e-23	6.38e-20	1.93e-16	8.18e-14	1.53e-11	1.38e-09	7.59e-08	2.46e-06	5.19e-05	1.21e-03	5.16e-02	3.18e-01	6.29e-01
 2.85812e+22	0.00e+00	0.00e+00	0.00e+00	1.55e-29	4.69e-26	9.06e-23	9.74e-20	2.83e-16	1.15e-13	2.07e-11	1.79e-09	9.43e-08	2.93e-06	5.97e-05	1.33e-03	5.49e-02	3.25e-01	6.18e-01
 2.88667e+22	0.00e+00	0.00e+00	0.00e+00	2.59e-29	7.56e-26	1.41e-22	1.46e-19	4.09e-16	1.60e-13	2.77e-11	2.30e-09	1.17e-07	3.50e-06	6.84e-05	1.47e-03	5.83e-02	3.32e-01	6.08e-01
 2.91084e+22	0.00e+00	0.00e+00	0.00e+00	3.97e-29	1.13e-25	2.05e-22	2.06e-19	5.58e-16	2.11e-13	3.54e-11	2.84e-09	1.40e-07	4.05e-06	7.67e-05	1.60e-03	6.13e-02	3.38e-01	5.99e-01
 2.93573e+22	0.00e+00	0.00e+00	0.00e+00	6.48e-29	1.78e-25	3.13e-22	3.05e-19	7.96e-16	2.90e-13	4.67e-11	3.61e-09	1.71e-07	4.78e-06	8.72e-05	1.75e-03	6.48e-02	3.45e-01	5.88e-01
 2.96230e+22	0.00e+00	0.00e+00	0.00e+00	1.03e-28	2.76e-25	4.71e-22	4.44e-19	1.12e-15	3.92e-13	6.10e-11	4.55e-09	2.08e-07	5.60e-06	9.87e-05	1.91e-03	6.84e-02	3.51e-01	5.78e-01
 2.98654e+22	0.00e+00	0.00e+00	0.00e+00	9.30e-29	2.41e-25	3.99e-22	6.30e-19	1.53e-15	5.22e-13	7.84e-11	5.66e-09	2.50e-07	6.51e-06	1.11e-04	2.08e-03	7.19e-02	3.57e-01	5.69e-01
 3.01357e+22	0.00e+00	0.00e+00	0.00e+00	1.58e-28	3.96e-25	6.32e-22	9.62e-19	2.25e-15	7.34e-13	1.06e-10	7.33e-09	3.11e-07	7.77e-06	1.27e-04	2.30e-03	7.63e-02	3.64e-01	5.57e-01
 3.04196e+22	0.00e+00	0.00e+00	0.00e+00	2.66e-28	6.44e-25	9.92e-22	1.45e-18	3.27e-15	1.03e-12	1.42e-10	9.48e-09	3.87e-07	9.29e-06	1.46e-04	2.53e-03	8.10e-02	3.71e-01	5.45e-01
 3.06538e+22	0.00e+00	0.00e+00	0.00e+00	3.96e-28	9.36e-25	1.40e-21	2.00e-18	4.37e-15	1.33e-12	1.78e-10	1.15e-08	4.56e-07	1.06e-05	1.62e-04	2.73e-03	8.46e-02	3.76e-01	5.36e-01
 3.08910e+22	0.00e+00	0.00e+00	0.00e+00	6.38e-28	1.46e-24	2.12e-21	2.91e-18	6.15e-15	1.80e-12	2.34e-10	1.46e-08	5.55e-07	1.25e-05	1.84e-04	2.98e-03	8.92e-02	3.82e-01	5.25e-01
 3.11461e+22	0.00e+00	0.00e+00	0.00e+00	1.00e-27	2.22e-24	3.13e-21	4.16e-18	8.51e-15	2.41e-12	3.02e-10	1.82e-08	6.69e-07	1.45e-05	2.07e-04	3.24e-03	9.37e-02	3.88e-01	5.15e-01
 3.13850e+22	0.00e+00	0.00e+00	2.12e-31	1.55e-27	3.35e-24	4.58e-21	5.89e-18	1.17e-14	3.20e-12	3.88e-10	2.26e-08	8.03e-07	1.69e-05	2.32e-04	3.51e-03	9.83e-02	3.93e-01	5.05e-01
 3.16560e+22	0.00e+00	0.00e+00	3.73e-31	2.65e-27	5.52e-24	7.28e-21	9.01e-18	1.71e-14	4.51e-12	5.25e-10	2.93e-08	1.00e-06	2.02e-05	2.67e-04	3.88e-03	1.04e-01	4.00e-01	4.92e-01
 3.19364e+22	0.00e+00	0.00e+00	6.48e-31	4.45e-27	8.94e-24	1.14e-20	1.35e-17	2.48e-14	6.29e-12	7.04e-10	3.78e-08	1.24e-06	2.41e-05	3.05e-04	4.26e-03	1.10e-01	4.06e-01	4.80e-01
 3.21628e+22	0.00e+00	0.00e+00	9.84e-31	6.61e-27	1.29e-23	1.60e-20	1.85e-17	3.29e-14	8.10e-12	8.81e-10	4.59e-08	1.46e-06	2.75e-05	3.38e-04	4.58e-03	1.15e-01	4.10e-01	4.70e-01
 3.23909e+22	0.00e+00	0.00e+00	1.62e-30	1.05e-26	1.99e-23	2.39e-20	2.66e-17	4.59e-14	1.09e-11	1.15e-09	5.77e-08	1.78e-06	3.22e-05	3.82e-04	4.99e-03	1.20e-01	4.15e-01	4.59e-01
 3.26368e+22	0.00e+00	0.00e+00	2.56e-30	1.63e-26	2.99e-23	3.48e-20	3.75e-17	6.28e-14	1.44e-11	1.47e-09	7.14e-08	2.13e-06	3.73e-05	4.27e-04	5.39e-03	1.26e-01	4.20e-01	4.48e-01
 3.28702e+22	0.00e+00	0.00e+00	4.10e-30	2.53e-26	4.52e-23	5.09e-20	5.30e-17	8.61e-14	1.92e-11	1.88e-09	8.88e-08	2.56e-06	4.33e-05	4.79e-04	5.84e-03	1.32e-01	4.24e-01	4.38e-01
 3.31015e+22	0.00e+00	0.00e+00	6.56e-30	3.94e-26	6.81e-23	7.42e-20	7.47e-17	1.18e-13	2.54e-11	2.42e-09	1.10e-07	3.07e-06	5.03e-05	5.37e-04	6.32e-03	1.38e-01	4.28e-01	4.27e-01
 3.33659e+22	0.00e+00	0.00e+00	1.19e-29	6.87e-26	1.14e-22	1.20e-19	1.15e-16	1.75e-13	3.63e-11	3.31e-09	1.45e-07	3.87e-06	6.08e-05	6.20e-04	6.98e-03	1.46e-01	4.33e-01	4.13e-01
 3.36225e+22	0.00e+00	0.00e+00	1.88e-29	1.06e-25	1.71e-22	1.73e-19	1.61e-16	2.38e-13	4.78e-11	4.23e-09	1.79e-07	4.63e-06	7.02e-05	6.92e-04	7.54e-03	1.52e-01	4.37e-01	4.03e-01
 3.38318e+22	0.00e+00	0.00e+00	2.91e-29	1.60e-25	2.50e-22	2.46e-19	2.21e-16	3.18e-13	6.20e-11	5.33e-09	2.19e-07	5.49e-06	8.08e-05	7.70e-04	8.11e-03	1.58e-01	4.40e-01	3.92e-01
 3.40667e+22	0.00e+00	0.00e+00	4.83e-29	2.57e-25	3.89e-22	3.70e-19	3.20e-16	4.46e-13	8.40e-11	6.97e-09	2.76e-07	6.69e-06	9.48e-05	8.70e-04	8.82e-03	1.66e-01	4.44e-01	3.81e-01
 3.43163e+22	0.00e+00	0.00e+00	7.97e-29	4.11e-25	6.00e-22	5.50e-19	4.59e-16	6.20e-13	1.13e-10	9.08e-09	3.47e-07	8.13e-06	1.11e-04	9.81e-04	9.57e-03	1.73e-01	4.47e-01	3.69e-01
 3.45381e+22	0.00e+00	0.00e+00	1.24e-28	6.23e-25	8.82e-22	7.84e-19	6.33e-16	8.32e-13	1.47e-10	1.15e-08	4.26e-07	9.66e-06	1.28e-04	1.09e-03	1.03e-02	1.80e-01	4.49e-01	3.59e-01
 3.47431e+22	0.00e+00	0.00e+00	1.92e-28	9.34e-25	1.28e-21	1.11e-18	8.62e-16	1.11e-12	1.91e-10	1.44e-08	5.19e-07	1.14e-05	1.47e-04	1.21e-03	1.10e-02	1.87e-01	4.51e-01	3.49e-01
 3.49415e+22	0.00e+00	0.00e+00	2.87e-28	1.37e-24	1.82e-21	1.53e-18	1.15e-15	1.44e-12	2.42e-10	1.78e-08	6.25e-07	1.34e-05	1.67e-04	1.33e-03	1.18e-02	1.94e-01	4.53e-01	3.40e-01
 3.51679e+22	0.00e+00	0.00e+00	4.81e-28	2.21e-24	2.85e-21	2.30e-18	1.67e-15	2.03e-12	3.29e-10	2.34e-08	7.91e-07	1.63e-05	1.96e-04	1.50e-03	1.28e-02	2.03e-01	4.55e-01	3.28e-01
 3.54020e+22	0.00e+00	0.00e+00	7.65e-28	3.41e-24	4.25e-21	3.31e-18	2.32e-15	2.74e-12	4.33e-10	2.99e-08	9.78e-07	1.96e-05	2.27e-04	1.68e-03	1.38e-02	2.11e-01	4.56e-01	3.17e-01
 3.56074e+22	0.00e+00	0.00e+00	1.19e-27	5.14e-24	6.19e-21	4.66e-18	3.15e-15	3.65e-12	5.59e-10	3.75e-08	1.19e-06	2.32e-05	2.61e-04	1.86e-03	1.48e-02	2.18e-01	4.57e-01	3.07e-01
 3.58358e+22	0.00e+00	1.45e-31	2.02e-27	8.47e-24	9.81e-21	7.10e-18	4.60e-15	5.17e-12	7.66e-10	4.97e-08	1.52e-06	2.85e-05	3.08e-04	2.11e-03	1.61e-02	2.28e-01	4.58e-01	2.96e-01
 3.60706e+22	0.00e+00	2.38e-31	3.22e-27	1.31e-23	1.46e-20	1.02e-17	6.37e-15	6.98e-12	1.01e-09	6.33e-08	1.88e-06	3.41e-05	3.56e-04	2.35e-03	1.73e-02	2.37e-01	4.58e-01	2.85e-01
 3.62717e+22	0.00e+00	3.75e-31	4.93e-27	1.94e-23	2.11e-20	1.43e-17	8.58e-15	9.20e-12	1.29e-09	7.91e-08	2.28e-06	4.02e-05	4.07e-04	2.60e-03	1.84e-02	2.44e-01	4.58e-01	2.76e-01
 3.64616e+22	0.00e+00	5.78e-31	7.37e-27	2.83e-23	2.98e-20	1.95e-17	1.14e-14	1.19e-11	1.64e-09	9.76e-08	2.74e-06	4.70e-05	4.62e-04	2.85e-03	1.96e-02	2.52e-01	4.58e-01	2.67e-01
 3.66788e+22	0.00e+00	1.00e-30	1.23e-26	4.57e-23	4.63e-20	2.92e-17	1.63e-14	1.66e-11	2.21e-09	1.28e-07	3.46e-06	5.73e-05	5.42e-04	3.21e-03	2.12e-02	2.62e-01	4.57e-01	2.56e-01
 3.69016e+22	0.00e+00	1.63e-30	1.94e-26	6.97e-23	6.82e-20	4.14e-17	2.22e-14	2.22e-11	2.88e-09	1.61e-07	4.25e-06	6.83e-05	6.25e-04	3.57e-03	2.27e-02	2.71e-01	4.56e-01	2.47e-01
 3.70965e+22	0.00e+00	2.57e-30	2.97e-26	1.04e-22	9.80e-20	5.76e-17	2.98e-14	2.92e-11	3.68e-09	2.01e-07	5.15e-06	8.04e-05	7.13e-04	3.93e-03	2.42e-02	2.79e-01	4.54e-01	2.38e-01
 3.73145e+22	0.00e+00	4.56e-30	5.06e-26	1.70e-22	1.54e-19	8.69e-17	4.30e-14	4.10e-11	5.02e-09	2.66e-07	6.55e-06	9.87e-05	8.41e-04	4.44e-03	2.62e-02	2.90e-01	4.52e-01	2.27e-01
 3.75302e+22	0.00e+00	7.12e-30	7.68e-26	2.51e-22	2.20e-19	1.20e-16	5.72e-14	5.36e-11	6.40e-09	3.30e-07	7.91e-06	1.16e-04	9.57e-04	4.88e-03	2.78e-02	2.98e-01	4.50e-01	2.18e-01
 3.77428e+22	0.00e+00	1.25e-29	1.30e-25	4.09e-22	3.44e-19	1.79e-16	8.17e-14	7.47e-11	8.66e-09	4.32e-07	1.00e-05	1.42e-04	1.13e-03	5.49e-03	3.00e-02	3.09e-01	4.46e-01	2.08e-01
 3.79582e+22	0.00e+00	1.98e-29	1.99e-25	6.09e-22	4.95e-19	2.50e-16	1.10e-13	9.82e-11	1.11e-08	5.39e-07	1.21e-05	1.67e-04	1.28e-03	6.04e-03	3.19e-02	3.17e-01	4.44e-01	2.00e-01
 3.81459e+22	0.00e+00	3.11e-29	3.03e-25	8.99e-22	7.07e-19	3.44e-16	1.46e-13	1.28e-10	1.41e-08	6.70e-07	1.47e-05	1.96e-04	1.46e-03	6.64e-03	3.38e-02	3.26e-01	4.40e-01	1.92e-01
 3.83308e+22	0.00e+00	4.77e-29	4.52e-25	1.30e-21	9.93e-19	4.67e-16	1.91e-13	1.65e-10	1.78e-08	8.23e-07	1.76e-05	2.28e-04	1.65e-03	7.25e-03	3.57e-02	3.34e-01	4.37e-01	1.84e-01
 3.85429e+22	0.00e+00	8.27e-29	7.55e-25	2.10e-21	1.53e-18	6.92e-16	2.71e-13	2.28e-10	2.40e-08	1.07e-06	2.21e-05	2.77e-04	1.93e-03	8.12e-03	3.84e-02	3.44e-01	4.32e-01	1.75e-01
 3.87603e+22	0.00e+00	1.35e-28	1.19e-24	3.20e-21	2.25e-18	9.76e-16	3.66e-13	3.03e-10	3.11e-08	1.35e-06	2.71e-05	3.29e-04	2.21e-03	8.97e-03	4.08e-02	3.54e-01	4.27e-01	1.67e-01
 3.89498e+22	0.00e+00	2.12e-28	1.81e-24	4.72e-21	3.21e-18	1.34e-15	4.85e-13	3.95e-10	3.96e-08	1.68e-06	3.27e-05	3.86e-04	2.51e-03	9.83e-03	4.32e-02	3.62e-01	4.23e-01	1.59e-01
 3.91330e+22	0.00e+00	3.33e-28	2.76e-24	6.96e-21	4.56e-18	1.84e-15	6.41e-13	5.13e-10	5.03e-08	2.08e-06	3.94e-05	4.52e-04	2.85e-03	1.08e-02	4.57e-02	3.70e-01	4.18e-01	1.52e-01
 3.93425e+22	0.00e+00	5.81e-28	4.63e-24	1.13e-20	7.07e-18	2.73e-15	9.06e-13	7.11e-10	6.77e-08	2.72e-06	4.96e-05	5.50e-04	3.33e-03	1.20e-02	4.89e-02	3.80e-01	4.11e-01	1.44e-01
 3.95573e+22	0.00e+00	9.30e-28	7.17e-24	1.69e-20	1.02e-17	3.79e-15	1.21e-12	9.33e-10	8.69e-08	3.40e-06	6.02e-05	6.48e-04	3.80e-03	1.32e-02	5.17e-02	3.89e-01	4.05e-01	1.37e-01
 3.97788e+22	0.00e+00	1.70e-27	1.25e-23	2.83e-20	1.63e-17	5.77e-15	1.75e-12	1.32e-09	1.20e-07	4.52e-06	7.72e-05	7.99e-04	4.49e-03	1.49e-02	5.55e-02	3.99e-01	3.97e-01	1.28e-01
 4.00020e+22	0.00e+00	2.77e-27	1.98e-23	4.31e-20	2.39e-17	8.11e-15	2.35e-12	1.75e-09	1.55e-07	5.71e-06	9.44e-05	9.47e-04	5.14e-03	1.64e-02	5.87e-02	4.07e-01	3.90e-01	1.21e-01
 4.01854e+22	0.00e+00	4.23e-27	2.93e-23	6.20e-20	3.32e-17	1.09e-14	3.03e-12	2.23e-09	1.93e-07	6.97e-06	1.12e-04	1.10e-03	5.77e-03	1.77e-02	6.16e-02	4.14e-01	3.84e-01	1.15e-01
 4.03818e+22	0.00e+00	7.23e-27	4.82e-23	9.82e-20	5.03e-17	1.57e-14	4.19e-12	3.03e-09	2.57e-07	8.98e-06	1.40e-04	1.32e-03	6.68e-03	1.97e-02	6.54e-02	4.23e-01	3.76e-01	1.08e-01
 4.05822e+22	0.00e+00	1.14e-26	7.36e-23	1.45e-19	7.14e-17	2.15e-14	5.50e-12	3.93e-09	3.26e-07	1.11e-05	1.68e-04	1.54e-03	7.55e-03	2.14e-02	6.87e-02	4.29e-01	3.69e-01	1.03e-01
 4.07449e+22	0.00e+00	1.66e-26	1.04e-22	1.99e-19	9.52e-17	2.77e-14	6.86e-12	4.85e-09	3.96e-07	1.33e-05	1.96e-04	1.75e-03	8.36e-03	2.30e-02	7.15e-02	4.35e-01	3.63e-01	9.80e-02
 4.09138e+22	0.00e+00	2.65e-26	1.60e-22	2.97e-19	1.36e-16	3.81e-14	9.03e-12	6.31e-09	5.05e-07	1.65e-05	2.37e-04	2.06e-03	9.47e-03	2.51e-02	7.51e-02	4.41e-01	3.55e-01	9.24e-02
 4.10753e+22	0.00e+00	3.74e-26	2.21e-22	3.99e-19	1.78e-16	4.82e-14	1.11e-11	7.67e-09	6.04e-07	1.94e-05	2.73e-04	2.31e-03	1.04e-02	2.67e-02	7.78e-02	4.46e-01	3.49e-01	8.84e-02
 4.12052e+22	0.00e+00	5.26e-26	3.03e-22	5.32e-19	2.30e-16	6.05e-14	1.35e-11	9.27e-09	7.20e-07	2.27e-05	3.13e-04	2.60e-03	1.14e-02	2.84e-02	8.05e-02	4.50e-01	3.42e-01	8.46e-02
 4.13326e+22	0.00e+00	7.26e-26	4.08e-22	6.99e-19	2.94e-16	7.52e-14	1.62e-11	1.11e-08	8.51e-07	2.64e-05	3.56e-04	2.90e-03	1.24e-02	3.02e-02	8.31e-02	4.53e-01	3.37e-01	8.11e-02
 4.14571e+22	0.00e+00	9.73e-26	5.35e-22	8.97e-19	3.68e-16	9.15e-14	1.92e-11	1.31e-08	9.90e-07	3.03e-05	4.01e-04	3.20e-03	1.34e-02	3.18e-02	8.55e-02	4.56e-01	3.31e-01	7.80e-02
 4.15977e+22	0.00e+00	1.44e-25	7.70e-22	1.25e-18	4.96e-16	1.19e-13	2.41e-11	1.63e-08	1.21e-06	3.63e-05	4.69e-04	3.65e-03	1.48e-02	3.41e-02	8.88e-02	4.60e-01	3.24e-01	7.39e-02
 4.17390e+22	0.00e+00	2.03e-25	1.05e-21	1.67e-18	6.40e-16	1.49e-13	2.91e-11	1.96e-08	1.44e-06	4.25e-05	5.37e-04	4.08e-03	1.62e-02	3.62e-02	9.17e-02	4.63e-01	3.17e-01	7.06e-02
 4.18584e+22	0.00e+00	2.76e-25	1.40e-21	2.16e-18	8.06e-16	1.82e-13	3.46e-11	2.32e-08	1.69e-06	4.89e-05	6.07e-04	4.52e-03	1.75e-02	3.82e-02	9.43e-02	4.66e-01	3.11e-01	6.76e-02
 4.19703e+22	0.00e+00	3.72e-25	1.85e-21	2.78e-18	1.01e-15	2.22e-13	4.09e-11	2.73e-08	1.97e-06	5.62e-05	6.84e-04	5.00e-03	1.89e-02	4.02e-02	9.68e-02	4.68e-01	3.05e-01	6.47e-02
 4.20782e+22	4.73e-32	4.90e-25	2.38e-21	3.51e-18	1.24e-15	2.65e-13	4.77e-11	3.17e-08	2.26e-06	6.37e-05	7.62e-04	5.47e-03	2.03e-02	4.21e-02	9.92e-02	4.70e-01	3.00e-01	6.22e-02
 4.22009e+22	6.94e-32	7.05e-25	3.32e-21	4.75e-18	1.62e-15	3.35e-13	5.82e-11	3.85e-08	2.72e-06	7.53e-05	8.79e-04	6.17e-03	2.22e-02	4.48e-02	1.02e-01	4.72e-01	2.93e-01	5.90e-02
 4.23262e+22	9.50e-32	9.49e-25	4.37e-21	6.10e-18	2.03e-15	4.07e-13	6.85e-11	4.52e-08	3.16e-06	8.62e-05	9.89e-04	6.79e-03	2.40e-02	4.71e-02	1.05e-01	4.73e-01	2.86e-01	5.64e-02
 4.24549e+22	1.42e-31	1.39e-24	6.20e-21	8.37e-18	2.68e-15	5.19e-13	8.42e-11	5.55e-08	3.82e-06	1.02e-04	1.15e-03	7.68e-03	2.63e-02	5.01e-02	1.08e-01	4.75e-01	2.79e-01	5.32e-02
 4.25845e+22	2.00e-31	1.92e-24	8.37e-21	1.10e-17	3.41e-15	6.38e-13	1.00e-10	6.59e-08	4.50e-06	1.19e-04	1.30e-03	8.54e-03	2.86e-02	5.29e-02	1.11e-01	4.75e-01	2.72e-01	5.06e-02
 4.26882e+22	2.64e-31	2.51e-24	1.07e-20	1.37e-17	4.14e-15	7.54e-13	1.15e-10	7.58e-08	5.13e-06	1.34e-04	1.44e-03	9.30e-03	3.05e-02	5.52e-02	1.13e-01	4.76e-01	2.66e-01	4.85e-02
 4.27958e+22	3.74e-31	3.49e-24	1.45e-20	1.80e-17	5.28e-15	9.28e-13	1.37e-10	9.03e-08	6.05e-06	1.55e-04	1.64e-03	1.03e-02	3.30e-02	5.81e-02	1.16e-01	4.76e-01	2.59e-01	4.60e-02
 4.29069e+22	5.00e-31	4.60e-24	1.86e-20	2.27e-17	6.45e-15	1.10e-12	1.59e-10	1.04e-07	6.94e-06	1.76e-04	1.82e-03	1.13e-02	3.53e-02	6.07e-02	1.18e-01	4.75e-01	2.53e-01	4.40e-02
 4.30225e+22	7.42e-31	6.69e-24	2.63e-20	3.09e-17	8.45e-15	1.39e-12	1.92e-10	1.27e-07	8.34e-06	2.08e-04	2.10e-03	1.27e-02	3.86e-02	6.43e-02	1.21e-01	4.74e-01	2.45e-01	4.13e-02
 4.31360e+22	9.86e-31	8.78e-24	3.37e-20	3.86e-17	1.03e-14	1.64e-12	2.21e-10	1.46e-07	9.53e-06	2.34e-04	2.33e-03	1.38e-02	4.12e-02	6.70e-02	1.23e-01	4.73e-01	2.39e-01	3.95e-02
 4.32467e+22	1.48e-30	1.29e-23	4.78e-20	5.29e-17	1.35e-14	2.07e-12	2.66e-10	1.77e-07	1.15e-05	2.78e-04	2.70e-03	1.56e-02	4.51e-02	7.10e-02	1.26e-01	4.71e-01	2.31e-01	3.69e-02
 4.33558e+22	1.95e-30	1.68e-23	6.10e-20	6.58e-17	1.63e-14	2.43e-12	3.04e-10	2.03e-07	1.31e-05	3.12e-04	2.98e-03	1.69e-02	4.79e-02	7.37e-02	1.28e-01	4.69e-01	2.25e-01	3.52e-02
 4.34626e+22	2.84e-30	2.40e-23	8.43e-20	8.78e-17	2.10e-14	3.00e-12	3.61e-10	2.43e-07	1.55e-05	3.65e-04	3.41e-03	1.89e-02	5.20e-02	7.76e-02	1.31e-01	4.66e-01	2.17e-01	3.30e-02
 4.35734e+22	3.92e-30	3.27e-23	1.12e-19	1.13e-16	2.61e-14	3.60e-12	4.19e-10	2.83e-07	1.80e-05	4.17e-04	3.82e-03	2.07e-02	5.57e-02	8.10e-02	1.33e-01	4.63e-01	2.10e-01	3.12e-02
 4.36696e+22	5.20e-30	4.28e-23	1.43e-19	1.41e-16	3.16e-14	4.22e-12	4.77e-10	3.25e-07	2.04e-05	4.69e-04	4.22e-03	2.24e-02	5.92e-02	8.40e-02	1.35e-01	4.61e-01	2.04e-01	2.97e-02
 4.37750e+22	7.79e-30	6.30e-23	2.03e-19	1.92e-16	4.11e-14	5.25e-12	5.69e-10	3.92e-07	2.45e-05	5.54e-04	4.86e-03	2.52e-02	6.44e-02	8.85e-02	1.37e-01	4.56e-01	1.96e-01	2.76e-02
 4.38791e+22	1.03e-29	8.22e-23	2.58e-19	2.37e-16	4.95e-14	6.14e-12	6.45e-10	4.47e-07	2.78e-05	6.21e-04	5.36e-03	2.72e-02	6.82e-02	9.16e-02	1.39e-01	4.52e-01	1.90e-01	2.62e-02
 4.39815e+22	1.53e-29	1.20e-22	3.63e-19	3.21e-16	6.40e-14	7.57e-12	7.62e-10	5.35e-07	3.31e-05	7.29e-04	6.13e-03	3.04e-02	7.39e-02	9.60e-02	1.41e-01	4.46e-01	1.82e-01	2.43e-02
 4.40820e+22	2.00e-29	1.55e-22	4.58e-19	3.94e-16	7.64e-14	8.78e-12	8.59e-10	6.07e-07	3.74e-05	8.13e-04	6.72e-03	3.27e-02	7.80e-02	9.91e-02	1.42e-01	4.41e-01	1.76e-01	2.30e-02
 4.41802e+22	2.96e-29	2.26e-22	6.43e-19	5.32e-16	9.84e-14	1.08e-11	1.01e-09	7.24e-07	4.44e-05	9.52e-04	7.69e-03	3.64e-02	8.43e-02	1.04e-01	1.44e-01	4.34e-01	1.68e-01	2.13e-02
 4.42778e+22	3.88e-29	2.93e-22	8.13e-19	6.54e-16	1.18e-13	1.25e-11	1.13e-09	8.21e-07	5.01e-05	1.06e-03	8.42e-03	3.91e-02	8.88e-02	1.07e-01	1.45e-01	4.29e-01	1.62e-01	2.01e-02
 4.43747e+22	5.76e-29	4.27e-22	1.14e-18	8.80e-16	1.51e-13	1.52e-11	1.32e-09	9.77e-07	5.94e-05	1.24e-03	9.60e-03	4.34e-02	9.57e-02	1.11e-01	1.46e-01	4.20e-01	1.54e-01	1.85e-02
 4.44721e+22	7.67e-29	5.62e-22	1.46e-18	1.09e-15	1.81e-13	1.77e-11	1.49e-09	1.11e-06	6.72e-05	1.39e-03	1.06e-02	4.67e-02	1.01e-01	1.15e-01	1.46e-01	4.14e-01	1.48e-01	1.74e-02
 4.45705e+22	6.98e-33	8.29e-22	2.07e-18	1.48e-15	2.34e-13	2.17e-11	1.74e-09	1.32e-06	7.98e-05	1.62e-03	1.20e-02	5.18e-02	1.08e-01	1.19e-01	1.47e-01	4.04e-01	1.40e-01	1.59e-02
 4.46698e+22	0.00e+00	1.10e-21	2.68e-18	1.85e-15	2.82e-13	2.52e-11	1.96e-09	1.51e-06	9.07e-05	1.82e-03	1.32e-02	5.58e-02	1.14e-01	1.22e-01	1.47e-01	3.96e-01	1.34e-01	1.49e-02
 4.47704e+22	0.00e+00	1.62e-21	3.80e-18	2.50e-15	3.63e-13	3.09e-11	2.29e-09	1.79e-06	1.07e-04	2.13e-03	1.51e-02	6.16e-02	1.22e-01	1.27e-01	1.47e-01	3.85e-01	1.26e-01	1.35e-02
 4.48701e+22	0.00e+00	2.17e-21	4.92e-18	3.13e-15	4.38e-13	3.58e-11	2.57e-09	2.04e-06	1.22e-04	2.38e-03	1.65e-02	6.63e-02	1.29e-01	1.30e-01	1.47e-01	3.76e-01	1.20e-01	1.26e-02
 4.49685e+22	0.00e+00	3.19e-21	6.94e-18	4.22e-15	5.61e-13	4.35e-11	2.97e-09	2.41e-06	1.43e-04	2.76e-03	1.87e-02	7.28e-02	1.37e-01	1.34e-01	1.46e-01	3.64e-01	1.12e-01	1.14e-02
 4.50683e+22	4.00e-32	4.32e-21	9.10e-18	5.33e-15	6.82e-13	5.08e-11	3.34e-09	2.75e-06	1.63e-04	3.11e-03	2.06e-02	7.83e-02	1.44e-01	1.37e-01	1.46e-01	3.54e-01	1.06e-01	1.05e-02
 4.51702e+22	6.09e-32	6.43e-21	1.30e-17	7.24e-15	8.79e-13	6.19e-11	3.88e-09	3.26e-06	1.92e-04	3.61e-03	2.33e-02	8.59e-02	1.53e-01	1.41e-01	1.44e-01	3.41e-01	9.87e-02	9.41e-03
 4.52732e+22	8.47e-32	8.79e-21	1.72e-17	9.20e-15	1.07e-12	7.23e-11	4.36e-09	3.72e-06	2.18e-04	4.05e-03	2.56e-02	9.22e-02	1.60e-01	1.43e-01	1.43e-01	3.30e-01	9.28e-02	8.62e-03
 4.53778e+22	1.31e-31	1.33e-20	2.47e-17	1.26e-14	1.39e-12	8.84e-11	5.06e-09	4.40e-06	2.58e-04	4.71e-03	2.89e-02	1.01e-01	1.70e-01	1.47e-01	1.41e-01	3.15e-01	8.55e-02	7.65e-03
 4.54830e+22	1.82e-31	1.81e-20	3.27e-17	1.60e-14	1.69e-12	1.03e-10	5.68e-09	5.00e-06	2.92e-04	5.26e-03	3.17e-02	1.08e-01	1.77e-01	1.49e-01	1.39e-01	3.04e-01	8.00e-02	6.97e-03
 4.55737e+22	2.51e-31	2.46e-20	4.29e-17	2.01e-14	2.05e-12	1.20e-10	6.34e-09	5.65e-06	3.28e-04	5.86e-03	3.46e-02	1.15e-01	1.84e-01	1.51e-01	1.37e-01	2.92e-01	7.49e-02	6.35e-03
 4.56764e+22	3.84e-31	3.68e-20	6.13e-17	2.73e-14	2.62e-12	1.45e-10	7.31e-09	6.60e-06	3.83e-04	6.73e-03	3.86e-02	1.24e-01	1.93e-01	1.53e-01	1.34e-01	2.77e-01	6.85e-02	5.60e-03
 4.57789e+22	5.22e-31	4.92e-20	7.94e-17	3.40e-14	3.15e-12	1.67e-10	8.13e-09	7.40e-06	4.27e-04	7.43e-03	4.18e-02	1.31e-01	1.99e-01	1.54e-01	1.31e-01	2.66e-01	6.40e-02	5.10e-03
 4.58813e+22	7.91e-31	7.28e-20	1.12e-16	4.57e-14	4.01e-12	2.01e-10	9.34e-09	8.57e-06	4.92e-04	8.45e-03	4.63e-02	1.41e-01	2.08e-01	1.55e-01	1.28e-01	2.51e-01	5.83e-02	4.48e-03
 4.59846e+22	1.07e-30	9.71e-20	1.45e-16	5.70e-14	4.81e-12	2.32e-10	1.04e-08	9.57e-06	5.47e-04	9.28e-03	4.99e-02	1.48e-01	2.13e-01	1.55e-01	1.25e-01	2.40e-01	5.43e-02	4.06e-03
 4.60893e+22	1.63e-30	1.43e-19	2.06e-16	7.65e-14	6.13e-12	2.79e-10	1.19e-08	1.10e-05	6.27e-04	1.05e-02	5.50e-02	1.58e-01	2.21e-01	1.55e-01	1.21e-01	2.26e-01	4.91e-02	3.54e-03
 4.61959e+22	2.22e-30	1.92e-19	2.67e-16	9.55e-14	7.37e-12	3.23e-10	1.33e-08	1.23e-05	6.94e-04	1.15e-02	5.90e-02	1.66e-01	2.26e-01	1.55e-01	1.18e-01	2.15e-01	4.55e-02	3.19e-03
 4.63050e+22	3.33e-30	2.81e-19	3.74e-16	1.27e-13	9.35e-12	3.89e-10	1.53e-08	1.41e-05	7.90e-04	1.29e-02	6.46e-02	1.76e-01	2.33e-01	1.55e-01	1.13e-01	2.01e-01	4.10e-02	2.78e-03
 4.64177e+22	4.65e-30	3.84e-19	4.94e-16	1.61e-13	1.14e-11	4.53e-10	1.71e-08	1.57e-05	8.77e-04	1.42e-02	6.94e-02	1.84e-01	2.38e-01	1.54e-01	1.10e-01	1.90e-01	3.76e-02	2.47e-03
 4.65351e+22	7.10e-30	5.70e-19	7.02e-16	2.18e-13	1.46e-11	5.49e-10	1.98e-08	1.80e-05	9.97e-04	1.59e-02	7.58e-02	1.95e-01	2.44e-01	1.52e-01	1.05e-01	1.76e-01	3.36e-02	2.13e-03
 4.66552e+22	9.92e-30	7.79e-19	9.27e-16	2.76e-13	1.78e-11	6.42e-10	2.23e-08	2.00e-05	1.10e-03	1.73e-02	8.11e-02	2.03e-01	2.48e-01	1.51e-01	1.01e-01	1.66e-01	3.06e-02	1.88e-03
 4.67621e+22	1.37e-29	1.05e-18	1.21e-15	3.48e-13	2.15e-11	7.46e-10	2.50e-08	2.22e-05	1.21e-03	1.89e-02	8.64e-02	2.11e-01	2.51e-01	1.49e-01	9.72e-02	1.56e-01	2.80e-02	1.67e-03
 4.68843e+22	2.07e-29	1.55e-18	1.71e-15	4.67e-13	2.75e-11	9.04e-10	2.89e-08	2.53e-05	1.36e-03	2.09e-02	9.35e-02	2.21e-01	2.55e-01	1.46e-01	9.24e-02	1.44e-01	2.48e-02	1.43e-03
 4.70082e+22	2.86e-29	2.09e-18	2.23e-15	5.86e-13	3.32e-11	1.05e-09	3.24e-08	2.79e-05	1.49e-03	2.27e-02	9.92e-02	2.28e-01	2.57e-01	1.44e-01	8.87e-02	1.35e-01	2.26e-02	1.26e-03
 4.71343e+22	4.30e-29	3.05e-18	3.13e-15	7.83e-13	4.23e-11	1.27e-09	3.76e-08	3.16e-05	1.67e-03	2.50e-02	1.07e-01	2.38e-01	2.60e-01	1.40e-01	8.39e-02	1.24e-01	1.99e-02	1.07e-03
 4.72567e+22	5.73e-29	3.97e-18	3.97e-15	9.59e-13	5.02e-11	1.46e-09	4.17e-08	3.45e-05	1.81e-03	2.68e-02	1.12e-01	2.44e-01	2.61e-01	1.38e-01	8.06e-02	1.16e-01	1.83e-02	9.56e-04
 4.73745e+22	8.32e-29	5.61e-18	5.40e-15	1.25e-12	6.25e-11	1.74e-09	4.77e-08	3.85e-05	2.00e-03	2.92e-02	1.19e-01	2.52e-01	2.62e-01	1.34e-01	7.63e-02	1.07e-01	1.62e-02	8.21e-04
 4.74944e+22	1.11e-28	7.28e-18	6.82e-15	1.53e-12	7.41e-11	1.99e-09	5.30e-08	4.19e-05	2.16e-03	3.11e-02	1.25e-01	2.58e-01	2.63e-01	1.32e-01	7.31e-02	1.01e-01	1.48e-02	7.31e-04
 4.76173e+22	1.62e-28	1.03e-17	9.32e-15	1.99e-12	9.27e-11	2.38e-09	6.08e-08	4.68e-05	2.38e-03	3.38e-02	1.33e-01	2.65e-01	2.63e-01	1.28e-01	6.90e-02	9.22e-02	1.31e-02	6.23e-04
 4.77420e+22	2.14e-28	1.33e-17	1.17e-14	2.43e-12	1.10e-10	2.73e-09	6.76e-08	5.09e-05	2.56e-03	3.60e-02	1.39e-01	2.71e-01	2.62e-01	1.25e-01	6.59e-02	8.63e-02	1.20e-02	5.53e-04
 4.78689e+22	3.12e-28	1.88e-17	1.60e-14	3.17e-12	1.37e-10	3.26e-09	7.77e-08	5.67e-05	2.81e-03	3.90e-02	1.47e-01	2.78e-01	2.62e-01	1.20e-01	6.19e-02	7.88e-02	1.05e-02	4.70e-04
 4.79936e+22	4.04e-28	2.38e-17	1.97e-14	3.80e-12	1.60e-10	3.70e-09	8.58e-08	6.13e-05	3.00e-03	4.11e-02	1.53e-01	2.82e-01	2.60e-01	1.17e-01	5.92e-02	7.40e-02	9.63e-03	4.19e-04
 4.81154e+22	5.75e-28	3.28e-17	2.63e-14	4.87e-12	1.97e-10	4.37e-09	9.77e-08	6.78e-05	3.27e-03	4.42e-02	1.60e-01	2.88e-01	2.59e-01	1.13e-01	5.57e-02	6.77e-02	8.52e-03	3.59e-04
 4.82397e+22	7.48e-28	4.16e-17	3.25e-14	5.86e-12	2.31e-10	4.97e-09	1.08e-07	7.33e-05	3.50e-03	4.67e-02	1.66e-01	2.92e-01	2.57e-01	1.10e-01	5.31e-02	6.33e-02	7.77e-03	3.19e-04
 4.83672e+22	1.07e-27	5.73e-17	4.34e-14	7.51e-12	2.84e-10	5.89e-09	1.23e-07	8.10e-05	3.81e-03	5.00e-02	1.74e-01	2.97e-01	2.54e-01	1.06e-01	4.98e-02	5.78e-02	6.84e-03	2.71e-04
 4.84972e+22	1.39e-27	7.29e-17	5.39e-14	9.07e-12	3.34e-10	6.72e-09	1.37e-07	8.77e-05	4.07e-03	5.28e-02	1.81e-01	3.00e-01	2.52e-01	1.03e-01	4.73e-02	5.38e-02	6.21e-03	2.40e-04
 4.86303e+22	1.99e-27	1.01e-16	7.20e-14	1.16e-11	4.13e-10	7.99e-09	1.57e-07	9.71e-05	4.43e-03	5.65e-02	1.89e-01	3.05e-01	2.48e-01	9.82e-02	4.42e-02	4.89e-02	5.44e-03	2.03e-04
 4.87658e+22	5.03e-28	1.28e-16	8.96e-14	1.41e-11	4.86e-10	9.12e-09	1.74e-07	1.05e-04	4.73e-03	5.95e-02	1.95e-01	3.08e-01	2.45e-01	9.49e-02	4.19e-02	4.54e-02	4.92e-03	1.78e-04
 4.89043e+22	7.23e-28	1.77e-16	1.20e-13	1.81e-11	6.02e-10	1.09e-08	2.00e-07	1.17e-04	5.14e-03	6.36e-02	2.04e-01	3.11e-01	2.41e-01	9.05e-02	3.89e-02	4.10e-02	4.29e-03	1.50e-04
 4.90455e+22	9.56e-28	2.26e-16	1.49e-13	2.19e-11	7.09e-10	1.24e-08	2.23e-07	1.26e-04	5.49e-03	6.70e-02	2.11e-01	3.13e-01	2.38e-01	8.72e-02	3.68e-02	3.80e-02	3.86e-03	1.32e-04
 4.91900e+22	1.38e-27	3.13e-16	2.00e-13	2.82e-11	8.80e-10	1.48e-08	2.56e-07	1.40e-04	5.97e-03	7.15e-02	2.20e-01	3.16e-01	2.33e-01	8.28e-02	3.40e-02	3.42e-02	3.35e-03	1.10e-04
 4.93313e+22	1.77e-27	3.88e-16	2.43e-13	3.36e-11	1.02e-09	1.68e-08	2.83e-07	1.51e-04	6.33e-03	7.48e-02	2.26e-01	3.17e-01	2.29e-01	7.99e-02	3.23e-02	3.18e-02	3.04e-03	9.76e-05
 4.94683e+22	2.50e-27	5.26e-16	3.20e-13	4.25e-11	1.25e-09	1.98e-08	3.23e-07	1.66e-04	6.84e-03	7.93e-02	2.34e-01	3.19e-01	2.24e-01	7.59e-02	2.99e-02	2.87e-02	2.65e-03	8.22e-05
 4.96075e+22	3.22e-27	6.54e-16	3.90e-13	5.06e-11	1.45e-09	2.24e-08	3.56e-07	1.79e-04	7.26e-03	8.29e-02	2.40e-01	3.19e-01	2.20e-01	7.30e-02	2.83e-02	2.67e-02	2.40e-03	7.26e-05
 4.97496e+22	4.52e-27	8.79e-16	5.10e-13	6.38e-11	1.77e-09	2.65e-08	4.06e-07	1.98e-04	7.83e-03	8.78e-02	2.48e-01	3.20e-01	2.14e-01	6.92e-02	2.62e-02	2.41e-02	2.10e-03	6.12e-05
 4.98961e+22	5.96e-27	1.12e-15	6.33e-13	7.71e-11	2.09e-09	3.03e-08	4.53e-07	2.14e-04	8.34e-03	9.19e-02	2.55e-01	3.20e-01	2.10e-01	6.62e-02	2.46e-02	2.21e-02	1.87e-03	5.32e-05
 5.00484e+22	8.40e-27	1.50e-15	8.28e-13	9.76e-11	2.56e-09	3.58e-08	5.18e-07	2.37e-04	9.01e-03	9.73e-02	2.63e-01	3.20e-01	2.04e-01	6.25e-02	2.27e-02	1.99e-02	1.63e-03	4.47e-05
 5.02058e+22	1.13e-26	1.93e-15	1.04e-12	1.19e-10	3.04e-09	4.14e-08	5.81e-07	2.58e-04	9.62e-03	1.02e-01	2.70e-01	3.20e-01	1.99e-01	5.94e-02	2.12e-02	1.82e-02	1.44e-03	3.84e-05
 5.03696e+22	1.61e-26	2.63e-15	1.38e-12	1.52e-10	3.76e-09	4.94e-08	6.70e-07	2.86e-04	1.04e-02	1.08e-01	2.78e-01	3.19e-01	1.92e-01	5.58e-02	1.94e-02	1.62e-02	1.24e-03	3.18e-05
 5.05380e+22	2.18e-26	3.41e-15	1.74e-12	1.87e-10	4.49e-09	5.72e-08	7.55e-07	3.13e-04	1.11e-02	1.13e-01	2.85e-01	3.17e-01	1.87e-01	5.28e-02	1.80e-02	1.47e-02	1.09e-03	2.72e-05
 5.07123e+22	3.17e-26	4.69e-15	2.33e-12	2.42e-10	5.59e-09	6.88e-08	8.76e-07	3.49e-04	1.21e-02	1.20e-01	2.93e-01	3.15e-01	1.80e-01	4.93e-02	1.64e-02	1.30e-02	9.29e-04	2.23e-05
 5.08925e+22	4.35e-26	6.14e-15	2.97e-12	3.00e-10	6.74e-09	8.04e-08	9.93e-07	3.83e-04	1.30e-02	1.26e-01	3.00e-01	3.13e-01	1.74e-01	4.64e-02	1.52e-02	1.17e-02	8.10e-04	1.88e-05
 5.10803e+22	6.42e-26	8.57e-15	4.03e-12	3.92e-10	8.49e-09	9.75e-08	1.16e-06	4.30e-04	1.41e-02	1.33e-01	3.09e-01	3.10e-01	1.66e-01	4.30e-02	1.37e-02	1.03e-02	6.82e-04	1.52e-05
 5.12727e+22	8.91e-26	1.13e-14	5.19e-12	4.89e-10	1.03e-08	1.14e-07	1.32e-06	4.73e-04	1.52e-02	1.40e-01	3.15e-01	3.06e-01	1.60e-01	4.02e-02	1.25e-02	9.19e-03	5.89e-04	1.27e-05
 5.14452e+22	1.21e-25	1.47e-14	6.59e-12	6.05e-10	1.24e-08	1.34e-07	1.50e-06	5.19e-04	1.62e-02	1.46e-01	3.22e-01	3.03e-01	1.54e-01	3.78e-02	1.15e-02	8.26e-03	5.13e-04	1.07e-05
 5.16434e+22	1.84e-25	2.10e-14	9.10e-12	8.03e-10	1.58e-08	1.64e-07	1.76e-06	5.86e-04	1.77e-02	1.55e-01	3.30e-01	2.98e-01	1.46e-01	3.46e-02	1.03e-02	7.13e-03	4.24e-04	8.49e-06
 5.18428e+22	2.51e-25	2.72e-14	1.15e-11	9.91e-10	1.90e-08	1.91e-07	2.00e-06	6.42e-04	1.90e-02	1.62e-01	3.35e-01	2.94e-01	1.41e-01	3.24e-02	9.44e-03	6.39e-03	3.68e-04	7.14e-06
 5.20438e+22	3.78e-25	3.85e-14	1.58e-11	1.31e-09	2.41e-08	2.33e-07	2.35e-06	7.23e-04	2.07e-02	1.71e-01	3.43e-01	2.88e-01	1.33e-01	2.96e-02	8.41e-03	5.51e-03	3.04e-04	5.64e-06
 5.22491e+22	5.27e-25	5.09e-14	2.04e-11	1.64e-09	2.93e-08	2.75e-07	2.68e-06	7.96e-04	2.21e-02	1.79e-01	3.48e-01	2.83e-01	1.27e-01	2.74e-02	7.64e-03	4.88e-03	2.60e-04	4.66e-06
 5.24599e+22	8.03e-25	7.28e-14	2.83e-11	2.18e-09	3.75e-08	3.38e-07	3.17e-06	8.99e-04	2.41e-02	1.89e-01	3.55e-01	2.76e-01	1.19e-01	2.49e-02	6.75e-03	4.17e-03	2.12e-04	3.64e-06
 5.26739e+22	1.13e-24	9.70e-14	3.67e-11	2.74e-09	4.58e-08	3.99e-07	3.62e-06	9.92e-04	2.59e-02	1.97e-01	3.60e-01	2.70e-01	1.13e-01	2.29e-02	6.10e-03	3.67e-03	1.80e-04	2.97e-06
 5.28922e+22	1.75e-24	1.41e-13	5.15e-11	3.69e-09	5.92e-08	4.95e-07	4.31e-06	1.12e-03	2.83e-02	2.08e-01	3.65e-01	2.62e-01	1.06e-01	2.06e-02	5.33e-03	3.09e-03	1.45e-04	2.28e-06
 5.30985e+22	2.34e-24	1.80e-13	6.43e-11	4.48e-09	7.02e-08	5.71e-07	4.84e-06	1.22e-03	3.00e-02	2.15e-01	3.69e-01	2.57e-01	1.01e-01	1.92e-02	4.88e-03	2.76e-03	1.25e-04	1.91e-06
 5.32894e+22	3.44e-24	2.49e-13	8.65e-11	5.81e-09	8.80e-08	6.89e-07	5.64e-06	1.36e-03	3.23e-02	2.25e-01	3.73e-01	2.49e-01	9.47e-02	1.74e-02	4.32e-03	2.37e-03	1.03e-04	1.50e-06
 5.34817e+22	4.59e-24	3.18e-13	1.08e-10	7.07e-09	1.04e-07	7.95e-07	6.33e-06	1.48e-03	3.42e-02	2.33e-01	3.76e-01	2.43e-01	9.01e-02	1.61e-02	3.94e-03	2.11e-03	8.85e-05	1.25e-06
 5.36761e+22	6.80e-24	4.43e-13	1.46e-10	9.20e-09	1.31e-07	9.63e-07	7.40e-06	1.66e-03	3.69e-02	2.43e-01	3.79e-01	2.35e-01	8.40e-02	1.45e-02	3.46e-03	1.79e-03	7.20e-05	9.75e-07
 5.38723e+22	9.17e-24	5.71e-13	1.84e-10	1.13e-08	1.56e-07	1.12e-06	8.35e-06	1.80e-03	3.91e-02	2.51e-01	3.82e-01	2.28e-01	7.95e-02	1.34e-02	3.14e-03	1.58e-03	6.14e-05	8.04e-07
 5.40707e+22	1.36e-23	7.98e-13	2.49e-10	1.47e-08	1.97e-07	1.36e-06	9.79e-06	2.02e-03	4.22e-02	2.62e-01	3.84e-01	2.20e-01	7.37e-02	1.20e-02	2.74e-03	1.34e-03	4.94e-05	6.19e-07
 5.42720e+22	1.85e-23	1.03e-12	3.15e-10	1.80e-08	2.36e-07	1.58e-06	1.11e-05	2.20e-03	4.48e-02	2.71e-01	3.85e-01	2.13e-01	6.94e-02	1.10e-02	2.47e-03	1.17e-03	4.18e-05	5.04e-07
 5.44768e+22	2.78e-23	1.46e-12	4.30e-10	2.37e-08	3.01e-07	1.94e-06	1.31e-05	2.47e-03	4.84e-02	2.83e-01	3.87e-01	2.03e-01	6.38e-02	9.71e-03	2.14e-03	9.76e-04	3.31e-05	3.81e-07
 5.46845e+22	3.80e-23	1.90e-12	5.46e-10	2.93e-08	3.62e-07	2.26e-06	1.49e-05	2.71e-03	5.14e-02	2.92e-01	3.87e-01	1.96e-01	5.98e-02	8.83e-03	1.91e-03	8.48e-04	2.77e-05	3.07e-07
 5.48958e+22	5.73e-23	2.68e-12	7.48e-10	3.86e-08	4.62e-07	2.79e-06	1.76e-05	3.05e-03	5.56e-02	3.04e-01	3.87e-01	1.86e-01	5.46e-02	7.76e-03	1.64e-03	7.00e-04	2.17e-05	2.29e-07
 5.51117e+22	7.96e-23	3.54e-12	9.62e-10	4.82e-08	5.62e-07	3.30e-06	2.03e-05	3.36e-03	5.92e-02	3.14e-01	3.86e-01	1.78e-01	5.06e-02	6.98e-03	1.45e-03	5.98e-04	1.78e-05	1.80e-07
 5.53337e+22	1.21e-22	5.05e-12	1.33e-09	6.42e-08	7.26e-07	4.10e-06	2.43e-05	3.81e-03	6.42e-02	3.27e-01	3.84e-01	1.68e-01	4.57e-02	6.05e-03	1.23e-03	4.85e-04	1.37e-05	1.31e-07
 5.55599e+22	1.70e-22	6.70e-12	1.72e-09	8.06e-08	8.90e-07	4.88e-06	2.81e-05	4.22e-03	6.85e-02	3.37e-01	3.82e-01	1.59e-01	4.20e-02	5.38e-03	1.07e-03	4.09e-04	1.11e-05	0.00e+00
 5.57839e+22	2.55e-22	9.40e-12	2.34e-09	1.06e-07	1.14e-06	6.05e-06	3.37e-05	4.77e-03	7.41e-02	3.50e-01	3.78e-01	1.49e-01	3.78e-02	4.64e-03	9.07e-04	3.31e-04	8.45e-06	0.00e+00
 5.59969e+22	3.41e-22	1.20e-11	2.92e-09	1.30e-07	1.37e-06	7.06e-06	3.83e-05	5.22e-03	7.84e-02	3.59e-01	3.75e-01	1.42e-01	3.49e-02	4.16e-03	8.02e-04	2.83e-04	6.95e-06	0.00e+00
 5.62030e+22	4.94e-22	1.63e-11	3.88e-09	1.67e-07	1.73e-06	8.66e-06	4.56e-05	5.88e-03	8.44e-02	3.71e-01	3.70e-01	1.33e-01	3.13e-02	3.59e-03	6.79e-04	2.29e-04	5.34e-06	0.00e+00
 5.64130e+22	6.63e-22	2.07e-11	4.84e-09	2.05e-07	2.08e-06	1.02e-05	5.23e-05	6.46e-03	8.94e-02	3.80e-01	3.66e-01	1.25e-01	2.87e-02	3.19e-03	5.93e-04	1.94e-04	4.32e-06	0.00e+00
 5.66187e+22	9.35e-22	2.75e-11	6.30e-09	2.60e-07	2.59e-06	1.24e-05	6.18e-05	7.24e-03	9.59e-02	3.91e-01	3.60e-01	1.17e-01	2.57e-02	2.75e-03	5.03e-04	1.57e-04	3.33e-06	0.00e+00
 5.68287e+22	1.25e-21	3.49e-11	7.87e-09	3.20e-07	3.13e-06	1.46e-05	7.15e-05	8.00e-03	1.02e-01	4.01e-01	3.54e-01	1.09e-01	2.33e-02	2.41e-03	4.35e-04	1.31e-04	2.65e-06	0.00e+00
 5.70333e+22	1.71e-21	4.49e-11	9.97e-09	3.98e-07	3.85e-06	1.76e-05	8.39e-05	8.92e-03	1.09e-01	4.11e-01	3.46e-01	1.02e-01	2.09e-02	2.09e-03	3.70e-04	1.07e-04	2.06e-06	0.00e+00
 5.72420e+22	2.29e-21	5.67e-11	1.24e-08	4.89e-07	4.68e-06	2.09e-05	9.76e-05	9.88e-03	1.16e-01	4.20e-01	3.39e-01	9.46e-02	1.88e-02	1.81e-03	3.16e-04	8.79e-05	1.62e-06	0.00e+00
 5.74488e+22	3.05e-21	7.14e-11	1.55e-08	6.03e-07	5.70e-06	2.49e-05	1.14e-04	1.10e-02	1.23e-01	4.29e-01	3.30e-01	8.76e-02	1.68e-02	1.56e-03	2.69e-04	7.17e-05	1.25e-06	0.00e+00
 5.76567e+22	4.03e-21	8.86e-11	1.91e-08	7.36e-07	6.90e-06	2.95e-05	1.33e-04	1.22e-02	1.31e-01	4.38e-01	3.22e-01	8.10e-02	1.50e-02	1.35e-03	2.29e-04	5.86e-05	9.76e-07	0.00e+00
 5.78622e+22	5.26e-21	1.09e-10	2.34e-08	8.94e-07	8.32e-06	3.50e-05	1.55e-04	1.35e-02	1.38e-01	4.45e-01	3.13e-01	7.48e-02	1.34e-02	1.16e-03	1.94e-04	4.78e-05	7.59e-07	0.00e+00
 5.80673e+22	6.82e-21	1.33e-10	2.84e-08	1.08e-06	1.00e-05	4.14e-05	1.80e-04	1.49e-02	1.47e-01	4.53e-01	3.04e-01	6.90e-02	1.19e-02	1.00e-03	1.65e-04	3.90e-05	5.90e-07	0.00e+00
 5.82729e+22	8.78e-21	1.61e-10	3.44e-08	1.30e-06	1.20e-05	4.88e-05	2.09e-04	1.65e-02	1.55e-01	4.59e-01	2.94e-01	6.35e-02	1.06e-02	8.62e-04	1.40e-04	3.17e-05	4.58e-07	0.00e+00
 5.84794e+22	1.12e-20	1.93e-10	4.14e-08	1.57e-06	1.44e-05	5.75e-05	2.43e-04	1.82e-02	1.64e-01	4.65e-01	2.84e-01	5.83e-02	9.41e-03	7.40e-04	1.18e-04	2.58e-05	3.55e-07	0.00e+00
 5.86871e+22	1.43e-20	2.30e-10	4.97e-08	1.87e-06	1.72e-05	6.76e-05	2.82e-04	2.01e-02	1.73e-01	4.70e-01	2.74e-01	5.34e-02	8.33e-03	6.34e-04	9.98e-05	2.09e-05	2.74e-07	0.00e+00
 5.88968e+22	1.81e-20	2.73e-10	5.93e-08	2.24e-06	2.05e-05	7.95e-05	3.28e-04	2.22e-02	1.83e-01	4.75e-01	2.63e-01	4.88e-02	7.37e-03	5.42e-04	8.41e-05	1.69e-05	2.11e-07	0.00e+00
