#depth	Ne	Ne+	Ne+2	Ne+3	Ne+4	Ne+5	Ne+6	Ne+7	Ne+8	Ne+9	Ne+10
 4.62852e+21	0.00e+00	0.00e+00	0.00e+00	2.87e-28	3.05e-23	7.90e-19	8.08e-15	5.19e-11	1.15e-06	2.13e-03	9.98e-01
 1.05336e+22	0.00e+00	0.00e+00	0.00e+00	3.39e-27	2.53e-22	4.66e-18	3.35e-14	1.51e-10	2.34e-06	3.05e-03	9.97e-01
 1.26725e+22	0.00e+00	0.00e+00	6.83e-32	1.77e-26	1.04e-21	1.52e-17	8.65e-14	3.09e-10	3.76e-06	3.86e-03	9.96e-01
 1.42246e+22	0.00e+00	0.00e+00	3.05e-31	6.56e-26	3.22e-21	3.88e-17	1.84e-13	5.45e-10	5.50e-06	4.67e-03	9.95e-01
 1.50869e+22	0.00e+00	0.00e+00	4.44e-31	9.12e-26	4.27e-21	4.92e-17	2.22e-13	6.29e-10	6.05e-06	4.89e-03	9.95e-01
 1.54310e+22	0.00e+00	0.00e+00	6.44e-31	1.26e-25	5.64e-21	6.20e-17	2.68e-13	7.24e-10	6.64e-06	5.13e-03	9.95e-01
 1.58258e+22	0.00e+00	0.00e+00	1.03e-30	1.90e-25	8.01e-21	8.31e-17	3.39e-13	8.64e-10	7.48e-06	5.44e-03	9.95e-01
 1.62276e+22	0.00e+00	0.00e+00	1.52e-30	2.68e-25	1.08e-20	1.06e-16	4.13e-13	1.00e-09	8.26e-06	5.72e-03	9.94e-01
 1.65748e+22	0.00e+00	0.00e+00	2.20e-30	3.71e-25	1.42e-20	1.34e-16	4.98e-13	1.15e-09	9.07e-06	5.99e-03	9.94e-01
 1.69622e+22	0.00e+00	0.00e+00	3.41e-30	5.44e-25	1.98e-20	1.77e-16	6.21e-13	1.36e-09	1.01e-05	6.33e-03	9.94e-01
 1.73664e+22	0.00e+00	0.00e+00	5.16e-30	7.83e-25	2.70e-20	2.29e-16	7.66e-13	1.60e-09	1.13e-05	6.67e-03	9.93e-01
 1.77140e+22	0.00e+00	0.00e+00	7.43e-30	1.08e-24	3.55e-20	2.88e-16	9.20e-13	1.83e-09	1.24e-05	6.99e-03	9.93e-01
 1.80875e+22	0.00e+00	0.00e+00	1.14e-29	1.56e-24	4.89e-20	3.76e-16	1.14e-12	2.16e-09	1.38e-05	7.38e-03	9.93e-01
 1.84516e+22	0.00e+00	0.00e+00	1.63e-29	2.14e-24	6.41e-20	4.72e-16	1.37e-12	2.47e-09	1.51e-05	7.72e-03	9.92e-01
 1.87401e+22	0.00e+00	0.00e+00	2.20e-29	2.79e-24	8.04e-20	5.70e-16	1.59e-12	2.77e-09	1.63e-05	8.02e-03	9.92e-01
 1.90519e+22	0.00e+00	0.00e+00	3.11e-29	3.78e-24	1.04e-19	7.09e-16	1.90e-12	3.17e-09	1.78e-05	8.38e-03	9.92e-01
 1.93919e+22	0.00e+00	0.00e+00	4.38e-29	5.10e-24	1.36e-19	8.82e-16	2.26e-12	3.61e-09	1.94e-05	8.75e-03	9.91e-01
 1.97111e+22	0.00e+00	0.00e+00	6.13e-29	6.85e-24	1.74e-19	1.09e-15	2.68e-12	4.10e-09	2.11e-05	9.13e-03	9.91e-01
 2.00137e+22	0.00e+00	0.00e+00	8.47e-29	9.09e-24	2.23e-19	1.33e-15	3.15e-12	4.64e-09	2.30e-05	9.51e-03	9.90e-01
 2.03069e+22	0.00e+00	0.00e+00	1.15e-28	1.19e-23	2.81e-19	1.62e-15	3.69e-12	5.22e-09	2.48e-05	9.89e-03	9.90e-01
 2.06430e+22	0.00e+00	0.00e+00	1.67e-28	1.65e-23	3.72e-19	2.05e-15	4.46e-12	6.03e-09	2.73e-05	1.04e-02	9.90e-01
 2.09965e+22	0.00e+00	0.00e+00	2.41e-28	2.27e-23	4.89e-19	2.58e-15	5.36e-12	6.92e-09	3.00e-05	1.09e-02	9.89e-01
 2.13005e+22	0.00e+00	0.00e+00	3.31e-28	3.01e-23	6.22e-19	3.15e-15	6.29e-12	7.82e-09	3.25e-05	1.13e-02	9.89e-01
 2.15636e+22	0.00e+00	0.00e+00	4.37e-28	3.83e-23	7.66e-19	3.74e-15	7.24e-12	8.69e-09	3.48e-05	1.17e-02	9.88e-01
 2.18457e+22	0.00e+00	0.00e+00	5.94e-28	5.02e-23	9.65e-19	4.55e-15	8.46e-12	9.78e-09	3.77e-05	1.22e-02	9.88e-01
 2.21519e+22	0.00e+00	0.00e+00	8.12e-28	6.60e-23	1.22e-18	5.54e-15	9.91e-12	1.10e-08	4.08e-05	1.27e-02	9.87e-01
 2.24335e+22	0.00e+00	1.91e-33	1.09e-27	8.52e-23	1.52e-18	6.65e-15	1.15e-11	1.23e-08	4.40e-05	1.31e-02	9.87e-01
 2.27436e+22	0.00e+00	2.81e-33	1.53e-27	1.15e-22	1.97e-18	8.27e-15	1.37e-11	1.41e-08	4.80e-05	1.37e-02	9.86e-01
 2.30575e+22	0.00e+00	4.03e-33	2.11e-27	1.53e-22	2.51e-18	1.01e-14	1.61e-11	1.59e-08	5.21e-05	1.43e-02	9.86e-01
 2.33180e+22	0.00e+00	5.47e-33	2.77e-27	1.94e-22	3.08e-18	1.20e-14	1.85e-11	1.76e-08	5.58e-05	1.48e-02	9.85e-01
 2.35980e+22	0.00e+00	7.76e-33	3.79e-27	2.55e-22	3.90e-18	1.46e-14	2.16e-11	1.99e-08	6.05e-05	1.54e-02	9.85e-01
 2.39005e+22	0.00e+00	1.11e-32	5.20e-27	3.37e-22	4.96e-18	1.78e-14	2.54e-11	2.24e-08	6.56e-05	1.60e-02	9.84e-01
 2.41755e+22	0.00e+00	1.52e-32	6.87e-27	4.30e-22	6.11e-18	2.13e-14	2.93e-11	2.50e-08	7.04e-05	1.66e-02	9.83e-01
 2.44254e+22	0.00e+00	2.03e-32	8.91e-27	5.40e-22	7.44e-18	2.51e-14	3.34e-11	2.76e-08	7.53e-05	1.72e-02	9.83e-01
 2.46628e+22	0.00e+00	2.67e-32	1.14e-26	6.70e-22	8.95e-18	2.93e-14	3.79e-11	3.03e-08	8.01e-05	1.77e-02	9.82e-01
 2.49349e+22	0.00e+00	3.71e-32	1.53e-26	8.66e-22	1.12e-17	3.52e-14	4.40e-11	3.39e-08	8.64e-05	1.84e-02	9.82e-01
 2.52247e+22	0.00e+00	5.20e-32	2.06e-26	1.13e-21	1.40e-17	4.25e-14	5.12e-11	3.80e-08	9.33e-05	1.91e-02	9.81e-01
 2.54807e+22	0.00e+00	7.01e-32	2.69e-26	1.42e-21	1.71e-17	5.03e-14	5.86e-11	4.21e-08	9.98e-05	1.97e-02	9.80e-01
 2.57567e+22	0.00e+00	9.91e-32	3.66e-26	1.87e-21	2.16e-17	6.12e-14	6.86e-11	4.75e-08	1.08e-04	2.05e-02	9.79e-01
 2.60387e+22	0.00e+00	1.37e-31	4.87e-26	2.40e-21	2.68e-17	7.32e-14	7.93e-11	5.29e-08	1.16e-04	2.13e-02	9.79e-01
 2.62777e+22	0.00e+00	1.81e-31	6.25e-26	2.98e-21	3.23e-17	8.57e-14	9.00e-11	5.82e-08	1.24e-04	2.20e-02	9.78e-01
 2.65379e+22	0.00e+00	2.50e-31	8.34e-26	3.84e-21	4.02e-17	1.03e-13	1.04e-10	6.51e-08	1.33e-04	2.28e-02	9.77e-01
 2.68177e+22	0.00e+00	3.47e-31	1.12e-25	4.96e-21	5.01e-17	1.24e-13	1.21e-10	7.28e-08	1.44e-04	2.36e-02	9.76e-01
 2.70707e+22	0.00e+00	4.62e-31	1.44e-25	6.21e-21	6.08e-17	1.45e-13	1.38e-10	8.03e-08	1.53e-04	2.44e-02	9.75e-01
 2.73047e+22	0.00e+00	6.11e-31	1.85e-25	7.73e-21	7.33e-17	1.70e-13	1.56e-10	8.84e-08	1.64e-04	2.52e-02	9.75e-01
 2.75311e+22	0.00e+00	7.94e-31	2.34e-25	9.49e-21	8.75e-17	1.97e-13	1.76e-10	9.67e-08	1.74e-04	2.60e-02	9.74e-01
 2.77905e+22	0.00e+00	1.09e-30	3.10e-25	1.22e-20	1.08e-16	2.36e-13	2.03e-10	1.08e-07	1.87e-04	2.69e-02	9.73e-01
 2.80662e+22	0.00e+00	1.50e-30	4.12e-25	1.56e-20	1.34e-16	2.82e-13	2.35e-10	1.20e-07	2.01e-04	2.79e-02	9.72e-01
 2.83122e+22	0.00e+00	2.02e-30	5.36e-25	1.97e-20	1.64e-16	3.33e-13	2.68e-10	1.33e-07	2.15e-04	2.88e-02	9.71e-01
 2.85812e+22	0.00e+00	2.82e-30	7.23e-25	2.56e-20	2.05e-16	4.03e-13	3.13e-10	1.49e-07	2.32e-04	2.99e-02	9.70e-01
 2.88667e+22	0.00e+00	3.95e-30	9.75e-25	3.32e-20	2.57e-16	4.86e-13	3.64e-10	1.67e-07	2.50e-04	3.11e-02	9.69e-01
 2.91084e+22	0.00e+00	5.23e-30	1.25e-24	4.14e-20	3.10e-16	5.69e-13	4.13e-10	1.84e-07	2.67e-04	3.21e-02	9.68e-01
 2.93573e+22	0.00e+00	7.17e-30	1.66e-24	5.30e-20	3.84e-16	6.81e-13	4.77e-10	2.05e-07	2.87e-04	3.32e-02	9.66e-01
 2.96230e+22	0.00e+00	9.75e-30	2.18e-24	6.73e-20	4.72e-16	8.09e-13	5.49e-10	2.28e-07	3.08e-04	3.44e-02	9.65e-01
 2.98654e+22	0.00e+00	1.30e-29	2.82e-24	8.44e-20	5.73e-16	9.52e-13	6.25e-10	2.52e-07	3.29e-04	3.55e-02	9.64e-01
 3.01357e+22	0.00e+00	1.84e-29	3.83e-24	1.10e-19	7.22e-16	1.16e-12	7.31e-10	2.83e-07	3.56e-04	3.69e-02	9.63e-01
 3.04196e+22	0.00e+00	2.61e-29	5.23e-24	1.45e-19	9.14e-16	1.41e-12	8.56e-10	3.19e-07	3.85e-04	3.84e-02	9.61e-01
 3.06538e+22	0.00e+00	3.38e-29	6.58e-24	1.78e-19	1.09e-15	1.63e-12	9.63e-10	3.48e-07	4.08e-04	3.95e-02	9.60e-01
 3.08910e+22	0.00e+00	4.64e-29	8.73e-24	2.27e-19	1.34e-15	1.94e-12	1.11e-09	3.88e-07	4.38e-04	4.09e-02	9.59e-01
 3.11461e+22	0.00e+00	6.27e-29	1.14e-23	2.88e-19	1.65e-15	2.30e-12	1.27e-09	4.29e-07	4.69e-04	4.23e-02	9.57e-01
 3.13850e+22	0.00e+00	8.42e-29	1.48e-23	3.62e-19	2.00e-15	2.72e-12	1.45e-09	4.74e-07	5.01e-04	4.37e-02	9.56e-01
 3.16560e+22	0.00e+00	1.20e-28	2.03e-23	4.77e-19	2.54e-15	3.32e-12	1.71e-09	5.35e-07	5.44e-04	4.55e-02	9.54e-01
 3.19364e+22	0.00e+00	1.72e-28	2.79e-23	6.30e-19	3.23e-15	4.05e-12	2.00e-09	6.03e-07	5.88e-04	4.72e-02	9.52e-01
 3.21628e+22	0.00e+00	2.24e-28	3.53e-23	7.75e-19	3.86e-15	4.70e-12	2.25e-09	6.59e-07	6.25e-04	4.86e-02	9.51e-01
 3.23909e+22	0.00e+00	3.08e-28	4.70e-23	9.94e-19	4.78e-15	5.62e-12	2.60e-09	7.34e-07	6.71e-04	5.04e-02	9.49e-01
 3.26368e+22	0.00e+00	4.15e-28	6.11e-23	1.25e-18	5.83e-15	6.63e-12	2.97e-09	8.11e-07	7.17e-04	5.20e-02	9.47e-01
 3.28702e+22	0.00e+00	5.63e-28	8.02e-23	1.59e-18	7.15e-15	7.87e-12	3.41e-09	8.98e-07	7.67e-04	5.38e-02	9.45e-01
 3.31015e+22	3.64e-34	7.67e-28	1.05e-22	2.02e-18	8.78e-15	9.35e-12	3.91e-09	9.94e-07	8.21e-04	5.56e-02	9.44e-01
 3.33659e+22	5.63e-34	1.13e-27	1.49e-22	2.73e-18	1.14e-14	1.16e-11	4.65e-09	1.13e-06	8.95e-04	5.79e-02	9.41e-01
 3.36225e+22	7.87e-34	1.53e-27	1.95e-22	3.45e-18	1.39e-14	1.38e-11	5.32e-09	1.25e-06	9.57e-04	5.98e-02	9.39e-01
 3.38318e+22	1.10e-33	2.06e-27	2.53e-22	4.34e-18	1.70e-14	1.62e-11	6.06e-09	1.38e-06	1.02e-03	6.17e-02	9.37e-01
 3.40667e+22	1.59e-33	2.88e-27	3.41e-22	5.64e-18	2.12e-14	1.95e-11	7.03e-09	1.54e-06	1.10e-03	6.40e-02	9.35e-01
 3.43163e+22	2.33e-33	4.05e-27	4.61e-22	7.34e-18	2.66e-14	2.36e-11	8.17e-09	1.72e-06	1.18e-03	6.63e-02	9.33e-01
 3.45381e+22	3.26e-33	5.47e-27	6.02e-22	9.26e-18	3.25e-14	2.79e-11	9.33e-09	1.90e-06	1.26e-03	6.84e-02	9.30e-01
 3.47431e+22	4.55e-33	7.37e-27	7.84e-22	1.17e-17	3.96e-14	3.29e-11	1.06e-08	2.09e-06	1.35e-03	7.05e-02	9.28e-01
 3.49415e+22	6.18e-33	9.71e-27	1.00e-21	1.44e-17	4.76e-14	3.83e-11	1.20e-08	2.29e-06	1.43e-03	7.26e-02	9.26e-01
 3.51679e+22	9.19e-33	1.38e-26	1.37e-21	1.90e-17	6.03e-14	4.67e-11	1.40e-08	2.57e-06	1.54e-03	7.53e-02	9.23e-01
 3.54020e+22	1.32e-32	1.91e-26	1.83e-21	2.44e-17	7.47e-14	5.59e-11	1.62e-08	2.85e-06	1.65e-03	7.78e-02	9.21e-01
 3.56074e+22	1.86e-32	2.61e-26	2.40e-21	3.10e-17	9.17e-14	6.62e-11	1.85e-08	3.15e-06	1.76e-03	8.03e-02	9.18e-01
 3.58358e+22	2.84e-32	3.79e-26	3.35e-21	4.15e-17	1.18e-13	8.15e-11	2.18e-08	3.55e-06	1.91e-03	8.34e-02	9.15e-01
 3.60706e+22	4.10e-32	5.27e-26	4.48e-21	5.35e-17	1.46e-13	9.78e-11	2.52e-08	3.95e-06	2.05e-03	8.62e-02	9.12e-01
 3.62717e+22	5.75e-32	7.14e-26	5.86e-21	6.76e-17	1.79e-13	1.16e-10	2.87e-08	4.35e-06	2.18e-03	8.88e-02	9.09e-01
 3.64616e+22	7.94e-32	9.54e-26	7.56e-21	8.45e-17	2.17e-13	1.36e-10	3.26e-08	4.77e-06	2.32e-03	9.14e-02	9.06e-01
 3.66788e+22	1.20e-31	1.38e-25	1.05e-20	1.12e-16	2.77e-13	1.66e-10	3.82e-08	5.36e-06	2.50e-03	9.48e-02	9.03e-01
 3.69016e+22	1.74e-31	1.92e-25	1.40e-20	1.45e-16	3.44e-13	1.99e-10	4.41e-08	5.95e-06	2.68e-03	9.79e-02	8.99e-01
 3.70965e+22	2.46e-31	2.62e-25	1.85e-20	1.84e-16	4.23e-13	2.36e-10	5.05e-08	6.57e-06	2.86e-03	1.01e-01	8.96e-01
 3.73145e+22	3.81e-31	3.88e-25	2.61e-20	2.50e-16	5.48e-13	2.93e-10	5.98e-08	7.43e-06	3.10e-03	1.05e-01	8.92e-01
 3.75302e+22	5.36e-31	5.27e-25	3.43e-20	3.16e-16	6.72e-13	3.47e-10	6.83e-08	8.19e-06	3.30e-03	1.08e-01	8.89e-01
 3.77428e+22	8.31e-31	7.80e-25	4.85e-20	4.28e-16	8.70e-13	4.31e-10	8.08e-08	9.25e-06	3.57e-03	1.12e-01	8.84e-01
 3.79582e+22	1.18e-30	1.07e-24	6.40e-20	5.45e-16	1.07e-12	5.12e-10	9.25e-08	1.02e-05	3.81e-03	1.15e-01	8.81e-01
 3.81459e+22	1.68e-30	1.47e-24	8.47e-20	6.96e-16	1.32e-12	6.09e-10	1.06e-07	1.13e-05	4.06e-03	1.19e-01	8.77e-01
 3.83308e+22	2.35e-30	1.97e-24	1.10e-19	8.76e-16	1.61e-12	7.18e-10	1.21e-07	1.24e-05	4.31e-03	1.22e-01	8.73e-01
 3.85429e+22	3.62e-30	2.91e-24	1.55e-19	1.18e-15	2.08e-12	8.88e-10	1.42e-07	1.40e-05	4.66e-03	1.27e-01	8.68e-01
 3.87603e+22	5.32e-30	4.11e-24	2.11e-19	1.54e-15	2.61e-12	1.07e-09	1.65e-07	1.56e-05	5.00e-03	1.31e-01	8.64e-01
 3.89498e+22	7.63e-30	5.67e-24	2.80e-19	1.98e-15	3.23e-12	1.28e-09	1.90e-07	1.72e-05	5.33e-03	1.35e-01	8.60e-01
 3.91330e+22	1.09e-29	7.83e-24	3.73e-19	2.54e-15	4.00e-12	1.53e-09	2.18e-07	1.90e-05	5.68e-03	1.39e-01	8.55e-01
 3.93425e+22	1.71e-29	1.17e-23	5.30e-19	3.44e-15	5.20e-12	1.90e-09	2.58e-07	2.15e-05	6.15e-03	1.44e-01	8.50e-01
 3.95573e+22	2.49e-29	1.64e-23	7.14e-19	4.47e-15	6.50e-12	2.29e-09	2.98e-07	2.39e-05	6.58e-03	1.48e-01	8.45e-01
 3.97788e+22	4.05e-29	2.53e-23	1.05e-18	6.25e-15	8.66e-12	2.90e-09	3.59e-07	2.73e-05	7.16e-03	1.54e-01	8.39e-01
 4.00020e+22	6.04e-29	3.61e-23	1.44e-18	8.23e-15	1.10e-11	3.53e-09	4.18e-07	3.04e-05	7.68e-03	1.59e-01	8.33e-01
 4.01854e+22	8.54e-29	4.92e-23	1.89e-18	1.04e-14	1.34e-11	4.18e-09	4.77e-07	3.35e-05	8.16e-03	1.64e-01	8.28e-01
 4.03818e+22	1.33e-28	7.30e-23	2.68e-18	1.41e-14	1.74e-11	5.18e-09	5.64e-07	3.77e-05	8.81e-03	1.69e-01	8.22e-01
 4.05822e+22	1.93e-28	1.02e-22	3.61e-18	1.83e-14	2.18e-11	6.23e-09	6.50e-07	4.18e-05	9.40e-03	1.74e-01	8.16e-01
 4.07449e+22	2.64e-28	1.35e-22	4.61e-18	2.27e-14	2.61e-11	7.25e-09	7.31e-07	4.55e-05	9.91e-03	1.78e-01	8.12e-01
 4.09138e+22	3.88e-28	1.91e-22	6.26e-18	2.96e-14	3.29e-11	8.76e-09	8.47e-07	5.05e-05	1.06e-02	1.84e-01	8.06e-01
 4.10753e+22	5.19e-28	2.48e-22	7.87e-18	3.62e-14	3.90e-11	1.01e-08	9.45e-07	5.46e-05	1.11e-02	1.88e-01	8.01e-01
 4.12052e+22	6.93e-28	3.21e-22	9.88e-18	4.41e-14	4.62e-11	1.16e-08	1.05e-06	5.90e-05	1.17e-02	1.92e-01	7.97e-01
 4.13326e+22	9.08e-28	4.08e-22	1.22e-17	5.31e-14	5.41e-11	1.32e-08	1.17e-06	6.34e-05	1.22e-02	1.96e-01	7.92e-01
 4.14571e+22	1.16e-27	5.09e-22	1.49e-17	6.29e-14	6.25e-11	1.49e-08	1.28e-06	6.77e-05	1.27e-02	1.99e-01	7.88e-01
 4.15977e+22	1.62e-27	6.85e-22	1.93e-17	7.91e-14	7.61e-11	1.75e-08	1.45e-06	7.40e-05	1.35e-02	2.04e-01	7.83e-01
 4.17390e+22	2.16e-27	8.89e-22	2.43e-17	9.65e-14	9.02e-11	2.02e-08	1.61e-06	7.99e-05	1.41e-02	2.08e-01	7.78e-01
 4.18584e+22	2.82e-27	1.13e-21	2.99e-17	1.16e-13	1.05e-10	2.29e-08	1.78e-06	8.57e-05	1.48e-02	2.12e-01	7.73e-01
 4.19703e+22	3.65e-27	1.42e-21	3.67e-17	1.38e-13	1.23e-10	2.60e-08	1.96e-06	9.18e-05	1.54e-02	2.16e-01	7.69e-01
 4.20782e+22	4.62e-27	1.75e-21	4.42e-17	1.62e-13	1.41e-10	2.91e-08	2.14e-06	9.77e-05	1.60e-02	2.20e-01	7.64e-01
 4.22009e+22	6.33e-27	2.32e-21	5.66e-17	2.01e-13	1.69e-10	3.39e-08	2.41e-06	1.06e-04	1.69e-02	2.24e-01	7.59e-01
 4.23262e+22	8.18e-27	2.92e-21	6.94e-17	2.40e-13	1.97e-10	3.84e-08	2.65e-06	1.13e-04	1.76e-02	2.28e-01	7.54e-01
 4.24549e+22	1.14e-26	3.92e-21	8.98e-17	3.01e-13	2.38e-10	4.50e-08	2.99e-06	1.24e-04	1.85e-02	2.34e-01	7.48e-01
 4.25845e+22	1.51e-26	5.07e-21	1.13e-16	3.66e-13	2.82e-10	5.16e-08	3.33e-06	1.33e-04	1.94e-02	2.38e-01	7.42e-01
 4.26882e+22	1.91e-26	6.24e-21	1.35e-16	4.29e-13	3.23e-10	5.78e-08	3.62e-06	1.42e-04	2.01e-02	2.42e-01	7.38e-01
 4.27958e+22	2.55e-26	8.10e-21	1.70e-16	5.23e-13	3.82e-10	6.64e-08	4.03e-06	1.53e-04	2.11e-02	2.46e-01	7.32e-01
 4.29069e+22	3.25e-26	1.00e-20	2.06e-16	6.17e-13	4.40e-10	7.46e-08	4.41e-06	1.62e-04	2.19e-02	2.50e-01	7.28e-01
 4.30225e+22	4.54e-26	1.36e-20	2.68e-16	7.75e-13	5.34e-10	8.75e-08	4.98e-06	1.77e-04	2.31e-02	2.56e-01	7.21e-01
 4.31360e+22	5.76e-26	1.68e-20	3.23e-16	9.13e-13	6.14e-10	9.82e-08	5.44e-06	1.88e-04	2.40e-02	2.60e-01	7.16e-01
 4.32467e+22	8.16e-26	2.29e-20	4.25e-16	1.16e-12	7.52e-10	1.16e-07	6.17e-06	2.06e-04	2.53e-02	2.65e-01	7.09e-01
 4.33558e+22	1.03e-25	2.83e-20	5.12e-16	1.36e-12	8.62e-10	1.30e-07	6.73e-06	2.18e-04	2.63e-02	2.69e-01	7.04e-01
 4.34626e+22	1.42e-25	3.77e-20	6.57e-16	1.69e-12	1.04e-09	1.51e-07	7.56e-06	2.37e-04	2.76e-02	2.75e-01	6.97e-01
 4.35734e+22	1.88e-25	4.83e-20	8.17e-16	2.04e-12	1.22e-09	1.72e-07	8.37e-06	2.54e-04	2.88e-02	2.79e-01	6.92e-01
 4.36696e+22	2.39e-25	6.00e-20	9.89e-16	2.41e-12	1.40e-09	1.94e-07	9.14e-06	2.70e-04	2.99e-02	2.83e-01	6.86e-01
 4.37750e+22	3.41e-25	8.23e-20	1.31e-15	3.06e-12	1.72e-09	2.29e-07	1.04e-05	2.95e-04	3.16e-02	2.89e-01	6.79e-01
 4.38791e+22	4.33e-25	1.02e-19	1.58e-15	3.60e-12	1.98e-09	2.57e-07	1.13e-05	3.14e-04	3.27e-02	2.94e-01	6.73e-01
 4.39815e+22	6.11e-25	1.39e-19	2.07e-15	4.54e-12	2.41e-09	3.03e-07	1.28e-05	3.42e-04	3.45e-02	2.99e-01	6.66e-01
 4.40820e+22	7.70e-25	1.71e-19	2.48e-15	5.32e-12	2.76e-09	3.38e-07	1.40e-05	3.62e-04	3.57e-02	3.04e-01	6.60e-01
 4.41802e+22	1.09e-24	2.34e-19	3.26e-15	6.74e-12	3.37e-09	3.99e-07	1.58e-05	3.95e-04	3.77e-02	3.10e-01	6.52e-01
 4.42778e+22	1.38e-24	2.89e-19	3.92e-15	7.90e-12	3.86e-09	4.46e-07	1.73e-05	4.19e-04	3.90e-02	3.14e-01	6.47e-01
 4.43747e+22	1.96e-24	3.95e-19	5.16e-15	1.00e-11	4.73e-09	5.27e-07	1.96e-05	4.58e-04	4.11e-02	3.20e-01	6.39e-01
 4.44721e+22	2.52e-24	4.94e-19	6.29e-15	1.19e-11	5.47e-09	5.94e-07	2.15e-05	4.87e-04	4.27e-02	3.24e-01	6.33e-01
 4.45705e+22	3.61e-24	6.82e-19	8.33e-15	1.51e-11	6.72e-09	7.04e-07	2.44e-05	5.33e-04	4.50e-02	3.31e-01	6.24e-01
 4.46698e+22	4.70e-24	8.64e-19	1.03e-14	1.81e-11	7.83e-09	7.98e-07	2.69e-05	5.69e-04	4.68e-02	3.35e-01	6.17e-01
 4.47704e+22	6.72e-24	1.19e-18	1.36e-14	2.30e-11	9.62e-09	9.46e-07	3.06e-05	6.22e-04	4.94e-02	3.42e-01	6.08e-01
 4.48701e+22	8.78e-24	1.51e-18	1.67e-14	2.76e-11	1.12e-08	1.08e-06	3.38e-05	6.66e-04	5.14e-02	3.46e-01	6.01e-01
 4.49685e+22	1.25e-23	2.08e-18	2.21e-14	3.51e-11	1.38e-08	1.27e-06	3.85e-05	7.28e-04	5.42e-02	3.53e-01	5.92e-01
 4.50683e+22	1.66e-23	2.67e-18	2.76e-14	4.24e-11	1.62e-08	1.46e-06	4.26e-05	7.81e-04	5.65e-02	3.58e-01	5.85e-01
 4.51702e+22	2.40e-23	3.72e-18	3.68e-14	5.45e-11	2.01e-08	1.74e-06	4.88e-05	8.57e-04	5.96e-02	3.65e-01	5.75e-01
 4.52732e+22	3.20e-23	4.82e-18	4.62e-14	6.62e-11	2.37e-08	2.00e-06	5.43e-05	9.21e-04	6.23e-02	3.70e-01	5.67e-01
 4.53778e+22	4.67e-23	6.76e-18	6.22e-14	8.55e-11	2.95e-08	2.40e-06	6.25e-05	1.01e-03	6.58e-02	3.77e-01	5.57e-01
 4.54830e+22	6.23e-23	8.76e-18	7.79e-14	1.04e-10	3.49e-08	2.76e-06	6.95e-05	1.09e-03	6.87e-02	3.82e-01	5.48e-01
 4.55737e+22	8.25e-23	1.13e-17	9.72e-14	1.26e-10	4.11e-08	3.16e-06	7.72e-05	1.17e-03	7.17e-02	3.87e-01	5.40e-01
 4.56764e+22	1.19e-22	1.57e-17	1.30e-13	1.61e-10	5.09e-08	3.78e-06	8.87e-05	1.29e-03	7.57e-02	3.93e-01	5.30e-01
 4.57789e+22	1.55e-22	1.99e-17	1.60e-13	1.93e-10	5.94e-08	4.30e-06	9.80e-05	1.38e-03	7.87e-02	3.98e-01	5.22e-01
 4.58813e+22	2.22e-22	2.74e-17	2.12e-13	2.46e-10	7.32e-08	5.12e-06	1.12e-04	1.51e-03	8.30e-02	4.04e-01	5.11e-01
 4.59846e+22	2.88e-22	3.46e-17	2.60e-13	2.94e-10	8.53e-08	5.82e-06	1.24e-04	1.62e-03	8.63e-02	4.09e-01	5.03e-01
 4.60893e+22	4.09e-22	4.75e-17	3.44e-13	3.74e-10	1.05e-07	6.93e-06	1.42e-04	1.77e-03	9.10e-02	4.15e-01	4.92e-01
 4.61959e+22	5.31e-22	6.01e-17	4.23e-13	4.47e-10	1.22e-07	7.89e-06	1.57e-04	1.90e-03	9.46e-02	4.20e-01	4.84e-01
 4.63050e+22	7.46e-22	8.16e-17	5.54e-13	5.65e-10	1.50e-07	9.34e-06	1.79e-04	2.08e-03	9.96e-02	4.25e-01	4.73e-01
 4.64177e+22	9.84e-22	1.05e-16	6.90e-13	6.83e-10	1.77e-07	1.07e-05	1.99e-04	2.23e-03	1.04e-01	4.30e-01	4.64e-01
 4.65351e+22	1.40e-21	1.43e-16	9.10e-13	8.68e-10	2.17e-07	1.28e-05	2.29e-04	2.45e-03	1.09e-01	4.36e-01	4.52e-01
 4.66552e+22	1.84e-21	1.84e-16	1.13e-12	1.05e-09	2.56e-07	1.47e-05	2.55e-04	2.64e-03	1.14e-01	4.40e-01	4.43e-01
 4.67621e+22	2.39e-21	2.33e-16	1.40e-12	1.26e-09	3.00e-07	1.68e-05	2.83e-04	2.83e-03	1.19e-01	4.44e-01	4.34e-01
 4.68843e+22	3.35e-21	3.16e-16	1.83e-12	1.59e-09	3.68e-07	1.99e-05	3.23e-04	3.10e-03	1.25e-01	4.49e-01	4.22e-01
 4.70082e+22	4.34e-21	3.99e-16	2.25e-12	1.90e-09	4.30e-07	2.27e-05	3.58e-04	3.33e-03	1.30e-01	4.53e-01	4.13e-01
 4.71343e+22	6.02e-21	5.37e-16	2.93e-12	2.39e-09	5.24e-07	2.69e-05	4.09e-04	3.64e-03	1.36e-01	4.58e-01	4.02e-01
 4.72567e+22	7.57e-21	6.61e-16	3.52e-12	2.80e-09	6.02e-07	3.02e-05	4.48e-04	3.87e-03	1.41e-01	4.61e-01	3.94e-01
 4.73745e+22	1.02e-20	8.64e-16	4.46e-12	3.45e-09	7.21e-07	3.52e-05	5.05e-04	4.20e-03	1.47e-01	4.65e-01	3.83e-01
 4.74944e+22	1.27e-20	1.06e-15	5.34e-12	4.03e-09	8.26e-07	3.95e-05	5.53e-04	4.46e-03	1.52e-01	4.67e-01	3.75e-01
 4.76173e+22	1.71e-20	1.39e-15	6.79e-12	4.97e-09	9.92e-07	4.61e-05	6.24e-04	4.85e-03	1.59e-01	4.71e-01	3.65e-01
 4.77420e+22	2.13e-20	1.69e-15	8.10e-12	5.79e-09	1.13e-06	5.16e-05	6.82e-04	5.14e-03	1.65e-01	4.73e-01	3.57e-01
 4.78689e+22	2.86e-20	2.21e-15	1.03e-11	7.12e-09	1.36e-06	6.02e-05	7.69e-04	5.58e-03	1.72e-01	4.76e-01	3.46e-01
 4.79936e+22	3.49e-20	2.65e-15	1.21e-11	8.20e-09	1.53e-06	6.68e-05	8.34e-04	5.89e-03	1.77e-01	4.78e-01	3.39e-01
 4.81154e+22	4.58e-20	3.39e-15	1.50e-11	9.92e-09	1.81e-06	7.69e-05	9.32e-04	6.35e-03	1.84e-01	4.80e-01	3.29e-01
 4.82397e+22	5.61e-20	4.07e-15	1.77e-11	1.14e-08	2.05e-06	8.54e-05	1.01e-03	6.72e-03	1.90e-01	4.81e-01	3.21e-01
 4.83672e+22	7.35e-20	5.21e-15	2.21e-11	1.39e-08	2.43e-06	9.85e-05	1.13e-03	7.24e-03	1.97e-01	4.83e-01	3.11e-01
 4.84972e+22	9.02e-20	6.28e-15	2.61e-11	1.60e-08	2.76e-06	1.10e-04	1.23e-03	7.66e-03	2.03e-01	4.84e-01	3.04e-01
 4.86303e+22	1.18e-19	8.03e-15	3.25e-11	1.94e-08	3.26e-06	1.26e-04	1.38e-03	8.26e-03	2.11e-01	4.85e-01	2.94e-01
 4.87658e+22	1.45e-19	9.68e-15	3.84e-11	2.25e-08	3.70e-06	1.41e-04	1.50e-03	8.73e-03	2.17e-01	4.86e-01	2.87e-01
 4.89043e+22	1.90e-19	1.24e-14	4.79e-11	2.72e-08	4.38e-06	1.62e-04	1.67e-03	9.41e-03	2.26e-01	4.87e-01	2.77e-01
 4.90455e+22	2.34e-19	1.49e-14	5.66e-11	3.15e-08	4.97e-06	1.81e-04	1.82e-03	9.96e-03	2.32e-01	4.87e-01	2.69e-01
 4.91900e+22	3.06e-19	1.91e-14	7.06e-11	3.82e-08	5.89e-06	2.08e-04	2.03e-03	1.07e-02	2.41e-01	4.87e-01	2.59e-01
 4.93313e+22	3.68e-19	2.26e-14	8.21e-11	4.36e-08	6.59e-06	2.29e-04	2.19e-03	1.13e-02	2.47e-01	4.86e-01	2.53e-01
 4.94683e+22	4.74e-19	2.85e-14	1.01e-10	5.22e-08	7.72e-06	2.62e-04	2.43e-03	1.21e-02	2.55e-01	4.86e-01	2.44e-01
 4.96075e+22	5.70e-19	3.38e-14	1.17e-10	5.95e-08	8.65e-06	2.88e-04	2.62e-03	1.27e-02	2.62e-01	4.85e-01	2.38e-01
 4.97496e+22	7.30e-19	4.23e-14	1.44e-10	7.10e-08	1.01e-05	3.28e-04	2.90e-03	1.36e-02	2.70e-01	4.84e-01	2.29e-01
 4.98961e+22	8.91e-19	5.08e-14	1.69e-10	8.19e-08	1.14e-05	3.64e-04	3.14e-03	1.43e-02	2.77e-01	4.83e-01	2.22e-01
 5.00484e+22	1.14e-18	6.38e-14	2.08e-10	9.79e-08	1.33e-05	4.14e-04	3.48e-03	1.53e-02	2.86e-01	4.81e-01	2.14e-01
 5.02058e+22	1.41e-18	7.73e-14	2.47e-10	1.14e-07	1.52e-05	4.62e-04	3.78e-03	1.62e-02	2.94e-01	4.79e-01	2.07e-01
 5.03696e+22	1.83e-18	9.80e-14	3.05e-10	1.37e-07	1.78e-05	5.28e-04	4.20e-03	1.73e-02	3.03e-01	4.77e-01	1.98e-01
 5.05380e+22	2.28e-18	1.20e-13	3.64e-10	1.60e-07	2.04e-05	5.90e-04	4.58e-03	1.83e-02	3.11e-01	4.74e-01	1.91e-01
 5.07123e+22	2.98e-18	1.53e-13	4.54e-10	1.93e-07	2.40e-05	6.77e-04	5.09e-03	1.96e-02	3.21e-01	4.71e-01	1.83e-01
 5.08925e+22	3.74e-18	1.88e-13	5.46e-10	2.27e-07	2.76e-05	7.61e-04	5.56e-03	2.08e-02	3.30e-01	4.68e-01	1.76e-01
 5.10803e+22	4.95e-18	2.43e-13	6.87e-10	2.78e-07	3.28e-05	8.78e-04	6.21e-03	2.24e-02	3.40e-01	4.63e-01	1.67e-01
 5.12727e+22	6.26e-18	3.01e-13	8.32e-10	3.28e-07	3.79e-05	9.89e-04	6.80e-03	2.37e-02	3.49e-01	4.59e-01	1.60e-01
 5.14452e+22	7.83e-18	3.69e-13	9.98e-10	3.84e-07	4.34e-05	1.11e-03	7.40e-03	2.50e-02	3.57e-01	4.55e-01	1.54e-01
 5.16434e+22	1.05e-17	4.83e-13	1.27e-09	4.74e-07	5.21e-05	1.29e-03	8.32e-03	2.70e-02	3.69e-01	4.49e-01	1.45e-01
 5.18428e+22	1.31e-17	5.91e-13	1.52e-09	5.54e-07	5.95e-05	1.44e-03	9.04e-03	2.85e-02	3.77e-01	4.45e-01	1.39e-01
 5.20438e+22	1.75e-17	7.70e-13	1.93e-09	6.80e-07	7.11e-05	1.66e-03	1.01e-02	3.06e-02	3.88e-01	4.38e-01	1.31e-01
 5.22491e+22	2.21e-17	9.52e-13	2.33e-09	8.03e-07	8.20e-05	1.87e-03	1.11e-02	3.24e-02	3.97e-01	4.32e-01	1.25e-01
 5.24599e+22	2.96e-17	1.25e-12	2.97e-09	9.90e-07	9.82e-05	2.17e-03	1.24e-02	3.48e-02	4.08e-01	4.25e-01	1.17e-01
 5.26739e+22	3.75e-17	1.55e-12	3.61e-09	1.17e-06	1.14e-04	2.45e-03	1.36e-02	3.68e-02	4.17e-01	4.18e-01	1.11e-01
 5.28922e+22	5.05e-17	2.03e-12	4.62e-09	1.45e-06	1.37e-04	2.86e-03	1.53e-02	3.97e-02	4.29e-01	4.09e-01	1.04e-01
 5.30985e+22	6.17e-17	2.44e-12	5.44e-09	1.68e-06	1.55e-04	3.17e-03	1.65e-02	4.16e-02	4.36e-01	4.03e-01	9.92e-02
 5.32894e+22	7.94e-17	3.09e-12	6.73e-09	2.02e-06	1.82e-04	3.63e-03	1.83e-02	4.44e-02	4.46e-01	3.95e-01	9.29e-02
 5.34817e+22	9.67e-17	3.70e-12	7.93e-09	2.33e-06	2.06e-04	4.01e-03	1.97e-02	4.65e-02	4.53e-01	3.88e-01	8.85e-02
 5.36761e+22	1.24e-16	4.67e-12	9.79e-09	2.80e-06	2.42e-04	4.60e-03	2.19e-02	4.96e-02	4.63e-01	3.79e-01	8.25e-02
 5.38723e+22	1.51e-16	5.59e-12	1.15e-08	3.23e-06	2.74e-04	5.10e-03	2.36e-02	5.20e-02	4.70e-01	3.71e-01	7.82e-02
 5.40707e+22	1.92e-16	7.02e-12	1.42e-08	3.89e-06	3.22e-04	5.85e-03	2.62e-02	5.54e-02	4.79e-01	3.61e-01	7.25e-02
 5.42720e+22	2.33e-16	8.40e-12	1.68e-08	4.49e-06	3.65e-04	6.49e-03	2.84e-02	5.82e-02	4.85e-01	3.53e-01	6.84e-02
 5.44768e+22	2.95e-16	1.05e-11	2.06e-08	5.40e-06	4.30e-04	7.46e-03	3.16e-02	6.21e-02	4.94e-01	3.42e-01	6.30e-02
 5.46845e+22	3.56e-16	1.26e-11	2.43e-08	6.23e-06	4.88e-04	8.29e-03	3.42e-02	6.52e-02	5.00e-01	3.33e-01	5.91e-02
 5.48958e+22	4.48e-16	1.57e-11	2.99e-08	7.48e-06	5.75e-04	9.53e-03	3.80e-02	6.95e-02	5.08e-01	3.21e-01	5.41e-02
 5.51117e+22	5.36e-16	1.86e-11	3.51e-08	8.65e-06	6.55e-04	1.06e-02	4.13e-02	7.31e-02	5.13e-01	3.11e-01	5.03e-02
 5.53337e+22	6.68e-16	2.31e-11	4.31e-08	1.04e-05	7.73e-04	1.23e-02	4.60e-02	7.80e-02	5.20e-01	2.98e-01	4.56e-02
 5.55599e+22	7.91e-16	2.73e-11	5.06e-08	1.20e-05	8.81e-04	1.37e-02	5.01e-02	8.21e-02	5.24e-01	2.87e-01	4.21e-02
 5.57839e+22	9.58e-16	3.31e-11	6.11e-08	1.43e-05	1.03e-03	1.57e-02	5.55e-02	8.74e-02	5.29e-01	2.74e-01	3.80e-02
 5.59969e+22	1.10e-15	3.80e-11	6.97e-08	1.61e-05	1.15e-03	1.73e-02	5.96e-02	9.12e-02	5.31e-01	2.64e-01	3.52e-02
 5.62030e+22	1.28e-15	4.47e-11	8.22e-08	1.87e-05	1.33e-03	1.95e-02	6.55e-02	9.65e-02	5.34e-01	2.52e-01	3.18e-02
 5.64130e+22	1.44e-15	5.07e-11	9.34e-08	2.11e-05	1.48e-03	2.15e-02	7.04e-02	1.01e-01	5.35e-01	2.42e-01	2.93e-02
 5.66187e+22	1.64e-15	5.83e-11	1.08e-07	2.42e-05	1.69e-03	2.41e-02	7.67e-02	1.06e-01	5.36e-01	2.29e-01	2.64e-02
 5.68287e+22	1.81e-15	6.55e-11	1.22e-07	2.72e-05	1.88e-03	2.65e-02	8.24e-02	1.11e-01	5.35e-01	2.19e-01	2.41e-02
 5.70333e+22	2.00e-15	7.35e-11	1.38e-07	3.08e-05	2.12e-03	2.94e-02	8.90e-02	1.16e-01	5.34e-01	2.08e-01	2.17e-02
 5.72420e+22	2.17e-15	8.16e-11	1.56e-07	3.45e-05	2.36e-03	3.24e-02	9.55e-02	1.21e-01	5.32e-01	1.97e-01	1.97e-02
 5.74488e+22	2.34e-15	9.02e-11	1.74e-07	3.86e-05	2.64e-03	3.56e-02	1.02e-01	1.26e-01	5.29e-01	1.87e-01	1.77e-02
 5.76567e+22	2.49e-15	9.87e-11	1.94e-07	4.30e-05	2.93e-03	3.91e-02	1.10e-01	1.31e-01	5.25e-01	1.76e-01	1.59e-02
 5.78622e+22	2.63e-15	1.07e-10	2.15e-07	4.77e-05	3.25e-03	4.27e-02	1.17e-01	1.36e-01	5.21e-01	1.66e-01	1.43e-02
 5.80673e+22	2.76e-15	1.16e-10	2.38e-07	5.29e-05	3.59e-03	4.66e-02	1.24e-01	1.41e-01	5.15e-01	1.57e-01	1.29e-02
 5.82729e+22	2.87e-15	1.25e-10	2.62e-07	5.85e-05	3.97e-03	5.07e-02	1.32e-01	1.46e-01	5.09e-01	1.48e-01	1.15e-02
 5.84794e+22	2.97e-15	1.34e-10	2.88e-07	6.47e-05	4.37e-03	5.50e-02	1.39e-01	1.51e-01	5.02e-01	1.39e-01	1.03e-02
 5.86871e+22	3.05e-15	1.44e-10	3.17e-07	7.15e-05	4.82e-03	5.97e-02	1.47e-01	1.55e-01	4.94e-01	1.30e-01	9.22e-03
 5.88968e+22	3.13e-15	1.54e-10	3.49e-07	7.90e-05	5.31e-03	6.47e-02	1.55e-01	1.60e-01	4.85e-01	1.21e-01	8.22e-03
 5.91091e+22	3.20e-15	1.65e-10	3.84e-07	8.75e-05	5.86e-03	7.00e-02	1.63e-01	1.65e-01	4.76e-01	1.13e-01	7.30e-03
 5.93223e+22	3.27e-15	1.76e-10	4.23e-07	9.69e-05	6.45e-03	7.56e-02	1.71e-01	1.69e-01	4.66e-01	1.06e-01	6.49e-03
 5.95391e+22	3.34e-15	1.89e-10	4.68e-07	1.08e-04	7.12e-03	8.17e-02	1.79e-01	1.73e-01	4.55e-01	9.81e-02	5.73e-03
 5.97585e+22	3.41e-15	2.02e-10	5.17e-07	1.20e-04	7.85e-03	8.80e-02	1.87e-01	1.77e-01	4.44e-01	9.10e-02	5.06e-03
 5.99823e+22	3.49e-15	2.18e-10	5.76e-07	1.34e-04	8.69e-03	9.50e-02	1.96e-01	1.81e-01	4.31e-01	8.40e-02	4.44e-03
 6.01904e+22	3.57e-15	2.33e-10	6.31e-07	1.47e-04	9.43e-03	1.01e-01	2.02e-01	1.83e-01	4.21e-01	7.87e-02	3.99e-03
 6.04051e+22	3.66e-15	2.53e-10	7.10e-07	1.66e-04	1.05e-02	1.09e-01	2.11e-01	1.87e-01	4.07e-01	7.21e-02	3.46e-03
 6.06233e+22	3.78e-15	2.72e-10	7.85e-07	1.84e-04	1.14e-02	1.16e-01	2.17e-01	1.89e-01	3.96e-01	6.72e-02	3.10e-03
 6.08461e+22	3.91e-15	2.99e-10	8.93e-07	2.09e-04	1.27e-02	1.25e-01	2.26e-01	1.92e-01	3.81e-01	6.11e-02	2.67e-03
 6.10698e+22	4.10e-15	3.26e-10	9.93e-07	2.32e-04	1.39e-02	1.32e-01	2.32e-01	1.93e-01	3.69e-01	5.69e-02	2.38e-03
 6.12949e+22	4.31e-15	3.63e-10	1.14e-06	2.65e-04	1.55e-02	1.43e-01	2.39e-01	1.95e-01	3.54e-01	5.15e-02	2.04e-03
 6.15213e+22	4.55e-15	3.98e-10	1.28e-06	2.95e-04	1.68e-02	1.51e-01	2.45e-01	1.96e-01	3.42e-01	4.78e-02	1.82e-03
 6.17494e+22	4.87e-15	4.49e-10	1.48e-06	3.39e-04	1.88e-02	1.62e-01	2.52e-01	1.97e-01	3.26e-01	4.31e-02	1.55e-03
 6.19796e+22	5.21e-15	4.98e-10	1.67e-06	3.78e-04	2.04e-02	1.71e-01	2.57e-01	1.97e-01	3.14e-01	3.98e-02	1.37e-03
 6.22123e+22	5.68e-15	5.70e-10	1.95e-06	4.36e-04	2.28e-02	1.83e-01	2.63e-01	1.96e-01	2.98e-01	3.57e-02	1.17e-03
 6.24479e+22	6.17e-15	6.40e-10	2.21e-06	4.89e-04	2.48e-02	1.92e-01	2.68e-01	1.96e-01	2.85e-01	3.28e-02	1.03e-03
 6.26873e+22	6.88e-15	7.45e-10	2.62e-06	5.67e-04	2.77e-02	2.06e-01	2.73e-01	1.94e-01	2.69e-01	2.93e-02	8.69e-04
 6.29308e+22	7.63e-15	8.47e-10	3.00e-06	6.38e-04	3.02e-02	2.16e-01	2.76e-01	1.93e-01	2.57e-01	2.67e-02	7.60e-04
 6.31795e+22	8.73e-15	1.00e-09	3.58e-06	7.45e-04	3.37e-02	2.30e-01	2.80e-01	1.90e-01	2.40e-01	2.36e-02	6.35e-04
 6.34335e+22	9.89e-15	1.16e-09	4.14e-06	8.42e-04	3.68e-02	2.42e-01	2.83e-01	1.87e-01	2.28e-01	2.14e-02	5.51e-04
 6.36944e+22	1.17e-14	1.40e-09	5.02e-06	9.88e-04	4.12e-02	2.57e-01	2.86e-01	1.84e-01	2.12e-01	1.88e-02	4.55e-04
 6.39615e+22	1.35e-14	1.65e-09	5.86e-06	1.12e-03	4.49e-02	2.70e-01	2.87e-01	1.80e-01	1.99e-01	1.69e-02	3.90e-04
 6.41867e+22	1.55e-14	1.91e-09	6.73e-06	1.26e-03	4.85e-02	2.81e-01	2.88e-01	1.77e-01	1.88e-01	1.53e-02	3.40e-04
 6.44297e+22	1.86e-14	2.31e-09	8.05e-06	1.45e-03	5.35e-02	2.95e-01	2.89e-01	1.72e-01	1.75e-01	1.35e-02	2.84e-04
 6.46761e+22	2.17e-14	2.69e-09	9.29e-06	1.63e-03	5.77e-02	3.07e-01	2.89e-01	1.68e-01	1.65e-01	1.22e-02	2.46e-04
 6.48895e+22	2.53e-14	3.13e-09	1.06e-05	1.81e-03	6.20e-02	3.18e-01	2.88e-01	1.64e-01	1.55e-01	1.10e-02	2.14e-04
 6.51292e+22	3.09e-14	3.81e-09	1.27e-05	2.08e-03	6.79e-02	3.32e-01	2.87e-01	1.58e-01	1.43e-01	9.64e-03	1.78e-04
 6.53676e+22	3.63e-14	4.43e-09	1.45e-05	2.30e-03	7.26e-02	3.42e-01	2.85e-01	1.54e-01	1.35e-01	8.73e-03	1.55e-04
 6.56042e+22	4.48e-14	5.41e-09	1.73e-05	2.64e-03	7.91e-02	3.56e-01	2.82e-01	1.48e-01	1.24e-01	7.64e-03	1.29e-04
 6.58443e+22	5.33e-14	6.34e-09	1.98e-05	2.92e-03	8.44e-02	3.66e-01	2.80e-01	1.44e-01	1.16e-01	6.88e-03	1.12e-04
 6.60889e+22	6.70e-14	7.80e-09	2.37e-05	3.34e-03	9.17e-02	3.79e-01	2.76e-01	1.37e-01	1.06e-01	5.97e-03	9.19e-05
 6.63377e+22	8.07e-14	9.20e-09	2.72e-05	3.70e-03	9.78e-02	3.89e-01	2.73e-01	1.32e-01	9.92e-02	5.35e-03	7.91e-05
 6.65920e+22	1.03e-13	1.15e-08	3.27e-05	4.24e-03	1.06e-01	4.01e-01	2.68e-01	1.26e-01	9.01e-02	4.60e-03	6.44e-05
 6.68501e+22	1.26e-13	1.36e-08	3.76e-05	4.69e-03	1.13e-01	4.11e-01	2.63e-01	1.21e-01	8.35e-02	4.09e-03	5.51e-05
 6.71133e+22	1.63e-13	1.70e-08	4.53e-05	5.38e-03	1.23e-01	4.22e-01	2.57e-01	1.14e-01	7.53e-02	3.49e-03	4.44e-05
 6.73829e+22	2.02e-13	2.04e-08	5.24e-05	5.97e-03	1.30e-01	4.31e-01	2.52e-01	1.08e-01	6.93e-02	3.07e-03	3.75e-05
 6.76606e+22	2.67e-13	2.59e-08	6.35e-05	6.85e-03	1.41e-01	4.42e-01	2.44e-01	1.02e-01	6.19e-02	2.59e-03	2.99e-05
 6.79452e+22	3.34e-13	3.12e-08	7.39e-05	7.62e-03	1.50e-01	4.50e-01	2.38e-01	9.61e-02	5.65e-02	2.26e-03	2.49e-05
 6.82386e+22	4.49e-13	4.00e-08	8.99e-05	8.75e-03	1.62e-01	4.59e-01	2.29e-01	8.92e-02	5.00e-02	1.88e-03	1.95e-05
 6.85347e+22	5.65e-13	4.83e-08	1.04e-04	9.70e-03	1.72e-01	4.65e-01	2.22e-01	8.40e-02	4.54e-02	1.63e-03	1.62e-05
 6.88346e+22	7.67e-13	6.22e-08	1.27e-04	1.11e-02	1.85e-01	4.72e-01	2.13e-01	7.74e-02	3.98e-02	1.35e-03	1.26e-05
 6.91376e+22	9.65e-13	7.51e-08	1.47e-04	1.23e-02	1.96e-01	4.77e-01	2.05e-01	7.26e-02	3.61e-02	1.17e-03	1.04e-05
 6.94447e+22	1.32e-12	9.69e-08	1.79e-04	1.41e-02	2.10e-01	4.82e-01	1.95e-01	6.65e-02	3.14e-02	9.53e-04	7.98e-06
 6.97437e+22	1.64e-12	1.16e-07	2.05e-04	1.54e-02	2.20e-01	4.84e-01	1.88e-01	6.23e-02	2.85e-02	8.28e-04	6.63e-06
 7.00322e+22	2.17e-12	1.45e-07	2.44e-04	1.73e-02	2.34e-01	4.86e-01	1.79e-01	5.73e-02	2.51e-02	6.88e-04	5.21e-06
 7.03364e+22	2.80e-12	1.78e-07	2.86e-04	1.92e-02	2.46e-01	4.87e-01	1.71e-01	5.30e-02	2.23e-02	5.81e-04	4.18e-06
 7.05921e+22	3.43e-12	2.10e-07	3.23e-04	2.08e-02	2.56e-01	4.88e-01	1.64e-01	4.97e-02	2.03e-02	5.07e-04	3.50e-06
 7.08556e+22	4.38e-12	2.55e-07	3.75e-04	2.30e-02	2.69e-01	4.87e-01	1.57e-01	4.59e-02	1.80e-02	4.29e-04	2.82e-06
 7.11319e+22	5.45e-12	3.04e-07	4.27e-04	2.50e-02	2.80e-01	4.86e-01	1.50e-01	4.27e-02	1.62e-02	3.69e-04	2.33e-06
 7.13856e+22	6.74e-12	3.60e-07	4.86e-04	2.72e-02	2.91e-01	4.84e-01	1.43e-01	3.97e-02	1.46e-02	3.18e-04	1.92e-06
 7.16765e+22	8.81e-12	4.45e-07	5.70e-04	3.01e-02	3.05e-01	4.80e-01	1.35e-01	3.62e-02	1.28e-02	2.63e-04	1.50e-06
 7.19747e+22	1.11e-11	5.37e-07	6.54e-04	3.29e-02	3.17e-01	4.77e-01	1.28e-01	3.33e-02	1.13e-02	2.23e-04	1.21e-06
 7.22377e+22	1.38e-11	6.36e-07	7.43e-04	3.56e-02	3.29e-01	4.73e-01	1.21e-01	3.09e-02	1.01e-02	1.91e-04	9.92e-07
 7.25347e+22	1.81e-11	7.87e-07	8.69e-04	3.93e-02	3.43e-01	4.67e-01	1.13e-01	2.80e-02	8.81e-03	1.57e-04	7.72e-07
 7.28449e+22	2.31e-11	9.54e-07	1.00e-03	4.30e-02	3.56e-01	4.60e-01	1.06e-01	2.55e-02	7.74e-03	1.31e-04	6.12e-07
 7.31246e+22	2.88e-11	1.14e-06	1.14e-03	4.65e-02	3.68e-01	4.54e-01	1.00e-01	2.34e-02	6.86e-03	1.11e-04	4.94e-07
 7.34410e+22	3.81e-11	1.41e-06	1.34e-03	5.14e-02	3.82e-01	4.45e-01	9.31e-02	2.10e-02	5.89e-03	8.94e-05	3.77e-07
 7.37671e+22	4.89e-11	1.72e-06	1.54e-03	5.60e-02	3.95e-01	4.37e-01	8.68e-02	1.91e-02	5.12e-03	7.37e-05	2.95e-07
 7.40573e+22	6.13e-11	2.05e-06	1.75e-03	6.05e-02	4.06e-01	4.28e-01	8.13e-02	1.74e-02	4.51e-03	6.18e-05	2.35e-07
 7.43857e+22	8.13e-11	2.56e-06	2.06e-03	6.66e-02	4.20e-01	4.17e-01	7.47e-02	1.55e-02	3.83e-03	4.94e-05	1.77e-07
 7.47266e+22	1.05e-10	3.12e-06	2.38e-03	7.26e-02	4.33e-01	4.06e-01	6.90e-02	1.39e-02	3.30e-03	4.02e-05	1.36e-07
 7.50328e+22	1.33e-10	3.74e-06	2.70e-03	7.83e-02	4.43e-01	3.96e-01	6.41e-02	1.26e-02	2.87e-03	3.32e-05	0.00e+00
 7.53798e+22	1.78e-10	4.69e-06	3.18e-03	8.61e-02	4.57e-01	3.82e-01	5.82e-02	1.11e-02	2.40e-03	2.61e-05	0.00e+00
 7.57401e+22	2.32e-10	5.76e-06	3.69e-03	9.37e-02	4.68e-01	3.70e-01	5.32e-02	9.83e-03	2.04e-03	2.09e-05	0.00e+00
 7.60630e+22	2.94e-10	6.92e-06	4.20e-03	1.01e-01	4.78e-01	3.58e-01	4.90e-02	8.83e-03	1.76e-03	1.70e-05	0.00e+00
 7.64281e+22	4.00e-10	8.77e-06	4.97e-03	1.11e-01	4.89e-01	3.42e-01	4.39e-02	7.66e-03	1.45e-03	1.31e-05	0.00e+00
 7.68003e+22	5.18e-10	1.07e-05	5.71e-03	1.20e-01	4.98e-01	3.28e-01	3.99e-02	6.78e-03	1.22e-03	1.04e-05	0.00e+00
 7.71819e+22	7.07e-10	1.36e-05	6.76e-03	1.31e-01	5.08e-01	3.12e-01	3.54e-02	5.84e-03	9.95e-04	7.88e-06	0.00e+00
 7.75674e+22	9.13e-10	1.65e-05	7.75e-03	1.42e-01	5.15e-01	2.98e-01	3.20e-02	5.15e-03	8.37e-04	6.24e-06	0.00e+00
 7.79579e+22	1.26e-09	2.11e-05	9.19e-03	1.55e-01	5.22e-01	2.80e-01	2.81e-02	4.38e-03	6.71e-04	4.64e-06	0.00e+00
 7.83519e+22	1.62e-09	2.56e-05	1.05e-02	1.66e-01	5.27e-01	2.67e-01	2.53e-02	3.85e-03	5.62e-04	3.65e-06	0.00e+00
 7.87504e+22	2.24e-09	3.27e-05	1.24e-02	1.81e-01	5.31e-01	2.49e-01	2.20e-02	3.25e-03	4.46e-04	2.68e-06	0.00e+00
 7.91534e+22	2.89e-09	3.97e-05	1.42e-02	1.94e-01	5.34e-01	2.35e-01	1.97e-02	2.84e-03	3.70e-04	2.09e-06	0.00e+00
 7.95625e+22	4.01e-09	5.07e-05	1.68e-02	2.11e-01	5.35e-01	2.18e-01	1.69e-02	2.38e-03	2.90e-04	1.51e-06	0.00e+00
 7.99764e+22	5.18e-09	6.15e-05	1.92e-02	2.25e-01	5.34e-01	2.04e-01	1.50e-02	2.06e-03	2.39e-04	1.17e-06	0.00e+00
 8.03967e+22	7.20e-09	7.87e-05	2.26e-02	2.43e-01	5.32e-01	1.87e-01	1.28e-02	1.71e-03	1.85e-04	8.31e-07	0.00e+00
 8.08083e+22	9.15e-09	9.41e-05	2.55e-02	2.57e-01	5.29e-01	1.76e-01	1.14e-02	1.49e-03	1.53e-04	6.46e-07	0.00e+00
 8.12086e+22	1.25e-08	1.18e-04	2.98e-02	2.76e-01	5.23e-01	1.61e-01	9.70e-03	1.24e-03	1.19e-04	4.64e-07	0.00e+00
 8.15955e+22	1.54e-08	1.39e-04	3.31e-02	2.89e-01	5.18e-01	1.50e-01	8.66e-03	1.09e-03	9.96e-05	3.67e-07	0.00e+00
 8.19648e+22	2.03e-08	1.70e-04	3.79e-02	3.06e-01	5.10e-01	1.38e-01	7.47e-03	9.16e-04	7.90e-05	2.71e-07	0.00e+00
 8.23401e+22	2.54e-08	2.01e-04	4.22e-02	3.20e-01	5.02e-01	1.28e-01	6.60e-03	7.95e-04	6.52e-05	2.10e-07	0.00e+00
 8.26721e+22	3.15e-08	2.35e-04	4.69e-02	3.34e-01	4.93e-01	1.19e-01	5.84e-03	6.91e-04	5.39e-05	1.64e-07	0.00e+00
 8.30526e+22	4.14e-08	2.88e-04	5.34e-02	3.51e-01	4.81e-01	1.08e-01	4.98e-03	5.77e-04	4.22e-05	0.00e+00	0.00e+00
 8.34388e+22	5.17e-08	3.39e-04	5.93e-02	3.66e-01	4.71e-01	9.94e-02	4.35e-03	4.96e-04	3.44e-05	0.00e+00	0.00e+00
 8.38325e+22	6.82e-08	4.14e-04	6.75e-02	3.83e-01	4.56e-01	8.92e-02	3.67e-03	4.09e-04	2.66e-05	0.00e+00	0.00e+00
 8.42295e+22	8.48e-08	4.86e-04	7.47e-02	3.97e-01	4.43e-01	8.17e-02	3.20e-03	3.50e-04	2.15e-05	0.00e+00	0.00e+00
 8.46309e+22	1.13e-07	5.97e-04	8.51e-02	4.14e-01	4.25e-01	7.24e-02	2.66e-03	2.84e-04	1.63e-05	0.00e+00	0.00e+00
 8.50326e+22	1.39e-07	6.96e-04	9.37e-02	4.26e-01	4.11e-01	6.59e-02	2.31e-03	2.42e-04	1.32e-05	0.00e+00	0.00e+00
 8.53554e+22	1.67e-07	7.93e-04	1.02e-01	4.36e-01	3.99e-01	6.07e-02	2.04e-03	2.10e-04	1.09e-05	0.00e+00	0.00e+00
 8.56954e+22	2.09e-07	9.29e-04	1.12e-01	4.48e-01	3.83e-01	5.46e-02	1.75e-03	1.77e-04	8.67e-06	0.00e+00	0.00e+00
 8.60402e+22	2.50e-07	1.06e-03	1.21e-01	4.57e-01	3.69e-01	5.00e-02	1.53e-03	1.52e-04	7.13e-06	0.00e+00	0.00e+00
 8.63433e+22	2.98e-07	1.20e-03	1.31e-01	4.65e-01	3.55e-01	4.57e-02	1.35e-03	1.32e-04	5.89e-06	0.00e+00	0.00e+00
 8.66892e+22	3.74e-07	1.41e-03	1.44e-01	4.75e-01	3.38e-01	4.06e-02	1.14e-03	1.09e-04	4.59e-06	0.00e+00	0.00e+00
 8.70365e+22	4.43e-07	1.59e-03	1.55e-01	4.81e-01	3.24e-01	3.70e-02	1.00e-03	9.39e-05	3.78e-06	0.00e+00	0.00e+00
 8.73859e+22	5.49e-07	1.85e-03	1.70e-01	4.89e-01	3.06e-01	3.28e-02	8.44e-04	7.74e-05	2.94e-06	0.00e+00	0.00e+00
 8.77403e+22	6.58e-07	2.09e-03	1.82e-01	4.94e-01	2.92e-01	2.95e-02	7.30e-04	6.56e-05	2.38e-06	0.00e+00	0.00e+00
 8.80509e+22	7.78e-07	2.36e-03	1.95e-01	4.97e-01	2.78e-01	2.67e-02	6.36e-04	5.60e-05	1.94e-06	0.00e+00	0.00e+00
 8.84044e+22	9.59e-07	2.72e-03	2.12e-01	5.01e-01	2.60e-01	2.34e-02	5.33e-04	4.58e-05	1.49e-06	0.00e+00	0.00e+00
 8.87655e+22	1.14e-06	3.07e-03	2.27e-01	5.03e-01	2.46e-01	2.09e-02	4.58e-04	3.84e-05	1.19e-06	0.00e+00	0.00e+00
 8.90865e+22	1.35e-06	3.45e-03	2.43e-01	5.03e-01	2.32e-01	1.87e-02	3.95e-04	3.24e-05	9.62e-07	0.00e+00	0.00e+00
 8.94538e+22	1.67e-06	3.98e-03	2.63e-01	5.02e-01	2.14e-01	1.61e-02	3.26e-04	2.60e-05	7.27e-07	0.00e+00	0.00e+00
 8.98262e+22	1.98e-06	4.48e-03	2.80e-01	5.01e-01	2.00e-01	1.42e-02	2.77e-04	2.16e-05	5.74e-07	0.00e+00	0.00e+00
 9.01557e+22	2.34e-06	5.01e-03	2.97e-01	4.98e-01	1.87e-01	1.26e-02	2.37e-04	1.79e-05	4.56e-07	0.00e+00	0.00e+00
 9.05342e+22	2.88e-06	5.76e-03	3.20e-01	4.92e-01	1.71e-01	1.07e-02	1.93e-04	1.41e-05	3.38e-07	0.00e+00	0.00e+00
 9.09196e+22	3.42e-06	6.46e-03	3.40e-01	4.86e-01	1.58e-01	9.33e-03	1.62e-04	1.15e-05	2.63e-07	0.00e+00	0.00e+00
 9.13139e+22	4.19e-06	7.39e-03	3.64e-01	4.77e-01	1.43e-01	7.87e-03	1.31e-04	8.98e-06	1.93e-07	0.00e+00	0.00e+00
 9.17174e+22	5.02e-06	8.32e-03	3.86e-01	4.68e-01	1.31e-01	6.73e-03	1.08e-04	7.15e-06	1.46e-07	0.00e+00	0.00e+00
 9.20668e+22	5.89e-06	9.23e-03	4.06e-01	4.59e-01	1.20e-01	5.84e-03	9.07e-05	5.82e-06	0.00e+00	0.00e+00	0.00e+00
 9.24030e+22	6.89e-06	1.02e-02	4.26e-01	4.49e-01	1.10e-01	5.06e-03	7.61e-05	4.73e-06	0.00e+00	0.00e+00	0.00e+00
