#depth	N	N+	N+2	N+3	N+4	N+5	N+6	N+7
 4.62852e+21	0.00e+00	0.00e+00	3.87e-24	1.05e-18	1.01e-13	2.31e-08	3.09e-04	1.00e+00
 1.05336e+22	0.00e+00	1.27e-29	2.34e-23	4.47e-18	3.04e-13	4.77e-08	4.42e-04	1.00e+00
 1.26725e+22	0.00e+00	5.25e-29	7.72e-23	1.18e-17	6.38e-13	7.75e-08	5.61e-04	9.99e-01
 1.42246e+22	0.00e+00	1.65e-28	2.02e-22	2.57e-17	1.16e-12	1.14e-07	6.78e-04	9.99e-01
 1.50869e+22	0.00e+00	2.19e-28	2.56e-22	3.13e-17	1.34e-12	1.26e-07	7.11e-04	9.99e-01
 1.54310e+22	0.00e+00	2.91e-28	3.25e-22	3.79e-17	1.56e-12	1.39e-07	7.45e-04	9.99e-01
 1.58258e+22	0.00e+00	4.16e-28	4.39e-22	4.84e-17	1.88e-12	1.56e-07	7.90e-04	9.99e-01
 1.62276e+22	0.00e+00	5.60e-28	5.64e-22	5.93e-17	2.19e-12	1.73e-07	8.30e-04	9.99e-01
 1.65748e+22	0.00e+00	7.44e-28	7.16e-22	7.20e-17	2.54e-12	1.91e-07	8.70e-04	9.99e-01
 1.69622e+22	0.00e+00	1.04e-27	9.51e-22	9.07e-17	3.04e-12	2.14e-07	9.20e-04	9.99e-01
 1.73664e+22	0.00e+00	1.43e-27	1.24e-21	1.12e-16	3.58e-12	2.38e-07	9.70e-04	9.99e-01
 1.77140e+22	0.00e+00	1.88e-27	1.56e-21	1.36e-16	4.14e-12	2.62e-07	1.02e-03	9.99e-01
 1.80875e+22	0.00e+00	2.61e-27	2.06e-21	1.70e-16	4.93e-12	2.93e-07	1.07e-03	9.99e-01
 1.84516e+22	0.00e+00	3.42e-27	2.58e-21	2.05e-16	5.68e-12	3.22e-07	1.12e-03	9.99e-01
 1.87401e+22	0.00e+00	4.31e-27	3.14e-21	2.40e-16	6.41e-12	3.48e-07	1.17e-03	9.99e-01
 1.90519e+22	0.00e+00	5.62e-27	3.92e-21	2.88e-16	7.39e-12	3.82e-07	1.22e-03	9.99e-01
 1.93919e+22	0.00e+00	7.31e-27	4.90e-21	3.45e-16	8.49e-12	4.18e-07	1.27e-03	9.99e-01
 1.97111e+22	0.00e+00	9.45e-27	6.08e-21	4.11e-16	9.72e-12	4.56e-07	1.33e-03	9.99e-01
 2.00137e+22	0.00e+00	1.21e-26	7.46e-21	4.87e-16	1.11e-11	4.97e-07	1.39e-03	9.99e-01
 2.03069e+22	0.00e+00	1.53e-26	9.10e-21	5.73e-16	1.26e-11	5.39e-07	1.44e-03	9.99e-01
 2.06430e+22	0.00e+00	2.03e-26	1.16e-20	6.99e-16	1.46e-11	5.95e-07	1.51e-03	9.98e-01
 2.09965e+22	0.00e+00	2.67e-26	1.46e-20	8.44e-16	1.69e-11	6.54e-07	1.58e-03	9.98e-01
 2.13005e+22	0.00e+00	3.41e-26	1.79e-20	9.96e-16	1.92e-11	7.11e-07	1.65e-03	9.98e-01
 2.15636e+22	2.10e-33	4.21e-26	2.14e-20	1.15e-15	2.15e-11	7.65e-07	1.71e-03	9.98e-01
 2.18457e+22	2.76e-33	5.33e-26	2.61e-20	1.36e-15	2.44e-11	8.31e-07	1.78e-03	9.98e-01
 2.21519e+22	3.64e-33	6.76e-26	3.18e-20	1.60e-15	2.77e-11	9.02e-07	1.85e-03	9.98e-01
 2.24335e+22	4.71e-33	8.45e-26	3.84e-20	1.86e-15	3.11e-11	9.74e-07	1.92e-03	9.98e-01
 2.27436e+22	6.41e-33	1.10e-25	4.81e-20	2.24e-15	3.59e-11	1.07e-06	2.01e-03	9.98e-01
 2.30575e+22	8.49e-33	1.40e-25	5.89e-20	2.63e-15	4.07e-11	1.16e-06	2.09e-03	9.98e-01
 2.33180e+22	1.08e-32	1.73e-25	7.01e-20	3.04e-15	4.54e-11	1.25e-06	2.16e-03	9.98e-01
 2.35980e+22	1.43e-32	2.20e-25	8.59e-20	3.59e-15	5.17e-11	1.36e-06	2.25e-03	9.98e-01
 2.39005e+22	1.89e-32	2.80e-25	1.05e-19	4.23e-15	5.87e-11	1.47e-06	2.34e-03	9.98e-01
 2.41755e+22	2.42e-32	3.46e-25	1.26e-19	4.89e-15	6.57e-11	1.59e-06	2.43e-03	9.98e-01
 2.44254e+22	3.04e-32	4.22e-25	1.48e-19	5.61e-15	7.30e-11	1.70e-06	2.51e-03	9.97e-01
 2.46628e+22	3.78e-32	5.09e-25	1.74e-19	6.38e-15	8.07e-11	1.82e-06	2.59e-03	9.97e-01
 2.49349e+22	4.91e-32	6.38e-25	2.10e-19	7.47e-15	9.12e-11	1.96e-06	2.69e-03	9.97e-01
 2.52247e+22	6.39e-32	8.00e-25	2.54e-19	8.71e-15	1.03e-10	2.12e-06	2.80e-03	9.97e-01
 2.54807e+22	8.09e-32	9.79e-25	3.02e-19	1.00e-14	1.14e-10	2.28e-06	2.90e-03	9.97e-01
 2.57567e+22	1.06e-31	1.24e-24	3.68e-19	1.18e-14	1.30e-10	2.48e-06	3.01e-03	9.97e-01
 2.60387e+22	1.37e-31	1.54e-24	4.41e-19	1.36e-14	1.45e-10	2.67e-06	3.13e-03	9.97e-01
 2.62777e+22	1.70e-31	1.86e-24	5.17e-19	1.55e-14	1.60e-10	2.85e-06	3.23e-03	9.97e-01
 2.65379e+22	2.20e-31	2.31e-24	6.23e-19	1.81e-14	1.81e-10	3.08e-06	3.35e-03	9.97e-01
 2.68177e+22	2.84e-31	2.89e-24	7.49e-19	2.10e-14	2.03e-10	3.33e-06	3.48e-03	9.97e-01
 2.70707e+22	3.56e-31	3.51e-24	8.83e-19	2.41e-14	2.25e-10	3.56e-06	3.60e-03	9.96e-01
 2.73047e+22	4.43e-31	4.23e-24	1.03e-18	2.73e-14	2.48e-10	3.80e-06	3.71e-03	9.96e-01
 2.75311e+22	5.45e-31	5.05e-24	1.20e-18	3.09e-14	2.73e-10	4.05e-06	3.83e-03	9.96e-01
 2.77905e+22	7.01e-31	6.28e-24	1.44e-18	3.59e-14	3.07e-10	4.37e-06	3.97e-03	9.96e-01
 2.80662e+22	8.98e-31	7.76e-24	1.72e-18	4.15e-14	3.43e-10	4.71e-06	4.12e-03	9.96e-01
 2.83122e+22	1.13e-30	9.45e-24	2.03e-18	4.74e-14	3.80e-10	5.04e-06	4.26e-03	9.96e-01
 2.85812e+22	1.47e-30	1.19e-23	2.46e-18	5.56e-14	4.30e-10	5.47e-06	4.43e-03	9.96e-01
 2.88667e+22	1.91e-30	1.48e-23	2.96e-18	6.46e-14	4.83e-10	5.91e-06	4.60e-03	9.95e-01
 2.91084e+22	2.38e-30	1.79e-23	3.46e-18	7.33e-14	5.32e-10	6.31e-06	4.75e-03	9.95e-01
 2.93573e+22	3.04e-30	2.21e-23	4.14e-18	8.49e-14	5.96e-10	6.80e-06	4.93e-03	9.95e-01
 2.96230e+22	3.86e-30	2.71e-23	4.91e-18	9.74e-14	6.62e-10	7.31e-06	5.11e-03	9.95e-01
 2.98654e+22	4.83e-30	3.29e-23	5.76e-18	1.11e-13	7.32e-10	7.82e-06	5.28e-03	9.95e-01
 3.01357e+22	6.32e-30	4.13e-23	6.99e-18	1.30e-13	8.26e-10	8.48e-06	5.49e-03	9.94e-01
 3.04196e+22	8.26e-30	5.19e-23	8.44e-18	1.51e-13	9.26e-10	9.17e-06	5.72e-03	9.94e-01
 3.06538e+22	1.01e-29	6.17e-23	9.76e-18	1.70e-13	1.02e-09	9.76e-06	5.89e-03	9.94e-01
 3.08910e+22	1.29e-29	7.59e-23	1.16e-17	1.96e-13	1.13e-09	1.05e-05	6.11e-03	9.94e-01
 3.11461e+22	1.62e-29	9.24e-23	1.37e-17	2.23e-13	1.25e-09	1.12e-05	6.32e-03	9.94e-01
 3.13850e+22	2.03e-29	1.12e-22	1.60e-17	2.54e-13	1.38e-09	1.20e-05	6.54e-03	9.93e-01
 3.16560e+22	2.67e-29	1.41e-22	1.94e-17	2.97e-13	1.55e-09	1.30e-05	6.81e-03	9.93e-01
 3.19364e+22	3.49e-29	1.77e-22	2.34e-17	3.45e-13	1.73e-09	1.41e-05	7.10e-03	9.93e-01
 3.21628e+22	4.27e-29	2.10e-22	2.70e-17	3.87e-13	1.89e-09	1.50e-05	7.31e-03	9.93e-01
 3.23909e+22	5.43e-29	2.58e-22	3.20e-17	4.43e-13	2.09e-09	1.61e-05	7.59e-03	9.92e-01
 3.26368e+22	6.79e-29	3.12e-22	3.74e-17	5.02e-13	2.30e-09	1.72e-05	7.85e-03	9.92e-01
 3.28702e+22	8.54e-29	3.79e-22	4.39e-17	5.71e-13	2.53e-09	1.84e-05	8.12e-03	9.92e-01
 3.31015e+22	1.07e-28	4.60e-22	5.15e-17	6.47e-13	2.78e-09	1.96e-05	8.41e-03	9.92e-01
 3.33659e+22	1.44e-28	5.87e-22	6.29e-17	7.59e-13	3.12e-09	2.14e-05	8.79e-03	9.91e-01
 3.36225e+22	1.80e-28	7.09e-22	7.35e-17	8.59e-13	3.42e-09	2.28e-05	9.10e-03	9.91e-01
 3.38318e+22	2.23e-28	8.50e-22	8.53e-17	9.65e-13	3.72e-09	2.42e-05	9.40e-03	9.91e-01
 3.40667e+22	2.86e-28	1.05e-21	1.01e-16	1.11e-12	4.12e-09	2.61e-05	9.77e-03	9.90e-01
 3.43163e+22	3.66e-28	1.29e-21	1.20e-16	1.26e-12	4.52e-09	2.80e-05	1.01e-02	9.90e-01
 3.45381e+22	4.56e-28	1.55e-21	1.39e-16	1.42e-12	4.93e-09	2.98e-05	1.05e-02	9.89e-01
 3.47431e+22	5.66e-28	1.86e-21	1.61e-16	1.59e-12	5.34e-09	3.16e-05	1.08e-02	9.89e-01
 3.49415e+22	6.92e-28	2.20e-21	1.85e-16	1.77e-12	5.77e-09	3.35e-05	1.12e-02	9.89e-01
 3.51679e+22	8.95e-28	2.73e-21	2.20e-16	2.03e-12	6.36e-09	3.60e-05	1.16e-02	9.88e-01
 3.54020e+22	1.13e-27	3.31e-21	2.58e-16	2.29e-12	6.93e-09	3.84e-05	1.20e-02	9.88e-01
 3.56074e+22	1.41e-27	3.98e-21	2.99e-16	2.57e-12	7.51e-09	4.09e-05	1.25e-02	9.87e-01
 3.58358e+22	1.84e-27	4.98e-21	3.59e-16	2.96e-12	8.29e-09	4.40e-05	1.30e-02	9.87e-01
 3.60706e+22	2.33e-27	6.06e-21	4.20e-16	3.34e-12	9.03e-09	4.70e-05	1.35e-02	9.86e-01
 3.62717e+22	2.90e-27	7.26e-21	4.86e-16	3.74e-12	9.76e-09	4.99e-05	1.39e-02	9.86e-01
 3.64616e+22	3.56e-27	8.61e-21	5.57e-16	4.15e-12	1.05e-08	5.28e-05	1.44e-02	9.86e-01
 3.66788e+22	4.63e-27	1.07e-20	6.65e-16	4.76e-12	1.15e-08	5.68e-05	1.50e-02	9.85e-01
 3.69016e+22	5.85e-27	1.30e-20	7.77e-16	5.36e-12	1.25e-08	6.06e-05	1.55e-02	9.84e-01
 3.70965e+22	7.29e-27	1.56e-20	8.99e-16	5.99e-12	1.35e-08	6.43e-05	1.60e-02	9.84e-01
 3.73145e+22	9.63e-27	1.97e-20	1.08e-15	6.90e-12	1.49e-08	6.94e-05	1.67e-02	9.83e-01
 3.75302e+22	1.20e-26	2.36e-20	1.25e-15	7.71e-12	1.60e-08	7.36e-05	1.73e-02	9.83e-01
 3.77428e+22	1.58e-26	2.96e-20	1.50e-15	8.85e-12	1.76e-08	7.93e-05	1.80e-02	9.82e-01
 3.79582e+22	1.97e-26	3.57e-20	1.74e-15	9.94e-12	1.91e-08	8.44e-05	1.86e-02	9.81e-01
 3.81459e+22	2.47e-26	4.29e-20	2.02e-15	1.11e-11	2.05e-08	8.97e-05	1.93e-02	9.81e-01
 3.83308e+22	3.05e-26	5.12e-20	2.33e-15	1.24e-11	2.21e-08	9.50e-05	1.99e-02	9.80e-01
 3.85429e+22	4.02e-26	6.43e-20	2.80e-15	1.42e-11	2.43e-08	1.02e-04	2.07e-02	9.79e-01
 3.87603e+22	5.14e-26	7.88e-20	3.29e-15	1.61e-11	2.64e-08	1.09e-04	2.15e-02	9.78e-01
 3.89498e+22	6.46e-26	9.53e-20	3.83e-15	1.81e-11	2.85e-08	1.16e-04	2.22e-02	9.78e-01
 3.91330e+22	8.13e-26	1.15e-19	4.47e-15	2.03e-11	3.08e-08	1.24e-04	2.30e-02	9.77e-01
 3.93425e+22	1.08e-25	1.46e-19	5.40e-15	2.35e-11	3.40e-08	1.34e-04	2.40e-02	9.76e-01
 3.95573e+22	1.38e-25	1.79e-19	6.34e-15	2.65e-11	3.69e-08	1.43e-04	2.49e-02	9.75e-01
 3.97788e+22	1.88e-25	2.31e-19	7.81e-15	3.11e-11	4.11e-08	1.55e-04	2.60e-02	9.74e-01
 4.00020e+22	2.44e-25	2.87e-19	9.27e-15	3.54e-11	4.48e-08	1.66e-04	2.70e-02	9.73e-01
 4.01854e+22	3.05e-25	3.45e-19	1.08e-14	3.96e-11	4.83e-08	1.77e-04	2.79e-02	9.72e-01
 4.03818e+22	4.06e-25	4.37e-19	1.30e-14	4.58e-11	5.33e-08	1.91e-04	2.91e-02	9.71e-01
 4.05822e+22	5.19e-25	5.37e-19	1.53e-14	5.19e-11	5.79e-08	2.03e-04	3.01e-02	9.70e-01
 4.07449e+22	6.36e-25	6.35e-19	1.76e-14	5.75e-11	6.20e-08	2.15e-04	3.10e-02	9.69e-01
 4.09138e+22	8.20e-25	7.85e-19	2.09e-14	6.55e-11	6.76e-08	2.30e-04	3.21e-02	9.68e-01
 4.10753e+22	9.93e-25	9.21e-19	2.37e-14	7.22e-11	7.21e-08	2.42e-04	3.30e-02	9.67e-01
 4.12052e+22	1.20e-24	1.08e-18	2.69e-14	7.95e-11	7.69e-08	2.54e-04	3.39e-02	9.66e-01
 4.13326e+22	1.44e-24	1.25e-18	3.04e-14	8.71e-11	8.18e-08	2.66e-04	3.47e-02	9.65e-01
 4.14571e+22	1.70e-24	1.44e-18	3.39e-14	9.48e-11	8.65e-08	2.78e-04	3.55e-02	9.64e-01
 4.15977e+22	2.12e-24	1.73e-18	3.95e-14	1.06e-10	9.34e-08	2.95e-04	3.66e-02	9.63e-01
 4.17390e+22	2.58e-24	2.04e-18	4.50e-14	1.17e-10	9.98e-08	3.10e-04	3.76e-02	9.62e-01
 4.18584e+22	3.08e-24	2.37e-18	5.08e-14	1.29e-10	1.06e-07	3.24e-04	3.85e-02	9.61e-01
 4.19703e+22	3.68e-24	2.74e-18	5.72e-14	1.41e-10	1.13e-07	3.39e-04	3.94e-02	9.60e-01
 4.20782e+22	4.32e-24	3.14e-18	6.37e-14	1.53e-10	1.19e-07	3.54e-04	4.03e-02	9.59e-01
 4.22009e+22	5.37e-24	3.76e-18	7.38e-14	1.71e-10	1.28e-07	3.73e-04	4.14e-02	9.58e-01
 4.23262e+22	6.41e-24	4.36e-18	8.32e-14	1.87e-10	1.36e-07	3.91e-04	4.24e-02	9.57e-01
 4.24549e+22	8.05e-24	5.28e-18	9.72e-14	2.11e-10	1.47e-07	4.14e-04	4.37e-02	9.56e-01
 4.25845e+22	9.85e-24	6.25e-18	1.11e-13	2.34e-10	1.58e-07	4.35e-04	4.48e-02	9.55e-01
 4.26882e+22	1.16e-23	7.17e-18	1.25e-13	2.55e-10	1.67e-07	4.53e-04	4.57e-02	9.54e-01
 4.27958e+22	1.43e-23	8.53e-18	1.43e-13	2.84e-10	1.79e-07	4.77e-04	4.69e-02	9.53e-01
 4.29069e+22	1.69e-23	9.85e-18	1.61e-13	3.10e-10	1.90e-07	4.98e-04	4.80e-02	9.52e-01
 4.30225e+22	2.15e-23	1.21e-17	1.90e-13	3.51e-10	2.07e-07	5.28e-04	4.94e-02	9.50e-01
 4.31360e+22	2.56e-23	1.39e-17	2.14e-13	3.84e-10	2.20e-07	5.51e-04	5.05e-02	9.49e-01
 4.32467e+22	3.30e-23	1.73e-17	2.54e-13	4.39e-10	2.40e-07	5.85e-04	5.20e-02	9.47e-01
 4.33558e+22	3.93e-23	2.00e-17	2.86e-13	4.80e-10	2.55e-07	6.11e-04	5.31e-02	9.46e-01
 4.34626e+22	4.97e-23	2.44e-17	3.37e-13	5.43e-10	2.76e-07	6.46e-04	5.46e-02	9.45e-01
 4.35734e+22	6.12e-23	2.90e-17	3.89e-13	6.06e-10	2.97e-07	6.79e-04	5.60e-02	9.43e-01
 4.36696e+22	7.34e-23	3.39e-17	4.41e-13	6.67e-10	3.17e-07	7.09e-04	5.72e-02	9.42e-01
 4.37750e+22	9.61e-23	4.25e-17	5.30e-13	7.68e-10	3.48e-07	7.54e-04	5.90e-02	9.40e-01
 4.38791e+22	1.15e-22	4.96e-17	6.02e-13	8.46e-10	3.71e-07	7.88e-04	6.02e-02	9.39e-01
 4.39815e+22	1.51e-22	6.22e-17	7.24e-13	9.73e-10	4.07e-07	8.37e-04	6.20e-02	9.37e-01
 4.40820e+22	1.80e-22	7.24e-17	8.20e-13	1.07e-09	4.34e-07	8.73e-04	6.33e-02	9.36e-01
 4.41802e+22	2.38e-22	9.15e-17	9.92e-13	1.24e-09	4.78e-07	9.30e-04	6.53e-02	9.34e-01
 4.42778e+22	2.86e-22	1.07e-16	1.13e-12	1.37e-09	5.10e-07	9.70e-04	6.66e-02	9.32e-01
 4.43747e+22	3.79e-22	1.36e-16	1.37e-12	1.58e-09	5.63e-07	1.03e-03	6.87e-02	9.30e-01
 4.44721e+22	4.63e-22	1.61e-16	1.58e-12	1.76e-09	6.05e-07	1.08e-03	7.02e-02	9.29e-01
 4.45705e+22	6.22e-22	2.07e-16	1.94e-12	2.06e-09	6.70e-07	1.16e-03	7.25e-02	9.26e-01
 4.46698e+22	7.71e-22	2.49e-16	2.25e-12	2.31e-09	7.24e-07	1.21e-03	7.42e-02	9.25e-01
 4.47704e+22	1.04e-21	3.20e-16	2.77e-12	2.70e-09	8.04e-07	1.30e-03	7.65e-02	9.22e-01
 4.48701e+22	1.29e-21	3.86e-16	3.24e-12	3.04e-09	8.70e-07	1.36e-03	7.84e-02	9.20e-01
 4.49685e+22	1.75e-21	4.99e-16	3.99e-12	3.57e-09	9.67e-07	1.45e-03	8.09e-02	9.18e-01
 4.50683e+22	2.21e-21	6.11e-16	4.71e-12	4.05e-09	1.05e-06	1.53e-03	8.29e-02	9.16e-01
 4.51702e+22	3.03e-21	7.99e-16	5.88e-12	4.80e-09	1.18e-06	1.64e-03	8.57e-02	9.13e-01
 4.52732e+22	3.89e-21	9.87e-16	7.00e-12	5.48e-09	1.29e-06	1.74e-03	8.79e-02	9.10e-01
 4.53778e+22	5.41e-21	1.31e-15	8.83e-12	6.54e-09	1.45e-06	1.87e-03	9.10e-02	9.07e-01
 4.54830e+22	6.95e-21	1.62e-15	1.05e-11	7.48e-09	1.58e-06	1.97e-03	9.34e-02	9.05e-01
 4.55737e+22	8.90e-21	2.00e-15	1.25e-11	8.55e-09	1.73e-06	2.09e-03	9.58e-02	9.02e-01
 4.56764e+22	1.24e-20	2.65e-15	1.58e-11	1.02e-08	1.95e-06	2.24e-03	9.91e-02	8.99e-01
 4.57789e+22	1.56e-20	3.24e-15	1.86e-11	1.16e-08	2.12e-06	2.36e-03	1.02e-01	8.96e-01
 4.58813e+22	2.15e-20	4.26e-15	2.34e-11	1.37e-08	2.38e-06	2.54e-03	1.05e-01	8.92e-01
 4.59846e+22	2.72e-20	5.20e-15	2.76e-11	1.56e-08	2.59e-06	2.67e-03	1.08e-01	8.90e-01
 4.60893e+22	3.75e-20	6.85e-15	3.46e-11	1.85e-08	2.91e-06	2.87e-03	1.11e-01	8.86e-01
 4.61959e+22	4.75e-20	8.38e-15	4.09e-11	2.11e-08	3.18e-06	3.03e-03	1.14e-01	8.83e-01
 4.63050e+22	6.48e-20	1.09e-14	5.11e-11	2.50e-08	3.56e-06	3.25e-03	1.18e-01	8.79e-01
 4.64177e+22	8.36e-20	1.36e-14	6.12e-11	2.87e-08	3.91e-06	3.45e-03	1.21e-01	8.76e-01
 4.65351e+22	1.15e-19	1.80e-14	7.69e-11	3.42e-08	4.41e-06	3.71e-03	1.25e-01	8.71e-01
 4.66552e+22	1.49e-19	2.23e-14	9.21e-11	3.93e-08	4.85e-06	3.94e-03	1.29e-01	8.67e-01
 4.67621e+22	1.90e-19	2.76e-14	1.10e-10	4.50e-08	5.32e-06	4.17e-03	1.32e-01	8.64e-01
 4.68843e+22	2.60e-19	3.61e-14	1.37e-10	5.34e-08	5.98e-06	4.49e-03	1.37e-01	8.59e-01
 4.70082e+22	3.31e-19	4.44e-14	1.63e-10	6.10e-08	6.55e-06	4.75e-03	1.40e-01	8.55e-01
 4.71343e+22	4.51e-19	5.78e-14	2.03e-10	7.23e-08	7.37e-06	5.11e-03	1.45e-01	8.50e-01
 4.72567e+22	5.59e-19	6.95e-14	2.37e-10	8.14e-08	7.99e-06	5.38e-03	1.48e-01	8.46e-01
 4.73745e+22	7.39e-19	8.84e-14	2.90e-10	9.51e-08	8.90e-06	5.75e-03	1.53e-01	8.42e-01
 4.74944e+22	9.12e-19	1.06e-13	3.37e-10	1.07e-07	9.65e-06	6.04e-03	1.56e-01	8.38e-01
 4.76173e+22	1.21e-18	1.35e-13	4.13e-10	1.25e-07	1.08e-05	6.47e-03	1.61e-01	8.32e-01
 4.77420e+22	1.49e-18	1.61e-13	4.78e-10	1.40e-07	1.17e-05	6.80e-03	1.65e-01	8.28e-01
 4.78689e+22	1.97e-18	2.06e-13	5.85e-10	1.64e-07	1.30e-05	7.28e-03	1.70e-01	8.23e-01
 4.79936e+22	2.38e-18	2.42e-13	6.70e-10	1.83e-07	1.40e-05	7.63e-03	1.73e-01	8.19e-01
 4.81154e+22	3.09e-18	3.03e-13	8.09e-10	2.12e-07	1.55e-05	8.13e-03	1.78e-01	8.14e-01
 4.82397e+22	3.74e-18	3.57e-13	9.28e-10	2.36e-07	1.67e-05	8.53e-03	1.82e-01	8.09e-01
 4.83672e+22	4.86e-18	4.47e-13	1.12e-09	2.73e-07	1.86e-05	9.09e-03	1.87e-01	8.04e-01
 4.84972e+22	5.90e-18	5.28e-13	1.29e-09	3.05e-07	2.01e-05	9.55e-03	1.91e-01	7.99e-01
 4.86303e+22	7.68e-18	6.62e-13	1.56e-09	3.54e-07	2.23e-05	1.02e-02	1.97e-01	7.93e-01
 4.87658e+22	9.33e-18	7.84e-13	1.79e-09	3.95e-07	2.41e-05	1.07e-02	2.01e-01	7.88e-01
 4.89043e+22	1.21e-17	9.83e-13	2.17e-09	4.59e-07	2.68e-05	1.14e-02	2.07e-01	7.82e-01
 4.90455e+22	1.48e-17	1.16e-12	2.50e-09	5.14e-07	2.90e-05	1.20e-02	2.11e-01	7.77e-01
 4.91900e+22	1.92e-17	1.46e-12	3.03e-09	5.97e-07	3.22e-05	1.28e-02	2.17e-01	7.70e-01
 4.93313e+22	2.29e-17	1.70e-12	3.43e-09	6.59e-07	3.46e-05	1.34e-02	2.21e-01	7.65e-01
 4.94683e+22	2.93e-17	2.10e-12	4.11e-09	7.60e-07	3.82e-05	1.43e-02	2.27e-01	7.58e-01
 4.96075e+22	3.49e-17	2.44e-12	4.66e-09	8.40e-07	4.10e-05	1.49e-02	2.32e-01	7.53e-01
 4.97496e+22	4.44e-17	3.01e-12	5.55e-09	9.64e-07	4.53e-05	1.59e-02	2.38e-01	7.46e-01
 4.98961e+22	5.38e-17	3.55e-12	6.38e-09	1.08e-06	4.90e-05	1.67e-02	2.43e-01	7.41e-01
 5.00484e+22	6.83e-17	4.37e-12	7.60e-09	1.24e-06	5.41e-05	1.77e-02	2.49e-01	7.33e-01
 5.02058e+22	8.37e-17	5.20e-12	8.80e-09	1.39e-06	5.88e-05	1.86e-02	2.54e-01	7.27e-01
 5.03696e+22	1.07e-16	6.45e-12	1.05e-08	1.60e-06	6.51e-05	1.99e-02	2.61e-01	7.19e-01
 5.05380e+22	1.32e-16	7.72e-12	1.23e-08	1.81e-06	7.09e-05	2.10e-02	2.67e-01	7.12e-01
 5.07123e+22	1.71e-16	9.62e-12	1.48e-08	2.10e-06	7.88e-05	2.24e-02	2.74e-01	7.04e-01
 5.08925e+22	2.12e-16	1.16e-11	1.73e-08	2.38e-06	8.63e-05	2.36e-02	2.80e-01	6.96e-01
 5.10803e+22	2.77e-16	1.46e-11	2.10e-08	2.78e-06	9.63e-05	2.53e-02	2.88e-01	6.87e-01
 5.12727e+22	3.47e-16	1.77e-11	2.47e-08	3.16e-06	1.06e-04	2.68e-02	2.94e-01	6.79e-01
 5.14452e+22	4.28e-16	2.12e-11	2.88e-08	3.57e-06	1.15e-04	2.83e-02	3.00e-01	6.71e-01
 5.16434e+22	5.71e-16	2.73e-11	3.55e-08	4.22e-06	1.30e-04	3.04e-02	3.09e-01	6.61e-01
 5.18428e+22	7.03e-16	3.26e-11	4.13e-08	4.76e-06	1.42e-04	3.21e-02	3.15e-01	6.53e-01
 5.20438e+22	9.33e-16	4.16e-11	5.07e-08	5.60e-06	1.59e-04	3.44e-02	3.24e-01	6.42e-01
 5.22491e+22	1.17e-15	5.06e-11	5.98e-08	6.39e-06	1.75e-04	3.65e-02	3.31e-01	6.33e-01
 5.24599e+22	1.56e-15	6.51e-11	7.39e-08	7.57e-06	1.97e-04	3.92e-02	3.40e-01	6.21e-01
 5.26739e+22	1.98e-15	7.97e-11	8.76e-08	8.67e-06	2.18e-04	4.16e-02	3.47e-01	6.11e-01
 5.28922e+22	2.69e-15	1.04e-10	1.10e-07	1.04e-05	2.47e-04	4.49e-02	3.57e-01	5.98e-01
 5.30985e+22	3.28e-15	1.23e-10	1.27e-07	1.16e-05	2.69e-04	4.72e-02	3.63e-01	5.89e-01
 5.32894e+22	4.30e-15	1.56e-10	1.55e-07	1.36e-05	3.01e-04	5.05e-02	3.72e-01	5.78e-01
 5.34817e+22	5.25e-15	1.85e-10	1.79e-07	1.53e-05	3.27e-04	5.31e-02	3.78e-01	5.69e-01
 5.36761e+22	6.93e-15	2.36e-10	2.19e-07	1.81e-05	3.67e-04	5.69e-02	3.87e-01	5.56e-01
 5.38723e+22	8.55e-15	2.83e-10	2.56e-07	2.04e-05	4.01e-04	5.99e-02	3.93e-01	5.46e-01
 5.40707e+22	1.13e-14	3.61e-10	3.15e-07	2.42e-05	4.52e-04	6.43e-02	4.02e-01	5.33e-01
 5.42720e+22	1.41e-14	4.36e-10	3.69e-07	2.75e-05	4.95e-04	6.78e-02	4.09e-01	5.23e-01
 5.44768e+22	1.88e-14	5.61e-10	4.58e-07	3.27e-05	5.61e-04	7.29e-02	4.18e-01	5.08e-01
 5.46845e+22	2.34e-14	6.80e-10	5.39e-07	3.73e-05	6.17e-04	7.70e-02	4.25e-01	4.97e-01
 5.48958e+22	3.15e-14	8.79e-10	6.72e-07	4.46e-05	7.01e-04	8.29e-02	4.34e-01	4.82e-01
 5.51117e+22	3.98e-14	1.08e-09	8.01e-07	5.15e-05	7.77e-04	8.79e-02	4.41e-01	4.70e-01
 5.53337e+22	5.40e-14	1.41e-09	1.01e-06	6.22e-05	8.89e-04	9.49e-02	4.50e-01	4.54e-01
 5.55599e+22	6.88e-14	1.74e-09	1.21e-06	7.23e-05	9.90e-04	1.01e-01	4.57e-01	4.41e-01
 5.57839e+22	9.23e-14	2.25e-09	1.51e-06	8.70e-05	1.13e-03	1.09e-01	4.66e-01	4.24e-01
 5.59969e+22	1.14e-13	2.70e-09	1.77e-06	9.93e-05	1.24e-03	1.15e-01	4.71e-01	4.13e-01
 5.62030e+22	1.49e-13	3.44e-09	2.19e-06	1.18e-04	1.41e-03	1.23e-01	4.79e-01	3.97e-01
 5.64130e+22	1.84e-13	4.14e-09	2.57e-06	1.36e-04	1.56e-03	1.30e-01	4.84e-01	3.85e-01
 5.66187e+22	2.37e-13	5.17e-09	3.13e-06	1.60e-04	1.76e-03	1.39e-01	4.90e-01	3.69e-01
 5.68287e+22	2.93e-13	6.25e-09	3.71e-06	1.85e-04	1.95e-03	1.47e-01	4.95e-01	3.56e-01
 5.70333e+22	3.68e-13	7.66e-09	4.44e-06	2.16e-04	2.19e-03	1.56e-01	5.00e-01	3.42e-01
 5.72420e+22	4.54e-13	9.26e-09	5.26e-06	2.51e-04	2.44e-03	1.65e-01	5.04e-01	3.29e-01
 5.74488e+22	5.61e-13	1.12e-08	6.25e-06	2.91e-04	2.72e-03	1.75e-01	5.07e-01	3.15e-01
 5.76567e+22	6.86e-13	1.34e-08	7.37e-06	3.36e-04	3.03e-03	1.85e-01	5.10e-01	3.02e-01
 5.78622e+22	8.33e-13	1.60e-08	8.65e-06	3.87e-04	3.36e-03	1.95e-01	5.12e-01	2.89e-01
 5.80673e+22	1.00e-12	1.89e-08	1.01e-05	4.45e-04	3.73e-03	2.06e-01	5.14e-01	2.76e-01
 5.82729e+22	1.20e-12	2.24e-08	1.18e-05	5.11e-04	4.14e-03	2.17e-01	5.15e-01	2.63e-01
 5.84794e+22	1.43e-12	2.63e-08	1.37e-05	5.85e-04	4.58e-03	2.28e-01	5.16e-01	2.51e-01
 5.86871e+22	1.70e-12	3.07e-08	1.59e-05	6.70e-04	5.06e-03	2.39e-01	5.16e-01	2.39e-01
 5.88968e+22	2.00e-12	3.58e-08	1.84e-05	7.64e-04	5.59e-03	2.51e-01	5.15e-01	2.27e-01
 5.91091e+22	2.35e-12	4.16e-08	2.12e-05	8.72e-04	6.18e-03	2.63e-01	5.14e-01	2.16e-01
 5.93223e+22	2.74e-12	4.81e-08	2.43e-05	9.90e-04	6.81e-03	2.76e-01	5.12e-01	2.05e-01
 5.95391e+22	3.20e-12	5.56e-08	2.80e-05	1.13e-03	7.51e-03	2.89e-01	5.09e-01	1.94e-01
 5.97585e+22	3.70e-12	6.38e-08	3.20e-05	1.28e-03	8.26e-03	3.02e-01	5.06e-01	1.83e-01
 5.99823e+22	4.29e-12	7.35e-08	3.67e-05	1.45e-03	9.12e-03	3.15e-01	5.02e-01	1.72e-01
 6.01904e+22	4.82e-12	8.21e-08	4.09e-05	1.61e-03	9.86e-03	3.27e-01	4.98e-01	1.64e-01
 6.04051e+22	5.56e-12	9.44e-08	4.70e-05	1.83e-03	1.09e-02	3.41e-01	4.92e-01	1.54e-01
 6.06233e+22	6.23e-12	1.05e-07	5.23e-05	2.02e-03	1.18e-02	3.53e-01	4.88e-01	1.46e-01
 6.08461e+22	7.15e-12	1.21e-07	5.99e-05	2.30e-03	1.30e-02	3.68e-01	4.81e-01	1.36e-01
 6.10698e+22	7.98e-12	1.34e-07	6.64e-05	2.53e-03	1.40e-02	3.79e-01	4.75e-01	1.29e-01
 6.12949e+22	9.10e-12	1.53e-07	7.57e-05	2.87e-03	1.54e-02	3.94e-01	4.67e-01	1.20e-01
 6.15213e+22	1.01e-11	1.69e-07	8.37e-05	3.15e-03	1.66e-02	4.06e-01	4.61e-01	1.14e-01
 6.17494e+22	1.15e-11	1.91e-07	9.51e-05	3.54e-03	1.82e-02	4.21e-01	4.52e-01	1.06e-01
 6.19796e+22	1.27e-11	2.11e-07	1.05e-04	3.88e-03	1.95e-02	4.32e-01	4.45e-01	9.96e-02
 6.22123e+22	1.43e-11	2.39e-07	1.19e-04	4.36e-03	2.13e-02	4.47e-01	4.35e-01	9.22e-02
 6.24479e+22	1.58e-11	2.64e-07	1.31e-04	4.77e-03	2.29e-02	4.58e-01	4.27e-01	8.68e-02
 6.26873e+22	1.78e-11	2.98e-07	1.49e-04	5.34e-03	2.50e-02	4.73e-01	4.17e-01	8.01e-02
 6.29308e+22	1.97e-11	3.29e-07	1.64e-04	5.84e-03	2.68e-02	4.84e-01	4.08e-01	7.51e-02
 6.31795e+22	2.23e-11	3.71e-07	1.86e-04	6.54e-03	2.92e-02	4.98e-01	3.97e-01	6.89e-02
 6.34335e+22	2.47e-11	4.11e-07	2.06e-04	7.15e-03	3.13e-02	5.09e-01	3.88e-01	6.44e-02
 6.36944e+22	2.79e-11	4.66e-07	2.34e-04	8.02e-03	3.42e-02	5.23e-01	3.75e-01	5.88e-02
 6.39615e+22	3.11e-11	5.18e-07	2.60e-04	8.77e-03	3.66e-02	5.34e-01	3.66e-01	5.46e-02
 6.41867e+22	3.40e-11	5.67e-07	2.84e-04	9.49e-03	3.89e-02	5.43e-01	3.57e-01	5.12e-02
 6.44297e+22	3.81e-11	6.36e-07	3.20e-04	1.05e-02	4.20e-02	5.55e-01	3.45e-01	4.69e-02
 6.46761e+22	4.19e-11	6.98e-07	3.51e-04	1.13e-02	4.45e-02	5.64e-01	3.36e-01	4.38e-02
 6.48895e+22	4.57e-11	7.61e-07	3.83e-04	1.22e-02	4.70e-02	5.72e-01	3.27e-01	4.10e-02
 6.51292e+22	5.09e-11	8.50e-07	4.28e-04	1.34e-02	5.05e-02	5.82e-01	3.16e-01	3.75e-02
 6.53676e+22	5.59e-11	9.30e-07	4.67e-04	1.44e-02	5.32e-02	5.89e-01	3.08e-01	3.51e-02
 6.56042e+22	6.22e-11	1.04e-06	5.22e-04	1.57e-02	5.69e-02	5.98e-01	2.96e-01	3.22e-02
 6.58443e+22	6.85e-11	1.14e-06	5.71e-04	1.69e-02	5.99e-02	6.05e-01	2.88e-01	3.00e-02
 6.60889e+22	7.66e-11	1.27e-06	6.39e-04	1.85e-02	6.41e-02	6.13e-01	2.77e-01	2.74e-02
 6.63377e+22	8.49e-11	1.40e-06	7.01e-04	1.98e-02	6.74e-02	6.18e-01	2.68e-01	2.55e-02
 6.65920e+22	9.52e-11	1.58e-06	7.87e-04	2.17e-02	7.21e-02	6.26e-01	2.57e-01	2.31e-02
 6.68501e+22	1.06e-10	1.74e-06	8.66e-04	2.33e-02	7.57e-02	6.31e-01	2.48e-01	2.15e-02
 6.71133e+22	1.20e-10	1.97e-06	9.76e-04	2.55e-02	8.09e-02	6.36e-01	2.37e-01	1.94e-02
 6.73829e+22	1.34e-10	2.19e-06	1.08e-03	2.75e-02	8.51e-02	6.40e-01	2.28e-01	1.79e-02
 6.76606e+22	1.53e-10	2.49e-06	1.22e-03	3.01e-02	9.09e-02	6.45e-01	2.17e-01	1.60e-02
 6.79452e+22	1.72e-10	2.78e-06	1.36e-03	3.25e-02	9.57e-02	6.48e-01	2.08e-01	1.47e-02
 6.82386e+22	1.99e-10	3.20e-06	1.55e-03	3.57e-02	1.02e-01	6.51e-01	1.96e-01	1.31e-02
 6.85347e+22	2.26e-10	3.60e-06	1.73e-03	3.85e-02	1.07e-01	6.53e-01	1.88e-01	1.19e-02
 6.88346e+22	2.61e-10	4.14e-06	1.98e-03	4.23e-02	1.15e-01	6.54e-01	1.77e-01	1.06e-02
 6.91376e+22	2.99e-10	4.68e-06	2.20e-03	4.55e-02	1.20e-01	6.54e-01	1.69e-01	9.62e-03
 6.94447e+22	3.48e-10	5.41e-06	2.53e-03	5.00e-02	1.28e-01	6.53e-01	1.58e-01	8.46e-03
 6.97437e+22	3.94e-10	6.06e-06	2.80e-03	5.35e-02	1.33e-01	6.52e-01	1.51e-01	7.73e-03
 7.00322e+22	4.59e-10	6.98e-06	3.18e-03	5.83e-02	1.41e-01	6.49e-01	1.42e-01	6.87e-03
 7.03364e+22	5.23e-10	7.88e-06	3.56e-03	6.27e-02	1.47e-01	6.46e-01	1.34e-01	6.17e-03
 7.05921e+22	5.89e-10	8.77e-06	3.91e-03	6.67e-02	1.53e-01	6.43e-01	1.28e-01	5.65e-03
 7.08556e+22	6.80e-10	9.98e-06	4.37e-03	7.17e-02	1.60e-01	6.38e-01	1.21e-01	5.07e-03
 7.11319e+22	7.70e-10	1.12e-05	4.83e-03	7.64e-02	1.66e-01	6.34e-01	1.15e-01	4.60e-03
 7.13856e+22	8.72e-10	1.25e-05	5.33e-03	8.13e-02	1.72e-01	6.28e-01	1.09e-01	4.18e-03
 7.16765e+22	1.02e-09	1.44e-05	6.03e-03	8.79e-02	1.80e-01	6.21e-01	1.02e-01	3.70e-03
 7.19747e+22	1.17e-09	1.63e-05	6.71e-03	9.39e-02	1.86e-01	6.14e-01	9.57e-02	3.31e-03
 7.22377e+22	1.34e-09	1.83e-05	7.40e-03	9.98e-02	1.93e-01	6.07e-01	9.04e-02	2.99e-03
 7.25347e+22	1.58e-09	2.11e-05	8.38e-03	1.08e-01	2.01e-01	5.97e-01	8.40e-02	2.63e-03
 7.28449e+22	1.82e-09	2.40e-05	9.36e-03	1.15e-01	2.08e-01	5.87e-01	7.84e-02	2.33e-03
 7.31246e+22	2.10e-09	2.71e-05	1.04e-02	1.22e-01	2.14e-01	5.78e-01	7.35e-02	2.08e-03
 7.34410e+22	2.51e-09	3.17e-05	1.18e-02	1.32e-01	2.22e-01	5.65e-01	6.76e-02	1.81e-03
 7.37671e+22	2.92e-09	3.62e-05	1.32e-02	1.41e-01	2.30e-01	5.52e-01	6.26e-02	1.58e-03
 7.40573e+22	3.39e-09	4.11e-05	1.46e-02	1.49e-01	2.36e-01	5.41e-01	5.83e-02	1.41e-03
 7.43857e+22	4.09e-09	4.83e-05	1.66e-02	1.61e-01	2.43e-01	5.25e-01	5.32e-02	1.20e-03
 7.47266e+22	4.81e-09	5.55e-05	1.87e-02	1.71e-01	2.50e-01	5.10e-01	4.88e-02	1.04e-03
 7.50328e+22	5.63e-09	6.34e-05	2.07e-02	1.81e-01	2.56e-01	4.96e-01	4.50e-02	9.15e-04
 7.53798e+22	6.89e-09	7.50e-05	2.37e-02	1.95e-01	2.63e-01	4.77e-01	4.05e-02	7.72e-04
 7.57401e+22	8.19e-09	8.68e-05	2.66e-02	2.07e-01	2.69e-01	4.60e-01	3.67e-02	6.58e-04
 7.60630e+22	9.70e-09	9.98e-05	2.95e-02	2.19e-01	2.74e-01	4.44e-01	3.35e-02	5.69e-04
 7.64281e+22	1.20e-08	1.19e-04	3.38e-02	2.35e-01	2.79e-01	4.22e-01	2.97e-02	4.70e-04
 7.68003e+22	1.43e-08	1.37e-04	3.78e-02	2.48e-01	2.83e-01	4.04e-01	2.67e-02	3.98e-04
 7.71819e+22	1.79e-08	1.65e-04	4.32e-02	2.65e-01	2.87e-01	3.81e-01	2.34e-02	3.24e-04
 7.75674e+22	2.15e-08	1.91e-04	4.81e-02	2.79e-01	2.90e-01	3.62e-01	2.09e-02	2.72e-04
 7.79579e+22	2.70e-08	2.30e-04	5.50e-02	2.96e-01	2.92e-01	3.38e-01	1.80e-02	2.18e-04
 7.83519e+22	3.25e-08	2.66e-04	6.11e-02	3.11e-01	2.92e-01	3.19e-01	1.60e-02	1.82e-04
 7.87504e+22	4.11e-08	3.20e-04	6.97e-02	3.29e-01	2.92e-01	2.96e-01	1.36e-02	1.43e-04
 7.91534e+22	4.96e-08	3.71e-04	7.71e-02	3.43e-01	2.91e-01	2.77e-01	1.20e-02	1.18e-04
 7.95625e+22	6.33e-08	4.48e-04	8.76e-02	3.60e-01	2.88e-01	2.53e-01	1.01e-02	9.14e-05
 7.99764e+22	7.67e-08	5.19e-04	9.66e-02	3.74e-01	2.85e-01	2.35e-01	8.76e-03	7.44e-05
 8.03967e+22	9.83e-08	6.28e-04	1.09e-01	3.90e-01	2.79e-01	2.13e-01	7.26e-03	5.67e-05
 8.08083e+22	1.18e-07	7.20e-04	1.19e-01	4.02e-01	2.75e-01	1.97e-01	6.30e-03	4.62e-05
 8.12086e+22	1.49e-07	8.59e-04	1.33e-01	4.16e-01	2.67e-01	1.78e-01	5.22e-03	3.53e-05
 8.15955e+22	1.77e-07	9.73e-04	1.44e-01	4.25e-01	2.61e-01	1.64e-01	4.56e-03	2.91e-05
 8.19648e+22	2.19e-07	1.14e-03	1.58e-01	4.35e-01	2.53e-01	1.49e-01	3.81e-03	2.26e-05
 8.23401e+22	2.60e-07	1.29e-03	1.70e-01	4.43e-01	2.46e-01	1.36e-01	3.28e-03	1.83e-05
 8.26721e+22	3.09e-07	1.46e-03	1.83e-01	4.50e-01	2.38e-01	1.25e-01	2.83e-03	1.48e-05
 8.30526e+22	3.83e-07	1.71e-03	2.00e-01	4.57e-01	2.28e-01	1.11e-01	2.33e-03	1.13e-05
 8.34388e+22	4.57e-07	1.94e-03	2.14e-01	4.61e-01	2.19e-01	1.01e-01	1.98e-03	9.00e-06
 8.38325e+22	5.71e-07	2.27e-03	2.33e-01	4.66e-01	2.08e-01	8.91e-02	1.60e-03	6.74e-06
 8.42295e+22	6.81e-07	2.57e-03	2.49e-01	4.68e-01	1.99e-01	8.03e-02	1.35e-03	5.32e-06
 8.46309e+22	8.55e-07	3.01e-03	2.70e-01	4.69e-01	1.87e-01	6.99e-02	1.08e-03	3.89e-06
 8.50326e+22	1.02e-06	3.39e-03	2.86e-01	4.69e-01	1.78e-01	6.27e-02	9.02e-04	3.06e-06
 8.53554e+22	1.18e-06	3.75e-03	3.01e-01	4.68e-01	1.70e-01	5.70e-02	7.73e-04	2.48e-06
 8.56954e+22	1.41e-06	4.25e-03	3.19e-01	4.66e-01	1.60e-01	5.05e-02	6.38e-04	1.91e-06
 8.60402e+22	1.64e-06	4.70e-03	3.34e-01	4.63e-01	1.52e-01	4.56e-02	5.42e-04	1.53e-06
 8.63433e+22	1.90e-06	5.19e-03	3.49e-01	4.59e-01	1.44e-01	4.13e-02	4.62e-04	1.23e-06
 8.66892e+22	2.28e-06	5.88e-03	3.69e-01	4.54e-01	1.35e-01	3.61e-02	3.75e-04	9.26e-07
 8.70365e+22	2.63e-06	6.46e-03	3.84e-01	4.49e-01	1.28e-01	3.26e-02	3.18e-04	7.43e-07
 8.73859e+22	3.15e-06	7.29e-03	4.04e-01	4.41e-01	1.19e-01	2.85e-02	2.57e-04	5.58e-07
 8.77403e+22	3.67e-06	8.05e-03	4.20e-01	4.35e-01	1.11e-01	2.54e-02	2.15e-04	4.38e-07
 8.80509e+22	4.22e-06	8.84e-03	4.36e-01	4.28e-01	1.05e-01	2.27e-02	1.81e-04	3.47e-07
 8.84044e+22	5.04e-06	9.93e-03	4.56e-01	4.18e-01	9.68e-02	1.97e-02	1.45e-04	2.59e-07
 8.87655e+22	5.86e-06	1.09e-02	4.72e-01	4.09e-01	9.03e-02	1.74e-02	1.20e-04	2.01e-07
 8.90865e+22	6.76e-06	1.20e-02	4.88e-01	4.00e-01	8.43e-02	1.55e-02	9.99e-05	1.57e-07
 8.94538e+22	8.11e-06	1.35e-02	5.08e-01	3.88e-01	7.71e-02	1.33e-02	7.87e-05	0.00e+00
 8.98262e+22	9.43e-06	1.49e-02	5.24e-01	3.78e-01	7.15e-02	1.17e-02	6.45e-05	0.00e+00
 9.01557e+22	1.09e-05	1.63e-02	5.39e-01	3.68e-01	6.63e-02	1.03e-02	5.30e-05	0.00e+00
 9.05342e+22	1.31e-05	1.84e-02	5.59e-01	3.54e-01	6.01e-02	8.71e-03	4.12e-05	0.00e+00
 9.09196e+22	1.53e-05	2.02e-02	5.74e-01	3.43e-01	5.52e-02	7.58e-03	3.33e-05	0.00e+00
 9.13139e+22	1.84e-05	2.27e-02	5.93e-01	3.28e-01	4.98e-02	6.39e-03	2.56e-05	0.00e+00
 9.17174e+22	2.17e-05	2.52e-02	6.09e-01	3.15e-01	4.52e-02	5.48e-03	2.03e-05	0.00e+00
 9.20668e+22	2.51e-05	2.77e-02	6.22e-01	3.04e-01	4.15e-02	4.76e-03	1.64e-05	0.00e+00
 9.24030e+22	2.90e-05	3.03e-02	6.35e-01	2.92e-01	3.80e-02	4.14e-03	1.32e-05	0.00e+00
