#depth	O	O+	O+2	O+3	O+4	O+5	O+6	O+7	O+8	O[1]	O[2]	O[3]
 4.62852e+21	1.59e-09	2.22e-05	9.15e-03	1.90e-01	3.35e-01	2.69e-01	1.89e-01	7.42e-03	7.15e-05	1.59e-09	4.22e-18	5.15e-18
 1.03896e+22	7.81e-09	7.42e-05	2.10e-02	2.94e-01	3.60e-01	2.17e-01	1.06e-01	2.76e-03	1.78e-05	7.81e-09	2.31e-17	2.80e-17
 1.20886e+22	1.71e-08	1.31e-04	3.05e-02	3.49e-01	3.57e-01	1.85e-01	7.57e-02	1.61e-03	8.47e-06	1.71e-08	5.45e-17	6.60e-17
 1.30124e+22	2.80e-08	1.86e-04	3.81e-02	3.84e-01	3.50e-01	1.65e-01	6.04e-02	1.13e-03	5.21e-06	2.80e-08	9.39e-17	1.14e-16
 1.35351e+22	3.50e-08	2.18e-04	4.21e-02	4.00e-01	3.46e-01	1.56e-01	5.42e-02	9.51e-04	4.15e-06	3.50e-08	1.21e-16	1.46e-16
 1.39148e+22	4.68e-08	2.67e-04	4.78e-02	4.20e-01	3.39e-01	1.45e-01	4.69e-02	7.60e-04	3.07e-06	4.68e-08	1.67e-16	2.02e-16
 1.43145e+22	5.99e-08	3.17e-04	5.32e-02	4.37e-01	3.33e-01	1.35e-01	4.14e-02	6.26e-04	2.37e-06	5.99e-08	2.21e-16	2.67e-16
 1.46789e+22	7.62e-08	3.75e-04	5.88e-02	4.53e-01	3.25e-01	1.26e-01	3.65e-02	5.16e-04	1.83e-06	7.62e-08	2.90e-16	3.51e-16
 1.50257e+22	9.47e-08	4.35e-04	6.43e-02	4.67e-01	3.18e-01	1.17e-01	3.24e-02	4.32e-04	1.44e-06	9.47e-08	3.72e-16	4.49e-16
 1.53537e+22	1.17e-07	5.03e-04	7.02e-02	4.80e-01	3.11e-01	1.10e-01	2.88e-02	3.61e-04	1.14e-06	1.17e-07	4.73e-16	5.71e-16
 1.57232e+22	1.53e-07	6.03e-04	7.81e-02	4.96e-01	3.00e-01	1.00e-01	2.48e-02	2.88e-04	8.40e-07	1.53e-07	6.41e-16	7.74e-16
 1.60929e+22	1.89e-07	6.96e-04	8.49e-02	5.07e-01	2.92e-01	9.29e-02	2.19e-02	2.39e-04	6.58e-07	1.89e-07	8.15e-16	9.83e-16
 1.64627e+22	2.46e-07	8.31e-04	9.40e-02	5.21e-01	2.81e-01	8.44e-02	1.87e-02	1.89e-04	4.82e-07	2.46e-07	1.10e-15	1.32e-15
 1.68387e+22	3.04e-07	9.60e-04	1.02e-01	5.32e-01	2.71e-01	7.78e-02	1.64e-02	1.55e-04	3.72e-07	3.04e-07	1.40e-15	1.69e-15
 1.72228e+22	3.98e-07	1.15e-03	1.13e-01	5.43e-01	2.59e-01	6.99e-02	1.39e-02	1.21e-04	2.68e-07	3.98e-07	1.90e-15	2.29e-15
 1.76099e+22	4.93e-07	1.32e-03	1.22e-01	5.52e-01	2.49e-01	6.40e-02	1.21e-02	9.87e-05	2.05e-07	4.93e-07	2.42e-15	2.91e-15
 1.80010e+22	6.45e-07	1.58e-03	1.34e-01	5.61e-01	2.36e-01	5.71e-02	1.01e-02	7.60e-05	1.46e-07	6.45e-07	3.28e-15	3.94e-15
 1.83965e+22	8.00e-07	1.82e-03	1.45e-01	5.67e-01	2.26e-01	5.19e-02	8.74e-03	6.14e-05	0.00e+00	8.00e-07	4.18e-15	5.02e-15
 1.87130e+22	9.53e-07	2.05e-03	1.54e-01	5.71e-01	2.17e-01	4.79e-02	7.74e-03	5.14e-05	0.00e+00	9.53e-07	5.10e-15	6.12e-15
 1.90397e+22	1.18e-06	2.36e-03	1.66e-01	5.75e-01	2.07e-01	4.33e-02	6.66e-03	4.12e-05	0.00e+00	1.18e-06	6.51e-15	7.80e-15
 1.93738e+22	1.41e-06	2.65e-03	1.76e-01	5.77e-01	1.98e-01	3.97e-02	5.85e-03	3.42e-05	0.00e+00	1.41e-06	7.98e-15	9.55e-15
 1.96707e+22	1.68e-06	2.97e-03	1.87e-01	5.79e-01	1.89e-01	3.65e-02	5.15e-03	2.84e-05	0.00e+00	1.68e-06	9.72e-15	1.16e-14
 2.00098e+22	2.09e-06	3.42e-03	2.01e-01	5.80e-01	1.79e-01	3.27e-02	4.38e-03	2.25e-05	0.00e+00	2.09e-06	1.25e-14	1.49e-14
 2.03526e+22	2.49e-06	3.84e-03	2.13e-01	5.79e-01	1.70e-01	2.98e-02	3.83e-03	1.84e-05	0.00e+00	2.49e-06	1.53e-14	1.82e-14
 2.06524e+22	2.96e-06	4.29e-03	2.25e-01	5.78e-01	1.62e-01	2.72e-02	3.35e-03	1.52e-05	0.00e+00	2.96e-06	1.86e-14	2.22e-14
 2.09943e+22	3.68e-06	4.94e-03	2.41e-01	5.75e-01	1.52e-01	2.41e-02	2.82e-03	1.19e-05	0.00e+00	3.68e-06	2.39e-14	2.85e-14
 2.13392e+22	4.35e-06	5.50e-03	2.53e-01	5.72e-01	1.44e-01	2.19e-02	2.46e-03	9.75e-06	0.00e+00	4.35e-06	2.91e-14	3.46e-14
 2.16880e+22	5.39e-06	6.31e-03	2.70e-01	5.67e-01	1.35e-01	1.93e-02	2.06e-03	7.58e-06	0.00e+00	5.39e-06	3.73e-14	4.42e-14
 2.20422e+22	6.44e-06	7.07e-03	2.85e-01	5.62e-01	1.27e-01	1.74e-02	1.78e-03	6.11e-06	0.00e+00	6.44e-06	4.58e-14	5.43e-14
 2.23539e+22	7.61e-06	7.87e-03	2.99e-01	5.56e-01	1.20e-01	1.57e-02	1.54e-03	4.97e-06	0.00e+00	7.61e-06	5.57e-14	6.60e-14
 2.27097e+22	9.40e-06	9.01e-03	3.18e-01	5.47e-01	1.11e-01	1.37e-02	1.28e-03	3.82e-06	0.00e+00	9.40e-06	7.13e-14	8.44e-14
 2.30731e+22	1.12e-05	1.01e-02	3.34e-01	5.39e-01	1.04e-01	1.23e-02	1.09e-03	3.05e-06	0.00e+00	1.12e-05	8.76e-14	1.04e-13
 2.33977e+22	1.33e-05	1.12e-02	3.50e-01	5.30e-01	9.74e-02	1.10e-02	9.35e-04	2.44e-06	0.00e+00	1.33e-05	1.07e-13	1.27e-13
 2.37708e+22	1.65e-05	1.29e-02	3.70e-01	5.17e-01	8.93e-02	9.45e-03	7.65e-04	1.83e-06	0.00e+00	1.65e-05	1.38e-13	1.63e-13
 2.41496e+22	1.96e-05	1.44e-02	3.88e-01	5.06e-01	8.29e-02	8.35e-03	6.46e-04	1.44e-06	0.00e+00	1.96e-05	1.70e-13	2.01e-13
 2.45357e+22	2.43e-05	1.64e-02	4.09e-01	4.91e-01	7.56e-02	7.16e-03	5.25e-04	1.07e-06	0.00e+00	2.43e-05	2.20e-13	2.59e-13
 2.49320e+22	2.92e-05	1.84e-02	4.28e-01	4.77e-01	6.93e-02	6.23e-03	4.35e-04	8.22e-07	0.00e+00	2.92e-05	2.74e-13	3.23e-13
 2.52828e+22	3.46e-05	2.05e-02	4.46e-01	4.63e-01	6.39e-02	5.45e-03	3.65e-04	6.40e-07	0.00e+00	3.46e-05	3.37e-13	3.97e-13
 2.56800e+22	4.31e-05	2.35e-02	4.69e-01	4.45e-01	5.74e-02	4.59e-03	2.90e-04	4.62e-07	0.00e+00	4.31e-05	4.40e-13	5.17e-13
 2.60858e+22	5.11e-05	2.61e-02	4.88e-01	4.29e-01	5.25e-02	3.98e-03	2.40e-04	3.55e-07	0.00e+00	5.11e-05	5.43e-13	6.36e-13
 2.65028e+22	6.38e-05	3.00e-02	5.11e-01	4.09e-01	4.67e-02	3.31e-03	1.88e-04	2.52e-07	0.00e+00	6.38e-05	7.15e-13	8.34e-13
 2.68678e+22	7.28e-05	3.25e-02	5.25e-01	3.96e-01	4.33e-02	2.94e-03	1.62e-04	2.03e-07	0.00e+00	7.28e-05	8.40e-13	9.78e-13
 2.71260e+22	8.17e-05	3.49e-02	5.37e-01	3.84e-01	4.06e-02	2.66e-03	1.41e-04	1.68e-07	0.00e+00	8.17e-05	9.71e-13	1.13e-12
 2.72869e+22	8.37e-05	3.54e-02	5.40e-01	3.82e-01	3.99e-02	2.59e-03	1.37e-04	1.61e-07	0.00e+00	8.37e-05	1.00e-12	1.16e-12
 2.73362e+22	8.51e-05	3.58e-02	5.42e-01	3.80e-01	3.95e-02	2.55e-03	1.34e-04	1.57e-07	0.00e+00	8.51e-05	1.02e-12	1.19e-12
 2.73755e+22	8.71e-05	3.63e-02	5.44e-01	3.78e-01	3.90e-02	2.50e-03	1.31e-04	1.51e-07	0.00e+00	8.71e-05	1.05e-12	1.22e-12
 2.74266e+22	8.91e-05	3.68e-02	5.47e-01	3.75e-01	3.85e-02	2.45e-03	1.27e-04	1.45e-07	0.00e+00	8.91e-05	1.08e-12	1.26e-12
 2.74930e+22	9.21e-05	3.76e-02	5.50e-01	3.72e-01	3.77e-02	2.38e-03	1.22e-04	1.37e-07	0.00e+00	9.21e-05	1.13e-12	1.31e-12
 2.75793e+22	9.65e-05	3.87e-02	5.55e-01	3.67e-01	3.67e-02	2.28e-03	1.16e-04	1.27e-07	0.00e+00	9.65e-05	1.20e-12	1.39e-12
 2.76916e+22	1.02e-04	4.01e-02	5.61e-01	3.61e-01	3.55e-02	2.16e-03	1.08e-04	0.00e+00	0.00e+00	1.02e-04	1.29e-12	1.49e-12
 2.78375e+22	1.10e-04	4.19e-02	5.68e-01	3.54e-01	3.40e-02	2.02e-03	9.93e-05	0.00e+00	0.00e+00	1.10e-04	1.41e-12	1.63e-12
 2.80271e+22	1.22e-04	4.46e-02	5.78e-01	3.43e-01	3.19e-02	1.84e-03	8.78e-05	0.00e+00	0.00e+00	1.22e-04	1.61e-12	1.85e-12
 2.82737e+22	1.38e-04	4.81e-02	5.90e-01	3.31e-01	2.96e-02	1.63e-03	7.54e-05	0.00e+00	0.00e+00	1.38e-04	1.89e-12	2.15e-12
 2.85942e+22	1.63e-04	5.33e-02	6.05e-01	3.13e-01	2.65e-02	1.39e-03	6.11e-05	0.00e+00	0.00e+00	1.63e-04	2.34e-12	2.65e-12
 2.89150e+22	1.84e-04	5.74e-02	6.17e-01	3.00e-01	2.44e-02	1.22e-03	5.22e-05	0.00e+00	0.00e+00	1.84e-04	2.74e-12	3.09e-12
 2.92361e+22	2.14e-04	6.30e-02	6.30e-01	2.84e-01	2.20e-02	1.04e-03	4.26e-05	0.00e+00	0.00e+00	2.14e-04	3.35e-12	3.76e-12
 2.95706e+22	2.46e-04	6.83e-02	6.41e-01	2.69e-01	1.99e-02	9.03e-04	3.55e-05	0.00e+00	0.00e+00	2.46e-04	4.01e-12	4.45e-12
 2.98746e+22	2.79e-04	7.38e-02	6.52e-01	2.56e-01	1.81e-02	7.86e-04	2.97e-05	0.00e+00	0.00e+00	2.79e-04	4.76e-12	5.24e-12
 3.02221e+22	3.28e-04	8.12e-02	6.63e-01	2.39e-01	1.61e-02	6.57e-04	2.37e-05	0.00e+00	0.00e+00	3.28e-04	5.91e-12	6.44e-12
 3.05801e+22	3.75e-04	8.80e-02	6.72e-01	2.24e-01	1.44e-02	5.61e-04	1.95e-05	0.00e+00	0.00e+00	3.75e-04	7.11e-12	7.66e-12
 3.09517e+22	4.47e-04	9.77e-02	6.82e-01	2.07e-01	1.25e-02	4.56e-04	1.51e-05	0.00e+00	0.00e+00	4.47e-04	9.05e-12	9.59e-12
 3.13233e+22	5.08e-04	1.05e-01	6.89e-01	1.94e-01	1.12e-02	3.89e-04	1.24e-05	0.00e+00	0.00e+00	5.08e-04	1.08e-11	1.13e-11
 3.16948e+22	5.97e-04	1.16e-01	6.96e-01	1.78e-01	9.76e-03	3.18e-04	9.63e-06	0.00e+00	0.00e+00	5.97e-04	1.36e-11	1.40e-11
 3.20823e+22	6.88e-04	1.25e-01	7.01e-01	1.64e-01	8.59e-03	2.64e-04	7.67e-06	0.00e+00	0.00e+00	6.88e-04	1.67e-11	1.68e-11
 3.24368e+22	7.88e-04	1.36e-01	7.04e-01	1.52e-01	7.57e-03	2.20e-04	6.14e-06	0.00e+00	0.00e+00	7.88e-04	2.03e-11	2.01e-11
 3.28442e+22	9.40e-04	1.50e-01	7.06e-01	1.36e-01	6.41e-03	1.73e-04	4.58e-06	0.00e+00	0.00e+00	9.40e-04	2.62e-11	2.54e-11
 3.32537e+22	1.07e-03	1.61e-01	7.07e-01	1.25e-01	5.62e-03	1.44e-04	3.65e-06	0.00e+00	0.00e+00	1.07e-03	3.18e-11	3.02e-11
 3.36660e+22	1.26e-03	1.77e-01	7.05e-01	1.12e-01	4.75e-03	1.13e-04	2.72e-06	0.00e+00	0.00e+00	1.26e-03	4.07e-11	3.76e-11
 3.40921e+22	1.45e-03	1.92e-01	7.02e-01	1.01e-01	4.08e-03	9.08e-05	2.10e-06	0.00e+00	0.00e+00	1.45e-03	5.01e-11	4.53e-11
 3.45360e+22	1.73e-03	2.11e-01	6.95e-01	8.81e-02	3.38e-03	6.91e-05	1.52e-06	0.00e+00	0.00e+00	1.73e-03	6.53e-11	5.73e-11
 3.49841e+22	1.98e-03	2.27e-01	6.89e-01	7.89e-02	2.89e-03	5.53e-05	1.17e-06	0.00e+00	0.00e+00	1.98e-03	8.00e-11	6.85e-11
 3.54375e+22	2.36e-03	2.50e-01	6.77e-01	6.80e-02	2.36e-03	4.12e-05	8.29e-07	0.00e+00	0.00e+00	2.36e-03	1.05e-10	8.70e-11
 3.58987e+22	2.69e-03	2.68e-01	6.67e-01	6.02e-02	2.01e-03	3.26e-05	6.30e-07	0.00e+00	0.00e+00	2.69e-03	1.28e-10	1.04e-10
 3.62392e+22	2.93e-03	2.80e-01	6.60e-01	5.54e-02	1.80e-03	2.78e-05	5.24e-07	0.00e+00	0.00e+00	2.93e-03	1.46e-10	1.17e-10
 3.65095e+22	3.20e-03	2.93e-01	6.51e-01	5.09e-02	1.61e-03	2.37e-05	4.35e-07	0.00e+00	0.00e+00	3.20e-03	1.68e-10	1.32e-10
 3.68192e+22	3.57e-03	3.11e-01	6.39e-01	4.56e-02	1.40e-03	1.93e-05	3.44e-07	0.00e+00	0.00e+00	3.57e-03	1.99e-10	1.54e-10
 3.72217e+22	4.14e-03	3.36e-01	6.20e-01	3.91e-02	1.16e-03	1.46e-05	2.51e-07	0.00e+00	0.00e+00	4.14e-03	2.50e-10	1.88e-10
 3.76762e+22	4.77e-03	3.60e-01	6.00e-01	3.34e-02	9.57e-04	1.10e-05	1.83e-07	0.00e+00	0.00e+00	4.77e-03	3.11e-10	2.29e-10
 3.81982e+22	5.77e-03	3.96e-01	5.71e-01	2.69e-02	7.42e-04	7.48e-06	1.20e-07	0.00e+00	0.00e+00	5.77e-03	4.16e-10	2.98e-10
 3.87379e+22	6.66e-03	4.24e-01	5.46e-01	2.24e-02	6.02e-04	5.45e-06	0.00e+00	0.00e+00	0.00e+00	6.66e-03	5.19e-10	3.65e-10
 3.93005e+22	8.12e-03	4.66e-01	5.08e-01	1.73e-02	4.55e-04	3.52e-06	0.00e+00	0.00e+00	0.00e+00	8.12e-03	7.01e-10	4.81e-10
 3.98857e+22	9.48e-03	5.00e-01	4.77e-01	1.38e-02	3.59e-04	2.43e-06	0.00e+00	0.00e+00	0.00e+00	9.48e-03	8.88e-10	5.99e-10
 4.04939e+22	1.17e-02	5.47e-01	4.31e-01	1.01e-02	2.62e-04	1.46e-06	0.00e+00	0.00e+00	0.00e+00	1.17e-02	1.21e-09	8.02e-10
 4.11099e+22	1.37e-02	5.85e-01	3.94e-01	7.70e-03	2.02e-04	9.58e-07	0.00e+00	0.00e+00	0.00e+00	1.37e-02	1.54e-09	1.01e-09
 4.15857e+22	1.54e-02	6.12e-01	3.66e-01	6.26e-03	1.67e-04	6.96e-07	0.00e+00	0.00e+00	0.00e+00	1.54e-02	1.83e-09	1.18e-09
 4.20475e+22	1.80e-02	6.49e-01	3.29e-01	4.70e-03	1.29e-04	4.50e-07	0.00e+00	0.00e+00	0.00e+00	1.80e-02	2.31e-09	1.48e-09
 4.25254e+22	2.07e-02	6.79e-01	2.96e-01	3.61e-03	1.03e-04	3.03e-07	0.00e+00	0.00e+00	0.00e+00	2.07e-02	2.82e-09	1.79e-09
 4.30240e+22	2.47e-02	7.17e-01	2.56e-01	2.54e-03	7.65e-05	1.80e-07	0.00e+00	0.00e+00	0.00e+00	2.47e-02	3.62e-09	2.28e-09
 4.35376e+22	2.88e-02	7.48e-01	2.22e-01	1.83e-03	5.86e-05	0.00e+00	0.00e+00	0.00e+00	0.00e+00	2.88e-02	4.49e-09	2.80e-09
 4.40708e+22	3.52e-02	7.83e-01	1.81e-01	1.17e-03	4.10e-05	0.00e+00	0.00e+00	0.00e+00	0.00e+00	3.52e-02	5.93e-09	3.66e-09
 4.45548e+22	4.07e-02	8.04e-01	1.55e-01	8.38e-04	3.18e-05	0.00e+00	0.00e+00	0.00e+00	0.00e+00	4.07e-02	7.17e-09	4.39e-09
 4.49039e+22	4.62e-02	8.20e-01	1.34e-01	6.23e-04	2.53e-05	0.00e+00	0.00e+00	0.00e+00	0.00e+00	4.62e-02	8.48e-09	5.16e-09
 4.52867e+22	5.45e-02	8.36e-01	1.09e-01	4.19e-04	1.86e-05	0.00e+00	0.00e+00	0.00e+00	0.00e+00	5.45e-02	1.06e-08	6.37e-09
 4.57002e+22	6.48e-02	8.48e-01	8.72e-02	2.76e-04	1.35e-05	0.00e+00	0.00e+00	0.00e+00	0.00e+00	6.48e-02	1.32e-08	7.92e-09
 4.60827e+22	7.73e-02	8.54e-01	6.87e-02	1.80e-04	9.73e-06	0.00e+00	0.00e+00	0.00e+00	0.00e+00	7.73e-02	1.64e-08	9.85e-09
 4.64415e+22	9.26e-02	8.54e-01	5.32e-02	1.17e-04	6.88e-06	0.00e+00	0.00e+00	0.00e+00	0.00e+00	9.26e-02	2.05e-08	1.23e-08
 4.67734e+22	1.11e-01	8.48e-01	4.07e-02	7.64e-05	4.84e-06	0.00e+00	0.00e+00	0.00e+00	0.00e+00	1.11e-01	2.55e-08	1.52e-08
 4.70796e+22	1.33e-01	8.36e-01	3.07e-02	5.01e-05	3.35e-06	0.00e+00	0.00e+00	0.00e+00	0.00e+00	1.33e-01	3.16e-08	1.89e-08
 4.73612e+22	1.60e-01	8.17e-01	2.29e-02	3.33e-05	2.29e-06	0.00e+00	0.00e+00	0.00e+00	0.00e+00	1.60e-01	3.88e-08	2.33e-08
 4.76161e+22	1.91e-01	7.92e-01	1.70e-02	2.27e-05	1.56e-06	0.00e+00	0.00e+00	0.00e+00	0.00e+00	1.91e-01	4.69e-08	2.81e-08
 4.78470e+22	2.26e-01	7.62e-01	1.26e-02	1.58e-05	1.06e-06	0.00e+00	0.00e+00	0.00e+00	0.00e+00	2.26e-01	5.58e-08	3.33e-08
 4.80574e+22	2.64e-01	7.26e-01	9.39e-03	1.13e-05	7.22e-07	0.00e+00	0.00e+00	0.00e+00	0.00e+00	2.64e-01	6.51e-08	3.88e-08
 4.81897e+22	2.91e-01	7.01e-01	7.83e-03	9.31e-06	5.75e-07	0.00e+00	0.00e+00	0.00e+00	0.00e+00	2.91e-01	7.07e-08	4.21e-08
 4.82386e+22	3.01e-01	6.91e-01	7.30e-03	8.65e-06	5.25e-07	0.00e+00	0.00e+00	0.00e+00	0.00e+00	3.01e-01	7.29e-08	4.34e-08
 4.82779e+22	3.11e-01	6.82e-01	6.84e-03	8.10e-06	4.82e-07	0.00e+00	0.00e+00	0.00e+00	0.00e+00	3.11e-01	7.49e-08	4.46e-08
 4.83290e+22	3.23e-01	6.70e-01	6.29e-03	7.43e-06	4.32e-07	0.00e+00	0.00e+00	0.00e+00	0.00e+00	3.23e-01	7.76e-08	4.62e-08
 4.83891e+22	3.39e-01	6.56e-01	5.68e-03	6.71e-06	3.78e-07	0.00e+00	0.00e+00	0.00e+00	0.00e+00	3.39e-01	8.08e-08	4.80e-08
 4.84487e+22	3.53e-01	6.41e-01	5.16e-03	6.11e-06	3.34e-07	0.00e+00	0.00e+00	0.00e+00	0.00e+00	3.53e-01	8.37e-08	4.97e-08
 4.85071e+22	3.69e-01	6.26e-01	4.67e-03	5.55e-06	2.93e-07	0.00e+00	0.00e+00	0.00e+00	0.00e+00	3.69e-01	8.67e-08	5.15e-08
 4.85664e+22	3.86e-01	6.10e-01	4.22e-03	5.03e-06	2.57e-07	0.00e+00	0.00e+00	0.00e+00	0.00e+00	3.86e-01	8.97e-08	5.32e-08
 4.86245e+22	4.02e-01	5.94e-01	3.81e-03	4.58e-06	2.25e-07	0.00e+00	0.00e+00	0.00e+00	0.00e+00	4.02e-01	9.25e-08	5.49e-08
 4.86834e+22	4.19e-01	5.77e-01	3.43e-03	4.16e-06	1.97e-07	0.00e+00	0.00e+00	0.00e+00	0.00e+00	4.19e-01	9.53e-08	5.65e-08
 4.87445e+22	4.37e-01	5.60e-01	3.08e-03	3.77e-06	1.71e-07	0.00e+00	0.00e+00	0.00e+00	0.00e+00	4.37e-01	9.81e-08	5.81e-08
 4.88071e+22	4.56e-01	5.42e-01	2.75e-03	3.41e-06	1.48e-07	0.00e+00	0.00e+00	0.00e+00	0.00e+00	4.56e-01	1.01e-07	5.97e-08
 4.88713e+22	4.76e-01	5.22e-01	2.44e-03	3.07e-06	1.27e-07	0.00e+00	0.00e+00	0.00e+00	0.00e+00	4.76e-01	1.03e-07	6.12e-08
 4.89362e+22	4.95e-01	5.02e-01	2.16e-03	2.76e-06	0.00e+00	0.00e+00	0.00e+00	0.00e+00	0.00e+00	4.95e-01	1.06e-07	6.26e-08
 4.90022e+22	5.16e-01	4.82e-01	1.91e-03	2.49e-06	0.00e+00	0.00e+00	0.00e+00	0.00e+00	0.00e+00	5.16e-01	1.08e-07	6.38e-08
 4.90713e+22	5.37e-01	4.61e-01	1.68e-03	2.23e-06	0.00e+00	0.00e+00	0.00e+00	0.00e+00	0.00e+00	5.37e-01	1.10e-07	6.50e-08
 4.91437e+22	5.59e-01	4.40e-01	1.46e-03	1.99e-06	0.00e+00	0.00e+00	0.00e+00	0.00e+00	0.00e+00	5.59e-01	1.12e-07	6.60e-08
 4.92177e+22	5.81e-01	4.18e-01	1.27e-03	1.78e-06	0.00e+00	0.00e+00	0.00e+00	0.00e+00	0.00e+00	5.81e-01	1.13e-07	6.68e-08
 4.92763e+22	5.97e-01	4.02e-01	1.14e-03	1.64e-06	0.00e+00	0.00e+00	0.00e+00	0.00e+00	0.00e+00	5.97e-01	1.14e-07	6.72e-08
 4.93146e+22	6.08e-01	3.91e-01	1.07e-03	1.55e-06	0.00e+00	0.00e+00	0.00e+00	0.00e+00	0.00e+00	6.08e-01	1.14e-07	6.74e-08
 4.93506e+22	6.18e-01	3.81e-01	9.94e-04	1.47e-06	0.00e+00	0.00e+00	0.00e+00	0.00e+00	0.00e+00	6.18e-01	1.15e-07	6.76e-08
 4.93931e+22	6.29e-01	3.70e-01	9.18e-04	1.38e-06	0.00e+00	0.00e+00	0.00e+00	0.00e+00	0.00e+00	6.29e-01	1.15e-07	6.78e-08
 4.94407e+22	6.42e-01	3.57e-01	8.39e-04	1.29e-06	0.00e+00	0.00e+00	0.00e+00	0.00e+00	0.00e+00	6.42e-01	1.16e-07	6.80e-08
 4.94875e+22	6.54e-01	3.45e-01	7.71e-04	1.21e-06	0.00e+00	0.00e+00	0.00e+00	0.00e+00	0.00e+00	6.54e-01	1.16e-07	6.80e-08
 4.95326e+22	6.65e-01	3.34e-01	7.09e-04	1.13e-06	0.00e+00	0.00e+00	0.00e+00	0.00e+00	0.00e+00	6.65e-01	1.16e-07	6.80e-08
 4.95785e+22	6.77e-01	3.23e-01	6.52e-04	1.07e-06	0.00e+00	0.00e+00	0.00e+00	0.00e+00	0.00e+00	6.77e-01	1.16e-07	6.80e-08
 4.96250e+22	6.88e-01	3.12e-01	5.99e-04	1.00e-06	0.00e+00	0.00e+00	0.00e+00	0.00e+00	0.00e+00	6.88e-01	1.16e-07	6.79e-08
 4.96723e+22	6.99e-01	3.01e-01	5.49e-04	9.39e-07	0.00e+00	0.00e+00	0.00e+00	0.00e+00	0.00e+00	6.99e-01	1.15e-07	6.77e-08
 4.97195e+22	7.09e-01	2.91e-01	5.05e-04	8.85e-07	0.00e+00	0.00e+00	0.00e+00	0.00e+00	0.00e+00	7.09e-01	1.15e-07	6.75e-08
 4.97682e+22	7.19e-01	2.80e-01	4.63e-04	8.31e-07	0.00e+00	0.00e+00	0.00e+00	0.00e+00	0.00e+00	7.19e-01	1.15e-07	6.73e-08
 4.98189e+22	7.30e-01	2.70e-01	4.23e-04	7.79e-07	0.00e+00	0.00e+00	0.00e+00	0.00e+00	0.00e+00	7.30e-01	1.14e-07	6.70e-08
 4.98695e+22	7.39e-01	2.60e-01	3.88e-04	7.33e-07	0.00e+00	0.00e+00	0.00e+00	0.00e+00	0.00e+00	7.39e-01	1.14e-07	6.67e-08
 4.99205e+22	7.49e-01	2.51e-01	3.56e-04	6.90e-07	0.00e+00	0.00e+00	0.00e+00	0.00e+00	0.00e+00	7.49e-01	1.13e-07	6.63e-08
 4.99735e+22	7.58e-01	2.42e-01	3.25e-04	6.49e-07	0.00e+00	0.00e+00	0.00e+00	0.00e+00	0.00e+00	7.58e-01	1.13e-07	6.60e-08
 5.00284e+22	7.67e-01	2.32e-01	2.97e-04	6.09e-07	0.00e+00	0.00e+00	0.00e+00	0.00e+00	0.00e+00	7.67e-01	1.12e-07	6.55e-08
 5.00840e+22	7.76e-01	2.24e-01	2.71e-04	5.72e-07	0.00e+00	0.00e+00	0.00e+00	0.00e+00	0.00e+00	7.76e-01	1.12e-07	6.51e-08
 5.01405e+22	7.85e-01	2.15e-01	2.47e-04	5.39e-07	0.00e+00	0.00e+00	0.00e+00	0.00e+00	0.00e+00	7.85e-01	1.11e-07	6.47e-08
 5.01989e+22	7.93e-01	2.07e-01	2.25e-04	5.06e-07	0.00e+00	0.00e+00	0.00e+00	0.00e+00	0.00e+00	7.93e-01	1.10e-07	6.42e-08
 5.02593e+22	8.01e-01	1.99e-01	2.05e-04	4.76e-07	0.00e+00	0.00e+00	0.00e+00	0.00e+00	0.00e+00	8.01e-01	1.09e-07	6.38e-08
 5.03210e+22	8.09e-01	1.91e-01	1.86e-04	4.47e-07	0.00e+00	0.00e+00	0.00e+00	0.00e+00	0.00e+00	8.09e-01	1.09e-07	6.33e-08
 5.03840e+22	8.17e-01	1.83e-01	1.70e-04	4.20e-07	0.00e+00	0.00e+00	0.00e+00	0.00e+00	0.00e+00	8.17e-01	1.08e-07	6.28e-08
 5.04489e+22	8.24e-01	1.76e-01	1.54e-04	3.95e-07	0.00e+00	0.00e+00	0.00e+00	0.00e+00	0.00e+00	8.24e-01	1.07e-07	6.21e-08
 5.05161e+22	8.31e-01	1.69e-01	1.40e-04	3.71e-07	0.00e+00	0.00e+00	0.00e+00	0.00e+00	0.00e+00	8.31e-01	1.06e-07	6.14e-08
 5.05851e+22	8.38e-01	1.62e-01	1.27e-04	3.49e-07	0.00e+00	0.00e+00	0.00e+00	0.00e+00	0.00e+00	8.38e-01	1.05e-07	6.07e-08
 5.06558e+22	8.45e-01	1.55e-01	1.15e-04	3.28e-07	0.00e+00	0.00e+00	0.00e+00	0.00e+00	0.00e+00	8.45e-01	1.04e-07	6.00e-08
 5.07285e+22	8.51e-01	1.49e-01	1.05e-04	3.08e-07	0.00e+00	0.00e+00	0.00e+00	0.00e+00	0.00e+00	8.51e-01	1.04e-07	5.93e-08
 5.08035e+22	8.58e-01	1.42e-01	9.51e-05	2.89e-07	0.00e+00	0.00e+00	0.00e+00	0.00e+00	0.00e+00	8.58e-01	1.03e-07	5.87e-08
 5.08809e+22	8.64e-01	1.36e-01	8.63e-05	2.72e-07	0.00e+00	0.00e+00	0.00e+00	0.00e+00	0.00e+00	8.64e-01	1.02e-07	5.80e-08
 5.09600e+22	8.69e-01	1.31e-01	7.85e-05	2.56e-07	0.00e+00	0.00e+00	0.00e+00	0.00e+00	0.00e+00	8.69e-01	1.01e-07	5.74e-08
 5.10394e+22	8.75e-01	1.25e-01	7.16e-05	2.40e-07	0.00e+00	0.00e+00	0.00e+00	0.00e+00	0.00e+00	8.75e-01	1.00e-07	5.67e-08
 5.11202e+22	8.80e-01	1.20e-01	6.54e-05	2.26e-07	0.00e+00	0.00e+00	0.00e+00	0.00e+00	0.00e+00	8.80e-01	9.97e-08	5.61e-08
 5.12043e+22	8.85e-01	1.15e-01	5.97e-05	2.13e-07	0.00e+00	0.00e+00	0.00e+00	0.00e+00	0.00e+00	8.85e-01	9.89e-08	5.54e-08
 5.12889e+22	8.90e-01	1.10e-01	5.48e-05	2.00e-07	0.00e+00	0.00e+00	0.00e+00	0.00e+00	0.00e+00	8.90e-01	9.83e-08	5.48e-08
 5.13722e+22	8.94e-01	1.06e-01	5.06e-05	1.89e-07	0.00e+00	0.00e+00	0.00e+00	0.00e+00	0.00e+00	8.94e-01	9.76e-08	5.42e-08
 5.14579e+22	8.98e-01	1.02e-01	4.67e-05	1.79e-07	0.00e+00	0.00e+00	0.00e+00	0.00e+00	0.00e+00	8.98e-01	9.71e-08	5.37e-08
 5.15467e+22	9.02e-01	9.78e-02	4.32e-05	1.69e-07	0.00e+00	0.00e+00	0.00e+00	0.00e+00	0.00e+00	9.02e-01	9.66e-08	5.32e-08
 5.16363e+22	9.06e-01	9.41e-02	4.01e-05	1.60e-07	0.00e+00	0.00e+00	0.00e+00	0.00e+00	0.00e+00	9.06e-01	9.62e-08	5.27e-08
 5.17274e+22	9.10e-01	9.04e-02	3.73e-05	1.51e-07	0.00e+00	0.00e+00	0.00e+00	0.00e+00	0.00e+00	9.10e-01	9.57e-08	5.22e-08
 5.18209e+22	9.13e-01	8.69e-02	3.48e-05	1.43e-07	0.00e+00	0.00e+00	0.00e+00	0.00e+00	0.00e+00	9.13e-01	9.53e-08	5.18e-08
 5.19162e+22	9.16e-01	8.35e-02	3.26e-05	1.35e-07	0.00e+00	0.00e+00	0.00e+00	0.00e+00	0.00e+00	9.16e-01	9.50e-08	5.14e-08
 5.20129e+22	9.20e-01	8.02e-02	3.06e-05	1.27e-07	0.00e+00	0.00e+00	0.00e+00	0.00e+00	0.00e+00	9.20e-01	9.46e-08	5.09e-08
 5.21123e+22	9.23e-01	7.71e-02	2.88e-05	0.00e+00	0.00e+00	0.00e+00	0.00e+00	0.00e+00	0.00e+00	9.23e-01	9.44e-08	5.05e-08
 5.22142e+22	9.26e-01	7.41e-02	2.72e-05	0.00e+00	0.00e+00	0.00e+00	0.00e+00	0.00e+00	0.00e+00	9.26e-01	9.42e-08	5.01e-08
 5.23150e+22	9.29e-01	7.13e-02	2.59e-05	0.00e+00	0.00e+00	0.00e+00	0.00e+00	0.00e+00	0.00e+00	9.29e-01	9.40e-08	4.98e-08
 5.24112e+22	9.31e-01	6.88e-02	2.47e-05	0.00e+00	0.00e+00	0.00e+00	0.00e+00	0.00e+00	0.00e+00	9.31e-01	9.37e-08	4.94e-08
 5.25002e+22	9.33e-01	6.66e-02	2.38e-05	0.00e+00	0.00e+00	0.00e+00	0.00e+00	0.00e+00	0.00e+00	9.33e-01	9.34e-08	4.91e-08
 5.25827e+22	9.35e-01	6.47e-02	2.31e-05	0.00e+00	0.00e+00	0.00e+00	0.00e+00	0.00e+00	0.00e+00	9.35e-01	9.32e-08	4.88e-08
 5.26588e+22	9.37e-01	6.30e-02	2.24e-05	0.00e+00	0.00e+00	0.00e+00	0.00e+00	0.00e+00	0.00e+00	9.37e-01	9.30e-08	4.85e-08
 5.27322e+22	9.39e-01	6.14e-02	2.18e-05	0.00e+00	0.00e+00	0.00e+00	0.00e+00	0.00e+00	0.00e+00	9.39e-01	9.29e-08	4.83e-08
 5.28058e+22	9.40e-01	5.99e-02	2.13e-05	0.00e+00	0.00e+00	0.00e+00	0.00e+00	0.00e+00	0.00e+00	9.40e-01	9.28e-08	4.81e-08
 5.28781e+22	9.42e-01	5.82e-02	2.08e-05	0.00e+00	0.00e+00	0.00e+00	0.00e+00	0.00e+00	0.00e+00	9.42e-01	9.26e-08	4.78e-08
 5.29457e+22	9.43e-01	5.68e-02	2.04e-05	0.00e+00	0.00e+00	0.00e+00	0.00e+00	0.00e+00	0.00e+00	9.43e-01	9.24e-08	4.76e-08
 5.30088e+22	9.44e-01	5.55e-02	2.00e-05	0.00e+00	0.00e+00	0.00e+00	0.00e+00	0.00e+00	0.00e+00	9.44e-01	9.23e-08	4.75e-08
 5.30722e+22	9.46e-01	5.42e-02	1.97e-05	0.00e+00	0.00e+00	0.00e+00	0.00e+00	0.00e+00	0.00e+00	9.46e-01	9.22e-08	4.73e-08
 5.31333e+22	9.47e-01	5.30e-02	1.94e-05	0.00e+00	0.00e+00	0.00e+00	0.00e+00	0.00e+00	0.00e+00	9.47e-01	9.21e-08	4.71e-08
 5.31910e+22	9.48e-01	5.19e-02	1.91e-05	0.00e+00	0.00e+00	0.00e+00	0.00e+00	0.00e+00	0.00e+00	9.48e-01	9.20e-08	4.69e-08
 5.32483e+22	9.49e-01	5.07e-02	1.88e-05	0.00e+00	0.00e+00	0.00e+00	0.00e+00	0.00e+00	0.00e+00	9.49e-01	9.19e-08	4.67e-08
 5.33033e+22	9.50e-01	4.96e-02	1.86e-05	0.00e+00	0.00e+00	0.00e+00	0.00e+00	0.00e+00	0.00e+00	9.50e-01	9.18e-08	4.66e-08
 5.33549e+22	9.51e-01	4.86e-02	1.83e-05	0.00e+00	0.00e+00	0.00e+00	0.00e+00	0.00e+00	0.00e+00	9.51e-01	9.17e-08	4.64e-08
 5.34055e+22	9.52e-01	4.77e-02	1.81e-05	0.00e+00	0.00e+00	0.00e+00	0.00e+00	0.00e+00	0.00e+00	9.52e-01	9.16e-08	4.62e-08
 5.34548e+22	9.53e-01	4.67e-02	1.79e-05	0.00e+00	0.00e+00	0.00e+00	0.00e+00	0.00e+00	0.00e+00	9.53e-01	9.15e-08	4.61e-08
 5.35011e+22	9.54e-01	4.58e-02	1.78e-05	0.00e+00	0.00e+00	0.00e+00	0.00e+00	0.00e+00	0.00e+00	9.54e-01	9.13e-08	4.59e-08
 5.35433e+22	9.55e-01	4.50e-02	1.76e-05	0.00e+00	0.00e+00	0.00e+00	0.00e+00	0.00e+00	0.00e+00	9.55e-01	9.12e-08	4.58e-08
 5.35816e+22	9.56e-01	4.43e-02	1.75e-05	0.00e+00	0.00e+00	0.00e+00	0.00e+00	0.00e+00	0.00e+00	9.56e-01	9.11e-08	4.56e-08
 5.36165e+22	9.56e-01	4.37e-02	1.73e-05	0.00e+00	0.00e+00	0.00e+00	0.00e+00	0.00e+00	0.00e+00	9.56e-01	9.09e-08	4.55e-08
 5.36483e+22	9.57e-01	4.31e-02	1.72e-05	0.00e+00	0.00e+00	0.00e+00	0.00e+00	0.00e+00	0.00e+00	9.57e-01	9.08e-08	4.53e-08
 5.36772e+22	9.57e-01	4.25e-02	1.71e-05	0.00e+00	0.00e+00	0.00e+00	0.00e+00	0.00e+00	0.00e+00	9.57e-01	9.07e-08	4.52e-08
 5.37035e+22	9.58e-01	4.21e-02	1.70e-05	0.00e+00	0.00e+00	0.00e+00	0.00e+00	0.00e+00	0.00e+00	9.58e-01	9.06e-08	4.51e-08
 5.37324e+22	9.59e-01	4.15e-02	1.69e-05	0.00e+00	0.00e+00	0.00e+00	0.00e+00	0.00e+00	0.00e+00	9.59e-01	9.02e-08	4.50e-08
 5.37635e+22	9.59e-01	4.09e-02	1.68e-05	0.00e+00	0.00e+00	0.00e+00	0.00e+00	0.00e+00	0.00e+00	9.59e-01	8.98e-08	4.48e-08
 5.37918e+22	9.60e-01	4.03e-02	1.67e-05	0.00e+00	0.00e+00	0.00e+00	0.00e+00	0.00e+00	0.00e+00	9.60e-01	8.95e-08	4.47e-08
 5.38176e+22	9.60e-01	3.99e-02	1.66e-05	0.00e+00	0.00e+00	0.00e+00	0.00e+00	0.00e+00	0.00e+00	9.60e-01	8.91e-08	4.45e-08
 5.38410e+22	9.60e-01	3.95e-02	1.65e-05	0.00e+00	0.00e+00	0.00e+00	0.00e+00	0.00e+00	0.00e+00	9.60e-01	8.89e-08	4.45e-08
 5.38667e+22	9.61e-01	3.90e-02	1.64e-05	0.00e+00	0.00e+00	0.00e+00	0.00e+00	0.00e+00	0.00e+00	9.61e-01	8.87e-08	4.44e-08
 5.39001e+22	9.62e-01	3.83e-02	1.63e-05	0.00e+00	0.00e+00	0.00e+00	0.00e+00	0.00e+00	0.00e+00	9.62e-01	8.83e-08	4.42e-08
 5.39362e+22	9.62e-01	3.76e-02	1.61e-05	0.00e+00	0.00e+00	0.00e+00	0.00e+00	0.00e+00	0.00e+00	9.62e-01	8.79e-08	4.41e-08
 5.39690e+22	9.63e-01	3.69e-02	1.60e-05	0.00e+00	0.00e+00	0.00e+00	0.00e+00	0.00e+00	0.00e+00	9.63e-01	8.75e-08	4.39e-08
 5.39989e+22	9.64e-01	3.65e-02	1.59e-05	0.00e+00	0.00e+00	0.00e+00	0.00e+00	0.00e+00	0.00e+00	9.64e-01	8.73e-08	4.39e-08
 5.40261e+22	9.64e-01	3.60e-02	1.57e-05	0.00e+00	0.00e+00	0.00e+00	0.00e+00	0.00e+00	0.00e+00	9.64e-01	8.70e-08	4.37e-08
 5.40508e+22	9.64e-01	3.57e-02	1.56e-05	0.00e+00	0.00e+00	0.00e+00	0.00e+00	0.00e+00	0.00e+00	9.64e-01	8.70e-08	4.37e-08
 5.40779e+22	9.65e-01	3.53e-02	1.55e-05	0.00e+00	0.00e+00	0.00e+00	0.00e+00	0.00e+00	0.00e+00	9.65e-01	8.68e-08	4.37e-08
 5.41072e+22	9.65e-01	3.49e-02	1.54e-05	0.00e+00	0.00e+00	0.00e+00	0.00e+00	0.00e+00	0.00e+00	9.65e-01	8.67e-08	4.36e-08
 5.41392e+22	9.66e-01	3.43e-02	1.52e-05	0.00e+00	0.00e+00	0.00e+00	0.00e+00	0.00e+00	0.00e+00	9.66e-01	8.65e-08	4.35e-08
 5.41739e+22	9.66e-01	3.37e-02	1.51e-05	0.00e+00	0.00e+00	0.00e+00	0.00e+00	0.00e+00	0.00e+00	9.66e-01	8.63e-08	4.34e-08
 5.42054e+22	9.67e-01	3.33e-02	1.50e-05	0.00e+00	0.00e+00	0.00e+00	0.00e+00	0.00e+00	0.00e+00	9.67e-01	8.61e-08	4.33e-08
 5.42340e+22	9.67e-01	3.29e-02	1.48e-05	0.00e+00	0.00e+00	0.00e+00	0.00e+00	0.00e+00	0.00e+00	9.67e-01	8.59e-08	4.32e-08
 5.42601e+22	9.67e-01	3.26e-02	1.47e-05	0.00e+00	0.00e+00	0.00e+00	0.00e+00	0.00e+00	0.00e+00	9.67e-01	8.58e-08	4.32e-08
 5.42887e+22	9.68e-01	3.21e-02	1.46e-05	0.00e+00	0.00e+00	0.00e+00	0.00e+00	0.00e+00	0.00e+00	9.68e-01	8.57e-08	4.31e-08
 5.43259e+22	9.68e-01	3.15e-02	1.44e-05	0.00e+00	0.00e+00	0.00e+00	0.00e+00	0.00e+00	0.00e+00	9.68e-01	8.55e-08	4.30e-08
 5.43660e+22	9.69e-01	3.09e-02	1.42e-05	0.00e+00	0.00e+00	0.00e+00	0.00e+00	0.00e+00	0.00e+00	9.69e-01	8.53e-08	4.29e-08
 5.44025e+22	9.70e-01	3.04e-02	1.41e-05	0.00e+00	0.00e+00	0.00e+00	0.00e+00	0.00e+00	0.00e+00	9.70e-01	8.52e-08	4.28e-08
 5.44357e+22	9.70e-01	3.00e-02	1.39e-05	0.00e+00	0.00e+00	0.00e+00	0.00e+00	0.00e+00	0.00e+00	9.70e-01	8.50e-08	4.27e-08
 5.44659e+22	9.70e-01	2.96e-02	1.37e-05	0.00e+00	0.00e+00	0.00e+00	0.00e+00	0.00e+00	0.00e+00	9.70e-01	8.49e-08	4.26e-08
 5.44934e+22	9.71e-01	2.92e-02	1.36e-05	0.00e+00	0.00e+00	0.00e+00	0.00e+00	0.00e+00	0.00e+00	9.71e-01	8.47e-08	4.25e-08
 5.45185e+22	9.71e-01	2.88e-02	1.35e-05	0.00e+00	0.00e+00	0.00e+00	0.00e+00	0.00e+00	0.00e+00	9.71e-01	8.44e-08	4.24e-08
 5.45413e+22	9.71e-01	2.86e-02	1.34e-05	0.00e+00	0.00e+00	0.00e+00	0.00e+00	0.00e+00	0.00e+00	9.71e-01	8.43e-08	4.23e-08
 5.45662e+22	9.72e-01	2.82e-02	1.32e-05	0.00e+00	0.00e+00	0.00e+00	0.00e+00	0.00e+00	0.00e+00	9.72e-01	8.42e-08	4.22e-08
 5.45987e+22	9.72e-01	2.77e-02	1.31e-05	0.00e+00	0.00e+00	0.00e+00	0.00e+00	0.00e+00	0.00e+00	9.72e-01	8.40e-08	4.21e-08
 5.46337e+22	9.73e-01	2.72e-02	1.29e-05	0.00e+00	0.00e+00	0.00e+00	0.00e+00	0.00e+00	0.00e+00	9.73e-01	8.38e-08	4.19e-08
 5.46656e+22	9.73e-01	2.68e-02	1.28e-05	0.00e+00	0.00e+00	0.00e+00	0.00e+00	0.00e+00	0.00e+00	9.73e-01	8.36e-08	4.18e-08
 5.46946e+22	9.74e-01	2.64e-02	1.26e-05	0.00e+00	0.00e+00	0.00e+00	0.00e+00	0.00e+00	0.00e+00	9.74e-01	8.34e-08	4.17e-08
 5.47210e+22	9.74e-01	2.61e-02	1.25e-05	0.00e+00	0.00e+00	0.00e+00	0.00e+00	0.00e+00	0.00e+00	9.74e-01	8.33e-08	4.16e-08
 5.47499e+22	9.74e-01	2.58e-02	1.24e-05	0.00e+00	0.00e+00	0.00e+00	0.00e+00	0.00e+00	0.00e+00	9.74e-01	8.32e-08	4.15e-08
 5.47812e+22	9.75e-01	2.53e-02	1.22e-05	0.00e+00	0.00e+00	0.00e+00	0.00e+00	0.00e+00	0.00e+00	9.75e-01	8.30e-08	4.13e-08
 5.48096e+22	9.75e-01	2.50e-02	1.21e-05	0.00e+00	0.00e+00	0.00e+00	0.00e+00	0.00e+00	0.00e+00	9.75e-01	8.28e-08	4.12e-08
 5.48355e+22	9.75e-01	2.47e-02	1.20e-05	0.00e+00	0.00e+00	0.00e+00	0.00e+00	0.00e+00	0.00e+00	9.75e-01	8.25e-08	4.10e-08
 5.48590e+22	9.76e-01	2.45e-02	1.19e-05	0.00e+00	0.00e+00	0.00e+00	0.00e+00	0.00e+00	0.00e+00	9.76e-01	8.25e-08	4.10e-08
 5.48848e+22	9.76e-01	2.41e-02	1.18e-05	0.00e+00	0.00e+00	0.00e+00	0.00e+00	0.00e+00	0.00e+00	9.76e-01	8.23e-08	4.08e-08
 5.49126e+22	9.76e-01	2.38e-02	1.17e-05	0.00e+00	0.00e+00	0.00e+00	0.00e+00	0.00e+00	0.00e+00	9.76e-01	8.22e-08	4.07e-08
 5.49431e+22	9.77e-01	2.35e-02	1.16e-05	0.00e+00	0.00e+00	0.00e+00	0.00e+00	0.00e+00	0.00e+00	9.77e-01	8.21e-08	4.06e-08
 5.49761e+22	9.77e-01	2.31e-02	1.15e-05	0.00e+00	0.00e+00	0.00e+00	0.00e+00	0.00e+00	0.00e+00	9.77e-01	8.15e-08	4.03e-08
 5.50060e+22	9.77e-01	2.28e-02	1.14e-05	0.00e+00	0.00e+00	0.00e+00	0.00e+00	0.00e+00	0.00e+00	9.77e-01	8.10e-08	4.01e-08
 5.50389e+22	9.78e-01	2.24e-02	1.12e-05	0.00e+00	0.00e+00	0.00e+00	0.00e+00	0.00e+00	0.00e+00	9.78e-01	8.02e-08	3.97e-08
 5.50744e+22	9.78e-01	2.21e-02	1.11e-05	0.00e+00	0.00e+00	0.00e+00	0.00e+00	0.00e+00	0.00e+00	9.78e-01	7.96e-08	3.94e-08
 5.51066e+22	9.78e-01	2.17e-02	1.10e-05	0.00e+00	0.00e+00	0.00e+00	0.00e+00	0.00e+00	0.00e+00	9.78e-01	7.86e-08	3.90e-08
 5.51360e+22	9.78e-01	2.15e-02	1.09e-05	0.00e+00	0.00e+00	0.00e+00	0.00e+00	0.00e+00	0.00e+00	9.78e-01	7.84e-08	3.88e-08
 5.51682e+22	9.79e-01	2.12e-02	1.08e-05	0.00e+00	0.00e+00	0.00e+00	0.00e+00	0.00e+00	0.00e+00	9.79e-01	7.78e-08	3.85e-08
 5.52029e+22	9.79e-01	2.09e-02	1.07e-05	0.00e+00	0.00e+00	0.00e+00	0.00e+00	0.00e+00	0.00e+00	9.79e-01	7.71e-08	3.80e-08
 5.52345e+22	9.79e-01	2.06e-02	1.06e-05	0.00e+00	0.00e+00	0.00e+00	0.00e+00	0.00e+00	0.00e+00	9.79e-01	7.63e-08	3.75e-08
 5.52633e+22	9.80e-01	2.04e-02	1.05e-05	0.00e+00	0.00e+00	0.00e+00	0.00e+00	0.00e+00	0.00e+00	9.80e-01	7.61e-08	3.74e-08
 5.52948e+22	9.80e-01	2.00e-02	1.04e-05	0.00e+00	0.00e+00	0.00e+00	0.00e+00	0.00e+00	0.00e+00	9.80e-01	7.52e-08	3.68e-08
 5.53288e+22	9.80e-01	1.98e-02	1.03e-05	0.00e+00	0.00e+00	0.00e+00	0.00e+00	0.00e+00	0.00e+00	9.80e-01	7.50e-08	3.67e-08
 5.53661e+22	9.81e-01	1.94e-02	1.02e-05	0.00e+00	0.00e+00	0.00e+00	0.00e+00	0.00e+00	0.00e+00	9.81e-01	7.42e-08	3.62e-08
 5.54064e+22	9.81e-01	1.91e-02	1.01e-05	0.00e+00	0.00e+00	0.00e+00	0.00e+00	0.00e+00	0.00e+00	9.81e-01	7.35e-08	3.58e-08
 5.54430e+22	9.81e-01	1.87e-02	9.94e-06	0.00e+00	0.00e+00	0.00e+00	0.00e+00	0.00e+00	0.00e+00	9.81e-01	7.26e-08	3.52e-08
 5.54764e+22	9.81e-01	1.86e-02	9.86e-06	0.00e+00	0.00e+00	0.00e+00	0.00e+00	0.00e+00	0.00e+00	9.81e-01	7.25e-08	3.51e-08
 5.55129e+22	9.82e-01	1.82e-02	9.75e-06	0.00e+00	0.00e+00	0.00e+00	0.00e+00	0.00e+00	0.00e+00	9.82e-01	7.18e-08	3.47e-08
 5.55523e+22	9.82e-01	1.79e-02	9.65e-06	0.00e+00	0.00e+00	0.00e+00	0.00e+00	0.00e+00	0.00e+00	9.82e-01	7.11e-08	3.43e-08
 5.55882e+22	9.82e-01	1.77e-02	9.56e-06	0.00e+00	0.00e+00	0.00e+00	0.00e+00	0.00e+00	0.00e+00	9.82e-01	7.07e-08	3.40e-08
 5.56275e+22	9.83e-01	1.73e-02	9.44e-06	0.00e+00	0.00e+00	0.00e+00	0.00e+00	0.00e+00	0.00e+00	9.83e-01	6.97e-08	3.34e-08
 5.56700e+22	9.83e-01	1.70e-02	9.34e-06	0.00e+00	0.00e+00	0.00e+00	0.00e+00	0.00e+00	0.00e+00	9.83e-01	6.90e-08	3.29e-08
 5.57086e+22	9.83e-01	1.67e-02	9.24e-06	0.00e+00	0.00e+00	0.00e+00	0.00e+00	0.00e+00	0.00e+00	9.83e-01	6.80e-08	3.24e-08
 5.57438e+22	9.83e-01	1.65e-02	9.17e-06	0.00e+00	0.00e+00	0.00e+00	0.00e+00	0.00e+00	0.00e+00	9.83e-01	6.77e-08	3.22e-08
 5.57823e+22	9.84e-01	1.63e-02	9.06e-06	0.00e+00	0.00e+00	0.00e+00	0.00e+00	0.00e+00	0.00e+00	9.84e-01	6.69e-08	3.17e-08
 5.58239e+22	9.84e-01	1.60e-02	8.97e-06	0.00e+00	0.00e+00	0.00e+00	0.00e+00	0.00e+00	0.00e+00	9.84e-01	6.62e-08	3.13e-08
 5.58618e+22	9.84e-01	1.58e-02	8.89e-06	0.00e+00	0.00e+00	0.00e+00	0.00e+00	0.00e+00	0.00e+00	9.84e-01	6.58e-08	3.10e-08
 5.59032e+22	9.85e-01	1.54e-02	8.78e-06	0.00e+00	0.00e+00	0.00e+00	0.00e+00	0.00e+00	0.00e+00	9.85e-01	6.48e-08	3.04e-08
 5.59480e+22	9.85e-01	1.51e-02	8.68e-06	0.00e+00	0.00e+00	0.00e+00	0.00e+00	0.00e+00	0.00e+00	9.85e-01	6.39e-08	2.99e-08
 5.59888e+22	9.85e-01	1.48e-02	8.59e-06	0.00e+00	0.00e+00	0.00e+00	0.00e+00	0.00e+00	0.00e+00	9.85e-01	6.30e-08	2.93e-08
 5.60258e+22	9.85e-01	1.47e-02	8.52e-06	0.00e+00	0.00e+00	0.00e+00	0.00e+00	0.00e+00	0.00e+00	9.85e-01	6.27e-08	2.91e-08
 5.60665e+22	9.86e-01	1.44e-02	8.43e-06	0.00e+00	0.00e+00	0.00e+00	0.00e+00	0.00e+00	0.00e+00	9.86e-01	6.19e-08	2.87e-08
 5.61103e+22	9.86e-01	1.42e-02	8.34e-06	0.00e+00	0.00e+00	0.00e+00	0.00e+00	0.00e+00	0.00e+00	9.86e-01	6.11e-08	2.82e-08
 5.61502e+22	9.86e-01	1.40e-02	8.26e-06	0.00e+00	0.00e+00	0.00e+00	0.00e+00	0.00e+00	0.00e+00	9.86e-01	6.06e-08	2.79e-08
 5.61940e+22	9.86e-01	1.37e-02	8.16e-06	0.00e+00	0.00e+00	0.00e+00	0.00e+00	0.00e+00	0.00e+00	9.86e-01	5.97e-08	2.73e-08
 5.62412e+22	9.87e-01	1.34e-02	8.07e-06	0.00e+00	0.00e+00	0.00e+00	0.00e+00	0.00e+00	0.00e+00	9.87e-01	5.90e-08	2.69e-08
 5.62842e+22	9.87e-01	1.32e-02	8.00e-06	0.00e+00	0.00e+00	0.00e+00	0.00e+00	0.00e+00	0.00e+00	9.87e-01	5.85e-08	2.66e-08
 5.63313e+22	9.87e-01	1.29e-02	7.90e-06	0.00e+00	0.00e+00	0.00e+00	0.00e+00	0.00e+00	0.00e+00	9.87e-01	5.77e-08	2.62e-08
 5.63821e+22	9.87e-01	1.26e-02	7.80e-06	0.00e+00	0.00e+00	0.00e+00	0.00e+00	0.00e+00	0.00e+00	9.87e-01	5.69e-08	2.57e-08
 5.64284e+22	9.88e-01	1.24e-02	7.73e-06	0.00e+00	0.00e+00	0.00e+00	0.00e+00	0.00e+00	0.00e+00	9.88e-01	5.64e-08	2.54e-08
 5.64790e+22	9.88e-01	1.22e-02	7.63e-06	0.00e+00	0.00e+00	0.00e+00	0.00e+00	0.00e+00	0.00e+00	9.88e-01	5.56e-08	2.50e-08
 5.65338e+22	9.88e-01	1.19e-02	7.54e-06	0.00e+00	0.00e+00	0.00e+00	0.00e+00	0.00e+00	0.00e+00	9.88e-01	5.49e-08	2.45e-08
 5.65836e+22	9.88e-01	1.17e-02	7.45e-06	0.00e+00	0.00e+00	0.00e+00	0.00e+00	0.00e+00	0.00e+00	9.88e-01	5.42e-08	2.40e-08
 5.66289e+22	9.88e-01	1.15e-02	7.38e-06	0.00e+00	0.00e+00	0.00e+00	0.00e+00	0.00e+00	0.00e+00	9.88e-01	5.37e-08	2.37e-08
 5.66785e+22	9.89e-01	1.13e-02	7.29e-06	0.00e+00	0.00e+00	0.00e+00	0.00e+00	0.00e+00	0.00e+00	9.89e-01	5.30e-08	2.32e-08
 5.67322e+22	9.89e-01	1.10e-02	7.20e-06	0.00e+00	0.00e+00	0.00e+00	0.00e+00	0.00e+00	0.00e+00	9.89e-01	5.21e-08	2.26e-08
 5.67809e+22	9.89e-01	1.08e-02	7.14e-06	0.00e+00	0.00e+00	0.00e+00	0.00e+00	0.00e+00	0.00e+00	9.89e-01	5.18e-08	2.24e-08
 5.68344e+22	9.89e-01	1.06e-02	7.04e-06	0.00e+00	0.00e+00	0.00e+00	0.00e+00	0.00e+00	0.00e+00	9.89e-01	5.09e-08	2.19e-08
 5.68921e+22	9.90e-01	1.03e-02	6.95e-06	0.00e+00	0.00e+00	0.00e+00	0.00e+00	0.00e+00	0.00e+00	9.90e-01	5.00e-08	2.14e-08
 5.69446e+22	9.90e-01	1.01e-02	6.88e-06	0.00e+00	0.00e+00	0.00e+00	0.00e+00	0.00e+00	0.00e+00	9.90e-01	4.95e-08	2.11e-08
 5.70022e+22	9.90e-01	9.92e-03	6.79e-06	0.00e+00	0.00e+00	0.00e+00	0.00e+00	0.00e+00	0.00e+00	9.90e-01	4.87e-08	2.07e-08
 5.70643e+22	9.90e-01	9.64e-03	6.70e-06	0.00e+00	0.00e+00	0.00e+00	0.00e+00	0.00e+00	0.00e+00	9.90e-01	4.78e-08	2.01e-08
 5.71209e+22	9.91e-01	9.48e-03	6.63e-06	0.00e+00	0.00e+00	0.00e+00	0.00e+00	0.00e+00	0.00e+00	9.91e-01	4.73e-08	1.98e-08
 5.71828e+22	9.91e-01	9.25e-03	6.54e-06	0.00e+00	0.00e+00	0.00e+00	0.00e+00	0.00e+00	0.00e+00	9.91e-01	4.66e-08	1.94e-08
 5.72497e+22	9.91e-01	9.01e-03	6.45e-06	0.00e+00	0.00e+00	0.00e+00	0.00e+00	0.00e+00	0.00e+00	9.91e-01	4.59e-08	1.90e-08
 5.73106e+22	9.91e-01	8.81e-03	6.37e-06	0.00e+00	0.00e+00	0.00e+00	0.00e+00	0.00e+00	0.00e+00	9.91e-01	4.52e-08	1.86e-08
 5.73659e+22	9.91e-01	8.66e-03	6.31e-06	0.00e+00	0.00e+00	0.00e+00	0.00e+00	0.00e+00	0.00e+00	9.91e-01	4.46e-08	1.83e-08
 5.74266e+22	9.92e-01	8.45e-03	6.22e-06	0.00e+00	0.00e+00	0.00e+00	0.00e+00	0.00e+00	0.00e+00	9.92e-01	4.39e-08	1.78e-08
 5.74922e+22	9.92e-01	8.21e-03	6.14e-06	0.00e+00	0.00e+00	0.00e+00	0.00e+00	0.00e+00	0.00e+00	9.92e-01	4.31e-08	1.74e-08
 5.75518e+22	9.92e-01	8.07e-03	6.07e-06	0.00e+00	0.00e+00	0.00e+00	0.00e+00	0.00e+00	0.00e+00	9.92e-01	4.27e-08	1.71e-08
 5.76171e+22	9.92e-01	7.87e-03	5.98e-06	0.00e+00	0.00e+00	0.00e+00	0.00e+00	0.00e+00	0.00e+00	9.92e-01	4.20e-08	1.67e-08
 5.76877e+22	9.92e-01	7.63e-03	5.90e-06	0.00e+00	0.00e+00	0.00e+00	0.00e+00	0.00e+00	0.00e+00	9.92e-01	4.11e-08	1.62e-08
 5.77519e+22	9.93e-01	7.49e-03	5.83e-06	0.00e+00	0.00e+00	0.00e+00	0.00e+00	0.00e+00	0.00e+00	9.93e-01	4.07e-08	1.60e-08
 5.78222e+22	9.93e-01	7.29e-03	5.75e-06	0.00e+00	0.00e+00	0.00e+00	0.00e+00	0.00e+00	0.00e+00	9.93e-01	4.00e-08	1.56e-08
 5.78981e+22	9.93e-01	7.08e-03	5.67e-06	0.00e+00	0.00e+00	0.00e+00	0.00e+00	0.00e+00	0.00e+00	9.93e-01	3.94e-08	1.52e-08
 5.79672e+22	9.93e-01	6.91e-03	5.59e-06	0.00e+00	0.00e+00	0.00e+00	0.00e+00	0.00e+00	0.00e+00	9.93e-01	3.88e-08	1.48e-08
 5.80301e+22	9.93e-01	6.77e-03	5.53e-06	0.00e+00	0.00e+00	0.00e+00	0.00e+00	0.00e+00	0.00e+00	9.93e-01	3.83e-08	1.45e-08
 5.80990e+22	9.93e-01	6.60e-03	5.45e-06	0.00e+00	0.00e+00	0.00e+00	0.00e+00	0.00e+00	0.00e+00	9.93e-01	3.77e-08	1.42e-08
 5.81734e+22	9.94e-01	6.42e-03	5.38e-06	0.00e+00	0.00e+00	0.00e+00	0.00e+00	0.00e+00	0.00e+00	9.94e-01	3.71e-08	1.38e-08
 5.82411e+22	9.94e-01	6.27e-03	5.31e-06	0.00e+00	0.00e+00	0.00e+00	0.00e+00	0.00e+00	0.00e+00	9.94e-01	3.65e-08	1.35e-08
 5.83153e+22	9.94e-01	6.11e-03	5.23e-06	0.00e+00	0.00e+00	0.00e+00	0.00e+00	0.00e+00	0.00e+00	9.94e-01	3.59e-08	1.31e-08
 5.83954e+22	9.94e-01	5.92e-03	5.16e-06	0.00e+00	0.00e+00	0.00e+00	0.00e+00	0.00e+00	0.00e+00	9.94e-01	3.51e-08	1.27e-08
 5.84683e+22	9.94e-01	5.79e-03	5.09e-06	0.00e+00	0.00e+00	0.00e+00	0.00e+00	0.00e+00	0.00e+00	9.94e-01	3.47e-08	1.25e-08
 5.85481e+22	9.94e-01	5.63e-03	5.01e-06	0.00e+00	0.00e+00	0.00e+00	0.00e+00	0.00e+00	0.00e+00	9.94e-01	3.41e-08	1.21e-08
 5.86343e+22	9.95e-01	5.45e-03	4.94e-06	0.00e+00	0.00e+00	0.00e+00	0.00e+00	0.00e+00	0.00e+00	9.95e-01	3.34e-08	1.17e-08
 5.87128e+22	9.95e-01	5.32e-03	4.87e-06	0.00e+00	0.00e+00	0.00e+00	0.00e+00	0.00e+00	0.00e+00	9.95e-01	3.29e-08	1.14e-08
 5.87987e+22	9.95e-01	5.16e-03	4.79e-06	0.00e+00	0.00e+00	0.00e+00	0.00e+00	0.00e+00	0.00e+00	9.95e-01	3.23e-08	1.11e-08
 5.88916e+22	9.95e-01	4.99e-03	4.71e-06	0.00e+00	0.00e+00	0.00e+00	0.00e+00	0.00e+00	0.00e+00	9.95e-01	3.17e-08	1.07e-08
 5.89760e+22	9.95e-01	4.85e-03	4.64e-06	0.00e+00	0.00e+00	0.00e+00	0.00e+00	0.00e+00	0.00e+00	9.95e-01	3.11e-08	1.04e-08
 5.90529e+22	9.95e-01	4.67e-03	4.58e-06	0.00e+00	0.00e+00	0.00e+00	0.00e+00	0.00e+00	0.00e+00	9.95e-01	3.07e-08	1.02e-08
 5.91371e+22	9.96e-01	4.40e-03	4.50e-06	0.00e+00	0.00e+00	0.00e+00	0.00e+00	0.00e+00	0.00e+00	9.96e-01	3.01e-08	9.82e-09
 5.92466e+22	9.96e-01	4.09e-03	4.41e-06	0.00e+00	0.00e+00	0.00e+00	0.00e+00	0.00e+00	0.00e+00	9.96e-01	2.92e-08	9.36e-09
 5.93703e+22	9.96e-01	3.85e-03	4.31e-06	0.00e+00	0.00e+00	0.00e+00	0.00e+00	0.00e+00	0.00e+00	9.96e-01	2.84e-08	8.91e-09
 5.94934e+22	9.96e-01	3.64e-03	4.22e-06	0.00e+00	0.00e+00	0.00e+00	0.00e+00	0.00e+00	0.00e+00	9.96e-01	2.77e-08	8.49e-09
 5.96178e+22	9.97e-01	3.44e-03	4.13e-06	0.00e+00	0.00e+00	0.00e+00	0.00e+00	0.00e+00	0.00e+00	9.97e-01	2.69e-08	8.08e-09
 5.97453e+22	9.97e-01	3.23e-03	4.04e-06	0.00e+00	0.00e+00	0.00e+00	0.00e+00	0.00e+00	0.00e+00	9.97e-01	2.62e-08	7.67e-09
 5.98747e+22	9.97e-01	3.04e-03	3.95e-06	0.00e+00	0.00e+00	0.00e+00	0.00e+00	0.00e+00	0.00e+00	9.97e-01	2.54e-08	7.28e-09
 6.00054e+22	9.97e-01	2.85e-03	3.86e-06	0.00e+00	0.00e+00	0.00e+00	0.00e+00	0.00e+00	0.00e+00	9.97e-01	2.47e-08	6.90e-09
 6.01378e+22	9.97e-01	2.67e-03	3.77e-06	0.00e+00	0.00e+00	0.00e+00	0.00e+00	0.00e+00	0.00e+00	9.97e-01	2.40e-08	6.52e-09
 6.02718e+22	9.97e-01	2.50e-03	3.68e-06	0.00e+00	0.00e+00	0.00e+00	0.00e+00	0.00e+00	0.00e+00	9.97e-01	2.33e-08	6.17e-09
 6.04074e+22	9.98e-01	2.34e-03	3.60e-06	0.00e+00	0.00e+00	0.00e+00	0.00e+00	0.00e+00	0.00e+00	9.98e-01	2.25e-08	5.83e-09
 6.05445e+22	9.98e-01	2.18e-03	3.52e-06	0.00e+00	0.00e+00	0.00e+00	0.00e+00	0.00e+00	0.00e+00	9.98e-01	2.18e-08	5.51e-09
 6.06832e+22	9.98e-01	2.03e-03	3.44e-06	0.00e+00	0.00e+00	0.00e+00	0.00e+00	0.00e+00	0.00e+00	9.98e-01	2.11e-08	5.19e-09
 6.08233e+22	9.98e-01	1.88e-03	3.35e-06	0.00e+00	0.00e+00	0.00e+00	0.00e+00	0.00e+00	0.00e+00	9.98e-01	2.03e-08	4.89e-09
 6.09649e+22	9.98e-01	1.75e-03	3.28e-06	0.00e+00	0.00e+00	0.00e+00	0.00e+00	0.00e+00	0.00e+00	9.98e-01	1.96e-08	4.59e-09
 6.11078e+22	9.98e-01	1.62e-03	3.20e-06	0.00e+00	0.00e+00	0.00e+00	0.00e+00	0.00e+00	0.00e+00	9.98e-01	1.89e-08	4.30e-09
 6.12518e+22	9.99e-01	1.49e-03	3.12e-06	0.00e+00	0.00e+00	0.00e+00	0.00e+00	0.00e+00	0.00e+00	9.99e-01	1.82e-08	4.03e-09
 6.13971e+22	9.99e-01	1.38e-03	3.05e-06	0.00e+00	0.00e+00	0.00e+00	0.00e+00	0.00e+00	0.00e+00	9.99e-01	1.76e-08	3.76e-09
 6.15439e+22	9.99e-01	1.27e-03	2.97e-06	0.00e+00	0.00e+00	0.00e+00	0.00e+00	0.00e+00	0.00e+00	9.99e-01	1.69e-08	3.51e-09
