#depth	He	He+	He+2
 8.42165e+13	9.66e-01	3.44e-02	1.24e-05
 5.05299e+14	9.66e-01	3.43e-02	1.23e-05
 2.18963e+15	9.66e-01	3.42e-02	1.23e-05
 8.92695e+15	9.66e-01	3.40e-02	1.23e-05
 2.13236e+16	9.67e-01	3.33e-02	1.19e-05
 3.47066e+16	9.67e-01	3.28e-02	1.17e-05
 4.68852e+16	9.67e-01	3.26e-02	1.17e-05
 5.79677e+16	9.68e-01	3.24e-02	1.17e-05
 7.01120e+16	9.68e-01	3.24e-02	1.18e-05
 8.58996e+16	9.68e-01	3.24e-02	1.21e-05
 1.04387e+17	9.68e-01	3.24e-02	1.24e-05
 1.22655e+17	9.67e-01	3.25e-02	1.28e-05
 1.39685e+17	9.67e-01	3.26e-02	1.31e-05
 1.56521e+17	9.67e-01	3.27e-02	1.35e-05
 1.73543e+17	9.67e-01	3.28e-02	1.39e-05
 1.90598e+17	9.67e-01	3.29e-02	1.43e-05
 2.07610e+17	9.67e-01	3.31e-02	1.48e-05
 2.24688e+17	9.67e-01	3.32e-02	1.52e-05
 2.42046e+17	9.67e-01	3.33e-02	1.57e-05
 2.59632e+17	9.67e-01	3.33e-02	1.61e-05
 2.77416e+17	9.67e-01	3.34e-02	1.66e-05
 2.95452e+17	9.67e-01	3.34e-02	1.70e-05
 3.13804e+17	9.67e-01	3.34e-02	1.74e-05
 3.32501e+17	9.67e-01	3.34e-02	1.79e-05
 3.51453e+17	9.67e-01	3.34e-02	1.83e-05
 3.70801e+17	9.67e-01	3.33e-02	1.87e-05
 3.90620e+17	9.67e-01	3.33e-02	1.91e-05
 4.10905e+17	9.67e-01	3.31e-02	1.95e-05
 4.31603e+17	9.67e-01	3.30e-02	1.99e-05
 4.52765e+17	9.67e-01	3.28e-02	2.03e-05
 4.74408e+17	9.67e-01	3.27e-02	2.06e-05
 4.96435e+17	9.68e-01	3.25e-02	2.10e-05
 5.19078e+17	9.68e-01	3.23e-02	2.13e-05
 5.42245e+17	9.68e-01	3.20e-02	2.16e-05
 5.65952e+17	9.68e-01	3.17e-02	2.19e-05
 5.90382e+17	9.69e-01	3.14e-02	2.21e-05
 6.15448e+17	9.69e-01	3.11e-02	2.23e-05
 6.41310e+17	9.69e-01	3.07e-02	2.25e-05
 6.67899e+17	9.70e-01	3.03e-02	2.27e-05
 6.94927e+17	9.70e-01	3.00e-02	2.29e-05
 7.22547e+17	9.70e-01	2.96e-02	2.30e-05
 7.50930e+17	9.71e-01	2.91e-02	2.31e-05
 7.80196e+17	9.71e-01	2.87e-02	2.32e-05
 8.10353e+17	9.72e-01	2.83e-02	2.33e-05
 8.41286e+17	9.72e-01	2.78e-02	2.33e-05
 8.71175e+17	9.73e-01	2.74e-02	2.34e-05
 9.01141e+17	9.73e-01	2.69e-02	2.34e-05
 9.34218e+17	9.73e-01	2.65e-02	2.34e-05
 9.69237e+17	9.74e-01	2.60e-02	2.34e-05
 1.00298e+18	9.74e-01	2.55e-02	2.33e-05
 1.03369e+18	9.75e-01	2.51e-02	2.33e-05
 1.06634e+18	9.75e-01	2.46e-02	2.32e-05
 1.10491e+18	9.76e-01	2.41e-02	2.31e-05
 1.14552e+18	9.76e-01	2.36e-02	2.30e-05
 1.18531e+18	9.77e-01	2.31e-02	2.29e-05
 1.22547e+18	9.77e-01	2.26e-02	2.27e-05
 1.26740e+18	9.78e-01	2.21e-02	2.25e-05
 1.31101e+18	9.78e-01	2.16e-02	2.24e-05
 1.35570e+18	9.79e-01	2.11e-02	2.22e-05
 1.40155e+18	9.79e-01	2.06e-02	2.19e-05
 1.44883e+18	9.80e-01	2.01e-02	2.17e-05
 1.49769e+18	9.80e-01	1.96e-02	2.15e-05
 1.54814e+18	9.81e-01	1.91e-02	2.12e-05
 1.60024e+18	9.81e-01	1.87e-02	2.09e-05
 1.65409e+18	9.82e-01	1.82e-02	2.06e-05
 1.70985e+18	9.82e-01	1.77e-02	2.03e-05
 1.76764e+18	9.83e-01	1.72e-02	2.00e-05
 1.82761e+18	9.83e-01	1.67e-02	1.96e-05
 1.88988e+18	9.84e-01	1.63e-02	1.92e-05
 1.95463e+18	9.84e-01	1.58e-02	1.89e-05
 2.02203e+18	9.85e-01	1.53e-02	1.85e-05
 2.09229e+18	9.85e-01	1.49e-02	1.80e-05
 2.16563e+18	9.86e-01	1.44e-02	1.76e-05
 2.24224e+18	9.86e-01	1.40e-02	1.71e-05
 2.32241e+18	9.86e-01	1.35e-02	1.67e-05
 2.40642e+18	9.87e-01	1.31e-02	1.62e-05
 2.49460e+18	9.87e-01	1.26e-02	1.57e-05
 2.58732e+18	9.88e-01	1.22e-02	1.51e-05
 2.68490e+18	9.88e-01	1.17e-02	1.46e-05
 2.78770e+18	9.89e-01	1.13e-02	1.41e-05
 2.89615e+18	9.89e-01	1.09e-02	1.35e-05
 3.01075e+18	9.90e-01	1.05e-02	1.29e-05
 3.13139e+18	9.90e-01	1.01e-02	1.24e-05
 3.25839e+18	9.90e-01	9.66e-03	1.18e-05
 3.39146e+18	9.91e-01	9.27e-03	1.12e-05
 3.52928e+18	9.91e-01	8.89e-03	1.07e-05
 3.67182e+18	9.91e-01	8.53e-03	1.01e-05
 3.81982e+18	9.92e-01	8.18e-03	9.62e-06
 3.97381e+18	9.92e-01	7.85e-03	9.11e-06
 4.13395e+18	9.92e-01	7.53e-03	8.61e-06
 4.30049e+18	9.93e-01	7.22e-03	8.12e-06
 4.47445e+18	9.93e-01	6.92e-03	7.66e-06
 4.65638e+18	9.93e-01	6.63e-03	7.21e-06
 4.84711e+18	9.94e-01	6.36e-03	6.77e-06
 5.04738e+18	9.94e-01	6.09e-03	6.36e-06
 5.25643e+18	9.94e-01	5.84e-03	5.96e-06
 5.47412e+18	9.94e-01	5.59e-03	5.58e-06
 5.70135e+18	9.95e-01	5.36e-03	5.21e-06
 5.93918e+18	9.95e-01	5.13e-03	4.87e-06
 6.18828e+18	9.95e-01	4.92e-03	4.54e-06
 6.44910e+18	9.95e-01	4.71e-03	4.23e-06
 6.66255e+18	9.95e-01	4.57e-03	4.02e-06
 6.79063e+18	9.96e-01	4.47e-03	3.88e-06
 6.89209e+18	9.96e-01	4.39e-03	3.76e-06
 7.01501e+18	9.96e-01	4.30e-03	3.62e-06
 7.17480e+18	9.96e-01	4.20e-03	3.47e-06
 7.38252e+18	9.96e-01	4.07e-03	3.30e-06
 7.65257e+18	9.96e-01	3.93e-03	3.10e-06
 7.97171e+18	9.96e-01	3.78e-03	2.90e-06
 8.29109e+18	9.96e-01	3.64e-03	2.71e-06
 8.59593e+18	9.96e-01	3.51e-03	2.54e-06
 8.94551e+18	9.97e-01	3.37e-03	2.35e-06
 9.36895e+18	9.97e-01	3.22e-03	2.17e-06
 9.81893e+18	9.97e-01	3.08e-03	1.99e-06
 1.02705e+19	9.97e-01	2.95e-03	1.83e-06
 1.07436e+19	9.97e-01	2.82e-03	1.69e-06
 1.12538e+19	9.97e-01	2.69e-03	1.55e-06
 1.17971e+19	9.97e-01	2.57e-03	1.42e-06
 1.23685e+19	9.98e-01	2.46e-03	1.30e-06
 1.29752e+19	9.98e-01	2.35e-03	1.19e-06
 1.36233e+19	9.98e-01	2.24e-03	1.09e-06
 1.43117e+19	9.98e-01	2.14e-03	9.90e-07
 1.50411e+19	9.98e-01	2.04e-03	9.03e-07
 1.58165e+19	9.98e-01	1.94e-03	8.23e-07
 1.66429e+19	9.98e-01	1.85e-03	7.49e-07
 1.75245e+19	9.98e-01	1.77e-03	6.81e-07
 1.84659e+19	9.98e-01	1.68e-03	6.18e-07
 1.94732e+19	9.98e-01	1.60e-03	5.60e-07
 2.05534e+19	9.98e-01	1.52e-03	5.07e-07
 2.17114e+19	9.99e-01	1.44e-03	4.58e-07
 2.29541e+19	9.99e-01	1.37e-03	4.14e-07
 2.42956e+19	9.99e-01	1.30e-03	3.73e-07
 2.57511e+19	9.99e-01	1.23e-03	3.35e-07
 2.73355e+19	9.99e-01	1.17e-03	3.00e-07
 2.90668e+19	9.99e-01	1.10e-03	2.68e-07
 3.09686e+19	9.99e-01	1.04e-03	2.39e-07
 3.30789e+19	9.99e-01	9.78e-04	2.12e-07
 3.54349e+19	9.99e-01	9.18e-04	1.87e-07
 3.80695e+19	9.99e-01	8.59e-04	1.64e-07
 4.10349e+19	9.99e-01	8.02e-04	1.43e-07
 4.44039e+19	9.99e-01	7.46e-04	1.23e-07
 4.82447e+19	9.99e-01	6.91e-04	1.06e-07
 5.25332e+19	9.99e-01	6.39e-04	9.05e-08
 5.72285e+19	9.99e-01	5.90e-04	7.73e-08
 6.23944e+19	9.99e-01	5.45e-04	6.59e-08
 6.81309e+19	9.99e-01	5.02e-04	5.60e-08
 7.45304e+19	1.00e+00	4.62e-04	4.73e-08
 8.16915e+19	1.00e+00	4.24e-04	3.99e-08
 8.97319e+19	1.00e+00	3.88e-04	3.34e-08
 9.86877e+19	1.00e+00	3.55e-04	2.79e-08
 1.08556e+20	1.00e+00	3.25e-04	2.33e-08
 1.19412e+20	1.00e+00	2.97e-04	1.95e-08
 1.31353e+20	1.00e+00	2.71e-04	1.63e-08
 1.44489e+20	1.00e+00	2.48e-04	1.36e-08
 1.58937e+20	1.00e+00	2.27e-04	1.13e-08
 1.74831e+20	1.00e+00	2.07e-04	9.45e-09
 1.92314e+20	1.00e+00	1.90e-04	7.90e-09
 2.11546e+20	1.00e+00	1.74e-04	6.60e-09
 2.32700e+20	1.00e+00	1.59e-04	5.52e-09
 2.55970e+20	1.00e+00	1.46e-04	4.62e-09
 2.81567e+20	1.00e+00	1.33e-04	3.87e-09
 3.09724e+20	1.00e+00	1.22e-04	3.24e-09
 3.40697e+20	1.00e+00	1.12e-04	2.72e-09
 3.74766e+20	1.00e+00	1.03e-04	2.29e-09
 4.12243e+20	1.00e+00	9.48e-05	1.93e-09
 4.51939e+20	1.00e+00	8.76e-05	1.64e-09
 4.91368e+20	1.00e+00	8.16e-05	1.42e-09
 5.29170e+20	1.00e+00	7.67e-05	1.25e-09
 5.65421e+20	1.00e+00	7.26e-05	1.12e-09
 6.00331e+20	1.00e+00	6.91e-05	1.01e-09
 6.34104e+20	1.00e+00	6.61e-05	9.27e-10
 6.67160e+20	1.00e+00	6.35e-05	8.54e-10
 6.99639e+20	1.00e+00	6.12e-05	7.92e-10
 7.31622e+20	1.00e+00	5.92e-05	7.39e-10
 7.63103e+20	1.00e+00	5.74e-05	6.94e-10
 7.94241e+20	1.00e+00	5.58e-05	6.54e-10
 8.25405e+20	1.00e+00	5.44e-05	6.20e-10
 8.56787e+20	1.00e+00	5.31e-05	5.90e-10
 8.88507e+20	1.00e+00	5.19e-05	5.63e-10
 9.20185e+20	1.00e+00	5.09e-05	5.41e-10
 9.51056e+20	1.00e+00	5.00e-05	5.21e-10
 9.83052e+20	1.00e+00	4.91e-05	5.03e-10
 1.01796e+21	1.00e+00	4.83e-05	4.86e-10
 1.05483e+21	1.00e+00	4.76e-05	4.70e-10
 1.09267e+21	1.00e+00	4.69e-05	4.57e-10
 1.13290e+21	1.00e+00	4.63e-05	4.44e-10
 1.17646e+21	1.00e+00	4.57e-05	4.32e-10
 1.22136e+21	1.00e+00	4.51e-05	4.21e-10
 1.26738e+21	1.00e+00	4.45e-05	4.10e-10
 1.31650e+21	1.00e+00	4.38e-05	3.98e-10
 1.37083e+21	1.00e+00	4.31e-05	3.84e-10
 1.43276e+21	1.00e+00	4.22e-05	3.68e-10
 1.50598e+21	1.00e+00	4.11e-05	3.48e-10
 1.59750e+21	1.00e+00	3.96e-05	3.23e-10
 1.70473e+21	1.00e+00	3.79e-05	2.96e-10
 1.81016e+21	1.00e+00	3.64e-05	2.73e-10
 1.90607e+21	1.00e+00	3.50e-05	2.53e-10
 1.99211e+21	1.00e+00	3.39e-05	2.37e-10
 2.06824e+21	1.00e+00	3.30e-05	2.24e-10
 2.14349e+21	1.00e+00	3.20e-05	2.11e-10
 2.22223e+21	1.00e+00	3.11e-05	1.99e-10
 2.30203e+21	1.00e+00	3.02e-05	1.88e-10
 2.38240e+21	1.00e+00	2.94e-05	1.78e-10
 2.46878e+21	1.00e+00	2.86e-05	1.69e-10
 2.55843e+21	1.00e+00	2.78e-05	1.59e-10
 2.64948e+21	1.00e+00	2.70e-05	1.50e-10
 2.74433e+21	1.00e+00	2.63e-05	1.42e-10
 2.83946e+21	1.00e+00	2.56e-05	1.35e-10
 2.93872e+21	1.00e+00	2.49e-05	1.27e-10
 3.04411e+21	1.00e+00	2.42e-05	1.20e-10
 3.15271e+21	1.00e+00	2.35e-05	1.14e-10
 3.26798e+21	1.00e+00	2.28e-05	1.07e-10
 3.38972e+21	1.00e+00	2.22e-05	1.01e-10
 3.51386e+21	1.00e+00	2.15e-05	9.54e-11
 3.64211e+21	1.00e+00	2.09e-05	9.00e-11
 3.77650e+21	1.00e+00	2.03e-05	8.46e-11
 3.91835e+21	1.00e+00	1.97e-05	8.01e-11
 4.05972e+21	1.00e+00	1.92e-05	7.56e-11
 4.20535e+21	1.00e+00	1.86e-05	7.12e-11
 4.36764e+21	1.00e+00	1.81e-05	6.71e-11
 4.54081e+21	1.00e+00	1.75e-05	6.31e-11
 4.72147e+21	1.00e+00	1.70e-05	5.93e-11
 4.91265e+21	1.00e+00	1.64e-05	5.57e-11
 5.11544e+21	1.00e+00	1.59e-05	5.22e-11
 5.32901e+21	1.00e+00	1.54e-05	4.89e-11
 5.55360e+21	1.00e+00	1.49e-05	4.59e-11
 5.79130e+21	1.00e+00	1.44e-05	4.29e-11
 6.04102e+21	1.00e+00	1.40e-05	4.02e-11
 6.30402e+21	1.00e+00	1.35e-05	3.77e-11
 6.58756e+21	1.00e+00	1.31e-05	3.52e-11
 6.89145e+21	1.00e+00	1.26e-05	3.29e-11
 7.21179e+21	1.00e+00	1.22e-05	3.07e-11
 7.54996e+21	1.00e+00	1.18e-05	2.86e-11
 7.90462e+21	1.00e+00	1.14e-05	2.67e-11
 8.28225e+21	1.00e+00	1.10e-05	2.49e-11
 8.69286e+21	1.00e+00	1.06e-05	2.32e-11
 9.13582e+21	1.00e+00	1.02e-05	2.16e-11
 9.60216e+21	1.00e+00	9.84e-06	2.01e-11
 1.00975e+22	1.00e+00	9.47e-06	1.86e-11
 1.06198e+22	1.00e+00	9.13e-06	1.73e-11
 1.11669e+22	1.00e+00	8.81e-06	1.61e-11
 1.17776e+22	1.00e+00	8.46e-06	1.49e-11
 1.24349e+22	1.00e+00	8.14e-06	1.38e-11
 1.31151e+22	1.00e+00	7.83e-06	1.28e-11
 1.38555e+22	1.00e+00	7.53e-06	1.18e-11
 1.46584e+22	1.00e+00	7.23e-06	1.09e-11
 1.55075e+22	1.00e+00	6.94e-06	1.01e-11
 1.64095e+22	1.00e+00	6.66e-06	9.30e-12
 1.73832e+22	1.00e+00	6.39e-06	8.57e-12
 1.84330e+22	1.00e+00	6.13e-06	7.88e-12
 1.95622e+22	1.00e+00	5.87e-06	7.25e-12
 2.07758e+22	1.00e+00	5.62e-06	6.65e-12
 2.20842e+22	1.00e+00	5.38e-06	6.11e-12
 2.34961e+22	1.00e+00	5.14e-06	5.59e-12
 2.50314e+22	1.00e+00	4.91e-06	5.11e-12
 2.66902e+22	1.00e+00	4.69e-06	4.67e-12
 2.84880e+22	1.00e+00	4.47e-06	4.25e-12
 3.04418e+22	1.00e+00	4.26e-06	3.87e-12
 3.25840e+22	1.00e+00	4.05e-06	3.52e-12
 3.49531e+22	1.00e+00	3.85e-06	3.18e-12
 3.72970e+22	1.00e+00	3.67e-06	2.91e-12
 3.92656e+22	1.00e+00	3.55e-06	2.72e-12
 4.08096e+22	1.00e+00	3.46e-06	2.59e-12
 4.20954e+22	1.00e+00	3.39e-06	2.49e-12
 4.32659e+22	1.00e+00	3.33e-06	2.41e-12
 4.43565e+22	1.00e+00	3.28e-06	2.35e-12
 4.53478e+22	1.00e+00	3.25e-06	2.30e-12
 4.62360e+22	1.00e+00	3.22e-06	2.26e-12
 4.70480e+22	1.00e+00	3.20e-06	2.24e-12
 4.79488e+22	1.00e+00	3.19e-06	2.22e-12
 4.89359e+22	1.00e+00	3.17e-06	2.20e-12
 5.00350e+22	1.00e+00	3.15e-06	2.18e-12
 5.14639e+22	1.00e+00	3.11e-06	2.12e-12
 5.33215e+22	1.00e+00	3.03e-06	2.02e-12
 5.57363e+22	1.00e+00	2.93e-06	1.89e-12
 5.88756e+22	1.00e+00	2.80e-06	1.74e-12
 6.26174e+22	1.00e+00	2.66e-06	1.58e-12
 6.63557e+22	1.00e+00	2.53e-06	1.44e-12
 6.97201e+22	1.00e+00	2.42e-06	1.33e-12
 7.27481e+22	1.00e+00	2.33e-06	1.24e-12
 7.54733e+22	1.00e+00	2.25e-06	1.16e-12
 7.79260e+22	1.00e+00	2.18e-06	1.10e-12
 8.01334e+22	1.00e+00	2.12e-06	1.04e-12
 8.21200e+22	1.00e+00	2.06e-06	9.91e-13
 8.39080e+22	1.00e+00	2.01e-06	9.49e-13
 8.55172e+22	1.00e+00	1.97e-06	9.12e-13
 8.69655e+22	1.00e+00	1.92e-06	8.79e-13
 8.82690e+22	1.00e+00	1.89e-06	8.50e-13
 8.94421e+22	1.00e+00	1.85e-06	8.24e-13
 9.04979e+22	1.00e+00	1.82e-06	8.00e-13
 9.14980e+22	1.00e+00	1.79e-06	7.78e-13
 9.24980e+22	1.00e+00	1.77e-06	7.56e-13
 9.34980e+22	1.00e+00	1.74e-06	7.34e-13
 9.44980e+22	1.00e+00	1.70e-06	7.12e-13
 9.54980e+22	1.00e+00	1.67e-06	6.89e-13
 9.64980e+22	1.00e+00	1.64e-06	6.66e-13
 9.74980e+22	1.00e+00	1.60e-06	6.42e-13
 9.84980e+22	1.00e+00	1.57e-06	6.16e-13
 9.94570e+22	1.00e+00	1.53e-06	5.90e-13
 9.99580e+22	1.00e+00	1.50e-06	5.68e-13
