#depth	H	H+	H2
 4.62852e+21	1.68e-07	1.00e+00	2.86e-33
 1.02733e+22	3.23e-07	1.00e+00	2.28e-32
 1.17119e+22	4.04e-07	1.00e+00	2.33e-32
 1.23453e+22	4.49e-07	1.00e+00	3.30e-32
 1.26092e+22	4.61e-07	1.00e+00	3.59e-32
 1.27306e+22	4.76e-07	1.00e+00	3.99e-32
 1.28885e+22	4.95e-07	1.00e+00	4.59e-32
 1.30467e+22	5.11e-07	1.00e+00	5.09e-32
 1.32056e+22	5.32e-07	1.00e+00	5.85e-32
 1.33694e+22	5.49e-07	1.00e+00	6.53e-32
 1.35397e+22	5.73e-07	1.00e+00	7.57e-32
 1.37149e+22	5.92e-07	1.00e+00	8.49e-32
 1.38963e+22	6.19e-07	1.00e+00	9.91e-32
 1.40821e+22	6.40e-07	1.00e+00	1.12e-31
 1.42738e+22	6.70e-07	1.00e+00	1.31e-31
 1.44682e+22	6.93e-07	1.00e+00	1.49e-31
 1.46662e+22	7.27e-07	1.00e+00	1.76e-31
 1.48660e+22	7.53e-07	1.00e+00	1.99e-31
 1.50681e+22	7.90e-07	1.00e+00	2.12e-31
 1.52732e+22	8.19e-07	1.00e+00	2.41e-31
 1.54820e+22	8.62e-07	1.00e+00	2.87e-31
 1.56926e+22	8.96e-07	1.00e+00	3.28e-31
 1.58703e+22	9.28e-07	1.00e+00	3.70e-31
 1.60663e+22	9.76e-07	1.00e+00	4.36e-31
 1.62596e+22	1.01e-06	1.00e+00	4.90e-31
 1.64494e+22	1.06e-06	1.00e+00	5.71e-31
 1.66426e+22	1.10e-06	1.00e+00	6.43e-31
 1.68401e+22	1.16e-06	1.00e+00	7.54e-31
 1.70396e+22	1.21e-06	1.00e+00	8.50e-31
 1.72417e+22	1.28e-06	1.00e+00	9.98e-31
 1.74464e+22	1.33e-06	1.00e+00	1.13e-30
 1.76547e+22	1.41e-06	1.00e+00	1.32e-30
 1.78675e+22	1.48e-06	1.00e+00	1.50e-30
 1.80860e+22	1.58e-06	1.00e+00	1.76e-30
 1.83089e+22	1.66e-06	1.00e+00	2.00e-30
 1.85305e+22	1.77e-06	1.00e+00	2.32e-30
 1.87410e+22	1.86e-06	1.00e+00	2.59e-30
 1.89442e+22	1.98e-06	1.00e+00	2.97e-30
 1.91513e+22	2.08e-06	1.00e+00	3.32e-30
 1.93547e+22	2.21e-06	1.00e+00	3.75e-30
 1.95622e+22	2.34e-06	1.00e+00	4.18e-30
 1.97644e+22	2.48e-06	1.00e+00	4.64e-30
 1.99709e+22	2.63e-06	1.00e+00	5.14e-30
 2.01753e+22	2.79e-06	1.00e+00	5.68e-30
 2.03807e+22	2.95e-06	1.00e+00	6.27e-30
 2.05838e+22	3.13e-06	1.00e+00	6.90e-30
 2.07865e+22	3.31e-06	1.00e+00	7.59e-30
 2.09895e+22	3.51e-06	1.00e+00	8.36e-30
 2.11934e+22	3.72e-06	1.00e+00	9.21e-30
 2.13985e+22	3.94e-06	1.00e+00	1.02e-29
 2.16055e+22	4.17e-06	1.00e+00	1.13e-29
 2.18149e+22	4.42e-06	1.00e+00	1.26e-29
 2.20253e+22	4.68e-06	1.00e+00	1.41e-29
 2.22392e+22	4.97e-06	1.00e+00	1.59e-29
 2.24556e+22	5.26e-06	1.00e+00	1.85e-29
 2.26762e+22	5.59e-06	1.00e+00	2.13e-29
 2.28814e+22	5.86e-06	1.00e+00	2.41e-29
 2.30927e+22	6.23e-06	1.00e+00	2.83e-29
 2.33073e+22	6.54e-06	1.00e+00	3.25e-29
 2.35269e+22	6.97e-06	1.00e+00	3.91e-29
 2.37476e+22	7.30e-06	1.00e+00	4.55e-29
 2.39698e+22	7.77e-06	1.00e+00	5.56e-29
 2.41933e+22	8.14e-06	1.00e+00	6.54e-29
 2.44184e+22	8.66e-06	1.00e+00	8.12e-29
 2.46455e+22	9.07e-06	1.00e+00	9.64e-29
 2.48750e+22	9.64e-06	1.00e+00	1.21e-28
 2.51074e+22	1.01e-05	1.00e+00	1.45e-28
 2.53435e+22	1.07e-05	1.00e+00	1.84e-28
 2.55835e+22	1.13e-05	1.00e+00	2.23e-28
 2.58285e+22	1.20e-05	1.00e+00	2.87e-28
 2.60787e+22	1.26e-05	1.00e+00	3.51e-28
 2.63355e+22	1.34e-05	1.00e+00	4.58e-28
 2.65987e+22	1.41e-05	1.00e+00	5.67e-28
 2.68701e+22	1.51e-05	1.00e+00	7.51e-28
 2.71257e+22	1.57e-05	1.00e+00	9.01e-28
 2.73605e+22	1.66e-05	1.00e+00	1.15e-27
 2.75932e+22	1.73e-05	1.00e+00	1.37e-27
 2.78232e+22	1.83e-05	1.00e+00	1.74e-27
 2.80547e+22	1.91e-05	1.00e+00	2.08e-27
 2.82882e+22	2.01e-05	1.00e+00	2.63e-27
 2.85257e+22	2.10e-05	1.00e+00	3.16e-27
 2.87687e+22	2.22e-05	1.00e+00	4.04e-27
 2.90149e+22	2.32e-05	1.00e+00	4.88e-27
 2.92652e+22	2.45e-05	1.00e+00	6.26e-27
 2.95209e+22	2.56e-05	1.00e+00	7.62e-27
 2.97836e+22	2.72e-05	1.00e+00	9.88e-27
 3.00516e+22	2.84e-05	1.00e+00	1.21e-26
 3.03267e+22	3.02e-05	1.00e+00	1.58e-26
 3.06077e+22	3.16e-05	1.00e+00	1.96e-26
 3.08966e+22	3.37e-05	1.00e+00	2.59e-26
 3.11890e+22	3.53e-05	1.00e+00	3.21e-26
 3.14859e+22	3.76e-05	1.00e+00	4.27e-26
 3.17858e+22	3.95e-05	1.00e+00	5.31e-26
 3.20895e+22	4.21e-05	1.00e+00	7.10e-26
 3.23857e+22	4.40e-05	1.00e+00	8.72e-26
 3.26722e+22	4.67e-05	1.00e+00	1.14e-25
 3.29741e+22	4.92e-05	1.00e+00	1.44e-25
 3.32275e+22	5.13e-05	1.00e+00	1.74e-25
 3.34884e+22	5.40e-05	1.00e+00	2.20e-25
 3.37622e+22	5.65e-05	1.00e+00	2.71e-25
 3.40137e+22	5.91e-05	1.00e+00	3.33e-25
 3.43021e+22	6.25e-05	1.00e+00	4.30e-25
 3.45977e+22	6.56e-05	1.00e+00	5.38e-25
 3.48585e+22	6.87e-05	1.00e+00	6.63e-25
 3.51530e+22	7.27e-05	1.00e+00	8.61e-25
 3.54603e+22	7.65e-05	1.00e+00	1.09e-24
 3.57372e+22	8.02e-05	1.00e+00	1.36e-24
 3.60505e+22	8.52e-05	1.00e+00	1.79e-24
 3.63737e+22	8.98e-05	1.00e+00	2.28e-24
 3.66614e+22	9.44e-05	1.00e+00	2.86e-24
 3.69874e+22	1.00e-04	1.00e+00	3.81e-24
 3.73254e+22	1.06e-04	1.00e+00	4.92e-24
 3.76290e+22	1.12e-04	1.00e+00	6.25e-24
 3.79736e+22	1.19e-04	1.00e+00	8.49e-24
 3.83286e+22	1.26e-04	1.00e+00	1.10e-23
 3.86487e+22	1.33e-04	1.00e+00	1.42e-23
 3.90162e+22	1.43e-04	1.00e+00	1.97e-23
 3.93877e+22	1.52e-04	1.00e+00	2.57e-23
 3.97642e+22	1.63e-04	1.00e+00	3.59e-23
 4.01451e+22	1.73e-04	1.00e+00	4.72e-23
 4.05318e+22	1.86e-04	1.00e+00	6.68e-23
 4.09219e+22	1.98e-04	1.00e+00	8.79e-23
 4.13167e+22	2.13e-04	1.00e+00	1.22e-22
 4.17156e+22	2.26e-04	1.00e+00	1.61e-22
 4.21199e+22	2.45e-04	1.00e+00	2.33e-22
 4.25294e+22	2.60e-04	1.00e+00	3.11e-22
 4.29458e+22	2.82e-04	1.00e+00	4.56e-22
 4.33541e+22	2.99e-04	1.00e+00	6.02e-22
 4.37519e+22	3.23e-04	1.00e+00	8.72e-22
 4.41355e+22	3.40e-04	1.00e+00	1.13e-21
 4.45007e+22	3.65e-04	1.00e+00	1.59e-21
 4.48651e+22	3.85e-04	1.00e+00	2.07e-21
 4.52287e+22	4.12e-04	1.00e+00	2.90e-21
 4.56055e+22	4.38e-04	1.00e+00	3.94e-21
 4.59436e+22	4.62e-04	1.00e+00	5.22e-21
 4.63272e+22	4.96e-04	1.00e+00	7.66e-21
 4.67167e+22	5.27e-04	9.99e-01	1.06e-20
 4.70621e+22	5.57e-04	9.99e-01	1.45e-20
 4.73968e+22	5.88e-04	9.99e-01	2.00e-20
 4.77059e+22	6.18e-04	9.99e-01	2.62e-20
 4.80438e+22	6.58e-04	9.99e-01	3.83e-20
 4.83836e+22	6.91e-04	9.99e-01	5.09e-20
 4.87259e+22	7.34e-04	9.99e-01	7.41e-20
 4.90715e+22	7.73e-04	9.99e-01	1.03e-19
 4.93721e+22	8.12e-04	9.99e-01	1.37e-19
 4.97132e+22	8.64e-04	9.99e-01	2.10e-19
 5.00582e+22	9.07e-04	9.99e-01	2.79e-19
 5.04082e+22	9.65e-04	9.99e-01	4.25e-19
 5.07638e+22	1.02e-03	9.99e-01	6.26e-19
 5.10767e+22	1.07e-03	9.99e-01	8.83e-19
 5.14332e+22	1.14e-03	9.99e-01	1.48e-18
 5.17973e+22	1.20e-03	9.99e-01	2.29e-18
 5.21221e+22	1.26e-03	9.99e-01	3.76e-18
 5.24951e+22	1.35e-03	9.99e-01	8.06e-18
 5.28120e+22	1.40e-03	9.99e-01	1.60e-17
 5.30561e+22	1.46e-03	9.99e-01	4.46e-17
 5.33733e+22	1.54e-03	9.98e-01	1.07e-16
 5.37283e+22	1.62e-03	9.98e-01	1.64e-16
 5.41322e+22	1.75e-03	9.98e-01	3.62e-16
 5.45308e+22	1.84e-03	9.98e-01	5.04e-16
 5.49223e+22	1.97e-03	9.98e-01	7.52e-16
 5.53343e+22	2.09e-03	9.98e-01	1.07e-15
 5.56567e+22	2.18e-03	9.98e-01	1.38e-15
 5.59594e+22	2.30e-03	9.98e-01	1.82e-15
 5.62699e+22	2.40e-03	9.98e-01	2.24e-15
 5.65904e+22	2.53e-03	9.97e-01	2.88e-15
 5.69123e+22	2.64e-03	9.97e-01	3.46e-15
 5.72359e+22	2.79e-03	9.97e-01	4.37e-15
 5.75627e+22	2.92e-03	9.97e-01	5.24e-15
 5.78933e+22	3.08e-03	9.97e-01	6.52e-15
 5.82298e+22	3.23e-03	9.97e-01	7.80e-15
 5.85738e+22	3.42e-03	9.97e-01	9.71e-15
 5.89223e+22	3.58e-03	9.96e-01	1.16e-14
 5.92767e+22	3.80e-03	9.96e-01	1.45e-14
 5.96375e+22	3.99e-03	9.96e-01	1.75e-14
 6.00067e+22	4.24e-03	9.96e-01	2.20e-14
 6.03833e+22	4.45e-03	9.96e-01	2.66e-14
 6.07696e+22	4.75e-03	9.95e-01	3.39e-14
 6.11635e+22	5.00e-03	9.95e-01	4.13e-14
 6.15673e+22	5.34e-03	9.95e-01	5.31e-14
 6.19764e+22	5.63e-03	9.94e-01	6.49e-14
 6.23924e+22	6.02e-03	9.94e-01	8.43e-14
 6.28149e+22	6.35e-03	9.94e-01	1.04e-13
 6.32458e+22	6.79e-03	9.93e-01	1.35e-13
 6.36889e+22	7.20e-03	9.93e-01	1.70e-13
 6.41478e+22	7.76e-03	9.92e-01	2.27e-13
 6.46068e+22	8.20e-03	9.92e-01	2.84e-13
 6.50660e+22	8.84e-03	9.91e-01	3.79e-13
 6.55401e+22	9.37e-03	9.91e-01	4.79e-13
 6.60335e+22	1.02e-02	9.90e-01	6.57e-13
 6.65380e+22	1.08e-02	9.89e-01	8.38e-13
 6.70572e+22	1.18e-02	9.88e-01	1.17e-12
 6.75927e+22	1.26e-02	9.87e-01	1.53e-12
 6.81493e+22	1.39e-02	9.86e-01	2.20e-12
 6.87278e+22	1.50e-02	9.85e-01	2.97e-12
 6.93346e+22	1.67e-02	9.83e-01	4.45e-12
 6.99564e+22	1.83e-02	9.82e-01	6.19e-12
 7.04399e+22	1.95e-02	9.81e-01	7.91e-12
 7.09102e+22	2.14e-02	9.79e-01	1.10e-11
 7.13939e+22	2.32e-02	9.77e-01	1.47e-11
 7.18950e+22	2.59e-02	9.74e-01	2.15e-11
 7.24064e+22	2.86e-02	9.71e-01	2.97e-11
 7.29313e+22	3.27e-02	9.67e-01	4.59e-11
 7.34154e+22	3.63e-02	9.64e-01	6.31e-11
 7.37785e+22	4.01e-02	9.60e-01	8.50e-11
 7.41824e+22	4.57e-02	9.54e-01	1.25e-10
 7.46119e+22	5.26e-02	9.47e-01	1.85e-10
 7.50050e+22	6.09e-02	9.39e-01	2.75e-10
 7.53833e+22	7.14e-02	9.29e-01	4.17e-10
 7.57429e+22	8.45e-02	9.16e-01	6.35e-10
 7.60746e+22	1.01e-01	8.99e-01	9.65e-10
 7.63771e+22	1.20e-01	8.80e-01	1.46e-09
 7.66524e+22	1.43e-01	8.57e-01	2.18e-09
 7.69031e+22	1.71e-01	8.29e-01	3.20e-09
 7.71315e+22	2.02e-01	7.98e-01	4.62e-09
 7.73394e+22	2.37e-01	7.63e-01	6.51e-09
 7.74704e+22	2.61e-01	7.39e-01	7.89e-09
 7.75200e+22	2.71e-01	7.29e-01	8.52e-09
 7.75601e+22	2.80e-01	7.20e-01	9.12e-09
 7.76119e+22	2.92e-01	7.08e-01	9.94e-09
 7.76738e+22	3.07e-01	6.93e-01	1.11e-08
 7.77364e+22	3.22e-01	6.78e-01	1.23e-08
 7.77943e+22	3.36e-01	6.64e-01	1.34e-08
 7.78535e+22	3.52e-01	6.48e-01	1.48e-08
 7.79145e+22	3.68e-01	6.32e-01	1.61e-08
 7.79775e+22	3.86e-01	6.14e-01	1.78e-08
 7.80434e+22	4.04e-01	5.96e-01	1.97e-08
 7.81080e+22	4.23e-01	5.77e-01	2.16e-08
 7.81721e+22	4.42e-01	5.58e-01	2.37e-08
 7.82380e+22	4.62e-01	5.38e-01	2.58e-08
 7.83091e+22	4.83e-01	5.17e-01	2.83e-08
 7.83848e+22	5.06e-01	4.94e-01	3.11e-08
 7.84598e+22	5.29e-01	4.71e-01	3.40e-08
 7.85181e+22	5.45e-01	4.55e-01	3.59e-08
 7.85567e+22	5.56e-01	4.44e-01	3.73e-08
 7.85938e+22	5.66e-01	4.34e-01	3.88e-08
 7.86369e+22	5.79e-01	4.21e-01	4.06e-08
 7.86841e+22	5.92e-01	4.08e-01	4.24e-08
 7.87306e+22	6.04e-01	3.96e-01	4.42e-08
 7.87761e+22	6.16e-01	3.84e-01	4.59e-08
 7.88221e+22	6.28e-01	3.72e-01	4.76e-08
 7.88694e+22	6.39e-01	3.61e-01	4.94e-08
 7.89179e+22	6.51e-01	3.49e-01	5.13e-08
 7.89663e+22	6.62e-01	3.38e-01	5.29e-08
 7.90159e+22	6.73e-01	3.27e-01	5.47e-08
 7.90675e+22	6.85e-01	3.15e-01	5.66e-08
 7.91190e+22	6.96e-01	3.04e-01	5.85e-08
 7.91704e+22	7.06e-01	2.94e-01	6.01e-08
 7.92239e+22	7.16e-01	2.84e-01	6.20e-08
 7.92799e+22	7.26e-01	2.74e-01	6.39e-08
 7.93361e+22	7.36e-01	2.64e-01	6.57e-08
 7.93930e+22	7.45e-01	2.55e-01	6.74e-08
 7.94522e+22	7.55e-01	2.45e-01	6.93e-08
 7.95135e+22	7.64e-01	2.36e-01	7.12e-08
 7.95759e+22	7.73e-01	2.27e-01	7.30e-08
 7.96397e+22	7.81e-01	2.19e-01	7.48e-08
 7.97059e+22	7.90e-01	2.10e-01	7.69e-08
 7.97734e+22	7.98e-01	2.02e-01	7.85e-08
 7.98439e+22	8.06e-01	1.94e-01	8.05e-08
 7.99176e+22	8.14e-01	1.86e-01	8.25e-08
 7.99919e+22	8.21e-01	1.79e-01	8.45e-08
 8.00675e+22	8.28e-01	1.72e-01	8.65e-08
 8.01457e+22	8.35e-01	1.65e-01	8.88e-08
 8.02257e+22	8.42e-01	1.58e-01	9.09e-08
 8.03065e+22	8.48e-01	1.52e-01	9.31e-08
 8.03887e+22	8.54e-01	1.46e-01	9.53e-08
 8.04726e+22	8.60e-01	1.40e-01	9.78e-08
 8.05572e+22	8.66e-01	1.34e-01	1.00e-07
 8.06424e+22	8.71e-01	1.29e-01	1.03e-07
 8.07300e+22	8.76e-01	1.24e-01	1.05e-07
 8.08190e+22	8.80e-01	1.20e-01	1.08e-07
 8.09089e+22	8.85e-01	1.15e-01	1.11e-07
 8.10012e+22	8.89e-01	1.11e-01	1.14e-07
 8.10961e+22	8.93e-01	1.07e-01	1.17e-07
 8.11924e+22	8.97e-01	1.03e-01	1.21e-07
 8.12898e+22	9.01e-01	9.90e-02	1.25e-07
 8.13902e+22	9.05e-01	9.53e-02	1.29e-07
 8.14932e+22	9.08e-01	9.17e-02	1.34e-07
 8.15948e+22	9.12e-01	8.85e-02	1.39e-07
 8.16914e+22	9.14e-01	8.56e-02	1.43e-07
 8.17805e+22	9.17e-01	8.31e-02	1.47e-07
 8.18631e+22	9.19e-01	8.08e-02	1.51e-07
 8.19395e+22	9.21e-01	7.88e-02	1.55e-07
 8.20132e+22	9.23e-01	7.69e-02	1.60e-07
 8.20872e+22	9.25e-01	7.52e-02	1.64e-07
 8.21598e+22	9.27e-01	7.32e-02	1.70e-07
 8.22278e+22	9.28e-01	7.16e-02	1.74e-07
 8.22911e+22	9.30e-01	7.01e-02	1.79e-07
 8.23548e+22	9.31e-01	6.86e-02	1.85e-07
 8.24162e+22	9.33e-01	6.72e-02	1.90e-07
 8.24742e+22	9.34e-01	6.59e-02	1.95e-07
 8.25318e+22	9.35e-01	6.46e-02	2.01e-07
 8.25870e+22	9.37e-01	6.33e-02	2.07e-07
 8.26389e+22	9.38e-01	6.22e-02	2.13e-07
 8.26897e+22	9.39e-01	6.11e-02	2.19e-07
 8.27392e+22	9.40e-01	6.00e-02	2.26e-07
 8.27858e+22	9.41e-01	5.89e-02	2.32e-07
 8.28282e+22	9.42e-01	5.80e-02	2.38e-07
 8.28667e+22	9.43e-01	5.72e-02	2.44e-07
 8.29018e+22	9.44e-01	5.65e-02	2.49e-07
 8.29338e+22	9.44e-01	5.58e-02	2.54e-07
 8.29628e+22	9.45e-01	5.52e-02	2.58e-07
 8.29893e+22	9.45e-01	5.47e-02	2.62e-07
 8.30133e+22	9.46e-01	5.42e-02	2.66e-07
 8.30352e+22	9.46e-01	5.39e-02	2.68e-07
 8.30592e+22	9.47e-01	5.33e-02	2.72e-07
 8.30904e+22	9.48e-01	5.25e-02	2.77e-07
 8.31241e+22	9.48e-01	5.18e-02	2.82e-07
 8.31547e+22	9.49e-01	5.11e-02	2.85e-07
 8.31826e+22	9.49e-01	5.06e-02	2.88e-07
 8.32132e+22	9.50e-01	4.99e-02	2.92e-07
 8.32462e+22	9.51e-01	4.92e-02	2.96e-07
 8.32762e+22	9.51e-01	4.86e-02	2.98e-07
 8.33035e+22	9.52e-01	4.80e-02	3.00e-07
 8.33284e+22	9.52e-01	4.77e-02	3.02e-07
 8.33556e+22	9.53e-01	4.73e-02	3.04e-07
 8.33850e+22	9.53e-01	4.67e-02	3.05e-07
 8.34172e+22	9.54e-01	4.61e-02	3.06e-07
 8.34520e+22	9.55e-01	4.55e-02	3.08e-07
 8.34837e+22	9.55e-01	4.50e-02	3.09e-07
 8.35125e+22	9.55e-01	4.45e-02	3.10e-07
 8.35387e+22	9.56e-01	4.42e-02	3.11e-07
 8.35675e+22	9.56e-01	4.37e-02	3.11e-07
 8.36048e+22	9.57e-01	4.30e-02	3.11e-07
 8.36451e+22	9.58e-01	4.22e-02	3.11e-07
 8.36818e+22	9.58e-01	4.17e-02	3.11e-07
 8.37152e+22	9.59e-01	4.12e-02	3.11e-07
 8.37456e+22	9.59e-01	4.08e-02	3.10e-07
 8.37732e+22	9.60e-01	4.04e-02	3.09e-07
 8.37984e+22	9.60e-01	4.00e-02	3.08e-07
 8.38213e+22	9.60e-01	3.98e-02	3.08e-07
 8.38464e+22	9.61e-01	3.93e-02	3.06e-07
 8.38790e+22	9.61e-01	3.87e-02	3.04e-07
 8.39142e+22	9.62e-01	3.82e-02	3.04e-07
 8.39463e+22	9.62e-01	3.77e-02	3.03e-07
 8.39754e+22	9.63e-01	3.73e-02	3.02e-07
 8.40020e+22	9.63e-01	3.70e-02	3.00e-07
 8.40310e+22	9.63e-01	3.66e-02	2.98e-07
 8.40624e+22	9.64e-01	3.61e-02	2.97e-07
 8.40910e+22	9.64e-01	3.57e-02	2.95e-07
 8.41170e+22	9.65e-01	3.54e-02	2.93e-07
 8.41407e+22	9.65e-01	3.51e-02	2.93e-07
 8.41666e+22	9.65e-01	3.48e-02	2.91e-07
 8.41946e+22	9.66e-01	3.44e-02	2.90e-07
 8.42252e+22	9.66e-01	3.40e-02	2.88e-07
 8.42583e+22	9.66e-01	3.36e-02	2.87e-07
 8.42885e+22	9.67e-01	3.33e-02	2.86e-07
 8.43215e+22	9.67e-01	3.29e-02	2.84e-07
 8.43571e+22	9.68e-01	3.25e-02	2.84e-07
 8.43895e+22	9.68e-01	3.21e-02	2.82e-07
 8.44191e+22	9.68e-01	3.19e-02	2.82e-07
 8.44514e+22	9.68e-01	3.15e-02	2.80e-07
 8.44863e+22	9.69e-01	3.11e-02	2.79e-07
 8.45181e+22	9.69e-01	3.08e-02	2.78e-07
 8.45470e+22	9.69e-01	3.06e-02	2.77e-07
 8.45787e+22	9.70e-01	3.02e-02	2.75e-07
 8.46129e+22	9.70e-01	2.99e-02	2.75e-07
 8.46504e+22	9.71e-01	2.95e-02	2.73e-07
 8.46908e+22	9.71e-01	2.91e-02	2.73e-07
 8.47276e+22	9.71e-01	2.87e-02	2.71e-07
 8.47612e+22	9.71e-01	2.85e-02	2.71e-07
 8.47979e+22	9.72e-01	2.81e-02	2.69e-07
 8.48375e+22	9.72e-01	2.78e-02	2.69e-07
 8.48736e+22	9.73e-01	2.75e-02	2.68e-07
 8.49131e+22	9.73e-01	2.71e-02	2.66e-07
 8.49558e+22	9.73e-01	2.67e-02	2.66e-07
 8.49946e+22	9.74e-01	2.64e-02	2.64e-07
 8.50299e+22	9.74e-01	2.62e-02	2.64e-07
 8.50687e+22	9.74e-01	2.59e-02	2.62e-07
 8.51105e+22	9.74e-01	2.55e-02	2.62e-07
 8.51485e+22	9.75e-01	2.53e-02	2.61e-07
 8.51902e+22	9.75e-01	2.49e-02	2.60e-07
 8.52352e+22	9.75e-01	2.46e-02	2.60e-07
 8.52762e+22	9.76e-01	2.43e-02	2.59e-07
 8.53134e+22	9.76e-01	2.41e-02	2.59e-07
 8.53543e+22	9.76e-01	2.38e-02	2.58e-07
 8.53983e+22	9.77e-01	2.35e-02	2.58e-07
 8.54385e+22	9.77e-01	2.32e-02	2.57e-07
 8.54824e+22	9.77e-01	2.29e-02	2.56e-07
 8.55299e+22	9.77e-01	2.26e-02	2.56e-07
 8.55731e+22	9.78e-01	2.23e-02	2.56e-07
 8.56204e+22	9.78e-01	2.20e-02	2.55e-07
 8.56715e+22	9.78e-01	2.17e-02	2.55e-07
 8.57180e+22	9.79e-01	2.15e-02	2.55e-07
 8.57689e+22	9.79e-01	2.11e-02	2.54e-07
 8.58239e+22	9.79e-01	2.08e-02	2.55e-07
 8.58740e+22	9.79e-01	2.05e-02	2.54e-07
 8.59195e+22	9.80e-01	2.03e-02	2.53e-07
 8.59695e+22	9.80e-01	2.01e-02	2.52e-07
 8.60233e+22	9.80e-01	1.97e-02	2.52e-07
 8.60724e+22	9.80e-01	1.95e-02	2.52e-07
 8.61261e+22	9.81e-01	1.92e-02	2.51e-07
 8.61841e+22	9.81e-01	1.89e-02	2.51e-07
 8.62369e+22	9.81e-01	1.87e-02	2.51e-07
 8.62947e+22	9.82e-01	1.84e-02	2.51e-07
 8.63572e+22	9.82e-01	1.81e-02	2.51e-07
 8.64140e+22	9.82e-01	1.78e-02	2.51e-07
 8.64763e+22	9.82e-01	1.76e-02	2.50e-07
 8.65435e+22	9.83e-01	1.73e-02	2.50e-07
 8.66047e+22	9.83e-01	1.70e-02	2.50e-07
 8.66604e+22	9.83e-01	1.68e-02	2.49e-07
 8.67214e+22	9.83e-01	1.66e-02	2.49e-07
 8.67872e+22	9.84e-01	1.63e-02	2.49e-07
 8.68471e+22	9.84e-01	1.61e-02	2.49e-07
 8.69128e+22	9.84e-01	1.58e-02	2.48e-07
 8.69837e+22	9.85e-01	1.55e-02	2.48e-07
 8.70482e+22	9.85e-01	1.53e-02	2.48e-07
 8.71189e+22	9.85e-01	1.50e-02	2.47e-07
 8.71953e+22	9.85e-01	1.48e-02	2.48e-07
 8.72647e+22	9.85e-01	1.45e-02	2.47e-07
 8.73279e+22	9.86e-01	1.44e-02	2.47e-07
 8.73972e+22	9.86e-01	1.41e-02	2.46e-07
 8.74719e+22	9.86e-01	1.39e-02	2.47e-07
 8.75400e+22	9.86e-01	1.37e-02	2.47e-07
 8.76145e+22	9.87e-01	1.34e-02	2.46e-07
 8.76950e+22	9.87e-01	1.32e-02	2.47e-07
 8.77683e+22	9.87e-01	1.30e-02	2.47e-07
 8.78485e+22	9.87e-01	1.28e-02	2.46e-07
 8.79352e+22	9.87e-01	1.25e-02	2.47e-07
 8.80140e+22	9.88e-01	1.23e-02	2.47e-07
 8.81004e+22	9.88e-01	1.21e-02	2.47e-07
 8.81937e+22	9.88e-01	1.18e-02	2.47e-07
 8.82786e+22	9.88e-01	1.16e-02	2.47e-07
 8.83559e+22	9.89e-01	1.15e-02	2.47e-07
 8.84405e+22	9.89e-01	1.12e-02	2.47e-07
 8.85505e+22	9.89e-01	1.09e-02	2.47e-07
 8.86749e+22	9.89e-01	1.06e-02	2.48e-07
 8.87987e+22	9.90e-01	1.04e-02	2.48e-07
 8.89238e+22	9.90e-01	1.01e-02	2.48e-07
 8.90520e+22	9.90e-01	9.84e-03	2.48e-07
 8.91822e+22	9.90e-01	9.58e-03	2.48e-07
 8.93137e+22	9.91e-01	9.32e-03	2.48e-07
 8.94468e+22	9.91e-01	9.07e-03	2.48e-07
 8.95816e+22	9.91e-01	8.83e-03	2.48e-07
 8.97180e+22	9.91e-01	8.59e-03	2.48e-07
 8.98561e+22	9.92e-01	8.35e-03	2.48e-07
 8.99956e+22	9.92e-01	8.12e-03	2.48e-07
 9.01366e+22	9.92e-01	7.89e-03	2.49e-07
 9.02791e+22	9.92e-01	7.67e-03	2.49e-07
 9.04229e+22	9.93e-01	7.45e-03	2.49e-07
 9.05680e+22	9.93e-01	7.24e-03	2.49e-07
 9.07143e+22	9.93e-01	7.03e-03	2.49e-07
 9.08620e+22	9.93e-01	6.83e-03	2.50e-07
 9.10112e+22	9.93e-01	6.63e-03	2.50e-07
 9.11617e+22	9.94e-01	6.44e-03	2.50e-07
 9.13136e+22	9.94e-01	6.25e-03	2.51e-07
 9.14667e+22	9.94e-01	6.06e-03	2.51e-07
 9.16212e+22	9.94e-01	5.88e-03	2.51e-07
 9.17777e+22	9.94e-01	5.71e-03	2.52e-07
 9.19382e+22	9.94e-01	5.53e-03	2.53e-07
 9.21018e+22	9.95e-01	5.36e-03	2.53e-07
 9.22670e+22	9.95e-01	5.19e-03	2.54e-07
 9.24341e+22	9.95e-01	5.03e-03	2.55e-07
 9.25442e+22	9.95e-01	4.96e-03	2.54e-07
