#depth	He	He+	He+2
 4.62852e+21	3.40e-09	4.73e-04	1.00e+00
 1.03177e+22	4.52e-09	7.71e-04	9.99e-01
 1.19014e+22	6.08e-09	9.67e-04	9.99e-01
 1.26857e+22	7.24e-09	1.08e-03	9.99e-01
 1.30504e+22	7.80e-09	1.13e-03	9.99e-01
 1.32502e+22	8.36e-09	1.17e-03	9.99e-01
 1.34727e+22	9.16e-09	1.23e-03	9.99e-01
 1.36958e+22	9.86e-09	1.29e-03	9.99e-01
 1.39198e+22	1.09e-08	1.35e-03	9.99e-01
 1.41447e+22	1.17e-08	1.41e-03	9.99e-01
 1.43706e+22	1.29e-08	1.48e-03	9.99e-01
 1.45991e+22	1.40e-08	1.54e-03	9.98e-01
 1.48312e+22	1.55e-08	1.63e-03	9.98e-01
 1.50665e+22	1.68e-08	1.69e-03	9.98e-01
 1.53061e+22	1.87e-08	1.79e-03	9.98e-01
 1.55498e+22	2.04e-08	1.86e-03	9.98e-01
 1.57988e+22	2.28e-08	1.97e-03	9.98e-01
 1.60528e+22	2.49e-08	2.06e-03	9.98e-01
 1.63134e+22	2.80e-08	2.18e-03	9.98e-01
 1.65768e+22	3.07e-08	2.27e-03	9.98e-01
 1.68441e+22	3.46e-08	2.41e-03	9.98e-01
 1.71140e+22	3.79e-08	2.52e-03	9.97e-01
 1.73874e+22	4.29e-08	2.67e-03	9.97e-01
 1.76524e+22	4.66e-08	2.78e-03	9.97e-01
 1.79065e+22	5.22e-08	2.94e-03	9.97e-01
 1.81686e+22	5.70e-08	3.07e-03	9.97e-01
 1.83945e+22	6.20e-08	3.20e-03	9.97e-01
 1.86073e+22	6.71e-08	3.32e-03	9.97e-01
 1.88494e+22	7.44e-08	3.49e-03	9.97e-01
 1.90946e+22	8.11e-08	3.64e-03	9.96e-01
 1.93113e+22	8.79e-08	3.78e-03	9.96e-01
 1.95600e+22	9.73e-08	3.97e-03	9.96e-01
 1.98190e+22	1.07e-07	4.16e-03	9.96e-01
 2.00516e+22	1.16e-07	4.33e-03	9.96e-01
 2.03142e+22	1.30e-07	4.57e-03	9.95e-01
 2.05845e+22	1.42e-07	4.77e-03	9.95e-01
 2.08647e+22	1.59e-07	5.04e-03	9.95e-01
 2.11491e+22	1.75e-07	5.28e-03	9.95e-01
 2.14002e+22	1.91e-07	5.51e-03	9.94e-01
 2.16881e+22	2.15e-07	5.84e-03	9.94e-01
 2.19789e+22	2.36e-07	6.12e-03	9.94e-01
 2.22736e+22	2.64e-07	6.46e-03	9.94e-01
 2.25779e+22	2.93e-07	6.80e-03	9.93e-01
 2.28470e+22	3.21e-07	7.11e-03	9.93e-01
 2.31494e+22	3.62e-07	7.54e-03	9.92e-01
 2.34612e+22	4.00e-07	7.92e-03	9.92e-01
 2.37417e+22	4.41e-07	8.30e-03	9.92e-01
 2.40628e+22	4.98e-07	8.81e-03	9.91e-01
 2.43987e+22	5.58e-07	9.32e-03	9.91e-01
 2.47014e+22	6.17e-07	9.79e-03	9.90e-01
 2.49732e+22	6.76e-07	1.02e-02	9.90e-01
 2.52159e+22	7.30e-07	1.06e-02	9.89e-01
 2.54895e+22	8.09e-07	1.12e-02	9.89e-01
 2.57779e+22	8.86e-07	1.17e-02	9.88e-01
 2.60855e+22	9.94e-07	1.24e-02	9.88e-01
 2.63986e+22	1.10e-06	1.30e-02	9.87e-01
 2.66722e+22	1.20e-06	1.36e-02	9.86e-01
 2.69812e+22	1.35e-06	1.44e-02	9.86e-01
 2.72973e+22	1.49e-06	1.51e-02	9.85e-01
 2.75769e+22	1.63e-06	1.58e-02	9.84e-01
 2.78946e+22	1.84e-06	1.67e-02	9.83e-01
 2.82213e+22	2.03e-06	1.76e-02	9.82e-01
 2.85122e+22	2.24e-06	1.84e-02	9.82e-01
 2.88425e+22	2.53e-06	1.96e-02	9.80e-01
 2.91843e+22	2.81e-06	2.06e-02	9.79e-01
 2.94905e+22	3.11e-06	2.17e-02	9.78e-01
 2.98380e+22	3.53e-06	2.31e-02	9.77e-01
 3.01945e+22	3.95e-06	2.44e-02	9.76e-01
 3.05089e+22	4.37e-06	2.56e-02	9.74e-01
 3.08640e+22	4.98e-06	2.73e-02	9.73e-01
 3.12295e+22	5.58e-06	2.88e-02	9.71e-01
 3.15539e+22	6.20e-06	3.04e-02	9.70e-01
 3.19208e+22	7.09e-06	3.24e-02	9.68e-01
 3.22963e+22	7.94e-06	3.43e-02	9.66e-01
 3.26828e+22	9.15e-06	3.67e-02	9.63e-01
 3.30745e+22	1.03e-05	3.89e-02	9.61e-01
 3.34729e+22	1.19e-05	4.17e-02	9.58e-01
 3.38815e+22	1.34e-05	4.43e-02	9.56e-01
 3.42431e+22	1.51e-05	4.69e-02	9.53e-01
 3.46527e+22	1.75e-05	5.04e-02	9.50e-01
 3.50724e+22	1.98e-05	5.35e-02	9.47e-01
 3.55051e+22	2.32e-05	5.78e-02	9.42e-01
 3.59427e+22	2.63e-05	6.13e-02	9.39e-01
 3.63271e+22	2.96e-05	6.49e-02	9.35e-01
 3.67670e+22	3.48e-05	7.02e-02	9.30e-01
 3.71900e+22	3.88e-05	7.39e-02	9.26e-01
 3.75310e+22	4.31e-05	7.77e-02	9.22e-01
 3.79142e+22	4.92e-05	8.29e-02	9.17e-01
 3.82992e+22	5.47e-05	8.72e-02	9.13e-01
 3.86865e+22	6.26e-05	9.30e-02	9.07e-01
 3.90796e+22	6.98e-05	9.79e-02	9.02e-01
 3.94802e+22	8.00e-05	1.04e-01	8.95e-01
 3.98864e+22	8.94e-05	1.10e-01	8.90e-01
 4.02458e+22	9.97e-05	1.16e-01	8.84e-01
 4.05824e+22	1.10e-04	1.21e-01	8.79e-01
 4.09435e+22	1.24e-04	1.28e-01	8.72e-01
 4.13092e+22	1.36e-04	1.34e-01	8.66e-01
 4.16289e+22	1.50e-04	1.40e-01	8.60e-01
 4.19929e+22	1.69e-04	1.48e-01	8.52e-01
 4.23625e+22	1.86e-04	1.55e-01	8.45e-01
 4.26890e+22	2.05e-04	1.61e-01	8.38e-01
 4.30628e+22	2.30e-04	1.70e-01	8.29e-01
 4.34411e+22	2.54e-04	1.78e-01	8.22e-01
 4.38253e+22	2.87e-04	1.88e-01	8.11e-01
 4.42128e+22	3.17e-04	1.97e-01	8.03e-01
 4.46046e+22	3.58e-04	2.08e-01	7.92e-01
 4.50000e+22	3.95e-04	2.17e-01	7.82e-01
 4.53999e+22	4.46e-04	2.30e-01	7.70e-01
 4.58053e+22	4.94e-04	2.40e-01	7.59e-01
 4.62177e+22	5.58e-04	2.54e-01	7.46e-01
 4.66367e+22	6.18e-04	2.66e-01	7.34e-01
 4.70643e+22	7.02e-04	2.81e-01	7.18e-01
 4.74995e+22	7.79e-04	2.95e-01	7.05e-01
 4.79447e+22	8.87e-04	3.12e-01	6.87e-01
 4.83252e+22	9.56e-04	3.23e-01	6.76e-01
 4.85677e+22	1.01e-03	3.31e-01	6.68e-01
 4.87617e+22	1.05e-03	3.37e-01	6.62e-01
 4.89464e+22	1.11e-03	3.45e-01	6.53e-01
 4.91865e+22	1.18e-03	3.56e-01	6.43e-01
 4.94986e+22	1.30e-03	3.72e-01	6.27e-01
 4.97688e+22	1.37e-03	3.81e-01	6.18e-01
 4.99846e+22	1.46e-03	3.91e-01	6.07e-01
 5.02651e+22	1.58e-03	4.05e-01	5.93e-01
 5.05796e+22	1.71e-03	4.20e-01	5.78e-01
 5.09382e+22	1.91e-03	4.41e-01	5.57e-01
 5.12840e+22	2.06e-03	4.58e-01	5.40e-01
 5.16131e+22	2.26e-03	4.78e-01	5.20e-01
 5.19519e+22	2.45e-03	4.96e-01	5.02e-01
 5.23032e+22	2.72e-03	5.19e-01	4.79e-01
 5.26574e+22	2.96e-03	5.40e-01	4.57e-01
 5.30151e+22	3.30e-03	5.66e-01	4.31e-01
 5.33681e+22	3.59e-03	5.88e-01	4.09e-01
 5.37147e+22	3.99e-03	6.14e-01	3.82e-01
 5.40613e+22	4.36e-03	6.38e-01	3.58e-01
 5.44079e+22	4.85e-03	6.64e-01	3.31e-01
 5.47520e+22	5.29e-03	6.89e-01	3.06e-01
 5.50928e+22	5.88e-03	7.15e-01	2.79e-01
 5.54258e+22	6.39e-03	7.38e-01	2.56e-01
 5.57486e+22	7.07e-03	7.62e-01	2.31e-01
 5.60667e+22	7.67e-03	7.83e-01	2.10e-01
 5.63786e+22	8.45e-03	8.04e-01	1.87e-01
 5.66869e+22	9.14e-03	8.22e-01	1.69e-01
 5.69495e+22	9.86e-03	8.37e-01	1.53e-01
 5.72090e+22	1.06e-02	8.51e-01	1.38e-01
 5.75055e+22	1.16e-02	8.66e-01	1.22e-01
 5.78015e+22	1.25e-02	8.79e-01	1.09e-01
 5.80510e+22	1.34e-02	8.89e-01	9.80e-02
 5.83294e+22	1.46e-02	8.99e-01	8.67e-02
 5.86124e+22	1.57e-02	9.07e-01	7.71e-02
 5.88531e+22	1.67e-02	9.14e-01	6.97e-02
 5.91179e+22	1.82e-02	9.20e-01	6.17e-02
 5.93876e+22	1.96e-02	9.25e-01	5.54e-02
 5.96148e+22	2.10e-02	9.29e-01	5.04e-02
 5.98613e+22	2.28e-02	9.32e-01	4.52e-02
 6.01153e+22	2.47e-02	9.34e-01	4.09e-02
 6.03246e+22	2.65e-02	9.36e-01	3.77e-02
 6.05098e+22	2.85e-02	9.36e-01	3.50e-02
 6.06900e+22	3.06e-02	9.37e-01	3.27e-02
 6.08662e+22	3.30e-02	9.36e-01	3.05e-02
 6.10337e+22	3.56e-02	9.36e-01	2.87e-02
 6.11893e+22	3.85e-02	9.34e-01	2.71e-02
 6.13343e+22	4.17e-02	9.33e-01	2.57e-02
 6.14703e+22	4.53e-02	9.30e-01	2.45e-02
 6.15983e+22	4.93e-02	9.27e-01	2.35e-02
 6.17200e+22	5.39e-02	9.24e-01	2.26e-02
 6.18305e+22	5.88e-02	9.19e-01	2.18e-02
 6.19249e+22	6.37e-02	9.15e-01	2.13e-02
 6.20087e+22	6.90e-02	9.10e-01	2.08e-02
 6.20870e+22	7.46e-02	9.05e-01	2.04e-02
 6.21600e+22	8.08e-02	8.99e-01	2.00e-02
 6.22265e+22	8.72e-02	8.93e-01	1.98e-02
 6.22870e+22	9.40e-02	8.86e-01	1.97e-02
 6.23436e+22	1.01e-01	8.79e-01	1.95e-02
 6.23971e+22	1.09e-01	8.72e-01	1.95e-02
 6.24484e+22	1.16e-01	8.64e-01	1.96e-02
 6.24986e+22	1.25e-01	8.55e-01	1.96e-02
 6.25476e+22	1.35e-01	8.46e-01	1.97e-02
 6.25931e+22	1.44e-01	8.36e-01	1.99e-02
 6.26334e+22	1.53e-01	8.27e-01	2.01e-02
 6.26697e+22	1.63e-01	8.17e-01	2.02e-02
 6.27046e+22	1.72e-01	8.08e-01	2.04e-02
 6.27390e+22	1.82e-01	7.98e-01	2.06e-02
 6.27721e+22	1.92e-01	7.87e-01	2.07e-02
 6.28038e+22	2.02e-01	7.77e-01	2.09e-02
 6.28289e+22	2.10e-01	7.69e-01	2.11e-02
 6.28464e+22	2.16e-01	7.63e-01	2.11e-02
 6.28635e+22	2.22e-01	7.57e-01	2.12e-02
 6.28837e+22	2.30e-01	7.49e-01	2.12e-02
 6.29062e+22	2.39e-01	7.40e-01	2.13e-02
 6.29276e+22	2.47e-01	7.31e-01	2.13e-02
 6.29480e+22	2.56e-01	7.23e-01	2.14e-02
 6.29692e+22	2.65e-01	7.14e-01	2.14e-02
 6.29914e+22	2.75e-01	7.04e-01	2.14e-02
 6.30134e+22	2.84e-01	6.94e-01	2.15e-02
 6.30353e+22	2.94e-01	6.84e-01	2.15e-02
 6.30578e+22	3.05e-01	6.74e-01	2.15e-02
 6.30810e+22	3.16e-01	6.63e-01	2.15e-02
 6.31046e+22	3.28e-01	6.51e-01	2.14e-02
 6.31281e+22	3.39e-01	6.40e-01	2.14e-02
 6.31520e+22	3.51e-01	6.27e-01	2.13e-02
 6.31770e+22	3.65e-01	6.14e-01	2.12e-02
 6.32018e+22	3.78e-01	6.01e-01	2.11e-02
 6.32269e+22	3.91e-01	5.88e-01	2.10e-02
 6.32528e+22	4.05e-01	5.74e-01	2.08e-02
 6.32797e+22	4.20e-01	5.59e-01	2.06e-02
 6.33068e+22	4.35e-01	5.45e-01	2.04e-02
 6.33343e+22	4.50e-01	5.30e-01	2.02e-02
 6.33629e+22	4.66e-01	5.14e-01	1.99e-02
 6.33922e+22	4.82e-01	4.98e-01	1.97e-02
 6.34224e+22	4.99e-01	4.82e-01	1.93e-02
 6.34536e+22	5.16e-01	4.65e-01	1.89e-02
 6.34854e+22	5.33e-01	4.48e-01	1.85e-02
 6.35177e+22	5.51e-01	4.31e-01	1.81e-02
 6.35511e+22	5.68e-01	4.14e-01	1.76e-02
 6.35855e+22	5.85e-01	3.98e-01	1.71e-02
 6.36206e+22	6.03e-01	3.81e-01	1.65e-02
 6.36569e+22	6.20e-01	3.64e-01	1.60e-02
 6.36944e+22	6.36e-01	3.48e-01	1.54e-02
 6.37333e+22	6.53e-01	3.32e-01	1.48e-02
 6.37745e+22	6.69e-01	3.17e-01	1.41e-02
 6.38183e+22	6.85e-01	3.02e-01	1.35e-02
 6.38642e+22	7.00e-01	2.87e-01	1.29e-02
 6.39131e+22	7.15e-01	2.73e-01	1.22e-02
 6.39661e+22	7.29e-01	2.60e-01	1.15e-02
 6.40239e+22	7.42e-01	2.47e-01	1.09e-02
 6.40865e+22	7.55e-01	2.35e-01	1.02e-02
 6.41528e+22	7.67e-01	2.24e-01	9.61e-03
 6.42203e+22	7.77e-01	2.14e-01	9.02e-03
 6.42877e+22	7.86e-01	2.06e-01	8.50e-03
 6.43559e+22	7.94e-01	1.98e-01	8.02e-03
 6.44257e+22	8.01e-01	1.92e-01	7.59e-03
 6.44972e+22	8.07e-01	1.86e-01	7.16e-03
 6.45676e+22	8.13e-01	1.80e-01	6.79e-03
 6.46368e+22	8.18e-01	1.75e-01	6.44e-03
 6.47069e+22	8.23e-01	1.71e-01	6.11e-03
 6.47762e+22	8.28e-01	1.67e-01	5.81e-03
 6.48443e+22	8.32e-01	1.63e-01	5.53e-03
 6.49109e+22	8.36e-01	1.59e-01	5.26e-03
 6.49761e+22	8.40e-01	1.55e-01	5.02e-03
 6.50396e+22	8.43e-01	1.52e-01	4.79e-03
 6.51014e+22	8.47e-01	1.48e-01	4.58e-03
 6.51614e+22	8.50e-01	1.45e-01	4.37e-03
 6.52195e+22	8.53e-01	1.42e-01	4.19e-03
 6.52758e+22	8.56e-01	1.40e-01	4.01e-03
 6.53303e+22	8.59e-01	1.37e-01	3.85e-03
 6.53832e+22	8.62e-01	1.34e-01	3.69e-03
 6.54335e+22	8.65e-01	1.32e-01	3.55e-03
 6.54829e+22	8.67e-01	1.29e-01	3.41e-03
 6.55311e+22	8.70e-01	1.27e-01	3.28e-03
 6.55749e+22	8.72e-01	1.25e-01	3.17e-03
 6.56147e+22	8.74e-01	1.23e-01	3.06e-03
 6.56510e+22	8.76e-01	1.21e-01	2.97e-03
 6.56840e+22	8.78e-01	1.20e-01	2.88e-03
 6.57140e+22	8.79e-01	1.18e-01	2.81e-03
 6.57413e+22	8.81e-01	1.17e-01	2.74e-03
 6.57713e+22	8.82e-01	1.15e-01	2.66e-03
 6.58036e+22	8.84e-01	1.14e-01	2.59e-03
 6.58330e+22	8.85e-01	1.12e-01	2.53e-03
 6.58598e+22	8.86e-01	1.11e-01	2.47e-03
 6.58842e+22	8.88e-01	1.10e-01	2.42e-03
 6.59109e+22	8.89e-01	1.09e-01	2.35e-03
 6.59397e+22	8.90e-01	1.07e-01	2.30e-03
 6.59659e+22	8.92e-01	1.06e-01	2.24e-03
 6.59898e+22	8.93e-01	1.05e-01	2.20e-03
 6.60159e+22	8.94e-01	1.04e-01	2.15e-03
 6.60442e+22	8.95e-01	1.03e-01	2.11e-03
 6.60751e+22	8.96e-01	1.02e-01	2.05e-03
 6.61085e+22	8.97e-01	1.01e-01	2.01e-03
 6.61389e+22	8.99e-01	9.92e-02	1.95e-03
 6.61666e+22	9.00e-01	9.84e-02	1.92e-03
 6.61969e+22	9.01e-01	9.70e-02	1.86e-03
 6.62296e+22	9.02e-01	9.60e-02	1.82e-03
 6.62594e+22	9.04e-01	9.47e-02	1.77e-03
 6.62865e+22	9.04e-01	9.38e-02	1.74e-03
 6.63162e+22	9.06e-01	9.26e-02	1.69e-03
 6.63482e+22	9.07e-01	9.17e-02	1.66e-03
 6.63833e+22	9.08e-01	9.02e-02	1.60e-03
 6.64213e+22	9.09e-01	8.90e-02	1.56e-03
 6.64558e+22	9.11e-01	8.79e-02	1.52e-03
 6.64872e+22	9.12e-01	8.68e-02	1.48e-03
 6.65157e+22	9.13e-01	8.58e-02	1.45e-03
 6.65417e+22	9.14e-01	8.48e-02	1.41e-03
 6.65654e+22	9.15e-01	8.40e-02	1.39e-03
 6.65913e+22	9.16e-01	8.29e-02	1.35e-03
 6.66193e+22	9.16e-01	8.22e-02	1.33e-03
 6.66500e+22	9.18e-01	8.10e-02	1.29e-03
 6.66831e+22	9.19e-01	8.00e-02	1.26e-03
 6.67133e+22	9.20e-01	7.91e-02	1.23e-03
 6.67407e+22	9.20e-01	7.84e-02	1.20e-03
 6.67707e+22	9.22e-01	7.72e-02	1.17e-03
 6.68032e+22	9.23e-01	7.62e-02	1.14e-03
 6.68327e+22	9.24e-01	7.53e-02	1.11e-03
 6.68596e+22	9.24e-01	7.47e-02	1.09e-03
 6.68890e+22	9.25e-01	7.36e-02	1.06e-03
 6.69208e+22	9.26e-01	7.29e-02	1.04e-03
 6.69497e+22	9.27e-01	7.19e-02	1.01e-03
 6.69760e+22	9.28e-01	7.12e-02	9.90e-04
 6.70049e+22	9.29e-01	7.03e-02	9.64e-04
 6.70360e+22	9.29e-01	6.96e-02	9.45e-04
 6.70701e+22	9.30e-01	6.86e-02	9.17e-04
 6.71070e+22	9.31e-01	6.78e-02	8.97e-04
 6.71473e+22	9.32e-01	6.67e-02	8.68e-04
 6.71909e+22	9.33e-01	6.58e-02	8.44e-04
 6.72305e+22	9.34e-01	6.48e-02	8.18e-04
 6.72666e+22	9.35e-01	6.41e-02	8.00e-04
 6.73062e+22	9.36e-01	6.30e-02	7.72e-04
 6.73489e+22	9.37e-01	6.22e-02	7.52e-04
 6.73877e+22	9.38e-01	6.14e-02	7.34e-04
 6.74303e+22	9.39e-01	6.02e-02	7.06e-04
 6.74762e+22	9.40e-01	5.94e-02	6.86e-04
 6.75180e+22	9.41e-01	5.84e-02	6.64e-04
 6.75561e+22	9.42e-01	5.78e-02	6.50e-04
 6.75978e+22	9.43e-01	5.68e-02	6.27e-04
 6.76428e+22	9.43e-01	5.60e-02	6.10e-04
 6.76838e+22	9.44e-01	5.53e-02	5.94e-04
 6.77287e+22	9.45e-01	5.42e-02	5.72e-04
 6.77771e+22	9.46e-01	5.35e-02	5.55e-04
 6.78212e+22	9.47e-01	5.26e-02	5.37e-04
 6.78614e+22	9.47e-01	5.20e-02	5.25e-04
 6.79053e+22	9.48e-01	5.11e-02	5.07e-04
 6.79528e+22	9.49e-01	5.04e-02	4.92e-04
 6.79960e+22	9.50e-01	4.97e-02	4.79e-04
 6.80434e+22	9.51e-01	4.87e-02	4.61e-04
 6.80945e+22	9.52e-01	4.80e-02	4.47e-04
 6.81410e+22	9.52e-01	4.73e-02	4.35e-04
 6.81920e+22	9.53e-01	4.64e-02	4.18e-04
 6.82470e+22	9.54e-01	4.56e-02	4.04e-04
 6.82970e+22	9.55e-01	4.50e-02	3.92e-04
 6.83519e+22	9.56e-01	4.40e-02	3.76e-04
 6.84111e+22	9.56e-01	4.32e-02	3.63e-04
 6.84650e+22	9.57e-01	4.25e-02	3.51e-04
 6.85141e+22	9.58e-01	4.19e-02	3.41e-04
 6.85678e+22	9.59e-01	4.11e-02	3.27e-04
 6.86259e+22	9.59e-01	4.03e-02	3.16e-04
 6.86787e+22	9.60e-01	3.98e-02	3.07e-04
 6.87365e+22	9.61e-01	3.89e-02	2.94e-04
 6.87990e+22	9.61e-01	3.83e-02	2.85e-04
 6.88558e+22	9.62e-01	3.76e-02	2.75e-04
 6.89076e+22	9.63e-01	3.71e-02	2.67e-04
 6.89643e+22	9.63e-01	3.63e-02	2.56e-04
 6.90255e+22	9.64e-01	3.57e-02	2.47e-04
 6.90811e+22	9.65e-01	3.52e-02	2.40e-04
 6.91422e+22	9.65e-01	3.44e-02	2.30e-04
 6.92080e+22	9.66e-01	3.38e-02	2.21e-04
 6.92680e+22	9.67e-01	3.32e-02	2.14e-04
 6.93337e+22	9.67e-01	3.25e-02	2.05e-04
 6.94046e+22	9.68e-01	3.18e-02	1.97e-04
 6.94691e+22	9.69e-01	3.13e-02	1.90e-04
 6.95399e+22	9.69e-01	3.06e-02	1.82e-04
 6.96162e+22	9.70e-01	3.00e-02	1.75e-04
 6.96857e+22	9.70e-01	2.94e-02	1.68e-04
 6.97489e+22	9.71e-01	2.89e-02	1.62e-04
 6.98182e+22	9.72e-01	2.83e-02	1.55e-04
 6.98930e+22	9.72e-01	2.77e-02	1.49e-04
 6.99611e+22	9.73e-01	2.72e-02	1.43e-04
 7.00230e+22	9.73e-01	2.67e-02	1.39e-04
 7.00909e+22	9.74e-01	2.62e-02	1.33e-04
 7.01641e+22	9.74e-01	2.57e-02	1.28e-04
 7.02308e+22	9.75e-01	2.52e-02	1.23e-04
 7.03039e+22	9.75e-01	2.47e-02	1.18e-04
 7.03828e+22	9.76e-01	2.42e-02	1.13e-04
 7.04545e+22	9.76e-01	2.37e-02	1.09e-04
 7.05332e+22	9.77e-01	2.31e-02	1.04e-04
 7.06181e+22	9.77e-01	2.27e-02	9.98e-05
 7.06954e+22	9.78e-01	2.22e-02	9.59e-05
 7.07801e+22	9.78e-01	2.17e-02	9.12e-05
 7.08715e+22	9.79e-01	2.12e-02	8.71e-05
 7.09547e+22	9.79e-01	2.07e-02	8.35e-05
 7.10304e+22	9.80e-01	2.03e-02	8.03e-05
 7.11133e+22	9.80e-01	1.98e-02	7.66e-05
 7.12029e+22	9.81e-01	1.94e-02	7.32e-05
 7.12843e+22	9.81e-01	1.90e-02	7.02e-05
 7.13736e+22	9.81e-01	1.85e-02	6.68e-05
 7.14701e+22	9.82e-01	1.81e-02	6.37e-05
 7.15757e+22	9.82e-01	1.76e-02	6.01e-05
 7.16962e+22	9.83e-01	1.70e-02	5.64e-05
 7.18204e+22	9.83e-01	1.65e-02	5.29e-05
 7.19478e+22	9.84e-01	1.60e-02	4.96e-05
 7.20773e+22	9.85e-01	1.54e-02	4.64e-05
 7.22086e+22	9.85e-01	1.49e-02	4.34e-05
 7.23412e+22	9.86e-01	1.44e-02	4.06e-05
 7.24750e+22	9.86e-01	1.40e-02	3.79e-05
 7.26100e+22	9.86e-01	1.35e-02	3.55e-05
 7.27462e+22	9.87e-01	1.30e-02	3.31e-05
 7.28835e+22	9.87e-01	1.26e-02	3.09e-05
 7.30219e+22	9.88e-01	1.22e-02	2.89e-05
 7.31612e+22	9.88e-01	1.18e-02	2.69e-05
 7.33017e+22	9.89e-01	1.14e-02	2.51e-05
 7.34430e+22	9.89e-01	1.10e-02	2.34e-05
 7.35851e+22	9.89e-01	1.06e-02	2.19e-05
 7.37280e+22	9.90e-01	1.02e-02	2.04e-05
 7.38717e+22	9.90e-01	9.87e-03	1.90e-05
 7.40164e+22	9.90e-01	9.52e-03	1.77e-05
 7.41622e+22	9.91e-01	9.19e-03	1.65e-05
 7.43087e+22	9.91e-01	8.87e-03	1.54e-05
 7.44561e+22	9.91e-01	8.56e-03	1.43e-05
 7.46043e+22	9.92e-01	8.25e-03	1.33e-05
 7.47534e+22	9.92e-01	7.96e-03	1.24e-05
 7.49057e+22	9.92e-01	7.67e-03	1.15e-05
 7.50606e+22	9.93e-01	7.40e-03	1.07e-05
 7.52170e+22	9.93e-01	7.12e-03	9.91e-06
 7.53752e+22	9.93e-01	6.86e-03	9.19e-06
 7.55347e+22	9.93e-01	6.60e-03	8.52e-06
 7.56958e+22	9.94e-01	6.36e-03	7.89e-06
 7.58583e+22	9.94e-01	6.12e-03	7.31e-06
 7.60227e+22	9.94e-01	5.88e-03	6.77e-06
 7.61895e+22	9.94e-01	5.66e-03	6.25e-06
 7.63587e+22	9.95e-01	5.44e-03	5.78e-06
 7.65321e+22	9.95e-01	5.22e-03	5.33e-06
 7.67095e+22	9.95e-01	5.01e-03	4.91e-06
 7.68894e+22	9.95e-01	4.81e-03	4.51e-06
 7.70723e+22	9.95e-01	4.61e-03	4.15e-06
 7.72581e+22	9.96e-01	4.41e-03	3.81e-06
 7.74470e+22	9.96e-01	4.23e-03	3.49e-06
 7.76391e+22	9.96e-01	4.05e-03	3.20e-06
 7.78349e+22	9.96e-01	3.87e-03	2.93e-06
 7.80353e+22	9.96e-01	3.70e-03	2.67e-06
 7.82402e+22	9.96e-01	3.53e-03	2.43e-06
 7.84492e+22	9.97e-01	3.37e-03	2.21e-06
 7.86628e+22	9.97e-01	3.21e-03	2.01e-06
 7.88809e+22	9.97e-01	3.05e-03	1.82e-06
 7.91038e+22	9.97e-01	2.91e-03	1.65e-06
 7.93332e+22	9.97e-01	2.76e-03	1.49e-06
 7.95678e+22	9.97e-01	2.62e-03	1.34e-06
 7.98040e+22	9.98e-01	2.49e-03	1.21e-06
 8.00411e+22	9.98e-01	2.36e-03	1.09e-06
 8.02800e+22	9.98e-01	2.24e-03	9.79e-07
 8.05213e+22	9.98e-01	2.12e-03	8.81e-07
 8.07645e+22	9.98e-01	2.01e-03	7.91e-07
 8.10096e+22	9.98e-01	1.91e-03	7.10e-07
 8.12568e+22	9.98e-01	1.81e-03	6.37e-07
 8.15062e+22	9.98e-01	1.71e-03	5.71e-07
 8.17566e+22	9.98e-01	1.62e-03	5.12e-07
 8.20080e+22	9.98e-01	1.53e-03	4.59e-07
 8.22624e+22	9.99e-01	1.45e-03	4.10e-07
 8.25191e+22	9.99e-01	1.37e-03	3.67e-07
 8.27778e+22	9.99e-01	1.30e-03	3.27e-07
 8.30395e+22	9.99e-01	1.22e-03	2.92e-07
 8.33036e+22	9.99e-01	1.15e-03	2.60e-07
 8.35700e+22	9.99e-01	1.09e-03	2.31e-07
 8.38388e+22	9.99e-01	1.03e-03	2.05e-07
 8.41103e+22	9.99e-01	9.66e-04	1.82e-07
 8.43844e+22	9.99e-01	9.09e-04	1.61e-07
 8.46612e+22	9.99e-01	8.55e-04	1.42e-07
 8.49410e+22	9.99e-01	8.03e-04	1.26e-07
 8.52238e+22	9.99e-01	7.54e-04	1.11e-07
 8.55098e+22	9.99e-01	7.07e-04	9.74e-08
 8.57993e+22	9.99e-01	6.63e-04	8.55e-08
 8.60923e+22	9.99e-01	6.21e-04	7.52e-08
 8.63809e+22	9.99e-01	5.83e-04	6.61e-08
 8.66727e+22	9.99e-01	5.45e-04	5.78e-08
 8.69789e+22	9.99e-01	5.08e-04	5.02e-08
 8.72914e+22	1.00e+00	4.73e-04	4.35e-08
 8.76075e+22	1.00e+00	4.39e-04	3.76e-08
 8.79272e+22	1.00e+00	4.08e-04	3.24e-08
 8.82528e+22	1.00e+00	3.78e-04	2.78e-08
 8.85867e+22	1.00e+00	3.49e-04	2.37e-08
 8.89282e+22	1.00e+00	3.22e-04	2.02e-08
 8.92775e+22	1.00e+00	2.96e-04	1.71e-08
 8.96356e+22	1.00e+00	2.72e-04	1.44e-08
 9.00031e+22	1.00e+00	2.49e-04	1.20e-08
 9.03819e+22	1.00e+00	2.27e-04	9.98e-09
 9.07738e+22	1.00e+00	2.06e-04	8.23e-09
 9.11795e+22	1.00e+00	1.86e-04	6.72e-09
 9.15887e+22	1.00e+00	1.68e-04	5.49e-09
 9.19791e+22	1.00e+00	1.53e-04	4.54e-09
 9.23384e+22	1.00e+00	1.40e-04	3.81e-09
 9.25402e+22	1.00e+00	1.36e-04	3.61e-09
