#depth	S	S+	S+2	S+3	S+4	S+5	S+6	S+7	S+8	S+9	S+10	S+11	S+12	S+13	S+14	S+15	S+16
 4.62852e+21	0.00e+00	0.00e+00	0.00e+00	0.00e+00	0.00e+00	0.00e+00	0.00e+00	0.00e+00	1.35e-26	1.65e-22	1.04e-18	3.04e-15	5.09e-12	7.96e-09	2.35e-05	8.64e-03	9.91e-01
 1.05225e+22	0.00e+00	0.00e+00	0.00e+00	0.00e+00	0.00e+00	0.00e+00	0.00e+00	1.04e-29	2.41e-25	2.04e-21	9.06e-18	1.84e-14	2.15e-11	2.34e-08	4.83e-05	1.23e-02	9.88e-01
 1.26269e+22	0.00e+00	0.00e+00	0.00e+00	0.00e+00	0.00e+00	0.00e+00	0.00e+00	8.83e-29	1.61e-24	1.07e-20	3.75e-17	6.00e-14	5.53e-11	4.76e-08	7.74e-05	1.56e-02	9.84e-01
 1.41370e+22	0.00e+00	0.00e+00	0.00e+00	0.00e+00	0.00e+00	0.00e+00	0.00e+00	4.86e-28	7.32e-24	4.03e-20	1.16e-16	1.54e-13	1.17e-10	8.37e-08	1.13e-04	1.88e-02	9.81e-01
 1.50104e+22	0.00e+00	0.00e+00	0.00e+00	0.00e+00	0.00e+00	0.00e+00	2.08e-32	8.07e-28	1.15e-23	5.97e-20	1.63e-16	2.03e-13	1.47e-10	9.89e-08	1.26e-04	1.99e-02	9.80e-01
 1.54756e+22	0.00e+00	0.00e+00	0.00e+00	0.00e+00	0.00e+00	0.00e+00	4.34e-32	1.56e-27	2.06e-23	9.96e-20	2.52e-16	2.93e-13	1.96e-10	1.23e-07	1.46e-04	2.13e-02	9.79e-01
 1.59801e+22	0.00e+00	0.00e+00	0.00e+00	0.00e+00	0.00e+00	0.00e+00	8.46e-32	2.85e-27	3.51e-23	1.59e-19	3.76e-16	4.09e-13	2.56e-10	1.50e-07	1.66e-04	2.28e-02	9.77e-01
 1.65354e+22	0.00e+00	0.00e+00	0.00e+00	0.00e+00	0.00e+00	0.00e+00	2.10e-31	6.44e-27	7.24e-23	3.00e-19	6.46e-16	6.41e-13	3.67e-10	1.97e-07	1.99e-04	2.49e-02	9.75e-01
 1.70816e+22	0.00e+00	0.00e+00	0.00e+00	0.00e+00	0.00e+00	0.00e+00	3.87e-31	1.12e-26	1.18e-22	4.58e-19	9.29e-16	8.67e-13	4.67e-10	2.36e-07	2.24e-04	2.64e-02	9.73e-01
 1.76157e+22	0.00e+00	0.00e+00	0.00e+00	0.00e+00	0.00e+00	0.00e+00	9.41e-31	2.48e-26	2.39e-22	8.51e-19	1.58e-15	1.34e-12	6.64e-10	3.06e-07	2.67e-04	2.88e-02	9.71e-01
 1.81452e+22	0.00e+00	0.00e+00	0.00e+00	0.00e+00	0.00e+00	0.00e+00	1.72e-30	4.26e-26	3.87e-22	1.30e-18	2.26e-15	1.81e-12	8.43e-10	3.66e-07	3.00e-04	3.05e-02	9.69e-01
 1.85798e+22	0.00e+00	0.00e+00	0.00e+00	0.00e+00	0.00e+00	0.00e+00	3.08e-30	7.19e-26	6.15e-22	1.94e-18	3.19e-15	2.41e-12	1.06e-09	4.35e-07	3.37e-04	3.23e-02	9.67e-01
 1.89856e+22	0.00e+00	0.00e+00	0.00e+00	0.00e+00	0.00e+00	0.00e+00	5.43e-30	1.20e-25	9.66e-22	2.88e-18	4.47e-15	3.19e-12	1.33e-09	5.14e-07	3.76e-04	3.41e-02	9.66e-01
 1.93830e+22	0.00e+00	0.00e+00	0.00e+00	0.00e+00	0.00e+00	0.00e+00	9.46e-30	1.97e-25	1.50e-21	4.23e-18	6.21e-15	4.20e-12	1.65e-09	6.05e-07	4.19e-04	3.60e-02	9.64e-01
 1.97799e+22	0.00e+00	0.00e+00	0.00e+00	0.00e+00	0.00e+00	0.00e+00	1.65e-29	3.25e-25	2.34e-21	6.24e-18	8.65e-15	5.53e-12	2.06e-09	7.13e-07	4.68e-04	3.79e-02	9.62e-01
 2.02362e+22	0.00e+00	0.00e+00	0.00e+00	0.00e+00	0.00e+00	0.00e+00	3.36e-29	6.14e-25	4.12e-21	1.02e-17	1.32e-14	7.83e-12	2.71e-09	8.78e-07	5.37e-04	4.06e-02	9.59e-01
 2.06958e+22	0.00e+00	0.00e+00	0.00e+00	0.00e+00	0.00e+00	0.00e+00	5.95e-29	1.03e-24	6.50e-21	1.52e-17	1.85e-14	1.04e-11	3.40e-09	1.04e-06	6.00e-04	4.29e-02	9.57e-01
 2.10912e+22	0.00e+00	0.00e+00	0.00e+00	0.00e+00	0.00e+00	0.00e+00	1.02e-28	1.67e-24	1.00e-20	2.22e-17	2.55e-14	1.36e-11	4.21e-09	1.22e-06	6.67e-04	4.51e-02	9.54e-01
 2.15368e+22	0.00e+00	0.00e+00	0.00e+00	0.00e+00	0.00e+00	0.00e+00	2.05e-28	3.12e-24	1.74e-20	3.59e-17	3.85e-14	1.91e-11	5.53e-09	1.50e-06	7.64e-04	4.82e-02	9.51e-01
 2.19894e+22	0.00e+00	0.00e+00	0.00e+00	0.00e+00	0.00e+00	6.40e-33	3.60e-28	5.17e-24	2.72e-20	5.30e-17	5.37e-14	2.52e-11	6.89e-09	1.76e-06	8.52e-04	5.08e-02	9.48e-01
 2.24513e+22	0.00e+00	0.00e+00	0.00e+00	0.00e+00	0.00e+00	1.41e-32	7.39e-28	9.85e-24	4.82e-20	8.72e-17	8.21e-14	3.58e-11	9.14e-09	2.18e-06	9.79e-04	5.44e-02	9.45e-01
 2.28744e+22	0.00e+00	0.00e+00	0.00e+00	0.00e+00	0.00e+00	2.41e-32	1.20e-27	1.52e-23	7.10e-20	1.22e-16	1.10e-13	4.55e-11	1.11e-08	2.51e-06	1.08e-03	5.70e-02	9.42e-01
 2.31935e+22	0.00e+00	0.00e+00	0.00e+00	0.00e+00	0.00e+00	3.95e-32	1.88e-27	2.27e-23	1.01e-19	1.67e-16	1.43e-13	5.66e-11	1.32e-08	2.86e-06	1.17e-03	5.94e-02	9.39e-01
 2.35545e+22	0.00e+00	0.00e+00	0.00e+00	0.00e+00	0.00e+00	7.13e-32	3.20e-27	3.67e-23	1.55e-19	2.41e-16	1.96e-13	7.35e-11	1.62e-08	3.34e-06	1.30e-03	6.24e-02	9.36e-01
 2.39412e+22	0.00e+00	0.00e+00	0.00e+00	0.00e+00	0.00e+00	1.25e-31	5.31e-27	5.78e-23	2.31e-19	3.43e-16	2.64e-13	9.42e-11	1.98e-08	3.87e-06	1.43e-03	6.54e-02	9.33e-01
 2.42932e+22	0.00e+00	0.00e+00	0.00e+00	0.00e+00	0.00e+00	2.12e-31	8.59e-27	8.90e-23	3.39e-19	4.78e-16	3.50e-13	1.19e-10	2.39e-08	4.46e-06	1.57e-03	6.84e-02	9.30e-01
 2.46292e+22	0.00e+00	0.00e+00	0.00e+00	0.00e+00	0.00e+00	3.55e-31	1.37e-26	1.35e-22	4.92e-19	6.61e-16	4.62e-13	1.50e-10	2.86e-08	5.11e-06	1.72e-03	7.14e-02	9.27e-01
 2.50126e+22	0.00e+00	0.00e+00	0.00e+00	0.00e+00	0.00e+00	6.58e-31	2.40e-26	2.23e-22	7.65e-19	9.72e-16	6.41e-13	1.97e-10	3.56e-08	6.00e-06	1.91e-03	7.52e-02	9.23e-01
 2.54160e+22	0.00e+00	0.00e+00	0.00e+00	0.00e+00	0.00e+00	1.19e-30	4.09e-26	3.61e-22	1.17e-18	1.41e-15	8.80e-13	2.56e-10	4.39e-08	7.02e-06	2.12e-03	7.90e-02	9.19e-01
 2.57639e+22	0.00e+00	0.00e+00	0.00e+00	0.00e+00	0.00e+00	2.00e-30	6.55e-26	5.50e-22	1.70e-18	1.95e-15	1.16e-12	3.22e-10	5.27e-08	8.05e-06	2.32e-03	8.25e-02	9.15e-01
 2.61349e+22	0.00e+00	0.00e+00	0.00e+00	0.00e+00	0.00e+00	3.66e-30	1.13e-25	9.00e-22	2.63e-18	2.85e-15	1.60e-12	4.20e-10	6.52e-08	9.43e-06	2.57e-03	8.67e-02	9.11e-01
 2.64959e+22	0.00e+00	0.00e+00	0.00e+00	0.00e+00	0.00e+00	6.04e-30	1.79e-25	1.35e-21	3.78e-18	3.91e-15	2.10e-12	5.26e-10	7.79e-08	1.08e-05	2.81e-03	9.03e-02	9.07e-01
 2.67820e+22	0.00e+00	0.00e+00	0.00e+00	0.00e+00	0.00e+00	9.25e-30	2.63e-25	1.91e-21	5.13e-18	5.11e-15	2.63e-12	6.34e-10	9.05e-08	1.20e-05	3.02e-03	9.35e-02	9.03e-01
 2.70921e+22	0.00e+00	0.00e+00	0.00e+00	0.00e+00	0.00e+00	1.52e-29	4.12e-25	2.86e-21	7.33e-18	6.96e-15	3.43e-12	7.89e-10	1.08e-07	1.37e-05	3.29e-03	9.74e-02	8.99e-01
 2.74301e+22	0.00e+00	0.00e+00	0.00e+00	0.00e+00	0.00e+00	2.48e-29	6.42e-25	4.26e-21	1.04e-17	9.46e-15	4.45e-12	9.79e-10	1.28e-07	1.56e-05	3.58e-03	1.01e-01	8.95e-01
 2.77409e+22	0.00e+00	0.00e+00	0.00e+00	0.00e+00	0.00e+00	3.92e-29	9.73e-25	6.18e-21	1.45e-17	1.26e-14	5.69e-12	1.20e-09	1.50e-07	1.76e-05	3.87e-03	1.05e-01	8.91e-01
 2.80342e+22	0.00e+00	0.00e+00	0.00e+00	0.00e+00	3.39e-33	6.14e-29	1.46e-24	8.90e-21	2.00e-17	1.67e-14	7.23e-12	1.46e-09	1.76e-07	1.97e-05	4.18e-03	1.09e-01	8.87e-01
 2.83682e+22	0.00e+00	0.00e+00	0.00e+00	0.00e+00	6.05e-33	1.05e-28	2.37e-24	1.37e-20	2.93e-17	2.33e-14	9.59e-12	1.85e-09	2.12e-07	2.27e-05	4.57e-03	1.14e-01	8.82e-01
 2.87189e+22	0.00e+00	0.00e+00	0.00e+00	0.00e+00	1.05e-32	1.74e-28	3.76e-24	2.08e-20	4.24e-17	3.21e-14	1.26e-11	2.32e-09	2.54e-07	2.59e-05	4.99e-03	1.18e-01	8.77e-01
 2.90192e+22	0.00e+00	0.00e+00	0.00e+00	0.00e+00	1.71e-32	2.72e-28	5.62e-24	2.98e-20	5.83e-17	4.24e-14	1.60e-11	2.82e-09	2.96e-07	2.91e-05	5.38e-03	1.23e-01	8.72e-01
 2.92793e+22	0.00e+00	0.00e+00	0.00e+00	0.00e+00	2.61e-32	4.01e-28	7.99e-24	4.09e-20	7.71e-17	5.41e-14	1.97e-11	3.34e-09	3.40e-07	3.22e-05	5.75e-03	1.26e-01	8.68e-01
 2.95591e+22	0.00e+00	0.00e+00	0.00e+00	0.00e+00	4.21e-32	6.22e-28	1.19e-23	5.84e-20	1.06e-16	7.12e-14	2.48e-11	4.05e-09	3.96e-07	3.60e-05	6.19e-03	1.31e-01	8.63e-01
 2.98619e+22	0.00e+00	0.00e+00	0.00e+00	0.00e+00	6.77e-32	9.64e-28	1.77e-23	8.33e-20	1.45e-16	9.36e-14	3.13e-11	4.92e-09	4.61e-07	4.04e-05	6.67e-03	1.35e-01	8.58e-01
 3.01386e+22	0.00e+00	0.00e+00	0.00e+00	0.00e+00	1.05e-31	1.45e-27	2.56e-23	1.16e-19	1.94e-16	1.21e-13	3.89e-11	5.88e-09	5.32e-07	4.48e-05	7.14e-03	1.40e-01	8.53e-01
 3.04424e+22	0.00e+00	0.00e+00	0.00e+00	0.00e+00	1.80e-31	2.37e-27	3.99e-23	1.73e-19	2.76e-16	1.64e-13	5.05e-11	7.29e-09	6.31e-07	5.09e-05	7.75e-03	1.45e-01	8.47e-01
 3.07565e+22	0.00e+00	0.00e+00	0.00e+00	0.00e+00	2.96e-31	3.74e-27	6.04e-23	2.51e-19	3.84e-16	2.19e-13	6.44e-11	8.92e-09	7.41e-07	5.73e-05	8.37e-03	1.50e-01	8.41e-01
 3.10199e+22	0.00e+00	0.00e+00	0.00e+00	0.00e+00	4.49e-31	5.48e-27	8.55e-23	3.42e-19	5.05e-16	2.78e-13	7.90e-11	1.06e-08	8.46e-07	6.32e-05	8.92e-03	1.55e-01	8.36e-01
 3.12980e+22	0.00e+00	0.00e+00	0.00e+00	0.00e+00	7.29e-31	8.57e-27	1.28e-22	4.91e-19	6.96e-16	3.67e-13	1.00e-10	1.28e-08	9.88e-07	7.09e-05	9.61e-03	1.60e-01	8.30e-01
 3.15968e+22	0.00e+00	0.00e+00	0.00e+00	0.00e+00	1.16e-30	1.32e-26	1.89e-22	6.97e-19	9.48e-16	4.80e-13	1.26e-10	1.55e-08	1.15e-06	7.92e-05	1.03e-02	1.65e-01	8.24e-01
 3.18714e+22	0.00e+00	0.00e+00	0.00e+00	0.00e+00	1.81e-30	1.98e-26	2.73e-22	9.69e-19	1.27e-15	6.19e-13	1.56e-10	1.85e-08	1.32e-06	8.79e-05	1.10e-02	1.70e-01	8.19e-01
 3.21199e+22	0.00e+00	0.00e+00	0.00e+00	0.00e+00	2.70e-30	2.85e-26	3.81e-22	1.30e-18	1.65e-15	7.78e-13	1.90e-10	2.17e-08	1.50e-06	9.66e-05	1.17e-02	1.75e-01	8.13e-01
 3.23492e+22	0.00e+00	0.00e+00	0.00e+00	0.00e+00	3.90e-30	4.01e-26	5.18e-22	1.72e-18	2.11e-15	9.62e-13	2.27e-10	2.52e-08	1.69e-06	1.05e-04	1.24e-02	1.79e-01	8.08e-01
 3.26112e+22	0.00e+00	0.00e+00	0.00e+00	0.00e+00	6.09e-30	6.03e-26	7.51e-22	2.39e-18	2.82e-15	1.24e-12	2.82e-10	3.01e-08	1.94e-06	1.17e-04	1.33e-02	1.85e-01	8.02e-01
 3.28924e+22	0.00e+00	0.00e+00	0.00e+00	0.00e+00	9.49e-30	9.06e-26	1.09e-21	3.33e-18	3.79e-15	1.60e-12	3.50e-10	3.61e-08	2.24e-06	1.30e-04	1.42e-02	1.90e-01	7.95e-01
 3.31452e+22	0.00e+00	0.00e+00	0.00e+00	0.00e+00	1.42e-29	1.32e-25	1.52e-21	4.52e-18	4.95e-15	2.02e-12	4.27e-10	4.25e-08	2.55e-06	1.43e-04	1.51e-02	1.95e-01	7.89e-01
 3.34206e+22	0.00e+00	0.00e+00	0.00e+00	1.25e-33	2.31e-29	2.05e-25	2.27e-21	6.47e-18	6.80e-15	2.66e-12	5.39e-10	5.15e-08	2.97e-06	1.60e-04	1.62e-02	2.02e-01	7.82e-01
 3.37000e+22	0.00e+00	0.00e+00	0.00e+00	1.99e-33	3.55e-29	3.05e-25	3.26e-21	8.92e-18	9.04e-15	3.41e-12	6.66e-10	6.13e-08	3.41e-06	1.76e-04	1.73e-02	2.07e-01	7.75e-01
 3.39343e+22	0.00e+00	0.00e+00	0.00e+00	3.00e-33	5.18e-29	4.31e-25	4.46e-21	1.18e-17	1.16e-14	4.24e-12	8.00e-10	7.13e-08	3.84e-06	1.93e-04	1.83e-02	2.12e-01	7.69e-01
 3.41889e+22	0.00e+00	0.00e+00	0.00e+00	4.82e-33	8.04e-29	6.46e-25	6.44e-21	1.64e-17	1.55e-14	5.45e-12	9.91e-10	8.50e-08	4.41e-06	2.13e-04	1.95e-02	2.18e-01	7.62e-01
 3.44629e+22	0.00e+00	0.00e+00	0.00e+00	7.71e-33	1.24e-28	9.63e-25	9.25e-21	2.27e-17	2.07e-14	7.00e-12	1.22e-09	1.01e-07	5.06e-06	2.36e-04	2.08e-02	2.24e-01	7.55e-01
 3.47127e+22	0.00e+00	0.00e+00	0.00e+00	1.18e-32	1.84e-28	1.38e-24	1.28e-20	3.05e-17	2.68e-14	8.77e-12	1.48e-09	1.19e-07	5.74e-06	2.59e-04	2.20e-02	2.30e-01	7.48e-01
 3.49881e+22	0.00e+00	0.00e+00	0.00e+00	1.03e-32	1.55e-28	1.12e-24	1.91e-20	4.35e-17	3.67e-14	1.15e-11	1.87e-09	1.43e-07	6.66e-06	2.89e-04	2.36e-02	2.37e-01	7.39e-01
 3.52634e+22	0.00e+00	0.00e+00	0.00e+00	3.11e-32	4.51e-28	3.15e-24	2.71e-20	5.95e-17	4.84e-14	1.47e-11	2.29e-09	1.70e-07	7.61e-06	3.18e-04	2.51e-02	2.43e-01	7.32e-01
 3.54896e+22	0.00e+00	0.00e+00	0.00e+00	2.41e-32	3.40e-28	2.30e-24	3.66e-20	7.80e-17	6.15e-14	1.81e-11	2.74e-09	1.96e-07	8.53e-06	3.46e-04	2.65e-02	2.48e-01	7.25e-01
 3.57348e+22	0.00e+00	0.00e+00	0.00e+00	3.81e-32	5.19e-28	3.40e-24	5.21e-20	1.07e-16	8.12e-14	2.30e-11	3.36e-09	2.32e-07	9.74e-06	3.81e-04	2.81e-02	2.55e-01	7.17e-01
 3.60010e+22	0.00e+00	0.00e+00	0.00e+00	6.02e-32	7.93e-28	5.01e-24	7.41e-20	1.47e-16	1.07e-13	2.93e-11	4.13e-09	2.75e-07	1.11e-05	4.20e-04	2.99e-02	2.61e-01	7.09e-01
 3.62472e+22	0.00e+00	0.00e+00	0.00e+00	9.16e-32	1.17e-27	7.16e-24	1.02e-19	1.96e-16	1.39e-13	3.66e-11	4.98e-09	3.21e-07	1.26e-05	4.59e-04	3.16e-02	2.67e-01	7.01e-01
 3.65200e+22	0.00e+00	0.00e+00	0.00e+00	1.53e-31	1.88e-27	1.11e-23	1.52e-19	2.78e-16	1.89e-13	4.79e-11	6.26e-09	3.88e-07	1.46e-05	5.11e-04	3.38e-02	2.74e-01	6.92e-01
 3.67929e+22	0.00e+00	0.00e+00	0.00e+00	2.40e-31	2.85e-27	1.62e-23	2.14e-19	3.80e-16	2.49e-13	6.08e-11	7.67e-09	4.58e-07	1.66e-05	5.61e-04	3.59e-02	2.81e-01	6.83e-01
 3.70174e+22	0.00e+00	0.00e+00	0.00e+00	3.54e-31	4.09e-27	2.26e-23	2.90e-19	4.97e-16	3.16e-13	7.48e-11	9.14e-09	5.29e-07	1.86e-05	6.09e-04	3.78e-02	2.86e-01	6.75e-01
 3.72607e+22	0.00e+00	0.00e+00	0.00e+00	5.58e-31	6.22e-27	3.32e-23	4.11e-19	6.80e-16	4.16e-13	9.51e-11	1.12e-08	6.25e-07	2.12e-05	6.70e-04	4.01e-02	2.93e-01	6.66e-01
 3.75243e+22	0.00e+00	0.00e+00	0.00e+00	8.82e-31	9.50e-27	4.89e-23	5.84e-19	9.32e-16	5.50e-13	1.21e-10	1.38e-08	7.40e-07	2.42e-05	7.38e-04	4.25e-02	3.00e-01	6.57e-01
 3.77660e+22	0.00e+00	0.00e+00	0.00e+00	1.33e-30	1.39e-26	6.92e-23	8.00e-19	1.23e-15	7.05e-13	1.50e-10	1.65e-08	8.60e-07	2.72e-05	8.03e-04	4.48e-02	3.06e-01	6.49e-01
 3.80319e+22	0.00e+00	0.00e+00	0.00e+00	2.27e-30	2.27e-26	1.09e-22	1.21e-18	1.78e-15	9.77e-13	1.99e-10	2.10e-08	1.05e-06	3.18e-05	8.98e-04	4.80e-02	3.13e-01	6.38e-01
 3.82908e+22	0.00e+00	0.00e+00	0.00e+00	3.39e-30	3.29e-26	1.53e-22	1.64e-18	2.35e-15	1.25e-12	2.46e-10	2.51e-08	1.21e-06	3.57e-05	9.75e-04	5.05e-02	3.19e-01	6.29e-01
 3.85408e+22	0.00e+00	0.00e+00	0.00e+00	5.40e-30	5.07e-26	2.27e-22	2.35e-18	3.24e-15	1.66e-12	3.15e-10	3.10e-08	1.44e-06	4.08e-05	1.07e-03	5.36e-02	3.26e-01	6.19e-01
 3.88052e+22	0.00e+00	0.00e+00	4.84e-34	8.56e-30	7.75e-26	3.34e-22	3.34e-18	4.44e-15	2.19e-12	4.02e-10	3.81e-08	1.71e-06	4.65e-05	1.18e-03	5.68e-02	3.33e-01	6.09e-01
 3.90388e+22	0.00e+00	0.00e+00	7.43e-34	1.27e-29	1.12e-25	4.67e-22	4.53e-18	5.84e-15	2.79e-12	4.96e-10	4.55e-08	1.98e-06	5.21e-05	1.28e-03	5.97e-02	3.39e-01	6.00e-01
 3.92931e+22	0.00e+00	0.00e+00	1.25e-33	2.07e-29	1.75e-25	7.02e-22	6.56e-18	8.14e-15	3.74e-12	6.40e-10	5.65e-08	2.36e-06	5.99e-05	1.42e-03	6.34e-02	3.46e-01	5.89e-01
 3.95625e+22	0.00e+00	0.00e+00	2.05e-33	3.28e-29	2.67e-25	1.04e-21	9.33e-18	1.12e-14	4.95e-12	8.16e-10	6.95e-08	2.80e-06	6.83e-05	1.56e-03	6.71e-02	3.53e-01	5.78e-01
 3.97943e+22	0.00e+00	0.00e+00	3.18e-33	4.91e-29	3.88e-25	1.45e-21	1.27e-17	1.47e-14	6.32e-12	1.01e-09	8.33e-08	3.25e-06	7.67e-05	1.69e-03	7.05e-02	3.59e-01	5.69e-01
 4.00050e+22	0.00e+00	0.00e+00	4.74e-33	7.12e-29	5.46e-25	1.99e-21	1.69e-17	1.90e-14	7.92e-12	1.23e-09	9.83e-08	3.72e-06	8.52e-05	1.82e-03	7.38e-02	3.64e-01	5.60e-01
 4.02456e+22	0.00e+00	0.00e+00	7.83e-33	1.13e-28	8.38e-25	2.93e-21	2.41e-17	2.61e-14	1.05e-11	1.57e-09	1.21e-07	4.41e-06	9.73e-05	2.00e-03	7.81e-02	3.71e-01	5.49e-01
 4.05003e+22	0.00e+00	0.00e+00	7.82e-33	1.09e-28	7.80e-25	4.26e-21	3.38e-17	3.55e-14	1.38e-11	1.98e-09	1.48e-07	5.20e-06	1.10e-04	2.19e-03	8.24e-02	3.77e-01	5.38e-01
 4.07295e+22	0.00e+00	0.00e+00	1.22e-32	1.65e-28	1.14e-24	6.01e-21	4.62e-17	4.69e-14	1.76e-11	2.46e-09	1.78e-07	6.05e-06	1.24e-04	2.38e-03	8.65e-02	3.83e-01	5.28e-01
 4.09835e+22	0.00e+00	0.00e+00	2.14e-32	2.78e-28	1.84e-24	9.29e-21	6.88e-17	6.71e-14	2.42e-11	3.24e-09	2.25e-07	7.33e-06	1.44e-04	2.64e-03	9.20e-02	3.90e-01	5.15e-01
 4.12327e+22	0.00e+00	0.00e+00	3.31e-32	4.16e-28	2.66e-24	1.30e-20	9.33e-17	8.82e-14	3.08e-11	4.00e-09	2.69e-07	8.49e-06	1.61e-04	2.86e-03	9.65e-02	3.95e-01	5.05e-01
 4.14432e+22	0.00e+00	0.00e+00	5.02e-32	6.12e-28	3.79e-24	1.79e-20	1.25e-16	1.15e-13	3.90e-11	4.91e-09	3.20e-07	9.78e-06	1.80e-04	3.09e-03	1.01e-01	4.00e-01	4.95e-01
 4.16845e+22	0.00e+00	0.00e+00	8.55e-32	1.00e-27	5.95e-24	2.69e-20	1.81e-16	1.60e-13	5.24e-11	6.35e-09	3.98e-07	1.17e-05	2.07e-04	3.41e-03	1.07e-01	4.07e-01	4.83e-01
 4.19307e+22	0.00e+00	0.00e+00	1.33e-31	1.51e-27	8.67e-24	3.79e-20	2.48e-16	2.12e-13	6.72e-11	7.88e-09	4.79e-07	1.36e-05	2.32e-04	3.70e-03	1.12e-01	4.12e-01	4.72e-01
 4.21499e+22	0.00e+00	0.00e+00	2.08e-31	2.27e-27	1.26e-23	5.31e-20	3.38e-16	2.81e-13	8.60e-11	9.78e-09	5.75e-07	1.59e-05	2.61e-04	4.01e-03	1.17e-01	4.17e-01	4.62e-01
 4.24015e+22	0.00e+00	0.00e+00	3.67e-31	3.84e-27	2.04e-23	8.18e-20	5.01e-16	4.01e-13	1.18e-10	1.29e-08	7.28e-07	1.92e-05	3.02e-04	4.45e-03	1.24e-01	4.23e-01	4.48e-01
 4.26444e+22	0.00e+00	0.00e+00	5.61e-31	5.68e-27	2.92e-23	1.13e-19	6.74e-16	5.23e-13	1.50e-10	1.58e-08	8.67e-07	2.22e-05	3.37e-04	4.80e-03	1.30e-01	4.27e-01	4.38e-01
 4.28455e+22	0.00e+00	0.00e+00	8.43e-31	8.27e-27	4.11e-23	1.54e-19	8.94e-16	6.75e-13	1.87e-10	1.93e-08	1.03e-06	2.55e-05	3.75e-04	5.16e-03	1.35e-01	4.31e-01	4.28e-01
 4.30762e+22	0.00e+00	0.00e+00	1.42e-30	1.34e-26	6.38e-23	2.29e-19	1.29e-15	9.36e-13	2.51e-10	2.48e-08	1.27e-06	3.04e-05	4.29e-04	5.67e-03	1.43e-01	4.36e-01	4.16e-01
 4.33107e+22	0.00e+00	0.00e+00	2.22e-30	2.02e-26	9.25e-23	3.20e-19	1.75e-15	1.23e-12	3.21e-10	3.07e-08	1.53e-06	3.53e-05	4.81e-04	6.13e-03	1.49e-01	4.40e-01	4.05e-01
 4.35156e+22	0.00e+00	0.00e+00	3.40e-30	2.98e-26	1.32e-22	4.40e-19	2.34e-15	1.61e-12	4.06e-10	3.77e-08	1.82e-06	4.08e-05	5.37e-04	6.61e-03	1.55e-01	4.43e-01	3.95e-01
 4.37472e+22	0.00e+00	0.00e+00	5.79e-30	4.87e-26	2.06e-22	6.57e-19	3.38e-15	2.24e-12	5.45e-10	4.88e-08	2.27e-06	4.89e-05	6.15e-04	7.26e-03	1.64e-01	4.47e-01	3.82e-01
 4.39835e+22	0.00e+00	0.00e+00	8.99e-30	7.30e-26	2.98e-22	9.15e-19	4.59e-15	2.95e-12	6.96e-10	6.03e-08	2.72e-06	5.67e-05	6.88e-04	7.84e-03	1.70e-01	4.50e-01	3.71e-01
 4.41887e+22	0.00e+00	0.00e+00	1.39e-29	1.09e-25	4.29e-22	1.27e-18	6.19e-15	3.87e-12	8.86e-10	7.45e-08	3.26e-06	6.58e-05	7.70e-04	8.46e-03	1.78e-01	4.53e-01	3.60e-01
 4.43822e+22	0.00e+00	2.03e-34	2.08e-29	1.57e-25	5.99e-22	1.71e-18	8.14e-15	4.95e-12	1.10e-09	9.02e-08	3.84e-06	7.52e-05	8.52e-04	9.06e-03	1.84e-01	4.55e-01	3.51e-01
 4.45976e+22	0.00e+00	3.44e-34	3.38e-29	2.46e-25	8.98e-22	2.45e-18	1.14e-14	6.70e-12	1.44e-09	1.14e-07	4.69e-06	8.85e-05	9.64e-04	9.85e-03	1.93e-01	4.57e-01	3.39e-01
 4.48230e+22	0.00e+00	5.60e-34	5.29e-29	3.70e-25	1.30e-21	3.41e-18	1.54e-14	8.84e-12	1.85e-09	1.41e-07	5.64e-06	1.03e-04	1.08e-03	1.06e-02	2.01e-01	4.59e-01	3.29e-01
 4.50240e+22	0.00e+00	8.81e-34	8.02e-29	5.42e-25	1.84e-21	4.65e-18	2.05e-14	1.14e-11	2.33e-09	1.73e-07	6.69e-06	1.18e-04	1.20e-03	1.14e-02	2.08e-01	4.60e-01	3.19e-01
 4.52478e+22	0.00e+00	1.56e-33	1.35e-28	8.76e-25	2.84e-21	6.85e-18	2.93e-14	1.58e-11	3.10e-09	2.22e-07	8.30e-06	1.41e-04	1.37e-03	1.25e-02	2.18e-01	4.62e-01	3.06e-01
 4.54698e+22	0.00e+00	2.47e-33	2.07e-28	1.29e-24	4.04e-21	9.37e-18	3.92e-14	2.05e-11	3.92e-09	2.72e-07	9.88e-06	1.63e-04	1.52e-03	1.34e-02	2.26e-01	4.63e-01	2.96e-01
 4.56576e+22	0.00e+00	3.82e-33	3.08e-28	1.86e-24	5.62e-21	1.26e-17	5.14e-14	2.63e-11	4.88e-09	3.30e-07	1.16e-05	1.86e-04	1.68e-03	1.43e-02	2.34e-01	4.63e-01	2.87e-01
 4.58699e+22	0.00e+00	6.53e-33	5.05e-28	2.92e-24	8.44e-21	1.81e-17	7.19e-14	3.56e-11	6.40e-09	4.17e-07	1.42e-05	2.19e-04	1.90e-03	1.55e-02	2.43e-01	4.63e-01	2.76e-01
 4.60918e+22	0.00e+00	1.06e-32	7.85e-28	4.37e-24	1.22e-20	2.49e-17	9.71e-14	4.68e-11	8.16e-09	5.16e-07	1.71e-05	2.54e-04	2.12e-03	1.67e-02	2.52e-01	4.63e-01	2.66e-01
 4.62873e+22	0.00e+00	1.65e-32	1.18e-27	6.34e-24	1.70e-20	3.36e-17	1.28e-13	6.01e-11	1.02e-08	6.26e-07	2.01e-05	2.91e-04	2.34e-03	1.78e-02	2.61e-01	4.62e-01	2.57e-01
 4.65030e+22	0.00e+00	2.87e-32	1.96e-27	1.01e-23	2.58e-20	4.87e-17	1.80e-13	8.20e-11	1.35e-08	7.98e-07	2.48e-05	3.44e-04	2.66e-03	1.93e-02	2.71e-01	4.61e-01	2.46e-01
 4.67231e+22	0.00e+00	4.61e-32	3.03e-27	1.50e-23	3.69e-20	6.68e-17	2.42e-13	1.07e-10	1.71e-08	9.82e-07	2.96e-05	3.98e-04	2.95e-03	2.07e-02	2.80e-01	4.59e-01	2.36e-01
 4.69160e+22	0.00e+00	7.25e-32	4.58e-27	2.18e-23	5.18e-20	9.02e-17	3.20e-13	1.38e-10	2.15e-08	1.20e-06	3.51e-05	4.56e-04	3.27e-03	2.21e-02	2.89e-01	4.58e-01	2.27e-01
 4.71040e+22	0.00e+00	1.12e-31	6.85e-27	3.15e-23	7.21e-20	1.21e-16	4.20e-13	1.77e-10	2.68e-08	1.45e-06	4.13e-05	5.21e-04	3.61e-03	2.35e-02	2.98e-01	4.56e-01	2.19e-01
 4.73187e+22	0.00e+00	1.95e-31	1.13e-26	4.99e-23	1.09e-19	1.74e-16	5.90e-13	2.41e-10	3.53e-08	1.84e-06	5.07e-05	6.15e-04	4.07e-03	2.54e-02	3.09e-01	4.53e-01	2.08e-01
 4.75398e+22	0.00e+00	3.14e-31	1.75e-26	7.41e-23	1.56e-19	2.38e-16	7.91e-13	3.15e-10	4.48e-08	2.27e-06	6.05e-05	7.10e-04	4.52e-03	2.72e-02	3.18e-01	4.50e-01	2.00e-01
 4.77377e+22	0.00e+00	5.00e-31	2.68e-26	1.09e-22	2.20e-19	3.24e-16	1.05e-12	4.08e-10	5.65e-08	2.78e-06	7.19e-05	8.16e-04	5.01e-03	2.90e-02	3.28e-01	4.46e-01	1.91e-01
 4.79633e+22	0.00e+00	8.93e-31	4.56e-26	1.77e-22	3.40e-19	4.74e-16	1.51e-12	5.66e-10	7.56e-08	3.58e-06	8.92e-05	9.72e-04	5.69e-03	3.14e-02	3.39e-01	4.42e-01	1.81e-01
 4.81958e+22	0.00e+00	1.50e-30	7.31e-26	2.72e-22	4.99e-19	6.64e-16	2.07e-12	7.55e-10	9.80e-08	4.48e-06	1.08e-04	1.13e-03	6.37e-03	3.36e-02	3.50e-01	4.37e-01	1.72e-01
 4.83859e+22	0.00e+00	2.28e-30	1.07e-25	3.85e-22	6.81e-19	8.72e-16	2.67e-12	9.54e-10	1.21e-07	5.37e-06	1.26e-04	1.29e-03	6.97e-03	3.56e-02	3.58e-01	4.33e-01	1.65e-01
 4.85818e+22	0.00e+00	3.78e-30	1.70e-25	5.85e-22	9.91e-19	1.21e-15	3.64e-12	1.26e-09	1.55e-07	6.69e-06	1.52e-04	1.49e-03	7.77e-03	3.80e-02	3.68e-01	4.28e-01	1.57e-01
 4.87866e+22	0.00e+00	5.88e-30	2.55e-25	8.44e-22	1.38e-18	1.62e-15	4.77e-12	1.62e-09	1.94e-07	8.10e-06	1.79e-04	1.70e-03	8.54e-03	4.03e-02	3.77e-01	4.23e-01	1.49e-01
 4.89742e+22	0.00e+00	9.39e-30	3.89e-25	1.24e-21	1.93e-18	2.17e-15	6.32e-12	2.10e-09	2.45e-07	9.92e-06	2.13e-04	1.96e-03	9.44e-03	4.28e-02	3.86e-01	4.17e-01	1.42e-01
 4.91406e+22	0.00e+00	1.37e-29	5.48e-25	1.69e-21	2.55e-18	2.76e-15	7.93e-12	2.58e-09	2.95e-07	1.17e-05	2.45e-04	2.19e-03	1.02e-02	4.49e-02	3.93e-01	4.13e-01	1.36e-01
 4.93083e+22	0.00e+00	2.09e-29	8.06e-25	2.39e-21	3.48e-18	3.63e-15	1.03e-11	3.27e-09	3.64e-07	1.40e-05	2.86e-04	2.48e-03	1.12e-02	4.74e-02	4.01e-01	4.07e-01	1.30e-01
 4.94745e+22	0.00e+00	2.98e-29	1.11e-24	3.20e-21	4.51e-18	4.55e-15	1.27e-11	3.98e-09	4.35e-07	1.63e-05	3.26e-04	2.75e-03	1.20e-02	4.95e-02	4.08e-01	4.02e-01	1.25e-01
 4.96114e+22	0.00e+00	4.13e-29	1.50e-24	4.19e-21	5.72e-18	5.59e-15	1.55e-11	4.77e-09	5.12e-07	1.88e-05	3.67e-04	3.03e-03	1.29e-02	5.16e-02	4.14e-01	3.98e-01	1.20e-01
 4.97619e+22	0.00e+00	6.10e-29	2.14e-24	5.77e-21	7.61e-18	7.16e-15	1.96e-11	5.92e-09	6.22e-07	2.22e-05	4.24e-04	3.39e-03	1.40e-02	5.41e-02	4.21e-01	3.92e-01	1.15e-01
 4.99181e+22	0.00e+00	8.67e-29	2.94e-24	7.69e-21	9.81e-18	8.93e-15	2.42e-11	7.19e-09	7.40e-07	2.59e-05	4.82e-04	3.76e-03	1.50e-02	5.64e-02	4.28e-01	3.86e-01	1.10e-01
 5.00563e+22	0.00e+00	1.21e-28	3.98e-24	1.01e-20	1.25e-17	1.10e-14	2.95e-11	8.64e-09	8.73e-07	2.99e-05	5.44e-04	4.15e-03	1.61e-02	5.87e-02	4.34e-01	3.81e-01	1.06e-01
 5.01841e+22	0.00e+00	1.66e-28	5.29e-24	1.30e-20	1.56e-17	1.33e-14	3.56e-11	1.03e-08	1.02e-06	3.42e-05	6.11e-04	4.55e-03	1.72e-02	6.09e-02	4.39e-01	3.76e-01	1.02e-01
 5.03035e+22	0.00e+00	2.18e-28	6.78e-24	1.63e-20	1.91e-17	1.58e-14	4.19e-11	1.19e-08	1.17e-06	3.85e-05	6.75e-04	4.92e-03	1.82e-02	6.29e-02	4.43e-01	3.71e-01	9.83e-02
 5.04384e+22	0.00e+00	3.16e-28	9.50e-24	2.20e-20	2.49e-17	1.99e-14	5.23e-11	1.47e-08	1.41e-06	4.51e-05	7.73e-04	5.48e-03	1.96e-02	6.57e-02	4.49e-01	3.65e-01	9.38e-02
 5.05765e+22	0.00e+00	4.33e-28	1.26e-23	2.84e-20	3.11e-17	2.41e-14	6.30e-11	1.74e-08	1.65e-06	5.17e-05	8.67e-04	6.01e-03	2.09e-02	6.81e-02	4.54e-01	3.60e-01	9.00e-02
 5.06993e+22	0.00e+00	5.89e-28	1.67e-23	3.65e-20	3.87e-17	2.91e-14	7.55e-11	2.06e-08	1.92e-06	5.89e-05	9.70e-04	6.56e-03	2.22e-02	7.05e-02	4.59e-01	3.54e-01	8.64e-02
 5.08163e+22	0.00e+00	7.87e-28	2.17e-23	4.61e-20	4.75e-17	3.47e-14	8.96e-11	2.42e-08	2.21e-06	6.68e-05	1.08e-03	7.14e-03	2.36e-02	7.28e-02	4.63e-01	3.49e-01	8.31e-02
 5.09279e+22	0.00e+00	1.04e-27	2.80e-23	5.78e-20	5.80e-17	4.11e-14	1.06e-10	2.82e-08	2.54e-06	7.53e-05	1.19e-03	7.74e-03	2.49e-02	7.51e-02	4.67e-01	3.44e-01	8.00e-02
 5.10554e+22	0.00e+00	1.48e-27	3.83e-23	7.65e-20	7.42e-17	5.07e-14	1.30e-10	3.42e-08	3.02e-06	8.74e-05	1.35e-03	8.55e-03	2.67e-02	7.80e-02	4.72e-01	3.37e-01	7.63e-02
 5.11866e+22	0.00e+00	2.03e-27	5.09e-23	9.86e-20	9.25e-17	6.11e-14	1.56e-10	4.06e-08	3.53e-06	1.00e-04	1.52e-03	9.36e-03	2.85e-02	8.06e-02	4.76e-01	3.31e-01	7.30e-02
 5.13000e+22	0.00e+00	2.68e-27	6.55e-23	1.23e-19	1.13e-16	7.22e-14	1.84e-10	4.73e-08	4.06e-06	1.13e-04	1.68e-03	1.01e-02	3.01e-02	8.31e-02	4.79e-01	3.26e-01	7.01e-02
 5.14249e+22	0.00e+00	3.84e-27	9.04e-23	1.64e-19	1.44e-16	8.91e-14	2.27e-10	5.75e-08	4.85e-06	1.31e-04	1.91e-03	1.12e-02	3.23e-02	8.62e-02	4.83e-01	3.18e-01	6.65e-02
 5.15531e+22	0.00e+00	5.24e-27	1.20e-22	2.11e-19	1.79e-16	1.07e-13	2.71e-10	6.81e-08	5.66e-06	1.50e-04	2.14e-03	1.23e-02	3.43e-02	8.90e-02	4.86e-01	3.12e-01	6.35e-02
 5.16593e+22	0.00e+00	6.77e-27	1.51e-22	2.58e-19	2.14e-16	1.24e-13	3.15e-10	7.83e-08	6.42e-06	1.68e-04	2.35e-03	1.32e-02	3.60e-02	9.13e-02	4.89e-01	3.07e-01	6.11e-02
 5.17711e+22	0.00e+00	9.42e-27	2.03e-22	3.35e-19	2.68e-16	1.50e-13	3.81e-10	9.37e-08	7.56e-06	1.93e-04	2.65e-03	1.45e-02	3.84e-02	9.43e-02	4.92e-01	3.00e-01	5.81e-02
 5.18855e+22	0.00e+00	1.25e-26	2.60e-22	4.18e-19	3.24e-16	1.76e-13	4.47e-10	1.09e-07	8.68e-06	2.17e-04	2.93e-03	1.57e-02	4.05e-02	9.69e-02	4.94e-01	2.94e-01	5.56e-02
 5.19872e+22	0.00e+00	1.64e-26	3.32e-22	5.18e-19	3.90e-16	2.05e-13	5.23e-10	1.26e-07	9.93e-06	2.44e-04	3.23e-03	1.69e-02	4.27e-02	9.95e-02	4.96e-01	2.88e-01	5.33e-02
 5.21034e+22	0.00e+00	2.32e-26	4.55e-22	6.83e-19	4.94e-16	2.50e-13	6.39e-10	1.53e-07	1.18e-05	2.83e-04	3.66e-03	1.87e-02	4.56e-02	1.03e-01	4.98e-01	2.81e-01	5.03e-02
 5.22207e+22	0.00e+00	3.10e-26	5.88e-22	8.56e-19	5.99e-16	2.93e-13	7.53e-10	1.79e-07	1.36e-05	3.20e-04	4.06e-03	2.03e-02	4.81e-02	1.06e-01	4.99e-01	2.75e-01	4.80e-02
 5.23237e+22	0.00e+00	4.12e-26	7.58e-22	1.07e-18	7.24e-16	3.42e-13	8.85e-10	2.08e-07	1.57e-05	3.61e-04	4.49e-03	2.19e-02	5.07e-02	1.08e-01	5.00e-01	2.68e-01	4.58e-02
 5.24418e+22	0.00e+00	6.00e-26	1.06e-21	1.43e-18	9.28e-16	4.20e-13	1.09e-09	2.55e-07	1.89e-05	4.23e-04	5.13e-03	2.43e-02	5.44e-02	1.12e-01	5.01e-01	2.60e-01	4.29e-02
 5.25579e+22	0.00e+00	7.87e-26	1.35e-21	1.77e-18	1.11e-15	4.87e-13	1.28e-09	2.96e-07	2.16e-05	4.74e-04	5.65e-03	2.62e-02	5.71e-02	1.14e-01	5.01e-01	2.54e-01	4.09e-02
 5.26715e+22	0.00e+00	1.14e-25	1.88e-21	2.35e-18	1.41e-15	5.92e-13	1.57e-09	3.61e-07	2.59e-05	5.55e-04	6.44e-03	2.90e-02	6.11e-02	1.18e-01	5.01e-01	2.45e-01	3.83e-02
 5.27850e+22	0.00e+00	1.50e-25	2.39e-21	2.90e-18	1.69e-15	6.85e-13	1.83e-09	4.17e-07	2.96e-05	6.21e-04	7.08e-03	3.12e-02	6.41e-02	1.20e-01	5.01e-01	2.39e-01	3.64e-02
 5.28983e+22	0.00e+00	2.19e-25	3.34e-21	3.88e-18	2.15e-15	8.33e-13	2.26e-09	5.11e-07	3.57e-05	7.28e-04	8.09e-03	3.46e-02	6.86e-02	1.24e-01	4.99e-01	2.31e-01	3.39e-02
 5.30115e+22	0.00e+00	2.88e-25	4.27e-21	4.80e-18	2.57e-15	9.63e-13	2.64e-09	5.93e-07	4.08e-05	8.17e-04	8.90e-03	3.73e-02	7.20e-02	1.27e-01	4.98e-01	2.24e-01	3.22e-02
 5.31246e+22	0.00e+00	4.23e-25	6.00e-21	6.42e-18	3.28e-15	1.17e-12	3.25e-09	7.28e-07	4.93e-05	9.59e-04	1.02e-02	4.13e-02	7.70e-02	1.30e-01	4.95e-01	2.15e-01	2.98e-02
 5.32361e+22	7.18e-35	5.53e-25	7.61e-21	7.89e-18	3.89e-15	1.34e-12	3.78e-09	8.40e-07	5.62e-05	1.07e-03	1.12e-02	4.43e-02	8.05e-02	1.32e-01	4.93e-01	2.09e-01	2.83e-02
 5.33453e+22	1.09e-34	7.99e-25	1.05e-20	1.04e-17	4.90e-15	1.61e-12	4.62e-09	1.02e-06	6.72e-05	1.25e-03	1.26e-02	4.88e-02	8.56e-02	1.36e-01	4.89e-01	2.00e-01	2.62e-02
 5.34534e+22	1.50e-34	1.05e-24	1.34e-20	1.28e-17	5.81e-15	1.84e-12	5.36e-09	1.18e-06	7.67e-05	1.39e-03	1.39e-02	5.24e-02	8.95e-02	1.38e-01	4.86e-01	1.94e-01	2.48e-02
 5.35599e+22	2.25e-34	1.50e-24	1.83e-20	1.67e-17	7.25e-15	2.19e-12	6.50e-09	1.42e-06	9.12e-05	1.61e-03	1.56e-02	5.74e-02	9.48e-02	1.41e-01	4.81e-01	1.86e-01	2.29e-02
 5.36684e+22	3.14e-34	2.00e-24	2.36e-20	2.08e-17	8.66e-15	2.52e-12	7.60e-09	1.66e-06	1.05e-04	1.81e-03	1.72e-02	6.17e-02	9.92e-02	1.43e-01	4.77e-01	1.79e-01	2.15e-02
 5.37795e+22	4.84e-34	2.92e-24	3.29e-20	2.75e-17	1.09e-14	3.02e-12	9.30e-09	2.02e-06	1.26e-04	2.11e-03	1.95e-02	6.78e-02	1.05e-01	1.46e-01	4.70e-01	1.70e-01	1.97e-02
 5.38923e+22	6.81e-34	3.94e-24	4.28e-20	3.44e-17	1.31e-14	3.48e-12	1.09e-08	2.36e-06	1.45e-04	2.37e-03	2.15e-02	7.30e-02	1.10e-01	1.47e-01	4.64e-01	1.63e-01	1.84e-02
 5.40073e+22	1.07e-33	5.82e-24	6.02e-20	4.59e-17	1.65e-14	4.17e-12	1.34e-08	2.89e-06	1.74e-04	2.77e-03	2.44e-02	8.01e-02	1.16e-01	1.50e-01	4.56e-01	1.54e-01	1.67e-02
 5.41227e+22	1.50e-33	7.84e-24	7.82e-20	5.73e-17	1.98e-14	4.80e-12	1.57e-08	3.37e-06	2.00e-04	3.11e-03	2.68e-02	8.60e-02	1.21e-01	1.51e-01	4.49e-01	1.47e-01	1.55e-02
 5.42385e+22	2.35e-33	1.16e-23	1.10e-19	7.64e-17	2.50e-14	5.74e-12	1.92e-08	4.11e-06	2.40e-04	3.61e-03	3.02e-02	9.41e-02	1.28e-01	1.53e-01	4.39e-01	1.38e-01	1.40e-02
 5.43520e+22	3.25e-33	1.54e-23	1.41e-19	9.41e-17	2.96e-14	6.54e-12	2.22e-08	4.74e-06	2.73e-04	4.02e-03	3.29e-02	1.00e-01	1.32e-01	1.54e-01	4.31e-01	1.32e-01	1.30e-02
 5.44625e+22	4.97e-33	2.23e-23	1.95e-19	1.24e-16	3.68e-14	7.73e-12	2.68e-08	5.71e-06	3.24e-04	4.62e-03	3.68e-02	1.09e-01	1.39e-01	1.55e-01	4.20e-01	1.24e-01	1.18e-02
 5.45731e+22	6.82e-33	2.93e-23	2.48e-19	1.51e-16	4.34e-14	8.77e-12	3.08e-08	6.54e-06	3.66e-04	5.11e-03	3.99e-02	1.15e-01	1.43e-01	1.56e-01	4.11e-01	1.18e-01	1.09e-02
 5.46837e+22	1.03e-32	4.21e-23	3.40e-19	1.98e-16	5.38e-14	1.03e-11	3.69e-08	7.82e-06	4.30e-04	5.82e-03	4.42e-02	1.24e-01	1.49e-01	1.56e-01	3.99e-01	1.11e-01	9.86e-03
 5.47964e+22	1.43e-32	5.59e-23	4.36e-19	2.44e-16	6.37e-14	1.18e-11	4.24e-08	8.97e-06	4.87e-04	6.44e-03	4.79e-02	1.32e-01	1.54e-01	1.56e-01	3.89e-01	1.05e-01	9.08e-03
 5.49118e+22	2.19e-32	8.10e-23	6.03e-19	3.20e-16	7.92e-14	1.39e-11	5.08e-08	1.07e-05	5.71e-04	7.32e-03	5.30e-02	1.42e-01	1.60e-01	1.56e-01	3.76e-01	9.74e-02	8.12e-03
 5.50292e+22	3.03e-32	1.08e-22	7.73e-19	3.94e-16	9.39e-14	1.58e-11	5.83e-08	1.22e-05	6.44e-04	8.07e-03	5.71e-02	1.49e-01	1.64e-01	1.55e-01	3.66e-01	9.19e-02	7.45e-03
 5.51492e+22	4.63e-32	1.56e-22	1.07e-18	5.18e-16	1.17e-13	1.87e-11	6.95e-08	1.45e-05	7.52e-04	9.13e-03	6.28e-02	1.60e-01	1.69e-01	1.55e-01	3.52e-01	8.50e-02	6.63e-03
 5.52726e+22	6.52e-32	2.09e-22	1.39e-18	6.45e-16	1.40e-13	2.15e-11	7.99e-08	1.67e-05	8.50e-04	1.01e-02	6.77e-02	1.68e-01	1.74e-01	1.53e-01	3.40e-01	7.97e-02	6.03e-03
 5.53997e+22	1.00e-31	3.05e-22	1.93e-18	8.52e-16	1.75e-13	2.55e-11	9.51e-08	1.98e-05	9.89e-04	1.14e-02	7.42e-02	1.79e-01	1.78e-01	1.52e-01	3.26e-01	7.32e-02	5.33e-03
 5.55242e+22	1.37e-31	4.01e-22	2.45e-18	1.04e-15	2.06e-13	2.90e-11	1.08e-07	2.23e-05	1.10e-03	1.24e-02	7.91e-02	1.87e-01	1.82e-01	1.50e-01	3.15e-01	6.88e-02	4.86e-03
 5.56464e+22	2.07e-31	5.73e-22	3.35e-18	1.36e-15	2.55e-13	3.42e-11	1.27e-07	2.62e-05	1.27e-03	1.38e-02	8.59e-02	1.98e-01	1.86e-01	1.48e-01	3.00e-01	6.31e-02	4.29e-03
 5.57711e+22	2.81e-31	7.50e-22	4.24e-18	1.66e-15	3.01e-13	3.89e-11	1.43e-07	2.94e-05	1.41e-03	1.50e-02	9.12e-02	2.05e-01	1.88e-01	1.46e-01	2.89e-01	5.91e-02	3.91e-03
 5.58990e+22	4.24e-31	1.07e-21	5.82e-18	2.17e-15	3.74e-13	4.60e-11	1.68e-07	3.43e-05	1.61e-03	1.67e-02	9.85e-02	2.16e-01	1.92e-01	1.43e-01	2.75e-01	5.40e-02	3.44e-03
 5.60307e+22	5.85e-31	1.42e-21	7.45e-18	2.68e-15	4.44e-13	5.27e-11	1.90e-07	3.87e-05	1.79e-03	1.81e-02	1.04e-01	2.24e-01	1.94e-01	1.41e-01	2.64e-01	5.02e-02	3.10e-03
 5.61675e+22	8.95e-31	2.06e-21	1.03e-17	3.53e-15	5.57e-13	6.28e-11	2.22e-07	4.51e-05	2.05e-03	2.01e-02	1.13e-01	2.35e-01	1.96e-01	1.37e-01	2.49e-01	4.55e-02	2.70e-03
 5.63033e+22	1.21e-30	2.68e-21	1.30e-17	4.31e-15	6.56e-13	7.15e-11	2.50e-07	5.03e-05	2.25e-03	2.16e-02	1.18e-01	2.42e-01	1.98e-01	1.35e-01	2.38e-01	4.24e-02	2.44e-03
 5.64379e+22	1.81e-30	3.80e-21	1.77e-17	5.60e-15	8.12e-13	8.46e-11	2.89e-07	5.80e-05	2.55e-03	2.37e-02	1.27e-01	2.52e-01	1.99e-01	1.31e-01	2.25e-01	3.84e-02	2.13e-03
 5.65756e+22	2.48e-30	5.00e-21	2.26e-17	6.89e-15	9.63e-13	9.67e-11	3.25e-07	6.48e-05	2.81e-03	2.55e-02	1.33e-01	2.59e-01	2.00e-01	1.28e-01	2.14e-01	3.55e-02	1.91e-03
 5.67177e+22	3.73e-30	7.15e-21	3.09e-17	9.02e-15	1.20e-12	1.15e-10	3.77e-07	7.46e-05	3.17e-03	2.80e-02	1.42e-01	2.68e-01	2.00e-01	1.24e-01	2.01e-01	3.20e-02	1.66e-03
 5.68621e+22	5.11e-30	9.40e-21	3.94e-17	1.11e-14	1.42e-12	1.32e-10	4.23e-07	8.32e-05	3.48e-03	3.00e-02	1.48e-01	2.75e-01	2.00e-01	1.21e-01	1.91e-01	2.95e-02	1.48e-03
 5.69870e+22	6.89e-30	1.22e-20	4.95e-17	1.35e-14	1.67e-12	1.50e-10	4.70e-07	9.20e-05	3.80e-03	3.20e-02	1.55e-01	2.82e-01	2.00e-01	1.18e-01	1.82e-01	2.72e-02	1.33e-03
 5.71268e+22	1.01e-29	1.70e-20	6.66e-17	1.74e-14	2.06e-12	1.76e-10	5.39e-07	1.05e-04	4.24e-03	3.47e-02	1.63e-01	2.89e-01	2.00e-01	1.13e-01	1.70e-01	2.45e-02	1.15e-03
 5.72662e+22	1.35e-29	2.18e-20	8.29e-17	2.10e-14	2.41e-12	2.00e-10	5.97e-07	1.15e-04	4.60e-03	3.69e-02	1.70e-01	2.95e-01	1.99e-01	1.10e-01	1.62e-01	2.27e-02	1.04e-03
 5.74050e+22	1.96e-29	3.02e-20	1.11e-16	2.69e-14	2.95e-12	2.34e-10	6.80e-07	1.30e-04	5.11e-03	3.98e-02	1.78e-01	3.02e-01	1.97e-01	1.06e-01	1.51e-01	2.04e-02	8.98e-04
 5.75454e+22	2.59e-29	3.85e-20	1.37e-16	3.23e-14	3.45e-12	2.65e-10	7.52e-07	1.43e-04	5.53e-03	4.21e-02	1.84e-01	3.06e-01	1.96e-01	1.03e-01	1.43e-01	1.88e-02	8.07e-04
 5.76878e+22	3.77e-29	5.32e-20	1.83e-16	4.14e-14	4.22e-12	3.12e-10	8.55e-07	1.61e-04	6.12e-03	4.54e-02	1.93e-01	3.12e-01	1.94e-01	9.85e-02	1.33e-01	1.69e-02	6.97e-04
 5.78329e+22	5.02e-29	6.81e-20	2.28e-16	5.00e-14	4.94e-12	3.54e-10	9.47e-07	1.77e-04	6.61e-03	4.80e-02	1.99e-01	3.17e-01	1.92e-01	9.52e-02	1.26e-01	1.55e-02	6.23e-04
 5.79608e+22	6.66e-29	8.71e-20	2.83e-16	6.03e-14	5.78e-12	4.01e-10	1.04e-06	1.93e-04	7.13e-03	5.06e-02	2.06e-01	3.20e-01	1.90e-01	9.20e-02	1.19e-01	1.42e-02	5.56e-04
 5.80877e+22	8.81e-29	1.11e-19	3.51e-16	7.26e-14	6.74e-12	4.53e-10	1.15e-06	2.11e-04	7.68e-03	5.33e-02	2.12e-01	3.24e-01	1.88e-01	8.88e-02	1.13e-01	1.31e-02	4.96e-04
 5.82337e+22	1.26e-28	1.51e-19	4.62e-16	9.20e-14	8.20e-12	5.31e-10	1.30e-06	2.36e-04	8.43e-03	5.70e-02	2.20e-01	3.28e-01	1.85e-01	8.48e-02	1.05e-01	1.17e-02	4.28e-04
 5.83806e+22	1.66e-28	1.92e-19	5.72e-16	1.11e-13	9.57e-12	6.01e-10	1.44e-06	2.58e-04	9.06e-03	5.99e-02	2.26e-01	3.31e-01	1.82e-01	8.17e-02	9.86e-02	1.07e-02	3.82e-04
 5.85288e+22	2.38e-28	2.62e-19	7.54e-16	1.40e-13	1.17e-11	7.04e-10	1.63e-06	2.88e-04	9.94e-03	6.39e-02	2.34e-01	3.34e-01	1.79e-01	7.77e-02	9.12e-02	9.57e-03	3.28e-04
 5.86787e+22	3.13e-28	3.32e-19	9.30e-16	1.68e-13	1.36e-11	7.97e-10	1.79e-06	3.14e-04	1.07e-02	6.70e-02	2.40e-01	3.36e-01	1.76e-01	7.48e-02	8.60e-02	8.77e-03	2.92e-04
 5.88307e+22	4.48e-28	4.52e-19	1.22e-15	2.14e-13	1.66e-11	9.35e-10	2.03e-06	3.51e-04	1.17e-02	7.12e-02	2.48e-01	3.38e-01	1.72e-01	7.10e-02	7.93e-02	7.80e-03	2.51e-04
 5.89857e+22	5.93e-28	5.75e-19	1.52e-15	2.58e-13	1.94e-11	1.06e-09	2.24e-06	3.83e-04	1.25e-02	7.47e-02	2.54e-01	3.40e-01	1.69e-01	6.81e-02	7.45e-02	7.12e-03	2.22e-04
 5.91449e+22	8.54e-28	7.87e-19	2.01e-15	3.29e-13	2.38e-11	1.25e-09	2.54e-06	4.28e-04	1.37e-02	7.93e-02	2.62e-01	3.41e-01	1.64e-01	6.43e-02	6.85e-02	6.30e-03	1.89e-04
 5.93075e+22	1.14e-27	1.01e-18	2.51e-15	3.99e-13	2.80e-11	1.43e-09	2.82e-06	4.68e-04	1.47e-02	8.31e-02	2.68e-01	3.42e-01	1.61e-01	6.15e-02	6.40e-02	5.72e-03	1.67e-04
 5.94748e+22	1.65e-27	1.39e-18	3.33e-15	5.10e-13	3.44e-11	1.69e-09	3.21e-06	5.23e-04	1.61e-02	8.82e-02	2.75e-01	3.42e-01	1.56e-01	5.79e-02	5.87e-02	5.04e-03	1.42e-04
 5.96473e+22	2.24e-27	1.80e-18	4.21e-15	6.26e-13	4.09e-11	1.95e-09	3.58e-06	5.75e-04	1.73e-02	9.25e-02	2.82e-01	3.42e-01	1.52e-01	5.51e-02	5.45e-02	4.53e-03	1.23e-04
 5.97963e+22	2.93e-27	2.27e-18	5.18e-15	7.50e-13	4.77e-11	2.21e-09	3.95e-06	6.24e-04	1.84e-02	9.65e-02	2.87e-01	3.41e-01	1.48e-01	5.26e-02	5.10e-02	4.13e-03	1.09e-04
 5.99598e+22	4.19e-27	3.09e-18	6.83e-15	9.55e-13	5.84e-11	2.60e-09	4.48e-06	6.95e-04	2.00e-02	1.02e-01	2.94e-01	3.40e-01	1.43e-01	4.94e-02	4.67e-02	3.64e-03	9.28e-05
 6.01256e+22	5.52e-27	3.91e-18	8.44e-15	1.15e-12	6.84e-11	2.96e-09	4.96e-06	7.56e-04	2.14e-02	1.06e-01	2.99e-01	3.39e-01	1.40e-01	4.71e-02	4.36e-02	3.30e-03	8.18e-05
 6.02942e+22	7.78e-27	5.25e-18	1.10e-14	1.45e-12	8.31e-11	3.48e-09	5.62e-06	8.39e-04	2.32e-02	1.12e-01	3.05e-01	3.37e-01	1.35e-01	4.43e-02	3.99e-02	2.92e-03	6.99e-05
 6.04724e+22	1.07e-26	6.89e-18	1.40e-14	1.79e-12	9.96e-11	4.03e-09	6.30e-06	9.22e-04	2.49e-02	1.17e-01	3.10e-01	3.35e-01	1.30e-01	4.18e-02	3.68e-02	2.60e-03	6.03e-05
 6.06361e+22	1.44e-26	8.87e-18	1.76e-14	2.19e-12	1.18e-10	4.64e-09	7.01e-06	1.01e-03	2.66e-02	1.22e-01	3.15e-01	3.33e-01	1.26e-01	3.95e-02	3.41e-02	2.34e-03	5.25e-05
 6.08219e+22	2.08e-26	1.22e-17	2.33e-14	2.80e-12	1.46e-10	5.52e-09	8.03e-06	1.13e-03	2.90e-02	1.28e-01	3.21e-01	3.30e-01	1.21e-01	3.68e-02	3.09e-02	2.04e-03	4.41e-05
 6.10186e+22	2.93e-26	1.63e-17	3.04e-14	3.53e-12	1.77e-10	6.48e-09	9.10e-06	1.25e-03	3.13e-02	1.34e-01	3.26e-01	3.26e-01	1.16e-01	3.45e-02	2.82e-02	1.79e-03	3.75e-05
 6.12007e+22	4.04e-26	2.14e-17	3.89e-14	4.38e-12	2.13e-10	7.55e-09	1.02e-05	1.37e-03	3.36e-02	1.40e-01	3.31e-01	3.23e-01	1.12e-01	3.23e-02	2.58e-02	1.59e-03	3.21e-05
 6.13786e+22	5.51e-26	2.79e-17	4.92e-14	5.40e-12	2.54e-10	8.74e-09	1.15e-05	1.50e-03	3.59e-02	1.46e-01	3.35e-01	3.19e-01	1.08e-01	3.04e-02	2.38e-02	1.42e-03	2.77e-05
 6.15800e+22	8.21e-26	3.91e-17	6.68e-14	7.05e-12	3.19e-10	1.05e-08	1.33e-05	1.69e-03	3.91e-02	1.53e-01	3.40e-01	3.13e-01	1.02e-01	2.80e-02	2.13e-02	1.21e-03	2.28e-05
 6.17823e+22	1.12e-25	5.11e-17	8.49e-14	8.71e-12	3.82e-10	1.22e-08	1.49e-05	1.85e-03	4.19e-02	1.59e-01	3.43e-01	3.09e-01	9.81e-02	2.62e-02	1.95e-02	1.08e-03	1.95e-05
 6.19858e+22	1.68e-25	7.18e-17	1.15e-13	1.14e-11	4.81e-10	1.48e-08	1.72e-05	2.08e-03	4.55e-02	1.67e-01	3.47e-01	3.03e-01	9.29e-02	2.41e-02	1.74e-02	9.21e-04	1.60e-05
 6.21916e+22	2.30e-25	9.40e-17	1.47e-13	1.41e-11	5.77e-10	1.72e-08	1.94e-05	2.28e-03	4.87e-02	1.73e-01	3.50e-01	2.98e-01	8.88e-02	2.25e-02	1.59e-02	8.13e-04	1.37e-05
 6.24003e+22	3.46e-25	1.33e-16	2.00e-13	1.85e-11	7.28e-10	2.08e-08	2.24e-05	2.57e-03	5.29e-02	1.82e-01	3.53e-01	2.91e-01	8.38e-02	2.06e-02	1.41e-02	6.91e-04	1.11e-05
 6.26116e+22	4.78e-25	1.75e-16	2.57e-13	2.31e-11	8.76e-10	2.43e-08	2.53e-05	2.82e-03	5.65e-02	1.88e-01	3.55e-01	2.85e-01	7.98e-02	1.91e-02	1.28e-02	6.06e-04	9.45e-06
 6.28265e+22	7.26e-25	2.50e-16	3.54e-13	3.06e-11	1.11e-09	2.96e-08	2.94e-05	3.18e-03	6.14e-02	1.97e-01	3.57e-01	2.77e-01	7.48e-02	1.74e-02	1.13e-02	5.10e-04	7.61e-06
 6.30434e+22	1.01e-24	3.29e-16	4.54e-13	3.81e-11	1.34e-09	3.46e-08	3.32e-05	3.49e-03	6.55e-02	2.04e-01	3.59e-01	2.71e-01	7.10e-02	1.61e-02	1.02e-02	4.47e-04	6.43e-06
 6.32630e+22	1.55e-24	4.75e-16	6.32e-13	5.09e-11	1.72e-09	4.25e-08	3.87e-05	3.94e-03	7.13e-02	2.12e-01	3.59e-01	2.63e-01	6.62e-02	1.45e-02	8.92e-03	3.72e-04	5.11e-06
 6.34836e+22	2.14e-24	6.26e-16	8.10e-13	6.34e-11	2.07e-09	4.95e-08	4.36e-05	4.31e-03	7.59e-02	2.19e-01	3.60e-01	2.56e-01	6.27e-02	1.35e-02	8.06e-03	3.25e-04	4.31e-06
 6.37057e+22	3.30e-24	9.07e-16	1.13e-12	8.51e-11	2.67e-09	6.10e-08	5.11e-05	4.87e-03	8.25e-02	2.28e-01	3.59e-01	2.47e-01	5.82e-02	1.21e-02	7.01e-03	2.69e-04	3.40e-06
 6.39302e+22	4.60e-24	1.20e-15	1.46e-12	1.07e-10	3.23e-09	7.16e-08	5.77e-05	5.35e-03	8.78e-02	2.35e-01	3.59e-01	2.40e-01	5.49e-02	1.11e-02	6.30e-03	2.33e-04	2.83e-06
 6.41580e+22	7.14e-24	1.76e-15	2.06e-12	1.44e-10	4.18e-09	8.86e-08	6.79e-05	6.05e-03	9.53e-02	2.44e-01	3.57e-01	2.31e-01	5.07e-02	9.96e-03	5.44e-03	1.91e-04	2.22e-06
 6.43892e+22	1.00e-23	2.35e-15	2.67e-12	1.82e-10	5.09e-09	1.04e-07	7.70e-05	6.66e-03	1.01e-01	2.51e-01	3.55e-01	2.24e-01	4.75e-02	9.12e-03	4.85e-03	1.64e-04	1.83e-06
 6.45835e+22	1.37e-23	3.06e-15	3.40e-12	2.25e-10	6.11e-09	1.22e-07	8.63e-05	7.26e-03	1.07e-01	2.57e-01	3.53e-01	2.17e-01	4.48e-02	8.40e-03	4.37e-03	1.43e-04	1.53e-06
 6.47948e+22	2.06e-23	4.37e-15	4.69e-12	2.99e-10	7.79e-09	1.49e-07	1.01e-04	8.15e-03	1.16e-01	2.65e-01	3.50e-01	2.08e-01	4.13e-02	7.53e-03	3.78e-03	1.18e-04	1.21e-06
 6.50038e+22	2.77e-23	5.62e-15	5.90e-12	3.66e-10	9.28e-09	1.72e-07	1.12e-04	8.86e-03	1.22e-01	2.71e-01	3.47e-01	2.01e-01	3.89e-02	6.94e-03	3.41e-03	1.02e-04	1.01e-06
 6.52100e+22	4.11e-23	7.92e-15	8.05e-12	4.82e-10	1.18e-08	2.10e-07	1.31e-04	9.91e-03	1.31e-01	2.79e-01	3.43e-01	1.93e-01	3.58e-02	6.22e-03	2.95e-03	8.46e-05	8.00e-07
 6.54202e+22	5.60e-23	1.03e-14	1.02e-11	5.98e-10	1.41e-08	2.46e-07	1.47e-04	1.08e-02	1.38e-01	2.84e-01	3.39e-01	1.86e-01	3.36e-02	5.70e-03	2.64e-03	7.28e-05	6.64e-07
 6.56356e+22	8.43e-23	1.47e-14	1.42e-11	7.99e-10	1.82e-08	3.03e-07	1.72e-04	1.22e-02	1.48e-01	2.92e-01	3.33e-01	1.77e-01	3.07e-02	5.06e-03	2.26e-03	5.93e-05	5.14e-07
 6.58546e+22	1.16e-22	1.94e-14	1.82e-11	1.00e-09	2.21e-08	3.57e-07	1.95e-04	1.33e-02	1.56e-01	2.97e-01	3.29e-01	1.69e-01	2.85e-02	4.60e-03	2.00e-03	5.05e-05	4.21e-07
 6.60780e+22	1.76e-22	2.79e-14	2.54e-11	1.35e-09	2.85e-08	4.44e-07	2.29e-04	1.50e-02	1.68e-01	3.04e-01	3.22e-01	1.60e-01	2.59e-02	4.05e-03	1.70e-03	4.07e-05	3.22e-07
 6.63070e+22	2.45e-22	3.74e-14	3.32e-11	1.71e-09	3.52e-08	5.31e-07	2.62e-04	1.66e-02	1.78e-01	3.09e-01	3.15e-01	1.53e-01	2.38e-02	3.65e-03	1.49e-03	3.41e-05	2.59e-07
 6.65432e+22	3.78e-22	5.45e-14	4.70e-11	2.35e-09	4.63e-08	6.72e-07	3.13e-04	1.88e-02	1.91e-01	3.15e-01	3.07e-01	1.43e-01	2.13e-02	3.17e-03	1.24e-03	2.69e-05	1.93e-07
