#depth	O	O+	O+2	O+3	O+4	O+5	O+6	O+7	O+8	O[1]	O[2]	O[3]
 4.62852e+21	0.00e+00	0.00e+00	0.00e+00	6.09e-26	3.71e-20	9.61e-15	7.59e-09	1.87e-04	1.00e+00	0.00e+00	0.00e+00	0.00e+00
 1.05225e+22	0.00e+00	0.00e+00	2.08e-31	3.70e-25	1.58e-19	2.85e-14	1.56e-08	2.68e-04	1.00e+00	0.00e+00	0.00e+00	0.00e+00
 1.26269e+22	0.00e+00	0.00e+00	8.63e-31	1.21e-24	4.08e-19	5.84e-14	2.52e-08	3.40e-04	1.00e+00	0.00e+00	0.00e+00	0.00e+00
 1.41370e+22	0.00e+00	0.00e+00	2.65e-30	3.08e-24	8.72e-19	1.03e-13	3.68e-08	4.10e-04	1.00e+00	0.00e+00	0.00e+00	0.00e+00
 1.50104e+22	0.00e+00	0.00e+00	3.70e-30	4.08e-24	1.09e-18	1.23e-13	4.11e-08	4.34e-04	1.00e+00	0.00e+00	0.00e+00	0.00e+00
 1.54756e+22	0.00e+00	0.00e+00	5.74e-30	5.89e-24	1.46e-18	1.53e-13	4.77e-08	4.67e-04	1.00e+00	0.00e+00	0.00e+00	0.00e+00
 1.59801e+22	0.00e+00	0.00e+00	8.58e-30	8.23e-24	1.92e-18	1.87e-13	5.45e-08	4.99e-04	1.00e+00	0.00e+00	0.00e+00	0.00e+00
 1.65354e+22	0.00e+00	0.00e+00	1.47e-29	1.29e-23	2.76e-18	2.46e-13	6.54e-08	5.46e-04	9.99e-01	0.00e+00	0.00e+00	0.00e+00
 1.70816e+22	0.00e+00	0.00e+00	2.12e-29	1.75e-23	3.52e-18	2.96e-13	7.38e-08	5.81e-04	9.99e-01	0.00e+00	0.00e+00	0.00e+00
 1.76157e+22	0.00e+00	0.00e+00	3.60e-29	2.73e-23	5.02e-18	3.88e-13	8.82e-08	6.34e-04	9.99e-01	0.00e+00	0.00e+00	0.00e+00
 1.81452e+22	0.00e+00	0.00e+00	5.16e-29	3.69e-23	6.39e-18	4.65e-13	9.95e-08	6.74e-04	9.99e-01	0.00e+00	0.00e+00	0.00e+00
 1.85798e+22	0.00e+00	0.00e+00	7.30e-29	4.93e-23	8.07e-18	5.55e-13	1.12e-07	7.14e-04	9.99e-01	0.00e+00	0.00e+00	0.00e+00
 1.89856e+22	0.00e+00	0.00e+00	1.02e-28	6.53e-23	1.01e-17	6.58e-13	1.25e-07	7.55e-04	9.99e-01	0.00e+00	0.00e+00	0.00e+00
 1.93830e+22	0.00e+00	0.00e+00	1.42e-28	8.61e-23	1.26e-17	7.79e-13	1.40e-07	7.98e-04	9.99e-01	0.00e+00	0.00e+00	0.00e+00
 1.97799e+22	0.00e+00	0.00e+00	1.98e-28	1.14e-22	1.58e-17	9.22e-13	1.56e-07	8.43e-04	9.99e-01	0.00e+00	0.00e+00	0.00e+00
 2.02362e+22	0.00e+00	0.00e+00	3.02e-28	1.62e-22	2.10e-17	1.14e-12	1.80e-07	9.05e-04	9.99e-01	0.00e+00	0.00e+00	0.00e+00
 2.06958e+22	0.00e+00	0.00e+00	4.25e-28	2.15e-22	2.64e-17	1.36e-12	2.02e-07	9.58e-04	9.99e-01	0.00e+00	0.00e+00	0.00e+00
 2.10912e+22	0.00e+00	0.00e+00	5.87e-28	2.82e-22	3.28e-17	1.60e-12	2.25e-07	1.01e-03	9.99e-01	0.00e+00	0.00e+00	0.00e+00
 2.15368e+22	0.00e+00	0.00e+00	8.88e-28	3.98e-22	4.33e-17	1.98e-12	2.59e-07	1.08e-03	9.99e-01	0.00e+00	0.00e+00	0.00e+00
 2.19894e+22	0.00e+00	1.80e-34	1.24e-27	5.26e-22	5.43e-17	2.34e-12	2.89e-07	1.15e-03	9.99e-01	0.00e+00	0.00e+00	0.00e+00
 2.24513e+22	0.00e+00	2.96e-34	1.90e-27	7.52e-22	7.24e-17	2.92e-12	3.34e-07	1.23e-03	9.99e-01	0.00e+00	0.00e+00	0.00e+00
 2.28744e+22	0.00e+00	4.15e-34	2.54e-27	9.59e-22	8.80e-17	3.38e-12	3.68e-07	1.29e-03	9.99e-01	0.00e+00	0.00e+00	0.00e+00
 2.31935e+22	0.00e+00	5.65e-34	3.31e-27	1.20e-21	1.05e-16	3.87e-12	4.03e-07	1.35e-03	9.99e-01	0.00e+00	0.00e+00	0.00e+00
 2.35545e+22	0.00e+00	8.18e-34	4.56e-27	1.56e-21	1.30e-16	4.55e-12	4.48e-07	1.42e-03	9.99e-01	0.00e+00	0.00e+00	0.00e+00
 2.39412e+22	0.00e+00	1.16e-33	6.15e-27	2.01e-21	1.60e-16	5.31e-12	4.96e-07	1.50e-03	9.99e-01	0.00e+00	0.00e+00	0.00e+00
 2.42932e+22	0.00e+00	1.62e-33	8.19e-27	2.55e-21	1.94e-16	6.15e-12	5.46e-07	1.57e-03	9.98e-01	0.00e+00	0.00e+00	0.00e+00
 2.46292e+22	0.00e+00	2.24e-33	1.08e-26	3.22e-21	2.34e-16	7.09e-12	6.00e-07	1.64e-03	9.98e-01	0.00e+00	0.00e+00	0.00e+00
 2.50126e+22	0.00e+00	3.28e-33	1.51e-26	4.25e-21	2.92e-16	8.41e-12	6.71e-07	1.74e-03	9.98e-01	0.00e+00	0.00e+00	0.00e+00
 2.54160e+22	0.00e+00	4.77e-33	2.07e-26	5.56e-21	3.63e-16	9.89e-12	7.47e-07	1.83e-03	9.98e-01	0.00e+00	0.00e+00	0.00e+00
 2.57639e+22	0.00e+00	6.60e-33	2.74e-26	7.03e-21	4.38e-16	1.14e-11	8.21e-07	1.92e-03	9.98e-01	0.00e+00	0.00e+00	0.00e+00
 2.61349e+22	0.00e+00	9.64e-33	3.80e-26	9.24e-21	5.46e-16	1.35e-11	9.17e-07	2.03e-03	9.98e-01	0.00e+00	0.00e+00	0.00e+00
 2.64959e+22	0.00e+00	1.32e-32	4.99e-26	1.16e-20	6.56e-16	1.55e-11	1.00e-06	2.12e-03	9.98e-01	0.00e+00	0.00e+00	0.00e+00
 2.67820e+22	0.00e+00	1.73e-32	6.28e-26	1.41e-20	7.66e-16	1.74e-11	1.09e-06	2.21e-03	9.98e-01	0.00e+00	0.00e+00	0.00e+00
 2.70921e+22	0.00e+00	2.36e-32	8.20e-26	1.76e-20	9.18e-16	2.00e-11	1.19e-06	2.31e-03	9.98e-01	0.00e+00	0.00e+00	0.00e+00
 2.74301e+22	0.00e+00	3.20e-32	1.07e-25	2.19e-20	1.10e-15	2.29e-11	1.30e-06	2.41e-03	9.98e-01	0.00e+00	0.00e+00	0.00e+00
 2.77409e+22	0.00e+00	4.28e-32	1.37e-25	2.70e-20	1.30e-15	2.60e-11	1.41e-06	2.51e-03	9.97e-01	0.00e+00	0.00e+00	0.00e+00
 2.80342e+22	0.00e+00	5.66e-32	1.74e-25	3.31e-20	1.53e-15	2.95e-11	1.53e-06	2.62e-03	9.97e-01	0.00e+00	0.00e+00	0.00e+00
 2.83682e+22	0.00e+00	7.88e-32	2.32e-25	4.21e-20	1.86e-15	3.42e-11	1.69e-06	2.74e-03	9.97e-01	0.00e+00	0.00e+00	0.00e+00
 2.87189e+22	0.00e+00	1.09e-31	3.06e-25	5.31e-20	2.24e-15	3.94e-11	1.85e-06	2.87e-03	9.97e-01	0.00e+00	0.00e+00	0.00e+00
 2.90192e+22	0.00e+00	1.44e-31	3.89e-25	6.49e-20	2.63e-15	4.46e-11	2.01e-06	2.99e-03	9.97e-01	0.00e+00	0.00e+00	0.00e+00
 2.92793e+22	0.00e+00	1.84e-31	4.80e-25	7.74e-20	3.03e-15	4.96e-11	2.16e-06	3.10e-03	9.97e-01	0.00e+00	0.00e+00	0.00e+00
 2.95591e+22	0.00e+00	2.42e-31	6.08e-25	9.44e-20	3.56e-15	5.61e-11	2.34e-06	3.22e-03	9.97e-01	0.00e+00	0.00e+00	0.00e+00
 2.98619e+22	0.00e+00	3.20e-31	7.72e-25	1.15e-19	4.18e-15	6.34e-11	2.53e-06	3.36e-03	9.97e-01	0.00e+00	0.00e+00	0.00e+00
 3.01386e+22	0.00e+00	4.13e-31	9.62e-25	1.39e-19	4.86e-15	7.10e-11	2.73e-06	3.48e-03	9.97e-01	0.00e+00	0.00e+00	0.00e+00
 3.04424e+22	0.00e+00	5.62e-31	1.25e-24	1.73e-19	5.81e-15	8.14e-11	2.99e-06	3.64e-03	9.96e-01	0.00e+00	0.00e+00	0.00e+00
 3.07565e+22	0.00e+00	7.52e-31	1.61e-24	2.13e-19	6.88e-15	9.25e-11	3.25e-06	3.79e-03	9.96e-01	0.00e+00	0.00e+00	0.00e+00
 3.10199e+22	0.00e+00	9.57e-31	1.98e-24	2.54e-19	7.92e-15	1.03e-10	3.49e-06	3.93e-03	9.96e-01	0.00e+00	0.00e+00	0.00e+00
 3.12980e+22	0.00e+00	1.27e-30	2.52e-24	3.11e-19	9.33e-15	1.17e-10	3.78e-06	4.09e-03	9.96e-01	0.00e+00	0.00e+00	0.00e+00
 3.15968e+22	0.00e+00	1.66e-30	3.19e-24	3.78e-19	1.09e-14	1.31e-10	4.09e-06	4.25e-03	9.96e-01	0.00e+00	0.00e+00	0.00e+00
 3.18714e+22	0.00e+00	2.15e-30	3.98e-24	4.56e-19	1.27e-14	1.47e-10	4.41e-06	4.41e-03	9.96e-01	0.00e+00	0.00e+00	0.00e+00
 3.21199e+22	0.00e+00	2.71e-30	4.86e-24	5.38e-19	1.45e-14	1.63e-10	4.72e-06	4.56e-03	9.95e-01	0.00e+00	0.00e+00	0.00e+00
 3.23492e+22	0.00e+00	3.36e-30	5.84e-24	6.28e-19	1.64e-14	1.79e-10	5.03e-06	4.71e-03	9.95e-01	0.00e+00	0.00e+00	0.00e+00
 3.26112e+22	0.00e+00	4.35e-30	7.29e-24	7.57e-19	1.91e-14	2.01e-10	5.42e-06	4.88e-03	9.95e-01	0.00e+00	0.00e+00	0.00e+00
 3.28924e+22	0.00e+00	5.64e-30	9.11e-24	9.12e-19	2.22e-14	2.25e-10	5.84e-06	5.07e-03	9.95e-01	0.00e+00	0.00e+00	0.00e+00
 3.31452e+22	0.00e+00	7.15e-30	1.12e-23	1.08e-18	2.55e-14	2.50e-10	6.26e-06	5.25e-03	9.95e-01	0.00e+00	0.00e+00	0.00e+00
 3.34206e+22	0.00e+00	9.46e-30	1.42e-23	1.32e-18	3.00e-14	2.83e-10	6.79e-06	5.46e-03	9.95e-01	0.00e+00	0.00e+00	0.00e+00
 3.37000e+22	0.00e+00	1.22e-29	1.77e-23	1.59e-18	3.47e-14	3.17e-10	7.31e-06	5.66e-03	9.94e-01	0.00e+00	0.00e+00	0.00e+00
 3.39343e+22	0.00e+00	1.52e-29	2.13e-23	1.86e-18	3.95e-14	3.49e-10	7.79e-06	5.85e-03	9.94e-01	0.00e+00	0.00e+00	0.00e+00
 3.41889e+22	0.00e+00	1.96e-29	2.66e-23	2.24e-18	4.59e-14	3.91e-10	8.40e-06	6.07e-03	9.94e-01	0.00e+00	0.00e+00	0.00e+00
 3.44629e+22	0.00e+00	2.54e-29	3.31e-23	2.69e-18	5.32e-14	4.37e-10	9.05e-06	6.29e-03	9.94e-01	0.00e+00	0.00e+00	0.00e+00
 3.47127e+22	0.00e+00	3.19e-29	4.04e-23	3.18e-18	6.08e-14	4.84e-10	9.68e-06	6.51e-03	9.93e-01	0.00e+00	0.00e+00	0.00e+00
 3.49881e+22	0.00e+00	4.22e-29	5.13e-23	3.88e-18	7.15e-14	5.48e-10	1.05e-05	6.77e-03	9.93e-01	0.00e+00	0.00e+00	0.00e+00
 3.52634e+22	0.00e+00	5.41e-29	6.35e-23	4.63e-18	8.25e-14	6.10e-10	1.13e-05	7.02e-03	9.93e-01	0.00e+00	0.00e+00	0.00e+00
 3.54896e+22	0.00e+00	6.70e-29	7.63e-23	5.40e-18	9.33e-14	6.70e-10	1.20e-05	7.24e-03	9.93e-01	0.00e+00	0.00e+00	0.00e+00
 3.57348e+22	0.00e+00	8.58e-29	9.44e-23	6.46e-18	1.08e-13	7.48e-10	1.29e-05	7.50e-03	9.92e-01	0.00e+00	0.00e+00	0.00e+00
 3.60010e+22	0.00e+00	1.10e-28	1.17e-22	7.73e-18	1.25e-13	8.34e-10	1.39e-05	7.78e-03	9.92e-01	0.00e+00	0.00e+00	0.00e+00
 3.62472e+22	0.00e+00	1.38e-28	1.42e-22	9.11e-18	1.42e-13	9.22e-10	1.48e-05	8.04e-03	9.92e-01	0.00e+00	0.00e+00	0.00e+00
 3.65200e+22	0.00e+00	1.83e-28	1.81e-22	1.11e-17	1.67e-13	1.04e-09	1.61e-05	8.37e-03	9.92e-01	0.00e+00	0.00e+00	0.00e+00
 3.67929e+22	0.00e+00	2.34e-28	2.23e-22	1.33e-17	1.93e-13	1.16e-09	1.73e-05	8.67e-03	9.91e-01	0.00e+00	0.00e+00	0.00e+00
 3.70174e+22	0.00e+00	2.90e-28	2.68e-22	1.55e-17	2.18e-13	1.27e-09	1.84e-05	8.94e-03	9.91e-01	0.00e+00	0.00e+00	0.00e+00
 3.72607e+22	0.00e+00	3.72e-28	3.32e-22	1.85e-17	2.52e-13	1.42e-09	1.98e-05	9.27e-03	9.91e-01	0.00e+00	0.00e+00	0.00e+00
 3.75243e+22	0.00e+00	4.79e-28	4.13e-22	2.22e-17	2.91e-13	1.58e-09	2.13e-05	9.61e-03	9.90e-01	0.00e+00	0.00e+00	0.00e+00
 3.77660e+22	2.39e-35	5.99e-28	5.00e-22	2.60e-17	3.31e-13	1.75e-09	2.27e-05	9.93e-03	9.90e-01	0.00e+00	0.00e+00	0.00e+00
 3.80319e+22	3.36e-35	8.05e-28	6.44e-22	3.21e-17	3.92e-13	1.98e-09	2.47e-05	1.04e-02	9.90e-01	0.00e+00	0.00e+00	0.00e+00
 3.82908e+22	4.33e-35	1.01e-27	7.78e-22	3.76e-17	4.45e-13	2.18e-09	2.63e-05	1.07e-02	9.89e-01	0.00e+00	0.00e+00	0.00e+00
 3.85408e+22	5.82e-35	1.30e-27	9.71e-22	4.53e-17	5.16e-13	2.44e-09	2.84e-05	1.11e-02	9.89e-01	0.00e+00	0.00e+00	0.00e+00
 3.88052e+22	7.81e-35	1.68e-27	1.21e-21	5.43e-17	5.96e-13	2.71e-09	3.06e-05	1.15e-02	9.88e-01	0.00e+00	0.00e+00	0.00e+00
 3.90388e+22	1.01e-34	2.10e-27	1.46e-21	6.36e-17	6.76e-13	2.98e-09	3.26e-05	1.19e-02	9.88e-01	0.00e+00	0.00e+00	0.00e+00
 3.92931e+22	1.37e-34	2.75e-27	1.84e-21	7.70e-17	7.88e-13	3.35e-09	3.52e-05	1.24e-02	9.88e-01	0.00e+00	0.00e+00	0.00e+00
 3.95625e+22	1.84e-34	3.55e-27	2.29e-21	9.25e-17	9.12e-13	3.73e-09	3.79e-05	1.28e-02	9.87e-01	0.00e+00	0.00e+00	0.00e+00
 3.97943e+22	2.40e-34	4.47e-27	2.78e-21	1.09e-16	1.04e-12	4.10e-09	4.05e-05	1.33e-02	9.87e-01	0.00e+00	0.00e+00	0.00e+00
 4.00050e+22	3.04e-34	5.49e-27	3.32e-21	1.26e-16	1.17e-12	4.48e-09	4.30e-05	1.37e-02	9.86e-01	0.00e+00	0.00e+00	0.00e+00
 4.02456e+22	4.11e-34	7.15e-27	4.15e-21	1.52e-16	1.35e-12	5.00e-09	4.63e-05	1.42e-02	9.86e-01	0.00e+00	0.00e+00	0.00e+00
 4.05003e+22	5.50e-34	9.20e-27	5.15e-21	1.81e-16	1.56e-12	5.55e-09	4.98e-05	1.47e-02	9.85e-01	0.00e+00	0.00e+00	0.00e+00
 4.07295e+22	7.19e-34	1.16e-26	6.28e-21	2.13e-16	1.77e-12	6.10e-09	5.32e-05	1.52e-02	9.85e-01	0.00e+00	0.00e+00	0.00e+00
 4.09835e+22	1.01e-33	1.57e-26	8.09e-21	2.63e-16	2.09e-12	6.90e-09	5.79e-05	1.59e-02	9.84e-01	0.00e+00	0.00e+00	0.00e+00
 4.12327e+22	1.32e-33	1.97e-26	9.83e-21	3.09e-16	2.38e-12	7.57e-09	6.17e-05	1.64e-02	9.84e-01	0.00e+00	0.00e+00	0.00e+00
 4.14432e+22	1.71e-33	2.46e-26	1.19e-20	3.61e-16	2.69e-12	8.29e-09	6.57e-05	1.69e-02	9.83e-01	0.00e+00	0.00e+00	0.00e+00
 4.16845e+22	2.37e-33	3.27e-26	1.51e-20	4.41e-16	3.14e-12	9.29e-09	7.12e-05	1.76e-02	9.82e-01	0.00e+00	0.00e+00	0.00e+00
 4.19307e+22	3.11e-33	4.14e-26	1.85e-20	5.20e-16	3.58e-12	1.02e-08	7.61e-05	1.82e-02	9.82e-01	0.00e+00	0.00e+00	0.00e+00
 4.21499e+22	4.11e-33	5.26e-26	2.26e-20	6.15e-16	4.08e-12	1.12e-08	8.14e-05	1.89e-02	9.81e-01	0.00e+00	0.00e+00	0.00e+00
 4.24015e+22	5.87e-33	7.17e-26	2.94e-20	7.62e-16	4.83e-12	1.27e-08	8.87e-05	1.97e-02	9.80e-01	0.00e+00	0.00e+00	0.00e+00
 4.26444e+22	7.64e-33	9.01e-26	3.56e-20	8.94e-16	5.47e-12	1.39e-08	9.45e-05	2.04e-02	9.80e-01	0.00e+00	0.00e+00	0.00e+00
 4.28455e+22	9.87e-33	1.12e-25	4.30e-20	1.04e-15	6.18e-12	1.52e-08	1.01e-04	2.10e-02	9.79e-01	0.00e+00	0.00e+00	0.00e+00
 4.30762e+22	1.38e-32	1.50e-25	5.48e-20	1.27e-15	7.21e-12	1.70e-08	1.09e-04	2.19e-02	9.78e-01	0.00e+00	0.00e+00	0.00e+00
 4.33107e+22	1.83e-32	1.91e-25	6.73e-20	1.51e-15	8.23e-12	1.86e-08	1.16e-04	2.27e-02	9.77e-01	0.00e+00	0.00e+00	0.00e+00
 4.35156e+22	2.40e-32	2.42e-25	8.22e-20	1.78e-15	9.35e-12	2.04e-08	1.24e-04	2.34e-02	9.76e-01	0.00e+00	0.00e+00	0.00e+00
 4.37472e+22	3.39e-32	3.26e-25	1.06e-19	2.18e-15	1.10e-11	2.29e-08	1.35e-04	2.44e-02	9.75e-01	0.00e+00	0.00e+00	0.00e+00
 4.39835e+22	4.49e-32	4.16e-25	1.30e-19	2.58e-15	1.25e-11	2.52e-08	1.44e-04	2.53e-02	9.75e-01	0.00e+00	0.00e+00	0.00e+00
 4.41887e+22	5.99e-32	5.33e-25	1.60e-19	3.06e-15	1.43e-11	2.76e-08	1.54e-04	2.62e-02	9.74e-01	0.00e+00	0.00e+00	0.00e+00
 4.43822e+22	7.76e-32	6.67e-25	1.93e-19	3.58e-15	1.61e-11	3.01e-08	1.64e-04	2.70e-02	9.73e-01	0.00e+00	0.00e+00	0.00e+00
 4.45976e+22	1.07e-31	8.79e-25	2.44e-19	4.33e-15	1.87e-11	3.35e-08	1.77e-04	2.81e-02	9.72e-01	0.00e+00	0.00e+00	0.00e+00
 4.48230e+22	1.44e-31	1.14e-24	3.03e-19	5.17e-15	2.14e-11	3.69e-08	1.90e-04	2.91e-02	9.71e-01	0.00e+00	0.00e+00	0.00e+00
 4.50240e+22	1.90e-31	1.44e-24	3.70e-19	6.09e-15	2.44e-11	4.04e-08	2.02e-04	3.00e-02	9.70e-01	0.00e+00	0.00e+00	0.00e+00
 4.52478e+22	2.69e-31	1.95e-24	4.77e-19	7.50e-15	2.86e-11	4.53e-08	2.20e-04	3.13e-02	9.68e-01	0.00e+00	0.00e+00	0.00e+00
 4.54698e+22	3.59e-31	2.50e-24	5.88e-19	8.90e-15	3.27e-11	4.98e-08	2.35e-04	3.24e-02	9.67e-01	0.00e+00	0.00e+00	0.00e+00
 4.56576e+22	4.69e-31	3.15e-24	7.15e-19	1.05e-14	3.70e-11	5.44e-08	2.50e-04	3.34e-02	9.66e-01	0.00e+00	0.00e+00	0.00e+00
 4.58699e+22	6.57e-31	4.21e-24	9.13e-19	1.28e-14	4.32e-11	6.07e-08	2.70e-04	3.48e-02	9.65e-01	0.00e+00	0.00e+00	0.00e+00
 4.60918e+22	8.91e-31	5.47e-24	1.14e-18	1.53e-14	4.97e-11	6.70e-08	2.90e-04	3.60e-02	9.64e-01	0.00e+00	0.00e+00	0.00e+00
 4.62873e+22	1.18e-30	6.96e-24	1.39e-18	1.81e-14	5.66e-11	7.35e-08	3.09e-04	3.72e-02	9.62e-01	0.00e+00	0.00e+00	0.00e+00
 4.65030e+22	1.67e-30	9.42e-24	1.80e-18	2.23e-14	6.65e-11	8.25e-08	3.35e-04	3.88e-02	9.61e-01	0.00e+00	0.00e+00	0.00e+00
 4.67231e+22	2.27e-30	1.23e-23	2.25e-18	2.67e-14	7.66e-11	9.11e-08	3.60e-04	4.02e-02	9.59e-01	0.00e+00	0.00e+00	0.00e+00
 4.69160e+22	3.03e-30	1.58e-23	2.78e-18	3.18e-14	8.76e-11	1.00e-07	3.84e-04	4.16e-02	9.58e-01	0.00e+00	0.00e+00	0.00e+00
 4.71040e+22	4.03e-30	2.01e-23	3.41e-18	3.76e-14	9.99e-11	1.10e-07	4.10e-04	4.29e-02	9.57e-01	0.00e+00	0.00e+00	0.00e+00
 4.73187e+22	5.75e-30	2.74e-23	4.42e-18	4.66e-14	1.18e-10	1.24e-07	4.45e-04	4.47e-02	9.55e-01	0.00e+00	0.00e+00	0.00e+00
 4.75398e+22	7.86e-30	3.58e-23	5.55e-18	5.61e-14	1.36e-10	1.37e-07	4.78e-04	4.63e-02	9.53e-01	0.00e+00	0.00e+00	0.00e+00
 4.77377e+22	1.07e-29	4.67e-23	6.94e-18	6.74e-14	1.57e-10	1.52e-07	5.13e-04	4.80e-02	9.52e-01	0.00e+00	0.00e+00	0.00e+00
 4.79633e+22	1.57e-29	6.50e-23	9.18e-18	8.48e-14	1.88e-10	1.72e-07	5.60e-04	5.01e-02	9.49e-01	0.00e+00	0.00e+00	0.00e+00
 4.81958e+22	2.22e-29	8.77e-23	1.18e-17	1.04e-13	2.20e-10	1.93e-07	6.06e-04	5.21e-02	9.47e-01	0.00e+00	0.00e+00	0.00e+00
 4.83859e+22	2.94e-29	1.12e-22	1.45e-17	1.24e-13	2.51e-10	2.11e-07	6.46e-04	5.37e-02	9.46e-01	0.00e+00	0.00e+00	0.00e+00
 4.85818e+22	4.14e-29	1.50e-22	1.86e-17	1.52e-13	2.95e-10	2.37e-07	6.97e-04	5.58e-02	9.43e-01	0.00e+00	0.00e+00	0.00e+00
 4.87866e+22	5.58e-29	1.95e-22	2.32e-17	1.82e-13	3.39e-10	2.61e-07	7.46e-04	5.77e-02	9.42e-01	0.00e+00	0.00e+00	0.00e+00
 4.89742e+22	7.74e-29	2.58e-22	2.94e-17	2.21e-13	3.94e-10	2.91e-07	8.02e-04	5.98e-02	9.39e-01	0.00e+00	0.00e+00	0.00e+00
 4.91406e+22	1.00e-28	3.23e-22	3.56e-17	2.58e-13	4.45e-10	3.17e-07	8.50e-04	6.15e-02	9.38e-01	0.00e+00	0.00e+00	0.00e+00
 4.93083e+22	1.34e-28	4.16e-22	4.40e-17	3.08e-13	5.10e-10	3.49e-07	9.07e-04	6.35e-02	9.36e-01	0.00e+00	0.00e+00	0.00e+00
 4.94745e+22	1.73e-28	5.16e-22	5.28e-17	3.57e-13	5.73e-10	3.79e-07	9.59e-04	6.52e-02	9.34e-01	0.00e+00	0.00e+00	0.00e+00
 4.96114e+22	2.17e-28	6.30e-22	6.26e-17	4.11e-13	6.38e-10	4.09e-07	1.01e-03	6.69e-02	9.32e-01	0.00e+00	0.00e+00	0.00e+00
 4.97619e+22	2.86e-28	8.00e-22	7.65e-17	4.85e-13	7.25e-10	4.48e-07	1.07e-03	6.89e-02	9.30e-01	0.00e+00	0.00e+00	0.00e+00
 4.99181e+22	3.68e-28	9.94e-22	9.20e-17	5.64e-13	8.15e-10	4.86e-07	1.13e-03	7.08e-02	9.28e-01	0.00e+00	0.00e+00	0.00e+00
 5.00563e+22	4.68e-28	1.22e-21	1.10e-16	6.51e-13	9.12e-10	5.26e-07	1.20e-03	7.26e-02	9.26e-01	0.00e+00	0.00e+00	0.00e+00
 5.01841e+22	5.89e-28	1.49e-21	1.30e-16	7.48e-13	1.01e-09	5.67e-07	1.26e-03	7.44e-02	9.24e-01	0.00e+00	0.00e+00	0.00e+00
 5.03035e+22	7.17e-28	1.77e-21	1.50e-16	8.42e-13	1.11e-09	6.06e-07	1.31e-03	7.59e-02	9.23e-01	0.00e+00	0.00e+00	0.00e+00
 5.04384e+22	9.42e-28	2.24e-21	1.83e-16	9.92e-13	1.26e-09	6.62e-07	1.39e-03	7.81e-02	9.20e-01	0.00e+00	0.00e+00	0.00e+00
 5.05765e+22	1.19e-27	2.74e-21	2.17e-16	1.14e-12	1.41e-09	7.15e-07	1.46e-03	8.00e-02	9.19e-01	0.00e+00	0.00e+00	0.00e+00
 5.06993e+22	1.49e-27	3.33e-21	2.56e-16	1.31e-12	1.57e-09	7.70e-07	1.54e-03	8.19e-02	9.17e-01	0.00e+00	0.00e+00	0.00e+00
 5.08163e+22	1.86e-27	4.02e-21	3.00e-16	1.49e-12	1.73e-09	8.27e-07	1.61e-03	8.38e-02	9.15e-01	0.00e+00	0.00e+00	0.00e+00
 5.09279e+22	2.30e-27	4.83e-21	3.51e-16	1.70e-12	1.91e-09	8.87e-07	1.69e-03	8.56e-02	9.13e-01	0.00e+00	0.00e+00	0.00e+00
 5.10554e+22	2.98e-27	6.06e-21	4.25e-16	1.99e-12	2.16e-09	9.66e-07	1.78e-03	8.79e-02	9.10e-01	0.00e+00	0.00e+00	0.00e+00
 5.11866e+22	3.80e-27	7.47e-21	5.07e-16	2.30e-12	2.42e-09	1.05e-06	1.88e-03	9.01e-02	9.08e-01	0.00e+00	0.00e+00	0.00e+00
 5.13000e+22	4.71e-27	9.00e-21	5.93e-16	2.62e-12	2.67e-09	1.12e-06	1.97e-03	9.21e-02	9.06e-01	0.00e+00	0.00e+00	0.00e+00
 5.14249e+22	6.21e-27	1.14e-20	7.26e-16	3.09e-12	3.04e-09	1.23e-06	2.08e-03	9.46e-02	9.03e-01	0.00e+00	0.00e+00	0.00e+00
 5.15531e+22	7.93e-27	1.41e-20	8.68e-16	3.58e-12	3.40e-09	1.33e-06	2.19e-03	9.70e-02	9.01e-01	0.00e+00	0.00e+00	0.00e+00
 5.16593e+22	9.70e-27	1.68e-20	1.01e-15	4.04e-12	3.74e-09	1.42e-06	2.29e-03	9.89e-02	8.99e-01	0.00e+00	0.00e+00	0.00e+00
 5.17711e+22	1.26e-26	2.10e-20	1.22e-15	4.73e-12	4.22e-09	1.54e-06	2.42e-03	1.01e-01	8.96e-01	0.00e+00	0.00e+00	0.00e+00
 5.18855e+22	1.57e-26	2.55e-20	1.43e-15	5.41e-12	4.68e-09	1.66e-06	2.53e-03	1.04e-01	8.94e-01	0.00e+00	0.00e+00	0.00e+00
 5.19872e+22	1.96e-26	3.08e-20	1.68e-15	6.18e-12	5.18e-09	1.78e-06	2.65e-03	1.06e-01	8.91e-01	0.00e+00	0.00e+00	0.00e+00
 5.21034e+22	2.60e-26	3.94e-20	2.07e-15	7.33e-12	5.91e-09	1.95e-06	2.81e-03	1.09e-01	8.88e-01	0.00e+00	0.00e+00	0.00e+00
 5.22207e+22	3.29e-26	4.83e-20	2.46e-15	8.45e-12	6.60e-09	2.11e-06	2.95e-03	1.11e-01	8.86e-01	0.00e+00	0.00e+00	0.00e+00
 5.23237e+22	4.16e-26	5.91e-20	2.92e-15	9.72e-12	7.35e-09	2.27e-06	3.09e-03	1.14e-01	8.83e-01	0.00e+00	0.00e+00	0.00e+00
 5.24418e+22	5.70e-26	7.76e-20	3.68e-15	1.18e-11	8.50e-09	2.52e-06	3.30e-03	1.17e-01	8.79e-01	0.00e+00	0.00e+00	0.00e+00
 5.25579e+22	7.13e-26	9.41e-20	4.33e-15	1.35e-11	9.43e-09	2.70e-06	3.45e-03	1.20e-01	8.77e-01	0.00e+00	0.00e+00	0.00e+00
 5.26715e+22	9.78e-26	1.24e-19	5.46e-15	1.63e-11	1.09e-08	2.99e-06	3.68e-03	1.23e-01	8.73e-01	0.00e+00	0.00e+00	0.00e+00
 5.27850e+22	1.23e-25	1.50e-19	6.45e-15	1.87e-11	1.21e-08	3.22e-06	3.86e-03	1.26e-01	8.70e-01	0.00e+00	0.00e+00	0.00e+00
 5.28983e+22	1.70e-25	2.00e-19	8.21e-15	2.27e-11	1.41e-08	3.58e-06	4.12e-03	1.30e-01	8.66e-01	0.00e+00	0.00e+00	0.00e+00
 5.30115e+22	2.15e-25	2.45e-19	9.75e-15	2.62e-11	1.57e-08	3.86e-06	4.32e-03	1.33e-01	8.63e-01	0.00e+00	0.00e+00	0.00e+00
 5.31246e+22	3.02e-25	3.28e-19	1.25e-14	3.21e-11	1.84e-08	4.30e-06	4.62e-03	1.37e-01	8.58e-01	0.00e+00	0.00e+00	0.00e+00
 5.32361e+22	3.81e-25	4.01e-19	1.48e-14	3.70e-11	2.05e-08	4.63e-06	4.84e-03	1.40e-01	8.55e-01	0.00e+00	0.00e+00	0.00e+00
 5.33453e+22	5.27e-25	5.31e-19	1.88e-14	4.50e-11	2.38e-08	5.14e-06	5.17e-03	1.44e-01	8.51e-01	0.00e+00	0.00e+00	0.00e+00
 5.34534e+22	6.71e-25	6.54e-19	2.24e-14	5.20e-11	2.66e-08	5.55e-06	5.42e-03	1.47e-01	8.47e-01	0.00e+00	0.00e+00	0.00e+00
 5.35599e+22	9.25e-25	8.63e-19	2.83e-14	6.32e-11	3.09e-08	6.15e-06	5.78e-03	1.52e-01	8.43e-01	0.00e+00	0.00e+00	0.00e+00
 5.36684e+22	1.20e-24	1.08e-18	3.43e-14	7.39e-11	3.49e-08	6.68e-06	6.09e-03	1.55e-01	8.39e-01	0.00e+00	0.00e+00	0.00e+00
 5.37795e+22	1.69e-24	1.45e-18	4.40e-14	9.08e-11	4.09e-08	7.45e-06	6.52e-03	1.60e-01	8.33e-01	0.00e+00	0.00e+00	0.00e+00
 5.38923e+22	2.21e-24	1.83e-18	5.37e-14	1.07e-10	4.63e-08	8.13e-06	6.88e-03	1.64e-01	8.29e-01	0.00e+00	0.00e+00	0.00e+00
 5.40073e+22	3.17e-24	2.50e-18	6.99e-14	1.33e-10	5.47e-08	9.12e-06	7.39e-03	1.69e-01	8.23e-01	0.00e+00	0.00e+00	0.00e+00
 5.41227e+22	4.17e-24	3.16e-18	8.54e-14	1.57e-10	6.22e-08	9.96e-06	7.81e-03	1.73e-01	8.19e-01	0.00e+00	0.00e+00	0.00e+00
 5.42385e+22	5.98e-24	4.32e-18	1.11e-13	1.95e-10	7.36e-08	1.12e-05	8.40e-03	1.79e-01	8.13e-01	0.00e+00	0.00e+00	0.00e+00
 5.43520e+22	7.75e-24	5.41e-18	1.35e-13	2.29e-10	8.31e-08	1.22e-05	8.85e-03	1.83e-01	8.08e-01	0.00e+00	0.00e+00	0.00e+00
 5.44625e+22	1.10e-23	7.30e-18	1.74e-13	2.82e-10	9.77e-08	1.36e-05	9.48e-03	1.89e-01	8.02e-01	0.00e+00	0.00e+00	0.00e+00
 5.45731e+22	1.41e-23	9.08e-18	2.09e-13	3.29e-10	1.10e-07	1.48e-05	9.98e-03	1.93e-01	7.97e-01	0.00e+00	0.00e+00	0.00e+00
 5.46837e+22	1.98e-23	1.22e-17	2.68e-13	4.04e-10	1.29e-07	1.65e-05	1.07e-02	1.99e-01	7.91e-01	0.00e+00	0.00e+00	0.00e+00
 5.47964e+22	2.57e-23	1.52e-17	3.25e-13	4.74e-10	1.46e-07	1.80e-05	1.13e-02	2.03e-01	7.85e-01	0.00e+00	0.00e+00	0.00e+00
 5.49118e+22	3.63e-23	2.05e-17	4.18e-13	5.85e-10	1.72e-07	2.01e-05	1.21e-02	2.10e-01	7.78e-01	0.00e+00	0.00e+00	0.00e+00
 5.50292e+22	4.71e-23	2.57e-17	5.07e-13	6.87e-10	1.94e-07	2.19e-05	1.27e-02	2.14e-01	7.73e-01	0.00e+00	0.00e+00	0.00e+00
 5.51492e+22	6.61e-23	3.45e-17	6.51e-13	8.45e-10	2.29e-07	2.45e-05	1.37e-02	2.21e-01	7.65e-01	0.00e+00	0.00e+00	0.00e+00
 5.52726e+22	8.68e-23	4.36e-17	7.96e-13	1.00e-09	2.61e-07	2.69e-05	1.45e-02	2.26e-01	7.59e-01	0.00e+00	0.00e+00	0.00e+00
 5.53997e+22	1.23e-22	5.88e-17	1.03e-12	1.24e-09	3.07e-07	3.01e-05	1.55e-02	2.33e-01	7.51e-01	0.00e+00	0.00e+00	0.00e+00
 5.55242e+22	1.57e-22	7.28e-17	1.23e-12	1.44e-09	3.46e-07	3.28e-05	1.63e-02	2.38e-01	7.46e-01	0.00e+00	0.00e+00	0.00e+00
 5.56464e+22	2.18e-22	9.66e-17	1.57e-12	1.76e-09	4.06e-07	3.66e-05	1.75e-02	2.45e-01	7.38e-01	0.00e+00	0.00e+00	0.00e+00
 5.57711e+22	2.77e-22	1.19e-16	1.88e-12	2.04e-09	4.56e-07	3.97e-05	1.84e-02	2.50e-01	7.32e-01	0.00e+00	0.00e+00	0.00e+00
 5.58990e+22	3.84e-22	1.58e-16	2.39e-12	2.50e-09	5.34e-07	4.43e-05	1.97e-02	2.57e-01	7.23e-01	0.00e+00	0.00e+00	0.00e+00
 5.60307e+22	4.93e-22	1.96e-16	2.87e-12	2.92e-09	6.03e-07	4.83e-05	2.08e-02	2.63e-01	7.17e-01	0.00e+00	0.00e+00	0.00e+00
 5.61675e+22	6.89e-22	2.62e-16	3.68e-12	3.59e-09	7.10e-07	5.42e-05	2.23e-02	2.70e-01	7.07e-01	0.00e+00	0.00e+00	0.00e+00
 5.63033e+22	8.68e-22	3.20e-16	4.37e-12	4.15e-09	7.96e-07	5.87e-05	2.34e-02	2.76e-01	7.01e-01	0.00e+00	0.00e+00	0.00e+00
 5.64379e+22	1.19e-21	4.19e-16	5.51e-12	5.05e-09	9.28e-07	6.54e-05	2.50e-02	2.83e-01	6.92e-01	0.00e+00	0.00e+00	0.00e+00
 5.65756e+22	1.51e-21	5.17e-16	6.59e-12	5.87e-09	1.05e-06	7.11e-05	2.63e-02	2.89e-01	6.85e-01	0.00e+00	0.00e+00	0.00e+00
 5.67177e+22	2.08e-21	6.81e-16	8.35e-12	7.16e-09	1.22e-06	7.95e-05	2.81e-02	2.96e-01	6.75e-01	0.00e+00	0.00e+00	0.00e+00
 5.68621e+22	2.64e-21	8.38e-16	9.98e-12	8.32e-09	1.38e-06	8.65e-05	2.96e-02	3.02e-01	6.68e-01	0.00e+00	0.00e+00	0.00e+00
 5.69870e+22	3.32e-21	1.02e-15	1.18e-11	9.60e-09	1.55e-06	9.37e-05	3.11e-02	3.08e-01	6.61e-01	0.00e+00	0.00e+00	0.00e+00
 5.71268e+22	4.46e-21	1.32e-15	1.47e-11	1.16e-08	1.79e-06	1.04e-04	3.31e-02	3.16e-01	6.51e-01	0.00e+00	0.00e+00	0.00e+00
 5.72662e+22	5.54e-21	1.59e-15	1.73e-11	1.32e-08	2.00e-06	1.12e-04	3.47e-02	3.21e-01	6.44e-01	0.00e+00	0.00e+00	0.00e+00
 5.74050e+22	7.39e-21	2.04e-15	2.15e-11	1.59e-08	2.31e-06	1.24e-04	3.69e-02	3.29e-01	6.34e-01	0.00e+00	0.00e+00	0.00e+00
 5.75454e+22	9.11e-21	2.45e-15	2.51e-11	1.81e-08	2.56e-06	1.34e-04	3.86e-02	3.34e-01	6.27e-01	0.00e+00	0.00e+00	0.00e+00
 5.76878e+22	1.21e-20	3.14e-15	3.11e-11	2.17e-08	2.96e-06	1.48e-04	4.10e-02	3.41e-01	6.17e-01	0.00e+00	0.00e+00	0.00e+00
 5.78329e+22	1.50e-20	3.78e-15	3.64e-11	2.48e-08	3.29e-06	1.60e-04	4.30e-02	3.47e-01	6.10e-01	0.00e+00	0.00e+00	0.00e+00
 5.79608e+22	1.86e-20	4.54e-15	4.27e-11	2.84e-08	3.67e-06	1.73e-04	4.50e-02	3.53e-01	6.02e-01	0.00e+00	0.00e+00	0.00e+00
 5.80877e+22	2.29e-20	5.45e-15	5.00e-11	3.24e-08	4.08e-06	1.86e-04	4.70e-02	3.58e-01	5.94e-01	0.00e+00	0.00e+00	0.00e+00
 5.82337e+22	2.99e-20	6.87e-15	6.10e-11	3.84e-08	4.67e-06	2.05e-04	4.98e-02	3.66e-01	5.84e-01	0.00e+00	0.00e+00	0.00e+00
 5.83806e+22	3.68e-20	8.23e-15	7.13e-11	4.38e-08	5.19e-06	2.21e-04	5.20e-02	3.71e-01	5.77e-01	0.00e+00	0.00e+00	0.00e+00
 5.85288e+22	4.81e-20	1.04e-14	8.72e-11	5.19e-08	5.95e-06	2.43e-04	5.51e-02	3.78e-01	5.66e-01	0.00e+00	0.00e+00	0.00e+00
 5.86787e+22	5.88e-20	1.24e-14	1.01e-10	5.89e-08	6.58e-06	2.61e-04	5.75e-02	3.84e-01	5.58e-01	0.00e+00	0.00e+00	0.00e+00
 5.88307e+22	7.66e-20	1.56e-14	1.24e-10	6.97e-08	7.53e-06	2.87e-04	6.09e-02	3.91e-01	5.48e-01	0.00e+00	0.00e+00	0.00e+00
 5.89857e+22	9.40e-20	1.86e-14	1.44e-10	7.93e-08	8.36e-06	3.09e-04	6.35e-02	3.96e-01	5.40e-01	0.00e+00	0.00e+00	0.00e+00
 5.91449e+22	1.23e-19	2.35e-14	1.76e-10	9.41e-08	9.58e-06	3.41e-04	6.72e-02	4.04e-01	5.29e-01	0.00e+00	0.00e+00	0.00e+00
 5.93075e+22	1.51e-19	2.81e-14	2.06e-10	1.07e-07	1.06e-05	3.67e-04	7.02e-02	4.09e-01	5.20e-01	0.00e+00	0.00e+00	0.00e+00
 5.94748e+22	1.98e-19	3.55e-14	2.51e-10	1.27e-07	1.22e-05	4.04e-04	7.43e-02	4.16e-01	5.09e-01	0.00e+00	0.00e+00	0.00e+00
 5.96473e+22	2.46e-19	4.30e-14	2.97e-10	1.46e-07	1.37e-05	4.38e-04	7.78e-02	4.22e-01	5.00e-01	0.00e+00	0.00e+00	0.00e+00
 5.97963e+22	2.99e-19	5.08e-14	3.42e-10	1.65e-07	1.50e-05	4.69e-04	8.09e-02	4.27e-01	4.92e-01	0.00e+00	0.00e+00	0.00e+00
 5.99598e+22	3.87e-19	6.36e-14	4.16e-10	1.95e-07	1.72e-05	5.15e-04	8.54e-02	4.33e-01	4.81e-01	0.00e+00	0.00e+00	0.00e+00
 6.01256e+22	4.71e-19	7.54e-14	4.82e-10	2.20e-07	1.90e-05	5.52e-04	8.89e-02	4.38e-01	4.72e-01	0.00e+00	0.00e+00	0.00e+00
 6.02942e+22	6.00e-19	9.31e-14	5.78e-10	2.57e-07	2.14e-05	6.02e-04	9.34e-02	4.44e-01	4.62e-01	0.00e+00	0.00e+00	0.00e+00
 6.04724e+22	7.51e-19	1.13e-13	6.84e-10	2.96e-07	2.40e-05	6.52e-04	9.78e-02	4.49e-01	4.52e-01	0.00e+00	0.00e+00	0.00e+00
 6.06361e+22	9.25e-19	1.36e-13	7.99e-10	3.38e-07	2.67e-05	7.02e-04	1.02e-01	4.54e-01	4.43e-01	0.00e+00	0.00e+00	0.00e+00
 6.08219e+22	1.20e-18	1.70e-13	9.70e-10	3.98e-07	3.04e-05	7.70e-04	1.07e-01	4.60e-01	4.32e-01	0.00e+00	0.00e+00	0.00e+00
 6.10186e+22	1.52e-18	2.09e-13	1.16e-09	4.63e-07	3.43e-05	8.38e-04	1.13e-01	4.65e-01	4.21e-01	0.00e+00	0.00e+00	0.00e+00
 6.12007e+22	1.91e-18	2.54e-13	1.37e-09	5.33e-07	3.84e-05	9.07e-04	1.18e-01	4.70e-01	4.11e-01	0.00e+00	0.00e+00	0.00e+00
 6.13786e+22	2.36e-18	3.06e-13	1.61e-09	6.09e-07	4.27e-05	9.78e-04	1.23e-01	4.74e-01	4.02e-01	0.00e+00	0.00e+00	0.00e+00
 6.15800e+22	3.11e-18	3.89e-13	1.98e-09	7.25e-07	4.91e-05	1.08e-03	1.30e-01	4.80e-01	3.90e-01	0.00e+00	0.00e+00	0.00e+00
 6.17823e+22	3.86e-18	4.69e-13	2.33e-09	8.30e-07	5.47e-05	1.16e-03	1.35e-01	4.84e-01	3.80e-01	0.00e+00	0.00e+00	0.00e+00
 6.19858e+22	5.08e-18	5.96e-13	2.86e-09	9.87e-07	6.28e-05	1.28e-03	1.42e-01	4.88e-01	3.68e-01	0.00e+00	0.00e+00	0.00e+00
 6.21916e+22	6.32e-18	7.20e-13	3.37e-09	1.13e-06	7.00e-05	1.38e-03	1.48e-01	4.92e-01	3.58e-01	0.00e+00	0.00e+00	0.00e+00
 6.24003e+22	8.35e-18	9.17e-13	4.15e-09	1.35e-06	8.06e-05	1.52e-03	1.56e-01	4.96e-01	3.46e-01	0.00e+00	0.00e+00	0.00e+00
 6.26116e+22	1.04e-17	1.11e-12	4.89e-09	1.55e-06	8.99e-05	1.64e-03	1.63e-01	4.99e-01	3.36e-01	0.00e+00	0.00e+00	0.00e+00
 6.28265e+22	1.39e-17	1.42e-12	6.06e-09	1.85e-06	1.04e-04	1.82e-03	1.72e-01	5.03e-01	3.24e-01	0.00e+00	0.00e+00	0.00e+00
 6.30434e+22	1.73e-17	1.73e-12	7.14e-09	2.13e-06	1.16e-04	1.96e-03	1.79e-01	5.05e-01	3.14e-01	0.00e+00	0.00e+00	0.00e+00
 6.32630e+22	2.31e-17	2.22e-12	8.90e-09	2.57e-06	1.35e-04	2.17e-03	1.89e-01	5.08e-01	3.01e-01	2.31e-17	5.65e-27	5.94e-27
 6.34836e+22	2.88e-17	2.69e-12	1.05e-08	2.94e-06	1.50e-04	2.34e-03	1.96e-01	5.10e-01	2.92e-01	2.88e-17	1.59e-24	2.01e-24
 6.37057e+22	3.85e-17	3.46e-12	1.30e-08	3.54e-06	1.74e-04	2.60e-03	2.07e-01	5.12e-01	2.79e-01	3.85e-17	2.13e-24	2.69e-24
 6.39302e+22	4.82e-17	4.20e-12	1.54e-08	4.08e-06	1.95e-04	2.81e-03	2.15e-01	5.13e-01	2.69e-01	4.82e-17	2.67e-24	3.36e-24
 6.41580e+22	6.45e-17	5.43e-12	1.92e-08	4.93e-06	2.27e-04	3.12e-03	2.27e-01	5.14e-01	2.56e-01	6.45e-17	3.57e-24	4.51e-24
 6.43892e+22	8.10e-17	6.61e-12	2.28e-08	5.69e-06	2.55e-04	3.38e-03	2.36e-01	5.14e-01	2.47e-01	8.10e-17	4.48e-24	5.65e-24
 6.45835e+22	9.93e-17	7.89e-12	2.66e-08	6.48e-06	2.83e-04	3.63e-03	2.45e-01	5.14e-01	2.38e-01	9.93e-17	5.50e-24	6.93e-24
 6.47948e+22	1.30e-16	9.97e-12	3.27e-08	7.73e-06	3.27e-04	4.01e-03	2.57e-01	5.13e-01	2.26e-01	1.30e-16	7.19e-24	9.07e-24
 6.50038e+22	1.58e-16	1.18e-11	3.78e-08	8.75e-06	3.61e-04	4.30e-03	2.65e-01	5.12e-01	2.18e-01	1.58e-16	8.72e-24	1.10e-23
 6.52100e+22	2.03e-16	1.47e-11	4.60e-08	1.04e-05	4.14e-04	4.72e-03	2.78e-01	5.10e-01	2.07e-01	2.03e-16	1.13e-23	1.42e-23
 6.54202e+22	2.48e-16	1.75e-11	5.35e-08	1.18e-05	4.60e-04	5.08e-03	2.87e-01	5.08e-01	1.99e-01	2.48e-16	1.37e-23	1.73e-23
 6.56356e+22	3.21e-16	2.20e-11	6.53e-08	1.40e-05	5.31e-04	5.60e-03	3.01e-01	5.05e-01	1.88e-01	3.21e-16	1.78e-23	2.24e-23
 6.58546e+22	3.93e-16	2.62e-11	7.63e-08	1.60e-05	5.92e-04	6.04e-03	3.11e-01	5.03e-01	1.80e-01	3.93e-16	2.17e-23	2.74e-23
 6.60780e+22	5.08e-16	3.28e-11	9.32e-08	1.91e-05	6.83e-04	6.67e-03	3.25e-01	4.98e-01	1.69e-01	5.08e-16	2.81e-23	3.55e-23
 6.63070e+22	6.24e-16	3.93e-11	1.09e-07	2.19e-05	7.67e-04	7.23e-03	3.37e-01	4.94e-01	1.61e-01	6.24e-16	3.46e-23	4.36e-23
 6.65432e+22	8.11e-16	4.95e-11	1.34e-07	2.63e-05	8.92e-04	8.02e-03	3.53e-01	4.88e-01	1.50e-01	8.11e-16	4.49e-23	5.66e-23
 6.67835e+22	9.94e-16	5.92e-11	1.58e-07	3.03e-05	1.00e-03	8.71e-03	3.65e-01	4.83e-01	1.42e-01	9.94e-16	5.51e-23	6.94e-23
 6.70272e+22	1.28e-15	7.41e-11	1.94e-07	3.63e-05	1.17e-03	9.69e-03	3.82e-01	4.76e-01	1.31e-01	1.28e-15	7.10e-23	8.94e-23
 6.72725e+22	1.56e-15	8.81e-11	2.27e-07	4.17e-05	1.32e-03	1.05e-02	3.95e-01	4.69e-01	1.24e-01	1.56e-15	8.63e-23	1.09e-22
 6.75119e+22	1.95e-15	1.08e-10	2.73e-07	4.94e-05	1.52e-03	1.16e-02	4.11e-01	4.61e-01	1.15e-01	1.95e-15	1.08e-22	1.36e-22
 6.77539e+22	2.35e-15	1.27e-10	3.18e-07	5.67e-05	1.71e-03	1.26e-02	4.25e-01	4.53e-01	1.08e-01	2.35e-15	1.30e-22	1.64e-22
 6.79742e+22	2.80e-15	1.49e-10	3.69e-07	6.48e-05	1.91e-03	1.37e-02	4.38e-01	4.45e-01	1.01e-01	2.80e-15	1.55e-22	1.96e-22
 6.81838e+22	3.28e-15	1.72e-10	4.21e-07	7.32e-05	2.12e-03	1.47e-02	4.51e-01	4.38e-01	9.47e-02	3.28e-15	1.82e-22	2.29e-22
 6.84083e+22	3.94e-15	2.03e-10	4.93e-07	8.48e-05	2.41e-03	1.61e-02	4.66e-01	4.28e-01	8.77e-02	3.94e-15	2.19e-22	2.75e-22
 6.86299e+22	4.54e-15	2.31e-10	5.57e-07	9.49e-05	2.65e-03	1.73e-02	4.77e-01	4.20e-01	8.25e-02	4.54e-15	2.52e-22	3.17e-22
 6.88530e+22	5.39e-15	2.70e-10	6.49e-07	1.09e-04	3.00e-03	1.89e-02	4.92e-01	4.10e-01	7.61e-02	5.39e-15	2.99e-22	3.77e-22
 6.90759e+22	6.14e-15	3.04e-10	7.28e-07	1.22e-04	3.28e-03	2.02e-02	5.03e-01	4.02e-01	7.15e-02	6.14e-15	3.41e-22	4.29e-22
 6.92996e+22	7.20e-15	3.53e-10	8.42e-07	1.40e-04	3.70e-03	2.20e-02	5.18e-01	3.91e-01	6.58e-02	7.20e-15	4.00e-22	5.03e-22
 6.95236e+22	8.13e-15	3.95e-10	9.40e-07	1.55e-04	4.04e-03	2.34e-02	5.29e-01	3.82e-01	6.18e-02	8.13e-15	4.51e-22	5.68e-22
 6.97480e+22	9.42e-15	4.54e-10	1.08e-06	1.77e-04	4.53e-03	2.54e-02	5.42e-01	3.71e-01	5.67e-02	9.42e-15	5.23e-22	6.59e-22
 6.99732e+22	1.06e-14	5.05e-10	1.20e-06	1.96e-04	4.93e-03	2.71e-02	5.52e-01	3.62e-01	5.32e-02	1.06e-14	5.86e-22	7.38e-22
 7.01998e+22	1.21e-14	5.76e-10	1.37e-06	2.23e-04	5.50e-03	2.93e-02	5.66e-01	3.51e-01	4.87e-02	1.21e-14	6.72e-22	8.47e-22
 7.04281e+22	1.35e-14	6.38e-10	1.52e-06	2.46e-04	5.97e-03	3.11e-02	5.75e-01	3.42e-01	4.55e-02	1.35e-14	7.49e-22	9.44e-22
 7.06585e+22	1.54e-14	7.24e-10	1.73e-06	2.79e-04	6.64e-03	3.37e-02	5.87e-01	3.30e-01	4.17e-02	1.54e-14	8.55e-22	1.08e-21
 7.08919e+22	1.71e-14	8.01e-10	1.91e-06	3.08e-04	7.21e-03	3.57e-02	5.97e-01	3.21e-01	3.88e-02	1.71e-14	9.48e-22	1.19e-21
 7.11292e+22	1.94e-14	9.05e-10	2.17e-06	3.49e-04	8.00e-03	3.86e-02	6.08e-01	3.09e-01	3.53e-02	1.94e-14	1.07e-21	1.35e-21
 7.13702e+22	2.15e-14	1.00e-09	2.41e-06	3.85e-04	8.67e-03	4.10e-02	6.17e-01	3.00e-01	3.29e-02	2.15e-14	1.19e-21	1.50e-21
 7.16161e+22	2.42e-14	1.13e-09	2.74e-06	4.37e-04	9.62e-03	4.42e-02	6.28e-01	2.88e-01	2.98e-02	2.42e-14	1.35e-21	1.69e-21
 7.18672e+22	2.69e-14	1.25e-09	3.04e-06	4.84e-04	1.04e-02	4.69e-02	6.36e-01	2.79e-01	2.76e-02	2.69e-14	1.50e-21	1.89e-21
 7.21251e+22	3.04e-14	1.42e-09	3.47e-06	5.50e-04	1.16e-02	5.06e-02	6.45e-01	2.67e-01	2.48e-02	3.04e-14	1.69e-21	2.13e-21
 7.23853e+22	3.38e-14	1.57e-09	3.85e-06	6.08e-04	1.25e-02	5.36e-02	6.52e-01	2.58e-01	2.29e-02	3.38e-14	1.88e-21	2.37e-21
 7.26063e+22	3.70e-14	1.73e-09	4.24e-06	6.67e-04	1.34e-02	5.65e-02	6.59e-01	2.49e-01	2.13e-02	3.70e-14	2.06e-21	2.59e-21
 7.28517e+22	4.15e-14	1.94e-09	4.79e-06	7.51e-04	1.47e-02	6.05e-02	6.66e-01	2.39e-01	1.93e-02	4.15e-14	2.31e-21	2.90e-21
 7.30869e+22	4.51e-14	2.11e-09	5.23e-06	8.15e-04	1.57e-02	6.33e-02	6.71e-01	2.31e-01	1.80e-02	4.51e-14	2.51e-21	3.16e-21
 7.33088e+22	4.99e-14	2.34e-09	5.83e-06	9.06e-04	1.70e-02	6.71e-02	6.76e-01	2.22e-01	1.64e-02	4.99e-14	2.78e-21	3.49e-21
 7.35337e+22	5.42e-14	2.55e-09	6.37e-06	9.85e-04	1.81e-02	7.03e-02	6.80e-01	2.15e-01	1.53e-02	5.42e-14	3.02e-21	3.80e-21
 7.37626e+22	5.98e-14	2.83e-09	7.11e-06	1.10e-03	1.96e-02	7.45e-02	6.85e-01	2.06e-01	1.39e-02	5.98e-14	3.33e-21	4.19e-21
 7.39929e+22	6.54e-14	3.10e-09	7.79e-06	1.19e-03	2.08e-02	7.78e-02	6.88e-01	1.99e-01	1.30e-02	6.54e-14	3.65e-21	4.59e-21
 7.42250e+22	7.23e-14	3.45e-09	8.72e-06	1.33e-03	2.25e-02	8.25e-02	6.92e-01	1.90e-01	1.18e-02	7.23e-14	4.03e-21	5.07e-21
 7.44600e+22	7.93e-14	3.79e-09	9.57e-06	1.44e-03	2.39e-02	8.61e-02	6.94e-01	1.83e-01	1.09e-02	7.93e-14	4.43e-21	5.57e-21
 7.46988e+22	8.79e-14	4.23e-09	1.07e-05	1.61e-03	2.58e-02	9.11e-02	6.97e-01	1.75e-01	9.87e-03	8.79e-14	4.91e-21	6.17e-21
 7.49412e+22	9.68e-14	4.66e-09	1.18e-05	1.76e-03	2.75e-02	9.51e-02	6.99e-01	1.68e-01	9.14e-03	9.68e-14	5.41e-21	6.80e-21
 7.51884e+22	1.08e-13	5.24e-09	1.33e-05	1.96e-03	2.97e-02	1.01e-01	7.00e-01	1.60e-01	8.23e-03	1.08e-13	6.02e-21	7.58e-21
 7.54400e+22	1.19e-13	5.81e-09	1.48e-05	2.15e-03	3.16e-02	1.05e-01	7.00e-01	1.53e-01	7.58e-03	1.19e-13	6.68e-21	8.40e-21
 7.56974e+22	1.34e-13	6.57e-09	1.67e-05	2.41e-03	3.41e-02	1.11e-01	7.01e-01	1.45e-01	6.79e-03	1.34e-13	7.48e-21	9.41e-21
 7.59603e+22	1.50e-13	7.36e-09	1.87e-05	2.64e-03	3.63e-02	1.16e-01	7.00e-01	1.39e-01	6.24e-03	1.50e-13	8.39e-21	1.06e-20
 7.62305e+22	1.68e-13	8.37e-09	2.13e-05	2.97e-03	3.93e-02	1.23e-01	6.99e-01	1.31e-01	5.54e-03	1.68e-13	9.43e-21	1.18e-20
 7.65017e+22	1.89e-13	9.38e-09	2.37e-05	3.26e-03	4.18e-02	1.28e-01	6.97e-01	1.25e-01	5.08e-03	1.89e-13	1.06e-20	1.33e-20
 7.67743e+22	2.14e-13	1.08e-08	2.72e-05	3.67e-03	4.52e-02	1.35e-01	6.94e-01	1.17e-01	4.51e-03	2.14e-13	1.20e-20	1.51e-20
 7.70508e+22	2.42e-13	1.21e-08	3.04e-05	4.03e-03	4.80e-02	1.40e-01	6.91e-01	1.12e-01	4.11e-03	2.42e-13	1.36e-20	1.70e-20
 7.72907e+22	2.68e-13	1.36e-08	3.38e-05	4.41e-03	5.09e-02	1.46e-01	6.88e-01	1.07e-01	3.76e-03	2.68e-13	1.51e-20	1.89e-20
 7.75609e+22	3.07e-13	1.57e-08	3.88e-05	4.95e-03	5.48e-02	1.53e-01	6.83e-01	1.00e-01	3.34e-03	3.07e-13	1.72e-20	2.17e-20
 7.78335e+22	3.47e-13	1.77e-08	4.34e-05	5.42e-03	5.80e-02	1.59e-01	6.79e-01	9.54e-02	3.05e-03	3.47e-13	1.95e-20	2.45e-20
 7.80613e+22	3.85e-13	1.97e-08	4.79e-05	5.88e-03	6.10e-02	1.64e-01	6.75e-01	9.12e-02	2.80e-03	3.85e-13	2.17e-20	2.72e-20
 7.83091e+22	4.37e-13	2.25e-08	5.44e-05	6.53e-03	6.51e-02	1.72e-01	6.68e-01	8.58e-02	2.50e-03	4.37e-13	2.46e-20	3.09e-20
 7.85548e+22	4.87e-13	2.52e-08	6.01e-05	7.06e-03	6.83e-02	1.77e-01	6.63e-01	8.20e-02	2.31e-03	4.87e-13	2.75e-20	3.45e-20
 7.87976e+22	5.58e-13	2.89e-08	6.81e-05	7.80e-03	7.26e-02	1.83e-01	6.57e-01	7.74e-02	2.08e-03	5.58e-13	3.15e-20	3.96e-20
 7.90505e+22	6.24e-13	3.25e-08	7.59e-05	8.50e-03	7.65e-02	1.90e-01	6.50e-01	7.34e-02	1.88e-03	6.24e-13	3.53e-20	4.43e-20
 7.92757e+22	7.03e-13	3.66e-08	8.43e-05	9.22e-03	8.03e-02	1.95e-01	6.43e-01	6.99e-02	1.73e-03	7.03e-13	3.98e-20	4.99e-20
 7.95275e+22	8.16e-13	4.25e-08	9.60e-05	1.02e-02	8.52e-02	2.02e-01	6.35e-01	6.57e-02	1.55e-03	8.16e-13	4.62e-20	5.80e-20
 7.97934e+22	9.32e-13	4.86e-08	1.08e-04	1.12e-02	9.00e-02	2.09e-01	6.27e-01	6.20e-02	1.40e-03	9.32e-13	5.28e-20	6.63e-20
 8.00353e+22	1.06e-12	5.52e-08	1.21e-04	1.22e-02	9.46e-02	2.15e-01	6.18e-01	5.87e-02	1.27e-03	1.06e-12	6.01e-20	7.54e-20
 8.03078e+22	1.25e-12	6.53e-08	1.40e-04	1.35e-02	1.01e-01	2.23e-01	6.07e-01	5.46e-02	1.12e-03	1.25e-12	7.13e-20	8.94e-20
 8.05887e+22	1.45e-12	7.52e-08	1.58e-04	1.48e-02	1.06e-01	2.29e-01	5.97e-01	5.14e-02	1.01e-03	1.45e-12	8.23e-20	1.03e-19
 8.08415e+22	1.67e-12	8.65e-08	1.78e-04	1.62e-02	1.12e-01	2.35e-01	5.87e-01	4.83e-02	9.07e-04	1.67e-12	9.51e-20	1.19e-19
 8.11314e+22	2.01e-12	1.04e-07	2.07e-04	1.81e-02	1.19e-01	2.43e-01	5.74e-01	4.47e-02	7.93e-04	2.01e-12	1.15e-19	1.44e-19
 8.14255e+22	2.35e-12	1.21e-07	2.34e-04	1.98e-02	1.25e-01	2.50e-01	5.63e-01	4.18e-02	7.09e-04	2.35e-12	1.34e-19	1.68e-19
 8.16860e+22	2.74e-12	1.40e-07	2.65e-04	2.17e-02	1.31e-01	2.56e-01	5.51e-01	3.92e-02	6.35e-04	2.74e-12	1.57e-19	1.97e-19
 8.19856e+22	3.35e-12	1.69e-07	3.10e-04	2.42e-02	1.40e-01	2.63e-01	5.36e-01	3.59e-02	5.51e-04	3.35e-12	1.92e-19	2.41e-19
 8.22907e+22	3.96e-12	1.99e-07	3.53e-04	2.66e-02	1.47e-01	2.69e-01	5.23e-01	3.34e-02	4.89e-04	3.96e-12	2.28e-19	2.85e-19
 8.26030e+22	4.91e-12	2.43e-07	4.16e-04	2.98e-02	1.56e-01	2.76e-01	5.06e-01	3.05e-02	4.20e-04	4.91e-12	2.83e-19	3.54e-19
 8.29200e+22	5.87e-12	2.87e-07	4.75e-04	3.27e-02	1.64e-01	2.82e-01	4.92e-01	2.82e-02	3.70e-04	5.87e-12	3.39e-19	4.24e-19
 8.32431e+22	7.35e-12	3.52e-07	5.60e-04	3.66e-02	1.74e-01	2.88e-01	4.74e-01	2.56e-02	3.17e-04	7.35e-12	4.25e-19	5.33e-19
 8.35750e+22	8.91e-12	4.22e-07	6.46e-04	4.04e-02	1.83e-01	2.94e-01	4.58e-01	2.35e-02	2.75e-04	8.91e-12	5.16e-19	6.46e-19
 8.38642e+22	1.07e-11	4.97e-07	7.36e-04	4.41e-02	1.92e-01	2.98e-01	4.44e-01	2.17e-02	2.42e-04	1.07e-11	6.22e-19	7.79e-19
 8.41862e+22	1.35e-11	6.10e-07	8.64e-04	4.91e-02	2.03e-01	3.02e-01	4.25e-01	1.96e-02	2.07e-04	1.35e-11	7.86e-19	9.83e-19
 8.45289e+22	1.67e-11	7.39e-07	1.00e-03	5.42e-02	2.13e-01	3.06e-01	4.08e-01	1.78e-02	1.77e-04	1.67e-11	9.76e-19	1.22e-18
 8.48085e+22	1.97e-11	8.56e-07	1.12e-03	5.84e-02	2.21e-01	3.09e-01	3.94e-01	1.64e-02	1.57e-04	1.97e-11	1.15e-18	1.44e-18
 8.50823e+22	2.39e-11	1.02e-06	1.28e-03	6.37e-02	2.30e-01	3.11e-01	3.79e-01	1.50e-02	1.37e-04	2.39e-11	1.41e-18	1.76e-18
 8.53739e+22	2.87e-11	1.19e-06	1.44e-03	6.89e-02	2.38e-01	3.13e-01	3.64e-01	1.38e-02	1.20e-04	2.87e-11	1.69e-18	2.11e-18
 8.56450e+22	3.43e-11	1.39e-06	1.62e-03	7.43e-02	2.47e-01	3.15e-01	3.50e-01	1.27e-02	1.06e-04	3.43e-11	2.03e-18	2.53e-18
 8.59537e+22	4.32e-11	1.69e-06	1.89e-03	8.17e-02	2.58e-01	3.16e-01	3.32e-01	1.14e-02	8.92e-05	4.32e-11	2.56e-18	3.20e-18
 8.62668e+22	5.22e-11	1.98e-06	2.13e-03	8.82e-02	2.66e-01	3.16e-01	3.17e-01	1.04e-02	7.77e-05	5.22e-11	3.10e-18	3.87e-18
 8.65857e+22	6.62e-11	2.42e-06	2.47e-03	9.68e-02	2.77e-01	3.15e-01	2.99e-01	9.22e-03	6.52e-05	6.62e-11	3.95e-18	4.93e-18
 8.69161e+22	8.17e-11	2.89e-06	2.81e-03	1.05e-01	2.86e-01	3.14e-01	2.83e-01	8.28e-03	5.56e-05	8.17e-11	4.89e-18	6.10e-18
 8.72024e+22	9.85e-11	3.37e-06	3.15e-03	1.13e-01	2.94e-01	3.12e-01	2.70e-01	7.53e-03	4.83e-05	9.85e-11	5.92e-18	7.38e-18
 8.75153e+22	1.24e-10	4.08e-06	3.62e-03	1.23e-01	3.04e-01	3.10e-01	2.53e-01	6.67e-03	4.05e-05	1.24e-10	7.50e-18	9.35e-18
 8.78412e+22	1.53e-10	4.82e-06	4.09e-03	1.32e-01	3.12e-01	3.07e-01	2.39e-01	5.98e-03	3.45e-05	1.53e-10	9.25e-18	1.15e-17
 8.81359e+22	1.86e-10	5.66e-06	4.60e-03	1.41e-01	3.20e-01	3.03e-01	2.25e-01	5.37e-03	2.95e-05	1.86e-10	1.13e-17	1.41e-17
 8.84708e+22	2.39e-10	6.92e-06	5.31e-03	1.54e-01	3.29e-01	2.98e-01	2.09e-01	4.68e-03	2.42e-05	2.39e-10	1.46e-17	1.82e-17
 8.88145e+22	2.98e-10	8.23e-06	6.01e-03	1.65e-01	3.36e-01	2.93e-01	1.95e-01	4.14e-03	2.03e-05	2.98e-10	1.83e-17	2.28e-17
 8.91190e+22	3.65e-10	9.67e-06	6.74e-03	1.76e-01	3.43e-01	2.88e-01	1.83e-01	3.69e-03	1.72e-05	3.65e-10	2.26e-17	2.81e-17
 8.94646e+22	4.73e-10	1.18e-05	7.76e-03	1.91e-01	3.50e-01	2.80e-01	1.67e-01	3.17e-03	1.39e-05	4.73e-10	2.94e-17	3.66e-17
 8.98218e+22	5.94e-10	1.41e-05	8.78e-03	2.04e-01	3.56e-01	2.73e-01	1.55e-01	2.77e-03	1.15e-05	5.94e-10	3.71e-17	4.61e-17
 9.01399e+22	7.35e-10	1.66e-05	9.83e-03	2.17e-01	3.61e-01	2.66e-01	1.43e-01	2.44e-03	9.57e-06	7.35e-10	4.61e-17	5.73e-17
 9.04991e+22	9.61e-10	2.03e-05	1.13e-02	2.34e-01	3.66e-01	2.57e-01	1.30e-01	2.07e-03	7.60e-06	9.61e-10	6.08e-17	7.55e-17
