#depth	N	N+	N+2	N+3	N+4	N+5	N+6	N+7
 4.62852e+21	1.09e-13	1.80e-08	7.54e-05	9.07e-03	8.02e-02	8.27e-01	8.24e-02	1.37e-03
 1.03981e+22	4.10e-13	5.71e-08	2.00e-04	1.71e-02	1.16e-01	8.11e-01	5.49e-02	6.21e-04
 1.21098e+22	8.11e-13	1.02e-07	3.24e-04	2.33e-02	1.38e-01	7.94e-01	4.44e-02	4.16e-04
 1.31099e+22	1.37e-12	1.59e-07	4.64e-04	2.92e-02	1.56e-01	7.76e-01	3.77e-02	3.07e-04
 1.36759e+22	1.62e-12	1.84e-07	5.21e-04	3.14e-02	1.62e-01	7.70e-01	3.57e-02	2.78e-04
 1.39899e+22	2.01e-12	2.20e-07	6.02e-04	3.44e-02	1.70e-01	7.62e-01	3.34e-02	2.45e-04
 1.43349e+22	2.48e-12	2.62e-07	6.92e-04	3.75e-02	1.77e-01	7.53e-01	3.12e-02	2.17e-04
 1.46687e+22	3.03e-12	3.09e-07	7.89e-04	4.07e-02	1.85e-01	7.44e-01	2.93e-02	1.93e-04
 1.50511e+22	3.98e-12	3.88e-07	9.45e-04	4.55e-02	1.95e-01	7.31e-01	2.68e-02	1.64e-04
 1.54334e+22	4.90e-12	4.61e-07	1.08e-03	4.94e-02	2.04e-01	7.21e-01	2.50e-02	1.45e-04
 1.57531e+22	5.96e-12	5.42e-07	1.23e-03	5.34e-02	2.11e-01	7.11e-01	2.34e-02	1.29e-04
 1.61061e+22	7.58e-12	6.60e-07	1.43e-03	5.87e-02	2.21e-01	6.97e-01	2.15e-02	1.12e-04
 1.64729e+22	9.35e-12	7.85e-07	1.64e-03	6.36e-02	2.30e-01	6.85e-01	2.00e-02	9.83e-05
 1.68070e+22	1.15e-11	9.32e-07	1.87e-03	6.89e-02	2.38e-01	6.73e-01	1.86e-02	8.66e-05
 1.71907e+22	1.52e-11	1.16e-06	2.23e-03	7.64e-02	2.49e-01	6.55e-01	1.69e-02	7.30e-05
 1.75779e+22	1.88e-11	1.39e-06	2.54e-03	8.27e-02	2.58e-01	6.41e-01	1.56e-02	6.40e-05
 1.79696e+22	2.47e-11	1.73e-06	3.01e-03	9.13e-02	2.69e-01	6.22e-01	1.41e-02	5.40e-05
 1.83463e+22	3.04e-11	2.04e-06	3.42e-03	9.84e-02	2.77e-01	6.08e-01	1.31e-02	4.72e-05
 1.86515e+22	3.67e-11	2.38e-06	3.83e-03	1.05e-01	2.85e-01	5.94e-01	1.22e-02	4.19e-05
 1.89963e+22	4.64e-11	2.86e-06	4.40e-03	1.14e-01	2.94e-01	5.77e-01	1.11e-02	3.61e-05
 1.93649e+22	5.81e-11	3.43e-06	5.04e-03	1.23e-01	3.03e-01	5.59e-01	1.02e-02	3.10e-05
 1.96924e+22	7.07e-11	4.01e-06	5.66e-03	1.32e-01	3.10e-01	5.44e-01	9.38e-03	2.73e-05
 2.00459e+22	9.08e-11	4.89e-06	6.55e-03	1.43e-01	3.19e-01	5.24e-01	8.46e-03	2.30e-05
 2.04074e+22	1.11e-10	5.74e-06	7.37e-03	1.52e-01	3.25e-01	5.07e-01	7.77e-03	2.01e-05
 2.07794e+22	1.44e-10	7.02e-06	8.53e-03	1.65e-01	3.34e-01	4.86e-01	6.96e-03	1.68e-05
 2.11588e+22	1.79e-10	8.34e-06	9.67e-03	1.77e-01	3.40e-01	4.67e-01	6.31e-03	1.44e-05
 2.14903e+22	2.20e-10	9.78e-06	1.08e-02	1.88e-01	3.46e-01	4.50e-01	5.75e-03	1.24e-05
 2.18635e+22	2.84e-10	1.19e-05	1.25e-02	2.03e-01	3.52e-01	4.28e-01	5.11e-03	1.03e-05
 2.22505e+22	3.56e-10	1.42e-05	1.41e-02	2.16e-01	3.57e-01	4.08e-01	4.59e-03	8.73e-06
 2.25966e+22	4.39e-10	1.67e-05	1.58e-02	2.29e-01	3.61e-01	3.90e-01	4.14e-03	7.45e-06
 2.29874e+22	5.72e-10	2.05e-05	1.83e-02	2.46e-01	3.65e-01	3.67e-01	3.63e-03	6.09e-06
 2.33918e+22	7.24e-10	2.45e-05	2.07e-02	2.62e-01	3.68e-01	3.47e-01	3.22e-03	5.06e-06
 2.37531e+22	9.00e-10	2.89e-05	2.31e-02	2.77e-01	3.69e-01	3.28e-01	2.87e-03	4.25e-06
 2.41619e+22	1.19e-09	3.57e-05	2.67e-02	2.96e-01	3.70e-01	3.05e-01	2.47e-03	3.39e-06
 2.45841e+22	1.51e-09	4.26e-05	3.01e-02	3.13e-01	3.70e-01	2.85e-01	2.16e-03	2.78e-06
 2.50239e+22	2.04e-09	5.33e-05	3.49e-02	3.35e-01	3.68e-01	2.61e-01	1.82e-03	2.15e-06
 2.54698e+22	2.58e-09	6.36e-05	3.92e-02	3.52e-01	3.65e-01	2.42e-01	1.58e-03	1.75e-06
 2.58351e+22	3.14e-09	7.37e-05	4.31e-02	3.66e-01	3.62e-01	2.27e-01	1.40e-03	1.46e-06
 2.62214e+22	4.10e-09	8.92e-05	4.88e-02	3.85e-01	3.57e-01	2.08e-01	1.19e-03	1.16e-06
 2.66464e+22	5.24e-09	1.07e-04	5.46e-02	4.03e-01	3.51e-01	1.90e-01	1.01e-03	9.20e-07
 2.70189e+22	6.33e-09	1.23e-04	5.97e-02	4.16e-01	3.46e-01	1.77e-01	8.91e-04	7.65e-07
 2.74006e+22	8.19e-09	1.47e-04	6.68e-02	4.34e-01	3.38e-01	1.61e-01	7.51e-04	6.00e-07
 2.77838e+22	9.94e-09	1.69e-04	7.27e-02	4.47e-01	3.31e-01	1.49e-01	6.56e-04	4.95e-07
 2.81690e+22	1.27e-08	2.02e-04	8.09e-02	4.63e-01	3.21e-01	1.34e-01	5.50e-04	3.86e-07
 2.85570e+22	1.55e-08	2.32e-04	8.79e-02	4.75e-01	3.13e-01	1.23e-01	4.75e-04	3.14e-07
 2.88965e+22	1.88e-08	2.66e-04	9.52e-02	4.86e-01	3.05e-01	1.13e-01	4.12e-04	2.57e-07
 2.92855e+22	2.38e-08	3.14e-04	1.05e-01	5.00e-01	2.93e-01	1.01e-01	3.43e-04	2.00e-07
 2.96833e+22	2.92e-08	3.63e-04	1.14e-01	5.10e-01	2.83e-01	9.19e-02	2.91e-04	1.59e-07
 3.00286e+22	3.50e-08	4.12e-04	1.22e-01	5.19e-01	2.74e-01	8.40e-02	2.51e-04	1.29e-07
 3.04136e+22	4.40e-08	4.83e-04	1.34e-01	5.29e-01	2.62e-01	7.48e-02	2.08e-04	0.00e+00
 3.08127e+22	5.38e-08	5.54e-04	1.44e-01	5.37e-01	2.51e-01	6.73e-02	1.76e-04	0.00e+00
 3.11694e+22	6.48e-08	6.29e-04	1.55e-01	5.43e-01	2.41e-01	6.09e-02	1.49e-04	0.00e+00
 3.15727e+22	8.16e-08	7.37e-04	1.68e-01	5.50e-01	2.28e-01	5.35e-02	1.22e-04	0.00e+00
 3.19890e+22	9.98e-08	8.45e-04	1.81e-01	5.54e-01	2.17e-01	4.77e-02	1.01e-04	0.00e+00
 3.23609e+22	1.20e-07	9.58e-04	1.93e-01	5.57e-01	2.06e-01	4.27e-02	8.51e-05	0.00e+00
 3.27832e+22	1.52e-07	1.12e-03	2.09e-01	5.60e-01	1.93e-01	3.70e-02	6.82e-05	0.00e+00
 3.32190e+22	1.86e-07	1.28e-03	2.23e-01	5.61e-01	1.82e-01	3.26e-02	5.59e-05	0.00e+00
 3.36062e+22	2.24e-07	1.45e-03	2.37e-01	5.61e-01	1.72e-01	2.89e-02	4.65e-05	0.00e+00
 3.40435e+22	2.85e-07	1.70e-03	2.56e-01	5.59e-01	1.59e-01	2.46e-02	3.63e-05	0.00e+00
 3.44856e+22	3.42e-07	1.92e-03	2.71e-01	5.57e-01	1.49e-01	2.17e-02	3.00e-05	0.00e+00
 3.48631e+22	4.07e-07	2.15e-03	2.85e-01	5.53e-01	1.40e-01	1.92e-02	2.49e-05	0.00e+00
 3.52249e+22	4.83e-07	2.41e-03	3.00e-01	5.49e-01	1.32e-01	1.70e-02	2.07e-05	0.00e+00
 3.56372e+22	5.99e-07	2.77e-03	3.19e-01	5.42e-01	1.21e-01	1.45e-02	1.63e-05	0.00e+00
 3.60503e+22	7.07e-07	3.08e-03	3.34e-01	5.36e-01	1.14e-01	1.28e-02	1.35e-05	0.00e+00
 3.64644e+22	8.69e-07	3.52e-03	3.54e-01	5.28e-01	1.04e-01	1.09e-02	1.06e-05	0.00e+00
 3.68834e+22	1.03e-06	3.93e-03	3.70e-01	5.20e-01	9.70e-02	9.57e-03	8.70e-06	0.00e+00
 3.73086e+22	1.25e-06	4.46e-03	3.89e-01	5.09e-01	8.89e-02	8.15e-03	6.85e-06	0.00e+00
 3.77450e+22	1.50e-06	4.99e-03	4.07e-01	4.99e-01	8.20e-02	7.04e-03	5.50e-06	0.00e+00
 3.81256e+22	1.77e-06	5.54e-03	4.23e-01	4.89e-01	7.58e-02	6.12e-03	4.47e-06	0.00e+00
 3.85497e+22	2.14e-06	6.27e-03	4.43e-01	4.77e-01	6.90e-02	5.18e-03	3.50e-06	0.00e+00
 3.89902e+22	2.55e-06	7.00e-03	4.61e-01	4.65e-01	6.32e-02	4.44e-03	2.78e-06	0.00e+00
 3.93815e+22	3.01e-06	7.76e-03	4.78e-01	4.53e-01	5.80e-02	3.83e-03	2.23e-06	0.00e+00
 3.98200e+22	3.70e-06	8.84e-03	4.99e-01	4.37e-01	5.20e-02	3.17e-03	1.69e-06	0.00e+00
 4.02627e+22	4.33e-06	9.76e-03	5.15e-01	4.24e-01	4.76e-02	2.73e-03	1.35e-06	0.00e+00
 4.07107e+22	5.31e-06	1.11e-02	5.36e-01	4.08e-01	4.24e-02	2.25e-03	1.02e-06	0.00e+00
 4.11670e+22	6.25e-06	1.23e-02	5.53e-01	3.94e-01	3.86e-02	1.91e-03	8.04e-07	0.00e+00
 4.14210e+22	6.56e-06	1.26e-02	5.58e-01	3.90e-01	3.74e-02	1.82e-03	7.48e-07	0.00e+00
 4.15378e+22	6.88e-06	1.30e-02	5.63e-01	3.86e-01	3.64e-02	1.74e-03	6.98e-07	0.00e+00
 4.16896e+22	7.39e-06	1.36e-02	5.70e-01	3.80e-01	3.49e-02	1.62e-03	6.29e-07	0.00e+00
 4.18871e+22	8.00e-06	1.43e-02	5.78e-01	3.73e-01	3.32e-02	1.50e-03	5.60e-07	0.00e+00
 4.21437e+22	9.00e-06	1.54e-02	5.89e-01	3.63e-01	3.09e-02	1.33e-03	4.70e-07	0.00e+00
 4.24773e+22	1.04e-05	1.68e-02	6.04e-01	3.50e-01	2.82e-02	1.14e-03	3.76e-07	0.00e+00
 4.29111e+22	1.27e-05	1.89e-02	6.22e-01	3.33e-01	2.49e-02	9.32e-04	2.80e-07	0.00e+00
 4.33752e+22	1.49e-05	2.09e-02	6.37e-01	3.19e-01	2.23e-02	7.81e-04	2.17e-07	0.00e+00
 4.38790e+22	1.87e-05	2.40e-02	6.57e-01	2.99e-01	1.91e-02	6.13e-04	1.52e-07	0.00e+00
 4.43570e+22	2.17e-05	2.63e-02	6.70e-01	2.86e-01	1.72e-02	5.20e-04	0.00e+00	0.00e+00
 4.48017e+22	2.61e-05	2.94e-02	6.85e-01	2.70e-01	1.51e-02	4.21e-04	0.00e+00	0.00e+00
 4.52640e+22	3.07e-05	3.24e-02	6.97e-01	2.57e-01	1.34e-02	3.52e-04	0.00e+00	0.00e+00
 4.56291e+22	3.47e-05	3.49e-02	7.06e-01	2.47e-01	1.23e-02	3.06e-04	0.00e+00	0.00e+00
 4.59377e+22	3.90e-05	3.74e-02	7.14e-01	2.37e-01	1.12e-02	2.67e-04	0.00e+00	0.00e+00
 4.62925e+22	4.49e-05	4.08e-02	7.23e-01	2.25e-01	1.01e-02	2.26e-04	0.00e+00	0.00e+00
 4.66599e+22	5.09e-05	4.39e-02	7.31e-01	2.15e-01	9.13e-03	1.95e-04	0.00e+00	0.00e+00
 4.69892e+22	5.76e-05	4.73e-02	7.38e-01	2.06e-01	8.29e-03	1.68e-04	0.00e+00	0.00e+00
 4.73628e+22	6.74e-05	5.19e-02	7.47e-01	1.94e-01	7.31e-03	1.39e-04	0.00e+00	0.00e+00
 4.77360e+22	7.60e-05	5.58e-02	7.52e-01	1.85e-01	6.62e-03	1.20e-04	0.00e+00	0.00e+00
 4.81088e+22	8.82e-05	6.10e-02	7.59e-01	1.74e-01	5.85e-03	1.00e-04	0.00e+00	0.00e+00
 4.84926e+22	1.01e-04	6.59e-02	7.64e-01	1.65e-01	5.24e-03	8.51e-05	0.00e+00	0.00e+00
 4.88350e+22	1.14e-04	7.09e-02	7.68e-01	1.56e-01	4.71e-03	7.27e-05	0.00e+00	0.00e+00
 4.92244e+22	1.34e-04	7.79e-02	7.72e-01	1.46e-01	4.09e-03	5.93e-05	0.00e+00	0.00e+00
 4.96187e+22	1.51e-04	8.38e-02	7.75e-01	1.38e-01	3.65e-03	5.05e-05	0.00e+00	0.00e+00
 5.00192e+22	1.77e-04	9.20e-02	7.77e-01	1.28e-01	3.17e-03	4.11e-05	0.00e+00	0.00e+00
 5.04331e+22	2.04e-04	9.97e-02	7.77e-01	1.20e-01	2.79e-03	3.42e-05	0.00e+00	0.00e+00
 5.08069e+22	2.33e-04	1.08e-01	7.77e-01	1.12e-01	2.45e-03	2.86e-05	0.00e+00	0.00e+00
 5.12352e+22	2.77e-04	1.19e-01	7.76e-01	1.03e-01	2.08e-03	2.26e-05	0.00e+00	0.00e+00
 5.16640e+22	3.15e-04	1.28e-01	7.74e-01	9.57e-02	1.82e-03	1.89e-05	0.00e+00	0.00e+00
 5.20932e+22	3.73e-04	1.42e-01	7.69e-01	8.72e-02	1.54e-03	1.49e-05	0.00e+00	0.00e+00
 5.25310e+22	4.28e-04	1.53e-01	7.65e-01	8.07e-02	1.33e-03	1.23e-05	0.00e+00	0.00e+00
 5.29800e+22	5.09e-04	1.69e-01	7.57e-01	7.28e-02	1.11e-03	9.57e-06	0.00e+00	0.00e+00
 5.34341e+22	5.84e-04	1.82e-01	7.49e-01	6.68e-02	9.54e-04	7.80e-06	0.00e+00	0.00e+00
 5.38948e+22	6.97e-04	2.01e-01	7.38e-01	5.97e-02	7.84e-04	5.99e-06	0.00e+00	0.00e+00
 5.43623e+22	7.99e-04	2.17e-01	7.27e-01	5.44e-02	6.68e-04	4.84e-06	0.00e+00	0.00e+00
 5.48388e+22	9.60e-04	2.40e-01	7.11e-01	4.78e-02	5.38e-04	3.63e-06	0.00e+00	0.00e+00
 5.53185e+22	1.10e-03	2.58e-01	6.97e-01	4.33e-02	4.55e-04	2.92e-06	0.00e+00	0.00e+00
 5.58025e+22	1.32e-03	2.85e-01	6.76e-01	3.76e-02	3.62e-04	2.16e-06	0.00e+00	0.00e+00
 5.62971e+22	1.53e-03	3.06e-01	6.58e-01	3.35e-02	3.00e-04	1.69e-06	0.00e+00	0.00e+00
 5.68056e+22	1.83e-03	3.37e-01	6.32e-01	2.86e-02	2.34e-04	1.23e-06	0.00e+00	0.00e+00
 5.73297e+22	2.12e-03	3.62e-01	6.10e-01	2.51e-02	1.91e-04	9.44e-07	0.00e+00	0.00e+00
 5.78740e+22	2.58e-03	4.00e-01	5.76e-01	2.07e-02	1.44e-04	6.51e-07	0.00e+00	0.00e+00
 5.83471e+22	2.87e-03	4.19e-01	5.59e-01	1.87e-02	1.23e-04	5.35e-07	0.00e+00	0.00e+00
 5.87275e+22	3.28e-03	4.47e-01	5.33e-01	1.62e-02	1.00e-04	4.10e-07	0.00e+00	0.00e+00
 5.91282e+22	3.67e-03	4.71e-01	5.11e-01	1.43e-02	8.39e-05	3.26e-07	0.00e+00	0.00e+00
 5.95551e+22	4.23e-03	5.02e-01	4.81e-01	1.21e-02	6.65e-05	2.41e-07	0.00e+00	0.00e+00
 5.99921e+22	4.79e-03	5.29e-01	4.56e-01	1.04e-02	5.41e-05	1.84e-07	0.00e+00	0.00e+00
 6.03782e+22	5.38e-03	5.55e-01	4.30e-01	8.99e-03	4.43e-05	1.42e-07	0.00e+00	0.00e+00
 6.08165e+22	6.22e-03	5.90e-01	3.97e-01	7.35e-03	3.40e-05	0.00e+00	0.00e+00	0.00e+00
 6.12642e+22	7.04e-03	6.17e-01	3.69e-01	6.18e-03	2.72e-05	0.00e+00	0.00e+00	0.00e+00
 6.16632e+22	7.93e-03	6.45e-01	3.42e-01	5.16e-03	2.17e-05	0.00e+00	0.00e+00	0.00e+00
 6.21208e+22	9.22e-03	6.80e-01	3.07e-01	4.03e-03	1.60e-05	0.00e+00	0.00e+00	0.00e+00
 6.25870e+22	1.05e-02	7.08e-01	2.78e-01	3.25e-03	1.24e-05	0.00e+00	0.00e+00	0.00e+00
 6.29865e+22	1.18e-02	7.33e-01	2.52e-01	2.63e-03	9.69e-06	0.00e+00	0.00e+00	0.00e+00
 6.34282e+22	1.36e-02	7.64e-01	2.21e-01	1.99e-03	7.03e-06	0.00e+00	0.00e+00	0.00e+00
 6.38885e+22	1.56e-02	7.89e-01	1.93e-01	1.52e-03	5.19e-06	0.00e+00	0.00e+00	0.00e+00
 6.42822e+22	1.76e-02	8.10e-01	1.71e-01	1.18e-03	3.95e-06	0.00e+00	0.00e+00	0.00e+00
 6.47034e+22	2.03e-02	8.34e-01	1.44e-01	8.47e-04	2.76e-06	0.00e+00	0.00e+00	0.00e+00
 6.51419e+22	2.33e-02	8.54e-01	1.22e-01	6.13e-04	1.97e-06	0.00e+00	0.00e+00	0.00e+00
 6.55064e+22	2.61e-02	8.68e-01	1.05e-01	4.59e-04	1.46e-06	0.00e+00	0.00e+00	0.00e+00
 6.58837e+22	3.00e-02	8.83e-01	8.62e-02	3.15e-04	9.93e-07	0.00e+00	0.00e+00	0.00e+00
 6.62727e+22	3.45e-02	8.95e-01	7.05e-02	2.16e-04	6.80e-07	0.00e+00	0.00e+00	0.00e+00
 6.66008e+22	3.89e-02	9.03e-01	5.83e-02	1.52e-04	4.79e-07	0.00e+00	0.00e+00	0.00e+00
 6.69515e+22	4.52e-02	9.09e-01	4.54e-02	9.63e-05	3.04e-07	0.00e+00	0.00e+00	0.00e+00
 6.72039e+22	4.92e-02	9.11e-01	3.94e-02	7.44e-05	2.37e-07	0.00e+00	0.00e+00	0.00e+00
 6.72832e+22	5.07e-02	9.12e-01	3.74e-02	6.78e-05	2.16e-07	0.00e+00	0.00e+00	0.00e+00
 6.73379e+22	5.20e-02	9.12e-01	3.57e-02	6.26e-05	1.99e-07	0.00e+00	0.00e+00	0.00e+00
 6.74060e+22	5.38e-02	9.12e-01	3.37e-02	5.63e-05	1.80e-07	0.00e+00	0.00e+00	0.00e+00
 6.74845e+22	5.59e-02	9.13e-01	3.15e-02	5.00e-05	1.60e-07	0.00e+00	0.00e+00	0.00e+00
 6.75618e+22	5.81e-02	9.12e-01	2.95e-02	4.45e-05	1.42e-07	0.00e+00	0.00e+00	0.00e+00
 6.76348e+22	6.02e-02	9.12e-01	2.77e-02	3.98e-05	1.27e-07	0.00e+00	0.00e+00	0.00e+00
 6.77052e+22	6.23e-02	9.12e-01	2.60e-02	3.57e-05	0.00e+00	0.00e+00	0.00e+00	0.00e+00
 6.77766e+22	6.48e-02	9.11e-01	2.43e-02	3.17e-05	0.00e+00	0.00e+00	0.00e+00	0.00e+00
 6.78473e+22	6.72e-02	9.10e-01	2.27e-02	2.82e-05	0.00e+00	0.00e+00	0.00e+00	0.00e+00
 6.79161e+22	6.99e-02	9.09e-01	2.12e-02	2.51e-05	0.00e+00	0.00e+00	0.00e+00	0.00e+00
 6.79827e+22	7.25e-02	9.08e-01	1.98e-02	2.24e-05	0.00e+00	0.00e+00	0.00e+00	0.00e+00
 6.80470e+22	7.53e-02	9.06e-01	1.85e-02	2.00e-05	0.00e+00	0.00e+00	0.00e+00	0.00e+00
 6.81114e+22	7.81e-02	9.05e-01	1.73e-02	1.78e-05	0.00e+00	0.00e+00	0.00e+00	0.00e+00
 6.81771e+22	8.14e-02	9.03e-01	1.61e-02	1.58e-05	0.00e+00	0.00e+00	0.00e+00	0.00e+00
 6.82419e+22	8.46e-02	9.00e-01	1.50e-02	1.41e-05	0.00e+00	0.00e+00	0.00e+00	0.00e+00
 6.83038e+22	8.81e-02	8.98e-01	1.39e-02	1.25e-05	0.00e+00	0.00e+00	0.00e+00	0.00e+00
 6.83639e+22	9.16e-02	8.95e-01	1.30e-02	1.12e-05	0.00e+00	0.00e+00	0.00e+00	0.00e+00
 6.84237e+22	9.55e-02	8.92e-01	1.21e-02	9.93e-06	0.00e+00	0.00e+00	0.00e+00	0.00e+00
 6.84828e+22	9.96e-02	8.89e-01	1.12e-02	8.83e-06	0.00e+00	0.00e+00	0.00e+00	0.00e+00
 6.85387e+22	1.04e-01	8.86e-01	1.04e-02	7.91e-06	0.00e+00	0.00e+00	0.00e+00	0.00e+00
 6.85937e+22	1.08e-01	8.82e-01	9.70e-03	7.08e-06	0.00e+00	0.00e+00	0.00e+00	0.00e+00
 6.86493e+22	1.13e-01	8.78e-01	9.00e-03	6.33e-06	0.00e+00	0.00e+00	0.00e+00	0.00e+00
 6.87048e+22	1.18e-01	8.74e-01	8.34e-03	5.66e-06	0.00e+00	0.00e+00	0.00e+00	0.00e+00
 6.87595e+22	1.23e-01	8.69e-01	7.72e-03	5.06e-06	0.00e+00	0.00e+00	0.00e+00	0.00e+00
 6.88137e+22	1.28e-01	8.65e-01	7.15e-03	4.53e-06	0.00e+00	0.00e+00	0.00e+00	0.00e+00
 6.88674e+22	1.34e-01	8.60e-01	6.63e-03	4.08e-06	0.00e+00	0.00e+00	0.00e+00	0.00e+00
 6.89235e+22	1.40e-01	8.53e-01	6.08e-03	3.62e-06	0.00e+00	0.00e+00	0.00e+00	0.00e+00
 6.89789e+22	1.47e-01	8.47e-01	5.61e-03	3.25e-06	0.00e+00	0.00e+00	0.00e+00	0.00e+00
 6.90313e+22	1.54e-01	8.41e-01	5.16e-03	2.91e-06	0.00e+00	0.00e+00	0.00e+00	0.00e+00
 6.90825e+22	1.61e-01	8.34e-01	4.77e-03	2.63e-06	0.00e+00	0.00e+00	0.00e+00	0.00e+00
 6.91340e+22	1.69e-01	8.26e-01	4.38e-03	2.37e-06	0.00e+00	0.00e+00	0.00e+00	0.00e+00
 6.91864e+22	1.78e-01	8.18e-01	4.02e-03	2.13e-06	0.00e+00	0.00e+00	0.00e+00	0.00e+00
 6.92369e+22	1.87e-01	8.10e-01	3.69e-03	1.93e-06	0.00e+00	0.00e+00	0.00e+00	0.00e+00
 6.92869e+22	1.96e-01	8.01e-01	3.39e-03	1.75e-06	0.00e+00	0.00e+00	0.00e+00	0.00e+00
 6.93381e+22	2.06e-01	7.91e-01	3.10e-03	1.58e-06	0.00e+00	0.00e+00	0.00e+00	0.00e+00
 6.93898e+22	2.17e-01	7.80e-01	2.83e-03	1.43e-06	0.00e+00	0.00e+00	0.00e+00	0.00e+00
 6.94415e+22	2.28e-01	7.69e-01	2.58e-03	1.30e-06	0.00e+00	0.00e+00	0.00e+00	0.00e+00
 6.94930e+22	2.40e-01	7.57e-01	2.35e-03	1.18e-06	0.00e+00	0.00e+00	0.00e+00	0.00e+00
 6.95447e+22	2.53e-01	7.45e-01	2.14e-03	1.07e-06	0.00e+00	0.00e+00	0.00e+00	0.00e+00
 6.95970e+22	2.66e-01	7.32e-01	1.94e-03	9.74e-07	0.00e+00	0.00e+00	0.00e+00	0.00e+00
 6.96501e+22	2.81e-01	7.17e-01	1.75e-03	8.86e-07	0.00e+00	0.00e+00	0.00e+00	0.00e+00
 6.97040e+22	2.96e-01	7.02e-01	1.58e-03	8.06e-07	0.00e+00	0.00e+00	0.00e+00	0.00e+00
 6.97587e+22	3.13e-01	6.86e-01	1.42e-03	7.34e-07	0.00e+00	0.00e+00	0.00e+00	0.00e+00
 6.98143e+22	3.30e-01	6.69e-01	1.27e-03	6.68e-07	0.00e+00	0.00e+00	0.00e+00	0.00e+00
 6.98709e+22	3.48e-01	6.51e-01	1.14e-03	6.08e-07	0.00e+00	0.00e+00	0.00e+00	0.00e+00
 6.99288e+22	3.67e-01	6.32e-01	1.01e-03	5.54e-07	0.00e+00	0.00e+00	0.00e+00	0.00e+00
 6.99777e+22	3.83e-01	6.16e-01	9.20e-04	5.15e-07	0.00e+00	0.00e+00	0.00e+00	0.00e+00
 7.00140e+22	3.95e-01	6.04e-01	8.55e-04	4.87e-07	0.00e+00	0.00e+00	0.00e+00	0.00e+00
 7.00487e+22	4.07e-01	5.92e-01	7.95e-04	4.62e-07	0.00e+00	0.00e+00	0.00e+00	0.00e+00
 7.00868e+22	4.20e-01	5.79e-01	7.34e-04	4.36e-07	0.00e+00	0.00e+00	0.00e+00	0.00e+00
 7.01276e+22	4.35e-01	5.64e-01	6.74e-04	4.10e-07	0.00e+00	0.00e+00	0.00e+00	0.00e+00
 7.01681e+22	4.50e-01	5.50e-01	6.19e-04	3.86e-07	0.00e+00	0.00e+00	0.00e+00	0.00e+00
 7.02073e+22	4.63e-01	5.36e-01	5.71e-04	3.65e-07	0.00e+00	0.00e+00	0.00e+00	0.00e+00
 7.02473e+22	4.77e-01	5.22e-01	5.23e-04	3.45e-07	0.00e+00	0.00e+00	0.00e+00	0.00e+00
 7.02886e+22	4.92e-01	5.07e-01	4.79e-04	3.25e-07	0.00e+00	0.00e+00	0.00e+00	0.00e+00
 7.03295e+22	5.07e-01	4.93e-01	4.39e-04	3.07e-07	0.00e+00	0.00e+00	0.00e+00	0.00e+00
 7.03706e+22	5.21e-01	4.79e-01	4.02e-04	2.91e-07	0.00e+00	0.00e+00	0.00e+00	0.00e+00
 7.04127e+22	5.36e-01	4.64e-01	3.67e-04	2.74e-07	0.00e+00	0.00e+00	0.00e+00	0.00e+00
 7.04559e+22	5.50e-01	4.49e-01	3.35e-04	2.59e-07	0.00e+00	0.00e+00	0.00e+00	0.00e+00
 7.04997e+22	5.65e-01	4.35e-01	3.04e-04	2.45e-07	0.00e+00	0.00e+00	0.00e+00	0.00e+00
 7.05440e+22	5.80e-01	4.20e-01	2.76e-04	2.31e-07	0.00e+00	0.00e+00	0.00e+00	0.00e+00
 7.05882e+22	5.94e-01	4.05e-01	2.51e-04	2.19e-07	0.00e+00	0.00e+00	0.00e+00	0.00e+00
 7.06331e+22	6.09e-01	3.91e-01	2.28e-04	2.07e-07	0.00e+00	0.00e+00	0.00e+00	0.00e+00
 7.06796e+22	6.23e-01	3.76e-01	2.06e-04	1.95e-07	0.00e+00	0.00e+00	0.00e+00	0.00e+00
 7.07272e+22	6.38e-01	3.62e-01	1.85e-04	1.84e-07	0.00e+00	0.00e+00	0.00e+00	0.00e+00
 7.07754e+22	6.52e-01	3.47e-01	1.67e-04	1.74e-07	0.00e+00	0.00e+00	0.00e+00	0.00e+00
 7.08238e+22	6.66e-01	3.33e-01	1.50e-04	1.64e-07	0.00e+00	0.00e+00	0.00e+00	0.00e+00
 7.08729e+22	6.80e-01	3.20e-01	1.35e-04	1.55e-07	0.00e+00	0.00e+00	0.00e+00	0.00e+00
 7.09237e+22	6.94e-01	3.06e-01	1.20e-04	1.46e-07	0.00e+00	0.00e+00	0.00e+00	0.00e+00
 7.09757e+22	7.08e-01	2.92e-01	1.07e-04	1.38e-07	0.00e+00	0.00e+00	0.00e+00	0.00e+00
 7.10282e+22	7.21e-01	2.79e-01	9.57e-05	1.30e-07	0.00e+00	0.00e+00	0.00e+00	0.00e+00
 7.10812e+22	7.34e-01	2.65e-01	8.51e-05	1.23e-07	0.00e+00	0.00e+00	0.00e+00	0.00e+00
 7.11354e+22	7.47e-01	2.53e-01	7.56e-05	1.16e-07	0.00e+00	0.00e+00	0.00e+00	0.00e+00
 7.11911e+22	7.60e-01	2.40e-01	6.68e-05	1.09e-07	0.00e+00	0.00e+00	0.00e+00	0.00e+00
 7.12476e+22	7.72e-01	2.28e-01	5.91e-05	1.03e-07	0.00e+00	0.00e+00	0.00e+00	0.00e+00
 7.13046e+22	7.84e-01	2.16e-01	5.21e-05	0.00e+00	0.00e+00	0.00e+00	0.00e+00	0.00e+00
 7.13620e+22	7.96e-01	2.04e-01	4.60e-05	0.00e+00	0.00e+00	0.00e+00	0.00e+00	0.00e+00
 7.14201e+22	8.07e-01	1.93e-01	4.04e-05	0.00e+00	0.00e+00	0.00e+00	0.00e+00	0.00e+00
 7.14793e+22	8.18e-01	1.82e-01	3.55e-05	0.00e+00	0.00e+00	0.00e+00	0.00e+00	0.00e+00
 7.15387e+22	8.29e-01	1.71e-01	3.12e-05	0.00e+00	0.00e+00	0.00e+00	0.00e+00	0.00e+00
 7.15976e+22	8.39e-01	1.61e-01	2.75e-05	0.00e+00	0.00e+00	0.00e+00	0.00e+00	0.00e+00
 7.16563e+22	8.48e-01	1.52e-01	2.42e-05	0.00e+00	0.00e+00	0.00e+00	0.00e+00	0.00e+00
 7.17164e+22	8.58e-01	1.42e-01	2.12e-05	0.00e+00	0.00e+00	0.00e+00	0.00e+00	0.00e+00
 7.17767e+22	8.66e-01	1.34e-01	1.87e-05	0.00e+00	0.00e+00	0.00e+00	0.00e+00	0.00e+00
 7.18364e+22	8.75e-01	1.25e-01	1.64e-05	0.00e+00	0.00e+00	0.00e+00	0.00e+00	0.00e+00
 7.18961e+22	8.83e-01	1.17e-01	1.45e-05	0.00e+00	0.00e+00	0.00e+00	0.00e+00	0.00e+00
 7.19556e+22	8.90e-01	1.10e-01	1.28e-05	0.00e+00	0.00e+00	0.00e+00	0.00e+00	0.00e+00
 7.20151e+22	8.97e-01	1.03e-01	1.13e-05	0.00e+00	0.00e+00	0.00e+00	0.00e+00	0.00e+00
 7.20745e+22	9.04e-01	9.60e-02	9.96e-06	0.00e+00	0.00e+00	0.00e+00	0.00e+00	0.00e+00
 7.21336e+22	9.10e-01	8.95e-02	8.82e-06	0.00e+00	0.00e+00	0.00e+00	0.00e+00	0.00e+00
 7.21922e+22	9.17e-01	8.35e-02	7.83e-06	0.00e+00	0.00e+00	0.00e+00	0.00e+00	0.00e+00
 7.22504e+22	9.22e-01	7.78e-02	6.97e-06	0.00e+00	0.00e+00	0.00e+00	0.00e+00	0.00e+00
 7.23080e+22	9.28e-01	7.25e-02	6.23e-06	0.00e+00	0.00e+00	0.00e+00	0.00e+00	0.00e+00
 7.23631e+22	9.32e-01	6.77e-02	5.61e-06	0.00e+00	0.00e+00	0.00e+00	0.00e+00	0.00e+00
 7.24149e+22	9.36e-01	6.35e-02	5.09e-06	0.00e+00	0.00e+00	0.00e+00	0.00e+00	0.00e+00
 7.24637e+22	9.40e-01	5.97e-02	4.66e-06	0.00e+00	0.00e+00	0.00e+00	0.00e+00	0.00e+00
 7.25099e+22	9.44e-01	5.64e-02	4.29e-06	0.00e+00	0.00e+00	0.00e+00	0.00e+00	0.00e+00
 7.25540e+22	9.47e-01	5.33e-02	3.98e-06	0.00e+00	0.00e+00	0.00e+00	0.00e+00	0.00e+00
 7.25960e+22	9.49e-01	5.06e-02	3.70e-06	0.00e+00	0.00e+00	0.00e+00	0.00e+00	0.00e+00
 7.26361e+22	9.52e-01	4.80e-02	3.46e-06	0.00e+00	0.00e+00	0.00e+00	0.00e+00	0.00e+00
 7.26738e+22	9.54e-01	4.58e-02	3.26e-06	0.00e+00	0.00e+00	0.00e+00	0.00e+00	0.00e+00
 7.27089e+22	9.56e-01	4.38e-02	3.09e-06	0.00e+00	0.00e+00	0.00e+00	0.00e+00	0.00e+00
 7.27434e+22	9.58e-01	4.19e-02	2.93e-06	0.00e+00	0.00e+00	0.00e+00	0.00e+00	0.00e+00
 7.27775e+22	9.60e-01	4.02e-02	2.79e-06	0.00e+00	0.00e+00	0.00e+00	0.00e+00	0.00e+00
 7.28103e+22	9.61e-01	3.87e-02	2.66e-06	0.00e+00	0.00e+00	0.00e+00	0.00e+00	0.00e+00
 7.28407e+22	9.63e-01	3.73e-02	2.55e-06	0.00e+00	0.00e+00	0.00e+00	0.00e+00	0.00e+00
 7.28685e+22	9.64e-01	3.61e-02	2.46e-06	0.00e+00	0.00e+00	0.00e+00	0.00e+00	0.00e+00
 7.28937e+22	9.65e-01	3.51e-02	2.39e-06	0.00e+00	0.00e+00	0.00e+00	0.00e+00	0.00e+00
 7.29166e+22	9.66e-01	3.43e-02	2.32e-06	0.00e+00	0.00e+00	0.00e+00	0.00e+00	0.00e+00
 7.29375e+22	9.66e-01	3.35e-02	2.27e-06	0.00e+00	0.00e+00	0.00e+00	0.00e+00	0.00e+00
 7.29565e+22	9.67e-01	3.29e-02	2.22e-06	0.00e+00	0.00e+00	0.00e+00	0.00e+00	0.00e+00
 7.29738e+22	9.68e-01	3.23e-02	2.18e-06	0.00e+00	0.00e+00	0.00e+00	0.00e+00	0.00e+00
 7.29928e+22	9.68e-01	3.17e-02	2.13e-06	0.00e+00	0.00e+00	0.00e+00	0.00e+00	0.00e+00
 7.30133e+22	9.69e-01	3.11e-02	2.09e-06	0.00e+00	0.00e+00	0.00e+00	0.00e+00	0.00e+00
 7.30357e+22	9.70e-01	3.04e-02	2.04e-06	0.00e+00	0.00e+00	0.00e+00	0.00e+00	0.00e+00
 7.30599e+22	9.70e-01	2.97e-02	1.99e-06	0.00e+00	0.00e+00	0.00e+00	0.00e+00	0.00e+00
 7.30819e+22	9.71e-01	2.92e-02	1.95e-06	0.00e+00	0.00e+00	0.00e+00	0.00e+00	0.00e+00
 7.31020e+22	9.71e-01	2.87e-02	1.91e-06	0.00e+00	0.00e+00	0.00e+00	0.00e+00	0.00e+00
 7.31202e+22	9.72e-01	2.83e-02	1.89e-06	0.00e+00	0.00e+00	0.00e+00	0.00e+00	0.00e+00
 7.31368e+22	9.72e-01	2.80e-02	1.86e-06	0.00e+00	0.00e+00	0.00e+00	0.00e+00	0.00e+00
 7.31519e+22	9.72e-01	2.77e-02	1.84e-06	0.00e+00	0.00e+00	0.00e+00	0.00e+00	0.00e+00
 7.31685e+22	9.73e-01	2.73e-02	1.81e-06	0.00e+00	0.00e+00	0.00e+00	0.00e+00	0.00e+00
 7.31864e+22	9.73e-01	2.70e-02	1.79e-06	0.00e+00	0.00e+00	0.00e+00	0.00e+00	0.00e+00
 7.32060e+22	9.73e-01	2.66e-02	1.76e-06	0.00e+00	0.00e+00	0.00e+00	0.00e+00	0.00e+00
 7.32271e+22	9.74e-01	2.62e-02	1.73e-06	0.00e+00	0.00e+00	0.00e+00	0.00e+00	0.00e+00
 7.32463e+22	9.74e-01	2.59e-02	1.71e-06	0.00e+00	0.00e+00	0.00e+00	0.00e+00	0.00e+00
 7.32674e+22	9.74e-01	2.56e-02	1.68e-06	0.00e+00	0.00e+00	0.00e+00	0.00e+00	0.00e+00
 7.32902e+22	9.75e-01	2.52e-02	1.66e-06	0.00e+00	0.00e+00	0.00e+00	0.00e+00	0.00e+00
 7.33109e+22	9.75e-01	2.49e-02	1.63e-06	0.00e+00	0.00e+00	0.00e+00	0.00e+00	0.00e+00
 7.33297e+22	9.75e-01	2.46e-02	1.61e-06	0.00e+00	0.00e+00	0.00e+00	0.00e+00	0.00e+00
 7.33504e+22	9.76e-01	2.43e-02	1.59e-06	0.00e+00	0.00e+00	0.00e+00	0.00e+00	0.00e+00
 7.33727e+22	9.76e-01	2.40e-02	1.57e-06	0.00e+00	0.00e+00	0.00e+00	0.00e+00	0.00e+00
 7.33930e+22	9.76e-01	2.38e-02	1.55e-06	0.00e+00	0.00e+00	0.00e+00	0.00e+00	0.00e+00
 7.34115e+22	9.76e-01	2.35e-02	1.54e-06	0.00e+00	0.00e+00	0.00e+00	0.00e+00	0.00e+00
 7.34317e+22	9.77e-01	2.33e-02	1.52e-06	0.00e+00	0.00e+00	0.00e+00	0.00e+00	0.00e+00
 7.34535e+22	9.77e-01	2.30e-02	1.51e-06	0.00e+00	0.00e+00	0.00e+00	0.00e+00	0.00e+00
 7.34734e+22	9.77e-01	2.28e-02	1.49e-06	0.00e+00	0.00e+00	0.00e+00	0.00e+00	0.00e+00
 7.34915e+22	9.77e-01	2.26e-02	1.48e-06	0.00e+00	0.00e+00	0.00e+00	0.00e+00	0.00e+00
 7.35113e+22	9.78e-01	2.24e-02	1.47e-06	0.00e+00	0.00e+00	0.00e+00	0.00e+00	0.00e+00
 7.35327e+22	9.78e-01	2.22e-02	1.46e-06	0.00e+00	0.00e+00	0.00e+00	0.00e+00	0.00e+00
 7.35522e+22	9.78e-01	2.20e-02	1.45e-06	0.00e+00	0.00e+00	0.00e+00	0.00e+00	0.00e+00
 7.35699e+22	9.78e-01	2.18e-02	1.44e-06	0.00e+00	0.00e+00	0.00e+00	0.00e+00	0.00e+00
 7.35860e+22	9.78e-01	2.17e-02	1.44e-06	0.00e+00	0.00e+00	0.00e+00	0.00e+00	0.00e+00
 7.36007e+22	9.78e-01	2.16e-02	1.43e-06	0.00e+00	0.00e+00	0.00e+00	0.00e+00	0.00e+00
 7.36168e+22	9.79e-01	2.14e-02	1.42e-06	0.00e+00	0.00e+00	0.00e+00	0.00e+00	0.00e+00
 7.36342e+22	9.79e-01	2.13e-02	1.41e-06	0.00e+00	0.00e+00	0.00e+00	0.00e+00	0.00e+00
 7.36500e+22	9.79e-01	2.11e-02	1.40e-06	0.00e+00	0.00e+00	0.00e+00	0.00e+00	0.00e+00
 7.36673e+22	9.79e-01	2.09e-02	1.40e-06	0.00e+00	0.00e+00	0.00e+00	0.00e+00	0.00e+00
 7.36860e+22	9.79e-01	2.08e-02	1.39e-06	0.00e+00	0.00e+00	0.00e+00	0.00e+00	0.00e+00
 7.37030e+22	9.79e-01	2.06e-02	1.38e-06	0.00e+00	0.00e+00	0.00e+00	0.00e+00	0.00e+00
 7.37216e+22	9.80e-01	2.05e-02	1.37e-06	0.00e+00	0.00e+00	0.00e+00	0.00e+00	0.00e+00
 7.37417e+22	9.80e-01	2.03e-02	1.36e-06	0.00e+00	0.00e+00	0.00e+00	0.00e+00	0.00e+00
 7.37600e+22	9.80e-01	2.02e-02	1.36e-06	0.00e+00	0.00e+00	0.00e+00	0.00e+00	0.00e+00
 7.37801e+22	9.80e-01	2.00e-02	1.35e-06	0.00e+00	0.00e+00	0.00e+00	0.00e+00	0.00e+00
 7.38018e+22	9.80e-01	1.98e-02	1.34e-06	0.00e+00	0.00e+00	0.00e+00	0.00e+00	0.00e+00
 7.38255e+22	9.80e-01	1.96e-02	1.33e-06	0.00e+00	0.00e+00	0.00e+00	0.00e+00	0.00e+00
 7.38511e+22	9.81e-01	1.94e-02	1.32e-06	0.00e+00	0.00e+00	0.00e+00	0.00e+00	0.00e+00
 7.38744e+22	9.81e-01	1.92e-02	1.31e-06	0.00e+00	0.00e+00	0.00e+00	0.00e+00	0.00e+00
 7.38956e+22	9.81e-01	1.90e-02	1.30e-06	0.00e+00	0.00e+00	0.00e+00	0.00e+00	0.00e+00
 7.39150e+22	9.81e-01	1.89e-02	1.29e-06	0.00e+00	0.00e+00	0.00e+00	0.00e+00	0.00e+00
 7.39361e+22	9.81e-01	1.87e-02	1.29e-06	0.00e+00	0.00e+00	0.00e+00	0.00e+00	0.00e+00
 7.39590e+22	9.81e-01	1.85e-02	1.28e-06	0.00e+00	0.00e+00	0.00e+00	0.00e+00	0.00e+00
 7.39840e+22	9.82e-01	1.83e-02	1.27e-06	0.00e+00	0.00e+00	0.00e+00	0.00e+00	0.00e+00
 7.40110e+22	9.82e-01	1.81e-02	1.26e-06	0.00e+00	0.00e+00	0.00e+00	0.00e+00	0.00e+00
 7.40356e+22	9.82e-01	1.79e-02	1.25e-06	0.00e+00	0.00e+00	0.00e+00	0.00e+00	0.00e+00
 7.40580e+22	9.82e-01	1.78e-02	1.25e-06	0.00e+00	0.00e+00	0.00e+00	0.00e+00	0.00e+00
 7.40783e+22	9.82e-01	1.77e-02	1.24e-06	0.00e+00	0.00e+00	0.00e+00	0.00e+00	0.00e+00
 7.41007e+22	9.83e-01	1.75e-02	1.23e-06	0.00e+00	0.00e+00	0.00e+00	0.00e+00	0.00e+00
 7.41247e+22	9.83e-01	1.73e-02	1.22e-06	0.00e+00	0.00e+00	0.00e+00	0.00e+00	0.00e+00
 7.41467e+22	9.83e-01	1.72e-02	1.22e-06	0.00e+00	0.00e+00	0.00e+00	0.00e+00	0.00e+00
 7.41707e+22	9.83e-01	1.70e-02	1.21e-06	0.00e+00	0.00e+00	0.00e+00	0.00e+00	0.00e+00
 7.41966e+22	9.83e-01	1.69e-02	1.20e-06	0.00e+00	0.00e+00	0.00e+00	0.00e+00	0.00e+00
 7.42202e+22	9.83e-01	1.67e-02	1.20e-06	0.00e+00	0.00e+00	0.00e+00	0.00e+00	0.00e+00
 7.42417e+22	9.83e-01	1.66e-02	1.19e-06	0.00e+00	0.00e+00	0.00e+00	0.00e+00	0.00e+00
 7.42652e+22	9.84e-01	1.64e-02	1.18e-06	0.00e+00	0.00e+00	0.00e+00	0.00e+00	0.00e+00
 7.42958e+22	9.84e-01	1.62e-02	1.17e-06	0.00e+00	0.00e+00	0.00e+00	0.00e+00	0.00e+00
 7.43288e+22	9.84e-01	1.60e-02	1.17e-06	0.00e+00	0.00e+00	0.00e+00	0.00e+00	0.00e+00
 7.43589e+22	9.84e-01	1.58e-02	1.16e-06	0.00e+00	0.00e+00	0.00e+00	0.00e+00	0.00e+00
 7.43862e+22	9.84e-01	1.57e-02	1.15e-06	0.00e+00	0.00e+00	0.00e+00	0.00e+00	0.00e+00
 7.44111e+22	9.84e-01	1.55e-02	1.15e-06	0.00e+00	0.00e+00	0.00e+00	0.00e+00	0.00e+00
 7.44384e+22	9.85e-01	1.54e-02	1.14e-06	0.00e+00	0.00e+00	0.00e+00	0.00e+00	0.00e+00
 7.44678e+22	9.85e-01	1.52e-02	1.13e-06	0.00e+00	0.00e+00	0.00e+00	0.00e+00	0.00e+00
 7.44946e+22	9.85e-01	1.51e-02	1.13e-06	0.00e+00	0.00e+00	0.00e+00	0.00e+00	0.00e+00
 7.45240e+22	9.85e-01	1.49e-02	1.12e-06	0.00e+00	0.00e+00	0.00e+00	0.00e+00	0.00e+00
 7.45557e+22	9.85e-01	1.47e-02	1.11e-06	0.00e+00	0.00e+00	0.00e+00	0.00e+00	0.00e+00
 7.45845e+22	9.85e-01	1.46e-02	1.10e-06	0.00e+00	0.00e+00	0.00e+00	0.00e+00	0.00e+00
 7.46161e+22	9.86e-01	1.44e-02	1.10e-06	0.00e+00	0.00e+00	0.00e+00	0.00e+00	0.00e+00
 7.46503e+22	9.86e-01	1.42e-02	1.09e-06	0.00e+00	0.00e+00	0.00e+00	0.00e+00	0.00e+00
 7.46813e+22	9.86e-01	1.41e-02	1.08e-06	0.00e+00	0.00e+00	0.00e+00	0.00e+00	0.00e+00
 7.47153e+22	9.86e-01	1.39e-02	1.08e-06	0.00e+00	0.00e+00	0.00e+00	0.00e+00	0.00e+00
 7.47521e+22	9.86e-01	1.37e-02	1.07e-06	0.00e+00	0.00e+00	0.00e+00	0.00e+00	0.00e+00
 7.47855e+22	9.86e-01	1.35e-02	1.06e-06	0.00e+00	0.00e+00	0.00e+00	0.00e+00	0.00e+00
 7.48221e+22	9.87e-01	1.34e-02	1.06e-06	0.00e+00	0.00e+00	0.00e+00	0.00e+00	0.00e+00
 7.48617e+22	9.87e-01	1.32e-02	1.05e-06	0.00e+00	0.00e+00	0.00e+00	0.00e+00	0.00e+00
 7.48977e+22	9.87e-01	1.30e-02	1.04e-06	0.00e+00	0.00e+00	0.00e+00	0.00e+00	0.00e+00
 7.49304e+22	9.87e-01	1.29e-02	1.03e-06	0.00e+00	0.00e+00	0.00e+00	0.00e+00	0.00e+00
 7.49663e+22	9.87e-01	1.27e-02	1.03e-06	0.00e+00	0.00e+00	0.00e+00	0.00e+00	0.00e+00
 7.50050e+22	9.87e-01	1.25e-02	1.02e-06	0.00e+00	0.00e+00	0.00e+00	0.00e+00	0.00e+00
 7.50403e+22	9.88e-01	1.24e-02	1.02e-06	0.00e+00	0.00e+00	0.00e+00	0.00e+00	0.00e+00
 7.50789e+22	9.88e-01	1.22e-02	1.01e-06	0.00e+00	0.00e+00	0.00e+00	0.00e+00	0.00e+00
 7.51206e+22	9.88e-01	1.20e-02	1.00e-06	0.00e+00	0.00e+00	0.00e+00	0.00e+00	0.00e+00
 7.51586e+22	9.88e-01	1.19e-02	9.94e-07	0.00e+00	0.00e+00	0.00e+00	0.00e+00	0.00e+00
 7.52001e+22	9.88e-01	1.17e-02	9.87e-07	0.00e+00	0.00e+00	0.00e+00	0.00e+00	0.00e+00
 7.52450e+22	9.88e-01	1.15e-02	9.80e-07	0.00e+00	0.00e+00	0.00e+00	0.00e+00	0.00e+00
 7.52859e+22	9.89e-01	1.14e-02	9.73e-07	0.00e+00	0.00e+00	0.00e+00	0.00e+00	0.00e+00
 7.53231e+22	9.89e-01	1.12e-02	9.68e-07	0.00e+00	0.00e+00	0.00e+00	0.00e+00	0.00e+00
 7.53638e+22	9.89e-01	1.11e-02	9.61e-07	0.00e+00	0.00e+00	0.00e+00	0.00e+00	0.00e+00
 7.54078e+22	9.89e-01	1.09e-02	9.55e-07	0.00e+00	0.00e+00	0.00e+00	0.00e+00	0.00e+00
 7.54478e+22	9.89e-01	1.08e-02	9.49e-07	0.00e+00	0.00e+00	0.00e+00	0.00e+00	0.00e+00
 7.54917e+22	9.89e-01	1.06e-02	9.41e-07	0.00e+00	0.00e+00	0.00e+00	0.00e+00	0.00e+00
 7.55390e+22	9.90e-01	1.04e-02	9.35e-07	0.00e+00	0.00e+00	0.00e+00	0.00e+00	0.00e+00
 7.55821e+22	9.90e-01	1.03e-02	9.29e-07	0.00e+00	0.00e+00	0.00e+00	0.00e+00	0.00e+00
 7.56293e+22	9.90e-01	1.01e-02	9.21e-07	0.00e+00	0.00e+00	0.00e+00	0.00e+00	0.00e+00
 7.56803e+22	9.90e-01	9.94e-03	9.15e-07	0.00e+00	0.00e+00	0.00e+00	0.00e+00	0.00e+00
 7.57267e+22	9.90e-01	9.80e-03	9.08e-07	0.00e+00	0.00e+00	0.00e+00	0.00e+00	0.00e+00
 7.57775e+22	9.90e-01	9.63e-03	9.01e-07	0.00e+00	0.00e+00	0.00e+00	0.00e+00	0.00e+00
 7.58324e+22	9.91e-01	9.44e-03	8.93e-07	0.00e+00	0.00e+00	0.00e+00	0.00e+00	0.00e+00
 7.58823e+22	9.91e-01	9.30e-03	8.87e-07	0.00e+00	0.00e+00	0.00e+00	0.00e+00	0.00e+00
 7.59277e+22	9.91e-01	9.17e-03	8.82e-07	0.00e+00	0.00e+00	0.00e+00	0.00e+00	0.00e+00
 7.59775e+22	9.91e-01	9.02e-03	8.75e-07	0.00e+00	0.00e+00	0.00e+00	0.00e+00	0.00e+00
 7.60313e+22	9.91e-01	8.86e-03	8.68e-07	0.00e+00	0.00e+00	0.00e+00	0.00e+00	0.00e+00
 7.60802e+22	9.91e-01	8.72e-03	8.62e-07	0.00e+00	0.00e+00	0.00e+00	0.00e+00	0.00e+00
 7.61338e+22	9.91e-01	8.56e-03	8.55e-07	0.00e+00	0.00e+00	0.00e+00	0.00e+00	0.00e+00
 7.61917e+22	9.92e-01	8.40e-03	8.48e-07	0.00e+00	0.00e+00	0.00e+00	0.00e+00	0.00e+00
 7.62443e+22	9.92e-01	8.26e-03	8.42e-07	0.00e+00	0.00e+00	0.00e+00	0.00e+00	0.00e+00
 7.63020e+22	9.92e-01	8.10e-03	8.34e-07	0.00e+00	0.00e+00	0.00e+00	0.00e+00	0.00e+00
 7.63643e+22	9.92e-01	7.93e-03	8.27e-07	0.00e+00	0.00e+00	0.00e+00	0.00e+00	0.00e+00
 7.64210e+22	9.92e-01	7.79e-03	8.21e-07	0.00e+00	0.00e+00	0.00e+00	0.00e+00	0.00e+00
 7.64726e+22	9.92e-01	7.68e-03	8.16e-07	0.00e+00	0.00e+00	0.00e+00	0.00e+00	0.00e+00
 7.65291e+22	9.92e-01	7.53e-03	8.09e-07	0.00e+00	0.00e+00	0.00e+00	0.00e+00	0.00e+00
 7.65902e+22	9.93e-01	7.38e-03	8.03e-07	0.00e+00	0.00e+00	0.00e+00	0.00e+00	0.00e+00
 7.66570e+22	9.93e-01	7.21e-03	7.94e-07	0.00e+00	0.00e+00	0.00e+00	0.00e+00	0.00e+00
 7.67422e+22	9.93e-01	6.98e-03	7.84e-07	0.00e+00	0.00e+00	0.00e+00	0.00e+00	0.00e+00
 7.68338e+22	9.93e-01	6.77e-03	7.75e-07	0.00e+00	0.00e+00	0.00e+00	0.00e+00	0.00e+00
 7.69200e+22	9.93e-01	6.59e-03	7.67e-07	0.00e+00	0.00e+00	0.00e+00	0.00e+00	0.00e+00
 7.70039e+22	9.94e-01	6.42e-03	7.58e-07	0.00e+00	0.00e+00	0.00e+00	0.00e+00	0.00e+00
 7.70912e+22	9.94e-01	6.24e-03	7.50e-07	0.00e+00	0.00e+00	0.00e+00	0.00e+00	0.00e+00
 7.71822e+22	9.94e-01	6.07e-03	7.41e-07	0.00e+00	0.00e+00	0.00e+00	0.00e+00	0.00e+00
 7.72732e+22	9.94e-01	5.90e-03	7.33e-07	0.00e+00	0.00e+00	0.00e+00	0.00e+00	0.00e+00
 7.73647e+22	9.94e-01	5.73e-03	7.24e-07	0.00e+00	0.00e+00	0.00e+00	0.00e+00	0.00e+00
 7.74570e+22	9.94e-01	5.57e-03	7.16e-07	0.00e+00	0.00e+00	0.00e+00	0.00e+00	0.00e+00
 7.75496e+22	9.95e-01	5.41e-03	7.08e-07	0.00e+00	0.00e+00	0.00e+00	0.00e+00	0.00e+00
 7.76429e+22	9.95e-01	5.26e-03	7.00e-07	0.00e+00	0.00e+00	0.00e+00	0.00e+00	0.00e+00
 7.77372e+22	9.95e-01	5.11e-03	6.92e-07	0.00e+00	0.00e+00	0.00e+00	0.00e+00	0.00e+00
 7.78325e+22	9.95e-01	4.96e-03	6.84e-07	0.00e+00	0.00e+00	0.00e+00	0.00e+00	0.00e+00
 7.79286e+22	9.95e-01	4.82e-03	6.76e-07	0.00e+00	0.00e+00	0.00e+00	0.00e+00	0.00e+00
 7.80254e+22	9.95e-01	4.68e-03	6.69e-07	0.00e+00	0.00e+00	0.00e+00	0.00e+00	0.00e+00
 7.81230e+22	9.95e-01	4.54e-03	6.61e-07	0.00e+00	0.00e+00	0.00e+00	0.00e+00	0.00e+00
 7.82214e+22	9.96e-01	4.41e-03	6.53e-07	0.00e+00	0.00e+00	0.00e+00	0.00e+00	0.00e+00
 7.83207e+22	9.96e-01	4.28e-03	6.46e-07	0.00e+00	0.00e+00	0.00e+00	0.00e+00	0.00e+00
 7.84210e+22	9.96e-01	4.15e-03	6.38e-07	0.00e+00	0.00e+00	0.00e+00	0.00e+00	0.00e+00
 7.85223e+22	9.96e-01	4.03e-03	6.31e-07	0.00e+00	0.00e+00	0.00e+00	0.00e+00	0.00e+00
 7.86244e+22	9.96e-01	3.91e-03	6.23e-07	0.00e+00	0.00e+00	0.00e+00	0.00e+00	0.00e+00
 7.87274e+22	9.96e-01	3.79e-03	6.16e-07	0.00e+00	0.00e+00	0.00e+00	0.00e+00	0.00e+00
 7.88314e+22	9.96e-01	3.67e-03	6.09e-07	0.00e+00	0.00e+00	0.00e+00	0.00e+00	0.00e+00
 7.89371e+22	9.96e-01	3.56e-03	6.01e-07	0.00e+00	0.00e+00	0.00e+00	0.00e+00	0.00e+00
 7.90456e+22	9.97e-01	3.45e-03	5.94e-07	0.00e+00	0.00e+00	0.00e+00	0.00e+00	0.00e+00
 7.91566e+22	9.97e-01	3.34e-03	5.86e-07	0.00e+00	0.00e+00	0.00e+00	0.00e+00	0.00e+00
 7.92686e+22	9.97e-01	3.23e-03	5.78e-07	0.00e+00	0.00e+00	0.00e+00	0.00e+00	0.00e+00
 7.93819e+22	9.97e-01	3.13e-03	5.71e-07	0.00e+00	0.00e+00	0.00e+00	0.00e+00	0.00e+00
 7.94968e+22	9.97e-01	3.03e-03	5.63e-07	0.00e+00	0.00e+00	0.00e+00	0.00e+00	0.00e+00
 7.96134e+22	9.97e-01	2.93e-03	5.56e-07	0.00e+00	0.00e+00	0.00e+00	0.00e+00	0.00e+00
 7.97317e+22	9.97e-01	2.83e-03	5.48e-07	0.00e+00	0.00e+00	0.00e+00	0.00e+00	0.00e+00
 7.98523e+22	9.97e-01	2.74e-03	5.40e-07	0.00e+00	0.00e+00	0.00e+00	0.00e+00	0.00e+00
 7.99753e+22	9.97e-01	2.64e-03	5.33e-07	0.00e+00	0.00e+00	0.00e+00	0.00e+00	0.00e+00
 8.01015e+22	9.97e-01	2.55e-03	5.25e-07	0.00e+00	0.00e+00	0.00e+00	0.00e+00	0.00e+00
 8.02316e+22	9.98e-01	2.46e-03	5.16e-07	0.00e+00	0.00e+00	0.00e+00	0.00e+00	0.00e+00
 8.03653e+22	9.98e-01	2.37e-03	5.08e-07	0.00e+00	0.00e+00	0.00e+00	0.00e+00	0.00e+00
 8.05015e+22	9.98e-01	2.28e-03	5.00e-07	0.00e+00	0.00e+00	0.00e+00	0.00e+00	0.00e+00
 8.06405e+22	9.98e-01	2.20e-03	4.92e-07	0.00e+00	0.00e+00	0.00e+00	0.00e+00	0.00e+00
 8.07828e+22	9.98e-01	2.11e-03	4.83e-07	0.00e+00	0.00e+00	0.00e+00	0.00e+00	0.00e+00
 8.09286e+22	9.98e-01	2.03e-03	4.75e-07	0.00e+00	0.00e+00	0.00e+00	0.00e+00	0.00e+00
 8.10780e+22	9.98e-01	1.95e-03	4.66e-07	0.00e+00	0.00e+00	0.00e+00	0.00e+00	0.00e+00
 8.12318e+22	9.98e-01	1.87e-03	4.57e-07	0.00e+00	0.00e+00	0.00e+00	0.00e+00	0.00e+00
 8.13905e+22	9.98e-01	1.79e-03	4.48e-07	0.00e+00	0.00e+00	0.00e+00	0.00e+00	0.00e+00
 8.15537e+22	9.98e-01	1.72e-03	4.39e-07	0.00e+00	0.00e+00	0.00e+00	0.00e+00	0.00e+00
 8.17216e+22	9.98e-01	1.64e-03	4.30e-07	0.00e+00	0.00e+00	0.00e+00	0.00e+00	0.00e+00
 8.18943e+22	9.98e-01	1.57e-03	4.21e-07	0.00e+00	0.00e+00	0.00e+00	0.00e+00	0.00e+00
 8.20722e+22	9.99e-01	1.50e-03	4.11e-07	0.00e+00	0.00e+00	0.00e+00	0.00e+00	0.00e+00
 8.22561e+22	9.99e-01	1.43e-03	4.01e-07	0.00e+00	0.00e+00	0.00e+00	0.00e+00	0.00e+00
 8.24474e+22	9.99e-01	1.36e-03	3.91e-07	0.00e+00	0.00e+00	0.00e+00	0.00e+00	0.00e+00
 8.26438e+22	9.99e-01	1.29e-03	3.82e-07	0.00e+00	0.00e+00	0.00e+00	0.00e+00	0.00e+00
 8.28410e+22	9.99e-01	1.23e-03	3.72e-07	0.00e+00	0.00e+00	0.00e+00	0.00e+00	0.00e+00
 8.30392e+22	9.99e-01	1.17e-03	3.62e-07	0.00e+00	0.00e+00	0.00e+00	0.00e+00	0.00e+00
 8.32398e+22	9.99e-01	1.11e-03	3.53e-07	0.00e+00	0.00e+00	0.00e+00	0.00e+00	0.00e+00
 8.34423e+22	9.99e-01	1.06e-03	3.44e-07	0.00e+00	0.00e+00	0.00e+00	0.00e+00	0.00e+00
 8.36466e+22	9.99e-01	1.01e-03	3.34e-07	0.00e+00	0.00e+00	0.00e+00	0.00e+00	0.00e+00
 8.38527e+22	9.99e-01	9.58e-04	3.25e-07	0.00e+00	0.00e+00	0.00e+00	0.00e+00	0.00e+00
 8.40608e+22	9.99e-01	9.11e-04	3.16e-07	0.00e+00	0.00e+00	0.00e+00	0.00e+00	0.00e+00
 8.42705e+22	9.99e-01	8.66e-04	3.07e-07	0.00e+00	0.00e+00	0.00e+00	0.00e+00	0.00e+00
 8.44800e+22	9.99e-01	8.24e-04	2.99e-07	0.00e+00	0.00e+00	0.00e+00	0.00e+00	0.00e+00
 8.46917e+22	9.99e-01	7.83e-04	2.90e-07	0.00e+00	0.00e+00	0.00e+00	0.00e+00	0.00e+00
 8.49076e+22	9.99e-01	7.43e-04	2.82e-07	0.00e+00	0.00e+00	0.00e+00	0.00e+00	0.00e+00
 8.51257e+22	9.99e-01	7.06e-04	2.73e-07	0.00e+00	0.00e+00	0.00e+00	0.00e+00	0.00e+00
 8.53453e+22	9.99e-01	6.71e-04	2.65e-07	0.00e+00	0.00e+00	0.00e+00	0.00e+00	0.00e+00
 8.55670e+22	9.99e-01	6.37e-04	2.57e-07	0.00e+00	0.00e+00	0.00e+00	0.00e+00	0.00e+00
 8.57910e+22	9.99e-01	6.05e-04	2.49e-07	0.00e+00	0.00e+00	0.00e+00	0.00e+00	0.00e+00
 8.60171e+22	9.99e-01	5.74e-04	2.41e-07	0.00e+00	0.00e+00	0.00e+00	0.00e+00	0.00e+00
 8.62454e+22	9.99e-01	5.44e-04	2.33e-07	0.00e+00	0.00e+00	0.00e+00	0.00e+00	0.00e+00
 8.64761e+22	9.99e-01	5.16e-04	2.26e-07	0.00e+00	0.00e+00	0.00e+00	0.00e+00	0.00e+00
 8.67091e+22	1.00e+00	4.90e-04	2.18e-07	0.00e+00	0.00e+00	0.00e+00	0.00e+00	0.00e+00
 8.69446e+22	1.00e+00	4.64e-04	2.11e-07	0.00e+00	0.00e+00	0.00e+00	0.00e+00	0.00e+00
 8.71827e+22	1.00e+00	4.40e-04	2.04e-07	0.00e+00	0.00e+00	0.00e+00	0.00e+00	0.00e+00
 8.74231e+22	1.00e+00	4.17e-04	1.97e-07	0.00e+00	0.00e+00	0.00e+00	0.00e+00	0.00e+00
 8.76663e+22	1.00e+00	3.95e-04	1.90e-07	0.00e+00	0.00e+00	0.00e+00	0.00e+00	0.00e+00
 8.79128e+22	1.00e+00	3.74e-04	1.83e-07	0.00e+00	0.00e+00	0.00e+00	0.00e+00	0.00e+00
 8.81626e+22	1.00e+00	3.54e-04	1.76e-07	0.00e+00	0.00e+00	0.00e+00	0.00e+00	0.00e+00
 8.84090e+22	1.00e+00	3.36e-04	1.70e-07	0.00e+00	0.00e+00	0.00e+00	0.00e+00	0.00e+00
 8.86416e+22	1.00e+00	3.21e-04	1.64e-07	0.00e+00	0.00e+00	0.00e+00	0.00e+00	0.00e+00
 8.88571e+22	1.00e+00	3.08e-04	1.59e-07	0.00e+00	0.00e+00	0.00e+00	0.00e+00	0.00e+00
 8.90597e+22	1.00e+00	2.95e-04	1.54e-07	0.00e+00	0.00e+00	0.00e+00	0.00e+00	0.00e+00
 8.92546e+22	1.00e+00	2.84e-04	1.50e-07	0.00e+00	0.00e+00	0.00e+00	0.00e+00	0.00e+00
 8.94441e+22	1.00e+00	2.73e-04	1.45e-07	0.00e+00	0.00e+00	0.00e+00	0.00e+00	0.00e+00
 8.96272e+22	1.00e+00	2.63e-04	1.41e-07	0.00e+00	0.00e+00	0.00e+00	0.00e+00	0.00e+00
 8.98023e+22	1.00e+00	2.54e-04	1.38e-07	0.00e+00	0.00e+00	0.00e+00	0.00e+00	0.00e+00
 8.99695e+22	1.00e+00	2.46e-04	1.34e-07	0.00e+00	0.00e+00	0.00e+00	0.00e+00	0.00e+00
 9.01300e+22	1.00e+00	2.38e-04	1.31e-07	0.00e+00	0.00e+00	0.00e+00	0.00e+00	0.00e+00
 9.02851e+22	1.00e+00	2.31e-04	1.28e-07	0.00e+00	0.00e+00	0.00e+00	0.00e+00	0.00e+00
 9.04358e+22	1.00e+00	2.24e-04	1.25e-07	0.00e+00	0.00e+00	0.00e+00	0.00e+00	0.00e+00
 9.05824e+22	1.00e+00	2.17e-04	1.22e-07	0.00e+00	0.00e+00	0.00e+00	0.00e+00	0.00e+00
 9.07249e+22	1.00e+00	2.11e-04	1.19e-07	0.00e+00	0.00e+00	0.00e+00	0.00e+00	0.00e+00
 9.08636e+22	1.00e+00	2.06e-04	1.16e-07	0.00e+00	0.00e+00	0.00e+00	0.00e+00	0.00e+00
 9.09993e+22	1.00e+00	2.00e-04	1.14e-07	0.00e+00	0.00e+00	0.00e+00	0.00e+00	0.00e+00
 9.11325e+22	1.00e+00	1.95e-04	1.11e-07	0.00e+00	0.00e+00	0.00e+00	0.00e+00	0.00e+00
 9.12641e+22	1.00e+00	1.90e-04	1.09e-07	0.00e+00	0.00e+00	0.00e+00	0.00e+00	0.00e+00
 9.13944e+22	1.00e+00	1.85e-04	1.07e-07	0.00e+00	0.00e+00	0.00e+00	0.00e+00	0.00e+00
 9.15240e+22	1.00e+00	1.80e-04	1.04e-07	0.00e+00	0.00e+00	0.00e+00	0.00e+00	0.00e+00
 9.16533e+22	1.00e+00	1.75e-04	1.02e-07	0.00e+00	0.00e+00	0.00e+00	0.00e+00	0.00e+00
 9.17829e+22	1.00e+00	1.70e-04	1.00e-07	0.00e+00	0.00e+00	0.00e+00	0.00e+00	0.00e+00
