#depth	He	He+	He+2
 4.62852e+21	4.85e-13	1.12e-06	1.00e+00
 1.05117e+22	1.20e-12	1.71e-06	1.00e+00
 1.23936e+22	1.96e-12	2.14e-06	1.00e+00
 1.33394e+22	2.54e-12	2.41e-06	1.00e+00
 1.37374e+22	2.74e-12	2.50e-06	1.00e+00
 1.39205e+22	2.97e-12	2.59e-06	1.00e+00
 1.41206e+22	3.23e-12	2.69e-06	1.00e+00
 1.43067e+22	3.43e-12	2.77e-06	1.00e+00
 1.45125e+22	3.76e-12	2.89e-06	1.00e+00
 1.47307e+22	4.11e-12	3.01e-06	1.00e+00
 1.49293e+22	4.45e-12	3.12e-06	1.00e+00
 1.51519e+22	4.95e-12	3.28e-06	1.00e+00
 1.53650e+22	5.33e-12	3.39e-06	1.00e+00
 1.55657e+22	5.88e-12	3.55e-06	1.00e+00
 1.57673e+22	5.57e-12	3.67e-06	1.00e+00
 1.59703e+22	6.17e-12	3.85e-06	1.00e+00
 1.61591e+22	6.61e-12	3.98e-06	1.00e+00
 1.63296e+22	7.18e-12	4.13e-06	1.00e+00
 1.64928e+22	7.65e-12	4.25e-06	1.00e+00
 1.66240e+22	8.13e-12	4.38e-06	1.00e+00
 1.67718e+22	8.74e-12	4.52e-06	1.00e+00
 1.69256e+22	9.33e-12	4.66e-06	1.00e+00
 1.70563e+22	9.91e-12	4.80e-06	1.00e+00
 1.71743e+22	1.04e-11	4.91e-06	1.00e+00
 1.73063e+22	1.12e-11	5.07e-06	1.00e+00
 1.74432e+22	1.19e-11	5.22e-06	1.00e+00
 1.75647e+22	1.26e-11	5.36e-06	1.00e+00
 1.76789e+22	1.33e-11	5.50e-06	1.00e+00
 1.78054e+22	1.43e-11	5.68e-06	1.00e+00
 1.79331e+22	1.51e-11	5.83e-06	1.00e+00
 1.80452e+22	1.59e-11	5.99e-06	1.00e+00
 1.81740e+22	1.71e-11	6.20e-06	1.00e+00
 1.83026e+22	1.82e-11	6.38e-06	1.00e+00
 1.84124e+22	1.93e-11	6.55e-06	1.00e+00
 1.85367e+22	2.07e-11	6.78e-06	1.00e+00
 1.86561e+22	2.19e-11	6.96e-06	1.00e+00
 1.87692e+22	2.34e-11	7.19e-06	1.00e+00
 1.88827e+22	2.47e-11	7.38e-06	1.00e+00
 1.89966e+22	2.66e-11	7.65e-06	1.00e+00
 1.91105e+22	2.81e-11	7.86e-06	1.00e+00
 1.92242e+22	3.02e-11	8.15e-06	1.00e+00
 1.93396e+22	3.21e-11	8.39e-06	1.00e+00
 1.94415e+22	3.40e-11	8.64e-06	1.00e+00
 1.95585e+22	3.68e-11	8.99e-06	1.00e+00
 1.96734e+22	3.90e-11	9.25e-06	1.00e+00
 1.97855e+22	4.22e-11	9.63e-06	1.00e+00
 1.98976e+22	4.46e-11	9.91e-06	1.00e+00
 2.00098e+22	4.84e-11	1.03e-05	1.00e+00
 2.01224e+22	5.13e-11	1.07e-05	1.00e+00
 2.02355e+22	5.56e-11	1.11e-05	1.00e+00
 2.03449e+22	5.89e-11	1.15e-05	1.00e+00
 2.04495e+22	6.34e-11	1.19e-05	1.00e+00
 2.05563e+22	6.73e-11	1.23e-05	1.00e+00
 2.06658e+22	7.29e-11	1.29e-05	1.00e+00
 2.07770e+22	7.75e-11	1.33e-05	1.00e+00
 2.08903e+22	8.41e-11	1.39e-05	1.00e+00
 2.10041e+22	8.95e-11	1.44e-05	1.00e+00
 2.11186e+22	9.71e-11	1.51e-05	1.00e+00
 2.12307e+22	1.03e-10	1.57e-05	1.00e+00
 2.13397e+22	1.11e-10	1.64e-05	1.00e+00
 2.14506e+22	1.18e-10	1.70e-05	1.00e+00
 2.15642e+22	1.27e-10	1.78e-05	1.00e+00
 2.16774e+22	1.34e-10	1.84e-05	1.00e+00
 2.17904e+22	1.45e-10	1.92e-05	1.00e+00
 2.19052e+22	1.53e-10	1.99e-05	1.00e+00
 2.20225e+22	1.64e-10	2.09e-05	1.00e+00
 2.21426e+22	1.73e-10	2.16e-05	1.00e+00
 2.22663e+22	1.86e-10	2.27e-05	1.00e+00
 2.23884e+22	1.96e-10	2.34e-05	1.00e+00
 2.25082e+22	2.09e-10	2.45e-05	1.00e+00
 2.26310e+22	2.20e-10	2.53e-05	1.00e+00
 2.27575e+22	2.35e-10	2.65e-05	1.00e+00
 2.28885e+22	2.48e-10	2.75e-05	1.00e+00
 2.30066e+22	2.60e-10	2.84e-05	1.00e+00
 2.31416e+22	2.78e-10	2.98e-05	1.00e+00
 2.32769e+22	2.91e-10	3.08e-05	1.00e+00
 2.34126e+22	3.10e-10	3.22e-05	1.00e+00
 2.35518e+22	3.25e-10	3.34e-05	1.00e+00
 2.36958e+22	3.46e-10	3.50e-05	1.00e+00
 2.38338e+22	3.60e-10	3.61e-05	1.00e+00
 2.39643e+22	3.80e-10	3.76e-05	1.00e+00
 2.40979e+22	3.97e-10	3.88e-05	1.00e+00
 2.42354e+22	4.19e-10	4.05e-05	1.00e+00
 2.43742e+22	4.36e-10	4.17e-05	1.00e+00
 2.45148e+22	4.60e-10	4.35e-05	1.00e+00
 2.46577e+22	4.79e-10	4.49e-05	1.00e+00
 2.47840e+22	4.99e-10	4.64e-05	1.00e+00
 2.49095e+22	5.18e-10	4.79e-05	1.00e+00
 2.50531e+22	5.45e-10	4.98e-05	1.00e+00
 2.51977e+22	5.66e-10	5.14e-05	1.00e+00
 2.53436e+22	5.94e-10	5.35e-05	1.00e+00
 2.54910e+22	6.17e-10	5.52e-05	1.00e+00
 2.56405e+22	6.48e-10	5.75e-05	1.00e+00
 2.57930e+22	6.73e-10	5.93e-05	1.00e+00
 2.59494e+22	7.07e-10	6.18e-05	1.00e+00
 2.61092e+22	7.35e-10	6.38e-05	1.00e+00
 2.62734e+22	7.73e-10	6.65e-05	1.00e+00
 2.64427e+22	8.05e-10	6.88e-05	1.00e+00
 2.66186e+22	8.48e-10	7.18e-05	1.00e+00
 2.67892e+22	8.81e-10	7.40e-05	1.00e+00
 2.69530e+22	9.23e-10	7.71e-05	1.00e+00
 2.71203e+22	9.60e-10	7.95e-05	1.00e+00
 2.72922e+22	1.01e-09	8.26e-05	1.00e+00
 2.74740e+22	1.05e-09	8.57e-05	1.00e+00
 2.76413e+22	1.10e-09	8.86e-05	1.00e+00
 2.78313e+22	1.16e-09	9.25e-05	1.00e+00
 2.80313e+22	1.21e-09	9.60e-05	1.00e+00
 2.82082e+22	1.26e-09	9.93e-05	1.00e+00
 2.84022e+22	1.33e-09	1.04e-04	1.00e+00
 2.86011e+22	1.39e-09	1.07e-04	1.00e+00
 2.87773e+22	1.45e-09	1.11e-04	1.00e+00
 2.89772e+22	1.53e-09	1.16e-04	1.00e+00
 2.91836e+22	1.60e-09	1.20e-04	1.00e+00
 2.93671e+22	1.67e-09	1.25e-04	1.00e+00
 2.95744e+22	1.76e-09	1.31e-04	1.00e+00
 2.97867e+22	1.83e-09	1.36e-04	1.00e+00
 2.99769e+22	1.91e-09	1.41e-04	1.00e+00
 3.01954e+22	2.01e-09	1.48e-04	1.00e+00
 3.04155e+22	2.10e-09	1.54e-04	1.00e+00
 3.06376e+22	2.20e-09	1.62e-04	1.00e+00
 3.08623e+22	2.30e-09	1.69e-04	1.00e+00
 3.10902e+22	2.41e-09	1.78e-04	1.00e+00
 3.13214e+22	2.50e-09	1.86e-04	1.00e+00
 3.15145e+22	2.58e-09	1.93e-04	1.00e+00
 3.17232e+22	2.67e-09	2.03e-04	1.00e+00
 3.19312e+22	2.76e-09	2.10e-04	1.00e+00
 3.21385e+22	2.84e-09	2.22e-04	1.00e+00
 3.23497e+22	2.93e-09	2.30e-04	1.00e+00
 3.25660e+22	3.01e-09	2.43e-04	1.00e+00
 3.27860e+22	3.08e-09	2.54e-04	1.00e+00
 3.30109e+22	3.16e-09	2.69e-04	1.00e+00
 3.32413e+22	3.22e-09	2.82e-04	1.00e+00
 3.34791e+22	3.28e-09	3.00e-04	1.00e+00
 3.37196e+22	3.33e-09	3.15e-04	1.00e+00
 3.39586e+22	3.37e-09	3.35e-04	1.00e+00
 3.41997e+22	3.41e-09	3.52e-04	1.00e+00
 3.44355e+22	3.43e-09	3.73e-04	1.00e+00
 3.46676e+22	3.46e-09	3.92e-04	1.00e+00
 3.48715e+22	3.48e-09	4.10e-04	1.00e+00
 3.50927e+22	3.51e-09	4.35e-04	1.00e+00
 3.53112e+22	3.54e-09	4.55e-04	1.00e+00
 3.55320e+22	3.57e-09	4.82e-04	1.00e+00
 3.57526e+22	3.62e-09	5.03e-04	9.99e-01
 3.59740e+22	3.68e-09	5.34e-04	9.99e-01
 3.61955e+22	3.75e-09	5.57e-04	9.99e-01
 3.64172e+22	3.84e-09	5.90e-04	9.99e-01
 3.66397e+22	3.95e-09	6.17e-04	9.99e-01
 3.68635e+22	4.10e-09	6.53e-04	9.99e-01
 3.70887e+22	4.24e-09	6.82e-04	9.99e-01
 3.73160e+22	4.46e-09	7.22e-04	9.99e-01
 3.75460e+22	4.66e-09	7.55e-04	9.99e-01
 3.77795e+22	4.96e-09	8.00e-04	9.99e-01
 3.80165e+22	5.24e-09	8.37e-04	9.99e-01
 3.82582e+22	5.65e-09	8.88e-04	9.99e-01
 3.85047e+22	6.04e-09	9.30e-04	9.99e-01
 3.87574e+22	6.60e-09	9.88e-04	9.99e-01
 3.90132e+22	7.11e-09	1.04e-03	9.99e-01
 3.92730e+22	7.86e-09	1.10e-03	9.99e-01
 3.95226e+22	8.44e-09	1.15e-03	9.99e-01
 3.97251e+22	9.06e-09	1.20e-03	9.99e-01
 3.99545e+22	9.96e-09	1.26e-03	9.99e-01
 4.01818e+22	1.07e-08	1.31e-03	9.99e-01
 4.04064e+22	1.18e-08	1.38e-03	9.99e-01
 4.06328e+22	1.27e-08	1.44e-03	9.99e-01
 4.08617e+22	1.40e-08	1.51e-03	9.98e-01
 4.10934e+22	1.52e-08	1.57e-03	9.98e-01
 4.13290e+22	1.68e-08	1.66e-03	9.98e-01
 4.15680e+22	1.82e-08	1.73e-03	9.98e-01
 4.18115e+22	2.03e-08	1.82e-03	9.98e-01
 4.20594e+22	2.21e-08	1.90e-03	9.98e-01
 4.23127e+22	2.47e-08	2.01e-03	9.98e-01
 4.25715e+22	2.70e-08	2.10e-03	9.98e-01
 4.28374e+22	3.04e-08	2.23e-03	9.98e-01
 4.31048e+22	3.32e-08	2.33e-03	9.98e-01
 4.33743e+22	3.74e-08	2.47e-03	9.98e-01
 4.36473e+22	4.09e-08	2.58e-03	9.97e-01
 4.39250e+22	4.62e-08	2.74e-03	9.97e-01
 4.41951e+22	5.02e-08	2.85e-03	9.97e-01
 4.44553e+22	5.63e-08	3.01e-03	9.97e-01
 4.47021e+22	6.08e-08	3.13e-03	9.97e-01
 4.49316e+22	6.67e-08	3.27e-03	9.97e-01
 4.51723e+22	7.25e-08	3.41e-03	9.97e-01
 4.53922e+22	7.88e-08	3.55e-03	9.96e-01
 4.56430e+22	8.74e-08	3.73e-03	9.96e-01
 4.58983e+22	9.52e-08	3.89e-03	9.96e-01
 4.61594e+22	1.06e-07	4.10e-03	9.96e-01
 4.64254e+22	1.16e-07	4.28e-03	9.96e-01
 4.66978e+22	1.29e-07	4.52e-03	9.95e-01
 4.69759e+22	1.42e-07	4.73e-03	9.95e-01
 4.72236e+22	1.55e-07	4.94e-03	9.95e-01
 4.75081e+22	1.74e-07	5.22e-03	9.95e-01
 4.77966e+22	1.91e-07	5.47e-03	9.95e-01
 4.80519e+22	2.08e-07	5.71e-03	9.94e-01
 4.83452e+22	2.34e-07	6.05e-03	9.94e-01
 4.86415e+22	2.58e-07	6.34e-03	9.94e-01
 4.89416e+22	2.89e-07	6.70e-03	9.93e-01
 4.92518e+22	3.20e-07	7.05e-03	9.93e-01
 4.95265e+22	3.50e-07	7.38e-03	9.93e-01
 4.98354e+22	3.95e-07	7.83e-03	9.92e-01
 5.01542e+22	4.37e-07	8.23e-03	9.92e-01
 5.04859e+22	4.96e-07	8.75e-03	9.91e-01
 5.08255e+22	5.53e-07	9.23e-03	9.91e-01
 5.11292e+22	6.12e-07	9.71e-03	9.90e-01
 5.14054e+22	6.70e-07	1.01e-02	9.90e-01
 5.16496e+22	7.23e-07	1.05e-02	9.89e-01
 5.19250e+22	8.00e-07	1.11e-02	9.89e-01
 5.22163e+22	8.78e-07	1.16e-02	9.88e-01
 5.24864e+22	9.60e-07	1.21e-02	9.88e-01
 5.27955e+22	1.08e-06	1.29e-02	9.87e-01
 5.31068e+22	1.19e-06	1.35e-02	9.87e-01
 5.34210e+22	1.33e-06	1.42e-02	9.86e-01
 5.37402e+22	1.47e-06	1.49e-02	9.85e-01
 5.40190e+22	1.61e-06	1.56e-02	9.84e-01
 5.43344e+22	1.81e-06	1.66e-02	9.83e-01
 5.46580e+22	1.99e-06	1.74e-02	9.83e-01
 5.49925e+22	2.25e-06	1.84e-02	9.82e-01
 5.53340e+22	2.50e-06	1.94e-02	9.81e-01
 5.56346e+22	2.76e-06	2.04e-02	9.80e-01
 5.59753e+22	3.12e-06	2.16e-02	9.78e-01
 5.63284e+22	3.48e-06	2.28e-02	9.77e-01
 5.66437e+22	3.85e-06	2.40e-02	9.76e-01
 5.69997e+22	4.38e-06	2.56e-02	9.74e-01
 5.73651e+22	4.90e-06	2.70e-02	9.73e-01
 5.76879e+22	5.44e-06	2.85e-02	9.72e-01
 5.80528e+22	6.20e-06	3.03e-02	9.70e-01
 5.84289e+22	6.96e-06	3.21e-02	9.68e-01
 5.87633e+22	7.75e-06	3.38e-02	9.66e-01
 5.91417e+22	8.90e-06	3.62e-02	9.64e-01
 5.95297e+22	9.98e-06	3.83e-02	9.62e-01
 5.99300e+22	1.16e-05	4.11e-02	9.59e-01
 6.03352e+22	1.30e-05	4.36e-02	9.56e-01
 6.07467e+22	1.51e-05	4.68e-02	9.53e-01
 6.11681e+22	1.70e-05	4.97e-02	9.50e-01
 6.15443e+22	1.92e-05	5.27e-02	9.47e-01
 6.19755e+22	2.24e-05	5.68e-02	9.43e-01
 6.24153e+22	2.54e-05	6.03e-02	9.40e-01
 6.28009e+22	2.87e-05	6.40e-02	9.36e-01
 6.32368e+22	3.35e-05	6.89e-02	9.31e-01
 6.36625e+22	3.75e-05	7.27e-02	9.27e-01
 6.40073e+22	4.16e-05	7.64e-02	9.24e-01
 6.43878e+22	4.75e-05	8.14e-02	9.19e-01
 6.47722e+22	5.28e-05	8.57e-02	9.14e-01
 6.51617e+22	6.02e-05	9.12e-02	9.09e-01
 6.55594e+22	6.73e-05	9.62e-02	9.04e-01
 6.59104e+22	7.48e-05	1.01e-01	8.99e-01
 6.63093e+22	8.56e-05	1.08e-01	8.92e-01
 6.67160e+22	9.58e-05	1.14e-01	8.86e-01
 6.70689e+22	1.06e-04	1.19e-01	8.81e-01
 6.73995e+22	1.17e-04	1.25e-01	8.75e-01
 6.77651e+22	1.32e-04	1.32e-01	8.68e-01
 6.81338e+22	1.45e-04	1.38e-01	8.62e-01
 6.85065e+22	1.63e-04	1.46e-01	8.54e-01
 6.88818e+22	1.80e-04	1.52e-01	8.48e-01
 6.92091e+22	1.98e-04	1.59e-01	8.41e-01
 6.95834e+22	2.23e-04	1.68e-01	8.32e-01
 6.99634e+22	2.46e-04	1.76e-01	8.24e-01
 7.02999e+22	2.71e-04	1.83e-01	8.16e-01
 7.06866e+22	3.05e-04	1.94e-01	8.06e-01
 7.10782e+22	3.37e-04	2.02e-01	7.97e-01
 7.14761e+22	3.81e-04	2.14e-01	7.86e-01
 7.18779e+22	4.20e-04	2.23e-01	7.76e-01
 7.22206e+22	4.61e-04	2.33e-01	7.67e-01
 7.25490e+22	5.02e-04	2.42e-01	7.58e-01
 7.29230e+22	5.61e-04	2.54e-01	7.45e-01
 7.33253e+22	6.22e-04	2.66e-01	7.33e-01
 7.37641e+22	7.11e-04	2.83e-01	7.17e-01
 7.42015e+22	7.84e-04	2.95e-01	7.04e-01
 7.46373e+22	8.90e-04	3.12e-01	6.87e-01
 7.50890e+22	9.92e-04	3.28e-01	6.71e-01
 7.54938e+22	1.10e-03	3.44e-01	6.55e-01
 7.59523e+22	1.26e-03	3.65e-01	6.34e-01
 7.64106e+22	1.39e-03	3.82e-01	6.16e-01
 7.67670e+22	1.51e-03	3.97e-01	6.02e-01
 7.71286e+22	1.67e-03	4.16e-01	5.83e-01
 7.74832e+22	1.81e-03	4.31e-01	5.67e-01
 7.78288e+22	2.00e-03	4.51e-01	5.47e-01
 7.81764e+22	2.16e-03	4.68e-01	5.30e-01
 7.85266e+22	2.39e-03	4.89e-01	5.08e-01
 7.88800e+22	2.60e-03	5.09e-01	4.89e-01
 7.92376e+22	2.89e-03	5.32e-01	4.65e-01
 7.95946e+22	3.15e-03	5.54e-01	4.43e-01
 7.99509e+22	3.50e-03	5.79e-01	4.17e-01
 8.03046e+22	3.83e-03	6.02e-01	3.94e-01
 8.06549e+22	4.25e-03	6.28e-01	3.68e-01
 8.10060e+22	4.65e-03	6.52e-01	3.43e-01
 8.13582e+22	5.17e-03	6.80e-01	3.15e-01
 8.17044e+22	5.65e-03	7.04e-01	2.91e-01
 8.19960e+22	6.10e-03	7.24e-01	2.70e-01
 8.23281e+22	6.77e-03	7.49e-01	2.44e-01
 8.26540e+22	7.34e-03	7.71e-01	2.22e-01
 8.29718e+22	8.10e-03	7.93e-01	1.99e-01
 8.32865e+22	8.77e-03	8.12e-01	1.79e-01
 8.35553e+22	9.47e-03	8.28e-01	1.63e-01
 8.38210e+22	1.02e-02	8.42e-01	1.47e-01
 8.41244e+22	1.11e-02	8.58e-01	1.30e-01
 8.44274e+22	1.20e-02	8.72e-01	1.16e-01
 8.46834e+22	1.29e-02	8.83e-01	1.05e-01
 8.49697e+22	1.40e-02	8.94e-01	9.24e-02
 8.52613e+22	1.51e-02	9.03e-01	8.21e-02
 8.55091e+22	1.62e-02	9.10e-01	7.40e-02
 8.57805e+22	1.76e-02	9.17e-01	6.55e-02
 8.60569e+22	1.89e-02	9.23e-01	5.86e-02
 8.62902e+22	2.02e-02	9.27e-01	5.32e-02
 8.65437e+22	2.20e-02	9.30e-01	4.76e-02
 8.68047e+22	2.38e-02	9.33e-01	4.30e-02
 8.70215e+22	2.56e-02	9.35e-01	3.95e-02
 8.72156e+22	2.74e-02	9.36e-01	3.66e-02
 8.74046e+22	2.94e-02	9.37e-01	3.40e-02
 8.75885e+22	3.17e-02	9.37e-01	3.17e-02
 8.77627e+22	3.42e-02	9.36e-01	2.97e-02
 8.79250e+22	3.69e-02	9.35e-01	2.80e-02
 8.80764e+22	3.99e-02	9.34e-01	2.65e-02
 8.82187e+22	4.33e-02	9.32e-01	2.52e-02
 8.83526e+22	4.70e-02	9.29e-01	2.41e-02
 8.84807e+22	5.13e-02	9.26e-01	2.31e-02
 8.85998e+22	5.61e-02	9.22e-01	2.22e-02
 8.87025e+22	6.10e-02	9.17e-01	2.16e-02
 8.87913e+22	6.60e-02	9.13e-01	2.10e-02
 8.88723e+22	7.13e-02	9.08e-01	2.06e-02
 8.89488e+22	7.72e-02	9.03e-01	2.03e-02
 8.90201e+22	8.34e-02	8.97e-01	2.00e-02
 8.90851e+22	9.00e-02	8.90e-01	1.98e-02
 8.91448e+22	9.68e-02	8.84e-01	1.96e-02
 8.92010e+22	1.04e-01	8.76e-01	1.96e-02
 8.92549e+22	1.12e-01	8.69e-01	1.96e-02
 8.93068e+22	1.20e-01	8.60e-01	1.96e-02
 8.93569e+22	1.29e-01	8.51e-01	1.97e-02
 8.94047e+22	1.39e-01	8.42e-01	1.98e-02
 8.94481e+22	1.48e-01	8.32e-01	2.00e-02
 8.94868e+22	1.57e-01	8.23e-01	2.02e-02
 8.95228e+22	1.66e-01	8.14e-01	2.03e-02
 8.95577e+22	1.76e-01	8.04e-01	2.05e-02
 8.95927e+22	1.86e-01	7.94e-01	2.06e-02
 8.96267e+22	1.96e-01	7.83e-01	2.08e-02
 8.96586e+22	2.07e-01	7.72e-01	2.10e-02
 8.96839e+22	2.14e-01	7.64e-01	2.11e-02
 8.97020e+22	2.21e-01	7.58e-01	2.12e-02
 8.97197e+22	2.28e-01	7.51e-01	2.12e-02
 8.97401e+22	2.35e-01	7.43e-01	2.12e-02
 8.97631e+22	2.45e-01	7.34e-01	2.13e-02
 8.97861e+22	2.54e-01	7.25e-01	2.13e-02
 8.98073e+22	2.62e-01	7.16e-01	2.14e-02
 8.98286e+22	2.72e-01	7.07e-01	2.14e-02
 8.98509e+22	2.81e-01	6.97e-01	2.14e-02
 8.98739e+22	2.92e-01	6.87e-01	2.14e-02
 8.98973e+22	3.03e-01	6.76e-01	2.14e-02
 8.99203e+22	3.13e-01	6.65e-01	2.14e-02
 8.99434e+22	3.25e-01	6.54e-01	2.14e-02
 8.99674e+22	3.36e-01	6.42e-01	2.13e-02
 8.99922e+22	3.49e-01	6.30e-01	2.13e-02
 9.00170e+22	3.62e-01	6.17e-01	2.12e-02
 9.00418e+22	3.75e-01	6.04e-01	2.11e-02
 9.00675e+22	3.88e-01	5.91e-01	2.10e-02
 9.00939e+22	4.02e-01	5.77e-01	2.08e-02
 9.01206e+22	4.16e-01	5.63e-01	2.07e-02
 9.01480e+22	4.31e-01	5.48e-01	2.04e-02
 9.01765e+22	4.47e-01	5.33e-01	2.02e-02
 9.02051e+22	4.63e-01	5.17e-01	1.99e-02
 9.02339e+22	4.79e-01	5.02e-01	1.96e-02
 9.02638e+22	4.95e-01	4.85e-01	1.93e-02
 9.02954e+22	5.13e-01	4.69e-01	1.89e-02
 9.03276e+22	5.30e-01	4.52e-01	1.86e-02
 9.03598e+22	5.47e-01	4.35e-01	1.81e-02
 9.03932e+22	5.64e-01	4.18e-01	1.76e-02
 9.04277e+22	5.82e-01	4.01e-01	1.71e-02
 9.04627e+22	5.99e-01	3.85e-01	1.66e-02
 9.04989e+22	6.16e-01	3.68e-01	1.60e-02
 9.05361e+22	6.33e-01	3.52e-01	1.55e-02
 9.05750e+22	6.49e-01	3.36e-01	1.49e-02
 9.06163e+22	6.65e-01	3.20e-01	1.42e-02
 9.06597e+22	6.81e-01	3.05e-01	1.36e-02
 9.07050e+22	6.96e-01	2.91e-01	1.30e-02
 9.07533e+22	7.11e-01	2.76e-01	1.23e-02
 9.08059e+22	7.26e-01	2.63e-01	1.17e-02
 9.08628e+22	7.39e-01	2.50e-01	1.10e-02
 9.09244e+22	7.52e-01	2.37e-01	1.04e-02
 9.09900e+22	7.64e-01	2.26e-01	9.73e-03
 9.10576e+22	7.75e-01	2.16e-01	9.13e-03
 9.11250e+22	7.84e-01	2.08e-01	8.63e-03
 9.11943e+22	7.92e-01	2.00e-01	8.11e-03
 9.12645e+22	7.99e-01	1.93e-01	7.68e-03
 9.13353e+22	8.06e-01	1.87e-01	7.24e-03
 9.14065e+22	8.11e-01	1.82e-01	6.88e-03
 9.14774e+22	8.17e-01	1.76e-01	6.50e-03
 9.15469e+22	8.22e-01	1.72e-01	6.19e-03
 9.16152e+22	8.27e-01	1.67e-01	5.87e-03
 9.16843e+22	8.31e-01	1.63e-01	5.59e-03
 9.17519e+22	8.35e-01	1.60e-01	5.32e-03
 9.18179e+22	8.39e-01	1.56e-01	5.07e-03
 9.18821e+22	8.43e-01	1.53e-01	4.84e-03
 9.19447e+22	8.46e-01	1.49e-01	4.62e-03
 9.20055e+22	8.49e-01	1.46e-01	4.42e-03
 9.20644e+22	8.53e-01	1.43e-01	4.23e-03
 9.21215e+22	8.56e-01	1.40e-01	4.05e-03
 9.21768e+22	8.59e-01	1.38e-01	3.89e-03
 9.22304e+22	8.61e-01	1.35e-01	3.73e-03
 9.22815e+22	8.64e-01	1.32e-01	3.59e-03
 9.23317e+22	8.67e-01	1.30e-01	3.44e-03
 9.23806e+22	8.69e-01	1.28e-01	3.31e-03
 9.24250e+22	8.71e-01	1.25e-01	3.20e-03
 9.24655e+22	8.73e-01	1.24e-01	3.09e-03
 9.25023e+22	8.75e-01	1.22e-01	3.00e-03
 9.25358e+22	8.77e-01	1.20e-01	2.92e-03
 9.25610e+22	8.78e-01	1.19e-01	2.87e-03
