#depth	N	N+	N+2	N+3	N+4	N+5	N+6	N+7
 4.62852e+21	0.00e+00	1.83e-30	8.54e-24	6.74e-18	1.58e-12	5.84e-08	2.21e-04	1.00e+00
 1.02372e+22	0.00e+00	1.64e-28	3.37e-22	1.22e-16	1.32e-11	2.37e-07	4.31e-04	1.00e+00
 1.15787e+22	0.00e+00	8.89e-28	1.33e-21	3.56e-16	2.89e-11	4.00e-07	5.56e-04	9.99e-01
 1.21209e+22	2.54e-35	2.07e-27	2.65e-21	6.07e-16	4.28e-11	5.20e-07	6.32e-04	9.99e-01
 1.23657e+22	3.72e-35	2.79e-27	3.39e-21	7.35e-16	4.92e-11	5.71e-07	6.62e-04	9.99e-01
 1.24965e+22	5.52e-35	3.80e-27	4.36e-21	8.94e-16	5.68e-11	6.28e-07	6.94e-04	9.99e-01
 1.26295e+22	8.20e-35	5.19e-27	5.61e-21	1.09e-15	6.56e-11	6.92e-07	7.28e-04	9.99e-01
 1.27621e+22	1.21e-34	7.04e-27	7.19e-21	1.32e-15	7.56e-11	7.61e-07	7.64e-04	9.99e-01
 1.28925e+22	1.77e-34	9.49e-27	9.17e-21	1.59e-15	8.68e-11	8.36e-07	8.00e-04	9.99e-01
 1.30226e+22	2.62e-34	1.29e-26	1.17e-20	1.93e-15	9.99e-11	9.19e-07	8.39e-04	9.99e-01
 1.31538e+22	3.86e-34	1.74e-26	1.50e-20	2.34e-15	1.15e-10	1.01e-06	8.79e-04	9.99e-01
 1.32846e+22	5.68e-34	2.36e-26	1.92e-20	2.83e-15	1.32e-10	1.11e-06	9.22e-04	9.99e-01
 1.34138e+22	8.28e-34	3.17e-26	2.44e-20	3.40e-15	1.51e-10	1.22e-06	9.66e-04	9.99e-01
 1.35427e+22	1.21e-33	4.27e-26	3.11e-20	4.11e-15	1.73e-10	1.33e-06	1.01e-03	9.99e-01
 1.36725e+22	1.77e-33	5.73e-26	3.96e-20	4.95e-15	1.98e-10	1.46e-06	1.06e-03	9.99e-01
 1.38019e+22	2.59e-33	7.71e-26	5.03e-20	5.96e-15	2.27e-10	1.61e-06	1.11e-03	9.99e-01
 1.39244e+22	3.63e-33	1.00e-25	6.24e-20	7.03e-15	2.56e-10	1.74e-06	1.16e-03	9.99e-01
 1.40467e+22	5.29e-33	1.35e-25	7.91e-20	8.44e-15	2.92e-10	1.91e-06	1.22e-03	9.99e-01
 1.41709e+22	7.49e-33	1.77e-25	9.85e-20	1.00e-14	3.30e-10	2.08e-06	1.27e-03	9.99e-01
 1.42949e+22	1.09e-32	2.36e-25	1.25e-19	1.20e-14	3.77e-10	2.27e-06	1.33e-03	9.99e-01
 1.44206e+22	1.55e-32	3.12e-25	1.56e-19	1.42e-14	4.27e-10	2.48e-06	1.40e-03	9.99e-01
 1.45415e+22	2.18e-32	4.08e-25	1.94e-19	1.68e-14	4.81e-10	2.69e-06	1.46e-03	9.99e-01
 1.46647e+22	3.15e-32	5.44e-25	2.44e-19	2.01e-14	5.46e-10	2.94e-06	1.53e-03	9.98e-01
 1.47896e+22	4.47e-32	7.15e-25	3.04e-19	2.38e-14	6.17e-10	3.20e-06	1.60e-03	9.98e-01
 1.49065e+22	6.16e-32	9.18e-25	3.72e-19	2.77e-14	6.89e-10	3.45e-06	1.67e-03	9.98e-01
 1.50260e+22	8.84e-32	1.22e-24	4.66e-19	3.30e-14	7.80e-10	3.76e-06	1.75e-03	9.98e-01
 1.51471e+22	1.23e-31	1.57e-24	5.73e-19	3.86e-14	8.72e-10	4.07e-06	1.82e-03	9.98e-01
 1.52678e+22	1.75e-31	2.08e-24	7.16e-19	4.57e-14	9.84e-10	4.43e-06	1.91e-03	9.98e-01
 1.53905e+22	2.45e-31	2.70e-24	8.84e-19	5.36e-14	1.10e-09	4.80e-06	2.00e-03	9.98e-01
 1.55073e+22	3.38e-31	3.47e-24	1.08e-18	6.25e-14	1.23e-09	5.18e-06	2.08e-03	9.98e-01
 1.56272e+22	4.80e-31	4.57e-24	1.34e-18	7.37e-14	1.38e-09	5.63e-06	2.18e-03	9.98e-01
 1.57487e+22	6.67e-31	5.90e-24	1.65e-18	8.61e-14	1.54e-09	6.08e-06	2.28e-03	9.98e-01
 1.58643e+22	9.14e-31	7.55e-24	2.01e-18	9.98e-14	1.71e-09	6.54e-06	2.38e-03	9.98e-01
 1.59831e+22	1.29e-30	9.88e-24	2.49e-18	1.17e-13	1.91e-09	7.09e-06	2.49e-03	9.98e-01
 1.61038e+22	1.78e-30	1.27e-23	3.04e-18	1.36e-13	2.12e-09	7.64e-06	2.60e-03	9.97e-01
 1.62241e+22	2.50e-30	1.66e-23	3.75e-18	1.59e-13	2.37e-09	8.26e-06	2.73e-03	9.97e-01
 1.63452e+22	3.46e-30	2.14e-23	4.59e-18	1.85e-13	2.63e-09	8.90e-06	2.85e-03	9.97e-01
 1.64659e+22	4.83e-30	2.77e-23	5.63e-18	2.16e-13	2.92e-09	9.60e-06	2.98e-03	9.97e-01
 1.65857e+22	6.64e-30	3.55e-23	6.85e-18	2.50e-13	3.22e-09	1.03e-05	3.12e-03	9.97e-01
 1.67051e+22	9.22e-30	4.59e-23	8.39e-18	2.90e-13	3.56e-09	1.11e-05	3.26e-03	9.97e-01
 1.68252e+22	1.27e-29	5.89e-23	1.02e-17	3.35e-13	3.92e-09	1.19e-05	3.41e-03	9.97e-01
 1.69447e+22	1.75e-29	7.57e-23	1.24e-17	3.87e-13	4.32e-09	1.28e-05	3.57e-03	9.96e-01
 1.70645e+22	2.41e-29	9.71e-23	1.51e-17	4.47e-13	4.75e-09	1.37e-05	3.73e-03	9.96e-01
 1.71838e+22	3.31e-29	1.24e-22	1.83e-17	5.14e-13	5.21e-09	1.47e-05	3.90e-03	9.96e-01
 1.73024e+22	4.54e-29	1.59e-22	2.22e-17	5.90e-13	5.70e-09	1.57e-05	4.08e-03	9.96e-01
 1.74203e+22	6.19e-29	2.02e-22	2.67e-17	6.75e-13	6.22e-09	1.68e-05	4.26e-03	9.96e-01
 1.75375e+22	8.42e-29	2.56e-22	3.22e-17	7.71e-13	6.77e-09	1.79e-05	4.45e-03	9.96e-01
 1.76541e+22	1.14e-28	3.25e-22	3.86e-17	8.79e-13	7.35e-09	1.91e-05	4.65e-03	9.95e-01
 1.77700e+22	1.54e-28	4.10e-22	4.63e-17	9.99e-13	7.96e-09	2.03e-05	4.86e-03	9.95e-01
 1.78854e+22	2.08e-28	5.17e-22	5.53e-17	1.13e-12	8.59e-09	2.16e-05	5.07e-03	9.95e-01
 1.79999e+22	2.79e-28	6.50e-22	6.59e-17	1.28e-12	9.25e-09	2.28e-05	5.29e-03	9.95e-01
 1.81139e+22	3.74e-28	8.14e-22	7.83e-17	1.44e-12	9.94e-09	2.42e-05	5.52e-03	9.94e-01
 1.82274e+22	4.99e-28	1.02e-21	9.27e-17	1.62e-12	1.07e-08	2.56e-05	5.76e-03	9.94e-01
 1.83407e+22	6.64e-28	1.27e-21	1.10e-16	1.82e-12	1.14e-08	2.70e-05	6.01e-03	9.94e-01
 1.84540e+22	8.81e-28	1.58e-21	1.29e-16	2.04e-12	1.21e-08	2.84e-05	6.26e-03	9.94e-01
 1.85672e+22	1.17e-27	1.96e-21	1.52e-16	2.28e-12	1.29e-08	2.99e-05	6.53e-03	9.93e-01
 1.86805e+22	1.54e-27	2.43e-21	1.79e-16	2.54e-12	1.37e-08	3.15e-05	6.81e-03	9.93e-01
 1.87943e+22	2.02e-27	3.00e-21	2.10e-16	2.83e-12	1.45e-08	3.31e-05	7.09e-03	9.93e-01
 1.89089e+22	2.66e-27	3.70e-21	2.45e-16	3.14e-12	1.53e-08	3.47e-05	7.39e-03	9.93e-01
 1.90244e+22	3.48e-27	4.55e-21	2.87e-16	3.48e-12	1.61e-08	3.64e-05	7.70e-03	9.92e-01
 1.91412e+22	4.56e-27	5.60e-21	3.34e-16	3.85e-12	1.70e-08	3.81e-05	8.02e-03	9.92e-01
 1.92595e+22	5.96e-27	6.88e-21	3.90e-16	4.26e-12	1.78e-08	3.99e-05	8.36e-03	9.92e-01
 1.93797e+22	7.78e-27	8.45e-21	4.54e-16	4.70e-12	1.87e-08	4.17e-05	8.71e-03	9.91e-01
 1.95020e+22	1.01e-26	1.04e-20	5.28e-16	5.19e-12	1.96e-08	4.37e-05	9.07e-03	9.91e-01
 1.96269e+22	1.32e-26	1.27e-20	6.14e-16	5.72e-12	2.05e-08	4.57e-05	9.46e-03	9.90e-01
 1.97548e+22	1.72e-26	1.56e-20	7.14e-16	6.31e-12	2.15e-08	4.78e-05	9.86e-03	9.90e-01
 1.98797e+22	2.19e-26	1.88e-20	8.19e-16	6.89e-12	2.24e-08	4.98e-05	1.02e-02	9.90e-01
 2.00087e+22	2.86e-26	2.31e-20	9.54e-16	7.61e-12	2.34e-08	5.21e-05	1.07e-02	9.89e-01
 2.01399e+22	3.63e-26	2.78e-20	1.09e-15	8.30e-12	2.43e-08	5.43e-05	1.11e-02	9.89e-01
 2.02755e+22	4.76e-26	3.43e-20	1.28e-15	9.18e-12	2.55e-08	5.70e-05	1.16e-02	9.88e-01
 2.04134e+22	6.02e-26	4.12e-20	1.46e-15	1.00e-11	2.65e-08	5.94e-05	1.20e-02	9.88e-01
 2.05564e+22	7.94e-26	5.10e-20	1.72e-15	1.11e-11	2.78e-08	6.25e-05	1.26e-02	9.87e-01
 2.07022e+22	1.00e-25	6.13e-20	1.97e-15	1.21e-11	2.89e-08	6.53e-05	1.31e-02	9.87e-01
 2.08361e+22	1.26e-25	7.31e-20	2.24e-15	1.32e-11	3.01e-08	6.81e-05	1.35e-02	9.86e-01
 2.09886e+22	1.67e-25	9.15e-20	2.65e-15	1.48e-11	3.17e-08	7.19e-05	1.42e-02	9.86e-01
 2.11425e+22	2.09e-25	1.09e-19	3.02e-15	1.61e-11	3.30e-08	7.51e-05	1.47e-02	9.85e-01
 2.12982e+22	2.77e-25	1.36e-19	3.57e-15	1.80e-11	3.48e-08	7.95e-05	1.54e-02	9.85e-01
 2.14544e+22	3.44e-25	1.62e-19	4.07e-15	1.96e-11	3.63e-08	8.31e-05	1.59e-02	9.84e-01
 2.16112e+22	4.57e-25	2.02e-19	4.81e-15	2.20e-11	3.83e-08	8.80e-05	1.67e-02	9.83e-01
 2.17707e+22	5.66e-25	2.40e-19	5.48e-15	2.40e-11	4.01e-08	9.21e-05	1.73e-02	9.83e-01
 2.19338e+22	7.57e-25	3.02e-19	6.53e-15	2.70e-11	4.25e-08	9.79e-05	1.81e-02	9.82e-01
 2.20961e+22	9.30e-25	3.56e-19	7.41e-15	2.95e-11	4.45e-08	1.03e-04	1.87e-02	9.81e-01
 2.22575e+22	1.24e-24	4.47e-19	8.82e-15	3.32e-11	4.73e-08	1.09e-04	1.96e-02	9.80e-01
 2.24210e+22	1.53e-24	5.30e-19	1.01e-14	3.63e-11	4.97e-08	1.15e-04	2.02e-02	9.80e-01
 2.25873e+22	2.03e-24	6.68e-19	1.20e-14	4.11e-11	5.30e-08	1.22e-04	2.12e-02	9.79e-01
 2.27557e+22	2.54e-24	8.00e-19	1.38e-14	4.52e-11	5.58e-08	1.29e-04	2.19e-02	9.78e-01
 2.29269e+22	3.42e-24	1.02e-18	1.66e-14	5.15e-11	5.98e-08	1.38e-04	2.29e-02	9.77e-01
 2.31010e+22	4.33e-24	1.23e-18	1.93e-14	5.71e-11	6.34e-08	1.46e-04	2.38e-02	9.76e-01
 2.32789e+22	5.91e-24	1.58e-18	2.34e-14	6.56e-11	6.84e-08	1.57e-04	2.50e-02	9.75e-01
 2.34591e+22	7.57e-24	1.94e-18	2.74e-14	7.33e-11	7.28e-08	1.66e-04	2.59e-02	9.74e-01
 2.36153e+22	9.64e-24	2.36e-18	3.20e-14	8.18e-11	7.74e-08	1.76e-04	2.69e-02	9.73e-01
 2.37625e+22	1.21e-23	2.83e-18	3.70e-14	9.07e-11	8.20e-08	1.86e-04	2.78e-02	9.72e-01
 2.39252e+22	1.63e-23	3.62e-18	4.48e-14	1.04e-10	8.87e-08	2.00e-04	2.90e-02	9.71e-01
 2.40871e+22	2.05e-23	4.38e-18	5.20e-14	1.16e-10	9.44e-08	2.11e-04	3.00e-02	9.70e-01
 2.42182e+22	2.52e-23	5.17e-18	5.93e-14	1.27e-10	9.97e-08	2.22e-04	3.09e-02	9.69e-01
 2.43585e+22	3.32e-23	6.49e-18	7.10e-14	1.45e-10	1.07e-07	2.37e-04	3.21e-02	9.68e-01
 2.44882e+22	3.95e-23	7.49e-18	7.95e-14	1.57e-10	1.13e-07	2.47e-04	3.29e-02	9.67e-01
 2.46038e+22	5.04e-23	9.16e-18	9.32e-14	1.76e-10	1.20e-07	2.61e-04	3.40e-02	9.66e-01
 2.47194e+22	5.99e-23	1.06e-17	1.04e-13	1.92e-10	1.27e-07	2.73e-04	3.48e-02	9.65e-01
 2.48350e+22	7.63e-23	1.29e-17	1.22e-13	2.15e-10	1.36e-07	2.89e-04	3.59e-02	9.64e-01
 2.49484e+22	9.16e-23	1.50e-17	1.38e-13	2.35e-10	1.43e-07	3.02e-04	3.68e-02	9.63e-01
 2.50593e+22	1.18e-22	1.86e-17	1.63e-13	2.66e-10	1.54e-07	3.20e-04	3.80e-02	9.62e-01
 2.51649e+22	1.39e-22	2.12e-17	1.82e-13	2.88e-10	1.61e-07	3.33e-04	3.89e-02	9.61e-01
 2.52639e+22	1.75e-22	2.56e-17	2.12e-13	3.21e-10	1.72e-07	3.51e-04	4.00e-02	9.60e-01
 2.53650e+22	2.11e-22	3.00e-17	2.40e-13	3.52e-10	1.82e-07	3.66e-04	4.09e-02	9.59e-01
 2.54690e+22	2.74e-22	3.73e-17	2.86e-13	4.00e-10	1.97e-07	3.89e-04	4.23e-02	9.57e-01
 2.55712e+22	3.28e-22	4.33e-17	3.22e-13	4.38e-10	2.08e-07	4.05e-04	4.32e-02	9.56e-01
 2.56568e+22	3.97e-22	5.08e-17	3.67e-13	4.81e-10	2.21e-07	4.23e-04	4.42e-02	9.55e-01
 2.57393e+22	4.73e-22	5.89e-17	4.13e-13	5.26e-10	2.33e-07	4.41e-04	4.51e-02	9.54e-01
 2.58323e+22	6.20e-22	7.38e-17	4.95e-13	6.00e-10	2.53e-07	4.67e-04	4.65e-02	9.53e-01
 2.59222e+22	7.35e-22	8.52e-17	5.55e-13	6.54e-10	2.67e-07	4.86e-04	4.75e-02	9.52e-01
 2.60080e+22	9.51e-22	1.06e-16	6.60e-13	7.44e-10	2.89e-07	5.14e-04	4.89e-02	9.51e-01
 2.60949e+22	1.14e-21	1.23e-16	7.46e-13	8.15e-10	3.06e-07	5.35e-04	4.99e-02	9.50e-01
 2.61831e+22	1.51e-21	1.56e-16	9.02e-13	9.38e-10	3.34e-07	5.68e-04	5.14e-02	9.48e-01
 2.62712e+22	1.83e-21	1.83e-16	1.03e-12	1.04e-09	3.56e-07	5.93e-04	5.25e-02	9.47e-01
 2.63590e+22	2.43e-21	2.32e-16	1.25e-12	1.19e-09	3.89e-07	6.29e-04	5.41e-02	9.45e-01
 2.64487e+22	3.06e-21	2.83e-16	1.46e-12	1.34e-09	4.19e-07	6.61e-04	5.55e-02	9.44e-01
 2.65271e+22	3.85e-21	3.43e-16	1.71e-12	1.51e-09	4.51e-07	6.94e-04	5.68e-02	9.43e-01
 2.66152e+22	5.24e-21	4.44e-16	2.11e-12	1.77e-09	4.98e-07	7.39e-04	5.86e-02	9.41e-01
 2.67029e+22	6.65e-21	5.44e-16	2.49e-12	2.00e-09	5.38e-07	7.77e-04	6.00e-02	9.39e-01
 2.67903e+22	9.20e-21	7.15e-16	3.10e-12	2.35e-09	5.97e-07	8.30e-04	6.20e-02	9.37e-01
 2.68748e+22	1.16e-20	8.70e-16	3.64e-12	2.65e-09	6.44e-07	8.71e-04	6.34e-02	9.36e-01
 2.69556e+22	1.60e-20	1.14e-15	4.52e-12	3.12e-09	7.14e-07	9.28e-04	6.54e-02	9.34e-01
 2.70367e+22	2.04e-20	1.40e-15	5.36e-12	3.54e-09	7.75e-07	9.76e-04	6.70e-02	9.32e-01
 2.71181e+22	2.86e-20	1.86e-15	6.75e-12	4.20e-09	8.64e-07	1.04e-03	6.92e-02	9.30e-01
 2.72001e+22	3.67e-20	2.30e-15	8.02e-12	4.78e-09	9.38e-07	1.10e-03	7.09e-02	9.28e-01
 2.72827e+22	5.11e-20	3.05e-15	1.01e-11	5.67e-09	1.05e-06	1.17e-03	7.32e-02	9.26e-01
 2.73678e+22	6.73e-20	3.85e-15	1.22e-11	6.53e-09	1.15e-06	1.24e-03	7.51e-02	9.24e-01
 2.74436e+22	8.81e-20	4.84e-15	1.47e-11	7.50e-09	1.25e-06	1.31e-03	7.71e-02	9.22e-01
 2.75274e+22	1.24e-19	6.48e-15	1.86e-11	8.95e-09	1.40e-06	1.40e-03	7.96e-02	9.19e-01
 2.76119e+22	1.62e-19	8.14e-15	2.24e-11	1.03e-08	1.54e-06	1.48e-03	8.17e-02	9.17e-01
 2.76973e+22	2.29e-19	1.09e-14	2.84e-11	1.23e-08	1.72e-06	1.58e-03	8.44e-02	9.14e-01
 2.77843e+22	3.05e-19	1.39e-14	3.45e-11	1.42e-08	1.89e-06	1.68e-03	8.67e-02	9.12e-01
 2.78703e+22	4.24e-19	1.84e-14	4.33e-11	1.68e-08	2.11e-06	1.79e-03	8.94e-02	9.09e-01
 2.79578e+22	5.66e-19	2.35e-14	5.29e-11	1.96e-08	2.33e-06	1.90e-03	9.19e-02	9.06e-01
 2.80459e+22	7.84e-19	3.10e-14	6.63e-11	2.31e-08	2.60e-06	2.03e-03	9.48e-02	9.03e-01
 2.81334e+22	1.03e-18	3.92e-14	8.02e-11	2.67e-08	2.85e-06	2.15e-03	9.73e-02	9.01e-01
 2.82223e+22	1.42e-18	5.16e-14	1.00e-10	3.15e-08	3.18e-06	2.29e-03	1.00e-01	8.97e-01
 2.83142e+22	1.89e-18	6.56e-14	1.22e-10	3.64e-08	3.50e-06	2.43e-03	1.03e-01	8.94e-01
 2.84083e+22	2.60e-18	8.61e-14	1.52e-10	4.30e-08	3.91e-06	2.60e-03	1.06e-01	8.91e-01
 2.85036e+22	3.43e-18	1.09e-13	1.84e-10	4.97e-08	4.29e-06	2.75e-03	1.09e-01	8.88e-01
 2.86017e+22	4.71e-18	1.43e-13	2.30e-10	5.86e-08	4.79e-06	2.94e-03	1.13e-01	8.84e-01
 2.87026e+22	6.20e-18	1.81e-13	2.78e-10	6.77e-08	5.28e-06	3.12e-03	1.16e-01	8.81e-01
 2.88074e+22	8.54e-18	2.37e-13	3.48e-10	8.01e-08	5.90e-06	3.34e-03	1.19e-01	8.77e-01
 2.89151e+22	1.12e-17	3.00e-13	4.21e-10	9.25e-08	6.51e-06	3.55e-03	1.23e-01	8.74e-01
 2.90270e+22	1.55e-17	3.94e-13	5.26e-10	1.09e-07	7.29e-06	3.81e-03	1.27e-01	8.69e-01
 2.91419e+22	2.02e-17	4.95e-13	6.35e-10	1.26e-07	8.02e-06	4.04e-03	1.30e-01	8.66e-01
 2.92636e+22	2.81e-17	6.57e-13	8.00e-10	1.50e-07	9.04e-06	4.35e-03	1.35e-01	8.61e-01
 2.93863e+22	3.63e-17	8.18e-13	9.57e-10	1.72e-07	9.92e-06	4.61e-03	1.38e-01	8.57e-01
 2.95116e+22	5.02e-17	1.08e-12	1.20e-09	2.05e-07	1.12e-05	4.96e-03	1.43e-01	8.52e-01
 2.96399e+22	6.47e-17	1.34e-12	1.44e-09	2.35e-07	1.23e-05	5.26e-03	1.47e-01	8.48e-01
 2.97508e+22	8.16e-17	1.64e-12	1.69e-09	2.66e-07	1.34e-05	5.55e-03	1.51e-01	8.44e-01
 2.98740e+22	1.09e-16	2.11e-12	2.08e-09	3.12e-07	1.49e-05	5.95e-03	1.55e-01	8.39e-01
 2.99988e+22	1.36e-16	2.56e-12	2.45e-09	3.53e-07	1.63e-05	6.27e-03	1.59e-01	8.35e-01
 3.01256e+22	1.82e-16	3.29e-12	3.01e-09	4.14e-07	1.82e-05	6.72e-03	1.64e-01	8.29e-01
 3.02544e+22	2.27e-16	3.98e-12	3.52e-09	4.68e-07	1.98e-05	7.09e-03	1.68e-01	8.25e-01
 3.03860e+22	3.03e-16	5.10e-12	4.32e-09	5.48e-07	2.21e-05	7.59e-03	1.73e-01	8.19e-01
 3.05151e+22	3.69e-16	6.05e-12	4.98e-09	6.11e-07	2.38e-05	7.96e-03	1.77e-01	8.15e-01
 3.06409e+22	4.83e-16	7.62e-12	6.03e-09	7.08e-07	2.64e-05	8.50e-03	1.82e-01	8.09e-01
 3.07689e+22	5.89e-16	9.04e-12	6.94e-09	7.91e-07	2.86e-05	8.92e-03	1.86e-01	8.05e-01
 3.08998e+22	7.70e-16	1.14e-11	8.41e-09	9.18e-07	3.17e-05	9.52e-03	1.91e-01	7.99e-01
 3.10325e+22	9.38e-16	1.35e-11	9.69e-09	1.02e-06	3.43e-05	1.00e-02	1.95e-01	7.95e-01
 3.11678e+22	1.22e-15	1.70e-11	1.17e-08	1.19e-06	3.81e-05	1.07e-02	2.01e-01	7.88e-01
 3.13053e+22	1.49e-15	2.02e-11	1.35e-08	1.33e-06	4.12e-05	1.12e-02	2.05e-01	7.83e-01
 3.14459e+22	1.94e-15	2.54e-11	1.63e-08	1.54e-06	4.58e-05	1.20e-02	2.11e-01	7.77e-01
 3.15829e+22	2.30e-15	2.94e-11	1.85e-08	1.70e-06	4.90e-05	1.25e-02	2.15e-01	7.72e-01
 3.17153e+22	2.96e-15	3.65e-11	2.21e-08	1.95e-06	5.42e-05	1.33e-02	2.21e-01	7.66e-01
 3.18495e+22	3.50e-15	4.22e-11	2.50e-08	2.15e-06	5.81e-05	1.39e-02	2.25e-01	7.61e-01
 3.19860e+22	4.44e-15	5.18e-11	2.97e-08	2.46e-06	6.39e-05	1.48e-02	2.31e-01	7.54e-01
 3.21263e+22	5.35e-15	6.10e-11	3.40e-08	2.74e-06	6.90e-05	1.55e-02	2.36e-01	7.49e-01
 3.22716e+22	6.76e-15	7.47e-11	4.03e-08	3.14e-06	7.60e-05	1.64e-02	2.42e-01	7.42e-01
 3.24211e+22	8.22e-15	8.86e-11	4.64e-08	3.51e-06	8.23e-05	1.73e-02	2.47e-01	7.36e-01
 3.25760e+22	1.04e-14	1.09e-10	5.52e-08	4.03e-06	9.09e-05	1.84e-02	2.53e-01	7.29e-01
 3.27345e+22	1.26e-14	1.29e-10	6.34e-08	4.49e-06	9.83e-05	1.93e-02	2.58e-01	7.22e-01
 3.28976e+22	1.62e-14	1.60e-10	7.62e-08	5.20e-06	1.09e-04	2.06e-02	2.65e-01	7.14e-01
 3.30634e+22	1.96e-14	1.89e-10	8.75e-08	5.80e-06	1.18e-04	2.16e-02	2.70e-01	7.08e-01
 3.32325e+22	2.51e-14	2.34e-10	1.05e-07	6.70e-06	1.31e-04	2.31e-02	2.77e-01	6.99e-01
 3.34083e+22	3.07e-14	2.79e-10	1.22e-07	7.53e-06	1.43e-04	2.43e-02	2.83e-01	6.92e-01
 3.35928e+22	4.00e-14	3.52e-10	1.47e-07	8.78e-06	1.59e-04	2.60e-02	2.91e-01	6.83e-01
 3.37783e+22	4.89e-14	4.19e-10	1.71e-07	9.88e-06	1.73e-04	2.74e-02	2.97e-01	6.75e-01
 3.39651e+22	6.35e-14	5.26e-10	2.07e-07	1.15e-05	1.93e-04	2.93e-02	3.05e-01	6.66e-01
 3.41594e+22	7.86e-14	6.34e-10	2.42e-07	1.30e-05	2.12e-04	3.10e-02	3.11e-01	6.57e-01
 3.43635e+22	1.05e-13	8.18e-10	3.00e-07	1.54e-05	2.39e-04	3.34e-02	3.20e-01	6.46e-01
 3.45677e+22	1.29e-13	9.81e-10	3.49e-07	1.74e-05	2.61e-04	3.52e-02	3.27e-01	6.38e-01
 3.47721e+22	1.73e-13	1.26e-09	4.32e-07	2.07e-05	2.95e-04	3.80e-02	3.36e-01	6.26e-01
 3.49795e+22	2.16e-13	1.53e-09	5.08e-07	2.35e-05	3.24e-04	4.02e-02	3.43e-01	6.16e-01
 3.51543e+22	2.65e-13	1.83e-09	5.89e-07	2.65e-05	3.53e-04	4.23e-02	3.50e-01	6.08e-01
 3.53450e+22	3.48e-13	2.32e-09	7.19e-07	3.11e-05	3.96e-04	4.53e-02	3.58e-01	5.96e-01
 3.55351e+22	4.26e-13	2.77e-09	8.34e-07	3.50e-05	4.31e-04	4.77e-02	3.65e-01	5.87e-01
 3.57246e+22	5.60e-13	3.51e-09	1.02e-06	4.11e-05	4.84e-04	5.11e-02	3.73e-01	5.75e-01
 3.59154e+22	6.89e-13	4.21e-09	1.19e-06	4.64e-05	5.28e-04	5.39e-02	3.80e-01	5.66e-01
 3.61080e+22	9.24e-13	5.39e-09	1.46e-06	5.49e-05	5.96e-04	5.79e-02	3.89e-01	5.52e-01
 3.63016e+22	1.14e-12	6.49e-09	1.71e-06	6.23e-05	6.53e-04	6.11e-02	3.96e-01	5.42e-01
 3.64968e+22	1.52e-12	8.34e-09	2.11e-06	7.39e-05	7.39e-04	6.57e-02	4.05e-01	5.28e-01
 3.66943e+22	1.91e-12	1.01e-08	2.49e-06	8.45e-05	8.14e-04	6.95e-02	4.12e-01	5.17e-01
 3.68948e+22	2.58e-12	1.31e-08	3.09e-06	1.01e-04	9.28e-04	7.50e-02	4.22e-01	5.02e-01
 3.70973e+22	3.24e-12	1.61e-08	3.67e-06	1.16e-04	1.03e-03	7.96e-02	4.29e-01	4.90e-01
 3.73025e+22	4.39e-12	2.09e-08	4.59e-06	1.40e-04	1.18e-03	8.60e-02	4.38e-01	4.74e-01
 3.74971e+22	5.36e-12	2.48e-08	5.32e-06	1.59e-04	1.29e-03	9.06e-02	4.45e-01	4.63e-01
 3.76780e+22	6.98e-12	3.13e-08	6.49e-06	1.87e-04	1.46e-03	9.71e-02	4.53e-01	4.49e-01
 3.78626e+22	8.58e-12	3.74e-08	7.58e-06	2.14e-04	1.60e-03	1.03e-01	4.59e-01	4.37e-01
 3.80440e+22	1.10e-11	4.65e-08	9.16e-06	2.51e-04	1.81e-03	1.10e-01	4.66e-01	4.22e-01
 3.82295e+22	1.36e-11	5.59e-08	1.08e-05	2.89e-04	2.01e-03	1.16e-01	4.72e-01	4.09e-01
 3.84073e+22	1.68e-11	6.77e-08	1.27e-05	3.35e-04	2.24e-03	1.24e-01	4.78e-01	3.95e-01
 3.85876e+22	2.07e-11	8.12e-08	1.50e-05	3.86e-04	2.50e-03	1.31e-01	4.84e-01	3.82e-01
 3.87639e+22	2.51e-11	9.66e-08	1.75e-05	4.44e-04	2.77e-03	1.39e-01	4.89e-01	3.69e-01
 3.89374e+22	3.02e-11	1.14e-07	2.04e-05	5.09e-04	3.08e-03	1.47e-01	4.94e-01	3.56e-01
 3.91090e+22	3.60e-11	1.34e-07	2.36e-05	5.81e-04	3.41e-03	1.55e-01	4.98e-01	3.43e-01
 3.92791e+22	4.26e-11	1.56e-07	2.72e-05	6.62e-04	3.77e-03	1.63e-01	5.02e-01	3.31e-01
 3.94493e+22	5.00e-11	1.81e-07	3.13e-05	7.54e-04	4.16e-03	1.72e-01	5.05e-01	3.18e-01
 3.96201e+22	5.83e-11	2.09e-07	3.59e-05	8.56e-04	4.59e-03	1.81e-01	5.08e-01	3.06e-01
 3.97918e+22	6.77e-11	2.41e-07	4.11e-05	9.71e-04	5.07e-03	1.90e-01	5.10e-01	2.94e-01
 3.99652e+22	7.80e-11	2.76e-07	4.68e-05	1.10e-03	5.59e-03	2.00e-01	5.12e-01	2.82e-01
 4.01411e+22	8.96e-11	3.16e-07	5.33e-05	1.24e-03	6.16e-03	2.10e-01	5.13e-01	2.70e-01
 4.03200e+22	1.02e-10	3.60e-07	6.07e-05	1.41e-03	6.79e-03	2.21e-01	5.13e-01	2.58e-01
 4.05000e+22	1.16e-10	4.08e-07	6.87e-05	1.59e-03	7.47e-03	2.31e-01	5.13e-01	2.46e-01
 4.06840e+22	1.32e-10	4.63e-07	7.80e-05	1.79e-03	8.23e-03	2.42e-01	5.13e-01	2.35e-01
 4.08693e+22	1.49e-10	5.21e-07	8.78e-05	2.01e-03	9.03e-03	2.53e-01	5.12e-01	2.24e-01
 4.10596e+22	1.68e-10	5.91e-07	9.97e-05	2.27e-03	9.96e-03	2.65e-01	5.10e-01	2.12e-01
 4.12381e+22	1.85e-10	6.51e-07	1.10e-04	2.50e-03	1.08e-02	2.75e-01	5.08e-01	2.04e-01
 4.14201e+22	2.09e-10	7.34e-07	1.25e-04	2.82e-03	1.19e-02	2.88e-01	5.05e-01	1.93e-01
 4.16039e+22	2.29e-10	8.08e-07	1.37e-04	3.09e-03	1.28e-02	2.97e-01	5.02e-01	1.84e-01
 4.17902e+22	2.58e-10	9.08e-07	1.55e-04	3.48e-03	1.41e-02	3.11e-01	4.98e-01	1.74e-01
 4.19811e+22	2.84e-10	1.00e-06	1.71e-04	3.82e-03	1.52e-02	3.21e-01	4.94e-01	1.66e-01
 4.21781e+22	3.19e-10	1.13e-06	1.93e-04	4.31e-03	1.67e-02	3.35e-01	4.88e-01	1.56e-01
 4.23781e+22	3.51e-10	1.24e-06	2.13e-04	4.72e-03	1.80e-02	3.45e-01	4.84e-01	1.48e-01
 4.25819e+22	3.95e-10	1.39e-06	2.41e-04	5.31e-03	1.98e-02	3.59e-01	4.77e-01	1.39e-01
 4.27874e+22	4.35e-10	1.53e-06	2.66e-04	5.80e-03	2.13e-02	3.70e-01	4.71e-01	1.32e-01
 4.29950e+22	4.89e-10	1.72e-06	3.00e-04	6.51e-03	2.34e-02	3.84e-01	4.63e-01	1.23e-01
 4.32050e+22	5.40e-10	1.89e-06	3.30e-04	7.10e-03	2.50e-02	3.94e-01	4.57e-01	1.16e-01
 4.34181e+22	6.08e-10	2.13e-06	3.73e-04	7.95e-03	2.75e-02	4.08e-01	4.48e-01	1.08e-01
 4.36346e+22	6.71e-10	2.34e-06	4.12e-04	8.67e-03	2.94e-02	4.19e-01	4.40e-01	1.02e-01
 4.38557e+22	7.57e-10	2.64e-06	4.66e-04	9.70e-03	3.22e-02	4.33e-01	4.30e-01	9.43e-02
 4.40809e+22	8.38e-10	2.91e-06	5.15e-04	1.06e-02	3.46e-02	4.44e-01	4.22e-01	8.86e-02
 4.43114e+22	9.50e-10	3.29e-06	5.84e-04	1.18e-02	3.78e-02	4.57e-01	4.11e-01	8.16e-02
 4.45470e+22	1.06e-09	3.64e-06	6.48e-04	1.29e-02	4.05e-02	4.68e-01	4.02e-01	7.63e-02
 4.47456e+22	1.16e-09	3.98e-06	7.09e-04	1.40e-02	4.31e-02	4.77e-01	3.93e-01	7.18e-02
 4.49600e+22	1.29e-09	4.44e-06	7.95e-04	1.54e-02	4.67e-02	4.89e-01	3.82e-01	6.62e-02
 4.51754e+22	1.43e-09	4.87e-06	8.71e-04	1.66e-02	4.94e-02	4.97e-01	3.73e-01	6.23e-02
 4.53920e+22	1.60e-09	5.45e-06	9.77e-04	1.83e-02	5.34e-02	5.08e-01	3.62e-01	5.73e-02
 4.56068e+22	1.76e-09	5.96e-06	1.07e-03	1.97e-02	5.64e-02	5.16e-01	3.53e-01	5.39e-02
 4.58194e+22	1.97e-09	6.66e-06	1.19e-03	2.16e-02	6.06e-02	5.25e-01	3.42e-01	4.96e-02
 4.60345e+22	2.18e-09	7.30e-06	1.31e-03	2.32e-02	6.40e-02	5.32e-01	3.33e-01	4.65e-02
 4.62528e+22	2.46e-09	8.20e-06	1.46e-03	2.54e-02	6.86e-02	5.41e-01	3.21e-01	4.26e-02
 4.64754e+22	2.72e-09	9.02e-06	1.61e-03	2.73e-02	7.24e-02	5.47e-01	3.12e-01	3.97e-02
 4.67037e+22	3.08e-09	1.02e-05	1.81e-03	2.99e-02	7.78e-02	5.55e-01	2.99e-01	3.62e-02
 4.69332e+22	3.44e-09	1.12e-05	1.99e-03	3.21e-02	8.18e-02	5.60e-01	2.90e-01	3.37e-02
 4.71646e+22	3.88e-09	1.27e-05	2.24e-03	3.52e-02	8.78e-02	5.67e-01	2.77e-01	3.05e-02
 4.73985e+22	4.35e-09	1.40e-05	2.47e-03	3.77e-02	9.22e-02	5.71e-01	2.68e-01	2.83e-02
 4.76360e+22	4.94e-09	1.59e-05	2.79e-03	4.13e-02	9.87e-02	5.76e-01	2.55e-01	2.55e-02
 4.78788e+22	5.58e-09	1.77e-05	3.08e-03	4.44e-02	1.04e-01	5.79e-01	2.46e-01	2.35e-02
 4.81287e+22	6.39e-09	2.02e-05	3.50e-03	4.87e-02	1.11e-01	5.83e-01	2.33e-01	2.10e-02
 4.83834e+22	7.26e-09	2.26e-05	3.88e-03	5.24e-02	1.17e-01	5.85e-01	2.23e-01	1.93e-02
 4.86443e+22	8.39e-09	2.60e-05	4.43e-03	5.75e-02	1.25e-01	5.86e-01	2.10e-01	1.71e-02
 4.89074e+22	9.57e-09	2.92e-05	4.91e-03	6.18e-02	1.31e-01	5.86e-01	2.00e-01	1.56e-02
 4.91733e+22	1.11e-08	3.37e-05	5.62e-03	6.77e-02	1.40e-01	5.86e-01	1.88e-01	1.37e-02
 4.94265e+22	1.25e-08	3.73e-05	6.17e-03	7.21e-02	1.46e-01	5.84e-01	1.79e-01	1.26e-02
 4.96633e+22	1.44e-08	4.25e-05	6.92e-03	7.78e-02	1.53e-01	5.82e-01	1.69e-01	1.13e-02
 4.99163e+22	1.64e-08	4.78e-05	7.69e-03	8.35e-02	1.60e-01	5.78e-01	1.60e-01	1.02e-02
 5.01519e+22	1.75e-08	5.35e-05	8.51e-03	8.92e-02	1.67e-01	5.75e-01	1.52e-01	9.19e-03
 5.03731e+22	1.96e-08	5.94e-05	9.33e-03	9.46e-02	1.73e-01	5.70e-01	1.44e-01	8.36e-03
 5.05822e+22	2.20e-08	6.58e-05	1.02e-02	1.00e-01	1.80e-01	5.66e-01	1.37e-01	7.61e-03
 5.08225e+22	2.55e-08	7.50e-05	1.15e-02	1.08e-01	1.88e-01	5.59e-01	1.27e-01	6.73e-03
 5.10664e+22	2.89e-08	8.36e-05	1.26e-02	1.14e-01	1.94e-01	5.52e-01	1.21e-01	6.09e-03
 5.13150e+22	3.38e-08	9.58e-05	1.41e-02	1.23e-01	2.02e-01	5.43e-01	1.12e-01	5.36e-03
 5.15698e+22	3.86e-08	1.07e-04	1.56e-02	1.30e-01	2.10e-01	5.35e-01	1.05e-01	4.78e-03
 5.17955e+22	4.37e-08	1.20e-04	1.71e-02	1.38e-01	2.16e-01	5.26e-01	9.84e-02	4.29e-03
 5.20516e+22	5.15e-08	1.38e-04	1.92e-02	1.48e-01	2.24e-01	5.15e-01	9.07e-02	3.73e-03
 5.23192e+22	5.94e-08	1.56e-04	2.12e-02	1.57e-01	2.31e-01	5.03e-01	8.41e-02	3.29e-03
 5.25619e+22	6.81e-08	1.75e-04	2.33e-02	1.66e-01	2.38e-01	4.92e-01	7.81e-02	2.91e-03
 5.28374e+22	8.12e-08	2.04e-04	2.63e-02	1.77e-01	2.46e-01	4.77e-01	7.10e-02	2.49e-03
 5.31202e+22	9.44e-08	2.31e-04	2.92e-02	1.88e-01	2.52e-01	4.63e-01	6.52e-02	2.16e-03
 5.33711e+22	1.09e-07	2.61e-04	3.21e-02	1.98e-01	2.58e-01	4.50e-01	6.00e-02	1.89e-03
 5.36559e+22	1.31e-07	3.04e-04	3.62e-02	2.11e-01	2.65e-01	4.32e-01	5.39e-02	1.59e-03
 5.39498e+22	1.53e-07	3.47e-04	4.01e-02	2.23e-01	2.71e-01	4.16e-01	4.89e-02	1.37e-03
 5.42130e+22	1.78e-07	3.93e-04	4.41e-02	2.34e-01	2.76e-01	4.01e-01	4.45e-02	1.18e-03
 5.45125e+22	2.16e-07	4.61e-04	4.97e-02	2.48e-01	2.81e-01	3.80e-01	3.93e-02	9.71e-04
 5.48152e+22	2.53e-07	5.25e-04	5.48e-02	2.60e-01	2.85e-01	3.63e-01	3.53e-02	8.23e-04
 5.50802e+22	2.94e-07	5.96e-04	6.01e-02	2.72e-01	2.87e-01	3.47e-01	3.19e-02	7.02e-04
 5.53827e+22	3.58e-07	6.98e-04	6.73e-02	2.87e-01	2.90e-01	3.27e-01	2.78e-02	5.72e-04
 5.56923e+22	4.23e-07	7.98e-04	7.40e-02	2.99e-01	2.92e-01	3.09e-01	2.47e-02	4.78e-04
 5.59679e+22	4.95e-07	9.06e-04	8.09e-02	3.11e-01	2.93e-01	2.92e-01	2.20e-02	4.01e-04
 5.62830e+22	6.04e-07	1.07e-03	9.04e-02	3.26e-01	2.92e-01	2.71e-01	1.89e-02	3.20e-04
 5.66052e+22	7.17e-07	1.22e-03	9.91e-02	3.38e-01	2.91e-01	2.54e-01	1.65e-02	2.62e-04
 5.68900e+22	8.41e-07	1.39e-03	1.08e-01	3.49e-01	2.90e-01	2.38e-01	1.45e-02	2.17e-04
 5.71683e+22	9.83e-07	1.57e-03	1.17e-01	3.59e-01	2.87e-01	2.22e-01	1.27e-02	1.79e-04
 5.74847e+22	1.20e-06	1.84e-03	1.29e-01	3.71e-01	2.83e-01	2.03e-01	1.08e-02	1.41e-04
 5.78030e+22	1.40e-06	2.09e-03	1.40e-01	3.81e-01	2.79e-01	1.89e-01	9.35e-03	1.14e-04
 5.80796e+22	1.63e-06	2.36e-03	1.51e-01	3.89e-01	2.74e-01	1.75e-01	8.14e-03	9.38e-05
 5.83949e+22	1.98e-06	2.74e-03	1.65e-01	3.99e-01	2.67e-01	1.59e-01	6.81e-03	7.26e-05
 5.87058e+22	2.29e-06	3.08e-03	1.77e-01	4.06e-01	2.62e-01	1.46e-01	5.90e-03	5.92e-05
 5.89707e+22	2.65e-06	3.45e-03	1.89e-01	4.11e-01	2.55e-01	1.35e-01	5.12e-03	4.84e-05
 5.92747e+22	3.18e-06	3.97e-03	2.05e-01	4.18e-01	2.47e-01	1.22e-01	4.27e-03	3.75e-05
 5.95855e+22	3.69e-06	4.46e-03	2.19e-01	4.22e-01	2.39e-01	1.12e-01	3.65e-03	3.01e-05
 5.98337e+22	4.16e-06	4.89e-03	2.30e-01	4.25e-01	2.33e-01	1.04e-01	3.23e-03	2.53e-05
 6.00851e+22	4.82e-06	5.48e-03	2.45e-01	4.27e-01	2.25e-01	9.46e-02	2.75e-03	2.02e-05
 6.03411e+22	5.45e-06	6.00e-03	2.57e-01	4.29e-01	2.18e-01	8.75e-02	2.41e-03	1.68e-05
 6.06028e+22	6.33e-06	6.73e-03	2.72e-01	4.30e-01	2.10e-01	7.92e-02	2.04e-03	1.33e-05
 6.08673e+22	7.17e-06	7.38e-03	2.85e-01	4.30e-01	2.02e-01	7.29e-02	1.77e-03	1.10e-05
 6.11000e+22	8.07e-06	8.07e-03	2.98e-01	4.30e-01	1.95e-01	6.71e-02	1.54e-03	9.06e-06
 6.13673e+22	9.41e-06	9.05e-03	3.15e-01	4.28e-01	1.86e-01	6.02e-02	1.29e-03	7.06e-06
 6.16366e+22	1.06e-05	9.88e-03	3.29e-01	4.26e-01	1.79e-01	5.51e-02	1.11e-03	5.78e-06
 6.19089e+22	1.24e-05	1.11e-02	3.47e-01	4.23e-01	1.69e-01	4.91e-02	9.22e-04	4.46e-06
 6.21827e+22	1.40e-05	1.21e-02	3.61e-01	4.19e-01	1.62e-01	4.48e-02	7.94e-04	3.63e-06
 6.24586e+22	1.63e-05	1.35e-02	3.79e-01	4.14e-01	1.53e-01	3.98e-02	6.55e-04	2.79e-06
 6.27400e+22	1.84e-05	1.47e-02	3.94e-01	4.10e-01	1.45e-01	3.61e-02	5.58e-04	2.24e-06
 6.30287e+22	2.15e-05	1.65e-02	4.13e-01	4.03e-01	1.36e-01	3.17e-02	4.53e-04	1.69e-06
 6.33208e+22	2.44e-05	1.80e-02	4.28e-01	3.97e-01	1.29e-01	2.86e-02	3.84e-04	1.34e-06
 6.36175e+22	2.87e-05	2.02e-02	4.47e-01	3.88e-01	1.20e-01	2.49e-02	3.08e-04	9.99e-07
 6.39169e+22	3.26e-05	2.21e-02	4.62e-01	3.80e-01	1.13e-01	2.23e-02	2.59e-04	7.89e-07
 6.42199e+22	3.82e-05	2.47e-02	4.81e-01	3.70e-01	1.04e-01	1.94e-02	2.08e-04	5.85e-07
 6.45325e+22	4.37e-05	2.71e-02	4.97e-01	3.61e-01	9.72e-02	1.72e-02	1.71e-04	4.50e-07
 6.48577e+22	5.20e-05	3.05e-02	5.17e-01	3.49e-01	8.89e-02	1.47e-02	1.34e-04	3.23e-07
 6.51866e+22	5.95e-05	3.34e-02	5.32e-01	3.39e-01	8.26e-02	1.29e-02	1.10e-04	2.46e-07
 6.54438e+22	6.59e-05	3.57e-02	5.44e-01	3.31e-01	7.79e-02	1.17e-02	9.39e-05	2.00e-07
 6.57014e+22	7.52e-05	3.91e-02	5.58e-01	3.20e-01	7.23e-02	1.03e-02	7.70e-05	1.53e-07
 6.59625e+22	8.32e-05	4.18e-02	5.69e-01	3.12e-01	6.81e-02	9.31e-03	6.58e-05	0.00e+00
 6.62278e+22	9.51e-05	4.57e-02	5.82e-01	3.01e-01	6.28e-02	8.14e-03	5.35e-05	0.00e+00
 6.64960e+22	1.05e-04	4.89e-02	5.93e-01	2.92e-01	5.89e-02	7.32e-03	4.54e-05	0.00e+00
 6.67679e+22	1.21e-04	5.35e-02	6.06e-01	2.80e-01	5.41e-02	6.37e-03	3.66e-05	0.00e+00
 6.70430e+22	1.34e-04	5.71e-02	6.15e-01	2.71e-01	5.05e-02	5.70e-03	3.09e-05	0.00e+00
 6.73220e+22	1.53e-04	6.23e-02	6.27e-01	2.59e-01	4.63e-02	4.94e-03	2.48e-05	0.00e+00
 6.76081e+22	1.70e-04	6.68e-02	6.36e-01	2.50e-01	4.29e-02	4.39e-03	2.07e-05	0.00e+00
 6.79031e+22	1.96e-04	7.32e-02	6.47e-01	2.37e-01	3.89e-02	3.75e-03	1.63e-05	0.00e+00
 6.81995e+22	2.18e-04	7.81e-02	6.54e-01	2.28e-01	3.60e-02	3.32e-03	1.35e-05	0.00e+00
 6.84975e+22	2.51e-04	8.53e-02	6.63e-01	2.16e-01	3.26e-02	2.84e-03	1.06e-05	0.00e+00
 6.87841e+22	2.75e-04	9.03e-02	6.69e-01	2.07e-01	3.04e-02	2.54e-03	8.97e-06	0.00e+00
 6.89831e+22	2.93e-04	9.37e-02	6.73e-01	2.02e-01	2.89e-02	2.36e-03	8.01e-06	0.00e+00
 6.91687e+22	3.19e-04	9.88e-02	6.77e-01	1.95e-01	2.71e-02	2.13e-03	6.88e-06	0.00e+00
 6.94102e+22	3.54e-04	1.05e-01	6.82e-01	1.86e-01	2.50e-02	1.88e-03	5.67e-06	0.00e+00
 6.96803e+22	3.93e-04	1.12e-01	6.86e-01	1.77e-01	2.30e-02	1.65e-03	4.66e-06	0.00e+00
 6.99037e+22	4.20e-04	1.17e-01	6.88e-01	1.71e-01	2.17e-02	1.51e-03	4.10e-06	0.00e+00
 7.00748e+22	4.47e-04	1.21e-01	6.90e-01	1.66e-01	2.07e-02	1.40e-03	3.63e-06	0.00e+00
 7.02621e+22	4.86e-04	1.28e-01	6.92e-01	1.59e-01	1.93e-02	1.26e-03	3.11e-06	0.00e+00
 7.05055e+22	5.40e-04	1.36e-01	6.94e-01	1.51e-01	1.77e-02	1.10e-03	2.53e-06	0.00e+00
 7.07615e+22	5.89e-04	1.43e-01	6.95e-01	1.44e-01	1.64e-02	9.78e-04	2.13e-06	0.00e+00
 7.09897e+22	6.40e-04	1.50e-01	6.96e-01	1.37e-01	1.53e-02	8.76e-04	1.81e-06	0.00e+00
 7.12422e+22	7.16e-04	1.61e-01	6.95e-01	1.29e-01	1.39e-02	7.54e-04	1.45e-06	0.00e+00
 7.14986e+22	7.74e-04	1.68e-01	6.95e-01	1.23e-01	1.29e-02	6.75e-04	1.23e-06	0.00e+00
 7.17601e+22	8.66e-04	1.79e-01	6.93e-01	1.15e-01	1.17e-02	5.79e-04	9.77e-07	0.00e+00
 7.20999e+22	1.00e-03	1.95e-01	6.88e-01	1.05e-01	1.02e-02	4.71e-04	7.20e-07	0.00e+00
 7.24552e+22	1.13e-03	2.09e-01	6.84e-01	9.67e-02	9.12e-03	3.96e-04	5.58e-07	0.00e+00
 7.28307e+22	1.33e-03	2.29e-01	6.75e-01	8.65e-02	7.83e-03	3.13e-04	3.94e-07	0.00e+00
 7.32102e+22	1.50e-03	2.44e-01	6.68e-01	7.93e-02	6.95e-03	2.60e-04	3.02e-07	0.00e+00
 7.35952e+22	1.77e-03	2.68e-01	6.54e-01	6.99e-02	5.90e-03	2.01e-04	2.08e-07	0.00e+00
 7.39816e+22	2.00e-03	2.86e-01	6.43e-01	6.33e-02	5.20e-03	1.65e-04	1.56e-07	0.00e+00
 7.43699e+22	2.37e-03	3.15e-01	6.24e-01	5.49e-02	4.36e-03	1.25e-04	0.00e+00	0.00e+00
 7.47612e+22	2.72e-03	3.37e-01	6.07e-01	4.88e-02	3.77e-03	1.00e-04	0.00e+00	0.00e+00
 7.51564e+22	3.26e-03	3.72e-01	5.81e-01	4.12e-02	3.10e-03	7.32e-05	0.00e+00	0.00e+00
 7.55052e+22	3.61e-03	3.90e-01	5.66e-01	3.73e-02	2.77e-03	6.12e-05	0.00e+00	0.00e+00
 7.57938e+22	4.14e-03	4.19e-01	5.42e-01	3.24e-02	2.36e-03	4.76e-05	0.00e+00	0.00e+00
 7.60891e+22	4.65e-03	4.44e-01	5.21e-01	2.86e-02	2.06e-03	3.83e-05	0.00e+00	0.00e+00
 7.63491e+22	5.21e-03	4.69e-01	4.99e-01	2.52e-02	1.79e-03	3.07e-05	0.00e+00	0.00e+00
 7.66428e+22	6.06e-03	5.04e-01	4.67e-01	2.11e-02	1.48e-03	2.27e-05	0.00e+00	0.00e+00
 7.69389e+22	6.88e-03	5.34e-01	4.40e-01	1.80e-02	1.25e-03	1.74e-05	0.00e+00	0.00e+00
 7.71944e+22	7.76e-03	5.64e-01	4.12e-01	1.54e-02	1.06e-03	1.33e-05	0.00e+00	0.00e+00
 7.74829e+22	9.07e-03	6.03e-01	3.75e-01	1.24e-02	8.39e-04	9.31e-06	0.00e+00	0.00e+00
 7.77822e+22	1.05e-02	6.38e-01	3.41e-01	9.98e-03	6.71e-04	6.58e-06	0.00e+00	0.00e+00
 7.80499e+22	1.20e-02	6.73e-01	3.07e-01	8.00e-03	5.33e-04	4.62e-06	0.00e+00	0.00e+00
 7.83523e+22	1.43e-02	7.15e-01	2.65e-01	5.96e-03	3.90e-04	2.88e-06	0.00e+00	0.00e+00
 7.86723e+22	1.69e-02	7.54e-01	2.25e-01	4.37e-03	2.80e-04	1.76e-06	0.00e+00	0.00e+00
 7.89504e+22	1.97e-02	7.86e-01	1.91e-01	3.26e-03	2.03e-04	1.11e-06	0.00e+00	0.00e+00
 7.92033e+22	2.29e-02	8.14e-01	1.60e-01	2.42e-03	1.46e-04	6.88e-07	0.00e+00	0.00e+00
 7.94447e+22	2.66e-02	8.39e-01	1.33e-01	1.79e-03	1.03e-04	4.24e-07	0.00e+00	0.00e+00
 7.96006e+22	2.86e-02	8.50e-01	1.20e-01	1.53e-03	8.56e-05	3.31e-07	0.00e+00	0.00e+00
 7.96625e+22	2.95e-02	8.54e-01	1.15e-01	1.43e-03	7.86e-05	2.95e-07	0.00e+00	0.00e+00
 7.97137e+22	3.06e-02	8.59e-01	1.09e-01	1.33e-03	7.20e-05	2.62e-07	0.00e+00	0.00e+00
 7.97747e+22	3.19e-02	8.64e-01	1.03e-01	1.22e-03	6.49e-05	2.29e-07	0.00e+00	0.00e+00
 7.98417e+22	3.34e-02	8.69e-01	9.66e-02	1.11e-03	5.78e-05	1.97e-07	0.00e+00	0.00e+00
 7.99071e+22	3.48e-02	8.73e-01	9.08e-02	1.02e-03	5.18e-05	1.71e-07	0.00e+00	0.00e+00
 7.99698e+22	3.63e-02	8.77e-01	8.54e-02	9.37e-04	4.64e-05	1.48e-07	0.00e+00	0.00e+00
 8.00315e+22	3.79e-02	8.81e-01	8.03e-02	8.62e-04	4.16e-05	1.29e-07	0.00e+00	0.00e+00
 8.00922e+22	3.95e-02	8.84e-01	7.54e-02	7.93e-04	3.73e-05	0.00e+00	0.00e+00	0.00e+00
 8.01523e+22	4.12e-02	8.87e-01	7.08e-02	7.31e-04	3.34e-05	0.00e+00	0.00e+00	0.00e+00
 8.02136e+22	4.31e-02	8.90e-01	6.62e-02	6.70e-04	2.97e-05	0.00e+00	0.00e+00	0.00e+00
 8.02738e+22	4.50e-02	8.92e-01	6.20e-02	6.18e-04	2.65e-05	0.00e+00	0.00e+00	0.00e+00
 8.03305e+22	4.69e-02	8.94e-01	5.81e-02	5.71e-04	2.37e-05	0.00e+00	0.00e+00	0.00e+00
 8.03861e+22	4.88e-02	8.96e-01	5.46e-02	5.30e-04	2.13e-05	0.00e+00	0.00e+00	0.00e+00
 8.04444e+22	5.11e-02	8.97e-01	5.09e-02	4.89e-04	1.89e-05	0.00e+00	0.00e+00	0.00e+00
 8.05026e+22	5.33e-02	8.99e-01	4.76e-02	4.52e-04	1.68e-05	0.00e+00	0.00e+00	0.00e+00
 8.05587e+22	5.57e-02	8.99e-01	4.44e-02	4.19e-04	1.50e-05	0.00e+00	0.00e+00	0.00e+00
 8.06145e+22	5.83e-02	9.00e-01	4.15e-02	3.88e-04	1.33e-05	0.00e+00	0.00e+00	0.00e+00
 8.06679e+22	6.08e-02	9.00e-01	3.88e-02	3.62e-04	1.19e-05	0.00e+00	0.00e+00	0.00e+00
 8.07207e+22	6.33e-02	9.00e-01	3.63e-02	3.38e-04	1.07e-05	0.00e+00	0.00e+00	0.00e+00
 8.07768e+22	6.64e-02	9.00e-01	3.37e-02	3.13e-04	9.42e-06	0.00e+00	0.00e+00	0.00e+00
 8.08332e+22	6.96e-02	8.99e-01	3.13e-02	2.91e-04	8.32e-06	0.00e+00	0.00e+00	0.00e+00
 8.08848e+22	7.27e-02	8.98e-01	2.92e-02	2.72e-04	7.44e-06	0.00e+00	0.00e+00	0.00e+00
 8.09353e+22	7.56e-02	8.97e-01	2.74e-02	2.56e-04	6.69e-06	0.00e+00	0.00e+00	0.00e+00
 8.09911e+22	7.95e-02	8.95e-01	2.53e-02	2.38e-04	5.88e-06	0.00e+00	0.00e+00	0.00e+00
 8.10482e+22	8.36e-02	8.93e-01	2.34e-02	2.21e-04	5.17e-06	0.00e+00	0.00e+00	0.00e+00
 8.10993e+22	8.73e-02	8.91e-01	2.18e-02	2.08e-04	4.61e-06	0.00e+00	0.00e+00	0.00e+00
 8.11489e+22	9.09e-02	8.89e-01	2.04e-02	1.96e-04	4.14e-06	0.00e+00	0.00e+00	0.00e+00
 8.12049e+22	9.57e-02	8.85e-01	1.87e-02	1.83e-04	3.63e-06	0.00e+00	0.00e+00	0.00e+00
 8.12632e+22	1.01e-01	8.82e-01	1.72e-02	1.71e-04	3.18e-06	0.00e+00	0.00e+00	0.00e+00
 8.13159e+22	1.06e-01	8.78e-01	1.59e-02	1.60e-04	2.82e-06	0.00e+00	0.00e+00	0.00e+00
 8.13650e+22	1.10e-01	8.75e-01	1.49e-02	1.52e-04	2.53e-06	0.00e+00	0.00e+00	0.00e+00
 8.14202e+22	1.16e-01	8.70e-01	1.37e-02	1.42e-04	2.22e-06	0.00e+00	0.00e+00	0.00e+00
 8.14798e+22	1.22e-01	8.65e-01	1.25e-02	1.33e-04	1.94e-06	0.00e+00	0.00e+00	0.00e+00
 8.15344e+22	1.28e-01	8.60e-01	1.15e-02	1.26e-04	1.71e-06	0.00e+00	0.00e+00	0.00e+00
 8.15859e+22	1.34e-01	8.55e-01	1.07e-02	1.19e-04	1.53e-06	0.00e+00	0.00e+00	0.00e+00
 8.16417e+22	1.41e-01	8.49e-01	9.79e-03	1.12e-04	1.34e-06	0.00e+00	0.00e+00	0.00e+00
 8.17006e+22	1.49e-01	8.42e-01	8.95e-03	1.05e-04	1.18e-06	0.00e+00	0.00e+00	0.00e+00
 8.17567e+22	1.56e-01	8.35e-01	8.22e-03	9.95e-05	1.04e-06	0.00e+00	0.00e+00	0.00e+00
 8.18122e+22	1.64e-01	8.28e-01	7.55e-03	9.41e-05	9.18e-07	0.00e+00	0.00e+00	0.00e+00
 8.18707e+22	1.73e-01	8.20e-01	6.89e-03	8.88e-05	8.05e-07	0.00e+00	0.00e+00	0.00e+00
 8.19303e+22	1.82e-01	8.12e-01	6.28e-03	8.38e-05	7.06e-07	0.00e+00	0.00e+00	0.00e+00
 8.19884e+22	1.91e-01	8.03e-01	5.75e-03	7.95e-05	6.23e-07	0.00e+00	0.00e+00	0.00e+00
 8.20490e+22	2.01e-01	7.94e-01	5.22e-03	7.50e-05	5.45e-07	0.00e+00	0.00e+00	0.00e+00
 8.21114e+22	2.11e-01	7.84e-01	4.76e-03	7.10e-05	4.79e-07	0.00e+00	0.00e+00	0.00e+00
 8.21759e+22	2.23e-01	7.73e-01	4.30e-03	6.70e-05	4.17e-07	0.00e+00	0.00e+00	0.00e+00
 8.22428e+22	2.35e-01	7.61e-01	3.88e-03	6.32e-05	3.63e-07	0.00e+00	0.00e+00	0.00e+00
 8.23075e+22	2.46e-01	7.50e-01	3.52e-03	6.00e-05	3.19e-07	0.00e+00	0.00e+00	0.00e+00
 8.23745e+22	2.59e-01	7.38e-01	3.18e-03	5.67e-05	2.78e-07	0.00e+00	0.00e+00	0.00e+00
 8.24448e+22	2.72e-01	7.25e-01	2.86e-03	5.35e-05	2.43e-07	0.00e+00	0.00e+00	0.00e+00
 8.25108e+22	2.85e-01	7.12e-01	2.60e-03	5.09e-05	2.14e-07	0.00e+00	0.00e+00	0.00e+00
 8.25702e+22	2.96e-01	7.01e-01	2.39e-03	4.86e-05	1.92e-07	0.00e+00	0.00e+00	0.00e+00
 8.26304e+22	3.08e-01	6.89e-01	2.18e-03	4.64e-05	1.71e-07	0.00e+00	0.00e+00	0.00e+00
 8.26959e+22	3.21e-01	6.77e-01	1.99e-03	4.42e-05	1.52e-07	0.00e+00	0.00e+00	0.00e+00
 8.27643e+22	3.35e-01	6.63e-01	1.80e-03	4.20e-05	1.34e-07	0.00e+00	0.00e+00	0.00e+00
 8.28331e+22	3.49e-01	6.49e-01	1.64e-03	4.00e-05	1.19e-07	0.00e+00	0.00e+00	0.00e+00
 8.29006e+22	3.62e-01	6.36e-01	1.50e-03	3.81e-05	1.06e-07	0.00e+00	0.00e+00	0.00e+00
 8.29699e+22	3.76e-01	6.22e-01	1.36e-03	3.63e-05	0.00e+00	0.00e+00	0.00e+00	0.00e+00
 8.30430e+22	3.91e-01	6.08e-01	1.24e-03	3.45e-05	0.00e+00	0.00e+00	0.00e+00	0.00e+00
 8.31190e+22	4.06e-01	5.93e-01	1.12e-03	3.28e-05	0.00e+00	0.00e+00	0.00e+00	0.00e+00
 8.31959e+22	4.21e-01	5.78e-01	1.02e-03	3.11e-05	0.00e+00	0.00e+00	0.00e+00	0.00e+00
 8.32744e+22	4.36e-01	5.63e-01	9.26e-04	2.96e-05	0.00e+00	0.00e+00	0.00e+00	0.00e+00
 8.33551e+22	4.50e-01	5.49e-01	8.44e-04	2.81e-05	0.00e+00	0.00e+00	0.00e+00	0.00e+00
 8.34401e+22	4.66e-01	5.33e-01	7.66e-04	2.66e-05	0.00e+00	0.00e+00	0.00e+00	0.00e+00
 8.35297e+22	4.82e-01	5.17e-01	6.95e-04	2.52e-05	0.00e+00	0.00e+00	0.00e+00	0.00e+00
 8.36193e+22	4.98e-01	5.02e-01	6.34e-04	2.39e-05	0.00e+00	0.00e+00	0.00e+00	0.00e+00
 8.37118e+22	5.13e-01	4.87e-01	5.79e-04	2.26e-05	0.00e+00	0.00e+00	0.00e+00	0.00e+00
 8.38118e+22	5.29e-01	4.71e-01	5.27e-04	2.14e-05	0.00e+00	0.00e+00	0.00e+00	0.00e+00
 8.39177e+22	5.45e-01	4.55e-01	4.80e-04	2.02e-05	0.00e+00	0.00e+00	0.00e+00	0.00e+00
 8.40263e+22	5.60e-01	4.40e-01	4.39e-04	1.91e-05	0.00e+00	0.00e+00	0.00e+00	0.00e+00
 8.41410e+22	5.75e-01	4.24e-01	4.02e-04	1.80e-05	0.00e+00	0.00e+00	0.00e+00	0.00e+00
 8.42661e+22	5.91e-01	4.08e-01	3.67e-04	1.69e-05	0.00e+00	0.00e+00	0.00e+00	0.00e+00
 8.43981e+22	6.06e-01	3.93e-01	3.36e-04	1.59e-05	0.00e+00	0.00e+00	0.00e+00	0.00e+00
 8.45346e+22	6.21e-01	3.79e-01	3.10e-04	1.50e-05	0.00e+00	0.00e+00	0.00e+00	0.00e+00
 8.46787e+22	6.35e-01	3.64e-01	2.85e-04	1.41e-05	0.00e+00	0.00e+00	0.00e+00	0.00e+00
 8.48329e+22	6.50e-01	3.50e-01	2.63e-04	1.32e-05	0.00e+00	0.00e+00	0.00e+00	0.00e+00
 8.49951e+22	6.63e-01	3.36e-01	2.44e-04	1.24e-05	0.00e+00	0.00e+00	0.00e+00	0.00e+00
 8.51652e+22	6.77e-01	3.23e-01	2.26e-04	1.16e-05	0.00e+00	0.00e+00	0.00e+00	0.00e+00
 8.53447e+22	6.90e-01	3.09e-01	2.10e-04	1.09e-05	0.00e+00	0.00e+00	0.00e+00	0.00e+00
 8.55300e+22	7.03e-01	2.97e-01	1.95e-04	1.03e-05	0.00e+00	0.00e+00	0.00e+00	0.00e+00
 8.57169e+22	7.16e-01	2.84e-01	1.82e-04	9.63e-06	0.00e+00	0.00e+00	0.00e+00	0.00e+00
 8.59015e+22	7.27e-01	2.73e-01	1.71e-04	9.08e-06	0.00e+00	0.00e+00	0.00e+00	0.00e+00
 8.60840e+22	7.38e-01	2.62e-01	1.61e-04	8.56e-06	0.00e+00	0.00e+00	0.00e+00	0.00e+00
 8.62663e+22	7.49e-01	2.51e-01	1.52e-04	8.09e-06	0.00e+00	0.00e+00	0.00e+00	0.00e+00
 8.64460e+22	7.59e-01	2.40e-01	1.44e-04	7.65e-06	0.00e+00	0.00e+00	0.00e+00	0.00e+00
 8.66224e+22	7.69e-01	2.31e-01	1.36e-04	7.25e-06	0.00e+00	0.00e+00	0.00e+00	0.00e+00
 8.67986e+22	7.79e-01	2.21e-01	1.29e-04	6.87e-06	0.00e+00	0.00e+00	0.00e+00	0.00e+00
 8.69716e+22	7.88e-01	2.11e-01	1.23e-04	6.52e-06	0.00e+00	0.00e+00	0.00e+00	0.00e+00
 8.71371e+22	7.97e-01	2.03e-01	1.17e-04	6.20e-06	0.00e+00	0.00e+00	0.00e+00	0.00e+00
 8.72986e+22	8.06e-01	1.94e-01	1.12e-04	5.90e-06	0.00e+00	0.00e+00	0.00e+00	0.00e+00
 8.74572e+22	8.14e-01	1.86e-01	1.08e-04	5.62e-06	0.00e+00	0.00e+00	0.00e+00	0.00e+00
 8.76126e+22	8.22e-01	1.78e-01	1.03e-04	5.36e-06	0.00e+00	0.00e+00	0.00e+00	0.00e+00
 8.77639e+22	8.30e-01	1.70e-01	9.93e-05	5.12e-06	0.00e+00	0.00e+00	0.00e+00	0.00e+00
 8.79108e+22	8.37e-01	1.63e-01	9.56e-05	4.90e-06	0.00e+00	0.00e+00	0.00e+00	0.00e+00
 8.80543e+22	8.44e-01	1.55e-01	9.23e-05	4.69e-06	0.00e+00	0.00e+00	0.00e+00	0.00e+00
 8.81964e+22	8.51e-01	1.48e-01	8.91e-05	4.48e-06	0.00e+00	0.00e+00	0.00e+00	0.00e+00
 8.83373e+22	8.58e-01	1.42e-01	8.61e-05	4.29e-06	0.00e+00	0.00e+00	0.00e+00	0.00e+00
 8.84755e+22	8.65e-01	1.35e-01	8.33e-05	4.11e-06	0.00e+00	0.00e+00	0.00e+00	0.00e+00
 8.86085e+22	8.71e-01	1.29e-01	8.08e-05	3.94e-06	0.00e+00	0.00e+00	0.00e+00	0.00e+00
 8.87362e+22	8.77e-01	1.23e-01	7.85e-05	3.79e-06	0.00e+00	0.00e+00	0.00e+00	0.00e+00
 8.88601e+22	8.82e-01	1.18e-01	7.64e-05	3.65e-06	0.00e+00	0.00e+00	0.00e+00	0.00e+00
 8.89775e+22	8.87e-01	1.13e-01	7.45e-05	3.52e-06	0.00e+00	0.00e+00	0.00e+00	0.00e+00
 8.90874e+22	8.92e-01	1.08e-01	7.27e-05	3.41e-06	0.00e+00	0.00e+00	0.00e+00	0.00e+00
 8.91917e+22	8.96e-01	1.04e-01	7.11e-05	3.30e-06	0.00e+00	0.00e+00	0.00e+00	0.00e+00
 8.92890e+22	9.00e-01	9.98e-02	6.98e-05	3.21e-06	0.00e+00	0.00e+00	0.00e+00	0.00e+00
 8.93628e+22	9.03e-01	9.72e-02	6.89e-05	3.16e-06	0.00e+00	0.00e+00	0.00e+00	0.00e+00
