#depth	O	O+	O+2	O+3	O+4	O+5	O+6	O+7	O+8	O[1]	O[2]	O[3]
 4.62852e+21	0.00e+00	0.00e+00	4.01e-27	9.12e-22	5.55e-17	1.56e-12	1.47e-07	8.00e-04	9.99e-01	0.00e+00	0.00e+00	0.00e+00
 1.05368e+22	0.00e+00	1.69e-32	3.30e-26	5.31e-21	2.33e-16	4.63e-12	3.01e-07	1.14e-03	9.99e-01	0.00e+00	0.00e+00	0.00e+00
 1.26843e+22	0.00e+00	8.81e-32	1.37e-25	1.75e-20	6.08e-16	9.60e-12	4.86e-07	1.45e-03	9.99e-01	0.00e+00	0.00e+00	0.00e+00
 1.42464e+22	0.00e+00	3.28e-31	4.24e-25	4.51e-20	1.31e-15	1.72e-11	7.14e-07	1.75e-03	9.98e-01	0.00e+00	0.00e+00	0.00e+00
 1.51142e+22	0.00e+00	4.56e-31	5.64e-25	5.73e-20	1.59e-15	1.99e-11	7.86e-07	1.84e-03	9.98e-01	0.00e+00	0.00e+00	0.00e+00
 1.54611e+22	0.00e+00	6.38e-31	7.52e-25	7.29e-20	1.93e-15	2.30e-11	8.66e-07	1.93e-03	9.98e-01	0.00e+00	0.00e+00	0.00e+00
 1.58065e+22	0.00e+00	8.77e-31	9.89e-25	9.17e-20	2.32e-15	2.66e-11	9.51e-07	2.02e-03	9.98e-01	0.00e+00	0.00e+00	0.00e+00
 1.62024e+22	0.00e+00	1.30e-30	1.39e-24	1.23e-19	2.94e-15	3.18e-11	1.07e-06	2.14e-03	9.98e-01	0.00e+00	0.00e+00	0.00e+00
 1.66038e+22	0.00e+00	1.84e-30	1.87e-24	1.57e-19	3.59e-15	3.71e-11	1.18e-06	2.25e-03	9.98e-01	0.00e+00	0.00e+00	0.00e+00
 1.69235e+22	0.00e+00	2.43e-30	2.38e-24	1.93e-19	4.23e-15	4.20e-11	1.28e-06	2.35e-03	9.98e-01	0.00e+00	0.00e+00	0.00e+00
 1.72505e+22	0.00e+00	3.39e-30	3.17e-24	2.45e-19	5.14e-15	4.87e-11	1.41e-06	2.46e-03	9.98e-01	0.00e+00	0.00e+00	0.00e+00
 1.75921e+22	0.00e+00	4.56e-30	4.11e-24	3.04e-19	6.12e-15	5.57e-11	1.54e-06	2.57e-03	9.97e-01	0.00e+00	0.00e+00	0.00e+00
 1.78988e+22	0.00e+00	6.05e-30	5.24e-24	3.73e-19	7.22e-15	6.32e-11	1.68e-06	2.68e-03	9.97e-01	0.00e+00	0.00e+00	0.00e+00
 1.81964e+22	0.00e+00	7.99e-30	6.66e-24	4.56e-19	8.50e-15	7.15e-11	1.82e-06	2.79e-03	9.97e-01	0.00e+00	0.00e+00	0.00e+00
 1.85362e+22	0.00e+00	1.13e-29	8.96e-24	5.86e-19	1.04e-14	8.35e-11	2.02e-06	2.93e-03	9.97e-01	0.00e+00	0.00e+00	0.00e+00
 1.88829e+22	0.00e+00	1.52e-29	1.16e-23	7.25e-19	1.24e-14	9.53e-11	2.20e-06	3.06e-03	9.97e-01	0.00e+00	0.00e+00	0.00e+00
 1.91861e+22	0.00e+00	2.01e-29	1.48e-23	8.91e-19	1.46e-14	1.08e-10	2.39e-06	3.19e-03	9.97e-01	0.00e+00	0.00e+00	0.00e+00
 1.95280e+22	0.00e+00	2.81e-29	1.97e-23	1.14e-18	1.78e-14	1.26e-10	2.64e-06	3.35e-03	9.97e-01	0.00e+00	0.00e+00	0.00e+00
 1.98581e+22	0.00e+00	3.72e-29	2.51e-23	1.39e-18	2.10e-14	1.43e-10	2.86e-06	3.49e-03	9.97e-01	0.00e+00	0.00e+00	0.00e+00
 2.01147e+22	0.00e+00	4.73e-29	3.09e-23	1.65e-18	2.41e-14	1.59e-10	3.07e-06	3.61e-03	9.96e-01	0.00e+00	0.00e+00	0.00e+00
 2.03900e+22	0.00e+00	6.18e-29	3.89e-23	2.01e-18	2.83e-14	1.79e-10	3.33e-06	3.75e-03	9.96e-01	0.00e+00	0.00e+00	0.00e+00
 2.06925e+22	0.00e+00	8.15e-29	4.94e-23	2.46e-18	3.33e-14	2.03e-10	3.61e-06	3.91e-03	9.96e-01	0.00e+00	0.00e+00	0.00e+00
 2.09732e+22	0.00e+00	1.05e-28	6.12e-23	2.94e-18	3.85e-14	2.27e-10	3.88e-06	4.05e-03	9.96e-01	0.00e+00	0.00e+00	0.00e+00
 2.12811e+22	0.00e+00	1.41e-28	7.93e-23	3.66e-18	4.60e-14	2.60e-10	4.25e-06	4.23e-03	9.96e-01	0.00e+00	0.00e+00	0.00e+00
 2.15953e+22	0.00e+00	1.87e-28	1.01e-22	4.48e-18	5.42e-14	2.94e-10	4.61e-06	4.41e-03	9.96e-01	0.00e+00	0.00e+00	0.00e+00
 2.18589e+22	0.00e+00	2.38e-28	1.24e-22	5.33e-18	6.24e-14	3.28e-10	4.95e-06	4.57e-03	9.95e-01	0.00e+00	0.00e+00	0.00e+00
 2.21430e+22	0.00e+00	3.14e-28	1.58e-22	6.53e-18	7.36e-14	3.73e-10	5.38e-06	4.76e-03	9.95e-01	0.00e+00	0.00e+00	0.00e+00
 2.24484e+22	0.00e+00	4.16e-28	2.01e-22	7.99e-18	8.66e-14	4.22e-10	5.84e-06	4.96e-03	9.95e-01	0.00e+00	0.00e+00	0.00e+00
 2.27067e+22	0.00e+00	5.20e-28	2.44e-22	9.40e-18	9.88e-14	4.66e-10	6.24e-06	5.12e-03	9.95e-01	0.00e+00	0.00e+00	0.00e+00
 2.29679e+22	0.00e+00	6.71e-28	3.03e-22	1.13e-17	1.15e-13	5.24e-10	6.73e-06	5.31e-03	9.95e-01	0.00e+00	0.00e+00	0.00e+00
 2.32463e+22	0.00e+00	8.59e-28	3.76e-22	1.35e-17	1.33e-13	5.85e-10	7.24e-06	5.51e-03	9.94e-01	0.00e+00	0.00e+00	0.00e+00
 2.34979e+22	0.00e+00	1.08e-27	4.57e-22	1.59e-17	1.52e-13	6.48e-10	7.75e-06	5.70e-03	9.94e-01	0.00e+00	0.00e+00	0.00e+00
 2.37757e+22	0.00e+00	1.41e-27	5.77e-22	1.94e-17	1.78e-13	7.34e-10	8.40e-06	5.93e-03	9.94e-01	0.00e+00	0.00e+00	0.00e+00
 2.40674e+22	0.00e+00	1.83e-27	7.22e-22	2.34e-17	2.08e-13	8.24e-10	9.08e-06	6.16e-03	9.94e-01	0.00e+00	0.00e+00	0.00e+00
 2.43158e+22	2.03e-34	2.30e-27	8.77e-22	2.76e-17	2.37e-13	9.12e-10	9.70e-06	6.36e-03	9.94e-01	0.00e+00	0.00e+00	0.00e+00
 2.45431e+22	2.56e-34	2.82e-27	1.05e-21	3.20e-17	2.68e-13	1.00e-09	1.03e-05	6.56e-03	9.93e-01	0.00e+00	0.00e+00	0.00e+00
 2.48042e+22	3.42e-34	3.63e-27	1.30e-21	3.85e-17	3.11e-13	1.12e-09	1.11e-05	6.81e-03	9.93e-01	0.00e+00	0.00e+00	0.00e+00
 2.50842e+22	4.56e-34	4.68e-27	1.62e-21	4.62e-17	3.61e-13	1.26e-09	1.20e-05	7.06e-03	9.93e-01	0.00e+00	0.00e+00	0.00e+00
 2.53374e+22	5.95e-34	5.90e-27	1.97e-21	5.47e-17	4.13e-13	1.40e-09	1.29e-05	7.31e-03	9.93e-01	0.00e+00	0.00e+00	0.00e+00
 2.56153e+22	8.11e-34	7.75e-27	2.50e-21	6.67e-17	4.86e-13	1.58e-09	1.39e-05	7.61e-03	9.92e-01	0.00e+00	0.00e+00	0.00e+00
 2.58931e+22	1.07e-33	9.90e-27	3.08e-21	7.95e-17	5.60e-13	1.76e-09	1.50e-05	7.89e-03	9.92e-01	0.00e+00	0.00e+00	0.00e+00
 2.61206e+22	1.36e-33	1.22e-26	3.68e-21	9.24e-17	6.33e-13	1.93e-09	1.60e-05	8.13e-03	9.92e-01	0.00e+00	0.00e+00	0.00e+00
 2.63662e+22	1.79e-33	1.55e-26	4.53e-21	1.10e-16	7.30e-13	2.16e-09	1.71e-05	8.42e-03	9.92e-01	0.00e+00	0.00e+00	0.00e+00
 2.66345e+22	2.35e-33	1.96e-26	5.56e-21	1.31e-16	8.39e-13	2.40e-09	1.84e-05	8.73e-03	9.91e-01	0.00e+00	0.00e+00	0.00e+00
 2.68877e+22	3.08e-33	2.49e-26	6.81e-21	1.55e-16	9.64e-13	2.67e-09	1.98e-05	9.03e-03	9.91e-01	0.00e+00	0.00e+00	0.00e+00
 2.71333e+22	3.99e-33	3.12e-26	8.28e-21	1.83e-16	1.10e-12	2.96e-09	2.11e-05	9.34e-03	9.91e-01	0.00e+00	0.00e+00	0.00e+00
 2.73688e+22	5.10e-33	3.87e-26	9.95e-21	2.13e-16	1.25e-12	3.26e-09	2.25e-05	9.64e-03	9.90e-01	0.00e+00	0.00e+00	0.00e+00
 2.76301e+22	6.81e-33	4.99e-26	1.24e-20	2.57e-16	1.45e-12	3.65e-09	2.43e-05	1.00e-02	9.90e-01	0.00e+00	0.00e+00	0.00e+00
 2.79034e+22	9.02e-33	6.38e-26	1.53e-20	3.06e-16	1.68e-12	4.07e-09	2.62e-05	1.04e-02	9.90e-01	0.00e+00	0.00e+00	0.00e+00
 2.81424e+22	1.16e-32	7.97e-26	1.85e-20	3.59e-16	1.91e-12	4.49e-09	2.80e-05	1.07e-02	9.89e-01	0.00e+00	0.00e+00	0.00e+00
 2.84032e+22	1.56e-32	1.03e-25	2.31e-20	4.33e-16	2.22e-12	5.05e-09	3.02e-05	1.12e-02	9.89e-01	0.00e+00	0.00e+00	0.00e+00
 2.86809e+22	2.09e-32	1.33e-25	2.87e-20	5.20e-16	2.57e-12	5.65e-09	3.26e-05	1.16e-02	9.88e-01	0.00e+00	0.00e+00	0.00e+00
 2.89197e+22	2.68e-32	1.65e-25	3.46e-20	6.08e-16	2.92e-12	6.21e-09	3.48e-05	1.20e-02	9.88e-01	0.00e+00	0.00e+00	0.00e+00
 2.91363e+22	3.40e-32	2.03e-25	4.13e-20	7.06e-16	3.29e-12	6.81e-09	3.70e-05	1.23e-02	9.88e-01	0.00e+00	0.00e+00	0.00e+00
 2.93849e+22	4.53e-32	2.61e-25	5.12e-20	8.46e-16	3.81e-12	7.61e-09	3.99e-05	1.28e-02	9.87e-01	0.00e+00	0.00e+00	0.00e+00
 2.96489e+22	6.00e-32	3.33e-25	6.31e-20	1.01e-15	4.39e-12	8.46e-09	4.29e-05	1.33e-02	9.87e-01	0.00e+00	0.00e+00	0.00e+00
 2.98869e+22	7.72e-32	4.15e-25	7.62e-20	1.18e-15	4.99e-12	9.32e-09	4.58e-05	1.37e-02	9.86e-01	0.00e+00	0.00e+00	0.00e+00
 3.01504e+22	1.06e-31	5.45e-25	9.62e-20	1.43e-15	5.83e-12	1.05e-08	4.97e-05	1.43e-02	9.86e-01	0.00e+00	0.00e+00	0.00e+00
 3.04128e+22	1.38e-31	6.89e-25	1.18e-19	1.69e-15	6.68e-12	1.16e-08	5.33e-05	1.48e-02	9.85e-01	0.00e+00	0.00e+00	0.00e+00
 3.06299e+22	1.77e-31	8.53e-25	1.41e-19	1.97e-15	7.54e-12	1.27e-08	5.67e-05	1.53e-02	9.85e-01	0.00e+00	0.00e+00	0.00e+00
 3.08686e+22	2.34e-31	1.09e-24	1.74e-19	2.35e-15	8.69e-12	1.41e-08	6.10e-05	1.58e-02	9.84e-01	0.00e+00	0.00e+00	0.00e+00
 3.11249e+22	3.14e-31	1.40e-24	2.16e-19	2.81e-15	1.00e-11	1.57e-08	6.57e-05	1.64e-02	9.84e-01	0.00e+00	0.00e+00	0.00e+00
 3.13547e+22	4.00e-31	1.73e-24	2.58e-19	3.27e-15	1.13e-11	1.72e-08	7.00e-05	1.70e-02	9.83e-01	0.00e+00	0.00e+00	0.00e+00
 3.16041e+22	5.51e-31	2.29e-24	3.27e-19	3.98e-15	1.32e-11	1.94e-08	7.59e-05	1.77e-02	9.82e-01	0.00e+00	0.00e+00	0.00e+00
 3.18529e+22	7.23e-31	2.90e-24	4.00e-19	4.70e-15	1.51e-11	2.13e-08	8.13e-05	1.83e-02	9.82e-01	0.00e+00	0.00e+00	0.00e+00
 3.20603e+22	9.10e-31	3.54e-24	4.74e-19	5.42e-15	1.69e-11	2.32e-08	8.62e-05	1.88e-02	9.81e-01	0.00e+00	0.00e+00	0.00e+00
 3.22890e+22	1.22e-30	4.57e-24	5.89e-19	6.50e-15	1.95e-11	2.58e-08	9.29e-05	1.96e-02	9.80e-01	0.00e+00	0.00e+00	0.00e+00
 3.25297e+22	1.62e-30	5.82e-24	7.23e-19	7.70e-15	2.23e-11	2.85e-08	9.96e-05	2.03e-02	9.80e-01	0.00e+00	0.00e+00	0.00e+00
 3.27466e+22	2.10e-30	7.28e-24	8.75e-19	9.02e-15	2.53e-11	3.12e-08	1.06e-04	2.10e-02	9.79e-01	0.00e+00	0.00e+00	0.00e+00
 3.29887e+22	2.91e-30	9.67e-24	1.11e-18	1.10e-14	2.96e-11	3.50e-08	1.15e-04	2.18e-02	9.78e-01	0.00e+00	0.00e+00	0.00e+00
 3.32276e+22	3.80e-30	1.22e-23	1.35e-18	1.29e-14	3.36e-11	3.84e-08	1.23e-04	2.26e-02	9.77e-01	0.00e+00	0.00e+00	0.00e+00
 3.34273e+22	4.88e-30	1.51e-23	1.62e-18	1.50e-14	3.79e-11	4.19e-08	1.31e-04	2.33e-02	9.77e-01	0.00e+00	0.00e+00	0.00e+00
 3.36519e+22	6.71e-30	1.99e-23	2.05e-18	1.82e-14	4.41e-11	4.67e-08	1.42e-04	2.43e-02	9.76e-01	0.00e+00	0.00e+00	0.00e+00
 3.38816e+22	8.70e-30	2.49e-23	2.48e-18	2.14e-14	4.99e-11	5.11e-08	1.51e-04	2.51e-02	9.75e-01	0.00e+00	0.00e+00	0.00e+00
 3.41177e+22	1.22e-29	3.32e-23	3.17e-18	2.61e-14	5.85e-11	5.73e-08	1.64e-04	2.62e-02	9.74e-01	0.00e+00	0.00e+00	0.00e+00
 3.43563e+22	1.63e-29	4.28e-23	3.92e-18	3.11e-14	6.71e-11	6.32e-08	1.76e-04	2.71e-02	9.73e-01	0.00e+00	0.00e+00	0.00e+00
 3.45536e+22	2.08e-29	5.28e-23	4.68e-18	3.61e-14	7.53e-11	6.87e-08	1.87e-04	2.80e-02	9.72e-01	0.00e+00	0.00e+00	0.00e+00
 3.47656e+22	2.85e-29	6.93e-23	5.89e-18	4.36e-14	8.73e-11	7.64e-08	2.02e-04	2.91e-02	9.71e-01	0.00e+00	0.00e+00	0.00e+00
 3.49832e+22	3.75e-29	8.78e-23	7.20e-18	5.14e-14	9.93e-11	8.37e-08	2.16e-04	3.01e-02	9.70e-01	0.00e+00	0.00e+00	0.00e+00
 3.51754e+22	4.86e-29	1.10e-22	8.68e-18	6.00e-14	1.12e-10	9.13e-08	2.30e-04	3.10e-02	9.69e-01	0.00e+00	0.00e+00	0.00e+00
 3.53927e+22	6.74e-29	1.45e-22	1.10e-17	7.31e-14	1.31e-10	1.02e-07	2.48e-04	3.23e-02	9.67e-01	0.00e+00	0.00e+00	0.00e+00
 3.56162e+22	9.06e-29	1.88e-22	1.37e-17	8.72e-14	1.50e-10	1.12e-07	2.66e-04	3.35e-02	9.66e-01	0.00e+00	0.00e+00	0.00e+00
 3.58056e+22	1.17e-28	2.33e-22	1.64e-17	1.02e-13	1.69e-10	1.22e-07	2.83e-04	3.45e-02	9.65e-01	0.00e+00	0.00e+00	0.00e+00
 3.60097e+22	1.61e-28	3.08e-22	2.08e-17	1.23e-13	1.96e-10	1.36e-07	3.05e-04	3.59e-02	9.64e-01	0.00e+00	0.00e+00	0.00e+00
 3.62212e+22	2.11e-28	3.89e-22	2.53e-17	1.45e-13	2.23e-10	1.49e-07	3.26e-04	3.71e-02	9.63e-01	0.00e+00	0.00e+00	0.00e+00
 3.64113e+22	2.80e-28	4.97e-22	3.11e-17	1.72e-13	2.54e-10	1.64e-07	3.48e-04	3.83e-02	9.61e-01	0.00e+00	0.00e+00	0.00e+00
 3.65964e+22	3.65e-28	6.24e-22	3.77e-17	2.02e-13	2.88e-10	1.79e-07	3.71e-04	3.96e-02	9.60e-01	0.00e+00	0.00e+00	0.00e+00
 3.68060e+22	5.09e-28	8.31e-22	4.81e-17	2.46e-13	3.36e-10	2.00e-07	4.01e-04	4.12e-02	9.58e-01	0.00e+00	0.00e+00	0.00e+00
 3.70224e+22	6.90e-28	1.08e-21	6.00e-17	2.96e-13	3.88e-10	2.21e-07	4.31e-04	4.27e-02	9.57e-01	0.00e+00	0.00e+00	0.00e+00
 3.72117e+22	9.18e-28	1.38e-21	7.39e-17	3.51e-13	4.43e-10	2.43e-07	4.60e-04	4.41e-02	9.55e-01	0.00e+00	0.00e+00	0.00e+00
 3.73926e+22	1.20e-27	1.75e-21	9.01e-17	4.13e-13	5.03e-10	2.66e-07	4.91e-04	4.55e-02	9.54e-01	0.00e+00	0.00e+00	0.00e+00
 3.75987e+22	1.69e-27	2.34e-21	1.15e-16	5.07e-13	5.90e-10	2.97e-07	5.31e-04	4.74e-02	9.52e-01	0.00e+00	0.00e+00	0.00e+00
 3.78125e+22	2.29e-27	3.05e-21	1.44e-16	6.10e-13	6.81e-10	3.29e-07	5.70e-04	4.91e-02	9.50e-01	0.00e+00	0.00e+00	0.00e+00
 3.80046e+22	3.09e-27	3.95e-21	1.80e-16	7.30e-13	7.84e-10	3.64e-07	6.11e-04	5.08e-02	9.49e-01	0.00e+00	0.00e+00	0.00e+00
 3.82226e+22	4.53e-27	5.49e-21	2.38e-16	9.20e-13	9.38e-10	4.13e-07	6.67e-04	5.30e-02	9.46e-01	0.00e+00	0.00e+00	0.00e+00
 3.84367e+22	6.04e-27	7.03e-21	2.93e-16	1.09e-12	1.07e-09	4.55e-07	7.13e-04	5.48e-02	9.44e-01	0.00e+00	0.00e+00	0.00e+00
 3.86164e+22	8.13e-27	9.09e-21	3.64e-16	1.31e-12	1.23e-09	5.01e-07	7.62e-04	5.67e-02	9.43e-01	0.00e+00	0.00e+00	0.00e+00
 3.87918e+22	1.08e-26	1.16e-20	4.49e-16	1.56e-12	1.41e-09	5.51e-07	8.13e-04	5.85e-02	9.41e-01	0.00e+00	0.00e+00	0.00e+00
 3.89909e+22	1.55e-26	1.59e-20	5.84e-16	1.93e-12	1.67e-09	6.21e-07	8.82e-04	6.09e-02	9.38e-01	0.00e+00	0.00e+00	0.00e+00
 3.91804e+22	2.01e-26	1.99e-20	7.09e-16	2.27e-12	1.89e-09	6.78e-07	9.37e-04	6.27e-02	9.36e-01	0.00e+00	0.00e+00	0.00e+00
 3.93321e+22	2.63e-26	2.51e-20	8.62e-16	2.67e-12	2.14e-09	7.40e-07	9.94e-04	6.45e-02	9.34e-01	0.00e+00	0.00e+00	0.00e+00
 3.94702e+22	3.33e-26	3.07e-20	1.02e-15	3.08e-12	2.39e-09	7.99e-07	1.05e-03	6.62e-02	9.33e-01	0.00e+00	0.00e+00	0.00e+00
 3.95961e+22	4.13e-26	3.71e-20	1.20e-15	3.51e-12	2.65e-09	8.59e-07	1.10e-03	6.77e-02	9.31e-01	0.00e+00	0.00e+00	0.00e+00
 3.97401e+22	5.45e-26	4.72e-20	1.47e-15	4.15e-12	3.02e-09	9.41e-07	1.17e-03	6.98e-02	9.29e-01	0.00e+00	0.00e+00	0.00e+00
 3.98828e+22	6.83e-26	5.73e-20	1.74e-15	4.76e-12	3.36e-09	1.01e-06	1.23e-03	7.15e-02	9.27e-01	0.00e+00	0.00e+00	0.00e+00
 4.00034e+22	8.48e-26	6.91e-20	2.04e-15	5.43e-12	3.72e-09	1.09e-06	1.29e-03	7.31e-02	9.26e-01	0.00e+00	0.00e+00	0.00e+00
 4.01396e+22	1.12e-25	8.80e-20	2.50e-15	6.43e-12	4.24e-09	1.19e-06	1.37e-03	7.53e-02	9.23e-01	0.00e+00	0.00e+00	0.00e+00
 4.02717e+22	1.39e-25	1.06e-19	2.92e-15	7.32e-12	4.68e-09	1.28e-06	1.43e-03	7.70e-02	9.22e-01	0.00e+00	0.00e+00	0.00e+00
 4.03808e+22	1.70e-25	1.26e-19	3.40e-15	8.28e-12	5.15e-09	1.37e-06	1.50e-03	7.86e-02	9.20e-01	0.00e+00	0.00e+00	0.00e+00
 4.05049e+22	2.19e-25	1.57e-19	4.10e-15	9.67e-12	5.81e-09	1.49e-06	1.58e-03	8.07e-02	9.18e-01	0.00e+00	0.00e+00	0.00e+00
 4.06325e+22	2.75e-25	1.91e-19	4.84e-15	1.11e-11	6.46e-09	1.60e-06	1.66e-03	8.26e-02	9.16e-01	0.00e+00	0.00e+00	0.00e+00
 4.07455e+22	3.39e-25	2.30e-19	5.65e-15	1.26e-11	7.13e-09	1.72e-06	1.74e-03	8.44e-02	9.14e-01	0.00e+00	0.00e+00	0.00e+00
 4.08730e+22	4.54e-25	2.96e-19	7.00e-15	1.51e-11	8.17e-09	1.89e-06	1.85e-03	8.69e-02	9.11e-01	0.00e+00	0.00e+00	0.00e+00
 4.09927e+22	5.56e-25	3.52e-19	8.13e-15	1.70e-11	8.98e-09	2.02e-06	1.92e-03	8.87e-02	9.09e-01	0.00e+00	0.00e+00	0.00e+00
 4.11023e+22	7.14e-25	4.38e-19	9.78e-15	1.98e-11	1.01e-08	2.19e-06	2.03e-03	9.09e-02	9.07e-01	0.00e+00	0.00e+00	0.00e+00
 4.12141e+22	8.85e-25	5.28e-19	1.14e-14	2.26e-11	1.12e-08	2.35e-06	2.12e-03	9.29e-02	9.05e-01	0.00e+00	0.00e+00	0.00e+00
 4.13130e+22	1.08e-24	6.27e-19	1.33e-14	2.55e-11	1.23e-08	2.51e-06	2.21e-03	9.47e-02	9.03e-01	0.00e+00	0.00e+00	0.00e+00
 4.14258e+22	1.44e-24	8.03e-19	1.64e-14	3.03e-11	1.40e-08	2.74e-06	2.34e-03	9.73e-02	9.00e-01	0.00e+00	0.00e+00	0.00e+00
 4.15377e+22	1.79e-24	9.70e-19	1.92e-14	3.46e-11	1.55e-08	2.94e-06	2.45e-03	9.94e-02	8.98e-01	0.00e+00	0.00e+00	0.00e+00
 4.16486e+22	2.36e-24	1.24e-18	2.36e-14	4.10e-11	1.76e-08	3.22e-06	2.60e-03	1.02e-01	8.95e-01	0.00e+00	0.00e+00	0.00e+00
 4.17610e+22	2.98e-24	1.51e-18	2.80e-14	4.72e-11	1.97e-08	3.47e-06	2.72e-03	1.04e-01	8.93e-01	0.00e+00	0.00e+00	0.00e+00
 4.18605e+22	3.77e-24	1.86e-18	3.34e-14	5.45e-11	2.19e-08	3.74e-06	2.85e-03	1.07e-01	8.90e-01	0.00e+00	0.00e+00	0.00e+00
 4.19747e+22	5.18e-24	2.45e-18	4.21e-14	6.60e-11	2.54e-08	4.14e-06	3.04e-03	1.10e-01	8.87e-01	0.00e+00	0.00e+00	0.00e+00
 4.20841e+22	6.39e-24	2.93e-18	4.92e-14	7.50e-11	2.80e-08	4.43e-06	3.17e-03	1.12e-01	8.85e-01	0.00e+00	0.00e+00	0.00e+00
 4.21870e+22	8.67e-24	3.82e-18	6.15e-14	9.02e-11	3.22e-08	4.87e-06	3.36e-03	1.15e-01	8.81e-01	0.00e+00	0.00e+00	0.00e+00
 4.22906e+22	1.07e-23	4.59e-18	7.19e-14	1.03e-10	3.55e-08	5.21e-06	3.51e-03	1.18e-01	8.79e-01	0.00e+00	0.00e+00	0.00e+00
 4.23951e+22	1.48e-23	6.09e-18	9.14e-14	1.25e-10	4.12e-08	5.77e-06	3.74e-03	1.21e-01	8.75e-01	0.00e+00	0.00e+00	0.00e+00
 4.24960e+22	1.81e-23	7.25e-18	1.06e-13	1.41e-10	4.53e-08	6.16e-06	3.89e-03	1.23e-01	8.73e-01	0.00e+00	0.00e+00	0.00e+00
 4.25924e+22	2.49e-23	9.56e-18	1.34e-13	1.71e-10	5.24e-08	6.79e-06	4.14e-03	1.27e-01	8.69e-01	0.00e+00	0.00e+00	0.00e+00
 4.26887e+22	3.06e-23	1.14e-17	1.56e-13	1.94e-10	5.76e-08	7.25e-06	4.31e-03	1.29e-01	8.67e-01	0.00e+00	0.00e+00	0.00e+00
 4.27849e+22	4.25e-23	1.52e-17	1.99e-13	2.36e-10	6.69e-08	8.03e-06	4.59e-03	1.33e-01	8.63e-01	0.00e+00	0.00e+00	0.00e+00
 4.28815e+22	5.33e-23	1.85e-17	2.35e-13	2.71e-10	7.43e-08	8.62e-06	4.79e-03	1.36e-01	8.60e-01	0.00e+00	0.00e+00	0.00e+00
 4.29785e+22	7.42e-23	2.46e-17	2.99e-13	3.30e-10	8.63e-08	9.55e-06	5.10e-03	1.39e-01	8.55e-01	0.00e+00	0.00e+00	0.00e+00
 4.30774e+22	9.45e-23	3.04e-17	3.58e-13	3.82e-10	9.65e-08	1.03e-05	5.35e-03	1.42e-01	8.52e-01	0.00e+00	0.00e+00	0.00e+00
 4.31787e+22	1.32e-22	4.06e-17	4.58e-13	4.68e-10	1.12e-07	1.14e-05	5.70e-03	1.47e-01	8.48e-01	0.00e+00	0.00e+00	0.00e+00
 4.32790e+22	1.70e-22	5.06e-17	5.52e-13	5.45e-10	1.26e-07	1.24e-05	5.99e-03	1.50e-01	8.44e-01	0.00e+00	0.00e+00	0.00e+00
 4.33783e+22	2.38e-22	6.78e-17	7.07e-13	6.68e-10	1.47e-07	1.37e-05	6.38e-03	1.54e-01	8.39e-01	0.00e+00	0.00e+00	0.00e+00
 4.34794e+22	3.12e-22	8.56e-17	8.62e-13	7.85e-10	1.67e-07	1.49e-05	6.72e-03	1.58e-01	8.35e-01	0.00e+00	0.00e+00	0.00e+00
 4.35829e+22	4.45e-22	1.16e-16	1.12e-12	9.72e-10	1.96e-07	1.67e-05	7.19e-03	1.63e-01	8.30e-01	0.00e+00	0.00e+00	0.00e+00
 4.36871e+22	5.85e-22	1.48e-16	1.37e-12	1.15e-09	2.22e-07	1.82e-05	7.58e-03	1.67e-01	8.26e-01	0.00e+00	0.00e+00	0.00e+00
 4.37919e+22	8.39e-22	2.02e-16	1.78e-12	1.43e-09	2.62e-07	2.03e-05	8.12e-03	1.72e-01	8.20e-01	0.00e+00	0.00e+00	0.00e+00
 4.38975e+22	1.11e-21	2.56e-16	2.19e-12	1.68e-09	2.97e-07	2.22e-05	8.56e-03	1.76e-01	8.16e-01	0.00e+00	0.00e+00	0.00e+00
 4.39891e+22	1.45e-21	3.25e-16	2.67e-12	1.98e-09	3.37e-07	2.41e-05	9.03e-03	1.80e-01	8.11e-01	0.00e+00	0.00e+00	0.00e+00
 4.40934e+22	2.08e-21	4.43e-16	3.48e-12	2.46e-09	3.97e-07	2.70e-05	9.67e-03	1.85e-01	8.05e-01	0.00e+00	0.00e+00	0.00e+00
 4.41965e+22	2.67e-21	5.50e-16	4.18e-12	2.86e-09	4.46e-07	2.92e-05	1.02e-02	1.89e-01	8.00e-01	0.00e+00	0.00e+00	0.00e+00
 4.42981e+22	3.72e-21	7.33e-16	5.33e-12	3.50e-09	5.20e-07	3.24e-05	1.08e-02	1.95e-01	7.94e-01	0.00e+00	0.00e+00	0.00e+00
 4.44029e+22	4.87e-21	9.26e-16	6.50e-12	4.12e-09	5.89e-07	3.54e-05	1.14e-02	1.99e-01	7.89e-01	0.00e+00	0.00e+00	0.00e+00
 4.45116e+22	6.85e-21	1.25e-15	8.37e-12	5.07e-09	6.90e-07	3.94e-05	1.22e-02	2.05e-01	7.83e-01	0.00e+00	0.00e+00	0.00e+00
 4.46224e+22	8.97e-21	1.57e-15	1.02e-11	5.97e-09	7.83e-07	4.30e-05	1.29e-02	2.10e-01	7.77e-01	0.00e+00	0.00e+00	0.00e+00
 4.47358e+22	1.27e-20	2.12e-15	1.32e-11	7.36e-09	9.20e-07	4.81e-05	1.38e-02	2.16e-01	7.70e-01	0.00e+00	0.00e+00	0.00e+00
 4.48516e+22	1.66e-20	2.68e-15	1.60e-11	8.66e-09	1.04e-06	5.24e-05	1.46e-02	2.21e-01	7.64e-01	0.00e+00	0.00e+00	0.00e+00
 4.49704e+22	2.33e-20	3.61e-15	2.06e-11	1.07e-08	1.23e-06	5.86e-05	1.56e-02	2.28e-01	7.57e-01	0.00e+00	0.00e+00	0.00e+00
 4.50912e+22	3.04e-20	4.53e-15	2.51e-11	1.25e-08	1.39e-06	6.39e-05	1.65e-02	2.33e-01	7.51e-01	0.00e+00	0.00e+00	0.00e+00
 4.52146e+22	4.27e-20	6.08e-15	3.22e-11	1.54e-08	1.63e-06	7.15e-05	1.76e-02	2.40e-01	7.43e-01	0.00e+00	0.00e+00	0.00e+00
 4.53387e+22	5.50e-20	7.59e-15	3.89e-11	1.80e-08	1.84e-06	7.78e-05	1.86e-02	2.45e-01	7.37e-01	0.00e+00	0.00e+00	0.00e+00
 4.54639e+22	7.66e-20	1.01e-14	4.97e-11	2.21e-08	2.16e-06	8.69e-05	1.99e-02	2.52e-01	7.28e-01	0.00e+00	0.00e+00	0.00e+00
 4.55851e+22	9.52e-20	1.22e-14	5.83e-11	2.53e-08	2.39e-06	9.35e-05	2.08e-02	2.56e-01	7.23e-01	0.00e+00	0.00e+00	0.00e+00
 4.57011e+22	1.28e-19	1.57e-14	7.25e-11	3.02e-08	2.76e-06	1.03e-04	2.21e-02	2.63e-01	7.15e-01	0.00e+00	0.00e+00	0.00e+00
 4.58202e+22	1.60e-19	1.91e-14	8.56e-11	3.47e-08	3.07e-06	1.11e-04	2.31e-02	2.68e-01	7.09e-01	0.00e+00	0.00e+00	0.00e+00
 4.59433e+22	2.16e-19	2.48e-14	1.07e-10	4.18e-08	3.56e-06	1.23e-04	2.46e-02	2.75e-01	7.01e-01	0.00e+00	0.00e+00	0.00e+00
 4.60678e+22	2.68e-19	3.00e-14	1.26e-10	4.78e-08	3.95e-06	1.33e-04	2.58e-02	2.80e-01	6.95e-01	0.00e+00	0.00e+00	0.00e+00
 4.61943e+22	3.58e-19	3.85e-14	1.56e-10	5.72e-08	4.55e-06	1.47e-04	2.74e-02	2.86e-01	6.86e-01	0.00e+00	0.00e+00	0.00e+00
 4.63198e+22	4.43e-19	4.64e-14	1.82e-10	6.53e-08	5.05e-06	1.58e-04	2.86e-02	2.91e-01	6.80e-01	0.00e+00	0.00e+00	0.00e+00
 4.64440e+22	5.86e-19	5.92e-14	2.25e-10	7.77e-08	5.79e-06	1.74e-04	3.04e-02	2.98e-01	6.71e-01	0.00e+00	0.00e+00	0.00e+00
 4.65695e+22	7.17e-19	7.05e-14	2.61e-10	8.81e-08	6.39e-06	1.86e-04	3.17e-02	3.03e-01	6.65e-01	0.00e+00	0.00e+00	0.00e+00
 4.66965e+22	9.44e-19	8.95e-14	3.20e-10	1.04e-07	7.32e-06	2.05e-04	3.36e-02	3.10e-01	6.56e-01	0.00e+00	0.00e+00	0.00e+00
 4.68260e+22	1.16e-18	1.07e-13	3.73e-10	1.19e-07	8.10e-06	2.20e-04	3.51e-02	3.15e-01	6.50e-01	0.00e+00	0.00e+00	0.00e+00
 4.69587e+22	1.53e-18	1.36e-13	4.58e-10	1.41e-07	9.29e-06	2.43e-04	3.72e-02	3.22e-01	6.41e-01	0.00e+00	0.00e+00	0.00e+00
 4.70938e+22	1.87e-18	1.62e-13	5.34e-10	1.60e-07	1.03e-05	2.61e-04	3.89e-02	3.27e-01	6.34e-01	0.00e+00	0.00e+00	0.00e+00
 4.72321e+22	2.47e-18	2.06e-13	6.56e-10	1.91e-07	1.18e-05	2.87e-04	4.12e-02	3.34e-01	6.24e-01	0.00e+00	0.00e+00	0.00e+00
 4.73729e+22	3.04e-18	2.47e-13	7.66e-10	2.17e-07	1.31e-05	3.09e-04	4.31e-02	3.40e-01	6.17e-01	0.00e+00	0.00e+00	0.00e+00
 4.75171e+22	4.01e-18	3.14e-13	9.41e-10	2.58e-07	1.50e-05	3.41e-04	4.57e-02	3.47e-01	6.07e-01	0.00e+00	0.00e+00	0.00e+00
 4.76581e+22	4.81e-18	3.69e-13	1.08e-09	2.89e-07	1.65e-05	3.64e-04	4.75e-02	3.52e-01	6.01e-01	0.00e+00	0.00e+00	0.00e+00
 4.77947e+22	6.24e-18	4.62e-13	1.31e-09	3.41e-07	1.88e-05	3.99e-04	5.02e-02	3.58e-01	5.91e-01	0.00e+00	0.00e+00	0.00e+00
 4.79336e+22	7.49e-18	5.42e-13	1.50e-09	3.82e-07	2.05e-05	4.26e-04	5.22e-02	3.63e-01	5.84e-01	0.00e+00	0.00e+00	0.00e+00
 4.80753e+22	9.64e-18	6.75e-13	1.81e-09	4.48e-07	2.33e-05	4.66e-04	5.50e-02	3.70e-01	5.75e-01	0.00e+00	0.00e+00	0.00e+00
 4.82214e+22	1.18e-17	8.05e-13	2.11e-09	5.08e-07	2.58e-05	5.00e-04	5.74e-02	3.75e-01	5.67e-01	0.00e+00	0.00e+00	0.00e+00
 4.83732e+22	1.52e-17	1.00e-12	2.55e-09	5.96e-07	2.93e-05	5.47e-04	6.05e-02	3.82e-01	5.57e-01	0.00e+00	0.00e+00	0.00e+00
 4.85301e+22	1.88e-17	1.21e-12	2.99e-09	6.81e-07	3.26e-05	5.90e-04	6.33e-02	3.88e-01	5.48e-01	0.00e+00	0.00e+00	0.00e+00
 4.86934e+22	2.44e-17	1.52e-12	3.63e-09	8.03e-07	3.72e-05	6.48e-04	6.69e-02	3.94e-01	5.38e-01	2.44e-17	6.15e-28	6.54e-28
 4.88612e+22	3.03e-17	1.83e-12	4.28e-09	9.21e-07	4.15e-05	7.00e-04	7.00e-02	4.00e-01	5.29e-01	3.03e-17	5.72e-26	7.20e-26
 4.90349e+22	3.97e-17	2.32e-12	5.24e-09	1.09e-06	4.75e-05	7.70e-04	7.40e-02	4.07e-01	5.18e-01	3.97e-17	7.48e-26	9.43e-26
 4.92144e+22	4.99e-17	2.83e-12	6.21e-09	1.26e-06	5.32e-05	8.35e-04	7.76e-02	4.13e-01	5.09e-01	4.99e-17	9.40e-26	1.18e-25
 4.94014e+22	6.60e-17	3.61e-12	7.66e-09	1.50e-06	6.13e-05	9.23e-04	8.22e-02	4.20e-01	4.97e-01	6.60e-17	1.24e-25	1.57e-25
 4.95932e+22	8.35e-17	4.43e-12	9.14e-09	1.74e-06	6.89e-05	1.00e-03	8.63e-02	4.26e-01	4.87e-01	8.35e-17	1.58e-25	1.98e-25
 4.97653e+22	1.04e-16	5.37e-12	1.08e-08	2.00e-06	7.70e-05	1.08e-03	9.03e-02	4.31e-01	4.77e-01	1.04e-16	1.97e-25	2.48e-25
 4.99632e+22	1.41e-16	6.98e-12	1.35e-08	2.42e-06	8.96e-05	1.21e-03	9.60e-02	4.38e-01	4.64e-01	1.41e-16	2.66e-25	3.35e-25
 5.01622e+22	1.75e-16	8.46e-12	1.59e-08	2.77e-06	9.99e-05	1.30e-03	1.00e-01	4.43e-01	4.55e-01	1.75e-16	3.31e-25	4.17e-25
 5.03628e+22	2.35e-16	1.09e-11	1.99e-08	3.34e-06	1.16e-04	1.45e-03	1.06e-01	4.50e-01	4.42e-01	2.35e-16	4.45e-25	5.60e-25
 5.05676e+22	2.98e-16	1.34e-11	2.37e-08	3.87e-06	1.30e-04	1.57e-03	1.12e-01	4.55e-01	4.32e-01	2.98e-16	5.63e-25	7.09e-25
 5.07780e+22	4.03e-16	1.75e-11	2.97e-08	4.68e-06	1.52e-04	1.75e-03	1.18e-01	4.62e-01	4.18e-01	4.03e-16	7.62e-25	9.59e-25
 5.09917e+22	5.14e-16	2.16e-11	3.57e-08	5.46e-06	1.72e-04	1.90e-03	1.24e-01	4.66e-01	4.07e-01	5.14e-16	9.72e-25	1.22e-24
 5.12096e+22	7.04e-16	2.84e-11	4.52e-08	6.66e-06	2.01e-04	2.13e-03	1.32e-01	4.73e-01	3.93e-01	7.04e-16	1.33e-24	1.68e-24
 5.14155e+22	8.66e-16	3.40e-11	5.27e-08	7.58e-06	2.23e-04	2.29e-03	1.38e-01	4.76e-01	3.84e-01	8.66e-16	1.64e-24	2.06e-24
 5.16060e+22	1.14e-15	4.33e-11	6.49e-08	9.04e-06	2.57e-04	2.53e-03	1.45e-01	4.81e-01	3.71e-01	1.14e-15	2.16e-24	2.72e-24
 5.17980e+22	1.40e-15	5.18e-11	7.57e-08	1.03e-05	2.85e-04	2.72e-03	1.51e-01	4.84e-01	3.62e-01	1.40e-15	2.66e-24	3.34e-24
 5.19921e+22	1.86e-15	6.62e-11	9.36e-08	1.23e-05	3.30e-04	3.01e-03	1.59e-01	4.89e-01	3.49e-01	1.86e-15	3.52e-24	4.43e-24
 5.21879e+22	2.30e-15	7.96e-11	1.10e-07	1.41e-05	3.68e-04	3.24e-03	1.66e-01	4.91e-01	3.39e-01	2.30e-15	4.36e-24	5.48e-24
 5.23860e+22	3.05e-15	1.02e-10	1.36e-07	1.69e-05	4.26e-04	3.59e-03	1.75e-01	4.95e-01	3.26e-01	3.05e-15	5.78e-24	7.27e-24
 5.25869e+22	3.79e-15	1.23e-10	1.60e-07	1.94e-05	4.76e-04	3.89e-03	1.83e-01	4.97e-01	3.16e-01	3.79e-15	7.18e-24	9.03e-24
 5.27913e+22	5.05e-15	1.58e-10	1.99e-07	2.34e-05	5.55e-04	4.32e-03	1.93e-01	5.00e-01	3.02e-01	5.05e-15	9.59e-24	1.21e-23
 5.29985e+22	6.29e-15	1.92e-10	2.35e-07	2.70e-05	6.23e-04	4.68e-03	2.01e-01	5.02e-01	2.92e-01	6.29e-15	1.19e-23	1.50e-23
 5.32092e+22	8.40e-15	2.47e-10	2.93e-07	3.26e-05	7.27e-04	5.22e-03	2.13e-01	5.03e-01	2.78e-01	8.40e-15	1.60e-23	2.01e-23
 5.34244e+22	1.06e-14	3.02e-10	3.50e-07	3.79e-05	8.23e-04	5.69e-03	2.22e-01	5.04e-01	2.67e-01	1.06e-14	2.01e-23	2.53e-23
 5.36454e+22	1.42e-14	3.90e-10	4.38e-07	4.61e-05	9.68e-04	6.37e-03	2.35e-01	5.04e-01	2.53e-01	1.42e-14	2.70e-23	3.39e-23
 5.38709e+22	1.79e-14	4.78e-10	5.25e-07	5.39e-05	1.10e-03	6.98e-03	2.46e-01	5.04e-01	2.42e-01	1.79e-14	3.41e-23	4.28e-23
 5.40950e+22	2.37e-14	6.12e-10	6.52e-07	6.52e-05	1.29e-03	7.80e-03	2.60e-01	5.03e-01	2.28e-01	2.37e-14	4.52e-23	5.67e-23
 5.43079e+22	2.89e-14	7.27e-10	7.60e-07	7.45e-05	1.44e-03	8.44e-03	2.70e-01	5.02e-01	2.19e-01	2.89e-14	5.50e-23	6.91e-23
 5.45135e+22	3.71e-14	9.08e-10	9.28e-07	8.89e-05	1.68e-03	9.37e-03	2.83e-01	4.99e-01	2.06e-01	3.71e-14	7.09e-23	8.90e-23
 5.47229e+22	4.52e-14	1.08e-09	1.08e-06	1.02e-04	1.88e-03	1.02e-02	2.95e-01	4.97e-01	1.97e-01	4.52e-14	8.63e-23	1.08e-22
 5.49286e+22	5.69e-14	1.32e-09	1.30e-06	1.20e-04	2.17e-03	1.12e-02	3.08e-01	4.93e-01	1.85e-01	5.69e-14	1.09e-22	1.37e-22
 5.51385e+22	6.90e-14	1.57e-09	1.52e-06	1.38e-04	2.44e-03	1.22e-02	3.20e-01	4.89e-01	1.76e-01	6.90e-14	1.32e-22	1.66e-22
 5.53430e+22	8.46e-14	1.88e-09	1.80e-06	1.61e-04	2.79e-03	1.34e-02	3.34e-01	4.84e-01	1.65e-01	8.46e-14	1.62e-22	2.03e-22
 5.55518e+22	1.02e-13	2.22e-09	2.10e-06	1.85e-04	3.15e-03	1.47e-02	3.47e-01	4.79e-01	1.56e-01	1.02e-13	1.95e-22	2.45e-22
 5.57585e+22	1.23e-13	2.62e-09	2.45e-06	2.14e-04	3.56e-03	1.60e-02	3.60e-01	4.73e-01	1.47e-01	1.23e-13	2.35e-22	2.95e-22
 5.59663e+22	1.46e-13	3.06e-09	2.84e-06	2.45e-04	4.01e-03	1.75e-02	3.73e-01	4.67e-01	1.38e-01	1.46e-13	2.79e-22	3.51e-22
 5.61717e+22	1.72e-13	3.55e-09	3.27e-06	2.80e-04	4.51e-03	1.90e-02	3.87e-01	4.60e-01	1.29e-01	1.72e-13	3.30e-22	4.13e-22
 5.63767e+22	2.01e-13	4.10e-09	3.75e-06	3.19e-04	5.05e-03	2.07e-02	4.00e-01	4.53e-01	1.21e-01	2.01e-13	3.86e-22	4.83e-22
 5.65821e+22	2.33e-13	4.70e-09	4.28e-06	3.62e-04	5.65e-03	2.24e-02	4.13e-01	4.45e-01	1.14e-01	2.33e-13	4.48e-22	5.61e-22
 5.67883e+22	2.68e-13	5.36e-09	4.87e-06	4.10e-04	6.30e-03	2.43e-02	4.26e-01	4.37e-01	1.06e-01	2.68e-13	5.16e-22	6.47e-22
 5.69957e+22	3.07e-13	6.08e-09	5.53e-06	4.63e-04	7.02e-03	2.64e-02	4.38e-01	4.29e-01	9.92e-02	3.07e-13	5.92e-22	7.42e-22
 5.72050e+22	3.50e-13	6.86e-09	6.25e-06	5.22e-04	7.81e-03	2.85e-02	4.51e-01	4.20e-01	9.25e-02	3.50e-13	6.74e-22	8.45e-22
 5.74169e+22	3.96e-13	7.72e-09	7.05e-06	5.87e-04	8.67e-03	3.08e-02	4.64e-01	4.10e-01	8.61e-02	3.96e-13	7.64e-22	9.57e-22
 5.76297e+22	4.45e-13	8.64e-09	7.91e-06	6.59e-04	9.59e-03	3.33e-02	4.76e-01	4.01e-01	8.01e-02	4.45e-13	8.60e-22	1.08e-21
 5.78461e+22	4.99e-13	9.66e-09	8.89e-06	7.40e-04	1.06e-02	3.59e-02	4.88e-01	3.91e-01	7.42e-02	4.99e-13	9.66e-22	1.21e-21
 5.80649e+22	5.56e-13	1.07e-08	9.94e-06	8.28e-04	1.17e-02	3.87e-02	4.99e-01	3.80e-01	6.89e-02	5.56e-13	1.08e-21	1.35e-21
 5.82880e+22	6.19e-13	1.19e-08	1.11e-05	9.29e-04	1.29e-02	4.18e-02	5.11e-01	3.70e-01	6.35e-02	6.19e-13	1.20e-21	1.50e-21
 5.84956e+22	6.73e-13	1.30e-08	1.22e-05	1.02e-03	1.40e-02	4.44e-02	5.20e-01	3.61e-01	5.95e-02	6.73e-13	1.31e-21	1.64e-21
 5.87093e+22	7.45e-13	1.44e-08	1.37e-05	1.14e-03	1.55e-02	4.79e-02	5.32e-01	3.49e-01	5.46e-02	7.45e-13	1.45e-21	1.81e-21
 5.89265e+22	8.08e-13	1.57e-08	1.50e-05	1.25e-03	1.67e-02	5.08e-02	5.40e-01	3.40e-01	5.09e-02	8.08e-13	1.57e-21	1.97e-21
 5.91486e+22	8.87e-13	1.73e-08	1.67e-05	1.41e-03	1.85e-02	5.49e-02	5.51e-01	3.28e-01	4.65e-02	8.87e-13	1.73e-21	2.16e-21
 5.93719e+22	9.62e-13	1.88e-08	1.83e-05	1.54e-03	1.99e-02	5.80e-02	5.59e-01	3.19e-01	4.34e-02	9.62e-13	1.88e-21	2.35e-21
 5.95966e+22	1.05e-12	2.07e-08	2.04e-05	1.73e-03	2.18e-02	6.24e-02	5.68e-01	3.07e-01	3.95e-02	1.05e-12	2.06e-21	2.57e-21
 5.98227e+22	1.13e-12	2.24e-08	2.23e-05	1.89e-03	2.34e-02	6.59e-02	5.75e-01	2.97e-01	3.67e-02	1.13e-12	2.22e-21	2.77e-21
 6.00505e+22	1.24e-12	2.47e-08	2.49e-05	2.11e-03	2.57e-02	7.07e-02	5.83e-01	2.85e-01	3.34e-02	1.24e-12	2.43e-21	3.03e-21
 6.02801e+22	1.33e-12	2.67e-08	2.71e-05	2.30e-03	2.75e-02	7.45e-02	5.88e-01	2.76e-01	3.10e-02	1.33e-12	2.62e-21	3.27e-21
 6.05123e+22	1.45e-12	2.94e-08	3.03e-05	2.58e-03	3.00e-02	7.97e-02	5.95e-01	2.64e-01	2.81e-02	1.45e-12	2.86e-21	3.57e-21
 6.07474e+22	1.56e-12	3.19e-08	3.31e-05	2.81e-03	3.20e-02	8.39e-02	6.00e-01	2.55e-01	2.60e-02	1.56e-12	3.08e-21	3.84e-21
 6.09862e+22	1.70e-12	3.52e-08	3.70e-05	3.14e-03	3.49e-02	8.96e-02	6.05e-01	2.44e-01	2.35e-02	1.70e-12	3.37e-21	4.20e-21
 6.12290e+22	1.84e-12	3.82e-08	4.05e-05	3.44e-03	3.73e-02	9.41e-02	6.09e-01	2.35e-01	2.16e-02	1.84e-12	3.64e-21	4.54e-21
 6.14768e+22	2.01e-12	4.24e-08	4.55e-05	3.85e-03	4.05e-02	1.00e-01	6.13e-01	2.23e-01	1.94e-02	2.01e-12	3.99e-21	4.97e-21
 6.17299e+22	2.18e-12	4.64e-08	5.00e-05	4.22e-03	4.33e-02	1.05e-01	6.15e-01	2.14e-01	1.78e-02	2.18e-12	4.34e-21	5.41e-21
 6.19897e+22	2.40e-12	5.18e-08	5.65e-05	4.75e-03	4.71e-02	1.12e-01	6.18e-01	2.02e-01	1.59e-02	2.40e-12	4.78e-21	5.96e-21
 6.22559e+22	2.63e-12	5.71e-08	6.26e-05	5.22e-03	5.03e-02	1.18e-01	6.19e-01	1.93e-01	1.45e-02	2.63e-12	5.24e-21	6.53e-21
 6.24802e+22	2.84e-12	6.21e-08	6.84e-05	5.67e-03	5.32e-02	1.23e-01	6.19e-01	1.86e-01	1.34e-02	2.84e-12	5.67e-21	7.06e-21
 6.27217e+22	3.12e-12	6.92e-08	7.67e-05	6.30e-03	5.72e-02	1.30e-01	6.19e-01	1.76e-01	1.20e-02	3.12e-12	6.25e-21	7.78e-21
 6.29666e+22	3.38e-12	7.57e-08	8.42e-05	6.85e-03	6.05e-02	1.35e-01	6.18e-01	1.68e-01	1.10e-02	3.38e-12	6.79e-21	8.45e-21
 6.31786e+22	3.66e-12	8.26e-08	9.20e-05	7.42e-03	6.38e-02	1.41e-01	6.17e-01	1.61e-01	1.02e-02	3.66e-12	7.36e-21	9.16e-21
 6.34167e+22	4.02e-12	9.22e-08	1.03e-04	8.22e-03	6.82e-02	1.48e-01	6.14e-01	1.53e-01	9.11e-03	4.02e-12	8.12e-21	1.01e-20
 6.36539e+22	4.41e-12	1.01e-07	1.13e-04	8.89e-03	7.18e-02	1.53e-01	6.12e-01	1.46e-01	8.41e-03	4.41e-12	8.91e-21	1.11e-20
 6.38900e+22	4.86e-12	1.13e-07	1.27e-04	9.82e-03	7.65e-02	1.60e-01	6.08e-01	1.38e-01	7.54e-03	4.86e-12	9.87e-21	1.23e-20
 6.41293e+22	5.35e-12	1.25e-07	1.39e-04	1.06e-02	8.04e-02	1.65e-01	6.05e-01	1.32e-01	6.93e-03	5.35e-12	1.09e-20	1.35e-20
 6.43727e+22	5.98e-12	1.42e-07	1.57e-04	1.18e-02	8.57e-02	1.73e-01	5.99e-01	1.24e-01	6.19e-03	5.98e-12	1.22e-20	1.52e-20
 6.46204e+22	6.65e-12	1.58e-07	1.74e-04	1.28e-02	9.01e-02	1.78e-01	5.95e-01	1.18e-01	5.67e-03	6.65e-12	1.36e-20	1.69e-20
 6.48736e+22	7.47e-12	1.80e-07	1.97e-04	1.42e-02	9.59e-02	1.86e-01	5.88e-01	1.11e-01	5.02e-03	7.47e-12	1.53e-20	1.91e-20
 6.51306e+22	8.39e-12	2.02e-07	2.18e-04	1.54e-02	1.01e-01	1.92e-01	5.82e-01	1.05e-01	4.58e-03	8.39e-12	1.73e-20	2.14e-20
 6.53925e+22	9.54e-12	2.32e-07	2.49e-04	1.71e-02	1.07e-01	2.00e-01	5.73e-01	9.79e-02	4.04e-03	9.54e-12	1.97e-20	2.45e-20
 6.56606e+22	1.08e-11	2.62e-07	2.78e-04	1.86e-02	1.13e-01	2.06e-01	5.66e-01	9.25e-02	3.65e-03	1.08e-11	2.24e-20	2.77e-20
 6.59367e+22	1.25e-11	3.07e-07	3.20e-04	2.07e-02	1.20e-01	2.14e-01	5.56e-01	8.57e-02	3.20e-03	1.25e-11	2.61e-20	3.24e-20
 6.62202e+22	1.43e-11	3.50e-07	3.59e-04	2.27e-02	1.27e-01	2.21e-01	5.46e-01	8.05e-02	2.87e-03	1.43e-11	3.00e-20	3.71e-20
 6.65134e+22	1.69e-11	4.16e-07	4.18e-04	2.54e-02	1.35e-01	2.29e-01	5.34e-01	7.41e-02	2.49e-03	1.69e-11	3.57e-20	4.42e-20
 6.68090e+22	1.96e-11	4.79e-07	4.71e-04	2.77e-02	1.42e-01	2.35e-01	5.24e-01	6.94e-02	2.23e-03	1.96e-11	4.15e-20	5.14e-20
 6.71079e+22	2.34e-11	5.72e-07	5.49e-04	3.10e-02	1.51e-01	2.43e-01	5.10e-01	6.34e-02	1.91e-03	2.34e-11	4.97e-20	6.15e-20
 6.74099e+22	2.74e-11	6.63e-07	6.21e-04	3.39e-02	1.58e-01	2.48e-01	4.98e-01	5.92e-02	1.71e-03	2.74e-11	5.86e-20	7.25e-20
 6.77157e+22	3.31e-11	7.99e-07	7.26e-04	3.79e-02	1.68e-01	2.56e-01	4.82e-01	5.38e-02	1.46e-03	3.31e-11	7.11e-20	8.79e-20
 6.80265e+22	3.92e-11	9.33e-07	8.24e-04	4.15e-02	1.76e-01	2.61e-01	4.70e-01	5.00e-02	1.29e-03	3.92e-11	8.47e-20	1.05e-19
 6.83437e+22	4.81e-11	1.14e-06	9.69e-04	4.64e-02	1.87e-01	2.68e-01	4.52e-01	4.51e-02	1.09e-03	4.81e-11	1.05e-19	1.29e-19
 6.86576e+22	5.69e-11	1.32e-06	1.09e-03	5.05e-02	1.95e-01	2.72e-01	4.39e-01	4.18e-02	9.66e-04	5.69e-11	1.25e-19	1.54e-19
 6.89127e+22	6.57e-11	1.51e-06	1.22e-03	5.44e-02	2.02e-01	2.75e-01	4.27e-01	3.89e-02	8.62e-04	6.57e-11	1.45e-19	1.78e-19
 6.91896e+22	7.96e-11	1.80e-06	1.40e-03	5.97e-02	2.11e-01	2.79e-01	4.12e-01	3.56e-02	7.47e-04	7.96e-11	1.76e-19	2.17e-19
 6.94703e+22	9.34e-11	2.08e-06	1.57e-03	6.43e-02	2.19e-01	2.82e-01	3.99e-01	3.30e-02	6.62e-04	9.34e-11	2.08e-19	2.56e-19
 6.97558e+22	1.14e-10	2.49e-06	1.80e-03	7.06e-02	2.29e-01	2.86e-01	3.82e-01	2.99e-02	5.68e-04	1.14e-10	2.56e-19	3.15e-19
 7.00447e+22	1.35e-10	2.88e-06	2.02e-03	7.61e-02	2.37e-01	2.88e-01	3.69e-01	2.75e-02	5.01e-04	1.35e-10	3.05e-19	3.75e-19
 7.03381e+22	1.66e-10	3.46e-06	2.33e-03	8.34e-02	2.47e-01	2.90e-01	3.52e-01	2.48e-02	4.26e-04	1.66e-10	3.79e-19	4.66e-19
 7.06380e+22	1.99e-10	4.04e-06	2.62e-03	8.99e-02	2.56e-01	2.91e-01	3.38e-01	2.27e-02	3.72e-04	1.99e-10	4.56e-19	5.60e-19
 7.09464e+22	2.48e-10	4.89e-06	3.03e-03	9.85e-02	2.66e-01	2.92e-01	3.20e-01	2.03e-02	3.14e-04	2.48e-10	5.75e-19	7.06e-19
 7.12631e+22	3.01e-10	5.77e-06	3.43e-03	1.07e-01	2.75e-01	2.92e-01	3.05e-01	1.83e-02	2.69e-04	3.01e-10	7.03e-19	8.63e-19
 7.15426e+22	3.62e-10	6.73e-06	3.85e-03	1.14e-01	2.83e-01	2.91e-01	2.91e-01	1.67e-02	2.34e-04	3.62e-10	8.52e-19	1.05e-18
 7.18581e+22	4.57e-10	8.16e-06	4.44e-03	1.25e-01	2.92e-01	2.90e-01	2.74e-01	1.48e-02	1.95e-04	4.57e-10	1.09e-18	1.33e-18
 7.21850e+22	5.62e-10	9.67e-06	5.03e-03	1.35e-01	3.01e-01	2.88e-01	2.59e-01	1.32e-02	1.66e-04	5.62e-10	1.35e-18	1.65e-18
 7.24776e+22	6.83e-10	1.13e-05	5.65e-03	1.44e-01	3.08e-01	2.85e-01	2.45e-01	1.19e-02	1.42e-04	6.83e-10	1.66e-18	2.02e-18
 7.28090e+22	8.78e-10	1.39e-05	6.55e-03	1.57e-01	3.17e-01	2.81e-01	2.27e-01	1.04e-02	1.16e-04	8.78e-10	2.16e-18	2.63e-18
 7.31497e+22	1.09e-09	1.65e-05	7.40e-03	1.69e-01	3.24e-01	2.77e-01	2.13e-01	9.22e-03	9.77e-05	1.09e-09	2.69e-18	3.29e-18
 7.35026e+22	1.42e-09	2.03e-05	8.60e-03	1.84e-01	3.32e-01	2.71e-01	1.96e-01	7.91e-03	7.84e-05	1.42e-09	3.58e-18	4.36e-18
 7.38623e+22	1.78e-09	2.42e-05	9.74e-03	1.97e-01	3.38e-01	2.66e-01	1.82e-01	6.95e-03	6.51e-05	1.78e-09	4.53e-18	5.52e-18
 7.42308e+22	2.36e-09	3.01e-05	1.13e-02	2.14e-01	3.45e-01	2.58e-01	1.66e-01	5.88e-03	5.14e-05	2.36e-09	6.10e-18	7.42e-18
 7.46026e+22	2.96e-09	3.59e-05	1.28e-02	2.29e-01	3.50e-01	2.51e-01	1.53e-01	5.12e-03	4.22e-05	2.96e-09	7.77e-18	9.45e-18
 7.49294e+22	3.71e-09	4.25e-05	1.44e-02	2.43e-01	3.53e-01	2.44e-01	1.41e-01	4.46e-03	3.48e-05	3.71e-09	9.85e-18	1.20e-17
 7.53050e+22	4.95e-09	5.29e-05	1.67e-02	2.62e-01	3.57e-01	2.34e-01	1.27e-01	3.72e-03	2.69e-05	4.95e-09	1.34e-17	1.63e-17
 7.56845e+22	6.25e-09	6.29e-05	1.88e-02	2.78e-01	3.59e-01	2.25e-01	1.16e-01	3.20e-03	2.18e-05	6.25e-09	1.72e-17	2.08e-17
 7.60692e+22	8.36e-09	7.79e-05	2.17e-02	2.98e-01	3.60e-01	2.14e-01	1.03e-01	2.64e-03	1.68e-05	8.36e-09	2.34e-17	2.84e-17
 7.64600e+22	1.06e-08	9.29e-05	2.43e-02	3.15e-01	3.60e-01	2.05e-01	9.32e-02	2.25e-03	1.34e-05	1.06e-08	3.03e-17	3.66e-17
 7.68586e+22	1.44e-08	1.16e-04	2.81e-02	3.37e-01	3.59e-01	1.93e-01	8.18e-02	1.82e-03	1.00e-05	1.44e-08	4.20e-17	5.07e-17
 7.72602e+22	1.83e-08	1.38e-04	3.14e-02	3.54e-01	3.57e-01	1.83e-01	7.36e-02	1.54e-03	7.96e-06	1.83e-08	5.43e-17	6.55e-17
 7.76657e+22	2.49e-08	1.71e-04	3.61e-02	3.76e-01	3.52e-01	1.70e-01	6.39e-02	1.23e-03	5.88e-06	2.49e-08	7.56e-17	9.12e-17
 7.80760e+22	3.17e-08	2.03e-04	4.03e-02	3.93e-01	3.48e-01	1.60e-01	5.70e-02	1.03e-03	4.61e-06	3.17e-08	9.82e-17	1.18e-16
 7.84927e+22	4.33e-08	2.53e-04	4.62e-02	4.15e-01	3.41e-01	1.48e-01	4.89e-02	8.10e-04	3.35e-06	4.33e-08	1.38e-16	1.66e-16
 7.89150e+22	5.53e-08	3.00e-04	5.13e-02	4.32e-01	3.35e-01	1.38e-01	4.32e-02	6.68e-04	2.58e-06	5.53e-08	1.80e-16	2.17e-16
 7.92825e+22	7.02e-08	3.54e-04	5.68e-02	4.47e-01	3.28e-01	1.29e-01	3.81e-02	5.53e-04	2.00e-06	7.02e-08	2.33e-16	2.80e-16
 7.96336e+22	8.72e-08	4.11e-04	6.21e-02	4.61e-01	3.21e-01	1.20e-01	3.40e-02	4.63e-04	1.58e-06	8.72e-08	2.96e-16	3.56e-16
 7.99676e+22	1.08e-07	4.75e-04	6.78e-02	4.75e-01	3.14e-01	1.13e-01	3.02e-02	3.88e-04	1.25e-06	1.08e-07	3.74e-16	4.49e-16
 8.03439e+22	1.41e-07	5.70e-04	7.55e-02	4.91e-01	3.04e-01	1.03e-01	2.60e-02	3.09e-04	9.26e-07	1.41e-07	5.02e-16	6.02e-16
 8.07193e+22	1.74e-07	6.58e-04	8.20e-02	5.03e-01	2.95e-01	9.58e-02	2.30e-02	2.58e-04	7.27e-07	1.74e-07	6.33e-16	7.58e-16
 8.10935e+22	2.26e-07	7.85e-04	9.08e-02	5.17e-01	2.85e-01	8.72e-02	1.97e-02	2.04e-04	5.35e-07	2.26e-07	8.47e-16	1.01e-15
 8.14749e+22	2.80e-07	9.07e-04	9.87e-02	5.27e-01	2.75e-01	8.04e-02	1.73e-02	1.68e-04	4.14e-07	2.80e-07	1.08e-15	1.29e-15
 8.18657e+22	3.66e-07	1.09e-03	1.09e-01	5.40e-01	2.63e-01	7.24e-02	1.47e-02	1.31e-04	2.99e-07	3.66e-07	1.45e-15	1.73e-15
 8.22604e+22	4.54e-07	1.25e-03	1.18e-01	5.48e-01	2.53e-01	6.64e-02	1.28e-02	1.07e-04	2.28e-07	4.54e-07	1.85e-15	2.21e-15
 8.26076e+22	5.59e-07	1.44e-03	1.28e-01	5.56e-01	2.43e-01	6.08e-02	1.11e-02	8.76e-05	1.75e-07	5.59e-07	2.34e-15	2.79e-15
 8.30065e+22	7.30e-07	1.72e-03	1.40e-01	5.64e-01	2.30e-01	5.41e-02	9.32e-03	6.74e-05	1.25e-07	7.30e-07	3.17e-15	3.77e-15
 8.33928e+22	8.86e-07	1.95e-03	1.50e-01	5.69e-01	2.21e-01	4.96e-02	8.16e-03	5.55e-05	0.00e+00	8.86e-07	3.94e-15	4.69e-15
 8.37004e+22	1.06e-06	2.19e-03	1.60e-01	5.73e-01	2.12e-01	4.57e-02	7.21e-03	4.63e-05	0.00e+00	1.06e-06	4.82e-15	5.73e-15
 8.40382e+22	1.31e-06	2.52e-03	1.72e-01	5.76e-01	2.02e-01	4.13e-02	6.18e-03	3.71e-05	0.00e+00	1.31e-06	6.18e-15	7.34e-15
 8.43819e+22	1.57e-06	2.84e-03	1.83e-01	5.78e-01	1.93e-01	3.78e-02	5.43e-03	3.06e-05	0.00e+00	1.57e-06	7.59e-15	9.01e-15
 8.46850e+22	1.86e-06	3.18e-03	1.93e-01	5.79e-01	1.85e-01	3.47e-02	4.78e-03	2.55e-05	0.00e+00	1.86e-06	9.25e-15	1.10e-14
 8.50309e+22	2.31e-06	3.66e-03	2.07e-01	5.80e-01	1.74e-01	3.10e-02	4.06e-03	2.01e-05	0.00e+00	2.31e-06	1.19e-14	1.41e-14
 8.53813e+22	2.77e-06	4.11e-03	2.20e-01	5.79e-01	1.66e-01	2.82e-02	3.54e-03	1.65e-05	0.00e+00	2.77e-06	1.46e-14	1.73e-14
 8.56884e+22	3.28e-06	4.59e-03	2.32e-01	5.77e-01	1.58e-01	2.57e-02	3.10e-03	1.36e-05	0.00e+00	3.28e-06	1.78e-14	2.11e-14
 8.60387e+22	4.08e-06	5.28e-03	2.48e-01	5.74e-01	1.48e-01	2.28e-02	2.60e-03	1.06e-05	0.00e+00	4.08e-06	2.30e-14	2.72e-14
 8.63920e+22	4.83e-06	5.89e-03	2.61e-01	5.70e-01	1.40e-01	2.07e-02	2.27e-03	8.67e-06	0.00e+00	4.83e-06	2.80e-14	3.31e-14
 8.67491e+22	5.98e-06	6.76e-03	2.78e-01	5.64e-01	1.31e-01	1.82e-02	1.90e-03	6.72e-06	0.00e+00	5.98e-06	3.61e-14	4.26e-14
 8.71118e+22	7.15e-06	7.57e-03	2.93e-01	5.58e-01	1.23e-01	1.64e-02	1.63e-03	5.41e-06	0.00e+00	7.15e-06	4.44e-14	5.24e-14
 8.74309e+22	8.45e-06	8.43e-03	3.08e-01	5.52e-01	1.16e-01	1.48e-02	1.41e-03	4.40e-06	0.00e+00	8.45e-06	5.42e-14	6.39e-14
 8.77951e+22	1.04e-05	9.65e-03	3.26e-01	5.43e-01	1.07e-01	1.29e-02	1.17e-03	3.37e-06	0.00e+00	1.04e-05	6.97e-14	8.22e-14
 8.81673e+22	1.25e-05	1.08e-02	3.43e-01	5.34e-01	1.00e-01	1.15e-02	1.00e-03	2.68e-06	0.00e+00	1.25e-05	8.60e-14	1.01e-13
 8.84994e+22	1.48e-05	1.20e-02	3.59e-01	5.24e-01	9.37e-02	1.03e-02	8.55e-04	2.15e-06	0.00e+00	1.48e-05	1.05e-13	1.24e-13
 8.88810e+22	1.84e-05	1.38e-02	3.80e-01	5.11e-01	8.58e-02	8.84e-03	6.98e-04	1.61e-06	0.00e+00	1.84e-05	1.37e-13	1.61e-13
 8.92685e+22	2.19e-05	1.55e-02	3.97e-01	4.99e-01	7.95e-02	7.80e-03	5.88e-04	1.26e-06	0.00e+00	2.19e-05	1.69e-13	2.00e-13
 8.96637e+22	2.72e-05	1.77e-02	4.19e-01	4.84e-01	7.24e-02	6.67e-03	4.77e-04	9.37e-07	0.00e+00	2.72e-05	2.20e-13	2.59e-13
 9.00690e+22	3.28e-05	2.00e-02	4.38e-01	4.69e-01	6.63e-02	5.79e-03	3.95e-04	7.16e-07	0.00e+00	3.28e-05	2.76e-13	3.26e-13
 9.04223e+22	3.90e-05	2.22e-02	4.55e-01	4.56e-01	6.12e-02	5.08e-03	3.32e-04	5.60e-07	0.00e+00	3.90e-05	3.39e-13	4.01e-13
