#depth	Si	Si+	Si+2	Si+3	Si+4	Si+5	Si+6	Si+7	Si+8	Si+9	Si+10	Si+11	Si+12	Si+13	Si+14
 4.62852e+21	0.00e+00	0.00e+00	0.00e+00	0.00e+00	0.00e+00	0.00e+00	8.63e-24	4.39e-20	9.67e-17	1.05e-13	7.13e-11	4.85e-08	7.76e-05	1.60e-02	9.84e-01
 1.05368e+22	0.00e+00	0.00e+00	0.00e+00	0.00e+00	0.00e+00	1.37e-26	1.48e-22	5.24e-19	8.16e-16	6.18e-13	2.94e-10	1.40e-07	1.57e-04	2.27e-02	9.77e-01
 1.26843e+22	0.00e+00	0.00e+00	0.00e+00	0.00e+00	4.22e-30	1.18e-25	9.97e-22	2.78e-18	3.40e-15	2.02e-12	7.60e-10	2.85e-07	2.52e-04	2.87e-02	9.71e-01
 1.42464e+22	0.00e+00	0.00e+00	0.00e+00	0.00e+00	2.85e-29	6.57e-25	4.58e-21	1.05e-17	1.06e-14	5.19e-12	1.62e-09	5.01e-07	3.67e-04	3.45e-02	9.65e-01
 1.51142e+22	0.00e+00	0.00e+00	0.00e+00	0.00e+00	4.61e-29	1.01e-24	6.71e-21	1.47e-17	1.41e-14	6.58e-12	1.95e-09	5.78e-07	4.03e-04	3.61e-02	9.63e-01
 1.54611e+22	0.00e+00	0.00e+00	0.00e+00	0.00e+00	7.47e-29	1.56e-24	9.87e-21	2.06e-17	1.88e-14	8.36e-12	2.36e-09	6.67e-07	4.43e-04	3.79e-02	9.62e-01
 1.58065e+22	0.00e+00	0.00e+00	0.00e+00	0.00e+00	1.19e-28	2.37e-24	1.43e-20	2.85e-17	2.47e-14	1.05e-11	2.84e-09	7.64e-07	4.85e-04	3.96e-02	9.60e-01
 1.62024e+22	0.00e+00	0.00e+00	0.00e+00	0.00e+00	2.14e-28	4.02e-24	2.28e-20	4.28e-17	3.50e-14	1.40e-11	3.57e-09	9.08e-07	5.44e-04	4.19e-02	9.58e-01
 1.66038e+22	0.00e+00	0.00e+00	0.00e+00	0.00e+00	3.52e-28	6.29e-24	3.40e-20	6.05e-17	4.71e-14	1.79e-11	4.35e-09	1.05e-06	6.00e-04	4.39e-02	9.55e-01
 1.69235e+22	0.00e+00	0.00e+00	0.00e+00	0.00e+00	5.30e-28	9.08e-24	4.71e-20	8.05e-17	6.00e-14	2.19e-11	5.11e-09	1.19e-06	6.50e-04	4.57e-02	9.54e-01
 1.72505e+22	0.00e+00	0.00e+00	0.00e+00	8.74e-33	8.58e-28	1.40e-23	6.91e-20	1.13e-16	7.99e-14	2.78e-11	6.18e-09	1.37e-06	7.14e-04	4.78e-02	9.51e-01
 1.75921e+22	0.00e+00	0.00e+00	0.00e+00	1.41e-32	1.33e-27	2.07e-23	9.80e-20	1.53e-16	1.04e-13	3.45e-11	7.34e-09	1.56e-06	7.77e-04	4.98e-02	9.49e-01
 1.78988e+22	0.00e+00	0.00e+00	0.00e+00	2.22e-32	2.00e-27	3.00e-23	1.36e-19	2.03e-16	1.32e-13	4.22e-11	8.63e-09	1.75e-06	8.42e-04	5.18e-02	9.47e-01
 1.81964e+22	0.00e+00	0.00e+00	0.00e+00	3.46e-32	3.00e-27	4.31e-23	1.88e-19	2.69e-16	1.68e-13	5.15e-11	1.01e-08	1.98e-06	9.11e-04	5.38e-02	9.45e-01
 1.85362e+22	0.00e+00	0.00e+00	0.00e+00	6.02e-32	4.96e-27	6.78e-23	2.80e-19	3.82e-16	2.27e-13	6.60e-11	1.23e-08	2.29e-06	1.00e-03	5.65e-02	9.43e-01
 1.88829e+22	0.00e+00	0.00e+00	0.00e+00	9.68e-32	7.63e-27	9.99e-23	3.96e-19	5.16e-16	2.93e-13	8.16e-11	1.46e-08	2.60e-06	1.09e-03	5.88e-02	9.40e-01
 1.91861e+22	0.00e+00	0.00e+00	0.00e+00	1.52e-31	1.15e-26	1.45e-22	5.50e-19	6.87e-16	3.74e-13	1.00e-10	1.72e-08	2.94e-06	1.18e-03	6.11e-02	9.38e-01
 1.95280e+22	0.00e+00	0.00e+00	0.00e+00	2.61e-31	1.88e-26	2.25e-22	8.13e-19	9.67e-16	5.00e-13	1.27e-10	2.09e-08	3.39e-06	1.30e-03	6.40e-02	9.35e-01
 1.98581e+22	0.00e+00	0.00e+00	0.00e+00	4.09e-31	2.83e-26	3.24e-22	1.13e-18	1.28e-15	6.37e-13	1.56e-10	2.45e-08	3.82e-06	1.41e-03	6.65e-02	9.32e-01
 2.01147e+22	0.00e+00	0.00e+00	0.00e+00	5.99e-31	4.00e-26	4.43e-22	1.49e-18	1.64e-15	7.84e-13	1.85e-10	2.81e-08	4.23e-06	1.51e-03	6.87e-02	9.30e-01
 2.03900e+22	0.00e+00	0.00e+00	0.00e+00	9.21e-31	5.91e-26	6.30e-22	2.03e-18	2.15e-15	9.87e-13	2.24e-10	3.27e-08	4.74e-06	1.63e-03	7.12e-02	9.27e-01
 2.06925e+22	0.00e+00	0.00e+00	0.00e+00	1.44e-30	8.85e-26	9.05e-22	2.80e-18	2.84e-15	1.25e-12	2.73e-10	3.83e-08	5.34e-06	1.76e-03	7.40e-02	9.24e-01
 2.09732e+22	0.00e+00	0.00e+00	0.00e+00	2.14e-30	1.27e-25	1.25e-21	3.74e-18	3.66e-15	1.56e-12	3.26e-10	4.42e-08	5.94e-06	1.88e-03	7.65e-02	9.22e-01
 2.12811e+22	0.00e+00	0.00e+00	0.00e+00	3.47e-30	1.98e-25	1.86e-21	5.31e-18	4.97e-15	2.02e-12	4.04e-10	5.25e-08	6.75e-06	2.05e-03	7.97e-02	9.18e-01
 2.15953e+22	0.00e+00	0.00e+00	0.00e+00	5.42e-30	2.96e-25	2.68e-21	7.34e-18	6.59e-15	2.57e-12	4.94e-10	6.16e-08	7.60e-06	2.22e-03	8.27e-02	9.15e-01
 2.18589e+22	0.00e+00	0.00e+00	0.00e+00	7.98e-30	4.21e-25	3.68e-21	9.71e-18	8.42e-15	3.17e-12	5.87e-10	7.07e-08	8.43e-06	2.37e-03	8.54e-02	9.12e-01
 2.21430e+22	0.00e+00	0.00e+00	0.00e+00	1.25e-29	6.33e-25	5.31e-21	1.34e-17	1.12e-14	4.03e-12	7.17e-10	8.30e-08	9.49e-06	2.57e-03	8.87e-02	9.09e-01
 2.24484e+22	0.00e+00	0.00e+00	0.00e+00	1.95e-29	9.49e-25	7.63e-21	1.86e-17	1.48e-14	5.13e-12	8.76e-10	9.73e-08	1.07e-05	2.77e-03	9.20e-02	9.05e-01
 2.27067e+22	0.00e+00	0.00e+00	0.00e+00	2.79e-29	1.32e-24	1.02e-20	2.41e-17	1.86e-14	6.23e-12	1.03e-09	1.11e-07	1.18e-05	2.95e-03	9.48e-02	9.02e-01
 2.29679e+22	0.00e+00	0.00e+00	0.00e+00	4.20e-29	1.91e-24	1.43e-20	3.24e-17	2.41e-14	7.76e-12	1.23e-09	1.28e-07	1.31e-05	3.17e-03	9.80e-02	8.99e-01
 2.32463e+22	0.00e+00	0.00e+00	0.00e+00	6.25e-29	2.74e-24	1.98e-20	4.32e-17	3.10e-14	9.62e-12	1.47e-09	1.47e-07	1.45e-05	3.40e-03	1.01e-01	8.95e-01
 2.34979e+22	0.00e+00	0.00e+00	3.06e-33	8.99e-29	3.81e-24	2.66e-20	5.63e-17	3.90e-14	1.17e-11	1.73e-09	1.68e-07	1.60e-05	3.62e-03	1.04e-01	8.92e-01
 2.37757e+22	0.00e+00	0.00e+00	4.91e-33	1.39e-28	5.67e-24	3.80e-20	7.72e-17	5.14e-14	1.48e-11	2.11e-09	1.96e-07	1.80e-05	3.90e-03	1.08e-01	8.88e-01
 2.40674e+22	0.00e+00	0.00e+00	7.71e-33	2.10e-28	8.27e-24	5.35e-20	1.04e-16	6.68e-14	1.85e-11	2.54e-09	2.27e-07	2.01e-05	4.20e-03	1.12e-01	8.84e-01
 2.43158e+22	0.00e+00	0.00e+00	1.14e-32	3.02e-28	1.15e-23	7.18e-20	1.36e-16	8.40e-14	2.25e-11	2.98e-09	2.58e-07	2.21e-05	4.47e-03	1.15e-01	8.80e-01
 2.45431e+22	0.00e+00	0.00e+00	1.63e-32	4.19e-28	1.55e-23	9.39e-20	1.72e-16	1.03e-13	2.69e-11	3.45e-09	2.90e-07	2.41e-05	4.73e-03	1.18e-01	8.77e-01
 2.48042e+22	0.00e+00	0.00e+00	2.53e-32	6.30e-28	2.24e-23	1.31e-19	2.32e-16	1.34e-13	3.35e-11	4.14e-09	3.36e-07	2.68e-05	5.07e-03	1.22e-01	8.73e-01
 2.50842e+22	0.00e+00	0.00e+00	3.91e-32	9.42e-28	3.24e-23	1.82e-19	3.10e-16	1.73e-13	4.16e-11	4.96e-09	3.88e-07	2.98e-05	5.44e-03	1.26e-01	8.68e-01
 2.53374e+22	0.00e+00	0.00e+00	5.86e-32	1.37e-27	4.54e-23	2.47e-19	4.07e-16	2.19e-13	5.09e-11	5.86e-09	4.42e-07	3.29e-05	5.80e-03	1.30e-01	8.64e-01
 2.56153e+22	0.00e+00	0.00e+00	9.41e-32	2.12e-27	6.76e-23	3.54e-19	5.59e-16	2.89e-13	6.45e-11	7.13e-09	5.17e-07	3.69e-05	6.25e-03	1.35e-01	8.59e-01
 2.58931e+22	0.00e+00	0.00e+00	1.44e-31	3.13e-27	9.64e-23	4.87e-19	7.42e-16	3.70e-13	7.96e-11	8.49e-09	5.94e-07	4.09e-05	6.68e-03	1.39e-01	8.54e-01
 2.61206e+22	0.00e+00	0.00e+00	2.06e-31	4.36e-27	1.30e-22	6.39e-19	9.44e-16	4.56e-13	9.53e-11	9.85e-09	6.69e-07	4.47e-05	7.07e-03	1.42e-01	8.50e-01
 2.63662e+22	0.00e+00	0.00e+00	3.12e-31	6.40e-27	1.85e-22	8.75e-19	1.25e-15	5.82e-13	1.17e-10	1.17e-08	7.66e-07	4.94e-05	7.55e-03	1.47e-01	8.46e-01
 2.66345e+22	0.00e+00	0.00e+00	4.72e-31	9.37e-27	2.62e-22	1.20e-18	1.65e-15	7.41e-13	1.44e-10	1.39e-08	8.78e-07	5.46e-05	8.06e-03	1.51e-01	8.41e-01
 2.68877e+22	0.00e+00	0.00e+00	7.11e-31	1.37e-26	3.70e-22	1.63e-18	2.17e-15	9.42e-13	1.77e-10	1.64e-08	1.00e-06	6.04e-05	8.60e-03	1.56e-01	8.36e-01
 2.71333e+22	0.00e+00	0.00e+00	1.06e-30	1.97e-26	5.15e-22	2.20e-18	2.83e-15	1.19e-12	2.15e-10	1.93e-08	1.14e-06	6.64e-05	9.15e-03	1.60e-01	8.31e-01
 2.73688e+22	0.00e+00	0.00e+00	1.53e-30	2.77e-26	7.04e-22	2.91e-18	3.63e-15	1.48e-12	2.59e-10	2.25e-08	1.29e-06	7.27e-05	9.70e-03	1.64e-01	8.26e-01
 2.76301e+22	0.00e+00	0.00e+00	2.38e-30	4.16e-26	1.02e-21	4.06e-18	4.88e-15	1.91e-12	3.23e-10	2.70e-08	1.49e-06	8.08e-05	1.04e-02	1.70e-01	8.20e-01
 2.79034e+22	0.00e+00	0.00e+00	3.63e-30	6.15e-26	1.46e-21	5.59e-18	6.48e-15	2.45e-12	3.99e-10	3.22e-08	1.71e-06	8.96e-05	1.11e-02	1.75e-01	8.14e-01
 2.81424e+22	0.00e+00	0.00e+00	5.34e-30	8.76e-26	2.01e-21	7.48e-18	8.39e-15	3.07e-12	4.84e-10	3.78e-08	1.94e-06	9.83e-05	1.18e-02	1.79e-01	8.09e-01
 2.84032e+22	0.00e+00	0.00e+00	8.35e-30	1.32e-25	2.94e-21	1.05e-17	1.13e-14	3.99e-12	6.05e-10	4.55e-08	2.25e-06	1.10e-04	1.26e-02	1.85e-01	8.02e-01
 2.86809e+22	0.00e+00	0.00e+00	1.29e-29	1.98e-25	4.23e-21	1.46e-17	1.52e-14	5.15e-12	7.53e-10	5.45e-08	2.60e-06	1.22e-04	1.35e-02	1.91e-01	7.96e-01
 2.89197e+22	0.00e+00	0.00e+00	1.88e-29	2.80e-25	5.81e-21	1.94e-17	1.96e-14	6.42e-12	9.09e-10	6.37e-08	2.94e-06	1.33e-04	1.43e-02	1.95e-01	7.90e-01
 2.91363e+22	0.00e+00	0.00e+00	2.69e-29	3.89e-25	7.85e-21	2.54e-17	2.49e-14	7.92e-12	1.09e-09	7.38e-08	3.30e-06	1.45e-04	1.51e-02	2.00e-01	7.84e-01
 2.93849e+22	0.00e+00	0.00e+00	4.16e-29	5.81e-25	1.13e-20	3.53e-17	3.33e-14	1.02e-11	1.35e-09	8.83e-08	3.81e-06	1.61e-04	1.62e-02	2.06e-01	7.78e-01
 2.96489e+22	0.00e+00	0.00e+00	6.32e-29	8.53e-25	1.61e-20	4.85e-17	4.41e-14	1.30e-11	1.67e-09	1.05e-07	4.37e-06	1.78e-04	1.73e-02	2.12e-01	7.71e-01
 2.98869e+22	0.00e+00	1.42e-33	9.23e-29	1.21e-24	2.21e-20	6.45e-17	5.69e-14	1.63e-11	2.01e-09	1.23e-07	4.94e-06	1.95e-04	1.83e-02	2.17e-01	7.64e-01
 3.01504e+22	0.00e+00	2.34e-33	1.47e-28	1.86e-24	3.28e-20	9.20e-17	7.79e-14	2.14e-11	2.55e-09	1.49e-07	5.76e-06	2.18e-04	1.96e-02	2.24e-01	7.56e-01
 3.04128e+22	0.00e+00	2.60e-33	1.59e-28	1.94e-24	4.60e-20	1.25e-16	1.02e-13	2.72e-11	3.11e-09	1.76e-07	6.57e-06	2.40e-04	2.09e-02	2.30e-01	7.49e-01
 3.06299e+22	0.00e+00	3.85e-33	2.29e-28	2.72e-24	6.25e-20	1.64e-16	1.30e-13	3.36e-11	3.74e-09	2.05e-07	7.40e-06	2.62e-04	2.21e-02	2.35e-01	7.42e-01
 3.08686e+22	0.00e+00	6.06e-33	3.49e-28	4.01e-24	8.90e-20	2.26e-16	1.73e-13	4.31e-11	4.62e-09	2.44e-07	8.49e-06	2.90e-04	2.35e-02	2.41e-01	7.35e-01
 3.11249e+22	0.00e+00	9.66e-33	5.39e-28	5.96e-24	1.28e-19	3.13e-16	2.31e-13	5.54e-11	5.73e-09	2.92e-07	9.78e-06	3.22e-04	2.51e-02	2.48e-01	7.27e-01
 3.13547e+22	0.00e+00	1.43e-32	7.75e-28	8.33e-24	1.74e-19	4.12e-16	2.95e-13	6.86e-11	6.88e-09	3.40e-07	1.10e-05	3.51e-04	2.65e-02	2.54e-01	7.20e-01
 3.16041e+22	0.00e+00	2.37e-32	1.24e-27	1.28e-23	2.58e-19	5.88e-16	4.05e-13	9.04e-11	8.71e-09	4.13e-07	1.28e-05	3.92e-04	2.84e-02	2.61e-01	7.10e-01
 3.18529e+22	0.00e+00	3.64e-32	1.85e-27	1.85e-23	3.60e-19	7.94e-16	5.28e-13	1.14e-10	1.06e-08	4.88e-07	1.46e-05	4.31e-04	3.02e-02	2.67e-01	7.02e-01
 3.20603e+22	0.00e+00	5.26e-32	2.60e-27	2.53e-23	4.79e-19	1.03e-15	6.64e-13	1.39e-10	1.26e-08	5.61e-07	1.63e-05	4.67e-04	3.17e-02	2.73e-01	6.95e-01
 3.22890e+22	0.00e+00	8.40e-32	4.02e-27	3.77e-23	6.88e-19	1.42e-15	8.87e-13	1.79e-10	1.57e-08	6.72e-07	1.88e-05	5.17e-04	3.38e-02	2.80e-01	6.86e-01
 3.25297e+22	0.00e+00	1.30e-31	6.04e-27	5.47e-23	9.67e-19	1.93e-15	1.16e-12	2.28e-10	1.92e-08	7.95e-07	2.14e-05	5.69e-04	3.59e-02	2.86e-01	6.77e-01
 3.27466e+22	0.00e+00	1.96e-31	8.82e-27	7.72e-23	1.33e-18	2.57e-15	1.50e-12	2.84e-10	2.32e-08	9.30e-07	2.42e-05	6.22e-04	3.79e-02	2.92e-01	6.69e-01
 3.29887e+22	0.00e+00	3.27e-31	1.42e-26	1.19e-22	1.97e-18	3.67e-15	2.06e-12	3.75e-10	2.94e-08	1.13e-06	2.82e-05	6.95e-04	4.06e-02	3.00e-01	6.59e-01
 3.32276e+22	0.00e+00	4.94e-31	2.08e-26	1.69e-22	2.72e-18	4.90e-15	2.66e-12	4.69e-10	3.56e-08	1.33e-06	3.19e-05	7.60e-04	4.29e-02	3.06e-01	6.50e-01
 3.34273e+22	0.00e+00	7.30e-31	2.99e-26	2.36e-22	3.68e-18	6.43e-15	3.39e-12	5.78e-10	4.27e-08	1.54e-06	3.59e-05	8.27e-04	4.52e-02	3.12e-01	6.42e-01
 3.36519e+22	0.00e+00	1.19e-30	4.71e-26	3.57e-22	5.37e-18	9.05e-15	4.59e-12	7.54e-10	5.36e-08	1.86e-06	4.15e-05	9.19e-04	4.82e-02	3.20e-01	6.31e-01
 3.38816e+22	0.00e+00	1.78e-30	6.85e-26	5.02e-22	7.34e-18	1.20e-14	5.88e-12	9.37e-10	6.46e-08	2.17e-06	4.68e-05	1.00e-03	5.08e-02	3.26e-01	6.22e-01
 3.41177e+22	0.00e+00	2.98e-30	1.10e-25	7.74e-22	1.09e-17	1.71e-14	8.08e-12	1.24e-09	8.20e-08	2.65e-06	5.46e-05	1.12e-03	5.43e-02	3.34e-01	6.10e-01
 3.43563e+22	0.00e+00	4.66e-30	1.66e-25	1.13e-21	1.54e-17	2.33e-14	1.06e-11	1.57e-09	1.01e-07	3.14e-06	6.23e-05	1.23e-03	5.75e-02	3.41e-01	6.00e-01
 3.45536e+22	0.00e+00	6.75e-30	2.34e-25	1.54e-21	2.05e-17	3.02e-14	1.34e-11	1.92e-09	1.20e-07	3.62e-06	6.95e-05	1.33e-03	6.03e-02	3.47e-01	5.92e-01
 3.47656e+22	0.00e+00	1.09e-29	3.64e-25	2.30e-21	2.96e-17	4.20e-14	1.79e-11	2.48e-09	1.49e-07	4.34e-06	8.00e-05	1.47e-03	6.41e-02	3.54e-01	5.81e-01
 3.49832e+22	0.00e+00	1.65e-29	5.34e-25	3.25e-21	4.07e-17	5.59e-14	2.31e-11	3.10e-09	1.80e-07	5.09e-06	9.04e-05	1.60e-03	6.75e-02	3.60e-01	5.71e-01
 3.51754e+22	0.00e+00	2.42e-29	7.64e-25	4.50e-21	5.48e-17	7.31e-14	2.93e-11	3.82e-09	2.16e-07	5.90e-06	1.01e-04	1.74e-03	7.09e-02	3.66e-01	5.61e-01
 3.53927e+22	0.00e+00	3.95e-29	1.20e-24	6.79e-21	7.98e-17	1.03e-13	3.96e-11	4.96e-09	2.70e-07	7.11e-06	1.17e-04	1.93e-03	7.53e-02	3.73e-01	5.50e-01
 3.56162e+22	0.00e+00	5.00e-29	1.47e-24	9.77e-21	1.11e-16	1.38e-13	5.17e-11	6.27e-09	3.30e-07	8.39e-06	1.33e-04	2.11e-03	7.95e-02	3.79e-01	5.39e-01
 3.58056e+22	0.00e+00	7.27e-29	2.07e-24	1.34e-20	1.49e-16	1.79e-13	6.51e-11	7.67e-09	3.93e-07	9.68e-06	1.48e-04	2.28e-03	8.32e-02	3.85e-01	5.30e-01
 3.60097e+22	0.00e+00	1.17e-28	3.20e-24	1.98e-20	2.13e-16	2.48e-13	8.68e-11	9.86e-09	4.88e-07	1.16e-05	1.70e-04	2.51e-03	8.81e-02	3.91e-01	5.18e-01
 3.62212e+22	0.00e+00	1.74e-28	4.64e-24	2.77e-20	2.90e-16	3.28e-13	1.11e-10	1.22e-08	5.86e-07	1.35e-05	1.91e-04	2.73e-03	9.25e-02	3.97e-01	5.08e-01
 3.64113e+22	0.00e+00	2.62e-28	6.76e-24	3.89e-20	3.96e-16	4.34e-13	1.42e-10	1.52e-08	7.07e-07	1.57e-05	2.15e-04	2.97e-03	9.71e-02	4.02e-01	4.97e-01
 3.65964e+22	0.00e+00	3.85e-28	9.65e-24	5.36e-20	5.32e-16	5.65e-13	1.80e-10	1.87e-08	8.44e-07	1.82e-05	2.41e-04	3.21e-03	1.02e-01	4.08e-01	4.87e-01
 3.68060e+22	0.00e+00	6.21e-28	1.50e-23	7.98e-20	7.67e-16	7.86e-13	2.42e-10	2.41e-08	1.05e-06	2.18e-05	2.77e-04	3.54e-03	1.07e-01	4.14e-01	4.75e-01
 3.70224e+22	0.00e+00	9.59e-28	2.24e-23	1.14e-19	1.07e-15	1.06e-12	3.15e-10	3.04e-08	1.28e-06	2.58e-05	3.14e-04	3.86e-03	1.13e-01	4.19e-01	4.64e-01
 3.72117e+22	0.00e+00	1.43e-27	3.24e-23	1.60e-19	1.45e-15	1.40e-12	4.02e-10	3.77e-08	1.54e-06	3.00e-05	3.52e-04	4.18e-03	1.18e-01	4.24e-01	4.53e-01
 3.73926e+22	0.00e+00	2.11e-27	4.62e-23	2.20e-19	1.95e-15	1.82e-12	5.09e-10	4.63e-08	1.84e-06	3.47e-05	3.93e-04	4.52e-03	1.24e-01	4.28e-01	4.43e-01
 3.75987e+22	0.00e+00	3.40e-27	7.17e-23	3.27e-19	2.80e-15	2.53e-12	6.81e-10	5.97e-08	2.29e-06	4.16e-05	4.51e-04	4.97e-03	1.30e-01	4.33e-01	4.31e-01
 3.78125e+22	0.00e+00	5.20e-27	1.06e-22	4.64e-19	3.87e-15	3.38e-12	8.83e-10	7.49e-08	2.78e-06	4.88e-05	5.09e-04	5.40e-03	1.37e-01	4.38e-01	4.19e-01
 3.80046e+22	0.00e+00	7.86e-27	1.55e-22	6.53e-19	5.31e-15	4.49e-12	1.14e-09	9.33e-08	3.36e-06	5.70e-05	5.73e-04	5.86e-03	1.43e-01	4.42e-01	4.09e-01
 3.82226e+22	4.32e-34	1.33e-26	2.51e-22	1.01e-18	7.91e-15	6.44e-12	1.56e-09	1.23e-07	4.28e-06	6.95e-05	6.65e-04	6.50e-03	1.51e-01	4.47e-01	3.95e-01
 3.84367e+22	6.67e-34	1.97e-26	3.61e-22	1.40e-18	1.07e-14	8.43e-12	1.99e-09	1.52e-07	5.12e-06	8.06e-05	7.44e-04	7.01e-03	1.58e-01	4.50e-01	3.84e-01
 3.86164e+22	1.04e-33	2.93e-26	5.20e-22	1.93e-18	1.44e-14	1.11e-11	2.53e-09	1.88e-07	6.14e-06	9.36e-05	8.33e-04	7.57e-03	1.65e-01	4.53e-01	3.74e-01
 3.87918e+22	1.58e-33	4.30e-26	7.37e-22	2.64e-18	1.93e-14	1.44e-11	3.19e-09	2.30e-07	7.31e-06	1.08e-04	9.27e-04	8.15e-03	1.71e-01	4.56e-01	3.64e-01
 3.89909e+22	2.69e-33	6.92e-26	1.14e-21	3.91e-18	2.77e-14	1.99e-11	4.26e-09	2.96e-07	9.09e-06	1.29e-04	1.06e-03	8.92e-03	1.80e-01	4.59e-01	3.51e-01
 3.91804e+22	3.96e-33	9.82e-26	1.57e-21	5.21e-18	3.61e-14	2.53e-11	5.27e-09	3.57e-07	1.07e-05	1.47e-04	1.17e-03	9.54e-03	1.86e-01	4.61e-01	3.42e-01
 3.93321e+22	5.82e-33	1.39e-25	2.16e-21	6.90e-18	4.68e-14	3.20e-11	6.50e-09	4.29e-07	1.25e-05	1.68e-04	1.29e-03	1.02e-02	1.93e-01	4.63e-01	3.33e-01
 3.94702e+22	8.14e-33	1.88e-25	2.84e-21	8.80e-18	5.87e-14	3.92e-11	7.79e-09	5.03e-07	1.43e-05	1.88e-04	1.40e-03	1.08e-02	1.99e-01	4.64e-01	3.25e-01
 3.95961e+22	1.11e-32	2.48e-25	3.67e-21	1.11e-17	7.24e-14	4.75e-11	9.23e-09	5.83e-07	1.63e-05	2.09e-04	1.52e-03	1.13e-02	2.04e-01	4.65e-01	3.18e-01
 3.97401e+22	1.65e-32	3.54e-25	5.07e-21	1.47e-17	9.46e-14	6.04e-11	1.15e-08	7.04e-07	1.91e-05	2.38e-04	1.67e-03	1.21e-02	2.11e-01	4.66e-01	3.09e-01
 3.98828e+22	2.27e-32	4.71e-25	6.58e-21	1.86e-17	1.17e-13	7.34e-11	1.36e-08	8.18e-07	2.18e-05	2.65e-04	1.81e-03	1.28e-02	2.17e-01	4.67e-01	3.01e-01
 4.00034e+22	3.07e-32	6.19e-25	8.44e-21	2.32e-17	1.44e-13	8.84e-11	1.61e-08	9.46e-07	2.47e-05	2.94e-04	1.96e-03	1.34e-02	2.23e-01	4.67e-01	2.94e-01
 4.01396e+22	4.53e-32	8.76e-25	1.16e-20	3.06e-17	1.87e-13	1.12e-10	1.98e-08	1.14e-06	2.90e-05	3.35e-04	2.15e-03	1.43e-02	2.30e-01	4.68e-01	2.86e-01
 4.02717e+22	6.07e-32	1.14e-24	1.47e-20	3.79e-17	2.28e-13	1.34e-10	2.32e-08	1.31e-06	3.27e-05	3.69e-04	2.32e-03	1.50e-02	2.36e-01	4.68e-01	2.79e-01
 4.03808e+22	8.05e-32	1.47e-24	1.85e-20	4.64e-17	2.75e-13	1.59e-10	2.70e-08	1.49e-06	3.66e-05	4.06e-04	2.48e-03	1.57e-02	2.41e-01	4.68e-01	2.73e-01
 4.05049e+22	1.14e-31	2.00e-24	2.46e-20	5.96e-17	3.47e-13	1.96e-10	3.27e-08	1.76e-06	4.22e-05	4.56e-04	2.71e-03	1.66e-02	2.48e-01	4.67e-01	2.65e-01
 4.06325e+22	1.55e-31	2.63e-24	3.14e-20	7.40e-17	4.25e-13	2.36e-10	3.85e-08	2.03e-06	4.78e-05	5.05e-04	2.92e-03	1.75e-02	2.54e-01	4.67e-01	2.58e-01
 4.07455e+22	2.06e-31	3.40e-24	3.96e-20	9.08e-17	5.15e-13	2.80e-10	4.50e-08	2.33e-06	5.38e-05	5.55e-04	3.13e-03	1.83e-02	2.60e-01	4.66e-01	2.52e-01
 4.08730e+22	3.03e-31	4.80e-24	5.42e-20	1.19e-16	6.65e-13	3.54e-10	5.54e-08	2.80e-06	6.30e-05	6.32e-04	3.44e-03	1.94e-02	2.68e-01	4.65e-01	2.44e-01
 4.09927e+22	3.96e-31	6.09e-24	6.71e-20	1.44e-16	7.93e-13	4.15e-10	6.39e-08	3.17e-06	7.02e-05	6.91e-04	3.68e-03	2.03e-02	2.73e-01	4.64e-01	2.38e-01
 4.11023e+22	5.51e-31	8.17e-24	8.75e-20	1.82e-16	9.85e-13	5.06e-10	7.63e-08	3.70e-06	8.03e-05	7.71e-04	3.99e-03	2.14e-02	2.80e-01	4.63e-01	2.31e-01
 4.12141e+22	7.27e-31	1.05e-23	1.09e-19	2.21e-16	1.18e-12	5.98e-10	8.86e-08	4.22e-06	9.00e-05	8.46e-04	4.27e-03	2.23e-02	2.86e-01	4.62e-01	2.25e-01
 4.13130e+22	9.45e-31	1.32e-23	1.35e-19	2.65e-16	1.41e-12	7.00e-10	1.02e-07	4.78e-06	1.00e-04	9.23e-04	4.55e-03	2.32e-02	2.91e-01	4.60e-01	2.20e-01
 4.14258e+22	1.36e-30	1.82e-23	1.80e-19	3.40e-16	1.78e-12	8.68e-10	1.24e-07	5.66e-06	1.16e-04	1.04e-03	4.96e-03	2.45e-02	2.99e-01	4.58e-01	2.12e-01
 4.15377e+22	1.79e-30	2.33e-23	2.24e-19	4.11e-16	2.13e-12	1.02e-09	1.44e-07	6.45e-06	1.30e-04	1.14e-03	5.31e-03	2.56e-02	3.05e-01	4.57e-01	2.07e-01
 4.16486e+22	2.54e-30	3.18e-23	2.96e-19	5.24e-16	2.68e-12	1.26e-09	1.74e-07	7.62e-06	1.50e-04	1.28e-03	5.78e-03	2.70e-02	3.12e-01	4.54e-01	2.00e-01
 4.17610e+22	3.40e-30	4.12e-23	3.73e-19	6.39e-16	3.24e-12	1.50e-09	2.03e-07	8.73e-06	1.69e-04	1.42e-03	6.21e-03	2.82e-02	3.18e-01	4.52e-01	1.94e-01
 4.18605e+22	4.54e-30	5.32e-23	4.69e-19	7.78e-16	3.90e-12	1.79e-09	2.37e-07	1.00e-05	1.90e-04	1.56e-03	6.66e-03	2.95e-02	3.25e-01	4.49e-01	1.88e-01
 4.19747e+22	6.69e-30	7.49e-23	6.35e-19	1.01e-15	5.00e-12	2.24e-09	2.91e-07	1.20e-05	2.23e-04	1.77e-03	7.31e-03	3.12e-02	3.33e-01	4.46e-01	1.81e-01
 4.20841e+22	8.65e-30	9.41e-23	7.77e-19	1.20e-15	5.91e-12	2.62e-09	3.34e-07	1.36e-05	2.47e-04	1.93e-03	7.78e-03	3.25e-02	3.38e-01	4.43e-01	1.76e-01
 4.21870e+22	1.22e-31	1.29e-22	1.03e-18	1.52e-15	7.44e-12	3.24e-09	4.06e-07	1.61e-05	2.87e-04	2.18e-03	8.49e-03	3.42e-02	3.46e-01	4.40e-01	1.69e-01
 4.22906e+22	1.59e-31	1.63e-22	1.26e-18	1.81e-15	8.79e-12	3.78e-09	4.67e-07	1.82e-05	3.19e-04	2.38e-03	9.03e-03	3.56e-02	3.52e-01	4.37e-01	1.64e-01
 4.23951e+22	2.34e-31	2.27e-22	1.69e-18	2.32e-15	1.12e-11	4.72e-09	5.71e-07	2.17e-05	3.73e-04	2.70e-03	9.89e-03	3.76e-02	3.60e-01	4.32e-01	1.57e-01
 4.24960e+22	2.99e-31	2.81e-22	2.04e-18	2.72e-15	1.30e-11	5.45e-09	6.51e-07	2.44e-05	4.12e-04	2.92e-03	1.05e-02	3.89e-02	3.65e-01	4.29e-01	1.53e-01
 4.25924e+22	4.32e-31	3.86e-22	2.69e-18	3.43e-15	1.64e-11	6.74e-09	7.91e-07	2.89e-05	4.78e-04	3.30e-03	1.14e-02	4.10e-02	3.73e-01	4.24e-01	1.47e-01
 4.26887e+22	5.53e-31	4.78e-22	3.25e-18	4.02e-15	1.91e-11	7.79e-09	9.02e-07	3.25e-05	5.28e-04	3.58e-03	1.21e-02	4.24e-02	3.78e-01	4.21e-01	1.43e-01
 4.27849e+22	8.03e-31	6.60e-22	4.29e-18	5.07e-15	2.40e-11	9.66e-09	1.10e-06	3.87e-05	6.15e-04	4.05e-03	1.32e-02	4.47e-02	3.85e-01	4.16e-01	1.36e-01
 4.28815e+22	1.04e-30	8.29e-22	5.24e-18	5.99e-15	2.83e-11	1.13e-08	1.26e-06	4.38e-05	6.85e-04	4.41e-03	1.41e-02	4.63e-02	3.91e-01	4.12e-01	1.32e-01
 4.29785e+22	1.51e-30	1.14e-21	6.90e-18	7.52e-15	3.56e-11	1.40e-08	1.54e-06	5.21e-05	7.97e-04	4.99e-03	1.54e-02	4.88e-02	3.98e-01	4.06e-01	1.26e-01
 4.30774e+22	2.00e-30	1.45e-21	8.50e-18	8.93e-15	4.22e-11	1.64e-08	1.79e-06	5.94e-05	8.92e-04	5.47e-03	1.64e-02	5.07e-02	4.04e-01	4.01e-01	1.21e-01
 4.31787e+22	2.91e-30	2.01e-21	1.12e-17	1.12e-14	5.32e-11	2.05e-08	2.19e-06	7.10e-05	1.04e-03	6.19e-03	1.79e-02	5.33e-02	4.11e-01	3.95e-01	1.16e-01
 4.32790e+22	3.86e-30	2.56e-21	1.39e-17	1.33e-14	6.33e-11	2.41e-08	2.55e-06	8.12e-05	1.17e-03	6.79e-03	1.91e-02	5.54e-02	4.17e-01	3.90e-01	1.11e-01
 4.33783e+22	5.58e-30	3.52e-21	1.82e-17	1.67e-14	7.94e-11	3.00e-08	3.11e-06	9.68e-05	1.36e-03	7.68e-03	2.09e-02	5.81e-02	4.23e-01	3.83e-01	1.06e-01
 4.34794e+22	7.50e-30	4.54e-21	2.26e-17	1.99e-14	9.52e-11	3.56e-08	3.65e-06	1.11e-04	1.54e-03	8.46e-03	2.24e-02	6.05e-02	4.29e-01	3.77e-01	1.01e-01
 4.35829e+22	1.10e-29	6.31e-21	3.00e-17	2.49e-14	1.20e-10	4.46e-08	4.50e-06	1.34e-04	1.80e-03	9.61e-03	2.45e-02	6.36e-02	4.35e-01	3.69e-01	9.57e-02
 4.36871e+22	1.48e-29	8.14e-21	3.72e-17	2.97e-14	1.44e-10	5.31e-08	5.29e-06	1.54e-04	2.03e-03	1.06e-02	2.62e-02	6.60e-02	4.40e-01	3.63e-01	9.15e-02
 4.37919e+22	2.18e-29	1.13e-20	4.92e-17	3.71e-14	1.83e-10	6.67e-08	6.54e-06	1.86e-04	2.39e-03	1.20e-02	2.87e-02	6.94e-02	4.47e-01	3.55e-01	8.61e-02
 4.38975e+22	2.93e-29	1.46e-20	6.09e-17	4.40e-14	2.19e-10	7.93e-08	7.69e-06	2.15e-04	2.69e-03	1.33e-02	3.07e-02	7.20e-02	4.51e-01	3.48e-01	8.22e-02
 4.39891e+22	3.91e-29	1.87e-20	7.50e-17	5.20e-14	2.60e-10	9.41e-08	9.01e-06	2.47e-04	3.03e-03	1.46e-02	3.28e-02	7.46e-02	4.55e-01	3.41e-01	7.84e-02
 4.40934e+22	5.69e-29	2.58e-20	9.82e-17	6.42e-14	3.27e-10	1.18e-07	1.11e-05	2.96e-04	3.55e-03	1.65e-02	3.57e-02	7.82e-02	4.60e-01	3.32e-01	7.35e-02
 4.41965e+22	7.43e-29	3.23e-20	1.19e-16	7.47e-14	3.85e-10	1.38e-07	1.28e-05	3.37e-04	3.95e-03	1.80e-02	3.79e-02	8.07e-02	4.63e-01	3.26e-01	7.02e-02
 4.42981e+22	1.05e-28	4.35e-20	1.52e-16	9.08e-14	4.75e-10	1.69e-07	1.56e-05	3.99e-04	4.56e-03	2.01e-02	4.10e-02	8.41e-02	4.67e-01	3.17e-01	6.60e-02
 4.44029e+22	1.40e-28	5.53e-20	1.86e-16	1.06e-13	5.64e-10	2.00e-07	1.82e-05	4.57e-04	5.12e-03	2.20e-02	4.37e-02	8.69e-02	4.70e-01	3.09e-01	6.26e-02
 4.45116e+22	1.99e-28	7.49e-20	2.40e-16	1.29e-13	7.00e-10	2.47e-07	2.22e-05	5.44e-04	5.92e-03	2.47e-02	4.73e-02	9.05e-02	4.73e-01	3.00e-01	5.85e-02
 4.46224e+22	2.65e-28	9.52e-20	2.93e-16	1.51e-13	8.30e-10	2.92e-07	2.59e-05	6.23e-04	6.64e-03	2.70e-02	5.03e-02	9.33e-02	4.74e-01	2.92e-01	5.54e-02
 4.47358e+22	3.79e-28	1.29e-19	3.77e-16	1.84e-13	1.03e-09	3.61e-07	3.16e-05	7.42e-04	7.68e-03	3.03e-02	5.43e-02	9.70e-02	4.76e-01	2.82e-01	5.15e-02
 4.48516e+22	5.02e-28	1.63e-19	4.59e-16	2.14e-13	1.22e-09	4.25e-07	3.69e-05	8.49e-04	8.59e-03	3.30e-02	5.77e-02	9.99e-02	4.77e-01	2.74e-01	4.86e-02
 4.49704e+22	7.18e-28	2.21e-19	5.89e-16	2.60e-13	1.51e-09	5.25e-07	4.49e-05	1.01e-03	9.90e-03	3.69e-02	6.21e-02	1.04e-01	4.77e-01	2.64e-01	4.51e-02
 4.50912e+22	9.46e-28	2.79e-19	7.15e-16	3.02e-13	1.78e-09	6.18e-07	5.22e-05	1.15e-03	1.10e-02	4.01e-02	6.57e-02	1.06e-01	4.77e-01	2.56e-01	4.24e-02
 4.52146e+22	1.35e-27	3.75e-19	9.14e-16	3.65e-13	2.20e-09	7.60e-07	6.34e-05	1.36e-03	1.27e-02	4.46e-02	7.06e-02	1.10e-01	4.76e-01	2.46e-01	3.92e-02
 4.53387e+22	1.76e-27	4.70e-19	1.10e-15	4.22e-13	2.58e-09	8.88e-07	7.32e-05	1.55e-03	1.41e-02	4.83e-02	7.44e-02	1.13e-01	4.74e-01	2.38e-01	3.68e-02
 4.54639e+22	2.48e-27	6.27e-19	1.40e-15	5.06e-13	3.16e-09	1.08e-06	8.82e-05	1.82e-03	1.61e-02	5.35e-02	7.95e-02	1.16e-01	4.72e-01	2.27e-01	3.39e-02
 4.55851e+22	3.13e-27	7.62e-19	1.65e-15	5.75e-13	3.62e-09	1.24e-06	9.99e-05	2.03e-03	1.75e-02	5.71e-02	8.30e-02	1.18e-01	4.69e-01	2.21e-01	3.20e-02
 4.57011e+22	4.25e-27	9.84e-19	2.03e-15	6.76e-13	4.33e-09	1.48e-06	1.18e-04	2.34e-03	1.97e-02	6.23e-02	8.78e-02	1.21e-01	4.66e-01	2.11e-01	2.96e-02
 4.58202e+22	5.40e-27	1.20e-18	2.40e-15	7.70e-13	4.98e-09	1.69e-06	1.34e-04	2.61e-03	2.15e-02	6.66e-02	9.16e-02	1.23e-01	4.62e-01	2.04e-01	2.79e-02
 4.59433e+22	7.40e-27	1.56e-18	2.98e-15	9.08e-13	5.97e-09	2.02e-06	1.58e-04	3.01e-03	2.42e-02	7.27e-02	9.68e-02	1.26e-01	4.57e-01	1.95e-01	2.56e-02
 4.60678e+22	9.37e-27	1.90e-18	3.52e-15	1.03e-12	6.84e-09	2.31e-06	1.78e-04	3.35e-03	2.63e-02	7.74e-02	1.01e-01	1.28e-01	4.53e-01	1.88e-01	2.41e-02
 4.61943e+22	1.27e-26	2.46e-18	4.35e-15	1.22e-12	8.15e-09	2.74e-06	2.09e-04	3.84e-03	2.93e-02	8.39e-02	1.06e-01	1.30e-01	4.47e-01	1.78e-01	2.21e-02
 4.63198e+22	1.60e-26	2.97e-18	5.10e-15	1.37e-12	9.27e-09	3.11e-06	2.35e-04	4.25e-03	3.18e-02	8.90e-02	1.10e-01	1.31e-01	4.41e-01	1.72e-01	2.07e-02
 4.64440e+22	2.15e-26	3.80e-18	6.24e-15	1.60e-12	1.09e-08	3.65e-06	2.73e-04	4.85e-03	3.52e-02	9.59e-02	1.15e-01	1.33e-01	4.34e-01	1.63e-01	1.90e-02
 4.65695e+22	2.69e-26	4.57e-18	7.29e-15	1.81e-12	1.24e-08	4.12e-06	3.05e-04	5.33e-03	3.80e-02	1.01e-01	1.18e-01	1.34e-01	4.28e-01	1.57e-01	1.78e-02
 4.66965e+22	3.61e-26	5.82e-18	8.91e-15	2.11e-12	1.46e-08	4.82e-06	3.53e-04	6.05e-03	4.19e-02	1.09e-01	1.23e-01	1.36e-01	4.19e-01	1.48e-01	1.63e-02
 4.68260e+22	4.53e-26	7.02e-18	1.04e-14	2.39e-12	1.65e-08	5.44e-06	3.94e-04	6.65e-03	4.51e-02	1.15e-01	1.27e-01	1.37e-01	4.13e-01	1.42e-01	1.52e-02
 4.69587e+22	6.10e-26	8.97e-18	1.28e-14	2.79e-12	1.94e-08	6.36e-06	4.55e-04	7.54e-03	4.97e-02	1.23e-01	1.32e-01	1.38e-01	4.03e-01	1.34e-01	1.38e-02
 4.70938e+22	1.21e-26	1.08e-17	1.50e-14	3.17e-12	2.19e-08	7.17e-06	5.08e-04	8.28e-03	5.34e-02	1.29e-01	1.35e-01	1.38e-01	3.95e-01	1.28e-01	1.28e-02
 4.72321e+22	1.64e-26	1.39e-17	1.84e-14	3.72e-12	2.57e-08	8.36e-06	5.86e-04	9.36e-03	5.86e-02	1.38e-01	1.40e-01	1.38e-01	3.84e-01	1.20e-01	1.16e-02
 4.73729e+22	2.09e-26	1.68e-17	2.17e-14	4.22e-12	2.92e-08	9.42e-06	6.53e-04	1.03e-02	6.28e-02	1.44e-01	1.43e-01	1.39e-01	3.75e-01	1.14e-01	1.07e-02
 4.75171e+22	2.86e-26	2.16e-17	2.68e-14	4.97e-12	3.42e-08	1.10e-05	7.52e-04	1.16e-02	6.88e-02	1.53e-01	1.48e-01	1.38e-01	3.63e-01	1.06e-01	9.65e-03
 4.76581e+22	3.56e-26	2.58e-17	3.11e-14	5.61e-12	3.83e-08	1.22e-05	8.28e-04	1.25e-02	7.30e-02	1.60e-01	1.50e-01	1.38e-01	3.55e-01	1.01e-01	8.98e-03
 4.77947e+22	4.79e-26	3.26e-17	3.78e-14	6.51e-12	4.42e-08	1.40e-05	9.41e-04	1.40e-02	7.92e-02	1.68e-01	1.54e-01	1.38e-01	3.43e-01	9.44e-02	8.09e-03
 4.79336e+22	5.97e-26	3.89e-17	4.40e-14	7.36e-12	4.95e-08	1.56e-05	1.03e-03	1.52e-02	8.39e-02	1.75e-01	1.57e-01	1.37e-01	3.34e-01	8.97e-02	7.49e-03
 4.80753e+22	8.00e-26	4.91e-17	5.35e-14	8.58e-12	5.72e-08	1.79e-05	1.17e-03	1.68e-02	9.06e-02	1.84e-01	1.60e-01	1.36e-01	3.22e-01	8.35e-02	6.74e-03
 4.82214e+22	1.02e-25	5.94e-17	6.29e-14	9.75e-12	6.43e-08	2.00e-05	1.29e-03	1.83e-02	9.63e-02	1.91e-01	1.62e-01	1.35e-01	3.12e-01	7.86e-02	6.18e-03
 4.83732e+22	1.37e-25	7.54e-17	7.71e-14	1.15e-11	7.45e-08	2.29e-05	1.46e-03	2.03e-02	1.04e-01	2.00e-01	1.64e-01	1.33e-01	2.99e-01	7.28e-02	5.52e-03
 4.85301e+22	1.77e-25	9.22e-17	9.15e-14	1.31e-11	8.43e-08	2.58e-05	1.62e-03	2.21e-02	1.10e-01	2.07e-01	1.66e-01	1.31e-01	2.88e-01	6.81e-02	5.02e-03
 4.86934e+22	2.43e-25	1.18e-16	1.13e-13	1.56e-11	9.81e-08	2.97e-05	1.84e-03	2.45e-02	1.18e-01	2.16e-01	1.68e-01	1.29e-01	2.75e-01	6.26e-02	4.44e-03
 4.88612e+22	3.17e-25	1.46e-16	1.36e-13	1.80e-11	1.11e-07	3.33e-05	2.04e-03	2.67e-02	1.26e-01	2.24e-01	1.69e-01	1.27e-01	2.63e-01	5.81e-02	4.01e-03
 4.90349e+22	4.40e-25	1.89e-16	1.69e-13	2.15e-11	1.30e-07	3.85e-05	2.32e-03	2.97e-02	1.35e-01	2.33e-01	1.71e-01	1.24e-01	2.49e-01	5.30e-02	3.51e-03
 4.92144e+22	5.81e-25	2.35e-16	2.04e-13	2.50e-11	1.48e-07	4.34e-05	2.58e-03	3.23e-02	1.43e-01	2.40e-01	1.71e-01	1.21e-01	2.38e-01	4.89e-02	3.14e-03
 4.94014e+22	8.18e-25	3.09e-16	2.58e-13	3.01e-11	1.75e-07	5.04e-05	2.93e-03	3.59e-02	1.53e-01	2.49e-01	1.71e-01	1.18e-01	2.23e-01	4.41e-02	2.72e-03
 4.95932e+22	1.09e-24	3.87e-16	3.14e-13	3.53e-11	2.00e-07	5.69e-05	3.26e-03	3.91e-02	1.62e-01	2.56e-01	1.71e-01	1.14e-01	2.11e-01	4.03e-02	2.41e-03
 4.97653e+22	1.44e-24	4.81e-16	3.80e-13	4.11e-11	2.28e-07	6.40e-05	3.61e-03	4.23e-02	1.71e-01	2.62e-01	1.70e-01	1.11e-01	2.00e-01	3.70e-02	2.14e-03
 4.99632e+22	2.07e-24	6.40e-16	4.85e-13	4.99e-11	2.68e-07	7.42e-05	4.11e-03	4.70e-02	1.83e-01	2.70e-01	1.69e-01	1.07e-01	1.85e-01	3.28e-02	1.81e-03
 5.01622e+22	2.72e-24	7.94e-16	5.85e-13	5.82e-11	3.04e-07	8.32e-05	4.53e-03	5.07e-02	1.91e-01	2.76e-01	1.68e-01	1.03e-01	1.75e-01	3.00e-02	1.61e-03
 5.03628e+22	3.89e-24	1.05e-15	7.44e-13	7.05e-11	3.57e-07	9.60e-05	5.13e-03	5.59e-02	2.03e-01	2.82e-01	1.65e-01	9.88e-02	1.61e-01	2.65e-02	1.36e-03
 5.05676e+22	5.19e-24	1.32e-15	9.05e-13	8.24e-11	4.06e-07	1.08e-04	5.66e-03	6.04e-02	2.13e-01	2.87e-01	1.63e-01	9.50e-02	1.51e-01	2.39e-02	1.18e-03
 5.07780e+22	7.50e-24	1.76e-15	1.16e-12	1.00e-10	4.76e-07	1.24e-04	6.40e-03	6.64e-02	2.25e-01	2.92e-01	1.60e-01	9.00e-02	1.38e-01	2.09e-02	9.89e-04
 5.09917e+22	1.01e-23	2.22e-15	1.41e-12	1.17e-10	5.41e-07	1.39e-04	7.05e-03	7.16e-02	2.35e-01	2.96e-01	1.57e-01	8.60e-02	1.28e-01	1.87e-02	8.53e-04
 5.12096e+22	1.47e-23	3.00e-15	1.82e-12	1.43e-10	6.34e-07	1.61e-04	7.97e-03	7.88e-02	2.48e-01	3.00e-01	1.52e-01	8.09e-02	1.16e-01	1.61e-02	7.00e-04
 5.14155e+22	1.90e-23	3.65e-15	2.16e-12	1.64e-10	7.05e-07	1.77e-04	8.63e-03	8.37e-02	2.56e-01	3.02e-01	1.49e-01	7.74e-02	1.08e-01	1.45e-02	6.14e-04
 5.16060e+22	2.64e-23	4.74e-15	2.69e-12	1.94e-10	8.04e-07	1.99e-04	9.56e-03	9.06e-02	2.67e-01	3.04e-01	1.45e-01	7.30e-02	9.84e-02	1.27e-02	5.13e-04
 5.17980e+22	3.40e-23	5.78e-15	3.18e-12	2.22e-10	8.94e-07	2.18e-04	1.03e-02	9.61e-02	2.75e-01	3.04e-01	1.41e-01	6.96e-02	9.15e-02	1.14e-02	4.47e-04
 5.19921e+22	4.77e-23	7.54e-15	3.97e-12	2.63e-10	1.02e-06	2.45e-04	1.14e-02	1.04e-01	2.86e-01	3.05e-01	1.36e-01	6.52e-02	8.26e-02	9.86e-03	3.69e-04
 5.21879e+22	6.18e-23	9.26e-15	4.71e-12	3.00e-10	1.12e-06	2.68e-04	1.23e-02	1.10e-01	2.94e-01	3.04e-01	1.32e-01	6.19e-02	7.63e-02	8.80e-03	3.18e-04
 5.23860e+22	8.70e-23	1.21e-14	5.88e-12	3.55e-10	1.28e-06	3.00e-04	1.36e-02	1.19e-01	3.04e-01	3.03e-01	1.26e-01	5.76e-02	6.84e-02	7.53e-03	2.60e-04
 5.25869e+22	1.14e-22	1.50e-14	7.02e-12	4.07e-10	1.41e-06	3.29e-04	1.47e-02	1.26e-01	3.11e-01	3.02e-01	1.22e-01	5.44e-02	6.28e-02	6.66e-03	2.22e-04
 5.27913e+22	1.62e-22	1.98e-14	8.82e-12	4.84e-10	1.60e-06	3.68e-04	1.62e-02	1.35e-01	3.21e-01	2.99e-01	1.16e-01	5.03e-02	5.57e-02	5.63e-03	1.79e-04
 5.29985e+22	2.13e-22	2.47e-14	1.06e-11	5.55e-10	1.77e-06	4.02e-04	1.75e-02	1.43e-01	3.28e-01	2.96e-01	1.11e-01	4.72e-02	5.08e-02	4.94e-03	1.51e-04
 5.32092e+22	3.07e-22	3.30e-14	1.34e-11	6.63e-10	2.01e-06	4.50e-04	1.92e-02	1.54e-01	3.37e-01	2.92e-01	1.05e-01	4.33e-02	4.46e-02	4.12e-03	1.20e-04
 5.34244e+22	4.11e-22	4.16e-14	1.61e-11	7.65e-10	2.22e-06	4.93e-04	2.08e-02	1.63e-01	3.44e-01	2.87e-01	1.00e-01	4.03e-02	4.02e-02	3.56e-03	9.93e-05
 5.36454e+22	6.03e-22	5.66e-14	2.07e-11	9.22e-10	2.53e-06	5.53e-04	2.29e-02	1.76e-01	3.52e-01	2.81e-01	9.34e-02	3.66e-02	3.49e-02	2.93e-03	7.73e-05
 5.38709e+22	8.22e-22	7.25e-14	2.52e-11	1.07e-09	2.81e-06	6.06e-04	2.47e-02	1.86e-01	3.58e-01	2.75e-01	8.82e-02	3.38e-02	3.10e-02	2.49e-03	6.30e-05
 5.40950e+22	1.20e-21	9.87e-14	3.23e-11	1.29e-09	3.20e-06	6.78e-04	2.72e-02	2.00e-01	3.64e-01	2.67e-01	8.17e-02	3.05e-02	2.68e-02	2.03e-03	4.86e-05
 5.43079e+22	1.59e-21	1.23e-13	3.86e-11	1.48e-09	3.52e-06	7.36e-04	2.91e-02	2.10e-01	3.68e-01	2.61e-01	7.73e-02	2.83e-02	2.40e-02	1.75e-03	4.03e-05
 5.45135e+22	2.28e-21	1.66e-13	4.90e-11	1.78e-09	3.98e-06	8.18e-04	3.17e-02	2.24e-01	3.73e-01	2.52e-01	7.14e-02	2.56e-02	2.07e-02	1.43e-03	3.13e-05
 5.47229e+22	3.06e-21	2.11e-13	5.93e-11	2.06e-09	4.41e-06	8.90e-04	3.40e-02	2.35e-01	3.75e-01	2.44e-01	6.69e-02	2.36e-02	1.84e-02	1.22e-03	2.55e-05
 5.49286e+22	4.37e-21	2.82e-13	7.48e-11	2.46e-09	4.99e-06	9.87e-04	3.69e-02	2.50e-01	3.78e-01	2.35e-01	6.16e-02	2.13e-02	1.59e-02	9.99e-04	1.99e-05
 5.51385e+22	5.96e-21	3.64e-13	9.18e-11	2.89e-09	5.57e-06	1.08e-03	3.97e-02	2.63e-01	3.79e-01	2.26e-01	5.71e-02	1.94e-02	1.39e-02	8.38e-04	1.59e-05
 5.53430e+22	8.39e-21	4.84e-13	1.15e-10	3.45e-09	6.31e-06	1.19e-03	4.29e-02	2.77e-01	3.80e-01	2.16e-01	5.24e-02	1.75e-02	1.20e-02	6.87e-04	1.24e-05
 5.55518e+22	1.16e-20	6.34e-13	1.43e-10	4.10e-09	7.12e-06	1.32e-03	4.62e-02	2.92e-01	3.79e-01	2.07e-01	4.82e-02	1.58e-02	1.04e-02	5.68e-04	9.81e-06
 5.57585e+22	1.63e-20	8.41e-13	1.80e-10	4.91e-09	8.09e-06	1.45e-03	4.98e-02	3.07e-01	3.78e-01	1.97e-01	4.40e-02	1.42e-02	8.97e-03	4.66e-04	7.65e-06
 5.59663e+22	2.27e-20	1.11e-12	2.25e-10	5.88e-09	9.19e-06	1.61e-03	5.36e-02	3.21e-01	3.76e-01	1.87e-01	4.01e-02	1.28e-02	7.72e-03	3.82e-04	5.98e-06
 5.61717e+22	3.16e-20	1.47e-12	2.82e-10	7.07e-09	1.05e-05	1.78e-03	5.77e-02	3.37e-01	3.72e-01	1.77e-01	3.65e-02	1.15e-02	6.64e-03	3.13e-04	4.67e-06
 5.63767e+22	4.40e-20	1.94e-12	3.53e-10	8.51e-09	1.20e-05	1.97e-03	6.20e-02	3.52e-01	3.68e-01	1.67e-01	3.31e-02	1.03e-02	5.69e-03	2.55e-04	3.64e-06
 5.65821e+22	6.14e-20	2.56e-12	4.44e-10	1.03e-08	1.37e-05	2.18e-03	6.66e-02	3.67e-01	3.63e-01	1.57e-01	2.99e-02	9.21e-03	4.86e-03	2.08e-04	2.82e-06
 5.67883e+22	8.55e-20	3.39e-12	5.59e-10	1.24e-08	1.58e-05	2.41e-03	7.15e-02	3.82e-01	3.57e-01	1.47e-01	2.70e-02	8.21e-03	4.15e-03	1.69e-04	2.19e-06
 5.69957e+22	1.19e-19	4.49e-12	7.04e-10	1.51e-08	1.82e-05	2.68e-03	7.67e-02	3.97e-01	3.50e-01	1.38e-01	2.43e-02	7.30e-03	3.53e-03	1.37e-04	1.69e-06
 5.72050e+22	1.66e-19	5.95e-12	8.89e-10	1.84e-08	2.10e-05	2.97e-03	8.23e-02	4.12e-01	3.43e-01	1.28e-01	2.17e-02	6.47e-03	2.99e-03	1.11e-04	1.30e-06
 5.74169e+22	2.32e-19	7.89e-12	1.12e-09	2.24e-08	2.43e-05	3.30e-03	8.82e-02	4.27e-01	3.34e-01	1.19e-01	1.94e-02	5.72e-03	2.52e-03	8.88e-05	9.94e-07
 5.76297e+22	3.23e-19	1.04e-11	1.42e-09	2.74e-08	2.81e-05	3.66e-03	9.43e-02	4.41e-01	3.26e-01	1.11e-01	1.73e-02	5.05e-03	2.13e-03	7.14e-05	7.62e-07
 5.78461e+22	4.54e-19	1.38e-11	1.80e-09	3.36e-08	3.27e-05	4.08e-03	1.01e-01	4.55e-01	3.16e-01	1.02e-01	1.54e-02	4.43e-03	1.78e-03	5.69e-05	5.78e-07
 5.80649e+22	6.31e-19	1.83e-11	2.28e-09	4.12e-08	3.79e-05	4.53e-03	1.08e-01	4.68e-01	3.06e-01	9.44e-02	1.36e-02	3.89e-03	1.50e-03	4.55e-05	4.40e-07
 5.82880e+22	8.89e-19	2.43e-11	2.91e-09	5.09e-08	4.43e-05	5.05e-03	1.15e-01	4.82e-01	2.95e-01	8.65e-02	1.20e-02	3.39e-03	1.24e-03	3.59e-05	3.30e-07
 5.84956e+22	1.17e-18	3.06e-11	3.53e-09	6.03e-08	5.02e-05	5.51e-03	1.22e-01	4.91e-01	2.86e-01	8.06e-02	1.08e-02	3.03e-03	1.07e-03	2.96e-05	2.61e-07
 5.87093e+22	1.66e-18	4.10e-11	4.54e-09	7.52e-08	5.91e-05	6.16e-03	1.30e-01	5.04e-01	2.74e-01	7.33e-02	9.41e-03	2.61e-03	8.77e-04	2.30e-05	1.93e-07
 5.89265e+22	2.20e-18	5.15e-11	5.53e-09	8.93e-08	6.71e-05	6.72e-03	1.37e-01	5.12e-01	2.64e-01	6.80e-02	8.45e-03	2.32e-03	7.51e-04	1.89e-05	1.52e-07
 5.91486e+22	2.26e-17	6.93e-11	7.15e-09	1.12e-07	7.92e-05	7.52e-03	1.46e-01	5.23e-01	2.52e-01	6.14e-02	7.30e-03	1.98e-03	6.10e-04	1.45e-05	0.00e+00
 5.93719e+22	3.22e-17	8.63e-11	8.65e-09	1.33e-07	8.97e-05	8.18e-03	1.54e-01	5.30e-01	2.42e-01	5.69e-02	6.56e-03	1.76e-03	5.22e-04	1.19e-05	0.00e+00
 5.95966e+22	5.15e-17	1.15e-10	1.11e-08	1.66e-07	1.06e-04	9.13e-03	1.63e-01	5.39e-01	2.30e-01	5.13e-02	5.66e-03	1.50e-03	4.24e-04	9.18e-06	0.00e+00
 5.98227e+22	7.59e-17	1.43e-10	1.34e-08	1.96e-07	1.19e-04	9.91e-03	1.71e-01	5.44e-01	2.21e-01	4.73e-02	5.07e-03	1.33e-03	3.62e-04	7.51e-06	0.00e+00
 6.00505e+22	1.29e-16	1.88e-10	1.72e-08	2.44e-07	1.40e-04	1.10e-02	1.81e-01	5.51e-01	2.09e-01	4.26e-02	4.37e-03	1.13e-03	2.93e-04	5.77e-06	0.00e+00
 6.02801e+22	2.03e-16	2.33e-10	2.07e-08	2.89e-07	1.59e-04	1.19e-02	1.90e-01	5.54e-01	1.99e-01	3.92e-02	3.90e-03	1.00e-03	2.50e-04	4.71e-06	0.00e+00
 6.05123e+22	3.73e-16	3.06e-10	2.64e-08	3.59e-07	1.86e-04	1.33e-02	2.00e-01	5.59e-01	1.88e-01	3.52e-02	3.36e-03	8.51e-04	2.02e-04	3.61e-06	0.00e+00
 6.07474e+22	6.41e-16	3.77e-10	3.18e-08	4.25e-07	2.10e-04	1.44e-02	2.09e-01	5.61e-01	1.79e-01	3.23e-02	2.99e-03	7.49e-04	1.71e-04	2.93e-06	0.00e+00
 6.09862e+22	1.15e-15	4.94e-10	4.05e-08	5.28e-07	2.46e-04	1.59e-02	2.20e-01	5.63e-01	1.68e-01	2.89e-02	2.56e-03	6.33e-04	1.38e-04	2.23e-06	0.00e+00
 6.12290e+22	1.64e-15	6.08e-10	4.90e-08	6.26e-07	2.79e-04	1.72e-02	2.29e-01	5.64e-01	1.59e-01	2.64e-02	2.27e-03	5.55e-04	1.16e-04	1.80e-06	0.00e+00
 6.14768e+22	2.28e-15	7.96e-10	6.25e-08	7.81e-07	3.27e-04	1.91e-02	2.42e-01	5.64e-01	1.49e-01	2.35e-02	1.94e-03	4.66e-04	9.29e-05	1.36e-06	0.00e+00
 6.17299e+22	2.86e-15	9.83e-10	7.57e-08	9.29e-07	3.71e-04	2.07e-02	2.51e-01	5.63e-01	1.41e-01	2.14e-02	1.71e-03	4.06e-04	7.79e-05	1.09e-06	0.00e+00
 6.19897e+22	3.82e-15	1.29e-09	9.70e-08	1.16e-06	4.37e-04	2.30e-02	2.64e-01	5.61e-01	1.31e-01	1.90e-02	1.45e-03	3.38e-04	6.18e-05	8.18e-07	0.00e+00
 6.22559e+22	4.76e-15	1.60e-09	1.18e-07	1.39e-06	4.97e-04	2.49e-02	2.74e-01	5.59e-01	1.23e-01	1.72e-02	1.28e-03	2.93e-04	5.14e-05	6.50e-07	0.00e+00
 6.24802e+22	5.78e-15	1.93e-09	1.40e-07	1.63e-06	5.56e-04	2.67e-02	2.83e-01	5.56e-01	1.16e-01	1.58e-02	1.14e-03	2.58e-04	4.37e-05	5.30e-07	0.00e+00
 6.27217e+22	7.43e-15	2.45e-09	1.75e-07	1.99e-06	6.43e-04	2.93e-02	2.95e-01	5.51e-01	1.08e-01	1.41e-02	9.77e-04	2.18e-04	3.53e-05	4.06e-07	0.00e+00
 6.29666e+22	8.98e-15	2.95e-09	2.08e-07	2.33e-06	7.20e-04	3.14e-02	3.05e-01	5.47e-01	1.02e-01	1.29e-02	8.67e-04	1.91e-04	2.99e-05	3.30e-07	0.00e+00
 6.31786e+22	1.07e-14	3.52e-09	2.45e-07	2.71e-06	8.02e-04	3.35e-02	3.14e-01	5.43e-01	9.67e-02	1.19e-02	7.75e-04	1.68e-04	2.55e-05	2.70e-07	0.00e+00
 6.34167e+22	1.36e-14	4.42e-09	3.03e-07	3.30e-06	9.22e-04	3.65e-02	3.25e-01	5.36e-01	8.98e-02	1.06e-02	6.67e-04	1.43e-04	2.07e-05	2.08e-07	0.00e+00
 6.36539e+22	1.62e-14	5.23e-09	3.54e-07	3.80e-06	1.02e-03	3.89e-02	3.34e-01	5.31e-01	8.50e-02	9.76e-03	5.99e-04	1.27e-04	1.77e-05	1.72e-07	0.00e+00
 6.38900e+22	2.02e-14	6.51e-09	4.35e-07	4.59e-06	1.17e-03	4.22e-02	3.45e-01	5.23e-01	7.89e-02	8.73e-03	5.17e-04	1.07e-04	1.44e-05	1.33e-07	0.00e+00
 6.41293e+22	2.41e-14	7.71e-09	5.10e-07	5.31e-06	1.29e-03	4.49e-02	3.54e-01	5.17e-01	7.45e-02	8.03e-03	4.62e-04	9.49e-05	1.23e-05	0.00e+00	0.00e+00
 6.43727e+22	3.02e-14	9.61e-09	6.28e-07	6.43e-06	1.48e-03	4.87e-02	3.66e-01	5.08e-01	6.88e-02	7.17e-03	3.98e-04	8.03e-05	1.00e-05	0.00e+00	0.00e+00
 6.46204e+22	3.62e-14	1.14e-08	7.37e-07	7.43e-06	1.64e-03	5.18e-02	3.74e-01	5.00e-01	6.48e-02	6.57e-03	3.55e-04	7.07e-05	8.52e-06	0.00e+00	0.00e+00
 6.48736e+22	4.54e-14	1.43e-08	9.12e-07	9.06e-06	1.89e-03	5.63e-02	3.86e-01	4.90e-01	5.96e-02	5.83e-03	3.03e-04	5.94e-05	6.85e-06	0.00e+00	0.00e+00
 6.51306e+22	5.46e-14	1.70e-08	1.07e-06	1.05e-05	2.09e-03	5.99e-02	3.95e-01	4.82e-01	5.59e-02	5.34e-03	2.70e-04	5.21e-05	5.81e-06	0.00e+00	0.00e+00
 6.53925e+22	6.89e-14	2.13e-08	1.33e-06	1.28e-05	2.41e-03	6.50e-02	4.06e-01	4.70e-01	5.12e-02	4.72e-03	2.30e-04	4.36e-05	4.64e-06	0.00e+00	0.00e+00
 6.56606e+22	8.34e-14	2.55e-08	1.58e-06	1.50e-05	2.68e-03	6.92e-02	4.15e-01	4.61e-01	4.78e-02	4.29e-03	2.03e-04	3.79e-05	3.89e-06	0.00e+00	0.00e+00
 6.59367e+22	1.06e-13	3.21e-08	1.96e-06	1.83e-05	3.09e-03	7.52e-02	4.26e-01	4.48e-01	4.35e-02	3.78e-03	1.71e-04	3.15e-05	3.09e-06	0.00e+00	0.00e+00
 6.62202e+22	1.30e-13	3.87e-08	2.35e-06	2.16e-05	3.46e-03	8.02e-02	4.35e-01	4.37e-01	4.04e-02	3.41e-03	1.50e-04	2.71e-05	2.57e-06	0.00e+00	0.00e+00
 6.65134e+22	1.67e-13	4.91e-08	2.95e-06	2.66e-05	4.01e-03	8.72e-02	4.46e-01	4.23e-01	3.65e-02	2.98e-03	1.26e-04	2.23e-05	2.01e-06	0.00e+00	0.00e+00
 6.68090e+22	2.04e-13	5.92e-08	3.51e-06	3.12e-05	4.47e-03	9.28e-02	4.54e-01	4.12e-01	3.38e-02	2.70e-03	1.10e-04	1.92e-05	1.67e-06	0.00e+00	0.00e+00
 6.71079e+22	2.63e-13	7.51e-08	4.42e-06	3.86e-05	5.18e-03	1.01e-01	4.64e-01	3.97e-01	3.04e-02	2.35e-03	9.17e-05	1.58e-05	1.30e-06	0.00e+00	0.00e+00
 6.74099e+22	3.24e-13	9.07e-08	5.27e-06	4.52e-05	5.77e-03	1.07e-01	4.71e-01	3.86e-01	2.81e-02	2.12e-03	8.01e-05	1.36e-05	1.08e-06	0.00e+00	0.00e+00
 6.77157e+22	4.17e-13	1.15e-07	6.63e-06	5.61e-05	6.69e-03	1.16e-01	4.80e-01	3.70e-01	2.51e-02	1.84e-03	6.64e-05	1.10e-05	8.33e-07	0.00e+00	0.00e+00
 6.80265e+22	5.18e-13	1.39e-07	7.93e-06	6.57e-05	7.46e-03	1.23e-01	4.87e-01	3.58e-01	2.31e-02	1.65e-03	5.78e-05	9.46e-06	6.87e-07	0.00e+00	0.00e+00
 6.83437e+22	6.72e-13	1.77e-07	1.00e-05	8.17e-05	8.65e-03	1.34e-01	4.94e-01	3.41e-01	2.05e-02	1.42e-03	4.76e-05	7.66e-06	5.26e-07	0.00e+00	0.00e+00
 6.86576e+22	8.29e-13	2.13e-07	1.19e-05	9.53e-05	9.59e-03	1.41e-01	4.99e-01	3.30e-01	1.89e-02	1.28e-03	4.14e-05	6.58e-06	4.36e-07	0.00e+00	0.00e+00
 6.89127e+22	9.89e-13	2.50e-07	1.39e-05	1.10e-04	1.06e-02	1.48e-01	5.03e-01	3.19e-01	1.74e-02	1.16e-03	3.64e-05	5.71e-06	3.65e-07	0.00e+00	0.00e+00
