#depth	H	H+	H2
 4.62852e+21	2.68e-06	1.00e+00	1.38e-29
 1.03449e+22	4.74e-06	1.00e+00	3.81e-29
 1.19326e+22	6.20e-06	1.00e+00	6.20e-29
 1.26823e+22	7.07e-06	1.00e+00	7.81e-29
 1.30134e+22	7.38e-06	1.00e+00	8.78e-29
 1.32002e+22	7.79e-06	1.00e+00	9.92e-29
 1.34015e+22	8.18e-06	1.00e+00	1.12e-28
 1.36217e+22	8.72e-06	1.00e+00	1.31e-28
 1.38426e+22	9.15e-06	1.00e+00	1.50e-28
 1.40642e+22	9.75e-06	1.00e+00	1.78e-28
 1.42886e+22	1.02e-05	1.00e+00	2.07e-28
 1.45166e+22	1.09e-05	1.00e+00	2.52e-28
 1.47498e+22	1.14e-05	1.00e+00	2.98e-28
 1.49899e+22	1.22e-05	1.00e+00	3.74e-28
 1.52351e+22	1.28e-05	1.00e+00	4.51e-28
 1.54431e+22	1.34e-05	1.00e+00	5.36e-28
 1.56368e+22	1.40e-05	1.00e+00	6.35e-28
 1.58555e+22	1.49e-05	1.00e+00	7.95e-28
 1.60723e+22	1.55e-05	1.00e+00	9.41e-28
 1.62867e+22	1.64e-05	1.00e+00	1.18e-27
 1.65031e+22	1.71e-05	1.00e+00	1.40e-27
 1.67220e+22	1.81e-05	1.00e+00	1.77e-27
 1.69433e+22	1.88e-05	1.00e+00	2.13e-27
 1.71679e+22	1.99e-05	1.00e+00	2.70e-27
 1.73954e+22	2.08e-05	1.00e+00	3.26e-27
 1.76267e+22	2.20e-05	1.00e+00	4.18e-27
 1.78617e+22	2.30e-05	1.00e+00	5.08e-27
 1.81016e+22	2.44e-05	1.00e+00	6.56e-27
 1.83460e+22	2.55e-05	1.00e+00	8.03e-27
 1.85965e+22	2.70e-05	1.00e+00	1.05e-26
 1.88518e+22	2.83e-05	1.00e+00	1.29e-26
 1.91135e+22	3.01e-05	1.00e+00	1.70e-26
 1.93767e+22	3.15e-05	1.00e+00	2.10e-26
 1.96421e+22	3.35e-05	1.00e+00	2.76e-26
 1.98980e+22	3.49e-05	1.00e+00	3.34e-26
 2.01416e+22	3.69e-05	1.00e+00	4.29e-26
 2.03759e+22	3.84e-05	1.00e+00	5.12e-26
 2.05981e+22	4.02e-05	1.00e+00	6.35e-26
 2.08305e+22	4.19e-05	1.00e+00	7.70e-26
 2.10420e+22	4.38e-05	1.00e+00	9.30e-26
 2.12827e+22	4.60e-05	1.00e+00	1.17e-25
 2.15310e+22	4.81e-05	1.00e+00	1.44e-25
 2.17501e+22	5.01e-05	1.00e+00	1.73e-25
 2.19955e+22	5.28e-05	1.00e+00	2.20e-25
 2.22475e+22	5.52e-05	1.00e+00	2.69e-25
 2.25083e+22	5.82e-05	1.00e+00	3.43e-25
 2.27806e+22	6.11e-05	1.00e+00	4.28e-25
 2.30235e+22	6.38e-05	1.00e+00	5.23e-25
 2.32948e+22	6.75e-05	1.00e+00	6.79e-25
 2.35712e+22	7.07e-05	1.00e+00	8.38e-25
 2.38544e+22	7.49e-05	1.00e+00	1.09e-24
 2.41430e+22	7.86e-05	1.00e+00	1.36e-24
 2.43999e+22	8.23e-05	1.00e+00	1.69e-24
 2.46952e+22	8.73e-05	1.00e+00	2.21e-24
 2.49966e+22	9.18e-05	1.00e+00	2.78e-24
 2.53059e+22	9.76e-05	1.00e+00	3.69e-24
 2.56143e+22	1.02e-04	1.00e+00	4.61e-24
 2.59213e+22	1.09e-04	1.00e+00	6.12e-24
 2.62374e+22	1.15e-04	1.00e+00	7.75e-24
 2.64937e+22	1.20e-04	1.00e+00	9.43e-24
 2.67204e+22	1.24e-04	1.00e+00	1.13e-23
 2.69802e+22	1.30e-04	1.00e+00	1.41e-23
 2.72562e+22	1.36e-04	1.00e+00	1.74e-23
 2.75118e+22	1.43e-04	1.00e+00	2.14e-23
 2.78028e+22	1.51e-04	1.00e+00	2.80e-23
 2.80951e+22	1.58e-04	1.00e+00	3.45e-23
 2.83889e+22	1.67e-04	1.00e+00	4.47e-23
 2.86906e+22	1.75e-04	1.00e+00	5.60e-23
 2.89577e+22	1.84e-04	1.00e+00	6.91e-23
 2.92601e+22	1.94e-04	1.00e+00	9.01e-23
 2.95723e+22	2.04e-04	1.00e+00	1.14e-22
 2.98520e+22	2.14e-04	1.00e+00	1.42e-22
 3.01704e+22	2.27e-04	1.00e+00	1.88e-22
 3.04978e+22	2.39e-04	1.00e+00	2.39e-22
 3.07894e+22	2.52e-04	1.00e+00	3.01e-22
 3.11208e+22	2.68e-04	1.00e+00	4.02e-22
 3.14609e+22	2.82e-04	1.00e+00	5.03e-22
 3.17617e+22	2.97e-04	1.00e+00	6.37e-22
 3.21021e+22	3.16e-04	1.00e+00	8.59e-22
 3.24514e+22	3.35e-04	1.00e+00	1.11e-21
 3.27603e+22	3.52e-04	1.00e+00	1.42e-21
 3.31099e+22	3.76e-04	1.00e+00	1.93e-21
 3.34700e+22	3.98e-04	1.00e+00	2.54e-21
 3.37900e+22	4.20e-04	1.00e+00	3.26e-21
 3.41520e+22	4.49e-04	1.00e+00	4.51e-21
 3.45246e+22	4.76e-04	1.00e+00	5.99e-21
 3.48575e+22	5.03e-04	9.99e-01	7.85e-21
 3.52372e+22	5.40e-04	9.99e-01	1.12e-20
 3.56238e+22	5.73e-04	9.99e-01	1.50e-20
 3.59586e+22	6.05e-04	9.99e-01	1.98e-20
 3.63328e+22	6.49e-04	9.99e-01	2.83e-20
 3.66942e+22	6.83e-04	9.99e-01	3.71e-20
 3.70390e+22	7.27e-04	9.99e-01	5.18e-20
 3.73876e+22	7.67e-04	9.99e-01	6.98e-20
 3.76940e+22	8.07e-04	9.99e-01	9.14e-20
 3.80451e+22	8.59e-04	9.99e-01	1.32e-19
 3.84063e+22	9.08e-04	9.99e-01	1.86e-19
 3.87286e+22	9.57e-04	9.99e-01	2.52e-19
 3.90957e+22	1.02e-03	9.99e-01	3.75e-19
 3.94655e+22	1.08e-03	9.99e-01	5.48e-19
 3.97544e+22	1.13e-03	9.99e-01	7.32e-19
 4.00452e+22	1.19e-03	9.99e-01	1.01e-18
 4.03442e+22	1.24e-03	9.99e-01	1.45e-18
 4.06131e+22	1.29e-03	9.99e-01	2.06e-18
 4.09219e+22	1.37e-03	9.99e-01	3.19e-18
 4.12324e+22	1.43e-03	9.99e-01	4.95e-18
 4.15037e+22	1.49e-03	9.99e-01	7.35e-18
 4.18149e+22	1.58e-03	9.98e-01	1.62e-17
 4.21279e+22	1.65e-03	9.98e-01	2.91e-17
 4.24429e+22	1.74e-03	9.98e-01	7.20e-17
 4.27615e+22	1.82e-03	9.98e-01	1.70e-16
 4.30848e+22	1.92e-03	9.98e-01	5.13e-16
 4.34137e+22	2.01e-03	9.98e-01	2.50e-15
 4.37500e+22	2.13e-03	9.98e-01	1.16e-14
 4.39876e+22	2.16e-03	9.98e-01	9.30e-14
 4.40969e+22	2.21e-03	9.98e-01	1.43e-13
 4.42390e+22	2.26e-03	9.98e-01	1.80e-13
 4.44237e+22	2.33e-03	9.98e-01	2.14e-13
 4.46638e+22	2.43e-03	9.98e-01	2.78e-13
 4.49760e+22	2.57e-03	9.97e-01	3.79e-13
 4.53097e+22	2.68e-03	9.97e-01	4.66e-13
 4.56715e+22	2.85e-03	9.97e-01	6.26e-13
 4.60403e+22	3.00e-03	9.97e-01	7.89e-13
 4.64181e+22	3.19e-03	9.97e-01	1.02e-12
 4.67532e+22	3.31e-03	9.97e-01	1.23e-12
 4.70328e+22	3.48e-03	9.97e-01	1.47e-12
 4.73150e+22	3.60e-03	9.96e-01	1.71e-12
 4.76007e+22	3.77e-03	9.96e-01	2.02e-12
 4.78939e+22	3.93e-03	9.96e-01	2.34e-12
 4.81571e+22	4.08e-03	9.96e-01	2.68e-12
 4.84592e+22	4.28e-03	9.96e-01	3.16e-12
 4.87670e+22	4.45e-03	9.96e-01	3.63e-12
 4.90823e+22	4.68e-03	9.95e-01	4.28e-12
 4.94011e+22	4.88e-03	9.95e-01	4.91e-12
 4.96285e+22	5.00e-03	9.95e-01	5.34e-12
 4.97829e+22	5.09e-03	9.95e-01	5.65e-12
 4.99382e+22	5.22e-03	9.95e-01	6.12e-12
 5.01402e+22	5.38e-03	9.95e-01	6.74e-12
 5.04027e+22	5.61e-03	9.94e-01	7.68e-12
 5.06580e+22	5.78e-03	9.94e-01	8.47e-12
 5.08602e+22	5.94e-03	9.94e-01	9.23e-12
 5.10795e+22	6.14e-03	9.94e-01	1.02e-11
 5.13246e+22	6.35e-03	9.94e-01	1.13e-11
 5.16030e+22	6.63e-03	9.93e-01	1.29e-11
 5.18972e+22	6.88e-03	9.93e-01	1.45e-11
 5.22118e+22	7.22e-03	9.93e-01	1.68e-11
 5.25631e+22	7.56e-03	9.92e-01	1.94e-11
 5.29619e+22	8.07e-03	9.92e-01	2.35e-11
 5.33524e+22	8.42e-03	9.92e-01	2.69e-11
 5.37321e+22	8.91e-03	9.91e-01	3.18e-11
 5.41273e+22	9.35e-03	9.91e-01	3.68e-11
 5.45427e+22	9.99e-03	9.90e-01	4.46e-11
 5.49589e+22	1.05e-02	9.90e-01	5.14e-11
 5.53761e+22	1.12e-02	9.89e-01	6.23e-11
 5.58000e+22	1.17e-02	9.88e-01	7.23e-11
 5.62327e+22	1.26e-02	9.87e-01	8.86e-11
 5.66750e+22	1.33e-02	9.87e-01	1.05e-10
 5.71299e+22	1.44e-02	9.86e-01	1.30e-10
 5.75360e+22	1.50e-02	9.85e-01	1.50e-10
 5.78786e+22	1.60e-02	9.84e-01	1.79e-10
 5.82292e+22	1.68e-02	9.83e-01	2.07e-10
 5.85904e+22	1.80e-02	9.82e-01	2.53e-10
 5.89514e+22	1.91e-02	9.81e-01	2.99e-10
 5.92618e+22	2.03e-02	9.80e-01	3.49e-10
 5.96149e+22	2.20e-02	9.78e-01	4.37e-10
 5.99733e+22	2.36e-02	9.76e-01	5.30e-10
 6.02867e+22	2.54e-02	9.75e-01	6.45e-10
 6.06420e+22	2.80e-02	9.72e-01	8.30e-10
 6.10120e+22	3.08e-02	9.69e-01	1.07e-09
 6.13398e+22	3.39e-02	9.66e-01	1.37e-09
 6.17046e+22	3.86e-02	9.61e-01	1.88e-09
 6.20757e+22	4.40e-02	9.56e-01	2.59e-09
 6.23644e+22	4.90e-02	9.51e-01	3.37e-09
 6.26118e+22	5.47e-02	9.45e-01	4.38e-09
 6.28959e+22	6.30e-02	9.37e-01	6.10e-09
 6.31077e+22	6.89e-02	9.31e-01	7.45e-09
 6.31855e+22	7.15e-02	9.28e-01	8.11e-09
 6.32423e+22	7.40e-02	9.26e-01	8.79e-09
 6.33078e+22	7.68e-02	9.23e-01	9.55e-09
 6.33827e+22	8.02e-02	9.20e-01	1.05e-08
 6.34606e+22	8.39e-02	9.16e-01	1.17e-08
 6.35339e+22	8.77e-02	9.12e-01	1.30e-08
 6.36021e+22	9.13e-02	9.09e-01	1.42e-08
 6.36711e+22	9.56e-02	9.04e-01	1.57e-08
 6.37397e+22	9.97e-02	9.00e-01	1.73e-08
 6.38062e+22	1.04e-01	8.96e-01	1.90e-08
 6.38730e+22	1.09e-01	8.91e-01	2.10e-08
 6.39380e+22	1.14e-01	8.86e-01	2.33e-08
 6.40005e+22	1.19e-01	8.81e-01	2.55e-08
 6.40639e+22	1.24e-01	8.76e-01	2.84e-08
 6.41259e+22	1.30e-01	8.70e-01	3.11e-08
 6.41867e+22	1.36e-01	8.64e-01	3.44e-08
 6.42483e+22	1.42e-01	8.58e-01	3.83e-08
 6.43060e+22	1.48e-01	8.52e-01	4.22e-08
 6.43615e+22	1.54e-01	8.46e-01	4.59e-08
 6.44211e+22	1.62e-01	8.38e-01	5.12e-08
 6.44813e+22	1.70e-01	8.30e-01	5.70e-08
 6.45358e+22	1.77e-01	8.23e-01	6.27e-08
 6.45886e+22	1.84e-01	8.16e-01	6.82e-08
 6.46458e+22	1.93e-01	8.07e-01	7.61e-08
 6.47037e+22	2.02e-01	7.98e-01	8.48e-08
 6.47559e+22	2.10e-01	7.90e-01	9.33e-08
 6.48066e+22	2.19e-01	7.81e-01	1.01e-07
 6.48623e+22	2.29e-01	7.71e-01	1.13e-07
 6.49191e+22	2.40e-01	7.60e-01	1.26e-07
 6.49701e+22	2.49e-01	7.51e-01	1.39e-07
 6.50192e+22	2.59e-01	7.41e-01	1.52e-07
 6.50707e+22	2.69e-01	7.31e-01	1.66e-07
 6.51271e+22	2.82e-01	7.18e-01	1.86e-07
 6.51833e+22	2.94e-01	7.06e-01	2.05e-07
 6.52355e+22	3.06e-01	6.94e-01	2.26e-07
 6.52876e+22	3.19e-01	6.81e-01	2.50e-07
 6.53390e+22	3.30e-01	6.70e-01	2.73e-07
 6.53920e+22	3.44e-01	6.56e-01	3.04e-07
 6.54452e+22	3.57e-01	6.43e-01	3.33e-07
 6.54985e+22	3.71e-01	6.29e-01	3.68e-07
 6.55532e+22	3.85e-01	6.15e-01	4.07e-07
 6.56062e+22	3.99e-01	6.01e-01	4.47e-07
 6.56594e+22	4.13e-01	5.87e-01	4.91e-07
 6.57147e+22	4.28e-01	5.72e-01	5.41e-07
 6.57714e+22	4.43e-01	5.57e-01	5.94e-07
 6.58296e+22	4.59e-01	5.41e-01	6.58e-07
 6.58874e+22	4.74e-01	5.26e-01	7.23e-07
 6.59447e+22	4.89e-01	5.11e-01	7.92e-07
 6.60045e+22	5.05e-01	4.95e-01	8.70e-07
 6.60667e+22	5.21e-01	4.79e-01	9.55e-07
 6.61306e+22	5.37e-01	4.63e-01	1.05e-06
 6.61883e+22	5.50e-01	4.49e-01	1.14e-06
 6.62379e+22	5.63e-01	4.37e-01	1.23e-06
 6.62872e+22	5.74e-01	4.26e-01	1.30e-06
 6.63410e+22	5.86e-01	4.14e-01	1.40e-06
 6.63984e+22	5.99e-01	4.01e-01	1.52e-06
 6.64541e+22	6.11e-01	3.89e-01	1.62e-06
 6.65097e+22	6.23e-01	3.77e-01	1.75e-06
 6.65670e+22	6.34e-01	3.66e-01	1.87e-06
 6.66260e+22	6.46e-01	3.54e-01	2.00e-06
 6.66870e+22	6.58e-01	3.42e-01	2.15e-06
 6.67475e+22	6.69e-01	3.31e-01	2.30e-06
 6.68086e+22	6.80e-01	3.20e-01	2.46e-06
 6.68719e+22	6.90e-01	3.09e-01	2.63e-06
 6.69373e+22	7.01e-01	2.99e-01	2.82e-06
 6.70033e+22	7.12e-01	2.88e-01	3.02e-06
 6.70700e+22	7.22e-01	2.78e-01	3.22e-06
 6.71387e+22	7.32e-01	2.68e-01	3.44e-06
 6.72093e+22	7.42e-01	2.58e-01	3.68e-06
 6.72810e+22	7.51e-01	2.49e-01	3.92e-06
 6.73540e+22	7.60e-01	2.40e-01	4.18e-06
 6.74293e+22	7.69e-01	2.31e-01	4.46e-06
 6.75064e+22	7.78e-01	2.22e-01	4.76e-06
 6.75851e+22	7.87e-01	2.13e-01	5.08e-06
 6.76658e+22	7.95e-01	2.05e-01	5.41e-06
 6.77494e+22	8.03e-01	1.97e-01	5.78e-06
 6.78356e+22	8.11e-01	1.89e-01	6.17e-06
 6.79238e+22	8.18e-01	1.82e-01	6.57e-06
 6.80135e+22	8.25e-01	1.75e-01	7.00e-06
 6.81047e+22	8.31e-01	1.69e-01	7.43e-06
 6.81975e+22	8.38e-01	1.62e-01	7.89e-06
 6.82925e+22	8.44e-01	1.56e-01	8.42e-06
 6.83913e+22	8.50e-01	1.50e-01	8.98e-06
 6.84940e+22	8.56e-01	1.44e-01	9.58e-06
 6.85971e+22	8.61e-01	1.39e-01	1.02e-05
 6.87003e+22	8.66e-01	1.34e-01	1.08e-05
 6.88093e+22	8.70e-01	1.30e-01	1.15e-05
 6.89239e+22	8.75e-01	1.25e-01	1.23e-05
 6.90401e+22	8.79e-01	1.21e-01	1.30e-05
 6.91592e+22	8.84e-01	1.16e-01	1.39e-05
 6.92832e+22	8.88e-01	1.12e-01	1.48e-05
 6.94115e+22	8.92e-01	1.08e-01	1.57e-05
 6.95393e+22	8.96e-01	1.04e-01	1.68e-05
 6.96605e+22	8.99e-01	1.01e-01	1.77e-05
 6.97751e+22	9.02e-01	9.83e-02	1.86e-05
 6.98860e+22	9.04e-01	9.56e-02	1.95e-05
 6.99936e+22	9.07e-01	9.30e-02	2.04e-05
 7.00977e+22	9.09e-01	9.06e-02	2.12e-05
 7.01979e+22	9.12e-01	8.83e-02	2.20e-05
 7.02928e+22	9.14e-01	8.62e-02	2.28e-05
 7.03829e+22	9.16e-01	8.42e-02	2.35e-05
 7.04673e+22	9.18e-01	8.24e-02	2.42e-05
 7.05490e+22	9.19e-01	8.06e-02	2.49e-05
 7.06305e+22	9.21e-01	7.89e-02	2.55e-05
 7.07093e+22	9.23e-01	7.72e-02	2.61e-05
 7.07850e+22	9.24e-01	7.56e-02	2.67e-05
 7.08579e+22	9.26e-01	7.41e-02	2.72e-05
 7.09282e+22	9.27e-01	7.26e-02	2.76e-05
 7.09962e+22	9.29e-01	7.12e-02	2.78e-05
 7.10618e+22	9.30e-01	6.99e-02	2.81e-05
 7.11252e+22	9.31e-01	6.86e-02	2.83e-05
 7.11862e+22	9.33e-01	6.74e-02	2.85e-05
 7.12451e+22	9.34e-01	6.62e-02	2.87e-05
 7.13020e+22	9.35e-01	6.50e-02	2.89e-05
 7.13569e+22	9.36e-01	6.39e-02	2.90e-05
 7.14084e+22	9.37e-01	6.28e-02	2.91e-05
 7.14553e+22	9.38e-01	6.19e-02	2.91e-05
 7.14979e+22	9.39e-01	6.11e-02	2.92e-05
 7.15367e+22	9.40e-01	6.04e-02	2.92e-05
 7.15721e+22	9.40e-01	5.97e-02	2.92e-05
 7.16042e+22	9.41e-01	5.91e-02	2.92e-05
 7.16334e+22	9.41e-01	5.85e-02	2.92e-05
 7.16655e+22	9.42e-01	5.78e-02	2.91e-05
 7.17001e+22	9.43e-01	5.70e-02	2.92e-05
 7.17316e+22	9.44e-01	5.64e-02	2.92e-05
 7.17661e+22	9.44e-01	5.57e-02	2.92e-05
 7.18033e+22	9.45e-01	5.48e-02	2.92e-05
 7.18372e+22	9.46e-01	5.42e-02	2.92e-05
 7.18681e+22	9.46e-01	5.36e-02	2.92e-05
 7.18961e+22	9.47e-01	5.31e-02	2.92e-05
 7.19217e+22	9.47e-01	5.26e-02	2.91e-05
 7.19449e+22	9.48e-01	5.22e-02	2.92e-05
 7.19704e+22	9.48e-01	5.18e-02	2.92e-05
 7.20035e+22	9.49e-01	5.11e-02	2.92e-05
 7.20393e+22	9.50e-01	5.04e-02	2.92e-05
 7.20718e+22	9.50e-01	4.97e-02	2.93e-05
 7.21014e+22	9.50e-01	4.95e-02	2.93e-05
 7.21338e+22	9.51e-01	4.88e-02	2.95e-05
 7.21760e+22	9.52e-01	4.80e-02	2.95e-05
 7.22215e+22	9.53e-01	4.71e-02	2.96e-05
 7.22629e+22	9.54e-01	4.64e-02	2.97e-05
 7.23006e+22	9.54e-01	4.59e-02	2.98e-05
 7.23350e+22	9.55e-01	4.54e-02	2.99e-05
 7.23662e+22	9.55e-01	4.50e-02	2.99e-05
 7.24004e+22	9.56e-01	4.44e-02	3.00e-05
 7.24373e+22	9.56e-01	4.37e-02	3.00e-05
 7.24709e+22	9.57e-01	4.33e-02	3.01e-05
 7.25015e+22	9.57e-01	4.28e-02	3.01e-05
 7.25293e+22	9.57e-01	4.24e-02	3.02e-05
 7.25598e+22	9.58e-01	4.20e-02	3.02e-05
 7.25928e+22	9.59e-01	4.14e-02	3.03e-05
 7.26227e+22	9.59e-01	4.10e-02	3.04e-05
 7.26555e+22	9.59e-01	4.05e-02	3.04e-05
 7.26910e+22	9.60e-01	3.99e-02	3.06e-05
 7.27232e+22	9.60e-01	3.95e-02	3.07e-05
 7.27586e+22	9.61e-01	3.90e-02	3.06e-05
 7.27967e+22	9.62e-01	3.83e-02	3.06e-05
 7.28315e+22	9.62e-01	3.79e-02	3.06e-05
 7.28631e+22	9.62e-01	3.76e-02	3.06e-05
 7.28977e+22	9.63e-01	3.71e-02	3.05e-05
 7.29351e+22	9.63e-01	3.65e-02	3.06e-05
 7.29691e+22	9.64e-01	3.61e-02	3.06e-05
 7.30000e+22	9.64e-01	3.57e-02	3.05e-05
 7.30282e+22	9.64e-01	3.56e-02	3.07e-05
 7.30591e+22	9.65e-01	3.52e-02	3.08e-05
 7.30924e+22	9.65e-01	3.48e-02	3.09e-05
 7.31289e+22	9.66e-01	3.43e-02	3.09e-05
 7.31683e+22	9.66e-01	3.38e-02	3.11e-05
 7.32042e+22	9.66e-01	3.34e-02	3.12e-05
 7.32368e+22	9.67e-01	3.32e-02	3.14e-05
 7.32726e+22	9.67e-01	3.28e-02	3.14e-05
 7.33112e+22	9.68e-01	3.24e-02	3.16e-05
 7.33464e+22	9.68e-01	3.21e-02	3.18e-05
 7.33849e+22	9.68e-01	3.17e-02	3.19e-05
 7.34265e+22	9.69e-01	3.12e-02	3.21e-05
 7.34643e+22	9.69e-01	3.08e-02	3.23e-05
 7.34987e+22	9.69e-01	3.06e-02	3.25e-05
 7.35364e+22	9.70e-01	3.02e-02	3.27e-05
 7.35772e+22	9.70e-01	2.98e-02	3.29e-05
 7.36142e+22	9.70e-01	2.95e-02	3.32e-05
 7.36548e+22	9.71e-01	2.91e-02	3.33e-05
 7.36987e+22	9.71e-01	2.87e-02	3.37e-05
 7.37386e+22	9.71e-01	2.84e-02	3.40e-05
 7.37823e+22	9.72e-01	2.80e-02	3.42e-05
 7.38295e+22	9.72e-01	2.76e-02	3.46e-05
 7.38724e+22	9.73e-01	2.72e-02	3.49e-05
 7.39115e+22	9.73e-01	2.70e-02	3.53e-05
 7.39544e+22	9.73e-01	2.67e-02	3.56e-05
 7.40006e+22	9.74e-01	2.63e-02	3.59e-05
 7.40427e+22	9.74e-01	2.60e-02	3.64e-05
 7.40888e+22	9.74e-01	2.57e-02	3.68e-05
 7.41386e+22	9.75e-01	2.53e-02	3.72e-05
 7.41839e+22	9.75e-01	2.50e-02	3.78e-05
 7.42335e+22	9.75e-01	2.46e-02	3.83e-05
 7.42871e+22	9.76e-01	2.42e-02	3.89e-05
 7.43358e+22	9.76e-01	2.39e-02	3.95e-05
 7.43802e+22	9.76e-01	2.37e-02	4.01e-05
 7.44288e+22	9.77e-01	2.34e-02	4.06e-05
 7.44813e+22	9.77e-01	2.30e-02	4.13e-05
 7.45291e+22	9.77e-01	2.27e-02	4.20e-05
 7.45815e+22	9.77e-01	2.24e-02	4.27e-05
 7.46380e+22	9.78e-01	2.20e-02	4.35e-05
 7.46894e+22	9.78e-01	2.18e-02	4.44e-05
 7.47458e+22	9.78e-01	2.15e-02	4.51e-05
 7.48066e+22	9.79e-01	2.11e-02	4.61e-05
 7.48620e+22	9.79e-01	2.08e-02	4.71e-05
 7.49226e+22	9.79e-01	2.05e-02	4.81e-05
 7.49881e+22	9.80e-01	2.01e-02	4.93e-05
 7.50477e+22	9.80e-01	1.99e-02	5.05e-05
 7.51019e+22	9.80e-01	1.96e-02	5.16e-05
 7.51614e+22	9.81e-01	1.93e-02	5.26e-05
 7.52255e+22	9.81e-01	1.90e-02	5.40e-05
 7.52839e+22	9.81e-01	1.88e-02	5.53e-05
 7.53479e+22	9.81e-01	1.85e-02	5.65e-05
 7.54170e+22	9.82e-01	1.81e-02	5.81e-05
 7.54798e+22	9.82e-01	1.79e-02	5.97e-05
 7.55487e+22	9.82e-01	1.76e-02	6.11e-05
 7.56231e+22	9.83e-01	1.72e-02	6.30e-05
 7.56907e+22	9.83e-01	1.70e-02	6.48e-05
 7.57649e+22	9.83e-01	1.67e-02	6.65e-05
 7.58449e+22	9.83e-01	1.64e-02	6.87e-05
 7.59178e+22	9.84e-01	1.61e-02	7.08e-05
 7.59967e+22	9.84e-01	1.58e-02	7.27e-05
 7.60812e+22	9.84e-01	1.55e-02	7.53e-05
 7.61581e+22	9.85e-01	1.53e-02	7.76e-05
 7.62281e+22	9.85e-01	1.51e-02	7.96e-05
 7.63048e+22	9.85e-01	1.48e-02	8.16e-05
 7.63876e+22	9.85e-01	1.45e-02	8.42e-05
 7.64629e+22	9.86e-01	1.43e-02	8.66e-05
 7.65455e+22	9.86e-01	1.40e-02	8.87e-05
 7.66346e+22	9.86e-01	1.38e-02	9.16e-05
 7.67157e+22	9.86e-01	1.35e-02	9.41e-05
 7.68046e+22	9.87e-01	1.33e-02	9.65e-05
 7.69005e+22	9.87e-01	1.30e-02	9.96e-05
 7.69878e+22	9.87e-01	1.28e-02	1.02e-04
 7.70673e+22	9.87e-01	1.26e-02	1.05e-04
 7.71544e+22	9.87e-01	1.23e-02	1.07e-04
 7.72483e+22	9.88e-01	1.21e-02	1.10e-04
 7.73339e+22	9.88e-01	1.19e-02	1.12e-04
 7.74276e+22	9.88e-01	1.17e-02	1.15e-04
 7.75288e+22	9.88e-01	1.14e-02	1.18e-04
 7.76397e+22	9.89e-01	1.11e-02	1.21e-04
 7.77696e+22	9.89e-01	1.08e-02	1.26e-04
 7.79046e+22	9.89e-01	1.05e-02	1.30e-04
 7.80421e+22	9.89e-01	1.03e-02	1.34e-04
 7.81821e+22	9.90e-01	9.97e-03	1.38e-04
 7.83240e+22	9.90e-01	9.69e-03	1.42e-04
 7.84674e+22	9.90e-01	9.42e-03	1.46e-04
 7.86122e+22	9.91e-01	9.15e-03	1.50e-04
 7.87585e+22	9.91e-01	8.89e-03	1.54e-04
 7.89062e+22	9.91e-01	8.63e-03	1.58e-04
 7.90553e+22	9.91e-01	8.38e-03	1.63e-04
 7.92058e+22	9.92e-01	8.14e-03	1.67e-04
 7.93575e+22	9.92e-01	7.90e-03	1.71e-04
 7.95105e+22	9.92e-01	7.67e-03	1.75e-04
 7.96648e+22	9.92e-01	7.44e-03	1.80e-04
 7.98201e+22	9.92e-01	7.22e-03	1.84e-04
 7.99764e+22	9.93e-01	7.01e-03	1.89e-04
 8.01336e+22	9.93e-01	6.80e-03	1.93e-04
 8.02921e+22	9.93e-01	6.59e-03	1.98e-04
 8.04518e+22	9.93e-01	6.39e-03	2.02e-04
 8.06125e+22	9.93e-01	6.20e-03	2.07e-04
 8.07744e+22	9.94e-01	6.01e-03	2.12e-04
 8.09372e+22	9.94e-01	5.83e-03	2.17e-04
 8.11012e+22	9.94e-01	5.65e-03	2.22e-04
 8.12674e+22	9.94e-01	5.47e-03	2.27e-04
 8.14370e+22	9.94e-01	5.30e-03	2.32e-04
 8.16093e+22	9.94e-01	5.13e-03	2.38e-04
 8.17830e+22	9.95e-01	4.97e-03	2.44e-04
 8.19586e+22	9.95e-01	4.81e-03	2.50e-04
 8.21358e+22	9.95e-01	4.65e-03	2.56e-04
 8.23147e+22	9.95e-01	4.50e-03	2.63e-04
 8.24955e+22	9.95e-01	4.35e-03	2.70e-04
 8.26788e+22	9.95e-01	4.20e-03	2.76e-04
 8.28648e+22	9.95e-01	4.06e-03	2.83e-04
 8.30545e+22	9.95e-01	3.92e-03	2.90e-04
 8.32487e+22	9.96e-01	3.79e-03	2.97e-04
 8.34465e+22	9.96e-01	3.65e-03	3.04e-04
 8.36473e+22	9.96e-01	3.52e-03	3.12e-04
 8.38512e+22	9.96e-01	3.39e-03	3.19e-04
 8.40584e+22	9.96e-01	3.27e-03	3.26e-04
 8.42691e+22	9.96e-01	3.15e-03	3.33e-04
 8.44836e+22	9.96e-01	3.03e-03	3.41e-04
 8.47027e+22	9.96e-01	2.91e-03	3.48e-04
 8.49269e+22	9.96e-01	2.80e-03	3.55e-04
 8.51555e+22	9.97e-01	2.69e-03	3.63e-04
 8.53889e+22	9.97e-01	2.58e-03	3.70e-04
 8.56271e+22	9.97e-01	2.47e-03	3.77e-04
 8.58691e+22	9.97e-01	2.37e-03	3.84e-04
 8.61141e+22	9.97e-01	2.27e-03	3.90e-04
 8.63616e+22	9.97e-01	2.17e-03	3.97e-04
 8.66109e+22	9.97e-01	2.08e-03	4.03e-04
 8.68612e+22	9.97e-01	1.99e-03	4.08e-04
 8.71130e+22	9.97e-01	1.91e-03	4.14e-04
 8.73673e+22	9.97e-01	1.83e-03	4.19e-04
 8.76232e+22	9.97e-01	1.75e-03	4.23e-04
 8.78807e+22	9.97e-01	1.67e-03	4.27e-04
 8.81398e+22	9.98e-01	1.60e-03	4.31e-04
 8.83999e+22	9.98e-01	1.53e-03	4.35e-04
 8.86609e+22	9.98e-01	1.46e-03	4.37e-04
 8.89242e+22	9.98e-01	1.39e-03	4.40e-04
 8.91900e+22	9.98e-01	1.33e-03	4.41e-04
 8.94573e+22	9.98e-01	1.27e-03	4.43e-04
 8.97259e+22	9.98e-01	1.21e-03	4.43e-04
 8.99959e+22	9.98e-01	1.16e-03	4.44e-04
 9.02671e+22	9.98e-01	1.10e-03	4.43e-04
 9.05397e+22	9.98e-01	1.05e-03	4.43e-04
 9.08134e+22	9.98e-01	1.00e-03	4.42e-04
 9.10883e+22	9.98e-01	9.54e-04	4.42e-04
 9.13643e+22	9.98e-01	9.09e-04	4.40e-04
 9.16411e+22	9.98e-01	8.65e-04	4.38e-04
 9.19186e+22	9.98e-01	8.23e-04	4.36e-04
 9.21967e+22	9.98e-01	7.82e-04	4.33e-04
 9.24531e+22	9.98e-01	7.49e-04	4.31e-04
