#depth	Si	Si+	Si+2	Si+3	Si+4	Si+5	Si+6	Si+7	Si+8	Si+9	Si+10	Si+11	Si+12	Si+13	Si+14
 1.54284e+22	9.26e-24	2.62e-12	4.52e-10	1.04e-08	1.39e-05	2.20e-03	6.71e-02	3.68e-01	3.63e-01	1.56e-01	2.97e-02	9.12e-03	4.80e-03	2.04e-04	2.76e-06
 3.48380e+22	8.75e-23	2.19e-11	2.65e-09	4.70e-08	4.17e-05	4.84e-03	1.12e-01	4.77e-01	2.99e-01	8.95e-02	1.26e-02	3.57e-03	1.33e-03	3.93e-05	3.68e-07
 4.08099e+22	2.33e-22	5.61e-11	5.96e-09	9.53e-08	7.04e-05	6.94e-03	1.40e-01	5.16e-01	2.61e-01	6.60e-02	8.10e-03	2.22e-03	7.07e-04	1.75e-05	0.00e+00
 4.37959e+22	3.82e-22	8.81e-11	8.80e-09	1.35e-07	9.07e-05	8.24e-03	1.54e-01	5.31e-01	2.42e-01	5.65e-02	6.49e-03	1.74e-03	5.14e-04	1.17e-05	0.00e+00
 4.52615e+22	4.84e-22	1.08e-10	1.06e-08	1.58e-07	1.02e-04	8.92e-03	1.61e-01	5.37e-01	2.33e-01	5.24e-02	5.84e-03	1.56e-03	4.43e-04	9.70e-06	0.00e+00
 4.63433e+22	6.54e-22	1.41e-10	1.33e-08	1.94e-07	1.19e-04	9.86e-03	1.71e-01	5.44e-01	2.21e-01	4.76e-02	5.10e-03	1.34e-03	3.65e-04	7.61e-06	0.00e+00
 4.74755e+22	8.47e-22	1.75e-10	1.61e-08	2.30e-07	1.34e-04	1.07e-02	1.79e-01	5.49e-01	2.12e-01	4.38e-02	4.55e-03	1.18e-03	3.10e-04	6.19e-06	0.00e+00
 4.86734e+22	1.18e-21	2.31e-10	2.06e-08	2.87e-07	1.58e-04	1.19e-02	1.89e-01	5.54e-01	2.00e-01	3.93e-02	3.92e-03	1.01e-03	2.51e-04	4.74e-06	0.00e+00
 4.98800e+22	1.53e-21	2.86e-10	2.49e-08	3.40e-07	1.79e-04	1.29e-02	1.98e-01	5.58e-01	1.91e-01	3.61e-02	3.48e-03	8.86e-04	2.13e-04	3.85e-06	0.00e+00
 5.10978e+22	2.13e-21	3.76e-10	3.18e-08	4.24e-07	2.10e-04	1.44e-02	2.09e-01	5.61e-01	1.79e-01	3.23e-02	2.99e-03	7.50e-04	1.71e-04	2.94e-06	0.00e+00
 5.23297e+22	2.77e-21	4.63e-10	3.83e-08	5.02e-07	2.37e-04	1.55e-02	2.18e-01	5.63e-01	1.70e-01	2.97e-02	2.66e-03	6.59e-04	1.45e-04	2.38e-06	0.00e+00
 5.35795e+22	3.88e-21	6.06e-10	4.88e-08	6.24e-07	2.78e-04	1.72e-02	2.29e-01	5.64e-01	1.60e-01	2.65e-02	2.28e-03	5.56e-04	1.17e-04	1.81e-06	0.00e+00
 5.48546e+22	5.10e-21	7.48e-10	5.91e-08	7.42e-07	3.15e-04	1.87e-02	2.39e-01	5.64e-01	1.51e-01	2.42e-02	2.01e-03	4.85e-04	9.79e-05	1.46e-06	0.00e+00
 5.61624e+22	7.23e-21	9.80e-10	7.55e-08	9.27e-07	3.71e-04	2.07e-02	2.51e-01	5.63e-01	1.41e-01	2.15e-02	1.71e-03	4.06e-04	7.80e-05	1.10e-06	0.00e+00
 5.75012e+22	9.59e-21	1.21e-09	9.17e-08	1.11e-06	4.21e-04	2.24e-02	2.61e-01	5.62e-01	1.33e-01	1.95e-02	1.51e-03	3.53e-04	6.51e-05	8.74e-07	0.00e+00
 5.88804e+22	1.38e-20	1.60e-09	1.18e-07	1.39e-06	4.97e-04	2.49e-02	2.74e-01	5.59e-01	1.23e-01	1.72e-02	1.27e-03	2.93e-04	5.13e-05	6.49e-07	0.00e+00
 6.02831e+22	1.85e-20	1.98e-09	1.44e-07	1.66e-06	5.65e-04	2.70e-02	2.85e-01	5.55e-01	1.15e-01	1.56e-02	1.12e-03	2.53e-04	4.26e-05	5.14e-07	0.00e+00
 6.14619e+22	2.39e-20	2.39e-09	1.71e-07	1.95e-06	6.33e-04	2.90e-02	2.94e-01	5.52e-01	1.09e-01	1.43e-02	9.93e-04	2.22e-04	3.61e-05	4.18e-07	0.00e+00
 6.27396e+22	3.33e-20	3.04e-09	2.14e-07	2.39e-06	7.33e-04	3.17e-02	3.06e-01	5.46e-01	1.01e-01	1.27e-02	8.51e-04	1.87e-04	2.91e-05	3.19e-07	0.00e+00
 6.39815e+22	4.23e-20	3.60e-09	2.50e-07	2.76e-06	8.13e-04	3.38e-02	3.15e-01	5.42e-01	9.60e-02	1.17e-02	7.63e-04	1.66e-04	2.49e-05	2.63e-07	0.00e+00
 6.51766e+22	5.75e-20	4.49e-09	3.08e-07	3.34e-06	9.32e-04	3.68e-02	3.26e-01	5.35e-01	8.93e-02	1.05e-02	6.60e-04	1.41e-04	2.03e-05	2.04e-07	0.00e+00
 6.63849e+22	7.37e-20	5.32e-09	3.60e-07	3.86e-06	1.03e-03	3.91e-02	3.35e-01	5.30e-01	8.45e-02	9.67e-03	5.92e-04	1.25e-04	1.75e-05	1.69e-07	0.00e+00
 6.76104e+22	1.01e-19	6.62e-09	4.42e-07	4.66e-06	1.18e-03	4.25e-02	3.46e-01	5.22e-01	7.84e-02	8.66e-03	5.11e-04	1.06e-04	1.42e-05	1.30e-07	0.00e+00
 6.88548e+22	1.31e-19	7.86e-09	5.19e-07	5.39e-06	1.31e-03	4.52e-02	3.55e-01	5.16e-01	7.40e-02	7.96e-03	4.57e-04	9.36e-05	1.21e-05	0.00e+00	0.00e+00
 7.01239e+22	1.81e-19	9.80e-09	6.39e-07	6.54e-06	1.50e-03	4.91e-02	3.67e-01	5.07e-01	6.83e-02	7.09e-03	3.92e-04	7.91e-05	9.81e-06	0.00e+00	0.00e+00
 7.14095e+22	2.38e-19	1.16e-08	7.51e-07	7.56e-06	1.66e-03	5.22e-02	3.75e-01	5.00e-01	6.43e-02	6.50e-03	3.50e-04	6.96e-05	8.36e-06	0.00e+00	0.00e+00
 7.27168e+22	3.34e-19	1.45e-08	9.27e-07	9.20e-06	1.91e-03	5.67e-02	3.87e-01	4.89e-01	5.92e-02	5.78e-03	3.00e-04	5.86e-05	6.73e-06	0.00e+00	0.00e+00
 7.40506e+22	4.49e-19	1.73e-08	1.09e-06	1.07e-05	2.12e-03	6.03e-02	3.96e-01	4.81e-01	5.55e-02	5.28e-03	2.66e-04	5.13e-05	5.70e-06	0.00e+00	0.00e+00
 7.54188e+22	6.46e-19	2.17e-08	1.36e-06	1.30e-05	2.44e-03	6.55e-02	4.07e-01	4.69e-01	5.08e-02	4.67e-03	2.26e-04	4.29e-05	4.55e-06	0.00e+00	0.00e+00
 7.68174e+22	8.90e-19	2.60e-08	1.61e-06	1.52e-05	2.72e-03	6.98e-02	4.16e-01	4.60e-01	4.74e-02	4.24e-03	1.99e-04	3.72e-05	3.81e-06	0.00e+00	0.00e+00
 7.82556e+22	1.34e-18	3.28e-08	2.00e-06	1.87e-05	3.13e-03	7.58e-02	4.27e-01	4.47e-01	4.31e-02	3.73e-03	1.69e-04	3.09e-05	3.02e-06	0.00e+00	0.00e+00
 7.97319e+22	1.93e-18	3.95e-08	2.39e-06	2.20e-05	3.51e-03	8.08e-02	4.36e-01	4.36e-01	4.00e-02	3.37e-03	1.48e-04	2.67e-05	2.51e-06	0.00e+00	0.00e+00
 8.12579e+22	3.07e-18	5.02e-08	3.01e-06	2.71e-05	4.06e-03	8.79e-02	4.47e-01	4.22e-01	3.61e-02	2.95e-03	1.24e-04	2.19e-05	1.96e-06	0.00e+00	0.00e+00
 8.27980e+22	4.72e-18	6.06e-08	3.59e-06	3.18e-05	4.54e-03	9.36e-02	4.55e-01	4.11e-01	3.35e-02	2.66e-03	1.08e-04	1.89e-05	1.63e-06	0.00e+00	0.00e+00
 8.43565e+22	8.10e-18	7.69e-08	4.52e-06	3.94e-05	5.26e-03	1.02e-01	4.65e-01	3.96e-01	3.01e-02	2.32e-03	9.01e-05	1.55e-05	1.27e-06	0.00e+00	0.00e+00
 8.59319e+22	1.42e-17	9.28e-08	5.39e-06	4.62e-05	5.87e-03	1.08e-01	4.72e-01	3.84e-01	2.77e-02	2.09e-03	7.86e-05	1.33e-05	1.05e-06	0.00e+00	0.00e+00
 8.75292e+22	2.67e-17	1.18e-07	6.79e-06	5.72e-05	6.79e-03	1.17e-01	4.81e-01	3.68e-01	2.48e-02	1.81e-03	6.52e-05	1.08e-05	8.12e-07	0.00e+00	0.00e+00
 8.90893e+22	4.90e-17	1.40e-07	8.00e-06	6.63e-05	7.50e-03	1.24e-01	4.87e-01	3.57e-01	2.30e-02	1.64e-03	5.73e-05	9.39e-06	6.80e-07	0.00e+00	0.00e+00
 9.06010e+22	9.65e-17	1.75e-07	9.90e-06	8.09e-05	8.58e-03	1.33e-01	4.94e-01	3.42e-01	2.06e-02	1.43e-03	4.80e-05	7.74e-06	5.33e-07	0.00e+00	0.00e+00
 9.21660e+22	1.76e-16	2.11e-07	1.18e-05	9.44e-05	9.54e-03	1.41e-01	4.99e-01	3.30e-01	1.90e-02	1.29e-03	4.18e-05	6.64e-06	4.40e-07	0.00e+00	0.00e+00
 9.35015e+22	2.81e-16	2.48e-07	1.37e-05	1.09e-04	1.05e-02	1.48e-01	5.03e-01	3.20e-01	1.75e-02	1.17e-03	3.68e-05	5.78e-06	3.70e-07	0.00e+00	0.00e+00
 9.49392e+22	4.39e-16	3.04e-07	1.67e-05	1.30e-04	1.18e-02	1.58e-01	5.08e-01	3.06e-01	1.58e-02	1.03e-03	3.11e-05	4.82e-06	2.95e-07	0.00e+00	0.00e+00
 9.63814e+22	6.25e-16	3.57e-07	1.95e-05	1.50e-04	1.30e-02	1.65e-01	5.11e-01	2.95e-01	1.46e-02	9.34e-04	2.73e-05	4.19e-06	2.47e-07	0.00e+00	0.00e+00
 9.78295e+22	9.13e-16	4.35e-07	2.35e-05	1.78e-04	1.46e-02	1.75e-01	5.14e-01	2.82e-01	1.32e-02	8.27e-04	2.33e-05	3.52e-06	1.99e-07	0.00e+00	0.00e+00
 9.93347e+22	1.32e-15	5.18e-07	2.78e-05	2.08e-04	1.61e-02	1.85e-01	5.16e-01	2.70e-01	1.20e-02	7.38e-04	2.01e-05	3.00e-06	1.63e-07	0.00e+00	0.00e+00
 1.00676e+23	1.74e-15	6.10e-07	3.24e-05	2.38e-04	1.77e-02	1.93e-01	5.17e-01	2.60e-01	1.10e-02	6.68e-04	1.76e-05	2.60e-06	1.36e-07	0.00e+00	0.00e+00
 1.02181e+23	2.45e-15	7.46e-07	3.93e-05	2.83e-04	1.98e-02	2.05e-01	5.18e-01	2.47e-01	9.89e-03	5.87e-04	1.49e-05	2.17e-06	0.00e+00	0.00e+00	0.00e+00
 1.03769e+23	3.37e-15	8.96e-07	4.67e-05	3.32e-04	2.20e-02	2.15e-01	5.18e-01	2.35e-01	8.93e-03	5.21e-04	1.27e-05	1.83e-06	0.00e+00	0.00e+00	0.00e+00
 1.05216e+23	4.39e-15	1.06e-06	5.49e-05	3.84e-04	2.41e-02	2.25e-01	5.18e-01	2.24e-01	8.12e-03	4.66e-04	1.10e-05	1.56e-06	0.00e+00	0.00e+00	0.00e+00
 1.06848e+23	6.08e-15	1.32e-06	6.73e-05	4.61e-04	2.72e-02	2.38e-01	5.16e-01	2.11e-01	7.19e-03	4.05e-04	9.12e-06	1.28e-06	0.00e+00	0.00e+00	0.00e+00
 1.08531e+23	8.12e-15	1.58e-06	8.02e-05	5.42e-04	3.01e-02	2.50e-01	5.13e-01	1.99e-01	6.44e-03	3.57e-04	7.72e-06	1.07e-06	0.00e+00	0.00e+00	0.00e+00
 1.10026e+23	1.05e-14	1.88e-06	9.44e-05	6.28e-04	3.31e-02	2.61e-01	5.10e-01	1.89e-01	5.82e-03	3.17e-04	6.62e-06	9.12e-07	0.00e+00	0.00e+00	0.00e+00
 1.11714e+23	1.44e-14	2.34e-06	1.16e-04	7.54e-04	3.72e-02	2.74e-01	5.06e-01	1.77e-01	5.11e-03	2.74e-04	5.45e-06	7.42e-07	0.00e+00	0.00e+00	0.00e+00
 1.13467e+23	1.92e-14	2.82e-06	1.38e-04	8.88e-04	4.12e-02	2.87e-01	5.00e-01	1.66e-01	4.54e-03	2.39e-04	4.57e-06	6.16e-07	0.00e+00	0.00e+00	0.00e+00
 1.15040e+23	2.48e-14	3.37e-06	1.64e-04	1.03e-03	4.53e-02	2.99e-01	4.95e-01	1.56e-01	4.06e-03	2.11e-04	3.87e-06	5.17e-07	0.00e+00	0.00e+00	0.00e+00
 1.16822e+23	3.44e-14	4.22e-06	2.02e-04	1.25e-03	5.10e-02	3.14e-01	4.86e-01	1.44e-01	3.51e-03	1.79e-04	3.13e-06	4.14e-07	0.00e+00	0.00e+00	0.00e+00
 1.18663e+23	4.54e-14	5.11e-06	2.42e-04	1.47e-03	5.63e-02	3.26e-01	4.78e-01	1.34e-01	3.10e-03	1.56e-04	2.61e-06	3.41e-07	0.00e+00	0.00e+00	0.00e+00
 1.20582e+23	6.38e-14	6.48e-06	3.02e-04	1.79e-03	6.36e-02	3.42e-01	4.67e-01	1.22e-01	2.64e-03	1.31e-04	2.07e-06	2.67e-07	0.00e+00	0.00e+00	0.00e+00
 1.22523e+23	8.43e-14	7.86e-06	3.62e-04	2.11e-03	7.02e-02	3.55e-01	4.57e-01	1.13e-01	2.31e-03	1.13e-04	1.71e-06	2.19e-07	0.00e+00	0.00e+00	0.00e+00
 1.24230e+23	1.10e-13	9.46e-06	4.30e-04	2.47e-03	7.70e-02	3.67e-01	4.46e-01	1.05e-01	2.03e-03	9.74e-05	1.41e-06	1.80e-07	0.00e+00	0.00e+00	0.00e+00
 1.26184e+23	1.54e-13	1.20e-05	5.36e-04	3.01e-03	8.66e-02	3.81e-01	4.32e-01	9.47e-02	1.71e-03	8.09e-05	1.11e-06	1.40e-07	0.00e+00	0.00e+00	0.00e+00
 1.28172e+23	2.02e-13	1.45e-05	6.41e-04	3.55e-03	9.53e-02	3.93e-01	4.19e-01	8.67e-02	1.48e-03	6.89e-05	9.01e-07	0.00e+00	0.00e+00	0.00e+00	0.00e+00
 1.29936e+23	2.65e-13	1.75e-05	7.63e-04	4.14e-03	1.04e-01	4.04e-01	4.06e-01	7.96e-02	1.28e-03	5.92e-05	7.40e-07	0.00e+00	0.00e+00	0.00e+00	0.00e+00
 1.31962e+23	3.75e-13	2.23e-05	9.53e-04	5.05e-03	1.17e-01	4.17e-01	3.88e-01	7.08e-02	1.07e-03	4.83e-05	5.69e-07	0.00e+00	0.00e+00	0.00e+00	0.00e+00
 1.34013e+23	4.89e-13	2.70e-05	1.14e-03	5.93e-03	1.28e-01	4.27e-01	3.73e-01	6.42e-02	9.12e-04	4.09e-05	4.59e-07	0.00e+00	0.00e+00	0.00e+00	0.00e+00
 1.36097e+23	6.96e-13	3.44e-05	1.42e-03	7.19e-03	1.42e-01	4.37e-01	3.54e-01	5.67e-02	7.53e-04	3.32e-05	3.51e-07	0.00e+00	0.00e+00	0.00e+00	0.00e+00
 1.38224e+23	9.29e-13	4.20e-05	1.70e-03	8.46e-03	1.55e-01	4.45e-01	3.38e-01	5.08e-02	6.37e-04	2.77e-05	2.79e-07	0.00e+00	0.00e+00	0.00e+00	0.00e+00
 1.40121e+23	1.23e-12	5.10e-05	2.02e-03	9.91e-03	1.69e-01	4.52e-01	3.21e-01	4.55e-02	5.39e-04	2.31e-05	2.22e-07	0.00e+00	0.00e+00	0.00e+00	0.00e+00
 1.42299e+23	1.78e-12	6.55e-05	2.53e-03	1.20e-02	1.87e-01	4.58e-01	3.00e-01	3.94e-02	4.36e-04	1.84e-05	1.66e-07	0.00e+00	0.00e+00	0.00e+00	0.00e+00
 1.44513e+23	2.40e-12	8.01e-05	3.02e-03	1.41e-02	2.03e-01	4.62e-01	2.83e-01	3.49e-02	3.64e-04	1.52e-05	1.30e-07	0.00e+00	0.00e+00	0.00e+00	0.00e+00
 1.46776e+23	3.55e-12	1.03e-04	3.78e-03	1.72e-02	2.24e-01	4.64e-01	2.61e-01	2.97e-02	2.88e-04	1.18e-05	0.00e+00	0.00e+00	0.00e+00	0.00e+00	0.00e+00
 1.48999e+23	4.75e-12	1.25e-04	4.47e-03	1.99e-02	2.40e-01	4.64e-01	2.44e-01	2.62e-02	2.42e-04	9.75e-06	0.00e+00	0.00e+00	0.00e+00	0.00e+00	0.00e+00
 1.50802e+23	6.22e-12	1.48e-04	5.18e-03	2.26e-02	2.56e-01	4.63e-01	2.30e-01	2.34e-02	2.06e-04	8.19e-06	0.00e+00	0.00e+00	0.00e+00	0.00e+00	0.00e+00
 1.52776e+23	8.88e-12	1.84e-04	6.25e-03	2.65e-02	2.75e-01	4.60e-01	2.11e-01	2.01e-02	1.66e-04	6.52e-06	0.00e+00	0.00e+00	0.00e+00	0.00e+00	0.00e+00
 1.54768e+23	1.19e-11	2.20e-04	7.25e-03	3.00e-02	2.91e-01	4.56e-01	1.97e-01	1.78e-02	1.41e-04	5.43e-06	0.00e+00	0.00e+00	0.00e+00	0.00e+00	0.00e+00
 1.56517e+23	1.60e-11	2.60e-04	8.37e-03	3.40e-02	3.08e-01	4.50e-01	1.83e-01	1.56e-02	1.18e-04	4.50e-06	0.00e+00	0.00e+00	0.00e+00	0.00e+00	0.00e+00
 1.58526e+23	2.39e-11	3.23e-04	1.00e-02	3.97e-02	3.28e-01	4.42e-01	1.67e-01	1.33e-02	9.44e-05	3.54e-06	0.00e+00	0.00e+00	0.00e+00	0.00e+00	0.00e+00
 1.60567e+23	3.39e-11	3.86e-04	1.16e-02	4.49e-02	3.46e-01	4.33e-01	1.53e-01	1.15e-02	7.80e-05	2.88e-06	0.00e+00	0.00e+00	0.00e+00	0.00e+00	0.00e+00
 1.62650e+23	5.39e-11	4.80e-04	1.39e-02	5.20e-02	3.66e-01	4.21e-01	1.37e-01	9.64e-03	6.20e-05	2.24e-06	0.00e+00	0.00e+00	0.00e+00	0.00e+00	0.00e+00
 1.64768e+23	8.44e-11	5.78e-04	1.62e-02	5.88e-02	3.83e-01	4.09e-01	1.25e-01	8.24e-03	5.05e-05	1.80e-06	0.00e+00	0.00e+00	0.00e+00	0.00e+00	0.00e+00
 1.66613e+23	1.36e-10	6.85e-04	1.86e-02	6.56e-02	3.98e-01	3.96e-01	1.14e-01	7.12e-03	4.18e-05	1.46e-06	0.00e+00	0.00e+00	0.00e+00	0.00e+00	0.00e+00
 1.68692e+23	2.70e-10	8.52e-04	2.21e-02	7.54e-02	4.17e-01	3.79e-01	1.00e-01	5.84e-03	3.24e-05	1.11e-06	0.00e+00	0.00e+00	0.00e+00	0.00e+00	0.00e+00
 1.70631e+23	4.28e-10	9.86e-04	2.48e-02	8.26e-02	4.28e-01	3.66e-01	9.16e-02	5.09e-03	2.72e-05	9.18e-07	0.00e+00	0.00e+00	0.00e+00	0.00e+00	0.00e+00
 1.72385e+23	8.78e-10	1.18e-03	2.85e-02	9.19e-02	4.42e-01	3.51e-01	8.20e-02	4.30e-03	2.21e-05	7.29e-07	0.00e+00	0.00e+00	0.00e+00	0.00e+00	0.00e+00
 1.74190e+23	1.64e-09	1.37e-03	3.20e-02	1.00e-01	4.52e-01	3.36e-01	7.42e-02	3.70e-03	1.83e-05	5.94e-07	0.00e+00	0.00e+00	0.00e+00	0.00e+00	0.00e+00
 1.75795e+23	2.95e-09	1.58e-03	3.57e-02	1.09e-01	4.61e-01	3.22e-01	6.73e-02	3.20e-03	1.53e-05	4.90e-07	0.00e+00	0.00e+00	0.00e+00	0.00e+00	0.00e+00
 1.77614e+23	5.37e-09	1.88e-03	4.09e-02	1.21e-01	4.71e-01	3.04e-01	5.92e-02	2.66e-03	1.22e-05	3.81e-07	0.00e+00	0.00e+00	0.00e+00	0.00e+00	0.00e+00
 1.79466e+23	8.49e-09	2.19e-03	4.57e-02	1.31e-01	4.77e-01	2.89e-01	5.29e-02	2.26e-03	9.99e-06	3.07e-07	0.00e+00	0.00e+00	0.00e+00	0.00e+00	0.00e+00
 1.81096e+23	1.19e-08	2.52e-03	5.07e-02	1.41e-01	4.83e-01	2.74e-01	4.74e-02	1.93e-03	8.25e-06	2.48e-07	0.00e+00	0.00e+00	0.00e+00	0.00e+00	0.00e+00
 1.82948e+23	1.81e-08	3.02e-03	5.78e-02	1.55e-01	4.87e-01	2.55e-01	4.09e-02	1.57e-03	6.43e-06	1.89e-07	0.00e+00	0.00e+00	0.00e+00	0.00e+00	0.00e+00
 1.84820e+23	2.38e-08	3.47e-03	6.41e-02	1.66e-01	4.90e-01	2.39e-01	3.63e-02	1.32e-03	5.26e-06	1.52e-07	0.00e+00	0.00e+00	0.00e+00	0.00e+00	0.00e+00
 1.86716e+23	3.31e-08	4.14e-03	7.26e-02	1.80e-01	4.90e-01	2.20e-01	3.10e-02	1.07e-03	4.07e-06	0.00e+00	0.00e+00	0.00e+00	0.00e+00	0.00e+00	0.00e+00
 1.88644e+23	4.28e-08	4.79e-03	8.04e-02	1.93e-01	4.89e-01	2.05e-01	2.70e-02	8.82e-04	3.25e-06	0.00e+00	0.00e+00	0.00e+00	0.00e+00	0.00e+00	0.00e+00
 1.90331e+23	5.38e-08	5.48e-03	8.84e-02	2.05e-01	4.86e-01	1.90e-01	2.37e-02	7.38e-04	2.64e-06	0.00e+00	0.00e+00	0.00e+00	0.00e+00	0.00e+00	0.00e+00
 1.92247e+23	6.97e-08	6.46e-03	9.90e-02	2.20e-01	4.81e-01	1.73e-01	2.00e-02	5.87e-04	2.03e-06	0.00e+00	0.00e+00	0.00e+00	0.00e+00	0.00e+00	0.00e+00
 1.94230e+23	8.80e-08	7.50e-03	1.09e-01	2.34e-01	4.74e-01	1.58e-01	1.70e-02	4.75e-04	1.58e-06	0.00e+00	0.00e+00	0.00e+00	0.00e+00	0.00e+00	0.00e+00
 1.95984e+23	1.07e-07	8.55e-03	1.19e-01	2.46e-01	4.66e-01	1.45e-01	1.47e-02	3.91e-04	1.27e-06	0.00e+00	0.00e+00	0.00e+00	0.00e+00	0.00e+00	0.00e+00
 1.97945e+23	1.36e-07	1.01e-02	1.33e-01	2.61e-01	4.55e-01	1.29e-01	1.21e-02	3.03e-04	9.48e-07	0.00e+00	0.00e+00	0.00e+00	0.00e+00	0.00e+00	0.00e+00
 1.99975e+23	1.67e-07	1.16e-02	1.45e-01	2.74e-01	4.43e-01	1.16e-01	1.02e-02	2.43e-04	7.35e-07	0.00e+00	0.00e+00	0.00e+00	0.00e+00	0.00e+00	0.00e+00
 2.02094e+23	2.13e-07	1.37e-02	1.61e-01	2.89e-01	4.27e-01	1.02e-01	8.19e-03	1.83e-04	5.33e-07	0.00e+00	0.00e+00	0.00e+00	0.00e+00	0.00e+00	0.00e+00
 2.04239e+23	2.59e-07	1.57e-02	1.75e-01	3.00e-01	4.12e-01	9.03e-02	6.78e-03	1.43e-04	4.05e-07	0.00e+00	0.00e+00	0.00e+00	0.00e+00	0.00e+00	0.00e+00
 2.06134e+23	3.12e-07	1.79e-02	1.89e-01	3.11e-01	3.96e-01	8.02e-02	5.62e-03	1.13e-04	3.10e-07	0.00e+00	0.00e+00	0.00e+00	0.00e+00	0.00e+00	0.00e+00
 2.08312e+23	3.91e-07	2.10e-02	2.08e-01	3.23e-01	3.75e-01	6.86e-02	4.40e-03	8.32e-05	2.20e-07	0.00e+00	0.00e+00	0.00e+00	0.00e+00	0.00e+00	0.00e+00
 2.10548e+23	4.73e-07	2.41e-02	2.24e-01	3.33e-01	3.56e-01	5.98e-02	3.56e-03	6.37e-05	1.63e-07	0.00e+00	0.00e+00	0.00e+00	0.00e+00	0.00e+00	0.00e+00
 2.12546e+23	5.65e-07	2.73e-02	2.40e-01	3.40e-01	3.38e-01	5.21e-02	2.89e-03	4.91e-05	0.00e+00	0.00e+00	0.00e+00	0.00e+00	0.00e+00	0.00e+00	0.00e+00
 2.14258e+23	6.43e-07	3.00e-02	2.51e-01	3.45e-01	3.24e-01	4.70e-02	2.47e-03	4.04e-05	0.00e+00	0.00e+00	0.00e+00	0.00e+00	0.00e+00	0.00e+00	0.00e+00
 2.15911e+23	7.54e-07	3.35e-02	2.66e-01	3.50e-01	3.07e-01	4.11e-02	2.02e-03	3.16e-05	0.00e+00	0.00e+00	0.00e+00	0.00e+00	0.00e+00	0.00e+00	0.00e+00
 2.17599e+23	8.59e-07	3.68e-02	2.79e-01	3.54e-01	2.92e-01	3.67e-02	1.70e-03	2.56e-05	0.00e+00	0.00e+00	0.00e+00	0.00e+00	0.00e+00	0.00e+00	0.00e+00
 2.19333e+23	1.00e-06	4.11e-02	2.94e-01	3.57e-01	2.75e-01	3.17e-02	1.37e-03	1.98e-05	0.00e+00	0.00e+00	0.00e+00	0.00e+00	0.00e+00	0.00e+00	0.00e+00
 2.21100e+23	1.15e-06	4.52e-02	3.07e-01	3.59e-01	2.60e-01	2.79e-02	1.14e-03	1.58e-05	0.00e+00	0.00e+00	0.00e+00	0.00e+00	0.00e+00	0.00e+00	0.00e+00
 2.22646e+23	1.30e-06	4.92e-02	3.20e-01	3.60e-01	2.46e-01	2.48e-02	9.55e-04	1.27e-05	0.00e+00	0.00e+00	0.00e+00	0.00e+00	0.00e+00	0.00e+00	0.00e+00
 2.24393e+23	1.51e-06	5.47e-02	3.34e-01	3.60e-01	2.29e-01	2.12e-02	7.63e-04	9.73e-06	0.00e+00	0.00e+00	0.00e+00	0.00e+00	0.00e+00	0.00e+00	0.00e+00
 2.26200e+23	1.73e-06	5.99e-02	3.47e-01	3.59e-01	2.15e-01	1.85e-02	6.26e-04	7.68e-06	0.00e+00	0.00e+00	0.00e+00	0.00e+00	0.00e+00	0.00e+00	0.00e+00
 2.27819e+23	1.96e-06	6.54e-02	3.59e-01	3.57e-01	2.01e-01	1.62e-02	5.15e-04	6.09e-06	0.00e+00	0.00e+00	0.00e+00	0.00e+00	0.00e+00	0.00e+00	0.00e+00
 2.29661e+23	2.30e-06	7.28e-02	3.74e-01	3.54e-01	1.85e-01	1.36e-02	4.01e-04	4.52e-06	0.00e+00	0.00e+00	0.00e+00	0.00e+00	0.00e+00	0.00e+00	0.00e+00
 2.31530e+23	2.61e-06	7.92e-02	3.86e-01	3.51e-01	1.72e-01	1.17e-02	3.27e-04	3.55e-06	0.00e+00	0.00e+00	0.00e+00	0.00e+00	0.00e+00	0.00e+00	0.00e+00
 2.33436e+23	3.05e-06	8.80e-02	4.00e-01	3.45e-01	1.57e-01	9.74e-03	2.52e-04	2.61e-06	0.00e+00	0.00e+00	0.00e+00	0.00e+00	0.00e+00	0.00e+00	0.00e+00
 2.35385e+23	3.47e-06	9.60e-02	4.11e-01	3.40e-01	1.45e-01	8.32e-03	2.02e-04	2.01e-06	0.00e+00	0.00e+00	0.00e+00	0.00e+00	0.00e+00	0.00e+00	0.00e+00
 2.37389e+23	4.07e-06	1.07e-01	4.23e-01	3.32e-01	1.31e-01	6.80e-03	1.52e-04	1.44e-06	0.00e+00	0.00e+00	0.00e+00	0.00e+00	0.00e+00	0.00e+00	0.00e+00
 2.39434e+23	4.65e-06	1.16e-01	4.33e-01	3.25e-01	1.20e-01	5.74e-03	1.20e-04	1.10e-06	0.00e+00	0.00e+00	0.00e+00	0.00e+00	0.00e+00	0.00e+00	0.00e+00
 2.41532e+23	5.46e-06	1.29e-01	4.44e-01	3.15e-01	1.07e-01	4.62e-03	8.94e-05	7.76e-07	0.00e+00	0.00e+00	0.00e+00	0.00e+00	0.00e+00	0.00e+00	0.00e+00
 2.43668e+23	6.24e-06	1.41e-01	4.52e-01	3.06e-01	9.72e-02	3.85e-03	6.98e-05	5.81e-07	0.00e+00	0.00e+00	0.00e+00	0.00e+00	0.00e+00	0.00e+00	0.00e+00
 2.45855e+23	7.35e-06	1.56e-01	4.60e-01	2.95e-01	8.58e-02	3.06e-03	5.09e-05	4.03e-07	0.00e+00	0.00e+00	0.00e+00	0.00e+00	0.00e+00	0.00e+00	0.00e+00
 2.48072e+23	8.39e-06	1.69e-01	4.66e-01	2.85e-01	7.74e-02	2.53e-03	3.94e-05	2.99e-07	0.00e+00	0.00e+00	0.00e+00	0.00e+00	0.00e+00	0.00e+00	0.00e+00
 2.50327e+23	9.87e-06	1.87e-01	4.72e-01	2.71e-01	6.76e-02	1.98e-03	2.84e-05	2.05e-07	0.00e+00	0.00e+00	0.00e+00	0.00e+00	0.00e+00	0.00e+00	0.00e+00
 2.52621e+23	1.13e-05	2.03e-01	4.75e-01	2.60e-01	6.05e-02	1.62e-03	2.17e-05	1.50e-07	0.00e+00	0.00e+00	0.00e+00	0.00e+00	0.00e+00	0.00e+00	0.00e+00
 2.54964e+23	1.33e-05	2.24e-01	4.76e-01	2.46e-01	5.23e-02	1.25e-03	1.54e-05	0.00e+00	0.00e+00	0.00e+00	0.00e+00	0.00e+00	0.00e+00	0.00e+00	0.00e+00
 2.57352e+23	1.51e-05	2.42e-01	4.76e-01	2.34e-01	4.63e-02	1.01e-03	1.16e-05	0.00e+00	0.00e+00	0.00e+00	0.00e+00	0.00e+00	0.00e+00	0.00e+00	0.00e+00
 2.59798e+23	1.79e-05	2.67e-01	4.74e-01	2.19e-01	3.94e-02	7.65e-04	8.10e-06	0.00e+00	0.00e+00	0.00e+00	0.00e+00	0.00e+00	0.00e+00	0.00e+00	0.00e+00
 2.62286e+23	2.03e-05	2.87e-01	4.70e-01	2.08e-01	3.47e-02	6.15e-04	6.09e-06	0.00e+00	0.00e+00	0.00e+00	0.00e+00	0.00e+00	0.00e+00	0.00e+00	0.00e+00
 2.64828e+23	2.41e-05	3.15e-01	4.63e-01	1.92e-01	2.91e-02	4.58e-04	4.16e-06	0.00e+00	0.00e+00	0.00e+00	0.00e+00	0.00e+00	0.00e+00	0.00e+00	0.00e+00
 2.67439e+23	2.74e-05	3.38e-01	4.56e-01	1.80e-01	2.53e-02	3.63e-04	3.08e-06	0.00e+00	0.00e+00	0.00e+00	0.00e+00	0.00e+00	0.00e+00	0.00e+00	0.00e+00
 2.70139e+23	3.25e-05	3.71e-01	4.44e-01	1.65e-01	2.08e-02	2.64e-04	2.05e-06	0.00e+00	0.00e+00	0.00e+00	0.00e+00	0.00e+00	0.00e+00	0.00e+00	0.00e+00
 2.72919e+23	3.71e-05	3.97e-01	4.32e-01	1.53e-01	1.78e-02	2.06e-04	1.49e-06	0.00e+00	0.00e+00	0.00e+00	0.00e+00	0.00e+00	0.00e+00	0.00e+00	0.00e+00
 2.75800e+23	4.41e-05	4.33e-01	4.14e-01	1.38e-01	1.44e-02	1.47e-04	9.69e-07	0.00e+00	0.00e+00	0.00e+00	0.00e+00	0.00e+00	0.00e+00	0.00e+00	0.00e+00
 2.78810e+23	5.05e-05	4.63e-01	3.99e-01	1.26e-01	1.20e-02	1.12e-04	6.82e-07	0.00e+00	0.00e+00	0.00e+00	0.00e+00	0.00e+00	0.00e+00	0.00e+00	0.00e+00
 2.81733e+23	5.91e-05	4.99e-01	3.78e-01	1.13e-01	9.72e-03	8.12e-05	4.53e-07	0.00e+00	0.00e+00	0.00e+00	0.00e+00	0.00e+00	0.00e+00	0.00e+00	0.00e+00
 2.84801e+23	6.86e-05	5.35e-01	3.56e-01	1.02e-01	7.85e-03	5.96e-05	3.04e-07	0.00e+00	0.00e+00	0.00e+00	0.00e+00	0.00e+00	0.00e+00	0.00e+00	0.00e+00
 2.87868e+23	7.91e-05	5.69e-01	3.34e-01	9.10e-02	6.33e-03	4.40e-05	2.04e-07	0.00e+00	0.00e+00	0.00e+00	0.00e+00	0.00e+00	0.00e+00	0.00e+00	0.00e+00
 2.90954e+23	9.14e-05	6.05e-01	3.09e-01	8.09e-02	5.04e-03	3.22e-05	1.36e-07	0.00e+00	0.00e+00	0.00e+00	0.00e+00	0.00e+00	0.00e+00	0.00e+00	0.00e+00
 2.93684e+23	1.01e-04	6.30e-01	2.92e-01	7.40e-02	4.25e-03	2.57e-05	0.00e+00	0.00e+00	0.00e+00	0.00e+00	0.00e+00	0.00e+00	0.00e+00	0.00e+00	0.00e+00
 2.96414e+23	1.16e-04	6.64e-01	2.67e-01	6.54e-02	3.35e-03	1.89e-05	0.00e+00	0.00e+00	0.00e+00	0.00e+00	0.00e+00	0.00e+00	0.00e+00	0.00e+00	0.00e+00
 2.99234e+23	1.29e-04	6.91e-01	2.47e-01	5.90e-02	2.76e-03	1.49e-05	0.00e+00	0.00e+00	0.00e+00	0.00e+00	0.00e+00	0.00e+00	0.00e+00	0.00e+00	0.00e+00
 3.02054e+23	1.47e-04	7.24e-01	2.22e-01	5.19e-02	2.15e-03	1.11e-05	0.00e+00	0.00e+00	0.00e+00	0.00e+00	0.00e+00	0.00e+00	0.00e+00	0.00e+00	0.00e+00
 3.04987e+23	1.65e-04	7.51e-01	2.01e-01	4.60e-02	1.71e-03	8.54e-06	0.00e+00	0.00e+00	0.00e+00	0.00e+00	0.00e+00	0.00e+00	0.00e+00	0.00e+00	0.00e+00
 3.07473e+23	1.80e-04	7.74e-01	1.83e-01	4.17e-02	1.42e-03	6.93e-06	0.00e+00	0.00e+00	0.00e+00	0.00e+00	0.00e+00	0.00e+00	0.00e+00	0.00e+00	0.00e+00
