#depth	Si	Si+	Si+2	Si+3	Si+4	Si+5	Si+6	Si+7	Si+8	Si+9	Si+10	Si+11	Si+12	Si+13	Si+14
 4.62852e+21	0.00e+00	4.94e-26	6.84e-22	1.84e-18	7.73e-15	4.77e-12	9.89e-10	7.30e-08	2.56e-06	4.46e-05	4.93e-04	5.40e-03	1.40e-01	4.41e-01	4.13e-01
 1.02243e+22	0.00e+00	8.44e-24	7.31e-20	1.26e-16	4.68e-13	1.92e-10	2.62e-08	1.29e-06	3.09e-05	3.51e-04	2.28e-03	1.51e-02	2.41e-01	4.69e-01	2.73e-01
 1.16751e+22	0.00e+00	1.57e-22	1.01e-18	1.21e-15	3.92e-12	1.33e-09	1.48e-07	5.95e-06	1.18e-04	1.06e-03	5.11e-03	2.54e-02	3.08e-01	4.57e-01	2.04e-01
 1.24006e+22	6.11e-35	7.68e-22	4.06e-18	3.89e-15	1.21e-11	3.76e-09	3.82e-07	1.38e-05	2.47e-04	1.95e-03	7.93e-03	3.32e-02	3.46e-01	4.41e-01	1.70e-01
 1.27028e+22	1.03e-34	1.16e-21	5.81e-18	5.23e-15	1.61e-11	4.93e-09	4.89e-07	1.71e-05	2.99e-04	2.28e-03	8.88e-03	3.56e-02	3.56e-01	4.36e-01	1.61e-01
 1.28006e+22	1.45e-34	1.51e-21	7.33e-18	6.33e-15	1.94e-11	5.87e-09	5.75e-07	1.98e-05	3.40e-04	2.53e-03	9.57e-03	3.72e-02	3.63e-01	4.32e-01	1.56e-01
 1.28726e+22	1.96e-34	1.92e-21	8.99e-18	7.49e-15	2.29e-11	6.86e-09	6.63e-07	2.25e-05	3.80e-04	2.77e-03	1.02e-02	3.87e-02	3.69e-01	4.28e-01	1.51e-01
 1.29525e+22	2.95e-34	2.65e-21	1.19e-17	9.37e-15	2.87e-11	8.48e-09	8.06e-07	2.67e-05	4.42e-04	3.14e-03	1.12e-02	4.08e-02	3.76e-01	4.24e-01	1.44e-01
 1.30326e+22	4.02e-34	3.37e-21	1.46e-17	1.11e-14	3.39e-11	9.93e-09	9.33e-07	3.04e-05	4.96e-04	3.45e-03	1.20e-02	4.25e-02	3.82e-01	4.20e-01	1.40e-01
 1.31131e+22	6.08e-34	4.66e-21	1.92e-17	1.39e-14	4.24e-11	1.23e-08	1.14e-06	3.63e-05	5.79e-04	3.91e-03	1.31e-02	4.48e-02	3.90e-01	4.14e-01	1.33e-01
 1.31944e+22	8.36e-34	5.97e-21	2.38e-17	1.64e-14	5.04e-11	1.45e-08	1.33e-06	4.16e-05	6.52e-04	4.31e-03	1.40e-02	4.66e-02	3.96e-01	4.10e-01	1.29e-01
 1.32769e+22	1.26e-33	8.25e-21	3.13e-17	2.05e-14	6.29e-11	1.80e-08	1.62e-06	4.96e-05	7.61e-04	4.89e-03	1.53e-02	4.91e-02	4.04e-01	4.04e-01	1.23e-01
 1.33617e+22	1.76e-33	1.07e-20	3.91e-17	2.44e-14	7.54e-11	2.14e-08	1.90e-06	5.73e-05	8.63e-04	5.41e-03	1.65e-02	5.12e-02	4.10e-01	3.98e-01	1.18e-01
 1.34368e+22	2.43e-33	1.38e-20	4.84e-17	2.90e-14	8.99e-11	2.53e-08	2.23e-06	6.60e-05	9.75e-04	5.98e-03	1.77e-02	5.33e-02	4.15e-01	3.93e-01	1.13e-01
 1.35202e+22	3.64e-33	1.89e-20	6.31e-17	3.57e-14	1.12e-10	3.12e-08	2.71e-06	7.85e-05	1.14e-03	6.76e-03	1.93e-02	5.61e-02	4.22e-01	3.86e-01	1.08e-01
 1.36046e+22	5.05e-33	2.44e-20	7.83e-17	4.23e-14	1.33e-10	3.71e-08	3.19e-06	9.07e-05	1.29e-03	7.47e-03	2.08e-02	5.84e-02	4.28e-01	3.81e-01	1.03e-01
 1.36884e+22	7.45e-33	3.32e-20	1.01e-16	5.15e-14	1.65e-10	4.56e-08	3.87e-06	1.08e-04	1.49e-03	8.42e-03	2.26e-02	6.12e-02	4.35e-01	3.74e-01	9.80e-02
 1.37736e+22	1.04e-32	4.30e-20	1.26e-16	6.10e-14	1.97e-10	5.43e-08	4.56e-06	1.24e-04	1.69e-03	9.32e-03	2.43e-02	6.37e-02	4.40e-01	3.67e-01	9.36e-02
 1.38590e+22	1.51e-32	5.78e-20	1.60e-16	7.37e-14	2.41e-10	6.64e-08	5.51e-06	1.47e-04	1.95e-03	1.05e-02	2.64e-02	6.67e-02	4.46e-01	3.60e-01	8.87e-02
 1.39457e+22	2.11e-32	7.48e-20	1.99e-16	8.70e-14	2.89e-10	7.91e-08	6.50e-06	1.70e-04	2.22e-03	1.16e-02	2.83e-02	6.94e-02	4.51e-01	3.53e-01	8.46e-02
 1.40330e+22	3.04e-32	9.97e-20	2.52e-16	1.04e-13	3.52e-10	9.63e-08	7.82e-06	2.01e-04	2.55e-03	1.30e-02	3.07e-02	7.24e-02	4.56e-01	3.45e-01	8.00e-02
 1.41223e+22	4.23e-32	1.29e-19	3.12e-16	1.23e-13	4.21e-10	1.15e-07	9.24e-06	2.33e-04	2.89e-03	1.43e-02	3.30e-02	7.53e-02	4.60e-01	3.38e-01	7.60e-02
 1.42070e+22	5.79e-32	1.65e-19	3.83e-16	1.43e-13	4.99e-10	1.36e-07	1.08e-05	2.68e-04	3.26e-03	1.58e-02	3.53e-02	7.81e-02	4.64e-01	3.31e-01	7.23e-02
 1.42976e+22	8.26e-32	2.18e-19	4.81e-16	1.70e-13	6.05e-10	1.65e-07	1.30e-05	3.15e-04	3.74e-03	1.76e-02	3.80e-02	8.13e-02	4.68e-01	3.23e-01	6.82e-02
 1.43894e+22	1.12e-31	2.78e-19	5.86e-16	1.98e-13	7.15e-10	1.94e-07	1.52e-05	3.61e-04	4.20e-03	1.93e-02	4.06e-02	8.41e-02	4.71e-01	3.15e-01	6.48e-02
 1.44838e+22	1.59e-31	3.66e-19	7.35e-16	2.35e-13	8.66e-10	2.35e-07	1.82e-05	4.24e-04	4.81e-03	2.14e-02	4.37e-02	8.75e-02	4.74e-01	3.07e-01	6.09e-02
 1.45806e+22	2.15e-31	4.65e-19	8.94e-16	2.72e-13	1.02e-09	2.78e-07	2.13e-05	4.86e-04	5.40e-03	2.35e-02	4.66e-02	9.04e-02	4.77e-01	2.99e-01	5.77e-02
 1.46806e+22	3.05e-31	6.13e-19	1.12e-15	3.22e-13	1.24e-09	3.36e-07	2.55e-05	5.70e-04	6.17e-03	2.61e-02	5.01e-02	9.39e-02	4.79e-01	2.90e-01	5.41e-02
 1.47834e+22	4.12e-31	7.79e-19	1.36e-15	3.73e-13	1.46e-09	3.96e-07	2.98e-05	6.54e-04	6.92e-03	2.85e-02	5.33e-02	9.69e-02	4.80e-01	2.82e-01	5.10e-02
 1.48902e+22	5.85e-31	1.03e-18	1.71e-15	4.42e-13	1.77e-09	4.80e-07	3.57e-05	7.68e-04	7.91e-03	3.17e-02	5.73e-02	1.00e-01	4.81e-01	2.73e-01	4.76e-02
 1.50000e+22	7.88e-31	1.31e-18	2.08e-15	5.12e-13	2.08e-09	5.65e-07	4.16e-05	8.80e-04	8.85e-03	3.46e-02	6.08e-02	1.03e-01	4.82e-01	2.65e-01	4.48e-02
 1.51149e+22	1.12e-30	1.73e-18	2.62e-15	6.09e-13	2.53e-09	6.85e-07	4.99e-05	1.03e-03	1.01e-02	3.83e-02	6.52e-02	1.07e-01	4.82e-01	2.55e-01	4.16e-02
 1.52306e+22	1.49e-30	2.17e-18	3.16e-15	7.02e-13	2.95e-09	8.00e-07	5.78e-05	1.17e-03	1.12e-02	4.16e-02	6.89e-02	1.10e-01	4.81e-01	2.47e-01	3.91e-02
 1.53512e+22	2.12e-30	2.89e-18	4.00e-15	8.38e-13	3.59e-09	9.72e-07	6.95e-05	1.38e-03	1.28e-02	4.60e-02	7.37e-02	1.13e-01	4.80e-01	2.37e-01	3.61e-02
 1.54745e+22	2.81e-30	3.63e-18	4.83e-15	9.66e-13	4.19e-09	1.13e-06	8.02e-05	1.57e-03	1.42e-02	4.99e-02	7.77e-02	1.16e-01	4.78e-01	2.29e-01	3.38e-02
 1.56016e+22	4.01e-30	4.84e-18	6.12e-15	1.15e-12	5.10e-09	1.37e-06	9.63e-05	1.84e-03	1.62e-02	5.51e-02	8.29e-02	1.20e-01	4.75e-01	2.19e-01	3.11e-02
 1.57250e+22	5.14e-30	5.92e-18	7.23e-15	1.31e-12	5.84e-09	1.57e-06	1.09e-04	2.06e-03	1.77e-02	5.89e-02	8.67e-02	1.22e-01	4.72e-01	2.11e-01	2.93e-02
 1.58436e+22	7.06e-30	7.67e-18	8.94e-15	1.54e-12	6.94e-09	1.87e-06	1.28e-04	2.37e-03	1.98e-02	6.42e-02	9.16e-02	1.25e-01	4.68e-01	2.02e-01	2.70e-02
 1.59652e+22	9.06e-30	9.39e-18	1.06e-14	1.75e-12	7.95e-09	2.13e-06	1.45e-04	2.64e-03	2.17e-02	6.86e-02	9.55e-02	1.27e-01	4.64e-01	1.95e-01	2.54e-02
 1.60908e+22	1.26e-29	1.23e-17	1.32e-14	2.07e-12	9.46e-09	2.54e-06	1.71e-04	3.05e-03	2.43e-02	7.48e-02	1.01e-01	1.30e-01	4.58e-01	1.86e-01	2.33e-02
 1.62175e+22	1.61e-29	1.50e-17	1.56e-14	2.35e-12	1.08e-08	2.89e-06	1.93e-04	3.39e-03	2.64e-02	7.96e-02	1.05e-01	1.32e-01	4.54e-01	1.79e-01	2.18e-02
 1.63459e+22	2.21e-29	1.95e-17	1.94e-14	2.77e-12	1.28e-08	3.41e-06	2.26e-04	3.89e-03	2.95e-02	8.63e-02	1.10e-01	1.34e-01	4.47e-01	1.70e-01	1.99e-02
 1.64727e+22	2.78e-29	2.36e-17	2.27e-14	3.14e-12	1.45e-08	3.85e-06	2.53e-04	4.30e-03	3.19e-02	9.13e-02	1.14e-01	1.35e-01	4.41e-01	1.63e-01	1.87e-02
 1.65976e+22	3.76e-29	3.03e-17	2.79e-14	3.66e-12	1.69e-08	4.50e-06	2.93e-04	4.89e-03	3.52e-02	9.83e-02	1.19e-01	1.37e-01	4.33e-01	1.55e-01	1.71e-02
 1.67240e+22	4.72e-29	3.66e-17	3.27e-14	4.15e-12	1.91e-08	5.06e-06	3.27e-04	5.38e-03	3.80e-02	1.04e-01	1.23e-01	1.38e-01	4.27e-01	1.48e-01	1.60e-02
 1.68524e+22	6.24e-29	4.61e-17	3.98e-14	4.84e-12	2.22e-08	5.85e-06	3.74e-04	6.04e-03	4.15e-02	1.11e-01	1.27e-01	1.40e-01	4.19e-01	1.41e-01	1.47e-02
 1.69876e+22	8.10e-29	5.73e-17	4.77e-14	5.56e-12	2.54e-08	6.67e-06	4.23e-04	6.72e-03	4.51e-02	1.17e-01	1.32e-01	1.41e-01	4.11e-01	1.34e-01	1.36e-02
 1.71091e+22	1.02e-28	6.95e-17	5.61e-14	6.31e-12	2.86e-08	7.50e-06	4.71e-04	7.39e-03	4.85e-02	1.23e-01	1.35e-01	1.41e-01	4.03e-01	1.28e-01	1.26e-02
 1.72446e+22	1.38e-28	8.94e-17	6.93e-14	7.42e-12	3.34e-08	8.71e-06	5.42e-04	8.34e-03	5.32e-02	1.32e-01	1.40e-01	1.42e-01	3.92e-01	1.20e-01	1.14e-02
 1.73827e+22	1.74e-28	1.09e-16	8.17e-14	8.45e-12	3.77e-08	9.78e-06	6.03e-04	9.14e-03	5.70e-02	1.38e-01	1.44e-01	1.42e-01	3.84e-01	1.14e-01	1.06e-02
 1.75242e+22	2.35e-28	1.40e-16	1.01e-13	9.99e-12	4.39e-08	1.13e-05	6.92e-04	1.03e-02	6.24e-02	1.47e-01	1.48e-01	1.43e-01	3.73e-01	1.07e-01	9.54e-03
 1.76622e+22	2.89e-28	1.67e-16	1.18e-13	1.13e-11	4.90e-08	1.26e-05	7.60e-04	1.12e-02	6.62e-02	1.53e-01	1.51e-01	1.42e-01	3.65e-01	1.02e-01	8.90e-03
 1.77956e+22	3.84e-28	2.12e-16	1.44e-13	1.32e-11	5.64e-08	1.44e-05	8.63e-04	1.25e-02	7.18e-02	1.62e-01	1.55e-01	1.42e-01	3.53e-01	9.55e-02	8.04e-03
 1.79309e+22	4.73e-28	2.53e-16	1.68e-13	1.49e-11	6.29e-08	1.60e-05	9.47e-04	1.35e-02	7.61e-02	1.68e-01	1.57e-01	1.42e-01	3.44e-01	9.09e-02	7.47e-03
 1.80687e+22	6.24e-28	3.20e-16	2.05e-13	1.74e-11	7.23e-08	1.82e-05	1.07e-03	1.49e-02	8.21e-02	1.76e-01	1.61e-01	1.41e-01	3.33e-01	8.49e-02	6.74e-03
 1.82103e+22	7.77e-28	3.86e-16	2.41e-13	1.99e-11	8.11e-08	2.03e-05	1.18e-03	1.62e-02	8.71e-02	1.83e-01	1.63e-01	1.40e-01	3.23e-01	8.03e-02	6.22e-03
 1.83571e+22	1.04e-27	4.95e-16	2.97e-13	2.34e-11	9.36e-08	2.33e-05	1.33e-03	1.80e-02	9.41e-02	1.92e-01	1.66e-01	1.39e-01	3.10e-01	7.43e-02	5.55e-03
 1.85055e+22	1.30e-27	5.96e-16	3.50e-13	2.67e-11	1.05e-07	2.59e-05	1.46e-03	1.95e-02	9.94e-02	1.99e-01	1.68e-01	1.37e-01	3.01e-01	7.02e-02	5.11e-03
 1.86560e+22	1.72e-27	7.59e-16	4.30e-13	3.15e-11	1.21e-07	2.95e-05	1.65e-03	2.16e-02	1.07e-01	2.07e-01	1.70e-01	1.35e-01	2.88e-01	6.49e-02	4.57e-03
 1.88125e+22	2.18e-27	9.27e-16	5.13e-13	3.64e-11	1.36e-07	3.30e-05	1.82e-03	2.34e-02	1.13e-01	2.14e-01	1.71e-01	1.34e-01	2.78e-01	6.08e-02	4.16e-03
 1.89768e+22	2.96e-27	1.20e-15	6.41e-13	4.35e-11	1.58e-07	3.79e-05	2.06e-03	2.59e-02	1.21e-01	2.23e-01	1.73e-01	1.31e-01	2.64e-01	5.57e-02	3.67e-03
 1.91452e+22	3.78e-27	1.48e-15	7.69e-13	5.05e-11	1.80e-07	4.25e-05	2.28e-03	2.82e-02	1.28e-01	2.30e-01	1.74e-01	1.29e-01	2.53e-01	5.18e-02	3.32e-03
 1.93189e+22	5.18e-27	1.93e-15	9.70e-13	6.08e-11	2.10e-07	4.90e-05	2.59e-03	3.13e-02	1.38e-01	2.39e-01	1.75e-01	1.26e-01	2.39e-01	4.71e-02	2.90e-03
 1.94978e+22	6.68e-27	2.39e-15	1.17e-12	7.10e-11	2.39e-07	5.51e-05	2.86e-03	3.39e-02	1.45e-01	2.46e-01	1.75e-01	1.23e-01	2.28e-01	4.35e-02	2.60e-03
 1.96835e+22	9.26e-27	3.15e-15	1.49e-12	8.62e-11	2.80e-07	6.37e-05	3.25e-03	3.76e-02	1.56e-01	2.55e-01	1.75e-01	1.19e-01	2.14e-01	3.92e-02	2.25e-03
 1.98713e+22	1.20e-26	3.92e-15	1.81e-12	1.01e-10	3.19e-07	7.15e-05	3.59e-03	4.07e-02	1.64e-01	2.61e-01	1.74e-01	1.16e-01	2.03e-01	3.60e-02	2.00e-03
 2.00619e+22	1.67e-26	5.19e-15	2.31e-12	1.23e-10	3.74e-07	8.26e-05	4.08e-03	4.51e-02	1.75e-01	2.69e-01	1.73e-01	1.12e-01	1.89e-01	3.21e-02	1.71e-03
 2.02578e+22	2.17e-26	6.50e-15	2.82e-12	1.45e-10	4.27e-07	9.29e-05	4.51e-03	4.88e-02	1.84e-01	2.75e-01	1.71e-01	1.08e-01	1.78e-01	2.93e-02	1.51e-03
 2.04607e+22	3.09e-26	8.77e-15	3.64e-12	1.77e-10	5.03e-07	1.08e-04	5.13e-03	5.41e-02	1.96e-01	2.82e-01	1.69e-01	1.03e-01	1.64e-01	2.58e-02	1.27e-03
 2.06647e+22	4.01e-26	1.10e-14	4.43e-12	2.08e-10	5.73e-07	1.21e-04	5.65e-03	5.84e-02	2.05e-01	2.87e-01	1.67e-01	9.96e-02	1.53e-01	2.34e-02	1.12e-03
 2.08702e+22	5.70e-26	1.48e-14	5.73e-12	2.55e-10	6.71e-07	1.39e-04	6.40e-03	6.45e-02	2.17e-01	2.92e-01	1.64e-01	9.45e-02	1.40e-01	2.04e-02	9.28e-04
 2.10785e+22	7.46e-26	1.87e-14	7.01e-12	3.00e-10	7.62e-07	1.56e-04	7.04e-03	6.95e-02	2.27e-01	2.96e-01	1.61e-01	9.05e-02	1.30e-01	1.83e-02	8.05e-04
 2.12539e+22	9.50e-26	2.30e-14	8.40e-12	3.47e-10	8.53e-07	1.72e-04	7.67e-03	7.43e-02	2.35e-01	2.99e-01	1.58e-01	8.69e-02	1.22e-01	1.66e-02	7.05e-04
 2.14454e+22	1.31e-25	3.05e-14	1.06e-11	4.17e-10	9.81e-07	1.96e-04	8.56e-03	8.11e-02	2.47e-01	3.02e-01	1.53e-01	8.21e-02	1.11e-01	1.44e-02	5.87e-04
 2.16352e+22	1.66e-25	3.75e-14	1.27e-11	4.79e-10	1.09e-06	2.15e-04	9.28e-03	8.63e-02	2.55e-01	3.04e-01	1.50e-01	7.86e-02	1.04e-01	1.30e-02	5.13e-04
 2.18227e+22	2.26e-25	4.94e-14	1.60e-11	5.72e-10	1.25e-06	2.42e-04	1.03e-02	9.37e-02	2.66e-01	3.05e-01	1.45e-01	7.40e-02	9.40e-02	1.13e-02	4.26e-04
 2.20124e+22	2.89e-25	6.12e-14	1.91e-11	6.58e-10	1.39e-06	2.66e-04	1.12e-02	9.97e-02	2.74e-01	3.06e-01	1.41e-01	7.04e-02	8.70e-02	1.01e-02	3.68e-04
 2.22049e+22	3.97e-25	8.17e-14	2.42e-11	7.89e-10	1.58e-06	2.99e-04	1.24e-02	1.08e-01	2.85e-01	3.06e-01	1.36e-01	6.58e-02	7.81e-02	8.65e-03	3.01e-04
 2.23986e+22	5.03e-25	1.02e-13	2.91e-11	9.09e-10	1.75e-06	3.28e-04	1.34e-02	1.15e-01	2.93e-01	3.05e-01	1.31e-01	6.23e-02	7.18e-02	7.67e-03	2.57e-04
 2.25938e+22	6.90e-25	1.37e-13	3.70e-11	1.09e-09	2.00e-06	3.69e-04	1.48e-02	1.25e-01	3.04e-01	3.03e-01	1.25e-01	5.79e-02	6.40e-02	6.51e-03	2.08e-04
 2.27916e+22	8.83e-25	1.74e-13	4.48e-11	1.26e-09	2.22e-06	4.05e-04	1.60e-02	1.33e-01	3.12e-01	3.01e-01	1.20e-01	5.44e-02	5.83e-02	5.70e-03	1.75e-04
 2.29927e+22	1.22e-24	2.38e-13	5.77e-11	1.53e-09	2.54e-06	4.56e-04	1.78e-02	1.44e-01	3.22e-01	2.97e-01	1.13e-01	5.01e-02	5.13e-02	4.76e-03	1.39e-04
 2.31962e+22	1.57e-24	3.06e-13	7.05e-11	1.79e-09	2.82e-06	5.01e-04	1.93e-02	1.53e-01	3.29e-01	2.93e-01	1.08e-01	4.68e-02	4.62e-02	4.11e-03	1.15e-04
 2.33978e+22	2.14e-24	4.21e-13	9.08e-11	2.17e-09	3.23e-06	5.63e-04	2.13e-02	1.65e-01	3.38e-01	2.87e-01	1.01e-01	4.28e-02	4.04e-02	3.41e-03	9.06e-05
 2.35891e+22	2.67e-24	5.29e-13	1.09e-10	2.49e-09	3.56e-06	6.12e-04	2.28e-02	1.74e-01	3.43e-01	2.82e-01	9.66e-02	4.01e-02	3.66e-02	2.98e-03	7.62e-05
 2.37720e+22	3.56e-24	7.21e-13	1.39e-10	3.00e-09	4.05e-06	6.82e-04	2.50e-02	1.87e-01	3.50e-01	2.75e-01	9.02e-02	3.67e-02	3.21e-02	2.48e-03	6.03e-05
 2.39586e+22	4.48e-24	9.26e-13	1.69e-10	3.50e-09	4.50e-06	7.46e-04	2.69e-02	1.98e-01	3.55e-01	2.69e-01	8.52e-02	3.42e-02	2.87e-02	2.13e-03	4.98e-05
 2.41373e+22	5.80e-24	1.25e-12	2.13e-10	4.20e-09	5.10e-06	8.28e-04	2.93e-02	2.11e-01	3.60e-01	2.61e-01	7.94e-02	3.13e-02	2.52e-02	1.78e-03	3.97e-05
 2.43208e+22	7.36e-24	1.64e-12	2.64e-10	4.97e-09	5.74e-06	9.12e-04	3.17e-02	2.24e-01	3.64e-01	2.53e-01	7.42e-02	2.88e-02	2.23e-02	1.51e-03	3.21e-05
 2.44985e+22	9.39e-24	2.19e-12	3.30e-10	5.95e-09	6.51e-06	1.01e-03	3.43e-02	2.37e-01	3.67e-01	2.45e-01	6.89e-02	2.64e-02	1.96e-02	1.26e-03	2.58e-05
 2.46748e+22	1.18e-23	2.89e-12	4.10e-10	7.10e-09	7.37e-06	1.11e-03	3.70e-02	2.51e-01	3.69e-01	2.36e-01	6.41e-02	2.42e-02	1.72e-02	1.06e-03	2.08e-05
 2.48482e+22	1.49e-23	3.84e-12	5.12e-10	8.51e-09	8.38e-06	1.23e-03	4.00e-02	2.65e-01	3.70e-01	2.27e-01	5.93e-02	2.21e-02	1.51e-02	8.92e-04	1.67e-05
 2.50202e+22	1.88e-23	5.08e-12	6.38e-10	1.02e-08	9.53e-06	1.36e-03	4.31e-02	2.79e-01	3.70e-01	2.17e-01	5.48e-02	2.02e-02	1.33e-02	7.49e-04	1.34e-05
 2.51902e+22	2.36e-23	6.73e-12	7.96e-10	1.23e-08	1.09e-05	1.50e-03	4.65e-02	2.93e-01	3.70e-01	2.08e-01	5.05e-02	1.84e-02	1.16e-02	6.27e-04	1.07e-05
 2.53596e+22	2.95e-23	8.91e-12	9.94e-10	1.48e-08	1.24e-05	1.66e-03	5.00e-02	3.07e-01	3.68e-01	1.98e-01	4.64e-02	1.68e-02	1.01e-02	5.24e-04	8.59e-06
 2.55292e+22	3.71e-23	1.18e-11	1.24e-09	1.79e-08	1.42e-05	1.84e-03	5.38e-02	3.22e-01	3.66e-01	1.89e-01	4.26e-02	1.52e-02	8.84e-03	4.37e-04	6.86e-06
 2.56997e+22	4.67e-23	1.57e-11	1.56e-09	2.17e-08	1.64e-05	2.04e-03	5.79e-02	3.37e-01	3.63e-01	1.79e-01	3.89e-02	1.38e-02	7.68e-03	3.64e-04	5.46e-06
 2.58717e+22	5.89e-23	2.08e-11	1.95e-09	2.63e-08	1.88e-05	2.27e-03	6.22e-02	3.52e-01	3.59e-01	1.70e-01	3.55e-02	1.25e-02	6.65e-03	3.01e-04	4.34e-06
 2.60460e+22	7.46e-23	2.76e-11	2.45e-09	3.21e-08	2.18e-05	2.52e-03	6.69e-02	3.67e-01	3.54e-01	1.60e-01	3.23e-02	1.12e-02	5.74e-03	2.49e-04	3.43e-06
 2.62233e+22	9.52e-23	3.67e-11	3.09e-09	3.93e-08	2.52e-05	2.80e-03	7.19e-02	3.82e-01	3.49e-01	1.50e-01	2.92e-02	1.01e-02	4.94e-03	2.05e-04	2.70e-06
 2.64019e+22	1.21e-22	4.86e-11	3.89e-09	4.81e-08	2.92e-05	3.11e-03	7.70e-02	3.96e-01	3.42e-01	1.41e-01	2.64e-02	9.04e-03	4.25e-03	1.68e-04	2.12e-06
 2.65843e+22	1.40e-22	6.49e-11	4.92e-09	5.93e-08	3.39e-05	3.46e-03	8.27e-02	4.11e-01	3.35e-01	1.32e-01	2.38e-02	8.06e-03	3.63e-03	1.37e-04	1.65e-06
 2.67679e+22	1.79e-22	8.53e-11	6.16e-09	7.24e-08	3.92e-05	3.84e-03	8.84e-02	4.25e-01	3.27e-01	1.24e-01	2.14e-02	7.21e-03	3.11e-03	1.13e-04	1.30e-06
 2.69564e+22	2.36e-22	1.14e-10	7.85e-09	8.99e-08	4.59e-05	4.28e-03	9.48e-02	4.39e-01	3.19e-01	1.15e-01	1.92e-02	6.37e-03	2.63e-03	9.08e-05	9.99e-07
 2.71330e+22	2.94e-22	1.43e-10	9.49e-09	1.07e-07	5.19e-05	4.66e-03	1.00e-01	4.50e-01	3.11e-01	1.08e-01	1.75e-02	5.77e-03	2.30e-03	7.65e-05	8.11e-07
 2.73134e+22	3.92e-22	1.92e-10	1.21e-08	1.33e-07	6.09e-05	5.21e-03	1.07e-01	4.63e-01	3.02e-01	9.98e-02	1.55e-02	5.07e-03	1.93e-03	6.12e-05	6.18e-07
 2.74963e+22	4.93e-22	2.40e-10	1.46e-08	1.58e-07	6.89e-05	5.66e-03	1.13e-01	4.73e-01	2.94e-01	9.38e-02	1.41e-02	4.58e-03	1.68e-03	5.14e-05	5.01e-07
 2.76825e+22	6.63e-22	3.20e-10	1.87e-08	1.96e-07	8.07e-05	6.31e-03	1.21e-01	4.85e-01	2.83e-01	8.63e-02	1.25e-02	4.01e-03	1.41e-03	4.10e-05	3.80e-07
 2.78733e+22	8.46e-22	4.01e-10	2.27e-08	2.34e-07	9.16e-05	6.88e-03	1.27e-01	4.94e-01	2.75e-01	8.07e-02	1.13e-02	3.60e-03	1.22e-03	3.41e-05	3.04e-07
 2.80701e+22	1.16e-21	5.37e-10	2.91e-08	2.94e-07	1.08e-04	7.68e-03	1.35e-01	5.05e-01	2.64e-01	7.37e-02	9.95e-03	3.12e-03	1.01e-03	2.68e-05	2.28e-07
 2.82698e+22	1.48e-21	6.71e-10	3.53e-08	3.51e-07	1.22e-04	8.36e-03	1.42e-01	5.13e-01	2.55e-01	6.88e-02	8.99e-03	2.79e-03	8.71e-04	2.22e-05	1.82e-07
 2.84735e+22	2.05e-21	8.96e-10	4.53e-08	4.42e-07	1.44e-04	9.33e-03	1.51e-01	5.22e-01	2.43e-01	6.26e-02	7.85e-03	2.40e-03	7.16e-04	1.74e-05	1.35e-07
 2.86781e+22	2.62e-21	1.11e-09	5.46e-08	5.24e-07	1.63e-04	1.01e-02	1.59e-01	5.28e-01	2.35e-01	5.83e-02	7.10e-03	2.15e-03	6.18e-04	1.44e-05	0.00e+00
 2.88840e+22	3.60e-21	1.46e-09	6.97e-08	6.56e-07	1.92e-04	1.12e-02	1.68e-01	5.36e-01	2.23e-01	5.29e-02	6.19e-03	1.85e-03	5.08e-04	1.13e-05	0.00e+00
 2.90923e+22	4.60e-21	1.80e-09	8.39e-08	7.77e-07	2.17e-04	1.22e-02	1.76e-01	5.40e-01	2.15e-01	4.92e-02	5.59e-03	1.65e-03	4.37e-04	9.32e-06	0.00e+00
 2.93037e+22	6.34e-21	2.37e-09	1.07e-07	9.73e-07	2.54e-04	1.35e-02	1.86e-01	5.46e-01	2.04e-01	4.45e-02	4.86e-03	1.41e-03	3.58e-04	7.25e-06	0.00e+00
 2.95185e+22	8.14e-21	2.92e-09	1.29e-07	1.16e-06	2.88e-04	1.46e-02	1.94e-01	5.49e-01	1.95e-01	4.12e-02	4.37e-03	1.25e-03	3.07e-04	5.97e-06	0.00e+00
 2.97377e+22	1.13e-20	3.83e-09	1.65e-07	1.45e-06	3.38e-04	1.62e-02	2.05e-01	5.52e-01	1.84e-01	3.72e-02	3.79e-03	1.07e-03	2.50e-04	4.61e-06	0.00e+00
 2.99608e+22	1.45e-20	4.73e-09	1.99e-07	1.73e-06	3.83e-04	1.76e-02	2.13e-01	5.54e-01	1.76e-01	3.43e-02	3.39e-03	9.43e-04	2.13e-04	3.77e-06	0.00e+00
 3.01889e+22	2.02e-20	6.21e-09	2.55e-07	2.18e-06	4.51e-04	1.95e-02	2.25e-01	5.55e-01	1.65e-01	3.08e-02	2.93e-03	8.00e-04	1.72e-04	2.89e-06	0.00e+00
 3.04221e+22	2.62e-20	7.68e-09	3.10e-07	2.61e-06	5.12e-04	2.11e-02	2.34e-01	5.56e-01	1.57e-01	2.83e-02	2.61e-03	7.02e-04	1.46e-04	2.35e-06	0.00e+00
 3.06185e+22	3.29e-20	9.26e-09	3.68e-07	3.06e-06	5.73e-04	2.27e-02	2.42e-01	5.55e-01	1.50e-01	2.63e-02	2.35e-03	6.25e-04	1.26e-04	1.95e-06	0.00e+00
 3.08305e+22	4.42e-20	1.18e-08	4.60e-07	3.77e-06	6.64e-04	2.49e-02	2.53e-01	5.54e-01	1.41e-01	2.37e-02	2.05e-03	5.36e-04	1.03e-04	1.52e-06	0.00e+00
 3.10434e+22	5.54e-20	1.42e-08	5.44e-07	4.40e-06	7.40e-04	2.66e-02	2.61e-01	5.52e-01	1.35e-01	2.20e-02	1.85e-03	4.78e-04	8.92e-05	1.27e-06	0.00e+00
 3.12574e+22	7.40e-20	1.79e-08	6.78e-07	5.42e-06	8.55e-04	2.91e-02	2.72e-01	5.49e-01	1.27e-01	1.99e-02	1.61e-03	4.10e-04	7.33e-05	9.91e-07	0.00e+00
 3.14701e+22	9.20e-20	2.14e-08	7.97e-07	6.29e-06	9.50e-04	3.10e-02	2.80e-01	5.47e-01	1.21e-01	1.85e-02	1.46e-03	3.66e-04	6.35e-05	8.29e-07	0.00e+00
 3.16812e+22	1.22e-19	2.68e-08	9.87e-07	7.69e-06	1.09e-03	3.38e-02	2.91e-01	5.43e-01	1.14e-01	1.67e-02	1.28e-03	3.14e-04	5.24e-05	6.51e-07	0.00e+00
 3.18947e+22	1.51e-19	3.20e-08	1.16e-06	8.95e-06	1.21e-03	3.61e-02	2.99e-01	5.39e-01	1.08e-01	1.55e-02	1.15e-03	2.80e-04	4.53e-05	5.42e-07	0.00e+00
 3.21112e+22	2.01e-19	4.01e-08	1.44e-06	1.09e-05	1.39e-03	3.92e-02	3.10e-01	5.33e-01	1.01e-01	1.40e-02	1.01e-03	2.40e-04	3.73e-05	4.26e-07	0.00e+00
 3.23314e+22	2.51e-19	4.79e-08	1.70e-06	1.28e-05	1.56e-03	4.19e-02	3.18e-01	5.28e-01	9.61e-02	1.29e-02	9.04e-04	2.13e-04	3.20e-05	3.51e-07	0.00e+00
 3.25563e+22	3.34e-19	6.04e-08	2.12e-06	1.57e-05	1.79e-03	4.56e-02	3.29e-01	5.21e-01	8.95e-02	1.16e-02	7.84e-04	1.81e-04	2.61e-05	2.73e-07	0.00e+00
 3.27831e+22	4.18e-19	7.21e-08	2.51e-06	1.83e-05	1.99e-03	4.85e-02	3.38e-01	5.15e-01	8.49e-02	1.07e-02	7.06e-04	1.61e-04	2.25e-05	2.26e-07	0.00e+00
 3.30125e+22	5.57e-19	9.09e-08	3.13e-06	2.27e-05	2.31e-03	5.29e-02	3.49e-01	5.07e-01	7.87e-02	9.60e-03	6.09e-04	1.36e-04	1.82e-05	1.74e-07	0.00e+00
 3.32441e+22	6.98e-19	1.09e-07	3.70e-06	2.64e-05	2.56e-03	5.63e-02	3.57e-01	5.00e-01	7.44e-02	8.85e-03	5.47e-04	1.21e-04	1.57e-05	1.44e-07	0.00e+00
 3.34789e+22	9.31e-19	1.37e-07	4.63e-06	3.27e-05	2.96e-03	6.12e-02	3.68e-01	4.90e-01	6.88e-02	7.90e-03	4.71e-04	1.02e-04	1.27e-05	0.00e+00	0.00e+00
 3.37189e+22	1.18e-18	1.65e-07	5.51e-06	3.83e-05	3.30e-03	6.52e-02	3.77e-01	4.82e-01	6.48e-02	7.25e-03	4.21e-04	8.97e-05	1.08e-05	0.00e+00	0.00e+00
 3.39656e+22	1.59e-18	2.09e-07	6.94e-06	4.78e-05	3.84e-03	7.10e-02	3.88e-01	4.71e-01	5.95e-02	6.43e-03	3.60e-04	7.52e-05	8.63e-06	0.00e+00	0.00e+00
 3.42178e+22	2.02e-18	2.53e-07	8.32e-06	5.63e-05	4.29e-03	7.57e-02	3.96e-01	4.62e-01	5.58e-02	5.88e-03	3.19e-04	6.57e-05	7.29e-06	0.00e+00	0.00e+00
 3.44769e+22	2.75e-18	3.24e-07	1.06e-05	7.07e-05	5.00e-03	8.26e-02	4.07e-01	4.49e-01	5.09e-02	5.18e-03	2.71e-04	5.46e-05	5.78e-06	0.00e+00	0.00e+00
 3.47379e+22	3.51e-18	3.91e-07	1.27e-05	8.35e-05	5.59e-03	8.79e-02	4.15e-01	4.39e-01	4.76e-02	4.72e-03	2.40e-04	4.75e-05	4.86e-06	0.00e+00	0.00e+00
 3.50015e+22	4.79e-18	5.01e-07	1.61e-05	1.05e-04	6.51e-03	9.57e-02	4.25e-01	4.25e-01	4.33e-02	4.15e-03	2.03e-04	3.94e-05	3.84e-06	0.00e+00	0.00e+00
 3.52518e+22	5.96e-18	5.94e-07	1.90e-05	1.22e-04	7.22e-03	1.01e-01	4.31e-01	4.15e-01	4.06e-02	3.80e-03	1.81e-04	3.46e-05	3.27e-06	0.00e+00	0.00e+00
 3.54848e+22	7.76e-18	7.31e-07	2.31e-05	1.47e-04	8.16e-03	1.08e-01	4.39e-01	4.03e-01	3.75e-02	3.42e-03	1.58e-04	2.96e-05	2.69e-06	0.00e+00	0.00e+00
 3.57338e+22	9.92e-18	8.86e-07	2.79e-05	1.75e-04	9.16e-03	1.15e-01	4.46e-01	3.92e-01	3.47e-02	3.09e-03	1.38e-04	2.56e-05	2.24e-06	0.00e+00	0.00e+00
 3.59660e+22	1.23e-17	1.07e-06	3.33e-05	2.06e-04	1.02e-02	1.22e-01	4.51e-01	3.81e-01	3.22e-02	2.80e-03	1.22e-04	2.22e-05	1.88e-06	0.00e+00	0.00e+00
 3.61845e+22	1.53e-17	1.26e-06	3.91e-05	2.40e-04	1.13e-02	1.29e-01	4.57e-01	3.70e-01	3.01e-02	2.56e-03	1.08e-04	1.94e-05	1.59e-06	0.00e+00	0.00e+00
 3.63917e+22	1.88e-17	1.49e-06	4.59e-05	2.79e-04	1.25e-02	1.36e-01	4.61e-01	3.60e-01	2.81e-02	2.34e-03	9.65e-05	1.71e-05	1.35e-06	0.00e+00	0.00e+00
 3.66298e+22	2.48e-17	1.84e-06	5.62e-05	3.37e-04	1.41e-02	1.45e-01	4.66e-01	3.47e-01	2.57e-02	2.09e-03	8.32e-05	1.45e-05	1.10e-06	0.00e+00	0.00e+00
 3.68718e+22	3.07e-17	2.18e-06	6.62e-05	3.93e-04	1.56e-02	1.52e-01	4.70e-01	3.36e-01	2.38e-02	1.90e-03	7.36e-05	1.26e-05	9.30e-07	0.00e+00	0.00e+00
 3.71192e+22	4.07e-17	2.70e-06	8.13e-05	4.75e-04	1.76e-02	1.62e-01	4.74e-01	3.22e-01	2.17e-02	1.69e-03	6.33e-05	1.07e-05	7.53e-07	0.00e+00	0.00e+00
 3.73726e+22	5.18e-17	3.24e-06	9.69e-05	5.60e-04	1.96e-02	1.71e-01	4.77e-01	3.10e-01	2.00e-02	1.52e-03	5.54e-05	9.19e-06	6.26e-07	0.00e+00	0.00e+00
 3.75962e+22	6.44e-17	3.84e-06	1.14e-04	6.53e-04	2.17e-02	1.80e-01	4.79e-01	2.99e-01	1.85e-02	1.38e-03	4.87e-05	7.98e-06	5.25e-07	0.00e+00	0.00e+00
 3.78488e+22	8.59e-17	4.76e-06	1.40e-04	7.90e-04	2.45e-02	1.91e-01	4.81e-01	2.85e-01	1.67e-02	1.22e-03	4.17e-05	6.70e-06	4.22e-07	0.00e+00	0.00e+00
 3.81130e+22	1.11e-16	5.76e-06	1.68e-04	9.36e-04	2.73e-02	2.01e-01	4.81e-01	2.73e-01	1.53e-02	1.09e-03	3.61e-05	5.72e-06	3.47e-07	0.00e+00	0.00e+00
 3.83528e+22	1.41e-16	6.91e-06	2.00e-04	1.10e-03	3.02e-02	2.11e-01	4.81e-01	2.61e-01	1.40e-02	9.81e-04	3.14e-05	4.91e-06	2.87e-07	0.00e+00	0.00e+00
 3.86253e+22	1.91e-16	8.68e-06	2.49e-04	1.35e-03	3.44e-02	2.24e-01	4.80e-01	2.47e-01	1.25e-02	8.55e-04	2.64e-05	4.05e-06	2.26e-07	0.00e+00	0.00e+00
 3.89052e+22	2.50e-16	1.06e-05	3.00e-04	1.60e-03	3.83e-02	2.35e-01	4.79e-01	2.34e-01	1.13e-02	7.58e-04	2.26e-05	3.41e-06	1.83e-07	0.00e+00	0.00e+00
 3.91536e+22	3.21e-16	1.27e-05	3.57e-04	1.89e-03	4.24e-02	2.46e-01	4.76e-01	2.22e-01	1.02e-02	6.76e-04	1.95e-05	2.90e-06	1.50e-07	0.00e+00	0.00e+00
 3.94355e+22	4.41e-16	1.60e-05	4.45e-04	2.31e-03	4.82e-02	2.60e-01	4.72e-01	2.08e-01	9.06e-03	5.84e-04	1.62e-05	2.37e-06	0.00e+00	0.00e+00	0.00e+00
 3.97262e+22	5.88e-16	1.96e-05	5.38e-04	2.76e-03	5.37e-02	2.72e-01	4.67e-01	1.96e-01	8.11e-03	5.13e-04	1.38e-05	1.98e-06	0.00e+00	0.00e+00	0.00e+00
 3.99864e+22	7.66e-16	2.37e-05	6.43e-04	3.26e-03	5.94e-02	2.84e-01	4.61e-01	1.84e-01	7.29e-03	4.53e-04	1.17e-05	1.66e-06	0.00e+00	0.00e+00	0.00e+00
 4.02824e+22	1.08e-15	3.01e-05	8.06e-04	4.01e-03	6.74e-02	2.98e-01	4.53e-01	1.70e-01	6.36e-03	3.86e-04	9.60e-06	1.33e-06	0.00e+00	0.00e+00	0.00e+00
 4.05821e+22	1.46e-15	3.67e-05	9.70e-04	4.77e-03	7.49e-02	3.10e-01	4.44e-01	1.59e-01	5.63e-03	3.36e-04	8.06e-06	1.10e-06	0.00e+00	0.00e+00	0.00e+00
 4.08447e+22	1.90e-15	4.43e-05	1.16e-03	5.61e-03	8.25e-02	3.21e-01	4.36e-01	1.48e-01	5.03e-03	2.95e-04	6.83e-06	9.20e-07	0.00e+00	0.00e+00	0.00e+00
 4.11445e+22	2.76e-15	5.62e-05	1.44e-03	6.87e-03	9.29e-02	3.35e-01	4.24e-01	1.36e-01	4.34e-03	2.50e-04	5.53e-06	7.31e-07	0.00e+00	0.00e+00	0.00e+00
 4.14512e+22	3.88e-15	6.87e-05	1.73e-03	8.15e-03	1.03e-01	3.46e-01	4.12e-01	1.25e-01	3.81e-03	2.15e-04	4.60e-06	5.98e-07	0.00e+00	0.00e+00	0.00e+00
 4.17241e+22	5.23e-15	8.33e-05	2.07e-03	9.58e-03	1.13e-01	3.56e-01	4.00e-01	1.16e-01	3.35e-03	1.86e-04	3.84e-06	4.92e-07	0.00e+00	0.00e+00	0.00e+00
 4.20359e+22	7.72e-15	1.06e-04	2.58e-03	1.17e-02	1.27e-01	3.68e-01	3.84e-01	1.04e-01	2.84e-03	1.55e-04	3.05e-06	3.83e-07	0.00e+00	0.00e+00	0.00e+00
 4.23547e+22	1.15e-14	1.30e-04	3.10e-03	1.39e-02	1.39e-01	3.77e-01	3.70e-01	9.45e-02	2.46e-03	1.32e-04	2.49e-06	3.08e-07	0.00e+00	0.00e+00	0.00e+00
 4.26369e+22	1.61e-14	1.57e-04	3.68e-03	1.63e-02	1.52e-01	3.85e-01	3.55e-01	8.61e-02	2.13e-03	1.13e-04	2.05e-06	2.50e-07	0.00e+00	0.00e+00	0.00e+00
 4.29131e+22	2.25e-14	1.90e-04	4.35e-03	1.90e-02	1.65e-01	3.91e-01	3.40e-01	7.83e-02	1.85e-03	9.62e-05	1.69e-06	2.03e-07	0.00e+00	0.00e+00	0.00e+00
 4.32269e+22	3.47e-14	2.40e-04	5.35e-03	2.29e-02	1.83e-01	3.98e-01	3.20e-01	6.92e-02	1.55e-03	7.88e-05	1.32e-06	1.55e-07	0.00e+00	0.00e+00	0.00e+00
 4.35442e+22	5.88e-14	2.90e-04	6.33e-03	2.67e-02	1.98e-01	4.02e-01	3.04e-01	6.21e-02	1.32e-03	6.62e-05	1.07e-06	1.24e-07	0.00e+00	0.00e+00	0.00e+00
 4.38198e+22	8.44e-14	3.47e-04	7.40e-03	3.08e-02	2.13e-01	4.04e-01	2.88e-01	5.58e-02	1.14e-03	5.61e-05	8.72e-07	0.00e+00	0.00e+00	0.00e+00	0.00e+00
 4.41319e+22	1.40e-13	4.35e-04	8.99e-03	3.67e-02	2.32e-01	4.05e-01	2.67e-01	4.86e-02	9.34e-04	4.54e-05	6.73e-07	0.00e+00	0.00e+00	0.00e+00	0.00e+00
 4.44511e+22	2.38e-13	5.24e-04	1.05e-02	4.24e-02	2.49e-01	4.04e-01	2.50e-01	4.30e-02	7.88e-04	3.77e-05	5.37e-07	0.00e+00	0.00e+00	0.00e+00	0.00e+00
 4.47249e+22	3.81e-13	6.20e-04	1.22e-02	4.82e-02	2.65e-01	4.02e-01	2.34e-01	3.82e-02	6.71e-04	3.16e-05	4.35e-07	0.00e+00	0.00e+00	0.00e+00	0.00e+00
 4.50259e+22	7.94e-13	7.62e-04	1.45e-02	5.62e-02	2.84e-01	3.97e-01	2.15e-01	3.29e-02	5.50e-04	2.54e-05	3.35e-07	0.00e+00	0.00e+00	0.00e+00	0.00e+00
 4.53339e+22	1.76e-12	9.04e-04	1.67e-02	6.37e-02	3.00e-01	3.91e-01	1.99e-01	2.89e-02	4.61e-04	2.10e-05	2.66e-07	0.00e+00	0.00e+00	0.00e+00	0.00e+00
 4.56085e+22	3.53e-12	1.07e-03	1.91e-02	7.18e-02	3.15e-01	3.84e-01	1.83e-01	2.53e-02	3.87e-04	1.74e-05	2.12e-07	0.00e+00	0.00e+00	0.00e+00	0.00e+00
 4.58555e+22	7.35e-12	1.22e-03	2.13e-02	7.91e-02	3.28e-01	3.77e-01	1.71e-01	2.26e-02	3.33e-04	1.48e-05	1.75e-07	0.00e+00	0.00e+00	0.00e+00	0.00e+00
 4.60763e+22	2.08e-11	1.39e-03	2.36e-02	8.64e-02	3.39e-01	3.69e-01	1.60e-01	2.02e-02	2.89e-04	1.27e-05	1.46e-07	0.00e+00	0.00e+00	0.00e+00	0.00e+00
 4.63299e+22	5.54e-11	1.62e-03	2.68e-02	9.63e-02	3.53e-01	3.59e-01	1.46e-01	1.76e-02	2.41e-04	1.04e-05	1.16e-07	0.00e+00	0.00e+00	0.00e+00	0.00e+00
 4.65920e+22	4.35e-10	1.87e-03	2.99e-02	1.06e-01	3.64e-01	3.48e-01	1.34e-01	1.54e-02	2.03e-04	8.67e-06	0.00e+00	0.00e+00	0.00e+00	0.00e+00	0.00e+00
 4.68233e+22	1.71e-09	2.12e-03	3.30e-02	1.15e-01	3.74e-01	3.38e-01	1.24e-01	1.36e-02	1.74e-04	7.32e-06	0.00e+00	0.00e+00	0.00e+00	0.00e+00	0.00e+00
 4.70819e+22	5.31e-09	2.48e-03	3.73e-02	1.28e-01	3.86e-01	3.24e-01	1.11e-01	1.15e-02	1.42e-04	5.86e-06	0.00e+00	0.00e+00	0.00e+00	0.00e+00	0.00e+00
 4.73456e+22	1.10e-08	2.82e-03	4.11e-02	1.38e-01	3.94e-01	3.12e-01	1.01e-01	1.01e-02	1.19e-04	4.87e-06	0.00e+00	0.00e+00	0.00e+00	0.00e+00	0.00e+00
 4.76159e+22	1.49e-08	3.31e-03	4.63e-02	1.53e-01	4.04e-01	2.96e-01	8.95e-02	8.40e-03	9.55e-05	3.83e-06	0.00e+00	0.00e+00	0.00e+00	0.00e+00	0.00e+00
 4.78884e+22	1.93e-08	3.75e-03	5.08e-02	1.65e-01	4.10e-01	2.83e-01	8.10e-02	7.26e-03	7.98e-05	3.15e-06	0.00e+00	0.00e+00	0.00e+00	0.00e+00	0.00e+00
 4.81636e+22	2.57e-08	4.38e-03	5.69e-02	1.80e-01	4.16e-01	2.65e-01	7.08e-02	5.99e-03	6.32e-05	2.45e-06	0.00e+00	0.00e+00	0.00e+00	0.00e+00	0.00e+00
 4.84426e+22	3.28e-08	4.96e-03	6.22e-02	1.93e-01	4.19e-01	2.51e-01	6.34e-02	5.12e-03	5.22e-05	1.99e-06	0.00e+00	0.00e+00	0.00e+00	0.00e+00	0.00e+00
 4.87266e+22	4.40e-08	5.78e-03	6.94e-02	2.10e-01	4.22e-01	2.33e-01	5.47e-02	4.16e-03	4.07e-05	1.52e-06	0.00e+00	0.00e+00	0.00e+00	0.00e+00	0.00e+00
 4.90143e+22	5.48e-08	6.53e-03	7.55e-02	2.24e-01	4.23e-01	2.19e-01	4.84e-02	3.51e-03	3.31e-05	1.22e-06	0.00e+00	0.00e+00	0.00e+00	0.00e+00	0.00e+00
 4.93069e+22	7.33e-08	7.59e-03	8.37e-02	2.42e-01	4.21e-01	2.01e-01	4.13e-02	2.81e-03	2.55e-05	9.17e-07	0.00e+00	0.00e+00	0.00e+00	0.00e+00	0.00e+00
 4.96039e+22	9.24e-08	8.58e-03	9.07e-02	2.57e-01	4.19e-01	1.87e-01	3.60e-02	2.33e-03	2.04e-05	7.21e-07	0.00e+00	0.00e+00	0.00e+00	0.00e+00	0.00e+00
 4.99066e+22	1.26e-07	9.99e-03	1.00e-01	2.76e-01	4.13e-01	1.69e-01	3.01e-02	1.83e-03	1.54e-05	5.30e-07	0.00e+00	0.00e+00	0.00e+00	0.00e+00	0.00e+00
 5.02124e+22	1.59e-07	1.12e-02	1.08e-01	2.90e-01	4.08e-01	1.56e-01	2.61e-02	1.51e-03	1.23e-05	4.14e-07	0.00e+00	0.00e+00	0.00e+00	0.00e+00	0.00e+00
 5.05224e+22	2.09e-07	1.30e-02	1.18e-01	3.08e-01	3.98e-01	1.40e-01	2.16e-02	1.17e-03	9.17e-06	3.02e-07	0.00e+00	0.00e+00	0.00e+00	0.00e+00	0.00e+00
 5.08437e+22	2.71e-07	1.47e-02	1.27e-01	3.23e-01	3.89e-01	1.26e-01	1.83e-02	9.39e-04	7.08e-06	2.28e-07	0.00e+00	0.00e+00	0.00e+00	0.00e+00	0.00e+00
 5.10988e+22	3.36e-07	1.60e-02	1.34e-01	3.34e-01	3.82e-01	1.17e-01	1.61e-02	7.94e-04	5.84e-06	1.85e-07	0.00e+00	0.00e+00	0.00e+00	0.00e+00	0.00e+00
 5.13493e+22	4.25e-07	1.79e-02	1.43e-01	3.47e-01	3.71e-01	1.06e-01	1.37e-02	6.41e-04	4.57e-06	1.41e-07	0.00e+00	0.00e+00	0.00e+00	0.00e+00	0.00e+00
 5.16048e+22	5.20e-07	1.96e-02	1.50e-01	3.57e-01	3.62e-01	9.78e-02	1.20e-02	5.38e-04	3.74e-06	0.00e+00	0.00e+00	0.00e+00	0.00e+00	0.00e+00	0.00e+00
 5.18667e+22	6.52e-07	2.18e-02	1.60e-01	3.70e-01	3.50e-01	8.78e-02	1.01e-02	4.30e-04	2.89e-06	0.00e+00	0.00e+00	0.00e+00	0.00e+00	0.00e+00	0.00e+00
 5.21339e+22	8.13e-07	2.39e-02	1.68e-01	3.79e-01	3.40e-01	8.02e-02	8.71e-03	3.56e-04	2.33e-06	0.00e+00	0.00e+00	0.00e+00	0.00e+00	0.00e+00	0.00e+00
 5.24080e+22	1.07e-06	2.68e-02	1.79e-01	3.91e-01	3.25e-01	7.10e-02	7.18e-03	2.78e-04	1.76e-06	0.00e+00	0.00e+00	0.00e+00	0.00e+00	0.00e+00	0.00e+00
 5.26817e+22	1.33e-06	2.92e-02	1.87e-01	3.99e-01	3.14e-01	6.46e-02	6.19e-03	2.29e-04	1.42e-06	0.00e+00	0.00e+00	0.00e+00	0.00e+00	0.00e+00	0.00e+00
 5.29546e+22	1.72e-06	3.25e-02	1.97e-01	4.08e-01	3.00e-01	5.71e-02	5.10e-03	1.79e-04	1.08e-06	0.00e+00	0.00e+00	0.00e+00	0.00e+00	0.00e+00	0.00e+00
 5.32347e+22	2.23e-06	3.54e-02	2.06e-01	4.15e-01	2.88e-01	5.14e-02	4.34e-03	1.46e-04	8.53e-07	0.00e+00	0.00e+00	0.00e+00	0.00e+00	0.00e+00	0.00e+00
 5.35239e+22	2.98e-06	3.96e-02	2.17e-01	4.23e-01	2.72e-01	4.48e-02	3.51e-03	1.12e-04	6.31e-07	0.00e+00	0.00e+00	0.00e+00	0.00e+00	0.00e+00	0.00e+00
 5.38150e+22	3.84e-06	4.30e-02	2.25e-01	4.28e-01	2.60e-01	4.02e-02	2.98e-03	9.07e-05	5.00e-07	0.00e+00	0.00e+00	0.00e+00	0.00e+00	0.00e+00	0.00e+00
 5.41084e+22	5.20e-06	4.80e-02	2.37e-01	4.34e-01	2.45e-01	3.47e-02	2.39e-03	6.88e-05	3.67e-07	0.00e+00	0.00e+00	0.00e+00	0.00e+00	0.00e+00	0.00e+00
 5.44077e+22	6.83e-06	5.21e-02	2.46e-01	4.37e-01	2.33e-01	3.10e-02	2.01e-03	5.53e-05	2.88e-07	0.00e+00	0.00e+00	0.00e+00	0.00e+00	0.00e+00	0.00e+00
 5.46415e+22	8.44e-06	5.54e-02	2.52e-01	4.38e-01	2.24e-01	2.84e-02	1.77e-03	4.70e-05	2.39e-07	0.00e+00	0.00e+00	0.00e+00	0.00e+00	0.00e+00	0.00e+00
 5.48413e+22	1.04e-05	5.88e-02	2.58e-01	4.40e-01	2.15e-01	2.60e-02	1.55e-03	3.99e-05	2.00e-07	0.00e+00	0.00e+00	0.00e+00	0.00e+00	0.00e+00	0.00e+00
 5.50698e+22	1.28e-05	6.36e-02	2.67e-01	4.41e-01	2.04e-01	2.31e-02	1.30e-03	3.22e-05	1.58e-07	0.00e+00	0.00e+00	0.00e+00	0.00e+00	0.00e+00	0.00e+00
 5.53669e+22	1.80e-05	7.02e-02	2.78e-01	4.42e-01	1.89e-01	1.97e-02	1.03e-03	2.42e-05	0.00e+00	0.00e+00	0.00e+00	0.00e+00	0.00e+00	0.00e+00	0.00e+00
 5.56332e+22	2.27e-05	7.45e-02	2.83e-01	4.41e-01	1.82e-01	1.81e-02	9.07e-04	2.06e-05	0.00e+00	0.00e+00	0.00e+00	0.00e+00	0.00e+00	0.00e+00	0.00e+00
 5.58242e+22	2.93e-05	7.83e-02	2.89e-01	4.41e-01	1.75e-01	1.66e-02	8.03e-04	1.77e-05	0.00e+00	0.00e+00	0.00e+00	0.00e+00	0.00e+00	0.00e+00	0.00e+00
 5.59900e+22	3.42e-05	8.18e-02	2.93e-01	4.40e-01	1.69e-01	1.55e-02	7.27e-04	1.57e-05	0.00e+00	0.00e+00	0.00e+00	0.00e+00	0.00e+00	0.00e+00	0.00e+00
 5.61585e+22	4.10e-05	8.62e-02	2.99e-01	4.39e-01	1.62e-01	1.42e-02	6.38e-04	1.33e-05	0.00e+00	0.00e+00	0.00e+00	0.00e+00	0.00e+00	0.00e+00	0.00e+00
 5.63776e+22	5.19e-05	9.23e-02	3.06e-01	4.36e-01	1.52e-01	1.26e-02	5.37e-04	1.08e-05	0.00e+00	0.00e+00	0.00e+00	0.00e+00	0.00e+00	0.00e+00	0.00e+00
 5.66183e+22	6.59e-05	9.84e-02	3.12e-01	4.33e-01	1.44e-01	1.12e-02	4.57e-04	8.87e-06	0.00e+00	0.00e+00	0.00e+00	0.00e+00	0.00e+00	0.00e+00	0.00e+00
 5.68435e+22	8.04e-05	1.04e-01	3.18e-01	4.30e-01	1.37e-01	1.01e-02	3.92e-04	7.38e-06	0.00e+00	0.00e+00	0.00e+00	0.00e+00	0.00e+00	0.00e+00	0.00e+00
 5.70925e+22	1.07e-04	1.13e-01	3.26e-01	4.26e-01	1.27e-01	8.74e-03	3.20e-04	5.76e-06	0.00e+00	0.00e+00	0.00e+00	0.00e+00	0.00e+00	0.00e+00	0.00e+00
 5.73416e+22	1.27e-04	1.19e-01	3.31e-01	4.21e-01	1.20e-01	7.89e-03	2.76e-04	4.82e-06	0.00e+00	0.00e+00	0.00e+00	0.00e+00	0.00e+00	0.00e+00	0.00e+00
 5.75909e+22	1.57e-04	1.28e-01	3.37e-01	4.15e-01	1.12e-01	6.82e-03	2.25e-04	3.77e-06	0.00e+00	0.00e+00	0.00e+00	0.00e+00	0.00e+00	0.00e+00	0.00e+00
 5.79150e+22	2.02e-04	1.41e-01	3.45e-01	4.07e-01	1.01e-01	5.63e-03	1.72e-04	2.73e-06	0.00e+00	0.00e+00	0.00e+00	0.00e+00	0.00e+00	0.00e+00	0.00e+00
 5.82633e+22	2.50e-04	1.53e-01	3.52e-01	3.98e-01	9.23e-02	4.76e-03	1.36e-04	2.05e-06	0.00e+00	0.00e+00	0.00e+00	0.00e+00	0.00e+00	0.00e+00	0.00e+00
 5.86432e+22	3.20e-04	1.70e-01	3.59e-01	3.85e-01	8.13e-02	3.76e-03	9.85e-05	1.39e-06	0.00e+00	0.00e+00	0.00e+00	0.00e+00	0.00e+00	0.00e+00	0.00e+00
 5.90228e+22	3.81e-04	1.85e-01	3.63e-01	3.75e-01	7.39e-02	3.16e-03	7.75e-05	1.05e-06	0.00e+00	0.00e+00	0.00e+00	0.00e+00	0.00e+00	0.00e+00	0.00e+00
 5.94018e+22	4.64e-04	2.04e-01	3.68e-01	3.60e-01	6.46e-02	2.48e-03	5.58e-05	7.06e-07	0.00e+00	0.00e+00	0.00e+00	0.00e+00	0.00e+00	0.00e+00	0.00e+00
 5.97859e+22	5.43e-04	2.22e-01	3.70e-01	3.47e-01	5.80e-02	2.05e-03	4.29e-05	5.17e-07	0.00e+00	0.00e+00	0.00e+00	0.00e+00	0.00e+00	0.00e+00	0.00e+00
 6.01764e+22	6.52e-04	2.46e-01	3.72e-01	3.30e-01	4.98e-02	1.57e-03	3.00e-05	3.39e-07	0.00e+00	0.00e+00	0.00e+00	0.00e+00	0.00e+00	0.00e+00	0.00e+00
 6.05673e+22	7.42e-04	2.65e-01	3.72e-01	3.16e-01	4.43e-02	1.28e-03	2.29e-05	2.45e-07	0.00e+00	0.00e+00	0.00e+00	0.00e+00	0.00e+00	0.00e+00	0.00e+00
 6.09588e+22	8.74e-04	2.94e-01	3.70e-01	2.97e-01	3.74e-02	9.65e-04	1.56e-05	1.57e-07	0.00e+00	0.00e+00	0.00e+00	0.00e+00	0.00e+00	0.00e+00	0.00e+00
 6.13041e+22	9.51e-04	3.11e-01	3.67e-01	2.87e-01	3.39e-02	8.22e-04	1.27e-05	0.00e+00	0.00e+00	0.00e+00	0.00e+00	0.00e+00	0.00e+00	0.00e+00	0.00e+00
 6.15894e+22	1.06e-03	3.35e-01	3.62e-01	2.72e-01	2.95e-02	6.55e-04	9.37e-06	0.00e+00	0.00e+00	0.00e+00	0.00e+00	0.00e+00	0.00e+00	0.00e+00	0.00e+00
 6.18777e+22	1.15e-03	3.54e-01	3.57e-01	2.60e-01	2.65e-02	5.48e-04	7.42e-06	0.00e+00	0.00e+00	0.00e+00	0.00e+00	0.00e+00	0.00e+00	0.00e+00	0.00e+00
 6.21700e+22	1.28e-03	3.82e-01	3.49e-01	2.45e-01	2.27e-02	4.28e-04	5.36e-06	0.00e+00	0.00e+00	0.00e+00	0.00e+00	0.00e+00	0.00e+00	0.00e+00	0.00e+00
 6.24640e+22	1.39e-03	4.06e-01	3.41e-01	2.32e-01	1.98e-02	3.48e-04	4.08e-06	0.00e+00	0.00e+00	0.00e+00	0.00e+00	0.00e+00	0.00e+00	0.00e+00	0.00e+00
 6.27170e+22	1.50e-03	4.29e-01	3.32e-01	2.20e-01	1.73e-02	2.84e-04	3.12e-06	0.00e+00	0.00e+00	0.00e+00	0.00e+00	0.00e+00	0.00e+00	0.00e+00	0.00e+00
 6.30029e+22	1.64e-03	4.61e-01	3.19e-01	2.04e-01	1.45e-02	2.16e-04	2.18e-06	0.00e+00	0.00e+00	0.00e+00	0.00e+00	0.00e+00	0.00e+00	0.00e+00	0.00e+00
 6.32979e+22	1.78e-03	4.90e-01	3.06e-01	1.90e-01	1.22e-02	1.69e-04	1.57e-06	0.00e+00	0.00e+00	0.00e+00	0.00e+00	0.00e+00	0.00e+00	0.00e+00	0.00e+00
 6.35582e+22	1.91e-03	5.19e-01	2.92e-01	1.76e-01	1.03e-02	1.32e-04	1.13e-06	0.00e+00	0.00e+00	0.00e+00	0.00e+00	0.00e+00	0.00e+00	0.00e+00	0.00e+00
 6.38503e+22	2.08e-03	5.57e-01	2.73e-01	1.60e-01	8.20e-03	9.60e-05	7.39e-07	0.00e+00	0.00e+00	0.00e+00	0.00e+00	0.00e+00	0.00e+00	0.00e+00	0.00e+00
 6.41597e+22	2.25e-03	5.94e-01	2.53e-01	1.44e-01	6.50e-03	7.02e-05	4.83e-07	0.00e+00	0.00e+00	0.00e+00	0.00e+00	0.00e+00	0.00e+00	0.00e+00	0.00e+00
 6.44386e+22	2.41e-03	6.30e-01	2.33e-01	1.30e-01	5.14e-03	5.17e-05	3.17e-07	0.00e+00	0.00e+00	0.00e+00	0.00e+00	0.00e+00	0.00e+00	0.00e+00	0.00e+00
 6.47036e+22	2.56e-03	6.65e-01	2.12e-01	1.16e-01	4.02e-03	3.81e-05	2.06e-07	0.00e+00	0.00e+00	0.00e+00	0.00e+00	0.00e+00	0.00e+00	0.00e+00	0.00e+00
 6.49615e+22	2.71e-03	7.00e-01	1.91e-01	1.03e-01	3.11e-03	2.80e-05	1.31e-07	0.00e+00	0.00e+00	0.00e+00	0.00e+00	0.00e+00	0.00e+00	0.00e+00	0.00e+00
 6.52079e+22	2.84e-03	7.33e-01	1.71e-01	9.10e-02	2.39e-03	2.07e-05	0.00e+00	0.00e+00	0.00e+00	0.00e+00	0.00e+00	0.00e+00	0.00e+00	0.00e+00	0.00e+00
 6.53661e+22	2.88e-03	7.49e-01	1.61e-01	8.53e-02	2.08e-03	1.78e-05	0.00e+00	0.00e+00	0.00e+00	0.00e+00	0.00e+00	0.00e+00	0.00e+00	0.00e+00	0.00e+00
 6.54276e+22	2.91e-03	7.57e-01	1.56e-01	8.26e-02	1.95e-03	1.65e-05	0.00e+00	0.00e+00	0.00e+00	0.00e+00	0.00e+00	0.00e+00	0.00e+00	0.00e+00	0.00e+00
 6.54739e+22	2.93e-03	7.63e-01	1.52e-01	8.03e-02	1.84e-03	1.56e-05	0.00e+00	0.00e+00	0.00e+00	0.00e+00	0.00e+00	0.00e+00	0.00e+00	0.00e+00	0.00e+00
 6.55289e+22	2.96e-03	7.70e-01	1.47e-01	7.77e-02	1.73e-03	1.45e-05	0.00e+00	0.00e+00	0.00e+00	0.00e+00	0.00e+00	0.00e+00	0.00e+00	0.00e+00	0.00e+00
 6.55966e+22	2.99e-03	7.79e-01	1.42e-01	7.44e-02	1.58e-03	1.32e-05	0.00e+00	0.00e+00	0.00e+00	0.00e+00	0.00e+00	0.00e+00	0.00e+00	0.00e+00	0.00e+00
 6.56664e+22	3.02e-03	7.88e-01	1.36e-01	7.14e-02	1.46e-03	1.21e-05	0.00e+00	0.00e+00	0.00e+00	0.00e+00	0.00e+00	0.00e+00	0.00e+00	0.00e+00	0.00e+00
 6.57302e+22	3.04e-03	7.96e-01	1.31e-01	6.86e-02	1.35e-03	1.12e-05	0.00e+00	0.00e+00	0.00e+00	0.00e+00	0.00e+00	0.00e+00	0.00e+00	0.00e+00	0.00e+00
 6.57906e+22	3.07e-03	8.04e-01	1.26e-01	6.59e-02	1.25e-03	1.04e-05	0.00e+00	0.00e+00	0.00e+00	0.00e+00	0.00e+00	0.00e+00	0.00e+00	0.00e+00	0.00e+00
 6.58503e+22	3.09e-03	8.11e-01	1.21e-01	6.34e-02	1.16e-03	9.62e-06	0.00e+00	0.00e+00	0.00e+00	0.00e+00	0.00e+00	0.00e+00	0.00e+00	0.00e+00	0.00e+00
 6.59114e+22	3.11e-03	8.19e-01	1.16e-01	6.08e-02	1.07e-03	8.87e-06	0.00e+00	0.00e+00	0.00e+00	0.00e+00	0.00e+00	0.00e+00	0.00e+00	0.00e+00	0.00e+00
 6.59716e+22	3.12e-03	8.26e-01	1.12e-01	5.84e-02	9.92e-04	8.24e-06	0.00e+00	0.00e+00	0.00e+00	0.00e+00	0.00e+00	0.00e+00	0.00e+00	0.00e+00	0.00e+00
 6.60302e+22	3.15e-03	8.33e-01	1.07e-01	5.60e-02	9.16e-04	7.63e-06	0.00e+00	0.00e+00	0.00e+00	0.00e+00	0.00e+00	0.00e+00	0.00e+00	0.00e+00	0.00e+00
 6.60878e+22	3.17e-03	8.40e-01	1.02e-01	5.37e-02	8.48e-04	7.08e-06	0.00e+00	0.00e+00	0.00e+00	0.00e+00	0.00e+00	0.00e+00	0.00e+00	0.00e+00	0.00e+00
 6.61426e+22	3.18e-03	8.46e-01	9.84e-02	5.16e-02	7.90e-04	6.61e-06	0.00e+00	0.00e+00	0.00e+00	0.00e+00	0.00e+00	0.00e+00	0.00e+00	0.00e+00	0.00e+00
 6.61982e+22	3.19e-03	8.53e-01	9.41e-02	4.95e-02	7.31e-04	6.15e-06	0.00e+00	0.00e+00	0.00e+00	0.00e+00	0.00e+00	0.00e+00	0.00e+00	0.00e+00	0.00e+00
 6.62545e+22	3.20e-03	8.59e-01	9.01e-02	4.74e-02	6.79e-04	5.73e-06	0.00e+00	0.00e+00	0.00e+00	0.00e+00	0.00e+00	0.00e+00	0.00e+00	0.00e+00	0.00e+00
 6.63097e+22	3.21e-03	8.64e-01	8.62e-02	4.55e-02	6.30e-04	5.35e-06	0.00e+00	0.00e+00	0.00e+00	0.00e+00	0.00e+00	0.00e+00	0.00e+00	0.00e+00	0.00e+00
 6.63646e+22	3.21e-03	8.70e-01	8.24e-02	4.36e-02	5.85e-04	5.00e-06	0.00e+00	0.00e+00	0.00e+00	0.00e+00	0.00e+00	0.00e+00	0.00e+00	0.00e+00	0.00e+00
 6.64192e+22	3.22e-03	8.76e-01	7.88e-02	4.18e-02	5.43e-04	4.67e-06	0.00e+00	0.00e+00	0.00e+00	0.00e+00	0.00e+00	0.00e+00	0.00e+00	0.00e+00	0.00e+00
