#depth	He	He+	He+2
 4.62852e+21	2.17e-10	1.14e-05	1.00e+00
 1.02243e+22	6.02e-10	1.94e-05	1.00e+00
 1.16751e+22	1.16e-09	2.73e-05	1.00e+00
 1.24006e+22	1.72e-09	3.36e-05	1.00e+00
 1.27028e+22	1.91e-09	3.56e-05	1.00e+00
 1.28006e+22	2.05e-09	3.71e-05	1.00e+00
 1.28726e+22	2.18e-09	3.84e-05	1.00e+00
 1.29525e+22	2.38e-09	4.03e-05	1.00e+00
 1.30326e+22	2.54e-09	4.17e-05	1.00e+00
 1.31131e+22	2.77e-09	4.39e-05	1.00e+00
 1.31944e+22	2.96e-09	4.56e-05	1.00e+00
 1.32769e+22	3.24e-09	4.80e-05	1.00e+00
 1.33617e+22	3.48e-09	5.00e-05	1.00e+00
 1.34368e+22	3.73e-09	5.21e-05	1.00e+00
 1.35202e+22	4.07e-09	5.49e-05	1.00e+00
 1.36046e+22	4.37e-09	5.73e-05	1.00e+00
 1.36884e+22	4.76e-09	6.03e-05	1.00e+00
 1.37736e+22	5.13e-09	6.31e-05	1.00e+00
 1.38590e+22	5.57e-09	6.64e-05	1.00e+00
 1.39457e+22	5.99e-09	6.94e-05	1.00e+00
 1.40330e+22	6.50e-09	7.31e-05	1.00e+00
 1.41223e+22	6.99e-09	7.65e-05	1.00e+00
 1.42070e+22	7.50e-09	8.00e-05	1.00e+00
 1.42976e+22	8.11e-09	8.41e-05	1.00e+00
 1.43894e+22	8.67e-09	8.78e-05	1.00e+00
 1.44838e+22	9.36e-09	9.24e-05	1.00e+00
 1.45806e+22	1.00e-08	9.65e-05	1.00e+00
 1.46806e+22	1.08e-08	1.02e-04	1.00e+00
 1.47834e+22	1.15e-08	1.06e-04	1.00e+00
 1.48902e+22	1.24e-08	1.12e-04	1.00e+00
 1.50000e+22	1.32e-08	1.17e-04	1.00e+00
 1.51149e+22	1.42e-08	1.23e-04	1.00e+00
 1.52306e+22	1.51e-08	1.28e-04	1.00e+00
 1.53512e+22	1.62e-08	1.35e-04	1.00e+00
 1.54745e+22	1.72e-08	1.40e-04	1.00e+00
 1.56016e+22	1.85e-08	1.48e-04	1.00e+00
 1.57250e+22	1.94e-08	1.53e-04	1.00e+00
 1.58436e+22	2.07e-08	1.61e-04	1.00e+00
 1.59652e+22	2.17e-08	1.66e-04	1.00e+00
 1.60908e+22	2.31e-08	1.75e-04	1.00e+00
 1.62175e+22	2.42e-08	1.81e-04	1.00e+00
 1.63459e+22	2.57e-08	1.90e-04	1.00e+00
 1.64727e+22	2.69e-08	1.96e-04	1.00e+00
 1.65976e+22	2.84e-08	2.05e-04	1.00e+00
 1.67240e+22	2.96e-08	2.12e-04	1.00e+00
 1.68524e+22	3.12e-08	2.20e-04	1.00e+00
 1.69876e+22	3.27e-08	2.29e-04	1.00e+00
 1.71091e+22	3.41e-08	2.36e-04	1.00e+00
 1.72446e+22	3.59e-08	2.47e-04	1.00e+00
 1.73827e+22	3.74e-08	2.55e-04	1.00e+00
 1.75242e+22	3.95e-08	2.66e-04	1.00e+00
 1.76622e+22	4.09e-08	2.74e-04	1.00e+00
 1.77956e+22	4.29e-08	2.86e-04	1.00e+00
 1.79309e+22	4.45e-08	2.94e-04	1.00e+00
 1.80687e+22	4.66e-08	3.06e-04	1.00e+00
 1.82103e+22	4.84e-08	3.15e-04	1.00e+00
 1.83571e+22	5.08e-08	3.28e-04	1.00e+00
 1.85055e+22	5.27e-08	3.38e-04	1.00e+00
 1.86560e+22	5.53e-08	3.52e-04	1.00e+00
 1.88125e+22	5.75e-08	3.63e-04	1.00e+00
 1.89768e+22	6.05e-08	3.79e-04	1.00e+00
 1.91452e+22	6.30e-08	3.91e-04	1.00e+00
 1.93189e+22	6.63e-08	4.08e-04	1.00e+00
 1.94978e+22	6.92e-08	4.22e-04	1.00e+00
 1.96835e+22	7.30e-08	4.42e-04	1.00e+00
 1.98713e+22	7.62e-08	4.57e-04	1.00e+00
 2.00619e+22	8.05e-08	4.79e-04	1.00e+00
 2.02578e+22	8.42e-08	4.96e-04	1.00e+00
 2.04607e+22	8.91e-08	5.22e-04	9.99e-01
 2.06647e+22	9.31e-08	5.41e-04	9.99e-01
 2.08702e+22	9.84e-08	5.69e-04	9.99e-01
 2.10785e+22	1.03e-07	5.92e-04	9.99e-01
 2.12539e+22	1.07e-07	6.13e-04	9.99e-01
 2.14454e+22	1.12e-07	6.45e-04	9.99e-01
 2.16352e+22	1.17e-07	6.68e-04	9.99e-01
 2.18227e+22	1.22e-07	7.02e-04	9.99e-01
 2.20124e+22	1.26e-07	7.29e-04	9.99e-01
 2.22049e+22	1.32e-07	7.69e-04	9.99e-01
 2.23986e+22	1.36e-07	8.00e-04	9.99e-01
 2.25938e+22	1.42e-07	8.45e-04	9.99e-01
 2.27916e+22	1.46e-07	8.83e-04	9.99e-01
 2.29927e+22	1.51e-07	9.36e-04	9.99e-01
 2.31962e+22	1.55e-07	9.79e-04	9.99e-01
 2.33978e+22	1.58e-07	1.04e-03	9.99e-01
 2.35891e+22	1.61e-07	1.08e-03	9.99e-01
 2.37720e+22	1.63e-07	1.14e-03	9.99e-01
 2.39586e+22	1.65e-07	1.20e-03	9.99e-01
 2.41373e+22	1.66e-07	1.26e-03	9.99e-01
 2.43208e+22	1.67e-07	1.32e-03	9.99e-01
 2.44985e+22	1.67e-07	1.39e-03	9.99e-01
 2.46748e+22	1.67e-07	1.46e-03	9.99e-01
 2.48482e+22	1.67e-07	1.53e-03	9.98e-01
 2.50202e+22	1.67e-07	1.61e-03	9.98e-01
 2.51902e+22	1.67e-07	1.68e-03	9.98e-01
 2.53596e+22	1.66e-07	1.76e-03	9.98e-01
 2.55292e+22	1.67e-07	1.85e-03	9.98e-01
 2.56997e+22	1.67e-07	1.93e-03	9.98e-01
 2.58717e+22	1.69e-07	2.03e-03	9.98e-01
 2.60460e+22	1.71e-07	2.12e-03	9.98e-01
 2.62233e+22	1.74e-07	2.22e-03	9.98e-01
 2.64019e+22	1.78e-07	2.33e-03	9.98e-01
 2.65843e+22	1.82e-07	2.44e-03	9.98e-01
 2.67679e+22	1.88e-07	2.56e-03	9.97e-01
 2.69564e+22	1.97e-07	2.69e-03	9.97e-01
 2.71330e+22	2.05e-07	2.79e-03	9.97e-01
 2.73134e+22	2.17e-07	2.93e-03	9.97e-01
 2.74963e+22	2.28e-07	3.05e-03	9.97e-01
 2.76825e+22	2.44e-07	3.20e-03	9.97e-01
 2.78733e+22	2.58e-07	3.34e-03	9.97e-01
 2.80701e+22	2.80e-07	3.51e-03	9.96e-01
 2.82698e+22	2.98e-07	3.66e-03	9.96e-01
 2.84735e+22	3.26e-07	3.85e-03	9.96e-01
 2.86781e+22	3.49e-07	4.01e-03	9.96e-01
 2.88840e+22	3.83e-07	4.22e-03	9.96e-01
 2.90923e+22	4.12e-07	4.39e-03	9.96e-01
 2.93037e+22	4.53e-07	4.62e-03	9.95e-01
 2.95185e+22	4.89e-07	4.81e-03	9.95e-01
 2.97377e+22	5.41e-07	5.07e-03	9.95e-01
 2.99608e+22	5.86e-07	5.28e-03	9.95e-01
 3.01889e+22	6.51e-07	5.58e-03	9.94e-01
 3.04221e+22	7.07e-07	5.82e-03	9.94e-01
 3.06185e+22	7.61e-07	6.04e-03	9.94e-01
 3.08305e+22	8.40e-07	6.34e-03	9.94e-01
 3.10434e+22	9.03e-07	6.58e-03	9.93e-01
 3.12574e+22	9.95e-07	6.91e-03	9.93e-01
 3.14701e+22	1.07e-06	7.15e-03	9.93e-01
 3.16812e+22	1.18e-06	7.50e-03	9.92e-01
 3.18947e+22	1.26e-06	7.78e-03	9.92e-01
 3.21112e+22	1.39e-06	8.15e-03	9.92e-01
 3.23314e+22	1.50e-06	8.46e-03	9.92e-01
 3.25563e+22	1.65e-06	8.89e-03	9.91e-01
 3.27831e+22	1.78e-06	9.22e-03	9.91e-01
 3.30125e+22	1.97e-06	9.70e-03	9.90e-01
 3.32441e+22	2.12e-06	1.01e-02	9.90e-01
 3.34789e+22	2.35e-06	1.06e-02	9.89e-01
 3.37189e+22	2.54e-06	1.10e-02	9.89e-01
 3.39656e+22	2.82e-06	1.16e-02	9.88e-01
 3.42178e+22	3.06e-06	1.21e-02	9.88e-01
 3.44769e+22	3.42e-06	1.27e-02	9.87e-01
 3.47379e+22	3.70e-06	1.33e-02	9.87e-01
 3.50015e+22	4.14e-06	1.40e-02	9.86e-01
 3.52518e+22	4.46e-06	1.45e-02	9.85e-01
 3.54848e+22	4.88e-06	1.52e-02	9.85e-01
 3.57338e+22	5.31e-06	1.58e-02	9.84e-01
 3.59660e+22	5.76e-06	1.65e-02	9.83e-01
 3.61845e+22	6.21e-06	1.71e-02	9.83e-01
 3.63917e+22	6.68e-06	1.78e-02	9.82e-01
 3.66298e+22	7.33e-06	1.86e-02	9.81e-01
 3.68718e+22	7.92e-06	1.93e-02	9.81e-01
 3.71192e+22	8.69e-06	2.02e-02	9.80e-01
 3.73726e+22	9.44e-06	2.11e-02	9.79e-01
 3.75962e+22	1.02e-05	2.19e-02	9.78e-01
 3.78488e+22	1.12e-05	2.29e-02	9.77e-01
 3.81130e+22	1.22e-05	2.39e-02	9.76e-01
 3.83528e+22	1.33e-05	2.49e-02	9.75e-01
 3.86253e+22	1.47e-05	2.62e-02	9.74e-01
 3.89052e+22	1.61e-05	2.74e-02	9.73e-01
 3.91536e+22	1.75e-05	2.85e-02	9.71e-01
 3.94355e+22	1.94e-05	3.00e-02	9.70e-01
 3.97262e+22	2.13e-05	3.14e-02	9.69e-01
 3.99864e+22	2.32e-05	3.28e-02	9.67e-01
 4.02824e+22	2.59e-05	3.46e-02	9.65e-01
 4.05821e+22	2.84e-05	3.62e-02	9.64e-01
 4.08447e+22	3.10e-05	3.78e-02	9.62e-01
 4.11445e+22	3.45e-05	3.99e-02	9.60e-01
 4.14512e+22	3.80e-05	4.17e-02	9.58e-01
 4.17241e+22	4.15e-05	4.36e-02	9.56e-01
 4.20359e+22	4.65e-05	4.61e-02	9.54e-01
 4.23547e+22	5.12e-05	4.83e-02	9.52e-01
 4.26369e+22	5.61e-05	5.05e-02	9.49e-01
 4.29131e+22	6.14e-05	5.28e-02	9.47e-01
 4.32269e+22	6.86e-05	5.57e-02	9.44e-01
 4.35442e+22	7.54e-05	5.84e-02	9.42e-01
 4.38198e+22	8.23e-05	6.09e-02	9.39e-01
 4.41319e+22	9.19e-05	6.43e-02	9.36e-01
 4.44511e+22	1.01e-04	6.72e-02	9.33e-01
 4.47249e+22	1.10e-04	7.01e-02	9.30e-01
 4.50259e+22	1.22e-04	7.37e-02	9.26e-01
 4.53339e+22	1.33e-04	7.69e-02	9.23e-01
 4.56085e+22	1.45e-04	8.02e-02	9.20e-01
 4.58555e+22	1.56e-04	8.31e-02	9.17e-01
 4.60763e+22	1.67e-04	8.58e-02	9.14e-01
 4.63299e+22	1.81e-04	8.92e-02	9.11e-01
 4.65920e+22	1.95e-04	9.26e-02	9.07e-01
 4.68233e+22	2.09e-04	9.57e-02	9.04e-01
 4.70819e+22	2.28e-04	9.99e-02	9.00e-01
 4.73456e+22	2.45e-04	1.03e-01	8.96e-01
 4.76159e+22	2.68e-04	1.08e-01	8.92e-01
 4.78884e+22	2.88e-04	1.12e-01	8.88e-01
 4.81636e+22	3.16e-04	1.17e-01	8.83e-01
 4.84426e+22	3.40e-04	1.21e-01	8.79e-01
 4.87266e+22	3.72e-04	1.27e-01	8.73e-01
 4.90143e+22	4.01e-04	1.31e-01	8.68e-01
 4.93069e+22	4.41e-04	1.37e-01	8.62e-01
 4.96039e+22	4.77e-04	1.42e-01	8.57e-01
 4.99066e+22	5.27e-04	1.49e-01	8.50e-01
 5.02124e+22	5.69e-04	1.55e-01	8.45e-01
 5.05224e+22	6.26e-04	1.62e-01	8.38e-01
 5.08437e+22	6.82e-04	1.68e-01	8.31e-01
 5.10988e+22	7.27e-04	1.73e-01	8.26e-01
 5.13493e+22	7.85e-04	1.79e-01	8.20e-01
 5.16048e+22	8.37e-04	1.85e-01	8.14e-01
 5.18667e+22	9.05e-04	1.92e-01	8.08e-01
 5.21339e+22	9.68e-04	1.98e-01	8.01e-01
 5.24080e+22	1.05e-03	2.05e-01	7.94e-01
 5.26817e+22	1.13e-03	2.12e-01	7.87e-01
 5.29546e+22	1.22e-03	2.20e-01	7.79e-01
 5.32347e+22	1.31e-03	2.27e-01	7.72e-01
 5.35239e+22	1.43e-03	2.36e-01	7.63e-01
 5.38150e+22	1.53e-03	2.43e-01	7.56e-01
 5.41084e+22	1.67e-03	2.53e-01	7.46e-01
 5.44077e+22	1.79e-03	2.61e-01	7.38e-01
 5.46415e+22	1.88e-03	2.67e-01	7.31e-01
 5.48413e+22	1.98e-03	2.73e-01	7.25e-01
 5.50698e+22	2.11e-03	2.81e-01	7.17e-01
 5.53669e+22	2.30e-03	2.91e-01	7.06e-01
 5.56332e+22	2.42e-03	2.99e-01	6.99e-01
 5.58242e+22	2.53e-03	3.04e-01	6.93e-01
 5.59900e+22	2.63e-03	3.10e-01	6.88e-01
 5.61585e+22	2.75e-03	3.16e-01	6.81e-01
 5.63776e+22	2.93e-03	3.24e-01	6.73e-01
 5.66183e+22	3.10e-03	3.33e-01	6.64e-01
 5.68435e+22	3.28e-03	3.41e-01	6.56e-01
 5.70925e+22	3.52e-03	3.52e-01	6.45e-01
 5.73416e+22	3.71e-03	3.60e-01	6.37e-01
 5.75909e+22	3.98e-03	3.71e-01	6.25e-01
 5.79150e+22	4.36e-03	3.85e-01	6.11e-01
 5.82633e+22	4.73e-03	3.99e-01	5.97e-01
 5.86432e+22	5.26e-03	4.17e-01	5.78e-01
 5.90228e+22	5.72e-03	4.32e-01	5.62e-01
 5.94018e+22	6.36e-03	4.51e-01	5.43e-01
 5.97859e+22	6.95e-03	4.67e-01	5.26e-01
 6.01764e+22	7.78e-03	4.88e-01	5.04e-01
 6.05673e+22	8.49e-03	5.06e-01	4.86e-01
 6.09588e+22	9.55e-03	5.28e-01	4.63e-01
 6.13041e+22	1.02e-02	5.42e-01	4.47e-01
 6.15894e+22	1.12e-02	5.59e-01	4.30e-01
 6.18777e+22	1.20e-02	5.73e-01	4.15e-01
 6.21700e+22	1.32e-02	5.91e-01	3.96e-01
 6.24640e+22	1.42e-02	6.06e-01	3.80e-01
 6.27170e+22	1.53e-02	6.20e-01	3.64e-01
 6.30029e+22	1.69e-02	6.38e-01	3.46e-01
 6.32979e+22	1.84e-02	6.53e-01	3.28e-01
 6.35582e+22	2.00e-02	6.68e-01	3.12e-01
 6.38503e+22	2.22e-02	6.85e-01	2.93e-01
 6.41597e+22	2.46e-02	7.01e-01	2.75e-01
 6.44386e+22	2.71e-02	7.15e-01	2.58e-01
 6.47036e+22	2.99e-02	7.28e-01	2.42e-01
 6.49615e+22	3.30e-02	7.39e-01	2.28e-01
 6.52079e+22	3.63e-02	7.50e-01	2.14e-01
 6.53661e+22	3.80e-02	7.54e-01	2.08e-01
 6.54276e+22	3.89e-02	7.56e-01	2.05e-01
 6.54739e+22	3.97e-02	7.58e-01	2.03e-01
 6.55289e+22	4.07e-02	7.59e-01	2.00e-01
 6.55966e+22	4.19e-02	7.62e-01	1.96e-01
 6.56664e+22	4.32e-02	7.64e-01	1.93e-01
 6.57302e+22	4.45e-02	7.66e-01	1.90e-01
 6.57906e+22	4.57e-02	7.68e-01	1.87e-01
 6.58503e+22	4.69e-02	7.69e-01	1.84e-01
 6.59114e+22	4.84e-02	7.71e-01	1.80e-01
 6.59716e+22	4.97e-02	7.72e-01	1.78e-01
 6.60302e+22	5.12e-02	7.74e-01	1.75e-01
 6.60878e+22	5.26e-02	7.75e-01	1.72e-01
 6.61426e+22	5.40e-02	7.76e-01	1.70e-01
 6.61982e+22	5.56e-02	7.77e-01	1.67e-01
 6.62545e+22	5.72e-02	7.78e-01	1.65e-01
 6.63097e+22	5.89e-02	7.79e-01	1.62e-01
 6.63646e+22	6.06e-02	7.79e-01	1.60e-01
 6.64192e+22	6.24e-02	7.80e-01	1.58e-01
 6.64734e+22	6.42e-02	7.80e-01	1.56e-01
 6.65272e+22	6.60e-02	7.81e-01	1.53e-01
 6.65817e+22	6.80e-02	7.81e-01	1.51e-01
 6.66368e+22	7.01e-02	7.81e-01	1.49e-01
 6.66907e+22	7.25e-02	7.81e-01	1.47e-01
 6.67416e+22	7.46e-02	7.80e-01	1.45e-01
 6.67913e+22	7.66e-02	7.80e-01	1.43e-01
 6.68458e+22	7.93e-02	7.79e-01	1.41e-01
 6.69019e+22	8.21e-02	7.79e-01	1.39e-01
 6.69525e+22	8.46e-02	7.78e-01	1.38e-01
 6.70015e+22	8.69e-02	7.77e-01	1.36e-01
 6.70575e+22	9.01e-02	7.76e-01	1.34e-01
 6.71162e+22	9.35e-02	7.74e-01	1.32e-01
 6.71687e+22	9.68e-02	7.73e-01	1.31e-01
 6.72172e+22	9.95e-02	7.71e-01	1.30e-01
 6.72711e+22	1.03e-01	7.69e-01	1.28e-01
 6.73299e+22	1.07e-01	7.67e-01	1.26e-01
 6.73859e+22	1.11e-01	7.64e-01	1.25e-01
 6.74390e+22	1.15e-01	7.62e-01	1.23e-01
 6.74945e+22	1.19e-01	7.59e-01	1.22e-01
 6.75527e+22	1.24e-01	7.56e-01	1.20e-01
 6.76092e+22	1.29e-01	7.52e-01	1.19e-01
 6.76655e+22	1.34e-01	7.49e-01	1.17e-01
 6.77259e+22	1.39e-01	7.45e-01	1.16e-01
 6.77881e+22	1.45e-01	7.40e-01	1.14e-01
 6.78481e+22	1.51e-01	7.36e-01	1.13e-01
 6.79101e+22	1.58e-01	7.31e-01	1.11e-01
 6.79743e+22	1.65e-01	7.26e-01	1.10e-01
 6.80402e+22	1.72e-01	7.20e-01	1.08e-01
 6.81089e+22	1.81e-01	7.13e-01	1.06e-01
 6.81770e+22	1.89e-01	7.07e-01	1.04e-01
 6.82405e+22	1.97e-01	7.00e-01	1.03e-01
 6.83002e+22	2.05e-01	6.94e-01	1.01e-01
 6.83609e+22	2.13e-01	6.87e-01	9.99e-02
 6.84252e+22	2.22e-01	6.80e-01	9.79e-02
 6.84915e+22	2.32e-01	6.72e-01	9.63e-02
 6.85582e+22	2.42e-01	6.64e-01	9.44e-02
 6.86261e+22	2.52e-01	6.56e-01	9.28e-02
 6.86967e+22	2.63e-01	6.46e-01	9.08e-02
 6.87700e+22	2.75e-01	6.37e-01	8.87e-02
 6.88427e+22	2.86e-01	6.27e-01	8.67e-02
 6.89174e+22	2.99e-01	6.16e-01	8.45e-02
 6.89957e+22	3.12e-01	6.06e-01	8.24e-02
 6.90772e+22	3.26e-01	5.94e-01	8.01e-02
 6.91613e+22	3.41e-01	5.82e-01	7.76e-02
 6.92467e+22	3.56e-01	5.69e-01	7.52e-02
 6.93353e+22	3.71e-01	5.56e-01	7.27e-02
 6.94295e+22	3.88e-01	5.42e-01	6.99e-02
 6.95279e+22	4.05e-01	5.28e-01	6.72e-02
 6.96303e+22	4.22e-01	5.13e-01	6.43e-02
 6.97381e+22	4.41e-01	4.98e-01	6.14e-02
 6.98522e+22	4.59e-01	4.82e-01	5.83e-02
 6.99735e+22	4.78e-01	4.66e-01	5.52e-02
 7.01030e+22	4.98e-01	4.50e-01	5.20e-02
 7.02398e+22	5.18e-01	4.34e-01	4.87e-02
 7.03831e+22	5.37e-01	4.17e-01	4.55e-02
 7.05339e+22	5.56e-01	4.02e-01	4.24e-02
 7.06941e+22	5.75e-01	3.86e-01	3.93e-02
 7.08626e+22	5.93e-01	3.71e-01	3.63e-02
 7.10395e+22	6.11e-01	3.56e-01	3.33e-02
 7.12237e+22	6.27e-01	3.42e-01	3.06e-02
 7.14099e+22	6.43e-01	3.29e-01	2.81e-02
 7.15972e+22	6.58e-01	3.16e-01	2.57e-02
 7.17801e+22	6.72e-01	3.05e-01	2.36e-02
 7.19587e+22	6.85e-01	2.94e-01	2.17e-02
 7.21380e+22	6.97e-01	2.83e-01	2.00e-02
 7.23148e+22	7.08e-01	2.73e-01	1.84e-02
 7.24878e+22	7.19e-01	2.64e-01	1.70e-02
 7.26605e+22	7.29e-01	2.55e-01	1.57e-02
 7.28298e+22	7.39e-01	2.46e-01	1.45e-02
 7.29917e+22	7.48e-01	2.38e-01	1.35e-02
 7.31497e+22	7.57e-01	2.31e-01	1.25e-02
 7.33050e+22	7.65e-01	2.23e-01	1.16e-02
 7.34566e+22	7.73e-01	2.16e-01	1.08e-02
 7.36036e+22	7.80e-01	2.09e-01	1.01e-02
 7.37467e+22	7.88e-01	2.03e-01	9.38e-03
 7.38881e+22	7.94e-01	1.97e-01	8.75e-03
 7.40288e+22	8.01e-01	1.91e-01	8.16e-03
 7.41673e+22	8.08e-01	1.85e-01	7.60e-03
 7.43006e+22	8.14e-01	1.79e-01	7.11e-03
 7.44290e+22	8.19e-01	1.74e-01	6.66e-03
 7.45538e+22	8.25e-01	1.69e-01	6.25e-03
 7.46725e+22	8.30e-01	1.64e-01	5.88e-03
 7.47835e+22	8.35e-01	1.60e-01	5.54e-03
 7.48884e+22	8.39e-01	1.56e-01	5.24e-03
 7.49862e+22	8.43e-01	1.52e-01	4.98e-03
 7.50604e+22	8.46e-01	1.49e-01	4.79e-03
 7.51050e+22	8.47e-01	1.48e-01	4.68e-03
 7.51375e+22	8.49e-01	1.46e-01	4.57e-03
 7.51716e+22	8.51e-01	1.45e-01	4.47e-03
 7.52085e+22	8.52e-01	1.44e-01	4.39e-03
 7.52459e+22	8.54e-01	1.42e-01	4.30e-03
 7.52820e+22	8.55e-01	1.41e-01	4.21e-03
 7.53161e+22	8.56e-01	1.40e-01	4.13e-03
 7.53503e+22	8.58e-01	1.38e-01	4.05e-03
 7.53857e+22	8.59e-01	1.37e-01	3.97e-03
 7.54215e+22	8.60e-01	1.36e-01	3.89e-03
 7.54567e+22	8.62e-01	1.35e-01	3.81e-03
 7.54931e+22	8.63e-01	1.33e-01	3.73e-03
 7.55319e+22	8.65e-01	1.32e-01	3.65e-03
 7.55707e+22	8.66e-01	1.31e-01	3.58e-03
 7.56092e+22	8.67e-01	1.29e-01	3.50e-03
 7.56486e+22	8.69e-01	1.28e-01	3.41e-03
 7.56872e+22	8.70e-01	1.27e-01	3.35e-03
 7.57260e+22	8.72e-01	1.25e-01	3.27e-03
 7.57665e+22	8.73e-01	1.24e-01	3.19e-03
 7.58066e+22	8.74e-01	1.23e-01	3.12e-03
 7.58467e+22	8.76e-01	1.21e-01	3.04e-03
 7.58875e+22	8.77e-01	1.20e-01	2.98e-03
 7.59295e+22	8.79e-01	1.18e-01	2.89e-03
 7.59728e+22	8.80e-01	1.17e-01	2.82e-03
 7.60131e+22	8.82e-01	1.15e-01	2.75e-03
 7.60491e+22	8.83e-01	1.14e-01	2.70e-03
 7.60886e+22	8.85e-01	1.13e-01	2.62e-03
 7.61312e+22	8.86e-01	1.12e-01	2.56e-03
 7.61700e+22	8.87e-01	1.10e-01	2.50e-03
 7.62116e+22	8.89e-01	1.09e-01	2.43e-03
 7.62558e+22	8.90e-01	1.08e-01	2.37e-03
 7.62960e+22	8.91e-01	1.06e-01	2.31e-03
 7.63326e+22	8.92e-01	1.05e-01	2.27e-03
 7.63727e+22	8.94e-01	1.04e-01	2.20e-03
 7.64160e+22	8.95e-01	1.03e-01	2.15e-03
 7.64554e+22	8.96e-01	1.01e-01	2.09e-03
 7.64912e+22	8.97e-01	1.01e-01	2.05e-03
 7.65305e+22	8.99e-01	9.91e-02	1.99e-03
 7.65729e+22	9.00e-01	9.81e-02	1.95e-03
 7.66115e+22	9.01e-01	9.68e-02	1.89e-03
 7.66466e+22	9.02e-01	9.59e-02	1.86e-03
 7.66851e+22	9.04e-01	9.46e-02	1.80e-03
 7.67266e+22	9.05e-01	9.36e-02	1.77e-03
 7.67644e+22	9.06e-01	9.24e-02	1.72e-03
 7.67988e+22	9.07e-01	9.16e-02	1.69e-03
 7.68365e+22	9.08e-01	9.04e-02	1.64e-03
 7.68772e+22	9.09e-01	8.95e-02	1.61e-03
 7.69218e+22	9.10e-01	8.82e-02	1.56e-03
 7.69699e+22	9.11e-01	8.72e-02	1.52e-03
 7.70137e+22	9.12e-01	8.64e-02	1.50e-03
 7.70536e+22	9.13e-01	8.52e-02	1.45e-03
 7.70973e+22	9.15e-01	8.39e-02	1.41e-03
 7.71445e+22	9.16e-01	8.29e-02	1.37e-03
 7.71874e+22	9.17e-01	8.20e-02	1.34e-03
 7.72344e+22	9.18e-01	8.06e-02	1.29e-03
 7.72852e+22	9.19e-01	7.97e-02	1.26e-03
 7.73314e+22	9.20e-01	7.87e-02	1.23e-03
 7.73820e+22	9.21e-01	7.73e-02	1.19e-03
 7.74367e+22	9.23e-01	7.63e-02	1.16e-03
 7.74864e+22	9.24e-01	7.51e-02	1.12e-03
 7.75317e+22	9.25e-01	7.43e-02	1.10e-03
 7.75813e+22	9.26e-01	7.30e-02	1.06e-03
 7.76348e+22	9.27e-01	7.20e-02	1.03e-03
 7.76835e+22	9.28e-01	7.10e-02	9.97e-04
 7.77279e+22	9.29e-01	6.99e-02	9.68e-04
 7.77682e+22	9.30e-01	6.92e-02	9.49e-04
 7.78124e+22	9.31e-01	6.81e-02	9.17e-04
 7.78602e+22	9.32e-01	6.73e-02	8.94e-04
 7.79036e+22	9.33e-01	6.63e-02	8.70e-04
 7.79431e+22	9.33e-01	6.57e-02	8.53e-04
 7.79864e+22	9.34e-01	6.47e-02	8.26e-04
 7.80332e+22	9.35e-01	6.39e-02	8.06e-04
 7.80757e+22	9.36e-01	6.30e-02	7.84e-04
 7.81145e+22	9.37e-01	6.24e-02	7.69e-04
 7.81569e+22	9.38e-01	6.15e-02	7.45e-04
 7.82027e+22	9.39e-01	6.07e-02	7.27e-04
 7.82444e+22	9.39e-01	5.99e-02	7.08e-04
 7.82823e+22	9.40e-01	5.94e-02	6.95e-04
 7.83239e+22	9.41e-01	5.85e-02	6.74e-04
 7.83688e+22	9.42e-01	5.78e-02	6.58e-04
 7.84096e+22	9.42e-01	5.72e-02	6.44e-04
 7.84544e+22	9.43e-01	5.63e-02	6.24e-04
 7.85027e+22	9.44e-01	5.57e-02	6.11e-04
 7.85556e+22	9.45e-01	5.47e-02	5.89e-04
 7.86128e+22	9.46e-01	5.39e-02	5.72e-04
 7.86648e+22	9.46e-01	5.31e-02	5.55e-04
 7.87121e+22	9.47e-01	5.25e-02	5.43e-04
 7.87640e+22	9.48e-01	5.16e-02	5.24e-04
 7.88199e+22	9.49e-01	5.09e-02	5.09e-04
 7.88709e+22	9.49e-01	5.02e-02	4.97e-04
 7.89267e+22	9.50e-01	4.93e-02	4.78e-04
 7.89870e+22	9.51e-01	4.85e-02	4.64e-04
 7.90418e+22	9.52e-01	4.79e-02	4.51e-04
 7.91020e+22	9.53e-01	4.69e-02	4.33e-04
 7.91668e+22	9.53e-01	4.61e-02	4.19e-04
 7.92259e+22	9.54e-01	4.55e-02	4.07e-04
 7.92906e+22	9.55e-01	4.44e-02	3.87e-04
 7.93604e+22	9.56e-01	4.37e-02	3.76e-04
 7.94240e+22	9.57e-01	4.30e-02	3.64e-04
 7.94818e+22	9.57e-01	4.24e-02	3.54e-04
 7.95452e+22	9.58e-01	4.15e-02	3.40e-04
 7.96137e+22	9.59e-01	4.08e-02	3.28e-04
 7.96759e+22	9.60e-01	4.02e-02	3.18e-04
 7.97442e+22	9.60e-01	3.93e-02	3.05e-04
 7.98178e+22	9.61e-01	3.86e-02	2.94e-04
 7.98849e+22	9.62e-01	3.79e-02	2.84e-04
 7.99459e+22	9.62e-01	3.74e-02	2.76e-04
 8.00127e+22	9.63e-01	3.66e-02	2.65e-04
 8.00849e+22	9.64e-01	3.59e-02	2.55e-04
 8.01506e+22	9.64e-01	3.54e-02	2.48e-04
 8.02225e+22	9.65e-01	3.46e-02	2.37e-04
 8.03002e+22	9.66e-01	3.39e-02	2.28e-04
 8.03709e+22	9.66e-01	3.34e-02	2.21e-04
 8.04484e+22	9.67e-01	3.26e-02	2.11e-04
 8.05320e+22	9.68e-01	3.19e-02	2.02e-04
 8.06081e+22	9.68e-01	3.14e-02	1.95e-04
 8.06774e+22	9.69e-01	3.09e-02	1.89e-04
 8.07533e+22	9.70e-01	3.02e-02	1.81e-04
 8.08352e+22	9.70e-01	2.96e-02	1.74e-04
 8.09098e+22	9.71e-01	2.91e-02	1.68e-04
 8.09915e+22	9.71e-01	2.84e-02	1.61e-04
 8.10797e+22	9.72e-01	2.78e-02	1.54e-04
 8.11599e+22	9.73e-01	2.73e-02	1.49e-04
 8.12479e+22	9.73e-01	2.67e-02	1.42e-04
 8.13428e+22	9.74e-01	2.61e-02	1.36e-04
 8.14292e+22	9.74e-01	2.55e-02	1.30e-04
 8.15079e+22	9.75e-01	2.51e-02	1.26e-04
 8.15940e+22	9.75e-01	2.45e-02	1.20e-04
 8.16871e+22	9.76e-01	2.40e-02	1.15e-04
 8.17717e+22	9.76e-01	2.35e-02	1.11e-04
 8.18487e+22	9.77e-01	2.31e-02	1.07e-04
 8.19331e+22	9.77e-01	2.26e-02	1.03e-04
 8.20243e+22	9.78e-01	2.22e-02	9.87e-05
 8.21072e+22	9.78e-01	2.17e-02	9.50e-05
 8.21981e+22	9.79e-01	2.12e-02	9.08e-05
 8.22962e+22	9.79e-01	2.08e-02	8.70e-05
 8.23854e+22	9.80e-01	2.04e-02	8.36e-05
 8.24833e+22	9.80e-01	1.99e-02	7.95e-05
 8.25889e+22	9.81e-01	1.94e-02	7.61e-05
 8.26850e+22	9.81e-01	1.90e-02	7.29e-05
 8.27724e+22	9.81e-01	1.87e-02	7.03e-05
 8.28682e+22	9.82e-01	1.82e-02	6.71e-05
 8.29717e+22	9.82e-01	1.78e-02	6.41e-05
 8.30658e+22	9.83e-01	1.74e-02	6.15e-05
 8.31690e+22	9.83e-01	1.70e-02	5.87e-05
 8.32804e+22	9.83e-01	1.66e-02	5.60e-05
 8.33817e+22	9.84e-01	1.62e-02	5.36e-05
 8.34928e+22	9.84e-01	1.58e-02	5.09e-05
 8.36127e+22	9.85e-01	1.54e-02	4.84e-05
 8.37218e+22	9.85e-01	1.51e-02	4.62e-05
 8.38414e+22	9.85e-01	1.46e-02	4.38e-05
 8.39704e+22	9.86e-01	1.42e-02	4.15e-05
 8.40879e+22	9.86e-01	1.39e-02	3.95e-05
 8.41948e+22	9.86e-01	1.36e-02	3.79e-05
 8.43119e+22	9.87e-01	1.32e-02	3.59e-05
 8.44546e+22	9.87e-01	1.28e-02	3.37e-05
 8.46084e+22	9.88e-01	1.24e-02	3.16e-05
 8.47688e+22	9.88e-01	1.19e-02	2.95e-05
 8.49347e+22	9.88e-01	1.15e-02	2.75e-05
 8.51032e+22	9.89e-01	1.11e-02	2.56e-05
 8.52744e+22	9.89e-01	1.07e-02	2.39e-05
 8.54472e+22	9.90e-01	1.03e-02	2.22e-05
 8.56220e+22	9.90e-01	9.97e-03	2.07e-05
 8.57984e+22	9.90e-01	9.61e-03	1.92e-05
 8.59765e+22	9.91e-01	9.26e-03	1.79e-05
 8.61564e+22	9.91e-01	8.92e-03	1.66e-05
 8.63379e+22	9.91e-01	8.59e-03	1.55e-05
 8.65210e+22	9.92e-01	8.27e-03	1.44e-05
 8.67047e+22	9.92e-01	7.96e-03	1.33e-05
 8.68901e+22	9.92e-01	7.66e-03	1.24e-05
 8.70775e+22	9.93e-01	7.38e-03	1.15e-05
 8.72662e+22	9.93e-01	7.10e-03	1.07e-05
 8.74565e+22	9.93e-01	6.83e-03	9.87e-06
 8.76485e+22	9.93e-01	6.57e-03	9.15e-06
 8.78421e+22	9.94e-01	6.31e-03	8.48e-06
 8.80372e+22	9.94e-01	6.07e-03	7.85e-06
 8.82339e+22	9.94e-01	5.83e-03	7.26e-06
 8.84322e+22	9.94e-01	5.61e-03	6.72e-06
 8.86328e+22	9.95e-01	5.39e-03	6.22e-06
 8.88379e+22	9.95e-01	5.17e-03	5.74e-06
 8.90466e+22	9.95e-01	4.96e-03	5.29e-06
 8.92576e+22	9.95e-01	4.76e-03	4.88e-06
 8.94715e+22	9.95e-01	4.56e-03	4.49e-06
 8.96878e+22	9.96e-01	4.37e-03	4.14e-06
 8.99069e+22	9.96e-01	4.19e-03	3.80e-06
 9.01290e+22	9.96e-01	4.01e-03	3.50e-06
 9.03548e+22	9.96e-01	3.84e-03	3.21e-06
 9.05848e+22	9.96e-01	3.67e-03	2.94e-06
 9.08198e+22	9.96e-01	3.51e-03	2.69e-06
 9.10608e+22	9.97e-01	3.35e-03	2.46e-06
 9.13080e+22	9.97e-01	3.19e-03	2.24e-06
 9.15611e+22	9.97e-01	3.04e-03	2.04e-06
 9.18204e+22	9.97e-01	2.89e-03	1.85e-06
 9.20842e+22	9.97e-01	2.75e-03	1.68e-06
 9.23497e+22	9.97e-01	2.62e-03	1.53e-06
 9.25265e+22	9.97e-01	2.57e-03	1.47e-06
