#depth	Cl	Cl+	Cl+2	Cl+3	Cl+4	Cl+5	Cl+6	Cl+7	Cl+8	Cl+9	Cl+10	Cl+11	Cl+12	Cl+13	Cl+14	Cl+15	Cl+16	Cl+17
 4.62852e+21	0.00e+00	0.00e+00	0.00e+00	0.00e+00	0.00e+00	0.00e+00	1.63e-23	5.68e-20	5.74e-17	2.53e-14	5.36e-12	6.92e-10	5.19e-08	2.49e-06	1.31e-04	1.27e-02	1.79e-01	8.08e-01
 1.05643e+22	0.00e+00	0.00e+00	0.00e+00	0.00e+00	0.00e+00	4.89e-25	8.40e-22	2.02e-18	1.39e-15	4.23e-13	6.16e-11	5.48e-09	2.85e-07	9.56e-06	3.53e-04	2.39e-02	2.35e-01	7.41e-01
 1.27641e+22	0.00e+00	0.00e+00	0.00e+00	0.00e+00	1.78e-27	4.32e-24	5.91e-21	2.24e-17	1.20e-14	2.82e-12	3.18e-10	2.20e-08	8.91e-07	2.34e-05	6.79e-04	3.61e-02	2.78e-01	6.85e-01
 1.43707e+22	0.00e+00	0.00e+00	0.00e+00	6.63e-30	2.12e-26	4.32e-23	4.93e-20	1.53e-16	6.64e-14	1.28e-11	1.18e-09	6.63e-08	2.20e-06	4.76e-05	1.13e-03	4.97e-02	3.14e-01	6.35e-01
 1.52632e+22	0.00e+00	0.00e+00	0.00e+00	1.29e-29	3.95e-26	7.71e-23	8.40e-20	2.47e-16	1.02e-13	1.86e-11	1.63e-09	8.75e-08	2.76e-06	5.69e-05	1.29e-03	5.37e-02	3.23e-01	6.22e-01
 1.55601e+22	0.00e+00	0.00e+00	0.00e+00	2.00e-29	5.95e-26	1.13e-22	1.19e-19	3.40e-16	1.36e-13	2.39e-11	2.03e-09	1.05e-07	3.20e-06	6.39e-05	1.40e-03	5.66e-02	3.29e-01	6.13e-01
 1.57924e+22	0.00e+00	0.00e+00	0.00e+00	3.03e-29	8.78e-26	1.62e-22	1.67e-19	4.60e-16	1.78e-13	3.03e-11	2.49e-09	1.25e-07	3.69e-06	7.13e-05	1.52e-03	5.94e-02	3.35e-01	6.04e-01
 1.60545e+22	0.00e+00	0.00e+00	0.00e+00	5.18e-29	1.45e-25	2.58e-22	2.55e-19	6.77e-16	2.51e-13	4.11e-11	3.24e-09	1.56e-07	4.43e-06	8.22e-05	1.68e-03	6.32e-02	3.42e-01	5.93e-01
 1.63194e+22	0.00e+00	0.00e+00	0.00e+00	8.08e-29	2.20e-25	3.80e-22	3.64e-19	9.34e-16	3.35e-13	5.30e-11	4.03e-09	1.88e-07	5.15e-06	9.25e-05	1.83e-03	6.65e-02	3.48e-01	5.84e-01
 1.65517e+22	0.00e+00	0.00e+00	0.00e+00	1.25e-28	3.30e-25	5.55e-22	5.16e-19	1.28e-15	4.44e-13	6.79e-11	5.00e-09	2.25e-07	5.98e-06	1.04e-04	1.98e-03	6.99e-02	3.54e-01	5.74e-01
 1.68175e+22	0.00e+00	0.00e+00	0.00e+00	1.21e-28	3.10e-25	5.04e-22	7.82e-19	1.86e-15	6.20e-13	9.12e-11	6.45e-09	2.79e-07	7.12e-06	1.19e-04	2.19e-03	7.41e-02	3.61e-01	5.63e-01
 1.70982e+22	0.00e+00	0.00e+00	0.00e+00	2.01e-28	4.96e-25	7.79e-22	1.16e-18	2.68e-15	8.57e-13	1.21e-10	8.26e-09	3.44e-07	8.45e-06	1.36e-04	2.40e-03	7.85e-02	3.67e-01	5.52e-01
 1.73353e+22	0.00e+00	0.00e+00	0.00e+00	3.07e-28	7.38e-25	1.13e-21	1.63e-18	3.63e-15	1.13e-12	1.54e-10	1.02e-08	4.10e-07	9.75e-06	1.52e-04	2.60e-03	8.23e-02	3.73e-01	5.42e-01
 1.75801e+22	0.00e+00	0.00e+00	0.00e+00	5.01e-28	1.17e-24	1.72e-21	2.41e-18	5.17e-15	1.54e-12	2.04e-10	1.29e-08	5.02e-07	1.15e-05	1.73e-04	2.85e-03	8.68e-02	3.79e-01	5.31e-01
 1.78391e+22	0.00e+00	0.00e+00	0.00e+00	7.94e-28	1.79e-24	2.57e-21	3.47e-18	7.20e-15	2.08e-12	2.65e-10	1.62e-08	6.08e-07	1.34e-05	1.95e-04	3.10e-03	9.13e-02	3.85e-01	5.20e-01
 1.80732e+22	0.00e+00	0.00e+00	0.00e+00	1.22e-27	2.68e-24	3.73e-21	4.88e-18	9.82e-15	2.74e-12	3.38e-10	2.01e-08	7.28e-07	1.56e-05	2.18e-04	3.36e-03	9.57e-02	3.90e-01	5.10e-01
 1.83340e+22	0.00e+00	0.00e+00	2.93e-31	2.11e-27	4.46e-24	5.97e-21	7.51e-18	1.45e-14	3.89e-12	4.61e-10	2.62e-08	9.12e-07	1.87e-05	2.51e-04	3.72e-03	1.02e-01	3.97e-01	4.97e-01
 1.85999e+22	0.00e+00	0.00e+00	4.71e-31	3.30e-27	6.78e-24	8.81e-21	1.07e-17	2.01e-14	5.20e-12	5.95e-10	3.27e-08	1.10e-06	2.18e-05	2.83e-04	4.04e-03	1.07e-01	4.02e-01	4.87e-01
 1.88267e+22	0.00e+00	0.00e+00	7.37e-31	5.04e-27	1.00e-23	1.27e-20	1.49e-17	2.71e-14	6.81e-12	7.55e-10	4.02e-08	1.31e-06	2.51e-05	3.15e-04	4.36e-03	1.11e-01	4.07e-01	4.77e-01
 1.90421e+22	0.00e+00	0.00e+00	1.13e-30	7.56e-27	1.47e-23	1.80e-20	2.05e-17	3.63e-14	8.84e-12	9.51e-10	4.91e-08	1.55e-06	2.88e-05	3.50e-04	4.69e-03	1.16e-01	4.12e-01	4.67e-01
 1.92886e+22	0.00e+00	0.00e+00	1.96e-30	1.26e-26	2.36e-23	2.80e-20	3.07e-17	5.24e-14	1.23e-11	1.27e-09	6.31e-08	1.92e-06	3.43e-05	4.00e-04	5.15e-03	1.23e-01	4.17e-01	4.55e-01
 1.95423e+22	0.00e+00	0.00e+00	3.11e-30	1.95e-26	3.55e-23	4.07e-20	4.32e-17	7.14e-14	1.62e-11	1.63e-09	7.81e-08	2.30e-06	3.97e-05	4.48e-04	5.57e-03	1.28e-01	4.22e-01	4.44e-01
 1.98055e+22	0.00e+00	0.00e+00	5.47e-30	3.32e-26	5.82e-23	6.43e-20	6.55e-17	1.04e-13	2.28e-11	2.20e-09	1.01e-07	2.86e-06	4.75e-05	5.14e-04	6.13e-03	1.35e-01	4.27e-01	4.31e-01
 2.00746e+22	0.00e+00	0.00e+00	9.24e-30	5.44e-26	9.20e-23	9.81e-20	9.62e-17	1.48e-13	3.13e-11	2.90e-09	1.29e-07	3.51e-06	5.61e-05	5.84e-04	6.70e-03	1.42e-01	4.31e-01	4.19e-01
 2.02939e+22	0.00e+00	0.00e+00	1.43e-29	8.20e-26	1.35e-22	1.39e-19	1.32e-16	1.98e-13	4.06e-11	3.66e-09	1.58e-07	4.17e-06	6.45e-05	6.49e-04	7.21e-03	1.48e-01	4.35e-01	4.09e-01
 2.04912e+22	0.00e+00	0.00e+00	2.10e-29	1.18e-25	1.89e-22	1.90e-19	1.75e-16	2.57e-13	5.11e-11	4.49e-09	1.88e-07	4.84e-06	7.28e-05	7.12e-04	7.68e-03	1.54e-01	4.38e-01	4.00e-01
 2.07172e+22	0.00e+00	0.00e+00	3.49e-29	1.90e-25	2.93e-22	2.85e-19	2.54e-16	3.60e-13	6.93e-11	5.87e-09	2.38e-07	5.90e-06	8.56e-05	8.05e-04	8.36e-03	1.61e-01	4.42e-01	3.88e-01
 2.09555e+22	0.00e+00	0.00e+00	5.56e-29	2.93e-25	4.39e-22	4.13e-19	3.54e-16	4.89e-13	9.14e-11	7.51e-09	2.95e-07	7.07e-06	9.92e-05	9.00e-04	9.02e-03	1.68e-01	4.45e-01	3.77e-01
 2.11731e+22	0.00e+00	0.00e+00	8.70e-29	4.46e-25	6.48e-22	5.91e-19	4.90e-16	6.58e-13	1.19e-10	9.52e-09	3.62e-07	8.42e-06	1.14e-04	1.00e-03	9.71e-03	1.75e-01	4.47e-01	3.67e-01
 2.14192e+22	0.00e+00	0.00e+00	1.54e-28	7.60e-25	1.06e-21	9.31e-19	7.38e-16	9.59e-13	1.67e-10	1.28e-08	4.70e-07	1.05e-05	1.37e-04	1.15e-03	1.07e-02	1.84e-01	4.50e-01	3.54e-01
 2.16594e+22	0.00e+00	0.00e+00	2.42e-28	1.16e-24	1.57e-21	1.33e-18	1.02e-15	1.29e-12	2.19e-10	1.63e-08	5.78e-07	1.25e-05	1.58e-04	1.28e-03	1.15e-02	1.91e-01	4.52e-01	3.44e-01
 2.18557e+22	0.00e+00	0.00e+00	3.67e-28	1.72e-24	2.26e-21	1.85e-18	1.37e-15	1.70e-12	2.80e-10	2.03e-08	7.00e-07	1.47e-05	1.80e-04	1.41e-03	1.23e-02	1.98e-01	4.54e-01	3.34e-01
 2.20747e+22	0.00e+00	0.00e+00	6.11e-28	2.77e-24	3.50e-21	2.77e-18	1.97e-15	2.37e-12	3.79e-10	2.65e-08	8.83e-07	1.80e-05	2.12e-04	1.59e-03	1.33e-02	2.07e-01	4.56e-01	3.22e-01
 2.23029e+22	0.00e+00	0.00e+00	9.49e-28	4.18e-24	5.13e-21	3.93e-18	2.70e-15	3.16e-12	4.92e-10	3.35e-08	1.08e-06	2.13e-05	2.43e-04	1.77e-03	1.43e-02	2.14e-01	4.57e-01	3.12e-01
 2.25114e+22	0.00e+00	0.00e+00	1.49e-27	6.36e-24	7.55e-21	5.59e-18	3.71e-15	4.24e-12	6.41e-10	4.23e-08	1.33e-06	2.54e-05	2.80e-04	1.96e-03	1.53e-02	2.22e-01	4.58e-01	3.02e-01
 2.27180e+22	0.00e+00	1.68e-31	2.33e-27	9.66e-24	1.11e-20	7.94e-18	5.08e-15	5.66e-12	8.33e-10	5.35e-08	1.62e-06	3.01e-05	3.22e-04	2.18e-03	1.64e-02	2.31e-01	4.58e-01	2.92e-01
 2.29162e+22	0.00e+00	2.63e-31	3.53e-27	1.43e-23	1.59e-20	1.10e-17	6.80e-15	7.42e-12	1.06e-09	6.65e-08	1.96e-06	3.54e-05	3.67e-04	2.40e-03	1.75e-02	2.38e-01	4.58e-01	2.83e-01
 2.31362e+22	0.00e+00	4.70e-31	6.07e-27	2.36e-23	2.52e-20	1.68e-17	9.90e-15	1.05e-11	1.46e-09	8.82e-08	2.51e-06	4.37e-05	4.35e-04	2.73e-03	1.90e-02	2.48e-01	4.58e-01	2.71e-01
 2.33548e+22	0.00e+00	7.30e-31	9.16e-27	3.47e-23	3.59e-20	2.32e-17	1.32e-14	1.37e-11	1.86e-09	1.09e-07	3.03e-06	5.12e-05	4.95e-04	3.00e-03	2.03e-02	2.56e-01	4.57e-01	2.62e-01
 2.35714e+22	0.00e+00	1.29e-30	1.56e-26	5.71e-23	5.67e-20	3.50e-17	1.91e-14	1.94e-11	2.54e-09	1.44e-07	3.86e-06	6.29e-05	5.85e-04	3.40e-03	2.20e-02	2.67e-01	4.56e-01	2.51e-01
 2.37899e+22	0.00e+00	2.05e-30	2.40e-26	8.52e-23	8.19e-20	4.90e-17	2.58e-14	2.55e-11	3.26e-09	1.81e-07	4.68e-06	7.42e-05	6.68e-04	3.75e-03	2.34e-02	2.75e-01	4.55e-01	2.42e-01
 2.40108e+22	0.00e+00	3.60e-30	4.07e-26	1.39e-22	1.28e-19	7.36e-17	3.71e-14	3.58e-11	4.43e-09	2.37e-07	5.94e-06	9.08e-05	7.87e-04	4.22e-03	2.53e-02	2.86e-01	4.53e-01	2.31e-01
 2.42301e+22	0.00e+00	5.83e-30	6.37e-26	2.11e-22	1.88e-19	1.04e-16	5.04e-14	4.76e-11	5.74e-09	2.99e-07	7.28e-06	1.08e-04	9.04e-04	4.68e-03	2.71e-02	2.95e-01	4.51e-01	2.22e-01
 2.44114e+22	0.00e+00	8.71e-30	9.27e-26	2.99e-22	2.59e-19	1.39e-16	6.53e-14	6.06e-11	7.15e-09	3.64e-07	8.62e-06	1.25e-04	1.01e-03	5.09e-03	2.86e-02	3.02e-01	4.49e-01	2.15e-01
 2.46113e+22	0.00e+00	1.47e-29	1.51e-25	4.72e-22	3.93e-19	2.02e-16	9.11e-14	8.26e-11	9.48e-09	4.68e-07	1.07e-05	1.50e-04	1.18e-03	5.68e-03	3.06e-02	3.12e-01	4.45e-01	2.05e-01
 2.48217e+22	0.00e+00	2.36e-29	2.35e-25	7.10e-22	5.70e-19	2.83e-16	1.23e-13	1.09e-10	1.22e-08	5.88e-07	1.31e-05	1.78e-04	1.35e-03	6.27e-03	3.26e-02	3.21e-01	4.42e-01	1.96e-01
 2.50111e+22	0.00e+00	3.68e-29	3.55e-25	1.04e-21	8.10e-19	3.89e-16	1.63e-13	1.42e-10	1.55e-08	7.27e-07	1.58e-05	2.08e-04	1.53e-03	6.88e-03	3.46e-02	3.29e-01	4.39e-01	1.89e-01
 2.52224e+22	0.00e+00	6.43e-29	5.97e-25	1.69e-21	1.26e-18	5.79e-16	2.31e-13	1.97e-10	2.10e-08	9.51e-07	1.99e-05	2.53e-04	1.80e-03	7.72e-03	3.72e-02	3.40e-01	4.34e-01	1.79e-01
 2.54370e+22	0.00e+00	1.04e-28	9.31e-25	2.55e-21	1.83e-18	8.11e-16	3.11e-13	2.60e-10	2.70e-08	1.20e-06	2.43e-05	3.00e-04	2.06e-03	8.51e-03	3.95e-02	3.49e-01	4.30e-01	1.71e-01
 2.56236e+22	0.00e+00	1.63e-28	1.42e-24	3.78e-21	2.62e-18	1.12e-15	4.13e-13	3.40e-10	3.45e-08	1.49e-06	2.93e-05	3.52e-04	2.34e-03	9.33e-03	4.18e-02	3.57e-01	4.25e-01	1.64e-01
 2.58043e+22	0.00e+00	2.52e-28	2.13e-24	5.49e-21	3.68e-18	1.52e-15	5.41e-13	4.38e-10	4.35e-08	1.83e-06	3.51e-05	4.11e-04	2.64e-03	1.02e-02	4.41e-02	3.65e-01	4.21e-01	1.57e-01
 2.60096e+22	0.00e+00	4.32e-28	3.52e-24	8.75e-21	5.62e-18	2.22e-15	7.57e-13	6.00e-10	5.80e-08	2.37e-06	4.39e-05	4.96e-04	3.07e-03	1.14e-02	4.72e-02	3.75e-01	4.15e-01	1.48e-01
 2.62226e+22	0.00e+00	6.98e-28	5.50e-24	1.32e-20	8.18e-18	3.11e-15	1.02e-12	7.92e-10	7.48e-08	2.97e-06	5.36e-05	5.87e-04	3.51e-03	1.25e-02	5.00e-02	3.84e-01	4.09e-01	1.41e-01
 2.64137e+22	0.00e+00	1.11e-27	8.47e-24	1.97e-20	1.18e-17	4.30e-15	1.35e-12	1.04e-09	9.57e-08	3.71e-06	6.49e-05	6.90e-04	4.00e-03	1.37e-02	5.28e-02	3.92e-01	4.03e-01	1.34e-01
 2.66303e+22	0.00e+00	1.98e-27	1.45e-23	3.24e-20	1.85e-17	6.45e-15	1.93e-12	1.45e-09	1.30e-07	4.88e-06	8.24e-05	8.44e-04	4.69e-03	1.53e-02	5.65e-02	4.02e-01	3.95e-01	1.26e-01
 2.68452e+22	0.00e+00	3.20e-27	2.26e-23	4.89e-20	2.68e-17	8.98e-15	2.57e-12	1.90e-09	1.67e-07	6.12e-06	1.00e-04	9.97e-04	5.35e-03	1.68e-02	5.97e-02	4.10e-01	3.88e-01	1.19e-01
 2.70210e+22	0.00e+00	4.84e-27	3.32e-23	6.96e-20	3.69e-17	1.19e-14	3.30e-12	2.41e-09	2.08e-07	7.44e-06	1.19e-04	1.15e-03	5.99e-03	1.82e-02	6.25e-02	4.16e-01	3.82e-01	1.14e-01
 2.72125e+22	0.00e+00	8.19e-27	5.41e-23	1.09e-19	5.54e-17	1.72e-14	4.52e-12	3.26e-09	2.74e-07	9.53e-06	1.47e-04	1.38e-03	6.91e-03	2.01e-02	6.63e-02	4.24e-01	3.74e-01	1.07e-01
 2.74102e+22	0.00e+00	1.30e-26	8.28e-23	1.62e-19	7.89e-17	2.35e-14	5.94e-12	4.23e-09	3.48e-07	1.18e-05	1.78e-04	1.61e-03	7.82e-03	2.20e-02	6.96e-02	4.31e-01	3.67e-01	1.01e-01
 2.75726e+22	0.00e+00	1.88e-26	1.17e-22	2.22e-19	1.05e-16	3.03e-14	7.40e-12	5.22e-09	4.23e-07	1.41e-05	2.07e-04	1.83e-03	8.65e-03	2.36e-02	7.25e-02	4.37e-01	3.60e-01	9.64e-02
 2.77406e+22	0.00e+00	3.01e-26	1.80e-22	3.31e-19	1.50e-16	4.16e-14	9.75e-12	6.79e-09	5.40e-07	1.75e-05	2.50e-04	2.15e-03	9.80e-03	2.57e-02	7.61e-02	4.43e-01	3.52e-01	9.09e-02
 2.79013e+22	0.00e+00	4.26e-26	2.49e-22	4.45e-19	1.96e-16	5.26e-14	1.19e-11	8.25e-09	6.47e-07	2.06e-05	2.87e-04	2.42e-03	1.08e-02	2.74e-02	7.88e-02	4.47e-01	3.46e-01	8.69e-02
 2.80307e+22	0.00e+00	5.99e-26	3.42e-22	5.95e-19	2.54e-16	6.61e-14	1.45e-11	9.97e-09	7.71e-07	2.42e-05	3.30e-04	2.72e-03	1.18e-02	2.91e-02	8.16e-02	4.51e-01	3.40e-01	8.32e-02
 2.81574e+22	0.00e+00	8.27e-26	4.60e-22	7.82e-19	3.25e-16	8.21e-14	1.75e-11	1.19e-08	9.11e-07	2.81e-05	3.75e-04	3.03e-03	1.28e-02	3.09e-02	8.42e-02	4.55e-01	3.34e-01	7.97e-02
 2.82813e+22	0.00e+00	1.12e-25	6.09e-22	1.01e-18	4.09e-16	1.01e-13	2.08e-11	1.41e-08	1.06e-06	3.23e-05	4.24e-04	3.35e-03	1.39e-02	3.26e-02	8.67e-02	4.58e-01	3.29e-01	7.65e-02
 2.84213e+22	0.00e+00	1.67e-25	8.83e-22	1.42e-18	5.54e-16	1.31e-13	2.62e-11	1.76e-08	1.31e-06	3.89e-05	4.98e-04	3.83e-03	1.54e-02	3.50e-02	9.01e-02	4.62e-01	3.21e-01	7.24e-02
 2.85610e+22	0.00e+00	2.31e-25	1.19e-21	1.86e-18	7.06e-16	1.62e-13	3.14e-11	2.10e-08	1.54e-06	4.51e-05	5.66e-04	4.27e-03	1.67e-02	3.70e-02	9.28e-02	4.65e-01	3.15e-01	6.93e-02
 2.86760e+22	0.00e+00	3.13e-25	1.57e-21	2.40e-18	8.86e-16	1.98e-13	3.71e-11	2.48e-08	1.80e-06	5.19e-05	6.38e-04	4.72e-03	1.81e-02	3.90e-02	9.54e-02	4.67e-01	3.09e-01	6.64e-02
 2.87830e+22	0.00e+00	4.14e-25	2.04e-21	3.04e-18	1.09e-15	2.38e-13	4.34e-11	2.89e-08	2.08e-06	5.91e-05	7.14e-04	5.18e-03	1.94e-02	4.10e-02	9.78e-02	4.69e-01	3.03e-01	6.37e-02
 2.89039e+22	0.00e+00	5.85e-25	2.80e-21	4.07e-18	1.41e-15	2.97e-13	5.25e-11	3.49e-08	2.47e-06	6.92e-05	8.18e-04	5.80e-03	2.12e-02	4.34e-02	1.01e-01	4.71e-01	2.96e-01	6.06e-02
 2.90302e+22	0.00e+00	7.96e-25	3.72e-21	5.27e-18	1.78e-15	3.64e-13	6.23e-11	4.12e-08	2.89e-06	7.96e-05	9.23e-04	6.42e-03	2.29e-02	4.58e-02	1.03e-01	4.73e-01	2.90e-01	5.79e-02
 2.91444e+22	0.00e+00	1.07e-24	4.89e-21	6.76e-18	2.22e-15	4.41e-13	7.35e-11	4.84e-08	3.36e-06	9.12e-05	1.04e-03	7.07e-03	2.47e-02	4.81e-02	1.06e-01	4.74e-01	2.84e-01	5.54e-02
 2.92733e+22	0.00e+00	1.60e-24	7.08e-21	9.45e-18	2.99e-15	5.69e-13	9.09e-11	5.99e-08	4.11e-06	1.09e-04	1.21e-03	8.06e-03	2.73e-02	5.13e-02	1.09e-01	4.75e-01	2.76e-01	5.20e-02
 2.94001e+22	0.00e+00	2.15e-24	9.27e-21	1.21e-17	3.71e-15	6.87e-13	1.07e-10	7.01e-08	4.76e-06	1.25e-04	1.36e-03	8.85e-03	2.94e-02	5.38e-02	1.12e-01	4.75e-01	2.69e-01	4.97e-02
 2.95038e+22	0.00e+00	2.87e-24	1.21e-20	1.53e-17	4.58e-15	8.22e-13	1.24e-10	8.15e-08	5.49e-06	1.42e-04	1.52e-03	9.72e-03	3.15e-02	5.64e-02	1.14e-01	4.76e-01	2.63e-01	4.75e-02
 2.96012e+22	0.00e+00	3.76e-24	1.55e-20	1.92e-17	5.57e-15	9.72e-13	1.42e-10	9.39e-08	6.28e-06	1.61e-04	1.69e-03	1.06e-02	3.37e-02	5.88e-02	1.17e-01	4.75e-01	2.57e-01	4.54e-02
 2.97107e+22	0.00e+00	5.27e-24	2.11e-20	2.54e-17	7.12e-15	1.20e-12	1.70e-10	1.12e-07	7.42e-06	1.87e-04	1.92e-03	1.18e-02	3.65e-02	6.20e-02	1.19e-01	4.75e-01	2.50e-01	4.30e-02
 2.98234e+22	0.00e+00	7.14e-24	2.78e-20	3.26e-17	8.86e-15	1.44e-12	1.98e-10	1.31e-07	8.61e-06	2.14e-04	2.16e-03	1.30e-02	3.92e-02	6.50e-02	1.22e-01	4.74e-01	2.44e-01	4.09e-02
 2.99217e+22	0.00e+00	9.29e-24	3.55e-20	4.05e-17	1.07e-14	1.70e-12	2.27e-10	1.50e-07	9.80e-06	2.41e-04	2.39e-03	1.41e-02	4.18e-02	6.76e-02	1.24e-01	4.73e-01	2.38e-01	3.91e-02
 3.00310e+22	0.00e+00	1.35e-23	4.98e-20	5.48e-17	1.40e-14	2.13e-12	2.72e-10	1.81e-07	1.17e-05	2.83e-04	2.75e-03	1.58e-02	4.56e-02	7.14e-02	1.27e-01	4.71e-01	2.30e-01	3.66e-02
 3.01405e+22	0.00e+00	1.79e-23	6.44e-20	6.91e-17	1.71e-14	2.52e-12	3.13e-10	2.10e-07	1.35e-05	3.21e-04	3.05e-03	1.72e-02	4.86e-02	7.44e-02	1.29e-01	4.69e-01	2.24e-01	3.48e-02
 3.02502e+22	0.00e+00	2.59e-23	9.03e-20	9.35e-17	2.22e-14	3.14e-12	3.75e-10	2.53e-07	1.61e-05	3.78e-04	3.51e-03	1.93e-02	5.29e-02	7.84e-02	1.32e-01	4.66e-01	2.15e-01	3.26e-02
 3.03617e+22	0.00e+00	3.50e-23	1.19e-19	1.19e-16	2.74e-14	3.75e-12	4.33e-10	2.94e-07	1.86e-05	4.31e-04	3.92e-03	2.11e-02	5.66e-02	8.18e-02	1.34e-01	4.63e-01	2.09e-01	3.08e-02
 3.04574e+22	0.00e+00	4.61e-23	1.53e-19	1.49e-16	3.33e-14	4.41e-12	4.95e-10	3.37e-07	2.12e-05	4.85e-04	4.34e-03	2.30e-02	6.02e-02	8.49e-02	1.35e-01	4.60e-01	2.03e-01	2.93e-02
 3.05639e+22	0.00e+00	6.84e-23	2.18e-19	2.05e-16	4.36e-14	5.51e-12	5.91e-10	4.08e-07	2.55e-05	5.74e-04	5.01e-03	2.58e-02	6.56e-02	8.95e-02	1.38e-01	4.54e-01	1.94e-01	2.71e-02
 3.06683e+22	0.00e+00	8.91e-23	2.77e-19	2.54e-16	5.24e-14	6.43e-12	6.70e-10	4.65e-07	2.89e-05	6.44e-04	5.52e-03	2.79e-02	6.95e-02	9.26e-02	1.39e-01	4.51e-01	1.88e-01	2.57e-02
 3.07700e+22	0.00e+00	1.30e-22	3.91e-19	3.43e-16	6.78e-14	7.94e-12	7.92e-10	5.57e-07	3.44e-05	7.55e-04	6.32e-03	3.11e-02	7.53e-02	9.71e-02	1.41e-01	4.44e-01	1.80e-01	2.39e-02
 3.08699e+22	0.00e+00	1.68e-22	4.92e-19	4.21e-16	8.09e-14	9.19e-12	8.91e-10	6.31e-07	3.88e-05	8.42e-04	6.93e-03	3.35e-02	7.93e-02	1.00e-01	1.42e-01	4.40e-01	1.74e-01	2.26e-02
 3.09674e+22	0.00e+00	2.45e-22	6.92e-19	5.67e-16	1.04e-13	1.13e-11	1.05e-09	7.53e-07	4.61e-05	9.86e-04	7.91e-03	3.72e-02	8.57e-02	1.05e-01	1.44e-01	4.33e-01	1.66e-01	2.09e-02
 3.10645e+22	0.00e+00	3.18e-22	8.78e-19	6.99e-16	1.24e-13	1.31e-11	1.18e-09	8.54e-07	5.21e-05	1.10e-03	8.68e-03	4.00e-02	9.03e-02	1.08e-01	1.45e-01	4.27e-01	1.60e-01	1.97e-02
 3.11610e+22	0.00e+00	4.65e-22	1.23e-18	9.41e-16	1.60e-13	1.60e-11	1.37e-09	1.02e-06	6.17e-05	1.28e-03	9.89e-03	4.44e-02	9.73e-02	1.12e-01	1.46e-01	4.18e-01	1.52e-01	1.82e-02
 3.12583e+22	0.00e+00	6.13e-22	1.58e-18	1.17e-15	1.92e-13	1.85e-11	1.55e-09	1.16e-06	6.99e-05	1.44e-03	1.09e-02	4.79e-02	1.03e-01	1.16e-01	1.47e-01	4.12e-01	1.46e-01	1.70e-02
 3.13567e+22	0.00e+00	9.07e-22	2.25e-18	1.59e-15	2.48e-13	2.27e-11	1.81e-09	1.38e-06	8.31e-05	1.69e-03	1.24e-02	5.31e-02	1.10e-01	1.20e-01	1.47e-01	4.02e-01	1.38e-01	1.56e-02
 3.14560e+22	0.00e+00	1.21e-21	2.91e-18	1.99e-15	3.00e-13	2.65e-11	2.03e-09	1.57e-06	9.43e-05	1.89e-03	1.37e-02	5.72e-02	1.16e-01	1.24e-01	1.47e-01	3.94e-01	1.32e-01	1.45e-02
 3.15564e+22	0.00e+00	1.78e-21	4.12e-18	2.69e-15	3.86e-13	3.24e-11	2.37e-09	1.87e-06	1.12e-04	2.20e-03	1.55e-02	6.31e-02	1.24e-01	1.28e-01	1.47e-01	3.82e-01	1.24e-01	1.32e-02
 3.16559e+22	0.00e+00	2.39e-21	5.36e-18	3.38e-15	4.67e-13	3.76e-11	2.66e-09	2.13e-06	1.27e-04	2.47e-03	1.71e-02	6.79e-02	1.31e-01	1.31e-01	1.47e-01	3.73e-01	1.18e-01	1.23e-02
 3.17541e+22	0.00e+00	3.50e-21	7.54e-18	4.53e-15	5.97e-13	4.57e-11	3.08e-09	2.51e-06	1.49e-04	2.87e-03	1.93e-02	7.45e-02	1.39e-01	1.35e-01	1.46e-01	3.61e-01	1.10e-01	1.11e-02
 3.18544e+22	0.00e+00	4.76e-21	9.94e-18	5.75e-15	7.27e-13	5.34e-11	3.47e-09	2.87e-06	1.70e-04	3.23e-03	2.12e-02	8.02e-02	1.46e-01	1.38e-01	1.45e-01	3.51e-01	1.04e-01	1.02e-02
 3.19573e+22	0.00e+00	7.14e-21	1.43e-17	7.84e-15	9.40e-13	6.52e-11	4.04e-09	3.41e-06	2.01e-04	3.76e-03	2.41e-02	8.80e-02	1.55e-01	1.42e-01	1.44e-01	3.37e-01	9.67e-02	9.14e-03
 3.20608e+22	0.00e+00	9.76e-21	1.88e-17	9.96e-15	1.15e-12	7.62e-11	4.53e-09	3.88e-06	2.28e-04	4.21e-03	2.64e-02	9.44e-02	1.63e-01	1.44e-01	1.42e-01	3.26e-01	9.09e-02	8.36e-03
 3.21650e+22	0.00e+00	1.47e-20	2.71e-17	1.36e-14	1.48e-12	9.30e-11	5.26e-09	4.59e-06	2.69e-04	4.89e-03	2.98e-02	1.03e-01	1.72e-01	1.47e-01	1.40e-01	3.11e-01	8.36e-02	7.42e-03
 3.22698e+22	0.00e+00	2.01e-20	3.59e-17	1.73e-14	1.80e-12	1.08e-10	5.90e-09	5.21e-06	3.04e-04	5.47e-03	3.26e-02	1.10e-01	1.79e-01	1.49e-01	1.38e-01	3.00e-01	7.82e-02	6.75e-03
 3.23605e+22	0.00e+00	2.74e-20	4.72e-17	2.18e-14	2.19e-12	1.26e-10	6.59e-09	5.89e-06	3.42e-04	6.09e-03	3.56e-02	1.17e-01	1.86e-01	1.51e-01	1.36e-01	2.88e-01	7.32e-02	6.14e-03
 3.24635e+22	0.00e+00	4.05e-20	6.69e-17	2.94e-14	2.80e-12	1.52e-10	7.59e-09	6.87e-06	3.97e-04	6.96e-03	3.97e-02	1.27e-01	1.95e-01	1.53e-01	1.33e-01	2.73e-01	6.69e-02	5.42e-03
 3.25667e+22	0.00e+00	5.49e-20	8.76e-17	3.70e-14	3.38e-12	1.76e-10	8.46e-09	7.72e-06	4.45e-04	7.71e-03	4.30e-02	1.34e-01	2.02e-01	1.54e-01	1.30e-01	2.62e-01	6.23e-02	4.91e-03
 3.26699e+22	0.00e+00	8.08e-20	1.23e-16	4.96e-14	4.30e-12	2.12e-10	9.72e-09	8.94e-06	5.12e-04	8.76e-03	4.76e-02	1.44e-01	2.10e-01	1.55e-01	1.27e-01	2.47e-01	5.68e-02	4.32e-03
 3.27747e+22	0.00e+00	1.10e-19	1.62e-16	6.25e-14	5.20e-12	2.46e-10	1.08e-08	1.00e-05	5.71e-04	9.66e-03	5.15e-02	1.51e-01	2.16e-01	1.55e-01	1.24e-01	2.36e-01	5.26e-02	3.89e-03
 3.28817e+22	0.00e+00	1.63e-19	2.30e-16	8.43e-14	6.65e-12	2.98e-10	1.25e-08	1.16e-05	6.56e-04	1.09e-02	5.68e-02	1.62e-01	2.23e-01	1.55e-01	1.19e-01	2.21e-01	4.75e-02	3.38e-03
 3.29898e+22	0.00e+00	2.18e-19	2.99e-16	1.05e-13	7.99e-12	3.44e-10	1.39e-08	1.29e-05	7.26e-04	1.20e-02	6.09e-02	1.69e-01	2.29e-01	1.55e-01	1.16e-01	2.10e-01	4.39e-02	3.05e-03
 3.30993e+22	0.00e+00	3.22e-19	4.22e-16	1.41e-13	1.02e-11	4.15e-10	1.60e-08	1.47e-05	8.27e-04	1.35e-02	6.67e-02	1.80e-01	2.35e-01	1.54e-01	1.12e-01	1.96e-01	3.95e-02	2.64e-03
 3.32117e+22	0.00e+00	4.35e-19	5.51e-16	1.77e-13	1.23e-11	4.81e-10	1.79e-08	1.64e-05	9.14e-04	1.47e-02	7.14e-02	1.88e-01	2.40e-01	1.53e-01	1.08e-01	1.85e-01	3.63e-02	2.36e-03
 3.33279e+22	0.00e+00	6.43e-19	7.82e-16	2.39e-13	1.57e-11	5.83e-10	2.07e-08	1.88e-05	1.04e-03	1.64e-02	7.78e-02	1.98e-01	2.45e-01	1.52e-01	1.03e-01	1.72e-01	3.24e-02	2.03e-03
 3.34463e+22	0.00e+00	8.71e-19	1.02e-15	3.01e-13	1.91e-11	6.79e-10	2.32e-08	2.08e-05	1.14e-03	1.79e-02	8.31e-02	2.06e-01	2.49e-01	1.50e-01	9.96e-02	1.62e-01	2.96e-02	1.80e-03
 3.35677e+22	3.53e-32	1.29e-18	1.45e-15	4.05e-13	2.44e-11	8.24e-10	2.69e-08	2.37e-05	1.29e-03	1.99e-02	9.01e-02	2.16e-01	2.53e-01	1.47e-01	9.47e-02	1.49e-01	2.63e-02	1.54e-03
 3.36898e+22	4.86e-32	1.73e-18	1.89e-15	5.08e-13	2.95e-11	9.57e-10	3.02e-08	2.62e-05	1.41e-03	2.16e-02	9.56e-02	2.24e-01	2.56e-01	1.45e-01	9.10e-02	1.40e-01	2.40e-02	1.36e-03
 3.38132e+22	7.33e-32	2.52e-18	2.65e-15	6.78e-13	3.75e-11	1.16e-09	3.49e-08	2.97e-05	1.58e-03	2.38e-02	1.03e-01	2.33e-01	2.59e-01	1.42e-01	8.63e-02	1.29e-01	2.12e-02	1.16e-03
 3.39396e+22	1.01e-31	3.40e-18	3.45e-15	8.51e-13	4.54e-11	1.35e-09	3.92e-08	3.28e-05	1.73e-03	2.57e-02	1.09e-01	2.40e-01	2.61e-01	1.39e-01	8.25e-02	1.21e-01	1.92e-02	1.02e-03
 3.40494e+22	1.37e-31	4.47e-18	4.41e-15	1.05e-12	5.42e-11	1.55e-09	4.37e-08	3.58e-05	1.87e-03	2.76e-02	1.15e-01	2.47e-01	2.62e-01	1.37e-01	7.91e-02	1.13e-01	1.75e-02	9.07e-04
 3.41717e+22	2.01e-31	6.39e-18	6.07e-15	1.38e-12	6.81e-11	1.86e-09	5.03e-08	4.02e-05	2.08e-03	3.01e-02	1.22e-01	2.55e-01	2.63e-01	1.33e-01	7.47e-02	1.04e-01	1.55e-02	7.74e-04
 3.42941e+22	2.67e-31	8.27e-18	7.65e-15	1.69e-12	8.05e-11	2.13e-09	5.58e-08	4.37e-05	2.24e-03	3.21e-02	1.28e-01	2.61e-01	2.63e-01	1.30e-01	7.16e-02	9.74e-02	1.42e-02	6.89e-04
 3.44169e+22	3.87e-31	1.16e-17	1.04e-14	2.19e-12	1.00e-10	2.54e-09	6.40e-08	4.87e-05	2.46e-03	3.48e-02	1.36e-01	2.68e-01	2.63e-01	1.26e-01	6.75e-02	8.93e-02	1.25e-02	5.89e-04
 3.45427e+22	5.17e-31	1.52e-17	1.32e-14	2.69e-12	1.19e-10	2.92e-09	7.14e-08	5.31e-05	2.65e-03	3.71e-02	1.42e-01	2.74e-01	2.62e-01	1.23e-01	6.44e-02	8.34e-02	1.14e-02	5.20e-04
 3.46540e+22	6.86e-31	1.96e-17	1.66e-14	3.28e-12	1.41e-10	3.35e-09	7.93e-08	5.77e-05	2.85e-03	3.94e-02	1.48e-01	2.79e-01	2.61e-01	1.20e-01	6.14e-02	7.78e-02	1.03e-02	4.60e-04
 3.47806e+22	9.91e-31	2.75e-17	2.25e-14	4.25e-12	1.76e-10	3.99e-09	9.09e-08	6.41e-05	3.12e-03	4.25e-02	1.56e-01	2.85e-01	2.60e-01	1.16e-01	5.76e-02	7.10e-02	9.11e-03	3.90e-04
 3.49065e+22	1.28e-30	3.48e-17	2.78e-14	5.12e-12	2.06e-10	4.53e-09	1.01e-07	6.93e-05	3.34e-03	4.49e-02	1.62e-01	2.89e-01	2.58e-01	1.12e-01	5.50e-02	6.65e-02	8.31e-03	3.48e-04
 3.50315e+22	1.82e-30	4.80e-17	3.70e-14	6.55e-12	2.53e-10	5.37e-09	1.15e-07	7.66e-05	3.63e-03	4.82e-02	1.70e-01	2.94e-01	2.56e-01	1.08e-01	5.16e-02	6.07e-02	7.33e-03	2.96e-04
 3.51589e+22	2.37e-30	6.10e-17	4.59e-14	7.90e-12	2.97e-10	6.11e-09	1.27e-07	8.29e-05	3.88e-03	5.08e-02	1.76e-01	2.98e-01	2.54e-01	1.05e-01	4.91e-02	5.67e-02	6.67e-03	2.62e-04
 3.52895e+22	3.36e-30	8.41e-17	6.13e-14	1.01e-11	3.67e-10	7.25e-09	1.45e-07	9.17e-05	4.22e-03	5.44e-02	1.84e-01	3.02e-01	2.50e-01	1.01e-01	4.59e-02	5.16e-02	5.85e-03	2.23e-04
 3.54225e+22	4.39e-30	1.07e-16	7.62e-14	1.22e-11	4.32e-10	8.28e-09	1.61e-07	9.93e-05	4.51e-03	5.73e-02	1.91e-01	3.05e-01	2.48e-01	9.73e-02	4.35e-02	4.79e-02	5.30e-03	1.96e-04
 3.55588e+22	1.51e-30	1.48e-16	1.02e-13	1.57e-11	5.34e-10	9.85e-09	1.85e-07	1.10e-04	4.91e-03	6.13e-02	1.99e-01	3.09e-01	2.44e-01	9.30e-02	4.05e-02	4.34e-02	4.63e-03	1.65e-04
 3.56975e+22	1.97e-30	1.89e-16	1.27e-13	1.91e-11	6.29e-10	1.13e-08	2.06e-07	1.19e-04	5.24e-03	6.45e-02	2.06e-01	3.12e-01	2.40e-01	8.96e-02	3.83e-02	4.02e-02	4.17e-03	1.45e-04
 3.58395e+22	2.81e-30	2.61e-16	1.70e-13	2.45e-11	7.80e-10	1.34e-08	2.37e-07	1.32e-04	5.70e-03	6.89e-02	2.15e-01	3.14e-01	2.35e-01	8.52e-02	3.55e-02	3.62e-02	3.62e-03	1.22e-04
 3.59782e+22	3.56e-30	3.24e-16	2.07e-13	2.91e-11	9.05e-10	1.52e-08	2.61e-07	1.42e-04	6.04e-03	7.21e-02	2.21e-01	3.16e-01	2.32e-01	8.23e-02	3.37e-02	3.38e-02	3.30e-03	1.08e-04
 3.61128e+22	4.97e-30	4.39e-16	2.72e-13	3.69e-11	1.11e-09	1.79e-08	2.98e-07	1.57e-04	6.53e-03	7.66e-02	2.29e-01	3.18e-01	2.27e-01	7.83e-02	3.13e-02	3.05e-02	2.88e-03	9.10e-05
 3.62494e+22	6.31e-30	5.44e-16	3.30e-13	4.38e-11	1.28e-09	2.03e-08	3.29e-07	1.69e-04	6.92e-03	8.00e-02	2.35e-01	3.19e-01	2.23e-01	7.54e-02	2.97e-02	2.84e-02	2.61e-03	8.06e-05
 3.63886e+22	8.71e-30	7.31e-16	4.31e-13	5.52e-11	1.57e-09	2.39e-08	3.74e-07	1.86e-04	7.47e-03	8.47e-02	2.43e-01	3.20e-01	2.18e-01	7.15e-02	2.75e-02	2.57e-02	2.28e-03	6.80e-05
 3.65321e+22	1.13e-29	9.27e-16	5.35e-13	6.66e-11	1.84e-09	2.73e-08	4.17e-07	2.01e-04	7.94e-03	8.87e-02	2.50e-01	3.20e-01	2.13e-01	6.85e-02	2.59e-02	2.36e-02	2.04e-03	5.93e-05
 3.66811e+22	1.56e-29	1.25e-15	6.99e-13	8.42e-11	2.25e-09	3.23e-08	4.76e-07	2.22e-04	8.58e-03	9.39e-02	2.58e-01	3.20e-01	2.08e-01	6.48e-02	2.39e-02	2.13e-02	1.78e-03	4.98e-05
 3.68349e+22	2.06e-29	1.60e-15	8.76e-13	1.03e-10	2.67e-09	3.72e-08	5.34e-07	2.42e-04	9.16e-03	9.84e-02	2.65e-01	3.20e-01	2.02e-01	6.17e-02	2.23e-02	1.95e-02	1.58e-03	4.30e-05
 3.69950e+22	2.89e-29	2.17e-15	1.16e-12	1.31e-10	3.30e-09	4.43e-08	6.14e-07	2.68e-04	9.92e-03	1.04e-01	2.73e-01	3.19e-01	1.96e-01	5.80e-02	2.05e-02	1.74e-02	1.36e-03	3.57e-05
 3.71592e+22	3.83e-29	2.81e-15	1.46e-12	1.61e-10	3.93e-09	5.12e-08	6.91e-07	2.93e-04	1.06e-02	1.09e-01	2.80e-01	3.18e-01	1.91e-01	5.50e-02	1.91e-02	1.58e-02	1.20e-03	3.06e-05
 3.73289e+22	5.43e-29	3.84e-15	1.94e-12	2.06e-10	4.88e-09	6.14e-08	7.99e-07	3.26e-04	1.15e-02	1.16e-01	2.88e-01	3.16e-01	1.84e-01	5.14e-02	1.74e-02	1.40e-02	1.03e-03	2.52e-05
 3.75039e+22	7.29e-29	5.01e-15	2.47e-12	2.55e-10	5.86e-09	7.15e-08	9.04e-07	3.57e-04	1.23e-02	1.21e-01	2.95e-01	3.15e-01	1.78e-01	4.85e-02	1.61e-02	1.27e-02	8.97e-04	2.14e-05
 3.76860e+22	1.05e-28	6.95e-15	3.33e-12	3.32e-10	7.36e-09	8.65e-08	1.05e-06	4.00e-04	1.34e-02	1.29e-01	3.03e-01	3.12e-01	1.71e-01	4.51e-02	1.46e-02	1.12e-02	7.59e-04	1.74e-05
 3.78740e+22	1.43e-28	9.17e-15	4.29e-12	4.14e-10	8.92e-09	1.02e-07	1.20e-06	4.40e-04	1.44e-02	1.35e-01	3.10e-01	3.09e-01	1.65e-01	4.23e-02	1.34e-02	9.99e-03	6.57e-04	1.45e-05
 3.80441e+22	1.92e-28	1.20e-14	5.47e-12	5.13e-10	1.07e-08	1.19e-07	1.36e-06	4.83e-04	1.54e-02	1.41e-01	3.17e-01	3.06e-01	1.59e-01	3.97e-02	1.23e-02	8.97e-03	5.71e-04	1.22e-05
 3.82395e+22	2.81e-28	1.68e-14	7.45e-12	6.74e-10	1.36e-08	1.44e-07	1.59e-06	5.44e-04	1.68e-02	1.50e-01	3.25e-01	3.01e-01	1.51e-01	3.65e-02	1.10e-02	7.80e-03	4.77e-04	9.80e-06
 3.84386e+22	3.84e-28	2.23e-14	9.62e-12	8.44e-10	1.65e-08	1.70e-07	1.82e-06	5.99e-04	1.80e-02	1.57e-01	3.31e-01	2.97e-01	1.45e-01	3.40e-02	1.01e-02	6.95e-03	4.10e-04	8.14e-06
 3.86427e+22	5.67e-28	3.15e-14	1.32e-11	1.12e-09	2.10e-08	2.08e-07	2.14e-06	6.75e-04	1.97e-02	1.66e-01	3.39e-01	2.92e-01	1.37e-01	3.11e-02	8.98e-03	6.00e-03	3.39e-04	6.45e-06
 3.88495e+22	7.78e-28	4.19e-14	1.71e-11	1.40e-09	2.56e-08	2.46e-07	2.45e-06	7.45e-04	2.11e-02	1.73e-01	3.44e-01	2.87e-01	1.31e-01	2.89e-02	8.16e-03	5.31e-03	2.89e-04	5.32e-06
 3.90598e+22	1.16e-27	6.00e-14	2.37e-11	1.87e-09	3.29e-08	3.02e-07	2.90e-06	8.42e-04	2.31e-02	1.83e-01	3.51e-01	2.80e-01	1.23e-01	2.62e-02	7.21e-03	4.54e-03	2.36e-04	4.16e-06
 3.92724e+22	1.59e-27	7.98e-14	3.07e-11	2.35e-09	4.01e-08	3.57e-07	3.31e-06	9.28e-04	2.47e-02	1.91e-01	3.56e-01	2.74e-01	1.17e-01	2.42e-02	6.53e-03	4.00e-03	2.01e-04	3.41e-06
 3.94878e+22	2.39e-27	1.15e-13	4.30e-11	3.15e-09	5.17e-08	4.42e-07	3.94e-06	1.05e-03	2.70e-02	2.02e-01	3.62e-01	2.67e-01	1.10e-01	2.18e-02	5.72e-03	3.38e-03	1.62e-04	2.62e-06
 3.97044e+22	3.26e-27	1.53e-13	5.56e-11	3.95e-09	6.29e-08	5.20e-07	4.49e-06	1.16e-03	2.89e-02	2.10e-01	3.67e-01	2.60e-01	1.04e-01	2.01e-02	5.17e-03	2.97e-03	1.37e-04	2.14e-06
 3.98842e+22	4.32e-27	1.97e-13	7.01e-11	4.84e-09	7.51e-08	6.04e-07	5.07e-06	1.26e-03	3.07e-02	2.18e-01	3.70e-01	2.55e-01	9.91e-02	1.86e-02	4.70e-03	2.64e-03	1.18e-04	1.78e-06
 4.00800e+22	6.23e-27	2.76e-13	9.50e-11	6.31e-09	9.46e-08	7.32e-07	5.93e-06	1.41e-03	3.31e-02	2.28e-01	3.74e-01	2.47e-01	9.27e-02	1.68e-02	4.15e-03	2.25e-03	9.63e-05	1.39e-06
 4.02751e+22	8.16e-27	3.54e-13	1.19e-10	7.70e-09	1.12e-07	8.47e-07	6.67e-06	1.54e-03	3.51e-02	2.36e-01	3.77e-01	2.40e-01	8.80e-02	1.56e-02	3.77e-03	2.00e-03	8.27e-05	1.16e-06
 4.04693e+22	1.17e-26	4.93e-13	1.61e-10	1.00e-08	1.41e-07	1.03e-06	7.79e-06	1.72e-03	3.79e-02	2.47e-01	3.80e-01	2.32e-01	8.20e-02	1.40e-02	3.32e-03	1.70e-03	6.72e-05	8.98e-07
 4.06659e+22	1.53e-26	6.36e-13	2.03e-10	1.23e-08	1.69e-07	1.19e-06	8.79e-06	1.87e-03	4.01e-02	2.55e-01	3.82e-01	2.26e-01	7.76e-02	1.29e-02	3.00e-03	1.50e-03	5.72e-05	7.39e-07
 4.08655e+22	2.20e-26	8.91e-13	2.75e-10	1.60e-08	2.13e-07	1.45e-06	1.03e-05	2.10e-03	4.33e-02	2.66e-01	3.85e-01	2.17e-01	7.18e-02	1.15e-02	2.62e-03	1.26e-03	4.59e-05	5.66e-07
 4.10674e+22	2.90e-26	1.16e-12	3.48e-10	1.97e-08	2.56e-07	1.69e-06	1.17e-05	2.29e-03	4.60e-02	2.75e-01	3.86e-01	2.10e-01	6.75e-02	1.05e-02	2.36e-03	1.10e-03	3.87e-05	4.60e-07
 4.12725e+22	4.13e-26	1.63e-12	4.75e-10	2.59e-08	3.25e-07	2.07e-06	1.38e-05	2.57e-03	4.96e-02	2.86e-01	3.87e-01	2.00e-01	6.21e-02	9.34e-03	2.04e-03	9.20e-04	3.08e-05	3.48e-07
 4.14814e+22	5.51e-26	2.13e-12	6.07e-10	3.22e-08	3.93e-07	2.43e-06	1.58e-05	2.82e-03	5.28e-02	2.96e-01	3.87e-01	1.92e-01	5.80e-02	8.45e-03	1.82e-03	7.94e-04	2.55e-05	2.78e-07
 4.16955e+22	7.89e-26	3.03e-12	8.35e-10	4.26e-08	5.04e-07	3.00e-06	1.88e-05	3.19e-03	5.72e-02	3.08e-01	3.86e-01	1.82e-01	5.28e-02	7.40e-03	1.55e-03	6.52e-04	1.99e-05	2.06e-07
 4.19134e+22	1.05e-25	4.00e-12	1.07e-09	5.32e-08	6.15e-07	3.56e-06	2.16e-05	3.51e-03	6.09e-02	3.18e-01	3.85e-01	1.74e-01	4.89e-02	6.64e-03	1.37e-03	5.56e-04	1.63e-05	1.61e-07
 4.21365e+22	1.50e-25	5.72e-12	1.49e-09	7.10e-08	7.95e-07	4.43e-06	2.59e-05	3.99e-03	6.61e-02	3.31e-01	3.83e-01	1.64e-01	4.40e-02	5.74e-03	1.16e-03	4.50e-04	1.24e-05	1.17e-07
 4.23621e+22	1.98e-25	7.55e-12	1.92e-09	8.90e-08	9.73e-07	5.27e-06	3.00e-05	4.41e-03	7.04e-02	3.42e-01	3.81e-01	1.56e-01	4.05e-02	5.10e-03	1.01e-03	3.80e-04	1.00e-05	0.00e+00
 4.25529e+22	2.54e-25	9.70e-12	2.41e-09	1.09e-07	1.17e-06	6.18e-06	3.43e-05	4.83e-03	7.46e-02	3.51e-01	3.78e-01	1.48e-01	3.74e-02	4.57e-03	8.92e-04	3.24e-04	8.23e-06	0.00e+00
 4.27616e+22	3.44e-25	1.33e-11	3.22e-09	1.42e-07	1.48e-06	7.59e-06	4.08e-05	5.45e-03	8.05e-02	3.63e-01	3.74e-01	1.39e-01	3.36e-02	3.95e-03	7.56e-04	2.63e-04	6.33e-06	0.00e+00
 4.29710e+22	4.35e-25	1.70e-11	4.03e-09	1.73e-07	1.78e-06	8.91e-06	4.67e-05	5.98e-03	8.53e-02	3.73e-01	3.70e-01	1.31e-01	3.08e-02	3.52e-03	6.63e-04	2.23e-04	5.15e-06	0.00e+00
 4.31756e+22	5.70e-25	2.27e-11	5.27e-09	2.21e-07	2.23e-06	1.08e-05	5.52e-05	6.71e-03	9.15e-02	3.84e-01	3.64e-01	1.22e-01	2.77e-02	3.04e-03	5.62e-04	1.81e-04	3.97e-06	0.00e+00
 4.33841e+22	7.15e-25	2.88e-11	6.58e-09	2.71e-07	2.69e-06	1.28e-05	6.37e-05	7.39e-03	9.71e-02	3.93e-01	3.58e-01	1.15e-01	2.52e-02	2.68e-03	4.88e-04	1.52e-04	3.18e-06	0.00e+00
 4.35899e+22	9.03e-25	3.77e-11	8.45e-09	3.42e-07	3.34e-06	1.55e-05	7.51e-05	8.27e-03	1.04e-01	4.04e-01	3.51e-01	1.07e-01	2.25e-02	2.31e-03	4.13e-04	1.23e-04	2.45e-06	0.00e+00
 4.37997e+22	1.10e-24	4.77e-11	1.05e-08	4.20e-07	4.05e-06	1.84e-05	8.72e-05	9.15e-03	1.10e-01	4.13e-01	3.44e-01	9.98e-02	2.03e-02	2.01e-03	3.55e-04	1.02e-04	1.93e-06	0.00e+00
 4.40047e+22	1.36e-24	6.05e-11	1.32e-08	5.19e-07	4.95e-06	2.19e-05	1.02e-04	1.02e-02	1.18e-01	4.23e-01	3.36e-01	9.25e-02	1.82e-02	1.74e-03	3.02e-04	8.29e-05	1.50e-06	0.00e+00
 4.42121e+22	1.65e-24	7.56e-11	1.64e-08	6.36e-07	6.01e-06	2.61e-05	1.19e-04	1.13e-02	1.25e-01	4.31e-01	3.28e-01	8.58e-02	1.63e-02	1.50e-03	2.57e-04	6.79e-05	1.17e-06	0.00e+00
 4.44168e+22	1.97e-24	9.36e-11	2.01e-08	7.76e-07	7.26e-06	3.09e-05	1.39e-04	1.25e-02	1.33e-01	4.40e-01	3.19e-01	7.93e-02	1.45e-02	1.30e-03	2.19e-04	5.54e-05	9.11e-07	0.00e+00
 4.46209e+22	2.33e-24	1.15e-10	2.46e-08	9.40e-07	8.75e-06	3.66e-05	1.61e-04	1.38e-02	1.41e-01	4.47e-01	3.10e-01	7.33e-02	1.30e-02	1.12e-03	1.86e-04	4.53e-05	7.10e-07	0.00e+00
 4.48253e+22	2.75e-24	1.40e-10	2.99e-08	1.14e-06	1.05e-05	4.33e-05	1.88e-04	1.53e-02	1.49e-01	4.54e-01	3.01e-01	6.75e-02	1.15e-02	9.62e-04	1.58e-04	3.68e-05	5.51e-07	0.00e+00
 4.50305e+22	3.21e-24	1.69e-10	3.61e-08	1.37e-06	1.26e-05	5.10e-05	2.18e-04	1.69e-02	1.58e-01	4.61e-01	2.91e-01	6.21e-02	1.03e-02	8.27e-04	1.34e-04	3.00e-05	4.27e-07	0.00e+00
 4.52363e+22	3.73e-24	2.02e-10	4.34e-08	1.64e-06	1.51e-05	6.01e-05	2.53e-04	1.87e-02	1.67e-01	4.66e-01	2.81e-01	5.69e-02	9.10e-03	7.10e-04	1.13e-04	2.44e-05	3.31e-07	0.00e+00
 4.54438e+22	4.32e-24	2.40e-10	5.20e-08	1.97e-06	1.80e-05	7.07e-05	2.94e-04	2.07e-02	1.76e-01	4.71e-01	2.71e-01	5.21e-02	8.06e-03	6.08e-04	9.53e-05	1.97e-05	2.55e-07	0.00e+00
 4.56532e+22	5.00e-24	2.84e-10	6.21e-08	2.35e-06	2.15e-05	8.31e-05	3.41e-04	2.28e-02	1.85e-01	4.76e-01	2.60e-01	4.76e-02	7.12e-03	5.19e-04	8.02e-05	1.60e-05	1.97e-07	0.00e+00
 4.58639e+22	5.77e-24	3.34e-10	7.38e-08	2.79e-06	2.55e-05	9.73e-05	3.96e-04	2.52e-02	1.95e-01	4.79e-01	2.50e-01	4.35e-02	6.29e-03	4.44e-04	6.75e-05	1.29e-05	1.52e-07	0.00e+00
 4.60778e+22	6.67e-24	3.91e-10	8.77e-08	3.32e-06	3.03e-05	1.14e-04	4.60e-04	2.78e-02	2.06e-01	4.82e-01	2.39e-01	3.95e-02	5.53e-03	3.77e-04	5.65e-05	1.04e-05	1.16e-07	0.00e+00
 4.62937e+22	7.72e-24	4.55e-10	1.04e-07	3.94e-06	3.59e-05	1.34e-04	5.32e-04	3.06e-02	2.16e-01	4.83e-01	2.28e-01	3.59e-02	4.87e-03	3.21e-04	4.74e-05	8.37e-06	0.00e+00	0.00e+00
 4.65141e+22	3.81e-23	5.30e-10	1.23e-07	4.69e-06	4.28e-05	1.57e-04	6.20e-04	3.37e-02	2.27e-01	4.84e-01	2.17e-01	3.24e-02	4.26e-03	2.71e-04	3.94e-05	6.67e-06	0.00e+00	0.00e+00
 4.67382e+22	4.49e-23	6.13e-10	1.45e-07	5.54e-06	5.06e-05	1.83e-04	7.18e-04	3.71e-02	2.38e-01	4.84e-01	2.07e-01	2.93e-02	3.73e-03	2.30e-04	3.29e-05	5.35e-06	0.00e+00	0.00e+00
 4.69431e+22	5.17e-23	6.90e-10	1.66e-07	6.37e-06	5.82e-05	2.09e-04	8.12e-04	4.02e-02	2.48e-01	4.83e-01	1.98e-01	2.69e-02	3.34e-03	2.00e-04	2.82e-05	4.44e-06	0.00e+00	0.00e+00
 4.71574e+22	6.17e-23	7.98e-10	1.98e-07	7.59e-06	6.93e-05	2.45e-04	9.49e-04	4.44e-02	2.60e-01	4.81e-01	1.87e-01	2.40e-02	2.89e-03	1.67e-04	2.32e-05	3.49e-06	0.00e+00	0.00e+00
 4.73748e+22	7.22e-23	8.99e-10	2.27e-07	8.73e-06	7.97e-05	2.79e-04	1.07e-03	4.80e-02	2.69e-01	4.79e-01	1.78e-01	2.20e-02	2.57e-03	1.45e-04	1.99e-05	2.89e-06	0.00e+00	0.00e+00
 4.75984e+22	8.81e-23	1.04e-09	2.71e-07	1.04e-05	9.52e-05	3.28e-04	1.25e-03	5.30e-02	2.82e-01	4.75e-01	1.67e-01	1.95e-02	2.22e-03	1.20e-04	1.62e-05	2.25e-06	0.00e+00	0.00e+00
 4.78230e+22	1.04e-22	1.17e-09	3.11e-07	1.20e-05	1.09e-04	3.72e-04	1.41e-03	5.72e-02	2.92e-01	4.71e-01	1.59e-01	1.78e-02	1.97e-03	1.04e-04	1.38e-05	1.86e-06	0.00e+00	0.00e+00
 4.80488e+22	1.28e-22	1.35e-09	3.70e-07	1.43e-05	1.30e-04	4.37e-04	1.65e-03	6.30e-02	3.04e-01	4.65e-01	1.48e-01	1.58e-02	1.69e-03	8.63e-05	1.13e-05	1.45e-06	0.00e+00	0.00e+00
 4.82753e+22	1.53e-22	1.51e-09	4.25e-07	1.63e-05	1.48e-04	4.93e-04	1.85e-03	6.76e-02	3.14e-01	4.60e-01	1.40e-01	1.44e-02	1.51e-03	7.49e-05	9.63e-06	1.20e-06	0.00e+00	0.00e+00
 4.85026e+22	1.91e-22	1.74e-09	5.06e-07	1.94e-05	1.76e-04	5.75e-04	2.14e-03	7.42e-02	3.26e-01	4.52e-01	1.31e-01	1.27e-02	1.29e-03	6.20e-05	7.85e-06	9.37e-07	0.00e+00	0.00e+00
 4.87322e+22	2.30e-22	1.96e-09	5.82e-07	2.22e-05	2.00e-04	6.48e-04	2.40e-03	7.96e-02	3.35e-01	4.46e-01	1.24e-01	1.16e-02	1.15e-03	5.36e-05	6.69e-06	7.73e-07	0.00e+00	0.00e+00
 4.89649e+22	2.92e-22	2.26e-09	6.96e-07	2.65e-05	2.37e-04	7.55e-04	2.78e-03	8.70e-02	3.47e-01	4.37e-01	1.14e-01	1.02e-02	9.83e-04	4.43e-05	5.43e-06	6.01e-07	0.00e+00	0.00e+00
 4.92005e+22	3.57e-22	2.56e-09	8.03e-07	3.04e-05	2.71e-04	8.49e-04	3.11e-03	9.32e-02	3.56e-01	4.29e-01	1.08e-01	9.21e-03	8.70e-04	3.82e-05	4.61e-06	4.94e-07	0.00e+00	0.00e+00
 4.94398e+22	4.63e-22	2.97e-09	9.66e-07	3.62e-05	3.20e-04	9.88e-04	3.59e-03	1.02e-01	3.67e-01	4.19e-01	9.92e-02	8.07e-03	7.41e-04	3.14e-05	3.72e-06	3.82e-07	0.00e+00	0.00e+00
 4.96835e+22	5.76e-22	3.38e-09	1.12e-06	4.18e-05	3.66e-04	1.11e-03	4.01e-03	1.09e-01	3.75e-01	4.10e-01	9.29e-02	7.27e-03	6.53e-04	2.69e-05	3.14e-06	3.12e-07	0.00e+00	0.00e+00
 4.99328e+22	7.64e-22	3.97e-09	1.36e-06	5.01e-05	4.35e-04	1.30e-03	4.64e-03	1.18e-01	3.86e-01	3.98e-01	8.50e-02	6.32e-03	5.52e-04	2.19e-05	2.52e-06	2.39e-07	0.00e+00	0.00e+00
 5.01876e+22	9.72e-22	4.56e-09	1.60e-06	5.81e-05	4.98e-04	1.46e-03	5.18e-03	1.26e-01	3.94e-01	3.88e-01	7.92e-02	5.66e-03	4.83e-04	1.87e-05	2.11e-06	1.93e-07	0.00e+00	0.00e+00
 5.04496e+22	1.32e-21	5.42e-09	1.96e-06	7.03e-05	5.94e-04	1.70e-03	5.99e-03	1.38e-01	4.03e-01	3.74e-01	7.19e-02	4.88e-03	4.05e-04	1.51e-05	1.67e-06	1.46e-07	0.00e+00	0.00e+00
 5.07170e+22	1.73e-21	6.32e-09	2.32e-06	8.21e-05	6.84e-04	1.92e-03	6.70e-03	1.47e-01	4.10e-01	3.63e-01	6.65e-02	4.34e-03	3.53e-04	1.27e-05	1.39e-06	0.00e+00	0.00e+00	0.00e+00
 5.09427e+22	2.19e-21	7.21e-09	2.69e-06	9.41e-05	7.73e-04	2.14e-03	7.39e-03	1.55e-01	4.16e-01	3.53e-01	6.20e-02	3.91e-03	3.11e-04	1.10e-05	1.18e-06	0.00e+00	0.00e+00	0.00e+00
 5.11872e+22	2.99e-21	8.56e-09	3.26e-06	1.12e-04	9.07e-04	2.45e-03	8.38e-03	1.67e-01	4.22e-01	3.39e-01	5.64e-02	3.40e-03	2.64e-04	8.98e-06	9.52e-07	0.00e+00	0.00e+00	0.00e+00
 5.14248e+22	3.77e-21	9.75e-09	3.76e-06	1.28e-04	1.02e-03	2.70e-03	9.15e-03	1.75e-01	4.27e-01	3.30e-01	5.27e-02	3.08e-03	2.35e-04	7.80e-06	8.17e-07	0.00e+00	0.00e+00	0.00e+00
 5.16536e+22	5.07e-21	1.15e-08	4.50e-06	1.50e-04	1.17e-03	3.06e-03	1.03e-02	1.86e-01	4.31e-01	3.17e-01	4.81e-02	2.69e-03	2.01e-04	6.47e-06	6.66e-07	0.00e+00	0.00e+00	0.00e+00
 5.18847e+22	6.54e-21	1.32e-08	5.22e-06	1.71e-04	1.32e-03	3.37e-03	1.12e-02	1.95e-01	4.35e-01	3.07e-01	4.49e-02	2.44e-03	1.78e-04	5.61e-06	5.71e-07	0.00e+00	0.00e+00	0.00e+00
 5.21186e+22	9.00e-21	1.57e-08	6.29e-06	2.03e-04	1.52e-03	3.81e-03	1.25e-02	2.07e-01	4.38e-01	2.94e-01	4.08e-02	2.13e-03	1.52e-04	4.64e-06	4.64e-07	0.00e+00	0.00e+00	0.00e+00
 5.23558e+22	1.18e-20	1.82e-08	7.32e-06	2.32e-04	1.71e-03	4.20e-03	1.36e-02	2.17e-01	4.40e-01	2.84e-01	3.78e-02	1.92e-03	1.35e-04	4.00e-06	3.95e-07	0.00e+00	0.00e+00	0.00e+00
 5.25974e+22	1.67e-20	2.19e-08	8.89e-06	2.76e-04	1.98e-03	4.75e-03	1.52e-02	2.29e-01	4.42e-01	2.70e-01	3.42e-02	1.66e-03	1.14e-04	3.29e-06	3.19e-07	0.00e+00	0.00e+00	0.00e+00
 5.28424e+22	2.24e-20	2.57e-08	1.04e-05	3.17e-04	2.23e-03	5.23e-03	1.64e-02	2.39e-01	4.43e-01	2.60e-01	3.16e-02	1.49e-03	1.01e-04	2.83e-06	2.71e-07	0.00e+00	0.00e+00	0.00e+00
 5.30921e+22	3.25e-20	3.13e-08	1.27e-05	3.78e-04	2.59e-03	5.92e-03	1.83e-02	2.53e-01	4.43e-01	2.47e-01	2.84e-02	1.29e-03	8.47e-05	2.30e-06	2.17e-07	0.00e+00	0.00e+00	0.00e+00
 5.33457e+22	4.48e-20	3.71e-08	1.50e-05	4.37e-04	2.92e-03	6.52e-03	1.99e-02	2.63e-01	4.43e-01	2.37e-01	2.61e-02	1.15e-03	7.42e-05	1.97e-06	1.83e-07	0.00e+00	0.00e+00	0.00e+00
 5.36045e+22	6.75e-20	4.58e-08	1.85e-05	5.24e-04	3.40e-03	7.39e-03	2.21e-02	2.78e-01	4.41e-01	2.23e-01	2.33e-02	9.84e-04	6.21e-05	1.59e-06	1.45e-07	0.00e+00	0.00e+00	0.00e+00
 5.38693e+22	9.73e-20	5.49e-08	2.20e-05	6.09e-04	3.85e-03	8.15e-03	2.40e-02	2.89e-01	4.39e-01	2.13e-01	2.13e-02	8.73e-04	5.40e-05	1.35e-06	1.21e-07	0.00e+00	0.00e+00	0.00e+00
 5.41417e+22	1.54e-19	6.89e-08	2.74e-05	7.38e-04	4.51e-03	9.26e-03	2.67e-02	3.04e-01	4.36e-01	1.99e-01	1.88e-02	7.41e-04	4.47e-05	1.08e-06	0.00e+00	0.00e+00	0.00e+00	0.00e+00
 5.44207e+22	2.31e-19	8.37e-08	3.29e-05	8.63e-04	5.12e-03	1.02e-02	2.90e-02	3.15e-01	4.32e-01	1.89e-01	1.71e-02	6.51e-04	3.85e-05	9.02e-07	0.00e+00	0.00e+00	0.00e+00	0.00e+00
 5.47083e+22	3.91e-19	1.07e-07	4.16e-05	1.06e-03	6.02e-03	1.16e-02	3.23e-02	3.31e-01	4.27e-01	1.76e-01	1.49e-02	5.48e-04	3.15e-05	7.13e-07	0.00e+00	0.00e+00	0.00e+00	0.00e+00
 5.49996e+22	6.25e-19	1.31e-07	5.01e-05	1.24e-03	6.84e-03	1.29e-02	3.49e-02	3.42e-01	4.22e-01	1.66e-01	1.35e-02	4.79e-04	2.70e-05	5.94e-07	0.00e+00	0.00e+00	0.00e+00	0.00e+00
 5.52957e+22	1.14e-18	1.70e-07	6.36e-05	1.52e-03	8.05e-03	1.46e-02	3.87e-02	3.58e-01	4.14e-01	1.53e-01	1.17e-02	4.00e-04	2.19e-05	4.66e-07	0.00e+00	0.00e+00	0.00e+00	0.00e+00
 5.55953e+22	2.04e-18	2.11e-07	7.70e-05	1.79e-03	9.15e-03	1.61e-02	4.17e-02	3.69e-01	4.07e-01	1.44e-01	1.05e-02	3.49e-04	1.87e-05	3.86e-07	0.00e+00	0.00e+00	0.00e+00	0.00e+00
 5.58993e+22	4.09e-18	2.75e-07	9.82e-05	2.20e-03	1.08e-02	1.83e-02	4.61e-02	3.84e-01	3.97e-01	1.32e-01	9.07e-03	2.89e-04	1.51e-05	3.00e-07	0.00e+00	0.00e+00	0.00e+00	0.00e+00
 5.62079e+22	8.48e-18	3.44e-07	1.19e-04	2.59e-03	1.22e-02	2.02e-02	4.96e-02	3.94e-01	3.89e-01	1.24e-01	8.09e-03	2.51e-04	1.27e-05	2.47e-07	0.00e+00	0.00e+00	0.00e+00	0.00e+00
 5.64795e+22	1.68e-17	4.26e-07	1.44e-04	3.04e-03	1.39e-02	2.22e-02	5.33e-02	4.05e-01	3.80e-01	1.15e-01	7.19e-03	2.16e-04	1.08e-05	2.03e-07	0.00e+00	0.00e+00	0.00e+00	0.00e+00
