#depth	Ar	Ar+	Ar+2	Ar+3	Ar+4	Ar+5	Ar+6	Ar+7	Ar+8	Ar+9	Ar+10	Ar+11	Ar+12	Ar+13	Ar+14	Ar+15	Ar+16	Ar+17	Ar+18
 4.62852e+21	0.00e+00	0.00e+00	0.00e+00	0.00e+00	0.00e+00	0.00e+00	3.78e-25	4.84e-22	1.02e-18	6.70e-16	2.20e-13	3.52e-11	3.91e-09	2.24e-07	8.29e-06	3.24e-04	2.20e-02	2.25e-01	7.53e-01
 1.05643e+22	0.00e+00	0.00e+00	0.00e+00	0.00e+00	0.00e+00	9.22e-27	1.26e-23	1.15e-20	3.55e-17	1.59e-14	3.56e-12	3.93e-10	3.00e-08	1.20e-06	3.10e-05	8.47e-04	4.02e-02	2.87e-01	6.72e-01
 1.27641e+22	0.00e+00	0.00e+00	0.00e+00	0.00e+00	1.13e-28	2.05e-25	2.24e-22	1.62e-19	3.87e-16	1.33e-13	2.31e-11	1.98e-09	1.17e-07	3.65e-06	7.41e-05	1.59e-03	5.94e-02	3.32e-01	6.07e-01
 1.43707e+22	0.00e+00	0.00e+00	0.00e+00	2.28e-31	8.53e-28	1.30e-24	1.19e-21	1.33e-18	2.59e-15	7.24e-13	1.02e-10	7.14e-09	3.46e-07	8.79e-06	1.47e-04	2.60e-03	8.00e-02	3.67e-01	5.51e-01
 1.52632e+22	0.00e+00	0.00e+00	0.00e+00	4.63e-31	1.66e-27	2.42e-24	2.11e-21	2.26e-18	4.16e-15	1.11e-12	1.48e-10	9.85e-09	4.53e-07	1.10e-05	1.74e-04	2.94e-03	8.60e-02	3.75e-01	5.36e-01
 1.55601e+22	0.00e+00	0.00e+00	0.00e+00	7.38e-31	2.57e-27	3.65e-24	3.08e-21	3.20e-18	5.70e-15	1.46e-12	1.90e-10	1.22e-08	5.41e-07	1.27e-05	1.95e-04	3.18e-03	9.02e-02	3.81e-01	5.26e-01
 1.57924e+22	0.00e+00	0.00e+00	0.00e+00	1.15e-30	3.90e-27	5.38e-24	4.43e-21	4.46e-18	7.68e-15	1.91e-12	2.39e-10	1.49e-08	6.40e-07	1.45e-05	2.17e-04	3.43e-03	9.43e-02	3.86e-01	5.16e-01
 1.60545e+22	0.00e+00	0.00e+00	0.00e+00	2.04e-30	6.65e-27	8.85e-24	7.01e-21	6.80e-18	1.12e-14	2.68e-12	3.23e-10	1.93e-08	7.96e-07	1.73e-05	2.49e-04	3.78e-03	9.98e-02	3.92e-01	5.04e-01
 1.63194e+22	0.00e+00	0.00e+00	0.00e+00	3.27e-30	1.04e-26	1.34e-23	1.03e-20	9.67e-18	1.55e-14	3.56e-12	4.14e-10	2.39e-08	9.53e-07	2.01e-05	2.79e-04	4.09e-03	1.05e-01	3.97e-01	4.94e-01
 1.65517e+22	0.00e+00	0.00e+00	0.00e+00	5.20e-30	1.60e-26	2.01e-23	1.50e-20	1.36e-17	2.11e-14	4.70e-12	5.29e-10	2.95e-08	1.14e-06	2.32e-05	3.11e-04	4.43e-03	1.09e-01	4.02e-01	4.84e-01
 1.68175e+22	0.00e+00	0.00e+00	0.00e+00	9.02e-30	2.69e-26	3.26e-23	2.35e-20	2.06e-17	3.06e-14	6.53e-12	7.06e-10	3.78e-08	1.40e-06	2.74e-05	3.54e-04	4.85e-03	1.15e-01	4.08e-01	4.72e-01
 1.70982e+22	0.00e+00	0.00e+00	0.00e+00	1.54e-29	4.44e-26	5.19e-23	3.61e-20	3.05e-17	4.36e-14	8.98e-12	9.34e-10	4.82e-08	1.72e-06	3.24e-05	4.03e-04	5.30e-03	1.21e-01	4.13e-01	4.60e-01
 1.73353e+22	0.00e+00	0.00e+00	0.00e+00	2.41e-29	6.76e-26	7.69e-23	5.19e-20	4.25e-17	5.90e-14	1.17e-11	1.18e-09	5.90e-08	2.04e-06	3.72e-05	4.48e-04	5.71e-03	1.27e-01	4.17e-01	4.50e-01
 1.75801e+22	0.00e+00	0.00e+00	0.00e+00	4.06e-29	1.10e-25	1.21e-22	7.90e-20	6.24e-17	8.35e-14	1.60e-11	1.55e-09	7.46e-08	2.48e-06	4.36e-05	5.06e-04	6.22e-03	1.33e-01	4.22e-01	4.38e-01
 1.78391e+22	0.00e+00	0.00e+00	1.68e-32	6.62e-29	1.74e-25	1.85e-22	1.17e-19	8.95e-17	1.16e-13	2.14e-11	2.01e-09	9.31e-08	2.99e-06	5.07e-05	5.68e-04	6.74e-03	1.39e-01	4.26e-01	4.27e-01
 1.80732e+22	0.00e+00	0.00e+00	2.72e-32	1.05e-28	2.67e-25	2.76e-22	1.69e-19	1.25e-16	1.57e-13	2.81e-11	2.55e-09	1.15e-07	3.56e-06	5.84e-05	6.32e-04	7.26e-03	1.45e-01	4.30e-01	4.17e-01
 1.83340e+22	0.00e+00	0.00e+00	5.01e-32	1.87e-28	4.59e-25	4.57e-22	2.70e-19	1.91e-16	2.30e-13	3.97e-11	3.45e-09	1.49e-07	4.43e-06	6.98e-05	7.24e-04	7.97e-03	1.53e-01	4.34e-01	4.04e-01
 1.85999e+22	0.00e+00	0.00e+00	8.28e-32	3.01e-28	7.17e-25	6.92e-22	3.96e-19	2.71e-16	3.16e-13	5.26e-11	4.43e-09	1.84e-07	5.31e-06	8.07e-05	8.09e-04	8.61e-03	1.60e-01	4.38e-01	3.93e-01
 1.88267e+22	0.00e+00	0.00e+00	1.33e-31	4.70e-28	1.09e-24	1.02e-21	5.66e-19	3.76e-16	4.25e-13	6.86e-11	5.59e-09	2.25e-07	6.29e-06	9.26e-05	8.98e-04	9.25e-03	1.66e-01	4.41e-01	3.83e-01
 1.90421e+22	0.00e+00	0.00e+00	2.09e-31	7.23e-28	1.63e-24	1.48e-21	7.99e-19	5.15e-16	5.66e-13	8.86e-11	7.00e-09	2.74e-07	7.41e-06	1.06e-04	9.93e-04	9.91e-03	1.73e-01	4.43e-01	3.73e-01
 1.92886e+22	0.00e+00	0.00e+00	3.72e-31	1.25e-27	2.71e-24	2.38e-21	1.23e-18	7.64e-16	8.11e-13	1.22e-10	9.30e-09	3.50e-07	9.10e-06	1.25e-04	1.13e-03	1.08e-02	1.81e-01	4.46e-01	3.61e-01
 1.95423e+22	0.00e+00	0.00e+00	6.06e-31	1.98e-27	4.17e-24	3.55e-21	1.78e-18	1.07e-15	1.10e-12	1.60e-10	1.18e-08	4.30e-07	1.08e-05	1.44e-04	1.25e-03	1.16e-02	1.88e-01	4.49e-01	3.50e-01
 1.98055e+22	0.00e+00	0.00e+00	1.10e-30	3.48e-27	7.07e-24	5.78e-21	2.80e-18	1.61e-15	1.59e-12	2.24e-10	1.59e-08	5.54e-07	1.34e-05	1.71e-04	1.43e-03	1.27e-02	1.97e-01	4.51e-01	3.38e-01
 2.00746e+22	0.00e+00	0.00e+00	1.92e-30	5.87e-27	1.15e-23	9.08e-21	4.24e-18	2.34e-15	2.25e-12	3.05e-10	2.08e-08	7.01e-07	1.64e-05	2.00e-04	1.61e-03	1.38e-02	2.06e-01	4.53e-01	3.26e-01
 2.02939e+22	0.00e+00	0.00e+00	3.04e-30	9.07e-27	1.73e-23	1.32e-20	5.97e-18	3.19e-15	2.98e-12	3.93e-10	2.61e-08	8.52e-07	1.93e-05	2.29e-04	1.78e-03	1.47e-02	2.13e-01	4.54e-01	3.16e-01
 2.04912e+22	0.00e+00	0.00e+00	4.55e-30	1.33e-26	2.47e-23	1.84e-20	8.10e-18	4.21e-15	3.84e-12	4.93e-10	3.18e-08	1.01e-06	2.23e-05	2.57e-04	1.94e-03	1.56e-02	2.20e-01	4.54e-01	3.08e-01
 2.07172e+22	0.00e+00	0.00e+00	7.79e-30	2.21e-26	3.96e-23	2.85e-20	1.21e-17	6.03e-15	5.34e-12	6.63e-10	4.14e-08	1.27e-06	2.70e-05	3.00e-04	2.18e-03	1.68e-02	2.29e-01	4.55e-01	2.97e-01
 2.09555e+22	0.00e+00	0.00e+00	1.27e-29	3.50e-26	6.09e-23	4.23e-20	1.73e-17	8.36e-15	7.20e-12	8.69e-10	5.25e-08	1.56e-06	3.21e-05	3.45e-04	2.42e-03	1.81e-02	2.37e-01	4.55e-01	2.87e-01
 2.11731e+22	0.00e+00	0.00e+00	2.04e-29	5.47e-26	9.22e-23	6.20e-20	2.46e-17	1.15e-14	9.62e-12	1.13e-09	6.61e-08	1.91e-06	3.80e-05	3.95e-04	2.68e-03	1.93e-02	2.45e-01	4.55e-01	2.77e-01
 2.14192e+22	0.00e+00	0.00e+00	3.72e-29	9.64e-26	1.56e-22	1.01e-19	3.83e-17	1.71e-14	1.39e-11	1.57e-09	8.86e-08	2.45e-06	4.70e-05	4.69e-04	3.04e-03	2.10e-02	2.56e-01	4.55e-01	2.65e-01
 2.16594e+22	0.00e+00	0.00e+00	6.00e-29	1.51e-25	2.37e-22	1.48e-19	5.44e-17	2.34e-14	1.85e-11	2.04e-09	1.12e-07	3.00e-06	5.58e-05	5.38e-04	3.36e-03	2.24e-02	2.64e-01	4.54e-01	2.56e-01
 2.18557e+22	0.00e+00	0.00e+00	9.34e-29	2.29e-25	3.49e-22	2.11e-19	7.51e-17	3.12e-14	2.42e-11	2.59e-09	1.38e-07	3.61e-06	6.52e-05	6.10e-04	3.69e-03	2.39e-02	2.72e-01	4.53e-01	2.47e-01
 2.20747e+22	0.00e+00	0.00e+00	1.60e-28	3.80e-25	5.58e-22	3.25e-19	1.11e-16	4.44e-14	3.35e-11	3.47e-09	1.79e-07	4.52e-06	7.89e-05	7.11e-04	4.13e-03	2.57e-02	2.82e-01	4.51e-01	2.37e-01
 2.23029e+22	0.00e+00	0.00e+00	2.55e-28	5.89e-25	8.38e-22	4.72e-19	1.56e-16	6.02e-14	4.43e-11	4.48e-09	2.25e-07	5.49e-06	9.30e-05	8.11e-04	4.56e-03	2.73e-02	2.90e-01	4.49e-01	2.28e-01
 2.25114e+22	0.00e+00	0.00e+00	4.09e-28	9.21e-25	1.27e-21	6.89e-19	2.20e-16	8.19e-14	5.88e-11	5.79e-09	2.82e-07	6.69e-06	1.10e-04	9.28e-04	5.03e-03	2.91e-02	2.99e-01	4.47e-01	2.19e-01
 2.27180e+22	0.00e+00	0.00e+00	6.56e-28	1.43e-24	1.91e-21	1.00e-18	3.10e-16	1.11e-13	7.80e-11	7.48e-09	3.54e-07	8.14e-06	1.30e-04	1.06e-03	5.54e-03	3.10e-02	3.08e-01	4.44e-01	2.10e-01
 2.29162e+22	0.00e+00	0.00e+00	1.02e-27	2.17e-24	2.80e-21	1.43e-18	4.25e-16	1.47e-13	1.01e-10	9.48e-09	4.38e-07	9.78e-06	1.52e-04	1.20e-03	6.07e-03	3.28e-02	3.16e-01	4.41e-01	2.02e-01
 2.31362e+22	0.00e+00	0.00e+00	1.81e-27	3.71e-24	4.60e-21	2.24e-18	6.40e-16	2.12e-13	1.42e-10	1.29e-08	5.76e-07	1.24e-05	1.86e-04	1.41e-03	6.83e-03	3.54e-02	3.27e-01	4.37e-01	1.92e-01
 2.33548e+22	0.00e+00	0.00e+00	2.79e-27	5.59e-24	6.71e-21	3.17e-18	8.76e-16	2.80e-13	1.84e-10	1.63e-08	7.09e-07	1.49e-05	2.16e-04	1.59e-03	7.46e-03	3.74e-02	3.35e-01	4.34e-01	1.85e-01
 2.35714e+22	0.00e+00	1.10e-32	4.92e-27	9.49e-24	1.09e-20	4.95e-18	1.31e-15	4.00e-13	2.57e-10	2.21e-08	9.29e-07	1.88e-05	2.63e-04	1.86e-03	8.36e-03	4.01e-02	3.45e-01	4.29e-01	1.75e-01
 2.37899e+22	0.00e+00	1.78e-32	7.74e-27	1.45e-23	1.62e-20	7.10e-18	1.81e-15	5.34e-13	3.36e-10	2.82e-08	1.15e-06	2.26e-05	3.08e-04	2.11e-03	9.15e-03	4.25e-02	3.54e-01	4.25e-01	1.68e-01
 2.40108e+22	0.00e+00	3.21e-32	1.35e-26	2.45e-23	2.63e-20	1.10e-17	2.69e-15	7.58e-13	4.66e-10	3.79e-08	1.50e-06	2.85e-05	3.74e-04	2.47e-03	1.02e-02	4.55e-02	3.64e-01	4.19e-01	1.59e-01
 2.42301e+22	0.00e+00	5.30e-32	2.17e-26	3.82e-23	3.95e-20	1.60e-17	3.76e-15	1.02e-12	6.13e-10	4.88e-08	1.88e-06	3.46e-05	4.41e-04	2.81e-03	1.12e-02	4.82e-02	3.72e-01	4.14e-01	1.51e-01
 2.44114e+22	0.00e+00	8.07e-32	3.23e-26	5.54e-23	5.58e-20	2.19e-17	4.99e-15	1.31e-12	7.74e-10	6.03e-08	2.27e-06	4.07e-05	5.06e-04	3.14e-03	1.21e-02	5.05e-02	3.79e-01	4.09e-01	1.45e-01
 2.46113e+22	0.00e+00	1.39e-31	5.42e-26	8.99e-23	8.70e-20	3.28e-17	7.17e-15	1.80e-12	1.04e-09	7.94e-08	2.90e-06	5.03e-05	6.06e-04	3.61e-03	1.34e-02	5.37e-02	3.88e-01	4.03e-01	1.38e-01
 2.48217e+22	0.00e+00	2.28e-31	8.64e-26	1.39e-22	1.30e-19	4.71e-17	9.92e-15	2.40e-12	1.37e-09	1.02e-07	3.62e-06	6.09e-05	7.11e-04	4.10e-03	1.47e-02	5.66e-02	3.96e-01	3.97e-01	1.31e-01
 2.50111e+22	0.00e+00	3.62e-31	1.34e-25	2.09e-22	1.89e-19	6.64e-17	1.35e-14	3.14e-12	1.76e-09	1.28e-07	4.45e-06	7.27e-05	8.26e-04	4.62e-03	1.60e-02	5.95e-02	4.04e-01	3.91e-01	1.25e-01
 2.52224e+22	0.00e+00	6.49e-31	2.32e-25	3.51e-22	3.04e-19	1.02e-16	1.98e-14	4.40e-12	2.42e-09	1.71e-07	5.77e-06	9.10e-05	9.98e-04	5.36e-03	1.78e-02	6.33e-02	4.12e-01	3.83e-01	1.17e-01
 2.54370e+22	0.00e+00	1.07e-30	3.72e-25	5.44e-22	4.56e-19	1.47e-16	2.74e-14	5.86e-12	3.17e-09	2.19e-07	7.19e-06	1.10e-04	1.17e-03	6.08e-03	1.94e-02	6.67e-02	4.20e-01	3.76e-01	1.11e-01
 2.56236e+22	0.00e+00	1.71e-30	5.83e-25	8.28e-22	6.69e-19	2.08e-16	3.74e-14	7.67e-12	4.09e-09	2.77e-07	8.88e-06	1.32e-04	1.37e-03	6.86e-03	2.11e-02	7.00e-02	4.26e-01	3.69e-01	1.05e-01
 2.58043e+22	0.00e+00	2.69e-30	8.95e-25	1.24e-21	9.66e-19	2.90e-16	5.03e-14	9.95e-12	5.23e-09	3.47e-07	1.08e-05	1.57e-04	1.58e-03	7.69e-03	2.29e-02	7.32e-02	4.32e-01	3.62e-01	1.00e-01
 2.60096e+22	0.00e+00	4.72e-30	1.52e-24	2.03e-21	1.52e-18	4.39e-16	7.27e-14	1.37e-11	7.09e-09	4.59e-07	1.39e-05	1.94e-04	1.89e-03	8.84e-03	2.52e-02	7.73e-02	4.40e-01	3.53e-01	9.36e-02
 2.62226e+22	0.00e+00	7.78e-30	2.44e-24	3.15e-21	2.28e-18	6.31e-16	1.00e-13	1.82e-11	9.26e-09	5.87e-07	1.73e-05	2.35e-04	2.22e-03	1.00e-02	2.75e-02	8.11e-02	4.46e-01	3.45e-01	8.82e-02
 2.64137e+22	0.00e+00	1.26e-29	3.87e-24	4.84e-21	3.38e-18	8.98e-16	1.37e-13	2.39e-11	1.20e-08	7.45e-07	2.14e-05	2.82e-04	2.58e-03	1.13e-02	2.98e-02	8.49e-02	4.51e-01	3.37e-01	8.32e-02
 2.66303e+22	0.00e+00	2.31e-29	6.85e-24	8.24e-21	5.50e-18	1.39e-15	2.03e-13	3.35e-11	1.66e-08	1.00e-06	2.79e-05	3.54e-04	3.13e-03	1.31e-02	3.30e-02	8.97e-02	4.57e-01	3.27e-01	7.71e-02
 2.68452e+22	0.00e+00	3.79e-29	1.10e-23	1.28e-20	8.20e-18	2.00e-15	2.79e-13	4.41e-11	2.15e-08	1.28e-06	3.47e-05	4.27e-04	3.66e-03	1.48e-02	3.58e-02	9.37e-02	4.61e-01	3.18e-01	7.24e-02
 2.70210e+22	0.00e+00	5.83e-29	1.65e-23	1.87e-20	1.16e-17	2.73e-15	3.67e-13	5.60e-11	2.70e-08	1.58e-06	4.19e-05	5.01e-04	4.18e-03	1.64e-02	3.84e-02	9.72e-02	4.65e-01	3.10e-01	6.84e-02
 2.72125e+22	0.00e+00	1.01e-28	2.77e-23	3.02e-20	1.80e-17	4.05e-15	5.19e-13	7.56e-11	3.61e-08	2.06e-06	5.31e-05	6.15e-04	4.96e-03	1.87e-02	4.20e-02	1.02e-01	4.68e-01	3.00e-01	6.35e-02
 2.74102e+22	0.00e+00	1.62e-28	4.35e-23	4.60e-20	2.64e-17	5.70e-15	7.02e-13	9.80e-11	4.63e-08	2.59e-06	6.53e-05	7.34e-04	5.74e-03	2.09e-02	4.53e-02	1.06e-01	4.71e-01	2.91e-01	5.95e-02
 2.75726e+22	0.00e+00	2.39e-28	6.29e-23	6.47e-20	3.60e-17	7.53e-15	8.95e-13	1.21e-10	5.67e-08	3.13e-06	7.73e-05	8.47e-04	6.47e-03	2.29e-02	4.81e-02	1.09e-01	4.73e-01	2.84e-01	5.63e-02
 2.77406e+22	0.00e+00	3.88e-28	9.96e-23	9.91e-20	5.30e-17	1.06e-14	1.21e-12	1.57e-10	7.30e-08	3.95e-06	9.52e-05	1.01e-03	7.51e-03	2.56e-02	5.18e-02	1.13e-01	4.74e-01	2.74e-01	5.26e-02
 2.79013e+22	0.00e+00	5.56e-28	1.40e-22	1.36e-19	7.07e-17	1.38e-14	1.52e-12	1.90e-10	8.79e-08	4.69e-06	1.11e-04	1.16e-03	8.38e-03	2.79e-02	5.47e-02	1.16e-01	4.75e-01	2.67e-01	4.98e-02
 2.80307e+22	0.00e+00	7.92e-28	1.96e-22	1.86e-19	9.37e-17	1.77e-14	1.89e-12	2.29e-10	1.05e-07	5.56e-06	1.29e-04	1.31e-03	9.33e-03	3.02e-02	5.77e-02	1.19e-01	4.75e-01	2.60e-01	4.73e-02
 2.81574e+22	0.00e+00	1.10e-27	2.69e-22	2.49e-19	1.22e-16	2.24e-14	2.32e-12	2.73e-10	1.25e-07	6.52e-06	1.49e-04	1.48e-03	1.03e-02	3.26e-02	6.06e-02	1.22e-01	4.75e-01	2.54e-01	4.49e-02
 2.82813e+22	0.00e+00	1.51e-27	3.63e-22	3.27e-19	1.57e-16	2.79e-14	2.81e-12	3.21e-10	1.47e-07	7.56e-06	1.70e-04	1.66e-03	1.13e-02	3.50e-02	6.34e-02	1.24e-01	4.74e-01	2.47e-01	4.28e-02
 2.84213e+22	0.00e+00	2.29e-27	5.38e-22	4.71e-19	2.18e-16	3.74e-14	3.63e-12	3.98e-10	1.81e-07	9.21e-06	2.03e-04	1.93e-03	1.28e-02	3.84e-02	6.73e-02	1.27e-01	4.73e-01	2.39e-01	4.01e-02
 2.85610e+22	0.00e+00	3.19e-27	7.37e-22	6.30e-19	2.83e-16	4.72e-14	4.44e-12	4.73e-10	2.14e-07	1.08e-05	2.34e-04	2.17e-03	1.41e-02	4.13e-02	7.05e-02	1.30e-01	4.71e-01	2.32e-01	3.80e-02
 2.86760e+22	0.00e+00	4.36e-27	9.93e-22	8.28e-19	3.63e-16	5.87e-14	5.35e-12	5.53e-10	2.51e-07	1.25e-05	2.66e-04	2.43e-03	1.55e-02	4.42e-02	7.36e-02	1.32e-01	4.70e-01	2.26e-01	3.61e-02
 2.87830e+22	0.00e+00	5.82e-27	1.31e-21	1.07e-18	4.56e-16	7.19e-14	6.37e-12	6.41e-10	2.90e-07	1.43e-05	3.01e-04	2.69e-03	1.69e-02	4.71e-02	7.66e-02	1.34e-01	4.68e-01	2.20e-01	3.43e-02
 2.89039e+22	0.00e+00	8.30e-27	1.83e-21	1.46e-18	6.03e-16	9.19e-14	7.87e-12	7.66e-10	3.46e-07	1.69e-05	3.49e-04	3.05e-03	1.87e-02	5.08e-02	8.03e-02	1.37e-01	4.65e-01	2.13e-01	3.23e-02
 2.90302e+22	0.00e+00	1.14e-26	2.48e-21	1.92e-18	7.74e-16	1.15e-13	9.52e-12	8.98e-10	4.05e-07	1.96e-05	3.98e-04	3.41e-03	2.05e-02	5.44e-02	8.37e-02	1.39e-01	4.62e-01	2.06e-01	3.06e-02
 2.91444e+22	3.55e-33	1.55e-26	3.31e-21	2.51e-18	9.84e-16	1.42e-13	1.14e-11	1.05e-09	4.72e-07	2.25e-05	4.52e-04	3.80e-03	2.23e-02	5.80e-02	8.70e-02	1.41e-01	4.59e-01	2.00e-01	2.90e-02
 2.92733e+22	5.47e-33	2.34e-26	4.91e-21	3.59e-18	1.36e-15	1.88e-13	1.45e-11	1.28e-09	5.76e-07	2.72e-05	5.35e-04	4.38e-03	2.51e-02	6.31e-02	9.16e-02	1.43e-01	4.54e-01	1.91e-01	2.69e-02
 2.94001e+22	7.50e-33	3.15e-26	6.53e-21	4.66e-18	1.72e-15	2.31e-13	1.73e-11	1.48e-09	6.68e-07	3.13e-05	6.05e-04	4.86e-03	2.73e-02	6.71e-02	9.49e-02	1.45e-01	4.49e-01	1.85e-01	2.54e-02
 2.95038e+22	1.02e-32	4.24e-26	8.66e-21	6.03e-18	2.16e-15	2.82e-13	2.05e-11	1.70e-09	7.69e-07	3.57e-05	6.82e-04	5.38e-03	2.97e-02	7.12e-02	9.83e-02	1.46e-01	4.45e-01	1.79e-01	2.40e-02
 2.96012e+22	1.37e-32	5.59e-26	1.13e-20	7.66e-18	2.67e-15	3.39e-13	2.39e-11	1.93e-09	8.78e-07	4.05e-05	7.62e-04	5.90e-03	3.20e-02	7.52e-02	1.02e-01	1.48e-01	4.40e-01	1.74e-01	2.28e-02
 2.97107e+22	1.96e-32	7.88e-26	1.56e-20	1.03e-17	3.48e-15	4.28e-13	2.91e-11	2.27e-09	1.03e-06	4.73e-05	8.76e-04	6.63e-03	3.51e-02	8.05e-02	1.05e-01	1.49e-01	4.34e-01	1.67e-01	2.13e-02
 2.98234e+22	2.71e-32	1.07e-25	2.10e-20	1.35e-17	4.42e-15	5.25e-13	3.46e-11	2.61e-09	1.20e-06	5.43e-05	9.91e-04	7.35e-03	3.82e-02	8.54e-02	1.09e-01	1.50e-01	4.28e-01	1.60e-01	2.00e-02
 2.99217e+22	3.59e-32	1.40e-25	2.71e-20	1.70e-17	5.44e-15	6.29e-13	4.03e-11	2.96e-09	1.36e-06	6.12e-05	1.10e-03	8.03e-03	4.10e-02	8.98e-02	1.12e-01	1.51e-01	4.23e-01	1.55e-01	1.89e-02
 3.00310e+22	5.32e-32	2.05e-25	3.88e-20	2.36e-17	7.25e-15	8.06e-13	4.95e-11	3.49e-09	1.62e-06	7.22e-05	1.28e-03	9.09e-03	4.53e-02	9.63e-02	1.17e-01	1.52e-01	4.15e-01	1.47e-01	1.74e-02
 3.01405e+22	7.19e-32	2.72e-25	5.10e-20	3.02e-17	9.02e-15	9.73e-13	5.79e-11	3.97e-09	1.85e-06	8.19e-05	1.43e-03	9.98e-03	4.88e-02	1.01e-01	1.20e-01	1.53e-01	4.08e-01	1.42e-01	1.64e-02
 3.02502e+22	1.06e-31	3.96e-25	7.28e-20	4.17e-17	1.20e-14	1.24e-12	7.09e-11	4.67e-09	2.19e-06	9.64e-05	1.65e-03	1.13e-02	5.38e-02	1.08e-01	1.24e-01	1.53e-01	3.99e-01	1.34e-01	1.51e-02
 3.03617e+22	1.46e-31	5.37e-25	9.73e-20	5.41e-17	1.51e-14	1.51e-12	8.35e-11	5.32e-09	2.51e-06	1.10e-04	1.86e-03	1.24e-02	5.81e-02	1.14e-01	1.27e-01	1.53e-01	3.90e-01	1.28e-01	1.41e-02
 3.04574e+22	1.96e-31	7.09e-25	1.27e-19	6.87e-17	1.86e-14	1.81e-12	9.69e-11	5.99e-09	2.85e-06	1.24e-04	2.07e-03	1.35e-02	6.22e-02	1.20e-01	1.30e-01	1.53e-01	3.83e-01	1.23e-01	1.32e-02
 3.05639e+22	2.95e-31	1.05e-24	1.85e-19	9.63e-17	2.50e-14	2.33e-12	1.19e-10	7.01e-09	3.39e-06	1.46e-04	2.40e-03	1.53e-02	6.85e-02	1.28e-01	1.34e-01	1.52e-01	3.71e-01	1.15e-01	1.20e-02
 3.06683e+22	3.91e-31	1.37e-24	2.38e-19	1.21e-16	3.06e-14	2.76e-12	1.37e-10	7.85e-09	3.81e-06	1.64e-04	2.65e-03	1.66e-02	7.30e-02	1.33e-01	1.37e-01	1.52e-01	3.63e-01	1.11e-01	1.12e-02
 3.07700e+22	5.80e-31	2.00e-24	3.42e-19	1.67e-16	4.05e-14	3.50e-12	1.65e-10	9.10e-09	4.49e-06	1.91e-04	3.04e-03	1.86e-02	7.98e-02	1.41e-01	1.41e-01	1.51e-01	3.51e-01	1.04e-01	1.02e-02
 3.08699e+22	7.58e-31	2.59e-24	4.36e-19	2.08e-16	4.90e-14	4.12e-12	1.89e-10	1.01e-08	5.02e-06	2.13e-04	3.34e-03	2.01e-02	8.47e-02	1.47e-01	1.43e-01	1.50e-01	3.43e-01	9.90e-02	9.56e-03
 3.09674e+22	1.12e-30	3.77e-24	6.26e-19	2.86e-16	6.46e-14	5.19e-12	2.27e-10	1.16e-08	5.87e-06	2.48e-04	3.82e-03	2.24e-02	9.22e-02	1.55e-01	1.46e-01	1.48e-01	3.31e-01	9.24e-02	8.65e-03
 3.10645e+22	1.48e-30	4.90e-24	8.03e-19	3.57e-16	7.85e-14	6.12e-12	2.59e-10	1.29e-08	6.56e-06	2.76e-04	4.20e-03	2.42e-02	9.77e-02	1.61e-01	1.48e-01	1.47e-01	3.22e-01	8.80e-02	8.05e-03
 3.11610e+22	2.19e-30	7.14e-24	1.15e-18	4.91e-16	1.03e-13	7.69e-12	3.11e-10	1.48e-08	7.64e-06	3.20e-04	4.79e-03	2.69e-02	1.06e-01	1.69e-01	1.51e-01	1.45e-01	3.08e-01	8.17e-02	7.25e-03
 3.12583e+22	2.92e-30	9.40e-24	1.50e-18	6.20e-16	1.26e-13	9.11e-12	3.56e-10	1.64e-08	8.56e-06	3.56e-04	5.26e-03	2.90e-02	1.12e-01	1.75e-01	1.52e-01	1.43e-01	2.99e-01	7.73e-02	6.70e-03
 3.13567e+22	4.38e-30	1.38e-23	2.17e-18	8.59e-16	1.67e-13	1.15e-11	4.27e-10	1.88e-08	9.98e-06	4.13e-04	6.00e-03	3.22e-02	1.21e-01	1.84e-01	1.54e-01	1.40e-01	2.85e-01	7.12e-02	5.98e-03
 3.14560e+22	5.89e-30	1.84e-23	2.84e-18	1.09e-15	2.06e-13	1.37e-11	4.90e-10	2.09e-08	1.12e-05	4.61e-04	6.60e-03	3.47e-02	1.28e-01	1.90e-01	1.56e-01	1.37e-01	2.74e-01	6.70e-02	5.48e-03
 3.15564e+22	8.82e-30	2.71e-23	4.10e-18	1.51e-15	2.72e-13	1.72e-11	5.88e-10	2.40e-08	1.30e-05	5.32e-04	7.48e-03	3.84e-02	1.38e-01	1.98e-01	1.57e-01	1.34e-01	2.60e-01	6.14e-02	4.87e-03
 3.16559e+22	1.20e-29	3.62e-23	5.42e-18	1.93e-15	3.35e-13	2.05e-11	6.73e-10	2.65e-08	1.45e-05	5.93e-04	8.22e-03	4.13e-02	1.46e-01	2.04e-01	1.58e-01	1.31e-01	2.49e-01	5.74e-02	4.44e-03
 3.17541e+22	1.78e-29	5.29e-23	7.78e-18	2.65e-15	4.40e-13	2.56e-11	8.03e-10	3.03e-08	1.67e-05	6.80e-04	9.26e-03	4.54e-02	1.56e-01	2.12e-01	1.58e-01	1.27e-01	2.36e-01	5.24e-02	3.92e-03
 3.18544e+22	2.45e-29	7.19e-23	1.04e-17	3.42e-15	5.47e-13	3.07e-11	9.24e-10	3.36e-08	1.87e-05	7.58e-04	1.02e-02	4.88e-02	1.65e-01	2.18e-01	1.58e-01	1.24e-01	2.24e-01	4.86e-02	3.54e-03
 3.19573e+22	3.73e-29	1.08e-22	1.53e-17	4.78e-15	7.29e-13	3.89e-11	1.11e-09	3.85e-08	2.17e-05	8.72e-04	1.15e-02	5.36e-02	1.76e-01	2.25e-01	1.58e-01	1.19e-01	2.10e-01	4.39e-02	3.09e-03
 3.20608e+22	5.16e-29	1.47e-22	2.06e-17	6.19e-15	9.09e-13	4.67e-11	1.28e-09	4.28e-08	2.42e-05	9.69e-04	1.26e-02	5.75e-02	1.84e-01	2.30e-01	1.57e-01	1.15e-01	1.99e-01	4.05e-02	2.77e-03
 3.21650e+22	7.91e-29	2.21e-22	3.03e-17	8.69e-15	1.21e-12	5.92e-11	1.54e-09	4.90e-08	2.79e-05	1.11e-03	1.41e-02	6.29e-02	1.96e-01	2.36e-01	1.55e-01	1.10e-01	1.85e-01	3.62e-02	2.39e-03
 3.22698e+22	1.10e-28	3.02e-22	4.08e-17	1.13e-14	1.51e-12	7.11e-11	1.78e-09	5.45e-08	3.10e-05	1.23e-03	1.54e-02	6.71e-02	2.05e-01	2.41e-01	1.54e-01	1.06e-01	1.75e-01	3.33e-02	2.13e-03
 3.23605e+22	1.51e-28	4.10e-22	5.47e-17	1.45e-14	1.88e-12	8.51e-11	2.04e-09	6.04e-08	3.44e-05	1.36e-03	1.67e-02	7.15e-02	2.14e-01	2.45e-01	1.52e-01	1.03e-01	1.65e-01	3.05e-02	1.90e-03
 3.24635e+22	2.28e-28	6.08e-22	7.95e-17	2.01e-14	2.48e-12	1.07e-10	2.44e-09	6.89e-08	3.92e-05	1.54e-03	1.86e-02	7.73e-02	2.25e-01	2.49e-01	1.50e-01	9.75e-02	1.52e-01	2.72e-02	1.64e-03
 3.25667e+22	3.14e-28	8.24e-22	1.06e-16	2.59e-14	3.08e-12	1.28e-10	2.80e-09	7.64e-08	4.33e-05	1.69e-03	2.01e-02	8.19e-02	2.33e-01	2.52e-01	1.48e-01	9.37e-02	1.43e-01	2.49e-02	1.46e-03
 3.26699e+22	4.71e-28	1.21e-21	1.53e-16	3.56e-14	4.05e-12	1.60e-10	3.35e-09	8.72e-08	4.90e-05	1.90e-03	2.21e-02	8.80e-02	2.44e-01	2.56e-01	1.45e-01	8.87e-02	1.32e-01	2.21e-02	1.25e-03
 3.27747e+22	6.50e-28	1.65e-21	2.05e-16	4.59e-14	5.03e-12	1.92e-10	3.85e-09	9.69e-08	5.40e-05	2.08e-03	2.39e-02	9.29e-02	2.52e-01	2.58e-01	1.42e-01	8.49e-02	1.23e-01	2.01e-02	1.11e-03
 3.28817e+22	9.89e-28	2.46e-21	3.00e-16	6.38e-14	6.67e-12	2.42e-10	4.63e-09	1.11e-07	6.10e-05	2.33e-03	2.62e-02	9.96e-02	2.62e-01	2.60e-01	1.38e-01	7.99e-02	1.13e-01	1.77e-02	9.40e-04
 3.29898e+22	1.35e-27	3.30e-21	3.95e-16	8.13e-14	8.22e-12	2.89e-10	5.32e-09	1.24e-07	6.70e-05	2.54e-03	2.81e-02	1.05e-01	2.70e-01	2.61e-01	1.35e-01	7.63e-02	1.06e-01	1.61e-02	8.32e-04
 3.30993e+22	2.03e-27	4.89e-21	5.74e-16	1.12e-13	1.09e-11	3.64e-10	6.39e-09	1.42e-07	7.54e-05	2.83e-03	3.07e-02	1.11e-01	2.79e-01	2.62e-01	1.31e-01	7.16e-02	9.64e-02	1.42e-02	7.05e-04
 3.32117e+22	2.80e-27	6.62e-21	7.63e-16	1.44e-13	1.35e-11	4.36e-10	7.38e-09	1.59e-07	8.28e-05	3.08e-03	3.29e-02	1.17e-01	2.86e-01	2.62e-01	1.28e-01	6.81e-02	8.97e-02	1.28e-02	6.19e-04
 3.33279e+22	4.25e-27	9.83e-21	1.11e-15	2.00e-13	1.78e-11	5.53e-10	8.91e-09	1.83e-07	9.33e-05	3.43e-03	3.58e-02	1.24e-01	2.95e-01	2.61e-01	1.23e-01	6.36e-02	8.14e-02	1.12e-02	5.21e-04
 3.34463e+22	5.87e-27	1.34e-20	1.48e-15	2.58e-13	2.22e-11	6.65e-10	1.03e-08	2.05e-07	1.02e-04	3.73e-03	3.83e-02	1.30e-01	3.02e-01	2.60e-01	1.20e-01	6.02e-02	7.54e-02	1.01e-02	4.55e-04
 3.35677e+22	8.91e-27	1.99e-20	2.15e-15	3.57e-13	2.94e-11	8.43e-10	1.25e-08	2.38e-07	1.15e-04	4.15e-03	4.16e-02	1.37e-01	3.10e-01	2.59e-01	1.15e-01	5.60e-02	6.81e-02	8.75e-03	3.81e-04
 3.36898e+22	1.22e-26	2.68e-20	2.85e-15	4.57e-13	3.65e-11	1.01e-09	1.45e-08	2.67e-07	1.26e-04	4.49e-03	4.42e-02	1.43e-01	3.16e-01	2.57e-01	1.11e-01	5.30e-02	6.30e-02	7.85e-03	3.32e-04
 3.38132e+22	1.83e-26	3.93e-20	4.09e-15	6.27e-13	4.80e-11	1.28e-09	1.75e-08	3.09e-07	1.42e-04	4.97e-03	4.77e-02	1.50e-01	3.23e-01	2.54e-01	1.07e-01	4.92e-02	5.69e-02	6.83e-03	2.78e-04
 3.39396e+22	2.53e-26	5.32e-20	5.44e-15	8.05e-13	5.97e-11	1.54e-09	2.03e-08	3.47e-07	1.55e-04	5.38e-03	5.07e-02	1.56e-01	3.28e-01	2.52e-01	1.03e-01	4.63e-02	5.24e-02	6.10e-03	2.41e-04
 3.40494e+22	3.40e-26	7.04e-20	7.06e-15	1.01e-12	7.29e-11	1.82e-09	2.34e-08	3.87e-07	1.69e-04	5.78e-03	5.35e-02	1.62e-01	3.32e-01	2.49e-01	9.94e-02	4.38e-02	4.85e-02	5.49e-03	2.12e-04
 3.41717e+22	4.99e-26	1.01e-19	9.92e-15	1.37e-12	9.46e-11	2.27e-09	2.80e-08	4.46e-07	1.88e-04	6.34e-03	5.73e-02	1.69e-01	3.37e-01	2.46e-01	9.49e-02	4.06e-02	4.38e-02	4.78e-03	1.78e-04
 3.42941e+22	6.61e-26	1.32e-19	1.27e-14	1.70e-12	1.14e-10	2.68e-09	3.20e-08	4.96e-07	2.04e-04	6.79e-03	6.03e-02	1.74e-01	3.41e-01	2.43e-01	9.16e-02	3.84e-02	4.06e-02	4.31e-03	1.56e-04
 3.44169e+22	9.56e-26	1.87e-19	1.76e-14	2.26e-12	1.47e-10	3.32e-09	3.82e-08	5.70e-07	2.27e-04	7.41e-03	6.43e-02	1.81e-01	3.45e-01	2.38e-01	8.73e-02	3.56e-02	3.67e-02	3.76e-03	1.31e-04
 3.45427e+22	1.28e-25	2.45e-19	2.26e-14	2.83e-12	1.79e-10	3.93e-09	4.39e-08	6.36e-07	2.47e-04	7.94e-03	6.76e-02	1.87e-01	3.48e-01	2.35e-01	8.39e-02	3.35e-02	3.38e-02	3.38e-03	1.15e-04
 3.46540e+22	1.69e-25	3.19e-19	2.89e-14	3.51e-12	2.17e-10	4.63e-09	5.02e-08	7.08e-07	2.68e-04	8.48e-03	7.09e-02	1.92e-01	3.51e-01	2.31e-01	8.07e-02	3.16e-02	3.12e-02	3.03e-03	1.00e-04
 3.47806e+22	2.44e-25	4.50e-19	3.99e-14	4.67e-12	2.78e-10	5.74e-09	5.99e-08	8.15e-07	2.98e-04	9.24e-03	7.53e-02	1.99e-01	3.54e-01	2.26e-01	7.66e-02	2.92e-02	2.81e-02	2.63e-03	8.41e-05
 3.49065e+22	3.17e-25	5.74e-19	5.00e-14	5.70e-12	3.32e-10	6.69e-09	6.80e-08	9.02e-07	3.21e-04	9.83e-03	7.87e-02	2.04e-01	3.55e-01	2.22e-01	7.37e-02	2.76e-02	2.61e-02	2.38e-03	7.41e-05
 3.50315e+22	4.49e-25	7.97e-19	6.79e-14	7.47e-12	4.21e-10	8.21e-09	8.06e-08	1.03e-06	3.55e-04	1.07e-02	8.32e-02	2.11e-01	3.57e-01	2.17e-01	6.98e-02	2.55e-02	2.35e-02	2.07e-03	6.24e-05
 3.51589e+22	5.85e-25	1.02e-18	8.53e-14	9.15e-12	5.03e-10	9.59e-09	9.17e-08	1.15e-06	3.84e-04	1.13e-02	8.69e-02	2.16e-01	3.58e-01	2.13e-01	6.70e-02	2.40e-02	2.17e-02	1.87e-03	5.47e-05
 3.52895e+22	8.32e-25	1.42e-18	1.16e-13	1.20e-11	6.39e-10	1.18e-08	1.09e-07	1.31e-06	4.26e-04	1.23e-02	9.18e-02	2.23e-01	3.59e-01	2.07e-01	6.33e-02	2.21e-02	1.95e-02	1.62e-03	4.58e-05
 3.54225e+22	1.09e-24	1.82e-18	1.46e-13	1.47e-11	7.68e-10	1.38e-08	1.24e-07	1.46e-06	4.61e-04	1.31e-02	9.58e-02	2.28e-01	3.60e-01	2.02e-01	6.06e-02	2.08e-02	1.80e-02	1.45e-03	4.00e-05
 3.55588e+22	1.55e-24	2.54e-18	1.98e-13	1.94e-11	9.78e-10	1.71e-08	1.48e-07	1.68e-06	5.12e-04	1.42e-02	1.01e-01	2.34e-01	3.60e-01	1.96e-01	5.70e-02	1.91e-02	1.61e-02	1.25e-03	3.33e-05
 3.56975e+22	2.04e-24	3.27e-18	2.51e-13	2.38e-11	1.18e-09	2.00e-08	1.69e-07	1.88e-06	5.55e-04	1.51e-02	1.05e-01	2.39e-01	3.60e-01	1.92e-01	5.44e-02	1.78e-02	1.48e-02	1.12e-03	2.90e-05
 3.58395e+22	2.91e-24	4.56e-18	3.41e-13	3.14e-11	1.50e-09	2.48e-08	2.02e-07	2.16e-06	6.17e-04	1.63e-02	1.11e-01	2.46e-01	3.59e-01	1.85e-01	5.10e-02	1.63e-02	1.31e-02	9.61e-04	2.40e-05
 3.59782e+22	3.71e-24	5.71e-18	4.19e-13	3.78e-11	1.77e-09	2.86e-08	2.28e-07	2.39e-06	6.65e-04	1.73e-02	1.15e-01	2.50e-01	3.58e-01	1.81e-01	4.88e-02	1.54e-02	1.22e-02	8.67e-04	2.12e-05
 3.61128e+22	5.20e-24	7.81e-18	5.60e-13	4.88e-11	2.22e-09	3.49e-08	2.70e-07	2.73e-06	7.34e-04	1.86e-02	1.21e-01	2.56e-01	3.57e-01	1.75e-01	4.58e-02	1.41e-02	1.09e-02	7.49e-04	1.77e-05
 3.62494e+22	6.64e-24	9.79e-18	6.89e-13	5.88e-11	2.63e-09	4.04e-08	3.05e-07	3.02e-06	7.91e-04	1.97e-02	1.25e-01	2.61e-01	3.55e-01	1.70e-01	4.37e-02	1.32e-02	1.00e-02	6.74e-04	1.55e-05
 3.63886e+22	9.22e-24	1.33e-17	9.12e-13	7.56e-11	3.28e-09	4.91e-08	3.59e-07	3.45e-06	8.73e-04	2.12e-02	1.31e-01	2.66e-01	3.53e-01	1.64e-01	4.10e-02	1.21e-02	8.98e-03	5.83e-04	1.30e-05
 3.65321e+22	1.20e-23	1.70e-17	1.14e-12	9.26e-11	3.94e-09	5.75e-08	4.10e-07	3.84e-06	9.46e-04	2.25e-02	1.36e-01	2.71e-01	3.51e-01	1.59e-01	3.89e-02	1.13e-02	8.20e-03	5.18e-04	1.12e-05
 3.66811e+22	1.68e-23	2.31e-17	1.52e-12	1.19e-10	4.93e-09	7.01e-08	4.84e-07	4.40e-06	1.05e-03	2.42e-02	1.43e-01	2.76e-01	3.48e-01	1.53e-01	3.63e-02	1.03e-02	7.31e-03	4.46e-04	9.33e-06
 3.68349e+22	2.22e-23	3.00e-17	1.93e-12	1.48e-10	5.97e-09	8.28e-08	5.57e-07	4.93e-06	1.14e-03	2.57e-02	1.48e-01	2.81e-01	3.45e-01	1.48e-01	3.43e-02	9.55e-03	6.63e-03	3.93e-04	7.97e-06
 3.69950e+22	3.15e-23	4.14e-17	2.58e-12	1.92e-10	7.56e-09	1.02e-07	6.63e-07	5.68e-06	1.27e-03	2.77e-02	1.55e-01	2.86e-01	3.41e-01	1.42e-01	3.18e-02	8.67e-03	5.86e-03	3.35e-04	6.57e-06
 3.71592e+22	4.20e-23	5.40e-17	3.29e-12	2.39e-10	9.20e-09	1.21e-07	7.66e-07	6.39e-06	1.38e-03	2.95e-02	1.61e-01	2.90e-01	3.38e-01	1.36e-01	2.99e-02	7.99e-03	5.29e-03	2.93e-04	5.57e-06
 3.73289e+22	6.01e-23	7.51e-17	4.45e-12	3.14e-10	1.17e-08	1.49e-07	9.16e-07	7.40e-06	1.54e-03	3.19e-02	1.69e-01	2.95e-01	3.33e-01	1.30e-01	2.76e-02	7.21e-03	4.65e-03	2.48e-04	4.55e-06
 3.75039e+22	8.12e-23	9.91e-17	5.73e-12	3.94e-10	1.44e-08	1.79e-07	1.07e-06	8.37e-06	1.69e-03	3.40e-02	1.76e-01	2.99e-01	3.28e-01	1.25e-01	2.58e-02	6.60e-03	4.16e-03	2.15e-04	3.82e-06
 3.76860e+22	1.18e-22	1.40e-16	7.84e-12	5.23e-10	1.85e-08	2.23e-07	1.28e-06	9.74e-06	1.89e-03	3.69e-02	1.84e-01	3.03e-01	3.23e-01	1.18e-01	2.37e-02	5.91e-03	3.62e-03	1.80e-04	3.08e-06
 3.78740e+22	1.62e-22	1.87e-16	1.02e-11	6.64e-10	2.29e-08	2.69e-07	1.50e-06	1.11e-05	2.08e-03	3.94e-02	1.91e-01	3.07e-01	3.17e-01	1.13e-01	2.20e-02	5.37e-03	3.22e-03	1.55e-04	2.55e-06
 3.80441e+22	2.20e-22	2.48e-16	1.32e-11	8.36e-10	2.82e-08	3.22e-07	1.75e-06	1.26e-05	2.28e-03	4.20e-02	1.98e-01	3.10e-01	3.12e-01	1.07e-01	2.04e-02	4.89e-03	2.86e-03	1.33e-04	2.13e-06
 3.82395e+22	3.24e-22	3.54e-16	1.82e-11	1.12e-09	3.66e-08	4.05e-07	2.12e-06	1.47e-05	2.56e-03	4.55e-02	2.07e-01	3.14e-01	3.04e-01	1.01e-01	1.86e-02	4.34e-03	2.47e-03	1.10e-04	1.69e-06
 3.84386e+22	4.46e-22	4.75e-16	2.38e-11	1.42e-09	4.54e-08	4.90e-07	2.49e-06	1.68e-05	2.82e-03	4.86e-02	2.15e-01	3.16e-01	2.98e-01	9.59e-02	1.71e-02	3.92e-03	2.18e-03	9.39e-05	1.39e-06
 3.86427e+22	6.65e-22	6.84e-16	3.32e-11	1.92e-09	5.93e-08	6.19e-07	3.04e-06	1.97e-05	3.18e-03	5.27e-02	2.25e-01	3.19e-01	2.90e-01	8.96e-02	1.55e-02	3.45e-03	1.86e-03	7.68e-05	1.09e-06
 3.88495e+22	9.21e-22	9.22e-16	4.34e-11	2.45e-09	7.38e-08	7.50e-07	3.57e-06	2.25e-05	3.50e-03	5.63e-02	2.32e-01	3.21e-01	2.83e-01	8.47e-02	1.42e-02	3.10e-03	1.63e-03	6.50e-05	8.91e-07
 3.90598e+22	1.39e-21	1.34e-15	6.10e-11	3.33e-09	9.72e-08	9.54e-07	4.37e-06	2.65e-05	3.95e-03	6.10e-02	2.43e-01	3.23e-01	2.74e-01	7.87e-02	1.27e-02	2.71e-03	1.38e-03	5.26e-05	6.89e-07
 3.92724e+22	1.92e-21	1.81e-15	7.98e-11	4.24e-09	1.21e-07	1.16e-06	5.14e-06	3.03e-05	4.35e-03	6.51e-02	2.51e-01	3.24e-01	2.66e-01	7.41e-02	1.16e-02	2.43e-03	1.21e-03	4.43e-05	5.60e-07
 3.94878e+22	2.92e-21	2.65e-15	1.13e-10	5.80e-09	1.60e-07	1.48e-06	6.33e-06	3.59e-05	4.93e-03	7.06e-02	2.61e-01	3.25e-01	2.56e-01	6.83e-02	1.03e-02	2.10e-03	1.01e-03	3.53e-05	4.26e-07
 3.97044e+22	4.03e-21	3.56e-15	1.47e-10	7.37e-09	1.99e-07	1.79e-06	7.42e-06	4.09e-05	5.41e-03	7.50e-02	2.69e-01	3.26e-01	2.49e-01	6.41e-02	9.43e-03	1.88e-03	8.78e-04	2.97e-05	3.45e-07
 3.98842e+22	5.39e-21	4.64e-15	1.87e-10	9.14e-09	2.41e-07	2.12e-06	8.57e-06	4.61e-05	5.89e-03	7.93e-02	2.76e-01	3.25e-01	2.42e-01	6.04e-02	8.66e-03	1.69e-03	7.74e-04	2.53e-05	2.84e-07
 4.00800e+22	7.86e-21	6.54e-15	2.54e-10	1.21e-08	3.10e-07	2.65e-06	1.03e-05	5.38e-05	6.59e-03	8.51e-02	2.85e-01	3.25e-01	2.32e-01	5.58e-02	7.72e-03	1.47e-03	6.53e-04	2.04e-05	2.20e-07
 4.02751e+22	1.04e-20	8.46e-15	3.21e-10	1.49e-08	3.75e-07	3.13e-06	1.19e-05	6.04e-05	7.15e-03	8.97e-02	2.92e-01	3.24e-01	2.25e-01	5.25e-02	7.08e-03	1.33e-03	5.75e-04	1.74e-05	1.81e-07
 4.04693e+22	1.51e-20	1.19e-14	4.34e-10	1.96e-08	4.81e-07	3.91e-06	1.43e-05	7.04e-05	7.98e-03	9.61e-02	3.01e-01	3.23e-01	2.16e-01	4.83e-02	6.29e-03	1.15e-03	4.83e-04	1.40e-05	1.39e-07
 4.06659e+22	2.01e-20	1.54e-14	5.48e-10	2.42e-08	5.83e-07	4.63e-06	1.66e-05	7.93e-05	8.68e-03	1.01e-01	3.08e-01	3.21e-01	2.09e-01	4.52e-02	5.74e-03	1.03e-03	4.22e-04	1.18e-05	0.00e+00
 4.08655e+22	2.94e-20	2.17e-14	7.44e-10	3.19e-08	7.51e-07	5.80e-06	2.01e-05	9.30e-05	9.71e-03	1.08e-01	3.17e-01	3.19e-01	1.99e-01	4.13e-02	5.05e-03	8.87e-04	3.51e-04	9.35e-06	0.00e+00
 4.10674e+22	3.93e-20	2.82e-14	9.41e-10	3.95e-08	9.13e-07	6.91e-06	2.32e-05	1.05e-04	1.06e-02	1.14e-01	3.23e-01	3.16e-01	1.91e-01	3.85e-02	4.58e-03	7.89e-04	3.04e-04	7.81e-06	0.00e+00
 4.12725e+22	5.73e-20	3.97e-14	1.28e-09	5.22e-08	1.18e-06	8.68e-06	2.82e-05	1.23e-04	1.18e-02	1.22e-01	3.32e-01	3.13e-01	1.81e-01	3.49e-02	4.00e-03	6.74e-04	2.50e-04	6.13e-06	0.00e+00
 4.14814e+22	7.75e-20	5.22e-14	1.62e-09	6.50e-08	1.45e-06	1.04e-05	3.30e-05	1.41e-04	1.30e-02	1.29e-01	3.38e-01	3.09e-01	1.73e-01	3.22e-02	3.58e-03	5.92e-04	2.14e-04	5.03e-06	0.00e+00
 4.16955e+22	1.14e-19	7.39e-14	2.21e-09	8.63e-08	1.88e-06	1.32e-05	4.04e-05	1.67e-04	1.46e-02	1.38e-01	3.46e-01	3.04e-01	1.63e-01	2.89e-02	3.09e-03	4.98e-04	1.73e-04	3.87e-06	0.00e+00
 4.19134e+22	1.55e-19	9.73e-14	2.82e-09	1.08e-07	2.32e-06	1.60e-05	4.74e-05	1.91e-04	1.60e-02	1.46e-01	3.53e-01	3.00e-01	1.55e-01	2.64e-02	2.74e-03	4.33e-04	1.46e-04	3.13e-06	0.00e+00
 4.21365e+22	2.29e-19	1.38e-13	3.83e-09	1.44e-07	3.03e-06	2.04e-05	5.85e-05	2.28e-04	1.81e-02	1.57e-01	3.60e-01	2.94e-01	1.45e-01	2.34e-02	2.33e-03	3.60e-04	1.16e-04	2.36e-06	0.00e+00
 4.23621e+22	3.10e-19	1.81e-13	4.86e-09	1.79e-07	3.74e-06	2.47e-05	6.89e-05	2.62e-04	1.99e-02	1.66e-01	3.66e-01	2.88e-01	1.37e-01	2.13e-02	2.05e-03	3.10e-04	9.70e-05	1.88e-06	0.00e+00
 4.25529e+22	4.07e-19	2.31e-13	6.01e-09	2.19e-07	4.53e-06	2.94e-05	8.01e-05	2.98e-04	2.18e-02	1.74e-01	3.70e-01	2.83e-01	1.29e-01	1.94e-02	1.81e-03	2.69e-04	8.18e-05	1.52e-06	0.00e+00
 4.27616e+22	5.75e-19	3.14e-13	7.84e-09	2.82e-07	5.77e-06	3.68e-05	9.72e-05	3.53e-04	2.44e-02	1.85e-01	3.76e-01	2.75e-01	1.20e-01	1.72e-02	1.54e-03	2.24e-04	6.54e-05	1.15e-06	0.00e+00
 4.29710e+22	7.49e-19	3.97e-13	9.60e-09	3.42e-07	6.96e-06	4.38e-05	1.13e-04	4.02e-04	2.66e-02	1.94e-01	3.79e-01	2.69e-01	1.13e-01	1.56e-02	1.35e-03	1.94e-04	5.47e-05	9.26e-07	0.00e+00
 4.31756e+22	1.03e-18	5.24e-13	1.22e-08	4.31e-07	8.73e-06	5.41e-05	1.36e-04	4.72e-04	2.96e-02	2.06e-01	3.83e-01	2.61e-01	1.05e-01	1.38e-02	1.15e-03	1.61e-04	4.38e-05	7.04e-07	0.00e+00
 4.33841e+22	1.33e-18	6.59e-13	1.48e-08	5.23e-07	1.06e-05	6.46e-05	1.58e-04	5.40e-04	3.24e-02	2.16e-01	3.86e-01	2.54e-01	9.78e-02	1.24e-02	1.00e-03	1.38e-04	3.62e-05	5.57e-07	0.00e+00
 4.35899e+22	1.79e-18	8.50e-13	1.84e-08	6.48e-07	1.31e-05	7.92e-05	1.89e-04	6.32e-04	3.60e-02	2.27e-01	3.88e-01	2.45e-01	9.02e-02	1.09e-02	8.49e-04	1.14e-04	2.89e-05	4.22e-07	0.00e+00
 4.37997e+22	2.31e-18	1.06e-12	2.23e-08	7.85e-07	1.58e-05	9.49e-05	2.21e-04	7.28e-04	3.96e-02	2.39e-01	3.89e-01	2.37e-01	8.35e-02	9.67e-03	7.30e-04	9.65e-05	2.35e-05	3.28e-07	0.00e+00
 4.40047e+22	3.01e-18	1.34e-12	2.69e-08	9.54e-07	1.93e-05	1.14e-04	2.60e-04	8.44e-04	4.36e-02	2.50e-01	3.90e-01	2.29e-01	7.69e-02	8.52e-03	6.20e-04	8.04e-05	1.89e-05	2.51e-07	0.00e+00
 4.42121e+22	3.85e-18	1.65e-12	3.22e-08	1.15e-06	2.33e-05	1.37e-04	3.04e-04	9.75e-04	4.79e-02	2.62e-01	3.90e-01	2.20e-01	7.07e-02	7.51e-03	5.28e-04	6.71e-05	1.52e-05	1.93e-07	0.00e+00
 4.44168e+22	4.90e-18	2.03e-12	3.81e-08	1.37e-06	2.80e-05	1.64e-04	3.56e-04	1.12e-03	5.26e-02	2.74e-01	3.89e-01	2.11e-01	6.48e-02	6.60e-03	4.48e-04	5.59e-05	1.22e-05	1.47e-07	0.00e+00
 4.46209e+22	6.18e-18	2.48e-12	4.48e-08	1.63e-06	3.35e-05	1.95e-04	4.14e-04	1.29e-03	5.76e-02	2.86e-01	3.87e-01	2.02e-01	5.93e-02	5.80e-03	3.80e-04	4.66e-05	9.83e-06	0.00e+00	0.00e+00
 4.48253e+22	7.76e-18	3.00e-12	5.25e-08	1.94e-06	4.00e-05	2.31e-04	4.81e-04	1.49e-03	6.31e-02	2.98e-01	3.85e-01	1.93e-01	5.41e-02	5.07e-03	3.21e-04	3.86e-05	7.86e-06	0.00e+00	0.00e+00
 4.50305e+22	9.68e-18	3.62e-12	6.10e-08	2.29e-06	4.76e-05	2.73e-04	5.57e-04	1.71e-03	6.89e-02	3.10e-01	3.82e-01	1.84e-01	4.92e-02	4.43e-03	2.72e-04	3.20e-05	6.29e-06	0.00e+00	0.00e+00
 4.52363e+22	1.20e-17	4.34e-12	7.06e-08	2.69e-06	5.65e-05	3.23e-04	6.43e-04	1.96e-03	7.51e-02	3.21e-01	3.77e-01	1.74e-01	4.47e-02	3.86e-03	2.29e-04	2.65e-05	5.01e-06	0.00e+00	0.00e+00
 4.54438e+22	1.49e-17	5.19e-12	8.15e-08	3.16e-06	6.69e-05	3.80e-04	7.41e-04	2.25e-03	8.18e-02	3.33e-01	3.73e-01	1.65e-01	4.05e-02	3.36e-03	1.92e-04	2.18e-05	3.99e-06	0.00e+00	0.00e+00
 4.56532e+22	1.84e-17	6.19e-12	9.38e-08	3.71e-06	7.91e-05	4.47e-04	8.53e-04	2.57e-03	8.90e-02	3.44e-01	3.67e-01	1.56e-01	3.65e-02	2.91e-03	1.61e-04	1.79e-05	3.16e-06	0.00e+00	0.00e+00
 4.58639e+22	2.27e-17	7.37e-12	1.08e-07	4.33e-06	9.31e-05	5.24e-04	9.78e-04	2.93e-03	9.66e-02	3.55e-01	3.61e-01	1.47e-01	3.29e-02	2.52e-03	1.35e-04	1.47e-05	2.51e-06	0.00e+00	0.00e+00
 4.60778e+22	2.81e-17	8.77e-12	1.23e-07	5.08e-06	1.10e-04	6.15e-04	1.12e-03	3.35e-03	1.05e-01	3.66e-01	3.54e-01	1.38e-01	2.95e-02	2.17e-03	1.12e-04	1.20e-05	1.97e-06	0.00e+00	0.00e+00
 4.62937e+22	3.46e-17	1.04e-11	1.41e-07	5.92e-06	1.29e-04	7.17e-04	1.28e-03	3.82e-03	1.13e-01	3.76e-01	3.46e-01	1.30e-01	2.65e-02	1.87e-03	9.38e-05	9.81e-06	1.56e-06	0.00e+00	0.00e+00
 4.65141e+22	4.29e-17	1.25e-11	1.63e-07	6.96e-06	1.52e-04	8.40e-04	1.46e-03	4.36e-03	1.23e-01	3.86e-01	3.37e-01	1.21e-01	2.36e-02	1.60e-03	7.75e-05	7.93e-06	1.21e-06	0.00e+00	0.00e+00
 4.67382e+22	5.31e-17	1.49e-11	1.87e-07	8.13e-06	1.78e-04	9.79e-04	1.66e-03	4.95e-03	1.32e-01	3.96e-01	3.29e-01	1.13e-01	2.10e-02	1.37e-03	6.43e-05	6.44e-06	9.52e-07	0.00e+00	0.00e+00
 4.69431e+22	6.36e-17	1.72e-11	2.10e-07	9.28e-06	2.04e-04	1.11e-03	1.85e-03	5.50e-03	1.41e-01	4.03e-01	3.21e-01	1.07e-01	1.91e-02	1.20e-03	5.49e-05	5.40e-06	7.75e-07	0.00e+00	0.00e+00
 4.71574e+22	8.00e-17	2.08e-11	2.44e-07	1.10e-05	2.41e-04	1.30e-03	2.11e-03	6.28e-03	1.52e-01	4.11e-01	3.10e-01	9.88e-02	1.68e-02	1.02e-03	4.48e-05	4.30e-06	5.95e-07	0.00e+00	0.00e+00
 4.73748e+22	9.67e-17	2.44e-11	2.77e-07	1.26e-05	2.75e-04	1.47e-03	2.34e-03	6.96e-03	1.61e-01	4.17e-01	3.02e-01	9.27e-02	1.51e-02	8.88e-04	3.81e-05	3.59e-06	4.83e-07	0.00e+00	0.00e+00
 4.75984e+22	1.24e-16	2.99e-11	3.25e-07	1.50e-05	3.27e-04	1.73e-03	2.66e-03	7.93e-03	1.73e-01	4.24e-01	2.91e-01	8.52e-02	1.32e-02	7.45e-04	3.08e-05	2.84e-06	3.68e-07	0.00e+00	0.00e+00
 4.78230e+22	1.50e-16	3.51e-11	3.70e-07	1.72e-05	3.73e-04	1.95e-03	2.94e-03	8.76e-03	1.83e-01	4.29e-01	2.82e-01	7.97e-02	1.19e-02	6.50e-04	2.62e-05	2.37e-06	2.98e-07	0.00e+00	0.00e+00
 4.80488e+22	1.93e-16	4.33e-11	4.38e-07	2.05e-05	4.41e-04	2.28e-03	3.33e-03	9.94e-03	1.96e-01	4.34e-01	2.70e-01	7.30e-02	1.04e-02	5.43e-04	2.11e-05	1.86e-06	2.26e-07	0.00e+00	0.00e+00
 4.82753e+22	2.36e-16	5.13e-11	5.02e-07	2.36e-05	5.03e-04	2.57e-03	3.65e-03	1.09e-02	2.06e-01	4.37e-01	2.61e-01	6.81e-02	9.34e-03	4.74e-04	1.80e-05	1.56e-06	1.84e-07	0.00e+00	0.00e+00
 4.85026e+22	3.06e-16	6.39e-11	5.99e-07	2.82e-05	5.94e-04	2.98e-03	4.11e-03	1.23e-02	2.19e-01	4.41e-01	2.49e-01	6.22e-02	8.11e-03	3.97e-04	1.45e-05	1.23e-06	1.39e-07	0.00e+00	0.00e+00
 4.87322e+22	3.79e-16	7.64e-11	6.93e-07	3.26e-05	6.77e-04	3.35e-03	4.50e-03	1.35e-02	2.30e-01	4.42e-01	2.40e-01	5.79e-02	7.28e-03	3.45e-04	1.23e-05	1.02e-06	0.00e+00	0.00e+00	0.00e+00
 4.89649e+22	4.98e-16	9.62e-11	8.37e-07	3.92e-05	8.01e-04	3.89e-03	5.04e-03	1.51e-02	2.44e-01	4.44e-01	2.28e-01	5.26e-02	6.30e-03	2.88e-04	9.90e-06	8.03e-07	0.00e+00	0.00e+00	0.00e+00
 4.92005e+22	6.22e-16	1.16e-10	9.78e-07	4.56e-05	9.15e-04	4.37e-03	5.51e-03	1.65e-02	2.55e-01	4.44e-01	2.19e-01	4.87e-02	5.62e-03	2.50e-04	8.36e-06	6.66e-07	0.00e+00	0.00e+00	0.00e+00
 4.94398e+22	8.32e-16	1.49e-10	1.20e-06	5.53e-05	1.09e-03	5.07e-03	6.16e-03	1.85e-02	2.69e-01	4.43e-01	2.07e-01	4.41e-02	4.84e-03	2.07e-04	6.70e-06	5.20e-07	0.00e+00	0.00e+00	0.00e+00
 4.96835e+22	1.05e-15	1.82e-10	1.42e-06	6.48e-05	1.24e-03	5.70e-03	6.73e-03	2.02e-02	2.81e-01	4.42e-01	1.98e-01	4.06e-02	4.30e-03	1.79e-04	5.62e-06	4.29e-07	0.00e+00	0.00e+00	0.00e+00
 4.99328e+22	1.44e-15	2.38e-10	1.77e-06	7.95e-05	1.48e-03	6.62e-03	7.51e-03	2.26e-02	2.96e-01	4.39e-01	1.86e-01	3.65e-02	3.68e-03	1.47e-04	4.47e-06	3.32e-07	0.00e+00	0.00e+00	0.00e+00
 5.01876e+22	1.86e-15	2.96e-10	2.12e-06	9.39e-05	1.71e-03	7.46e-03	8.20e-03	2.46e-02	3.07e-01	4.36e-01	1.77e-01	3.35e-02	3.24e-03	1.26e-04	3.72e-06	2.71e-07	0.00e+00	0.00e+00	0.00e+00
 5.04496e+22	2.59e-15	3.94e-10	2.69e-06	1.17e-04	2.05e-03	8.69e-03	9.16e-03	2.74e-02	3.23e-01	4.32e-01	1.66e-01	2.98e-02	2.75e-03	1.03e-04	2.92e-06	2.08e-07	0.00e+00	0.00e+00	0.00e+00
 5.07170e+22	3.41e-15	4.99e-10	3.28e-06	1.39e-04	2.37e-03	9.80e-03	9.99e-03	2.98e-02	3.34e-01	4.27e-01	1.57e-01	2.72e-02	2.41e-03	8.75e-05	2.42e-06	1.69e-07	0.00e+00	0.00e+00	0.00e+00
 5.09427e+22	4.35e-15	6.16e-10	3.92e-06	1.63e-04	2.70e-03	1.09e-02	1.08e-02	3.21e-02	3.45e-01	4.22e-01	1.49e-01	2.50e-02	2.14e-03	7.57e-05	2.04e-06	1.40e-07	0.00e+00	0.00e+00	0.00e+00
 5.11872e+22	5.99e-15	8.11e-10	4.94e-06	2.00e-04	3.19e-03	1.25e-02	1.19e-02	3.52e-02	3.58e-01	4.15e-01	1.39e-01	2.24e-02	1.83e-03	6.26e-05	1.63e-06	0.00e+00	0.00e+00	0.00e+00	0.00e+00
 5.14248e+22	7.56e-15	9.92e-10	5.85e-06	2.31e-04	3.60e-03	1.38e-02	1.27e-02	3.75e-02	3.67e-01	4.10e-01	1.33e-01	2.07e-02	1.64e-03	5.48e-05	1.39e-06	0.00e+00	0.00e+00	0.00e+00	0.00e+00
 5.16536e+22	1.02e-14	1.29e-09	7.29e-06	2.80e-04	4.20e-03	1.56e-02	1.39e-02	4.08e-02	3.79e-01	4.02e-01	1.24e-01	1.86e-02	1.41e-03	4.58e-05	1.13e-06	0.00e+00	0.00e+00	0.00e+00	0.00e+00
 5.18847e+22	1.30e-14	1.58e-09	8.69e-06	3.25e-04	4.75e-03	1.72e-02	1.48e-02	4.33e-02	3.88e-01	3.96e-01	1.18e-01	1.71e-02	1.26e-03	4.00e-05	9.61e-07	0.00e+00	0.00e+00	0.00e+00	0.00e+00
 5.21186e+22	1.77e-14	2.07e-09	1.09e-05	3.96e-04	5.55e-03	1.95e-02	1.61e-02	4.69e-02	3.98e-01	3.87e-01	1.10e-01	1.53e-02	1.08e-03	3.33e-05	7.76e-07	0.00e+00	0.00e+00	0.00e+00	0.00e+00
 5.23558e+22	2.27e-14	2.57e-09	1.31e-05	4.62e-04	6.28e-03	2.14e-02	1.72e-02	4.98e-02	4.06e-01	3.79e-01	1.04e-01	1.41e-02	9.60e-04	2.89e-05	6.57e-07	0.00e+00	0.00e+00	0.00e+00	0.00e+00
 5.25974e+22	3.14e-14	3.40e-09	1.66e-05	5.64e-04	7.36e-03	2.43e-02	1.87e-02	5.38e-02	4.16e-01	3.69e-01	9.63e-02	1.25e-02	8.19e-04	2.40e-05	5.27e-07	0.00e+00	0.00e+00	0.00e+00	0.00e+00
 5.28424e+22	4.05e-14	4.25e-09	2.00e-05	6.61e-04	8.34e-03	2.67e-02	2.00e-02	5.69e-02	4.23e-01	3.61e-01	9.08e-02	1.14e-02	7.24e-04	2.07e-05	4.45e-07	0.00e+00	0.00e+00	0.00e+00	0.00e+00
 5.30921e+22	5.66e-14	5.68e-09	2.56e-05	8.13e-04	9.81e-03	3.03e-02	2.17e-02	6.13e-02	4.32e-01	3.49e-01	8.37e-02	1.01e-02	6.13e-04	1.70e-05	3.53e-07	0.00e+00	0.00e+00	0.00e+00	0.00e+00
 5.33457e+22	7.37e-14	7.15e-09	3.11e-05	9.56e-04	1.11e-02	3.34e-02	2.32e-02	6.48e-02	4.38e-01	3.40e-01	7.85e-02	9.19e-03	5.39e-04	1.46e-05	2.96e-07	0.00e+00	0.00e+00	0.00e+00	0.00e+00
