#depth	Ne	Ne+	Ne+2	Ne+3	Ne+4	Ne+5	Ne+6	Ne+7	Ne+8	Ne+9	Ne+10
 4.62852e+21	0.00e+00	0.00e+00	8.99e-28	7.22e-23	1.32e-18	5.89e-15	1.04e-11	1.14e-08	4.19e-05	1.28e-02	9.87e-01
 1.05643e+22	0.00e+00	3.54e-32	1.47e-26	8.35e-22	1.08e-17	3.43e-14	4.30e-11	3.34e-08	8.55e-05	1.83e-02	9.82e-01
 1.27641e+22	0.00e+00	2.97e-31	9.74e-26	4.40e-21	4.52e-17	1.13e-13	1.13e-10	6.91e-08	1.39e-04	2.32e-02	9.77e-01
 1.43707e+22	0.00e+00	1.63e-30	4.45e-25	1.67e-20	1.42e-16	2.96e-13	2.44e-10	1.24e-07	2.05e-04	2.82e-02	9.72e-01
 1.52632e+22	0.00e+00	2.51e-30	6.52e-25	2.34e-20	1.90e-16	3.77e-13	2.97e-10	1.43e-07	2.26e-04	2.96e-02	9.70e-01
 1.55601e+22	0.00e+00	3.34e-30	8.40e-25	2.92e-20	2.30e-16	4.43e-13	3.38e-10	1.58e-07	2.41e-04	3.05e-02	9.69e-01
 1.57924e+22	0.00e+00	4.36e-30	1.07e-24	3.59e-20	2.75e-16	5.15e-13	3.81e-10	1.73e-07	2.56e-04	3.14e-02	9.68e-01
 1.60545e+22	0.00e+00	6.20e-30	1.46e-24	4.73e-20	3.48e-16	6.28e-13	4.47e-10	1.95e-07	2.78e-04	3.27e-02	9.67e-01
 1.63194e+22	0.00e+00	8.28e-30	1.89e-24	5.94e-20	4.23e-16	7.39e-13	5.10e-10	2.16e-07	2.97e-04	3.38e-02	9.66e-01
 1.65517e+22	0.00e+00	1.10e-29	2.44e-24	7.43e-20	5.13e-16	8.68e-13	5.81e-10	2.38e-07	3.17e-04	3.49e-02	9.65e-01
 1.68175e+22	0.00e+00	1.54e-29	3.29e-24	9.66e-20	6.43e-16	1.05e-12	6.76e-10	2.67e-07	3.42e-04	3.62e-02	9.63e-01
 1.70982e+22	0.00e+00	2.16e-29	4.43e-24	1.25e-19	8.05e-16	1.27e-12	7.86e-10	2.99e-07	3.69e-04	3.76e-02	9.62e-01
 1.73353e+22	0.00e+00	2.85e-29	5.67e-24	1.56e-19	9.72e-16	1.48e-12	8.92e-10	3.29e-07	3.93e-04	3.88e-02	9.61e-01
 1.75801e+22	0.00e+00	3.94e-29	7.56e-24	2.00e-19	1.21e-15	1.78e-12	1.03e-09	3.67e-07	4.23e-04	4.02e-02	9.59e-01
 1.78391e+22	0.00e+00	5.36e-29	9.95e-24	2.55e-19	1.48e-15	2.11e-12	1.19e-09	4.07e-07	4.53e-04	4.16e-02	9.58e-01
 1.80732e+22	0.00e+00	7.16e-29	1.29e-23	3.19e-19	1.80e-15	2.48e-12	1.35e-09	4.49e-07	4.84e-04	4.29e-02	9.57e-01
 1.83340e+22	0.00e+00	1.03e-28	1.78e-23	4.25e-19	2.30e-15	3.05e-12	1.59e-09	5.08e-07	5.25e-04	4.47e-02	9.55e-01
 1.85999e+22	0.00e+00	1.40e-28	2.33e-23	5.37e-19	2.82e-15	3.61e-12	1.82e-09	5.63e-07	5.62e-04	4.62e-02	9.53e-01
 1.88267e+22	0.00e+00	1.86e-28	3.00e-23	6.72e-19	3.41e-15	4.24e-12	2.08e-09	6.20e-07	5.99e-04	4.77e-02	9.52e-01
 1.90421e+22	0.00e+00	2.45e-28	3.84e-23	8.33e-19	4.11e-15	4.95e-12	2.35e-09	6.80e-07	6.38e-04	4.91e-02	9.50e-01
 1.92886e+22	0.00e+00	3.49e-28	5.25e-23	1.10e-18	5.19e-15	6.03e-12	2.75e-09	7.65e-07	6.90e-04	5.11e-02	9.48e-01
 1.95423e+22	0.00e+00	4.70e-28	6.84e-23	1.38e-18	6.34e-15	7.12e-12	3.14e-09	8.46e-07	7.37e-04	5.27e-02	9.47e-01
 1.98055e+22	3.18e-34	6.79e-28	9.49e-23	1.84e-18	8.11e-15	8.75e-12	3.71e-09	9.56e-07	8.00e-04	5.49e-02	9.44e-01
 2.00746e+22	4.66e-34	9.58e-28	1.29e-22	2.40e-18	1.02e-14	1.06e-11	4.32e-09	1.07e-06	8.63e-04	5.69e-02	9.42e-01
 2.02939e+22	6.46e-34	1.28e-27	1.67e-22	3.01e-18	1.24e-14	1.25e-11	4.92e-09	1.18e-06	9.20e-04	5.87e-02	9.40e-01
 2.04912e+22	8.53e-34	1.65e-27	2.08e-22	3.66e-18	1.46e-14	1.43e-11	5.50e-09	1.28e-06	9.73e-04	6.03e-02	9.39e-01
 2.07172e+22	1.25e-33	2.31e-27	2.81e-22	4.77e-18	1.84e-14	1.73e-11	6.39e-09	1.43e-06	1.05e-03	6.25e-02	9.36e-01
 2.09555e+22	1.77e-33	3.17e-27	3.72e-22	6.08e-18	2.27e-14	2.06e-11	7.34e-09	1.59e-06	1.12e-03	6.46e-02	9.34e-01
 2.11731e+22	2.48e-33	4.29e-27	4.86e-22	7.68e-18	2.77e-14	2.44e-11	8.39e-09	1.76e-06	1.20e-03	6.67e-02	9.32e-01
 2.14192e+22	3.82e-33	6.30e-27	6.84e-22	1.04e-17	3.58e-14	3.02e-11	9.94e-09	1.99e-06	1.30e-03	6.94e-02	9.29e-01
 2.16594e+22	5.41e-33	8.61e-27	9.02e-22	1.32e-17	4.40e-14	3.59e-11	1.14e-08	2.20e-06	1.39e-03	7.17e-02	9.27e-01
 2.18557e+22	7.48e-33	1.15e-26	1.17e-21	1.65e-17	5.34e-14	4.22e-11	1.29e-08	2.42e-06	1.48e-03	7.39e-02	9.25e-01
 2.20747e+22	1.11e-32	1.64e-26	1.59e-21	2.17e-17	6.75e-14	5.13e-11	1.51e-08	2.71e-06	1.60e-03	7.66e-02	9.22e-01
 2.23029e+22	1.56e-32	2.22e-26	2.09e-21	2.75e-17	8.27e-14	6.07e-11	1.73e-08	2.99e-06	1.71e-03	7.90e-02	9.19e-01
 2.25114e+22	2.22e-32	3.05e-26	2.77e-21	3.51e-17	1.02e-13	7.24e-11	1.98e-08	3.31e-06	1.82e-03	8.16e-02	9.17e-01
 2.27180e+22	3.17e-32	4.19e-26	3.66e-21	4.48e-17	1.26e-13	8.61e-11	2.28e-08	3.67e-06	1.95e-03	8.42e-02	9.14e-01
 2.29162e+22	4.41e-32	5.63e-26	4.75e-21	5.63e-17	1.53e-13	1.01e-10	2.59e-08	4.03e-06	2.07e-03	8.68e-02	9.11e-01
 2.31362e+22	6.83e-32	8.33e-26	6.72e-21	7.63e-17	1.98e-13	1.26e-10	3.07e-08	4.56e-06	2.25e-03	9.02e-02	9.08e-01
 2.33548e+22	9.46e-32	1.12e-25	8.70e-21	9.55e-17	2.41e-13	1.48e-10	3.49e-08	5.01e-06	2.39e-03	9.28e-02	9.05e-01
 2.35714e+22	1.46e-31	1.64e-25	1.23e-20	1.29e-16	3.11e-13	1.83e-10	4.13e-08	5.67e-06	2.59e-03	9.64e-02	9.01e-01
 2.37899e+22	2.06e-31	2.24e-25	1.61e-20	1.64e-16	3.82e-13	2.17e-10	4.72e-08	6.26e-06	2.77e-03	9.94e-02	8.98e-01
 2.40108e+22	3.17e-31	3.29e-25	2.27e-20	2.20e-16	4.93e-13	2.68e-10	5.58e-08	7.07e-06	3.00e-03	1.03e-01	8.94e-01
 2.42301e+22	4.60e-31	4.59e-25	3.04e-20	2.85e-16	6.14e-13	3.22e-10	6.43e-08	7.84e-06	3.21e-03	1.07e-01	8.90e-01
 2.44114e+22	6.24e-31	6.04e-25	3.88e-20	3.52e-16	7.36e-13	3.75e-10	7.25e-08	8.55e-06	3.39e-03	1.09e-01	8.87e-01
 2.46113e+22	9.37e-31	8.69e-25	5.35e-20	4.66e-16	9.36e-13	4.58e-10	8.48e-08	9.59e-06	3.65e-03	1.13e-01	8.83e-01
 2.48217e+22	1.36e-30	1.21e-24	7.16e-20	6.01e-16	1.16e-12	5.49e-10	9.77e-08	1.06e-05	3.91e-03	1.17e-01	8.79e-01
 2.50111e+22	1.91e-30	1.64e-24	9.40e-20	7.62e-16	1.43e-12	6.50e-10	1.12e-07	1.17e-05	4.16e-03	1.20e-01	8.76e-01
 2.52224e+22	2.97e-30	2.43e-24	1.33e-19	1.03e-15	1.85e-12	8.06e-10	1.32e-07	1.32e-05	4.50e-03	1.25e-01	8.71e-01
 2.54370e+22	4.32e-30	3.41e-24	1.79e-19	1.34e-15	2.31e-12	9.70e-10	1.53e-07	1.47e-05	4.82e-03	1.29e-01	8.66e-01
 2.56236e+22	6.21e-30	4.72e-24	2.39e-19	1.72e-15	2.86e-12	1.16e-09	1.75e-07	1.62e-05	5.14e-03	1.33e-01	8.62e-01
 2.58043e+22	8.77e-30	6.42e-24	3.13e-19	2.18e-15	3.51e-12	1.37e-09	2.00e-07	1.79e-05	5.47e-03	1.36e-01	8.58e-01
 2.60096e+22	1.35e-29	9.42e-24	4.40e-19	2.93e-15	4.52e-12	1.69e-09	2.36e-07	2.01e-05	5.90e-03	1.41e-01	8.53e-01
 2.62226e+22	1.98e-29	1.33e-23	5.96e-19	3.82e-15	5.68e-12	2.05e-09	2.73e-07	2.24e-05	6.32e-03	1.46e-01	8.48e-01
 2.64137e+22	2.88e-29	1.86e-23	8.02e-19	4.95e-15	7.09e-12	2.46e-09	3.16e-07	2.48e-05	6.75e-03	1.50e-01	8.43e-01
 2.66303e+22	4.60e-29	2.83e-23	1.16e-18	6.83e-15	9.35e-12	3.09e-09	3.77e-07	2.83e-05	7.33e-03	1.56e-01	8.37e-01
 2.68452e+22	6.80e-29	4.01e-23	1.58e-18	8.94e-15	1.18e-11	3.74e-09	4.38e-07	3.14e-05	7.84e-03	1.61e-01	8.31e-01
 2.70210e+22	9.53e-29	5.43e-23	2.07e-18	1.13e-14	1.44e-11	4.42e-09	4.98e-07	3.45e-05	8.32e-03	1.65e-01	8.27e-01
 2.72125e+22	1.47e-28	7.99e-23	2.91e-18	1.52e-14	1.85e-11	5.45e-09	5.86e-07	3.88e-05	8.97e-03	1.71e-01	8.20e-01
 2.74102e+22	2.15e-28	1.12e-22	3.92e-18	1.97e-14	2.32e-11	6.57e-09	6.77e-07	4.30e-05	9.57e-03	1.76e-01	8.15e-01
 2.75726e+22	2.93e-28	1.48e-22	5.02e-18	2.44e-14	2.78e-11	7.64e-09	7.62e-07	4.68e-05	1.01e-02	1.80e-01	8.10e-01
 2.77406e+22	4.32e-28	2.10e-22	6.82e-18	3.19e-14	3.50e-11	9.23e-09	8.82e-07	5.20e-05	1.08e-02	1.85e-01	8.04e-01
 2.79013e+22	5.78e-28	2.73e-22	8.59e-18	3.90e-14	4.16e-11	1.06e-08	9.85e-07	5.62e-05	1.13e-02	1.89e-01	7.99e-01
 2.80307e+22	7.72e-28	3.53e-22	1.08e-17	4.76e-14	4.93e-11	1.22e-08	1.10e-06	6.07e-05	1.19e-02	1.93e-01	7.95e-01
 2.81574e+22	1.01e-27	4.50e-22	1.34e-17	5.73e-14	5.78e-11	1.40e-08	1.22e-06	6.53e-05	1.25e-02	1.97e-01	7.90e-01
 2.82813e+22	1.31e-27	5.66e-22	1.63e-17	6.83e-14	6.71e-11	1.58e-08	1.34e-06	6.99e-05	1.30e-02	2.01e-01	7.86e-01
 2.84213e+22	1.84e-27	7.68e-22	2.14e-17	8.64e-14	8.20e-11	1.87e-08	1.52e-06	7.66e-05	1.38e-02	2.06e-01	7.80e-01
 2.85610e+22	2.42e-27	9.81e-22	2.66e-17	1.04e-13	9.64e-11	2.13e-08	1.68e-06	8.24e-05	1.44e-02	2.10e-01	7.76e-01
 2.86760e+22	3.14e-27	1.24e-21	3.26e-17	1.25e-13	1.12e-10	2.42e-08	1.86e-06	8.82e-05	1.50e-02	2.14e-01	7.71e-01
 2.87830e+22	4.00e-27	1.54e-21	3.95e-17	1.47e-13	1.29e-10	2.72e-08	2.03e-06	9.40e-05	1.56e-02	2.17e-01	7.67e-01
 2.89039e+22	5.38e-27	2.01e-21	4.99e-17	1.80e-13	1.54e-10	3.14e-08	2.27e-06	1.02e-04	1.64e-02	2.22e-01	7.62e-01
 2.90302e+22	7.01e-27	2.55e-21	6.16e-17	2.16e-13	1.80e-10	3.57e-08	2.50e-06	1.09e-04	1.71e-02	2.26e-01	7.57e-01
 2.91444e+22	9.06e-27	3.20e-21	7.53e-17	2.58e-13	2.09e-10	4.04e-08	2.75e-06	1.17e-04	1.79e-02	2.30e-01	7.52e-01
 2.92733e+22	1.29e-26	4.39e-21	9.94e-17	3.28e-13	2.57e-10	4.78e-08	3.14e-06	1.28e-04	1.89e-02	2.36e-01	7.45e-01
 2.94001e+22	1.66e-26	5.51e-21	1.21e-16	3.91e-13	2.98e-10	5.41e-08	3.45e-06	1.37e-04	1.97e-02	2.40e-01	7.41e-01
 2.95038e+22	2.15e-26	6.94e-21	1.49e-16	4.66e-13	3.46e-10	6.12e-08	3.79e-06	1.46e-04	2.05e-02	2.44e-01	7.36e-01
 2.96012e+22	2.73e-26	8.58e-21	1.79e-16	5.48e-13	3.97e-10	6.86e-08	4.13e-06	1.55e-04	2.13e-02	2.47e-01	7.31e-01
 2.97107e+22	3.67e-26	1.12e-20	2.27e-16	6.71e-13	4.73e-10	7.91e-08	4.61e-06	1.68e-04	2.24e-02	2.52e-01	7.25e-01
 2.98234e+22	4.81e-26	1.43e-20	2.80e-16	8.07e-13	5.53e-10	9.00e-08	5.09e-06	1.80e-04	2.33e-02	2.57e-01	7.20e-01
 2.99217e+22	6.06e-26	1.76e-20	3.37e-16	9.46e-13	6.33e-10	1.01e-07	5.55e-06	1.91e-04	2.42e-02	2.61e-01	7.15e-01
 3.00310e+22	8.46e-26	2.37e-20	4.38e-16	1.19e-12	7.69e-10	1.18e-07	6.26e-06	2.08e-04	2.55e-02	2.66e-01	7.08e-01
 3.01405e+22	1.09e-25	2.97e-20	5.34e-16	1.41e-12	8.91e-10	1.33e-07	6.87e-06	2.21e-04	2.65e-02	2.70e-01	7.03e-01
 3.02502e+22	1.52e-25	4.00e-20	6.94e-16	1.77e-12	1.08e-09	1.56e-07	7.76e-06	2.41e-04	2.79e-02	2.76e-01	6.96e-01
 3.03617e+22	2.00e-25	5.10e-20	8.60e-16	2.13e-12	1.26e-09	1.78e-07	8.56e-06	2.58e-04	2.91e-02	2.80e-01	6.90e-01
 3.04574e+22	2.56e-25	6.37e-20	1.04e-15	2.52e-12	1.46e-09	2.00e-07	9.37e-06	2.75e-04	3.02e-02	2.85e-01	6.85e-01
 3.05639e+22	3.66e-25	8.79e-20	1.39e-15	3.22e-12	1.80e-09	2.37e-07	1.07e-05	3.01e-04	3.19e-02	2.91e-01	6.77e-01
 3.06683e+22	4.65e-25	1.09e-19	1.67e-15	3.78e-12	2.06e-09	2.66e-07	1.16e-05	3.20e-04	3.31e-02	2.95e-01	6.72e-01
 3.07700e+22	6.58e-25	1.49e-19	2.19e-15	4.79e-12	2.52e-09	3.14e-07	1.32e-05	3.48e-04	3.49e-02	3.01e-01	6.64e-01
 3.08699e+22	8.28e-25	1.83e-19	2.63e-15	5.60e-12	2.88e-09	3.50e-07	1.44e-05	3.69e-04	3.62e-02	3.05e-01	6.59e-01
 3.09674e+22	1.18e-24	2.50e-19	3.46e-15	7.09e-12	3.52e-09	4.13e-07	1.63e-05	4.03e-04	3.81e-02	3.11e-01	6.51e-01
 3.10645e+22	1.49e-24	3.09e-19	4.17e-15	8.34e-12	4.04e-09	4.63e-07	1.78e-05	4.28e-04	3.95e-02	3.15e-01	6.45e-01
 3.11610e+22	2.12e-24	4.23e-19	5.49e-15	1.06e-11	4.95e-09	5.47e-07	2.02e-05	4.67e-04	4.16e-02	3.21e-01	6.37e-01
 3.12583e+22	2.73e-24	5.31e-19	6.70e-15	1.25e-11	5.73e-09	6.17e-07	2.21e-05	4.97e-04	4.32e-02	3.26e-01	6.31e-01
 3.13567e+22	3.92e-24	7.34e-19	8.90e-15	1.60e-11	7.06e-09	7.33e-07	2.52e-05	5.44e-04	4.56e-02	3.32e-01	6.22e-01
 3.14560e+22	5.10e-24	9.29e-19	1.09e-14	1.91e-11	8.21e-09	8.31e-07	2.77e-05	5.81e-04	4.74e-02	3.37e-01	6.15e-01
 3.15564e+22	7.30e-24	1.28e-18	1.45e-14	2.44e-11	1.01e-08	9.86e-07	3.16e-05	6.36e-04	5.00e-02	3.43e-01	6.06e-01
 3.16559e+22	9.59e-24	1.64e-18	1.80e-14	2.93e-11	1.18e-08	1.12e-06	3.49e-05	6.81e-04	5.21e-02	3.48e-01	5.99e-01
 3.17541e+22	1.37e-23	2.24e-18	2.37e-14	3.73e-11	1.45e-08	1.33e-06	3.97e-05	7.44e-04	5.49e-02	3.54e-01	5.90e-01
 3.18544e+22	1.82e-23	2.90e-18	2.96e-14	4.52e-11	1.71e-08	1.52e-06	4.41e-05	7.99e-04	5.73e-02	3.60e-01	5.82e-01
 3.19573e+22	2.64e-23	4.05e-18	3.98e-14	5.82e-11	2.12e-08	1.82e-06	5.06e-05	8.78e-04	6.05e-02	3.66e-01	5.72e-01
 3.20608e+22	3.52e-23	5.25e-18	4.99e-14	7.07e-11	2.51e-08	2.09e-06	5.63e-05	9.44e-04	6.32e-02	3.71e-01	5.64e-01
 3.21650e+22	5.14e-23	7.37e-18	6.71e-14	9.14e-11	3.12e-08	2.51e-06	6.48e-05	1.04e-03	6.68e-02	3.78e-01	5.54e-01
 3.22698e+22	6.85e-23	9.54e-18	8.42e-14	1.11e-10	3.69e-08	2.89e-06	7.21e-05	1.12e-03	6.97e-02	3.83e-01	5.46e-01
 3.23605e+22	9.09e-23	1.23e-17	1.05e-13	1.34e-10	4.35e-08	3.31e-06	8.01e-05	1.20e-03	7.27e-02	3.89e-01	5.37e-01
 3.24635e+22	1.30e-22	1.70e-17	1.39e-13	1.72e-10	5.36e-08	3.95e-06	9.17e-05	1.32e-03	7.67e-02	3.95e-01	5.27e-01
 3.25667e+22	1.72e-22	2.17e-17	1.73e-13	2.07e-10	6.31e-08	4.52e-06	1.02e-04	1.42e-03	7.99e-02	4.00e-01	5.19e-01
 3.26699e+22	2.44e-22	2.98e-17	2.29e-13	2.63e-10	7.74e-08	5.37e-06	1.16e-04	1.55e-03	8.42e-02	4.06e-01	5.08e-01
 3.27747e+22	3.21e-22	3.81e-17	2.84e-13	3.17e-10	9.10e-08	6.15e-06	1.29e-04	1.66e-03	8.78e-02	4.11e-01	5.00e-01
 3.28817e+22	4.59e-22	5.26e-17	3.77e-13	4.05e-10	1.12e-07	7.34e-06	1.48e-04	1.83e-03	9.26e-02	4.17e-01	4.88e-01
 3.29898e+22	5.95e-22	6.65e-17	4.63e-13	4.84e-10	1.31e-07	8.35e-06	1.64e-04	1.96e-03	9.63e-02	4.22e-01	4.80e-01
 3.30993e+22	8.42e-22	9.10e-17	6.10e-13	6.14e-10	1.61e-07	9.94e-06	1.88e-04	2.15e-03	1.01e-01	4.27e-01	4.69e-01
 3.32117e+22	1.10e-21	1.15e-16	7.53e-13	7.37e-10	1.89e-07	1.13e-05	2.08e-04	2.30e-03	1.06e-01	4.32e-01	4.60e-01
 3.33279e+22	1.55e-21	1.58e-16	9.92e-13	9.35e-10	2.32e-07	1.35e-05	2.38e-04	2.52e-03	1.11e-01	4.37e-01	4.49e-01
 3.34463e+22	2.02e-21	2.01e-16	1.23e-12	1.12e-09	2.72e-07	1.54e-05	2.65e-04	2.71e-03	1.16e-01	4.42e-01	4.40e-01
 3.35677e+22	2.85e-21	2.73e-16	1.61e-12	1.42e-09	3.34e-07	1.84e-05	3.03e-04	2.97e-03	1.22e-01	4.47e-01	4.28e-01
 3.36898e+22	3.68e-21	3.44e-16	1.98e-12	1.70e-09	3.90e-07	2.09e-05	3.36e-04	3.19e-03	1.27e-01	4.51e-01	4.19e-01
 3.38132e+22	5.11e-21	4.63e-16	2.57e-12	2.14e-09	4.75e-07	2.48e-05	3.83e-04	3.48e-03	1.33e-01	4.55e-01	4.08e-01
 3.39396e+22	6.61e-21	5.85e-16	3.16e-12	2.55e-09	5.55e-07	2.82e-05	4.25e-04	3.73e-03	1.38e-01	4.59e-01	3.99e-01
 3.40494e+22	8.37e-21	7.24e-16	3.82e-12	3.01e-09	6.41e-07	3.19e-05	4.67e-04	3.98e-03	1.43e-01	4.62e-01	3.90e-01
 3.41717e+22	1.14e-20	9.56e-16	4.89e-12	3.73e-09	7.72e-07	3.73e-05	5.29e-04	4.33e-03	1.50e-01	4.66e-01	3.79e-01
 3.42941e+22	1.42e-20	1.17e-15	5.84e-12	4.36e-09	8.84e-07	4.19e-05	5.78e-04	4.60e-03	1.55e-01	4.69e-01	3.71e-01
 3.44169e+22	1.90e-20	1.52e-15	7.39e-12	5.34e-09	1.06e-06	4.87e-05	6.51e-04	4.99e-03	1.62e-01	4.72e-01	3.61e-01
 3.45427e+22	2.38e-20	1.87e-15	8.87e-12	6.27e-09	1.21e-06	5.47e-05	7.14e-04	5.31e-03	1.67e-01	4.74e-01	3.53e-01
 3.46540e+22	2.97e-20	2.28e-15	1.06e-11	7.32e-09	1.39e-06	6.14e-05	7.81e-04	5.64e-03	1.73e-01	4.76e-01	3.45e-01
 3.47806e+22	3.95e-20	2.96e-15	1.34e-11	8.95e-09	1.66e-06	7.13e-05	8.78e-04	6.10e-03	1.80e-01	4.79e-01	3.34e-01
 3.49065e+22	4.83e-20	3.55e-15	1.57e-11	1.03e-08	1.88e-06	7.91e-05	9.53e-04	6.45e-03	1.86e-01	4.80e-01	3.27e-01
 3.50315e+22	6.32e-20	4.54e-15	1.96e-11	1.25e-08	2.22e-06	9.12e-05	1.07e-03	6.95e-03	1.93e-01	4.82e-01	3.17e-01
 3.51589e+22	7.75e-20	5.47e-15	2.31e-11	1.44e-08	2.51e-06	1.01e-04	1.16e-03	7.35e-03	1.99e-01	4.83e-01	3.09e-01
 3.52895e+22	1.01e-19	6.99e-15	2.88e-11	1.75e-08	2.97e-06	1.17e-04	1.29e-03	7.92e-03	2.07e-01	4.85e-01	2.99e-01
 3.54225e+22	1.25e-19	8.43e-15	3.40e-11	2.02e-08	3.37e-06	1.30e-04	1.41e-03	8.38e-03	2.13e-01	4.86e-01	2.92e-01
 3.55588e+22	1.63e-19	1.08e-14	4.24e-11	2.45e-08	3.99e-06	1.50e-04	1.57e-03	9.03e-03	2.21e-01	4.86e-01	2.82e-01
 3.56975e+22	2.01e-19	1.30e-14	5.01e-11	2.83e-08	4.53e-06	1.67e-04	1.71e-03	9.55e-03	2.27e-01	4.87e-01	2.75e-01
 3.58395e+22	2.63e-19	1.66e-14	6.25e-11	3.44e-08	5.36e-06	1.92e-04	1.91e-03	1.03e-02	2.36e-01	4.87e-01	2.65e-01
 3.59782e+22	3.16e-19	1.97e-14	7.25e-11	3.91e-08	6.00e-06	2.11e-04	2.06e-03	1.08e-02	2.42e-01	4.87e-01	2.58e-01
 3.61128e+22	4.06e-19	2.48e-14	8.92e-11	4.69e-08	7.03e-06	2.42e-04	2.29e-03	1.16e-02	2.50e-01	4.86e-01	2.49e-01
 3.62494e+22	4.89e-19	2.93e-14	1.04e-10	5.34e-08	7.87e-06	2.66e-04	2.46e-03	1.22e-02	2.56e-01	4.86e-01	2.43e-01
 3.63886e+22	6.25e-19	3.67e-14	1.27e-10	6.37e-08	9.18e-06	3.02e-04	2.72e-03	1.30e-02	2.65e-01	4.85e-01	2.34e-01
 3.65321e+22	7.62e-19	4.40e-14	1.49e-10	7.34e-08	1.04e-05	3.36e-04	2.95e-03	1.37e-02	2.72e-01	4.84e-01	2.27e-01
 3.66811e+22	9.77e-19	5.52e-14	1.83e-10	8.76e-08	1.21e-05	3.82e-04	3.26e-03	1.47e-02	2.81e-01	4.82e-01	2.19e-01
 3.68349e+22	1.20e-18	6.68e-14	2.17e-10	1.02e-07	1.38e-05	4.26e-04	3.55e-03	1.55e-02	2.88e-01	4.80e-01	2.12e-01
 3.69950e+22	1.56e-18	8.45e-14	2.68e-10	1.22e-07	1.62e-05	4.86e-04	3.94e-03	1.66e-02	2.97e-01	4.78e-01	2.03e-01
 3.71592e+22	1.93e-18	1.03e-13	3.19e-10	1.42e-07	1.85e-05	5.43e-04	4.29e-03	1.76e-02	3.05e-01	4.76e-01	1.96e-01
 3.73289e+22	2.52e-18	1.31e-13	3.96e-10	1.72e-07	2.17e-05	6.22e-04	4.77e-03	1.88e-02	3.15e-01	4.73e-01	1.88e-01
 3.75039e+22	3.15e-18	1.61e-13	4.76e-10	2.02e-07	2.49e-05	6.98e-04	5.21e-03	1.99e-02	3.23e-01	4.70e-01	1.81e-01
 3.76860e+22	4.15e-18	2.07e-13	5.96e-10	2.45e-07	2.95e-05	8.03e-04	5.80e-03	2.14e-02	3.34e-01	4.66e-01	1.72e-01
 3.78740e+22	5.24e-18	2.56e-13	7.21e-10	2.90e-07	3.41e-05	9.05e-04	6.35e-03	2.27e-02	3.43e-01	4.62e-01	1.65e-01
 3.80441e+22	6.57e-18	3.15e-13	8.68e-10	3.40e-07	3.91e-05	1.01e-03	6.94e-03	2.40e-02	3.51e-01	4.58e-01	1.59e-01
 3.82395e+22	8.75e-18	4.08e-13	1.10e-09	4.16e-07	4.66e-05	1.17e-03	7.75e-03	2.58e-02	3.62e-01	4.53e-01	1.50e-01
 3.84386e+22	1.11e-17	5.06e-13	1.33e-09	4.92e-07	5.38e-05	1.32e-03	8.48e-03	2.73e-02	3.71e-01	4.48e-01	1.44e-01
 3.86427e+22	1.48e-17	6.61e-13	1.69e-09	6.05e-07	6.43e-05	1.53e-03	9.49e-03	2.94e-02	3.82e-01	4.42e-01	1.36e-01
 3.88495e+22	1.88e-17	8.21e-13	2.05e-09	7.16e-07	7.43e-05	1.73e-03	1.04e-02	3.11e-02	3.91e-01	4.36e-01	1.29e-01
 3.90598e+22	2.53e-17	1.08e-12	2.61e-09	8.85e-07	8.92e-05	2.01e-03	1.17e-02	3.35e-02	4.02e-01	4.29e-01	1.22e-01
 3.92724e+22	3.19e-17	1.33e-12	3.17e-09	1.05e-06	1.03e-04	2.26e-03	1.28e-02	3.54e-02	4.11e-01	4.23e-01	1.15e-01
 3.94878e+22	4.31e-17	1.76e-12	4.06e-09	1.30e-06	1.24e-04	2.64e-03	1.44e-02	3.82e-02	4.23e-01	4.14e-01	1.08e-01
 3.97044e+22	5.42e-17	2.17e-12	4.90e-09	1.53e-06	1.43e-04	2.97e-03	1.57e-02	4.03e-02	4.31e-01	4.07e-01	1.02e-01
 3.98842e+22	6.64e-17	2.62e-12	5.80e-09	1.77e-06	1.62e-04	3.30e-03	1.70e-02	4.24e-02	4.39e-01	4.01e-01	9.73e-02
 4.00800e+22	8.61e-17	3.33e-12	7.22e-09	2.14e-06	1.92e-04	3.79e-03	1.89e-02	4.53e-02	4.49e-01	3.92e-01	9.10e-02
 4.02751e+22	1.05e-16	3.99e-12	8.50e-09	2.47e-06	2.17e-04	4.20e-03	2.04e-02	4.75e-02	4.56e-01	3.85e-01	8.65e-02
 4.04693e+22	1.34e-16	5.02e-12	1.05e-08	2.98e-06	2.55e-04	4.81e-03	2.26e-02	5.06e-02	4.66e-01	3.75e-01	8.06e-02
 4.06659e+22	1.63e-16	6.02e-12	1.24e-08	3.43e-06	2.89e-04	5.33e-03	2.45e-02	5.31e-02	4.73e-01	3.68e-01	7.63e-02
 4.08655e+22	2.08e-16	7.57e-12	1.53e-08	4.13e-06	3.40e-04	6.12e-03	2.72e-02	5.66e-02	4.82e-01	3.57e-01	7.07e-02
 4.10674e+22	2.52e-16	9.05e-12	1.80e-08	4.77e-06	3.86e-04	6.80e-03	2.94e-02	5.94e-02	4.88e-01	3.49e-01	6.66e-02
 4.12725e+22	3.19e-16	1.13e-11	2.21e-08	5.74e-06	4.54e-04	7.80e-03	3.26e-02	6.34e-02	4.96e-01	3.38e-01	6.14e-02
 4.14814e+22	3.84e-16	1.35e-11	2.61e-08	6.64e-06	5.16e-04	8.70e-03	3.55e-02	6.66e-02	5.03e-01	3.29e-01	5.74e-02
 4.16955e+22	4.84e-16	1.69e-11	3.21e-08	7.99e-06	6.09e-04	1.00e-02	3.95e-02	7.11e-02	5.10e-01	3.16e-01	5.24e-02
 4.19134e+22	5.79e-16	2.01e-11	3.78e-08	9.23e-06	6.94e-04	1.12e-02	4.29e-02	7.48e-02	5.15e-01	3.06e-01	4.87e-02
 4.21365e+22	7.19e-16	2.49e-11	4.63e-08	1.11e-05	8.19e-04	1.29e-02	4.78e-02	7.99e-02	5.22e-01	2.93e-01	4.40e-02
 4.23621e+22	8.47e-16	2.92e-11	5.42e-08	1.28e-05	9.32e-04	1.44e-02	5.20e-02	8.40e-02	5.26e-01	2.82e-01	4.06e-02
 4.25529e+22	9.75e-16	3.37e-11	6.22e-08	1.45e-05	1.05e-03	1.59e-02	5.61e-02	8.79e-02	5.29e-01	2.73e-01	3.76e-02
 4.27616e+22	1.15e-15	4.01e-11	7.39e-08	1.70e-05	1.21e-03	1.81e-02	6.17e-02	9.31e-02	5.32e-01	2.60e-01	3.40e-02
 4.29710e+22	1.31e-15	4.57e-11	8.41e-08	1.92e-05	1.35e-03	1.99e-02	6.63e-02	9.72e-02	5.34e-01	2.50e-01	3.13e-02
 4.31756e+22	1.50e-15	5.30e-11	9.79e-08	2.21e-05	1.55e-03	2.23e-02	7.24e-02	1.02e-01	5.35e-01	2.38e-01	2.83e-02
 4.33841e+22	1.67e-15	5.98e-11	1.11e-07	2.48e-05	1.73e-03	2.46e-02	7.78e-02	1.07e-01	5.36e-01	2.27e-01	2.59e-02
 4.35899e+22	1.86e-15	6.77e-11	1.27e-07	2.83e-05	1.95e-03	2.74e-02	8.44e-02	1.12e-01	5.35e-01	2.15e-01	2.33e-02
 4.37997e+22	2.04e-15	7.55e-11	1.43e-07	3.17e-05	2.18e-03	3.02e-02	9.06e-02	1.17e-01	5.34e-01	2.05e-01	2.12e-02
 4.40047e+22	2.22e-15	8.39e-11	1.61e-07	3.56e-05	2.44e-03	3.33e-02	9.75e-02	1.22e-01	5.31e-01	1.94e-01	1.91e-02
 4.42121e+22	2.38e-15	9.23e-11	1.80e-07	3.97e-05	2.71e-03	3.65e-02	1.04e-01	1.27e-01	5.28e-01	1.84e-01	1.72e-02
 4.44168e+22	2.53e-15	1.01e-10	2.00e-07	4.42e-05	3.01e-03	4.00e-02	1.11e-01	1.32e-01	5.24e-01	1.74e-01	1.55e-02
 4.46209e+22	2.66e-15	1.10e-10	2.21e-07	4.91e-05	3.34e-03	4.37e-02	1.19e-01	1.37e-01	5.19e-01	1.64e-01	1.39e-02
 4.48253e+22	2.78e-15	1.18e-10	2.44e-07	5.43e-05	3.69e-03	4.77e-02	1.26e-01	1.42e-01	5.13e-01	1.54e-01	1.25e-02
 4.50305e+22	2.89e-15	1.27e-10	2.69e-07	6.01e-05	4.07e-03	5.18e-02	1.34e-01	1.47e-01	5.07e-01	1.45e-01	1.12e-02
 4.52363e+22	2.99e-15	1.37e-10	2.96e-07	6.64e-05	4.49e-03	5.63e-02	1.41e-01	1.52e-01	5.00e-01	1.36e-01	1.00e-02
 4.54438e+22	3.07e-15	1.46e-10	3.25e-07	7.34e-05	4.95e-03	6.10e-02	1.49e-01	1.57e-01	4.92e-01	1.28e-01	8.94e-03
 4.56532e+22	3.14e-15	1.56e-10	3.58e-07	8.13e-05	5.45e-03	6.61e-02	1.57e-01	1.61e-01	4.83e-01	1.19e-01	7.96e-03
 4.58639e+22	3.22e-15	1.67e-10	3.94e-07	8.99e-05	6.01e-03	7.14e-02	1.65e-01	1.66e-01	4.73e-01	1.11e-01	7.08e-03
 4.60778e+22	3.28e-15	1.79e-10	4.34e-07	9.98e-05	6.63e-03	7.72e-02	1.73e-01	1.70e-01	4.63e-01	1.04e-01	6.27e-03
 4.62937e+22	3.35e-15	1.92e-10	4.80e-07	1.11e-04	7.30e-03	8.32e-02	1.81e-01	1.74e-01	4.52e-01	9.63e-02	5.55e-03
 4.65141e+22	3.42e-15	2.06e-10	5.33e-07	1.24e-04	8.07e-03	8.99e-02	1.90e-01	1.78e-01	4.40e-01	8.90e-02	4.88e-03
 4.67382e+22	3.51e-15	2.22e-10	5.93e-07	1.38e-04	8.91e-03	9.68e-02	1.98e-01	1.82e-01	4.28e-01	8.23e-02	4.29e-03
 4.69431e+22	3.59e-15	2.37e-10	6.50e-07	1.52e-04	9.69e-03	1.03e-01	2.04e-01	1.84e-01	4.18e-01	7.70e-02	3.85e-03
 4.71574e+22	3.68e-15	2.58e-10	7.32e-07	1.71e-04	1.08e-02	1.11e-01	2.13e-01	1.88e-01	4.04e-01	7.05e-02	3.35e-03
 4.73748e+22	3.81e-15	2.78e-10	8.09e-07	1.90e-04	1.17e-02	1.18e-01	2.19e-01	1.90e-01	3.92e-01	6.57e-02	2.99e-03
 4.75984e+22	3.98e-15	3.08e-10	9.24e-07	2.16e-04	1.31e-02	1.27e-01	2.27e-01	1.92e-01	3.77e-01	5.98e-02	2.57e-03
 4.78230e+22	4.14e-15	3.34e-10	1.03e-06	2.40e-04	1.43e-02	1.35e-01	2.34e-01	1.94e-01	3.65e-01	5.55e-02	2.29e-03
 4.80488e+22	4.36e-15	3.73e-10	1.18e-06	2.75e-04	1.59e-02	1.45e-01	2.41e-01	1.95e-01	3.50e-01	5.02e-02	1.96e-03
 4.82753e+22	4.62e-15	4.10e-10	1.32e-06	3.06e-04	1.73e-02	1.54e-01	2.47e-01	1.96e-01	3.38e-01	4.65e-02	1.75e-03
 4.85026e+22	4.95e-15	4.63e-10	1.54e-06	3.51e-04	1.93e-02	1.65e-01	2.54e-01	1.97e-01	3.22e-01	4.20e-02	1.49e-03
 4.87322e+22	5.31e-15	5.15e-10	1.73e-06	3.92e-04	2.10e-02	1.74e-01	2.59e-01	1.97e-01	3.10e-01	3.87e-02	1.32e-03
 4.89649e+22	5.81e-15	5.90e-10	2.03e-06	4.53e-04	2.34e-02	1.86e-01	2.65e-01	1.96e-01	2.94e-01	3.48e-02	1.12e-03
 4.92005e+22	6.33e-15	6.64e-10	2.31e-06	5.08e-04	2.55e-02	1.96e-01	2.69e-01	1.95e-01	2.81e-01	3.19e-02	9.86e-04
 4.94398e+22	7.09e-15	7.74e-10	2.73e-06	5.89e-04	2.85e-02	2.09e-01	2.74e-01	1.94e-01	2.65e-01	2.84e-02	8.32e-04
 4.96835e+22	7.87e-15	8.83e-10	3.13e-06	6.64e-04	3.11e-02	2.20e-01	2.77e-01	1.92e-01	2.52e-01	2.59e-02	7.26e-04
 4.99328e+22	9.05e-15	1.05e-09	3.75e-06	7.75e-04	3.47e-02	2.34e-01	2.81e-01	1.89e-01	2.36e-01	2.29e-02	6.06e-04
 5.01876e+22	1.03e-14	1.22e-09	4.35e-06	8.77e-04	3.79e-02	2.46e-01	2.84e-01	1.87e-01	2.24e-01	2.07e-02	5.25e-04
 5.04496e+22	1.22e-14	1.48e-09	5.28e-06	1.03e-03	4.24e-02	2.61e-01	2.86e-01	1.83e-01	2.08e-01	1.81e-02	4.33e-04
 5.07170e+22	1.42e-14	1.74e-09	6.17e-06	1.17e-03	4.62e-02	2.74e-01	2.88e-01	1.79e-01	1.95e-01	1.63e-02	3.71e-04
 5.09427e+22	1.63e-14	2.01e-09	7.09e-06	1.31e-03	5.00e-02	2.85e-01	2.89e-01	1.75e-01	1.84e-01	1.47e-02	3.23e-04
 5.11872e+22	1.97e-14	2.44e-09	8.51e-06	1.52e-03	5.51e-02	3.00e-01	2.89e-01	1.71e-01	1.71e-01	1.29e-02	2.68e-04
 5.14248e+22	2.27e-14	2.82e-09	9.69e-06	1.68e-03	5.90e-02	3.10e-01	2.89e-01	1.67e-01	1.62e-01	1.18e-02	2.35e-04
 5.16536e+22	2.74e-14	3.40e-09	1.15e-05	1.92e-03	6.45e-02	3.24e-01	2.87e-01	1.62e-01	1.50e-01	1.04e-02	1.97e-04
 5.18847e+22	3.21e-14	3.95e-09	1.31e-05	2.13e-03	6.90e-02	3.34e-01	2.86e-01	1.57e-01	1.41e-01	9.42e-03	1.72e-04
 5.21186e+22	3.94e-14	4.80e-09	1.56e-05	2.44e-03	7.52e-02	3.48e-01	2.84e-01	1.52e-01	1.30e-01	8.26e-03	1.43e-04
 5.23558e+22	4.67e-14	5.61e-09	1.79e-05	2.70e-03	8.03e-02	3.58e-01	2.82e-01	1.47e-01	1.22e-01	7.45e-03	1.25e-04
 5.25974e+22	5.84e-14	6.90e-09	2.14e-05	3.09e-03	8.74e-02	3.71e-01	2.78e-01	1.41e-01	1.12e-01	6.48e-03	1.03e-04
 5.28424e+22	7.00e-14	8.11e-09	2.45e-05	3.42e-03	9.32e-02	3.81e-01	2.75e-01	1.36e-01	1.05e-01	5.82e-03	8.87e-05
 5.30921e+22	8.91e-14	1.01e-08	2.94e-05	3.92e-03	1.01e-01	3.94e-01	2.71e-01	1.30e-01	9.53e-02	5.02e-03	7.26e-05
 5.33457e+22	1.08e-13	1.19e-08	3.38e-05	4.34e-03	1.08e-01	4.04e-01	2.67e-01	1.24e-01	8.85e-02	4.48e-03	6.21e-05
 5.36045e+22	1.40e-13	1.49e-08	4.06e-05	4.97e-03	1.17e-01	4.16e-01	2.61e-01	1.18e-01	8.00e-02	3.83e-03	5.03e-05
 5.38693e+22	1.72e-13	1.78e-08	4.69e-05	5.51e-03	1.24e-01	4.25e-01	2.56e-01	1.12e-01	7.38e-02	3.39e-03	4.27e-05
 5.41417e+22	2.26e-13	2.25e-08	5.68e-05	6.33e-03	1.35e-01	4.36e-01	2.48e-01	1.06e-01	6.61e-02	2.86e-03	3.41e-05
 5.44207e+22	2.82e-13	2.71e-08	6.60e-05	7.04e-03	1.43e-01	4.44e-01	2.42e-01	1.00e-01	6.05e-02	2.50e-03	2.85e-05
 5.47083e+22	3.78e-13	3.46e-08	8.02e-05	8.08e-03	1.55e-01	4.54e-01	2.34e-01	9.32e-02	5.37e-02	2.09e-03	2.25e-05
 5.49996e+22	4.74e-13	4.18e-08	9.32e-05	8.97e-03	1.65e-01	4.60e-01	2.27e-01	8.79e-02	4.88e-02	1.82e-03	1.87e-05
 5.52957e+22	6.41e-13	5.37e-08	1.13e-04	1.03e-02	1.78e-01	4.68e-01	2.18e-01	8.12e-02	4.30e-02	1.51e-03	1.45e-05
 5.55953e+22	8.08e-13	6.50e-08	1.32e-04	1.14e-02	1.88e-01	4.73e-01	2.11e-01	7.62e-02	3.89e-02	1.30e-03	1.20e-05
 5.58993e+22	1.10e-12	8.37e-08	1.60e-04	1.30e-02	2.02e-01	4.79e-01	2.01e-01	7.00e-02	3.40e-02	1.07e-03	9.27e-06
 5.62079e+22	1.40e-12	1.02e-07	1.86e-04	1.44e-02	2.13e-01	4.82e-01	1.93e-01	6.53e-02	3.06e-02	9.18e-04	7.59e-06
 5.64795e+22	1.78e-12	1.23e-07	2.16e-04	1.59e-02	2.24e-01	4.85e-01	1.86e-01	6.08e-02	2.75e-02	7.85e-04	6.19e-06
 5.67899e+22	2.41e-12	1.58e-07	2.61e-04	1.81e-02	2.39e-01	4.87e-01	1.76e-01	5.55e-02	2.39e-02	6.42e-04	4.76e-06
 5.71058e+22	3.10e-12	1.93e-07	3.04e-04	2.00e-02	2.51e-01	4.88e-01	1.68e-01	5.13e-02	2.12e-02	5.43e-04	3.83e-06
 5.73621e+22	3.81e-12	2.28e-07	3.45e-04	2.18e-02	2.62e-01	4.87e-01	1.61e-01	4.80e-02	1.92e-02	4.71e-04	3.18e-06
 5.76285e+22	4.88e-12	2.78e-07	4.00e-04	2.40e-02	2.74e-01	4.86e-01	1.53e-01	4.43e-02	1.71e-02	3.98e-04	2.56e-06
 5.79082e+22	6.08e-12	3.31e-07	4.57e-04	2.61e-02	2.86e-01	4.85e-01	1.46e-01	4.11e-02	1.53e-02	3.42e-04	2.10e-06
 5.81647e+22	7.54e-12	3.94e-07	5.20e-04	2.84e-02	2.97e-01	4.82e-01	1.39e-01	3.82e-02	1.38e-02	2.94e-04	1.73e-06
 5.84577e+22	9.88e-12	4.88e-07	6.10e-04	3.15e-02	3.11e-01	4.79e-01	1.31e-01	3.48e-02	1.20e-02	2.43e-04	1.35e-06
 5.87580e+22	1.25e-11	5.88e-07	7.01e-04	3.44e-02	3.24e-01	4.74e-01	1.24e-01	3.20e-02	1.07e-02	2.05e-04	1.09e-06
 5.90228e+22	1.55e-11	6.99e-07	7.96e-04	3.72e-02	3.35e-01	4.70e-01	1.18e-01	2.95e-02	9.53e-03	1.75e-04	8.87e-07
 5.93221e+22	2.04e-11	8.65e-07	9.32e-04	4.11e-02	3.49e-01	4.64e-01	1.10e-01	2.67e-02	8.26e-03	1.43e-04	6.88e-07
 5.96336e+22	2.60e-11	1.05e-06	1.07e-03	4.49e-02	3.62e-01	4.57e-01	1.03e-01	2.44e-02	7.26e-03	1.19e-04	5.45e-07
 5.99138e+22	3.25e-11	1.25e-06	1.22e-03	4.86e-02	3.74e-01	4.50e-01	9.72e-02	2.24e-02	6.42e-03	1.01e-04	4.39e-07
 6.02308e+22	4.30e-11	1.56e-06	1.43e-03	5.36e-02	3.88e-01	4.41e-01	8.99e-02	2.00e-02	5.50e-03	8.13e-05	3.34e-07
 6.05580e+22	5.51e-11	1.89e-06	1.65e-03	5.84e-02	4.01e-01	4.32e-01	8.38e-02	1.81e-02	4.78e-03	6.71e-05	2.61e-07
 6.08496e+22	6.93e-11	2.26e-06	1.88e-03	6.32e-02	4.12e-01	4.23e-01	7.83e-02	1.65e-02	4.20e-03	5.60e-05	2.08e-07
 6.11799e+22	9.22e-11	2.82e-06	2.21e-03	6.95e-02	4.26e-01	4.12e-01	7.18e-02	1.47e-02	3.55e-03	4.46e-05	1.55e-07
 6.15226e+22	1.19e-10	3.44e-06	2.55e-03	7.56e-02	4.39e-01	4.01e-01	6.63e-02	1.32e-02	3.06e-03	3.63e-05	0.00e+00
 6.18306e+22	1.51e-10	4.13e-06	2.91e-03	8.17e-02	4.49e-01	3.90e-01	6.14e-02	1.19e-02	2.65e-03	2.99e-05	0.00e+00
 6.21802e+22	2.04e-10	5.22e-06	3.44e-03	9.00e-02	4.63e-01	3.76e-01	5.56e-02	1.04e-02	2.21e-03	2.32e-05	0.00e+00
 6.25397e+22	2.62e-10	6.34e-06	3.95e-03	9.75e-02	4.73e-01	3.63e-01	5.10e-02	9.29e-03	1.89e-03	1.87e-05	0.00e+00
 6.28630e+22	3.35e-10	7.66e-06	4.52e-03	1.05e-01	4.83e-01	3.51e-01	4.67e-02	8.30e-03	1.62e-03	1.52e-05	0.00e+00
 6.32344e+22	4.59e-10	9.75e-06	5.36e-03	1.16e-01	4.94e-01	3.35e-01	4.17e-02	7.17e-03	1.32e-03	1.16e-05	0.00e+00
 6.36099e+22	5.94e-10	1.19e-05	6.16e-03	1.25e-01	5.02e-01	3.21e-01	3.78e-02	6.35e-03	1.12e-03	9.19e-06	0.00e+00
 6.39907e+22	8.11e-10	1.51e-05	7.28e-03	1.37e-01	5.12e-01	3.04e-01	3.36e-02	5.45e-03	9.06e-04	6.95e-06	0.00e+00
 6.43761e+22	1.05e-09	1.84e-05	8.35e-03	1.47e-01	5.18e-01	2.90e-01	3.03e-02	4.80e-03	7.61e-04	5.49e-06	0.00e+00
 6.47675e+22	1.45e-09	2.35e-05	9.90e-03	1.61e-01	5.25e-01	2.73e-01	2.65e-02	4.08e-03	6.09e-04	4.07e-06	0.00e+00
 6.51625e+22	1.87e-09	2.85e-05	1.13e-02	1.73e-01	5.29e-01	2.59e-01	2.38e-02	3.58e-03	5.08e-04	3.19e-06	0.00e+00
 6.55624e+22	2.59e-09	3.64e-05	1.34e-02	1.88e-01	5.33e-01	2.41e-01	2.07e-02	3.01e-03	4.02e-04	2.33e-06	0.00e+00
 6.59663e+22	3.33e-09	4.41e-05	1.53e-02	2.01e-01	5.34e-01	2.28e-01	1.84e-02	2.63e-03	3.33e-04	1.82e-06	0.00e+00
 6.63756e+22	4.62e-09	5.64e-05	1.81e-02	2.19e-01	5.35e-01	2.10e-01	1.59e-02	2.20e-03	2.60e-04	1.31e-06	0.00e+00
 6.67902e+22	5.97e-09	6.84e-05	2.06e-02	2.33e-01	5.34e-01	1.97e-01	1.40e-02	1.90e-03	2.14e-04	1.01e-06	0.00e+00
 6.72119e+22	8.30e-09	8.76e-05	2.43e-02	2.52e-01	5.30e-01	1.80e-01	1.19e-02	1.57e-03	1.65e-04	7.15e-07	0.00e+00
 6.76264e+22	1.06e-08	1.05e-04	2.75e-02	2.66e-01	5.26e-01	1.68e-01	1.05e-02	1.36e-03	1.36e-04	5.53e-07	0.00e+00
 6.79736e+22	1.33e-08	1.24e-04	3.08e-02	2.80e-01	5.21e-01	1.57e-01	9.37e-03	1.19e-03	1.13e-04	4.32e-07	0.00e+00
 6.83081e+22	1.66e-08	1.47e-04	3.44e-02	2.93e-01	5.16e-01	1.47e-01	8.32e-03	1.04e-03	9.35e-05	3.38e-07	0.00e+00
 6.86845e+22	2.20e-08	1.80e-04	3.94e-02	3.11e-01	5.07e-01	1.34e-01	7.15e-03	8.71e-04	7.38e-05	2.48e-07	0.00e+00
 6.90598e+22	2.73e-08	2.12e-04	4.38e-02	3.25e-01	4.99e-01	1.25e-01	6.32e-03	7.57e-04	6.10e-05	1.93e-07	0.00e+00
 6.94339e+22	3.59e-08	2.59e-04	4.99e-02	3.42e-01	4.88e-01	1.14e-01	5.40e-03	6.34e-04	4.79e-05	1.41e-07	0.00e+00
 6.98150e+22	4.49e-08	3.05e-04	5.55e-02	3.57e-01	4.78e-01	1.05e-01	4.74e-03	5.46e-04	3.92e-05	0.00e+00	0.00e+00
 7.02050e+22	5.92e-08	3.74e-04	6.32e-02	3.74e-01	4.63e-01	9.43e-02	4.01e-03	4.51e-04	3.03e-05	0.00e+00	0.00e+00
 7.05989e+22	7.36e-08	4.38e-04	7.00e-02	3.88e-01	4.51e-01	8.65e-02	3.50e-03	3.86e-04	2.46e-05	0.00e+00	0.00e+00
 7.09978e+22	9.82e-08	5.40e-04	7.99e-02	4.05e-01	4.34e-01	7.68e-02	2.91e-03	3.14e-04	1.87e-05	0.00e+00	0.00e+00
 7.13961e+22	1.21e-07	6.29e-04	8.80e-02	4.18e-01	4.20e-01	7.01e-02	2.53e-03	2.69e-04	1.51e-05	0.00e+00	0.00e+00
 7.17155e+22	1.46e-07	7.18e-04	9.55e-02	4.28e-01	4.08e-01	6.46e-02	2.24e-03	2.34e-04	1.26e-05	0.00e+00	0.00e+00
 7.20528e+22	1.82e-07	8.42e-04	1.05e-01	4.41e-01	3.93e-01	5.83e-02	1.92e-03	1.97e-04	1.00e-05	0.00e+00	0.00e+00
 7.23950e+22	2.18e-07	9.60e-04	1.14e-01	4.50e-01	3.79e-01	5.34e-02	1.69e-03	1.70e-04	8.25e-06	0.00e+00	0.00e+00
 7.26961e+22	2.60e-07	1.09e-03	1.24e-01	4.59e-01	3.66e-01	4.90e-02	1.49e-03	1.47e-04	6.83e-06	0.00e+00	0.00e+00
 7.30398e+22	3.24e-07	1.27e-03	1.36e-01	4.69e-01	3.49e-01	4.38e-02	1.27e-03	1.23e-04	5.37e-06	0.00e+00	0.00e+00
 7.33878e+22	3.88e-07	1.45e-03	1.47e-01	4.76e-01	3.34e-01	3.97e-02	1.10e-03	1.05e-04	4.38e-06	0.00e+00	0.00e+00
 7.36925e+22	4.62e-07	1.63e-03	1.58e-01	4.83e-01	3.20e-01	3.61e-02	9.66e-04	9.03e-05	3.59e-06	0.00e+00	0.00e+00
 7.40400e+22	5.76e-07	1.91e-03	1.73e-01	4.90e-01	3.02e-01	3.19e-02	8.12e-04	7.41e-05	2.78e-06	0.00e+00	0.00e+00
 7.43903e+22	6.81e-07	2.15e-03	1.85e-01	4.94e-01	2.88e-01	2.89e-02	7.09e-04	6.34e-05	2.27e-06	0.00e+00	0.00e+00
 7.47443e+22	8.43e-07	2.49e-03	2.02e-01	4.99e-01	2.71e-01	2.53e-02	5.94e-04	5.18e-05	1.75e-06	0.00e+00	0.00e+00
 7.51036e+22	1.01e-06	2.82e-03	2.17e-01	5.01e-01	2.56e-01	2.26e-02	5.10e-04	4.35e-05	1.40e-06	0.00e+00	0.00e+00
 7.54199e+22	1.19e-06	3.16e-03	2.31e-01	5.03e-01	2.42e-01	2.03e-02	4.41e-04	3.68e-05	1.13e-06	0.00e+00	0.00e+00
 7.57807e+22	1.46e-06	3.65e-03	2.50e-01	5.03e-01	2.25e-01	1.76e-02	3.66e-04	2.97e-05	8.62e-07	0.00e+00	0.00e+00
 7.61493e+22	1.74e-06	4.11e-03	2.67e-01	5.02e-01	2.11e-01	1.56e-02	3.12e-04	2.47e-05	6.82e-07	0.00e+00	0.00e+00
 7.64783e+22	2.05e-06	4.60e-03	2.84e-01	5.00e-01	1.97e-01	1.38e-02	2.67e-04	2.06e-05	5.43e-07	0.00e+00	0.00e+00
 7.68564e+22	2.53e-06	5.30e-03	3.07e-01	4.96e-01	1.81e-01	1.18e-02	2.18e-04	1.63e-05	4.03e-07	0.00e+00	0.00e+00
 7.72401e+22	3.01e-06	5.95e-03	3.26e-01	4.91e-01	1.67e-01	1.03e-02	1.83e-04	1.33e-05	3.14e-07	0.00e+00	0.00e+00
 7.76312e+22	3.69e-06	6.82e-03	3.50e-01	4.83e-01	1.52e-01	8.70e-03	1.49e-04	1.04e-05	2.31e-07	0.00e+00	0.00e+00
 7.80324e+22	4.42e-06	7.69e-03	3.71e-01	4.75e-01	1.39e-01	7.47e-03	1.23e-04	8.31e-06	1.76e-07	0.00e+00	0.00e+00
 7.83869e+22	5.20e-06	8.57e-03	3.92e-01	4.66e-01	1.27e-01	6.46e-03	1.03e-04	6.73e-06	1.35e-07	0.00e+00	0.00e+00
 7.87880e+22	6.37e-06	9.79e-03	4.18e-01	4.53e-01	1.14e-01	5.36e-03	8.17e-05	5.13e-06	0.00e+00	0.00e+00	0.00e+00
 7.92021e+22	7.57e-06	1.10e-02	4.40e-01	4.41e-01	1.03e-01	4.54e-03	6.69e-05	4.05e-06	0.00e+00	0.00e+00	0.00e+00
 7.96333e+22	9.35e-06	1.26e-02	4.69e-01	4.25e-01	9.02e-02	3.68e-03	5.20e-05	3.00e-06	0.00e+00	0.00e+00	0.00e+00
 8.00081e+22	1.06e-05	1.36e-02	4.86e-01	4.14e-01	8.31e-02	3.23e-03	4.44e-05	2.48e-06	0.00e+00	0.00e+00	0.00e+00
 8.02690e+22	1.18e-05	1.46e-02	5.00e-01	4.05e-01	7.73e-02	2.89e-03	3.88e-05	2.12e-06	0.00e+00	0.00e+00	0.00e+00
 8.05675e+22	1.36e-05	1.59e-02	5.20e-01	3.92e-01	7.02e-02	2.48e-03	3.25e-05	1.71e-06	0.00e+00	0.00e+00	0.00e+00
 8.08786e+22	1.53e-05	1.72e-02	5.36e-01	3.80e-01	6.43e-02	2.17e-03	2.77e-05	1.41e-06	0.00e+00	0.00e+00	0.00e+00
 8.12060e+22	1.77e-05	1.88e-02	5.56e-01	3.65e-01	5.76e-02	1.83e-03	2.28e-05	1.11e-06	0.00e+00	0.00e+00	0.00e+00
 8.15384e+22	2.01e-05	2.03e-02	5.73e-01	3.53e-01	5.23e-02	1.58e-03	1.92e-05	9.03e-07	0.00e+00	0.00e+00	0.00e+00
 8.18282e+22	2.27e-05	2.19e-02	5.89e-01	3.40e-01	4.76e-02	1.37e-03	1.62e-05	7.39e-07	0.00e+00	0.00e+00	0.00e+00
 8.21557e+22	2.63e-05	2.39e-02	6.09e-01	3.24e-01	4.21e-02	1.15e-03	1.32e-05	5.72e-07	0.00e+00	0.00e+00	0.00e+00
 8.24893e+22	2.95e-05	2.57e-02	6.24e-01	3.11e-01	3.81e-02	9.88e-04	1.11e-05	4.65e-07	0.00e+00	0.00e+00	0.00e+00
 8.28307e+22	3.40e-05	2.79e-02	6.42e-01	2.95e-01	3.35e-02	8.19e-04	8.94e-06	3.57e-07	0.00e+00	0.00e+00	0.00e+00
 8.31821e+22	3.86e-05	3.01e-02	6.58e-01	2.81e-01	2.98e-02	6.93e-04	7.38e-06	2.83e-07	0.00e+00	0.00e+00	0.00e+00
 8.34973e+22	4.35e-05	3.23e-02	6.72e-01	2.68e-01	2.66e-02	5.89e-04	6.12e-06	2.25e-07	0.00e+00	0.00e+00	0.00e+00
 8.38577e+22	5.06e-05	3.53e-02	6.90e-01	2.51e-01	2.30e-02	4.76e-04	4.80e-06	1.67e-07	0.00e+00	0.00e+00	0.00e+00
 8.42237e+22	5.70e-05	3.78e-02	7.04e-01	2.38e-01	2.03e-02	4.01e-04	3.95e-06	1.32e-07	0.00e+00	0.00e+00	0.00e+00
 8.45969e+22	6.60e-05	4.11e-02	7.19e-01	2.22e-01	1.74e-02	3.23e-04	3.09e-06	0.00e+00	0.00e+00	0.00e+00	0.00e+00
 8.49839e+22	7.51e-05	4.43e-02	7.32e-01	2.08e-01	1.52e-02	2.66e-04	2.47e-06	0.00e+00	0.00e+00	0.00e+00	0.00e+00
 8.53355e+22	8.52e-05	4.75e-02	7.44e-01	1.95e-01	1.32e-02	2.20e-04	1.99e-06	0.00e+00	0.00e+00	0.00e+00	0.00e+00
 8.57391e+22	1.00e-04	5.20e-02	7.58e-01	1.78e-01	1.10e-02	1.71e-04	1.50e-06	0.00e+00	0.00e+00	0.00e+00	0.00e+00
 8.61444e+22	1.13e-04	5.56e-02	7.68e-01	1.66e-01	9.52e-03	1.41e-04	1.20e-06	0.00e+00	0.00e+00	0.00e+00	0.00e+00
 8.65521e+22	1.31e-04	6.04e-02	7.79e-01	1.52e-01	7.92e-03	1.10e-04	9.03e-07	0.00e+00	0.00e+00	0.00e+00	0.00e+00
 8.69737e+22	1.50e-04	6.49e-02	7.88e-01	1.40e-01	6.73e-03	8.84e-05	7.04e-07	0.00e+00	0.00e+00	0.00e+00	0.00e+00
 8.74132e+22	1.77e-04	7.10e-02	7.97e-01	1.26e-01	5.44e-03	6.67e-05	5.10e-07	0.00e+00	0.00e+00	0.00e+00	0.00e+00
 8.78512e+22	2.01e-04	7.59e-02	8.03e-01	1.16e-01	4.62e-03	5.39e-05	3.99e-07	0.00e+00	0.00e+00	0.00e+00	0.00e+00
 8.82873e+22	2.35e-04	8.25e-02	8.10e-01	1.04e-01	3.74e-03	4.09e-05	2.91e-07	0.00e+00	0.00e+00	0.00e+00	0.00e+00
 8.87375e+22	2.69e-04	8.85e-02	8.14e-01	9.44e-02	3.12e-03	3.23e-05	2.22e-07	0.00e+00	0.00e+00	0.00e+00	0.00e+00
 8.92060e+22	3.19e-04	9.66e-02	8.17e-01	8.33e-02	2.46e-03	2.39e-05	1.56e-07	0.00e+00	0.00e+00	0.00e+00	0.00e+00
 8.96822e+22	3.65e-04	1.04e-01	8.19e-01	7.51e-02	2.03e-03	1.87e-05	0.00e+00	0.00e+00	0.00e+00	0.00e+00	0.00e+00
 9.01687e+22	4.36e-04	1.13e-01	8.19e-01	6.54e-02	1.58e-03	1.36e-05	0.00e+00	0.00e+00	0.00e+00	0.00e+00	0.00e+00
 9.06676e+22	5.02e-04	1.22e-01	8.18e-01	5.84e-02	1.28e-03	1.05e-05	0.00e+00	0.00e+00	0.00e+00	0.00e+00	0.00e+00
 9.11827e+22	6.07e-04	1.33e-01	8.15e-01	4.99e-02	9.71e-04	7.42e-06	0.00e+00	0.00e+00	0.00e+00	0.00e+00	0.00e+00
 9.17129e+22	7.04e-04	1.43e-01	8.11e-01	4.39e-02	7.78e-04	5.64e-06	0.00e+00	0.00e+00	0.00e+00	0.00e+00	0.00e+00
 9.22611e+22	8.60e-04	1.58e-01	8.04e-01	3.68e-02	5.74e-04	3.88e-06	0.00e+00	0.00e+00	0.00e+00	0.00e+00	0.00e+00
