#depth	He	He+	He+2
 4.62852e+21	2.95e-13	6.23e-07	1.00e+00
 1.05643e+22	5.87e-13	8.77e-07	1.00e+00
 1.27641e+22	9.35e-13	1.10e-06	1.00e+00
 1.43707e+22	1.36e-12	1.33e-06	1.00e+00
 1.52632e+22	1.49e-12	1.39e-06	1.00e+00
 1.55601e+22	1.59e-12	1.43e-06	1.00e+00
 1.57924e+22	1.68e-12	1.47e-06	1.00e+00
 1.60545e+22	1.82e-12	1.53e-06	1.00e+00
 1.63194e+22	1.93e-12	1.58e-06	1.00e+00
 1.65517e+22	2.06e-12	1.63e-06	1.00e+00
 1.68175e+22	2.22e-12	1.69e-06	1.00e+00
 1.70982e+22	2.38e-12	1.75e-06	1.00e+00
 1.73353e+22	2.53e-12	1.80e-06	1.00e+00
 1.75801e+22	2.72e-12	1.86e-06	1.00e+00
 1.78391e+22	2.90e-12	1.92e-06	1.00e+00
 1.80732e+22	3.06e-12	1.98e-06	1.00e+00
 1.83340e+22	3.31e-12	2.06e-06	1.00e+00
 1.85999e+22	3.54e-12	2.13e-06	1.00e+00
 1.88267e+22	3.77e-12	2.19e-06	1.00e+00
 1.90421e+22	4.00e-12	2.26e-06	1.00e+00
 1.92886e+22	4.32e-12	2.34e-06	1.00e+00
 1.95423e+22	4.61e-12	2.42e-06	1.00e+00
 1.98055e+22	5.00e-12	2.52e-06	1.00e+00
 2.00746e+22	5.39e-12	2.61e-06	1.00e+00
 2.02939e+22	5.74e-12	2.69e-06	1.00e+00
 2.04912e+22	6.06e-12	2.76e-06	1.00e+00
 2.07172e+22	6.53e-12	2.86e-06	1.00e+00
 2.09555e+22	7.00e-12	2.96e-06	1.00e+00
 2.11731e+22	7.47e-12	3.05e-06	1.00e+00
 2.14192e+22	8.13e-12	3.18e-06	1.00e+00
 2.16594e+22	8.70e-12	3.28e-06	1.00e+00
 2.18557e+22	9.27e-12	3.38e-06	1.00e+00
 2.20747e+22	1.00e-11	3.51e-06	1.00e+00
 2.23029e+22	1.07e-11	3.62e-06	1.00e+00
 2.25114e+22	1.15e-11	3.75e-06	1.00e+00
 2.27180e+22	1.23e-11	3.87e-06	1.00e+00
 2.29162e+22	1.31e-11	3.99e-06	1.00e+00
 2.31362e+22	1.43e-11	4.16e-06	1.00e+00
 2.33548e+22	1.52e-11	4.29e-06	1.00e+00
 2.35714e+22	1.65e-11	4.47e-06	1.00e+00
 2.37899e+22	1.77e-11	4.61e-06	1.00e+00
 2.40108e+22	1.92e-11	4.80e-06	1.00e+00
 2.42301e+22	2.07e-11	4.97e-06	1.00e+00
 2.44114e+22	2.19e-11	5.12e-06	1.00e+00
 2.46113e+22	2.38e-11	5.32e-06	1.00e+00
 2.48217e+22	2.55e-11	5.50e-06	1.00e+00
 2.50111e+22	2.73e-11	5.68e-06	1.00e+00
 2.52224e+22	2.97e-11	5.92e-06	1.00e+00
 2.54370e+22	3.19e-11	6.13e-06	1.00e+00
 2.56236e+22	3.43e-11	6.35e-06	1.00e+00
 2.58043e+22	3.66e-11	6.56e-06	1.00e+00
 2.60096e+22	3.98e-11	6.82e-06	1.00e+00
 2.62226e+22	4.29e-11	7.08e-06	1.00e+00
 2.64137e+22	4.61e-11	7.33e-06	1.00e+00
 2.66303e+22	5.05e-11	7.66e-06	1.00e+00
 2.68452e+22	5.44e-11	7.95e-06	1.00e+00
 2.70210e+22	5.81e-11	8.21e-06	1.00e+00
 2.72125e+22	6.32e-11	8.56e-06	1.00e+00
 2.74102e+22	6.80e-11	8.87e-06	1.00e+00
 2.75726e+22	7.22e-11	9.14e-06	1.00e+00
 2.77406e+22	7.79e-11	9.49e-06	1.00e+00
 2.79013e+22	8.24e-11	9.76e-06	1.00e+00
 2.80307e+22	8.72e-11	1.00e-05	1.00e+00
 2.81574e+22	9.19e-11	1.03e-05	1.00e+00
 2.82813e+22	9.66e-11	1.06e-05	1.00e+00
 2.84213e+22	1.03e-10	1.09e-05	1.00e+00
 2.85610e+22	1.09e-10	1.12e-05	1.00e+00
 2.86760e+22	1.15e-10	1.15e-05	1.00e+00
 2.87830e+22	1.20e-10	1.18e-05	1.00e+00
 2.89039e+22	1.27e-10	1.21e-05	1.00e+00
 2.90302e+22	1.34e-10	1.25e-05	1.00e+00
 2.91444e+22	1.41e-10	1.28e-05	1.00e+00
 2.92733e+22	1.51e-10	1.33e-05	1.00e+00
 2.94001e+22	1.59e-10	1.36e-05	1.00e+00
 2.95038e+22	1.67e-10	1.40e-05	1.00e+00
 2.96012e+22	1.75e-10	1.43e-05	1.00e+00
 2.97107e+22	1.86e-10	1.48e-05	1.00e+00
 2.98234e+22	1.96e-10	1.52e-05	1.00e+00
 2.99217e+22	2.05e-10	1.55e-05	1.00e+00
 3.00310e+22	2.19e-10	1.61e-05	1.00e+00
 3.01405e+22	2.31e-10	1.65e-05	1.00e+00
 3.02502e+22	2.47e-10	1.71e-05	1.00e+00
 3.03617e+22	2.61e-10	1.77e-05	1.00e+00
 3.04574e+22	2.74e-10	1.81e-05	1.00e+00
 3.05639e+22	2.94e-10	1.89e-05	1.00e+00
 3.06683e+22	3.09e-10	1.94e-05	1.00e+00
 3.07700e+22	3.32e-10	2.01e-05	1.00e+00
 3.08699e+22	3.47e-10	2.06e-05	1.00e+00
 3.09674e+22	3.73e-10	2.15e-05	1.00e+00
 3.10645e+22	3.92e-10	2.21e-05	1.00e+00
 3.11610e+22	4.21e-10	2.30e-05	1.00e+00
 3.12583e+22	4.43e-10	2.37e-05	1.00e+00
 3.13567e+22	4.78e-10	2.47e-05	1.00e+00
 3.14560e+22	5.04e-10	2.55e-05	1.00e+00
 3.15564e+22	5.43e-10	2.66e-05	1.00e+00
 3.16559e+22	5.74e-10	2.75e-05	1.00e+00
 3.17541e+22	6.18e-10	2.88e-05	1.00e+00
 3.18544e+22	6.56e-10	2.98e-05	1.00e+00
 3.19573e+22	7.09e-10	3.12e-05	1.00e+00
 3.20608e+22	7.53e-10	3.24e-05	1.00e+00
 3.21650e+22	8.14e-10	3.40e-05	1.00e+00
 3.22698e+22	8.64e-10	3.53e-05	1.00e+00
 3.23605e+22	9.17e-10	3.66e-05	1.00e+00
 3.24635e+22	9.88e-10	3.84e-05	1.00e+00
 3.25667e+22	1.05e-09	3.98e-05	1.00e+00
 3.26699e+22	1.13e-09	4.17e-05	1.00e+00
 3.27747e+22	1.19e-09	4.33e-05	1.00e+00
 3.28817e+22	1.28e-09	4.55e-05	1.00e+00
 3.29898e+22	1.35e-09	4.71e-05	1.00e+00
 3.30993e+22	1.45e-09	4.95e-05	1.00e+00
 3.32117e+22	1.53e-09	5.13e-05	1.00e+00
 3.33279e+22	1.65e-09	5.39e-05	1.00e+00
 3.34463e+22	1.74e-09	5.60e-05	1.00e+00
 3.35677e+22	1.86e-09	5.88e-05	1.00e+00
 3.36898e+22	1.96e-09	6.09e-05	1.00e+00
 3.38132e+22	2.10e-09	6.39e-05	1.00e+00
 3.39396e+22	2.21e-09	6.63e-05	1.00e+00
 3.40494e+22	2.32e-09	6.86e-05	1.00e+00
 3.41717e+22	2.46e-09	7.18e-05	1.00e+00
 3.42941e+22	2.57e-09	7.42e-05	1.00e+00
 3.44169e+22	2.73e-09	7.74e-05	1.00e+00
 3.45427e+22	2.85e-09	8.01e-05	1.00e+00
 3.46540e+22	2.98e-09	8.27e-05	1.00e+00
 3.47806e+22	3.15e-09	8.64e-05	1.00e+00
 3.49065e+22	3.28e-09	8.90e-05	1.00e+00
 3.50315e+22	3.46e-09	9.28e-05	1.00e+00
 3.51589e+22	3.60e-09	9.56e-05	1.00e+00
 3.52895e+22	3.79e-09	9.97e-05	1.00e+00
 3.54225e+22	3.95e-09	1.03e-04	1.00e+00
 3.55588e+22	4.15e-09	1.07e-04	1.00e+00
 3.56975e+22	4.32e-09	1.11e-04	1.00e+00
 3.58395e+22	4.56e-09	1.15e-04	1.00e+00
 3.59782e+22	4.72e-09	1.19e-04	1.00e+00
 3.61128e+22	4.96e-09	1.24e-04	1.00e+00
 3.62494e+22	5.14e-09	1.27e-04	1.00e+00
 3.63886e+22	5.39e-09	1.32e-04	1.00e+00
 3.65321e+22	5.60e-09	1.36e-04	1.00e+00
 3.66811e+22	5.88e-09	1.41e-04	1.00e+00
 3.68349e+22	6.13e-09	1.46e-04	1.00e+00
 3.69950e+22	6.44e-09	1.52e-04	1.00e+00
 3.71592e+22	6.72e-09	1.57e-04	1.00e+00
 3.73289e+22	7.08e-09	1.64e-04	1.00e+00
 3.75039e+22	7.40e-09	1.70e-04	1.00e+00
 3.76860e+22	7.81e-09	1.77e-04	1.00e+00
 3.78740e+22	8.18e-09	1.84e-04	1.00e+00
 3.80441e+22	8.56e-09	1.91e-04	1.00e+00
 3.82395e+22	9.06e-09	1.99e-04	1.00e+00
 3.84386e+22	9.49e-09	2.07e-04	1.00e+00
 3.86427e+22	1.01e-08	2.17e-04	1.00e+00
 3.88495e+22	1.05e-08	2.25e-04	1.00e+00
 3.90598e+22	1.12e-08	2.37e-04	1.00e+00
 3.92724e+22	1.17e-08	2.46e-04	1.00e+00
 3.94878e+22	1.24e-08	2.59e-04	1.00e+00
 3.97044e+22	1.30e-08	2.69e-04	1.00e+00
 3.98842e+22	1.35e-08	2.79e-04	1.00e+00
 4.00800e+22	1.42e-08	2.93e-04	1.00e+00
 4.02751e+22	1.48e-08	3.04e-04	1.00e+00
 4.04693e+22	1.55e-08	3.19e-04	1.00e+00
 4.06659e+22	1.61e-08	3.32e-04	1.00e+00
 4.08655e+22	1.68e-08	3.49e-04	1.00e+00
 4.10674e+22	1.74e-08	3.63e-04	1.00e+00
 4.12725e+22	1.82e-08	3.83e-04	1.00e+00
 4.14814e+22	1.88e-08	4.00e-04	1.00e+00
 4.16955e+22	1.95e-08	4.24e-04	1.00e+00
 4.19134e+22	2.01e-08	4.43e-04	1.00e+00
 4.21365e+22	2.08e-08	4.71e-04	1.00e+00
 4.23621e+22	2.13e-08	4.94e-04	1.00e+00
 4.25529e+22	2.17e-08	5.17e-04	9.99e-01
 4.27616e+22	2.22e-08	5.48e-04	9.99e-01
 4.29710e+22	2.26e-08	5.73e-04	9.99e-01
 4.31756e+22	2.29e-08	6.06e-04	9.99e-01
 4.33841e+22	2.32e-08	6.36e-04	9.99e-01
 4.35899e+22	2.34e-08	6.73e-04	9.99e-01
 4.37997e+22	2.35e-08	7.07e-04	9.99e-01
 4.40047e+22	2.37e-08	7.46e-04	9.99e-01
 4.42121e+22	2.38e-08	7.85e-04	9.99e-01
 4.44168e+22	2.38e-08	8.27e-04	9.99e-01
 4.46209e+22	2.39e-08	8.70e-04	9.99e-01
 4.48253e+22	2.40e-08	9.16e-04	9.99e-01
 4.50305e+22	2.42e-08	9.64e-04	9.99e-01
 4.52363e+22	2.43e-08	1.02e-03	9.99e-01
 4.54438e+22	2.46e-08	1.07e-03	9.99e-01
 4.56532e+22	2.50e-08	1.13e-03	9.99e-01
 4.58639e+22	2.54e-08	1.18e-03	9.99e-01
 4.60778e+22	2.61e-08	1.25e-03	9.99e-01
 4.62937e+22	2.68e-08	1.31e-03	9.99e-01
 4.65141e+22	2.79e-08	1.39e-03	9.99e-01
 4.67382e+22	2.91e-08	1.46e-03	9.99e-01
 4.69431e+22	3.03e-08	1.52e-03	9.98e-01
 4.71574e+22	3.20e-08	1.61e-03	9.98e-01
 4.73748e+22	3.37e-08	1.68e-03	9.98e-01
 4.75984e+22	3.62e-08	1.78e-03	9.98e-01
 4.78230e+22	3.84e-08	1.86e-03	9.98e-01
 4.80488e+22	4.16e-08	1.97e-03	9.98e-01
 4.82753e+22	4.44e-08	2.06e-03	9.98e-01
 4.85026e+22	4.85e-08	2.18e-03	9.98e-01
 4.87322e+22	5.20e-08	2.27e-03	9.98e-01
 4.89649e+22	5.73e-08	2.41e-03	9.98e-01
 4.92005e+22	6.18e-08	2.51e-03	9.97e-01
 4.94398e+22	6.84e-08	2.66e-03	9.97e-01
 4.96835e+22	7.42e-08	2.78e-03	9.97e-01
 4.99328e+22	8.27e-08	2.95e-03	9.97e-01
 5.01876e+22	9.02e-08	3.09e-03	9.97e-01
 5.04496e+22	1.01e-07	3.28e-03	9.97e-01
 5.07170e+22	1.11e-07	3.44e-03	9.97e-01
 5.09427e+22	1.20e-07	3.59e-03	9.96e-01
 5.11872e+22	1.34e-07	3.80e-03	9.96e-01
 5.14248e+22	1.44e-07	3.95e-03	9.96e-01
 5.16536e+22	1.59e-07	4.16e-03	9.96e-01
 5.18847e+22	1.72e-07	4.32e-03	9.96e-01
 5.21186e+22	1.90e-07	4.55e-03	9.95e-01
 5.23558e+22	2.06e-07	4.73e-03	9.95e-01
 5.25974e+22	2.28e-07	4.99e-03	9.95e-01
 5.28424e+22	2.47e-07	5.19e-03	9.95e-01
 5.30921e+22	2.75e-07	5.48e-03	9.95e-01
 5.33457e+22	2.99e-07	5.71e-03	9.94e-01
 5.36045e+22	3.33e-07	6.04e-03	9.94e-01
 5.38693e+22	3.63e-07	6.30e-03	9.94e-01
 5.41417e+22	4.07e-07	6.67e-03	9.93e-01
 5.44207e+22	4.45e-07	6.98e-03	9.93e-01
 5.47083e+22	5.01e-07	7.41e-03	9.93e-01
 5.49996e+22	5.49e-07	7.76e-03	9.92e-01
 5.52957e+22	6.20e-07	8.24e-03	9.92e-01
 5.55953e+22	6.79e-07	8.63e-03	9.91e-01
 5.58993e+22	7.69e-07	9.18e-03	9.91e-01
 5.62079e+22	8.45e-07	9.62e-03	9.90e-01
 5.64795e+22	9.30e-07	1.01e-02	9.90e-01
 5.67899e+22	1.05e-06	1.07e-02	9.89e-01
 5.71058e+22	1.16e-06	1.13e-02	9.89e-01
 5.73621e+22	1.26e-06	1.18e-02	9.88e-01
 5.76285e+22	1.39e-06	1.24e-02	9.88e-01
 5.79082e+22	1.52e-06	1.29e-02	9.87e-01
 5.81647e+22	1.66e-06	1.35e-02	9.87e-01
 5.84577e+22	1.85e-06	1.42e-02	9.86e-01
 5.87580e+22	2.04e-06	1.49e-02	9.85e-01
 5.90228e+22	2.23e-06	1.56e-02	9.84e-01
 5.93221e+22	2.49e-06	1.65e-02	9.83e-01
 5.96336e+22	2.75e-06	1.73e-02	9.83e-01
 5.99138e+22	3.02e-06	1.82e-02	9.82e-01
 6.02308e+22	3.39e-06	1.92e-02	9.81e-01
 6.05580e+22	3.76e-06	2.03e-02	9.80e-01
 6.08496e+22	4.14e-06	2.12e-02	9.79e-01
 6.11799e+22	4.67e-06	2.26e-02	9.77e-01
 6.15226e+22	5.20e-06	2.38e-02	9.76e-01
 6.18306e+22	5.75e-06	2.50e-02	9.75e-01
 6.21802e+22	6.55e-06	2.67e-02	9.73e-01
 6.25397e+22	7.30e-06	2.81e-02	9.72e-01
 6.28630e+22	8.12e-06	2.97e-02	9.70e-01
 6.32344e+22	9.31e-06	3.17e-02	9.68e-01
 6.36099e+22	1.04e-05	3.36e-02	9.66e-01
 6.39907e+22	1.20e-05	3.59e-02	9.64e-01
 6.43761e+22	1.34e-05	3.80e-02	9.62e-01
 6.47675e+22	1.55e-05	4.08e-02	9.59e-01
 6.51625e+22	1.74e-05	4.31e-02	9.57e-01
 6.55624e+22	2.02e-05	4.64e-02	9.54e-01
 6.59663e+22	2.26e-05	4.91e-02	9.51e-01
 6.63756e+22	2.63e-05	5.28e-02	9.47e-01
 6.67902e+22	2.96e-05	5.60e-02	9.44e-01
 6.72119e+22	3.45e-05	6.03e-02	9.40e-01
 6.76264e+22	3.87e-05	6.37e-02	9.36e-01
 6.79736e+22	4.31e-05	6.71e-02	9.33e-01
 6.83081e+22	4.79e-05	7.07e-02	9.29e-01
 6.86845e+22	5.48e-05	7.53e-02	9.25e-01
 6.90598e+22	6.09e-05	7.93e-02	9.21e-01
 6.94339e+22	6.94e-05	8.44e-02	9.15e-01
 6.98150e+22	7.74e-05	8.89e-02	9.11e-01
 7.02050e+22	8.86e-05	9.49e-02	9.05e-01
 7.05989e+22	9.88e-05	9.99e-02	9.00e-01
 7.09978e+22	1.14e-04	1.07e-01	8.93e-01
 7.13961e+22	1.27e-04	1.12e-01	8.88e-01
 7.17155e+22	1.39e-04	1.17e-01	8.83e-01
 7.20528e+22	1.55e-04	1.24e-01	8.76e-01
 7.23950e+22	1.70e-04	1.29e-01	8.71e-01
 7.26961e+22	1.87e-04	1.35e-01	8.65e-01
 7.30398e+22	2.09e-04	1.42e-01	8.58e-01
 7.33878e+22	2.29e-04	1.48e-01	8.52e-01
 7.36925e+22	2.51e-04	1.54e-01	8.45e-01
 7.40400e+22	2.82e-04	1.63e-01	8.37e-01
 7.43903e+22	3.08e-04	1.69e-01	8.30e-01
 7.47443e+22	3.44e-04	1.78e-01	8.21e-01
 7.51036e+22	3.79e-04	1.86e-01	8.14e-01
 7.54199e+22	4.14e-04	1.94e-01	8.06e-01
 7.57807e+22	4.63e-04	2.03e-01	7.96e-01
 7.61493e+22	5.09e-04	2.12e-01	7.87e-01
 7.64783e+22	5.57e-04	2.21e-01	7.79e-01
 7.68564e+22	6.26e-04	2.32e-01	7.67e-01
 7.72401e+22	6.88e-04	2.42e-01	7.57e-01
 7.76312e+22	7.71e-04	2.54e-01	7.45e-01
 7.80324e+22	8.54e-04	2.65e-01	7.34e-01
 7.83869e+22	9.37e-04	2.76e-01	7.23e-01
 7.87880e+22	1.05e-03	2.90e-01	7.09e-01
 7.92021e+22	1.16e-03	3.02e-01	6.97e-01
 7.96333e+22	1.31e-03	3.17e-01	6.81e-01
 8.00081e+22	1.41e-03	3.27e-01	6.71e-01
 8.02690e+22	1.51e-03	3.35e-01	6.63e-01
 8.05675e+22	1.63e-03	3.46e-01	6.52e-01
 8.08786e+22	1.76e-03	3.56e-01	6.42e-01
 8.12060e+22	1.91e-03	3.68e-01	6.30e-01
 8.15384e+22	2.06e-03	3.79e-01	6.19e-01
 8.18282e+22	2.22e-03	3.90e-01	6.08e-01
 8.21557e+22	2.42e-03	4.03e-01	5.95e-01
 8.24893e+22	2.60e-03	4.14e-01	5.84e-01
 8.28307e+22	2.84e-03	4.27e-01	5.70e-01
 8.31821e+22	3.06e-03	4.39e-01	5.58e-01
 8.34973e+22	3.30e-03	4.51e-01	5.46e-01
 8.38577e+22	3.62e-03	4.66e-01	5.31e-01
 8.42237e+22	3.90e-03	4.78e-01	5.19e-01
 8.45969e+22	4.27e-03	4.93e-01	5.03e-01
 8.49839e+22	4.63e-03	5.06e-01	4.89e-01
 8.53355e+22	5.01e-03	5.19e-01	4.76e-01
 8.57391e+22	5.54e-03	5.36e-01	4.58e-01
 8.61444e+22	5.97e-03	5.49e-01	4.45e-01
 8.65521e+22	6.56e-03	5.65e-01	4.28e-01
 8.69737e+22	7.13e-03	5.79e-01	4.14e-01
 8.74132e+22	7.93e-03	5.97e-01	3.95e-01
 8.78512e+22	8.56e-03	6.11e-01	3.81e-01
 8.82873e+22	9.45e-03	6.28e-01	3.63e-01
 8.87375e+22	1.03e-02	6.42e-01	3.48e-01
 8.92060e+22	1.14e-02	6.60e-01	3.29e-01
 8.96822e+22	1.24e-02	6.74e-01	3.14e-01
 9.01687e+22	1.39e-02	6.92e-01	2.95e-01
 9.06676e+22	1.51e-02	7.06e-01	2.79e-01
 9.11827e+22	1.70e-02	7.24e-01	2.59e-01
 9.17129e+22	1.86e-02	7.37e-01	2.44e-01
 9.22611e+22	2.10e-02	7.55e-01	2.24e-01
