#depth	He	He+	He+2
 4.62852e+21	7.96e-06	2.95e-02	9.70e-01
 1.03952e+22	1.72e-05	4.31e-02	9.57e-01
 1.21025e+22	2.51e-05	5.18e-02	9.48e-01
 1.30381e+22	3.20e-05	5.83e-02	9.42e-01
 1.35750e+22	3.58e-05	6.15e-02	9.38e-01
 1.39671e+22	4.14e-05	6.60e-02	9.34e-01
 1.43458e+22	4.59e-05	6.93e-02	9.31e-01
 1.47074e+22	5.23e-05	7.38e-02	9.26e-01
 1.50744e+22	5.82e-05	7.77e-02	9.22e-01
 1.53989e+22	6.46e-05	8.17e-02	9.18e-01
 1.57710e+22	7.38e-05	8.71e-02	9.13e-01
 1.61488e+22	8.24e-05	9.17e-02	9.08e-01
 1.65340e+22	9.44e-05	9.79e-02	9.02e-01
 1.69225e+22	1.05e-04	1.03e-01	8.97e-01
 1.73154e+22	1.21e-04	1.10e-01	8.90e-01
 1.77086e+22	1.35e-04	1.16e-01	8.84e-01
 1.80245e+22	1.48e-04	1.21e-01	8.79e-01
 1.83574e+22	1.66e-04	1.27e-01	8.72e-01
 1.86950e+22	1.82e-04	1.33e-01	8.67e-01
 1.89920e+22	1.99e-04	1.39e-01	8.61e-01
 1.93313e+22	2.23e-04	1.46e-01	8.54e-01
 1.96747e+22	2.45e-04	1.53e-01	8.47e-01
 1.99757e+22	2.68e-04	1.59e-01	8.41e-01
 2.03191e+22	3.01e-04	1.68e-01	8.32e-01
 2.06653e+22	3.29e-04	1.74e-01	8.25e-01
 2.10150e+22	3.68e-04	1.84e-01	8.16e-01
 2.13703e+22	4.04e-04	1.92e-01	8.08e-01
 2.16834e+22	4.42e-04	1.99e-01	8.00e-01
 2.20409e+22	4.95e-04	2.10e-01	7.90e-01
 2.24061e+22	5.44e-04	2.18e-01	7.81e-01
 2.27813e+22	6.09e-04	2.30e-01	7.70e-01
 2.31639e+22	6.74e-04	2.40e-01	7.59e-01
 2.34977e+22	7.38e-04	2.49e-01	7.50e-01
 2.38733e+22	8.26e-04	2.62e-01	7.37e-01
 2.42626e+22	9.10e-04	2.73e-01	7.26e-01
 2.46699e+22	1.03e-03	2.87e-01	7.12e-01
 2.50783e+22	1.13e-03	2.99e-01	7.00e-01
 2.54883e+22	1.27e-03	3.14e-01	6.85e-01
 2.59093e+22	1.41e-03	3.27e-01	6.72e-01
 2.62297e+22	1.51e-03	3.36e-01	6.63e-01
 2.63954e+22	1.53e-03	3.38e-01	6.61e-01
 2.64623e+22	1.56e-03	3.40e-01	6.58e-01
 2.65360e+22	1.59e-03	3.43e-01	6.55e-01
 2.66319e+22	1.63e-03	3.46e-01	6.52e-01
 2.67565e+22	1.69e-03	3.51e-01	6.47e-01
 2.69185e+22	1.77e-03	3.58e-01	6.41e-01
 2.71292e+22	1.88e-03	3.66e-01	6.32e-01
 2.74030e+22	2.03e-03	3.77e-01	6.21e-01
 2.77043e+22	2.18e-03	3.88e-01	6.10e-01
 2.79958e+22	2.35e-03	3.98e-01	5.99e-01
 2.83292e+22	2.56e-03	4.12e-01	5.86e-01
 2.86693e+22	2.76e-03	4.23e-01	5.74e-01
 2.89716e+22	2.98e-03	4.35e-01	5.62e-01
 2.93179e+22	3.26e-03	4.49e-01	5.47e-01
 2.96698e+22	3.51e-03	4.61e-01	5.35e-01
 3.00292e+22	3.86e-03	4.76e-01	5.20e-01
 3.03960e+22	4.16e-03	4.89e-01	5.07e-01
 3.07726e+22	4.57e-03	5.05e-01	4.91e-01
 3.11590e+22	4.94e-03	5.18e-01	4.77e-01
 3.15582e+22	5.46e-03	5.34e-01	4.60e-01
 3.19618e+22	5.90e-03	5.48e-01	4.46e-01
 3.23714e+22	6.52e-03	5.65e-01	4.29e-01
 3.27874e+22	7.05e-03	5.79e-01	4.14e-01
 3.32115e+22	7.77e-03	5.95e-01	3.97e-01
 3.36473e+22	8.45e-03	6.10e-01	3.82e-01
 3.40981e+22	9.40e-03	6.28e-01	3.62e-01
 3.45492e+22	1.02e-02	6.42e-01	3.48e-01
 3.48734e+22	1.07e-02	6.51e-01	3.39e-01
 3.51242e+22	1.13e-02	6.60e-01	3.29e-01
 3.54068e+22	1.20e-02	6.70e-01	3.18e-01
 3.57741e+22	1.30e-02	6.84e-01	3.03e-01
 3.62516e+22	1.45e-02	7.02e-01	2.84e-01
 3.67476e+22	1.58e-02	7.16e-01	2.69e-01
 3.72679e+22	1.78e-02	7.34e-01	2.48e-01
 3.78038e+22	1.95e-02	7.48e-01	2.33e-01
 3.83600e+22	2.20e-02	7.66e-01	2.12e-01
 3.89393e+22	2.44e-02	7.80e-01	1.96e-01
 3.95448e+22	2.79e-02	7.96e-01	1.76e-01
 4.01607e+22	3.10e-02	8.09e-01	1.60e-01
 4.06365e+22	3.36e-02	8.18e-01	1.48e-01
 4.10980e+22	3.72e-02	8.28e-01	1.35e-01
 4.15748e+22	4.07e-02	8.36e-01	1.23e-01
 4.20716e+22	4.57e-02	8.44e-01	1.10e-01
 4.25799e+22	5.04e-02	8.50e-01	9.94e-02
 4.31032e+22	5.72e-02	8.56e-01	8.72e-02
 4.35830e+22	6.25e-02	8.58e-01	7.92e-02
 4.39357e+22	6.75e-02	8.60e-01	7.29e-02
 4.43237e+22	7.47e-02	8.60e-01	6.56e-02
 4.47394e+22	8.24e-02	8.58e-01	5.91e-02
 4.51254e+22	9.10e-02	8.55e-01	5.35e-02
 4.54938e+22	1.00e-01	8.51e-01	4.87e-02
 4.58378e+22	1.10e-01	8.45e-01	4.46e-02
 4.61535e+22	1.21e-01	8.38e-01	4.12e-02
 4.64416e+22	1.32e-01	8.29e-01	3.85e-02
 4.67039e+22	1.44e-01	8.20e-01	3.63e-02
 4.69427e+22	1.56e-01	8.09e-01	3.45e-02
 4.71602e+22	1.69e-01	7.98e-01	3.31e-02
 4.72961e+22	1.76e-01	7.91e-01	3.27e-02
 4.73454e+22	1.79e-01	7.88e-01	3.25e-02
 4.73844e+22	1.82e-01	7.86e-01	3.23e-02
 4.74349e+22	1.86e-01	7.82e-01	3.20e-02
 4.74944e+22	1.90e-01	7.78e-01	3.16e-02
 4.75539e+22	1.95e-01	7.74e-01	3.14e-02
 4.76119e+22	2.00e-01	7.69e-01	3.11e-02
 4.76693e+22	2.04e-01	7.65e-01	3.10e-02
 4.77284e+22	2.09e-01	7.60e-01	3.07e-02
 4.77898e+22	2.15e-01	7.55e-01	3.04e-02
 4.78489e+22	2.20e-01	7.50e-01	3.03e-02
 4.79079e+22	2.25e-01	7.45e-01	3.01e-02
 4.79698e+22	2.31e-01	7.39e-01	3.00e-02
 4.80339e+22	2.37e-01	7.33e-01	2.99e-02
 4.81000e+22	2.44e-01	7.26e-01	2.97e-02
 4.81671e+22	2.51e-01	7.19e-01	2.97e-02
 4.82362e+22	2.59e-01	7.12e-01	2.96e-02
 4.83085e+22	2.67e-01	7.03e-01	2.95e-02
 4.83816e+22	2.75e-01	6.95e-01	2.94e-02
 4.84536e+22	2.84e-01	6.87e-01	2.94e-02
 4.85101e+22	2.90e-01	6.81e-01	2.96e-02
 4.85492e+22	2.94e-01	6.76e-01	2.96e-02
 4.85872e+22	2.99e-01	6.71e-01	2.95e-02
 4.86310e+22	3.05e-01	6.65e-01	2.95e-02
 4.86785e+22	3.12e-01	6.59e-01	2.94e-02
 4.87246e+22	3.18e-01	6.53e-01	2.94e-02
 4.87700e+22	3.24e-01	6.47e-01	2.93e-02
 4.88170e+22	3.31e-01	6.40e-01	2.92e-02
 4.88645e+22	3.38e-01	6.33e-01	2.91e-02
 4.89125e+22	3.45e-01	6.26e-01	2.90e-02
 4.89619e+22	3.52e-01	6.19e-01	2.89e-02
 4.90124e+22	3.60e-01	6.11e-01	2.88e-02
 4.90640e+22	3.68e-01	6.03e-01	2.86e-02
 4.91162e+22	3.77e-01	5.95e-01	2.84e-02
 4.91695e+22	3.85e-01	5.87e-01	2.82e-02
 4.92246e+22	3.94e-01	5.78e-01	2.79e-02
 4.92812e+22	4.04e-01	5.68e-01	2.76e-02
 4.93387e+22	4.14e-01	5.59e-01	2.73e-02
 4.93975e+22	4.24e-01	5.49e-01	2.70e-02
 4.94585e+22	4.35e-01	5.39e-01	2.66e-02
 4.95211e+22	4.46e-01	5.28e-01	2.62e-02
 4.95852e+22	4.57e-01	5.17e-01	2.57e-02
 4.96513e+22	4.69e-01	5.06e-01	2.52e-02
 4.97188e+22	4.81e-01	4.94e-01	2.47e-02
 4.97889e+22	4.94e-01	4.82e-01	2.42e-02
 4.98622e+22	5.07e-01	4.69e-01	2.36e-02
 4.99371e+22	5.21e-01	4.56e-01	2.29e-02
 5.00123e+22	5.34e-01	4.44e-01	2.23e-02
 5.00883e+22	5.48e-01	4.31e-01	2.15e-02
 5.01672e+22	5.62e-01	4.18e-01	2.08e-02
 5.02487e+22	5.76e-01	4.04e-01	2.01e-02
 5.03311e+22	5.90e-01	3.91e-01	1.93e-02
 5.04142e+22	6.04e-01	3.78e-01	1.86e-02
 5.04979e+22	6.17e-01	3.65e-01	1.78e-02
 5.05828e+22	6.31e-01	3.52e-01	1.70e-02
 5.06703e+22	6.44e-01	3.40e-01	1.63e-02
 5.07589e+22	6.57e-01	3.27e-01	1.55e-02
 5.08485e+22	6.70e-01	3.15e-01	1.48e-02
 5.09407e+22	6.83e-01	3.03e-01	1.40e-02
 5.10351e+22	6.96e-01	2.91e-01	1.33e-02
 5.11308e+22	7.08e-01	2.80e-01	1.25e-02
 5.12280e+22	7.20e-01	2.68e-01	1.18e-02
 5.13283e+22	7.32e-01	2.57e-01	1.11e-02
 5.14306e+22	7.43e-01	2.47e-01	1.04e-02
 5.15300e+22	7.53e-01	2.37e-01	9.77e-03
 5.16231e+22	7.63e-01	2.28e-01	9.20e-03
 5.17089e+22	7.71e-01	2.20e-01	8.69e-03
 5.17890e+22	7.79e-01	2.13e-01	8.22e-03
 5.18634e+22	7.85e-01	2.07e-01	7.82e-03
 5.19354e+22	7.92e-01	2.01e-01	7.42e-03
 5.20077e+22	7.98e-01	1.95e-01	7.06e-03
 5.20779e+22	8.04e-01	1.90e-01	6.72e-03
 5.21438e+22	8.09e-01	1.85e-01	6.42e-03
 5.22065e+22	8.14e-01	1.80e-01	6.13e-03
 5.22693e+22	8.18e-01	1.76e-01	5.85e-03
 5.23294e+22	8.23e-01	1.72e-01	5.60e-03
 5.23860e+22	8.27e-01	1.68e-01	5.37e-03
 5.24423e+22	8.31e-01	1.64e-01	5.14e-03
 5.24963e+22	8.35e-01	1.61e-01	4.94e-03
 5.25471e+22	8.38e-01	1.57e-01	4.75e-03
 5.25968e+22	8.41e-01	1.54e-01	4.57e-03
 5.26453e+22	8.45e-01	1.51e-01	4.39e-03
 5.26909e+22	8.48e-01	1.48e-01	4.23e-03
 5.27324e+22	8.50e-01	1.46e-01	4.09e-03
 5.27702e+22	8.53e-01	1.43e-01	3.97e-03
 5.28046e+22	8.55e-01	1.41e-01	3.85e-03
 5.28359e+22	8.57e-01	1.39e-01	3.75e-03
 5.28644e+22	8.59e-01	1.37e-01	3.65e-03
 5.28903e+22	8.61e-01	1.36e-01	3.57e-03
 5.29186e+22	8.63e-01	1.34e-01	3.47e-03
 5.29493e+22	8.64e-01	1.32e-01	3.38e-03
 5.29772e+22	8.66e-01	1.31e-01	3.31e-03
 5.30026e+22	8.67e-01	1.29e-01	3.24e-03
 5.30257e+22	8.69e-01	1.28e-01	3.18e-03
 5.30510e+22	8.70e-01	1.26e-01	3.10e-03
 5.30839e+22	8.72e-01	1.25e-01	3.00e-03
 5.31194e+22	8.74e-01	1.23e-01	2.92e-03
 5.31517e+22	8.76e-01	1.21e-01	2.84e-03
 5.31811e+22	8.77e-01	1.20e-01	2.78e-03
 5.32133e+22	8.79e-01	1.18e-01	2.70e-03
 5.32481e+22	8.81e-01	1.17e-01	2.63e-03
 5.32798e+22	8.82e-01	1.15e-01	2.57e-03
 5.33086e+22	8.84e-01	1.14e-01	2.51e-03
 5.33348e+22	8.85e-01	1.13e-01	2.47e-03
 5.33636e+22	8.86e-01	1.11e-01	2.40e-03
 5.34009e+22	8.88e-01	1.09e-01	2.32e-03
 5.34412e+22	8.90e-01	1.08e-01	2.25e-03
 5.34779e+22	8.91e-01	1.06e-01	2.19e-03
 5.35113e+22	8.93e-01	1.05e-01	2.14e-03
 5.35417e+22	8.94e-01	1.04e-01	2.09e-03
 5.35694e+22	8.95e-01	1.03e-01	2.04e-03
 5.35997e+22	8.97e-01	1.01e-01	1.98e-03
 5.36324e+22	8.98e-01	9.97e-02	1.93e-03
 5.36622e+22	9.00e-01	9.86e-02	1.88e-03
 5.36892e+22	9.01e-01	9.75e-02	1.84e-03
 5.37139e+22	9.02e-01	9.66e-02	1.81e-03
 5.37409e+22	9.03e-01	9.53e-02	1.76e-03
 5.37760e+22	9.05e-01	9.38e-02	1.70e-03
 5.38139e+22	9.06e-01	9.24e-02	1.65e-03
 5.38484e+22	9.07e-01	9.12e-02	1.61e-03
 5.38798e+22	9.08e-01	9.01e-02	1.57e-03
 5.39084e+22	9.09e-01	8.90e-02	1.54e-03
 5.39344e+22	9.10e-01	8.81e-02	1.50e-03
 5.39629e+22	9.12e-01	8.68e-02	1.46e-03
 5.39936e+22	9.13e-01	8.58e-02	1.43e-03
 5.40216e+22	9.14e-01	8.48e-02	1.39e-03
 5.40523e+22	9.15e-01	8.37e-02	1.36e-03
 5.40854e+22	9.16e-01	8.26e-02	1.32e-03
 5.41155e+22	9.17e-01	8.17e-02	1.29e-03
 5.41430e+22	9.18e-01	8.07e-02	1.26e-03
 5.41679e+22	9.19e-01	8.01e-02	1.24e-03
 5.41952e+22	9.20e-01	7.91e-02	1.21e-03
 5.42308e+22	9.21e-01	7.80e-02	1.18e-03
 5.42692e+22	9.22e-01	7.71e-02	1.15e-03
 5.43041e+22	9.23e-01	7.61e-02	1.12e-03
 5.43359e+22	9.24e-01	7.54e-02	1.10e-03
 5.43707e+22	9.25e-01	7.42e-02	1.07e-03
 5.44083e+22	9.26e-01	7.33e-02	1.04e-03
 5.44425e+22	9.27e-01	7.24e-02	1.02e-03
 5.44799e+22	9.28e-01	7.13e-02	9.85e-04
 5.45204e+22	9.29e-01	7.03e-02	9.59e-04
 5.45572e+22	9.30e-01	6.93e-02	9.32e-04
 5.45907e+22	9.30e-01	6.87e-02	9.14e-04
 5.46275e+22	9.32e-01	6.76e-02	8.85e-04
 5.46671e+22	9.32e-01	6.67e-02	8.62e-04
 5.47032e+22	9.33e-01	6.58e-02	8.39e-04
 5.47360e+22	9.34e-01	6.52e-02	8.23e-04
 5.47720e+22	9.35e-01	6.42e-02	7.99e-04
 5.48108e+22	9.36e-01	6.34e-02	7.79e-04
 5.48462e+22	9.36e-01	6.28e-02	7.63e-04
 5.48849e+22	9.38e-01	6.17e-02	7.38e-04
 5.49267e+22	9.38e-01	6.09e-02	7.19e-04
 5.49647e+22	9.39e-01	6.01e-02	6.99e-04
 5.49994e+22	9.40e-01	5.95e-02	6.85e-04
 5.50373e+22	9.41e-01	5.86e-02	6.65e-04
 5.50783e+22	9.42e-01	5.78e-02	6.48e-04
 5.51155e+22	9.42e-01	5.72e-02	6.34e-04
 5.51564e+22	9.43e-01	5.62e-02	6.13e-04
 5.52005e+22	9.44e-01	5.55e-02	5.97e-04
 5.52406e+22	9.45e-01	5.49e-02	5.83e-04
 5.52845e+22	9.46e-01	5.39e-02	5.63e-04
 5.53320e+22	9.46e-01	5.31e-02	5.48e-04
 5.53752e+22	9.47e-01	5.25e-02	5.34e-04
 5.54225e+22	9.48e-01	5.15e-02	5.15e-04
 5.54736e+22	9.49e-01	5.08e-02	5.00e-04
 5.55201e+22	9.49e-01	5.01e-02	4.87e-04
 5.55711e+22	9.50e-01	4.91e-02	4.68e-04
 5.56261e+22	9.51e-01	4.84e-02	4.55e-04
 5.56761e+22	9.52e-01	4.76e-02	4.40e-04
 5.57217e+22	9.53e-01	4.70e-02	4.29e-04
 5.57716e+22	9.53e-01	4.61e-02	4.13e-04
 5.58255e+22	9.54e-01	4.54e-02	4.00e-04
 5.58745e+22	9.55e-01	4.48e-02	3.90e-04
 5.59283e+22	9.56e-01	4.39e-02	3.75e-04
 5.59863e+22	9.56e-01	4.32e-02	3.63e-04
 5.60391e+22	9.57e-01	4.26e-02	3.52e-04
 5.60969e+22	9.58e-01	4.18e-02	3.39e-04
 5.61594e+22	9.59e-01	4.11e-02	3.28e-04
 5.62162e+22	9.59e-01	4.04e-02	3.17e-04
 5.62679e+22	9.60e-01	3.98e-02	3.08e-04
 5.63246e+22	9.61e-01	3.90e-02	2.96e-04
 5.63858e+22	9.61e-01	3.84e-02	2.86e-04
 5.64415e+22	9.62e-01	3.78e-02	2.78e-04
 5.65025e+22	9.63e-01	3.70e-02	2.67e-04
 5.65683e+22	9.63e-01	3.64e-02	2.58e-04
 5.66283e+22	9.64e-01	3.58e-02	2.50e-04
 5.66939e+22	9.65e-01	3.51e-02	2.39e-04
 5.67648e+22	9.65e-01	3.45e-02	2.31e-04
 5.68294e+22	9.66e-01	3.38e-02	2.23e-04
 5.68881e+22	9.67e-01	3.33e-02	2.15e-04
 5.69524e+22	9.67e-01	3.26e-02	2.07e-04
 5.70219e+22	9.68e-01	3.20e-02	1.99e-04
 5.70851e+22	9.68e-01	3.15e-02	1.93e-04
 5.71544e+22	9.69e-01	3.08e-02	1.85e-04
 5.72291e+22	9.70e-01	3.02e-02	1.78e-04
 5.72972e+22	9.70e-01	2.97e-02	1.72e-04
 5.73717e+22	9.71e-01	2.90e-02	1.64e-04
 5.74522e+22	9.71e-01	2.85e-02	1.58e-04
 5.75255e+22	9.72e-01	2.79e-02	1.52e-04
 5.76058e+22	9.73e-01	2.73e-02	1.45e-04
 5.76924e+22	9.73e-01	2.67e-02	1.39e-04
 5.77713e+22	9.74e-01	2.62e-02	1.34e-04
 5.78577e+22	9.74e-01	2.55e-02	1.27e-04
 5.79510e+22	9.75e-01	2.50e-02	1.22e-04
 5.80359e+22	9.75e-01	2.44e-02	1.17e-04
 5.81131e+22	9.76e-01	2.39e-02	1.12e-04
 5.81978e+22	9.77e-01	2.34e-02	1.07e-04
 5.83073e+22	9.77e-01	2.27e-02	1.01e-04
 5.84304e+22	9.78e-01	2.20e-02	9.48e-05
 5.85526e+22	9.79e-01	2.13e-02	8.91e-05
 5.86755e+22	9.79e-01	2.07e-02	8.37e-05
 5.88012e+22	9.80e-01	2.00e-02	7.85e-05
 5.89292e+22	9.81e-01	1.94e-02	7.36e-05
 5.90586e+22	9.81e-01	1.87e-02	6.89e-05
 5.91895e+22	9.82e-01	1.81e-02	6.45e-05
 5.93221e+22	9.82e-01	1.75e-02	6.04e-05
 5.94564e+22	9.83e-01	1.70e-02	5.65e-05
 5.95922e+22	9.84e-01	1.64e-02	5.28e-05
 5.97295e+22	9.84e-01	1.58e-02	4.93e-05
 5.98683e+22	9.85e-01	1.53e-02	4.61e-05
 6.00086e+22	9.85e-01	1.48e-02	4.30e-05
 6.01504e+22	9.86e-01	1.43e-02	4.01e-05
 6.02933e+22	9.86e-01	1.38e-02	3.74e-05
 6.04376e+22	9.87e-01	1.33e-02	3.49e-05
 6.05830e+22	9.87e-01	1.28e-02	3.25e-05
 6.07299e+22	9.88e-01	1.24e-02	3.02e-05
 6.08783e+22	9.88e-01	1.19e-02	2.82e-05
 6.10280e+22	9.88e-01	1.15e-02	2.62e-05
 6.11789e+22	9.89e-01	1.11e-02	2.44e-05
 6.13311e+22	9.89e-01	1.07e-02	2.26e-05
 6.14847e+22	9.90e-01	1.03e-02	2.10e-05
 6.16413e+22	9.90e-01	9.94e-03	1.95e-05
 6.18016e+22	9.90e-01	9.57e-03	1.81e-05
 6.19642e+22	9.91e-01	9.21e-03	1.68e-05
 6.21286e+22	9.91e-01	8.86e-03	1.55e-05
 6.22947e+22	9.91e-01	8.52e-03	1.44e-05
 6.24627e+22	9.92e-01	8.19e-03	1.33e-05
 6.26327e+22	9.92e-01	7.87e-03	1.23e-05
 6.28047e+22	9.92e-01	7.56e-03	1.13e-05
 6.29795e+22	9.93e-01	7.25e-03	1.04e-05
 6.31573e+22	9.93e-01	6.96e-03	9.61e-06
 6.33394e+22	9.93e-01	6.67e-03	8.84e-06
 6.35263e+22	9.94e-01	6.39e-03	8.11e-06
 6.37165e+22	9.94e-01	6.12e-03	7.44e-06
 6.39099e+22	9.94e-01	5.86e-03	6.82e-06
 6.41066e+22	9.94e-01	5.60e-03	6.24e-06
 6.43068e+22	9.95e-01	5.35e-03	5.70e-06
 6.45108e+22	9.95e-01	5.11e-03	5.20e-06
 6.47189e+22	9.95e-01	4.88e-03	4.74e-06
 6.49321e+22	9.95e-01	4.65e-03	4.31e-06
 6.51506e+22	9.96e-01	4.43e-03	3.91e-06
 6.53735e+22	9.96e-01	4.22e-03	3.54e-06
 6.56015e+22	9.96e-01	4.01e-03	3.20e-06
 6.58351e+22	9.96e-01	3.81e-03	2.89e-06
 6.60741e+22	9.96e-01	3.62e-03	2.61e-06
 6.63167e+22	9.97e-01	3.43e-03	2.35e-06
 6.65619e+22	9.97e-01	3.26e-03	2.11e-06
 6.68100e+22	9.97e-01	3.09e-03	1.90e-06
 6.70605e+22	9.97e-01	2.93e-03	1.71e-06
 6.73133e+22	9.97e-01	2.77e-03	1.53e-06
 6.75686e+22	9.97e-01	2.63e-03	1.37e-06
 6.78265e+22	9.98e-01	2.49e-03	1.23e-06
 6.80869e+22	9.98e-01	2.35e-03	1.10e-06
 6.83500e+22	9.98e-01	2.23e-03	9.88e-07
 6.86161e+22	9.98e-01	2.11e-03	8.84e-07
 6.88852e+22	9.98e-01	1.99e-03	7.90e-07
 6.91562e+22	9.98e-01	1.88e-03	7.06e-07
 6.94299e+22	9.98e-01	1.78e-03	6.30e-07
 6.97065e+22	9.98e-01	1.68e-03	5.62e-07
 6.99862e+22	9.98e-01	1.58e-03	5.00e-07
 7.02698e+22	9.99e-01	1.49e-03	4.45e-07
 7.05567e+22	9.99e-01	1.41e-03	3.95e-07
 7.08468e+22	9.99e-01	1.33e-03	3.51e-07
 7.11403e+22	9.99e-01	1.25e-03	3.11e-07
 7.14327e+22	9.99e-01	1.18e-03	2.76e-07
 7.17134e+22	9.99e-01	1.11e-03	2.47e-07
 7.19749e+22	9.99e-01	1.06e-03	2.22e-07
 7.22183e+22	9.99e-01	1.01e-03	2.02e-07
 7.24485e+22	9.99e-01	9.62e-04	1.84e-07
 7.26687e+22	9.99e-01	9.20e-04	1.69e-07
 7.28791e+22	9.99e-01	8.83e-04	1.55e-07
 7.30788e+22	9.99e-01	8.48e-04	1.43e-07
 7.32678e+22	9.99e-01	8.17e-04	1.33e-07
 7.34467e+22	9.99e-01	7.88e-04	1.24e-07
 7.36171e+22	9.99e-01	7.62e-04	1.16e-07
 7.37798e+22	9.99e-01	7.39e-04	1.09e-07
 7.39336e+22	9.99e-01	7.17e-04	1.02e-07
 7.40788e+22	9.99e-01	6.97e-04	9.65e-08
 7.42182e+22	9.99e-01	6.78e-04	9.12e-08
 7.43531e+22	9.99e-01	6.60e-04	8.65e-08
 7.44828e+22	9.99e-01	6.43e-04	8.21e-08
 7.46067e+22	9.99e-01	6.27e-04	7.82e-08
 7.47247e+22	9.99e-01	6.13e-04	7.46e-08
 7.48378e+22	9.99e-01	5.99e-04	7.13e-08
 7.49470e+22	9.99e-01	5.86e-04	6.82e-08
 7.50528e+22	9.99e-01	5.73e-04	6.53e-08
 7.51557e+22	9.99e-01	5.62e-04	6.27e-08
 7.52555e+22	9.99e-01	5.51e-04	6.02e-08
 7.53520e+22	9.99e-01	5.40e-04	5.79e-08
 7.54454e+22	9.99e-01	5.30e-04	5.58e-08
 7.55366e+22	9.99e-01	5.20e-04	5.38e-08
 7.56264e+22	9.99e-01	5.11e-04	5.19e-08
 7.57152e+22	9.99e-01	5.02e-04	5.00e-08
 7.58029e+22	1.00e+00	4.93e-04	4.83e-08
 7.58896e+22	1.00e+00	4.84e-04	4.66e-08
 7.59757e+22	1.00e+00	4.76e-04	4.50e-08
 7.60619e+22	1.00e+00	4.68e-04	4.34e-08
 7.61486e+22	1.00e+00	4.60e-04	4.20e-08
 7.62361e+22	1.00e+00	4.51e-04	4.05e-08
 7.63249e+22	1.00e+00	4.43e-04	3.90e-08
 7.64158e+22	1.00e+00	4.35e-04	3.76e-08
 7.65091e+22	1.00e+00	4.26e-04	3.61e-08
 7.66056e+22	1.00e+00	4.18e-04	3.47e-08
 7.67057e+22	1.00e+00	4.09e-04	3.32e-08
 7.68097e+22	1.00e+00	4.01e-04	3.19e-08
 7.69180e+22	1.00e+00	3.92e-04	3.05e-08
 7.70319e+22	1.00e+00	3.82e-04	2.91e-08
 7.71529e+22	1.00e+00	3.73e-04	2.76e-08
 7.72820e+22	1.00e+00	3.62e-04	2.61e-08
 7.74196e+22	1.00e+00	3.52e-04	2.46e-08
 7.75656e+22	1.00e+00	3.42e-04	2.32e-08
 7.77207e+22	1.00e+00	3.30e-04	2.17e-08
 7.78864e+22	1.00e+00	3.19e-04	2.02e-08
 7.80653e+22	1.00e+00	3.07e-04	1.87e-08
 7.82581e+22	1.00e+00	2.94e-04	1.72e-08
 7.84649e+22	1.00e+00	2.81e-04	1.57e-08
 7.86866e+22	1.00e+00	2.68e-04	1.43e-08
 7.89254e+22	1.00e+00	2.54e-04	1.29e-08
 7.91838e+22	1.00e+00	2.41e-04	1.15e-08
 7.94629e+22	1.00e+00	2.26e-04	1.02e-08
 7.97647e+22	1.00e+00	2.11e-04	8.90e-09
 8.00932e+22	1.00e+00	1.96e-04	7.68e-09
 8.04511e+22	1.00e+00	1.81e-04	6.55e-09
 8.08387e+22	1.00e+00	1.66e-04	5.50e-09
 8.12580e+22	1.00e+00	1.51e-04	4.54e-09
 8.17116e+22	1.00e+00	1.36e-04	3.68e-09
 8.21986e+22	1.00e+00	1.21e-04	2.94e-09
 8.27134e+22	1.00e+00	1.08e-04	2.31e-09
 8.32464e+22	1.00e+00	9.48e-05	1.80e-09
 8.37846e+22	1.00e+00	8.35e-05	1.39e-09
 8.43113e+22	1.00e+00	7.37e-05	1.09e-09
 8.48080e+22	1.00e+00	6.55e-05	8.60e-10
 8.52595e+22	1.00e+00	5.89e-05	6.96e-10
 8.56460e+22	1.00e+00	5.39e-05	5.83e-10
 8.59511e+22	1.00e+00	5.03e-05	5.08e-10
 8.61828e+22	1.00e+00	4.77e-05	4.58e-10
 8.63641e+22	1.00e+00	4.58e-05	4.21e-10
 8.65148e+22	1.00e+00	4.42e-05	3.92e-10
 8.66453e+22	1.00e+00	4.28e-05	3.68e-10
 8.67601e+22	1.00e+00	4.16e-05	3.49e-10
 8.68625e+22	1.00e+00	4.07e-05	3.33e-10
 8.69562e+22	1.00e+00	3.98e-05	3.18e-10
 8.70437e+22	1.00e+00	3.90e-05	3.06e-10
 8.71264e+22	1.00e+00	3.83e-05	2.95e-10
 8.72051e+22	1.00e+00	3.76e-05	2.85e-10
 8.72805e+22	1.00e+00	3.70e-05	2.76e-10
 8.73536e+22	1.00e+00	3.65e-05	2.69e-10
 8.74253e+22	1.00e+00	3.60e-05	2.62e-10
 8.74961e+22	1.00e+00	3.56e-05	2.55e-10
 8.75663e+22	1.00e+00	3.52e-05	2.50e-10
 8.76364e+22	1.00e+00	3.49e-05	2.45e-10
 8.77070e+22	1.00e+00	3.46e-05	2.41e-10
 8.77782e+22	1.00e+00	3.43e-05	2.37e-10
 8.78507e+22	1.00e+00	3.41e-05	2.34e-10
 8.79247e+22	1.00e+00	3.38e-05	2.31e-10
 8.80010e+22	1.00e+00	3.37e-05	2.29e-10
 8.80799e+22	1.00e+00	3.35e-05	2.26e-10
 8.81619e+22	1.00e+00	3.33e-05	2.24e-10
 8.82486e+22	1.00e+00	3.32e-05	2.22e-10
 8.83392e+22	1.00e+00	3.30e-05	2.20e-10
 8.84324e+22	1.00e+00	3.28e-05	2.18e-10
 8.85303e+22	1.00e+00	3.26e-05	2.15e-10
 8.86373e+22	1.00e+00	3.22e-05	2.10e-10
 8.87585e+22	1.00e+00	3.17e-05	2.04e-10
 8.89015e+22	1.00e+00	3.10e-05	1.94e-10
 8.90791e+22	1.00e+00	2.99e-05	1.81e-10
 8.92383e+22	1.00e+00	2.92e-05	1.72e-10
 8.93381e+22	1.00e+00	2.86e-05	1.66e-10
 8.94135e+22	1.00e+00	2.82e-05	1.61e-10
 8.94812e+22	1.00e+00	2.78e-05	1.57e-10
 8.95484e+22	1.00e+00	2.74e-05	1.52e-10
 8.96152e+22	1.00e+00	2.69e-05	1.47e-10
 8.96762e+22	1.00e+00	2.66e-05	1.43e-10
 8.97346e+22	1.00e+00	2.62e-05	1.40e-10
 8.97924e+22	1.00e+00	2.59e-05	1.36e-10
 8.98485e+22	1.00e+00	2.56e-05	1.33e-10
 8.99055e+22	1.00e+00	2.52e-05	1.29e-10
 8.99648e+22	1.00e+00	2.49e-05	1.26e-10
 9.00181e+22	1.00e+00	2.46e-05	1.23e-10
 9.00710e+22	1.00e+00	2.42e-05	1.19e-10
 9.01312e+22	1.00e+00	2.39e-05	1.16e-10
 9.01881e+22	1.00e+00	2.36e-05	1.13e-10
 9.02410e+22	1.00e+00	2.33e-05	1.10e-10
 9.02966e+22	1.00e+00	2.30e-05	1.07e-10
 9.03538e+22	1.00e+00	2.27e-05	1.04e-10
 9.04123e+22	1.00e+00	2.23e-05	1.01e-10
 9.04702e+22	1.00e+00	2.20e-05	9.87e-11
 9.05271e+22	1.00e+00	2.17e-05	9.60e-11
 9.05863e+22	1.00e+00	2.14e-05	9.33e-11
 9.06456e+22	1.00e+00	2.11e-05	9.07e-11
 9.07037e+22	1.00e+00	2.08e-05	8.82e-11
 9.07638e+22	1.00e+00	2.05e-05	8.55e-11
 9.08251e+22	1.00e+00	2.02e-05	8.31e-11
 9.08867e+22	1.00e+00	1.99e-05	8.06e-11
 9.09507e+22	1.00e+00	1.96e-05	7.81e-11
 9.10144e+22	1.00e+00	1.93e-05	7.57e-11
 9.10780e+22	1.00e+00	1.90e-05	7.34e-11
 9.11424e+22	1.00e+00	1.87e-05	7.12e-11
 9.12028e+22	1.00e+00	1.84e-05	6.91e-11
 9.12668e+22	1.00e+00	1.81e-05	6.68e-11
 9.13373e+22	1.00e+00	1.78e-05	6.45e-11
 9.14063e+22	1.00e+00	1.75e-05	6.23e-11
 9.14759e+22	1.00e+00	1.72e-05	6.02e-11
 9.15469e+22	1.00e+00	1.69e-05	5.81e-11
 9.16175e+22	1.00e+00	1.66e-05	5.61e-11
 9.16906e+22	1.00e+00	1.63e-05	5.39e-11
 9.17668e+22	1.00e+00	1.59e-05	5.19e-11
 9.18426e+22	1.00e+00	1.56e-05	4.99e-11
 9.19197e+22	1.00e+00	1.53e-05	4.80e-11
 9.19984e+22	1.00e+00	1.50e-05	4.61e-11
 9.20784e+22	1.00e+00	1.47e-05	4.42e-11
 9.21598e+22	1.00e+00	1.44e-05	4.23e-11
 9.22421e+22	1.00e+00	1.41e-05	4.05e-11
 9.23254e+22	1.00e+00	1.38e-05	3.88e-11
 9.24108e+22	1.00e+00	1.35e-05	3.71e-11
 9.24975e+22	1.00e+00	1.31e-05	3.53e-11
 9.25555e+22	1.00e+00	1.30e-05	3.46e-11
