#depth	Si	Si+	Si+2	Si+3	Si+4	Si+5	Si+6	Si+7	Si+8	Si+9	Si+10	Si+11	Si+12	Si+13	Si+14
 4.62852e+21	6.84e-30	4.82e-17	2.99e-14	3.71e-12	2.83e-08	1.32e-05	1.25e-03	2.36e-02	1.36e-01	2.81e-01	2.13e-01	1.34e-01	1.93e-01	1.79e-02	4.95e-04
 1.02993e+22	7.00e-29	6.84e-16	3.08e-13	2.55e-11	1.34e-07	5.16e-05	3.93e-03	5.78e-02	2.33e-01	3.43e-01	1.83e-01	8.53e-02	8.87e-02	5.58e-03	1.05e-04
 1.18627e+22	2.99e-28	2.53e-15	9.42e-13	6.29e-11	2.68e-07	9.46e-05	6.55e-03	8.56e-02	2.84e-01	3.49e-01	1.55e-01	6.26e-02	5.46e-02	2.80e-03	4.31e-05
 1.26444e+22	6.07e-28	4.93e-15	1.65e-12	9.87e-11	3.76e-07	1.27e-04	8.36e-03	1.03e-01	3.09e-01	3.44e-01	1.39e-01	5.24e-02	4.18e-02	1.92e-03	2.66e-05
 1.29817e+22	7.47e-28	6.01e-15	1.95e-12	1.13e-10	4.16e-07	1.38e-04	8.97e-03	1.09e-01	3.16e-01	3.42e-01	1.34e-01	4.96e-02	3.85e-02	1.71e-03	2.30e-05
 1.31584e+22	9.74e-28	7.78e-15	2.42e-12	1.34e-10	4.73e-07	1.54e-04	9.83e-03	1.17e-01	3.25e-01	3.39e-01	1.28e-01	4.61e-02	3.45e-02	1.47e-03	1.89e-05
 1.33532e+22	1.25e-27	9.95e-15	2.97e-12	1.58e-10	5.35e-07	1.71e-04	1.07e-02	1.24e-01	3.33e-01	3.35e-01	1.22e-01	4.29e-02	3.10e-02	1.27e-03	1.57e-05
 1.35715e+22	1.73e-27	1.38e-14	3.89e-12	1.97e-10	6.28e-07	1.96e-04	1.20e-02	1.35e-01	3.43e-01	3.28e-01	1.14e-01	3.90e-02	2.69e-02	1.05e-03	1.23e-05
 1.37917e+22	2.23e-27	1.78e-14	4.82e-12	2.34e-10	7.13e-07	2.18e-04	1.30e-02	1.44e-01	3.51e-01	3.23e-01	1.08e-01	3.61e-02	2.40e-02	8.96e-04	1.01e-05
 1.40145e+22	3.06e-27	2.49e-14	6.37e-12	2.93e-10	8.43e-07	2.50e-04	1.46e-02	1.57e-01	3.60e-01	3.15e-01	9.99e-02	3.25e-02	2.06e-02	7.28e-04	7.76e-06
 1.42424e+22	3.97e-27	3.28e-14	8.00e-12	3.53e-10	9.67e-07	2.80e-04	1.60e-02	1.67e-01	3.67e-01	3.07e-01	9.38e-02	2.98e-02	1.82e-02	6.14e-04	6.26e-06
 1.44728e+22	5.44e-27	4.65e-14	1.07e-11	4.47e-10	1.15e-06	3.23e-04	1.79e-02	1.81e-01	3.75e-01	2.97e-01	8.61e-02	2.66e-02	1.55e-02	4.93e-04	4.75e-06
 1.47052e+22	7.07e-27	6.18e-14	1.35e-11	5.43e-10	1.33e-06	3.63e-04	1.96e-02	1.94e-01	3.80e-01	2.88e-01	8.01e-02	2.42e-02	1.35e-02	4.12e-04	3.79e-06
 1.49052e+22	9.05e-27	8.05e-14	1.69e-11	6.51e-10	1.52e-06	4.05e-04	2.13e-02	2.05e-01	3.84e-01	2.80e-01	7.47e-02	2.22e-02	1.19e-02	3.47e-04	3.06e-06
 1.50945e+22	1.14e-26	1.04e-13	2.09e-11	7.78e-10	1.74e-06	4.50e-04	2.31e-02	2.17e-01	3.88e-01	2.71e-01	6.97e-02	2.03e-02	1.05e-02	2.94e-04	2.49e-06
 1.53079e+22	1.51e-26	1.46e-13	2.76e-11	9.82e-10	2.07e-06	5.16e-04	2.56e-02	2.33e-01	3.92e-01	2.59e-01	6.34e-02	1.81e-02	8.92e-03	2.36e-04	1.89e-06
 1.55216e+22	1.90e-26	1.89e-13	3.44e-11	1.18e-09	2.37e-06	5.73e-04	2.77e-02	2.45e-01	3.94e-01	2.50e-01	5.88e-02	1.65e-02	7.83e-03	1.99e-04	1.53e-06
 1.57355e+22	2.51e-26	2.64e-13	4.55e-11	1.49e-09	2.83e-06	6.58e-04	3.06e-02	2.62e-01	3.95e-01	2.37e-01	5.31e-02	1.46e-02	6.60e-03	1.59e-04	1.16e-06
 1.59479e+22	3.14e-26	3.40e-13	5.63e-11	1.79e-09	3.24e-06	7.30e-04	3.30e-02	2.75e-01	3.95e-01	2.28e-01	4.91e-02	1.32e-02	5.79e-03	1.34e-04	9.36e-07
 1.61597e+22	4.15e-26	4.74e-13	7.45e-11	2.27e-09	3.88e-06	8.37e-04	3.64e-02	2.93e-01	3.95e-01	2.15e-01	4.42e-02	1.17e-02	4.86e-03	1.06e-04	7.06e-07
 1.63715e+22	5.19e-26	6.10e-13	9.22e-11	2.72e-09	4.45e-06	9.28e-04	3.92e-02	3.06e-01	3.93e-01	2.05e-01	4.06e-02	1.06e-02	4.25e-03	8.92e-05	5.69e-07
 1.65833e+22	6.84e-26	8.46e-13	1.22e-10	3.46e-09	5.33e-06	1.06e-03	4.31e-02	3.24e-01	3.90e-01	1.93e-01	3.63e-02	9.26e-03	3.55e-03	7.07e-05	4.27e-07
 1.67955e+22	8.57e-26	1.08e-12	1.50e-10	4.15e-09	6.11e-06	1.18e-03	4.62e-02	3.37e-01	3.87e-01	1.83e-01	3.33e-02	8.37e-03	3.09e-03	5.91e-05	3.43e-07
 1.70080e+22	1.13e-25	1.50e-12	1.98e-10	5.26e-09	7.32e-06	1.34e-03	5.07e-02	3.55e-01	3.82e-01	1.71e-01	2.96e-02	7.31e-03	2.58e-03	4.67e-05	2.57e-07
 1.72214e+22	1.43e-25	1.91e-12	2.44e-10	6.32e-09	8.40e-06	1.49e-03	5.43e-02	3.69e-01	3.77e-01	1.62e-01	2.70e-02	6.57e-03	2.23e-03	3.89e-05	2.06e-07
 1.74360e+22	1.91e-25	2.63e-12	3.21e-10	8.02e-09	1.01e-05	1.70e-03	5.93e-02	3.86e-01	3.71e-01	1.51e-01	2.39e-02	5.71e-03	1.85e-03	3.06e-05	1.53e-07
 1.76522e+22	2.42e-25	3.35e-12	3.96e-10	9.62e-09	1.15e-05	1.87e-03	6.33e-02	3.99e-01	3.65e-01	1.42e-01	2.17e-02	5.12e-03	1.60e-03	2.54e-05	1.22e-07
 1.78704e+22	3.27e-25	4.60e-12	5.20e-10	1.22e-08	1.38e-05	2.13e-03	6.89e-02	4.17e-01	3.56e-01	1.31e-01	1.91e-02	4.42e-03	1.32e-03	1.98e-05	0.00e+00
 1.80910e+22	4.19e-25	5.85e-12	6.42e-10	1.47e-08	1.59e-05	2.36e-03	7.35e-02	4.30e-01	3.49e-01	1.23e-01	1.73e-02	3.94e-03	1.13e-03	1.63e-05	0.00e+00
 1.83148e+22	5.77e-25	8.00e-12	8.43e-10	1.87e-08	1.90e-05	2.68e-03	7.98e-02	4.46e-01	3.39e-01	1.13e-01	1.51e-02	3.38e-03	9.27e-04	1.27e-05	0.00e+00
 1.85425e+22	7.49e-25	1.02e-11	1.04e-09	2.25e-08	2.19e-05	2.96e-03	8.50e-02	4.58e-01	3.31e-01	1.06e-01	1.36e-02	3.00e-03	7.91e-04	1.04e-05	0.00e+00
 1.87750e+22	1.05e-24	1.40e-11	1.37e-09	2.88e-08	2.63e-05	3.37e-03	9.22e-02	4.74e-01	3.19e-01	9.64e-02	1.18e-02	2.55e-03	6.41e-04	7.93e-06	0.00e+00
 1.90126e+22	1.39e-24	1.79e-11	1.70e-09	3.48e-08	3.04e-05	3.72e-03	9.80e-02	4.86e-01	3.10e-01	8.96e-02	1.05e-02	2.24e-03	5.43e-04	6.43e-06	0.00e+00
 1.92568e+22	2.00e-24	2.46e-11	2.26e-09	4.48e-08	3.66e-05	4.24e-03	1.06e-01	5.00e-01	2.97e-01	8.10e-02	9.05e-03	1.89e-03	4.34e-04	4.86e-06	0.00e+00
 1.94876e+22	2.55e-24	3.02e-11	2.71e-09	5.27e-08	4.14e-05	4.61e-03	1.12e-01	5.09e-01	2.89e-01	7.59e-02	8.19e-03	1.69e-03	3.76e-04	4.05e-06	0.00e+00
 1.97013e+22	3.50e-24	3.96e-11	3.45e-09	6.52e-08	4.85e-05	5.14e-03	1.19e-01	5.20e-01	2.78e-01	6.94e-02	7.17e-03	1.45e-03	3.10e-04	3.18e-06	0.00e+00
 1.99154e+22	4.48e-24	4.85e-11	4.13e-09	7.67e-08	5.47e-05	5.58e-03	1.25e-01	5.28e-01	2.69e-01	6.48e-02	6.48e-03	1.29e-03	2.67e-04	2.64e-06	0.00e+00
 2.01302e+22	6.17e-24	6.32e-11	5.24e-09	9.49e-08	6.40e-05	6.22e-03	1.33e-01	5.37e-01	2.58e-01	5.90e-02	5.65e-03	1.11e-03	2.19e-04	2.06e-06	0.00e+00
 2.03455e+22	7.87e-24	7.68e-11	6.24e-09	1.11e-07	7.19e-05	6.73e-03	1.39e-01	5.44e-01	2.49e-01	5.50e-02	5.10e-03	9.89e-04	1.89e-04	1.71e-06	0.00e+00
 2.05618e+22	1.08e-23	9.94e-11	7.87e-09	1.37e-07	8.40e-05	7.47e-03	1.48e-01	5.52e-01	2.38e-01	5.00e-02	4.44e-03	8.46e-04	1.55e-04	1.34e-06	0.00e+00
 2.07802e+22	1.38e-23	1.21e-10	9.38e-09	1.60e-07	9.43e-05	8.07e-03	1.54e-01	5.57e-01	2.30e-01	4.65e-02	4.00e-03	7.52e-04	1.33e-04	1.11e-06	0.00e+00
 2.10016e+22	1.91e-23	1.56e-10	1.18e-08	1.97e-07	1.10e-04	8.95e-03	1.63e-01	5.63e-01	2.18e-01	4.22e-02	3.47e-03	6.41e-04	1.09e-04	8.61e-07	0.00e+00
 2.12254e+22	2.45e-23	1.90e-10	1.41e-08	2.31e-07	1.24e-04	9.67e-03	1.70e-01	5.67e-01	2.10e-01	3.91e-02	3.12e-03	5.67e-04	9.34e-05	7.10e-07	0.00e+00
 2.14527e+22	3.39e-23	2.45e-10	1.78e-08	2.85e-07	1.44e-04	1.07e-02	1.80e-01	5.72e-01	1.99e-01	3.53e-02	2.70e-03	4.81e-04	7.58e-05	5.48e-07	0.00e+00
 2.16832e+22	4.37e-23	2.98e-10	2.13e-08	3.35e-07	1.62e-04	1.16e-02	1.87e-01	5.75e-01	1.91e-01	3.26e-02	2.41e-03	4.24e-04	6.47e-05	4.50e-07	0.00e+00
 2.19179e+22	6.06e-23	3.84e-10	2.69e-08	4.14e-07	1.90e-04	1.28e-02	1.98e-01	5.78e-01	1.80e-01	2.93e-02	2.07e-03	3.58e-04	5.22e-05	3.45e-07	0.00e+00
 2.21566e+22	7.85e-23	4.69e-10	3.22e-08	4.87e-07	2.14e-04	1.38e-02	2.06e-01	5.79e-01	1.72e-01	2.70e-02	1.85e-03	3.14e-04	4.43e-05	2.81e-07	0.00e+00
 2.24005e+22	1.09e-22	6.07e-10	4.09e-08	6.06e-07	2.50e-04	1.53e-02	2.17e-01	5.80e-01	1.62e-01	2.41e-02	1.58e-03	2.63e-04	3.55e-05	2.13e-07	0.00e+00
 2.26494e+22	1.43e-22	7.43e-10	4.92e-08	7.15e-07	2.83e-04	1.66e-02	2.25e-01	5.80e-01	1.54e-01	2.21e-02	1.40e-03	2.30e-04	2.99e-05	1.72e-07	0.00e+00
 2.29050e+22	2.00e-22	9.67e-10	6.29e-08	8.96e-07	3.32e-04	1.84e-02	2.37e-01	5.79e-01	1.44e-01	1.96e-02	1.19e-03	1.91e-04	2.37e-05	1.29e-07	0.00e+00
 2.31638e+22	2.62e-22	1.18e-09	7.58e-08	1.06e-06	3.76e-04	1.99e-02	2.46e-01	5.78e-01	1.37e-01	1.79e-02	1.05e-03	1.66e-04	1.99e-05	0.00e+00	0.00e+00
 2.34269e+22	3.68e-22	1.54e-09	9.71e-08	1.33e-06	4.42e-04	2.21e-02	2.59e-01	5.75e-01	1.27e-01	1.58e-02	8.84e-04	1.37e-04	1.56e-05	0.00e+00	0.00e+00
 2.36927e+22	4.80e-22	1.89e-09	1.17e-07	1.57e-06	5.00e-04	2.38e-02	2.68e-01	5.72e-01	1.20e-01	1.44e-02	7.79e-04	1.18e-04	1.31e-05	0.00e+00	0.00e+00
 2.39208e+22	6.16e-22	2.29e-09	1.40e-07	1.86e-06	5.62e-04	2.57e-02	2.77e-01	5.69e-01	1.14e-01	1.31e-02	6.88e-04	1.03e-04	1.10e-05	0.00e+00	0.00e+00
 2.41763e+22	8.47e-22	2.93e-09	1.77e-07	2.30e-06	6.55e-04	2.82e-02	2.90e-01	5.64e-01	1.06e-01	1.16e-02	5.84e-04	8.57e-05	8.73e-06	0.00e+00	0.00e+00
 2.44340e+22	1.09e-21	3.54e-09	2.11e-07	2.69e-06	7.34e-04	3.03e-02	2.99e-01	5.59e-01	9.99e-02	1.06e-02	5.17e-04	7.46e-05	7.36e-06	0.00e+00	0.00e+00
 2.46515e+22	1.36e-21	4.21e-09	2.48e-07	3.12e-06	8.16e-04	3.24e-02	3.07e-01	5.54e-01	9.48e-02	9.75e-03	4.61e-04	6.55e-05	6.26e-06	0.00e+00	0.00e+00
 2.48909e+22	1.82e-21	5.27e-09	3.07e-07	3.80e-06	9.39e-04	3.53e-02	3.19e-01	5.48e-01	8.82e-02	8.68e-03	3.95e-04	5.50e-05	5.04e-06	0.00e+00	0.00e+00
 2.51277e+22	2.26e-21	6.23e-09	3.59e-07	4.38e-06	1.04e-03	3.75e-02	3.27e-01	5.42e-01	8.37e-02	7.99e-03	3.53e-04	4.85e-05	4.32e-06	0.00e+00	0.00e+00
 2.53611e+22	2.97e-21	7.67e-09	4.36e-07	5.24e-06	1.18e-03	4.05e-02	3.38e-01	5.35e-01	7.82e-02	7.18e-03	3.07e-04	4.14e-05	3.54e-06	0.00e+00	0.00e+00
 2.56043e+22	3.77e-21	9.22e-09	5.19e-07	6.15e-06	1.32e-03	4.34e-02	3.47e-01	5.28e-01	7.35e-02	6.52e-03	2.70e-04	3.58e-05	2.97e-06	0.00e+00	0.00e+00
 2.58230e+22	4.72e-21	1.09e-08	6.10e-07	7.11e-06	1.46e-03	4.62e-02	3.56e-01	5.21e-01	6.95e-02	5.97e-03	2.40e-04	3.14e-05	2.52e-06	0.00e+00	0.00e+00
 2.60702e+22	6.25e-21	1.36e-08	7.52e-07	8.62e-06	1.67e-03	5.01e-02	3.67e-01	5.12e-01	6.43e-02	5.30e-03	2.06e-04	2.64e-05	2.03e-06	0.00e+00	0.00e+00
 2.63228e+22	7.87e-21	1.63e-08	8.91e-07	1.01e-05	1.87e-03	5.35e-02	3.76e-01	5.03e-01	6.03e-02	4.81e-03	1.81e-04	2.28e-05	1.70e-06	0.00e+00	0.00e+00
 2.65825e+22	1.05e-20	2.03e-08	1.10e-06	1.22e-05	2.13e-03	5.79e-02	3.87e-01	4.93e-01	5.58e-02	4.28e-03	1.55e-04	1.92e-05	1.37e-06	0.00e+00	0.00e+00
 2.68543e+22	1.36e-20	2.48e-08	1.33e-06	1.45e-05	2.41e-03	6.22e-02	3.97e-01	4.83e-01	5.18e-02	3.83e-03	1.34e-04	1.63e-05	1.12e-06	0.00e+00	0.00e+00
 2.70972e+22	1.73e-20	2.97e-08	1.57e-06	1.69e-05	2.68e-03	6.62e-02	4.05e-01	4.74e-01	4.86e-02	3.47e-03	1.18e-04	1.41e-05	9.42e-07	0.00e+00	0.00e+00
 2.73687e+22	2.33e-20	3.74e-08	1.96e-06	2.07e-05	3.09e-03	7.18e-02	4.16e-01	4.61e-01	4.44e-02	3.04e-03	9.97e-05	1.17e-05	7.44e-07	0.00e+00	0.00e+00
 2.76452e+22	2.97e-20	4.50e-08	2.34e-06	2.44e-05	3.45e-03	7.66e-02	4.25e-01	4.51e-01	4.13e-02	2.74e-03	8.69e-05	1.00e-05	6.16e-07	0.00e+00	0.00e+00
 2.79281e+22	4.02e-20	5.69e-08	2.92e-06	2.99e-05	3.97e-03	8.30e-02	4.35e-01	4.37e-01	3.76e-02	2.40e-03	7.31e-05	8.24e-06	4.85e-07	0.00e+00	0.00e+00
 2.82164e+22	5.18e-20	6.90e-08	3.51e-06	3.53e-05	4.46e-03	8.87e-02	4.44e-01	4.26e-01	3.48e-02	2.14e-03	6.33e-05	7.01e-06	3.98e-07	0.00e+00	0.00e+00
 2.84731e+22	6.63e-20	8.33e-08	4.20e-06	4.16e-05	4.98e-03	9.45e-02	4.52e-01	4.15e-01	3.22e-02	1.92e-03	5.49e-05	5.98e-06	3.27e-07	0.00e+00	0.00e+00
 2.87680e+22	9.05e-20	1.06e-07	5.28e-06	5.12e-05	5.74e-03	1.02e-01	4.61e-01	4.00e-01	2.92e-02	1.67e-03	4.59e-05	4.88e-06	2.55e-07	0.00e+00	0.00e+00
 2.90690e+22	1.17e-19	1.29e-07	6.37e-06	6.07e-05	6.45e-03	1.09e-01	4.69e-01	3.88e-01	2.68e-02	1.48e-03	3.94e-05	4.12e-06	2.08e-07	0.00e+00	0.00e+00
 2.93778e+22	1.62e-19	1.65e-07	8.05e-06	7.51e-05	7.45e-03	1.18e-01	4.77e-01	3.72e-01	2.41e-02	1.28e-03	3.26e-05	3.33e-06	1.60e-07	0.00e+00	0.00e+00
 2.96852e+22	2.09e-19	2.00e-07	9.66e-06	8.86e-05	8.32e-03	1.25e-01	4.83e-01	3.60e-01	2.21e-02	1.14e-03	2.81e-05	2.83e-06	1.31e-07	0.00e+00	0.00e+00
 2.99907e+22	2.86e-19	2.55e-07	1.22e-05	1.09e-04	9.58e-03	1.35e-01	4.90e-01	3.44e-01	1.98e-02	9.78e-04	2.33e-05	2.28e-06	0.00e+00	0.00e+00	0.00e+00
 3.03053e+22	3.73e-19	3.12e-07	1.47e-05	1.30e-04	1.08e-02	1.44e-01	4.96e-01	3.31e-01	1.80e-02	8.62e-04	1.98e-05	1.91e-06	0.00e+00	0.00e+00	0.00e+00
 3.06317e+22	5.19e-19	4.01e-07	1.87e-05	1.61e-04	1.24e-02	1.55e-01	5.01e-01	3.15e-01	1.61e-02	7.38e-04	1.63e-05	1.53e-06	0.00e+00	0.00e+00	0.00e+00
 3.09355e+22	6.52e-19	4.77e-07	2.20e-05	1.88e-04	1.37e-02	1.63e-01	5.04e-01	3.03e-01	1.47e-02	6.59e-04	1.41e-05	1.31e-06	0.00e+00	0.00e+00	0.00e+00
 3.11695e+22	8.08e-19	5.62e-07	2.57e-05	2.16e-04	1.50e-02	1.71e-01	5.07e-01	2.92e-01	1.36e-02	5.92e-04	1.23e-05	1.13e-06	0.00e+00	0.00e+00	0.00e+00
 3.14334e+22	1.04e-18	6.83e-07	3.10e-05	2.55e-04	1.68e-02	1.81e-01	5.09e-01	2.80e-01	1.24e-02	5.23e-04	1.05e-05	9.45e-07	0.00e+00	0.00e+00	0.00e+00
 3.17166e+22	1.32e-18	8.17e-07	3.67e-05	2.98e-04	1.85e-02	1.90e-01	5.11e-01	2.68e-01	1.13e-02	4.65e-04	9.06e-06	8.01e-07	0.00e+00	0.00e+00	0.00e+00
 3.19832e+22	1.68e-18	9.78e-07	4.35e-05	3.47e-04	2.05e-02	2.00e-01	5.12e-01	2.57e-01	1.03e-02	4.12e-04	7.80e-06	6.78e-07	0.00e+00	0.00e+00	0.00e+00
 3.22881e+22	2.28e-18	1.23e-06	5.42e-05	4.24e-04	2.33e-02	2.12e-01	5.12e-01	2.42e-01	9.09e-03	3.53e-04	6.41e-06	5.46e-07	0.00e+00	0.00e+00	0.00e+00
 3.25898e+22	2.89e-18	1.48e-06	6.41e-05	4.93e-04	2.57e-02	2.22e-01	5.12e-01	2.31e-01	8.26e-03	3.13e-04	5.50e-06	4.62e-07	0.00e+00	0.00e+00	0.00e+00
 3.28874e+22	3.87e-18	1.84e-06	7.88e-05	5.93e-04	2.89e-02	2.35e-01	5.10e-01	2.18e-01	7.34e-03	2.70e-04	4.57e-06	3.76e-07	0.00e+00	0.00e+00	0.00e+00
 3.31936e+22	4.97e-18	2.22e-06	9.41e-05	6.96e-04	3.20e-02	2.46e-01	5.08e-01	2.07e-01	6.61e-03	2.36e-04	3.87e-06	3.14e-07	0.00e+00	0.00e+00	0.00e+00
 3.34656e+22	6.27e-18	2.64e-06	1.11e-04	8.10e-04	3.51e-02	2.57e-01	5.05e-01	1.96e-01	5.97e-03	2.09e-04	3.31e-06	2.64e-07	0.00e+00	0.00e+00	0.00e+00
 3.37740e+22	8.44e-18	3.30e-06	1.37e-04	9.76e-04	3.95e-02	2.70e-01	5.00e-01	1.84e-01	5.26e-03	1.79e-04	2.72e-06	2.13e-07	0.00e+00	0.00e+00	0.00e+00
 3.40926e+22	1.09e-17	4.00e-06	1.64e-04	1.15e-03	4.37e-02	2.82e-01	4.95e-01	1.73e-01	4.69e-03	1.55e-04	2.28e-06	1.76e-07	0.00e+00	0.00e+00	0.00e+00
 3.43776e+22	1.39e-17	4.80e-06	1.94e-04	1.34e-03	4.81e-02	2.94e-01	4.89e-01	1.63e-01	4.20e-03	1.36e-04	1.93e-06	1.47e-07	0.00e+00	0.00e+00	0.00e+00
 3.47013e+22	1.90e-17	6.05e-06	2.41e-04	1.62e-03	5.40e-02	3.08e-01	4.81e-01	1.51e-01	3.65e-03	1.15e-04	1.57e-06	0.00e+00	0.00e+00	0.00e+00	0.00e+00
 3.50354e+22	2.47e-17	7.39e-06	2.90e-04	1.92e-03	5.98e-02	3.21e-01	4.73e-01	1.40e-01	3.21e-03	9.87e-05	1.30e-06	0.00e+00	0.00e+00	0.00e+00	0.00e+00
 3.53328e+22	3.18e-17	8.90e-06	3.45e-04	2.25e-03	6.57e-02	3.33e-01	4.65e-01	1.31e-01	2.85e-03	8.57e-05	1.08e-06	0.00e+00	0.00e+00	0.00e+00	0.00e+00
 3.56690e+22	4.29e-17	1.13e-05	4.29e-04	2.73e-03	7.37e-02	3.47e-01	4.54e-01	1.20e-01	2.44e-03	7.15e-05	8.66e-07	0.00e+00	0.00e+00	0.00e+00	0.00e+00
 3.60137e+22	5.61e-17	1.37e-05	5.17e-04	3.23e-03	8.14e-02	3.59e-01	4.43e-01	1.11e-01	2.13e-03	6.10e-05	7.10e-07	0.00e+00	0.00e+00	0.00e+00	0.00e+00
 3.63181e+22	7.23e-17	1.66e-05	6.14e-04	3.77e-03	8.91e-02	3.70e-01	4.32e-01	1.03e-01	1.87e-03	5.25e-05	5.88e-07	0.00e+00	0.00e+00	0.00e+00	0.00e+00
 3.66625e+22	9.98e-17	2.10e-05	7.63e-04	4.57e-03	9.96e-02	3.84e-01	4.17e-01	9.28e-02	1.58e-03	4.34e-05	4.64e-07	0.00e+00	0.00e+00	0.00e+00	0.00e+00
 3.70165e+22	1.31e-16	2.57e-05	9.19e-04	5.40e-03	1.10e-01	3.95e-01	4.03e-01	8.48e-02	1.36e-03	3.66e-05	3.75e-07	0.00e+00	0.00e+00	0.00e+00	0.00e+00
 3.73306e+22	1.71e-16	3.11e-05	1.09e-03	6.31e-03	1.20e-01	4.04e-01	3.90e-01	7.77e-02	1.18e-03	3.12e-05	3.07e-07	0.00e+00	0.00e+00	0.00e+00	0.00e+00
 3.76865e+22	2.38e-16	3.95e-05	1.36e-03	7.66e-03	1.33e-01	4.15e-01	3.72e-01	6.93e-02	9.87e-04	2.54e-05	2.38e-07	0.00e+00	0.00e+00	0.00e+00	0.00e+00
 3.80528e+22	3.16e-16	4.86e-05	1.64e-03	9.05e-03	1.46e-01	4.24e-01	3.56e-01	6.25e-02	8.38e-04	2.12e-05	1.90e-07	0.00e+00	0.00e+00	0.00e+00	0.00e+00
 3.83794e+22	4.16e-16	5.90e-05	1.95e-03	1.06e-02	1.58e-01	4.31e-01	3.41e-01	5.65e-02	7.17e-04	1.78e-05	1.53e-07	0.00e+00	0.00e+00	0.00e+00	0.00e+00
 3.87506e+22	5.92e-16	7.57e-05	2.43e-03	1.29e-02	1.76e-01	4.39e-01	3.20e-01	4.94e-02	5.84e-04	1.42e-05	1.16e-07	0.00e+00	0.00e+00	0.00e+00	0.00e+00
 3.91291e+22	7.93e-16	9.28e-05	2.91e-03	1.51e-02	1.91e-01	4.43e-01	3.03e-01	4.41e-02	4.91e-04	1.17e-05	0.00e+00	0.00e+00	0.00e+00	0.00e+00	0.00e+00
 3.95172e+22	1.15e-15	1.20e-04	3.65e-03	1.84e-02	2.11e-01	4.47e-01	2.81e-01	3.79e-02	3.93e-04	9.16e-06	0.00e+00	0.00e+00	0.00e+00	0.00e+00	0.00e+00
 3.99094e+22	1.57e-15	1.47e-04	4.37e-03	2.15e-02	2.28e-01	4.48e-01	2.64e-01	3.34e-02	3.26e-04	7.47e-06	0.00e+00	0.00e+00	0.00e+00	0.00e+00	0.00e+00
 4.02471e+22	2.09e-15	1.79e-04	5.16e-03	2.49e-02	2.45e-01	4.48e-01	2.47e-01	2.96e-02	2.73e-04	6.16e-06	0.00e+00	0.00e+00	0.00e+00	0.00e+00	0.00e+00
 4.05632e+22	2.75e-15	2.13e-04	6.00e-03	2.84e-02	2.60e-01	4.47e-01	2.32e-01	2.63e-02	2.31e-04	5.14e-06	0.00e+00	0.00e+00	0.00e+00	0.00e+00	0.00e+00
 4.09114e+22	3.85e-15	2.65e-04	7.25e-03	3.33e-02	2.80e-01	4.43e-01	2.14e-01	2.26e-02	1.86e-04	4.08e-06	0.00e+00	0.00e+00	0.00e+00	0.00e+00	0.00e+00
 4.12644e+22	5.23e-15	3.19e-04	8.46e-03	3.81e-02	2.97e-01	4.38e-01	1.98e-01	1.99e-02	1.55e-04	3.35e-06	0.00e+00	0.00e+00	0.00e+00	0.00e+00	0.00e+00
 4.15690e+22	6.83e-15	3.78e-04	9.75e-03	4.30e-02	3.13e-01	4.32e-01	1.84e-01	1.75e-02	1.30e-04	2.77e-06	0.00e+00	0.00e+00	0.00e+00	0.00e+00	0.00e+00
 4.19102e+22	9.80e-15	4.67e-04	1.16e-02	4.98e-02	3.33e-01	4.23e-01	1.68e-01	1.49e-02	1.04e-04	2.19e-06	0.00e+00	0.00e+00	0.00e+00	0.00e+00	0.00e+00
 4.22650e+22	1.36e-14	5.61e-04	1.35e-02	5.65e-02	3.50e-01	4.13e-01	1.53e-01	1.29e-02	8.54e-05	1.77e-06	0.00e+00	0.00e+00	0.00e+00	0.00e+00	0.00e+00
 4.25862e+22	1.86e-14	6.69e-04	1.56e-02	6.36e-02	3.66e-01	4.03e-01	1.40e-01	1.11e-02	7.02e-05	1.43e-06	0.00e+00	0.00e+00	0.00e+00	0.00e+00	0.00e+00
 4.29525e+22	2.76e-14	8.34e-04	1.86e-02	7.36e-02	3.85e-01	3.88e-01	1.24e-01	9.19e-03	5.45e-05	1.09e-06	0.00e+00	0.00e+00	0.00e+00	0.00e+00	0.00e+00
 4.33206e+22	3.98e-14	9.98e-04	2.15e-02	8.26e-02	4.01e-01	3.74e-01	1.12e-01	7.82e-03	4.40e-05	8.69e-07	0.00e+00	0.00e+00	0.00e+00	0.00e+00	0.00e+00
 4.36393e+22	5.41e-14	1.18e-03	2.45e-02	9.20e-02	4.14e-01	3.60e-01	1.01e-01	6.66e-03	3.57e-05	6.96e-07	0.00e+00	0.00e+00	0.00e+00	0.00e+00	0.00e+00
 4.39267e+22	7.66e-14	1.35e-03	2.73e-02	1.00e-01	4.24e-01	3.48e-01	9.29e-02	5.84e-03	3.01e-05	5.81e-07	0.00e+00	0.00e+00	0.00e+00	0.00e+00	0.00e+00
 4.42249e+22	1.04e-13	1.61e-03	3.11e-02	1.11e-01	4.36e-01	3.32e-01	8.29e-02	4.92e-03	2.42e-05	4.59e-07	0.00e+00	0.00e+00	0.00e+00	0.00e+00	0.00e+00
 4.45292e+22	1.51e-13	1.86e-03	3.48e-02	1.21e-01	4.45e-01	3.18e-01	7.49e-02	4.23e-03	1.99e-05	3.74e-07	0.00e+00	0.00e+00	0.00e+00	0.00e+00	0.00e+00
 4.47959e+22	2.07e-13	2.12e-03	3.85e-02	1.31e-01	4.53e-01	3.04e-01	6.80e-02	3.66e-03	1.66e-05	3.08e-07	0.00e+00	0.00e+00	0.00e+00	0.00e+00	0.00e+00
 4.50974e+22	3.27e-13	2.51e-03	4.36e-02	1.44e-01	4.61e-01	2.87e-01	5.97e-02	3.03e-03	1.31e-05	2.39e-07	0.00e+00	0.00e+00	0.00e+00	0.00e+00	0.00e+00
 4.54041e+22	6.12e-13	2.88e-03	4.83e-02	1.55e-01	4.66e-01	2.72e-01	5.34e-02	2.58e-03	1.07e-05	1.93e-07	0.00e+00	0.00e+00	0.00e+00	0.00e+00	0.00e+00
 4.56760e+22	9.16e-13	3.29e-03	5.33e-02	1.66e-01	4.70e-01	2.57e-01	4.79e-02	2.20e-03	8.80e-06	1.57e-07	0.00e+00	0.00e+00	0.00e+00	0.00e+00	0.00e+00
 4.59880e+22	1.88e-12	3.90e-03	6.02e-02	1.82e-01	4.73e-01	2.39e-01	4.12e-02	1.78e-03	6.78e-06	0.00e+00	0.00e+00	0.00e+00	0.00e+00	0.00e+00	0.00e+00
 4.63017e+22	3.33e-12	4.44e-03	6.60e-02	1.94e-01	4.73e-01	2.24e-01	3.66e-02	1.51e-03	5.52e-06	0.00e+00	0.00e+00	0.00e+00	0.00e+00	0.00e+00	0.00e+00
 4.66174e+22	7.10e-12	5.22e-03	7.40e-02	2.10e-01	4.72e-01	2.06e-01	3.12e-02	1.21e-03	4.22e-06	0.00e+00	0.00e+00	0.00e+00	0.00e+00	0.00e+00	0.00e+00
 4.69378e+22	3.00e-11	5.96e-03	8.11e-02	2.23e-01	4.70e-01	1.92e-01	2.73e-02	1.00e-03	3.38e-06	0.00e+00	0.00e+00	0.00e+00	0.00e+00	0.00e+00	0.00e+00
 4.72643e+22	9.13e-11	7.01e-03	9.06e-02	2.40e-01	4.65e-01	1.74e-01	2.29e-02	7.91e-04	2.54e-06	0.00e+00	0.00e+00	0.00e+00	0.00e+00	0.00e+00	0.00e+00
 4.75945e+22	1.08e-09	7.99e-03	9.89e-02	2.54e-01	4.59e-01	1.60e-01	1.98e-02	6.49e-04	2.00e-06	0.00e+00	0.00e+00	0.00e+00	0.00e+00	0.00e+00	0.00e+00
 4.77871e+22	5.10e-09	8.32e-03	1.02e-01	2.58e-01	4.57e-01	1.56e-01	1.89e-02	6.07e-04	1.85e-06	0.00e+00	0.00e+00	0.00e+00	0.00e+00	0.00e+00	0.00e+00
 4.78952e+22	1.02e-08	8.81e-03	1.05e-01	2.64e-01	4.54e-01	1.50e-01	1.77e-02	5.56e-04	1.67e-06	0.00e+00	0.00e+00	0.00e+00	0.00e+00	0.00e+00	0.00e+00
 4.80357e+22	1.56e-08	9.38e-03	1.10e-01	2.71e-01	4.50e-01	1.43e-01	1.64e-02	5.02e-04	1.48e-06	0.00e+00	0.00e+00	0.00e+00	0.00e+00	0.00e+00	0.00e+00
 4.82185e+22	2.02e-08	1.01e-02	1.16e-01	2.80e-01	4.44e-01	1.35e-01	1.49e-02	4.39e-04	1.27e-06	0.00e+00	0.00e+00	0.00e+00	0.00e+00	0.00e+00	0.00e+00
 4.84560e+22	2.99e-08	1.14e-02	1.25e-01	2.92e-01	4.35e-01	1.24e-01	1.28e-02	3.62e-04	1.01e-06	0.00e+00	0.00e+00	0.00e+00	0.00e+00	0.00e+00	0.00e+00
 4.87648e+22	4.76e-08	1.32e-02	1.36e-01	3.07e-01	4.22e-01	1.11e-01	1.06e-02	2.81e-04	7.50e-07	0.00e+00	0.00e+00	0.00e+00	0.00e+00	0.00e+00	0.00e+00
 4.90936e+22	6.44e-08	1.49e-02	1.47e-01	3.20e-01	4.10e-01	9.98e-02	8.96e-03	2.25e-04	5.79e-07	0.00e+00	0.00e+00	0.00e+00	0.00e+00	0.00e+00	0.00e+00
 4.94483e+22	1.00e-07	1.74e-02	1.61e-01	3.35e-01	3.92e-01	8.67e-02	7.13e-03	1.66e-04	4.10e-07	0.00e+00	0.00e+00	0.00e+00	0.00e+00	0.00e+00	0.00e+00
 4.98085e+22	1.43e-07	1.96e-02	1.73e-01	3.46e-01	3.78e-01	7.72e-02	5.92e-03	1.31e-04	3.10e-07	0.00e+00	0.00e+00	0.00e+00	0.00e+00	0.00e+00	0.00e+00
 5.01756e+22	2.18e-07	2.29e-02	1.89e-01	3.60e-01	3.58e-01	6.62e-02	4.64e-03	9.53e-05	2.17e-07	0.00e+00	0.00e+00	0.00e+00	0.00e+00	0.00e+00	0.00e+00
 5.05540e+22	3.24e-07	2.59e-02	2.02e-01	3.70e-01	3.40e-01	5.79e-02	3.76e-03	7.26e-05	1.59e-07	0.00e+00	0.00e+00	0.00e+00	0.00e+00	0.00e+00	0.00e+00
 5.08457e+22	4.38e-07	2.83e-02	2.12e-01	3.76e-01	3.28e-01	5.25e-02	3.23e-03	5.97e-05	1.27e-07	0.00e+00	0.00e+00	0.00e+00	0.00e+00	0.00e+00	0.00e+00
 5.11234e+22	6.08e-07	3.15e-02	2.24e-01	3.84e-01	3.12e-01	4.63e-02	2.66e-03	4.67e-05	0.00e+00	0.00e+00	0.00e+00	0.00e+00	0.00e+00	0.00e+00	0.00e+00
 5.14077e+22	7.93e-07	3.44e-02	2.34e-01	3.89e-01	2.99e-01	4.16e-02	2.26e-03	3.79e-05	0.00e+00	0.00e+00	0.00e+00	0.00e+00	0.00e+00	0.00e+00	0.00e+00
 5.17009e+22	1.09e-06	3.82e-02	2.47e-01	3.94e-01	2.82e-01	3.64e-02	1.84e-03	2.92e-05	0.00e+00	0.00e+00	0.00e+00	0.00e+00	0.00e+00	0.00e+00	0.00e+00
 5.19998e+22	1.50e-06	4.17e-02	2.58e-01	3.98e-01	2.69e-01	3.24e-02	1.55e-03	2.34e-05	0.00e+00	0.00e+00	0.00e+00	0.00e+00	0.00e+00	0.00e+00	0.00e+00
 5.22647e+22	2.02e-06	4.55e-02	2.68e-01	4.01e-01	2.55e-01	2.88e-02	1.30e-03	1.87e-05	0.00e+00	0.00e+00	0.00e+00	0.00e+00	0.00e+00	0.00e+00	0.00e+00
 5.25678e+22	2.84e-06	5.04e-02	2.81e-01	4.03e-01	2.39e-01	2.48e-02	1.04e-03	1.42e-05	0.00e+00	0.00e+00	0.00e+00	0.00e+00	0.00e+00	0.00e+00	0.00e+00
 5.28765e+22	4.22e-06	5.51e-02	2.92e-01	4.04e-01	2.26e-01	2.19e-02	8.58e-04	1.12e-05	0.00e+00	0.00e+00	0.00e+00	0.00e+00	0.00e+00	0.00e+00	0.00e+00
 5.31507e+22	5.40e-06	5.98e-02	3.03e-01	4.05e-01	2.13e-01	1.93e-02	7.13e-04	8.85e-06	0.00e+00	0.00e+00	0.00e+00	0.00e+00	0.00e+00	0.00e+00	0.00e+00
 5.34654e+22	7.82e-06	6.63e-02	3.16e-01	4.04e-01	1.97e-01	1.64e-02	5.59e-04	6.55e-06	0.00e+00	0.00e+00	0.00e+00	0.00e+00	0.00e+00	0.00e+00	0.00e+00
 5.37845e+22	1.04e-05	7.20e-02	3.26e-01	4.02e-01	1.85e-01	1.43e-02	4.59e-04	5.12e-06	0.00e+00	0.00e+00	0.00e+00	0.00e+00	0.00e+00	0.00e+00	0.00e+00
 5.40321e+22	1.39e-05	7.65e-02	3.33e-01	4.01e-01	1.76e-01	1.29e-02	3.96e-04	4.27e-06	0.00e+00	0.00e+00	0.00e+00	0.00e+00	0.00e+00	0.00e+00	0.00e+00
 5.42132e+22	1.64e-05	8.00e-02	3.38e-01	3.99e-01	1.70e-01	1.20e-02	3.56e-04	3.73e-06	0.00e+00	0.00e+00	0.00e+00	0.00e+00	0.00e+00	0.00e+00	0.00e+00
 5.43853e+22	1.96e-05	8.42e-02	3.45e-01	3.97e-01	1.63e-01	1.10e-02	3.11e-04	3.17e-06	0.00e+00	0.00e+00	0.00e+00	0.00e+00	0.00e+00	0.00e+00	0.00e+00
 5.46090e+22	2.37e-05	8.98e-02	3.53e-01	3.94e-01	1.53e-01	9.73e-03	2.62e-04	2.57e-06	0.00e+00	0.00e+00	0.00e+00	0.00e+00	0.00e+00	0.00e+00	0.00e+00
 5.48998e+22	3.47e-05	9.84e-02	3.64e-01	3.88e-01	1.41e-01	8.22e-03	2.05e-04	1.90e-06	0.00e+00	0.00e+00	0.00e+00	0.00e+00	0.00e+00	0.00e+00	0.00e+00
 5.51516e+22	4.04e-05	1.03e-01	3.69e-01	3.85e-01	1.35e-01	7.56e-03	1.82e-04	1.64e-06	0.00e+00	0.00e+00	0.00e+00	0.00e+00	0.00e+00	0.00e+00	0.00e+00
 5.53525e+22	4.87e-05	1.09e-01	3.75e-01	3.81e-01	1.28e-01	6.74e-03	1.54e-04	1.34e-06	0.00e+00	0.00e+00	0.00e+00	0.00e+00	0.00e+00	0.00e+00	0.00e+00
 5.56137e+22	5.98e-05	1.17e-01	3.83e-01	3.75e-01	1.18e-01	5.82e-03	1.25e-04	1.04e-06	0.00e+00	0.00e+00	0.00e+00	0.00e+00	0.00e+00	0.00e+00	0.00e+00
 5.59532e+22	8.28e-05	1.29e-01	3.93e-01	3.66e-01	1.07e-01	4.76e-03	9.39e-05	7.34e-07	0.00e+00	0.00e+00	0.00e+00	0.00e+00	0.00e+00	0.00e+00	0.00e+00
 5.62724e+22	9.80e-05	1.38e-01	3.98e-01	3.60e-01	9.99e-02	4.18e-03	7.81e-05	5.87e-07	0.00e+00	0.00e+00	0.00e+00	0.00e+00	0.00e+00	0.00e+00	0.00e+00
 5.65651e+22	1.22e-04	1.48e-01	4.06e-01	3.51e-01	9.13e-02	3.52e-03	6.14e-05	4.39e-07	0.00e+00	0.00e+00	0.00e+00	0.00e+00	0.00e+00	0.00e+00	0.00e+00
 5.69456e+22	1.55e-04	1.64e-01	4.14e-01	3.39e-01	8.09e-02	2.81e-03	4.46e-05	2.99e-07	0.00e+00	0.00e+00	0.00e+00	0.00e+00	0.00e+00	0.00e+00	0.00e+00
 5.73316e+22	1.88e-04	1.77e-01	4.18e-01	3.29e-01	7.35e-02	2.34e-03	3.46e-05	2.21e-07	0.00e+00	0.00e+00	0.00e+00	0.00e+00	0.00e+00	0.00e+00	0.00e+00
 5.77248e+22	2.32e-04	1.95e-01	4.24e-01	3.15e-01	6.46e-02	1.85e-03	2.48e-05	1.49e-07	0.00e+00	0.00e+00	0.00e+00	0.00e+00	0.00e+00	0.00e+00	0.00e+00
 5.81267e+22	2.78e-04	2.10e-01	4.27e-01	3.03e-01	5.80e-02	1.52e-03	1.89e-05	0.00e+00	0.00e+00	0.00e+00	0.00e+00	0.00e+00	0.00e+00	0.00e+00	0.00e+00
 5.85398e+22	3.36e-04	2.31e-01	4.29e-01	2.88e-01	5.03e-02	1.17e-03	1.33e-05	0.00e+00	0.00e+00	0.00e+00	0.00e+00	0.00e+00	0.00e+00	0.00e+00	0.00e+00
 5.89593e+22	3.94e-04	2.50e-01	4.29e-01	2.75e-01	4.47e-02	9.52e-04	9.97e-06	0.00e+00	0.00e+00	0.00e+00	0.00e+00	0.00e+00	0.00e+00	0.00e+00	0.00e+00
 5.93869e+22	4.72e-04	2.74e-01	4.28e-01	2.58e-01	3.82e-02	7.21e-04	6.83e-06	0.00e+00	0.00e+00	0.00e+00	0.00e+00	0.00e+00	0.00e+00	0.00e+00	0.00e+00
 5.98165e+22	5.40e-04	2.94e-01	4.26e-01	2.45e-01	3.39e-02	5.83e-04	5.12e-06	0.00e+00	0.00e+00	0.00e+00	0.00e+00	0.00e+00	0.00e+00	0.00e+00	0.00e+00
 6.02485e+22	6.35e-04	3.22e-01	4.20e-01	2.28e-01	2.86e-02	4.36e-04	3.47e-06	0.00e+00	0.00e+00	0.00e+00	0.00e+00	0.00e+00	0.00e+00	0.00e+00	0.00e+00
 6.06887e+22	7.18e-04	3.45e-01	4.14e-01	2.15e-01	2.50e-02	3.46e-04	2.55e-06	0.00e+00	0.00e+00	0.00e+00	0.00e+00	0.00e+00	0.00e+00	0.00e+00	0.00e+00
 6.11397e+22	8.31e-04	3.75e-01	4.05e-01	1.98e-01	2.08e-02	2.54e-04	1.69e-06	0.00e+00	0.00e+00	0.00e+00	0.00e+00	0.00e+00	0.00e+00	0.00e+00	0.00e+00
 6.15434e+22	9.15e-04	3.96e-01	3.97e-01	1.88e-01	1.86e-02	2.10e-04	1.32e-06	0.00e+00	0.00e+00	0.00e+00	0.00e+00	0.00e+00	0.00e+00	0.00e+00	0.00e+00
 6.18857e+22	1.01e-03	4.20e-01	3.88e-01	1.75e-01	1.60e-02	1.65e-04	9.55e-07	0.00e+00	0.00e+00	0.00e+00	0.00e+00	0.00e+00	0.00e+00	0.00e+00	0.00e+00
 6.22368e+22	1.11e-03	4.44e-01	3.76e-01	1.64e-01	1.41e-02	1.33e-04	7.22e-07	0.00e+00	0.00e+00	0.00e+00	0.00e+00	0.00e+00	0.00e+00	0.00e+00	0.00e+00
 6.25471e+22	1.18e-03	4.63e-01	3.68e-01	1.55e-01	1.25e-02	1.10e-04	5.61e-07	0.00e+00	0.00e+00	0.00e+00	0.00e+00	0.00e+00	0.00e+00	0.00e+00	0.00e+00
 6.28981e+22	1.31e-03	4.92e-01	3.53e-01	1.43e-01	1.05e-02	8.32e-05	3.92e-07	0.00e+00	0.00e+00	0.00e+00	0.00e+00	0.00e+00	0.00e+00	0.00e+00	0.00e+00
 6.32510e+22	1.41e-03	5.16e-01	3.40e-01	1.33e-01	9.13e-03	6.68e-05	2.95e-07	0.00e+00	0.00e+00	0.00e+00	0.00e+00	0.00e+00	0.00e+00	0.00e+00	0.00e+00
 6.36062e+22	1.54e-03	5.46e-01	3.23e-01	1.22e-01	7.56e-03	4.99e-05	2.02e-07	0.00e+00	0.00e+00	0.00e+00	0.00e+00	0.00e+00	0.00e+00	0.00e+00	0.00e+00
 6.39673e+22	1.66e-03	5.73e-01	3.07e-01	1.12e-01	6.42e-03	3.89e-05	1.47e-07	0.00e+00	0.00e+00	0.00e+00	0.00e+00	0.00e+00	0.00e+00	0.00e+00	0.00e+00
 6.42820e+22	1.77e-03	5.98e-01	2.91e-01	1.04e-01	5.46e-03	3.05e-05	0.00e+00	0.00e+00	0.00e+00	0.00e+00	0.00e+00	0.00e+00	0.00e+00	0.00e+00	0.00e+00
 6.46372e+22	1.91e-03	6.28e-01	2.72e-01	9.35e-02	4.41e-03	2.22e-05	0.00e+00	0.00e+00	0.00e+00	0.00e+00	0.00e+00	0.00e+00	0.00e+00	0.00e+00	0.00e+00
 6.50048e+22	2.05e-03	6.58e-01	2.52e-01	8.47e-02	3.59e-03	1.65e-05	0.00e+00	0.00e+00	0.00e+00	0.00e+00	0.00e+00	0.00e+00	0.00e+00	0.00e+00	0.00e+00
 6.53292e+22	2.18e-03	6.84e-01	2.34e-01	7.69e-02	2.95e-03	1.25e-05	0.00e+00	0.00e+00	0.00e+00	0.00e+00	0.00e+00	0.00e+00	0.00e+00	0.00e+00	0.00e+00
 6.56914e+22	2.34e-03	7.16e-01	2.11e-01	6.76e-02	2.26e-03	8.73e-06	0.00e+00	0.00e+00	0.00e+00	0.00e+00	0.00e+00	0.00e+00	0.00e+00	0.00e+00	0.00e+00
 6.60644e+22	2.48e-03	7.46e-01	1.90e-01	5.97e-02	1.76e-03	6.25e-06	0.00e+00	0.00e+00	0.00e+00	0.00e+00	0.00e+00	0.00e+00	0.00e+00	0.00e+00	0.00e+00
 6.63593e+22	2.58e-03	7.68e-01	1.74e-01	5.39e-02	1.42e-03	4.78e-06	0.00e+00	0.00e+00	0.00e+00	0.00e+00	0.00e+00	0.00e+00	0.00e+00	0.00e+00	0.00e+00
 6.66086e+22	2.67e-03	7.88e-01	1.60e-01	4.89e-02	1.17e-03	3.73e-06	0.00e+00	0.00e+00	0.00e+00	0.00e+00	0.00e+00	0.00e+00	0.00e+00	0.00e+00	0.00e+00
 6.68909e+22	2.79e-03	8.11e-01	1.42e-01	4.28e-02	8.97e-04	2.73e-06	0.00e+00	0.00e+00	0.00e+00	0.00e+00	0.00e+00	0.00e+00	0.00e+00	0.00e+00	0.00e+00
 6.71895e+22	2.89e-03	8.34e-01	1.25e-01	3.73e-02	6.85e-04	2.00e-06	0.00e+00	0.00e+00	0.00e+00	0.00e+00	0.00e+00	0.00e+00	0.00e+00	0.00e+00	0.00e+00
 6.73728e+22	2.91e-03	8.44e-01	1.18e-01	3.49e-02	5.98e-04	1.72e-06	0.00e+00	0.00e+00	0.00e+00	0.00e+00	0.00e+00	0.00e+00	0.00e+00	0.00e+00	0.00e+00
 6.74425e+22	2.93e-03	8.48e-01	1.15e-01	3.37e-02	5.61e-04	1.61e-06	0.00e+00	0.00e+00	0.00e+00	0.00e+00	0.00e+00	0.00e+00	0.00e+00	0.00e+00	0.00e+00
 6.74967e+22	2.94e-03	8.52e-01	1.12e-01	3.28e-02	5.32e-04	1.52e-06	0.00e+00	0.00e+00	0.00e+00	0.00e+00	0.00e+00	0.00e+00	0.00e+00	0.00e+00	0.00e+00
 6.75629e+22	2.97e-03	8.57e-01	1.08e-01	3.15e-02	4.95e-04	1.40e-06	0.00e+00	0.00e+00	0.00e+00	0.00e+00	0.00e+00	0.00e+00	0.00e+00	0.00e+00	0.00e+00
 6.76390e+22	2.99e-03	8.63e-01	1.04e-01	3.02e-02	4.57e-04	1.29e-06	0.00e+00	0.00e+00	0.00e+00	0.00e+00	0.00e+00	0.00e+00	0.00e+00	0.00e+00	0.00e+00
 6.77140e+22	3.01e-03	8.68e-01	9.98e-02	2.89e-02	4.21e-04	1.19e-06	0.00e+00	0.00e+00	0.00e+00	0.00e+00	0.00e+00	0.00e+00	0.00e+00	0.00e+00	0.00e+00
 6.77843e+22	3.03e-03	8.73e-01	9.59e-02	2.77e-02	3.90e-04	1.10e-06	0.00e+00	0.00e+00	0.00e+00	0.00e+00	0.00e+00	0.00e+00	0.00e+00	0.00e+00	0.00e+00
 6.78511e+22	3.04e-03	8.77e-01	9.28e-02	2.67e-02	3.64e-04	1.02e-06	0.00e+00	0.00e+00	0.00e+00	0.00e+00	0.00e+00	0.00e+00	0.00e+00	0.00e+00	0.00e+00
 6.79194e+22	3.06e-03	8.82e-01	8.88e-02	2.55e-02	3.36e-04	9.40e-07	0.00e+00	0.00e+00	0.00e+00	0.00e+00	0.00e+00	0.00e+00	0.00e+00	0.00e+00	0.00e+00
 6.79874e+22	3.06e-03	8.86e-01	8.60e-02	2.45e-02	3.12e-04	8.75e-07	0.00e+00	0.00e+00	0.00e+00	0.00e+00	0.00e+00	0.00e+00	0.00e+00	0.00e+00	0.00e+00
 6.80540e+22	3.08e-03	8.91e-01	8.23e-02	2.34e-02	2.88e-04	8.09e-07	0.00e+00	0.00e+00	0.00e+00	0.00e+00	0.00e+00	0.00e+00	0.00e+00	0.00e+00	0.00e+00
 6.81197e+22	3.09e-03	8.95e-01	7.91e-02	2.25e-02	2.68e-04	7.52e-07	0.00e+00	0.00e+00	0.00e+00	0.00e+00	0.00e+00	0.00e+00	0.00e+00	0.00e+00	0.00e+00
 6.81825e+22	3.09e-03	8.99e-01	7.60e-02	2.15e-02	2.48e-04	6.99e-07	0.00e+00	0.00e+00	0.00e+00	0.00e+00	0.00e+00	0.00e+00	0.00e+00	0.00e+00	0.00e+00
 6.82445e+22	3.10e-03	9.03e-01	7.32e-02	2.06e-02	2.31e-04	6.52e-07	0.00e+00	0.00e+00	0.00e+00	0.00e+00	0.00e+00	0.00e+00	0.00e+00	0.00e+00	0.00e+00
 6.83067e+22	3.11e-03	9.07e-01	7.00e-02	1.97e-02	2.14e-04	6.07e-07	0.00e+00	0.00e+00	0.00e+00	0.00e+00	0.00e+00	0.00e+00	0.00e+00	0.00e+00	0.00e+00
 6.83679e+22	3.11e-03	9.10e-01	6.74e-02	1.89e-02	1.99e-04	5.67e-07	0.00e+00	0.00e+00	0.00e+00	0.00e+00	0.00e+00	0.00e+00	0.00e+00	0.00e+00	0.00e+00
 6.84283e+22	3.12e-03	9.14e-01	6.42e-02	1.81e-02	1.84e-04	5.27e-07	0.00e+00	0.00e+00	0.00e+00	0.00e+00	0.00e+00	0.00e+00	0.00e+00	0.00e+00	0.00e+00
 6.84864e+22	3.11e-03	9.17e-01	6.21e-02	1.73e-02	1.72e-04	4.95e-07	0.00e+00	0.00e+00	0.00e+00	0.00e+00	0.00e+00	0.00e+00	0.00e+00	0.00e+00	0.00e+00
 6.85447e+22	3.11e-03	9.21e-01	5.93e-02	1.66e-02	1.60e-04	4.62e-07	0.00e+00	0.00e+00	0.00e+00	0.00e+00	0.00e+00	0.00e+00	0.00e+00	0.00e+00	0.00e+00
 6.86047e+22	3.11e-03	9.24e-01	5.65e-02	1.58e-02	1.48e-04	4.31e-07	0.00e+00	0.00e+00	0.00e+00	0.00e+00	0.00e+00	0.00e+00	0.00e+00	0.00e+00	0.00e+00
 6.86604e+22	3.11e-03	9.27e-01	5.41e-02	1.51e-02	1.38e-04	4.05e-07	0.00e+00	0.00e+00	0.00e+00	0.00e+00	0.00e+00	0.00e+00	0.00e+00	0.00e+00	0.00e+00
 6.87138e+22	3.10e-03	9.30e-01	5.22e-02	1.46e-02	1.29e-04	3.82e-07	0.00e+00	0.00e+00	0.00e+00	0.00e+00	0.00e+00	0.00e+00	0.00e+00	0.00e+00	0.00e+00
 6.87713e+22	3.10e-03	9.34e-01	4.94e-02	1.38e-02	1.20e-04	3.56e-07	0.00e+00	0.00e+00	0.00e+00	0.00e+00	0.00e+00	0.00e+00	0.00e+00	0.00e+00	0.00e+00
 6.88284e+22	3.08e-03	9.36e-01	4.76e-02	1.33e-02	1.12e-04	3.36e-07	0.00e+00	0.00e+00	0.00e+00	0.00e+00	0.00e+00	0.00e+00	0.00e+00	0.00e+00	0.00e+00
 6.88842e+22	3.07e-03	9.39e-01	4.53e-02	1.27e-02	1.04e-04	3.15e-07	0.00e+00	0.00e+00	0.00e+00	0.00e+00	0.00e+00	0.00e+00	0.00e+00	0.00e+00	0.00e+00
 6.89409e+22	3.07e-03	9.42e-01	4.28e-02	1.21e-02	9.65e-05	2.94e-07	0.00e+00	0.00e+00	0.00e+00	0.00e+00	0.00e+00	0.00e+00	0.00e+00	0.00e+00	0.00e+00
 6.89922e+22	3.05e-03	9.44e-01	4.13e-02	1.16e-02	9.10e-05	2.79e-07	0.00e+00	0.00e+00	0.00e+00	0.00e+00	0.00e+00	0.00e+00	0.00e+00	0.00e+00	0.00e+00
 6.90448e+22	3.04e-03	9.47e-01	3.90e-02	1.11e-02	8.46e-05	2.62e-07	0.00e+00	0.00e+00	0.00e+00	0.00e+00	0.00e+00	0.00e+00	0.00e+00	0.00e+00	0.00e+00
 6.90992e+22	3.02e-03	9.49e-01	3.74e-02	1.06e-02	7.95e-05	2.48e-07	0.00e+00	0.00e+00	0.00e+00	0.00e+00	0.00e+00	0.00e+00	0.00e+00	0.00e+00	0.00e+00
 6.91531e+22	3.01e-03	9.51e-01	3.53e-02	1.01e-02	7.39e-05	2.33e-07	0.00e+00	0.00e+00	0.00e+00	0.00e+00	0.00e+00	0.00e+00	0.00e+00	0.00e+00	0.00e+00
 6.92064e+22	2.98e-03	9.53e-01	3.39e-02	9.70e-03	6.96e-05	2.21e-07	0.00e+00	0.00e+00	0.00e+00	0.00e+00	0.00e+00	0.00e+00	0.00e+00	0.00e+00	0.00e+00
 6.92598e+22	2.97e-03	9.56e-01	3.18e-02	9.24e-03	6.47e-05	2.08e-07	0.00e+00	0.00e+00	0.00e+00	0.00e+00	0.00e+00	0.00e+00	0.00e+00	0.00e+00	0.00e+00
 6.93124e+22	2.94e-03	9.58e-01	3.05e-02	8.87e-03	6.11e-05	1.97e-07	0.00e+00	0.00e+00	0.00e+00	0.00e+00	0.00e+00	0.00e+00	0.00e+00	0.00e+00	0.00e+00
 6.93644e+22	2.92e-03	9.60e-01	2.87e-02	8.46e-03	5.71e-05	1.86e-07	0.00e+00	0.00e+00	0.00e+00	0.00e+00	0.00e+00	0.00e+00	0.00e+00	0.00e+00	0.00e+00
 6.94168e+22	2.89e-03	9.61e-01	2.75e-02	8.12e-03	5.39e-05	1.77e-07	0.00e+00	0.00e+00	0.00e+00	0.00e+00	0.00e+00	0.00e+00	0.00e+00	0.00e+00	0.00e+00
 6.94706e+22	2.86e-03	9.64e-01	2.58e-02	7.75e-03	5.04e-05	1.67e-07	0.00e+00	0.00e+00	0.00e+00	0.00e+00	0.00e+00	0.00e+00	0.00e+00	0.00e+00	0.00e+00
 6.95256e+22	2.83e-03	9.65e-01	2.46e-02	7.42e-03	4.75e-05	1.59e-07	0.00e+00	0.00e+00	0.00e+00	0.00e+00	0.00e+00	0.00e+00	0.00e+00	0.00e+00	0.00e+00
 6.95792e+22	2.80e-03	9.67e-01	2.31e-02	7.09e-03	4.46e-05	1.50e-07	0.00e+00	0.00e+00	0.00e+00	0.00e+00	0.00e+00	0.00e+00	0.00e+00	0.00e+00	0.00e+00
 6.96329e+22	2.77e-03	9.69e-01	2.18e-02	6.79e-03	4.20e-05	1.43e-07	0.00e+00	0.00e+00	0.00e+00	0.00e+00	0.00e+00	0.00e+00	0.00e+00	0.00e+00	0.00e+00
 6.96844e+22	2.74e-03	9.70e-01	2.06e-02	6.51e-03	3.98e-05	1.36e-07	0.00e+00	0.00e+00	0.00e+00	0.00e+00	0.00e+00	0.00e+00	0.00e+00	0.00e+00	0.00e+00
 6.97367e+22	2.70e-03	9.71e-01	1.95e-02	6.25e-03	3.77e-05	1.30e-07	0.00e+00	0.00e+00	0.00e+00	0.00e+00	0.00e+00	0.00e+00	0.00e+00	0.00e+00	0.00e+00
 6.97923e+22	2.67e-03	9.73e-01	1.83e-02	5.97e-03	3.55e-05	0.00e+00	0.00e+00	0.00e+00	0.00e+00	0.00e+00	0.00e+00	0.00e+00	0.00e+00	0.00e+00	0.00e+00
 6.98477e+22	2.63e-03	9.74e-01	1.73e-02	5.74e-03	3.36e-05	0.00e+00	0.00e+00	0.00e+00	0.00e+00	0.00e+00	0.00e+00	0.00e+00	0.00e+00	0.00e+00	0.00e+00
 6.99031e+22	2.59e-03	9.76e-01	1.62e-02	5.50e-03	3.18e-05	0.00e+00	0.00e+00	0.00e+00	0.00e+00	0.00e+00	0.00e+00	0.00e+00	0.00e+00	0.00e+00	0.00e+00
 6.99604e+22	2.55e-03	9.77e-01	1.52e-02	5.26e-03	3.01e-05	0.00e+00	0.00e+00	0.00e+00	0.00e+00	0.00e+00	0.00e+00	0.00e+00	0.00e+00	0.00e+00	0.00e+00
 7.00165e+22	2.52e-03	9.78e-01	1.43e-02	5.06e-03	2.87e-05	0.00e+00	0.00e+00	0.00e+00	0.00e+00	0.00e+00	0.00e+00	0.00e+00	0.00e+00	0.00e+00	0.00e+00
 7.00729e+22	2.48e-03	9.79e-01	1.35e-02	4.86e-03	2.73e-05	0.00e+00	0.00e+00	0.00e+00	0.00e+00	0.00e+00	0.00e+00	0.00e+00	0.00e+00	0.00e+00	0.00e+00
 7.01322e+22	2.43e-03	9.80e-01	1.26e-02	4.66e-03	2.59e-05	0.00e+00	0.00e+00	0.00e+00	0.00e+00	0.00e+00	0.00e+00	0.00e+00	0.00e+00	0.00e+00	0.00e+00
 7.01935e+22	2.39e-03	9.81e-01	1.18e-02	4.47e-03	2.47e-05	0.00e+00	0.00e+00	0.00e+00	0.00e+00	0.00e+00	0.00e+00	0.00e+00	0.00e+00	0.00e+00	0.00e+00
 7.02564e+22	2.35e-03	9.82e-01	1.10e-02	4.29e-03	2.34e-05	0.00e+00	0.00e+00	0.00e+00	0.00e+00	0.00e+00	0.00e+00	0.00e+00	0.00e+00	0.00e+00	0.00e+00
 7.03193e+22	2.31e-03	9.83e-01	1.03e-02	4.13e-03	2.24e-05	0.00e+00	0.00e+00	0.00e+00	0.00e+00	0.00e+00	0.00e+00	0.00e+00	0.00e+00	0.00e+00	0.00e+00
 7.03757e+22	2.26e-03	9.84e-01	9.76e-03	3.99e-03	2.15e-05	0.00e+00	0.00e+00	0.00e+00	0.00e+00	0.00e+00	0.00e+00	0.00e+00	0.00e+00	0.00e+00	0.00e+00
 7.04259e+22	2.24e-03	9.85e-01	9.20e-03	3.87e-03	2.08e-05	0.00e+00	0.00e+00	0.00e+00	0.00e+00	0.00e+00	0.00e+00	0.00e+00	0.00e+00	0.00e+00	0.00e+00
 7.04761e+22	2.20e-03	9.85e-01	8.78e-03	3.76e-03	2.01e-05	0.00e+00	0.00e+00	0.00e+00	0.00e+00	0.00e+00	0.00e+00	0.00e+00	0.00e+00	0.00e+00	0.00e+00
 7.05301e+22	2.17e-03	9.86e-01	8.27e-03	3.65e-03	1.94e-05	0.00e+00	0.00e+00	0.00e+00	0.00e+00	0.00e+00	0.00e+00	0.00e+00	0.00e+00	0.00e+00	0.00e+00
 7.05872e+22	2.14e-03	9.87e-01	7.78e-03	3.53e-03	1.88e-05	0.00e+00	0.00e+00	0.00e+00	0.00e+00	0.00e+00	0.00e+00	0.00e+00	0.00e+00	0.00e+00	0.00e+00
 7.06431e+22	2.11e-03	9.87e-01	7.35e-03	3.43e-03	1.81e-05	0.00e+00	0.00e+00	0.00e+00	0.00e+00	0.00e+00	0.00e+00	0.00e+00	0.00e+00	0.00e+00	0.00e+00
 7.06987e+22	2.07e-03	9.88e-01	6.95e-03	3.33e-03	1.76e-05	0.00e+00	0.00e+00	0.00e+00	0.00e+00	0.00e+00	0.00e+00	0.00e+00	0.00e+00	0.00e+00	0.00e+00
 7.07562e+22	2.04e-03	9.88e-01	6.56e-03	3.23e-03	1.70e-05	0.00e+00	0.00e+00	0.00e+00	0.00e+00	0.00e+00	0.00e+00	0.00e+00	0.00e+00	0.00e+00	0.00e+00
 7.08158e+22	2.01e-03	9.89e-01	6.18e-03	3.14e-03	1.65e-05	0.00e+00	0.00e+00	0.00e+00	0.00e+00	0.00e+00	0.00e+00	0.00e+00	0.00e+00	0.00e+00	0.00e+00
 7.08766e+22	1.98e-03	9.89e-01	5.80e-03	3.05e-03	1.60e-05	0.00e+00	0.00e+00	0.00e+00	0.00e+00	0.00e+00	0.00e+00	0.00e+00	0.00e+00	0.00e+00	0.00e+00
 7.09374e+22	1.95e-03	9.90e-01	5.49e-03	2.96e-03	1.55e-05	0.00e+00	0.00e+00	0.00e+00	0.00e+00	0.00e+00	0.00e+00	0.00e+00	0.00e+00	0.00e+00	0.00e+00
 7.09995e+22	1.93e-03	9.90e-01	5.13e-03	2.87e-03	1.51e-05	0.00e+00	0.00e+00	0.00e+00	0.00e+00	0.00e+00	0.00e+00	0.00e+00	0.00e+00	0.00e+00	0.00e+00
 7.10631e+22	1.90e-03	9.90e-01	4.86e-03	2.80e-03	1.47e-05	0.00e+00	0.00e+00	0.00e+00	0.00e+00	0.00e+00	0.00e+00	0.00e+00	0.00e+00	0.00e+00	0.00e+00
 7.11284e+22	1.87e-03	9.91e-01	4.55e-03	2.71e-03	1.42e-05	0.00e+00	0.00e+00	0.00e+00	0.00e+00	0.00e+00	0.00e+00	0.00e+00	0.00e+00	0.00e+00	0.00e+00
 7.11959e+22	1.85e-03	9.91e-01	4.24e-03	2.64e-03	1.38e-05	0.00e+00	0.00e+00	0.00e+00	0.00e+00	0.00e+00	0.00e+00	0.00e+00	0.00e+00	0.00e+00	0.00e+00
 7.12626e+22	1.82e-03	9.92e-01	3.99e-03	2.56e-03	1.35e-05	0.00e+00	0.00e+00	0.00e+00	0.00e+00	0.00e+00	0.00e+00	0.00e+00	0.00e+00	0.00e+00	0.00e+00
 7.13300e+22	1.80e-03	9.92e-01	3.74e-03	2.49e-03	1.31e-05	0.00e+00	0.00e+00	0.00e+00	0.00e+00	0.00e+00	0.00e+00	0.00e+00	0.00e+00	0.00e+00	0.00e+00
 7.14009e+22	1.78e-03	9.92e-01	3.50e-03	2.42e-03	1.28e-05	0.00e+00	0.00e+00	0.00e+00	0.00e+00	0.00e+00	0.00e+00	0.00e+00	0.00e+00	0.00e+00	0.00e+00
 7.14742e+22	1.75e-03	9.93e-01	3.27e-03	2.36e-03	1.24e-05	0.00e+00	0.00e+00	0.00e+00	0.00e+00	0.00e+00	0.00e+00	0.00e+00	0.00e+00	0.00e+00	0.00e+00
 7.15484e+22	1.73e-03	9.93e-01	3.04e-03	2.29e-03	1.21e-05	0.00e+00	0.00e+00	0.00e+00	0.00e+00	0.00e+00	0.00e+00	0.00e+00	0.00e+00	0.00e+00	0.00e+00
 7.16228e+22	1.72e-03	9.93e-01	2.84e-03	2.23e-03	1.18e-05	0.00e+00	0.00e+00	0.00e+00	0.00e+00	0.00e+00	0.00e+00	0.00e+00	0.00e+00	0.00e+00	0.00e+00
 7.16991e+22	1.70e-03	9.93e-01	2.65e-03	2.17e-03	1.15e-05	0.00e+00	0.00e+00	0.00e+00	0.00e+00	0.00e+00	0.00e+00	0.00e+00	0.00e+00	0.00e+00	0.00e+00
 7.17790e+22	1.68e-03	9.94e-01	2.46e-03	2.11e-03	1.13e-05	0.00e+00	0.00e+00	0.00e+00	0.00e+00	0.00e+00	0.00e+00	0.00e+00	0.00e+00	0.00e+00	0.00e+00
 7.18611e+22	1.67e-03	9.94e-01	2.28e-03	2.05e-03	1.10e-05	0.00e+00	0.00e+00	0.00e+00	0.00e+00	0.00e+00	0.00e+00	0.00e+00	0.00e+00	0.00e+00	0.00e+00
