#depth	N	N+	N+2	N+3	N+4	N+5	N+6	N+7
 4.62852e+21	2.08e-16	7.45e-12	1.13e-08	2.01e-06	8.45e-05	2.61e-02	3.02e-01	6.72e-01
 1.02993e+22	2.21e-15	5.85e-11	6.44e-08	8.22e-06	2.34e-04	4.84e-02	3.79e-01	5.72e-01
 1.18627e+22	7.29e-15	1.66e-10	1.57e-07	1.70e-05	3.95e-04	6.60e-02	4.19e-01	5.14e-01
 1.26444e+22	1.32e-14	2.79e-10	2.45e-07	2.46e-05	5.17e-04	7.71e-02	4.39e-01	4.83e-01
 1.29817e+22	1.57e-14	3.25e-10	2.80e-07	2.74e-05	5.60e-04	8.07e-02	4.45e-01	4.74e-01
 1.31584e+22	1.96e-14	3.96e-10	3.32e-07	3.17e-05	6.21e-04	8.56e-02	4.52e-01	4.62e-01
 1.33532e+22	2.42e-14	4.76e-10	3.90e-07	3.62e-05	6.85e-04	9.06e-02	4.59e-01	4.50e-01
 1.35715e+22	3.17e-14	6.06e-10	4.81e-07	4.32e-05	7.79e-04	9.74e-02	4.67e-01	4.35e-01
 1.37917e+22	3.91e-14	7.30e-10	5.67e-07	4.96e-05	8.61e-04	1.03e-01	4.74e-01	4.22e-01
 1.40145e+22	5.11e-14	9.29e-10	7.01e-07	5.94e-05	9.82e-04	1.11e-01	4.82e-01	4.06e-01
 1.42424e+22	6.33e-14	1.12e-09	8.30e-07	6.86e-05	1.09e-03	1.18e-01	4.88e-01	3.93e-01
 1.44728e+22	8.24e-14	1.43e-09	1.03e-06	8.23e-05	1.25e-03	1.26e-01	4.95e-01	3.77e-01
 1.47052e+22	1.01e-13	1.72e-09	1.21e-06	9.51e-05	1.39e-03	1.34e-01	5.01e-01	3.64e-01
 1.49052e+22	1.23e-13	2.04e-09	1.41e-06	1.09e-04	1.53e-03	1.41e-01	5.05e-01	3.52e-01
 1.50945e+22	1.47e-13	2.41e-09	1.64e-06	1.24e-04	1.69e-03	1.49e-01	5.09e-01	3.40e-01
 1.53079e+22	1.85e-13	2.96e-09	1.98e-06	1.46e-04	1.90e-03	1.59e-01	5.14e-01	3.25e-01
 1.55216e+22	2.19e-13	3.46e-09	2.28e-06	1.65e-04	2.09e-03	1.67e-01	5.18e-01	3.14e-01
 1.57355e+22	2.71e-13	4.22e-09	2.73e-06	1.94e-04	2.36e-03	1.77e-01	5.21e-01	2.99e-01
 1.59479e+22	3.17e-13	4.88e-09	3.13e-06	2.18e-04	2.58e-03	1.86e-01	5.23e-01	2.88e-01
 1.61597e+22	3.87e-13	5.88e-09	3.71e-06	2.55e-04	2.90e-03	1.97e-01	5.26e-01	2.74e-01
 1.63715e+22	4.49e-13	6.76e-09	4.23e-06	2.86e-04	3.16e-03	2.06e-01	5.27e-01	2.64e-01
 1.65833e+22	5.41e-13	8.07e-09	4.99e-06	3.33e-04	3.54e-03	2.18e-01	5.28e-01	2.50e-01
 1.67955e+22	6.23e-13	9.22e-09	5.65e-06	3.72e-04	3.85e-03	2.27e-01	5.28e-01	2.40e-01
 1.70080e+22	7.43e-13	1.09e-08	6.62e-06	4.30e-04	4.30e-03	2.40e-01	5.28e-01	2.28e-01
 1.72214e+22	8.49e-13	1.24e-08	7.46e-06	4.79e-04	4.67e-03	2.50e-01	5.27e-01	2.18e-01
 1.74360e+22	1.00e-12	1.46e-08	8.70e-06	5.52e-04	5.20e-03	2.63e-01	5.25e-01	2.06e-01
 1.76522e+22	1.14e-12	1.65e-08	9.78e-06	6.14e-04	5.64e-03	2.73e-01	5.23e-01	1.97e-01
 1.78704e+22	1.34e-12	1.92e-08	1.14e-05	7.04e-04	6.26e-03	2.87e-01	5.20e-01	1.86e-01
 1.80910e+22	1.52e-12	2.17e-08	1.27e-05	7.82e-04	6.78e-03	2.97e-01	5.18e-01	1.77e-01
 1.83148e+22	1.78e-12	2.53e-08	1.48e-05	8.95e-04	7.53e-03	3.12e-01	5.13e-01	1.66e-01
 1.85425e+22	2.01e-12	2.85e-08	1.66e-05	9.94e-04	8.15e-03	3.23e-01	5.09e-01	1.58e-01
 1.87750e+22	2.34e-12	3.31e-08	1.92e-05	1.14e-03	9.05e-03	3.38e-01	5.04e-01	1.48e-01
 1.90126e+22	2.65e-12	3.74e-08	2.15e-05	1.26e-03	9.80e-03	3.50e-01	4.99e-01	1.40e-01
 1.92568e+22	3.09e-12	4.35e-08	2.49e-05	1.45e-03	1.09e-02	3.66e-01	4.91e-01	1.30e-01
 1.94876e+22	3.44e-12	4.82e-08	2.75e-05	1.58e-03	1.16e-02	3.76e-01	4.86e-01	1.24e-01
 1.97013e+22	3.91e-12	5.47e-08	3.12e-05	1.77e-03	1.27e-02	3.90e-01	4.79e-01	1.16e-01
 1.99154e+22	4.33e-12	6.04e-08	3.43e-05	1.93e-03	1.36e-02	4.00e-01	4.73e-01	1.11e-01
 2.01302e+22	4.89e-12	6.83e-08	3.87e-05	2.16e-03	1.48e-02	4.14e-01	4.65e-01	1.04e-01
 2.03455e+22	5.43e-12	7.54e-08	4.26e-05	2.34e-03	1.58e-02	4.24e-01	4.59e-01	9.84e-02
 2.05618e+22	6.12e-12	8.50e-08	4.80e-05	2.61e-03	1.71e-02	4.38e-01	4.51e-01	9.19e-02
 2.07802e+22	6.79e-12	9.38e-08	5.27e-05	2.83e-03	1.82e-02	4.48e-01	4.44e-01	8.71e-02
 2.10016e+22	7.66e-12	1.06e-07	5.94e-05	3.15e-03	1.98e-02	4.62e-01	4.34e-01	8.11e-02
 2.12254e+22	8.50e-12	1.17e-07	6.53e-05	3.42e-03	2.11e-02	4.72e-01	4.27e-01	7.67e-02
 2.14527e+22	9.60e-12	1.32e-07	7.36e-05	3.81e-03	2.28e-02	4.85e-01	4.17e-01	7.11e-02
 2.16832e+22	1.07e-11	1.46e-07	8.10e-05	4.13e-03	2.43e-02	4.95e-01	4.09e-01	6.71e-02
 2.19179e+22	1.21e-11	1.65e-07	9.15e-05	4.59e-03	2.63e-02	5.09e-01	3.98e-01	6.20e-02
 2.21566e+22	1.34e-11	1.82e-07	1.01e-04	4.99e-03	2.80e-02	5.19e-01	3.90e-01	5.82e-02
 2.24005e+22	1.53e-11	2.07e-07	1.14e-04	5.55e-03	3.04e-02	5.32e-01	3.78e-01	5.35e-02
 2.26494e+22	1.71e-11	2.30e-07	1.26e-04	6.03e-03	3.23e-02	5.42e-01	3.69e-01	5.01e-02
 2.29050e+22	1.94e-11	2.61e-07	1.44e-04	6.72e-03	3.51e-02	5.55e-01	3.57e-01	4.58e-02
 2.31638e+22	2.18e-11	2.92e-07	1.59e-04	7.31e-03	3.73e-02	5.65e-01	3.48e-01	4.28e-02
 2.34269e+22	2.49e-11	3.33e-07	1.82e-04	8.14e-03	4.05e-02	5.77e-01	3.35e-01	3.89e-02
 2.36927e+22	2.80e-11	3.72e-07	2.02e-04	8.84e-03	4.30e-02	5.86e-01	3.26e-01	3.62e-02
 2.39208e+22	3.11e-11	4.11e-07	2.22e-04	9.56e-03	4.56e-02	5.94e-01	3.17e-01	3.37e-02
 2.41763e+22	3.55e-11	4.67e-07	2.52e-04	1.06e-02	4.91e-02	6.05e-01	3.05e-01	3.07e-02
 2.44340e+22	3.98e-11	5.20e-07	2.78e-04	1.14e-02	5.19e-02	6.12e-01	2.96e-01	2.86e-02
 2.46515e+22	4.40e-11	5.72e-07	3.05e-04	1.23e-02	5.46e-02	6.19e-01	2.87e-01	2.67e-02
 2.48909e+22	4.96e-11	6.43e-07	3.42e-04	1.34e-02	5.84e-02	6.27e-01	2.76e-01	2.44e-02
 2.51277e+22	5.49e-11	7.08e-07	3.74e-04	1.43e-02	6.12e-02	6.33e-01	2.69e-01	2.28e-02
 2.53611e+22	6.23e-11	7.96e-07	4.18e-04	1.56e-02	6.49e-02	6.39e-01	2.59e-01	2.10e-02
 2.56043e+22	6.93e-11	8.83e-07	4.61e-04	1.68e-02	6.85e-02	6.45e-01	2.50e-01	1.94e-02
 2.58230e+22	7.74e-11	9.77e-07	5.06e-04	1.80e-02	7.18e-02	6.50e-01	2.42e-01	1.81e-02
 2.60702e+22	8.80e-11	1.11e-06	5.70e-04	1.96e-02	7.64e-02	6.55e-01	2.32e-01	1.64e-02
 2.63228e+22	9.79e-11	1.22e-06	6.28e-04	2.11e-02	8.03e-02	6.60e-01	2.23e-01	1.52e-02
 2.65825e+22	1.14e-10	1.40e-06	7.10e-04	2.30e-02	8.52e-02	6.64e-01	2.13e-01	1.38e-02
 2.68543e+22	1.29e-10	1.58e-06	7.93e-04	2.49e-02	9.00e-02	6.67e-01	2.04e-01	1.26e-02
 2.70972e+22	1.46e-10	1.76e-06	8.77e-04	2.67e-02	9.43e-02	6.70e-01	1.97e-01	1.16e-02
 2.73687e+22	1.69e-10	2.03e-06	9.98e-04	2.93e-02	1.00e-01	6.73e-01	1.86e-01	1.04e-02
 2.76452e+22	1.92e-10	2.27e-06	1.11e-03	3.15e-02	1.05e-01	6.74e-01	1.79e-01	9.54e-03
 2.79281e+22	2.25e-10	2.64e-06	1.27e-03	3.45e-02	1.12e-01	6.75e-01	1.69e-01	8.52e-03
 2.82164e+22	2.58e-10	2.98e-06	1.42e-03	3.72e-02	1.17e-01	6.75e-01	1.61e-01	7.75e-03
 2.84731e+22	2.95e-10	3.36e-06	1.58e-03	4.00e-02	1.23e-01	6.75e-01	1.53e-01	7.06e-03
 2.87680e+22	3.50e-10	3.93e-06	1.81e-03	4.39e-02	1.30e-01	6.73e-01	1.44e-01	6.25e-03
 2.90690e+22	4.04e-10	4.46e-06	2.03e-03	4.74e-02	1.37e-01	6.71e-01	1.37e-01	5.65e-03
 2.93778e+22	4.86e-10	5.26e-06	2.34e-03	5.21e-02	1.45e-01	6.68e-01	1.28e-01	4.96e-03
 2.96852e+22	5.64e-10	5.99e-06	2.62e-03	5.60e-02	1.51e-01	6.64e-01	1.21e-01	4.48e-03
 2.99907e+22	6.75e-10	7.04e-06	3.02e-03	6.14e-02	1.60e-01	6.59e-01	1.13e-01	3.93e-03
 3.03053e+22	7.89e-10	8.08e-06	3.40e-03	6.62e-02	1.67e-01	6.53e-01	1.06e-01	3.51e-03
 3.06317e+22	9.63e-10	9.60e-06	3.94e-03	7.26e-02	1.76e-01	6.46e-01	9.84e-02	3.05e-03
 3.09355e+22	1.10e-09	1.08e-05	4.37e-03	7.75e-02	1.83e-01	6.39e-01	9.30e-02	2.76e-03
 3.11695e+22	1.26e-09	1.21e-05	4.81e-03	8.23e-02	1.89e-01	6.33e-01	8.82e-02	2.51e-03
 3.14334e+22	1.47e-09	1.39e-05	5.39e-03	8.83e-02	1.97e-01	6.25e-01	8.27e-02	2.23e-03
 3.17166e+22	1.70e-09	1.58e-05	5.99e-03	9.43e-02	2.04e-01	6.16e-01	7.77e-02	2.00e-03
 3.19832e+22	1.98e-09	1.79e-05	6.66e-03	1.01e-01	2.11e-01	6.07e-01	7.30e-02	1.80e-03
 3.22881e+22	2.40e-09	2.11e-05	7.64e-03	1.09e-01	2.20e-01	5.95e-01	6.71e-02	1.55e-03
 3.25898e+22	2.78e-09	2.40e-05	8.48e-03	1.16e-01	2.27e-01	5.84e-01	6.28e-02	1.39e-03
 3.28874e+22	3.36e-09	2.81e-05	9.63e-03	1.25e-01	2.35e-01	5.71e-01	5.78e-02	1.20e-03
 3.31936e+22	3.94e-09	3.22e-05	1.07e-02	1.34e-01	2.43e-01	5.58e-01	5.37e-02	1.06e-03
 3.34656e+22	4.59e-09	3.66e-05	1.19e-02	1.42e-01	2.49e-01	5.46e-01	5.00e-02	9.42e-04
 3.37740e+22	5.57e-09	4.30e-05	1.35e-02	1.52e-01	2.57e-01	5.30e-01	4.56e-02	8.09e-04
 3.40926e+22	6.59e-09	4.95e-05	1.51e-02	1.62e-01	2.64e-01	5.15e-01	4.20e-02	7.06e-04
 3.43776e+22	7.74e-09	5.66e-05	1.68e-02	1.72e-01	2.71e-01	5.01e-01	3.87e-02	6.18e-04
 3.47013e+22	9.51e-09	6.70e-05	1.91e-02	1.85e-01	2.78e-01	4.82e-01	3.49e-02	5.23e-04
 3.50354e+22	1.14e-08	7.76e-05	2.14e-02	1.97e-01	2.85e-01	4.65e-01	3.18e-02	4.50e-04
 3.53328e+22	1.34e-08	8.90e-05	2.38e-02	2.08e-01	2.90e-01	4.49e-01	2.90e-02	3.90e-04
 3.56690e+22	1.62e-08	1.06e-04	2.71e-02	2.22e-01	2.96e-01	4.28e-01	2.58e-02	3.24e-04
 3.60137e+22	1.94e-08	1.23e-04	3.02e-02	2.35e-01	3.01e-01	4.10e-01	2.33e-02	2.75e-04
 3.63181e+22	2.31e-08	1.41e-04	3.35e-02	2.48e-01	3.05e-01	3.92e-01	2.10e-02	2.36e-04
 3.66625e+22	2.87e-08	1.68e-04	3.80e-02	2.64e-01	3.09e-01	3.70e-01	1.85e-02	1.93e-04
 3.70165e+22	3.47e-08	1.95e-04	4.24e-02	2.78e-01	3.12e-01	3.51e-01	1.65e-02	1.62e-04
 3.73306e+22	4.15e-08	2.25e-04	4.68e-02	2.91e-01	3.14e-01	3.33e-01	1.47e-02	1.36e-04
 3.76865e+22	5.21e-08	2.69e-04	5.30e-02	3.08e-01	3.15e-01	3.11e-01	1.27e-02	1.10e-04
 3.80528e+22	6.34e-08	3.13e-04	5.89e-02	3.23e-01	3.15e-01	2.91e-01	1.12e-02	9.03e-05
 3.83794e+22	7.64e-08	3.61e-04	6.50e-02	3.37e-01	3.14e-01	2.74e-01	9.84e-03	7.49e-05
 3.87506e+22	9.71e-08	4.34e-04	7.35e-02	3.54e-01	3.12e-01	2.51e-01	8.33e-03	5.86e-05
 3.91291e+22	1.18e-07	5.04e-04	8.11e-02	3.68e-01	3.10e-01	2.33e-01	7.23e-03	4.76e-05
 3.95172e+22	1.52e-07	6.08e-04	9.16e-02	3.85e-01	3.05e-01	2.11e-01	6.01e-03	3.65e-05
 3.99094e+22	1.86e-07	7.08e-04	1.01e-01	3.99e-01	3.00e-01	1.95e-01	5.16e-03	2.93e-05
 4.02471e+22	2.24e-07	8.14e-04	1.10e-01	4.10e-01	2.95e-01	1.79e-01	4.45e-03	2.37e-05
 4.05632e+22	2.67e-07	9.26e-04	1.19e-01	4.21e-01	2.89e-01	1.66e-01	3.87e-03	1.94e-05
 4.09114e+22	3.31e-07	1.09e-03	1.31e-01	4.33e-01	2.82e-01	1.50e-01	3.24e-03	1.51e-05
 4.12644e+22	3.98e-07	1.24e-03	1.42e-01	4.42e-01	2.75e-01	1.38e-01	2.78e-03	1.22e-05
 4.15690e+22	4.71e-07	1.40e-03	1.52e-01	4.50e-01	2.67e-01	1.27e-01	2.41e-03	9.91e-06
 4.19102e+22	5.81e-07	1.63e-03	1.66e-01	4.59e-01	2.58e-01	1.14e-01	2.00e-03	7.66e-06
 4.22650e+22	7.00e-07	1.86e-03	1.78e-01	4.66e-01	2.49e-01	1.03e-01	1.69e-03	6.07e-06
 4.25862e+22	8.35e-07	2.11e-03	1.91e-01	4.71e-01	2.41e-01	9.36e-02	1.44e-03	4.84e-06
 4.29525e+22	1.04e-06	2.47e-03	2.08e-01	4.77e-01	2.29e-01	8.25e-02	1.17e-03	3.62e-06
 4.33206e+22	1.25e-06	2.81e-03	2.23e-01	4.80e-01	2.19e-01	7.42e-02	9.76e-04	2.83e-06
 4.36393e+22	1.49e-06	3.17e-03	2.37e-01	4.82e-01	2.10e-01	6.68e-02	8.22e-04	2.23e-06
 4.39267e+22	1.71e-06	3.49e-03	2.49e-01	4.83e-01	2.02e-01	6.13e-02	7.14e-04	1.84e-06
 4.42249e+22	2.04e-06	3.94e-03	2.64e-01	4.84e-01	1.93e-01	5.49e-02	5.96e-04	1.44e-06
 4.45292e+22	2.37e-06	4.37e-03	2.77e-01	4.83e-01	1.84e-01	4.98e-02	5.09e-04	1.16e-06
 4.47959e+22	2.72e-06	4.80e-03	2.90e-01	4.82e-01	1.77e-01	4.54e-02	4.38e-04	9.46e-07
 4.50974e+22	3.23e-06	5.42e-03	3.07e-01	4.80e-01	1.67e-01	4.02e-02	3.61e-04	7.27e-07
 4.54041e+22	3.73e-06	5.98e-03	3.21e-01	4.77e-01	1.59e-01	3.64e-02	3.07e-04	5.84e-07
 4.56760e+22	4.28e-06	6.57e-03	3.35e-01	4.74e-01	1.51e-01	3.29e-02	2.62e-04	4.71e-07
 4.59880e+22	5.11e-06	7.43e-03	3.53e-01	4.69e-01	1.42e-01	2.89e-02	2.13e-04	3.55e-07
 4.63017e+22	5.85e-06	8.15e-03	3.68e-01	4.64e-01	1.34e-01	2.60e-02	1.80e-04	2.84e-07
 4.66174e+22	6.96e-06	9.18e-03	3.86e-01	4.57e-01	1.25e-01	2.27e-02	1.46e-04	2.13e-07
 4.69378e+22	8.00e-06	1.01e-02	4.01e-01	4.50e-01	1.18e-01	2.03e-02	1.22e-04	1.68e-07
 4.72643e+22	9.54e-06	1.14e-02	4.20e-01	4.41e-01	1.09e-01	1.76e-02	9.75e-05	1.24e-07
 4.75945e+22	1.10e-05	1.25e-02	4.36e-01	4.33e-01	1.02e-01	1.56e-02	8.11e-05	0.00e+00
 4.77871e+22	1.15e-05	1.29e-02	4.41e-01	4.31e-01	1.00e-01	1.50e-02	7.63e-05	0.00e+00
 4.78952e+22	1.22e-05	1.34e-02	4.48e-01	4.27e-01	9.72e-02	1.42e-02	7.03e-05	0.00e+00
 4.80357e+22	1.31e-05	1.41e-02	4.56e-01	4.23e-01	9.40e-02	1.34e-02	6.39e-05	0.00e+00
 4.82185e+22	1.43e-05	1.49e-02	4.66e-01	4.17e-01	9.00e-02	1.24e-02	5.67e-05	0.00e+00
 4.84560e+22	1.63e-05	1.63e-02	4.80e-01	4.08e-01	8.43e-02	1.11e-02	4.74e-05	0.00e+00
 4.87648e+22	1.92e-05	1.82e-02	4.98e-01	3.97e-01	7.74e-02	9.54e-03	3.77e-05	0.00e+00
 4.90936e+22	2.20e-05	1.99e-02	5.13e-01	3.86e-01	7.19e-02	8.39e-03	3.09e-05	0.00e+00
 4.94483e+22	2.65e-05	2.25e-02	5.33e-01	3.72e-01	6.50e-02	7.06e-03	2.38e-05	0.00e+00
 4.98085e+22	3.06e-05	2.47e-02	5.49e-01	3.61e-01	5.98e-02	6.15e-03	1.92e-05	0.00e+00
 5.01756e+22	3.68e-05	2.79e-02	5.68e-01	3.46e-01	5.37e-02	5.15e-03	1.46e-05	0.00e+00
 5.05540e+22	4.30e-05	3.08e-02	5.83e-01	3.33e-01	4.89e-02	4.42e-03	1.16e-05	0.00e+00
 5.08457e+22	4.79e-05	3.30e-02	5.94e-01	3.23e-01	4.57e-02	3.96e-03	9.77e-06	0.00e+00
 5.11234e+22	5.48e-05	3.61e-02	6.07e-01	3.12e-01	4.20e-02	3.45e-03	7.91e-06	0.00e+00
 5.14077e+22	6.13e-05	3.87e-02	6.17e-01	3.02e-01	3.90e-02	3.07e-03	6.64e-06	0.00e+00
 5.17009e+22	7.03e-05	4.23e-02	6.30e-01	2.90e-01	3.56e-02	2.66e-03	5.33e-06	0.00e+00
 5.19998e+22	7.89e-05	4.55e-02	6.40e-01	2.79e-01	3.29e-02	2.35e-03	4.41e-06	0.00e+00
 5.22647e+22	8.84e-05	4.89e-02	6.49e-01	2.69e-01	3.04e-02	2.08e-03	3.66e-06	0.00e+00
 5.25678e+22	1.02e-04	5.35e-02	6.60e-01	2.57e-01	2.76e-02	1.78e-03	2.90e-06	0.00e+00
 5.28765e+22	1.14e-04	5.75e-02	6.69e-01	2.47e-01	2.53e-02	1.56e-03	2.38e-06	0.00e+00
 5.31507e+22	1.28e-04	6.18e-02	6.77e-01	2.37e-01	2.33e-02	1.38e-03	1.96e-06	0.00e+00
 5.34654e+22	1.48e-04	6.77e-02	6.86e-01	2.24e-01	2.09e-02	1.16e-03	1.53e-06	0.00e+00
 5.37845e+22	1.66e-04	7.26e-02	6.93e-01	2.14e-01	1.91e-02	1.02e-03	1.24e-06	0.00e+00
 5.40321e+22	1.81e-04	7.64e-02	6.98e-01	2.07e-01	1.78e-02	9.20e-04	1.07e-06	0.00e+00
 5.42132e+22	1.92e-04	7.93e-02	7.01e-01	2.02e-01	1.70e-02	8.55e-04	9.57e-07	0.00e+00
 5.43853e+22	2.07e-04	8.31e-02	7.04e-01	1.95e-01	1.60e-02	7.81e-04	8.35e-07	0.00e+00
 5.46090e+22	2.28e-04	8.82e-02	7.09e-01	1.87e-01	1.48e-02	6.95e-04	7.01e-07	0.00e+00
 5.48998e+22	2.62e-04	9.58e-02	7.14e-01	1.76e-01	1.32e-02	5.89e-04	5.47e-07	0.00e+00
 5.51516e+22	2.79e-04	9.94e-02	7.16e-01	1.71e-01	1.25e-02	5.43e-04	4.83e-07	0.00e+00
 5.53525e+22	3.05e-04	1.05e-01	7.18e-01	1.64e-01	1.16e-02	4.86e-04	4.09e-07	0.00e+00
 5.56137e+22	3.41e-04	1.12e-01	7.21e-01	1.56e-01	1.05e-02	4.21e-04	3.31e-07	0.00e+00
 5.59532e+22	3.96e-04	1.23e-01	7.23e-01	1.44e-01	9.20e-03	3.47e-04	2.47e-07	0.00e+00
 5.62724e+22	4.35e-04	1.30e-01	7.24e-01	1.37e-01	8.44e-03	3.06e-04	2.05e-07	0.00e+00
 5.65651e+22	4.92e-04	1.40e-01	7.24e-01	1.28e-01	7.53e-03	2.60e-04	1.61e-07	0.00e+00
 5.69456e+22	5.78e-04	1.54e-01	7.22e-01	1.17e-01	6.48e-03	2.09e-04	0.00e+00	0.00e+00
 5.73316e+22	6.54e-04	1.65e-01	7.20e-01	1.09e-01	5.74e-03	1.76e-04	0.00e+00	0.00e+00
 5.77248e+22	7.67e-04	1.81e-01	7.15e-01	9.88e-02	4.91e-03	1.40e-04	0.00e+00	0.00e+00
 5.81267e+22	8.74e-04	1.94e-01	7.10e-01	9.08e-02	4.30e-03	1.16e-04	0.00e+00	0.00e+00
 5.85398e+22	1.03e-03	2.14e-01	7.00e-01	8.13e-02	3.62e-03	9.05e-05	0.00e+00	0.00e+00
 5.89593e+22	1.18e-03	2.29e-01	6.92e-01	7.41e-02	3.15e-03	7.41e-05	0.00e+00	0.00e+00
 5.93869e+22	1.40e-03	2.53e-01	6.78e-01	6.52e-02	2.61e-03	5.66e-05	0.00e+00	0.00e+00
 5.98165e+22	1.59e-03	2.70e-01	6.67e-01	5.90e-02	2.26e-03	4.61e-05	0.00e+00	0.00e+00
 6.02485e+22	1.90e-03	2.97e-01	6.48e-01	5.13e-02	1.86e-03	3.47e-05	0.00e+00	0.00e+00
 6.06887e+22	2.17e-03	3.18e-01	6.32e-01	4.57e-02	1.59e-03	2.76e-05	0.00e+00	0.00e+00
 6.11397e+22	2.60e-03	3.50e-01	6.07e-01	3.89e-02	1.29e-03	2.03e-05	0.00e+00	0.00e+00
 6.15434e+22	2.90e-03	3.68e-01	5.93e-01	3.52e-02	1.13e-03	1.68e-05	0.00e+00	0.00e+00
 6.18857e+22	3.33e-03	3.95e-01	5.70e-01	3.07e-02	9.51e-04	1.30e-05	0.00e+00	0.00e+00
 6.22368e+22	3.76e-03	4.18e-01	5.50e-01	2.72e-02	8.21e-04	1.05e-05	0.00e+00	0.00e+00
 6.25471e+22	4.18e-03	4.40e-01	5.31e-01	2.42e-02	7.14e-04	8.52e-06	0.00e+00	0.00e+00
 6.28981e+22	4.85e-03	4.73e-01	5.01e-01	2.05e-02	5.86e-04	6.34e-06	0.00e+00	0.00e+00
 6.32510e+22	5.46e-03	4.99e-01	4.78e-01	1.78e-02	5.00e-04	4.99e-06	0.00e+00	0.00e+00
 6.36062e+22	6.36e-03	5.34e-01	4.45e-01	1.47e-02	4.03e-04	3.61e-06	0.00e+00	0.00e+00
 6.39673e+22	7.23e-03	5.64e-01	4.16e-01	1.24e-02	3.34e-04	2.71e-06	0.00e+00	0.00e+00
 6.42820e+22	8.19e-03	5.93e-01	3.88e-01	1.04e-02	2.77e-04	2.04e-06	0.00e+00	0.00e+00
 6.46372e+22	9.58e-03	6.32e-01	3.50e-01	8.21e-03	2.15e-04	1.39e-06	0.00e+00	0.00e+00
 6.50048e+22	1.11e-02	6.66e-01	3.17e-01	6.53e-03	1.69e-04	9.63e-07	0.00e+00	0.00e+00
 6.53292e+22	1.26e-02	6.97e-01	2.85e-01	5.19e-03	1.33e-04	6.70e-07	0.00e+00	0.00e+00
 6.56914e+22	1.50e-02	7.36e-01	2.45e-01	3.79e-03	9.66e-05	4.11e-07	0.00e+00	0.00e+00
 6.60644e+22	1.75e-02	7.69e-01	2.10e-01	2.78e-03	7.05e-05	2.55e-07	0.00e+00	0.00e+00
 6.63593e+22	1.98e-02	7.94e-01	1.84e-01	2.14e-03	5.39e-05	1.71e-07	0.00e+00	0.00e+00
 6.66086e+22	2.22e-02	8.15e-01	1.61e-01	1.66e-03	4.15e-05	0.00e+00	0.00e+00	0.00e+00
 6.68909e+22	2.57e-02	8.39e-01	1.34e-01	1.18e-03	2.93e-05	0.00e+00	0.00e+00	0.00e+00
 6.71895e+22	2.97e-02	8.60e-01	1.10e-01	8.31e-04	2.03e-05	0.00e+00	0.00e+00	0.00e+00
 6.73728e+22	3.20e-02	8.69e-01	9.86e-02	6.90e-04	1.67e-05	0.00e+00	0.00e+00	0.00e+00
 6.74425e+22	3.31e-02	8.72e-01	9.38e-02	6.34e-04	1.53e-05	0.00e+00	0.00e+00	0.00e+00
 6.74967e+22	3.40e-02	8.75e-01	8.99e-02	5.90e-04	1.41e-05	0.00e+00	0.00e+00	0.00e+00
 6.75629e+22	3.53e-02	8.79e-01	8.49e-02	5.37e-04	1.27e-05	0.00e+00	0.00e+00	0.00e+00
 6.76390e+22	3.69e-02	8.83e-01	7.96e-02	4.82e-04	1.13e-05	0.00e+00	0.00e+00	0.00e+00
 6.77140e+22	3.85e-02	8.86e-01	7.46e-02	4.34e-04	1.01e-05	0.00e+00	0.00e+00	0.00e+00
 6.77843e+22	4.01e-02	8.89e-01	7.01e-02	3.92e-04	9.02e-06	0.00e+00	0.00e+00	0.00e+00
 6.78511e+22	4.16e-02	8.92e-01	6.60e-02	3.57e-04	8.11e-06	0.00e+00	0.00e+00	0.00e+00
 6.79194e+22	4.34e-02	8.95e-01	6.18e-02	3.22e-04	7.21e-06	0.00e+00	0.00e+00	0.00e+00
 6.79874e+22	4.51e-02	8.97e-01	5.80e-02	2.92e-04	6.44e-06	0.00e+00	0.00e+00	0.00e+00
 6.80540e+22	4.71e-02	8.98e-01	5.42e-02	2.63e-04	5.72e-06	0.00e+00	0.00e+00	0.00e+00
 6.81197e+22	4.90e-02	9.00e-01	5.08e-02	2.39e-04	5.09e-06	0.00e+00	0.00e+00	0.00e+00
 6.81825e+22	5.10e-02	9.01e-01	4.75e-02	2.17e-04	4.54e-06	0.00e+00	0.00e+00	0.00e+00
 6.82445e+22	5.31e-02	9.02e-01	4.45e-02	1.97e-04	4.05e-06	0.00e+00	0.00e+00	0.00e+00
 6.83067e+22	5.54e-02	9.03e-01	4.16e-02	1.79e-04	3.59e-06	0.00e+00	0.00e+00	0.00e+00
 6.83679e+22	5.76e-02	9.03e-01	3.89e-02	1.63e-04	3.20e-06	0.00e+00	0.00e+00	0.00e+00
 6.84283e+22	6.03e-02	9.03e-01	3.62e-02	1.48e-04	2.82e-06	0.00e+00	0.00e+00	0.00e+00
 6.84864e+22	6.26e-02	9.03e-01	3.39e-02	1.35e-04	2.52e-06	0.00e+00	0.00e+00	0.00e+00
 6.85447e+22	6.53e-02	9.03e-01	3.16e-02	1.23e-04	2.24e-06	0.00e+00	0.00e+00	0.00e+00
 6.86047e+22	6.84e-02	9.02e-01	2.93e-02	1.12e-04	1.97e-06	0.00e+00	0.00e+00	0.00e+00
 6.86604e+22	7.13e-02	9.01e-01	2.74e-02	1.03e-04	1.75e-06	0.00e+00	0.00e+00	0.00e+00
 6.87138e+22	7.41e-02	9.00e-01	2.57e-02	9.48e-05	1.57e-06	0.00e+00	0.00e+00	0.00e+00
 6.87713e+22	7.78e-02	8.98e-01	2.37e-02	8.63e-05	1.38e-06	0.00e+00	0.00e+00	0.00e+00
 6.88284e+22	8.10e-02	8.97e-01	2.21e-02	7.93e-05	1.22e-06	0.00e+00	0.00e+00	0.00e+00
 6.88842e+22	8.48e-02	8.95e-01	2.05e-02	7.27e-05	1.08e-06	0.00e+00	0.00e+00	0.00e+00
 6.89409e+22	8.91e-02	8.92e-01	1.89e-02	6.65e-05	9.45e-07	0.00e+00	0.00e+00	0.00e+00
 6.89922e+22	9.26e-02	8.90e-01	1.77e-02	6.18e-05	8.48e-07	0.00e+00	0.00e+00	0.00e+00
 6.90448e+22	9.73e-02	8.86e-01	1.64e-02	5.69e-05	7.45e-07	0.00e+00	0.00e+00	0.00e+00
 6.90992e+22	1.02e-01	8.83e-01	1.52e-02	5.27e-05	6.61e-07	0.00e+00	0.00e+00	0.00e+00
 6.91531e+22	1.07e-01	8.79e-01	1.40e-02	4.85e-05	5.79e-07	0.00e+00	0.00e+00	0.00e+00
 6.92064e+22	1.11e-01	8.75e-01	1.31e-02	4.50e-05	5.15e-07	0.00e+00	0.00e+00	0.00e+00
 6.92598e+22	1.17e-01	8.70e-01	1.20e-02	4.15e-05	4.50e-07	0.00e+00	0.00e+00	0.00e+00
 6.93124e+22	1.23e-01	8.66e-01	1.11e-02	3.87e-05	4.00e-07	0.00e+00	0.00e+00	0.00e+00
 6.93644e+22	1.29e-01	8.61e-01	1.03e-02	3.59e-05	3.51e-07	0.00e+00	0.00e+00	0.00e+00
 6.94168e+22	1.35e-01	8.56e-01	9.51e-03	3.35e-05	3.12e-07	0.00e+00	0.00e+00	0.00e+00
 6.94706e+22	1.42e-01	8.49e-01	8.72e-03	3.11e-05	2.72e-07	0.00e+00	0.00e+00	0.00e+00
 6.95256e+22	1.49e-01	8.43e-01	8.02e-03	2.89e-05	2.40e-07	0.00e+00	0.00e+00	0.00e+00
 6.95792e+22	1.57e-01	8.36e-01	7.36e-03	2.70e-05	2.10e-07	0.00e+00	0.00e+00	0.00e+00
 6.96329e+22	1.65e-01	8.28e-01	6.75e-03	2.52e-05	1.85e-07	0.00e+00	0.00e+00	0.00e+00
 6.96844e+22	1.73e-01	8.21e-01	6.21e-03	2.36e-05	1.63e-07	0.00e+00	0.00e+00	0.00e+00
 6.97367e+22	1.82e-01	8.13e-01	5.71e-03	2.21e-05	1.44e-07	0.00e+00	0.00e+00	0.00e+00
 6.97923e+22	1.92e-01	8.03e-01	5.20e-03	2.07e-05	1.25e-07	0.00e+00	0.00e+00	0.00e+00
 6.98477e+22	2.01e-01	7.94e-01	4.76e-03	1.94e-05	0.00e+00	0.00e+00	0.00e+00	0.00e+00
 6.99031e+22	2.12e-01	7.84e-01	4.34e-03	1.81e-05	0.00e+00	0.00e+00	0.00e+00	0.00e+00
 6.99604e+22	2.23e-01	7.73e-01	3.94e-03	1.70e-05	0.00e+00	0.00e+00	0.00e+00	0.00e+00
 7.00165e+22	2.34e-01	7.62e-01	3.58e-03	1.60e-05	0.00e+00	0.00e+00	0.00e+00	0.00e+00
 7.00729e+22	2.46e-01	7.50e-01	3.26e-03	1.50e-05	0.00e+00	0.00e+00	0.00e+00	0.00e+00
 7.01322e+22	2.59e-01	7.38e-01	2.94e-03	1.41e-05	0.00e+00	0.00e+00	0.00e+00	0.00e+00
 7.01935e+22	2.73e-01	7.25e-01	2.65e-03	1.32e-05	0.00e+00	0.00e+00	0.00e+00	0.00e+00
 7.02564e+22	2.87e-01	7.10e-01	2.38e-03	1.24e-05	0.00e+00	0.00e+00	0.00e+00	0.00e+00
 7.03193e+22	3.02e-01	6.96e-01	2.14e-03	1.16e-05	0.00e+00	0.00e+00	0.00e+00	0.00e+00
 7.03757e+22	3.15e-01	6.83e-01	1.95e-03	1.10e-05	0.00e+00	0.00e+00	0.00e+00	0.00e+00
 7.04259e+22	3.27e-01	6.71e-01	1.79e-03	1.05e-05	0.00e+00	0.00e+00	0.00e+00	0.00e+00
 7.04761e+22	3.39e-01	6.59e-01	1.64e-03	1.00e-05	0.00e+00	0.00e+00	0.00e+00	0.00e+00
 7.05301e+22	3.53e-01	6.45e-01	1.50e-03	9.51e-06	0.00e+00	0.00e+00	0.00e+00	0.00e+00
 7.05872e+22	3.67e-01	6.31e-01	1.36e-03	9.02e-06	0.00e+00	0.00e+00	0.00e+00	0.00e+00
 7.06431e+22	3.81e-01	6.17e-01	1.23e-03	8.57e-06	0.00e+00	0.00e+00	0.00e+00	0.00e+00
 7.06987e+22	3.95e-01	6.03e-01	1.12e-03	8.16e-06	0.00e+00	0.00e+00	0.00e+00	0.00e+00
 7.07562e+22	4.10e-01	5.89e-01	1.02e-03	7.75e-06	0.00e+00	0.00e+00	0.00e+00	0.00e+00
 7.08158e+22	4.25e-01	5.74e-01	9.18e-04	7.36e-06	0.00e+00	0.00e+00	0.00e+00	0.00e+00
 7.08766e+22	4.41e-01	5.58e-01	8.28e-04	6.99e-06	0.00e+00	0.00e+00	0.00e+00	0.00e+00
 7.09374e+22	4.56e-01	5.44e-01	7.48e-04	6.64e-06	0.00e+00	0.00e+00	0.00e+00	0.00e+00
 7.09995e+22	4.72e-01	5.28e-01	6.73e-04	6.30e-06	0.00e+00	0.00e+00	0.00e+00	0.00e+00
 7.10631e+22	4.87e-01	5.13e-01	6.06e-04	5.97e-06	0.00e+00	0.00e+00	0.00e+00	0.00e+00
 7.11284e+22	5.03e-01	4.96e-01	5.44e-04	5.66e-06	0.00e+00	0.00e+00	0.00e+00	0.00e+00
 7.11959e+22	5.20e-01	4.80e-01	4.86e-04	5.35e-06	0.00e+00	0.00e+00	0.00e+00	0.00e+00
 7.12626e+22	5.36e-01	4.64e-01	4.37e-04	5.08e-06	0.00e+00	0.00e+00	0.00e+00	0.00e+00
 7.13300e+22	5.51e-01	4.48e-01	3.92e-04	4.81e-06	0.00e+00	0.00e+00	0.00e+00	0.00e+00
 7.14009e+22	5.68e-01	4.32e-01	3.50e-04	4.55e-06	0.00e+00	0.00e+00	0.00e+00	0.00e+00
 7.14742e+22	5.84e-01	4.16e-01	3.12e-04	4.29e-06	0.00e+00	0.00e+00	0.00e+00	0.00e+00
 7.15484e+22	6.00e-01	4.00e-01	2.79e-04	4.05e-06	0.00e+00	0.00e+00	0.00e+00	0.00e+00
 7.16228e+22	6.16e-01	3.84e-01	2.49e-04	3.83e-06	0.00e+00	0.00e+00	0.00e+00	0.00e+00
 7.16991e+22	6.31e-01	3.68e-01	2.23e-04	3.62e-06	0.00e+00	0.00e+00	0.00e+00	0.00e+00
 7.17790e+22	6.47e-01	3.53e-01	1.99e-04	3.41e-06	0.00e+00	0.00e+00	0.00e+00	0.00e+00
 7.18611e+22	6.63e-01	3.37e-01	1.78e-04	3.21e-06	0.00e+00	0.00e+00	0.00e+00	0.00e+00
 7.19442e+22	6.78e-01	3.22e-01	1.59e-04	3.02e-06	0.00e+00	0.00e+00	0.00e+00	0.00e+00
 7.20298e+22	6.92e-01	3.08e-01	1.42e-04	2.85e-06	0.00e+00	0.00e+00	0.00e+00	0.00e+00
 7.21186e+22	7.07e-01	2.93e-01	1.27e-04	2.68e-06	0.00e+00	0.00e+00	0.00e+00	0.00e+00
 7.22093e+22	7.21e-01	2.79e-01	1.14e-04	2.52e-06	0.00e+00	0.00e+00	0.00e+00	0.00e+00
 7.23009e+22	7.34e-01	2.66e-01	1.03e-04	2.38e-06	0.00e+00	0.00e+00	0.00e+00	0.00e+00
 7.23937e+22	7.47e-01	2.53e-01	9.36e-05	2.24e-06	0.00e+00	0.00e+00	0.00e+00	0.00e+00
 7.24889e+22	7.59e-01	2.41e-01	8.49e-05	2.11e-06	0.00e+00	0.00e+00	0.00e+00	0.00e+00
 7.25882e+22	7.72e-01	2.28e-01	7.72e-05	1.99e-06	0.00e+00	0.00e+00	0.00e+00	0.00e+00
 7.26914e+22	7.84e-01	2.16e-01	7.03e-05	1.87e-06	0.00e+00	0.00e+00	0.00e+00	0.00e+00
 7.27948e+22	7.94e-01	2.06e-01	6.45e-05	1.77e-06	0.00e+00	0.00e+00	0.00e+00	0.00e+00
 7.28985e+22	8.05e-01	1.95e-01	5.94e-05	1.67e-06	0.00e+00	0.00e+00	0.00e+00	0.00e+00
 7.30080e+22	8.15e-01	1.85e-01	5.47e-05	1.58e-06	0.00e+00	0.00e+00	0.00e+00	0.00e+00
 7.31231e+22	8.26e-01	1.74e-01	5.05e-05	1.49e-06	0.00e+00	0.00e+00	0.00e+00	0.00e+00
 7.32397e+22	8.35e-01	1.65e-01	4.68e-05	1.41e-06	0.00e+00	0.00e+00	0.00e+00	0.00e+00
 7.33593e+22	8.45e-01	1.55e-01	4.36e-05	1.33e-06	0.00e+00	0.00e+00	0.00e+00	0.00e+00
 7.34839e+22	8.54e-01	1.46e-01	4.06e-05	1.25e-06	0.00e+00	0.00e+00	0.00e+00	0.00e+00
 7.36127e+22	8.63e-01	1.37e-01	3.79e-05	1.18e-06	0.00e+00	0.00e+00	0.00e+00	0.00e+00
 7.37405e+22	8.71e-01	1.29e-01	3.56e-05	1.12e-06	0.00e+00	0.00e+00	0.00e+00	0.00e+00
 7.38612e+22	8.78e-01	1.22e-01	3.37e-05	1.06e-06	0.00e+00	0.00e+00	0.00e+00	0.00e+00
 7.39753e+22	8.85e-01	1.15e-01	3.21e-05	1.01e-06	0.00e+00	0.00e+00	0.00e+00	0.00e+00
 7.40858e+22	8.91e-01	1.09e-01	3.06e-05	9.65e-07	0.00e+00	0.00e+00	0.00e+00	0.00e+00
 7.41931e+22	8.97e-01	1.03e-01	2.93e-05	9.23e-07	0.00e+00	0.00e+00	0.00e+00	0.00e+00
 7.42969e+22	9.02e-01	9.80e-02	2.82e-05	8.85e-07	0.00e+00	0.00e+00	0.00e+00	0.00e+00
 7.43966e+22	9.07e-01	9.30e-02	2.72e-05	8.49e-07	0.00e+00	0.00e+00	0.00e+00	0.00e+00
 7.44911e+22	9.11e-01	8.86e-02	2.63e-05	8.18e-07	0.00e+00	0.00e+00	0.00e+00	0.00e+00
 7.45809e+22	9.16e-01	8.44e-02	2.55e-05	7.89e-07	0.00e+00	0.00e+00	0.00e+00	0.00e+00
 7.46652e+22	9.19e-01	8.07e-02	2.48e-05	7.64e-07	0.00e+00	0.00e+00	0.00e+00	0.00e+00
 7.47466e+22	9.23e-01	7.72e-02	2.41e-05	7.40e-07	0.00e+00	0.00e+00	0.00e+00	0.00e+00
 7.48279e+22	9.26e-01	7.38e-02	2.35e-05	7.17e-07	0.00e+00	0.00e+00	0.00e+00	0.00e+00
 7.49065e+22	9.29e-01	7.07e-02	2.29e-05	6.96e-07	0.00e+00	0.00e+00	0.00e+00	0.00e+00
 7.49820e+22	9.32e-01	6.78e-02	2.24e-05	6.77e-07	0.00e+00	0.00e+00	0.00e+00	0.00e+00
 7.50547e+22	9.35e-01	6.52e-02	2.20e-05	6.60e-07	0.00e+00	0.00e+00	0.00e+00	0.00e+00
 7.51249e+22	9.37e-01	6.27e-02	2.15e-05	6.44e-07	0.00e+00	0.00e+00	0.00e+00	0.00e+00
 7.51926e+22	9.40e-01	6.04e-02	2.11e-05	6.30e-07	0.00e+00	0.00e+00	0.00e+00	0.00e+00
 7.52581e+22	9.42e-01	5.83e-02	2.08e-05	6.17e-07	0.00e+00	0.00e+00	0.00e+00	0.00e+00
 7.53213e+22	9.44e-01	5.64e-02	2.04e-05	6.06e-07	0.00e+00	0.00e+00	0.00e+00	0.00e+00
 7.53821e+22	9.45e-01	5.46e-02	2.01e-05	5.96e-07	0.00e+00	0.00e+00	0.00e+00	0.00e+00
 7.54409e+22	9.47e-01	5.29e-02	1.98e-05	5.87e-07	0.00e+00	0.00e+00	0.00e+00	0.00e+00
 7.54976e+22	9.49e-01	5.14e-02	1.96e-05	5.79e-07	0.00e+00	0.00e+00	0.00e+00	0.00e+00
 7.55524e+22	9.50e-01	5.00e-02	1.93e-05	5.73e-07	0.00e+00	0.00e+00	0.00e+00	0.00e+00
 7.56038e+22	9.51e-01	4.88e-02	1.91e-05	5.68e-07	0.00e+00	0.00e+00	0.00e+00	0.00e+00
 7.56505e+22	9.52e-01	4.78e-02	1.89e-05	5.65e-07	0.00e+00	0.00e+00	0.00e+00	0.00e+00
 7.56931e+22	9.53e-01	4.69e-02	1.88e-05	5.63e-07	0.00e+00	0.00e+00	0.00e+00	0.00e+00
 7.57318e+22	9.54e-01	4.61e-02	1.86e-05	5.61e-07	0.00e+00	0.00e+00	0.00e+00	0.00e+00
 7.57670e+22	9.54e-01	4.55e-02	1.85e-05	5.61e-07	0.00e+00	0.00e+00	0.00e+00	0.00e+00
 7.57991e+22	9.55e-01	4.49e-02	1.84e-05	5.61e-07	0.00e+00	0.00e+00	0.00e+00	0.00e+00
 7.58283e+22	9.56e-01	4.44e-02	1.83e-05	5.61e-07	0.00e+00	0.00e+00	0.00e+00	0.00e+00
 7.58602e+22	9.56e-01	4.38e-02	1.81e-05	5.61e-07	0.00e+00	0.00e+00	0.00e+00	0.00e+00
 7.58948e+22	9.57e-01	4.33e-02	1.80e-05	5.61e-07	0.00e+00	0.00e+00	0.00e+00	0.00e+00
 7.59262e+22	9.57e-01	4.28e-02	1.79e-05	5.61e-07	0.00e+00	0.00e+00	0.00e+00	0.00e+00
 7.59606e+22	9.58e-01	4.23e-02	1.78e-05	5.62e-07	0.00e+00	0.00e+00	0.00e+00	0.00e+00
 7.59977e+22	9.58e-01	4.17e-02	1.77e-05	5.63e-07	0.00e+00	0.00e+00	0.00e+00	0.00e+00
 7.60316e+22	9.59e-01	4.13e-02	1.76e-05	5.64e-07	0.00e+00	0.00e+00	0.00e+00	0.00e+00
 7.60623e+22	9.59e-01	4.09e-02	1.75e-05	5.66e-07	0.00e+00	0.00e+00	0.00e+00	0.00e+00
 7.60903e+22	9.59e-01	4.07e-02	1.74e-05	5.68e-07	0.00e+00	0.00e+00	0.00e+00	0.00e+00
 7.61158e+22	9.60e-01	4.04e-02	1.73e-05	5.74e-07	0.00e+00	0.00e+00	0.00e+00	0.00e+00
 7.61390e+22	9.60e-01	4.02e-02	1.73e-05	5.73e-07	0.00e+00	0.00e+00	0.00e+00	0.00e+00
 7.61644e+22	9.60e-01	3.99e-02	1.72e-05	5.75e-07	0.00e+00	0.00e+00	0.00e+00	0.00e+00
 7.61974e+22	9.60e-01	3.95e-02	1.71e-05	5.74e-07	0.00e+00	0.00e+00	0.00e+00	0.00e+00
 7.62404e+22	9.61e-01	3.90e-02	1.69e-05	5.73e-07	0.00e+00	0.00e+00	0.00e+00	0.00e+00
 7.62867e+22	9.62e-01	3.85e-02	1.68e-05	5.73e-07	0.00e+00	0.00e+00	0.00e+00	0.00e+00
 7.63289e+22	9.62e-01	3.81e-02	1.67e-05	5.76e-07	0.00e+00	0.00e+00	0.00e+00	0.00e+00
 7.63673e+22	9.62e-01	3.78e-02	1.66e-05	5.77e-07	0.00e+00	0.00e+00	0.00e+00	0.00e+00
 7.64022e+22	9.62e-01	3.76e-02	1.65e-05	5.79e-07	0.00e+00	0.00e+00	0.00e+00	0.00e+00
 7.64340e+22	9.63e-01	3.74e-02	1.64e-05	5.82e-07	0.00e+00	0.00e+00	0.00e+00	0.00e+00
 7.64630e+22	9.63e-01	3.72e-02	1.63e-05	5.88e-07	0.00e+00	0.00e+00	0.00e+00	0.00e+00
 7.64893e+22	9.63e-01	3.70e-02	1.63e-05	5.88e-07	0.00e+00	0.00e+00	0.00e+00	0.00e+00
 7.65181e+22	9.63e-01	3.69e-02	1.62e-05	5.92e-07	0.00e+00	0.00e+00	0.00e+00	0.00e+00
 7.65493e+22	9.63e-01	3.66e-02	1.61e-05	5.91e-07	0.00e+00	0.00e+00	0.00e+00	0.00e+00
 7.65834e+22	9.64e-01	3.63e-02	1.60e-05	5.95e-07	0.00e+00	0.00e+00	0.00e+00	0.00e+00
 7.66202e+22	9.64e-01	3.61e-02	1.60e-05	5.97e-07	0.00e+00	0.00e+00	0.00e+00	0.00e+00
 7.66538e+22	9.64e-01	3.58e-02	1.59e-05	6.00e-07	0.00e+00	0.00e+00	0.00e+00	0.00e+00
 7.66843e+22	9.64e-01	3.57e-02	1.59e-05	6.05e-07	0.00e+00	0.00e+00	0.00e+00	0.00e+00
 7.67120e+22	9.64e-01	3.56e-02	1.59e-05	6.08e-07	0.00e+00	0.00e+00	0.00e+00	0.00e+00
 7.67425e+22	9.65e-01	3.54e-02	1.58e-05	6.10e-07	0.00e+00	0.00e+00	0.00e+00	0.00e+00
 7.67753e+22	9.65e-01	3.51e-02	1.58e-05	6.13e-07	0.00e+00	0.00e+00	0.00e+00	0.00e+00
 7.68052e+22	9.65e-01	3.50e-02	1.58e-05	6.16e-07	0.00e+00	0.00e+00	0.00e+00	0.00e+00
 7.68380e+22	9.65e-01	3.48e-02	1.57e-05	6.20e-07	0.00e+00	0.00e+00	0.00e+00	0.00e+00
 7.68733e+22	9.65e-01	3.45e-02	1.57e-05	6.23e-07	0.00e+00	0.00e+00	0.00e+00	0.00e+00
 7.69055e+22	9.66e-01	3.44e-02	1.56e-05	6.25e-07	0.00e+00	0.00e+00	0.00e+00	0.00e+00
 7.69407e+22	9.66e-01	3.42e-02	1.56e-05	6.28e-07	0.00e+00	0.00e+00	0.00e+00	0.00e+00
 7.69788e+22	9.66e-01	3.39e-02	1.55e-05	6.32e-07	0.00e+00	0.00e+00	0.00e+00	0.00e+00
 7.70134e+22	9.66e-01	3.37e-02	1.55e-05	6.34e-07	0.00e+00	0.00e+00	0.00e+00	0.00e+00
 7.70450e+22	9.66e-01	3.36e-02	1.55e-05	6.37e-07	0.00e+00	0.00e+00	0.00e+00	0.00e+00
 7.70795e+22	9.67e-01	3.34e-02	1.54e-05	6.41e-07	0.00e+00	0.00e+00	0.00e+00	0.00e+00
 7.71168e+22	9.67e-01	3.32e-02	1.54e-05	6.44e-07	0.00e+00	0.00e+00	0.00e+00	0.00e+00
 7.71507e+22	9.67e-01	3.30e-02	1.54e-05	6.46e-07	0.00e+00	0.00e+00	0.00e+00	0.00e+00
 7.71816e+22	9.67e-01	3.29e-02	1.53e-05	6.52e-07	0.00e+00	0.00e+00	0.00e+00	0.00e+00
 7.72097e+22	9.67e-01	3.27e-02	1.53e-05	6.50e-07	0.00e+00	0.00e+00	0.00e+00	0.00e+00
 7.72405e+22	9.67e-01	3.25e-02	1.52e-05	6.52e-07	0.00e+00	0.00e+00	0.00e+00	0.00e+00
 7.72737e+22	9.68e-01	3.23e-02	1.52e-05	6.52e-07	0.00e+00	0.00e+00	0.00e+00	0.00e+00
 7.73102e+22	9.68e-01	3.21e-02	1.51e-05	6.52e-07	0.00e+00	0.00e+00	0.00e+00	0.00e+00
 7.73495e+22	9.68e-01	3.18e-02	1.51e-05	6.52e-07	0.00e+00	0.00e+00	0.00e+00	0.00e+00
 7.73853e+22	9.68e-01	3.16e-02	1.50e-05	6.55e-07	0.00e+00	0.00e+00	0.00e+00	0.00e+00
 7.74178e+22	9.69e-01	3.15e-02	1.50e-05	6.53e-07	0.00e+00	0.00e+00	0.00e+00	0.00e+00
 7.74535e+22	9.69e-01	3.12e-02	1.49e-05	6.54e-07	0.00e+00	0.00e+00	0.00e+00	0.00e+00
 7.74920e+22	9.69e-01	3.10e-02	1.49e-05	6.54e-07	0.00e+00	0.00e+00	0.00e+00	0.00e+00
 7.75271e+22	9.69e-01	3.08e-02	1.48e-05	6.53e-07	0.00e+00	0.00e+00	0.00e+00	0.00e+00
 7.75655e+22	9.69e-01	3.06e-02	1.48e-05	6.54e-07	0.00e+00	0.00e+00	0.00e+00	0.00e+00
 7.76070e+22	9.70e-01	3.03e-02	1.47e-05	6.54e-07	0.00e+00	0.00e+00	0.00e+00	0.00e+00
 7.76447e+22	9.70e-01	3.01e-02	1.47e-05	6.56e-07	0.00e+00	0.00e+00	0.00e+00	0.00e+00
 7.76791e+22	9.70e-01	2.99e-02	1.46e-05	6.54e-07	0.00e+00	0.00e+00	0.00e+00	0.00e+00
 7.77167e+22	9.70e-01	2.97e-02	1.46e-05	6.53e-07	0.00e+00	0.00e+00	0.00e+00	0.00e+00
 7.77573e+22	9.71e-01	2.95e-02	1.45e-05	6.54e-07	0.00e+00	0.00e+00	0.00e+00	0.00e+00
 7.77943e+22	9.71e-01	2.93e-02	1.45e-05	6.52e-07	0.00e+00	0.00e+00	0.00e+00	0.00e+00
 7.78348e+22	9.71e-01	2.90e-02	1.44e-05	6.52e-07	0.00e+00	0.00e+00	0.00e+00	0.00e+00
 7.78786e+22	9.71e-01	2.88e-02	1.44e-05	6.50e-07	0.00e+00	0.00e+00	0.00e+00	0.00e+00
 7.79184e+22	9.71e-01	2.86e-02	1.43e-05	6.48e-07	0.00e+00	0.00e+00	0.00e+00	0.00e+00
 7.79620e+22	9.72e-01	2.83e-02	1.42e-05	6.48e-07	0.00e+00	0.00e+00	0.00e+00	0.00e+00
 7.80091e+22	9.72e-01	2.80e-02	1.42e-05	6.46e-07	0.00e+00	0.00e+00	0.00e+00	0.00e+00
 7.80519e+22	9.72e-01	2.78e-02	1.41e-05	6.47e-07	0.00e+00	0.00e+00	0.00e+00	0.00e+00
 7.80909e+22	9.72e-01	2.76e-02	1.41e-05	6.44e-07	0.00e+00	0.00e+00	0.00e+00	0.00e+00
 7.81336e+22	9.73e-01	2.74e-02	1.40e-05	6.42e-07	0.00e+00	0.00e+00	0.00e+00	0.00e+00
 7.81797e+22	9.73e-01	2.71e-02	1.40e-05	6.42e-07	0.00e+00	0.00e+00	0.00e+00	0.00e+00
 7.82217e+22	9.73e-01	2.69e-02	1.39e-05	6.38e-07	0.00e+00	0.00e+00	0.00e+00	0.00e+00
 7.82677e+22	9.73e-01	2.66e-02	1.38e-05	6.35e-07	0.00e+00	0.00e+00	0.00e+00	0.00e+00
 7.83174e+22	9.74e-01	2.63e-02	1.38e-05	6.34e-07	0.00e+00	0.00e+00	0.00e+00	0.00e+00
 7.83626e+22	9.74e-01	2.61e-02	1.37e-05	6.30e-07	0.00e+00	0.00e+00	0.00e+00	0.00e+00
 7.84121e+22	9.74e-01	2.58e-02	1.36e-05	6.27e-07	0.00e+00	0.00e+00	0.00e+00	0.00e+00
 7.84655e+22	9.74e-01	2.55e-02	1.35e-05	6.23e-07	0.00e+00	0.00e+00	0.00e+00	0.00e+00
 7.85142e+22	9.75e-01	2.53e-02	1.35e-05	6.21e-07	0.00e+00	0.00e+00	0.00e+00	0.00e+00
 7.85584e+22	9.75e-01	2.51e-02	1.34e-05	6.19e-07	0.00e+00	0.00e+00	0.00e+00	0.00e+00
 7.86070e+22	9.75e-01	2.48e-02	1.34e-05	6.15e-07	0.00e+00	0.00e+00	0.00e+00	0.00e+00
 7.86593e+22	9.75e-01	2.46e-02	1.33e-05	6.13e-07	0.00e+00	0.00e+00	0.00e+00	0.00e+00
 7.87070e+22	9.76e-01	2.43e-02	1.32e-05	6.08e-07	0.00e+00	0.00e+00	0.00e+00	0.00e+00
 7.87592e+22	9.76e-01	2.40e-02	1.31e-05	6.03e-07	0.00e+00	0.00e+00	0.00e+00	0.00e+00
 7.88156e+22	9.76e-01	2.37e-02	1.31e-05	6.01e-07	0.00e+00	0.00e+00	0.00e+00	0.00e+00
 7.88669e+22	9.76e-01	2.35e-02	1.30e-05	5.95e-07	0.00e+00	0.00e+00	0.00e+00	0.00e+00
 7.89231e+22	9.77e-01	2.32e-02	1.29e-05	5.90e-07	0.00e+00	0.00e+00	0.00e+00	0.00e+00
 7.89838e+22	9.77e-01	2.29e-02	1.28e-05	5.86e-07	0.00e+00	0.00e+00	0.00e+00	0.00e+00
 7.90390e+22	9.77e-01	2.27e-02	1.28e-05	5.81e-07	0.00e+00	0.00e+00	0.00e+00	0.00e+00
 7.90995e+22	9.78e-01	2.23e-02	1.27e-05	5.74e-07	0.00e+00	0.00e+00	0.00e+00	0.00e+00
 7.91649e+22	9.78e-01	2.20e-02	1.26e-05	5.68e-07	0.00e+00	0.00e+00	0.00e+00	0.00e+00
 7.92243e+22	9.78e-01	2.18e-02	1.25e-05	5.64e-07	0.00e+00	0.00e+00	0.00e+00	0.00e+00
 7.92784e+22	9.78e-01	2.15e-02	1.24e-05	5.60e-07	0.00e+00	0.00e+00	0.00e+00	0.00e+00
 7.93377e+22	9.79e-01	2.12e-02	1.23e-05	5.53e-07	0.00e+00	0.00e+00	0.00e+00	0.00e+00
 7.94017e+22	9.79e-01	2.09e-02	1.23e-05	5.48e-07	0.00e+00	0.00e+00	0.00e+00	0.00e+00
 7.94600e+22	9.79e-01	2.07e-02	1.22e-05	5.42e-07	0.00e+00	0.00e+00	0.00e+00	0.00e+00
 7.95238e+22	9.80e-01	2.03e-02	1.21e-05	5.34e-07	0.00e+00	0.00e+00	0.00e+00	0.00e+00
 7.95927e+22	9.80e-01	2.01e-02	1.20e-05	5.29e-07	0.00e+00	0.00e+00	0.00e+00	0.00e+00
 7.96554e+22	9.80e-01	1.98e-02	1.19e-05	5.23e-07	0.00e+00	0.00e+00	0.00e+00	0.00e+00
 7.97241e+22	9.81e-01	1.94e-02	1.18e-05	5.14e-07	0.00e+00	0.00e+00	0.00e+00	0.00e+00
 7.97983e+22	9.81e-01	1.92e-02	1.17e-05	5.08e-07	0.00e+00	0.00e+00	0.00e+00	0.00e+00
 7.98658e+22	9.81e-01	1.89e-02	1.16e-05	5.02e-07	0.00e+00	0.00e+00	0.00e+00	0.00e+00
 7.99397e+22	9.81e-01	1.85e-02	1.15e-05	4.92e-07	0.00e+00	0.00e+00	0.00e+00	0.00e+00
 8.00196e+22	9.82e-01	1.82e-02	1.14e-05	4.86e-07	0.00e+00	0.00e+00	0.00e+00	0.00e+00
 8.00923e+22	9.82e-01	1.80e-02	1.13e-05	4.79e-07	0.00e+00	0.00e+00	0.00e+00	0.00e+00
 8.01710e+22	9.82e-01	1.76e-02	1.12e-05	4.69e-07	0.00e+00	0.00e+00	0.00e+00	0.00e+00
 8.02554e+22	9.83e-01	1.73e-02	1.11e-05	4.63e-07	0.00e+00	0.00e+00	0.00e+00	0.00e+00
 8.03322e+22	9.83e-01	1.71e-02	1.10e-05	4.55e-07	0.00e+00	0.00e+00	0.00e+00	0.00e+00
 8.04150e+22	9.83e-01	1.67e-02	1.09e-05	4.45e-07	0.00e+00	0.00e+00	0.00e+00	0.00e+00
 8.05032e+22	9.84e-01	1.64e-02	1.08e-05	4.37e-07	0.00e+00	0.00e+00	0.00e+00	0.00e+00
 8.05836e+22	9.84e-01	1.61e-02	1.07e-05	4.30e-07	0.00e+00	0.00e+00	0.00e+00	0.00e+00
 8.06567e+22	9.84e-01	1.59e-02	1.06e-05	4.24e-07	0.00e+00	0.00e+00	0.00e+00	0.00e+00
 8.07368e+22	9.84e-01	1.56e-02	1.05e-05	4.15e-07	0.00e+00	0.00e+00	0.00e+00	0.00e+00
 8.08233e+22	9.85e-01	1.53e-02	1.04e-05	4.07e-07	0.00e+00	0.00e+00	0.00e+00	0.00e+00
 8.09152e+22	9.85e-01	1.49e-02	1.03e-05	3.97e-07	0.00e+00	0.00e+00	0.00e+00	0.00e+00
 8.10121e+22	9.85e-01	1.46e-02	1.02e-05	3.89e-07	0.00e+00	0.00e+00	0.00e+00	0.00e+00
 8.11003e+22	9.86e-01	1.44e-02	1.01e-05	3.82e-07	0.00e+00	0.00e+00	0.00e+00	0.00e+00
 8.11806e+22	9.86e-01	1.42e-02	9.96e-06	3.75e-07	0.00e+00	0.00e+00	0.00e+00	0.00e+00
 8.12685e+22	9.86e-01	1.38e-02	9.84e-06	3.65e-07	0.00e+00	0.00e+00	0.00e+00	0.00e+00
 8.13635e+22	9.86e-01	1.36e-02	9.73e-06	3.58e-07	0.00e+00	0.00e+00	0.00e+00	0.00e+00
 8.14499e+22	9.87e-01	1.34e-02	9.63e-06	3.52e-07	0.00e+00	0.00e+00	0.00e+00	0.00e+00
 8.15445e+22	9.87e-01	1.30e-02	9.51e-06	3.41e-07	0.00e+00	0.00e+00	0.00e+00	0.00e+00
 8.16467e+22	9.87e-01	1.28e-02	9.39e-06	3.34e-07	0.00e+00	0.00e+00	0.00e+00	0.00e+00
 8.17398e+22	9.87e-01	1.26e-02	9.29e-06	3.28e-07	0.00e+00	0.00e+00	0.00e+00	0.00e+00
 8.18417e+22	9.88e-01	1.22e-02	9.16e-06	3.17e-07	0.00e+00	0.00e+00	0.00e+00	0.00e+00
 8.19707e+22	9.88e-01	1.18e-02	9.00e-06	3.05e-07	0.00e+00	0.00e+00	0.00e+00	0.00e+00
 8.21088e+22	9.88e-01	1.15e-02	8.86e-06	2.95e-07	0.00e+00	0.00e+00	0.00e+00	0.00e+00
 8.22452e+22	9.89e-01	1.12e-02	8.70e-06	2.85e-07	0.00e+00	0.00e+00	0.00e+00	0.00e+00
 8.23854e+22	9.89e-01	1.08e-02	8.55e-06	2.75e-07	0.00e+00	0.00e+00	0.00e+00	0.00e+00
 8.25275e+22	9.89e-01	1.05e-02	8.40e-06	2.66e-07	0.00e+00	0.00e+00	0.00e+00	0.00e+00
 8.26711e+22	9.90e-01	1.02e-02	8.25e-06	2.57e-07	0.00e+00	0.00e+00	0.00e+00	0.00e+00
 8.28162e+22	9.90e-01	9.94e-03	8.10e-06	2.48e-07	0.00e+00	0.00e+00	0.00e+00	0.00e+00
 8.29627e+22	9.90e-01	9.65e-03	7.95e-06	2.39e-07	0.00e+00	0.00e+00	0.00e+00	0.00e+00
 8.31106e+22	9.91e-01	9.37e-03	7.80e-06	2.30e-07	0.00e+00	0.00e+00	0.00e+00	0.00e+00
 8.32600e+22	9.91e-01	9.10e-03	7.66e-06	2.22e-07	0.00e+00	0.00e+00	0.00e+00	0.00e+00
 8.34107e+22	9.91e-01	8.84e-03	7.51e-06	2.14e-07	0.00e+00	0.00e+00	0.00e+00	0.00e+00
 8.35627e+22	9.91e-01	8.58e-03	7.37e-06	2.06e-07	0.00e+00	0.00e+00	0.00e+00	0.00e+00
 8.37159e+22	9.92e-01	8.33e-03	7.22e-06	1.98e-07	0.00e+00	0.00e+00	0.00e+00	0.00e+00
 8.38705e+22	9.92e-01	8.09e-03	7.08e-06	1.91e-07	0.00e+00	0.00e+00	0.00e+00	0.00e+00
 8.40260e+22	9.92e-01	7.85e-03	6.94e-06	1.84e-07	0.00e+00	0.00e+00	0.00e+00	0.00e+00
 8.41825e+22	9.92e-01	7.62e-03	6.80e-06	1.77e-07	0.00e+00	0.00e+00	0.00e+00	0.00e+00
 8.43400e+22	9.93e-01	7.40e-03	6.67e-06	1.70e-07	0.00e+00	0.00e+00	0.00e+00	0.00e+00
 8.44987e+22	9.93e-01	7.19e-03	6.53e-06	1.63e-07	0.00e+00	0.00e+00	0.00e+00	0.00e+00
 8.46587e+22	9.93e-01	6.98e-03	6.39e-06	1.57e-07	0.00e+00	0.00e+00	0.00e+00	0.00e+00
 8.48197e+22	9.93e-01	6.77e-03	6.26e-06	1.51e-07	0.00e+00	0.00e+00	0.00e+00	0.00e+00
 8.49817e+22	9.93e-01	6.58e-03	6.13e-06	1.45e-07	0.00e+00	0.00e+00	0.00e+00	0.00e+00
 8.51449e+22	9.94e-01	6.39e-03	6.00e-06	1.39e-07	0.00e+00	0.00e+00	0.00e+00	0.00e+00
 8.53091e+22	9.94e-01	6.20e-03	5.87e-06	1.34e-07	0.00e+00	0.00e+00	0.00e+00	0.00e+00
 8.54756e+22	9.94e-01	6.01e-03	5.74e-06	1.28e-07	0.00e+00	0.00e+00	0.00e+00	0.00e+00
 8.56457e+22	9.94e-01	5.83e-03	5.61e-06	0.00e+00	0.00e+00	0.00e+00	0.00e+00	0.00e+00
 8.58181e+22	9.94e-01	5.66e-03	5.48e-06	0.00e+00	0.00e+00	0.00e+00	0.00e+00	0.00e+00
 8.59922e+22	9.95e-01	5.49e-03	5.35e-06	0.00e+00	0.00e+00	0.00e+00	0.00e+00	0.00e+00
 8.61681e+22	9.95e-01	5.32e-03	5.22e-06	0.00e+00	0.00e+00	0.00e+00	0.00e+00	0.00e+00
 8.63455e+22	9.95e-01	5.16e-03	5.10e-06	0.00e+00	0.00e+00	0.00e+00	0.00e+00	0.00e+00
 8.65248e+22	9.95e-01	5.00e-03	4.97e-06	0.00e+00	0.00e+00	0.00e+00	0.00e+00	0.00e+00
 8.67059e+22	9.95e-01	4.84e-03	4.85e-06	0.00e+00	0.00e+00	0.00e+00	0.00e+00	0.00e+00
 8.68895e+22	9.95e-01	4.69e-03	4.73e-06	0.00e+00	0.00e+00	0.00e+00	0.00e+00	0.00e+00
 8.70759e+22	9.95e-01	4.55e-03	4.60e-06	0.00e+00	0.00e+00	0.00e+00	0.00e+00	0.00e+00
 8.72660e+22	9.96e-01	4.40e-03	4.48e-06	0.00e+00	0.00e+00	0.00e+00	0.00e+00	0.00e+00
