#depth	H	H+	H2
 4.62852e+21	1.15e-06	1.00e+00	2.02e-30
 1.02993e+22	1.71e-06	1.00e+00	3.38e-30
 1.18627e+22	2.14e-06	1.00e+00	6.82e-30
 1.26444e+22	2.41e-06	1.00e+00	9.53e-30
 1.29817e+22	2.50e-06	1.00e+00	1.05e-29
 1.31584e+22	2.63e-06	1.00e+00	1.19e-29
 1.33532e+22	2.75e-06	1.00e+00	1.34e-29
 1.35715e+22	2.93e-06	1.00e+00	1.55e-29
 1.37917e+22	3.07e-06	1.00e+00	1.74e-29
 1.40145e+22	3.28e-06	1.00e+00	2.00e-29
 1.42424e+22	3.45e-06	1.00e+00	2.24e-29
 1.44728e+22	3.70e-06	1.00e+00	2.54e-29
 1.47052e+22	3.90e-06	1.00e+00	2.85e-29
 1.49052e+22	4.11e-06	1.00e+00	3.19e-29
 1.50945e+22	4.32e-06	1.00e+00	3.50e-29
 1.53079e+22	4.61e-06	1.00e+00	3.90e-29
 1.55216e+22	4.85e-06	1.00e+00	4.30e-29
 1.57355e+22	5.17e-06	1.00e+00	4.78e-29
 1.59479e+22	5.43e-06	1.00e+00	5.26e-29
 1.61597e+22	5.79e-06	1.00e+00	5.85e-29
 1.63715e+22	6.08e-06	1.00e+00	6.46e-29
 1.65833e+22	6.48e-06	1.00e+00	7.23e-29
 1.67955e+22	6.80e-06	1.00e+00	8.02e-29
 1.70080e+22	7.24e-06	1.00e+00	9.07e-29
 1.72214e+22	7.60e-06	1.00e+00	1.01e-28
 1.74360e+22	8.09e-06	1.00e+00	1.17e-28
 1.76522e+22	8.48e-06	1.00e+00	1.32e-28
 1.78704e+22	9.03e-06	1.00e+00	1.54e-28
 1.80910e+22	9.47e-06	1.00e+00	1.77e-28
 1.83148e+22	1.01e-05	1.00e+00	2.12e-28
 1.85425e+22	1.06e-05	1.00e+00	2.48e-28
 1.87750e+22	1.13e-05	1.00e+00	3.05e-28
 1.90126e+22	1.19e-05	1.00e+00	3.63e-28
 1.92568e+22	1.27e-05	1.00e+00	4.58e-28
 1.94876e+22	1.32e-05	1.00e+00	5.37e-28
 1.97013e+22	1.40e-05	1.00e+00	6.64e-28
 1.99154e+22	1.46e-05	1.00e+00	7.85e-28
 2.01302e+22	1.54e-05	1.00e+00	9.81e-28
 2.03455e+22	1.61e-05	1.00e+00	1.16e-27
 2.05618e+22	1.70e-05	1.00e+00	1.46e-27
 2.07802e+22	1.77e-05	1.00e+00	1.74e-27
 2.10016e+22	1.87e-05	1.00e+00	2.20e-27
 2.12254e+22	1.95e-05	1.00e+00	2.64e-27
 2.14527e+22	2.07e-05	1.00e+00	3.37e-27
 2.16832e+22	2.16e-05	1.00e+00	4.07e-27
 2.19179e+22	2.29e-05	1.00e+00	5.22e-27
 2.21566e+22	2.39e-05	1.00e+00	6.35e-27
 2.24005e+22	2.53e-05	1.00e+00	8.23e-27
 2.26494e+22	2.65e-05	1.00e+00	1.01e-26
 2.29050e+22	2.82e-05	1.00e+00	1.32e-26
 2.31638e+22	2.94e-05	1.00e+00	1.63e-26
 2.34269e+22	3.13e-05	1.00e+00	2.14e-26
 2.36927e+22	3.28e-05	1.00e+00	2.64e-26
 2.39208e+22	3.43e-05	1.00e+00	3.23e-26
 2.41763e+22	3.64e-05	1.00e+00	4.20e-26
 2.44340e+22	3.80e-05	1.00e+00	5.13e-26
 2.46515e+22	3.96e-05	1.00e+00	6.17e-26
 2.48909e+22	4.18e-05	1.00e+00	7.86e-26
 2.51277e+22	4.34e-05	1.00e+00	9.41e-26
 2.53611e+22	4.56e-05	1.00e+00	1.18e-25
 2.56043e+22	4.77e-05	1.00e+00	1.44e-25
 2.58230e+22	4.96e-05	1.00e+00	1.73e-25
 2.60702e+22	5.24e-05	1.00e+00	2.21e-25
 2.63228e+22	5.48e-05	1.00e+00	2.69e-25
 2.65825e+22	5.77e-05	1.00e+00	3.43e-25
 2.68543e+22	6.06e-05	1.00e+00	4.28e-25
 2.70972e+22	6.32e-05	1.00e+00	5.23e-25
 2.73687e+22	6.70e-05	1.00e+00	6.78e-25
 2.76452e+22	7.01e-05	1.00e+00	8.36e-25
 2.79281e+22	7.42e-05	1.00e+00	1.09e-24
 2.82164e+22	7.79e-05	1.00e+00	1.36e-24
 2.84731e+22	8.16e-05	1.00e+00	1.68e-24
 2.87680e+22	8.65e-05	1.00e+00	2.20e-24
 2.90690e+22	9.09e-05	1.00e+00	2.76e-24
 2.93778e+22	9.67e-05	1.00e+00	3.67e-24
 2.96852e+22	1.01e-04	1.00e+00	4.58e-24
 2.99907e+22	1.08e-04	1.00e+00	6.05e-24
 3.03053e+22	1.13e-04	1.00e+00	7.66e-24
 3.06317e+22	1.21e-04	1.00e+00	1.02e-23
 3.09355e+22	1.26e-04	1.00e+00	1.26e-23
 3.11695e+22	1.32e-04	1.00e+00	1.53e-23
 3.14334e+22	1.38e-04	1.00e+00	1.92e-23
 3.17166e+22	1.45e-04	1.00e+00	2.37e-23
 3.19832e+22	1.52e-04	1.00e+00	2.94e-23
 3.22881e+22	1.61e-04	1.00e+00	3.88e-23
 3.25898e+22	1.68e-04	1.00e+00	4.80e-23
 3.28874e+22	1.78e-04	1.00e+00	6.23e-23
 3.31936e+22	1.87e-04	1.00e+00	7.84e-23
 3.34656e+22	1.96e-04	1.00e+00	9.70e-23
 3.37740e+22	2.08e-04	1.00e+00	1.27e-22
 3.40926e+22	2.18e-04	1.00e+00	1.61e-22
 3.43776e+22	2.29e-04	1.00e+00	2.02e-22
 3.47013e+22	2.43e-04	1.00e+00	2.68e-22
 3.50354e+22	2.57e-04	1.00e+00	3.43e-22
 3.53328e+22	2.70e-04	1.00e+00	4.33e-22
 3.56690e+22	2.87e-04	1.00e+00	5.65e-22
 3.60137e+22	3.04e-04	1.00e+00	7.28e-22
 3.63181e+22	3.19e-04	1.00e+00	9.25e-22
 3.66625e+22	3.40e-04	1.00e+00	1.25e-21
 3.70165e+22	3.60e-04	1.00e+00	1.63e-21
 3.73306e+22	3.80e-04	1.00e+00	2.09e-21
 3.76865e+22	4.05e-04	1.00e+00	2.87e-21
 3.80528e+22	4.30e-04	1.00e+00	3.77e-21
 3.83794e+22	4.54e-04	1.00e+00	4.91e-21
 3.87506e+22	4.86e-04	1.00e+00	6.90e-21
 3.91291e+22	5.15e-04	9.99e-01	9.15e-21
 3.95172e+22	5.54e-04	9.99e-01	1.31e-20
 3.99094e+22	5.88e-04	9.99e-01	1.77e-20
 4.02471e+22	6.21e-04	9.99e-01	2.35e-20
 4.05632e+22	6.53e-04	9.99e-01	3.06e-20
 4.09114e+22	6.96e-04	9.99e-01	4.25e-20
 4.12644e+22	7.34e-04	9.99e-01	5.74e-20
 4.15690e+22	7.72e-04	9.99e-01	7.47e-20
 4.19102e+22	8.21e-04	9.99e-01	1.06e-19
 4.22650e+22	8.67e-04	9.99e-01	1.47e-19
 4.25862e+22	9.13e-04	9.99e-01	2.00e-19
 4.29525e+22	9.75e-04	9.99e-01	2.97e-19
 4.33206e+22	1.03e-03	9.99e-01	4.30e-19
 4.36393e+22	1.09e-03	9.99e-01	5.86e-19
 4.39267e+22	1.13e-03	9.99e-01	8.33e-19
 4.42249e+22	1.19e-03	9.99e-01	1.14e-18
 4.45292e+22	1.25e-03	9.99e-01	1.66e-18
 4.47959e+22	1.30e-03	9.99e-01	2.28e-18
 4.50974e+22	1.37e-03	9.99e-01	3.65e-18
 4.54041e+22	1.44e-03	9.99e-01	6.94e-18
 4.56760e+22	1.50e-03	9.99e-01	1.04e-17
 4.59880e+22	1.58e-03	9.98e-01	2.16e-17
 4.63017e+22	1.65e-03	9.98e-01	3.84e-17
 4.66174e+22	1.75e-03	9.98e-01	8.25e-17
 4.69378e+22	1.83e-03	9.98e-01	3.51e-16
 4.72643e+22	1.93e-03	9.98e-01	1.08e-15
 4.75945e+22	2.02e-03	9.98e-01	1.24e-14
 4.77871e+22	2.05e-03	9.98e-01	5.14e-14
 4.78952e+22	2.09e-03	9.98e-01	9.06e-14
 4.80357e+22	2.14e-03	9.98e-01	1.25e-13
 4.82185e+22	2.20e-03	9.98e-01	1.54e-13
 4.84560e+22	2.30e-03	9.98e-01	2.07e-13
 4.87648e+22	2.43e-03	9.98e-01	2.90e-13
 4.90936e+22	2.54e-03	9.97e-01	3.64e-13
 4.94483e+22	2.70e-03	9.97e-01	4.94e-13
 4.98085e+22	2.84e-03	9.97e-01	6.23e-13
 5.01756e+22	3.01e-03	9.97e-01	8.17e-13
 5.05540e+22	3.17e-03	9.97e-01	1.03e-12
 5.08457e+22	3.29e-03	9.97e-01	1.20e-12
 5.11234e+22	3.45e-03	9.97e-01	1.44e-12
 5.14077e+22	3.58e-03	9.96e-01	1.67e-12
 5.17009e+22	3.75e-03	9.96e-01	1.98e-12
 5.19998e+22	3.90e-03	9.96e-01	2.29e-12
 5.22647e+22	4.05e-03	9.96e-01	2.64e-12
 5.25678e+22	4.25e-03	9.96e-01	3.11e-12
 5.28765e+22	4.43e-03	9.96e-01	3.59e-12
 5.31507e+22	4.60e-03	9.95e-01	4.08e-12
 5.34654e+22	4.84e-03	9.95e-01	4.81e-12
 5.37845e+22	5.04e-03	9.95e-01	5.49e-12
 5.40321e+22	5.19e-03	9.95e-01	6.05e-12
 5.42132e+22	5.30e-03	9.95e-01	6.48e-12
 5.43853e+22	5.44e-03	9.95e-01	7.03e-12
 5.46090e+22	5.63e-03	9.94e-01	7.81e-12
 5.48998e+22	5.91e-03	9.94e-01	9.10e-12
 5.51516e+22	6.04e-03	9.94e-01	9.76e-12
 5.53525e+22	6.23e-03	9.94e-01	1.08e-11
 5.56137e+22	6.49e-03	9.94e-01	1.22e-11
 5.59532e+22	6.85e-03	9.93e-01	1.44e-11
 5.62724e+22	7.08e-03	9.93e-01	1.60e-11
 5.65651e+22	7.41e-03	9.93e-01	1.82e-11
 5.69456e+22	7.86e-03	9.92e-01	2.18e-11
 5.73316e+22	8.21e-03	9.92e-01	2.50e-11
 5.77248e+22	8.72e-03	9.91e-01	2.98e-11
 5.81267e+22	9.15e-03	9.91e-01	3.45e-11
 5.85398e+22	9.74e-03	9.90e-01	4.15e-11
 5.89593e+22	1.02e-02	9.90e-01	4.83e-11
 5.93869e+22	1.10e-02	9.89e-01	5.88e-11
 5.98165e+22	1.15e-02	9.88e-01	6.82e-11
 6.02485e+22	1.23e-02	9.88e-01	8.34e-11
 6.06887e+22	1.30e-02	9.87e-01	9.83e-11
 6.11397e+22	1.40e-02	9.86e-01	1.22e-10
 6.15434e+22	1.47e-02	9.85e-01	1.40e-10
 6.18857e+22	1.56e-02	9.84e-01	1.66e-10
 6.22368e+22	1.64e-02	9.84e-01	1.94e-10
 6.25471e+22	1.72e-02	9.83e-01	2.22e-10
 6.28981e+22	1.85e-02	9.82e-01	2.71e-10
 6.32510e+22	1.96e-02	9.80e-01	3.19e-10
 6.36062e+22	2.12e-02	9.79e-01	3.96e-10
 6.39673e+22	2.27e-02	9.77e-01	4.79e-10
 6.42820e+22	2.43e-02	9.76e-01	5.78e-10
 6.46372e+22	2.67e-02	9.73e-01	7.38e-10
 6.50048e+22	2.93e-02	9.71e-01	9.40e-10
 6.53292e+22	3.21e-02	9.68e-01	1.19e-09
 6.56914e+22	3.62e-02	9.64e-01	1.61e-09
 6.60644e+22	4.10e-02	9.59e-01	2.19e-09
 6.63593e+22	4.56e-02	9.54e-01	2.84e-09
 6.66086e+22	5.04e-02	9.50e-01	3.61e-09
 6.68909e+22	5.76e-02	9.42e-01	4.96e-09
 6.71895e+22	6.66e-02	9.33e-01	6.95e-09
 6.73728e+22	7.22e-02	9.28e-01	8.32e-09
 6.74425e+22	7.50e-02	9.25e-01	9.06e-09
 6.74967e+22	7.71e-02	9.23e-01	9.66e-09
 6.75629e+22	8.03e-02	9.20e-01	1.06e-08
 6.76390e+22	8.40e-02	9.16e-01	1.17e-08
 6.77140e+22	8.78e-02	9.12e-01	1.30e-08
 6.77843e+22	9.18e-02	9.08e-01	1.44e-08
 6.78511e+22	9.55e-02	9.04e-01	1.57e-08
 6.79194e+22	1.00e-01	9.00e-01	1.74e-08
 6.79874e+22	1.04e-01	8.96e-01	1.91e-08
 6.80540e+22	1.09e-01	8.91e-01	2.12e-08
 6.81197e+22	1.14e-01	8.86e-01	2.34e-08
 6.81825e+22	1.19e-01	8.81e-01	2.58e-08
 6.82445e+22	1.24e-01	8.76e-01	2.83e-08
 6.83067e+22	1.30e-01	8.70e-01	3.14e-08
 6.83679e+22	1.36e-01	8.64e-01	3.45e-08
 6.84283e+22	1.42e-01	8.58e-01	3.85e-08
 6.84864e+22	1.48e-01	8.52e-01	4.19e-08
 6.85447e+22	1.55e-01	8.45e-01	4.64e-08
 6.86047e+22	1.63e-01	8.37e-01	5.18e-08
 6.86604e+22	1.70e-01	8.30e-01	5.70e-08
 6.87138e+22	1.76e-01	8.24e-01	6.21e-08
 6.87713e+22	1.85e-01	8.15e-01	6.96e-08
 6.88284e+22	1.93e-01	8.07e-01	7.59e-08
 6.88842e+22	2.02e-01	7.98e-01	8.43e-08
 6.89409e+22	2.12e-01	7.88e-01	9.45e-08
 6.89922e+22	2.19e-01	7.81e-01	1.02e-07
 6.90448e+22	2.30e-01	7.70e-01	1.14e-07
 6.90992e+22	2.39e-01	7.61e-01	1.25e-07
 6.91531e+22	2.50e-01	7.50e-01	1.40e-07
 6.92064e+22	2.60e-01	7.40e-01	1.52e-07
 6.92598e+22	2.72e-01	7.28e-01	1.71e-07
 6.93124e+22	2.82e-01	7.18e-01	1.86e-07
 6.93644e+22	2.95e-01	7.05e-01	2.08e-07
 6.94168e+22	3.06e-01	6.94e-01	2.26e-07
 6.94706e+22	3.19e-01	6.81e-01	2.52e-07
 6.95256e+22	3.32e-01	6.68e-01	2.76e-07
 6.95792e+22	3.45e-01	6.55e-01	3.06e-07
 6.96329e+22	3.59e-01	6.41e-01	3.39e-07
 6.96844e+22	3.72e-01	6.28e-01	3.72e-07
 6.97367e+22	3.86e-01	6.14e-01	4.07e-07
 6.97923e+22	4.01e-01	5.99e-01	4.53e-07
 6.98477e+22	4.15e-01	5.85e-01	4.95e-07
 6.99031e+22	4.30e-01	5.70e-01	5.46e-07
 6.99604e+22	4.45e-01	5.55e-01	6.05e-07
 7.00165e+22	4.60e-01	5.40e-01	6.63e-07
 7.00729e+22	4.75e-01	5.25e-01	7.27e-07
 7.01322e+22	4.91e-01	5.09e-01	7.99e-07
 7.01935e+22	5.06e-01	4.94e-01	8.78e-07
 7.02564e+22	5.23e-01	4.77e-01	9.69e-07
 7.03193e+22	5.39e-01	4.61e-01	1.06e-06
 7.03757e+22	5.52e-01	4.48e-01	1.14e-06
 7.04259e+22	5.64e-01	4.36e-01	1.24e-06
 7.04761e+22	5.75e-01	4.25e-01	1.31e-06
 7.05301e+22	5.88e-01	4.12e-01	1.42e-06
 7.05872e+22	6.00e-01	4.00e-01	1.53e-06
 7.06431e+22	6.12e-01	3.88e-01	1.64e-06
 7.06987e+22	6.24e-01	3.76e-01	1.76e-06
 7.07562e+22	6.36e-01	3.64e-01	1.88e-06
 7.08158e+22	6.47e-01	3.53e-01	2.02e-06
 7.08766e+22	6.59e-01	3.41e-01	2.17e-06
 7.09374e+22	6.70e-01	3.30e-01	2.31e-06
 7.09995e+22	6.81e-01	3.19e-01	2.49e-06
 7.10631e+22	6.91e-01	3.09e-01	2.64e-06
 7.11284e+22	7.02e-01	2.98e-01	2.84e-06
 7.11959e+22	7.13e-01	2.87e-01	3.05e-06
 7.12626e+22	7.23e-01	2.77e-01	3.25e-06
 7.13300e+22	7.33e-01	2.67e-01	3.46e-06
 7.14009e+22	7.42e-01	2.58e-01	3.70e-06
 7.14742e+22	7.52e-01	2.48e-01	3.95e-06
 7.15484e+22	7.62e-01	2.38e-01	4.22e-06
 7.16228e+22	7.70e-01	2.30e-01	4.50e-06
 7.16991e+22	7.79e-01	2.21e-01	4.79e-06
 7.17790e+22	7.87e-01	2.13e-01	5.12e-06
 7.18611e+22	7.96e-01	2.04e-01	5.46e-06
 7.19442e+22	8.04e-01	1.96e-01	5.82e-06
 7.20298e+22	8.11e-01	1.89e-01	6.21e-06
 7.21186e+22	8.19e-01	1.81e-01	6.62e-06
 7.22093e+22	8.26e-01	1.74e-01	7.06e-06
 7.23009e+22	8.32e-01	1.68e-01	7.49e-06
 7.23937e+22	8.38e-01	1.62e-01	7.95e-06
 7.24889e+22	8.45e-01	1.55e-01	8.49e-06
 7.25882e+22	8.50e-01	1.50e-01	9.05e-06
 7.26914e+22	8.56e-01	1.44e-01	9.65e-06
 7.27948e+22	8.61e-01	1.39e-01	1.02e-05
 7.28985e+22	8.66e-01	1.34e-01	1.09e-05
 7.30080e+22	8.71e-01	1.29e-01	1.16e-05
 7.31231e+22	8.75e-01	1.25e-01	1.23e-05
 7.32397e+22	8.80e-01	1.20e-01	1.31e-05
 7.33593e+22	8.84e-01	1.16e-01	1.40e-05
 7.34839e+22	8.88e-01	1.12e-01	1.49e-05
 7.36127e+22	8.92e-01	1.08e-01	1.59e-05
 7.37405e+22	8.96e-01	1.04e-01	1.69e-05
 7.38612e+22	8.99e-01	1.01e-01	1.78e-05
 7.39753e+22	9.02e-01	9.80e-02	1.87e-05
 7.40858e+22	9.05e-01	9.53e-02	1.96e-05
 7.41931e+22	9.07e-01	9.28e-02	2.05e-05
 7.42969e+22	9.10e-01	9.03e-02	2.13e-05
 7.43966e+22	9.12e-01	8.81e-02	2.21e-05
 7.44911e+22	9.14e-01	8.60e-02	2.29e-05
 7.45809e+22	9.16e-01	8.40e-02	2.36e-05
 7.46652e+22	9.18e-01	8.22e-02	2.43e-05
 7.47466e+22	9.20e-01	8.04e-02	2.50e-05
 7.48279e+22	9.21e-01	7.87e-02	2.56e-05
 7.49065e+22	9.23e-01	7.70e-02	2.62e-05
 7.49820e+22	9.25e-01	7.54e-02	2.68e-05
 7.50547e+22	9.26e-01	7.39e-02	2.73e-05
 7.51249e+22	9.27e-01	7.25e-02	2.76e-05
 7.51926e+22	9.29e-01	7.11e-02	2.79e-05
 7.52581e+22	9.30e-01	6.98e-02	2.81e-05
 7.53213e+22	9.31e-01	6.85e-02	2.84e-05
 7.53821e+22	9.33e-01	6.72e-02	2.85e-05
 7.54409e+22	9.34e-01	6.60e-02	2.87e-05
 7.54976e+22	9.35e-01	6.49e-02	2.90e-05
 7.55524e+22	9.36e-01	6.37e-02	2.90e-05
 7.56038e+22	9.37e-01	6.27e-02	2.91e-05
 7.56505e+22	9.38e-01	6.18e-02	2.92e-05
 7.56931e+22	9.39e-01	6.10e-02	2.92e-05
 7.57318e+22	9.40e-01	6.02e-02	2.92e-05
 7.57670e+22	9.40e-01	5.96e-02	2.92e-05
 7.57991e+22	9.41e-01	5.90e-02	2.92e-05
 7.58283e+22	9.42e-01	5.84e-02	2.92e-05
 7.58602e+22	9.42e-01	5.77e-02	2.92e-05
 7.58948e+22	9.43e-01	5.69e-02	2.92e-05
 7.59262e+22	9.44e-01	5.63e-02	2.92e-05
 7.59606e+22	9.44e-01	5.56e-02	2.92e-05
 7.59977e+22	9.45e-01	5.47e-02	2.92e-05
 7.60316e+22	9.46e-01	5.41e-02	2.92e-05
 7.60623e+22	9.46e-01	5.35e-02	2.92e-05
 7.60903e+22	9.47e-01	5.30e-02	2.92e-05
 7.61158e+22	9.47e-01	5.25e-02	2.91e-05
 7.61390e+22	9.48e-01	5.21e-02	2.92e-05
 7.61644e+22	9.48e-01	5.17e-02	2.92e-05
 7.61974e+22	9.49e-01	5.11e-02	2.92e-05
 7.62404e+22	9.50e-01	5.01e-02	2.93e-05
 7.62867e+22	9.51e-01	4.92e-02	2.94e-05
 7.63289e+22	9.52e-01	4.84e-02	2.95e-05
 7.63673e+22	9.52e-01	4.79e-02	2.96e-05
 7.64022e+22	9.53e-01	4.74e-02	2.97e-05
 7.64340e+22	9.53e-01	4.69e-02	2.97e-05
 7.64630e+22	9.54e-01	4.64e-02	2.97e-05
 7.64893e+22	9.54e-01	4.61e-02	2.98e-05
 7.65181e+22	9.54e-01	4.57e-02	2.98e-05
 7.65493e+22	9.55e-01	4.52e-02	2.99e-05
 7.65834e+22	9.55e-01	4.46e-02	2.99e-05
 7.66202e+22	9.56e-01	4.39e-02	3.00e-05
 7.66538e+22	9.57e-01	4.34e-02	3.01e-05
 7.66843e+22	9.57e-01	4.30e-02	3.01e-05
 7.67120e+22	9.57e-01	4.26e-02	3.02e-05
 7.67425e+22	9.58e-01	4.21e-02	3.02e-05
 7.67753e+22	9.58e-01	4.15e-02	3.04e-05
 7.68052e+22	9.59e-01	4.11e-02	3.04e-05
 7.68380e+22	9.59e-01	4.06e-02	3.04e-05
 7.68733e+22	9.60e-01	4.00e-02	3.06e-05
 7.69055e+22	9.60e-01	3.96e-02	3.07e-05
 7.69407e+22	9.61e-01	3.91e-02	3.06e-05
 7.69788e+22	9.61e-01	3.85e-02	3.06e-05
 7.70134e+22	9.62e-01	3.81e-02	3.06e-05
 7.70450e+22	9.62e-01	3.77e-02	3.06e-05
 7.70795e+22	9.63e-01	3.72e-02	3.06e-05
 7.71168e+22	9.63e-01	3.66e-02	3.06e-05
 7.71507e+22	9.64e-01	3.63e-02	3.06e-05
 7.71816e+22	9.64e-01	3.58e-02	3.05e-05
 7.72097e+22	9.64e-01	3.57e-02	3.07e-05
 7.72405e+22	9.65e-01	3.53e-02	3.08e-05
 7.72737e+22	9.65e-01	3.49e-02	3.09e-05
 7.73102e+22	9.65e-01	3.45e-02	3.09e-05
 7.73495e+22	9.66e-01	3.40e-02	3.11e-05
 7.73853e+22	9.66e-01	3.36e-02	3.11e-05
 7.74178e+22	9.67e-01	3.33e-02	3.14e-05
 7.74535e+22	9.67e-01	3.29e-02	3.14e-05
 7.74920e+22	9.67e-01	3.25e-02	3.16e-05
 7.75271e+22	9.68e-01	3.22e-02	3.18e-05
 7.75655e+22	9.68e-01	3.18e-02	3.19e-05
 7.76070e+22	9.69e-01	3.13e-02	3.21e-05
 7.76447e+22	9.69e-01	3.09e-02	3.22e-05
 7.76791e+22	9.69e-01	3.07e-02	3.25e-05
 7.77167e+22	9.70e-01	3.04e-02	3.26e-05
 7.77573e+22	9.70e-01	2.99e-02	3.28e-05
 7.77943e+22	9.70e-01	2.97e-02	3.31e-05
 7.78348e+22	9.71e-01	2.93e-02	3.33e-05
 7.78786e+22	9.71e-01	2.88e-02	3.36e-05
 7.79184e+22	9.71e-01	2.86e-02	3.39e-05
 7.79620e+22	9.72e-01	2.81e-02	3.41e-05
 7.80091e+22	9.72e-01	2.77e-02	3.45e-05
 7.80519e+22	9.73e-01	2.74e-02	3.48e-05
 7.80909e+22	9.73e-01	2.71e-02	3.52e-05
 7.81336e+22	9.73e-01	2.68e-02	3.55e-05
 7.81797e+22	9.74e-01	2.64e-02	3.58e-05
 7.82217e+22	9.74e-01	2.61e-02	3.63e-05
 7.82677e+22	9.74e-01	2.58e-02	3.67e-05
 7.83174e+22	9.75e-01	2.54e-02	3.71e-05
 7.83626e+22	9.75e-01	2.51e-02	3.77e-05
 7.84121e+22	9.75e-01	2.47e-02	3.81e-05
 7.84655e+22	9.76e-01	2.43e-02	3.88e-05
 7.85142e+22	9.76e-01	2.40e-02	3.94e-05
 7.85584e+22	9.76e-01	2.38e-02	3.99e-05
 7.86070e+22	9.76e-01	2.35e-02	4.04e-05
 7.86593e+22	9.77e-01	2.31e-02	4.11e-05
 7.87070e+22	9.77e-01	2.28e-02	4.18e-05
 7.87592e+22	9.77e-01	2.25e-02	4.25e-05
 7.88156e+22	9.78e-01	2.21e-02	4.33e-05
 7.88669e+22	9.78e-01	2.19e-02	4.41e-05
 7.89231e+22	9.78e-01	2.15e-02	4.49e-05
 7.89838e+22	9.79e-01	2.12e-02	4.59e-05
 7.90390e+22	9.79e-01	2.09e-02	4.69e-05
 7.90995e+22	9.79e-01	2.06e-02	4.78e-05
 7.91649e+22	9.80e-01	2.02e-02	4.90e-05
 7.92243e+22	9.80e-01	1.99e-02	5.02e-05
 7.92784e+22	9.80e-01	1.97e-02	5.12e-05
 7.93377e+22	9.80e-01	1.94e-02	5.23e-05
 7.94017e+22	9.81e-01	1.91e-02	5.36e-05
 7.94600e+22	9.81e-01	1.88e-02	5.49e-05
 7.95238e+22	9.81e-01	1.85e-02	5.61e-05
 7.95927e+22	9.82e-01	1.82e-02	5.77e-05
 7.96554e+22	9.82e-01	1.80e-02	5.93e-05
 7.97241e+22	9.82e-01	1.77e-02	6.07e-05
 7.97983e+22	9.83e-01	1.73e-02	6.26e-05
 7.98658e+22	9.83e-01	1.71e-02	6.44e-05
 7.99397e+22	9.83e-01	1.68e-02	6.60e-05
 8.00196e+22	9.83e-01	1.64e-02	6.82e-05
 8.00923e+22	9.84e-01	1.62e-02	7.03e-05
 8.01710e+22	9.84e-01	1.59e-02	7.22e-05
 8.02554e+22	9.84e-01	1.56e-02	7.46e-05
 8.03322e+22	9.84e-01	1.54e-02	7.69e-05
 8.04150e+22	9.85e-01	1.51e-02	7.91e-05
 8.05032e+22	9.85e-01	1.48e-02	8.18e-05
 8.05836e+22	9.85e-01	1.45e-02	8.43e-05
 8.06567e+22	9.86e-01	1.43e-02	8.66e-05
 8.07368e+22	9.86e-01	1.40e-02	8.86e-05
 8.08233e+22	9.86e-01	1.38e-02	9.14e-05
 8.09152e+22	9.86e-01	1.35e-02	9.40e-05
 8.10121e+22	9.87e-01	1.32e-02	9.70e-05
 8.11003e+22	9.87e-01	1.30e-02	9.98e-05
 8.11806e+22	9.87e-01	1.28e-02	1.02e-04
 8.12685e+22	9.87e-01	1.25e-02	1.05e-04
 8.13635e+22	9.87e-01	1.23e-02	1.07e-04
 8.14499e+22	9.88e-01	1.21e-02	1.10e-04
 8.15445e+22	9.88e-01	1.18e-02	1.12e-04
 8.16467e+22	9.88e-01	1.16e-02	1.15e-04
 8.17398e+22	9.88e-01	1.14e-02	1.18e-04
 8.18417e+22	9.89e-01	1.11e-02	1.22e-04
 8.19707e+22	9.89e-01	1.08e-02	1.26e-04
 8.21088e+22	9.89e-01	1.05e-02	1.30e-04
 8.22452e+22	9.89e-01	1.02e-02	1.34e-04
 8.23854e+22	9.90e-01	9.96e-03	1.38e-04
 8.25275e+22	9.90e-01	9.68e-03	1.42e-04
 8.26711e+22	9.90e-01	9.41e-03	1.46e-04
 8.28162e+22	9.91e-01	9.14e-03	1.50e-04
 8.29627e+22	9.91e-01	8.88e-03	1.55e-04
 8.31106e+22	9.91e-01	8.62e-03	1.59e-04
 8.32600e+22	9.91e-01	8.37e-03	1.63e-04
 8.34107e+22	9.92e-01	8.13e-03	1.67e-04
 8.35627e+22	9.92e-01	7.89e-03	1.71e-04
 8.37159e+22	9.92e-01	7.66e-03	1.76e-04
 8.38705e+22	9.92e-01	7.44e-03	1.80e-04
 8.40260e+22	9.92e-01	7.21e-03	1.84e-04
 8.41825e+22	9.93e-01	7.00e-03	1.89e-04
 8.43400e+22	9.93e-01	6.79e-03	1.93e-04
 8.44987e+22	9.93e-01	6.59e-03	1.98e-04
 8.46587e+22	9.93e-01	6.39e-03	2.03e-04
 8.48197e+22	9.93e-01	6.19e-03	2.07e-04
 8.49817e+22	9.94e-01	6.00e-03	2.12e-04
 8.51449e+22	9.94e-01	5.82e-03	2.17e-04
 8.53091e+22	9.94e-01	5.64e-03	2.22e-04
 8.54756e+22	9.94e-01	5.47e-03	2.27e-04
 8.56457e+22	9.94e-01	5.29e-03	2.33e-04
 8.58181e+22	9.94e-01	5.13e-03	2.38e-04
 8.59922e+22	9.95e-01	4.96e-03	2.44e-04
 8.61681e+22	9.95e-01	4.80e-03	2.50e-04
 8.63455e+22	9.95e-01	4.64e-03	2.57e-04
 8.65248e+22	9.95e-01	4.49e-03	2.63e-04
 8.67059e+22	9.95e-01	4.34e-03	2.70e-04
 8.68895e+22	9.95e-01	4.20e-03	2.77e-04
 8.70759e+22	9.95e-01	4.06e-03	2.83e-04
 8.72660e+22	9.96e-01	3.92e-03	2.90e-04
 8.74607e+22	9.96e-01	3.78e-03	2.97e-04
 8.76588e+22	9.96e-01	3.65e-03	3.05e-04
 8.78600e+22	9.96e-01	3.52e-03	3.12e-04
 8.80643e+22	9.96e-01	3.39e-03	3.19e-04
 8.82719e+22	9.96e-01	3.27e-03	3.27e-04
 8.84830e+22	9.96e-01	3.14e-03	3.34e-04
 8.86979e+22	9.96e-01	3.03e-03	3.41e-04
 8.89175e+22	9.96e-01	2.91e-03	3.48e-04
 8.91422e+22	9.96e-01	2.79e-03	3.56e-04
 8.93713e+22	9.97e-01	2.68e-03	3.63e-04
 8.96051e+22	9.97e-01	2.57e-03	3.70e-04
 8.98438e+22	9.97e-01	2.47e-03	3.77e-04
 9.00863e+22	9.97e-01	2.37e-03	3.84e-04
 9.03316e+22	9.97e-01	2.27e-03	3.91e-04
 9.05795e+22	9.97e-01	2.17e-03	3.97e-04
 9.08293e+22	9.97e-01	2.08e-03	4.03e-04
 9.10799e+22	9.97e-01	1.99e-03	4.09e-04
 9.13321e+22	9.97e-01	1.91e-03	4.14e-04
 9.15868e+22	9.97e-01	1.82e-03	4.19e-04
 9.18431e+22	9.97e-01	1.74e-03	4.24e-04
 9.21009e+22	9.97e-01	1.67e-03	4.28e-04
 9.23604e+22	9.98e-01	1.59e-03	4.31e-04
 9.25305e+22	9.98e-01	1.57e-03	4.35e-04
