#depth	He	He+	He+2
 4.62852e+21	2.14e-11	5.43e-06	1.00e+00
 1.04640e+22	5.69e-11	8.53e-06	1.00e+00
 1.22744e+22	9.61e-11	1.10e-05	1.00e+00
 1.31797e+22	1.27e-10	1.26e-05	1.00e+00
 1.35568e+22	1.37e-10	1.30e-05	1.00e+00
 1.36851e+22	1.44e-10	1.34e-05	1.00e+00
 1.37875e+22	1.51e-10	1.37e-05	1.00e+00
 1.39013e+22	1.62e-10	1.42e-05	1.00e+00
 1.40118e+22	1.70e-10	1.45e-05	1.00e+00
 1.41182e+22	1.80e-10	1.50e-05	1.00e+00
 1.42293e+22	1.90e-10	1.54e-05	1.00e+00
 1.43286e+22	1.99e-10	1.58e-05	1.00e+00
 1.44395e+22	2.14e-10	1.64e-05	1.00e+00
 1.45484e+22	2.24e-10	1.68e-05	1.00e+00
 1.46546e+22	2.41e-10	1.74e-05	1.00e+00
 1.47616e+22	2.54e-10	1.79e-05	1.00e+00
 1.48695e+22	2.73e-10	1.86e-05	1.00e+00
 1.49751e+22	2.87e-10	1.91e-05	1.00e+00
 1.50775e+22	3.08e-10	1.98e-05	1.00e+00
 1.51774e+22	3.24e-10	2.04e-05	1.00e+00
 1.52740e+22	3.46e-10	2.11e-05	1.00e+00
 1.53725e+22	3.66e-10	2.18e-05	1.00e+00
 1.54733e+22	3.95e-10	2.27e-05	1.00e+00
 1.55730e+22	4.16e-10	2.34e-05	1.00e+00
 1.56714e+22	4.48e-10	2.44e-05	1.00e+00
 1.57714e+22	4.75e-10	2.52e-05	1.00e+00
 1.58736e+22	5.13e-10	2.63e-05	1.00e+00
 1.59738e+22	5.42e-10	2.72e-05	1.00e+00
 1.60713e+22	5.84e-10	2.84e-05	1.00e+00
 1.61702e+22	6.20e-10	2.94e-05	1.00e+00
 1.62709e+22	6.70e-10	3.08e-05	1.00e+00
 1.63729e+22	7.12e-10	3.19e-05	1.00e+00
 1.64765e+22	7.71e-10	3.35e-05	1.00e+00
 1.65807e+22	8.19e-10	3.48e-05	1.00e+00
 1.66705e+22	8.69e-10	3.61e-05	1.00e+00
 1.67722e+22	9.39e-10	3.79e-05	1.00e+00
 1.68737e+22	9.92e-10	3.92e-05	1.00e+00
 1.69751e+22	1.07e-09	4.11e-05	1.00e+00
 1.70775e+22	1.13e-09	4.26e-05	1.00e+00
 1.71812e+22	1.22e-09	4.47e-05	1.00e+00
 1.72867e+22	1.28e-09	4.63e-05	1.00e+00
 1.73946e+22	1.38e-09	4.86e-05	1.00e+00
 1.75062e+22	1.46e-09	5.05e-05	1.00e+00
 1.76224e+22	1.57e-09	5.30e-05	1.00e+00
 1.77413e+22	1.66e-09	5.51e-05	1.00e+00
 1.78471e+22	1.75e-09	5.72e-05	1.00e+00
 1.79680e+22	1.87e-09	6.00e-05	1.00e+00
 1.80906e+22	1.98e-09	6.23e-05	1.00e+00
 1.82154e+22	2.11e-09	6.53e-05	1.00e+00
 1.83366e+22	2.21e-09	6.75e-05	1.00e+00
 1.84531e+22	2.35e-09	7.05e-05	1.00e+00
 1.85719e+22	2.45e-09	7.28e-05	1.00e+00
 1.86937e+22	2.61e-09	7.61e-05	1.00e+00
 1.88170e+22	2.72e-09	7.86e-05	1.00e+00
 1.89426e+22	2.88e-09	8.22e-05	1.00e+00
 1.90660e+22	3.00e-09	8.46e-05	1.00e+00
 1.91866e+22	3.17e-09	8.82e-05	1.00e+00
 1.93097e+22	3.30e-09	9.09e-05	1.00e+00
 1.94359e+22	3.48e-09	9.47e-05	1.00e+00
 1.95646e+22	3.62e-09	9.77e-05	1.00e+00
 1.96963e+22	3.81e-09	1.02e-04	1.00e+00
 1.98304e+22	3.89e-09	1.05e-04	1.00e+00
 1.99675e+22	4.10e-09	1.10e-04	1.00e+00
 2.01072e+22	4.27e-09	1.13e-04	1.00e+00
 2.02503e+22	4.50e-09	1.18e-04	1.00e+00
 2.03901e+22	4.67e-09	1.21e-04	1.00e+00
 2.05257e+22	4.90e-09	1.26e-04	1.00e+00
 2.06635e+22	5.08e-09	1.30e-04	1.00e+00
 2.08041e+22	5.33e-09	1.35e-04	1.00e+00
 2.09491e+22	5.55e-09	1.39e-04	1.00e+00
 2.10998e+22	5.83e-09	1.45e-04	1.00e+00
 2.12554e+22	6.07e-09	1.50e-04	1.00e+00
 2.14175e+22	6.39e-09	1.56e-04	1.00e+00
 2.15841e+22	6.67e-09	1.61e-04	1.00e+00
 2.17565e+22	7.04e-09	1.68e-04	1.00e+00
 2.19347e+22	7.36e-09	1.74e-04	1.00e+00
 2.21203e+22	7.78e-09	1.82e-04	1.00e+00
 2.23107e+22	8.15e-09	1.89e-04	1.00e+00
 2.24815e+22	8.53e-09	1.95e-04	1.00e+00
 2.26777e+22	9.04e-09	2.05e-04	1.00e+00
 2.28751e+22	9.46e-09	2.12e-04	1.00e+00
 2.30741e+22	1.00e-08	2.22e-04	1.00e+00
 2.32773e+22	1.05e-08	2.31e-04	1.00e+00
 2.34860e+22	1.11e-08	2.42e-04	1.00e+00
 2.36979e+22	1.17e-08	2.52e-04	1.00e+00
 2.39140e+22	1.24e-08	2.66e-04	1.00e+00
 2.41183e+22	1.29e-08	2.75e-04	1.00e+00
 2.43072e+22	1.35e-08	2.88e-04	1.00e+00
 2.44977e+22	1.40e-08	2.98e-04	1.00e+00
 2.46902e+22	1.47e-08	3.13e-04	1.00e+00
 2.48844e+22	1.53e-08	3.25e-04	1.00e+00
 2.50810e+22	1.60e-08	3.42e-04	1.00e+00
 2.52804e+22	1.65e-08	3.56e-04	1.00e+00
 2.54832e+22	1.72e-08	3.76e-04	1.00e+00
 2.56887e+22	1.78e-08	3.91e-04	1.00e+00
 2.58978e+22	1.85e-08	4.14e-04	1.00e+00
 2.61115e+22	1.91e-08	4.33e-04	1.00e+00
 2.63310e+22	1.98e-08	4.60e-04	1.00e+00
 2.65548e+22	2.03e-08	4.82e-04	1.00e+00
 2.67769e+22	2.08e-08	5.12e-04	9.99e-01
 2.69879e+22	2.12e-08	5.35e-04	9.99e-01
 2.71919e+22	2.16e-08	5.67e-04	9.99e-01
 2.73997e+22	2.18e-08	5.93e-04	9.99e-01
 2.76036e+22	2.21e-08	6.28e-04	9.99e-01
 2.78116e+22	2.22e-08	6.59e-04	9.99e-01
 2.80144e+22	2.23e-08	6.96e-04	9.99e-01
 2.82213e+22	2.24e-08	7.32e-04	9.99e-01
 2.84262e+22	2.24e-08	7.72e-04	9.99e-01
 2.86321e+22	2.25e-08	8.13e-04	9.99e-01
 2.88358e+22	2.25e-08	8.56e-04	9.99e-01
 2.90390e+22	2.25e-08	9.01e-04	9.99e-01
 2.92426e+22	2.25e-08	9.48e-04	9.99e-01
 2.94471e+22	2.26e-08	9.98e-04	9.99e-01
 2.96528e+22	2.27e-08	1.05e-03	9.99e-01
 2.98604e+22	2.30e-08	1.11e-03	9.99e-01
 3.00705e+22	2.33e-08	1.16e-03	9.99e-01
 3.02817e+22	2.38e-08	1.23e-03	9.99e-01
 3.04963e+22	2.44e-08	1.29e-03	9.99e-01
 3.07135e+22	2.52e-08	1.36e-03	9.99e-01
 3.09349e+22	2.62e-08	1.44e-03	9.99e-01
 3.11408e+22	2.72e-08	1.50e-03	9.99e-01
 3.13531e+22	2.87e-08	1.58e-03	9.98e-01
 3.15689e+22	3.02e-08	1.66e-03	9.98e-01
 3.17893e+22	3.23e-08	1.75e-03	9.98e-01
 3.20108e+22	3.43e-08	1.83e-03	9.98e-01
 3.22337e+22	3.71e-08	1.94e-03	9.98e-01
 3.24579e+22	3.97e-08	2.02e-03	9.98e-01
 3.26838e+22	4.34e-08	2.14e-03	9.98e-01
 3.29116e+22	4.66e-08	2.23e-03	9.98e-01
 3.31420e+22	5.14e-08	2.36e-03	9.98e-01
 3.33752e+22	5.55e-08	2.47e-03	9.98e-01
 3.36121e+22	6.16e-08	2.61e-03	9.97e-01
 3.38530e+22	6.69e-08	2.73e-03	9.97e-01
 3.40991e+22	7.46e-08	2.90e-03	9.97e-01
 3.43503e+22	8.15e-08	3.03e-03	9.97e-01
 3.46082e+22	9.16e-08	3.22e-03	9.97e-01
 3.48725e+22	1.00e-07	3.38e-03	9.97e-01
 3.50952e+22	1.09e-07	3.52e-03	9.96e-01
 3.53352e+22	1.22e-07	3.72e-03	9.96e-01
 3.55786e+22	1.32e-07	3.88e-03	9.96e-01
 3.57891e+22	1.43e-07	4.04e-03	9.96e-01
 3.60253e+22	1.60e-07	4.26e-03	9.96e-01
 3.62606e+22	1.72e-07	4.43e-03	9.96e-01
 3.64949e+22	1.91e-07	4.67e-03	9.95e-01
 3.67323e+22	2.07e-07	4.85e-03	9.95e-01
 3.69740e+22	2.30e-07	5.12e-03	9.95e-01
 3.72199e+22	2.50e-07	5.33e-03	9.95e-01
 3.74713e+22	2.79e-07	5.63e-03	9.94e-01
 3.77264e+22	3.03e-07	5.86e-03	9.94e-01
 3.79866e+22	3.40e-07	6.20e-03	9.94e-01
 3.82529e+22	3.71e-07	6.48e-03	9.94e-01
 3.85273e+22	4.17e-07	6.86e-03	9.93e-01
 3.88087e+22	4.57e-07	7.18e-03	9.93e-01
 3.90994e+22	5.16e-07	7.63e-03	9.92e-01
 3.93927e+22	5.66e-07	7.98e-03	9.92e-01
 3.96893e+22	6.41e-07	8.49e-03	9.92e-01
 3.99888e+22	7.03e-07	8.88e-03	9.91e-01
 4.02920e+22	7.97e-07	9.46e-03	9.91e-01
 4.05872e+22	8.70e-07	9.87e-03	9.90e-01
 4.08721e+22	9.74e-07	1.04e-02	9.90e-01
 4.11724e+22	1.08e-06	1.10e-02	9.89e-01
 4.14265e+22	1.17e-06	1.14e-02	9.89e-01
 4.16908e+22	1.29e-06	1.20e-02	9.88e-01
 4.19641e+22	1.41e-06	1.26e-02	9.87e-01
 4.22105e+22	1.54e-06	1.31e-02	9.87e-01
 4.24919e+22	1.71e-06	1.38e-02	9.86e-01
 4.27834e+22	1.89e-06	1.45e-02	9.86e-01
 4.30427e+22	2.06e-06	1.51e-02	9.85e-01
 4.33346e+22	2.29e-06	1.60e-02	9.84e-01
 4.36403e+22	2.53e-06	1.68e-02	9.83e-01
 4.39173e+22	2.78e-06	1.75e-02	9.82e-01
 4.42304e+22	3.12e-06	1.86e-02	9.81e-01
 4.45531e+22	3.46e-06	1.96e-02	9.80e-01
 4.48400e+22	3.81e-06	2.05e-02	9.79e-01
 4.51650e+22	4.30e-06	2.18e-02	9.78e-01
 4.55019e+22	4.79e-06	2.29e-02	9.77e-01
 4.58044e+22	5.29e-06	2.41e-02	9.76e-01
 4.61477e+22	6.01e-06	2.57e-02	9.74e-01
 4.65021e+22	6.71e-06	2.71e-02	9.73e-01
 4.68222e+22	7.46e-06	2.86e-02	9.71e-01
 4.71898e+22	8.56e-06	3.06e-02	9.69e-01
 4.75598e+22	9.57e-06	3.23e-02	9.68e-01
 4.79330e+22	1.09e-05	3.45e-02	9.66e-01
 4.83146e+22	1.23e-05	3.65e-02	9.63e-01
 4.86504e+22	1.37e-05	3.85e-02	9.61e-01
 4.90304e+22	1.58e-05	4.13e-02	9.59e-01
 4.94192e+22	1.78e-05	4.37e-02	9.56e-01
 4.98195e+22	2.05e-05	4.69e-02	9.53e-01
 5.02262e+22	2.32e-05	4.98e-02	9.50e-01
 5.05868e+22	2.61e-05	5.27e-02	9.47e-01
 5.10011e+22	3.04e-05	5.68e-02	9.43e-01
 5.14213e+22	3.43e-05	6.02e-02	9.40e-01
 5.17865e+22	3.86e-05	6.37e-02	9.36e-01
 5.21349e+22	4.29e-05	6.71e-02	9.33e-01
 5.24664e+22	4.77e-05	7.06e-02	9.29e-01
 5.28398e+22	5.45e-05	7.53e-02	9.25e-01
 5.32128e+22	6.06e-05	7.92e-02	9.21e-01
 5.35851e+22	6.91e-05	8.43e-02	9.16e-01
 5.39642e+22	7.71e-05	8.88e-02	9.11e-01
 5.43521e+22	8.83e-05	9.48e-02	9.05e-01
 5.47439e+22	9.86e-05	9.98e-02	9.00e-01
 5.50888e+22	1.10e-04	1.05e-01	8.95e-01
 5.54852e+22	1.26e-04	1.12e-01	8.88e-01
 5.58688e+22	1.39e-04	1.17e-01	8.82e-01
 5.61740e+22	1.52e-04	1.23e-01	8.77e-01
 5.65092e+22	1.70e-04	1.29e-01	8.71e-01
 5.68502e+22	1.87e-04	1.35e-01	8.65e-01
 5.71512e+22	2.05e-04	1.41e-01	8.59e-01
 5.74947e+22	2.29e-04	1.48e-01	8.52e-01
 5.78427e+22	2.52e-04	1.55e-01	8.45e-01
 5.81478e+22	2.76e-04	1.61e-01	8.39e-01
 5.84958e+22	3.09e-04	1.70e-01	8.30e-01
 5.88469e+22	3.38e-04	1.77e-01	8.23e-01
 5.92018e+22	3.78e-04	1.86e-01	8.14e-01
 5.95623e+22	4.16e-04	1.94e-01	8.06e-01
 5.98801e+22	4.55e-04	2.02e-01	7.98e-01
 6.02430e+22	5.09e-04	2.12e-01	7.87e-01
 6.06138e+22	5.60e-04	2.21e-01	7.78e-01
 6.09948e+22	6.27e-04	2.32e-01	7.67e-01
 6.13835e+22	6.93e-04	2.43e-01	7.57e-01
 6.17227e+22	7.59e-04	2.52e-01	7.47e-01
 6.21041e+22	8.50e-04	2.65e-01	7.34e-01
 6.25000e+22	9.37e-04	2.76e-01	7.23e-01
 6.29147e+22	1.06e-03	2.91e-01	7.08e-01
 6.33301e+22	1.16e-03	3.02e-01	6.96e-01
 6.37462e+22	1.31e-03	3.17e-01	6.81e-01
 6.41125e+22	1.41e-03	3.27e-01	6.72e-01
 6.43737e+22	1.50e-03	3.35e-01	6.63e-01
 6.46730e+22	1.63e-03	3.46e-01	6.52e-01
 6.49842e+22	1.76e-03	3.56e-01	6.42e-01
 6.53111e+22	1.92e-03	3.69e-01	6.29e-01
 6.56383e+22	2.06e-03	3.79e-01	6.18e-01
 6.59659e+22	2.26e-03	3.93e-01	6.05e-01
 6.62965e+22	2.43e-03	4.03e-01	5.94e-01
 6.66311e+22	2.64e-03	4.16e-01	5.81e-01
 6.69759e+22	2.85e-03	4.28e-01	5.69e-01
 6.72857e+22	3.07e-03	4.40e-01	5.57e-01
 6.76399e+22	3.37e-03	4.54e-01	5.42e-01
 6.79992e+22	3.62e-03	4.66e-01	5.30e-01
 6.83648e+22	3.96e-03	4.81e-01	5.15e-01
 6.87435e+22	4.29e-03	4.94e-01	5.02e-01
 6.91391e+22	4.74e-03	5.10e-01	4.85e-01
 6.95374e+22	5.13e-03	5.24e-01	4.71e-01
 6.99393e+22	5.66e-03	5.41e-01	4.54e-01
 7.03452e+22	6.11e-03	5.54e-01	4.40e-01
 7.07562e+22	6.72e-03	5.70e-01	4.23e-01
 7.11811e+22	7.30e-03	5.84e-01	4.08e-01
 7.16238e+22	8.12e-03	6.03e-01	3.89e-01
 7.20649e+22	8.76e-03	6.16e-01	3.75e-01
 7.25038e+22	9.67e-03	6.33e-01	3.57e-01
 7.29575e+22	1.05e-02	6.47e-01	3.42e-01
 7.34304e+22	1.17e-02	6.65e-01	3.23e-01
 7.39117e+22	1.27e-02	6.79e-01	3.08e-01
 7.44039e+22	1.42e-02	6.98e-01	2.88e-01
 7.49086e+22	1.55e-02	7.12e-01	2.73e-01
 7.54294e+22	1.74e-02	7.30e-01	2.53e-01
 7.59666e+22	1.90e-02	7.44e-01	2.37e-01
 7.65251e+22	2.15e-02	7.62e-01	2.17e-01
 7.71057e+22	2.38e-02	7.76e-01	2.00e-01
 7.77131e+22	2.71e-02	7.93e-01	1.80e-01
 7.83391e+22	3.03e-02	8.06e-01	1.64e-01
 7.88278e+22	3.28e-02	8.15e-01	1.52e-01
 7.92994e+22	3.63e-02	8.25e-01	1.39e-01
 7.97856e+22	3.97e-02	8.33e-01	1.27e-01
 8.02910e+22	4.45e-02	8.42e-01	1.14e-01
 8.08070e+22	4.90e-02	8.48e-01	1.03e-01
 8.13366e+22	5.56e-02	8.54e-01	9.03e-02
 8.18254e+22	6.06e-02	8.57e-01	8.20e-02
 8.21927e+22	6.57e-02	8.59e-01	7.53e-02
 8.26018e+22	7.29e-02	8.60e-01	6.75e-02
 8.30365e+22	8.05e-02	8.59e-01	6.08e-02
 8.34341e+22	8.88e-02	8.56e-01	5.50e-02
 8.38144e+22	9.79e-02	8.52e-01	4.99e-02
 8.41727e+22	1.08e-01	8.47e-01	4.56e-02
 8.45027e+22	1.18e-01	8.40e-01	4.21e-02
 8.48039e+22	1.29e-01	8.31e-01	3.92e-02
 8.50779e+22	1.41e-01	8.22e-01	3.68e-02
 8.53274e+22	1.53e-01	8.12e-01	3.49e-02
 8.55546e+22	1.66e-01	8.01e-01	3.34e-02
 8.57613e+22	1.78e-01	7.89e-01	3.23e-02
 8.58920e+22	1.86e-01	7.82e-01	3.20e-02
 8.59421e+22	1.89e-01	7.79e-01	3.18e-02
 8.59821e+22	1.92e-01	7.76e-01	3.16e-02
 8.60329e+22	1.96e-01	7.72e-01	3.14e-02
 8.60945e+22	2.01e-01	7.68e-01	3.11e-02
 8.61573e+22	2.06e-01	7.63e-01	3.09e-02
 8.62177e+22	2.11e-01	7.58e-01	3.06e-02
 8.62777e+22	2.17e-01	7.53e-01	3.04e-02
 8.63376e+22	2.22e-01	7.48e-01	3.03e-02
 8.63993e+22	2.28e-01	7.42e-01	3.01e-02
 8.64636e+22	2.34e-01	7.36e-01	3.00e-02
 8.65294e+22	2.40e-01	7.30e-01	2.99e-02
 8.65970e+22	2.47e-01	7.23e-01	2.97e-02
 8.66658e+22	2.54e-01	7.16e-01	2.96e-02
 8.67364e+22	2.62e-01	7.09e-01	2.96e-02
 8.68110e+22	2.70e-01	7.00e-01	2.95e-02
 8.68868e+22	2.79e-01	6.92e-01	2.95e-02
 8.69463e+22	2.85e-01	6.86e-01	2.96e-02
 8.69858e+22	2.89e-01	6.81e-01	2.96e-02
 8.70234e+22	2.94e-01	6.77e-01	2.96e-02
 8.70673e+22	3.00e-01	6.71e-01	2.95e-02
 8.71157e+22	3.06e-01	6.64e-01	2.94e-02
 8.71626e+22	3.12e-01	6.59e-01	2.94e-02
 8.72087e+22	3.18e-01	6.53e-01	2.93e-02
 8.72564e+22	3.25e-01	6.46e-01	2.93e-02
 8.73045e+22	3.31e-01	6.40e-01	2.92e-02
 8.73532e+22	3.39e-01	6.32e-01	2.91e-02
 8.74019e+22	3.45e-01	6.26e-01	2.90e-02
 8.74522e+22	3.53e-01	6.18e-01	2.89e-02
 8.75046e+22	3.61e-01	6.10e-01	2.87e-02
 8.75570e+22	3.69e-01	6.03e-01	2.85e-02
 8.76099e+22	3.77e-01	5.94e-01	2.83e-02
 8.76648e+22	3.86e-01	5.86e-01	2.81e-02
 8.77216e+22	3.96e-01	5.77e-01	2.78e-02
 8.77792e+22	4.05e-01	5.67e-01	2.75e-02
 8.78378e+22	4.15e-01	5.58e-01	2.72e-02
 8.78985e+22	4.25e-01	5.48e-01	2.69e-02
 8.79611e+22	4.36e-01	5.37e-01	2.65e-02
 8.80250e+22	4.47e-01	5.27e-01	2.60e-02
 8.80902e+22	4.59e-01	5.16e-01	2.56e-02
 8.81574e+22	4.71e-01	5.04e-01	2.51e-02
 8.82270e+22	4.83e-01	4.92e-01	2.45e-02
 8.82985e+22	4.96e-01	4.80e-01	2.40e-02
 8.83715e+22	5.09e-01	4.68e-01	2.33e-02
 8.84466e+22	5.22e-01	4.55e-01	2.27e-02
 8.85241e+22	5.36e-01	4.42e-01	2.20e-02
 8.86038e+22	5.49e-01	4.29e-01	2.14e-02
 8.86840e+22	5.63e-01	4.16e-01	2.06e-02
 8.87654e+22	5.77e-01	4.03e-01	1.99e-02
 8.88497e+22	5.92e-01	3.89e-01	1.91e-02
 8.89346e+22	6.05e-01	3.76e-01	1.84e-02
 8.90188e+22	6.19e-01	3.63e-01	1.76e-02
 8.91049e+22	6.33e-01	3.51e-01	1.68e-02
 8.91940e+22	6.46e-01	3.38e-01	1.61e-02
 8.92838e+22	6.59e-01	3.26e-01	1.54e-02
 8.93744e+22	6.72e-01	3.14e-01	1.46e-02
 8.94677e+22	6.85e-01	3.02e-01	1.39e-02
 8.95633e+22	6.97e-01	2.90e-01	1.31e-02
 8.96602e+22	7.09e-01	2.78e-01	1.24e-02
 8.97585e+22	7.21e-01	2.67e-01	1.17e-02
 8.98599e+22	7.33e-01	2.56e-01	1.10e-02
 8.99629e+22	7.44e-01	2.45e-01	1.03e-02
 9.00626e+22	7.55e-01	2.36e-01	9.67e-03
 9.01554e+22	7.64e-01	2.27e-01	9.11e-03
 9.02411e+22	7.72e-01	2.19e-01	8.61e-03
 9.03217e+22	7.80e-01	2.12e-01	8.15e-03
 9.03964e+22	7.86e-01	2.06e-01	7.75e-03
 9.04688e+22	7.93e-01	2.00e-01	7.36e-03
 9.05416e+22	7.99e-01	1.94e-01	7.01e-03
 9.06121e+22	8.04e-01	1.89e-01	6.66e-03
 9.06783e+22	8.09e-01	1.84e-01	6.37e-03
 9.07413e+22	8.14e-01	1.80e-01	6.08e-03
 9.08044e+22	8.19e-01	1.75e-01	5.81e-03
 9.08648e+22	8.23e-01	1.71e-01	5.57e-03
 9.09217e+22	8.27e-01	1.67e-01	5.34e-03
 9.09783e+22	8.31e-01	1.64e-01	5.11e-03
 9.10326e+22	8.35e-01	1.60e-01	4.91e-03
 9.10837e+22	8.38e-01	1.57e-01	4.72e-03
 9.11337e+22	8.42e-01	1.54e-01	4.54e-03
 9.11824e+22	8.45e-01	1.51e-01	4.37e-03
 9.12283e+22	8.48e-01	1.48e-01	4.21e-03
 9.12700e+22	8.51e-01	1.45e-01	4.07e-03
 9.13080e+22	8.53e-01	1.43e-01	3.95e-03
 9.13425e+22	8.55e-01	1.41e-01	3.83e-03
 9.13740e+22	8.57e-01	1.39e-01	3.73e-03
 9.14026e+22	8.59e-01	1.37e-01	3.64e-03
 9.14286e+22	8.61e-01	1.36e-01	3.55e-03
 9.14571e+22	8.63e-01	1.34e-01	3.46e-03
 9.14879e+22	8.65e-01	1.32e-01	3.37e-03
 9.15160e+22	8.66e-01	1.31e-01	3.29e-03
 9.15415e+22	8.68e-01	1.29e-01	3.22e-03
 9.15647e+22	8.69e-01	1.28e-01	3.17e-03
 9.15901e+22	8.71e-01	1.26e-01	3.08e-03
 9.16232e+22	8.73e-01	1.24e-01	2.99e-03
 9.16588e+22	8.74e-01	1.23e-01	2.91e-03
 9.16913e+22	8.76e-01	1.21e-01	2.84e-03
 9.17209e+22	8.77e-01	1.20e-01	2.77e-03
 9.17533e+22	8.79e-01	1.18e-01	2.69e-03
 9.17882e+22	8.81e-01	1.16e-01	2.62e-03
 9.18201e+22	8.82e-01	1.15e-01	2.56e-03
 9.18490e+22	8.84e-01	1.14e-01	2.51e-03
 9.18754e+22	8.85e-01	1.13e-01	2.46e-03
 9.19042e+22	8.86e-01	1.11e-01	2.39e-03
 9.19418e+22	8.88e-01	1.09e-01	2.31e-03
 9.19823e+22	8.90e-01	1.08e-01	2.25e-03
 9.20192e+22	8.91e-01	1.06e-01	2.19e-03
 9.20527e+22	8.93e-01	1.05e-01	2.14e-03
 9.20833e+22	8.94e-01	1.04e-01	2.09e-03
 9.21110e+22	8.95e-01	1.03e-01	2.04e-03
 9.21363e+22	8.96e-01	1.02e-01	2.00e-03
 9.21640e+22	8.98e-01	1.00e-01	1.95e-03
 9.22001e+22	8.99e-01	9.87e-02	1.89e-03
 9.22390e+22	9.01e-01	9.72e-02	1.83e-03
 9.22743e+22	9.02e-01	9.59e-02	1.78e-03
 9.23066e+22	9.04e-01	9.47e-02	1.74e-03
 9.23359e+22	9.05e-01	9.36e-02	1.70e-03
 9.23625e+22	9.06e-01	9.26e-02	1.66e-03
 9.23917e+22	9.07e-01	9.13e-02	1.61e-03
 9.24233e+22	9.08e-01	9.01e-02	1.57e-03
 9.24520e+22	9.09e-01	8.91e-02	1.54e-03
 9.24781e+22	9.10e-01	8.82e-02	1.51e-03
 9.25019e+22	9.11e-01	8.75e-02	1.48e-03
 9.25280e+22	9.12e-01	8.63e-02	1.44e-03
 9.25565e+22	9.13e-01	8.53e-02	1.41e-03
