#depth	S	S+	S+2	S+3	S+4	S+5	S+6	S+7	S+8	S+9	S+10	S+11	S+12	S+13	S+14	S+15	S+16
 4.62852e+21	0.00e+00	2.76e-29	7.22e-25	1.89e-21	2.50e-18	1.51e-15	2.59e-12	5.49e-10	4.56e-08	1.56e-06	3.22e-05	3.42e-04	2.29e-03	1.63e-02	2.34e-01	4.61e-01	2.86e-01
 1.04640e+22	0.00e+00	5.45e-27	9.12e-23	1.55e-19	1.30e-16	7.17e-14	9.65e-11	1.48e-08	8.72e-07	2.03e-05	2.91e-04	2.04e-03	8.49e-03	3.76e-02	3.47e-01	4.34e-01	1.71e-01
 1.22744e+22	0.00e+00	1.04e-25	1.36e-21	1.80e-18	1.16e-15	4.83e-13	5.95e-10	7.90e-08	3.93e-06	7.51e-05	8.87e-04	4.99e-03	1.61e-02	5.54e-02	4.04e-01	3.96e-01	1.23e-01
 1.31797e+22	0.00e+00	4.80e-25	5.49e-21	6.34e-18	3.54e-15	1.25e-12	1.50e-09	1.86e-07	8.54e-06	1.47e-04	1.57e-03	7.89e-03	2.23e-02	6.66e-02	4.30e-01	3.70e-01	1.01e-01
 1.35568e+22	0.00e+00	7.13e-25	7.87e-21	8.76e-18	4.70e-15	1.60e-12	1.90e-09	2.32e-07	1.04e-05	1.75e-04	1.82e-03	8.87e-03	2.42e-02	6.98e-02	4.36e-01	3.63e-01	9.58e-02
 1.36851e+22	0.00e+00	9.38e-25	1.01e-20	1.09e-17	5.72e-15	1.89e-12	2.23e-09	2.70e-07	1.20e-05	1.97e-04	2.02e-03	9.62e-03	2.56e-02	7.20e-02	4.40e-01	3.58e-01	9.23e-02
 1.37875e+22	0.00e+00	1.21e-24	1.27e-20	1.35e-17	6.86e-15	2.20e-12	2.60e-09	3.12e-07	1.36e-05	2.20e-04	2.22e-03	1.04e-02	2.70e-02	7.41e-02	4.44e-01	3.53e-01	8.91e-02
 1.39013e+22	0.00e+00	1.73e-24	1.76e-20	1.79e-17	8.78e-15	2.71e-12	3.20e-09	3.79e-07	1.62e-05	2.57e-04	2.53e-03	1.15e-02	2.90e-02	7.70e-02	4.49e-01	3.46e-01	8.48e-02
 1.40118e+22	0.00e+00	2.22e-24	2.20e-20	2.19e-17	1.05e-14	3.14e-12	3.70e-09	4.34e-07	1.84e-05	2.86e-04	2.77e-03	1.24e-02	3.05e-02	7.91e-02	4.52e-01	3.41e-01	8.18e-02
 1.41182e+22	0.00e+00	3.02e-24	2.91e-20	2.81e-17	1.30e-14	3.77e-12	4.44e-09	5.15e-07	2.15e-05	3.27e-04	3.10e-03	1.35e-02	3.24e-02	8.18e-02	4.56e-01	3.35e-01	7.82e-02
 1.42293e+22	0.00e+00	4.02e-24	3.77e-20	3.53e-17	1.58e-14	4.44e-12	5.23e-09	6.02e-07	2.48e-05	3.70e-04	3.45e-03	1.47e-02	3.43e-02	8.43e-02	4.59e-01	3.29e-01	7.50e-02
 1.43286e+22	0.00e+00	5.17e-24	4.74e-20	4.33e-17	1.89e-14	5.16e-12	6.07e-09	6.92e-07	2.81e-05	4.12e-04	3.78e-03	1.58e-02	3.60e-02	8.65e-02	4.62e-01	3.24e-01	7.22e-02
 1.44395e+22	0.00e+00	7.47e-24	6.59e-20	5.78e-17	2.42e-14	6.32e-12	7.48e-09	8.43e-07	3.37e-05	4.83e-04	4.32e-03	1.76e-02	3.87e-02	8.98e-02	4.65e-01	3.16e-01	6.83e-02
 1.45484e+22	0.00e+00	9.54e-24	8.22e-20	7.03e-17	2.87e-14	7.28e-12	8.62e-09	9.64e-07	3.81e-05	5.36e-04	4.72e-03	1.88e-02	4.06e-02	9.20e-02	4.67e-01	3.11e-01	6.57e-02
 1.46546e+22	0.00e+00	1.37e-23	1.13e-19	9.31e-17	3.64e-14	8.84e-12	1.05e-08	1.17e-06	4.55e-05	6.24e-04	5.37e-03	2.08e-02	4.35e-02	9.52e-02	4.70e-01	3.03e-01	6.21e-02
 1.47616e+22	0.00e+00	1.77e-23	1.43e-19	1.14e-16	4.34e-14	1.02e-11	1.22e-08	1.35e-06	5.17e-05	6.97e-04	5.90e-03	2.24e-02	4.57e-02	9.76e-02	4.71e-01	2.97e-01	5.96e-02
 1.48695e+22	0.00e+00	2.55e-23	1.99e-19	1.52e-16	5.52e-14	1.24e-11	1.50e-08	1.64e-06	6.18e-05	8.13e-04	6.72e-03	2.48e-02	4.90e-02	1.01e-01	4.73e-01	2.89e-01	5.61e-02
 1.49751e+22	0.00e+00	3.28e-23	2.49e-19	1.85e-16	6.53e-14	1.43e-11	1.73e-08	1.87e-06	7.00e-05	9.05e-04	7.35e-03	2.66e-02	5.13e-02	1.03e-01	4.74e-01	2.83e-01	5.38e-02
 1.50775e+22	0.00e+00	4.69e-23	3.43e-19	2.44e-16	8.22e-14	1.72e-11	2.10e-08	2.27e-06	8.34e-05	1.05e-03	8.34e-03	2.94e-02	5.48e-02	1.06e-01	4.75e-01	2.74e-01	5.06e-02
 1.51774e+22	0.00e+00	5.99e-23	4.26e-19	2.95e-16	9.65e-14	1.96e-11	2.41e-08	2.58e-06	9.39e-05	1.16e-03	9.09e-03	3.14e-02	5.73e-02	1.09e-01	4.75e-01	2.69e-01	4.85e-02
 1.52740e+22	0.00e+00	8.35e-23	5.73e-19	3.81e-16	1.19e-13	2.32e-11	2.89e-08	3.08e-06	1.10e-04	1.34e-03	1.02e-02	3.44e-02	6.08e-02	1.12e-01	4.75e-01	2.61e-01	4.57e-02
 1.53725e+22	0.00e+00	1.09e-22	7.29e-19	4.68e-16	1.42e-13	2.66e-11	3.35e-08	3.55e-06	1.26e-04	1.50e-03	1.12e-02	3.70e-02	6.38e-02	1.14e-01	4.75e-01	2.54e-01	4.35e-02
 1.54733e+22	0.00e+00	1.58e-22	1.01e-18	6.17e-16	1.78e-13	3.19e-11	4.07e-08	4.29e-06	1.50e-04	1.74e-03	1.27e-02	4.08e-02	6.80e-02	1.17e-01	4.74e-01	2.45e-01	4.06e-02
 1.55730e+22	0.00e+00	2.04e-22	1.27e-18	7.52e-16	2.10e-13	3.63e-11	4.69e-08	4.92e-06	1.70e-04	1.93e-03	1.39e-02	4.37e-02	7.10e-02	1.19e-01	4.72e-01	2.39e-01	3.87e-02
 1.56714e+22	0.00e+00	2.91e-22	1.74e-18	9.83e-16	2.61e-13	4.32e-11	5.67e-08	5.92e-06	2.02e-04	2.23e-03	1.57e-02	4.79e-02	7.54e-02	1.22e-01	4.70e-01	2.30e-01	3.61e-02
 1.57714e+22	0.00e+00	3.88e-22	2.24e-18	1.22e-15	3.12e-13	4.95e-11	6.60e-08	6.87e-06	2.31e-04	2.51e-03	1.73e-02	5.16e-02	7.91e-02	1.25e-01	4.68e-01	2.23e-01	3.41e-02
 1.58736e+22	0.00e+00	5.61e-22	3.10e-18	1.61e-15	3.90e-13	5.90e-11	8.01e-08	8.30e-06	2.75e-04	2.90e-03	1.95e-02	5.67e-02	8.39e-02	1.27e-01	4.64e-01	2.14e-01	3.16e-02
 1.59738e+22	0.00e+00	7.35e-22	3.93e-18	1.96e-15	4.60e-13	6.70e-11	9.23e-08	9.53e-06	3.13e-04	3.23e-03	2.13e-02	6.06e-02	8.75e-02	1.29e-01	4.61e-01	2.07e-01	2.98e-02
 1.60713e+22	0.00e+00	1.05e-21	5.39e-18	2.56e-15	5.69e-13	7.90e-11	1.11e-07	1.14e-05	3.70e-04	3.72e-03	2.40e-02	6.62e-02	9.25e-02	1.32e-01	4.56e-01	1.98e-01	2.76e-02
 1.61702e+22	0.00e+00	1.40e-21	6.91e-18	3.16e-15	6.74e-13	8.99e-11	1.29e-07	1.32e-05	4.22e-04	4.16e-03	2.62e-02	7.09e-02	9.65e-02	1.34e-01	4.51e-01	1.91e-01	2.59e-02
 1.62709e+22	0.00e+00	2.03e-21	9.57e-18	4.15e-15	8.38e-13	1.06e-10	1.55e-07	1.59e-05	5.01e-04	4.80e-03	2.95e-02	7.75e-02	1.02e-01	1.36e-01	4.45e-01	1.82e-01	2.38e-02
 1.63729e+22	0.00e+00	2.71e-21	1.24e-17	5.14e-15	9.95e-13	1.21e-10	1.80e-07	1.84e-05	5.72e-04	5.36e-03	3.23e-02	8.29e-02	1.06e-01	1.37e-01	4.39e-01	1.74e-01	2.22e-02
 1.64765e+22	0.00e+00	3.98e-21	1.73e-17	6.79e-15	1.24e-12	1.43e-10	2.18e-07	2.22e-05	6.80e-04	6.18e-03	3.63e-02	9.05e-02	1.12e-01	1.39e-01	4.31e-01	1.65e-01	2.03e-02
 1.65807e+22	0.00e+00	5.33e-21	2.23e-17	8.41e-15	1.47e-12	1.62e-10	2.52e-07	2.56e-05	7.75e-04	6.89e-03	3.96e-02	9.65e-02	1.16e-01	1.40e-01	4.24e-01	1.58e-01	1.89e-02
 1.66705e+22	0.00e+00	7.09e-21	2.86e-17	1.04e-14	1.73e-12	1.84e-10	2.90e-07	2.94e-05	8.80e-04	7.64e-03	4.30e-02	1.03e-01	1.20e-01	1.41e-01	4.16e-01	1.51e-01	1.75e-02
 1.67722e+22	4.38e-34	1.03e-20	3.97e-17	1.36e-14	2.14e-12	2.15e-10	3.47e-07	3.52e-05	1.04e-03	8.74e-03	4.79e-02	1.11e-01	1.26e-01	1.42e-01	4.06e-01	1.42e-01	1.59e-02
 1.68737e+22	6.06e-34	1.35e-20	5.04e-17	1.65e-14	2.51e-12	2.42e-10	3.95e-07	4.01e-05	1.16e-03	9.62e-03	5.17e-02	1.18e-01	1.30e-01	1.42e-01	3.98e-01	1.35e-01	1.48e-02
 1.69751e+22	9.38e-34	1.95e-20	6.93e-17	2.15e-14	3.08e-12	2.83e-10	4.69e-07	4.75e-05	1.36e-03	1.09e-02	5.72e-02	1.26e-01	1.35e-01	1.43e-01	3.87e-01	1.27e-01	1.34e-02
 1.70775e+22	1.29e-33	2.56e-20	8.77e-17	2.62e-14	3.60e-12	3.18e-10	5.33e-07	5.39e-05	1.52e-03	1.20e-02	6.14e-02	1.33e-01	1.38e-01	1.43e-01	3.78e-01	1.20e-01	1.24e-02
 1.71812e+22	2.00e-33	3.69e-20	1.21e-16	3.40e-14	4.42e-12	3.70e-10	6.30e-07	6.36e-05	1.77e-03	1.35e-02	6.75e-02	1.42e-01	1.43e-01	1.42e-01	3.66e-01	1.12e-01	1.11e-02
 1.72867e+22	2.77e-33	4.85e-20	1.53e-16	4.15e-14	5.17e-12	4.17e-10	7.15e-07	7.20e-05	1.98e-03	1.48e-02	7.24e-02	1.49e-01	1.47e-01	1.42e-01	3.56e-01	1.06e-01	1.03e-02
 1.73946e+22	4.24e-33	6.94e-20	2.10e-16	5.38e-14	6.34e-12	4.86e-10	8.40e-07	8.44e-05	2.28e-03	1.65e-02	7.90e-02	1.59e-01	1.51e-01	1.41e-01	3.43e-01	9.87e-02	9.19e-03
 1.75062e+22	6.00e-33	9.31e-20	2.71e-16	6.66e-14	7.50e-12	5.52e-10	9.57e-07	9.59e-05	2.56e-03	1.81e-02	8.47e-02	1.67e-01	1.54e-01	1.40e-01	3.32e-01	9.28e-02	8.38e-03
 1.76224e+22	9.31e-33	1.35e-19	3.75e-16	8.72e-14	9.27e-12	6.47e-10	1.13e-06	1.13e-04	2.95e-03	2.03e-02	9.23e-02	1.77e-01	1.58e-01	1.38e-01	3.18e-01	8.54e-02	7.44e-03
 1.77413e+22	1.32e-32	1.81e-19	4.85e-16	1.08e-13	1.10e-11	7.36e-10	1.28e-06	1.28e-04	3.30e-03	2.22e-02	9.85e-02	1.85e-01	1.61e-01	1.37e-01	3.07e-01	7.99e-02	6.75e-03
 1.78471e+22	1.85e-32	2.42e-19	6.23e-16	1.33e-13	1.29e-11	8.35e-10	1.45e-06	1.44e-04	3.67e-03	2.41e-02	1.05e-01	1.92e-01	1.64e-01	1.35e-01	2.95e-01	7.47e-02	6.13e-03
 1.79680e+22	2.83e-32	3.48e-19	8.57e-16	1.73e-13	1.60e-11	9.79e-10	1.69e-06	1.67e-04	4.19e-03	2.67e-02	1.13e-01	2.02e-01	1.66e-01	1.33e-01	2.81e-01	6.84e-02	5.40e-03
 1.80906e+22	3.94e-32	4.62e-19	1.10e-15	2.13e-13	1.88e-11	1.11e-09	1.90e-06	1.88e-04	4.64e-03	2.89e-02	1.20e-01	2.09e-01	1.68e-01	1.30e-01	2.70e-01	6.38e-02	4.89e-03
 1.82154e+22	6.02e-32	6.62e-19	1.51e-15	2.78e-13	2.32e-11	1.30e-09	2.20e-06	2.17e-04	5.27e-03	3.19e-02	1.28e-01	2.19e-01	1.70e-01	1.27e-01	2.56e-01	5.81e-02	4.29e-03
 1.83366e+22	8.08e-32	8.52e-19	1.88e-15	3.34e-13	2.69e-11	1.46e-09	2.44e-06	2.39e-04	5.75e-03	3.41e-02	1.35e-01	2.25e-01	1.71e-01	1.25e-01	2.46e-01	5.44e-02	3.91e-03
 1.84531e+22	1.19e-31	1.18e-18	2.51e-15	4.25e-13	3.26e-11	1.69e-09	2.79e-06	2.72e-04	6.43e-03	3.71e-02	1.43e-01	2.33e-01	1.72e-01	1.22e-01	2.33e-01	4.98e-02	3.46e-03
 1.85719e+22	1.59e-31	1.52e-18	3.12e-15	5.12e-13	3.78e-11	1.90e-09	3.09e-06	3.00e-04	6.99e-03	3.95e-02	1.49e-01	2.39e-01	1.73e-01	1.19e-01	2.23e-01	4.64e-02	3.14e-03
 1.86937e+22	2.34e-31	2.12e-18	4.19e-15	6.53e-13	4.60e-11	2.21e-09	3.51e-06	3.40e-04	7.80e-03	4.29e-02	1.58e-01	2.47e-01	1.73e-01	1.16e-01	2.11e-01	4.22e-02	2.75e-03
 1.88170e+22	3.11e-31	2.71e-18	5.20e-15	7.84e-13	5.33e-11	2.48e-09	3.88e-06	3.74e-04	8.46e-03	4.56e-02	1.64e-01	2.52e-01	1.73e-01	1.13e-01	2.01e-01	3.93e-02	2.50e-03
 1.89426e+22	4.57e-31	3.78e-18	6.96e-15	1.00e-12	6.48e-11	2.88e-09	4.41e-06	4.22e-04	9.40e-03	4.93e-02	1.73e-01	2.59e-01	1.73e-01	1.10e-01	1.89e-01	3.56e-02	2.18e-03
 1.90660e+22	5.94e-31	4.74e-18	8.50e-15	1.19e-12	7.43e-11	3.21e-09	4.83e-06	4.60e-04	1.01e-02	5.20e-02	1.79e-01	2.63e-01	1.72e-01	1.07e-01	1.81e-01	3.32e-02	1.99e-03
 1.91866e+22	8.49e-31	6.46e-18	1.11e-14	1.49e-12	8.92e-11	3.70e-09	5.43e-06	5.14e-04	1.11e-02	5.58e-02	1.87e-01	2.69e-01	1.71e-01	1.03e-01	1.70e-01	3.02e-02	1.74e-03
 1.93097e+22	1.11e-30	8.13e-18	1.37e-14	1.77e-12	1.03e-10	4.13e-09	5.95e-06	5.60e-04	1.20e-02	5.87e-02	1.93e-01	2.73e-01	1.70e-01	1.00e-01	1.62e-01	2.80e-02	1.58e-03
 1.94359e+22	1.58e-30	1.11e-17	1.79e-14	2.22e-12	1.23e-10	4.77e-09	6.69e-06	6.25e-04	1.31e-02	6.29e-02	2.01e-01	2.78e-01	1.69e-01	9.66e-02	1.52e-01	2.54e-02	1.38e-03
 1.95646e+22	2.08e-30	1.40e-17	2.21e-14	2.65e-12	1.42e-10	5.34e-09	7.33e-06	6.80e-04	1.41e-02	6.61e-02	2.07e-01	2.81e-01	1.67e-01	9.37e-02	1.44e-01	2.35e-02	1.24e-03
 1.96963e+22	2.97e-30	1.91e-17	2.91e-14	3.34e-12	1.72e-10	6.19e-09	8.24e-06	7.59e-04	1.55e-02	7.06e-02	2.16e-01	2.86e-01	1.65e-01	8.98e-02	1.35e-01	2.11e-02	1.08e-03
 1.98304e+22	1.76e-30	2.42e-17	3.58e-14	4.00e-12	1.99e-10	6.94e-09	9.04e-06	8.25e-04	1.66e-02	7.42e-02	2.22e-01	2.88e-01	1.63e-01	8.68e-02	1.28e-01	1.95e-02	9.71e-04
 1.99675e+22	2.52e-30	3.31e-17	4.72e-14	5.05e-12	2.40e-10	8.06e-09	1.02e-05	9.20e-04	1.81e-02	7.90e-02	2.30e-01	2.92e-01	1.60e-01	8.29e-02	1.19e-01	1.74e-02	8.39e-04
 2.01072e+22	3.32e-30	4.21e-17	5.83e-14	6.04e-12	2.78e-10	9.06e-09	1.12e-05	1.00e-03	1.94e-02	8.29e-02	2.36e-01	2.94e-01	1.58e-01	7.99e-02	1.12e-01	1.60e-02	7.50e-04
 2.02503e+22	4.76e-30	5.77e-17	7.71e-14	7.66e-12	3.37e-10	1.06e-08	1.26e-05	1.11e-03	2.13e-02	8.81e-02	2.44e-01	2.96e-01	1.55e-01	7.60e-02	1.04e-01	1.43e-02	6.45e-04
 2.03901e+22	6.07e-30	7.13e-17	9.31e-14	9.01e-12	3.86e-10	1.18e-08	1.37e-05	1.20e-03	2.26e-02	9.19e-02	2.49e-01	2.97e-01	1.53e-01	7.34e-02	9.81e-02	1.32e-02	5.82e-04
 2.05257e+22	8.53e-30	9.60e-17	1.21e-13	1.12e-11	4.62e-10	1.36e-08	1.53e-05	1.33e-03	2.45e-02	9.70e-02	2.56e-01	2.99e-01	1.49e-01	6.98e-02	9.09e-02	1.18e-02	5.03e-04
 2.06635e+22	1.09e-29	1.19e-16	1.46e-13	1.33e-11	5.30e-10	1.51e-08	1.67e-05	1.43e-03	2.60e-02	1.01e-01	2.61e-01	2.99e-01	1.46e-01	6.72e-02	8.59e-02	1.09e-02	4.52e-04
 2.08041e+22	1.51e-29	1.59e-16	1.89e-13	1.65e-11	6.33e-10	1.75e-08	1.86e-05	1.58e-03	2.82e-02	1.06e-01	2.68e-01	3.00e-01	1.43e-01	6.38e-02	7.95e-02	9.74e-03	3.90e-04
 2.09491e+22	1.98e-29	2.01e-16	2.33e-13	1.97e-11	7.34e-10	1.96e-08	2.04e-05	1.71e-03	3.00e-02	1.11e-01	2.73e-01	3.00e-01	1.40e-01	6.11e-02	7.45e-02	8.88e-03	3.46e-04
 2.10998e+22	2.76e-29	2.69e-16	3.02e-13	2.46e-11	8.83e-10	2.28e-08	2.28e-05	1.89e-03	3.24e-02	1.17e-01	2.79e-01	2.99e-01	1.36e-01	5.77e-02	6.87e-02	7.90e-03	2.98e-04
 2.12554e+22	3.65e-29	3.44e-16	3.77e-13	2.98e-11	1.03e-09	2.58e-08	2.52e-05	2.05e-03	3.47e-02	1.22e-01	2.84e-01	2.98e-01	1.32e-01	5.50e-02	6.40e-02	7.15e-03	2.62e-04
 2.14175e+22	5.17e-29	4.66e-16	4.94e-13	3.76e-11	1.25e-09	3.02e-08	2.84e-05	2.27e-03	3.75e-02	1.28e-01	2.91e-01	2.97e-01	1.28e-01	5.17e-02	5.86e-02	6.31e-03	2.23e-04
 2.15841e+22	6.91e-29	6.02e-16	6.21e-13	4.57e-11	1.47e-09	3.44e-08	3.14e-05	2.48e-03	4.01e-02	1.34e-01	2.95e-01	2.95e-01	1.24e-01	4.90e-02	5.43e-02	5.67e-03	1.94e-04
 2.17565e+22	9.90e-29	8.23e-16	8.22e-13	5.83e-11	1.80e-09	4.05e-08	3.56e-05	2.75e-03	4.35e-02	1.40e-01	3.01e-01	2.93e-01	1.19e-01	4.58e-02	4.94e-02	4.96e-03	1.64e-04
 2.19347e+22	1.34e-28	1.07e-15	1.04e-12	7.16e-11	2.14e-09	4.66e-08	3.96e-05	3.01e-03	4.66e-02	1.46e-01	3.05e-01	2.90e-01	1.15e-01	4.32e-02	4.55e-02	4.43e-03	1.41e-04
 2.21203e+22	1.95e-28	1.49e-15	1.40e-12	9.23e-11	2.65e-09	5.53e-08	4.52e-05	3.36e-03	5.06e-02	1.54e-01	3.10e-01	2.87e-01	1.10e-01	4.01e-02	4.10e-02	3.83e-03	1.18e-04
 2.23107e+22	2.67e-28	1.97e-15	1.79e-12	1.14e-10	3.16e-09	6.39e-08	5.05e-05	3.68e-03	5.42e-02	1.60e-01	3.14e-01	2.83e-01	1.06e-01	3.76e-02	3.76e-02	3.39e-03	1.01e-04
 2.24815e+22	3.60e-28	2.55e-15	2.26e-12	1.40e-10	3.75e-09	7.34e-08	5.62e-05	4.01e-03	5.78e-02	1.66e-01	3.18e-01	2.79e-01	1.02e-01	3.53e-02	3.45e-02	3.02e-03	8.67e-05
 2.26777e+22	5.39e-28	3.63e-15	3.10e-12	1.84e-10	4.70e-09	8.81e-08	6.45e-05	4.50e-03	6.29e-02	1.75e-01	3.21e-01	2.74e-01	9.65e-02	3.24e-02	3.07e-02	2.57e-03	7.06e-05
 2.28751e+22	7.24e-28	4.70e-15	3.91e-12	2.25e-10	5.57e-09	1.01e-07	7.18e-05	4.90e-03	6.70e-02	1.81e-01	3.24e-01	2.70e-01	9.25e-02	3.03e-02	2.81e-02	2.28e-03	6.07e-05
 2.30741e+22	1.07e-27	6.65e-15	5.33e-12	2.94e-10	6.95e-09	1.21e-07	8.23e-05	5.47e-03	7.26e-02	1.89e-01	3.27e-01	2.64e-01	8.74e-02	2.78e-02	2.50e-02	1.94e-03	4.94e-05
 2.32773e+22	1.47e-27	8.79e-15	6.84e-12	3.64e-10	8.33e-09	1.40e-07	9.20e-05	5.98e-03	7.74e-02	1.96e-01	3.29e-01	2.59e-01	8.33e-02	2.58e-02	2.27e-02	1.70e-03	4.18e-05
 2.34860e+22	2.21e-27	1.26e-14	9.41e-12	4.80e-10	1.05e-08	1.69e-07	1.06e-04	6.70e-03	8.39e-02	2.04e-01	3.30e-01	2.52e-01	7.82e-02	2.35e-02	2.00e-02	1.43e-03	3.37e-05
 2.36979e+22	3.05e-27	1.68e-14	1.22e-11	5.99e-10	1.26e-08	1.96e-07	1.19e-04	7.33e-03	8.94e-02	2.11e-01	3.31e-01	2.46e-01	7.42e-02	2.17e-02	1.80e-02	1.24e-03	2.82e-05
 2.39140e+22	4.65e-27	2.44e-14	1.70e-11	7.99e-10	1.60e-08	2.39e-07	1.37e-04	8.22e-03	9.70e-02	2.20e-01	3.31e-01	2.38e-01	6.91e-02	1.96e-02	1.57e-02	1.03e-03	2.24e-05
 2.41183e+22	6.12e-27	3.12e-14	2.12e-11	9.67e-10	1.88e-08	2.71e-07	1.51e-04	8.87e-03	1.02e-01	2.26e-01	3.31e-01	2.32e-01	6.59e-02	1.83e-02	1.43e-02	9.13e-04	1.91e-05
 2.43072e+22	8.85e-27	4.34e-14	2.85e-11	1.25e-09	2.32e-08	3.22e-07	1.72e-04	9.79e-03	1.09e-01	2.33e-01	3.30e-01	2.25e-01	6.17e-02	1.66e-02	1.27e-02	7.72e-04	1.55e-05
 2.44977e+22	1.16e-26	5.57e-14	3.56e-11	1.51e-09	2.72e-08	3.66e-07	1.89e-04	1.06e-02	1.15e-01	2.39e-01	3.29e-01	2.19e-01	5.86e-02	1.55e-02	1.15e-02	6.80e-04	1.32e-05
 2.46902e+22	1.69e-26	7.83e-14	4.81e-11	1.96e-09	3.37e-08	4.36e-07	2.15e-04	1.17e-02	1.23e-01	2.46e-01	3.27e-01	2.12e-01	5.47e-02	1.40e-02	1.01e-02	5.71e-04	1.06e-05
 2.48844e+22	2.24e-26	1.01e-13	6.07e-11	2.39e-09	3.97e-08	4.99e-07	2.38e-04	1.26e-02	1.30e-01	2.52e-01	3.25e-01	2.06e-01	5.17e-02	1.30e-02	9.13e-03	4.98e-04	8.96e-06
 2.50810e+22	3.27e-26	1.44e-13	8.26e-11	3.11e-09	4.95e-08	5.97e-07	2.71e-04	1.39e-02	1.39e-01	2.59e-01	3.22e-01	1.98e-01	4.80e-02	1.17e-02	7.96e-03	4.15e-04	7.12e-06
 2.52804e+22	4.36e-26	1.88e-13	1.05e-10	3.82e-09	5.88e-08	6.86e-07	3.01e-04	1.51e-02	1.46e-01	2.64e-01	3.19e-01	1.91e-01	4.52e-02	1.08e-02	7.15e-03	3.59e-04	5.95e-06
 2.54832e+22	6.41e-26	2.70e-13	1.45e-10	5.03e-09	7.39e-08	8.28e-07	3.45e-04	1.67e-02	1.56e-01	2.71e-01	3.15e-01	1.83e-01	4.16e-02	9.63e-03	6.18e-03	2.95e-04	4.66e-06
 2.56887e+22	8.56e-26	3.56e-13	1.85e-10	6.23e-09	8.82e-08	9.57e-07	3.84e-04	1.81e-02	1.64e-01	2.76e-01	3.11e-01	1.76e-01	3.90e-02	8.82e-03	5.51e-03	2.54e-04	3.86e-06
 2.58978e+22	1.26e-25	5.17e-13	2.58e-10	8.27e-09	1.12e-07	1.16e-06	4.43e-04	2.01e-02	1.75e-01	2.82e-01	3.05e-01	1.68e-01	3.57e-02	7.83e-03	4.72e-03	2.06e-04	2.98e-06
 2.61115e+22	1.71e-25	6.96e-13	3.36e-10	1.04e-08	1.35e-07	1.36e-06	4.97e-04	2.19e-02	1.85e-01	2.87e-01	3.00e-01	1.61e-01	3.32e-02	7.10e-03	4.16e-03	1.75e-04	2.42e-06
 2.63310e+22	2.53e-25	1.03e-12	4.75e-10	1.40e-08	1.74e-07	1.68e-06	5.79e-04	2.46e-02	1.97e-01	2.93e-01	2.93e-01	1.52e-01	3.01e-02	6.24e-03	3.51e-03	1.40e-04	1.83e-06
 2.65548e+22	3.45e-25	1.40e-12	6.27e-10	1.78e-08	2.13e-07	1.99e-06	6.55e-04	2.69e-02	2.08e-01	2.97e-01	2.87e-01	1.45e-01	2.77e-02	5.61e-03	3.06e-03	1.16e-04	1.46e-06
 2.67769e+22	5.01e-25	2.06e-12	8.83e-10	2.40e-08	2.74e-07	2.45e-06	7.64e-04	3.00e-02	2.22e-01	3.01e-01	2.78e-01	1.36e-01	2.50e-02	4.91e-03	2.57e-03	9.26e-05	1.10e-06
 2.69879e+22	6.52e-25	2.70e-12	1.13e-09	2.97e-08	3.29e-07	2.86e-06	8.55e-04	3.26e-02	2.32e-01	3.03e-01	2.72e-01	1.30e-01	2.31e-02	4.45e-03	2.27e-03	7.84e-05	8.98e-07
 2.71919e+22	9.15e-25	3.87e-12	1.55e-09	3.94e-08	4.19e-07	3.51e-06	9.92e-04	3.62e-02	2.45e-01	3.06e-01	2.63e-01	1.22e-01	2.08e-02	3.90e-03	1.91e-03	6.27e-05	6.81e-07
 2.73997e+22	1.19e-24	5.13e-12	2.00e-09	4.93e-08	5.07e-07	4.13e-06	1.12e-03	3.95e-02	2.56e-01	3.08e-01	2.56e-01	1.15e-01	1.91e-02	3.51e-03	1.67e-03	5.23e-05	5.45e-07
 2.76036e+22	1.62e-24	7.20e-12	2.72e-09	6.46e-08	6.41e-07	5.04e-06	1.30e-03	4.38e-02	2.70e-01	3.09e-01	2.46e-01	1.08e-01	1.72e-02	3.07e-03	1.40e-03	4.19e-05	4.14e-07
 2.78116e+22	2.10e-24	9.62e-12	3.53e-09	8.16e-08	7.85e-07	6.01e-06	1.47e-03	4.79e-02	2.82e-01	3.09e-01	2.38e-01	1.01e-01	1.56e-02	2.73e-03	1.21e-03	3.44e-05	3.26e-07
 2.80144e+22	2.73e-24	1.32e-11	4.70e-09	1.05e-07	9.82e-07	7.29e-06	1.70e-03	5.29e-02	2.96e-01	3.09e-01	2.28e-01	9.45e-02	1.40e-02	2.39e-03	1.02e-03	2.77e-05	2.49e-07
 2.82213e+22	3.49e-24	1.76e-11	6.13e-09	1.34e-07	1.21e-06	8.76e-06	1.94e-03	5.81e-02	3.09e-01	3.08e-01	2.19e-01	8.82e-02	1.26e-02	2.10e-03	8.67e-04	2.24e-05	1.93e-07
 2.84262e+22	4.44e-24	2.37e-11	8.03e-09	1.71e-07	1.51e-06	1.06e-05	2.23e-03	6.40e-02	3.22e-01	3.07e-01	2.09e-01	8.18e-02	1.13e-02	1.84e-03	7.30e-04	1.80e-05	1.47e-07
 2.86321e+22	5.57e-24	3.14e-11	1.04e-08	2.18e-07	1.86e-06	1.28e-05	2.56e-03	7.03e-02	3.36e-01	3.04e-01	1.99e-01	7.57e-02	1.01e-02	1.61e-03	6.15e-04	1.44e-05	0.00e+00
 2.88358e+22	6.91e-24	4.12e-11	1.34e-08	2.75e-07	2.29e-06	1.54e-05	2.93e-03	7.71e-02	3.49e-01	3.01e-01	1.90e-01	7.00e-02	8.99e-03	1.40e-03	5.17e-04	1.16e-05	0.00e+00
 2.90390e+22	8.49e-24	5.37e-11	1.72e-08	3.46e-07	2.82e-06	1.85e-05	3.35e-03	8.44e-02	3.61e-01	2.97e-01	1.80e-01	6.44e-02	7.99e-03	1.21e-03	4.34e-04	9.25e-06	0.00e+00
 2.92426e+22	1.03e-23	6.96e-11	2.19e-08	4.35e-07	3.46e-06	2.22e-05	3.83e-03	9.24e-02	3.73e-01	2.93e-01	1.70e-01	5.91e-02	7.07e-03	1.05e-03	3.63e-04	7.37e-06	0.00e+00
 2.94471e+22	1.25e-23	8.93e-11	2.78e-08	5.45e-07	4.24e-06	2.67e-05	4.38e-03	1.01e-01	3.85e-01	2.88e-01	1.60e-01	5.41e-02	6.25e-03	9.08e-04	3.02e-04	5.85e-06	0.00e+00
 2.96528e+22	1.50e-23	1.14e-10	3.50e-08	6.80e-07	5.18e-06	3.20e-05	4.99e-03	1.10e-01	3.97e-01	2.82e-01	1.51e-01	4.93e-02	5.49e-03	7.80e-04	2.51e-04	4.63e-06	0.00e+00
 2.98604e+22	1.80e-23	1.44e-10	4.40e-08	8.46e-07	6.32e-06	3.84e-05	5.69e-03	1.20e-01	4.07e-01	2.75e-01	1.41e-01	4.48e-02	4.82e-03	6.69e-04	2.08e-04	3.65e-06	0.00e+00
 3.00705e+22	2.14e-23	1.82e-10	5.50e-08	1.05e-06	7.71e-06	4.60e-05	6.48e-03	1.30e-01	4.17e-01	2.68e-01	1.32e-01	4.05e-02	4.21e-03	5.70e-04	1.71e-04	2.86e-06	0.00e+00
 3.02817e+22	2.54e-23	2.27e-10	6.83e-08	1.30e-06	9.34e-06	5.50e-05	7.36e-03	1.41e-01	4.27e-01	2.61e-01	1.23e-01	3.66e-02	3.67e-03	4.86e-04	1.41e-04	2.25e-06	0.00e+00
 3.04963e+22	3.01e-23	2.82e-10	8.49e-08	1.60e-06	1.14e-05	6.59e-05	8.36e-03	1.53e-01	4.35e-01	2.53e-01	1.14e-01	3.29e-02	3.18e-03	4.10e-04	1.15e-04	1.74e-06	0.00e+00
 3.07135e+22	4.68e-23	3.48e-10	1.04e-07	1.97e-06	1.37e-05	7.84e-05	9.46e-03	1.65e-01	4.43e-01	2.44e-01	1.06e-01	2.95e-02	2.75e-03	3.47e-04	9.40e-05	1.36e-06	0.00e+00
 3.09349e+22	5.58e-23	4.29e-10	1.29e-07	2.43e-06	1.66e-05	9.39e-05	1.07e-02	1.79e-01	4.49e-01	2.35e-01	9.71e-02	2.62e-02	2.36e-03	2.90e-04	7.59e-05	1.04e-06	0.00e+00
 3.11408e+22	6.45e-23	5.05e-10	1.52e-07	2.87e-06	1.94e-05	1.08e-04	1.19e-02	1.90e-01	4.54e-01	2.28e-01	9.07e-02	2.38e-02	2.08e-03	2.50e-04	6.38e-05	8.40e-07	0.00e+00
 3.13531e+22	7.72e-23	6.19e-10	1.88e-07	3.54e-06	2.36e-05	1.30e-04	1.35e-02	2.05e-01	4.58e-01	2.18e-01	8.27e-02	2.10e-02	1.77e-03	2.07e-04	5.08e-05	6.34e-07	0.00e+00
 3.15689e+22	8.98e-23	7.26e-10	2.21e-07	4.17e-06	2.74e-05	1.50e-04	1.49e-02	2.16e-01	4.61e-01	2.10e-01	7.68e-02	1.89e-02	1.55e-03	1.77e-04	4.24e-05	5.08e-07	0.00e+00
 3.17893e+22	1.08e-22	8.81e-10	2.71e-07	5.14e-06	3.33e-05	1.81e-04	1.69e-02	2.33e-01	4.63e-01	2.00e-01	6.95e-02	1.65e-02	1.30e-03	1.45e-04	3.34e-05	3.78e-07	0.00e+00
 3.20108e+22	1.26e-22	1.02e-09	3.17e-07	6.01e-06	3.85e-05	2.07e-04	1.85e-02	2.45e-01	4.64e-01	1.92e-01	6.44e-02	1.49e-02	1.14e-03	1.24e-04	2.79e-05	3.03e-07	0.00e+00
 3.22337e+22	1.53e-22	1.23e-09	3.86e-07	7.33e-06	4.63e-05	2.47e-04	2.09e-02	2.61e-01	4.64e-01	1.82e-01	5.80e-02	1.29e-02	9.56e-04	1.01e-04	2.19e-05	2.26e-07	0.00e+00
 3.24579e+22	1.79e-22	1.42e-09	4.48e-07	8.53e-06	5.32e-05	2.81e-04	2.28e-02	2.74e-01	4.63e-01	1.74e-01	5.36e-02	1.16e-02	8.35e-04	8.61e-05	1.82e-05	1.80e-07	0.00e+00
 3.26838e+22	2.17e-22	1.68e-09	5.41e-07	1.03e-05	6.37e-05	3.34e-04	2.56e-02	2.91e-01	4.60e-01	1.64e-01	4.81e-02	1.01e-02	6.98e-04	6.98e-05	1.43e-05	1.34e-07	0.00e+00
 3.29116e+22	2.54e-22	1.93e-09	6.25e-07	1.20e-05	7.29e-05	3.80e-04	2.79e-02	3.04e-01	4.57e-01	1.56e-01	4.42e-02	9.00e-03	6.07e-04	5.93e-05	1.18e-05	0.00e+00	0.00e+00
 3.31420e+22	3.08e-22	2.28e-09	7.51e-07	1.45e-05	8.67e-05	4.49e-04	3.11e-02	3.21e-01	4.53e-01	1.47e-01	3.96e-02	7.76e-03	5.05e-04	4.79e-05	9.25e-06	0.00e+00	0.00e+00
 3.33752e+22	3.62e-22	2.60e-09	8.67e-07	1.67e-05	9.91e-05	5.10e-04	3.38e-02	3.34e-01	4.48e-01	1.39e-01	3.62e-02	6.91e-03	4.38e-04	4.05e-05	7.63e-06	0.00e+00	0.00e+00
 3.36121e+22	4.42e-22	3.06e-09	1.04e-06	2.01e-05	1.17e-04	6.02e-04	3.76e-02	3.52e-01	4.41e-01	1.30e-01	3.22e-02	5.93e-03	3.62e-04	3.25e-05	5.92e-06	0.00e+00	0.00e+00
 3.38530e+22	5.21e-22	3.50e-09	1.20e-06	2.32e-05	1.34e-04	6.83e-04	4.08e-02	3.65e-01	4.35e-01	1.23e-01	2.94e-02	5.25e-03	3.12e-04	2.73e-05	4.85e-06	0.00e+00	0.00e+00
 3.40991e+22	6.40e-22	4.11e-09	1.43e-06	2.80e-05	1.59e-04	8.04e-04	4.53e-02	3.82e-01	4.26e-01	1.14e-01	2.59e-02	4.47e-03	2.56e-04	2.17e-05	3.73e-06	0.00e+00	0.00e+00
 3.43503e+22	7.61e-22	4.70e-09	1.66e-06	3.23e-05	1.81e-04	9.12e-04	4.91e-02	3.96e-01	4.19e-01	1.08e-01	2.35e-02	3.94e-03	2.19e-04	1.81e-05	3.04e-06	0.00e+00	0.00e+00
 3.46082e+22	9.41e-22	5.53e-09	1.99e-06	3.89e-05	2.14e-04	1.08e-03	5.44e-02	4.13e-01	4.08e-01	9.92e-02	2.06e-02	3.32e-03	1.78e-04	1.43e-05	2.31e-06	0.00e+00	0.00e+00
 3.48725e+22	1.13e-21	6.36e-09	2.32e-06	4.52e-05	2.45e-04	1.22e-03	5.88e-02	4.26e-01	3.99e-01	9.29e-02	1.86e-02	2.90e-03	1.51e-04	1.18e-05	1.86e-06	0.00e+00	0.00e+00
 3.50952e+22	1.32e-21	7.16e-09	2.64e-06	5.14e-05	2.74e-04	1.36e-03	6.30e-02	4.37e-01	3.91e-01	8.75e-02	1.69e-02	2.57e-03	1.30e-04	9.96e-06	1.53e-06	0.00e+00	0.00e+00
 3.53352e+22	1.61e-21	8.32e-09	3.11e-06	6.06e-05	3.18e-04	1.57e-03	6.88e-02	4.52e-01	3.79e-01	8.09e-02	1.49e-02	2.20e-03	1.08e-04	7.98e-06	1.19e-06	0.00e+00	0.00e+00
 3.55786e+22	1.89e-21	9.39e-09	3.55e-06	6.90e-05	3.57e-04	1.76e-03	7.35e-02	4.63e-01	3.70e-01	7.59e-02	1.35e-02	1.94e-03	9.26e-05	6.70e-06	9.75e-07	0.00e+00	0.00e+00
 3.57891e+22	2.21e-21	1.05e-08	4.02e-06	7.80e-05	3.97e-04	1.95e-03	7.83e-02	4.72e-01	3.61e-01	7.14e-02	1.23e-02	1.72e-03	8.01e-05	5.67e-06	8.07e-07	0.00e+00	0.00e+00
 3.60253e+22	2.67e-21	1.22e-08	4.70e-06	9.11e-05	4.56e-04	2.23e-03	8.48e-02	4.85e-01	3.49e-01	6.58e-02	1.09e-02	1.47e-03	6.63e-05	4.56e-06	6.30e-07	0.00e+00	0.00e+00
 3.62606e+22	3.14e-21	1.37e-08	5.33e-06	1.03e-04	5.05e-04	2.46e-03	8.98e-02	4.93e-01	3.41e-01	6.20e-02	9.92e-03	1.31e-03	5.76e-05	3.88e-06	5.25e-07	0.00e+00	0.00e+00
 3.64949e+22	3.79e-21	1.58e-08	6.22e-06	1.19e-04	5.76e-04	2.80e-03	9.68e-02	5.04e-01	3.28e-01	5.70e-02	8.75e-03	1.12e-03	4.77e-05	3.13e-06	4.10e-07	0.00e+00	0.00e+00
 3.67323e+22	4.49e-21	1.79e-08	7.07e-06	1.35e-04	6.38e-04	3.08e-03	1.02e-01	5.12e-01	3.19e-01	5.35e-02	7.95e-03	9.94e-04	4.12e-05	2.65e-06	3.40e-07	0.00e+00	0.00e+00
 3.69740e+22	5.48e-21	2.08e-08	8.29e-06	1.57e-04	7.27e-04	3.50e-03	1.10e-01	5.22e-01	3.06e-01	4.91e-02	6.99e-03	8.46e-04	3.40e-05	2.12e-06	2.64e-07	0.00e+00	0.00e+00
 3.72199e+22	6.56e-21	2.38e-08	9.47e-06	1.77e-04	8.06e-04	3.84e-03	1.16e-01	5.29e-01	2.97e-01	4.59e-02	6.33e-03	7.47e-04	2.93e-05	1.79e-06	2.18e-07	0.00e+00	0.00e+00
 3.74713e+22	8.05e-21	2.78e-08	1.12e-05	2.07e-04	9.20e-04	4.38e-03	1.25e-01	5.38e-01	2.84e-01	4.18e-02	5.53e-03	6.31e-04	2.39e-05	1.42e-06	1.67e-07	0.00e+00	0.00e+00
 3.77264e+22	9.74e-21	3.20e-08	1.28e-05	2.35e-04	1.02e-03	4.81e-03	1.32e-01	5.43e-01	2.74e-01	3.89e-02	4.99e-03	5.54e-04	2.04e-05	1.19e-06	1.37e-07	0.00e+00	0.00e+00
 3.79866e+22	1.21e-20	3.77e-08	1.52e-05	2.75e-04	1.17e-03	5.47e-03	1.42e-01	5.50e-01	2.61e-01	3.53e-02	4.33e-03	4.65e-04	1.66e-05	9.35e-07	0.00e+00	0.00e+00	0.00e+00
 3.82529e+22	1.47e-20	4.37e-08	1.75e-05	3.14e-04	1.30e-03	6.03e-03	1.49e-01	5.55e-01	2.51e-01	3.27e-02	3.87e-03	4.05e-04	1.40e-05	7.75e-07	0.00e+00	0.00e+00	0.00e+00
 3.85273e+22	1.88e-20	5.24e-08	2.10e-05	3.70e-04	1.48e-03	6.86e-03	1.60e-01	5.60e-01	2.38e-01	2.95e-02	3.34e-03	3.37e-04	1.13e-05	6.05e-07	0.00e+00	0.00e+00	0.00e+00
 3.88087e+22	2.32e-20	6.13e-08	2.44e-05	4.23e-04	1.65e-03	7.59e-03	1.69e-01	5.64e-01	2.27e-01	2.71e-02	2.96e-03	2.91e-04	9.46e-06	4.95e-07	0.00e+00	0.00e+00	0.00e+00
 3.90994e+22	3.02e-20	7.48e-08	2.96e-05	5.03e-04	1.90e-03	8.64e-03	1.81e-01	5.67e-01	2.14e-01	2.42e-02	2.53e-03	2.40e-04	7.51e-06	3.81e-07	0.00e+00	0.00e+00	0.00e+00
 3.93927e+22	3.80e-20	8.86e-08	3.46e-05	5.77e-04	2.12e-03	9.51e-03	1.90e-01	5.69e-01	2.04e-01	2.22e-02	2.25e-03	2.07e-04	6.29e-06	3.12e-07	0.00e+00	0.00e+00	0.00e+00
 3.96893e+22	4.96e-20	1.08e-07	4.20e-05	6.86e-04	2.43e-03	1.08e-02	2.03e-01	5.70e-01	1.91e-01	1.97e-02	1.91e-03	1.69e-04	4.95e-06	2.38e-07	0.00e+00	0.00e+00	0.00e+00
 3.99888e+22	6.32e-20	1.30e-07	4.94e-05	7.87e-04	2.70e-03	1.19e-02	2.13e-01	5.70e-01	1.82e-01	1.81e-02	1.69e-03	1.45e-04	4.14e-06	1.95e-07	0.00e+00	0.00e+00	0.00e+00
 4.02920e+22	8.37e-20	1.60e-07	6.03e-05	9.37e-04	3.10e-03	1.35e-02	2.27e-01	5.68e-01	1.70e-01	1.60e-02	1.42e-03	1.18e-04	3.24e-06	1.48e-07	0.00e+00	0.00e+00	0.00e+00
 4.05872e+22	1.05e-19	1.89e-07	7.00e-05	1.06e-03	3.41e-03	1.47e-02	2.37e-01	5.67e-01	1.61e-01	1.47e-02	1.27e-03	1.02e-04	2.73e-06	1.22e-07	0.00e+00	0.00e+00	0.00e+00
 4.08721e+22	1.39e-19	2.33e-07	8.46e-05	1.25e-03	3.86e-03	1.65e-02	2.49e-01	5.64e-01	1.51e-01	1.31e-02	1.09e-03	8.49e-05	2.18e-06	0.00e+00	0.00e+00	0.00e+00	0.00e+00
 4.11724e+22	1.79e-19	2.81e-07	1.00e-04	1.44e-03	4.30e-03	1.81e-02	2.61e-01	5.60e-01	1.42e-01	1.18e-02	9.46e-04	7.18e-05	1.79e-06	0.00e+00	0.00e+00	0.00e+00	0.00e+00
 4.14265e+22	2.21e-19	3.28e-07	1.15e-04	1.62e-03	4.69e-03	1.96e-02	2.71e-01	5.56e-01	1.35e-01	1.09e-02	8.45e-04	6.25e-05	1.52e-06	0.00e+00	0.00e+00	0.00e+00	0.00e+00
 4.16908e+22	2.88e-19	4.00e-07	1.37e-04	1.87e-03	5.23e-03	2.16e-02	2.83e-01	5.51e-01	1.27e-01	9.80e-03	7.34e-04	5.26e-05	1.24e-06	0.00e+00	0.00e+00	0.00e+00	0.00e+00
 4.19641e+22	3.63e-19	4.74e-07	1.59e-04	2.12e-03	5.75e-03	2.34e-02	2.93e-01	5.46e-01	1.20e-01	8.93e-03	6.48e-04	4.53e-05	1.04e-06	0.00e+00	0.00e+00	0.00e+00	0.00e+00
 4.22105e+22	4.56e-19	5.60e-07	1.84e-04	2.40e-03	6.28e-03	2.53e-02	3.04e-01	5.40e-01	1.13e-01	8.16e-03	5.75e-04	3.91e-05	8.73e-07	0.00e+00	0.00e+00	0.00e+00	0.00e+00
 4.24919e+22	6.10e-19	6.93e-07	2.21e-04	2.79e-03	7.02e-03	2.78e-02	3.16e-01	5.33e-01	1.05e-01	7.28e-03	4.94e-04	3.26e-05	7.03e-07	0.00e+00	0.00e+00	0.00e+00	0.00e+00
 4.27834e+22	7.87e-19	8.34e-07	2.59e-04	3.19e-03	7.74e-03	3.03e-02	3.28e-01	5.25e-01	9.85e-02	6.55e-03	4.30e-04	2.75e-05	5.78e-07	0.00e+00	0.00e+00	0.00e+00	0.00e+00
 4.30427e+22	1.00e-18	9.95e-07	3.01e-04	3.60e-03	8.46e-03	3.27e-02	3.38e-01	5.17e-01	9.27e-02	5.96e-03	3.79e-04	2.37e-05	4.83e-07	0.00e+00	0.00e+00	0.00e+00	0.00e+00
 4.33346e+22	1.37e-18	1.24e-06	3.64e-04	4.20e-03	9.45e-03	3.59e-02	3.51e-01	5.07e-01	8.58e-02	5.28e-03	3.24e-04	1.95e-05	3.86e-07	0.00e+00	0.00e+00	0.00e+00	0.00e+00
 4.36403e+22	1.81e-18	1.52e-06	4.32e-04	4.82e-03	1.04e-02	3.91e-02	3.63e-01	4.97e-01	7.97e-02	4.72e-03	2.80e-04	1.64e-05	3.14e-07	0.00e+00	0.00e+00	0.00e+00	0.00e+00
 4.39173e+22	2.37e-18	1.84e-06	5.06e-04	5.48e-03	1.14e-02	4.22e-02	3.74e-01	4.88e-01	7.43e-02	4.25e-03	2.44e-04	1.39e-05	2.59e-07	0.00e+00	0.00e+00	0.00e+00	0.00e+00
 4.42304e+22	3.32e-18	2.34e-06	6.19e-04	6.45e-03	1.28e-02	4.64e-02	3.87e-01	4.75e-01	6.80e-02	3.72e-03	2.05e-04	1.13e-05	2.03e-07	0.00e+00	0.00e+00	0.00e+00	0.00e+00
 4.45531e+22	4.48e-18	2.89e-06	7.38e-04	7.41e-03	1.41e-02	5.04e-02	3.99e-01	4.62e-01	6.27e-02	3.30e-03	1.76e-04	9.37e-06	1.63e-07	0.00e+00	0.00e+00	0.00e+00	0.00e+00
 4.48400e+22	5.94e-18	3.52e-06	8.69e-04	8.44e-03	1.55e-02	5.43e-02	4.09e-01	4.51e-01	5.81e-02	2.95e-03	1.52e-04	7.88e-06	1.33e-07	0.00e+00	0.00e+00	0.00e+00	0.00e+00
 4.51650e+22	8.51e-18	4.52e-06	1.07e-03	9.93e-03	1.73e-02	5.95e-02	4.21e-01	4.36e-01	5.26e-02	2.56e-03	1.27e-04	6.33e-06	0.00e+00	0.00e+00	0.00e+00	0.00e+00	0.00e+00
 4.55019e+22	1.18e-17	5.63e-06	1.28e-03	1.15e-02	1.91e-02	6.45e-02	4.32e-01	4.22e-01	4.81e-02	2.25e-03	1.07e-04	5.19e-06	0.00e+00	0.00e+00	0.00e+00	0.00e+00	0.00e+00
 4.58044e+22	1.59e-17	6.94e-06	1.52e-03	1.31e-02	2.09e-02	6.94e-02	4.41e-01	4.08e-01	4.41e-02	1.99e-03	9.17e-05	4.31e-06	0.00e+00	0.00e+00	0.00e+00	0.00e+00	0.00e+00
 4.61477e+22	2.37e-17	9.06e-06	1.88e-03	1.55e-02	2.35e-02	7.60e-02	4.52e-01	3.90e-01	3.94e-02	1.70e-03	7.50e-05	3.39e-06	0.00e+00	0.00e+00	0.00e+00	0.00e+00	0.00e+00
 4.65021e+22	3.34e-17	1.14e-05	2.26e-03	1.78e-02	2.58e-02	8.20e-02	4.60e-01	3.75e-01	3.57e-02	1.48e-03	6.30e-05	2.76e-06	0.00e+00	0.00e+00	0.00e+00	0.00e+00	0.00e+00
 4.68222e+22	4.66e-17	1.42e-05	2.70e-03	2.04e-02	2.82e-02	8.80e-02	4.68e-01	3.59e-01	3.24e-02	1.29e-03	5.31e-05	2.26e-06	0.00e+00	0.00e+00	0.00e+00	0.00e+00	0.00e+00
 4.71898e+22	7.25e-17	1.88e-05	3.39e-03	2.43e-02	3.17e-02	9.62e-02	4.76e-01	3.39e-01	2.84e-02	1.08e-03	4.24e-05	1.73e-06	0.00e+00	0.00e+00	0.00e+00	0.00e+00	0.00e+00
 4.75598e+22	1.03e-16	2.35e-05	4.06e-03	2.79e-02	3.46e-02	1.03e-01	4.81e-01	3.23e-01	2.54e-02	9.36e-04	3.53e-05	1.40e-06	0.00e+00	0.00e+00	0.00e+00	0.00e+00	0.00e+00
 4.79330e+22	1.61e-16	3.11e-05	5.06e-03	3.29e-02	3.85e-02	1.12e-01	4.86e-01	3.03e-01	2.23e-02	7.83e-04	2.83e-05	1.07e-06	0.00e+00	0.00e+00	0.00e+00	0.00e+00	0.00e+00
 4.83146e+22	2.40e-16	3.95e-05	6.10e-03	3.79e-02	4.22e-02	1.20e-01	4.88e-01	2.86e-01	1.97e-02	6.67e-04	2.31e-05	8.49e-07	0.00e+00	0.00e+00	0.00e+00	0.00e+00	0.00e+00
 4.86504e+22	3.50e-16	4.93e-05	7.26e-03	4.32e-02	4.57e-02	1.27e-01	4.89e-01	2.69e-01	1.75e-02	5.74e-04	1.91e-05	6.82e-07	0.00e+00	0.00e+00	0.00e+00	0.00e+00	0.00e+00
 4.90304e+22	5.72e-16	6.54e-05	9.05e-03	5.08e-02	5.06e-02	1.37e-01	4.88e-01	2.49e-01	1.50e-02	4.71e-04	1.50e-05	5.12e-07	0.00e+00	0.00e+00	0.00e+00	0.00e+00	0.00e+00
 4.94192e+22	8.61e-16	8.23e-05	1.08e-02	5.80e-02	5.48e-02	1.45e-01	4.86e-01	2.32e-01	1.31e-02	3.98e-04	1.21e-05	4.02e-07	0.00e+00	0.00e+00	0.00e+00	0.00e+00	0.00e+00
 4.98195e+22	7.71e-16	1.10e-04	1.35e-02	6.80e-02	6.03e-02	1.55e-01	4.80e-01	2.12e-01	1.11e-02	3.22e-04	9.34e-06	2.97e-07	0.00e+00	0.00e+00	0.00e+00	0.00e+00	0.00e+00
 5.02262e+22	1.17e-15	1.39e-04	1.62e-02	7.74e-02	6.51e-02	1.63e-01	4.74e-01	1.95e-01	9.58e-03	2.69e-04	7.45e-06	2.29e-07	0.00e+00	0.00e+00	0.00e+00	0.00e+00	0.00e+00
 5.05868e+22	1.79e-15	1.74e-04	1.92e-02	8.75e-02	6.98e-02	1.70e-01	4.65e-01	1.79e-01	8.27e-03	2.25e-04	5.97e-06	1.78e-07	0.00e+00	0.00e+00	0.00e+00	0.00e+00	0.00e+00
 5.10011e+22	3.15e-15	2.32e-04	2.39e-02	1.02e-01	7.60e-02	1.79e-01	4.52e-01	1.60e-01	6.81e-03	1.77e-04	4.46e-06	1.28e-07	0.00e+00	0.00e+00	0.00e+00	0.00e+00	0.00e+00
 5.14213e+22	5.12e-15	2.91e-04	2.83e-02	1.15e-01	8.09e-02	1.86e-01	4.39e-01	1.45e-01	5.78e-03	1.46e-04	3.51e-06	0.00e+00	0.00e+00	0.00e+00	0.00e+00	0.00e+00	0.00e+00
 5.17865e+22	8.43e-15	3.60e-04	3.31e-02	1.28e-01	8.56e-02	1.92e-01	4.25e-01	1.31e-01	4.92e-03	1.21e-04	2.77e-06	0.00e+00	0.00e+00	0.00e+00	0.00e+00	0.00e+00	0.00e+00
 5.21349e+22	1.41e-14	4.38e-04	3.83e-02	1.40e-01	8.99e-02	1.97e-01	4.11e-01	1.19e-01	4.23e-03	1.01e-04	2.23e-06	0.00e+00	0.00e+00	0.00e+00	0.00e+00	0.00e+00	0.00e+00
 5.24664e+22	2.45e-14	5.28e-04	4.39e-02	1.54e-01	9.39e-02	2.01e-01	3.96e-01	1.08e-01	3.62e-03	8.43e-05	1.79e-06	0.00e+00	0.00e+00	0.00e+00	0.00e+00	0.00e+00	0.00e+00
 5.28398e+22	5.03e-14	6.65e-04	5.19e-02	1.71e-01	9.87e-02	2.05e-01	3.75e-01	9.45e-02	2.96e-03	6.68e-05	1.35e-06	0.00e+00	0.00e+00	0.00e+00	0.00e+00	0.00e+00	0.00e+00
 5.32128e+22	1.05e-13	7.96e-04	5.90e-02	1.86e-01	1.02e-01	2.07e-01	3.58e-01	8.47e-02	2.51e-03	5.53e-05	1.07e-06	0.00e+00	0.00e+00	0.00e+00	0.00e+00	0.00e+00	0.00e+00
 5.35851e+22	3.11e-13	9.93e-04	6.89e-02	2.05e-01	1.06e-01	2.09e-01	3.35e-01	7.34e-02	2.03e-03	4.34e-05	7.96e-07	0.00e+00	0.00e+00	0.00e+00	0.00e+00	0.00e+00	0.00e+00
 5.39642e+22	2.13e-12	1.18e-03	7.80e-02	2.20e-01	1.09e-01	2.09e-01	3.16e-01	6.48e-02	1.69e-03	3.54e-05	6.21e-07	0.00e+00	0.00e+00	0.00e+00	0.00e+00	0.00e+00	0.00e+00
 5.43521e+22	1.40e-11	1.47e-03	9.06e-02	2.40e-01	1.12e-01	2.08e-01	2.91e-01	5.51e-02	1.34e-03	2.72e-05	4.52e-07	0.00e+00	0.00e+00	0.00e+00	0.00e+00	0.00e+00	0.00e+00
 5.47439e+22	4.95e-10	1.74e-03	1.02e-01	2.57e-01	1.14e-01	2.06e-01	2.71e-01	4.80e-02	1.10e-03	2.19e-05	3.47e-07	0.00e+00	0.00e+00	0.00e+00	0.00e+00	0.00e+00	0.00e+00
 5.50888e+22	3.90e-09	2.05e-03	1.13e-01	2.72e-01	1.15e-01	2.03e-01	2.51e-01	4.17e-02	9.04e-04	1.76e-05	2.67e-07	0.00e+00	0.00e+00	0.00e+00	0.00e+00	0.00e+00	0.00e+00
 5.54852e+22	2.62e-08	2.51e-03	1.30e-01	2.91e-01	1.17e-01	1.98e-01	2.27e-01	3.46e-02	6.99e-04	1.32e-05	1.89e-07	0.00e+00	0.00e+00	0.00e+00	0.00e+00	0.00e+00	0.00e+00
 5.58688e+22	4.37e-08	2.90e-03	1.42e-01	3.05e-01	1.17e-01	1.93e-01	2.09e-01	3.00e-02	5.75e-04	1.07e-05	1.46e-07	0.00e+00	0.00e+00	0.00e+00	0.00e+00	0.00e+00	0.00e+00
 5.61740e+22	5.59e-08	3.29e-03	1.54e-01	3.17e-01	1.17e-01	1.89e-01	1.94e-01	2.62e-02	4.80e-04	8.78e-06	0.00e+00	0.00e+00	0.00e+00	0.00e+00	0.00e+00	0.00e+00	0.00e+00
 5.65092e+22	7.43e-08	3.84e-03	1.70e-01	3.30e-01	1.16e-01	1.82e-01	1.75e-01	2.21e-02	3.82e-04	6.85e-06	0.00e+00	0.00e+00	0.00e+00	0.00e+00	0.00e+00	0.00e+00	0.00e+00
 5.68502e+22	9.43e-08	4.35e-03	1.83e-01	3.41e-01	1.15e-01	1.76e-01	1.61e-01	1.91e-02	3.14e-04	5.54e-06	0.00e+00	0.00e+00	0.00e+00	0.00e+00	0.00e+00	0.00e+00	0.00e+00
 5.71512e+22	1.16e-07	4.89e-03	1.97e-01	3.50e-01	1.14e-01	1.70e-01	1.47e-01	1.65e-02	2.60e-04	4.51e-06	0.00e+00	0.00e+00	0.00e+00	0.00e+00	0.00e+00	0.00e+00	0.00e+00
 5.74947e+22	1.47e-07	5.65e-03	2.15e-01	3.61e-01	1.12e-01	1.62e-01	1.31e-01	1.37e-02	2.03e-04	3.46e-06	0.00e+00	0.00e+00	0.00e+00	0.00e+00	0.00e+00	0.00e+00	0.00e+00
 5.78427e+22	1.80e-07	6.35e-03	2.30e-01	3.69e-01	1.10e-01	1.55e-01	1.19e-01	1.17e-02	1.65e-04	2.76e-06	0.00e+00	0.00e+00	0.00e+00	0.00e+00	0.00e+00	0.00e+00	0.00e+00
 5.81478e+22	2.20e-07	7.09e-03	2.45e-01	3.75e-01	1.08e-01	1.48e-01	1.08e-01	9.97e-03	1.35e-04	2.22e-06	0.00e+00	0.00e+00	0.00e+00	0.00e+00	0.00e+00	0.00e+00	0.00e+00
 5.84958e+22	2.74e-07	8.13e-03	2.64e-01	3.82e-01	1.05e-01	1.38e-01	9.44e-02	8.10e-03	1.03e-04	1.67e-06	0.00e+00	0.00e+00	0.00e+00	0.00e+00	0.00e+00	0.00e+00	0.00e+00
 5.88469e+22	3.30e-07	9.03e-03	2.80e-01	3.86e-01	1.02e-01	1.31e-01	8.50e-02	6.87e-03	8.38e-05	1.33e-06	0.00e+00	0.00e+00	0.00e+00	0.00e+00	0.00e+00	0.00e+00	0.00e+00
 5.92018e+22	4.05e-07	1.03e-02	3.00e-01	3.90e-01	9.84e-02	1.22e-01	7.40e-02	5.54e-03	6.40e-05	9.95e-07	0.00e+00	0.00e+00	0.00e+00	0.00e+00	0.00e+00	0.00e+00	0.00e+00
 5.95623e+22	4.84e-07	1.14e-02	3.17e-01	3.92e-01	9.51e-02	1.15e-01	6.57e-02	4.61e-03	5.08e-05	7.77e-07	0.00e+00	0.00e+00	0.00e+00	0.00e+00	0.00e+00	0.00e+00	0.00e+00
 5.98801e+22	5.75e-07	1.26e-02	3.33e-01	3.93e-01	9.19e-02	1.08e-01	5.85e-02	3.86e-03	4.07e-05	6.12e-07	0.00e+00	0.00e+00	0.00e+00	0.00e+00	0.00e+00	0.00e+00	0.00e+00
 6.02430e+22	6.97e-07	1.42e-02	3.53e-01	3.92e-01	8.78e-02	9.89e-02	5.03e-02	3.07e-03	3.06e-05	4.51e-07	0.00e+00	0.00e+00	0.00e+00	0.00e+00	0.00e+00	0.00e+00	0.00e+00
 6.06138e+22	8.31e-07	1.57e-02	3.71e-01	3.91e-01	8.43e-02	9.19e-02	4.42e-02	2.52e-03	2.40e-05	3.48e-07	0.00e+00	0.00e+00	0.00e+00	0.00e+00	0.00e+00	0.00e+00	0.00e+00
 6.09948e+22	1.01e-06	1.77e-02	3.92e-01	3.88e-01	8.00e-02	8.37e-02	3.76e-02	1.98e-03	1.79e-05	2.53e-07	0.00e+00	0.00e+00	0.00e+00	0.00e+00	0.00e+00	0.00e+00	0.00e+00
 6.13835e+22	1.19e-06	1.96e-02	4.10e-01	3.83e-01	7.61e-02	7.68e-02	3.26e-02	1.59e-03	1.37e-05	1.90e-07	0.00e+00	0.00e+00	0.00e+00	0.00e+00	0.00e+00	0.00e+00	0.00e+00
 6.17227e+22	1.39e-06	2.14e-02	4.26e-01	3.79e-01	7.26e-02	7.08e-02	2.85e-02	1.30e-03	1.08e-05	1.46e-07	0.00e+00	0.00e+00	0.00e+00	0.00e+00	0.00e+00	0.00e+00	0.00e+00
 6.21041e+22	1.67e-06	2.39e-02	4.47e-01	3.72e-01	6.82e-02	6.37e-02	2.39e-02	1.01e-03	7.91e-06	0.00e+00	0.00e+00	0.00e+00	0.00e+00	0.00e+00	0.00e+00	0.00e+00	0.00e+00
 6.25000e+22	1.98e-06	2.63e-02	4.64e-01	3.65e-01	6.46e-02	5.80e-02	2.06e-02	8.05e-04	6.04e-06	0.00e+00	0.00e+00	0.00e+00	0.00e+00	0.00e+00	0.00e+00	0.00e+00	0.00e+00
 6.29147e+22	2.40e-06	2.96e-02	4.86e-01	3.55e-01	6.00e-02	5.12e-02	1.69e-02	6.02e-04	4.28e-06	0.00e+00	0.00e+00	0.00e+00	0.00e+00	0.00e+00	0.00e+00	0.00e+00	0.00e+00
 6.33301e+22	2.81e-06	3.23e-02	5.03e-01	3.47e-01	5.66e-02	4.64e-02	1.45e-02	4.81e-04	3.28e-06	0.00e+00	0.00e+00	0.00e+00	0.00e+00	0.00e+00	0.00e+00	0.00e+00	0.00e+00
 6.37462e+22	3.37e-06	3.60e-02	5.23e-01	3.35e-01	5.24e-02	4.08e-02	1.19e-02	3.60e-04	2.33e-06	0.00e+00	0.00e+00	0.00e+00	0.00e+00	0.00e+00	0.00e+00	0.00e+00	0.00e+00
 6.41125e+22	3.81e-06	3.86e-02	5.35e-01	3.28e-01	4.99e-02	3.76e-02	1.05e-02	3.00e-04	1.88e-06	0.00e+00	0.00e+00	0.00e+00	0.00e+00	0.00e+00	0.00e+00	0.00e+00	0.00e+00
 6.43737e+22	4.19e-06	4.08e-02	5.46e-01	3.21e-01	4.78e-02	3.50e-02	9.43e-03	2.56e-04	1.57e-06	0.00e+00	0.00e+00	0.00e+00	0.00e+00	0.00e+00	0.00e+00	0.00e+00	0.00e+00
 6.46730e+22	4.79e-06	4.39e-02	5.59e-01	3.12e-01	4.51e-02	3.18e-02	8.17e-03	2.07e-04	1.23e-06	0.00e+00	0.00e+00	0.00e+00	0.00e+00	0.00e+00	0.00e+00	0.00e+00	0.00e+00
 6.49842e+22	5.36e-06	4.68e-02	5.70e-01	3.03e-01	4.28e-02	2.92e-02	7.20e-03	1.73e-04	9.91e-07	0.00e+00	0.00e+00	0.00e+00	0.00e+00	0.00e+00	0.00e+00	0.00e+00	0.00e+00
 6.53111e+22	6.15e-06	5.07e-02	5.84e-01	2.93e-01	4.01e-02	2.61e-02	6.12e-03	1.36e-04	7.55e-07	0.00e+00	0.00e+00	0.00e+00	0.00e+00	0.00e+00	0.00e+00	0.00e+00	0.00e+00
 6.56383e+22	6.88e-06	5.39e-02	5.95e-01	2.84e-01	3.80e-02	2.39e-02	5.38e-03	1.13e-04	6.10e-07	0.00e+00	0.00e+00	0.00e+00	0.00e+00	0.00e+00	0.00e+00	0.00e+00	0.00e+00
 6.59659e+22	7.91e-06	5.82e-02	6.08e-01	2.73e-01	3.55e-02	2.13e-02	4.56e-03	8.89e-05	4.64e-07	0.00e+00	0.00e+00	0.00e+00	0.00e+00	0.00e+00	0.00e+00	0.00e+00	0.00e+00
 6.62965e+22	8.83e-06	6.18e-02	6.17e-01	2.64e-01	3.35e-02	1.94e-02	4.00e-03	7.35e-05	3.73e-07	0.00e+00	0.00e+00	0.00e+00	0.00e+00	0.00e+00	0.00e+00	0.00e+00	0.00e+00
 6.66311e+22	1.01e-05	6.65e-02	6.29e-01	2.53e-01	3.13e-02	1.73e-02	3.39e-03	5.80e-05	2.86e-07	0.00e+00	0.00e+00	0.00e+00	0.00e+00	0.00e+00	0.00e+00	0.00e+00	0.00e+00
 6.69759e+22	1.13e-05	7.08e-02	6.38e-01	2.43e-01	2.94e-02	1.56e-02	2.94e-03	4.71e-05	2.26e-07	0.00e+00	0.00e+00	0.00e+00	0.00e+00	0.00e+00	0.00e+00	0.00e+00	0.00e+00
 6.72857e+22	1.27e-05	7.53e-02	6.47e-01	2.33e-01	2.76e-02	1.41e-02	2.55e-03	3.84e-05	1.79e-07	0.00e+00	0.00e+00	0.00e+00	0.00e+00	0.00e+00	0.00e+00	0.00e+00	0.00e+00
 6.76399e+22	1.46e-05	8.12e-02	6.57e-01	2.21e-01	2.55e-02	1.23e-02	2.13e-03	2.96e-05	1.34e-07	0.00e+00	0.00e+00	0.00e+00	0.00e+00	0.00e+00	0.00e+00	0.00e+00	0.00e+00
 6.79992e+22	1.63e-05	8.62e-02	6.65e-01	2.12e-01	2.39e-02	1.11e-02	1.84e-03	2.40e-05	0.00e+00	0.00e+00	0.00e+00	0.00e+00	0.00e+00	0.00e+00	0.00e+00	0.00e+00	0.00e+00
 6.83648e+22	1.87e-05	9.26e-02	6.74e-01	2.00e-01	2.21e-02	9.69e-03	1.53e-03	1.85e-05	0.00e+00	0.00e+00	0.00e+00	0.00e+00	0.00e+00	0.00e+00	0.00e+00	0.00e+00	0.00e+00
