#depth	H	H+	H2
 1.54284e+22	7.31e-05	1.00e+00	8.49e-25
 3.51765e+22	1.02e-04	1.00e+00	3.63e-24
 4.16561e+22	1.21e-04	1.00e+00	7.65e-24
 4.54335e+22	1.37e-04	1.00e+00	1.34e-23
 4.77187e+22	1.44e-04	1.00e+00	1.69e-23
 4.92542e+22	1.53e-04	1.00e+00	2.29e-23
 5.08841e+22	1.62e-04	1.00e+00	2.99e-23
 5.26367e+22	1.75e-04	1.00e+00	4.24e-23
 5.44046e+22	1.85e-04	1.00e+00	5.60e-23
 5.61924e+22	2.00e-04	1.00e+00	8.04e-23
 5.80026e+22	2.12e-04	1.00e+00	1.07e-22
 5.98421e+22	2.29e-04	1.00e+00	1.56e-22
 6.17013e+22	2.44e-04	1.00e+00	2.11e-22
 6.35862e+22	2.64e-04	1.00e+00	3.12e-22
 6.54976e+22	2.81e-04	1.00e+00	4.27e-22
 6.71574e+22	2.98e-04	1.00e+00	5.78e-22
 6.90295e+22	3.22e-04	1.00e+00	8.58e-22
 7.08180e+22	3.40e-04	1.00e+00	1.13e-21
 7.24979e+22	3.64e-04	1.00e+00	1.61e-21
 7.41827e+22	3.85e-04	1.00e+00	2.13e-21
 7.58740e+22	4.12e-04	1.00e+00	3.05e-21
 7.76079e+22	4.36e-04	1.00e+00	4.15e-21
 7.93974e+22	4.69e-04	1.00e+00	6.10e-21
 8.12051e+22	4.97e-04	1.00e+00	8.46e-21
 8.30363e+22	5.36e-04	9.99e-01	1.29e-20
 8.48683e+22	5.67e-04	9.99e-01	1.79e-20
 8.64173e+22	5.98e-04	9.99e-01	2.46e-20
 8.78557e+22	6.29e-04	9.99e-01	3.27e-20
 8.94344e+22	6.68e-04	9.99e-01	4.66e-20
 9.10351e+22	7.03e-04	9.99e-01	6.54e-20
 9.24339e+22	7.39e-04	9.99e-01	8.71e-20
 9.40216e+22	7.85e-04	9.99e-01	1.29e-19
 9.56392e+22	8.26e-04	9.99e-01	1.81e-19
 9.70722e+22	8.69e-04	9.99e-01	2.46e-19
 9.87119e+22	9.24e-04	9.99e-01	3.75e-19
 1.00376e+23	9.73e-04	9.99e-01	5.44e-19
 1.01837e+23	1.02e-03	9.99e-01	7.60e-19
 1.03504e+23	1.09e-03	9.99e-01	1.24e-18
 1.05199e+23	1.15e-03	9.99e-01	2.00e-18
 1.06704e+23	1.21e-03	9.99e-01	3.07e-18
 1.08433e+23	1.29e-03	9.99e-01	6.08e-18
 1.10190e+23	1.36e-03	9.99e-01	1.24e-17
 1.11984e+23	1.45e-03	9.99e-01	2.95e-17
 1.13801e+23	1.53e-03	9.98e-01	9.59e-17
 1.14945e+23	1.57e-03	9.98e-01	1.47e-16
 1.15729e+23	1.62e-03	9.98e-01	1.98e-16
 1.16747e+23	1.68e-03	9.98e-01	2.51e-16
 1.18071e+23	1.76e-03	9.98e-01	3.57e-16
 1.19792e+23	1.88e-03	9.98e-01	5.91e-16
 1.21594e+23	1.98e-03	9.98e-01	7.80e-16
 1.23502e+23	2.12e-03	9.98e-01	1.16e-15
 1.25195e+23	2.22e-03	9.98e-01	1.48e-15
 1.26607e+23	2.32e-03	9.98e-01	1.98e-15
 1.28090e+23	2.43e-03	9.98e-01	2.43e-15
 1.29451e+23	2.53e-03	9.97e-01	2.97e-15
 1.31005e+23	2.67e-03	9.97e-01	3.72e-15
 1.32585e+23	2.79e-03	9.97e-01	4.51e-15
 1.34201e+23	2.95e-03	9.97e-01	5.70e-15
 1.35827e+23	3.08e-03	9.97e-01	6.89e-15
 1.37467e+23	3.26e-03	9.97e-01	8.60e-15
 1.39134e+23	3.41e-03	9.97e-01	1.03e-14
 1.40835e+23	3.62e-03	9.96e-01	1.29e-14
 1.42566e+23	3.79e-03	9.96e-01	1.55e-14
 1.44338e+23	4.02e-03	9.96e-01	1.95e-14
 1.46141e+23	4.22e-03	9.96e-01	2.36e-14
 1.47985e+23	4.49e-03	9.96e-01	3.00e-14
 1.49849e+23	4.72e-03	9.95e-01	3.64e-14
 1.51739e+23	5.02e-03	9.95e-01	4.66e-14
 1.53656e+23	5.29e-03	9.95e-01	5.72e-14
 1.55609e+23	5.66e-03	9.94e-01	7.44e-14
 1.57553e+23	5.94e-03	9.94e-01	9.10e-14
 1.59485e+23	6.36e-03	9.94e-01	1.18e-13
 1.61423e+23	6.70e-03	9.93e-01	1.45e-13
 1.63371e+23	7.20e-03	9.93e-01	1.91e-13
 1.65318e+23	7.59e-03	9.92e-01	2.36e-13
 1.67264e+23	8.21e-03	9.92e-01	3.14e-13
 1.69200e+23	8.69e-03	9.91e-01	3.90e-13
 1.71125e+23	9.42e-03	9.91e-01	5.22e-13
 1.73054e+23	1.00e-02	9.90e-01	6.58e-13
 1.74989e+23	1.10e-02	9.89e-01	9.04e-13
 1.76921e+23	1.18e-02	9.88e-01	1.16e-12
 1.78847e+23	1.30e-02	9.87e-01	1.62e-12
 1.80796e+23	1.42e-02	9.86e-01	2.16e-12
 1.82508e+23	1.56e-02	9.84e-01	2.91e-12
 1.84470e+23	1.77e-02	9.82e-01	4.28e-12
 1.86439e+23	1.99e-02	9.80e-01	6.07e-12
 1.87928e+23	2.19e-02	9.78e-01	8.01e-12
 1.89374e+23	2.47e-02	9.75e-01	1.13e-11
 1.90920e+23	2.81e-02	9.72e-01	1.60e-11
 1.92344e+23	3.22e-02	9.68e-01	2.29e-11
 1.93710e+23	3.72e-02	9.63e-01	3.34e-11
 1.95012e+23	4.35e-02	9.57e-01	4.93e-11
 1.96222e+23	5.09e-02	9.49e-01	7.24e-11
 1.97345e+23	6.04e-02	9.40e-01	1.09e-10
 1.98383e+23	7.16e-02	9.28e-01	1.61e-10
 1.99339e+23	8.56e-02	9.14e-01	2.41e-10
 2.00207e+23	1.02e-01	8.98e-01	3.56e-10
 2.00973e+23	1.21e-01	8.79e-01	5.13e-10
 2.01658e+23	1.42e-01	8.58e-01	7.27e-10
 2.02284e+23	1.67e-01	8.33e-01	1.02e-09
 2.02853e+23	1.94e-01	8.06e-01	1.38e-09
 2.03376e+23	2.23e-01	7.77e-01	1.85e-09
 2.03863e+23	2.55e-01	7.45e-01	2.41e-09
 2.04317e+23	2.89e-01	7.11e-01	3.10e-09
 2.04736e+23	3.24e-01	6.76e-01	3.88e-09
 2.05106e+23	3.57e-01	6.43e-01	4.67e-09
 2.05421e+23	3.87e-01	6.13e-01	5.43e-09
 2.05664e+23	4.10e-01	5.90e-01	6.04e-09
 2.05855e+23	4.29e-01	5.71e-01	6.56e-09
 2.06059e+23	4.49e-01	5.51e-01	7.14e-09
 2.06296e+23	4.73e-01	5.27e-01	7.85e-09
 2.06551e+23	4.98e-01	5.02e-01	8.63e-09
 2.06799e+23	5.22e-01	4.78e-01	9.35e-09
 2.07025e+23	5.42e-01	4.58e-01	9.96e-09
 2.07200e+23	5.58e-01	4.42e-01	1.04e-08
 2.07324e+23	5.69e-01	4.31e-01	1.08e-08
 2.07445e+23	5.79e-01	4.21e-01	1.11e-08
 2.07590e+23	5.91e-01	4.09e-01	1.15e-08
 2.07751e+23	6.04e-01	3.96e-01	1.19e-08
 2.07908e+23	6.16e-01	3.84e-01	1.23e-08
 2.08061e+23	6.28e-01	3.72e-01	1.27e-08
 2.08217e+23	6.39e-01	3.61e-01	1.31e-08
 2.08381e+23	6.51e-01	3.49e-01	1.34e-08
 2.08549e+23	6.62e-01	3.38e-01	1.38e-08
 2.08719e+23	6.73e-01	3.27e-01	1.42e-08
 2.08894e+23	6.84e-01	3.16e-01	1.45e-08
 2.09075e+23	6.95e-01	3.05e-01	1.49e-08
 2.09259e+23	7.05e-01	2.95e-01	1.52e-08
 2.09448e+23	7.16e-01	2.84e-01	1.55e-08
 2.09644e+23	7.26e-01	2.74e-01	1.59e-08
 2.09845e+23	7.35e-01	2.65e-01	1.62e-08
 2.10052e+23	7.45e-01	2.55e-01	1.65e-08
 2.10264e+23	7.54e-01	2.46e-01	1.68e-08
 2.10484e+23	7.63e-01	2.37e-01	1.71e-08
 2.10712e+23	7.72e-01	2.28e-01	1.73e-08
 2.10947e+23	7.81e-01	2.19e-01	1.76e-08
 2.11189e+23	7.89e-01	2.11e-01	1.79e-08
 2.11440e+23	7.97e-01	2.03e-01	1.82e-08
 2.11701e+23	8.05e-01	1.95e-01	1.84e-08
 2.11973e+23	8.13e-01	1.87e-01	1.87e-08
 2.12254e+23	8.20e-01	1.80e-01	1.89e-08
 2.12542e+23	8.27e-01	1.73e-01	1.92e-08
 2.12837e+23	8.33e-01	1.67e-01	1.94e-08
 2.13139e+23	8.40e-01	1.60e-01	1.97e-08
 2.13456e+23	8.45e-01	1.55e-01	2.00e-08
 2.13786e+23	8.51e-01	1.49e-01	2.03e-08
 2.14123e+23	8.57e-01	1.43e-01	2.06e-08
 2.14469e+23	8.62e-01	1.38e-01	2.09e-08
 2.14834e+23	8.66e-01	1.34e-01	2.13e-08
 2.15223e+23	8.71e-01	1.29e-01	2.17e-08
 2.15624e+23	8.75e-01	1.25e-01	2.22e-08
 2.16041e+23	8.80e-01	1.20e-01	2.27e-08
 2.16487e+23	8.84e-01	1.16e-01	2.33e-08
 2.16960e+23	8.88e-01	1.12e-01	2.40e-08
 2.17455e+23	8.92e-01	1.08e-01	2.48e-08
 2.17962e+23	8.95e-01	1.05e-01	2.57e-08
 2.18455e+23	8.98e-01	1.02e-01	2.66e-08
 2.18927e+23	9.01e-01	9.88e-02	2.76e-08
 2.19390e+23	9.04e-01	9.61e-02	2.87e-08
 2.19845e+23	9.06e-01	9.36e-02	2.98e-08
 2.20289e+23	9.09e-01	9.12e-02	3.08e-08
 2.20715e+23	9.11e-01	8.90e-02	3.18e-08
 2.21120e+23	9.13e-01	8.69e-02	3.29e-08
 2.21501e+23	9.15e-01	8.51e-02	3.39e-08
 2.21870e+23	9.17e-01	8.33e-02	3.51e-08
 2.22240e+23	9.19e-01	8.14e-02	3.63e-08
 2.22598e+23	9.20e-01	7.97e-02	3.76e-08
 2.22943e+23	9.22e-01	7.81e-02	3.90e-08
 2.23276e+23	9.24e-01	7.65e-02	4.05e-08
 2.23597e+23	9.25e-01	7.50e-02	4.20e-08
 2.23908e+23	9.26e-01	7.35e-02	4.36e-08
 2.24208e+23	9.28e-01	7.21e-02	4.53e-08
 2.24497e+23	9.29e-01	7.08e-02	4.71e-08
 2.24775e+23	9.30e-01	6.95e-02	4.90e-08
 2.25044e+23	9.32e-01	6.82e-02	5.12e-08
 2.25300e+23	9.33e-01	6.71e-02	5.32e-08
 2.25550e+23	9.34e-01	6.59e-02	5.57e-08
 2.25793e+23	9.35e-01	6.47e-02	5.81e-08
 2.26014e+23	9.36e-01	6.38e-02	6.04e-08
 2.26215e+23	9.37e-01	6.29e-02	6.27e-08
 2.26398e+23	9.38e-01	6.21e-02	6.50e-08
 2.26565e+23	9.39e-01	6.14e-02	6.71e-08
 2.26716e+23	9.39e-01	6.07e-02	6.91e-08
 2.26854e+23	9.40e-01	6.01e-02	7.10e-08
 2.26980e+23	9.40e-01	5.96e-02	7.27e-08
 2.27117e+23	9.41e-01	5.89e-02	7.50e-08
 2.27266e+23	9.42e-01	5.81e-02	7.72e-08
 2.27401e+23	9.42e-01	5.76e-02	7.91e-08
 2.27549e+23	9.43e-01	5.69e-02	8.15e-08
 2.27709e+23	9.44e-01	5.60e-02	8.39e-08
 2.27855e+23	9.45e-01	5.54e-02	8.59e-08
 2.27987e+23	9.45e-01	5.48e-02	8.82e-08
 2.28108e+23	9.46e-01	5.44e-02	8.95e-08
 2.28240e+23	9.46e-01	5.38e-02	9.13e-08
 2.28382e+23	9.47e-01	5.32e-02	9.29e-08
 2.28538e+23	9.48e-01	5.25e-02	9.46e-08
 2.28707e+23	9.48e-01	5.18e-02	9.64e-08
 2.28861e+23	9.49e-01	5.11e-02	9.80e-08
 2.29000e+23	9.49e-01	5.08e-02	9.93e-08
 2.29153e+23	9.50e-01	5.01e-02	1.00e-07
 2.29352e+23	9.51e-01	4.93e-02	1.02e-07
 2.29567e+23	9.52e-01	4.83e-02	1.03e-07
 2.29762e+23	9.52e-01	4.76e-02	1.04e-07
 2.29940e+23	9.53e-01	4.71e-02	1.05e-07
 2.30102e+23	9.53e-01	4.66e-02	1.06e-07
 2.30249e+23	9.54e-01	4.61e-02	1.06e-07
 2.30411e+23	9.54e-01	4.56e-02	1.06e-07
 2.30585e+23	9.55e-01	4.48e-02	1.07e-07
 2.30744e+23	9.56e-01	4.44e-02	1.07e-07
 2.30888e+23	9.56e-01	4.39e-02	1.07e-07
 2.31019e+23	9.56e-01	4.35e-02	1.07e-07
 2.31163e+23	9.57e-01	4.30e-02	1.06e-07
 2.31318e+23	9.58e-01	4.24e-02	1.06e-07
 2.31460e+23	9.58e-01	4.20e-02	1.06e-07
 2.31615e+23	9.59e-01	4.15e-02	1.06e-07
 2.31782e+23	9.59e-01	4.09e-02	1.06e-07
 2.31934e+23	9.60e-01	4.05e-02	1.06e-07
 2.32101e+23	9.60e-01	3.99e-02	1.05e-07
 2.32281e+23	9.61e-01	3.93e-02	1.05e-07
 2.32444e+23	9.61e-01	3.88e-02	1.05e-07
 2.32594e+23	9.62e-01	3.85e-02	1.04e-07
 2.32729e+23	9.62e-01	3.81e-02	1.04e-07
 2.32853e+23	9.62e-01	3.79e-02	1.03e-07
 2.32988e+23	9.63e-01	3.74e-02	1.02e-07
 2.33164e+23	9.63e-01	3.67e-02	1.01e-07
 2.33354e+23	9.64e-01	3.63e-02	1.02e-07
 2.33526e+23	9.64e-01	3.58e-02	1.02e-07
 2.33683e+23	9.65e-01	3.55e-02	1.01e-07
 2.33827e+23	9.65e-01	3.53e-02	1.01e-07
 2.33983e+23	9.65e-01	3.48e-02	1.00e-07
 2.34153e+23	9.66e-01	3.44e-02	1.00e-07
 2.34307e+23	9.66e-01	3.41e-02	1.00e-07
 2.34475e+23	9.66e-01	3.37e-02	9.96e-08
 2.34657e+23	9.67e-01	3.32e-02	9.95e-08
 2.34823e+23	9.67e-01	3.29e-02	9.93e-08
 2.35005e+23	9.68e-01	3.25e-02	9.87e-08
 2.35201e+23	9.68e-01	3.20e-02	9.86e-08
 2.35380e+23	9.68e-01	3.16e-02	9.82e-08
 2.35542e+23	9.69e-01	3.14e-02	9.81e-08
 2.35720e+23	9.69e-01	3.10e-02	9.75e-08
 2.35912e+23	9.69e-01	3.06e-02	9.75e-08
 2.36087e+23	9.70e-01	3.03e-02	9.73e-08
 2.36278e+23	9.70e-01	2.99e-02	9.67e-08
 2.36485e+23	9.71e-01	2.95e-02	9.66e-08
 2.36674e+23	9.71e-01	2.92e-02	9.65e-08
 2.36880e+23	9.71e-01	2.88e-02	9.59e-08
 2.37102e+23	9.72e-01	2.83e-02	9.59e-08
 2.37305e+23	9.72e-01	2.80e-02	9.57e-08
 2.37527e+23	9.72e-01	2.76e-02	9.51e-08
 2.37767e+23	9.73e-01	2.72e-02	9.53e-08
 2.37985e+23	9.73e-01	2.68e-02	9.48e-08
 2.38183e+23	9.73e-01	2.65e-02	9.44e-08
 2.38364e+23	9.74e-01	2.63e-02	9.44e-08
 2.38562e+23	9.74e-01	2.60e-02	9.41e-08
 2.38776e+23	9.74e-01	2.56e-02	9.43e-08
 2.38970e+23	9.75e-01	2.54e-02	9.43e-08
 2.39183e+23	9.75e-01	2.50e-02	9.40e-08
 2.39413e+23	9.75e-01	2.46e-02	9.41e-08
 2.39623e+23	9.76e-01	2.44e-02	9.42e-08
 2.39852e+23	9.76e-01	2.41e-02	9.39e-08
 2.40100e+23	9.76e-01	2.37e-02	9.40e-08
 2.40325e+23	9.77e-01	2.34e-02	9.40e-08
 2.40572e+23	9.77e-01	2.31e-02	9.38e-08
 2.40839e+23	9.77e-01	2.27e-02	9.39e-08
 2.41081e+23	9.78e-01	2.25e-02	9.40e-08
 2.41347e+23	9.78e-01	2.21e-02	9.37e-08
 2.41634e+23	9.78e-01	2.17e-02	9.38e-08
 2.41895e+23	9.79e-01	2.15e-02	9.39e-08
 2.42182e+23	9.79e-01	2.11e-02	9.36e-08
 2.42491e+23	9.79e-01	2.08e-02	9.39e-08
 2.42772e+23	9.80e-01	2.05e-02	9.37e-08
 2.43028e+23	9.80e-01	2.02e-02	9.37e-08
 2.43308e+23	9.80e-01	1.99e-02	9.35e-08
 2.43611e+23	9.80e-01	1.96e-02	9.36e-08
 2.43886e+23	9.81e-01	1.93e-02	9.36e-08
 2.44188e+23	9.81e-01	1.90e-02	9.34e-08
 2.44514e+23	9.81e-01	1.87e-02	9.35e-08
 2.44810e+23	9.82e-01	1.84e-02	9.36e-08
 2.45135e+23	9.82e-01	1.81e-02	9.34e-08
 2.45486e+23	9.82e-01	1.78e-02	9.35e-08
 2.45805e+23	9.82e-01	1.75e-02	9.36e-08
 2.46155e+23	9.83e-01	1.72e-02	9.34e-08
 2.46533e+23	9.83e-01	1.69e-02	9.35e-08
 2.46876e+23	9.83e-01	1.66e-02	9.36e-08
 2.47253e+23	9.84e-01	1.63e-02	9.36e-08
 2.47659e+23	9.84e-01	1.60e-02	9.37e-08
 2.48029e+23	9.84e-01	1.57e-02	9.35e-08
 2.48366e+23	9.84e-01	1.55e-02	9.35e-08
 2.48735e+23	9.85e-01	1.52e-02	9.36e-08
 2.49133e+23	9.85e-01	1.49e-02	9.37e-08
 2.49496e+23	9.85e-01	1.47e-02	9.35e-08
 2.49825e+23	9.86e-01	1.45e-02	9.36e-08
 2.50187e+23	9.86e-01	1.42e-02	9.36e-08
 2.50577e+23	9.86e-01	1.40e-02	9.37e-08
 2.51004e+23	9.86e-01	1.37e-02	9.37e-08
 2.51466e+23	9.87e-01	1.34e-02	9.39e-08
 2.51886e+23	9.87e-01	1.32e-02	9.39e-08
 2.52268e+23	9.87e-01	1.30e-02	9.39e-08
 2.52687e+23	9.87e-01	1.27e-02	9.40e-08
 2.53139e+23	9.88e-01	1.25e-02	9.41e-08
 2.53551e+23	9.88e-01	1.23e-02	9.41e-08
 2.54001e+23	9.88e-01	1.20e-02	9.42e-08
 2.54488e+23	9.88e-01	1.18e-02	9.43e-08
 2.54931e+23	9.88e-01	1.16e-02	9.43e-08
 2.55417e+23	9.89e-01	1.13e-02	9.43e-08
 2.56016e+23	9.89e-01	1.10e-02	9.45e-08
 2.56666e+23	9.89e-01	1.07e-02	9.46e-08
 2.57319e+23	9.90e-01	1.04e-02	9.47e-08
 2.57980e+23	9.90e-01	1.01e-02	9.48e-08
 2.58650e+23	9.90e-01	9.84e-03	9.49e-08
 2.59327e+23	9.90e-01	9.57e-03	9.50e-08
 2.60011e+23	9.91e-01	9.30e-03	9.51e-08
 2.60700e+23	9.91e-01	9.04e-03	9.52e-08
 2.61395e+23	9.91e-01	8.79e-03	9.53e-08
 2.62099e+23	9.91e-01	8.54e-03	9.54e-08
 2.62810e+23	9.92e-01	8.29e-03	9.55e-08
 2.63526e+23	9.92e-01	8.05e-03	9.57e-08
 2.64249e+23	9.92e-01	7.82e-03	9.58e-08
 2.64978e+23	9.92e-01	7.59e-03	9.59e-08
 2.65711e+23	9.93e-01	7.37e-03	9.61e-08
 2.66450e+23	9.93e-01	7.16e-03	9.62e-08
 2.67193e+23	9.93e-01	6.95e-03	9.64e-08
 2.67943e+23	9.93e-01	6.74e-03	9.65e-08
 2.68699e+23	9.93e-01	6.54e-03	9.67e-08
 2.69460e+23	9.94e-01	6.35e-03	9.69e-08
 2.70226e+23	9.94e-01	6.16e-03	9.70e-08
 2.70999e+23	9.94e-01	5.98e-03	9.72e-08
 2.71777e+23	9.94e-01	5.80e-03	9.75e-08
 2.72568e+23	9.94e-01	5.62e-03	9.77e-08
 2.73376e+23	9.95e-01	5.45e-03	9.80e-08
 2.74195e+23	9.95e-01	5.28e-03	9.83e-08
 2.75024e+23	9.95e-01	5.11e-03	9.86e-08
 2.75862e+23	9.95e-01	4.95e-03	9.89e-08
 2.76709e+23	9.95e-01	4.79e-03	9.93e-08
 2.77565e+23	9.95e-01	4.64e-03	9.97e-08
 2.78431e+23	9.96e-01	4.49e-03	1.00e-07
 2.79311e+23	9.96e-01	4.34e-03	1.01e-07
 2.80205e+23	9.96e-01	4.20e-03	1.01e-07
 2.81120e+23	9.96e-01	4.06e-03	1.02e-07
 2.82059e+23	9.96e-01	3.92e-03	1.02e-07
 2.83015e+23	9.96e-01	3.79e-03	1.03e-07
 2.83988e+23	9.96e-01	3.65e-03	1.04e-07
 2.84978e+23	9.96e-01	3.52e-03	1.04e-07
 2.85986e+23	9.97e-01	3.40e-03	1.05e-07
 2.87014e+23	9.97e-01	3.27e-03	1.06e-07
 2.88062e+23	9.97e-01	3.15e-03	1.07e-07
 2.89136e+23	9.97e-01	3.03e-03	1.08e-07
 2.90238e+23	9.97e-01	2.92e-03	1.10e-07
 2.91364e+23	9.97e-01	2.80e-03	1.11e-07
 2.92517e+23	9.97e-01	2.69e-03	1.12e-07
 2.93697e+23	9.97e-01	2.58e-03	1.14e-07
 2.94905e+23	9.98e-01	2.48e-03	1.16e-07
 2.96147e+23	9.98e-01	2.37e-03	1.18e-07
 2.97418e+23	9.98e-01	2.27e-03	1.20e-07
 2.98699e+23	9.98e-01	2.18e-03	1.23e-07
 2.99991e+23	9.98e-01	2.08e-03	1.25e-07
 3.01300e+23	9.98e-01	1.99e-03	1.28e-07
 3.02621e+23	9.98e-01	1.91e-03	1.32e-07
 3.03956e+23	9.98e-01	1.82e-03	1.35e-07
 3.05305e+23	9.98e-01	1.74e-03	1.39e-07
 3.06668e+23	9.98e-01	1.67e-03	1.44e-07
 3.07960e+23	9.98e-01	1.60e-03	1.49e-07
