#depth	N	N+	N+2	N+3	N+4	N+5	N+6	N+7
 1.54284e+22	7.74e-12	1.40e-07	6.92e-05	2.63e-03	1.44e-02	3.84e-01	4.73e-01	1.26e-01
 3.44549e+22	1.82e-11	3.30e-07	1.65e-04	5.90e-03	2.70e-02	4.85e-01	4.07e-01	7.46e-02
 3.98521e+22	2.68e-11	4.85e-07	2.44e-04	8.32e-03	3.52e-02	5.28e-01	3.71e-01	5.70e-02
 4.25507e+22	3.23e-11	5.85e-07	2.95e-04	9.80e-03	3.98e-02	5.47e-01	3.53e-01	4.97e-02
 4.38517e+22	3.52e-11	6.37e-07	3.20e-04	1.05e-02	4.21e-02	5.56e-01	3.45e-01	4.67e-02
 4.47751e+22	3.92e-11	7.08e-07	3.56e-04	1.15e-02	4.50e-02	5.66e-01	3.34e-01	4.31e-02
 4.57201e+22	4.28e-11	7.72e-07	3.89e-04	1.24e-02	4.76e-02	5.74e-01	3.26e-01	4.04e-02
 4.66932e+22	4.78e-11	8.62e-07	4.34e-04	1.36e-02	5.09e-02	5.83e-01	3.15e-01	3.71e-02
 4.76776e+22	5.26e-11	9.46e-07	4.75e-04	1.46e-02	5.37e-02	5.91e-01	3.06e-01	3.47e-02
 4.86768e+22	5.84e-11	1.05e-06	5.31e-04	1.60e-02	5.76e-02	6.00e-01	2.94e-01	3.17e-02
 4.96771e+22	6.44e-11	1.15e-06	5.80e-04	1.71e-02	6.06e-02	6.06e-01	2.86e-01	2.96e-02
 5.06791e+22	7.20e-11	1.29e-06	6.48e-04	1.87e-02	6.47e-02	6.14e-01	2.75e-01	2.70e-02
 5.17053e+22	8.00e-11	1.43e-06	7.12e-04	2.01e-02	6.81e-02	6.20e-01	2.66e-01	2.51e-02
 5.27632e+22	8.98e-11	1.60e-06	8.00e-04	2.20e-02	7.28e-02	6.27e-01	2.55e-01	2.28e-02
 5.38373e+22	1.00e-10	1.77e-06	8.81e-04	2.36e-02	7.65e-02	6.31e-01	2.46e-01	2.11e-02
 5.49326e+22	1.13e-10	2.00e-06	9.93e-04	2.59e-02	8.18e-02	6.37e-01	2.35e-01	1.90e-02
 5.60544e+22	1.27e-10	2.23e-06	1.10e-03	2.79e-02	8.60e-02	6.41e-01	2.26e-01	1.76e-02
 5.72109e+22	1.45e-10	2.54e-06	1.25e-03	3.06e-02	9.19e-02	6.46e-01	2.15e-01	1.57e-02
 5.83918e+22	1.64e-10	2.84e-06	1.38e-03	3.30e-02	9.67e-02	6.49e-01	2.06e-01	1.44e-02
 5.96047e+22	1.89e-10	3.26e-06	1.58e-03	3.63e-02	1.03e-01	6.51e-01	1.95e-01	1.28e-02
 6.08328e+22	2.15e-10	3.67e-06	1.76e-03	3.91e-02	1.08e-01	6.53e-01	1.86e-01	1.17e-02
 6.20807e+22	2.50e-10	4.23e-06	2.01e-03	4.29e-02	1.16e-01	6.54e-01	1.75e-01	1.04e-02
 6.33424e+22	2.86e-10	4.77e-06	2.25e-03	4.63e-02	1.21e-01	6.54e-01	1.67e-01	9.42e-03
 6.46223e+22	3.34e-10	5.53e-06	2.58e-03	5.08e-02	1.29e-01	6.53e-01	1.57e-01	8.29e-03
 6.58747e+22	3.81e-10	6.22e-06	2.86e-03	5.44e-02	1.35e-01	6.51e-01	1.49e-01	7.57e-03
 6.70914e+22	4.43e-10	7.15e-06	3.26e-03	5.93e-02	1.42e-01	6.48e-01	1.40e-01	6.69e-03
 6.83529e+22	5.01e-10	8.12e-06	3.64e-03	6.38e-02	1.49e-01	6.45e-01	1.33e-01	6.05e-03
 6.94278e+22	5.63e-10	9.02e-06	4.00e-03	6.78e-02	1.54e-01	6.42e-01	1.27e-01	5.52e-03
 7.05804e+22	6.54e-10	1.03e-05	4.51e-03	7.33e-02	1.62e-01	6.37e-01	1.19e-01	4.91e-03
 7.17426e+22	7.42e-10	1.16e-05	4.98e-03	7.80e-02	1.68e-01	6.32e-01	1.13e-01	4.47e-03
 7.29172e+22	8.65e-10	1.33e-05	5.61e-03	8.42e-02	1.75e-01	6.25e-01	1.06e-01	3.96e-03
 7.41266e+22	9.84e-10	1.49e-05	6.23e-03	8.98e-02	1.82e-01	6.19e-01	9.96e-02	3.56e-03
 7.51976e+22	1.15e-09	1.67e-05	6.87e-03	9.54e-02	1.88e-01	6.12e-01	9.42e-02	3.22e-03
 7.64060e+22	1.35e-09	1.93e-05	7.75e-03	1.03e-01	1.96e-01	6.03e-01	8.78e-02	2.84e-03
 7.76790e+22	1.56e-09	2.19e-05	8.66e-03	1.10e-01	2.03e-01	5.94e-01	8.21e-02	2.53e-03
 7.88370e+22	1.79e-09	2.47e-05	9.59e-03	1.17e-01	2.09e-01	5.85e-01	7.71e-02	2.26e-03
 8.01436e+22	2.15e-09	2.89e-05	1.09e-02	1.26e-01	2.18e-01	5.72e-01	7.11e-02	1.97e-03
 8.14906e+22	2.45e-09	3.30e-05	1.22e-02	1.35e-01	2.25e-01	5.61e-01	6.60e-02	1.73e-03
 8.26875e+22	2.84e-09	3.74e-05	1.35e-02	1.43e-01	2.31e-01	5.49e-01	6.15e-02	1.54e-03
 8.40408e+22	3.42e-09	4.38e-05	1.54e-02	1.54e-01	2.39e-01	5.34e-01	5.62e-02	1.32e-03
 8.54454e+22	4.03e-09	5.03e-05	1.72e-02	1.64e-01	2.46e-01	5.20e-01	5.17e-02	1.15e-03
 8.67065e+22	4.71e-09	5.73e-05	1.91e-02	1.74e-01	2.52e-01	5.06e-01	4.78e-02	1.01e-03
 8.81356e+22	5.75e-09	6.78e-05	2.19e-02	1.87e-01	2.59e-01	4.88e-01	4.31e-02	8.51e-04
 8.96124e+22	6.83e-09	7.82e-05	2.45e-02	1.99e-01	2.65e-01	4.72e-01	3.93e-02	7.34e-04
 9.11510e+22	8.47e-09	9.35e-05	2.81e-02	2.14e-01	2.72e-01	4.51e-01	3.49e-02	6.08e-04
 9.27045e+22	1.01e-08	1.08e-04	3.14e-02	2.26e-01	2.76e-01	4.33e-01	3.16e-02	5.19e-04
 9.40675e+22	1.20e-08	1.24e-04	3.50e-02	2.39e-01	2.81e-01	4.16e-01	2.87e-02	4.45e-04
 9.56294e+22	1.50e-08	1.49e-04	4.00e-02	2.56e-01	2.85e-01	3.94e-01	2.52e-02	3.63e-04
 9.72124e+22	1.79e-08	1.72e-04	4.46e-02	2.69e-01	2.88e-01	3.75e-01	2.25e-02	3.06e-04
 9.88230e+22	2.25e-08	2.06e-04	5.09e-02	2.86e-01	2.91e-01	3.52e-01	1.96e-02	2.47e-04
 1.00459e+23	2.71e-08	2.39e-04	5.67e-02	3.01e-01	2.92e-01	3.33e-01	1.74e-02	2.06e-04
 1.01910e+23	3.26e-08	2.76e-04	6.28e-02	3.15e-01	2.93e-01	3.14e-01	1.54e-02	1.72e-04
 1.03578e+23	4.14e-08	3.33e-04	7.16e-02	3.33e-01	2.92e-01	2.90e-01	1.31e-02	1.35e-04
 1.05268e+23	5.01e-08	3.85e-04	7.92e-02	3.47e-01	2.91e-01	2.71e-01	1.15e-02	1.11e-04
 1.06985e+23	6.40e-08	4.65e-04	8.99e-02	3.64e-01	2.87e-01	2.48e-01	9.68e-03	8.62e-05
 1.08724e+23	7.78e-08	5.39e-04	9.92e-02	3.78e-01	2.84e-01	2.30e-01	8.40e-03	6.99e-05
 1.10494e+23	1.00e-07	6.51e-04	1.12e-01	3.94e-01	2.78e-01	2.08e-01	6.95e-03	5.32e-05
 1.12232e+23	1.21e-07	7.48e-04	1.22e-01	4.06e-01	2.73e-01	1.92e-01	6.01e-03	4.32e-05
 1.13927e+23	1.53e-07	8.93e-04	1.37e-01	4.19e-01	2.65e-01	1.73e-01	4.97e-03	3.28e-05
 1.15562e+23	1.82e-07	1.01e-03	1.48e-01	4.28e-01	2.59e-01	1.60e-01	4.33e-03	2.70e-05
 1.17120e+23	2.26e-07	1.18e-03	1.62e-01	4.39e-01	2.50e-01	1.44e-01	3.61e-03	2.09e-05
 1.18681e+23	2.68e-07	1.34e-03	1.74e-01	4.46e-01	2.43e-01	1.32e-01	3.12e-03	1.70e-05
 1.20247e+23	3.32e-07	1.56e-03	1.90e-01	4.54e-01	2.34e-01	1.18e-01	2.58e-03	1.30e-05
 1.21849e+23	3.97e-07	1.77e-03	2.04e-01	4.59e-01	2.25e-01	1.08e-01	2.20e-03	1.04e-05
 1.23498e+23	4.96e-07	2.07e-03	2.23e-01	4.64e-01	2.14e-01	9.52e-02	1.79e-03	7.84e-06
 1.25165e+23	5.94e-07	2.34e-03	2.38e-01	4.67e-01	2.05e-01	8.58e-02	1.51e-03	6.18e-06
 1.26636e+23	7.08e-07	2.65e-03	2.54e-01	4.69e-01	1.96e-01	7.73e-02	1.27e-03	4.88e-06
 1.28325e+23	8.85e-07	3.09e-03	2.74e-01	4.70e-01	1.84e-01	6.75e-02	1.02e-03	3.60e-06
 1.29961e+23	1.04e-06	3.45e-03	2.90e-01	4.70e-01	1.75e-01	6.08e-02	8.60e-04	2.86e-06
 1.31266e+23	1.21e-06	3.81e-03	3.05e-01	4.68e-01	1.67e-01	5.53e-02	7.36e-04	2.31e-06
 1.32701e+23	1.45e-06	4.31e-03	3.23e-01	4.66e-01	1.58e-01	4.90e-02	6.07e-04	1.78e-06
 1.34161e+23	1.68e-06	4.76e-03	3.38e-01	4.63e-01	1.50e-01	4.42e-02	5.14e-04	1.42e-06
 1.35454e+23	1.94e-06	5.25e-03	3.54e-01	4.59e-01	1.42e-01	3.98e-02	4.37e-04	1.14e-06
 1.36935e+23	2.33e-06	5.92e-03	3.73e-01	4.53e-01	1.32e-01	3.49e-02	3.55e-04	8.62e-07
 1.38434e+23	2.70e-06	6.53e-03	3.89e-01	4.48e-01	1.25e-01	3.13e-02	2.98e-04	6.80e-07
 1.39751e+23	3.12e-06	7.18e-03	4.05e-01	4.42e-01	1.18e-01	2.80e-02	2.51e-04	5.39e-07
 1.41259e+23	3.73e-06	8.08e-03	4.25e-01	4.33e-01	1.09e-01	2.44e-02	2.02e-04	4.02e-07
 1.42791e+23	4.33e-06	8.89e-03	4.42e-01	4.26e-01	1.02e-01	2.16e-02	1.68e-04	3.13e-07
 1.44149e+23	5.00e-06	9.77e-03	4.58e-01	4.17e-01	9.53e-02	1.92e-02	1.39e-04	2.45e-07
 1.45708e+23	6.00e-06	1.10e-02	4.78e-01	4.07e-01	8.75e-02	1.65e-02	1.10e-04	1.79e-07
 1.47282e+23	6.97e-06	1.21e-02	4.95e-01	3.97e-01	8.13e-02	1.46e-02	9.09e-05	1.38e-07
 1.48668e+23	8.05e-06	1.33e-02	5.11e-01	3.87e-01	7.56e-02	1.29e-02	7.49e-05	0.00e+00
 1.49862e+23	8.91e-06	1.42e-02	5.22e-01	3.80e-01	7.16e-02	1.18e-02	6.52e-05	0.00e+00
 1.51015e+23	1.02e-05	1.54e-02	5.37e-01	3.71e-01	6.68e-02	1.05e-02	5.45e-05	0.00e+00
 1.52513e+23	1.20e-05	1.71e-02	5.55e-01	3.58e-01	6.10e-02	8.98e-03	4.31e-05	0.00e+00
 1.54103e+23	1.40e-05	1.89e-02	5.71e-01	3.46e-01	5.59e-02	7.79e-03	3.47e-05	0.00e+00
 1.55585e+23	1.63e-05	2.07e-02	5.86e-01	3.35e-01	5.14e-02	6.79e-03	2.81e-05	0.00e+00
 1.57284e+23	1.96e-05	2.33e-02	6.05e-01	3.20e-01	4.60e-02	5.68e-03	2.14e-05	0.00e+00
 1.59018e+23	2.29e-05	2.56e-02	6.20e-01	3.07e-01	4.19e-02	4.88e-03	1.70e-05	0.00e+00
 1.60800e+23	2.77e-05	2.88e-02	6.38e-01	2.92e-01	3.71e-02	4.03e-03	1.27e-05	0.00e+00
 1.62613e+23	3.25e-05	3.17e-02	6.53e-01	2.78e-01	3.35e-02	3.43e-03	9.92e-06	0.00e+00
 1.64217e+23	3.78e-05	3.48e-02	6.66e-01	2.66e-01	3.03e-02	2.93e-03	7.80e-06	0.00e+00
 1.65602e+23	4.21e-05	3.71e-02	6.75e-01	2.57e-01	2.81e-02	2.61e-03	6.55e-06	0.00e+00
 1.66952e+23	4.85e-05	4.05e-02	6.86e-01	2.45e-01	2.56e-02	2.25e-03	5.22e-06	0.00e+00
 1.68324e+23	5.44e-05	4.33e-02	6.95e-01	2.36e-01	2.36e-02	1.98e-03	4.32e-06	0.00e+00
 1.69724e+23	6.28e-05	4.73e-02	7.06e-01	2.24e-01	2.13e-02	1.70e-03	3.41e-06	0.00e+00
 1.71140e+23	7.04e-05	5.06e-02	7.14e-01	2.15e-01	1.95e-02	1.49e-03	2.80e-06	0.00e+00
 1.72578e+23	8.16e-05	5.53e-02	7.23e-01	2.03e-01	1.75e-02	1.26e-03	2.18e-06	0.00e+00
 1.74026e+23	9.14e-05	5.91e-02	7.30e-01	1.94e-01	1.61e-02	1.11e-03	1.79e-06	0.00e+00
 1.75489e+23	1.06e-04	6.44e-02	7.37e-01	1.83e-01	1.44e-02	9.35e-04	1.39e-06	0.00e+00
 1.76983e+23	1.19e-04	6.90e-02	7.43e-01	1.74e-01	1.31e-02	8.11e-04	1.12e-06	0.00e+00
 1.78517e+23	1.39e-04	7.57e-02	7.49e-01	1.62e-01	1.16e-02	6.76e-04	8.50e-07	0.00e+00
 1.80061e+23	1.56e-04	8.08e-02	7.54e-01	1.54e-01	1.05e-02	5.85e-04	6.85e-07	0.00e+00
 1.81618e+23	1.81e-04	8.84e-02	7.58e-01	1.43e-01	9.30e-03	4.86e-04	5.19e-07	0.00e+00
 1.83219e+23	2.05e-04	9.48e-02	7.61e-01	1.35e-01	8.36e-03	4.16e-04	4.10e-07	0.00e+00
 1.84880e+23	2.40e-04	1.04e-01	7.64e-01	1.25e-01	7.32e-03	3.41e-04	3.05e-07	0.00e+00
 1.86581e+23	2.74e-04	1.12e-01	7.65e-01	1.16e-01	6.52e-03	2.87e-04	2.36e-07	0.00e+00
 1.88336e+23	3.25e-04	1.23e-01	7.65e-01	1.06e-01	5.62e-03	2.30e-04	1.69e-07	0.00e+00
 1.90088e+23	3.69e-04	1.32e-01	7.64e-01	9.83e-02	5.00e-03	1.93e-04	1.31e-07	0.00e+00
 1.91839e+23	4.37e-04	1.46e-01	7.60e-01	8.91e-02	4.30e-03	1.54e-04	0.00e+00	0.00e+00
 1.93609e+23	4.98e-04	1.57e-01	7.57e-01	8.21e-02	3.80e-03	1.28e-04	0.00e+00	0.00e+00
 1.95403e+23	5.92e-04	1.73e-01	7.50e-01	7.35e-02	3.25e-03	1.01e-04	0.00e+00	0.00e+00
 1.97206e+23	6.78e-04	1.86e-01	7.43e-01	6.72e-02	2.86e-03	8.33e-05	0.00e+00	0.00e+00
 1.99020e+23	8.10e-04	2.05e-01	7.32e-01	5.94e-02	2.42e-03	6.46e-05	0.00e+00	0.00e+00
 2.00840e+23	9.30e-04	2.21e-01	7.22e-01	5.38e-02	2.12e-03	5.27e-05	0.00e+00	0.00e+00
 2.02668e+23	1.12e-03	2.45e-01	7.05e-01	4.68e-02	1.77e-03	4.00e-05	0.00e+00	0.00e+00
 2.04491e+23	1.29e-03	2.63e-01	6.92e-01	4.19e-02	1.54e-03	3.23e-05	0.00e+00	0.00e+00
 2.06309e+23	1.56e-03	2.92e-01	6.69e-01	3.59e-02	1.28e-03	2.41e-05	0.00e+00	0.00e+00
 2.08127e+23	1.81e-03	3.15e-01	6.50e-01	3.17e-02	1.11e-03	1.91e-05	0.00e+00	0.00e+00
 2.09945e+23	2.20e-03	3.49e-01	6.22e-01	2.66e-02	9.08e-04	1.39e-05	0.00e+00	0.00e+00
 2.11775e+23	2.58e-03	3.77e-01	5.97e-01	2.29e-02	7.71e-04	1.07e-05	0.00e+00	0.00e+00
 2.13619e+23	3.18e-03	4.18e-01	5.59e-01	1.87e-02	6.18e-04	7.44e-06	0.00e+00	0.00e+00
 2.15466e+23	3.75e-03	4.52e-01	5.28e-01	1.57e-02	5.15e-04	5.52e-06	0.00e+00	0.00e+00
 2.17314e+23	4.62e-03	4.98e-01	4.85e-01	1.23e-02	4.04e-04	3.70e-06	0.00e+00	0.00e+00
 2.19193e+23	5.53e-03	5.39e-01	4.45e-01	9.89e-03	3.24e-04	2.57e-06	0.00e+00	0.00e+00
 2.20845e+23	6.61e-03	5.81e-01	4.05e-01	7.85e-03	2.58e-04	1.77e-06	0.00e+00	0.00e+00
 2.22469e+23	7.89e-03	6.23e-01	3.63e-01	6.12e-03	2.02e-04	1.18e-06	0.00e+00	0.00e+00
 2.23895e+23	9.11e-03	6.57e-01	3.29e-01	4.93e-03	1.63e-04	8.40e-07	0.00e+00	0.00e+00
 2.25325e+23	1.08e-02	6.98e-01	2.87e-01	3.72e-03	1.24e-04	5.38e-07	0.00e+00	0.00e+00
 2.26819e+23	1.28e-02	7.36e-01	2.49e-01	2.79e-03	9.33e-05	3.43e-07	0.00e+00	0.00e+00
 2.28166e+23	1.50e-02	7.70e-01	2.13e-01	2.07e-03	6.94e-05	2.16e-07	0.00e+00	0.00e+00
 2.29486e+23	1.77e-02	8.02e-01	1.78e-01	1.50e-03	5.00e-05	1.31e-07	0.00e+00	0.00e+00
 2.30770e+23	2.09e-02	8.31e-01	1.46e-01	1.06e-03	3.50e-05	0.00e+00	0.00e+00	0.00e+00
 2.31969e+23	2.47e-02	8.56e-01	1.18e-01	7.44e-04	2.40e-05	0.00e+00	0.00e+00	0.00e+00
 2.33065e+23	2.89e-02	8.76e-01	9.50e-02	5.23e-04	1.63e-05	0.00e+00	0.00e+00	0.00e+00
 2.34076e+23	3.40e-02	8.91e-01	7.50e-02	3.66e-04	1.08e-05	0.00e+00	0.00e+00	0.00e+00
 2.35015e+23	3.99e-02	9.01e-01	5.85e-02	2.56e-04	7.03e-06	0.00e+00	0.00e+00	0.00e+00
 2.35865e+23	4.69e-02	9.08e-01	4.53e-02	1.82e-04	4.54e-06	0.00e+00	0.00e+00	0.00e+00
 2.36621e+23	5.49e-02	9.10e-01	3.52e-02	1.33e-04	2.95e-06	0.00e+00	0.00e+00	0.00e+00
 2.37294e+23	6.42e-02	9.08e-01	2.73e-02	9.87e-05	1.93e-06	0.00e+00	0.00e+00	0.00e+00
 2.37899e+23	7.47e-02	9.04e-01	2.14e-02	7.55e-05	1.28e-06	0.00e+00	0.00e+00	0.00e+00
 2.38449e+23	8.65e-02	8.97e-01	1.68e-02	5.92e-05	8.63e-07	0.00e+00	0.00e+00	0.00e+00
 2.38970e+23	1.01e-01	8.86e-01	1.32e-02	4.68e-05	5.78e-07	0.00e+00	0.00e+00	0.00e+00
 2.39458e+23	1.17e-01	8.73e-01	1.03e-02	3.77e-05	3.90e-07	0.00e+00	0.00e+00	0.00e+00
 2.39900e+23	1.35e-01	8.56e-01	8.14e-03	3.09e-05	2.69e-07	0.00e+00	0.00e+00	0.00e+00
 2.40301e+23	1.55e-01	8.39e-01	6.52e-03	2.60e-05	1.91e-07	0.00e+00	0.00e+00	0.00e+00
 2.40656e+23	1.75e-01	8.19e-01	5.31e-03	2.23e-05	1.41e-07	0.00e+00	0.00e+00	0.00e+00
 2.40962e+23	1.95e-01	8.01e-01	4.44e-03	1.96e-05	0.00e+00	0.00e+00	0.00e+00	0.00e+00
 2.41199e+23	2.11e-01	7.85e-01	3.87e-03	1.78e-05	0.00e+00	0.00e+00	0.00e+00	0.00e+00
 2.41380e+23	2.24e-01	7.73e-01	3.47e-03	1.66e-05	0.00e+00	0.00e+00	0.00e+00	0.00e+00
 2.41569e+23	2.39e-01	7.58e-01	3.09e-03	1.54e-05	0.00e+00	0.00e+00	0.00e+00	0.00e+00
 2.41786e+23	2.57e-01	7.40e-01	2.69e-03	1.41e-05	0.00e+00	0.00e+00	0.00e+00	0.00e+00
 2.42020e+23	2.78e-01	7.20e-01	2.32e-03	1.29e-05	0.00e+00	0.00e+00	0.00e+00	0.00e+00
 2.42257e+23	2.98e-01	7.00e-01	2.01e-03	1.18e-05	0.00e+00	0.00e+00	0.00e+00	0.00e+00
 2.42475e+23	3.18e-01	6.80e-01	1.76e-03	1.09e-05	0.00e+00	0.00e+00	0.00e+00	0.00e+00
 2.42637e+23	3.33e-01	6.65e-01	1.60e-03	1.03e-05	0.00e+00	0.00e+00	0.00e+00	0.00e+00
 2.42749e+23	3.43e-01	6.55e-01	1.49e-03	9.92e-06	0.00e+00	0.00e+00	0.00e+00	0.00e+00
 2.42862e+23	3.54e-01	6.44e-01	1.39e-03	9.53e-06	0.00e+00	0.00e+00	0.00e+00	0.00e+00
 2.42998e+23	3.67e-01	6.32e-01	1.28e-03	9.11e-06	0.00e+00	0.00e+00	0.00e+00	0.00e+00
 2.43151e+23	3.82e-01	6.17e-01	1.16e-03	8.65e-06	0.00e+00	0.00e+00	0.00e+00	0.00e+00
 2.43304e+23	3.96e-01	6.03e-01	1.06e-03	8.24e-06	0.00e+00	0.00e+00	0.00e+00	0.00e+00
 2.43448e+23	4.10e-01	5.89e-01	9.69e-04	7.87e-06	0.00e+00	0.00e+00	0.00e+00	0.00e+00
 2.43591e+23	4.24e-01	5.75e-01	8.87e-04	7.52e-06	0.00e+00	0.00e+00	0.00e+00	0.00e+00
 2.43740e+23	4.38e-01	5.62e-01	8.12e-04	7.18e-06	0.00e+00	0.00e+00	0.00e+00	0.00e+00
 2.43897e+23	4.52e-01	5.47e-01	7.38e-04	6.84e-06	0.00e+00	0.00e+00	0.00e+00	0.00e+00
 2.44060e+23	4.68e-01	5.32e-01	6.69e-04	6.51e-06	0.00e+00	0.00e+00	0.00e+00	0.00e+00
 2.44222e+23	4.83e-01	5.17e-01	6.08e-04	6.21e-06	0.00e+00	0.00e+00	0.00e+00	0.00e+00
 2.44386e+23	4.97e-01	5.02e-01	5.53e-04	5.92e-06	0.00e+00	0.00e+00	0.00e+00	0.00e+00
 2.44558e+23	5.13e-01	4.87e-01	5.00e-04	5.64e-06	0.00e+00	0.00e+00	0.00e+00	0.00e+00
 2.44737e+23	5.28e-01	4.71e-01	4.51e-04	5.36e-06	0.00e+00	0.00e+00	0.00e+00	0.00e+00
 2.44919e+23	5.44e-01	4.56e-01	4.07e-04	5.10e-06	0.00e+00	0.00e+00	0.00e+00	0.00e+00
 2.45103e+23	5.59e-01	4.41e-01	3.68e-04	4.85e-06	0.00e+00	0.00e+00	0.00e+00	0.00e+00
 2.45296e+23	5.75e-01	4.25e-01	3.31e-04	4.60e-06	0.00e+00	0.00e+00	0.00e+00	0.00e+00
 2.45495e+23	5.90e-01	4.10e-01	2.97e-04	4.37e-06	0.00e+00	0.00e+00	0.00e+00	0.00e+00
 2.45699e+23	6.06e-01	3.94e-01	2.67e-04	4.14e-06	0.00e+00	0.00e+00	0.00e+00	0.00e+00
 2.45908e+23	6.21e-01	3.79e-01	2.40e-04	3.93e-06	0.00e+00	0.00e+00	0.00e+00	0.00e+00
 2.46125e+23	6.36e-01	3.64e-01	2.15e-04	3.73e-06	0.00e+00	0.00e+00	0.00e+00	0.00e+00
 2.46350e+23	6.51e-01	3.49e-01	1.93e-04	3.53e-06	0.00e+00	0.00e+00	0.00e+00	0.00e+00
 2.46583e+23	6.66e-01	3.34e-01	1.73e-04	3.34e-06	0.00e+00	0.00e+00	0.00e+00	0.00e+00
 2.46823e+23	6.81e-01	3.19e-01	1.55e-04	3.16e-06	0.00e+00	0.00e+00	0.00e+00	0.00e+00
 2.47072e+23	6.95e-01	3.05e-01	1.40e-04	2.99e-06	0.00e+00	0.00e+00	0.00e+00	0.00e+00
 2.47331e+23	7.09e-01	2.90e-01	1.25e-04	2.82e-06	0.00e+00	0.00e+00	0.00e+00	0.00e+00
 2.47599e+23	7.23e-01	2.77e-01	1.13e-04	2.67e-06	0.00e+00	0.00e+00	0.00e+00	0.00e+00
 2.47873e+23	7.36e-01	2.63e-01	1.02e-04	2.52e-06	0.00e+00	0.00e+00	0.00e+00	0.00e+00
 2.48153e+23	7.49e-01	2.51e-01	9.27e-05	2.39e-06	0.00e+00	0.00e+00	0.00e+00	0.00e+00
 2.48442e+23	7.61e-01	2.39e-01	8.43e-05	2.26e-06	0.00e+00	0.00e+00	0.00e+00	0.00e+00
 2.48740e+23	7.73e-01	2.27e-01	7.70e-05	2.14e-06	0.00e+00	0.00e+00	0.00e+00	0.00e+00
 2.49049e+23	7.85e-01	2.15e-01	7.05e-05	2.03e-06	0.00e+00	0.00e+00	0.00e+00	0.00e+00
 2.49369e+23	7.95e-01	2.04e-01	6.48e-05	1.92e-06	0.00e+00	0.00e+00	0.00e+00	0.00e+00
 2.49699e+23	8.06e-01	1.94e-01	5.98e-05	1.82e-06	0.00e+00	0.00e+00	0.00e+00	0.00e+00
 2.50044e+23	8.16e-01	1.84e-01	5.54e-05	1.73e-06	0.00e+00	0.00e+00	0.00e+00	0.00e+00
 2.50406e+23	8.25e-01	1.74e-01	5.15e-05	1.64e-06	0.00e+00	0.00e+00	0.00e+00	0.00e+00
 2.50782e+23	8.35e-01	1.65e-01	4.81e-05	1.55e-06	0.00e+00	0.00e+00	0.00e+00	0.00e+00
 2.51176e+23	8.44e-01	1.56e-01	4.49e-05	1.47e-06	0.00e+00	0.00e+00	0.00e+00	0.00e+00
 2.51592e+23	8.53e-01	1.47e-01	4.21e-05	1.40e-06	0.00e+00	0.00e+00	0.00e+00	0.00e+00
 2.52031e+23	8.61e-01	1.39e-01	3.96e-05	1.32e-06	0.00e+00	0.00e+00	0.00e+00	0.00e+00
 2.52491e+23	8.70e-01	1.30e-01	3.73e-05	1.25e-06	0.00e+00	0.00e+00	0.00e+00	0.00e+00
 2.52950e+23	8.77e-01	1.23e-01	3.53e-05	1.19e-06	0.00e+00	0.00e+00	0.00e+00	0.00e+00
 2.53391e+23	8.84e-01	1.16e-01	3.37e-05	1.14e-06	0.00e+00	0.00e+00	0.00e+00	0.00e+00
 2.53821e+23	8.90e-01	1.10e-01	3.23e-05	1.09e-06	0.00e+00	0.00e+00	0.00e+00	0.00e+00
 2.54239e+23	8.96e-01	1.04e-01	3.10e-05	1.04e-06	0.00e+00	0.00e+00	0.00e+00	0.00e+00
 2.54647e+23	9.01e-01	9.91e-02	2.99e-05	1.00e-06	0.00e+00	0.00e+00	0.00e+00	0.00e+00
 2.55042e+23	9.06e-01	9.43e-02	2.89e-05	9.64e-07	0.00e+00	0.00e+00	0.00e+00	0.00e+00
 2.55419e+23	9.10e-01	8.97e-02	2.80e-05	9.30e-07	0.00e+00	0.00e+00	0.00e+00	0.00e+00
 2.55770e+23	9.14e-01	8.59e-02	2.73e-05	9.01e-07	0.00e+00	0.00e+00	0.00e+00	0.00e+00
 2.56112e+23	9.18e-01	8.21e-02	2.66e-05	8.73e-07	0.00e+00	0.00e+00	0.00e+00	0.00e+00
 2.56454e+23	9.21e-01	7.85e-02	2.59e-05	8.45e-07	0.00e+00	0.00e+00	0.00e+00	0.00e+00
 2.56785e+23	9.25e-01	7.52e-02	2.53e-05	8.21e-07	0.00e+00	0.00e+00	0.00e+00	0.00e+00
 2.57105e+23	9.28e-01	7.21e-02	2.47e-05	7.99e-07	0.00e+00	0.00e+00	0.00e+00	0.00e+00
 2.57413e+23	9.31e-01	6.93e-02	2.42e-05	7.78e-07	0.00e+00	0.00e+00	0.00e+00	0.00e+00
 2.57711e+23	9.33e-01	6.66e-02	2.38e-05	7.60e-07	0.00e+00	0.00e+00	0.00e+00	0.00e+00
 2.58000e+23	9.36e-01	6.42e-02	2.33e-05	7.43e-07	0.00e+00	0.00e+00	0.00e+00	0.00e+00
 2.58278e+23	9.38e-01	6.19e-02	2.29e-05	7.27e-07	0.00e+00	0.00e+00	0.00e+00	0.00e+00
 2.58546e+23	9.40e-01	5.98e-02	2.26e-05	7.14e-07	0.00e+00	0.00e+00	0.00e+00	0.00e+00
 2.58805e+23	9.42e-01	5.79e-02	2.22e-05	7.02e-07	0.00e+00	0.00e+00	0.00e+00	0.00e+00
 2.59055e+23	9.44e-01	5.61e-02	2.19e-05	6.92e-07	0.00e+00	0.00e+00	0.00e+00	0.00e+00
 2.59292e+23	9.45e-01	5.45e-02	2.17e-05	6.83e-07	0.00e+00	0.00e+00	0.00e+00	0.00e+00
 2.59525e+23	9.47e-01	5.30e-02	2.14e-05	6.75e-07	0.00e+00	0.00e+00	0.00e+00	0.00e+00
 2.59751e+23	9.48e-01	5.16e-02	2.11e-05	6.68e-07	0.00e+00	0.00e+00	0.00e+00	0.00e+00
 2.59957e+23	9.50e-01	5.04e-02	2.09e-05	6.64e-07	0.00e+00	0.00e+00	0.00e+00	0.00e+00
 2.60145e+23	9.51e-01	4.94e-02	2.07e-05	6.61e-07	0.00e+00	0.00e+00	0.00e+00	0.00e+00
 2.60316e+23	9.51e-01	4.86e-02	2.06e-05	6.59e-07	0.00e+00	0.00e+00	0.00e+00	0.00e+00
 2.60472e+23	9.52e-01	4.78e-02	2.04e-05	6.58e-07	0.00e+00	0.00e+00	0.00e+00	0.00e+00
 2.60613e+23	9.53e-01	4.72e-02	2.03e-05	6.58e-07	0.00e+00	0.00e+00	0.00e+00	0.00e+00
 2.60742e+23	9.53e-01	4.67e-02	2.02e-05	6.58e-07	0.00e+00	0.00e+00	0.00e+00	0.00e+00
 2.60859e+23	9.54e-01	4.62e-02	2.01e-05	6.58e-07	0.00e+00	0.00e+00	0.00e+00	0.00e+00
 2.60988e+23	9.54e-01	4.56e-02	2.00e-05	6.59e-07	0.00e+00	0.00e+00	0.00e+00	0.00e+00
 2.61126e+23	9.55e-01	4.50e-02	1.98e-05	6.59e-07	0.00e+00	0.00e+00	0.00e+00	0.00e+00
 2.61253e+23	9.55e-01	4.46e-02	1.97e-05	6.60e-07	0.00e+00	0.00e+00	0.00e+00	0.00e+00
 2.61391e+23	9.56e-01	4.41e-02	1.96e-05	6.61e-07	0.00e+00	0.00e+00	0.00e+00	0.00e+00
 2.61540e+23	9.56e-01	4.35e-02	1.95e-05	6.62e-07	0.00e+00	0.00e+00	0.00e+00	0.00e+00
 2.61676e+23	9.57e-01	4.31e-02	1.94e-05	6.64e-07	0.00e+00	0.00e+00	0.00e+00	0.00e+00
 2.61800e+23	9.57e-01	4.28e-02	1.93e-05	6.66e-07	0.00e+00	0.00e+00	0.00e+00	0.00e+00
 2.61935e+23	9.58e-01	4.24e-02	1.92e-05	6.70e-07	0.00e+00	0.00e+00	0.00e+00	0.00e+00
 2.62081e+23	9.58e-01	4.20e-02	1.91e-05	6.72e-07	0.00e+00	0.00e+00	0.00e+00	0.00e+00
 2.62215e+23	9.58e-01	4.16e-02	1.90e-05	6.73e-07	0.00e+00	0.00e+00	0.00e+00	0.00e+00
 2.62360e+23	9.59e-01	4.13e-02	1.89e-05	6.75e-07	0.00e+00	0.00e+00	0.00e+00	0.00e+00
 2.62518e+23	9.59e-01	4.09e-02	1.88e-05	6.76e-07	0.00e+00	0.00e+00	0.00e+00	0.00e+00
 2.62661e+23	9.59e-01	4.06e-02	1.87e-05	6.81e-07	0.00e+00	0.00e+00	0.00e+00	0.00e+00
 2.62792e+23	9.60e-01	4.03e-02	1.86e-05	6.81e-07	0.00e+00	0.00e+00	0.00e+00	0.00e+00
 2.62934e+23	9.60e-01	4.00e-02	1.85e-05	6.82e-07	0.00e+00	0.00e+00	0.00e+00	0.00e+00
 2.63089e+23	9.60e-01	3.97e-02	1.84e-05	6.85e-07	0.00e+00	0.00e+00	0.00e+00	0.00e+00
 2.63229e+23	9.61e-01	3.94e-02	1.83e-05	6.87e-07	0.00e+00	0.00e+00	0.00e+00	0.00e+00
 2.63383e+23	9.61e-01	3.91e-02	1.81e-05	6.90e-07	0.00e+00	0.00e+00	0.00e+00	0.00e+00
 2.63549e+23	9.61e-01	3.88e-02	1.80e-05	6.92e-07	0.00e+00	0.00e+00	0.00e+00	0.00e+00
 2.63700e+23	9.61e-01	3.85e-02	1.79e-05	6.94e-07	0.00e+00	0.00e+00	0.00e+00	0.00e+00
 2.63866e+23	9.62e-01	3.82e-02	1.78e-05	6.97e-07	0.00e+00	0.00e+00	0.00e+00	0.00e+00
 2.64045e+23	9.62e-01	3.79e-02	1.77e-05	7.01e-07	0.00e+00	0.00e+00	0.00e+00	0.00e+00
 2.64207e+23	9.62e-01	3.77e-02	1.77e-05	7.04e-07	0.00e+00	0.00e+00	0.00e+00	0.00e+00
 2.64355e+23	9.62e-01	3.75e-02	1.76e-05	7.09e-07	0.00e+00	0.00e+00	0.00e+00	0.00e+00
 2.64490e+23	9.63e-01	3.73e-02	1.76e-05	7.14e-07	0.00e+00	0.00e+00	0.00e+00	0.00e+00
 2.64613e+23	9.63e-01	3.72e-02	1.75e-05	7.18e-07	0.00e+00	0.00e+00	0.00e+00	0.00e+00
 2.64747e+23	9.63e-01	3.70e-02	1.75e-05	7.23e-07	0.00e+00	0.00e+00	0.00e+00	0.00e+00
 2.64892e+23	9.63e-01	3.68e-02	1.75e-05	7.28e-07	0.00e+00	0.00e+00	0.00e+00	0.00e+00
 2.65024e+23	9.63e-01	3.66e-02	1.74e-05	7.31e-07	0.00e+00	0.00e+00	0.00e+00	0.00e+00
 2.65169e+23	9.64e-01	3.64e-02	1.74e-05	7.36e-07	0.00e+00	0.00e+00	0.00e+00	0.00e+00
 2.65325e+23	9.64e-01	3.62e-02	1.73e-05	7.39e-07	0.00e+00	0.00e+00	0.00e+00	0.00e+00
 2.65467e+23	9.64e-01	3.60e-02	1.73e-05	7.43e-07	0.00e+00	0.00e+00	0.00e+00	0.00e+00
 2.65596e+23	9.64e-01	3.59e-02	1.73e-05	7.50e-07	0.00e+00	0.00e+00	0.00e+00	0.00e+00
 2.65714e+23	9.64e-01	3.58e-02	1.72e-05	7.52e-07	0.00e+00	0.00e+00	0.00e+00	0.00e+00
 2.65843e+23	9.64e-01	3.56e-02	1.72e-05	7.55e-07	0.00e+00	0.00e+00	0.00e+00	0.00e+00
 2.65982e+23	9.65e-01	3.54e-02	1.72e-05	7.59e-07	0.00e+00	0.00e+00	0.00e+00	0.00e+00
 2.66108e+23	9.65e-01	3.53e-02	1.72e-05	7.66e-07	0.00e+00	0.00e+00	0.00e+00	0.00e+00
 2.66224e+23	9.65e-01	3.51e-02	1.71e-05	7.65e-07	0.00e+00	0.00e+00	0.00e+00	0.00e+00
 2.66350e+23	9.65e-01	3.49e-02	1.71e-05	7.69e-07	0.00e+00	0.00e+00	0.00e+00	0.00e+00
 2.66486e+23	9.65e-01	3.47e-02	1.70e-05	7.71e-07	0.00e+00	0.00e+00	0.00e+00	0.00e+00
 2.66636e+23	9.65e-01	3.45e-02	1.70e-05	7.74e-07	0.00e+00	0.00e+00	0.00e+00	0.00e+00
 2.66797e+23	9.66e-01	3.43e-02	1.69e-05	7.74e-07	0.00e+00	0.00e+00	0.00e+00	0.00e+00
 2.66944e+23	9.66e-01	3.41e-02	1.69e-05	7.78e-07	0.00e+00	0.00e+00	0.00e+00	0.00e+00
 2.67077e+23	9.66e-01	3.39e-02	1.68e-05	7.76e-07	0.00e+00	0.00e+00	0.00e+00	0.00e+00
 2.67224e+23	9.66e-01	3.37e-02	1.68e-05	7.77e-07	0.00e+00	0.00e+00	0.00e+00	0.00e+00
 2.67382e+23	9.67e-01	3.35e-02	1.67e-05	7.78e-07	0.00e+00	0.00e+00	0.00e+00	0.00e+00
 2.67526e+23	9.67e-01	3.33e-02	1.67e-05	7.78e-07	0.00e+00	0.00e+00	0.00e+00	0.00e+00
 2.67683e+23	9.67e-01	3.30e-02	1.66e-05	7.80e-07	0.00e+00	0.00e+00	0.00e+00	0.00e+00
 2.67853e+23	9.67e-01	3.28e-02	1.66e-05	7.80e-07	0.00e+00	0.00e+00	0.00e+00	0.00e+00
 2.68008e+23	9.67e-01	3.26e-02	1.65e-05	7.83e-07	0.00e+00	0.00e+00	0.00e+00	0.00e+00
 2.68149e+23	9.68e-01	3.24e-02	1.65e-05	7.81e-07	0.00e+00	0.00e+00	0.00e+00	0.00e+00
 2.68303e+23	9.68e-01	3.22e-02	1.64e-05	7.81e-07	0.00e+00	0.00e+00	0.00e+00	0.00e+00
 2.68470e+23	9.68e-01	3.20e-02	1.64e-05	7.82e-07	0.00e+00	0.00e+00	0.00e+00	0.00e+00
 2.68622e+23	9.68e-01	3.18e-02	1.63e-05	7.80e-07	0.00e+00	0.00e+00	0.00e+00	0.00e+00
 2.68788e+23	9.68e-01	3.15e-02	1.62e-05	7.82e-07	0.00e+00	0.00e+00	0.00e+00	0.00e+00
 2.68967e+23	9.69e-01	3.13e-02	1.62e-05	7.81e-07	0.00e+00	0.00e+00	0.00e+00	0.00e+00
 2.69131e+23	9.69e-01	3.11e-02	1.61e-05	7.83e-07	0.00e+00	0.00e+00	0.00e+00	0.00e+00
 2.69279e+23	9.69e-01	3.09e-02	1.61e-05	7.81e-07	0.00e+00	0.00e+00	0.00e+00	0.00e+00
 2.69442e+23	9.69e-01	3.07e-02	1.60e-05	7.80e-07	0.00e+00	0.00e+00	0.00e+00	0.00e+00
 2.69618e+23	9.70e-01	3.05e-02	1.60e-05	7.81e-07	0.00e+00	0.00e+00	0.00e+00	0.00e+00
 2.69778e+23	9.70e-01	3.03e-02	1.59e-05	7.78e-07	0.00e+00	0.00e+00	0.00e+00	0.00e+00
 2.69953e+23	9.70e-01	3.00e-02	1.58e-05	7.78e-07	0.00e+00	0.00e+00	0.00e+00	0.00e+00
 2.70142e+23	9.70e-01	2.97e-02	1.58e-05	7.76e-07	0.00e+00	0.00e+00	0.00e+00	0.00e+00
 2.70314e+23	9.70e-01	2.95e-02	1.57e-05	7.74e-07	0.00e+00	0.00e+00	0.00e+00	0.00e+00
 2.70503e+23	9.71e-01	2.93e-02	1.57e-05	7.73e-07	0.00e+00	0.00e+00	0.00e+00	0.00e+00
 2.70707e+23	9.71e-01	2.90e-02	1.56e-05	7.73e-07	0.00e+00	0.00e+00	0.00e+00	0.00e+00
 2.70892e+23	9.71e-01	2.88e-02	1.55e-05	7.69e-07	0.00e+00	0.00e+00	0.00e+00	0.00e+00
 2.71095e+23	9.71e-01	2.85e-02	1.55e-05	7.67e-07	0.00e+00	0.00e+00	0.00e+00	0.00e+00
 2.71314e+23	9.72e-01	2.82e-02	1.54e-05	7.66e-07	0.00e+00	0.00e+00	0.00e+00	0.00e+00
 2.71514e+23	9.72e-01	2.80e-02	1.53e-05	7.62e-07	0.00e+00	0.00e+00	0.00e+00	0.00e+00
 2.71732e+23	9.72e-01	2.77e-02	1.52e-05	7.59e-07	0.00e+00	0.00e+00	0.00e+00	0.00e+00
 2.71969e+23	9.73e-01	2.74e-02	1.52e-05	7.55e-07	0.00e+00	0.00e+00	0.00e+00	0.00e+00
 2.72183e+23	9.73e-01	2.72e-02	1.51e-05	7.53e-07	0.00e+00	0.00e+00	0.00e+00	0.00e+00
 2.72379e+23	9.73e-01	2.70e-02	1.50e-05	7.54e-07	0.00e+00	0.00e+00	0.00e+00	0.00e+00
 2.72557e+23	9.73e-01	2.68e-02	1.50e-05	7.50e-07	0.00e+00	0.00e+00	0.00e+00	0.00e+00
 2.72752e+23	9.73e-01	2.65e-02	1.49e-05	7.46e-07	0.00e+00	0.00e+00	0.00e+00	0.00e+00
 2.72962e+23	9.74e-01	2.63e-02	1.48e-05	7.43e-07	0.00e+00	0.00e+00	0.00e+00	0.00e+00
 2.73154e+23	9.74e-01	2.61e-02	1.48e-05	7.39e-07	0.00e+00	0.00e+00	0.00e+00	0.00e+00
 2.73363e+23	9.74e-01	2.58e-02	1.47e-05	7.35e-07	0.00e+00	0.00e+00	0.00e+00	0.00e+00
 2.73590e+23	9.74e-01	2.55e-02	1.46e-05	7.31e-07	0.00e+00	0.00e+00	0.00e+00	0.00e+00
 2.73796e+23	9.75e-01	2.53e-02	1.45e-05	7.26e-07	0.00e+00	0.00e+00	0.00e+00	0.00e+00
 2.74022e+23	9.75e-01	2.50e-02	1.45e-05	7.21e-07	0.00e+00	0.00e+00	0.00e+00	0.00e+00
 2.74266e+23	9.75e-01	2.47e-02	1.44e-05	7.18e-07	0.00e+00	0.00e+00	0.00e+00	0.00e+00
 2.74488e+23	9.75e-01	2.45e-02	1.43e-05	7.12e-07	0.00e+00	0.00e+00	0.00e+00	0.00e+00
 2.74731e+23	9.76e-01	2.42e-02	1.42e-05	7.05e-07	0.00e+00	0.00e+00	0.00e+00	0.00e+00
 2.74993e+23	9.76e-01	2.39e-02	1.41e-05	7.02e-07	0.00e+00	0.00e+00	0.00e+00	0.00e+00
 2.75232e+23	9.76e-01	2.37e-02	1.40e-05	6.95e-07	0.00e+00	0.00e+00	0.00e+00	0.00e+00
 2.75494e+23	9.77e-01	2.33e-02	1.39e-05	6.88e-07	0.00e+00	0.00e+00	0.00e+00	0.00e+00
 2.75777e+23	9.77e-01	2.30e-02	1.39e-05	6.83e-07	0.00e+00	0.00e+00	0.00e+00	0.00e+00
 2.76034e+23	9.77e-01	2.28e-02	1.38e-05	6.77e-07	0.00e+00	0.00e+00	0.00e+00	0.00e+00
 2.76316e+23	9.78e-01	2.24e-02	1.37e-05	6.68e-07	0.00e+00	0.00e+00	0.00e+00	0.00e+00
 2.76620e+23	9.78e-01	2.21e-02	1.36e-05	6.63e-07	0.00e+00	0.00e+00	0.00e+00	0.00e+00
 2.76897e+23	9.78e-01	2.19e-02	1.35e-05	6.56e-07	0.00e+00	0.00e+00	0.00e+00	0.00e+00
 2.77200e+23	9.78e-01	2.15e-02	1.34e-05	6.46e-07	0.00e+00	0.00e+00	0.00e+00	0.00e+00
 2.77528e+23	9.79e-01	2.12e-02	1.32e-05	6.38e-07	0.00e+00	0.00e+00	0.00e+00	0.00e+00
 2.77826e+23	9.79e-01	2.10e-02	1.32e-05	6.32e-07	0.00e+00	0.00e+00	0.00e+00	0.00e+00
 2.78097e+23	9.79e-01	2.08e-02	1.31e-05	6.27e-07	0.00e+00	0.00e+00	0.00e+00	0.00e+00
 2.78394e+23	9.80e-01	2.04e-02	1.30e-05	6.17e-07	0.00e+00	0.00e+00	0.00e+00	0.00e+00
 2.78715e+23	9.80e-01	2.01e-02	1.29e-05	6.11e-07	0.00e+00	0.00e+00	0.00e+00	0.00e+00
 2.79007e+23	9.80e-01	1.99e-02	1.28e-05	6.04e-07	0.00e+00	0.00e+00	0.00e+00	0.00e+00
 2.79327e+23	9.80e-01	1.95e-02	1.26e-05	5.93e-07	0.00e+00	0.00e+00	0.00e+00	0.00e+00
 2.79673e+23	9.81e-01	1.92e-02	1.25e-05	5.87e-07	0.00e+00	0.00e+00	0.00e+00	0.00e+00
 2.79987e+23	9.81e-01	1.90e-02	1.24e-05	5.79e-07	0.00e+00	0.00e+00	0.00e+00	0.00e+00
 2.80332e+23	9.81e-01	1.86e-02	1.23e-05	5.67e-07	0.00e+00	0.00e+00	0.00e+00	0.00e+00
 2.80703e+23	9.82e-01	1.83e-02	1.22e-05	5.59e-07	0.00e+00	0.00e+00	0.00e+00	0.00e+00
 2.81042e+23	9.82e-01	1.81e-02	1.21e-05	5.52e-07	0.00e+00	0.00e+00	0.00e+00	0.00e+00
 2.81350e+23	9.82e-01	1.79e-02	1.20e-05	5.46e-07	0.00e+00	0.00e+00	0.00e+00	0.00e+00
 2.81687e+23	9.82e-01	1.75e-02	1.19e-05	5.34e-07	0.00e+00	0.00e+00	0.00e+00	0.00e+00
 2.82052e+23	9.83e-01	1.73e-02	1.18e-05	5.27e-07	0.00e+00	0.00e+00	0.00e+00	0.00e+00
 2.82383e+23	9.83e-01	1.71e-02	1.17e-05	5.20e-07	0.00e+00	0.00e+00	0.00e+00	0.00e+00
 2.82746e+23	9.83e-01	1.67e-02	1.15e-05	5.08e-07	0.00e+00	0.00e+00	0.00e+00	0.00e+00
 2.83138e+23	9.84e-01	1.64e-02	1.14e-05	4.99e-07	0.00e+00	0.00e+00	0.00e+00	0.00e+00
 2.83495e+23	9.84e-01	1.62e-02	1.13e-05	4.92e-07	0.00e+00	0.00e+00	0.00e+00	0.00e+00
 2.83886e+23	9.84e-01	1.58e-02	1.12e-05	4.79e-07	0.00e+00	0.00e+00	0.00e+00	0.00e+00
 2.84309e+23	9.84e-01	1.56e-02	1.11e-05	4.71e-07	0.00e+00	0.00e+00	0.00e+00	0.00e+00
 2.84693e+23	9.85e-01	1.54e-02	1.10e-05	4.63e-07	0.00e+00	0.00e+00	0.00e+00	0.00e+00
 2.85042e+23	9.85e-01	1.52e-02	1.09e-05	4.56e-07	0.00e+00	0.00e+00	0.00e+00	0.00e+00
 2.85426e+23	9.85e-01	1.48e-02	1.07e-05	4.44e-07	0.00e+00	0.00e+00	0.00e+00	0.00e+00
 2.85839e+23	9.85e-01	1.46e-02	1.06e-05	4.36e-07	0.00e+00	0.00e+00	0.00e+00	0.00e+00
 2.86216e+23	9.86e-01	1.44e-02	1.05e-05	4.30e-07	0.00e+00	0.00e+00	0.00e+00	0.00e+00
 2.86628e+23	9.86e-01	1.40e-02	1.04e-05	4.17e-07	0.00e+00	0.00e+00	0.00e+00	0.00e+00
 2.87164e+23	9.86e-01	1.36e-02	1.02e-05	4.03e-07	0.00e+00	0.00e+00	0.00e+00	0.00e+00
 2.87746e+23	9.87e-01	1.33e-02	1.00e-05	3.92e-07	0.00e+00	0.00e+00	0.00e+00	0.00e+00
 2.88333e+23	9.87e-01	1.29e-02	9.87e-06	3.79e-07	0.00e+00	0.00e+00	0.00e+00	0.00e+00
 2.88944e+23	9.87e-01	1.26e-02	9.70e-06	3.68e-07	0.00e+00	0.00e+00	0.00e+00	0.00e+00
 2.89554e+23	9.88e-01	1.23e-02	9.53e-06	3.56e-07	0.00e+00	0.00e+00	0.00e+00	0.00e+00
 2.90171e+23	9.88e-01	1.19e-02	9.37e-06	3.45e-07	0.00e+00	0.00e+00	0.00e+00	0.00e+00
 2.90795e+23	9.88e-01	1.16e-02	9.20e-06	3.34e-07	0.00e+00	0.00e+00	0.00e+00	0.00e+00
 2.91425e+23	9.89e-01	1.13e-02	9.04e-06	3.23e-07	0.00e+00	0.00e+00	0.00e+00	0.00e+00
 2.92059e+23	9.89e-01	1.10e-02	8.88e-06	3.12e-07	0.00e+00	0.00e+00	0.00e+00	0.00e+00
 2.92699e+23	9.89e-01	1.07e-02	8.72e-06	3.02e-07	0.00e+00	0.00e+00	0.00e+00	0.00e+00
 2.93348e+23	9.90e-01	1.04e-02	8.56e-06	2.91e-07	0.00e+00	0.00e+00	0.00e+00	0.00e+00
 2.94002e+23	9.90e-01	1.01e-02	8.40e-06	2.81e-07	0.00e+00	0.00e+00	0.00e+00	0.00e+00
 2.94661e+23	9.90e-01	9.87e-03	8.24e-06	2.72e-07	0.00e+00	0.00e+00	0.00e+00	0.00e+00
 2.95325e+23	9.90e-01	9.60e-03	8.08e-06	2.62e-07	0.00e+00	0.00e+00	0.00e+00	0.00e+00
 2.95996e+23	9.91e-01	9.34e-03	7.93e-06	2.53e-07	0.00e+00	0.00e+00	0.00e+00	0.00e+00
 2.96670e+23	9.91e-01	9.08e-03	7.77e-06	2.44e-07	0.00e+00	0.00e+00	0.00e+00	0.00e+00
 2.97350e+23	9.91e-01	8.84e-03	7.62e-06	2.35e-07	0.00e+00	0.00e+00	0.00e+00	0.00e+00
 2.98034e+23	9.91e-01	8.60e-03	7.47e-06	2.27e-07	0.00e+00	0.00e+00	0.00e+00	0.00e+00
 2.98723e+23	9.92e-01	8.36e-03	7.32e-06	2.19e-07	0.00e+00	0.00e+00	0.00e+00	0.00e+00
 2.99419e+23	9.92e-01	8.13e-03	7.17e-06	2.11e-07	0.00e+00	0.00e+00	0.00e+00	0.00e+00
 3.00119e+23	9.92e-01	7.90e-03	7.02e-06	2.03e-07	0.00e+00	0.00e+00	0.00e+00	0.00e+00
 3.00824e+23	9.92e-01	7.69e-03	6.88e-06	1.95e-07	0.00e+00	0.00e+00	0.00e+00	0.00e+00
 3.01534e+23	9.93e-01	7.47e-03	6.73e-06	1.88e-07	0.00e+00	0.00e+00	0.00e+00	0.00e+00
 3.02249e+23	9.93e-01	7.26e-03	6.59e-06	1.81e-07	0.00e+00	0.00e+00	0.00e+00	0.00e+00
 3.02982e+23	9.93e-01	7.05e-03	6.44e-06	1.73e-07	0.00e+00	0.00e+00	0.00e+00	0.00e+00
 3.03730e+23	9.93e-01	6.85e-03	6.30e-06	1.66e-07	0.00e+00	0.00e+00	0.00e+00	0.00e+00
 3.04485e+23	9.93e-01	6.65e-03	6.15e-06	1.59e-07	0.00e+00	0.00e+00	0.00e+00	0.00e+00
 3.05249e+23	9.94e-01	6.45e-03	6.01e-06	1.53e-07	0.00e+00	0.00e+00	0.00e+00	0.00e+00
 3.06020e+23	9.94e-01	6.26e-03	5.87e-06	1.46e-07	0.00e+00	0.00e+00	0.00e+00	0.00e+00
 3.06799e+23	9.94e-01	6.08e-03	5.73e-06	1.40e-07	0.00e+00	0.00e+00	0.00e+00	0.00e+00
 3.07588e+23	9.94e-01	5.90e-03	5.59e-06	1.34e-07	0.00e+00	0.00e+00	0.00e+00	0.00e+00
 3.08276e+23	9.94e-01	5.82e-03	5.49e-06	1.31e-07	0.00e+00	0.00e+00	0.00e+00	0.00e+00
