#depth	N	N+	N+2	N+3	N+4	N+5	N+6	N+7
 4.62852e+21	2.67e-13	1.16e-08	1.51e-05	1.14e-03	1.03e-02	4.13e-01	4.73e-01	1.02e-01
 1.03041e+22	7.97e-13	3.34e-08	4.18e-05	2.83e-03	2.03e-02	5.27e-01	3.94e-01	5.56e-02
 1.18747e+22	1.32e-12	5.43e-08	6.68e-05	4.22e-03	2.74e-02	5.76e-01	3.51e-01	4.05e-02
 1.26600e+22	1.68e-12	6.89e-08	8.40e-05	5.11e-03	3.15e-02	5.99e-01	3.30e-01	3.44e-02
 1.30266e+22	1.86e-12	7.58e-08	9.21e-05	5.52e-03	3.33e-02	6.07e-01	3.22e-01	3.22e-02
 1.32680e+22	2.11e-12	8.56e-08	1.04e-04	6.07e-03	3.57e-02	6.18e-01	3.11e-01	2.96e-02
 1.35243e+22	2.35e-12	9.53e-08	1.15e-04	6.59e-03	3.80e-02	6.27e-01	3.01e-01	2.74e-02
 1.38002e+22	2.71e-12	1.09e-07	1.31e-04	7.32e-03	4.09e-02	6.38e-01	2.89e-01	2.49e-02
 1.40799e+22	3.04e-12	1.22e-07	1.45e-04	7.97e-03	4.35e-02	6.46e-01	2.79e-01	2.29e-02
 1.43146e+22	3.38e-12	1.35e-07	1.60e-04	8.58e-03	4.59e-02	6.53e-01	2.71e-01	2.14e-02
 1.45693e+22	3.82e-12	1.52e-07	1.80e-04	9.43e-03	4.92e-02	6.62e-01	2.60e-01	1.94e-02
 1.48310e+22	4.30e-12	1.70e-07	1.99e-04	1.02e-02	5.18e-02	6.68e-01	2.52e-01	1.80e-02
 1.50550e+22	4.74e-12	1.87e-07	2.18e-04	1.09e-02	5.44e-02	6.74e-01	2.44e-01	1.68e-02
 1.52993e+22	5.34e-12	2.10e-07	2.44e-04	1.19e-02	5.79e-02	6.81e-01	2.34e-01	1.53e-02
 1.55416e+22	5.91e-12	2.31e-07	2.66e-04	1.27e-02	6.06e-02	6.85e-01	2.27e-01	1.43e-02
 1.57812e+22	6.70e-12	2.60e-07	2.97e-04	1.38e-02	6.41e-02	6.91e-01	2.18e-01	1.31e-02
 1.60305e+22	7.46e-12	2.88e-07	3.28e-04	1.48e-02	6.74e-02	6.95e-01	2.10e-01	1.21e-02
 1.62541e+22	8.31e-12	3.18e-07	3.59e-04	1.58e-02	7.05e-02	6.99e-01	2.03e-01	1.12e-02
 1.65067e+22	9.45e-12	3.60e-07	4.04e-04	1.72e-02	7.48e-02	7.03e-01	1.94e-01	1.02e-02
 1.67652e+22	1.05e-11	3.99e-07	4.45e-04	1.85e-02	7.85e-02	7.06e-01	1.87e-01	9.40e-03
 1.70315e+22	1.22e-11	4.56e-07	5.02e-04	2.02e-02	8.30e-02	7.10e-01	1.78e-01	8.52e-03
 1.73089e+22	1.38e-11	5.13e-07	5.60e-04	2.18e-02	8.74e-02	7.12e-01	1.70e-01	7.77e-03
 1.75558e+22	1.56e-11	5.73e-07	6.18e-04	2.33e-02	9.14e-02	7.14e-01	1.64e-01	7.16e-03
 1.78315e+22	1.80e-11	6.57e-07	7.02e-04	2.55e-02	9.70e-02	7.15e-01	1.55e-01	6.42e-03
 1.81124e+22	2.04e-11	7.37e-07	7.79e-04	2.74e-02	1.02e-01	7.16e-01	1.49e-01	5.88e-03
 1.84002e+22	2.39e-11	8.53e-07	8.89e-04	2.99e-02	1.08e-01	7.16e-01	1.40e-01	5.25e-03
 1.86932e+22	2.73e-11	9.63e-07	9.91e-04	3.22e-02	1.13e-01	7.16e-01	1.34e-01	4.78e-03
 1.89535e+22	3.11e-11	1.08e-06	1.10e-03	3.46e-02	1.18e-01	7.15e-01	1.28e-01	4.36e-03
 1.92526e+22	3.69e-11	1.26e-06	1.26e-03	3.78e-02	1.24e-01	7.12e-01	1.20e-01	3.88e-03
 1.95603e+22	4.26e-11	1.44e-06	1.42e-03	4.09e-02	1.30e-01	7.10e-01	1.14e-01	3.49e-03
 1.98326e+22	4.91e-11	1.63e-06	1.58e-03	4.39e-02	1.36e-01	7.07e-01	1.08e-01	3.17e-03
 2.01400e+22	5.85e-11	1.91e-06	1.81e-03	4.80e-02	1.44e-01	7.02e-01	1.01e-01	2.80e-03
 2.04572e+22	6.81e-11	2.19e-06	2.04e-03	5.18e-02	1.50e-01	6.98e-01	9.56e-02	2.51e-03
 2.07873e+22	8.27e-11	2.60e-06	2.37e-03	5.69e-02	1.58e-01	6.91e-01	8.89e-02	2.19e-03
 2.11255e+22	9.69e-11	2.99e-06	2.68e-03	6.15e-02	1.66e-01	6.85e-01	8.34e-02	1.95e-03
 2.14279e+22	1.14e-10	3.45e-06	3.02e-03	6.63e-02	1.73e-01	6.78e-01	7.84e-02	1.74e-03
 2.17023e+22	1.31e-10	3.90e-06	3.35e-03	7.07e-02	1.79e-01	6.71e-01	7.42e-02	1.57e-03
 2.19455e+22	1.49e-10	4.36e-06	3.67e-03	7.49e-02	1.84e-01	6.65e-01	7.07e-02	1.44e-03
 2.22201e+22	1.75e-10	5.00e-06	4.12e-03	8.04e-02	1.92e-01	6.56e-01	6.63e-02	1.29e-03
 2.25107e+22	2.02e-10	5.67e-06	4.58e-03	8.58e-02	1.98e-01	6.48e-01	6.24e-02	1.16e-03
 2.27799e+22	2.35e-10	6.44e-06	5.08e-03	9.14e-02	2.05e-01	6.39e-01	5.88e-02	1.04e-03
 2.30880e+22	2.84e-10	7.58e-06	5.82e-03	9.91e-02	2.13e-01	6.27e-01	5.42e-02	9.03e-04
 2.33984e+22	3.30e-10	8.63e-06	6.47e-03	1.06e-01	2.20e-01	6.16e-01	5.09e-02	8.09e-04
 2.37118e+22	4.00e-10	1.01e-05	7.37e-03	1.14e-01	2.28e-01	6.03e-01	4.69e-02	7.04e-04
 2.40298e+22	4.70e-10	1.16e-05	8.23e-03	1.22e-01	2.35e-01	5.91e-01	4.37e-02	6.24e-04
 2.43068e+22	5.46e-10	1.32e-05	9.11e-03	1.29e-01	2.41e-01	5.79e-01	4.09e-02	5.56e-04
 2.46202e+22	6.62e-10	1.55e-05	1.04e-02	1.39e-01	2.49e-01	5.63e-01	3.74e-02	4.80e-04
 2.49421e+22	7.79e-10	1.77e-05	1.15e-02	1.48e-01	2.56e-01	5.50e-01	3.48e-02	4.25e-04
 2.52750e+22	9.61e-10	2.11e-05	1.32e-02	1.59e-01	2.64e-01	5.32e-01	3.15e-02	3.61e-04
 2.56103e+22	1.13e-09	2.42e-05	1.47e-02	1.69e-01	2.70e-01	5.17e-01	2.91e-02	3.17e-04
 2.59485e+22	1.40e-09	2.87e-05	1.68e-02	1.82e-01	2.77e-01	4.98e-01	2.63e-02	2.69e-04
 2.62984e+22	1.67e-09	3.33e-05	1.88e-02	1.93e-01	2.82e-01	4.81e-01	2.40e-02	2.32e-04
 2.66093e+22	1.98e-09	3.82e-05	2.09e-02	2.04e-01	2.87e-01	4.65e-01	2.20e-02	2.02e-04
 2.69593e+22	2.46e-09	4.54e-05	2.38e-02	2.19e-01	2.93e-01	4.44e-01	1.97e-02	1.69e-04
 2.73189e+22	2.96e-09	5.28e-05	2.66e-02	2.32e-01	2.98e-01	4.26e-01	1.78e-02	1.44e-04
 2.76367e+22	3.53e-09	6.07e-05	2.95e-02	2.44e-01	3.01e-01	4.09e-01	1.62e-02	1.24e-04
 2.79957e+22	4.40e-09	7.23e-05	3.36e-02	2.60e-01	3.05e-01	3.87e-01	1.43e-02	1.03e-04
 2.83657e+22	5.33e-09	8.41e-05	3.75e-02	2.74e-01	3.08e-01	3.68e-01	1.28e-02	8.62e-05
 2.86941e+22	6.39e-09	9.69e-05	4.15e-02	2.88e-01	3.09e-01	3.50e-01	1.15e-02	7.34e-05
 2.90651e+22	8.04e-09	1.16e-04	4.70e-02	3.05e-01	3.10e-01	3.28e-01	1.00e-02	5.97e-05
 2.94485e+22	9.81e-09	1.35e-04	5.24e-02	3.20e-01	3.10e-01	3.08e-01	8.83e-03	4.95e-05
 2.97910e+22	1.19e-08	1.56e-04	5.79e-02	3.34e-01	3.10e-01	2.90e-01	7.84e-03	4.14e-05
 3.01791e+22	1.51e-08	1.88e-04	6.56e-02	3.52e-01	3.08e-01	2.68e-01	6.69e-03	3.27e-05
 3.05769e+22	1.85e-08	2.18e-04	7.26e-02	3.67e-01	3.05e-01	2.50e-01	5.85e-03	2.69e-05
 3.09874e+22	2.38e-08	2.64e-04	8.23e-02	3.85e-01	3.01e-01	2.27e-01	4.90e-03	2.08e-05
 3.14053e+22	2.93e-08	3.07e-04	9.09e-02	3.99e-01	2.96e-01	2.10e-01	4.23e-03	1.68e-05
 3.18329e+22	3.82e-08	3.74e-04	1.03e-01	4.16e-01	2.88e-01	1.88e-01	3.48e-03	1.27e-05
 3.22647e+22	4.70e-08	4.35e-04	1.13e-01	4.29e-01	2.82e-01	1.72e-01	2.97e-03	1.01e-05
 3.27020e+22	6.15e-08	5.27e-04	1.27e-01	4.45e-01	2.72e-01	1.53e-01	2.42e-03	7.56e-06
 3.31374e+22	7.54e-08	6.10e-04	1.39e-01	4.55e-01	2.64e-01	1.39e-01	2.05e-03	5.99e-06
 3.35050e+22	9.12e-08	6.98e-04	1.51e-01	4.64e-01	2.56e-01	1.27e-01	1.76e-03	4.82e-06
 3.38492e+22	1.09e-07	7.89e-04	1.62e-01	4.72e-01	2.48e-01	1.16e-01	1.51e-03	3.91e-06
 3.42281e+22	1.35e-07	9.20e-04	1.77e-01	4.80e-01	2.37e-01	1.04e-01	1.25e-03	3.01e-06
 3.46117e+22	1.63e-07	1.05e-03	1.90e-01	4.86e-01	2.28e-01	9.41e-02	1.06e-03	2.39e-06
 3.49461e+22	1.94e-07	1.18e-03	2.03e-01	4.91e-01	2.19e-01	8.56e-02	9.09e-04	1.93e-06
 3.53256e+22	2.40e-07	1.36e-03	2.19e-01	4.95e-01	2.08e-01	7.58e-02	7.45e-04	1.47e-06
 3.57166e+22	2.89e-07	1.54e-03	2.35e-01	4.98e-01	1.98e-01	6.79e-02	6.23e-04	1.15e-06
 3.60659e+22	3.44e-07	1.74e-03	2.49e-01	4.99e-01	1.88e-01	6.11e-02	5.26e-04	9.12e-07
 3.64633e+22	4.31e-07	2.02e-03	2.69e-01	4.99e-01	1.76e-01	5.31e-02	4.21e-04	6.74e-07
 3.68673e+22	5.17e-07	2.28e-03	2.85e-01	4.98e-01	1.67e-01	4.72e-02	3.49e-04	5.23e-07
 3.72176e+22	6.11e-07	2.54e-03	3.01e-01	4.96e-01	1.58e-01	4.23e-02	2.93e-04	4.13e-07
 3.75472e+22	7.15e-07	2.82e-03	3.16e-01	4.94e-01	1.49e-01	3.80e-02	2.48e-04	3.29e-07
 3.79122e+22	8.69e-07	3.20e-03	3.35e-01	4.89e-01	1.39e-01	3.32e-02	2.01e-04	2.48e-07
 3.82795e+22	1.02e-06	3.55e-03	3.51e-01	4.84e-01	1.31e-01	2.96e-02	1.68e-04	1.95e-07
 3.85991e+22	1.19e-06	3.92e-03	3.67e-01	4.79e-01	1.23e-01	2.65e-02	1.41e-04	1.54e-07
 3.89641e+22	1.44e-06	4.43e-03	3.86e-01	4.72e-01	1.14e-01	2.30e-02	1.13e-04	0.00e+00
 3.93353e+22	1.68e-06	4.90e-03	4.03e-01	4.65e-01	1.07e-01	2.04e-02	9.41e-05	0.00e+00
 3.96631e+22	1.96e-06	5.39e-03	4.19e-01	4.57e-01	1.00e-01	1.81e-02	7.84e-05	0.00e+00
 4.00381e+22	2.36e-06	6.08e-03	4.40e-01	4.47e-01	9.17e-02	1.55e-02	6.22e-05	0.00e+00
 4.04186e+22	2.76e-06	6.70e-03	4.57e-01	4.38e-01	8.52e-02	1.37e-02	5.10e-05	0.00e+00
 4.08061e+22	3.34e-06	7.56e-03	4.78e-01	4.26e-01	7.75e-02	1.16e-02	4.00e-05	0.00e+00
 4.11967e+22	3.90e-06	8.32e-03	4.95e-01	4.15e-01	7.16e-02	1.02e-02	3.26e-05	0.00e+00
 4.15914e+22	4.72e-06	9.39e-03	5.16e-01	4.02e-01	6.47e-02	8.59e-03	2.52e-05	0.00e+00
 4.19898e+22	5.50e-06	1.03e-02	5.33e-01	3.90e-01	5.94e-02	7.46e-03	2.04e-05	0.00e+00
 4.23931e+22	6.64e-06	1.16e-02	5.54e-01	3.75e-01	5.33e-02	6.26e-03	1.56e-05	0.00e+00
 4.28023e+22	7.76e-06	1.28e-02	5.71e-01	3.62e-01	4.85e-02	5.39e-03	1.25e-05	0.00e+00
 4.32193e+22	9.38e-06	1.44e-02	5.92e-01	3.46e-01	4.32e-02	4.48e-03	9.46e-06	0.00e+00
 4.36435e+22	1.10e-05	1.58e-02	6.09e-01	3.33e-01	3.90e-02	3.83e-03	7.47e-06	0.00e+00
 4.40771e+22	1.33e-05	1.78e-02	6.29e-01	3.16e-01	3.44e-02	3.14e-03	5.56e-06	0.00e+00
 4.45192e+22	1.56e-05	1.95e-02	6.46e-01	3.01e-01	3.08e-02	2.66e-03	4.32e-06	0.00e+00
 4.49723e+22	1.91e-05	2.21e-02	6.66e-01	2.83e-01	2.67e-02	2.14e-03	3.14e-06	0.00e+00
 4.53703e+22	2.13e-05	2.35e-02	6.78e-01	2.72e-01	2.45e-02	1.89e-03	2.60e-06	0.00e+00
 4.56138e+22	2.28e-05	2.45e-02	6.85e-01	2.66e-01	2.32e-02	1.74e-03	2.31e-06	0.00e+00
 4.57938e+22	2.42e-05	2.53e-02	6.91e-01	2.60e-01	2.21e-02	1.63e-03	2.09e-06	0.00e+00
 4.59741e+22	2.62e-05	2.65e-02	6.98e-01	2.53e-01	2.09e-02	1.49e-03	1.83e-06	0.00e+00
 4.62085e+22	2.89e-05	2.81e-02	7.07e-01	2.44e-01	1.94e-02	1.34e-03	1.56e-06	0.00e+00
 4.65132e+22	3.32e-05	3.06e-02	7.19e-01	2.31e-01	1.74e-02	1.14e-03	1.24e-06	0.00e+00
 4.67917e+22	3.59e-05	3.20e-02	7.27e-01	2.24e-01	1.62e-02	1.04e-03	1.07e-06	0.00e+00
 4.70359e+22	3.99e-05	3.40e-02	7.36e-01	2.15e-01	1.49e-02	9.18e-04	8.97e-07	0.00e+00
 4.73534e+22	4.55e-05	3.69e-02	7.46e-01	2.03e-01	1.34e-02	7.85e-04	7.13e-07	0.00e+00
 4.76888e+22	5.12e-05	3.94e-02	7.56e-01	1.92e-01	1.21e-02	6.80e-04	5.77e-07	0.00e+00
 4.80474e+22	5.97e-05	4.33e-02	7.66e-01	1.79e-01	1.06e-02	5.65e-04	4.41e-07	0.00e+00
 4.84023e+22	6.73e-05	4.63e-02	7.75e-01	1.69e-01	9.50e-03	4.85e-04	3.54e-07	0.00e+00
 4.87524e+22	7.85e-05	5.08e-02	7.84e-01	1.56e-01	8.32e-03	4.03e-04	2.70e-07	0.00e+00
 4.91035e+22	8.84e-05	5.44e-02	7.91e-01	1.47e-01	7.43e-03	3.45e-04	2.16e-07	0.00e+00
 4.94559e+22	1.04e-04	5.98e-02	7.98e-01	1.35e-01	6.47e-03	2.84e-04	1.63e-07	0.00e+00
 4.98081e+22	1.17e-04	6.42e-02	8.04e-01	1.25e-01	5.74e-03	2.41e-04	1.29e-07	0.00e+00
 5.01598e+22	1.38e-04	7.08e-02	8.09e-01	1.15e-01	4.97e-03	1.97e-04	0.00e+00	0.00e+00
 5.05112e+22	1.58e-04	7.65e-02	8.13e-01	1.06e-01	4.40e-03	1.66e-04	0.00e+00	0.00e+00
 5.08620e+22	1.88e-04	8.47e-02	8.16e-01	9.56e-02	3.78e-03	1.34e-04	0.00e+00	0.00e+00
 5.12096e+22	2.16e-04	9.18e-02	8.17e-01	8.76e-02	3.34e-03	1.12e-04	0.00e+00	0.00e+00
 5.15074e+22	2.47e-04	9.92e-02	8.17e-01	8.05e-02	2.97e-03	9.46e-05	0.00e+00	0.00e+00
 5.18491e+22	2.98e-04	1.11e-01	8.14e-01	7.18e-02	2.53e-03	7.49e-05	0.00e+00	0.00e+00
 5.21803e+22	3.44e-04	1.20e-01	8.12e-01	6.54e-02	2.25e-03	6.26e-05	0.00e+00	0.00e+00
 5.24978e+22	4.11e-04	1.33e-01	8.06e-01	5.84e-02	1.94e-03	5.00e-05	0.00e+00	0.00e+00
 5.28152e+22	4.77e-04	1.45e-01	8.00e-01	5.29e-02	1.72e-03	4.14e-05	0.00e+00	0.00e+00
 5.30884e+22	5.53e-04	1.58e-01	7.92e-01	4.79e-02	1.52e-03	3.43e-05	0.00e+00	0.00e+00
 5.33570e+22	6.44e-04	1.72e-01	7.82e-01	4.33e-02	1.35e-03	2.83e-05	0.00e+00	0.00e+00
 5.36209e+22	7.45e-04	1.87e-01	7.72e-01	3.92e-02	1.21e-03	2.35e-05	0.00e+00	0.00e+00
 5.39214e+22	9.01e-04	2.08e-01	7.56e-01	3.43e-02	1.04e-03	1.82e-05	0.00e+00	0.00e+00
 5.42204e+22	1.06e-03	2.28e-01	7.40e-01	3.05e-02	9.14e-04	1.47e-05	0.00e+00	0.00e+00
 5.44723e+22	1.24e-03	2.47e-01	7.23e-01	2.73e-02	8.11e-04	1.20e-05	0.00e+00	0.00e+00
 5.47545e+22	1.49e-03	2.74e-01	7.00e-01	2.36e-02	6.98e-04	9.20e-06	0.00e+00	0.00e+00
 5.50418e+22	1.77e-03	3.00e-01	6.77e-01	2.06e-02	6.08e-04	7.21e-06	0.00e+00	0.00e+00
 5.52864e+22	2.07e-03	3.25e-01	6.54e-01	1.82e-02	5.35e-04	5.74e-06	0.00e+00	0.00e+00
 5.55550e+22	2.51e-03	3.60e-01	6.22e-01	1.54e-02	4.52e-04	4.25e-06	0.00e+00	0.00e+00
 5.58281e+22	2.98e-03	3.93e-01	5.91e-01	1.31e-02	3.87e-04	3.22e-06	0.00e+00	0.00e+00
 5.60591e+22	3.50e-03	4.25e-01	5.60e-01	1.12e-02	3.33e-04	2.47e-06	0.00e+00	0.00e+00
 5.63111e+22	4.26e-03	4.67e-01	5.19e-01	9.18e-03	2.73e-04	1.74e-06	0.00e+00	0.00e+00
 5.65700e+22	5.13e-03	5.09e-01	4.78e-01	7.45e-03	2.24e-04	1.23e-06	0.00e+00	0.00e+00
 5.67865e+22	6.06e-03	5.48e-01	4.39e-01	6.10e-03	1.85e-04	8.80e-07	0.00e+00	0.00e+00
 5.69826e+22	7.09e-03	5.87e-01	4.01e-01	4.96e-03	1.52e-04	6.29e-07	0.00e+00	0.00e+00
 5.72036e+22	8.64e-03	6.35e-01	3.53e-01	3.75e-03	1.16e-04	4.01e-07	0.00e+00	0.00e+00
 5.74260e+22	1.05e-02	6.82e-01	3.05e-01	2.79e-03	8.70e-05	2.50e-07	0.00e+00	0.00e+00
 5.75991e+22	1.23e-02	7.19e-01	2.66e-01	2.13e-03	6.70e-05	1.65e-07	0.00e+00	0.00e+00
 5.77456e+22	1.43e-02	7.52e-01	2.32e-01	1.64e-03	5.17e-05	0.00e+00	0.00e+00	0.00e+00
 5.79082e+22	1.70e-02	7.88e-01	1.94e-01	1.18e-03	3.71e-05	0.00e+00	0.00e+00	0.00e+00
 5.80794e+22	2.05e-02	8.22e-01	1.56e-01	8.06e-04	2.52e-05	0.00e+00	0.00e+00	0.00e+00
 5.82201e+22	2.43e-02	8.48e-01	1.27e-01	5.68e-04	1.75e-05	0.00e+00	0.00e+00	0.00e+00
 5.83361e+22	2.84e-02	8.67e-01	1.04e-01	4.13e-04	1.24e-05	0.00e+00	0.00e+00	0.00e+00
 5.84425e+22	3.30e-02	8.82e-01	8.50e-02	3.01e-04	8.69e-06	0.00e+00	0.00e+00	0.00e+00
 5.85434e+22	3.85e-02	8.93e-01	6.84e-02	2.19e-04	6.00e-06	0.00e+00	0.00e+00	0.00e+00
 5.86356e+22	4.48e-02	9.00e-01	5.49e-02	1.62e-04	4.13e-06	0.00e+00	0.00e+00	0.00e+00
 5.87169e+22	5.18e-02	9.04e-01	4.43e-02	1.23e-04	2.89e-06	0.00e+00	0.00e+00	0.00e+00
 5.87896e+22	5.96e-02	9.04e-01	3.59e-02	9.51e-05	2.05e-06	0.00e+00	0.00e+00	0.00e+00
 5.88569e+22	6.83e-02	9.02e-01	2.92e-02	7.50e-05	1.46e-06	0.00e+00	0.00e+00	0.00e+00
 5.89204e+22	7.84e-02	8.98e-01	2.36e-02	6.00e-05	1.04e-06	0.00e+00	0.00e+00	0.00e+00
 5.89799e+22	8.98e-02	8.91e-01	1.91e-02	4.87e-05	7.47e-07	0.00e+00	0.00e+00	0.00e+00
 5.90356e+22	1.02e-01	8.82e-01	1.55e-02	4.02e-05	5.40e-07	0.00e+00	0.00e+00	0.00e+00
 5.90882e+22	1.17e-01	8.71e-01	1.26e-02	3.37e-05	3.94e-07	0.00e+00	0.00e+00	0.00e+00
 5.91387e+22	1.32e-01	8.57e-01	1.03e-02	2.86e-05	2.89e-07	0.00e+00	0.00e+00	0.00e+00
 5.91877e+22	1.50e-01	8.42e-01	8.35e-03	2.45e-05	2.13e-07	0.00e+00	0.00e+00	0.00e+00
 5.92344e+22	1.69e-01	8.24e-01	6.81e-03	2.13e-05	1.59e-07	0.00e+00	0.00e+00	0.00e+00
 5.92767e+22	1.88e-01	8.06e-01	5.64e-03	1.88e-05	0.00e+00	0.00e+00	0.00e+00	0.00e+00
 5.93144e+22	2.07e-01	7.88e-01	4.76e-03	1.69e-05	0.00e+00	0.00e+00	0.00e+00	0.00e+00
 5.93495e+22	2.25e-01	7.70e-01	4.05e-03	1.54e-05	0.00e+00	0.00e+00	0.00e+00	0.00e+00
 5.93837e+22	2.45e-01	7.51e-01	3.45e-03	1.41e-05	0.00e+00	0.00e+00	0.00e+00	0.00e+00
 5.94178e+22	2.65e-01	7.32e-01	2.93e-03	1.29e-05	0.00e+00	0.00e+00	0.00e+00	0.00e+00
 5.94510e+22	2.86e-01	7.11e-01	2.51e-03	1.19e-05	0.00e+00	0.00e+00	0.00e+00	0.00e+00
 5.94823e+22	3.06e-01	6.92e-01	2.16e-03	1.11e-05	0.00e+00	0.00e+00	0.00e+00	0.00e+00
 5.95071e+22	3.21e-01	6.77e-01	1.93e-03	1.05e-05	0.00e+00	0.00e+00	0.00e+00	0.00e+00
 5.95248e+22	3.33e-01	6.65e-01	1.78e-03	1.01e-05	0.00e+00	0.00e+00	0.00e+00	0.00e+00
 5.95423e+22	3.45e-01	6.53e-01	1.63e-03	9.69e-06	0.00e+00	0.00e+00	0.00e+00	0.00e+00
 5.95623e+22	3.59e-01	6.40e-01	1.49e-03	9.28e-06	0.00e+00	0.00e+00	0.00e+00	0.00e+00
 5.95847e+22	3.74e-01	6.24e-01	1.33e-03	8.83e-06	0.00e+00	0.00e+00	0.00e+00	0.00e+00
 5.96072e+22	3.90e-01	6.08e-01	1.20e-03	8.41e-06	0.00e+00	0.00e+00	0.00e+00	0.00e+00
 5.96282e+22	4.05e-01	5.94e-01	1.08e-03	8.05e-06	0.00e+00	0.00e+00	0.00e+00	0.00e+00
 5.96489e+22	4.19e-01	5.80e-01	9.80e-04	7.71e-06	0.00e+00	0.00e+00	0.00e+00	0.00e+00
 5.96710e+22	4.35e-01	5.64e-01	8.80e-04	7.36e-06	0.00e+00	0.00e+00	0.00e+00	0.00e+00
 5.96940e+22	4.52e-01	5.47e-01	7.88e-04	7.01e-06	0.00e+00	0.00e+00	0.00e+00	0.00e+00
 5.97165e+22	4.68e-01	5.32e-01	7.08e-04	6.69e-06	0.00e+00	0.00e+00	0.00e+00	0.00e+00
 5.97388e+22	4.83e-01	5.16e-01	6.37e-04	6.40e-06	0.00e+00	0.00e+00	0.00e+00	0.00e+00
 5.97620e+22	5.00e-01	5.00e-01	5.71e-04	6.10e-06	0.00e+00	0.00e+00	0.00e+00	0.00e+00
 5.97861e+22	5.16e-01	4.83e-01	5.09e-04	5.81e-06	0.00e+00	0.00e+00	0.00e+00	0.00e+00
 5.98103e+22	5.33e-01	4.66e-01	4.55e-04	5.53e-06	0.00e+00	0.00e+00	0.00e+00	0.00e+00
 5.98344e+22	5.49e-01	4.50e-01	4.08e-04	5.28e-06	0.00e+00	0.00e+00	0.00e+00	0.00e+00
 5.98591e+22	5.65e-01	4.34e-01	3.64e-04	5.03e-06	0.00e+00	0.00e+00	0.00e+00	0.00e+00
 5.98846e+22	5.82e-01	4.18e-01	3.25e-04	4.78e-06	0.00e+00	0.00e+00	0.00e+00	0.00e+00
 5.99108e+22	5.99e-01	4.01e-01	2.90e-04	4.55e-06	0.00e+00	0.00e+00	0.00e+00	0.00e+00
 5.99370e+22	6.14e-01	3.85e-01	2.59e-04	4.33e-06	0.00e+00	0.00e+00	0.00e+00	0.00e+00
 5.99638e+22	6.30e-01	3.70e-01	2.32e-04	4.11e-06	0.00e+00	0.00e+00	0.00e+00	0.00e+00
 5.99917e+22	6.46e-01	3.54e-01	2.07e-04	3.91e-06	0.00e+00	0.00e+00	0.00e+00	0.00e+00
 6.00203e+22	6.62e-01	3.38e-01	1.85e-04	3.71e-06	0.00e+00	0.00e+00	0.00e+00	0.00e+00
 6.00493e+22	6.77e-01	3.23e-01	1.66e-04	3.52e-06	0.00e+00	0.00e+00	0.00e+00	0.00e+00
 6.00793e+22	6.92e-01	3.08e-01	1.49e-04	3.34e-06	0.00e+00	0.00e+00	0.00e+00	0.00e+00
 6.01105e+22	7.07e-01	2.93e-01	1.33e-04	3.17e-06	0.00e+00	0.00e+00	0.00e+00	0.00e+00
 6.01425e+22	7.20e-01	2.79e-01	1.20e-04	3.01e-06	0.00e+00	0.00e+00	0.00e+00	0.00e+00
 6.01745e+22	7.34e-01	2.66e-01	1.09e-04	2.86e-06	0.00e+00	0.00e+00	0.00e+00	0.00e+00
 6.02074e+22	7.47e-01	2.53e-01	9.91e-05	2.72e-06	0.00e+00	0.00e+00	0.00e+00	0.00e+00
 6.02416e+22	7.59e-01	2.40e-01	9.05e-05	2.58e-06	0.00e+00	0.00e+00	0.00e+00	0.00e+00
 6.02765e+22	7.71e-01	2.29e-01	8.30e-05	2.46e-06	0.00e+00	0.00e+00	0.00e+00	0.00e+00
 6.03127e+22	7.83e-01	2.17e-01	7.65e-05	2.34e-06	0.00e+00	0.00e+00	0.00e+00	0.00e+00
 6.03498e+22	7.94e-01	2.06e-01	7.08e-05	2.24e-06	0.00e+00	0.00e+00	0.00e+00	0.00e+00
 6.03885e+22	8.04e-01	1.96e-01	6.59e-05	2.13e-06	0.00e+00	0.00e+00	0.00e+00	0.00e+00
 6.04297e+22	8.14e-01	1.86e-01	6.14e-05	2.04e-06	0.00e+00	0.00e+00	0.00e+00	0.00e+00
 6.04733e+22	8.23e-01	1.77e-01	5.76e-05	1.95e-06	0.00e+00	0.00e+00	0.00e+00	0.00e+00
 6.05187e+22	8.32e-01	1.68e-01	5.42e-05	1.86e-06	0.00e+00	0.00e+00	0.00e+00	0.00e+00
 6.05670e+22	8.41e-01	1.59e-01	5.12e-05	1.78e-06	0.00e+00	0.00e+00	0.00e+00	0.00e+00
 6.06197e+22	8.50e-01	1.50e-01	4.85e-05	1.70e-06	0.00e+00	0.00e+00	0.00e+00	0.00e+00
 6.06770e+22	8.58e-01	1.42e-01	4.61e-05	1.63e-06	0.00e+00	0.00e+00	0.00e+00	0.00e+00
 6.07389e+22	8.65e-01	1.34e-01	4.39e-05	1.56e-06	0.00e+00	0.00e+00	0.00e+00	0.00e+00
 6.08047e+22	8.73e-01	1.27e-01	4.20e-05	1.49e-06	0.00e+00	0.00e+00	0.00e+00	0.00e+00
 6.08720e+22	8.79e-01	1.21e-01	4.03e-05	1.43e-06	0.00e+00	0.00e+00	0.00e+00	0.00e+00
 6.09392e+22	8.85e-01	1.15e-01	3.89e-05	1.38e-06	0.00e+00	0.00e+00	0.00e+00	0.00e+00
 6.10084e+22	8.91e-01	1.09e-01	3.76e-05	1.33e-06	0.00e+00	0.00e+00	0.00e+00	0.00e+00
 6.10784e+22	8.96e-01	1.04e-01	3.65e-05	1.29e-06	0.00e+00	0.00e+00	0.00e+00	0.00e+00
 6.11489e+22	9.01e-01	9.95e-02	3.55e-05	1.24e-06	0.00e+00	0.00e+00	0.00e+00	0.00e+00
 6.12198e+22	9.05e-01	9.51e-02	3.45e-05	1.20e-06	0.00e+00	0.00e+00	0.00e+00	0.00e+00
 6.12891e+22	9.09e-01	9.10e-02	3.37e-05	1.17e-06	0.00e+00	0.00e+00	0.00e+00	0.00e+00
 6.13584e+22	9.13e-01	8.72e-02	3.29e-05	1.13e-06	0.00e+00	0.00e+00	0.00e+00	0.00e+00
 6.14274e+22	9.16e-01	8.36e-02	3.22e-05	1.10e-06	0.00e+00	0.00e+00	0.00e+00	0.00e+00
 6.14956e+22	9.20e-01	8.02e-02	3.15e-05	1.07e-06	0.00e+00	0.00e+00	0.00e+00	0.00e+00
 6.15625e+22	9.23e-01	7.70e-02	3.08e-05	1.04e-06	0.00e+00	0.00e+00	0.00e+00	0.00e+00
 6.16278e+22	9.26e-01	7.41e-02	3.03e-05	1.02e-06	0.00e+00	0.00e+00	0.00e+00	0.00e+00
 6.16915e+22	9.29e-01	7.14e-02	2.97e-05	9.96e-07	0.00e+00	0.00e+00	0.00e+00	0.00e+00
 6.17534e+22	9.31e-01	6.88e-02	2.92e-05	9.75e-07	0.00e+00	0.00e+00	0.00e+00	0.00e+00
 6.18135e+22	9.34e-01	6.65e-02	2.87e-05	9.56e-07	0.00e+00	0.00e+00	0.00e+00	0.00e+00
 6.18718e+22	9.36e-01	6.43e-02	2.83e-05	9.39e-07	0.00e+00	0.00e+00	0.00e+00	0.00e+00
 6.19282e+22	9.38e-01	6.23e-02	2.79e-05	9.24e-07	0.00e+00	0.00e+00	0.00e+00	0.00e+00
 6.19829e+22	9.40e-01	6.04e-02	2.75e-05	9.11e-07	0.00e+00	0.00e+00	0.00e+00	0.00e+00
 6.20359e+22	9.41e-01	5.87e-02	2.72e-05	9.00e-07	0.00e+00	0.00e+00	0.00e+00	0.00e+00
 6.20864e+22	9.43e-01	5.72e-02	2.69e-05	8.90e-07	0.00e+00	0.00e+00	0.00e+00	0.00e+00
 6.21360e+22	9.44e-01	5.57e-02	2.66e-05	8.82e-07	0.00e+00	0.00e+00	0.00e+00	0.00e+00
 6.21842e+22	9.46e-01	5.43e-02	2.63e-05	8.76e-07	0.00e+00	0.00e+00	0.00e+00	0.00e+00
 6.22281e+22	9.47e-01	5.32e-02	2.60e-05	8.72e-07	0.00e+00	0.00e+00	0.00e+00	0.00e+00
 6.22680e+22	9.48e-01	5.23e-02	2.58e-05	8.70e-07	0.00e+00	0.00e+00	0.00e+00	0.00e+00
 6.23044e+22	9.48e-01	5.15e-02	2.56e-05	8.69e-07	0.00e+00	0.00e+00	0.00e+00	0.00e+00
 6.23374e+22	9.49e-01	5.08e-02	2.55e-05	8.69e-07	0.00e+00	0.00e+00	0.00e+00	0.00e+00
 6.23675e+22	9.50e-01	5.02e-02	2.53e-05	8.69e-07	0.00e+00	0.00e+00	0.00e+00	0.00e+00
 6.23949e+22	9.50e-01	4.97e-02	2.52e-05	8.70e-07	0.00e+00	0.00e+00	0.00e+00	0.00e+00
 6.24249e+22	9.51e-01	4.91e-02	2.50e-05	8.72e-07	0.00e+00	0.00e+00	0.00e+00	0.00e+00
 6.24573e+22	9.52e-01	4.84e-02	2.49e-05	8.72e-07	0.00e+00	0.00e+00	0.00e+00	0.00e+00
 6.24868e+22	9.52e-01	4.80e-02	2.48e-05	8.73e-07	0.00e+00	0.00e+00	0.00e+00	0.00e+00
 6.25137e+22	9.52e-01	4.76e-02	2.47e-05	8.78e-07	0.00e+00	0.00e+00	0.00e+00	0.00e+00
 6.25381e+22	9.53e-01	4.73e-02	2.45e-05	8.80e-07	0.00e+00	0.00e+00	0.00e+00	0.00e+00
 6.25648e+22	9.53e-01	4.68e-02	2.44e-05	8.82e-07	0.00e+00	0.00e+00	0.00e+00	0.00e+00
 6.25937e+22	9.54e-01	4.64e-02	2.43e-05	8.85e-07	0.00e+00	0.00e+00	0.00e+00	0.00e+00
 6.26200e+22	9.54e-01	4.61e-02	2.42e-05	8.88e-07	0.00e+00	0.00e+00	0.00e+00	0.00e+00
 6.26488e+22	9.54e-01	4.56e-02	2.40e-05	8.92e-07	0.00e+00	0.00e+00	0.00e+00	0.00e+00
 6.26799e+22	9.55e-01	4.52e-02	2.39e-05	8.94e-07	0.00e+00	0.00e+00	0.00e+00	0.00e+00
 6.27082e+22	9.55e-01	4.50e-02	2.38e-05	9.00e-07	0.00e+00	0.00e+00	0.00e+00	0.00e+00
 6.27340e+22	9.55e-01	4.47e-02	2.37e-05	8.99e-07	0.00e+00	0.00e+00	0.00e+00	0.00e+00
 6.27622e+22	9.56e-01	4.44e-02	2.36e-05	9.04e-07	0.00e+00	0.00e+00	0.00e+00	0.00e+00
 6.27926e+22	9.56e-01	4.40e-02	2.35e-05	9.01e-07	0.00e+00	0.00e+00	0.00e+00	0.00e+00
 6.28260e+22	9.56e-01	4.36e-02	2.33e-05	9.02e-07	0.00e+00	0.00e+00	0.00e+00	0.00e+00
 6.28621e+22	9.57e-01	4.32e-02	2.32e-05	9.05e-07	0.00e+00	0.00e+00	0.00e+00	0.00e+00
 6.28948e+22	9.57e-01	4.30e-02	2.30e-05	9.13e-07	0.00e+00	0.00e+00	0.00e+00	0.00e+00
 6.29247e+22	9.57e-01	4.27e-02	2.29e-05	9.13e-07	0.00e+00	0.00e+00	0.00e+00	0.00e+00
 6.29574e+22	9.58e-01	4.24e-02	2.28e-05	9.16e-07	0.00e+00	0.00e+00	0.00e+00	0.00e+00
 6.29927e+22	9.58e-01	4.21e-02	2.27e-05	9.18e-07	0.00e+00	0.00e+00	0.00e+00	0.00e+00
 6.30248e+22	9.58e-01	4.18e-02	2.25e-05	9.21e-07	0.00e+00	0.00e+00	0.00e+00	0.00e+00
 6.30600e+22	9.58e-01	4.15e-02	2.24e-05	9.25e-07	0.00e+00	0.00e+00	0.00e+00	0.00e+00
 6.30980e+22	9.59e-01	4.12e-02	2.23e-05	9.29e-07	0.00e+00	0.00e+00	0.00e+00	0.00e+00
 6.31326e+22	9.59e-01	4.10e-02	2.22e-05	9.33e-07	0.00e+00	0.00e+00	0.00e+00	0.00e+00
 6.31641e+22	9.59e-01	4.08e-02	2.21e-05	9.39e-07	0.00e+00	0.00e+00	0.00e+00	0.00e+00
 6.31927e+22	9.59e-01	4.06e-02	2.21e-05	9.45e-07	0.00e+00	0.00e+00	0.00e+00	0.00e+00
 6.32188e+22	9.59e-01	4.05e-02	2.21e-05	9.55e-07	0.00e+00	0.00e+00	0.00e+00	0.00e+00
 6.32425e+22	9.60e-01	4.04e-02	2.20e-05	9.56e-07	0.00e+00	0.00e+00	0.00e+00	0.00e+00
 6.32685e+22	9.60e-01	4.02e-02	2.20e-05	9.61e-07	0.00e+00	0.00e+00	0.00e+00	0.00e+00
 6.32966e+22	9.60e-01	4.00e-02	2.19e-05	9.63e-07	0.00e+00	0.00e+00	0.00e+00	0.00e+00
 6.33273e+22	9.60e-01	3.97e-02	2.19e-05	9.69e-07	0.00e+00	0.00e+00	0.00e+00	0.00e+00
 6.33605e+22	9.60e-01	3.95e-02	2.18e-05	9.74e-07	0.00e+00	0.00e+00	0.00e+00	0.00e+00
 6.33907e+22	9.61e-01	3.93e-02	2.18e-05	9.81e-07	0.00e+00	0.00e+00	0.00e+00	0.00e+00
 6.34182e+22	9.61e-01	3.92e-02	2.17e-05	9.86e-07	0.00e+00	0.00e+00	0.00e+00	0.00e+00
 6.34483e+22	9.61e-01	3.90e-02	2.17e-05	9.89e-07	0.00e+00	0.00e+00	0.00e+00	0.00e+00
 6.34808e+22	9.61e-01	3.87e-02	2.16e-05	9.93e-07	0.00e+00	0.00e+00	0.00e+00	0.00e+00
 6.35104e+22	9.61e-01	3.86e-02	2.16e-05	1.00e-06	0.00e+00	0.00e+00	0.00e+00	0.00e+00
 6.35373e+22	9.62e-01	3.85e-02	2.15e-05	1.00e-06	0.00e+00	0.00e+00	0.00e+00	0.00e+00
 6.35668e+22	9.62e-01	3.82e-02	2.15e-05	1.00e-06	0.00e+00	0.00e+00	0.00e+00	0.00e+00
 6.35987e+22	9.62e-01	3.80e-02	2.14e-05	1.01e-06	0.00e+00	0.00e+00	0.00e+00	0.00e+00
 6.36277e+22	9.62e-01	3.79e-02	2.14e-05	1.02e-06	0.00e+00	0.00e+00	0.00e+00	0.00e+00
 6.36541e+22	9.62e-01	3.78e-02	2.13e-05	1.02e-06	0.00e+00	0.00e+00	0.00e+00	0.00e+00
 6.36830e+22	9.62e-01	3.76e-02	2.13e-05	1.02e-06	0.00e+00	0.00e+00	0.00e+00	0.00e+00
 6.37142e+22	9.63e-01	3.73e-02	2.12e-05	1.02e-06	0.00e+00	0.00e+00	0.00e+00	0.00e+00
 6.37484e+22	9.63e-01	3.70e-02	2.11e-05	1.02e-06	0.00e+00	0.00e+00	0.00e+00	0.00e+00
 6.37853e+22	9.63e-01	3.68e-02	2.11e-05	1.02e-06	0.00e+00	0.00e+00	0.00e+00	0.00e+00
 6.38257e+22	9.64e-01	3.64e-02	2.10e-05	1.02e-06	0.00e+00	0.00e+00	0.00e+00	0.00e+00
 6.38694e+22	9.64e-01	3.61e-02	2.09e-05	1.02e-06	0.00e+00	0.00e+00	0.00e+00	0.00e+00
 6.39091e+22	9.64e-01	3.59e-02	2.08e-05	1.03e-06	0.00e+00	0.00e+00	0.00e+00	0.00e+00
 6.39453e+22	9.64e-01	3.57e-02	2.07e-05	1.02e-06	0.00e+00	0.00e+00	0.00e+00	0.00e+00
 6.39849e+22	9.65e-01	3.54e-02	2.07e-05	1.03e-06	0.00e+00	0.00e+00	0.00e+00	0.00e+00
 6.40277e+22	9.65e-01	3.51e-02	2.06e-05	1.03e-06	0.00e+00	0.00e+00	0.00e+00	0.00e+00
 6.40666e+22	9.65e-01	3.49e-02	2.05e-05	1.02e-06	0.00e+00	0.00e+00	0.00e+00	0.00e+00
 6.41093e+22	9.65e-01	3.46e-02	2.04e-05	1.03e-06	0.00e+00	0.00e+00	0.00e+00	0.00e+00
 6.41554e+22	9.66e-01	3.43e-02	2.03e-05	1.03e-06	0.00e+00	0.00e+00	0.00e+00	0.00e+00
 6.41973e+22	9.66e-01	3.41e-02	2.03e-05	1.03e-06	0.00e+00	0.00e+00	0.00e+00	0.00e+00
 6.42354e+22	9.66e-01	3.39e-02	2.02e-05	1.03e-06	0.00e+00	0.00e+00	0.00e+00	0.00e+00
 6.42772e+22	9.66e-01	3.35e-02	2.01e-05	1.02e-06	0.00e+00	0.00e+00	0.00e+00	0.00e+00
 6.43223e+22	9.67e-01	3.33e-02	2.00e-05	1.03e-06	0.00e+00	0.00e+00	0.00e+00	0.00e+00
 6.43634e+22	9.67e-01	3.31e-02	1.99e-05	1.02e-06	0.00e+00	0.00e+00	0.00e+00	0.00e+00
 6.44084e+22	9.67e-01	3.27e-02	1.98e-05	1.02e-06	0.00e+00	0.00e+00	0.00e+00	0.00e+00
 6.44569e+22	9.68e-01	3.24e-02	1.97e-05	1.02e-06	0.00e+00	0.00e+00	0.00e+00	0.00e+00
 6.45011e+22	9.68e-01	3.22e-02	1.97e-05	1.02e-06	0.00e+00	0.00e+00	0.00e+00	0.00e+00
 6.45414e+22	9.68e-01	3.20e-02	1.96e-05	1.02e-06	0.00e+00	0.00e+00	0.00e+00	0.00e+00
 6.45854e+22	9.68e-01	3.17e-02	1.95e-05	1.01e-06	0.00e+00	0.00e+00	0.00e+00	0.00e+00
 6.46330e+22	9.69e-01	3.14e-02	1.94e-05	1.01e-06	0.00e+00	0.00e+00	0.00e+00	0.00e+00
 6.46763e+22	9.69e-01	3.12e-02	1.93e-05	1.01e-06	0.00e+00	0.00e+00	0.00e+00	0.00e+00
 6.47238e+22	9.69e-01	3.08e-02	1.92e-05	1.00e-06	0.00e+00	0.00e+00	0.00e+00	0.00e+00
 6.47750e+22	9.69e-01	3.05e-02	1.91e-05	1.00e-06	0.00e+00	0.00e+00	0.00e+00	0.00e+00
 6.48216e+22	9.70e-01	3.03e-02	1.90e-05	9.96e-07	0.00e+00	0.00e+00	0.00e+00	0.00e+00
 6.48727e+22	9.70e-01	2.99e-02	1.89e-05	9.91e-07	0.00e+00	0.00e+00	0.00e+00	0.00e+00
 6.49278e+22	9.70e-01	2.96e-02	1.88e-05	9.88e-07	0.00e+00	0.00e+00	0.00e+00	0.00e+00
 6.49780e+22	9.71e-01	2.94e-02	1.87e-05	9.83e-07	0.00e+00	0.00e+00	0.00e+00	0.00e+00
 6.50330e+22	9.71e-01	2.90e-02	1.86e-05	9.77e-07	0.00e+00	0.00e+00	0.00e+00	0.00e+00
 6.50924e+22	9.71e-01	2.87e-02	1.85e-05	9.73e-07	0.00e+00	0.00e+00	0.00e+00	0.00e+00
 6.51464e+22	9.72e-01	2.84e-02	1.84e-05	9.68e-07	0.00e+00	0.00e+00	0.00e+00	0.00e+00
 6.52056e+22	9.72e-01	2.80e-02	1.82e-05	9.58e-07	0.00e+00	0.00e+00	0.00e+00	0.00e+00
 6.52695e+22	9.72e-01	2.77e-02	1.81e-05	9.52e-07	0.00e+00	0.00e+00	0.00e+00	0.00e+00
 6.53277e+22	9.73e-01	2.74e-02	1.80e-05	9.47e-07	0.00e+00	0.00e+00	0.00e+00	0.00e+00
 6.53806e+22	9.73e-01	2.72e-02	1.79e-05	9.43e-07	0.00e+00	0.00e+00	0.00e+00	0.00e+00
 6.54386e+22	9.73e-01	2.67e-02	1.78e-05	9.33e-07	0.00e+00	0.00e+00	0.00e+00	0.00e+00
 6.55012e+22	9.74e-01	2.65e-02	1.76e-05	9.29e-07	0.00e+00	0.00e+00	0.00e+00	0.00e+00
 6.55582e+22	9.74e-01	2.62e-02	1.75e-05	9.20e-07	0.00e+00	0.00e+00	0.00e+00	0.00e+00
 6.56206e+22	9.74e-01	2.58e-02	1.74e-05	9.09e-07	0.00e+00	0.00e+00	0.00e+00	0.00e+00
 6.56880e+22	9.75e-01	2.55e-02	1.73e-05	9.01e-07	0.00e+00	0.00e+00	0.00e+00	0.00e+00
 6.57493e+22	9.75e-01	2.52e-02	1.71e-05	8.95e-07	0.00e+00	0.00e+00	0.00e+00	0.00e+00
 6.58051e+22	9.75e-01	2.50e-02	1.70e-05	8.89e-07	0.00e+00	0.00e+00	0.00e+00	0.00e+00
 6.58663e+22	9.75e-01	2.46e-02	1.69e-05	8.76e-07	0.00e+00	0.00e+00	0.00e+00	0.00e+00
 6.59323e+22	9.76e-01	2.43e-02	1.68e-05	8.71e-07	0.00e+00	0.00e+00	0.00e+00	0.00e+00
 6.59924e+22	9.76e-01	2.41e-02	1.67e-05	8.63e-07	0.00e+00	0.00e+00	0.00e+00	0.00e+00
 6.60582e+22	9.76e-01	2.36e-02	1.65e-05	8.49e-07	0.00e+00	0.00e+00	0.00e+00	0.00e+00
 6.61293e+22	9.77e-01	2.34e-02	1.64e-05	8.42e-07	0.00e+00	0.00e+00	0.00e+00	0.00e+00
 6.61940e+22	9.77e-01	2.31e-02	1.63e-05	8.33e-07	0.00e+00	0.00e+00	0.00e+00	0.00e+00
 6.62649e+22	9.77e-01	2.26e-02	1.61e-05	8.17e-07	0.00e+00	0.00e+00	0.00e+00	0.00e+00
 6.63414e+22	9.78e-01	2.24e-02	1.60e-05	8.08e-07	0.00e+00	0.00e+00	0.00e+00	0.00e+00
 6.64110e+22	9.78e-01	2.21e-02	1.58e-05	8.01e-07	0.00e+00	0.00e+00	0.00e+00	0.00e+00
 6.64744e+22	9.78e-01	2.19e-02	1.57e-05	7.93e-07	0.00e+00	0.00e+00	0.00e+00	0.00e+00
 6.65438e+22	9.79e-01	2.14e-02	1.56e-05	7.78e-07	0.00e+00	0.00e+00	0.00e+00	0.00e+00
 6.66188e+22	9.79e-01	2.12e-02	1.54e-05	7.69e-07	0.00e+00	0.00e+00	0.00e+00	0.00e+00
 6.66870e+22	9.79e-01	2.10e-02	1.53e-05	7.62e-07	0.00e+00	0.00e+00	0.00e+00	0.00e+00
 6.67491e+22	9.79e-01	2.08e-02	1.52e-05	7.55e-07	0.00e+00	0.00e+00	0.00e+00	0.00e+00
 6.68171e+22	9.80e-01	2.03e-02	1.51e-05	7.39e-07	0.00e+00	0.00e+00	0.00e+00	0.00e+00
 6.68905e+22	9.80e-01	2.01e-02	1.49e-05	7.31e-07	0.00e+00	0.00e+00	0.00e+00	0.00e+00
 6.69574e+22	9.80e-01	1.99e-02	1.48e-05	7.23e-07	0.00e+00	0.00e+00	0.00e+00	0.00e+00
 6.70306e+22	9.81e-01	1.95e-02	1.47e-05	7.08e-07	0.00e+00	0.00e+00	0.00e+00	0.00e+00
 6.71096e+22	9.81e-01	1.92e-02	1.45e-05	6.98e-07	0.00e+00	0.00e+00	0.00e+00	0.00e+00
 6.71816e+22	9.81e-01	1.90e-02	1.44e-05	6.91e-07	0.00e+00	0.00e+00	0.00e+00	0.00e+00
 6.72604e+22	9.81e-01	1.86e-02	1.42e-05	6.73e-07	0.00e+00	0.00e+00	0.00e+00	0.00e+00
 6.73455e+22	9.82e-01	1.83e-02	1.41e-05	6.63e-07	0.00e+00	0.00e+00	0.00e+00	0.00e+00
 6.74230e+22	9.82e-01	1.81e-02	1.40e-05	6.54e-07	0.00e+00	0.00e+00	0.00e+00	0.00e+00
 6.75078e+22	9.82e-01	1.76e-02	1.38e-05	6.36e-07	0.00e+00	0.00e+00	0.00e+00	0.00e+00
 6.75995e+22	9.83e-01	1.74e-02	1.36e-05	6.26e-07	0.00e+00	0.00e+00	0.00e+00	0.00e+00
 6.76828e+22	9.83e-01	1.72e-02	1.35e-05	6.17e-07	0.00e+00	0.00e+00	0.00e+00	0.00e+00
 6.77587e+22	9.83e-01	1.70e-02	1.34e-05	6.08e-07	0.00e+00	0.00e+00	0.00e+00	0.00e+00
 6.78418e+22	9.83e-01	1.66e-02	1.32e-05	5.92e-07	0.00e+00	0.00e+00	0.00e+00	0.00e+00
 6.79316e+22	9.84e-01	1.63e-02	1.31e-05	5.82e-07	0.00e+00	0.00e+00	0.00e+00	0.00e+00
 6.80133e+22	9.84e-01	1.61e-02	1.29e-05	5.73e-07	0.00e+00	0.00e+00	0.00e+00	0.00e+00
 6.81028e+22	9.84e-01	1.57e-02	1.27e-05	5.56e-07	0.00e+00	0.00e+00	0.00e+00	0.00e+00
 6.82151e+22	9.85e-01	1.52e-02	1.25e-05	5.38e-07	0.00e+00	0.00e+00	0.00e+00	0.00e+00
 6.83384e+22	9.85e-01	1.49e-02	1.23e-05	5.23e-07	0.00e+00	0.00e+00	0.00e+00	0.00e+00
 6.84635e+22	9.85e-01	1.45e-02	1.21e-05	5.07e-07	0.00e+00	0.00e+00	0.00e+00	0.00e+00
 6.85912e+22	9.86e-01	1.42e-02	1.19e-05	4.92e-07	0.00e+00	0.00e+00	0.00e+00	0.00e+00
 6.87206e+22	9.86e-01	1.38e-02	1.17e-05	4.77e-07	0.00e+00	0.00e+00	0.00e+00	0.00e+00
 6.88518e+22	9.87e-01	1.35e-02	1.15e-05	4.62e-07	0.00e+00	0.00e+00	0.00e+00	0.00e+00
 6.89842e+22	9.87e-01	1.31e-02	1.13e-05	4.48e-07	0.00e+00	0.00e+00	0.00e+00	0.00e+00
 6.91178e+22	9.87e-01	1.28e-02	1.11e-05	4.33e-07	0.00e+00	0.00e+00	0.00e+00	0.00e+00
 6.92527e+22	9.88e-01	1.25e-02	1.09e-05	4.19e-07	0.00e+00	0.00e+00	0.00e+00	0.00e+00
 6.93886e+22	9.88e-01	1.21e-02	1.07e-05	4.06e-07	0.00e+00	0.00e+00	0.00e+00	0.00e+00
 6.95257e+22	9.88e-01	1.18e-02	1.05e-05	3.92e-07	0.00e+00	0.00e+00	0.00e+00	0.00e+00
 6.96639e+22	9.88e-01	1.15e-02	1.03e-05	3.79e-07	0.00e+00	0.00e+00	0.00e+00	0.00e+00
 6.98030e+22	9.89e-01	1.12e-02	1.01e-05	3.66e-07	0.00e+00	0.00e+00	0.00e+00	0.00e+00
 6.99432e+22	9.89e-01	1.09e-02	9.89e-06	3.54e-07	0.00e+00	0.00e+00	0.00e+00	0.00e+00
 7.00844e+22	9.89e-01	1.06e-02	9.69e-06	3.42e-07	0.00e+00	0.00e+00	0.00e+00	0.00e+00
 7.02263e+22	9.90e-01	1.04e-02	9.50e-06	3.30e-07	0.00e+00	0.00e+00	0.00e+00	0.00e+00
 7.03690e+22	9.90e-01	1.01e-02	9.30e-06	3.18e-07	0.00e+00	0.00e+00	0.00e+00	0.00e+00
 7.05125e+22	9.90e-01	9.83e-03	9.11e-06	3.07e-07	0.00e+00	0.00e+00	0.00e+00	0.00e+00
 7.06570e+22	9.90e-01	9.57e-03	8.93e-06	2.96e-07	0.00e+00	0.00e+00	0.00e+00	0.00e+00
 7.08025e+22	9.91e-01	9.32e-03	8.74e-06	2.85e-07	0.00e+00	0.00e+00	0.00e+00	0.00e+00
 7.09488e+22	9.91e-01	9.07e-03	8.55e-06	2.75e-07	0.00e+00	0.00e+00	0.00e+00	0.00e+00
 7.10960e+22	9.91e-01	8.82e-03	8.37e-06	2.65e-07	0.00e+00	0.00e+00	0.00e+00	0.00e+00
 7.12440e+22	9.91e-01	8.59e-03	8.19e-06	2.55e-07	0.00e+00	0.00e+00	0.00e+00	0.00e+00
 7.13930e+22	9.92e-01	8.36e-03	8.01e-06	2.45e-07	0.00e+00	0.00e+00	0.00e+00	0.00e+00
 7.15448e+22	9.92e-01	8.11e-03	7.83e-06	2.35e-07	0.00e+00	0.00e+00	0.00e+00	0.00e+00
 7.16994e+22	9.92e-01	7.89e-03	7.65e-06	2.26e-07	0.00e+00	0.00e+00	0.00e+00	0.00e+00
 7.18556e+22	9.92e-01	7.66e-03	7.47e-06	2.16e-07	0.00e+00	0.00e+00	0.00e+00	0.00e+00
 7.20135e+22	9.93e-01	7.45e-03	7.29e-06	2.08e-07	0.00e+00	0.00e+00	0.00e+00	0.00e+00
 7.21727e+22	9.93e-01	7.23e-03	7.11e-06	1.99e-07	0.00e+00	0.00e+00	0.00e+00	0.00e+00
 7.23335e+22	9.93e-01	7.02e-03	6.93e-06	1.90e-07	0.00e+00	0.00e+00	0.00e+00	0.00e+00
 7.24958e+22	9.93e-01	6.82e-03	6.76e-06	1.82e-07	0.00e+00	0.00e+00	0.00e+00	0.00e+00
 7.26599e+22	9.93e-01	6.62e-03	6.59e-06	1.74e-07	0.00e+00	0.00e+00	0.00e+00	0.00e+00
 7.28264e+22	9.94e-01	6.42e-03	6.41e-06	1.66e-07	0.00e+00	0.00e+00	0.00e+00	0.00e+00
 7.29952e+22	9.94e-01	6.22e-03	6.24e-06	1.58e-07	0.00e+00	0.00e+00	0.00e+00	0.00e+00
 7.31682e+22	9.94e-01	6.02e-03	6.06e-06	1.50e-07	0.00e+00	0.00e+00	0.00e+00	0.00e+00
 7.33451e+22	9.94e-01	5.83e-03	5.89e-06	1.43e-07	0.00e+00	0.00e+00	0.00e+00	0.00e+00
 7.35246e+22	9.94e-01	5.64e-03	5.72e-06	1.36e-07	0.00e+00	0.00e+00	0.00e+00	0.00e+00
 7.37072e+22	9.95e-01	5.45e-03	5.54e-06	1.29e-07	0.00e+00	0.00e+00	0.00e+00	0.00e+00
 7.38926e+22	9.95e-01	5.27e-03	5.37e-06	0.00e+00	0.00e+00	0.00e+00	0.00e+00	0.00e+00
 7.40810e+22	9.95e-01	5.09e-03	5.20e-06	0.00e+00	0.00e+00	0.00e+00	0.00e+00	0.00e+00
 7.42727e+22	9.95e-01	4.91e-03	5.03e-06	0.00e+00	0.00e+00	0.00e+00	0.00e+00	0.00e+00
 7.44681e+22	9.95e-01	4.73e-03	4.86e-06	0.00e+00	0.00e+00	0.00e+00	0.00e+00	0.00e+00
 7.46680e+22	9.95e-01	4.56e-03	4.69e-06	0.00e+00	0.00e+00	0.00e+00	0.00e+00	0.00e+00
 7.48724e+22	9.96e-01	4.39e-03	4.52e-06	0.00e+00	0.00e+00	0.00e+00	0.00e+00	0.00e+00
 7.50810e+22	9.96e-01	4.22e-03	4.35e-06	0.00e+00	0.00e+00	0.00e+00	0.00e+00	0.00e+00
 7.52940e+22	9.96e-01	4.05e-03	4.19e-06	0.00e+00	0.00e+00	0.00e+00	0.00e+00	0.00e+00
 7.55116e+22	9.96e-01	3.89e-03	4.02e-06	0.00e+00	0.00e+00	0.00e+00	0.00e+00	0.00e+00
 7.57339e+22	9.96e-01	3.72e-03	3.86e-06	0.00e+00	0.00e+00	0.00e+00	0.00e+00	0.00e+00
 7.59629e+22	9.96e-01	3.56e-03	3.69e-06	0.00e+00	0.00e+00	0.00e+00	0.00e+00	0.00e+00
 7.61971e+22	9.97e-01	3.40e-03	3.53e-06	0.00e+00	0.00e+00	0.00e+00	0.00e+00	0.00e+00
 7.64330e+22	9.97e-01	3.25e-03	3.37e-06	0.00e+00	0.00e+00	0.00e+00	0.00e+00	0.00e+00
 7.66697e+22	9.97e-01	3.11e-03	3.21e-06	0.00e+00	0.00e+00	0.00e+00	0.00e+00	0.00e+00
 7.69082e+22	9.97e-01	2.97e-03	3.06e-06	0.00e+00	0.00e+00	0.00e+00	0.00e+00	0.00e+00
 7.71492e+22	9.97e-01	2.83e-03	2.92e-06	0.00e+00	0.00e+00	0.00e+00	0.00e+00	0.00e+00
 7.73921e+22	9.97e-01	2.69e-03	2.77e-06	0.00e+00	0.00e+00	0.00e+00	0.00e+00	0.00e+00
 7.76368e+22	9.97e-01	2.56e-03	2.63e-06	0.00e+00	0.00e+00	0.00e+00	0.00e+00	0.00e+00
 7.78835e+22	9.98e-01	2.44e-03	2.50e-06	0.00e+00	0.00e+00	0.00e+00	0.00e+00	0.00e+00
 7.81326e+22	9.98e-01	2.31e-03	2.37e-06	0.00e+00	0.00e+00	0.00e+00	0.00e+00	0.00e+00
 7.83826e+22	9.98e-01	2.20e-03	2.24e-06	0.00e+00	0.00e+00	0.00e+00	0.00e+00	0.00e+00
 7.86336e+22	9.98e-01	2.08e-03	2.12e-06	0.00e+00	0.00e+00	0.00e+00	0.00e+00	0.00e+00
 7.88876e+22	9.98e-01	1.97e-03	2.00e-06	0.00e+00	0.00e+00	0.00e+00	0.00e+00	0.00e+00
 7.91439e+22	9.98e-01	1.86e-03	1.89e-06	0.00e+00	0.00e+00	0.00e+00	0.00e+00	0.00e+00
 7.94022e+22	9.98e-01	1.76e-03	1.78e-06	0.00e+00	0.00e+00	0.00e+00	0.00e+00	0.00e+00
 7.96636e+22	9.98e-01	1.66e-03	1.67e-06	0.00e+00	0.00e+00	0.00e+00	0.00e+00	0.00e+00
 7.99272e+22	9.98e-01	1.56e-03	1.57e-06	0.00e+00	0.00e+00	0.00e+00	0.00e+00	0.00e+00
 8.01932e+22	9.99e-01	1.47e-03	1.47e-06	0.00e+00	0.00e+00	0.00e+00	0.00e+00	0.00e+00
 8.04616e+22	9.99e-01	1.38e-03	1.37e-06	0.00e+00	0.00e+00	0.00e+00	0.00e+00	0.00e+00
 8.07326e+22	9.99e-01	1.29e-03	1.28e-06	0.00e+00	0.00e+00	0.00e+00	0.00e+00	0.00e+00
 8.10063e+22	9.99e-01	1.21e-03	1.20e-06	0.00e+00	0.00e+00	0.00e+00	0.00e+00	0.00e+00
 8.12827e+22	9.99e-01	1.13e-03	1.11e-06	0.00e+00	0.00e+00	0.00e+00	0.00e+00	0.00e+00
 8.15620e+22	9.99e-01	1.05e-03	1.03e-06	0.00e+00	0.00e+00	0.00e+00	0.00e+00	0.00e+00
 8.18443e+22	9.99e-01	9.79e-04	9.56e-07	0.00e+00	0.00e+00	0.00e+00	0.00e+00	0.00e+00
 8.21299e+22	9.99e-01	9.09e-04	8.83e-07	0.00e+00	0.00e+00	0.00e+00	0.00e+00	0.00e+00
 8.24188e+22	9.99e-01	8.42e-04	8.15e-07	0.00e+00	0.00e+00	0.00e+00	0.00e+00	0.00e+00
 8.27114e+22	9.99e-01	7.78e-04	7.49e-07	0.00e+00	0.00e+00	0.00e+00	0.00e+00	0.00e+00
 8.29995e+22	9.99e-01	7.20e-04	6.90e-07	0.00e+00	0.00e+00	0.00e+00	0.00e+00	0.00e+00
 8.32908e+22	9.99e-01	6.62e-04	6.32e-07	0.00e+00	0.00e+00	0.00e+00	0.00e+00	0.00e+00
 8.35963e+22	9.99e-01	6.06e-04	5.76e-07	0.00e+00	0.00e+00	0.00e+00	0.00e+00	0.00e+00
 8.39083e+22	9.99e-01	5.53e-04	5.23e-07	0.00e+00	0.00e+00	0.00e+00	0.00e+00	0.00e+00
 8.42241e+22	9.99e-01	5.04e-04	4.74e-07	0.00e+00	0.00e+00	0.00e+00	0.00e+00	0.00e+00
 8.45431e+22	1.00e+00	4.57e-04	4.28e-07	0.00e+00	0.00e+00	0.00e+00	0.00e+00	0.00e+00
 8.48678e+22	1.00e+00	4.13e-04	3.85e-07	0.00e+00	0.00e+00	0.00e+00	0.00e+00	0.00e+00
 8.52031e+22	1.00e+00	3.72e-04	3.44e-07	0.00e+00	0.00e+00	0.00e+00	0.00e+00	0.00e+00
 8.55443e+22	1.00e+00	3.33e-04	3.07e-07	0.00e+00	0.00e+00	0.00e+00	0.00e+00	0.00e+00
 8.58905e+22	1.00e+00	2.97e-04	2.72e-07	0.00e+00	0.00e+00	0.00e+00	0.00e+00	0.00e+00
 8.62474e+22	1.00e+00	2.64e-04	2.40e-07	0.00e+00	0.00e+00	0.00e+00	0.00e+00	0.00e+00
 8.66150e+22	1.00e+00	2.33e-04	2.10e-07	0.00e+00	0.00e+00	0.00e+00	0.00e+00	0.00e+00
 8.69935e+22	1.00e+00	2.04e-04	1.83e-07	0.00e+00	0.00e+00	0.00e+00	0.00e+00	0.00e+00
 8.73834e+22	1.00e+00	1.78e-04	1.59e-07	0.00e+00	0.00e+00	0.00e+00	0.00e+00	0.00e+00
 8.77872e+22	1.00e+00	1.53e-04	1.36e-07	0.00e+00	0.00e+00	0.00e+00	0.00e+00	0.00e+00
 8.81966e+22	1.00e+00	1.32e-04	1.17e-07	0.00e+00	0.00e+00	0.00e+00	0.00e+00	0.00e+00
 8.85887e+22	1.00e+00	1.15e-04	1.01e-07	0.00e+00	0.00e+00	0.00e+00	0.00e+00	0.00e+00
 8.89500e+22	1.00e+00	1.01e-04	8.76e-08	0.00e+00	0.00e+00	0.00e+00	0.00e+00	0.00e+00
 8.92827e+22	1.00e+00	8.93e-05	7.71e-08	0.00e+00	0.00e+00	0.00e+00	0.00e+00	0.00e+00
 8.95943e+22	1.00e+00	7.96e-05	6.84e-08	0.00e+00	0.00e+00	0.00e+00	0.00e+00	0.00e+00
 8.98902e+22	1.00e+00	7.13e-05	6.09e-08	0.00e+00	0.00e+00	0.00e+00	0.00e+00	0.00e+00
 9.01700e+22	1.00e+00	6.42e-05	5.46e-08	0.00e+00	0.00e+00	0.00e+00	0.00e+00	0.00e+00
 9.04319e+22	1.00e+00	5.83e-05	4.93e-08	0.00e+00	0.00e+00	0.00e+00	0.00e+00	0.00e+00
 9.06768e+22	1.00e+00	5.32e-05	4.49e-08	0.00e+00	0.00e+00	0.00e+00	0.00e+00	0.00e+00
 9.09069e+22	1.00e+00	4.88e-05	4.10e-08	0.00e+00	0.00e+00	0.00e+00	0.00e+00	0.00e+00
 9.11246e+22	1.00e+00	4.50e-05	3.77e-08	0.00e+00	0.00e+00	0.00e+00	0.00e+00	0.00e+00
 9.13311e+22	1.00e+00	4.17e-05	3.47e-08	0.00e+00	0.00e+00	0.00e+00	0.00e+00	0.00e+00
 9.15265e+22	1.00e+00	3.87e-05	3.22e-08	0.00e+00	0.00e+00	0.00e+00	0.00e+00	0.00e+00
 9.17112e+22	1.00e+00	3.62e-05	3.00e-08	0.00e+00	0.00e+00	0.00e+00	0.00e+00	0.00e+00
 9.18855e+22	1.00e+00	3.39e-05	2.80e-08	0.00e+00	0.00e+00	0.00e+00	0.00e+00	0.00e+00
 9.20498e+22	1.00e+00	3.19e-05	2.63e-08	0.00e+00	0.00e+00	0.00e+00	0.00e+00	0.00e+00
 9.22051e+22	1.00e+00	3.01e-05	2.48e-08	0.00e+00	0.00e+00	0.00e+00	0.00e+00	0.00e+00
 9.23524e+22	1.00e+00	2.86e-05	2.34e-08	0.00e+00	0.00e+00	0.00e+00	0.00e+00	0.00e+00
 9.24925e+22	1.00e+00	2.71e-05	2.22e-08	0.00e+00	0.00e+00	0.00e+00	0.00e+00	0.00e+00
 9.25656e+22	1.00e+00	2.68e-05	2.18e-08	0.00e+00	0.00e+00	0.00e+00	0.00e+00	0.00e+00
