#depth	N	N+	N+2	N+3	N+4	N+5	N+6	N+7
 4.62852e+21	1.01e-10	1.89e-06	9.37e-04	2.48e-02	7.91e-02	6.35e-01	2.40e-01	2.00e-02
 1.02998e+22	2.65e-10	4.73e-06	2.23e-03	4.60e-02	1.21e-01	6.54e-01	1.68e-01	9.48e-03
 1.18641e+22	4.40e-10	7.53e-06	3.40e-03	6.11e-02	1.45e-01	6.47e-01	1.37e-01	6.43e-03
 1.26642e+22	5.80e-10	9.67e-06	4.26e-03	7.06e-02	1.58e-01	6.39e-01	1.22e-01	5.19e-03
 1.30489e+22	6.49e-10	1.07e-05	4.65e-03	7.47e-02	1.64e-01	6.35e-01	1.17e-01	4.77e-03
 1.32923e+22	7.44e-10	1.21e-05	5.17e-03	7.99e-02	1.70e-01	6.30e-01	1.10e-01	4.30e-03
 1.35590e+22	8.48e-10	1.35e-05	5.72e-03	8.52e-02	1.76e-01	6.24e-01	1.05e-01	3.88e-03
 1.38167e+22	9.66e-10	1.52e-05	6.32e-03	9.06e-02	1.83e-01	6.18e-01	9.89e-02	3.51e-03
 1.41125e+22	1.15e-09	1.77e-05	7.19e-03	9.81e-02	1.91e-01	6.09e-01	9.18e-02	3.08e-03
 1.44126e+22	1.32e-09	2.00e-05	7.99e-03	1.05e-01	1.98e-01	6.01e-01	8.63e-02	2.75e-03
 1.47183e+22	1.57e-09	2.33e-05	9.09e-03	1.13e-01	2.06e-01	5.90e-01	7.98e-02	2.40e-03
 1.50315e+22	1.82e-09	2.64e-05	1.02e-02	1.21e-01	2.13e-01	5.79e-01	7.43e-02	2.12e-03
 1.53074e+22	2.10e-09	3.00e-05	1.13e-02	1.28e-01	2.20e-01	5.69e-01	6.96e-02	1.90e-03
 1.56190e+22	2.52e-09	3.50e-05	1.28e-02	1.38e-01	2.28e-01	5.56e-01	6.39e-02	1.64e-03
 1.59421e+22	2.96e-09	4.01e-05	1.43e-02	1.48e-01	2.35e-01	5.43e-01	5.91e-02	1.44e-03
 1.62316e+22	3.44e-09	4.56e-05	1.59e-02	1.57e-01	2.41e-01	5.30e-01	5.49e-02	1.27e-03
 1.65594e+22	4.18e-09	5.37e-05	1.81e-02	1.69e-01	2.49e-01	5.14e-01	4.98e-02	1.08e-03
 1.68967e+22	4.93e-09	6.17e-05	2.03e-02	1.79e-01	2.55e-01	4.99e-01	4.58e-02	9.40e-04
 1.72462e+22	6.08e-09	7.34e-05	2.33e-02	1.93e-01	2.62e-01	4.79e-01	4.10e-02	7.87e-04
 1.76025e+22	7.23e-09	8.47e-05	2.60e-02	2.05e-01	2.68e-01	4.63e-01	3.74e-02	6.77e-04
 1.79193e+22	8.57e-09	9.74e-05	2.90e-02	2.17e-01	2.73e-01	4.46e-01	3.40e-02	5.83e-04
 1.82826e+22	1.07e-08	1.16e-04	3.33e-02	2.33e-01	2.79e-01	4.25e-01	3.01e-02	4.80e-04
 1.86503e+22	1.27e-08	1.34e-04	3.71e-02	2.46e-01	2.83e-01	4.06e-01	2.71e-02	4.07e-04
 1.90239e+22	1.60e-08	1.61e-04	4.25e-02	2.63e-01	2.87e-01	3.84e-01	2.37e-02	3.32e-04
 1.94014e+22	1.92e-08	1.87e-04	4.74e-02	2.77e-01	2.89e-01	3.65e-01	2.12e-02	2.79e-04
 1.97840e+22	2.42e-08	2.25e-04	5.42e-02	2.95e-01	2.92e-01	3.41e-01	1.83e-02	2.23e-04
 2.01699e+22	2.92e-08	2.60e-04	6.01e-02	3.09e-01	2.92e-01	3.22e-01	1.63e-02	1.86e-04
 2.05603e+22	3.66e-08	3.13e-04	6.86e-02	3.27e-01	2.92e-01	2.98e-01	1.39e-02	1.47e-04
 2.09552e+22	4.43e-08	3.63e-04	7.59e-02	3.41e-01	2.91e-01	2.80e-01	1.22e-02	1.21e-04
 2.13561e+22	5.67e-08	4.38e-04	8.63e-02	3.58e-01	2.89e-01	2.56e-01	1.03e-02	9.41e-05
 2.17618e+22	6.89e-08	5.08e-04	9.52e-02	3.72e-01	2.85e-01	2.38e-01	8.94e-03	7.66e-05
 2.21735e+22	8.87e-08	6.13e-04	1.08e-01	3.89e-01	2.80e-01	2.15e-01	7.42e-03	5.85e-05
 2.25907e+22	1.08e-07	7.12e-04	1.19e-01	4.01e-01	2.75e-01	1.98e-01	6.37e-03	4.69e-05
 2.29550e+22	1.32e-07	8.22e-04	1.30e-01	4.13e-01	2.69e-01	1.82e-01	5.47e-03	3.77e-05
 2.32960e+22	1.57e-07	9.33e-04	1.40e-01	4.22e-01	2.63e-01	1.69e-01	4.77e-03	3.10e-05
 2.36668e+22	1.95e-07	1.09e-03	1.54e-01	4.33e-01	2.55e-01	1.52e-01	3.99e-03	2.41e-05
 2.40416e+22	2.35e-07	1.25e-03	1.67e-01	4.41e-01	2.48e-01	1.39e-01	3.41e-03	1.93e-05
 2.43631e+22	2.78e-07	1.41e-03	1.79e-01	4.48e-01	2.41e-01	1.28e-01	2.96e-03	1.58e-05
 2.47226e+22	3.42e-07	1.63e-03	1.95e-01	4.55e-01	2.31e-01	1.15e-01	2.46e-03	1.22e-05
 2.50969e+22	4.12e-07	1.86e-03	2.09e-01	4.60e-01	2.22e-01	1.04e-01	2.09e-03	9.70e-06
 2.54347e+22	4.91e-07	2.10e-03	2.24e-01	4.64e-01	2.14e-01	9.48e-02	1.78e-03	7.76e-06
 2.58179e+22	6.14e-07	2.45e-03	2.43e-01	4.68e-01	2.02e-01	8.35e-02	1.44e-03	5.80e-06
 2.62069e+22	7.38e-07	2.78e-03	2.59e-01	4.69e-01	1.93e-01	7.49e-02	1.21e-03	4.54e-06
 2.66033e+22	9.22e-07	3.23e-03	2.80e-01	4.70e-01	1.81e-01	6.54e-02	9.68e-04	3.37e-06
 2.69719e+22	1.08e-06	3.59e-03	2.94e-01	4.69e-01	1.73e-01	5.94e-02	8.27e-04	2.71e-06
 2.72584e+22	1.25e-06	3.97e-03	3.09e-01	4.67e-01	1.65e-01	5.39e-02	7.08e-04	2.20e-06
 2.75846e+22	1.50e-06	4.47e-03	3.27e-01	4.64e-01	1.56e-01	4.79e-02	5.86e-04	1.70e-06
 2.79206e+22	1.74e-06	4.94e-03	3.42e-01	4.61e-01	1.48e-01	4.33e-02	4.99e-04	1.37e-06
 2.82237e+22	2.02e-06	5.45e-03	3.57e-01	4.57e-01	1.40e-01	3.90e-02	4.23e-04	1.09e-06
 2.85721e+22	2.44e-06	6.18e-03	3.77e-01	4.51e-01	1.31e-01	3.42e-02	3.43e-04	8.22e-07
 2.89207e+22	2.84e-06	6.82e-03	3.93e-01	4.46e-01	1.23e-01	3.06e-02	2.88e-04	6.49e-07
 2.92218e+22	3.29e-06	7.51e-03	4.09e-01	4.40e-01	1.16e-01	2.74e-02	2.43e-04	5.16e-07
 2.95656e+22	3.94e-06	8.45e-03	4.29e-01	4.31e-01	1.08e-01	2.39e-02	1.96e-04	3.86e-07
 2.99149e+22	4.56e-06	9.30e-03	4.45e-01	4.23e-01	1.01e-01	2.13e-02	1.63e-04	3.03e-07
 3.02716e+22	5.48e-06	1.05e-02	4.65e-01	4.13e-01	9.30e-02	1.84e-02	1.30e-04	2.23e-07
 3.06318e+22	6.37e-06	1.15e-02	4.81e-01	4.04e-01	8.66e-02	1.62e-02	1.07e-04	1.72e-07
 3.09470e+22	7.34e-06	1.26e-02	4.97e-01	3.95e-01	8.08e-02	1.44e-02	8.91e-05	1.35e-07
 3.13072e+22	8.77e-06	1.42e-02	5.17e-01	3.83e-01	7.39e-02	1.23e-02	7.03e-05	0.00e+00
 3.16757e+22	1.02e-05	1.56e-02	5.33e-01	3.72e-01	6.84e-02	1.08e-02	5.74e-05	0.00e+00
 3.20551e+22	1.22e-05	1.75e-02	5.52e-01	3.59e-01	6.20e-02	9.19e-03	4.47e-05	0.00e+00
 3.24419e+22	1.43e-05	1.94e-02	5.69e-01	3.47e-01	5.68e-02	7.94e-03	3.57e-05	0.00e+00
 3.27800e+22	1.65e-05	2.12e-02	5.84e-01	3.35e-01	5.23e-02	6.94e-03	2.91e-05	0.00e+00
 3.31607e+22	1.98e-05	2.38e-02	6.02e-01	3.21e-01	4.71e-02	5.84e-03	2.23e-05	0.00e+00
 3.35556e+22	2.31e-05	2.62e-02	6.17e-01	3.09e-01	4.29e-02	5.02e-03	1.77e-05	0.00e+00
 3.39689e+22	2.82e-05	2.96e-02	6.36e-01	2.92e-01	3.80e-02	4.13e-03	1.32e-05	0.00e+00
 3.43830e+22	3.27e-05	3.25e-02	6.49e-01	2.80e-01	3.45e-02	3.55e-03	1.04e-05	0.00e+00
 3.47980e+22	3.97e-05	3.66e-02	6.66e-01	2.64e-01	3.05e-02	2.91e-03	7.74e-06	0.00e+00
 3.51626e+22	4.46e-05	3.93e-02	6.75e-01	2.55e-01	2.82e-02	2.58e-03	6.42e-06	0.00e+00
 3.53381e+22	4.60e-05	4.00e-02	6.78e-01	2.52e-01	2.76e-02	2.50e-03	6.11e-06	0.00e+00
 3.54283e+22	4.78e-05	4.10e-02	6.81e-01	2.49e-01	2.69e-02	2.40e-03	5.75e-06	0.00e+00
 3.55313e+22	5.01e-05	4.22e-02	6.84e-01	2.45e-01	2.60e-02	2.28e-03	5.32e-06	0.00e+00
 3.56651e+22	5.32e-05	4.38e-02	6.89e-01	2.40e-01	2.50e-02	2.14e-03	4.83e-06	0.00e+00
 3.58392e+22	5.76e-05	4.60e-02	6.94e-01	2.34e-01	2.37e-02	1.97e-03	4.25e-06	0.00e+00
 3.60654e+22	6.38e-05	4.89e-02	7.01e-01	2.26e-01	2.21e-02	1.76e-03	3.60e-06	0.00e+00
 3.63595e+22	7.34e-05	5.33e-02	7.10e-01	2.15e-01	2.00e-02	1.51e-03	2.85e-06	0.00e+00
 3.66634e+22	8.18e-05	5.69e-02	7.17e-01	2.06e-01	1.85e-02	1.34e-03	2.38e-06	0.00e+00
 3.69799e+22	9.43e-05	6.20e-02	7.25e-01	1.96e-01	1.67e-02	1.14e-03	1.87e-06	0.00e+00
 3.73052e+22	1.06e-04	6.66e-02	7.30e-01	1.87e-01	1.52e-02	9.98e-04	1.52e-06	0.00e+00
 3.76418e+22	1.23e-04	7.27e-02	7.37e-01	1.76e-01	1.37e-02	8.44e-04	1.18e-06	0.00e+00
 3.79871e+22	1.39e-04	7.83e-02	7.42e-01	1.67e-01	1.24e-02	7.29e-04	9.47e-07	0.00e+00
 3.82952e+22	1.57e-04	8.42e-02	7.45e-01	1.58e-01	1.13e-02	6.31e-04	7.62e-07	0.00e+00
 3.86474e+22	1.84e-04	9.24e-02	7.49e-01	1.48e-01	9.99e-03	5.24e-04	5.76e-07	0.00e+00
 3.90048e+22	2.07e-04	9.92e-02	7.51e-01	1.40e-01	9.06e-03	4.52e-04	4.60e-07	0.00e+00
 3.93690e+22	2.41e-04	1.09e-01	7.53e-01	1.30e-01	8.00e-03	3.74e-04	3.47e-07	0.00e+00
 3.97470e+22	2.76e-04	1.17e-01	7.53e-01	1.21e-01	7.15e-03	3.16e-04	2.69e-07	0.00e+00
 4.01431e+22	3.26e-04	1.29e-01	7.52e-01	1.11e-01	6.20e-03	2.55e-04	1.95e-07	0.00e+00
 4.05409e+22	3.72e-04	1.39e-01	7.51e-01	1.04e-01	5.52e-03	2.15e-04	1.50e-07	0.00e+00
 4.09409e+22	4.40e-04	1.54e-01	7.46e-01	9.46e-02	4.76e-03	1.72e-04	0.00e+00	0.00e+00
 4.13455e+22	5.01e-04	1.65e-01	7.42e-01	8.78e-02	4.24e-03	1.44e-04	0.00e+00	0.00e+00
 4.17559e+22	5.89e-04	1.81e-01	7.35e-01	7.96e-02	3.65e-03	1.15e-04	0.00e+00	0.00e+00
 4.21799e+22	6.77e-04	1.96e-01	7.27e-01	7.30e-02	3.20e-03	9.42e-05	0.00e+00	0.00e+00
 4.26216e+22	8.12e-04	2.17e-01	7.15e-01	6.49e-02	2.69e-03	7.25e-05	0.00e+00	0.00e+00
 4.30617e+22	9.23e-04	2.32e-01	7.05e-01	5.94e-02	2.36e-03	5.97e-05	0.00e+00	0.00e+00
 4.34998e+22	1.09e-03	2.55e-01	6.89e-01	5.26e-02	1.99e-03	4.60e-05	0.00e+00	0.00e+00
 4.38705e+22	1.19e-03	2.66e-01	6.82e-01	4.94e-02	1.82e-03	4.03e-05	0.00e+00	0.00e+00
 4.41537e+22	1.33e-03	2.82e-01	6.70e-01	4.54e-02	1.62e-03	3.39e-05	0.00e+00	0.00e+00
 4.45218e+22	1.52e-03	3.03e-01	6.53e-01	4.08e-02	1.40e-03	2.71e-05	0.00e+00	0.00e+00
 4.50003e+22	1.83e-03	3.34e-01	6.29e-01	3.50e-02	1.14e-03	1.99e-05	0.00e+00	0.00e+00
 4.54917e+22	2.11e-03	3.58e-01	6.08e-01	3.08e-02	9.71e-04	1.55e-05	0.00e+00	0.00e+00
 4.59999e+22	2.55e-03	3.94e-01	5.77e-01	2.58e-02	7.77e-04	1.10e-05	0.00e+00	0.00e+00
 4.65245e+22	2.96e-03	4.22e-01	5.52e-01	2.23e-02	6.48e-04	8.36e-06	0.00e+00	0.00e+00
 4.70704e+22	3.62e-03	4.64e-01	5.14e-01	1.80e-02	5.03e-04	5.67e-06	0.00e+00	0.00e+00
 4.76356e+22	4.25e-03	4.97e-01	4.83e-01	1.51e-02	4.08e-04	4.11e-06	0.00e+00	0.00e+00
 4.82258e+22	5.24e-03	5.45e-01	4.38e-01	1.17e-02	3.05e-04	2.62e-06	0.00e+00	0.00e+00
 4.88383e+22	6.23e-03	5.83e-01	4.01e-01	9.35e-03	2.38e-04	1.78e-06	0.00e+00	0.00e+00
 4.93122e+22	7.03e-03	6.10e-01	3.75e-01	7.94e-03	1.99e-04	1.35e-06	0.00e+00	0.00e+00
 4.97608e+22	8.21e-03	6.47e-01	3.39e-01	6.31e-03	1.56e-04	9.22e-07	0.00e+00	0.00e+00
 5.02240e+22	9.41e-03	6.77e-01	3.09e-01	5.14e-03	1.25e-04	6.57e-07	0.00e+00	0.00e+00
 5.07062e+22	1.11e-02	7.14e-01	2.70e-01	3.89e-03	9.32e-05	4.17e-07	0.00e+00	0.00e+00
 5.12007e+22	1.29e-02	7.45e-01	2.39e-01	3.03e-03	7.19e-05	2.79e-07	0.00e+00	0.00e+00
 5.17113e+22	1.54e-02	7.81e-01	2.01e-01	2.15e-03	5.04e-05	1.63e-07	0.00e+00	0.00e+00
 5.22397e+22	1.81e-02	8.11e-01	1.70e-01	1.56e-03	3.63e-05	0.00e+00	0.00e+00	0.00e+00
 5.26571e+22	2.06e-02	8.31e-01	1.47e-01	1.20e-03	2.77e-05	0.00e+00	0.00e+00	0.00e+00
 5.30654e+22	2.39e-02	8.54e-01	1.22e-01	8.59e-04	1.94e-05	0.00e+00	0.00e+00	0.00e+00
 5.34928e+22	2.78e-02	8.72e-01	9.99e-02	6.14e-04	1.36e-05	0.00e+00	0.00e+00	0.00e+00
 5.38731e+22	3.20e-02	8.86e-01	8.18e-02	4.41e-04	9.52e-06	0.00e+00	0.00e+00	0.00e+00
 5.42956e+22	3.82e-02	8.99e-01	6.22e-02	2.87e-04	5.86e-06	0.00e+00	0.00e+00	0.00e+00
 5.47218e+22	4.55e-02	9.07e-01	4.69e-02	1.88e-04	3.59e-06	0.00e+00	0.00e+00	0.00e+00
 5.50623e+22	5.31e-02	9.11e-01	3.61e-02	1.31e-04	2.29e-06	0.00e+00	0.00e+00	0.00e+00
 5.53579e+22	6.18e-02	9.10e-01	2.78e-02	9.25e-05	1.46e-06	0.00e+00	0.00e+00	0.00e+00
 5.56369e+22	7.23e-02	9.07e-01	2.11e-02	6.57e-05	9.11e-07	0.00e+00	0.00e+00	0.00e+00
 5.58975e+22	8.47e-02	8.99e-01	1.59e-02	4.75e-05	5.65e-07	0.00e+00	0.00e+00	0.00e+00
 5.61353e+22	9.96e-02	8.88e-01	1.20e-02	3.50e-05	3.50e-07	0.00e+00	0.00e+00	0.00e+00
 5.63515e+22	1.17e-01	8.74e-01	9.04e-03	2.64e-05	2.20e-07	0.00e+00	0.00e+00	0.00e+00
 5.64860e+22	1.29e-01	8.63e-01	7.65e-03	2.25e-05	1.68e-07	0.00e+00	0.00e+00	0.00e+00
 5.65352e+22	1.34e-01	8.59e-01	7.17e-03	2.12e-05	1.51e-07	0.00e+00	0.00e+00	0.00e+00
 5.65745e+22	1.38e-01	8.55e-01	6.76e-03	2.01e-05	1.37e-07	0.00e+00	0.00e+00	0.00e+00
 5.66256e+22	1.45e-01	8.49e-01	6.26e-03	1.88e-05	0.00e+00	0.00e+00	0.00e+00	0.00e+00
 5.66856e+22	1.53e-01	8.41e-01	5.71e-03	1.74e-05	0.00e+00	0.00e+00	0.00e+00	0.00e+00
 5.67454e+22	1.61e-01	8.34e-01	5.23e-03	1.61e-05	0.00e+00	0.00e+00	0.00e+00	0.00e+00
 5.68038e+22	1.70e-01	8.25e-01	4.77e-03	1.49e-05	0.00e+00	0.00e+00	0.00e+00	0.00e+00
 5.68618e+22	1.78e-01	8.17e-01	4.36e-03	1.39e-05	0.00e+00	0.00e+00	0.00e+00	0.00e+00
 5.69217e+22	1.89e-01	8.07e-01	3.96e-03	1.28e-05	0.00e+00	0.00e+00	0.00e+00	0.00e+00
 5.69842e+22	2.00e-01	7.96e-01	3.57e-03	1.18e-05	0.00e+00	0.00e+00	0.00e+00	0.00e+00
 5.70439e+22	2.11e-01	7.85e-01	3.24e-03	1.10e-05	0.00e+00	0.00e+00	0.00e+00	0.00e+00
 5.71036e+22	2.24e-01	7.73e-01	2.93e-03	1.02e-05	0.00e+00	0.00e+00	0.00e+00	0.00e+00
 5.71667e+22	2.37e-01	7.60e-01	2.64e-03	9.41e-06	0.00e+00	0.00e+00	0.00e+00	0.00e+00
 5.72322e+22	2.52e-01	7.46e-01	2.36e-03	8.68e-06	0.00e+00	0.00e+00	0.00e+00	0.00e+00
 5.73001e+22	2.69e-01	7.29e-01	2.09e-03	7.99e-06	0.00e+00	0.00e+00	0.00e+00	0.00e+00
 5.73688e+22	2.86e-01	7.13e-01	1.86e-03	7.35e-06	0.00e+00	0.00e+00	0.00e+00	0.00e+00
 5.74398e+22	3.05e-01	6.94e-01	1.64e-03	6.74e-06	0.00e+00	0.00e+00	0.00e+00	0.00e+00
 5.75146e+22	3.26e-01	6.73e-01	1.43e-03	6.16e-06	0.00e+00	0.00e+00	0.00e+00	0.00e+00
 5.75894e+22	3.47e-01	6.52e-01	1.25e-03	5.64e-06	0.00e+00	0.00e+00	0.00e+00	0.00e+00
 5.76481e+22	3.63e-01	6.36e-01	1.13e-03	5.30e-06	0.00e+00	0.00e+00	0.00e+00	0.00e+00
 5.76872e+22	3.74e-01	6.25e-01	1.06e-03	5.08e-06	0.00e+00	0.00e+00	0.00e+00	0.00e+00
 5.77245e+22	3.85e-01	6.14e-01	9.87e-04	4.87e-06	0.00e+00	0.00e+00	0.00e+00	0.00e+00
 5.77679e+22	3.98e-01	6.01e-01	9.11e-04	4.63e-06	0.00e+00	0.00e+00	0.00e+00	0.00e+00
 5.78154e+22	4.13e-01	5.86e-01	8.34e-04	4.39e-06	0.00e+00	0.00e+00	0.00e+00	0.00e+00
 5.78617e+22	4.26e-01	5.73e-01	7.69e-04	4.18e-06	0.00e+00	0.00e+00	0.00e+00	0.00e+00
 5.79073e+22	4.40e-01	5.59e-01	7.07e-04	3.97e-06	0.00e+00	0.00e+00	0.00e+00	0.00e+00
 5.79544e+22	4.54e-01	5.45e-01	6.49e-04	3.78e-06	0.00e+00	0.00e+00	0.00e+00	0.00e+00
 5.80020e+22	4.69e-01	5.31e-01	5.95e-04	3.59e-06	0.00e+00	0.00e+00	0.00e+00	0.00e+00
 5.80502e+22	4.83e-01	5.16e-01	5.44e-04	3.41e-06	0.00e+00	0.00e+00	0.00e+00	0.00e+00
 5.80984e+22	4.97e-01	5.02e-01	5.00e-04	3.25e-06	0.00e+00	0.00e+00	0.00e+00	0.00e+00
 5.81481e+22	5.12e-01	4.88e-01	4.56e-04	3.09e-06	0.00e+00	0.00e+00	0.00e+00	0.00e+00
 5.82001e+22	5.27e-01	4.73e-01	4.15e-04	2.93e-06	0.00e+00	0.00e+00	0.00e+00	0.00e+00
 5.82520e+22	5.41e-01	4.58e-01	3.79e-04	2.78e-06	0.00e+00	0.00e+00	0.00e+00	0.00e+00
 5.83044e+22	5.56e-01	4.44e-01	3.45e-04	2.64e-06	0.00e+00	0.00e+00	0.00e+00	0.00e+00
 5.83588e+22	5.70e-01	4.29e-01	3.13e-04	2.51e-06	0.00e+00	0.00e+00	0.00e+00	0.00e+00
 5.84152e+22	5.86e-01	4.14e-01	2.84e-04	2.38e-06	0.00e+00	0.00e+00	0.00e+00	0.00e+00
 5.84724e+22	6.00e-01	4.00e-01	2.57e-04	2.25e-06	0.00e+00	0.00e+00	0.00e+00	0.00e+00
 5.85306e+22	6.15e-01	3.85e-01	2.32e-04	2.13e-06	0.00e+00	0.00e+00	0.00e+00	0.00e+00
 5.85910e+22	6.29e-01	3.71e-01	2.10e-04	2.02e-06	0.00e+00	0.00e+00	0.00e+00	0.00e+00
 5.86532e+22	6.44e-01	3.56e-01	1.89e-04	1.91e-06	0.00e+00	0.00e+00	0.00e+00	0.00e+00
 5.87168e+22	6.58e-01	3.42e-01	1.70e-04	1.81e-06	0.00e+00	0.00e+00	0.00e+00	0.00e+00
 5.87817e+22	6.72e-01	3.28e-01	1.53e-04	1.71e-06	0.00e+00	0.00e+00	0.00e+00	0.00e+00
 5.88487e+22	6.86e-01	3.14e-01	1.37e-04	1.61e-06	0.00e+00	0.00e+00	0.00e+00	0.00e+00
 5.89181e+22	7.00e-01	3.00e-01	1.23e-04	1.52e-06	0.00e+00	0.00e+00	0.00e+00	0.00e+00
 5.89895e+22	7.14e-01	2.86e-01	1.10e-04	1.43e-06	0.00e+00	0.00e+00	0.00e+00	0.00e+00
 5.90625e+22	7.27e-01	2.73e-01	9.84e-05	1.35e-06	0.00e+00	0.00e+00	0.00e+00	0.00e+00
 5.91375e+22	7.41e-01	2.59e-01	8.81e-05	1.27e-06	0.00e+00	0.00e+00	0.00e+00	0.00e+00
 5.92150e+22	7.54e-01	2.46e-01	7.88e-05	1.20e-06	0.00e+00	0.00e+00	0.00e+00	0.00e+00
 5.92945e+22	7.66e-01	2.34e-01	7.06e-05	1.13e-06	0.00e+00	0.00e+00	0.00e+00	0.00e+00
 5.93742e+22	7.78e-01	2.22e-01	6.34e-05	1.06e-06	0.00e+00	0.00e+00	0.00e+00	0.00e+00
 5.94553e+22	7.89e-01	2.11e-01	5.70e-05	1.00e-06	0.00e+00	0.00e+00	0.00e+00	0.00e+00
 5.95396e+22	8.01e-01	1.99e-01	5.13e-05	9.42e-07	0.00e+00	0.00e+00	0.00e+00	0.00e+00
 5.96238e+22	8.11e-01	1.89e-01	4.64e-05	8.88e-07	0.00e+00	0.00e+00	0.00e+00	0.00e+00
 5.97072e+22	8.22e-01	1.78e-01	4.21e-05	8.38e-07	0.00e+00	0.00e+00	0.00e+00	0.00e+00
 5.97941e+22	8.31e-01	1.68e-01	3.82e-05	7.90e-07	0.00e+00	0.00e+00	0.00e+00	0.00e+00
 5.98836e+22	8.41e-01	1.59e-01	3.48e-05	7.45e-07	0.00e+00	0.00e+00	0.00e+00	0.00e+00
 5.99730e+22	8.50e-01	1.50e-01	3.19e-05	7.03e-07	0.00e+00	0.00e+00	0.00e+00	0.00e+00
 6.00641e+22	8.59e-01	1.41e-01	2.93e-05	6.63e-07	0.00e+00	0.00e+00	0.00e+00	0.00e+00
 6.01581e+22	8.67e-01	1.33e-01	2.69e-05	6.25e-07	0.00e+00	0.00e+00	0.00e+00	0.00e+00
 6.02540e+22	8.75e-01	1.25e-01	2.48e-05	5.89e-07	0.00e+00	0.00e+00	0.00e+00	0.00e+00
 6.03509e+22	8.83e-01	1.17e-01	2.30e-05	5.56e-07	0.00e+00	0.00e+00	0.00e+00	0.00e+00
 6.04505e+22	8.90e-01	1.10e-01	2.13e-05	5.24e-07	0.00e+00	0.00e+00	0.00e+00	0.00e+00
 6.05526e+22	8.98e-01	1.02e-01	1.98e-05	4.94e-07	0.00e+00	0.00e+00	0.00e+00	0.00e+00
 6.06537e+22	9.04e-01	9.59e-02	1.86e-05	4.67e-07	0.00e+00	0.00e+00	0.00e+00	0.00e+00
 6.07501e+22	9.10e-01	8.99e-02	1.75e-05	4.43e-07	0.00e+00	0.00e+00	0.00e+00	0.00e+00
 6.08390e+22	9.15e-01	8.48e-02	1.67e-05	4.23e-07	0.00e+00	0.00e+00	0.00e+00	0.00e+00
 6.09215e+22	9.20e-01	8.01e-02	1.59e-05	4.06e-07	0.00e+00	0.00e+00	0.00e+00	0.00e+00
 6.09977e+22	9.24e-01	7.62e-02	1.54e-05	3.91e-07	0.00e+00	0.00e+00	0.00e+00	0.00e+00
 6.10712e+22	9.28e-01	7.25e-02	1.48e-05	3.76e-07	0.00e+00	0.00e+00	0.00e+00	0.00e+00
 6.11448e+22	9.31e-01	6.90e-02	1.43e-05	3.63e-07	0.00e+00	0.00e+00	0.00e+00	0.00e+00
 6.12172e+22	9.35e-01	6.55e-02	1.38e-05	3.50e-07	0.00e+00	0.00e+00	0.00e+00	0.00e+00
 6.12849e+22	9.37e-01	6.26e-02	1.34e-05	3.40e-07	0.00e+00	0.00e+00	0.00e+00	0.00e+00
 6.13480e+22	9.40e-01	6.00e-02	1.31e-05	3.30e-07	0.00e+00	0.00e+00	0.00e+00	0.00e+00
 6.14115e+22	9.43e-01	5.73e-02	1.28e-05	3.21e-07	0.00e+00	0.00e+00	0.00e+00	0.00e+00
 6.14727e+22	9.45e-01	5.50e-02	1.25e-05	3.13e-07	0.00e+00	0.00e+00	0.00e+00	0.00e+00
 6.15305e+22	9.47e-01	5.29e-02	1.22e-05	3.06e-07	0.00e+00	0.00e+00	0.00e+00	0.00e+00
 6.15879e+22	9.49e-01	5.09e-02	1.20e-05	2.99e-07	0.00e+00	0.00e+00	0.00e+00	0.00e+00
 6.16429e+22	9.51e-01	4.91e-02	1.17e-05	2.94e-07	0.00e+00	0.00e+00	0.00e+00	0.00e+00
 6.16946e+22	9.52e-01	4.75e-02	1.16e-05	2.89e-07	0.00e+00	0.00e+00	0.00e+00	0.00e+00
 6.17452e+22	9.54e-01	4.60e-02	1.14e-05	2.84e-07	0.00e+00	0.00e+00	0.00e+00	0.00e+00
 6.17946e+22	9.55e-01	4.46e-02	1.12e-05	2.80e-07	0.00e+00	0.00e+00	0.00e+00	0.00e+00
 6.18409e+22	9.57e-01	4.34e-02	1.11e-05	2.78e-07	0.00e+00	0.00e+00	0.00e+00	0.00e+00
 6.18832e+22	9.58e-01	4.23e-02	1.09e-05	2.75e-07	0.00e+00	0.00e+00	0.00e+00	0.00e+00
 6.19216e+22	9.59e-01	4.15e-02	1.08e-05	2.74e-07	0.00e+00	0.00e+00	0.00e+00	0.00e+00
 6.19565e+22	9.59e-01	4.07e-02	1.07e-05	2.73e-07	0.00e+00	0.00e+00	0.00e+00	0.00e+00
 6.19883e+22	9.60e-01	4.00e-02	1.06e-05	2.72e-07	0.00e+00	0.00e+00	0.00e+00	0.00e+00
 6.20173e+22	9.61e-01	3.95e-02	1.06e-05	2.71e-07	0.00e+00	0.00e+00	0.00e+00	0.00e+00
 6.20436e+22	9.61e-01	3.90e-02	1.05e-05	2.71e-07	0.00e+00	0.00e+00	0.00e+00	0.00e+00
 6.20725e+22	9.62e-01	3.84e-02	1.04e-05	2.71e-07	0.00e+00	0.00e+00	0.00e+00	0.00e+00
 6.21036e+22	9.62e-01	3.79e-02	1.03e-05	2.71e-07	0.00e+00	0.00e+00	0.00e+00	0.00e+00
 6.21320e+22	9.63e-01	3.74e-02	1.03e-05	2.71e-07	0.00e+00	0.00e+00	0.00e+00	0.00e+00
 6.21578e+22	9.63e-01	3.70e-02	1.02e-05	2.72e-07	0.00e+00	0.00e+00	0.00e+00	0.00e+00
 6.21813e+22	9.63e-01	3.67e-02	1.02e-05	2.72e-07	0.00e+00	0.00e+00	0.00e+00	0.00e+00
 6.22070e+22	9.64e-01	3.63e-02	1.01e-05	2.72e-07	0.00e+00	0.00e+00	0.00e+00	0.00e+00
 6.22405e+22	9.64e-01	3.58e-02	1.00e-05	2.73e-07	0.00e+00	0.00e+00	0.00e+00	0.00e+00
 6.22766e+22	9.65e-01	3.53e-02	9.96e-06	2.73e-07	0.00e+00	0.00e+00	0.00e+00	0.00e+00
 6.23095e+22	9.65e-01	3.49e-02	9.90e-06	2.74e-07	0.00e+00	0.00e+00	0.00e+00	0.00e+00
 6.23394e+22	9.65e-01	3.46e-02	9.84e-06	2.75e-07	0.00e+00	0.00e+00	0.00e+00	0.00e+00
 6.23666e+22	9.66e-01	3.43e-02	9.79e-06	2.76e-07	0.00e+00	0.00e+00	0.00e+00	0.00e+00
 6.23913e+22	9.66e-01	3.41e-02	9.75e-06	2.76e-07	0.00e+00	0.00e+00	0.00e+00	0.00e+00
 6.24185e+22	9.66e-01	3.38e-02	9.69e-06	2.76e-07	0.00e+00	0.00e+00	0.00e+00	0.00e+00
 6.24478e+22	9.66e-01	3.36e-02	9.64e-06	2.77e-07	0.00e+00	0.00e+00	0.00e+00	0.00e+00
 6.24799e+22	9.67e-01	3.32e-02	9.57e-06	2.77e-07	0.00e+00	0.00e+00	0.00e+00	0.00e+00
 6.25145e+22	9.67e-01	3.29e-02	9.51e-06	2.78e-07	0.00e+00	0.00e+00	0.00e+00	0.00e+00
 6.25461e+22	9.67e-01	3.27e-02	9.46e-06	2.79e-07	0.00e+00	0.00e+00	0.00e+00	0.00e+00
 6.25748e+22	9.68e-01	3.25e-02	9.42e-06	2.80e-07	0.00e+00	0.00e+00	0.00e+00	0.00e+00
 6.26009e+22	9.68e-01	3.23e-02	9.38e-06	2.81e-07	0.00e+00	0.00e+00	0.00e+00	0.00e+00
 6.26295e+22	9.68e-01	3.20e-02	9.32e-06	2.81e-07	0.00e+00	0.00e+00	0.00e+00	0.00e+00
 6.26667e+22	9.68e-01	3.17e-02	9.25e-06	2.82e-07	0.00e+00	0.00e+00	0.00e+00	0.00e+00
 6.27069e+22	9.69e-01	3.14e-02	9.19e-06	2.83e-07	0.00e+00	0.00e+00	0.00e+00	0.00e+00
 6.27434e+22	9.69e-01	3.12e-02	9.13e-06	2.84e-07	0.00e+00	0.00e+00	0.00e+00	0.00e+00
 6.27767e+22	9.69e-01	3.09e-02	9.10e-06	2.86e-07	0.00e+00	0.00e+00	0.00e+00	0.00e+00
 6.28070e+22	9.69e-01	3.08e-02	9.08e-06	2.87e-07	0.00e+00	0.00e+00	0.00e+00	0.00e+00
 6.28345e+22	9.69e-01	3.06e-02	9.06e-06	2.89e-07	0.00e+00	0.00e+00	0.00e+00	0.00e+00
 6.28596e+22	9.69e-01	3.05e-02	9.06e-06	2.92e-07	0.00e+00	0.00e+00	0.00e+00	0.00e+00
 6.28824e+22	9.70e-01	3.04e-02	9.04e-06	2.93e-07	0.00e+00	0.00e+00	0.00e+00	0.00e+00
 6.29074e+22	9.70e-01	3.03e-02	9.02e-06	2.94e-07	0.00e+00	0.00e+00	0.00e+00	0.00e+00
 6.29399e+22	9.70e-01	3.01e-02	8.99e-06	2.96e-07	0.00e+00	0.00e+00	0.00e+00	0.00e+00
 6.29750e+22	9.70e-01	2.99e-02	8.97e-06	2.98e-07	0.00e+00	0.00e+00	0.00e+00	0.00e+00
 6.30069e+22	9.70e-01	2.97e-02	8.95e-06	2.99e-07	0.00e+00	0.00e+00	0.00e+00	0.00e+00
 6.30359e+22	9.70e-01	2.96e-02	8.94e-06	3.02e-07	0.00e+00	0.00e+00	0.00e+00	0.00e+00
 6.30624e+22	9.71e-01	2.94e-02	8.92e-06	3.03e-07	0.00e+00	0.00e+00	0.00e+00	0.00e+00
 6.30913e+22	9.71e-01	2.93e-02	8.89e-06	3.04e-07	0.00e+00	0.00e+00	0.00e+00	0.00e+00
 6.31226e+22	9.71e-01	2.91e-02	8.87e-06	3.06e-07	0.00e+00	0.00e+00	0.00e+00	0.00e+00
 6.31511e+22	9.71e-01	2.90e-02	8.86e-06	3.08e-07	0.00e+00	0.00e+00	0.00e+00	0.00e+00
 6.31770e+22	9.71e-01	2.89e-02	8.85e-06	3.11e-07	0.00e+00	0.00e+00	0.00e+00	0.00e+00
 6.32005e+22	9.71e-01	2.87e-02	8.83e-06	3.11e-07	0.00e+00	0.00e+00	0.00e+00	0.00e+00
 6.32263e+22	9.71e-01	2.86e-02	8.81e-06	3.13e-07	0.00e+00	0.00e+00	0.00e+00	0.00e+00
 6.32542e+22	9.72e-01	2.85e-02	8.79e-06	3.13e-07	0.00e+00	0.00e+00	0.00e+00	0.00e+00
 6.32848e+22	9.72e-01	2.83e-02	8.77e-06	3.15e-07	0.00e+00	0.00e+00	0.00e+00	0.00e+00
 6.33177e+22	9.72e-01	2.81e-02	8.74e-06	3.15e-07	0.00e+00	0.00e+00	0.00e+00	0.00e+00
 6.33478e+22	9.72e-01	2.79e-02	8.72e-06	3.15e-07	0.00e+00	0.00e+00	0.00e+00	0.00e+00
 6.33806e+22	9.72e-01	2.77e-02	8.69e-06	3.16e-07	0.00e+00	0.00e+00	0.00e+00	0.00e+00
 6.34161e+22	9.72e-01	2.75e-02	8.66e-06	3.17e-07	0.00e+00	0.00e+00	0.00e+00	0.00e+00
 6.34551e+22	9.73e-01	2.73e-02	8.63e-06	3.17e-07	0.00e+00	0.00e+00	0.00e+00	0.00e+00
 6.34971e+22	9.73e-01	2.70e-02	8.59e-06	3.17e-07	0.00e+00	0.00e+00	0.00e+00	0.00e+00
 6.35353e+22	9.73e-01	2.68e-02	8.56e-06	3.17e-07	0.00e+00	0.00e+00	0.00e+00	0.00e+00
 6.35701e+22	9.73e-01	2.67e-02	8.54e-06	3.19e-07	0.00e+00	0.00e+00	0.00e+00	0.00e+00
 6.36017e+22	9.73e-01	2.65e-02	8.52e-06	3.19e-07	0.00e+00	0.00e+00	0.00e+00	0.00e+00
 6.36364e+22	9.74e-01	2.63e-02	8.48e-06	3.19e-07	0.00e+00	0.00e+00	0.00e+00	0.00e+00
 6.36815e+22	9.74e-01	2.61e-02	8.45e-06	3.19e-07	0.00e+00	0.00e+00	0.00e+00	0.00e+00
 6.37302e+22	9.74e-01	2.58e-02	8.41e-06	3.19e-07	0.00e+00	0.00e+00	0.00e+00	0.00e+00
 6.37744e+22	9.74e-01	2.55e-02	8.38e-06	3.19e-07	0.00e+00	0.00e+00	0.00e+00	0.00e+00
 6.38148e+22	9.75e-01	2.53e-02	8.34e-06	3.19e-07	0.00e+00	0.00e+00	0.00e+00	0.00e+00
 6.38514e+22	9.75e-01	2.52e-02	8.32e-06	3.19e-07	0.00e+00	0.00e+00	0.00e+00	0.00e+00
 6.38916e+22	9.75e-01	2.50e-02	8.29e-06	3.20e-07	0.00e+00	0.00e+00	0.00e+00	0.00e+00
 6.39350e+22	9.75e-01	2.48e-02	8.25e-06	3.20e-07	0.00e+00	0.00e+00	0.00e+00	0.00e+00
 6.39745e+22	9.75e-01	2.46e-02	8.23e-06	3.21e-07	0.00e+00	0.00e+00	0.00e+00	0.00e+00
 6.40104e+22	9.76e-01	2.44e-02	8.20e-06	3.19e-07	0.00e+00	0.00e+00	0.00e+00	0.00e+00
 6.40498e+22	9.76e-01	2.42e-02	8.17e-06	3.19e-07	0.00e+00	0.00e+00	0.00e+00	0.00e+00
 6.40923e+22	9.76e-01	2.40e-02	8.13e-06	3.19e-07	0.00e+00	0.00e+00	0.00e+00	0.00e+00
 6.41310e+22	9.76e-01	2.38e-02	8.10e-06	3.18e-07	0.00e+00	0.00e+00	0.00e+00	0.00e+00
 6.41734e+22	9.76e-01	2.36e-02	8.07e-06	3.18e-07	0.00e+00	0.00e+00	0.00e+00	0.00e+00
 6.42192e+22	9.77e-01	2.33e-02	8.04e-06	3.17e-07	0.00e+00	0.00e+00	0.00e+00	0.00e+00
 6.42608e+22	9.77e-01	2.32e-02	8.01e-06	3.18e-07	0.00e+00	0.00e+00	0.00e+00	0.00e+00
 6.42987e+22	9.77e-01	2.30e-02	7.98e-06	3.16e-07	0.00e+00	0.00e+00	0.00e+00	0.00e+00
 6.43402e+22	9.77e-01	2.28e-02	7.94e-06	3.15e-07	0.00e+00	0.00e+00	0.00e+00	0.00e+00
 6.43851e+22	9.77e-01	2.26e-02	7.91e-06	3.14e-07	0.00e+00	0.00e+00	0.00e+00	0.00e+00
 6.44259e+22	9.78e-01	2.24e-02	7.87e-06	3.13e-07	0.00e+00	0.00e+00	0.00e+00	0.00e+00
 6.44706e+22	9.78e-01	2.21e-02	7.84e-06	3.12e-07	0.00e+00	0.00e+00	0.00e+00	0.00e+00
 6.45188e+22	9.78e-01	2.19e-02	7.80e-06	3.11e-07	0.00e+00	0.00e+00	0.00e+00	0.00e+00
 6.45627e+22	9.78e-01	2.17e-02	7.77e-06	3.10e-07	0.00e+00	0.00e+00	0.00e+00	0.00e+00
 6.46109e+22	9.79e-01	2.15e-02	7.73e-06	3.09e-07	0.00e+00	0.00e+00	0.00e+00	0.00e+00
 6.46628e+22	9.79e-01	2.12e-02	7.69e-06	3.07e-07	0.00e+00	0.00e+00	0.00e+00	0.00e+00
 6.47101e+22	9.79e-01	2.10e-02	7.65e-06	3.05e-07	0.00e+00	0.00e+00	0.00e+00	0.00e+00
 6.47619e+22	9.79e-01	2.07e-02	7.61e-06	3.03e-07	0.00e+00	0.00e+00	0.00e+00	0.00e+00
 6.48178e+22	9.80e-01	2.05e-02	7.57e-06	3.01e-07	0.00e+00	0.00e+00	0.00e+00	0.00e+00
 6.48687e+22	9.80e-01	2.03e-02	7.53e-06	3.00e-07	0.00e+00	0.00e+00	0.00e+00	0.00e+00
 6.49151e+22	9.80e-01	2.01e-02	7.50e-06	2.99e-07	0.00e+00	0.00e+00	0.00e+00	0.00e+00
 6.49658e+22	9.80e-01	1.99e-02	7.45e-06	2.97e-07	0.00e+00	0.00e+00	0.00e+00	0.00e+00
 6.50206e+22	9.80e-01	1.96e-02	7.41e-06	2.94e-07	0.00e+00	0.00e+00	0.00e+00	0.00e+00
 6.50705e+22	9.81e-01	1.94e-02	7.37e-06	2.93e-07	0.00e+00	0.00e+00	0.00e+00	0.00e+00
 6.51158e+22	9.81e-01	1.92e-02	7.34e-06	2.91e-07	0.00e+00	0.00e+00	0.00e+00	0.00e+00
 6.51656e+22	9.81e-01	1.90e-02	7.30e-06	2.89e-07	0.00e+00	0.00e+00	0.00e+00	0.00e+00
 6.52192e+22	9.81e-01	1.88e-02	7.26e-06	2.87e-07	0.00e+00	0.00e+00	0.00e+00	0.00e+00
 6.52681e+22	9.81e-01	1.86e-02	7.22e-06	2.85e-07	0.00e+00	0.00e+00	0.00e+00	0.00e+00
 6.53216e+22	9.82e-01	1.83e-02	7.18e-06	2.82e-07	0.00e+00	0.00e+00	0.00e+00	0.00e+00
 6.53794e+22	9.82e-01	1.81e-02	7.14e-06	2.80e-07	0.00e+00	0.00e+00	0.00e+00	0.00e+00
 6.54320e+22	9.82e-01	1.79e-02	7.10e-06	2.77e-07	0.00e+00	0.00e+00	0.00e+00	0.00e+00
 6.54896e+22	9.82e-01	1.77e-02	7.05e-06	2.74e-07	0.00e+00	0.00e+00	0.00e+00	0.00e+00
 6.55518e+22	9.83e-01	1.74e-02	7.00e-06	2.72e-07	0.00e+00	0.00e+00	0.00e+00	0.00e+00
 6.56084e+22	9.83e-01	1.72e-02	6.96e-06	2.69e-07	0.00e+00	0.00e+00	0.00e+00	0.00e+00
 6.56705e+22	9.83e-01	1.69e-02	6.91e-06	2.66e-07	0.00e+00	0.00e+00	0.00e+00	0.00e+00
 6.57374e+22	9.83e-01	1.67e-02	6.86e-06	2.63e-07	0.00e+00	0.00e+00	0.00e+00	0.00e+00
 6.57984e+22	9.84e-01	1.65e-02	6.82e-06	2.60e-07	0.00e+00	0.00e+00	0.00e+00	0.00e+00
 6.58651e+22	9.84e-01	1.62e-02	6.76e-06	2.57e-07	0.00e+00	0.00e+00	0.00e+00	0.00e+00
 6.59372e+22	9.84e-01	1.59e-02	6.71e-06	2.53e-07	0.00e+00	0.00e+00	0.00e+00	0.00e+00
 6.60028e+22	9.84e-01	1.57e-02	6.66e-06	2.50e-07	0.00e+00	0.00e+00	0.00e+00	0.00e+00
 6.60625e+22	9.84e-01	1.55e-02	6.62e-06	2.48e-07	0.00e+00	0.00e+00	0.00e+00	0.00e+00
 6.61280e+22	9.85e-01	1.53e-02	6.57e-06	2.44e-07	0.00e+00	0.00e+00	0.00e+00	0.00e+00
 6.61986e+22	9.85e-01	1.50e-02	6.52e-06	2.41e-07	0.00e+00	0.00e+00	0.00e+00	0.00e+00
 6.62629e+22	9.85e-01	1.48e-02	6.47e-06	2.38e-07	0.00e+00	0.00e+00	0.00e+00	0.00e+00
 6.63333e+22	9.85e-01	1.46e-02	6.42e-06	2.34e-07	0.00e+00	0.00e+00	0.00e+00	0.00e+00
 6.64093e+22	9.86e-01	1.43e-02	6.37e-06	2.31e-07	0.00e+00	0.00e+00	0.00e+00	0.00e+00
 6.64785e+22	9.86e-01	1.41e-02	6.32e-06	2.28e-07	0.00e+00	0.00e+00	0.00e+00	0.00e+00
 6.65543e+22	9.86e-01	1.38e-02	6.25e-06	2.23e-07	0.00e+00	0.00e+00	0.00e+00	0.00e+00
 6.66362e+22	9.86e-01	1.36e-02	6.20e-06	2.20e-07	0.00e+00	0.00e+00	0.00e+00	0.00e+00
 6.67106e+22	9.87e-01	1.34e-02	6.15e-06	2.16e-07	0.00e+00	0.00e+00	0.00e+00	0.00e+00
 6.67923e+22	9.87e-01	1.31e-02	6.08e-06	2.12e-07	0.00e+00	0.00e+00	0.00e+00	0.00e+00
 6.68804e+22	9.87e-01	1.29e-02	6.02e-06	2.08e-07	0.00e+00	0.00e+00	0.00e+00	0.00e+00
 6.69606e+22	9.87e-01	1.27e-02	5.97e-06	2.04e-07	0.00e+00	0.00e+00	0.00e+00	0.00e+00
 6.70335e+22	9.88e-01	1.25e-02	5.92e-06	2.01e-07	0.00e+00	0.00e+00	0.00e+00	0.00e+00
 6.71135e+22	9.88e-01	1.22e-02	5.86e-06	1.97e-07	0.00e+00	0.00e+00	0.00e+00	0.00e+00
 6.71998e+22	9.88e-01	1.20e-02	5.80e-06	1.93e-07	0.00e+00	0.00e+00	0.00e+00	0.00e+00
 6.72784e+22	9.88e-01	1.18e-02	5.75e-06	1.90e-07	0.00e+00	0.00e+00	0.00e+00	0.00e+00
 6.73644e+22	9.88e-01	1.16e-02	5.69e-06	1.86e-07	0.00e+00	0.00e+00	0.00e+00	0.00e+00
 6.74762e+22	9.89e-01	1.12e-02	5.60e-06	1.79e-07	0.00e+00	0.00e+00	0.00e+00	0.00e+00
 6.76021e+22	9.89e-01	1.09e-02	5.52e-06	1.74e-07	0.00e+00	0.00e+00	0.00e+00	0.00e+00
 6.77256e+22	9.89e-01	1.06e-02	5.44e-06	1.69e-07	0.00e+00	0.00e+00	0.00e+00	0.00e+00
 6.78485e+22	9.90e-01	1.03e-02	5.36e-06	1.64e-07	0.00e+00	0.00e+00	0.00e+00	0.00e+00
 6.79743e+22	9.90e-01	1.00e-02	5.28e-06	1.59e-07	0.00e+00	0.00e+00	0.00e+00	0.00e+00
 6.81025e+22	9.90e-01	9.77e-03	5.20e-06	1.55e-07	0.00e+00	0.00e+00	0.00e+00	0.00e+00
 6.82321e+22	9.90e-01	9.50e-03	5.13e-06	1.50e-07	0.00e+00	0.00e+00	0.00e+00	0.00e+00
 6.83632e+22	9.91e-01	9.24e-03	5.05e-06	1.45e-07	0.00e+00	0.00e+00	0.00e+00	0.00e+00
 6.84960e+22	9.91e-01	8.98e-03	4.97e-06	1.40e-07	0.00e+00	0.00e+00	0.00e+00	0.00e+00
 6.86304e+22	9.91e-01	8.73e-03	4.89e-06	1.36e-07	0.00e+00	0.00e+00	0.00e+00	0.00e+00
 6.87664e+22	9.92e-01	8.48e-03	4.81e-06	1.31e-07	0.00e+00	0.00e+00	0.00e+00	0.00e+00
 6.89040e+22	9.92e-01	8.24e-03	4.73e-06	1.27e-07	0.00e+00	0.00e+00	0.00e+00	0.00e+00
 6.90429e+22	9.92e-01	8.00e-03	4.65e-06	0.00e+00	0.00e+00	0.00e+00	0.00e+00	0.00e+00
 6.91835e+22	9.92e-01	7.77e-03	4.57e-06	0.00e+00	0.00e+00	0.00e+00	0.00e+00	0.00e+00
 6.93255e+22	9.92e-01	7.55e-03	4.50e-06	0.00e+00	0.00e+00	0.00e+00	0.00e+00	0.00e+00
 6.94687e+22	9.93e-01	7.33e-03	4.42e-06	0.00e+00	0.00e+00	0.00e+00	0.00e+00	0.00e+00
 6.96132e+22	9.93e-01	7.12e-03	4.34e-06	0.00e+00	0.00e+00	0.00e+00	0.00e+00	0.00e+00
 6.97589e+22	9.93e-01	6.91e-03	4.27e-06	0.00e+00	0.00e+00	0.00e+00	0.00e+00	0.00e+00
 6.99060e+22	9.93e-01	6.71e-03	4.19e-06	0.00e+00	0.00e+00	0.00e+00	0.00e+00	0.00e+00
 7.00547e+22	9.93e-01	6.51e-03	4.12e-06	0.00e+00	0.00e+00	0.00e+00	0.00e+00	0.00e+00
 7.02046e+22	9.94e-01	6.32e-03	4.04e-06	0.00e+00	0.00e+00	0.00e+00	0.00e+00	0.00e+00
 7.03558e+22	9.94e-01	6.13e-03	3.97e-06	0.00e+00	0.00e+00	0.00e+00	0.00e+00	0.00e+00
 7.05083e+22	9.94e-01	5.95e-03	3.89e-06	0.00e+00	0.00e+00	0.00e+00	0.00e+00	0.00e+00
 7.06622e+22	9.94e-01	5.77e-03	3.82e-06	0.00e+00	0.00e+00	0.00e+00	0.00e+00	0.00e+00
 7.08187e+22	9.94e-01	5.60e-03	3.75e-06	0.00e+00	0.00e+00	0.00e+00	0.00e+00	0.00e+00
 7.09791e+22	9.95e-01	5.42e-03	3.67e-06	0.00e+00	0.00e+00	0.00e+00	0.00e+00	0.00e+00
 7.11420e+22	9.95e-01	5.26e-03	3.60e-06	0.00e+00	0.00e+00	0.00e+00	0.00e+00	0.00e+00
 7.13066e+22	9.95e-01	5.09e-03	3.52e-06	0.00e+00	0.00e+00	0.00e+00	0.00e+00	0.00e+00
 7.14731e+22	9.95e-01	4.93e-03	3.45e-06	0.00e+00	0.00e+00	0.00e+00	0.00e+00	0.00e+00
 7.16413e+22	9.95e-01	4.78e-03	3.38e-06	0.00e+00	0.00e+00	0.00e+00	0.00e+00	0.00e+00
 7.18115e+22	9.95e-01	4.63e-03	3.31e-06	0.00e+00	0.00e+00	0.00e+00	0.00e+00	0.00e+00
 7.19838e+22	9.96e-01	4.48e-03	3.24e-06	0.00e+00	0.00e+00	0.00e+00	0.00e+00	0.00e+00
 7.21588e+22	9.96e-01	4.34e-03	3.16e-06	0.00e+00	0.00e+00	0.00e+00	0.00e+00	0.00e+00
 7.23368e+22	9.96e-01	4.20e-03	3.09e-06	0.00e+00	0.00e+00	0.00e+00	0.00e+00	0.00e+00
 7.25189e+22	9.96e-01	4.06e-03	3.02e-06	0.00e+00	0.00e+00	0.00e+00	0.00e+00	0.00e+00
 7.27057e+22	9.96e-01	3.92e-03	2.95e-06	0.00e+00	0.00e+00	0.00e+00	0.00e+00	0.00e+00
 7.28962e+22	9.96e-01	3.79e-03	2.87e-06	0.00e+00	0.00e+00	0.00e+00	0.00e+00	0.00e+00
 7.30897e+22	9.96e-01	3.66e-03	2.80e-06	0.00e+00	0.00e+00	0.00e+00	0.00e+00	0.00e+00
 7.32866e+22	9.96e-01	3.53e-03	2.73e-06	0.00e+00	0.00e+00	0.00e+00	0.00e+00	0.00e+00
 7.34870e+22	9.97e-01	3.41e-03	2.66e-06	0.00e+00	0.00e+00	0.00e+00	0.00e+00	0.00e+00
 7.36912e+22	9.97e-01	3.28e-03	2.58e-06	0.00e+00	0.00e+00	0.00e+00	0.00e+00	0.00e+00
 7.38993e+22	9.97e-01	3.17e-03	2.51e-06	0.00e+00	0.00e+00	0.00e+00	0.00e+00	0.00e+00
 7.41125e+22	9.97e-01	3.05e-03	2.44e-06	0.00e+00	0.00e+00	0.00e+00	0.00e+00	0.00e+00
 7.43311e+22	9.97e-01	2.93e-03	2.37e-06	0.00e+00	0.00e+00	0.00e+00	0.00e+00	0.00e+00
 7.45541e+22	9.97e-01	2.82e-03	2.30e-06	0.00e+00	0.00e+00	0.00e+00	0.00e+00	0.00e+00
 7.47823e+22	9.97e-01	2.71e-03	2.22e-06	0.00e+00	0.00e+00	0.00e+00	0.00e+00	0.00e+00
 7.50159e+22	9.97e-01	2.61e-03	2.15e-06	0.00e+00	0.00e+00	0.00e+00	0.00e+00	0.00e+00
 7.52550e+22	9.97e-01	2.50e-03	2.08e-06	0.00e+00	0.00e+00	0.00e+00	0.00e+00	0.00e+00
 7.54985e+22	9.98e-01	2.40e-03	2.01e-06	0.00e+00	0.00e+00	0.00e+00	0.00e+00	0.00e+00
 7.57441e+22	9.98e-01	2.30e-03	1.94e-06	0.00e+00	0.00e+00	0.00e+00	0.00e+00	0.00e+00
 7.59921e+22	9.98e-01	2.21e-03	1.87e-06	0.00e+00	0.00e+00	0.00e+00	0.00e+00	0.00e+00
 7.62429e+22	9.98e-01	2.12e-03	1.81e-06	0.00e+00	0.00e+00	0.00e+00	0.00e+00	0.00e+00
 7.64963e+22	9.98e-01	2.03e-03	1.74e-06	0.00e+00	0.00e+00	0.00e+00	0.00e+00	0.00e+00
 7.67520e+22	9.98e-01	1.95e-03	1.68e-06	0.00e+00	0.00e+00	0.00e+00	0.00e+00	0.00e+00
 7.70103e+22	9.98e-01	1.86e-03	1.61e-06	0.00e+00	0.00e+00	0.00e+00	0.00e+00	0.00e+00
 7.72711e+22	9.98e-01	1.79e-03	1.55e-06	0.00e+00	0.00e+00	0.00e+00	0.00e+00	0.00e+00
 7.75347e+22	9.98e-01	1.71e-03	1.49e-06	0.00e+00	0.00e+00	0.00e+00	0.00e+00	0.00e+00
 7.78013e+22	9.98e-01	1.63e-03	1.43e-06	0.00e+00	0.00e+00	0.00e+00	0.00e+00	0.00e+00
 7.80707e+22	9.98e-01	1.56e-03	1.37e-06	0.00e+00	0.00e+00	0.00e+00	0.00e+00	0.00e+00
 7.83422e+22	9.99e-01	1.50e-03	1.32e-06	0.00e+00	0.00e+00	0.00e+00	0.00e+00	0.00e+00
 7.86163e+22	9.99e-01	1.43e-03	1.26e-06	0.00e+00	0.00e+00	0.00e+00	0.00e+00	0.00e+00
 7.88934e+22	9.99e-01	1.36e-03	1.21e-06	0.00e+00	0.00e+00	0.00e+00	0.00e+00	0.00e+00
 7.91735e+22	9.99e-01	1.30e-03	1.15e-06	0.00e+00	0.00e+00	0.00e+00	0.00e+00	0.00e+00
 7.94576e+22	9.99e-01	1.24e-03	1.10e-06	0.00e+00	0.00e+00	0.00e+00	0.00e+00	0.00e+00
 7.97449e+22	9.99e-01	1.18e-03	1.05e-06	0.00e+00	0.00e+00	0.00e+00	0.00e+00	0.00e+00
 8.00355e+22	9.99e-01	1.13e-03	1.00e-06	0.00e+00	0.00e+00	0.00e+00	0.00e+00	0.00e+00
 8.03294e+22	9.99e-01	1.07e-03	9.56e-07	0.00e+00	0.00e+00	0.00e+00	0.00e+00	0.00e+00
 8.06232e+22	9.99e-01	1.02e-03	9.11e-07	0.00e+00	0.00e+00	0.00e+00	0.00e+00	0.00e+00
 8.09066e+22	9.99e-01	9.75e-04	8.69e-07	0.00e+00	0.00e+00	0.00e+00	0.00e+00	0.00e+00
 8.11711e+22	9.99e-01	9.35e-04	8.32e-07	0.00e+00	0.00e+00	0.00e+00	0.00e+00	0.00e+00
 8.14170e+22	9.99e-01	8.99e-04	7.99e-07	0.00e+00	0.00e+00	0.00e+00	0.00e+00	0.00e+00
 8.16490e+22	9.99e-01	8.66e-04	7.68e-07	0.00e+00	0.00e+00	0.00e+00	0.00e+00	0.00e+00
 8.18708e+22	9.99e-01	8.34e-04	7.39e-07	0.00e+00	0.00e+00	0.00e+00	0.00e+00	0.00e+00
 8.20829e+22	9.99e-01	8.06e-04	7.13e-07	0.00e+00	0.00e+00	0.00e+00	0.00e+00	0.00e+00
 8.22845e+22	9.99e-01	7.80e-04	6.88e-07	0.00e+00	0.00e+00	0.00e+00	0.00e+00	0.00e+00
 8.24751e+22	9.99e-01	7.56e-04	6.66e-07	0.00e+00	0.00e+00	0.00e+00	0.00e+00	0.00e+00
 8.26556e+22	9.99e-01	7.33e-04	6.45e-07	0.00e+00	0.00e+00	0.00e+00	0.00e+00	0.00e+00
 8.28274e+22	9.99e-01	7.12e-04	6.25e-07	0.00e+00	0.00e+00	0.00e+00	0.00e+00	0.00e+00
 8.29914e+22	9.99e-01	6.93e-04	6.07e-07	0.00e+00	0.00e+00	0.00e+00	0.00e+00	0.00e+00
 8.31464e+22	9.99e-01	6.76e-04	5.91e-07	0.00e+00	0.00e+00	0.00e+00	0.00e+00	0.00e+00
 8.32928e+22	9.99e-01	6.60e-04	5.75e-07	0.00e+00	0.00e+00	0.00e+00	0.00e+00	0.00e+00
 8.34333e+22	9.99e-01	6.44e-04	5.61e-07	0.00e+00	0.00e+00	0.00e+00	0.00e+00	0.00e+00
 8.35692e+22	9.99e-01	6.29e-04	5.47e-07	0.00e+00	0.00e+00	0.00e+00	0.00e+00	0.00e+00
 8.37000e+22	9.99e-01	6.15e-04	5.34e-07	0.00e+00	0.00e+00	0.00e+00	0.00e+00	0.00e+00
 8.38247e+22	9.99e-01	6.02e-04	5.22e-07	0.00e+00	0.00e+00	0.00e+00	0.00e+00	0.00e+00
 8.39436e+22	9.99e-01	5.90e-04	5.10e-07	0.00e+00	0.00e+00	0.00e+00	0.00e+00	0.00e+00
 8.40576e+22	9.99e-01	5.78e-04	4.99e-07	0.00e+00	0.00e+00	0.00e+00	0.00e+00	0.00e+00
 8.41675e+22	9.99e-01	5.67e-04	4.89e-07	0.00e+00	0.00e+00	0.00e+00	0.00e+00	0.00e+00
 8.42741e+22	9.99e-01	5.56e-04	4.79e-07	0.00e+00	0.00e+00	0.00e+00	0.00e+00	0.00e+00
 8.43776e+22	9.99e-01	5.46e-04	4.70e-07	0.00e+00	0.00e+00	0.00e+00	0.00e+00	0.00e+00
 8.44781e+22	9.99e-01	5.36e-04	4.61e-07	0.00e+00	0.00e+00	0.00e+00	0.00e+00	0.00e+00
 8.45751e+22	9.99e-01	5.27e-04	4.52e-07	0.00e+00	0.00e+00	0.00e+00	0.00e+00	0.00e+00
 8.46691e+22	9.99e-01	5.18e-04	4.44e-07	0.00e+00	0.00e+00	0.00e+00	0.00e+00	0.00e+00
 8.47608e+22	9.99e-01	5.10e-04	4.36e-07	0.00e+00	0.00e+00	0.00e+00	0.00e+00	0.00e+00
 8.48510e+22	9.99e-01	5.01e-04	4.29e-07	0.00e+00	0.00e+00	0.00e+00	0.00e+00	0.00e+00
 8.49402e+22	1.00e+00	4.93e-04	4.21e-07	0.00e+00	0.00e+00	0.00e+00	0.00e+00	0.00e+00
 8.50283e+22	1.00e+00	4.84e-04	4.14e-07	0.00e+00	0.00e+00	0.00e+00	0.00e+00	0.00e+00
 8.51153e+22	1.00e+00	4.76e-04	4.07e-07	0.00e+00	0.00e+00	0.00e+00	0.00e+00	0.00e+00
 8.52017e+22	1.00e+00	4.68e-04	4.00e-07	0.00e+00	0.00e+00	0.00e+00	0.00e+00	0.00e+00
 8.52881e+22	1.00e+00	4.61e-04	3.93e-07	0.00e+00	0.00e+00	0.00e+00	0.00e+00	0.00e+00
 8.53751e+22	1.00e+00	4.53e-04	3.86e-07	0.00e+00	0.00e+00	0.00e+00	0.00e+00	0.00e+00
 8.54627e+22	1.00e+00	4.45e-04	3.79e-07	0.00e+00	0.00e+00	0.00e+00	0.00e+00	0.00e+00
 8.55517e+22	1.00e+00	4.36e-04	3.72e-07	0.00e+00	0.00e+00	0.00e+00	0.00e+00	0.00e+00
 8.56429e+22	1.00e+00	4.28e-04	3.66e-07	0.00e+00	0.00e+00	0.00e+00	0.00e+00	0.00e+00
 8.57365e+22	1.00e+00	4.20e-04	3.59e-07	0.00e+00	0.00e+00	0.00e+00	0.00e+00	0.00e+00
 8.58328e+22	1.00e+00	4.11e-04	3.51e-07	0.00e+00	0.00e+00	0.00e+00	0.00e+00	0.00e+00
 8.59323e+22	1.00e+00	4.02e-04	3.44e-07	0.00e+00	0.00e+00	0.00e+00	0.00e+00	0.00e+00
 8.60360e+22	1.00e+00	3.93e-04	3.37e-07	0.00e+00	0.00e+00	0.00e+00	0.00e+00	0.00e+00
 8.61447e+22	1.00e+00	3.84e-04	3.29e-07	0.00e+00	0.00e+00	0.00e+00	0.00e+00	0.00e+00
 8.62591e+22	1.00e+00	3.74e-04	3.21e-07	0.00e+00	0.00e+00	0.00e+00	0.00e+00	0.00e+00
 8.63797e+22	1.00e+00	3.64e-04	3.13e-07	0.00e+00	0.00e+00	0.00e+00	0.00e+00	0.00e+00
 8.65076e+22	1.00e+00	3.54e-04	3.04e-07	0.00e+00	0.00e+00	0.00e+00	0.00e+00	0.00e+00
 8.66446e+22	1.00e+00	3.43e-04	2.95e-07	0.00e+00	0.00e+00	0.00e+00	0.00e+00	0.00e+00
 8.67904e+22	1.00e+00	3.32e-04	2.86e-07	0.00e+00	0.00e+00	0.00e+00	0.00e+00	0.00e+00
 8.69451e+22	1.00e+00	3.21e-04	2.76e-07	0.00e+00	0.00e+00	0.00e+00	0.00e+00	0.00e+00
 8.71103e+22	1.00e+00	3.09e-04	2.66e-07	0.00e+00	0.00e+00	0.00e+00	0.00e+00	0.00e+00
 8.72883e+22	1.00e+00	2.96e-04	2.56e-07	0.00e+00	0.00e+00	0.00e+00	0.00e+00	0.00e+00
 8.74801e+22	1.00e+00	2.83e-04	2.45e-07	0.00e+00	0.00e+00	0.00e+00	0.00e+00	0.00e+00
 8.76861e+22	1.00e+00	2.70e-04	2.33e-07	0.00e+00	0.00e+00	0.00e+00	0.00e+00	0.00e+00
 8.79071e+22	1.00e+00	2.57e-04	2.22e-07	0.00e+00	0.00e+00	0.00e+00	0.00e+00	0.00e+00
 8.81450e+22	1.00e+00	2.43e-04	2.09e-07	0.00e+00	0.00e+00	0.00e+00	0.00e+00	0.00e+00
 8.84022e+22	1.00e+00	2.28e-04	1.97e-07	0.00e+00	0.00e+00	0.00e+00	0.00e+00	0.00e+00
 8.86799e+22	1.00e+00	2.13e-04	1.84e-07	0.00e+00	0.00e+00	0.00e+00	0.00e+00	0.00e+00
 8.89803e+22	1.00e+00	1.98e-04	1.71e-07	0.00e+00	0.00e+00	0.00e+00	0.00e+00	0.00e+00
 8.93073e+22	1.00e+00	1.83e-04	1.57e-07	0.00e+00	0.00e+00	0.00e+00	0.00e+00	0.00e+00
 8.96635e+22	1.00e+00	1.67e-04	1.44e-07	0.00e+00	0.00e+00	0.00e+00	0.00e+00	0.00e+00
 9.00492e+22	1.00e+00	1.52e-04	1.30e-07	0.00e+00	0.00e+00	0.00e+00	0.00e+00	0.00e+00
 9.04670e+22	1.00e+00	1.36e-04	1.16e-07	0.00e+00	0.00e+00	0.00e+00	0.00e+00	0.00e+00
 9.09199e+22	1.00e+00	1.20e-04	1.03e-07	0.00e+00	0.00e+00	0.00e+00	0.00e+00	0.00e+00
 9.14052e+22	1.00e+00	1.06e-04	8.96e-08	0.00e+00	0.00e+00	0.00e+00	0.00e+00	0.00e+00
 9.19181e+22	1.00e+00	9.18e-05	7.74e-08	0.00e+00	0.00e+00	0.00e+00	0.00e+00	0.00e+00
 9.23756e+22	1.00e+00	8.19e-05	6.86e-08	0.00e+00	0.00e+00	0.00e+00	0.00e+00	0.00e+00
