#depth	He	He+	He+2
 4.62852e+21	5.62e-13	8.58e-07	1.00e+00
 1.05678e+22	1.12e-12	1.21e-06	1.00e+00
 1.27692e+22	1.78e-12	1.52e-06	1.00e+00
 1.43722e+22	2.60e-12	1.82e-06	1.00e+00
 1.52627e+22	2.84e-12	1.91e-06	1.00e+00
 1.55473e+22	3.00e-12	1.97e-06	1.00e+00
 1.57923e+22	3.24e-12	2.04e-06	1.00e+00
 1.60433e+22	3.46e-12	2.11e-06	1.00e+00
 1.62627e+22	3.66e-12	2.17e-06	1.00e+00
 1.65084e+22	3.93e-12	2.24e-06	1.00e+00
 1.67664e+22	4.22e-12	2.32e-06	1.00e+00
 1.69919e+22	4.49e-12	2.39e-06	1.00e+00
 1.72369e+22	4.86e-12	2.48e-06	1.00e+00
 1.74904e+22	5.19e-12	2.56e-06	1.00e+00
 1.77125e+22	5.55e-12	2.65e-06	1.00e+00
 1.79226e+22	5.89e-12	2.72e-06	1.00e+00
 1.81599e+22	6.36e-12	2.82e-06	1.00e+00
 1.84039e+22	6.82e-12	2.92e-06	1.00e+00
 1.86186e+22	7.29e-12	3.01e-06	1.00e+00
 1.88595e+22	7.91e-12	3.14e-06	1.00e+00
 1.91054e+22	8.48e-12	3.24e-06	1.00e+00
 1.93152e+22	9.06e-12	3.35e-06	1.00e+00
 1.95134e+22	9.64e-12	3.45e-06	1.00e+00
 1.97391e+22	1.04e-11	3.58e-06	1.00e+00
 1.99722e+22	1.12e-11	3.70e-06	1.00e+00
 2.01769e+22	1.20e-11	3.83e-06	1.00e+00
 2.04050e+22	1.30e-11	3.98e-06	1.00e+00
 2.06320e+22	1.39e-11	4.12e-06	1.00e+00
 2.08245e+22	1.49e-11	4.25e-06	1.00e+00
 2.10126e+22	1.59e-11	4.38e-06	1.00e+00
 2.12284e+22	1.72e-11	4.55e-06	1.00e+00
 2.14501e+22	1.85e-11	4.72e-06	1.00e+00
 2.16440e+22	1.98e-11	4.87e-06	1.00e+00
 2.18310e+22	2.12e-11	5.03e-06	1.00e+00
 2.20442e+22	2.30e-11	5.23e-06	1.00e+00
 2.22627e+22	2.47e-11	5.42e-06	1.00e+00
 2.24496e+22	2.64e-11	5.59e-06	1.00e+00
 2.26544e+22	2.86e-11	5.82e-06	1.00e+00
 2.28653e+22	3.08e-11	6.02e-06	1.00e+00
 2.30524e+22	3.30e-11	6.23e-06	1.00e+00
 2.32636e+22	3.59e-11	6.49e-06	1.00e+00
 2.34774e+22	3.86e-11	6.73e-06	1.00e+00
 2.36618e+22	4.14e-11	6.96e-06	1.00e+00
 2.38688e+22	4.51e-11	7.25e-06	1.00e+00
 2.40844e+22	4.88e-11	7.54e-06	1.00e+00
 2.42777e+22	5.23e-11	7.80e-06	1.00e+00
 2.44624e+22	5.63e-11	8.09e-06	1.00e+00
 2.46380e+22	6.01e-11	8.35e-06	1.00e+00
 2.48350e+22	6.57e-11	8.73e-06	1.00e+00
 2.50331e+22	7.06e-11	9.04e-06	1.00e+00
 2.51935e+22	7.50e-11	9.32e-06	1.00e+00
 2.53320e+22	7.94e-11	9.58e-06	1.00e+00
 2.54596e+22	8.37e-11	9.83e-06	1.00e+00
 2.56038e+22	8.94e-11	1.02e-05	1.00e+00
 2.57531e+22	9.46e-11	1.05e-05	1.00e+00
 2.58815e+22	9.98e-11	1.07e-05	1.00e+00
 2.60001e+22	1.05e-10	1.10e-05	1.00e+00
 2.61336e+22	1.12e-10	1.14e-05	1.00e+00
 2.62667e+22	1.18e-10	1.17e-05	1.00e+00
 2.63785e+22	1.24e-10	1.20e-05	1.00e+00
 2.65029e+22	1.31e-10	1.23e-05	1.00e+00
 2.66301e+22	1.38e-10	1.27e-05	1.00e+00
 2.67427e+22	1.46e-10	1.30e-05	1.00e+00
 2.68521e+22	1.54e-10	1.34e-05	1.00e+00
 2.69550e+22	1.61e-10	1.37e-05	1.00e+00
 2.70534e+22	1.69e-10	1.41e-05	1.00e+00
 2.71665e+22	1.80e-10	1.45e-05	1.00e+00
 2.72811e+22	1.89e-10	1.49e-05	1.00e+00
 2.73788e+22	1.99e-10	1.53e-05	1.00e+00
 2.74870e+22	2.11e-10	1.58e-05	1.00e+00
 2.75984e+22	2.23e-10	1.62e-05	1.00e+00
 2.76970e+22	2.35e-10	1.67e-05	1.00e+00
 2.78079e+22	2.51e-10	1.73e-05	1.00e+00
 2.79202e+22	2.66e-10	1.78e-05	1.00e+00
 2.80159e+22	2.79e-10	1.83e-05	1.00e+00
 2.81222e+22	3.00e-10	1.91e-05	1.00e+00
 2.82263e+22	3.15e-10	1.96e-05	1.00e+00
 2.83276e+22	3.38e-10	2.04e-05	1.00e+00
 2.84269e+22	3.54e-10	2.09e-05	1.00e+00
 2.85238e+22	3.79e-10	2.17e-05	1.00e+00
 2.86222e+22	4.01e-10	2.24e-05	1.00e+00
 2.87225e+22	4.32e-10	2.33e-05	1.00e+00
 2.88223e+22	4.55e-10	2.40e-05	1.00e+00
 2.89215e+22	4.90e-10	2.51e-05	1.00e+00
 2.90224e+22	5.19e-10	2.59e-05	1.00e+00
 2.91108e+22	5.49e-10	2.68e-05	1.00e+00
 2.92112e+22	5.92e-10	2.80e-05	1.00e+00
 2.93116e+22	6.27e-10	2.90e-05	1.00e+00
 2.94121e+22	6.77e-10	3.04e-05	1.00e+00
 2.95142e+22	7.18e-10	3.15e-05	1.00e+00
 2.96183e+22	7.77e-10	3.30e-05	1.00e+00
 2.97228e+22	8.25e-10	3.43e-05	1.00e+00
 2.98278e+22	8.93e-10	3.60e-05	1.00e+00
 2.99303e+22	9.44e-10	3.73e-05	1.00e+00
 3.00294e+22	1.02e-09	3.91e-05	1.00e+00
 3.01295e+22	1.07e-09	4.04e-05	1.00e+00
 3.02307e+22	1.15e-09	4.24e-05	1.00e+00
 3.03344e+22	1.22e-09	4.40e-05	1.00e+00
 3.04413e+22	1.31e-09	4.61e-05	1.00e+00
 3.05510e+22	1.38e-09	4.79e-05	1.00e+00
 3.06636e+22	1.49e-09	5.03e-05	1.00e+00
 3.07783e+22	1.57e-09	5.22e-05	1.00e+00
 3.08965e+22	1.69e-09	5.48e-05	1.00e+00
 3.10167e+22	1.78e-09	5.69e-05	1.00e+00
 3.11394e+22	1.91e-09	5.98e-05	1.00e+00
 3.12628e+22	2.01e-09	6.20e-05	1.00e+00
 3.13873e+22	2.15e-09	6.51e-05	1.00e+00
 3.15078e+22	2.25e-09	6.72e-05	1.00e+00
 3.16232e+22	2.38e-09	7.01e-05	1.00e+00
 3.17416e+22	2.49e-09	7.25e-05	1.00e+00
 3.18639e+22	2.65e-09	7.58e-05	1.00e+00
 3.19877e+22	2.76e-09	7.82e-05	1.00e+00
 3.21135e+22	2.93e-09	8.16e-05	1.00e+00
 3.22383e+22	3.05e-09	8.42e-05	1.00e+00
 3.23618e+22	3.22e-09	8.79e-05	1.00e+00
 3.24865e+22	3.35e-09	9.05e-05	1.00e+00
 3.26128e+22	3.53e-09	9.44e-05	1.00e+00
 3.27416e+22	3.68e-09	9.73e-05	1.00e+00
 3.28735e+22	3.88e-09	1.01e-04	1.00e+00
 3.30078e+22	4.03e-09	1.05e-04	1.00e+00
 3.31453e+22	4.25e-09	1.09e-04	1.00e+00
 3.32853e+22	4.42e-09	1.13e-04	1.00e+00
 3.34286e+22	4.66e-09	1.17e-04	1.00e+00
 3.35687e+22	4.83e-09	1.21e-04	1.00e+00
 3.37046e+22	5.07e-09	1.26e-04	1.00e+00
 3.38426e+22	5.26e-09	1.29e-04	1.00e+00
 3.39834e+22	5.51e-09	1.34e-04	1.00e+00
 3.41286e+22	5.73e-09	1.39e-04	1.00e+00
 3.42795e+22	6.02e-09	1.44e-04	1.00e+00
 3.44354e+22	6.27e-09	1.49e-04	1.00e+00
 3.45976e+22	6.60e-09	1.55e-04	1.00e+00
 3.47643e+22	6.88e-09	1.60e-04	1.00e+00
 3.49368e+22	7.26e-09	1.67e-04	1.00e+00
 3.51150e+22	7.59e-09	1.73e-04	1.00e+00
 3.53006e+22	8.02e-09	1.81e-04	1.00e+00
 3.54912e+22	8.40e-09	1.88e-04	1.00e+00
 3.56624e+22	8.79e-09	1.94e-04	1.00e+00
 3.58592e+22	9.31e-09	2.04e-04	1.00e+00
 3.60571e+22	9.74e-09	2.11e-04	1.00e+00
 3.62566e+22	1.03e-08	2.21e-04	1.00e+00
 3.64603e+22	1.08e-08	2.30e-04	1.00e+00
 3.66695e+22	1.14e-08	2.41e-04	1.00e+00
 3.68820e+22	1.20e-08	2.51e-04	1.00e+00
 3.70987e+22	1.27e-08	2.64e-04	1.00e+00
 3.73165e+22	1.33e-08	2.75e-04	1.00e+00
 3.74972e+22	1.38e-08	2.85e-04	1.00e+00
 3.76937e+22	1.45e-08	3.00e-04	1.00e+00
 3.78895e+22	1.51e-08	3.11e-04	1.00e+00
 3.80843e+22	1.58e-08	3.26e-04	1.00e+00
 3.82817e+22	1.64e-08	3.39e-04	1.00e+00
 3.84824e+22	1.71e-08	3.57e-04	1.00e+00
 3.86855e+22	1.77e-08	3.72e-04	1.00e+00
 3.88919e+22	1.85e-08	3.93e-04	1.00e+00
 3.91027e+22	1.91e-08	4.10e-04	1.00e+00
 3.93193e+22	1.98e-08	4.35e-04	1.00e+00
 3.95397e+22	2.04e-08	4.55e-04	1.00e+00
 3.97653e+22	2.11e-08	4.85e-04	1.00e+00
 3.99926e+22	2.16e-08	5.09e-04	9.99e-01
 4.01837e+22	2.20e-08	5.32e-04	9.99e-01
 4.03903e+22	2.24e-08	5.63e-04	9.99e-01
 4.05987e+22	2.28e-08	5.90e-04	9.99e-01
 4.08027e+22	2.31e-08	6.24e-04	9.99e-01
 4.10108e+22	2.33e-08	6.55e-04	9.99e-01
 4.12146e+22	2.35e-08	6.91e-04	9.99e-01
 4.14227e+22	2.36e-08	7.27e-04	9.99e-01
 4.16285e+22	2.37e-08	7.67e-04	9.99e-01
 4.18354e+22	2.38e-08	8.07e-04	9.99e-01
 4.20399e+22	2.39e-08	8.50e-04	9.99e-01
 4.22440e+22	2.40e-08	8.95e-04	9.99e-01
 4.24484e+22	2.41e-08	9.42e-04	9.99e-01
 4.26536e+22	2.42e-08	9.91e-04	9.99e-01
 4.28600e+22	2.45e-08	1.04e-03	9.99e-01
 4.30683e+22	2.48e-08	1.10e-03	9.99e-01
 4.32790e+22	2.52e-08	1.16e-03	9.99e-01
 4.34907e+22	2.57e-08	1.22e-03	9.99e-01
 4.37059e+22	2.65e-08	1.28e-03	9.99e-01
 4.39236e+22	2.73e-08	1.35e-03	9.99e-01
 4.41454e+22	2.85e-08	1.43e-03	9.99e-01
 4.43518e+22	2.96e-08	1.49e-03	9.99e-01
 4.45641e+22	3.12e-08	1.57e-03	9.98e-01
 4.47797e+22	3.27e-08	1.64e-03	9.98e-01
 4.50005e+22	3.50e-08	1.74e-03	9.98e-01
 4.52226e+22	3.71e-08	1.82e-03	9.98e-01
 4.54463e+22	4.01e-08	1.92e-03	9.98e-01
 4.56712e+22	4.27e-08	2.01e-03	9.98e-01
 4.58978e+22	4.66e-08	2.13e-03	9.98e-01
 4.61263e+22	4.99e-08	2.22e-03	9.98e-01
 4.63571e+22	5.49e-08	2.35e-03	9.98e-01
 4.65909e+22	5.91e-08	2.45e-03	9.98e-01
 4.68284e+22	6.54e-08	2.60e-03	9.97e-01
 4.70698e+22	7.08e-08	2.71e-03	9.97e-01
 4.73162e+22	7.88e-08	2.88e-03	9.97e-01
 4.75677e+22	8.58e-08	3.01e-03	9.97e-01
 4.78259e+22	9.61e-08	3.20e-03	9.97e-01
 4.80906e+22	1.05e-07	3.35e-03	9.97e-01
 4.83638e+22	1.19e-07	3.57e-03	9.96e-01
 4.86208e+22	1.28e-07	3.71e-03	9.96e-01
 4.88566e+22	1.42e-07	3.92e-03	9.96e-01
 4.90905e+22	1.53e-07	4.07e-03	9.96e-01
 4.93220e+22	1.70e-07	4.29e-03	9.96e-01
 4.95548e+22	1.83e-07	4.46e-03	9.96e-01
 4.97893e+22	2.03e-07	4.69e-03	9.95e-01
 5.00280e+22	2.19e-07	4.88e-03	9.95e-01
 5.02723e+22	2.43e-07	5.15e-03	9.95e-01
 5.05197e+22	2.64e-07	5.36e-03	9.95e-01
 5.07712e+22	2.94e-07	5.66e-03	9.94e-01
 5.10279e+22	3.19e-07	5.90e-03	9.94e-01
 5.12916e+22	3.57e-07	6.25e-03	9.94e-01
 5.15607e+22	3.89e-07	6.52e-03	9.93e-01
 5.18370e+22	4.36e-07	6.91e-03	9.93e-01
 5.21198e+22	4.78e-07	7.23e-03	9.93e-01
 5.24110e+22	5.39e-07	7.68e-03	9.92e-01
 5.27054e+22	5.90e-07	8.04e-03	9.92e-01
 5.30039e+22	6.67e-07	8.55e-03	9.91e-01
 5.33053e+22	7.30e-07	8.95e-03	9.91e-01
 5.36102e+22	8.28e-07	9.53e-03	9.90e-01
 5.39077e+22	9.02e-07	9.95e-03	9.90e-01
 5.41953e+22	1.01e-06	1.05e-02	9.89e-01
 5.44983e+22	1.12e-06	1.11e-02	9.89e-01
 5.47527e+22	1.21e-06	1.15e-02	9.88e-01
 5.50150e+22	1.34e-06	1.21e-02	9.88e-01
 5.52901e+22	1.46e-06	1.26e-02	9.87e-01
 5.55427e+22	1.59e-06	1.32e-02	9.87e-01
 5.58323e+22	1.77e-06	1.39e-02	9.86e-01
 5.61292e+22	1.95e-06	1.46e-02	9.85e-01
 5.63911e+22	2.13e-06	1.53e-02	9.85e-01
 5.66868e+22	2.37e-06	1.61e-02	9.84e-01
 5.69955e+22	2.63e-06	1.69e-02	9.83e-01
 5.72739e+22	2.88e-06	1.77e-02	9.82e-01
 5.75888e+22	3.23e-06	1.88e-02	9.81e-01
 5.79134e+22	3.59e-06	1.98e-02	9.80e-01
 5.82022e+22	3.94e-06	2.07e-02	9.79e-01
 5.85292e+22	4.44e-06	2.20e-02	9.78e-01
 5.88685e+22	4.95e-06	2.32e-02	9.77e-01
 5.91732e+22	5.46e-06	2.44e-02	9.76e-01
 5.95187e+22	6.19e-06	2.59e-02	9.74e-01
 5.98773e+22	6.94e-06	2.74e-02	9.73e-01
 6.01986e+22	7.69e-06	2.89e-02	9.71e-01
 6.05618e+22	8.79e-06	3.08e-02	9.69e-01
 6.09322e+22	9.85e-06	3.26e-02	9.67e-01
 6.13120e+22	1.13e-05	3.49e-02	9.65e-01
 6.16956e+22	1.27e-05	3.69e-02	9.63e-01
 6.20843e+22	1.46e-05	3.96e-02	9.60e-01
 6.24764e+22	1.64e-05	4.19e-02	9.58e-01
 6.28730e+22	1.90e-05	4.50e-02	9.55e-01
 6.32742e+22	2.13e-05	4.76e-02	9.52e-01
 6.36813e+22	2.47e-05	5.12e-02	9.49e-01
 6.40933e+22	2.78e-05	5.43e-02	9.46e-01
 6.45116e+22	3.24e-05	5.85e-02	9.41e-01
 6.49214e+22	3.63e-05	6.17e-02	9.38e-01
 6.53201e+22	4.20e-05	6.63e-02	9.34e-01
 6.57052e+22	4.65e-05	6.96e-02	9.30e-01
 6.60727e+22	5.29e-05	7.41e-02	9.26e-01
 6.64418e+22	5.87e-05	7.79e-02	9.22e-01
 6.68130e+22	6.69e-05	8.30e-02	9.17e-01
 6.71921e+22	7.46e-05	8.74e-02	9.13e-01
 6.75816e+22	8.55e-05	9.32e-02	9.07e-01
 6.79744e+22	9.54e-05	9.82e-02	9.02e-01
 6.83194e+22	1.06e-04	1.03e-01	8.97e-01
 6.87158e+22	1.22e-04	1.10e-01	8.90e-01
 6.91182e+22	1.36e-04	1.16e-01	8.84e-01
 6.94408e+22	1.49e-04	1.21e-01	8.79e-01
 6.97725e+22	1.67e-04	1.28e-01	8.72e-01
 7.01138e+22	1.83e-04	1.33e-01	8.66e-01
 7.04187e+22	2.00e-04	1.39e-01	8.61e-01
 7.07665e+22	2.25e-04	1.47e-01	8.53e-01
 7.11139e+22	2.46e-04	1.53e-01	8.47e-01
 7.14609e+22	2.75e-04	1.61e-01	8.39e-01
 7.18136e+22	3.02e-04	1.68e-01	8.32e-01
 7.21235e+22	3.31e-04	1.75e-01	8.25e-01
 7.24764e+22	3.69e-04	1.84e-01	8.16e-01
 7.28367e+22	4.06e-04	1.92e-01	8.08e-01
 7.31571e+22	4.44e-04	2.00e-01	8.00e-01
 7.35242e+22	4.98e-04	2.10e-01	7.89e-01
 7.38965e+22	5.47e-04	2.19e-01	7.80e-01
 7.42756e+22	6.12e-04	2.30e-01	7.69e-01
 7.46631e+22	6.77e-04	2.40e-01	7.59e-01
 7.50026e+22	7.42e-04	2.50e-01	7.49e-01
 7.53850e+22	8.30e-04	2.62e-01	7.37e-01
 7.57811e+22	9.15e-04	2.73e-01	7.26e-01
 7.61950e+22	1.04e-03	2.88e-01	7.11e-01
 7.66099e+22	1.14e-03	2.99e-01	7.00e-01
 7.70263e+22	1.28e-03	3.14e-01	6.85e-01
 7.74545e+22	1.42e-03	3.27e-01	6.71e-01
 7.77804e+22	1.52e-03	3.37e-01	6.62e-01
 7.80860e+22	1.65e-03	3.48e-01	6.50e-01
 7.84012e+22	1.78e-03	3.58e-01	6.40e-01
 7.87287e+22	1.94e-03	3.71e-01	6.27e-01
 7.90572e+22	2.09e-03	3.81e-01	6.17e-01
 7.93870e+22	2.28e-03	3.94e-01	6.04e-01
 7.97206e+22	2.45e-03	4.05e-01	5.93e-01
 8.00592e+22	2.68e-03	4.18e-01	5.79e-01
 8.04037e+22	2.89e-03	4.29e-01	5.68e-01
 8.07562e+22	3.16e-03	4.44e-01	5.53e-01
 8.11141e+22	3.41e-03	4.56e-01	5.41e-01
 8.14790e+22	3.74e-03	4.71e-01	5.25e-01
 8.18508e+22	4.04e-03	4.83e-01	5.13e-01
 8.22316e+22	4.44e-03	4.99e-01	4.97e-01
 8.26212e+22	4.80e-03	5.12e-01	4.83e-01
 8.30220e+22	5.30e-03	5.29e-01	4.66e-01
 8.34274e+22	5.73e-03	5.42e-01	4.52e-01
 8.38387e+22	6.33e-03	5.59e-01	4.35e-01
 8.42561e+22	6.84e-03	5.72e-01	4.21e-01
 8.46812e+22	7.56e-03	5.89e-01	4.03e-01
 8.51132e+22	8.20e-03	6.03e-01	3.89e-01
 8.55539e+22	9.08e-03	6.20e-01	3.70e-01
 8.60027e+22	9.85e-03	6.34e-01	3.56e-01
 8.64621e+22	1.09e-02	6.52e-01	3.37e-01
 8.69288e+22	1.19e-02	6.66e-01	3.22e-01
 8.74049e+22	1.32e-02	6.84e-01	3.03e-01
 8.78942e+22	1.44e-02	6.98e-01	2.88e-01
 8.84005e+22	1.62e-02	7.16e-01	2.68e-01
 8.89206e+22	1.77e-02	7.29e-01	2.53e-01
 8.94588e+22	2.00e-02	7.47e-01	2.33e-01
 9.00162e+22	2.20e-02	7.61e-01	2.17e-01
 9.05985e+22	2.51e-02	7.78e-01	1.97e-01
 9.12073e+22	2.80e-02	7.92e-01	1.80e-01
 9.16823e+22	3.04e-02	8.01e-01	1.68e-01
 9.21316e+22	3.36e-02	8.12e-01	1.55e-01
 9.24779e+22	3.54e-02	8.16e-01	1.48e-01
