#depth	O	O+	O+2	O+3	O+4	O+5	O+6	O+7	O+8	O[1]	O[2]	O[3]
 4.62852e+21	0.00e+00	0.00e+00	4.01e-27	9.12e-22	5.55e-17	1.56e-12	1.47e-07	8.00e-04	9.99e-01	0.00e+00	0.00e+00	0.00e+00
 1.05368e+22	0.00e+00	1.69e-32	3.30e-26	5.31e-21	2.33e-16	4.63e-12	3.01e-07	1.14e-03	9.99e-01	0.00e+00	0.00e+00	0.00e+00
 1.26843e+22	0.00e+00	8.81e-32	1.37e-25	1.75e-20	6.08e-16	9.60e-12	4.86e-07	1.45e-03	9.99e-01	0.00e+00	0.00e+00	0.00e+00
 1.42464e+22	0.00e+00	3.28e-31	4.24e-25	4.51e-20	1.31e-15	1.72e-11	7.14e-07	1.75e-03	9.98e-01	0.00e+00	0.00e+00	0.00e+00
 1.51142e+22	0.00e+00	4.56e-31	5.64e-25	5.73e-20	1.59e-15	1.99e-11	7.86e-07	1.84e-03	9.98e-01	0.00e+00	0.00e+00	0.00e+00
 1.54611e+22	0.00e+00	6.38e-31	7.52e-25	7.29e-20	1.93e-15	2.30e-11	8.66e-07	1.93e-03	9.98e-01	0.00e+00	0.00e+00	0.00e+00
 1.58065e+22	0.00e+00	8.77e-31	9.89e-25	9.17e-20	2.32e-15	2.66e-11	9.51e-07	2.02e-03	9.98e-01	0.00e+00	0.00e+00	0.00e+00
 1.62024e+22	0.00e+00	1.30e-30	1.39e-24	1.23e-19	2.94e-15	3.18e-11	1.07e-06	2.14e-03	9.98e-01	0.00e+00	0.00e+00	0.00e+00
 1.66038e+22	0.00e+00	1.84e-30	1.87e-24	1.57e-19	3.59e-15	3.71e-11	1.18e-06	2.25e-03	9.98e-01	0.00e+00	0.00e+00	0.00e+00
 1.69235e+22	0.00e+00	2.43e-30	2.38e-24	1.93e-19	4.23e-15	4.20e-11	1.28e-06	2.35e-03	9.98e-01	0.00e+00	0.00e+00	0.00e+00
 1.72505e+22	0.00e+00	3.39e-30	3.17e-24	2.45e-19	5.14e-15	4.87e-11	1.41e-06	2.46e-03	9.98e-01	0.00e+00	0.00e+00	0.00e+00
 1.75921e+22	0.00e+00	4.56e-30	4.11e-24	3.04e-19	6.12e-15	5.57e-11	1.54e-06	2.57e-03	9.97e-01	0.00e+00	0.00e+00	0.00e+00
 1.78988e+22	0.00e+00	6.05e-30	5.24e-24	3.73e-19	7.22e-15	6.32e-11	1.68e-06	2.68e-03	9.97e-01	0.00e+00	0.00e+00	0.00e+00
 1.81964e+22	0.00e+00	7.99e-30	6.66e-24	4.56e-19	8.50e-15	7.15e-11	1.82e-06	2.79e-03	9.97e-01	0.00e+00	0.00e+00	0.00e+00
 1.85362e+22	0.00e+00	1.13e-29	8.96e-24	5.86e-19	1.04e-14	8.35e-11	2.02e-06	2.93e-03	9.97e-01	0.00e+00	0.00e+00	0.00e+00
 1.88829e+22	0.00e+00	1.52e-29	1.16e-23	7.25e-19	1.24e-14	9.53e-11	2.20e-06	3.06e-03	9.97e-01	0.00e+00	0.00e+00	0.00e+00
 1.91861e+22	0.00e+00	2.01e-29	1.48e-23	8.91e-19	1.46e-14	1.08e-10	2.39e-06	3.19e-03	9.97e-01	0.00e+00	0.00e+00	0.00e+00
 1.95280e+22	0.00e+00	2.81e-29	1.97e-23	1.14e-18	1.78e-14	1.26e-10	2.64e-06	3.35e-03	9.97e-01	0.00e+00	0.00e+00	0.00e+00
 1.98581e+22	0.00e+00	3.72e-29	2.51e-23	1.39e-18	2.10e-14	1.43e-10	2.86e-06	3.49e-03	9.97e-01	0.00e+00	0.00e+00	0.00e+00
 2.01147e+22	0.00e+00	4.73e-29	3.09e-23	1.65e-18	2.41e-14	1.59e-10	3.07e-06	3.61e-03	9.96e-01	0.00e+00	0.00e+00	0.00e+00
 2.03900e+22	0.00e+00	6.18e-29	3.89e-23	2.01e-18	2.83e-14	1.79e-10	3.33e-06	3.75e-03	9.96e-01	0.00e+00	0.00e+00	0.00e+00
 2.06924e+22	0.00e+00	8.15e-29	4.94e-23	2.46e-18	3.33e-14	2.03e-10	3.61e-06	3.91e-03	9.96e-01	0.00e+00	0.00e+00	0.00e+00
 2.09732e+22	0.00e+00	1.05e-28	6.12e-23	2.94e-18	3.85e-14	2.27e-10	3.88e-06	4.05e-03	9.96e-01	0.00e+00	0.00e+00	0.00e+00
 2.12811e+22	0.00e+00	1.41e-28	7.93e-23	3.66e-18	4.60e-14	2.60e-10	4.25e-06	4.23e-03	9.96e-01	0.00e+00	0.00e+00	0.00e+00
 2.15953e+22	0.00e+00	1.87e-28	1.01e-22	4.48e-18	5.42e-14	2.94e-10	4.61e-06	4.41e-03	9.96e-01	0.00e+00	0.00e+00	0.00e+00
 2.18589e+22	0.00e+00	2.38e-28	1.24e-22	5.33e-18	6.24e-14	3.28e-10	4.95e-06	4.57e-03	9.95e-01	0.00e+00	0.00e+00	0.00e+00
 2.21430e+22	0.00e+00	3.14e-28	1.58e-22	6.53e-18	7.36e-14	3.73e-10	5.38e-06	4.76e-03	9.95e-01	0.00e+00	0.00e+00	0.00e+00
 2.24484e+22	0.00e+00	4.15e-28	2.01e-22	7.99e-18	8.66e-14	4.22e-10	5.84e-06	4.96e-03	9.95e-01	0.00e+00	0.00e+00	0.00e+00
 2.27067e+22	0.00e+00	5.20e-28	2.44e-22	9.40e-18	9.88e-14	4.66e-10	6.24e-06	5.12e-03	9.95e-01	0.00e+00	0.00e+00	0.00e+00
 2.29679e+22	0.00e+00	6.70e-28	3.03e-22	1.13e-17	1.15e-13	5.24e-10	6.73e-06	5.31e-03	9.95e-01	0.00e+00	0.00e+00	0.00e+00
 2.32463e+22	0.00e+00	8.59e-28	3.76e-22	1.35e-17	1.33e-13	5.85e-10	7.24e-06	5.51e-03	9.94e-01	0.00e+00	0.00e+00	0.00e+00
 2.34979e+22	0.00e+00	1.08e-27	4.57e-22	1.59e-17	1.52e-13	6.48e-10	7.75e-06	5.70e-03	9.94e-01	0.00e+00	0.00e+00	0.00e+00
 2.37757e+22	0.00e+00	1.41e-27	5.77e-22	1.94e-17	1.78e-13	7.34e-10	8.40e-06	5.93e-03	9.94e-01	0.00e+00	0.00e+00	0.00e+00
 2.40674e+22	0.00e+00	1.83e-27	7.22e-22	2.34e-17	2.08e-13	8.24e-10	9.08e-06	6.16e-03	9.94e-01	0.00e+00	0.00e+00	0.00e+00
 2.43158e+22	2.03e-34	2.30e-27	8.77e-22	2.76e-17	2.37e-13	9.12e-10	9.70e-06	6.36e-03	9.94e-01	0.00e+00	0.00e+00	0.00e+00
 2.45431e+22	2.56e-34	2.82e-27	1.05e-21	3.20e-17	2.68e-13	1.00e-09	1.03e-05	6.56e-03	9.93e-01	0.00e+00	0.00e+00	0.00e+00
 2.48042e+22	3.42e-34	3.63e-27	1.30e-21	3.85e-17	3.11e-13	1.12e-09	1.11e-05	6.81e-03	9.93e-01	0.00e+00	0.00e+00	0.00e+00
 2.50842e+22	4.56e-34	4.68e-27	1.62e-21	4.62e-17	3.61e-13	1.26e-09	1.20e-05	7.06e-03	9.93e-01	0.00e+00	0.00e+00	0.00e+00
 2.53374e+22	5.94e-34	5.90e-27	1.97e-21	5.47e-17	4.13e-13	1.40e-09	1.29e-05	7.31e-03	9.93e-01	0.00e+00	0.00e+00	0.00e+00
 2.56153e+22	8.11e-34	7.75e-27	2.50e-21	6.67e-17	4.86e-13	1.58e-09	1.39e-05	7.61e-03	9.92e-01	0.00e+00	0.00e+00	0.00e+00
 2.58931e+22	1.07e-33	9.90e-27	3.08e-21	7.95e-17	5.60e-13	1.76e-09	1.50e-05	7.89e-03	9.92e-01	0.00e+00	0.00e+00	0.00e+00
 2.61206e+22	1.36e-33	1.22e-26	3.68e-21	9.24e-17	6.33e-13	1.93e-09	1.60e-05	8.13e-03	9.92e-01	0.00e+00	0.00e+00	0.00e+00
 2.63662e+22	1.79e-33	1.55e-26	4.53e-21	1.10e-16	7.30e-13	2.16e-09	1.71e-05	8.42e-03	9.92e-01	0.00e+00	0.00e+00	0.00e+00
 2.66345e+22	2.35e-33	1.96e-26	5.56e-21	1.31e-16	8.39e-13	2.40e-09	1.84e-05	8.73e-03	9.91e-01	0.00e+00	0.00e+00	0.00e+00
 2.68877e+22	3.07e-33	2.49e-26	6.81e-21	1.55e-16	9.64e-13	2.67e-09	1.98e-05	9.03e-03	9.91e-01	0.00e+00	0.00e+00	0.00e+00
 2.71333e+22	3.99e-33	3.12e-26	8.28e-21	1.83e-16	1.10e-12	2.96e-09	2.11e-05	9.34e-03	9.91e-01	0.00e+00	0.00e+00	0.00e+00
 2.73688e+22	5.09e-33	3.87e-26	9.95e-21	2.13e-16	1.25e-12	3.26e-09	2.25e-05	9.64e-03	9.90e-01	0.00e+00	0.00e+00	0.00e+00
 2.76300e+22	6.81e-33	4.99e-26	1.24e-20	2.57e-16	1.45e-12	3.65e-09	2.43e-05	1.00e-02	9.90e-01	0.00e+00	0.00e+00	0.00e+00
 2.79031e+22	9.02e-33	6.37e-26	1.53e-20	3.06e-16	1.68e-12	4.07e-09	2.62e-05	1.04e-02	9.90e-01	0.00e+00	0.00e+00	0.00e+00
 2.81422e+22	1.16e-32	7.96e-26	1.85e-20	3.59e-16	1.91e-12	4.49e-09	2.80e-05	1.07e-02	9.89e-01	0.00e+00	0.00e+00	0.00e+00
 2.84032e+22	1.56e-32	1.03e-25	2.31e-20	4.33e-16	2.22e-12	5.05e-09	3.02e-05	1.12e-02	9.89e-01	0.00e+00	0.00e+00	0.00e+00
 2.86810e+22	2.09e-32	1.33e-25	2.87e-20	5.20e-16	2.57e-12	5.65e-09	3.26e-05	1.16e-02	9.88e-01	0.00e+00	0.00e+00	0.00e+00
 2.89197e+22	2.68e-32	1.65e-25	3.46e-20	6.08e-16	2.92e-12	6.21e-09	3.48e-05	1.20e-02	9.88e-01	0.00e+00	0.00e+00	0.00e+00
 2.91363e+22	3.40e-32	2.03e-25	4.13e-20	7.06e-16	3.29e-12	6.81e-09	3.70e-05	1.23e-02	9.88e-01	0.00e+00	0.00e+00	0.00e+00
 2.93849e+22	4.53e-32	2.61e-25	5.12e-20	8.46e-16	3.81e-12	7.61e-09	3.99e-05	1.28e-02	9.87e-01	0.00e+00	0.00e+00	0.00e+00
 2.96487e+22	5.99e-32	3.33e-25	6.31e-20	1.01e-15	4.39e-12	8.46e-09	4.29e-05	1.33e-02	9.87e-01	0.00e+00	0.00e+00	0.00e+00
 2.98871e+22	7.71e-32	4.15e-25	7.62e-20	1.18e-15	4.99e-12	9.32e-09	4.58e-05	1.37e-02	9.86e-01	0.00e+00	0.00e+00	0.00e+00
 3.01517e+22	1.06e-31	5.45e-25	9.62e-20	1.43e-15	5.84e-12	1.05e-08	4.97e-05	1.43e-02	9.86e-01	0.00e+00	0.00e+00	0.00e+00
 3.04148e+22	1.39e-31	6.91e-25	1.18e-19	1.70e-15	6.69e-12	1.16e-08	5.33e-05	1.48e-02	9.85e-01	0.00e+00	0.00e+00	0.00e+00
 3.06311e+22	1.76e-31	8.52e-25	1.41e-19	1.97e-15	7.54e-12	1.27e-08	5.67e-05	1.53e-02	9.85e-01	0.00e+00	0.00e+00	0.00e+00
 3.08675e+22	2.36e-31	1.10e-24	1.75e-19	2.36e-15	8.72e-12	1.42e-08	6.12e-05	1.58e-02	9.84e-01	0.00e+00	0.00e+00	0.00e+00
 3.11172e+22	3.07e-31	1.38e-24	2.13e-19	2.78e-15	9.93e-12	1.56e-08	6.54e-05	1.64e-02	9.84e-01	0.00e+00	0.00e+00	0.00e+00
 3.13495e+22	4.01e-31	1.74e-24	2.59e-19	3.28e-15	1.13e-11	1.72e-08	7.00e-05	1.70e-02	9.83e-01	0.00e+00	0.00e+00	0.00e+00
 3.15817e+22	5.25e-31	2.20e-24	3.16e-19	3.87e-15	1.29e-11	1.90e-08	7.50e-05	1.76e-02	9.82e-01	0.00e+00	0.00e+00	0.00e+00
 3.18047e+22	6.77e-31	2.74e-24	3.81e-19	4.52e-15	1.46e-11	2.09e-08	8.00e-05	1.81e-02	9.82e-01	0.00e+00	0.00e+00	0.00e+00
 3.20163e+22	8.68e-31	3.39e-24	4.58e-19	5.27e-15	1.65e-11	2.28e-08	8.52e-05	1.87e-02	9.81e-01	0.00e+00	0.00e+00	0.00e+00
 3.22573e+22	1.19e-30	4.48e-24	5.79e-19	6.40e-15	1.93e-11	2.55e-08	9.23e-05	1.95e-02	9.80e-01	0.00e+00	0.00e+00	0.00e+00
 3.25018e+22	1.55e-30	5.60e-24	7.00e-19	7.50e-15	2.19e-11	2.81e-08	9.85e-05	2.02e-02	9.80e-01	0.00e+00	0.00e+00	0.00e+00
 3.27509e+22	2.17e-30	7.49e-24	8.96e-19	9.20e-15	2.57e-11	3.16e-08	1.07e-04	2.10e-02	9.79e-01	0.00e+00	0.00e+00	0.00e+00
 3.30009e+22	2.88e-30	9.58e-24	1.10e-18	1.09e-14	2.95e-11	3.49e-08	1.15e-04	2.18e-02	9.78e-01	0.00e+00	0.00e+00	0.00e+00
 3.32058e+22	3.70e-30	1.19e-23	1.33e-18	1.27e-14	3.32e-11	3.81e-08	1.22e-04	2.25e-02	9.77e-01	0.00e+00	0.00e+00	0.00e+00
 3.34259e+22	4.95e-30	1.53e-23	1.64e-18	1.52e-14	3.82e-11	4.21e-08	1.32e-04	2.34e-02	9.76e-01	0.00e+00	0.00e+00	0.00e+00
 3.36591e+22	6.59e-30	1.96e-23	2.02e-18	1.80e-14	4.37e-11	4.64e-08	1.41e-04	2.42e-02	9.76e-01	0.00e+00	0.00e+00	0.00e+00
 3.38672e+22	8.51e-30	2.44e-23	2.44e-18	2.11e-14	4.94e-11	5.07e-08	1.50e-04	2.50e-02	9.75e-01	0.00e+00	0.00e+00	0.00e+00
 3.40954e+22	1.18e-29	3.23e-23	3.09e-18	2.56e-14	5.76e-11	5.67e-08	1.63e-04	2.60e-02	9.74e-01	0.00e+00	0.00e+00	0.00e+00
 3.43297e+22	1.57e-29	4.14e-23	3.81e-18	3.04e-14	6.59e-11	6.24e-08	1.75e-04	2.70e-02	9.73e-01	0.00e+00	0.00e+00	0.00e+00
 3.45286e+22	2.03e-29	5.18e-23	4.60e-18	3.56e-14	7.45e-11	6.81e-08	1.86e-04	2.79e-02	9.72e-01	0.00e+00	0.00e+00	0.00e+00
 3.47438e+22	2.79e-29	6.81e-23	5.80e-18	4.31e-14	8.64e-11	7.58e-08	2.01e-04	2.90e-02	9.71e-01	0.00e+00	0.00e+00	0.00e+00
 3.49637e+22	3.65e-29	8.57e-23	7.05e-18	5.06e-14	9.80e-11	8.30e-08	2.14e-04	3.00e-02	9.70e-01	0.00e+00	0.00e+00	0.00e+00
 3.51595e+22	4.78e-29	1.08e-22	8.58e-18	5.95e-14	1.11e-10	9.08e-08	2.29e-04	3.10e-02	9.69e-01	0.00e+00	0.00e+00	0.00e+00
 3.53836e+22	6.71e-29	1.45e-22	1.10e-17	7.29e-14	1.30e-10	1.02e-07	2.48e-04	3.23e-02	9.67e-01	0.00e+00	0.00e+00	0.00e+00
 3.56096e+22	8.96e-29	1.86e-22	1.36e-17	8.67e-14	1.49e-10	1.12e-07	2.66e-04	3.34e-02	9.66e-01	0.00e+00	0.00e+00	0.00e+00
 3.57985e+22	1.16e-28	2.32e-22	1.63e-17	1.01e-13	1.68e-10	1.22e-07	2.82e-04	3.45e-02	9.65e-01	0.00e+00	0.00e+00	0.00e+00
 3.60042e+22	1.60e-28	3.07e-22	2.07e-17	1.23e-13	1.96e-10	1.36e-07	3.05e-04	3.59e-02	9.64e-01	0.00e+00	0.00e+00	0.00e+00
 3.62162e+22	2.11e-28	3.88e-22	2.53e-17	1.45e-13	2.23e-10	1.49e-07	3.26e-04	3.71e-02	9.63e-01	0.00e+00	0.00e+00	0.00e+00
 3.64050e+22	2.76e-28	4.90e-22	3.08e-17	1.70e-13	2.53e-10	1.63e-07	3.47e-04	3.83e-02	9.61e-01	0.00e+00	0.00e+00	0.00e+00
 3.66193e+22	3.88e-28	6.58e-22	3.95e-17	2.09e-13	2.96e-10	1.83e-07	3.77e-04	3.99e-02	9.60e-01	0.00e+00	0.00e+00	0.00e+00
 3.68361e+22	5.21e-28	8.48e-22	4.89e-17	2.50e-13	3.40e-10	2.01e-07	4.03e-04	4.13e-02	9.58e-01	0.00e+00	0.00e+00	0.00e+00
 3.70228e+22	6.90e-28	1.08e-21	6.01e-17	2.96e-13	3.88e-10	2.21e-07	4.31e-04	4.27e-02	9.57e-01	0.00e+00	0.00e+00	0.00e+00
 3.72321e+22	9.84e-28	1.47e-21	7.78e-17	3.66e-13	4.58e-10	2.48e-07	4.68e-04	4.45e-02	9.55e-01	0.00e+00	0.00e+00	0.00e+00
 3.74417e+22	1.29e-27	1.86e-21	9.51e-17	4.32e-13	5.21e-10	2.72e-07	4.99e-04	4.59e-02	9.54e-01	0.00e+00	0.00e+00	0.00e+00
 3.76515e+22	1.85e-27	2.53e-21	1.23e-16	5.36e-13	6.16e-10	3.07e-07	5.43e-04	4.79e-02	9.52e-01	0.00e+00	0.00e+00	0.00e+00
 3.78648e+22	2.46e-27	3.24e-21	1.52e-16	6.37e-13	7.05e-10	3.37e-07	5.80e-04	4.95e-02	9.50e-01	0.00e+00	0.00e+00	0.00e+00
 3.80824e+22	3.60e-27	4.50e-21	2.01e-16	8.01e-13	8.42e-10	3.82e-07	6.33e-04	5.17e-02	9.48e-01	0.00e+00	0.00e+00	0.00e+00
 3.83039e+22	5.00e-27	5.97e-21	2.55e-16	9.76e-13	9.82e-10	4.26e-07	6.82e-04	5.36e-02	9.46e-01	0.00e+00	0.00e+00	0.00e+00
 3.84897e+22	6.62e-27	7.61e-21	3.14e-16	1.16e-12	1.12e-09	4.68e-07	7.27e-04	5.54e-02	9.44e-01	0.00e+00	0.00e+00	0.00e+00
 3.86905e+22	9.48e-27	1.04e-20	4.08e-16	1.44e-12	1.33e-09	5.28e-07	7.90e-04	5.76e-02	9.42e-01	0.00e+00	0.00e+00	0.00e+00
 3.88933e+22	1.28e-26	1.35e-20	5.10e-16	1.73e-12	1.53e-09	5.84e-07	8.46e-04	5.96e-02	9.40e-01	0.00e+00	0.00e+00	0.00e+00
 3.90556e+22	1.65e-26	1.68e-20	6.12e-16	2.01e-12	1.72e-09	6.34e-07	8.95e-04	6.13e-02	9.38e-01	0.00e+00	0.00e+00	0.00e+00
 3.92235e+22	2.25e-26	2.19e-20	7.69e-16	2.43e-12	1.99e-09	7.03e-07	9.60e-04	6.34e-02	9.36e-01	0.00e+00	0.00e+00	0.00e+00
 3.93961e+22	2.92e-26	2.74e-20	9.30e-16	2.84e-12	2.25e-09	7.67e-07	1.02e-03	6.53e-02	9.34e-01	0.00e+00	0.00e+00	0.00e+00
 3.95407e+22	3.72e-26	3.39e-20	1.11e-15	3.30e-12	2.53e-09	8.30e-07	1.07e-03	6.70e-02	9.32e-01	0.00e+00	0.00e+00	0.00e+00
 3.96715e+22	4.70e-26	4.15e-20	1.32e-15	3.80e-12	2.82e-09	8.97e-07	1.13e-03	6.87e-02	9.30e-01	0.00e+00	0.00e+00	0.00e+00
 3.97937e+22	5.81e-26	4.98e-20	1.54e-15	4.32e-12	3.11e-09	9.62e-07	1.18e-03	7.03e-02	9.29e-01	0.00e+00	0.00e+00	0.00e+00
 3.99280e+22	7.50e-26	6.22e-20	1.86e-15	5.04e-12	3.51e-09	1.05e-06	1.25e-03	7.22e-02	9.27e-01	0.00e+00	0.00e+00	0.00e+00
 4.00678e+22	9.50e-26	7.63e-20	2.22e-15	5.82e-12	3.92e-09	1.13e-06	1.32e-03	7.40e-02	9.25e-01	0.00e+00	0.00e+00	0.00e+00
 4.01914e+22	1.19e-25	9.27e-20	2.61e-15	6.67e-12	4.36e-09	1.22e-06	1.39e-03	7.58e-02	9.23e-01	0.00e+00	0.00e+00	0.00e+00
 4.03056e+22	1.48e-25	1.12e-19	3.07e-15	7.61e-12	4.83e-09	1.31e-06	1.45e-03	7.75e-02	9.21e-01	0.00e+00	0.00e+00	0.00e+00
 4.04129e+22	1.78e-25	1.31e-19	3.51e-15	8.51e-12	5.26e-09	1.39e-06	1.51e-03	7.90e-02	9.19e-01	0.00e+00	0.00e+00	0.00e+00
 4.05345e+22	2.29e-25	1.63e-19	4.23e-15	9.94e-12	5.93e-09	1.51e-06	1.60e-03	8.11e-02	9.17e-01	0.00e+00	0.00e+00	0.00e+00
 4.06600e+22	2.89e-25	2.00e-19	5.03e-15	1.14e-11	6.62e-09	1.63e-06	1.68e-03	8.30e-02	9.15e-01	0.00e+00	0.00e+00	0.00e+00
 4.07700e+22	3.58e-25	2.41e-19	5.88e-15	1.30e-11	7.31e-09	1.75e-06	1.75e-03	8.48e-02	9.13e-01	0.00e+00	0.00e+00	0.00e+00
 4.08923e+22	4.68e-25	3.03e-19	7.16e-15	1.53e-11	8.29e-09	1.91e-06	1.86e-03	8.72e-02	9.11e-01	0.00e+00	0.00e+00	0.00e+00
 4.10112e+22	5.73e-25	3.62e-19	8.32e-15	1.74e-11	9.12e-09	2.04e-06	1.94e-03	8.90e-02	9.09e-01	0.00e+00	0.00e+00	0.00e+00
 4.11104e+22	7.10e-25	4.36e-19	9.74e-15	1.98e-11	1.01e-08	2.19e-06	2.03e-03	9.09e-02	9.07e-01	0.00e+00	0.00e+00	0.00e+00
 4.12080e+22	8.64e-25	5.17e-19	1.13e-14	2.23e-11	1.10e-08	2.33e-06	2.11e-03	9.27e-02	9.05e-01	0.00e+00	0.00e+00	0.00e+00
 4.13191e+22	1.13e-24	6.50e-19	1.37e-14	2.61e-11	1.25e-08	2.54e-06	2.23e-03	9.51e-02	9.03e-01	0.00e+00	0.00e+00	0.00e+00
 4.14318e+22	1.42e-24	7.94e-19	1.62e-14	3.01e-11	1.39e-08	2.73e-06	2.34e-03	9.72e-02	9.00e-01	0.00e+00	0.00e+00	0.00e+00
 4.15291e+22	1.74e-24	9.47e-19	1.88e-14	3.40e-11	1.53e-08	2.92e-06	2.44e-03	9.92e-02	8.98e-01	0.00e+00	0.00e+00	0.00e+00
 4.16379e+22	2.30e-24	1.21e-18	2.32e-14	4.03e-11	1.74e-08	3.19e-06	2.58e-03	1.02e-01	8.96e-01	0.00e+00	0.00e+00	0.00e+00
 4.17484e+22	2.89e-24	1.47e-18	2.74e-14	4.64e-11	1.94e-08	3.44e-06	2.70e-03	1.04e-01	8.93e-01	0.00e+00	0.00e+00	0.00e+00
 4.18610e+22	3.90e-24	1.91e-18	3.42e-14	5.56e-11	2.23e-08	3.78e-06	2.87e-03	1.07e-01	8.90e-01	0.00e+00	0.00e+00	0.00e+00
 4.19743e+22	4.95e-24	2.35e-18	4.08e-14	6.43e-11	2.49e-08	4.08e-06	3.01e-03	1.09e-01	8.88e-01	0.00e+00	0.00e+00	0.00e+00
 4.20705e+22	6.16e-24	2.84e-18	4.79e-14	7.33e-11	2.75e-08	4.38e-06	3.15e-03	1.12e-01	8.85e-01	0.00e+00	0.00e+00	0.00e+00
 4.21775e+22	8.51e-24	3.76e-18	6.07e-14	8.92e-11	3.19e-08	4.84e-06	3.35e-03	1.15e-01	8.82e-01	0.00e+00	0.00e+00	0.00e+00
 4.22824e+22	1.05e-23	4.52e-18	7.10e-14	1.01e-10	3.52e-08	5.18e-06	3.50e-03	1.17e-01	8.79e-01	0.00e+00	0.00e+00	0.00e+00
 4.23847e+22	1.44e-23	5.93e-18	8.94e-14	1.23e-10	4.07e-08	5.72e-06	3.72e-03	1.21e-01	8.76e-01	0.00e+00	0.00e+00	0.00e+00
 4.24849e+22	1.77e-23	7.08e-18	1.04e-13	1.39e-10	4.47e-08	6.10e-06	3.87e-03	1.23e-01	8.73e-01	0.00e+00	0.00e+00	0.00e+00
 4.25826e+22	2.43e-23	9.33e-18	1.31e-13	1.68e-10	5.17e-08	6.74e-06	4.11e-03	1.26e-01	8.69e-01	0.00e+00	0.00e+00	0.00e+00
 4.26800e+22	3.01e-23	1.13e-17	1.54e-13	1.92e-10	5.72e-08	7.22e-06	4.29e-03	1.29e-01	8.67e-01	0.00e+00	0.00e+00	0.00e+00
 4.27769e+22	4.16e-23	1.49e-17	1.95e-13	2.33e-10	6.62e-08	7.97e-06	4.57e-03	1.33e-01	8.63e-01	0.00e+00	0.00e+00	0.00e+00
 4.28749e+22	5.25e-23	1.82e-17	2.32e-13	2.68e-10	7.37e-08	8.58e-06	4.78e-03	1.35e-01	8.60e-01	0.00e+00	0.00e+00	0.00e+00
 4.29740e+22	7.35e-23	2.44e-17	2.97e-13	3.28e-10	8.60e-08	9.52e-06	5.09e-03	1.39e-01	8.56e-01	0.00e+00	0.00e+00	0.00e+00
 4.30740e+22	9.35e-23	3.01e-17	3.55e-13	3.80e-10	9.60e-08	1.03e-05	5.34e-03	1.42e-01	8.52e-01	0.00e+00	0.00e+00	0.00e+00
 4.31750e+22	1.31e-22	4.02e-17	4.54e-13	4.65e-10	1.12e-07	1.14e-05	5.69e-03	1.47e-01	8.48e-01	0.00e+00	0.00e+00	0.00e+00
 4.32753e+22	1.68e-22	5.01e-17	5.47e-13	5.41e-10	1.26e-07	1.23e-05	5.97e-03	1.50e-01	8.44e-01	0.00e+00	0.00e+00	0.00e+00
 4.33744e+22	2.35e-22	6.71e-17	7.01e-13	6.63e-10	1.46e-07	1.37e-05	6.37e-03	1.54e-01	8.39e-01	0.00e+00	0.00e+00	0.00e+00
 4.34754e+22	3.08e-22	8.46e-17	8.54e-13	7.79e-10	1.66e-07	1.49e-05	6.70e-03	1.58e-01	8.36e-01	0.00e+00	0.00e+00	0.00e+00
 4.35789e+22	4.39e-22	1.15e-16	1.11e-12	9.65e-10	1.95e-07	1.66e-05	7.17e-03	1.63e-01	8.30e-01	0.00e+00	0.00e+00	0.00e+00
 4.36829e+22	5.77e-22	1.46e-16	1.36e-12	1.14e-09	2.21e-07	1.81e-05	7.56e-03	1.66e-01	8.26e-01	0.00e+00	0.00e+00	0.00e+00
 4.37877e+22	8.28e-22	2.00e-16	1.77e-12	1.41e-09	2.60e-07	2.02e-05	8.10e-03	1.72e-01	8.20e-01	0.00e+00	0.00e+00	0.00e+00
 4.38933e+22	1.09e-21	2.53e-16	2.16e-12	1.67e-09	2.96e-07	2.21e-05	8.54e-03	1.76e-01	8.16e-01	0.00e+00	0.00e+00	0.00e+00
 4.39849e+22	1.43e-21	3.21e-16	2.65e-12	1.97e-09	3.35e-07	2.40e-05	9.00e-03	1.80e-01	8.11e-01	0.00e+00	0.00e+00	0.00e+00
 4.40890e+22	2.05e-21	4.38e-16	3.44e-12	2.44e-09	3.95e-07	2.69e-05	9.65e-03	1.85e-01	8.05e-01	0.00e+00	0.00e+00	0.00e+00
 4.41921e+22	2.63e-21	5.44e-16	4.14e-12	2.84e-09	4.43e-07	2.91e-05	1.01e-02	1.89e-01	8.01e-01	0.00e+00	0.00e+00	0.00e+00
 4.42937e+22	3.70e-21	7.31e-16	5.32e-12	3.49e-09	5.19e-07	3.24e-05	1.08e-02	1.95e-01	7.94e-01	0.00e+00	0.00e+00	0.00e+00
 4.43974e+22	4.78e-21	9.11e-16	6.42e-12	4.07e-09	5.84e-07	3.51e-05	1.14e-02	1.99e-01	7.90e-01	0.00e+00	0.00e+00	0.00e+00
 4.45038e+22	6.71e-21	1.22e-15	8.24e-12	5.01e-09	6.84e-07	3.92e-05	1.22e-02	2.05e-01	7.83e-01	0.00e+00	0.00e+00	0.00e+00
 4.46127e+22	8.73e-21	1.54e-15	1.00e-11	5.87e-09	7.73e-07	4.26e-05	1.28e-02	2.09e-01	7.78e-01	0.00e+00	0.00e+00	0.00e+00
 4.47251e+22	1.23e-20	2.07e-15	1.29e-11	7.24e-09	9.08e-07	4.76e-05	1.37e-02	2.16e-01	7.71e-01	0.00e+00	0.00e+00	0.00e+00
 4.48399e+22	1.60e-20	2.60e-15	1.57e-11	8.50e-09	1.03e-06	5.19e-05	1.45e-02	2.21e-01	7.65e-01	0.00e+00	0.00e+00	0.00e+00
 4.49581e+22	2.26e-20	3.50e-15	2.02e-11	1.05e-08	1.21e-06	5.80e-05	1.55e-02	2.27e-01	7.57e-01	0.00e+00	0.00e+00	0.00e+00
 4.50784e+22	2.94e-20	4.41e-15	2.45e-11	1.23e-08	1.37e-06	6.33e-05	1.63e-02	2.32e-01	7.51e-01	0.00e+00	0.00e+00	0.00e+00
 4.52015e+22	4.13e-20	5.92e-15	3.15e-11	1.51e-08	1.61e-06	7.08e-05	1.75e-02	2.39e-01	7.43e-01	0.00e+00	0.00e+00	0.00e+00
 4.53253e+22	5.33e-20	7.38e-15	3.80e-11	1.77e-08	1.81e-06	7.70e-05	1.84e-02	2.44e-01	7.37e-01	0.00e+00	0.00e+00	0.00e+00
 4.54502e+22	7.43e-20	9.85e-15	4.86e-11	2.17e-08	2.13e-06	8.60e-05	1.97e-02	2.51e-01	7.29e-01	0.00e+00	0.00e+00	0.00e+00
 4.55708e+22	9.21e-20	1.19e-14	5.70e-11	2.48e-08	2.36e-06	9.25e-05	2.06e-02	2.56e-01	7.24e-01	0.00e+00	0.00e+00	0.00e+00
 4.56860e+22	1.23e-19	1.53e-14	7.07e-11	2.96e-08	2.71e-06	1.02e-04	2.19e-02	2.62e-01	7.16e-01	0.00e+00	0.00e+00	0.00e+00
 4.58045e+22	1.54e-19	1.86e-14	8.35e-11	3.40e-08	3.02e-06	1.10e-04	2.30e-02	2.67e-01	7.10e-01	0.00e+00	0.00e+00	0.00e+00
 4.59271e+22	2.09e-19	2.41e-14	1.04e-10	4.10e-08	3.50e-06	1.22e-04	2.45e-02	2.74e-01	7.02e-01	0.00e+00	0.00e+00	0.00e+00
 4.60514e+22	2.59e-19	2.91e-14	1.23e-10	4.69e-08	3.89e-06	1.31e-04	2.56e-02	2.79e-01	6.96e-01	0.00e+00	0.00e+00	0.00e+00
 4.61776e+22	3.46e-19	3.74e-14	1.52e-10	5.60e-08	4.47e-06	1.45e-04	2.72e-02	2.85e-01	6.87e-01	0.00e+00	0.00e+00	0.00e+00
 4.63028e+22	4.28e-19	4.50e-14	1.78e-10	6.39e-08	4.96e-06	1.56e-04	2.84e-02	2.91e-01	6.81e-01	0.00e+00	0.00e+00	0.00e+00
 4.64267e+22	5.67e-19	5.74e-14	2.19e-10	7.61e-08	5.70e-06	1.72e-04	3.02e-02	2.97e-01	6.72e-01	0.00e+00	0.00e+00	0.00e+00
 4.65518e+22	6.93e-19	6.84e-14	2.55e-10	8.62e-08	6.29e-06	1.84e-04	3.15e-02	3.02e-01	6.66e-01	0.00e+00	0.00e+00	0.00e+00
 4.66785e+22	9.12e-19	8.68e-14	3.12e-10	1.02e-07	7.20e-06	2.03e-04	3.34e-02	3.09e-01	6.57e-01	0.00e+00	0.00e+00	0.00e+00
 4.68076e+22	1.12e-18	1.04e-13	3.64e-10	1.16e-07	7.97e-06	2.18e-04	3.48e-02	3.14e-01	6.51e-01	0.00e+00	0.00e+00	0.00e+00
 4.69399e+22	1.47e-18	1.32e-13	4.46e-10	1.38e-07	9.13e-06	2.40e-04	3.69e-02	3.21e-01	6.42e-01	0.00e+00	0.00e+00	0.00e+00
 4.70747e+22	1.81e-18	1.58e-13	5.21e-10	1.57e-07	1.01e-05	2.58e-04	3.86e-02	3.26e-01	6.35e-01	0.00e+00	0.00e+00	0.00e+00
 4.72125e+22	2.39e-18	2.00e-13	6.40e-10	1.87e-07	1.16e-05	2.84e-04	4.09e-02	3.33e-01	6.25e-01	0.00e+00	0.00e+00	0.00e+00
 4.73529e+22	2.94e-18	2.40e-13	7.47e-10	2.12e-07	1.29e-05	3.06e-04	4.27e-02	3.39e-01	6.18e-01	0.00e+00	0.00e+00	0.00e+00
 4.74967e+22	3.87e-18	3.05e-13	9.17e-10	2.53e-07	1.48e-05	3.37e-04	4.53e-02	3.46e-01	6.08e-01	0.00e+00	0.00e+00	0.00e+00
 4.76372e+22	4.64e-18	3.58e-13	1.05e-09	2.83e-07	1.62e-05	3.59e-04	4.71e-02	3.51e-01	6.02e-01	0.00e+00	0.00e+00	0.00e+00
 4.77734e+22	6.03e-18	4.49e-13	1.28e-09	3.33e-07	1.84e-05	3.94e-04	4.98e-02	3.58e-01	5.92e-01	0.00e+00	0.00e+00	0.00e+00
 4.79118e+22	7.24e-18	5.26e-13	1.46e-09	3.74e-07	2.02e-05	4.21e-04	5.18e-02	3.62e-01	5.85e-01	0.00e+00	0.00e+00	0.00e+00
 4.80530e+22	9.30e-18	6.55e-13	1.77e-09	4.38e-07	2.29e-05	4.60e-04	5.46e-02	3.69e-01	5.76e-01	0.00e+00	0.00e+00	0.00e+00
 4.81986e+22	1.14e-17	7.81e-13	2.06e-09	4.97e-07	2.54e-05	4.94e-04	5.70e-02	3.74e-01	5.68e-01	0.00e+00	0.00e+00	0.00e+00
 4.83498e+22	1.46e-17	9.72e-13	2.48e-09	5.83e-07	2.88e-05	5.40e-04	6.01e-02	3.81e-01	5.58e-01	0.00e+00	0.00e+00	0.00e+00
 4.85060e+22	1.81e-17	1.17e-12	2.91e-09	6.66e-07	3.20e-05	5.83e-04	6.29e-02	3.87e-01	5.50e-01	0.00e+00	0.00e+00	0.00e+00
 4.86686e+22	2.35e-17	1.47e-12	3.54e-09	7.85e-07	3.65e-05	6.40e-04	6.64e-02	3.93e-01	5.39e-01	2.35e-17	5.91e-28	6.28e-28
 4.88356e+22	2.92e-17	1.77e-12	4.17e-09	9.00e-07	4.07e-05	6.91e-04	6.95e-02	3.99e-01	5.31e-01	2.92e-17	5.51e-26	6.94e-26
 4.90084e+22	3.82e-17	2.24e-12	5.09e-09	1.07e-06	4.66e-05	7.60e-04	7.35e-02	4.06e-01	5.20e-01	3.82e-17	7.21e-26	9.08e-26
 4.91869e+22	4.80e-17	2.73e-12	6.03e-09	1.23e-06	5.22e-05	8.24e-04	7.70e-02	4.12e-01	5.10e-01	4.80e-17	9.04e-26	1.14e-25
 4.93727e+22	6.34e-17	3.49e-12	7.44e-09	1.47e-06	6.01e-05	9.10e-04	8.16e-02	4.19e-01	4.98e-01	6.34e-17	1.20e-25	1.51e-25
 4.95637e+22	8.02e-17	4.28e-12	8.87e-09	1.70e-06	6.76e-05	9.89e-04	8.56e-02	4.25e-01	4.89e-01	8.02e-17	1.51e-25	1.91e-25
 4.97355e+22	1.00e-16	5.19e-12	1.05e-08	1.95e-06	7.55e-05	1.07e-03	8.95e-02	4.30e-01	4.79e-01	1.00e-16	1.89e-25	2.38e-25
 4.99329e+22	1.35e-16	6.74e-12	1.31e-08	2.36e-06	8.78e-05	1.19e-03	9.52e-02	4.37e-01	4.66e-01	1.35e-16	2.55e-25	3.21e-25
 5.01314e+22	1.68e-16	8.16e-12	1.55e-08	2.71e-06	9.80e-05	1.28e-03	9.95e-02	4.42e-01	4.57e-01	1.68e-16	3.18e-25	4.00e-25
 5.03315e+22	2.26e-16	1.05e-11	1.93e-08	3.25e-06	1.14e-04	1.42e-03	1.06e-01	4.49e-01	4.44e-01	2.26e-16	4.27e-25	5.37e-25
 5.05359e+22	2.86e-16	1.30e-11	2.30e-08	3.77e-06	1.28e-04	1.55e-03	1.11e-01	4.54e-01	4.33e-01	2.86e-16	5.40e-25	6.80e-25
 5.07458e+22	3.86e-16	1.68e-11	2.88e-08	4.56e-06	1.49e-04	1.72e-03	1.17e-01	4.61e-01	4.20e-01	3.86e-16	7.30e-25	9.19e-25
 5.09590e+22	4.93e-16	2.08e-11	3.46e-08	5.31e-06	1.68e-04	1.88e-03	1.23e-01	4.66e-01	4.09e-01	4.93e-16	9.31e-25	1.17e-24
 5.11765e+22	6.75e-16	2.74e-11	4.38e-08	6.48e-06	1.97e-04	2.10e-03	1.31e-01	4.72e-01	3.95e-01	6.75e-16	1.28e-24	1.61e-24
 5.13950e+22	8.57e-16	3.37e-11	5.23e-08	7.54e-06	2.22e-04	2.28e-03	1.37e-01	4.76e-01	3.84e-01	8.57e-16	1.62e-24	2.04e-24
 5.15763e+22	1.06e-15	4.07e-11	6.16e-08	8.64e-06	2.48e-04	2.46e-03	1.43e-01	4.80e-01	3.74e-01	1.06e-15	2.01e-24	2.53e-24
 5.17736e+22	1.41e-15	5.22e-11	7.63e-08	1.04e-05	2.87e-04	2.73e-03	1.51e-01	4.84e-01	3.61e-01	1.41e-15	2.68e-24	3.37e-24
 5.19701e+22	1.75e-15	6.27e-11	8.93e-08	1.18e-05	3.19e-04	2.94e-03	1.58e-01	4.88e-01	3.52e-01	1.75e-15	3.31e-24	4.16e-24
 5.21657e+22	2.31e-15	8.00e-11	1.10e-07	1.42e-05	3.69e-04	3.25e-03	1.66e-01	4.91e-01	3.39e-01	2.31e-15	4.38e-24	5.51e-24
 5.23637e+22	2.86e-15	9.65e-11	1.30e-07	1.62e-05	4.12e-04	3.51e-03	1.73e-01	4.94e-01	3.29e-01	2.86e-15	5.43e-24	6.83e-24
 5.25651e+22	3.81e-15	1.24e-10	1.61e-07	1.95e-05	4.79e-04	3.90e-03	1.83e-01	4.97e-01	3.15e-01	3.81e-15	7.23e-24	9.09e-24
 5.27689e+22	4.74e-15	1.50e-10	1.90e-07	2.25e-05	5.36e-04	4.22e-03	1.91e-01	4.99e-01	3.05e-01	4.74e-15	9.00e-24	1.13e-23
 5.29760e+22	6.32e-15	1.92e-10	2.36e-07	2.71e-05	6.25e-04	4.69e-03	2.02e-01	5.02e-01	2.91e-01	6.32e-15	1.20e-23	1.51e-23
 5.31869e+22	7.93e-15	2.35e-10	2.81e-07	3.14e-05	7.05e-04	5.11e-03	2.11e-01	5.03e-01	2.81e-01	7.93e-15	1.51e-23	1.89e-23
 5.34031e+22	1.06e-14	3.03e-10	3.51e-07	3.81e-05	8.26e-04	5.71e-03	2.23e-01	5.04e-01	2.67e-01	1.06e-14	2.02e-23	2.54e-23
 5.36236e+22	1.34e-14	3.71e-10	4.19e-07	4.44e-05	9.38e-04	6.23e-03	2.33e-01	5.04e-01	2.56e-01	1.34e-14	2.55e-23	3.20e-23
 5.38497e+22	1.80e-14	4.81e-10	5.27e-07	5.41e-05	1.11e-03	7.00e-03	2.46e-01	5.04e-01	2.41e-01	1.80e-14	3.43e-23	4.31e-23
 5.40777e+22	2.26e-14	5.87e-10	6.29e-07	6.31e-05	1.26e-03	7.66e-03	2.57e-01	5.03e-01	2.30e-01	2.26e-14	4.31e-23	5.41e-23
 5.42694e+22	2.77e-14	7.02e-10	7.37e-07	7.26e-05	1.41e-03	8.31e-03	2.68e-01	5.02e-01	2.21e-01	2.77e-14	5.29e-23	6.64e-23
 5.44773e+22	3.57e-14	8.78e-10	9.00e-07	8.65e-05	1.64e-03	9.23e-03	2.81e-01	5.00e-01	2.08e-01	3.57e-14	6.82e-23	8.56e-23
 5.46869e+22	4.35e-14	1.04e-09	1.05e-06	9.94e-05	1.84e-03	1.00e-02	2.92e-01	4.97e-01	1.99e-01	4.35e-14	8.31e-23	1.04e-22
 5.48918e+22	5.48e-14	1.28e-09	1.26e-06	1.17e-04	2.12e-03	1.11e-02	3.06e-01	4.94e-01	1.87e-01	5.48e-14	1.05e-22	1.31e-22
 5.51009e+22	6.65e-14	1.52e-09	1.48e-06	1.35e-04	2.39e-03	1.20e-02	3.18e-01	4.90e-01	1.78e-01	6.65e-14	1.27e-22	1.60e-22
 5.53058e+22	8.17e-14	1.82e-09	1.75e-06	1.57e-04	2.73e-03	1.32e-02	3.32e-01	4.85e-01	1.67e-01	8.17e-14	1.56e-22	1.96e-22
 5.55151e+22	9.86e-14	2.16e-09	2.04e-06	1.81e-04	3.08e-03	1.44e-02	3.44e-01	4.80e-01	1.58e-01	9.86e-14	1.89e-22	2.37e-22
 5.57218e+22	1.19e-13	2.55e-09	2.38e-06	2.09e-04	3.49e-03	1.58e-02	3.58e-01	4.74e-01	1.48e-01	1.19e-13	2.28e-22	2.86e-22
 5.59297e+22	1.41e-13	2.98e-09	2.76e-06	2.39e-04	3.93e-03	1.72e-02	3.71e-01	4.68e-01	1.39e-01	1.41e-13	2.71e-22	3.40e-22
 5.61351e+22	1.67e-13	3.46e-09	3.19e-06	2.73e-04	4.42e-03	1.87e-02	3.84e-01	4.61e-01	1.31e-01	1.67e-13	3.20e-22	4.01e-22
 5.63401e+22	1.95e-13	3.99e-09	3.66e-06	3.11e-04	4.95e-03	2.04e-02	3.97e-01	4.54e-01	1.23e-01	1.95e-13	3.75e-22	4.70e-22
 5.65454e+22	2.27e-13	4.58e-09	4.18e-06	3.54e-04	5.54e-03	2.21e-02	4.10e-01	4.47e-01	1.15e-01	2.27e-13	4.36e-22	5.47e-22
 5.67514e+22	2.62e-13	5.23e-09	4.76e-06	4.01e-04	6.18e-03	2.40e-02	4.23e-01	4.39e-01	1.08e-01	2.62e-13	5.03e-22	6.31e-22
 5.69586e+22	3.00e-13	5.94e-09	5.40e-06	4.53e-04	6.89e-03	2.60e-02	4.36e-01	4.30e-01	1.00e-01	3.00e-13	5.78e-22	7.24e-22
 5.71676e+22	3.42e-13	6.71e-09	6.11e-06	5.11e-04	7.66e-03	2.81e-02	4.49e-01	4.21e-01	9.37e-02	3.42e-13	6.59e-22	8.25e-22
 5.73789e+22	3.87e-13	7.56e-09	6.90e-06	5.75e-04	8.51e-03	3.04e-02	4.61e-01	4.12e-01	8.72e-02	3.87e-13	7.47e-22	9.36e-22
 5.75914e+22	4.36e-13	8.47e-09	7.75e-06	6.46e-04	9.42e-03	3.28e-02	4.73e-01	4.02e-01	8.12e-02	4.36e-13	8.42e-22	1.05e-21
 5.78072e+22	4.89e-13	9.47e-09	8.71e-06	7.25e-04	1.04e-02	3.55e-02	4.86e-01	3.92e-01	7.53e-02	4.89e-13	9.46e-22	1.18e-21
 5.80254e+22	5.45e-13	1.05e-08	9.74e-06	8.12e-04	1.15e-02	3.82e-02	4.97e-01	3.82e-01	6.98e-02	5.45e-13	1.06e-21	1.32e-21
 5.82479e+22	6.07e-13	1.17e-08	1.09e-05	9.11e-04	1.27e-02	4.12e-02	5.09e-01	3.72e-01	6.45e-02	6.07e-13	1.18e-21	1.47e-21
 5.84743e+22	6.72e-13	1.30e-08	1.22e-05	1.02e-03	1.40e-02	4.43e-02	5.20e-01	3.61e-01	5.95e-02	6.72e-13	1.30e-21	1.63e-21
 5.86820e+22	7.30e-13	1.41e-08	1.33e-05	1.12e-03	1.52e-02	4.71e-02	5.29e-01	3.52e-01	5.56e-02	7.30e-13	1.42e-21	1.77e-21
 5.88989e+22	8.04e-13	1.56e-08	1.49e-05	1.25e-03	1.67e-02	5.08e-02	5.40e-01	3.40e-01	5.10e-02	8.04e-13	1.57e-21	1.96e-21
 5.91189e+22	8.72e-13	1.70e-08	1.63e-05	1.37e-03	1.81e-02	5.39e-02	5.48e-01	3.31e-01	4.75e-02	8.72e-13	1.70e-21	2.12e-21
 5.93449e+22	9.62e-13	1.88e-08	1.83e-05	1.54e-03	1.99e-02	5.81e-02	5.59e-01	3.19e-01	4.33e-02	9.62e-13	1.88e-21	2.35e-21
 5.95713e+22	1.04e-12	2.03e-08	2.00e-05	1.69e-03	2.14e-02	6.15e-02	5.66e-01	3.09e-01	4.03e-02	1.04e-12	2.02e-21	2.53e-21
 5.97983e+22	1.13e-12	2.24e-08	2.23e-05	1.89e-03	2.35e-02	6.60e-02	5.75e-01	2.97e-01	3.66e-02	1.13e-12	2.21e-21	2.77e-21
 6.00262e+22	1.22e-12	2.42e-08	2.43e-05	2.06e-03	2.52e-02	6.96e-02	5.81e-01	2.88e-01	3.41e-02	1.22e-12	2.39e-21	2.98e-21
 6.02555e+22	1.33e-12	2.67e-08	2.71e-05	2.31e-03	2.75e-02	7.46e-02	5.89e-01	2.76e-01	3.09e-02	1.33e-12	2.61e-21	3.26e-21
 6.04872e+22	1.43e-12	2.89e-08	2.96e-05	2.52e-03	2.94e-02	7.86e-02	5.94e-01	2.67e-01	2.87e-02	1.43e-12	2.81e-21	3.51e-21
 6.07221e+22	1.56e-12	3.18e-08	3.31e-05	2.82e-03	3.21e-02	8.40e-02	6.00e-01	2.55e-01	2.59e-02	1.56e-12	3.07e-21	3.83e-21
 6.09604e+22	1.68e-12	3.45e-08	3.62e-05	3.07e-03	3.43e-02	8.83e-02	6.04e-01	2.46e-01	2.40e-02	1.68e-12	3.31e-21	4.13e-21
 6.12028e+22	1.83e-12	3.82e-08	4.05e-05	3.44e-03	3.73e-02	9.43e-02	6.09e-01	2.34e-01	2.16e-02	1.83e-12	3.63e-21	4.52e-21
 6.14499e+22	1.98e-12	4.16e-08	4.45e-05	3.76e-03	3.99e-02	9.91e-02	6.12e-01	2.25e-01	1.99e-02	1.98e-12	3.93e-21	4.90e-21
 6.17028e+22	2.17e-12	4.62e-08	5.00e-05	4.22e-03	4.33e-02	1.06e-01	6.15e-01	2.14e-01	1.78e-02	2.17e-12	4.32e-21	5.38e-21
 6.19618e+22	2.37e-12	5.08e-08	5.52e-05	4.64e-03	4.63e-02	1.11e-01	6.17e-01	2.05e-01	1.63e-02	2.37e-12	4.71e-21	5.87e-21
 6.22284e+22	2.61e-12	5.69e-08	6.25e-05	5.22e-03	5.03e-02	1.18e-01	6.19e-01	1.93e-01	1.45e-02	2.61e-12	5.21e-21	6.49e-21
 6.24994e+22	2.86e-12	6.28e-08	6.93e-05	5.74e-03	5.37e-02	1.24e-01	6.19e-01	1.84e-01	1.32e-02	2.86e-12	5.72e-21	7.12e-21
 6.27279e+22	3.10e-12	6.87e-08	7.61e-05	6.25e-03	5.69e-02	1.29e-01	6.19e-01	1.77e-01	1.21e-02	3.10e-12	6.21e-21	7.74e-21
 6.29767e+22	3.43e-12	7.70e-08	8.57e-05	6.96e-03	6.12e-02	1.36e-01	6.18e-01	1.67e-01	1.08e-02	3.43e-12	6.89e-21	8.58e-21
 6.32176e+22	3.71e-12	8.39e-08	9.35e-05	7.52e-03	6.44e-02	1.41e-01	6.16e-01	1.60e-01	1.00e-02	3.71e-12	7.47e-21	9.30e-21
 6.34483e+22	4.06e-12	9.32e-08	1.04e-04	8.30e-03	6.87e-02	1.48e-01	6.14e-01	1.52e-01	9.01e-03	4.06e-12	8.20e-21	1.02e-20
 6.36816e+22	4.45e-12	1.02e-07	1.14e-04	8.98e-03	7.23e-02	1.54e-01	6.11e-01	1.45e-01	8.32e-03	4.45e-12	9.00e-21	1.12e-20
 6.39180e+22	4.92e-12	1.15e-07	1.28e-04	9.92e-03	7.70e-02	1.61e-01	6.08e-01	1.37e-01	7.46e-03	4.92e-12	9.99e-21	1.24e-20
 6.41581e+22	5.42e-12	1.27e-07	1.41e-04	1.07e-02	8.10e-02	1.66e-01	6.04e-01	1.31e-01	6.85e-03	5.42e-12	1.10e-20	1.37e-20
 6.44028e+22	6.05e-12	1.43e-07	1.59e-04	1.19e-02	8.63e-02	1.74e-01	5.99e-01	1.23e-01	6.11e-03	6.05e-12	1.24e-20	1.54e-20
 6.46512e+22	6.72e-12	1.60e-07	1.76e-04	1.29e-02	9.07e-02	1.79e-01	5.94e-01	1.17e-01	5.59e-03	6.72e-12	1.38e-20	1.71e-20
 6.49042e+22	7.58e-12	1.82e-07	1.99e-04	1.43e-02	9.66e-02	1.87e-01	5.87e-01	1.10e-01	4.96e-03	7.58e-12	1.56e-20	1.93e-20
 6.51619e+22	8.51e-12	2.05e-07	2.21e-04	1.56e-02	1.02e-01	1.93e-01	5.81e-01	1.04e-01	4.52e-03	8.51e-12	1.75e-20	2.18e-20
 6.54258e+22	9.70e-12	2.36e-07	2.53e-04	1.73e-02	1.08e-01	2.01e-01	5.72e-01	9.71e-02	3.98e-03	9.70e-12	2.01e-20	2.49e-20
 6.56953e+22	1.10e-11	2.67e-07	2.82e-04	1.88e-02	1.14e-01	2.07e-01	5.65e-01	9.18e-02	3.60e-03	1.10e-11	2.28e-20	2.82e-20
 6.59721e+22	1.27e-11	3.12e-07	3.25e-04	2.10e-02	1.21e-01	2.15e-01	5.54e-01	8.50e-02	3.15e-03	1.27e-11	2.66e-20	3.30e-20
 6.62560e+22	1.46e-11	3.57e-07	3.65e-04	2.30e-02	1.27e-01	2.21e-01	5.45e-01	7.98e-02	2.83e-03	1.46e-11	3.05e-20	3.78e-20
 6.65492e+22	1.73e-11	4.23e-07	4.25e-04	2.57e-02	1.36e-01	2.30e-01	5.33e-01	7.34e-02	2.45e-03	1.73e-11	3.63e-20	4.50e-20
 6.68451e+22	1.99e-11	4.87e-07	4.79e-04	2.81e-02	1.43e-01	2.36e-01	5.22e-01	6.87e-02	2.19e-03	1.99e-11	4.21e-20	5.22e-20
 6.71445e+22	2.39e-11	5.83e-07	5.58e-04	3.14e-02	1.52e-01	2.44e-01	5.08e-01	6.28e-02	1.88e-03	2.39e-11	5.08e-20	6.29e-20
 6.74479e+22	2.80e-11	6.77e-07	6.32e-04	3.43e-02	1.59e-01	2.49e-01	4.96e-01	5.86e-02	1.68e-03	2.80e-11	5.97e-20	7.39e-20
 6.77564e+22	3.39e-11	8.17e-07	7.40e-04	3.85e-02	1.69e-01	2.57e-01	4.81e-01	5.32e-02	1.43e-03	3.39e-11	7.29e-20	9.01e-20
 6.80568e+22	3.95e-11	9.41e-07	8.31e-04	4.17e-02	1.77e-01	2.61e-01	4.69e-01	4.97e-02	1.28e-03	3.95e-11	8.54e-20	1.05e-19
 6.83465e+22	4.77e-11	1.13e-06	9.63e-04	4.62e-02	1.86e-01	2.67e-01	4.53e-01	4.53e-02	1.10e-03	4.77e-11	1.04e-19	1.28e-19
 6.86476e+22	5.67e-11	1.32e-06	1.09e-03	5.04e-02	1.95e-01	2.71e-01	4.40e-01	4.19e-02	9.70e-04	5.67e-11	1.24e-19	1.53e-19
 6.89051e+22	6.56e-11	1.51e-06	1.22e-03	5.42e-02	2.02e-01	2.75e-01	4.28e-01	3.91e-02	8.67e-04	6.56e-11	1.44e-19	1.78e-19
 6.91817e+22	7.92e-11	1.79e-06	1.40e-03	5.96e-02	2.11e-01	2.79e-01	4.12e-01	3.56e-02	7.48e-04	7.92e-11	1.75e-19	2.16e-19
 6.94585e+22	9.23e-11	2.06e-06	1.56e-03	6.41e-02	2.19e-01	2.82e-01	3.99e-01	3.31e-02	6.65e-04	9.23e-11	2.05e-19	2.53e-19
 6.97355e+22	1.12e-10	2.44e-06	1.78e-03	7.00e-02	2.28e-01	2.85e-01	3.84e-01	3.01e-02	5.76e-04	1.12e-10	2.51e-19	3.09e-19
 7.00240e+22	1.33e-10	2.85e-06	2.01e-03	7.57e-02	2.37e-01	2.88e-01	3.70e-01	2.77e-02	5.04e-04	1.33e-10	3.00e-19	3.70e-19
 7.02833e+22	1.57e-10	3.29e-06	2.24e-03	8.14e-02	2.45e-01	2.89e-01	3.56e-01	2.55e-02	4.45e-04	1.57e-10	3.56e-19	4.38e-19
 7.05761e+22	1.94e-10	3.95e-06	2.58e-03	8.90e-02	2.55e-01	2.91e-01	3.40e-01	2.30e-02	3.80e-04	1.94e-10	4.44e-19	5.45e-19
 7.08822e+22	2.34e-10	4.65e-06	2.92e-03	9.63e-02	2.63e-01	2.92e-01	3.25e-01	2.09e-02	3.27e-04	2.34e-10	5.40e-19	6.63e-19
 7.11583e+22	2.80e-10	5.41e-06	3.27e-03	1.03e-01	2.71e-01	2.92e-01	3.11e-01	1.91e-02	2.85e-04	2.80e-10	6.51e-19	7.98e-19
 7.14700e+22	3.52e-10	6.56e-06	3.78e-03	1.13e-01	2.81e-01	2.91e-01	2.93e-01	1.70e-02	2.40e-04	3.52e-10	8.27e-19	1.01e-18
 7.17913e+22	4.29e-10	7.76e-06	4.28e-03	1.22e-01	2.90e-01	2.90e-01	2.78e-01	1.52e-02	2.04e-04	4.29e-10	1.02e-18	1.25e-18
 7.20773e+22	5.19e-10	9.07e-06	4.80e-03	1.31e-01	2.97e-01	2.89e-01	2.64e-01	1.38e-02	1.76e-04	5.19e-10	1.24e-18	1.52e-18
 7.24010e+22	6.61e-10	1.10e-05	5.54e-03	1.43e-01	3.07e-01	2.86e-01	2.47e-01	1.21e-02	1.46e-04	6.61e-10	1.60e-18	1.96e-18
 7.27364e+22	8.18e-10	1.31e-05	6.29e-03	1.54e-01	3.15e-01	2.83e-01	2.32e-01	1.08e-02	1.23e-04	8.18e-10	2.00e-18	2.45e-18
 7.30371e+22	1.00e-09	1.54e-05	7.06e-03	1.64e-01	3.21e-01	2.79e-01	2.19e-01	9.64e-03	1.04e-04	1.00e-09	2.47e-18	3.02e-18
 7.33780e+22	1.30e-09	1.89e-05	8.18e-03	1.79e-01	3.30e-01	2.73e-01	2.02e-01	8.33e-03	8.44e-05	1.30e-09	3.25e-18	3.97e-18
 7.37297e+22	1.62e-09	2.25e-05	9.26e-03	1.92e-01	3.36e-01	2.68e-01	1.88e-01	7.33e-03	7.03e-05	1.62e-09	4.11e-18	5.01e-18
 7.40953e+22	2.14e-09	2.80e-05	1.08e-02	2.08e-01	3.43e-01	2.61e-01	1.71e-01	6.22e-03	5.56e-05	2.14e-09	5.52e-18	6.72e-18
 7.44650e+22	2.69e-09	3.34e-05	1.22e-02	2.23e-01	3.48e-01	2.54e-01	1.58e-01	5.43e-03	4.58e-05	2.69e-09	7.02e-18	8.54e-18
 7.47907e+22	3.37e-09	3.95e-05	1.37e-02	2.37e-01	3.52e-01	2.47e-01	1.46e-01	4.73e-03	3.78e-05	3.37e-09	8.89e-18	1.08e-17
 7.51644e+22	4.49e-09	4.91e-05	1.59e-02	2.56e-01	3.56e-01	2.37e-01	1.31e-01	3.96e-03	2.94e-05	4.49e-09	1.21e-17	1.47e-17
 7.55422e+22	5.66e-09	5.85e-05	1.79e-02	2.71e-01	3.58e-01	2.29e-01	1.20e-01	3.41e-03	2.38e-05	5.66e-09	1.54e-17	1.87e-17
 7.59252e+22	7.57e-09	7.24e-05	2.06e-02	2.91e-01	3.60e-01	2.18e-01	1.07e-01	2.82e-03	1.84e-05	7.57e-09	2.11e-17	2.55e-17
 7.63140e+22	9.61e-09	8.63e-05	2.32e-02	3.08e-01	3.60e-01	2.09e-01	9.72e-02	2.40e-03	1.47e-05	9.61e-09	2.72e-17	3.29e-17
 7.67104e+22	1.30e-08	1.08e-04	2.68e-02	3.30e-01	3.59e-01	1.97e-01	8.56e-02	1.95e-03	1.11e-05	1.30e-08	3.76e-17	4.55e-17
 7.71108e+22	1.65e-08	1.28e-04	3.00e-02	3.47e-01	3.58e-01	1.87e-01	7.70e-02	1.65e-03	8.78e-06	1.65e-08	4.87e-17	5.88e-17
 7.75163e+22	2.25e-08	1.59e-04	3.45e-02	3.69e-01	3.54e-01	1.74e-01	6.70e-02	1.32e-03	6.50e-06	2.25e-08	6.78e-17	8.19e-17
 7.79256e+22	2.86e-08	1.89e-04	3.85e-02	3.86e-01	3.50e-01	1.65e-01	5.98e-02	1.11e-03	5.11e-06	2.86e-08	8.80e-17	1.06e-16
 7.83398e+22	3.91e-08	2.35e-04	4.42e-02	4.08e-01	3.44e-01	1.52e-01	5.14e-02	8.76e-04	3.72e-06	3.91e-08	1.23e-16	1.48e-16
 7.87598e+22	5.00e-08	2.80e-04	4.92e-02	4.25e-01	3.38e-01	1.42e-01	4.55e-02	7.24e-04	2.88e-06	5.00e-08	1.61e-16	1.94e-16
 7.91233e+22	6.30e-08	3.28e-04	5.42e-02	4.40e-01	3.31e-01	1.33e-01	4.04e-02	6.03e-04	2.25e-06	6.30e-08	2.07e-16	2.49e-16
 7.95320e+22	8.50e-08	4.04e-04	6.15e-02	4.60e-01	3.22e-01	1.21e-01	3.44e-02	4.73e-04	1.63e-06	8.50e-08	2.88e-16	3.46e-16
 7.99227e+22	1.04e-07	4.65e-04	6.69e-02	4.73e-01	3.15e-01	1.14e-01	3.08e-02	3.99e-04	1.30e-06	1.04e-07	3.60e-16	4.32e-16
 8.02900e+22	1.36e-07	5.58e-04	7.45e-02	4.89e-01	3.05e-01	1.04e-01	2.65e-02	3.18e-04	9.59e-07	1.36e-07	4.84e-16	5.80e-16
 8.06633e+22	1.68e-07	6.42e-04	8.09e-02	5.01e-01	2.97e-01	9.70e-02	2.35e-02	2.66e-04	7.57e-07	1.68e-07	6.09e-16	7.29e-16
 8.10444e+22	2.19e-07	7.70e-04	8.98e-02	5.15e-01	2.86e-01	8.81e-02	2.01e-02	2.10e-04	5.54e-07	2.19e-07	8.20e-16	9.81e-16
 8.14297e+22	2.72e-07	8.90e-04	9.76e-02	5.26e-01	2.76e-01	8.13e-02	1.76e-02	1.73e-04	4.28e-07	2.72e-07	1.04e-15	1.25e-15
 8.18206e+22	3.56e-07	1.06e-03	1.08e-01	5.38e-01	2.64e-01	7.32e-02	1.49e-02	1.35e-04	3.09e-07	3.56e-07	1.41e-15	1.68e-15
 8.22149e+22	4.41e-07	1.23e-03	1.17e-01	5.47e-01	2.54e-01	6.71e-02	1.30e-02	1.10e-04	2.37e-07	4.41e-07	1.79e-15	2.14e-15
 8.25616e+22	5.44e-07	1.41e-03	1.26e-01	5.55e-01	2.44e-01	6.15e-02	1.13e-02	9.00e-05	1.82e-07	5.44e-07	2.27e-15	2.70e-15
 8.29601e+22	7.10e-07	1.69e-03	1.39e-01	5.63e-01	2.32e-01	5.48e-02	9.49e-03	6.93e-05	1.29e-07	7.10e-07	3.07e-15	3.65e-15
 8.33644e+22	8.82e-07	1.95e-03	1.50e-01	5.69e-01	2.21e-01	4.97e-02	8.18e-03	5.57e-05	0.00e+00	8.82e-07	3.92e-15	4.67e-15
 8.36884e+22	1.05e-06	2.19e-03	1.60e-01	5.73e-01	2.12e-01	4.58e-02	7.23e-03	4.65e-05	0.00e+00	1.05e-06	4.80e-15	5.70e-15
 8.40216e+22	1.30e-06	2.51e-03	1.71e-01	5.76e-01	2.02e-01	4.14e-02	6.22e-03	3.73e-05	0.00e+00	1.30e-06	6.12e-15	7.26e-15
 8.43644e+22	1.56e-06	2.82e-03	1.82e-01	5.78e-01	1.93e-01	3.79e-02	5.46e-03	3.09e-05	0.00e+00	1.56e-06	7.51e-15	8.92e-15
 8.46707e+22	1.85e-06	3.16e-03	1.93e-01	5.79e-01	1.85e-01	3.48e-02	4.81e-03	2.57e-05	0.00e+00	1.85e-06	9.17e-15	1.09e-14
 8.50199e+22	2.30e-06	3.64e-03	2.07e-01	5.80e-01	1.74e-01	3.11e-02	4.08e-03	2.03e-05	0.00e+00	2.30e-06	1.18e-14	1.40e-14
 8.53721e+22	2.75e-06	4.09e-03	2.19e-01	5.79e-01	1.66e-01	2.83e-02	3.55e-03	1.66e-05	0.00e+00	2.75e-06	1.45e-14	1.72e-14
 8.56789e+22	3.26e-06	4.57e-03	2.31e-01	5.77e-01	1.58e-01	2.58e-02	3.11e-03	1.37e-05	0.00e+00	3.26e-06	1.77e-14	2.09e-14
 8.60284e+22	4.05e-06	5.26e-03	2.48e-01	5.74e-01	1.48e-01	2.29e-02	2.62e-03	1.07e-05	0.00e+00	4.05e-06	2.28e-14	2.70e-14
 8.63814e+22	4.80e-06	5.86e-03	2.61e-01	5.70e-01	1.40e-01	2.07e-02	2.28e-03	8.73e-06	0.00e+00	4.80e-06	2.78e-14	3.29e-14
 8.67391e+22	5.94e-06	6.73e-03	2.78e-01	5.64e-01	1.31e-01	1.83e-02	1.91e-03	6.77e-06	0.00e+00	5.94e-06	3.58e-14	4.23e-14
 8.71022e+22	7.10e-06	7.53e-03	2.93e-01	5.59e-01	1.23e-01	1.64e-02	1.64e-03	5.45e-06	0.00e+00	7.10e-06	4.41e-14	5.20e-14
 8.74214e+22	8.39e-06	8.39e-03	3.07e-01	5.52e-01	1.16e-01	1.48e-02	1.42e-03	4.42e-06	0.00e+00	8.39e-06	5.38e-14	6.35e-14
 8.77858e+22	1.04e-05	9.60e-03	3.26e-01	5.43e-01	1.07e-01	1.29e-02	1.18e-03	3.39e-06	0.00e+00	1.04e-05	6.92e-14	8.16e-14
 8.81582e+22	1.24e-05	1.07e-02	3.42e-01	5.34e-01	1.00e-01	1.15e-02	1.00e-03	2.70e-06	0.00e+00	1.24e-05	8.53e-14	1.01e-13
 8.84908e+22	1.47e-05	1.20e-02	3.58e-01	5.25e-01	9.38e-02	1.03e-02	8.59e-04	2.16e-06	0.00e+00	1.47e-05	1.05e-13	1.23e-13
 8.88729e+22	1.82e-05	1.37e-02	3.79e-01	5.12e-01	8.59e-02	8.87e-03	7.01e-04	1.62e-06	0.00e+00	1.82e-05	1.36e-13	1.60e-13
 8.92611e+22	2.17e-05	1.54e-02	3.97e-01	5.00e-01	7.96e-02	7.82e-03	5.91e-04	1.27e-06	0.00e+00	2.17e-05	1.68e-13	1.98e-13
 8.96569e+22	2.69e-05	1.76e-02	4.18e-01	4.84e-01	7.25e-02	6.69e-03	4.79e-04	9.42e-07	0.00e+00	2.69e-05	2.18e-13	2.57e-13
 9.00632e+22	3.25e-05	1.98e-02	4.38e-01	4.70e-01	6.64e-02	5.81e-03	3.96e-04	7.20e-07	0.00e+00	3.25e-05	2.73e-13	3.22e-13
 9.04188e+22	3.85e-05	2.20e-02	4.55e-01	4.56e-01	6.12e-02	5.09e-03	3.33e-04	5.62e-07	0.00e+00	3.85e-05	3.36e-13	3.96e-13
