#depth	C	C+	C+2	C+3	C+4	C+5	C+6	C[1]	C[2]	C[3]	C+[1]	C+[2]	CO
 4.62852e+21	0.00e+00	5.16e-26	1.15e-19	2.98e-14	9.50e-09	1.68e-04	1.00e+00	0.00e+00	0.00e+00	0.00e+00	0.00e+00	0.00e+00	1.67e-123
 1.05368e+22	0.00e+00	3.16e-25	5.00e-19	9.16e-14	1.99e-08	2.40e-04	1.00e+00	0.00e+00	0.00e+00	0.00e+00	0.00e+00	0.00e+00	3.21e-118
 1.26843e+22	7.47e-33	1.07e-24	1.34e-18	1.95e-13	3.26e-08	3.04e-04	1.00e+00	0.00e+00	0.00e+00	0.00e+00	0.00e+00	0.00e+00	1.23e-91
 1.42464e+22	2.37e-32	2.81e-24	2.94e-18	3.58e-13	4.86e-08	3.68e-04	1.00e+00	0.00e+00	0.00e+00	0.00e+00	0.00e+00	0.00e+00	1.89e-91
 1.51142e+22	3.15e-32	3.57e-24	3.59e-18	4.17e-13	5.37e-08	3.86e-04	1.00e+00	0.00e+00	0.00e+00	0.00e+00	0.00e+00	0.00e+00	1.11e-89
 1.54611e+22	4.21e-32	4.55e-24	4.37e-18	4.84e-13	5.93e-08	4.05e-04	1.00e+00	0.00e+00	0.00e+00	0.00e+00	0.00e+00	0.00e+00	8.55e-89
 1.58065e+22	5.58e-32	5.78e-24	5.30e-18	5.63e-13	6.54e-08	4.24e-04	1.00e+00	0.00e+00	0.00e+00	0.00e+00	0.00e+00	0.00e+00	9.30e-89
 1.62024e+22	7.92e-32	7.75e-24	6.74e-18	6.80e-13	7.39e-08	4.50e-04	1.00e+00	0.00e+00	0.00e+00	0.00e+00	0.00e+00	0.00e+00	1.58e-88
 1.66038e+22	1.07e-31	9.98e-24	8.27e-18	7.96e-13	8.20e-08	4.73e-04	1.00e+00	0.00e+00	0.00e+00	0.00e+00	0.00e+00	0.00e+00	3.80e-88
 1.69235e+22	1.37e-31	1.23e-23	9.79e-18	9.07e-13	8.94e-08	4.92e-04	1.00e+00	0.00e+00	0.00e+00	0.00e+00	0.00e+00	0.00e+00	1.57e-87
 1.72505e+22	1.83e-31	1.57e-23	1.20e-17	1.06e-12	9.89e-08	5.16e-04	9.99e-01	0.00e+00	0.00e+00	0.00e+00	0.00e+00	0.00e+00	1.56e-87
 1.75921e+22	2.38e-31	1.95e-23	1.43e-17	1.22e-12	1.08e-07	5.39e-04	9.99e-01	0.00e+00	0.00e+00	0.00e+00	0.00e+00	0.00e+00	9.66e-87
 1.78988e+22	3.04e-31	2.40e-23	1.69e-17	1.39e-12	1.18e-07	5.62e-04	9.99e-01	0.00e+00	0.00e+00	0.00e+00	0.00e+00	0.00e+00	2.46e-86
 1.81964e+22	3.88e-31	2.94e-23	1.99e-17	1.58e-12	1.29e-07	5.85e-04	9.99e-01	0.00e+00	0.00e+00	0.00e+00	0.00e+00	0.00e+00	4.50e-86
 1.85362e+22	5.24e-31	3.79e-23	2.45e-17	1.85e-12	1.43e-07	6.15e-04	9.99e-01	0.00e+00	0.00e+00	0.00e+00	0.00e+00	0.00e+00	3.03e-86
 1.88829e+22	6.79e-31	4.72e-23	2.92e-17	2.13e-12	1.56e-07	6.42e-04	9.99e-01	0.00e+00	0.00e+00	0.00e+00	0.00e+00	0.00e+00	1.52e-85
 1.91861e+22	8.69e-31	5.80e-23	3.46e-17	2.43e-12	1.70e-07	6.69e-04	9.99e-01	0.00e+00	0.00e+00	0.00e+00	0.00e+00	0.00e+00	1.55e-85
 1.95280e+22	1.17e-30	7.46e-23	4.25e-17	2.85e-12	1.89e-07	7.03e-04	9.99e-01	0.00e+00	0.00e+00	0.00e+00	0.00e+00	0.00e+00	1.82e-85
 1.98581e+22	1.49e-30	9.14e-23	5.00e-17	3.23e-12	2.06e-07	7.32e-04	9.99e-01	0.00e+00	0.00e+00	0.00e+00	0.00e+00	0.00e+00	1.21e-84
 2.01147e+22	1.84e-30	1.09e-22	5.77e-17	3.60e-12	2.21e-07	7.58e-04	9.99e-01	0.00e+00	0.00e+00	0.00e+00	0.00e+00	0.00e+00	7.88e-85
 2.03900e+22	2.32e-30	1.33e-22	6.79e-17	4.10e-12	2.41e-07	7.88e-04	9.99e-01	0.00e+00	0.00e+00	0.00e+00	0.00e+00	0.00e+00	3.84e-84
 2.06924e+22	2.96e-30	1.63e-22	8.01e-17	4.65e-12	2.62e-07	8.20e-04	9.99e-01	0.00e+00	0.00e+00	0.00e+00	0.00e+00	0.00e+00	3.29e-84
 2.09732e+22	3.69e-30	1.96e-22	9.30e-17	5.22e-12	2.83e-07	8.51e-04	9.99e-01	0.00e+00	0.00e+00	0.00e+00	0.00e+00	0.00e+00	4.15e-84
 2.12811e+22	4.80e-30	2.45e-22	1.12e-16	6.03e-12	3.10e-07	8.89e-04	9.99e-01	0.00e+00	0.00e+00	0.00e+00	0.00e+00	0.00e+00	3.09e-84
 2.15953e+22	6.13e-30	3.00e-22	1.32e-16	6.84e-12	3.38e-07	9.26e-04	9.99e-01	0.00e+00	0.00e+00	0.00e+00	0.00e+00	0.00e+00	2.62e-83
 2.18589e+22	7.57e-30	3.58e-22	1.52e-16	7.65e-12	3.63e-07	9.59e-04	9.99e-01	0.00e+00	0.00e+00	0.00e+00	0.00e+00	0.00e+00	2.56e-83
 2.21430e+22	9.68e-30	4.41e-22	1.80e-16	8.73e-12	3.96e-07	9.99e-04	9.99e-01	0.00e+00	0.00e+00	0.00e+00	0.00e+00	0.00e+00	3.45e-83
 2.24484e+22	1.23e-29	5.40e-22	2.12e-16	9.91e-12	4.31e-07	1.04e-03	9.99e-01	0.00e+00	0.00e+00	0.00e+00	0.00e+00	0.00e+00	2.82e-83
 2.27067e+22	1.50e-29	6.36e-22	2.42e-16	1.10e-11	4.62e-07	1.07e-03	9.99e-01	0.00e+00	0.00e+00	0.00e+00	0.00e+00	0.00e+00	2.40e-82
 2.29679e+22	1.88e-29	7.69e-22	2.83e-16	1.24e-11	5.00e-07	1.12e-03	9.99e-01	0.00e+00	0.00e+00	0.00e+00	0.00e+00	0.00e+00	4.21e-82
 2.32463e+22	2.33e-29	9.21e-22	3.27e-16	1.39e-11	5.39e-07	1.16e-03	9.99e-01	0.00e+00	0.00e+00	0.00e+00	0.00e+00	0.00e+00	9.82e-82
 2.34979e+22	2.84e-29	1.09e-21	3.75e-16	1.54e-11	5.78e-07	1.20e-03	9.99e-01	0.00e+00	0.00e+00	0.00e+00	0.00e+00	0.00e+00	1.90e-81
 2.37757e+22	3.61e-29	1.33e-21	4.42e-16	1.75e-11	6.29e-07	1.24e-03	9.99e-01	0.00e+00	0.00e+00	0.00e+00	0.00e+00	0.00e+00	1.51e-81
 2.40674e+22	4.53e-29	1.61e-21	5.15e-16	1.98e-11	6.81e-07	1.29e-03	9.99e-01	0.00e+00	0.00e+00	0.00e+00	0.00e+00	0.00e+00	3.52e-81
 2.43158e+22	5.52e-29	1.90e-21	5.88e-16	2.19e-11	7.29e-07	1.34e-03	9.99e-01	0.00e+00	0.00e+00	0.00e+00	0.00e+00	0.00e+00	1.82e-80
 2.45431e+22	6.60e-29	2.20e-21	6.65e-16	2.41e-11	7.77e-07	1.38e-03	9.99e-01	0.00e+00	0.00e+00	0.00e+00	0.00e+00	0.00e+00	2.85e-80
 2.48042e+22	8.25e-29	2.66e-21	7.75e-16	2.72e-11	8.41e-07	1.43e-03	9.99e-01	0.00e+00	0.00e+00	0.00e+00	0.00e+00	0.00e+00	4.94e-80
 2.50842e+22	1.03e-28	3.19e-21	8.99e-16	3.04e-11	9.08e-07	1.48e-03	9.99e-01	0.00e+00	0.00e+00	0.00e+00	0.00e+00	0.00e+00	8.53e-80
 2.53374e+22	1.26e-28	3.78e-21	1.03e-15	3.39e-11	9.75e-07	1.54e-03	9.98e-01	0.00e+00	0.00e+00	0.00e+00	0.00e+00	0.00e+00	1.41e-79
 2.56153e+22	1.60e-28	4.63e-21	1.21e-15	3.85e-11	1.06e-06	1.60e-03	9.98e-01	0.00e+00	0.00e+00	0.00e+00	0.00e+00	0.00e+00	2.56e-79
 2.58931e+22	1.98e-28	5.52e-21	1.40e-15	4.29e-11	1.14e-06	1.66e-03	9.98e-01	0.00e+00	0.00e+00	0.00e+00	0.00e+00	0.00e+00	4.33e-79
 2.61206e+22	2.37e-28	6.42e-21	1.58e-15	4.72e-11	1.22e-06	1.71e-03	9.98e-01	0.00e+00	0.00e+00	0.00e+00	0.00e+00	0.00e+00	6.77e-79
 2.63662e+22	2.92e-28	7.66e-21	1.82e-15	5.27e-11	1.31e-06	1.77e-03	9.98e-01	0.00e+00	0.00e+00	0.00e+00	0.00e+00	0.00e+00	1.14e-78
 2.66345e+22	3.60e-28	9.10e-21	2.10e-15	5.88e-11	1.41e-06	1.83e-03	9.98e-01	0.00e+00	0.00e+00	0.00e+00	0.00e+00	0.00e+00	1.92e-78
 2.68877e+22	4.41e-28	1.08e-20	2.41e-15	6.54e-11	1.52e-06	1.90e-03	9.98e-01	0.00e+00	0.00e+00	0.00e+00	0.00e+00	0.00e+00	3.19e-78
 2.71333e+22	5.38e-28	1.27e-20	2.75e-15	7.25e-11	1.63e-06	1.96e-03	9.98e-01	0.00e+00	0.00e+00	0.00e+00	0.00e+00	0.00e+00	5.23e-78
 2.73688e+22	6.48e-28	1.49e-20	3.12e-15	7.99e-11	1.74e-06	2.03e-03	9.98e-01	0.00e+00	0.00e+00	0.00e+00	0.00e+00	0.00e+00	8.31e-78
 2.76300e+22	8.09e-28	1.79e-20	3.62e-15	8.98e-11	1.88e-06	2.11e-03	9.98e-01	0.00e+00	0.00e+00	0.00e+00	0.00e+00	0.00e+00	1.45e-77
 2.79031e+22	1.00e-27	2.13e-20	4.17e-15	1.00e-10	2.02e-06	2.18e-03	9.98e-01	0.00e+00	0.00e+00	0.00e+00	0.00e+00	0.00e+00	2.45e-77
 2.81422e+22	1.21e-27	2.50e-20	4.74e-15	1.10e-10	2.16e-06	2.26e-03	9.98e-01	0.00e+00	0.00e+00	0.00e+00	0.00e+00	0.00e+00	3.96e-77
 2.84032e+22	1.52e-27	3.02e-20	5.52e-15	1.24e-10	2.34e-06	2.35e-03	9.98e-01	0.00e+00	0.00e+00	0.00e+00	0.00e+00	0.00e+00	6.96e-77
 2.86810e+22	1.89e-27	3.61e-20	6.37e-15	1.39e-10	2.52e-06	2.44e-03	9.98e-01	0.00e+00	0.00e+00	0.00e+00	0.00e+00	0.00e+00	1.20e-76
 2.89197e+22	2.28e-27	4.22e-20	7.21e-15	1.52e-10	2.69e-06	2.52e-03	9.97e-01	0.00e+00	0.00e+00	0.00e+00	0.00e+00	0.00e+00	1.91e-76
 2.91363e+22	2.72e-27	4.89e-20	8.11e-15	1.67e-10	2.86e-06	2.60e-03	9.97e-01	0.00e+00	0.00e+00	0.00e+00	0.00e+00	0.00e+00	2.99e-76
 2.93849e+22	3.38e-27	5.85e-20	9.37e-15	1.86e-10	3.09e-06	2.70e-03	9.97e-01	0.00e+00	0.00e+00	0.00e+00	0.00e+00	0.00e+00	5.15e-76
 2.96487e+22	4.16e-27	6.93e-20	1.07e-14	2.06e-10	3.32e-06	2.80e-03	9.97e-01	0.00e+00	0.00e+00	0.00e+00	0.00e+00	0.00e+00	8.67e-76
 2.98871e+22	5.02e-27	8.11e-20	1.21e-14	2.27e-10	3.54e-06	2.89e-03	9.97e-01	0.00e+00	0.00e+00	0.00e+00	0.00e+00	0.00e+00	1.39e-75
 3.01517e+22	6.34e-27	9.82e-20	1.41e-14	2.55e-10	3.84e-06	3.01e-03	9.97e-01	0.00e+00	0.00e+00	0.00e+00	0.00e+00	0.00e+00	2.51e-75
 3.04148e+22	7.76e-27	1.16e-19	1.61e-14	2.81e-10	4.11e-06	3.12e-03	9.97e-01	0.00e+00	0.00e+00	0.00e+00	0.00e+00	0.00e+00	4.17e-75
 3.06311e+22	9.26e-27	1.34e-19	1.81e-14	3.06e-10	4.37e-06	3.22e-03	9.97e-01	0.00e+00	0.00e+00	0.00e+00	0.00e+00	0.00e+00	6.52e-75
 3.08675e+22	1.15e-26	1.60e-19	2.07e-14	3.40e-10	4.70e-06	3.35e-03	9.97e-01	0.00e+00	0.00e+00	0.00e+00	0.00e+00	0.00e+00	1.12e-74
 3.11172e+22	1.39e-26	1.87e-19	2.35e-14	3.73e-10	5.02e-06	3.46e-03	9.97e-01	0.00e+00	0.00e+00	0.00e+00	0.00e+00	0.00e+00	1.83e-74
 3.13495e+22	1.69e-26	2.19e-19	2.66e-14	4.09e-10	5.35e-06	3.59e-03	9.96e-01	0.00e+00	0.00e+00	0.00e+00	0.00e+00	0.00e+00	3.00e-74
 3.15817e+22	2.06e-26	2.57e-19	3.01e-14	4.49e-10	5.72e-06	3.71e-03	9.96e-01	0.00e+00	0.00e+00	0.00e+00	0.00e+00	0.00e+00	4.93e-74
 3.18047e+22	2.47e-26	2.98e-19	3.38e-14	4.89e-10	6.08e-06	3.84e-03	9.96e-01	0.00e+00	0.00e+00	0.00e+00	0.00e+00	0.00e+00	7.87e-74
 3.20163e+22	2.96e-26	3.44e-19	3.78e-14	5.31e-10	6.45e-06	3.97e-03	9.96e-01	0.00e+00	0.00e+00	0.00e+00	0.00e+00	0.00e+00	1.24e-73
 3.22573e+22	3.71e-26	4.13e-19	4.35e-14	5.88e-10	6.95e-06	4.13e-03	9.96e-01	0.00e+00	0.00e+00	0.00e+00	0.00e+00	0.00e+00	2.23e-73
 3.25018e+22	4.47e-26	4.81e-19	4.90e-14	6.42e-10	7.40e-06	4.28e-03	9.96e-01	0.00e+00	0.00e+00	0.00e+00	0.00e+00	0.00e+00	3.58e-73
 3.27509e+22	5.68e-26	5.82e-19	5.67e-14	7.14e-10	8.00e-06	4.47e-03	9.96e-01	0.00e+00	0.00e+00	0.00e+00	0.00e+00	0.00e+00	6.61e-73
 3.30009e+22	6.93e-26	6.83e-19	6.41e-14	7.79e-10	8.53e-06	4.63e-03	9.95e-01	0.00e+00	0.00e+00	0.00e+00	0.00e+00	0.00e+00	1.11e-72
 3.32058e+22	8.27e-26	7.86e-19	7.13e-14	8.40e-10	9.02e-06	4.79e-03	9.95e-01	0.00e+00	0.00e+00	0.00e+00	0.00e+00	0.00e+00	1.74e-72
 3.34259e+22	1.01e-25	9.25e-19	8.08e-14	9.19e-10	9.64e-06	4.97e-03	9.95e-01	0.00e+00	0.00e+00	0.00e+00	0.00e+00	0.00e+00	2.95e-72
 3.36591e+22	1.23e-25	1.08e-18	9.09e-14	9.98e-10	1.03e-05	5.16e-03	9.95e-01	0.00e+00	0.00e+00	0.00e+00	0.00e+00	0.00e+00	4.93e-72
 3.38672e+22	1.47e-25	1.25e-18	1.01e-13	1.08e-09	1.09e-05	5.33e-03	9.95e-01	0.00e+00	0.00e+00	0.00e+00	0.00e+00	0.00e+00	7.81e-72
 3.40954e+22	1.84e-25	1.49e-18	1.16e-13	1.18e-09	1.17e-05	5.56e-03	9.94e-01	0.00e+00	0.00e+00	0.00e+00	0.00e+00	0.00e+00	1.40e-71
 3.43297e+22	2.24e-25	1.74e-18	1.30e-13	1.28e-09	1.24e-05	5.76e-03	9.94e-01	0.00e+00	0.00e+00	0.00e+00	0.00e+00	0.00e+00	2.33e-71
 3.45286e+22	2.67e-25	1.99e-18	1.44e-13	1.37e-09	1.31e-05	5.96e-03	9.94e-01	0.00e+00	0.00e+00	0.00e+00	0.00e+00	0.00e+00	3.69e-71
 3.47438e+22	3.30e-25	2.36e-18	1.63e-13	1.50e-09	1.40e-05	6.21e-03	9.94e-01	0.00e+00	0.00e+00	0.00e+00	0.00e+00	0.00e+00	6.49e-71
 3.49637e+22	3.95e-25	2.72e-18	1.81e-13	1.61e-09	1.48e-05	6.42e-03	9.94e-01	0.00e+00	0.00e+00	0.00e+00	0.00e+00	0.00e+00	1.04e-70
 3.51595e+22	4.73e-25	3.13e-18	2.01e-13	1.73e-09	1.56e-05	6.64e-03	9.93e-01	0.00e+00	0.00e+00	0.00e+00	0.00e+00	0.00e+00	1.68e-70
 3.53836e+22	5.93e-25	3.74e-18	2.30e-13	1.89e-09	1.68e-05	6.94e-03	9.93e-01	0.00e+00	0.00e+00	0.00e+00	0.00e+00	0.00e+00	3.05e-70
 3.56096e+22	7.17e-25	4.33e-18	2.56e-13	2.03e-09	1.77e-05	7.19e-03	9.93e-01	0.00e+00	0.00e+00	0.00e+00	0.00e+00	0.00e+00	5.06e-70
 3.57985e+22	8.48e-25	4.94e-18	2.82e-13	2.17e-09	1.87e-05	7.43e-03	9.93e-01	0.00e+00	0.00e+00	0.00e+00	0.00e+00	0.00e+00	7.90e-70
 3.60042e+22	1.05e-24	5.82e-18	3.18e-13	2.34e-09	1.99e-05	7.74e-03	9.92e-01	0.00e+00	0.00e+00	0.00e+00	0.00e+00	0.00e+00	1.40e-69
 3.62162e+22	1.25e-24	6.70e-18	3.53e-13	2.51e-09	2.11e-05	8.01e-03	9.92e-01	0.00e+00	0.00e+00	0.00e+00	0.00e+00	0.00e+00	2.25e-69
 3.64050e+22	1.49e-24	7.67e-18	3.90e-13	2.68e-09	2.22e-05	8.28e-03	9.92e-01	0.00e+00	0.00e+00	0.00e+00	0.00e+00	0.00e+00	3.60e-69
 3.66193e+22	1.86e-24	9.11e-18	4.42e-13	2.91e-09	2.37e-05	8.64e-03	9.91e-01	0.00e+00	0.00e+00	0.00e+00	0.00e+00	0.00e+00	6.52e-69
 3.68361e+22	2.24e-24	1.05e-17	4.91e-13	3.12e-09	2.51e-05	8.96e-03	9.91e-01	0.00e+00	0.00e+00	0.00e+00	0.00e+00	0.00e+00	1.08e-68
 3.70228e+22	2.68e-24	1.21e-17	5.42e-13	3.32e-09	2.65e-05	9.27e-03	9.91e-01	0.00e+00	0.00e+00	0.00e+00	0.00e+00	0.00e+00	1.75e-68
 3.72321e+22	3.35e-24	1.44e-17	6.14e-13	3.60e-09	2.83e-05	9.68e-03	9.90e-01	0.00e+00	0.00e+00	0.00e+00	0.00e+00	0.00e+00	3.23e-68
 3.74417e+22	3.99e-24	1.64e-17	6.78e-13	3.84e-09	2.99e-05	1.00e-02	9.90e-01	0.00e+00	0.00e+00	0.00e+00	0.00e+00	0.00e+00	5.18e-68
 3.76515e+22	5.00e-24	1.96e-17	7.69e-13	4.16e-09	3.19e-05	1.05e-02	9.90e-01	0.00e+00	0.00e+00	0.00e+00	0.00e+00	0.00e+00	9.57e-68
 3.78648e+22	5.99e-24	2.25e-17	8.51e-13	4.44e-09	3.37e-05	1.08e-02	9.89e-01	0.00e+00	0.00e+00	0.00e+00	0.00e+00	0.00e+00	1.56e-67
 3.80824e+22	7.57e-24	2.69e-17	9.69e-13	4.81e-09	3.62e-05	1.13e-02	9.89e-01	0.00e+00	0.00e+00	0.00e+00	0.00e+00	0.00e+00	2.98e-67
 3.83039e+22	9.27e-24	3.15e-17	1.08e-12	5.15e-09	3.84e-05	1.18e-02	9.88e-01	0.00e+00	0.00e+00	0.00e+00	0.00e+00	0.00e+00	5.20e-67
 3.84897e+22	1.10e-23	3.59e-17	1.19e-12	5.47e-09	4.04e-05	1.22e-02	9.88e-01	0.00e+00	0.00e+00	0.00e+00	0.00e+00	0.00e+00	8.37e-67
 3.86905e+22	1.37e-23	4.26e-17	1.35e-12	5.90e-09	4.32e-05	1.27e-02	9.87e-01	0.00e+00	0.00e+00	0.00e+00	0.00e+00	0.00e+00	1.54e-66
 3.88933e+22	1.65e-23	4.91e-17	1.49e-12	6.27e-09	4.56e-05	1.32e-02	9.87e-01	0.00e+00	0.00e+00	0.00e+00	4.91e-17	5.41e-26	2.57e-66
 3.90556e+22	1.92e-23	5.51e-17	1.62e-12	6.59e-09	4.77e-05	1.36e-02	9.86e-01	0.00e+00	0.00e+00	0.00e+00	5.51e-17	6.66e-24	3.91e-66
 3.92235e+22	2.33e-23	6.38e-17	1.79e-12	7.03e-09	5.05e-05	1.41e-02	9.86e-01	0.00e+00	0.00e+00	0.00e+00	6.38e-17	7.71e-24	6.63e-66
 3.93961e+22	2.72e-23	7.20e-17	1.96e-12	7.42e-09	5.30e-05	1.45e-02	9.85e-01	0.00e+00	0.00e+00	0.00e+00	7.20e-17	8.71e-24	1.03e-65
 3.95407e+22	3.15e-23	8.04e-17	2.12e-12	7.76e-09	5.52e-05	1.49e-02	9.85e-01	0.00e+00	0.00e+00	0.00e+00	8.04e-17	9.73e-24	1.54e-65
 3.96715e+22	3.62e-23	8.95e-17	2.28e-12	8.11e-09	5.75e-05	1.54e-02	9.85e-01	0.00e+00	0.00e+00	0.00e+00	8.95e-17	1.08e-23	2.27e-65
 3.97937e+22	4.11e-23	9.87e-17	2.45e-12	8.45e-09	5.97e-05	1.57e-02	9.84e-01	0.00e+00	0.00e+00	0.00e+00	9.87e-17	1.19e-23	3.24e-65
 3.99280e+22	4.80e-23	1.11e-16	2.66e-12	8.88e-09	6.25e-05	1.62e-02	9.84e-01	0.00e+00	0.00e+00	0.00e+00	1.11e-16	1.34e-23	4.97e-65
 4.00678e+22	5.53e-23	1.24e-16	2.87e-12	9.30e-09	6.52e-05	1.66e-02	9.83e-01	0.00e+00	0.00e+00	0.00e+00	1.24e-16	1.50e-23	7.38e-65
 4.01914e+22	6.32e-23	1.37e-16	3.09e-12	9.70e-09	6.78e-05	1.71e-02	9.83e-01	0.00e+00	0.00e+00	0.00e+00	1.37e-16	1.66e-23	1.07e-64
 4.03056e+22	7.19e-23	1.51e-16	3.31e-12	1.01e-08	7.04e-05	1.75e-02	9.82e-01	0.00e+00	0.00e+00	0.00e+00	1.51e-16	1.83e-23	1.54e-64
 4.04129e+22	8.04e-23	1.65e-16	3.52e-12	1.05e-08	7.27e-05	1.79e-02	9.82e-01	0.00e+00	0.00e+00	0.00e+00	1.65e-16	1.99e-23	2.09e-64
 4.05345e+22	9.36e-23	1.85e-16	3.82e-12	1.10e-08	7.61e-05	1.84e-02	9.82e-01	0.00e+00	0.00e+00	0.00e+00	1.85e-16	2.24e-23	3.20e-64
 4.06600e+22	1.08e-22	2.06e-16	4.12e-12	1.15e-08	7.92e-05	1.89e-02	9.81e-01	0.00e+00	0.00e+00	0.00e+00	2.06e-16	2.49e-23	4.71e-64
 4.07700e+22	1.22e-22	2.27e-16	4.41e-12	1.19e-08	8.22e-05	1.93e-02	9.81e-01	0.00e+00	0.00e+00	0.00e+00	2.27e-16	2.75e-23	6.70e-64
 4.08923e+22	1.43e-22	2.57e-16	4.82e-12	1.26e-08	8.61e-05	1.99e-02	9.80e-01	0.00e+00	0.00e+00	0.00e+00	2.57e-16	3.11e-23	1.05e-63
 4.10112e+22	1.62e-22	2.82e-16	5.15e-12	1.31e-08	8.93e-05	2.03e-02	9.80e-01	0.00e+00	0.00e+00	0.00e+00	2.82e-16	3.42e-23	1.47e-63
 4.11104e+22	2.01e-26	3.11e-16	5.52e-12	1.36e-08	9.27e-05	2.08e-02	9.79e-01	0.00e+00	0.00e+00	0.00e+00	3.11e-16	3.77e-23	4.69e-64
 4.12080e+22	2.28e-26	3.41e-16	5.89e-12	1.41e-08	9.59e-05	2.13e-02	9.79e-01	0.00e+00	0.00e+00	0.00e+00	3.41e-16	4.14e-23	5.20e-64
 4.13191e+22	2.71e-26	3.86e-16	6.43e-12	1.48e-08	1.00e-04	2.19e-02	9.78e-01	0.00e+00	0.00e+00	0.00e+00	3.86e-16	4.68e-23	8.00e-64
 4.14318e+22	3.15e-26	4.30e-16	6.94e-12	1.55e-08	1.05e-04	2.24e-02	9.77e-01	0.00e+00	0.00e+00	0.00e+00	4.30e-16	5.21e-23	1.16e-63
 4.15291e+22	3.61e-26	4.73e-16	7.43e-12	1.61e-08	1.08e-04	2.29e-02	9.77e-01	0.00e+00	0.00e+00	0.00e+00	4.73e-16	5.73e-23	1.62e-63
 4.16379e+22	4.33e-26	5.40e-16	8.16e-12	1.70e-08	1.14e-04	2.36e-02	9.76e-01	0.00e+00	0.00e+00	0.00e+00	5.40e-16	6.55e-23	2.56e-63
 4.17484e+22	5.04e-26	6.02e-16	8.82e-12	1.78e-08	1.19e-04	2.42e-02	9.76e-01	0.00e+00	0.00e+00	0.00e+00	6.02e-16	7.30e-23	3.72e-63
 4.18610e+22	6.13e-26	6.95e-16	9.78e-12	1.88e-08	1.25e-04	2.49e-02	9.75e-01	0.00e+00	0.00e+00	0.00e+00	6.95e-16	8.43e-23	6.05e-63
 4.19743e+22	7.18e-26	7.81e-16	1.06e-11	1.98e-08	1.31e-04	2.56e-02	9.74e-01	0.00e+00	0.00e+00	0.00e+00	7.81e-16	9.48e-23	8.96e-63
 4.20705e+22	8.31e-26	8.69e-16	1.15e-11	2.07e-08	1.36e-04	2.62e-02	9.74e-01	0.00e+00	0.00e+00	0.00e+00	8.69e-16	1.06e-22	1.28e-62
 4.21775e+22	1.03e-25	1.02e-15	1.29e-11	2.21e-08	1.44e-04	2.70e-02	9.73e-01	0.00e+00	0.00e+00	0.00e+00	1.02e-15	1.24e-22	2.18e-62
 4.22824e+22	1.19e-25	1.13e-15	1.39e-11	2.31e-08	1.50e-04	2.76e-02	9.72e-01	0.00e+00	0.00e+00	0.00e+00	1.13e-15	1.38e-22	3.09e-62
 4.23847e+22	1.47e-25	1.33e-15	1.56e-11	2.47e-08	1.58e-04	2.85e-02	9.71e-01	0.00e+00	0.00e+00	0.00e+00	1.33e-15	1.61e-22	5.18e-62
 4.24849e+22	1.69e-25	1.48e-15	1.69e-11	2.59e-08	1.64e-04	2.91e-02	9.71e-01	0.00e+00	0.00e+00	0.00e+00	1.48e-15	1.80e-22	7.30e-62
 4.25826e+22	2.09e-25	1.74e-15	1.91e-11	2.78e-08	1.74e-04	3.01e-02	9.70e-01	0.00e+00	0.00e+00	0.00e+00	1.74e-15	2.12e-22	1.24e-61
 4.26800e+22	2.43e-25	1.96e-15	2.08e-11	2.93e-08	1.82e-04	3.08e-02	9.69e-01	0.00e+00	0.00e+00	0.00e+00	1.96e-15	2.38e-22	1.78e-61
 4.27769e+22	3.03e-25	2.32e-15	2.36e-11	3.16e-08	1.93e-04	3.18e-02	9.68e-01	0.00e+00	0.00e+00	0.00e+00	2.32e-15	2.83e-22	3.05e-61
 4.28749e+22	3.57e-25	2.64e-15	2.59e-11	3.35e-08	2.01e-04	3.25e-02	9.67e-01	0.00e+00	0.00e+00	0.00e+00	2.64e-15	3.21e-22	4.52e-61
 4.29740e+22	4.53e-25	3.18e-15	2.97e-11	3.64e-08	2.15e-04	3.36e-02	9.66e-01	0.00e+00	0.00e+00	0.00e+00	3.18e-15	3.87e-22	7.99e-61
 4.30740e+22	5.38e-25	3.64e-15	3.29e-11	3.88e-08	2.25e-04	3.45e-02	9.65e-01	0.00e+00	0.00e+00	0.00e+00	3.64e-15	4.44e-22	1.21e-60
 4.31750e+22	6.86e-25	4.41e-15	3.80e-11	4.24e-08	2.40e-04	3.57e-02	9.64e-01	0.00e+00	0.00e+00	0.00e+00	4.41e-15	5.38e-22	2.14e-60
 4.32753e+22	8.26e-25	5.11e-15	4.25e-11	4.54e-08	2.52e-04	3.66e-02	9.63e-01	0.00e+00	0.00e+00	0.00e+00	5.11e-15	6.23e-22	3.30e-60
 4.33744e+22	1.06e-24	6.24e-15	4.94e-11	4.99e-08	2.70e-04	3.78e-02	9.62e-01	0.00e+00	0.00e+00	0.00e+00	6.24e-15	7.60e-22	5.90e-60
 4.34754e+22	1.30e-24	7.33e-15	5.58e-11	5.39e-08	2.84e-04	3.89e-02	9.61e-01	0.00e+00	0.00e+00	0.00e+00	7.33e-15	8.93e-22	9.41e-60
 4.35789e+22	1.69e-24	9.09e-15	6.57e-11	5.98e-08	3.05e-04	4.03e-02	9.59e-01	0.00e+00	0.00e+00	0.00e+00	9.09e-15	1.11e-21	1.75e-59
 4.36829e+22	2.09e-24	1.08e-14	7.48e-11	6.50e-08	3.23e-04	4.14e-02	9.58e-01	0.00e+00	0.00e+00	0.00e+00	1.08e-14	1.31e-21	2.83e-59
 4.37877e+22	2.77e-24	1.35e-14	8.89e-11	7.26e-08	3.48e-04	4.30e-02	9.57e-01	0.00e+00	0.00e+00	0.00e+00	1.35e-14	1.65e-21	5.35e-59
 4.38933e+22	3.44e-24	1.61e-14	1.02e-10	7.92e-08	3.68e-04	4.42e-02	9.55e-01	0.00e+00	0.00e+00	0.00e+00	1.61e-14	1.96e-21	8.72e-59
 4.39849e+22	4.26e-24	1.92e-14	1.16e-10	8.65e-08	3.89e-04	4.54e-02	9.54e-01	0.00e+00	0.00e+00	0.00e+00	1.92e-14	2.34e-21	1.42e-58
 4.40890e+22	5.69e-24	2.42e-14	1.39e-10	9.72e-08	4.20e-04	4.71e-02	9.52e-01	0.00e+00	0.00e+00	0.00e+00	2.42e-14	2.96e-21	2.70e-58
 4.41921e+22	6.96e-24	2.85e-14	1.58e-10	1.06e-07	4.43e-04	4.84e-02	9.51e-01	0.00e+00	0.00e+00	0.00e+00	2.85e-14	3.48e-21	4.22e-58
 4.42937e+22	9.19e-24	3.57e-14	1.88e-10	1.18e-07	4.76e-04	5.01e-02	9.49e-01	0.00e+00	0.00e+00	0.00e+00	3.57e-14	4.37e-21	7.81e-58
 4.43974e+22	1.13e-23	4.23e-14	2.15e-10	1.29e-07	5.03e-04	5.15e-02	9.48e-01	0.00e+00	0.00e+00	0.00e+00	4.23e-14	5.18e-21	1.24e-57
 4.45038e+22	1.50e-23	5.33e-14	2.57e-10	1.45e-07	5.42e-04	5.33e-02	9.46e-01	0.00e+00	0.00e+00	0.00e+00	5.33e-14	6.52e-21	2.31e-57
 4.46127e+22	1.87e-23	6.37e-14	2.95e-10	1.59e-07	5.74e-04	5.48e-02	9.45e-01	0.00e+00	0.00e+00	0.00e+00	6.37e-14	7.79e-21	3.73e-57
 4.47251e+22	2.51e-23	8.06e-14	3.55e-10	1.80e-07	6.19e-04	5.69e-02	9.42e-01	0.00e+00	0.00e+00	0.00e+00	8.06e-14	9.88e-21	7.02e-57
 4.48399e+22	3.13e-23	9.66e-14	4.09e-10	1.98e-07	6.57e-04	5.85e-02	9.41e-01	0.00e+00	0.00e+00	0.00e+00	9.66e-14	1.18e-20	1.14e-56
 4.49581e+22	4.20e-23	1.23e-13	4.92e-10	2.24e-07	7.10e-04	6.07e-02	9.39e-01	0.00e+00	0.00e+00	0.00e+00	1.23e-13	1.50e-20	2.15e-56
 4.50784e+22	5.26e-23	1.47e-13	5.68e-10	2.47e-07	7.54e-04	6.25e-02	9.37e-01	0.00e+00	0.00e+00	0.00e+00	1.47e-13	1.81e-20	3.50e-56
 4.52015e+22	7.05e-23	1.87e-13	6.84e-10	2.80e-07	8.15e-04	6.49e-02	9.34e-01	0.00e+00	0.00e+00	0.00e+00	1.87e-13	2.29e-20	6.59e-56
 4.53253e+22	8.79e-23	2.23e-13	7.87e-10	3.08e-07	8.64e-04	6.67e-02	9.32e-01	0.00e+00	0.00e+00	0.00e+00	2.23e-13	2.74e-20	1.06e-55
 4.54502e+22	1.18e-22	2.83e-13	9.47e-10	3.49e-07	9.34e-04	6.93e-02	9.30e-01	0.00e+00	0.00e+00	0.00e+00	2.83e-13	3.47e-20	1.98e-55
 4.55708e+22	1.42e-22	3.29e-13	1.07e-09	3.78e-07	9.83e-04	7.09e-02	9.28e-01	0.00e+00	0.00e+00	0.00e+00	3.29e-13	4.04e-20	2.96e-55
 4.56860e+22	1.83e-22	4.05e-13	1.26e-09	4.23e-07	1.05e-03	7.33e-02	9.26e-01	0.00e+00	0.00e+00	0.00e+00	4.05e-13	4.98e-20	5.12e-55
 4.58045e+22	2.24e-22	4.75e-13	1.43e-09	4.61e-07	1.11e-03	7.52e-02	9.24e-01	0.00e+00	0.00e+00	0.00e+00	4.75e-13	5.84e-20	7.82e-55
 4.59271e+22	2.93e-22	5.90e-13	1.69e-09	5.17e-07	1.19e-03	7.78e-02	9.21e-01	0.00e+00	0.00e+00	0.00e+00	5.90e-13	7.26e-20	1.38e-54
 4.60514e+22	3.56e-22	6.89e-13	1.91e-09	5.63e-07	1.26e-03	7.98e-02	9.19e-01	0.00e+00	0.00e+00	0.00e+00	6.89e-13	8.48e-20	2.09e-54
 4.61776e+22	4.60e-22	8.48e-13	2.25e-09	6.29e-07	1.35e-03	8.25e-02	9.16e-01	0.00e+00	0.00e+00	0.00e+00	8.48e-13	1.04e-19	3.61e-54
 4.63028e+22	5.59e-22	9.89e-13	2.54e-09	6.84e-07	1.42e-03	8.46e-02	9.14e-01	0.00e+00	0.00e+00	0.00e+00	9.89e-13	1.22e-19	5.42e-54
 4.64267e+22	7.21e-22	1.21e-12	2.99e-09	7.64e-07	1.53e-03	8.74e-02	9.11e-01	0.00e+00	0.00e+00	0.00e+00	1.21e-12	1.50e-19	9.26e-54
 4.65518e+22	8.66e-22	1.40e-12	3.35e-09	8.28e-07	1.60e-03	8.95e-02	9.09e-01	0.00e+00	0.00e+00	0.00e+00	1.40e-12	1.73e-19	1.36e-53
 4.66785e+22	1.11e-21	1.72e-12	3.93e-09	9.24e-07	1.72e-03	9.24e-02	9.06e-01	0.00e+00	0.00e+00	0.00e+00	1.72e-12	2.12e-19	2.30e-53
 4.68076e+22	1.34e-21	1.99e-12	4.42e-09	1.00e-06	1.81e-03	9.47e-02	9.04e-01	0.00e+00	0.00e+00	0.00e+00	1.99e-12	2.46e-19	3.41e-53
 4.69399e+22	1.73e-21	2.44e-12	5.18e-09	1.12e-06	1.94e-03	9.78e-02	9.00e-01	0.00e+00	0.00e+00	0.00e+00	2.44e-12	3.01e-19	5.80e-53
 4.70747e+22	2.10e-21	2.83e-12	5.84e-09	1.22e-06	2.04e-03	1.00e-01	8.98e-01	0.00e+00	0.00e+00	0.00e+00	2.83e-12	3.50e-19	8.62e-53
 4.72125e+22	2.28e-22	3.47e-12	6.86e-09	1.36e-06	2.19e-03	1.04e-01	8.94e-01	0.00e+00	0.00e+00	0.00e+00	3.47e-12	4.29e-19	1.47e-52
 4.73529e+22	2.60e-22	4.03e-12	7.74e-09	1.48e-06	2.31e-03	1.06e-01	8.91e-01	0.00e+00	0.00e+00	0.00e+00	4.03e-12	5.00e-19	2.19e-52
 4.74967e+22	3.43e-22	4.95e-12	9.10e-09	1.66e-06	2.48e-03	1.10e-01	8.88e-01	0.00e+00	0.00e+00	0.00e+00	4.95e-12	6.13e-19	3.75e-52
 4.76372e+22	4.14e-22	5.65e-12	1.01e-08	1.79e-06	2.60e-03	1.12e-01	8.85e-01	0.00e+00	0.00e+00	0.00e+00	5.65e-12	7.00e-19	5.33e-52
 4.77734e+22	5.42e-22	6.86e-12	1.18e-08	1.99e-06	2.78e-03	1.16e-01	8.81e-01	0.00e+00	0.00e+00	0.00e+00	6.86e-12	8.52e-19	8.86e-52
 4.79118e+22	6.55e-22	7.84e-12	1.31e-08	2.14e-06	2.92e-03	1.18e-01	8.79e-01	0.00e+00	0.00e+00	0.00e+00	7.84e-12	9.73e-19	1.26e-51
 4.80530e+22	8.49e-22	9.45e-12	1.52e-08	2.38e-06	3.12e-03	1.22e-01	8.75e-01	0.00e+00	0.00e+00	0.00e+00	9.45e-12	1.17e-18	2.07e-51
 4.81986e+22	1.05e-21	1.10e-11	1.71e-08	2.59e-06	3.29e-03	1.25e-01	8.72e-01	0.00e+00	0.00e+00	0.00e+00	1.10e-11	1.36e-18	3.07e-51
 4.83498e+22	1.36e-21	1.32e-11	1.99e-08	2.87e-06	3.52e-03	1.29e-01	8.67e-01	0.00e+00	0.00e+00	0.00e+00	1.32e-11	1.64e-18	5.02e-51
 4.85060e+22	1.72e-21	1.55e-11	2.26e-08	3.14e-06	3.72e-03	1.32e-01	8.64e-01	0.00e+00	0.00e+00	0.00e+00	1.55e-11	1.93e-18	7.61e-51
 4.86686e+22	2.25e-21	1.87e-11	2.63e-08	3.50e-06	3.99e-03	1.37e-01	8.59e-01	0.00e+00	0.00e+00	0.00e+00	1.87e-11	2.34e-18	1.27e-50
 4.88356e+22	2.85e-21	2.20e-11	2.99e-08	3.84e-06	4.22e-03	1.40e-01	8.55e-01	0.00e+00	0.00e+00	0.00e+00	2.20e-11	2.75e-18	1.95e-50
 4.90084e+22	3.78e-21	2.68e-11	3.51e-08	4.30e-06	4.54e-03	1.45e-01	8.50e-01	0.00e+00	0.00e+00	0.00e+00	2.68e-11	3.36e-18	3.30e-50
 4.91869e+22	4.84e-21	3.17e-11	4.01e-08	4.73e-06	4.82e-03	1.49e-01	8.46e-01	0.00e+00	0.00e+00	0.00e+00	3.17e-11	3.97e-18	5.15e-50
 4.93727e+22	6.48e-21	3.90e-11	4.73e-08	5.33e-06	5.20e-03	1.54e-01	8.41e-01	0.00e+00	0.00e+00	0.00e+00	3.90e-11	4.89e-18	8.94e-50
 4.95637e+22	8.36e-21	4.64e-11	5.44e-08	5.88e-06	5.53e-03	1.59e-01	8.36e-01	0.00e+00	0.00e+00	0.00e+00	4.64e-11	5.83e-18	1.42e-49
 4.97355e+22	1.06e-20	5.46e-11	6.20e-08	6.46e-06	5.87e-03	1.63e-01	8.31e-01	0.00e+00	0.00e+00	0.00e+00	5.46e-11	6.86e-18	2.20e-49
 4.99329e+22	1.46e-20	6.85e-11	7.43e-08	7.35e-06	6.37e-03	1.69e-01	8.25e-01	0.00e+00	0.00e+00	0.00e+00	6.85e-11	8.62e-18	4.00e-49
 5.01314e+22	1.84e-20	8.04e-11	8.46e-08	8.07e-06	6.76e-03	1.73e-01	8.20e-01	0.00e+00	0.00e+00	0.00e+00	8.04e-11	1.01e-17	6.16e-49
 5.03315e+22	2.52e-20	1.00e-10	1.01e-07	9.16e-06	7.32e-03	1.80e-01	8.13e-01	0.00e+00	0.00e+00	0.00e+00	1.00e-10	1.27e-17	1.11e-48
 5.05359e+22	3.25e-20	1.20e-10	1.16e-07	1.01e-05	7.81e-03	1.85e-01	8.07e-01	0.00e+00	0.00e+00	0.00e+00	1.20e-10	1.52e-17	1.77e-48
 5.07458e+22	4.49e-20	1.50e-10	1.40e-07	1.16e-05	8.48e-03	1.92e-01	8.00e-01	0.00e+00	0.00e+00	0.00e+00	1.50e-10	1.91e-17	3.24e-48
 5.09590e+22	5.84e-20	1.81e-10	1.62e-07	1.29e-05	9.06e-03	1.97e-01	7.93e-01	0.00e+00	0.00e+00	0.00e+00	1.81e-10	2.30e-17	5.26e-48
 5.11765e+22	8.19e-20	2.31e-10	1.97e-07	1.48e-05	9.89e-03	2.05e-01	7.85e-01	0.00e+00	0.00e+00	0.00e+00	2.31e-10	2.94e-17	9.94e-48
 5.13950e+22	1.06e-19	2.78e-10	2.28e-07	1.64e-05	1.06e-02	2.11e-01	7.78e-01	0.00e+00	0.00e+00	0.00e+00	2.78e-10	3.54e-17	1.61e-47
 5.15763e+22	1.34e-19	3.29e-10	2.62e-07	1.81e-05	1.12e-02	2.17e-01	7.72e-01	0.00e+00	0.00e+00	0.00e+00	3.29e-10	4.20e-17	2.50e-47
 5.17736e+22	1.83e-19	4.12e-10	3.14e-07	2.06e-05	1.22e-02	2.24e-01	7.64e-01	0.00e+00	0.00e+00	0.00e+00	4.12e-10	5.28e-17	4.48e-47
 5.19701e+22	2.30e-19	4.87e-10	3.59e-07	2.26e-05	1.29e-02	2.30e-01	7.57e-01	0.00e+00	0.00e+00	0.00e+00	4.87e-10	6.24e-17	6.89e-47
 5.21657e+22	3.13e-19	6.11e-10	4.30e-07	2.58e-05	1.40e-02	2.38e-01	7.48e-01	0.00e+00	0.00e+00	0.00e+00	6.11e-10	7.85e-17	1.23e-46
 5.23637e+22	3.97e-19	7.27e-10	4.95e-07	2.85e-05	1.49e-02	2.44e-01	7.41e-01	0.00e+00	0.00e+00	0.00e+00	7.27e-10	9.36e-17	1.92e-46
 5.25651e+22	5.47e-19	9.23e-10	5.99e-07	3.26e-05	1.62e-02	2.53e-01	7.31e-01	0.00e+00	0.00e+00	0.00e+00	9.23e-10	1.19e-16	3.49e-46
 5.27689e+22	6.99e-19	1.11e-09	6.93e-07	3.62e-05	1.73e-02	2.60e-01	7.23e-01	0.00e+00	0.00e+00	0.00e+00	1.11e-09	1.43e-16	5.51e-46
 5.29760e+22	9.68e-19	1.41e-09	8.44e-07	4.16e-05	1.88e-02	2.69e-01	7.12e-01	0.00e+00	0.00e+00	0.00e+00	1.41e-09	1.83e-16	1.01e-45
 5.31869e+22	1.26e-18	1.72e-09	9.87e-07	4.65e-05	2.02e-02	2.76e-01	7.03e-01	0.00e+00	0.00e+00	0.00e+00	1.72e-09	2.23e-16	1.65e-45
 5.34031e+22	1.77e-18	2.22e-09	1.22e-06	5.40e-05	2.21e-02	2.87e-01	6.91e-01	0.00e+00	0.00e+00	0.00e+00	2.22e-09	2.90e-16	3.11e-45
 5.36236e+22	2.32e-18	2.73e-09	1.44e-06	6.08e-05	2.37e-02	2.95e-01	6.81e-01	0.00e+00	0.00e+00	0.00e+00	2.73e-09	3.58e-16	5.14e-45
 5.38497e+22	3.31e-18	3.58e-09	1.79e-06	7.11e-05	2.61e-02	3.06e-01	6.68e-01	0.00e+00	0.00e+00	0.00e+00	3.58e-09	4.72e-16	9.91e-45
 5.40777e+22	4.37e-18	4.43e-09	2.12e-06	8.04e-05	2.81e-02	3.15e-01	6.57e-01	0.00e+00	0.00e+00	0.00e+00	4.43e-09	5.84e-16	1.65e-44
 5.42694e+22	5.63e-18	5.37e-09	2.49e-06	9.00e-05	3.01e-02	3.23e-01	6.46e-01	0.00e+00	0.00e+00	0.00e+00	5.37e-09	7.12e-16	2.61e-44
 5.44773e+22	7.75e-18	6.88e-09	3.04e-06	1.04e-04	3.29e-02	3.34e-01	6.33e-01	0.00e+00	0.00e+00	0.00e+00	6.88e-09	9.16e-16	4.67e-44
 5.46869e+22	1.00e-17	8.36e-09	3.57e-06	1.17e-04	3.52e-02	3.43e-01	6.22e-01	0.00e+00	0.00e+00	0.00e+00	8.36e-09	1.12e-15	7.38e-44
 5.48918e+22	1.35e-17	1.06e-08	4.33e-06	1.34e-04	3.83e-02	3.53e-01	6.08e-01	0.00e+00	0.00e+00	0.00e+00	1.06e-08	1.42e-15	1.27e-43
 5.51009e+22	1.76e-17	1.30e-08	5.11e-06	1.51e-04	4.12e-02	3.62e-01	5.96e-01	0.00e+00	0.00e+00	0.00e+00	1.30e-08	1.75e-15	2.02e-43
 5.53058e+22	2.34e-17	1.62e-08	6.15e-06	1.73e-04	4.46e-02	3.73e-01	5.83e-01	0.00e+00	0.00e+00	0.00e+00	1.62e-08	2.21e-15	3.36e-43
 5.55151e+22	3.05e-17	1.99e-08	7.31e-06	1.96e-04	4.80e-02	3.82e-01	5.70e-01	0.00e+00	0.00e+00	0.00e+00	1.99e-08	2.74e-15	5.36e-43
 5.57218e+22	3.99e-17	2.46e-08	8.72e-06	2.23e-04	5.18e-02	3.92e-01	5.56e-01	0.00e+00	0.00e+00	0.00e+00	2.46e-08	3.41e-15	8.61e-43
 5.59297e+22	5.18e-17	3.02e-08	1.04e-05	2.53e-04	5.58e-02	4.02e-01	5.42e-01	5.18e-17	1.03e-22	2.47e-23	3.02e-08	4.22e-15	1.35e-42
 5.61351e+22	6.70e-17	3.69e-08	1.23e-05	2.87e-04	6.01e-02	4.11e-01	5.28e-01	6.70e-17	2.41e-21	3.79e-22	3.69e-08	5.21e-15	2.10e-42
 5.63401e+22	8.61e-17	4.49e-08	1.45e-05	3.25e-04	6.46e-02	4.21e-01	5.15e-01	8.61e-17	3.10e-21	4.88e-22	4.49e-08	6.41e-15	3.22e-42
 5.65454e+22	1.10e-16	5.46e-08	1.71e-05	3.68e-04	6.93e-02	4.30e-01	5.01e-01	1.10e-16	3.98e-21	6.28e-22	5.46e-08	7.87e-15	4.88e-42
 5.67514e+22	1.41e-16	6.60e-08	2.01e-05	4.15e-04	7.44e-02	4.39e-01	4.87e-01	1.41e-16	5.09e-21	8.03e-22	6.60e-08	9.64e-15	7.33e-42
 5.69586e+22	1.79e-16	7.96e-08	2.37e-05	4.69e-04	7.97e-02	4.47e-01	4.72e-01	1.79e-16	6.48e-21	1.02e-21	7.96e-08	1.18e-14	1.09e-41
 5.71676e+22	2.27e-16	9.58e-08	2.78e-05	5.29e-04	8.54e-02	4.56e-01	4.58e-01	2.27e-16	8.24e-21	1.30e-21	9.58e-08	1.44e-14	1.61e-41
 5.73789e+22	2.88e-16	1.15e-07	3.26e-05	5.97e-04	9.15e-02	4.64e-01	4.44e-01	2.88e-16	1.05e-20	1.66e-21	1.15e-07	1.75e-14	2.36e-41
 5.75914e+22	3.63e-16	1.37e-07	3.82e-05	6.72e-04	9.78e-02	4.72e-01	4.30e-01	3.63e-16	1.32e-20	2.09e-21	1.37e-07	2.12e-14	3.41e-41
 5.78072e+22	4.58e-16	1.64e-07	4.48e-05	7.58e-04	1.05e-01	4.79e-01	4.15e-01	4.58e-16	1.67e-20	2.65e-21	1.64e-07	2.57e-14	4.95e-41
 5.80254e+22	5.74e-16	1.95e-07	5.22e-05	8.52e-04	1.12e-01	4.87e-01	4.01e-01	5.74e-16	2.10e-20	3.33e-21	1.95e-07	3.09e-14	7.06e-41
 5.82479e+22	7.24e-16	2.33e-07	6.11e-05	9.62e-04	1.19e-01	4.93e-01	3.86e-01	7.24e-16	2.65e-20	4.22e-21	2.33e-07	3.74e-14	1.01e-40
 5.84743e+22	9.06e-16	2.76e-07	7.12e-05	1.08e-03	1.27e-01	5.00e-01	3.72e-01	9.06e-16	3.33e-20	5.29e-21	2.76e-07	4.49e-14	1.44e-40
 5.86820e+22	1.09e-15	3.17e-07	8.09e-05	1.19e-03	1.34e-01	5.05e-01	3.60e-01	1.09e-15	4.02e-20	6.40e-21	3.17e-07	5.22e-14	1.91e-40
 5.88989e+22	5.14e-15	3.77e-07	9.49e-05	1.35e-03	1.43e-01	5.10e-01	3.45e-01	5.14e-15	1.90e-19	3.03e-20	3.77e-07	6.29e-14	2.73e-40
 5.91189e+22	1.11e-14	4.32e-07	1.07e-04	1.48e-03	1.51e-01	5.15e-01	3.33e-01	1.11e-14	4.09e-19	6.54e-20	4.32e-07	7.29e-14	3.63e-40
 5.93449e+22	1.45e-14	5.14e-07	1.26e-04	1.68e-03	1.61e-01	5.19e-01	3.18e-01	1.45e-14	5.38e-19	8.60e-20	5.14e-07	8.77e-14	5.18e-40
 5.95713e+22	1.79e-14	5.85e-07	1.42e-04	1.84e-03	1.69e-01	5.22e-01	3.06e-01	1.79e-14	6.67e-19	1.07e-19	5.85e-07	1.01e-13	6.79e-40
 5.97983e+22	2.35e-14	6.91e-07	1.66e-04	2.08e-03	1.80e-01	5.26e-01	2.92e-01	2.35e-14	8.79e-19	1.41e-19	6.91e-07	1.21e-13	9.53e-40
 6.00262e+22	2.94e-14	7.82e-07	1.86e-04	2.28e-03	1.89e-01	5.28e-01	2.81e-01	2.94e-14	1.10e-18	1.77e-19	7.82e-07	1.38e-13	1.24e-39
 6.02555e+22	3.91e-14	9.17e-07	2.17e-04	2.56e-03	2.00e-01	5.30e-01	2.67e-01	3.91e-14	1.47e-18	2.36e-19	9.17e-07	1.63e-13	1.73e-39
 6.04872e+22	4.98e-14	1.04e-06	2.43e-04	2.80e-03	2.10e-01	5.31e-01	2.56e-01	4.98e-14	1.88e-18	3.02e-19	1.04e-06	1.86e-13	2.25e-39
 6.07221e+22	6.81e-14	1.21e-06	2.81e-04	3.14e-03	2.22e-01	5.32e-01	2.43e-01	6.81e-14	2.57e-18	4.15e-19	1.21e-06	2.20e-13	3.12e-39
 6.09604e+22	8.98e-14	1.36e-06	3.15e-04	3.43e-03	2.32e-01	5.32e-01	2.33e-01	8.98e-14	3.40e-18	5.50e-19	1.36e-06	2.50e-13	4.05e-39
 6.12028e+22	1.29e-13	1.59e-06	3.64e-04	3.84e-03	2.45e-01	5.31e-01	2.20e-01	1.29e-13	4.92e-18	7.97e-19	1.59e-06	2.94e-13	5.64e-39
 6.14499e+22	1.82e-13	1.79e-06	4.08e-04	4.19e-03	2.56e-01	5.30e-01	2.10e-01	1.82e-13	6.96e-18	1.13e-18	1.79e-06	3.35e-13	7.38e-39
 6.17028e+22	2.91e-13	2.08e-06	4.72e-04	4.70e-03	2.70e-01	5.28e-01	1.97e-01	2.91e-13	1.12e-17	1.82e-18	2.08e-06	3.94e-13	1.03e-38
 6.19618e+22	4.76e-13	2.34e-06	5.29e-04	5.14e-03	2.82e-01	5.25e-01	1.87e-01	4.76e-13	1.83e-17	2.99e-18	2.34e-06	4.49e-13	1.37e-38
 6.22284e+22	1.06e-12	2.73e-06	6.13e-04	5.78e-03	2.97e-01	5.21e-01	1.75e-01	1.06e-12	4.11e-17	6.70e-18	2.73e-06	5.30e-13	1.97e-38
 6.24994e+22	2.95e-12	3.07e-06	6.87e-04	6.31e-03	3.10e-01	5.18e-01	1.66e-01	2.95e-12	1.15e-16	1.88e-17	3.07e-06	6.04e-13	2.76e-38
 6.27279e+22	6.88e-12	3.41e-06	7.60e-04	6.83e-03	3.21e-01	5.14e-01	1.58e-01	6.88e-12	2.69e-16	4.41e-17	3.41e-06	6.78e-13	3.86e-38
 6.29767e+22	1.84e-11	3.90e-06	8.65e-04	7.55e-03	3.35e-01	5.08e-01	1.48e-01	1.84e-11	7.24e-16	1.19e-16	3.90e-06	7.85e-13	6.34e-38
 6.32176e+22	3.41e-11	4.29e-06	9.47e-04	8.10e-03	3.46e-01	5.04e-01	1.41e-01	3.41e-11	1.35e-15	2.21e-16	4.29e-06	8.71e-13	9.50e-38
 6.34483e+22	5.03e-11	4.82e-06	1.06e-03	8.89e-03	3.60e-01	4.98e-01	1.32e-01	5.03e-11	2.00e-15	3.29e-16	4.82e-06	9.93e-13	1.40e-37
 6.36816e+22	6.67e-11	5.31e-06	1.16e-03	9.51e-03	3.70e-01	4.93e-01	1.26e-01	6.67e-11	2.66e-15	4.39e-16	5.31e-06	1.10e-12	1.93e-37
 6.39180e+22	8.72e-11	5.97e-06	1.31e-03	1.04e-02	3.85e-01	4.86e-01	1.18e-01	8.72e-11	3.50e-15	5.79e-16	5.97e-06	1.26e-12	2.75e-37
 6.41581e+22	1.07e-10	6.57e-06	1.43e-03	1.11e-02	3.95e-01	4.80e-01	1.12e-01	1.07e-10	4.31e-15	7.15e-16	6.57e-06	1.40e-12	3.69e-37
 6.44028e+22	1.33e-10	7.39e-06	1.60e-03	1.22e-02	4.10e-01	4.72e-01	1.04e-01	1.33e-10	5.41e-15	9.00e-16	7.39e-06	1.60e-12	5.21e-37
 6.46512e+22	1.59e-10	8.13e-06	1.75e-03	1.31e-02	4.21e-01	4.65e-01	9.89e-02	1.59e-10	6.50e-15	1.08e-15	8.13e-06	1.78e-12	6.99e-37
 6.49042e+22	1.94e-10	9.15e-06	1.97e-03	1.43e-02	4.36e-01	4.56e-01	9.18e-02	1.94e-10	7.98e-15	1.33e-15	9.15e-06	2.04e-12	9.86e-37
 6.51619e+22	2.29e-10	1.01e-05	2.15e-03	1.53e-02	4.47e-01	4.48e-01	8.67e-02	2.29e-10	9.46e-15	1.58e-15	1.01e-05	2.28e-12	1.33e-36
 6.54258e+22	2.75e-10	1.14e-05	2.42e-03	1.68e-02	4.63e-01	4.38e-01	8.00e-02	2.75e-10	1.14e-14	1.92e-15	1.14e-05	2.61e-12	1.89e-36
 6.56953e+22	3.20e-10	1.26e-05	2.65e-03	1.80e-02	4.74e-01	4.30e-01	7.52e-02	3.20e-10	1.34e-14	2.26e-15	1.26e-05	2.93e-12	2.56e-36
 6.59721e+22	3.83e-10	1.42e-05	2.98e-03	1.97e-02	4.90e-01	4.18e-01	6.91e-02	3.83e-10	1.62e-14	2.74e-15	1.42e-05	3.38e-12	3.71e-36
 6.62560e+22	4.44e-10	1.58e-05	3.28e-03	2.11e-02	5.02e-01	4.09e-01	6.45e-02	4.44e-10	1.89e-14	3.21e-15	1.58e-05	3.81e-12	5.09e-36
 6.65492e+22	5.31e-10	1.80e-05	3.70e-03	2.32e-02	5.18e-01	3.97e-01	5.89e-02	5.31e-10	2.29e-14	3.89e-15	1.80e-05	4.43e-12	7.57e-36
 6.68451e+22	6.13e-10	1.99e-05	4.06e-03	2.48e-02	5.29e-01	3.87e-01	5.48e-02	6.13e-10	2.66e-14	4.54e-15	1.99e-05	5.00e-12	1.05e-35
 6.71445e+22	7.27e-10	2.27e-05	4.58e-03	2.72e-02	5.44e-01	3.74e-01	4.98e-02	7.27e-10	3.19e-14	5.46e-15	2.27e-05	5.83e-12	1.57e-35
 6.74479e+22	8.40e-10	2.52e-05	5.03e-03	2.91e-02	5.56e-01	3.64e-01	4.62e-02	8.40e-10	3.72e-14	6.38e-15	2.52e-05	6.61e-12	2.21e-35
 6.77564e+22	9.90e-10	2.87e-05	5.66e-03	3.18e-02	5.70e-01	3.50e-01	4.18e-02	9.89e-10	4.44e-14	7.64e-15	2.87e-05	7.71e-12	3.34e-35
 6.80568e+22	1.13e-09	3.17e-05	6.17e-03	3.38e-02	5.80e-01	3.41e-01	3.89e-02	1.13e-09	5.10e-14	8.81e-15	3.17e-05	8.67e-12	4.61e-35
 6.83465e+22	1.31e-09	3.57e-05	6.88e-03	3.67e-02	5.93e-01	3.28e-01	3.53e-02	1.31e-09	6.00e-14	1.04e-14	3.57e-05	1.00e-11	6.84e-35
 6.86476e+22	1.51e-09	3.98e-05	7.53e-03	3.91e-02	6.03e-01	3.18e-01	3.26e-02	1.51e-09	6.97e-14	1.21e-14	3.98e-05	1.14e-11	9.75e-35
 6.89051e+22	1.69e-09	4.35e-05	8.15e-03	4.14e-02	6.11e-01	3.09e-01	3.04e-02	1.69e-09	7.88e-14	1.37e-14	4.35e-05	1.27e-11	1.32e-34
 6.91817e+22	1.93e-09	4.87e-05	9.00e-03	4.45e-02	6.22e-01	2.97e-01	2.76e-02	1.93e-09	9.15e-14	1.60e-14	4.87e-05	1.46e-11	1.92e-34
 6.94585e+22	2.16e-09	5.33e-05	9.73e-03	4.71e-02	6.30e-01	2.88e-01	2.56e-02	2.16e-09	1.03e-13	1.81e-14	5.33e-05	1.63e-11	2.61e-34
 6.97355e+22	2.48e-09	5.97e-05	1.07e-02	5.04e-02	6.39e-01	2.77e-01	2.34e-02	2.48e-09	1.20e-13	2.12e-14	5.97e-05	1.87e-11	3.84e-34
 7.00240e+22	2.80e-09	6.59e-05	1.16e-02	5.35e-02	6.47e-01	2.67e-01	2.15e-02	2.80e-09	1.37e-13	2.43e-14	6.59e-05	2.11e-11	5.39e-34
 7.02833e+22	3.13e-09	7.24e-05	1.26e-02	5.65e-02	6.53e-01	2.58e-01	1.98e-02	3.13e-09	1.55e-13	2.76e-14	7.24e-05	2.37e-11	7.45e-34
 7.05761e+22	3.62e-09	8.15e-05	1.39e-02	6.05e-02	6.61e-01	2.46e-01	1.79e-02	3.62e-09	1.82e-13	3.25e-14	8.15e-05	2.75e-11	1.13e-33
 7.08822e+22	4.09e-09	9.04e-05	1.51e-02	6.43e-02	6.68e-01	2.36e-01	1.63e-02	4.09e-09	2.09e-13	3.73e-14	9.04e-05	3.13e-11	1.62e-33
 7.11583e+22	4.60e-09	9.98e-05	1.64e-02	6.80e-02	6.74e-01	2.27e-01	1.50e-02	4.60e-09	2.38e-13	4.28e-14	9.98e-05	3.54e-11	2.29e-33
 7.14700e+22	5.36e-09	1.13e-04	1.82e-02	7.28e-02	6.80e-01	2.16e-01	1.34e-02	5.36e-09	2.82e-13	5.09e-14	1.13e-04	4.15e-11	3.57e-33
 7.17913e+22	6.05e-09	1.26e-04	1.98e-02	7.73e-02	6.85e-01	2.06e-01	1.21e-02	6.05e-09	3.24e-13	5.87e-14	1.26e-04	4.75e-11	5.20e-33
 7.20773e+22	6.85e-09	1.40e-04	2.15e-02	8.16e-02	6.89e-01	1.97e-01	1.11e-02	6.85e-09	3.72e-13	6.76e-14	1.40e-04	5.41e-11	7.48e-33
 7.24010e+22	8.00e-09	1.59e-04	2.38e-02	8.72e-02	6.93e-01	1.86e-01	9.82e-03	8.00e-09	4.43e-13	8.10e-14	1.59e-04	6.38e-11	1.19e-32
 7.27364e+22	9.12e-09	1.78e-04	2.60e-02	9.25e-02	6.96e-01	1.76e-01	8.82e-03	9.12e-09	5.14e-13	9.44e-14	1.78e-04	7.36e-11	1.78e-32
 7.30371e+22	1.03e-08	1.98e-04	2.82e-02	9.76e-02	6.98e-01	1.68e-01	7.97e-03	1.03e-08	5.92e-13	1.09e-13	1.98e-04	8.44e-11	2.61e-32
 7.33780e+22	1.21e-08	2.27e-04	3.13e-02	1.04e-01	7.00e-01	1.57e-01	6.98e-03	1.21e-08	7.12e-13	1.32e-13	2.27e-04	1.01e-10	4.27e-32
 7.37297e+22	1.39e-08	2.55e-04	3.41e-02	1.11e-01	7.00e-01	1.48e-01	6.23e-03	1.39e-08	8.31e-13	1.55e-13	2.55e-04	1.17e-10	6.48e-32
 7.40953e+22	1.65e-08	2.95e-04	3.81e-02	1.18e-01	7.00e-01	1.38e-01	5.39e-03	1.65e-08	1.01e-12	1.90e-13	2.95e-04	1.41e-10	1.10e-31
 7.44650e+22	1.89e-08	3.32e-04	4.16e-02	1.25e-01	6.98e-01	1.30e-01	4.78e-03	1.89e-08	1.19e-12	2.23e-13	3.32e-04	1.65e-10	1.69e-31
 7.47907e+22	2.17e-08	3.72e-04	4.52e-02	1.32e-01	6.96e-01	1.22e-01	4.24e-03	2.17e-08	1.39e-12	2.62e-13	3.72e-04	1.92e-10	2.58e-31
 7.51644e+22	2.58e-08	4.32e-04	5.04e-02	1.41e-01	6.92e-01	1.12e-01	3.63e-03	2.58e-08	1.70e-12	3.23e-13	4.32e-04	2.34e-10	4.44e-31
 7.55422e+22	2.95e-08	4.86e-04	5.48e-02	1.49e-01	6.88e-01	1.05e-01	3.19e-03	2.95e-08	1.99e-12	3.80e-13	4.86e-04	2.74e-10	6.85e-31
 7.59252e+22	3.54e-08	5.67e-04	6.11e-02	1.58e-01	6.81e-01	9.62e-02	2.72e-03	3.54e-08	2.47e-12	4.74e-13	5.67e-04	3.36e-10	1.19e-30
 7.63140e+22	4.09e-08	6.42e-04	6.66e-02	1.66e-01	6.75e-01	8.93e-02	2.37e-03	4.09e-08	2.93e-12	5.65e-13	6.42e-04	3.96e-10	1.87e-30
 7.67104e+22	4.37e-08	7.51e-04	7.42e-02	1.77e-01	6.65e-01	8.11e-02	1.99e-03	4.37e-08	3.24e-12	6.27e-13	7.51e-04	4.89e-10	3.19e-30
 7.71108e+22	5.13e-08	8.52e-04	8.08e-02	1.86e-01	6.56e-01	7.49e-02	1.72e-03	5.13e-08	3.90e-12	7.58e-13	8.52e-04	5.78e-10	5.06e-30
 7.75163e+22	6.28e-08	1.00e-03	9.01e-02	1.97e-01	6.43e-01	6.75e-02	1.43e-03	6.28e-08	4.95e-12	9.68e-13	1.00e-03	7.17e-10	9.16e-30
 7.79256e+22	7.37e-08	1.14e-03	9.79e-02	2.06e-01	6.32e-01	6.20e-02	1.23e-03	7.37e-08	5.98e-12	1.17e-12	1.14e-03	8.50e-10	1.46e-29
 7.83398e+22	9.07e-08	1.34e-03	1.09e-01	2.18e-01	6.16e-01	5.54e-02	1.01e-03	9.07e-08	7.64e-12	1.51e-12	1.34e-03	1.06e-09	2.67e-29
 7.87598e+22	1.07e-07	1.53e-03	1.18e-01	2.27e-01	6.02e-01	5.04e-02	8.58e-04	1.07e-07	9.28e-12	1.84e-12	1.53e-03	1.27e-09	4.31e-29
 7.91233e+22	1.25e-07	1.73e-03	1.28e-01	2.35e-01	5.88e-01	4.61e-02	7.35e-04	1.25e-07	1.12e-11	2.23e-12	1.73e-03	1.50e-09	6.78e-29
 7.95320e+22	1.53e-07	2.03e-03	1.42e-01	2.46e-01	5.68e-01	4.08e-02	5.98e-04	1.53e-07	1.43e-11	2.86e-12	2.03e-03	1.86e-09	1.22e-28
 7.99227e+22	1.77e-07	2.27e-03	1.52e-01	2.54e-01	5.54e-01	3.75e-02	5.18e-04	1.77e-07	1.70e-11	3.41e-12	2.27e-03	2.17e-09	1.83e-28
 8.02900e+22	2.12e-07	2.61e-03	1.65e-01	2.63e-01	5.35e-01	3.34e-02	4.27e-04	2.12e-07	2.11e-11	4.25e-12	2.61e-03	2.64e-09	3.09e-28
 8.06633e+22	2.46e-07	2.92e-03	1.77e-01	2.70e-01	5.19e-01	3.04e-02	3.66e-04	2.46e-07	2.53e-11	5.10e-12	2.92e-03	3.08e-09	4.66e-28
 8.10444e+22	2.96e-07	3.38e-03	1.93e-01	2.79e-01	4.98e-01	2.69e-02	2.99e-04	2.96e-07	3.17e-11	6.42e-12	3.38e-03	3.76e-09	7.94e-28
 8.14297e+22	3.44e-07	3.79e-03	2.06e-01	2.85e-01	4.80e-01	2.42e-02	2.53e-04	3.44e-07	3.81e-11	7.74e-12	3.79e-03	4.42e-09	1.22e-27
 8.18206e+22	4.17e-07	4.38e-03	2.24e-01	2.92e-01	4.58e-01	2.12e-02	2.04e-04	4.17e-07	4.82e-11	9.82e-12	4.38e-03	5.41e-09	2.08e-27
 8.22149e+22	4.86e-07	4.92e-03	2.39e-01	2.98e-01	4.39e-01	1.90e-02	1.71e-04	4.86e-07	5.81e-11	1.19e-11	4.92e-03	6.36e-09	3.20e-27
