#depth	S	S+	S+2	S+3	S+4	S+5	S+6	S+7	S+8	S+9	S+10	S+11	S+12	S+13	S+14	S+15	S+16
 4.62852e+21	0.00e+00	0.00e+00	1.97e-32	2.28e-28	1.71e-24	6.44e-21	1.50e-17	9.45e-15	2.53e-12	2.82e-10	1.73e-08	6.22e-07	2.08e-05	6.10e-04	3.81e-02	2.91e-01	6.70e-01
 1.02075e+22	0.00e+00	3.84e-33	1.22e-28	7.33e-25	2.30e-21	4.90e-18	8.91e-15	2.83e-12	3.82e-10	2.19e-08	7.16e-07	1.35e-05	2.11e-04	3.19e-03	1.00e-01	4.02e-01	4.94e-01
 1.15206e+22	0.00e+00	1.03e-31	2.53e-27	1.14e-23	2.65e-20	4.16e-17	6.35e-14	1.65e-11	1.82e-09	8.64e-08	2.36e-06	3.66e-05	4.46e-04	5.43e-03	1.35e-01	4.32e-01	4.27e-01
 1.20646e+22	0.00e+00	4.50e-31	9.79e-27	3.87e-23	7.88e-20	1.07e-16	1.52e-13	3.63e-11	3.68e-09	1.60e-07	4.05e-06	5.76e-05	6.27e-04	6.89e-03	1.53e-01	4.44e-01	3.96e-01
 1.23008e+22	0.00e+00	6.83e-31	1.44e-26	5.48e-23	1.08e-19	1.41e-16	1.96e-13	4.55e-11	4.50e-09	1.91e-07	4.73e-06	6.56e-05	6.91e-04	7.37e-03	1.59e-01	4.46e-01	3.87e-01
 1.24269e+22	0.00e+00	1.17e-30	2.35e-26	8.56e-23	1.60e-19	1.99e-16	2.69e-13	6.08e-11	5.83e-09	2.40e-07	5.77e-06	7.75e-05	7.83e-04	8.04e-03	1.66e-01	4.50e-01	3.75e-01
 1.25639e+22	0.00e+00	1.91e-30	3.71e-26	1.29e-22	2.30e-19	2.73e-16	3.61e-13	7.93e-11	7.39e-09	2.96e-07	6.93e-06	9.04e-05	8.78e-04	8.70e-03	1.74e-01	4.52e-01	3.64e-01
 1.27123e+22	0.00e+00	3.50e-30	6.47e-26	2.14e-22	3.60e-19	4.03e-16	5.18e-13	1.10e-10	9.90e-09	3.83e-07	8.68e-06	1.09e-04	1.01e-03	9.59e-03	1.83e-01	4.55e-01	3.51e-01
 1.28610e+22	0.00e+00	5.52e-30	9.85e-26	3.13e-22	5.06e-19	5.41e-16	6.82e-13	1.41e-10	1.24e-08	4.65e-07	1.03e-05	1.26e-04	1.13e-03	1.03e-02	1.90e-01	4.57e-01	3.41e-01
 1.30129e+22	0.00e+00	9.95e-30	1.70e-25	5.11e-22	7.84e-19	7.92e-16	9.71e-13	1.94e-10	1.65e-08	6.00e-07	1.29e-05	1.52e-04	1.29e-03	1.13e-02	2.00e-01	4.60e-01	3.28e-01
 1.31688e+22	0.00e+00	1.59e-29	2.62e-25	7.57e-22	1.11e-18	1.07e-15	1.29e-12	2.51e-10	2.07e-08	7.34e-07	1.54e-05	1.76e-04	1.44e-03	1.22e-02	2.07e-01	4.61e-01	3.18e-01
 1.33297e+22	0.00e+00	2.91e-29	4.56e-25	1.25e-21	1.74e-18	1.58e-15	1.85e-12	3.49e-10	2.78e-08	9.52e-07	1.93e-05	2.13e-04	1.66e-03	1.34e-02	2.18e-01	4.62e-01	3.05e-01
 1.34911e+22	0.00e+00	4.58e-29	6.93e-25	1.83e-21	2.44e-18	2.12e-15	2.43e-12	4.48e-10	3.48e-08	1.16e-06	2.29e-05	2.46e-04	1.85e-03	1.44e-02	2.26e-01	4.63e-01	2.95e-01
 1.36531e+22	0.00e+00	8.30e-29	1.20e-24	3.00e-21	3.79e-18	3.11e-15	3.47e-12	6.19e-10	4.66e-08	1.50e-06	2.87e-05	2.97e-04	2.13e-03	1.58e-02	2.37e-01	4.63e-01	2.82e-01
 1.38142e+22	0.00e+00	1.26e-28	1.77e-24	4.27e-21	5.20e-18	4.09e-15	4.49e-12	7.82e-10	5.75e-08	1.80e-06	3.38e-05	3.40e-04	2.35e-03	1.69e-02	2.44e-01	4.63e-01	2.73e-01
 1.39742e+22	0.00e+00	2.24e-28	3.01e-24	6.89e-21	7.94e-18	5.90e-15	6.33e-12	1.07e-09	7.63e-08	2.32e-06	4.20e-05	4.08e-04	2.68e-03	1.85e-02	2.55e-01	4.62e-01	2.61e-01
 1.41362e+22	0.00e+00	3.42e-28	4.44e-24	9.82e-21	1.09e-17	7.76e-15	8.19e-12	1.35e-09	9.42e-08	2.79e-06	4.94e-05	4.66e-04	2.96e-03	1.97e-02	2.63e-01	4.62e-01	2.52e-01
 1.43008e+22	0.00e+00	6.02e-28	7.49e-24	1.57e-20	1.66e-17	1.12e-14	1.15e-11	1.85e-09	1.25e-07	3.57e-06	6.14e-05	5.58e-04	3.38e-03	2.15e-02	2.74e-01	4.60e-01	2.40e-01
 1.44675e+22	0.00e+00	9.32e-28	1.12e-23	2.27e-20	2.30e-17	1.48e-14	1.50e-11	2.36e-09	1.55e-07	4.33e-06	7.26e-05	6.41e-04	3.74e-03	2.30e-02	2.83e-01	4.58e-01	2.31e-01
 1.46369e+22	0.00e+00	1.65e-27	1.90e-23	3.66e-20	3.51e-17	2.13e-14	2.12e-11	3.23e-09	2.06e-07	5.56e-06	9.04e-05	7.69e-04	4.28e-03	2.50e-02	2.95e-01	4.55e-01	2.20e-01
 1.48093e+22	0.00e+00	2.59e-27	2.87e-23	5.31e-20	4.89e-17	2.84e-14	2.77e-11	4.14e-09	2.58e-07	6.77e-06	1.07e-04	8.86e-04	4.74e-03	2.67e-02	3.04e-01	4.53e-01	2.11e-01
 1.49855e+22	0.00e+00	4.65e-27	4.94e-23	8.66e-20	7.54e-17	4.12e-14	3.95e-11	5.73e-09	3.46e-07	8.77e-06	1.35e-04	1.07e-03	5.43e-03	2.91e-02	3.16e-01	4.49e-01	1.99e-01
 1.51640e+22	0.00e+00	7.36e-27	7.54e-23	1.27e-19	1.06e-16	5.52e-14	5.20e-11	7.39e-09	4.35e-07	1.07e-05	1.60e-04	1.23e-03	6.03e-03	3.11e-02	3.25e-01	4.45e-01	1.91e-01
 1.53191e+22	0.00e+00	1.15e-26	1.14e-22	1.84e-19	1.47e-16	7.30e-14	6.79e-11	9.44e-09	5.43e-07	1.30e-05	1.90e-04	1.42e-03	6.68e-03	3.32e-02	3.34e-01	4.42e-01	1.83e-01
 1.54657e+22	0.00e+00	1.73e-26	1.66e-22	2.58e-19	1.98e-16	9.44e-14	8.67e-11	1.18e-08	6.66e-07	1.56e-05	2.23e-04	1.62e-03	7.33e-03	3.52e-02	3.43e-01	4.38e-01	1.75e-01
 1.56275e+22	0.00e+00	2.95e-26	2.71e-22	4.01e-19	2.93e-16	1.32e-13	1.19e-10	1.59e-08	8.70e-07	1.97e-05	2.73e-04	1.91e-03	8.27e-03	3.79e-02	3.54e-01	4.32e-01	1.66e-01
 1.57887e+22	0.00e+00	4.43e-26	3.94e-22	5.62e-19	3.93e-16	1.70e-13	1.52e-10	1.99e-08	1.07e-06	2.36e-05	3.19e-04	2.17e-03	9.07e-03	4.01e-02	3.62e-01	4.28e-01	1.59e-01
 1.59192e+22	0.00e+00	6.30e-26	5.44e-22	7.51e-19	5.08e-16	2.11e-13	1.87e-10	2.41e-08	1.27e-06	2.76e-05	3.65e-04	2.42e-03	9.81e-03	4.21e-02	3.69e-01	4.24e-01	1.53e-01
 1.60589e+22	0.00e+00	1.01e-25	8.37e-22	1.10e-18	7.12e-16	2.81e-13	2.47e-10	3.11e-08	1.60e-06	3.38e-05	4.37e-04	2.81e-03	1.09e-02	4.48e-02	3.79e-01	4.18e-01	1.45e-01
 1.61974e+22	0.00e+00	1.43e-25	1.15e-21	1.47e-18	9.16e-16	3.48e-13	3.03e-10	3.77e-08	1.91e-06	3.94e-05	5.00e-04	3.13e-03	1.18e-02	4.69e-02	3.85e-01	4.13e-01	1.39e-01
 1.63096e+22	0.00e+00	1.93e-25	1.52e-21	1.88e-18	1.14e-15	4.18e-13	3.62e-10	4.45e-08	2.22e-06	4.50e-05	5.60e-04	3.43e-03	1.26e-02	4.88e-02	3.91e-01	4.09e-01	1.34e-01
 1.64308e+22	0.00e+00	2.95e-25	2.24e-21	2.65e-18	1.53e-15	5.37e-13	4.61e-10	5.59e-08	2.74e-06	5.41e-05	6.58e-04	3.91e-03	1.38e-02	5.16e-02	3.99e-01	4.03e-01	1.28e-01
 1.65453e+22	0.00e+00	3.88e-25	2.88e-21	3.32e-18	1.86e-15	6.33e-13	5.41e-10	6.49e-08	3.14e-06	6.10e-05	7.30e-04	4.26e-03	1.47e-02	5.34e-02	4.04e-01	3.99e-01	1.24e-01
 1.66513e+22	0.00e+00	5.63e-25	4.04e-21	4.48e-18	2.42e-15	7.86e-13	6.70e-10	7.93e-08	3.77e-06	7.17e-05	8.41e-04	4.78e-03	1.59e-02	5.60e-02	4.11e-01	3.93e-01	1.18e-01
 1.67580e+22	0.00e+00	7.33e-25	5.15e-21	5.57e-18	2.92e-15	9.23e-13	7.83e-10	9.17e-08	4.30e-06	8.05e-05	9.30e-04	5.18e-03	1.68e-02	5.79e-02	4.16e-01	3.89e-01	1.14e-01
 1.68656e+22	0.00e+00	1.09e-24	7.36e-21	7.62e-18	3.83e-15	1.15e-12	9.77e-10	1.13e-07	5.22e-06	9.54e-05	1.08e-03	5.84e-03	1.83e-02	6.07e-02	4.23e-01	3.82e-01	1.09e-01
 1.69686e+22	0.00e+00	1.40e-24	9.26e-21	9.34e-18	4.56e-15	1.34e-12	1.13e-09	1.30e-07	5.91e-06	1.06e-04	1.19e-03	6.31e-03	1.93e-02	6.26e-02	4.27e-01	3.78e-01	1.05e-01
 1.70658e+22	0.00e+00	1.97e-24	1.26e-20	1.23e-17	5.78e-15	1.63e-12	1.37e-09	1.56e-07	7.00e-06	1.23e-04	1.35e-03	7.00e-03	2.08e-02	6.52e-02	4.33e-01	3.72e-01	1.01e-01
 1.71658e+22	0.00e+00	2.61e-24	1.64e-20	1.54e-17	7.02e-15	1.91e-12	1.61e-09	1.81e-07	8.05e-06	1.40e-04	1.50e-03	7.63e-03	2.21e-02	6.74e-02	4.37e-01	3.67e-01	9.72e-02
 1.72695e+22	0.00e+00	3.83e-24	2.31e-20	2.09e-17	9.08e-15	2.36e-12	1.99e-09	2.22e-07	9.71e-06	1.65e-04	1.73e-03	8.56e-03	2.39e-02	7.05e-02	4.43e-01	3.60e-01	9.23e-02
 1.73715e+22	0.00e+00	5.01e-24	2.95e-20	2.59e-17	1.09e-14	2.74e-12	2.32e-09	2.56e-07	1.11e-05	1.85e-04	1.91e-03	9.28e-03	2.53e-02	7.27e-02	4.47e-01	3.55e-01	8.90e-02
 1.74568e+22	0.00e+00	6.59e-24	3.77e-20	3.21e-17	1.31e-14	3.19e-12	2.69e-09	2.96e-07	1.27e-05	2.08e-04	2.12e-03	1.01e-02	2.68e-02	7.49e-02	4.51e-01	3.49e-01	8.57e-02
 1.75391e+22	0.00e+00	8.53e-24	4.77e-20	3.93e-17	1.56e-14	3.67e-12	3.11e-09	3.40e-07	1.44e-05	2.32e-04	2.33e-03	1.09e-02	2.83e-02	7.71e-02	4.54e-01	3.44e-01	8.26e-02
 1.76321e+22	0.00e+00	1.23e-23	6.62e-20	5.23e-17	1.98e-14	4.45e-12	3.79e-09	4.11e-07	1.72e-05	2.71e-04	2.67e-03	1.21e-02	3.05e-02	8.02e-02	4.59e-01	3.37e-01	7.84e-02
 1.77222e+22	0.00e+00	1.57e-23	8.24e-20	6.32e-17	2.32e-14	5.07e-12	4.33e-09	4.68e-07	1.93e-05	3.01e-04	2.92e-03	1.30e-02	3.20e-02	8.23e-02	4.62e-01	3.32e-01	7.57e-02
 1.78088e+22	0.00e+00	2.22e-23	1.13e-19	8.26e-17	2.90e-14	6.06e-12	5.22e-09	5.60e-07	2.29e-05	3.48e-04	3.31e-03	1.44e-02	3.43e-02	8.54e-02	4.65e-01	3.25e-01	7.19e-02
 1.78960e+22	0.00e+00	2.84e-23	1.41e-19	1.00e-16	3.42e-14	6.91e-12	5.98e-09	6.38e-07	2.58e-05	3.87e-04	3.63e-03	1.55e-02	3.60e-02	8.76e-02	4.68e-01	3.20e-01	6.93e-02
 1.79840e+22	0.00e+00	4.09e-23	1.95e-19	1.32e-16	4.30e-14	8.28e-12	7.24e-09	7.70e-07	3.08e-05	4.51e-04	4.14e-03	1.72e-02	3.87e-02	9.08e-02	4.71e-01	3.12e-01	6.56e-02
 1.80720e+22	0.00e+00	5.30e-23	2.45e-19	1.62e-16	5.08e-14	9.46e-12	8.33e-09	8.82e-07	3.49e-05	5.03e-04	4.55e-03	1.86e-02	4.08e-02	9.31e-02	4.73e-01	3.06e-01	6.30e-02
 1.81599e+22	0.00e+00	7.60e-23	3.38e-19	2.12e-16	6.36e-14	1.13e-11	1.01e-08	1.06e-06	4.15e-05	5.86e-04	5.18e-03	2.06e-02	4.37e-02	9.64e-02	4.75e-01	2.99e-01	5.95e-02
 1.82493e+22	0.00e+00	1.02e-22	4.38e-19	2.65e-16	7.62e-14	1.30e-11	1.17e-08	1.23e-06	4.78e-05	6.61e-04	5.75e-03	2.23e-02	4.62e-02	9.90e-02	4.77e-01	2.92e-01	5.68e-02
 1.83276e+22	0.00e+00	1.35e-22	5.64e-19	3.28e-16	9.08e-14	1.49e-11	1.36e-08	1.43e-06	5.48e-05	7.45e-04	6.37e-03	2.42e-02	4.88e-02	1.02e-01	4.78e-01	2.86e-01	5.42e-02
 1.84160e+22	0.00e+00	1.98e-22	7.89e-19	4.36e-16	1.14e-13	1.78e-11	1.65e-08	1.73e-06	6.56e-05	8.70e-04	7.28e-03	2.69e-02	5.24e-02	1.05e-01	4.80e-01	2.77e-01	5.09e-02
 1.85040e+22	2.11e-35	2.64e-22	1.02e-18	5.41e-16	1.36e-13	2.04e-11	1.92e-08	2.01e-06	7.54e-05	9.81e-04	8.06e-03	2.92e-02	5.52e-02	1.08e-01	4.80e-01	2.70e-01	4.84e-02
 1.85915e+22	3.40e-35	3.89e-22	1.43e-18	7.19e-16	1.71e-13	2.43e-11	2.33e-08	2.44e-06	9.04e-05	1.15e-03	9.22e-03	3.24e-02	5.92e-02	1.11e-01	4.80e-01	2.61e-01	4.53e-02
 1.86759e+22	4.76e-35	5.11e-22	1.82e-18	8.79e-16	2.01e-13	2.74e-11	2.68e-08	2.80e-06	1.03e-04	1.28e-03	1.01e-02	3.49e-02	6.22e-02	1.14e-01	4.80e-01	2.55e-01	4.31e-02
 1.87565e+22	7.49e-35	7.38e-22	2.51e-18	1.15e-15	2.48e-13	3.22e-11	3.22e-08	3.36e-06	1.22e-04	1.49e-03	1.15e-02	3.85e-02	6.64e-02	1.17e-01	4.79e-01	2.46e-01	4.03e-02
 1.88374e+22	1.06e-34	9.81e-22	3.23e-18	1.41e-15	2.92e-13	3.63e-11	3.71e-08	3.87e-06	1.40e-04	1.67e-03	1.26e-02	4.15e-02	6.97e-02	1.19e-01	4.78e-01	2.39e-01	3.83e-02
 1.89189e+22	1.68e-34	1.42e-21	4.46e-18	1.85e-15	3.61e-13	4.25e-11	4.45e-08	4.65e-06	1.66e-04	1.93e-03	1.43e-02	4.58e-02	7.42e-02	1.22e-01	4.75e-01	2.30e-01	3.57e-02
 1.90016e+22	2.39e-34	1.90e-21	5.75e-18	2.28e-15	4.26e-13	4.81e-11	5.14e-08	5.37e-06	1.90e-04	2.16e-03	1.58e-02	4.93e-02	7.79e-02	1.25e-01	4.73e-01	2.23e-01	3.37e-02
 1.90859e+22	3.82e-34	2.79e-21	8.01e-18	3.00e-15	5.27e-13	5.64e-11	6.19e-08	6.48e-06	2.26e-04	2.51e-03	1.78e-02	5.43e-02	8.28e-02	1.28e-01	4.70e-01	2.14e-01	3.12e-02
 1.91720e+22	5.55e-34	3.78e-21	1.05e-17	3.73e-15	6.25e-13	6.40e-11	7.18e-08	7.52e-06	2.60e-04	2.82e-03	1.97e-02	5.85e-02	8.69e-02	1.30e-01	4.66e-01	2.07e-01	2.93e-02
 1.92483e+22	8.01e-34	5.11e-21	1.36e-17	4.62e-15	7.38e-13	7.23e-11	8.30e-08	8.70e-06	2.97e-04	3.17e-03	2.17e-02	6.30e-02	9.10e-02	1.32e-01	4.62e-01	1.99e-01	2.75e-02
 1.93321e+22	1.25e-33	7.38e-21	1.87e-17	5.99e-15	9.02e-13	8.37e-11	9.88e-08	1.04e-05	3.50e-04	3.63e-03	2.43e-02	6.88e-02	9.62e-02	1.34e-01	4.57e-01	1.90e-01	2.55e-02
 1.94170e+22	1.82e-33	1.00e-20	2.43e-17	7.44e-15	1.07e-12	9.46e-11	1.14e-07	1.20e-05	4.01e-04	4.07e-03	2.67e-02	7.39e-02	1.01e-01	1.36e-01	4.52e-01	1.83e-01	2.38e-02
 1.95014e+22	2.82e-33	1.44e-20	3.32e-17	9.58e-15	1.29e-12	1.09e-10	1.35e-07	1.42e-05	4.69e-04	4.64e-03	2.97e-02	8.02e-02	1.06e-01	1.38e-01	4.45e-01	1.74e-01	2.19e-02
 1.95871e+22	4.11e-33	1.96e-20	4.34e-17	1.19e-14	1.53e-12	1.23e-10	1.56e-07	1.64e-05	5.37e-04	5.19e-03	3.25e-02	8.60e-02	1.10e-01	1.40e-01	4.38e-01	1.67e-01	2.04e-02
 1.96734e+22	6.33e-33	2.80e-20	5.91e-17	1.53e-14	1.85e-12	1.42e-10	1.83e-07	1.94e-05	6.25e-04	5.88e-03	3.61e-02	9.29e-02	1.15e-01	1.41e-01	4.31e-01	1.58e-01	1.88e-02
 1.97611e+22	9.29e-33	3.84e-20	7.77e-17	1.91e-14	2.20e-12	1.60e-10	2.11e-07	2.24e-05	7.14e-04	6.57e-03	3.94e-02	9.94e-02	1.20e-01	1.42e-01	4.23e-01	1.51e-01	1.74e-02
 1.98493e+22	1.41e-32	5.45e-20	1.05e-16	2.44e-14	2.65e-12	1.83e-10	2.47e-07	2.62e-05	8.24e-04	7.39e-03	4.34e-02	1.07e-01	1.25e-01	1.43e-01	4.14e-01	1.43e-01	1.59e-02
 1.99374e+22	2.03e-32	7.35e-20	1.36e-16	3.01e-14	3.11e-12	2.07e-10	2.82e-07	2.99e-05	9.32e-04	8.17e-03	4.70e-02	1.13e-01	1.30e-01	1.44e-01	4.06e-01	1.36e-01	1.47e-02
 2.00283e+22	3.13e-32	1.06e-19	1.86e-16	3.88e-14	3.77e-12	2.38e-10	3.29e-07	3.50e-05	1.08e-03	9.20e-03	5.17e-02	1.21e-01	1.35e-01	1.45e-01	3.95e-01	1.28e-01	1.34e-02
 2.01203e+22	4.45e-32	1.42e-19	2.39e-16	4.77e-14	4.42e-12	2.68e-10	3.74e-07	3.98e-05	1.21e-03	1.01e-02	5.57e-02	1.28e-01	1.39e-01	1.45e-01	3.87e-01	1.22e-01	1.24e-02
 2.02151e+22	6.89e-32	2.05e-19	3.28e-16	6.16e-14	5.38e-12	3.09e-10	4.36e-07	4.65e-05	1.39e-03	1.13e-02	6.10e-02	1.37e-01	1.44e-01	1.45e-01	3.75e-01	1.14e-01	1.12e-02
 2.03123e+22	9.84e-32	2.76e-19	4.25e-16	7.62e-14	6.33e-12	3.49e-10	4.95e-07	5.27e-05	1.56e-03	1.24e-02	6.55e-02	1.44e-01	1.48e-01	1.45e-01	3.65e-01	1.08e-01	1.03e-02
 2.04115e+22	1.51e-31	3.96e-19	5.80e-16	9.81e-14	7.69e-12	4.03e-10	5.74e-07	6.12e-05	1.79e-03	1.39e-02	7.13e-02	1.53e-01	1.52e-01	1.44e-01	3.53e-01	1.01e-01	9.29e-03
 2.05139e+22	2.17e-31	5.38e-19	7.57e-16	1.22e-13	9.10e-12	4.58e-10	6.51e-07	6.94e-05	2.01e-03	1.52e-02	7.65e-02	1.61e-01	1.56e-01	1.43e-01	3.43e-01	9.48e-02	8.48e-03
 2.06199e+22	3.33e-31	7.74e-19	1.04e-15	1.58e-13	1.11e-11	5.32e-10	7.53e-07	8.03e-05	2.29e-03	1.69e-02	8.28e-02	1.70e-01	1.60e-01	1.42e-01	3.30e-01	8.80e-02	7.60e-03
 2.07291e+22	4.80e-31	1.06e-18	1.36e-15	1.97e-13	1.32e-11	6.06e-10	8.53e-07	9.09e-05	2.56e-03	1.84e-02	8.85e-02	1.78e-01	1.63e-01	1.41e-01	3.19e-01	8.24e-02	6.90e-03
 2.08426e+22	7.35e-31	1.52e-18	1.86e-15	2.55e-13	1.62e-11	7.08e-10	9.86e-07	1.05e-04	2.91e-03	2.04e-02	9.54e-02	1.88e-01	1.67e-01	1.39e-01	3.05e-01	7.61e-02	6.15e-03
 2.09595e+22	1.06e-30	2.08e-18	2.44e-15	3.19e-13	1.93e-11	8.09e-10	1.11e-06	1.18e-04	3.24e-03	2.22e-02	1.02e-01	1.96e-01	1.69e-01	1.37e-01	2.94e-01	7.10e-02	5.57e-03
 2.10833e+22	1.66e-30	3.05e-18	3.41e-15	4.20e-13	2.39e-11	9.56e-10	1.29e-06	1.37e-04	3.69e-03	2.46e-02	1.09e-01	2.06e-01	1.72e-01	1.35e-01	2.79e-01	6.50e-02	4.90e-03
 2.12077e+22	2.34e-30	4.11e-18	4.42e-15	5.21e-13	2.84e-11	1.09e-09	1.45e-06	1.54e-04	4.09e-03	2.66e-02	1.16e-01	2.13e-01	1.74e-01	1.33e-01	2.68e-01	6.05e-02	4.43e-03
 2.13343e+22	3.64e-30	5.99e-18	6.14e-15	6.85e-13	3.52e-11	1.29e-09	1.68e-06	1.77e-04	4.63e-03	2.93e-02	1.24e-01	2.22e-01	1.76e-01	1.30e-01	2.54e-01	5.51e-02	3.88e-03
 2.14638e+22	5.14e-30	8.08e-18	7.97e-15	8.50e-13	4.18e-11	1.47e-09	1.89e-06	1.98e-04	5.11e-03	3.16e-02	1.31e-01	2.30e-01	1.78e-01	1.27e-01	2.43e-01	5.11e-02	3.49e-03
 2.15758e+22	7.05e-30	1.06e-17	1.01e-14	1.04e-12	4.89e-11	1.67e-09	2.09e-06	2.19e-04	5.58e-03	3.38e-02	1.37e-01	2.36e-01	1.79e-01	1.25e-01	2.33e-01	4.76e-02	3.16e-03
 2.17002e+22	1.06e-29	1.50e-17	1.37e-14	1.34e-12	5.98e-11	1.95e-09	2.39e-06	2.48e-04	6.23e-03	3.67e-02	1.45e-01	2.44e-01	1.80e-01	1.22e-01	2.20e-01	4.34e-02	2.78e-03
 2.18258e+22	1.43e-29	1.96e-17	1.73e-14	1.62e-12	6.99e-11	2.21e-09	2.64e-06	2.74e-04	6.78e-03	3.92e-02	1.51e-01	2.50e-01	1.80e-01	1.19e-01	2.10e-01	4.03e-02	2.51e-03
 2.19531e+22	2.14e-29	2.77e-17	2.34e-14	2.08e-12	8.54e-11	2.58e-09	3.00e-06	3.10e-04	7.55e-03	4.24e-02	1.60e-01	2.58e-01	1.80e-01	1.15e-01	1.98e-01	3.66e-02	2.20e-03
 2.20823e+22	2.88e-29	3.60e-17	2.94e-14	2.53e-12	9.97e-11	2.92e-09	3.32e-06	3.40e-04	8.18e-03	4.50e-02	1.66e-01	2.63e-01	1.80e-01	1.13e-01	1.89e-01	3.39e-02	1.98e-03
 2.21963e+22	3.88e-29	4.67e-17	3.69e-14	3.06e-12	1.16e-10	3.29e-09	3.66e-06	3.73e-04	8.85e-03	4.78e-02	1.72e-01	2.68e-01	1.79e-01	1.10e-01	1.80e-01	3.14e-02	1.79e-03
 2.23269e+22	5.69e-29	6.51e-17	4.94e-14	3.90e-12	1.41e-10	3.84e-09	4.14e-06	4.19e-04	9.79e-03	5.14e-02	1.80e-01	2.74e-01	1.78e-01	1.06e-01	1.69e-01	2.85e-02	1.56e-03
 2.24570e+22	7.47e-29	8.26e-17	6.10e-14	4.66e-12	1.63e-10	4.32e-09	4.54e-06	4.56e-04	1.05e-02	5.42e-02	1.86e-01	2.79e-01	1.78e-01	1.03e-01	1.61e-01	2.64e-02	1.41e-03
 2.25863e+22	1.08e-28	1.14e-16	8.10e-14	5.90e-12	1.98e-10	5.02e-09	5.11e-06	5.10e-04	1.16e-02	5.80e-02	1.94e-01	2.84e-01	1.76e-01	9.93e-02	1.51e-01	2.39e-02	1.23e-03
 2.27174e+22	1.42e-28	1.45e-16	9.98e-14	7.05e-12	2.28e-10	5.64e-09	5.61e-06	5.55e-04	1.24e-02	6.10e-02	2.00e-01	2.88e-01	1.75e-01	9.64e-02	1.44e-01	2.21e-02	1.11e-03
 2.28506e+22	2.05e-28	2.00e-16	1.32e-13	8.92e-12	2.76e-10	6.56e-09	6.31e-06	6.19e-04	1.36e-02	6.52e-02	2.08e-01	2.92e-01	1.73e-01	9.26e-02	1.34e-01	2.00e-02	9.68e-04
 2.29862e+22	2.69e-28	2.54e-16	1.64e-13	1.07e-11	3.20e-10	7.39e-09	6.93e-06	6.73e-04	1.46e-02	6.85e-02	2.14e-01	2.95e-01	1.71e-01	8.96e-02	1.27e-01	1.84e-02	8.70e-04
 2.31250e+22	3.87e-28	3.50e-16	2.17e-13	1.36e-11	3.88e-10	8.62e-09	7.82e-06	7.51e-04	1.60e-02	7.30e-02	2.22e-01	2.99e-01	1.68e-01	8.58e-02	1.18e-01	1.65e-02	7.53e-04
 2.32663e+22	5.09e-28	4.46e-16	2.69e-13	1.63e-11	4.51e-10	9.74e-09	8.60e-06	8.17e-04	1.71e-02	7.66e-02	2.28e-01	3.01e-01	1.66e-01	8.28e-02	1.12e-01	1.52e-02	6.74e-04
 2.33900e+22	6.65e-28	5.65e-16	3.31e-13	1.94e-11	5.22e-10	1.09e-08	9.41e-06	8.86e-04	1.83e-02	8.02e-02	2.34e-01	3.03e-01	1.63e-01	7.99e-02	1.06e-01	1.40e-02	6.04e-04
 2.35298e+22	9.41e-28	7.68e-16	4.34e-13	2.44e-11	6.29e-10	1.27e-08	1.06e-05	9.82e-04	1.99e-02	8.50e-02	2.41e-01	3.05e-01	1.60e-01	7.62e-02	9.83e-02	1.25e-02	5.23e-04
 2.36694e+22	1.20e-27	9.53e-16	5.26e-13	2.88e-11	7.23e-10	1.43e-08	1.16e-05	1.06e-03	2.12e-02	8.86e-02	2.46e-01	3.07e-01	1.58e-01	7.36e-02	9.31e-02	1.16e-02	4.71e-04
 2.38085e+22	1.69e-27	1.29e-15	6.87e-13	3.61e-11	8.69e-10	1.65e-08	1.30e-05	1.17e-03	2.30e-02	9.36e-02	2.53e-01	3.08e-01	1.54e-01	7.00e-02	8.63e-02	1.04e-02	4.07e-04
 2.39496e+22	2.16e-27	1.60e-15	8.34e-13	4.27e-11	9.99e-10	1.86e-08	1.42e-05	1.27e-03	2.44e-02	9.74e-02	2.58e-01	3.09e-01	1.51e-01	6.74e-02	8.16e-02	9.55e-03	3.66e-04
 2.40933e+22	3.00e-27	2.14e-15	1.08e-12	5.32e-11	1.20e-09	2.15e-08	1.59e-05	1.40e-03	2.64e-02	1.03e-01	2.64e-01	3.09e-01	1.48e-01	6.41e-02	7.56e-02	8.55e-03	3.17e-04
 2.42418e+22	3.91e-27	2.70e-15	1.33e-12	6.37e-11	1.39e-09	2.43e-08	1.75e-05	1.52e-03	2.81e-02	1.07e-01	2.69e-01	3.09e-01	1.44e-01	6.14e-02	7.10e-02	7.82e-03	2.82e-04
 2.43968e+22	5.54e-27	3.68e-15	1.75e-12	8.05e-11	1.69e-09	2.85e-08	1.98e-05	1.68e-03	3.05e-02	1.13e-01	2.76e-01	3.09e-01	1.40e-01	5.80e-02	6.52e-02	6.93e-03	2.41e-04
 2.45542e+22	7.22e-27	4.65e-15	2.16e-12	9.65e-11	1.97e-09	3.23e-08	2.18e-05	1.83e-03	3.25e-02	1.17e-01	2.81e-01	3.08e-01	1.37e-01	5.54e-02	6.11e-02	6.31e-03	2.14e-04
 2.47150e+22	1.02e-26	6.31e-15	2.83e-12	1.22e-10	2.39e-09	3.79e-08	2.47e-05	2.03e-03	3.52e-02	1.23e-01	2.87e-01	3.06e-01	1.32e-01	5.21e-02	5.60e-02	5.58e-03	1.82e-04
 2.48813e+22	1.35e-26	8.08e-15	3.54e-12	1.48e-10	2.81e-09	4.34e-08	2.74e-05	2.21e-03	3.76e-02	1.29e-01	2.91e-01	3.05e-01	1.28e-01	4.95e-02	5.21e-02	5.04e-03	1.60e-04
 2.50548e+22	1.94e-26	1.11e-14	4.71e-12	1.89e-10	3.46e-09	5.14e-08	3.12e-05	2.46e-03	4.09e-02	1.35e-01	2.97e-01	3.02e-01	1.24e-01	4.63e-02	4.74e-02	4.41e-03	1.35e-04
 2.52341e+22	2.61e-26	1.44e-14	5.95e-12	2.32e-10	4.11e-09	5.92e-08	3.49e-05	2.69e-03	4.37e-02	1.41e-01	3.01e-01	3.00e-01	1.20e-01	4.38e-02	4.38e-02	3.95e-03	1.17e-04
 2.54208e+22	3.84e-26	2.02e-14	8.06e-12	3.02e-10	5.12e-09	7.10e-08	4.01e-05	3.02e-03	4.76e-02	1.49e-01	3.07e-01	2.96e-01	1.14e-01	4.06e-02	3.94e-02	3.41e-03	9.69e-05
 2.56080e+22	5.12e-26	2.61e-14	1.01e-11	3.68e-10	6.06e-09	8.16e-08	4.48e-05	3.30e-03	5.08e-02	1.54e-01	3.10e-01	2.93e-01	1.10e-01	3.83e-02	3.64e-02	3.05e-03	8.41e-05
 2.57959e+22	7.47e-26	3.64e-14	1.37e-11	4.76e-10	7.52e-09	9.76e-08	5.14e-05	3.68e-03	5.51e-02	1.62e-01	3.15e-01	2.89e-01	1.05e-01	3.55e-02	3.27e-02	2.64e-03	6.97e-05
 2.59912e+22	1.02e-25	4.78e-14	1.75e-11	5.91e-10	9.02e-09	1.13e-07	5.78e-05	4.05e-03	5.90e-02	1.68e-01	3.18e-01	2.85e-01	1.01e-01	3.32e-02	2.99e-02	2.33e-03	5.96e-05
 2.61962e+22	1.55e-25	6.93e-14	2.43e-11	7.85e-10	1.14e-08	1.38e-07	6.72e-05	4.56e-03	6.44e-02	1.77e-01	3.21e-01	2.79e-01	9.52e-02	3.04e-02	2.65e-02	1.97e-03	4.82e-05
 2.64011e+22	2.09e-25	9.04e-14	3.09e-11	9.69e-10	1.37e-08	1.60e-07	7.53e-05	4.99e-03	6.87e-02	1.83e-01	3.24e-01	2.74e-01	9.10e-02	2.84e-02	2.42e-02	1.74e-03	4.12e-05
 2.66061e+22	3.17e-25	1.31e-13	4.31e-11	1.29e-09	1.73e-08	1.95e-07	8.74e-05	5.62e-03	7.48e-02	1.92e-01	3.26e-01	2.67e-01	8.57e-02	2.59e-02	2.13e-02	1.47e-03	3.31e-05
 2.68141e+22	4.35e-25	1.74e-13	5.55e-11	1.60e-09	2.08e-08	2.27e-07	9.83e-05	6.16e-03	7.98e-02	1.98e-01	3.28e-01	2.62e-01	8.15e-02	2.40e-02	1.93e-02	1.28e-03	2.80e-05
 2.69894e+22	5.78e-25	2.25e-13	6.98e-11	1.95e-09	2.46e-08	2.60e-07	1.09e-04	6.69e-03	8.45e-02	2.04e-01	3.28e-01	2.57e-01	7.79e-02	2.25e-02	1.76e-02	1.13e-03	2.40e-05
 2.71808e+22	8.53e-25	3.20e-13	9.54e-11	2.55e-09	3.08e-08	3.13e-07	1.26e-04	7.46e-03	9.11e-02	2.12e-01	3.29e-01	2.50e-01	7.32e-02	2.05e-02	1.56e-02	9.58e-04	1.94e-05
 2.73706e+22	1.13e-24	4.13e-13	1.20e-10	3.10e-09	3.62e-08	3.59e-07	1.39e-04	8.09e-03	9.63e-02	2.18e-01	3.29e-01	2.44e-01	6.98e-02	1.91e-02	1.42e-02	8.47e-04	1.66e-05
 2.75582e+22	1.64e-24	5.86e-13	1.63e-10	4.03e-09	4.51e-08	4.30e-07	1.60e-04	8.99e-03	1.03e-01	2.26e-01	3.29e-01	2.37e-01	6.54e-02	1.74e-02	1.26e-02	7.15e-04	1.34e-05
 2.77480e+22	2.35e-24	7.65e-13	2.06e-10	4.94e-09	5.35e-08	4.96e-07	1.78e-04	9.76e-03	1.09e-01	2.32e-01	3.28e-01	2.31e-01	6.21e-02	1.62e-02	1.14e-02	6.26e-04	1.13e-05
 2.79408e+22	3.47e-24	1.11e-12	2.84e-10	6.49e-09	6.73e-08	6.01e-07	2.05e-04	1.09e-02	1.18e-01	2.39e-01	3.26e-01	2.23e-01	5.78e-02	1.46e-02	9.96e-03	5.22e-04	9.03e-06
 2.81345e+22	4.63e-24	1.46e-12	3.62e-10	7.99e-09	8.02e-08	6.96e-07	2.29e-04	1.18e-02	1.24e-01	2.45e-01	3.24e-01	2.17e-01	5.47e-02	1.35e-02	8.98e-03	4.55e-04	7.58e-06
 2.83296e+22	6.81e-24	2.12e-12	5.01e-10	1.06e-08	1.01e-07	8.47e-07	2.66e-04	1.32e-02	1.33e-01	2.52e-01	3.21e-01	2.09e-01	5.07e-02	1.22e-02	7.80e-03	3.76e-04	5.98e-06
 2.85274e+22	9.21e-24	2.86e-12	6.49e-10	1.32e-08	1.22e-07	9.92e-07	2.99e-04	1.45e-02	1.41e-01	2.58e-01	3.18e-01	2.02e-01	4.76e-02	1.12e-02	6.97e-03	3.23e-04	4.94e-06
 2.87285e+22	1.36e-23	4.24e-12	9.13e-10	1.77e-08	1.57e-07	1.22e-06	3.50e-04	1.63e-02	1.52e-01	2.65e-01	3.14e-01	1.93e-01	4.37e-02	9.98e-03	5.98e-03	2.63e-04	3.83e-06
 2.89319e+22	1.85e-23	5.78e-12	1.19e-09	2.22e-08	1.91e-07	1.45e-06	3.96e-04	1.79e-02	1.60e-01	2.70e-01	3.10e-01	1.86e-01	4.08e-02	9.10e-03	5.30e-03	2.24e-04	3.12e-06
 2.91346e+22	2.71e-23	8.61e-12	1.68e-09	2.99e-08	2.46e-07	1.80e-06	4.66e-04	2.01e-02	1.72e-01	2.77e-01	3.04e-01	1.77e-01	3.73e-02	8.07e-03	4.52e-03	1.81e-04	2.39e-06
 2.93270e+22	3.51e-23	1.13e-11	2.13e-09	3.67e-08	2.93e-07	2.09e-06	5.22e-04	2.19e-02	1.81e-01	2.81e-01	2.99e-01	1.70e-01	3.49e-02	7.41e-03	4.04e-03	1.56e-04	1.99e-06
 2.95095e+22	4.91e-23	1.64e-11	2.92e-09	4.83e-08	3.72e-07	2.57e-06	6.09e-04	2.45e-02	1.93e-01	2.86e-01	2.93e-01	1.62e-01	3.20e-02	6.60e-03	3.46e-03	1.27e-04	1.54e-06
 2.96956e+22	6.39e-23	2.19e-11	3.74e-09	6.00e-08	4.50e-07	3.04e-06	6.90e-04	2.68e-02	2.02e-01	2.89e-01	2.87e-01	1.55e-01	2.97e-02	6.00e-03	3.06e-03	1.08e-04	1.26e-06
 2.98756e+22	8.57e-23	3.08e-11	5.02e-09	7.78e-08	5.65e-07	3.72e-06	8.01e-04	2.99e-02	2.15e-01	2.93e-01	2.80e-01	1.47e-01	2.71e-02	5.35e-03	2.63e-03	8.82e-05	9.80e-07
 3.00600e+22	1.11e-22	4.17e-11	6.51e-09	9.82e-08	6.93e-07	4.46e-06	9.17e-04	3.30e-02	2.26e-01	2.96e-01	2.73e-01	1.40e-01	2.50e-02	4.82e-03	2.29e-03	7.35e-05	7.82e-07
 3.02377e+22	1.44e-22	5.71e-11	8.51e-09	1.25e-07	8.61e-07	5.41e-06	1.06e-03	3.66e-02	2.38e-01	2.98e-01	2.65e-01	1.32e-01	2.28e-02	4.30e-03	1.97e-03	6.05e-05	6.15e-07
 3.04124e+22	1.80e-22	7.57e-11	1.09e-08	1.56e-07	1.05e-06	6.46e-06	1.21e-03	4.02e-02	2.50e-01	3.00e-01	2.57e-01	1.25e-01	2.09e-02	3.86e-03	1.72e-03	5.05e-05	4.92e-07
 3.05870e+22	2.28e-22	1.02e-10	1.41e-08	1.98e-07	1.30e-06	7.83e-06	1.40e-03	4.46e-02	2.63e-01	3.01e-01	2.49e-01	1.18e-01	1.90e-02	3.43e-03	1.47e-03	4.14e-05	3.85e-07
 3.07620e+22	2.81e-22	1.34e-10	1.78e-08	2.46e-07	1.59e-06	9.40e-06	1.60e-03	4.90e-02	2.75e-01	3.02e-01	2.40e-01	1.11e-01	1.73e-02	3.06e-03	1.27e-03	3.42e-05	3.05e-07
 3.09325e+22	3.44e-22	1.76e-10	2.25e-08	3.07e-07	1.94e-06	1.13e-05	1.83e-03	5.40e-02	2.87e-01	3.02e-01	2.31e-01	1.04e-01	1.57e-02	2.72e-03	1.10e-03	2.82e-05	2.41e-07
 3.11029e+22	4.17e-22	2.27e-10	2.82e-08	3.80e-07	2.36e-06	1.35e-05	2.10e-03	5.93e-02	3.00e-01	3.01e-01	2.23e-01	9.77e-02	1.43e-02	2.42e-03	9.43e-04	2.32e-05	1.90e-07
 3.12733e+22	5.03e-22	2.93e-10	3.53e-08	4.70e-07	2.87e-06	1.63e-05	2.40e-03	6.52e-02	3.12e-01	3.00e-01	2.14e-01	9.12e-02	1.29e-02	2.14e-03	8.07e-04	1.90e-05	1.49e-07
 3.14439e+22	6.00e-22	3.73e-10	4.38e-08	5.79e-07	3.48e-06	1.95e-05	2.74e-03	7.14e-02	3.24e-01	2.98e-01	2.04e-01	8.50e-02	1.16e-02	1.89e-03	6.91e-04	1.56e-05	0.00e+00
 3.16154e+22	7.12e-22	4.72e-10	5.41e-08	7.12e-07	4.22e-06	2.33e-05	3.13e-03	7.82e-02	3.36e-01	2.95e-01	1.95e-01	7.89e-02	1.05e-02	1.66e-03	5.89e-04	1.27e-05	0.00e+00
 3.17896e+22	8.43e-22	5.93e-10	6.65e-08	8.72e-07	5.09e-06	2.78e-05	3.56e-03	8.54e-02	3.48e-01	2.92e-01	1.86e-01	7.31e-02	9.40e-03	1.46e-03	5.01e-04	1.03e-05	0.00e+00
 3.19682e+22	1.00e-21	7.45e-10	8.20e-08	1.07e-06	6.20e-06	3.35e-05	4.08e-03	9.35e-02	3.60e-01	2.88e-01	1.76e-01	6.73e-02	8.36e-03	1.27e-03	4.21e-04	8.31e-06	0.00e+00
 3.21473e+22	1.17e-21	9.20e-10	9.97e-08	1.31e-06	7.45e-06	3.99e-05	4.63e-03	1.02e-01	3.71e-01	2.84e-01	1.67e-01	6.20e-02	7.47e-03	1.10e-03	3.56e-04	6.73e-06	0.00e+00
 3.23286e+22	1.36e-21	1.14e-09	1.22e-07	1.60e-06	9.00e-06	4.79e-05	5.28e-03	1.11e-01	3.82e-01	2.79e-01	1.58e-01	5.67e-02	6.61e-03	9.55e-04	2.99e-04	5.39e-06	0.00e+00
 3.25120e+22	1.60e-21	1.39e-09	1.47e-07	1.93e-06	1.08e-05	5.69e-05	5.98e-03	1.20e-01	3.92e-01	2.74e-01	1.49e-01	5.20e-02	5.87e-03	8.28e-04	2.51e-04	4.34e-06	0.00e+00
 3.27002e+22	1.89e-21	1.70e-09	1.78e-07	2.36e-06	1.30e-05	6.83e-05	6.81e-03	1.31e-01	4.02e-01	2.68e-01	1.39e-01	4.72e-02	5.16e-03	7.09e-04	2.08e-04	3.43e-06	0.00e+00
 3.28908e+22	2.22e-21	2.04e-09	2.13e-07	2.83e-06	1.55e-05	8.08e-05	7.68e-03	1.41e-01	4.11e-01	2.62e-01	1.31e-01	4.30e-02	4.56e-03	6.11e-04	1.75e-04	2.75e-06	0.00e+00
 3.30637e+22	2.55e-21	2.38e-09	2.48e-07	3.31e-06	1.80e-05	9.33e-05	8.50e-03	1.50e-01	4.18e-01	2.56e-01	1.24e-01	3.96e-02	4.09e-03	5.37e-04	1.50e-04	2.27e-06	0.00e+00
 3.32485e+22	3.06e-21	2.88e-09	3.00e-07	4.03e-06	2.16e-05	1.12e-04	9.65e-03	1.62e-01	4.25e-01	2.48e-01	1.15e-01	3.56e-02	3.56e-03	4.54e-04	1.23e-04	1.77e-06	0.00e+00
 3.34364e+22	3.54e-21	3.34e-09	3.48e-07	4.70e-06	2.50e-05	1.29e-04	1.07e-02	1.72e-01	4.31e-01	2.42e-01	1.08e-01	3.27e-02	3.18e-03	3.97e-04	1.05e-04	1.46e-06	0.00e+00
 3.36282e+22	4.27e-21	4.01e-09	4.20e-07	5.71e-06	3.01e-05	1.54e-04	1.21e-02	1.85e-01	4.37e-01	2.34e-01	9.97e-02	2.92e-02	2.74e-03	3.33e-04	8.51e-05	1.13e-06	0.00e+00
 3.38245e+22	4.97e-21	4.64e-09	4.87e-07	6.66e-06	3.48e-05	1.77e-04	1.33e-02	1.96e-01	4.41e-01	2.27e-01	9.34e-02	2.66e-02	2.43e-03	2.89e-04	7.20e-05	9.17e-07	0.00e+00
 3.40266e+22	6.03e-21	5.54e-09	5.87e-07	8.09e-06	4.19e-05	2.13e-04	1.51e-02	2.11e-01	4.45e-01	2.18e-01	8.55e-02	2.35e-02	2.08e-03	2.40e-04	5.78e-05	7.00e-07	0.00e+00
 3.42299e+22	7.06e-21	6.37e-09	6.78e-07	9.39e-06	4.81e-05	2.44e-04	1.65e-02	2.22e-01	4.47e-01	2.11e-01	7.99e-02	2.14e-02	1.84e-03	2.08e-04	4.89e-05	5.70e-07	0.00e+00
 3.44348e+22	8.55e-21	7.54e-09	8.13e-07	1.13e-05	5.76e-05	2.91e-04	1.86e-02	2.37e-01	4.49e-01	2.01e-01	7.29e-02	1.89e-02	1.57e-03	1.72e-04	3.92e-05	4.33e-07	0.00e+00
 3.46413e+22	1.00e-20	8.63e-09	9.35e-07	1.31e-05	6.58e-05	3.32e-04	2.04e-02	2.48e-01	4.50e-01	1.94e-01	6.80e-02	1.71e-02	1.39e-03	1.48e-04	3.31e-05	3.52e-07	0.00e+00
 3.48497e+22	1.22e-20	1.02e-08	1.12e-06	1.58e-05	7.83e-05	3.94e-04	2.28e-02	2.64e-01	4.50e-01	1.85e-01	6.18e-02	1.50e-02	1.18e-03	1.22e-04	2.64e-05	2.67e-07	0.00e+00
 3.50611e+22	1.43e-20	1.16e-08	1.28e-06	1.82e-05	8.94e-05	4.49e-04	2.49e-02	2.76e-01	4.49e-01	1.78e-01	5.74e-02	1.36e-02	1.04e-03	1.05e-04	2.22e-05	2.16e-07	0.00e+00
 3.52761e+22	1.75e-20	1.37e-08	1.53e-06	2.19e-05	1.06e-04	5.32e-04	2.78e-02	2.92e-01	4.47e-01	1.68e-01	5.19e-02	1.19e-02	8.76e-04	8.62e-05	1.76e-05	1.63e-07	0.00e+00
 3.54947e+22	2.06e-20	1.56e-08	1.77e-06	2.52e-05	1.21e-04	6.05e-04	3.02e-02	3.04e-01	4.44e-01	1.61e-01	4.80e-02	1.07e-02	7.67e-04	7.37e-05	1.47e-05	1.31e-07	0.00e+00
 3.57177e+22	2.54e-20	1.84e-08	2.11e-06	3.03e-05	1.44e-04	7.16e-04	3.37e-02	3.20e-01	4.40e-01	1.52e-01	4.31e-02	9.26e-03	6.43e-04	5.99e-05	1.16e-05	0.00e+00	0.00e+00
 3.59453e+22	3.01e-20	2.10e-08	2.44e-06	3.51e-05	1.64e-04	8.15e-04	3.66e-02	3.33e-01	4.36e-01	1.45e-01	3.96e-02	8.28e-03	5.59e-04	5.09e-05	9.62e-06	0.00e+00	0.00e+00
 3.61788e+22	3.73e-20	2.49e-08	2.93e-06	4.23e-05	1.94e-04	9.65e-04	4.08e-02	3.50e-01	4.30e-01	1.36e-01	3.54e-02	7.13e-03	4.64e-04	4.10e-05	7.50e-06	0.00e+00	0.00e+00
 3.64177e+22	4.48e-20	2.86e-08	3.41e-06	4.90e-05	2.22e-04	1.10e-03	4.43e-02	3.63e-01	4.24e-01	1.29e-01	3.23e-02	6.33e-03	4.01e-04	3.45e-05	6.15e-06	0.00e+00	0.00e+00
 3.66192e+22	5.25e-20	3.24e-08	3.88e-06	5.58e-05	2.50e-04	1.23e-03	4.76e-02	3.74e-01	4.18e-01	1.23e-01	2.98e-02	5.68e-03	3.51e-04	2.96e-05	5.16e-06	0.00e+00	0.00e+00
 3.68367e+22	6.38e-20	3.76e-08	4.58e-06	6.60e-05	2.91e-04	1.43e-03	5.23e-02	3.89e-01	4.10e-01	1.15e-01	2.67e-02	4.93e-03	2.95e-04	2.41e-05	4.08e-06	0.00e+00	0.00e+00
 3.70554e+22	7.56e-20	4.28e-08	5.24e-06	7.51e-05	3.26e-04	1.60e-03	5.59e-02	3.99e-01	4.04e-01	1.09e-01	2.46e-02	4.43e-03	2.59e-04	2.07e-05	3.43e-06	0.00e+00	0.00e+00
 3.72756e+22	9.25e-20	4.99e-08	6.19e-06	8.86e-05	3.78e-04	1.85e-03	6.11e-02	4.13e-01	3.95e-01	1.02e-01	2.21e-02	3.83e-03	2.17e-04	1.69e-05	2.71e-06	0.00e+00	0.00e+00
 3.74929e+22	1.10e-19	5.69e-08	7.05e-06	1.00e-04	4.20e-04	2.05e-03	6.50e-02	4.23e-01	3.89e-01	9.73e-02	2.04e-02	3.46e-03	1.91e-04	1.46e-05	2.30e-06	0.00e+00	0.00e+00
 3.77063e+22	1.33e-19	6.57e-08	8.26e-06	1.17e-04	4.84e-04	2.36e-03	7.07e-02	4.36e-01	3.79e-01	9.07e-02	1.82e-02	3.00e-03	1.60e-04	1.19e-05	1.82e-06	0.00e+00	0.00e+00
 3.79209e+22	1.58e-19	7.50e-08	9.42e-06	1.32e-04	5.37e-04	2.60e-03	7.49e-02	4.44e-01	3.72e-01	8.62e-02	1.68e-02	2.70e-03	1.41e-04	1.03e-05	1.54e-06	0.00e+00	0.00e+00
 3.81371e+22	1.93e-19	8.72e-08	1.11e-05	1.55e-04	6.16e-04	2.98e-03	8.12e-02	4.56e-01	3.61e-01	8.02e-02	1.50e-02	2.33e-03	1.18e-04	8.39e-06	1.22e-06	0.00e+00	0.00e+00
 3.83567e+22	2.32e-19	1.00e-07	1.27e-05	1.75e-04	6.85e-04	3.29e-03	8.61e-02	4.65e-01	3.53e-01	7.59e-02	1.38e-02	2.09e-03	1.03e-04	7.20e-06	1.03e-06	0.00e+00	0.00e+00
 3.85807e+22	2.85e-19	1.17e-07	1.50e-05	2.06e-04	7.88e-04	3.77e-03	9.32e-02	4.76e-01	3.42e-01	7.03e-02	1.22e-02	1.80e-03	8.61e-05	5.83e-06	8.07e-07	0.00e+00	0.00e+00
 3.88081e+22	3.46e-19	1.35e-07	1.72e-05	2.34e-04	8.76e-04	4.16e-03	9.86e-02	4.84e-01	3.33e-01	6.63e-02	1.12e-02	1.60e-03	7.49e-05	4.98e-06	6.73e-07	0.00e+00	0.00e+00
 3.90397e+22	4.31e-19	1.60e-07	2.05e-05	2.75e-04	1.01e-03	4.78e-03	1.07e-01	4.94e-01	3.21e-01	6.11e-02	9.89e-03	1.37e-03	6.19e-05	4.00e-06	5.25e-07	0.00e+00	0.00e+00
 3.92755e+22	5.29e-19	1.86e-07	2.37e-05	3.14e-04	1.12e-03	5.28e-03	1.13e-01	5.01e-01	3.12e-01	5.74e-02	9.00e-03	1.21e-03	5.35e-05	3.39e-06	4.34e-07	0.00e+00	0.00e+00
 3.95169e+22	6.70e-19	2.23e-07	2.83e-05	3.72e-04	1.30e-03	6.07e-03	1.22e-01	5.09e-01	2.99e-01	5.26e-02	7.90e-03	1.03e-03	4.38e-05	2.70e-06	3.35e-07	0.00e+00	0.00e+00
 3.97634e+22	8.32e-19	2.62e-07	3.30e-05	4.26e-04	1.45e-03	6.71e-03	1.29e-01	5.15e-01	2.90e-01	4.91e-02	7.14e-03	9.06e-04	3.76e-05	2.27e-06	2.75e-07	0.00e+00	0.00e+00
 4.00167e+22	1.07e-18	3.17e-07	4.00e-05	5.07e-04	1.68e-03	7.73e-03	1.39e-01	5.23e-01	2.77e-01	4.47e-02	6.21e-03	7.60e-04	3.05e-05	1.79e-06	2.09e-07	0.00e+00	0.00e+00
 4.02737e+22	1.35e-18	3.76e-07	4.68e-05	5.82e-04	1.88e-03	8.56e-03	1.47e-01	5.27e-01	2.67e-01	4.16e-02	5.59e-03	6.66e-04	2.60e-05	1.49e-06	1.70e-07	0.00e+00	0.00e+00
 4.05354e+22	1.78e-18	4.61e-07	5.71e-05	6.97e-04	2.17e-03	9.84e-03	1.58e-01	5.33e-01	2.53e-01	3.76e-02	4.83e-03	5.55e-04	2.09e-05	1.17e-06	1.29e-07	0.00e+00	0.00e+00
 4.07999e+22	2.25e-18	5.50e-07	6.70e-05	8.02e-04	2.43e-03	1.09e-02	1.67e-01	5.36e-01	2.43e-01	3.49e-02	4.33e-03	4.83e-04	1.77e-05	9.68e-07	0.00e+00	0.00e+00	0.00e+00
 4.10253e+22	2.79e-18	6.44e-07	7.78e-05	9.14e-04	2.70e-03	1.20e-02	1.75e-01	5.38e-01	2.34e-01	3.24e-02	3.89e-03	4.23e-04	1.51e-05	8.09e-07	0.00e+00	0.00e+00	0.00e+00
 4.12760e+22	3.68e-18	7.90e-07	9.41e-05	1.08e-03	3.09e-03	1.36e-02	1.87e-01	5.40e-01	2.22e-01	2.94e-02	3.39e-03	3.56e-04	1.23e-05	6.41e-07	0.00e+00	0.00e+00	0.00e+00
 4.15291e+22	4.62e-18	9.34e-07	1.10e-04	1.24e-03	3.44e-03	1.50e-02	1.96e-01	5.41e-01	2.12e-01	2.71e-02	3.03e-03	3.10e-04	1.04e-05	5.32e-07	0.00e+00	0.00e+00	0.00e+00
 4.17854e+22	5.35e-18	1.16e-06	1.33e-04	1.46e-03	3.93e-03	1.69e-02	2.08e-01	5.41e-01	2.01e-01	2.46e-02	2.64e-03	2.61e-04	8.48e-06	4.23e-07	0.00e+00	0.00e+00	0.00e+00
 4.20344e+22	6.70e-18	1.36e-06	1.55e-04	1.66e-03	4.34e-03	1.85e-02	2.17e-01	5.40e-01	1.92e-01	2.28e-02	2.37e-03	2.28e-04	7.24e-06	3.54e-07	0.00e+00	0.00e+00	0.00e+00
 4.22409e+22	8.26e-18	1.59e-06	1.78e-04	1.87e-03	4.77e-03	2.01e-02	2.26e-01	5.39e-01	1.84e-01	2.11e-02	2.13e-03	2.00e-04	6.20e-06	2.98e-07	0.00e+00	0.00e+00	0.00e+00
 4.24764e+22	1.08e-17	1.94e-06	2.13e-04	2.18e-03	5.38e-03	2.24e-02	2.38e-01	5.37e-01	1.74e-01	1.92e-02	1.87e-03	1.70e-04	5.12e-06	2.40e-07	0.00e+00	0.00e+00	0.00e+00
 4.27194e+22	1.37e-17	2.30e-06	2.48e-04	2.48e-03	5.95e-03	2.45e-02	2.48e-01	5.34e-01	1.66e-01	1.77e-02	1.67e-03	1.48e-04	4.33e-06	1.99e-07	0.00e+00	0.00e+00	0.00e+00
 4.29378e+22	1.72e-17	2.72e-06	2.88e-04	2.81e-03	6.56e-03	2.67e-02	2.58e-01	5.30e-01	1.58e-01	1.63e-02	1.49e-03	1.29e-04	3.68e-06	1.66e-07	0.00e+00	0.00e+00	0.00e+00
 4.31871e+22	2.34e-17	3.37e-06	3.47e-04	3.30e-03	7.41e-03	2.97e-02	2.70e-01	5.25e-01	1.48e-01	1.47e-02	1.29e-03	1.08e-04	3.00e-06	1.32e-07	0.00e+00	0.00e+00	0.00e+00
 4.34444e+22	3.05e-17	4.06e-06	4.09e-04	3.78e-03	8.23e-03	3.25e-02	2.82e-01	5.19e-01	1.40e-01	1.33e-02	1.14e-03	9.27e-05	2.50e-06	0.00e+00	0.00e+00	0.00e+00	0.00e+00
 4.36735e+22	3.88e-17	4.84e-06	4.78e-04	4.30e-03	9.08e-03	3.54e-02	2.92e-01	5.13e-01	1.32e-01	1.22e-02	1.01e-03	7.99e-05	2.10e-06	0.00e+00	0.00e+00	0.00e+00	0.00e+00
 4.39331e+22	5.37e-17	6.07e-06	5.81e-04	5.06e-03	1.03e-02	3.93e-02	3.05e-01	5.05e-01	1.23e-01	1.09e-02	8.69e-04	6.65e-05	1.70e-06	0.00e+00	0.00e+00	0.00e+00	0.00e+00
 4.42040e+22	7.22e-17	7.41e-06	6.91e-04	5.84e-03	1.14e-02	4.31e-02	3.17e-01	4.97e-01	1.15e-01	9.83e-03	7.56e-04	5.62e-05	1.39e-06	0.00e+00	0.00e+00	0.00e+00	0.00e+00
 4.44487e+22	9.47e-17	8.96e-06	8.13e-04	6.68e-03	1.27e-02	4.70e-02	3.27e-01	4.88e-01	1.08e-01	8.91e-03	6.63e-04	4.80e-05	1.16e-06	0.00e+00	0.00e+00	0.00e+00	0.00e+00
 4.47258e+22	1.35e-16	1.14e-05	1.00e-03	7.92e-03	1.44e-02	5.23e-02	3.41e-01	4.76e-01	9.94e-02	7.85e-03	5.61e-04	3.92e-05	9.13e-07	0.00e+00	0.00e+00	0.00e+00	0.00e+00
 4.50104e+22	1.86e-16	1.41e-05	1.20e-03	9.15e-03	1.60e-02	5.72e-02	3.52e-01	4.65e-01	9.22e-02	7.01e-03	4.84e-04	3.28e-05	7.42e-07	0.00e+00	0.00e+00	0.00e+00	0.00e+00
 4.52633e+22	2.48e-16	1.71e-05	1.41e-03	1.05e-02	1.77e-02	6.21e-02	3.62e-01	4.53e-01	8.57e-02	6.29e-03	4.21e-04	2.76e-05	6.09e-07	0.00e+00	0.00e+00	0.00e+00	0.00e+00
 4.55505e+22	3.63e-16	2.20e-05	1.75e-03	1.24e-02	2.01e-02	6.88e-02	3.75e-01	4.38e-01	7.80e-02	5.48e-03	3.52e-04	2.23e-05	4.74e-07	0.00e+00	0.00e+00	0.00e+00	0.00e+00
 4.58470e+22	5.19e-16	2.73e-05	2.10e-03	1.44e-02	2.23e-02	7.51e-02	3.85e-01	4.24e-01	7.16e-02	4.84e-03	2.99e-04	1.84e-05	3.79e-07	0.00e+00	0.00e+00	0.00e+00	0.00e+00
 4.61092e+22	7.08e-16	3.35e-05	2.49e-03	1.65e-02	2.46e-02	8.13e-02	3.94e-01	4.11e-01	6.60e-02	4.31e-03	2.58e-04	1.53e-05	3.08e-07	0.00e+00	0.00e+00	0.00e+00	0.00e+00
 4.64037e+22	1.07e-15	4.32e-05	3.08e-03	1.96e-02	2.79e-02	8.95e-02	4.04e-01	3.93e-01	5.94e-02	3.70e-03	2.13e-04	1.22e-05	2.37e-07	0.00e+00	0.00e+00	0.00e+00	0.00e+00
 4.67046e+22	1.58e-15	5.36e-05	3.68e-03	2.25e-02	3.08e-02	9.69e-02	4.12e-01	3.77e-01	5.40e-02	3.25e-03	1.80e-04	9.99e-06	1.88e-07	0.00e+00	0.00e+00	0.00e+00	0.00e+00
 4.69717e+22	2.21e-15	6.58e-05	4.37e-03	2.58e-02	3.39e-02	1.04e-01	4.18e-01	3.61e-01	4.92e-02	2.86e-03	1.53e-04	8.23e-06	1.51e-07	0.00e+00	0.00e+00	0.00e+00	0.00e+00
 4.72770e+22	3.47e-15	8.55e-05	5.42e-03	3.05e-02	3.82e-02	1.14e-01	4.25e-01	3.41e-01	4.36e-02	2.42e-03	1.24e-04	6.43e-06	0.00e+00	0.00e+00	0.00e+00	0.00e+00	0.00e+00
 4.75886e+22	5.54e-15	1.06e-04	6.49e-03	3.51e-02	4.21e-02	1.23e-01	4.29e-01	3.23e-01	3.91e-02	2.09e-03	1.03e-04	5.17e-06	0.00e+00	0.00e+00	0.00e+00	0.00e+00	0.00e+00
 4.78653e+22	7.79e-15	1.31e-04	7.71e-03	4.00e-02	4.61e-02	1.31e-01	4.32e-01	3.06e-01	3.52e-02	1.81e-03	8.64e-05	4.20e-06	0.00e+00	0.00e+00	0.00e+00	0.00e+00	0.00e+00
 4.81820e+22	1.33e-14	1.71e-04	9.55e-03	4.71e-02	5.15e-02	1.42e-01	4.33e-01	2.84e-01	3.06e-02	1.51e-03	6.88e-05	3.22e-06	0.00e+00	0.00e+00	0.00e+00	0.00e+00	0.00e+00
 4.85062e+22	2.43e-14	2.13e-04	1.14e-02	5.39e-02	5.65e-02	1.51e-01	4.33e-01	2.65e-01	2.70e-02	1.28e-03	5.62e-05	2.54e-06	0.00e+00	0.00e+00	0.00e+00	0.00e+00	0.00e+00
 4.87837e+22	3.64e-14	2.59e-04	1.34e-02	6.07e-02	6.11e-02	1.60e-01	4.31e-01	2.49e-01	2.41e-02	1.10e-03	4.69e-05	2.05e-06	0.00e+00	0.00e+00	0.00e+00	0.00e+00	0.00e+00
 4.90880e+22	6.39e-14	3.31e-04	1.63e-02	7.02e-02	6.72e-02	1.70e-01	4.26e-01	2.28e-01	2.07e-02	9.12e-04	3.71e-05	1.57e-06	0.00e+00	0.00e+00	0.00e+00	0.00e+00	0.00e+00
 4.94001e+22	1.13e-13	4.05e-04	1.91e-02	7.91e-02	7.26e-02	1.78e-01	4.20e-01	2.11e-01	1.82e-02	7.71e-04	3.03e-05	1.24e-06	0.00e+00	0.00e+00	0.00e+00	0.00e+00	0.00e+00
 4.96782e+22	2.07e-13	4.92e-04	2.23e-02	8.84e-02	7.79e-02	1.86e-01	4.13e-01	1.95e-01	1.59e-02	6.54e-04	2.48e-05	9.81e-07	0.00e+00	0.00e+00	0.00e+00	0.00e+00	0.00e+00
 4.99955e+22	4.46e-13	6.27e-04	2.70e-02	1.01e-01	8.48e-02	1.96e-01	4.02e-01	1.75e-01	1.34e-02	5.28e-04	1.91e-05	7.28e-07	0.00e+00	0.00e+00	0.00e+00	0.00e+00	0.00e+00
 5.03181e+22	1.14e-12	7.64e-04	3.15e-02	1.13e-01	9.05e-02	2.03e-01	3.91e-01	1.59e-01	1.15e-02	4.38e-04	1.53e-05	5.64e-07	0.00e+00	0.00e+00	0.00e+00	0.00e+00	0.00e+00
 5.05920e+22	2.28e-12	9.12e-04	3.61e-02	1.24e-01	9.57e-02	2.08e-01	3.79e-01	1.45e-01	1.00e-02	3.69e-04	1.25e-05	4.45e-07	0.00e+00	0.00e+00	0.00e+00	0.00e+00	0.00e+00
 5.08927e+22	6.72e-12	1.13e-03	4.25e-02	1.39e-01	1.02e-01	2.14e-01	3.63e-01	1.29e-01	8.38e-03	2.97e-04	9.62e-06	3.31e-07	0.00e+00	0.00e+00	0.00e+00	0.00e+00	0.00e+00
 5.12014e+22	2.21e-11	1.35e-03	4.87e-02	1.52e-01	1.07e-01	2.18e-01	3.48e-01	1.16e-01	7.15e-03	2.45e-04	7.68e-06	2.56e-07	0.00e+00	0.00e+00	0.00e+00	0.00e+00	0.00e+00
 5.14775e+22	6.30e-11	1.60e-03	5.54e-02	1.66e-01	1.12e-01	2.21e-01	3.33e-01	1.04e-01	6.10e-03	2.03e-04	6.13e-06	1.98e-07	0.00e+00	0.00e+00	0.00e+00	0.00e+00	0.00e+00
 5.17258e+22	1.95e-10	1.83e-03	6.15e-02	1.77e-01	1.16e-01	2.23e-01	3.20e-01	9.49e-02	5.32e-03	1.73e-04	5.06e-06	1.60e-07	0.00e+00	0.00e+00	0.00e+00	0.00e+00	0.00e+00
 5.19474e+22	9.52e-10	2.08e-03	6.75e-02	1.88e-01	1.19e-01	2.24e-01	3.07e-01	8.67e-02	4.67e-03	1.48e-04	4.22e-06	1.30e-07	0.00e+00	0.00e+00	0.00e+00	0.00e+00	0.00e+00
 5.22019e+22	3.78e-09	2.44e-03	7.59e-02	2.02e-01	1.24e-01	2.25e-01	2.90e-01	7.69e-02	3.95e-03	1.21e-04	3.34e-06	0.00e+00	0.00e+00	0.00e+00	0.00e+00	0.00e+00	0.00e+00
 5.24650e+22	5.44e-08	2.80e-03	8.40e-02	2.15e-01	1.27e-01	2.24e-01	2.75e-01	6.88e-02	3.37e-03	1.01e-04	2.69e-06	0.00e+00	0.00e+00	0.00e+00	0.00e+00	0.00e+00	0.00e+00
 5.26971e+22	2.56e-07	3.17e-03	9.19e-02	2.27e-01	1.29e-01	2.23e-01	2.61e-01	6.20e-02	2.91e-03	8.51e-05	2.20e-06	0.00e+00	0.00e+00	0.00e+00	0.00e+00	0.00e+00	0.00e+00
 5.29567e+22	6.39e-07	3.70e-03	1.03e-01	2.42e-01	1.32e-01	2.20e-01	2.43e-01	5.39e-02	2.40e-03	6.82e-05	1.70e-06	0.00e+00	0.00e+00	0.00e+00	0.00e+00	0.00e+00	0.00e+00
 5.32215e+22	9.41e-07	4.19e-03	1.12e-01	2.54e-01	1.34e-01	2.17e-01	2.28e-01	4.79e-02	2.05e-03	5.66e-05	1.37e-06	0.00e+00	0.00e+00	0.00e+00	0.00e+00	0.00e+00	0.00e+00
 5.34929e+22	1.24e-06	4.88e-03	1.25e-01	2.69e-01	1.36e-01	2.13e-01	2.10e-01	4.10e-02	1.66e-03	4.45e-05	1.03e-06	0.00e+00	0.00e+00	0.00e+00	0.00e+00	0.00e+00	0.00e+00
 5.37664e+22	1.54e-06	5.49e-03	1.35e-01	2.80e-01	1.38e-01	2.08e-01	1.96e-01	3.62e-02	1.40e-03	3.67e-05	8.26e-07	0.00e+00	0.00e+00	0.00e+00	0.00e+00	0.00e+00	0.00e+00
 5.40424e+22	1.99e-06	6.35e-03	1.50e-01	2.94e-01	1.38e-01	2.02e-01	1.78e-01	3.06e-02	1.12e-03	2.85e-05	6.16e-07	0.00e+00	0.00e+00	0.00e+00	0.00e+00	0.00e+00	0.00e+00
 5.43222e+22	2.43e-06	7.13e-03	1.61e-01	3.04e-01	1.39e-01	1.96e-01	1.65e-01	2.68e-02	9.38e-04	2.32e-05	4.86e-07	0.00e+00	0.00e+00	0.00e+00	0.00e+00	0.00e+00	0.00e+00
 5.46066e+22	3.08e-06	8.21e-03	1.77e-01	3.17e-01	1.38e-01	1.88e-01	1.48e-01	2.24e-02	7.42e-04	1.78e-05	3.58e-07	0.00e+00	0.00e+00	0.00e+00	0.00e+00	0.00e+00	0.00e+00
