#depth	H	H+	H2
 4.62852e+21	2.27e-08	1.00e+00	3.06e-35
 1.02075e+22	4.77e-08	1.00e+00	7.37e-34
 1.15206e+22	6.11e-08	1.00e+00	2.12e-33
 1.20646e+22	6.82e-08	1.00e+00	1.23e-33
 1.23008e+22	7.04e-08	1.00e+00	1.43e-33
 1.24269e+22	7.33e-08	1.00e+00	1.71e-33
 1.25639e+22	7.61e-08	1.00e+00	2.05e-33
 1.27123e+22	7.97e-08	1.00e+00	2.48e-33
 1.28610e+22	8.24e-08	1.00e+00	2.92e-33
 1.30129e+22	8.62e-08	1.00e+00	3.59e-33
 1.31688e+22	8.93e-08	1.00e+00	3.84e-33
 1.33297e+22	9.34e-08	1.00e+00	4.73e-33
 1.34911e+22	9.66e-08	1.00e+00	5.57e-33
 1.36531e+22	1.01e-07	1.00e+00	6.85e-33
 1.38142e+22	1.04e-07	1.00e+00	7.93e-33
 1.39742e+22	1.09e-07	1.00e+00	9.71e-33
 1.41362e+22	1.12e-07	1.00e+00	1.04e-32
 1.43008e+22	1.17e-07	1.00e+00	1.27e-32
 1.44675e+22	1.21e-07	1.00e+00	1.47e-32
 1.46369e+22	1.26e-07	1.00e+00	1.81e-32
 1.48093e+22	1.31e-07	1.00e+00	2.11e-32
 1.49855e+22	1.37e-07	1.00e+00	2.60e-32
 1.51640e+22	1.41e-07	1.00e+00	3.05e-32
 1.53191e+22	1.46e-07	1.00e+00	3.58e-32
 1.54657e+22	1.51e-07	1.00e+00	4.12e-32
 1.56275e+22	1.57e-07	1.00e+00	4.99e-32
 1.57887e+22	1.63e-07	1.00e+00	5.74e-32
 1.59192e+22	1.67e-07	1.00e+00	6.51e-32
 1.60589e+22	1.73e-07	1.00e+00	7.70e-32
 1.61974e+22	1.78e-07	1.00e+00	8.39e-32
 1.63096e+22	1.83e-07	1.00e+00	9.36e-32
 1.64308e+22	1.89e-07	1.00e+00	1.09e-31
 1.65453e+22	1.93e-07	1.00e+00	1.20e-31
 1.66513e+22	2.00e-07	1.00e+00	1.37e-31
 1.67580e+22	2.04e-07	1.00e+00	1.51e-31
 1.68656e+22	2.11e-07	1.00e+00	1.74e-31
 1.69686e+22	2.16e-07	1.00e+00	1.91e-31
 1.70658e+22	2.22e-07	1.00e+00	2.16e-31
 1.71658e+22	2.28e-07	1.00e+00	2.40e-31
 1.72695e+22	2.36e-07	1.00e+00	2.76e-31
 1.73715e+22	2.41e-07	1.00e+00	3.05e-31
 1.74568e+22	2.47e-07	1.00e+00	3.37e-31
 1.75391e+22	2.53e-07	1.00e+00	3.71e-31
 1.76321e+22	2.62e-07	1.00e+00	4.25e-31
 1.77222e+22	2.68e-07	1.00e+00	4.66e-31
 1.78088e+22	2.78e-07	1.00e+00	5.30e-31
 1.78960e+22	2.84e-07	1.00e+00	5.83e-31
 1.79840e+22	2.95e-07	1.00e+00	6.69e-31
 1.80720e+22	3.02e-07	1.00e+00	7.38e-31
 1.81599e+22	3.14e-07	1.00e+00	8.49e-31
 1.82493e+22	3.23e-07	1.00e+00	9.48e-31
 1.83276e+22	3.33e-07	1.00e+00	1.06e-30
 1.84160e+22	3.47e-07	1.00e+00	1.23e-30
 1.85040e+22	3.58e-07	1.00e+00	1.38e-30
 1.85915e+22	3.74e-07	1.00e+00	1.61e-30
 1.86759e+22	3.86e-07	1.00e+00	1.79e-30
 1.87565e+22	4.03e-07	1.00e+00	2.08e-30
 1.88374e+22	4.16e-07	1.00e+00	2.33e-30
 1.89189e+22	4.35e-07	1.00e+00	2.71e-30
 1.90016e+22	4.50e-07	1.00e+00	3.04e-30
 1.90859e+22	4.71e-07	1.00e+00	3.55e-30
 1.91720e+22	4.89e-07	1.00e+00	4.02e-30
 1.92483e+22	5.08e-07	1.00e+00	4.54e-30
 1.93321e+22	5.32e-07	1.00e+00	5.28e-30
 1.94170e+22	5.53e-07	1.00e+00	6.00e-30
 1.95014e+22	5.79e-07	1.00e+00	6.95e-30
 1.95871e+22	6.02e-07	1.00e+00	7.91e-30
 1.96734e+22	6.31e-07	1.00e+00	9.17e-30
 1.97611e+22	6.58e-07	1.00e+00	1.05e-29
 1.98493e+22	6.89e-07	1.00e+00	1.21e-29
 1.99374e+22	7.17e-07	1.00e+00	1.37e-29
 2.00283e+22	7.52e-07	1.00e+00	1.59e-29
 2.01203e+22	7.82e-07	1.00e+00	1.80e-29
 2.02151e+22	8.21e-07	1.00e+00	2.10e-29
 2.03123e+22	8.55e-07	1.00e+00	2.38e-29
 2.04115e+22	8.97e-07	1.00e+00	2.76e-29
 2.05139e+22	9.35e-07	1.00e+00	3.14e-29
 2.06199e+22	9.81e-07	1.00e+00	3.64e-29
 2.07291e+22	1.02e-06	1.00e+00	4.15e-29
 2.08426e+22	1.07e-06	1.00e+00	4.82e-29
 2.09595e+22	1.12e-06	1.00e+00	5.48e-29
 2.10833e+22	1.18e-06	1.00e+00	6.43e-29
 2.12077e+22	1.22e-06	1.00e+00	7.27e-29
 2.13343e+22	1.29e-06	1.00e+00	8.51e-29
 2.14638e+22	1.34e-06	1.00e+00	9.63e-29
 2.15758e+22	1.39e-06	1.00e+00	1.08e-28
 2.17002e+22	1.45e-06	1.00e+00	1.25e-28
 2.18258e+22	1.50e-06	1.00e+00	1.40e-28
 2.19531e+22	1.58e-06	1.00e+00	1.61e-28
 2.20823e+22	1.63e-06	1.00e+00	1.80e-28
 2.21963e+22	1.69e-06	1.00e+00	2.01e-28
 2.23269e+22	1.76e-06	1.00e+00	2.31e-28
 2.24570e+22	1.82e-06	1.00e+00	2.56e-28
 2.25863e+22	1.90e-06	1.00e+00	2.93e-28
 2.27174e+22	1.96e-06	1.00e+00	3.24e-28
 2.28506e+22	2.04e-06	1.00e+00	3.72e-28
 2.29862e+22	2.11e-06	1.00e+00	4.11e-28
 2.31250e+22	2.20e-06	1.00e+00	4.98e-28
 2.32663e+22	2.27e-06	1.00e+00	5.51e-28
 2.33900e+22	2.34e-06	1.00e+00	6.08e-28
 2.35298e+22	2.44e-06	1.00e+00	6.93e-28
 2.36694e+22	2.50e-06	1.00e+00	7.58e-28
 2.38085e+22	2.61e-06	1.00e+00	8.63e-28
 2.39496e+22	2.67e-06	1.00e+00	9.45e-28
 2.40933e+22	2.78e-06	1.00e+00	1.07e-27
 2.42418e+22	2.85e-06	1.00e+00	1.18e-27
 2.43968e+22	2.97e-06	1.00e+00	1.35e-27
 2.45542e+22	3.05e-06	1.00e+00	1.49e-27
 2.47150e+22	3.17e-06	1.00e+00	1.70e-27
 2.48813e+22	3.26e-06	1.00e+00	1.89e-27
 2.50548e+22	3.40e-06	1.00e+00	2.18e-27
 2.52341e+22	3.50e-06	1.00e+00	2.43e-27
 2.54208e+22	3.65e-06	1.00e+00	2.83e-27
 2.56080e+22	3.76e-06	1.00e+00	3.16e-27
 2.57959e+22	3.91e-06	1.00e+00	3.66e-27
 2.59912e+22	4.03e-06	1.00e+00	4.12e-27
 2.61962e+22	4.23e-06	1.00e+00	4.86e-27
 2.64011e+22	4.36e-06	1.00e+00	5.46e-27
 2.66061e+22	4.59e-06	1.00e+00	6.45e-27
 2.68141e+22	4.75e-06	1.00e+00	7.29e-27
 2.69894e+22	4.91e-06	1.00e+00	8.15e-27
 2.71808e+22	5.17e-06	1.00e+00	9.55e-27
 2.73706e+22	5.35e-06	1.00e+00	1.07e-26
 2.75582e+22	5.64e-06	1.00e+00	1.24e-26
 2.77480e+22	5.86e-06	1.00e+00	1.42e-26
 2.79408e+22	6.22e-06	1.00e+00	1.66e-26
 2.81345e+22	6.49e-06	1.00e+00	1.87e-26
 2.83296e+22	6.91e-06	1.00e+00	2.19e-26
 2.85274e+22	7.27e-06	1.00e+00	2.48e-26
 2.87285e+22	7.81e-06	1.00e+00	2.92e-26
 2.89319e+22	8.26e-06	1.00e+00	3.32e-26
 2.91346e+22	8.92e-06	1.00e+00	3.91e-26
 2.93270e+22	9.41e-06	1.00e+00	4.37e-26
 2.95095e+22	1.02e-05	1.00e+00	5.06e-26
 2.96956e+22	1.08e-05	1.00e+00	5.69e-26
 2.98756e+22	1.17e-05	1.00e+00	6.48e-26
 3.00600e+22	1.25e-05	1.00e+00	7.28e-26
 3.02377e+22	1.35e-05	1.00e+00	8.25e-26
 3.04124e+22	1.44e-05	1.00e+00	9.17e-26
 3.05870e+22	1.56e-05	1.00e+00	1.03e-25
 3.07620e+22	1.67e-05	1.00e+00	1.15e-25
 3.09325e+22	1.80e-05	1.00e+00	1.29e-25
 3.11029e+22	1.93e-05	1.00e+00	1.44e-25
 3.12733e+22	2.08e-05	1.00e+00	1.61e-25
 3.14439e+22	2.23e-05	1.00e+00	1.81e-25
 3.16154e+22	2.40e-05	1.00e+00	2.04e-25
 3.17896e+22	2.58e-05	1.00e+00	2.31e-25
 3.19682e+22	2.78e-05	1.00e+00	2.64e-25
 3.21473e+22	2.98e-05	1.00e+00	3.01e-25
 3.23286e+22	3.20e-05	1.00e+00	3.12e-25
 3.25120e+22	3.43e-05	1.00e+00	3.61e-25
 3.27002e+22	3.69e-05	1.00e+00	4.26e-25
 3.28908e+22	3.95e-05	1.00e+00	5.01e-25
 3.30637e+22	4.18e-05	1.00e+00	5.78e-25
 3.32485e+22	4.49e-05	1.00e+00	7.01e-25
 3.34364e+22	4.76e-05	1.00e+00	8.20e-25
 3.36282e+22	5.11e-05	1.00e+00	1.01e-24
 3.38245e+22	5.41e-05	1.00e+00	1.20e-24
 3.40266e+22	5.82e-05	1.00e+00	1.50e-24
 3.42299e+22	6.13e-05	1.00e+00	1.79e-24
 3.44348e+22	6.59e-05	1.00e+00	2.26e-24
 3.46413e+22	6.94e-05	1.00e+00	2.70e-24
 3.48497e+22	7.43e-05	1.00e+00	3.43e-24
 3.50611e+22	7.82e-05	1.00e+00	4.12e-24
 3.52761e+22	8.38e-05	1.00e+00	5.26e-24
 3.54947e+22	8.82e-05	1.00e+00	6.37e-24
 3.57177e+22	9.43e-05	1.00e+00	8.19e-24
 3.59453e+22	9.93e-05	1.00e+00	9.98e-24
 3.61788e+22	1.06e-04	1.00e+00	1.30e-23
 3.64177e+22	1.12e-04	1.00e+00	1.59e-23
 3.66192e+22	1.17e-04	1.00e+00	1.91e-23
 3.68367e+22	1.25e-04	1.00e+00	2.43e-23
 3.70554e+22	1.30e-04	1.00e+00	2.91e-23
 3.72756e+22	1.39e-04	1.00e+00	3.69e-23
 3.74929e+22	1.44e-04	1.00e+00	4.37e-23
 3.77063e+22	1.53e-04	1.00e+00	5.52e-23
 3.79209e+22	1.59e-04	1.00e+00	6.53e-23
 3.81371e+22	1.68e-04	1.00e+00	8.23e-23
 3.83567e+22	1.75e-04	1.00e+00	9.78e-23
 3.85807e+22	1.86e-04	1.00e+00	1.24e-22
 3.88081e+22	1.93e-04	1.00e+00	1.48e-22
 3.90397e+22	2.05e-04	1.00e+00	1.89e-22
 3.92755e+22	2.14e-04	1.00e+00	2.26e-22
 3.95169e+22	2.27e-04	1.00e+00	2.90e-22
 3.97634e+22	2.37e-04	1.00e+00	3.51e-22
 4.00167e+22	2.51e-04	1.00e+00	4.55e-22
 4.02737e+22	2.63e-04	1.00e+00	5.53e-22
 4.05354e+22	2.79e-04	1.00e+00	7.20e-22
 4.07999e+22	2.92e-04	1.00e+00	8.78e-22
 4.10253e+22	3.04e-04	1.00e+00	1.06e-21
 4.12760e+22	3.22e-04	1.00e+00	1.36e-21
 4.15291e+22	3.36e-04	1.00e+00	1.65e-21
 4.17854e+22	3.55e-04	1.00e+00	2.04e-21
 4.20344e+22	3.69e-04	1.00e+00	2.44e-21
 4.22409e+22	3.84e-04	1.00e+00	2.92e-21
 4.24764e+22	4.03e-04	1.00e+00	3.64e-21
 4.27194e+22	4.21e-04	1.00e+00	4.42e-21
 4.29378e+22	4.38e-04	1.00e+00	5.31e-21
 4.31871e+22	4.61e-04	1.00e+00	6.73e-21
 4.34444e+22	4.82e-04	1.00e+00	8.30e-21
 4.36735e+22	5.03e-04	9.99e-01	1.00e-20
 4.39331e+22	5.29e-04	9.99e-01	1.29e-20
 4.42040e+22	5.54e-04	9.99e-01	1.61e-20
 4.44487e+22	5.79e-04	9.99e-01	1.98e-20
 4.47258e+22	6.11e-04	9.99e-01	2.59e-20
 4.50104e+22	6.41e-04	9.99e-01	3.29e-20
 4.52633e+22	6.70e-04	9.99e-01	4.10e-20
 4.55505e+22	7.09e-04	9.99e-01	5.43e-20
 4.58470e+22	7.44e-04	9.99e-01	7.07e-20
 4.61092e+22	7.79e-04	9.99e-01	8.92e-20
 4.64037e+22	8.24e-04	9.99e-01	1.21e-19
 4.67046e+22	8.65e-04	9.99e-01	1.61e-19
 4.69717e+22	9.06e-04	9.99e-01	2.07e-19
 4.72770e+22	9.60e-04	9.99e-01	2.88e-19
 4.75886e+22	1.01e-03	9.99e-01	4.07e-19
 4.78653e+22	1.06e-03	9.99e-01	5.23e-19
 4.81820e+22	1.12e-03	9.99e-01	7.72e-19
 4.85062e+22	1.18e-03	9.99e-01	1.19e-18
 4.87837e+22	1.24e-03	9.99e-01	1.60e-18
 4.90880e+22	1.31e-03	9.99e-01	2.39e-18
 4.94001e+22	1.37e-03	9.99e-01	3.61e-18
 4.96782e+22	1.44e-03	9.99e-01	5.56e-18
 4.99955e+22	1.52e-03	9.98e-01	9.60e-18
 5.03181e+22	1.60e-03	9.98e-01	1.90e-17
 5.05920e+22	1.67e-03	9.98e-01	3.13e-17
 5.08927e+22	1.76e-03	9.98e-01	6.85e-17
 5.12014e+22	1.85e-03	9.98e-01	1.61e-16
 5.14775e+22	1.93e-03	9.98e-01	3.32e-16
 5.17258e+22	2.00e-03	9.98e-01	7.36e-16
 5.19474e+22	2.07e-03	9.98e-01	2.42e-15
 5.22019e+22	2.16e-03	9.98e-01	7.00e-15
 5.24650e+22	2.25e-03	9.98e-01	5.34e-14
 5.26971e+22	2.33e-03	9.98e-01	1.41e-13
 5.29567e+22	2.44e-03	9.98e-01	2.42e-13
 5.32215e+22	2.53e-03	9.97e-01	3.22e-13
 5.34929e+22	2.66e-03	9.97e-01	4.01e-13
 5.37664e+22	2.76e-03	9.97e-01	4.83e-13
 5.40424e+22	2.89e-03	9.97e-01	5.97e-13
 5.43222e+22	3.00e-03	9.97e-01	7.09e-13
 5.46066e+22	3.15e-03	9.97e-01	8.73e-13
 5.48954e+22	3.27e-03	9.97e-01	1.03e-12
 5.51897e+22	3.44e-03	9.97e-01	1.26e-12
 5.54885e+22	3.58e-03	9.96e-01	1.48e-12
 5.57930e+22	3.76e-03	9.96e-01	1.81e-12
 5.61025e+22	3.92e-03	9.96e-01	2.12e-12
 5.64185e+22	4.13e-03	9.96e-01	2.59e-12
 5.67416e+22	4.31e-03	9.96e-01	3.05e-12
 5.69969e+22	4.45e-03	9.96e-01	3.44e-12
 5.72522e+22	4.63e-03	9.95e-01	3.99e-12
 5.75111e+22	4.78e-03	9.95e-01	4.49e-12
 5.77745e+22	4.98e-03	9.95e-01	5.17e-12
 5.80432e+22	5.15e-03	9.95e-01	5.83e-12
 5.83186e+22	5.39e-03	9.95e-01	6.80e-12
 5.85938e+22	5.57e-03	9.94e-01	7.63e-12
 5.88688e+22	5.81e-03	9.94e-01	8.79e-12
 5.91508e+22	6.02e-03	9.94e-01	9.89e-12
 5.94421e+22	6.30e-03	9.94e-01	1.15e-11
 5.97353e+22	6.51e-03	9.93e-01	1.28e-11
 6.00311e+22	6.82e-03	9.93e-01	1.48e-11
 6.03328e+22	7.06e-03	9.93e-01	1.65e-11
 6.05659e+22	7.23e-03	9.93e-01	1.78e-11
 6.07611e+22	7.41e-03	9.93e-01	1.92e-11
 6.09832e+22	7.66e-03	9.92e-01	2.12e-11
 6.12718e+22	8.01e-03	9.92e-01	2.42e-11
 6.15337e+22	8.20e-03	9.92e-01	2.61e-11
 6.17257e+22	8.37e-03	9.92e-01	2.78e-11
 6.18879e+22	8.51e-03	9.91e-01	2.93e-11
 6.20462e+22	8.72e-03	9.91e-01	3.15e-11
 6.22520e+22	9.00e-03	9.91e-01	3.44e-11
 6.24799e+22	9.25e-03	9.91e-01	3.74e-11
 6.27368e+22	9.62e-03	9.90e-01	4.18e-11
 6.30145e+22	9.95e-03	9.90e-01	4.63e-11
 6.32712e+22	1.03e-02	9.90e-01	5.08e-11
 6.35567e+22	1.08e-02	9.89e-01	5.76e-11
 6.38694e+22	1.12e-02	9.89e-01	6.45e-11
 6.42177e+22	1.18e-02	9.88e-01	7.49e-11
 6.45837e+22	1.23e-02	9.88e-01	8.54e-11
 6.49728e+22	1.32e-02	9.87e-01	1.02e-10
 6.53577e+22	1.38e-02	9.86e-01	1.16e-10
 6.57372e+22	1.47e-02	9.85e-01	1.39e-10
 6.61222e+22	1.55e-02	9.84e-01	1.61e-10
 6.65145e+22	1.68e-02	9.83e-01	1.96e-10
 6.69085e+22	1.78e-02	9.82e-01	2.30e-10
 6.72108e+22	1.87e-02	9.81e-01	2.62e-10
 6.75100e+22	2.00e-02	9.80e-01	3.12e-10
 6.78084e+22	2.12e-02	9.79e-01	3.62e-10
 6.80624e+22	2.24e-02	9.78e-01	4.18e-10
 6.83497e+22	2.43e-02	9.76e-01	5.10e-10
 6.86429e+22	2.61e-02	9.74e-01	6.11e-10
 6.88996e+22	2.82e-02	9.72e-01	7.34e-10
 6.91886e+22	3.11e-02	9.69e-01	9.35e-10
 6.94891e+22	3.44e-02	9.66e-01	1.19e-09
 6.97564e+22	3.81e-02	9.62e-01	1.51e-09
 7.00559e+22	4.34e-02	9.57e-01	2.06e-09
 7.03726e+22	5.01e-02	9.50e-01	2.87e-09
 7.06463e+22	5.74e-02	9.43e-01	3.94e-09
 7.08872e+22	6.53e-02	9.35e-01	5.29e-09
 7.10432e+22	7.08e-02	9.29e-01	6.34e-09
 7.11079e+22	7.36e-02	9.26e-01	6.98e-09
 7.11555e+22	7.54e-02	9.25e-01	7.31e-09
 7.12110e+22	7.81e-02	9.22e-01	7.95e-09
 7.12776e+22	8.16e-02	9.18e-01	8.79e-09
 7.13469e+22	8.53e-02	9.15e-01	9.73e-09
 7.14132e+22	8.91e-02	9.11e-01	1.07e-08
 7.14776e+22	9.32e-02	9.07e-01	1.19e-08
 7.15398e+22	9.70e-02	9.03e-01	1.30e-08
 7.16023e+22	1.01e-01	8.99e-01	1.44e-08
 7.16656e+22	1.06e-01	8.94e-01	1.59e-08
 7.17262e+22	1.11e-01	8.89e-01	1.76e-08
 7.17852e+22	1.15e-01	8.85e-01	1.92e-08
 7.18456e+22	1.21e-01	8.79e-01	2.14e-08
 7.19054e+22	1.26e-01	8.74e-01	2.37e-08
 7.19618e+22	1.32e-01	8.68e-01	2.61e-08
 7.20170e+22	1.37e-01	8.63e-01	2.85e-08
 7.20749e+22	1.43e-01	8.57e-01	3.17e-08
 7.21335e+22	1.50e-01	8.50e-01	3.52e-08
 7.21879e+22	1.56e-01	8.44e-01	3.88e-08
 7.22407e+22	1.62e-01	8.38e-01	4.23e-08
 7.22966e+22	1.70e-01	8.30e-01	4.71e-08
 7.23531e+22	1.78e-01	8.22e-01	5.24e-08
 7.24052e+22	1.85e-01	8.15e-01	5.76e-08
 7.24560e+22	1.92e-01	8.08e-01	6.27e-08
 7.25116e+22	2.01e-01	7.99e-01	7.00e-08
 7.25680e+22	2.10e-01	7.90e-01	7.80e-08
 7.26188e+22	2.19e-01	7.81e-01	8.57e-08
 7.26685e+22	2.27e-01	7.73e-01	9.29e-08
 7.27240e+22	2.37e-01	7.63e-01	1.03e-07
 7.27815e+22	2.48e-01	7.52e-01	1.16e-07
 7.28336e+22	2.58e-01	7.42e-01	1.28e-07
 7.28824e+22	2.67e-01	7.33e-01	1.38e-07
 7.29357e+22	2.78e-01	7.22e-01	1.53e-07
 7.29931e+22	2.90e-01	7.10e-01	1.71e-07
 7.30463e+22	3.02e-01	6.98e-01	1.90e-07
 7.30957e+22	3.12e-01	6.88e-01	2.05e-07
 7.31503e+22	3.24e-01	6.76e-01	2.27e-07
 7.32097e+22	3.38e-01	6.62e-01	2.52e-07
 7.32659e+22	3.51e-01	6.49e-01	2.79e-07
 7.33191e+22	3.63e-01	6.37e-01	3.03e-07
 7.33751e+22	3.76e-01	6.24e-01	3.35e-07
 7.34344e+22	3.90e-01	6.10e-01	3.70e-07
 7.34927e+22	4.04e-01	5.96e-01	4.07e-07
 7.35505e+22	4.18e-01	5.82e-01	4.49e-07
 7.36082e+22	4.31e-01	5.69e-01	4.90e-07
 7.36690e+22	4.46e-01	5.54e-01	5.40e-07
 7.37325e+22	4.61e-01	5.39e-01	5.97e-07
 7.37947e+22	4.75e-01	5.25e-01	6.54e-07
 7.38577e+22	4.89e-01	5.11e-01	7.13e-07
 7.39254e+22	5.04e-01	4.96e-01	7.86e-07
 7.39954e+22	5.20e-01	4.80e-01	8.68e-07
 7.40638e+22	5.34e-01	4.66e-01	9.45e-07
 7.41283e+22	5.47e-01	4.53e-01	1.03e-06
 7.41882e+22	5.59e-01	4.41e-01	1.10e-06
 7.42497e+22	5.71e-01	4.29e-01	1.19e-06
 7.43156e+22	5.84e-01	4.16e-01	1.29e-06
 7.43821e+22	5.96e-01	4.04e-01	1.39e-06
 7.44486e+22	6.07e-01	3.93e-01	1.49e-06
 7.45179e+22	6.20e-01	3.80e-01	1.61e-06
 7.45891e+22	6.31e-01	3.69e-01	1.72e-06
 7.46617e+22	6.43e-01	3.57e-01	1.86e-06
 7.47361e+22	6.54e-01	3.46e-01	1.99e-06
 7.48124e+22	6.65e-01	3.35e-01	2.15e-06
 7.48916e+22	6.76e-01	3.24e-01	2.29e-06
 7.49744e+22	6.87e-01	3.13e-01	2.46e-06
 7.50605e+22	6.98e-01	3.02e-01	2.65e-06
 7.51468e+22	7.08e-01	2.92e-01	2.84e-06
 7.52363e+22	7.18e-01	2.82e-01	3.04e-06
 7.53325e+22	7.27e-01	2.73e-01	3.26e-06
 7.54338e+22	7.37e-01	2.63e-01	3.50e-06
 7.55377e+22	7.46e-01	2.54e-01	3.74e-06
 7.56467e+22	7.55e-01	2.45e-01	4.01e-06
 7.57642e+22	7.64e-01	2.36e-01	4.30e-06
 7.58897e+22	7.73e-01	2.27e-01	4.62e-06
 7.60225e+22	7.81e-01	2.19e-01	4.97e-06
 7.61618e+22	7.89e-01	2.11e-01	5.33e-06
 7.63079e+22	7.96e-01	2.04e-01	5.73e-06
 7.64623e+22	8.03e-01	1.97e-01	6.16e-06
 7.66263e+22	8.10e-01	1.90e-01	6.63e-06
 7.67983e+22	8.16e-01	1.84e-01	7.15e-06
 7.69779e+22	8.23e-01	1.77e-01	7.73e-06
 7.71633e+22	8.28e-01	1.72e-01	8.36e-06
 7.73509e+22	8.34e-01	1.66e-01	9.10e-06
 7.75351e+22	8.39e-01	1.61e-01	9.85e-06
 7.77160e+22	8.44e-01	1.56e-01	1.07e-05
 7.78972e+22	8.49e-01	1.51e-01	1.16e-05
 7.80760e+22	8.54e-01	1.46e-01	1.26e-05
 7.82513e+22	8.58e-01	1.42e-01	1.36e-05
 7.84265e+22	8.62e-01	1.38e-01	1.49e-05
 7.85983e+22	8.66e-01	1.34e-01	1.62e-05
 7.87628e+22	8.70e-01	1.30e-01	1.76e-05
 7.89232e+22	8.73e-01	1.27e-01	1.92e-05
 7.90808e+22	8.77e-01	1.23e-01	2.09e-05
 7.92352e+22	8.80e-01	1.20e-01	2.28e-05
 7.93853e+22	8.83e-01	1.16e-01	2.49e-05
 7.95308e+22	8.87e-01	1.13e-01	2.71e-05
 7.96731e+22	8.90e-01	1.10e-01	2.95e-05
 7.98144e+22	8.92e-01	1.07e-01	3.22e-05
 7.99546e+22	8.95e-01	1.04e-01	3.53e-05
 8.00901e+22	8.98e-01	1.02e-01	3.86e-05
 8.02217e+22	9.01e-01	9.91e-02	4.21e-05
 8.03505e+22	9.03e-01	9.66e-02	4.60e-05
 8.04736e+22	9.06e-01	9.42e-02	5.02e-05
 8.05891e+22	9.08e-01	9.20e-02	5.46e-05
 8.06976e+22	9.10e-01	8.99e-02	5.92e-05
 8.08010e+22	9.12e-01	8.79e-02	6.41e-05
 8.08819e+22	9.13e-01	8.66e-02	6.81e-05
 8.09304e+22	9.14e-01	8.61e-02	7.07e-05
 8.09634e+22	9.14e-01	8.59e-02	7.24e-05
 8.09952e+22	9.14e-01	8.55e-02	7.43e-05
 8.10313e+22	9.15e-01	8.47e-02	7.66e-05
 8.10683e+22	9.16e-01	8.39e-02	7.90e-05
 8.11039e+22	9.17e-01	8.32e-02	8.14e-05
 8.11385e+22	9.17e-01	8.25e-02	8.38e-05
 8.11730e+22	9.18e-01	8.19e-02	8.62e-05
 8.12086e+22	9.19e-01	8.12e-02	8.88e-05
 8.12447e+22	9.19e-01	8.05e-02	9.15e-05
 8.12802e+22	9.20e-01	7.98e-02	9.43e-05
 8.13151e+22	9.21e-01	7.91e-02	9.70e-05
 8.13508e+22	9.21e-01	7.84e-02	9.96e-05
 8.13888e+22	9.22e-01	7.77e-02	1.02e-04
 8.14285e+22	9.23e-01	7.68e-02	1.06e-04
 8.14671e+22	9.24e-01	7.61e-02	1.09e-04
 8.15051e+22	9.24e-01	7.54e-02	1.12e-04
 8.15446e+22	9.25e-01	7.45e-02	1.15e-04
 8.15838e+22	9.26e-01	7.39e-02	1.19e-04
 8.16231e+22	9.27e-01	7.31e-02	1.22e-04
 8.16628e+22	9.27e-01	7.24e-02	1.26e-04
 8.17034e+22	9.28e-01	7.16e-02	1.29e-04
 8.17449e+22	9.29e-01	7.08e-02	1.33e-04
 8.17869e+22	9.30e-01	7.00e-02	1.37e-04
 8.18292e+22	9.30e-01	6.93e-02	1.42e-04
 8.18695e+22	9.31e-01	6.84e-02	1.46e-04
 8.19093e+22	9.32e-01	6.76e-02	1.50e-04
 8.19485e+22	9.33e-01	6.71e-02	1.53e-04
 8.19896e+22	9.33e-01	6.63e-02	1.57e-04
 8.20326e+22	9.34e-01	6.54e-02	1.61e-04
 8.20717e+22	9.35e-01	6.47e-02	1.65e-04
 8.21072e+22	9.35e-01	6.43e-02	1.68e-04
 8.21462e+22	9.36e-01	6.36e-02	1.72e-04
 8.21883e+22	9.37e-01	6.27e-02	1.75e-04
 8.22266e+22	9.37e-01	6.22e-02	1.79e-04
 8.22686e+22	9.38e-01	6.14e-02	1.82e-04
 8.23139e+22	9.39e-01	6.05e-02	1.87e-04
 8.23552e+22	9.40e-01	5.97e-02	1.92e-04
 8.23927e+22	9.40e-01	5.93e-02	1.96e-04
 8.24338e+22	9.41e-01	5.86e-02	2.00e-04
 8.24782e+22	9.42e-01	5.78e-02	2.04e-04
 8.25186e+22	9.43e-01	5.70e-02	2.08e-04
 8.25554e+22	9.43e-01	5.67e-02	2.12e-04
 8.25957e+22	9.44e-01	5.60e-02	2.15e-04
 8.26392e+22	9.44e-01	5.52e-02	2.19e-04
 8.26788e+22	9.45e-01	5.45e-02	2.23e-04
 8.27148e+22	9.45e-01	5.42e-02	2.25e-04
 8.27542e+22	9.46e-01	5.35e-02	2.28e-04
 8.27968e+22	9.47e-01	5.30e-02	2.32e-04
 8.28435e+22	9.47e-01	5.22e-02	2.35e-04
 8.28939e+22	9.48e-01	5.15e-02	2.39e-04
 8.29398e+22	9.49e-01	5.08e-02	2.42e-04
 8.29815e+22	9.49e-01	5.05e-02	2.45e-04
 8.30273e+22	9.50e-01	4.98e-02	2.47e-04
 8.30767e+22	9.50e-01	4.91e-02	2.50e-04
 8.31216e+22	9.51e-01	4.87e-02	2.52e-04
 8.31708e+22	9.52e-01	4.79e-02	2.54e-04
 8.32240e+22	9.52e-01	4.72e-02	2.57e-04
 8.32724e+22	9.53e-01	4.66e-02	2.58e-04
 8.33164e+22	9.53e-01	4.63e-02	2.60e-04
 8.33646e+22	9.54e-01	4.56e-02	2.61e-04
 8.34167e+22	9.55e-01	4.49e-02	2.63e-04
 8.34641e+22	9.55e-01	4.43e-02	2.63e-04
 8.35072e+22	9.55e-01	4.40e-02	2.64e-04
 8.35545e+22	9.56e-01	4.34e-02	2.64e-04
 8.36055e+22	9.57e-01	4.27e-02	2.65e-04
 8.36519e+22	9.57e-01	4.22e-02	2.65e-04
 8.36941e+22	9.58e-01	4.19e-02	2.65e-04
 8.37404e+22	9.58e-01	4.13e-02	2.65e-04
 8.37904e+22	9.59e-01	4.07e-02	2.65e-04
 8.38359e+22	9.59e-01	4.02e-02	2.64e-04
 8.38773e+22	9.60e-01	3.99e-02	2.64e-04
 8.39226e+22	9.60e-01	3.93e-02	2.62e-04
 8.39716e+22	9.61e-01	3.88e-02	2.60e-04
 8.40161e+22	9.61e-01	3.83e-02	2.58e-04
 8.40567e+22	9.61e-01	3.81e-02	2.57e-04
 8.41011e+22	9.62e-01	3.75e-02	2.55e-04
 8.41491e+22	9.62e-01	3.70e-02	2.53e-04
 8.41927e+22	9.63e-01	3.66e-02	2.51e-04
 8.42324e+22	9.63e-01	3.63e-02	2.50e-04
 8.42759e+22	9.64e-01	3.59e-02	2.48e-04
 8.43229e+22	9.64e-01	3.54e-02	2.46e-04
 8.43744e+22	9.65e-01	3.49e-02	2.44e-04
 8.44300e+22	9.65e-01	3.44e-02	2.43e-04
 8.44806e+22	9.66e-01	3.40e-02	2.40e-04
 8.45266e+22	9.66e-01	3.37e-02	2.40e-04
 8.45771e+22	9.66e-01	3.33e-02	2.38e-04
 8.46315e+22	9.67e-01	3.28e-02	2.36e-04
 8.46811e+22	9.67e-01	3.25e-02	2.35e-04
 8.47354e+22	9.68e-01	3.20e-02	2.32e-04
 8.47940e+22	9.68e-01	3.15e-02	2.30e-04
 8.48473e+22	9.68e-01	3.12e-02	2.29e-04
 8.49058e+22	9.69e-01	3.07e-02	2.26e-04
 8.49689e+22	9.69e-01	3.02e-02	2.24e-04
 8.50263e+22	9.70e-01	2.99e-02	2.22e-04
 8.50892e+22	9.70e-01	2.93e-02	2.19e-04
 8.51572e+22	9.71e-01	2.89e-02	2.17e-04
 8.52190e+22	9.71e-01	2.85e-02	2.16e-04
 8.52752e+22	9.71e-01	2.82e-02	2.14e-04
 8.53369e+22	9.72e-01	2.77e-02	2.11e-04
 8.54034e+22	9.72e-01	2.73e-02	2.10e-04
 8.54640e+22	9.73e-01	2.70e-02	2.08e-04
 8.55304e+22	9.73e-01	2.65e-02	2.06e-04
 8.56020e+22	9.74e-01	2.61e-02	2.04e-04
 8.56672e+22	9.74e-01	2.57e-02	2.02e-04
 8.57265e+22	9.74e-01	2.54e-02	2.01e-04
 8.57916e+22	9.75e-01	2.50e-02	1.99e-04
 8.58617e+22	9.75e-01	2.46e-02	1.98e-04
 8.59256e+22	9.75e-01	2.43e-02	1.96e-04
 8.59956e+22	9.76e-01	2.39e-02	1.94e-04
 8.60712e+22	9.76e-01	2.35e-02	1.93e-04
 8.61399e+22	9.76e-01	2.32e-02	1.92e-04
 8.62153e+22	9.77e-01	2.28e-02	1.90e-04
 8.62966e+22	9.77e-01	2.24e-02	1.89e-04
 8.63706e+22	9.78e-01	2.21e-02	1.87e-04
 8.64517e+22	9.78e-01	2.16e-02	1.86e-04
 8.65393e+22	9.78e-01	2.13e-02	1.84e-04
 8.66190e+22	9.79e-01	2.09e-02	1.83e-04
 8.66915e+22	9.79e-01	2.07e-02	1.82e-04
 8.67710e+22	9.79e-01	2.03e-02	1.81e-04
 8.68567e+22	9.80e-01	1.99e-02	1.80e-04
 8.69348e+22	9.80e-01	1.96e-02	1.79e-04
 8.70203e+22	9.80e-01	1.92e-02	1.78e-04
 8.71127e+22	9.81e-01	1.89e-02	1.77e-04
 8.71967e+22	9.81e-01	1.86e-02	1.76e-04
 8.72732e+22	9.81e-01	1.84e-02	1.76e-04
 8.73570e+22	9.82e-01	1.80e-02	1.75e-04
 8.74475e+22	9.82e-01	1.77e-02	1.74e-04
 8.75298e+22	9.82e-01	1.75e-02	1.74e-04
 8.76047e+22	9.82e-01	1.72e-02	1.73e-04
 8.76868e+22	9.83e-01	1.69e-02	1.72e-04
 8.77754e+22	9.83e-01	1.66e-02	1.72e-04
 8.78561e+22	9.83e-01	1.64e-02	1.71e-04
 8.79445e+22	9.84e-01	1.61e-02	1.70e-04
 8.80399e+22	9.84e-01	1.58e-02	1.70e-04
 8.81267e+22	9.84e-01	1.56e-02	1.70e-04
 8.82218e+22	9.84e-01	1.53e-02	1.69e-04
 8.83245e+22	9.85e-01	1.50e-02	1.69e-04
 8.84180e+22	9.85e-01	1.48e-02	1.68e-04
 8.85031e+22	9.85e-01	1.46e-02	1.68e-04
 8.85963e+22	9.85e-01	1.43e-02	1.68e-04
 8.86969e+22	9.86e-01	1.40e-02	1.68e-04
 8.87884e+22	9.86e-01	1.38e-02	1.68e-04
 8.88888e+22	9.86e-01	1.35e-02	1.67e-04
 8.89971e+22	9.86e-01	1.33e-02	1.67e-04
 8.90957e+22	9.87e-01	1.30e-02	1.67e-04
 8.92037e+22	9.87e-01	1.28e-02	1.67e-04
 8.93203e+22	9.87e-01	1.25e-02	1.67e-04
 8.94264e+22	9.87e-01	1.23e-02	1.67e-04
 8.95427e+22	9.88e-01	1.20e-02	1.67e-04
 8.96682e+22	9.88e-01	1.18e-02	1.68e-04
 8.97825e+22	9.88e-01	1.16e-02	1.68e-04
 8.98864e+22	9.88e-01	1.14e-02	1.68e-04
 9.00003e+22	9.89e-01	1.11e-02	1.68e-04
 9.01233e+22	9.89e-01	1.09e-02	1.70e-04
 9.02581e+22	9.89e-01	1.06e-02	1.73e-04
 9.04106e+22	9.89e-01	1.03e-02	1.75e-04
 9.05695e+22	9.90e-01	1.01e-02	1.77e-04
 9.07345e+22	9.90e-01	9.78e-03	1.78e-04
 9.09022e+22	9.90e-01	9.51e-03	1.80e-04
 9.10728e+22	9.90e-01	9.24e-03	1.82e-04
 9.12451e+22	9.91e-01	8.97e-03	1.85e-04
 9.14192e+22	9.91e-01	8.72e-03	1.87e-04
 9.15951e+22	9.91e-01	8.46e-03	1.89e-04
 9.17727e+22	9.91e-01	8.22e-03	1.92e-04
 9.19520e+22	9.92e-01	7.97e-03	1.95e-04
 9.21330e+22	9.92e-01	7.74e-03	1.98e-04
 9.23155e+22	9.92e-01	7.51e-03	2.01e-04
 9.24887e+22	9.92e-01	7.30e-03	2.04e-04
