#depth	Ne	Ne+	Ne+2	Ne+3	Ne+4	Ne+5	Ne+6	Ne+7	Ne+8	Ne+9	Ne+10
 4.62852e+21	0.00e+00	5.15e-30	1.10e-24	3.85e-20	3.22e-16	7.76e-13	9.16e-10	6.13e-07	3.96e-04	3.15e-02	9.68e-01
 1.02075e+22	4.46e-33	3.06e-27	2.63e-22	3.72e-18	1.28e-14	1.23e-11	5.60e-09	1.62e-06	1.00e-03	5.88e-02	9.40e-01
 1.15206e+22	6.31e-32	3.21e-26	2.03e-21	2.11e-17	5.36e-14	3.79e-11	1.24e-08	2.63e-06	1.47e-03	7.25e-02	9.26e-01
 1.20646e+22	2.18e-31	9.66e-26	5.31e-21	4.81e-17	1.07e-13	6.57e-11	1.84e-08	3.41e-06	1.77e-03	7.99e-02	9.18e-01
 1.23008e+22	3.10e-31	1.32e-25	7.00e-21	6.10e-17	1.30e-13	7.71e-11	2.07e-08	3.68e-06	1.87e-03	8.21e-02	9.16e-01
 1.24269e+22	4.92e-31	2.00e-25	1.00e-20	8.31e-17	1.69e-13	9.50e-11	2.42e-08	4.08e-06	2.01e-03	8.51e-02	9.13e-01
 1.25639e+22	7.55e-31	2.93e-25	1.40e-20	1.11e-16	2.16e-13	1.15e-10	2.79e-08	4.49e-06	2.15e-03	8.79e-02	9.10e-01
 1.27123e+22	1.28e-30	4.71e-25	2.13e-20	1.59e-16	2.92e-13	1.47e-10	3.34e-08	5.06e-06	2.33e-03	9.16e-02	9.06e-01
 1.28610e+22	1.91e-30	6.73e-25	2.91e-20	2.08e-16	3.67e-13	1.77e-10	3.83e-08	5.56e-06	2.49e-03	9.44e-02	9.03e-01
 1.30129e+22	3.22e-30	1.07e-24	4.39e-20	2.96e-16	4.95e-13	2.26e-10	4.59e-08	6.29e-06	2.70e-03	9.83e-02	8.99e-01
 1.31688e+22	4.88e-30	1.56e-24	6.09e-20	3.94e-16	6.29e-13	2.74e-10	5.31e-08	6.95e-06	2.89e-03	1.01e-01	8.96e-01
 1.33297e+22	8.35e-30	2.52e-24	9.29e-20	5.67e-16	8.58e-13	3.53e-10	6.42e-08	7.91e-06	3.15e-03	1.06e-01	8.91e-01
 1.34911e+22	1.25e-29	3.62e-24	1.28e-19	7.49e-16	1.09e-12	4.28e-10	7.42e-08	8.74e-06	3.36e-03	1.09e-01	8.88e-01
 1.36531e+22	2.15e-29	5.87e-24	1.96e-19	1.08e-15	1.48e-12	5.52e-10	8.98e-08	9.97e-06	3.66e-03	1.14e-01	8.83e-01
 1.38142e+22	3.12e-29	8.22e-24	2.64e-19	1.40e-15	1.85e-12	6.60e-10	1.03e-07	1.10e-05	3.89e-03	1.17e-01	8.79e-01
 1.39742e+22	5.28e-29	1.32e-23	3.99e-19	2.01e-15	2.51e-12	8.46e-10	1.24e-07	1.25e-05	4.23e-03	1.22e-01	8.74e-01
 1.41362e+22	7.71e-29	1.85e-23	5.39e-19	2.61e-15	3.13e-12	1.02e-09	1.43e-07	1.37e-05	4.50e-03	1.25e-01	8.70e-01
 1.43008e+22	1.29e-28	2.94e-23	8.12e-19	3.72e-15	4.24e-12	1.30e-09	1.72e-07	1.57e-05	4.90e-03	1.30e-01	8.65e-01
 1.44675e+22	1.93e-28	4.21e-23	1.11e-18	4.90e-15	5.36e-12	1.58e-09	1.99e-07	1.73e-05	5.23e-03	1.34e-01	8.61e-01
 1.46369e+22	3.27e-28	6.77e-23	1.69e-18	7.04e-15	7.31e-12	2.03e-09	2.41e-07	1.98e-05	5.69e-03	1.39e-01	8.55e-01
 1.48093e+22	4.94e-28	9.82e-23	2.35e-18	9.36e-15	9.32e-12	2.48e-09	2.80e-07	2.20e-05	6.08e-03	1.44e-01	8.50e-01
 1.49855e+22	8.54e-28	1.60e-22	3.63e-18	1.37e-14	1.28e-11	3.22e-09	3.42e-07	2.53e-05	6.64e-03	1.50e-01	8.44e-01
 1.51640e+22	1.31e-27	2.36e-22	5.09e-18	1.83e-14	1.65e-11	3.96e-09	4.00e-07	2.83e-05	7.12e-03	1.54e-01	8.39e-01
 1.53191e+22	1.99e-27	3.43e-22	7.08e-18	2.44e-14	2.11e-11	4.84e-09	4.66e-07	3.14e-05	7.61e-03	1.59e-01	8.33e-01
 1.54657e+22	2.92e-27	4.85e-22	9.61e-18	3.19e-14	2.65e-11	5.82e-09	5.36e-07	3.47e-05	8.09e-03	1.63e-01	8.28e-01
 1.56275e+22	4.85e-27	7.64e-22	1.44e-17	4.52e-14	3.56e-11	7.42e-09	6.45e-07	3.94e-05	8.77e-03	1.69e-01	8.22e-01
 1.57887e+22	7.13e-27	1.08e-21	1.95e-17	5.90e-14	4.47e-11	8.94e-09	7.43e-07	4.35e-05	9.33e-03	1.74e-01	8.17e-01
 1.59192e+22	9.98e-27	1.46e-21	2.55e-17	7.43e-14	5.44e-11	1.05e-08	8.39e-07	4.74e-05	9.84e-03	1.78e-01	8.12e-01
 1.60589e+22	1.57e-26	2.20e-21	3.65e-17	1.01e-13	7.09e-11	1.30e-08	9.88e-07	5.31e-05	1.06e-02	1.84e-01	8.06e-01
 1.61974e+22	2.20e-26	2.98e-21	4.77e-17	1.28e-13	8.64e-11	1.53e-08	1.12e-06	5.79e-05	1.11e-02	1.88e-01	8.01e-01
 1.63096e+22	2.93e-26	3.86e-21	5.99e-17	1.56e-13	1.02e-10	1.76e-08	1.24e-06	6.23e-05	1.17e-02	1.92e-01	7.96e-01
 1.64308e+22	4.43e-26	5.59e-21	8.31e-17	2.07e-13	1.30e-10	2.14e-08	1.44e-06	6.90e-05	1.24e-02	1.97e-01	7.90e-01
 1.65453e+22	5.79e-26	7.12e-21	1.03e-16	2.49e-13	1.52e-10	2.43e-08	1.58e-06	7.38e-05	1.29e-02	2.01e-01	7.86e-01
 1.66513e+22	8.38e-26	9.92e-21	1.38e-16	3.21e-13	1.89e-10	2.90e-08	1.81e-06	8.08e-05	1.37e-02	2.06e-01	7.80e-01
 1.67580e+22	1.08e-25	1.25e-20	1.68e-16	3.82e-13	2.19e-10	3.27e-08	1.98e-06	8.62e-05	1.42e-02	2.09e-01	7.76e-01
 1.68656e+22	1.60e-25	1.78e-20	2.30e-16	5.00e-13	2.75e-10	3.94e-08	2.28e-06	9.49e-05	1.51e-02	2.15e-01	7.70e-01
 1.69686e+22	2.05e-25	2.22e-20	2.79e-16	5.92e-13	3.18e-10	4.43e-08	2.49e-06	1.01e-04	1.57e-02	2.18e-01	7.66e-01
 1.70658e+22	2.89e-25	3.02e-20	3.66e-16	7.48e-13	3.87e-10	5.20e-08	2.81e-06	1.10e-04	1.65e-02	2.23e-01	7.61e-01
 1.71658e+22	3.83e-25	3.89e-20	4.58e-16	9.07e-13	4.56e-10	5.94e-08	3.11e-06	1.18e-04	1.72e-02	2.27e-01	7.56e-01
 1.72695e+22	5.64e-25	5.51e-20	6.21e-16	1.18e-12	5.70e-10	7.12e-08	3.56e-06	1.29e-04	1.83e-02	2.32e-01	7.49e-01
 1.73715e+22	7.37e-25	7.01e-20	7.67e-16	1.42e-12	6.65e-10	8.07e-08	3.91e-06	1.38e-04	1.90e-02	2.36e-01	7.45e-01
 1.74568e+22	9.72e-25	8.98e-20	9.53e-16	1.71e-12	7.80e-10	9.18e-08	4.31e-06	1.48e-04	1.98e-02	2.40e-01	7.40e-01
 1.75391e+22	1.26e-24	1.13e-19	1.17e-15	2.04e-12	9.05e-10	1.04e-07	4.72e-06	1.57e-04	2.06e-02	2.44e-01	7.35e-01
 1.76321e+22	1.84e-24	1.59e-19	1.57e-15	2.63e-12	1.12e-09	1.23e-07	5.38e-06	1.72e-04	2.17e-02	2.50e-01	7.28e-01
 1.77222e+22	2.35e-24	1.98e-19	1.91e-15	3.11e-12	1.29e-09	1.38e-07	5.87e-06	1.83e-04	2.25e-02	2.53e-01	7.24e-01
 1.78088e+22	3.36e-24	2.74e-19	2.53e-15	3.96e-12	1.58e-09	1.63e-07	6.64e-06	1.99e-04	2.37e-02	2.59e-01	7.17e-01
 1.78960e+22	4.32e-24	3.43e-19	3.08e-15	4.69e-12	1.83e-09	1.83e-07	7.25e-06	2.11e-04	2.46e-02	2.63e-01	7.13e-01
 1.79840e+22	6.30e-24	4.81e-19	4.14e-15	6.05e-12	2.27e-09	2.18e-07	8.26e-06	2.31e-04	2.59e-02	2.68e-01	7.06e-01
 1.80720e+22	8.20e-24	6.10e-19	5.09e-15	7.23e-12	2.63e-09	2.46e-07	9.05e-06	2.46e-04	2.70e-02	2.72e-01	7.00e-01
 1.81599e+22	1.19e-23	8.52e-19	6.82e-15	9.29e-12	3.25e-09	2.93e-07	1.03e-05	2.68e-04	2.84e-02	2.78e-01	6.93e-01
 1.82493e+22	1.61e-23	1.12e-18	8.64e-15	1.14e-11	3.86e-09	3.36e-07	1.14e-05	2.88e-04	2.97e-02	2.83e-01	6.87e-01
 1.83276e+22	2.17e-23	1.46e-18	1.09e-14	1.39e-11	4.56e-09	3.85e-07	1.26e-05	3.09e-04	3.09e-02	2.87e-01	6.81e-01
 1.84160e+22	3.21e-23	2.07e-18	1.48e-14	1.80e-11	5.69e-09	4.60e-07	1.45e-05	3.39e-04	3.27e-02	2.94e-01	6.73e-01
 1.85040e+22	4.34e-23	2.72e-18	1.87e-14	2.21e-11	6.74e-09	5.28e-07	1.60e-05	3.64e-04	3.41e-02	2.98e-01	6.67e-01
 1.85915e+22	6.49e-23	3.89e-18	2.56e-14	2.88e-11	8.44e-09	6.34e-07	1.84e-05	4.00e-04	3.61e-02	3.05e-01	6.59e-01
 1.86759e+22	8.62e-23	5.02e-18	3.20e-14	3.49e-11	9.90e-09	7.22e-07	2.03e-05	4.27e-04	3.76e-02	3.09e-01	6.53e-01
 1.87565e+22	1.26e-22	7.07e-18	4.31e-14	4.49e-11	1.23e-08	8.59e-07	2.31e-05	4.67e-04	3.96e-02	3.16e-01	6.44e-01
 1.88374e+22	1.70e-22	9.21e-18	5.42e-14	5.47e-11	1.45e-08	9.83e-07	2.56e-05	5.01e-04	4.13e-02	3.20e-01	6.38e-01
 1.89189e+22	2.50e-22	1.30e-17	7.32e-14	7.06e-11	1.79e-08	1.17e-06	2.93e-05	5.48e-04	4.36e-02	3.27e-01	6.29e-01
 1.90016e+22	3.37e-22	1.70e-17	9.23e-14	8.61e-11	2.12e-08	1.34e-06	3.25e-05	5.89e-04	4.55e-02	3.32e-01	6.22e-01
 1.90859e+22	4.98e-22	2.41e-17	1.25e-13	1.12e-10	2.64e-08	1.61e-06	3.72e-05	6.46e-04	4.81e-02	3.38e-01	6.13e-01
 1.91720e+22	6.81e-22	3.19e-17	1.60e-13	1.37e-10	3.14e-08	1.85e-06	4.15e-05	6.96e-04	5.02e-02	3.44e-01	6.05e-01
 1.92483e+22	9.25e-22	4.20e-17	2.03e-13	1.68e-10	3.73e-08	2.14e-06	4.62e-05	7.49e-04	5.24e-02	3.49e-01	5.98e-01
 1.93321e+22	1.34e-21	5.86e-17	2.71e-13	2.15e-10	4.59e-08	2.54e-06	5.27e-05	8.19e-04	5.53e-02	3.55e-01	5.88e-01
 1.94170e+22	1.83e-21	7.73e-17	3.44e-13	2.64e-10	5.46e-08	2.93e-06	5.88e-05	8.83e-04	5.78e-02	3.61e-01	5.81e-01
 1.95014e+22	2.62e-21	1.07e-16	4.55e-13	3.35e-10	6.68e-08	3.46e-06	6.68e-05	9.63e-04	6.08e-02	3.67e-01	5.71e-01
 1.95871e+22	3.57e-21	1.41e-16	5.80e-13	4.12e-10	7.96e-08	4.00e-06	7.47e-05	1.04e-03	6.36e-02	3.72e-01	5.63e-01
 1.96734e+22	5.09e-21	1.93e-16	7.63e-13	5.21e-10	9.71e-08	4.72e-06	8.49e-05	1.13e-03	6.69e-02	3.78e-01	5.53e-01
 1.97611e+22	6.94e-21	2.55e-16	9.72e-13	6.40e-10	1.16e-07	5.46e-06	9.50e-05	1.22e-03	7.00e-02	3.84e-01	5.45e-01
 1.98493e+22	9.73e-21	3.45e-16	1.27e-12	8.02e-10	1.40e-07	6.41e-06	1.08e-04	1.33e-03	7.36e-02	3.90e-01	5.35e-01
 1.99374e+22	1.30e-20	4.48e-16	1.59e-12	9.73e-10	1.65e-07	7.36e-06	1.20e-04	1.43e-03	7.67e-02	3.95e-01	5.27e-01
 2.00283e+22	1.84e-20	6.10e-16	2.08e-12	1.22e-09	2.02e-07	8.68e-06	1.36e-04	1.57e-03	8.07e-02	4.01e-01	5.17e-01
 2.01203e+22	2.42e-20	7.83e-16	2.58e-12	1.48e-09	2.37e-07	9.93e-06	1.51e-04	1.68e-03	8.41e-02	4.06e-01	5.08e-01
 2.02151e+22	3.42e-20	1.07e-15	3.38e-12	1.86e-09	2.88e-07	1.17e-05	1.72e-04	1.84e-03	8.85e-02	4.12e-01	4.98e-01
 2.03123e+22	4.51e-20	1.37e-15	4.21e-12	2.24e-09	3.39e-07	1.34e-05	1.92e-04	1.98e-03	9.23e-02	4.17e-01	4.89e-01
 2.04115e+22	6.28e-20	1.84e-15	5.45e-12	2.80e-09	4.11e-07	1.58e-05	2.17e-04	2.16e-03	9.70e-02	4.22e-01	4.78e-01
 2.05139e+22	8.30e-20	2.37e-15	6.80e-12	3.39e-09	4.84e-07	1.82e-05	2.42e-04	2.32e-03	1.01e-01	4.27e-01	4.69e-01
 2.06199e+22	1.15e-19	3.18e-15	8.80e-12	4.23e-09	5.86e-07	2.14e-05	2.75e-04	2.53e-03	1.06e-01	4.32e-01	4.59e-01
 2.07291e+22	1.52e-19	4.08e-15	1.10e-11	5.11e-09	6.91e-07	2.46e-05	3.07e-04	2.73e-03	1.11e-01	4.37e-01	4.49e-01
 2.08426e+22	2.10e-19	5.46e-15	1.42e-11	6.37e-09	8.36e-07	2.89e-05	3.49e-04	2.98e-03	1.16e-01	4.42e-01	4.38e-01
 2.09595e+22	2.75e-19	6.98e-15	1.76e-11	7.68e-09	9.84e-07	3.32e-05	3.89e-04	3.21e-03	1.21e-01	4.46e-01	4.29e-01
 2.10833e+22	3.85e-19	9.44e-15	2.30e-11	9.67e-09	1.20e-06	3.93e-05	4.45e-04	3.52e-03	1.28e-01	4.51e-01	4.17e-01
 2.12077e+22	4.98e-19	1.19e-14	2.82e-11	1.16e-08	1.40e-06	4.49e-05	4.94e-04	3.78e-03	1.33e-01	4.55e-01	4.08e-01
 2.13343e+22	6.89e-19	1.60e-14	3.66e-11	1.45e-08	1.71e-06	5.30e-05	5.64e-04	4.13e-03	1.40e-01	4.60e-01	3.96e-01
 2.14638e+22	8.89e-19	2.02e-14	4.50e-11	1.73e-08	1.99e-06	6.05e-05	6.26e-04	4.43e-03	1.45e-01	4.63e-01	3.87e-01
 2.15758e+22	1.12e-18	2.49e-14	5.42e-11	2.03e-08	2.30e-06	6.82e-05	6.88e-04	4.73e-03	1.50e-01	4.66e-01	3.78e-01
 2.17002e+22	1.51e-18	3.25e-14	6.87e-11	2.49e-08	2.75e-06	7.95e-05	7.77e-04	5.14e-03	1.57e-01	4.69e-01	3.67e-01
 2.18258e+22	1.88e-18	3.98e-14	8.23e-11	2.92e-08	3.15e-06	8.93e-05	8.52e-04	5.47e-03	1.63e-01	4.72e-01	3.59e-01
 2.19531e+22	2.51e-18	5.18e-14	1.04e-10	3.57e-08	3.77e-06	1.04e-04	9.61e-04	5.94e-03	1.70e-01	4.75e-01	3.48e-01
 2.20823e+22	3.12e-18	6.31e-14	1.24e-10	4.17e-08	4.31e-06	1.16e-04	1.05e-03	6.31e-03	1.76e-01	4.77e-01	3.40e-01
 2.21963e+22	3.88e-18	7.68e-14	1.48e-10	4.85e-08	4.92e-06	1.30e-04	1.15e-03	6.71e-03	1.82e-01	4.79e-01	3.32e-01
 2.23269e+22	5.10e-18	9.87e-14	1.85e-10	5.89e-08	5.84e-06	1.51e-04	1.29e-03	7.26e-03	1.89e-01	4.81e-01	3.21e-01
 2.24570e+22	6.22e-18	1.18e-13	2.17e-10	6.78e-08	6.60e-06	1.67e-04	1.40e-03	7.67e-03	1.95e-01	4.82e-01	3.14e-01
 2.25863e+22	8.10e-18	1.50e-13	2.69e-10	8.18e-08	7.78e-06	1.93e-04	1.57e-03	8.28e-03	2.03e-01	4.84e-01	3.04e-01
 2.27174e+22	9.85e-18	1.80e-13	3.16e-10	9.40e-08	8.78e-06	2.14e-04	1.70e-03	8.75e-03	2.08e-01	4.84e-01	2.96e-01
 2.28506e+22	1.28e-17	2.28e-13	3.90e-10	1.13e-07	1.03e-05	2.46e-04	1.90e-03	9.42e-03	2.17e-01	4.85e-01	2.87e-01
 2.29862e+22	1.56e-17	2.73e-13	4.59e-10	1.30e-07	1.17e-05	2.73e-04	2.06e-03	9.96e-03	2.23e-01	4.86e-01	2.79e-01
 2.31250e+22	2.01e-17	3.46e-13	5.67e-10	1.57e-07	1.38e-05	3.13e-04	2.30e-03	1.07e-02	2.31e-01	4.86e-01	2.69e-01
 2.32663e+22	2.45e-17	4.15e-13	6.67e-10	1.81e-07	1.56e-05	3.48e-04	2.49e-03	1.13e-02	2.38e-01	4.86e-01	2.62e-01
 2.33900e+22	2.97e-17	4.94e-13	7.80e-10	2.07e-07	1.75e-05	3.85e-04	2.70e-03	1.20e-02	2.44e-01	4.86e-01	2.55e-01
 2.35298e+22	3.80e-17	6.18e-13	9.54e-10	2.47e-07	2.05e-05	4.39e-04	3.00e-03	1.28e-02	2.53e-01	4.85e-01	2.46e-01
 2.36694e+22	4.53e-17	7.27e-13	1.10e-09	2.80e-07	2.29e-05	4.82e-04	3.22e-03	1.35e-02	2.59e-01	4.84e-01	2.39e-01
 2.38085e+22	5.75e-17	9.05e-13	1.34e-09	3.33e-07	2.66e-05	5.48e-04	3.57e-03	1.44e-02	2.68e-01	4.83e-01	2.30e-01
 2.39496e+22	6.87e-17	1.07e-12	1.56e-09	3.78e-07	2.97e-05	6.01e-04	3.84e-03	1.51e-02	2.74e-01	4.82e-01	2.24e-01
 2.40933e+22	8.66e-17	1.32e-12	1.88e-09	4.47e-07	3.44e-05	6.80e-04	4.23e-03	1.61e-02	2.83e-01	4.80e-01	2.16e-01
 2.42418e+22	1.05e-16	1.57e-12	2.20e-09	5.12e-07	3.87e-05	7.51e-04	4.56e-03	1.70e-02	2.90e-01	4.79e-01	2.09e-01
 2.43968e+22	1.34e-16	1.96e-12	2.69e-09	6.11e-07	4.52e-05	8.55e-04	5.05e-03	1.82e-02	2.99e-01	4.76e-01	2.01e-01
 2.45542e+22	1.62e-16	2.34e-12	3.15e-09	7.00e-07	5.08e-05	9.44e-04	5.45e-03	1.91e-02	3.06e-01	4.74e-01	1.94e-01
 2.47150e+22	2.06e-16	2.92e-12	3.85e-09	8.35e-07	5.92e-05	1.07e-03	6.03e-03	2.04e-02	3.15e-01	4.71e-01	1.86e-01
 2.48813e+22	2.53e-16	3.52e-12	4.55e-09	9.64e-07	6.71e-05	1.19e-03	6.53e-03	2.15e-02	3.23e-01	4.68e-01	1.80e-01
 2.50548e+22	3.26e-16	4.44e-12	5.61e-09	1.16e-06	7.86e-05	1.36e-03	7.24e-03	2.30e-02	3.33e-01	4.64e-01	1.71e-01
 2.52341e+22	4.03e-16	5.40e-12	6.68e-09	1.35e-06	8.96e-05	1.52e-03	7.86e-03	2.43e-02	3.41e-01	4.60e-01	1.65e-01
 2.54208e+22	5.27e-16	6.91e-12	8.34e-09	1.64e-06	1.06e-04	1.74e-03	8.76e-03	2.61e-02	3.51e-01	4.55e-01	1.57e-01
 2.56080e+22	6.48e-16	8.35e-12	9.89e-09	1.90e-06	1.20e-04	1.94e-03	9.50e-03	2.75e-02	3.59e-01	4.51e-01	1.50e-01
 2.57959e+22	8.43e-16	1.06e-11	1.23e-08	2.29e-06	1.42e-04	2.22e-03	1.05e-02	2.94e-02	3.70e-01	4.45e-01	1.43e-01
 2.59912e+22	1.05e-15	1.30e-11	1.47e-08	2.68e-06	1.62e-04	2.49e-03	1.15e-02	3.11e-02	3.78e-01	4.40e-01	1.36e-01
 2.61962e+22	1.40e-15	1.69e-11	1.87e-08	3.30e-06	1.94e-04	2.89e-03	1.29e-02	3.35e-02	3.89e-01	4.33e-01	1.28e-01
 2.64011e+22	1.73e-15	2.06e-11	2.23e-08	3.84e-06	2.22e-04	3.22e-03	1.40e-02	3.53e-02	3.98e-01	4.28e-01	1.22e-01
 2.66061e+22	2.28e-15	2.66e-11	2.80e-08	4.70e-06	2.64e-04	3.73e-03	1.56e-02	3.79e-02	4.09e-01	4.19e-01	1.14e-01
 2.68141e+22	2.83e-15	3.24e-11	3.35e-08	5.50e-06	3.02e-04	4.17e-03	1.70e-02	4.00e-02	4.17e-01	4.13e-01	1.09e-01
 2.69894e+22	3.43e-15	3.88e-11	3.94e-08	6.32e-06	3.41e-04	4.61e-03	1.84e-02	4.20e-02	4.24e-01	4.07e-01	1.04e-01
 2.71808e+22	4.38e-15	4.87e-11	4.85e-08	7.59e-06	4.01e-04	5.28e-03	2.04e-02	4.49e-02	4.34e-01	3.98e-01	9.70e-02
 2.73706e+22	5.26e-15	5.77e-11	5.66e-08	8.69e-06	4.51e-04	5.83e-03	2.20e-02	4.70e-02	4.41e-01	3.91e-01	9.24e-02
 2.75582e+22	6.62e-15	7.16e-11	6.90e-08	1.04e-05	5.26e-04	6.64e-03	2.43e-02	5.01e-02	4.50e-01	3.82e-01	8.62e-02
 2.77480e+22	7.92e-15	8.47e-11	8.05e-08	1.19e-05	5.93e-04	7.34e-03	2.62e-02	5.25e-02	4.57e-01	3.74e-01	8.17e-02
 2.79408e+22	9.89e-15	1.05e-10	9.80e-08	1.41e-05	6.93e-04	8.39e-03	2.91e-02	5.60e-02	4.66e-01	3.64e-01	7.57e-02
 2.81345e+22	1.17e-14	1.23e-10	1.14e-07	1.61e-05	7.81e-04	9.27e-03	3.14e-02	5.88e-02	4.73e-01	3.56e-01	7.15e-02
 2.83296e+22	1.45e-14	1.51e-10	1.38e-07	1.91e-05	9.11e-04	1.06e-02	3.47e-02	6.27e-02	4.81e-01	3.44e-01	6.59e-02
 2.85274e+22	1.70e-14	1.76e-10	1.60e-07	2.19e-05	1.03e-03	1.17e-02	3.76e-02	6.59e-02	4.87e-01	3.35e-01	6.17e-02
 2.87285e+22	2.07e-14	2.13e-10	1.92e-07	2.59e-05	1.20e-03	1.34e-02	4.17e-02	7.03e-02	4.94e-01	3.23e-01	5.64e-02
 2.89319e+22	2.40e-14	2.46e-10	2.21e-07	2.94e-05	1.35e-03	1.49e-02	4.52e-02	7.39e-02	4.99e-01	3.13e-01	5.24e-02
 2.91346e+22	2.83e-14	2.92e-10	2.62e-07	3.45e-05	1.56e-03	1.70e-02	5.00e-02	7.88e-02	5.05e-01	3.00e-01	4.76e-02
 2.93270e+22	3.17e-14	3.27e-10	2.95e-07	3.84e-05	1.73e-03	1.85e-02	5.35e-02	8.23e-02	5.09e-01	2.91e-01	4.45e-02
 2.95095e+22	3.59e-14	3.75e-10	3.40e-07	4.40e-05	1.97e-03	2.08e-02	5.85e-02	8.71e-02	5.13e-01	2.78e-01	4.05e-02
 2.96956e+22	3.94e-14	4.16e-10	3.79e-07	4.89e-05	2.18e-03	2.28e-02	6.28e-02	9.10e-02	5.15e-01	2.68e-01	3.75e-02
 2.98756e+22	4.32e-14	4.63e-10	4.28e-07	5.50e-05	2.45e-03	2.53e-02	6.81e-02	9.59e-02	5.18e-01	2.56e-01	3.41e-02
 3.00600e+22	4.65e-14	5.07e-10	4.75e-07	6.10e-05	2.71e-03	2.77e-02	7.31e-02	1.00e-01	5.19e-01	2.46e-01	3.13e-02
 3.02377e+22	4.92e-14	5.50e-10	5.25e-07	6.76e-05	3.01e-03	3.05e-02	7.85e-02	1.05e-01	5.20e-01	2.35e-01	2.85e-02
 3.04124e+22	5.19e-14	5.93e-10	5.76e-07	7.43e-05	3.31e-03	3.31e-02	8.37e-02	1.10e-01	5.19e-01	2.25e-01	2.61e-02
 3.05870e+22	5.39e-14	6.35e-10	6.31e-07	8.18e-05	3.65e-03	3.62e-02	8.96e-02	1.15e-01	5.18e-01	2.14e-01	2.38e-02
 3.07620e+22	5.55e-14	6.74e-10	6.86e-07	8.95e-05	4.00e-03	3.93e-02	9.52e-02	1.19e-01	5.17e-01	2.04e-01	2.17e-02
 3.09325e+22	5.66e-14	7.11e-10	7.44e-07	9.77e-05	4.38e-03	4.26e-02	1.01e-01	1.24e-01	5.14e-01	1.94e-01	1.97e-02
 3.11029e+22	5.73e-14	7.47e-10	8.04e-07	1.06e-04	4.78e-03	4.61e-02	1.07e-01	1.29e-01	5.11e-01	1.84e-01	1.80e-02
 3.12733e+22	5.77e-14	7.83e-10	8.69e-07	1.16e-04	5.22e-03	4.97e-02	1.13e-01	1.33e-01	5.07e-01	1.75e-01	1.63e-02
 3.14439e+22	5.78e-14	8.18e-10	9.38e-07	1.26e-04	5.69e-03	5.36e-02	1.19e-01	1.38e-01	5.03e-01	1.66e-01	1.48e-02
 3.16154e+22	5.78e-14	8.55e-10	1.01e-06	1.38e-04	6.20e-03	5.77e-02	1.25e-01	1.43e-01	4.98e-01	1.57e-01	1.34e-02
 3.17896e+22	5.78e-14	8.95e-10	1.10e-06	1.51e-04	6.77e-03	6.21e-02	1.32e-01	1.47e-01	4.92e-01	1.48e-01	1.21e-02
 3.19682e+22	5.75e-14	9.38e-10	1.19e-06	1.65e-04	7.41e-03	6.69e-02	1.38e-01	1.52e-01	4.85e-01	1.39e-01	1.09e-02
 3.21473e+22	5.74e-14	9.84e-10	1.30e-06	1.81e-04	8.09e-03	7.18e-02	1.45e-01	1.57e-01	4.77e-01	1.31e-01	9.80e-03
 3.23286e+22	5.74e-14	1.04e-09	1.42e-06	2.00e-04	8.86e-03	7.72e-02	1.52e-01	1.61e-01	4.69e-01	1.23e-01	8.77e-03
 3.25120e+22	5.76e-14	1.10e-09	1.55e-06	2.20e-04	9.69e-03	8.27e-02	1.58e-01	1.65e-01	4.61e-01	1.16e-01	7.88e-03
 3.27002e+22	5.80e-14	1.17e-09	1.72e-06	2.45e-04	1.07e-02	8.89e-02	1.65e-01	1.69e-01	4.51e-01	1.08e-01	7.01e-03
 3.28908e+22	5.88e-14	1.25e-09	1.90e-06	2.72e-04	1.17e-02	9.52e-02	1.72e-01	1.73e-01	4.41e-01	1.01e-01	6.27e-03
 3.30637e+22	5.98e-14	1.33e-09	2.09e-06	2.98e-04	1.26e-02	1.01e-01	1.77e-01	1.76e-01	4.32e-01	9.50e-02	5.69e-03
 3.32485e+22	6.16e-14	1.45e-09	2.35e-06	3.36e-04	1.40e-02	1.08e-01	1.84e-01	1.80e-01	4.20e-01	8.79e-02	5.01e-03
 3.34364e+22	6.34e-14	1.56e-09	2.60e-06	3.70e-04	1.52e-02	1.15e-01	1.90e-01	1.82e-01	4.11e-01	8.26e-02	4.53e-03
 3.36282e+22	6.64e-14	1.73e-09	2.98e-06	4.21e-04	1.68e-02	1.23e-01	1.96e-01	1.85e-01	3.98e-01	7.60e-02	3.97e-03
 3.38245e+22	6.96e-14	1.89e-09	3.33e-06	4.68e-04	1.83e-02	1.31e-01	2.02e-01	1.88e-01	3.87e-01	7.10e-02	3.56e-03
 3.40266e+22	7.41e-14	2.12e-09	3.87e-06	5.37e-04	2.04e-02	1.40e-01	2.09e-01	1.90e-01	3.72e-01	6.48e-02	3.09e-03
 3.42299e+22	7.92e-14	2.35e-09	4.36e-06	5.98e-04	2.22e-02	1.48e-01	2.14e-01	1.91e-01	3.61e-01	6.04e-02	2.77e-03
 3.44348e+22	8.61e-14	2.69e-09	5.11e-06	6.90e-04	2.47e-02	1.59e-01	2.20e-01	1.93e-01	3.46e-01	5.49e-02	2.39e-03
 3.46413e+22	9.36e-14	3.01e-09	5.80e-06	7.71e-04	2.68e-02	1.68e-01	2.24e-01	1.93e-01	3.34e-01	5.10e-02	2.13e-03
 3.48497e+22	1.04e-13	3.50e-09	6.85e-06	8.91e-04	2.99e-02	1.79e-01	2.30e-01	1.94e-01	3.19e-01	4.61e-02	1.83e-03
 3.50611e+22	1.15e-13	3.97e-09	7.83e-06	9.98e-04	3.25e-02	1.88e-01	2.34e-01	1.93e-01	3.06e-01	4.26e-02	1.63e-03
 3.52761e+22	1.31e-13	4.68e-09	9.34e-06	1.16e-03	3.61e-02	2.01e-01	2.39e-01	1.93e-01	2.91e-01	3.83e-02	1.39e-03
 3.54947e+22	1.48e-13	5.38e-09	1.08e-05	1.30e-03	3.93e-02	2.11e-01	2.42e-01	1.92e-01	2.78e-01	3.52e-02	1.22e-03
 3.57177e+22	1.73e-13	6.47e-09	1.30e-05	1.52e-03	4.37e-02	2.25e-01	2.46e-01	1.90e-01	2.62e-01	3.14e-02	1.03e-03
 3.59453e+22	1.99e-13	7.53e-09	1.50e-05	1.71e-03	4.75e-02	2.35e-01	2.49e-01	1.88e-01	2.49e-01	2.86e-02	9.05e-04
 3.61788e+22	2.40e-13	9.22e-09	1.83e-05	2.01e-03	5.29e-02	2.50e-01	2.52e-01	1.85e-01	2.33e-01	2.53e-02	7.56e-04
 3.64177e+22	2.82e-13	1.09e-08	2.14e-05	2.27e-03	5.76e-02	2.62e-01	2.53e-01	1.82e-01	2.20e-01	2.29e-02	6.55e-04
 3.66192e+22	3.27e-13	1.26e-08	2.47e-05	2.53e-03	6.19e-02	2.72e-01	2.55e-01	1.79e-01	2.09e-01	2.09e-02	5.75e-04
 3.68367e+22	3.98e-13	1.54e-08	2.96e-05	2.92e-03	6.81e-02	2.85e-01	2.55e-01	1.75e-01	1.95e-01	1.84e-02	4.83e-04
 3.70554e+22	4.68e-13	1.80e-08	3.41e-05	3.25e-03	7.30e-02	2.96e-01	2.56e-01	1.71e-01	1.84e-01	1.68e-02	4.24e-04
 3.72756e+22	5.78e-13	2.21e-08	4.10e-05	3.74e-03	7.99e-02	3.09e-01	2.55e-01	1.66e-01	1.71e-01	1.48e-02	3.55e-04
 3.74929e+22	6.81e-13	2.57e-08	4.67e-05	4.13e-03	8.51e-02	3.18e-01	2.55e-01	1.62e-01	1.62e-01	1.35e-02	3.12e-04
 3.77063e+22	8.44e-13	3.14e-08	5.59e-05	4.72e-03	9.26e-02	3.31e-01	2.53e-01	1.57e-01	1.49e-01	1.19e-02	2.61e-04
 3.79209e+22	1.00e-12	3.66e-08	6.37e-05	5.20e-03	9.84e-02	3.40e-01	2.52e-01	1.53e-01	1.41e-01	1.08e-02	2.29e-04
 3.81371e+22	1.25e-12	4.50e-08	7.61e-05	5.93e-03	1.07e-01	3.52e-01	2.49e-01	1.47e-01	1.30e-01	9.43e-03	1.90e-04
 3.83567e+22	1.50e-12	5.27e-08	8.71e-05	6.54e-03	1.13e-01	3.61e-01	2.47e-01	1.42e-01	1.22e-01	8.51e-03	1.66e-04
 3.85807e+22	1.91e-12	6.53e-08	1.04e-04	7.45e-03	1.22e-01	3.72e-01	2.43e-01	1.36e-01	1.11e-01	7.38e-03	1.36e-04
 3.88081e+22	2.30e-12	7.69e-08	1.20e-04	8.21e-03	1.30e-01	3.81e-01	2.40e-01	1.31e-01	1.04e-01	6.62e-03	1.18e-04
 3.90397e+22	2.97e-12	9.59e-08	1.44e-04	9.36e-03	1.40e-01	3.91e-01	2.35e-01	1.25e-01	9.40e-02	5.69e-03	9.61e-05
 3.92755e+22	3.62e-12	1.14e-07	1.65e-04	1.03e-02	1.48e-01	3.99e-01	2.31e-01	1.20e-01	8.71e-02	5.07e-03	8.22e-05
 3.95169e+22	4.72e-12	1.43e-07	1.99e-04	1.18e-02	1.60e-01	4.08e-01	2.25e-01	1.13e-01	7.83e-02	4.31e-03	6.62e-05
 3.97634e+22	5.81e-12	1.70e-07	2.30e-04	1.30e-02	1.69e-01	4.15e-01	2.20e-01	1.08e-01	7.21e-02	3.80e-03	5.61e-05
 4.00167e+22	7.69e-12	2.16e-07	2.78e-04	1.48e-02	1.81e-01	4.23e-01	2.13e-01	1.01e-01	6.42e-02	3.20e-03	4.45e-05
 4.02737e+22	9.53e-12	2.58e-07	3.21e-04	1.64e-02	1.91e-01	4.28e-01	2.07e-01	9.55e-02	5.87e-02	2.80e-03	3.73e-05
 4.05354e+22	1.27e-11	3.28e-07	3.90e-04	1.86e-02	2.05e-01	4.34e-01	1.99e-01	8.87e-02	5.19e-02	2.33e-03	2.93e-05
 4.07999e+22	1.58e-11	3.93e-07	4.49e-04	2.05e-02	2.15e-01	4.38e-01	1.93e-01	8.36e-02	4.72e-02	2.03e-03	2.44e-05
 4.10253e+22	1.95e-11	4.67e-07	5.15e-04	2.24e-02	2.26e-01	4.41e-01	1.87e-01	7.90e-02	4.30e-02	1.77e-03	2.04e-05
 4.12760e+22	2.54e-11	5.82e-07	6.12e-04	2.51e-02	2.39e-01	4.43e-01	1.79e-01	7.32e-02	3.81e-02	1.48e-03	1.62e-05
 4.15291e+22	3.15e-11	6.93e-07	7.02e-04	2.75e-02	2.50e-01	4.45e-01	1.73e-01	6.88e-02	3.45e-02	1.28e-03	1.34e-05
 4.17854e+22	4.09e-11	8.59e-07	8.30e-04	3.06e-02	2.63e-01	4.45e-01	1.65e-01	6.36e-02	3.05e-02	1.07e-03	1.06e-05
 4.20344e+22	5.00e-11	1.01e-06	9.41e-04	3.32e-02	2.74e-01	4.45e-01	1.59e-01	5.97e-02	2.77e-02	9.34e-04	8.89e-06
 4.22409e+22	6.07e-11	1.18e-06	1.06e-03	3.59e-02	2.84e-01	4.44e-01	1.53e-01	5.62e-02	2.52e-02	8.15e-04	7.46e-06
 4.24764e+22	7.70e-11	1.44e-06	1.23e-03	3.95e-02	2.96e-01	4.42e-01	1.46e-01	5.20e-02	2.23e-02	6.87e-04	5.99e-06
 4.27194e+22	9.45e-11	1.70e-06	1.40e-03	4.28e-02	3.07e-01	4.40e-01	1.39e-01	4.85e-02	2.01e-02	5.92e-04	4.94e-06
 4.29378e+22	1.16e-10	1.99e-06	1.59e-03	4.62e-02	3.18e-01	4.37e-01	1.33e-01	4.53e-02	1.81e-02	5.11e-04	4.09e-06
 4.31871e+22	1.48e-10	2.43e-06	1.85e-03	5.08e-02	3.31e-01	4.33e-01	1.26e-01	4.15e-02	1.59e-02	4.26e-04	3.23e-06
 4.34444e+22	1.84e-10	2.89e-06	2.11e-03	5.51e-02	3.42e-01	4.28e-01	1.20e-01	3.84e-02	1.42e-02	3.61e-04	2.62e-06
 4.36735e+22	2.25e-10	3.41e-06	2.39e-03	5.95e-02	3.52e-01	4.23e-01	1.14e-01	3.56e-02	1.27e-02	3.09e-04	2.14e-06
 4.39331e+22	2.90e-10	4.17e-06	2.79e-03	6.52e-02	3.65e-01	4.17e-01	1.07e-01	3.24e-02	1.10e-02	2.54e-04	1.67e-06
 4.42040e+22	3.63e-10	5.00e-06	3.20e-03	7.07e-02	3.76e-01	4.10e-01	1.01e-01	2.97e-02	9.69e-03	2.12e-04	1.33e-06
 4.44487e+22	4.49e-10	5.92e-06	3.63e-03	7.63e-02	3.86e-01	4.03e-01	9.49e-02	2.73e-02	8.58e-03	1.79e-04	1.07e-06
 4.47258e+22	5.85e-10	7.31e-06	4.25e-03	8.37e-02	3.99e-01	3.93e-01	8.80e-02	2.45e-02	7.34e-03	1.44e-04	8.11e-07
 4.50104e+22	7.36e-10	8.77e-06	4.88e-03	9.06e-02	4.09e-01	3.84e-01	8.22e-02	2.23e-02	6.39e-03	1.19e-04	6.36e-07
 4.52633e+22	9.12e-10	1.04e-05	5.54e-03	9.75e-02	4.19e-01	3.75e-01	7.70e-02	2.03e-02	5.60e-03	9.92e-05	5.05e-07
 4.55505e+22	1.19e-09	1.29e-05	6.49e-03	1.07e-01	4.30e-01	3.63e-01	7.08e-02	1.81e-02	4.74e-03	7.87e-05	3.77e-07
 4.58470e+22	1.51e-09	1.55e-05	7.45e-03	1.15e-01	4.39e-01	3.52e-01	6.55e-02	1.63e-02	4.08e-03	6.41e-05	2.90e-07
 4.61092e+22	1.87e-09	1.84e-05	8.45e-03	1.24e-01	4.47e-01	3.42e-01	6.09e-02	1.47e-02	3.54e-03	5.29e-05	2.28e-07
 4.64037e+22	2.45e-09	2.27e-05	9.88e-03	1.35e-01	4.56e-01	3.28e-01	5.55e-02	1.30e-02	2.96e-03	4.14e-05	1.67e-07
 4.67046e+22	3.08e-09	2.72e-05	1.13e-02	1.45e-01	4.62e-01	3.17e-01	5.11e-02	1.16e-02	2.54e-03	3.35e-05	1.28e-07
 4.69717e+22	3.83e-09	3.23e-05	1.28e-02	1.55e-01	4.68e-01	3.05e-01	4.71e-02	1.04e-02	2.18e-03	2.73e-05	0.00e+00
 4.72770e+22	5.03e-09	4.00e-05	1.49e-02	1.68e-01	4.74e-01	2.90e-01	4.24e-02	9.09e-03	1.80e-03	2.10e-05	0.00e+00
 4.75886e+22	6.36e-09	4.80e-05	1.71e-02	1.80e-01	4.78e-01	2.77e-01	3.86e-02	8.05e-03	1.52e-03	1.67e-05	0.00e+00
 4.78653e+22	7.92e-09	5.70e-05	1.93e-02	1.91e-01	4.81e-01	2.65e-01	3.53e-02	7.16e-03	1.29e-03	1.34e-05	0.00e+00
 4.81820e+22	1.04e-08	7.05e-05	2.25e-02	2.06e-01	4.83e-01	2.49e-01	3.14e-02	6.16e-03	1.05e-03	1.01e-05	0.00e+00
 4.85062e+22	1.32e-08	8.46e-05	2.57e-02	2.20e-01	4.84e-01	2.36e-01	2.83e-02	5.40e-03	8.74e-04	7.92e-06	0.00e+00
 4.87837e+22	1.62e-08	9.94e-05	2.88e-02	2.32e-01	4.83e-01	2.24e-01	2.57e-02	4.79e-03	7.41e-04	6.35e-06	0.00e+00
 4.90880e+22	2.09e-08	1.21e-04	3.32e-02	2.48e-01	4.81e-01	2.09e-01	2.28e-02	4.11e-03	6.02e-04	4.80e-06	0.00e+00
 4.94001e+22	2.60e-08	1.43e-04	3.74e-02	2.62e-01	4.79e-01	1.97e-01	2.05e-02	3.60e-03	5.02e-04	3.77e-06	0.00e+00
 4.96782e+22	3.20e-08	1.68e-04	4.18e-02	2.76e-01	4.75e-01	1.85e-01	1.85e-02	3.16e-03	4.21e-04	2.98e-06	0.00e+00
 4.99955e+22	4.15e-08	2.05e-04	4.81e-02	2.93e-01	4.68e-01	1.71e-01	1.62e-02	2.67e-03	3.36e-04	2.20e-06	0.00e+00
 5.03181e+22	5.15e-08	2.42e-04	5.40e-02	3.07e-01	4.62e-01	1.59e-01	1.44e-02	2.31e-03	2.76e-04	1.70e-06	0.00e+00
 5.05920e+22	6.25e-08	2.81e-04	5.98e-02	3.20e-01	4.55e-01	1.49e-01	1.29e-02	2.03e-03	2.31e-04	1.34e-06	0.00e+00
 5.08927e+22	7.90e-08	3.36e-04	6.77e-02	3.36e-01	4.45e-01	1.37e-01	1.13e-02	1.72e-03	1.85e-04	1.00e-06	0.00e+00
 5.12014e+22	9.63e-08	3.90e-04	7.51e-02	3.50e-01	4.36e-01	1.27e-01	1.00e-02	1.49e-03	1.53e-04	7.79e-07	0.00e+00
 5.14775e+22	1.17e-07	4.51e-04	8.29e-02	3.62e-01	4.26e-01	1.18e-01	8.90e-03	1.29e-03	1.26e-04	6.06e-07	0.00e+00
 5.17258e+22	1.37e-07	5.09e-04	8.99e-02	3.73e-01	4.17e-01	1.10e-01	8.05e-03	1.14e-03	1.08e-04	4.91e-07	0.00e+00
 5.19474e+22	1.58e-07	5.68e-04	9.68e-02	3.82e-01	4.08e-01	1.04e-01	7.32e-03	1.02e-03	9.24e-05	4.02e-07	0.00e+00
 5.22019e+22	1.90e-07	6.52e-04	1.06e-01	3.94e-01	3.97e-01	9.55e-02	6.49e-03	8.77e-04	7.62e-05	3.12e-07	0.00e+00
 5.24650e+22	2.24e-07	7.38e-04	1.15e-01	4.04e-01	3.85e-01	8.84e-02	5.79e-03	7.65e-04	6.36e-05	2.47e-07	0.00e+00
 5.26971e+22	2.60e-07	8.24e-04	1.24e-01	4.12e-01	3.75e-01	8.23e-02	5.22e-03	6.75e-04	5.40e-05	1.99e-07	0.00e+00
 5.29567e+22	3.14e-07	9.48e-04	1.36e-01	4.22e-01	3.61e-01	7.49e-02	4.56e-03	5.73e-04	4.37e-05	1.51e-07	0.00e+00
 5.32215e+22	3.65e-07	1.06e-03	1.46e-01	4.30e-01	3.49e-01	6.92e-02	4.07e-03	5.00e-04	3.66e-05	0.00e+00	0.00e+00
 5.34929e+22	4.42e-07	1.22e-03	1.60e-01	4.39e-01	3.33e-01	6.24e-02	3.51e-03	4.19e-04	2.91e-05	0.00e+00	0.00e+00
 5.37664e+22	5.13e-07	1.36e-03	1.72e-01	4.45e-01	3.21e-01	5.73e-02	3.12e-03	3.63e-04	2.43e-05	0.00e+00	0.00e+00
 5.40424e+22	6.19e-07	1.57e-03	1.88e-01	4.52e-01	3.05e-01	5.12e-02	2.67e-03	3.02e-04	1.92e-05	0.00e+00	0.00e+00
 5.43222e+22	7.18e-07	1.75e-03	2.01e-01	4.57e-01	2.92e-01	4.67e-02	2.36e-03	2.60e-04	1.58e-05	0.00e+00	0.00e+00
 5.46066e+22	8.65e-07	2.00e-03	2.18e-01	4.61e-01	2.75e-01	4.14e-02	2.01e-03	2.14e-04	1.24e-05	0.00e+00	0.00e+00
 5.48954e+22	1.01e-06	2.23e-03	2.33e-01	4.64e-01	2.61e-01	3.75e-02	1.75e-03	1.82e-04	1.01e-05	0.00e+00	0.00e+00
 5.51897e+22	1.21e-06	2.55e-03	2.53e-01	4.66e-01	2.44e-01	3.29e-02	1.48e-03	1.48e-04	7.78e-06	0.00e+00	0.00e+00
 5.54885e+22	1.41e-06	2.85e-03	2.70e-01	4.66e-01	2.30e-01	2.95e-02	1.27e-03	1.24e-04	6.25e-06	0.00e+00	0.00e+00
 5.57930e+22	1.70e-06	3.25e-03	2.92e-01	4.65e-01	2.13e-01	2.56e-02	1.06e-03	9.97e-05	4.75e-06	0.00e+00	0.00e+00
 5.61025e+22	1.98e-06	3.62e-03	3.10e-01	4.63e-01	2.00e-01	2.27e-02	9.10e-04	8.29e-05	3.78e-06	0.00e+00	0.00e+00
 5.64185e+22	2.39e-06	4.13e-03	3.34e-01	4.59e-01	1.83e-01	1.95e-02	7.47e-04	6.55e-05	2.82e-06	0.00e+00	0.00e+00
 5.67416e+22	2.79e-06	4.60e-03	3.54e-01	4.54e-01	1.70e-01	1.71e-02	6.32e-04	5.35e-05	2.20e-06	0.00e+00	0.00e+00
 5.69969e+22	3.13e-06	4.98e-03	3.69e-01	4.50e-01	1.60e-01	1.54e-02	5.56e-04	4.59e-05	1.83e-06	0.00e+00	0.00e+00
 5.72522e+22	3.61e-06	5.49e-03	3.89e-01	4.43e-01	1.48e-01	1.35e-02	4.72e-04	3.77e-05	1.44e-06	0.00e+00	0.00e+00
 5.75111e+22	4.05e-06	5.94e-03	4.06e-01	4.37e-01	1.39e-01	1.21e-02	4.13e-04	3.21e-05	1.18e-06	0.00e+00	0.00e+00
 5.77745e+22	4.66e-06	6.53e-03	4.26e-01	4.28e-01	1.28e-01	1.06e-02	3.49e-04	2.62e-05	9.23e-07	0.00e+00	0.00e+00
 5.80432e+22	5.24e-06	7.07e-03	4.43e-01	4.21e-01	1.19e-01	9.42e-03	3.02e-04	2.20e-05	7.48e-07	0.00e+00	0.00e+00
 5.83186e+22	6.07e-06	7.80e-03	4.66e-01	4.10e-01	1.08e-01	8.09e-03	2.50e-04	1.76e-05	5.71e-07	0.00e+00	0.00e+00
 5.85938e+22	6.80e-06	8.42e-03	4.82e-01	4.01e-01	1.00e-01	7.17e-03	2.16e-04	1.47e-05	4.62e-07	0.00e+00	0.00e+00
 5.88688e+22	7.82e-06	9.23e-03	5.04e-01	3.89e-01	9.11e-02	6.15e-03	1.80e-04	1.18e-05	3.54e-07	0.00e+00	0.00e+00
 5.91508e+22	8.79e-06	9.97e-03	5.22e-01	3.79e-01	8.38e-02	5.40e-03	1.53e-04	9.73e-06	2.82e-07	0.00e+00	0.00e+00
 5.94421e+22	1.02e-05	1.10e-02	5.44e-01	3.65e-01	7.51e-02	4.56e-03	1.25e-04	7.60e-06	2.10e-07	0.00e+00	0.00e+00
 5.97353e+22	1.14e-05	1.18e-02	5.61e-01	3.54e-01	6.89e-02	3.99e-03	1.07e-04	6.27e-06	1.68e-07	0.00e+00	0.00e+00
 6.00311e+22	1.31e-05	1.29e-02	5.83e-01	3.39e-01	6.13e-02	3.34e-03	8.64e-05	4.86e-06	1.24e-07	0.00e+00	0.00e+00
 6.03328e+22	1.47e-05	1.39e-02	6.00e-01	3.27e-01	5.58e-02	2.90e-03	7.30e-05	3.97e-06	0.00e+00	0.00e+00	0.00e+00
 6.05659e+22	1.60e-05	1.47e-02	6.12e-01	3.19e-01	5.20e-02	2.61e-03	6.44e-05	3.41e-06	0.00e+00	0.00e+00	0.00e+00
 6.07611e+22	1.73e-05	1.54e-02	6.23e-01	3.10e-01	4.86e-02	2.36e-03	5.72e-05	2.95e-06	0.00e+00	0.00e+00	0.00e+00
 6.09832e+22	1.91e-05	1.64e-02	6.38e-01	2.99e-01	4.43e-02	2.07e-03	4.88e-05	2.43e-06	0.00e+00	0.00e+00	0.00e+00
 6.12718e+22	2.17e-05	1.78e-02	6.57e-01	2.84e-01	3.92e-02	1.73e-03	3.96e-05	1.89e-06	0.00e+00	0.00e+00	0.00e+00
 6.15337e+22	2.36e-05	1.87e-02	6.68e-01	2.75e-01	3.64e-02	1.55e-03	3.48e-05	1.61e-06	0.00e+00	0.00e+00	0.00e+00
 6.17257e+22	2.53e-05	1.96e-02	6.78e-01	2.67e-01	3.40e-02	1.41e-03	3.10e-05	1.41e-06	0.00e+00	0.00e+00	0.00e+00
 6.18879e+22	2.67e-05	2.02e-02	6.85e-01	2.61e-01	3.23e-02	1.30e-03	2.84e-05	1.26e-06	0.00e+00	0.00e+00	0.00e+00
 6.20462e+22	2.87e-05	2.11e-02	6.94e-01	2.53e-01	3.01e-02	1.18e-03	2.52e-05	1.09e-06	0.00e+00	0.00e+00	0.00e+00
 6.22520e+22	3.13e-05	2.23e-02	7.06e-01	2.43e-01	2.74e-02	1.03e-03	2.17e-05	9.09e-07	0.00e+00	0.00e+00	0.00e+00
 6.24799e+22	3.41e-05	2.35e-02	7.17e-01	2.34e-01	2.51e-02	9.14e-04	1.87e-05	7.63e-07	0.00e+00	0.00e+00	0.00e+00
 6.27368e+22	3.80e-05	2.51e-02	7.31e-01	2.21e-01	2.23e-02	7.75e-04	1.55e-05	6.04e-07	0.00e+00	0.00e+00	0.00e+00
 6.30145e+22	4.21e-05	2.67e-02	7.42e-01	2.10e-01	2.00e-02	6.65e-04	1.29e-05	4.86e-07	0.00e+00	0.00e+00	0.00e+00
 6.32712e+22	4.63e-05	2.82e-02	7.53e-01	2.00e-01	1.80e-02	5.76e-04	1.09e-05	3.97e-07	0.00e+00	0.00e+00	0.00e+00
 6.35567e+22	5.23e-05	3.03e-02	7.66e-01	1.87e-01	1.57e-02	4.76e-04	8.75e-06	3.03e-07	0.00e+00	0.00e+00	0.00e+00
 6.38694e+22	5.85e-05	3.24e-02	7.78e-01	1.76e-01	1.38e-02	4.00e-04	7.13e-06	2.36e-07	0.00e+00	0.00e+00	0.00e+00
 6.42177e+22	6.74e-05	3.52e-02	7.92e-01	1.61e-01	1.16e-02	3.17e-04	5.44e-06	1.70e-07	0.00e+00	0.00e+00	0.00e+00
 6.45837e+22	7.68e-05	3.79e-02	8.03e-01	1.49e-01	9.97e-03	2.58e-04	4.29e-06	1.28e-07	0.00e+00	0.00e+00	0.00e+00
 6.49728e+22	9.04e-05	4.16e-02	8.16e-01	1.34e-01	8.10e-03	1.96e-04	3.11e-06	0.00e+00	0.00e+00	0.00e+00	0.00e+00
 6.53577e+22	1.03e-04	4.48e-02	8.25e-01	1.23e-01	6.94e-03	1.60e-04	2.45e-06	0.00e+00	0.00e+00	0.00e+00	0.00e+00
 6.57372e+22	1.20e-04	4.89e-02	8.35e-01	1.10e-01	5.62e-03	1.22e-04	1.78e-06	0.00e+00	0.00e+00	0.00e+00	0.00e+00
 6.61222e+22	1.38e-04	5.27e-02	8.42e-01	1.00e-01	4.73e-03	9.71e-05	1.37e-06	0.00e+00	0.00e+00	0.00e+00	0.00e+00
 6.65145e+22	1.63e-04	5.77e-02	8.50e-01	8.79e-02	3.75e-03	7.19e-05	9.67e-07	0.00e+00	0.00e+00	0.00e+00	0.00e+00
 6.69085e+22	1.87e-04	6.21e-02	8.56e-01	7.90e-02	3.11e-03	5.66e-05	7.31e-07	0.00e+00	0.00e+00	0.00e+00	0.00e+00
 6.72108e+22	2.08e-04	6.58e-02	8.59e-01	7.24e-02	2.68e-03	4.68e-05	5.86e-07	0.00e+00	0.00e+00	0.00e+00	0.00e+00
 6.75100e+22	2.37e-04	7.05e-02	8.63e-01	6.45e-02	2.20e-03	3.64e-05	4.38e-07	0.00e+00	0.00e+00	0.00e+00	0.00e+00
 6.78084e+22	2.65e-04	7.47e-02	8.65e-01	5.84e-02	1.87e-03	2.96e-05	3.44e-07	0.00e+00	0.00e+00	0.00e+00	0.00e+00
 6.80624e+22	2.94e-04	7.87e-02	8.66e-01	5.31e-02	1.60e-03	2.42e-05	2.74e-07	0.00e+00	0.00e+00	0.00e+00	0.00e+00
 6.83497e+22	3.36e-04	8.40e-02	8.68e-01	4.66e-02	1.30e-03	1.86e-05	2.01e-07	0.00e+00	0.00e+00	0.00e+00	0.00e+00
 6.86429e+22	3.78e-04	8.91e-02	8.68e-01	4.14e-02	1.08e-03	1.46e-05	1.53e-07	0.00e+00	0.00e+00	0.00e+00	0.00e+00
 6.88996e+22	4.24e-04	9.41e-02	8.68e-01	3.68e-02	8.97e-04	1.15e-05	0.00e+00	0.00e+00	0.00e+00	0.00e+00	0.00e+00
 6.91886e+22	4.89e-04	1.01e-01	8.67e-01	3.15e-02	7.09e-04	8.47e-06	0.00e+00	0.00e+00	0.00e+00	0.00e+00	0.00e+00
 6.94891e+22	5.58e-04	1.07e-01	8.65e-01	2.70e-02	5.67e-04	6.30e-06	0.00e+00	0.00e+00	0.00e+00	0.00e+00	0.00e+00
 6.97564e+22	6.33e-04	1.13e-01	8.63e-01	2.32e-02	4.56e-04	4.70e-06	0.00e+00	0.00e+00	0.00e+00	0.00e+00	0.00e+00
 7.00559e+22	7.41e-04	1.21e-01	8.59e-01	1.90e-02	3.46e-04	3.22e-06	0.00e+00	0.00e+00	0.00e+00	0.00e+00	0.00e+00
 7.03726e+22	8.61e-04	1.29e-01	8.54e-01	1.55e-02	2.63e-04	2.18e-06	0.00e+00	0.00e+00	0.00e+00	0.00e+00	0.00e+00
 7.06463e+22	9.84e-04	1.36e-01	8.50e-01	1.27e-02	2.05e-04	1.52e-06	0.00e+00	0.00e+00	0.00e+00	0.00e+00	0.00e+00
 7.08872e+22	1.11e-03	1.43e-01	8.45e-01	1.06e-02	1.63e-04	1.08e-06	0.00e+00	0.00e+00	0.00e+00	0.00e+00	0.00e+00
 7.10432e+22	1.17e-03	1.46e-01	8.43e-01	9.53e-03	1.44e-04	8.89e-07	0.00e+00	0.00e+00	0.00e+00	0.00e+00	0.00e+00
 7.11079e+22	1.21e-03	1.48e-01	8.42e-01	9.04e-03	1.35e-04	8.06e-07	0.00e+00	0.00e+00	0.00e+00	0.00e+00	0.00e+00
 7.11555e+22	1.23e-03	1.49e-01	8.41e-01	8.72e-03	1.30e-04	7.56e-07	0.00e+00	0.00e+00	0.00e+00	0.00e+00	0.00e+00
 7.12110e+22	1.27e-03	1.51e-01	8.40e-01	8.29e-03	1.22e-04	6.88e-07	0.00e+00	0.00e+00	0.00e+00	0.00e+00	0.00e+00
 7.12776e+22	1.32e-03	1.53e-01	8.38e-01	7.80e-03	1.14e-04	6.15e-07	0.00e+00	0.00e+00	0.00e+00	0.00e+00	0.00e+00
 7.13469e+22	1.37e-03	1.55e-01	8.36e-01	7.33e-03	1.06e-04	5.48e-07	0.00e+00	0.00e+00	0.00e+00	0.00e+00	0.00e+00
 7.14132e+22	1.42e-03	1.57e-01	8.35e-01	6.91e-03	9.91e-05	4.91e-07	0.00e+00	0.00e+00	0.00e+00	0.00e+00	0.00e+00
 7.14776e+22	1.48e-03	1.59e-01	8.33e-01	6.50e-03	9.25e-05	4.39e-07	0.00e+00	0.00e+00	0.00e+00	0.00e+00	0.00e+00
 7.15398e+22	1.52e-03	1.61e-01	8.32e-01	6.14e-03	8.69e-05	3.95e-07	0.00e+00	0.00e+00	0.00e+00	0.00e+00	0.00e+00
 7.16023e+22	1.58e-03	1.63e-01	8.30e-01	5.78e-03	8.12e-05	3.53e-07	0.00e+00	0.00e+00	0.00e+00	0.00e+00	0.00e+00
 7.16656e+22	1.64e-03	1.65e-01	8.28e-01	5.44e-03	7.60e-05	3.16e-07	0.00e+00	0.00e+00	0.00e+00	0.00e+00	0.00e+00
 7.17262e+22	1.69e-03	1.67e-01	8.26e-01	5.12e-03	7.13e-05	2.84e-07	0.00e+00	0.00e+00	0.00e+00	0.00e+00	0.00e+00
 7.17852e+22	1.74e-03	1.68e-01	8.25e-01	4.84e-03	6.70e-05	2.55e-07	0.00e+00	0.00e+00	0.00e+00	0.00e+00	0.00e+00
 7.18456e+22	1.81e-03	1.70e-01	8.23e-01	4.55e-03	6.27e-05	2.28e-07	0.00e+00	0.00e+00	0.00e+00	0.00e+00	0.00e+00
 7.19054e+22	1.87e-03	1.72e-01	8.21e-01	4.28e-03	5.89e-05	2.04e-07	0.00e+00	0.00e+00	0.00e+00	0.00e+00	0.00e+00
 7.19618e+22	1.93e-03	1.74e-01	8.20e-01	4.04e-03	5.54e-05	1.83e-07	0.00e+00	0.00e+00	0.00e+00	0.00e+00	0.00e+00
 7.20170e+22	1.99e-03	1.75e-01	8.19e-01	3.82e-03	5.23e-05	1.66e-07	0.00e+00	0.00e+00	0.00e+00	0.00e+00	0.00e+00
 7.20749e+22	2.06e-03	1.77e-01	8.17e-01	3.59e-03	4.91e-05	1.48e-07	0.00e+00	0.00e+00	0.00e+00	0.00e+00	0.00e+00
 7.21335e+22	2.13e-03	1.79e-01	8.15e-01	3.38e-03	4.61e-05	1.32e-07	0.00e+00	0.00e+00	0.00e+00	0.00e+00	0.00e+00
 7.21879e+22	2.20e-03	1.81e-01	8.13e-01	3.19e-03	4.35e-05	0.00e+00	0.00e+00	0.00e+00	0.00e+00	0.00e+00	0.00e+00
 7.22407e+22	2.26e-03	1.82e-01	8.12e-01	3.02e-03	4.12e-05	0.00e+00	0.00e+00	0.00e+00	0.00e+00	0.00e+00	0.00e+00
 7.22966e+22	2.34e-03	1.84e-01	8.10e-01	2.84e-03	3.87e-05	0.00e+00	0.00e+00	0.00e+00	0.00e+00	0.00e+00	0.00e+00
 7.23531e+22	2.43e-03	1.86e-01	8.08e-01	2.67e-03	3.64e-05	0.00e+00	0.00e+00	0.00e+00	0.00e+00	0.00e+00	0.00e+00
 7.24052e+22	2.50e-03	1.88e-01	8.07e-01	2.53e-03	3.45e-05	0.00e+00	0.00e+00	0.00e+00	0.00e+00	0.00e+00	0.00e+00
 7.24560e+22	2.56e-03	1.89e-01	8.06e-01	2.40e-03	3.28e-05	0.00e+00	0.00e+00	0.00e+00	0.00e+00	0.00e+00	0.00e+00
 7.25116e+22	2.66e-03	1.91e-01	8.04e-01	2.25e-03	3.08e-05	0.00e+00	0.00e+00	0.00e+00	0.00e+00	0.00e+00	0.00e+00
 7.25680e+22	2.76e-03	1.93e-01	8.02e-01	2.12e-03	2.91e-05	0.00e+00	0.00e+00	0.00e+00	0.00e+00	0.00e+00	0.00e+00
 7.26188e+22	2.84e-03	1.95e-01	8.01e-01	2.01e-03	2.76e-05	0.00e+00	0.00e+00	0.00e+00	0.00e+00	0.00e+00	0.00e+00
 7.26685e+22	2.91e-03	1.96e-01	8.00e-01	1.91e-03	2.63e-05	0.00e+00	0.00e+00	0.00e+00	0.00e+00	0.00e+00	0.00e+00
 7.27240e+22	3.01e-03	1.97e-01	7.98e-01	1.79e-03	2.48e-05	0.00e+00	0.00e+00	0.00e+00	0.00e+00	0.00e+00	0.00e+00
 7.27815e+22	3.12e-03	1.99e-01	7.96e-01	1.69e-03	2.34e-05	0.00e+00	0.00e+00	0.00e+00	0.00e+00	0.00e+00	0.00e+00
 7.28336e+22	3.23e-03	2.01e-01	7.94e-01	1.59e-03	2.22e-05	0.00e+00	0.00e+00	0.00e+00	0.00e+00	0.00e+00	0.00e+00
 7.28824e+22	3.30e-03	2.02e-01	7.93e-01	1.52e-03	2.12e-05	0.00e+00	0.00e+00	0.00e+00	0.00e+00	0.00e+00	0.00e+00
 7.29357e+22	3.42e-03	2.04e-01	7.92e-01	1.43e-03	2.01e-05	0.00e+00	0.00e+00	0.00e+00	0.00e+00	0.00e+00	0.00e+00
 7.29931e+22	3.54e-03	2.05e-01	7.90e-01	1.35e-03	1.90e-05	0.00e+00	0.00e+00	0.00e+00	0.00e+00	0.00e+00	0.00e+00
 7.30463e+22	3.67e-03	2.07e-01	7.88e-01	1.27e-03	1.81e-05	0.00e+00	0.00e+00	0.00e+00	0.00e+00	0.00e+00	0.00e+00
 7.30957e+22	3.75e-03	2.08e-01	7.87e-01	1.22e-03	1.73e-05	0.00e+00	0.00e+00	0.00e+00	0.00e+00	0.00e+00	0.00e+00
 7.31503e+22	3.88e-03	2.10e-01	7.85e-01	1.15e-03	1.64e-05	0.00e+00	0.00e+00	0.00e+00	0.00e+00	0.00e+00	0.00e+00
 7.32097e+22	4.02e-03	2.11e-01	7.84e-01	1.08e-03	1.56e-05	0.00e+00	0.00e+00	0.00e+00	0.00e+00	0.00e+00	0.00e+00
 7.32659e+22	4.16e-03	2.13e-01	7.82e-01	1.02e-03	1.48e-05	0.00e+00	0.00e+00	0.00e+00	0.00e+00	0.00e+00	0.00e+00
 7.33191e+22	4.27e-03	2.14e-01	7.81e-01	9.73e-04	1.42e-05	0.00e+00	0.00e+00	0.00e+00	0.00e+00	0.00e+00	0.00e+00
 7.33751e+22	4.42e-03	2.16e-01	7.79e-01	9.21e-04	1.35e-05	0.00e+00	0.00e+00	0.00e+00	0.00e+00	0.00e+00	0.00e+00
 7.34344e+22	4.58e-03	2.17e-01	7.77e-01	8.71e-04	1.29e-05	0.00e+00	0.00e+00	0.00e+00	0.00e+00	0.00e+00	0.00e+00
 7.34927e+22	4.73e-03	2.19e-01	7.75e-01	8.26e-04	1.23e-05	0.00e+00	0.00e+00	0.00e+00	0.00e+00	0.00e+00	0.00e+00
 7.35505e+22	4.90e-03	2.21e-01	7.74e-01	7.83e-04	1.18e-05	0.00e+00	0.00e+00	0.00e+00	0.00e+00	0.00e+00	0.00e+00
 7.36082e+22	5.06e-03	2.22e-01	7.72e-01	7.45e-04	1.13e-05	0.00e+00	0.00e+00	0.00e+00	0.00e+00	0.00e+00	0.00e+00
 7.36690e+22	5.25e-03	2.24e-01	7.70e-01	7.06e-04	1.08e-05	0.00e+00	0.00e+00	0.00e+00	0.00e+00	0.00e+00	0.00e+00
 7.37325e+22	5.45e-03	2.26e-01	7.68e-01	6.68e-04	1.03e-05	0.00e+00	0.00e+00	0.00e+00	0.00e+00	0.00e+00	0.00e+00
 7.37947e+22	5.65e-03	2.28e-01	7.66e-01	6.35e-04	9.86e-06	0.00e+00	0.00e+00	0.00e+00	0.00e+00	0.00e+00	0.00e+00
 7.38577e+22	5.85e-03	2.30e-01	7.64e-01	6.03e-04	9.46e-06	0.00e+00	0.00e+00	0.00e+00	0.00e+00	0.00e+00	0.00e+00
 7.39254e+22	6.10e-03	2.32e-01	7.61e-01	5.71e-04	9.05e-06	0.00e+00	0.00e+00	0.00e+00	0.00e+00	0.00e+00	0.00e+00
 7.39954e+22	6.36e-03	2.35e-01	7.58e-01	5.41e-04	8.66e-06	0.00e+00	0.00e+00	0.00e+00	0.00e+00	0.00e+00	0.00e+00
 7.40638e+22	6.60e-03	2.37e-01	7.56e-01	5.14e-04	8.32e-06	0.00e+00	0.00e+00	0.00e+00	0.00e+00	0.00e+00	0.00e+00
 7.41283e+22	6.86e-03	2.39e-01	7.53e-01	4.91e-04	8.02e-06	0.00e+00	0.00e+00	0.00e+00	0.00e+00	0.00e+00	0.00e+00
 7.41882e+22	7.08e-03	2.41e-01	7.51e-01	4.71e-04	7.76e-06	0.00e+00	0.00e+00	0.00e+00	0.00e+00	0.00e+00	0.00e+00
 7.42497e+22	7.36e-03	2.44e-01	7.48e-01	4.50e-04	7.51e-06	0.00e+00	0.00e+00	0.00e+00	0.00e+00	0.00e+00	0.00e+00
 7.43156e+22	7.66e-03	2.47e-01	7.45e-01	4.30e-04	7.24e-06	0.00e+00	0.00e+00	0.00e+00	0.00e+00	0.00e+00	0.00e+00
 7.43821e+22	7.96e-03	2.49e-01	7.42e-01	4.11e-04	7.00e-06	0.00e+00	0.00e+00	0.00e+00	0.00e+00	0.00e+00	0.00e+00
 7.44486e+22	8.26e-03	2.52e-01	7.39e-01	3.94e-04	6.78e-06	0.00e+00	0.00e+00	0.00e+00	0.00e+00	0.00e+00	0.00e+00
