#depth	Si	Si+	Si+2	Si+3	Si+4	Si+5	Si+6	Si+7	Si+8	Si+9	Si+10	Si+11	Si+12	Si+13	Si+14
 4.62852e+21	0.00e+00	1.80e-30	9.40e-26	8.73e-22	1.29e-17	2.85e-14	1.90e-11	4.06e-09	3.51e-07	1.28e-05	2.43e-04	3.84e-03	1.32e-01	4.35e-01	4.29e-01
 1.04246e+22	0.00e+00	2.34e-28	7.52e-24	4.22e-20	6.08e-16	9.20e-13	4.17e-10	6.03e-08	3.57e-06	8.64e-05	1.02e-03	1.02e-02	2.22e-01	4.69e-01	2.97e-01
 1.21760e+22	0.00e+00	2.82e-27	6.94e-23	3.54e-19	4.37e-15	5.49e-12	2.05e-09	2.43e-07	1.19e-05	2.31e-04	2.11e-03	1.64e-02	2.81e-01	4.67e-01	2.33e-01
 1.30517e+22	0.00e+00	1.13e-26	2.40e-22	1.05e-18	1.21e-14	1.38e-11	4.69e-09	5.01e-07	2.22e-05	3.85e-04	3.07e-03	2.08e-02	3.14e-01	4.60e-01	2.03e-01
 1.34165e+22	0.00e+00	1.61e-26	3.29e-22	1.38e-18	1.56e-14	1.75e-11	5.80e-09	6.04e-07	2.61e-05	4.39e-04	3.38e-03	2.21e-02	3.22e-01	4.57e-01	1.95e-01
 1.35437e+22	0.00e+00	2.09e-26	4.15e-22	1.69e-18	1.89e-14	2.08e-11	6.77e-09	6.92e-07	2.93e-05	4.83e-04	3.63e-03	2.31e-02	3.29e-01	4.55e-01	1.89e-01
 1.36486e+22	0.00e+00	2.69e-26	5.19e-22	2.05e-18	2.27e-14	2.46e-11	7.87e-09	7.90e-07	3.29e-05	5.30e-04	3.88e-03	2.41e-02	3.35e-01	4.52e-01	1.84e-01
 1.37491e+22	0.00e+00	3.44e-26	6.44e-22	2.47e-18	2.71e-14	2.89e-11	9.11e-09	8.98e-07	3.67e-05	5.81e-04	4.15e-03	2.51e-02	3.41e-01	4.50e-01	1.79e-01
 1.38636e+22	0.00e+00	4.67e-26	8.46e-22	3.12e-18	3.38e-14	3.55e-11	1.10e-08	1.06e-06	4.23e-05	6.51e-04	4.50e-03	2.64e-02	3.49e-01	4.47e-01	1.73e-01
 1.39802e+22	0.00e+00	6.13e-26	1.08e-21	3.84e-18	4.12e-14	4.26e-11	1.29e-08	1.22e-06	4.79e-05	7.20e-04	4.85e-03	2.77e-02	3.55e-01	4.44e-01	1.67e-01
 1.40805e+22	0.00e+00	7.82e-26	1.33e-21	4.62e-18	4.91e-14	5.01e-11	1.49e-08	1.39e-06	5.35e-05	7.88e-04	5.17e-03	2.88e-02	3.62e-01	4.41e-01	1.62e-01
 1.41920e+22	0.00e+00	1.07e-25	1.76e-21	5.87e-18	6.18e-14	6.19e-11	1.81e-08	1.64e-06	6.19e-05	8.87e-04	5.64e-03	3.03e-02	3.69e-01	4.37e-01	1.56e-01
 1.43060e+22	0.00e+00	1.40e-25	2.22e-21	7.15e-18	7.46e-14	7.36e-11	2.12e-08	1.88e-06	6.98e-05	9.79e-04	6.05e-03	3.17e-02	3.76e-01	4.34e-01	1.51e-01
 1.44233e+22	0.00e+00	1.97e-25	3.01e-21	9.26e-18	9.57e-14	9.27e-11	2.61e-08	2.27e-06	8.19e-05	1.11e-03	6.64e-03	3.35e-02	3.85e-01	4.29e-01	1.45e-01
 1.45384e+22	0.00e+00	2.52e-25	3.73e-21	1.11e-17	1.14e-13	1.09e-10	3.03e-08	2.58e-06	9.17e-05	1.22e-03	7.10e-03	3.49e-02	3.91e-01	4.26e-01	1.40e-01
 1.46507e+22	0.00e+00	3.54e-25	5.02e-21	1.43e-17	1.46e-13	1.37e-10	3.73e-08	3.10e-06	1.08e-04	1.39e-03	7.79e-03	3.69e-02	3.99e-01	4.20e-01	1.34e-01
 1.47628e+22	0.00e+00	4.53e-25	6.23e-21	1.72e-17	1.74e-13	1.62e-10	4.33e-08	3.54e-06	1.20e-04	1.52e-03	8.32e-03	3.83e-02	4.05e-01	4.17e-01	1.30e-01
 1.48744e+22	0.00e+00	6.39e-25	8.40e-21	2.21e-17	2.23e-13	2.04e-10	5.35e-08	4.26e-06	1.42e-04	1.74e-03	9.14e-03	4.05e-02	4.14e-01	4.11e-01	1.24e-01
 1.49861e+22	0.00e+00	8.21e-25	1.05e-20	2.66e-17	2.68e-13	2.42e-10	6.24e-08	4.88e-06	1.59e-04	1.91e-03	9.78e-03	4.22e-02	4.20e-01	4.07e-01	1.19e-01
 1.50979e+22	0.00e+00	1.16e-24	1.41e-20	3.43e-17	3.43e-13	3.06e-10	7.74e-08	5.90e-06	1.88e-04	2.18e-03	1.08e-02	4.46e-02	4.29e-01	4.00e-01	1.13e-01
 1.52080e+22	0.00e+00	1.49e-24	1.75e-20	4.09e-17	4.09e-13	3.60e-10	9.00e-08	6.73e-06	2.10e-04	2.39e-03	1.15e-02	4.63e-02	4.35e-01	3.96e-01	1.09e-01
 1.53159e+22	0.00e+00	2.07e-24	2.33e-20	5.20e-17	5.20e-13	4.51e-10	1.11e-07	8.08e-06	2.46e-04	2.72e-03	1.26e-02	4.88e-02	4.42e-01	3.89e-01	1.04e-01
 1.54226e+22	0.00e+00	2.65e-24	2.87e-20	6.20e-17	6.20e-13	5.33e-10	1.29e-07	9.25e-06	2.77e-04	2.99e-03	1.35e-02	5.07e-02	4.48e-01	3.84e-01	1.00e-01
 1.55276e+22	0.00e+00	3.66e-24	3.79e-20	7.80e-17	7.82e-13	6.65e-10	1.58e-07	1.11e-05	3.23e-04	3.38e-03	1.47e-02	5.34e-02	4.56e-01	3.77e-01	9.51e-02
 1.56343e+22	0.00e+00	4.74e-24	4.73e-20	9.36e-17	9.42e-13	7.93e-10	1.86e-07	1.28e-05	3.66e-04	3.74e-03	1.58e-02	5.55e-02	4.62e-01	3.72e-01	9.11e-02
 1.57433e+22	0.00e+00	6.59e-24	6.28e-20	1.18e-16	1.19e-12	9.95e-10	2.29e-07	1.54e-05	4.29e-04	4.24e-03	1.73e-02	5.84e-02	4.69e-01	3.65e-01	8.63e-02
 1.58551e+22	0.00e+00	8.68e-24	7.94e-20	1.43e-16	1.46e-12	1.20e-09	2.73e-07	1.79e-05	4.89e-04	4.72e-03	1.86e-02	6.09e-02	4.75e-01	3.58e-01	8.23e-02
 1.59705e+22	0.00e+00	1.23e-23	1.07e-19	1.83e-16	1.88e-12	1.53e-09	3.42e-07	2.19e-05	5.81e-04	5.41e-03	2.05e-02	6.43e-02	4.82e-01	3.50e-01	7.74e-02
 1.60854e+22	0.00e+00	1.61e-23	1.34e-19	2.20e-16	2.27e-12	1.85e-09	4.06e-07	2.54e-05	6.60e-04	6.00e-03	2.20e-02	6.69e-02	4.87e-01	3.43e-01	7.37e-02
 1.61999e+22	0.00e+00	2.28e-23	1.80e-19	2.78e-16	2.92e-12	2.35e-09	5.09e-07	3.09e-05	7.82e-04	6.86e-03	2.42e-02	7.05e-02	4.94e-01	3.34e-01	6.91e-02
 1.63119e+22	0.00e+00	2.92e-23	2.22e-19	3.30e-16	3.49e-12	2.79e-09	5.97e-07	3.57e-05	8.82e-04	7.56e-03	2.59e-02	7.31e-02	4.98e-01	3.28e-01	6.60e-02
 1.64209e+22	0.00e+00	4.04e-23	2.92e-19	4.11e-16	4.42e-12	3.51e-09	7.39e-07	4.30e-05	1.03e-03	8.58e-03	2.84e-02	7.67e-02	5.04e-01	3.19e-01	6.19e-02
 1.65300e+22	0.00e+00	5.14e-23	3.58e-19	4.84e-16	5.27e-12	4.16e-09	8.65e-07	4.94e-05	1.16e-03	9.42e-03	3.03e-02	7.95e-02	5.08e-01	3.13e-01	5.90e-02
 1.66393e+22	0.00e+00	7.05e-23	4.66e-19	5.98e-16	6.62e-12	5.20e-09	1.07e-06	5.93e-05	1.36e-03	1.06e-02	3.30e-02	8.32e-02	5.12e-01	3.04e-01	5.52e-02
 1.67506e+22	0.00e+00	9.02e-23	5.73e-19	7.05e-16	7.91e-12	6.18e-09	1.25e-06	6.83e-05	1.53e-03	1.17e-02	3.52e-02	8.61e-02	5.16e-01	2.97e-01	5.24e-02
 1.68644e+22	0.00e+00	1.24e-22	7.47e-19	8.69e-16	9.96e-12	7.75e-09	1.55e-06	8.22e-05	1.79e-03	1.32e-02	3.84e-02	9.00e-02	5.20e-01	2.88e-01	4.89e-02
 1.69803e+22	0.00e+00	1.58e-22	9.17e-19	1.02e-15	1.19e-11	9.21e-09	1.82e-06	9.46e-05	2.02e-03	1.45e-02	4.10e-02	9.31e-02	5.22e-01	2.81e-01	4.63e-02
 1.70987e+22	0.00e+00	2.16e-22	1.19e-18	1.26e-15	1.49e-11	1.15e-08	2.24e-06	1.14e-04	2.35e-03	1.64e-02	4.45e-02	9.72e-02	5.25e-01	2.72e-01	4.31e-02
 1.72205e+22	0.00e+00	2.78e-22	1.47e-18	1.49e-15	1.80e-11	1.38e-08	2.64e-06	1.32e-04	2.66e-03	1.81e-02	4.76e-02	1.00e-01	5.26e-01	2.64e-01	4.06e-02
 1.73457e+22	0.00e+00	3.82e-22	1.91e-18	1.83e-15	2.26e-11	1.72e-08	3.26e-06	1.58e-04	3.10e-03	2.04e-02	5.17e-02	1.05e-01	5.28e-01	2.54e-01	3.76e-02
 1.74685e+22	0.00e+00	4.80e-22	2.32e-18	2.13e-15	2.67e-11	2.03e-08	3.80e-06	1.81e-04	3.46e-03	2.22e-02	5.48e-02	1.08e-01	5.29e-01	2.47e-01	3.56e-02
 1.75890e+22	0.00e+00	6.46e-22	2.96e-18	2.58e-15	3.31e-11	2.51e-08	4.62e-06	2.15e-04	3.99e-03	2.48e-02	5.91e-02	1.12e-01	5.29e-01	2.38e-01	3.30e-02
 1.77122e+22	0.00e+00	8.11e-22	3.58e-18	3.00e-15	3.90e-11	2.94e-08	5.37e-06	2.45e-04	4.45e-03	2.70e-02	6.25e-02	1.15e-01	5.29e-01	2.31e-01	3.11e-02
 1.78390e+22	3.17e-35	1.09e-21	4.59e-18	3.65e-15	4.84e-11	3.64e-08	6.54e-06	2.91e-04	5.13e-03	3.01e-02	6.74e-02	1.19e-01	5.28e-01	2.22e-01	2.87e-02
 1.79691e+22	4.22e-35	1.38e-21	5.58e-18	4.25e-15	5.72e-11	4.28e-08	7.61e-06	3.32e-04	5.72e-03	3.27e-02	7.12e-02	1.22e-01	5.26e-01	2.15e-01	2.69e-02
 1.81035e+22	6.11e-35	1.86e-21	7.17e-18	5.18e-15	7.10e-11	5.29e-08	9.28e-06	3.95e-04	6.59e-03	3.65e-02	7.66e-02	1.26e-01	5.24e-01	2.05e-01	2.47e-02
 1.82375e+22	8.01e-35	2.33e-21	8.63e-18	6.00e-15	8.32e-11	6.18e-08	1.07e-05	4.48e-04	7.30e-03	3.95e-02	8.07e-02	1.29e-01	5.21e-01	1.98e-01	2.32e-02
 1.83710e+22	1.14e-34	3.10e-21	1.10e-17	7.24e-15	1.02e-10	7.54e-08	1.29e-05	5.27e-04	8.33e-03	4.36e-02	8.61e-02	1.33e-01	5.18e-01	1.89e-01	2.14e-02
 1.85081e+22	1.50e-34	3.91e-21	1.33e-17	8.43e-15	1.20e-10	8.85e-08	1.50e-05	6.00e-04	9.25e-03	4.72e-02	9.07e-02	1.36e-01	5.14e-01	1.82e-01	1.99e-02
 1.86497e+22	2.15e-34	5.25e-21	1.70e-17	1.02e-14	1.48e-10	1.08e-07	1.81e-05	7.07e-04	1.06e-02	5.23e-02	9.68e-02	1.40e-01	5.09e-01	1.73e-01	1.82e-02
 1.87933e+22	2.84e-34	6.59e-21	2.06e-17	1.19e-14	1.73e-10	1.27e-07	2.09e-05	8.02e-04	1.17e-02	5.64e-02	1.02e-01	1.42e-01	5.04e-01	1.66e-01	1.69e-02
 1.89167e+22	3.67e-34	8.15e-21	2.46e-17	1.37e-14	2.01e-10	1.46e-07	2.39e-05	9.01e-04	1.28e-02	6.05e-02	1.06e-01	1.45e-01	4.99e-01	1.60e-01	1.58e-02
 1.90543e+22	5.11e-34	1.07e-20	3.09e-17	1.64e-14	2.43e-10	1.76e-07	2.83e-05	1.05e-03	1.45e-02	6.61e-02	1.12e-01	1.48e-01	4.92e-01	1.52e-01	1.45e-02
 1.91916e+22	6.55e-34	1.32e-20	3.67e-17	1.88e-14	2.80e-10	2.02e-07	3.22e-05	1.17e-03	1.58e-02	7.06e-02	1.17e-01	1.50e-01	4.86e-01	1.46e-01	1.35e-02
 1.93287e+22	9.04e-34	1.72e-20	4.58e-17	2.23e-14	3.35e-10	2.41e-07	3.80e-05	1.35e-03	1.77e-02	7.68e-02	1.23e-01	1.53e-01	4.78e-01	1.38e-01	1.23e-02
 1.94673e+22	1.15e-33	2.11e-20	5.44e-17	2.56e-14	3.85e-10	2.75e-07	4.29e-05	1.50e-03	1.93e-02	8.16e-02	1.28e-01	1.55e-01	4.72e-01	1.32e-01	1.15e-02
 1.96078e+22	1.59e-33	2.76e-20	6.80e-17	3.05e-14	4.60e-10	3.27e-07	5.05e-05	1.73e-03	2.15e-02	8.86e-02	1.34e-01	1.57e-01	4.62e-01	1.25e-01	1.04e-02
 1.97508e+22	2.04e-33	3.40e-20	8.11e-17	3.51e-14	5.29e-10	3.74e-07	5.71e-05	1.93e-03	2.34e-02	9.40e-02	1.39e-01	1.58e-01	4.55e-01	1.19e-01	9.71e-03
 1.98771e+22	2.60e-33	4.17e-20	9.63e-17	4.03e-14	6.06e-10	4.27e-07	6.45e-05	2.14e-03	2.54e-02	9.97e-02	1.44e-01	1.60e-01	4.47e-01	1.14e-01	9.01e-03
 2.00023e+22	3.31e-33	5.10e-20	1.14e-16	4.61e-14	6.91e-10	4.85e-07	7.25e-05	2.37e-03	2.75e-02	1.06e-01	1.48e-01	1.61e-01	4.39e-01	1.09e-01	8.36e-03
 2.01463e+22	4.48e-33	6.58e-20	1.42e-16	5.48e-14	8.17e-10	5.69e-07	8.41e-05	2.69e-03	3.03e-02	1.13e-01	1.54e-01	1.62e-01	4.28e-01	1.02e-01	7.60e-03
 2.02924e+22	5.75e-33	8.12e-20	1.69e-16	6.31e-14	9.35e-10	6.48e-07	9.48e-05	2.99e-03	3.28e-02	1.20e-01	1.59e-01	1.63e-01	4.19e-01	9.72e-02	7.01e-03
 2.04214e+22	7.30e-33	9.94e-20	2.00e-16	7.23e-14	1.06e-09	7.34e-07	1.06e-04	3.30e-03	3.54e-02	1.26e-01	1.63e-01	1.63e-01	4.10e-01	9.24e-02	6.48e-03
 2.05694e+22	9.92e-33	1.29e-19	2.50e-16	8.61e-14	1.26e-09	8.60e-07	1.23e-04	3.74e-03	3.90e-02	1.35e-01	1.69e-01	1.64e-01	3.97e-01	8.63e-02	5.83e-03
 2.07195e+22	1.26e-32	1.58e-19	2.97e-16	9.91e-14	1.43e-09	9.73e-07	1.38e-04	4.12e-03	4.19e-02	1.42e-01	1.73e-01	1.64e-01	3.88e-01	8.19e-02	5.38e-03
 2.08725e+22	1.72e-32	2.06e-19	3.71e-16	1.18e-13	1.69e-09	1.14e-06	1.59e-04	4.67e-03	4.60e-02	1.51e-01	1.79e-01	1.64e-01	3.75e-01	7.62e-02	4.82e-03
 2.10287e+22	2.19e-32	2.54e-19	4.44e-16	1.37e-13	1.92e-09	1.29e-06	1.78e-04	5.14e-03	4.94e-02	1.58e-01	1.83e-01	1.63e-01	3.64e-01	7.20e-02	4.43e-03
 2.11891e+22	3.00e-32	3.32e-19	5.59e-16	1.65e-13	2.27e-09	1.51e-06	2.06e-04	5.81e-03	5.41e-02	1.68e-01	1.88e-01	1.63e-01	3.51e-01	6.67e-02	3.95e-03
 2.13540e+22	3.88e-32	4.14e-19	6.74e-16	1.92e-13	2.60e-09	1.72e-06	2.31e-04	6.41e-03	5.82e-02	1.76e-01	1.91e-01	1.62e-01	3.40e-01	6.26e-02	3.59e-03
 2.15248e+22	5.39e-32	5.48e-19	8.56e-16	2.33e-13	3.09e-09	2.02e-06	2.68e-04	7.25e-03	6.37e-02	1.87e-01	1.96e-01	1.60e-01	3.25e-01	5.76e-02	3.18e-03
 2.17003e+22	7.05e-32	6.90e-19	1.04e-15	2.74e-13	3.56e-09	2.30e-06	3.01e-04	8.02e-03	6.85e-02	1.96e-01	1.99e-01	1.59e-01	3.13e-01	5.37e-02	2.87e-03
 2.18513e+22	8.94e-32	8.47e-19	1.24e-15	3.17e-13	4.04e-09	2.59e-06	3.34e-04	8.74e-03	7.28e-02	2.03e-01	2.02e-01	1.57e-01	3.03e-01	5.05e-02	2.63e-03
 2.20168e+22	1.22e-31	1.11e-18	1.56e-15	3.81e-13	4.74e-09	3.01e-06	3.83e-04	9.80e-03	7.90e-02	2.14e-01	2.05e-01	1.55e-01	2.88e-01	4.63e-02	2.32e-03
 2.21850e+22	1.56e-31	1.37e-18	1.88e-15	4.42e-13	5.39e-09	3.38e-06	4.25e-04	1.07e-02	8.40e-02	2.22e-01	2.07e-01	1.53e-01	2.78e-01	4.33e-02	2.10e-03
 2.23567e+22	2.12e-31	1.77e-18	2.35e-15	5.32e-13	6.32e-09	3.91e-06	4.83e-04	1.19e-02	9.05e-02	2.32e-01	2.10e-01	1.50e-01	2.64e-01	3.97e-02	1.86e-03
 2.25383e+22	2.81e-31	2.26e-18	2.89e-15	6.30e-13	7.30e-09	4.46e-06	5.43e-04	1.31e-02	9.68e-02	2.41e-01	2.12e-01	1.47e-01	2.52e-01	3.66e-02	1.66e-03
 2.27055e+22	3.65e-31	2.83e-18	3.51e-15	7.40e-13	8.36e-09	5.05e-06	6.05e-04	1.43e-02	1.03e-01	2.49e-01	2.13e-01	1.44e-01	2.41e-01	3.39e-02	1.49e-03
 2.28956e+22	5.12e-31	3.77e-18	4.51e-15	9.08e-13	9.93e-09	5.90e-06	6.94e-04	1.60e-02	1.11e-01	2.60e-01	2.14e-01	1.40e-01	2.26e-01	3.06e-02	1.29e-03
 2.30956e+22	6.88e-31	4.85e-18	5.61e-15	1.09e-12	1.15e-08	6.76e-06	7.81e-04	1.76e-02	1.19e-01	2.69e-01	2.14e-01	1.37e-01	2.14e-01	2.79e-02	1.14e-03
 2.32725e+22	8.94e-31	6.07e-18	6.81e-15	1.28e-12	1.32e-08	7.63e-06	8.68e-04	1.92e-02	1.25e-01	2.77e-01	2.14e-01	1.33e-01	2.03e-01	2.57e-02	1.01e-03
 2.34663e+22	1.24e-30	8.04e-18	8.69e-15	1.56e-12	1.56e-08	8.86e-06	9.88e-04	2.13e-02	1.34e-01	2.86e-01	2.14e-01	1.29e-01	1.90e-01	2.31e-02	8.75e-04
 2.36651e+22	1.65e-30	1.02e-17	1.07e-14	1.85e-12	1.80e-08	1.01e-05	1.10e-03	2.33e-02	1.42e-01	2.94e-01	2.13e-01	1.25e-01	1.79e-01	2.10e-02	7.70e-04
 2.38412e+22	2.14e-30	1.28e-17	1.30e-14	2.17e-12	2.05e-08	1.13e-05	1.22e-03	2.52e-02	1.50e-01	3.01e-01	2.12e-01	1.21e-01	1.69e-01	1.92e-02	6.81e-04
 2.40410e+22	2.98e-30	1.70e-17	1.66e-14	2.66e-12	2.42e-08	1.31e-05	1.38e-03	2.79e-02	1.59e-01	3.10e-01	2.10e-01	1.17e-01	1.57e-01	1.71e-02	5.83e-04
 2.42471e+22	3.98e-30	2.18e-17	2.06e-14	3.17e-12	2.79e-08	1.49e-05	1.54e-03	3.04e-02	1.68e-01	3.17e-01	2.08e-01	1.12e-01	1.47e-01	1.54e-02	5.07e-04
 2.44305e+22	5.18e-30	2.74e-17	2.51e-14	3.73e-12	3.18e-08	1.67e-05	1.70e-03	3.29e-02	1.76e-01	3.23e-01	2.06e-01	1.08e-01	1.38e-01	1.40e-02	4.46e-04
 2.46376e+22	7.29e-30	3.67e-17	3.24e-14	4.59e-12	3.76e-08	1.94e-05	1.93e-03	3.63e-02	1.87e-01	3.30e-01	2.02e-01	1.03e-01	1.27e-01	1.23e-02	3.75e-04
 2.48498e+22	9.70e-30	4.70e-17	3.99e-14	5.44e-12	4.31e-08	2.19e-05	2.15e-03	3.94e-02	1.97e-01	3.35e-01	1.99e-01	9.85e-02	1.18e-01	1.10e-02	3.23e-04
 2.50397e+22	1.27e-29	5.94e-17	4.90e-14	6.44e-12	4.93e-08	2.46e-05	2.37e-03	4.25e-02	2.06e-01	3.40e-01	1.95e-01	9.43e-02	1.09e-01	9.91e-03	2.81e-04
 2.52581e+22	1.82e-29	8.11e-17	6.39e-14	7.98e-12	5.84e-08	2.86e-05	2.69e-03	4.71e-02	2.18e-01	3.46e-01	1.90e-01	8.87e-02	9.90e-02	8.55e-03	2.31e-04
 2.54779e+22	2.38e-29	1.03e-16	7.85e-14	9.44e-12	6.68e-08	3.21e-05	2.97e-03	5.07e-02	2.27e-01	3.49e-01	1.86e-01	8.45e-02	9.17e-02	7.63e-03	1.99e-04
 2.56998e+22	3.41e-29	1.41e-16	1.03e-13	1.17e-11	7.89e-08	3.73e-05	3.37e-03	5.60e-02	2.40e-01	3.53e-01	1.80e-01	7.91e-02	8.24e-02	6.52e-03	1.62e-04
 2.59242e+22	4.49e-29	1.80e-16	1.27e-13	1.39e-11	9.01e-08	4.19e-05	3.71e-03	6.04e-02	2.49e-01	3.55e-01	1.75e-01	7.49e-02	7.57e-02	5.77e-03	1.38e-04
 2.61519e+22	6.43e-29	2.48e-16	1.66e-13	1.73e-11	1.07e-07	4.85e-05	4.21e-03	6.65e-02	2.62e-01	3.57e-01	1.68e-01	6.96e-02	6.74e-02	4.89e-03	1.11e-04
 2.63829e+22	8.52e-29	3.20e-16	2.06e-13	2.06e-11	1.22e-07	5.45e-05	4.64e-03	7.17e-02	2.72e-01	3.58e-01	1.63e-01	6.55e-02	6.15e-02	4.28e-03	9.36e-05
 2.65759e+22	1.09e-28	3.99e-16	2.49e-13	2.40e-11	1.37e-07	6.04e-05	5.05e-03	7.65e-02	2.81e-01	3.58e-01	1.58e-01	6.20e-02	5.66e-02	3.80e-03	8.03e-05
 2.67844e+22	1.51e-28	5.38e-16	3.20e-13	2.93e-11	1.59e-07	6.88e-05	5.65e-03	8.34e-02	2.92e-01	3.57e-01	1.50e-01	5.75e-02	5.04e-02	3.23e-03	6.48e-05
 2.69921e+22	1.91e-28	6.71e-16	3.86e-13	3.41e-11	1.79e-07	7.60e-05	6.14e-03	8.87e-02	3.01e-01	3.56e-01	1.45e-01	5.43e-02	4.62e-02	2.86e-03	5.55e-05
 2.71990e+22	2.62e-28	9.01e-16	4.94e-13	4.15e-11	2.07e-07	8.64e-05	6.83e-03	9.64e-02	3.12e-01	3.53e-01	1.38e-01	5.01e-02	4.11e-02	2.42e-03	4.47e-05
 2.74099e+22	3.35e-28	1.14e-15	6.02e-13	4.87e-11	2.34e-07	9.58e-05	7.43e-03	1.03e-01	3.20e-01	3.51e-01	1.33e-01	4.71e-02	3.74e-02	2.12e-03	3.78e-05
 2.76261e+22	4.62e-28	1.55e-15	7.81e-13	5.99e-11	2.73e-07	1.09e-04	8.30e-03	1.12e-01	3.31e-01	3.46e-01	1.25e-01	4.31e-02	3.28e-02	1.77e-03	2.99e-05
 2.78460e+22	5.98e-28	1.98e-15	9.61e-13	7.09e-11	3.09e-07	1.22e-04	9.06e-03	1.19e-01	3.39e-01	3.42e-01	1.19e-01	4.02e-02	2.96e-02	1.53e-03	2.48e-05
 2.80708e+22	8.29e-28	2.74e-15	1.26e-12	8.82e-11	3.64e-07	1.39e-04	1.01e-02	1.30e-01	3.50e-01	3.35e-01	1.11e-01	3.65e-02	2.57e-02	1.26e-03	1.94e-05
 2.83012e+22	1.08e-27	3.56e-15	1.57e-12	1.06e-10	4.16e-07	1.56e-04	1.11e-02	1.38e-01	3.58e-01	3.30e-01	1.05e-01	3.37e-02	2.29e-02	1.08e-03	1.59e-05
 2.85389e+22	1.52e-27	5.06e-15	2.11e-12	1.34e-10	4.95e-07	1.81e-04	1.25e-02	1.51e-01	3.68e-01	3.21e-01	9.72e-02	3.03e-02	1.96e-02	8.65e-04	1.21e-05
 2.87788e+22	1.98e-27	6.66e-15	2.66e-12	1.62e-10	5.69e-07	2.03e-04	1.37e-02	1.62e-01	3.75e-01	3.13e-01	9.11e-02	2.78e-02	1.73e-02	7.30e-04	9.72e-06
 2.90170e+22	2.73e-27	9.46e-15	3.57e-12	2.06e-10	6.80e-07	2.34e-04	1.54e-02	1.76e-01	3.83e-01	3.02e-01	8.35e-02	2.48e-02	1.47e-02	5.85e-04	7.36e-06
 2.92579e+22	3.58e-27	1.26e-14	4.55e-12	2.51e-10	7.88e-07	2.64e-04	1.69e-02	1.88e-01	3.89e-01	2.93e-01	7.76e-02	2.26e-02	1.28e-02	4.88e-04	5.85e-06
 2.94932e+22	4.85e-27	1.77e-14	6.06e-12	3.18e-10	9.40e-07	3.04e-04	1.88e-02	2.02e-01	3.94e-01	2.82e-01	7.09e-02	2.01e-02	1.09e-02	3.92e-04	4.45e-06
 2.97251e+22	6.29e-27	2.33e-14	7.67e-12	3.87e-10	1.09e-06	3.42e-04	2.05e-02	2.15e-01	3.98e-01	2.72e-01	6.56e-02	1.83e-02	9.53e-03	3.27e-04	3.54e-06
 2.99290e+22	7.99e-27	3.04e-14	9.62e-12	4.67e-10	1.25e-06	3.82e-04	2.23e-02	2.28e-01	4.01e-01	2.62e-01	6.08e-02	1.67e-02	8.36e-03	2.74e-04	2.85e-06
 3.01498e+22	1.06e-26	4.22e-14	1.27e-11	5.90e-10	1.49e-06	4.38e-04	2.47e-02	2.44e-01	4.04e-01	2.50e-01	5.52e-02	1.48e-02	7.10e-03	2.21e-04	2.17e-06
 3.03680e+22	1.35e-26	5.46e-14	1.58e-11	7.10e-10	1.72e-06	4.88e-04	2.68e-02	2.57e-01	4.05e-01	2.40e-01	5.10e-02	1.35e-02	6.23e-03	1.86e-04	1.75e-06
 3.05886e+22	1.81e-26	7.61e-14	2.11e-11	9.04e-10	2.06e-06	5.62e-04	2.97e-02	2.74e-01	4.05e-01	2.27e-01	4.59e-02	1.19e-02	5.24e-03	1.48e-04	1.32e-06
 3.08088e+22	2.29e-26	9.81e-14	2.62e-11	1.09e-09	2.38e-06	6.26e-04	3.20e-02	2.88e-01	4.05e-01	2.17e-01	4.23e-02	1.08e-02	4.58e-03	1.24e-04	1.06e-06
 3.10298e+22	3.07e-26	1.37e-13	3.49e-11	1.39e-09	2.86e-06	7.20e-04	3.54e-02	3.06e-01	4.03e-01	2.04e-01	3.78e-02	9.53e-03	3.84e-03	9.81e-05	7.95e-07
 3.12510e+22	3.89e-26	1.76e-13	4.34e-11	1.68e-09	3.29e-06	8.00e-04	3.81e-02	3.19e-01	4.00e-01	1.94e-01	3.47e-02	8.62e-03	3.35e-03	8.21e-05	6.39e-07
 3.14724e+22	5.24e-26	2.43e-13	5.76e-11	2.14e-09	3.96e-06	9.19e-04	4.20e-02	3.38e-01	3.96e-01	1.82e-01	3.09e-02	7.55e-03	2.79e-03	6.48e-05	4.77e-07
 3.16946e+22	6.66e-26	3.12e-13	7.15e-11	2.58e-09	4.57e-06	1.02e-03	4.51e-02	3.52e-01	3.92e-01	1.72e-01	2.82e-02	6.80e-03	2.42e-03	5.40e-05	3.82e-07
 3.19181e+22	9.04e-26	4.30e-13	9.48e-11	3.29e-09	5.50e-06	1.17e-03	4.95e-02	3.70e-01	3.86e-01	1.60e-01	2.49e-02	5.93e-03	2.01e-03	4.24e-05	2.84e-07
 3.21431e+22	1.15e-25	5.49e-13	1.18e-10	3.97e-09	6.34e-06	1.30e-03	5.31e-02	3.84e-01	3.81e-01	1.51e-01	2.27e-02	5.32e-03	1.74e-03	3.52e-05	2.26e-07
 3.23702e+22	1.58e-25	7.55e-13	1.56e-10	5.07e-09	7.64e-06	1.49e-03	5.81e-02	4.02e-01	3.73e-01	1.40e-01	2.00e-02	4.61e-03	1.44e-03	2.75e-05	1.67e-07
 3.25999e+22	2.03e-25	9.65e-13	1.93e-10	6.13e-09	8.82e-06	1.65e-03	6.22e-02	4.16e-01	3.66e-01	1.32e-01	1.81e-02	4.12e-03	1.23e-03	2.27e-05	1.32e-07
 3.28331e+22	2.82e-25	1.33e-12	2.56e-10	7.85e-09	1.06e-05	1.89e-03	6.78e-02	4.33e-01	3.56e-01	1.21e-01	1.58e-02	3.54e-03	1.01e-03	1.76e-05	0.00e+00
 3.30700e+22	3.66e-25	1.69e-12	3.18e-10	9.50e-09	1.23e-05	2.09e-03	7.25e-02	4.46e-01	3.48e-01	1.13e-01	1.42e-02	3.15e-03	8.65e-04	1.44e-05	0.00e+00
 3.33116e+22	5.15e-25	2.33e-12	4.24e-10	1.22e-08	1.49e-05	2.40e-03	7.90e-02	4.64e-01	3.36e-01	1.03e-01	1.23e-02	2.69e-03	7.01e-04	1.10e-05	0.00e+00
 3.35581e+22	6.77e-25	2.99e-12	5.28e-10	1.48e-08	1.72e-05	2.66e-03	8.43e-02	4.76e-01	3.27e-01	9.58e-02	1.10e-02	2.37e-03	5.96e-04	8.95e-06	0.00e+00
 3.38109e+22	9.67e-25	4.12e-12	7.05e-10	1.92e-08	2.09e-05	3.04e-03	9.16e-02	4.92e-01	3.15e-01	8.67e-02	9.48e-03	2.01e-03	4.78e-04	6.77e-06	0.00e+00
 3.40665e+22	1.28e-24	5.27e-12	8.78e-10	2.33e-08	2.42e-05	3.37e-03	9.75e-02	5.04e-01	3.05e-01	8.03e-02	8.44e-03	1.76e-03	4.04e-04	5.47e-06	0.00e+00
 3.43260e+22	1.85e-24	7.25e-12	1.17e-09	3.01e-08	2.94e-05	3.85e-03	1.06e-01	5.18e-01	2.91e-01	7.23e-02	7.22e-03	1.48e-03	3.22e-04	4.11e-06	0.00e+00
 3.45755e+22	2.38e-24	9.00e-12	1.42e-09	3.57e-08	3.34e-05	4.21e-03	1.11e-01	5.27e-01	2.82e-01	6.73e-02	6.49e-03	1.31e-03	2.76e-04	3.39e-06	0.00e+00
 3.47780e+22	3.04e-24	1.11e-11	1.72e-09	4.23e-08	3.79e-05	4.59e-03	1.17e-01	5.35e-01	2.73e-01	6.26e-02	5.84e-03	1.17e-03	2.38e-04	2.80e-06	0.00e+00
 3.50071e+22	4.18e-24	1.45e-11	2.19e-09	5.25e-08	4.46e-05	5.13e-03	1.25e-01	5.45e-01	2.61e-01	5.69e-02	5.09e-03	1.00e-03	1.95e-04	2.18e-06	0.00e+00
 3.52341e+22	5.31e-24	1.77e-11	2.62e-09	6.17e-08	5.02e-05	5.57e-03	1.31e-01	5.52e-01	2.53e-01	5.30e-02	4.59e-03	8.93e-04	1.68e-04	1.81e-06	0.00e+00
 3.54583e+22	7.23e-24	2.28e-11	3.32e-09	7.61e-08	5.88e-05	6.19e-03	1.39e-01	5.60e-01	2.41e-01	4.82e-02	4.00e-03	7.66e-04	1.38e-04	1.41e-06	0.00e+00
 3.56845e+22	9.19e-24	2.77e-11	3.96e-09	8.90e-08	6.61e-05	6.70e-03	1.46e-01	5.66e-01	2.33e-01	4.48e-02	3.60e-03	6.82e-04	1.19e-04	1.17e-06	0.00e+00
 3.59132e+22	1.25e-23	3.58e-11	4.99e-09	1.10e-07	7.72e-05	7.44e-03	1.54e-01	5.73e-01	2.21e-01	4.06e-02	3.13e-03	5.84e-04	9.74e-05	9.14e-07	0.00e+00
 3.61448e+22	1.60e-23	4.35e-11	5.97e-09	1.29e-07	8.69e-05	8.05e-03	1.61e-01	5.77e-01	2.13e-01	3.77e-02	2.81e-03	5.18e-04	8.37e-05	7.55e-07	0.00e+00
 3.63803e+22	2.19e-23	5.61e-11	7.54e-09	1.59e-07	1.02e-04	8.93e-03	1.70e-01	5.82e-01	2.02e-01	3.40e-02	2.43e-03	4.41e-04	6.81e-05	5.84e-07	0.00e+00
 3.66192e+22	2.82e-23	6.83e-11	9.03e-09	1.87e-07	1.14e-04	9.66e-03	1.78e-01	5.85e-01	1.93e-01	3.14e-02	2.18e-03	3.89e-04	5.82e-05	4.80e-07	0.00e+00
 3.68626e+22	3.88e-23	8.82e-11	1.14e-08	2.31e-07	1.34e-04	1.07e-02	1.88e-01	5.89e-01	1.82e-01	2.82e-02	1.87e-03	3.29e-04	4.71e-05	3.68e-07	0.00e+00
 3.71104e+22	5.00e-23	1.08e-10	1.38e-08	2.72e-07	1.51e-04	1.16e-02	1.96e-01	5.90e-01	1.74e-01	2.59e-02	1.67e-03	2.89e-04	4.00e-05	3.00e-07	0.00e+00
 3.73638e+22	6.94e-23	1.40e-10	1.75e-08	3.39e-07	1.78e-04	1.29e-02	2.06e-01	5.92e-01	1.64e-01	2.32e-02	1.43e-03	2.43e-04	3.21e-05	2.28e-07	0.00e+00
 3.76227e+22	9.03e-23	1.71e-10	2.11e-08	4.00e-07	2.01e-04	1.40e-02	2.15e-01	5.92e-01	1.56e-01	2.12e-02	1.27e-03	2.13e-04	2.71e-05	1.85e-07	0.00e+00
 3.78887e+22	1.26e-22	2.24e-10	2.71e-08	5.03e-07	2.37e-04	1.56e-02	2.27e-01	5.92e-01	1.45e-01	1.88e-02	1.07e-03	1.77e-04	2.15e-05	1.38e-07	0.00e+00
 3.81557e+22	1.64e-22	2.74e-10	3.26e-08	5.94e-07	2.68e-04	1.68e-02	2.36e-01	5.91e-01	1.38e-01	1.72e-02	9.51e-04	1.54e-04	1.81e-05	0.00e+00	0.00e+00
 3.84243e+22	2.29e-22	3.55e-10	4.16e-08	7.42e-07	3.15e-04	1.87e-02	2.48e-01	5.89e-01	1.29e-01	1.52e-02	8.06e-04	1.28e-04	1.44e-05	0.00e+00	0.00e+00
 3.86968e+22	2.98e-22	4.36e-10	5.03e-08	8.79e-07	3.57e-04	2.02e-02	2.57e-01	5.86e-01	1.22e-01	1.39e-02	7.11e-04	1.11e-04	1.20e-05	0.00e+00	0.00e+00
 3.89745e+22	4.17e-22	5.67e-10	6.43e-08	1.10e-06	4.20e-04	2.24e-02	2.70e-01	5.82e-01	1.13e-01	1.22e-02	5.99e-04	9.20e-05	9.48e-06	0.00e+00	0.00e+00
 3.92446e+22	5.33e-22	6.83e-10	7.64e-08	1.28e-06	4.70e-04	2.40e-02	2.79e-01	5.78e-01	1.07e-01	1.12e-02	5.34e-04	8.07e-05	8.06e-06	0.00e+00	0.00e+00
 3.95049e+22	7.23e-22	8.70e-10	9.61e-08	1.59e-06	5.47e-04	2.65e-02	2.91e-01	5.72e-01	9.92e-02	9.91e-03	4.54e-04	6.74e-05	6.43e-06	0.00e+00	0.00e+00
 3.97518e+22	8.97e-22	1.03e-09	1.12e-07	1.82e-06	6.05e-04	2.82e-02	2.99e-01	5.68e-01	9.45e-02	9.15e-03	4.08e-04	5.98e-05	5.54e-06	0.00e+00	0.00e+00
 3.99811e+22	1.16e-21	1.26e-09	1.35e-07	2.16e-06	6.84e-04	3.04e-02	3.09e-01	5.62e-01	8.88e-02	8.28e-03	3.57e-04	5.15e-05	4.60e-06	0.00e+00	0.00e+00
 4.02217e+22	1.47e-21	1.50e-09	1.60e-07	2.51e-06	7.63e-04	3.25e-02	3.18e-01	5.57e-01	8.39e-02	7.57e-03	3.17e-04	4.51e-05	3.90e-06	0.00e+00	0.00e+00
 4.04416e+22	1.83e-21	1.78e-09	1.88e-07	2.92e-06	8.49e-04	3.48e-02	3.27e-01	5.51e-01	7.92e-02	6.92e-03	2.82e-04	3.95e-05	3.31e-06	0.00e+00	0.00e+00
 4.06924e+22	2.43e-21	2.22e-09	2.31e-07	3.51e-06	9.71e-04	3.77e-02	3.38e-01	5.43e-01	7.37e-02	6.19e-03	2.44e-04	3.35e-05	2.70e-06	0.00e+00	0.00e+00
 4.09477e+22	3.06e-21	2.66e-09	2.74e-07	4.10e-06	1.08e-03	4.04e-02	3.48e-01	5.36e-01	6.94e-02	5.63e-03	2.15e-04	2.92e-05	2.27e-06	0.00e+00	0.00e+00
 4.12088e+22	4.08e-21	3.32e-09	3.38e-07	4.96e-06	1.24e-03	4.38e-02	3.59e-01	5.26e-01	6.42e-02	5.01e-03	1.85e-04	2.46e-05	1.84e-06	0.00e+00	0.00e+00
 4.14749e+22	5.19e-21	3.99e-09	4.01e-07	5.80e-06	1.39e-03	4.69e-02	3.69e-01	5.18e-01	6.03e-02	4.54e-03	1.63e-04	2.13e-05	1.54e-06	0.00e+00	0.00e+00
 4.17475e+22	6.96e-21	5.02e-09	4.98e-07	7.06e-06	1.60e-03	5.10e-02	3.80e-01	5.07e-01	5.55e-02	4.01e-03	1.38e-04	1.78e-05	1.23e-06	0.00e+00	0.00e+00
 4.20253e+22	8.90e-21	6.06e-09	5.94e-07	8.29e-06	1.79e-03	5.46e-02	3.90e-01	4.98e-01	5.18e-02	3.62e-03	1.21e-04	1.53e-05	1.03e-06	0.00e+00	0.00e+00
 4.23097e+22	1.21e-20	7.68e-09	7.43e-07	1.02e-05	2.07e-03	5.95e-02	4.02e-01	4.86e-01	4.74e-02	3.18e-03	1.02e-04	1.27e-05	8.12e-07	0.00e+00	0.00e+00
 4.25952e+22	1.54e-20	9.25e-09	8.83e-07	1.19e-05	2.31e-03	6.35e-02	4.11e-01	4.76e-01	4.42e-02	2.87e-03	8.99e-05	1.10e-05	6.79e-07	0.00e+00	0.00e+00
 4.28819e+22	2.08e-20	1.17e-08	1.10e-06	1.45e-05	2.66e-03	6.90e-02	4.22e-01	4.63e-01	4.03e-02	2.51e-03	7.57e-05	9.04e-06	5.35e-07	0.00e+00	0.00e+00
 4.31713e+22	2.65e-20	1.41e-08	1.31e-06	1.70e-05	2.97e-03	7.36e-02	4.31e-01	4.52e-01	3.75e-02	2.27e-03	6.63e-05	7.79e-06	4.46e-07	0.00e+00	0.00e+00
 4.34642e+22	3.58e-20	1.78e-08	1.63e-06	2.08e-05	3.42e-03	7.98e-02	4.42e-01	4.39e-01	3.41e-02	1.98e-03	5.57e-05	6.42e-06	3.51e-07	0.00e+00	0.00e+00
 4.37619e+22	4.60e-20	2.15e-08	1.95e-06	2.44e-05	3.82e-03	8.51e-02	4.50e-01	4.27e-01	3.16e-02	1.78e-03	4.85e-05	5.49e-06	2.90e-07	0.00e+00	0.00e+00
 4.40659e+22	6.25e-20	2.73e-08	2.44e-06	2.99e-05	4.41e-03	9.23e-02	4.61e-01	4.12e-01	2.85e-02	1.54e-03	4.05e-05	4.49e-06	2.26e-07	0.00e+00	0.00e+00
 4.43741e+22	8.07e-20	3.32e-08	2.93e-06	3.52e-05	4.93e-03	9.84e-02	4.69e-01	4.00e-01	2.63e-02	1.38e-03	3.50e-05	3.82e-06	1.86e-07	0.00e+00	0.00e+00
 4.46876e+22	1.10e-19	4.22e-08	3.68e-06	4.33e-05	5.69e-03	1.07e-01	4.78e-01	3.85e-01	2.36e-02	1.19e-03	2.91e-05	3.11e-06	1.44e-07	0.00e+00	0.00e+00
 4.50066e+22	1.43e-19	5.15e-08	4.43e-06	5.12e-05	6.39e-03	1.14e-01	4.85e-01	3.72e-01	2.16e-02	1.06e-03	2.50e-05	2.62e-06	0.00e+00	0.00e+00	0.00e+00
 4.52896e+22	1.83e-19	6.24e-08	5.31e-06	6.03e-05	7.14e-03	1.21e-01	4.92e-01	3.60e-01	1.98e-02	9.39e-04	2.15e-05	2.22e-06	0.00e+00	0.00e+00	0.00e+00
 4.56145e+22	2.52e-19	7.96e-08	6.65e-06	7.37e-05	8.20e-03	1.30e-01	4.99e-01	3.44e-01	1.78e-02	8.11e-04	1.78e-05	1.81e-06	0.00e+00	0.00e+00	0.00e+00
 4.59546e+22	3.32e-19	9.87e-08	8.15e-06	8.88e-05	9.31e-03	1.39e-01	5.05e-01	3.29e-01	1.60e-02	7.06e-04	1.50e-05	1.49e-06	0.00e+00	0.00e+00	0.00e+00
 4.62607e+22	4.33e-19	1.21e-07	9.80e-06	1.05e-04	1.04e-02	1.48e-01	5.10e-01	3.16e-01	1.46e-02	6.25e-04	1.28e-05	1.25e-06	0.00e+00	0.00e+00	0.00e+00
 4.65354e+22	5.41e-19	1.43e-07	1.15e-05	1.21e-04	1.15e-02	1.56e-01	5.14e-01	3.05e-01	1.34e-02	5.58e-04	1.11e-05	1.07e-06	0.00e+00	0.00e+00	0.00e+00
 4.67808e+22	6.61e-19	1.67e-07	1.33e-05	1.37e-04	1.25e-02	1.63e-01	5.16e-01	2.95e-01	1.24e-02	5.07e-04	9.83e-06	9.35e-07	0.00e+00	0.00e+00	0.00e+00
 4.70577e+22	8.64e-19	2.04e-07	1.60e-05	1.62e-04	1.40e-02	1.73e-01	5.19e-01	2.82e-01	1.12e-02	4.46e-04	8.36e-06	7.82e-07	0.00e+00	0.00e+00	0.00e+00
 4.73496e+22	1.08e-18	2.43e-07	1.88e-05	1.88e-04	1.54e-02	1.81e-01	5.22e-01	2.71e-01	1.02e-02	3.98e-04	7.23e-06	6.67e-07	0.00e+00	0.00e+00	0.00e+00
 4.76609e+22	1.45e-18	3.04e-07	2.31e-05	2.25e-04	1.74e-02	1.93e-01	5.23e-01	2.57e-01	9.14e-03	3.44e-04	6.01e-06	5.45e-07	0.00e+00	0.00e+00	0.00e+00
 4.79779e+22	1.86e-18	3.67e-07	2.76e-05	2.64e-04	1.93e-02	2.03e-01	5.24e-01	2.45e-01	8.25e-03	3.03e-04	5.12e-06	4.57e-07	0.00e+00	0.00e+00	0.00e+00
 4.82550e+22	2.34e-18	4.36e-07	3.24e-05	3.05e-04	2.12e-02	2.13e-01	5.24e-01	2.34e-01	7.50e-03	2.70e-04	4.40e-06	3.88e-07	0.00e+00	0.00e+00	0.00e+00
 4.85681e+22	3.12e-18	5.42e-07	3.96e-05	3.64e-04	2.39e-02	2.25e-01	5.23e-01	2.21e-01	6.66e-03	2.33e-04	3.66e-06	3.17e-07	0.00e+00	0.00e+00	0.00e+00
 4.88878e+22	3.98e-18	6.51e-07	4.69e-05	4.24e-04	2.63e-02	2.36e-01	5.22e-01	2.09e-01	6.00e-03	2.05e-04	3.11e-06	2.66e-07	0.00e+00	0.00e+00	0.00e+00
 4.91701e+22	5.00e-18	7.75e-07	5.51e-05	4.90e-04	2.89e-02	2.46e-01	5.19e-01	1.99e-01	5.42e-03	1.81e-04	2.66e-06	2.25e-07	0.00e+00	0.00e+00	0.00e+00
 4.94908e+22	6.71e-18	9.64e-07	6.73e-05	5.85e-04	3.24e-02	2.60e-01	5.16e-01	1.87e-01	4.78e-03	1.56e-04	2.20e-06	1.82e-07	0.00e+00	0.00e+00	0.00e+00
 4.98210e+22	8.61e-18	1.16e-06	8.00e-05	6.83e-04	3.58e-02	2.71e-01	5.12e-01	1.76e-01	4.26e-03	1.36e-04	1.85e-06	1.52e-07	0.00e+00	0.00e+00	0.00e+00
 5.01151e+22	1.09e-17	1.39e-06	9.42e-05	7.90e-04	3.92e-02	2.83e-01	5.07e-01	1.66e-01	3.82e-03	1.20e-04	1.57e-06	1.27e-07	0.00e+00	0.00e+00	0.00e+00
 5.04491e+22	1.48e-17	1.73e-06	1.16e-04	9.45e-04	4.39e-02	2.97e-01	5.01e-01	1.54e-01	3.33e-03	1.02e-04	1.28e-06	0.00e+00	0.00e+00	0.00e+00	0.00e+00
 5.07948e+22	1.92e-17	2.10e-06	1.38e-04	1.11e-03	4.85e-02	3.09e-01	4.94e-01	1.44e-01	2.94e-03	8.79e-05	1.06e-06	0.00e+00	0.00e+00	0.00e+00	0.00e+00
 5.11041e+22	2.46e-17	2.52e-06	1.63e-04	1.28e-03	5.32e-02	3.21e-01	4.86e-01	1.35e-01	2.61e-03	7.66e-05	8.91e-07	0.00e+00	0.00e+00	0.00e+00	0.00e+00
 5.14547e+22	3.37e-17	3.17e-06	2.01e-04	1.54e-03	5.96e-02	3.36e-01	4.76e-01	1.24e-01	2.24e-03	6.44e-05	7.14e-07	0.00e+00	0.00e+00	0.00e+00	0.00e+00
 5.18143e+22	4.42e-17	3.85e-06	2.40e-04	1.81e-03	6.57e-02	3.49e-01	4.67e-01	1.15e-01	1.96e-03	5.52e-05	5.86e-07	0.00e+00	0.00e+00	0.00e+00	0.00e+00
 5.21316e+22	5.70e-17	4.61e-06	2.83e-04	2.10e-03	7.18e-02	3.60e-01	4.57e-01	1.07e-01	1.73e-03	4.78e-05	4.88e-07	0.00e+00	0.00e+00	0.00e+00	0.00e+00
 5.24901e+22	7.87e-17	5.80e-06	3.48e-04	2.52e-03	8.01e-02	3.74e-01	4.44e-01	9.73e-02	1.47e-03	3.98e-05	3.87e-07	0.00e+00	0.00e+00	0.00e+00	0.00e+00
 5.28592e+22	1.04e-16	7.05e-06	4.16e-04	2.95e-03	8.80e-02	3.86e-01	4.32e-01	8.94e-02	1.27e-03	3.38e-05	3.15e-07	0.00e+00	0.00e+00	0.00e+00	0.00e+00
 5.31867e+22	1.36e-16	8.47e-06	4.90e-04	3.41e-03	9.59e-02	3.97e-01	4.20e-01	8.24e-02	1.11e-03	2.90e-05	2.59e-07	0.00e+00	0.00e+00	0.00e+00	0.00e+00
 5.35572e+22	1.91e-16	1.07e-05	6.05e-04	4.11e-03	1.07e-01	4.10e-01	4.04e-01	7.40e-02	9.25e-04	2.38e-05	2.01e-07	0.00e+00	0.00e+00	0.00e+00	0.00e+00
 5.39363e+22	2.56e-16	1.30e-05	7.19e-04	4.79e-03	1.17e-01	4.20e-01	3.90e-01	6.74e-02	7.94e-04	2.01e-05	1.63e-07	0.00e+00	0.00e+00	0.00e+00	0.00e+00
 5.43268e+22	3.65e-16	1.65e-05	8.92e-04	5.79e-03	1.30e-01	4.32e-01	3.71e-01	5.98e-02	6.54e-04	1.63e-05	1.24e-07	0.00e+00	0.00e+00	0.00e+00	0.00e+00
 5.47226e+22	4.88e-16	2.01e-05	1.06e-03	6.77e-03	1.42e-01	4.41e-01	3.56e-01	5.39e-02	5.54e-04	1.36e-05	0.00e+00	0.00e+00	0.00e+00	0.00e+00	0.00e+00
 5.51254e+22	7.05e-16	2.56e-05	1.32e-03	8.13e-03	1.57e-01	4.50e-01	3.36e-01	4.74e-02	4.54e-04	1.09e-05	0.00e+00	0.00e+00	0.00e+00	0.00e+00	0.00e+00
 5.55386e+22	9.66e-16	3.16e-05	1.58e-03	9.55e-03	1.71e-01	4.56e-01	3.19e-01	4.22e-02	3.78e-04	8.97e-06	0.00e+00	0.00e+00	0.00e+00	0.00e+00	0.00e+00
 5.59045e+22	1.29e-15	3.84e-05	1.88e-03	1.11e-02	1.85e-01	4.62e-01	3.03e-01	3.77e-02	3.17e-04	7.43e-06	0.00e+00	0.00e+00	0.00e+00	0.00e+00	0.00e+00
 5.63192e+22	1.88e-15	4.93e-05	2.33e-03	1.33e-02	2.03e-01	4.66e-01	2.82e-01	3.25e-02	2.54e-04	5.86e-06	0.00e+00	0.00e+00	0.00e+00	0.00e+00	0.00e+00
 5.67463e+22	2.59e-15	6.07e-05	2.79e-03	1.56e-02	2.20e-01	4.68e-01	2.65e-01	2.86e-02	2.09e-04	4.76e-06	0.00e+00	0.00e+00	0.00e+00	0.00e+00	0.00e+00
 5.71270e+22	3.51e-15	7.41e-05	3.31e-03	1.80e-02	2.37e-01	4.69e-01	2.48e-01	2.51e-02	1.73e-04	3.88e-06	0.00e+00	0.00e+00	0.00e+00	0.00e+00	0.00e+00
 5.75593e+22	5.18e-15	9.57e-05	4.11e-03	2.16e-02	2.58e-01	4.68e-01	2.27e-01	2.13e-02	1.36e-04	2.99e-06	0.00e+00	0.00e+00	0.00e+00	0.00e+00	0.00e+00
 5.79968e+22	7.16e-15	1.18e-04	4.88e-03	2.50e-02	2.76e-01	4.65e-01	2.10e-01	1.85e-02	1.10e-04	2.41e-06	0.00e+00	0.00e+00	0.00e+00	0.00e+00	0.00e+00
 5.83811e+22	9.74e-15	1.44e-04	5.77e-03	2.88e-02	2.95e-01	4.60e-01	1.94e-01	1.60e-02	9.00e-05	1.94e-06	0.00e+00	0.00e+00	0.00e+00	0.00e+00	0.00e+00
 5.87371e+22	1.28e-14	1.71e-04	6.65e-03	3.24e-02	3.10e-01	4.55e-01	1.81e-01	1.41e-02	7.54e-05	1.61e-06	0.00e+00	0.00e+00	0.00e+00	0.00e+00	0.00e+00
 5.91161e+22	1.79e-14	2.12e-04	7.94e-03	3.74e-02	3.30e-01	4.47e-01	1.65e-01	1.20e-02	6.03e-05	1.27e-06	0.00e+00	0.00e+00	0.00e+00	0.00e+00	0.00e+00
 5.95017e+22	2.39e-14	2.54e-04	9.20e-03	4.21e-02	3.47e-01	4.39e-01	1.52e-01	1.05e-02	4.96e-05	1.03e-06	0.00e+00	0.00e+00	0.00e+00	0.00e+00	0.00e+00
 5.98403e+22	3.15e-14	3.01e-04	1.06e-02	4.71e-02	3.63e-01	4.30e-01	1.41e-01	9.14e-03	4.11e-05	8.45e-07	0.00e+00	0.00e+00	0.00e+00	0.00e+00	0.00e+00
 6.02248e+22	4.46e-14	3.74e-04	1.26e-02	5.41e-02	3.82e-01	4.17e-01	1.26e-01	7.65e-03	3.23e-05	6.54e-07	0.00e+00	0.00e+00	0.00e+00	0.00e+00	0.00e+00
 6.06170e+22	6.00e-14	4.47e-04	1.45e-02	6.06e-02	3.98e-01	4.05e-01	1.15e-01	6.56e-03	2.62e-05	5.25e-07	0.00e+00	0.00e+00	0.00e+00	0.00e+00	0.00e+00
 6.10189e+22	8.61e-14	5.58e-04	1.73e-02	6.92e-02	4.17e-01	3.89e-01	1.02e-01	5.42e-03	2.03e-05	4.01e-07	0.00e+00	0.00e+00	0.00e+00	0.00e+00	0.00e+00
 6.14300e+22	1.20e-13	6.75e-04	2.00e-02	7.76e-02	4.32e-01	3.74e-01	9.13e-02	4.55e-03	1.61e-05	3.14e-07	0.00e+00	0.00e+00	0.00e+00	0.00e+00	0.00e+00
 6.17898e+22	1.60e-13	8.03e-04	2.28e-02	8.57e-02	4.45e-01	3.59e-01	8.24e-02	3.88e-03	1.31e-05	2.51e-07	0.00e+00	0.00e+00	0.00e+00	0.00e+00	0.00e+00
 6.21238e+22	2.11e-13	9.41e-04	2.58e-02	9.38e-02	4.56e-01	3.45e-01	7.46e-02	3.33e-03	1.07e-05	2.04e-07	0.00e+00	0.00e+00	0.00e+00	0.00e+00	0.00e+00
 6.24391e+22	2.80e-13	1.09e-03	2.89e-02	1.02e-01	4.66e-01	3.32e-01	6.79e-02	2.88e-03	8.91e-06	1.67e-07	0.00e+00	0.00e+00	0.00e+00	0.00e+00	0.00e+00
 6.28003e+22	3.90e-13	1.32e-03	3.34e-02	1.13e-01	4.77e-01	3.13e-01	5.97e-02	2.38e-03	6.96e-06	1.29e-07	0.00e+00	0.00e+00	0.00e+00	0.00e+00	0.00e+00
 6.31674e+22	5.29e-13	1.55e-03	3.75e-02	1.23e-01	4.85e-01	2.98e-01	5.33e-02	2.01e-03	5.62e-06	0.00e+00	0.00e+00	0.00e+00	0.00e+00	0.00e+00	0.00e+00
 6.34901e+22	6.92e-13	1.80e-03	4.20e-02	1.33e-01	4.91e-01	2.83e-01	4.77e-02	1.70e-03	4.57e-06	0.00e+00	0.00e+00	0.00e+00	0.00e+00	0.00e+00	0.00e+00
 6.38575e+22	9.91e-13	2.18e-03	4.82e-02	1.46e-01	4.97e-01	2.64e-01	4.13e-02	1.38e-03	3.52e-06	0.00e+00	0.00e+00	0.00e+00	0.00e+00	0.00e+00	0.00e+00
 6.42307e+22	1.36e-12	2.55e-03	5.39e-02	1.57e-01	5.01e-01	2.48e-01	3.64e-02	1.15e-03	2.80e-06	0.00e+00	0.00e+00	0.00e+00	0.00e+00	0.00e+00	0.00e+00
 6.45597e+22	1.78e-12	2.96e-03	6.00e-02	1.69e-01	5.03e-01	2.32e-01	3.22e-02	9.66e-04	2.26e-06	0.00e+00	0.00e+00	0.00e+00	0.00e+00	0.00e+00	0.00e+00
 6.49355e+22	2.64e-12	3.58e-03	6.85e-02	1.84e-01	5.03e-01	2.13e-01	2.73e-02	7.66e-04	1.70e-06	0.00e+00	0.00e+00	0.00e+00	0.00e+00	0.00e+00	0.00e+00
 6.53154e+22	3.61e-12	4.16e-03	7.60e-02	1.96e-01	5.01e-01	1.98e-01	2.38e-02	6.32e-04	1.35e-06	0.00e+00	0.00e+00	0.00e+00	0.00e+00	0.00e+00	0.00e+00
 6.57006e+22	5.38e-12	5.00e-03	8.63e-02	2.12e-01	4.97e-01	1.80e-01	1.99e-02	4.95e-04	1.00e-06	0.00e+00	0.00e+00	0.00e+00	0.00e+00	0.00e+00	0.00e+00
 6.60912e+22	8.10e-12	5.82e-03	9.55e-02	2.25e-01	4.91e-01	1.65e-01	1.71e-02	4.02e-04	7.81e-07	0.00e+00	0.00e+00	0.00e+00	0.00e+00	0.00e+00	0.00e+00
 6.64885e+22	1.24e-11	7.00e-03	1.08e-01	2.41e-01	4.82e-01	1.48e-01	1.41e-02	3.08e-04	5.71e-07	0.00e+00	0.00e+00	0.00e+00	0.00e+00	0.00e+00	0.00e+00
 6.68897e+22	1.96e-11	8.12e-03	1.19e-01	2.54e-01	4.72e-01	1.34e-01	1.20e-02	2.47e-04	4.38e-07	0.00e+00	0.00e+00	0.00e+00	0.00e+00	0.00e+00	0.00e+00
 6.72957e+22	3.26e-11	9.73e-03	1.34e-01	2.70e-01	4.58e-01	1.18e-01	9.69e-03	1.86e-04	3.15e-07	0.00e+00	0.00e+00	0.00e+00	0.00e+00	0.00e+00	0.00e+00
 6.77074e+22	6.11e-11	1.13e-02	1.46e-01	2.83e-01	4.45e-01	1.06e-01	8.09e-03	1.46e-04	2.38e-07	0.00e+00	0.00e+00	0.00e+00	0.00e+00	0.00e+00	0.00e+00
 6.81265e+22	1.10e-10	1.35e-02	1.63e-01	2.97e-01	4.27e-01	9.22e-02	6.44e-03	1.08e-04	1.68e-07	0.00e+00	0.00e+00	0.00e+00	0.00e+00	0.00e+00	0.00e+00
 6.85529e+22	2.38e-10	1.56e-02	1.78e-01	3.09e-01	4.11e-01	8.16e-02	5.29e-03	8.38e-05	1.25e-07	0.00e+00	0.00e+00	0.00e+00	0.00e+00	0.00e+00	0.00e+00
 6.89885e+22	4.61e-10	1.86e-02	1.97e-01	3.22e-01	3.89e-01	6.96e-02	4.11e-03	6.05e-05	0.00e+00	0.00e+00	0.00e+00	0.00e+00	0.00e+00	0.00e+00	0.00e+00
 6.93292e+22	7.77e-10	1.99e-02	2.05e-01	3.27e-01	3.80e-01	6.50e-02	3.69e-03	5.25e-05	0.00e+00	0.00e+00	0.00e+00	0.00e+00	0.00e+00	0.00e+00	0.00e+00
 6.94948e+22	1.08e-09	2.09e-02	2.10e-01	3.30e-01	3.73e-01	6.21e-02	3.44e-03	4.79e-05	0.00e+00	0.00e+00	0.00e+00	0.00e+00	0.00e+00	0.00e+00	0.00e+00
 6.96583e+22	1.37e-09	2.23e-02	2.18e-01	3.34e-01	3.64e-01	5.81e-02	3.10e-03	4.19e-05	0.00e+00	0.00e+00	0.00e+00	0.00e+00	0.00e+00	0.00e+00	0.00e+00
 6.98710e+22	1.79e-09	2.41e-02	2.28e-01	3.39e-01	3.53e-01	5.36e-02	2.74e-03	3.58e-05	0.00e+00	0.00e+00	0.00e+00	0.00e+00	0.00e+00	0.00e+00	0.00e+00
 7.01474e+22	3.08e-09	2.69e-02	2.42e-01	3.45e-01	3.36e-01	4.77e-02	2.29e-03	2.86e-05	0.00e+00	0.00e+00	0.00e+00	0.00e+00	0.00e+00	0.00e+00	0.00e+00
 7.04535e+22	5.00e-09	2.97e-02	2.55e-01	3.50e-01	3.21e-01	4.27e-02	1.94e-03	2.31e-05	0.00e+00	0.00e+00	0.00e+00	0.00e+00	0.00e+00	0.00e+00	0.00e+00
 7.07983e+22	9.37e-09	3.37e-02	2.72e-01	3.54e-01	3.02e-01	3.68e-02	1.55e-03	1.74e-05	0.00e+00	0.00e+00	0.00e+00	0.00e+00	0.00e+00	0.00e+00	0.00e+00
 7.12466e+22	3.35e-08	3.98e-02	2.96e-01	3.58e-01	2.75e-01	3.00e-02	1.14e-03	1.19e-05	0.00e+00	0.00e+00	0.00e+00	0.00e+00	0.00e+00	0.00e+00	0.00e+00
 7.16370e+22	5.82e-08	4.31e-02	3.06e-01	3.60e-01	2.62e-01	2.69e-02	9.72e-04	9.70e-06	0.00e+00	0.00e+00	0.00e+00	0.00e+00	0.00e+00	0.00e+00	0.00e+00
 7.19523e+22	8.99e-08	4.81e-02	3.22e-01	3.61e-01	2.45e-01	2.32e-02	7.81e-04	7.40e-06	0.00e+00	0.00e+00	0.00e+00	0.00e+00	0.00e+00	0.00e+00	0.00e+00
 7.22800e+22	1.46e-07	5.25e-02	3.35e-01	3.60e-01	2.31e-01	2.05e-02	6.49e-04	5.89e-06	0.00e+00	0.00e+00	0.00e+00	0.00e+00	0.00e+00	0.00e+00	0.00e+00
 7.26238e+22	2.12e-07	5.83e-02	3.51e-01	3.59e-01	2.14e-01	1.74e-02	5.14e-04	4.43e-06	0.00e+00	0.00e+00	0.00e+00	0.00e+00	0.00e+00	0.00e+00	0.00e+00
 7.29757e+22	3.00e-07	6.41e-02	3.64e-01	3.56e-01	1.99e-01	1.51e-02	4.18e-04	3.44e-06	0.00e+00	0.00e+00	0.00e+00	0.00e+00	0.00e+00	0.00e+00	0.00e+00
 7.33383e+22	4.24e-07	7.16e-02	3.81e-01	3.52e-01	1.82e-01	1.26e-02	3.23e-04	2.51e-06	0.00e+00	0.00e+00	0.00e+00	0.00e+00	0.00e+00	0.00e+00	0.00e+00
 7.36983e+22	5.61e-07	7.84e-02	3.94e-01	3.48e-01	1.69e-01	1.09e-02	2.62e-04	1.94e-06	0.00e+00	0.00e+00	0.00e+00	0.00e+00	0.00e+00	0.00e+00	0.00e+00
 7.40549e+22	7.48e-07	8.73e-02	4.09e-01	3.40e-01	1.54e-01	9.02e-03	2.01e-04	1.41e-06	0.00e+00	0.00e+00	0.00e+00	0.00e+00	0.00e+00	0.00e+00	0.00e+00
 7.44112e+22	9.43e-07	9.52e-02	4.20e-01	3.34e-01	1.42e-01	7.75e-03	1.62e-04	1.09e-06	0.00e+00	0.00e+00	0.00e+00	0.00e+00	0.00e+00	0.00e+00	0.00e+00
 7.47670e+22	1.22e-06	1.06e-01	4.34e-01	3.25e-01	1.28e-01	6.36e-03	1.23e-04	7.80e-07	0.00e+00	0.00e+00	0.00e+00	0.00e+00	0.00e+00	0.00e+00	0.00e+00
 7.51228e+22	1.49e-06	1.15e-01	4.44e-01	3.17e-01	1.18e-01	5.42e-03	9.79e-05	5.97e-07	0.00e+00	0.00e+00	0.00e+00	0.00e+00	0.00e+00	0.00e+00	0.00e+00
 7.54785e+22	1.88e-06	1.28e-01	4.56e-01	3.06e-01	1.05e-01	4.40e-03	7.33e-05	4.24e-07	0.00e+00	0.00e+00	0.00e+00	0.00e+00	0.00e+00	0.00e+00	0.00e+00
 7.58333e+22	2.25e-06	1.39e-01	4.64e-01	2.96e-01	9.63e-02	3.72e-03	5.82e-05	3.23e-07	0.00e+00	0.00e+00	0.00e+00	0.00e+00	0.00e+00	0.00e+00	0.00e+00
 7.61869e+22	2.78e-06	1.55e-01	4.74e-01	2.83e-01	8.53e-02	2.98e-03	4.29e-05	2.26e-07	0.00e+00	0.00e+00	0.00e+00	0.00e+00	0.00e+00	0.00e+00	0.00e+00
 7.65334e+22	3.29e-06	1.68e-01	4.79e-01	2.73e-01	7.75e-02	2.51e-03	3.39e-05	1.71e-07	0.00e+00	0.00e+00	0.00e+00	0.00e+00	0.00e+00	0.00e+00	0.00e+00
 7.68708e+22	3.99e-06	1.87e-01	4.84e-01	2.59e-01	6.82e-02	2.00e-03	2.48e-05	0.00e+00	0.00e+00	0.00e+00	0.00e+00	0.00e+00	0.00e+00	0.00e+00	0.00e+00
 7.72028e+22	4.65e-06	2.02e-01	4.86e-01	2.48e-01	6.17e-02	1.67e-03	1.95e-05	0.00e+00	0.00e+00	0.00e+00	0.00e+00	0.00e+00	0.00e+00	0.00e+00	0.00e+00
 7.75278e+22	5.57e-06	2.24e-01	4.88e-01	2.33e-01	5.38e-02	1.31e-03	1.41e-05	0.00e+00	0.00e+00	0.00e+00	0.00e+00	0.00e+00	0.00e+00	0.00e+00	0.00e+00
 7.78482e+22	6.42e-06	2.43e-01	4.86e-01	2.22e-01	4.83e-02	1.09e-03	1.10e-05	0.00e+00	0.00e+00	0.00e+00	0.00e+00	0.00e+00	0.00e+00	0.00e+00	0.00e+00
 7.81629e+22	7.61e-06	2.67e-01	4.82e-01	2.07e-01	4.17e-02	8.47e-04	7.88e-06	0.00e+00	0.00e+00	0.00e+00	0.00e+00	0.00e+00	0.00e+00	0.00e+00	0.00e+00
 7.84741e+22	8.71e-06	2.89e-01	4.77e-01	1.96e-01	3.70e-02	6.92e-04	6.03e-06	0.00e+00	0.00e+00	0.00e+00	0.00e+00	0.00e+00	0.00e+00	0.00e+00	0.00e+00
 7.87392e+22	9.91e-06	3.12e-01	4.70e-01	1.85e-01	3.27e-02	5.62e-04	4.59e-06	0.00e+00	0.00e+00	0.00e+00	0.00e+00	0.00e+00	0.00e+00	0.00e+00	0.00e+00
 7.90011e+22	1.12e-05	3.34e-01	4.61e-01	1.75e-01	2.89e-02	4.57e-04	3.50e-06	0.00e+00	0.00e+00	0.00e+00	0.00e+00	0.00e+00	0.00e+00	0.00e+00	0.00e+00
