#depth	He	He+	He+2
 4.62852e+21	1.28e-08	1.51e-03	9.98e-01
 1.03956e+22	2.98e-08	2.23e-03	9.98e-01
 1.21034e+22	4.48e-08	2.70e-03	9.97e-01
 1.30847e+22	5.99e-08	3.10e-03	9.97e-01
 1.36300e+22	6.62e-08	3.25e-03	9.97e-01
 1.39366e+22	7.42e-08	3.43e-03	9.97e-01
 1.42790e+22	8.34e-08	3.63e-03	9.96e-01
 1.46101e+22	9.29e-08	3.82e-03	9.96e-01
 1.49824e+22	1.07e-07	4.09e-03	9.96e-01
 1.53552e+22	1.20e-07	4.32e-03	9.96e-01
 1.57288e+22	1.38e-07	4.61e-03	9.95e-01
 1.61141e+22	1.56e-07	4.89e-03	9.95e-01
 1.64578e+22	1.75e-07	5.17e-03	9.95e-01
 1.67840e+22	1.94e-07	5.45e-03	9.95e-01
 1.71443e+22	2.22e-07	5.80e-03	9.94e-01
 1.75189e+22	2.49e-07	6.14e-03	9.94e-01
 1.78572e+22	2.78e-07	6.48e-03	9.94e-01
 1.82418e+22	3.21e-07	6.95e-03	9.93e-01
 1.86394e+22	3.63e-07	7.38e-03	9.93e-01
 1.89686e+22	4.02e-07	7.75e-03	9.92e-01
 1.93110e+22	4.55e-07	8.24e-03	9.92e-01
 1.96673e+22	5.08e-07	8.70e-03	9.91e-01
 2.00416e+22	5.81e-07	9.29e-03	9.91e-01
 2.04233e+22	6.54e-07	9.84e-03	9.90e-01
 2.07481e+22	7.25e-07	1.04e-02	9.90e-01
 2.11039e+22	8.25e-07	1.10e-02	9.89e-01
 2.14717e+22	9.24e-07	1.17e-02	9.88e-01
 2.18025e+22	1.03e-06	1.23e-02	9.88e-01
 2.21801e+22	1.18e-06	1.31e-02	9.87e-01
 2.25643e+22	1.33e-06	1.39e-02	9.86e-01
 2.29023e+22	1.48e-06	1.47e-02	9.85e-01
 2.32871e+22	1.70e-06	1.57e-02	9.84e-01
 2.36842e+22	1.93e-06	1.67e-02	9.83e-01
 2.40377e+22	2.16e-06	1.77e-02	9.82e-01
 2.44376e+22	2.50e-06	1.90e-02	9.81e-01
 2.48529e+22	2.84e-06	2.03e-02	9.80e-01
 2.52258e+22	3.21e-06	2.15e-02	9.79e-01
 2.56481e+22	3.75e-06	2.32e-02	9.77e-01
 2.60850e+22	4.28e-06	2.48e-02	9.75e-01
 2.64787e+22	4.87e-06	2.64e-02	9.74e-01
 2.68414e+22	5.43e-06	2.78e-02	9.72e-01
 2.72263e+22	6.27e-06	2.99e-02	9.70e-01
 2.76537e+22	7.21e-06	3.20e-02	9.68e-01
 2.80721e+22	8.26e-06	3.42e-02	9.66e-01
 2.84480e+22	9.21e-06	3.61e-02	9.64e-01
 2.88327e+22	1.06e-05	3.87e-02	9.61e-01
 2.92186e+22	1.19e-05	4.08e-02	9.59e-01
 2.96059e+22	1.36e-05	4.36e-02	9.56e-01
 3.00008e+22	1.53e-05	4.62e-02	9.54e-01
 3.03440e+22	1.71e-05	4.87e-02	9.51e-01
 3.07289e+22	1.96e-05	5.20e-02	9.48e-01
 3.11242e+22	2.20e-05	5.51e-02	9.45e-01
 3.14740e+22	2.46e-05	5.81e-02	9.42e-01
 3.18693e+22	2.82e-05	6.21e-02	9.38e-01
 3.22774e+22	3.18e-05	6.58e-02	9.34e-01
 3.26413e+22	3.56e-05	6.95e-02	9.30e-01
 3.30534e+22	4.10e-05	7.43e-02	9.26e-01
 3.34802e+22	4.64e-05	7.89e-02	9.21e-01
 3.38623e+22	5.20e-05	8.33e-02	9.17e-01
 3.42954e+22	6.06e-05	8.96e-02	9.10e-01
 3.47307e+22	6.79e-05	9.46e-02	9.05e-01
 3.51691e+22	7.86e-05	1.01e-01	8.99e-01
 3.56199e+22	8.85e-05	1.07e-01	8.93e-01
 3.60052e+22	9.89e-05	1.13e-01	8.87e-01
 3.63657e+22	1.10e-04	1.19e-01	8.81e-01
 3.67758e+22	1.25e-04	1.26e-01	8.74e-01
 3.71991e+22	1.40e-04	1.33e-01	8.67e-01
 3.75698e+22	1.56e-04	1.40e-01	8.60e-01
 3.79821e+22	1.77e-04	1.48e-01	8.52e-01
 3.84101e+22	1.98e-04	1.56e-01	8.44e-01
 3.87899e+22	2.20e-04	1.63e-01	8.36e-01
 3.92147e+22	2.51e-04	1.73e-01	8.26e-01
 3.96480e+22	2.80e-04	1.82e-01	8.18e-01
 4.00330e+22	3.11e-04	1.91e-01	8.09e-01
 4.04741e+22	3.56e-04	2.03e-01	7.97e-01
 4.09181e+22	3.94e-04	2.12e-01	7.87e-01
 4.13660e+22	4.52e-04	2.25e-01	7.74e-01
 4.18181e+22	5.02e-04	2.36e-01	7.64e-01
 4.22758e+22	5.73e-04	2.50e-01	7.50e-01
 4.27442e+22	6.40e-04	2.62e-01	7.38e-01
 4.30649e+22	6.83e-04	2.69e-01	7.31e-01
 4.33201e+22	7.33e-04	2.77e-01	7.22e-01
 4.36519e+22	8.01e-04	2.87e-01	7.12e-01
 4.40832e+22	9.08e-04	3.03e-01	6.96e-01
 4.45475e+22	1.01e-03	3.16e-01	6.83e-01
 4.49794e+22	1.12e-03	3.30e-01	6.69e-01
 4.53993e+22	1.24e-03	3.44e-01	6.55e-01
 4.58098e+22	1.37e-03	3.57e-01	6.41e-01
 4.62747e+22	1.55e-03	3.75e-01	6.24e-01
 4.66902e+22	1.67e-03	3.86e-01	6.13e-01
 4.70415e+22	1.83e-03	3.99e-01	5.99e-01
 4.74010e+22	1.98e-03	4.11e-01	5.87e-01
 4.77222e+22	2.13e-03	4.22e-01	5.76e-01
 4.80911e+22	2.33e-03	4.36e-01	5.62e-01
 4.84690e+22	2.53e-03	4.49e-01	5.49e-01
 4.88008e+22	2.72e-03	4.60e-01	5.37e-01
 4.91746e+22	2.98e-03	4.75e-01	5.22e-01
 4.95602e+22	3.22e-03	4.88e-01	5.09e-01
 4.99073e+22	3.48e-03	5.01e-01	4.96e-01
 5.03049e+22	3.81e-03	5.16e-01	4.80e-01
 5.07122e+22	4.14e-03	5.30e-01	4.66e-01
 5.10739e+22	4.47e-03	5.43e-01	4.53e-01
 5.14859e+22	4.92e-03	5.59e-01	4.36e-01
 5.19069e+22	5.32e-03	5.73e-01	4.22e-01
 5.23397e+22	5.87e-03	5.90e-01	4.04e-01
 5.27751e+22	6.35e-03	6.03e-01	3.91e-01
 5.32141e+22	7.03e-03	6.20e-01	3.72e-01
 5.36537e+22	7.57e-03	6.33e-01	3.59e-01
 5.40942e+22	8.30e-03	6.49e-01	3.43e-01
 5.45514e+22	9.05e-03	6.63e-01	3.28e-01
 5.49654e+22	9.78e-03	6.76e-01	3.14e-01
 5.54387e+22	1.08e-02	6.93e-01	2.96e-01
 5.59199e+22	1.17e-02	7.06e-01	2.83e-01
 5.64113e+22	1.30e-02	7.23e-01	2.64e-01
 5.69062e+22	1.41e-02	7.35e-01	2.51e-01
 5.74056e+22	1.56e-02	7.51e-01	2.33e-01
 5.79175e+22	1.70e-02	7.63e-01	2.20e-01
 5.84454e+22	1.89e-02	7.78e-01	2.03e-01
 5.89909e+22	2.06e-02	7.90e-01	1.90e-01
 5.94260e+22	2.21e-02	7.99e-01	1.79e-01
 5.97968e+22	2.36e-02	8.08e-01	1.69e-01
 6.02178e+22	2.56e-02	8.17e-01	1.57e-01
 6.06487e+22	2.75e-02	8.25e-01	1.47e-01
 6.10340e+22	2.95e-02	8.33e-01	1.38e-01
 6.14764e+22	3.22e-02	8.41e-01	1.27e-01
 6.19289e+22	3.48e-02	8.48e-01	1.17e-01
 6.23277e+22	3.74e-02	8.54e-01	1.09e-01
 6.27794e+22	4.11e-02	8.61e-01	9.83e-02
 6.32380e+22	4.44e-02	8.65e-01	9.02e-02
 6.36402e+22	4.78e-02	8.69e-01	8.28e-02
 6.40980e+22	5.26e-02	8.73e-01	7.42e-02
 6.45671e+22	5.74e-02	8.76e-01	6.68e-02
 6.49599e+22	6.19e-02	8.77e-01	6.09e-02
 6.53793e+22	6.80e-02	8.78e-01	5.44e-02
 6.58204e+22	7.44e-02	8.77e-01	4.86e-02
 6.62092e+22	8.07e-02	8.75e-01	4.39e-02
 6.65615e+22	8.71e-02	8.73e-01	4.00e-02
 6.68959e+22	9.41e-02	8.70e-01	3.64e-02
 6.72297e+22	1.02e-01	8.65e-01	3.31e-02
 6.75604e+22	1.11e-01	8.59e-01	3.01e-02
 6.77750e+22	1.15e-01	8.56e-01	2.90e-02
 6.78554e+22	1.17e-01	8.55e-01	2.84e-02
 6.79200e+22	1.19e-01	8.53e-01	2.79e-02
 6.79977e+22	1.21e-01	8.51e-01	2.72e-02
 6.80826e+22	1.24e-01	8.49e-01	2.66e-02
 6.81638e+22	1.27e-01	8.47e-01	2.60e-02
 6.82407e+22	1.30e-01	8.45e-01	2.54e-02
 6.83166e+22	1.33e-01	8.43e-01	2.49e-02
 6.83917e+22	1.35e-01	8.40e-01	2.44e-02
 6.84667e+22	1.38e-01	8.38e-01	2.38e-02
 6.85398e+22	1.41e-01	8.35e-01	2.34e-02
 6.86112e+22	1.44e-01	8.33e-01	2.29e-02
 6.86818e+22	1.47e-01	8.30e-01	2.25e-02
 6.87501e+22	1.51e-01	8.27e-01	2.20e-02
 6.88159e+22	1.53e-01	8.25e-01	2.17e-02
 6.88812e+22	1.57e-01	8.22e-01	2.13e-02
 6.89469e+22	1.60e-01	8.19e-01	2.09e-02
 6.90122e+22	1.63e-01	8.16e-01	2.05e-02
 6.90764e+22	1.67e-01	8.13e-01	2.02e-02
 6.91381e+22	1.70e-01	8.10e-01	1.98e-02
 6.91975e+22	1.73e-01	8.07e-01	1.96e-02
 6.92566e+22	1.77e-01	8.04e-01	1.93e-02
 6.93168e+22	1.81e-01	8.00e-01	1.90e-02
 6.93760e+22	1.84e-01	7.97e-01	1.87e-02
 6.94332e+22	1.88e-01	7.93e-01	1.84e-02
 6.94870e+22	1.92e-01	7.90e-01	1.82e-02
 6.95404e+22	1.96e-01	7.86e-01	1.80e-02
 6.95951e+22	2.00e-01	7.83e-01	1.77e-02
 6.96497e+22	2.04e-01	7.79e-01	1.75e-02
 6.97035e+22	2.07e-01	7.75e-01	1.74e-02
 6.97594e+22	2.12e-01	7.71e-01	1.71e-02
 6.98149e+22	2.16e-01	7.67e-01	1.70e-02
 6.98675e+22	2.20e-01	7.63e-01	1.68e-02
 6.99195e+22	2.25e-01	7.58e-01	1.66e-02
 6.99699e+22	2.29e-01	7.54e-01	1.65e-02
 7.00201e+22	2.34e-01	7.50e-01	1.64e-02
 7.00715e+22	2.38e-01	7.45e-01	1.62e-02
 7.01231e+22	2.43e-01	7.41e-01	1.61e-02
 7.01745e+22	2.48e-01	7.36e-01	1.60e-02
 7.02257e+22	2.53e-01	7.31e-01	1.59e-02
 7.02768e+22	2.58e-01	7.26e-01	1.58e-02
 7.03281e+22	2.64e-01	7.21e-01	1.57e-02
 7.03798e+22	2.69e-01	7.15e-01	1.56e-02
 7.04322e+22	2.75e-01	7.10e-01	1.56e-02
 7.04853e+22	2.81e-01	7.04e-01	1.55e-02
 7.05389e+22	2.87e-01	6.98e-01	1.54e-02
 7.05932e+22	2.93e-01	6.91e-01	1.54e-02
 7.06483e+22	3.00e-01	6.85e-01	1.53e-02
 7.07046e+22	3.07e-01	6.78e-01	1.53e-02
 7.07623e+22	3.14e-01	6.71e-01	1.53e-02
 7.08111e+22	3.19e-01	6.66e-01	1.53e-02
 7.08473e+22	3.23e-01	6.61e-01	1.54e-02
 7.08818e+22	3.28e-01	6.57e-01	1.53e-02
 7.09200e+22	3.33e-01	6.52e-01	1.53e-02
 7.09607e+22	3.39e-01	6.46e-01	1.53e-02
 7.10011e+22	3.44e-01	6.40e-01	1.53e-02
 7.10401e+22	3.49e-01	6.35e-01	1.53e-02
 7.10798e+22	3.55e-01	6.30e-01	1.52e-02
 7.11209e+22	3.61e-01	6.23e-01	1.52e-02
 7.11618e+22	3.67e-01	6.18e-01	1.52e-02
 7.12026e+22	3.73e-01	6.11e-01	1.51e-02
 7.12445e+22	3.80e-01	6.05e-01	1.51e-02
 7.12874e+22	3.86e-01	5.99e-01	1.50e-02
 7.13310e+22	3.93e-01	5.92e-01	1.50e-02
 7.13750e+22	4.01e-01	5.84e-01	1.49e-02
 7.14190e+22	4.08e-01	5.77e-01	1.48e-02
 7.14636e+22	4.15e-01	5.70e-01	1.47e-02
 7.15097e+22	4.23e-01	5.62e-01	1.46e-02
 7.15570e+22	4.32e-01	5.54e-01	1.45e-02
 7.16044e+22	4.40e-01	5.46e-01	1.44e-02
 7.16524e+22	4.49e-01	5.37e-01	1.42e-02
 7.17020e+22	4.58e-01	5.28e-01	1.40e-02
 7.17526e+22	4.67e-01	5.19e-01	1.39e-02
 7.18036e+22	4.77e-01	5.10e-01	1.37e-02
 7.18556e+22	4.87e-01	5.00e-01	1.34e-02
 7.19090e+22	4.97e-01	4.90e-01	1.32e-02
 7.19638e+22	5.07e-01	4.80e-01	1.30e-02
 7.20198e+22	5.19e-01	4.69e-01	1.27e-02
 7.20755e+22	5.29e-01	4.58e-01	1.24e-02
 7.21314e+22	5.41e-01	4.47e-01	1.22e-02
 7.21886e+22	5.52e-01	4.36e-01	1.19e-02
 7.22472e+22	5.64e-01	4.25e-01	1.16e-02
 7.23062e+22	5.75e-01	4.13e-01	1.12e-02
 7.23649e+22	5.87e-01	4.02e-01	1.09e-02
 7.24238e+22	5.99e-01	3.91e-01	1.06e-02
 7.24832e+22	6.10e-01	3.80e-01	1.03e-02
 7.25428e+22	6.22e-01	3.68e-01	9.92e-03
 7.26025e+22	6.33e-01	3.57e-01	9.59e-03
 7.26628e+22	6.45e-01	3.46e-01	9.25e-03
 7.27229e+22	6.56e-01	3.35e-01	8.92e-03
 7.27823e+22	6.67e-01	3.24e-01	8.59e-03
 7.28414e+22	6.78e-01	3.14e-01	8.26e-03
 7.29009e+22	6.89e-01	3.03e-01	7.93e-03
 7.29601e+22	6.99e-01	2.93e-01	7.60e-03
 7.30190e+22	7.10e-01	2.83e-01	7.28e-03
 7.30773e+22	7.20e-01	2.73e-01	6.97e-03
 7.31349e+22	7.29e-01	2.64e-01	6.67e-03
 7.31908e+22	7.39e-01	2.55e-01	6.38e-03
 7.32435e+22	7.47e-01	2.47e-01	6.11e-03
 7.32931e+22	7.55e-01	2.39e-01	5.86e-03
 7.33399e+22	7.62e-01	2.32e-01	5.63e-03
 7.33845e+22	7.69e-01	2.25e-01	5.40e-03
 7.34270e+22	7.76e-01	2.19e-01	5.20e-03
 7.34677e+22	7.82e-01	2.13e-01	5.00e-03
 7.35058e+22	7.88e-01	2.08e-01	4.81e-03
 7.35413e+22	7.93e-01	2.03e-01	4.65e-03
 7.35761e+22	7.98e-01	1.98e-01	4.48e-03
 7.36106e+22	8.03e-01	1.93e-01	4.32e-03
 7.36437e+22	8.07e-01	1.88e-01	4.17e-03
 7.36745e+22	8.12e-01	1.84e-01	4.04e-03
 7.37025e+22	8.16e-01	1.81e-01	3.92e-03
 7.37279e+22	8.19e-01	1.77e-01	3.80e-03
 7.37511e+22	8.22e-01	1.74e-01	3.70e-03
 7.37722e+22	8.25e-01	1.71e-01	3.61e-03
 7.37914e+22	8.28e-01	1.69e-01	3.53e-03
 7.38089e+22	8.30e-01	1.67e-01	3.46e-03
 7.38280e+22	8.33e-01	1.64e-01	3.36e-03
 7.38487e+22	8.35e-01	1.62e-01	3.30e-03
 7.38713e+22	8.38e-01	1.59e-01	3.20e-03
 7.38958e+22	8.41e-01	1.56e-01	3.11e-03
 7.39180e+22	8.44e-01	1.53e-01	3.02e-03
 7.39383e+22	8.47e-01	1.50e-01	2.94e-03
 7.39567e+22	8.49e-01	1.48e-01	2.88e-03
 7.39735e+22	8.51e-01	1.47e-01	2.82e-03
 7.39887e+22	8.52e-01	1.45e-01	2.77e-03
 7.40054e+22	8.55e-01	1.43e-01	2.71e-03
 7.40235e+22	8.56e-01	1.41e-01	2.66e-03
 7.40433e+22	8.59e-01	1.39e-01	2.59e-03
 7.40646e+22	8.61e-01	1.37e-01	2.53e-03
 7.40840e+22	8.63e-01	1.35e-01	2.48e-03
 7.41053e+22	8.65e-01	1.33e-01	2.41e-03
 7.41283e+22	8.67e-01	1.30e-01	2.35e-03
 7.41492e+22	8.69e-01	1.28e-01	2.30e-03
 7.41683e+22	8.71e-01	1.27e-01	2.25e-03
 7.41891e+22	8.73e-01	1.25e-01	2.19e-03
 7.42116e+22	8.75e-01	1.23e-01	2.13e-03
 7.42321e+22	8.77e-01	1.21e-01	2.09e-03
 7.42508e+22	8.79e-01	1.19e-01	2.04e-03
 7.42712e+22	8.81e-01	1.17e-01	1.99e-03
 7.42933e+22	8.82e-01	1.16e-01	1.94e-03
 7.43133e+22	8.84e-01	1.14e-01	1.89e-03
 7.43316e+22	8.86e-01	1.12e-01	1.85e-03
 7.43482e+22	8.87e-01	1.11e-01	1.82e-03
 7.43664e+22	8.89e-01	1.09e-01	1.77e-03
 7.43861e+22	8.91e-01	1.08e-01	1.73e-03
 7.44040e+22	8.92e-01	1.06e-01	1.69e-03
 7.44236e+22	8.94e-01	1.05e-01	1.65e-03
 7.44448e+22	8.95e-01	1.03e-01	1.60e-03
 7.44640e+22	8.97e-01	1.02e-01	1.57e-03
 7.44816e+22	8.98e-01	1.01e-01	1.54e-03
 7.44975e+22	8.99e-01	9.93e-02	1.51e-03
 7.45120e+22	9.00e-01	9.83e-02	1.49e-03
 7.45279e+22	9.01e-01	9.71e-02	1.45e-03
 7.45451e+22	9.03e-01	9.58e-02	1.42e-03
 7.45607e+22	9.04e-01	9.49e-02	1.40e-03
 7.45779e+22	9.05e-01	9.35e-02	1.36e-03
 7.45964e+22	9.06e-01	9.25e-02	1.34e-03
 7.46166e+22	9.08e-01	9.10e-02	1.30e-03
 7.46385e+22	9.09e-01	8.99e-02	1.28e-03
 7.46625e+22	9.10e-01	8.83e-02	1.24e-03
 7.46883e+22	9.12e-01	8.70e-02	1.21e-03
 7.47119e+22	9.13e-01	8.57e-02	1.18e-03
 7.47333e+22	9.14e-01	8.44e-02	1.15e-03
 7.47528e+22	9.15e-01	8.36e-02	1.13e-03
 7.47742e+22	9.17e-01	8.23e-02	1.10e-03
 7.47972e+22	9.18e-01	8.12e-02	1.08e-03
 7.48225e+22	9.19e-01	7.97e-02	1.05e-03
 7.48498e+22	9.20e-01	7.86e-02	1.02e-03
 7.48746e+22	9.22e-01	7.74e-02	9.94e-04
 7.48972e+22	9.23e-01	7.62e-02	9.68e-04
 7.49178e+22	9.24e-01	7.54e-02	9.52e-04
 7.49403e+22	9.25e-01	7.42e-02	9.26e-04
 7.49646e+22	9.26e-01	7.32e-02	9.04e-04
 7.49868e+22	9.27e-01	7.23e-02	8.86e-04
 7.50110e+22	9.28e-01	7.11e-02	8.60e-04
 7.50372e+22	9.29e-01	7.01e-02	8.40e-04
 7.50610e+22	9.30e-01	6.91e-02	8.19e-04
 7.50827e+22	9.31e-01	6.84e-02	8.05e-04
 7.51065e+22	9.32e-01	6.73e-02	7.83e-04
 7.51374e+22	9.33e-01	6.61e-02	7.58e-04
 7.51707e+22	9.34e-01	6.51e-02	7.38e-04
 7.52011e+22	9.35e-01	6.40e-02	7.16e-04
 7.52287e+22	9.36e-01	6.30e-02	6.96e-04
 7.52538e+22	9.37e-01	6.22e-02	6.82e-04
 7.52814e+22	9.38e-01	6.12e-02	6.62e-04
 7.53111e+22	9.39e-01	6.03e-02	6.44e-04
 7.53381e+22	9.40e-01	5.95e-02	6.31e-04
 7.53678e+22	9.41e-01	5.84e-02	6.10e-04
 7.53998e+22	9.42e-01	5.75e-02	5.93e-04
 7.54289e+22	9.43e-01	5.68e-02	5.80e-04
 7.54608e+22	9.44e-01	5.57e-02	5.60e-04
 7.54953e+22	9.45e-01	5.48e-02	5.44e-04
 7.55267e+22	9.45e-01	5.41e-02	5.31e-04
 7.55610e+22	9.46e-01	5.30e-02	5.12e-04
 7.55981e+22	9.47e-01	5.22e-02	4.97e-04
 7.56319e+22	9.48e-01	5.14e-02	4.84e-04
 7.56688e+22	9.49e-01	5.04e-02	4.67e-04
 7.57088e+22	9.50e-01	4.95e-02	4.52e-04
 7.57451e+22	9.51e-01	4.87e-02	4.39e-04
 7.57782e+22	9.52e-01	4.80e-02	4.26e-04
 7.58083e+22	9.52e-01	4.74e-02	4.16e-04
 7.58412e+22	9.53e-01	4.66e-02	4.03e-04
 7.58768e+22	9.54e-01	4.59e-02	3.92e-04
 7.59158e+22	9.55e-01	4.50e-02	3.79e-04
 7.59580e+22	9.55e-01	4.43e-02	3.68e-04
 7.59963e+22	9.56e-01	4.36e-02	3.57e-04
 7.60383e+22	9.57e-01	4.28e-02	3.44e-04
 7.60836e+22	9.58e-01	4.21e-02	3.34e-04
 7.61249e+22	9.58e-01	4.13e-02	3.22e-04
 7.61624e+22	9.59e-01	4.07e-02	3.14e-04
 7.62035e+22	9.60e-01	3.99e-02	3.02e-04
 7.62479e+22	9.60e-01	3.92e-02	2.92e-04
 7.62884e+22	9.61e-01	3.86e-02	2.84e-04
 7.63327e+22	9.62e-01	3.79e-02	2.73e-04
 7.63805e+22	9.63e-01	3.72e-02	2.64e-04
 7.64240e+22	9.63e-01	3.66e-02	2.56e-04
 7.64716e+22	9.64e-01	3.59e-02	2.46e-04
 7.65231e+22	9.65e-01	3.52e-02	2.37e-04
 7.65699e+22	9.65e-01	3.46e-02	2.30e-04
 7.66213e+22	9.66e-01	3.39e-02	2.21e-04
 7.66767e+22	9.67e-01	3.33e-02	2.13e-04
 7.67271e+22	9.67e-01	3.26e-02	2.05e-04
 7.67730e+22	9.68e-01	3.21e-02	1.99e-04
 7.68233e+22	9.68e-01	3.14e-02	1.91e-04
 7.68775e+22	9.69e-01	3.09e-02	1.84e-04
 7.69269e+22	9.70e-01	3.03e-02	1.78e-04
 7.69811e+22	9.70e-01	2.97e-02	1.71e-04
 7.70395e+22	9.71e-01	2.91e-02	1.64e-04
 7.70927e+22	9.71e-01	2.86e-02	1.59e-04
 7.71509e+22	9.72e-01	2.79e-02	1.52e-04
 7.72138e+22	9.72e-01	2.74e-02	1.46e-04
 7.72711e+22	9.73e-01	2.69e-02	1.41e-04
 7.73232e+22	9.73e-01	2.64e-02	1.36e-04
 7.73803e+22	9.74e-01	2.58e-02	1.30e-04
 7.74419e+22	9.75e-01	2.53e-02	1.25e-04
 7.75094e+22	9.75e-01	2.47e-02	1.19e-04
 7.75950e+22	9.76e-01	2.40e-02	1.13e-04
 7.76866e+22	9.77e-01	2.33e-02	1.07e-04
 7.77729e+22	9.77e-01	2.27e-02	1.01e-04
 7.78569e+22	9.78e-01	2.20e-02	9.54e-05
 7.79443e+22	9.79e-01	2.14e-02	9.00e-05
 7.80361e+22	9.79e-01	2.08e-02	8.49e-05
 7.81281e+22	9.80e-01	2.02e-02	8.01e-05
 7.82193e+22	9.80e-01	1.96e-02	7.55e-05
 7.83105e+22	9.81e-01	1.90e-02	7.12e-05
 7.84031e+22	9.82e-01	1.84e-02	6.71e-05
 7.84968e+22	9.82e-01	1.79e-02	6.32e-05
 7.85913e+22	9.83e-01	1.73e-02	5.95e-05
 7.86866e+22	9.83e-01	1.68e-02	5.60e-05
 7.87828e+22	9.84e-01	1.63e-02	5.27e-05
 7.88798e+22	9.84e-01	1.58e-02	4.96e-05
 7.89775e+22	9.85e-01	1.53e-02	4.67e-05
 7.90760e+22	9.85e-01	1.49e-02	4.39e-05
 7.91754e+22	9.86e-01	1.44e-02	4.13e-05
 7.92759e+22	9.86e-01	1.40e-02	3.88e-05
 7.93773e+22	9.86e-01	1.35e-02	3.65e-05
 7.94795e+22	9.87e-01	1.31e-02	3.42e-05
 7.95827e+22	9.87e-01	1.27e-02	3.21e-05
 7.96868e+22	9.88e-01	1.23e-02	3.02e-05
 7.97929e+22	9.88e-01	1.19e-02	2.83e-05
 7.99018e+22	9.88e-01	1.15e-02	2.65e-05
 8.00129e+22	9.89e-01	1.11e-02	2.48e-05
 8.01251e+22	9.89e-01	1.08e-02	2.32e-05
 8.02386e+22	9.90e-01	1.04e-02	2.17e-05
 8.03537e+22	9.90e-01	1.01e-02	2.03e-05
 8.04706e+22	9.90e-01	9.71e-03	1.90e-05
 8.05892e+22	9.91e-01	9.38e-03	1.77e-05
 8.07100e+22	9.91e-01	9.05e-03	1.65e-05
 8.08335e+22	9.91e-01	8.73e-03	1.54e-05
 8.09602e+22	9.92e-01	8.42e-03	1.43e-05
 8.10909e+22	9.92e-01	8.11e-03	1.33e-05
 8.12249e+22	9.92e-01	7.80e-03	1.23e-05
 8.13615e+22	9.92e-01	7.50e-03	1.14e-05
 8.15010e+22	9.93e-01	7.21e-03	1.05e-05
 8.16437e+22	9.93e-01	6.93e-03	9.73e-06
 8.17900e+22	9.93e-01	6.65e-03	8.97e-06
 8.19400e+22	9.94e-01	6.38e-03	8.26e-06
 8.20944e+22	9.94e-01	6.11e-03	7.59e-06
 8.22538e+22	9.94e-01	5.85e-03	6.96e-06
 8.24177e+22	9.94e-01	5.59e-03	6.37e-06
 8.25862e+22	9.95e-01	5.34e-03	5.82e-06
 8.27597e+22	9.95e-01	5.10e-03	5.30e-06
 8.29383e+22	9.95e-01	4.86e-03	4.82e-06
 8.31232e+22	9.95e-01	4.62e-03	4.37e-06
 8.33154e+22	9.96e-01	4.39e-03	3.95e-06
 8.35120e+22	9.96e-01	4.17e-03	3.56e-06
 8.37094e+22	9.96e-01	3.96e-03	3.22e-06
 8.39079e+22	9.96e-01	3.76e-03	2.90e-06
 8.41088e+22	9.96e-01	3.57e-03	2.62e-06
 8.43116e+22	9.97e-01	3.39e-03	2.36e-06
 8.45162e+22	9.97e-01	3.21e-03	2.12e-06
 8.47226e+22	9.97e-01	3.05e-03	1.91e-06
 8.49310e+22	9.97e-01	2.89e-03	1.72e-06
 8.51410e+22	9.97e-01	2.74e-03	1.55e-06
 8.53508e+22	9.97e-01	2.59e-03	1.39e-06
 8.55628e+22	9.98e-01	2.46e-03	1.25e-06
 8.57790e+22	9.98e-01	2.32e-03	1.12e-06
 8.59974e+22	9.98e-01	2.20e-03	1.00e-06
 8.62173e+22	9.98e-01	2.08e-03	8.98e-07
 8.64394e+22	9.98e-01	1.96e-03	8.03e-07
 8.66637e+22	9.98e-01	1.86e-03	7.17e-07
 8.68901e+22	9.98e-01	1.75e-03	6.39e-07
 8.71188e+22	9.98e-01	1.65e-03	5.69e-07
 8.73498e+22	9.98e-01	1.56e-03	5.07e-07
 8.75833e+22	9.99e-01	1.47e-03	4.50e-07
 8.78192e+22	9.99e-01	1.38e-03	3.99e-07
 8.80577e+22	9.99e-01	1.30e-03	3.54e-07
 8.82985e+22	9.99e-01	1.22e-03	3.13e-07
 8.85421e+22	9.99e-01	1.15e-03	2.76e-07
 8.87892e+22	9.99e-01	1.08e-03	2.43e-07
 8.90388e+22	9.99e-01	1.01e-03	2.14e-07
 8.92837e+22	9.99e-01	9.47e-04	1.89e-07
 8.95140e+22	9.99e-01	8.94e-04	1.69e-07
 8.97275e+22	9.99e-01	8.46e-04	1.51e-07
 8.99287e+22	9.99e-01	8.04e-04	1.37e-07
 9.01228e+22	9.99e-01	7.65e-04	1.24e-07
 9.03115e+22	9.99e-01	7.28e-04	1.12e-07
 9.04936e+22	9.99e-01	6.94e-04	1.02e-07
 9.06676e+22	9.99e-01	6.63e-04	9.34e-08
 9.08337e+22	9.99e-01	6.36e-04	8.58e-08
 9.09934e+22	9.99e-01	6.10e-04	7.89e-08
 9.11479e+22	9.99e-01	5.85e-04	7.29e-08
 9.12981e+22	9.99e-01	5.63e-04	6.74e-08
 9.14441e+22	9.99e-01	5.41e-04	6.24e-08
 9.15861e+22	9.99e-01	5.21e-04	5.79e-08
 9.17244e+22	9.99e-01	5.02e-04	5.38e-08
 9.18597e+22	1.00e+00	4.84e-04	5.01e-08
 9.19927e+22	1.00e+00	4.67e-04	4.67e-08
 9.21241e+22	1.00e+00	4.51e-04	4.35e-08
 9.22544e+22	1.00e+00	4.35e-04	4.05e-08
 9.23839e+22	1.00e+00	4.20e-04	3.78e-08
 9.25094e+22	1.00e+00	4.06e-04	3.54e-08
