#depth	O	O+	O+2	O+3	O+4	O+5	O+6	O+7	O+8	O[1]	O[2]	O[3]
 1.54284e+22	5.46e-10	9.45e-06	4.95e-03	1.33e-01	3.00e-01	2.88e-01	2.61e-01	1.34e-02	1.69e-04	5.46e-10	1.37e-18	1.68e-18
 3.56600e+22	1.94e-09	2.59e-05	1.02e-02	2.03e-01	3.41e-01	2.63e-01	1.76e-01	6.57e-03	6.02e-05	1.94e-09	5.08e-18	6.19e-18
 4.28649e+22	3.62e-09	4.18e-05	1.43e-02	2.42e-01	3.53e-01	2.44e-01	1.42e-01	4.50e-03	3.52e-05	3.62e-09	9.89e-18	1.20e-17
 4.71879e+22	5.95e-09	6.07e-05	1.84e-02	2.75e-01	3.59e-01	2.27e-01	1.18e-01	3.29e-03	2.27e-05	5.95e-09	1.68e-17	2.04e-17
 4.99246e+22	7.35e-09	7.10e-05	2.04e-02	2.90e-01	3.60e-01	2.19e-01	1.08e-01	2.86e-03	1.87e-05	7.35e-09	2.11e-17	2.56e-17
 5.18000e+22	9.65e-09	8.66e-05	2.33e-02	3.09e-01	3.60e-01	2.08e-01	9.68e-02	2.39e-03	1.45e-05	9.65e-09	2.83e-17	3.43e-17
 5.37921e+22	1.22e-08	1.03e-04	2.61e-02	3.26e-01	3.60e-01	1.99e-01	8.75e-02	2.03e-03	1.16e-05	1.22e-08	3.66e-17	4.43e-17
 5.59360e+22	1.65e-08	1.28e-04	3.01e-02	3.47e-01	3.57e-01	1.87e-01	7.67e-02	1.64e-03	8.73e-06	1.65e-08	5.09e-17	6.16e-17
 5.81117e+22	2.12e-08	1.53e-04	3.38e-02	3.65e-01	3.55e-01	1.77e-01	6.86e-02	1.37e-03	6.84e-06	2.12e-08	6.68e-17	8.09e-17
 6.00320e+22	2.69e-08	1.81e-04	3.76e-02	3.82e-01	3.51e-01	1.67e-01	6.13e-02	1.15e-03	5.39e-06	2.69e-08	8.71e-17	1.05e-16
 6.22315e+22	3.66e-08	2.25e-04	4.32e-02	4.04e-01	3.45e-01	1.54e-01	5.28e-02	9.14e-04	3.94e-06	3.66e-08	1.23e-16	1.49e-16
 6.44659e+22	4.67e-08	2.67e-04	4.80e-02	4.21e-01	3.39e-01	1.44e-01	4.68e-02	7.56e-04	3.05e-06	4.67e-08	1.62e-16	1.95e-16
 6.64047e+22	5.89e-08	3.13e-04	5.31e-02	4.37e-01	3.33e-01	1.35e-01	4.15e-02	6.29e-04	2.39e-06	5.89e-08	2.10e-16	2.53e-16
 6.85840e+22	7.95e-08	3.85e-04	6.02e-02	4.56e-01	3.24e-01	1.24e-01	3.54e-02	4.94e-04	1.73e-06	7.95e-08	2.94e-16	3.55e-16
 7.07147e+22	9.85e-08	4.47e-04	6.58e-02	4.70e-01	3.16e-01	1.15e-01	3.15e-02	4.13e-04	1.36e-06	9.85e-08	3.75e-16	4.53e-16
 7.24953e+22	1.22e-07	5.15e-04	7.17e-02	4.83e-01	3.09e-01	1.08e-01	2.80e-02	3.46e-04	1.07e-06	1.22e-07	4.76e-16	5.74e-16
 7.45232e+22	1.59e-07	6.18e-04	7.98e-02	4.99e-01	2.98e-01	9.83e-02	2.40e-02	2.75e-04	7.91e-07	1.59e-07	6.44e-16	7.78e-16
 7.65522e+22	1.96e-07	7.13e-04	8.68e-02	5.10e-01	2.89e-01	9.12e-02	2.12e-02	2.28e-04	6.17e-07	1.96e-07	8.17e-16	9.87e-16
 7.85828e+22	2.53e-07	8.47e-04	9.59e-02	5.24e-01	2.78e-01	8.28e-02	1.82e-02	1.81e-04	4.55e-07	2.53e-07	1.09e-15	1.32e-15
 8.06635e+22	3.16e-07	9.81e-04	1.04e-01	5.34e-01	2.68e-01	7.60e-02	1.58e-02	1.47e-04	3.48e-07	3.16e-07	1.40e-15	1.69e-15
 8.25060e+22	3.88e-07	1.13e-03	1.13e-01	5.43e-01	2.59e-01	7.00e-02	1.39e-02	1.21e-04	2.69e-07	3.88e-07	1.77e-15	2.13e-15
 8.45982e+22	5.03e-07	1.34e-03	1.24e-01	5.53e-01	2.46e-01	6.28e-02	1.17e-02	9.44e-05	1.94e-07	5.03e-07	2.37e-15	2.86e-15
 8.67342e+22	6.25e-07	1.54e-03	1.35e-01	5.61e-01	2.36e-01	5.72e-02	1.01e-02	7.62e-05	1.46e-07	6.25e-07	3.02e-15	3.64e-15
 8.89273e+22	8.10e-07	1.83e-03	1.48e-01	5.68e-01	2.23e-01	5.08e-02	8.46e-03	5.87e-05	0.00e+00	8.10e-07	4.06e-15	4.88e-15
 9.09665e+22	9.69e-07	2.06e-03	1.58e-01	5.72e-01	2.14e-01	4.67e-02	7.45e-03	4.86e-05	0.00e+00	9.69e-07	4.96e-15	5.96e-15
 9.25560e+22	1.15e-06	2.30e-03	1.67e-01	5.75e-01	2.05e-01	4.30e-02	6.58e-03	4.06e-05	0.00e+00	1.15e-06	6.03e-15	7.23e-15
 9.43729e+22	1.42e-06	2.64e-03	1.80e-01	5.78e-01	1.95e-01	3.88e-02	5.64e-03	3.24e-05	0.00e+00	1.42e-06	7.65e-15	9.18e-15
 9.62373e+22	1.69e-06	2.96e-03	1.91e-01	5.79e-01	1.86e-01	3.54e-02	4.93e-03	2.67e-05	0.00e+00	1.69e-06	9.34e-15	1.12e-14
 9.79064e+22	2.01e-06	3.30e-03	2.03e-01	5.80e-01	1.78e-01	3.24e-02	4.32e-03	2.20e-05	0.00e+00	2.01e-06	1.14e-14	1.36e-14
 9.98193e+22	2.49e-06	3.79e-03	2.18e-01	5.79e-01	1.67e-01	2.88e-02	3.65e-03	1.73e-05	0.00e+00	2.49e-06	1.45e-14	1.74e-14
 1.01751e+23	2.96e-06	4.24e-03	2.31e-01	5.77e-01	1.58e-01	2.61e-02	3.17e-03	1.41e-05	0.00e+00	2.96e-06	1.77e-14	2.12e-14
 1.03446e+23	3.51e-06	4.73e-03	2.44e-01	5.75e-01	1.50e-01	2.37e-02	2.76e-03	1.15e-05	0.00e+00	3.51e-06	2.16e-14	2.57e-14
 1.05386e+23	4.35e-06	5.43e-03	2.60e-01	5.70e-01	1.40e-01	2.10e-02	2.31e-03	8.96e-06	0.00e+00	4.35e-06	2.76e-14	3.29e-14
 1.07349e+23	5.18e-06	6.07e-03	2.75e-01	5.66e-01	1.32e-01	1.89e-02	1.99e-03	7.24e-06	0.00e+00	5.18e-06	3.37e-14	4.02e-14
 1.09079e+23	6.13e-06	6.76e-03	2.90e-01	5.60e-01	1.25e-01	1.70e-02	1.72e-03	5.87e-06	0.00e+00	6.13e-06	4.10e-14	4.89e-14
 1.11061e+23	7.57e-06	7.74e-03	3.08e-01	5.52e-01	1.16e-01	1.49e-02	1.43e-03	4.51e-06	0.00e+00	7.57e-06	5.25e-14	6.25e-14
 1.13075e+23	9.00e-06	8.64e-03	3.24e-01	5.44e-01	1.08e-01	1.33e-02	1.22e-03	3.60e-06	0.00e+00	9.00e-06	6.42e-14	7.64e-14
 1.14583e+23	1.01e-05	9.29e-03	3.36e-01	5.38e-01	1.03e-01	1.23e-02	1.10e-03	3.09e-06	0.00e+00	1.01e-05	7.34e-14	8.74e-14
 1.15993e+23	1.17e-05	1.02e-02	3.50e-01	5.30e-01	9.73e-02	1.11e-02	9.56e-04	2.53e-06	0.00e+00	1.17e-05	8.77e-14	1.04e-13
 1.17827e+23	1.41e-05	1.15e-02	3.69e-01	5.19e-01	9.01e-02	9.78e-03	8.02e-04	1.97e-06	0.00e+00	1.41e-05	1.09e-13	1.30e-13
 1.19823e+23	1.69e-05	1.29e-02	3.87e-01	5.08e-01	8.34e-02	8.60e-03	6.73e-04	1.54e-06	0.00e+00	1.69e-05	1.35e-13	1.60e-13
 1.21724e+23	2.00e-05	1.43e-02	4.05e-01	4.96e-01	7.73e-02	7.59e-03	5.69e-04	1.21e-06	0.00e+00	2.00e-05	1.65e-13	1.96e-13
 1.23891e+23	2.48e-05	1.64e-02	4.28e-01	4.79e-01	6.99e-02	6.45e-03	4.57e-04	8.90e-07	0.00e+00	2.48e-05	2.14e-13	2.53e-13
 1.26096e+23	2.95e-05	1.83e-02	4.47e-01	4.64e-01	6.40e-02	5.61e-03	3.79e-04	6.83e-07	0.00e+00	2.95e-05	2.64e-13	3.12e-13
 1.28350e+23	3.67e-05	2.09e-02	4.71e-01	4.45e-01	5.73e-02	4.71e-03	3.01e-04	4.93e-07	0.00e+00	3.67e-05	3.44e-13	4.06e-13
 1.30655e+23	4.38e-05	2.33e-02	4.92e-01	4.29e-01	5.20e-02	4.05e-03	2.46e-04	3.72e-07	0.00e+00	4.38e-05	4.26e-13	5.02e-13
 1.33026e+23	5.46e-05	2.67e-02	5.17e-01	4.07e-01	4.60e-02	3.35e-03	1.91e-04	2.62e-07	0.00e+00	5.46e-05	5.59e-13	6.58e-13
 1.35429e+23	6.49e-05	2.97e-02	5.37e-01	3.89e-01	4.13e-02	2.85e-03	1.55e-04	1.95e-07	0.00e+00	6.49e-05	6.93e-13	8.15e-13
 1.37248e+23	7.30e-05	3.19e-02	5.52e-01	3.76e-01	3.83e-02	2.54e-03	1.33e-04	1.58e-07	0.00e+00	7.30e-05	8.03e-13	9.42e-13
 1.38986e+23	8.56e-05	3.52e-02	5.69e-01	3.58e-01	3.46e-02	2.18e-03	1.10e-04	0.00e+00	0.00e+00	8.56e-05	9.79e-13	1.15e-12
 1.40750e+23	9.63e-05	3.77e-02	5.83e-01	3.45e-01	3.19e-02	1.93e-03	9.38e-05	0.00e+00	0.00e+00	9.63e-05	1.14e-12	1.33e-12
 1.42546e+23	1.12e-04	4.14e-02	6.00e-01	3.28e-01	2.88e-02	1.66e-03	7.71e-05	0.00e+00	0.00e+00	1.12e-04	1.38e-12	1.61e-12
 1.44397e+23	1.28e-04	4.47e-02	6.15e-01	3.13e-01	2.62e-02	1.45e-03	6.45e-05	0.00e+00	0.00e+00	1.28e-04	1.63e-12	1.89e-12
 1.46064e+23	1.44e-04	4.81e-02	6.28e-01	2.98e-01	2.39e-02	1.27e-03	5.44e-05	0.00e+00	0.00e+00	1.44e-04	1.90e-12	2.21e-12
 1.47974e+23	1.69e-04	5.31e-02	6.44e-01	2.80e-01	2.12e-02	1.06e-03	4.36e-05	0.00e+00	0.00e+00	1.69e-04	2.34e-12	2.71e-12
 1.49901e+23	1.91e-04	5.69e-02	6.57e-01	2.65e-01	1.92e-02	9.21e-04	3.63e-05	0.00e+00	0.00e+00	1.91e-04	2.74e-12	3.16e-12
 1.51848e+23	2.23e-04	6.26e-02	6.72e-01	2.47e-01	1.69e-02	7.69e-04	2.90e-05	0.00e+00	0.00e+00	2.23e-04	3.37e-12	3.86e-12
 1.53845e+23	2.53e-04	6.73e-02	6.84e-01	2.32e-01	1.51e-02	6.56e-04	2.37e-05	0.00e+00	0.00e+00	2.53e-04	3.98e-12	4.54e-12
 1.55904e+23	3.00e-04	7.44e-02	6.98e-01	2.14e-01	1.31e-02	5.36e-04	1.84e-05	0.00e+00	0.00e+00	3.00e-04	4.97e-12	5.64e-12
 1.57961e+23	3.37e-04	7.96e-02	7.08e-01	2.00e-01	1.17e-02	4.57e-04	1.51e-05	0.00e+00	0.00e+00	3.37e-04	5.82e-12	6.57e-12
 1.60015e+23	3.95e-04	8.74e-02	7.19e-01	1.83e-01	1.01e-02	3.73e-04	1.17e-05	0.00e+00	0.00e+00	3.95e-04	7.22e-12	8.09e-12
 1.62142e+23	4.49e-04	9.41e-02	7.28e-01	1.69e-01	8.85e-03	3.11e-04	9.33e-06	0.00e+00	0.00e+00	4.49e-04	8.61e-12	9.58e-12
 1.64363e+23	5.35e-04	1.04e-01	7.36e-01	1.51e-01	7.49e-03	2.46e-04	7.01e-06	0.00e+00	0.00e+00	5.35e-04	1.09e-11	1.20e-11
 1.66586e+23	6.06e-04	1.12e-01	7.42e-01	1.39e-01	6.52e-03	2.04e-04	5.56e-06	0.00e+00	0.00e+00	6.06e-04	1.29e-11	1.41e-11
 1.68809e+23	7.20e-04	1.24e-01	7.47e-01	1.23e-01	5.48e-03	1.60e-04	4.14e-06	0.00e+00	0.00e+00	7.20e-04	1.63e-11	1.77e-11
 1.71045e+23	8.18e-04	1.33e-01	7.50e-01	1.11e-01	4.73e-03	1.31e-04	3.25e-06	0.00e+00	0.00e+00	8.18e-04	1.95e-11	2.09e-11
 1.73297e+23	9.73e-04	1.48e-01	7.50e-01	9.78e-02	3.94e-03	1.01e-04	2.40e-06	0.00e+00	0.00e+00	9.73e-04	2.47e-11	2.61e-11
 1.75562e+23	1.11e-03	1.59e-01	7.49e-01	8.74e-02	3.37e-03	8.16e-05	1.86e-06	0.00e+00	0.00e+00	1.11e-03	2.96e-11	3.11e-11
 1.77845e+23	1.34e-03	1.77e-01	7.43e-01	7.52e-02	2.77e-03	6.17e-05	1.34e-06	0.00e+00	0.00e+00	1.34e-03	3.80e-11	3.94e-11
 1.80104e+23	1.53e-03	1.91e-01	7.38e-01	6.65e-02	2.36e-03	4.95e-05	1.04e-06	0.00e+00	0.00e+00	1.53e-03	4.56e-11	4.67e-11
 1.82333e+23	1.85e-03	2.13e-01	7.27e-01	5.64e-02	1.93e-03	3.68e-05	7.45e-07	0.00e+00	0.00e+00	1.85e-03	5.89e-11	5.94e-11
 1.84546e+23	2.12e-03	2.30e-01	7.17e-01	4.91e-02	1.64e-03	2.91e-05	5.73e-07	0.00e+00	0.00e+00	2.12e-03	7.11e-11	7.08e-11
 1.86741e+23	2.57e-03	2.57e-01	6.98e-01	4.09e-02	1.33e-03	2.13e-05	4.08e-07	0.00e+00	0.00e+00	2.57e-03	9.20e-11	9.03e-11
 1.88935e+23	2.98e-03	2.79e-01	6.82e-01	3.50e-02	1.12e-03	1.65e-05	3.09e-07	0.00e+00	0.00e+00	2.98e-03	1.12e-10	1.09e-10
 1.91127e+23	3.64e-03	3.11e-01	6.56e-01	2.84e-02	9.02e-04	1.17e-05	2.16e-07	0.00e+00	0.00e+00	3.64e-03	1.46e-10	1.40e-10
 1.93317e+23	4.27e-03	3.39e-01	6.32e-01	2.36e-02	7.53e-04	8.80e-06	1.61e-07	0.00e+00	0.00e+00	4.27e-03	1.80e-10	1.70e-10
 1.95503e+23	5.26e-03	3.78e-01	5.98e-01	1.86e-02	6.02e-04	6.06e-06	0.00e+00	0.00e+00	0.00e+00	5.26e-03	2.37e-10	2.20e-10
 1.97694e+23	6.25e-03	4.12e-01	5.66e-01	1.50e-02	4.98e-04	4.38e-06	0.00e+00	0.00e+00	0.00e+00	6.25e-03	2.95e-10	2.72e-10
 1.99600e+23	7.45e-03	4.48e-01	5.32e-01	1.20e-02	4.12e-04	3.13e-06	0.00e+00	0.00e+00	0.00e+00	7.45e-03	3.67e-10	3.36e-10
 2.01782e+23	9.28e-03	4.96e-01	4.86e-01	8.94e-03	3.24e-04	2.02e-06	0.00e+00	0.00e+00	0.00e+00	9.28e-03	4.85e-10	4.39e-10
 2.04013e+23	1.13e-02	5.40e-01	4.41e-01	6.71e-03	2.60e-04	1.34e-06	0.00e+00	0.00e+00	0.00e+00	1.13e-02	6.20e-10	5.57e-10
 2.05914e+23	1.36e-02	5.81e-01	4.00e-01	5.08e-03	2.12e-04	8.99e-07	0.00e+00	0.00e+00	0.00e+00	1.36e-02	7.76e-10	6.92e-10
 2.07549e+23	1.59e-02	6.15e-01	3.65e-01	3.97e-03	1.78e-04	6.37e-07	0.00e+00	0.00e+00	0.00e+00	1.59e-02	9.37e-10	8.31e-10
 2.09230e+23	1.93e-02	6.57e-01	3.21e-01	2.89e-03	1.42e-04	4.08e-07	0.00e+00	0.00e+00	0.00e+00	1.93e-02	1.18e-09	1.05e-09
 2.10991e+23	2.34e-02	6.95e-01	2.79e-01	2.09e-03	1.14e-04	2.60e-07	0.00e+00	0.00e+00	0.00e+00	2.34e-02	1.49e-09	1.31e-09
 2.12566e+23	2.82e-02	7.29e-01	2.41e-01	1.50e-03	9.09e-05	1.66e-07	0.00e+00	0.00e+00	0.00e+00	2.82e-02	1.85e-09	1.62e-09
 2.14084e+23	3.41e-02	7.61e-01	2.04e-01	1.06e-03	7.15e-05	0.00e+00	0.00e+00	0.00e+00	0.00e+00	3.41e-02	2.31e-09	2.02e-09
 2.15554e+23	4.15e-02	7.88e-01	1.69e-01	7.33e-04	5.53e-05	0.00e+00	0.00e+00	0.00e+00	0.00e+00	4.15e-02	2.90e-09	2.52e-09
 2.16930e+23	5.03e-02	8.10e-01	1.39e-01	5.05e-04	4.25e-05	0.00e+00	0.00e+00	0.00e+00	0.00e+00	5.03e-02	3.62e-09	3.14e-09
 2.18208e+23	6.16e-02	8.27e-01	1.11e-01	3.42e-04	3.19e-05	0.00e+00	0.00e+00	0.00e+00	0.00e+00	6.16e-02	4.53e-09	3.93e-09
 2.19380e+23	7.44e-02	8.36e-01	8.90e-02	2.36e-04	2.40e-05	0.00e+00	0.00e+00	0.00e+00	0.00e+00	7.44e-02	5.59e-09	4.83e-09
 2.20466e+23	9.04e-02	8.40e-01	6.98e-02	1.61e-04	1.76e-05	0.00e+00	0.00e+00	0.00e+00	0.00e+00	9.04e-02	6.92e-09	5.96e-09
 2.21470e+23	1.09e-01	8.36e-01	5.42e-02	1.11e-04	1.29e-05	0.00e+00	0.00e+00	0.00e+00	0.00e+00	1.09e-01	8.47e-09	7.29e-09
 2.22363e+23	1.31e-01	8.27e-01	4.19e-02	7.81e-05	9.30e-06	0.00e+00	0.00e+00	0.00e+00	0.00e+00	1.31e-01	1.02e-08	8.80e-09
 2.23152e+23	1.56e-01	8.11e-01	3.25e-02	5.65e-05	6.75e-06	0.00e+00	0.00e+00	0.00e+00	0.00e+00	1.56e-01	1.22e-08	1.05e-08
 2.23849e+23	1.82e-01	7.92e-01	2.54e-02	4.22e-05	4.97e-06	0.00e+00	0.00e+00	0.00e+00	0.00e+00	1.82e-01	1.42e-08	1.22e-08
 2.24493e+23	2.11e-01	7.69e-01	1.99e-02	3.20e-05	3.63e-06	0.00e+00	0.00e+00	0.00e+00	0.00e+00	2.11e-01	1.63e-08	1.40e-08
 2.25104e+23	2.44e-01	7.40e-01	1.54e-02	2.44e-05	2.63e-06	0.00e+00	0.00e+00	0.00e+00	0.00e+00	2.44e-01	1.86e-08	1.59e-08
 2.25669e+23	2.79e-01	7.09e-01	1.20e-02	1.89e-05	1.90e-06	0.00e+00	0.00e+00	0.00e+00	0.00e+00	2.79e-01	2.09e-08	1.78e-08
 2.26184e+23	3.16e-01	6.75e-01	9.38e-03	1.50e-05	1.39e-06	0.00e+00	0.00e+00	0.00e+00	0.00e+00	3.16e-01	2.31e-08	1.97e-08
 2.26664e+23	3.53e-01	6.39e-01	7.37e-03	1.20e-05	1.02e-06	0.00e+00	0.00e+00	0.00e+00	0.00e+00	3.53e-01	2.51e-08	2.14e-08
 2.27104e+23	3.90e-01	6.04e-01	5.87e-03	9.84e-06	7.64e-07	0.00e+00	0.00e+00	0.00e+00	0.00e+00	3.90e-01	2.69e-08	2.29e-08
 2.27488e+23	4.24e-01	5.72e-01	4.78e-03	8.26e-06	5.89e-07	0.00e+00	0.00e+00	0.00e+00	0.00e+00	4.24e-01	2.83e-08	2.40e-08
 2.27819e+23	4.53e-01	5.43e-01	3.99e-03	7.12e-06	4.70e-07	0.00e+00	0.00e+00	0.00e+00	0.00e+00	4.53e-01	2.93e-08	2.49e-08
 2.28090e+23	4.77e-01	5.19e-01	3.44e-03	6.32e-06	3.90e-07	0.00e+00	0.00e+00	0.00e+00	0.00e+00	4.77e-01	3.01e-08	2.56e-08
 2.28320e+23	4.98e-01	4.99e-01	3.03e-03	5.72e-06	3.33e-07	0.00e+00	0.00e+00	0.00e+00	0.00e+00	4.98e-01	3.07e-08	2.61e-08
 2.28564e+23	5.20e-01	4.78e-01	2.64e-03	5.14e-06	2.80e-07	0.00e+00	0.00e+00	0.00e+00	0.00e+00	5.20e-01	3.12e-08	2.65e-08
 2.28842e+23	5.44e-01	4.54e-01	2.26e-03	4.57e-06	2.31e-07	0.00e+00	0.00e+00	0.00e+00	0.00e+00	5.44e-01	3.17e-08	2.69e-08
 2.29129e+23	5.69e-01	4.30e-01	1.93e-03	4.06e-06	1.90e-07	0.00e+00	0.00e+00	0.00e+00	0.00e+00	5.69e-01	3.21e-08	2.72e-08
 2.29394e+23	5.90e-01	4.08e-01	1.67e-03	3.65e-06	1.59e-07	0.00e+00	0.00e+00	0.00e+00	0.00e+00	5.90e-01	3.23e-08	2.74e-08
 2.29593e+23	6.05e-01	3.94e-01	1.51e-03	3.40e-06	1.41e-07	0.00e+00	0.00e+00	0.00e+00	0.00e+00	6.05e-01	3.24e-08	2.74e-08
 2.29731e+23	6.15e-01	3.84e-01	1.40e-03	3.23e-06	1.29e-07	0.00e+00	0.00e+00	0.00e+00	0.00e+00	6.15e-01	3.24e-08	2.74e-08
 2.29870e+23	6.25e-01	3.73e-01	1.30e-03	3.06e-06	0.00e+00	0.00e+00	0.00e+00	0.00e+00	0.00e+00	6.25e-01	3.24e-08	2.74e-08
 2.30031e+23	6.36e-01	3.63e-01	1.19e-03	2.90e-06	0.00e+00	0.00e+00	0.00e+00	0.00e+00	0.00e+00	6.36e-01	3.24e-08	2.75e-08
 2.30213e+23	6.49e-01	3.50e-01	1.08e-03	2.71e-06	0.00e+00	0.00e+00	0.00e+00	0.00e+00	0.00e+00	6.49e-01	3.24e-08	2.74e-08
 2.30398e+23	6.61e-01	3.38e-01	9.83e-04	2.54e-06	0.00e+00	0.00e+00	0.00e+00	0.00e+00	0.00e+00	6.61e-01	3.23e-08	2.73e-08
 2.30571e+23	6.72e-01	3.27e-01	9.01e-04	2.40e-06	0.00e+00	0.00e+00	0.00e+00	0.00e+00	0.00e+00	6.72e-01	3.23e-08	2.73e-08
 2.30744e+23	6.83e-01	3.16e-01	8.25e-04	2.27e-06	0.00e+00	0.00e+00	0.00e+00	0.00e+00	0.00e+00	6.83e-01	3.22e-08	2.72e-08
 2.30928e+23	6.93e-01	3.06e-01	7.52e-04	2.14e-06	0.00e+00	0.00e+00	0.00e+00	0.00e+00	0.00e+00	6.93e-01	3.21e-08	2.71e-08
 2.31121e+23	7.04e-01	2.95e-01	6.83e-04	2.01e-06	0.00e+00	0.00e+00	0.00e+00	0.00e+00	0.00e+00	7.04e-01	3.19e-08	2.69e-08
 2.31318e+23	7.15e-01	2.84e-01	6.20e-04	1.89e-06	0.00e+00	0.00e+00	0.00e+00	0.00e+00	0.00e+00	7.15e-01	3.17e-08	2.68e-08
 2.31513e+23	7.25e-01	2.75e-01	5.65e-04	1.79e-06	0.00e+00	0.00e+00	0.00e+00	0.00e+00	0.00e+00	7.25e-01	3.15e-08	2.66e-08
 2.31713e+23	7.35e-01	2.65e-01	5.14e-04	1.69e-06	0.00e+00	0.00e+00	0.00e+00	0.00e+00	0.00e+00	7.35e-01	3.13e-08	2.64e-08
 2.31923e+23	7.44e-01	2.55e-01	4.66e-04	1.59e-06	0.00e+00	0.00e+00	0.00e+00	0.00e+00	0.00e+00	7.44e-01	3.11e-08	2.62e-08
 2.32142e+23	7.54e-01	2.46e-01	4.22e-04	1.49e-06	0.00e+00	0.00e+00	0.00e+00	0.00e+00	0.00e+00	7.54e-01	3.09e-08	2.60e-08
 2.32362e+23	7.63e-01	2.37e-01	3.82e-04	1.41e-06	0.00e+00	0.00e+00	0.00e+00	0.00e+00	0.00e+00	7.63e-01	3.06e-08	2.58e-08
 2.32586e+23	7.72e-01	2.28e-01	3.46e-04	1.33e-06	0.00e+00	0.00e+00	0.00e+00	0.00e+00	0.00e+00	7.72e-01	3.04e-08	2.56e-08
 2.32820e+23	7.81e-01	2.19e-01	3.13e-04	1.25e-06	0.00e+00	0.00e+00	0.00e+00	0.00e+00	0.00e+00	7.81e-01	3.01e-08	2.53e-08
 2.33063e+23	7.89e-01	2.10e-01	2.83e-04	1.18e-06	0.00e+00	0.00e+00	0.00e+00	0.00e+00	0.00e+00	7.89e-01	2.98e-08	2.51e-08
 2.33311e+23	7.97e-01	2.03e-01	2.56e-04	1.12e-06	0.00e+00	0.00e+00	0.00e+00	0.00e+00	0.00e+00	7.97e-01	2.96e-08	2.48e-08
 2.33569e+23	8.05e-01	1.95e-01	2.31e-04	1.05e-06	0.00e+00	0.00e+00	0.00e+00	0.00e+00	0.00e+00	8.05e-01	2.93e-08	2.46e-08
 2.33840e+23	8.13e-01	1.87e-01	2.09e-04	9.90e-07	0.00e+00	0.00e+00	0.00e+00	0.00e+00	0.00e+00	8.13e-01	2.90e-08	2.43e-08
 2.34114e+23	8.21e-01	1.79e-01	1.89e-04	9.33e-07	0.00e+00	0.00e+00	0.00e+00	0.00e+00	0.00e+00	8.21e-01	2.87e-08	2.41e-08
 2.34392e+23	8.28e-01	1.72e-01	1.71e-04	8.82e-07	0.00e+00	0.00e+00	0.00e+00	0.00e+00	0.00e+00	8.28e-01	2.84e-08	2.38e-08
 2.34684e+23	8.34e-01	1.65e-01	1.55e-04	8.32e-07	0.00e+00	0.00e+00	0.00e+00	0.00e+00	0.00e+00	8.34e-01	2.82e-08	2.36e-08
 2.34997e+23	8.41e-01	1.59e-01	1.40e-04	7.83e-07	0.00e+00	0.00e+00	0.00e+00	0.00e+00	0.00e+00	8.41e-01	2.79e-08	2.33e-08
 2.35318e+23	8.48e-01	1.52e-01	1.27e-04	7.38e-07	0.00e+00	0.00e+00	0.00e+00	0.00e+00	0.00e+00	8.48e-01	2.76e-08	2.31e-08
 2.35643e+23	8.54e-01	1.46e-01	1.16e-04	6.97e-07	0.00e+00	0.00e+00	0.00e+00	0.00e+00	0.00e+00	8.54e-01	2.74e-08	2.29e-08
 2.35978e+23	8.60e-01	1.40e-01	1.06e-04	6.59e-07	0.00e+00	0.00e+00	0.00e+00	0.00e+00	0.00e+00	8.60e-01	2.71e-08	2.26e-08
 2.36326e+23	8.65e-01	1.35e-01	9.76e-05	6.24e-07	0.00e+00	0.00e+00	0.00e+00	0.00e+00	0.00e+00	8.65e-01	2.69e-08	2.24e-08
 2.36690e+23	8.70e-01	1.30e-01	8.99e-05	5.91e-07	0.00e+00	0.00e+00	0.00e+00	0.00e+00	0.00e+00	8.70e-01	2.66e-08	2.21e-08
 2.37060e+23	8.75e-01	1.25e-01	8.32e-05	5.59e-07	0.00e+00	0.00e+00	0.00e+00	0.00e+00	0.00e+00	8.75e-01	2.64e-08	2.18e-08
 2.37445e+23	8.80e-01	1.20e-01	7.73e-05	5.30e-07	0.00e+00	0.00e+00	0.00e+00	0.00e+00	0.00e+00	8.80e-01	2.61e-08	2.15e-08
 2.37854e+23	8.84e-01	1.16e-01	7.20e-05	5.02e-07	0.00e+00	0.00e+00	0.00e+00	0.00e+00	0.00e+00	8.84e-01	2.59e-08	2.12e-08
 2.38279e+23	8.89e-01	1.11e-01	6.73e-05	4.77e-07	0.00e+00	0.00e+00	0.00e+00	0.00e+00	0.00e+00	8.89e-01	2.57e-08	2.09e-08
 2.38720e+23	8.93e-01	1.07e-01	6.33e-05	4.53e-07	0.00e+00	0.00e+00	0.00e+00	0.00e+00	0.00e+00	8.93e-01	2.55e-08	2.07e-08
 2.39188e+23	8.96e-01	1.04e-01	5.97e-05	4.31e-07	0.00e+00	0.00e+00	0.00e+00	0.00e+00	0.00e+00	8.96e-01	2.54e-08	2.05e-08
 2.39681e+23	9.00e-01	1.00e-01	5.65e-05	4.09e-07	0.00e+00	0.00e+00	0.00e+00	0.00e+00	0.00e+00	9.00e-01	2.52e-08	2.02e-08
 2.40202e+23	9.03e-01	9.65e-02	5.36e-05	3.88e-07	0.00e+00	0.00e+00	0.00e+00	0.00e+00	0.00e+00	9.03e-01	2.51e-08	2.00e-08
 2.40757e+23	9.07e-01	9.31e-02	5.11e-05	3.68e-07	0.00e+00	0.00e+00	0.00e+00	0.00e+00	0.00e+00	9.07e-01	2.50e-08	1.98e-08
 2.41346e+23	9.10e-01	8.98e-02	4.88e-05	3.49e-07	0.00e+00	0.00e+00	0.00e+00	0.00e+00	0.00e+00	9.10e-01	2.49e-08	1.96e-08
 2.41957e+23	9.13e-01	8.65e-02	4.68e-05	3.30e-07	0.00e+00	0.00e+00	0.00e+00	0.00e+00	0.00e+00	9.13e-01	2.48e-08	1.95e-08
 2.42555e+23	9.16e-01	8.37e-02	4.51e-05	3.15e-07	0.00e+00	0.00e+00	0.00e+00	0.00e+00	0.00e+00	9.16e-01	2.48e-08	1.93e-08
 2.43129e+23	9.19e-01	8.13e-02	4.38e-05	3.01e-07	0.00e+00	0.00e+00	0.00e+00	0.00e+00	0.00e+00	9.19e-01	2.47e-08	1.92e-08
 2.43693e+23	9.21e-01	7.89e-02	4.26e-05	2.88e-07	0.00e+00	0.00e+00	0.00e+00	0.00e+00	0.00e+00	9.21e-01	2.47e-08	1.91e-08
 2.44247e+23	9.23e-01	7.67e-02	4.15e-05	2.76e-07	0.00e+00	0.00e+00	0.00e+00	0.00e+00	0.00e+00	9.23e-01	2.47e-08	1.89e-08
 2.44789e+23	9.25e-01	7.46e-02	4.06e-05	2.64e-07	0.00e+00	0.00e+00	0.00e+00	0.00e+00	0.00e+00	9.25e-01	2.47e-08	1.88e-08
 2.45314e+23	9.27e-01	7.26e-02	3.97e-05	2.54e-07	0.00e+00	0.00e+00	0.00e+00	0.00e+00	0.00e+00	9.27e-01	2.47e-08	1.87e-08
 2.45814e+23	9.29e-01	7.08e-02	3.90e-05	2.45e-07	0.00e+00	0.00e+00	0.00e+00	0.00e+00	0.00e+00	9.29e-01	2.46e-08	1.86e-08
 2.46279e+23	9.31e-01	6.91e-02	3.84e-05	2.36e-07	0.00e+00	0.00e+00	0.00e+00	0.00e+00	0.00e+00	9.31e-01	2.46e-08	1.85e-08
 2.46731e+23	9.32e-01	6.75e-02	3.79e-05	2.28e-07	0.00e+00	0.00e+00	0.00e+00	0.00e+00	0.00e+00	9.32e-01	2.46e-08	1.84e-08
 2.47182e+23	9.34e-01	6.59e-02	3.73e-05	2.20e-07	0.00e+00	0.00e+00	0.00e+00	0.00e+00	0.00e+00	9.34e-01	2.45e-08	1.84e-08
 2.47620e+23	9.36e-01	6.44e-02	3.69e-05	2.13e-07	0.00e+00	0.00e+00	0.00e+00	0.00e+00	0.00e+00	9.36e-01	2.45e-08	1.83e-08
 2.48040e+23	9.37e-01	6.29e-02	3.64e-05	2.06e-07	0.00e+00	0.00e+00	0.00e+00	0.00e+00	0.00e+00	9.37e-01	2.45e-08	1.82e-08
 2.48446e+23	9.38e-01	6.15e-02	3.60e-05	2.00e-07	0.00e+00	0.00e+00	0.00e+00	0.00e+00	0.00e+00	9.38e-01	2.45e-08	1.81e-08
 2.48837e+23	9.40e-01	6.02e-02	3.57e-05	1.94e-07	0.00e+00	0.00e+00	0.00e+00	0.00e+00	0.00e+00	9.40e-01	2.44e-08	1.81e-08
 2.49216e+23	9.41e-01	5.89e-02	3.53e-05	1.88e-07	0.00e+00	0.00e+00	0.00e+00	0.00e+00	0.00e+00	9.41e-01	2.44e-08	1.80e-08
 2.49581e+23	9.42e-01	5.77e-02	3.50e-05	1.82e-07	0.00e+00	0.00e+00	0.00e+00	0.00e+00	0.00e+00	9.42e-01	2.44e-08	1.79e-08
 2.49933e+23	9.44e-01	5.65e-02	3.47e-05	1.77e-07	0.00e+00	0.00e+00	0.00e+00	0.00e+00	0.00e+00	9.44e-01	2.44e-08	1.78e-08
 2.50273e+23	9.45e-01	5.53e-02	3.45e-05	1.72e-07	0.00e+00	0.00e+00	0.00e+00	0.00e+00	0.00e+00	9.45e-01	2.43e-08	1.78e-08
 2.50600e+23	9.46e-01	5.42e-02	3.42e-05	1.68e-07	0.00e+00	0.00e+00	0.00e+00	0.00e+00	0.00e+00	9.46e-01	2.43e-08	1.77e-08
 2.50916e+23	9.47e-01	5.31e-02	3.40e-05	1.63e-07	0.00e+00	0.00e+00	0.00e+00	0.00e+00	0.00e+00	9.47e-01	2.43e-08	1.76e-08
 2.51216e+23	9.48e-01	5.21e-02	3.38e-05	1.59e-07	0.00e+00	0.00e+00	0.00e+00	0.00e+00	0.00e+00	9.48e-01	2.43e-08	1.76e-08
 2.51510e+23	9.49e-01	5.11e-02	3.36e-05	1.55e-07	0.00e+00	0.00e+00	0.00e+00	0.00e+00	0.00e+00	9.49e-01	2.42e-08	1.75e-08
 2.51796e+23	9.50e-01	5.01e-02	3.34e-05	1.52e-07	0.00e+00	0.00e+00	0.00e+00	0.00e+00	0.00e+00	9.50e-01	2.42e-08	1.74e-08
 2.52057e+23	9.51e-01	4.92e-02	3.33e-05	1.48e-07	0.00e+00	0.00e+00	0.00e+00	0.00e+00	0.00e+00	9.51e-01	2.42e-08	1.74e-08
 2.52294e+23	9.52e-01	4.84e-02	3.31e-05	1.45e-07	0.00e+00	0.00e+00	0.00e+00	0.00e+00	0.00e+00	9.52e-01	2.41e-08	1.73e-08
 2.52509e+23	9.52e-01	4.77e-02	3.30e-05	1.43e-07	0.00e+00	0.00e+00	0.00e+00	0.00e+00	0.00e+00	9.52e-01	2.41e-08	1.73e-08
 2.52705e+23	9.53e-01	4.71e-02	3.29e-05	1.41e-07	0.00e+00	0.00e+00	0.00e+00	0.00e+00	0.00e+00	9.53e-01	2.40e-08	1.72e-08
 2.52884e+23	9.53e-01	4.65e-02	3.27e-05	1.38e-07	0.00e+00	0.00e+00	0.00e+00	0.00e+00	0.00e+00	9.53e-01	2.40e-08	1.72e-08
 2.53046e+23	9.54e-01	4.60e-02	3.26e-05	1.37e-07	0.00e+00	0.00e+00	0.00e+00	0.00e+00	0.00e+00	9.54e-01	2.39e-08	1.71e-08
 2.53194e+23	9.54e-01	4.55e-02	3.26e-05	1.35e-07	0.00e+00	0.00e+00	0.00e+00	0.00e+00	0.00e+00	9.54e-01	2.38e-08	1.70e-08
 2.53328e+23	9.55e-01	4.52e-02	3.25e-05	1.34e-07	0.00e+00	0.00e+00	0.00e+00	0.00e+00	0.00e+00	9.55e-01	2.38e-08	1.70e-08
 2.53476e+23	9.55e-01	4.46e-02	3.23e-05	1.32e-07	0.00e+00	0.00e+00	0.00e+00	0.00e+00	0.00e+00	9.55e-01	2.37e-08	1.70e-08
 2.53667e+23	9.56e-01	4.38e-02	3.22e-05	1.29e-07	0.00e+00	0.00e+00	0.00e+00	0.00e+00	0.00e+00	9.56e-01	2.36e-08	1.69e-08
 2.53874e+23	9.57e-01	4.31e-02	3.20e-05	1.26e-07	0.00e+00	0.00e+00	0.00e+00	0.00e+00	0.00e+00	9.57e-01	2.35e-08	1.69e-08
 2.54062e+23	9.58e-01	4.23e-02	3.18e-05	1.24e-07	0.00e+00	0.00e+00	0.00e+00	0.00e+00	0.00e+00	9.58e-01	2.34e-08	1.68e-08
 2.54234e+23	9.58e-01	4.18e-02	3.16e-05	0.00e+00	0.00e+00	0.00e+00	0.00e+00	0.00e+00	0.00e+00	9.58e-01	2.33e-08	1.68e-08
 2.54389e+23	9.59e-01	4.13e-02	3.15e-05	0.00e+00	0.00e+00	0.00e+00	0.00e+00	0.00e+00	0.00e+00	9.59e-01	2.32e-08	1.67e-08
 2.54531e+23	9.59e-01	4.08e-02	3.14e-05	0.00e+00	0.00e+00	0.00e+00	0.00e+00	0.00e+00	0.00e+00	9.59e-01	2.31e-08	1.67e-08
 2.54660e+23	9.59e-01	4.06e-02	3.13e-05	0.00e+00	0.00e+00	0.00e+00	0.00e+00	0.00e+00	0.00e+00	9.59e-01	2.31e-08	1.67e-08
 2.54802e+23	9.60e-01	4.00e-02	3.11e-05	0.00e+00	0.00e+00	0.00e+00	0.00e+00	0.00e+00	0.00e+00	9.60e-01	2.30e-08	1.66e-08
 2.54954e+23	9.60e-01	3.96e-02	3.10e-05	0.00e+00	0.00e+00	0.00e+00	0.00e+00	0.00e+00	0.00e+00	9.60e-01	2.30e-08	1.66e-08
 2.55122e+23	9.61e-01	3.90e-02	3.08e-05	0.00e+00	0.00e+00	0.00e+00	0.00e+00	0.00e+00	0.00e+00	9.61e-01	2.29e-08	1.66e-08
 2.55302e+23	9.61e-01	3.86e-02	3.06e-05	0.00e+00	0.00e+00	0.00e+00	0.00e+00	0.00e+00	0.00e+00	9.61e-01	2.29e-08	1.66e-08
 2.55500e+23	9.62e-01	3.79e-02	3.03e-05	0.00e+00	0.00e+00	0.00e+00	0.00e+00	0.00e+00	0.00e+00	9.62e-01	2.29e-08	1.65e-08
 2.55714e+23	9.63e-01	3.73e-02	3.01e-05	0.00e+00	0.00e+00	0.00e+00	0.00e+00	0.00e+00	0.00e+00	9.63e-01	2.28e-08	1.65e-08
 2.55908e+23	9.63e-01	3.68e-02	2.99e-05	0.00e+00	0.00e+00	0.00e+00	0.00e+00	0.00e+00	0.00e+00	9.63e-01	2.28e-08	1.65e-08
 2.56085e+23	9.64e-01	3.63e-02	2.97e-05	0.00e+00	0.00e+00	0.00e+00	0.00e+00	0.00e+00	0.00e+00	9.64e-01	2.27e-08	1.64e-08
 2.56246e+23	9.64e-01	3.60e-02	2.95e-05	0.00e+00	0.00e+00	0.00e+00	0.00e+00	0.00e+00	0.00e+00	9.64e-01	2.27e-08	1.64e-08
 2.56423e+23	9.64e-01	3.55e-02	2.93e-05	0.00e+00	0.00e+00	0.00e+00	0.00e+00	0.00e+00	0.00e+00	9.64e-01	2.27e-08	1.64e-08
 2.56652e+23	9.65e-01	3.48e-02	2.90e-05	0.00e+00	0.00e+00	0.00e+00	0.00e+00	0.00e+00	0.00e+00	9.65e-01	2.26e-08	1.63e-08
 2.56900e+23	9.66e-01	3.41e-02	2.87e-05	0.00e+00	0.00e+00	0.00e+00	0.00e+00	0.00e+00	0.00e+00	9.66e-01	2.26e-08	1.63e-08
 2.57125e+23	9.67e-01	3.34e-02	2.84e-05	0.00e+00	0.00e+00	0.00e+00	0.00e+00	0.00e+00	0.00e+00	9.67e-01	2.25e-08	1.63e-08
 2.57330e+23	9.67e-01	3.30e-02	2.81e-05	0.00e+00	0.00e+00	0.00e+00	0.00e+00	0.00e+00	0.00e+00	9.67e-01	2.25e-08	1.62e-08
 2.57517e+23	9.67e-01	3.25e-02	2.78e-05	0.00e+00	0.00e+00	0.00e+00	0.00e+00	0.00e+00	0.00e+00	9.67e-01	2.24e-08	1.62e-08
 2.57687e+23	9.68e-01	3.21e-02	2.76e-05	0.00e+00	0.00e+00	0.00e+00	0.00e+00	0.00e+00	0.00e+00	9.68e-01	2.24e-08	1.62e-08
 2.57841e+23	9.68e-01	3.18e-02	2.74e-05	0.00e+00	0.00e+00	0.00e+00	0.00e+00	0.00e+00	0.00e+00	9.68e-01	2.23e-08	1.61e-08
 2.58011e+23	9.69e-01	3.13e-02	2.71e-05	0.00e+00	0.00e+00	0.00e+00	0.00e+00	0.00e+00	0.00e+00	9.69e-01	2.23e-08	1.61e-08
 2.58193e+23	9.69e-01	3.08e-02	2.69e-05	0.00e+00	0.00e+00	0.00e+00	0.00e+00	0.00e+00	0.00e+00	9.69e-01	2.22e-08	1.60e-08
 2.58360e+23	9.70e-01	3.03e-02	2.66e-05	0.00e+00	0.00e+00	0.00e+00	0.00e+00	0.00e+00	0.00e+00	9.70e-01	2.22e-08	1.60e-08
 2.58511e+23	9.70e-01	3.01e-02	2.64e-05	0.00e+00	0.00e+00	0.00e+00	0.00e+00	0.00e+00	0.00e+00	9.70e-01	2.22e-08	1.59e-08
 2.58677e+23	9.70e-01	2.97e-02	2.62e-05	0.00e+00	0.00e+00	0.00e+00	0.00e+00	0.00e+00	0.00e+00	9.70e-01	2.21e-08	1.59e-08
 2.58856e+23	9.71e-01	2.92e-02	2.60e-05	0.00e+00	0.00e+00	0.00e+00	0.00e+00	0.00e+00	0.00e+00	9.71e-01	2.21e-08	1.59e-08
 2.59019e+23	9.71e-01	2.88e-02	2.57e-05	0.00e+00	0.00e+00	0.00e+00	0.00e+00	0.00e+00	0.00e+00	9.71e-01	2.20e-08	1.58e-08
 2.59167e+23	9.71e-01	2.85e-02	2.56e-05	0.00e+00	0.00e+00	0.00e+00	0.00e+00	0.00e+00	0.00e+00	9.71e-01	2.20e-08	1.58e-08
 2.59330e+23	9.72e-01	2.82e-02	2.54e-05	0.00e+00	0.00e+00	0.00e+00	0.00e+00	0.00e+00	0.00e+00	9.72e-01	2.20e-08	1.57e-08
 2.59505e+23	9.72e-01	2.77e-02	2.51e-05	0.00e+00	0.00e+00	0.00e+00	0.00e+00	0.00e+00	0.00e+00	9.72e-01	2.19e-08	1.57e-08
 2.59665e+23	9.73e-01	2.74e-02	2.49e-05	0.00e+00	0.00e+00	0.00e+00	0.00e+00	0.00e+00	0.00e+00	9.73e-01	2.19e-08	1.57e-08
 2.59840e+23	9.73e-01	2.70e-02	2.47e-05	0.00e+00	0.00e+00	0.00e+00	0.00e+00	0.00e+00	0.00e+00	9.73e-01	2.19e-08	1.56e-08
 2.60029e+23	9.73e-01	2.65e-02	2.45e-05	0.00e+00	0.00e+00	0.00e+00	0.00e+00	0.00e+00	0.00e+00	9.73e-01	2.18e-08	1.56e-08
 2.60201e+23	9.74e-01	2.61e-02	2.43e-05	0.00e+00	0.00e+00	0.00e+00	0.00e+00	0.00e+00	0.00e+00	9.74e-01	2.17e-08	1.55e-08
 2.60357e+23	9.74e-01	2.59e-02	2.41e-05	0.00e+00	0.00e+00	0.00e+00	0.00e+00	0.00e+00	0.00e+00	9.74e-01	2.18e-08	1.55e-08
 2.60528e+23	9.74e-01	2.55e-02	2.39e-05	0.00e+00	0.00e+00	0.00e+00	0.00e+00	0.00e+00	0.00e+00	9.74e-01	2.17e-08	1.54e-08
 2.60713e+23	9.75e-01	2.51e-02	2.37e-05	0.00e+00	0.00e+00	0.00e+00	0.00e+00	0.00e+00	0.00e+00	9.75e-01	2.16e-08	1.53e-08
 2.60916e+23	9.75e-01	2.47e-02	2.34e-05	0.00e+00	0.00e+00	0.00e+00	0.00e+00	0.00e+00	0.00e+00	9.75e-01	2.14e-08	1.52e-08
 2.61135e+23	9.76e-01	2.43e-02	2.32e-05	0.00e+00	0.00e+00	0.00e+00	0.00e+00	0.00e+00	0.00e+00	9.76e-01	2.12e-08	1.51e-08
 2.61334e+23	9.76e-01	2.41e-02	2.30e-05	0.00e+00	0.00e+00	0.00e+00	0.00e+00	0.00e+00	0.00e+00	9.76e-01	2.10e-08	1.49e-08
 2.61516e+23	9.76e-01	2.37e-02	2.28e-05	0.00e+00	0.00e+00	0.00e+00	0.00e+00	0.00e+00	0.00e+00	9.76e-01	2.09e-08	1.49e-08
 2.61714e+23	9.77e-01	2.34e-02	2.26e-05	0.00e+00	0.00e+00	0.00e+00	0.00e+00	0.00e+00	0.00e+00	9.77e-01	2.08e-08	1.48e-08
 2.61972e+23	9.77e-01	2.28e-02	2.23e-05	0.00e+00	0.00e+00	0.00e+00	0.00e+00	0.00e+00	0.00e+00	9.77e-01	2.05e-08	1.46e-08
 2.62251e+23	9.78e-01	2.23e-02	2.21e-05	0.00e+00	0.00e+00	0.00e+00	0.00e+00	0.00e+00	0.00e+00	9.78e-01	2.03e-08	1.44e-08
 2.62505e+23	9.78e-01	2.19e-02	2.18e-05	0.00e+00	0.00e+00	0.00e+00	0.00e+00	0.00e+00	0.00e+00	9.78e-01	2.01e-08	1.42e-08
 2.62736e+23	9.78e-01	2.16e-02	2.16e-05	0.00e+00	0.00e+00	0.00e+00	0.00e+00	0.00e+00	0.00e+00	9.78e-01	1.99e-08	1.40e-08
 2.62946e+23	9.79e-01	2.13e-02	2.15e-05	0.00e+00	0.00e+00	0.00e+00	0.00e+00	0.00e+00	0.00e+00	9.79e-01	1.98e-08	1.39e-08
 2.63176e+23	9.79e-01	2.09e-02	2.12e-05	0.00e+00	0.00e+00	0.00e+00	0.00e+00	0.00e+00	0.00e+00	9.79e-01	1.97e-08	1.38e-08
 2.63424e+23	9.79e-01	2.05e-02	2.10e-05	0.00e+00	0.00e+00	0.00e+00	0.00e+00	0.00e+00	0.00e+00	9.79e-01	1.95e-08	1.36e-08
 2.63651e+23	9.80e-01	2.02e-02	2.08e-05	0.00e+00	0.00e+00	0.00e+00	0.00e+00	0.00e+00	0.00e+00	9.80e-01	1.94e-08	1.35e-08
 2.63856e+23	9.80e-01	2.00e-02	2.07e-05	0.00e+00	0.00e+00	0.00e+00	0.00e+00	0.00e+00	0.00e+00	9.80e-01	1.93e-08	1.34e-08
 2.64082e+23	9.80e-01	1.96e-02	2.04e-05	0.00e+00	0.00e+00	0.00e+00	0.00e+00	0.00e+00	0.00e+00	9.80e-01	1.91e-08	1.32e-08
 2.64325e+23	9.81e-01	1.93e-02	2.02e-05	0.00e+00	0.00e+00	0.00e+00	0.00e+00	0.00e+00	0.00e+00	9.81e-01	1.89e-08	1.31e-08
 2.64547e+23	9.81e-01	1.90e-02	2.01e-05	0.00e+00	0.00e+00	0.00e+00	0.00e+00	0.00e+00	0.00e+00	9.81e-01	1.88e-08	1.30e-08
 2.64790e+23	9.81e-01	1.86e-02	1.98e-05	0.00e+00	0.00e+00	0.00e+00	0.00e+00	0.00e+00	0.00e+00	9.81e-01	1.86e-08	1.28e-08
 2.65052e+23	9.82e-01	1.83e-02	1.96e-05	0.00e+00	0.00e+00	0.00e+00	0.00e+00	0.00e+00	0.00e+00	9.82e-01	1.83e-08	1.26e-08
 2.65290e+23	9.82e-01	1.80e-02	1.95e-05	0.00e+00	0.00e+00	0.00e+00	0.00e+00	0.00e+00	0.00e+00	9.82e-01	1.83e-08	1.25e-08
 2.65552e+23	9.82e-01	1.77e-02	1.92e-05	0.00e+00	0.00e+00	0.00e+00	0.00e+00	0.00e+00	0.00e+00	9.82e-01	1.80e-08	1.23e-08
 2.65834e+23	9.83e-01	1.73e-02	1.90e-05	0.00e+00	0.00e+00	0.00e+00	0.00e+00	0.00e+00	0.00e+00	9.83e-01	1.78e-08	1.21e-08
 2.66090e+23	9.83e-01	1.70e-02	1.89e-05	0.00e+00	0.00e+00	0.00e+00	0.00e+00	0.00e+00	0.00e+00	9.83e-01	1.77e-08	1.20e-08
 2.66372e+23	9.83e-01	1.66e-02	1.86e-05	0.00e+00	0.00e+00	0.00e+00	0.00e+00	0.00e+00	0.00e+00	9.83e-01	1.74e-08	1.18e-08
 2.66676e+23	9.84e-01	1.63e-02	1.84e-05	0.00e+00	0.00e+00	0.00e+00	0.00e+00	0.00e+00	0.00e+00	9.84e-01	1.72e-08	1.16e-08
 2.66952e+23	9.84e-01	1.60e-02	1.82e-05	0.00e+00	0.00e+00	0.00e+00	0.00e+00	0.00e+00	0.00e+00	9.84e-01	1.70e-08	1.14e-08
 2.67203e+23	9.84e-01	1.57e-02	1.80e-05	0.00e+00	0.00e+00	0.00e+00	0.00e+00	0.00e+00	0.00e+00	9.84e-01	1.68e-08	1.12e-08
 2.67432e+23	9.84e-01	1.56e-02	1.79e-05	0.00e+00	0.00e+00	0.00e+00	0.00e+00	0.00e+00	0.00e+00	9.84e-01	1.67e-08	1.11e-08
 2.67683e+23	9.85e-01	1.53e-02	1.77e-05	0.00e+00	0.00e+00	0.00e+00	0.00e+00	0.00e+00	0.00e+00	9.85e-01	1.65e-08	1.10e-08
 2.67954e+23	9.85e-01	1.49e-02	1.75e-05	0.00e+00	0.00e+00	0.00e+00	0.00e+00	0.00e+00	0.00e+00	9.85e-01	1.63e-08	1.08e-08
 2.68200e+23	9.85e-01	1.47e-02	1.74e-05	0.00e+00	0.00e+00	0.00e+00	0.00e+00	0.00e+00	0.00e+00	9.85e-01	1.62e-08	1.07e-08
 2.68470e+23	9.86e-01	1.44e-02	1.72e-05	0.00e+00	0.00e+00	0.00e+00	0.00e+00	0.00e+00	0.00e+00	9.86e-01	1.60e-08	1.05e-08
 2.68762e+23	9.86e-01	1.41e-02	1.70e-05	0.00e+00	0.00e+00	0.00e+00	0.00e+00	0.00e+00	0.00e+00	9.86e-01	1.58e-08	1.03e-08
 2.69027e+23	9.86e-01	1.39e-02	1.69e-05	0.00e+00	0.00e+00	0.00e+00	0.00e+00	0.00e+00	0.00e+00	9.86e-01	1.57e-08	1.02e-08
 2.69318e+23	9.86e-01	1.36e-02	1.67e-05	0.00e+00	0.00e+00	0.00e+00	0.00e+00	0.00e+00	0.00e+00	9.86e-01	1.55e-08	1.01e-08
 2.69631e+23	9.87e-01	1.33e-02	1.65e-05	0.00e+00	0.00e+00	0.00e+00	0.00e+00	0.00e+00	0.00e+00	9.87e-01	1.53e-08	9.89e-09
 2.69917e+23	9.87e-01	1.31e-02	1.63e-05	0.00e+00	0.00e+00	0.00e+00	0.00e+00	0.00e+00	0.00e+00	9.87e-01	1.52e-08	9.82e-09
 2.70230e+23	9.87e-01	1.28e-02	1.61e-05	0.00e+00	0.00e+00	0.00e+00	0.00e+00	0.00e+00	0.00e+00	9.87e-01	1.50e-08	9.64e-09
 2.70568e+23	9.87e-01	1.25e-02	1.59e-05	0.00e+00	0.00e+00	0.00e+00	0.00e+00	0.00e+00	0.00e+00	9.87e-01	1.48e-08	9.42e-09
 2.70875e+23	9.88e-01	1.23e-02	1.58e-05	0.00e+00	0.00e+00	0.00e+00	0.00e+00	0.00e+00	0.00e+00	9.88e-01	1.47e-08	9.33e-09
 2.71212e+23	9.88e-01	1.20e-02	1.56e-05	0.00e+00	0.00e+00	0.00e+00	0.00e+00	0.00e+00	0.00e+00	9.88e-01	1.45e-08	9.12e-09
 2.71576e+23	9.88e-01	1.17e-02	1.54e-05	0.00e+00	0.00e+00	0.00e+00	0.00e+00	0.00e+00	0.00e+00	9.88e-01	1.42e-08	8.90e-09
 2.71907e+23	9.88e-01	1.15e-02	1.52e-05	0.00e+00	0.00e+00	0.00e+00	0.00e+00	0.00e+00	0.00e+00	9.88e-01	1.42e-08	8.81e-09
 2.72269e+23	9.89e-01	1.12e-02	1.50e-05	0.00e+00	0.00e+00	0.00e+00	0.00e+00	0.00e+00	0.00e+00	9.89e-01	1.39e-08	8.61e-09
 2.72661e+23	9.89e-01	1.10e-02	1.48e-05	0.00e+00	0.00e+00	0.00e+00	0.00e+00	0.00e+00	0.00e+00	9.89e-01	1.37e-08	8.45e-09
 2.73017e+23	9.89e-01	1.07e-02	1.46e-05	0.00e+00	0.00e+00	0.00e+00	0.00e+00	0.00e+00	0.00e+00	9.89e-01	1.35e-08	8.30e-09
 2.73341e+23	9.89e-01	1.05e-02	1.45e-05	0.00e+00	0.00e+00	0.00e+00	0.00e+00	0.00e+00	0.00e+00	9.89e-01	1.34e-08	8.17e-09
 2.73696e+23	9.90e-01	1.03e-02	1.43e-05	0.00e+00	0.00e+00	0.00e+00	0.00e+00	0.00e+00	0.00e+00	9.90e-01	1.32e-08	8.00e-09
 2.74080e+23	9.90e-01	1.00e-02	1.41e-05	0.00e+00	0.00e+00	0.00e+00	0.00e+00	0.00e+00	0.00e+00	9.90e-01	1.30e-08	7.81e-09
 2.74429e+23	9.90e-01	9.83e-03	1.40e-05	0.00e+00	0.00e+00	0.00e+00	0.00e+00	0.00e+00	0.00e+00	9.90e-01	1.29e-08	7.71e-09
 2.74811e+23	9.90e-01	9.57e-03	1.38e-05	0.00e+00	0.00e+00	0.00e+00	0.00e+00	0.00e+00	0.00e+00	9.90e-01	1.26e-08	7.54e-09
 2.75224e+23	9.91e-01	9.31e-03	1.36e-05	0.00e+00	0.00e+00	0.00e+00	0.00e+00	0.00e+00	0.00e+00	9.91e-01	1.24e-08	7.36e-09
 2.75600e+23	9.91e-01	9.14e-03	1.34e-05	0.00e+00	0.00e+00	0.00e+00	0.00e+00	0.00e+00	0.00e+00	9.91e-01	1.23e-08	7.26e-09
 2.76012e+23	9.91e-01	8.88e-03	1.32e-05	0.00e+00	0.00e+00	0.00e+00	0.00e+00	0.00e+00	0.00e+00	9.91e-01	1.21e-08	7.08e-09
 2.76456e+23	9.91e-01	8.63e-03	1.30e-05	0.00e+00	0.00e+00	0.00e+00	0.00e+00	0.00e+00	0.00e+00	9.91e-01	1.19e-08	6.90e-09
 2.76861e+23	9.92e-01	8.45e-03	1.29e-05	0.00e+00	0.00e+00	0.00e+00	0.00e+00	0.00e+00	0.00e+00	9.92e-01	1.18e-08	6.80e-09
 2.77304e+23	9.92e-01	8.22e-03	1.27e-05	0.00e+00	0.00e+00	0.00e+00	0.00e+00	0.00e+00	0.00e+00	9.92e-01	1.16e-08	6.64e-09
 2.77782e+23	9.92e-01	7.99e-03	1.25e-05	0.00e+00	0.00e+00	0.00e+00	0.00e+00	0.00e+00	0.00e+00	9.92e-01	1.14e-08	6.49e-09
 2.78218e+23	9.92e-01	7.78e-03	1.23e-05	0.00e+00	0.00e+00	0.00e+00	0.00e+00	0.00e+00	0.00e+00	9.92e-01	1.12e-08	6.34e-09
 2.78614e+23	9.92e-01	7.62e-03	1.22e-05	0.00e+00	0.00e+00	0.00e+00	0.00e+00	0.00e+00	0.00e+00	9.92e-01	1.11e-08	6.23e-09
 2.79048e+23	9.93e-01	7.41e-03	1.20e-05	0.00e+00	0.00e+00	0.00e+00	0.00e+00	0.00e+00	0.00e+00	9.93e-01	1.09e-08	6.08e-09
 2.79517e+23	9.93e-01	7.21e-03	1.18e-05	0.00e+00	0.00e+00	0.00e+00	0.00e+00	0.00e+00	0.00e+00	9.93e-01	1.08e-08	5.95e-09
 2.79944e+23	9.93e-01	7.03e-03	1.17e-05	0.00e+00	0.00e+00	0.00e+00	0.00e+00	0.00e+00	0.00e+00	9.93e-01	1.06e-08	5.82e-09
 2.80332e+23	9.93e-01	6.88e-03	1.15e-05	0.00e+00	0.00e+00	0.00e+00	0.00e+00	0.00e+00	0.00e+00	9.93e-01	1.05e-08	5.71e-09
 2.80757e+23	9.93e-01	6.70e-03	1.14e-05	0.00e+00	0.00e+00	0.00e+00	0.00e+00	0.00e+00	0.00e+00	9.93e-01	1.03e-08	5.58e-09
 2.81216e+23	9.93e-01	6.52e-03	1.12e-05	0.00e+00	0.00e+00	0.00e+00	0.00e+00	0.00e+00	0.00e+00	9.93e-01	1.02e-08	5.45e-09
 2.81719e+23	9.94e-01	6.31e-03	1.10e-05	0.00e+00	0.00e+00	0.00e+00	0.00e+00	0.00e+00	0.00e+00	9.94e-01	9.96e-09	5.29e-09
 2.82263e+23	9.94e-01	6.13e-03	1.08e-05	0.00e+00	0.00e+00	0.00e+00	0.00e+00	0.00e+00	0.00e+00	9.94e-01	9.79e-09	5.15e-09
 2.82757e+23	9.94e-01	5.97e-03	1.07e-05	0.00e+00	0.00e+00	0.00e+00	0.00e+00	0.00e+00	0.00e+00	9.94e-01	9.62e-09	5.02e-09
 2.83207e+23	9.94e-01	5.83e-03	1.05e-05	0.00e+00	0.00e+00	0.00e+00	0.00e+00	0.00e+00	0.00e+00	9.94e-01	9.50e-09	4.91e-09
 2.83700e+23	9.94e-01	5.66e-03	1.04e-05	0.00e+00	0.00e+00	0.00e+00	0.00e+00	0.00e+00	0.00e+00	9.94e-01	9.32e-09	4.78e-09
 2.84232e+23	9.94e-01	5.49e-03	1.02e-05	0.00e+00	0.00e+00	0.00e+00	0.00e+00	0.00e+00	0.00e+00	9.94e-01	9.16e-09	4.65e-09
 2.84716e+23	9.95e-01	5.35e-03	1.01e-05	0.00e+00	0.00e+00	0.00e+00	0.00e+00	0.00e+00	0.00e+00	9.95e-01	9.01e-09	4.53e-09
 2.85247e+23	9.95e-01	5.18e-03	9.88e-06	0.00e+00	0.00e+00	0.00e+00	0.00e+00	0.00e+00	0.00e+00	9.95e-01	8.83e-09	4.39e-09
 2.85820e+23	9.95e-01	5.02e-03	9.72e-06	0.00e+00	0.00e+00	0.00e+00	0.00e+00	0.00e+00	0.00e+00	9.95e-01	8.66e-09	4.26e-09
 2.86341e+23	9.95e-01	4.87e-03	9.57e-06	0.00e+00	0.00e+00	0.00e+00	0.00e+00	0.00e+00	0.00e+00	9.95e-01	8.50e-09	4.14e-09
 2.86816e+23	9.95e-01	4.67e-03	9.44e-06	0.00e+00	0.00e+00	0.00e+00	0.00e+00	0.00e+00	0.00e+00	9.95e-01	8.39e-09	4.05e-09
 2.87336e+23	9.96e-01	4.39e-03	9.27e-06	0.00e+00	0.00e+00	0.00e+00	0.00e+00	0.00e+00	0.00e+00	9.96e-01	8.20e-09	3.91e-09
 2.88011e+23	9.96e-01	4.09e-03	9.06e-06	0.00e+00	0.00e+00	0.00e+00	0.00e+00	0.00e+00	0.00e+00	9.96e-01	7.95e-09	3.73e-09
 2.88764e+23	9.96e-01	3.87e-03	8.86e-06	0.00e+00	0.00e+00	0.00e+00	0.00e+00	0.00e+00	0.00e+00	9.96e-01	7.73e-09	3.56e-09
 2.89526e+23	9.96e-01	3.65e-03	8.65e-06	0.00e+00	0.00e+00	0.00e+00	0.00e+00	0.00e+00	0.00e+00	9.96e-01	7.50e-09	3.40e-09
 2.90314e+23	9.97e-01	3.43e-03	8.45e-06	0.00e+00	0.00e+00	0.00e+00	0.00e+00	0.00e+00	0.00e+00	9.97e-01	7.27e-09	3.23e-09
 2.91113e+23	9.97e-01	3.23e-03	8.25e-06	0.00e+00	0.00e+00	0.00e+00	0.00e+00	0.00e+00	0.00e+00	9.97e-01	7.04e-09	3.07e-09
 2.91921e+23	9.97e-01	3.03e-03	8.05e-06	0.00e+00	0.00e+00	0.00e+00	0.00e+00	0.00e+00	0.00e+00	9.97e-01	6.81e-09	2.92e-09
 2.92738e+23	9.97e-01	2.84e-03	7.86e-06	0.00e+00	0.00e+00	0.00e+00	0.00e+00	0.00e+00	0.00e+00	9.97e-01	6.57e-09	2.77e-09
 2.93564e+23	9.97e-01	2.65e-03	7.66e-06	0.00e+00	0.00e+00	0.00e+00	0.00e+00	0.00e+00	0.00e+00	9.97e-01	6.34e-09	2.62e-09
 2.94395e+23	9.98e-01	2.48e-03	7.48e-06	0.00e+00	0.00e+00	0.00e+00	0.00e+00	0.00e+00	0.00e+00	9.98e-01	6.11e-09	2.48e-09
 2.95234e+23	9.98e-01	2.31e-03	7.29e-06	0.00e+00	0.00e+00	0.00e+00	0.00e+00	0.00e+00	0.00e+00	9.98e-01	5.87e-09	2.35e-09
 2.96083e+23	9.98e-01	2.15e-03	7.11e-06	0.00e+00	0.00e+00	0.00e+00	0.00e+00	0.00e+00	0.00e+00	9.98e-01	5.62e-09	2.22e-09
 2.96939e+23	9.98e-01	2.00e-03	6.93e-06	0.00e+00	0.00e+00	0.00e+00	0.00e+00	0.00e+00	0.00e+00	9.98e-01	5.39e-09	2.09e-09
 2.97803e+23	9.98e-01	1.86e-03	6.75e-06	0.00e+00	0.00e+00	0.00e+00	0.00e+00	0.00e+00	0.00e+00	9.98e-01	5.15e-09	1.97e-09
 2.98674e+23	9.98e-01	1.72e-03	6.58e-06	0.00e+00	0.00e+00	0.00e+00	0.00e+00	0.00e+00	0.00e+00	9.98e-01	4.91e-09	1.85e-09
 2.99551e+23	9.98e-01	1.59e-03	6.41e-06	0.00e+00	0.00e+00	0.00e+00	0.00e+00	0.00e+00	0.00e+00	9.98e-01	4.67e-09	1.74e-09
 3.00433e+23	9.99e-01	1.47e-03	6.24e-06	0.00e+00	0.00e+00	0.00e+00	0.00e+00	0.00e+00	0.00e+00	9.99e-01	4.43e-09	1.62e-09
 3.01322e+23	9.99e-01	1.35e-03	6.08e-06	0.00e+00	0.00e+00	0.00e+00	0.00e+00	0.00e+00	0.00e+00	9.99e-01	4.19e-09	1.52e-09
 3.02217e+23	9.99e-01	1.24e-03	5.92e-06	0.00e+00	0.00e+00	0.00e+00	0.00e+00	0.00e+00	0.00e+00	9.99e-01	3.96e-09	1.42e-09
 3.03120e+23	9.99e-01	1.14e-03	5.76e-06	0.00e+00	0.00e+00	0.00e+00	0.00e+00	0.00e+00	0.00e+00	9.99e-01	3.73e-09	1.32e-09
 3.04030e+23	9.99e-01	1.05e-03	5.61e-06	0.00e+00	0.00e+00	0.00e+00	0.00e+00	0.00e+00	0.00e+00	9.99e-01	3.50e-09	1.22e-09
 3.04946e+23	9.99e-01	9.55e-04	5.46e-06	0.00e+00	0.00e+00	0.00e+00	0.00e+00	0.00e+00	0.00e+00	9.99e-01	3.27e-09	1.13e-09
 3.05869e+23	9.99e-01	8.71e-04	5.31e-06	0.00e+00	0.00e+00	0.00e+00	0.00e+00	0.00e+00	0.00e+00	9.99e-01	3.04e-09	1.05e-09
 3.06799e+23	9.99e-01	7.94e-04	5.17e-06	0.00e+00	0.00e+00	0.00e+00	0.00e+00	0.00e+00	0.00e+00	9.99e-01	2.82e-09	9.66e-10
 3.07747e+23	9.99e-01	7.21e-04	5.02e-06	0.00e+00	0.00e+00	0.00e+00	0.00e+00	0.00e+00	0.00e+00	9.99e-01	2.60e-09	8.88e-10
 3.08398e+23	9.99e-01	7.11e-04	4.97e-06	0.00e+00	0.00e+00	0.00e+00	0.00e+00	0.00e+00	0.00e+00	9.99e-01	2.54e-09	8.90e-10
