#depth	S	S+	S+2	S+3	S+4	S+5	S+6	S+7	S+8	S+9	S+10	S+11	S+12	S+13	S+14	S+15	S+16
 1.54284e+22	3.09e-27	7.61e-15	6.01e-12	3.25e-10	7.57e-09	1.30e-07	8.72e-05	5.73e-03	7.50e-02	1.93e-01	3.28e-01	2.61e-01	8.53e-02	2.68e-02	2.38e-02	1.81e-03	4.54e-05
 3.44338e+22	2.42e-26	1.03e-13	6.13e-11	2.41e-09	4.01e-08	5.02e-07	2.38e-04	1.26e-02	1.30e-01	2.52e-01	3.25e-01	2.06e-01	5.17e-02	1.29e-02	9.10e-03	4.96e-04	8.92e-06
 3.97993e+22	9.35e-26	3.67e-13	1.90e-10	6.37e-09	8.99e-08	9.72e-07	3.88e-04	1.83e-02	1.65e-01	2.77e-01	3.11e-01	1.76e-01	3.88e-02	8.74e-03	5.44e-03	2.50e-04	3.78e-06
 4.24821e+22	1.81e-25	6.99e-13	3.37e-10	1.04e-08	1.36e-07	1.37e-06	4.98e-04	2.20e-02	1.85e-01	2.87e-01	3.00e-01	1.61e-01	3.31e-02	7.10e-03	4.15e-03	1.74e-04	2.41e-06
 4.37631e+22	2.41e-25	9.25e-13	4.33e-10	1.29e-08	1.63e-07	1.59e-06	5.55e-04	2.38e-02	1.94e-01	2.91e-01	2.95e-01	1.54e-01	3.09e-02	6.46e-03	3.68e-03	1.48e-04	1.98e-06
 4.46528e+22	3.44e-25	1.32e-12	5.96e-10	1.71e-08	2.05e-07	1.93e-06	6.40e-04	2.64e-02	2.06e-01	2.96e-01	2.88e-01	1.46e-01	2.81e-02	5.72e-03	3.14e-03	1.20e-04	1.53e-06
 4.55976e+22	4.68e-25	1.81e-12	7.88e-10	2.18e-08	2.52e-07	2.29e-06	7.26e-04	2.89e-02	2.17e-01	2.99e-01	2.81e-01	1.39e-01	2.58e-02	5.13e-03	2.73e-03	9.99e-05	1.21e-06
 4.64406e+22	6.17e-25	2.41e-12	1.02e-09	2.72e-08	3.05e-07	2.68e-06	8.15e-04	3.15e-02	2.27e-01	3.02e-01	2.75e-01	1.32e-01	2.39e-02	4.64e-03	2.39e-03	8.41e-05	9.78e-07
 4.73437e+22	8.63e-25	3.44e-12	1.40e-09	3.59e-08	3.86e-07	3.28e-06	9.44e-04	3.50e-02	2.41e-01	3.05e-01	2.66e-01	1.24e-01	2.16e-02	4.08e-03	2.02e-03	6.75e-05	7.46e-07
 4.82506e+22	1.13e-24	4.57e-12	1.80e-09	4.49e-08	4.68e-07	3.86e-06	1.06e-03	3.81e-02	2.52e-01	3.07e-01	2.59e-01	1.18e-01	1.98e-02	3.67e-03	1.76e-03	5.64e-05	5.98e-07
 4.91430e+22	1.53e-24	6.41e-12	2.45e-09	5.88e-08	5.91e-07	4.71e-06	1.23e-03	4.22e-02	2.65e-01	3.09e-01	2.49e-01	1.10e-01	1.79e-02	3.22e-03	1.49e-03	4.53e-05	4.56e-07
 5.00527e+22	1.99e-24	8.56e-12	3.18e-09	7.42e-08	7.23e-07	5.60e-06	1.40e-03	4.62e-02	2.77e-01	3.09e-01	2.41e-01	1.04e-01	1.63e-02	2.86e-03	1.28e-03	3.73e-05	3.59e-07
 5.09442e+22	2.61e-24	1.18e-11	4.24e-09	9.61e-08	9.06e-07	6.80e-06	1.61e-03	5.10e-02	2.91e-01	3.09e-01	2.32e-01	9.70e-02	1.46e-02	2.51e-03	1.08e-03	2.99e-05	2.74e-07
 5.18544e+22	3.34e-24	1.58e-11	5.53e-09	1.22e-07	1.12e-06	8.16e-06	1.84e-03	5.60e-02	3.04e-01	3.09e-01	2.22e-01	9.06e-02	1.32e-02	2.21e-03	9.23e-04	2.43e-05	2.13e-07
 5.27532e+22	4.26e-24	2.12e-11	7.27e-09	1.56e-07	1.39e-06	9.88e-06	2.12e-03	6.17e-02	3.18e-01	3.07e-01	2.13e-01	8.41e-02	1.18e-02	1.93e-03	7.78e-04	1.95e-05	1.62e-07
 5.36584e+22	5.37e-24	2.82e-11	9.44e-09	1.99e-07	1.72e-06	1.19e-05	2.43e-03	6.78e-02	3.31e-01	3.05e-01	2.03e-01	7.80e-02	1.05e-02	1.69e-03	6.57e-04	1.57e-05	1.25e-07
 5.45525e+22	6.68e-24	3.72e-11	1.22e-08	2.52e-07	2.12e-06	1.43e-05	2.79e-03	7.44e-02	3.44e-01	3.02e-01	1.93e-01	7.21e-02	9.39e-03	1.47e-03	5.53e-04	1.26e-05	0.00e+00
 5.54452e+22	8.23e-24	4.86e-11	1.56e-08	3.17e-07	2.61e-06	1.73e-05	3.19e-03	8.16e-02	3.56e-01	2.99e-01	1.84e-01	6.65e-02	8.36e-03	1.28e-03	4.64e-04	1.01e-05	0.00e+00
 5.63391e+22	1.01e-23	6.31e-11	2.00e-08	3.99e-07	3.20e-06	2.08e-05	3.64e-03	8.93e-02	3.69e-01	2.94e-01	1.74e-01	6.11e-02	7.41e-03	1.11e-03	3.88e-04	8.03e-06	0.00e+00
 5.72360e+22	1.22e-23	8.13e-11	2.54e-08	5.00e-07	3.93e-06	2.49e-05	4.16e-03	9.76e-02	3.81e-01	2.90e-01	1.64e-01	5.60e-02	6.55e-03	9.60e-04	3.24e-04	6.39e-06	0.00e+00
 5.81377e+22	1.47e-23	1.04e-10	3.21e-08	6.25e-07	4.80e-06	2.99e-05	4.75e-03	1.07e-01	3.92e-01	2.84e-01	1.54e-01	5.11e-02	5.77e-03	8.27e-04	2.70e-04	5.06e-06	0.00e+00
 5.90473e+22	1.75e-23	1.32e-10	4.04e-08	7.79e-07	5.86e-06	3.59e-05	5.42e-03	1.16e-01	4.03e-01	2.78e-01	1.45e-01	4.65e-02	5.07e-03	7.09e-04	2.23e-04	4.00e-06	0.00e+00
 5.99670e+22	2.09e-23	1.67e-10	5.06e-08	9.68e-07	7.15e-06	4.30e-05	6.17e-03	1.26e-01	4.14e-01	2.71e-01	1.35e-01	4.21e-02	4.43e-03	6.06e-04	1.84e-04	3.14e-06	0.00e+00
 6.08916e+22	2.48e-23	2.08e-10	6.29e-08	1.20e-06	8.68e-06	5.13e-05	7.01e-03	1.37e-01	4.23e-01	2.64e-01	1.26e-01	3.81e-02	3.87e-03	5.17e-04	1.52e-04	2.47e-06	0.00e+00
 6.18310e+22	2.94e-23	2.60e-10	7.82e-08	1.48e-06	1.06e-05	6.15e-05	7.97e-03	1.49e-01	4.32e-01	2.56e-01	1.17e-01	3.42e-02	3.35e-03	4.37e-04	1.24e-04	1.92e-06	0.00e+00
 6.27807e+22	3.47e-23	3.21e-10	9.64e-08	1.82e-06	1.28e-05	7.33e-05	9.02e-03	1.60e-01	4.40e-01	2.48e-01	1.09e-01	3.08e-02	2.91e-03	3.70e-04	1.02e-04	1.50e-06	0.00e+00
 6.37490e+22	5.53e-23	3.96e-10	1.19e-07	2.24e-06	1.55e-05	8.78e-05	1.02e-02	1.73e-01	4.47e-01	2.39e-01	1.00e-01	2.74e-02	2.50e-03	3.10e-04	8.23e-05	1.15e-06	0.00e+00
 6.47347e+22	6.56e-23	4.84e-10	1.46e-07	2.75e-06	1.86e-05	1.04e-04	1.16e-02	1.87e-01	4.52e-01	2.30e-01	9.23e-02	2.44e-02	2.15e-03	2.60e-04	6.68e-05	8.88e-07	0.00e+00
 6.56383e+22	7.60e-23	5.70e-10	1.72e-07	3.24e-06	2.18e-05	1.21e-04	1.28e-02	1.98e-01	4.56e-01	2.22e-01	8.60e-02	2.21e-02	1.89e-03	2.24e-04	5.59e-05	7.13e-07	0.00e+00
 6.65816e+22	9.09e-23	6.95e-10	2.12e-07	3.99e-06	2.64e-05	1.45e-04	1.45e-02	2.13e-01	4.60e-01	2.12e-01	7.83e-02	1.94e-02	1.60e-03	1.85e-04	4.45e-05	5.38e-07	0.00e+00
 6.75408e+22	1.06e-22	8.13e-10	2.49e-07	4.70e-06	3.07e-05	1.67e-04	1.60e-02	2.26e-01	4.62e-01	2.04e-01	7.26e-02	1.75e-02	1.40e-03	1.58e-04	3.70e-05	4.29e-07	0.00e+00
 6.85306e+22	1.29e-22	9.88e-10	3.06e-07	5.79e-06	3.72e-05	2.00e-04	1.81e-02	2.42e-01	4.64e-01	1.94e-01	6.56e-02	1.53e-02	1.18e-03	1.29e-04	2.91e-05	3.19e-07	0.00e+00
 6.95218e+22	1.50e-22	1.14e-09	3.57e-07	6.77e-06	4.30e-05	2.30e-04	1.99e-02	2.55e-01	4.64e-01	1.86e-01	6.06e-02	1.37e-02	1.03e-03	1.10e-04	2.42e-05	2.54e-07	0.00e+00
 7.05148e+22	1.81e-22	1.37e-09	4.33e-07	8.25e-06	5.17e-05	2.74e-04	2.24e-02	2.72e-01	4.63e-01	1.76e-01	5.45e-02	1.19e-02	8.60e-04	8.90e-05	1.90e-05	1.89e-07	0.00e+00
 7.15121e+22	2.12e-22	1.58e-09	5.02e-07	9.59e-06	5.93e-05	3.12e-04	2.45e-02	2.84e-01	4.61e-01	1.68e-01	5.02e-02	1.07e-02	7.50e-04	7.59e-05	1.57e-05	1.51e-07	0.00e+00
 7.25150e+22	2.57e-22	1.87e-09	6.05e-07	1.16e-05	7.08e-05	3.70e-04	2.74e-02	3.01e-01	4.58e-01	1.58e-01	4.50e-02	9.22e-03	6.26e-04	6.15e-05	1.23e-05	0.00e+00	0.00e+00
 7.35287e+22	3.01e-22	2.14e-09	6.99e-07	1.34e-05	8.10e-05	4.21e-04	2.98e-02	3.14e-01	4.55e-01	1.51e-01	4.14e-02	8.23e-03	5.43e-04	5.21e-05	1.02e-05	0.00e+00	0.00e+00
 7.45567e+22	3.66e-22	2.52e-09	8.39e-07	1.62e-05	9.63e-05	4.97e-04	3.32e-02	3.32e-01	4.49e-01	1.41e-01	3.69e-02	7.08e-03	4.51e-04	4.20e-05	7.95e-06	0.00e+00	0.00e+00
 7.55988e+22	4.30e-22	2.88e-09	9.68e-07	1.87e-05	1.10e-04	5.64e-04	3.61e-02	3.45e-01	4.44e-01	1.34e-01	3.37e-02	6.29e-03	3.90e-04	3.54e-05	6.54e-06	0.00e+00	0.00e+00
 7.66593e+22	5.26e-22	3.39e-09	1.16e-06	2.25e-05	1.30e-04	6.65e-04	4.01e-02	3.62e-01	4.37e-01	1.25e-01	2.99e-02	5.39e-03	3.22e-04	2.84e-05	5.06e-06	0.00e+00	0.00e+00
 7.77397e+22	6.21e-22	3.87e-09	1.34e-06	2.61e-05	1.49e-04	7.55e-04	4.35e-02	3.76e-01	4.30e-01	1.18e-01	2.72e-02	4.76e-03	2.76e-04	2.38e-05	4.13e-06	0.00e+00	0.00e+00
 7.88461e+22	7.65e-22	4.55e-09	1.61e-06	3.13e-05	1.76e-04	8.89e-04	4.83e-02	3.93e-01	4.20e-01	1.09e-01	2.40e-02	4.04e-03	2.26e-04	1.88e-05	3.17e-06	0.00e+00	0.00e+00
 7.99783e+22	9.11e-22	5.21e-09	1.86e-06	3.63e-05	2.01e-04	1.01e-03	5.23e-02	4.06e-01	4.12e-01	1.02e-01	2.17e-02	3.55e-03	1.93e-04	1.56e-05	2.56e-06	0.00e+00	0.00e+00
 8.11443e+22	1.13e-21	6.15e-09	2.24e-06	4.38e-05	2.38e-04	1.19e-03	5.80e-02	4.24e-01	4.01e-01	9.41e-02	1.89e-02	2.98e-03	1.56e-04	1.22e-05	1.94e-06	0.00e+00	0.00e+00
 8.23315e+22	1.36e-21	7.09e-09	2.61e-06	5.08e-05	2.72e-04	1.35e-03	6.26e-02	4.36e-01	3.92e-01	8.80e-02	1.70e-02	2.60e-03	1.32e-04	1.01e-05	1.56e-06	0.00e+00	0.00e+00
 8.33335e+22	1.59e-21	7.99e-09	2.97e-06	5.79e-05	3.05e-04	1.51e-03	6.71e-02	4.48e-01	3.83e-01	8.27e-02	1.54e-02	2.30e-03	1.14e-04	8.49e-06	1.28e-06	0.00e+00	0.00e+00
 8.44236e+22	1.95e-21	9.31e-09	3.51e-06	6.84e-05	3.54e-04	1.75e-03	7.32e-02	4.62e-01	3.71e-01	7.62e-02	1.36e-02	1.95e-03	9.34e-05	6.77e-06	9.87e-07	0.00e+00	0.00e+00
 8.54801e+22	2.27e-21	1.04e-08	3.97e-06	7.71e-05	3.93e-04	1.93e-03	7.78e-02	4.71e-01	3.62e-01	7.19e-02	1.24e-02	1.74e-03	8.13e-05	5.77e-06	8.22e-07	0.00e+00	0.00e+00
 8.64932e+22	2.72e-21	1.20e-08	4.62e-06	8.96e-05	4.49e-04	2.20e-03	8.41e-02	4.84e-01	3.50e-01	6.64e-02	1.10e-02	1.50e-03	6.75e-05	4.66e-06	6.46e-07	0.00e+00	0.00e+00
 8.75169e+22	3.20e-21	1.35e-08	5.24e-06	1.01e-04	4.98e-04	2.42e-03	8.91e-02	4.92e-01	3.42e-01	6.25e-02	1.00e-02	1.33e-03	5.87e-05	3.97e-06	5.38e-07	0.00e+00	0.00e+00
 8.85543e+22	3.87e-21	1.56e-08	6.12e-06	1.17e-04	5.68e-04	2.76e-03	9.60e-02	5.03e-01	3.30e-01	5.76e-02	8.87e-03	1.14e-03	4.87e-05	3.20e-06	4.21e-07	0.00e+00	0.00e+00
 8.96075e+22	4.58e-21	1.77e-08	6.96e-06	1.33e-04	6.29e-04	3.04e-03	1.02e-01	5.11e-01	3.20e-01	5.40e-02	8.06e-03	1.01e-03	4.20e-05	2.71e-06	3.48e-07	0.00e+00	0.00e+00
 9.06814e+22	5.57e-21	2.05e-08	8.15e-06	1.55e-04	7.18e-04	3.45e-03	1.09e-01	5.21e-01	3.08e-01	4.95e-02	7.08e-03	8.59e-04	3.46e-05	2.17e-06	2.70e-07	0.00e+00	0.00e+00
 9.17711e+22	6.65e-21	2.34e-08	9.31e-06	1.75e-04	7.96e-04	3.80e-03	1.16e-01	5.28e-01	2.98e-01	4.63e-02	6.41e-03	7.58e-04	2.98e-05	1.82e-06	2.23e-07	0.00e+00	0.00e+00
 9.28811e+22	8.17e-21	2.73e-08	1.10e-05	2.04e-04	9.08e-04	4.32e-03	1.24e-01	5.37e-01	2.85e-01	4.22e-02	5.60e-03	6.41e-04	2.44e-05	1.45e-06	1.72e-07	0.00e+00	0.00e+00
 9.40114e+22	9.87e-21	3.15e-08	1.26e-05	2.31e-04	1.01e-03	4.75e-03	1.31e-01	5.43e-01	2.75e-01	3.93e-02	5.05e-03	5.63e-04	2.08e-05	1.21e-06	1.40e-07	0.00e+00	0.00e+00
 9.51683e+22	1.23e-20	3.71e-08	1.49e-05	2.71e-04	1.15e-03	5.41e-03	1.41e-01	5.50e-01	2.62e-01	3.56e-02	4.38e-03	4.73e-04	1.69e-05	9.56e-07	0.00e+00	0.00e+00	0.00e+00
 9.63504e+22	1.49e-20	4.29e-08	1.72e-05	3.09e-04	1.28e-03	5.97e-03	1.48e-01	5.55e-01	2.52e-01	3.30e-02	3.92e-03	4.12e-04	1.43e-05	7.92e-07	0.00e+00	0.00e+00	0.00e+00
 9.75654e+22	1.90e-20	5.14e-08	2.06e-05	3.64e-04	1.46e-03	6.78e-03	1.59e-01	5.60e-01	2.39e-01	2.97e-02	3.38e-03	3.43e-04	1.15e-05	6.18e-07	0.00e+00	0.00e+00	0.00e+00
 9.88139e+22	2.34e-20	6.02e-08	2.40e-05	4.17e-04	1.63e-03	7.50e-03	1.68e-01	5.63e-01	2.29e-01	2.73e-02	3.00e-03	2.96e-04	9.65e-06	5.06e-07	0.00e+00	0.00e+00	0.00e+00
 1.00106e+23	3.04e-20	7.34e-08	2.91e-05	4.96e-04	1.88e-03	8.55e-03	1.80e-01	5.67e-01	2.15e-01	2.44e-02	2.57e-03	2.44e-04	7.65e-06	3.90e-07	0.00e+00	0.00e+00	0.00e+00
 1.01410e+23	3.82e-20	8.69e-08	3.40e-05	5.68e-04	2.09e-03	9.42e-03	1.89e-01	5.69e-01	2.05e-01	2.24e-02	2.28e-03	2.10e-04	6.41e-06	3.19e-07	0.00e+00	0.00e+00	0.00e+00
 1.02728e+23	4.99e-20	1.06e-07	4.13e-05	6.76e-04	2.40e-03	1.07e-02	2.02e-01	5.70e-01	1.92e-01	1.99e-02	1.93e-03	1.72e-04	5.05e-06	2.44e-07	0.00e+00	0.00e+00	0.00e+00
 1.04061e+23	6.32e-20	1.27e-07	4.85e-05	7.76e-04	2.67e-03	1.18e-02	2.12e-01	5.70e-01	1.83e-01	1.82e-02	1.71e-03	1.48e-04	4.21e-06	1.98e-07	0.00e+00	0.00e+00	0.00e+00
 1.05412e+23	8.41e-20	1.57e-07	5.93e-05	9.24e-04	3.06e-03	1.34e-02	2.26e-01	5.69e-01	1.70e-01	1.61e-02	1.44e-03	1.20e-04	3.30e-06	1.51e-07	0.00e+00	0.00e+00	0.00e+00
 1.06788e+23	1.08e-19	1.89e-07	7.01e-05	1.07e-03	3.41e-03	1.47e-02	2.36e-01	5.67e-01	1.61e-01	1.47e-02	1.27e-03	1.02e-04	2.73e-06	1.22e-07	0.00e+00	0.00e+00	0.00e+00
 1.08007e+23	1.37e-19	2.26e-07	8.23e-05	1.22e-03	3.79e-03	1.62e-02	2.48e-01	5.64e-01	1.52e-01	1.33e-02	1.11e-03	8.71e-05	2.25e-06	0.00e+00	0.00e+00	0.00e+00	0.00e+00
 1.09401e+23	1.87e-19	2.85e-07	1.01e-04	1.46e-03	4.34e-03	1.83e-02	2.62e-01	5.60e-01	1.41e-01	1.17e-02	9.35e-04	7.07e-05	1.76e-06	0.00e+00	0.00e+00	0.00e+00	0.00e+00
 1.10821e+23	1.63e-19	3.44e-07	1.20e-04	1.68e-03	4.84e-03	2.02e-02	2.74e-01	5.55e-01	1.33e-01	1.06e-02	8.11e-04	5.95e-05	1.43e-06	0.00e+00	0.00e+00	0.00e+00	0.00e+00
 1.11972e+23	2.04e-19	4.07e-07	1.39e-04	1.90e-03	5.30e-03	2.18e-02	2.84e-01	5.50e-01	1.26e-01	9.66e-03	7.20e-04	5.15e-05	1.21e-06	0.00e+00	0.00e+00	0.00e+00	0.00e+00
 1.13166e+23	2.67e-19	4.97e-07	1.65e-04	2.20e-03	5.89e-03	2.39e-02	2.96e-01	5.44e-01	1.18e-01	8.70e-03	6.26e-04	4.34e-05	9.87e-07	0.00e+00	0.00e+00	0.00e+00	0.00e+00
 1.14421e+23	3.39e-19	5.93e-07	1.93e-04	2.50e-03	6.48e-03	2.60e-02	3.07e-01	5.38e-01	1.11e-01	7.90e-03	5.51e-04	3.72e-05	8.22e-07	0.00e+00	0.00e+00	0.00e+00	0.00e+00
 1.15573e+23	4.29e-19	7.07e-07	2.25e-04	2.83e-03	7.10e-03	2.81e-02	3.18e-01	5.32e-01	1.04e-01	7.18e-03	4.85e-04	3.19e-05	6.86e-07	0.00e+00	0.00e+00	0.00e+00	0.00e+00
 1.16887e+23	8.71e-19	8.84e-07	2.72e-04	3.31e-03	7.96e-03	3.10e-02	3.31e-01	5.23e-01	9.68e-02	6.37e-03	4.14e-04	2.63e-05	5.47e-07	0.00e+00	0.00e+00	0.00e+00	0.00e+00
 1.18237e+23	1.14e-18	1.07e-06	3.21e-04	3.80e-03	8.79e-03	3.39e-02	3.43e-01	5.14e-01	9.01e-02	5.71e-03	3.58e-04	2.21e-05	4.46e-07	0.00e+00	0.00e+00	0.00e+00	0.00e+00
 1.19424e+23	1.46e-18	1.29e-06	3.75e-04	4.30e-03	9.62e-03	3.65e-02	3.54e-01	5.05e-01	8.46e-02	5.17e-03	3.15e-04	1.89e-05	3.71e-07	0.00e+00	0.00e+00	0.00e+00	0.00e+00
 1.20757e+23	2.01e-18	1.62e-06	4.55e-04	5.03e-03	1.08e-02	4.01e-02	3.67e-01	4.94e-01	7.79e-02	4.57e-03	2.68e-04	1.55e-05	2.95e-07	0.00e+00	0.00e+00	0.00e+00	0.00e+00
 1.22151e+23	1.75e-18	1.98e-06	5.40e-04	5.78e-03	1.19e-02	4.36e-02	3.79e-01	4.83e-01	7.21e-02	4.06e-03	2.30e-04	1.29e-05	2.38e-07	0.00e+00	0.00e+00	0.00e+00	0.00e+00
 1.23408e+23	2.29e-18	2.41e-06	6.34e-04	6.57e-03	1.30e-02	4.70e-02	3.89e-01	4.73e-01	6.71e-02	3.65e-03	2.00e-04	1.10e-05	1.96e-07	0.00e+00	0.00e+00	0.00e+00	0.00e+00
 1.24827e+23	3.22e-18	3.07e-06	7.77e-04	7.73e-03	1.46e-02	5.16e-02	4.02e-01	4.59e-01	6.12e-02	3.18e-03	1.68e-04	8.87e-06	1.53e-07	0.00e+00	0.00e+00	0.00e+00	0.00e+00
 1.26294e+23	4.35e-18	3.81e-06	9.28e-04	8.90e-03	1.61e-02	5.61e-02	4.13e-01	4.46e-01	5.61e-02	2.81e-03	1.43e-04	7.31e-06	1.22e-07	0.00e+00	0.00e+00	0.00e+00	0.00e+00
 1.27602e+23	5.79e-18	4.66e-06	1.10e-03	1.01e-02	1.76e-02	6.03e-02	4.23e-01	4.33e-01	5.19e-02	2.50e-03	1.23e-04	6.13e-06	0.00e+00	0.00e+00	0.00e+00	0.00e+00	0.00e+00
 1.29081e+23	8.30e-18	6.01e-06	1.35e-03	1.19e-02	1.97e-02	6.60e-02	4.35e-01	4.17e-01	4.68e-02	2.16e-03	1.02e-04	4.90e-06	0.00e+00	0.00e+00	0.00e+00	0.00e+00	0.00e+00
 1.30621e+23	1.15e-17	7.53e-06	1.62e-03	1.38e-02	2.17e-02	7.14e-02	4.44e-01	4.02e-01	4.26e-02	1.89e-03	8.61e-05	4.00e-06	0.00e+00	0.00e+00	0.00e+00	0.00e+00	0.00e+00
 1.32010e+23	1.56e-17	9.32e-06	1.93e-03	1.58e-02	2.37e-02	7.68e-02	4.53e-01	3.88e-01	3.89e-02	1.67e-03	7.32e-05	3.30e-06	0.00e+00	0.00e+00	0.00e+00	0.00e+00	0.00e+00
 1.33585e+23	2.33e-17	1.22e-05	2.40e-03	1.87e-02	2.66e-02	8.40e-02	4.63e-01	3.70e-01	3.45e-02	1.41e-03	5.94e-05	2.58e-06	0.00e+00	0.00e+00	0.00e+00	0.00e+00	0.00e+00
 1.35200e+23	3.26e-17	1.54e-05	2.88e-03	2.15e-02	2.92e-02	9.04e-02	4.70e-01	3.54e-01	3.11e-02	1.23e-03	4.97e-05	2.09e-06	0.00e+00	0.00e+00	0.00e+00	0.00e+00	0.00e+00
 1.36648e+23	4.53e-17	1.92e-05	3.44e-03	2.46e-02	3.19e-02	9.68e-02	4.76e-01	3.38e-01	2.81e-02	1.07e-03	4.18e-05	1.70e-06	0.00e+00	0.00e+00	0.00e+00	0.00e+00	0.00e+00
 1.38308e+23	6.98e-17	2.54e-05	4.31e-03	2.92e-02	3.57e-02	1.05e-01	4.82e-01	3.17e-01	2.45e-02	8.91e-04	3.32e-05	1.30e-06	0.00e+00	0.00e+00	0.00e+00	0.00e+00	0.00e+00
 1.39986e+23	9.89e-17	3.19e-05	5.16e-03	3.35e-02	3.89e-02	1.13e-01	4.86e-01	3.01e-01	2.19e-02	7.66e-04	2.75e-05	1.04e-06	0.00e+00	0.00e+00	0.00e+00	0.00e+00	0.00e+00
 1.41687e+23	1.54e-16	4.24e-05	6.45e-03	3.96e-02	4.33e-02	1.22e-01	4.89e-01	2.80e-01	1.90e-02	6.35e-04	2.17e-05	7.90e-07	0.00e+00	0.00e+00	0.00e+00	0.00e+00	0.00e+00
 1.43416e+23	2.24e-16	5.35e-05	7.74e-03	4.53e-02	4.71e-02	1.30e-01	4.89e-01	2.63e-01	1.67e-02	5.41e-04	1.78e-05	6.25e-07	0.00e+00	0.00e+00	0.00e+00	0.00e+00	0.00e+00
 1.44951e+23	3.25e-16	6.71e-05	9.23e-03	5.16e-02	5.11e-02	1.38e-01	4.88e-01	2.47e-01	1.48e-02	4.61e-04	1.46e-05	4.97e-07	0.00e+00	0.00e+00	0.00e+00	0.00e+00	0.00e+00
 1.46716e+23	5.30e-16	8.96e-05	1.16e-02	6.08e-02	5.64e-02	1.48e-01	4.85e-01	2.26e-01	1.25e-02	3.74e-04	1.12e-05	3.67e-07	0.00e+00	0.00e+00	0.00e+00	0.00e+00	0.00e+00
 1.48503e+23	7.88e-16	1.13e-04	1.38e-02	6.90e-02	6.09e-02	1.56e-01	4.80e-01	2.10e-01	1.09e-02	3.16e-04	9.09e-06	2.88e-07	0.00e+00	0.00e+00	0.00e+00	0.00e+00	0.00e+00
 1.50320e+23	1.34e-15	1.50e-04	1.72e-02	8.09e-02	6.68e-02	1.65e-01	4.71e-01	1.89e-01	9.10e-03	2.52e-04	6.89e-06	2.10e-07	0.00e+00	0.00e+00	0.00e+00	0.00e+00	0.00e+00
 1.52161e+23	2.06e-15	1.89e-04	2.04e-02	9.14e-02	7.16e-02	1.73e-01	4.62e-01	1.73e-01	7.83e-03	2.10e-04	5.50e-06	1.62e-07	0.00e+00	0.00e+00	0.00e+00	0.00e+00	0.00e+00
 1.54033e+23	3.75e-15	2.51e-04	2.53e-02	1.06e-01	7.78e-02	1.82e-01	4.48e-01	1.54e-01	6.41e-03	1.65e-04	4.09e-06	0.00e+00	0.00e+00	0.00e+00	0.00e+00	0.00e+00	0.00e+00
 1.55929e+23	6.22e-15	3.15e-04	3.00e-02	1.19e-01	8.27e-02	1.89e-01	4.34e-01	1.39e-01	5.44e-03	1.36e-04	3.21e-06	0.00e+00	0.00e+00	0.00e+00	0.00e+00	0.00e+00	0.00e+00
 1.57585e+23	1.03e-14	3.90e-04	3.51e-02	1.33e-01	8.74e-02	1.94e-01	4.19e-01	1.26e-01	4.62e-03	1.12e-04	2.53e-06	0.00e+00	0.00e+00	0.00e+00	0.00e+00	0.00e+00	0.00e+00
 1.59134e+23	1.79e-14	4.70e-04	4.03e-02	1.46e-01	9.15e-02	1.99e-01	4.05e-01	1.14e-01	3.97e-03	9.39e-05	2.04e-06	0.00e+00	0.00e+00	0.00e+00	0.00e+00	0.00e+00	0.00e+00
 1.60817e+23	3.54e-14	5.94e-04	4.78e-02	1.63e-01	9.65e-02	2.03e-01	3.85e-01	1.01e-01	3.25e-03	7.46e-05	1.54e-06	0.00e+00	0.00e+00	0.00e+00	0.00e+00	0.00e+00	0.00e+00
 1.62511e+23	7.99e-14	7.16e-04	5.46e-02	1.77e-01	1.00e-01	2.06e-01	3.68e-01	9.03e-02	2.76e-03	6.16e-05	1.22e-06	0.00e+00	0.00e+00	0.00e+00	0.00e+00	0.00e+00	0.00e+00
 1.63985e+23	2.30e-13	8.52e-04	6.18e-02	1.92e-01	1.04e-01	2.08e-01	3.50e-01	8.09e-02	2.34e-03	5.11e-05	9.71e-07	0.00e+00	0.00e+00	0.00e+00	0.00e+00	0.00e+00	0.00e+00
 1.65664e+23	6.94e-13	1.06e-03	7.21e-02	2.11e-01	1.07e-01	2.09e-01	3.28e-01	7.00e-02	1.89e-03	4.01e-05	7.22e-07	0.00e+00	0.00e+00	0.00e+00	0.00e+00	0.00e+00	0.00e+00
 1.67380e+23	6.26e-12	1.26e-03	8.15e-02	2.27e-01	1.10e-01	2.09e-01	3.08e-01	6.15e-02	1.57e-03	3.25e-05	5.59e-07	0.00e+00	0.00e+00	0.00e+00	0.00e+00	0.00e+00	0.00e+00
 1.69145e+23	3.01e-11	1.56e-03	9.43e-02	2.47e-01	1.13e-01	2.08e-01	2.83e-01	5.23e-02	1.24e-03	2.51e-05	4.08e-07	0.00e+00	0.00e+00	0.00e+00	0.00e+00	0.00e+00	0.00e+00
 1.70940e+23	4.62e-10	1.86e-03	1.06e-01	2.63e-01	1.15e-01	2.05e-01	2.63e-01	4.52e-02	1.01e-03	1.99e-05	3.09e-07	0.00e+00	0.00e+00	0.00e+00	0.00e+00	0.00e+00	0.00e+00
 1.72506e+23	1.64e-08	2.18e-03	1.18e-01	2.79e-01	1.16e-01	2.02e-01	2.43e-01	3.93e-02	8.31e-04	1.60e-05	2.38e-07	0.00e+00	0.00e+00	0.00e+00	0.00e+00	0.00e+00	0.00e+00
 1.74274e+23	3.94e-08	2.65e-03	1.34e-01	2.98e-01	1.17e-01	1.96e-01	2.19e-01	3.26e-02	6.42e-04	1.21e-05	1.69e-07	0.00e+00	0.00e+00	0.00e+00	0.00e+00	0.00e+00	0.00e+00
 1.75928e+23	5.24e-08	3.02e-03	1.46e-01	3.10e-01	1.17e-01	1.92e-01	2.03e-01	2.85e-02	5.36e-04	9.93e-06	1.33e-07	0.00e+00	0.00e+00	0.00e+00	0.00e+00	0.00e+00	0.00e+00
 1.77433e+23	6.94e-08	3.52e-03	1.61e-01	3.24e-01	1.17e-01	1.86e-01	1.85e-01	2.41e-02	4.28e-04	7.77e-06	0.00e+00	0.00e+00	0.00e+00	0.00e+00	0.00e+00	0.00e+00	0.00e+00
 1.78967e+23	8.72e-08	4.00e-03	1.74e-01	3.35e-01	1.16e-01	1.80e-01	1.70e-01	2.09e-02	3.52e-04	6.29e-06	0.00e+00	0.00e+00	0.00e+00	0.00e+00	0.00e+00	0.00e+00	0.00e+00
 1.80327e+23	1.08e-07	4.51e-03	1.87e-01	3.45e-01	1.15e-01	1.74e-01	1.56e-01	1.81e-02	2.92e-04	5.13e-06	0.00e+00	0.00e+00	0.00e+00	0.00e+00	0.00e+00	0.00e+00	0.00e+00
 1.81879e+23	1.38e-07	5.23e-03	2.04e-01	3.57e-01	1.13e-01	1.66e-01	1.39e-01	1.50e-02	2.28e-04	3.93e-06	0.00e+00	0.00e+00	0.00e+00	0.00e+00	0.00e+00	0.00e+00	0.00e+00
 1.83446e+23	1.69e-07	5.86e-03	2.19e-01	3.65e-01	1.11e-01	1.59e-01	1.26e-01	1.29e-02	1.87e-04	3.16e-06	0.00e+00	0.00e+00	0.00e+00	0.00e+00	0.00e+00	0.00e+00	0.00e+00
 1.85032e+23	2.11e-07	6.74e-03	2.37e-01	3.74e-01	1.09e-01	1.51e-01	1.12e-01	1.06e-02	1.45e-04	2.40e-06	0.00e+00	0.00e+00	0.00e+00	0.00e+00	0.00e+00	0.00e+00	0.00e+00
 1.86643e+23	2.55e-07	7.55e-03	2.53e-01	3.81e-01	1.06e-01	1.43e-01	1.01e-01	8.91e-03	1.16e-04	1.90e-06	0.00e+00	0.00e+00	0.00e+00	0.00e+00	0.00e+00	0.00e+00	0.00e+00
 1.88062e+23	3.07e-07	8.40e-03	2.68e-01	3.86e-01	1.04e-01	1.36e-01	9.05e-02	7.55e-03	9.42e-05	1.51e-06	0.00e+00	0.00e+00	0.00e+00	0.00e+00	0.00e+00	0.00e+00	0.00e+00
 1.89682e+23	3.78e-07	9.58e-03	2.88e-01	3.91e-01	1.00e-01	1.27e-01	7.90e-02	6.11e-03	7.20e-05	1.13e-06	0.00e+00	0.00e+00	0.00e+00	0.00e+00	0.00e+00	0.00e+00	0.00e+00
 1.91328e+23	4.50e-07	1.07e-02	3.04e-01	3.94e-01	9.69e-02	1.19e-01	7.03e-02	5.09e-03	5.73e-05	8.87e-07	0.00e+00	0.00e+00	0.00e+00	0.00e+00	0.00e+00	0.00e+00	0.00e+00
 1.92781e+23	5.36e-07	1.18e-02	3.20e-01	3.95e-01	9.37e-02	1.12e-01	6.25e-02	4.26e-03	4.58e-05	6.97e-07	0.00e+00	0.00e+00	0.00e+00	0.00e+00	0.00e+00	0.00e+00	0.00e+00
 1.94447e+23	6.52e-07	1.33e-02	3.41e-01	3.96e-01	8.96e-02	1.03e-01	5.38e-02	3.39e-03	3.44e-05	5.14e-07	0.00e+00	0.00e+00	0.00e+00	0.00e+00	0.00e+00	0.00e+00	0.00e+00
 1.96140e+23	7.70e-07	1.48e-02	3.58e-01	3.95e-01	8.61e-02	9.60e-02	4.74e-02	2.79e-03	2.70e-05	3.97e-07	0.00e+00	0.00e+00	0.00e+00	0.00e+00	0.00e+00	0.00e+00	0.00e+00
 1.97868e+23	9.42e-07	1.67e-02	3.79e-01	3.93e-01	8.17e-02	8.74e-02	4.03e-02	2.18e-03	2.00e-05	2.87e-07	0.00e+00	0.00e+00	0.00e+00	0.00e+00	0.00e+00	0.00e+00	0.00e+00
 1.99614e+23	1.11e-06	1.84e-02	3.96e-01	3.90e-01	7.79e-02	8.07e-02	3.51e-02	1.77e-03	1.55e-05	2.19e-07	0.00e+00	0.00e+00	0.00e+00	0.00e+00	0.00e+00	0.00e+00	0.00e+00
 2.01385e+23	1.35e-06	2.07e-02	4.18e-01	3.84e-01	7.35e-02	7.29e-02	2.96e-02	1.37e-03	1.14e-05	1.57e-07	0.00e+00	0.00e+00	0.00e+00	0.00e+00	0.00e+00	0.00e+00	0.00e+00
 2.03186e+23	1.59e-06	2.28e-02	4.35e-01	3.79e-01	6.97e-02	6.67e-02	2.56e-02	1.10e-03	8.76e-06	0.00e+00	0.00e+00	0.00e+00	0.00e+00	0.00e+00	0.00e+00	0.00e+00	0.00e+00
 2.05026e+23	1.93e-06	2.56e-02	4.56e-01	3.71e-01	6.52e-02	5.96e-02	2.13e-02	8.42e-04	6.33e-06	0.00e+00	0.00e+00	0.00e+00	0.00e+00	0.00e+00	0.00e+00	0.00e+00	0.00e+00
 2.06902e+23	2.27e-06	2.82e-02	4.74e-01	3.64e-01	6.15e-02	5.40e-02	1.82e-02	6.67e-04	4.79e-06	0.00e+00	0.00e+00	0.00e+00	0.00e+00	0.00e+00	0.00e+00	0.00e+00	0.00e+00
 2.08566e+23	2.64e-06	3.08e-02	4.90e-01	3.56e-01	5.80e-02	4.90e-02	1.56e-02	5.34e-04	3.67e-06	0.00e+00	0.00e+00	0.00e+00	0.00e+00	0.00e+00	0.00e+00	0.00e+00	0.00e+00
 2.10471e+23	3.19e-06	3.44e-02	5.11e-01	3.45e-01	5.38e-02	4.32e-02	1.29e-02	4.00e-04	2.62e-06	0.00e+00	0.00e+00	0.00e+00	0.00e+00	0.00e+00	0.00e+00	0.00e+00	0.00e+00
 2.12423e+23	3.74e-06	3.77e-02	5.27e-01	3.35e-01	5.03e-02	3.88e-02	1.09e-02	3.13e-04	1.96e-06	0.00e+00	0.00e+00	0.00e+00	0.00e+00	0.00e+00	0.00e+00	0.00e+00	0.00e+00
 2.13918e+23	4.19e-06	4.02e-02	5.39e-01	3.28e-01	4.79e-02	3.58e-02	9.65e-03	2.63e-04	1.60e-06	0.00e+00	0.00e+00	0.00e+00	0.00e+00	0.00e+00	0.00e+00	0.00e+00	0.00e+00
 2.15342e+23	4.82e-06	4.34e-02	5.53e-01	3.18e-01	4.51e-02	3.24e-02	8.30e-03	2.11e-04	1.23e-06	0.00e+00	0.00e+00	0.00e+00	0.00e+00	0.00e+00	0.00e+00	0.00e+00	0.00e+00
 2.16798e+23	5.37e-06	4.62e-02	5.63e-01	3.10e-01	4.29e-02	2.98e-02	7.34e-03	1.76e-04	1.00e-06	0.00e+00	0.00e+00	0.00e+00	0.00e+00	0.00e+00	0.00e+00	0.00e+00	0.00e+00
 2.18292e+23	6.19e-06	5.00e-02	5.77e-01	2.99e-01	4.01e-02	2.67e-02	6.26e-03	1.40e-04	7.67e-07	0.00e+00	0.00e+00	0.00e+00	0.00e+00	0.00e+00	0.00e+00	0.00e+00	0.00e+00
 2.19800e+23	6.92e-06	5.32e-02	5.88e-01	2.91e-01	3.80e-02	2.45e-02	5.51e-03	1.16e-04	6.19e-07	0.00e+00	0.00e+00	0.00e+00	0.00e+00	0.00e+00	0.00e+00	0.00e+00	0.00e+00
 2.21325e+23	7.95e-06	5.75e-02	6.00e-01	2.80e-01	3.55e-02	2.19e-02	4.68e-03	9.15e-05	4.72e-07	0.00e+00	0.00e+00	0.00e+00	0.00e+00	0.00e+00	0.00e+00	0.00e+00	0.00e+00
 2.22875e+23	8.92e-06	6.12e-02	6.10e-01	2.71e-01	3.35e-02	1.99e-02	4.09e-03	7.53e-05	3.78e-07	0.00e+00	0.00e+00	0.00e+00	0.00e+00	0.00e+00	0.00e+00	0.00e+00	0.00e+00
 2.24459e+23	1.03e-05	6.61e-02	6.22e-01	2.59e-01	3.11e-02	1.76e-02	3.45e-03	5.88e-05	2.86e-07	0.00e+00	0.00e+00	0.00e+00	0.00e+00	0.00e+00	0.00e+00	0.00e+00	0.00e+00
 2.26064e+23	1.15e-05	7.04e-02	6.31e-01	2.50e-01	2.92e-02	1.59e-02	2.99e-03	4.80e-05	2.27e-07	0.00e+00	0.00e+00	0.00e+00	0.00e+00	0.00e+00	0.00e+00	0.00e+00	0.00e+00
 2.27699e+23	1.32e-05	7.58e-02	6.42e-01	2.38e-01	2.71e-02	1.41e-02	2.52e-03	3.74e-05	1.71e-07	0.00e+00	0.00e+00	0.00e+00	0.00e+00	0.00e+00	0.00e+00	0.00e+00	0.00e+00
 2.29375e+23	1.49e-05	8.08e-02	6.51e-01	2.28e-01	2.53e-02	1.26e-02	2.16e-03	3.01e-05	1.34e-07	0.00e+00	0.00e+00	0.00e+00	0.00e+00	0.00e+00	0.00e+00	0.00e+00	0.00e+00
 2.31107e+23	1.73e-05	8.75e-02	6.61e-01	2.15e-01	2.32e-02	1.09e-02	1.79e-03	2.28e-05	0.00e+00	0.00e+00	0.00e+00	0.00e+00	0.00e+00	0.00e+00	0.00e+00	0.00e+00	0.00e+00
 2.32837e+23	1.94e-05	9.30e-02	6.68e-01	2.06e-01	2.17e-02	9.81e-03	1.54e-03	1.84e-05	0.00e+00	0.00e+00	0.00e+00	0.00e+00	0.00e+00	0.00e+00	0.00e+00	0.00e+00	0.00e+00
 2.34564e+23	2.24e-05	1.00e-01	6.77e-01	1.93e-01	1.99e-02	8.50e-03	1.27e-03	1.40e-05	0.00e+00	0.00e+00	0.00e+00	0.00e+00	0.00e+00	0.00e+00	0.00e+00	0.00e+00	0.00e+00
 2.36340e+23	2.52e-05	1.07e-01	6.83e-01	1.84e-01	1.85e-02	7.56e-03	1.09e-03	1.12e-05	0.00e+00	0.00e+00	0.00e+00	0.00e+00	0.00e+00	0.00e+00	0.00e+00	0.00e+00	0.00e+00
 2.38177e+23	2.92e-05	1.15e-01	6.90e-01	1.71e-01	1.68e-02	6.48e-03	8.89e-04	8.42e-06	0.00e+00	0.00e+00	0.00e+00	0.00e+00	0.00e+00	0.00e+00	0.00e+00	0.00e+00	0.00e+00
 2.40038e+23	3.29e-05	1.22e-01	6.94e-01	1.62e-01	1.56e-02	5.72e-03	7.55e-04	6.67e-06	0.00e+00	0.00e+00	0.00e+00	0.00e+00	0.00e+00	0.00e+00	0.00e+00	0.00e+00	0.00e+00
 2.41932e+23	3.81e-05	1.32e-01	6.99e-01	1.49e-01	1.41e-02	4.85e-03	6.11e-04	4.95e-06	0.00e+00	0.00e+00	0.00e+00	0.00e+00	0.00e+00	0.00e+00	0.00e+00	0.00e+00	0.00e+00
 2.43830e+23	4.29e-05	1.40e-01	7.02e-01	1.40e-01	1.30e-02	4.26e-03	5.17e-04	3.91e-06	0.00e+00	0.00e+00	0.00e+00	0.00e+00	0.00e+00	0.00e+00	0.00e+00	0.00e+00	0.00e+00
 2.45734e+23	4.97e-05	1.51e-01	7.05e-01	1.28e-01	1.17e-02	3.60e-03	4.17e-04	2.89e-06	0.00e+00	0.00e+00	0.00e+00	0.00e+00	0.00e+00	0.00e+00	0.00e+00	0.00e+00	0.00e+00
 2.47645e+23	5.59e-05	1.59e-01	7.06e-01	1.20e-01	1.08e-02	3.15e-03	3.52e-04	2.28e-06	0.00e+00	0.00e+00	0.00e+00	0.00e+00	0.00e+00	0.00e+00	0.00e+00	0.00e+00	0.00e+00
 2.49567e+23	6.46e-05	1.71e-01	7.07e-01	1.09e-01	9.65e-03	2.63e-03	2.82e-04	1.67e-06	0.00e+00	0.00e+00	0.00e+00	0.00e+00	0.00e+00	0.00e+00	0.00e+00	0.00e+00	0.00e+00
 2.51494e+23	7.26e-05	1.81e-01	7.07e-01	1.01e-01	8.84e-03	2.29e-03	2.37e-04	1.31e-06	0.00e+00	0.00e+00	0.00e+00	0.00e+00	0.00e+00	0.00e+00	0.00e+00	0.00e+00	0.00e+00
 2.53428e+23	8.40e-05	1.95e-01	7.05e-01	9.04e-02	7.89e-03	1.90e-03	1.88e-04	9.56e-07	0.00e+00	0.00e+00	0.00e+00	0.00e+00	0.00e+00	0.00e+00	0.00e+00	0.00e+00	0.00e+00
 2.55363e+23	9.41e-05	2.06e-01	7.02e-01	8.29e-02	7.21e-03	1.65e-03	1.57e-04	7.48e-07	0.00e+00	0.00e+00	0.00e+00	0.00e+00	0.00e+00	0.00e+00	0.00e+00	0.00e+00	0.00e+00
 2.57300e+23	1.09e-04	2.21e-01	6.98e-01	7.35e-02	6.39e-03	1.35e-03	1.24e-04	5.37e-07	0.00e+00	0.00e+00	0.00e+00	0.00e+00	0.00e+00	0.00e+00	0.00e+00	0.00e+00	0.00e+00
 2.59230e+23	1.22e-04	2.33e-01	6.93e-01	6.68e-02	5.81e-03	1.16e-03	1.03e-04	4.18e-07	0.00e+00	0.00e+00	0.00e+00	0.00e+00	0.00e+00	0.00e+00	0.00e+00	0.00e+00	0.00e+00
 2.61153e+23	1.41e-04	2.49e-01	6.86e-01	5.85e-02	5.13e-03	9.50e-04	8.06e-05	3.00e-07	0.00e+00	0.00e+00	0.00e+00	0.00e+00	0.00e+00	0.00e+00	0.00e+00	0.00e+00	0.00e+00
 2.63089e+23	1.59e-04	2.63e-01	6.79e-01	5.24e-02	4.62e-03	8.06e-04	6.61e-05	2.29e-07	0.00e+00	0.00e+00	0.00e+00	0.00e+00	0.00e+00	0.00e+00	0.00e+00	0.00e+00	0.00e+00
 2.65043e+23	1.83e-04	2.81e-01	6.69e-01	4.52e-02	4.03e-03	6.49e-04	5.10e-05	1.61e-07	0.00e+00	0.00e+00	0.00e+00	0.00e+00	0.00e+00	0.00e+00	0.00e+00	0.00e+00	0.00e+00
 2.67010e+23	2.07e-04	2.97e-01	6.59e-01	3.97e-02	3.59e-03	5.41e-04	4.11e-05	0.00e+00	0.00e+00	0.00e+00	0.00e+00	0.00e+00	0.00e+00	0.00e+00	0.00e+00	0.00e+00	0.00e+00
 2.68994e+23	2.40e-04	3.18e-01	6.44e-01	3.36e-02	3.08e-03	4.27e-04	3.11e-05	0.00e+00	0.00e+00	0.00e+00	0.00e+00	0.00e+00	0.00e+00	0.00e+00	0.00e+00	0.00e+00	0.00e+00
 2.71003e+23	2.72e-04	3.37e-01	6.31e-01	2.88e-02	2.70e-03	3.48e-04	2.44e-05	0.00e+00	0.00e+00	0.00e+00	0.00e+00	0.00e+00	0.00e+00	0.00e+00	0.00e+00	0.00e+00	0.00e+00
 2.72736e+23	3.06e-04	3.56e-01	6.17e-01	2.48e-02	2.35e-03	2.84e-04	1.92e-05	0.00e+00	0.00e+00	0.00e+00	0.00e+00	0.00e+00	0.00e+00	0.00e+00	0.00e+00	0.00e+00	0.00e+00
 2.74228e+23	3.34e-04	3.70e-01	6.05e-01	2.19e-02	2.11e-03	2.41e-04	1.60e-05	0.00e+00	0.00e+00	0.00e+00	0.00e+00	0.00e+00	0.00e+00	0.00e+00	0.00e+00	0.00e+00	0.00e+00
 2.75716e+23	3.75e-04	3.91e-01	5.88e-01	1.86e-02	1.82e-03	1.94e-04	1.25e-05	0.00e+00	0.00e+00	0.00e+00	0.00e+00	0.00e+00	0.00e+00	0.00e+00	0.00e+00	0.00e+00	0.00e+00
 2.77268e+23	4.15e-04	4.10e-01	5.72e-01	1.59e-02	1.57e-03	1.58e-04	9.89e-06	0.00e+00	0.00e+00	0.00e+00	0.00e+00	0.00e+00	0.00e+00	0.00e+00	0.00e+00	0.00e+00	0.00e+00
 2.78666e+23	4.57e-04	4.29e-01	5.55e-01	1.35e-02	1.36e-03	1.29e-04	7.85e-06	0.00e+00	0.00e+00	0.00e+00	0.00e+00	0.00e+00	0.00e+00	0.00e+00	0.00e+00	0.00e+00	0.00e+00
 2.80244e+23	5.15e-04	4.55e-01	5.32e-01	1.09e-02	1.11e-03	9.80e-05	5.81e-06	0.00e+00	0.00e+00	0.00e+00	0.00e+00	0.00e+00	0.00e+00	0.00e+00	0.00e+00	0.00e+00	0.00e+00
 2.81859e+23	5.71e-04	4.80e-01	5.09e-01	8.80e-03	9.01e-04	7.46e-05	4.32e-06	0.00e+00	0.00e+00	0.00e+00	0.00e+00	0.00e+00	0.00e+00	0.00e+00	0.00e+00	0.00e+00	0.00e+00
 2.83165e+23	6.22e-04	5.03e-01	4.88e-01	7.23e-03	7.43e-04	5.82e-05	3.32e-06	0.00e+00	0.00e+00	0.00e+00	0.00e+00	0.00e+00	0.00e+00	0.00e+00	0.00e+00	0.00e+00	0.00e+00
 2.84278e+23	6.66e-04	5.24e-01	4.68e-01	6.00e-03	6.19e-04	4.62e-05	2.60e-06	0.00e+00	0.00e+00	0.00e+00	0.00e+00	0.00e+00	0.00e+00	0.00e+00	0.00e+00	0.00e+00	0.00e+00
 2.85299e+23	7.12e-04	5.46e-01	4.48e-01	4.96e-03	5.10e-04	3.64e-05	2.04e-06	0.00e+00	0.00e+00	0.00e+00	0.00e+00	0.00e+00	0.00e+00	0.00e+00	0.00e+00	0.00e+00	0.00e+00
 2.86221e+23	7.53e-04	5.66e-01	4.28e-01	4.12e-03	4.21e-04	2.89e-05	1.61e-06	0.00e+00	0.00e+00	0.00e+00	0.00e+00	0.00e+00	0.00e+00	0.00e+00	0.00e+00	0.00e+00	0.00e+00
 2.87038e+23	7.88e-04	5.86e-01	4.09e-01	3.44e-03	3.49e-04	2.32e-05	1.29e-06	0.00e+00	0.00e+00	0.00e+00	0.00e+00	0.00e+00	0.00e+00	0.00e+00	0.00e+00	0.00e+00	0.00e+00
 2.87779e+23	8.20e-04	6.05e-01	3.91e-01	2.88e-03	2.89e-04	1.86e-05	1.04e-06	0.00e+00	0.00e+00	0.00e+00	0.00e+00	0.00e+00	0.00e+00	0.00e+00	0.00e+00	0.00e+00	0.00e+00
 2.88465e+23	8.47e-04	6.23e-01	3.73e-01	2.42e-03	2.39e-04	1.50e-05	8.46e-07	0.00e+00	0.00e+00	0.00e+00	0.00e+00	0.00e+00	0.00e+00	0.00e+00	0.00e+00	0.00e+00	0.00e+00
 2.89108e+23	8.70e-04	6.42e-01	3.55e-01	2.03e-03	1.98e-04	1.21e-05	6.89e-07	0.00e+00	0.00e+00	0.00e+00	0.00e+00	0.00e+00	0.00e+00	0.00e+00	0.00e+00	0.00e+00	0.00e+00
 2.89709e+23	8.90e-04	6.60e-01	3.37e-01	1.70e-03	1.63e-04	9.73e-06	5.62e-07	0.00e+00	0.00e+00	0.00e+00	0.00e+00	0.00e+00	0.00e+00	0.00e+00	0.00e+00	0.00e+00	0.00e+00
 2.90286e+23	8.98e-04	6.77e-01	3.21e-01	1.43e-03	1.35e-04	7.89e-06	4.62e-07	0.00e+00	0.00e+00	0.00e+00	0.00e+00	0.00e+00	0.00e+00	0.00e+00	0.00e+00	0.00e+00	0.00e+00
 2.90856e+23	9.05e-04	6.94e-01	3.04e-01	1.20e-03	1.10e-04	6.33e-06	3.78e-07	0.00e+00	0.00e+00	0.00e+00	0.00e+00	0.00e+00	0.00e+00	0.00e+00	0.00e+00	0.00e+00	0.00e+00
 2.91389e+23	9.02e-04	7.10e-01	2.88e-01	1.01e-03	9.13e-05	5.14e-06	3.13e-07	0.00e+00	0.00e+00	0.00e+00	0.00e+00	0.00e+00	0.00e+00	0.00e+00	0.00e+00	0.00e+00	0.00e+00
 2.91862e+23	8.91e-04	7.23e-01	2.75e-01	8.71e-04	7.70e-05	4.27e-06	2.65e-07	0.00e+00	0.00e+00	0.00e+00	0.00e+00	0.00e+00	0.00e+00	0.00e+00	0.00e+00	0.00e+00	0.00e+00
 2.92294e+23	8.77e-04	7.35e-01	2.63e-01	7.59e-04	6.58e-05	3.60e-06	2.27e-07	0.00e+00	0.00e+00	0.00e+00	0.00e+00	0.00e+00	0.00e+00	0.00e+00	0.00e+00	0.00e+00	0.00e+00
 2.92686e+23	8.57e-04	7.45e-01	2.54e-01	6.73e-04	5.75e-05	3.11e-06	1.99e-07	0.00e+00	0.00e+00	0.00e+00	0.00e+00	0.00e+00	0.00e+00	0.00e+00	0.00e+00	0.00e+00	0.00e+00
 2.93025e+23	8.37e-04	7.52e-01	2.46e-01	6.07e-04	5.12e-05	2.75e-06	1.79e-07	0.00e+00	0.00e+00	0.00e+00	0.00e+00	0.00e+00	0.00e+00	0.00e+00	0.00e+00	0.00e+00	0.00e+00
 2.93277e+23	8.18e-04	7.57e-01	2.42e-01	5.65e-04	4.74e-05	2.53e-06	1.66e-07	0.00e+00	0.00e+00	0.00e+00	0.00e+00	0.00e+00	0.00e+00	0.00e+00	0.00e+00	0.00e+00	0.00e+00
 2.93459e+23	8.04e-04	7.60e-01	2.39e-01	5.37e-04	4.48e-05	2.38e-06	1.57e-07	0.00e+00	0.00e+00	0.00e+00	0.00e+00	0.00e+00	0.00e+00	0.00e+00	0.00e+00	0.00e+00	0.00e+00
 2.93652e+23	7.90e-04	7.64e-01	2.35e-01	5.09e-04	4.22e-05	2.23e-06	1.48e-07	0.00e+00	0.00e+00	0.00e+00	0.00e+00	0.00e+00	0.00e+00	0.00e+00	0.00e+00	0.00e+00	0.00e+00
 2.93884e+23	7.73e-04	7.67e-01	2.31e-01	4.78e-04	3.94e-05	2.07e-06	1.39e-07	0.00e+00	0.00e+00	0.00e+00	0.00e+00	0.00e+00	0.00e+00	0.00e+00	0.00e+00	0.00e+00	0.00e+00
 2.94130e+23	7.51e-04	7.70e-01	2.28e-01	4.49e-04	3.68e-05	1.93e-06	1.30e-07	0.00e+00	0.00e+00	0.00e+00	0.00e+00	0.00e+00	0.00e+00	0.00e+00	0.00e+00	0.00e+00	0.00e+00
 2.94372e+23	7.28e-04	7.72e-01	2.26e-01	4.23e-04	3.47e-05	1.82e-06	0.00e+00	0.00e+00	0.00e+00	0.00e+00	0.00e+00	0.00e+00	0.00e+00	0.00e+00	0.00e+00	0.00e+00	0.00e+00
 2.94602e+23	7.06e-04	7.74e-01	2.25e-01	4.02e-04	3.29e-05	1.72e-06	0.00e+00	0.00e+00	0.00e+00	0.00e+00	0.00e+00	0.00e+00	0.00e+00	0.00e+00	0.00e+00	0.00e+00	0.00e+00
 2.94782e+23	6.87e-04	7.74e-01	2.25e-01	3.88e-04	3.19e-05	1.66e-06	0.00e+00	0.00e+00	0.00e+00	0.00e+00	0.00e+00	0.00e+00	0.00e+00	0.00e+00	0.00e+00	0.00e+00	0.00e+00
 2.94905e+23	6.77e-04	7.75e-01	2.24e-01	3.78e-04	3.11e-05	1.62e-06	0.00e+00	0.00e+00	0.00e+00	0.00e+00	0.00e+00	0.00e+00	0.00e+00	0.00e+00	0.00e+00	0.00e+00	0.00e+00
 2.95026e+23	6.66e-04	7.75e-01	2.24e-01	3.69e-04	3.03e-05	1.58e-06	0.00e+00	0.00e+00	0.00e+00	0.00e+00	0.00e+00	0.00e+00	0.00e+00	0.00e+00	0.00e+00	0.00e+00	0.00e+00
 2.95168e+23	6.54e-04	7.76e-01	2.23e-01	3.59e-04	2.95e-05	1.54e-06	0.00e+00	0.00e+00	0.00e+00	0.00e+00	0.00e+00	0.00e+00	0.00e+00	0.00e+00	0.00e+00	0.00e+00	0.00e+00
 2.95325e+23	6.41e-04	7.76e-01	2.23e-01	3.48e-04	2.87e-05	1.49e-06	0.00e+00	0.00e+00	0.00e+00	0.00e+00	0.00e+00	0.00e+00	0.00e+00	0.00e+00	0.00e+00	0.00e+00	0.00e+00
 2.95480e+23	6.26e-04	7.76e-01	2.23e-01	3.39e-04	2.81e-05	1.46e-06	0.00e+00	0.00e+00	0.00e+00	0.00e+00	0.00e+00	0.00e+00	0.00e+00	0.00e+00	0.00e+00	0.00e+00	0.00e+00
 2.95631e+23	6.14e-04	7.75e-01	2.24e-01	3.30e-04	2.74e-05	1.42e-06	0.00e+00	0.00e+00	0.00e+00	0.00e+00	0.00e+00	0.00e+00	0.00e+00	0.00e+00	0.00e+00	0.00e+00	0.00e+00
 2.95787e+23	6.01e-04	7.75e-01	2.24e-01	3.21e-04	2.68e-05	1.39e-06	0.00e+00	0.00e+00	0.00e+00	0.00e+00	0.00e+00	0.00e+00	0.00e+00	0.00e+00	0.00e+00	0.00e+00	0.00e+00
 2.95944e+23	5.88e-04	7.75e-01	2.24e-01	3.13e-04	2.62e-05	1.36e-06	0.00e+00	0.00e+00	0.00e+00	0.00e+00	0.00e+00	0.00e+00	0.00e+00	0.00e+00	0.00e+00	0.00e+00	0.00e+00
 2.96106e+23	5.75e-04	7.74e-01	2.25e-01	3.06e-04	2.57e-05	1.33e-06	0.00e+00	0.00e+00	0.00e+00	0.00e+00	0.00e+00	0.00e+00	0.00e+00	0.00e+00	0.00e+00	0.00e+00	0.00e+00
 2.96274e+23	5.62e-04	7.73e-01	2.26e-01	2.98e-04	2.52e-05	1.31e-06	0.00e+00	0.00e+00	0.00e+00	0.00e+00	0.00e+00	0.00e+00	0.00e+00	0.00e+00	0.00e+00	0.00e+00	0.00e+00
 2.96446e+23	5.49e-04	7.72e-01	2.27e-01	2.91e-04	2.47e-05	1.28e-06	0.00e+00	0.00e+00	0.00e+00	0.00e+00	0.00e+00	0.00e+00	0.00e+00	0.00e+00	0.00e+00	0.00e+00	0.00e+00
 2.96622e+23	5.36e-04	7.71e-01	2.28e-01	2.84e-04	2.43e-05	1.26e-06	0.00e+00	0.00e+00	0.00e+00	0.00e+00	0.00e+00	0.00e+00	0.00e+00	0.00e+00	0.00e+00	0.00e+00	0.00e+00
 2.96801e+23	5.23e-04	7.69e-01	2.30e-01	2.78e-04	2.39e-05	1.24e-06	0.00e+00	0.00e+00	0.00e+00	0.00e+00	0.00e+00	0.00e+00	0.00e+00	0.00e+00	0.00e+00	0.00e+00	0.00e+00
 2.96984e+23	5.11e-04	7.68e-01	2.31e-01	2.71e-04	2.35e-05	1.22e-06	0.00e+00	0.00e+00	0.00e+00	0.00e+00	0.00e+00	0.00e+00	0.00e+00	0.00e+00	0.00e+00	0.00e+00	0.00e+00
 2.97174e+23	4.98e-04	7.66e-01	2.33e-01	2.65e-04	2.31e-05	1.20e-06	0.00e+00	0.00e+00	0.00e+00	0.00e+00	0.00e+00	0.00e+00	0.00e+00	0.00e+00	0.00e+00	0.00e+00	0.00e+00
 2.97370e+23	4.86e-04	7.64e-01	2.35e-01	2.59e-04	2.28e-05	1.19e-06	0.00e+00	0.00e+00	0.00e+00	0.00e+00	0.00e+00	0.00e+00	0.00e+00	0.00e+00	0.00e+00	0.00e+00	0.00e+00
 2.97570e+23	4.74e-04	7.62e-01	2.37e-01	2.53e-04	2.24e-05	1.17e-06	0.00e+00	0.00e+00	0.00e+00	0.00e+00	0.00e+00	0.00e+00	0.00e+00	0.00e+00	0.00e+00	0.00e+00	0.00e+00
 2.97775e+23	4.62e-04	7.60e-01	2.39e-01	2.48e-04	2.21e-05	1.16e-06	0.00e+00	0.00e+00	0.00e+00	0.00e+00	0.00e+00	0.00e+00	0.00e+00	0.00e+00	0.00e+00	0.00e+00	0.00e+00
 2.97988e+23	4.50e-04	7.58e-01	2.41e-01	2.42e-04	2.18e-05	1.14e-06	0.00e+00	0.00e+00	0.00e+00	0.00e+00	0.00e+00	0.00e+00	0.00e+00	0.00e+00	0.00e+00	0.00e+00	0.00e+00
 2.98207e+23	4.38e-04	7.56e-01	2.43e-01	2.37e-04	2.16e-05	1.13e-06	0.00e+00	0.00e+00	0.00e+00	0.00e+00	0.00e+00	0.00e+00	0.00e+00	0.00e+00	0.00e+00	0.00e+00	0.00e+00
 2.98435e+23	4.27e-04	7.54e-01	2.46e-01	2.32e-04	2.13e-05	1.12e-06	0.00e+00	0.00e+00	0.00e+00	0.00e+00	0.00e+00	0.00e+00	0.00e+00	0.00e+00	0.00e+00	0.00e+00	0.00e+00
 2.98671e+23	4.16e-04	7.51e-01	2.48e-01	2.27e-04	2.10e-05	1.11e-06	0.00e+00	0.00e+00	0.00e+00	0.00e+00	0.00e+00	0.00e+00	0.00e+00	0.00e+00	0.00e+00	0.00e+00	0.00e+00
 2.98912e+23	4.05e-04	7.49e-01	2.50e-01	2.22e-04	2.08e-05	1.09e-06	0.00e+00	0.00e+00	0.00e+00	0.00e+00	0.00e+00	0.00e+00	0.00e+00	0.00e+00	0.00e+00	0.00e+00	0.00e+00
 2.99156e+23	3.95e-04	7.46e-01	2.53e-01	2.18e-04	2.05e-05	1.08e-06	0.00e+00	0.00e+00	0.00e+00	0.00e+00	0.00e+00	0.00e+00	0.00e+00	0.00e+00	0.00e+00	0.00e+00	0.00e+00
 2.99411e+23	3.85e-04	7.44e-01	2.55e-01	2.13e-04	2.03e-05	1.07e-06	0.00e+00	0.00e+00	0.00e+00	0.00e+00	0.00e+00	0.00e+00	0.00e+00	0.00e+00	0.00e+00	0.00e+00	0.00e+00
 2.99682e+23	3.74e-04	7.41e-01	2.58e-01	2.09e-04	2.01e-05	1.06e-06	0.00e+00	0.00e+00	0.00e+00	0.00e+00	0.00e+00	0.00e+00	0.00e+00	0.00e+00	0.00e+00	0.00e+00	0.00e+00
 2.99959e+23	3.65e-04	7.39e-01	2.61e-01	2.04e-04	1.98e-05	1.05e-06	0.00e+00	0.00e+00	0.00e+00	0.00e+00	0.00e+00	0.00e+00	0.00e+00	0.00e+00	0.00e+00	0.00e+00	0.00e+00
 3.00239e+23	3.57e-04	7.36e-01	2.63e-01	2.00e-04	1.96e-05	1.04e-06	0.00e+00	0.00e+00	0.00e+00	0.00e+00	0.00e+00	0.00e+00	0.00e+00	0.00e+00	0.00e+00	0.00e+00	0.00e+00
 3.00533e+23	3.48e-04	7.34e-01	2.66e-01	1.96e-04	1.94e-05	1.03e-06	0.00e+00	0.00e+00	0.00e+00	0.00e+00	0.00e+00	0.00e+00	0.00e+00	0.00e+00	0.00e+00	0.00e+00	0.00e+00
 3.00836e+23	3.40e-04	7.32e-01	2.68e-01	1.92e-04	1.91e-05	1.02e-06	0.00e+00	0.00e+00	0.00e+00	0.00e+00	0.00e+00	0.00e+00	0.00e+00	0.00e+00	0.00e+00	0.00e+00	0.00e+00
 3.01145e+23	3.33e-04	7.30e-01	2.70e-01	1.88e-04	1.89e-05	1.01e-06	0.00e+00	0.00e+00	0.00e+00	0.00e+00	0.00e+00	0.00e+00	0.00e+00	0.00e+00	0.00e+00	0.00e+00	0.00e+00
 3.01464e+23	3.27e-04	7.28e-01	2.72e-01	1.84e-04	1.86e-05	9.99e-07	0.00e+00	0.00e+00	0.00e+00	0.00e+00	0.00e+00	0.00e+00	0.00e+00	0.00e+00	0.00e+00	0.00e+00	0.00e+00
 3.01795e+23	3.21e-04	7.26e-01	2.73e-01	1.80e-04	1.84e-05	9.87e-07	0.00e+00	0.00e+00	0.00e+00	0.00e+00	0.00e+00	0.00e+00	0.00e+00	0.00e+00	0.00e+00	0.00e+00	0.00e+00
 3.02137e+23	3.16e-04	7.25e-01	2.75e-01	1.77e-04	1.81e-05	9.75e-07	0.00e+00	0.00e+00	0.00e+00	0.00e+00	0.00e+00	0.00e+00	0.00e+00	0.00e+00	0.00e+00	0.00e+00	0.00e+00
 3.02492e+23	3.11e-04	7.23e-01	2.76e-01	1.73e-04	1.78e-05	9.62e-07	0.00e+00	0.00e+00	0.00e+00	0.00e+00	0.00e+00	0.00e+00	0.00e+00	0.00e+00	0.00e+00	0.00e+00	0.00e+00
 3.02862e+23	3.07e-04	7.22e-01	2.77e-01	1.69e-04	1.75e-05	9.47e-07	0.00e+00	0.00e+00	0.00e+00	0.00e+00	0.00e+00	0.00e+00	0.00e+00	0.00e+00	0.00e+00	0.00e+00	0.00e+00
 3.03252e+23	3.03e-04	7.22e-01	2.78e-01	1.65e-04	1.72e-05	9.34e-07	0.00e+00	0.00e+00	0.00e+00	0.00e+00	0.00e+00	0.00e+00	0.00e+00	0.00e+00	0.00e+00	0.00e+00	0.00e+00
 3.03658e+23	3.01e-04	7.21e-01	2.78e-01	1.62e-04	1.68e-05	9.17e-07	0.00e+00	0.00e+00	0.00e+00	0.00e+00	0.00e+00	0.00e+00	0.00e+00	0.00e+00	0.00e+00	0.00e+00	0.00e+00
 3.04083e+23	2.99e-04	7.21e-01	2.78e-01	1.58e-04	1.65e-05	9.00e-07	0.00e+00	0.00e+00	0.00e+00	0.00e+00	0.00e+00	0.00e+00	0.00e+00	0.00e+00	0.00e+00	0.00e+00	0.00e+00
 3.04533e+23	2.98e-04	7.22e-01	2.78e-01	1.54e-04	1.60e-05	8.81e-07	0.00e+00	0.00e+00	0.00e+00	0.00e+00	0.00e+00	0.00e+00	0.00e+00	0.00e+00	0.00e+00	0.00e+00	0.00e+00
 3.05009e+23	2.98e-04	7.23e-01	2.77e-01	1.50e-04	1.56e-05	8.61e-07	0.00e+00	0.00e+00	0.00e+00	0.00e+00	0.00e+00	0.00e+00	0.00e+00	0.00e+00	0.00e+00	0.00e+00	0.00e+00
 3.05502e+23	2.99e-04	7.24e-01	2.75e-01	1.46e-04	1.51e-05	8.40e-07	0.00e+00	0.00e+00	0.00e+00	0.00e+00	0.00e+00	0.00e+00	0.00e+00	0.00e+00	0.00e+00	0.00e+00	0.00e+00
 3.05987e+23	3.01e-04	7.26e-01	2.73e-01	1.42e-04	1.47e-05	8.20e-07	0.00e+00	0.00e+00	0.00e+00	0.00e+00	0.00e+00	0.00e+00	0.00e+00	0.00e+00	0.00e+00	0.00e+00	0.00e+00
