#depth	He	He+	He+2
 1.54284e+22	1.05e-08	2.26e-04	1.00e+00
 3.44338e+22	1.53e-08	3.26e-04	1.00e+00
 3.97993e+22	1.79e-08	3.93e-04	1.00e+00
 4.24821e+22	1.91e-08	4.33e-04	1.00e+00
 4.37631e+22	1.96e-08	4.52e-04	1.00e+00
 4.46528e+22	2.02e-08	4.78e-04	1.00e+00
 4.55976e+22	2.07e-08	5.02e-04	9.99e-01
 4.64406e+22	2.10e-08	5.25e-04	9.99e-01
 4.73437e+22	2.14e-08	5.56e-04	9.99e-01
 4.82506e+22	2.17e-08	5.82e-04	9.99e-01
 4.91430e+22	2.20e-08	6.16e-04	9.99e-01
 5.00527e+22	2.22e-08	6.46e-04	9.99e-01
 5.09442e+22	2.23e-08	6.82e-04	9.99e-01
 5.18544e+22	2.24e-08	7.18e-04	9.99e-01
 5.27532e+22	2.25e-08	7.57e-04	9.99e-01
 5.36584e+22	2.25e-08	7.97e-04	9.99e-01
 5.45525e+22	2.25e-08	8.39e-04	9.99e-01
 5.54452e+22	2.25e-08	8.83e-04	9.99e-01
 5.63391e+22	2.25e-08	9.30e-04	9.99e-01
 5.72360e+22	2.26e-08	9.78e-04	9.99e-01
 5.81377e+22	2.27e-08	1.03e-03	9.99e-01
 5.90473e+22	2.29e-08	1.08e-03	9.99e-01
 5.99670e+22	2.32e-08	1.14e-03	9.99e-01
 6.08916e+22	2.36e-08	1.20e-03	9.99e-01
 6.18310e+22	2.42e-08	1.27e-03	9.99e-01
 6.27807e+22	2.49e-08	1.33e-03	9.99e-01
 6.37490e+22	2.59e-08	1.41e-03	9.99e-01
 6.47347e+22	2.70e-08	1.48e-03	9.99e-01
 6.56383e+22	2.81e-08	1.55e-03	9.98e-01
 6.65816e+22	2.98e-08	1.64e-03	9.98e-01
 6.75408e+22	3.14e-08	1.71e-03	9.98e-01
 6.85306e+22	3.39e-08	1.81e-03	9.98e-01
 6.95218e+22	3.60e-08	1.89e-03	9.98e-01
 7.05148e+22	3.91e-08	2.00e-03	9.98e-01
 7.15121e+22	4.19e-08	2.09e-03	9.98e-01
 7.25150e+22	4.59e-08	2.21e-03	9.98e-01
 7.35287e+22	4.95e-08	2.31e-03	9.98e-01
 7.45567e+22	5.46e-08	2.45e-03	9.98e-01
 7.55988e+22	5.92e-08	2.56e-03	9.97e-01
 7.66593e+22	6.58e-08	2.71e-03	9.97e-01
 7.77397e+22	7.16e-08	2.83e-03	9.97e-01
 7.88461e+22	8.01e-08	3.00e-03	9.97e-01
 7.99783e+22	8.76e-08	3.15e-03	9.97e-01
 8.11443e+22	9.87e-08	3.35e-03	9.97e-01
 8.23315e+22	1.08e-07	3.51e-03	9.96e-01
 8.33335e+22	1.18e-07	3.66e-03	9.96e-01
 8.44236e+22	1.32e-07	3.87e-03	9.96e-01
 8.54801e+22	1.42e-07	4.02e-03	9.96e-01
 8.64932e+22	1.58e-07	4.24e-03	9.96e-01
 8.75169e+22	1.71e-07	4.41e-03	9.96e-01
 8.85543e+22	1.89e-07	4.64e-03	9.95e-01
 8.96075e+22	2.05e-07	4.83e-03	9.95e-01
 9.06814e+22	2.28e-07	5.09e-03	9.95e-01
 9.17711e+22	2.48e-07	5.30e-03	9.95e-01
 9.28811e+22	2.76e-07	5.60e-03	9.94e-01
 9.40114e+22	3.00e-07	5.83e-03	9.94e-01
 9.51683e+22	3.36e-07	6.17e-03	9.94e-01
 9.63504e+22	3.67e-07	6.44e-03	9.94e-01
 9.75654e+22	4.12e-07	6.82e-03	9.93e-01
 9.88139e+22	4.52e-07	7.15e-03	9.93e-01
 1.00106e+23	5.11e-07	7.59e-03	9.92e-01
 1.01410e+23	5.60e-07	7.94e-03	9.92e-01
 1.02728e+23	6.34e-07	8.45e-03	9.92e-01
 1.04061e+23	6.96e-07	8.85e-03	9.91e-01
 1.05412e+23	7.89e-07	9.41e-03	9.91e-01
 1.06788e+23	8.69e-07	9.87e-03	9.90e-01
 1.08007e+23	9.58e-07	1.04e-02	9.90e-01
 1.09401e+23	1.09e-06	1.10e-02	9.89e-01
 1.10821e+23	1.20e-06	1.16e-02	9.88e-01
 1.11972e+23	1.31e-06	1.21e-02	9.88e-01
 1.13166e+23	1.45e-06	1.27e-02	9.87e-01
 1.14421e+23	1.58e-06	1.33e-02	9.87e-01
 1.15573e+23	1.73e-06	1.39e-02	9.86e-01
 1.16887e+23	1.93e-06	1.47e-02	9.85e-01
 1.18237e+23	2.14e-06	1.54e-02	9.85e-01
 1.19424e+23	2.33e-06	1.61e-02	9.84e-01
 1.20757e+23	2.61e-06	1.70e-02	9.83e-01
 1.22151e+23	2.89e-06	1.79e-02	9.82e-01
 1.23408e+23	3.17e-06	1.87e-02	9.81e-01
 1.24827e+23	3.56e-06	1.98e-02	9.80e-01
 1.26294e+23	3.97e-06	2.09e-02	9.79e-01
 1.27602e+23	4.37e-06	2.19e-02	9.78e-01
 1.29081e+23	4.93e-06	2.33e-02	9.77e-01
 1.30621e+23	5.50e-06	2.46e-02	9.75e-01
 1.32010e+23	6.09e-06	2.58e-02	9.74e-01
 1.33585e+23	6.94e-06	2.76e-02	9.72e-01
 1.35200e+23	7.75e-06	2.91e-02	9.71e-01
 1.36648e+23	8.63e-06	3.07e-02	9.69e-01
 1.38308e+23	9.91e-06	3.28e-02	9.67e-01
 1.39986e+23	1.11e-05	3.47e-02	9.65e-01
 1.41687e+23	1.27e-05	3.71e-02	9.63e-01
 1.43416e+23	1.43e-05	3.93e-02	9.61e-01
 1.44951e+23	1.60e-05	4.15e-02	9.58e-01
 1.46716e+23	1.85e-05	4.46e-02	9.55e-01
 1.48503e+23	2.08e-05	4.72e-02	9.53e-01
 1.50320e+23	2.41e-05	5.07e-02	9.49e-01
 1.52161e+23	2.72e-05	5.37e-02	9.46e-01
 1.54033e+23	3.17e-05	5.79e-02	9.42e-01
 1.55929e+23	3.57e-05	6.14e-02	9.39e-01
 1.57585e+23	4.02e-05	6.49e-02	9.35e-01
 1.59134e+23	4.46e-05	6.83e-02	9.32e-01
 1.60817e+23	5.10e-05	7.28e-02	9.27e-01
 1.62511e+23	5.67e-05	7.67e-02	9.23e-01
 1.63985e+23	6.29e-05	8.05e-02	9.19e-01
 1.65664e+23	7.17e-05	8.57e-02	9.14e-01
 1.67380e+23	8.01e-05	9.04e-02	9.10e-01
 1.69145e+23	9.13e-05	9.62e-02	9.04e-01
 1.70940e+23	1.02e-04	1.02e-01	8.98e-01
 1.72506e+23	1.14e-04	1.07e-01	8.93e-01
 1.74274e+23	1.30e-04	1.14e-01	8.86e-01
 1.75928e+23	1.43e-04	1.19e-01	8.81e-01
 1.77433e+23	1.59e-04	1.25e-01	8.75e-01
 1.78967e+23	1.75e-04	1.31e-01	8.69e-01
 1.80327e+23	1.91e-04	1.36e-01	8.64e-01
 1.81879e+23	2.14e-04	1.44e-01	8.56e-01
 1.83446e+23	2.35e-04	1.50e-01	8.50e-01
 1.85032e+23	2.62e-04	1.58e-01	8.42e-01
 1.86643e+23	2.88e-04	1.65e-01	8.35e-01
 1.88062e+23	3.15e-04	1.71e-01	8.28e-01
 1.89682e+23	3.53e-04	1.80e-01	8.19e-01
 1.91328e+23	3.88e-04	1.88e-01	8.11e-01
 1.92781e+23	4.25e-04	1.96e-01	8.04e-01
 1.94447e+23	4.76e-04	2.06e-01	7.93e-01
 1.96140e+23	5.23e-04	2.15e-01	7.85e-01
 1.97868e+23	5.87e-04	2.26e-01	7.73e-01
 1.99614e+23	6.46e-04	2.36e-01	7.64e-01
 2.01385e+23	7.26e-04	2.48e-01	7.51e-01
 2.03186e+23	8.00e-04	2.59e-01	7.41e-01
 2.05026e+23	9.01e-04	2.72e-01	7.27e-01
 2.06902e+23	9.96e-04	2.84e-01	7.15e-01
 2.08566e+23	1.09e-03	2.95e-01	7.04e-01
 2.10471e+23	1.23e-03	3.10e-01	6.89e-01
 2.12423e+23	1.36e-03	3.23e-01	6.76e-01
 2.13918e+23	1.46e-03	3.32e-01	6.66e-01
 2.15342e+23	1.59e-03	3.45e-01	6.54e-01
 2.16798e+23	1.71e-03	3.54e-01	6.44e-01
 2.18292e+23	1.87e-03	3.68e-01	6.31e-01
 2.19800e+23	2.01e-03	3.78e-01	6.20e-01
 2.21325e+23	2.20e-03	3.92e-01	6.06e-01
 2.22875e+23	2.37e-03	4.03e-01	5.94e-01
 2.24459e+23	2.59e-03	4.18e-01	5.79e-01
 2.26064e+23	2.80e-03	4.30e-01	5.67e-01
 2.27699e+23	3.06e-03	4.45e-01	5.51e-01
 2.29375e+23	3.31e-03	4.59e-01	5.38e-01
 2.31107e+23	3.66e-03	4.77e-01	5.20e-01
 2.32837e+23	3.95e-03	4.90e-01	5.06e-01
 2.34564e+23	4.35e-03	5.08e-01	4.88e-01
 2.36340e+23	4.71e-03	5.23e-01	4.72e-01
 2.38177e+23	5.20e-03	5.42e-01	4.53e-01
 2.40038e+23	5.64e-03	5.58e-01	4.36e-01
 2.41932e+23	6.25e-03	5.78e-01	4.15e-01
 2.43830e+23	6.79e-03	5.95e-01	3.98e-01
 2.45734e+23	7.53e-03	6.16e-01	3.76e-01
 2.47645e+23	8.18e-03	6.34e-01	3.58e-01
 2.49567e+23	9.09e-03	6.55e-01	3.36e-01
 2.51494e+23	9.89e-03	6.73e-01	3.18e-01
 2.53428e+23	1.10e-02	6.94e-01	2.95e-01
 2.55363e+23	1.20e-02	7.12e-01	2.76e-01
 2.57300e+23	1.34e-02	7.33e-01	2.54e-01
 2.59230e+23	1.46e-02	7.50e-01	2.35e-01
 2.61153e+23	1.63e-02	7.69e-01	2.14e-01
 2.63089e+23	1.78e-02	7.86e-01	1.96e-01
 2.65043e+23	1.99e-02	8.04e-01	1.76e-01
 2.67010e+23	2.19e-02	8.19e-01	1.59e-01
 2.68994e+23	2.46e-02	8.35e-01	1.41e-01
 2.71003e+23	2.73e-02	8.48e-01	1.25e-01
 2.72736e+23	3.00e-02	8.58e-01	1.12e-01
 2.74228e+23	3.23e-02	8.66e-01	1.02e-01
 2.75716e+23	3.56e-02	8.73e-01	9.16e-02
 2.77268e+23	3.89e-02	8.79e-01	8.25e-02
 2.78666e+23	4.25e-02	8.83e-01	7.47e-02
 2.80244e+23	4.75e-02	8.86e-01	6.61e-02
 2.81859e+23	5.29e-02	8.88e-01	5.91e-02
 2.83165e+23	5.81e-02	8.88e-01	5.39e-02
 2.84278e+23	6.33e-02	8.87e-01	4.99e-02
 2.85299e+23	6.90e-02	8.85e-01	4.64e-02
 2.86221e+23	7.49e-02	8.81e-01	4.36e-02
 2.87038e+23	8.10e-02	8.78e-01	4.13e-02
 2.87779e+23	8.74e-02	8.73e-01	3.94e-02
 2.88465e+23	9.42e-02	8.68e-01	3.78e-02
 2.89108e+23	1.02e-01	8.62e-01	3.63e-02
 2.89709e+23	1.10e-01	8.55e-01	3.51e-02
 2.90286e+23	1.18e-01	8.48e-01	3.41e-02
 2.90856e+23	1.28e-01	8.39e-01	3.32e-02
 2.91389e+23	1.38e-01	8.30e-01	3.26e-02
 2.91862e+23	1.48e-01	8.20e-01	3.22e-02
 2.92294e+23	1.58e-01	8.10e-01	3.19e-02
 2.92686e+23	1.68e-01	8.00e-01	3.18e-02
 2.93025e+23	1.78e-01	7.91e-01	3.17e-02
 2.93277e+23	1.85e-01	7.83e-01	3.19e-02
 2.93459e+23	1.90e-01	7.78e-01	3.19e-02
 2.93652e+23	1.97e-01	7.71e-01	3.19e-02
 2.93884e+23	2.05e-01	7.63e-01	3.19e-02
 2.94130e+23	2.14e-01	7.54e-01	3.20e-02
 2.94372e+23	2.22e-01	7.45e-01	3.21e-02
 2.94602e+23	2.31e-01	7.37e-01	3.23e-02
 2.94782e+23	2.37e-01	7.30e-01	3.25e-02
 2.94905e+23	2.42e-01	7.25e-01	3.25e-02
 2.95026e+23	2.48e-01	7.20e-01	3.25e-02
 2.95168e+23	2.54e-01	7.13e-01	3.25e-02
 2.95325e+23	2.61e-01	7.06e-01	3.25e-02
 2.95480e+23	2.68e-01	6.99e-01	3.25e-02
 2.95631e+23	2.75e-01	6.92e-01	3.25e-02
 2.95787e+23	2.83e-01	6.85e-01	3.25e-02
 2.95944e+23	2.91e-01	6.77e-01	3.24e-02
 2.96106e+23	2.99e-01	6.69e-01	3.24e-02
 2.96274e+23	3.08e-01	6.60e-01	3.23e-02
 2.96446e+23	3.17e-01	6.51e-01	3.21e-02
 2.96622e+23	3.26e-01	6.42e-01	3.20e-02
 2.96801e+23	3.36e-01	6.32e-01	3.18e-02
 2.96984e+23	3.46e-01	6.22e-01	3.16e-02
 2.97174e+23	3.57e-01	6.11e-01	3.14e-02
 2.97370e+23	3.69e-01	6.00e-01	3.11e-02
 2.97570e+23	3.80e-01	5.89e-01	3.08e-02
 2.97775e+23	3.93e-01	5.77e-01	3.04e-02
 2.97988e+23	4.05e-01	5.65e-01	3.00e-02
 2.98207e+23	4.18e-01	5.52e-01	2.96e-02
 2.98435e+23	4.32e-01	5.39e-01	2.91e-02
 2.98671e+23	4.47e-01	5.25e-01	2.86e-02
 2.98912e+23	4.62e-01	5.10e-01	2.80e-02
 2.99156e+23	4.76e-01	4.96e-01	2.74e-02
 2.99411e+23	4.92e-01	4.82e-01	2.67e-02
 2.99682e+23	5.08e-01	4.66e-01	2.60e-02
 2.99959e+23	5.24e-01	4.51e-01	2.53e-02
 3.00239e+23	5.40e-01	4.35e-01	2.44e-02
 3.00533e+23	5.56e-01	4.20e-01	2.36e-02
 3.00836e+23	5.73e-01	4.04e-01	2.28e-02
 3.01145e+23	5.89e-01	3.89e-01	2.19e-02
 3.01464e+23	6.05e-01	3.74e-01	2.10e-02
 3.01795e+23	6.21e-01	3.59e-01	2.00e-02
 3.02137e+23	6.37e-01	3.44e-01	1.91e-02
 3.02492e+23	6.52e-01	3.30e-01	1.82e-02
 3.02862e+23	6.67e-01	3.15e-01	1.72e-02
 3.03252e+23	6.82e-01	3.02e-01	1.63e-02
 3.03658e+23	6.96e-01	2.89e-01	1.54e-02
 3.04083e+23	7.09e-01	2.76e-01	1.44e-02
 3.04533e+23	7.22e-01	2.64e-01	1.35e-02
 3.05009e+23	7.35e-01	2.53e-01	1.26e-02
 3.05502e+23	7.47e-01	2.41e-01	1.17e-02
 3.05987e+23	7.57e-01	2.32e-01	1.09e-02
 3.06452e+23	7.67e-01	2.23e-01	1.02e-02
 3.06906e+23	7.75e-01	2.15e-01	9.61e-03
 3.07350e+23	7.83e-01	2.08e-01	9.03e-03
 3.07784e+23	7.90e-01	2.01e-01	8.50e-03
 3.08202e+23	7.97e-01	1.95e-01	8.03e-03
 3.08487e+23	8.00e-01	1.92e-01	7.80e-03
