#depth	He	He+	He+2
 8.42165e+13	9.66e-01	3.44e-02	1.24e-05
 5.05299e+14	9.66e-01	3.43e-02	1.23e-05
 2.18963e+15	9.66e-01	3.42e-02	1.23e-05
 8.92695e+15	9.66e-01	3.40e-02	1.23e-05
 2.13236e+16	9.67e-01	3.33e-02	1.19e-05
 3.47066e+16	9.67e-01	3.28e-02	1.17e-05
 4.68852e+16	9.67e-01	3.26e-02	1.17e-05
 5.79677e+16	9.68e-01	3.24e-02	1.17e-05
 7.01120e+16	9.68e-01	3.24e-02	1.18e-05
 8.58996e+16	9.68e-01	3.24e-02	1.21e-05
 1.04386e+17	9.68e-01	3.24e-02	1.24e-05
 1.22652e+17	9.67e-01	3.25e-02	1.28e-05
 1.39681e+17	9.67e-01	3.26e-02	1.31e-05
 1.56515e+17	9.67e-01	3.27e-02	1.35e-05
 1.73534e+17	9.67e-01	3.28e-02	1.39e-05
 1.90587e+17	9.67e-01	3.29e-02	1.43e-05
 2.07597e+17	9.67e-01	3.31e-02	1.48e-05
 2.24673e+17	9.67e-01	3.32e-02	1.52e-05
 2.42028e+17	9.67e-01	3.33e-02	1.57e-05
 2.59611e+17	9.67e-01	3.33e-02	1.61e-05
 2.77392e+17	9.67e-01	3.34e-02	1.66e-05
 2.95425e+17	9.67e-01	3.34e-02	1.70e-05
 3.13774e+17	9.67e-01	3.34e-02	1.74e-05
 3.32467e+17	9.67e-01	3.34e-02	1.79e-05
 3.51415e+17	9.67e-01	3.34e-02	1.83e-05
 3.70759e+17	9.67e-01	3.33e-02	1.87e-05
 3.90574e+17	9.67e-01	3.33e-02	1.91e-05
 4.10854e+17	9.67e-01	3.31e-02	1.95e-05
 4.31547e+17	9.67e-01	3.30e-02	1.99e-05
 4.52704e+17	9.67e-01	3.28e-02	2.03e-05
 4.74340e+17	9.67e-01	3.27e-02	2.06e-05
 4.96362e+17	9.68e-01	3.25e-02	2.10e-05
 5.18998e+17	9.68e-01	3.23e-02	2.13e-05
 5.42159e+17	9.68e-01	3.20e-02	2.16e-05
 5.65859e+17	9.68e-01	3.17e-02	2.19e-05
 5.90282e+17	9.69e-01	3.14e-02	2.21e-05
 6.15340e+17	9.69e-01	3.11e-02	2.23e-05
 6.41193e+17	9.69e-01	3.07e-02	2.25e-05
 6.67774e+17	9.70e-01	3.03e-02	2.27e-05
 6.94793e+17	9.70e-01	3.00e-02	2.29e-05
 7.22404e+17	9.70e-01	2.96e-02	2.30e-05
 7.50778e+17	9.71e-01	2.92e-02	2.31e-05
 7.80033e+17	9.71e-01	2.87e-02	2.32e-05
 8.10180e+17	9.72e-01	2.83e-02	2.33e-05
 8.41102e+17	9.72e-01	2.78e-02	2.34e-05
 8.70982e+17	9.73e-01	2.74e-02	2.34e-05
 9.00938e+17	9.73e-01	2.70e-02	2.34e-05
 9.34004e+17	9.73e-01	2.65e-02	2.34e-05
 9.69010e+17	9.74e-01	2.60e-02	2.34e-05
 1.00274e+18	9.74e-01	2.55e-02	2.33e-05
 1.03344e+18	9.75e-01	2.51e-02	2.33e-05
 1.06608e+18	9.75e-01	2.46e-02	2.32e-05
 1.10464e+18	9.76e-01	2.41e-02	2.31e-05
 1.14523e+18	9.76e-01	2.36e-02	2.30e-05
 1.18501e+18	9.77e-01	2.31e-02	2.29e-05
 1.22515e+18	9.77e-01	2.26e-02	2.27e-05
 1.26708e+18	9.78e-01	2.21e-02	2.26e-05
 1.31067e+18	9.78e-01	2.16e-02	2.24e-05
 1.35534e+18	9.79e-01	2.11e-02	2.22e-05
 1.40118e+18	9.79e-01	2.06e-02	2.20e-05
 1.44845e+18	9.80e-01	2.01e-02	2.17e-05
 1.49730e+18	9.80e-01	1.96e-02	2.15e-05
 1.54774e+18	9.81e-01	1.92e-02	2.12e-05
 1.59981e+18	9.81e-01	1.87e-02	2.09e-05
 1.65365e+18	9.82e-01	1.82e-02	2.06e-05
 1.70939e+18	9.82e-01	1.77e-02	2.03e-05
 1.76717e+18	9.83e-01	1.72e-02	2.00e-05
 1.82712e+18	9.83e-01	1.68e-02	1.96e-05
 1.88938e+18	9.84e-01	1.63e-02	1.93e-05
 1.95411e+18	9.84e-01	1.58e-02	1.89e-05
 2.02149e+18	9.85e-01	1.53e-02	1.85e-05
 2.09174e+18	9.85e-01	1.49e-02	1.80e-05
 2.16506e+18	9.86e-01	1.44e-02	1.76e-05
 2.24166e+18	9.86e-01	1.40e-02	1.71e-05
 2.32181e+18	9.86e-01	1.35e-02	1.67e-05
 2.40580e+18	9.87e-01	1.31e-02	1.62e-05
 2.49396e+18	9.87e-01	1.26e-02	1.57e-05
 2.58666e+18	9.88e-01	1.22e-02	1.52e-05
 2.68422e+18	9.88e-01	1.18e-02	1.46e-05
 2.78700e+18	9.89e-01	1.13e-02	1.41e-05
 2.89543e+18	9.89e-01	1.09e-02	1.35e-05
 3.01002e+18	9.90e-01	1.05e-02	1.29e-05
 3.13063e+18	9.90e-01	1.01e-02	1.24e-05
 3.25759e+18	9.90e-01	9.66e-03	1.18e-05
 3.39063e+18	9.91e-01	9.27e-03	1.12e-05
 3.52843e+18	9.91e-01	8.90e-03	1.07e-05
 3.67094e+18	9.91e-01	8.53e-03	1.02e-05
 3.81891e+18	9.92e-01	8.19e-03	9.63e-06
 3.97286e+18	9.92e-01	7.85e-03	9.11e-06
 4.13297e+18	9.92e-01	7.53e-03	8.61e-06
 4.29947e+18	9.93e-01	7.22e-03	8.13e-06
 4.47338e+18	9.93e-01	6.92e-03	7.66e-06
 4.65527e+18	9.93e-01	6.64e-03	7.21e-06
 4.84594e+18	9.94e-01	6.36e-03	6.78e-06
 5.04616e+18	9.94e-01	6.09e-03	6.36e-06
 5.25517e+18	9.94e-01	5.84e-03	5.96e-06
 5.47281e+18	9.94e-01	5.59e-03	5.58e-06
 5.69998e+18	9.95e-01	5.36e-03	5.22e-06
 5.93776e+18	9.95e-01	5.14e-03	4.87e-06
 6.18679e+18	9.95e-01	4.92e-03	4.54e-06
 6.44755e+18	9.95e-01	4.71e-03	4.23e-06
 6.66094e+18	9.95e-01	4.57e-03	4.03e-06
 6.78898e+18	9.96e-01	4.47e-03	3.88e-06
 6.89040e+18	9.96e-01	4.39e-03	3.76e-06
 7.01324e+18	9.96e-01	4.30e-03	3.63e-06
 7.17292e+18	9.96e-01	4.20e-03	3.47e-06
 7.38051e+18	9.96e-01	4.08e-03	3.30e-06
 7.65037e+18	9.96e-01	3.93e-03	3.10e-06
 7.96939e+18	9.96e-01	3.78e-03	2.90e-06
 8.28879e+18	9.96e-01	3.64e-03	2.71e-06
 8.59374e+18	9.96e-01	3.51e-03	2.54e-06
 8.94342e+18	9.97e-01	3.37e-03	2.35e-06
 9.36684e+18	9.97e-01	3.22e-03	2.17e-06
 9.81665e+18	9.97e-01	3.08e-03	1.99e-06
 1.02681e+19	9.97e-01	2.95e-03	1.83e-06
 1.07411e+19	9.97e-01	2.82e-03	1.69e-06
 1.12512e+19	9.97e-01	2.69e-03	1.55e-06
 1.17943e+19	9.97e-01	2.57e-03	1.42e-06
 1.23656e+19	9.98e-01	2.46e-03	1.30e-06
 1.29721e+19	9.98e-01	2.35e-03	1.19e-06
 1.36200e+19	9.98e-01	2.24e-03	1.09e-06
 1.43082e+19	9.98e-01	2.14e-03	9.91e-07
 1.50374e+19	9.98e-01	2.04e-03	9.03e-07
 1.58125e+19	9.98e-01	1.94e-03	8.23e-07
 1.66386e+19	9.98e-01	1.85e-03	7.49e-07
 1.75200e+19	9.98e-01	1.77e-03	6.81e-07
 1.84611e+19	9.98e-01	1.68e-03	6.18e-07
 1.94679e+19	9.98e-01	1.60e-03	5.60e-07
 2.05478e+19	9.98e-01	1.52e-03	5.07e-07
 2.17053e+19	9.99e-01	1.45e-03	4.59e-07
 2.29475e+19	9.99e-01	1.37e-03	4.14e-07
 2.42885e+19	9.99e-01	1.30e-03	3.73e-07
 2.57433e+19	9.99e-01	1.23e-03	3.35e-07
 2.73270e+19	9.99e-01	1.17e-03	3.00e-07
 2.90573e+19	9.99e-01	1.10e-03	2.68e-07
 3.09581e+19	9.99e-01	1.04e-03	2.39e-07
 3.30671e+19	9.99e-01	9.79e-04	2.12e-07
 3.54216e+19	9.99e-01	9.18e-04	1.87e-07
 3.80544e+19	9.99e-01	8.60e-04	1.64e-07
 4.10176e+19	9.99e-01	8.02e-04	1.43e-07
 4.43840e+19	9.99e-01	7.46e-04	1.23e-07
 4.82219e+19	9.99e-01	6.91e-04	1.06e-07
 5.25076e+19	9.99e-01	6.39e-04	9.06e-08
 5.71997e+19	9.99e-01	5.90e-04	7.74e-08
 6.23617e+19	9.99e-01	5.45e-04	6.59e-08
 6.80935e+19	9.99e-01	5.02e-04	5.60e-08
 7.44876e+19	1.00e+00	4.62e-04	4.74e-08
 8.16421e+19	1.00e+00	4.24e-04	3.99e-08
 8.96746e+19	1.00e+00	3.88e-04	3.34e-08
 9.86229e+19	1.00e+00	3.55e-04	2.79e-08
 1.08485e+20	1.00e+00	3.25e-04	2.33e-08
 1.19334e+20	1.00e+00	2.97e-04	1.95e-08
 1.31267e+20	1.00e+00	2.71e-04	1.63e-08
 1.44394e+20	1.00e+00	2.48e-04	1.36e-08
 1.58833e+20	1.00e+00	2.27e-04	1.13e-08
 1.74716e+20	1.00e+00	2.07e-04	9.46e-09
 1.92188e+20	1.00e+00	1.90e-04	7.90e-09
 2.11407e+20	1.00e+00	1.74e-04	6.60e-09
 2.32548e+20	1.00e+00	1.59e-04	5.52e-09
 2.55802e+20	1.00e+00	1.46e-04	4.62e-09
 2.81383e+20	1.00e+00	1.33e-04	3.87e-09
 3.09521e+20	1.00e+00	1.22e-04	3.24e-09
 3.40473e+20	1.00e+00	1.12e-04	2.72e-09
 3.74520e+20	1.00e+00	1.03e-04	2.29e-09
 4.11972e+20	1.00e+00	9.48e-05	1.93e-09
 4.51601e+20	1.00e+00	8.75e-05	1.64e-09
 4.90911e+20	1.00e+00	8.16e-05	1.42e-09
 5.28588e+20	1.00e+00	7.67e-05	1.25e-09
 5.64760e+20	1.00e+00	7.25e-05	1.12e-09
 5.99581e+20	1.00e+00	6.91e-05	1.01e-09
 6.33227e+20	1.00e+00	6.61e-05	9.26e-10
 6.66186e+20	1.00e+00	6.35e-05	8.53e-10
 6.98585e+20	1.00e+00	6.12e-05	7.91e-10
 7.30486e+20	1.00e+00	5.92e-05	7.38e-10
 7.61883e+20	1.00e+00	5.74e-05	6.93e-10
 7.92942e+20	1.00e+00	5.58e-05	6.53e-10
 8.24028e+20	1.00e+00	5.43e-05	6.19e-10
 8.55332e+20	1.00e+00	5.30e-05	5.89e-10
 8.86972e+20	1.00e+00	5.18e-05	5.62e-10
 9.18570e+20	1.00e+00	5.08e-05	5.40e-10
 9.49274e+20	1.00e+00	4.99e-05	5.20e-10
 9.80938e+20	1.00e+00	4.91e-05	5.02e-10
 1.01558e+21	1.00e+00	4.83e-05	4.85e-10
 1.05235e+21	1.00e+00	4.75e-05	4.70e-10
 1.09079e+21	1.00e+00	4.69e-05	4.56e-10
 1.13148e+21	1.00e+00	4.62e-05	4.43e-10
 1.17451e+21	1.00e+00	4.56e-05	4.31e-10
 1.21891e+21	1.00e+00	4.50e-05	4.20e-10
 1.26480e+21	1.00e+00	4.44e-05	4.08e-10
 1.31389e+21	1.00e+00	4.38e-05	3.96e-10
 1.36805e+21	1.00e+00	4.30e-05	3.83e-10
 1.42969e+21	1.00e+00	4.21e-05	3.67e-10
 1.50257e+21	1.00e+00	4.10e-05	3.47e-10
 1.59367e+21	1.00e+00	3.95e-05	3.22e-10
 1.69917e+21	1.00e+00	3.78e-05	2.95e-10
 1.80344e+21	1.00e+00	3.63e-05	2.72e-10
 1.89776e+21	1.00e+00	3.50e-05	2.52e-10
 1.98056e+21	1.00e+00	3.39e-05	2.37e-10
 2.05494e+21	1.00e+00	3.29e-05	2.24e-10
 2.12912e+21	1.00e+00	3.20e-05	2.11e-10
 2.20605e+21	1.00e+00	3.11e-05	2.00e-10
 2.28390e+21	1.00e+00	3.03e-05	1.89e-10
 2.36422e+21	1.00e+00	2.95e-05	1.79e-10
 2.44804e+21	1.00e+00	2.86e-05	1.69e-10
 2.53459e+21	1.00e+00	2.79e-05	1.60e-10
 2.62361e+21	1.00e+00	2.71e-05	1.51e-10
 2.71542e+21	1.00e+00	2.64e-05	1.43e-10
 2.80996e+21	1.00e+00	2.56e-05	1.35e-10
 2.90772e+21	1.00e+00	2.49e-05	1.27e-10
 3.01079e+21	1.00e+00	2.42e-05	1.20e-10
 3.11805e+21	1.00e+00	2.35e-05	1.14e-10
 3.22561e+21	1.00e+00	2.29e-05	1.08e-10
 3.34194e+21	1.00e+00	2.22e-05	1.02e-10
 3.46802e+21	1.00e+00	2.16e-05	9.58e-11
 3.59442e+21	1.00e+00	2.10e-05	9.04e-11
 3.72271e+21	1.00e+00	2.04e-05	8.53e-11
 3.85878e+21	1.00e+00	1.97e-05	8.01e-11
 4.00239e+21	1.00e+00	1.92e-05	7.55e-11
 4.14002e+21	1.00e+00	1.87e-05	7.18e-11
 4.28516e+21	1.00e+00	1.82e-05	6.78e-11
 4.45797e+21	1.00e+00	1.76e-05	6.35e-11
 4.64272e+21	1.00e+00	1.70e-05	5.95e-11
 4.82723e+21	1.00e+00	1.65e-05	5.59e-11
 5.01711e+21	1.00e+00	1.60e-05	5.25e-11
 5.21668e+21	1.00e+00	1.55e-05	4.92e-11
 5.42650e+21	1.00e+00	1.50e-05	4.61e-11
 5.64741e+21	1.00e+00	1.45e-05	4.33e-11
 5.88206e+21	1.00e+00	1.40e-05	4.06e-11
 6.13209e+21	1.00e+00	1.36e-05	3.82e-11
 6.40879e+21	1.00e+00	1.31e-05	3.55e-11
 6.69920e+21	1.00e+00	1.27e-05	3.32e-11
 6.98852e+21	1.00e+00	1.23e-05	3.10e-11
 7.29618e+21	1.00e+00	1.19e-05	2.91e-11
 7.63432e+21	1.00e+00	1.14e-05	2.70e-11
 7.98985e+21	1.00e+00	1.10e-05	2.52e-11
 8.35286e+21	1.00e+00	1.07e-05	2.36e-11
 8.74055e+21	1.00e+00	1.03e-05	2.20e-11
 9.16807e+21	1.00e+00	9.93e-06	2.05e-11
 9.62074e+21	1.00e+00	9.58e-06	1.90e-11
 1.00914e+22	1.00e+00	9.24e-06	1.77e-11
 1.05912e+22	1.00e+00	8.90e-06	1.65e-11
 1.11170e+22	1.00e+00	8.58e-06	1.53e-11
 1.16733e+22	1.00e+00	8.26e-06	1.42e-11
 1.22680e+22	1.00e+00	7.96e-06	1.32e-11
 1.29073e+22	1.00e+00	7.67e-06	1.23e-11
 1.35990e+22	1.00e+00	7.37e-06	1.13e-11
 1.43279e+22	1.00e+00	7.08e-06	1.05e-11
 1.50858e+22	1.00e+00	6.81e-06	9.72e-12
 1.58871e+22	1.00e+00	6.55e-06	8.99e-12
 1.67451e+22	1.00e+00	6.29e-06	8.31e-12
 1.76584e+22	1.00e+00	6.04e-06	7.67e-12
 1.86260e+22	1.00e+00	5.80e-06	7.08e-12
 1.96516e+22	1.00e+00	5.56e-06	6.53e-12
 2.07409e+22	1.00e+00	5.33e-06	6.02e-12
 2.18994e+22	1.00e+00	5.11e-06	5.54e-12
 2.31351e+22	1.00e+00	4.90e-06	5.09e-12
 2.44547e+22	1.00e+00	4.68e-06	4.67e-12
 2.58491e+22	1.00e+00	4.48e-06	4.29e-12
 2.73227e+22	1.00e+00	4.29e-06	3.94e-12
 2.89000e+22	1.00e+00	4.10e-06	3.60e-12
 3.05983e+22	1.00e+00	3.91e-06	3.29e-12
 3.24012e+22	1.00e+00	3.73e-06	3.01e-12
 3.43303e+22	1.00e+00	3.56e-06	2.75e-12
 3.62098e+22	1.00e+00	3.42e-06	2.54e-12
 3.77584e+22	1.00e+00	3.31e-06	2.39e-12
 3.89726e+22	1.00e+00	3.23e-06	2.29e-12
 3.99952e+22	1.00e+00	3.17e-06	2.21e-12
 4.09386e+22	1.00e+00	3.12e-06	2.15e-12
 4.18323e+22	1.00e+00	3.08e-06	2.09e-12
 4.26528e+22	1.00e+00	3.05e-06	2.05e-12
 4.34014e+22	1.00e+00	3.02e-06	2.02e-12
 4.41172e+22	1.00e+00	3.01e-06	2.01e-12
 4.49337e+22	1.00e+00	2.99e-06	1.98e-12
 4.59952e+22	1.00e+00	2.96e-06	1.95e-12
 4.73751e+22	1.00e+00	2.91e-06	1.88e-12
 4.91691e+22	1.00e+00	2.82e-06	1.77e-12
 5.15011e+22	1.00e+00	2.70e-06	1.63e-12
 5.45329e+22	1.00e+00	2.55e-06	1.47e-12
 5.80678e+22	1.00e+00	2.39e-06	1.31e-12
 6.17309e+22	1.00e+00	2.24e-06	1.16e-12
 6.53940e+22	1.00e+00	2.10e-06	1.04e-12
 6.88546e+22	1.00e+00	1.97e-06	9.34e-13
 7.19692e+22	1.00e+00	1.86e-06	8.48e-13
 7.47723e+22	1.00e+00	1.77e-06	7.76e-13
 7.72950e+22	1.00e+00	1.68e-06	7.14e-13
 7.95655e+22	1.00e+00	1.59e-06	6.60e-13
 8.16090e+22	1.00e+00	1.51e-06	6.12e-13
 8.34481e+22	1.00e+00	1.44e-06	5.69e-13
 8.51033e+22	1.00e+00	1.37e-06	5.30e-13
 8.65929e+22	1.00e+00	1.30e-06	4.94e-13
 8.79336e+22	1.00e+00	1.23e-06	4.61e-13
 8.91403e+22	1.00e+00	1.16e-06	4.30e-13
 9.02263e+22	1.00e+00	1.10e-06	4.01e-13
 9.12407e+22	1.00e+00	1.03e-06	3.72e-13
 9.22407e+22	1.00e+00	9.61e-07	3.42e-13
 9.32407e+22	1.00e+00	8.81e-07	3.10e-13
 9.42407e+22	1.00e+00	7.92e-07	2.76e-13
 9.52078e+22	1.00e+00	6.95e-07	2.40e-13
 9.60540e+22	1.00e+00	6.01e-07	2.06e-13
 9.67270e+22	1.00e+00	5.18e-07	1.77e-13
 9.72629e+22	1.00e+00	4.48e-07	1.52e-13
 9.77202e+22	1.00e+00	3.86e-07	1.31e-13
 9.81322e+22	1.00e+00	3.29e-07	1.12e-13
 9.85044e+22	1.00e+00	2.79e-07	9.57e-14
 9.88347e+22	1.00e+00	2.35e-07	8.16e-14
 9.91295e+22	1.00e+00	2.00e-07	7.01e-14
 9.94034e+22	1.00e+00	1.70e-07	6.07e-14
 9.96175e+22	1.00e+00	1.50e-07	5.44e-14
 9.97459e+22	1.00e+00	1.39e-07	5.11e-14
 9.98272e+22	1.00e+00	1.33e-07	4.91e-14
 9.98955e+22	1.00e+00	1.28e-07	4.74e-14
 9.99653e+22	1.00e+00	1.22e-07	4.58e-14
