#depth	He	He+	He+2
 1.54284e+22	1.67e-06	1.37e-02	9.86e-01
 3.52355e+22	3.19e-06	1.88e-02	9.81e-01
 4.18037e+22	4.37e-06	2.20e-02	9.78e-01
 4.56358e+22	5.52e-06	2.47e-02	9.75e-01
 4.79440e+22	6.07e-06	2.58e-02	9.74e-01
 4.94745e+22	6.85e-06	2.74e-02	9.73e-01
 5.11141e+22	7.62e-06	2.89e-02	9.71e-01
 5.28954e+22	8.77e-06	3.09e-02	9.69e-01
 5.46920e+22	9.82e-06	3.27e-02	9.67e-01
 5.62620e+22	1.09e-05	3.45e-02	9.66e-01
 5.80568e+22	1.26e-05	3.70e-02	9.63e-01
 5.98765e+22	1.41e-05	3.91e-02	9.61e-01
 6.17284e+22	1.62e-05	4.19e-02	9.58e-01
 6.36191e+22	1.83e-05	4.44e-02	9.56e-01
 6.53031e+22	2.06e-05	4.69e-02	9.53e-01
 6.72355e+22	2.38e-05	5.04e-02	9.50e-01
 6.92000e+22	2.69e-05	5.35e-02	9.47e-01
 7.12060e+22	3.13e-05	5.76e-02	9.42e-01
 7.32321e+22	3.54e-05	6.11e-02	9.39e-01
 7.49930e+22	3.97e-05	6.46e-02	9.35e-01
 7.66818e+22	4.44e-05	6.81e-02	9.32e-01
 7.82908e+22	4.93e-05	7.17e-02	9.28e-01
 8.01050e+22	5.64e-05	7.64e-02	9.24e-01
 8.19159e+22	6.27e-05	8.04e-02	9.20e-01
 8.37225e+22	7.16e-05	8.57e-02	9.14e-01
 8.55611e+22	7.98e-05	9.02e-02	9.10e-01
 8.74413e+22	9.14e-05	9.63e-02	9.04e-01
 8.93378e+22	1.02e-04	1.01e-01	8.99e-01
 9.12554e+22	1.17e-04	1.08e-01	8.92e-01
 9.31969e+22	1.31e-04	1.14e-01	8.86e-01
 9.47535e+22	1.43e-04	1.19e-01	8.81e-01
 9.63610e+22	1.60e-04	1.25e-01	8.75e-01
 9.80060e+22	1.75e-04	1.31e-01	8.69e-01
 9.94723e+22	1.92e-04	1.36e-01	8.63e-01
 1.01151e+23	2.15e-04	1.44e-01	8.56e-01
 1.02849e+23	2.36e-04	1.50e-01	8.50e-01
 1.04340e+23	2.59e-04	1.57e-01	8.43e-01
 1.06046e+23	2.89e-04	1.65e-01	8.35e-01
 1.07781e+23	3.18e-04	1.72e-01	8.28e-01
 1.09308e+23	3.48e-04	1.79e-01	8.20e-01
 1.11049e+23	3.90e-04	1.89e-01	8.11e-01
 1.12819e+23	4.28e-04	1.97e-01	8.03e-01
 1.14386e+23	4.69e-04	2.05e-01	7.95e-01
 1.16187e+23	5.25e-04	2.15e-01	7.84e-01
 1.18017e+23	5.78e-04	2.25e-01	7.75e-01
 1.19178e+23	6.03e-04	2.29e-01	7.71e-01
 1.19980e+23	6.33e-04	2.34e-01	7.66e-01
 1.21023e+23	6.74e-04	2.40e-01	7.59e-01
 1.22379e+23	7.33e-04	2.49e-01	7.50e-01
 1.24142e+23	8.22e-04	2.62e-01	7.38e-01
 1.25980e+23	8.98e-04	2.72e-01	7.27e-01
 1.27918e+23	1.01e-03	2.86e-01	7.13e-01
 1.29895e+23	1.11e-03	2.98e-01	7.01e-01
 1.31923e+23	1.25e-03	3.13e-01	6.86e-01
 1.34013e+23	1.39e-03	3.26e-01	6.73e-01
 1.35620e+23	1.49e-03	3.35e-01	6.63e-01
 1.37148e+23	1.62e-03	3.48e-01	6.51e-01
 1.38709e+23	1.74e-03	3.58e-01	6.41e-01
 1.40315e+23	1.91e-03	3.71e-01	6.27e-01
 1.41942e+23	2.05e-03	3.82e-01	6.16e-01
 1.43593e+23	2.24e-03	3.96e-01	6.02e-01
 1.45281e+23	2.42e-03	4.08e-01	5.90e-01
 1.47014e+23	2.66e-03	4.23e-01	5.74e-01
 1.48753e+23	2.87e-03	4.36e-01	5.61e-01
 1.50499e+23	3.15e-03	4.52e-01	5.45e-01
 1.52283e+23	3.40e-03	4.66e-01	5.31e-01
 1.54116e+23	3.75e-03	4.83e-01	5.13e-01
 1.55966e+23	4.04e-03	4.97e-01	4.99e-01
 1.57837e+23	4.45e-03	5.15e-01	4.80e-01
 1.59774e+23	4.84e-03	5.32e-01	4.64e-01
 1.61796e+23	5.38e-03	5.52e-01	4.42e-01
 1.63803e+23	5.83e-03	5.69e-01	4.25e-01
 1.65790e+23	6.46e-03	5.90e-01	4.04e-01
 1.67786e+23	7.01e-03	6.07e-01	3.86e-01
 1.69793e+23	7.76e-03	6.28e-01	3.65e-01
 1.71824e+23	8.45e-03	6.46e-01	3.45e-01
 1.73887e+23	9.41e-03	6.68e-01	3.22e-01
 1.75931e+23	1.02e-02	6.86e-01	3.03e-01
 1.77950e+23	1.14e-02	7.08e-01	2.80e-01
 1.79957e+23	1.24e-02	7.26e-01	2.61e-01
 1.81948e+23	1.38e-02	7.46e-01	2.40e-01
 1.83946e+23	1.51e-02	7.64e-01	2.21e-01
 1.85951e+23	1.68e-02	7.83e-01	2.00e-01
 1.87959e+23	1.84e-02	7.99e-01	1.82e-01
 1.89970e+23	2.06e-02	8.17e-01	1.63e-01
 1.91992e+23	2.26e-02	8.31e-01	1.46e-01
 1.93757e+23	2.49e-02	8.43e-01	1.32e-01
 1.95778e+23	2.79e-02	8.56e-01	1.16e-01
 1.97824e+23	3.09e-02	8.67e-01	1.02e-01
 1.99374e+23	3.34e-02	8.73e-01	9.32e-02
 2.00862e+23	3.66e-02	8.79e-01	8.40e-02
 2.02461e+23	4.02e-02	8.84e-01	7.55e-02
 2.03940e+23	4.40e-02	8.88e-01	6.82e-02
 2.05367e+23	4.83e-02	8.90e-01	6.18e-02
 2.06737e+23	5.31e-02	8.91e-01	5.62e-02
 2.08021e+23	5.83e-02	8.90e-01	5.15e-02
 2.09205e+23	6.39e-02	8.88e-01	4.76e-02
 2.10300e+23	7.02e-02	8.86e-01	4.42e-02
 2.11310e+23	7.69e-02	8.82e-01	4.15e-02
 2.12233e+23	8.43e-02	8.77e-01	3.91e-02
 2.13065e+23	9.20e-02	8.71e-01	3.73e-02
 2.13799e+23	1.00e-01	8.64e-01	3.57e-02
 2.14451e+23	1.08e-01	8.57e-01	3.46e-02
 2.15046e+23	1.17e-01	8.49e-01	3.37e-02
 2.15610e+23	1.26e-01	8.41e-01	3.29e-02
 2.16140e+23	1.36e-01	8.31e-01	3.23e-02
 2.16623e+23	1.46e-01	8.22e-01	3.19e-02
 2.17066e+23	1.57e-01	8.12e-01	3.17e-02
 2.17467e+23	1.67e-01	8.02e-01	3.16e-02
 2.17812e+23	1.76e-01	7.92e-01	3.16e-02
 2.18112e+23	1.85e-01	7.84e-01	3.17e-02
 2.18360e+23	1.92e-01	7.76e-01	3.18e-02
 2.18572e+23	1.99e-01	7.69e-01	3.19e-02
 2.18795e+23	2.07e-01	7.61e-01	3.20e-02
 2.19046e+23	2.16e-01	7.52e-01	3.20e-02
 2.19307e+23	2.25e-01	7.43e-01	3.22e-02
 2.19548e+23	2.34e-01	7.33e-01	3.23e-02
 2.19731e+23	2.41e-01	7.27e-01	3.26e-02
 2.19857e+23	2.46e-01	7.21e-01	3.26e-02
 2.19985e+23	2.52e-01	7.16e-01	3.26e-02
 2.20137e+23	2.58e-01	7.09e-01	3.26e-02
 2.20304e+23	2.66e-01	7.01e-01	3.26e-02
 2.20463e+23	2.73e-01	6.94e-01	3.26e-02
 2.20621e+23	2.81e-01	6.87e-01	3.26e-02
 2.20787e+23	2.89e-01	6.79e-01	3.25e-02
 2.20953e+23	2.97e-01	6.71e-01	3.25e-02
 2.21123e+23	3.05e-01	6.62e-01	3.24e-02
 2.21301e+23	3.15e-01	6.53e-01	3.23e-02
 2.21485e+23	3.25e-01	6.43e-01	3.21e-02
 2.21669e+23	3.34e-01	6.34e-01	3.20e-02
 2.21856e+23	3.45e-01	6.24e-01	3.18e-02
 2.22052e+23	3.56e-01	6.13e-01	3.16e-02
 2.22256e+23	3.67e-01	6.01e-01	3.13e-02
 2.22464e+23	3.79e-01	5.90e-01	3.10e-02
 2.22675e+23	3.91e-01	5.78e-01	3.06e-02
 2.22895e+23	4.04e-01	5.66e-01	3.02e-02
 2.23122e+23	4.18e-01	5.53e-01	2.98e-02
 2.23357e+23	4.31e-01	5.39e-01	2.93e-02
 2.23599e+23	4.46e-01	5.25e-01	2.88e-02
 2.23848e+23	4.60e-01	5.11e-01	2.83e-02
 2.24106e+23	4.76e-01	4.97e-01	2.76e-02
 2.24377e+23	4.91e-01	4.82e-01	2.70e-02
 2.24659e+23	5.08e-01	4.66e-01	2.63e-02
 2.24949e+23	5.24e-01	4.50e-01	2.55e-02
 2.25247e+23	5.41e-01	4.35e-01	2.47e-02
 2.25553e+23	5.57e-01	4.19e-01	2.38e-02
 2.25868e+23	5.74e-01	4.03e-01	2.30e-02
 2.26194e+23	5.90e-01	3.88e-01	2.21e-02
 2.26531e+23	6.06e-01	3.72e-01	2.11e-02
 2.26881e+23	6.23e-01	3.57e-01	2.02e-02
 2.27244e+23	6.38e-01	3.42e-01	1.92e-02
 2.27622e+23	6.54e-01	3.28e-01	1.83e-02
 2.28018e+23	6.69e-01	3.14e-01	1.73e-02
 2.28436e+23	6.83e-01	3.00e-01	1.64e-02
 2.28872e+23	6.97e-01	2.87e-01	1.54e-02
 2.29331e+23	7.11e-01	2.75e-01	1.45e-02
 2.29819e+23	7.24e-01	2.62e-01	1.35e-02
 2.30336e+23	7.37e-01	2.51e-01	1.26e-02
 2.30870e+23	7.49e-01	2.40e-01	1.17e-02
 2.31393e+23	7.59e-01	2.30e-01	1.09e-02
 2.31894e+23	7.68e-01	2.22e-01	1.02e-02
 2.32385e+23	7.77e-01	2.14e-01	9.57e-03
 2.32867e+23	7.84e-01	2.07e-01	8.99e-03
 2.33337e+23	7.91e-01	2.00e-01	8.45e-03
 2.33791e+23	7.98e-01	1.94e-01	7.97e-03
 2.34224e+23	8.04e-01	1.89e-01	7.52e-03
 2.34628e+23	8.09e-01	1.84e-01	7.14e-03
 2.35020e+23	8.14e-01	1.79e-01	6.77e-03
 2.35413e+23	8.19e-01	1.75e-01	6.43e-03
 2.35793e+23	8.23e-01	1.71e-01	6.11e-03
 2.36159e+23	8.27e-01	1.67e-01	5.82e-03
 2.36512e+23	8.31e-01	1.63e-01	5.55e-03
 2.36853e+23	8.35e-01	1.59e-01	5.29e-03
 2.37183e+23	8.39e-01	1.56e-01	5.06e-03
 2.37501e+23	8.42e-01	1.53e-01	4.84e-03
 2.37808e+23	8.46e-01	1.50e-01	4.63e-03
 2.38104e+23	8.49e-01	1.47e-01	4.44e-03
 2.38389e+23	8.52e-01	1.44e-01	4.26e-03
 2.38660e+23	8.55e-01	1.41e-01	4.10e-03
 2.38926e+23	8.57e-01	1.39e-01	3.93e-03
 2.39184e+23	8.60e-01	1.36e-01	3.78e-03
 2.39419e+23	8.62e-01	1.34e-01	3.65e-03
 2.39633e+23	8.65e-01	1.32e-01	3.53e-03
 2.39828e+23	8.67e-01	1.30e-01	3.42e-03
 2.40006e+23	8.69e-01	1.28e-01	3.32e-03
 2.40167e+23	8.70e-01	1.26e-01	3.23e-03
 2.40314e+23	8.72e-01	1.25e-01	3.15e-03
 2.40448e+23	8.73e-01	1.24e-01	3.08e-03
 2.40594e+23	8.75e-01	1.22e-01	2.99e-03
 2.40752e+23	8.77e-01	1.20e-01	2.92e-03
 2.40896e+23	8.78e-01	1.19e-01	2.86e-03
 2.41054e+23	8.80e-01	1.18e-01	2.77e-03
 2.41224e+23	8.81e-01	1.16e-01	2.70e-03
 2.41379e+23	8.83e-01	1.15e-01	2.64e-03
 2.41520e+23	8.84e-01	1.14e-01	2.58e-03
 2.41675e+23	8.86e-01	1.12e-01	2.50e-03
 2.41841e+23	8.87e-01	1.11e-01	2.44e-03
 2.41993e+23	8.88e-01	1.09e-01	2.39e-03
 2.42159e+23	8.90e-01	1.08e-01	2.32e-03
 2.42339e+23	8.91e-01	1.07e-01	2.26e-03
 2.42502e+23	8.92e-01	1.05e-01	2.20e-03
 2.42651e+23	8.93e-01	1.04e-01	2.17e-03
 2.42814e+23	8.95e-01	1.03e-01	2.10e-03
 2.42990e+23	8.96e-01	1.02e-01	2.05e-03
 2.43150e+23	8.98e-01	1.00e-01	1.99e-03
 2.43296e+23	8.99e-01	9.95e-02	1.96e-03
 2.43455e+23	9.00e-01	9.81e-02	1.90e-03
 2.43628e+23	9.01e-01	9.69e-02	1.86e-03
 2.43784e+23	9.02e-01	9.57e-02	1.81e-03
 2.43927e+23	9.03e-01	9.49e-02	1.78e-03
 2.44083e+23	9.05e-01	9.36e-02	1.73e-03
 2.44252e+23	9.06e-01	9.24e-02	1.68e-03
 2.44406e+23	9.07e-01	9.14e-02	1.64e-03
 2.44546e+23	9.08e-01	9.04e-02	1.61e-03
 2.44673e+23	9.09e-01	8.96e-02	1.58e-03
 2.44812e+23	9.10e-01	8.84e-02	1.53e-03
 2.44993e+23	9.11e-01	8.71e-02	1.49e-03
 2.45189e+23	9.13e-01	8.60e-02	1.45e-03
 2.45367e+23	9.14e-01	8.48e-02	1.41e-03
 2.45529e+23	9.15e-01	8.38e-02	1.38e-03
 2.45707e+23	9.16e-01	8.25e-02	1.33e-03
 2.45898e+23	9.17e-01	8.13e-02	1.30e-03
 2.46073e+23	9.18e-01	8.03e-02	1.26e-03
 2.46231e+23	9.19e-01	7.93e-02	1.23e-03
 2.46376e+23	9.20e-01	7.84e-02	1.20e-03
 2.46534e+23	9.22e-01	7.72e-02	1.17e-03
 2.46705e+23	9.23e-01	7.63e-02	1.14e-03
 2.46860e+23	9.24e-01	7.54e-02	1.11e-03
 2.47002e+23	9.24e-01	7.47e-02	1.09e-03
 2.47157e+23	9.25e-01	7.36e-02	1.06e-03
 2.47324e+23	9.26e-01	7.30e-02	1.04e-03
 2.47508e+23	9.27e-01	7.19e-02	1.01e-03
 2.47706e+23	9.28e-01	7.11e-02	9.86e-04
 2.47886e+23	9.29e-01	7.02e-02	9.60e-04
 2.48050e+23	9.30e-01	6.95e-02	9.42e-04
 2.48229e+23	9.31e-01	6.84e-02	9.12e-04
 2.48423e+23	9.32e-01	6.76e-02	8.91e-04
 2.48600e+23	9.32e-01	6.68e-02	8.71e-04
 2.48793e+23	9.33e-01	6.58e-02	8.43e-04
 2.49002e+23	9.34e-01	6.50e-02	8.22e-04
 2.49192e+23	9.35e-01	6.41e-02	7.99e-04
 2.49365e+23	9.36e-01	6.34e-02	7.84e-04
 2.49555e+23	9.37e-01	6.24e-02	7.59e-04
 2.49759e+23	9.38e-01	6.17e-02	7.41e-04
 2.49945e+23	9.38e-01	6.10e-02	7.24e-04
 2.50149e+23	9.39e-01	5.99e-02	6.99e-04
 2.50370e+23	9.40e-01	5.92e-02	6.82e-04
 2.50570e+23	9.41e-01	5.85e-02	6.66e-04
 2.50790e+23	9.42e-01	5.74e-02	6.42e-04
 2.51027e+23	9.43e-01	5.67e-02	6.25e-04
 2.51242e+23	9.43e-01	5.59e-02	6.09e-04
 2.51479e+23	9.45e-01	5.49e-02	5.86e-04
 2.51734e+23	9.45e-01	5.42e-02	5.71e-04
 2.51966e+23	9.46e-01	5.33e-02	5.52e-04
 2.52178e+23	9.47e-01	5.25e-02	5.36e-04
 2.52370e+23	9.48e-01	5.19e-02	5.24e-04
 2.52581e+23	9.48e-01	5.11e-02	5.07e-04
 2.52808e+23	9.49e-01	5.04e-02	4.95e-04
 2.53015e+23	9.50e-01	4.98e-02	4.83e-04
 2.53242e+23	9.51e-01	4.90e-02	4.66e-04
 2.53487e+23	9.51e-01	4.83e-02	4.53e-04
 2.53710e+23	9.52e-01	4.77e-02	4.42e-04
 2.53954e+23	9.53e-01	4.68e-02	4.26e-04
 2.54218e+23	9.53e-01	4.61e-02	4.13e-04
 2.54458e+23	9.54e-01	4.55e-02	4.03e-04
 2.54721e+23	9.55e-01	4.47e-02	3.88e-04
 2.55004e+23	9.56e-01	4.40e-02	3.76e-04
 2.55263e+23	9.56e-01	4.34e-02	3.65e-04
 2.55546e+23	9.57e-01	4.25e-02	3.51e-04
 2.55851e+23	9.58e-01	4.18e-02	3.39e-04
 2.56129e+23	9.59e-01	4.12e-02	3.29e-04
 2.56434e+23	9.59e-01	4.03e-02	3.16e-04
 2.56763e+23	9.60e-01	3.96e-02	3.06e-04
 2.57062e+23	9.61e-01	3.89e-02	2.95e-04
 2.57335e+23	9.61e-01	3.84e-02	2.86e-04
 2.57633e+23	9.62e-01	3.76e-02	2.74e-04
 2.57956e+23	9.63e-01	3.69e-02	2.65e-04
 2.58249e+23	9.63e-01	3.64e-02	2.57e-04
 2.58570e+23	9.64e-01	3.56e-02	2.47e-04
 2.58917e+23	9.65e-01	3.50e-02	2.38e-04
 2.59233e+23	9.65e-01	3.44e-02	2.30e-04
 2.59579e+23	9.66e-01	3.36e-02	2.20e-04
 2.59952e+23	9.67e-01	3.30e-02	2.11e-04
 2.60292e+23	9.67e-01	3.24e-02	2.04e-04
 2.60665e+23	9.68e-01	3.17e-02	1.95e-04
 2.61067e+23	9.69e-01	3.10e-02	1.87e-04
 2.61433e+23	9.69e-01	3.04e-02	1.80e-04
 2.61765e+23	9.70e-01	2.99e-02	1.74e-04
 2.62130e+23	9.71e-01	2.92e-02	1.66e-04
 2.62524e+23	9.71e-01	2.86e-02	1.60e-04
 2.62883e+23	9.72e-01	2.81e-02	1.54e-04
 2.63275e+23	9.72e-01	2.75e-02	1.47e-04
 2.63699e+23	9.73e-01	2.69e-02	1.41e-04
 2.64085e+23	9.73e-01	2.64e-02	1.35e-04
 2.64436e+23	9.74e-01	2.59e-02	1.31e-04
 2.64821e+23	9.75e-01	2.54e-02	1.25e-04
 2.65237e+23	9.75e-01	2.48e-02	1.20e-04
 2.65692e+23	9.76e-01	2.42e-02	1.14e-04
 2.66183e+23	9.76e-01	2.36e-02	1.09e-04
 2.66630e+23	9.77e-01	2.31e-02	1.04e-04
 2.67037e+23	9.77e-01	2.27e-02	9.99e-05
 2.67483e+23	9.78e-01	2.21e-02	9.52e-05
 2.67965e+23	9.78e-01	2.16e-02	9.09e-05
 2.68403e+23	9.79e-01	2.11e-02	8.71e-05
 2.68883e+23	9.79e-01	2.06e-02	8.26e-05
 2.69401e+23	9.80e-01	2.01e-02	7.87e-05
 2.69872e+23	9.80e-01	1.96e-02	7.52e-05
 2.70389e+23	9.81e-01	1.91e-02	7.10e-05
 2.71023e+23	9.81e-01	1.85e-02	6.66e-05
 2.71706e+23	9.82e-01	1.79e-02	6.23e-05
 2.72392e+23	9.83e-01	1.73e-02	5.83e-05
 2.73086e+23	9.83e-01	1.67e-02	5.44e-05
 2.73790e+23	9.84e-01	1.61e-02	5.09e-05
 2.74502e+23	9.84e-01	1.56e-02	4.75e-05
 2.75220e+23	9.85e-01	1.51e-02	4.43e-05
 2.75945e+23	9.85e-01	1.45e-02	4.13e-05
 2.76676e+23	9.86e-01	1.40e-02	3.85e-05
 2.77413e+23	9.86e-01	1.36e-02	3.59e-05
 2.78159e+23	9.87e-01	1.31e-02	3.35e-05
 2.78912e+23	9.87e-01	1.26e-02	3.12e-05
 2.79671e+23	9.88e-01	1.22e-02	2.90e-05
 2.80436e+23	9.88e-01	1.18e-02	2.70e-05
 2.81206e+23	9.89e-01	1.13e-02	2.51e-05
 2.81982e+23	9.89e-01	1.09e-02	2.34e-05
 2.82763e+23	9.89e-01	1.05e-02	2.18e-05
 2.83550e+23	9.90e-01	1.02e-02	2.02e-05
 2.84344e+23	9.90e-01	9.80e-03	1.88e-05
 2.85144e+23	9.91e-01	9.45e-03	1.75e-05
 2.85949e+23	9.91e-01	9.10e-03	1.62e-05
 2.86760e+23	9.91e-01	8.77e-03	1.51e-05
 2.87577e+23	9.92e-01	8.45e-03	1.40e-05
 2.88408e+23	9.92e-01	8.14e-03	1.30e-05
 2.89257e+23	9.92e-01	7.83e-03	1.20e-05
 2.90118e+23	9.92e-01	7.53e-03	1.11e-05
 2.90989e+23	9.93e-01	7.25e-03	1.03e-05
 2.91869e+23	9.93e-01	6.97e-03	9.51e-06
 2.92758e+23	9.93e-01	6.70e-03	8.79e-06
 2.93657e+23	9.94e-01	6.44e-03	8.12e-06
 2.94567e+23	9.94e-01	6.19e-03	7.50e-06
 2.95492e+23	9.94e-01	5.94e-03	6.92e-06
 2.96431e+23	9.94e-01	5.70e-03	6.38e-06
 2.97392e+23	9.95e-01	5.47e-03	5.87e-06
 2.98378e+23	9.95e-01	5.24e-03	5.39e-06
 2.99382e+23	9.95e-01	5.02e-03	4.95e-06
 3.00405e+23	9.95e-01	4.81e-03	4.53e-06
 3.01445e+23	9.95e-01	4.60e-03	4.15e-06
 3.02504e+23	9.96e-01	4.40e-03	3.80e-06
 3.03583e+23	9.96e-01	4.21e-03	3.47e-06
 3.04685e+23	9.96e-01	4.02e-03	3.17e-06
 3.05813e+23	9.96e-01	3.83e-03	2.88e-06
 3.06970e+23	9.96e-01	3.66e-03	2.62e-06
 3.08061e+23	9.96e-01	3.51e-03	2.41e-06
