#depth	N	N+	N+2	N+3	N+4	N+5	N+6	N+7
 1.54284e+22	9.04e-10	1.37e-05	5.76e-03	8.55e-02	1.77e-01	6.24e-01	1.04e-01	3.86e-03
 3.52355e+22	2.34e-09	3.19e-05	1.19e-02	1.33e-01	2.23e-01	5.64e-01	6.72e-02	1.78e-03
 4.18037e+22	3.80e-09	4.82e-05	1.67e-02	1.61e-01	2.44e-01	5.24e-01	5.30e-02	1.20e-03
 4.56358e+22	5.47e-09	6.55e-05	2.13e-02	1.84e-01	2.58e-01	4.92e-01	4.39e-02	8.80e-04
 4.79440e+22	6.36e-09	7.43e-05	2.35e-02	1.95e-01	2.63e-01	4.78e-01	4.06e-02	7.73e-04
 4.94745e+22	7.71e-09	8.71e-05	2.66e-02	2.08e-01	2.69e-01	4.59e-01	3.66e-02	6.54e-04
 5.11141e+22	9.20e-09	1.01e-04	2.97e-02	2.20e-01	2.74e-01	4.42e-01	3.33e-02	5.63e-04
 5.28954e+22	1.14e-08	1.20e-04	3.41e-02	2.36e-01	2.80e-01	4.20e-01	2.93e-02	4.61e-04
 5.46920e+22	1.37e-08	1.39e-04	3.81e-02	2.50e-01	2.84e-01	4.02e-01	2.64e-02	3.90e-04
 5.62620e+22	1.63e-08	1.60e-04	4.23e-02	2.63e-01	2.87e-01	3.84e-01	2.38e-02	3.33e-04
 5.80568e+22	2.04e-08	1.92e-04	4.85e-02	2.80e-01	2.90e-01	3.60e-01	2.07e-02	2.68e-04
 5.98765e+22	2.45e-08	2.22e-04	5.38e-02	2.94e-01	2.92e-01	3.42e-01	1.84e-02	2.25e-04
 6.17284e+22	3.09e-08	2.66e-04	6.12e-02	3.11e-01	2.93e-01	3.18e-01	1.59e-02	1.80e-04
 6.36191e+22	3.75e-08	3.09e-04	6.81e-02	3.26e-01	2.92e-01	2.99e-01	1.40e-02	1.48e-04
 6.53031e+22	4.52e-08	3.58e-04	7.54e-02	3.40e-01	2.91e-01	2.80e-01	1.23e-02	1.22e-04
 6.72355e+22	5.77e-08	4.31e-04	8.55e-02	3.58e-01	2.89e-01	2.57e-01	1.04e-02	9.53e-05
 6.92000e+22	7.02e-08	5.01e-04	9.46e-02	3.71e-01	2.86e-01	2.39e-01	9.00e-03	7.74e-05
 7.12060e+22	9.04e-08	6.06e-04	1.07e-01	3.88e-01	2.80e-01	2.16e-01	7.46e-03	5.89e-05
 7.32321e+22	1.10e-07	7.03e-04	1.18e-01	4.01e-01	2.75e-01	1.99e-01	6.41e-03	4.73e-05
 7.49930e+22	1.34e-07	8.11e-04	1.29e-01	4.12e-01	2.69e-01	1.83e-01	5.51e-03	3.81e-05
 7.66818e+22	1.60e-07	9.26e-04	1.40e-01	4.22e-01	2.63e-01	1.69e-01	4.76e-03	3.09e-05
 7.82908e+22	1.91e-07	1.05e-03	1.51e-01	4.31e-01	2.57e-01	1.55e-01	4.13e-03	2.53e-05
 8.01050e+22	2.38e-07	1.23e-03	1.66e-01	4.41e-01	2.48e-01	1.40e-01	3.43e-03	1.94e-05
 8.19159e+22	2.84e-07	1.40e-03	1.79e-01	4.48e-01	2.40e-01	1.28e-01	2.95e-03	1.57e-05
 8.37225e+22	3.53e-07	1.63e-03	1.96e-01	4.56e-01	2.30e-01	1.14e-01	2.43e-03	1.20e-05
 8.55611e+22	4.22e-07	1.85e-03	2.10e-01	4.61e-01	2.22e-01	1.04e-01	2.06e-03	9.55e-06
 8.74413e+22	5.28e-07	2.17e-03	2.28e-01	4.66e-01	2.11e-01	9.15e-02	1.67e-03	7.15e-06
 8.93378e+22	6.33e-07	2.45e-03	2.44e-01	4.68e-01	2.01e-01	8.24e-02	1.41e-03	5.63e-06
 9.12554e+22	7.92e-07	2.86e-03	2.65e-01	4.70e-01	1.89e-01	7.20e-02	1.13e-03	4.16e-06
 9.31969e+22	9.50e-07	3.24e-03	2.82e-01	4.70e-01	1.80e-01	6.43e-02	9.40e-04	3.23e-06
 9.47535e+22	1.10e-06	3.58e-03	2.96e-01	4.69e-01	1.72e-01	5.85e-02	8.06e-04	2.62e-06
 9.63610e+22	1.32e-06	4.04e-03	3.14e-01	4.67e-01	1.62e-01	5.19e-02	6.67e-04	2.02e-06
 9.80060e+22	1.53e-06	4.47e-03	3.29e-01	4.65e-01	1.54e-01	4.69e-02	5.66e-04	1.62e-06
 9.94723e+22	1.77e-06	4.93e-03	3.44e-01	4.61e-01	1.46e-01	4.24e-02	4.82e-04	1.30e-06
 1.01151e+23	2.12e-06	5.57e-03	3.64e-01	4.56e-01	1.37e-01	3.72e-02	3.92e-04	9.85e-07
 1.02849e+23	2.47e-06	6.14e-03	3.80e-01	4.51e-01	1.29e-01	3.33e-02	3.29e-04	7.78e-07
 1.04340e+23	2.85e-06	6.75e-03	3.96e-01	4.46e-01	1.22e-01	2.99e-02	2.78e-04	6.18e-07
 1.06046e+23	3.41e-06	7.60e-03	4.16e-01	4.38e-01	1.13e-01	2.60e-02	2.24e-04	4.62e-07
 1.07781e+23	3.96e-06	8.38e-03	4.32e-01	4.30e-01	1.06e-01	2.31e-02	1.86e-04	3.61e-07
 1.09308e+23	4.57e-06	9.20e-03	4.48e-01	4.23e-01	9.91e-02	2.06e-02	1.55e-04	2.83e-07
 1.11049e+23	5.47e-06	1.03e-02	4.68e-01	4.12e-01	9.12e-02	1.78e-02	1.24e-04	2.09e-07
 1.12819e+23	6.35e-06	1.14e-02	4.85e-01	4.03e-01	8.49e-02	1.57e-02	1.02e-04	1.61e-07
 1.14386e+23	7.33e-06	1.25e-02	5.01e-01	3.94e-01	7.90e-02	1.39e-02	8.43e-05	1.25e-07
 1.16187e+23	8.79e-06	1.40e-02	5.21e-01	3.81e-01	7.20e-02	1.19e-02	6.62e-05	0.00e+00
 1.18017e+23	1.02e-05	1.54e-02	5.37e-01	3.70e-01	6.65e-02	1.04e-02	5.39e-05	0.00e+00
 1.19178e+23	1.09e-05	1.60e-02	5.45e-01	3.65e-01	6.41e-02	9.77e-03	4.91e-05	0.00e+00
 1.19980e+23	1.18e-05	1.69e-02	5.53e-01	3.60e-01	6.14e-02	9.09e-03	4.39e-05	0.00e+00
 1.21023e+23	1.30e-05	1.80e-02	5.64e-01	3.52e-01	5.81e-02	8.29e-03	3.82e-05	0.00e+00
 1.22379e+23	1.49e-05	1.95e-02	5.78e-01	3.42e-01	5.39e-02	7.33e-03	3.16e-05	0.00e+00
 1.24142e+23	1.78e-05	2.19e-02	5.96e-01	3.27e-01	4.85e-02	6.19e-03	2.44e-05	0.00e+00
 1.25980e+23	2.05e-05	2.38e-02	6.10e-01	3.16e-01	4.45e-02	5.39e-03	1.98e-05	0.00e+00
 1.27918e+23	2.48e-05	2.68e-02	6.29e-01	3.00e-01	3.96e-02	4.47e-03	1.49e-05	0.00e+00
 1.29895e+23	2.88e-05	2.94e-02	6.43e-01	2.88e-01	3.60e-02	3.84e-03	1.18e-05	0.00e+00
 1.31923e+23	3.48e-05	3.30e-02	6.60e-01	2.72e-01	3.18e-02	3.17e-03	8.79e-06	0.00e+00
 1.34013e+23	4.08e-05	3.63e-02	6.74e-01	2.59e-01	2.86e-02	2.68e-03	6.81e-06	0.00e+00
 1.35620e+23	4.55e-05	3.88e-02	6.83e-01	2.50e-01	2.64e-02	2.38e-03	5.69e-06	0.00e+00
 1.37148e+23	5.24e-05	4.22e-02	6.94e-01	2.38e-01	2.40e-02	2.05e-03	4.53e-06	0.00e+00
 1.38709e+23	5.84e-05	4.51e-02	7.02e-01	2.29e-01	2.22e-02	1.81e-03	3.77e-06	0.00e+00
 1.40315e+23	6.75e-05	4.92e-02	7.12e-01	2.17e-01	2.00e-02	1.54e-03	2.96e-06	0.00e+00
 1.41942e+23	7.58e-05	5.26e-02	7.20e-01	2.08e-01	1.83e-02	1.35e-03	2.43e-06	0.00e+00
 1.43593e+23	8.74e-05	5.73e-02	7.28e-01	1.97e-01	1.64e-02	1.15e-03	1.90e-06	0.00e+00
 1.45281e+23	9.86e-05	6.15e-02	7.35e-01	1.87e-01	1.50e-02	9.99e-04	1.53e-06	0.00e+00
 1.47014e+23	1.15e-04	6.73e-02	7.43e-01	1.75e-01	1.33e-02	8.36e-04	1.17e-06	0.00e+00
 1.48753e+23	1.29e-04	7.20e-02	7.49e-01	1.67e-01	1.21e-02	7.24e-04	9.45e-07	0.00e+00
 1.50499e+23	1.50e-04	7.87e-02	7.54e-01	1.56e-01	1.07e-02	6.04e-04	7.20e-07	0.00e+00
 1.52283e+23	1.70e-04	8.43e-02	7.59e-01	1.47e-01	9.65e-03	5.19e-04	5.73e-07	0.00e+00
 1.54116e+23	1.99e-04	9.26e-02	7.62e-01	1.36e-01	8.46e-03	4.26e-04	4.27e-07	0.00e+00
 1.55966e+23	2.24e-04	9.90e-02	7.65e-01	1.28e-01	7.62e-03	3.65e-04	3.39e-07	0.00e+00
 1.57837e+23	2.62e-04	1.08e-01	7.67e-01	1.18e-01	6.67e-03	2.99e-04	2.52e-07	0.00e+00
 1.59774e+23	2.99e-04	1.17e-01	7.67e-01	1.09e-01	5.92e-03	2.50e-04	1.94e-07	0.00e+00
 1.61796e+23	3.56e-04	1.29e-01	7.66e-01	9.91e-02	5.08e-03	1.99e-04	1.38e-07	0.00e+00
 1.63803e+23	4.04e-04	1.38e-01	7.65e-01	9.17e-02	4.51e-03	1.67e-04	0.00e+00	0.00e+00
 1.65790e+23	4.81e-04	1.53e-01	7.60e-01	8.26e-02	3.87e-03	1.33e-04	0.00e+00	0.00e+00
 1.67786e+23	5.48e-04	1.64e-01	7.56e-01	7.59e-02	3.42e-03	1.10e-04	0.00e+00	0.00e+00
 1.69793e+23	6.50e-04	1.81e-01	7.48e-01	6.79e-02	2.92e-03	8.69e-05	0.00e+00	0.00e+00
 1.71824e+23	7.48e-04	1.95e-01	7.40e-01	6.15e-02	2.56e-03	7.10e-05	0.00e+00	0.00e+00
 1.73887e+23	8.99e-04	2.16e-01	7.27e-01	5.40e-02	2.16e-03	5.45e-05	0.00e+00	0.00e+00
 1.75931e+23	1.03e-03	2.33e-01	7.16e-01	4.86e-02	1.89e-03	4.44e-05	0.00e+00	0.00e+00
 1.77950e+23	1.25e-03	2.58e-01	6.97e-01	4.21e-02	1.58e-03	3.35e-05	0.00e+00	0.00e+00
 1.79957e+23	1.45e-03	2.78e-01	6.81e-01	3.74e-02	1.37e-03	2.69e-05	0.00e+00	0.00e+00
 1.81948e+23	1.75e-03	3.08e-01	6.57e-01	3.19e-02	1.14e-03	2.00e-05	0.00e+00	0.00e+00
 1.83946e+23	2.04e-03	3.34e-01	6.35e-01	2.78e-02	9.80e-04	1.57e-05	0.00e+00	0.00e+00
 1.85951e+23	2.49e-03	3.70e-01	6.04e-01	2.32e-02	8.02e-04	1.13e-05	0.00e+00	0.00e+00
 1.87959e+23	2.94e-03	4.01e-01	5.76e-01	1.97e-02	6.77e-04	8.55e-06	0.00e+00	0.00e+00
 1.89970e+23	3.61e-03	4.43e-01	5.36e-01	1.59e-02	5.42e-04	5.92e-06	0.00e+00	0.00e+00
 1.91992e+23	4.30e-03	4.81e-01	5.01e-01	1.31e-02	4.47e-04	4.29e-06	0.00e+00	0.00e+00
 1.93757e+23	5.11e-03	5.19e-01	4.64e-01	1.07e-02	3.65e-04	3.07e-06	0.00e+00	0.00e+00
 1.95778e+23	6.32e-03	5.70e-01	4.16e-01	8.17e-03	2.78e-04	1.96e-06	0.00e+00	0.00e+00
 1.97824e+23	7.65e-03	6.15e-01	3.71e-01	6.28e-03	2.16e-04	1.29e-06	0.00e+00	0.00e+00
 1.99374e+23	8.85e-03	6.49e-01	3.36e-01	5.07e-03	1.75e-04	9.17e-07	0.00e+00	0.00e+00
 2.00862e+23	1.04e-02	6.89e-01	2.97e-01	3.90e-03	1.35e-04	6.05e-07	0.00e+00	0.00e+00
 2.02461e+23	1.23e-02	7.27e-01	2.57e-01	2.93e-03	1.02e-04	3.87e-07	0.00e+00	0.00e+00
 2.03940e+23	1.45e-02	7.62e-01	2.21e-01	2.19e-03	7.65e-05	2.45e-07	0.00e+00	0.00e+00
 2.05367e+23	1.71e-02	7.96e-01	1.86e-01	1.59e-03	5.54e-05	1.49e-07	0.00e+00	0.00e+00
 2.06737e+23	2.01e-02	8.25e-01	1.54e-01	1.14e-03	3.93e-05	0.00e+00	0.00e+00	0.00e+00
 2.08021e+23	2.37e-02	8.51e-01	1.25e-01	8.05e-04	2.72e-05	0.00e+00	0.00e+00	0.00e+00
 2.09205e+23	2.78e-02	8.71e-01	1.01e-01	5.69e-04	1.86e-05	0.00e+00	0.00e+00	0.00e+00
 2.10300e+23	3.27e-02	8.87e-01	7.96e-02	3.99e-04	1.24e-05	0.00e+00	0.00e+00	0.00e+00
 2.11310e+23	3.83e-02	8.99e-01	6.25e-02	2.82e-04	8.16e-06	0.00e+00	0.00e+00	0.00e+00
 2.12233e+23	4.50e-02	9.06e-01	4.86e-02	2.01e-04	5.29e-06	0.00e+00	0.00e+00	0.00e+00
 2.13065e+23	5.28e-02	9.09e-01	3.77e-02	1.46e-04	3.44e-06	0.00e+00	0.00e+00	0.00e+00
 2.13799e+23	6.17e-02	9.09e-01	2.94e-02	1.09e-04	2.26e-06	0.00e+00	0.00e+00	0.00e+00
 2.14451e+23	7.17e-02	9.05e-01	2.31e-02	8.34e-05	1.51e-06	0.00e+00	0.00e+00	0.00e+00
 2.15046e+23	8.29e-02	8.99e-01	1.82e-02	6.55e-05	1.02e-06	0.00e+00	0.00e+00	0.00e+00
 2.15610e+23	9.64e-02	8.89e-01	1.43e-02	5.19e-05	6.88e-07	0.00e+00	0.00e+00	0.00e+00
 2.16140e+23	1.12e-01	8.77e-01	1.12e-02	4.18e-05	4.66e-07	0.00e+00	0.00e+00	0.00e+00
 2.16623e+23	1.30e-01	8.61e-01	8.86e-03	3.43e-05	3.22e-07	0.00e+00	0.00e+00	0.00e+00
 2.17066e+23	1.49e-01	8.44e-01	7.07e-03	2.87e-05	2.27e-07	0.00e+00	0.00e+00	0.00e+00
 2.17467e+23	1.69e-01	8.25e-01	5.73e-03	2.45e-05	1.65e-07	0.00e+00	0.00e+00	0.00e+00
 2.17812e+23	1.89e-01	8.06e-01	4.75e-03	2.14e-05	1.25e-07	0.00e+00	0.00e+00	0.00e+00
 2.18112e+23	2.08e-01	7.88e-01	4.03e-03	1.91e-05	0.00e+00	0.00e+00	0.00e+00	0.00e+00
 2.18360e+23	2.25e-01	7.72e-01	3.52e-03	1.75e-05	0.00e+00	0.00e+00	0.00e+00	0.00e+00
 2.18572e+23	2.40e-01	7.57e-01	3.12e-03	1.62e-05	0.00e+00	0.00e+00	0.00e+00	0.00e+00
 2.18795e+23	2.57e-01	7.40e-01	2.74e-03	1.49e-05	0.00e+00	0.00e+00	0.00e+00	0.00e+00
 2.19046e+23	2.77e-01	7.21e-01	2.37e-03	1.37e-05	0.00e+00	0.00e+00	0.00e+00	0.00e+00
 2.19307e+23	2.98e-01	7.00e-01	2.04e-03	1.25e-05	0.00e+00	0.00e+00	0.00e+00	0.00e+00
 2.19548e+23	3.18e-01	6.80e-01	1.78e-03	1.15e-05	0.00e+00	0.00e+00	0.00e+00	0.00e+00
 2.19731e+23	3.33e-01	6.66e-01	1.62e-03	1.09e-05	0.00e+00	0.00e+00	0.00e+00	0.00e+00
 2.19857e+23	3.44e-01	6.55e-01	1.51e-03	1.05e-05	0.00e+00	0.00e+00	0.00e+00	0.00e+00
 2.19985e+23	3.55e-01	6.44e-01	1.40e-03	1.01e-05	0.00e+00	0.00e+00	0.00e+00	0.00e+00
 2.20137e+23	3.68e-01	6.31e-01	1.28e-03	9.64e-06	0.00e+00	0.00e+00	0.00e+00	0.00e+00
 2.20304e+23	3.83e-01	6.16e-01	1.16e-03	9.17e-06	0.00e+00	0.00e+00	0.00e+00	0.00e+00
 2.20463e+23	3.96e-01	6.03e-01	1.07e-03	8.76e-06	0.00e+00	0.00e+00	0.00e+00	0.00e+00
 2.20621e+23	4.10e-01	5.89e-01	9.77e-04	8.37e-06	0.00e+00	0.00e+00	0.00e+00	0.00e+00
 2.20787e+23	4.25e-01	5.74e-01	8.90e-04	7.98e-06	0.00e+00	0.00e+00	0.00e+00	0.00e+00
 2.20953e+23	4.39e-01	5.60e-01	8.12e-04	7.62e-06	0.00e+00	0.00e+00	0.00e+00	0.00e+00
 2.21123e+23	4.53e-01	5.46e-01	7.40e-04	7.27e-06	0.00e+00	0.00e+00	0.00e+00	0.00e+00
 2.21301e+23	4.69e-01	5.31e-01	6.71e-04	6.93e-06	0.00e+00	0.00e+00	0.00e+00	0.00e+00
 2.21485e+23	4.84e-01	5.15e-01	6.07e-04	6.59e-06	0.00e+00	0.00e+00	0.00e+00	0.00e+00
 2.21669e+23	4.99e-01	5.00e-01	5.51e-04	6.29e-06	0.00e+00	0.00e+00	0.00e+00	0.00e+00
 2.21856e+23	5.14e-01	4.85e-01	4.99e-04	5.99e-06	0.00e+00	0.00e+00	0.00e+00	0.00e+00
 2.22052e+23	5.30e-01	4.70e-01	4.50e-04	5.70e-06	0.00e+00	0.00e+00	0.00e+00	0.00e+00
 2.22256e+23	5.46e-01	4.54e-01	4.05e-04	5.42e-06	0.00e+00	0.00e+00	0.00e+00	0.00e+00
 2.22464e+23	5.61e-01	4.39e-01	3.65e-04	5.15e-06	0.00e+00	0.00e+00	0.00e+00	0.00e+00
 2.22675e+23	5.76e-01	4.23e-01	3.29e-04	4.90e-06	0.00e+00	0.00e+00	0.00e+00	0.00e+00
 2.22895e+23	5.92e-01	4.08e-01	2.96e-04	4.65e-06	0.00e+00	0.00e+00	0.00e+00	0.00e+00
 2.23122e+23	6.08e-01	3.92e-01	2.65e-04	4.41e-06	0.00e+00	0.00e+00	0.00e+00	0.00e+00
 2.23357e+23	6.23e-01	3.77e-01	2.38e-04	4.18e-06	0.00e+00	0.00e+00	0.00e+00	0.00e+00
 2.23599e+23	6.38e-01	3.61e-01	2.14e-04	3.96e-06	0.00e+00	0.00e+00	0.00e+00	0.00e+00
 2.23848e+23	6.53e-01	3.47e-01	1.92e-04	3.76e-06	0.00e+00	0.00e+00	0.00e+00	0.00e+00
 2.24106e+23	6.68e-01	3.32e-01	1.72e-04	3.56e-06	0.00e+00	0.00e+00	0.00e+00	0.00e+00
 2.24377e+23	6.83e-01	3.17e-01	1.55e-04	3.36e-06	0.00e+00	0.00e+00	0.00e+00	0.00e+00
 2.24659e+23	6.97e-01	3.03e-01	1.39e-04	3.18e-06	0.00e+00	0.00e+00	0.00e+00	0.00e+00
 2.24949e+23	7.12e-01	2.88e-01	1.25e-04	3.00e-06	0.00e+00	0.00e+00	0.00e+00	0.00e+00
 2.25247e+23	7.25e-01	2.75e-01	1.13e-04	2.84e-06	0.00e+00	0.00e+00	0.00e+00	0.00e+00
 2.25553e+23	7.38e-01	2.62e-01	1.02e-04	2.69e-06	0.00e+00	0.00e+00	0.00e+00	0.00e+00
 2.25868e+23	7.51e-01	2.49e-01	9.32e-05	2.54e-06	0.00e+00	0.00e+00	0.00e+00	0.00e+00
 2.26194e+23	7.63e-01	2.37e-01	8.50e-05	2.41e-06	0.00e+00	0.00e+00	0.00e+00	0.00e+00
 2.26531e+23	7.74e-01	2.25e-01	7.78e-05	2.28e-06	0.00e+00	0.00e+00	0.00e+00	0.00e+00
 2.26881e+23	7.86e-01	2.14e-01	7.15e-05	2.16e-06	0.00e+00	0.00e+00	0.00e+00	0.00e+00
 2.27244e+23	7.97e-01	2.03e-01	6.60e-05	2.05e-06	0.00e+00	0.00e+00	0.00e+00	0.00e+00
 2.27622e+23	8.07e-01	1.93e-01	6.11e-05	1.95e-06	0.00e+00	0.00e+00	0.00e+00	0.00e+00
 2.28018e+23	8.17e-01	1.83e-01	5.68e-05	1.85e-06	0.00e+00	0.00e+00	0.00e+00	0.00e+00
 2.28436e+23	8.26e-01	1.74e-01	5.30e-05	1.76e-06	0.00e+00	0.00e+00	0.00e+00	0.00e+00
 2.28872e+23	8.36e-01	1.64e-01	4.95e-05	1.67e-06	0.00e+00	0.00e+00	0.00e+00	0.00e+00
 2.29331e+23	8.45e-01	1.55e-01	4.64e-05	1.58e-06	0.00e+00	0.00e+00	0.00e+00	0.00e+00
 2.29819e+23	8.53e-01	1.47e-01	4.36e-05	1.50e-06	0.00e+00	0.00e+00	0.00e+00	0.00e+00
 2.30336e+23	8.62e-01	1.38e-01	4.11e-05	1.42e-06	0.00e+00	0.00e+00	0.00e+00	0.00e+00
 2.30870e+23	8.70e-01	1.30e-01	3.88e-05	1.35e-06	0.00e+00	0.00e+00	0.00e+00	0.00e+00
 2.31393e+23	8.77e-01	1.23e-01	3.70e-05	1.28e-06	0.00e+00	0.00e+00	0.00e+00	0.00e+00
 2.31894e+23	8.84e-01	1.16e-01	3.53e-05	1.23e-06	0.00e+00	0.00e+00	0.00e+00	0.00e+00
 2.32385e+23	8.90e-01	1.10e-01	3.39e-05	1.18e-06	0.00e+00	0.00e+00	0.00e+00	0.00e+00
 2.32867e+23	8.95e-01	1.05e-01	3.27e-05	1.13e-06	0.00e+00	0.00e+00	0.00e+00	0.00e+00
 2.33337e+23	9.01e-01	9.95e-02	3.15e-05	1.08e-06	0.00e+00	0.00e+00	0.00e+00	0.00e+00
 2.33791e+23	9.05e-01	9.47e-02	3.05e-05	1.04e-06	0.00e+00	0.00e+00	0.00e+00	0.00e+00
 2.34224e+23	9.10e-01	9.02e-02	2.96e-05	1.01e-06	0.00e+00	0.00e+00	0.00e+00	0.00e+00
 2.34628e+23	9.14e-01	8.64e-02	2.89e-05	9.76e-07	0.00e+00	0.00e+00	0.00e+00	0.00e+00
 2.35020e+23	9.17e-01	8.26e-02	2.81e-05	9.46e-07	0.00e+00	0.00e+00	0.00e+00	0.00e+00
 2.35413e+23	9.21e-01	7.90e-02	2.74e-05	9.17e-07	0.00e+00	0.00e+00	0.00e+00	0.00e+00
 2.35793e+23	9.24e-01	7.57e-02	2.68e-05	8.91e-07	0.00e+00	0.00e+00	0.00e+00	0.00e+00
 2.36159e+23	9.27e-01	7.27e-02	2.63e-05	8.67e-07	0.00e+00	0.00e+00	0.00e+00	0.00e+00
 2.36512e+23	9.30e-01	6.98e-02	2.57e-05	8.45e-07	0.00e+00	0.00e+00	0.00e+00	0.00e+00
 2.36853e+23	9.33e-01	6.72e-02	2.53e-05	8.26e-07	0.00e+00	0.00e+00	0.00e+00	0.00e+00
 2.37183e+23	9.35e-01	6.48e-02	2.48e-05	8.08e-07	0.00e+00	0.00e+00	0.00e+00	0.00e+00
 2.37501e+23	9.37e-01	6.25e-02	2.44e-05	7.91e-07	0.00e+00	0.00e+00	0.00e+00	0.00e+00
 2.37808e+23	9.40e-01	6.04e-02	2.40e-05	7.77e-07	0.00e+00	0.00e+00	0.00e+00	0.00e+00
 2.38104e+23	9.41e-01	5.85e-02	2.37e-05	7.64e-07	0.00e+00	0.00e+00	0.00e+00	0.00e+00
 2.38389e+23	9.43e-01	5.67e-02	2.34e-05	7.54e-07	0.00e+00	0.00e+00	0.00e+00	0.00e+00
 2.38660e+23	9.45e-01	5.52e-02	2.31e-05	7.44e-07	0.00e+00	0.00e+00	0.00e+00	0.00e+00
 2.38926e+23	9.46e-01	5.36e-02	2.28e-05	7.36e-07	0.00e+00	0.00e+00	0.00e+00	0.00e+00
 2.39184e+23	9.48e-01	5.22e-02	2.25e-05	7.29e-07	0.00e+00	0.00e+00	0.00e+00	0.00e+00
 2.39419e+23	9.49e-01	5.11e-02	2.23e-05	7.24e-07	0.00e+00	0.00e+00	0.00e+00	0.00e+00
 2.39633e+23	9.50e-01	5.01e-02	2.21e-05	7.21e-07	0.00e+00	0.00e+00	0.00e+00	0.00e+00
 2.39828e+23	9.51e-01	4.93e-02	2.19e-05	7.20e-07	0.00e+00	0.00e+00	0.00e+00	0.00e+00
 2.40006e+23	9.51e-01	4.86e-02	2.18e-05	7.19e-07	0.00e+00	0.00e+00	0.00e+00	0.00e+00
 2.40167e+23	9.52e-01	4.79e-02	2.17e-05	7.19e-07	0.00e+00	0.00e+00	0.00e+00	0.00e+00
 2.40314e+23	9.53e-01	4.74e-02	2.15e-05	7.19e-07	0.00e+00	0.00e+00	0.00e+00	0.00e+00
 2.40448e+23	9.53e-01	4.69e-02	2.14e-05	7.20e-07	0.00e+00	0.00e+00	0.00e+00	0.00e+00
 2.40594e+23	9.54e-01	4.63e-02	2.13e-05	7.21e-07	0.00e+00	0.00e+00	0.00e+00	0.00e+00
 2.40752e+23	9.54e-01	4.58e-02	2.12e-05	7.21e-07	0.00e+00	0.00e+00	0.00e+00	0.00e+00
 2.40896e+23	9.55e-01	4.53e-02	2.11e-05	7.22e-07	0.00e+00	0.00e+00	0.00e+00	0.00e+00
 2.41054e+23	9.55e-01	4.48e-02	2.09e-05	7.23e-07	0.00e+00	0.00e+00	0.00e+00	0.00e+00
 2.41224e+23	9.56e-01	4.43e-02	2.08e-05	7.24e-07	0.00e+00	0.00e+00	0.00e+00	0.00e+00
 2.41379e+23	9.56e-01	4.39e-02	2.07e-05	7.27e-07	0.00e+00	0.00e+00	0.00e+00	0.00e+00
 2.41520e+23	9.56e-01	4.35e-02	2.06e-05	7.29e-07	0.00e+00	0.00e+00	0.00e+00	0.00e+00
 2.41675e+23	9.57e-01	4.31e-02	2.05e-05	7.33e-07	0.00e+00	0.00e+00	0.00e+00	0.00e+00
 2.41841e+23	9.57e-01	4.27e-02	2.04e-05	7.36e-07	0.00e+00	0.00e+00	0.00e+00	0.00e+00
 2.41993e+23	9.58e-01	4.24e-02	2.03e-05	7.37e-07	0.00e+00	0.00e+00	0.00e+00	0.00e+00
 2.42159e+23	9.58e-01	4.20e-02	2.01e-05	7.38e-07	0.00e+00	0.00e+00	0.00e+00	0.00e+00
 2.42339e+23	9.58e-01	4.16e-02	2.00e-05	7.40e-07	0.00e+00	0.00e+00	0.00e+00	0.00e+00
 2.42502e+23	9.59e-01	4.13e-02	1.99e-05	7.45e-07	0.00e+00	0.00e+00	0.00e+00	0.00e+00
 2.42651e+23	9.59e-01	4.11e-02	1.98e-05	7.45e-07	0.00e+00	0.00e+00	0.00e+00	0.00e+00
 2.42814e+23	9.59e-01	4.08e-02	1.97e-05	7.47e-07	0.00e+00	0.00e+00	0.00e+00	0.00e+00
 2.42990e+23	9.60e-01	4.04e-02	1.96e-05	7.49e-07	0.00e+00	0.00e+00	0.00e+00	0.00e+00
 2.43150e+23	9.60e-01	4.02e-02	1.95e-05	7.55e-07	0.00e+00	0.00e+00	0.00e+00	0.00e+00
 2.43296e+23	9.60e-01	4.00e-02	1.94e-05	7.54e-07	0.00e+00	0.00e+00	0.00e+00	0.00e+00
 2.43455e+23	9.60e-01	3.97e-02	1.93e-05	7.57e-07	0.00e+00	0.00e+00	0.00e+00	0.00e+00
 2.43628e+23	9.61e-01	3.94e-02	1.92e-05	7.60e-07	0.00e+00	0.00e+00	0.00e+00	0.00e+00
 2.43784e+23	9.61e-01	3.92e-02	1.91e-05	7.67e-07	0.00e+00	0.00e+00	0.00e+00	0.00e+00
 2.43927e+23	9.61e-01	3.90e-02	1.90e-05	7.65e-07	0.00e+00	0.00e+00	0.00e+00	0.00e+00
 2.44083e+23	9.61e-01	3.88e-02	1.89e-05	7.68e-07	0.00e+00	0.00e+00	0.00e+00	0.00e+00
 2.44252e+23	9.61e-01	3.85e-02	1.89e-05	7.73e-07	0.00e+00	0.00e+00	0.00e+00	0.00e+00
 2.44406e+23	9.62e-01	3.83e-02	1.88e-05	7.77e-07	0.00e+00	0.00e+00	0.00e+00	0.00e+00
 2.44546e+23	9.62e-01	3.82e-02	1.88e-05	7.84e-07	0.00e+00	0.00e+00	0.00e+00	0.00e+00
 2.44673e+23	9.62e-01	3.81e-02	1.88e-05	7.87e-07	0.00e+00	0.00e+00	0.00e+00	0.00e+00
 2.44812e+23	9.62e-01	3.79e-02	1.87e-05	7.90e-07	0.00e+00	0.00e+00	0.00e+00	0.00e+00
 2.44993e+23	9.62e-01	3.76e-02	1.87e-05	7.94e-07	0.00e+00	0.00e+00	0.00e+00	0.00e+00
 2.45189e+23	9.63e-01	3.73e-02	1.86e-05	7.96e-07	0.00e+00	0.00e+00	0.00e+00	0.00e+00
 2.45367e+23	9.63e-01	3.71e-02	1.86e-05	8.02e-07	0.00e+00	0.00e+00	0.00e+00	0.00e+00
 2.45529e+23	9.63e-01	3.69e-02	1.85e-05	8.06e-07	0.00e+00	0.00e+00	0.00e+00	0.00e+00
 2.45707e+23	9.63e-01	3.67e-02	1.85e-05	8.12e-07	0.00e+00	0.00e+00	0.00e+00	0.00e+00
 2.45898e+23	9.64e-01	3.65e-02	1.84e-05	8.17e-07	0.00e+00	0.00e+00	0.00e+00	0.00e+00
 2.46073e+23	9.64e-01	3.63e-02	1.84e-05	8.21e-07	0.00e+00	0.00e+00	0.00e+00	0.00e+00
 2.46231e+23	9.64e-01	3.62e-02	1.84e-05	8.28e-07	0.00e+00	0.00e+00	0.00e+00	0.00e+00
 2.46376e+23	9.64e-01	3.60e-02	1.83e-05	8.31e-07	0.00e+00	0.00e+00	0.00e+00	0.00e+00
 2.46534e+23	9.64e-01	3.58e-02	1.83e-05	8.33e-07	0.00e+00	0.00e+00	0.00e+00	0.00e+00
 2.46705e+23	9.64e-01	3.56e-02	1.82e-05	8.38e-07	0.00e+00	0.00e+00	0.00e+00	0.00e+00
 2.46860e+23	9.65e-01	3.55e-02	1.82e-05	8.46e-07	0.00e+00	0.00e+00	0.00e+00	0.00e+00
 2.47002e+23	9.65e-01	3.53e-02	1.82e-05	8.45e-07	0.00e+00	0.00e+00	0.00e+00	0.00e+00
 2.47157e+23	9.65e-01	3.51e-02	1.81e-05	8.51e-07	0.00e+00	0.00e+00	0.00e+00	0.00e+00
 2.47324e+23	9.65e-01	3.49e-02	1.80e-05	8.47e-07	0.00e+00	0.00e+00	0.00e+00	0.00e+00
 2.47508e+23	9.65e-01	3.46e-02	1.80e-05	8.48e-07	0.00e+00	0.00e+00	0.00e+00	0.00e+00
 2.47706e+23	9.66e-01	3.43e-02	1.79e-05	8.48e-07	0.00e+00	0.00e+00	0.00e+00	0.00e+00
 2.47886e+23	9.66e-01	3.42e-02	1.79e-05	8.52e-07	0.00e+00	0.00e+00	0.00e+00	0.00e+00
 2.48050e+23	9.66e-01	3.40e-02	1.78e-05	8.49e-07	0.00e+00	0.00e+00	0.00e+00	0.00e+00
 2.48229e+23	9.66e-01	3.37e-02	1.78e-05	8.51e-07	0.00e+00	0.00e+00	0.00e+00	0.00e+00
 2.48423e+23	9.67e-01	3.35e-02	1.77e-05	8.51e-07	0.00e+00	0.00e+00	0.00e+00	0.00e+00
 2.48600e+23	9.67e-01	3.33e-02	1.76e-05	8.50e-07	0.00e+00	0.00e+00	0.00e+00	0.00e+00
 2.48793e+23	9.67e-01	3.30e-02	1.76e-05	8.52e-07	0.00e+00	0.00e+00	0.00e+00	0.00e+00
 2.49002e+23	9.67e-01	3.28e-02	1.75e-05	8.52e-07	0.00e+00	0.00e+00	0.00e+00	0.00e+00
 2.49192e+23	9.67e-01	3.26e-02	1.75e-05	8.56e-07	0.00e+00	0.00e+00	0.00e+00	0.00e+00
 2.49365e+23	9.68e-01	3.24e-02	1.74e-05	8.53e-07	0.00e+00	0.00e+00	0.00e+00	0.00e+00
 2.49555e+23	9.68e-01	3.21e-02	1.73e-05	8.52e-07	0.00e+00	0.00e+00	0.00e+00	0.00e+00
 2.49759e+23	9.68e-01	3.19e-02	1.73e-05	8.54e-07	0.00e+00	0.00e+00	0.00e+00	0.00e+00
 2.49945e+23	9.68e-01	3.17e-02	1.72e-05	8.51e-07	0.00e+00	0.00e+00	0.00e+00	0.00e+00
 2.50149e+23	9.69e-01	3.14e-02	1.71e-05	8.51e-07	0.00e+00	0.00e+00	0.00e+00	0.00e+00
 2.50370e+23	9.69e-01	3.12e-02	1.71e-05	8.50e-07	0.00e+00	0.00e+00	0.00e+00	0.00e+00
 2.50570e+23	9.69e-01	3.09e-02	1.70e-05	8.48e-07	0.00e+00	0.00e+00	0.00e+00	0.00e+00
 2.50790e+23	9.69e-01	3.07e-02	1.69e-05	8.48e-07	0.00e+00	0.00e+00	0.00e+00	0.00e+00
 2.51027e+23	9.70e-01	3.04e-02	1.69e-05	8.48e-07	0.00e+00	0.00e+00	0.00e+00	0.00e+00
 2.51242e+23	9.70e-01	3.02e-02	1.68e-05	8.44e-07	0.00e+00	0.00e+00	0.00e+00	0.00e+00
 2.51479e+23	9.70e-01	2.98e-02	1.67e-05	8.42e-07	0.00e+00	0.00e+00	0.00e+00	0.00e+00
 2.51734e+23	9.70e-01	2.96e-02	1.66e-05	8.39e-07	0.00e+00	0.00e+00	0.00e+00	0.00e+00
 2.51966e+23	9.71e-01	2.93e-02	1.66e-05	8.38e-07	0.00e+00	0.00e+00	0.00e+00	0.00e+00
 2.52178e+23	9.71e-01	2.92e-02	1.65e-05	8.40e-07	0.00e+00	0.00e+00	0.00e+00	0.00e+00
 2.52370e+23	9.71e-01	2.90e-02	1.64e-05	8.36e-07	0.00e+00	0.00e+00	0.00e+00	0.00e+00
 2.52581e+23	9.71e-01	2.87e-02	1.64e-05	8.33e-07	0.00e+00	0.00e+00	0.00e+00	0.00e+00
 2.52808e+23	9.72e-01	2.85e-02	1.63e-05	8.32e-07	0.00e+00	0.00e+00	0.00e+00	0.00e+00
 2.53015e+23	9.72e-01	2.83e-02	1.62e-05	8.28e-07	0.00e+00	0.00e+00	0.00e+00	0.00e+00
 2.53242e+23	9.72e-01	2.80e-02	1.62e-05	8.25e-07	0.00e+00	0.00e+00	0.00e+00	0.00e+00
 2.53487e+23	9.72e-01	2.77e-02	1.61e-05	8.23e-07	0.00e+00	0.00e+00	0.00e+00	0.00e+00
 2.53710e+23	9.72e-01	2.75e-02	1.60e-05	8.18e-07	0.00e+00	0.00e+00	0.00e+00	0.00e+00
 2.53954e+23	9.73e-01	2.72e-02	1.59e-05	8.14e-07	0.00e+00	0.00e+00	0.00e+00	0.00e+00
 2.54218e+23	9.73e-01	2.69e-02	1.58e-05	8.12e-07	0.00e+00	0.00e+00	0.00e+00	0.00e+00
 2.54458e+23	9.73e-01	2.67e-02	1.58e-05	8.06e-07	0.00e+00	0.00e+00	0.00e+00	0.00e+00
 2.54721e+23	9.74e-01	2.63e-02	1.57e-05	8.00e-07	0.00e+00	0.00e+00	0.00e+00	0.00e+00
 2.55004e+23	9.74e-01	2.61e-02	1.56e-05	7.98e-07	0.00e+00	0.00e+00	0.00e+00	0.00e+00
 2.55263e+23	9.74e-01	2.58e-02	1.55e-05	7.91e-07	0.00e+00	0.00e+00	0.00e+00	0.00e+00
 2.55546e+23	9.75e-01	2.55e-02	1.54e-05	7.84e-07	0.00e+00	0.00e+00	0.00e+00	0.00e+00
 2.55851e+23	9.75e-01	2.52e-02	1.53e-05	7.81e-07	0.00e+00	0.00e+00	0.00e+00	0.00e+00
 2.56129e+23	9.75e-01	2.50e-02	1.52e-05	7.74e-07	0.00e+00	0.00e+00	0.00e+00	0.00e+00
 2.56434e+23	9.75e-01	2.46e-02	1.51e-05	7.66e-07	0.00e+00	0.00e+00	0.00e+00	0.00e+00
 2.56763e+23	9.76e-01	2.43e-02	1.50e-05	7.59e-07	0.00e+00	0.00e+00	0.00e+00	0.00e+00
 2.57062e+23	9.76e-01	2.40e-02	1.49e-05	7.55e-07	0.00e+00	0.00e+00	0.00e+00	0.00e+00
 2.57335e+23	9.76e-01	2.38e-02	1.48e-05	7.50e-07	0.00e+00	0.00e+00	0.00e+00	0.00e+00
 2.57633e+23	9.77e-01	2.35e-02	1.47e-05	7.41e-07	0.00e+00	0.00e+00	0.00e+00	0.00e+00
 2.57956e+23	9.77e-01	2.32e-02	1.46e-05	7.36e-07	0.00e+00	0.00e+00	0.00e+00	0.00e+00
 2.58249e+23	9.77e-01	2.30e-02	1.45e-05	7.29e-07	0.00e+00	0.00e+00	0.00e+00	0.00e+00
 2.58570e+23	9.77e-01	2.26e-02	1.44e-05	7.19e-07	0.00e+00	0.00e+00	0.00e+00	0.00e+00
 2.58917e+23	9.78e-01	2.23e-02	1.43e-05	7.14e-07	0.00e+00	0.00e+00	0.00e+00	0.00e+00
 2.59233e+23	9.78e-01	2.21e-02	1.42e-05	7.06e-07	0.00e+00	0.00e+00	0.00e+00	0.00e+00
 2.59579e+23	9.78e-01	2.17e-02	1.41e-05	6.95e-07	0.00e+00	0.00e+00	0.00e+00	0.00e+00
 2.59952e+23	9.79e-01	2.14e-02	1.40e-05	6.89e-07	0.00e+00	0.00e+00	0.00e+00	0.00e+00
 2.60292e+23	9.79e-01	2.12e-02	1.39e-05	6.81e-07	0.00e+00	0.00e+00	0.00e+00	0.00e+00
 2.60665e+23	9.79e-01	2.07e-02	1.38e-05	6.69e-07	0.00e+00	0.00e+00	0.00e+00	0.00e+00
 2.61067e+23	9.80e-01	2.05e-02	1.36e-05	6.60e-07	0.00e+00	0.00e+00	0.00e+00	0.00e+00
 2.61433e+23	9.80e-01	2.02e-02	1.35e-05	6.53e-07	0.00e+00	0.00e+00	0.00e+00	0.00e+00
 2.61765e+23	9.80e-01	2.00e-02	1.34e-05	6.46e-07	0.00e+00	0.00e+00	0.00e+00	0.00e+00
 2.62130e+23	9.80e-01	1.96e-02	1.33e-05	6.35e-07	0.00e+00	0.00e+00	0.00e+00	0.00e+00
 2.62524e+23	9.81e-01	1.93e-02	1.32e-05	6.28e-07	0.00e+00	0.00e+00	0.00e+00	0.00e+00
 2.62883e+23	9.81e-01	1.91e-02	1.31e-05	6.20e-07	0.00e+00	0.00e+00	0.00e+00	0.00e+00
 2.63275e+23	9.81e-01	1.87e-02	1.30e-05	6.07e-07	0.00e+00	0.00e+00	0.00e+00	0.00e+00
 2.63699e+23	9.82e-01	1.84e-02	1.28e-05	5.98e-07	0.00e+00	0.00e+00	0.00e+00	0.00e+00
 2.64085e+23	9.82e-01	1.82e-02	1.27e-05	5.91e-07	0.00e+00	0.00e+00	0.00e+00	0.00e+00
 2.64436e+23	9.82e-01	1.80e-02	1.26e-05	5.84e-07	0.00e+00	0.00e+00	0.00e+00	0.00e+00
 2.64821e+23	9.82e-01	1.76e-02	1.25e-05	5.72e-07	0.00e+00	0.00e+00	0.00e+00	0.00e+00
 2.65237e+23	9.83e-01	1.74e-02	1.24e-05	5.63e-07	0.00e+00	0.00e+00	0.00e+00	0.00e+00
 2.65692e+23	9.83e-01	1.70e-02	1.22e-05	5.49e-07	0.00e+00	0.00e+00	0.00e+00	0.00e+00
 2.66183e+23	9.83e-01	1.67e-02	1.21e-05	5.39e-07	0.00e+00	0.00e+00	0.00e+00	0.00e+00
 2.66630e+23	9.84e-01	1.65e-02	1.20e-05	5.31e-07	0.00e+00	0.00e+00	0.00e+00	0.00e+00
 2.67037e+23	9.84e-01	1.62e-02	1.19e-05	5.23e-07	0.00e+00	0.00e+00	0.00e+00	0.00e+00
 2.67483e+23	9.84e-01	1.59e-02	1.17e-05	5.09e-07	0.00e+00	0.00e+00	0.00e+00	0.00e+00
 2.67965e+23	9.84e-01	1.56e-02	1.16e-05	5.00e-07	0.00e+00	0.00e+00	0.00e+00	0.00e+00
 2.68403e+23	9.85e-01	1.54e-02	1.15e-05	4.92e-07	0.00e+00	0.00e+00	0.00e+00	0.00e+00
 2.68883e+23	9.85e-01	1.50e-02	1.13e-05	4.78e-07	0.00e+00	0.00e+00	0.00e+00	0.00e+00
 2.69401e+23	9.85e-01	1.48e-02	1.12e-05	4.69e-07	0.00e+00	0.00e+00	0.00e+00	0.00e+00
 2.69872e+23	9.85e-01	1.45e-02	1.11e-05	4.61e-07	0.00e+00	0.00e+00	0.00e+00	0.00e+00
 2.70389e+23	9.86e-01	1.41e-02	1.09e-05	4.46e-07	0.00e+00	0.00e+00	0.00e+00	0.00e+00
 2.71023e+23	9.86e-01	1.37e-02	1.07e-05	4.32e-07	0.00e+00	0.00e+00	0.00e+00	0.00e+00
 2.71706e+23	9.87e-01	1.34e-02	1.05e-05	4.19e-07	0.00e+00	0.00e+00	0.00e+00	0.00e+00
 2.72392e+23	9.87e-01	1.31e-02	1.04e-05	4.06e-07	0.00e+00	0.00e+00	0.00e+00	0.00e+00
 2.73086e+23	9.87e-01	1.27e-02	1.02e-05	3.93e-07	0.00e+00	0.00e+00	0.00e+00	0.00e+00
 2.73790e+23	9.88e-01	1.24e-02	1.00e-05	3.81e-07	0.00e+00	0.00e+00	0.00e+00	0.00e+00
 2.74502e+23	9.88e-01	1.21e-02	9.83e-06	3.68e-07	0.00e+00	0.00e+00	0.00e+00	0.00e+00
 2.75220e+23	9.88e-01	1.17e-02	9.66e-06	3.56e-07	0.00e+00	0.00e+00	0.00e+00	0.00e+00
 2.75945e+23	9.89e-01	1.14e-02	9.48e-06	3.45e-07	0.00e+00	0.00e+00	0.00e+00	0.00e+00
 2.76676e+23	9.89e-01	1.11e-02	9.31e-06	3.33e-07	0.00e+00	0.00e+00	0.00e+00	0.00e+00
 2.77413e+23	9.89e-01	1.08e-02	9.14e-06	3.22e-07	0.00e+00	0.00e+00	0.00e+00	0.00e+00
 2.78159e+23	9.89e-01	1.05e-02	8.97e-06	3.11e-07	0.00e+00	0.00e+00	0.00e+00	0.00e+00
 2.78912e+23	9.90e-01	1.03e-02	8.80e-06	3.00e-07	0.00e+00	0.00e+00	0.00e+00	0.00e+00
 2.79671e+23	9.90e-01	9.99e-03	8.63e-06	2.90e-07	0.00e+00	0.00e+00	0.00e+00	0.00e+00
 2.80436e+23	9.90e-01	9.72e-03	8.46e-06	2.80e-07	0.00e+00	0.00e+00	0.00e+00	0.00e+00
 2.81206e+23	9.91e-01	9.46e-03	8.29e-06	2.70e-07	0.00e+00	0.00e+00	0.00e+00	0.00e+00
 2.81982e+23	9.91e-01	9.20e-03	8.13e-06	2.60e-07	0.00e+00	0.00e+00	0.00e+00	0.00e+00
 2.82763e+23	9.91e-01	8.95e-03	7.97e-06	2.51e-07	0.00e+00	0.00e+00	0.00e+00	0.00e+00
 2.83550e+23	9.91e-01	8.70e-03	7.80e-06	2.42e-07	0.00e+00	0.00e+00	0.00e+00	0.00e+00
 2.84344e+23	9.92e-01	8.47e-03	7.65e-06	2.33e-07	0.00e+00	0.00e+00	0.00e+00	0.00e+00
 2.85144e+23	9.92e-01	8.23e-03	7.49e-06	2.24e-07	0.00e+00	0.00e+00	0.00e+00	0.00e+00
 2.85949e+23	9.92e-01	8.01e-03	7.33e-06	2.16e-07	0.00e+00	0.00e+00	0.00e+00	0.00e+00
 2.86760e+23	9.92e-01	7.79e-03	7.18e-06	2.08e-07	0.00e+00	0.00e+00	0.00e+00	0.00e+00
 2.87577e+23	9.92e-01	7.57e-03	7.02e-06	2.00e-07	0.00e+00	0.00e+00	0.00e+00	0.00e+00
 2.88408e+23	9.93e-01	7.35e-03	6.87e-06	1.92e-07	0.00e+00	0.00e+00	0.00e+00	0.00e+00
 2.89257e+23	9.93e-01	7.14e-03	6.71e-06	1.84e-07	0.00e+00	0.00e+00	0.00e+00	0.00e+00
 2.90118e+23	9.93e-01	6.93e-03	6.56e-06	1.76e-07	0.00e+00	0.00e+00	0.00e+00	0.00e+00
 2.90989e+23	9.93e-01	6.73e-03	6.40e-06	1.69e-07	0.00e+00	0.00e+00	0.00e+00	0.00e+00
 2.91869e+23	9.93e-01	6.54e-03	6.25e-06	1.62e-07	0.00e+00	0.00e+00	0.00e+00	0.00e+00
 2.92758e+23	9.94e-01	6.34e-03	6.10e-06	1.55e-07	0.00e+00	0.00e+00	0.00e+00	0.00e+00
 2.93657e+23	9.94e-01	6.15e-03	5.95e-06	1.48e-07	0.00e+00	0.00e+00	0.00e+00	0.00e+00
 2.94567e+23	9.94e-01	5.97e-03	5.80e-06	1.42e-07	0.00e+00	0.00e+00	0.00e+00	0.00e+00
 2.95492e+23	9.94e-01	5.79e-03	5.65e-06	1.35e-07	0.00e+00	0.00e+00	0.00e+00	0.00e+00
 2.96431e+23	9.94e-01	5.61e-03	5.50e-06	1.29e-07	0.00e+00	0.00e+00	0.00e+00	0.00e+00
 2.97392e+23	9.95e-01	5.43e-03	5.35e-06	0.00e+00	0.00e+00	0.00e+00	0.00e+00	0.00e+00
 2.98378e+23	9.95e-01	5.25e-03	5.20e-06	0.00e+00	0.00e+00	0.00e+00	0.00e+00	0.00e+00
 2.99382e+23	9.95e-01	5.08e-03	5.05e-06	0.00e+00	0.00e+00	0.00e+00	0.00e+00	0.00e+00
 3.00405e+23	9.95e-01	4.91e-03	4.91e-06	0.00e+00	0.00e+00	0.00e+00	0.00e+00	0.00e+00
 3.01445e+23	9.95e-01	4.75e-03	4.76e-06	0.00e+00	0.00e+00	0.00e+00	0.00e+00	0.00e+00
 3.02504e+23	9.95e-01	4.58e-03	4.61e-06	0.00e+00	0.00e+00	0.00e+00	0.00e+00	0.00e+00
 3.03583e+23	9.96e-01	4.42e-03	4.46e-06	0.00e+00	0.00e+00	0.00e+00	0.00e+00	0.00e+00
 3.04685e+23	9.96e-01	4.26e-03	4.32e-06	0.00e+00	0.00e+00	0.00e+00	0.00e+00	0.00e+00
 3.05813e+23	9.96e-01	4.11e-03	4.17e-06	0.00e+00	0.00e+00	0.00e+00	0.00e+00	0.00e+00
 3.06970e+23	9.96e-01	3.95e-03	4.02e-06	0.00e+00	0.00e+00	0.00e+00	0.00e+00	0.00e+00
 3.08061e+23	9.96e-01	3.84e-03	3.90e-06	0.00e+00	0.00e+00	0.00e+00	0.00e+00	0.00e+00
