#depth	Ar	Ar+	Ar+2	Ar+3	Ar+4	Ar+5	Ar+6	Ar+7	Ar+8	Ar+9	Ar+10	Ar+11	Ar+12	Ar+13	Ar+14	Ar+15	Ar+16	Ar+17	Ar+18
 4.62852e+21	0.00e+00	1.42e-29	1.24e-24	1.76e-21	1.34e-18	4.03e-16	7.54e-14	1.00e-11	3.80e-09	2.22e-07	6.54e-06	9.49e-05	9.47e-04	4.98e-03	1.73e-02	6.42e-02	4.22e-01	3.79e-01	1.11e-01
 1.02184e+22	4.62e-33	3.90e-27	2.77e-22	2.44e-19	1.07e-16	1.79e-14	1.81e-12	2.21e-10	7.78e-08	3.86e-06	8.91e-05	9.39e-04	6.85e-03	2.38e-02	5.01e-02	1.14e-01	4.81e-01	2.73e-01	5.07e-02
 1.16606e+22	1.20e-31	9.08e-26	5.77e-21	3.88e-18	1.26e-15	1.51e-13	1.08e-11	9.53e-10	3.45e-07	1.62e-05	3.30e-04	2.92e-03	1.79e-02	4.94e-02	7.98e-02	1.39e-01	4.71e-01	2.09e-01	3.06e-02
 1.23816e+22	6.84e-31	4.85e-25	2.91e-20	1.67e-17	4.55e-15	4.52e-13	2.66e-11	1.95e-09	7.38e-07	3.38e-05	6.49e-04	5.20e-03	2.89e-02	7.04e-02	9.88e-02	1.49e-01	4.50e-01	1.75e-01	2.25e-02
 1.26821e+22	1.08e-30	7.52e-25	4.43e-20	2.44e-17	6.33e-15	5.98e-13	3.34e-11	2.33e-09	8.95e-07	4.09e-05	7.72e-04	6.02e-03	3.26e-02	7.69e-02	1.04e-01	1.51e-01	4.42e-01	1.66e-01	2.07e-02
 1.27804e+22	1.45e-30	1.00e-24	5.84e-20	3.12e-17	7.84e-15	7.16e-13	3.86e-11	2.61e-09	1.01e-06	4.62e-05	8.63e-04	6.62e-03	3.53e-02	8.14e-02	1.07e-01	1.52e-01	4.37e-01	1.61e-01	1.96e-02
 1.28684e+22	2.12e-30	1.44e-24	8.30e-20	4.28e-17	1.03e-14	9.02e-13	4.65e-11	3.02e-09	1.19e-06	5.40e-05	9.95e-04	7.46e-03	3.89e-02	8.74e-02	1.12e-01	1.53e-01	4.29e-01	1.53e-01	1.82e-02
 1.29579e+22	2.87e-30	1.93e-24	1.10e-19	5.50e-17	1.29e-14	1.08e-12	5.39e-11	3.39e-09	1.35e-06	6.12e-05	1.11e-03	8.21e-03	4.21e-02	9.24e-02	1.15e-01	1.54e-01	4.23e-01	1.48e-01	1.71e-02
 1.30495e+22	4.31e-30	2.86e-24	1.61e-19	7.70e-17	1.72e-14	1.38e-12	6.54e-11	3.93e-09	1.59e-06	7.21e-05	1.29e-03	9.31e-03	4.67e-02	9.93e-02	1.20e-01	1.54e-01	4.14e-01	1.40e-01	1.57e-02
 1.31412e+22	5.94e-30	3.90e-24	2.16e-19	1.00e-16	2.16e-14	1.67e-12	7.60e-11	4.42e-09	1.81e-06	8.19e-05	1.45e-03	1.03e-02	5.05e-02	1.05e-01	1.23e-01	1.55e-01	4.06e-01	1.34e-01	1.47e-02
 1.32329e+22	9.07e-30	5.86e-24	3.20e-19	1.42e-16	2.91e-14	2.14e-12	9.25e-11	5.13e-09	2.15e-06	9.69e-05	1.69e-03	1.17e-02	5.60e-02	1.13e-01	1.28e-01	1.55e-01	3.95e-01	1.26e-01	1.34e-02
 1.33243e+22	1.26e-29	8.02e-24	4.33e-19	1.85e-16	3.66e-14	2.59e-12	1.07e-10	5.74e-09	2.45e-06	1.10e-04	1.90e-03	1.29e-02	6.06e-02	1.19e-01	1.31e-01	1.55e-01	3.86e-01	1.20e-01	1.25e-02
 1.34024e+22	1.74e-29	1.10e-23	5.84e-19	2.41e-16	4.59e-14	3.12e-12	1.24e-10	6.40e-09	2.78e-06	1.25e-04	2.13e-03	1.41e-02	6.54e-02	1.25e-01	1.35e-01	1.54e-01	3.77e-01	1.15e-01	1.16e-02
 1.34909e+22	2.66e-29	1.65e-23	8.66e-19	3.41e-16	6.18e-14	3.98e-12	1.50e-10	7.37e-09	3.27e-06	1.47e-04	2.47e-03	1.60e-02	7.21e-02	1.34e-01	1.39e-01	1.54e-01	3.65e-01	1.07e-01	1.05e-02
 1.35790e+22	3.69e-29	2.27e-23	1.17e-18	4.45e-16	7.74e-14	4.79e-12	1.73e-10	8.20e-09	3.70e-06	1.66e-04	2.76e-03	1.75e-02	7.76e-02	1.41e-01	1.42e-01	1.53e-01	3.55e-01	1.02e-01	9.72e-03
 1.36663e+22	5.70e-29	3.44e-23	1.75e-18	6.32e-16	1.04e-13	6.11e-12	2.09e-10	9.41e-09	4.36e-06	1.95e-04	3.20e-03	1.98e-02	8.53e-02	1.50e-01	1.46e-01	1.51e-01	3.42e-01	9.47e-02	8.75e-03
 1.37507e+22	7.76e-29	4.63e-23	2.32e-18	8.10e-16	1.29e-13	7.25e-12	2.38e-10	1.04e-08	4.88e-06	2.19e-04	3.54e-03	2.15e-02	9.11e-02	1.56e-01	1.48e-01	1.50e-01	3.32e-01	8.98e-02	8.10e-03
 1.38311e+22	1.17e-28	6.89e-23	3.40e-18	1.13e-15	1.70e-13	9.09e-12	2.83e-10	1.17e-08	5.67e-06	2.54e-04	4.05e-03	2.40e-02	9.92e-02	1.65e-01	1.51e-01	1.48e-01	3.18e-01	8.34e-02	7.29e-03
 1.39119e+22	1.62e-28	9.37e-23	4.56e-18	1.46e-15	2.11e-13	1.08e-11	3.23e-10	1.29e-08	6.35e-06	2.85e-04	4.48e-03	2.61e-02	1.06e-01	1.71e-01	1.53e-01	1.46e-01	3.08e-01	7.86e-02	6.70e-03
 1.39933e+22	2.46e-28	1.40e-22	6.69e-18	2.03e-15	2.80e-13	1.36e-11	3.83e-10	1.47e-08	7.36e-06	3.29e-04	5.11e-03	2.90e-02	1.15e-01	1.80e-01	1.56e-01	1.43e-01	2.94e-01	7.25e-02	5.99e-03
 1.40759e+22	3.41e-28	1.92e-22	9.03e-18	2.63e-15	3.48e-13	1.62e-11	4.38e-10	1.62e-08	8.24e-06	3.69e-04	5.65e-03	3.14e-02	1.22e-01	1.87e-01	1.57e-01	1.40e-01	2.83e-01	6.80e-02	5.47e-03
 1.41603e+22	5.25e-28	2.90e-22	1.34e-17	3.70e-15	4.64e-13	2.04e-11	5.22e-10	1.83e-08	9.54e-06	4.27e-04	6.43e-03	3.49e-02	1.32e-01	1.96e-01	1.59e-01	1.37e-01	2.68e-01	6.23e-02	4.84e-03
 1.42465e+22	7.42e-28	4.04e-22	1.83e-17	4.86e-15	5.83e-13	2.46e-11	6.01e-10	2.03e-08	1.07e-05	4.78e-04	7.11e-03	3.78e-02	1.40e-01	2.03e-01	1.60e-01	1.34e-01	2.56e-01	5.79e-02	4.38e-03
 1.43228e+22	1.04e-27	5.59e-22	2.50e-17	6.35e-15	7.30e-13	2.95e-11	6.89e-10	2.24e-08	1.20e-05	5.34e-04	7.84e-03	4.08e-02	1.48e-01	2.09e-01	1.60e-01	1.31e-01	2.45e-01	5.38e-02	3.96e-03
 1.44065e+22	1.58e-27	8.32e-22	3.65e-17	8.79e-15	9.58e-13	3.67e-11	8.14e-10	2.53e-08	1.37e-05	6.09e-04	8.80e-03	4.47e-02	1.58e-01	2.17e-01	1.61e-01	1.27e-01	2.31e-01	4.91e-02	3.50e-03
 1.44912e+22	2.24e-27	1.16e-21	5.00e-17	1.15e-14	1.20e-12	4.41e-11	9.36e-10	2.80e-08	1.53e-05	6.79e-04	9.67e-03	4.82e-02	1.67e-01	2.23e-01	1.61e-01	1.23e-01	2.19e-01	4.53e-02	3.14e-03
 1.45755e+22	3.36e-27	1.71e-21	7.23e-17	1.58e-14	1.57e-12	5.47e-11	1.10e-09	3.15e-08	1.73e-05	7.68e-04	1.08e-02	5.24e-02	1.77e-01	2.30e-01	1.60e-01	1.19e-01	2.06e-01	4.12e-02	2.77e-03
 1.46612e+22	4.79e-27	2.40e-21	9.95e-17	2.08e-14	1.98e-12	6.59e-11	1.27e-09	3.50e-08	1.93e-05	8.53e-04	1.18e-02	5.63e-02	1.86e-01	2.35e-01	1.60e-01	1.15e-01	1.95e-01	3.79e-02	2.47e-03
 1.47475e+22	7.19e-27	3.54e-21	1.44e-16	2.86e-14	2.58e-12	8.17e-11	1.50e-09	3.94e-08	2.18e-05	9.61e-04	1.31e-02	6.09e-02	1.97e-01	2.41e-01	1.58e-01	1.11e-01	1.82e-01	3.43e-02	2.16e-03
 1.48352e+22	1.03e-26	4.99e-21	1.99e-16	3.78e-14	3.26e-12	9.88e-11	1.73e-09	4.39e-08	2.42e-05	1.06e-03	1.43e-02	6.51e-02	2.06e-01	2.46e-01	1.57e-01	1.06e-01	1.72e-01	3.13e-02	1.92e-03
 1.49233e+22	1.53e-26	7.28e-21	2.84e-16	5.13e-14	4.21e-12	1.22e-10	2.04e-09	4.95e-08	2.71e-05	1.19e-03	1.57e-02	7.00e-02	2.16e-01	2.50e-01	1.55e-01	1.02e-01	1.60e-01	2.83e-02	1.68e-03
 1.50113e+22	2.15e-26	1.00e-20	3.84e-16	6.65e-14	5.25e-12	1.46e-10	2.34e-09	5.50e-08	2.99e-05	1.31e-03	1.70e-02	7.43e-02	2.24e-01	2.54e-01	1.53e-01	9.82e-02	1.51e-01	2.59e-02	1.49e-03
 1.51035e+22	3.29e-26	1.51e-20	5.62e-16	9.22e-14	6.92e-12	1.83e-10	2.79e-09	6.26e-08	3.37e-05	1.46e-03	1.87e-02	7.98e-02	2.35e-01	2.58e-01	1.50e-01	9.33e-02	1.39e-01	2.31e-02	1.29e-03
 1.51961e+22	4.60e-26	2.07e-20	7.59e-16	1.19e-13	8.61e-12	2.19e-10	3.21e-09	6.97e-08	3.70e-05	1.60e-03	2.01e-02	8.43e-02	2.43e-01	2.60e-01	1.48e-01	8.95e-02	1.31e-01	2.11e-02	1.14e-03
 1.52892e+22	6.89e-26	3.04e-20	1.09e-15	1.62e-13	1.12e-11	2.72e-10	3.81e-09	7.92e-08	4.14e-05	1.78e-03	2.19e-02	8.99e-02	2.53e-01	2.63e-01	1.45e-01	8.50e-02	1.21e-01	1.88e-02	9.88e-04
 1.53858e+22	9.75e-26	4.22e-20	1.48e-15	2.12e-13	1.40e-11	3.28e-10	4.42e-09	8.87e-08	4.56e-05	1.94e-03	2.36e-02	9.49e-02	2.61e-01	2.65e-01	1.42e-01	8.12e-02	1.13e-01	1.71e-02	8.69e-04
 1.54852e+22	1.46e-25	6.19e-20	2.12e-15	2.88e-13	1.82e-11	4.08e-10	5.25e-09	1.01e-07	5.09e-05	2.15e-03	2.57e-02	1.01e-01	2.70e-01	2.66e-01	1.38e-01	7.68e-02	1.04e-01	1.52e-02	7.47e-04
 1.55876e+22	2.07e-25	8.62e-20	2.89e-15	3.77e-13	2.29e-11	4.93e-10	6.12e-09	1.14e-07	5.61e-05	2.35e-03	2.76e-02	1.06e-01	2.78e-01	2.67e-01	1.35e-01	7.31e-02	9.67e-02	1.37e-02	6.54e-04
 1.56938e+22	3.12e-25	1.27e-19	4.15e-15	5.15e-13	2.99e-11	6.17e-10	7.32e-09	1.31e-07	6.28e-05	2.61e-03	2.99e-02	1.12e-01	2.87e-01	2.67e-01	1.31e-01	6.88e-02	8.86e-02	1.21e-02	5.58e-04
 1.58031e+22	4.44e-25	1.77e-19	5.66e-15	6.74e-13	3.77e-11	7.49e-10	8.56e-09	1.48e-07	6.91e-05	2.84e-03	3.21e-02	1.18e-01	2.94e-01	2.67e-01	1.27e-01	6.52e-02	8.20e-02	1.09e-02	4.86e-04
 1.59169e+22	6.70e-25	2.61e-19	8.12e-15	9.21e-13	4.93e-11	9.41e-10	1.03e-08	1.71e-07	7.75e-05	3.14e-03	3.47e-02	1.25e-01	3.02e-01	2.66e-01	1.23e-01	6.11e-02	7.48e-02	9.54e-03	4.12e-04
 1.60340e+22	9.50e-25	3.63e-19	1.10e-14	1.20e-12	6.20e-11	1.14e-09	1.21e-08	1.94e-07	8.55e-05	3.43e-03	3.71e-02	1.30e-01	3.09e-01	2.65e-01	1.19e-01	5.78e-02	6.90e-02	8.53e-03	3.57e-04
 1.61579e+22	1.46e-24	5.46e-19	1.61e-14	1.67e-12	8.24e-11	1.45e-09	1.47e-08	2.27e-07	9.65e-05	3.80e-03	4.02e-02	1.38e-01	3.17e-01	2.63e-01	1.14e-01	5.37e-02	6.23e-02	7.41e-03	2.99e-04
 1.62823e+22	2.05e-24	7.48e-19	2.16e-14	2.15e-12	1.03e-10	1.76e-09	1.71e-08	2.56e-07	1.06e-04	4.13e-03	4.28e-02	1.43e-01	3.23e-01	2.61e-01	1.11e-01	5.07e-02	5.75e-02	6.63e-03	2.59e-04
 1.64090e+22	3.13e-24	1.12e-18	3.12e-14	2.97e-12	1.36e-10	2.23e-09	2.09e-08	3.00e-07	1.20e-04	4.57e-03	4.62e-02	1.51e-01	3.29e-01	2.58e-01	1.06e-01	4.70e-02	5.18e-02	5.75e-03	2.16e-04
 1.65385e+22	4.37e-24	1.53e-18	4.18e-14	3.83e-12	1.69e-10	2.70e-09	2.44e-08	3.40e-07	1.32e-04	4.95e-03	4.90e-02	1.57e-01	3.34e-01	2.56e-01	1.02e-01	4.43e-02	4.76e-02	5.12e-03	1.87e-04
 1.66506e+22	5.93e-24	2.03e-18	5.45e-14	4.82e-12	2.07e-10	3.21e-09	2.82e-08	3.81e-07	1.44e-04	5.32e-03	5.17e-02	1.62e-01	3.39e-01	2.53e-01	9.83e-02	4.18e-02	4.40e-02	4.60e-03	1.63e-04
 1.67750e+22	8.76e-24	2.93e-18	7.63e-14	6.47e-12	2.68e-10	4.00e-09	3.39e-08	4.42e-07	1.61e-04	5.84e-03	5.53e-02	1.69e-01	3.44e-01	2.49e-01	9.38e-02	3.88e-02	3.98e-02	4.01e-03	1.37e-04
 1.69008e+22	1.18e-23	3.88e-18	9.89e-14	8.12e-12	3.27e-10	4.75e-09	3.91e-08	4.96e-07	1.75e-04	6.27e-03	5.83e-02	1.75e-01	3.48e-01	2.45e-01	9.03e-02	3.66e-02	3.67e-02	3.60e-03	1.20e-04
 1.70286e+22	1.75e-23	5.59e-18	1.38e-13	1.09e-11	4.23e-10	5.93e-09	4.70e-08	5.76e-07	1.96e-04	6.87e-03	6.22e-02	1.82e-01	3.52e-01	2.41e-01	8.59e-02	3.39e-02	3.30e-02	3.12e-03	1.00e-04
 1.71581e+22	2.34e-23	7.34e-18	1.78e-13	1.36e-11	5.14e-10	7.02e-09	5.41e-08	6.46e-07	2.14e-04	7.36e-03	6.54e-02	1.88e-01	3.55e-01	2.37e-01	8.25e-02	3.19e-02	3.05e-02	2.80e-03	8.75e-05
 1.72722e+22	3.13e-23	9.63e-18	2.28e-13	1.69e-11	6.23e-10	8.30e-09	6.23e-08	7.24e-07	2.33e-04	7.88e-03	6.86e-02	1.93e-01	3.57e-01	2.33e-01	7.93e-02	3.00e-02	2.81e-02	2.51e-03	7.63e-05
 1.74028e+22	4.54e-23	1.36e-17	3.14e-13	2.24e-11	7.98e-10	1.03e-08	7.46e-08	8.38e-07	2.60e-04	8.59e-03	7.30e-02	2.00e-01	3.60e-01	2.28e-01	7.51e-02	2.77e-02	2.53e-02	2.18e-03	6.38e-05
 1.75329e+22	5.99e-23	1.77e-17	3.98e-13	2.75e-11	9.59e-10	1.21e-08	8.53e-08	9.35e-07	2.83e-04	9.17e-03	7.63e-02	2.05e-01	3.62e-01	2.23e-01	7.21e-02	2.61e-02	2.33e-02	1.96e-03	5.59e-05
 1.76623e+22	8.44e-23	2.43e-17	5.33e-13	3.57e-11	1.21e-09	1.48e-08	1.01e-07	1.07e-06	3.14e-04	9.94e-03	8.07e-02	2.12e-01	3.64e-01	2.18e-01	6.84e-02	2.42e-02	2.11e-02	1.71e-03	4.72e-05
 1.77960e+22	1.13e-22	3.18e-17	6.82e-13	4.43e-11	1.46e-09	1.75e-08	1.16e-07	1.21e-06	3.43e-04	1.06e-02	8.45e-02	2.18e-01	3.65e-01	2.13e-01	6.53e-02	2.27e-02	1.93e-02	1.52e-03	4.09e-05
 1.79350e+22	1.64e-22	4.50e-17	9.37e-13	5.86e-11	1.87e-09	2.17e-08	1.40e-07	1.40e-06	3.83e-04	1.16e-02	8.95e-02	2.25e-01	3.66e-01	2.07e-01	6.15e-02	2.08e-02	1.73e-02	1.31e-03	3.39e-05
 1.80738e+22	2.14e-22	5.78e-17	1.18e-12	7.17e-11	2.24e-09	2.54e-08	1.60e-07	1.56e-06	4.16e-04	1.23e-02	9.34e-02	2.30e-01	3.66e-01	2.02e-01	5.87e-02	1.95e-02	1.59e-02	1.17e-03	2.96e-05
 1.82122e+22	3.06e-22	8.06e-17	1.59e-12	9.37e-11	2.85e-09	3.13e-08	1.91e-07	1.81e-06	4.64e-04	1.34e-02	9.86e-02	2.36e-01	3.66e-01	1.96e-01	5.52e-02	1.79e-02	1.42e-02	1.01e-03	2.46e-05
 1.83533e+22	4.02e-22	1.04e-16	2.01e-12	1.15e-10	3.42e-09	3.68e-08	2.19e-07	2.02e-06	5.05e-04	1.43e-02	1.03e-01	2.42e-01	3.66e-01	1.91e-01	5.26e-02	1.68e-02	1.30e-02	9.03e-04	2.14e-05
 1.84772e+22	5.24e-22	1.33e-16	2.51e-12	1.40e-10	4.08e-09	4.30e-08	2.50e-07	2.26e-06	5.49e-04	1.52e-02	1.07e-01	2.47e-01	3.66e-01	1.87e-01	5.01e-02	1.57e-02	1.20e-02	8.07e-04	1.86e-05
 1.86177e+22	7.39e-22	1.82e-16	3.35e-12	1.81e-10	5.14e-09	5.26e-08	2.96e-07	2.60e-06	6.10e-04	1.64e-02	1.13e-01	2.53e-01	3.64e-01	1.80e-01	4.70e-02	1.44e-02	1.07e-02	6.96e-04	1.55e-05
 1.87577e+22	9.43e-22	2.29e-16	4.12e-12	2.18e-10	6.06e-09	6.09e-08	3.35e-07	2.88e-06	6.59e-04	1.74e-02	1.17e-01	2.57e-01	3.63e-01	1.76e-01	4.49e-02	1.35e-02	9.85e-03	6.26e-04	1.36e-05
 1.88971e+22	1.32e-21	3.12e-16	5.47e-12	2.80e-10	7.58e-09	7.42e-08	3.97e-07	3.31e-06	7.31e-04	1.87e-02	1.23e-01	2.63e-01	3.61e-01	1.69e-01	4.20e-02	1.24e-02	8.79e-03	5.40e-04	1.13e-05
 1.90386e+22	1.69e-21	3.92e-16	6.73e-12	3.37e-10	8.96e-09	8.59e-08	4.50e-07	3.67e-06	7.91e-04	1.98e-02	1.27e-01	2.68e-01	3.60e-01	1.65e-01	4.00e-02	1.16e-02	8.09e-03	4.84e-04	9.90e-06
 1.91827e+22	2.34e-21	5.29e-16	8.84e-12	4.30e-10	1.11e-08	1.04e-07	5.30e-07	4.21e-06	8.76e-04	2.14e-02	1.33e-01	2.73e-01	3.57e-01	1.59e-01	3.74e-02	1.06e-02	7.23e-03	4.18e-04	8.27e-06
 1.93317e+22	3.04e-21	6.75e-16	1.10e-11	5.25e-10	1.33e-08	1.22e-07	6.06e-07	4.70e-06	9.52e-04	2.27e-02	1.38e-01	2.78e-01	3.55e-01	1.54e-01	3.54e-02	9.87e-03	6.59e-03	3.71e-04	7.15e-06
 1.94872e+22	4.29e-21	9.29e-16	1.47e-11	6.79e-10	1.68e-08	1.50e-07	7.22e-07	5.44e-06	1.06e-03	2.45e-02	1.45e-01	2.83e-01	3.51e-01	1.47e-01	3.29e-02	8.96e-03	5.83e-03	3.17e-04	5.88e-06
 1.96453e+22	5.59e-21	1.19e-15	1.84e-11	8.29e-10	2.01e-08	1.75e-07	8.25e-07	6.08e-06	1.15e-03	2.60e-02	1.50e-01	2.87e-01	3.48e-01	1.42e-01	3.11e-02	8.31e-03	5.31e-03	2.80e-04	5.06e-06
 1.98067e+22	7.88e-21	1.63e-15	2.44e-11	1.07e-09	2.53e-08	2.15e-07	9.82e-07	7.03e-06	1.29e-03	2.81e-02	1.58e-01	2.93e-01	3.43e-01	1.36e-01	2.88e-02	7.53e-03	4.68e-03	2.38e-04	4.15e-06
 1.99738e+22	1.04e-20	2.11e-15	3.09e-11	1.32e-09	3.06e-08	2.54e-07	1.13e-06	7.91e-06	1.41e-03	2.99e-02	1.64e-01	2.97e-01	3.39e-01	1.31e-01	2.70e-02	6.94e-03	4.23e-03	2.09e-04	3.53e-06
 2.01482e+22	1.49e-20	2.93e-15	4.17e-11	1.73e-09	3.89e-08	3.14e-07	1.36e-06	9.21e-06	1.58e-03	3.24e-02	1.71e-01	3.02e-01	3.34e-01	1.24e-01	2.49e-02	6.23e-03	3.69e-03	1.76e-04	2.86e-06
 2.03285e+22	2.00e-20	3.85e-15	5.33e-11	2.16e-09	4.75e-08	3.75e-07	1.58e-06	1.04e-05	1.73e-03	3.46e-02	1.78e-01	3.05e-01	3.29e-01	1.19e-01	2.32e-02	5.70e-03	3.31e-03	1.52e-04	2.41e-06
 2.05164e+22	2.94e-20	5.47e-15	7.32e-11	2.87e-09	6.14e-08	4.70e-07	1.92e-06	1.23e-05	1.95e-03	3.76e-02	1.87e-01	3.10e-01	3.22e-01	1.12e-01	2.11e-02	5.07e-03	2.86e-03	1.26e-04	1.91e-06
 2.07048e+22	3.92e-20	7.14e-15	9.31e-11	3.57e-09	7.46e-08	5.58e-07	2.22e-06	1.38e-05	2.14e-03	4.01e-02	1.94e-01	3.13e-01	3.17e-01	1.07e-01	1.97e-02	4.64e-03	2.55e-03	1.09e-04	1.61e-06
 2.08939e+22	5.69e-20	1.01e-14	1.27e-10	4.71e-09	9.59e-08	6.97e-07	2.68e-06	1.62e-05	2.40e-03	4.34e-02	2.02e-01	3.17e-01	3.10e-01	1.01e-01	1.79e-02	4.12e-03	2.20e-03	9.07e-05	1.28e-06
 2.10899e+22	7.80e-20	1.34e-14	1.65e-10	5.96e-09	1.19e-07	8.40e-07	3.15e-06	1.85e-05	2.65e-03	4.64e-02	2.10e-01	3.20e-01	3.03e-01	9.55e-02	1.65e-02	3.72e-03	1.94e-03	7.72e-05	1.05e-06
 2.12950e+22	1.16e-19	1.93e-14	2.28e-10	7.99e-09	1.54e-07	1.06e-06	3.84e-06	2.19e-05	3.00e-03	5.05e-02	2.20e-01	3.23e-01	2.95e-01	8.91e-02	1.49e-02	3.27e-03	1.66e-03	6.30e-05	8.22e-07
 2.15030e+22	1.60e-19	2.60e-14	2.98e-10	1.02e-08	1.92e-07	1.28e-06	4.52e-06	2.51e-05	3.32e-03	5.40e-02	2.28e-01	3.25e-01	2.88e-01	8.41e-02	1.36e-02	2.93e-03	1.45e-03	5.31e-05	6.69e-07
 2.16870e+22	2.20e-19	3.48e-14	3.86e-10	1.28e-08	2.37e-07	1.55e-06	5.31e-06	2.86e-05	3.66e-03	5.76e-02	2.36e-01	3.27e-01	2.80e-01	7.93e-02	1.25e-02	2.63e-03	1.27e-03	4.49e-05	5.45e-07
 2.18986e+22	3.33e-19	5.07e-14	5.41e-10	1.74e-08	3.12e-07	1.98e-06	6.54e-06	3.41e-05	4.16e-03	6.27e-02	2.46e-01	3.29e-01	2.70e-01	7.33e-02	1.11e-02	2.28e-03	1.06e-03	3.59e-05	4.16e-07
 2.20982e+22	4.37e-19	6.51e-14	6.76e-10	2.12e-08	3.74e-07	2.32e-06	7.50e-06	3.82e-05	4.53e-03	6.63e-02	2.53e-01	3.30e-01	2.64e-01	6.95e-02	1.03e-02	2.07e-03	9.43e-04	3.09e-05	3.47e-07
 2.22823e+22	6.28e-19	9.05e-14	9.05e-10	2.76e-08	4.75e-07	2.88e-06	9.01e-06	4.46e-05	5.06e-03	7.12e-02	2.62e-01	3.30e-01	2.55e-01	6.45e-02	9.21e-03	1.82e-03	8.03e-04	2.52e-05	2.72e-07
 2.24690e+22	8.27e-19	1.16e-13	1.13e-09	3.38e-08	5.70e-07	3.38e-06	1.03e-05	5.01e-05	5.51e-03	7.52e-02	2.69e-01	3.31e-01	2.48e-01	6.09e-02	8.48e-03	1.65e-03	7.10e-04	2.16e-05	2.25e-07
 2.26590e+22	1.21e-18	1.63e-13	1.53e-09	4.42e-08	7.30e-07	4.23e-06	1.25e-05	5.89e-05	6.18e-03	8.10e-02	2.78e-01	3.30e-01	2.38e-01	5.61e-02	7.53e-03	1.43e-03	5.96e-04	1.73e-05	1.73e-07
 2.28493e+22	1.60e-18	2.11e-13	1.91e-09	5.41e-08	8.79e-07	4.99e-06	1.44e-05	6.64e-05	6.74e-03	8.56e-02	2.85e-01	3.30e-01	2.31e-01	5.27e-02	6.89e-03	1.28e-03	5.23e-04	1.47e-05	1.42e-07
 2.30400e+22	2.32e-18	2.95e-13	2.56e-09	7.05e-08	1.12e-06	6.24e-06	1.75e-05	7.83e-05	7.58e-03	9.21e-02	2.95e-01	3.29e-01	2.21e-01	4.83e-02	6.08e-03	1.11e-03	4.36e-04	1.17e-05	0.00e+00
 2.32328e+22	3.09e-18	3.82e-13	3.21e-09	8.65e-08	1.36e-06	7.40e-06	2.03e-05	8.86e-05	8.28e-03	9.73e-02	3.02e-01	3.27e-01	2.13e-01	4.51e-02	5.52e-03	9.89e-04	3.79e-04	9.79e-06	0.00e+00
 2.34283e+22	4.51e-18	5.35e-13	4.30e-09	1.13e-07	1.74e-06	9.28e-06	2.47e-05	1.05e-04	9.33e-03	1.05e-01	3.11e-01	3.25e-01	2.03e-01	4.10e-02	4.83e-03	8.46e-04	3.12e-04	7.68e-06	0.00e+00
 2.36263e+22	6.07e-18	6.96e-13	5.39e-09	1.39e-07	2.12e-06	1.11e-05	2.88e-05	1.20e-04	1.03e-02	1.11e-01	3.18e-01	3.23e-01	1.95e-01	3.80e-02	4.34e-03	7.46e-04	2.67e-04	6.33e-06	0.00e+00
 2.38276e+22	8.90e-18	9.77e-13	7.20e-09	1.81e-07	2.73e-06	1.40e-05	3.53e-05	1.43e-04	1.16e-02	1.19e-01	3.27e-01	3.19e-01	1.84e-01	3.42e-02	3.75e-03	6.30e-04	2.17e-04	4.87e-06	0.00e+00
 2.40315e+22	1.20e-17	1.27e-12	9.01e-09	2.23e-07	3.33e-06	1.68e-05	4.14e-05	1.64e-04	1.28e-02	1.27e-01	3.34e-01	3.16e-01	1.75e-01	3.14e-02	3.33e-03	5.50e-04	1.84e-04	3.96e-06	0.00e+00
 2.42330e+22	1.73e-17	1.75e-12	1.18e-08	2.86e-07	4.25e-06	2.12e-05	5.06e-05	1.96e-04	1.45e-02	1.36e-01	3.43e-01	3.11e-01	1.64e-01	2.81e-02	2.86e-03	4.61e-04	1.48e-04	3.03e-06	0.00e+00
 2.44242e+22	2.23e-17	2.18e-12	1.42e-08	3.42e-07	5.05e-06	2.49e-05	5.83e-05	2.22e-04	1.58e-02	1.43e-01	3.48e-01	3.07e-01	1.57e-01	2.59e-02	2.56e-03	4.07e-04	1.27e-04	2.50e-06	0.00e+00
 2.46074e+22	3.10e-17	2.90e-12	1.80e-08	4.28e-07	6.31e-06	3.08e-05	7.03e-05	2.63e-04	1.77e-02	1.53e-01	3.55e-01	3.01e-01	1.47e-01	2.32e-02	2.20e-03	3.43e-04	1.03e-04	1.92e-06	0.00e+00
 2.47942e+22	4.00e-17	3.61e-12	2.16e-08	5.11e-07	7.54e-06	3.64e-05	8.15e-05	3.01e-04	1.94e-02	1.61e-01	3.60e-01	2.96e-01	1.39e-01	2.11e-02	1.95e-03	2.98e-04	8.66e-05	1.56e-06	0.00e+00
 2.49727e+22	5.34e-17	4.61e-12	2.64e-08	6.23e-07	9.22e-06	4.42e-05	9.68e-05	3.52e-04	2.16e-02	1.71e-01	3.66e-01	2.90e-01	1.30e-01	1.89e-02	1.68e-03	2.53e-04	7.07e-05	1.21e-06	0.00e+00
 2.51561e+22	6.91e-17	5.73e-12	3.15e-08	7.45e-07	1.11e-05	5.27e-05	1.13e-04	4.07e-04	2.38e-02	1.80e-01	3.71e-01	2.83e-01	1.22e-01	1.71e-02	1.47e-03	2.17e-04	5.85e-05	9.60e-07	0.00e+00
 2.53339e+22	8.92e-17	7.09e-12	3.74e-08	8.89e-07	1.33e-05	6.31e-05	1.33e-04	4.72e-04	2.64e-02	1.91e-01	3.75e-01	2.76e-01	1.15e-01	1.53e-02	1.27e-03	1.84e-04	4.81e-05	7.53e-07	0.00e+00
 2.55103e+22	1.13e-16	8.65e-12	4.38e-08	1.05e-06	1.58e-05	7.48e-05	1.55e-04	5.45e-04	2.90e-02	2.01e-01	3.78e-01	2.69e-01	1.07e-01	1.38e-02	1.10e-03	1.57e-04	3.97e-05	5.94e-07	0.00e+00
 2.56835e+22	1.43e-16	1.05e-11	5.09e-08	1.23e-06	1.88e-05	8.85e-05	1.80e-04	6.29e-04	3.19e-02	2.11e-01	3.81e-01	2.62e-01	9.98e-02	1.23e-02	9.55e-04	1.34e-04	3.26e-05	4.68e-07	0.00e+00
 2.58553e+22	1.78e-16	1.25e-11	5.86e-08	1.44e-06	2.22e-05	1.04e-04	2.08e-04	7.23e-04	3.51e-02	2.21e-01	3.83e-01	2.54e-01	9.29e-02	1.10e-02	8.27e-04	1.14e-04	2.69e-05	3.69e-07	0.00e+00
 2.60252e+22	2.20e-16	1.49e-11	6.70e-08	1.67e-06	2.60e-05	1.22e-04	2.40e-04	8.31e-04	3.85e-02	2.32e-01	3.85e-01	2.46e-01	8.63e-02	9.87e-03	7.16e-04	9.72e-05	2.21e-05	2.90e-07	0.00e+00
 2.61947e+22	2.70e-16	1.75e-11	7.61e-08	1.94e-06	3.05e-05	1.43e-04	2.76e-04	9.54e-04	4.21e-02	2.43e-01	3.86e-01	2.38e-01	8.01e-02	8.81e-03	6.19e-04	8.27e-05	1.82e-05	2.29e-07	0.00e+00
 2.63644e+22	3.30e-16	2.06e-11	8.60e-08	2.23e-06	3.56e-05	1.67e-04	3.17e-04	1.09e-03	4.60e-02	2.54e-01	3.86e-01	2.30e-01	7.41e-02	7.85e-03	5.34e-04	7.01e-05	1.49e-05	1.80e-07	0.00e+00
 2.65350e+22	4.02e-16	2.41e-11	9.70e-08	2.57e-06	4.15e-05	1.95e-04	3.64e-04	1.25e-03	5.03e-02	2.65e-01	3.86e-01	2.21e-01	6.85e-02	6.98e-03	4.59e-04	5.94e-05	1.22e-05	1.41e-07	0.00e+00
 2.67072e+22	4.88e-16	2.81e-11	1.09e-07	2.96e-06	4.83e-05	2.27e-04	4.16e-04	1.43e-03	5.49e-02	2.76e-01	3.84e-01	2.13e-01	6.31e-02	6.19e-03	3.95e-04	5.01e-05	9.97e-06	0.00e+00	0.00e+00
 2.68817e+22	5.93e-16	3.27e-11	1.23e-07	3.40e-06	5.62e-05	2.64e-04	4.75e-04	1.64e-03	5.98e-02	2.87e-01	3.83e-01	2.04e-01	5.80e-02	5.48e-03	3.38e-04	4.22e-05	8.12e-06	0.00e+00	0.00e+00
 2.70593e+22	7.20e-16	3.81e-11	1.38e-07	3.91e-06	6.54e-05	3.07e-04	5.43e-04	1.87e-03	6.52e-02	2.98e-01	3.80e-01	1.95e-01	5.31e-02	4.84e-03	2.89e-04	3.54e-05	6.59e-06	0.00e+00	0.00e+00
 2.72380e+22	8.71e-16	4.43e-11	1.55e-07	4.49e-06	7.58e-05	3.55e-04	6.17e-04	2.14e-03	7.08e-02	3.09e-01	3.77e-01	1.86e-01	4.87e-02	4.27e-03	2.47e-04	2.98e-05	5.36e-06	0.00e+00	0.00e+00
 2.74206e+22	1.06e-15	5.19e-11	1.74e-07	5.18e-06	8.82e-05	4.12e-04	7.03e-04	2.44e-03	7.70e-02	3.21e-01	3.73e-01	1.77e-01	4.43e-02	3.75e-03	2.10e-04	2.48e-05	4.32e-06	0.00e+00	0.00e+00
 2.76045e+22	1.29e-15	6.04e-11	1.96e-07	5.95e-06	1.02e-04	4.75e-04	7.95e-04	2.77e-03	8.32e-02	3.31e-01	3.68e-01	1.69e-01	4.05e-02	3.30e-03	1.80e-04	2.08e-05	3.51e-06	0.00e+00	0.00e+00
 2.77932e+22	1.58e-15	7.13e-11	2.23e-07	6.91e-06	1.19e-04	5.52e-04	9.05e-04	3.17e-03	9.04e-02	3.42e-01	3.63e-01	1.60e-01	3.67e-02	2.87e-03	1.51e-04	1.72e-05	2.80e-06	0.00e+00	0.00e+00
 2.79701e+22	1.87e-15	8.15e-11	2.48e-07	7.79e-06	1.34e-04	6.22e-04	1.00e-03	3.52e-03	9.63e-02	3.51e-01	3.58e-01	1.53e-01	3.39e-02	2.58e-03	1.32e-04	1.48e-05	2.35e-06	0.00e+00	0.00e+00
 2.81507e+22	2.32e-15	9.70e-11	2.84e-07	9.10e-06	1.57e-04	7.23e-04	1.14e-03	4.02e-03	1.04e-01	3.61e-01	3.51e-01	1.44e-01	3.05e-02	2.23e-03	1.11e-04	1.21e-05	1.86e-06	0.00e+00	0.00e+00
 2.83337e+22	2.77e-15	1.12e-10	3.18e-07	1.03e-05	1.78e-04	8.12e-04	1.25e-03	4.45e-03	1.11e-01	3.69e-01	3.46e-01	1.37e-01	2.81e-02	2.00e-03	9.67e-05	1.04e-05	1.56e-06	0.00e+00	0.00e+00
 2.85198e+22	3.49e-15	1.35e-10	3.70e-07	1.21e-05	2.08e-04	9.42e-04	1.42e-03	5.06e-03	1.20e-01	3.78e-01	3.38e-01	1.29e-01	2.52e-02	1.73e-03	8.10e-05	8.55e-06	1.23e-06	0.00e+00	0.00e+00
 2.87107e+22	4.21e-15	1.58e-10	4.19e-07	1.38e-05	2.36e-04	1.06e-03	1.57e-03	5.61e-03	1.27e-01	3.86e-01	3.32e-01	1.22e-01	2.31e-02	1.53e-03	7.01e-05	7.28e-06	1.02e-06	0.00e+00	0.00e+00
 2.89079e+22	5.39e-15	1.93e-10	4.94e-07	1.64e-05	2.78e-04	1.24e-03	1.77e-03	6.39e-03	1.37e-01	3.95e-01	3.23e-01	1.14e-01	2.05e-02	1.31e-03	5.81e-05	5.90e-06	7.98e-07	0.00e+00	0.00e+00
 2.91080e+22	6.60e-15	2.29e-10	5.66e-07	1.89e-05	3.17e-04	1.39e-03	1.95e-03	7.06e-03	1.45e-01	4.01e-01	3.15e-01	1.08e-01	1.87e-02	1.16e-03	5.02e-05	5.01e-06	6.60e-07	0.00e+00	0.00e+00
 2.93118e+22	8.58e-15	2.84e-10	6.77e-07	2.27e-05	3.74e-04	1.62e-03	2.21e-03	8.03e-03	1.56e-01	4.09e-01	3.05e-01	1.00e-01	1.66e-02	9.92e-04	4.13e-05	4.04e-06	5.13e-07	0.00e+00	0.00e+00
 2.95166e+22	1.06e-14	3.39e-10	7.83e-07	2.61e-05	4.25e-04	1.82e-03	2.42e-03	8.82e-03	1.64e-01	4.14e-01	2.98e-01	9.48e-02	1.51e-02	8.80e-04	3.58e-05	3.43e-06	4.25e-07	0.00e+00	0.00e+00
 2.97227e+22	1.39e-14	4.26e-10	9.47e-07	3.15e-05	5.02e-04	2.11e-03	2.73e-03	9.98e-03	1.76e-01	4.20e-01	2.87e-01	8.77e-02	1.34e-02	7.49e-04	2.94e-05	2.76e-06	3.30e-07	0.00e+00	0.00e+00
 2.99312e+22	1.73e-14	5.14e-10	1.11e-06	3.65e-05	5.72e-04	2.37e-03	2.99e-03	1.09e-02	1.85e-01	4.24e-01	2.79e-01	8.25e-02	1.22e-02	6.62e-04	2.54e-05	2.34e-06	2.73e-07	0.00e+00	0.00e+00
 3.01430e+22	2.31e-14	6.56e-10	1.36e-06	4.43e-05	6.78e-04	2.75e-03	3.36e-03	1.23e-02	1.97e-01	4.28e-01	2.69e-01	7.61e-02	1.07e-02	5.62e-04	2.09e-05	1.88e-06	2.11e-07	0.00e+00	0.00e+00
 3.03581e+22	2.91e-14	8.00e-10	1.60e-06	5.17e-05	7.75e-04	3.09e-03	3.67e-03	1.35e-02	2.06e-01	4.31e-01	2.60e-01	7.13e-02	9.68e-03	4.95e-04	1.79e-05	1.59e-06	1.73e-07	0.00e+00	0.00e+00
 3.05776e+22	3.95e-14	1.04e-09	2.00e-06	6.33e-05	9.21e-04	3.59e-03	4.12e-03	1.52e-02	2.19e-01	4.34e-01	2.49e-01	6.54e-02	8.47e-03	4.18e-04	1.46e-05	1.27e-06	1.34e-07	0.00e+00	0.00e+00
 3.08011e+22	5.06e-14	1.28e-09	2.39e-06	7.45e-05	1.06e-03	4.04e-03	4.51e-03	1.66e-02	2.29e-01	4.35e-01	2.40e-01	6.10e-02	7.62e-03	3.66e-04	1.25e-05	1.06e-06	0.00e+00	0.00e+00	0.00e+00
 3.10296e+22	6.98e-14	1.69e-09	3.02e-06	9.22e-05	1.26e-03	4.70e-03	5.07e-03	1.86e-02	2.43e-01	4.36e-01	2.29e-01	5.56e-02	6.63e-03	3.07e-04	1.01e-05	8.41e-07	0.00e+00	0.00e+00	0.00e+00
 3.12632e+22	9.09e-14	2.13e-09	3.67e-06	1.09e-04	1.46e-03	5.31e-03	5.55e-03	2.04e-02	2.54e-01	4.36e-01	2.20e-01	5.16e-02	5.93e-03	2.67e-04	8.56e-06	6.99e-07	0.00e+00	0.00e+00	0.00e+00
 3.14600e+22	1.15e-13	2.60e-09	4.36e-06	1.28e-04	1.65e-03	5.90e-03	6.01e-03	2.20e-02	2.63e-01	4.36e-01	2.12e-01	4.83e-02	5.36e-03	2.35e-04	7.38e-06	5.93e-07	0.00e+00	0.00e+00	0.00e+00
 3.16724e+22	1.56e-13	3.39e-09	5.46e-06	1.56e-04	1.95e-03	6.77e-03	6.65e-03	2.44e-02	2.76e-01	4.34e-01	2.01e-01	4.41e-02	4.69e-03	1.99e-04	6.06e-06	4.77e-07	0.00e+00	0.00e+00	0.00e+00
 3.18858e+22	1.98e-13	4.17e-09	6.52e-06	1.81e-04	2.21e-03	7.50e-03	7.19e-03	2.62e-02	2.85e-01	4.32e-01	1.94e-01	4.12e-02	4.25e-03	1.76e-04	5.24e-06	4.06e-07	0.00e+00	0.00e+00	0.00e+00
 3.21002e+22	2.70e-13	5.47e-09	8.21e-06	2.22e-04	2.60e-03	8.59e-03	7.94e-03	2.88e-02	2.98e-01	4.29e-01	1.84e-01	3.75e-02	3.71e-03	1.49e-04	4.30e-06	3.27e-07	0.00e+00	0.00e+00	0.00e+00
 3.23133e+22	3.42e-13	6.71e-09	9.79e-06	2.58e-04	2.94e-03	9.49e-03	8.54e-03	3.09e-02	3.07e-01	4.26e-01	1.76e-01	3.50e-02	3.35e-03	1.32e-04	3.72e-06	2.78e-07	0.00e+00	0.00e+00	0.00e+00
 3.25246e+22	4.66e-13	8.78e-09	1.23e-05	3.15e-04	3.45e-03	1.08e-02	9.39e-03	3.38e-02	3.19e-01	4.22e-01	1.67e-01	3.19e-02	2.93e-03	1.12e-04	3.06e-06	2.25e-07	0.00e+00	0.00e+00	0.00e+00
 3.27383e+22	5.94e-13	1.09e-08	1.48e-05	3.67e-04	3.90e-03	1.19e-02	1.01e-02	3.61e-02	3.28e-01	4.18e-01	1.60e-01	2.96e-02	2.64e-03	9.88e-05	2.64e-06	1.91e-07	0.00e+00	0.00e+00	0.00e+00
 3.29551e+22	8.14e-13	1.43e-08	1.87e-05	4.49e-04	4.58e-03	1.36e-02	1.11e-02	3.93e-02	3.39e-01	4.12e-01	1.51e-01	2.69e-02	2.30e-03	8.37e-05	2.17e-06	1.54e-07	0.00e+00	0.00e+00	0.00e+00
 3.31759e+22	1.05e-12	1.79e-08	2.27e-05	5.28e-04	5.21e-03	1.50e-02	1.20e-02	4.21e-02	3.48e-01	4.07e-01	1.43e-01	2.48e-02	2.06e-03	7.31e-05	1.85e-06	1.29e-07	0.00e+00	0.00e+00	0.00e+00
 3.34019e+22	1.46e-12	2.38e-08	2.91e-05	6.50e-04	6.15e-03	1.72e-02	1.31e-02	4.59e-02	3.59e-01	3.99e-01	1.34e-01	2.23e-02	1.78e-03	6.12e-05	1.50e-06	0.00e+00	0.00e+00	0.00e+00	0.00e+00
 3.36295e+22	1.89e-12	2.98e-08	3.52e-05	7.63e-04	6.98e-03	1.90e-02	1.41e-02	4.88e-02	3.68e-01	3.93e-01	1.28e-01	2.06e-02	1.59e-03	5.36e-05	1.29e-06	0.00e+00	0.00e+00	0.00e+00	0.00e+00
 3.38592e+22	2.65e-12	4.00e-08	4.53e-05	9.43e-04	8.24e-03	2.16e-02	1.55e-02	5.31e-02	3.78e-01	3.84e-01	1.19e-01	1.84e-02	1.36e-03	4.46e-05	1.04e-06	0.00e+00	0.00e+00	0.00e+00	0.00e+00
 3.40914e+22	3.43e-12	5.02e-08	5.51e-05	1.11e-03	9.35e-03	2.39e-02	1.66e-02	5.63e-02	3.86e-01	3.76e-01	1.13e-01	1.69e-02	1.21e-03	3.89e-05	8.82e-07	0.00e+00	0.00e+00	0.00e+00	0.00e+00
 3.43265e+22	4.83e-12	6.77e-08	7.13e-05	1.37e-03	1.10e-02	2.72e-02	1.82e-02	6.10e-02	3.95e-01	3.66e-01	1.04e-01	1.50e-02	1.03e-03	3.22e-05	7.07e-07	0.00e+00	0.00e+00	0.00e+00	0.00e+00
 3.45670e+22	6.33e-12	8.58e-08	8.73e-05	1.62e-03	1.26e-02	3.00e-02	1.96e-02	6.47e-02	4.02e-01	3.57e-01	9.83e-02	1.37e-02	9.10e-04	2.78e-05	5.96e-07	0.00e+00	0.00e+00	0.00e+00	0.00e+00
 3.48145e+22	9.06e-12	1.17e-07	1.14e-04	2.03e-03	1.49e-02	3.42e-02	2.14e-02	6.99e-02	4.10e-01	3.45e-01	9.03e-02	1.21e-02	7.66e-04	2.27e-05	4.71e-07	0.00e+00	0.00e+00	0.00e+00	0.00e+00
 3.50671e+22	1.20e-11	1.50e-07	1.41e-04	2.41e-03	1.70e-02	3.79e-02	2.30e-02	7.40e-02	4.15e-01	3.35e-01	8.44e-02	1.09e-02	6.70e-04	1.94e-05	3.93e-07	0.00e+00	0.00e+00	0.00e+00	0.00e+00
 3.53264e+22	1.74e-11	2.08e-07	1.86e-04	3.02e-03	2.03e-02	4.32e-02	2.52e-02	7.98e-02	4.21e-01	3.21e-01	7.68e-02	9.50e-03	5.57e-04	1.57e-05	3.06e-07	0.00e+00	0.00e+00	0.00e+00	0.00e+00
 3.55877e+22	2.31e-11	2.65e-07	2.30e-04	3.59e-03	2.31e-02	4.77e-02	2.69e-02	8.41e-02	4.24e-01	3.10e-01	7.14e-02	8.54e-03	4.84e-04	1.33e-05	2.54e-07	0.00e+00	0.00e+00	0.00e+00	0.00e+00
 3.58517e+22	3.34e-11	3.67e-07	3.03e-04	4.49e-03	2.74e-02	5.42e-02	2.94e-02	9.01e-02	4.28e-01	2.94e-01	6.44e-02	7.37e-03	4.00e-04	1.07e-05	1.96e-07	0.00e+00	0.00e+00	0.00e+00	0.00e+00
 3.61026e+22	4.31e-11	4.58e-07	3.67e-04	5.23e-03	3.08e-02	5.90e-02	3.11e-02	9.41e-02	4.29e-01	2.84e-01	5.99e-02	6.65e-03	3.49e-04	9.16e-06	1.64e-07	0.00e+00	0.00e+00	0.00e+00	0.00e+00
 3.63364e+22	5.86e-11	5.98e-07	4.60e-04	6.27e-03	3.54e-02	6.53e-02	3.33e-02	9.90e-02	4.29e-01	2.71e-01	5.47e-02	5.85e-03	2.96e-04	7.59e-06	1.32e-07	0.00e+00	0.00e+00	0.00e+00	0.00e+00
 3.65863e+22	7.80e-11	7.67e-07	5.68e-04	7.43e-03	4.02e-02	7.17e-02	3.54e-02	1.04e-01	4.28e-01	2.58e-01	5.01e-02	5.17e-03	2.53e-04	6.34e-06	0.00e+00	0.00e+00	0.00e+00	0.00e+00	0.00e+00
 3.68192e+22	1.02e-10	9.71e-07	6.94e-04	8.72e-03	4.52e-02	7.81e-02	3.75e-02	1.08e-01	4.26e-01	2.46e-01	4.59e-02	4.58e-03	2.17e-04	5.33e-06	0.00e+00	0.00e+00	0.00e+00	0.00e+00	0.00e+00
 3.70382e+22	1.31e-10	1.20e-06	8.34e-04	1.01e-02	5.04e-02	8.44e-02	3.94e-02	1.12e-01	4.22e-01	2.34e-01	4.23e-02	4.09e-03	1.88e-04	4.53e-06	0.00e+00	0.00e+00	0.00e+00	0.00e+00	0.00e+00
 3.72457e+22	1.67e-10	1.48e-06	9.95e-04	1.16e-02	5.59e-02	9.08e-02	4.12e-02	1.15e-01	4.18e-01	2.23e-01	3.89e-02	3.65e-03	1.63e-04	3.85e-06	0.00e+00	0.00e+00	0.00e+00	0.00e+00	0.00e+00
 3.74841e+22	2.27e-10	1.93e-06	1.24e-03	1.38e-02	6.35e-02	9.93e-02	4.36e-02	1.19e-01	4.12e-01	2.09e-01	3.48e-02	3.15e-03	1.35e-04	3.12e-06	0.00e+00	0.00e+00	0.00e+00	0.00e+00	0.00e+00
 3.77267e+22	2.90e-10	2.39e-06	1.49e-03	1.59e-02	7.04e-02	1.07e-01	4.55e-02	1.23e-01	4.05e-01	1.97e-01	3.17e-02	2.78e-03	1.16e-04	2.62e-06	0.00e+00	0.00e+00	0.00e+00	0.00e+00	0.00e+00
 3.79746e+22	3.93e-10	3.11e-06	1.86e-03	1.89e-02	7.96e-02	1.16e-01	4.79e-02	1.26e-01	3.96e-01	1.83e-01	2.81e-02	2.37e-03	9.52e-05	2.11e-06	0.00e+00	0.00e+00	0.00e+00	0.00e+00	0.00e+00
 3.82286e+22	5.11e-10	3.89e-06	2.24e-03	2.18e-02	8.83e-02	1.24e-01	4.98e-02	1.29e-01	3.86e-01	1.71e-01	2.52e-02	2.06e-03	7.99e-05	1.73e-06	0.00e+00	0.00e+00	0.00e+00	0.00e+00	0.00e+00
 3.84527e+22	6.51e-10	4.80e-06	2.67e-03	2.49e-02	9.71e-02	1.32e-01	5.16e-02	1.31e-01	3.76e-01	1.59e-01	2.27e-02	1.79e-03	6.76e-05	1.44e-06	0.00e+00	0.00e+00	0.00e+00	0.00e+00	0.00e+00
 3.87060e+22	8.76e-10	6.18e-06	3.29e-03	2.93e-02	1.09e-01	1.42e-01	5.37e-02	1.34e-01	3.62e-01	1.46e-01	1.98e-02	1.50e-03	5.47e-05	1.14e-06	0.00e+00	0.00e+00	0.00e+00	0.00e+00	0.00e+00
 3.89708e+22	1.14e-09	7.74e-06	3.97e-03	3.37e-02	1.20e-01	1.51e-01	5.53e-02	1.35e-01	3.49e-01	1.34e-01	1.75e-02	1.28e-03	4.50e-05	9.17e-07	0.00e+00	0.00e+00	0.00e+00	0.00e+00	0.00e+00
 3.92113e+22	1.46e-09	9.55e-06	4.72e-03	3.84e-02	1.31e-01	1.60e-01	5.68e-02	1.36e-01	3.35e-01	1.23e-01	1.54e-02	1.09e-03	3.72e-05	7.43e-07	0.00e+00	0.00e+00	0.00e+00	0.00e+00	0.00e+00
 3.94847e+22	1.98e-09	1.24e-05	5.84e-03	4.50e-02	1.45e-01	1.70e-01	5.84e-02	1.36e-01	3.16e-01	1.09e-01	1.31e-02	8.89e-04	2.91e-05	5.67e-07	0.00e+00	0.00e+00	0.00e+00	0.00e+00	0.00e+00
 3.97653e+22	2.57e-09	1.54e-05	7.00e-03	5.14e-02	1.58e-01	1.78e-01	5.94e-02	1.36e-01	2.99e-01	9.86e-02	1.13e-02	7.39e-04	2.34e-05	4.46e-07	0.00e+00	0.00e+00	0.00e+00	0.00e+00	0.00e+00
 4.00141e+22	3.27e-09	1.89e-05	8.26e-03	5.79e-02	1.71e-01	1.86e-01	6.02e-02	1.35e-01	2.83e-01	8.89e-02	9.78e-03	6.19e-04	1.90e-05	3.55e-07	0.00e+00	0.00e+00	0.00e+00	0.00e+00	0.00e+00
 4.02965e+22	4.40e-09	2.43e-05	1.01e-02	6.69e-02	1.87e-01	1.95e-01	6.09e-02	1.33e-01	2.62e-01	7.75e-02	8.11e-03	4.92e-04	1.45e-05	2.64e-07	0.00e+00	0.00e+00	0.00e+00	0.00e+00	0.00e+00
 4.05878e+22	5.67e-09	3.00e-05	1.20e-02	7.55e-02	2.01e-01	2.01e-01	6.11e-02	1.30e-01	2.43e-01	6.84e-02	6.84e-03	3.99e-04	1.13e-05	2.03e-07	0.00e+00	0.00e+00	0.00e+00	0.00e+00	0.00e+00
 4.08486e+22	7.18e-09	3.66e-05	1.40e-02	8.42e-02	2.14e-01	2.07e-01	6.11e-02	1.27e-01	2.26e-01	6.04e-02	5.80e-03	3.26e-04	8.98e-06	1.57e-07	0.00e+00	0.00e+00	0.00e+00	0.00e+00	0.00e+00
 4.11453e+22	9.61e-09	4.66e-05	1.70e-02	9.60e-02	2.31e-01	2.13e-01	6.07e-02	1.22e-01	2.04e-01	5.12e-02	4.66e-03	2.51e-04	6.63e-06	0.00e+00	0.00e+00	0.00e+00	0.00e+00	0.00e+00	0.00e+00
 4.14456e+22	1.22e-08	5.68e-05	1.99e-02	1.07e-01	2.44e-01	2.17e-01	5.99e-02	1.18e-01	1.86e-01	4.43e-02	3.86e-03	2.00e-04	5.10e-06	0.00e+00	0.00e+00	0.00e+00	0.00e+00	0.00e+00	0.00e+00
 4.17086e+22	1.53e-08	6.82e-05	2.29e-02	1.17e-01	2.56e-01	2.20e-01	5.90e-02	1.13e-01	1.70e-01	3.85e-02	3.21e-03	1.61e-04	3.96e-06	0.00e+00	0.00e+00	0.00e+00	0.00e+00	0.00e+00	0.00e+00
 4.20088e+22	2.01e-08	8.52e-05	2.73e-02	1.31e-01	2.70e-01	2.22e-01	5.76e-02	1.07e-01	1.50e-01	3.19e-02	2.53e-03	1.21e-04	2.87e-06	0.00e+00	0.00e+00	0.00e+00	0.00e+00	0.00e+00	0.00e+00
 4.23160e+22	2.53e-08	1.03e-04	3.15e-02	1.43e-01	2.82e-01	2.22e-01	5.60e-02	1.01e-01	1.35e-01	2.71e-02	2.05e-03	9.43e-05	2.16e-06	0.00e+00	0.00e+00	0.00e+00	0.00e+00	0.00e+00	0.00e+00
 4.25894e+22	3.13e-08	1.22e-04	3.59e-02	1.55e-01	2.91e-01	2.22e-01	5.43e-02	9.58e-02	1.21e-01	2.30e-02	1.66e-03	7.40e-05	1.64e-06	0.00e+00	0.00e+00	0.00e+00	0.00e+00	0.00e+00	0.00e+00
 4.29019e+22	4.09e-08	1.51e-04	4.22e-02	1.71e-01	3.02e-01	2.20e-01	5.20e-02	8.86e-02	1.04e-01	1.86e-02	1.27e-03	5.40e-05	1.15e-06	0.00e+00	0.00e+00	0.00e+00	0.00e+00	0.00e+00	0.00e+00
 4.32213e+22	5.11e-08	1.81e-04	4.82e-02	1.85e-01	3.10e-01	2.17e-01	4.98e-02	8.24e-02	9.15e-02	1.54e-02	1.00e-03	4.10e-05	8.41e-07	0.00e+00	0.00e+00	0.00e+00	0.00e+00	0.00e+00	0.00e+00
 4.35040e+22	6.27e-08	2.13e-04	5.44e-02	1.98e-01	3.16e-01	2.13e-01	4.76e-02	7.66e-02	8.05e-02	1.28e-02	8.00e-04	3.15e-05	6.24e-07	0.00e+00	0.00e+00	0.00e+00	0.00e+00	0.00e+00	0.00e+00
 4.37805e+22	7.65e-08	2.49e-04	6.10e-02	2.11e-01	3.21e-01	2.09e-01	4.54e-02	7.11e-02	7.07e-02	1.07e-02	6.37e-04	2.42e-05	4.64e-07	0.00e+00	0.00e+00	0.00e+00	0.00e+00	0.00e+00	0.00e+00
 4.40947e+22	9.73e-08	3.01e-04	7.01e-02	2.26e-01	3.25e-01	2.02e-01	4.26e-02	6.43e-02	5.98e-02	8.42e-03	4.77e-04	1.73e-05	3.19e-07	0.00e+00	0.00e+00	0.00e+00	0.00e+00	0.00e+00	0.00e+00
 4.44125e+22	1.19e-07	3.52e-04	7.84e-02	2.39e-01	3.28e-01	1.96e-01	4.02e-02	5.89e-02	5.18e-02	6.87e-03	3.72e-04	1.30e-05	2.31e-07	0.00e+00	0.00e+00	0.00e+00	0.00e+00	0.00e+00	0.00e+00
 4.46885e+22	1.43e-07	4.06e-04	8.67e-02	2.52e-01	3.28e-01	1.90e-01	3.80e-02	5.40e-02	4.50e-02	5.66e-03	2.93e-04	9.90e-06	1.71e-07	0.00e+00	0.00e+00	0.00e+00	0.00e+00	0.00e+00	0.00e+00
 4.50011e+22	1.79e-07	4.83e-04	9.80e-02	2.66e-01	3.28e-01	1.82e-01	3.52e-02	4.83e-02	3.76e-02	4.41e-03	2.17e-04	6.99e-06	0.00e+00	0.00e+00	0.00e+00	0.00e+00	0.00e+00	0.00e+00	0.00e+00
 4.53210e+22	2.16e-07	5.58e-04	1.08e-01	2.78e-01	3.26e-01	1.74e-01	3.29e-02	4.37e-02	3.21e-02	3.55e-03	1.67e-04	5.18e-06	0.00e+00	0.00e+00	0.00e+00	0.00e+00	0.00e+00	0.00e+00	0.00e+00
 4.55950e+22	2.56e-07	6.35e-04	1.18e-01	2.89e-01	3.23e-01	1.67e-01	3.08e-02	3.97e-02	2.78e-02	2.91e-03	1.31e-04	3.93e-06	0.00e+00	0.00e+00	0.00e+00	0.00e+00	0.00e+00	0.00e+00	0.00e+00
 4.58960e+22	3.13e-07	7.40e-04	1.31e-01	3.01e-01	3.19e-01	1.59e-01	2.84e-02	3.53e-02	2.31e-02	2.27e-03	9.70e-05	2.80e-06	0.00e+00	0.00e+00	0.00e+00	0.00e+00	0.00e+00	0.00e+00	0.00e+00
 4.62044e+22	3.71e-07	8.41e-04	1.43e-01	3.11e-01	3.14e-01	1.51e-01	2.64e-02	3.18e-02	1.97e-02	1.83e-03	7.49e-05	2.08e-06	0.00e+00	0.00e+00	0.00e+00	0.00e+00	0.00e+00	0.00e+00	0.00e+00
 4.64795e+22	4.37e-07	9.49e-04	1.55e-01	3.20e-01	3.09e-01	1.44e-01	2.45e-02	2.86e-02	1.69e-02	1.48e-03	5.80e-05	1.56e-06	0.00e+00	0.00e+00	0.00e+00	0.00e+00	0.00e+00	0.00e+00	0.00e+00
 4.67271e+22	5.00e-07	1.05e-03	1.66e-01	3.27e-01	3.04e-01	1.38e-01	2.30e-02	2.62e-02	1.48e-02	1.24e-03	4.68e-05	1.22e-06	0.00e+00	0.00e+00	0.00e+00	0.00e+00	0.00e+00	0.00e+00	0.00e+00
 4.69482e+22	5.65e-07	1.15e-03	1.76e-01	3.33e-01	2.99e-01	1.32e-01	2.16e-02	2.40e-02	1.30e-02	1.04e-03	3.83e-05	9.73e-07	0.00e+00	0.00e+00	0.00e+00	0.00e+00	0.00e+00	0.00e+00	0.00e+00
 4.72022e+22	6.57e-07	1.28e-03	1.89e-01	3.39e-01	2.92e-01	1.25e-01	2.00e-02	2.16e-02	1.11e-02	8.42e-04	2.96e-05	7.29e-07	0.00e+00	0.00e+00	0.00e+00	0.00e+00	0.00e+00	0.00e+00	0.00e+00
 4.74647e+22	7.54e-07	1.42e-03	2.01e-01	3.45e-01	2.85e-01	1.19e-01	1.86e-02	1.95e-02	9.56e-03	6.90e-04	2.34e-05	5.58e-07	0.00e+00	0.00e+00	0.00e+00	0.00e+00	0.00e+00	0.00e+00	0.00e+00
 4.76964e+22	8.53e-07	1.55e-03	2.13e-01	3.50e-01	2.78e-01	1.13e-01	1.74e-02	1.77e-02	8.35e-03	5.76e-04	1.89e-05	4.38e-07	0.00e+00	0.00e+00	0.00e+00	0.00e+00	0.00e+00	0.00e+00	0.00e+00
 4.79555e+22	9.95e-07	1.74e-03	2.28e-01	3.55e-01	2.70e-01	1.06e-01	1.60e-02	1.57e-02	7.01e-03	4.56e-04	1.43e-05	3.21e-07	0.00e+00	0.00e+00	0.00e+00	0.00e+00	0.00e+00	0.00e+00	0.00e+00
 4.82197e+22	1.13e-06	1.90e-03	2.41e-01	3.58e-01	2.62e-01	1.01e-01	1.48e-02	1.42e-02	6.06e-03	3.76e-04	1.14e-05	2.48e-07	0.00e+00	0.00e+00	0.00e+00	0.00e+00	0.00e+00	0.00e+00	0.00e+00
 4.84905e+22	1.32e-06	2.13e-03	2.58e-01	3.62e-01	2.52e-01	9.39e-02	1.35e-02	1.24e-02	5.03e-03	2.93e-04	8.52e-06	1.78e-07	0.00e+00	0.00e+00	0.00e+00	0.00e+00	0.00e+00	0.00e+00	0.00e+00
 4.87635e+22	1.49e-06	2.32e-03	2.72e-01	3.64e-01	2.45e-01	8.87e-02	1.25e-02	1.12e-02	4.33e-03	2.40e-04	6.75e-06	1.37e-07	0.00e+00	0.00e+00	0.00e+00	0.00e+00	0.00e+00	0.00e+00	0.00e+00
 4.90394e+22	1.73e-06	2.58e-03	2.90e-01	3.66e-01	2.34e-01	8.23e-02	1.13e-02	9.77e-03	3.57e-03	1.87e-04	5.01e-06	0.00e+00	0.00e+00	0.00e+00	0.00e+00	0.00e+00	0.00e+00	0.00e+00	0.00e+00
 4.93191e+22	1.96e-06	2.81e-03	3.04e-01	3.67e-01	2.26e-01	7.73e-02	1.04e-02	8.73e-03	3.06e-03	1.52e-04	3.93e-06	0.00e+00	0.00e+00	0.00e+00	0.00e+00	0.00e+00	0.00e+00	0.00e+00	0.00e+00
 4.96038e+22	2.28e-06	3.13e-03	3.23e-01	3.67e-01	2.15e-01	7.13e-02	9.38e-03	7.55e-03	2.50e-03	1.16e-04	2.88e-06	0.00e+00	0.00e+00	0.00e+00	0.00e+00	0.00e+00	0.00e+00	0.00e+00	0.00e+00
 4.98912e+22	2.57e-06	3.40e-03	3.39e-01	3.67e-01	2.07e-01	6.68e-02	8.61e-03	6.72e-03	2.13e-03	9.42e-05	2.25e-06	0.00e+00	0.00e+00	0.00e+00	0.00e+00	0.00e+00	0.00e+00	0.00e+00	0.00e+00
 5.01820e+22	2.98e-06	3.76e-03	3.58e-01	3.65e-01	1.96e-01	6.15e-02	7.74e-03	5.80e-03	1.74e-03	7.22e-05	1.66e-06	0.00e+00	0.00e+00	0.00e+00	0.00e+00	0.00e+00	0.00e+00	0.00e+00	0.00e+00
 5.04805e+22	3.39e-06	4.10e-03	3.75e-01	3.62e-01	1.87e-01	5.71e-02	7.03e-03	5.10e-03	1.46e-03	5.73e-05	1.27e-06	0.00e+00	0.00e+00	0.00e+00	0.00e+00	0.00e+00	0.00e+00	0.00e+00	0.00e+00
 5.07483e+22	3.82e-06	4.46e-03	3.92e-01	3.59e-01	1.79e-01	5.30e-02	6.40e-03	4.49e-03	1.23e-03	4.57e-05	9.74e-07	0.00e+00	0.00e+00	0.00e+00	0.00e+00	0.00e+00	0.00e+00	0.00e+00	0.00e+00
 5.10558e+22	4.44e-06	4.93e-03	4.14e-01	3.54e-01	1.68e-01	4.83e-02	5.69e-03	3.83e-03	9.89e-04	3.44e-05	7.01e-07	0.00e+00	0.00e+00	0.00e+00	0.00e+00	0.00e+00	0.00e+00	0.00e+00	0.00e+00
 5.13717e+22	5.04e-06	5.37e-03	4.32e-01	3.50e-01	1.59e-01	4.45e-02	5.13e-03	3.33e-03	8.21e-04	2.70e-05	5.29e-07	0.00e+00	0.00e+00	0.00e+00	0.00e+00	0.00e+00	0.00e+00	0.00e+00	0.00e+00
 5.16984e+22	5.94e-06	5.98e-03	4.55e-01	3.42e-01	1.48e-01	3.99e-02	4.48e-03	2.77e-03	6.43e-04	1.96e-05	3.66e-07	0.00e+00	0.00e+00	0.00e+00	0.00e+00	0.00e+00	0.00e+00	0.00e+00	0.00e+00
 5.20252e+22	6.69e-06	6.47e-03	4.73e-01	3.37e-01	1.40e-01	3.68e-02	4.05e-03	2.42e-03	5.35e-04	1.55e-05	2.79e-07	0.00e+00	0.00e+00	0.00e+00	0.00e+00	0.00e+00	0.00e+00	0.00e+00	0.00e+00
 5.22828e+22	7.40e-06	6.90e-03	4.87e-01	3.31e-01	1.34e-01	3.43e-02	3.71e-03	2.15e-03	4.59e-04	1.27e-05	2.21e-07	0.00e+00	0.00e+00	0.00e+00	0.00e+00	0.00e+00	0.00e+00	0.00e+00	0.00e+00
 5.25485e+22	8.32e-06	7.45e-03	5.05e-01	3.24e-01	1.26e-01	3.15e-02	3.34e-03	1.87e-03	3.81e-04	9.93e-06	1.67e-07	0.00e+00	0.00e+00	0.00e+00	0.00e+00	0.00e+00	0.00e+00	0.00e+00	0.00e+00
 5.28167e+22	9.14e-06	7.91e-03	5.19e-01	3.19e-01	1.20e-01	2.94e-02	3.06e-03	1.66e-03	3.28e-04	8.17e-06	1.34e-07	0.00e+00	0.00e+00	0.00e+00	0.00e+00	0.00e+00	0.00e+00	0.00e+00	0.00e+00
 5.30880e+22	1.03e-05	8.53e-03	5.37e-01	3.11e-01	1.13e-01	2.68e-02	2.74e-03	1.44e-03	2.70e-04	6.36e-06	0.00e+00	0.00e+00	0.00e+00	0.00e+00	0.00e+00	0.00e+00	0.00e+00	0.00e+00	0.00e+00
 5.33621e+22	1.13e-05	9.08e-03	5.51e-01	3.04e-01	1.07e-01	2.49e-02	2.50e-03	1.27e-03	2.30e-04	5.18e-06	0.00e+00	0.00e+00	0.00e+00	0.00e+00	0.00e+00	0.00e+00	0.00e+00	0.00e+00	0.00e+00
 5.36399e+22	1.28e-05	9.80e-03	5.69e-01	2.95e-01	1.00e-01	2.26e-02	2.23e-03	1.09e-03	1.88e-04	3.99e-06	0.00e+00	0.00e+00	0.00e+00	0.00e+00	0.00e+00	0.00e+00	0.00e+00	0.00e+00	0.00e+00
 5.39188e+22	1.41e-05	1.04e-02	5.83e-01	2.88e-01	9.49e-02	2.10e-02	2.03e-03	9.65e-04	1.61e-04	3.26e-06	0.00e+00	0.00e+00	0.00e+00	0.00e+00	0.00e+00	0.00e+00	0.00e+00	0.00e+00	0.00e+00
