#depth	N	N+	N+2	N+3	N+4	N+5	N+6	N+7
 1.54284e+22	6.05e-25	6.09e-19	1.70e-14	5.62e-11	6.10e-08	2.12e-04	3.08e-02	9.69e-01
 3.50209e+22	1.42e-23	8.51e-18	1.43e-13	2.84e-10	1.79e-07	4.77e-04	4.69e-02	9.53e-01
 4.12672e+22	1.02e-22	4.46e-17	5.52e-13	7.93e-10	3.55e-07	7.65e-04	5.94e-02	9.40e-01
 4.43903e+22	3.25e-22	1.19e-16	1.23e-12	1.46e-09	5.34e-07	9.99e-04	6.76e-02	9.31e-01
 4.56916e+22	4.46e-22	1.56e-16	1.54e-12	1.73e-09	5.97e-07	1.07e-03	7.00e-02	9.29e-01
 4.61289e+22	5.57e-22	1.89e-16	1.80e-12	1.95e-09	6.46e-07	1.13e-03	7.16e-02	9.27e-01
 4.65359e+22	7.31e-22	2.38e-16	2.17e-12	2.25e-09	7.11e-07	1.20e-03	7.38e-02	9.25e-01
 4.69618e+22	9.39e-22	2.94e-16	2.58e-12	2.57e-09	7.77e-07	1.27e-03	7.58e-02	9.23e-01
 4.73351e+22	1.17e-21	3.55e-16	3.02e-12	2.89e-09	8.41e-07	1.33e-03	7.76e-02	9.21e-01
 4.77430e+22	1.58e-21	4.57e-16	3.71e-12	3.39e-09	9.34e-07	1.42e-03	8.00e-02	9.19e-01
 4.81571e+22	2.00e-21	5.60e-16	4.39e-12	3.85e-09	1.02e-06	1.50e-03	8.21e-02	9.16e-01
 4.85793e+22	2.73e-21	7.30e-16	5.46e-12	4.54e-09	1.14e-06	1.61e-03	8.48e-02	9.14e-01
 4.90078e+22	3.50e-21	9.03e-16	6.51e-12	5.19e-09	1.24e-06	1.70e-03	8.70e-02	9.11e-01
 4.94444e+22	4.87e-21	1.20e-15	8.20e-12	6.19e-09	1.40e-06	1.83e-03	9.00e-02	9.08e-01
 4.98823e+22	6.26e-21	1.48e-15	9.79e-12	7.09e-09	1.53e-06	1.93e-03	9.24e-02	9.06e-01
 5.03218e+22	8.75e-21	1.97e-15	1.24e-11	8.48e-09	1.72e-06	2.08e-03	9.57e-02	9.02e-01
 5.07508e+22	1.11e-20	2.41e-15	1.46e-11	9.62e-09	1.87e-06	2.19e-03	9.80e-02	9.00e-01
 5.11660e+22	1.51e-20	3.14e-15	1.82e-11	1.14e-08	2.09e-06	2.35e-03	1.01e-01	8.96e-01
 5.15895e+22	1.93e-20	3.88e-15	2.16e-11	1.30e-08	2.29e-06	2.48e-03	1.04e-01	8.94e-01
 5.20239e+22	2.65e-20	5.09e-15	2.71e-11	1.54e-08	2.57e-06	2.66e-03	1.07e-01	8.90e-01
 5.24648e+22	3.39e-20	6.28e-15	3.22e-11	1.76e-08	2.81e-06	2.81e-03	1.10e-01	8.87e-01
 5.29143e+22	4.65e-20	8.23e-15	4.03e-11	2.09e-08	3.16e-06	3.02e-03	1.14e-01	8.83e-01
 5.33741e+22	5.98e-20	1.02e-14	4.82e-11	2.39e-08	3.46e-06	3.20e-03	1.17e-01	8.80e-01
 5.38473e+22	8.26e-20	1.35e-14	6.06e-11	2.85e-08	3.90e-06	3.44e-03	1.21e-01	8.76e-01
 5.43304e+22	1.06e-19	1.67e-14	7.23e-11	3.27e-08	4.28e-06	3.64e-03	1.24e-01	8.72e-01
 5.48263e+22	1.46e-19	2.20e-14	9.09e-11	3.90e-08	4.82e-06	3.92e-03	1.28e-01	8.68e-01
 5.53215e+22	1.86e-19	2.70e-14	1.08e-10	4.44e-08	5.27e-06	4.15e-03	1.32e-01	8.64e-01
 5.58157e+22	2.53e-19	3.52e-14	1.35e-10	5.27e-08	5.92e-06	4.46e-03	1.36e-01	8.59e-01
 5.63207e+22	3.20e-19	4.30e-14	1.59e-10	5.99e-08	6.47e-06	4.71e-03	1.40e-01	8.56e-01
 5.68399e+22	4.33e-19	5.58e-14	1.97e-10	7.08e-08	7.26e-06	5.06e-03	1.44e-01	8.51e-01
 5.73478e+22	5.38e-19	6.73e-14	2.31e-10	7.99e-08	7.89e-06	5.33e-03	1.48e-01	8.47e-01
 5.78411e+22	7.14e-19	8.57e-14	2.82e-10	9.34e-08	8.79e-06	5.70e-03	1.52e-01	8.42e-01
 5.83423e+22	8.81e-19	1.03e-13	3.28e-10	1.05e-07	9.53e-06	6.00e-03	1.56e-01	8.38e-01
 5.88536e+22	1.16e-18	1.30e-13	4.00e-10	1.22e-07	1.06e-05	6.41e-03	1.60e-01	8.33e-01
 5.93783e+22	1.45e-18	1.57e-13	4.68e-10	1.38e-07	1.15e-05	6.76e-03	1.64e-01	8.29e-01
 5.99203e+22	1.91e-18	2.00e-13	5.72e-10	1.62e-07	1.29e-05	7.24e-03	1.69e-01	8.23e-01
 6.04524e+22	2.34e-18	2.38e-13	6.62e-10	1.81e-07	1.39e-05	7.60e-03	1.73e-01	8.19e-01
 6.09718e+22	3.06e-18	3.00e-13	8.02e-10	2.11e-07	1.55e-05	8.12e-03	1.78e-01	8.14e-01
 6.14962e+22	3.70e-18	3.53e-13	9.20e-10	2.35e-07	1.67e-05	8.51e-03	1.82e-01	8.10e-01
 6.20271e+22	4.80e-18	4.42e-13	1.11e-09	2.72e-07	1.85e-05	9.07e-03	1.87e-01	8.04e-01
 6.25687e+22	5.84e-18	5.23e-13	1.28e-09	3.04e-07	2.00e-05	9.53e-03	1.91e-01	7.99e-01
 6.31242e+22	7.59e-18	6.55e-13	1.54e-09	3.52e-07	2.22e-05	1.02e-02	1.97e-01	7.93e-01
 6.36898e+22	9.23e-18	7.76e-13	1.78e-09	3.94e-07	2.40e-05	1.07e-02	2.01e-01	7.88e-01
 6.42688e+22	1.20e-17	9.74e-13	2.15e-09	4.57e-07	2.67e-05	1.14e-02	2.07e-01	7.82e-01
 6.48587e+22	1.46e-17	1.15e-12	2.48e-09	5.12e-07	2.89e-05	1.20e-02	2.11e-01	7.77e-01
 6.54629e+22	1.90e-17	1.45e-12	3.01e-09	5.95e-07	3.21e-05	1.28e-02	2.17e-01	7.70e-01
 6.60534e+22	2.26e-17	1.68e-12	3.41e-09	6.57e-07	3.45e-05	1.34e-02	2.21e-01	7.65e-01
 6.66262e+22	2.91e-17	2.09e-12	4.08e-09	7.58e-07	3.81e-05	1.43e-02	2.27e-01	7.58e-01
 6.72083e+22	3.46e-17	2.42e-12	4.63e-09	8.37e-07	4.10e-05	1.49e-02	2.32e-01	7.53e-01
 6.78024e+22	4.40e-17	2.98e-12	5.51e-09	9.61e-07	4.52e-05	1.58e-02	2.38e-01	7.47e-01
 6.84151e+22	5.34e-17	3.52e-12	6.35e-09	1.07e-06	4.89e-05	1.66e-02	2.43e-01	7.41e-01
 6.90521e+22	6.78e-17	4.33e-12	7.55e-09	1.23e-06	5.40e-05	1.77e-02	2.49e-01	7.34e-01
 6.97103e+22	8.31e-17	5.17e-12	8.75e-09	1.39e-06	5.87e-05	1.86e-02	2.54e-01	7.27e-01
 7.03959e+22	1.07e-16	6.40e-12	1.05e-08	1.60e-06	6.50e-05	1.98e-02	2.61e-01	7.19e-01
 7.11006e+22	1.31e-16	7.67e-12	1.22e-08	1.81e-06	7.08e-05	2.09e-02	2.67e-01	7.12e-01
 7.18302e+22	1.69e-16	9.56e-12	1.47e-08	2.09e-06	7.87e-05	2.23e-02	2.74e-01	7.04e-01
 7.25845e+22	2.10e-16	1.15e-11	1.72e-08	2.38e-06	8.62e-05	2.36e-02	2.80e-01	6.96e-01
 7.33707e+22	2.75e-16	1.45e-11	2.09e-08	2.77e-06	9.62e-05	2.53e-02	2.88e-01	6.87e-01
 7.41766e+22	3.44e-16	1.76e-11	2.46e-08	3.16e-06	1.06e-04	2.68e-02	2.94e-01	6.79e-01
 7.48977e+22	4.24e-16	2.11e-11	2.86e-08	3.56e-06	1.15e-04	2.82e-02	3.00e-01	6.71e-01
 7.57249e+22	5.65e-16	2.71e-11	3.53e-08	4.21e-06	1.30e-04	3.04e-02	3.09e-01	6.61e-01
 7.65589e+22	6.96e-16	3.24e-11	4.11e-08	4.75e-06	1.42e-04	3.20e-02	3.15e-01	6.53e-01
 7.74018e+22	9.24e-16	4.14e-11	5.04e-08	5.60e-06	1.59e-04	3.44e-02	3.24e-01	6.42e-01
 7.82625e+22	1.16e-15	5.03e-11	5.95e-08	6.38e-06	1.75e-04	3.64e-02	3.31e-01	6.33e-01
 7.91465e+22	1.55e-15	6.47e-11	7.35e-08	7.56e-06	1.97e-04	3.92e-02	3.40e-01	6.21e-01
 8.00442e+22	1.96e-15	7.93e-11	8.73e-08	8.66e-06	2.17e-04	4.16e-02	3.47e-01	6.11e-01
 8.09600e+22	2.66e-15	1.03e-10	1.09e-07	1.04e-05	2.47e-04	4.49e-02	3.57e-01	5.98e-01
 8.18259e+22	3.25e-15	1.23e-10	1.26e-07	1.16e-05	2.69e-04	4.72e-02	3.63e-01	5.89e-01
 8.26269e+22	4.26e-15	1.55e-10	1.54e-07	1.36e-05	3.01e-04	5.05e-02	3.72e-01	5.78e-01
 8.34346e+22	5.20e-15	1.84e-10	1.78e-07	1.53e-05	3.27e-04	5.31e-02	3.78e-01	5.69e-01
 8.42510e+22	6.88e-15	2.35e-10	2.19e-07	1.81e-05	3.68e-04	5.69e-02	3.87e-01	5.56e-01
 8.50733e+22	8.48e-15	2.82e-10	2.55e-07	2.04e-05	4.01e-04	5.99e-02	3.93e-01	5.46e-01
 8.59033e+22	1.12e-14	3.59e-10	3.14e-07	2.42e-05	4.52e-04	6.43e-02	4.02e-01	5.33e-01
 8.67470e+22	1.39e-14	4.34e-10	3.68e-07	2.75e-05	4.95e-04	6.78e-02	4.09e-01	5.23e-01
 8.76086e+22	1.86e-14	5.59e-10	4.57e-07	3.27e-05	5.61e-04	7.29e-02	4.18e-01	5.08e-01
 8.84819e+22	2.33e-14	6.78e-10	5.38e-07	3.74e-05	6.17e-04	7.70e-02	4.25e-01	4.97e-01
 8.93705e+22	3.12e-14	8.76e-10	6.70e-07	4.47e-05	7.01e-04	8.29e-02	4.34e-01	4.82e-01
 9.02786e+22	3.95e-14	1.08e-09	8.00e-07	5.16e-05	7.77e-04	8.80e-02	4.41e-01	4.70e-01
 9.12122e+22	5.36e-14	1.41e-09	1.01e-06	6.23e-05	8.90e-04	9.50e-02	4.50e-01	4.54e-01
 9.21598e+22	6.81e-14	1.73e-09	1.21e-06	7.23e-05	9.90e-04	1.01e-01	4.57e-01	4.41e-01
 9.30970e+22	9.13e-14	2.24e-09	1.51e-06	8.70e-05	1.13e-03	1.09e-01	4.66e-01	4.24e-01
 9.39918e+22	1.12e-13	2.70e-09	1.77e-06	9.93e-05	1.24e-03	1.15e-01	4.71e-01	4.13e-01
 9.48596e+22	1.47e-13	3.42e-09	2.18e-06	1.18e-04	1.41e-03	1.23e-01	4.79e-01	3.97e-01
 9.57439e+22	1.82e-13	4.13e-09	2.57e-06	1.36e-04	1.56e-03	1.30e-01	4.84e-01	3.84e-01
 9.66082e+22	2.34e-13	5.16e-09	3.12e-06	1.60e-04	1.76e-03	1.39e-01	4.90e-01	3.69e-01
 9.74906e+22	2.89e-13	6.23e-09	3.70e-06	1.85e-04	1.95e-03	1.47e-01	4.95e-01	3.56e-01
 9.83513e+22	3.63e-13	7.64e-09	4.43e-06	2.16e-04	2.19e-03	1.56e-01	5.00e-01	3.42e-01
 9.92291e+22	4.48e-13	9.22e-09	5.25e-06	2.51e-04	2.44e-03	1.65e-01	5.04e-01	3.29e-01
 1.00100e+23	5.52e-13	1.12e-08	6.23e-06	2.91e-04	2.72e-03	1.75e-01	5.07e-01	3.15e-01
 1.00975e+23	6.74e-13	1.34e-08	7.35e-06	3.36e-04	3.03e-03	1.85e-01	5.10e-01	3.02e-01
 1.01840e+23	8.17e-13	1.59e-08	8.62e-06	3.88e-04	3.36e-03	1.95e-01	5.12e-01	2.89e-01
 1.02703e+23	9.84e-13	1.89e-08	1.01e-05	4.46e-04	3.73e-03	2.06e-01	5.14e-01	2.76e-01
 1.03569e+23	1.18e-12	2.23e-08	1.18e-05	5.11e-04	4.14e-03	2.17e-01	5.15e-01	2.63e-01
 1.04439e+23	1.40e-12	2.62e-08	1.37e-05	5.86e-04	4.58e-03	2.28e-01	5.16e-01	2.51e-01
 1.05314e+23	1.66e-12	3.06e-08	1.58e-05	6.70e-04	5.06e-03	2.39e-01	5.16e-01	2.39e-01
 1.06197e+23	1.95e-12	3.57e-08	1.83e-05	7.64e-04	5.59e-03	2.51e-01	5.15e-01	2.27e-01
 1.07092e+23	2.29e-12	4.15e-08	2.11e-05	8.72e-04	6.18e-03	2.63e-01	5.14e-01	2.16e-01
 1.07991e+23	2.66e-12	4.79e-08	2.43e-05	9.90e-04	6.81e-03	2.76e-01	5.12e-01	2.05e-01
 1.08905e+23	3.10e-12	5.54e-08	2.79e-05	1.13e-03	7.51e-03	2.89e-01	5.09e-01	1.94e-01
 1.09831e+23	3.58e-12	6.36e-08	3.19e-05	1.28e-03	8.26e-03	3.02e-01	5.06e-01	1.83e-01
 1.10774e+23	4.23e-12	7.32e-08	3.66e-05	1.45e-03	9.12e-03	3.15e-01	5.02e-01	1.72e-01
 1.11652e+23	4.75e-12	8.19e-08	4.08e-05	1.61e-03	9.86e-03	3.27e-01	4.98e-01	1.64e-01
 1.12558e+23	5.48e-12	9.40e-08	4.68e-05	1.83e-03	1.09e-02	3.41e-01	4.92e-01	1.54e-01
 1.13479e+23	6.14e-12	1.05e-07	5.21e-05	2.02e-03	1.18e-02	3.53e-01	4.88e-01	1.46e-01
 1.14422e+23	7.04e-12	1.20e-07	5.97e-05	2.30e-03	1.30e-02	3.68e-01	4.81e-01	1.36e-01
 1.15369e+23	7.86e-12	1.34e-07	6.63e-05	2.53e-03	1.40e-02	3.79e-01	4.75e-01	1.29e-01
 1.16321e+23	8.96e-12	1.52e-07	7.55e-05	2.87e-03	1.54e-02	3.94e-01	4.67e-01	1.20e-01
 1.17279e+23	9.94e-12	1.68e-07	8.36e-05	3.15e-03	1.66e-02	4.06e-01	4.61e-01	1.14e-01
 1.18245e+23	1.13e-11	1.91e-07	9.49e-05	3.55e-03	1.82e-02	4.21e-01	4.52e-01	1.05e-01
 1.19220e+23	1.25e-11	2.11e-07	1.05e-04	3.88e-03	1.95e-02	4.32e-01	4.45e-01	9.96e-02
 1.20205e+23	1.41e-11	2.38e-07	1.19e-04	4.36e-03	2.14e-02	4.47e-01	4.35e-01	9.22e-02
 1.21204e+23	1.56e-11	2.63e-07	1.31e-04	4.77e-03	2.29e-02	4.58e-01	4.27e-01	8.67e-02
 1.22219e+23	1.76e-11	2.97e-07	1.48e-04	5.35e-03	2.50e-02	4.73e-01	4.17e-01	8.00e-02
 1.23251e+23	1.95e-11	3.28e-07	1.64e-04	5.85e-03	2.68e-02	4.84e-01	4.08e-01	7.50e-02
 1.24306e+23	2.20e-11	3.71e-07	1.86e-04	6.55e-03	2.93e-02	4.98e-01	3.97e-01	6.89e-02
 1.25383e+23	2.43e-11	4.10e-07	2.06e-04	7.17e-03	3.13e-02	5.09e-01	3.88e-01	6.43e-02
 1.26491e+23	2.76e-11	4.65e-07	2.34e-04	8.03e-03	3.42e-02	5.24e-01	3.75e-01	5.87e-02
 1.27625e+23	3.07e-11	5.17e-07	2.60e-04	8.79e-03	3.67e-02	5.34e-01	3.65e-01	5.45e-02
 1.28579e+23	3.36e-11	5.66e-07	2.84e-04	9.51e-03	3.89e-02	5.44e-01	3.57e-01	5.11e-02
 1.29605e+23	3.77e-11	6.35e-07	3.19e-04	1.05e-02	4.20e-02	5.55e-01	3.45e-01	4.68e-02
 1.30648e+23	4.14e-11	6.97e-07	3.51e-04	1.14e-02	4.46e-02	5.64e-01	3.36e-01	4.37e-02
 1.31551e+23	4.52e-11	7.60e-07	3.83e-04	1.22e-02	4.71e-02	5.72e-01	3.27e-01	4.09e-02
 1.32562e+23	5.03e-11	8.48e-07	4.28e-04	1.34e-02	5.06e-02	5.82e-01	3.16e-01	3.75e-02
 1.33571e+23	5.53e-11	9.28e-07	4.67e-04	1.44e-02	5.32e-02	5.89e-01	3.07e-01	3.51e-02
 1.34578e+23	6.15e-11	1.03e-06	5.21e-04	1.57e-02	5.70e-02	5.98e-01	2.96e-01	3.21e-02
 1.35599e+23	6.78e-11	1.14e-06	5.70e-04	1.69e-02	6.00e-02	6.05e-01	2.88e-01	3.00e-02
 1.36639e+23	7.59e-11	1.27e-06	6.38e-04	1.85e-02	6.41e-02	6.13e-01	2.77e-01	2.74e-02
 1.37697e+23	8.42e-11	1.40e-06	7.00e-04	1.98e-02	6.74e-02	6.19e-01	2.68e-01	2.55e-02
 1.38778e+23	9.44e-11	1.57e-06	7.87e-04	2.17e-02	7.21e-02	6.26e-01	2.57e-01	2.31e-02
 1.39876e+23	1.05e-10	1.74e-06	8.65e-04	2.33e-02	7.58e-02	6.31e-01	2.48e-01	2.14e-02
 1.40997e+23	1.19e-10	1.96e-06	9.76e-04	2.56e-02	8.10e-02	6.37e-01	2.37e-01	1.93e-02
 1.42145e+23	1.33e-10	2.19e-06	1.08e-03	2.75e-02	8.52e-02	6.41e-01	2.28e-01	1.78e-02
 1.43328e+23	1.52e-10	2.49e-06	1.22e-03	3.02e-02	9.11e-02	6.45e-01	2.16e-01	1.60e-02
 1.44537e+23	1.71e-10	2.78e-06	1.36e-03	3.25e-02	9.58e-02	6.48e-01	2.08e-01	1.46e-02
 1.45782e+23	1.98e-10	3.20e-06	1.55e-03	3.58e-02	1.02e-01	6.51e-01	1.96e-01	1.30e-02
 1.47041e+23	2.25e-10	3.59e-06	1.73e-03	3.85e-02	1.07e-01	6.53e-01	1.88e-01	1.19e-02
 1.48319e+23	2.60e-10	4.14e-06	1.98e-03	4.24e-02	1.15e-01	6.54e-01	1.77e-01	1.05e-02
 1.49612e+23	2.97e-10	4.67e-06	2.20e-03	4.56e-02	1.20e-01	6.54e-01	1.69e-01	9.59e-03
 1.50923e+23	3.47e-10	5.41e-06	2.53e-03	5.01e-02	1.28e-01	6.53e-01	1.58e-01	8.44e-03
 1.52205e+23	3.93e-10	6.06e-06	2.80e-03	5.37e-02	1.34e-01	6.52e-01	1.51e-01	7.70e-03
 1.53447e+23	4.59e-10	7.00e-06	3.19e-03	5.85e-02	1.41e-01	6.49e-01	1.42e-01	6.83e-03
 1.54748e+23	5.26e-10	7.92e-06	3.56e-03	6.30e-02	1.48e-01	6.46e-01	1.34e-01	6.15e-03
 1.55846e+23	5.82e-10	8.79e-06	3.91e-03	6.69e-02	1.53e-01	6.43e-01	1.28e-01	5.63e-03
 1.56995e+23	6.73e-10	1.00e-05	4.40e-03	7.21e-02	1.60e-01	6.38e-01	1.20e-01	5.04e-03
 1.58180e+23	7.63e-10	1.12e-05	4.86e-03	7.69e-02	1.66e-01	6.33e-01	1.14e-01	4.57e-03
 1.59244e+23	8.63e-10	1.25e-05	5.35e-03	8.17e-02	1.72e-01	6.28e-01	1.08e-01	4.15e-03
 1.60459e+23	1.01e-09	1.44e-05	6.03e-03	8.81e-02	1.80e-01	6.21e-01	1.01e-01	3.68e-03
 1.61719e+23	1.16e-09	1.63e-05	6.71e-03	9.41e-02	1.87e-01	6.14e-01	9.54e-02	3.30e-03
 1.62843e+23	1.33e-09	1.82e-05	7.41e-03	1.00e-01	1.93e-01	6.07e-01	9.02e-02	2.98e-03
 1.64107e+23	1.57e-09	2.11e-05	8.38e-03	1.08e-01	2.01e-01	5.97e-01	8.38e-02	2.62e-03
 1.65430e+23	1.82e-09	2.40e-05	9.36e-03	1.15e-01	2.08e-01	5.87e-01	7.82e-02	2.32e-03
 1.66627e+23	2.09e-09	2.71e-05	1.04e-02	1.22e-01	2.14e-01	5.77e-01	7.34e-02	2.08e-03
 1.67977e+23	2.51e-09	3.17e-05	1.18e-02	1.32e-01	2.22e-01	5.65e-01	6.75e-02	1.80e-03
 1.69372e+23	2.92e-09	3.62e-05	1.32e-02	1.41e-01	2.29e-01	5.52e-01	6.26e-02	1.58e-03
 1.70615e+23	3.37e-09	4.11e-05	1.46e-02	1.49e-01	2.36e-01	5.40e-01	5.82e-02	1.40e-03
 1.72021e+23	4.07e-09	4.82e-05	1.66e-02	1.61e-01	2.44e-01	5.25e-01	5.31e-02	1.20e-03
 1.73482e+23	4.79e-09	5.54e-05	1.87e-02	1.71e-01	2.50e-01	5.10e-01	4.87e-02	1.04e-03
 1.74793e+23	5.62e-09	6.34e-05	2.07e-02	1.82e-01	2.56e-01	4.96e-01	4.49e-02	9.12e-04
 1.76278e+23	6.88e-09	7.50e-05	2.37e-02	1.95e-01	2.63e-01	4.77e-01	4.04e-02	7.67e-04
 1.77813e+23	8.17e-09	8.66e-05	2.65e-02	2.07e-01	2.69e-01	4.60e-01	3.67e-02	6.59e-04
 1.79201e+23	9.67e-09	9.96e-05	2.95e-02	2.19e-01	2.74e-01	4.43e-01	3.35e-02	5.68e-04
 1.80791e+23	1.20e-08	1.19e-04	3.39e-02	2.35e-01	2.79e-01	4.21e-01	2.95e-02	4.66e-04
 1.82395e+23	1.43e-08	1.37e-04	3.78e-02	2.48e-01	2.84e-01	4.03e-01	2.66e-02	3.96e-04
 1.84018e+23	1.78e-08	1.64e-04	4.31e-02	2.65e-01	2.87e-01	3.81e-01	2.34e-02	3.24e-04
 1.85678e+23	2.15e-08	1.91e-04	4.82e-02	2.79e-01	2.90e-01	3.61e-01	2.08e-02	2.70e-04
 1.87137e+23	2.56e-08	2.20e-04	5.34e-02	2.93e-01	2.91e-01	3.43e-01	1.86e-02	2.28e-04
 1.88785e+23	3.21e-08	2.63e-04	6.07e-02	3.10e-01	2.93e-01	3.20e-01	1.61e-02	1.83e-04
 1.90476e+23	3.87e-08	3.05e-04	6.75e-02	3.25e-01	2.93e-01	3.01e-01	1.41e-02	1.51e-04
 1.92221e+23	4.91e-08	3.68e-04	7.67e-02	3.42e-01	2.91e-01	2.77e-01	1.20e-02	1.19e-04
 1.93993e+23	5.97e-08	4.28e-04	8.51e-02	3.57e-01	2.89e-01	2.58e-01	1.05e-02	9.65e-05
 1.95563e+23	7.22e-08	4.96e-04	9.38e-02	3.70e-01	2.86e-01	2.40e-01	9.10e-03	7.87e-05
 1.97365e+23	9.25e-08	5.99e-04	1.06e-01	3.87e-01	2.81e-01	2.18e-01	7.56e-03	6.01e-05
 1.99191e+23	1.13e-07	6.95e-04	1.17e-01	4.00e-01	2.76e-01	2.00e-01	6.50e-03	4.83e-05
 2.00785e+23	1.36e-07	8.01e-04	1.28e-01	4.11e-01	2.70e-01	1.84e-01	5.59e-03	3.89e-05
 2.02314e+23	1.63e-07	9.15e-04	1.39e-01	4.21e-01	2.64e-01	1.70e-01	4.84e-03	3.16e-05
 2.03771e+23	1.93e-07	1.04e-03	1.50e-01	4.30e-01	2.58e-01	1.57e-01	4.19e-03	2.58e-05
 2.05413e+23	2.41e-07	1.22e-03	1.65e-01	4.40e-01	2.49e-01	1.41e-01	3.48e-03	1.99e-05
 2.07050e+23	2.86e-07	1.38e-03	1.78e-01	4.48e-01	2.41e-01	1.29e-01	3.00e-03	1.61e-05
 2.08681e+23	3.55e-07	1.61e-03	1.94e-01	4.55e-01	2.31e-01	1.15e-01	2.47e-03	1.23e-05
 2.10343e+23	4.23e-07	1.83e-03	2.08e-01	4.60e-01	2.23e-01	1.05e-01	2.10e-03	9.80e-06
 2.12045e+23	5.28e-07	2.14e-03	2.27e-01	4.65e-01	2.12e-01	9.25e-02	1.71e-03	7.35e-06
 2.13760e+23	6.30e-07	2.43e-03	2.42e-01	4.68e-01	2.02e-01	8.34e-02	1.44e-03	5.79e-06
 2.15493e+23	7.87e-07	2.83e-03	2.63e-01	4.70e-01	1.91e-01	7.29e-02	1.15e-03	4.28e-06
 2.17248e+23	9.41e-07	3.21e-03	2.80e-01	4.70e-01	1.81e-01	6.52e-02	9.61e-04	3.33e-06
 2.18654e+23	1.09e-06	3.54e-03	2.94e-01	4.69e-01	1.73e-01	5.93e-02	8.25e-04	2.70e-06
 2.20106e+23	1.30e-06	4.00e-03	3.12e-01	4.67e-01	1.63e-01	5.27e-02	6.83e-04	2.09e-06
 2.21592e+23	1.51e-06	4.43e-03	3.27e-01	4.65e-01	1.55e-01	4.76e-02	5.80e-04	1.67e-06
 2.22915e+23	1.75e-06	4.88e-03	3.42e-01	4.62e-01	1.48e-01	4.31e-02	4.94e-04	1.35e-06
 2.24429e+23	2.09e-06	5.51e-03	3.61e-01	4.57e-01	1.38e-01	3.78e-02	4.03e-04	1.02e-06
 2.25961e+23	2.43e-06	6.09e-03	3.78e-01	4.52e-01	1.30e-01	3.39e-02	3.39e-04	8.08e-07
 2.27305e+23	2.81e-06	6.70e-03	3.93e-01	4.46e-01	1.23e-01	3.04e-02	2.86e-04	6.42e-07
 2.28841e+23	3.35e-06	7.53e-03	4.13e-01	4.39e-01	1.14e-01	2.65e-02	2.31e-04	4.81e-07
 2.30402e+23	3.89e-06	8.30e-03	4.30e-01	4.31e-01	1.07e-01	2.36e-02	1.92e-04	3.76e-07
 2.31787e+23	4.49e-06	9.11e-03	4.46e-01	4.24e-01	1.00e-01	2.10e-02	1.60e-04	2.95e-07
 2.33376e+23	5.38e-06	1.03e-02	4.66e-01	4.13e-01	9.22e-02	1.81e-02	1.27e-04	2.17e-07
 2.34981e+23	6.25e-06	1.13e-02	4.83e-01	4.04e-01	8.59e-02	1.60e-02	1.05e-04	1.68e-07
 2.36392e+23	7.22e-06	1.24e-02	4.99e-01	3.95e-01	8.00e-02	1.42e-02	8.69e-05	1.30e-07
 2.38012e+23	8.64e-06	1.39e-02	5.18e-01	3.83e-01	7.30e-02	1.21e-02	6.84e-05	0.00e+00
 2.39661e+23	1.00e-05	1.53e-02	5.35e-01	3.72e-01	6.74e-02	1.06e-02	5.57e-05	0.00e+00
 2.41348e+23	1.21e-05	1.72e-02	5.55e-01	3.58e-01	6.10e-02	8.98e-03	4.31e-05	0.00e+00
 2.43054e+23	1.41e-05	1.89e-02	5.71e-01	3.47e-01	5.60e-02	7.80e-03	3.48e-05	0.00e+00
 2.44784e+23	1.69e-05	2.13e-02	5.90e-01	3.32e-01	5.03e-02	6.55e-03	2.66e-05	0.00e+00
 2.46546e+23	1.98e-05	2.34e-02	6.06e-01	3.20e-01	4.59e-02	5.65e-03	2.12e-05	0.00e+00
 2.48350e+23	2.39e-05	2.63e-02	6.24e-01	3.04e-01	4.09e-02	4.69e-03	1.60e-05	0.00e+00
 2.50186e+23	2.80e-05	2.90e-02	6.39e-01	2.91e-01	3.70e-02	4.00e-03	1.26e-05	0.00e+00
 2.51816e+23	3.26e-05	3.19e-02	6.53e-01	2.78e-01	3.35e-02	3.43e-03	9.91e-06	0.00e+00
 2.53687e+23	3.95e-05	3.58e-02	6.69e-01	2.63e-01	2.96e-02	2.81e-03	7.34e-06	0.00e+00
 2.55332e+23	4.45e-05	3.84e-02	6.79e-01	2.53e-01	2.73e-02	2.48e-03	6.07e-06	0.00e+00
 2.56682e+23	5.08e-05	4.17e-02	6.89e-01	2.42e-01	2.49e-02	2.16e-03	4.90e-06	0.00e+00
 2.58090e+23	5.72e-05	4.47e-02	6.98e-01	2.32e-01	2.29e-02	1.90e-03	4.03e-06	0.00e+00
 2.59372e+23	6.39e-05	4.78e-02	7.06e-01	2.23e-01	2.11e-02	1.68e-03	3.35e-06	0.00e+00
 2.60836e+23	7.37e-05	5.21e-02	7.15e-01	2.12e-01	1.91e-02	1.43e-03	2.64e-06	0.00e+00
 2.62328e+23	8.31e-05	5.60e-02	7.23e-01	2.02e-01	1.74e-02	1.25e-03	2.15e-06	0.00e+00
 2.63656e+23	9.35e-05	6.00e-02	7.30e-01	1.93e-01	1.59e-02	1.09e-03	1.75e-06	0.00e+00
 2.65183e+23	1.08e-04	6.56e-02	7.37e-01	1.82e-01	1.43e-02	9.22e-04	1.36e-06	0.00e+00
 2.66733e+23	1.22e-04	7.04e-02	7.43e-01	1.73e-01	1.30e-02	7.99e-04	1.09e-06	0.00e+00
 2.68313e+23	1.42e-04	7.71e-02	7.49e-01	1.62e-01	1.15e-02	6.67e-04	8.34e-07	0.00e+00
 2.69915e+23	1.61e-04	8.28e-02	7.53e-01	1.53e-01	1.04e-02	5.73e-04	6.64e-07	0.00e+00
 2.71544e+23	1.89e-04	9.07e-02	7.57e-01	1.42e-01	9.16e-03	4.75e-04	5.00e-07	0.00e+00
 2.73203e+23	2.14e-04	9.76e-02	7.60e-01	1.33e-01	8.22e-03	4.05e-04	3.94e-07	0.00e+00
 2.74903e+23	2.52e-04	1.07e-01	7.62e-01	1.23e-01	7.19e-03	3.31e-04	2.92e-07	0.00e+00
 2.76636e+23	2.88e-04	1.16e-01	7.63e-01	1.15e-01	6.40e-03	2.79e-04	2.26e-07	0.00e+00
 2.78413e+23	3.41e-04	1.28e-01	7.62e-01	1.05e-01	5.53e-03	2.24e-04	1.63e-07	0.00e+00
 2.80191e+23	3.89e-04	1.37e-01	7.60e-01	9.71e-02	4.92e-03	1.88e-04	0.00e+00	0.00e+00
 2.81972e+23	4.61e-04	1.51e-01	7.56e-01	8.80e-02	4.23e-03	1.50e-04	0.00e+00	0.00e+00
 2.83771e+23	5.28e-04	1.63e-01	7.52e-01	8.10e-02	3.74e-03	1.25e-04	0.00e+00	0.00e+00
 2.85593e+23	6.26e-04	1.80e-01	7.44e-01	7.27e-02	3.20e-03	9.88e-05	0.00e+00	0.00e+00
 2.87436e+23	7.23e-04	1.94e-01	7.36e-01	6.62e-02	2.80e-03	8.10e-05	0.00e+00	0.00e+00
 2.89303e+23	8.67e-04	2.15e-01	7.23e-01	5.85e-02	2.37e-03	6.25e-05	0.00e+00	0.00e+00
 2.91162e+23	1.00e-03	2.32e-01	7.12e-01	5.28e-02	2.07e-03	5.10e-05	0.00e+00	0.00e+00
 2.93010e+23	1.20e-03	2.57e-01	6.94e-01	4.61e-02	1.74e-03	3.88e-05	0.00e+00	0.00e+00
 2.94864e+23	1.39e-03	2.77e-01	6.79e-01	4.11e-02	1.50e-03	3.12e-05	0.00e+00	0.00e+00
 2.96728e+23	1.69e-03	3.07e-01	6.55e-01	3.51e-02	1.24e-03	2.31e-05	0.00e+00	0.00e+00
 2.98592e+23	1.97e-03	3.32e-01	6.34e-01	3.08e-02	1.07e-03	1.82e-05	0.00e+00	0.00e+00
 3.00456e+23	2.40e-03	3.67e-01	6.03e-01	2.58e-02	8.74e-04	1.32e-05	0.00e+00	0.00e+00
 3.02338e+23	2.84e-03	3.99e-01	5.75e-01	2.21e-02	7.36e-04	1.00e-05	0.00e+00	0.00e+00
 3.03989e+23	3.34e-03	4.32e-01	5.45e-01	1.87e-02	6.17e-04	7.56e-06	0.00e+00	0.00e+00
 3.05883e+23	4.12e-03	4.77e-01	5.03e-01	1.49e-02	4.86e-04	5.13e-06	0.00e+00	0.00e+00
 3.07761e+23	4.97e-03	5.19e-01	4.64e-01	1.22e-02	3.93e-04	3.65e-06	0.00e+00	0.00e+00
