#depth	Ar	Ar+	Ar+2	Ar+3	Ar+4	Ar+5	Ar+6	Ar+7	Ar+8	Ar+9	Ar+10	Ar+11	Ar+12	Ar+13	Ar+14	Ar+15	Ar+16	Ar+17	Ar+18
 1.54284e+22	0.00e+00	0.00e+00	0.00e+00	3.65e-23	3.96e-20	1.68e-17	4.18e-15	6.71e-13	4.18e-10	3.44e-08	1.38e-06	2.64e-05	3.51e-04	2.34e-03	9.85e-03	4.45e-02	3.60e-01	4.21e-01	1.62e-01
 3.46047e+22	0.00e+00	4.04e-29	1.16e-23	1.34e-20	8.59e-18	2.08e-15	2.89e-13	4.55e-11	2.21e-08	1.31e-06	3.55e-05	4.35e-04	3.72e-03	1.50e-02	3.61e-02	9.41e-02	4.62e-01	3.17e-01	7.19e-02
 4.00819e+22	0.00e+00	1.25e-27	3.04e-22	2.78e-19	1.35e-16	2.45e-14	2.51e-12	2.92e-10	1.33e-07	6.92e-06	1.57e-04	1.55e-03	1.07e-02	3.35e-02	6.17e-02	1.23e-01	4.74e-01	2.51e-01	4.41e-02
 4.26757e+22	0.00e+00	7.49e-27	1.66e-21	1.33e-18	5.56e-16	8.57e-14	7.42e-12	7.28e-10	3.29e-07	1.61e-05	3.34e-04	2.94e-03	1.81e-02	4.97e-02	7.92e-02	1.36e-01	4.66e-01	2.15e-01	3.29e-02
 4.37564e+22	0.00e+00	1.19e-26	2.58e-21	1.99e-18	8.00e-16	1.18e-13	9.76e-12	9.17e-10	4.14e-07	1.99e-05	4.05e-04	3.46e-03	2.07e-02	5.49e-02	8.41e-02	1.39e-01	4.61e-01	2.05e-01	3.04e-02
 4.41097e+22	3.65e-33	1.59e-26	3.40e-21	2.57e-18	1.00e-15	1.44e-13	1.16e-11	1.06e-09	4.78e-07	2.28e-05	4.57e-04	3.83e-03	2.25e-02	5.83e-02	8.73e-02	1.41e-01	4.58e-01	1.99e-01	2.88e-02
 4.44251e+22	5.39e-33	2.30e-26	4.84e-21	3.55e-18	1.34e-15	1.86e-13	1.44e-11	1.27e-09	5.73e-07	2.71e-05	5.32e-04	4.36e-03	2.50e-02	6.29e-02	9.14e-02	1.43e-01	4.54e-01	1.92e-01	2.69e-02
 4.47335e+22	7.29e-33	3.07e-26	6.37e-21	4.56e-18	1.68e-15	2.26e-13	1.70e-11	1.45e-09	6.58e-07	3.09e-05	5.98e-04	4.81e-03	2.71e-02	6.68e-02	9.47e-02	1.45e-01	4.50e-01	1.86e-01	2.55e-02
 4.49904e+22	9.73e-33	4.05e-26	8.28e-21	5.79e-18	2.08e-15	2.73e-13	1.99e-11	1.66e-09	7.52e-07	3.50e-05	6.69e-04	5.29e-03	2.93e-02	7.06e-02	9.78e-02	1.46e-01	4.46e-01	1.80e-01	2.42e-02
 4.52819e+22	1.40e-32	5.72e-26	1.15e-20	7.82e-18	2.72e-15	3.45e-13	2.43e-11	1.95e-09	8.88e-07	4.09e-05	7.70e-04	5.95e-03	3.22e-02	7.56e-02	1.02e-01	1.48e-01	4.40e-01	1.73e-01	2.27e-02
 4.55794e+22	1.92e-32	7.73e-26	1.53e-20	1.02e-17	3.43e-15	4.22e-13	2.88e-11	2.25e-09	1.02e-06	4.69e-05	8.69e-04	6.59e-03	3.50e-02	8.02e-02	1.05e-01	1.49e-01	4.35e-01	1.67e-01	2.13e-02
 4.58388e+22	2.55e-32	1.01e-25	1.98e-20	1.28e-17	4.23e-15	5.06e-13	3.36e-11	2.55e-09	1.17e-06	5.29e-05	9.68e-04	7.21e-03	3.76e-02	8.44e-02	1.08e-01	1.50e-01	4.30e-01	1.61e-01	2.02e-02
 4.61300e+22	3.76e-32	1.47e-25	2.83e-20	1.77e-17	5.62e-15	6.47e-13	4.13e-11	3.01e-09	1.39e-06	6.24e-05	1.12e-03	8.15e-03	4.15e-02	9.06e-02	1.13e-01	1.51e-01	4.22e-01	1.54e-01	1.87e-02
 4.64218e+22	5.10e-32	1.96e-25	3.73e-20	2.28e-17	7.03e-15	7.85e-13	4.84e-11	3.43e-09	1.59e-06	7.10e-05	1.26e-03	8.97e-03	4.49e-02	9.56e-02	1.16e-01	1.52e-01	4.16e-01	1.48e-01	1.76e-02
 4.67142e+22	7.52e-32	2.84e-25	5.31e-20	3.13e-17	9.32e-15	1.00e-12	5.93e-11	4.04e-09	1.88e-06	8.35e-05	1.45e-03	1.01e-02	4.94e-02	1.02e-01	1.20e-01	1.53e-01	4.07e-01	1.41e-01	1.62e-02
 4.70110e+22	1.04e-31	3.87e-25	7.12e-20	4.08e-17	1.18e-14	1.22e-12	7.00e-11	4.62e-09	2.17e-06	9.54e-05	1.64e-03	1.12e-02	5.34e-02	1.08e-01	1.24e-01	1.53e-01	3.99e-01	1.35e-01	1.52e-02
 4.72728e+22	1.43e-31	5.24e-25	9.50e-20	5.30e-17	1.48e-14	1.49e-12	8.24e-11	5.26e-09	2.49e-06	1.09e-04	1.84e-03	1.23e-02	5.77e-02	1.14e-01	1.27e-01	1.53e-01	3.91e-01	1.29e-01	1.41e-02
 4.75257e+22	1.91e-31	6.91e-25	1.24e-19	6.72e-17	1.83e-14	1.78e-12	9.56e-11	5.93e-09	2.82e-06	1.23e-04	2.05e-03	1.34e-02	6.18e-02	1.19e-01	1.30e-01	1.53e-01	3.84e-01	1.23e-01	1.33e-02
 4.78072e+22	2.84e-31	1.01e-24	1.78e-19	9.33e-17	2.44e-14	2.28e-12	1.17e-10	6.93e-09	3.34e-06	1.44e-04	2.36e-03	1.51e-02	6.79e-02	1.27e-01	1.34e-01	1.53e-01	3.73e-01	1.16e-01	1.21e-02
 4.80864e+22	3.85e-31	1.35e-24	2.35e-19	1.19e-16	3.02e-14	2.74e-12	1.36e-10	7.80e-09	3.79e-06	1.63e-04	2.63e-03	1.65e-02	7.28e-02	1.33e-01	1.37e-01	1.52e-01	3.64e-01	1.11e-01	1.13e-02
 4.83628e+22	5.76e-31	1.99e-24	3.40e-19	1.66e-16	4.03e-14	3.48e-12	1.65e-10	9.08e-09	4.47e-06	1.91e-04	3.04e-03	1.86e-02	7.97e-02	1.41e-01	1.41e-01	1.51e-01	3.52e-01	1.04e-01	1.02e-02
 4.86315e+22	7.53e-31	2.57e-24	4.33e-19	2.07e-16	4.88e-14	4.10e-12	1.88e-10	1.01e-08	5.00e-06	2.12e-04	3.33e-03	2.00e-02	8.45e-02	1.47e-01	1.43e-01	1.50e-01	3.43e-01	9.92e-02	9.57e-03
 4.88901e+22	1.12e-30	3.76e-24	6.24e-19	2.85e-16	6.45e-14	5.18e-12	2.27e-10	1.16e-08	5.86e-06	2.48e-04	3.82e-03	2.24e-02	9.22e-02	1.55e-01	1.46e-01	1.48e-01	3.31e-01	9.25e-02	8.65e-03
 4.91461e+22	1.46e-30	4.85e-24	7.96e-19	3.55e-16	7.80e-14	6.09e-12	2.58e-10	1.29e-08	6.54e-06	2.75e-04	4.18e-03	2.41e-02	9.75e-02	1.61e-01	1.48e-01	1.47e-01	3.22e-01	8.81e-02	8.07e-03
 4.93988e+22	2.17e-30	7.08e-24	1.14e-18	4.87e-16	1.03e-13	7.65e-12	3.09e-10	1.48e-08	7.62e-06	3.19e-04	4.77e-03	2.68e-02	1.06e-01	1.69e-01	1.51e-01	1.45e-01	3.09e-01	8.18e-02	7.26e-03
 4.96534e+22	2.88e-30	9.29e-24	1.48e-18	6.14e-16	1.25e-13	9.04e-12	3.54e-10	1.64e-08	8.52e-06	3.55e-04	5.24e-03	2.89e-02	1.12e-01	1.75e-01	1.52e-01	1.43e-01	2.99e-01	7.75e-02	6.72e-03
 4.99105e+22	4.30e-30	1.36e-23	2.13e-18	8.47e-16	1.65e-13	1.14e-11	4.24e-10	1.87e-08	9.92e-06	4.11e-04	5.97e-03	3.21e-02	1.21e-01	1.84e-01	1.54e-01	1.40e-01	2.85e-01	7.15e-02	6.00e-03
 5.01712e+22	5.80e-30	1.81e-23	2.80e-18	1.08e-15	2.03e-13	1.35e-11	4.87e-10	2.08e-08	1.11e-05	4.58e-04	6.57e-03	3.46e-02	1.28e-01	1.90e-01	1.56e-01	1.37e-01	2.75e-01	6.72e-02	5.51e-03
 5.04367e+22	8.67e-30	2.66e-23	4.04e-18	1.49e-15	2.68e-13	1.70e-11	5.83e-10	2.38e-08	1.29e-05	5.29e-04	7.45e-03	3.82e-02	1.38e-01	1.98e-01	1.57e-01	1.34e-01	2.61e-01	6.17e-02	4.89e-03
 5.07000e+22	1.18e-29	3.56e-23	5.33e-18	1.90e-15	3.31e-13	2.03e-11	6.68e-10	2.64e-08	1.44e-05	5.89e-04	8.18e-03	4.12e-02	1.46e-01	2.04e-01	1.57e-01	1.31e-01	2.50e-01	5.76e-02	4.46e-03
 5.09603e+22	1.75e-29	5.23e-23	7.69e-18	2.62e-15	4.36e-13	2.54e-11	7.98e-10	3.01e-08	1.67e-05	6.77e-04	9.22e-03	4.52e-02	1.56e-01	2.11e-01	1.58e-01	1.27e-01	2.36e-01	5.26e-02	3.94e-03
 5.12246e+22	2.41e-29	7.08e-23	1.03e-17	3.38e-15	5.42e-13	3.05e-11	9.18e-10	3.34e-08	1.86e-05	7.54e-04	1.01e-02	4.87e-02	1.64e-01	2.17e-01	1.58e-01	1.24e-01	2.25e-01	4.88e-02	3.56e-03
 5.14941e+22	3.66e-29	1.06e-22	1.50e-17	4.70e-15	7.19e-13	3.85e-11	1.10e-09	3.82e-08	2.15e-05	8.66e-04	1.14e-02	5.34e-02	1.75e-01	2.24e-01	1.58e-01	1.19e-01	2.11e-01	4.41e-02	3.11e-03
 5.17663e+22	5.07e-29	1.44e-22	2.02e-17	6.10e-15	8.97e-13	4.62e-11	1.27e-09	4.25e-08	2.41e-05	9.63e-04	1.25e-02	5.73e-02	1.84e-01	2.30e-01	1.57e-01	1.16e-01	2.00e-01	4.07e-02	2.79e-03
 5.20419e+22	7.76e-29	2.17e-22	2.98e-17	8.56e-15	1.20e-12	5.86e-11	1.53e-09	4.87e-08	2.77e-05	1.10e-03	1.40e-02	6.26e-02	1.96e-01	2.36e-01	1.56e-01	1.11e-01	1.86e-01	3.64e-02	2.41e-03
 5.23192e+22	1.08e-28	2.97e-22	4.02e-17	1.11e-14	1.50e-12	7.04e-11	1.76e-09	5.41e-08	3.09e-05	1.22e-03	1.53e-02	6.69e-02	2.04e-01	2.41e-01	1.54e-01	1.07e-01	1.75e-01	3.34e-02	2.15e-03
 5.25586e+22	1.49e-28	4.03e-22	5.38e-17	1.43e-14	1.86e-12	8.42e-11	2.02e-09	6.00e-08	3.42e-05	1.35e-03	1.67e-02	7.12e-02	2.13e-01	2.45e-01	1.53e-01	1.03e-01	1.65e-01	3.06e-02	1.92e-03
 5.28297e+22	2.24e-28	5.97e-22	7.81e-17	1.98e-14	2.45e-12	1.06e-10	2.42e-09	6.85e-08	3.90e-05	1.53e-03	1.85e-02	7.70e-02	2.24e-01	2.49e-01	1.50e-01	9.78e-02	1.53e-01	2.73e-02	1.65e-03
 5.31012e+22	3.07e-28	8.07e-22	1.04e-16	2.54e-14	3.04e-12	1.26e-10	2.78e-09	7.59e-08	4.30e-05	1.68e-03	2.00e-02	8.16e-02	2.32e-01	2.52e-01	1.48e-01	9.39e-02	1.44e-01	2.50e-02	1.47e-03
 5.33731e+22	4.65e-28	1.20e-21	1.52e-16	3.53e-14	4.01e-12	1.59e-10	3.32e-09	8.67e-08	4.87e-05	1.89e-03	2.21e-02	8.78e-02	2.43e-01	2.55e-01	1.45e-01	8.89e-02	1.32e-01	2.22e-02	1.26e-03
 5.36469e+22	6.31e-28	1.60e-21	1.99e-16	4.48e-14	4.93e-12	1.89e-10	3.80e-09	9.60e-08	5.35e-05	2.06e-03	2.37e-02	9.25e-02	2.51e-01	2.57e-01	1.42e-01	8.52e-02	1.24e-01	2.03e-02	1.12e-03
 5.39234e+22	9.42e-28	2.35e-21	2.87e-16	6.14e-14	6.46e-12	2.36e-10	4.54e-09	1.10e-07	6.03e-05	2.30e-03	2.60e-02	9.88e-02	2.61e-01	2.59e-01	1.39e-01	8.05e-02	1.14e-01	1.80e-02	9.58e-04
 5.42080e+22	1.31e-27	3.20e-21	3.85e-16	7.94e-14	8.05e-12	2.84e-10	5.25e-09	1.22e-07	6.64e-05	2.52e-03	2.79e-02	1.04e-01	2.69e-01	2.61e-01	1.36e-01	7.67e-02	1.06e-01	1.63e-02	8.42e-04
 5.45034e+22	1.98e-27	4.77e-21	5.61e-16	1.10e-13	1.07e-11	3.59e-10	6.32e-09	1.41e-07	7.49e-05	2.81e-03	3.06e-02	1.11e-01	2.79e-01	2.61e-01	1.32e-01	7.19e-02	9.69e-02	1.43e-02	7.12e-04
 5.48044e+22	2.74e-27	6.49e-21	7.50e-16	1.42e-13	1.33e-11	4.32e-10	7.32e-09	1.57e-07	8.23e-05	3.07e-03	3.27e-02	1.16e-01	2.86e-01	2.62e-01	1.28e-01	6.83e-02	9.01e-02	1.29e-02	6.24e-04
 5.51126e+22	4.16e-27	9.65e-21	1.09e-15	1.97e-13	1.76e-11	5.47e-10	8.84e-09	1.82e-07	9.28e-05	3.42e-03	3.57e-02	1.24e-01	2.95e-01	2.61e-01	1.24e-01	6.38e-02	8.18e-02	1.13e-02	5.26e-04
 5.54266e+22	5.77e-27	1.32e-20	1.46e-15	2.55e-13	2.20e-11	6.59e-10	1.03e-08	2.04e-07	1.02e-04	3.72e-03	3.81e-02	1.29e-01	3.02e-01	2.60e-01	1.20e-01	6.04e-02	7.57e-02	1.01e-02	4.58e-04
 5.57480e+22	8.77e-27	1.96e-20	2.12e-15	3.53e-13	2.91e-11	8.36e-10	1.24e-08	2.37e-07	1.15e-04	4.13e-03	4.14e-02	1.37e-01	3.10e-01	2.59e-01	1.15e-01	5.62e-02	6.84e-02	8.79e-03	3.84e-04
 5.60714e+22	1.21e-26	2.64e-20	2.82e-15	4.52e-13	3.61e-11	1.00e-09	1.44e-08	2.65e-07	1.26e-04	4.48e-03	4.41e-02	1.43e-01	3.15e-01	2.57e-01	1.12e-01	5.31e-02	6.32e-02	7.89e-03	3.35e-04
 5.63973e+22	1.81e-26	3.88e-20	4.04e-15	6.20e-13	4.75e-11	1.27e-09	1.74e-08	3.07e-07	1.41e-04	4.95e-03	4.76e-02	1.50e-01	3.22e-01	2.55e-01	1.07e-01	4.93e-02	5.71e-02	6.86e-03	2.80e-04
 5.67316e+22	2.49e-26	5.25e-20	5.37e-15	7.96e-13	5.91e-11	1.52e-09	2.02e-08	3.45e-07	1.55e-04	5.36e-03	5.05e-02	1.56e-01	3.28e-01	2.52e-01	1.03e-01	4.64e-02	5.26e-02	6.13e-03	2.43e-04
 5.70217e+22	3.35e-26	6.94e-20	6.97e-15	1.00e-12	7.22e-11	1.81e-09	2.32e-08	3.85e-07	1.68e-04	5.76e-03	5.34e-02	1.61e-01	3.32e-01	2.49e-01	9.96e-02	4.39e-02	4.87e-02	5.52e-03	2.13e-04
 5.73438e+22	4.88e-26	9.89e-20	9.71e-15	1.34e-12	9.31e-11	2.25e-09	2.77e-08	4.43e-07	1.87e-04	6.31e-03	5.71e-02	1.68e-01	3.37e-01	2.46e-01	9.52e-02	4.08e-02	4.41e-02	4.82e-03	1.80e-04
 5.76697e+22	6.55e-26	1.31e-19	1.26e-14	1.69e-12	1.14e-10	2.66e-09	3.19e-08	4.94e-07	2.04e-04	6.77e-03	6.02e-02	1.74e-01	3.41e-01	2.43e-01	9.17e-02	3.85e-02	4.07e-02	4.33e-03	1.57e-04
 5.80006e+22	9.53e-26	1.86e-19	1.75e-14	2.25e-12	1.47e-10	3.31e-09	3.81e-08	5.69e-07	2.27e-04	7.41e-03	6.42e-02	1.81e-01	3.45e-01	2.38e-01	8.73e-02	3.56e-02	3.67e-02	3.77e-03	1.32e-04
 5.83365e+22	1.27e-25	2.44e-19	2.26e-14	2.82e-12	1.79e-10	3.92e-09	4.38e-08	6.35e-07	2.47e-04	7.93e-03	6.75e-02	1.87e-01	3.48e-01	2.35e-01	8.40e-02	3.36e-02	3.39e-02	3.38e-03	1.15e-04
 5.86309e+22	1.69e-25	3.18e-19	2.89e-14	3.51e-12	2.16e-10	4.62e-09	5.02e-08	7.07e-07	2.68e-04	8.48e-03	7.08e-02	1.92e-01	3.51e-01	2.31e-01	8.07e-02	3.16e-02	3.13e-02	3.04e-03	1.01e-04
 5.89655e+22	2.43e-25	4.48e-19	3.98e-14	4.65e-12	2.77e-10	5.73e-09	5.98e-08	8.13e-07	2.97e-04	9.23e-03	7.53e-02	1.99e-01	3.53e-01	2.26e-01	7.66e-02	2.92e-02	2.81e-02	2.64e-03	8.42e-05
 5.92986e+22	3.16e-25	5.72e-19	4.99e-14	5.69e-12	3.31e-10	6.67e-09	6.79e-08	9.00e-07	3.21e-04	9.82e-03	7.86e-02	2.04e-01	3.55e-01	2.22e-01	7.37e-02	2.76e-02	2.61e-02	2.38e-03	7.42e-05
 5.96295e+22	4.48e-25	7.95e-19	6.77e-14	7.45e-12	4.20e-10	8.20e-09	8.05e-08	1.03e-06	3.55e-04	1.06e-02	8.32e-02	2.11e-01	3.57e-01	2.17e-01	6.99e-02	2.55e-02	2.35e-02	2.08e-03	6.25e-05
 5.99669e+22	5.84e-25	1.02e-18	8.51e-14	9.13e-12	5.03e-10	9.58e-09	9.16e-08	1.14e-06	3.84e-04	1.13e-02	8.68e-02	2.16e-01	3.58e-01	2.13e-01	6.70e-02	2.40e-02	2.17e-02	1.87e-03	5.48e-05
 6.03127e+22	8.30e-25	1.41e-18	1.16e-13	1.20e-11	6.38e-10	1.18e-08	1.09e-07	1.31e-06	4.26e-04	1.23e-02	9.18e-02	2.23e-01	3.59e-01	2.07e-01	6.33e-02	2.21e-02	1.95e-02	1.62e-03	4.59e-05
 6.06650e+22	1.09e-24	1.82e-18	1.46e-13	1.47e-11	7.67e-10	1.38e-08	1.24e-07	1.46e-06	4.61e-04	1.31e-02	9.57e-02	2.28e-01	3.60e-01	2.02e-01	6.06e-02	2.08e-02	1.80e-02	1.45e-03	4.01e-05
 6.10258e+22	1.55e-24	2.53e-18	1.98e-13	1.93e-11	9.76e-10	1.70e-08	1.48e-07	1.68e-06	5.12e-04	1.42e-02	1.01e-01	2.34e-01	3.60e-01	1.96e-01	5.70e-02	1.91e-02	1.61e-02	1.25e-03	3.34e-05
 6.13932e+22	2.03e-24	3.26e-18	2.50e-13	2.38e-11	1.17e-09	2.00e-08	1.69e-07	1.87e-06	5.55e-04	1.51e-02	1.05e-01	2.39e-01	3.60e-01	1.92e-01	5.44e-02	1.79e-02	1.48e-02	1.12e-03	2.90e-05
 6.17693e+22	2.91e-24	4.56e-18	3.41e-13	3.13e-11	1.50e-09	2.47e-08	2.02e-07	2.16e-06	6.17e-04	1.63e-02	1.11e-01	2.46e-01	3.59e-01	1.85e-01	5.10e-02	1.63e-02	1.32e-02	9.61e-04	2.40e-05
 6.21368e+22	3.71e-24	5.71e-18	4.19e-13	3.77e-11	1.77e-09	2.86e-08	2.28e-07	2.39e-06	6.65e-04	1.73e-02	1.15e-01	2.50e-01	3.58e-01	1.81e-01	4.88e-02	1.54e-02	1.22e-02	8.67e-04	2.12e-05
 6.24933e+22	5.20e-24	7.81e-18	5.60e-13	4.88e-11	2.22e-09	3.49e-08	2.70e-07	2.73e-06	7.34e-04	1.86e-02	1.21e-01	2.56e-01	3.57e-01	1.75e-01	4.58e-02	1.41e-02	1.09e-02	7.49e-04	1.77e-05
 6.28552e+22	6.64e-24	9.79e-18	6.89e-13	5.88e-11	2.63e-09	4.04e-08	3.05e-07	3.02e-06	7.91e-04	1.97e-02	1.25e-01	2.61e-01	3.55e-01	1.70e-01	4.37e-02	1.32e-02	1.00e-02	6.74e-04	1.55e-05
 6.32241e+22	9.22e-24	1.33e-17	9.12e-13	7.56e-11	3.28e-09	4.91e-08	3.59e-07	3.45e-06	8.73e-04	2.12e-02	1.31e-01	2.66e-01	3.53e-01	1.64e-01	4.10e-02	1.21e-02	8.98e-03	5.83e-04	1.30e-05
 6.36043e+22	1.20e-23	1.70e-17	1.14e-12	9.26e-11	3.94e-09	5.75e-08	4.10e-07	3.84e-06	9.46e-04	2.25e-02	1.36e-01	2.71e-01	3.51e-01	1.59e-01	3.89e-02	1.13e-02	8.20e-03	5.18e-04	1.12e-05
 6.39992e+22	1.68e-23	2.32e-17	1.52e-12	1.19e-10	4.94e-09	7.01e-08	4.84e-07	4.40e-06	1.05e-03	2.42e-02	1.43e-01	2.76e-01	3.48e-01	1.53e-01	3.63e-02	1.03e-02	7.31e-03	4.46e-04	9.32e-06
 6.44069e+22	2.23e-23	3.01e-17	1.93e-12	1.48e-10	5.98e-09	8.29e-08	5.58e-07	4.93e-06	1.14e-03	2.57e-02	1.48e-01	2.81e-01	3.45e-01	1.48e-01	3.43e-02	9.55e-03	6.62e-03	3.92e-04	7.97e-06
 6.48310e+22	3.15e-23	4.14e-17	2.58e-12	1.92e-10	7.56e-09	1.02e-07	6.63e-07	5.68e-06	1.27e-03	2.77e-02	1.55e-01	2.86e-01	3.41e-01	1.42e-01	3.18e-02	8.67e-03	5.86e-03	3.35e-04	6.56e-06
 6.52664e+22	4.21e-23	5.41e-17	3.30e-12	2.40e-10	9.21e-09	1.21e-07	7.67e-07	6.40e-06	1.38e-03	2.95e-02	1.61e-01	2.90e-01	3.38e-01	1.36e-01	2.99e-02	7.98e-03	5.28e-03	2.93e-04	5.57e-06
 6.57163e+22	6.02e-23	7.52e-17	4.46e-12	3.14e-10	1.17e-08	1.50e-07	9.17e-07	7.40e-06	1.54e-03	3.19e-02	1.69e-01	2.95e-01	3.33e-01	1.30e-01	2.76e-02	7.20e-03	4.64e-03	2.48e-04	4.54e-06
 6.61804e+22	8.14e-23	9.94e-17	5.74e-12	3.95e-10	1.44e-08	1.79e-07	1.07e-06	8.37e-06	1.69e-03	3.41e-02	1.76e-01	2.99e-01	3.28e-01	1.25e-01	2.58e-02	6.60e-03	4.16e-03	2.15e-04	3.81e-06
 6.66632e+22	1.18e-22	1.40e-16	7.85e-12	5.24e-10	1.85e-08	2.23e-07	1.28e-06	9.75e-06	1.89e-03	3.69e-02	1.84e-01	3.03e-01	3.22e-01	1.18e-01	2.37e-02	5.90e-03	3.62e-03	1.80e-04	3.07e-06
 6.71619e+22	1.62e-22	1.87e-16	1.02e-11	6.65e-10	2.30e-08	2.69e-07	1.51e-06	1.11e-05	2.08e-03	3.94e-02	1.91e-01	3.07e-01	3.17e-01	1.13e-01	2.19e-02	5.37e-03	3.21e-03	1.54e-04	2.55e-06
 6.76125e+22	2.20e-22	2.48e-16	1.32e-11	8.38e-10	2.82e-08	3.23e-07	1.75e-06	1.26e-05	2.28e-03	4.20e-02	1.98e-01	3.10e-01	3.12e-01	1.07e-01	2.04e-02	4.89e-03	2.86e-03	1.33e-04	2.13e-06
 6.81296e+22	3.25e-22	3.54e-16	1.83e-11	1.12e-09	3.66e-08	4.06e-07	2.13e-06	1.47e-05	2.56e-03	4.55e-02	2.07e-01	3.14e-01	3.04e-01	1.01e-01	1.85e-02	4.33e-03	2.46e-03	1.10e-04	1.69e-06
 6.86572e+22	4.48e-22	4.76e-16	2.39e-11	1.43e-09	4.55e-08	4.90e-07	2.49e-06	1.68e-05	2.82e-03	4.86e-02	2.15e-01	3.16e-01	2.98e-01	9.58e-02	1.71e-02	3.92e-03	2.17e-03	9.38e-05	1.39e-06
 6.91985e+22	6.67e-22	6.86e-16	3.32e-11	1.92e-09	5.94e-08	6.20e-07	3.04e-06	1.97e-05	3.18e-03	5.27e-02	2.25e-01	3.19e-01	2.90e-01	8.96e-02	1.55e-02	3.45e-03	1.86e-03	7.67e-05	1.09e-06
 6.97471e+22	9.24e-22	9.24e-16	4.36e-11	2.46e-09	7.40e-08	7.51e-07	3.57e-06	2.25e-05	3.50e-03	5.63e-02	2.33e-01	3.21e-01	2.83e-01	8.47e-02	1.42e-02	3.10e-03	1.63e-03	6.49e-05	8.89e-07
 7.03053e+22	1.39e-21	1.34e-15	6.11e-11	3.34e-09	9.74e-08	9.56e-07	4.38e-06	2.66e-05	3.96e-03	6.11e-02	2.43e-01	3.23e-01	2.74e-01	7.86e-02	1.27e-02	2.71e-03	1.38e-03	5.25e-05	6.88e-07
 7.08693e+22	1.93e-21	1.81e-15	8.01e-11	4.26e-09	1.21e-07	1.16e-06	5.15e-06	3.03e-05	4.36e-03	6.51e-02	2.51e-01	3.24e-01	2.66e-01	7.40e-02	1.16e-02	2.42e-03	1.20e-03	4.42e-05	5.58e-07
 7.14410e+22	2.94e-21	2.66e-15	1.13e-10	5.82e-09	1.61e-07	1.48e-06	6.34e-06	3.60e-05	4.93e-03	7.06e-02	2.61e-01	3.25e-01	2.56e-01	6.83e-02	1.03e-02	2.10e-03	1.01e-03	3.53e-05	4.25e-07
 7.20157e+22	4.05e-21	3.57e-15	1.48e-10	7.40e-09	1.99e-07	1.79e-06	7.44e-06	4.10e-05	5.42e-03	7.51e-02	2.69e-01	3.26e-01	2.49e-01	6.41e-02	9.42e-03	1.87e-03	8.77e-04	2.96e-05	3.44e-07
 7.24926e+22	5.41e-21	4.65e-15	1.87e-10	9.17e-09	2.42e-07	2.13e-06	8.59e-06	4.62e-05	5.90e-03	7.94e-02	2.76e-01	3.25e-01	2.42e-01	6.04e-02	8.65e-03	1.69e-03	7.72e-04	2.52e-05	2.84e-07
 7.30111e+22	7.89e-21	6.56e-15	2.55e-10	1.21e-08	3.11e-07	2.66e-06	1.04e-05	5.39e-05	6.59e-03	8.52e-02	2.85e-01	3.25e-01	2.32e-01	5.58e-02	7.72e-03	1.47e-03	6.52e-04	2.04e-05	2.19e-07
 7.35284e+22	1.05e-20	8.49e-15	3.22e-10	1.49e-08	3.76e-07	3.14e-06	1.19e-05	6.05e-05	7.16e-03	8.98e-02	2.92e-01	3.24e-01	2.25e-01	5.25e-02	7.07e-03	1.33e-03	5.74e-04	1.73e-05	1.81e-07
 7.40444e+22	1.52e-20	1.19e-14	4.35e-10	1.96e-08	4.82e-07	3.92e-06	1.44e-05	7.06e-05	7.99e-03	9.62e-02	3.01e-01	3.23e-01	2.16e-01	4.83e-02	6.29e-03	1.15e-03	4.82e-04	1.39e-05	1.39e-07
 7.45665e+22	2.02e-20	1.55e-14	5.50e-10	2.43e-08	5.85e-07	4.64e-06	1.66e-05	7.95e-05	8.69e-03	1.01e-01	3.08e-01	3.21e-01	2.08e-01	4.52e-02	5.73e-03	1.03e-03	4.21e-04	1.18e-05	0.00e+00
 7.50966e+22	2.95e-20	2.18e-14	7.47e-10	3.20e-08	7.53e-07	5.82e-06	2.01e-05	9.31e-05	9.72e-03	1.09e-01	3.17e-01	3.19e-01	1.99e-01	4.13e-02	5.05e-03	8.86e-04	3.50e-04	9.32e-06	0.00e+00
 7.56330e+22	3.95e-20	2.84e-14	9.45e-10	3.97e-08	9.16e-07	6.93e-06	2.33e-05	1.05e-04	1.06e-02	1.14e-01	3.23e-01	3.16e-01	1.91e-01	3.84e-02	4.57e-03	7.87e-04	3.03e-04	7.79e-06	0.00e+00
 7.61776e+22	5.76e-20	3.99e-14	1.28e-09	5.24e-08	1.18e-06	8.71e-06	2.83e-05	1.24e-04	1.19e-02	1.22e-01	3.32e-01	3.13e-01	1.81e-01	3.48e-02	3.99e-03	6.72e-04	2.50e-04	6.11e-06	0.00e+00
 7.67328e+22	7.79e-20	5.24e-14	1.63e-09	6.53e-08	1.45e-06	1.05e-05	3.31e-05	1.41e-04	1.30e-02	1.29e-01	3.38e-01	3.09e-01	1.73e-01	3.21e-02	3.57e-03	5.90e-04	2.13e-04	5.01e-06	0.00e+00
 7.73018e+22	1.15e-19	7.43e-14	2.22e-09	8.67e-08	1.89e-06	1.33e-05	4.05e-05	1.67e-04	1.46e-02	1.39e-01	3.47e-01	3.04e-01	1.63e-01	2.88e-02	3.08e-03	4.97e-04	1.73e-04	3.85e-06	0.00e+00
 7.78812e+22	1.56e-19	9.78e-14	2.83e-09	1.08e-07	2.33e-06	1.60e-05	4.76e-05	1.91e-04	1.61e-02	1.46e-01	3.53e-01	3.00e-01	1.55e-01	2.64e-02	2.73e-03	4.32e-04	1.46e-04	3.12e-06	0.00e+00
 7.84741e+22	2.30e-19	1.39e-13	3.85e-09	1.44e-07	3.05e-06	2.05e-05	5.87e-05	2.29e-04	1.81e-02	1.57e-01	3.60e-01	2.94e-01	1.44e-01	2.34e-02	2.32e-03	3.58e-04	1.16e-04	2.35e-06	0.00e+00
 7.90739e+22	3.12e-19	1.82e-13	4.89e-09	1.80e-07	3.76e-06	2.48e-05	6.92e-05	2.63e-04	2.00e-02	1.66e-01	3.66e-01	2.88e-01	1.36e-01	2.12e-02	2.04e-03	3.09e-04	9.66e-05	1.87e-06	0.00e+00
 7.95805e+22	4.10e-19	2.33e-13	6.04e-09	2.20e-07	4.55e-06	2.96e-05	8.04e-05	2.99e-04	2.18e-02	1.74e-01	3.70e-01	2.83e-01	1.29e-01	1.94e-02	1.80e-03	2.68e-04	8.15e-05	1.51e-06	0.00e+00
 8.01346e+22	5.79e-19	3.16e-13	7.88e-09	2.83e-07	5.80e-06	3.70e-05	9.75e-05	3.54e-04	2.44e-02	1.85e-01	3.76e-01	2.75e-01	1.20e-01	1.71e-02	1.54e-03	2.23e-04	6.51e-05	1.15e-06	0.00e+00
 8.06910e+22	7.54e-19	3.99e-13	9.65e-09	3.44e-07	6.99e-06	4.40e-05	1.13e-04	4.03e-04	2.67e-02	1.94e-01	3.79e-01	2.69e-01	1.13e-01	1.55e-02	1.35e-03	1.93e-04	5.45e-05	9.21e-07	0.00e+00
 8.12343e+22	1.03e-18	5.27e-13	1.22e-08	4.33e-07	8.77e-06	5.44e-05	1.36e-04	4.73e-04	2.97e-02	2.06e-01	3.83e-01	2.61e-01	1.05e-01	1.37e-02	1.15e-03	1.61e-04	4.36e-05	7.00e-07	0.00e+00
 8.17885e+22	1.34e-18	6.63e-13	1.49e-08	5.25e-07	1.06e-05	6.49e-05	1.59e-04	5.42e-04	3.25e-02	2.16e-01	3.86e-01	2.54e-01	9.77e-02	1.23e-02	9.99e-04	1.37e-04	3.61e-05	5.54e-07	0.00e+00
 8.23346e+22	1.79e-18	8.54e-13	1.85e-08	6.51e-07	1.31e-05	7.95e-05	1.89e-04	6.34e-04	3.61e-02	2.28e-01	3.88e-01	2.45e-01	9.00e-02	1.09e-02	8.47e-04	1.14e-04	2.88e-05	4.20e-07	0.00e+00
 8.28916e+22	2.32e-18	1.07e-12	2.23e-08	7.88e-07	1.59e-05	9.52e-05	2.22e-04	7.30e-04	3.97e-02	2.39e-01	3.89e-01	2.37e-01	8.34e-02	9.65e-03	7.27e-04	9.61e-05	2.34e-05	3.26e-07	0.00e+00
 8.34367e+22	3.02e-18	1.34e-12	2.70e-08	9.57e-07	1.94e-05	1.15e-04	2.61e-04	8.47e-04	4.37e-02	2.51e-01	3.90e-01	2.28e-01	7.67e-02	8.50e-03	6.18e-04	8.01e-05	1.88e-05	2.49e-07	0.00e+00
 8.39877e+22	3.87e-18	1.66e-12	3.23e-08	1.15e-06	2.34e-05	1.38e-04	3.06e-04	9.78e-04	4.80e-02	2.62e-01	3.90e-01	2.20e-01	7.05e-02	7.49e-03	5.26e-04	6.69e-05	1.52e-05	1.91e-07	0.00e+00
 8.45317e+22	4.92e-18	2.04e-12	3.83e-08	1.38e-06	2.81e-05	1.64e-04	3.57e-04	1.13e-03	5.27e-02	2.74e-01	3.89e-01	2.11e-01	6.47e-02	6.58e-03	4.47e-04	5.57e-05	1.22e-05	1.47e-07	0.00e+00
 8.50743e+22	6.21e-18	2.49e-12	4.50e-08	1.64e-06	3.37e-05	1.95e-04	4.15e-04	1.30e-03	5.77e-02	2.86e-01	3.87e-01	2.02e-01	5.92e-02	5.78e-03	3.79e-04	4.64e-05	9.78e-06	0.00e+00	0.00e+00
 8.56178e+22	7.80e-18	3.02e-12	5.26e-08	1.94e-06	4.02e-05	2.32e-04	4.82e-04	1.49e-03	6.32e-02	2.98e-01	3.85e-01	1.92e-01	5.40e-02	5.06e-03	3.20e-04	3.85e-05	7.82e-06	0.00e+00	0.00e+00
 8.61631e+22	9.73e-18	3.63e-12	6.12e-08	2.29e-06	4.78e-05	2.74e-04	5.58e-04	1.71e-03	6.90e-02	3.10e-01	3.81e-01	1.83e-01	4.91e-02	4.42e-03	2.71e-04	3.19e-05	6.26e-06	0.00e+00	0.00e+00
 8.67104e+22	1.21e-17	4.36e-12	7.08e-08	2.70e-06	5.67e-05	3.24e-04	6.45e-04	1.97e-03	7.53e-02	3.22e-01	3.77e-01	1.74e-01	4.46e-02	3.85e-03	2.28e-04	2.63e-05	4.99e-06	0.00e+00	0.00e+00
 8.72623e+22	1.50e-17	5.21e-12	8.17e-08	3.17e-06	6.71e-05	3.82e-04	7.44e-04	2.25e-03	8.20e-02	3.33e-01	3.72e-01	1.65e-01	4.04e-02	3.35e-03	1.92e-04	2.17e-05	3.97e-06	0.00e+00	0.00e+00
 8.78194e+22	1.85e-17	6.22e-12	9.40e-08	3.72e-06	7.93e-05	4.49e-04	8.55e-04	2.58e-03	8.91e-02	3.44e-01	3.67e-01	1.56e-01	3.65e-02	2.90e-03	1.61e-04	1.78e-05	3.14e-06	0.00e+00	0.00e+00
 8.83798e+22	2.28e-17	7.39e-12	1.08e-07	4.35e-06	9.34e-05	5.26e-04	9.80e-04	2.94e-03	9.67e-02	3.55e-01	3.61e-01	1.47e-01	3.29e-02	2.51e-03	1.35e-04	1.47e-05	2.49e-06	0.00e+00	0.00e+00
 8.89489e+22	2.82e-17	8.80e-12	1.24e-07	5.09e-06	1.10e-04	6.17e-04	1.12e-03	3.36e-03	1.05e-01	3.66e-01	3.53e-01	1.38e-01	2.95e-02	2.16e-03	1.12e-04	1.19e-05	1.96e-06	0.00e+00	0.00e+00
 8.95235e+22	3.47e-17	1.05e-11	1.42e-07	5.94e-06	1.29e-04	7.19e-04	1.28e-03	3.83e-03	1.13e-01	3.76e-01	3.46e-01	1.30e-01	2.64e-02	1.86e-03	9.35e-05	9.77e-06	1.55e-06	0.00e+00	0.00e+00
 9.01100e+22	4.31e-17	1.25e-11	1.63e-07	6.98e-06	1.53e-04	8.43e-04	1.47e-03	4.37e-03	1.23e-01	3.87e-01	3.37e-01	1.21e-01	2.35e-02	1.59e-03	7.72e-05	7.90e-06	1.21e-06	0.00e+00	0.00e+00
 9.07063e+22	5.33e-17	1.49e-11	1.87e-07	8.16e-06	1.79e-04	9.82e-04	1.67e-03	4.96e-03	1.32e-01	3.96e-01	3.28e-01	1.13e-01	2.10e-02	1.37e-03	6.41e-05	6.41e-06	9.47e-07	0.00e+00	0.00e+00
 9.12521e+22	6.39e-17	1.73e-11	2.11e-07	9.31e-06	2.04e-04	1.11e-03	1.85e-03	5.51e-03	1.41e-01	4.03e-01	3.21e-01	1.07e-01	1.90e-02	1.20e-03	5.47e-05	5.38e-06	7.71e-07	0.00e+00	0.00e+00
 9.18223e+22	8.03e-17	2.09e-11	2.45e-07	1.10e-05	2.42e-04	1.30e-03	2.11e-03	6.29e-03	1.52e-01	4.11e-01	3.10e-01	9.87e-02	1.67e-02	1.01e-03	4.46e-05	4.29e-06	5.93e-07	0.00e+00	0.00e+00
 9.24014e+22	9.71e-17	2.45e-11	2.77e-07	1.26e-05	2.76e-04	1.48e-03	2.34e-03	6.98e-03	1.61e-01	4.17e-01	3.02e-01	9.26e-02	1.51e-02	8.85e-04	3.79e-05	3.58e-06	4.80e-07	0.00e+00	0.00e+00
 9.29977e+22	1.24e-16	3.00e-11	3.26e-07	1.50e-05	3.28e-04	1.74e-03	2.67e-03	7.95e-03	1.73e-01	4.24e-01	2.90e-01	8.51e-02	1.32e-02	7.42e-04	3.07e-05	2.83e-06	3.66e-07	0.00e+00	0.00e+00
 9.35964e+22	1.51e-16	3.53e-11	3.72e-07	1.72e-05	3.74e-04	1.96e-03	2.94e-03	8.78e-03	1.83e-01	4.29e-01	2.81e-01	7.96e-02	1.19e-02	6.47e-04	2.61e-05	2.36e-06	2.96e-07	0.00e+00	0.00e+00
 9.41983e+22	1.94e-16	4.35e-11	4.39e-07	2.06e-05	4.43e-04	2.29e-03	3.33e-03	9.97e-03	1.96e-01	4.34e-01	2.70e-01	7.28e-02	1.03e-02	5.41e-04	2.10e-05	1.86e-06	2.25e-07	0.00e+00	0.00e+00
 9.48021e+22	2.38e-16	5.16e-11	5.04e-07	2.37e-05	5.05e-04	2.58e-03	3.66e-03	1.09e-02	2.06e-01	4.37e-01	2.61e-01	6.80e-02	9.31e-03	4.73e-04	1.79e-05	1.55e-06	1.82e-07	0.00e+00	0.00e+00
 9.54082e+22	3.08e-16	6.42e-11	6.02e-07	2.83e-05	5.96e-04	2.99e-03	4.12e-03	1.23e-02	2.20e-01	4.41e-01	2.49e-01	6.21e-02	8.09e-03	3.95e-04	1.44e-05	1.22e-06	1.39e-07	0.00e+00	0.00e+00
 9.60207e+22	3.81e-16	7.68e-11	6.96e-07	3.27e-05	6.80e-04	3.36e-03	4.51e-03	1.35e-02	2.30e-01	4.42e-01	2.40e-01	5.77e-02	7.25e-03	3.44e-04	1.22e-05	1.02e-06	0.00e+00	0.00e+00	0.00e+00
 9.66414e+22	5.01e-16	9.68e-11	8.41e-07	3.94e-05	8.05e-04	3.91e-03	5.06e-03	1.52e-02	2.44e-01	4.44e-01	2.28e-01	5.24e-02	6.27e-03	2.86e-04	9.85e-06	7.98e-07	0.00e+00	0.00e+00	0.00e+00
 9.72700e+22	6.27e-16	1.17e-10	9.83e-07	4.58e-05	9.19e-04	4.39e-03	5.53e-03	1.66e-02	2.55e-01	4.44e-01	2.19e-01	4.86e-02	5.60e-03	2.48e-04	8.32e-06	6.61e-07	0.00e+00	0.00e+00	0.00e+00
 9.79088e+22	8.38e-16	1.50e-10	1.20e-06	5.56e-05	1.09e-03	5.09e-03	6.18e-03	1.86e-02	2.70e-01	4.43e-01	2.07e-01	4.39e-02	4.82e-03	2.06e-04	6.66e-06	5.17e-07	0.00e+00	0.00e+00	0.00e+00
 9.85592e+22	1.06e-15	1.84e-10	1.43e-06	6.51e-05	1.25e-03	5.72e-03	6.75e-03	2.02e-02	2.81e-01	4.42e-01	1.98e-01	4.05e-02	4.28e-03	1.78e-04	5.59e-06	4.26e-07	0.00e+00	0.00e+00	0.00e+00
 9.92248e+22	1.45e-15	2.39e-10	1.78e-06	7.99e-05	1.49e-03	6.65e-03	7.54e-03	2.26e-02	2.96e-01	4.39e-01	1.86e-01	3.64e-02	3.66e-03	1.46e-04	4.44e-06	3.30e-07	0.00e+00	0.00e+00	0.00e+00
 9.99052e+22	1.88e-15	2.98e-10	2.14e-06	9.45e-05	1.72e-03	7.49e-03	8.23e-03	2.46e-02	3.08e-01	4.36e-01	1.77e-01	3.34e-02	3.23e-03	1.25e-04	3.70e-06	2.69e-07	0.00e+00	0.00e+00	0.00e+00
 1.00605e+23	2.62e-15	3.97e-10	2.71e-06	1.17e-04	2.06e-03	8.73e-03	9.19e-03	2.75e-02	3.23e-01	4.31e-01	1.65e-01	2.97e-02	2.73e-03	1.02e-04	2.90e-06	2.06e-07	0.00e+00	0.00e+00	0.00e+00
 1.01319e+23	3.45e-15	5.03e-10	3.31e-06	1.40e-04	2.39e-03	9.85e-03	1.00e-02	2.99e-02	3.35e-01	4.27e-01	1.56e-01	2.71e-02	2.40e-03	8.69e-05	2.40e-06	1.67e-07	0.00e+00	0.00e+00	0.00e+00
 1.01921e+23	4.40e-15	6.21e-10	3.95e-06	1.64e-04	2.72e-03	1.10e-02	1.08e-02	3.22e-02	3.45e-01	4.22e-01	1.49e-01	2.49e-02	2.13e-03	7.52e-05	2.02e-06	1.39e-07	0.00e+00	0.00e+00	0.00e+00
 1.02573e+23	6.05e-15	8.18e-10	4.98e-06	2.01e-04	3.21e-03	1.26e-02	1.19e-02	3.53e-02	3.59e-01	4.15e-01	1.39e-01	2.23e-02	1.82e-03	6.23e-05	1.62e-06	0.00e+00	0.00e+00	0.00e+00	0.00e+00
 1.03207e+23	7.64e-15	1.00e-09	5.90e-06	2.33e-04	3.62e-03	1.38e-02	1.28e-02	3.76e-02	3.68e-01	4.10e-01	1.32e-01	2.06e-02	1.63e-03	5.44e-05	1.38e-06	0.00e+00	0.00e+00	0.00e+00	0.00e+00
 1.03818e+23	1.03e-14	1.30e-09	7.35e-06	2.82e-04	4.23e-03	1.57e-02	1.39e-02	4.09e-02	3.79e-01	4.02e-01	1.24e-01	1.85e-02	1.40e-03	4.55e-05	1.12e-06	0.00e+00	0.00e+00	0.00e+00	0.00e+00
 1.04436e+23	1.31e-14	1.60e-09	8.76e-06	3.28e-04	4.77e-03	1.73e-02	1.49e-02	4.35e-02	3.88e-01	3.95e-01	1.18e-01	1.71e-02	1.25e-03	3.97e-05	9.53e-07	0.00e+00	0.00e+00	0.00e+00	0.00e+00
 1.05061e+23	1.79e-14	2.10e-09	1.10e-05	3.99e-04	5.58e-03	1.96e-02	1.62e-02	4.71e-02	3.99e-01	3.86e-01	1.10e-01	1.53e-02	1.07e-03	3.31e-05	7.69e-07	0.00e+00	0.00e+00	0.00e+00	0.00e+00
 1.05695e+23	2.30e-14	2.60e-09	1.32e-05	4.65e-04	6.32e-03	2.15e-02	1.73e-02	4.99e-02	4.07e-01	3.79e-01	1.04e-01	1.40e-02	9.54e-04	2.87e-05	6.52e-07	0.00e+00	0.00e+00	0.00e+00	0.00e+00
 1.06341e+23	3.18e-14	3.44e-09	1.67e-05	5.69e-04	7.41e-03	2.44e-02	1.88e-02	5.39e-02	4.17e-01	3.69e-01	9.61e-02	1.25e-02	8.14e-04	2.38e-05	5.22e-07	0.00e+00	0.00e+00	0.00e+00	0.00e+00
 1.06996e+23	4.10e-14	4.30e-09	2.02e-05	6.67e-04	8.40e-03	2.69e-02	2.01e-02	5.71e-02	4.24e-01	3.60e-01	9.05e-02	1.14e-02	7.19e-04	2.06e-05	4.40e-07	0.00e+00	0.00e+00	0.00e+00	0.00e+00
 1.07663e+23	5.73e-14	5.75e-09	2.59e-05	8.19e-04	9.87e-03	3.04e-02	2.18e-02	6.15e-02	4.33e-01	3.49e-01	8.34e-02	1.01e-02	6.09e-04	1.69e-05	3.50e-07	0.00e+00	0.00e+00	0.00e+00	0.00e+00
 1.08341e+23	7.48e-14	7.24e-09	3.15e-05	9.65e-04	1.12e-02	3.36e-02	2.32e-02	6.50e-02	4.39e-01	3.40e-01	7.81e-02	9.13e-03	5.35e-04	1.45e-05	2.93e-07	0.00e+00	0.00e+00	0.00e+00	0.00e+00
 1.09035e+23	1.06e-13	9.78e-09	4.06e-05	1.19e-03	1.32e-02	3.80e-02	2.52e-02	6.98e-02	4.46e-01	3.27e-01	7.15e-02	8.02e-03	4.49e-04	1.18e-05	2.31e-07	0.00e+00	0.00e+00	0.00e+00	0.00e+00
 1.09747e+23	1.40e-13	1.25e-08	4.99e-05	1.41e-03	1.51e-02	4.20e-02	2.69e-02	7.36e-02	4.50e-01	3.17e-01	6.66e-02	7.21e-03	3.91e-04	1.01e-05	1.91e-07	0.00e+00	0.00e+00	0.00e+00	0.00e+00
 1.10481e+23	2.01e-13	1.71e-08	6.51e-05	1.76e-03	1.79e-02	4.77e-02	2.91e-02	7.88e-02	4.55e-01	3.02e-01	6.04e-02	6.26e-03	3.24e-04	8.10e-06	1.48e-07	0.00e+00	0.00e+00	0.00e+00	0.00e+00
 1.11234e+23	2.70e-13	2.21e-08	8.08e-05	2.10e-03	2.05e-02	5.27e-02	3.11e-02	8.30e-02	4.58e-01	2.91e-01	5.57e-02	5.58e-03	2.79e-04	6.80e-06	1.21e-07	0.00e+00	0.00e+00	0.00e+00	0.00e+00
 1.12011e+23	3.95e-13	3.07e-08	1.07e-04	2.64e-03	2.43e-02	5.98e-02	3.36e-02	8.85e-02	4.60e-01	2.76e-01	5.00e-02	4.79e-03	2.28e-04	5.40e-06	0.00e+00	0.00e+00	0.00e+00	0.00e+00	0.00e+00
 1.12795e+23	5.30e-13	3.96e-08	1.32e-04	3.14e-03	2.78e-02	6.58e-02	3.57e-02	9.26e-02	4.61e-01	2.64e-01	4.59e-02	4.24e-03	1.95e-04	4.51e-06	0.00e+00	0.00e+00	0.00e+00	0.00e+00	0.00e+00
 1.13587e+23	7.79e-13	5.52e-08	1.75e-04	3.93e-03	3.30e-02	7.44e-02	3.84e-02	9.81e-02	4.59e-01	2.48e-01	4.08e-02	3.60e-03	1.58e-04	3.55e-06	0.00e+00	0.00e+00	0.00e+00	0.00e+00	0.00e+00
 1.14388e+23	1.05e-12	7.12e-08	2.17e-04	4.68e-03	3.75e-02	8.16e-02	4.06e-02	1.02e-01	4.57e-01	2.36e-01	3.72e-02	3.17e-03	1.34e-04	2.95e-06	0.00e+00	0.00e+00	0.00e+00	0.00e+00	0.00e+00
 1.15199e+23	1.54e-12	9.93e-08	2.87e-04	5.84e-03	4.43e-02	9.16e-02	4.34e-02	1.07e-01	4.52e-01	2.19e-01	3.28e-02	2.67e-03	1.08e-04	2.29e-06	0.00e+00	0.00e+00	0.00e+00	0.00e+00	0.00e+00
 1.16024e+23	2.07e-12	1.29e-07	3.56e-04	6.94e-03	5.03e-02	1.00e-01	4.57e-02	1.11e-01	4.47e-01	2.07e-01	2.96e-02	2.32e-03	9.07e-05	1.88e-06	0.00e+00	0.00e+00	0.00e+00	0.00e+00	0.00e+00
 1.16753e+23	2.79e-12	1.66e-07	4.41e-04	8.22e-03	5.70e-02	1.09e-01	4.78e-02	1.15e-01	4.40e-01	1.94e-01	2.67e-02	2.02e-03	7.59e-05	1.54e-06	0.00e+00	0.00e+00	0.00e+00	0.00e+00	0.00e+00
 1.17584e+23	4.06e-12	2.29e-07	5.77e-04	1.02e-02	6.65e-02	1.21e-01	5.06e-02	1.19e-01	4.29e-01	1.79e-01	2.32e-02	1.68e-03	6.03e-05	1.19e-06	0.00e+00	0.00e+00	0.00e+00	0.00e+00	0.00e+00
 1.18431e+23	5.51e-12	2.98e-07	7.17e-04	1.20e-02	7.52e-02	1.31e-01	5.27e-02	1.22e-01	4.19e-01	1.66e-01	2.06e-02	1.44e-03	4.97e-05	9.58e-07	0.00e+00	0.00e+00	0.00e+00	0.00e+00	0.00e+00
 1.19119e+23	7.10e-12	3.70e-07	8.58e-04	1.39e-02	8.31e-02	1.40e-01	5.44e-02	1.24e-01	4.09e-01	1.55e-01	1.86e-02	1.26e-03	4.22e-05	7.97e-07	0.00e+00	0.00e+00	0.00e+00	0.00e+00	0.00e+00
 1.19832e+23	9.56e-12	4.76e-07	1.06e-03	1.63e-02	9.32e-02	1.50e-01	5.63e-02	1.26e-01	3.96e-01	1.43e-01	1.64e-02	1.07e-03	3.46e-05	6.39e-07	0.00e+00	0.00e+00	0.00e+00	0.00e+00	0.00e+00
 1.20582e+23	1.24e-11	5.96e-07	1.27e-03	1.88e-02	1.03e-01	1.60e-01	5.79e-02	1.27e-01	3.84e-01	1.33e-01	1.46e-02	9.22e-04	2.89e-05	5.22e-07	0.00e+00	0.00e+00	0.00e+00	0.00e+00	0.00e+00
 1.21270e+23	1.61e-11	7.41e-07	1.52e-03	2.15e-02	1.13e-01	1.69e-01	5.92e-02	1.28e-01	3.70e-01	1.23e-01	1.30e-02	7.94e-04	2.41e-05	4.27e-07	0.00e+00	0.00e+00	0.00e+00	0.00e+00	0.00e+00
 1.22055e+23	2.21e-11	9.69e-07	1.89e-03	2.54e-02	1.27e-01	1.81e-01	6.07e-02	1.29e-01	3.53e-01	1.11e-01	1.12e-02	6.56e-04	1.91e-05	3.31e-07	0.00e+00	0.00e+00	0.00e+00	0.00e+00	0.00e+00
 1.22861e+23	2.91e-11	1.22e-06	2.29e-03	2.93e-02	1.39e-01	1.91e-01	6.18e-02	1.29e-01	3.36e-01	1.01e-01	9.74e-03	5.51e-04	1.55e-05	2.63e-07	0.00e+00	0.00e+00	0.00e+00	0.00e+00	0.00e+00
 1.23568e+23	3.72e-11	1.51e-06	2.71e-03	3.32e-02	1.51e-01	2.00e-01	6.25e-02	1.28e-01	3.21e-01	9.21e-02	8.57e-03	4.69e-04	1.28e-05	2.12e-07	0.00e+00	0.00e+00	0.00e+00	0.00e+00	0.00e+00
 1.24363e+23	5.04e-11	1.94e-06	3.33e-03	3.86e-02	1.67e-01	2.10e-01	6.32e-02	1.27e-01	3.01e-01	8.19e-02	7.26e-03	3.82e-04	1.00e-05	1.62e-07	0.00e+00	0.00e+00	0.00e+00	0.00e+00	0.00e+00
 1.25196e+23	6.63e-11	2.44e-06	4.00e-03	4.42e-02	1.82e-01	2.19e-01	6.35e-02	1.25e-01	2.82e-01	7.31e-02	6.20e-03	3.14e-04	7.96e-06	1.26e-07	0.00e+00	0.00e+00	0.00e+00	0.00e+00	0.00e+00
 1.25949e+23	8.49e-11	3.00e-06	4.71e-03	4.97e-02	1.96e-01	2.26e-01	6.35e-02	1.23e-01	2.65e-01	6.56e-02	5.34e-03	2.62e-04	6.42e-06	0.00e+00	0.00e+00	0.00e+00	0.00e+00	0.00e+00	0.00e+00
 1.26800e+23	1.15e-10	3.87e-06	5.76e-03	5.74e-02	2.14e-01	2.35e-01	6.32e-02	1.20e-01	2.44e-01	5.69e-02	4.40e-03	2.07e-04	4.88e-06	0.00e+00	0.00e+00	0.00e+00	0.00e+00	0.00e+00	0.00e+00
 1.27678e+23	1.51e-10	4.84e-06	6.87e-03	6.49e-02	2.30e-01	2.41e-01	6.25e-02	1.16e-01	2.25e-01	4.98e-02	3.68e-03	1.67e-04	3.79e-06	0.00e+00	0.00e+00	0.00e+00	0.00e+00	0.00e+00	0.00e+00
 1.28459e+23	1.92e-10	5.90e-06	8.02e-03	7.23e-02	2.44e-01	2.46e-01	6.17e-02	1.12e-01	2.08e-01	4.39e-02	3.11e-03	1.37e-04	3.00e-06	0.00e+00	0.00e+00	0.00e+00	0.00e+00	0.00e+00	0.00e+00
 1.29343e+23	2.59e-10	7.53e-06	9.70e-03	8.23e-02	2.62e-01	2.51e-01	6.03e-02	1.07e-01	1.87e-01	3.72e-02	2.51e-03	1.06e-04	2.22e-06	0.00e+00	0.00e+00	0.00e+00	0.00e+00	0.00e+00	0.00e+00
 1.30262e+23	3.37e-10	9.34e-06	1.14e-02	9.20e-02	2.78e-01	2.54e-01	5.88e-02	1.02e-01	1.69e-01	3.19e-02	2.05e-03	8.32e-05	1.69e-06	0.00e+00	0.00e+00	0.00e+00	0.00e+00	0.00e+00	0.00e+00
 1.31090e+23	4.29e-10	1.14e-05	1.33e-02	1.02e-01	2.92e-01	2.56e-01	5.71e-02	9.74e-02	1.53e-01	2.75e-02	1.69e-03	6.63e-05	1.30e-06	0.00e+00	0.00e+00	0.00e+00	0.00e+00	0.00e+00	0.00e+00
 1.32029e+23	5.82e-10	1.45e-05	1.60e-02	1.15e-01	3.09e-01	2.56e-01	5.47e-02	9.09e-02	1.35e-01	2.26e-02	1.32e-03	4.93e-05	9.24e-07	0.00e+00	0.00e+00	0.00e+00	0.00e+00	0.00e+00	0.00e+00
 1.32994e+23	7.48e-10	1.77e-05	1.86e-02	1.26e-01	3.23e-01	2.55e-01	5.26e-02	8.53e-02	1.20e-01	1.91e-02	1.06e-03	3.82e-05	6.89e-07	0.00e+00	0.00e+00	0.00e+00	0.00e+00	0.00e+00	0.00e+00
 1.33862e+23	9.50e-10	2.15e-05	2.15e-02	1.38e-01	3.35e-01	2.53e-01	5.03e-02	7.99e-02	1.06e-01	1.61e-02	8.54e-04	2.97e-05	5.17e-07	0.00e+00	0.00e+00	0.00e+00	0.00e+00	0.00e+00	0.00e+00
 1.34858e+23	1.29e-09	2.74e-05	2.56e-02	1.53e-01	3.48e-01	2.48e-01	4.72e-02	7.29e-02	9.09e-02	1.28e-02	6.42e-04	2.13e-05	3.54e-07	0.00e+00	0.00e+00	0.00e+00	0.00e+00	0.00e+00	0.00e+00
 1.35863e+23	1.64e-09	3.31e-05	2.95e-02	1.67e-01	3.58e-01	2.43e-01	4.47e-02	6.74e-02	7.96e-02	1.06e-02	5.08e-04	1.63e-05	2.60e-07	0.00e+00	0.00e+00	0.00e+00	0.00e+00	0.00e+00	0.00e+00
 1.36880e+23	2.19e-09	4.15e-05	3.47e-02	1.83e-01	3.68e-01	2.36e-01	4.16e-02	6.08e-02	6.73e-02	8.37e-03	3.78e-04	1.16e-05	1.76e-07	0.00e+00	0.00e+00	0.00e+00	0.00e+00	0.00e+00	0.00e+00
 1.37912e+23	2.78e-09	5.00e-05	3.97e-02	1.97e-01	3.74e-01	2.29e-01	3.89e-02	5.55e-02	5.82e-02	6.84e-03	2.94e-04	8.67e-06	1.27e-07	0.00e+00	0.00e+00	0.00e+00	0.00e+00	0.00e+00	0.00e+00
 1.38966e+23	3.73e-09	6.28e-05	4.66e-02	2.15e-01	3.80e-01	2.19e-01	3.57e-02	4.93e-02	4.82e-02	5.27e-03	2.14e-04	6.00e-06	0.00e+00	0.00e+00	0.00e+00	0.00e+00	0.00e+00	0.00e+00	0.00e+00
 1.40029e+23	4.70e-09	7.50e-05	5.27e-02	2.30e-01	3.83e-01	2.11e-01	3.31e-02	4.47e-02	4.13e-02	4.26e-03	1.65e-04	4.46e-06	0.00e+00	0.00e+00	0.00e+00	0.00e+00	0.00e+00	0.00e+00	0.00e+00
 1.41106e+23	6.28e-09	9.37e-05	6.15e-02	2.48e-01	3.85e-01	1.99e-01	3.00e-02	3.91e-02	3.37e-02	3.23e-03	1.18e-04	3.03e-06	0.00e+00	0.00e+00	0.00e+00	0.00e+00	0.00e+00	0.00e+00	0.00e+00
 1.42193e+23	7.85e-09	1.11e-04	6.91e-02	2.62e-01	3.85e-01	1.90e-01	2.77e-02	3.51e-02	2.87e-02	2.58e-03	8.99e-05	2.23e-06	0.00e+00	0.00e+00	0.00e+00	0.00e+00	0.00e+00	0.00e+00	0.00e+00
 1.43295e+23	1.04e-08	1.38e-04	7.98e-02	2.80e-01	3.82e-01	1.77e-01	2.48e-02	3.04e-02	2.31e-02	1.93e-03	6.33e-05	1.50e-06	0.00e+00	0.00e+00	0.00e+00	0.00e+00	0.00e+00	0.00e+00	0.00e+00
 1.44411e+23	1.30e-08	1.63e-04	8.91e-02	2.95e-01	3.78e-01	1.68e-01	2.27e-02	2.70e-02	1.94e-02	1.52e-03	4.77e-05	1.09e-06	0.00e+00	0.00e+00	0.00e+00	0.00e+00	0.00e+00	0.00e+00	0.00e+00
 1.45547e+23	1.73e-08	2.01e-04	1.02e-01	3.12e-01	3.71e-01	1.55e-01	2.01e-02	2.31e-02	1.54e-02	1.12e-03	3.30e-05	7.15e-07	0.00e+00	0.00e+00	0.00e+00	0.00e+00	0.00e+00	0.00e+00	0.00e+00
 1.46664e+23	2.12e-08	2.34e-04	1.13e-01	3.24e-01	3.64e-01	1.46e-01	1.83e-02	2.05e-02	1.30e-02	8.89e-04	2.50e-05	5.23e-07	0.00e+00	0.00e+00	0.00e+00	0.00e+00	0.00e+00	0.00e+00	0.00e+00
 1.47599e+23	2.57e-08	2.70e-04	1.24e-01	3.36e-01	3.57e-01	1.37e-01	1.67e-02	1.82e-02	1.10e-02	7.10e-04	1.92e-05	3.86e-07	0.00e+00	0.00e+00	0.00e+00	0.00e+00	0.00e+00	0.00e+00	0.00e+00
 1.48504e+23	3.09e-08	3.09e-04	1.35e-01	3.46e-01	3.49e-01	1.29e-01	1.53e-02	1.63e-02	9.31e-03	5.71e-04	1.48e-05	2.89e-07	0.00e+00	0.00e+00	0.00e+00	0.00e+00	0.00e+00	0.00e+00	0.00e+00
 1.49525e+23	3.90e-08	3.66e-04	1.50e-01	3.58e-01	3.38e-01	1.18e-01	1.36e-02	1.40e-02	7.53e-03	4.30e-04	1.06e-05	1.98e-07	0.00e+00	0.00e+00	0.00e+00	0.00e+00	0.00e+00	0.00e+00	0.00e+00
 1.50540e+23	4.67e-08	4.16e-04	1.62e-01	3.67e-01	3.29e-01	1.11e-01	1.24e-02	1.24e-02	6.35e-03	3.44e-04	8.15e-06	1.47e-07	0.00e+00	0.00e+00	0.00e+00	0.00e+00	0.00e+00	0.00e+00	0.00e+00
 1.51548e+23	5.83e-08	4.88e-04	1.78e-01	3.76e-01	3.16e-01	1.01e-01	1.10e-02	1.06e-02	5.13e-03	2.59e-04	5.85e-06	0.00e+00	0.00e+00	0.00e+00	0.00e+00	0.00e+00	0.00e+00	0.00e+00	0.00e+00
 1.52576e+23	6.99e-08	5.55e-04	1.92e-01	3.84e-01	3.05e-01	9.42e-02	9.93e-03	9.36e-03	4.29e-03	2.05e-04	4.44e-06	0.00e+00	0.00e+00	0.00e+00	0.00e+00	0.00e+00	0.00e+00	0.00e+00	0.00e+00
 1.53629e+23	8.74e-08	6.51e-04	2.11e-01	3.91e-01	2.91e-01	8.55e-02	8.73e-03	7.95e-03	3.43e-03	1.52e-04	3.14e-06	0.00e+00	0.00e+00	0.00e+00	0.00e+00	0.00e+00	0.00e+00	0.00e+00	0.00e+00
 1.54690e+23	1.04e-07	7.37e-04	2.27e-01	3.96e-01	2.79e-01	7.90e-02	7.85e-03	6.95e-03	2.85e-03	1.19e-04	2.37e-06	0.00e+00	0.00e+00	0.00e+00	0.00e+00	0.00e+00	0.00e+00	0.00e+00	0.00e+00
 1.55761e+23	1.30e-07	8.58e-04	2.47e-01	4.01e-01	2.64e-01	7.13e-02	6.86e-03	5.86e-03	2.26e-03	8.80e-05	1.66e-06	0.00e+00	0.00e+00	0.00e+00	0.00e+00	0.00e+00	0.00e+00	0.00e+00	0.00e+00
 1.56845e+23	1.55e-07	9.69e-04	2.64e-01	4.04e-01	2.52e-01	6.54e-02	6.14e-03	5.09e-03	1.86e-03	6.85e-05	1.24e-06	0.00e+00	0.00e+00	0.00e+00	0.00e+00	0.00e+00	0.00e+00	0.00e+00	0.00e+00
 1.57714e+23	1.78e-07	1.07e-03	2.79e-01	4.06e-01	2.42e-01	6.09e-02	5.59e-03	4.53e-03	1.59e-03	5.57e-05	9.80e-07	0.00e+00	0.00e+00	0.00e+00	0.00e+00	0.00e+00	0.00e+00	0.00e+00	0.00e+00
 1.58612e+23	2.11e-07	1.20e-03	2.97e-01	4.07e-01	2.29e-01	5.57e-02	4.99e-03	3.92e-03	1.31e-03	4.32e-05	7.33e-07	0.00e+00	0.00e+00	0.00e+00	0.00e+00	0.00e+00	0.00e+00	0.00e+00	0.00e+00
 1.59530e+23	2.44e-07	1.32e-03	3.12e-01	4.07e-01	2.19e-01	5.16e-02	4.52e-03	3.47e-03	1.11e-03	3.49e-05	5.72e-07	0.00e+00	0.00e+00	0.00e+00	0.00e+00	0.00e+00	0.00e+00	0.00e+00	0.00e+00
 1.60347e+23	2.80e-07	1.45e-03	3.27e-01	4.06e-01	2.09e-01	4.79e-02	4.11e-03	3.08e-03	9.47e-04	2.83e-05	4.50e-07	0.00e+00	0.00e+00	0.00e+00	0.00e+00	0.00e+00	0.00e+00	0.00e+00	0.00e+00
 1.61281e+23	3.32e-07	1.63e-03	3.47e-01	4.04e-01	1.97e-01	4.35e-02	3.64e-03	2.64e-03	7.73e-04	2.17e-05	3.32e-07	0.00e+00	0.00e+00	0.00e+00	0.00e+00	0.00e+00	0.00e+00	0.00e+00	0.00e+00
 1.62225e+23	3.81e-07	1.79e-03	3.63e-01	4.02e-01	1.87e-01	4.01e-02	3.28e-03	2.32e-03	6.52e-04	1.74e-05	2.58e-07	0.00e+00	0.00e+00	0.00e+00	0.00e+00	0.00e+00	0.00e+00	0.00e+00	0.00e+00
 1.63053e+23	4.36e-07	1.95e-03	3.79e-01	3.99e-01	1.77e-01	3.70e-02	2.97e-03	2.05e-03	5.53e-04	1.40e-05	2.02e-07	0.00e+00	0.00e+00	0.00e+00	0.00e+00	0.00e+00	0.00e+00	0.00e+00	0.00e+00
 1.63997e+23	5.14e-07	2.17e-03	3.99e-01	3.95e-01	1.66e-01	3.35e-02	2.62e-03	1.76e-03	4.50e-04	1.07e-05	1.49e-07	0.00e+00	0.00e+00	0.00e+00	0.00e+00	0.00e+00	0.00e+00	0.00e+00	0.00e+00
 1.64958e+23	5.89e-07	2.38e-03	4.15e-01	3.91e-01	1.57e-01	3.07e-02	2.36e-03	1.54e-03	3.78e-04	8.54e-06	0.00e+00	0.00e+00	0.00e+00	0.00e+00	0.00e+00	0.00e+00	0.00e+00	0.00e+00	0.00e+00
 1.65808e+23	6.71e-07	2.59e-03	4.31e-01	3.86e-01	1.48e-01	2.82e-02	2.12e-03	1.35e-03	3.19e-04	6.85e-06	0.00e+00	0.00e+00	0.00e+00	0.00e+00	0.00e+00	0.00e+00	0.00e+00	0.00e+00	0.00e+00
 1.66782e+23	7.90e-07	2.87e-03	4.52e-01	3.79e-01	1.37e-01	2.54e-02	1.86e-03	1.15e-03	2.58e-04	5.19e-06	0.00e+00	0.00e+00	0.00e+00	0.00e+00	0.00e+00	0.00e+00	0.00e+00	0.00e+00	0.00e+00
 1.67771e+23	9.03e-07	3.12e-03	4.68e-01	3.73e-01	1.29e-01	2.32e-02	1.67e-03	1.01e-03	2.16e-04	4.12e-06	0.00e+00	0.00e+00	0.00e+00	0.00e+00	0.00e+00	0.00e+00	0.00e+00	0.00e+00	0.00e+00
