#depth	H	H+	H2
 1.54284e+22	1.56e-08	1.00e+00	2.55e-37
 3.46047e+22	2.76e-08	1.00e+00	3.20e-36
 4.00819e+22	3.67e-08	1.00e+00	1.07e-35
 4.26757e+22	4.27e-08	1.00e+00	2.03e-35
 4.37564e+22	4.45e-08	1.00e+00	2.39e-35
 4.41097e+22	4.57e-08	1.00e+00	2.66e-35
 4.44251e+22	4.72e-08	1.00e+00	3.03e-35
 4.47335e+22	4.84e-08	1.00e+00	3.36e-35
 4.49904e+22	4.96e-08	1.00e+00	3.71e-35
 4.52819e+22	5.12e-08	1.00e+00	4.20e-35
 4.55794e+22	5.26e-08	1.00e+00	4.68e-35
 4.58388e+22	5.39e-08	1.00e+00	5.17e-35
 4.61300e+22	5.58e-08	1.00e+00	5.90e-35
 4.64218e+22	5.74e-08	1.00e+00	6.56e-35
 4.67142e+22	5.94e-08	1.00e+00	7.49e-35
 4.70110e+22	6.12e-08	1.00e+00	8.38e-35
 4.72728e+22	6.30e-08	1.00e+00	9.36e-35
 4.75257e+22	6.47e-08	1.00e+00	1.04e-34
 4.78072e+22	6.72e-08	1.00e+00	1.19e-34
 4.80864e+22	6.91e-08	1.00e+00	1.32e-34
 4.83628e+22	7.19e-08	1.00e+00	1.52e-34
 4.86315e+22	7.37e-08	1.00e+00	1.67e-34
 4.88901e+22	7.67e-08	1.00e+00	1.92e-34
 4.91461e+22	7.87e-08	1.00e+00	2.11e-34
 4.93988e+22	8.19e-08	1.00e+00	2.42e-34
 4.96534e+22	8.42e-08	1.00e+00	2.68e-34
 4.99105e+22	8.77e-08	1.00e+00	3.09e-34
 5.01712e+22	9.04e-08	1.00e+00	3.43e-34
 5.04367e+22	9.43e-08	1.00e+00	3.96e-34
 5.07000e+22	9.73e-08	1.00e+00	4.40e-34
 5.09603e+22	1.02e-07	1.00e+00	5.07e-34
 5.12246e+22	1.05e-07	1.00e+00	5.67e-34
 5.14941e+22	1.10e-07	1.00e+00	6.57e-34
 5.17663e+22	1.14e-07	1.00e+00	7.37e-34
 5.20419e+22	1.19e-07	1.00e+00	8.56e-34
 5.23192e+22	1.23e-07	1.00e+00	9.61e-34
 5.25586e+22	1.28e-07	1.00e+00	1.08e-33
 5.28297e+22	1.34e-07	1.00e+00	1.24e-33
 5.31012e+22	1.39e-07	1.00e+00	1.39e-33
 5.33731e+22	1.45e-07	1.00e+00	1.61e-33
 5.36469e+22	1.50e-07	1.00e+00	1.79e-33
 5.39234e+22	1.57e-07	1.00e+00	2.06e-33
 5.42080e+22	1.63e-07	1.00e+00	2.32e-33
 5.45034e+22	1.71e-07	1.00e+00	2.68e-33
 5.48044e+22	1.77e-07	1.00e+00	3.01e-33
 5.51126e+22	1.86e-07	1.00e+00	3.49e-33
 5.54266e+22	1.93e-07	1.00e+00	3.92e-33
 5.57480e+22	2.02e-07	1.00e+00	4.55e-33
 5.60714e+22	2.10e-07	1.00e+00	5.09e-33
 5.63973e+22	2.19e-07	1.00e+00	5.89e-33
 5.67316e+22	2.28e-07	1.00e+00	6.61e-33
 5.70217e+22	2.35e-07	1.00e+00	7.35e-33
 5.73438e+22	2.46e-07	1.00e+00	8.42e-33
 5.76697e+22	2.54e-07	1.00e+00	9.36e-33
 5.80006e+22	2.65e-07	1.00e+00	1.07e-32
 5.83365e+22	2.74e-07	1.00e+00	1.19e-32
 5.86309e+22	2.83e-07	1.00e+00	1.32e-32
 5.89655e+22	2.96e-07	1.00e+00	1.51e-32
 5.92986e+22	3.05e-07	1.00e+00	1.67e-32
 5.96295e+22	3.17e-07	1.00e+00	1.90e-32
 5.99669e+22	3.27e-07	1.00e+00	2.09e-32
 6.03127e+22	3.41e-07	1.00e+00	2.39e-32
 6.06650e+22	3.51e-07	1.00e+00	2.64e-32
 6.10258e+22	3.66e-07	1.00e+00	1.49e-32
 6.13932e+22	3.78e-07	1.00e+00	1.65e-32
 6.17693e+22	3.94e-07	1.00e+00	1.89e-32
 6.21368e+22	4.05e-07	1.00e+00	2.08e-32
 6.24933e+22	4.22e-07	1.00e+00	2.36e-32
 6.28552e+22	4.33e-07	1.00e+00	2.60e-32
 6.32241e+22	4.51e-07	1.00e+00	2.95e-32
 6.36043e+22	4.65e-07	1.00e+00	3.27e-32
 6.39992e+22	4.83e-07	1.00e+00	3.72e-32
 6.44069e+22	4.99e-07	1.00e+00	4.15e-32
 6.48310e+22	5.19e-07	1.00e+00	4.75e-32
 6.52664e+22	5.37e-07	1.00e+00	5.32e-32
 6.57163e+22	5.59e-07	1.00e+00	6.13e-32
 6.61804e+22	5.79e-07	1.00e+00	6.91e-32
 6.66632e+22	6.04e-07	1.00e+00	8.03e-32
 6.71619e+22	6.26e-07	1.00e+00	9.12e-32
 6.76125e+22	6.49e-07	1.00e+00	1.03e-31
 6.81296e+22	6.78e-07	1.00e+00	1.21e-31
 6.86572e+22	7.03e-07	1.00e+00	1.38e-31
 6.91985e+22	7.36e-07	1.00e+00	1.62e-31
 6.97471e+22	7.65e-07	1.00e+00	1.85e-31
 7.03053e+22	8.03e-07	1.00e+00	2.20e-31
 7.08693e+22	8.35e-07	1.00e+00	1.77e-31
 7.14410e+22	8.79e-07	1.00e+00	2.13e-31
 7.20157e+22	9.14e-07	1.00e+00	2.46e-31
 7.24926e+22	9.48e-07	1.00e+00	2.79e-31
 7.30111e+22	9.95e-07	1.00e+00	3.29e-31
 7.35284e+22	1.03e-06	1.00e+00	3.72e-31
 7.40444e+22	1.08e-06	1.00e+00	4.37e-31
 7.45665e+22	1.13e-06	1.00e+00	4.96e-31
 7.50966e+22	1.19e-06	1.00e+00	5.84e-31
 7.56330e+22	1.24e-06	1.00e+00	6.62e-31
 7.61776e+22	1.31e-06	1.00e+00	7.76e-31
 7.67328e+22	1.37e-06	1.00e+00	8.87e-31
 7.73018e+22	1.45e-06	1.00e+00	1.04e-30
 7.78812e+22	1.53e-06	1.00e+00	1.19e-30
 7.84741e+22	1.63e-06	1.00e+00	1.40e-30
 7.90739e+22	1.71e-06	1.00e+00	1.61e-30
 7.95805e+22	1.80e-06	1.00e+00	1.80e-30
 8.01346e+22	1.92e-06	1.00e+00	2.07e-30
 8.06910e+22	2.01e-06	1.00e+00	2.33e-30
 8.12343e+22	2.14e-06	1.00e+00	2.65e-30
 8.17885e+22	2.26e-06	1.00e+00	2.97e-30
 8.23346e+22	2.40e-06	1.00e+00	3.32e-30
 8.28916e+22	2.54e-06	1.00e+00	3.64e-30
 8.34367e+22	2.69e-06	1.00e+00	4.09e-30
 8.39877e+22	2.85e-06	1.00e+00	4.53e-30
 8.45317e+22	3.03e-06	1.00e+00	5.00e-30
 8.50743e+22	3.20e-06	1.00e+00	5.51e-30
 8.56178e+22	3.40e-06	1.00e+00	6.08e-30
 8.61631e+22	3.60e-06	1.00e+00	6.70e-30
 8.67104e+22	3.81e-06	1.00e+00	7.40e-30
 8.72623e+22	4.04e-06	1.00e+00	8.19e-30
 8.78194e+22	4.28e-06	1.00e+00	9.12e-30
 8.83798e+22	4.53e-06	1.00e+00	1.02e-29
 8.89489e+22	4.80e-06	1.00e+00	1.15e-29
 8.95235e+22	5.08e-06	1.00e+00	1.30e-29
 9.01100e+22	5.40e-06	1.00e+00	1.52e-29
 9.07063e+22	5.72e-06	1.00e+00	1.75e-29
 9.12521e+22	6.00e-06	1.00e+00	2.00e-29
 9.18223e+22	6.38e-06	1.00e+00	2.35e-29
 9.24014e+22	6.70e-06	1.00e+00	2.73e-29
 9.29977e+22	7.13e-06	1.00e+00	3.30e-29
 9.35964e+22	7.48e-06	1.00e+00	3.86e-29
 9.41983e+22	7.97e-06	1.00e+00	4.76e-29
 9.48021e+22	8.34e-06	1.00e+00	5.62e-29
 9.54082e+22	8.87e-06	1.00e+00	7.01e-29
 9.60207e+22	9.29e-06	1.00e+00	8.36e-29
 9.66414e+22	9.88e-06	1.00e+00	1.05e-28
 9.72700e+22	1.04e-05	1.00e+00	1.27e-28
 9.79088e+22	1.10e-05	1.00e+00	1.62e-28
 9.85592e+22	1.16e-05	1.00e+00	1.97e-28
 9.92248e+22	1.23e-05	1.00e+00	2.56e-28
 9.99052e+22	1.29e-05	1.00e+00	3.14e-28
 1.00605e+23	1.38e-05	1.00e+00	4.13e-28
 1.01319e+23	1.45e-05	1.00e+00	5.12e-28
 1.01921e+23	1.52e-05	1.00e+00	6.21e-28
 1.02573e+23	1.61e-05	1.00e+00	7.99e-28
 1.03207e+23	1.67e-05	1.00e+00	9.55e-28
 1.03818e+23	1.77e-05	1.00e+00	1.21e-27
 1.04436e+23	1.84e-05	1.00e+00	1.45e-27
 1.05061e+23	1.94e-05	1.00e+00	1.84e-27
 1.05695e+23	2.03e-05	1.00e+00	2.21e-27
 1.06341e+23	2.14e-05	1.00e+00	2.81e-27
 1.06996e+23	2.23e-05	1.00e+00	3.40e-27
 1.07663e+23	2.36e-05	1.00e+00	4.36e-27
 1.08341e+23	2.47e-05	1.00e+00	5.31e-27
 1.09035e+23	2.61e-05	1.00e+00	6.85e-27
 1.09747e+23	2.74e-05	1.00e+00	8.41e-27
 1.10481e+23	2.91e-05	1.00e+00	1.10e-26
 1.11234e+23	3.05e-05	1.00e+00	1.36e-26
 1.12011e+23	3.24e-05	1.00e+00	1.80e-26
 1.12795e+23	3.40e-05	1.00e+00	2.24e-26
 1.13587e+23	3.62e-05	1.00e+00	2.97e-26
 1.14388e+23	3.80e-05	1.00e+00	3.69e-26
 1.15199e+23	4.05e-05	1.00e+00	4.93e-26
 1.16024e+23	4.25e-05	1.00e+00	6.17e-26
 1.16753e+23	4.47e-05	1.00e+00	7.72e-26
 1.17584e+23	4.76e-05	1.00e+00	1.03e-25
 1.18431e+23	5.02e-05	1.00e+00	1.30e-25
 1.19119e+23	5.24e-05	1.00e+00	1.58e-25
 1.19832e+23	5.51e-05	1.00e+00	2.00e-25
 1.20582e+23	5.77e-05	1.00e+00	2.47e-25
 1.21270e+23	6.03e-05	1.00e+00	3.03e-25
 1.22055e+23	6.38e-05	1.00e+00	3.93e-25
 1.22861e+23	6.71e-05	1.00e+00	4.93e-25
 1.23568e+23	7.02e-05	1.00e+00	6.07e-25
 1.24363e+23	7.43e-05	1.00e+00	7.87e-25
 1.25196e+23	7.83e-05	1.00e+00	9.97e-25
 1.25949e+23	8.21e-05	1.00e+00	1.24e-24
 1.26800e+23	8.71e-05	1.00e+00	1.64e-24
 1.27678e+23	9.20e-05	1.00e+00	2.09e-24
 1.28459e+23	9.66e-05	1.00e+00	2.62e-24
 1.29343e+23	1.03e-04	1.00e+00	3.49e-24
 1.30262e+23	1.09e-04	1.00e+00	4.51e-24
 1.31090e+23	1.14e-04	1.00e+00	5.58e-24
 1.32029e+23	1.22e-04	1.00e+00	7.59e-24
 1.32994e+23	1.29e-04	1.00e+00	9.83e-24
 1.33862e+23	1.37e-04	1.00e+00	1.27e-23
 1.34858e+23	1.47e-04	1.00e+00	1.76e-23
 1.35863e+23	1.56e-04	1.00e+00	2.29e-23
 1.36880e+23	1.67e-04	1.00e+00	3.19e-23
 1.37912e+23	1.77e-04	1.00e+00	4.19e-23
 1.38966e+23	1.91e-04	1.00e+00	5.95e-23
 1.40029e+23	2.03e-04	1.00e+00	7.85e-23
 1.41106e+23	2.19e-04	1.00e+00	1.13e-22
 1.42193e+23	2.33e-04	1.00e+00	1.50e-22
 1.43295e+23	2.51e-04	1.00e+00	2.18e-22
 1.44411e+23	2.68e-04	1.00e+00	2.93e-22
 1.45547e+23	2.90e-04	1.00e+00	4.34e-22
 1.46664e+23	3.08e-04	1.00e+00	5.81e-22
 1.47599e+23	3.26e-04	1.00e+00	7.74e-22
 1.48504e+23	3.44e-04	1.00e+00	1.02e-21
 1.49525e+23	3.70e-04	1.00e+00	1.47e-21
 1.50540e+23	3.91e-04	1.00e+00	1.97e-21
 1.51548e+23	4.19e-04	1.00e+00	2.82e-21
 1.52576e+23	4.44e-04	1.00e+00	3.85e-21
 1.53629e+23	4.77e-04	1.00e+00	5.65e-21
 1.54690e+23	5.05e-04	9.99e-01	7.82e-21
 1.55761e+23	5.44e-04	9.99e-01	1.17e-20
 1.56845e+23	5.77e-04	9.99e-01	1.64e-20
 1.57714e+23	6.06e-04	9.99e-01	2.18e-20
 1.58612e+23	6.43e-04	9.99e-01	3.08e-20
 1.59530e+23	6.76e-04	9.99e-01	4.21e-20
 1.60347e+23	7.10e-04	9.99e-01	5.61e-20
 1.61281e+23	7.55e-04	9.99e-01	8.33e-20
 1.62225e+23	7.94e-04	9.99e-01	1.18e-19
 1.63053e+23	8.35e-04	9.99e-01	1.62e-19
 1.63997e+23	8.87e-04	9.99e-01	2.48e-19
 1.64958e+23	9.34e-04	9.99e-01	3.60e-19
 1.65808e+23	9.83e-04	9.99e-01	5.00e-19
 1.66782e+23	1.05e-03	9.99e-01	8.00e-19
 1.67771e+23	1.10e-03	9.99e-01	1.24e-18
 1.68780e+23	1.18e-03	9.99e-01	2.12e-18
 1.69798e+23	1.24e-03	9.99e-01	3.71e-18
 1.70828e+23	1.32e-03	9.99e-01	7.37e-18
 1.71869e+23	1.40e-03	9.99e-01	1.53e-17
 1.72787e+23	1.47e-03	9.99e-01	2.89e-17
 1.73841e+23	1.58e-03	9.98e-01	8.17e-17
 1.74916e+23	1.67e-03	9.98e-01	1.46e-16
 1.76018e+23	1.78e-03	9.98e-01	2.92e-16
 1.76796e+23	1.82e-03	9.98e-01	4.07e-16
 1.77067e+23	1.84e-03	9.98e-01	4.45e-16
 1.77334e+23	1.87e-03	9.98e-01	4.97e-16
 1.77680e+23	1.91e-03	9.98e-01	5.54e-16
 1.78131e+23	1.97e-03	9.98e-01	6.57e-16
 1.78716e+23	2.04e-03	9.98e-01	8.13e-16
 1.79477e+23	2.14e-03	9.98e-01	1.10e-15
 1.80270e+23	2.23e-03	9.98e-01	1.33e-15
 1.81103e+23	2.34e-03	9.98e-01	1.72e-15
 1.81963e+23	2.45e-03	9.98e-01	2.20e-15
 1.82733e+23	2.56e-03	9.97e-01	2.69e-15
 1.83607e+23	2.69e-03	9.97e-01	3.42e-15
 1.84506e+23	2.82e-03	9.97e-01	4.20e-15
 1.85437e+23	2.98e-03	9.97e-01	5.34e-15
 1.86376e+23	3.12e-03	9.97e-01	6.51e-15
 1.87204e+23	3.26e-03	9.97e-01	7.86e-15
 1.88156e+23	3.45e-03	9.97e-01	9.87e-15
 1.89132e+23	3.61e-03	9.96e-01	1.20e-14
 1.90139e+23	3.83e-03	9.96e-01	1.53e-14
 1.91162e+23	4.03e-03	9.96e-01	1.87e-14
 1.92206e+23	4.28e-03	9.96e-01	2.37e-14
 1.93273e+23	4.50e-03	9.95e-01	2.88e-14
 1.94369e+23	4.79e-03	9.95e-01	3.68e-14
 1.95486e+23	5.05e-03	9.95e-01	4.52e-14
 1.96630e+23	5.40e-03	9.95e-01	5.86e-14
 1.97775e+23	5.68e-03	9.94e-01	7.18e-14
 1.98921e+23	6.08e-03	9.94e-01	9.34e-14
 2.00084e+23	6.40e-03	9.94e-01	1.15e-13
 2.01269e+23	6.87e-03	9.93e-01	1.51e-13
 2.02457e+23	7.23e-03	9.93e-01	1.86e-13
 2.03651e+23	7.77e-03	9.92e-01	2.45e-13
 2.04870e+23	8.23e-03	9.92e-01	3.08e-13
 2.06120e+23	8.87e-03	9.91e-01	4.12e-13
 2.07385e+23	9.43e-03	9.91e-01	5.23e-13
 2.08668e+23	1.02e-02	9.90e-01	7.11e-13
 2.09964e+23	1.09e-02	9.89e-01	9.16e-13
 2.11277e+23	1.20e-02	9.88e-01	1.28e-12
 2.12597e+23	1.29e-02	9.87e-01	1.67e-12
 2.13925e+23	1.43e-02	9.86e-01	2.40e-12
 2.15277e+23	1.56e-02	9.84e-01	3.24e-12
 2.16660e+23	1.75e-02	9.82e-01	4.84e-12
 2.18061e+23	1.95e-02	9.81e-01	6.86e-12
 2.19122e+23	2.12e-02	9.79e-01	8.95e-12
 2.20140e+23	2.37e-02	9.76e-01	1.26e-11
 2.21204e+23	2.65e-02	9.74e-01	1.75e-11
 2.22176e+23	2.97e-02	9.70e-01	2.45e-11
 2.23286e+23	3.48e-02	9.65e-01	3.83e-11
 2.24431e+23	4.12e-02	9.59e-01	6.01e-11
 2.25364e+23	4.81e-02	9.52e-01	8.95e-11
 2.26176e+23	5.64e-02	9.44e-01	1.33e-10
 2.26950e+23	6.67e-02	9.33e-01	1.99e-10
 2.27681e+23	7.97e-02	9.20e-01	3.04e-10
 2.28348e+23	9.54e-02	9.05e-01	4.58e-10
 2.28939e+23	1.14e-01	8.86e-01	6.83e-10
 2.29466e+23	1.35e-01	8.65e-01	9.93e-10
 2.29940e+23	1.59e-01	8.41e-01	1.41e-09
 2.30379e+23	1.87e-01	8.13e-01	1.98e-09
 2.30783e+23	2.18e-01	7.82e-01	2.74e-09
 2.31148e+23	2.52e-01	7.48e-01	3.66e-09
 2.31483e+23	2.87e-01	7.13e-01	4.79e-09
 2.31788e+23	3.23e-01	6.77e-01	6.06e-09
 2.31995e+23	3.48e-01	6.52e-01	6.98e-09
 2.32106e+23	3.63e-01	6.37e-01	7.58e-09
 2.32209e+23	3.77e-01	6.23e-01	8.17e-09
 2.32339e+23	3.95e-01	6.05e-01	8.96e-09
 2.32489e+23	4.17e-01	5.83e-01	9.97e-09
 2.32638e+23	4.37e-01	5.63e-01	1.09e-08
 2.32789e+23	4.59e-01	5.41e-01	1.20e-08
 2.32949e+23	4.82e-01	5.18e-01	1.32e-08
 2.33112e+23	5.06e-01	4.94e-01	1.44e-08
 2.33273e+23	5.28e-01	4.72e-01	1.55e-08
 2.33396e+23	5.44e-01	4.56e-01	1.63e-08
 2.33478e+23	5.55e-01	4.45e-01	1.69e-08
 2.33558e+23	5.65e-01	4.35e-01	1.75e-08
 2.33652e+23	5.78e-01	4.22e-01	1.82e-08
 2.33755e+23	5.91e-01	4.09e-01	1.89e-08
 2.33857e+23	6.03e-01	3.97e-01	1.96e-08
 2.33957e+23	6.15e-01	3.85e-01	2.03e-08
 2.34059e+23	6.26e-01	3.74e-01	2.10e-08
 2.34165e+23	6.38e-01	3.62e-01	2.17e-08
 2.34274e+23	6.50e-01	3.50e-01	2.24e-08
 2.34382e+23	6.61e-01	3.39e-01	2.30e-08
 2.34494e+23	6.72e-01	3.28e-01	2.37e-08
 2.34610e+23	6.83e-01	3.17e-01	2.44e-08
 2.34727e+23	6.94e-01	3.06e-01	2.50e-08
 2.34846e+23	7.04e-01	2.96e-01	2.56e-08
 2.34970e+23	7.14e-01	2.86e-01	2.63e-08
 2.35098e+23	7.25e-01	2.75e-01	2.69e-08
 2.35229e+23	7.34e-01	2.66e-01	2.75e-08
 2.35363e+23	7.44e-01	2.56e-01	2.81e-08
 2.35501e+23	7.53e-01	2.47e-01	2.88e-08
 2.35645e+23	7.63e-01	2.37e-01	2.94e-08
 2.35792e+23	7.71e-01	2.29e-01	3.00e-08
 2.35942e+23	7.80e-01	2.20e-01	3.05e-08
 2.36099e+23	7.88e-01	2.12e-01	3.11e-08
 2.36261e+23	7.97e-01	2.03e-01	3.17e-08
 2.36428e+23	8.05e-01	1.95e-01	3.23e-08
 2.36600e+23	8.12e-01	1.88e-01	3.29e-08
 2.36778e+23	8.20e-01	1.80e-01	3.35e-08
 2.36962e+23	8.27e-01	1.73e-01	3.41e-08
 2.37151e+23	8.33e-01	1.67e-01	3.46e-08
 2.37341e+23	8.40e-01	1.60e-01	3.52e-08
 2.37538e+23	8.46e-01	1.54e-01	3.59e-08
 2.37741e+23	8.52e-01	1.48e-01	3.65e-08
 2.37949e+23	8.57e-01	1.43e-01	3.72e-08
 2.38159e+23	8.63e-01	1.37e-01	3.79e-08
 2.38375e+23	8.68e-01	1.32e-01	3.87e-08
 2.38603e+23	8.72e-01	1.28e-01	3.95e-08
 2.38836e+23	8.77e-01	1.23e-01	4.03e-08
 2.39074e+23	8.81e-01	1.19e-01	4.13e-08
 2.39324e+23	8.85e-01	1.15e-01	4.24e-08
 2.39585e+23	8.90e-01	1.10e-01	4.36e-08
 2.39854e+23	8.93e-01	1.07e-01	4.49e-08
 2.40132e+23	8.97e-01	1.03e-01	4.64e-08
 2.40412e+23	9.01e-01	9.93e-02	4.81e-08
 2.40686e+23	9.04e-01	9.62e-02	4.98e-08
 2.40951e+23	9.07e-01	9.34e-02	5.17e-08
 2.41207e+23	9.09e-01	9.08e-02	5.36e-08
 2.41453e+23	9.12e-01	8.84e-02	5.52e-08
 2.41686e+23	9.14e-01	8.62e-02	5.69e-08
 2.41902e+23	9.16e-01	8.43e-02	5.85e-08
 2.42113e+23	9.18e-01	8.25e-02	6.04e-08
 2.42324e+23	9.19e-01	8.06e-02	6.23e-08
 2.42528e+23	9.21e-01	7.88e-02	6.44e-08
 2.42726e+23	9.23e-01	7.71e-02	6.66e-08
 2.42917e+23	9.24e-01	7.55e-02	6.89e-08
 2.43101e+23	9.26e-01	7.40e-02	7.13e-08
 2.43279e+23	9.27e-01	7.26e-02	7.37e-08
 2.43452e+23	9.29e-01	7.12e-02	7.63e-08
 2.43619e+23	9.30e-01	6.98e-02	7.90e-08
 2.43780e+23	9.31e-01	6.85e-02	8.19e-08
 2.43936e+23	9.33e-01	6.73e-02	8.50e-08
 2.44083e+23	9.34e-01	6.61e-02	8.81e-08
 2.44228e+23	9.35e-01	6.50e-02	9.16e-08
 2.44369e+23	9.36e-01	6.38e-02	9.51e-08
 2.44498e+23	9.37e-01	6.28e-02	9.85e-08
 2.44615e+23	9.38e-01	6.20e-02	1.02e-07
 2.44721e+23	9.39e-01	6.12e-02	1.05e-07
 2.44818e+23	9.40e-01	6.04e-02	1.08e-07
 2.44907e+23	9.40e-01	5.98e-02	1.11e-07
 2.44987e+23	9.41e-01	5.92e-02	1.13e-07
 2.45060e+23	9.41e-01	5.87e-02	1.16e-07
 2.45140e+23	9.42e-01	5.80e-02	1.19e-07
 2.45227e+23	9.43e-01	5.72e-02	1.22e-07
 2.45305e+23	9.43e-01	5.66e-02	1.25e-07
 2.45377e+23	9.44e-01	5.61e-02	1.28e-07
 2.45442e+23	9.44e-01	5.58e-02	1.30e-07
 2.45514e+23	9.45e-01	5.51e-02	1.32e-07
 2.45606e+23	9.46e-01	5.43e-02	1.35e-07
 2.45707e+23	9.47e-01	5.34e-02	1.39e-07
 2.45798e+23	9.47e-01	5.26e-02	1.41e-07
 2.45881e+23	9.48e-01	5.21e-02	1.43e-07
 2.45956e+23	9.49e-01	5.15e-02	1.45e-07
 2.46025e+23	9.49e-01	5.13e-02	1.46e-07
 2.46100e+23	9.49e-01	5.07e-02	1.48e-07
 2.46182e+23	9.50e-01	5.02e-02	1.50e-07
 2.46271e+23	9.50e-01	4.95e-02	1.51e-07
 2.46367e+23	9.51e-01	4.89e-02	1.53e-07
 2.46454e+23	9.52e-01	4.83e-02	1.54e-07
 2.46534e+23	9.52e-01	4.80e-02	1.56e-07
 2.46621e+23	9.53e-01	4.73e-02	1.56e-07
 2.46735e+23	9.54e-01	4.65e-02	1.57e-07
 2.46857e+23	9.54e-01	4.57e-02	1.59e-07
 2.46969e+23	9.55e-01	4.49e-02	1.59e-07
 2.47070e+23	9.56e-01	4.44e-02	1.59e-07
 2.47163e+23	9.56e-01	4.39e-02	1.59e-07
 2.47247e+23	9.57e-01	4.35e-02	1.59e-07
 2.47323e+23	9.57e-01	4.31e-02	1.59e-07
 2.47393e+23	9.57e-01	4.27e-02	1.59e-07
 2.47456e+23	9.58e-01	4.25e-02	1.58e-07
 2.47525e+23	9.58e-01	4.20e-02	1.58e-07
 2.47600e+23	9.58e-01	4.15e-02	1.57e-07
 2.47668e+23	9.59e-01	4.11e-02	1.57e-07
 2.47730e+23	9.59e-01	4.09e-02	1.57e-07
 2.47798e+23	9.59e-01	4.05e-02	1.56e-07
 2.47887e+23	9.60e-01	4.00e-02	1.56e-07
 2.47982e+23	9.61e-01	3.94e-02	1.56e-07
 2.48069e+23	9.61e-01	3.89e-02	1.55e-07
 2.48148e+23	9.62e-01	3.85e-02	1.54e-07
 2.48220e+23	9.62e-01	3.82e-02	1.54e-07
 2.48298e+23	9.62e-01	3.78e-02	1.53e-07
 2.48401e+23	9.63e-01	3.72e-02	1.52e-07
 2.48511e+23	9.63e-01	3.66e-02	1.52e-07
 2.48612e+23	9.64e-01	3.60e-02	1.51e-07
 2.48703e+23	9.64e-01	3.57e-02	1.50e-07
 2.48804e+23	9.65e-01	3.53e-02	1.50e-07
 2.48912e+23	9.65e-01	3.48e-02	1.49e-07
 2.49010e+23	9.66e-01	3.43e-02	1.48e-07
 2.49100e+23	9.66e-01	3.41e-02	1.48e-07
 2.49198e+23	9.66e-01	3.37e-02	1.47e-07
 2.49304e+23	9.67e-01	3.32e-02	1.47e-07
 2.49401e+23	9.67e-01	3.28e-02	1.46e-07
 2.49489e+23	9.67e-01	3.26e-02	1.46e-07
 2.49585e+23	9.68e-01	3.22e-02	1.45e-07
 2.49689e+23	9.68e-01	3.18e-02	1.45e-07
 2.49783e+23	9.69e-01	3.15e-02	1.44e-07
 2.49887e+23	9.69e-01	3.11e-02	1.44e-07
 2.49999e+23	9.69e-01	3.06e-02	1.43e-07
 2.50101e+23	9.70e-01	3.03e-02	1.43e-07
 2.50193e+23	9.70e-01	3.01e-02	1.43e-07
 2.50295e+23	9.70e-01	2.97e-02	1.42e-07
 2.50404e+23	9.71e-01	2.93e-02	1.42e-07
 2.50504e+23	9.71e-01	2.90e-02	1.41e-07
 2.50613e+23	9.71e-01	2.86e-02	1.40e-07
 2.50731e+23	9.72e-01	2.82e-02	1.40e-07
 2.50839e+23	9.72e-01	2.79e-02	1.40e-07
 2.50936e+23	9.72e-01	2.77e-02	1.40e-07
 2.51043e+23	9.73e-01	2.74e-02	1.39e-07
 2.51159e+23	9.73e-01	2.70e-02	1.39e-07
 2.51264e+23	9.73e-01	2.67e-02	1.38e-07
 2.51379e+23	9.74e-01	2.64e-02	1.38e-07
 2.51504e+23	9.74e-01	2.60e-02	1.38e-07
 2.51617e+23	9.74e-01	2.57e-02	1.38e-07
 2.51741e+23	9.75e-01	2.54e-02	1.37e-07
 2.51875e+23	9.75e-01	2.49e-02	1.38e-07
 2.51997e+23	9.75e-01	2.47e-02	1.38e-07
 2.52130e+23	9.76e-01	2.43e-02	1.37e-07
 2.52275e+23	9.76e-01	2.39e-02	1.37e-07
 2.52406e+23	9.76e-01	2.36e-02	1.37e-07
 2.52525e+23	9.77e-01	2.34e-02	1.37e-07
 2.52656e+23	9.77e-01	2.31e-02	1.36e-07
 2.52797e+23	9.77e-01	2.27e-02	1.37e-07
 2.52926e+23	9.78e-01	2.25e-02	1.37e-07
 2.53067e+23	9.78e-01	2.22e-02	1.36e-07
 2.53219e+23	9.78e-01	2.18e-02	1.36e-07
 2.53357e+23	9.78e-01	2.16e-02	1.36e-07
 2.53509e+23	9.79e-01	2.12e-02	1.36e-07
 2.53672e+23	9.79e-01	2.08e-02	1.36e-07
 2.53821e+23	9.79e-01	2.06e-02	1.36e-07
 2.53985e+23	9.80e-01	2.03e-02	1.36e-07
 2.54161e+23	9.80e-01	1.99e-02	1.36e-07
 2.54321e+23	9.80e-01	1.97e-02	1.36e-07
 2.54467e+23	9.81e-01	1.94e-02	1.36e-07
 2.54627e+23	9.81e-01	1.91e-02	1.35e-07
 2.54800e+23	9.81e-01	1.88e-02	1.36e-07
 2.54957e+23	9.81e-01	1.86e-02	1.36e-07
 2.55129e+23	9.82e-01	1.83e-02	1.35e-07
 2.55315e+23	9.82e-01	1.79e-02	1.35e-07
 2.55484e+23	9.82e-01	1.77e-02	1.35e-07
 2.55669e+23	9.83e-01	1.74e-02	1.35e-07
 2.55869e+23	9.83e-01	1.71e-02	1.35e-07
 2.56051e+23	9.83e-01	1.69e-02	1.35e-07
 2.56251e+23	9.83e-01	1.66e-02	1.35e-07
 2.56466e+23	9.84e-01	1.63e-02	1.35e-07
 2.56662e+23	9.84e-01	1.60e-02	1.35e-07
 2.56841e+23	9.84e-01	1.58e-02	1.35e-07
 2.57036e+23	9.84e-01	1.55e-02	1.35e-07
 2.57247e+23	9.85e-01	1.52e-02	1.35e-07
 2.57439e+23	9.85e-01	1.50e-02	1.35e-07
 2.57649e+23	9.85e-01	1.47e-02	1.35e-07
 2.57877e+23	9.86e-01	1.45e-02	1.35e-07
 2.58083e+23	9.86e-01	1.42e-02	1.35e-07
 2.58310e+23	9.86e-01	1.40e-02	1.35e-07
 2.58554e+23	9.86e-01	1.37e-02	1.35e-07
 2.58777e+23	9.87e-01	1.35e-02	1.35e-07
 2.58979e+23	9.87e-01	1.33e-02	1.35e-07
 2.59201e+23	9.87e-01	1.31e-02	1.35e-07
 2.59441e+23	9.87e-01	1.28e-02	1.35e-07
 2.59659e+23	9.87e-01	1.26e-02	1.35e-07
 2.59898e+23	9.88e-01	1.24e-02	1.36e-07
 2.60156e+23	9.88e-01	1.21e-02	1.36e-07
 2.60390e+23	9.88e-01	1.19e-02	1.35e-07
 2.60604e+23	9.88e-01	1.17e-02	1.36e-07
 2.60838e+23	9.88e-01	1.15e-02	1.36e-07
 2.61142e+23	9.89e-01	1.12e-02	1.36e-07
 2.61493e+23	9.89e-01	1.09e-02	1.36e-07
 2.61856e+23	9.89e-01	1.06e-02	1.36e-07
 2.62225e+23	9.90e-01	1.03e-02	1.36e-07
 2.62601e+23	9.90e-01	1.01e-02	1.36e-07
 2.62981e+23	9.90e-01	9.79e-03	1.37e-07
 2.63365e+23	9.90e-01	9.52e-03	1.37e-07
 2.63753e+23	9.91e-01	9.25e-03	1.37e-07
 2.64146e+23	9.91e-01	8.99e-03	1.37e-07
 2.64543e+23	9.91e-01	8.74e-03	1.37e-07
 2.64943e+23	9.92e-01	8.49e-03	1.37e-07
 2.65348e+23	9.92e-01	8.25e-03	1.37e-07
 2.65756e+23	9.92e-01	8.01e-03	1.37e-07
 2.66168e+23	9.92e-01	7.78e-03	1.38e-07
 2.66583e+23	9.92e-01	7.55e-03	1.38e-07
 2.67001e+23	9.93e-01	7.33e-03	1.38e-07
 2.67421e+23	9.93e-01	7.12e-03	1.38e-07
 2.67845e+23	9.93e-01	6.91e-03	1.38e-07
 2.68272e+23	9.93e-01	6.70e-03	1.38e-07
 2.68703e+23	9.93e-01	6.51e-03	1.39e-07
 2.69137e+23	9.94e-01	6.31e-03	1.39e-07
 2.69573e+23	9.94e-01	6.12e-03	1.39e-07
 2.70013e+23	9.94e-01	5.94e-03	1.39e-07
 2.70456e+23	9.94e-01	5.76e-03	1.40e-07
 2.70909e+23	9.94e-01	5.58e-03	1.40e-07
 2.71372e+23	9.95e-01	5.41e-03	1.40e-07
 2.71839e+23	9.95e-01	5.24e-03	1.41e-07
 2.72312e+23	9.95e-01	5.07e-03	1.41e-07
 2.72789e+23	9.95e-01	4.91e-03	1.41e-07
 2.73271e+23	9.95e-01	4.75e-03	1.42e-07
 2.73759e+23	9.95e-01	4.60e-03	1.42e-07
 2.74253e+23	9.96e-01	4.45e-03	1.43e-07
 2.74754e+23	9.96e-01	4.31e-03	1.44e-07
 2.75264e+23	9.96e-01	4.16e-03	1.44e-07
 2.75788e+23	9.96e-01	4.02e-03	1.45e-07
 2.76324e+23	9.96e-01	3.88e-03	1.46e-07
 2.76869e+23	9.96e-01	3.75e-03	1.47e-07
 2.77424e+23	9.96e-01	3.62e-03	1.48e-07
 2.77988e+23	9.97e-01	3.49e-03	1.49e-07
 2.78563e+23	9.97e-01	3.36e-03	1.50e-07
 2.79149e+23	9.97e-01	3.24e-03	1.51e-07
 2.79747e+23	9.97e-01	3.12e-03	1.53e-07
 2.80360e+23	9.97e-01	3.00e-03	1.54e-07
 2.80989e+23	9.97e-01	2.88e-03	1.56e-07
 2.81631e+23	9.97e-01	2.77e-03	1.58e-07
 2.82288e+23	9.97e-01	2.66e-03	1.60e-07
 2.82961e+23	9.97e-01	2.55e-03	1.62e-07
 2.83650e+23	9.98e-01	2.44e-03	1.65e-07
 2.84355e+23	9.98e-01	2.34e-03	1.67e-07
 2.85069e+23	9.98e-01	2.24e-03	1.71e-07
 2.85790e+23	9.98e-01	2.15e-03	1.74e-07
 2.86520e+23	9.98e-01	2.05e-03	1.78e-07
 2.87257e+23	9.98e-01	1.97e-03	1.82e-07
 2.88001e+23	9.98e-01	1.88e-03	1.86e-07
 2.88753e+23	9.98e-01	1.80e-03	1.91e-07
 2.89513e+23	9.98e-01	1.72e-03	1.97e-07
 2.90282e+23	9.98e-01	1.64e-03	2.03e-07
 2.91059e+23	9.98e-01	1.57e-03	2.10e-07
 2.91842e+23	9.99e-01	1.50e-03	2.18e-07
 2.92630e+23	9.99e-01	1.43e-03	2.26e-07
 2.93429e+23	9.99e-01	1.36e-03	2.36e-07
 2.94238e+23	9.99e-01	1.30e-03	2.47e-07
 2.95054e+23	9.99e-01	1.24e-03	2.60e-07
 2.95882e+23	9.99e-01	1.18e-03	2.74e-07
 2.96719e+23	9.99e-01	1.13e-03	2.91e-07
 2.97565e+23	9.99e-01	1.07e-03	3.10e-07
 2.98412e+23	9.99e-01	1.02e-03	3.33e-07
 2.99231e+23	9.99e-01	9.74e-04	3.59e-07
 2.99996e+23	9.99e-01	9.32e-04	3.87e-07
 3.00708e+23	9.99e-01	8.95e-04	4.18e-07
 3.01380e+23	9.99e-01	8.62e-04	4.52e-07
 3.02022e+23	9.99e-01	8.30e-04	4.90e-07
 3.02636e+23	9.99e-01	8.01e-04	5.32e-07
 3.03218e+23	9.99e-01	7.75e-04	5.78e-07
 3.03770e+23	9.99e-01	7.51e-04	6.30e-07
 3.04291e+23	9.99e-01	7.28e-04	6.86e-07
 3.04788e+23	9.99e-01	7.08e-04	7.48e-07
 3.05261e+23	9.99e-01	6.88e-04	8.18e-07
 3.05710e+23	9.99e-01	6.68e-04	8.96e-07
 3.06134e+23	9.99e-01	6.52e-04	9.81e-07
 3.06535e+23	9.99e-01	6.37e-04	1.07e-06
 3.06920e+23	9.99e-01	6.22e-04	1.17e-06
 3.07293e+23	9.99e-01	6.09e-04	1.29e-06
 3.07651e+23	9.99e-01	5.96e-04	1.42e-06
 3.07992e+23	9.99e-01	5.84e-04	1.56e-06
 3.08316e+23	9.99e-01	5.73e-04	1.71e-06
 3.08521e+23	9.99e-01	5.71e-04	1.87e-06
