#depth	Si	Si+	Si+2	Si+3	Si+4	Si+5	Si+6	Si+7	Si+8	Si+9	Si+10	Si+11	Si+12	Si+13	Si+14
 1.54284e+22	0.00e+00	6.56e-29	1.96e-24	1.09e-20	9.29e-17	1.18e-13	4.47e-11	5.51e-09	2.96e-07	7.66e-06	1.24e-04	2.01e-03	7.73e-02	3.76e-01	5.45e-01
 3.46047e+22	0.00e+00	1.98e-26	3.62e-22	1.40e-18	1.07e-14	8.43e-12	1.99e-09	1.52e-07	5.13e-06	8.07e-05	7.45e-04	7.01e-03	1.58e-01	4.50e-01	3.84e-01
 4.00819e+22	0.00e+00	3.73e-25	5.33e-21	1.54e-17	9.85e-14	6.27e-11	1.18e-08	7.24e-07	1.96e-05	2.43e-04	1.70e-03	1.22e-02	2.12e-01	4.66e-01	3.07e-01
 4.26757e+22	0.00e+00	1.71e-24	2.13e-20	5.26e-17	3.09e-13	1.76e-10	2.97e-08	1.62e-06	3.94e-05	4.30e-04	2.59e-03	1.62e-02	2.45e-01	4.67e-01	2.69e-01
 4.37564e+22	0.00e+00	2.54e-24	3.05e-20	7.21e-17	4.15e-13	2.30e-10	3.77e-08	2.00e-06	4.71e-05	4.99e-04	2.89e-03	1.74e-02	2.53e-01	4.67e-01	2.59e-01
 4.41097e+22	0.00e+00	3.26e-24	3.82e-20	8.78e-17	4.99e-13	2.73e-10	4.38e-08	2.28e-06	5.28e-05	5.47e-04	3.10e-03	1.82e-02	2.59e-01	4.66e-01	2.53e-01
 4.44251e+22	0.00e+00	4.47e-24	5.08e-20	1.13e-16	6.31e-13	3.37e-10	5.31e-08	2.69e-06	6.10e-05	6.15e-04	3.38e-03	1.92e-02	2.66e-01	4.65e-01	2.45e-01
 4.47335e+22	0.00e+00	5.71e-24	6.34e-20	1.37e-16	7.57e-13	3.98e-10	6.15e-08	3.07e-06	6.82e-05	6.75e-04	3.62e-03	2.01e-02	2.72e-01	4.65e-01	2.39e-01
 4.49904e+22	0.00e+00	7.23e-24	7.83e-20	1.65e-16	9.00e-13	4.66e-10	7.09e-08	3.47e-06	7.60e-05	7.37e-04	3.86e-03	2.09e-02	2.77e-01	4.64e-01	2.34e-01
 4.52819e+22	0.00e+00	9.71e-24	1.02e-19	2.08e-16	1.12e-12	5.69e-10	8.47e-08	4.06e-06	8.70e-05	8.23e-04	4.18e-03	2.20e-02	2.84e-01	4.62e-01	2.27e-01
 4.55794e+22	0.00e+00	1.25e-23	1.29e-19	2.54e-16	1.35e-12	6.76e-10	9.89e-08	4.65e-06	9.78e-05	9.06e-04	4.49e-03	2.30e-02	2.90e-01	4.61e-01	2.21e-01
 4.58388e+22	0.00e+00	1.58e-23	1.58e-19	3.05e-16	1.60e-12	7.90e-10	1.14e-07	5.25e-06	1.09e-04	9.87e-04	4.78e-03	2.40e-02	2.95e-01	4.59e-01	2.16e-01
 4.61300e+22	0.00e+00	2.17e-23	2.10e-19	3.89e-16	2.02e-12	9.77e-10	1.38e-07	6.21e-06	1.26e-04	1.11e-03	5.21e-03	2.53e-02	3.03e-01	4.57e-01	2.08e-01
 4.64218e+22	0.00e+00	2.78e-23	2.62e-19	4.72e-16	2.43e-12	1.15e-09	1.60e-07	7.09e-06	1.41e-04	1.22e-03	5.57e-03	2.64e-02	3.09e-01	4.55e-01	2.03e-01
 4.67142e+22	0.00e+00	3.81e-23	3.48e-19	6.01e-16	3.06e-12	1.43e-09	1.93e-07	8.38e-06	1.63e-04	1.37e-03	6.08e-03	2.79e-02	3.16e-01	4.52e-01	1.96e-01
 4.70110e+22	0.00e+00	4.94e-23	4.39e-19	7.35e-16	3.70e-12	1.70e-09	2.27e-07	9.63e-06	1.84e-04	1.52e-03	6.53e-03	2.91e-02	3.23e-01	4.50e-01	1.90e-01
 4.72728e+22	0.00e+00	6.40e-23	5.52e-19	8.95e-16	4.46e-12	2.02e-09	2.65e-07	1.10e-05	2.07e-04	1.67e-03	7.00e-03	3.04e-02	3.29e-01	4.48e-01	1.84e-01
 4.75257e+22	0.00e+00	8.10e-23	6.81e-19	1.07e-15	5.30e-12	2.37e-09	3.06e-07	1.25e-05	2.31e-04	1.83e-03	7.47e-03	3.17e-02	3.35e-01	4.45e-01	1.79e-01
 4.78072e+22	0.00e+00	1.12e-22	9.07e-19	1.37e-15	6.71e-12	2.94e-09	3.72e-07	1.49e-05	2.69e-04	2.07e-03	8.16e-03	3.34e-02	3.43e-01	4.41e-01	1.72e-01
 4.80864e+22	0.00e+00	1.43e-22	1.13e-18	1.65e-15	8.02e-12	3.47e-09	4.32e-07	1.70e-05	3.01e-04	2.27e-03	8.73e-03	3.48e-02	3.49e-01	4.38e-01	1.67e-01
 4.83628e+22	0.00e+00	1.99e-22	1.50e-18	2.10e-15	1.01e-11	4.32e-09	5.27e-07	2.02e-05	3.51e-04	2.57e-03	9.54e-03	3.68e-02	3.57e-01	4.34e-01	1.60e-01
 4.86315e+22	0.00e+00	2.47e-22	1.82e-18	2.47e-15	1.19e-11	5.00e-09	6.02e-07	2.27e-05	3.88e-04	2.78e-03	1.01e-02	3.81e-02	3.62e-01	4.31e-01	1.56e-01
 4.88901e+22	0.00e+00	3.41e-22	2.41e-18	3.13e-15	1.50e-11	6.20e-09	7.33e-07	2.71e-05	4.51e-04	3.15e-03	1.11e-02	4.02e-02	3.70e-01	4.26e-01	1.49e-01
 4.91461e+22	0.00e+00	4.23e-22	2.92e-18	3.68e-15	1.75e-11	7.17e-09	8.36e-07	3.04e-05	4.99e-04	3.42e-03	1.17e-02	4.16e-02	3.75e-01	4.23e-01	1.45e-01
 4.93988e+22	0.00e+00	5.81e-22	3.84e-18	4.62e-15	2.19e-11	8.87e-09	1.02e-06	3.61e-05	5.80e-04	3.86e-03	1.28e-02	4.38e-02	3.82e-01	4.18e-01	1.39e-01
 4.96534e+22	0.00e+00	7.31e-22	4.70e-18	5.47e-15	2.59e-11	1.04e-08	1.17e-06	4.09e-05	6.45e-04	4.21e-03	1.36e-02	4.54e-02	3.88e-01	4.14e-01	1.34e-01
 4.99105e+22	0.00e+00	1.01e-21	6.20e-18	6.88e-15	3.25e-11	1.29e-08	1.43e-06	4.87e-05	7.52e-04	4.76e-03	1.49e-02	4.78e-02	3.95e-01	4.08e-01	1.28e-01
 5.01712e+22	0.00e+00	1.28e-21	7.64e-18	8.18e-15	3.87e-11	1.51e-08	1.66e-06	5.55e-05	8.42e-04	5.22e-03	1.59e-02	4.97e-02	4.01e-01	4.04e-01	1.24e-01
 5.04367e+22	0.00e+00	1.77e-21	1.01e-17	1.03e-14	4.86e-11	1.88e-08	2.02e-06	6.62e-05	9.80e-04	5.90e-03	1.73e-02	5.23e-02	4.08e-01	3.97e-01	1.18e-01
 5.07000e+22	0.00e+00	2.25e-21	1.24e-17	1.22e-14	5.78e-11	2.21e-08	2.35e-06	7.57e-05	1.10e-03	6.47e-03	1.85e-02	5.43e-02	4.14e-01	3.92e-01	1.13e-01
 5.09603e+22	0.00e+00	3.10e-21	1.63e-17	1.52e-14	7.25e-11	2.75e-08	2.87e-06	9.02e-05	1.28e-03	7.32e-03	2.02e-02	5.70e-02	4.21e-01	3.86e-01	1.08e-01
 5.12246e+22	0.00e+00	3.98e-21	2.02e-17	1.82e-14	8.68e-11	3.26e-08	3.37e-06	1.04e-04	1.44e-03	8.06e-03	2.16e-02	5.93e-02	4.26e-01	3.80e-01	1.03e-01
 5.14941e+22	0.00e+00	5.53e-21	2.68e-17	2.28e-14	1.10e-10	4.08e-08	4.14e-06	1.24e-04	1.69e-03	9.14e-03	2.36e-02	6.23e-02	4.33e-01	3.72e-01	9.79e-02
 5.17663e+22	0.00e+00	7.13e-21	3.32e-17	2.71e-14	1.31e-10	4.85e-08	4.87e-06	1.44e-04	1.91e-03	1.01e-02	2.53e-02	6.48e-02	4.38e-01	3.66e-01	9.36e-02
 5.20419e+22	0.00e+00	9.94e-21	4.40e-17	3.40e-14	1.66e-10	6.09e-08	6.01e-06	1.73e-04	2.24e-03	1.14e-02	2.77e-02	6.80e-02	4.44e-01	3.58e-01	8.82e-02
 5.23192e+22	0.00e+00	1.28e-20	5.46e-17	4.03e-14	1.99e-10	7.25e-08	7.07e-06	1.99e-04	2.53e-03	1.26e-02	2.96e-02	7.06e-02	4.49e-01	3.51e-01	8.42e-02
 5.25586e+22	1.98e-34	1.64e-20	6.71e-17	4.76e-14	2.37e-10	8.59e-08	8.28e-06	2.29e-04	2.85e-03	1.39e-02	3.17e-02	7.32e-02	4.53e-01	3.45e-01	8.04e-02
 5.28297e+22	2.93e-34	2.24e-20	8.74e-17	5.86e-14	2.96e-10	1.07e-07	1.01e-05	2.73e-04	3.31e-03	1.56e-02	3.44e-02	7.66e-02	4.58e-01	3.36e-01	7.56e-02
 5.31012e+22	3.94e-34	2.85e-20	1.07e-16	6.87e-14	3.51e-10	1.26e-07	1.18e-05	3.13e-04	3.72e-03	1.71e-02	3.67e-02	7.93e-02	4.61e-01	3.29e-01	7.21e-02
 5.33731e+22	5.80e-34	3.88e-20	1.38e-16	8.41e-14	4.38e-10	1.56e-07	1.45e-05	3.74e-04	4.32e-03	1.93e-02	3.98e-02	8.28e-02	4.66e-01	3.20e-01	6.76e-02
 5.36469e+22	7.69e-34	4.87e-20	1.67e-16	9.78e-14	5.15e-10	1.83e-07	1.68e-05	4.25e-04	4.82e-03	2.10e-02	4.23e-02	8.54e-02	4.68e-01	3.13e-01	6.44e-02
 5.39234e+22	1.11e-33	6.55e-20	2.15e-16	1.19e-13	6.36e-10	2.25e-07	2.03e-05	5.04e-04	5.56e-03	2.35e-02	4.57e-02	8.89e-02	4.71e-01	3.04e-01	6.03e-02
 5.42080e+22	1.50e-33	8.33e-20	2.62e-16	1.39e-13	7.55e-10	2.66e-07	2.38e-05	5.78e-04	6.23e-03	2.57e-02	4.86e-02	9.17e-02	4.73e-01	2.97e-01	5.71e-02
 5.45034e+22	2.19e-33	1.13e-19	3.37e-16	1.69e-13	9.37e-10	3.29e-07	2.90e-05	6.88e-04	7.21e-03	2.88e-02	5.26e-02	9.54e-02	4.75e-01	2.87e-01	5.32e-02
 5.48044e+22	2.93e-33	1.43e-19	4.10e-16	1.97e-13	1.11e-09	3.88e-07	3.38e-05	7.87e-04	8.06e-03	3.14e-02	5.58e-02	9.83e-02	4.76e-01	2.79e-01	5.03e-02
 5.51126e+22	4.25e-33	1.93e-19	5.27e-16	2.38e-13	1.37e-09	4.78e-07	4.11e-05	9.34e-04	9.30e-03	3.51e-02	6.01e-02	1.02e-01	4.77e-01	2.69e-01	4.66e-02
 5.54266e+22	5.67e-33	2.44e-19	6.40e-16	2.77e-13	1.62e-09	5.63e-07	4.79e-05	1.07e-03	1.04e-02	3.82e-02	6.37e-02	1.05e-01	4.77e-01	2.61e-01	4.39e-02
 5.57480e+22	8.19e-33	3.28e-19	8.19e-16	3.35e-13	2.00e-09	6.93e-07	5.81e-05	1.26e-03	1.19e-02	4.26e-02	6.84e-02	1.08e-01	4.76e-01	2.50e-01	4.06e-02
 5.60714e+22	1.08e-32	4.12e-19	9.88e-16	3.87e-13	2.35e-09	8.10e-07	6.73e-05	1.44e-03	1.32e-02	4.61e-02	7.22e-02	1.11e-01	4.75e-01	2.42e-01	3.82e-02
 5.63973e+22	1.54e-32	5.48e-19	1.25e-15	4.65e-13	2.87e-09	9.87e-07	8.09e-05	1.69e-03	1.51e-02	5.10e-02	7.71e-02	1.14e-01	4.73e-01	2.32e-01	3.52e-02
 5.67316e+22	2.04e-32	6.88e-19	1.51e-15	5.38e-13	3.37e-09	1.15e-06	9.36e-05	1.91e-03	1.68e-02	5.52e-02	8.12e-02	1.17e-01	4.71e-01	2.24e-01	3.30e-02
 5.70217e+22	2.63e-32	8.46e-19	1.80e-15	6.15e-13	3.90e-09	1.33e-06	1.07e-04	2.15e-03	1.84e-02	5.92e-02	8.50e-02	1.19e-01	4.68e-01	2.17e-01	3.10e-02
 5.73438e+22	3.63e-32	1.10e-18	2.24e-15	7.28e-13	4.69e-09	1.59e-06	1.26e-04	2.49e-03	2.07e-02	6.47e-02	8.99e-02	1.22e-01	4.64e-01	2.07e-01	2.86e-02
 5.76697e+22	4.68e-32	1.35e-18	2.65e-15	8.30e-13	5.41e-09	1.83e-06	1.44e-04	2.78e-03	2.27e-02	6.93e-02	9.39e-02	1.24e-01	4.60e-01	2.00e-01	2.68e-02
 5.80006e+22	6.44e-32	1.76e-18	3.29e-15	9.80e-13	6.48e-09	2.19e-06	1.70e-04	3.21e-03	2.54e-02	7.55e-02	9.91e-02	1.27e-01	4.55e-01	1.90e-01	2.47e-02
 5.83365e+22	8.25e-32	2.15e-18	3.90e-15	1.12e-12	7.44e-09	2.51e-06	1.92e-04	3.58e-03	2.77e-02	8.05e-02	1.03e-01	1.29e-01	4.50e-01	1.83e-01	2.31e-02
 5.86309e+22	1.05e-31	2.62e-18	4.59e-15	1.27e-12	8.51e-09	2.86e-06	2.17e-04	3.98e-03	3.02e-02	8.56e-02	1.07e-01	1.30e-01	4.45e-01	1.76e-01	2.16e-02
 5.89655e+22	1.43e-31	3.38e-18	5.66e-15	1.49e-12	1.01e-08	3.38e-06	2.54e-04	4.56e-03	3.36e-02	9.26e-02	1.12e-01	1.32e-01	4.38e-01	1.67e-01	1.98e-02
 5.92986e+22	1.79e-31	4.06e-18	6.60e-15	1.68e-12	1.14e-08	3.81e-06	2.84e-04	5.01e-03	3.62e-02	9.78e-02	1.16e-01	1.34e-01	4.32e-01	1.61e-01	1.86e-02
 5.96295e+22	2.40e-31	5.17e-18	8.07e-15	1.96e-12	1.34e-08	4.47e-06	3.29e-04	5.69e-03	4.00e-02	1.05e-01	1.21e-01	1.35e-01	4.24e-01	1.52e-01	1.70e-02
 5.99669e+22	3.01e-31	6.23e-18	9.44e-15	2.21e-12	1.52e-08	5.04e-06	3.67e-04	6.26e-03	4.30e-02	1.11e-01	1.25e-01	1.36e-01	4.17e-01	1.46e-01	1.59e-02
 6.03127e+22	4.05e-31	7.95e-18	1.16e-14	2.58e-12	1.79e-08	5.89e-06	4.24e-04	7.10e-03	4.74e-02	1.19e-01	1.29e-01	1.37e-01	4.08e-01	1.38e-01	1.45e-02
 6.06650e+22	5.09e-31	9.61e-18	1.36e-14	2.93e-12	2.03e-08	6.64e-06	4.74e-04	7.80e-03	5.10e-02	1.25e-01	1.33e-01	1.38e-01	4.00e-01	1.32e-01	1.34e-02
 6.10258e+22	3.38e-31	1.23e-17	1.67e-14	3.43e-12	2.38e-08	7.76e-06	5.47e-04	8.82e-03	5.60e-02	1.33e-01	1.38e-01	1.38e-01	3.89e-01	1.24e-01	1.22e-02
 6.13932e+22	4.26e-31	1.49e-17	1.96e-14	3.90e-12	2.70e-08	8.74e-06	6.10e-04	9.68e-03	6.01e-02	1.40e-01	1.41e-01	1.39e-01	3.81e-01	1.18e-01	1.13e-02
 6.17693e+22	5.76e-31	1.91e-17	2.41e-14	4.58e-12	3.16e-08	1.02e-05	7.02e-04	1.09e-02	6.58e-02	1.49e-01	1.46e-01	1.39e-01	3.69e-01	1.10e-01	1.02e-02
 6.21368e+22	7.10e-31	2.28e-17	2.80e-14	5.17e-12	3.54e-08	1.13e-05	7.73e-04	1.18e-02	6.99e-02	1.55e-01	1.49e-01	1.38e-01	3.61e-01	1.05e-01	9.46e-03
 6.24933e+22	9.42e-31	2.88e-17	3.40e-14	6.00e-12	4.09e-08	1.30e-05	8.80e-04	1.32e-02	7.60e-02	1.64e-01	1.52e-01	1.38e-01	3.49e-01	9.79e-02	8.53e-03
 6.28552e+22	1.16e-30	3.43e-17	3.96e-14	6.77e-12	4.58e-08	1.45e-05	9.68e-04	1.43e-02	8.05e-02	1.70e-01	1.55e-01	1.37e-01	3.41e-01	9.31e-02	7.92e-03
 6.32241e+22	1.53e-30	4.33e-17	4.81e-14	7.88e-12	5.29e-08	1.66e-05	1.10e-03	1.59e-02	8.70e-02	1.79e-01	1.58e-01	1.36e-01	3.29e-01	8.68e-02	7.13e-03
 6.36043e+22	1.92e-30	5.23e-17	5.65e-14	8.95e-12	5.95e-08	1.86e-05	1.21e-03	1.73e-02	9.25e-02	1.86e-01	1.60e-01	1.35e-01	3.19e-01	8.18e-02	6.55e-03
 6.39992e+22	2.55e-30	6.63e-17	6.91e-14	1.05e-11	6.88e-08	2.13e-05	1.37e-03	1.92e-02	9.96e-02	1.95e-01	1.63e-01	1.34e-01	3.06e-01	7.59e-02	5.87e-03
 6.44069e+22	3.24e-30	8.10e-17	8.19e-14	1.20e-11	7.78e-08	2.39e-05	1.52e-03	2.09e-02	1.06e-01	2.02e-01	1.65e-01	1.32e-01	2.95e-01	7.11e-02	5.34e-03
 6.48310e+22	4.35e-30	1.04e-16	1.01e-13	1.42e-11	9.06e-08	2.75e-05	1.72e-03	2.32e-02	1.14e-01	2.11e-01	1.67e-01	1.30e-01	2.82e-01	6.54e-02	4.74e-03
 6.52664e+22	5.57e-30	1.28e-16	1.21e-13	1.64e-11	1.03e-07	3.09e-05	1.91e-03	2.53e-02	1.21e-01	2.19e-01	1.69e-01	1.28e-01	2.71e-01	6.09e-02	4.28e-03
 6.57163e+22	7.55e-30	1.65e-16	1.50e-13	1.95e-11	1.20e-07	3.57e-05	2.17e-03	2.81e-02	1.30e-01	2.28e-01	1.70e-01	1.25e-01	2.57e-01	5.57e-02	3.77e-03
 6.61804e+22	9.77e-30	2.04e-16	1.81e-13	2.27e-11	1.36e-07	4.02e-05	2.41e-03	3.06e-02	1.38e-01	2.35e-01	1.71e-01	1.23e-01	2.45e-01	5.15e-02	3.37e-03
 6.66632e+22	1.34e-29	2.67e-16	2.28e-13	2.73e-11	1.60e-07	4.66e-05	2.74e-03	3.39e-02	1.48e-01	2.44e-01	1.71e-01	1.20e-01	2.31e-01	4.66e-02	2.94e-03
 6.71619e+22	1.76e-29	3.35e-16	2.77e-13	3.19e-11	1.83e-07	5.27e-05	3.05e-03	3.70e-02	1.57e-01	2.52e-01	1.71e-01	1.16e-01	2.19e-01	4.27e-02	2.60e-03
 6.76125e+22	2.29e-29	4.17e-16	3.35e-13	3.71e-11	2.09e-07	5.92e-05	3.38e-03	4.02e-02	1.65e-01	2.58e-01	1.71e-01	1.13e-01	2.07e-01	3.91e-02	2.31e-03
 6.81296e+22	3.18e-29	5.50e-16	4.26e-13	4.50e-11	2.46e-07	6.86e-05	3.84e-03	4.45e-02	1.76e-01	2.66e-01	1.70e-01	1.09e-01	1.93e-01	3.50e-02	1.98e-03
 6.86572e+22	4.18e-29	6.91e-16	5.18e-13	5.27e-11	2.81e-07	7.73e-05	4.26e-03	4.83e-02	1.86e-01	2.72e-01	1.69e-01	1.06e-01	1.82e-01	3.18e-02	1.74e-03
 6.91985e+22	5.87e-29	9.18e-16	6.62e-13	6.42e-11	3.31e-07	8.96e-05	4.83e-03	5.33e-02	1.97e-01	2.79e-01	1.67e-01	1.01e-01	1.68e-01	2.81e-02	1.47e-03
 6.97471e+22	7.73e-29	1.16e-15	8.08e-13	7.53e-11	3.77e-07	1.01e-04	5.35e-03	5.77e-02	2.07e-01	2.84e-01	1.65e-01	9.72e-02	1.57e-01	2.53e-02	1.28e-03
 7.03053e+22	1.09e-28	1.55e-15	1.04e-12	9.19e-11	4.44e-07	1.17e-04	6.06e-03	6.37e-02	2.20e-01	2.90e-01	1.61e-01	9.22e-02	1.44e-01	2.22e-02	1.07e-03
 7.08693e+22	1.43e-28	1.95e-15	1.27e-12	1.08e-10	5.04e-07	1.31e-04	6.68e-03	6.87e-02	2.29e-01	2.94e-01	1.59e-01	8.83e-02	1.33e-01	1.99e-02	9.26e-04
 7.14410e+22	2.04e-28	2.63e-15	1.63e-12	1.31e-10	5.91e-07	1.51e-04	7.55e-03	7.56e-02	2.42e-01	2.98e-01	1.54e-01	8.31e-02	1.21e-01	1.72e-02	7.63e-04
 7.20157e+22	2.67e-28	3.30e-15	1.98e-12	1.53e-10	6.69e-07	1.68e-04	8.29e-03	8.12e-02	2.52e-01	3.01e-01	1.51e-01	7.92e-02	1.12e-01	1.53e-02	6.57e-04
 7.24926e+22	3.39e-28	4.06e-15	2.36e-12	1.76e-10	7.45e-07	1.85e-04	9.00e-03	8.65e-02	2.60e-01	3.03e-01	1.47e-01	7.56e-02	1.04e-01	1.38e-02	5.71e-04
 7.30111e+22	4.63e-28	5.30e-15	2.95e-12	2.09e-10	8.52e-07	2.09e-04	9.99e-03	9.37e-02	2.71e-01	3.04e-01	1.43e-01	7.11e-02	9.44e-02	1.19e-02	4.74e-04
 7.35284e+22	5.84e-28	6.49e-15	3.50e-12	2.39e-10	9.45e-07	2.29e-04	1.08e-02	9.94e-02	2.80e-01	3.05e-01	1.39e-01	6.77e-02	8.76e-02	1.07e-02	4.12e-04
 7.40444e+22	7.93e-28	8.46e-15	4.36e-12	2.83e-10	1.07e-06	2.58e-04	1.19e-02	1.07e-01	2.90e-01	3.05e-01	1.34e-01	6.33e-02	7.90e-02	9.24e-03	3.39e-04
 7.45665e+22	1.00e-27	1.04e-14	5.19e-12	3.23e-10	1.19e-06	2.82e-04	1.29e-02	1.14e-01	2.98e-01	3.04e-01	1.30e-01	6.00e-02	7.28e-02	8.23e-03	2.92e-04
 7.50966e+22	1.37e-27	1.37e-14	6.50e-12	3.84e-10	1.35e-06	3.16e-04	1.42e-02	1.23e-01	3.08e-01	3.02e-01	1.24e-01	5.58e-02	6.51e-02	7.01e-03	2.37e-04
 7.56330e+22	1.74e-27	1.69e-14	7.76e-12	4.40e-10	1.49e-06	3.46e-04	1.53e-02	1.30e-01	3.16e-01	3.01e-01	1.19e-01	5.26e-02	5.96e-02	6.19e-03	2.02e-04
 7.61776e+22	2.36e-27	2.24e-14	9.76e-12	5.23e-10	1.69e-06	3.87e-04	1.69e-02	1.40e-01	3.25e-01	2.97e-01	1.13e-01	4.85e-02	5.29e-02	5.23e-03	1.63e-04
 7.67328e+22	3.03e-27	2.81e-14	1.17e-11	6.02e-10	1.87e-06	4.23e-04	1.82e-02	1.48e-01	3.33e-01	2.94e-01	1.09e-01	4.54e-02	4.79e-02	4.55e-03	1.36e-04
 7.73018e+22	4.16e-27	3.78e-14	1.49e-11	7.21e-10	2.13e-06	4.75e-04	2.01e-02	1.60e-01	3.41e-01	2.89e-01	1.02e-01	4.15e-02	4.20e-02	3.78e-03	1.07e-04
 7.78812e+22	5.36e-27	4.79e-14	1.81e-11	8.34e-10	2.36e-06	5.20e-04	2.17e-02	1.69e-01	3.48e-01	2.84e-01	9.70e-02	3.85e-02	3.76e-02	3.25e-03	8.85e-05
 7.84741e+22	7.41e-27	6.55e-14	2.33e-11	1.01e-09	2.69e-06	5.84e-04	2.40e-02	1.82e-01	3.56e-01	2.77e-01	9.03e-02	3.49e-02	3.25e-02	2.66e-03	6.85e-05
 7.90739e+22	9.57e-27	8.40e-14	2.84e-11	1.17e-09	2.99e-06	6.40e-04	2.59e-02	1.93e-01	3.61e-01	2.71e-01	8.51e-02	3.22e-02	2.89e-02	2.26e-03	5.57e-05
 7.95805e+22	1.21e-26	1.06e-13	3.41e-11	1.35e-09	3.29e-06	6.95e-04	2.78e-02	2.03e-01	3.66e-01	2.65e-01	8.04e-02	2.98e-02	2.59e-02	1.94e-03	4.60e-05
 8.01346e+22	1.62e-26	1.42e-13	4.33e-11	1.62e-09	3.73e-06	7.74e-04	3.03e-02	2.17e-01	3.70e-01	2.56e-01	7.44e-02	2.70e-02	2.24e-02	1.59e-03	3.57e-05
 8.06910e+22	2.04e-26	1.80e-13	5.22e-11	1.87e-09	4.12e-06	8.42e-04	3.25e-02	2.28e-01	3.74e-01	2.49e-01	6.99e-02	2.49e-02	1.99e-02	1.36e-03	2.92e-05
 8.12343e+22	2.68e-26	2.41e-13	6.59e-11	2.23e-09	4.66e-06	9.33e-04	3.53e-02	2.42e-01	3.77e-01	2.40e-01	6.44e-02	2.25e-02	1.72e-02	1.11e-03	2.28e-05
 8.17885e+22	3.40e-26	3.09e-13	8.05e-11	2.61e-09	5.19e-06	1.02e-03	3.79e-02	2.54e-01	3.78e-01	2.32e-01	6.00e-02	2.06e-02	1.51e-02	9.38e-04	1.83e-05
 8.23346e+22	4.39e-26	4.13e-13	1.02e-10	3.12e-09	5.89e-06	1.13e-03	4.11e-02	2.69e-01	3.80e-01	2.22e-01	5.50e-02	1.85e-02	1.30e-02	7.67e-04	1.42e-05
 8.28916e+22	5.53e-26	5.40e-13	1.26e-10	3.70e-09	6.62e-06	1.24e-03	4.42e-02	2.83e-01	3.80e-01	2.12e-01	5.07e-02	1.68e-02	1.13e-02	6.37e-04	1.13e-05
 8.34367e+22	7.10e-26	7.16e-13	1.58e-10	4.43e-09	7.52e-06	1.37e-03	4.77e-02	2.98e-01	3.79e-01	2.02e-01	4.63e-02	1.51e-02	9.78e-03	5.22e-04	8.82e-06
 8.39877e+22	9.01e-26	9.44e-13	1.97e-10	5.29e-09	8.53e-06	1.52e-03	5.14e-02	3.13e-01	3.77e-01	1.93e-01	4.24e-02	1.36e-02	8.43e-03	4.29e-04	6.91e-06
 8.45317e+22	1.14e-25	1.25e-12	2.47e-10	6.35e-09	9.71e-06	1.68e-03	5.53e-02	3.28e-01	3.74e-01	1.83e-01	3.86e-02	1.23e-02	7.25e-03	3.51e-04	5.39e-06
 8.50743e+22	1.44e-25	1.65e-12	3.09e-10	7.63e-09	1.11e-05	1.85e-03	5.94e-02	3.43e-01	3.71e-01	1.73e-01	3.51e-02	1.10e-02	6.23e-03	2.88e-04	4.21e-06
 8.56178e+22	1.82e-25	2.18e-12	3.89e-10	9.20e-09	1.27e-05	2.05e-03	6.39e-02	3.58e-01	3.66e-01	1.63e-01	3.18e-02	9.83e-03	5.33e-03	2.35e-04	3.27e-06
 8.61631e+22	2.29e-25	2.88e-12	4.88e-10	1.11e-08	1.45e-05	2.27e-03	6.86e-02	3.73e-01	3.61e-01	1.53e-01	2.87e-02	8.78e-03	4.55e-03	1.91e-04	2.54e-06
 8.67104e+22	2.90e-25	3.81e-12	6.15e-10	1.35e-08	1.67e-05	2.52e-03	7.36e-02	3.88e-01	3.54e-01	1.43e-01	2.58e-02	7.82e-03	3.88e-03	1.55e-04	1.96e-06
 8.72623e+22	3.66e-25	5.04e-12	7.75e-10	1.64e-08	1.93e-05	2.79e-03	7.90e-02	4.04e-01	3.47e-01	1.34e-01	2.32e-02	6.94e-03	3.29e-03	1.25e-04	1.51e-06
 8.78194e+22	4.65e-25	6.69e-12	9.80e-10	2.00e-08	2.23e-05	3.10e-03	8.47e-02	4.18e-01	3.39e-01	1.25e-01	2.07e-02	6.15e-03	2.79e-03	1.01e-04	1.16e-06
 8.83798e+22	5.91e-25	8.83e-12	1.24e-09	2.43e-08	2.57e-05	3.44e-03	9.06e-02	4.33e-01	3.31e-01	1.16e-01	1.85e-02	5.44e-03	2.36e-03	8.13e-05	8.92e-07
 8.89489e+22	7.57e-25	1.17e-11	1.57e-09	2.98e-08	2.99e-05	3.83e-03	9.71e-02	4.47e-01	3.21e-01	1.07e-01	1.65e-02	4.78e-03	1.98e-03	6.49e-05	6.78e-07
 8.95235e+22	9.70e-25	1.55e-11	1.98e-09	3.65e-08	3.47e-05	4.25e-03	1.04e-01	4.61e-01	3.12e-01	9.90e-02	1.46e-02	4.21e-03	1.66e-03	5.20e-05	5.18e-07
 9.01100e+22	1.28e-24	2.06e-11	2.52e-09	4.50e-08	4.05e-05	4.74e-03	1.11e-01	4.74e-01	3.01e-01	9.10e-02	1.29e-02	3.67e-03	1.38e-03	4.11e-05	3.89e-07
 9.07063e+22	1.66e-24	2.72e-11	3.20e-09	5.52e-08	4.71e-05	5.27e-03	1.18e-01	4.86e-01	2.90e-01	8.36e-02	1.14e-02	3.21e-03	1.15e-03	3.27e-05	2.94e-07
 9.12521e+22	2.08e-24	3.43e-11	3.89e-09	6.56e-08	5.35e-05	5.75e-03	1.25e-01	4.96e-01	2.81e-01	7.77e-02	1.02e-02	2.86e-03	9.91e-04	2.69e-05	2.32e-07
 9.18223e+22	2.77e-24	4.58e-11	5.00e-09	8.18e-08	6.28e-05	6.43e-03	1.33e-01	5.08e-01	2.69e-01	7.07e-02	8.93e-03	2.46e-03	8.13e-04	2.09e-05	1.71e-07
 9.24014e+22	3.51e-24	5.76e-11	6.09e-09	9.73e-08	7.14e-05	7.01e-03	1.40e-01	5.16e-01	2.60e-01	6.54e-02	8.00e-03	2.19e-03	6.94e-04	1.71e-05	1.35e-07
 9.29977e+22	4.77e-24	7.73e-11	7.86e-09	1.22e-07	8.42e-05	7.84e-03	1.50e-01	5.27e-01	2.47e-01	5.91e-02	6.93e-03	1.87e-03	5.65e-04	1.32e-05	0.00e+00
 9.35964e+22	6.09e-24	9.66e-11	9.55e-09	1.45e-07	9.56e-05	8.54e-03	1.57e-01	5.34e-01	2.38e-01	5.46e-02	6.19e-03	1.66e-03	4.81e-04	1.08e-05	0.00e+00
 9.41983e+22	8.33e-24	1.29e-10	1.23e-08	1.81e-07	1.13e-04	9.53e-03	1.67e-01	5.42e-01	2.25e-01	4.92e-02	5.34e-03	1.41e-03	3.90e-04	8.26e-06	0.00e+00
 9.48021e+22	1.06e-23	1.59e-10	1.48e-08	2.14e-07	1.27e-04	1.03e-02	1.75e-01	5.47e-01	2.16e-01	4.54e-02	4.78e-03	1.25e-03	3.33e-04	6.76e-06	0.00e+00
 9.54082e+22	1.46e-23	2.10e-10	1.89e-08	2.66e-07	1.50e-04	1.15e-02	1.86e-01	5.53e-01	2.04e-01	4.08e-02	4.12e-03	1.06e-03	2.70e-04	5.19e-06	0.00e+00
 9.60207e+22	1.87e-23	2.60e-10	2.28e-08	3.15e-07	1.69e-04	1.25e-02	1.94e-01	5.56e-01	1.95e-01	3.76e-02	3.68e-03	9.39e-04	2.29e-04	4.23e-06	0.00e+00
 9.66414e+22	2.58e-23	3.41e-10	2.91e-08	3.92e-07	1.98e-04	1.38e-02	2.05e-01	5.60e-01	1.83e-01	3.37e-02	3.16e-03	7.96e-04	1.85e-04	3.24e-06	0.00e+00
 9.72700e+22	3.32e-23	4.20e-10	3.51e-08	4.64e-07	2.24e-04	1.50e-02	2.14e-01	5.62e-01	1.75e-01	3.09e-02	2.81e-03	7.00e-04	1.57e-04	2.63e-06	0.00e+00
 9.79088e+22	4.59e-23	5.50e-10	4.47e-08	5.77e-07	2.63e-04	1.66e-02	2.25e-01	5.64e-01	1.63e-01	2.76e-02	2.41e-03	5.91e-04	1.26e-04	2.00e-06	0.00e+00
 9.85592e+22	5.95e-23	6.78e-10	5.40e-08	6.84e-07	2.97e-04	1.80e-02	2.34e-01	5.64e-01	1.55e-01	2.52e-02	2.13e-03	5.17e-04	1.06e-04	1.61e-06	0.00e+00
 9.92248e+22	8.30e-23	8.88e-10	6.90e-08	8.55e-07	3.49e-04	1.99e-02	2.47e-01	5.64e-01	1.45e-01	2.24e-02	1.82e-03	4.34e-04	8.48e-05	1.22e-06	0.00e+00
 9.99052e+22	1.08e-22	1.10e-09	8.37e-08	1.02e-06	3.97e-04	2.16e-02	2.56e-01	5.63e-01	1.37e-01	2.04e-02	1.60e-03	3.77e-04	7.09e-05	9.72e-07	0.00e+00
 1.00605e+23	1.52e-22	1.44e-09	1.07e-07	1.28e-06	4.67e-04	2.40e-02	2.69e-01	5.60e-01	1.26e-01	1.80e-02	1.36e-03	3.14e-04	5.61e-05	7.24e-07	0.00e+00
 1.01319e+23	2.00e-22	1.79e-09	1.31e-07	1.53e-06	5.31e-04	2.60e-02	2.80e-01	5.57e-01	1.19e-01	1.64e-02	1.19e-03	2.71e-04	4.66e-05	5.75e-07	0.00e+00
 1.01921e+23	2.53e-22	2.16e-09	1.56e-07	1.79e-06	5.95e-04	2.79e-02	2.89e-01	5.54e-01	1.13e-01	1.50e-02	1.06e-03	2.38e-04	3.95e-05	4.68e-07	0.00e+00
 1.02573e+23	3.44e-22	2.74e-09	1.94e-07	2.19e-06	6.89e-04	3.05e-02	3.01e-01	5.49e-01	1.05e-01	1.34e-02	9.08e-04	2.01e-04	3.19e-05	3.58e-07	0.00e+00
 1.03207e+23	4.28e-22	3.25e-09	2.28e-07	2.53e-06	7.64e-04	3.26e-02	3.10e-01	5.45e-01	9.92e-02	1.23e-02	8.15e-04	1.78e-04	2.73e-05	2.95e-07	0.00e+00
 1.03818e+23	5.65e-22	4.06e-09	2.80e-07	3.07e-06	8.76e-04	3.54e-02	3.21e-01	5.39e-01	9.23e-02	1.10e-02	7.05e-04	1.52e-04	2.23e-05	2.29e-07	0.00e+00
 1.04436e+23	7.03e-22	4.81e-09	3.28e-07	3.53e-06	9.69e-04	3.77e-02	3.30e-01	5.33e-01	8.74e-02	1.02e-02	6.33e-04	1.34e-04	1.92e-05	1.90e-07	0.00e+00
 1.05061e+23	9.27e-22	5.98e-09	4.02e-07	4.27e-06	1.11e-03	4.09e-02	3.41e-01	5.26e-01	8.12e-02	9.11e-03	5.47e-04	1.14e-04	1.56e-05	1.47e-07	0.00e+00
 1.05695e+23	1.16e-21	7.10e-09	4.72e-07	4.94e-06	1.23e-03	4.35e-02	3.50e-01	5.20e-01	7.67e-02	8.37e-03	4.89e-04	1.01e-04	1.33e-05	0.00e+00	0.00e+00
 1.06341e+23	1.53e-21	8.84e-09	5.81e-07	5.98e-06	1.41e-03	4.73e-02	3.61e-01	5.11e-01	7.09e-02	7.48e-03	4.21e-04	8.55e-05	1.08e-05	0.00e+00	0.00e+00
 1.06996e+23	1.91e-21	1.05e-08	6.82e-07	6.92e-06	1.56e-03	5.03e-02	3.70e-01	5.04e-01	6.68e-02	6.86e-03	3.75e-04	7.52e-05	9.22e-06	0.00e+00	0.00e+00
 1.07663e+23	2.53e-21	1.31e-08	8.41e-07	8.41e-06	1.79e-03	5.46e-02	3.82e-01	4.94e-01	6.15e-02	6.10e-03	3.22e-04	6.34e-05	7.43e-06	0.00e+00	0.00e+00
 1.08341e+23	3.18e-21	1.56e-08	9.92e-07	9.77e-06	1.99e-03	5.81e-02	3.90e-01	4.86e-01	5.77e-02	5.57e-03	2.86e-04	5.55e-05	6.29e-06	0.00e+00	0.00e+00
 1.09035e+23	4.23e-21	1.95e-08	1.23e-06	1.19e-05	2.29e-03	6.30e-02	4.02e-01	4.75e-01	5.29e-02	4.94e-03	2.44e-04	4.65e-05	5.04e-06	0.00e+00	0.00e+00
 1.09747e+23	5.35e-21	2.34e-08	1.46e-06	1.39e-05	2.55e-03	6.72e-02	4.11e-01	4.65e-01	4.94e-02	4.49e-03	2.15e-04	4.04e-05	4.23e-06	0.00e+00	0.00e+00
 1.10481e+23	7.20e-21	2.95e-08	1.82e-06	1.71e-05	2.94e-03	7.30e-02	4.22e-01	4.53e-01	4.50e-02	3.95e-03	1.82e-04	3.36e-05	3.35e-06	0.00e+00	0.00e+00
 1.11234e+23	9.18e-21	3.56e-08	2.17e-06	2.01e-05	3.29e-03	7.79e-02	4.31e-01	4.42e-01	4.18e-02	3.57e-03	1.59e-04	2.90e-05	2.79e-06	0.00e+00	0.00e+00
 1.12011e+23	1.25e-20	4.52e-08	2.72e-06	2.48e-05	3.81e-03	8.48e-02	4.42e-01	4.28e-01	3.78e-02	3.12e-03	1.34e-04	2.39e-05	2.18e-06	0.00e+00	0.00e+00
 1.12795e+23	1.59e-20	5.45e-08	3.25e-06	2.90e-05	4.26e-03	9.03e-02	4.50e-01	4.17e-01	3.50e-02	2.82e-03	1.17e-04	2.06e-05	1.82e-06	0.00e+00	0.00e+00
 1.13587e+23	2.16e-20	6.91e-08	4.08e-06	3.59e-05	4.93e-03	9.81e-02	4.61e-01	4.02e-01	3.15e-02	2.46e-03	9.75e-05	1.69e-05	1.41e-06	0.00e+00	0.00e+00
 1.14388e+23	2.76e-20	8.34e-08	4.87e-06	4.21e-05	5.50e-03	1.04e-01	4.68e-01	3.91e-01	2.91e-02	2.22e-03	8.51e-05	1.45e-05	1.17e-06	0.00e+00	0.00e+00
 1.15199e+23	3.75e-20	1.06e-07	6.13e-06	5.21e-05	6.37e-03	1.13e-01	4.77e-01	3.75e-01	2.61e-02	1.93e-03	7.08e-05	1.18e-05	9.09e-07	0.00e+00	0.00e+00
 1.16024e+23	4.82e-20	1.28e-07	7.34e-06	6.13e-05	7.11e-03	1.20e-01	4.84e-01	3.63e-01	2.40e-02	1.73e-03	6.14e-05	1.01e-05	7.48e-07	0.00e+00	0.00e+00
 1.16753e+23	6.12e-20	1.54e-07	8.76e-06	7.22e-05	7.95e-03	1.28e-01	4.90e-01	3.51e-01	2.20e-02	1.55e-03	5.32e-05	8.65e-06	6.13e-07	0.00e+00	0.00e+00
 1.17584e+23	8.33e-20	1.95e-07	1.10e-05	8.87e-05	9.14e-03	1.38e-01	4.97e-01	3.35e-01	1.96e-02	1.35e-03	4.42e-05	7.07e-06	4.76e-07	0.00e+00	0.00e+00
 1.18431e+23	1.06e-19	2.36e-07	1.32e-05	1.05e-04	1.02e-02	1.46e-01	5.02e-01	3.22e-01	1.78e-02	1.20e-03	3.79e-05	5.97e-06	3.86e-07	0.00e+00	0.00e+00
 1.19119e+23	1.32e-19	2.78e-07	1.54e-05	1.21e-04	1.13e-02	1.54e-01	5.06e-01	3.11e-01	1.65e-02	1.09e-03	3.33e-05	5.20e-06	3.24e-07	0.00e+00	0.00e+00
 1.19832e+23	1.70e-19	3.37e-07	1.84e-05	1.42e-04	1.26e-02	1.63e-01	5.10e-01	2.99e-01	1.50e-02	9.68e-04	2.86e-05	4.40e-06	2.63e-07	0.00e+00	0.00e+00
 1.20582e+23	2.12e-19	3.99e-07	2.17e-05	1.65e-04	1.39e-02	1.71e-01	5.13e-01	2.88e-01	1.38e-02	8.71e-04	2.50e-05	3.79e-06	2.18e-07	0.00e+00	0.00e+00
 1.21270e+23	2.63e-19	4.71e-07	2.54e-05	1.91e-04	1.52e-02	1.80e-01	5.15e-01	2.77e-01	1.26e-02	7.86e-04	2.18e-05	3.27e-06	1.82e-07	0.00e+00	0.00e+00
 1.22055e+23	3.46e-19	5.81e-07	3.09e-05	2.28e-04	1.72e-02	1.91e-01	5.17e-01	2.63e-01	1.13e-02	6.90e-04	1.84e-05	2.72e-06	1.44e-07	0.00e+00	0.00e+00
 1.22861e+23	4.36e-19	6.94e-07	3.67e-05	2.67e-04	1.91e-02	2.01e-01	5.18e-01	2.51e-01	1.02e-02	6.13e-04	1.57e-05	2.30e-06	0.00e+00	0.00e+00	0.00e+00
 1.23568e+23	5.44e-19	8.20e-07	4.30e-05	3.08e-04	2.09e-02	2.10e-01	5.18e-01	2.40e-01	9.37e-03	5.52e-04	1.37e-05	1.98e-06	0.00e+00	0.00e+00	0.00e+00
 1.24363e+23	7.14e-19	1.01e-06	5.22e-05	3.67e-04	2.34e-02	2.22e-01	5.18e-01	2.28e-01	8.37e-03	4.83e-04	1.15e-05	1.64e-06	0.00e+00	0.00e+00	0.00e+00
 1.25196e+23	9.06e-19	1.21e-06	6.22e-05	4.31e-04	2.60e-02	2.33e-01	5.17e-01	2.16e-01	7.52e-03	4.27e-04	9.76e-06	1.38e-06	0.00e+00	0.00e+00	0.00e+00
 1.25949e+23	1.14e-18	1.44e-06	7.31e-05	4.99e-04	2.86e-02	2.44e-01	5.15e-01	2.05e-01	6.82e-03	3.81e-04	8.41e-06	1.18e-06	0.00e+00	0.00e+00	0.00e+00
 1.26800e+23	1.52e-18	1.78e-06	8.97e-05	5.99e-04	3.21e-02	2.57e-01	5.11e-01	1.92e-01	6.02e-03	3.30e-04	6.96e-06	9.62e-07	0.00e+00	0.00e+00	0.00e+00
 1.27678e+23	1.93e-18	2.15e-06	1.07e-04	7.06e-04	3.57e-02	2.69e-01	5.07e-01	1.81e-01	5.36e-03	2.89e-04	5.85e-06	8.00e-07	0.00e+00	0.00e+00	0.00e+00
 1.28459e+23	2.44e-18	2.56e-06	1.26e-04	8.18e-04	3.91e-02	2.81e-01	5.03e-01	1.71e-01	4.82e-03	2.56e-04	5.00e-06	6.77e-07	0.00e+00	0.00e+00	0.00e+00
 1.29343e+23	3.28e-18	3.19e-06	1.55e-04	9.83e-04	4.39e-02	2.95e-01	4.97e-01	1.59e-01	4.21e-03	2.20e-04	4.09e-06	5.48e-07	0.00e+00	0.00e+00	0.00e+00
 1.30262e+23	4.23e-18	3.86e-06	1.86e-04	1.16e-03	4.87e-02	3.08e-01	4.90e-01	1.49e-01	3.72e-03	1.91e-04	3.40e-06	4.51e-07	0.00e+00	0.00e+00	0.00e+00
 1.31090e+23	5.30e-18	4.62e-06	2.20e-04	1.35e-03	5.35e-02	3.20e-01	4.83e-01	1.39e-01	3.31e-03	1.68e-04	2.87e-06	3.77e-07	0.00e+00	0.00e+00	0.00e+00
 1.32029e+23	7.21e-18	5.82e-06	2.73e-04	1.64e-03	6.02e-02	3.35e-01	4.72e-01	1.28e-01	2.84e-03	1.41e-04	2.30e-06	2.98e-07	0.00e+00	0.00e+00	0.00e+00
 1.32994e+23	9.32e-18	7.05e-06	3.27e-04	1.93e-03	6.65e-02	3.48e-01	4.63e-01	1.18e-01	2.49e-03	1.22e-04	1.90e-06	2.44e-07	0.00e+00	0.00e+00	0.00e+00
 1.33862e+23	1.20e-17	8.50e-06	3.89e-04	2.26e-03	7.30e-02	3.60e-01	4.53e-01	1.10e-01	2.19e-03	1.06e-04	1.57e-06	2.01e-07	0.00e+00	0.00e+00	0.00e+00
 1.34858e+23	1.65e-17	1.08e-05	4.87e-04	2.76e-03	8.23e-02	3.75e-01	4.38e-01	9.91e-02	1.84e-03	8.77e-05	1.23e-06	1.56e-07	0.00e+00	0.00e+00	0.00e+00
 1.35863e+23	2.12e-17	1.30e-05	5.80e-04	3.25e-03	9.05e-02	3.87e-01	4.26e-01	9.10e-02	1.60e-03	7.52e-05	1.01e-06	1.27e-07	0.00e+00	0.00e+00	0.00e+00
 1.36880e+23	2.95e-17	1.66e-05	7.24e-04	3.95e-03	1.01e-01	4.01e-01	4.10e-01	8.17e-02	1.34e-03	6.21e-05	7.87e-07	0.00e+00	0.00e+00	0.00e+00	0.00e+00
 1.37912e+23	3.84e-17	2.01e-05	8.66e-04	4.64e-03	1.11e-01	4.12e-01	3.96e-01	7.44e-02	1.15e-03	5.27e-05	6.37e-07	0.00e+00	0.00e+00	0.00e+00	0.00e+00
 1.38966e+23	5.37e-17	2.57e-05	1.08e-03	5.67e-03	1.25e-01	4.24e-01	3.77e-01	6.59e-02	9.53e-04	4.28e-05	4.87e-07	0.00e+00	0.00e+00	0.00e+00	0.00e+00
 1.40029e+23	7.01e-17	3.12e-05	1.29e-03	6.65e-03	1.36e-01	4.33e-01	3.62e-01	5.96e-02	8.15e-04	3.61e-05	3.92e-07	0.00e+00	0.00e+00	0.00e+00	0.00e+00
 1.41106e+23	9.89e-17	3.99e-05	1.62e-03	8.13e-03	1.52e-01	4.44e-01	3.42e-01	5.22e-02	6.64e-04	2.90e-05	2.95e-07	0.00e+00	0.00e+00	0.00e+00	0.00e+00
 1.42193e+23	1.30e-16	4.85e-05	1.93e-03	9.50e-03	1.65e-01	4.50e-01	3.26e-01	4.69e-02	5.64e-04	2.43e-05	2.36e-07	0.00e+00	0.00e+00	0.00e+00	0.00e+00
 1.43295e+23	1.85e-16	6.22e-05	2.41e-03	1.16e-02	1.83e-01	4.57e-01	3.04e-01	4.06e-02	4.54e-04	1.92e-05	1.75e-07	0.00e+00	0.00e+00	0.00e+00	0.00e+00
 1.44411e+23	2.46e-16	7.58e-05	2.88e-03	1.35e-02	1.99e-01	4.61e-01	2.87e-01	3.60e-02	3.81e-04	1.59e-05	1.38e-07	0.00e+00	0.00e+00	0.00e+00	0.00e+00
 1.45547e+23	3.56e-16	9.77e-05	3.60e-03	1.65e-02	2.19e-01	4.64e-01	2.65e-01	3.07e-02	3.03e-04	1.24e-05	0.00e+00	0.00e+00	0.00e+00	0.00e+00	0.00e+00
 1.46664e+23	4.70e-16	1.18e-04	4.25e-03	1.90e-02	2.35e-01	4.65e-01	2.49e-01	2.72e-02	2.54e-04	1.03e-05	0.00e+00	0.00e+00	0.00e+00	0.00e+00	0.00e+00
 1.47599e+23	6.18e-16	1.41e-04	4.97e-03	2.18e-02	2.51e-01	4.64e-01	2.34e-01	2.41e-02	2.15e-04	8.58e-06	0.00e+00	0.00e+00	0.00e+00	0.00e+00	0.00e+00
 1.48504e+23	8.08e-16	1.68e-04	5.77e-03	2.48e-02	2.67e-01	4.62e-01	2.19e-01	2.14e-02	1.82e-04	7.18e-06	0.00e+00	0.00e+00	0.00e+00	0.00e+00	0.00e+00
 1.49525e+23	1.14e-15	2.09e-04	6.96e-03	2.92e-02	2.88e-01	4.57e-01	2.01e-01	1.83e-02	1.46e-04	5.68e-06	0.00e+00	0.00e+00	0.00e+00	0.00e+00	0.00e+00
 1.50540e+23	1.50e-15	2.48e-04	8.06e-03	3.30e-02	3.04e-01	4.52e-01	1.87e-01	1.61e-02	1.23e-04	4.71e-06	0.00e+00	0.00e+00	0.00e+00	0.00e+00	0.00e+00
 1.51548e+23	2.12e-15	3.08e-04	9.66e-03	3.85e-02	3.24e-01	4.44e-01	1.70e-01	1.37e-02	9.86e-05	3.71e-06	0.00e+00	0.00e+00	0.00e+00	0.00e+00	0.00e+00
 1.52576e+23	2.84e-15	3.68e-04	1.12e-02	4.35e-02	3.41e-01	4.35e-01	1.56e-01	1.19e-02	8.19e-05	3.04e-06	0.00e+00	0.00e+00	0.00e+00	0.00e+00	0.00e+00
 1.53629e+23	4.08e-15	4.59e-04	1.34e-02	5.06e-02	3.62e-01	4.23e-01	1.40e-01	9.96e-03	6.46e-05	2.35e-06	0.00e+00	0.00e+00	0.00e+00	0.00e+00	0.00e+00
 1.54690e+23	5.55e-15	5.48e-04	1.55e-02	5.70e-02	3.79e-01	4.12e-01	1.28e-01	8.58e-03	5.31e-05	1.90e-06	0.00e+00	0.00e+00	0.00e+00	0.00e+00	0.00e+00
 1.55761e+23	8.12e-15	6.85e-04	1.86e-02	6.59e-02	3.99e-01	3.96e-01	1.13e-01	7.07e-03	4.14e-05	1.45e-06	0.00e+00	0.00e+00	0.00e+00	0.00e+00	0.00e+00
 1.56845e+23	1.12e-14	8.20e-04	2.14e-02	7.39e-02	4.14e-01	3.82e-01	1.02e-01	6.01e-03	3.36e-05	1.16e-06	0.00e+00	0.00e+00	0.00e+00	0.00e+00	0.00e+00
 1.57714e+23	1.46e-14	9.49e-04	2.40e-02	8.09e-02	4.26e-01	3.69e-01	9.35e-02	5.24e-03	2.82e-05	9.57e-07	0.00e+00	0.00e+00	0.00e+00	0.00e+00	0.00e+00
 1.58612e+23	2.02e-14	1.13e-03	2.77e-02	9.03e-02	4.40e-01	3.53e-01	8.36e-02	4.42e-03	2.28e-05	7.58e-07	0.00e+00	0.00e+00	0.00e+00	0.00e+00	0.00e+00
 1.59530e+23	2.71e-14	1.32e-03	3.11e-02	9.87e-02	4.50e-01	3.39e-01	7.57e-02	3.81e-03	1.90e-05	6.19e-07	0.00e+00	0.00e+00	0.00e+00	0.00e+00	0.00e+00
 1.60347e+23	3.55e-14	1.52e-03	3.47e-02	1.07e-01	4.59e-01	3.25e-01	6.86e-02	3.29e-03	1.58e-05	5.07e-07	0.00e+00	0.00e+00	0.00e+00	0.00e+00	0.00e+00
 1.61281e+23	5.15e-14	1.83e-03	3.99e-02	1.19e-01	4.69e-01	3.07e-01	6.03e-02	2.72e-03	1.25e-05	3.93e-07	0.00e+00	0.00e+00	0.00e+00	0.00e+00	0.00e+00
 1.62225e+23	7.15e-14	2.12e-03	4.46e-02	1.29e-01	4.77e-01	2.91e-01	5.39e-02	2.32e-03	1.03e-05	3.17e-07	0.00e+00	0.00e+00	0.00e+00	0.00e+00	0.00e+00
 1.63053e+23	9.61e-14	2.45e-03	4.95e-02	1.39e-01	4.82e-01	2.76e-01	4.82e-02	1.97e-03	8.46e-06	2.56e-07	0.00e+00	0.00e+00	0.00e+00	0.00e+00	0.00e+00
 1.63997e+23	1.44e-13	2.92e-03	5.65e-02	1.53e-01	4.87e-01	2.57e-01	4.17e-02	1.61e-03	6.63e-06	1.96e-07	0.00e+00	0.00e+00	0.00e+00	0.00e+00	0.00e+00
 1.64958e+23	2.06e-13	3.39e-03	6.28e-02	1.65e-01	4.90e-01	2.41e-01	3.68e-02	1.35e-03	5.37e-06	1.55e-07	0.00e+00	0.00e+00	0.00e+00	0.00e+00	0.00e+00
 1.65808e+23	2.82e-13	3.90e-03	6.94e-02	1.76e-01	4.91e-01	2.26e-01	3.25e-02	1.13e-03	4.36e-06	0.00e+00	0.00e+00	0.00e+00	0.00e+00	0.00e+00	0.00e+00
 1.66782e+23	4.44e-13	4.65e-03	7.86e-02	1.92e-01	4.90e-01	2.07e-01	2.76e-02	9.06e-04	3.35e-06	0.00e+00	0.00e+00	0.00e+00	0.00e+00	0.00e+00	0.00e+00
 1.67771e+23	6.77e-13	5.37e-03	8.69e-02	2.04e-01	4.87e-01	1.92e-01	2.39e-02	7.48e-04	2.67e-06	0.00e+00	0.00e+00	0.00e+00	0.00e+00	0.00e+00	0.00e+00
 1.68780e+23	1.14e-12	6.40e-03	9.80e-02	2.20e-01	4.81e-01	1.73e-01	2.00e-02	5.86e-04	2.02e-06	0.00e+00	0.00e+00	0.00e+00	0.00e+00	0.00e+00	0.00e+00
 1.69798e+23	1.96e-12	7.39e-03	1.08e-01	2.34e-01	4.75e-01	1.58e-01	1.71e-02	4.77e-04	1.59e-06	0.00e+00	0.00e+00	0.00e+00	0.00e+00	0.00e+00	0.00e+00
 1.70828e+23	3.84e-12	8.79e-03	1.21e-01	2.50e-01	4.65e-01	1.41e-01	1.41e-02	3.69e-04	1.18e-06	0.00e+00	0.00e+00	0.00e+00	0.00e+00	0.00e+00	0.00e+00
 1.71869e+23	8.01e-12	1.01e-02	1.32e-01	2.63e-01	4.54e-01	1.28e-01	1.19e-02	2.96e-04	9.16e-07	0.00e+00	0.00e+00	0.00e+00	0.00e+00	0.00e+00	0.00e+00
 1.72787e+23	1.52e-11	1.16e-02	1.44e-01	2.75e-01	4.43e-01	1.16e-01	1.01e-02	2.38e-04	7.15e-07	0.00e+00	0.00e+00	0.00e+00	0.00e+00	0.00e+00	0.00e+00
 1.73841e+23	4.64e-11	1.37e-02	1.60e-01	2.90e-01	4.27e-01	1.01e-01	8.10e-03	1.80e-04	5.20e-07	0.00e+00	0.00e+00	0.00e+00	0.00e+00	0.00e+00	0.00e+00
 1.74916e+23	8.95e-11	1.57e-02	1.74e-01	3.02e-01	4.12e-01	9.01e-02	6.73e-03	1.42e-04	3.97e-07	0.00e+00	0.00e+00	0.00e+00	0.00e+00	0.00e+00	0.00e+00
 1.76018e+23	2.11e-10	1.85e-02	1.92e-01	3.15e-01	3.92e-01	7.74e-02	5.30e-03	1.05e-04	2.82e-07	0.00e+00	0.00e+00	0.00e+00	0.00e+00	0.00e+00	0.00e+00
 1.76796e+23	3.60e-10	1.94e-02	1.96e-01	3.19e-01	3.86e-01	7.42e-02	4.95e-03	9.60e-05	2.56e-07	0.00e+00	0.00e+00	0.00e+00	0.00e+00	0.00e+00	0.00e+00
 1.77067e+23	4.10e-10	2.00e-02	2.00e-01	3.21e-01	3.82e-01	7.21e-02	4.73e-03	9.07e-05	2.40e-07	0.00e+00	0.00e+00	0.00e+00	0.00e+00	0.00e+00	0.00e+00
 1.77334e+23	4.76e-10	2.09e-02	2.05e-01	3.24e-01	3.77e-01	6.91e-02	4.43e-03	8.36e-05	2.19e-07	0.00e+00	0.00e+00	0.00e+00	0.00e+00	0.00e+00	0.00e+00
 1.77680e+23	5.45e-10	2.19e-02	2.10e-01	3.28e-01	3.70e-01	6.59e-02	4.12e-03	7.62e-05	1.98e-07	0.00e+00	0.00e+00	0.00e+00	0.00e+00	0.00e+00	0.00e+00
 1.78131e+23	6.96e-10	2.34e-02	2.18e-01	3.32e-01	3.61e-01	6.16e-02	3.71e-03	6.69e-05	1.71e-07	0.00e+00	0.00e+00	0.00e+00	0.00e+00	0.00e+00	0.00e+00
 1.78716e+23	9.51e-10	2.54e-02	2.29e-01	3.37e-01	3.49e-01	5.64e-02	3.24e-03	5.65e-05	1.41e-07	0.00e+00	0.00e+00	0.00e+00	0.00e+00	0.00e+00	0.00e+00
 1.79477e+23	1.59e-09	2.85e-02	2.43e-01	3.44e-01	3.33e-01	4.98e-02	2.69e-03	4.48e-05	0.00e+00	0.00e+00	0.00e+00	0.00e+00	0.00e+00	0.00e+00	0.00e+00
 1.80270e+23	2.11e-09	3.11e-02	2.54e-01	3.48e-01	3.19e-01	4.50e-02	2.31e-03	3.71e-05	0.00e+00	0.00e+00	0.00e+00	0.00e+00	0.00e+00	0.00e+00	0.00e+00
 1.81103e+23	3.23e-09	3.47e-02	2.69e-01	3.53e-01	3.02e-01	3.94e-02	1.89e-03	2.90e-05	0.00e+00	0.00e+00	0.00e+00	0.00e+00	0.00e+00	0.00e+00	0.00e+00
 1.81963e+23	5.37e-09	3.83e-02	2.82e-01	3.56e-01	2.87e-01	3.50e-02	1.58e-03	2.33e-05	0.00e+00	0.00e+00	0.00e+00	0.00e+00	0.00e+00	0.00e+00	0.00e+00
 1.82733e+23	7.83e-09	4.19e-02	2.94e-01	3.59e-01	2.73e-01	3.11e-02	1.33e-03	1.89e-05	0.00e+00	0.00e+00	0.00e+00	0.00e+00	0.00e+00	0.00e+00	0.00e+00
 1.83607e+23	1.24e-08	4.67e-02	3.09e-01	3.61e-01	2.56e-01	2.68e-02	1.07e-03	1.46e-05	0.00e+00	0.00e+00	0.00e+00	0.00e+00	0.00e+00	0.00e+00	0.00e+00
 1.84506e+23	1.91e-08	5.13e-02	3.22e-01	3.61e-01	2.41e-01	2.36e-02	8.86e-04	1.16e-05	0.00e+00	0.00e+00	0.00e+00	0.00e+00	0.00e+00	0.00e+00	0.00e+00
 1.85437e+23	3.00e-08	5.73e-02	3.38e-01	3.61e-01	2.23e-01	2.00e-02	6.98e-04	8.71e-06	0.00e+00	0.00e+00	0.00e+00	0.00e+00	0.00e+00	0.00e+00	0.00e+00
 1.86376e+23	4.46e-08	6.29e-02	3.51e-01	3.60e-01	2.09e-01	1.74e-02	5.71e-04	6.84e-06	0.00e+00	0.00e+00	0.00e+00	0.00e+00	0.00e+00	0.00e+00	0.00e+00
 1.87204e+23	6.59e-08	6.87e-02	3.63e-01	3.57e-01	1.96e-01	1.52e-02	4.69e-04	5.41e-06	0.00e+00	0.00e+00	0.00e+00	0.00e+00	0.00e+00	0.00e+00	0.00e+00
 1.88156e+23	9.99e-08	7.65e-02	3.77e-01	3.54e-01	1.79e-01	1.27e-02	3.65e-04	4.01e-06	0.00e+00	0.00e+00	0.00e+00	0.00e+00	0.00e+00	0.00e+00	0.00e+00
 1.89132e+23	1.80e-07	8.36e-02	3.89e-01	3.50e-01	1.67e-01	1.09e-02	2.94e-04	3.11e-06	0.00e+00	0.00e+00	0.00e+00	0.00e+00	0.00e+00	0.00e+00	0.00e+00
 1.90139e+23	3.89e-07	9.32e-02	4.03e-01	3.44e-01	1.51e-01	8.99e-03	2.24e-04	2.26e-06	0.00e+00	0.00e+00	0.00e+00	0.00e+00	0.00e+00	0.00e+00	0.00e+00
 1.91162e+23	7.67e-07	1.02e-01	4.14e-01	3.37e-01	1.39e-01	7.63e-03	1.78e-04	1.72e-06	0.00e+00	0.00e+00	0.00e+00	0.00e+00	0.00e+00	0.00e+00	0.00e+00
 1.92206e+23	1.34e-06	1.14e-01	4.26e-01	3.29e-01	1.25e-01	6.20e-03	1.34e-04	1.23e-06	0.00e+00	0.00e+00	0.00e+00	0.00e+00	0.00e+00	0.00e+00	0.00e+00
 1.93273e+23	2.02e-06	1.24e-01	4.36e-01	3.21e-01	1.14e-01	5.20e-03	1.05e-04	9.26e-07	0.00e+00	0.00e+00	0.00e+00	0.00e+00	0.00e+00	0.00e+00	0.00e+00
 1.94369e+23	2.77e-06	1.38e-01	4.46e-01	3.10e-01	1.01e-01	4.16e-03	7.72e-05	6.50e-07	0.00e+00	0.00e+00	0.00e+00	0.00e+00	0.00e+00	0.00e+00	0.00e+00
 1.95486e+23	3.60e-06	1.51e-01	4.53e-01	3.01e-01	9.14e-02	3.44e-03	5.96e-05	4.80e-07	0.00e+00	0.00e+00	0.00e+00	0.00e+00	0.00e+00	0.00e+00	0.00e+00
 1.96630e+23	4.84e-06	1.68e-01	4.61e-01	2.88e-01	8.01e-02	2.70e-03	4.29e-05	3.28e-07	0.00e+00	0.00e+00	0.00e+00	0.00e+00	0.00e+00	0.00e+00	0.00e+00
 1.97775e+23	5.93e-06	1.83e-01	4.66e-01	2.77e-01	7.22e-02	2.23e-03	3.33e-05	2.44e-07	0.00e+00	0.00e+00	0.00e+00	0.00e+00	0.00e+00	0.00e+00	0.00e+00
 1.98921e+23	7.60e-06	2.03e-01	4.70e-01	2.63e-01	6.28e-02	1.74e-03	2.38e-05	1.66e-07	0.00e+00	0.00e+00	0.00e+00	0.00e+00	0.00e+00	0.00e+00	0.00e+00
 2.00084e+23	9.10e-06	2.19e-01	4.71e-01	2.52e-01	5.61e-02	1.42e-03	1.83e-05	0.00e+00	0.00e+00	0.00e+00	0.00e+00	0.00e+00	0.00e+00	0.00e+00	0.00e+00
 2.01269e+23	1.14e-05	2.42e-01	4.72e-01	2.37e-01	4.81e-02	1.09e-03	1.29e-05	0.00e+00	0.00e+00	0.00e+00	0.00e+00	0.00e+00	0.00e+00	0.00e+00	0.00e+00
 2.02457e+23	1.35e-05	2.61e-01	4.70e-01	2.25e-01	4.27e-02	8.86e-04	9.84e-06	0.00e+00	0.00e+00	0.00e+00	0.00e+00	0.00e+00	0.00e+00	0.00e+00	0.00e+00
 2.03651e+23	1.64e-05	2.87e-01	4.66e-01	2.10e-01	3.64e-02	6.74e-04	6.90e-06	0.00e+00	0.00e+00	0.00e+00	0.00e+00	0.00e+00	0.00e+00	0.00e+00	0.00e+00
 2.04870e+23	1.94e-05	3.11e-01	4.59e-01	1.98e-01	3.18e-02	5.37e-04	5.15e-06	0.00e+00	0.00e+00	0.00e+00	0.00e+00	0.00e+00	0.00e+00	0.00e+00	0.00e+00
 2.06120e+23	2.34e-05	3.40e-01	4.51e-01	1.82e-01	2.66e-02	4.01e-04	3.53e-06	0.00e+00	0.00e+00	0.00e+00	0.00e+00	0.00e+00	0.00e+00	0.00e+00	0.00e+00
 2.07385e+23	2.73e-05	3.66e-01	4.40e-01	1.70e-01	2.29e-02	3.16e-04	2.60e-06	0.00e+00	0.00e+00	0.00e+00	0.00e+00	0.00e+00	0.00e+00	0.00e+00	0.00e+00
 2.08668e+23	3.28e-05	4.00e-01	4.26e-01	1.55e-01	1.88e-02	2.31e-04	1.75e-06	0.00e+00	0.00e+00	0.00e+00	0.00e+00	0.00e+00	0.00e+00	0.00e+00	0.00e+00
 2.09964e+23	3.81e-05	4.30e-01	4.11e-01	1.43e-01	1.60e-02	1.79e-04	1.26e-06	0.00e+00	0.00e+00	0.00e+00	0.00e+00	0.00e+00	0.00e+00	0.00e+00	0.00e+00
 2.11277e+23	4.57e-05	4.69e-01	3.90e-01	1.28e-01	1.28e-02	1.27e-04	8.20e-07	0.00e+00	0.00e+00	0.00e+00	0.00e+00	0.00e+00	0.00e+00	0.00e+00	0.00e+00
 2.12597e+23	5.25e-05	5.01e-01	3.71e-01	1.17e-01	1.07e-02	9.78e-05	5.86e-07	0.00e+00	0.00e+00	0.00e+00	0.00e+00	0.00e+00	0.00e+00	0.00e+00	0.00e+00
 2.13925e+23	6.23e-05	5.43e-01	3.45e-01	1.04e-01	8.34e-03	6.84e-05	3.70e-07	0.00e+00	0.00e+00	0.00e+00	0.00e+00	0.00e+00	0.00e+00	0.00e+00	0.00e+00
 2.15277e+23	7.16e-05	5.78e-01	3.21e-01	9.36e-02	6.74e-03	5.09e-05	2.53e-07	0.00e+00	0.00e+00	0.00e+00	0.00e+00	0.00e+00	0.00e+00	0.00e+00	0.00e+00
 2.16660e+23	8.43e-05	6.22e-01	2.91e-01	8.14e-02	5.08e-03	3.47e-05	1.53e-07	0.00e+00	0.00e+00	0.00e+00	0.00e+00	0.00e+00	0.00e+00	0.00e+00	0.00e+00
 2.18061e+23	9.62e-05	6.59e-01	2.64e-01	7.22e-02	3.95e-03	2.51e-05	0.00e+00	0.00e+00	0.00e+00	0.00e+00	0.00e+00	0.00e+00	0.00e+00	0.00e+00	0.00e+00
 2.19122e+23	1.05e-04	6.86e-01	2.45e-01	6.59e-02	3.26e-03	1.97e-05	0.00e+00	0.00e+00	0.00e+00	0.00e+00	0.00e+00	0.00e+00	0.00e+00	0.00e+00	0.00e+00
 2.20140e+23	1.18e-04	7.18e-01	2.21e-01	5.84e-02	2.54e-03	1.46e-05	0.00e+00	0.00e+00	0.00e+00	0.00e+00	0.00e+00	0.00e+00	0.00e+00	0.00e+00	0.00e+00
 2.21204e+23	1.29e-04	7.47e-01	1.98e-01	5.22e-02	2.00e-03	1.11e-05	0.00e+00	0.00e+00	0.00e+00	0.00e+00	0.00e+00	0.00e+00	0.00e+00	0.00e+00	0.00e+00
