#depth	O	O+	O+2	O+3	O+4	O+5	O+6	O+7	O+8	O[1]	O[2]	O[3]
 1.54284e+22	7.71e-29	1.63e-22	1.22e-17	7.92e-14	1.39e-10	1.07e-07	2.57e-04	3.28e-02	9.67e-01	0.00e+00	0.00e+00	0.00e+00
 3.46047e+22	6.06e-27	7.06e-21	2.94e-16	1.10e-12	1.08e-09	4.55e-07	7.13e-04	5.48e-02	9.44e-01	0.00e+00	0.00e+00	0.00e+00
 4.00819e+22	5.68e-26	4.88e-20	1.52e-15	4.26e-12	3.08e-09	9.55e-07	1.18e-03	7.01e-02	9.29e-01	0.00e+00	0.00e+00	0.00e+00
 4.26757e+22	1.93e-25	1.41e-19	3.73e-15	8.95e-12	5.47e-09	1.43e-06	1.54e-03	7.97e-02	9.19e-01	0.00e+00	0.00e+00	0.00e+00
 4.37564e+22	2.67e-25	1.87e-19	4.74e-15	1.09e-11	6.37e-09	1.59e-06	1.65e-03	8.24e-02	9.16e-01	0.00e+00	0.00e+00	0.00e+00
 4.41097e+22	3.28e-25	2.23e-19	5.51e-15	1.24e-11	7.02e-09	1.70e-06	1.72e-03	8.41e-02	9.14e-01	0.00e+00	0.00e+00	0.00e+00
 4.44251e+22	4.27e-25	2.80e-19	6.69e-15	1.45e-11	7.94e-09	1.85e-06	1.82e-03	8.64e-02	9.12e-01	0.00e+00	0.00e+00	0.00e+00
 4.47335e+22	5.27e-25	3.37e-19	7.82e-15	1.65e-11	8.76e-09	1.98e-06	1.90e-03	8.82e-02	9.10e-01	0.00e+00	0.00e+00	0.00e+00
 4.49904e+22	6.44e-25	4.00e-19	9.06e-15	1.86e-11	9.62e-09	2.12e-06	1.99e-03	9.00e-02	9.08e-01	0.00e+00	0.00e+00	0.00e+00
 4.52819e+22	8.29e-25	4.99e-19	1.09e-14	2.17e-11	1.08e-08	2.30e-06	2.09e-03	9.23e-02	9.06e-01	0.00e+00	0.00e+00	0.00e+00
 4.55794e+22	1.04e-24	6.05e-19	1.29e-14	2.49e-11	1.20e-08	2.47e-06	2.19e-03	9.43e-02	9.03e-01	0.00e+00	0.00e+00	0.00e+00
 4.58388e+22	1.26e-24	7.19e-19	1.49e-14	2.81e-11	1.32e-08	2.64e-06	2.29e-03	9.62e-02	9.02e-01	0.00e+00	0.00e+00	0.00e+00
 4.61300e+22	1.68e-24	9.18e-19	1.83e-14	3.33e-11	1.50e-08	2.89e-06	2.42e-03	9.88e-02	8.99e-01	0.00e+00	0.00e+00	0.00e+00
 4.64218e+22	2.09e-24	1.11e-18	2.16e-14	3.81e-11	1.67e-08	3.10e-06	2.53e-03	1.01e-01	8.97e-01	0.00e+00	0.00e+00	0.00e+00
 4.67142e+22	2.78e-24	1.42e-18	2.66e-14	4.53e-11	1.90e-08	3.39e-06	2.68e-03	1.04e-01	8.94e-01	0.00e+00	0.00e+00	0.00e+00
 4.70110e+22	3.53e-24	1.75e-18	3.17e-14	5.23e-11	2.13e-08	3.66e-06	2.81e-03	1.06e-01	8.91e-01	0.00e+00	0.00e+00	0.00e+00
 4.72728e+22	4.47e-24	2.15e-18	3.78e-14	6.04e-11	2.37e-08	3.95e-06	2.95e-03	1.08e-01	8.89e-01	0.00e+00	0.00e+00	0.00e+00
 4.75257e+22	5.55e-24	2.59e-18	4.43e-14	6.89e-11	2.62e-08	4.23e-06	3.08e-03	1.11e-01	8.86e-01	0.00e+00	0.00e+00	0.00e+00
 4.78072e+22	7.54e-24	3.39e-18	5.56e-14	8.30e-11	3.02e-08	4.67e-06	3.27e-03	1.14e-01	8.83e-01	0.00e+00	0.00e+00	0.00e+00
 4.80864e+22	9.52e-24	4.14e-18	6.60e-14	9.55e-11	3.36e-08	5.02e-06	3.43e-03	1.16e-01	8.80e-01	0.00e+00	0.00e+00	0.00e+00
 4.83628e+22	1.31e-23	5.45e-18	8.33e-14	1.16e-10	3.89e-08	5.55e-06	3.65e-03	1.20e-01	8.77e-01	0.00e+00	0.00e+00	0.00e+00
 4.86315e+22	1.60e-23	6.50e-18	9.68e-14	1.31e-10	4.28e-08	5.92e-06	3.80e-03	1.22e-01	8.74e-01	0.00e+00	0.00e+00	0.00e+00
 4.88901e+22	2.21e-23	8.59e-18	1.23e-13	1.59e-10	4.95e-08	6.54e-06	4.04e-03	1.25e-01	8.71e-01	0.00e+00	0.00e+00	0.00e+00
 4.91461e+22	2.71e-23	1.03e-17	1.43e-13	1.80e-10	5.45e-08	6.99e-06	4.21e-03	1.28e-01	8.68e-01	0.00e+00	0.00e+00	0.00e+00
 4.93988e+22	3.74e-23	1.36e-17	1.81e-13	2.19e-10	6.31e-08	7.72e-06	4.48e-03	1.31e-01	8.64e-01	0.00e+00	0.00e+00	0.00e+00
 4.96534e+22	4.70e-23	1.66e-17	2.14e-13	2.51e-10	7.01e-08	8.29e-06	4.68e-03	1.34e-01	8.61e-01	0.00e+00	0.00e+00	0.00e+00
 4.99105e+22	6.53e-23	2.21e-17	2.73e-13	3.06e-10	8.15e-08	9.18e-06	4.98e-03	1.38e-01	8.57e-01	0.00e+00	0.00e+00	0.00e+00
 5.01712e+22	8.33e-23	2.72e-17	3.26e-13	3.54e-10	9.11e-08	9.91e-06	5.22e-03	1.41e-01	8.54e-01	0.00e+00	0.00e+00	0.00e+00
 5.04367e+22	1.16e-22	3.63e-17	4.16e-13	4.32e-10	1.06e-07	1.10e-05	5.56e-03	1.45e-01	8.49e-01	0.00e+00	0.00e+00	0.00e+00
 5.07000e+22	1.49e-22	4.51e-17	5.01e-13	5.04e-10	1.19e-07	1.19e-05	5.84e-03	1.48e-01	8.46e-01	0.00e+00	0.00e+00	0.00e+00
 5.09603e+22	2.08e-22	6.03e-17	6.41e-13	6.16e-10	1.39e-07	1.32e-05	6.22e-03	1.53e-01	8.41e-01	0.00e+00	0.00e+00	0.00e+00
 5.12246e+22	2.72e-22	7.59e-17	7.79e-13	7.23e-10	1.56e-07	1.43e-05	6.55e-03	1.56e-01	8.37e-01	0.00e+00	0.00e+00	0.00e+00
 5.14941e+22	3.86e-22	1.03e-16	1.01e-12	8.93e-10	1.84e-07	1.60e-05	7.00e-03	1.61e-01	8.32e-01	0.00e+00	0.00e+00	0.00e+00
 5.17663e+22	5.07e-22	1.30e-16	1.23e-12	1.05e-09	2.08e-07	1.74e-05	7.38e-03	1.65e-01	8.28e-01	0.00e+00	0.00e+00	0.00e+00
 5.20419e+22	7.27e-22	1.78e-16	1.61e-12	1.31e-09	2.45e-07	1.94e-05	7.90e-03	1.70e-01	8.22e-01	0.00e+00	0.00e+00	0.00e+00
 5.23192e+22	9.58e-22	2.26e-16	1.97e-12	1.54e-09	2.79e-07	2.12e-05	8.33e-03	1.74e-01	8.18e-01	0.00e+00	0.00e+00	0.00e+00
 5.25586e+22	1.26e-21	2.86e-16	2.40e-12	1.82e-09	3.15e-07	2.31e-05	8.78e-03	1.78e-01	8.13e-01	0.00e+00	0.00e+00	0.00e+00
 5.28297e+22	1.77e-21	3.86e-16	3.10e-12	2.24e-09	3.70e-07	2.57e-05	9.38e-03	1.83e-01	8.08e-01	0.00e+00	0.00e+00	0.00e+00
 5.31012e+22	2.31e-21	4.86e-16	3.77e-12	2.63e-09	4.18e-07	2.79e-05	9.88e-03	1.87e-01	8.03e-01	0.00e+00	0.00e+00	0.00e+00
 5.33731e+22	3.28e-21	6.59e-16	4.87e-12	3.25e-09	4.91e-07	3.12e-05	1.06e-02	1.93e-01	7.97e-01	0.00e+00	0.00e+00	0.00e+00
 5.36469e+22	4.22e-21	8.19e-16	5.86e-12	3.78e-09	5.51e-07	3.38e-05	1.11e-02	1.97e-01	7.92e-01	0.00e+00	0.00e+00	0.00e+00
 5.39234e+22	5.89e-21	1.09e-15	7.49e-12	4.63e-09	6.44e-07	3.76e-05	1.19e-02	2.03e-01	7.85e-01	0.00e+00	0.00e+00	0.00e+00
 5.42080e+22	7.72e-21	1.38e-15	9.14e-12	5.45e-09	7.30e-07	4.10e-05	1.25e-02	2.07e-01	7.80e-01	0.00e+00	0.00e+00	0.00e+00
 5.45034e+22	1.09e-20	1.87e-15	1.18e-11	6.73e-09	8.58e-07	4.58e-05	1.34e-02	2.13e-01	7.73e-01	0.00e+00	0.00e+00	0.00e+00
 5.48044e+22	1.42e-20	2.35e-15	1.43e-11	7.90e-09	9.71e-07	4.99e-05	1.41e-02	2.18e-01	7.67e-01	0.00e+00	0.00e+00	0.00e+00
 5.51126e+22	2.00e-20	3.16e-15	1.85e-11	9.73e-09	1.14e-06	5.58e-05	1.51e-02	2.25e-01	7.60e-01	0.00e+00	0.00e+00	0.00e+00
 5.54266e+22	2.61e-20	3.97e-15	2.24e-11	1.14e-08	1.29e-06	6.09e-05	1.60e-02	2.30e-01	7.54e-01	0.00e+00	0.00e+00	0.00e+00
 5.57480e+22	3.67e-20	5.34e-15	2.88e-11	1.41e-08	1.52e-06	6.81e-05	1.71e-02	2.37e-01	7.46e-01	0.00e+00	0.00e+00	0.00e+00
 5.60714e+22	4.73e-20	6.66e-15	3.48e-11	1.65e-08	1.71e-06	7.41e-05	1.80e-02	2.42e-01	7.40e-01	0.00e+00	0.00e+00	0.00e+00
 5.63973e+22	6.56e-20	8.83e-15	4.43e-11	2.01e-08	2.00e-06	8.25e-05	1.92e-02	2.48e-01	7.32e-01	0.00e+00	0.00e+00	0.00e+00
 5.67316e+22	8.48e-20	1.10e-14	5.36e-11	2.35e-08	2.27e-06	8.99e-05	2.03e-02	2.54e-01	7.26e-01	0.00e+00	0.00e+00	0.00e+00
 5.70217e+22	1.07e-19	1.35e-14	6.38e-11	2.72e-08	2.54e-06	9.73e-05	2.13e-02	2.59e-01	7.20e-01	0.00e+00	0.00e+00	0.00e+00
 5.73438e+22	1.45e-19	1.75e-14	7.96e-11	3.27e-08	2.93e-06	1.08e-04	2.27e-02	2.66e-01	7.12e-01	0.00e+00	0.00e+00	0.00e+00
 5.76697e+22	1.83e-19	2.15e-14	9.46e-11	3.77e-08	3.28e-06	1.17e-04	2.38e-02	2.71e-01	7.05e-01	0.00e+00	0.00e+00	0.00e+00
 5.80006e+22	2.46e-19	2.78e-14	1.18e-10	4.54e-08	3.79e-06	1.29e-04	2.53e-02	2.78e-01	6.97e-01	0.00e+00	0.00e+00	0.00e+00
 5.83365e+22	3.08e-19	3.39e-14	1.40e-10	5.22e-08	4.23e-06	1.39e-04	2.65e-02	2.83e-01	6.91e-01	0.00e+00	0.00e+00	0.00e+00
 5.86309e+22	3.85e-19	4.10e-14	1.64e-10	5.99e-08	4.71e-06	1.50e-04	2.78e-02	2.88e-01	6.84e-01	0.00e+00	0.00e+00	0.00e+00
 5.89655e+22	5.14e-19	5.27e-14	2.04e-10	7.16e-08	5.43e-06	1.66e-04	2.95e-02	2.95e-01	6.75e-01	0.00e+00	0.00e+00	0.00e+00
 5.92986e+22	6.28e-19	6.28e-14	2.37e-10	8.11e-08	5.99e-06	1.78e-04	3.08e-02	3.00e-01	6.69e-01	0.00e+00	0.00e+00	0.00e+00
 5.96295e+22	8.27e-19	7.98e-14	2.90e-10	9.63e-08	6.86e-06	1.96e-04	3.27e-02	3.07e-01	6.61e-01	0.00e+00	0.00e+00	0.00e+00
 5.99669e+22	1.01e-18	9.52e-14	3.38e-10	1.09e-07	7.59e-06	2.10e-04	3.41e-02	3.12e-01	6.54e-01	0.00e+00	0.00e+00	0.00e+00
 6.03127e+22	1.33e-18	1.21e-13	4.15e-10	1.30e-07	8.69e-06	2.32e-04	3.62e-02	3.18e-01	6.45e-01	0.00e+00	0.00e+00	0.00e+00
 6.06650e+22	1.64e-18	1.45e-13	4.84e-10	1.48e-07	9.63e-06	2.49e-04	3.78e-02	3.24e-01	6.38e-01	0.00e+00	0.00e+00	0.00e+00
 6.10258e+22	2.16e-18	1.84e-13	5.94e-10	1.75e-07	1.10e-05	2.74e-04	4.01e-02	3.31e-01	6.29e-01	0.00e+00	0.00e+00	0.00e+00
 6.13932e+22	2.66e-18	2.20e-13	6.94e-10	2.00e-07	1.22e-05	2.95e-04	4.19e-02	3.36e-01	6.22e-01	0.00e+00	0.00e+00	0.00e+00
 6.17693e+22	3.50e-18	2.80e-13	8.52e-10	2.37e-07	1.41e-05	3.25e-04	4.44e-02	3.43e-01	6.12e-01	0.00e+00	0.00e+00	0.00e+00
 6.21368e+22	4.21e-18	3.28e-13	9.77e-10	2.66e-07	1.54e-05	3.47e-04	4.61e-02	3.48e-01	6.05e-01	0.00e+00	0.00e+00	0.00e+00
 6.24933e+22	5.46e-18	4.12e-13	1.19e-09	3.13e-07	1.75e-05	3.81e-04	4.88e-02	3.55e-01	5.96e-01	0.00e+00	0.00e+00	0.00e+00
 6.28552e+22	6.55e-18	4.82e-13	1.36e-09	3.52e-07	1.92e-05	4.06e-04	5.07e-02	3.60e-01	5.89e-01	0.00e+00	0.00e+00	0.00e+00
 6.32241e+22	8.42e-18	6.00e-13	1.64e-09	4.12e-07	2.18e-05	4.44e-04	5.35e-02	3.66e-01	5.80e-01	0.00e+00	0.00e+00	0.00e+00
 6.36043e+22	1.03e-17	7.16e-13	1.91e-09	4.67e-07	2.41e-05	4.77e-04	5.58e-02	3.72e-01	5.72e-01	0.00e+00	0.00e+00	0.00e+00
 6.39992e+22	1.32e-17	8.90e-13	2.30e-09	5.47e-07	2.74e-05	5.22e-04	5.88e-02	3.78e-01	5.62e-01	0.00e+00	0.00e+00	0.00e+00
 6.44069e+22	1.64e-17	1.07e-12	2.70e-09	6.25e-07	3.04e-05	5.62e-04	6.15e-02	3.84e-01	5.54e-01	0.00e+00	0.00e+00	0.00e+00
 6.48310e+22	2.12e-17	1.34e-12	3.28e-09	7.36e-07	3.47e-05	6.17e-04	6.50e-02	3.91e-01	5.44e-01	0.00e+00	0.00e+00	0.00e+00
 6.52664e+22	2.64e-17	1.62e-12	3.86e-09	8.44e-07	3.87e-05	6.66e-04	6.80e-02	3.97e-01	5.35e-01	2.64e-17	6.62e-28	7.05e-28
 6.57163e+22	3.44e-17	2.04e-12	4.71e-09	9.98e-07	4.42e-05	7.32e-04	7.19e-02	4.03e-01	5.24e-01	3.44e-17	6.41e-26	8.08e-26
 6.61804e+22	4.31e-17	2.49e-12	5.57e-09	1.15e-06	4.95e-05	7.93e-04	7.53e-02	4.09e-01	5.15e-01	4.31e-17	8.03e-26	1.01e-25
 6.66632e+22	5.68e-17	3.17e-12	6.85e-09	1.37e-06	5.69e-05	8.75e-04	7.98e-02	4.16e-01	5.03e-01	5.68e-17	1.06e-25	1.33e-25
 6.71619e+22	7.19e-17	3.89e-12	8.17e-09	1.59e-06	6.40e-05	9.51e-04	8.37e-02	4.22e-01	4.93e-01	7.19e-17	1.34e-25	1.69e-25
 6.76125e+22	9.01e-17	4.73e-12	9.68e-09	1.83e-06	7.17e-05	1.03e-03	8.77e-02	4.28e-01	4.84e-01	9.01e-17	1.68e-25	2.12e-25
 6.81296e+22	1.20e-16	6.07e-12	1.20e-08	2.19e-06	8.27e-05	1.14e-03	9.29e-02	4.35e-01	4.71e-01	1.20e-16	2.24e-25	2.82e-25
 6.86572e+22	1.52e-16	7.47e-12	1.43e-08	2.54e-06	9.32e-05	1.24e-03	9.75e-02	4.40e-01	4.61e-01	1.52e-16	2.84e-25	3.57e-25
 6.91985e+22	2.04e-16	9.66e-12	1.79e-08	3.06e-06	1.08e-04	1.38e-03	1.03e-01	4.47e-01	4.48e-01	2.04e-16	3.81e-25	4.80e-25
 6.97471e+22	2.60e-16	1.19e-11	2.14e-08	3.56e-06	1.22e-04	1.50e-03	1.09e-01	4.52e-01	4.38e-01	2.60e-16	4.85e-25	6.10e-25
 7.03053e+22	3.52e-16	1.55e-11	2.69e-08	4.30e-06	1.42e-04	1.67e-03	1.15e-01	4.59e-01	4.24e-01	3.52e-16	6.57e-25	8.27e-25
 7.08693e+22	4.48e-16	1.92e-11	3.22e-08	5.01e-06	1.60e-04	1.81e-03	1.21e-01	4.64e-01	4.13e-01	4.48e-16	8.37e-25	1.05e-24
 7.14410e+22	6.13e-16	2.52e-11	4.08e-08	6.11e-06	1.88e-04	2.03e-03	1.29e-01	4.70e-01	3.99e-01	6.13e-16	1.15e-24	1.44e-24
 7.20157e+22	7.79e-16	3.10e-11	4.87e-08	7.10e-06	2.12e-04	2.21e-03	1.35e-01	4.74e-01	3.88e-01	7.79e-16	1.45e-24	1.83e-24
 7.24926e+22	9.66e-16	3.74e-11	5.73e-08	8.14e-06	2.36e-04	2.38e-03	1.41e-01	4.78e-01	3.79e-01	9.66e-16	1.80e-24	2.27e-24
 7.30111e+22	1.28e-15	4.79e-11	7.09e-08	9.73e-06	2.73e-04	2.63e-03	1.49e-01	4.83e-01	3.66e-01	1.28e-15	2.39e-24	3.01e-24
 7.35284e+22	1.58e-15	5.75e-11	8.30e-08	1.11e-05	3.04e-04	2.84e-03	1.55e-01	4.86e-01	3.56e-01	1.58e-15	2.96e-24	3.72e-24
 7.40444e+22	2.09e-15	7.34e-11	1.02e-07	1.33e-05	3.51e-04	3.14e-03	1.63e-01	4.90e-01	3.43e-01	2.09e-15	3.91e-24	4.92e-24
 7.45665e+22	2.59e-15	8.86e-11	1.21e-07	1.52e-05	3.92e-04	3.39e-03	1.70e-01	4.93e-01	3.33e-01	2.59e-15	4.85e-24	6.10e-24
 7.50966e+22	3.45e-15	1.14e-10	1.49e-07	1.83e-05	4.55e-04	3.76e-03	1.80e-01	4.96e-01	3.20e-01	3.45e-15	6.45e-24	8.11e-24
 7.56330e+22	4.29e-15	1.37e-10	1.76e-07	2.11e-05	5.09e-04	4.07e-03	1.87e-01	4.98e-01	3.10e-01	4.29e-15	8.03e-24	1.01e-23
 7.61776e+22	5.71e-15	1.76e-10	2.19e-07	2.54e-05	5.92e-04	4.52e-03	1.98e-01	5.01e-01	2.96e-01	5.71e-15	1.07e-23	1.34e-23
 7.67328e+22	7.17e-15	2.15e-10	2.60e-07	2.94e-05	6.68e-04	4.92e-03	2.07e-01	5.02e-01	2.85e-01	7.17e-15	1.34e-23	1.69e-23
 7.73018e+22	9.61e-15	2.78e-10	3.25e-07	3.56e-05	7.83e-04	5.49e-03	2.18e-01	5.04e-01	2.72e-01	9.61e-15	1.80e-23	2.26e-23
 7.78812e+22	1.21e-14	3.40e-10	3.88e-07	4.15e-05	8.87e-04	6.00e-03	2.28e-01	5.04e-01	2.61e-01	1.21e-14	2.27e-23	2.85e-23
 7.84741e+22	1.63e-14	4.40e-10	4.88e-07	5.06e-05	1.05e-03	6.73e-03	2.42e-01	5.04e-01	2.46e-01	1.63e-14	3.05e-23	3.83e-23
 7.90739e+22	2.05e-14	5.38e-10	5.82e-07	5.90e-05	1.19e-03	7.36e-03	2.53e-01	5.04e-01	2.35e-01	2.05e-14	3.84e-23	4.82e-23
 7.95805e+22	2.51e-14	6.44e-10	6.83e-07	6.79e-05	1.34e-03	7.99e-03	2.63e-01	5.03e-01	2.25e-01	2.51e-14	4.71e-23	5.92e-23
 8.01346e+22	3.26e-14	8.09e-10	8.37e-07	8.12e-05	1.55e-03	8.88e-03	2.76e-01	5.00e-01	2.13e-01	3.26e-14	6.11e-23	7.68e-23
 8.06910e+22	3.97e-14	9.63e-10	9.79e-07	9.32e-05	1.74e-03	9.64e-03	2.87e-01	4.98e-01	2.03e-01	3.97e-14	7.45e-23	9.36e-23
 8.12343e+22	5.02e-14	1.18e-09	1.18e-06	1.10e-04	2.01e-03	1.07e-02	3.01e-01	4.95e-01	1.91e-01	5.02e-14	9.43e-23	1.18e-22
 8.17885e+22	6.10e-14	1.41e-09	1.38e-06	1.27e-04	2.26e-03	1.16e-02	3.13e-01	4.92e-01	1.82e-01	6.10e-14	1.15e-22	1.44e-22
 8.23346e+22	7.56e-14	1.70e-09	1.64e-06	1.48e-04	2.59e-03	1.28e-02	3.26e-01	4.87e-01	1.71e-01	7.56e-14	1.42e-22	1.78e-22
 8.28916e+22	9.13e-14	2.01e-09	1.92e-06	1.71e-04	2.93e-03	1.39e-02	3.39e-01	4.82e-01	1.62e-01	9.13e-14	1.72e-22	2.15e-22
 8.34367e+22	1.10e-13	2.39e-09	2.24e-06	1.97e-04	3.32e-03	1.52e-02	3.53e-01	4.77e-01	1.52e-01	1.10e-13	2.08e-22	2.61e-22
 8.39877e+22	1.32e-13	2.80e-09	2.60e-06	2.26e-04	3.74e-03	1.66e-02	3.66e-01	4.71e-01	1.43e-01	1.32e-13	2.48e-22	3.11e-22
 8.45317e+22	1.56e-13	3.26e-09	3.01e-06	2.59e-04	4.21e-03	1.81e-02	3.79e-01	4.64e-01	1.34e-01	1.56e-13	2.94e-22	3.69e-22
 8.50743e+22	1.83e-13	3.77e-09	3.46e-06	2.95e-04	4.73e-03	1.97e-02	3.92e-01	4.57e-01	1.26e-01	1.83e-13	3.45e-22	4.33e-22
 8.56178e+22	2.13e-13	4.34e-09	3.96e-06	3.36e-04	5.29e-03	2.14e-02	4.05e-01	4.50e-01	1.18e-01	2.13e-13	4.03e-22	5.05e-22
 8.61631e+22	2.47e-13	4.96e-09	4.52e-06	3.81e-04	5.91e-03	2.32e-02	4.18e-01	4.42e-01	1.11e-01	2.47e-13	4.66e-22	5.84e-22
 8.67104e+22	2.84e-13	5.64e-09	5.14e-06	4.31e-04	6.59e-03	2.52e-02	4.31e-01	4.34e-01	1.03e-01	2.84e-13	5.36e-22	6.72e-22
 8.72623e+22	3.24e-13	6.39e-09	5.82e-06	4.87e-04	7.34e-03	2.72e-02	4.44e-01	4.25e-01	9.64e-02	3.24e-13	6.13e-22	7.68e-22
 8.78194e+22	3.68e-13	7.20e-09	6.57e-06	5.48e-04	8.15e-03	2.95e-02	4.56e-01	4.16e-01	8.98e-02	3.68e-13	6.96e-22	8.72e-22
 8.83798e+22	4.15e-13	8.08e-09	7.39e-06	6.16e-04	9.03e-03	3.18e-02	4.68e-01	4.06e-01	8.36e-02	4.15e-13	7.86e-22	9.85e-22
 8.89489e+22	4.66e-13	9.05e-09	8.31e-06	6.92e-04	1.00e-02	3.44e-02	4.81e-01	3.96e-01	7.76e-02	4.66e-13	8.84e-22	1.11e-21
 8.95235e+22	5.21e-13	1.01e-08	9.30e-06	7.75e-04	1.10e-02	3.70e-02	4.93e-01	3.87e-01	7.20e-02	5.21e-13	9.88e-22	1.24e-21
 9.01100e+22	5.81e-13	1.12e-08	1.04e-05	8.70e-04	1.22e-02	4.00e-02	5.04e-01	3.76e-01	6.65e-02	5.81e-13	1.10e-21	1.38e-21
 9.07063e+22	6.44e-13	1.24e-08	1.16e-05	9.72e-04	1.35e-02	4.30e-02	5.16e-01	3.65e-01	6.15e-02	6.44e-13	1.22e-21	1.53e-21
 9.12521e+22	7.00e-13	1.35e-08	1.28e-05	1.07e-03	1.46e-02	4.57e-02	5.25e-01	3.56e-01	5.76e-02	7.00e-13	1.33e-21	1.67e-21
 9.18223e+22	7.73e-13	1.50e-08	1.43e-05	1.20e-03	1.61e-02	4.93e-02	5.36e-01	3.45e-01	5.28e-02	7.73e-13	1.47e-21	1.84e-21
 9.24014e+22	8.38e-13	1.63e-08	1.56e-05	1.31e-03	1.74e-02	5.23e-02	5.44e-01	3.35e-01	4.92e-02	8.38e-13	1.60e-21	2.00e-21
 9.29977e+22	9.25e-13	1.80e-08	1.75e-05	1.48e-03	1.92e-02	5.64e-02	5.55e-01	3.23e-01	4.49e-02	9.25e-13	1.77e-21	2.21e-21
 9.35964e+22	9.97e-13	1.95e-08	1.91e-05	1.61e-03	2.06e-02	5.97e-02	5.62e-01	3.14e-01	4.18e-02	9.97e-13	1.91e-21	2.38e-21
 9.41983e+22	1.09e-12	2.15e-08	2.14e-05	1.81e-03	2.27e-02	6.43e-02	5.72e-01	3.02e-01	3.80e-02	1.09e-12	2.09e-21	2.61e-21
 9.48021e+22	1.18e-12	2.33e-08	2.33e-05	1.98e-03	2.43e-02	6.78e-02	5.78e-01	2.93e-01	3.54e-02	1.18e-12	2.25e-21	2.81e-21
 9.54082e+22	1.28e-12	2.56e-08	2.60e-05	2.21e-03	2.66e-02	7.27e-02	5.86e-01	2.81e-01	3.21e-02	1.28e-12	2.46e-21	3.07e-21
 9.60207e+22	1.38e-12	2.78e-08	2.84e-05	2.41e-03	2.85e-02	7.65e-02	5.91e-01	2.72e-01	2.98e-02	1.38e-12	2.65e-21	3.31e-21
 9.66414e+22	1.50e-12	3.06e-08	3.17e-05	2.70e-03	3.10e-02	8.19e-02	5.98e-01	2.60e-01	2.70e-02	1.50e-12	2.89e-21	3.61e-21
 9.72700e+22	1.62e-12	3.32e-08	3.46e-05	2.94e-03	3.32e-02	8.61e-02	6.02e-01	2.51e-01	2.49e-02	1.62e-12	3.12e-21	3.89e-21
 9.79088e+22	1.77e-12	3.66e-08	3.87e-05	3.29e-03	3.61e-02	9.19e-02	6.07e-01	2.39e-01	2.25e-02	1.77e-12	3.41e-21	4.25e-21
 9.85592e+22	1.91e-12	3.99e-08	4.25e-05	3.60e-03	3.86e-02	9.66e-02	6.11e-01	2.30e-01	2.07e-02	1.91e-12	3.69e-21	4.60e-21
 9.92248e+22	2.09e-12	4.43e-08	4.77e-05	4.04e-03	4.19e-02	1.03e-01	6.14e-01	2.18e-01	1.86e-02	2.09e-12	4.05e-21	5.05e-21
 9.99052e+22	2.27e-12	4.85e-08	5.26e-05	4.43e-03	4.48e-02	1.08e-01	6.16e-01	2.09e-01	1.70e-02	2.27e-12	4.41e-21	5.50e-21
 1.00605e+23	2.50e-12	5.43e-08	5.95e-05	4.98e-03	4.87e-02	1.15e-01	6.18e-01	1.98e-01	1.52e-02	2.50e-12	4.87e-21	6.07e-21
 1.01319e+23	2.74e-12	6.00e-08	6.60e-05	5.48e-03	5.20e-02	1.21e-01	6.19e-01	1.89e-01	1.38e-02	2.74e-12	5.35e-21	6.66e-21
 1.01921e+23	2.96e-12	6.53e-08	7.22e-05	5.96e-03	5.51e-02	1.26e-01	6.19e-01	1.81e-01	1.27e-02	2.96e-12	5.78e-21	7.21e-21
 1.02573e+23	3.27e-12	7.30e-08	8.12e-05	6.63e-03	5.92e-02	1.33e-01	6.18e-01	1.71e-01	1.14e-02	3.27e-12	6.40e-21	7.96e-21
 1.03207e+23	3.53e-12	7.95e-08	8.85e-05	7.17e-03	6.24e-02	1.38e-01	6.17e-01	1.64e-01	1.05e-02	3.53e-12	6.93e-21	8.62e-21
 1.03818e+23	3.86e-12	8.81e-08	9.87e-05	7.91e-03	6.65e-02	1.45e-01	6.15e-01	1.56e-01	9.48e-03	3.86e-12	7.59e-21	9.44e-21
 1.04436e+23	4.22e-12	9.68e-08	1.08e-04	8.55e-03	7.00e-02	1.50e-01	6.13e-01	1.49e-01	8.76e-03	4.22e-12	8.31e-21	1.03e-20
 1.05061e+23	4.66e-12	1.08e-07	1.21e-04	9.45e-03	7.46e-02	1.57e-01	6.10e-01	1.41e-01	7.86e-03	4.66e-12	9.20e-21	1.14e-20
 1.05695e+23	5.12e-12	1.19e-07	1.33e-04	1.02e-02	7.85e-02	1.63e-01	6.06e-01	1.35e-01	7.23e-03	5.12e-12	1.01e-20	1.26e-20
 1.06341e+23	5.70e-12	1.35e-07	1.50e-04	1.13e-02	8.37e-02	1.70e-01	6.01e-01	1.27e-01	6.46e-03	5.70e-12	1.13e-20	1.41e-20
 1.06996e+23	6.32e-12	1.50e-07	1.65e-04	1.23e-02	8.80e-02	1.76e-01	5.97e-01	1.21e-01	5.92e-03	6.32e-12	1.26e-20	1.56e-20
 1.07663e+23	7.10e-12	1.70e-07	1.87e-04	1.36e-02	9.37e-02	1.83e-01	5.90e-01	1.13e-01	5.25e-03	7.10e-12	1.42e-20	1.76e-20
 1.08341e+23	7.93e-12	1.91e-07	2.08e-04	1.48e-02	9.85e-02	1.89e-01	5.85e-01	1.08e-01	4.79e-03	7.93e-12	1.59e-20	1.97e-20
 1.09035e+23	9.05e-12	2.19e-07	2.37e-04	1.64e-02	1.05e-01	1.97e-01	5.77e-01	1.01e-01	4.23e-03	9.05e-12	1.82e-20	2.26e-20
 1.09747e+23	1.02e-11	2.48e-07	2.64e-04	1.79e-02	1.10e-01	2.03e-01	5.69e-01	9.50e-02	3.83e-03	1.02e-11	2.05e-20	2.55e-20
 1.10481e+23	1.18e-11	2.89e-07	3.04e-04	2.00e-02	1.18e-01	2.11e-01	5.59e-01	8.81e-02	3.35e-03	1.18e-11	2.39e-20	2.97e-20
 1.11234e+23	1.35e-11	3.30e-07	3.42e-04	2.18e-02	1.24e-01	2.18e-01	5.51e-01	8.28e-02	3.01e-03	1.35e-11	2.74e-20	3.40e-20
 1.12011e+23	1.59e-11	3.91e-07	3.97e-04	2.44e-02	1.32e-01	2.26e-01	5.38e-01	7.62e-02	2.61e-03	1.59e-11	3.25e-20	4.03e-20
 1.12795e+23	1.84e-11	4.50e-07	4.47e-04	2.67e-02	1.39e-01	2.32e-01	5.28e-01	7.15e-02	2.34e-03	1.84e-11	3.77e-20	4.67e-20
 1.13587e+23	2.19e-11	5.36e-07	5.21e-04	2.99e-02	1.48e-01	2.40e-01	5.15e-01	6.54e-02	2.01e-03	2.19e-11	4.51e-20	5.58e-20
 1.14388e+23	2.56e-11	6.21e-07	5.88e-04	3.26e-02	1.55e-01	2.46e-01	5.03e-01	6.11e-02	1.80e-03	2.56e-11	5.29e-20	6.54e-20
 1.15199e+23	3.08e-11	7.47e-07	6.88e-04	3.65e-02	1.64e-01	2.53e-01	4.88e-01	5.56e-02	1.54e-03	3.08e-11	6.42e-20	7.93e-20
 1.16024e+23	3.64e-11	8.71e-07	7.80e-04	3.99e-02	1.73e-01	2.58e-01	4.75e-01	5.16e-02	1.36e-03	3.64e-11	7.61e-20	9.40e-20
 1.16753e+23	4.25e-11	1.01e-06	8.82e-04	4.35e-02	1.80e-01	2.64e-01	4.62e-01	4.78e-02	1.20e-03	4.25e-11	8.94e-20	1.10e-19
 1.17584e+23	5.24e-11	1.23e-06	1.03e-03	4.86e-02	1.91e-01	2.70e-01	4.45e-01	4.33e-02	1.02e-03	5.24e-11	1.11e-19	1.37e-19
 1.18431e+23	6.21e-11	1.44e-06	1.18e-03	5.30e-02	1.99e-01	2.74e-01	4.31e-01	3.98e-02	8.94e-04	6.21e-11	1.32e-19	1.63e-19
 1.19119e+23	7.23e-11	1.65e-06	1.31e-03	5.71e-02	2.07e-01	2.78e-01	4.19e-01	3.71e-02	7.98e-04	7.23e-11	1.55e-19	1.91e-19
 1.19832e+23	8.69e-11	1.95e-06	1.49e-03	6.23e-02	2.16e-01	2.81e-01	4.04e-01	3.40e-02	6.96e-04	8.69e-11	1.87e-19	2.30e-19
 1.20582e+23	1.02e-10	2.26e-06	1.68e-03	6.73e-02	2.24e-01	2.84e-01	3.91e-01	3.14e-02	6.15e-04	1.02e-10	2.22e-19	2.73e-19
 1.21270e+23	1.20e-10	2.61e-06	1.88e-03	7.24e-02	2.32e-01	2.86e-01	3.78e-01	2.90e-02	5.44e-04	1.20e-10	2.62e-19	3.23e-19
 1.22055e+23	1.48e-10	3.13e-06	2.16e-03	7.94e-02	2.42e-01	2.89e-01	3.61e-01	2.62e-02	4.65e-04	1.48e-10	3.26e-19	4.01e-19
 1.22861e+23	1.78e-10	3.67e-06	2.44e-03	8.60e-02	2.51e-01	2.91e-01	3.46e-01	2.39e-02	4.03e-04	1.78e-10	3.93e-19	4.83e-19
 1.23568e+23	2.11e-10	4.25e-06	2.73e-03	9.23e-02	2.59e-01	2.91e-01	3.33e-01	2.20e-02	3.54e-04	2.11e-10	4.69e-19	5.76e-19
 1.24363e+23	2.62e-10	5.11e-06	3.14e-03	1.01e-01	2.68e-01	2.92e-01	3.16e-01	1.97e-02	3.01e-04	2.62e-10	5.88e-19	7.21e-19
 1.25196e+23	3.18e-10	6.04e-06	3.56e-03	1.09e-01	2.77e-01	2.92e-01	3.01e-01	1.78e-02	2.58e-04	3.18e-10	7.20e-19	8.83e-19
 1.25949e+23	3.82e-10	7.04e-06	3.99e-03	1.17e-01	2.85e-01	2.91e-01	2.87e-01	1.62e-02	2.24e-04	3.82e-10	8.73e-19	1.07e-18
 1.26800e+23	4.84e-10	8.56e-06	4.61e-03	1.28e-01	2.95e-01	2.89e-01	2.69e-01	1.43e-02	1.86e-04	4.84e-10	1.12e-18	1.37e-18
 1.27678e+23	5.96e-10	1.02e-05	5.23e-03	1.38e-01	3.03e-01	2.87e-01	2.54e-01	1.28e-02	1.58e-04	5.96e-10	1.39e-18	1.70e-18
 1.28459e+23	7.24e-10	1.19e-05	5.86e-03	1.47e-01	3.10e-01	2.85e-01	2.40e-01	1.15e-02	1.35e-04	7.24e-10	1.70e-18	2.08e-18
 1.29343e+23	9.28e-10	1.45e-05	6.77e-03	1.60e-01	3.19e-01	2.80e-01	2.23e-01	1.01e-02	1.11e-04	9.28e-10	2.21e-18	2.70e-18
 1.30262e+23	1.16e-09	1.73e-05	7.68e-03	1.72e-01	3.26e-01	2.76e-01	2.09e-01	8.88e-03	9.26e-05	1.16e-09	2.79e-18	3.40e-18
 1.31090e+23	1.43e-09	2.04e-05	8.63e-03	1.84e-01	3.32e-01	2.71e-01	1.96e-01	7.88e-03	7.80e-05	1.43e-09	3.47e-18	4.24e-18
 1.32029e+23	1.87e-09	2.52e-05	1.00e-02	2.00e-01	3.40e-01	2.64e-01	1.79e-01	6.74e-03	6.24e-05	1.87e-09	4.62e-18	5.63e-18
 1.32994e+23	2.34e-09	3.00e-05	1.13e-02	2.14e-01	3.45e-01	2.58e-01	1.66e-01	5.89e-03	5.15e-05	2.34e-09	5.87e-18	7.15e-18
 1.33862e+23	2.92e-09	3.55e-05	1.27e-02	2.28e-01	3.49e-01	2.51e-01	1.54e-01	5.16e-03	4.26e-05	2.92e-09	7.43e-18	9.04e-18
 1.34858e+23	3.90e-09	4.42e-05	1.48e-02	2.47e-01	3.54e-01	2.42e-01	1.38e-01	4.32e-03	3.32e-05	3.90e-09	1.01e-17	1.23e-17
 1.35863e+23	4.91e-09	5.26e-05	1.67e-02	2.62e-01	3.57e-01	2.34e-01	1.27e-01	3.73e-03	2.70e-05	4.91e-09	1.29e-17	1.57e-17
 1.36880e+23	6.55e-09	6.51e-05	1.92e-02	2.81e-01	3.59e-01	2.23e-01	1.13e-01	3.10e-03	2.09e-05	6.55e-09	1.76e-17	2.14e-17
 1.37912e+23	8.31e-09	7.76e-05	2.16e-02	2.98e-01	3.60e-01	2.14e-01	1.03e-01	2.65e-03	1.68e-05	8.31e-09	2.28e-17	2.76e-17
 1.38966e+23	1.12e-08	9.66e-05	2.50e-02	3.19e-01	3.60e-01	2.03e-01	9.10e-02	2.16e-03	1.27e-05	1.12e-08	3.16e-17	3.83e-17
 1.40029e+23	1.42e-08	1.15e-04	2.80e-02	3.36e-01	3.59e-01	1.93e-01	8.21e-02	1.83e-03	1.01e-05	1.42e-08	4.10e-17	4.97e-17
 1.41106e+23	1.94e-08	1.43e-04	3.23e-02	3.58e-01	3.56e-01	1.80e-01	7.16e-02	1.47e-03	7.51e-06	1.94e-08	5.75e-17	6.95e-17
 1.42193e+23	2.46e-08	1.70e-04	3.60e-02	3.75e-01	3.53e-01	1.71e-01	6.41e-02	1.24e-03	5.93e-06	2.46e-08	7.49e-17	9.06e-17
 1.43295e+23	3.35e-08	2.11e-04	4.14e-02	3.97e-01	3.47e-01	1.58e-01	5.54e-02	9.82e-04	4.34e-06	3.35e-08	1.06e-16	1.28e-16
 1.44411e+23	4.28e-08	2.51e-04	4.60e-02	4.14e-01	3.41e-01	1.48e-01	4.91e-02	8.15e-04	3.37e-06	4.28e-08	1.39e-16	1.68e-16
 1.45547e+23	5.85e-08	3.12e-04	5.27e-02	4.36e-01	3.33e-01	1.36e-01	4.18e-02	6.37e-04	2.42e-06	5.85e-08	1.98e-16	2.39e-16
 1.46664e+23	7.38e-08	3.66e-04	5.81e-02	4.51e-01	3.26e-01	1.27e-01	3.70e-02	5.29e-04	1.89e-06	7.38e-08	2.57e-16	3.11e-16
 1.47599e+23	9.21e-08	4.27e-04	6.37e-02	4.65e-01	3.19e-01	1.18e-01	3.29e-02	4.41e-04	1.48e-06	9.21e-08	3.31e-16	4.00e-16
 1.48504e+23	1.14e-07	4.93e-04	6.95e-02	4.78e-01	3.12e-01	1.10e-01	2.93e-02	3.69e-04	1.17e-06	1.14e-07	4.21e-16	5.08e-16
 1.49525e+23	1.49e-07	5.93e-04	7.74e-02	4.94e-01	3.01e-01	1.01e-01	2.51e-02	2.93e-04	8.62e-07	1.49e-07	5.72e-16	6.90e-16
 1.50540e+23	1.84e-07	6.83e-04	8.42e-02	5.06e-01	2.93e-01	9.37e-02	2.22e-02	2.44e-04	6.75e-07	1.84e-07	7.26e-16	8.76e-16
 1.51548e+23	2.39e-07	8.15e-04	9.32e-02	5.20e-01	2.82e-01	8.51e-02	1.90e-02	1.93e-04	4.96e-07	2.39e-07	9.77e-16	1.18e-15
 1.52576e+23	2.96e-07	9.41e-04	1.01e-01	5.31e-01	2.72e-01	7.84e-02	1.66e-02	1.59e-04	3.83e-07	2.96e-07	1.25e-15	1.50e-15
 1.53629e+23	3.87e-07	1.13e-03	1.12e-01	5.42e-01	2.60e-01	7.05e-02	1.41e-02	1.24e-04	2.76e-07	3.87e-07	1.69e-15	2.03e-15
 1.54690e+23	4.79e-07	1.30e-03	1.21e-01	5.51e-01	2.50e-01	6.46e-02	1.22e-02	1.01e-04	2.11e-07	4.79e-07	2.15e-15	2.58e-15
 1.55761e+23	6.26e-07	1.55e-03	1.33e-01	5.60e-01	2.37e-01	5.76e-02	1.03e-02	7.77e-05	1.50e-07	6.26e-07	2.91e-15	3.49e-15
 1.56845e+23	7.76e-07	1.79e-03	1.44e-01	5.66e-01	2.27e-01	5.24e-02	8.86e-03	6.27e-05	0.00e+00	7.76e-07	3.70e-15	4.45e-15
 1.57714e+23	9.24e-07	2.00e-03	1.53e-01	5.70e-01	2.18e-01	4.83e-02	7.84e-03	5.24e-05	0.00e+00	9.24e-07	4.51e-15	5.42e-15
 1.58612e+23	1.14e-06	2.30e-03	1.65e-01	5.75e-01	2.07e-01	4.37e-02	6.75e-03	4.21e-05	0.00e+00	1.14e-06	5.75e-15	6.90e-15
 1.59530e+23	1.37e-06	2.59e-03	1.76e-01	5.77e-01	1.99e-01	4.01e-02	5.93e-03	3.48e-05	0.00e+00	1.37e-06	7.05e-15	8.44e-15
 1.60347e+23	1.62e-06	2.90e-03	1.86e-01	5.79e-01	1.90e-01	3.68e-02	5.22e-03	2.90e-05	0.00e+00	1.62e-06	8.57e-15	1.03e-14
 1.61281e+23	2.02e-06	3.33e-03	2.00e-01	5.80e-01	1.80e-01	3.30e-02	4.44e-03	2.29e-05	0.00e+00	2.02e-06	1.10e-14	1.31e-14
 1.62225e+23	2.41e-06	3.74e-03	2.12e-01	5.79e-01	1.71e-01	3.00e-02	3.87e-03	1.88e-05	0.00e+00	2.41e-06	1.34e-14	1.60e-14
 1.63053e+23	2.86e-06	4.17e-03	2.24e-01	5.78e-01	1.63e-01	2.74e-02	3.38e-03	1.55e-05	0.00e+00	2.86e-06	1.63e-14	1.95e-14
 1.63997e+23	3.53e-06	4.79e-03	2.40e-01	5.76e-01	1.53e-01	2.43e-02	2.86e-03	1.21e-05	0.00e+00	3.53e-06	2.08e-14	2.48e-14
 1.64958e+23	4.20e-06	5.35e-03	2.53e-01	5.72e-01	1.44e-01	2.20e-02	2.47e-03	9.85e-06	0.00e+00	4.20e-06	2.55e-14	3.03e-14
 1.65808e+23	4.98e-06	5.97e-03	2.67e-01	5.68e-01	1.37e-01	1.99e-02	2.15e-03	8.04e-06	0.00e+00	4.98e-06	3.10e-14	3.69e-14
 1.66782e+23	6.15e-06	6.83e-03	2.84e-01	5.62e-01	1.27e-01	1.75e-02	1.79e-03	6.21e-06	0.00e+00	6.15e-06	3.97e-14	4.72e-14
 1.67771e+23	7.31e-06	7.62e-03	3.00e-01	5.56e-01	1.20e-01	1.57e-02	1.54e-03	4.99e-06	0.00e+00	7.31e-06	4.85e-14	5.76e-14
 1.68780e+23	9.06e-06	8.73e-03	3.19e-01	5.47e-01	1.11e-01	1.37e-02	1.27e-03	3.80e-06	0.00e+00	9.06e-06	6.24e-14	7.40e-14
 1.69798e+23	1.08e-05	9.74e-03	3.35e-01	5.38e-01	1.03e-01	1.22e-02	1.08e-03	3.02e-06	0.00e+00	1.08e-05	7.64e-14	9.06e-14
 1.70828e+23	1.34e-05	1.12e-02	3.56e-01	5.27e-01	9.49e-02	1.05e-02	8.88e-04	2.27e-06	0.00e+00	1.34e-05	9.86e-14	1.17e-13
 1.71869e+23	1.59e-05	1.25e-02	3.73e-01	5.16e-01	8.82e-02	9.32e-03	7.51e-04	1.79e-06	0.00e+00	1.59e-05	1.21e-13	1.44e-13
 1.72787e+23	1.89e-05	1.39e-02	3.91e-01	5.05e-01	8.20e-02	8.26e-03	6.37e-04	1.42e-06	0.00e+00	1.89e-05	1.49e-13	1.76e-13
 1.73841e+23	2.34e-05	1.59e-02	4.13e-01	4.89e-01	7.45e-02	7.06e-03	5.15e-04	1.05e-06	0.00e+00	2.34e-05	1.93e-13	2.27e-13
 1.74916e+23	2.79e-05	1.77e-02	4.31e-01	4.76e-01	6.87e-02	6.18e-03	4.31e-04	8.14e-07	0.00e+00	2.79e-05	2.37e-13	2.80e-13
 1.76018e+23	3.47e-05	2.03e-02	4.54e-01	4.58e-01	6.18e-02	5.22e-03	3.44e-04	5.92e-07	0.00e+00	3.47e-05	3.09e-13	3.64e-13
 1.76796e+23	3.66e-05	2.10e-02	4.61e-01	4.53e-01	5.99e-02	4.98e-03	3.23e-04	5.40e-07	0.00e+00	3.66e-05	3.30e-13	3.88e-13
 1.77067e+23	3.80e-05	2.15e-02	4.65e-01	4.49e-01	5.87e-02	4.82e-03	3.09e-04	5.09e-07	0.00e+00	3.80e-05	3.46e-13	4.07e-13
 1.77334e+23	4.02e-05	2.23e-02	4.71e-01	4.45e-01	5.71e-02	4.60e-03	2.91e-04	4.67e-07	0.00e+00	4.02e-05	3.71e-13	4.36e-13
 1.77680e+23	4.28e-05	2.32e-02	4.78e-01	4.39e-01	5.53e-02	4.37e-03	2.72e-04	4.25e-07	0.00e+00	4.28e-05	4.01e-13	4.71e-13
 1.78131e+23	4.68e-05	2.45e-02	4.87e-01	4.31e-01	5.28e-02	4.07e-03	2.47e-04	3.71e-07	0.00e+00	4.68e-05	4.47e-13	5.24e-13
 1.78716e+23	5.24e-05	2.63e-02	5.00e-01	4.20e-01	4.97e-02	3.70e-03	2.18e-04	3.11e-07	0.00e+00	5.24e-05	5.14e-13	6.02e-13
 1.79477e+23	6.11e-05	2.89e-02	5.16e-01	4.06e-01	4.57e-02	3.25e-03	1.84e-04	2.45e-07	0.00e+00	6.11e-05	6.20e-13	7.25e-13
 1.80270e+23	6.88e-05	3.11e-02	5.29e-01	3.94e-01	4.27e-02	2.92e-03	1.60e-04	2.01e-07	0.00e+00	6.88e-05	7.19e-13	8.39e-13
 1.81103e+23	8.02e-05	3.42e-02	5.46e-01	3.78e-01	3.91e-02	2.54e-03	1.34e-04	1.57e-07	0.00e+00	8.02e-05	8.72e-13	1.01e-12
 1.81963e+23	9.16e-05	3.71e-02	5.60e-01	3.64e-01	3.60e-02	2.25e-03	1.14e-04	0.00e+00	0.00e+00	9.16e-05	1.03e-12	1.19e-12
 1.82733e+23	1.04e-04	4.00e-02	5.73e-01	3.51e-01	3.33e-02	2.00e-03	9.76e-05	0.00e+00	0.00e+00	1.04e-04	1.21e-12	1.39e-12
 1.83607e+23	1.21e-04	4.40e-02	5.89e-01	3.35e-01	3.01e-02	1.72e-03	8.04e-05	0.00e+00	0.00e+00	1.21e-04	1.47e-12	1.69e-12
 1.84506e+23	1.38e-04	4.76e-02	6.03e-01	3.20e-01	2.76e-02	1.51e-03	6.79e-05	0.00e+00	0.00e+00	1.38e-04	1.74e-12	1.99e-12
 1.85437e+23	1.62e-04	5.25e-02	6.18e-01	3.03e-01	2.47e-02	1.28e-03	5.50e-05	0.00e+00	0.00e+00	1.62e-04	2.14e-12	2.44e-12
 1.86376e+23	1.85e-04	5.68e-02	6.31e-01	2.88e-01	2.25e-02	1.11e-03	4.60e-05	0.00e+00	0.00e+00	1.85e-04	2.54e-12	2.87e-12
 1.87204e+23	2.10e-04	6.12e-02	6.43e-01	2.74e-01	2.04e-02	9.67e-04	3.86e-05	0.00e+00	0.00e+00	2.10e-04	3.00e-12	3.37e-12
 1.88156e+23	2.46e-04	6.74e-02	6.57e-01	2.57e-01	1.82e-02	8.11e-04	3.09e-05	0.00e+00	0.00e+00	2.46e-04	3.71e-12	4.13e-12
 1.89132e+23	2.80e-04	7.27e-02	6.68e-01	2.42e-01	1.63e-02	6.97e-04	2.55e-05	0.00e+00	0.00e+00	2.80e-04	4.41e-12	4.88e-12
 1.90139e+23	3.29e-04	8.02e-02	6.80e-01	2.25e-01	1.43e-02	5.75e-04	2.01e-05	0.00e+00	0.00e+00	3.29e-04	5.51e-12	6.03e-12
 1.91162e+23	3.76e-04	8.65e-02	6.90e-01	2.10e-01	1.28e-02	4.88e-04	1.63e-05	0.00e+00	0.00e+00	3.76e-04	6.61e-12	7.15e-12
 1.92206e+23	4.43e-04	9.54e-02	7.00e-01	1.93e-01	1.11e-02	3.97e-04	1.26e-05	0.00e+00	0.00e+00	4.43e-04	8.31e-12	8.87e-12
 1.93273e+23	5.06e-04	1.03e-01	7.08e-01	1.79e-01	9.76e-03	3.33e-04	1.01e-05	0.00e+00	0.00e+00	5.06e-04	1.00e-11	1.06e-11
 1.94369e+23	5.99e-04	1.14e-01	7.15e-01	1.62e-01	8.37e-03	2.66e-04	7.72e-06	0.00e+00	0.00e+00	5.99e-04	1.27e-11	1.32e-11
 1.95486e+23	6.86e-04	1.23e-01	7.20e-01	1.49e-01	7.30e-03	2.20e-04	6.10e-06	0.00e+00	0.00e+00	6.86e-04	1.55e-11	1.57e-11
 1.96630e+23	8.17e-04	1.36e-01	7.24e-01	1.33e-01	6.15e-03	1.72e-04	4.53e-06	0.00e+00	0.00e+00	8.17e-04	1.99e-11	1.98e-11
 1.97775e+23	9.26e-04	1.45e-01	7.26e-01	1.22e-01	5.35e-03	1.42e-04	3.58e-06	0.00e+00	0.00e+00	9.26e-04	2.39e-11	2.34e-11
 1.98921e+23	1.10e-03	1.60e-01	7.26e-01	1.08e-01	4.48e-03	1.10e-04	2.64e-06	0.00e+00	0.00e+00	1.10e-03	3.06e-11	2.94e-11
 2.00084e+23	1.25e-03	1.72e-01	7.25e-01	9.75e-02	3.87e-03	8.98e-05	2.06e-06	0.00e+00	0.00e+00	1.25e-03	3.70e-11	3.47e-11
 2.01269e+23	1.49e-03	1.90e-01	7.20e-01	8.49e-02	3.19e-03	6.82e-05	1.49e-06	0.00e+00	0.00e+00	1.49e-03	4.81e-11	4.39e-11
 2.02457e+23	1.69e-03	2.03e-01	7.16e-01	7.60e-02	2.74e-03	5.50e-05	1.16e-06	0.00e+00	0.00e+00	1.69e-03	5.79e-11	5.19e-11
 2.03651e+23	2.01e-03	2.24e-01	7.06e-01	6.54e-02	2.24e-03	4.13e-05	8.30e-07	0.00e+00	0.00e+00	2.01e-03	7.51e-11	6.55e-11
 2.04870e+23	2.30e-03	2.41e-01	6.97e-01	5.75e-02	1.89e-03	3.25e-05	6.28e-07	0.00e+00	0.00e+00	2.30e-03	9.21e-11	7.85e-11
 2.06120e+23	2.76e-03	2.67e-01	6.81e-01	4.84e-02	1.53e-03	2.37e-05	4.40e-07	0.00e+00	0.00e+00	2.76e-03	1.21e-10	1.00e-10
 2.07385e+23	3.18e-03	2.88e-01	6.66e-01	4.17e-02	1.28e-03	1.83e-05	3.28e-07	0.00e+00	0.00e+00	3.18e-03	1.49e-10	1.21e-10
 2.08668e+23	3.84e-03	3.18e-01	6.42e-01	3.42e-02	1.02e-03	1.29e-05	2.25e-07	0.00e+00	0.00e+00	3.84e-03	1.98e-10	1.55e-10
 2.09964e+23	4.46e-03	3.44e-01	6.22e-01	2.88e-02	8.37e-04	9.66e-06	1.64e-07	0.00e+00	0.00e+00	4.46e-03	2.46e-10	1.89e-10
 2.11277e+23	5.47e-03	3.82e-01	5.89e-01	2.28e-02	6.51e-04	6.54e-06	0.00e+00	0.00e+00	0.00e+00	5.47e-03	3.30e-10	2.47e-10
 2.12597e+23	6.37e-03	4.13e-01	5.62e-01	1.87e-02	5.33e-04	4.76e-06	0.00e+00	0.00e+00	0.00e+00	6.37e-03	4.12e-10	3.02e-10
 2.13925e+23	7.88e-03	4.57e-01	5.20e-01	1.42e-02	4.08e-04	3.08e-06	0.00e+00	0.00e+00	0.00e+00	7.88e-03	5.55e-10	3.98e-10
 2.15277e+23	9.34e-03	4.95e-01	4.84e-01	1.11e-02	3.26e-04	2.12e-06	0.00e+00	0.00e+00	0.00e+00	9.34e-03	7.04e-10	4.97e-10
 2.16660e+23	1.17e-02	5.47e-01	4.33e-01	7.96e-03	2.43e-04	1.27e-06	0.00e+00	0.00e+00	0.00e+00	1.17e-02	9.61e-10	6.65e-10
 2.18061e+23	1.41e-02	5.91e-01	3.89e-01	5.85e-03	1.89e-04	8.11e-07	0.00e+00	0.00e+00	0.00e+00	1.41e-02	1.24e-09	8.45e-10
 2.19122e+23	1.63e-02	6.23e-01	3.56e-01	4.59e-03	1.56e-04	5.72e-07	0.00e+00	0.00e+00	0.00e+00	1.63e-02	1.49e-09	1.01e-09
 2.20140e+23	1.95e-02	6.63e-01	3.14e-01	3.35e-03	1.22e-04	3.63e-07	0.00e+00	0.00e+00	0.00e+00	1.95e-02	1.89e-09	1.27e-09
 2.21204e+23	2.31e-02	6.99e-01	2.76e-01	2.46e-03	9.65e-05	2.34e-07	0.00e+00	0.00e+00	0.00e+00	2.31e-02	2.35e-09	1.56e-09
 2.22176e+23	2.73e-02	7.32e-01	2.39e-01	1.78e-03	7.61e-05	1.49e-07	0.00e+00	0.00e+00	0.00e+00	2.73e-02	2.91e-09	1.92e-09
 2.23286e+23	3.39e-02	7.69e-01	1.96e-01	1.15e-03	5.52e-05	0.00e+00	0.00e+00	0.00e+00	0.00e+00	3.39e-02	3.84e-09	2.51e-09
 2.24431e+23	4.21e-02	8.00e-01	1.57e-01	7.32e-04	4.00e-05	0.00e+00	0.00e+00	0.00e+00	0.00e+00	4.21e-02	5.01e-09	3.25e-09
 2.25364e+23	5.10e-02	8.21e-01	1.27e-01	4.89e-04	2.99e-05	0.00e+00	0.00e+00	0.00e+00	0.00e+00	5.10e-02	6.30e-09	4.07e-09
 2.26176e+23	6.15e-02	8.36e-01	1.02e-01	3.28e-04	2.22e-05	0.00e+00	0.00e+00	0.00e+00	0.00e+00	6.15e-02	7.88e-09	5.06e-09
 2.26950e+23	7.43e-02	8.45e-01	8.06e-02	2.17e-04	1.63e-05	0.00e+00	0.00e+00	0.00e+00	0.00e+00	7.43e-02	9.84e-09	6.30e-09
 2.27681e+23	9.05e-02	8.47e-01	6.23e-02	1.42e-04	1.17e-05	0.00e+00	0.00e+00	0.00e+00	0.00e+00	9.05e-02	1.23e-08	7.86e-09
 2.28348e+23	1.10e-01	8.42e-01	4.77e-02	9.46e-05	8.29e-06	0.00e+00	0.00e+00	0.00e+00	0.00e+00	1.10e-01	1.53e-08	9.71e-09
 2.28939e+23	1.32e-01	8.31e-01	3.63e-02	6.42e-05	5.87e-06	0.00e+00	0.00e+00	0.00e+00	0.00e+00	1.32e-01	1.87e-08	1.18e-08
 2.29466e+23	1.58e-01	8.14e-01	2.77e-02	4.48e-05	4.17e-06	0.00e+00	0.00e+00	0.00e+00	0.00e+00	1.58e-01	2.25e-08	1.42e-08
 2.29940e+23	1.86e-01	7.93e-01	2.12e-02	3.20e-05	2.96e-06	0.00e+00	0.00e+00	0.00e+00	0.00e+00	1.86e-01	2.66e-08	1.68e-08
 2.30379e+23	2.19e-01	7.65e-01	1.61e-02	2.33e-05	2.09e-06	0.00e+00	0.00e+00	0.00e+00	0.00e+00	2.19e-01	3.11e-08	1.96e-08
 2.30783e+23	2.54e-01	7.33e-01	1.23e-02	1.73e-05	1.47e-06	0.00e+00	0.00e+00	0.00e+00	0.00e+00	2.54e-01	3.59e-08	2.26e-08
 2.31148e+23	2.92e-01	6.99e-01	9.40e-03	1.31e-05	1.04e-06	0.00e+00	0.00e+00	0.00e+00	0.00e+00	2.92e-01	4.05e-08	2.54e-08
 2.31483e+23	3.31e-01	6.62e-01	7.24e-03	1.02e-05	7.46e-07	0.00e+00	0.00e+00	0.00e+00	0.00e+00	3.31e-01	4.49e-08	2.82e-08
 2.31788e+23	3.70e-01	6.24e-01	5.66e-03	8.08e-06	5.43e-07	0.00e+00	0.00e+00	0.00e+00	0.00e+00	3.70e-01	4.89e-08	3.06e-08
 2.31995e+23	3.97e-01	5.98e-01	4.80e-03	6.96e-06	4.41e-07	0.00e+00	0.00e+00	0.00e+00	0.00e+00	3.97e-01	5.13e-08	3.21e-08
 2.32106e+23	4.13e-01	5.83e-01	4.37e-03	6.41e-06	3.91e-07	0.00e+00	0.00e+00	0.00e+00	0.00e+00	4.13e-01	5.26e-08	3.29e-08
 2.32209e+23	4.27e-01	5.69e-01	3.99e-03	5.92e-06	3.48e-07	0.00e+00	0.00e+00	0.00e+00	0.00e+00	4.27e-01	5.38e-08	3.36e-08
 2.32339e+23	4.46e-01	5.50e-01	3.56e-03	5.36e-06	3.01e-07	0.00e+00	0.00e+00	0.00e+00	0.00e+00	4.46e-01	5.52e-08	3.45e-08
 2.32489e+23	4.69e-01	5.28e-01	3.11e-03	4.78e-06	2.53e-07	0.00e+00	0.00e+00	0.00e+00	0.00e+00	4.69e-01	5.68e-08	3.54e-08
 2.32638e+23	4.90e-01	5.08e-01	2.73e-03	4.30e-06	2.15e-07	0.00e+00	0.00e+00	0.00e+00	0.00e+00	4.90e-01	5.81e-08	3.62e-08
 2.32789e+23	5.12e-01	4.86e-01	2.38e-03	3.85e-06	1.81e-07	0.00e+00	0.00e+00	0.00e+00	0.00e+00	5.12e-01	5.93e-08	3.70e-08
 2.32949e+23	5.36e-01	4.62e-01	2.06e-03	3.42e-06	1.51e-07	0.00e+00	0.00e+00	0.00e+00	0.00e+00	5.36e-01	6.03e-08	3.76e-08
 2.33112e+23	5.59e-01	4.39e-01	1.77e-03	3.05e-06	1.25e-07	0.00e+00	0.00e+00	0.00e+00	0.00e+00	5.59e-01	6.12e-08	3.81e-08
 2.33273e+23	5.81e-01	4.18e-01	1.54e-03	2.73e-06	0.00e+00	0.00e+00	0.00e+00	0.00e+00	0.00e+00	5.81e-01	6.18e-08	3.85e-08
 2.33396e+23	5.96e-01	4.02e-01	1.39e-03	2.53e-06	0.00e+00	0.00e+00	0.00e+00	0.00e+00	0.00e+00	5.96e-01	6.21e-08	3.86e-08
 2.33478e+23	6.07e-01	3.92e-01	1.29e-03	2.40e-06	0.00e+00	0.00e+00	0.00e+00	0.00e+00	0.00e+00	6.07e-01	6.23e-08	3.87e-08
 2.33558e+23	6.17e-01	3.82e-01	1.20e-03	2.27e-06	0.00e+00	0.00e+00	0.00e+00	0.00e+00	0.00e+00	6.17e-01	6.24e-08	3.88e-08
 2.33652e+23	6.29e-01	3.70e-01	1.10e-03	2.14e-06	0.00e+00	0.00e+00	0.00e+00	0.00e+00	0.00e+00	6.29e-01	6.26e-08	3.89e-08
 2.33755e+23	6.42e-01	3.57e-01	1.01e-03	2.00e-06	0.00e+00	0.00e+00	0.00e+00	0.00e+00	0.00e+00	6.42e-01	6.26e-08	3.89e-08
 2.33857e+23	6.53e-01	3.46e-01	9.24e-04	1.88e-06	0.00e+00	0.00e+00	0.00e+00	0.00e+00	0.00e+00	6.53e-01	6.26e-08	3.88e-08
 2.33957e+23	6.65e-01	3.35e-01	8.49e-04	1.77e-06	0.00e+00	0.00e+00	0.00e+00	0.00e+00	0.00e+00	6.65e-01	6.26e-08	3.88e-08
 2.34059e+23	6.75e-01	3.24e-01	7.79e-04	1.67e-06	0.00e+00	0.00e+00	0.00e+00	0.00e+00	0.00e+00	6.75e-01	6.25e-08	3.87e-08
 2.34165e+23	6.87e-01	3.13e-01	7.12e-04	1.57e-06	0.00e+00	0.00e+00	0.00e+00	0.00e+00	0.00e+00	6.87e-01	6.23e-08	3.86e-08
 2.34274e+23	6.98e-01	3.02e-01	6.50e-04	1.47e-06	0.00e+00	0.00e+00	0.00e+00	0.00e+00	0.00e+00	6.98e-01	6.21e-08	3.85e-08
 2.34382e+23	7.08e-01	2.92e-01	5.96e-04	1.39e-06	0.00e+00	0.00e+00	0.00e+00	0.00e+00	0.00e+00	7.08e-01	6.19e-08	3.83e-08
 2.34494e+23	7.18e-01	2.81e-01	5.44e-04	1.31e-06	0.00e+00	0.00e+00	0.00e+00	0.00e+00	0.00e+00	7.18e-01	6.16e-08	3.81e-08
 2.34610e+23	7.28e-01	2.71e-01	4.95e-04	1.23e-06	0.00e+00	0.00e+00	0.00e+00	0.00e+00	0.00e+00	7.28e-01	6.13e-08	3.79e-08
 2.34727e+23	7.38e-01	2.61e-01	4.52e-04	1.16e-06	0.00e+00	0.00e+00	0.00e+00	0.00e+00	0.00e+00	7.38e-01	6.10e-08	3.77e-08
 2.34846e+23	7.48e-01	2.52e-01	4.12e-04	1.09e-06	0.00e+00	0.00e+00	0.00e+00	0.00e+00	0.00e+00	7.48e-01	6.06e-08	3.74e-08
 2.34970e+23	7.57e-01	2.43e-01	3.75e-04	1.03e-06	0.00e+00	0.00e+00	0.00e+00	0.00e+00	0.00e+00	7.57e-01	6.02e-08	3.72e-08
 2.35098e+23	7.66e-01	2.33e-01	3.40e-04	9.67e-07	0.00e+00	0.00e+00	0.00e+00	0.00e+00	0.00e+00	7.66e-01	5.98e-08	3.69e-08
 2.35229e+23	7.75e-01	2.25e-01	3.09e-04	9.11e-07	0.00e+00	0.00e+00	0.00e+00	0.00e+00	0.00e+00	7.75e-01	5.94e-08	3.66e-08
 2.35363e+23	7.84e-01	2.16e-01	2.81e-04	8.59e-07	0.00e+00	0.00e+00	0.00e+00	0.00e+00	0.00e+00	7.84e-01	5.89e-08	3.63e-08
 2.35501e+23	7.92e-01	2.08e-01	2.55e-04	8.08e-07	0.00e+00	0.00e+00	0.00e+00	0.00e+00	0.00e+00	7.92e-01	5.85e-08	3.60e-08
 2.35645e+23	8.00e-01	2.00e-01	2.31e-04	7.61e-07	0.00e+00	0.00e+00	0.00e+00	0.00e+00	0.00e+00	8.00e-01	5.80e-08	3.57e-08
 2.35792e+23	8.08e-01	1.92e-01	2.09e-04	7.16e-07	0.00e+00	0.00e+00	0.00e+00	0.00e+00	0.00e+00	8.08e-01	5.75e-08	3.54e-08
 2.35942e+23	8.16e-01	1.84e-01	1.89e-04	6.75e-07	0.00e+00	0.00e+00	0.00e+00	0.00e+00	0.00e+00	8.16e-01	5.70e-08	3.50e-08
 2.36099e+23	8.23e-01	1.77e-01	1.71e-04	6.35e-07	0.00e+00	0.00e+00	0.00e+00	0.00e+00	0.00e+00	8.23e-01	5.65e-08	3.47e-08
 2.36261e+23	8.30e-01	1.70e-01	1.55e-04	5.98e-07	0.00e+00	0.00e+00	0.00e+00	0.00e+00	0.00e+00	8.30e-01	5.61e-08	3.44e-08
 2.36428e+23	8.37e-01	1.63e-01	1.40e-04	5.62e-07	0.00e+00	0.00e+00	0.00e+00	0.00e+00	0.00e+00	8.37e-01	5.56e-08	3.41e-08
 2.36600e+23	8.44e-01	1.56e-01	1.27e-04	5.30e-07	0.00e+00	0.00e+00	0.00e+00	0.00e+00	0.00e+00	8.44e-01	5.51e-08	3.38e-08
 2.36778e+23	8.50e-01	1.50e-01	1.15e-04	4.98e-07	0.00e+00	0.00e+00	0.00e+00	0.00e+00	0.00e+00	8.50e-01	5.46e-08	3.34e-08
 2.36962e+23	8.56e-01	1.43e-01	1.05e-04	4.69e-07	0.00e+00	0.00e+00	0.00e+00	0.00e+00	0.00e+00	8.56e-01	5.41e-08	3.30e-08
 2.37151e+23	8.62e-01	1.38e-01	9.53e-05	4.43e-07	0.00e+00	0.00e+00	0.00e+00	0.00e+00	0.00e+00	8.62e-01	5.36e-08	3.26e-08
 2.37341e+23	8.68e-01	1.32e-01	8.70e-05	4.17e-07	0.00e+00	0.00e+00	0.00e+00	0.00e+00	0.00e+00	8.68e-01	5.31e-08	3.21e-08
 2.37538e+23	8.73e-01	1.27e-01	7.97e-05	3.94e-07	0.00e+00	0.00e+00	0.00e+00	0.00e+00	0.00e+00	8.73e-01	5.27e-08	3.17e-08
 2.37741e+23	8.78e-01	1.22e-01	7.31e-05	3.72e-07	0.00e+00	0.00e+00	0.00e+00	0.00e+00	0.00e+00	8.78e-01	5.22e-08	3.13e-08
 2.37949e+23	8.83e-01	1.17e-01	6.74e-05	3.52e-07	0.00e+00	0.00e+00	0.00e+00	0.00e+00	0.00e+00	8.83e-01	5.18e-08	3.10e-08
 2.38159e+23	8.87e-01	1.13e-01	6.24e-05	3.33e-07	0.00e+00	0.00e+00	0.00e+00	0.00e+00	0.00e+00	8.87e-01	5.14e-08	3.06e-08
