#depth	N	N+	N+2	N+3	N+4	N+5	N+6	N+7
 4.62852e+21	0.00e+00	0.00e+00	1.24e-26	1.04e-20	2.96e-15	2.25e-09	9.76e-05	1.00e+00
 1.05236e+22	0.00e+00	0.00e+00	7.18e-26	4.23e-20	8.86e-15	4.65e-09	1.40e-04	1.00e+00
 1.26318e+22	0.00e+00	0.00e+00	2.36e-25	1.10e-19	1.83e-14	7.50e-09	1.77e-04	1.00e+00
 1.41467e+22	0.00e+00	1.63e-31	6.11e-25	2.36e-19	3.26e-14	1.10e-08	2.14e-04	1.00e+00
 1.50272e+22	0.00e+00	2.31e-31	8.21e-25	2.99e-19	3.89e-14	1.24e-08	2.27e-04	1.00e+00
 1.55038e+22	0.00e+00	3.56e-31	1.18e-24	4.00e-19	4.85e-14	1.43e-08	2.44e-04	1.00e+00
 1.60255e+22	0.00e+00	5.44e-31	1.68e-24	5.33e-19	6.03e-14	1.65e-08	2.62e-04	1.00e+00
 1.65189e+22	0.00e+00	8.16e-31	2.36e-24	7.01e-19	7.43e-14	1.89e-08	2.80e-04	1.00e+00
 1.70733e+22	0.00e+00	1.40e-30	3.71e-24	1.01e-18	9.80e-14	2.27e-08	3.07e-04	1.00e+00
 1.76190e+22	0.00e+00	2.02e-30	5.04e-24	1.29e-18	1.18e-13	2.57e-08	3.26e-04	1.00e+00
 1.81537e+22	0.00e+00	3.43e-30	7.84e-24	1.85e-18	1.55e-13	3.07e-08	3.56e-04	1.00e+00
 1.86852e+22	0.00e+00	4.92e-30	1.06e-23	2.36e-18	1.86e-13	3.46e-08	3.78e-04	1.00e+00
 1.91249e+22	0.00e+00	6.98e-30	1.42e-23	2.99e-18	2.24e-13	3.90e-08	4.00e-04	1.00e+00
 1.95379e+22	0.00e+00	9.73e-30	1.88e-23	3.77e-18	2.67e-13	4.38e-08	4.24e-04	1.00e+00
 1.99424e+22	0.00e+00	1.36e-29	2.49e-23	4.73e-18	3.17e-13	4.90e-08	4.48e-04	1.00e+00
 2.03455e+22	0.00e+00	1.90e-29	3.29e-23	5.94e-18	3.77e-13	5.49e-08	4.74e-04	1.00e+00
 2.07479e+22	0.00e+00	2.65e-29	4.36e-23	7.45e-18	4.48e-13	6.15e-08	5.00e-04	9.99e-01
 2.12106e+22	0.00e+00	4.07e-29	6.24e-23	9.96e-18	5.60e-13	7.11e-08	5.37e-04	9.99e-01
 2.16697e+22	0.00e+00	5.69e-29	8.25e-23	1.25e-17	6.65e-13	7.96e-08	5.68e-04	9.99e-01
 2.21241e+22	0.00e+00	8.63e-29	1.17e-22	1.66e-17	8.28e-13	9.17e-08	6.09e-04	9.99e-01
 2.25859e+22	0.00e+00	1.22e-28	1.56e-22	2.09e-17	9.87e-13	1.03e-07	6.44e-04	9.99e-01
 2.29880e+22	0.00e+00	1.68e-28	2.05e-22	2.62e-17	1.17e-12	1.15e-07	6.80e-04	9.99e-01
 2.33541e+22	0.00e+00	2.26e-28	2.63e-22	3.19e-17	1.36e-12	1.27e-07	7.14e-04	9.99e-01
 2.36862e+22	0.00e+00	2.97e-28	3.30e-22	3.84e-17	1.57e-12	1.39e-07	7.47e-04	9.99e-01
 2.40613e+22	0.00e+00	4.11e-28	4.34e-22	4.80e-17	1.87e-12	1.56e-07	7.88e-04	9.99e-01
 2.44612e+22	0.00e+00	5.62e-28	5.65e-22	5.94e-17	2.20e-12	1.73e-07	8.31e-04	9.99e-01
 2.48169e+22	0.00e+00	7.48e-28	7.19e-22	7.22e-17	2.55e-12	1.91e-07	8.71e-04	9.99e-01
 2.51514e+22	0.00e+00	9.88e-28	9.08e-22	8.73e-17	2.95e-12	2.10e-07	9.12e-04	9.99e-01
 2.55351e+22	0.00e+00	1.39e-27	1.21e-21	1.10e-16	3.53e-12	2.36e-07	9.66e-04	9.99e-01
 2.59338e+22	0.00e+00	1.88e-27	1.56e-21	1.35e-16	4.14e-12	2.62e-07	1.01e-03	9.99e-01
 2.62862e+22	0.00e+00	2.50e-27	1.99e-21	1.65e-16	4.81e-12	2.89e-07	1.06e-03	9.99e-01
 2.65980e+22	0.00e+00	3.19e-27	2.43e-21	1.95e-16	5.46e-12	3.14e-07	1.11e-03	9.99e-01
 2.69229e+22	0.00e+00	4.20e-27	3.07e-21	2.35e-16	6.33e-12	3.45e-07	1.16e-03	9.99e-01
 2.72707e+22	0.00e+00	5.50e-27	3.85e-21	2.83e-16	7.29e-12	3.79e-07	1.21e-03	9.99e-01
 2.75844e+22	0.00e+00	7.06e-27	4.75e-21	3.36e-16	8.31e-12	4.12e-07	1.27e-03	9.99e-01
 2.79281e+22	0.00e+00	9.49e-27	6.10e-21	4.12e-16	9.74e-12	4.57e-07	1.33e-03	9.99e-01
 2.82794e+22	0.00e+00	1.24e-26	7.66e-21	4.95e-16	1.12e-11	5.01e-07	1.39e-03	9.99e-01
 2.85768e+22	0.00e+00	1.58e-26	9.33e-21	5.83e-16	1.27e-11	5.44e-07	1.45e-03	9.99e-01
 2.88995e+22	0.00e+00	2.08e-26	1.18e-20	7.06e-16	1.48e-11	5.98e-07	1.52e-03	9.98e-01
 2.92449e+22	0.00e+00	2.72e-26	1.48e-20	8.49e-16	1.70e-11	6.56e-07	1.59e-03	9.98e-01
 2.95531e+22	0.00e+00	3.48e-26	1.82e-20	1.00e-15	1.93e-11	7.14e-07	1.65e-03	9.98e-01
 2.98239e+22	2.15e-33	4.31e-26	2.18e-20	1.16e-15	2.16e-11	7.69e-07	1.71e-03	9.98e-01
 3.01131e+22	2.86e-33	5.50e-26	2.67e-20	1.38e-15	2.47e-11	8.37e-07	1.78e-03	9.98e-01
 3.04228e+22	3.77e-33	6.98e-26	3.27e-20	1.62e-15	2.80e-11	9.08e-07	1.86e-03	9.98e-01
 3.07024e+22	4.87e-33	8.71e-26	3.93e-20	1.88e-15	3.14e-11	9.80e-07	1.93e-03	9.98e-01
 3.10089e+22	6.60e-33	1.13e-25	4.91e-20	2.26e-15	3.62e-11	1.07e-06	2.01e-03	9.98e-01
 3.13215e+22	8.72e-33	1.44e-25	6.01e-20	2.66e-15	4.10e-11	1.17e-06	2.09e-03	9.98e-01
 3.15845e+22	1.11e-32	1.77e-25	7.16e-20	3.07e-15	4.58e-11	1.25e-06	2.17e-03	9.98e-01
 3.18689e+22	1.47e-32	2.26e-25	8.78e-20	3.63e-15	5.22e-11	1.36e-06	2.26e-03	9.98e-01
 3.21744e+22	1.95e-32	2.87e-25	1.08e-19	4.28e-15	5.92e-11	1.48e-06	2.35e-03	9.98e-01
 3.24508e+22	2.50e-32	3.56e-25	1.29e-19	4.96e-15	6.64e-11	1.60e-06	2.44e-03	9.98e-01
 3.27015e+22	3.15e-32	4.35e-25	1.52e-19	5.69e-15	7.38e-11	1.71e-06	2.52e-03	9.97e-01
 3.29380e+22	3.91e-32	5.24e-25	1.78e-19	6.47e-15	8.15e-11	1.83e-06	2.60e-03	9.97e-01
 3.32080e+22	5.06e-32	6.55e-25	2.15e-19	7.55e-15	9.20e-11	1.98e-06	2.70e-03	9.97e-01
 3.34971e+22	6.58e-32	8.20e-25	2.60e-19	8.80e-15	1.03e-10	2.14e-06	2.81e-03	9.97e-01
 3.37550e+22	8.33e-32	1.01e-24	3.08e-19	1.01e-14	1.15e-10	2.29e-06	2.90e-03	9.97e-01
 3.40342e+22	1.10e-31	1.28e-24	3.77e-19	1.19e-14	1.31e-10	2.49e-06	3.02e-03	9.97e-01
 3.43186e+22	1.42e-31	1.59e-24	4.52e-19	1.38e-14	1.47e-10	2.69e-06	3.14e-03	9.97e-01
 3.45579e+22	1.76e-31	1.91e-24	5.30e-19	1.58e-14	1.62e-10	2.87e-06	3.24e-03	9.97e-01
 3.48173e+22	2.27e-31	2.38e-24	6.38e-19	1.83e-14	1.83e-10	3.10e-06	3.36e-03	9.97e-01
 3.50970e+22	2.93e-31	2.96e-24	7.66e-19	2.13e-14	2.05e-10	3.35e-06	3.49e-03	9.97e-01
 3.53520e+22	3.68e-31	3.61e-24	9.04e-19	2.44e-14	2.27e-10	3.59e-06	3.61e-03	9.96e-01
 3.55872e+22	4.58e-31	4.35e-24	1.06e-18	2.77e-14	2.51e-10	3.83e-06	3.72e-03	9.96e-01
 3.58481e+22	5.89e-31	5.41e-24	1.27e-18	3.22e-14	2.82e-10	4.14e-06	3.86e-03	9.96e-01
 3.61236e+22	7.54e-31	6.68e-24	1.52e-18	3.72e-14	3.15e-10	4.45e-06	4.01e-03	9.96e-01
 3.63666e+22	9.41e-31	8.09e-24	1.78e-18	4.24e-14	3.49e-10	4.76e-06	4.14e-03	9.96e-01
 3.66311e+22	1.22e-30	1.01e-23	2.15e-18	4.95e-14	3.93e-10	5.15e-06	4.30e-03	9.96e-01
 3.69115e+22	1.58e-30	1.26e-23	2.59e-18	5.74e-14	4.41e-10	5.57e-06	4.47e-03	9.96e-01
 3.71525e+22	1.96e-30	1.52e-23	3.02e-18	6.51e-14	4.86e-10	5.94e-06	4.61e-03	9.95e-01
 3.74058e+22	2.52e-30	1.88e-23	3.61e-18	7.55e-14	5.44e-10	6.41e-06	4.78e-03	9.95e-01
 3.76720e+22	3.20e-30	2.31e-23	4.29e-18	8.67e-14	6.05e-10	6.88e-06	4.96e-03	9.95e-01
 3.79085e+22	3.96e-30	2.77e-23	5.00e-18	9.83e-14	6.67e-10	7.34e-06	5.12e-03	9.95e-01
 3.81695e+22	5.13e-30	3.46e-23	6.02e-18	1.14e-13	7.49e-10	7.94e-06	5.32e-03	9.95e-01
 3.84467e+22	6.64e-30	4.31e-23	7.23e-18	1.33e-13	8.38e-10	8.57e-06	5.53e-03	9.94e-01
 3.86923e+22	8.25e-30	5.20e-23	8.45e-18	1.51e-13	9.26e-10	9.16e-06	5.71e-03	9.94e-01
 3.89229e+22	1.03e-29	6.29e-23	9.90e-18	1.71e-13	1.02e-09	9.78e-06	5.90e-03	9.94e-01
 3.91498e+22	1.27e-29	7.51e-23	1.15e-17	1.93e-13	1.12e-09	1.04e-05	6.09e-03	9.94e-01
 3.94076e+22	1.64e-29	9.33e-23	1.38e-17	2.24e-13	1.25e-09	1.12e-05	6.32e-03	9.94e-01
 3.96805e+22	2.12e-29	1.16e-22	1.65e-17	2.59e-13	1.40e-09	1.21e-05	6.57e-03	9.93e-01
 3.99195e+22	2.65e-29	1.40e-22	1.93e-17	2.93e-13	1.53e-09	1.30e-05	6.80e-03	9.93e-01
 4.01388e+22	3.26e-29	1.68e-22	2.24e-17	3.30e-13	1.68e-09	1.38e-05	7.01e-03	9.93e-01
 4.03865e+22	4.18e-29	2.07e-22	2.67e-17	3.81e-13	1.87e-09	1.48e-05	7.28e-03	9.93e-01
 4.06472e+22	5.37e-29	2.56e-22	3.17e-17	4.37e-13	2.07e-09	1.60e-05	7.56e-03	9.92e-01
 4.08725e+22	6.57e-29	3.04e-22	3.66e-17	4.90e-13	2.26e-09	1.70e-05	7.80e-03	9.92e-01
 4.11130e+22	8.50e-29	3.78e-22	4.38e-17	5.66e-13	2.52e-09	1.83e-05	8.11e-03	9.92e-01
 4.13663e+22	1.08e-28	4.61e-22	5.16e-17	6.45e-13	2.77e-09	1.96e-05	8.40e-03	9.92e-01
 4.15968e+22	1.35e-28	5.57e-22	6.03e-17	7.30e-13	3.03e-09	2.09e-05	8.69e-03	9.91e-01
 4.18181e+22	1.68e-28	6.72e-22	7.03e-17	8.24e-13	3.32e-09	2.23e-05	8.99e-03	9.91e-01
 4.20306e+22	2.07e-28	7.99e-22	8.10e-17	9.22e-13	3.60e-09	2.37e-05	9.28e-03	9.91e-01
 4.22703e+22	2.69e-28	9.97e-22	9.71e-17	1.06e-12	4.00e-09	2.55e-05	9.66e-03	9.90e-01
 4.25172e+22	3.40e-28	1.21e-21	1.14e-16	1.21e-12	4.38e-09	2.73e-05	1.00e-02	9.90e-01
 4.27343e+22	4.25e-28	1.46e-21	1.33e-16	1.36e-12	4.77e-09	2.91e-05	1.04e-02	9.90e-01
 4.29773e+22	5.59e-28	1.84e-21	1.60e-16	1.57e-12	5.31e-09	3.14e-05	1.08e-02	9.89e-01
 4.32180e+22	7.01e-28	2.23e-21	1.87e-16	1.77e-12	5.78e-09	3.35e-05	1.12e-02	9.89e-01
 4.34188e+22	8.60e-28	2.64e-21	2.15e-16	1.98e-12	6.24e-09	3.55e-05	1.15e-02	9.88e-01
 4.36429e+22	1.11e-27	3.28e-21	2.56e-16	2.27e-12	6.88e-09	3.82e-05	1.20e-02	9.88e-01
 4.38745e+22	1.41e-27	3.98e-21	2.99e-16	2.56e-12	7.48e-09	4.07e-05	1.24e-02	9.88e-01
 4.40791e+22	1.74e-27	4.76e-21	3.45e-16	2.86e-12	8.10e-09	4.33e-05	1.29e-02	9.87e-01
 4.43085e+22	2.29e-27	5.98e-21	4.15e-16	3.30e-12	8.94e-09	4.67e-05	1.34e-02	9.87e-01
 4.45368e+22	2.88e-27	7.24e-21	4.84e-16	3.71e-12	9.69e-09	4.97e-05	1.39e-02	9.86e-01
 4.47267e+22	3.53e-27	8.57e-21	5.55e-16	4.12e-12	1.04e-08	5.26e-05	1.43e-02	9.86e-01
 4.49367e+22	4.54e-27	1.06e-20	6.56e-16	4.68e-12	1.14e-08	5.63e-05	1.49e-02	9.85e-01
 4.51574e+22	5.71e-27	1.28e-20	7.65e-16	5.27e-12	1.24e-08	6.00e-05	1.54e-02	9.85e-01
 4.53576e+22	7.19e-27	1.55e-20	8.91e-16	5.92e-12	1.34e-08	6.39e-05	1.60e-02	9.84e-01
 4.55517e+22	8.93e-27	1.85e-20	1.03e-15	6.62e-12	1.45e-08	6.78e-05	1.65e-02	9.83e-01
 4.57414e+22	1.11e-26	2.22e-20	1.19e-15	7.38e-12	1.56e-08	7.20e-05	1.71e-02	9.83e-01
 4.59289e+22	1.37e-26	2.64e-20	1.37e-15	8.23e-12	1.68e-08	7.63e-05	1.76e-02	9.82e-01
 4.61443e+22	1.80e-26	3.31e-20	1.64e-15	9.45e-12	1.84e-08	8.22e-05	1.84e-02	9.82e-01
 4.63643e+22	2.30e-26	4.05e-20	1.93e-15	1.07e-11	2.00e-08	8.77e-05	1.90e-02	9.81e-01
 4.65518e+22	2.85e-26	4.84e-20	2.23e-15	1.19e-11	2.15e-08	9.30e-05	1.97e-02	9.80e-01
 4.67570e+22	3.71e-26	6.03e-20	2.66e-15	1.36e-11	2.36e-08	1.00e-04	2.05e-02	9.79e-01
 4.69702e+22	4.72e-26	7.36e-20	3.11e-15	1.54e-11	2.56e-08	1.07e-04	2.12e-02	9.79e-01
 4.71610e+22	5.95e-26	8.92e-20	3.63e-15	1.73e-11	2.77e-08	1.14e-04	2.19e-02	9.78e-01
 4.73452e+22	7.44e-26	1.07e-19	4.21e-15	1.93e-11	2.98e-08	1.21e-04	2.27e-02	9.77e-01
 4.75538e+22	9.93e-26	1.36e-19	5.10e-15	2.23e-11	3.29e-08	1.30e-04	2.37e-02	9.76e-01
 4.77661e+22	1.26e-25	1.66e-19	5.97e-15	2.52e-11	3.56e-08	1.39e-04	2.45e-02	9.75e-01
 4.79834e+22	1.69e-25	2.11e-19	7.26e-15	2.92e-11	3.94e-08	1.50e-04	2.56e-02	9.74e-01
 4.82070e+22	2.20e-25	2.64e-19	8.68e-15	3.35e-11	4.32e-08	1.62e-04	2.66e-02	9.73e-01
 4.83956e+22	2.77e-25	3.19e-19	1.01e-14	3.76e-11	4.66e-08	1.72e-04	2.75e-02	9.72e-01
 4.85976e+22	3.70e-25	4.06e-19	1.23e-14	4.36e-11	5.15e-08	1.86e-04	2.87e-02	9.71e-01
 4.88011e+22	4.73e-25	4.98e-19	1.44e-14	4.93e-11	5.59e-08	1.98e-04	2.97e-02	9.70e-01
 4.89772e+22	5.92e-25	6.00e-19	1.68e-14	5.53e-11	6.05e-08	2.11e-04	3.07e-02	9.69e-01
 4.91429e+22	7.41e-25	7.23e-19	1.95e-14	6.19e-11	6.51e-08	2.23e-04	3.16e-02	9.68e-01
 4.92959e+22	9.05e-25	8.53e-19	2.23e-14	6.86e-11	6.98e-08	2.35e-04	3.25e-02	9.67e-01
 4.94378e+22	1.10e-24	1.00e-18	2.54e-14	7.57e-11	7.45e-08	2.48e-04	3.34e-02	9.66e-01
 4.95705e+22	1.33e-24	1.18e-18	2.89e-14	8.35e-11	7.94e-08	2.60e-04	3.43e-02	9.65e-01
 4.96997e+22	1.60e-24	1.37e-18	3.26e-14	9.16e-11	8.45e-08	2.73e-04	3.52e-02	9.65e-01
 4.98258e+22	1.91e-24	1.59e-18	3.68e-14	1.00e-10	8.98e-08	2.86e-04	3.61e-02	9.64e-01
 4.99491e+22	2.29e-24	1.85e-18	4.15e-14	1.10e-10	9.55e-08	3.00e-04	3.70e-02	9.63e-01
 5.00720e+22	2.75e-24	2.15e-18	4.70e-14	1.21e-10	1.02e-07	3.14e-04	3.79e-02	9.62e-01
 5.01948e+22	3.30e-24	2.51e-18	5.32e-14	1.33e-10	1.08e-07	3.29e-04	3.88e-02	9.61e-01
 5.03124e+22	3.94e-24	2.91e-18	5.99e-14	1.45e-10	1.15e-07	3.45e-04	3.97e-02	9.60e-01
 5.04237e+22	4.71e-24	3.37e-18	6.76e-14	1.59e-10	1.22e-07	3.61e-04	4.07e-02	9.59e-01
 5.05336e+22	5.59e-24	3.89e-18	7.59e-14	1.74e-10	1.30e-07	3.77e-04	4.16e-02	9.58e-01
 5.06598e+22	6.94e-24	4.67e-18	8.79e-14	1.95e-10	1.40e-07	3.98e-04	4.28e-02	9.57e-01
 5.07892e+22	8.50e-24	5.53e-18	1.01e-13	2.16e-10	1.50e-07	4.19e-04	4.39e-02	9.56e-01
 5.09002e+22	1.02e-23	6.42e-18	1.14e-13	2.37e-10	1.59e-07	4.38e-04	4.49e-02	9.55e-01
 5.10030e+22	1.20e-23	7.41e-18	1.28e-13	2.59e-10	1.69e-07	4.57e-04	4.59e-02	9.54e-01
 5.11173e+22	1.50e-23	8.88e-18	1.48e-13	2.89e-10	1.82e-07	4.82e-04	4.72e-02	9.52e-01
 5.12324e+22	1.78e-23	1.03e-17	1.67e-13	3.17e-10	1.93e-07	5.04e-04	4.82e-02	9.51e-01
 5.13331e+22	2.16e-23	1.21e-17	1.91e-13	3.51e-10	2.07e-07	5.28e-04	4.94e-02	9.50e-01
 5.14312e+22	2.58e-23	1.41e-17	2.15e-13	3.85e-10	2.20e-07	5.51e-04	5.05e-02	9.49e-01
 5.15413e+22	3.23e-23	1.70e-17	2.51e-13	4.32e-10	2.38e-07	5.82e-04	5.18e-02	9.48e-01
 5.16548e+22	3.98e-23	2.02e-17	2.89e-13	4.82e-10	2.55e-07	6.12e-04	5.32e-02	9.46e-01
 5.17541e+22	4.80e-23	2.37e-17	3.29e-13	5.32e-10	2.73e-07	6.40e-04	5.43e-02	9.45e-01
 5.18642e+22	6.22e-23	2.95e-17	3.93e-13	6.09e-10	2.98e-07	6.80e-04	5.60e-02	9.43e-01
 5.19712e+22	7.35e-23	3.40e-17	4.41e-13	6.65e-10	3.16e-07	7.08e-04	5.71e-02	9.42e-01
 5.20741e+22	9.61e-23	4.26e-17	5.30e-13	7.65e-10	3.47e-07	7.53e-04	5.89e-02	9.40e-01
 5.21765e+22	1.15e-22	4.96e-17	6.01e-13	8.41e-10	3.70e-07	7.86e-04	6.01e-02	9.39e-01
 5.22781e+22	1.48e-22	6.15e-17	7.17e-13	9.62e-10	4.04e-07	8.33e-04	6.19e-02	9.37e-01
 5.23796e+22	1.81e-22	7.28e-17	8.23e-13	1.07e-09	4.34e-07	8.73e-04	6.33e-02	9.36e-01
 5.24811e+22	2.39e-22	9.20e-17	9.97e-13	1.24e-09	4.77e-07	9.29e-04	6.53e-02	9.34e-01
 5.25815e+22	2.90e-22	1.08e-16	1.14e-12	1.37e-09	5.11e-07	9.72e-04	6.67e-02	9.32e-01
 5.26805e+22	3.85e-22	1.38e-16	1.39e-12	1.59e-09	5.65e-07	1.04e-03	6.88e-02	9.30e-01
 5.27796e+22	4.72e-22	1.64e-16	1.60e-12	1.77e-09	6.07e-07	1.08e-03	7.03e-02	9.29e-01
 5.28787e+22	6.34e-22	2.11e-16	1.97e-12	2.07e-09	6.73e-07	1.16e-03	7.26e-02	9.26e-01
 5.29785e+22	7.86e-22	2.53e-16	2.28e-12	2.32e-09	7.27e-07	1.22e-03	7.43e-02	9.25e-01
 5.30791e+22	1.05e-21	3.25e-16	2.81e-12	2.72e-09	8.07e-07	1.30e-03	7.66e-02	9.22e-01
 5.31789e+22	1.32e-21	3.93e-16	3.28e-12	3.06e-09	8.73e-07	1.36e-03	7.85e-02	9.20e-01
 5.32776e+22	1.78e-21	5.07e-16	4.05e-12	3.59e-09	9.71e-07	1.46e-03	8.10e-02	9.18e-01
 5.33778e+22	2.26e-21	6.21e-16	4.78e-12	4.08e-09	1.06e-06	1.54e-03	8.30e-02	9.15e-01
 5.34800e+22	3.09e-21	8.13e-16	5.97e-12	4.83e-09	1.18e-06	1.65e-03	8.58e-02	9.13e-01
 5.35834e+22	3.97e-21	1.00e-15	7.10e-12	5.52e-09	1.29e-06	1.74e-03	8.80e-02	9.10e-01
 5.36883e+22	5.51e-21	1.33e-15	8.95e-12	6.58e-09	1.45e-06	1.87e-03	9.11e-02	9.07e-01
 5.37938e+22	7.09e-21	1.65e-15	1.07e-11	7.53e-09	1.59e-06	1.98e-03	9.35e-02	9.04e-01
 5.38848e+22	9.08e-21	2.04e-15	1.27e-11	8.61e-09	1.74e-06	2.09e-03	9.60e-02	9.02e-01
 5.39878e+22	1.26e-20	2.70e-15	1.60e-11	1.03e-08	1.96e-06	2.25e-03	9.93e-02	8.98e-01
 5.40907e+22	1.59e-20	3.30e-15	1.89e-11	1.16e-08	2.13e-06	2.37e-03	1.02e-01	8.96e-01
 5.41932e+22	2.20e-20	4.34e-15	2.37e-11	1.38e-08	2.39e-06	2.54e-03	1.05e-01	8.92e-01
 5.42969e+22	2.77e-20	5.29e-15	2.80e-11	1.57e-08	2.60e-06	2.68e-03	1.08e-01	8.90e-01
 5.44020e+22	3.83e-20	6.97e-15	3.51e-11	1.87e-08	2.93e-06	2.88e-03	1.11e-01	8.86e-01
 5.45089e+22	4.84e-20	8.53e-15	4.15e-11	2.12e-08	3.19e-06	3.04e-03	1.14e-01	8.83e-01
 5.46182e+22	6.61e-20	1.11e-14	5.18e-11	2.51e-08	3.58e-06	3.26e-03	1.18e-01	8.79e-01
 5.47313e+22	8.52e-20	1.38e-14	6.20e-11	2.89e-08	3.93e-06	3.46e-03	1.21e-01	8.75e-01
 5.48492e+22	1.18e-19	1.83e-14	7.80e-11	3.44e-08	4.43e-06	3.72e-03	1.25e-01	8.71e-01
 5.49697e+22	1.52e-19	2.27e-14	9.35e-11	3.96e-08	4.87e-06	3.95e-03	1.29e-01	8.67e-01
 5.50771e+22	1.94e-19	2.80e-14	1.11e-10	4.53e-08	5.34e-06	4.18e-03	1.32e-01	8.64e-01
 5.51998e+22	2.65e-19	3.67e-14	1.39e-10	5.38e-08	6.01e-06	4.50e-03	1.37e-01	8.59e-01
 5.53241e+22	3.38e-19	4.51e-14	1.65e-10	6.14e-08	6.58e-06	4.76e-03	1.40e-01	8.55e-01
 5.54507e+22	4.60e-19	5.88e-14	2.06e-10	7.28e-08	7.40e-06	5.12e-03	1.45e-01	8.50e-01
 5.55736e+22	5.69e-19	7.07e-14	2.40e-10	8.20e-08	8.03e-06	5.39e-03	1.48e-01	8.46e-01
 5.56918e+22	7.54e-19	8.99e-14	2.94e-10	9.58e-08	8.94e-06	5.76e-03	1.53e-01	8.41e-01
 5.58123e+22	9.30e-19	1.08e-13	3.41e-10	1.08e-07	9.70e-06	6.06e-03	1.56e-01	8.38e-01
 5.59357e+22	1.24e-18	1.38e-13	4.19e-10	1.26e-07	1.08e-05	6.49e-03	1.61e-01	8.32e-01
 5.60608e+22	1.52e-18	1.64e-13	4.85e-10	1.41e-07	1.17e-05	6.82e-03	1.65e-01	8.28e-01
 5.61882e+22	2.01e-18	2.09e-13	5.94e-10	1.66e-07	1.31e-05	7.31e-03	1.70e-01	8.23e-01
 5.63133e+22	2.43e-18	2.46e-13	6.80e-10	1.84e-07	1.41e-05	7.65e-03	1.74e-01	8.19e-01
 5.64356e+22	3.15e-18	3.08e-13	8.21e-10	2.13e-07	1.56e-05	8.16e-03	1.79e-01	8.13e-01
 5.65604e+22	3.82e-18	3.63e-13	9.41e-10	2.37e-07	1.68e-05	8.55e-03	1.82e-01	8.09e-01
 5.66884e+22	4.95e-18	4.54e-13	1.14e-09	2.75e-07	1.87e-05	9.12e-03	1.88e-01	8.03e-01
 5.68188e+22	6.02e-18	5.37e-13	1.31e-09	3.07e-07	2.02e-05	9.58e-03	1.92e-01	7.99e-01
 5.69525e+22	7.83e-18	6.74e-13	1.58e-09	3.56e-07	2.24e-05	1.02e-02	1.97e-01	7.93e-01
 5.70885e+22	9.51e-18	7.97e-13	1.82e-09	3.98e-07	2.42e-05	1.07e-02	2.01e-01	7.88e-01
 5.72275e+22	1.24e-17	1.00e-12	2.20e-09	4.63e-07	2.69e-05	1.15e-02	2.07e-01	7.81e-01
 5.73692e+22	1.51e-17	1.19e-12	2.54e-09	5.18e-07	2.91e-05	1.20e-02	2.12e-01	7.76e-01
 5.75144e+22	1.96e-17	1.49e-12	3.07e-09	6.02e-07	3.24e-05	1.29e-02	2.18e-01	7.69e-01
 5.76562e+22	2.33e-17	1.73e-12	3.48e-09	6.64e-07	3.47e-05	1.35e-02	2.22e-01	7.65e-01
 5.77938e+22	2.99e-17	2.14e-12	4.17e-09	7.66e-07	3.84e-05	1.43e-02	2.28e-01	7.58e-01
 5.79335e+22	3.56e-17	2.49e-12	4.73e-09	8.46e-07	4.13e-05	1.50e-02	2.32e-01	7.53e-01
 5.80762e+22	4.52e-17	3.06e-12	5.63e-09	9.72e-07	4.55e-05	1.59e-02	2.38e-01	7.46e-01
 5.82233e+22	5.49e-17	3.61e-12	6.48e-09	1.09e-06	4.93e-05	1.67e-02	2.43e-01	7.40e-01
 5.83763e+22	6.97e-17	4.44e-12	7.71e-09	1.25e-06	5.44e-05	1.78e-02	2.49e-01	7.33e-01
 5.85343e+22	8.54e-17	5.30e-12	8.94e-09	1.40e-06	5.91e-05	1.87e-02	2.55e-01	7.27e-01
 5.86989e+22	1.10e-16	6.56e-12	1.07e-08	1.62e-06	6.55e-05	1.99e-02	2.61e-01	7.19e-01
 5.88681e+22	1.35e-16	7.86e-12	1.25e-08	1.82e-06	7.14e-05	2.10e-02	2.67e-01	7.12e-01
 5.90432e+22	1.74e-16	9.80e-12	1.50e-08	2.12e-06	7.93e-05	2.25e-02	2.74e-01	7.03e-01
 5.92243e+22	2.17e-16	1.18e-11	1.76e-08	2.40e-06	8.68e-05	2.37e-02	2.80e-01	6.96e-01
 5.94130e+22	2.83e-16	1.49e-11	2.13e-08	2.80e-06	9.70e-05	2.54e-02	2.88e-01	6.86e-01
 5.96063e+22	3.54e-16	1.81e-11	2.51e-08	3.19e-06	1.06e-04	2.69e-02	2.95e-01	6.78e-01
 5.97794e+22	4.37e-16	2.17e-11	2.92e-08	3.60e-06	1.16e-04	2.84e-02	3.01e-01	6.71e-01
 5.99783e+22	5.84e-16	2.78e-11	3.61e-08	4.26e-06	1.31e-04	3.05e-02	3.09e-01	6.60e-01
 6.01784e+22	7.19e-16	3.33e-11	4.20e-08	4.80e-06	1.43e-04	3.22e-02	3.16e-01	6.52e-01
 6.03802e+22	9.54e-16	4.25e-11	5.16e-08	5.66e-06	1.60e-04	3.46e-02	3.24e-01	6.41e-01
 6.05862e+22	1.20e-15	5.17e-11	6.08e-08	6.45e-06	1.76e-04	3.66e-02	3.31e-01	6.32e-01
 6.07978e+22	1.60e-15	6.64e-11	7.51e-08	7.64e-06	1.99e-04	3.94e-02	3.40e-01	6.20e-01
 6.10126e+22	2.02e-15	8.13e-11	8.91e-08	8.75e-06	2.19e-04	4.18e-02	3.48e-01	6.10e-01
 6.12316e+22	2.75e-15	1.06e-10	1.11e-07	1.05e-05	2.49e-04	4.51e-02	3.57e-01	5.97e-01
 6.14386e+22	3.36e-15	1.26e-10	1.29e-07	1.18e-05	2.70e-04	4.74e-02	3.64e-01	5.89e-01
 6.16302e+22	4.40e-15	1.59e-10	1.57e-07	1.38e-05	3.03e-04	5.07e-02	3.72e-01	5.77e-01
 6.18232e+22	5.38e-15	1.89e-10	1.82e-07	1.55e-05	3.29e-04	5.33e-02	3.78e-01	5.68e-01
 6.20182e+22	7.10e-15	2.41e-10	2.23e-07	1.83e-05	3.70e-04	5.71e-02	3.87e-01	5.55e-01
 6.22150e+22	8.75e-15	2.89e-10	2.60e-07	2.07e-05	4.04e-04	6.02e-02	3.94e-01	5.45e-01
 6.24142e+22	1.16e-14	3.69e-10	3.21e-07	2.44e-05	4.56e-04	6.46e-02	4.03e-01	5.32e-01
 6.26161e+22	1.44e-14	4.45e-10	3.76e-07	2.78e-05	4.99e-04	6.81e-02	4.10e-01	5.22e-01
 6.28217e+22	1.93e-14	5.74e-10	4.67e-07	3.31e-05	5.66e-04	7.33e-02	4.19e-01	5.07e-01
 6.30302e+22	2.40e-14	6.95e-10	5.49e-07	3.78e-05	6.22e-04	7.74e-02	4.26e-01	4.96e-01
 6.32423e+22	3.23e-14	8.99e-10	6.85e-07	4.52e-05	7.07e-04	8.33e-02	4.35e-01	4.81e-01
 6.34591e+22	4.08e-14	1.10e-09	8.16e-07	5.21e-05	7.83e-04	8.84e-02	4.42e-01	4.69e-01
 6.36821e+22	5.54e-14	1.44e-09	1.03e-06	6.30e-05	8.97e-04	9.54e-02	4.51e-01	4.53e-01
 6.39081e+22	7.04e-14	1.78e-09	1.23e-06	7.31e-05	9.98e-04	1.01e-01	4.58e-01	4.40e-01
 6.41318e+22	9.44e-14	2.30e-09	1.54e-06	8.79e-05	1.14e-03	1.09e-01	4.66e-01	4.23e-01
 6.43454e+22	1.16e-13	2.76e-09	1.80e-06	1.00e-04	1.25e-03	1.15e-01	4.72e-01	4.12e-01
 6.45523e+22	1.52e-13	3.51e-09	2.22e-06	1.20e-04	1.42e-03	1.23e-01	4.79e-01	3.96e-01
 6.47631e+22	1.88e-13	4.23e-09	2.62e-06	1.37e-04	1.57e-03	1.30e-01	4.84e-01	3.84e-01
 6.49693e+22	2.42e-13	5.28e-09	3.19e-06	1.62e-04	1.77e-03	1.39e-01	4.90e-01	3.68e-01
 6.51798e+22	2.99e-13	6.38e-09	3.77e-06	1.87e-04	1.97e-03	1.47e-01	4.95e-01	3.55e-01
 6.53850e+22	3.76e-13	7.81e-09	4.52e-06	2.19e-04	2.21e-03	1.57e-01	5.00e-01	3.41e-01
 6.55941e+22	4.64e-13	9.43e-09	5.35e-06	2.53e-04	2.46e-03	1.66e-01	5.04e-01	3.28e-01
 6.58015e+22	5.72e-13	1.14e-08	6.35e-06	2.94e-04	2.74e-03	1.76e-01	5.07e-01	3.14e-01
 6.60099e+22	6.99e-13	1.36e-08	7.48e-06	3.40e-04	3.05e-03	1.86e-01	5.10e-01	3.01e-01
 6.62160e+22	8.48e-13	1.63e-08	8.78e-06	3.91e-04	3.39e-03	1.96e-01	5.13e-01	2.88e-01
 6.64216e+22	1.02e-12	1.93e-08	1.03e-05	4.50e-04	3.76e-03	2.06e-01	5.14e-01	2.75e-01
 6.66278e+22	1.22e-12	2.27e-08	1.20e-05	5.16e-04	4.17e-03	2.17e-01	5.15e-01	2.62e-01
 6.68349e+22	1.46e-12	2.67e-08	1.39e-05	5.91e-04	4.61e-03	2.29e-01	5.16e-01	2.50e-01
 6.70433e+22	1.73e-12	3.12e-08	1.61e-05	6.76e-04	5.10e-03	2.40e-01	5.16e-01	2.38e-01
 6.72537e+22	2.04e-12	3.64e-08	1.86e-05	7.72e-04	5.63e-03	2.52e-01	5.15e-01	2.26e-01
 6.74667e+22	2.39e-12	4.23e-08	2.15e-05	8.80e-04	6.22e-03	2.64e-01	5.14e-01	2.15e-01
 6.76807e+22	2.79e-12	4.88e-08	2.47e-05	1.00e-03	6.86e-03	2.77e-01	5.12e-01	2.04e-01
 6.78983e+22	3.25e-12	5.64e-08	2.83e-05	1.14e-03	7.57e-03	2.90e-01	5.09e-01	1.93e-01
 6.81185e+22	3.76e-12	6.48e-08	3.24e-05	1.29e-03	8.32e-03	3.03e-01	5.05e-01	1.82e-01
 6.83431e+22	4.35e-12	7.45e-08	3.72e-05	1.47e-03	9.19e-03	3.17e-01	5.01e-01	1.72e-01
 6.85515e+22	4.89e-12	8.32e-08	4.14e-05	1.62e-03	9.92e-03	3.27e-01	4.98e-01	1.63e-01
 6.87658e+22	5.64e-12	9.56e-08	4.75e-05	1.84e-03	1.10e-02	3.42e-01	4.92e-01	1.53e-01
 6.89844e+22	6.31e-12	1.07e-07	5.29e-05	2.04e-03	1.18e-02	3.54e-01	4.87e-01	1.45e-01
 6.92084e+22	7.24e-12	1.22e-07	6.06e-05	2.32e-03	1.31e-02	3.69e-01	4.80e-01	1.35e-01
 6.94331e+22	8.08e-12	1.36e-07	6.72e-05	2.55e-03	1.41e-02	3.80e-01	4.75e-01	1.29e-01
 6.96585e+22	9.21e-12	1.54e-07	7.66e-05	2.89e-03	1.55e-02	3.95e-01	4.67e-01	1.20e-01
 6.98854e+22	1.02e-11	1.71e-07	8.46e-05	3.17e-03	1.67e-02	4.07e-01	4.60e-01	1.13e-01
 7.01143e+22	1.16e-11	1.94e-07	9.61e-05	3.57e-03	1.83e-02	4.21e-01	4.52e-01	1.05e-01
 7.03453e+22	1.28e-11	2.14e-07	1.06e-04	3.91e-03	1.96e-02	4.33e-01	4.44e-01	9.92e-02
 7.05788e+22	1.45e-11	2.42e-07	1.20e-04	4.39e-03	2.15e-02	4.48e-01	4.35e-01	9.18e-02
 7.08153e+22	1.60e-11	2.67e-07	1.33e-04	4.80e-03	2.30e-02	4.59e-01	4.27e-01	8.64e-02
 7.10556e+22	1.81e-11	3.01e-07	1.50e-04	5.38e-03	2.51e-02	4.73e-01	4.16e-01	7.97e-02
 7.13000e+22	2.00e-11	3.32e-07	1.66e-04	5.88e-03	2.69e-02	4.85e-01	4.08e-01	7.47e-02
 7.15497e+22	2.25e-11	3.76e-07	1.88e-04	6.59e-03	2.94e-02	4.99e-01	3.96e-01	6.86e-02
 7.18048e+22	2.50e-11	4.16e-07	2.08e-04	7.20e-03	3.15e-02	5.10e-01	3.87e-01	6.40e-02
 7.20669e+22	2.82e-11	4.71e-07	2.37e-04	8.07e-03	3.44e-02	5.24e-01	3.75e-01	5.84e-02
 7.23350e+22	3.14e-11	5.24e-07	2.63e-04	8.83e-03	3.68e-02	5.35e-01	3.65e-01	5.43e-02
 7.25612e+22	3.44e-11	5.73e-07	2.88e-04	9.56e-03	3.91e-02	5.44e-01	3.56e-01	5.09e-02
 7.28054e+22	3.86e-11	6.43e-07	3.23e-04	1.06e-02	4.22e-02	5.56e-01	3.44e-01	4.66e-02
 7.30531e+22	4.24e-11	7.06e-07	3.55e-04	1.14e-02	4.47e-02	5.65e-01	3.35e-01	4.35e-02
 7.32671e+22	4.62e-11	7.71e-07	3.87e-04	1.23e-02	4.73e-02	5.73e-01	3.26e-01	4.07e-02
 7.35071e+22	5.15e-11	8.60e-07	4.33e-04	1.35e-02	5.08e-02	5.83e-01	3.15e-01	3.73e-02
 7.37460e+22	5.66e-11	9.42e-07	4.73e-04	1.45e-02	5.35e-02	5.90e-01	3.07e-01	3.49e-02
 7.39836e+22	6.29e-11	1.05e-06	5.28e-04	1.58e-02	5.72e-02	5.99e-01	2.96e-01	3.20e-02
 7.42246e+22	6.93e-11	1.15e-06	5.77e-04	1.70e-02	6.02e-02	6.05e-01	2.87e-01	2.98e-02
 7.44699e+22	7.75e-11	1.29e-06	6.46e-04	1.86e-02	6.44e-02	6.13e-01	2.76e-01	2.72e-02
 7.47196e+22	8.60e-11	1.42e-06	7.09e-04	1.99e-02	6.77e-02	6.19e-01	2.67e-01	2.53e-02
 7.49750e+22	9.64e-11	1.59e-06	7.96e-04	2.18e-02	7.24e-02	6.26e-01	2.56e-01	2.30e-02
 7.52343e+22	1.07e-10	1.77e-06	8.76e-04	2.35e-02	7.61e-02	6.31e-01	2.47e-01	2.13e-02
 7.54987e+22	1.21e-10	1.99e-06	9.88e-04	2.57e-02	8.13e-02	6.37e-01	2.36e-01	1.92e-02
 7.57696e+22	1.36e-10	2.22e-06	1.09e-03	2.76e-02	8.55e-02	6.41e-01	2.27e-01	1.77e-02
 7.60487e+22	1.55e-10	2.52e-06	1.24e-03	3.03e-02	9.14e-02	6.45e-01	2.16e-01	1.59e-02
 7.63339e+22	1.74e-10	2.82e-06	1.37e-03	3.27e-02	9.61e-02	6.48e-01	2.07e-01	1.46e-02
 7.66269e+22	2.02e-10	3.24e-06	1.57e-03	3.59e-02	1.03e-01	6.51e-01	1.96e-01	1.30e-02
 7.69234e+22	2.29e-10	3.64e-06	1.75e-03	3.87e-02	1.08e-01	6.53e-01	1.87e-01	1.18e-02
 7.72245e+22	2.65e-10	4.20e-06	2.00e-03	4.26e-02	1.15e-01	6.54e-01	1.76e-01	1.05e-02
 7.75291e+22	3.03e-10	4.74e-06	2.23e-03	4.58e-02	1.21e-01	6.54e-01	1.68e-01	9.53e-03
 7.78382e+22	3.53e-10	5.49e-06	2.56e-03	5.04e-02	1.28e-01	6.53e-01	1.57e-01	8.39e-03
 7.81400e+22	4.03e-10	6.17e-06	2.83e-03	5.39e-02	1.34e-01	6.51e-01	1.50e-01	7.67e-03
 7.84325e+22	4.66e-10	7.09e-06	3.23e-03	5.88e-02	1.42e-01	6.49e-01	1.41e-01	6.77e-03
 7.87348e+22	5.37e-10	8.03e-06	3.60e-03	6.31e-02	1.48e-01	6.46e-01	1.34e-01	6.14e-03
 7.89930e+22	6.04e-10	8.94e-06	3.96e-03	6.71e-02	1.53e-01	6.42e-01	1.28e-01	5.61e-03
 7.92717e+22	6.99e-10	1.02e-05	4.47e-03	7.26e-02	1.61e-01	6.37e-01	1.20e-01	4.98e-03
 7.95504e+22	7.88e-10	1.14e-05	4.92e-03	7.72e-02	1.67e-01	6.33e-01	1.14e-01	4.53e-03
 7.98294e+22	9.18e-10	1.31e-05	5.54e-03	8.32e-02	1.74e-01	6.26e-01	1.07e-01	4.04e-03
 8.01194e+22	1.04e-09	1.47e-05	6.15e-03	8.88e-02	1.81e-01	6.20e-01	1.01e-01	3.62e-03
 8.03784e+22	1.19e-09	1.65e-05	6.78e-03	9.43e-02	1.87e-01	6.13e-01	9.52e-02	3.29e-03
 8.06698e+22	1.40e-09	1.90e-05	7.65e-03	1.02e-01	1.95e-01	6.04e-01	8.88e-02	2.90e-03
 8.09761e+22	1.62e-09	2.16e-05	8.54e-03	1.09e-01	2.02e-01	5.95e-01	8.31e-02	2.58e-03
 8.12544e+22	1.86e-09	2.44e-05	9.46e-03	1.16e-01	2.08e-01	5.86e-01	7.80e-02	2.31e-03
 8.15688e+22	2.22e-09	2.84e-05	1.08e-02	1.25e-01	2.16e-01	5.74e-01	7.19e-02	2.01e-03
 8.18926e+22	2.58e-09	3.25e-05	1.20e-02	1.33e-01	2.23e-01	5.63e-01	6.68e-02	1.77e-03
 8.21802e+22	2.99e-09	3.69e-05	1.33e-02	1.41e-01	2.30e-01	5.52e-01	6.23e-02	1.57e-03
 8.25059e+22	3.59e-09	4.32e-05	1.52e-02	1.52e-01	2.38e-01	5.36e-01	5.68e-02	1.35e-03
 8.28407e+22	4.20e-09	4.94e-05	1.70e-02	1.62e-01	2.44e-01	5.23e-01	5.25e-02	1.18e-03
 8.31876e+22	5.13e-09	5.86e-05	1.94e-02	1.75e-01	2.52e-01	5.05e-01	4.74e-02	9.96e-04
 8.35406e+22	6.08e-09	6.75e-05	2.17e-02	1.86e-01	2.58e-01	4.90e-01	4.35e-02	8.66e-04
 8.39015e+22	7.47e-09	8.04e-05	2.50e-02	2.00e-01	2.66e-01	4.69e-01	3.87e-02	7.18e-04
 8.42664e+22	8.87e-09	9.26e-05	2.79e-02	2.12e-01	2.71e-01	4.53e-01	3.54e-02	6.20e-04
 8.46368e+22	1.10e-08	1.11e-04	3.20e-02	2.28e-01	2.77e-01	4.31e-01	3.13e-02	5.10e-04
 8.50105e+22	1.31e-08	1.28e-04	3.57e-02	2.41e-01	2.81e-01	4.14e-01	2.83e-02	4.35e-04
 8.53887e+22	1.63e-08	1.53e-04	4.08e-02	2.57e-01	2.86e-01	3.91e-01	2.48e-02	3.55e-04
 8.57718e+22	1.95e-08	1.77e-04	4.55e-02	2.71e-01	2.88e-01	3.72e-01	2.22e-02	2.99e-04
 8.61612e+22	2.45e-08	2.13e-04	5.21e-02	2.89e-01	2.91e-01	3.49e-01	1.92e-02	2.40e-04
 8.65538e+22	2.95e-08	2.46e-04	5.78e-02	3.03e-01	2.92e-01	3.30e-01	1.71e-02	2.01e-04
 8.69504e+22	3.72e-08	2.96e-04	6.59e-02	3.21e-01	2.92e-01	3.06e-01	1.46e-02	1.59e-04
 8.73524e+22	4.49e-08	3.43e-04	7.31e-02	3.35e-01	2.92e-01	2.87e-01	1.29e-02	1.31e-04
 8.77615e+22	5.72e-08	4.15e-04	8.32e-02	3.53e-01	2.89e-01	2.63e-01	1.09e-02	1.02e-04
 8.81744e+22	6.93e-08	4.81e-04	9.18e-02	3.66e-01	2.87e-01	2.45e-01	9.46e-03	8.33e-05
 8.85926e+22	8.87e-08	5.81e-04	1.04e-01	3.83e-01	2.82e-01	2.22e-01	7.87e-03	6.37e-05
 8.90164e+22	1.08e-07	6.74e-04	1.14e-01	3.96e-01	2.77e-01	2.05e-01	6.78e-03	5.13e-05
 8.93855e+22	1.31e-07	7.77e-04	1.25e-01	4.08e-01	2.72e-01	1.89e-01	5.83e-03	4.14e-05
 8.97380e+22	1.56e-07	8.87e-04	1.36e-01	4.18e-01	2.66e-01	1.75e-01	5.07e-03	3.39e-05
 9.00731e+22	1.85e-07	1.01e-03	1.47e-01	4.27e-01	2.60e-01	1.61e-01	4.40e-03	2.77e-05
 9.04507e+22	2.30e-07	1.18e-03	1.62e-01	4.37e-01	2.51e-01	1.45e-01	3.67e-03	2.14e-05
 9.08275e+22	2.73e-07	1.34e-03	1.74e-01	4.44e-01	2.44e-01	1.33e-01	3.16e-03	1.74e-05
 9.12035e+22	3.38e-07	1.56e-03	1.90e-01	4.52e-01	2.34e-01	1.19e-01	2.62e-03	1.33e-05
 9.15864e+22	4.03e-07	1.77e-03	2.04e-01	4.58e-01	2.26e-01	1.09e-01	2.23e-03	1.07e-05
 9.19784e+22	5.03e-07	2.08e-03	2.22e-01	4.63e-01	2.15e-01	9.60e-02	1.82e-03	8.01e-06
 9.23742e+22	6.02e-07	2.36e-03	2.38e-01	4.66e-01	2.06e-01	8.66e-02	1.53e-03	6.33e-06
 9.25594e+22	6.09e-07	2.37e-03	2.39e-01	4.66e-01	2.05e-01	8.61e-02	1.51e-03	6.23e-06
