#depth	S	S+	S+2	S+3	S+4	S+5	S+6	S+7	S+8	S+9	S+10	S+11	S+12	S+13	S+14	S+15	S+16
 4.62852e+21	0.00e+00	0.00e+00	0.00e+00	0.00e+00	0.00e+00	0.00e+00	0.00e+00	0.00e+00	8.37e-26	5.52e-22	2.18e-18	4.51e-15	5.83e-12	7.92e-09	2.14e-05	8.22e-03	9.92e-01
 1.05236e+22	0.00e+00	0.00e+00	0.00e+00	0.00e+00	0.00e+00	0.00e+00	0.00e+00	1.31e-28	1.47e-24	6.74e-21	1.89e-17	2.73e-14	2.46e-11	2.33e-08	4.39e-05	1.17e-02	9.88e-01
 1.26318e+22	0.00e+00	0.00e+00	0.00e+00	0.00e+00	0.00e+00	0.00e+00	0.00e+00	1.12e-27	9.83e-24	3.55e-20	7.84e-17	8.89e-14	6.32e-11	4.73e-08	7.03e-05	1.48e-02	9.85e-01
 1.41467e+22	0.00e+00	0.00e+00	0.00e+00	0.00e+00	0.00e+00	0.00e+00	3.34e-31	6.17e-27	4.47e-23	1.33e-19	2.43e-16	2.28e-13	1.34e-10	8.31e-08	1.02e-04	1.79e-02	9.82e-01
 1.50272e+22	0.00e+00	0.00e+00	0.00e+00	0.00e+00	0.00e+00	0.00e+00	6.03e-31	1.05e-26	7.17e-23	2.01e-19	3.46e-16	3.05e-13	1.70e-10	9.91e-08	1.15e-04	1.90e-02	9.81e-01
 1.55038e+22	0.00e+00	0.00e+00	0.00e+00	0.00e+00	0.00e+00	0.00e+00	1.24e-30	2.00e-26	1.27e-22	3.32e-19	5.31e-16	4.36e-13	2.25e-10	1.23e-07	1.32e-04	2.03e-02	9.80e-01
 1.60255e+22	0.00e+00	0.00e+00	0.00e+00	0.00e+00	0.00e+00	0.00e+00	2.50e-30	3.76e-26	2.22e-22	5.44e-19	8.10e-16	6.19e-13	2.98e-10	1.51e-07	1.52e-04	2.18e-02	9.78e-01
 1.65189e+22	0.00e+00	0.00e+00	0.00e+00	0.00e+00	0.00e+00	0.00e+00	4.94e-30	6.92e-26	3.82e-22	8.72e-19	1.21e-15	8.65e-13	3.90e-10	1.85e-07	1.74e-04	2.33e-02	9.77e-01
 1.70733e+22	0.00e+00	0.00e+00	0.00e+00	0.00e+00	0.00e+00	0.00e+00	1.22e-29	1.56e-25	7.86e-22	1.64e-18	2.08e-15	1.35e-12	5.58e-10	2.42e-07	2.08e-04	2.54e-02	9.74e-01
 1.76190e+22	0.00e+00	0.00e+00	0.00e+00	0.00e+00	0.00e+00	0.00e+00	2.25e-29	2.70e-25	1.28e-21	2.51e-18	2.98e-15	1.83e-12	7.09e-10	2.89e-07	2.35e-04	2.70e-02	9.73e-01
 1.81537e+22	0.00e+00	0.00e+00	0.00e+00	0.00e+00	0.00e+00	0.00e+00	5.46e-29	5.99e-25	2.58e-21	4.63e-18	5.04e-15	2.83e-12	1.00e-09	3.76e-07	2.79e-04	2.94e-02	9.70e-01
 1.86852e+22	0.00e+00	0.00e+00	0.00e+00	0.00e+00	0.00e+00	0.00e+00	1.00e-28	1.03e-24	4.18e-21	7.05e-18	7.22e-15	3.81e-12	1.28e-09	4.49e-07	3.14e-04	3.11e-02	9.69e-01
 1.91249e+22	0.00e+00	0.00e+00	0.00e+00	0.00e+00	0.00e+00	0.00e+00	1.80e-28	1.75e-24	6.67e-21	1.06e-17	1.02e-14	5.09e-12	1.61e-09	5.34e-07	3.52e-04	3.29e-02	9.67e-01
 1.95379e+22	0.00e+00	0.00e+00	0.00e+00	0.00e+00	0.00e+00	0.00e+00	3.19e-28	2.92e-24	1.05e-20	1.58e-17	1.44e-14	6.74e-12	2.01e-09	6.32e-07	3.94e-04	3.48e-02	9.65e-01
 1.99424e+22	0.00e+00	0.00e+00	0.00e+00	0.00e+00	0.00e+00	0.00e+00	5.60e-28	4.84e-24	1.65e-20	2.33e-17	2.00e-14	8.88e-12	2.51e-09	7.45e-07	4.40e-04	3.67e-02	9.63e-01
 2.03455e+22	0.00e+00	0.00e+00	0.00e+00	0.00e+00	0.00e+00	0.00e+00	9.84e-28	8.02e-24	2.58e-20	3.44e-17	2.79e-14	1.17e-11	3.13e-09	8.80e-07	4.91e-04	3.88e-02	9.61e-01
 2.07479e+22	0.00e+00	0.00e+00	0.00e+00	0.00e+00	0.00e+00	5.76e-32	1.72e-27	1.32e-23	4.01e-20	5.07e-17	3.88e-14	1.54e-11	3.89e-09	1.04e-06	5.47e-04	4.09e-02	9.59e-01
 2.12106e+22	0.00e+00	0.00e+00	0.00e+00	0.00e+00	0.00e+00	1.27e-31	3.53e-27	2.52e-23	7.10e-20	8.33e-17	5.93e-14	2.19e-11	5.16e-09	1.28e-06	6.29e-04	4.38e-02	9.56e-01
 2.16697e+22	0.00e+00	0.00e+00	0.00e+00	0.00e+00	0.00e+00	2.36e-31	6.17e-27	4.16e-23	1.11e-19	1.23e-16	8.26e-14	2.88e-11	6.42e-09	1.51e-06	7.01e-04	4.61e-02	9.53e-01
 2.21241e+22	0.00e+00	0.00e+00	0.00e+00	0.00e+00	0.00e+00	5.11e-31	1.24e-26	7.78e-23	1.93e-19	1.99e-16	1.25e-13	4.05e-11	8.44e-09	1.85e-06	8.02e-04	4.93e-02	9.50e-01
 2.25859e+22	0.00e+00	0.00e+00	0.00e+00	0.00e+00	0.00e+00	9.63e-31	2.20e-26	1.30e-22	3.05e-19	2.97e-16	1.75e-13	5.38e-11	1.06e-08	2.19e-06	8.97e-04	5.20e-02	9.47e-01
 2.29880e+22	0.00e+00	0.00e+00	0.00e+00	0.00e+00	0.00e+00	1.76e-30	3.81e-26	2.13e-22	4.70e-19	4.33e-16	2.42e-13	7.02e-11	1.31e-08	2.56e-06	9.97e-04	5.48e-02	9.44e-01
 2.33541e+22	0.00e+00	0.00e+00	0.00e+00	0.00e+00	0.00e+00	3.03e-30	6.23e-26	3.31e-22	6.96e-19	6.10e-16	3.24e-13	8.94e-11	1.59e-08	2.96e-06	1.10e-03	5.74e-02	9.42e-01
 2.36862e+22	0.00e+00	0.00e+00	0.00e+00	0.00e+00	0.00e+00	5.03e-30	9.83e-26	4.98e-22	9.98e-19	8.35e-16	4.23e-13	1.12e-10	1.89e-08	3.38e-06	1.20e-03	5.99e-02	9.39e-01
 2.40613e+22	0.00e+00	0.00e+00	0.00e+00	0.00e+00	0.00e+00	9.19e-30	1.70e-25	8.12e-22	1.54e-18	1.22e-15	5.83e-13	1.46e-10	2.34e-08	3.96e-06	1.33e-03	6.30e-02	9.36e-01
 2.44612e+22	0.00e+00	0.00e+00	0.00e+00	0.00e+00	0.00e+00	1.64e-29	2.87e-25	1.30e-21	2.34e-18	1.75e-15	7.95e-13	1.88e-10	2.87e-08	4.61e-06	1.47e-03	6.61e-02	9.32e-01
 2.48169e+22	0.00e+00	0.00e+00	0.00e+00	0.00e+00	0.00e+00	2.79e-29	4.65e-25	2.00e-21	3.42e-18	2.44e-15	1.06e-12	2.38e-10	3.46e-08	5.31e-06	1.61e-03	6.91e-02	9.29e-01
 2.51514e+22	0.00e+00	0.00e+00	0.00e+00	0.00e+00	0.00e+00	4.67e-29	7.41e-25	3.04e-21	4.95e-18	3.37e-15	1.39e-12	2.98e-10	4.15e-08	6.07e-06	1.76e-03	7.22e-02	9.26e-01
 2.55351e+22	0.00e+00	0.00e+00	0.00e+00	0.00e+00	0.00e+00	8.82e-29	1.32e-24	5.09e-21	7.81e-18	5.01e-15	1.94e-12	3.95e-10	5.19e-08	7.17e-06	1.97e-03	7.61e-02	9.22e-01
 2.59338e+22	0.00e+00	0.00e+00	0.00e+00	0.00e+00	1.60e-32	1.54e-28	2.18e-24	7.98e-21	1.16e-17	7.09e-15	2.61e-12	5.04e-10	6.30e-08	8.30e-06	2.16e-03	7.96e-02	9.18e-01
 2.62862e+22	0.00e+00	0.00e+00	0.00e+00	0.00e+00	2.85e-32	2.62e-28	3.53e-24	1.23e-20	1.71e-17	9.90e-15	3.47e-12	6.38e-10	7.61e-08	9.54e-06	2.37e-03	8.32e-02	9.14e-01
 2.65980e+22	0.00e+00	0.00e+00	0.00e+00	0.00e+00	4.66e-32	4.12e-28	5.31e-24	1.78e-20	2.36e-17	1.31e-14	4.42e-12	7.78e-10	8.91e-08	1.07e-05	2.57e-03	8.64e-02	9.11e-01
 2.69229e+22	0.00e+00	0.00e+00	0.00e+00	0.00e+00	8.12e-32	6.87e-28	8.44e-24	2.69e-20	3.41e-17	1.81e-14	5.79e-12	9.73e-10	1.07e-07	1.23e-05	2.80e-03	9.00e-02	9.07e-01
 2.72707e+22	0.00e+00	0.00e+00	0.00e+00	0.00e+00	1.40e-31	1.14e-27	1.33e-23	4.04e-20	4.89e-17	2.47e-14	7.56e-12	1.21e-09	1.27e-07	1.40e-05	3.05e-03	9.38e-02	9.03e-01
 2.75844e+22	0.00e+00	0.00e+00	0.00e+00	0.00e+00	2.31e-31	1.80e-27	2.02e-23	5.87e-20	6.80e-17	3.30e-14	9.66e-12	1.49e-09	1.49e-07	1.58e-05	3.30e-03	9.74e-02	8.99e-01
 2.79281e+22	0.00e+00	0.00e+00	0.00e+00	0.00e+00	4.19e-31	3.12e-27	3.32e-23	9.18e-20	1.01e-16	4.65e-14	1.29e-11	1.89e-09	1.81e-07	1.82e-05	3.63e-03	1.02e-01	8.95e-01
 2.82794e+22	0.00e+00	0.00e+00	0.00e+00	0.00e+00	7.22e-31	5.15e-27	5.23e-23	1.38e-19	1.45e-16	6.36e-14	1.69e-11	2.36e-09	2.16e-07	2.07e-05	3.95e-03	1.06e-01	8.90e-01
 2.85768e+22	0.00e+00	0.00e+00	0.00e+00	0.00e+00	1.17e-30	8.01e-27	7.80e-23	1.97e-19	1.99e-16	8.38e-14	2.13e-11	2.86e-09	2.52e-07	2.33e-05	4.26e-03	1.10e-01	8.86e-01
 2.88995e+22	0.00e+00	0.00e+00	0.00e+00	0.00e+00	2.04e-30	1.34e-26	1.25e-22	3.00e-19	2.87e-16	1.16e-13	2.80e-11	3.58e-09	3.01e-07	2.66e-05	4.65e-03	1.14e-01	8.81e-01
 2.92449e+22	0.00e+00	0.00e+00	0.00e+00	0.00e+00	3.50e-30	2.21e-26	1.95e-22	4.49e-19	4.11e-16	1.58e-13	3.65e-11	4.46e-09	3.58e-07	3.02e-05	5.06e-03	1.19e-01	8.76e-01
 2.95531e+22	0.00e+00	0.00e+00	0.00e+00	0.00e+00	5.73e-30	3.47e-26	2.95e-22	6.49e-19	5.69e-16	2.09e-13	4.65e-11	5.44e-09	4.20e-07	3.40e-05	5.46e-03	1.23e-01	8.71e-01
 2.98239e+22	0.00e+00	0.00e+00	0.00e+00	0.00e+00	8.81e-30	5.16e-26	4.22e-22	8.95e-19	7.56e-16	2.68e-13	5.73e-11	6.48e-09	4.82e-07	3.77e-05	5.84e-03	1.27e-01	8.67e-01
 3.01131e+22	0.00e+00	0.00e+00	0.00e+00	0.00e+00	1.44e-29	8.13e-26	6.37e-22	1.29e-18	1.05e-15	3.55e-13	7.28e-11	7.88e-09	5.63e-07	4.23e-05	6.30e-03	1.32e-01	8.62e-01
 3.04228e+22	0.00e+00	0.00e+00	0.00e+00	0.00e+00	2.33e-29	1.27e-25	9.52e-22	1.85e-18	1.44e-15	4.69e-13	9.22e-11	9.58e-09	6.58e-07	4.75e-05	6.79e-03	1.36e-01	8.57e-01
 3.07024e+22	0.00e+00	0.00e+00	0.00e+00	0.00e+00	3.63e-29	1.91e-25	1.38e-21	2.58e-18	1.93e-15	6.05e-13	1.14e-10	1.15e-08	7.58e-07	5.27e-05	7.27e-03	1.41e-01	8.52e-01
 3.10089e+22	0.00e+00	0.00e+00	0.00e+00	0.00e+00	6.17e-29	3.11e-25	2.14e-21	3.83e-18	2.73e-15	8.20e-13	1.48e-10	1.42e-08	8.97e-07	5.97e-05	7.88e-03	1.46e-01	8.46e-01
 3.13215e+22	0.00e+00	0.00e+00	0.00e+00	1.07e-32	9.97e-29	4.84e-25	3.20e-21	5.49e-18	3.76e-15	1.08e-12	1.87e-10	1.72e-08	1.05e-06	6.70e-05	8.49e-03	1.51e-01	8.40e-01
 3.15845e+22	0.00e+00	0.00e+00	0.00e+00	1.68e-32	1.52e-28	7.12e-25	4.55e-21	7.52e-18	4.96e-15	1.38e-12	2.30e-10	2.04e-08	1.20e-06	7.40e-05	9.06e-03	1.56e-01	8.35e-01
 3.18689e+22	0.00e+00	0.00e+00	0.00e+00	2.84e-32	2.48e-28	1.12e-24	6.85e-21	1.08e-17	6.85e-15	1.82e-12	2.92e-10	2.48e-08	1.40e-06	8.30e-05	9.76e-03	1.61e-01	8.29e-01
 3.21744e+22	0.00e+00	0.00e+00	0.00e+00	4.77e-32	4.01e-28	1.75e-24	1.03e-20	1.56e-17	9.44e-15	2.41e-12	3.70e-10	3.01e-08	1.63e-06	9.30e-05	1.05e-02	1.66e-01	8.23e-01
 3.24508e+22	0.00e+00	0.00e+00	0.00e+00	7.58e-32	6.17e-28	2.60e-24	1.47e-20	2.15e-17	1.25e-14	3.08e-12	4.56e-10	3.58e-08	1.87e-06	1.03e-04	1.12e-02	1.71e-01	8.17e-01
 3.27015e+22	0.00e+00	0.00e+00	0.00e+00	1.17e-31	9.21e-28	3.75e-24	2.05e-20	2.90e-17	1.63e-14	3.88e-12	5.54e-10	4.21e-08	2.13e-06	1.13e-04	1.19e-02	1.76e-01	8.12e-01
 3.29380e+22	0.00e+00	0.00e+00	0.00e+00	1.74e-31	1.34e-27	5.31e-24	2.81e-20	3.84e-17	2.09e-14	4.81e-12	6.65e-10	4.89e-08	2.40e-06	1.24e-04	1.26e-02	1.80e-01	8.07e-01
 3.32080e+22	0.00e+00	0.00e+00	0.00e+00	2.83e-31	2.10e-27	8.05e-24	4.10e-20	5.38e-17	2.82e-14	6.23e-12	8.28e-10	5.85e-08	2.76e-06	1.37e-04	1.35e-02	1.86e-01	8.00e-01
 3.34971e+22	0.00e+00	0.00e+00	0.00e+00	4.59e-31	3.30e-27	1.22e-23	5.97e-20	7.54e-17	3.80e-14	8.08e-12	1.03e-09	7.02e-08	3.19e-06	1.53e-04	1.44e-02	1.92e-01	7.94e-01
 3.37550e+22	0.00e+00	0.00e+00	0.00e+00	3.82e-31	2.66e-27	9.53e-24	8.41e-20	1.02e-16	4.98e-14	1.02e-11	1.26e-09	8.28e-08	3.64e-06	1.68e-04	1.54e-02	1.97e-01	7.88e-01
 3.40342e+22	0.00e+00	0.00e+00	0.00e+00	6.40e-31	4.31e-27	1.49e-23	1.26e-19	1.47e-16	6.84e-14	1.35e-11	1.59e-09	1.00e-07	4.23e-06	1.88e-04	1.65e-02	2.03e-01	7.80e-01
 3.43186e+22	0.00e+00	0.00e+00	0.00e+00	1.02e-30	6.66e-27	2.22e-23	1.81e-19	2.03e-16	9.13e-14	1.73e-11	1.97e-09	1.19e-07	4.86e-06	2.08e-04	1.76e-02	2.09e-01	7.73e-01
 3.45579e+22	0.00e+00	0.00e+00	0.00e+00	1.54e-30	9.73e-27	3.15e-23	2.48e-19	2.70e-16	1.17e-13	2.15e-11	2.37e-09	1.39e-07	5.48e-06	2.27e-04	1.86e-02	2.14e-01	7.67e-01
 3.48173e+22	0.00e+00	0.00e+00	0.00e+00	2.47e-30	1.51e-26	4.73e-23	3.59e-19	3.75e-16	1.57e-13	2.77e-11	2.93e-09	1.66e-07	6.30e-06	2.51e-04	1.99e-02	2.20e-01	7.60e-01
 3.50970e+22	0.00e+00	0.00e+00	0.00e+00	3.96e-30	2.35e-26	7.10e-23	5.18e-19	5.22e-16	2.10e-13	3.56e-11	3.63e-09	1.98e-07	7.24e-06	2.78e-04	2.12e-02	2.26e-01	7.52e-01
 3.53520e+22	0.00e+00	0.00e+00	0.00e+00	6.07e-30	3.50e-26	1.02e-22	7.22e-19	7.02e-16	2.73e-13	4.48e-11	4.41e-09	2.32e-07	8.21e-06	3.05e-04	2.25e-02	2.32e-01	7.45e-01
 3.55872e+22	0.00e+00	0.00e+00	0.00e+00	9.08e-30	5.09e-26	1.45e-22	9.88e-19	9.30e-16	3.50e-13	5.55e-11	5.29e-09	2.69e-07	9.24e-06	3.33e-04	2.38e-02	2.37e-01	7.39e-01
 3.58481e+22	0.00e+00	0.00e+00	0.00e+00	1.45e-29	7.88e-26	2.17e-22	1.42e-18	1.29e-15	4.67e-13	7.13e-11	6.53e-09	3.20e-07	1.06e-05	3.68e-04	2.53e-02	2.43e-01	7.31e-01
 3.61236e+22	0.00e+00	0.00e+00	0.00e+00	2.29e-29	1.20e-25	3.20e-22	2.03e-18	1.77e-15	6.18e-13	9.10e-11	8.04e-09	3.80e-07	1.21e-05	4.06e-04	2.70e-02	2.50e-01	7.23e-01
 3.63666e+22	0.00e+00	0.00e+00	3.73e-33	3.46e-29	1.77e-25	4.56e-22	2.80e-18	2.36e-15	7.97e-13	1.13e-10	9.69e-09	4.43e-07	1.37e-05	4.43e-04	2.85e-02	2.55e-01	7.16e-01
 3.66311e+22	0.00e+00	0.00e+00	6.25e-33	5.62e-29	2.78e-25	6.93e-22	4.09e-18	3.31e-15	1.07e-12	1.47e-10	1.21e-08	5.30e-07	1.57e-05	4.91e-04	3.04e-02	2.62e-01	7.07e-01
 3.69115e+22	0.00e+00	0.00e+00	1.04e-32	9.06e-29	4.33e-25	1.04e-21	5.92e-18	4.62e-15	1.44e-12	1.90e-10	1.50e-08	6.34e-07	1.81e-05	5.44e-04	3.24e-02	2.69e-01	6.98e-01
 3.71525e+22	0.00e+00	0.00e+00	1.58e-32	1.34e-28	6.25e-25	1.46e-21	8.04e-18	6.07e-15	1.83e-12	2.34e-10	1.79e-08	7.33e-07	2.03e-05	5.91e-04	3.42e-02	2.75e-01	6.90e-01
 3.74058e+22	0.00e+00	0.00e+00	2.59e-32	2.14e-28	9.64e-25	2.18e-21	1.16e-17	8.40e-15	2.44e-12	3.00e-10	2.21e-08	8.72e-07	2.33e-05	6.52e-04	3.63e-02	2.82e-01	6.81e-01
 3.76720e+22	0.00e+00	0.00e+00	4.15e-32	3.32e-28	1.45e-24	3.18e-21	1.63e-17	1.14e-14	3.21e-12	3.80e-10	2.70e-08	1.03e-06	2.65e-05	7.16e-04	3.85e-02	2.88e-01	6.73e-01
 3.79085e+22	0.00e+00	0.00e+00	6.33e-32	4.94e-28	2.10e-24	4.47e-21	2.22e-17	1.51e-14	4.09e-12	4.70e-10	3.23e-08	1.19e-06	2.97e-05	7.79e-04	4.06e-02	2.94e-01	6.65e-01
 3.81695e+22	0.00e+00	0.00e+00	1.05e-31	7.96e-28	3.28e-24	6.74e-21	3.22e-17	2.10e-14	5.49e-12	6.06e-10	4.01e-08	1.42e-06	3.41e-05	8.61e-04	4.32e-02	3.01e-01	6.55e-01
 3.84467e+22	0.00e+00	0.00e+00	1.75e-31	1.28e-27	5.10e-24	1.01e-20	4.65e-17	2.93e-14	7.36e-12	7.82e-10	4.97e-08	1.70e-06	3.92e-05	9.52e-04	4.59e-02	3.08e-01	6.45e-01
 3.86923e+22	0.00e+00	0.00e+00	1.68e-31	1.20e-27	4.66e-24	1.43e-20	6.37e-17	3.87e-14	9.43e-12	9.69e-10	5.96e-08	1.97e-06	4.40e-05	1.04e-03	4.84e-02	3.14e-01	6.37e-01
 3.89229e+22	0.00e+00	0.00e+00	2.60e-31	1.81e-27	6.82e-24	2.03e-20	8.75e-17	5.15e-14	1.21e-11	1.21e-09	7.18e-08	2.29e-06	4.96e-05	1.13e-03	5.10e-02	3.20e-01	6.28e-01
 3.91498e+22	0.00e+00	0.00e+00	3.92e-31	2.66e-27	9.76e-24	2.82e-20	1.18e-16	6.73e-14	1.54e-11	1.48e-09	8.55e-08	2.65e-06	5.55e-05	1.22e-03	5.36e-02	3.26e-01	6.19e-01
 3.94076e+22	0.00e+00	0.00e+00	6.45e-31	4.25e-27	1.51e-23	4.20e-20	1.70e-16	9.33e-14	2.05e-11	1.90e-09	1.06e-07	3.15e-06	6.35e-05	1.35e-03	5.69e-02	3.33e-01	6.09e-01
 3.96805e+22	0.00e+00	0.00e+00	1.07e-30	6.80e-27	2.34e-23	6.27e-20	2.45e-16	1.29e-13	2.74e-11	2.45e-09	1.31e-07	3.75e-06	7.28e-05	1.49e-03	6.04e-02	3.40e-01	5.98e-01
 3.99195e+22	0.00e+00	0.00e+00	1.65e-30	1.02e-26	3.42e-23	8.87e-20	3.36e-16	1.72e-13	3.52e-11	3.04e-09	1.57e-07	4.37e-06	8.20e-05	1.62e-03	6.36e-02	3.46e-01	5.89e-01
 4.01388e+22	0.00e+00	0.00e+00	2.49e-30	1.51e-26	4.89e-23	1.23e-19	4.52e-16	2.25e-13	4.46e-11	3.74e-09	1.87e-07	5.04e-06	9.16e-05	1.75e-03	6.67e-02	3.52e-01	5.80e-01
 4.03865e+22	0.00e+00	0.00e+00	4.03e-30	2.37e-26	7.46e-23	1.81e-19	6.43e-16	3.08e-13	5.90e-11	4.76e-09	2.30e-07	5.96e-06	1.04e-04	1.92e-03	7.06e-02	3.58e-01	5.69e-01
 4.06472e+22	0.00e+00	0.00e+00	6.57e-30	3.74e-26	1.14e-22	2.67e-19	9.14e-16	4.22e-13	7.80e-11	6.07e-09	2.83e-07	7.07e-06	1.19e-04	2.11e-03	7.47e-02	3.65e-01	5.58e-01
 4.08725e+22	0.00e+00	0.00e+00	9.75e-30	5.42e-26	1.61e-22	3.66e-19	1.22e-15	5.47e-13	9.80e-11	7.40e-09	3.35e-07	8.10e-06	1.33e-04	2.28e-03	7.81e-02	3.71e-01	5.49e-01
 4.11130e+22	0.00e+00	0.00e+00	1.61e-29	8.68e-26	2.49e-22	5.44e-19	1.75e-15	7.58e-13	1.31e-10	9.51e-09	4.14e-07	9.65e-06	1.52e-04	2.51e-03	8.27e-02	3.77e-01	5.37e-01
 4.13663e+22	0.00e+00	0.00e+00	2.55e-29	1.33e-25	3.70e-22	7.82e-19	2.44e-15	1.02e-12	1.70e-10	1.20e-08	5.04e-07	1.13e-05	1.72e-04	2.74e-03	8.71e-02	3.83e-01	5.27e-01
 4.15968e+22	0.00e+00	0.00e+00	3.94e-29	2.00e-25	5.40e-22	1.10e-18	3.34e-15	1.35e-12	2.19e-10	1.49e-08	6.06e-07	1.32e-05	1.93e-04	2.98e-03	9.15e-02	3.89e-01	5.16e-01
 4.18181e+22	0.00e+00	0.00e+00	6.05e-29	2.99e-25	7.81e-22	1.54e-18	4.54e-15	1.78e-12	2.79e-10	1.84e-08	7.26e-07	1.53e-05	2.17e-04	3.23e-03	9.60e-02	3.94e-01	5.06e-01
 4.20306e+22	0.00e+00	1.77e-33	9.00e-29	4.33e-25	1.10e-21	2.11e-18	6.05e-15	2.31e-12	3.51e-10	2.24e-08	8.60e-07	1.76e-05	2.41e-04	3.48e-03	1.00e-01	3.99e-01	4.97e-01
 4.22703e+22	0.00e+00	3.05e-33	1.50e-28	6.97e-25	1.71e-21	3.15e-18	8.72e-15	3.20e-12	4.70e-10	2.89e-08	1.07e-06	2.10e-05	2.76e-04	3.83e-03	1.06e-01	4.05e-01	4.84e-01
 4.25172e+22	0.00e+00	4.96e-33	2.35e-28	1.06e-24	2.52e-21	4.48e-18	1.20e-14	4.29e-12	6.08e-10	3.62e-08	1.29e-06	2.46e-05	3.12e-04	4.17e-03	1.11e-01	4.11e-01	4.73e-01
 4.27343e+22	0.00e+00	7.85e-33	3.61e-28	1.58e-24	3.64e-21	6.24e-18	1.63e-14	5.64e-12	7.76e-10	4.47e-08	1.55e-06	2.85e-05	3.49e-04	4.52e-03	1.17e-01	4.16e-01	4.63e-01
 4.29773e+22	0.00e+00	1.38e-32	6.10e-28	2.58e-24	5.73e-21	9.41e-18	2.38e-14	7.92e-12	1.05e-09	5.81e-08	1.94e-06	3.42e-05	4.02e-04	4.98e-03	1.23e-01	4.21e-01	4.50e-01
 4.32180e+22	0.00e+00	2.20e-32	9.40e-28	3.86e-24	8.30e-21	1.31e-17	3.24e-14	1.04e-11	1.34e-09	7.20e-08	2.33e-06	3.98e-05	4.51e-04	5.39e-03	1.29e-01	4.26e-01	4.39e-01
 4.34188e+22	0.00e+00	3.34e-32	1.39e-27	5.55e-24	1.16e-20	1.78e-17	4.27e-14	1.34e-11	1.67e-09	8.73e-08	2.74e-06	4.55e-05	5.00e-04	5.79e-03	1.34e-01	4.30e-01	4.30e-01
 4.36429e+22	0.00e+00	5.67e-32	2.27e-27	8.78e-24	1.77e-20	2.60e-17	6.06e-14	1.84e-11	2.22e-09	1.12e-07	3.38e-06	5.40e-05	5.69e-04	6.34e-03	1.41e-01	4.34e-01	4.17e-01
 4.38745e+22	0.00e+00	9.10e-32	3.52e-27	1.32e-23	2.56e-20	3.64e-17	8.26e-14	2.43e-11	2.84e-09	1.39e-07	4.07e-06	6.29e-05	6.39e-04	6.87e-03	1.48e-01	4.38e-01	4.07e-01
 4.40791e+22	0.00e+00	1.41e-31	5.27e-27	1.92e-23	3.63e-20	4.97e-17	1.10e-13	3.15e-11	3.58e-09	1.69e-07	4.83e-06	7.24e-05	7.11e-04	7.39e-03	1.54e-01	4.41e-01	3.96e-01
 4.43085e+22	0.00e+00	2.45e-31	8.81e-27	3.09e-23	5.62e-20	7.37e-17	1.58e-13	4.37e-11	4.79e-09	2.18e-07	6.00e-06	8.65e-05	8.14e-04	8.11e-03	1.62e-01	4.45e-01	3.84e-01
 4.45368e+22	0.00e+00	3.89e-31	1.35e-26	4.61e-23	8.08e-20	1.02e-16	2.14e-13	5.74e-11	6.11e-09	2.70e-07	7.20e-06	1.00e-04	9.12e-04	8.76e-03	1.69e-01	4.48e-01	3.73e-01
 4.47267e+22	0.00e+00	5.86e-31	1.98e-26	6.56e-23	1.12e-19	1.37e-16	2.80e-13	7.32e-11	7.58e-09	3.26e-07	8.45e-06	1.15e-04	1.01e-03	9.37e-03	1.75e-01	4.51e-01	3.63e-01
 4.49367e+22	0.00e+00	9.69e-31	3.15e-26	1.01e-22	1.66e-19	1.95e-16	3.88e-13	9.84e-11	9.86e-09	4.10e-07	1.03e-05	1.35e-04	1.14e-03	1.02e-02	1.83e-01	4.54e-01	3.52e-01
 4.51574e+22	0.00e+00	1.53e-30	4.82e-26	1.50e-22	2.38e-19	2.69e-16	5.23e-13	1.29e-10	1.25e-08	5.05e-07	1.23e-05	1.56e-04	1.27e-03	1.10e-02	1.91e-01	4.56e-01	3.41e-01
 4.53576e+22	0.00e+00	2.42e-30	7.35e-26	2.21e-22	3.39e-19	3.69e-16	7.02e-13	1.68e-10	1.59e-08	6.22e-07	1.47e-05	1.80e-04	1.42e-03	1.18e-02	1.98e-01	4.57e-01	3.31e-01
 4.55517e+22	0.00e+00	3.72e-30	1.10e-25	3.19e-22	4.75e-19	5.00e-16	9.29e-13	2.17e-10	1.99e-08	7.56e-07	1.74e-05	2.07e-04	1.57e-03	1.27e-02	2.06e-01	4.59e-01	3.21e-01
 4.57414e+22	0.00e+00	5.71e-30	1.63e-25	4.60e-22	6.63e-19	6.72e-16	1.22e-12	2.78e-10	2.49e-08	9.19e-07	2.05e-05	2.37e-04	1.74e-03	1.35e-02	2.13e-01	4.60e-01	3.11e-01
 4.59289e+22	0.00e+00	8.65e-30	2.39e-25	6.57e-22	9.18e-19	8.99e-16	1.60e-12	3.55e-10	3.10e-08	1.11e-06	2.42e-05	2.70e-04	1.92e-03	1.45e-02	2.21e-01	4.61e-01	3.02e-01
 4.61443e+22	0.00e+00	1.48e-29	3.92e-25	1.04e-21	1.39e-18	1.30e-15	2.26e-12	4.86e-10	4.09e-08	1.42e-06	2.97e-05	3.20e-04	2.18e-03	1.57e-02	2.30e-01	4.61e-01	2.90e-01
 4.63643e+22	0.00e+00	2.36e-29	6.05e-25	1.55e-21	2.00e-18	1.80e-15	3.05e-12	6.38e-10	5.22e-08	1.75e-06	3.57e-05	3.72e-04	2.44e-03	1.69e-02	2.39e-01	4.61e-01	2.80e-01
 4.65518e+22	0.00e+00	3.57e-29	8.88e-25	2.20e-21	2.76e-18	2.40e-15	3.99e-12	8.13e-10	6.48e-08	2.11e-06	4.19e-05	4.24e-04	2.68e-03	1.81e-02	2.47e-01	4.61e-01	2.71e-01
 4.67570e+22	0.00e+00	5.97e-29	1.42e-24	3.41e-21	4.10e-18	3.41e-15	5.53e-12	1.10e-09	8.46e-08	2.67e-06	5.11e-05	4.98e-04	3.03e-03	1.95e-02	2.56e-01	4.61e-01	2.60e-01
 4.69702e+22	0.00e+00	9.42e-29	2.17e-24	5.02e-21	5.84e-18	4.66e-15	7.41e-12	1.43e-09	1.07e-07	3.28e-06	6.10e-05	5.76e-04	3.37e-03	2.09e-02	2.65e-01	4.60e-01	2.50e-01
 4.71610e+22	0.00e+00	1.46e-28	3.26e-24	7.29e-21	8.18e-18	6.28e-15	9.79e-12	1.84e-09	1.35e-07	4.00e-06	7.23e-05	6.61e-04	3.73e-03	2.24e-02	2.74e-01	4.58e-01	2.41e-01
 4.73452e+22	0.00e+00	2.23e-28	4.80e-24	1.04e-20	1.13e-17	8.37e-15	1.28e-11	2.35e-09	1.67e-07	4.83e-06	8.51e-05	7.54e-04	4.11e-03	2.38e-02	2.82e-01	4.57e-01	2.32e-01
 4.75538e+22	0.00e+00	3.82e-28	7.89e-24	1.64e-20	1.71e-17	1.20e-14	1.80e-11	3.21e-09	2.21e-07	6.16e-06	1.05e-04	8.93e-04	4.65e-03	2.58e-02	2.93e-01	4.54e-01	2.21e-01
 4.77661e+22	0.00e+00	5.92e-28	1.18e-23	2.38e-20	2.39e-17	1.62e-14	2.38e-11	4.13e-09	2.77e-07	7.50e-06	1.24e-04	1.02e-03	5.14e-03	2.75e-02	3.02e-01	4.52e-01	2.13e-01
 4.79834e+22	0.00e+00	1.02e-27	1.95e-23	3.78e-20	3.63e-17	2.35e-14	3.37e-11	5.66e-09	3.68e-07	9.58e-06	1.53e-04	1.21e-03	5.82e-03	2.97e-02	3.13e-01	4.48e-01	2.02e-01
 4.82070e+22	0.00e+00	1.67e-27	3.07e-23	5.71e-20	5.27e-17	3.25e-14	4.58e-11	7.50e-09	4.73e-07	1.19e-05	1.84e-04	1.41e-03	6.50e-03	3.19e-02	3.23e-01	4.44e-01	1.93e-01
 4.83956e+22	0.00e+00	2.52e-27	4.49e-23	8.09e-20	7.22e-17	4.29e-14	5.94e-11	9.52e-09	5.86e-07	1.44e-05	2.16e-04	1.60e-03	7.14e-03	3.38e-02	3.31e-01	4.41e-01	1.85e-01
 4.85976e+22	0.00e+00	4.26e-27	7.27e-23	1.26e-19	1.07e-16	6.08e-14	8.25e-11	1.29e-08	7.67e-07	1.82e-05	2.64e-04	1.89e-03	8.03e-03	3.64e-02	3.42e-01	4.36e-01	1.75e-01
 4.88011e+22	0.00e+00	6.57e-27	1.08e-22	1.81e-19	1.49e-16	8.09e-14	1.08e-10	1.65e-08	9.58e-07	2.20e-05	3.11e-04	2.16e-03	8.84e-03	3.86e-02	3.51e-01	4.32e-01	1.68e-01
 4.89772e+22	8.63e-34	9.80e-27	1.56e-22	2.53e-19	2.02e-16	1.06e-13	1.39e-10	2.07e-08	1.18e-06	2.63e-05	3.63e-04	2.44e-03	9.66e-03	4.08e-02	3.59e-01	4.27e-01	1.61e-01
 4.91429e+22	1.32e-33	1.45e-26	2.23e-22	3.50e-19	2.69e-16	1.36e-13	1.77e-10	2.58e-08	1.44e-06	3.13e-05	4.20e-04	2.74e-03	1.05e-02	4.29e-02	3.67e-01	4.23e-01	1.54e-01
 4.92959e+22	1.94e-33	2.05e-26	3.08e-22	4.69e-19	3.50e-16	1.71e-13	2.19e-10	3.15e-08	1.72e-06	3.66e-05	4.80e-04	3.05e-03	1.14e-02	4.50e-02	3.73e-01	4.18e-01	1.48e-01
 4.94378e+22	2.81e-33	2.86e-26	4.17e-22	6.18e-19	4.48e-16	2.11e-13	2.69e-10	3.81e-08	2.03e-06	4.24e-05	5.44e-04	3.38e-03	1.22e-02	4.70e-02	3.80e-01	4.14e-01	1.43e-01
 4.95705e+22	4.02e-33	3.96e-26	5.63e-22	8.10e-19	5.70e-16	2.60e-13	3.29e-10	4.58e-08	2.40e-06	4.90e-05	6.16e-04	3.73e-03	1.31e-02	4.90e-02	3.86e-01	4.10e-01	1.37e-01
 4.96997e+22	5.64e-33	5.39e-26	7.46e-22	1.05e-18	7.16e-16	3.17e-13	3.97e-10	5.45e-08	2.81e-06	5.61e-05	6.92e-04	4.09e-03	1.40e-02	5.10e-02	3.92e-01	4.05e-01	1.33e-01
 4.98258e+22	7.86e-33	7.27e-26	9.81e-22	1.34e-18	8.94e-16	3.84e-13	4.77e-10	6.45e-08	3.27e-06	6.40e-05	7.75e-04	4.48e-03	1.49e-02	5.29e-02	3.98e-01	4.01e-01	1.28e-01
 4.99491e+22	1.09e-32	9.82e-26	1.29e-21	1.72e-18	1.11e-15	4.65e-13	5.73e-10	7.64e-08	3.81e-06	7.31e-05	8.67e-04	4.91e-03	1.59e-02	5.50e-02	4.03e-01	3.97e-01	1.23e-01
 5.00720e+22	1.53e-32	1.33e-25	1.70e-21	2.20e-18	1.39e-15	5.62e-13	6.89e-10	9.05e-08	4.44e-06	8.35e-05	9.71e-04	5.37e-03	1.70e-02	5.71e-02	4.09e-01	3.92e-01	1.19e-01
 5.01948e+22	2.13e-32	1.79e-25	2.24e-21	2.83e-18	1.73e-15	6.80e-13	8.27e-10	1.07e-07	5.18e-06	9.53e-05	1.09e-03	5.88e-03	1.81e-02	5.92e-02	4.14e-01	3.87e-01	1.15e-01
 5.03124e+22	2.92e-32	2.39e-25	2.91e-21	3.58e-18	2.13e-15	8.13e-13	9.83e-10	1.26e-07	5.98e-06	1.08e-04	1.21e-03	6.40e-03	1.92e-02	6.13e-02	4.19e-01	3.82e-01	1.11e-01
 5.04237e+22	4.00e-32	3.17e-25	3.76e-21	4.51e-18	2.61e-15	9.67e-13	1.16e-09	1.47e-07	6.90e-06	1.22e-04	1.35e-03	6.97e-03	2.04e-02	6.34e-02	4.24e-01	3.78e-01	1.07e-01
 5.05336e+22	5.42e-32	4.17e-25	4.83e-21	5.64e-18	3.19e-15	1.15e-12	1.37e-09	1.72e-07	7.93e-06	1.38e-04	1.49e-03	7.56e-03	2.16e-02	6.55e-02	4.28e-01	3.73e-01	1.03e-01
 5.06598e+22	7.92e-32	5.88e-25	6.61e-21	7.48e-18	4.09e-15	1.42e-12	1.69e-09	2.08e-07	9.43e-06	1.60e-04	1.69e-03	8.37e-03	2.32e-02	6.82e-02	4.33e-01	3.67e-01	9.83e-02
 5.07892e+22	1.12e-31	8.05e-25	8.78e-21	9.64e-18	5.11e-15	1.71e-12	2.03e-09	2.48e-07	1.10e-05	1.84e-04	1.90e-03	9.18e-03	2.48e-02	7.07e-02	4.38e-01	3.61e-01	9.43e-02
 5.09002e+22	1.52e-31	1.06e-24	1.13e-20	1.21e-17	6.21e-15	2.02e-12	2.39e-09	2.88e-07	1.27e-05	2.07e-04	2.11e-03	9.95e-03	2.62e-02	7.29e-02	4.42e-01	3.56e-01	9.08e-02
 5.10030e+22	2.03e-31	1.37e-24	1.43e-20	1.49e-17	7.47e-15	2.36e-12	2.79e-09	3.33e-07	1.44e-05	2.32e-04	2.32e-03	1.07e-02	2.76e-02	7.51e-02	4.46e-01	3.51e-01	8.76e-02
 5.11173e+22	2.92e-31	1.91e-24	1.92e-20	1.94e-17	9.41e-15	2.87e-12	3.39e-09	3.99e-07	1.70e-05	2.68e-04	2.62e-03	1.18e-02	2.95e-02	7.78e-02	4.50e-01	3.44e-01	8.36e-02
 5.12324e+22	3.93e-31	2.49e-24	2.45e-20	2.41e-17	1.14e-14	3.37e-12	3.96e-09	4.63e-07	1.95e-05	3.00e-04	2.89e-03	1.28e-02	3.11e-02	8.01e-02	4.53e-01	3.39e-01	8.05e-02
 5.13331e+22	5.38e-31	3.30e-24	3.16e-20	3.01e-17	1.38e-14	3.96e-12	4.66e-09	5.39e-07	2.24e-05	3.39e-04	3.20e-03	1.39e-02	3.30e-02	8.25e-02	4.57e-01	3.33e-01	7.73e-02
 5.14312e+22	7.17e-31	4.28e-24	3.99e-20	3.71e-17	1.65e-14	4.60e-12	5.42e-09	6.21e-07	2.55e-05	3.79e-04	3.52e-03	1.49e-02	3.47e-02	8.48e-02	4.59e-01	3.28e-01	7.44e-02
 5.15413e+22	1.03e-30	5.93e-24	5.36e-20	4.81e-17	2.07e-14	5.55e-12	6.54e-09	7.43e-07	3.00e-05	4.36e-04	3.97e-03	1.64e-02	3.70e-02	8.77e-02	4.63e-01	3.21e-01	7.08e-02
 5.16548e+22	1.44e-30	7.99e-24	7.00e-20	6.09e-17	2.53e-14	6.55e-12	7.75e-09	8.73e-07	3.48e-05	4.95e-04	4.42e-03	1.79e-02	3.92e-02	9.03e-02	4.65e-01	3.15e-01	6.76e-02
 5.17541e+22	1.93e-30	1.04e-23	8.89e-20	7.52e-17	3.03e-14	7.61e-12	9.02e-09	1.01e-06	3.97e-05	5.55e-04	4.86e-03	1.93e-02	4.13e-02	9.27e-02	4.68e-01	3.09e-01	6.49e-02
 5.18642e+22	2.88e-30	1.49e-23	1.23e-19	9.96e-17	3.85e-14	9.26e-12	1.10e-08	1.22e-06	4.73e-05	6.46e-04	5.53e-03	2.13e-02	4.42e-02	9.60e-02	4.70e-01	3.01e-01	6.13e-02
 5.19712e+22	3.75e-30	1.89e-23	1.52e-19	1.20e-16	4.53e-14	1.06e-11	1.27e-08	1.39e-06	5.33e-05	7.15e-04	6.02e-03	2.28e-02	4.62e-02	9.81e-02	4.72e-01	2.95e-01	5.90e-02
 5.20741e+22	5.59e-30	2.70e-23	2.09e-19	1.58e-16	5.71e-14	1.28e-11	1.54e-08	1.68e-06	6.34e-05	8.31e-04	6.85e-03	2.52e-02	4.94e-02	1.01e-01	4.73e-01	2.87e-01	5.56e-02
 5.21765e+22	7.37e-30	3.46e-23	2.61e-19	1.92e-16	6.73e-14	1.46e-11	1.77e-08	1.92e-06	7.16e-05	9.23e-04	7.47e-03	2.70e-02	5.17e-02	1.04e-01	4.74e-01	2.82e-01	5.34e-02
 5.22781e+22	1.08e-29	4.85e-23	3.53e-19	2.50e-16	8.39e-14	1.75e-11	2.14e-08	2.30e-06	8.45e-05	1.06e-03	8.42e-03	2.96e-02	5.51e-02	1.07e-01	4.75e-01	2.74e-01	5.03e-02
 5.23796e+22	1.45e-29	6.31e-23	4.46e-19	3.06e-16	9.95e-14	2.01e-11	2.47e-08	2.65e-06	9.62e-05	1.19e-03	9.24e-03	3.18e-02	5.78e-02	1.09e-01	4.75e-01	2.68e-01	4.81e-02
 5.24811e+22	2.15e-29	9.00e-23	6.12e-19	4.02e-16	1.25e-13	2.40e-11	3.00e-08	3.19e-06	1.14e-04	1.38e-03	1.05e-02	3.51e-02	6.16e-02	1.12e-01	4.75e-01	2.59e-01	4.51e-02
 5.25815e+22	2.86e-29	1.16e-22	7.67e-19	4.88e-16	1.47e-13	2.74e-11	3.45e-08	3.65e-06	1.29e-04	1.53e-03	1.14e-02	3.75e-02	6.44e-02	1.14e-01	4.75e-01	2.53e-01	4.31e-02
 5.26805e+22	4.27e-29	1.66e-22	1.05e-18	6.40e-16	1.83e-13	3.26e-11	4.17e-08	4.40e-06	1.53e-04	1.77e-03	1.29e-02	4.13e-02	6.85e-02	1.18e-01	4.73e-01	2.44e-01	4.03e-02
 5.27796e+22	5.70e-29	2.14e-22	1.32e-18	7.79e-16	2.16e-13	3.71e-11	4.80e-08	5.03e-06	1.74e-04	1.97e-03	1.41e-02	4.42e-02	7.16e-02	1.20e-01	4.72e-01	2.38e-01	3.84e-02
 5.28787e+22	8.59e-29	3.09e-22	1.82e-18	1.02e-15	2.69e-13	4.41e-11	5.82e-08	6.08e-06	2.07e-04	2.28e-03	1.60e-02	4.86e-02	7.61e-02	1.23e-01	4.70e-01	2.29e-01	3.57e-02
 5.29785e+22	1.16e-28	4.03e-22	2.31e-18	1.25e-15	3.18e-13	5.03e-11	6.71e-08	6.98e-06	2.35e-04	2.54e-03	1.75e-02	5.20e-02	7.95e-02	1.25e-01	4.67e-01	2.22e-01	3.38e-02
 5.30791e+22	1.74e-28	5.78e-22	3.18e-18	1.64e-15	3.96e-13	5.96e-11	8.11e-08	8.40e-06	2.79e-04	2.93e-03	1.97e-02	5.70e-02	8.42e-02	1.28e-01	4.64e-01	2.13e-01	3.14e-02
 5.31789e+22	2.36e-28	7.57e-22	4.03e-18	2.01e-15	4.66e-13	6.77e-11	9.34e-08	9.65e-06	3.16e-04	3.27e-03	2.15e-02	6.10e-02	8.79e-02	1.29e-01	4.60e-01	2.06e-01	2.97e-02
 5.32776e+22	3.53e-28	1.08e-21	5.53e-18	2.62e-15	5.78e-13	7.99e-11	1.13e-07	1.16e-05	3.74e-04	3.76e-03	2.42e-02	6.66e-02	9.28e-02	1.32e-01	4.55e-01	1.97e-01	2.75e-02
 5.33778e+22	4.86e-28	1.44e-21	7.09e-18	3.23e-15	6.84e-13	9.09e-11	1.30e-07	1.34e-05	4.27e-04	4.20e-03	2.64e-02	7.14e-02	9.68e-02	1.34e-01	4.51e-01	1.90e-01	2.58e-02
 5.34800e+22	7.39e-28	2.09e-21	9.83e-18	4.24e-15	8.52e-13	1.07e-10	1.57e-07	1.61e-05	5.07e-04	4.84e-03	2.97e-02	7.80e-02	1.02e-01	1.36e-01	4.44e-01	1.81e-01	2.37e-02
 5.35834e+22	1.03e-27	2.80e-21	1.27e-17	5.25e-15	1.01e-12	1.22e-10	1.82e-07	1.86e-05	5.79e-04	5.41e-03	3.25e-02	8.34e-02	1.06e-01	1.37e-01	4.38e-01	1.74e-01	2.21e-02
 5.36883e+22	1.58e-27	4.10e-21	1.78e-17	6.94e-15	1.26e-12	1.45e-10	2.21e-07	2.25e-05	6.88e-04	6.24e-03	3.66e-02	9.10e-02	1.12e-01	1.39e-01	4.30e-01	1.64e-01	2.02e-02
 5.37938e+22	2.20e-27	5.50e-21	2.29e-17	8.60e-15	1.49e-12	1.64e-10	2.55e-07	2.60e-05	7.84e-04	6.96e-03	3.99e-02	9.71e-02	1.16e-01	1.40e-01	4.23e-01	1.57e-01	1.87e-02
 5.38848e+22	3.04e-27	7.32e-21	2.95e-17	1.06e-14	1.76e-12	1.86e-10	2.93e-07	2.98e-05	8.90e-04	7.72e-03	4.34e-02	1.03e-01	1.21e-01	1.41e-01	4.16e-01	1.50e-01	1.74e-02
 5.39878e+22	4.65e-27	1.07e-20	4.09e-17	1.39e-14	2.18e-12	2.18e-10	3.51e-07	3.57e-05	1.05e-03	8.83e-03	4.83e-02	1.12e-01	1.26e-01	1.42e-01	4.05e-01	1.41e-01	1.58e-02
 5.40907e+22	6.31e-27	1.40e-20	5.18e-17	1.69e-14	2.55e-12	2.45e-10	4.00e-07	4.06e-05	1.18e-03	9.71e-03	5.21e-02	1.18e-01	1.30e-01	1.43e-01	3.97e-01	1.34e-01	1.47e-02
 5.41932e+22	9.54e-27	2.01e-20	7.12e-17	2.20e-14	3.13e-12	2.86e-10	4.75e-07	4.81e-05	1.37e-03	1.10e-02	5.76e-02	1.27e-01	1.35e-01	1.43e-01	3.86e-01	1.26e-01	1.33e-02
 5.42969e+22	1.29e-26	2.64e-20	9.02e-17	2.68e-14	3.65e-12	3.22e-10	5.40e-07	5.45e-05	1.54e-03	1.21e-02	6.19e-02	1.34e-01	1.39e-01	1.43e-01	3.77e-01	1.20e-01	1.23e-02
 5.44020e+22	1.96e-26	3.81e-20	1.24e-16	3.48e-14	4.49e-12	3.75e-10	6.38e-07	6.44e-05	1.79e-03	1.36e-02	6.80e-02	1.43e-01	1.44e-01	1.42e-01	3.65e-01	1.12e-01	1.10e-02
 5.45089e+22	2.66e-26	5.01e-20	1.58e-16	4.25e-14	5.25e-12	4.22e-10	7.24e-07	7.28e-05	2.00e-03	1.49e-02	7.29e-02	1.50e-01	1.47e-01	1.42e-01	3.55e-01	1.06e-01	1.02e-02
 5.46182e+22	3.99e-26	7.16e-20	2.15e-16	5.50e-14	6.44e-12	4.92e-10	8.50e-07	8.54e-05	2.30e-03	1.67e-02	7.95e-02	1.60e-01	1.51e-01	1.41e-01	3.42e-01	9.82e-02	9.12e-03
 5.47313e+22	5.55e-26	9.60e-20	2.78e-16	6.80e-14	7.61e-12	5.58e-10	9.68e-07	9.70e-05	2.58e-03	1.83e-02	8.52e-02	1.67e-01	1.55e-01	1.40e-01	3.31e-01	9.22e-02	8.31e-03
 5.48492e+22	8.44e-26	1.39e-19	3.85e-16	8.91e-14	9.41e-12	6.55e-10	1.14e-06	1.14e-04	2.98e-03	2.05e-02	9.28e-02	1.77e-01	1.59e-01	1.38e-01	3.17e-01	8.49e-02	7.37e-03
 5.49697e+22	1.18e-25	1.87e-19	4.99e-16	1.10e-13	1.12e-11	7.45e-10	1.29e-06	1.29e-04	3.33e-03	2.23e-02	9.91e-02	1.85e-01	1.61e-01	1.37e-01	3.06e-01	7.94e-02	6.69e-03
 5.50771e+22	1.62e-25	2.49e-19	6.41e-16	1.36e-13	1.32e-11	8.45e-10	1.46e-06	1.45e-04	3.71e-03	2.43e-02	1.05e-01	1.93e-01	1.64e-01	1.35e-01	2.94e-01	7.42e-02	6.07e-03
 5.51998e+22	2.45e-25	3.59e-19	8.82e-16	1.77e-13	1.62e-11	9.91e-10	1.71e-06	1.69e-04	4.23e-03	2.69e-02	1.14e-01	2.03e-01	1.67e-01	1.32e-01	2.80e-01	6.80e-02	5.35e-03
 5.53241e+22	3.37e-25	4.77e-19	1.13e-15	2.18e-13	1.91e-11	1.12e-09	1.92e-06	1.90e-04	4.68e-03	2.91e-02	1.20e-01	2.10e-01	1.68e-01	1.30e-01	2.69e-01	6.33e-02	4.84e-03
 5.54507e+22	5.05e-25	6.84e-19	1.55e-15	2.84e-13	2.36e-11	1.32e-09	2.23e-06	2.19e-04	5.32e-03	3.21e-02	1.29e-01	2.19e-01	1.70e-01	1.27e-01	2.55e-01	5.77e-02	4.25e-03
 5.55736e+22	6.70e-25	8.80e-19	1.93e-15	3.42e-13	2.74e-11	1.48e-09	2.47e-06	2.42e-04	5.80e-03	3.43e-02	1.35e-01	2.26e-01	1.71e-01	1.25e-01	2.45e-01	5.40e-02	3.87e-03
 5.56918e+22	9.65e-25	1.22e-18	2.58e-15	4.35e-13	3.32e-11	1.71e-09	2.82e-06	2.75e-04	6.49e-03	3.73e-02	1.43e-01	2.34e-01	1.72e-01	1.22e-01	2.32e-01	4.94e-02	3.42e-03
 5.58123e+22	1.28e-24	1.57e-18	3.22e-15	5.24e-13	3.85e-11	1.93e-09	3.12e-06	3.03e-04	7.06e-03	3.98e-02	1.50e-01	2.40e-01	1.73e-01	1.19e-01	2.22e-01	4.61e-02	3.11e-03
 5.59357e+22	1.86e-24	2.19e-18	4.31e-15	6.69e-13	4.67e-11	2.24e-09	3.55e-06	3.44e-04	7.88e-03	4.32e-02	1.58e-01	2.47e-01	1.73e-01	1.16e-01	2.10e-01	4.19e-02	2.72e-03
 5.60608e+22	2.44e-24	2.80e-18	5.35e-15	8.03e-13	5.42e-11	2.51e-09	3.93e-06	3.78e-04	8.54e-03	4.59e-02	1.65e-01	2.52e-01	1.73e-01	1.13e-01	2.00e-01	3.90e-02	2.47e-03
 5.61882e+22	3.54e-24	3.91e-18	7.16e-15	1.02e-12	6.59e-11	2.92e-09	4.46e-06	4.27e-04	9.49e-03	4.96e-02	1.73e-01	2.59e-01	1.73e-01	1.09e-01	1.88e-01	3.53e-02	2.16e-03
 5.63133e+22	4.56e-24	4.90e-18	8.75e-15	1.21e-12	7.56e-11	3.25e-09	4.88e-06	4.65e-04	1.02e-02	5.23e-02	1.80e-01	2.64e-01	1.72e-01	1.07e-01	1.80e-01	3.29e-02	1.96e-03
 5.64356e+22	6.44e-24	6.67e-18	1.15e-14	1.52e-12	9.07e-11	3.75e-09	5.49e-06	5.19e-04	1.12e-02	5.61e-02	1.88e-01	2.69e-01	1.71e-01	1.03e-01	1.69e-01	2.99e-02	1.72e-03
 5.65604e+22	8.32e-24	8.40e-18	1.41e-14	1.81e-12	1.04e-10	4.19e-09	6.01e-06	5.65e-04	1.21e-02	5.91e-02	1.94e-01	2.73e-01	1.70e-01	1.00e-01	1.61e-01	2.78e-02	1.56e-03
 5.66884e+22	1.18e-23	1.15e-17	1.85e-14	2.28e-12	1.26e-10	4.83e-09	6.76e-06	6.31e-04	1.32e-02	6.32e-02	2.02e-01	2.78e-01	1.69e-01	9.63e-02	1.51e-01	2.51e-02	1.36e-03
 5.68188e+22	1.53e-23	1.45e-17	2.27e-14	2.72e-12	1.45e-10	5.42e-09	7.41e-06	6.87e-04	1.42e-02	6.65e-02	2.08e-01	2.82e-01	1.67e-01	9.33e-02	1.44e-01	2.32e-02	1.23e-03
 5.69525e+22	2.16e-23	1.98e-17	2.99e-14	3.43e-12	1.75e-10	6.27e-09	8.33e-06	7.66e-04	1.56e-02	7.10e-02	2.16e-01	2.86e-01	1.65e-01	8.95e-02	1.34e-01	2.09e-02	1.07e-03
 5.70885e+22	2.81e-23	2.51e-17	3.69e-14	4.09e-12	2.02e-10	7.04e-09	9.14e-06	8.34e-04	1.67e-02	7.46e-02	2.23e-01	2.89e-01	1.63e-01	8.65e-02	1.27e-01	1.93e-02	9.58e-04
 5.72275e+22	1.32e-25	3.43e-17	4.87e-14	5.17e-12	2.44e-10	8.17e-09	1.03e-05	9.29e-04	1.83e-02	7.95e-02	2.31e-01	2.92e-01	1.60e-01	8.26e-02	1.18e-01	1.73e-02	8.28e-04
 5.73692e+22	1.27e-25	4.35e-17	6.01e-14	6.19e-12	2.83e-10	9.19e-09	1.13e-05	1.01e-03	1.96e-02	8.34e-02	2.37e-01	2.94e-01	1.58e-01	7.96e-02	1.11e-01	1.59e-02	7.40e-04
 5.75144e+22	1.83e-25	5.97e-17	7.95e-14	7.85e-12	3.43e-10	1.07e-08	1.27e-05	1.13e-03	2.14e-02	8.86e-02	2.45e-01	2.96e-01	1.55e-01	7.57e-02	1.03e-01	1.41e-02	6.36e-04
 5.76562e+22	2.34e-25	7.38e-17	9.60e-14	9.23e-12	3.93e-10	1.19e-08	1.38e-05	1.21e-03	2.28e-02	9.24e-02	2.50e-01	2.98e-01	1.52e-01	7.30e-02	9.74e-02	1.31e-02	5.74e-04
 5.77938e+22	3.31e-25	9.93e-17	1.25e-13	1.15e-11	4.70e-10	1.38e-08	1.54e-05	1.34e-03	2.47e-02	9.76e-02	2.57e-01	2.99e-01	1.49e-01	6.94e-02	9.02e-02	1.17e-02	4.95e-04
 5.79335e+22	4.24e-25	1.23e-16	1.51e-13	1.36e-11	5.39e-10	1.54e-08	1.68e-05	1.45e-03	2.62e-02	1.02e-01	2.62e-01	2.99e-01	1.46e-01	6.68e-02	8.52e-02	1.08e-02	4.45e-04
 5.80762e+22	5.94e-25	1.64e-16	1.95e-13	1.69e-11	6.45e-10	1.77e-08	1.88e-05	1.59e-03	2.84e-02	1.07e-01	2.69e-01	3.00e-01	1.42e-01	6.34e-02	7.88e-02	9.62e-03	3.85e-04
 5.82233e+22	7.81e-25	2.08e-16	2.41e-13	2.02e-11	7.48e-10	1.99e-08	2.06e-05	1.73e-03	3.02e-02	1.12e-01	2.74e-01	3.00e-01	1.39e-01	6.07e-02	7.39e-02	8.77e-03	3.41e-04
 5.83763e+22	1.10e-24	2.78e-16	3.12e-13	2.53e-11	9.00e-10	2.31e-08	2.31e-05	1.91e-03	3.27e-02	1.17e-01	2.80e-01	2.99e-01	1.35e-01	5.74e-02	6.81e-02	7.81e-03	2.93e-04
 5.85343e+22	1.47e-24	3.56e-16	3.89e-13	3.06e-11	1.05e-09	2.62e-08	2.55e-05	2.07e-03	3.49e-02	1.22e-01	2.85e-01	2.98e-01	1.32e-01	5.46e-02	6.35e-02	7.06e-03	2.57e-04
 5.86989e+22	2.10e-24	4.83e-16	5.11e-13	3.86e-11	1.28e-09	3.07e-08	2.87e-05	2.30e-03	3.79e-02	1.29e-01	2.91e-01	2.97e-01	1.27e-01	5.13e-02	5.81e-02	6.23e-03	2.19e-04
 5.88681e+22	2.83e-24	6.24e-16	6.42e-13	4.70e-11	1.50e-09	3.50e-08	3.18e-05	2.50e-03	4.05e-02	1.34e-01	2.96e-01	2.95e-01	1.23e-01	4.87e-02	5.38e-02	5.59e-03	1.91e-04
 5.90432e+22	4.10e-24	8.55e-16	8.50e-13	5.99e-11	1.84e-09	4.12e-08	3.61e-05	2.78e-03	4.39e-02	1.41e-01	3.01e-01	2.93e-01	1.19e-01	4.55e-02	4.89e-02	4.89e-03	1.61e-04
 5.92243e+22	5.61e-24	1.12e-15	1.08e-12	7.36e-11	2.19e-09	4.74e-08	4.01e-05	3.04e-03	4.70e-02	1.47e-01	3.06e-01	2.90e-01	1.15e-01	4.28e-02	4.50e-02	4.36e-03	1.39e-04
 5.94130e+22	8.26e-24	1.55e-15	1.45e-12	9.51e-11	2.71e-09	5.63e-08	4.58e-05	3.40e-03	5.10e-02	1.55e-01	3.11e-01	2.86e-01	1.10e-01	3.97e-02	4.06e-02	3.78e-03	1.15e-04
 5.96063e+22	1.14e-23	2.05e-15	1.86e-12	1.18e-10	3.23e-09	6.50e-08	5.12e-05	3.72e-03	5.47e-02	1.61e-01	3.15e-01	2.83e-01	1.05e-01	3.73e-02	3.72e-02	3.34e-03	9.86e-05
 5.97794e+22	1.55e-23	2.65e-15	2.34e-12	1.44e-10	3.83e-09	7.48e-08	5.70e-05	4.06e-03	5.83e-02	1.67e-01	3.18e-01	2.79e-01	1.01e-01	3.50e-02	3.41e-02	2.97e-03	8.50e-05
 5.99783e+22	2.35e-23	3.78e-15	3.21e-12	1.89e-10	4.80e-09	8.97e-08	6.54e-05	4.55e-03	6.34e-02	1.75e-01	3.22e-01	2.74e-01	9.59e-02	3.21e-02	3.03e-02	2.53e-03	6.92e-05
 6.01784e+22	3.19e-23	4.90e-15	4.06e-12	2.32e-10	5.69e-09	1.03e-07	7.28e-05	4.96e-03	6.75e-02	1.82e-01	3.24e-01	2.69e-01	9.20e-02	3.01e-02	2.78e-02	2.24e-03	5.95e-05
 6.03802e+22	4.81e-23	6.93e-15	5.53e-12	3.03e-10	7.11e-09	1.23e-07	8.35e-05	5.54e-03	7.32e-02	1.90e-01	3.27e-01	2.63e-01	8.68e-02	2.75e-02	2.47e-02	1.91e-03	4.84e-05
 6.05862e+22	6.68e-23	9.16e-15	7.10e-12	3.76e-10	8.52e-09	1.43e-07	9.33e-05	6.05e-03	7.81e-02	1.97e-01	3.29e-01	2.58e-01	8.27e-02	2.56e-02	2.24e-02	1.67e-03	4.09e-05
 6.07978e+22	1.02e-22	1.31e-14	9.77e-12	4.95e-10	1.07e-08	1.72e-07	1.07e-04	6.78e-03	8.46e-02	2.05e-01	3.30e-01	2.51e-01	7.77e-02	2.33e-02	1.97e-02	1.40e-03	3.29e-05
 6.10126e+22	1.43e-22	1.75e-14	1.26e-11	6.18e-10	1.29e-08	2.00e-07	1.20e-04	7.41e-03	9.02e-02	2.12e-01	3.31e-01	2.45e-01	7.36e-02	2.15e-02	1.78e-02	1.22e-03	2.76e-05
 6.12316e+22	2.23e-22	2.54e-14	1.77e-11	8.25e-10	1.64e-08	2.43e-07	1.39e-04	8.32e-03	9.78e-02	2.21e-01	3.31e-01	2.37e-01	6.86e-02	1.94e-02	1.55e-02	1.01e-03	2.18e-05
 6.14386e+22	2.98e-22	3.26e-14	2.20e-11	9.99e-10	1.92e-08	2.77e-07	1.54e-04	8.97e-03	1.03e-01	2.27e-01	3.31e-01	2.32e-01	6.54e-02	1.81e-02	1.41e-02	8.96e-04	1.87e-05
 6.16302e+22	4.40e-22	4.54e-14	2.96e-11	1.29e-09	2.37e-08	3.28e-07	1.74e-04	9.91e-03	1.10e-01	2.34e-01	3.30e-01	2.24e-01	6.12e-02	1.65e-02	1.25e-02	7.57e-04	1.51e-05
 6.18232e+22	5.90e-22	5.82e-14	3.70e-11	1.56e-09	2.79e-08	3.74e-07	1.92e-04	1.07e-02	1.16e-01	2.40e-01	3.29e-01	2.18e-01	5.82e-02	1.53e-02	1.13e-02	6.67e-04	1.29e-05
 6.20182e+22	8.80e-22	8.19e-14	5.01e-11	2.02e-09	3.45e-08	4.45e-07	2.18e-04	1.18e-02	1.24e-01	2.47e-01	3.27e-01	2.11e-01	5.42e-02	1.39e-02	9.95e-03	5.59e-04	1.03e-05
 6.22150e+22	1.19e-21	1.06e-13	6.32e-11	2.47e-09	4.08e-08	5.10e-07	2.41e-04	1.27e-02	1.31e-01	2.53e-01	3.25e-01	2.05e-01	5.13e-02	1.28e-02	8.99e-03	4.88e-04	8.73e-06
 6.24142e+22	1.80e-21	1.50e-13	8.61e-11	3.22e-09	5.08e-08	6.09e-07	2.75e-04	1.41e-02	1.40e-01	2.60e-01	3.22e-01	1.97e-01	4.76e-02	1.16e-02	7.84e-03	4.06e-04	6.93e-06
 6.26161e+22	2.47e-21	1.97e-13	1.09e-10	3.95e-09	6.03e-08	7.01e-07	3.05e-04	1.53e-02	1.47e-01	2.65e-01	3.19e-01	1.90e-01	4.48e-02	1.06e-02	7.03e-03	3.51e-04	5.79e-06
 6.28217e+22	3.78e-21	2.83e-13	1.51e-10	5.21e-09	7.59e-08	8.46e-07	3.50e-04	1.69e-02	1.57e-01	2.72e-01	3.14e-01	1.82e-01	4.12e-02	9.50e-03	6.07e-03	2.89e-04	4.53e-06
 6.30302e+22	5.24e-21	3.74e-13	1.93e-10	6.45e-09	9.07e-08	9.79e-07	3.90e-04	1.83e-02	1.65e-01	2.77e-01	3.10e-01	1.75e-01	3.86e-02	8.70e-03	5.41e-03	2.48e-04	3.75e-06
 6.32423e+22	8.10e-21	5.42e-13	2.69e-10	8.57e-09	1.15e-07	1.19e-06	4.50e-04	2.04e-02	1.77e-01	2.83e-01	3.05e-01	1.67e-01	3.53e-02	7.72e-03	4.63e-03	2.01e-04	2.89e-06
 6.34591e+22	1.15e-20	7.31e-13	3.51e-10	1.08e-08	1.39e-07	1.40e-06	5.06e-04	2.22e-02	1.86e-01	2.88e-01	2.99e-01	1.60e-01	3.28e-02	7.00e-03	4.08e-03	1.70e-04	2.35e-06
 6.36821e+22	1.82e-20	1.08e-12	4.98e-10	1.46e-08	1.79e-07	1.72e-06	5.90e-04	2.49e-02	1.99e-01	2.93e-01	2.92e-01	1.51e-01	2.97e-02	6.14e-03	3.44e-03	1.36e-04	1.77e-06
 6.39081e+22	2.63e-20	1.47e-12	6.55e-10	1.85e-08	2.19e-07	2.04e-06	6.67e-04	2.72e-02	2.10e-01	2.97e-01	2.86e-01	1.44e-01	2.74e-02	5.53e-03	3.00e-03	1.13e-04	1.42e-06
 6.41318e+22	4.13e-20	2.16e-12	9.21e-10	2.49e-08	2.82e-07	2.51e-06	7.78e-04	3.04e-02	2.23e-01	3.01e-01	2.77e-01	1.35e-01	2.47e-02	4.84e-03	2.52e-03	9.02e-05	1.07e-06
 6.43454e+22	5.72e-20	2.84e-12	1.18e-09	3.08e-08	3.38e-07	2.93e-06	8.70e-04	3.30e-02	2.33e-01	3.04e-01	2.71e-01	1.29e-01	2.28e-02	4.38e-03	2.22e-03	7.63e-05	8.69e-07
 6.45523e+22	8.79e-20	4.06e-12	1.62e-09	4.09e-08	4.31e-07	3.59e-06	1.01e-03	3.67e-02	2.47e-01	3.06e-01	2.62e-01	1.21e-01	2.06e-02	3.84e-03	1.87e-03	6.10e-05	6.58e-07
 6.47631e+22	1.24e-19	5.39e-12	2.09e-09	5.11e-08	5.23e-07	4.24e-06	1.14e-03	4.00e-02	2.58e-01	3.08e-01	2.54e-01	1.14e-01	1.89e-02	3.45e-03	1.63e-03	5.09e-05	5.26e-07
 6.49693e+22	1.87e-19	7.55e-12	2.84e-09	6.70e-08	6.60e-07	5.17e-06	1.32e-03	4.44e-02	2.72e-01	3.09e-01	2.45e-01	1.07e-01	1.70e-02	3.02e-03	1.37e-03	4.07e-05	4.00e-07
 6.51798e+22	2.67e-19	1.01e-11	3.69e-09	8.46e-08	8.09e-07	6.17e-06	1.50e-03	4.85e-02	2.84e-01	3.09e-01	2.36e-01	1.00e-01	1.54e-02	2.68e-03	1.18e-03	3.34e-05	3.14e-07
 6.53850e+22	3.95e-19	1.38e-11	4.90e-09	1.09e-07	1.01e-06	7.48e-06	1.73e-03	5.36e-02	2.98e-01	3.09e-01	2.27e-01	9.36e-02	1.38e-02	2.35e-03	9.97e-04	2.69e-05	2.40e-07
 6.55941e+22	5.75e-19	1.84e-11	6.38e-09	1.39e-07	1.25e-06	8.99e-06	1.98e-03	5.89e-02	3.11e-01	3.08e-01	2.18e-01	8.73e-02	1.24e-02	2.07e-03	8.47e-04	2.18e-05	1.86e-07
 6.58015e+22	8.48e-19	2.47e-11	8.36e-09	1.78e-07	1.55e-06	1.09e-05	2.28e-03	6.48e-02	3.24e-01	3.06e-01	2.08e-01	8.09e-02	1.11e-02	1.80e-03	7.13e-04	1.74e-05	1.42e-07
 6.60099e+22	1.25e-18	3.27e-11	1.08e-08	2.25e-07	1.92e-06	1.31e-05	2.61e-03	7.12e-02	3.37e-01	3.04e-01	1.98e-01	7.49e-02	9.93e-03	1.58e-03	6.01e-04	1.40e-05	0.00e+00
