#depth	O	O+	O+2	O+3	O+4	O+5	O+6	O+7	O+8	O[1]	O[2]	O[3]
 4.62852e+21	0.00e+00	0.00e+00	0.00e+00	9.17e-25	2.18e-19	2.39e-14	9.20e-09	2.01e-04	1.00e+00	0.00e+00	0.00e+00	0.00e+00
 1.05236e+22	0.00e+00	0.00e+00	8.94e-30	5.56e-24	9.23e-19	7.10e-14	1.89e-08	2.88e-04	1.00e+00	0.00e+00	0.00e+00	0.00e+00
 1.26318e+22	0.00e+00	0.00e+00	3.70e-29	1.82e-23	2.39e-18	1.45e-13	3.05e-08	3.65e-04	1.00e+00	0.00e+00	0.00e+00	0.00e+00
 1.41467e+22	0.00e+00	0.00e+00	1.13e-28	4.59e-23	5.09e-18	2.57e-13	4.45e-08	4.41e-04	1.00e+00	0.00e+00	0.00e+00	0.00e+00
 1.50272e+22	0.00e+00	0.00e+00	1.60e-28	6.16e-23	6.45e-18	3.07e-13	5.01e-08	4.68e-04	1.00e+00	0.00e+00	0.00e+00	0.00e+00
 1.55038e+22	0.00e+00	0.00e+00	2.45e-28	8.80e-23	8.59e-18	3.81e-13	5.78e-08	5.03e-04	9.99e-01	0.00e+00	0.00e+00	0.00e+00
 1.60255e+22	0.00e+00	0.00e+00	3.74e-28	1.25e-22	1.14e-17	4.72e-13	6.66e-08	5.40e-04	9.99e-01	0.00e+00	0.00e+00	0.00e+00
 1.65189e+22	0.00e+00	0.00e+00	5.60e-28	1.75e-22	1.49e-17	5.80e-13	7.62e-08	5.77e-04	9.99e-01	0.00e+00	0.00e+00	0.00e+00
 1.70733e+22	0.00e+00	0.00e+00	9.59e-28	2.75e-22	2.15e-17	7.62e-13	9.13e-08	6.32e-04	9.99e-01	0.00e+00	0.00e+00	0.00e+00
 1.76190e+22	0.00e+00	0.00e+00	1.38e-27	3.72e-22	2.74e-17	9.15e-13	1.03e-07	6.71e-04	9.99e-01	0.00e+00	0.00e+00	0.00e+00
 1.81537e+22	0.00e+00	0.00e+00	2.32e-27	5.77e-22	3.89e-17	1.20e-12	1.23e-07	7.33e-04	9.99e-01	0.00e+00	0.00e+00	0.00e+00
 1.86852e+22	0.00e+00	0.00e+00	3.33e-27	7.79e-22	4.96e-17	1.43e-12	1.39e-07	7.78e-04	9.99e-01	0.00e+00	0.00e+00	0.00e+00
 1.91249e+22	0.00e+00	1.75e-33	4.71e-27	1.04e-21	6.26e-17	1.71e-12	1.56e-07	8.25e-04	9.99e-01	0.00e+00	0.00e+00	0.00e+00
 1.95379e+22	0.00e+00	2.60e-33	6.62e-27	1.38e-21	7.87e-17	2.03e-12	1.75e-07	8.73e-04	9.99e-01	0.00e+00	0.00e+00	0.00e+00
 1.99424e+22	0.00e+00	3.82e-33	9.22e-27	1.83e-21	9.85e-17	2.41e-12	1.96e-07	9.23e-04	9.99e-01	0.00e+00	0.00e+00	0.00e+00
 2.03455e+22	0.00e+00	5.64e-33	1.29e-26	2.41e-21	1.23e-16	2.86e-12	2.19e-07	9.76e-04	9.99e-01	0.00e+00	0.00e+00	0.00e+00
 2.07479e+22	0.00e+00	8.26e-33	1.79e-26	3.18e-21	1.54e-16	3.38e-12	2.45e-07	1.03e-03	9.99e-01	0.00e+00	0.00e+00	0.00e+00
 2.12106e+22	0.00e+00	1.35e-32	2.73e-26	4.53e-21	2.05e-16	4.20e-12	2.82e-07	1.11e-03	9.99e-01	0.00e+00	0.00e+00	0.00e+00
 2.16697e+22	0.00e+00	1.99e-32	3.80e-26	5.98e-21	2.56e-16	4.97e-12	3.15e-07	1.17e-03	9.99e-01	0.00e+00	0.00e+00	0.00e+00
 2.21241e+22	0.00e+00	3.21e-32	5.74e-26	8.45e-21	3.38e-16	6.15e-12	3.63e-07	1.25e-03	9.99e-01	0.00e+00	0.00e+00	0.00e+00
 2.25859e+22	0.00e+00	4.77e-32	8.08e-26	1.12e-20	4.26e-16	7.32e-12	4.07e-07	1.33e-03	9.99e-01	0.00e+00	0.00e+00	0.00e+00
 2.29880e+22	0.00e+00	6.93e-32	1.11e-25	1.47e-20	5.29e-16	8.64e-12	4.54e-07	1.40e-03	9.99e-01	0.00e+00	0.00e+00	0.00e+00
 2.33541e+22	0.00e+00	9.73e-32	1.49e-25	1.88e-20	6.44e-16	1.00e-11	5.01e-07	1.47e-03	9.99e-01	0.00e+00	0.00e+00	0.00e+00
 2.36862e+22	0.00e+00	1.33e-31	1.95e-25	2.35e-20	7.73e-16	1.15e-11	5.48e-07	1.54e-03	9.98e-01	0.00e+00	0.00e+00	0.00e+00
 2.40613e+22	0.00e+00	1.93e-31	2.69e-25	3.08e-20	9.60e-16	1.36e-11	6.11e-07	1.62e-03	9.98e-01	0.00e+00	0.00e+00	0.00e+00
 2.44612e+22	0.00e+00	2.77e-31	3.66e-25	3.99e-20	1.18e-15	1.59e-11	6.79e-07	1.71e-03	9.98e-01	0.00e+00	0.00e+00	0.00e+00
 2.48169e+22	0.00e+00	3.85e-31	4.87e-25	5.06e-20	1.44e-15	1.84e-11	7.47e-07	1.79e-03	9.98e-01	0.00e+00	0.00e+00	0.00e+00
 2.51514e+22	0.00e+00	5.29e-31	6.40e-25	6.37e-20	1.73e-15	2.12e-11	8.20e-07	1.88e-03	9.98e-01	0.00e+00	0.00e+00	0.00e+00
 2.55351e+22	0.00e+00	7.83e-31	8.98e-25	8.46e-20	2.17e-15	2.53e-11	9.20e-07	1.99e-03	9.98e-01	0.00e+00	0.00e+00	0.00e+00
 2.59338e+22	0.00e+00	1.10e-30	1.20e-24	1.08e-19	2.66e-15	2.95e-11	1.02e-06	2.09e-03	9.98e-01	0.00e+00	0.00e+00	0.00e+00
 2.62862e+22	0.00e+00	1.53e-30	1.60e-24	1.38e-19	3.23e-15	3.41e-11	1.12e-06	2.19e-03	9.98e-01	0.00e+00	0.00e+00	0.00e+00
 2.65980e+22	0.00e+00	2.03e-30	2.04e-24	1.69e-19	3.80e-15	3.87e-11	1.22e-06	2.28e-03	9.98e-01	0.00e+00	0.00e+00	0.00e+00
 2.69229e+22	0.00e+00	2.77e-30	2.67e-24	2.12e-19	4.57e-15	4.46e-11	1.33e-06	2.39e-03	9.98e-01	0.00e+00	0.00e+00	0.00e+00
 2.72707e+22	0.00e+00	3.79e-30	3.49e-24	2.65e-19	5.48e-15	5.12e-11	1.46e-06	2.50e-03	9.97e-01	0.00e+00	0.00e+00	0.00e+00
 2.75844e+22	0.00e+00	5.04e-30	4.46e-24	3.26e-19	6.48e-15	5.81e-11	1.59e-06	2.61e-03	9.97e-01	0.00e+00	0.00e+00	0.00e+00
 2.79281e+22	0.00e+00	7.06e-30	5.98e-24	4.17e-19	7.91e-15	6.77e-11	1.76e-06	2.74e-03	9.97e-01	0.00e+00	0.00e+00	0.00e+00
 2.82794e+22	0.00e+00	9.66e-30	7.82e-24	5.22e-19	9.49e-15	7.78e-11	1.92e-06	2.87e-03	9.97e-01	0.00e+00	0.00e+00	0.00e+00
 2.85768e+22	0.00e+00	1.27e-29	9.90e-24	6.36e-19	1.11e-14	8.79e-11	2.08e-06	2.98e-03	9.97e-01	0.00e+00	0.00e+00	0.00e+00
 2.88995e+22	0.00e+00	1.74e-29	1.30e-23	8.01e-19	1.34e-14	1.01e-10	2.29e-06	3.12e-03	9.97e-01	0.00e+00	0.00e+00	0.00e+00
 2.92449e+22	0.00e+00	2.37e-29	1.70e-23	1.00e-18	1.61e-14	1.16e-10	2.51e-06	3.26e-03	9.97e-01	0.00e+00	0.00e+00	0.00e+00
 2.95531e+22	0.00e+00	3.15e-29	2.17e-23	1.23e-18	1.90e-14	1.32e-10	2.72e-06	3.40e-03	9.97e-01	0.00e+00	0.00e+00	0.00e+00
 2.98239e+22	0.00e+00	4.03e-29	2.68e-23	1.47e-18	2.19e-14	1.47e-10	2.93e-06	3.52e-03	9.96e-01	0.00e+00	0.00e+00	0.00e+00
 3.01131e+22	0.00e+00	5.32e-29	3.40e-23	1.80e-18	2.58e-14	1.67e-10	3.18e-06	3.67e-03	9.96e-01	0.00e+00	0.00e+00	0.00e+00
 3.04228e+22	0.00e+00	7.00e-29	4.31e-23	2.19e-18	3.04e-14	1.89e-10	3.45e-06	3.82e-03	9.96e-01	0.00e+00	0.00e+00	0.00e+00
 3.07024e+22	0.00e+00	9.03e-29	5.37e-23	2.63e-18	3.52e-14	2.12e-10	3.71e-06	3.96e-03	9.96e-01	0.00e+00	0.00e+00	0.00e+00
 3.10089e+22	0.00e+00	1.22e-28	6.95e-23	3.28e-18	4.21e-14	2.43e-10	4.06e-06	4.14e-03	9.96e-01	0.00e+00	0.00e+00	0.00e+00
 3.13215e+22	0.00e+00	1.61e-28	8.82e-23	4.00e-18	4.94e-14	2.75e-10	4.40e-06	4.31e-03	9.96e-01	0.00e+00	0.00e+00	0.00e+00
 3.15845e+22	0.00e+00	2.04e-28	1.09e-22	4.76e-18	5.69e-14	3.06e-10	4.73e-06	4.47e-03	9.96e-01	0.00e+00	0.00e+00	0.00e+00
 3.18689e+22	0.00e+00	2.70e-28	1.38e-22	5.83e-18	6.71e-14	3.47e-10	5.13e-06	4.65e-03	9.95e-01	0.00e+00	0.00e+00	0.00e+00
 3.21744e+22	0.00e+00	3.56e-28	1.75e-22	7.12e-18	7.89e-14	3.93e-10	5.57e-06	4.84e-03	9.95e-01	0.00e+00	0.00e+00	0.00e+00
 3.24508e+22	0.00e+00	4.55e-28	2.17e-22	8.51e-18	9.13e-14	4.39e-10	5.99e-06	5.02e-03	9.95e-01	0.00e+00	0.00e+00	0.00e+00
 3.27015e+22	0.00e+00	5.73e-28	2.64e-22	1.01e-17	1.04e-13	4.86e-10	6.41e-06	5.19e-03	9.95e-01	0.00e+00	0.00e+00	0.00e+00
 3.29380e+22	0.00e+00	7.10e-28	3.17e-22	1.17e-17	1.18e-13	5.36e-10	6.84e-06	5.36e-03	9.95e-01	0.00e+00	0.00e+00	0.00e+00
 3.32080e+22	0.00e+00	9.16e-28	3.96e-22	1.41e-17	1.38e-13	6.03e-10	7.38e-06	5.56e-03	9.94e-01	0.00e+00	0.00e+00	0.00e+00
 3.34971e+22	0.00e+00	1.19e-27	4.95e-22	1.71e-17	1.61e-13	6.77e-10	7.97e-06	5.78e-03	9.94e-01	0.00e+00	0.00e+00	0.00e+00
 3.37550e+22	0.00e+00	1.50e-27	6.06e-22	2.02e-17	1.84e-13	7.52e-10	8.54e-06	5.98e-03	9.94e-01	0.00e+00	0.00e+00	0.00e+00
 3.40342e+22	1.71e-34	1.98e-27	7.67e-22	2.47e-17	2.17e-13	8.52e-10	9.27e-06	6.22e-03	9.94e-01	0.00e+00	0.00e+00	0.00e+00
 3.43186e+22	2.27e-34	2.54e-27	9.52e-22	2.96e-17	2.51e-13	9.52e-10	9.98e-06	6.45e-03	9.94e-01	0.00e+00	0.00e+00	0.00e+00
 3.45579e+22	2.91e-34	3.16e-27	1.15e-21	3.46e-17	2.85e-13	1.05e-09	1.07e-05	6.66e-03	9.93e-01	0.00e+00	0.00e+00	0.00e+00
 3.48173e+22	3.88e-34	4.06e-27	1.43e-21	4.16e-17	3.31e-13	1.18e-09	1.15e-05	6.91e-03	9.93e-01	0.00e+00	0.00e+00	0.00e+00
 3.50970e+22	5.18e-34	5.23e-27	1.77e-21	5.00e-17	3.84e-13	1.32e-09	1.24e-05	7.18e-03	9.93e-01	0.00e+00	0.00e+00	0.00e+00
 3.53520e+22	6.72e-34	6.57e-27	2.16e-21	5.89e-17	4.39e-13	1.46e-09	1.33e-05	7.42e-03	9.93e-01	0.00e+00	0.00e+00	0.00e+00
 3.55872e+22	8.60e-34	8.15e-27	2.60e-21	6.89e-17	4.99e-13	1.61e-09	1.41e-05	7.66e-03	9.92e-01	0.00e+00	0.00e+00	0.00e+00
 3.58481e+22	1.14e-33	1.05e-26	3.22e-21	8.25e-17	5.78e-13	1.81e-09	1.52e-05	7.95e-03	9.92e-01	0.00e+00	0.00e+00	0.00e+00
 3.61236e+22	1.51e-33	1.34e-26	3.98e-21	9.86e-17	6.67e-13	2.01e-09	1.64e-05	8.24e-03	9.92e-01	0.00e+00	0.00e+00	0.00e+00
 3.63666e+22	1.95e-33	1.67e-26	4.81e-21	1.16e-16	7.60e-13	2.23e-09	1.75e-05	8.51e-03	9.91e-01	0.00e+00	0.00e+00	0.00e+00
 3.66311e+22	2.62e-33	2.16e-26	6.01e-21	1.40e-16	8.86e-13	2.50e-09	1.89e-05	8.84e-03	9.91e-01	0.00e+00	0.00e+00	0.00e+00
 3.69115e+22	3.51e-33	2.80e-26	7.50e-21	1.68e-16	1.03e-12	2.81e-09	2.04e-05	9.19e-03	9.91e-01	0.00e+00	0.00e+00	0.00e+00
 3.71525e+22	4.47e-33	3.45e-26	8.98e-21	1.96e-16	1.17e-12	3.09e-09	2.18e-05	9.48e-03	9.91e-01	0.00e+00	0.00e+00	0.00e+00
 3.74058e+22	5.94e-33	4.43e-26	1.11e-20	2.35e-16	1.35e-12	3.45e-09	2.34e-05	9.83e-03	9.90e-01	0.00e+00	0.00e+00	0.00e+00
 3.76720e+22	7.81e-33	5.62e-26	1.37e-20	2.79e-16	1.55e-12	3.84e-09	2.52e-05	1.02e-02	9.90e-01	0.00e+00	0.00e+00	0.00e+00
 3.79085e+22	9.97e-33	6.96e-26	1.64e-20	3.25e-16	1.76e-12	4.23e-09	2.68e-05	1.05e-02	9.89e-01	0.00e+00	0.00e+00	0.00e+00
 3.81695e+22	1.34e-32	9.00e-26	2.05e-20	3.92e-16	2.05e-12	4.74e-09	2.90e-05	1.09e-02	9.89e-01	0.00e+00	0.00e+00	0.00e+00
 3.84467e+22	1.80e-32	1.17e-25	2.56e-20	4.72e-16	2.38e-12	5.31e-09	3.13e-05	1.13e-02	9.89e-01	0.00e+00	0.00e+00	0.00e+00
 3.86923e+22	2.30e-32	1.45e-25	3.08e-20	5.51e-16	2.70e-12	5.86e-09	3.34e-05	1.17e-02	9.88e-01	0.00e+00	0.00e+00	0.00e+00
 3.89229e+22	2.98e-32	1.81e-25	3.73e-20	6.47e-16	3.07e-12	6.46e-09	3.57e-05	1.21e-02	9.88e-01	0.00e+00	0.00e+00	0.00e+00
 3.91498e+22	3.78e-32	2.23e-25	4.46e-20	7.52e-16	3.47e-12	7.08e-09	3.80e-05	1.25e-02	9.87e-01	0.00e+00	0.00e+00	0.00e+00
 3.94076e+22	5.05e-32	2.87e-25	5.54e-20	9.03e-16	4.02e-12	7.93e-09	4.10e-05	1.30e-02	9.87e-01	0.00e+00	0.00e+00	0.00e+00
 3.96805e+22	6.80e-32	3.71e-25	6.91e-20	1.09e-15	4.67e-12	8.87e-09	4.43e-05	1.35e-02	9.86e-01	0.00e+00	0.00e+00	0.00e+00
 3.99195e+22	8.80e-32	4.65e-25	8.37e-20	1.28e-15	5.31e-12	9.77e-09	4.73e-05	1.39e-02	9.86e-01	0.00e+00	0.00e+00	0.00e+00
 4.01388e+22	1.12e-31	5.74e-25	1.00e-19	1.48e-15	6.00e-12	1.07e-08	5.04e-05	1.44e-02	9.86e-01	0.00e+00	0.00e+00	0.00e+00
 4.03865e+22	1.49e-31	7.35e-25	1.24e-19	1.77e-15	6.92e-12	1.19e-08	5.43e-05	1.49e-02	9.85e-01	0.00e+00	0.00e+00	0.00e+00
 4.06472e+22	2.00e-31	9.48e-25	1.54e-19	2.12e-15	7.99e-12	1.33e-08	5.84e-05	1.55e-02	9.84e-01	0.00e+00	0.00e+00	0.00e+00
 4.08725e+22	2.52e-31	1.16e-24	1.83e-19	2.45e-15	8.99e-12	1.45e-08	6.21e-05	1.60e-02	9.84e-01	0.00e+00	0.00e+00	0.00e+00
 4.11130e+22	3.41e-31	1.51e-24	2.29e-19	2.96e-15	1.04e-11	1.62e-08	6.71e-05	1.66e-02	9.83e-01	0.00e+00	0.00e+00	0.00e+00
 4.13663e+22	4.50e-31	1.92e-24	2.81e-19	3.50e-15	1.19e-11	1.79e-08	7.20e-05	1.72e-02	9.83e-01	0.00e+00	0.00e+00	0.00e+00
 4.15968e+22	5.84e-31	2.41e-24	3.40e-19	4.12e-15	1.36e-11	1.97e-08	7.69e-05	1.78e-02	9.82e-01	0.00e+00	0.00e+00	0.00e+00
 4.18181e+22	7.58e-31	3.02e-24	4.12e-19	4.83e-15	1.54e-11	2.17e-08	8.22e-05	1.84e-02	9.82e-01	0.00e+00	0.00e+00	0.00e+00
 4.20306e+22	9.64e-31	3.72e-24	4.93e-19	5.60e-15	1.74e-11	2.37e-08	8.74e-05	1.90e-02	9.81e-01	0.00e+00	0.00e+00	0.00e+00
 4.22703e+22	1.32e-30	4.87e-24	6.19e-19	6.77e-15	2.02e-11	2.64e-08	9.45e-05	1.97e-02	9.80e-01	0.00e+00	0.00e+00	0.00e+00
 4.25172e+22	1.74e-30	6.19e-24	7.60e-19	8.02e-15	2.31e-11	2.92e-08	1.01e-04	2.05e-02	9.79e-01	0.00e+00	0.00e+00	0.00e+00
 4.27343e+22	2.27e-30	7.79e-24	9.23e-19	9.43e-15	2.62e-11	3.20e-08	1.08e-04	2.12e-02	9.79e-01	0.00e+00	0.00e+00	0.00e+00
 4.29773e+22	3.14e-30	1.03e-23	1.17e-18	1.15e-14	3.07e-11	3.59e-08	1.17e-04	2.20e-02	9.78e-01	0.00e+00	0.00e+00	0.00e+00
 4.32180e+22	4.12e-30	1.30e-23	1.43e-18	1.35e-14	3.49e-11	3.94e-08	1.26e-04	2.28e-02	9.77e-01	0.00e+00	0.00e+00	0.00e+00
 4.34188e+22	5.25e-30	1.61e-23	1.71e-18	1.57e-14	3.92e-11	4.29e-08	1.33e-04	2.35e-02	9.76e-01	0.00e+00	0.00e+00	0.00e+00
 4.36429e+22	7.17e-30	2.11e-23	2.14e-18	1.89e-14	4.54e-11	4.78e-08	1.44e-04	2.45e-02	9.75e-01	0.00e+00	0.00e+00	0.00e+00
 4.38745e+22	9.49e-30	2.68e-23	2.63e-18	2.24e-14	5.18e-11	5.25e-08	1.54e-04	2.53e-02	9.75e-01	0.00e+00	0.00e+00	0.00e+00
 4.40791e+22	1.23e-29	3.35e-23	3.18e-18	2.62e-14	5.86e-11	5.74e-08	1.64e-04	2.62e-02	9.74e-01	0.00e+00	0.00e+00	0.00e+00
 4.43085e+22	1.71e-29	4.45e-23	4.04e-18	3.20e-14	6.85e-11	6.42e-08	1.78e-04	2.73e-02	9.73e-01	0.00e+00	0.00e+00	0.00e+00
 4.45368e+22	2.26e-29	5.68e-23	4.96e-18	3.78e-14	7.81e-11	7.05e-08	1.91e-04	2.82e-02	9.72e-01	0.00e+00	0.00e+00	0.00e+00
 4.47267e+22	2.89e-29	7.02e-23	5.93e-18	4.39e-14	8.77e-11	7.66e-08	2.02e-04	2.91e-02	9.71e-01	0.00e+00	0.00e+00	0.00e+00
 4.49367e+22	3.93e-29	9.14e-23	7.41e-18	5.27e-14	1.01e-10	8.49e-08	2.18e-04	3.02e-02	9.70e-01	0.00e+00	0.00e+00	0.00e+00
 4.51574e+22	5.19e-29	1.16e-22	9.09e-18	6.23e-14	1.15e-10	9.33e-08	2.33e-04	3.13e-02	9.68e-01	0.00e+00	0.00e+00	0.00e+00
 4.53576e+22	6.88e-29	1.48e-22	1.12e-17	7.38e-14	1.32e-10	1.02e-07	2.49e-04	3.24e-02	9.67e-01	0.00e+00	0.00e+00	0.00e+00
 4.55517e+22	8.97e-29	1.86e-22	1.35e-17	8.65e-14	1.49e-10	1.12e-07	2.66e-04	3.34e-02	9.66e-01	0.00e+00	0.00e+00	0.00e+00
 4.57414e+22	1.17e-28	2.34e-22	1.64e-17	1.02e-13	1.69e-10	1.22e-07	2.83e-04	3.45e-02	9.65e-01	0.00e+00	0.00e+00	0.00e+00
 4.59289e+22	1.52e-28	2.93e-22	1.99e-17	1.19e-13	1.91e-10	1.33e-07	3.01e-04	3.56e-02	9.64e-01	0.00e+00	0.00e+00	0.00e+00
 4.61443e+22	2.13e-28	3.92e-22	2.54e-17	1.45e-13	2.23e-10	1.49e-07	3.26e-04	3.71e-02	9.63e-01	0.00e+00	0.00e+00	0.00e+00
 4.63643e+22	2.87e-28	5.07e-22	3.16e-17	1.74e-13	2.57e-10	1.65e-07	3.50e-04	3.84e-02	9.61e-01	0.00e+00	0.00e+00	0.00e+00
 4.65518e+22	3.73e-28	6.36e-22	3.82e-17	2.04e-13	2.90e-10	1.80e-07	3.73e-04	3.97e-02	9.60e-01	0.00e+00	0.00e+00	0.00e+00
 4.67570e+22	5.18e-28	8.44e-22	4.86e-17	2.48e-13	3.39e-10	2.01e-07	4.03e-04	4.12e-02	9.58e-01	0.00e+00	0.00e+00	0.00e+00
 4.69702e+22	6.97e-28	1.09e-21	6.03e-17	2.97e-13	3.89e-10	2.21e-07	4.31e-04	4.27e-02	9.57e-01	0.00e+00	0.00e+00	0.00e+00
 4.71610e+22	9.29e-28	1.40e-21	7.44e-17	3.53e-13	4.45e-10	2.43e-07	4.61e-04	4.42e-02	9.55e-01	0.00e+00	0.00e+00	0.00e+00
 4.73452e+22	1.22e-27	1.77e-21	9.09e-17	4.16e-13	5.06e-10	2.67e-07	4.92e-04	4.56e-02	9.54e-01	0.00e+00	0.00e+00	0.00e+00
 4.75538e+22	1.75e-27	2.41e-21	1.18e-16	5.16e-13	5.98e-10	3.00e-07	5.34e-04	4.75e-02	9.52e-01	0.00e+00	0.00e+00	0.00e+00
 4.77661e+22	2.34e-27	3.10e-21	1.46e-16	6.15e-13	6.86e-10	3.31e-07	5.72e-04	4.92e-02	9.50e-01	0.00e+00	0.00e+00	0.00e+00
 4.79834e+22	3.36e-27	4.24e-21	1.90e-16	7.66e-13	8.14e-10	3.73e-07	6.22e-04	5.13e-02	9.48e-01	0.00e+00	0.00e+00	0.00e+00
 4.82070e+22	4.68e-27	5.65e-21	2.43e-16	9.36e-13	9.51e-10	4.17e-07	6.71e-04	5.32e-02	9.46e-01	0.00e+00	0.00e+00	0.00e+00
 4.83956e+22	6.22e-27	7.21e-21	2.99e-16	1.11e-12	1.09e-09	4.58e-07	7.16e-04	5.49e-02	9.44e-01	0.00e+00	0.00e+00	0.00e+00
 4.85976e+22	8.91e-27	9.84e-21	3.88e-16	1.38e-12	1.29e-09	5.16e-07	7.78e-04	5.72e-02	9.42e-01	0.00e+00	0.00e+00	0.00e+00
 4.88011e+22	1.21e-26	1.28e-20	4.85e-16	1.66e-12	1.48e-09	5.70e-07	8.33e-04	5.92e-02	9.40e-01	0.00e+00	0.00e+00	0.00e+00
 4.89772e+22	1.59e-26	1.62e-20	5.94e-16	1.96e-12	1.69e-09	6.26e-07	8.87e-04	6.10e-02	9.38e-01	0.00e+00	0.00e+00	0.00e+00
 4.91429e+22	2.10e-26	2.06e-20	7.28e-16	2.32e-12	1.92e-09	6.85e-07	9.43e-04	6.29e-02	9.36e-01	0.00e+00	0.00e+00	0.00e+00
 4.92959e+22	2.68e-26	2.55e-20	8.71e-16	2.69e-12	2.16e-09	7.44e-07	9.97e-04	6.46e-02	9.34e-01	0.00e+00	0.00e+00	0.00e+00
 4.94378e+22	3.41e-26	3.14e-20	1.04e-15	3.12e-12	2.42e-09	8.05e-07	1.05e-03	6.63e-02	9.33e-01	0.00e+00	0.00e+00	0.00e+00
 4.95705e+22	4.32e-26	3.86e-20	1.24e-15	3.60e-12	2.70e-09	8.71e-07	1.11e-03	6.80e-02	9.31e-01	0.00e+00	0.00e+00	0.00e+00
 4.96997e+22	5.39e-26	4.67e-20	1.46e-15	4.12e-12	3.00e-09	9.37e-07	1.16e-03	6.97e-02	9.29e-01	0.00e+00	0.00e+00	0.00e+00
 4.98258e+22	6.71e-26	5.65e-20	1.71e-15	4.70e-12	3.33e-09	1.01e-06	1.22e-03	7.13e-02	9.27e-01	0.00e+00	0.00e+00	0.00e+00
 4.99491e+22	8.37e-26	6.84e-20	2.01e-15	5.38e-12	3.69e-09	1.08e-06	1.28e-03	7.30e-02	9.26e-01	0.00e+00	0.00e+00	0.00e+00
 5.00720e+22	1.05e-25	8.30e-20	2.37e-15	6.16e-12	4.10e-09	1.17e-06	1.35e-03	7.47e-02	9.24e-01	0.00e+00	0.00e+00	0.00e+00
 5.01948e+22	1.31e-25	1.01e-19	2.80e-15	7.06e-12	4.55e-09	1.26e-06	1.41e-03	7.65e-02	9.22e-01	0.00e+00	0.00e+00	0.00e+00
 5.03124e+22	1.62e-25	1.21e-19	3.28e-15	8.04e-12	5.04e-09	1.35e-06	1.48e-03	7.82e-02	9.20e-01	0.00e+00	0.00e+00	0.00e+00
 5.04237e+22	2.02e-25	1.46e-19	3.84e-15	9.17e-12	5.57e-09	1.45e-06	1.55e-03	8.00e-02	9.18e-01	0.00e+00	0.00e+00	0.00e+00
 5.05336e+22	2.48e-25	1.75e-19	4.48e-15	1.04e-11	6.14e-09	1.55e-06	1.62e-03	8.17e-02	9.17e-01	0.00e+00	0.00e+00	0.00e+00
 5.06598e+22	3.23e-25	2.20e-19	5.43e-15	1.22e-11	6.95e-09	1.69e-06	1.72e-03	8.39e-02	9.14e-01	0.00e+00	0.00e+00	0.00e+00
 5.07892e+22	4.12e-25	2.72e-19	6.50e-15	1.41e-11	7.79e-09	1.83e-06	1.81e-03	8.60e-02	9.12e-01	0.00e+00	0.00e+00	0.00e+00
 5.09002e+22	5.10e-25	3.27e-19	7.61e-15	1.61e-11	8.61e-09	1.96e-06	1.89e-03	8.79e-02	9.10e-01	0.00e+00	0.00e+00	0.00e+00
 5.10030e+22	6.26e-25	3.91e-19	8.85e-15	1.83e-11	9.48e-09	2.10e-06	1.97e-03	8.97e-02	9.08e-01	0.00e+00	0.00e+00	0.00e+00
 5.11173e+22	8.11e-25	4.89e-19	1.07e-14	2.14e-11	1.07e-08	2.28e-06	2.08e-03	9.20e-02	9.06e-01	0.00e+00	0.00e+00	0.00e+00
 5.12324e+22	1.00e-24	5.87e-19	1.25e-14	2.43e-11	1.18e-08	2.44e-06	2.18e-03	9.40e-02	9.04e-01	0.00e+00	0.00e+00	0.00e+00
 5.13331e+22	1.26e-24	7.17e-19	1.48e-14	2.79e-11	1.31e-08	2.63e-06	2.28e-03	9.61e-02	9.02e-01	0.00e+00	0.00e+00	0.00e+00
 5.14312e+22	1.56e-24	8.60e-19	1.73e-14	3.17e-11	1.45e-08	2.81e-06	2.38e-03	9.81e-02	9.00e-01	0.00e+00	0.00e+00	0.00e+00
 5.15413e+22	2.03e-24	1.08e-18	2.10e-14	3.73e-11	1.64e-08	3.06e-06	2.51e-03	1.01e-01	8.97e-01	0.00e+00	0.00e+00	0.00e+00
 5.16548e+22	2.59e-24	1.34e-18	2.52e-14	4.33e-11	1.84e-08	3.32e-06	2.64e-03	1.03e-01	8.94e-01	0.00e+00	0.00e+00	0.00e+00
 5.17541e+22	3.23e-24	1.62e-18	2.97e-14	4.95e-11	2.04e-08	3.56e-06	2.76e-03	1.05e-01	8.92e-01	0.00e+00	0.00e+00	0.00e+00
 5.18642e+22	4.38e-24	2.11e-18	3.71e-14	5.94e-11	2.34e-08	3.92e-06	2.93e-03	1.08e-01	8.89e-01	0.00e+00	0.00e+00	0.00e+00
 5.19712e+22	5.32e-24	2.50e-18	4.28e-14	6.69e-11	2.57e-08	4.17e-06	3.05e-03	1.10e-01	8.87e-01	0.00e+00	0.00e+00	0.00e+00
 5.20741e+22	7.25e-24	3.27e-18	5.38e-14	8.08e-11	2.96e-08	4.60e-06	3.24e-03	1.13e-01	8.83e-01	0.00e+00	0.00e+00	0.00e+00
 5.21765e+22	8.94e-24	3.92e-18	6.28e-14	9.17e-11	3.26e-08	4.92e-06	3.38e-03	1.16e-01	8.81e-01	0.00e+00	0.00e+00	0.00e+00
 5.22781e+22	1.20e-23	5.06e-18	7.80e-14	1.10e-10	3.73e-08	5.39e-06	3.58e-03	1.19e-01	8.78e-01	0.00e+00	0.00e+00	0.00e+00
 5.23796e+22	1.51e-23	6.18e-18	9.23e-14	1.26e-10	4.15e-08	5.80e-06	3.75e-03	1.21e-01	8.75e-01	0.00e+00	0.00e+00	0.00e+00
 5.24811e+22	2.07e-23	8.12e-18	1.17e-13	1.52e-10	4.80e-08	6.40e-06	3.99e-03	1.25e-01	8.71e-01	0.00e+00	0.00e+00	0.00e+00
 5.25815e+22	2.58e-23	9.84e-18	1.37e-13	1.74e-10	5.31e-08	6.86e-06	4.16e-03	1.27e-01	8.69e-01	0.00e+00	0.00e+00	0.00e+00
 5.26805e+22	3.56e-23	1.30e-17	1.74e-13	2.12e-10	6.16e-08	7.59e-06	4.43e-03	1.31e-01	8.65e-01	0.00e+00	0.00e+00	0.00e+00
 5.27796e+22	4.47e-23	1.59e-17	2.06e-13	2.43e-10	6.84e-08	8.15e-06	4.63e-03	1.33e-01	8.62e-01	0.00e+00	0.00e+00	0.00e+00
 5.28787e+22	6.25e-23	2.12e-17	2.63e-13	2.97e-10	7.97e-08	9.04e-06	4.93e-03	1.37e-01	8.58e-01	0.00e+00	0.00e+00	0.00e+00
 5.29785e+22	7.94e-23	2.61e-17	3.14e-13	3.43e-10	8.90e-08	9.75e-06	5.17e-03	1.40e-01	8.55e-01	0.00e+00	0.00e+00	0.00e+00
 5.30791e+22	1.10e-22	3.48e-17	4.00e-13	4.19e-10	1.03e-07	1.08e-05	5.51e-03	1.44e-01	8.50e-01	0.00e+00	0.00e+00	0.00e+00
 5.31789e+22	1.42e-22	4.31e-17	4.81e-13	4.87e-10	1.16e-07	1.17e-05	5.77e-03	1.48e-01	8.47e-01	0.00e+00	0.00e+00	0.00e+00
 5.32776e+22	1.97e-22	5.76e-17	6.14e-13	5.95e-10	1.35e-07	1.29e-05	6.15e-03	1.52e-01	8.42e-01	0.00e+00	0.00e+00	0.00e+00
 5.33778e+22	2.57e-22	7.23e-17	7.45e-13	6.97e-10	1.52e-07	1.40e-05	6.47e-03	1.55e-01	8.38e-01	0.00e+00	0.00e+00	0.00e+00
 5.34800e+22	3.64e-22	9.78e-17	9.62e-13	8.60e-10	1.78e-07	1.56e-05	6.92e-03	1.60e-01	8.33e-01	0.00e+00	0.00e+00	0.00e+00
 5.35834e+22	4.78e-22	1.24e-16	1.18e-12	1.01e-09	2.02e-07	1.70e-05	7.29e-03	1.64e-01	8.29e-01	0.00e+00	0.00e+00	0.00e+00
 5.36883e+22	6.85e-22	1.69e-16	1.53e-12	1.26e-09	2.38e-07	1.91e-05	7.81e-03	1.69e-01	8.23e-01	0.00e+00	0.00e+00	0.00e+00
 5.37938e+22	9.02e-22	2.15e-16	1.88e-12	1.49e-09	2.70e-07	2.08e-05	8.23e-03	1.73e-01	8.19e-01	0.00e+00	0.00e+00	0.00e+00
 5.38848e+22	1.18e-21	2.72e-16	2.29e-12	1.75e-09	3.06e-07	2.26e-05	8.67e-03	1.77e-01	8.15e-01	0.00e+00	0.00e+00	0.00e+00
 5.39878e+22	1.69e-21	3.70e-16	2.98e-12	2.17e-09	3.60e-07	2.53e-05	9.28e-03	1.82e-01	8.09e-01	0.00e+00	0.00e+00	0.00e+00
 5.40907e+22	2.17e-21	4.61e-16	3.58e-12	2.53e-09	4.05e-07	2.74e-05	9.75e-03	1.86e-01	8.04e-01	0.00e+00	0.00e+00	0.00e+00
 5.41932e+22	3.07e-21	6.22e-16	4.62e-12	3.11e-09	4.75e-07	3.05e-05	1.04e-02	1.92e-01	7.98e-01	0.00e+00	0.00e+00	0.00e+00
 5.42969e+22	3.95e-21	7.74e-16	5.57e-12	3.63e-09	5.34e-07	3.31e-05	1.10e-02	1.96e-01	7.93e-01	0.00e+00	0.00e+00	0.00e+00
 5.44020e+22	5.59e-21	1.04e-15	7.18e-12	4.47e-09	6.26e-07	3.69e-05	1.17e-02	2.02e-01	7.87e-01	0.00e+00	0.00e+00	0.00e+00
 5.45089e+22	7.19e-21	1.30e-15	8.65e-12	5.21e-09	7.05e-07	4.00e-05	1.23e-02	2.06e-01	7.82e-01	0.00e+00	0.00e+00	0.00e+00
 5.46182e+22	1.00e-20	1.74e-15	1.11e-11	6.38e-09	8.24e-07	4.45e-05	1.32e-02	2.12e-01	7.75e-01	0.00e+00	0.00e+00	0.00e+00
 5.47313e+22	1.32e-20	2.20e-15	1.35e-11	7.53e-09	9.35e-07	4.86e-05	1.39e-02	2.17e-01	7.69e-01	0.00e+00	0.00e+00	0.00e+00
 5.48492e+22	1.86e-20	2.96e-15	1.74e-11	9.28e-09	1.10e-06	5.44e-05	1.49e-02	2.23e-01	7.62e-01	0.00e+00	0.00e+00	0.00e+00
 5.49697e+22	2.44e-20	3.75e-15	2.13e-11	1.10e-08	1.25e-06	5.94e-05	1.57e-02	2.28e-01	7.56e-01	0.00e+00	0.00e+00	0.00e+00
 5.50771e+22	3.17e-20	4.71e-15	2.58e-11	1.29e-08	1.42e-06	6.48e-05	1.66e-02	2.34e-01	7.50e-01	0.00e+00	0.00e+00	0.00e+00
 5.51998e+22	4.43e-20	6.29e-15	3.31e-11	1.58e-08	1.66e-06	7.23e-05	1.77e-02	2.40e-01	7.42e-01	0.00e+00	0.00e+00	0.00e+00
 5.53241e+22	5.72e-20	7.85e-15	4.00e-11	1.84e-08	1.87e-06	7.88e-05	1.87e-02	2.46e-01	7.36e-01	0.00e+00	0.00e+00	0.00e+00
 5.54507e+22	7.94e-20	1.04e-14	5.09e-11	2.25e-08	2.19e-06	8.79e-05	2.00e-02	2.52e-01	7.28e-01	0.00e+00	0.00e+00	0.00e+00
 5.55736e+22	9.96e-20	1.27e-14	6.02e-11	2.59e-08	2.44e-06	9.48e-05	2.10e-02	2.57e-01	7.22e-01	0.00e+00	0.00e+00	0.00e+00
 5.56918e+22	1.34e-19	1.64e-14	7.50e-11	3.11e-08	2.82e-06	1.05e-04	2.23e-02	2.64e-01	7.14e-01	0.00e+00	0.00e+00	0.00e+00
 5.58123e+22	1.68e-19	1.99e-14	8.85e-11	3.57e-08	3.14e-06	1.13e-04	2.34e-02	2.69e-01	7.08e-01	0.00e+00	0.00e+00	0.00e+00
 5.59357e+22	2.26e-19	2.59e-14	1.11e-10	4.30e-08	3.63e-06	1.25e-04	2.49e-02	2.76e-01	6.99e-01	0.00e+00	0.00e+00	0.00e+00
 5.60608e+22	2.81e-19	3.12e-14	1.30e-10	4.91e-08	4.04e-06	1.35e-04	2.60e-02	2.81e-01	6.93e-01	0.00e+00	0.00e+00	0.00e+00
 5.61882e+22	3.78e-19	4.04e-14	1.62e-10	5.91e-08	4.67e-06	1.49e-04	2.77e-02	2.87e-01	6.85e-01	0.00e+00	0.00e+00	0.00e+00
 5.63133e+22	4.62e-19	4.81e-14	1.88e-10	6.68e-08	5.14e-06	1.60e-04	2.89e-02	2.92e-01	6.79e-01	0.00e+00	0.00e+00	0.00e+00
 5.64356e+22	6.08e-19	6.10e-14	2.30e-10	7.93e-08	5.89e-06	1.76e-04	3.06e-02	2.99e-01	6.70e-01	0.00e+00	0.00e+00	0.00e+00
 5.65604e+22	7.44e-19	7.27e-14	2.68e-10	8.99e-08	6.50e-06	1.89e-04	3.19e-02	3.04e-01	6.64e-01	0.00e+00	0.00e+00	0.00e+00
 5.66884e+22	9.79e-19	9.23e-14	3.28e-10	1.07e-07	7.44e-06	2.08e-04	3.38e-02	3.11e-01	6.55e-01	0.00e+00	0.00e+00	0.00e+00
 5.68188e+22	1.20e-18	1.10e-13	3.83e-10	1.21e-07	8.24e-06	2.23e-04	3.53e-02	3.16e-01	6.49e-01	0.00e+00	0.00e+00	0.00e+00
 5.69525e+22	1.58e-18	1.40e-13	4.70e-10	1.44e-07	9.45e-06	2.46e-04	3.75e-02	3.23e-01	6.40e-01	0.00e+00	0.00e+00	0.00e+00
 5.70885e+22	1.95e-18	1.68e-13	5.48e-10	1.64e-07	1.05e-05	2.64e-04	3.91e-02	3.28e-01	6.33e-01	0.00e+00	0.00e+00	0.00e+00
 5.72275e+22	2.56e-18	2.13e-13	6.73e-10	1.95e-07	1.20e-05	2.91e-04	4.15e-02	3.35e-01	6.23e-01	0.00e+00	0.00e+00	0.00e+00
 5.73692e+22	3.15e-18	2.55e-13	7.86e-10	2.22e-07	1.33e-05	3.13e-04	4.34e-02	3.40e-01	6.16e-01	0.00e+00	0.00e+00	0.00e+00
 5.75144e+22	4.16e-18	3.25e-13	9.66e-10	2.64e-07	1.53e-05	3.45e-04	4.60e-02	3.48e-01	6.06e-01	0.00e+00	0.00e+00	0.00e+00
 5.76562e+22	4.99e-18	3.81e-13	1.11e-09	2.96e-07	1.67e-05	3.68e-04	4.78e-02	3.53e-01	5.99e-01	0.00e+00	0.00e+00	0.00e+00
 5.77938e+22	6.48e-18	4.78e-13	1.34e-09	3.48e-07	1.91e-05	4.04e-04	5.05e-02	3.59e-01	5.90e-01	0.00e+00	0.00e+00	0.00e+00
 5.79335e+22	7.78e-18	5.60e-13	1.54e-09	3.91e-07	2.09e-05	4.31e-04	5.25e-02	3.64e-01	5.83e-01	0.00e+00	0.00e+00	0.00e+00
 5.80762e+22	1.00e-17	6.98e-13	1.86e-09	4.58e-07	2.37e-05	4.71e-04	5.54e-02	3.71e-01	5.73e-01	0.00e+00	0.00e+00	0.00e+00
 5.82233e+22	1.23e-17	8.32e-13	2.17e-09	5.20e-07	2.63e-05	5.07e-04	5.78e-02	3.76e-01	5.65e-01	0.00e+00	0.00e+00	0.00e+00
 5.83763e+22	1.58e-17	1.04e-12	2.62e-09	6.09e-07	2.98e-05	5.54e-04	6.10e-02	3.83e-01	5.55e-01	0.00e+00	0.00e+00	0.00e+00
 5.85343e+22	1.95e-17	1.25e-12	3.07e-09	6.97e-07	3.32e-05	5.98e-04	6.38e-02	3.89e-01	5.47e-01	0.00e+00	0.00e+00	0.00e+00
 5.86989e+22	2.54e-17	1.57e-12	3.74e-09	8.21e-07	3.79e-05	6.56e-04	6.74e-02	3.95e-01	5.37e-01	2.54e-17	6.37e-28	6.78e-28
 5.88681e+22	3.16e-17	1.90e-12	4.40e-09	9.43e-07	4.23e-05	7.10e-04	7.06e-02	4.01e-01	5.28e-01	3.16e-17	5.91e-26	7.45e-26
 5.90432e+22	4.13e-17	2.40e-12	5.39e-09	1.12e-06	4.84e-05	7.81e-04	7.46e-02	4.08e-01	5.17e-01	4.13e-17	7.75e-26	9.76e-26
 5.92243e+22	5.20e-17	2.93e-12	6.39e-09	1.29e-06	5.43e-05	8.47e-04	7.83e-02	4.14e-01	5.07e-01	5.20e-17	9.74e-26	1.23e-25
 5.94130e+22	6.89e-17	3.75e-12	7.89e-09	1.54e-06	6.25e-05	9.36e-04	8.29e-02	4.21e-01	4.95e-01	6.89e-17	1.29e-25	1.63e-25
 5.96063e+22	8.71e-17	4.60e-12	9.41e-09	1.78e-06	7.03e-05	1.02e-03	8.70e-02	4.27e-01	4.85e-01	8.71e-17	1.63e-25	2.06e-25
 5.97794e+22	1.09e-16	5.58e-12	1.11e-08	2.05e-06	7.85e-05	1.10e-03	9.10e-02	4.32e-01	4.76e-01	1.09e-16	2.04e-25	2.57e-25
 5.99783e+22	1.47e-16	7.25e-12	1.39e-08	2.48e-06	9.14e-05	1.22e-03	9.68e-02	4.39e-01	4.63e-01	1.47e-16	2.76e-25	3.47e-25
 6.01784e+22	1.83e-16	8.79e-12	1.64e-08	2.85e-06	1.02e-04	1.32e-03	1.01e-01	4.44e-01	4.53e-01	1.83e-16	3.44e-25	4.33e-25
 6.03802e+22	2.46e-16	1.14e-11	2.05e-08	3.43e-06	1.18e-04	1.47e-03	1.07e-01	4.51e-01	4.40e-01	2.46e-16	4.62e-25	5.81e-25
 6.05862e+22	3.12e-16	1.40e-11	2.45e-08	3.98e-06	1.33e-04	1.59e-03	1.12e-01	4.56e-01	4.30e-01	3.12e-16	5.85e-25	7.37e-25
 6.07978e+22	4.22e-16	1.82e-11	3.07e-08	4.81e-06	1.55e-04	1.77e-03	1.19e-01	4.62e-01	4.16e-01	4.22e-16	7.92e-25	9.97e-25
 6.10126e+22	5.38e-16	2.25e-11	3.68e-08	5.60e-06	1.75e-04	1.93e-03	1.25e-01	4.67e-01	4.05e-01	5.38e-16	1.01e-24	1.27e-24
 6.12316e+22	7.37e-16	2.96e-11	4.66e-08	6.84e-06	2.06e-04	2.16e-03	1.33e-01	4.73e-01	3.91e-01	7.37e-16	1.39e-24	1.74e-24
 6.14386e+22	9.07e-16	3.54e-11	5.45e-08	7.79e-06	2.28e-04	2.32e-03	1.39e-01	4.77e-01	3.82e-01	9.07e-16	1.71e-24	2.15e-24
 6.16302e+22	1.20e-15	4.51e-11	6.71e-08	9.29e-06	2.63e-04	2.57e-03	1.46e-01	4.82e-01	3.69e-01	1.20e-15	2.25e-24	2.83e-24
 6.18232e+22	1.47e-15	5.40e-11	7.83e-08	1.06e-05	2.92e-04	2.76e-03	1.52e-01	4.85e-01	3.60e-01	1.47e-15	2.77e-24	3.48e-24
 6.20182e+22	1.95e-15	6.89e-11	9.68e-08	1.27e-05	3.37e-04	3.05e-03	1.61e-01	4.89e-01	3.47e-01	1.95e-15	3.67e-24	4.61e-24
 6.22150e+22	2.41e-15	8.30e-11	1.14e-07	1.45e-05	3.76e-04	3.30e-03	1.68e-01	4.92e-01	3.37e-01	2.41e-15	4.54e-24	5.71e-24
 6.24142e+22	3.20e-15	1.06e-10	1.41e-07	1.74e-05	4.36e-04	3.65e-03	1.77e-01	4.95e-01	3.24e-01	3.20e-15	6.02e-24	7.58e-24
 6.26161e+22	3.97e-15	1.28e-10	1.66e-07	2.00e-05	4.88e-04	3.95e-03	1.84e-01	4.98e-01	3.13e-01	3.97e-15	7.49e-24	9.42e-24
 6.28217e+22	5.30e-15	1.65e-10	2.06e-07	2.41e-05	5.69e-04	4.40e-03	1.95e-01	5.00e-01	3.00e-01	5.30e-15	1.00e-23	1.26e-23
 6.30302e+22	6.61e-15	2.00e-10	2.44e-07	2.78e-05	6.38e-04	4.77e-03	2.03e-01	5.02e-01	2.90e-01	6.61e-15	1.25e-23	1.57e-23
 6.32423e+22	8.83e-15	2.58e-10	3.04e-07	3.36e-05	7.46e-04	5.31e-03	2.15e-01	5.03e-01	2.76e-01	8.83e-15	1.67e-23	2.10e-23
 6.34591e+22	1.11e-14	3.15e-10	3.62e-07	3.91e-05	8.45e-04	5.80e-03	2.24e-01	5.04e-01	2.65e-01	1.11e-14	2.10e-23	2.64e-23
 6.36821e+22	1.49e-14	4.08e-10	4.55e-07	4.76e-05	9.94e-04	6.50e-03	2.38e-01	5.04e-01	2.51e-01	1.49e-14	2.82e-23	3.55e-23
 6.39081e+22	1.88e-14	4.99e-10	5.43e-07	5.55e-05	1.13e-03	7.10e-03	2.48e-01	5.04e-01	2.40e-01	1.88e-14	3.55e-23	4.46e-23
 6.41318e+22	2.48e-14	6.37e-10	6.75e-07	6.71e-05	1.32e-03	7.94e-03	2.62e-01	5.03e-01	2.26e-01	2.48e-14	4.70e-23	5.90e-23
 6.43454e+22	3.02e-14	7.57e-10	7.87e-07	7.68e-05	1.48e-03	8.59e-03	2.72e-01	5.01e-01	2.17e-01	3.02e-14	5.73e-23	7.19e-23
 6.45523e+22	3.89e-14	9.45e-10	9.60e-07	9.16e-05	1.72e-03	9.54e-03	2.86e-01	4.99e-01	2.04e-01	3.89e-14	7.37e-23	9.26e-23
 6.47631e+22	4.73e-14	1.12e-09	1.12e-06	1.05e-04	1.93e-03	1.04e-02	2.97e-01	4.96e-01	1.95e-01	4.73e-14	8.97e-23	1.13e-22
 6.49693e+22	5.94e-14	1.37e-09	1.35e-06	1.24e-04	2.22e-03	1.14e-02	3.11e-01	4.92e-01	1.83e-01	5.94e-14	1.13e-22	1.42e-22
 6.51798e+22	7.20e-14	1.63e-09	1.57e-06	1.43e-04	2.51e-03	1.25e-02	3.23e-01	4.88e-01	1.74e-01	7.20e-14	1.37e-22	1.72e-22
 6.53850e+22	8.81e-14	1.95e-09	1.86e-06	1.66e-04	2.85e-03	1.37e-02	3.36e-01	4.83e-01	1.64e-01	8.81e-14	1.67e-22	2.10e-22
 6.55941e+22	1.06e-13	2.30e-09	2.16e-06	1.91e-04	3.22e-03	1.49e-02	3.49e-01	4.78e-01	1.54e-01	1.06e-13	2.02e-22	2.53e-22
 6.58015e+22	1.27e-13	2.71e-09	2.52e-06	2.20e-04	3.65e-03	1.63e-02	3.63e-01	4.72e-01	1.45e-01	1.27e-13	2.42e-22	3.04e-22
 6.60099e+22	1.51e-13	3.16e-09	2.92e-06	2.52e-04	4.11e-03	1.78e-02	3.76e-01	4.66e-01	1.36e-01	1.51e-13	2.88e-22	3.61e-22
 6.62160e+22	1.78e-13	3.66e-09	3.36e-06	2.87e-04	4.61e-03	1.93e-02	3.89e-01	4.59e-01	1.28e-01	1.78e-13	3.39e-22	4.25e-22
 6.64216e+22	2.07e-13	4.22e-09	3.85e-06	3.27e-04	5.16e-03	2.10e-02	4.02e-01	4.52e-01	1.20e-01	2.07e-13	3.96e-22	4.96e-22
 6.66278e+22	2.40e-13	4.83e-09	4.39e-06	3.71e-04	5.77e-03	2.28e-02	4.15e-01	4.44e-01	1.12e-01	2.40e-13	4.59e-22	5.75e-22
 6.68349e+22	2.76e-13	5.50e-09	4.99e-06	4.20e-04	6.44e-03	2.47e-02	4.28e-01	4.36e-01	1.05e-01	2.76e-13	5.28e-22	6.62e-22
 6.70433e+22	3.16e-13	6.24e-09	5.66e-06	4.74e-04	7.17e-03	2.68e-02	4.41e-01	4.27e-01	9.79e-02	3.16e-13	6.05e-22	7.58e-22
 6.72537e+22	3.59e-13	7.04e-09	6.40e-06	5.34e-04	7.97e-03	2.90e-02	4.53e-01	4.18e-01	9.13e-02	3.59e-13	6.88e-22	8.62e-22
 6.74667e+22	4.06e-13	7.91e-09	7.21e-06	6.01e-04	8.84e-03	3.13e-02	4.66e-01	4.08e-01	8.49e-02	4.06e-13	7.79e-22	9.76e-22
 6.76807e+22	4.56e-13	8.85e-09	8.09e-06	6.74e-04	9.78e-03	3.38e-02	4.78e-01	3.99e-01	7.89e-02	4.56e-13	8.76e-22	1.10e-21
 6.78983e+22	5.11e-13	9.88e-09	9.09e-06	7.57e-04	1.08e-02	3.65e-02	4.90e-01	3.89e-01	7.31e-02	5.11e-13	9.83e-22	1.23e-21
 6.81185e+22	5.69e-13	1.10e-08	1.02e-05	8.47e-04	1.19e-02	3.93e-02	5.02e-01	3.78e-01	6.78e-02	5.69e-13	1.10e-21	1.37e-21
 6.83431e+22	6.31e-13	1.22e-08	1.14e-05	9.50e-04	1.32e-02	4.24e-02	5.14e-01	3.67e-01	6.25e-02	6.31e-13	1.22e-21	1.52e-21
 6.85515e+22	6.88e-13	1.33e-08	1.25e-05	1.04e-03	1.43e-02	4.50e-02	5.22e-01	3.59e-01	5.86e-02	6.88e-13	1.33e-21	1.66e-21
 6.87658e+22	7.60e-13	1.47e-08	1.40e-05	1.17e-03	1.58e-02	4.86e-02	5.34e-01	3.47e-01	5.37e-02	7.60e-13	1.47e-21	1.84e-21
 6.89844e+22	8.25e-13	1.60e-08	1.53e-05	1.28e-03	1.70e-02	5.15e-02	5.42e-01	3.38e-01	5.01e-02	8.25e-13	1.60e-21	1.99e-21
 6.92084e+22	9.04e-13	1.76e-08	1.71e-05	1.44e-03	1.88e-02	5.57e-02	5.53e-01	3.26e-01	4.57e-02	9.04e-13	1.75e-21	2.19e-21
 6.94331e+22	9.81e-13	1.92e-08	1.87e-05	1.58e-03	2.02e-02	5.88e-02	5.60e-01	3.16e-01	4.26e-02	9.81e-13	1.90e-21	2.38e-21
 6.96585e+22	1.07e-12	2.11e-08	2.09e-05	1.76e-03	2.22e-02	6.32e-02	5.70e-01	3.04e-01	3.88e-02	1.07e-12	2.08e-21	2.61e-21
 6.98854e+22	1.16e-12	2.29e-08	2.28e-05	1.93e-03	2.38e-02	6.68e-02	5.76e-01	2.95e-01	3.61e-02	1.16e-12	2.25e-21	2.81e-21
 7.01143e+22	1.26e-12	2.52e-08	2.54e-05	2.16e-03	2.61e-02	7.16e-02	5.84e-01	2.83e-01	3.28e-02	1.26e-12	2.46e-21	3.07e-21
 7.03453e+22	1.36e-12	2.72e-08	2.77e-05	2.35e-03	2.79e-02	7.54e-02	5.90e-01	2.74e-01	3.05e-02	1.36e-12	2.65e-21	3.31e-21
 7.05788e+22	1.48e-12	3.00e-08	3.09e-05	2.63e-03	3.05e-02	8.07e-02	5.96e-01	2.62e-01	2.76e-02	1.48e-12	2.89e-21	3.61e-21
 7.08153e+22	1.59e-12	3.25e-08	3.38e-05	2.87e-03	3.26e-02	8.49e-02	6.01e-01	2.53e-01	2.55e-02	1.59e-12	3.12e-21	3.89e-21
 7.10556e+22	1.74e-12	3.59e-08	3.78e-05	3.21e-03	3.54e-02	9.06e-02	6.06e-01	2.41e-01	2.30e-02	1.74e-12	3.41e-21	4.25e-21
 7.13000e+22	1.88e-12	3.91e-08	4.14e-05	3.51e-03	3.79e-02	9.53e-02	6.10e-01	2.32e-01	2.12e-02	1.88e-12	3.69e-21	4.60e-21
 7.15497e+22	2.05e-12	4.33e-08	4.65e-05	3.93e-03	4.12e-02	1.02e-01	6.13e-01	2.21e-01	1.90e-02	2.05e-12	4.04e-21	5.04e-21
 7.18048e+22	2.23e-12	4.74e-08	5.12e-05	4.31e-03	4.40e-02	1.07e-01	6.16e-01	2.12e-01	1.75e-02	2.23e-12	4.40e-21	5.49e-21
 7.20669e+22	2.45e-12	5.30e-08	5.78e-05	4.85e-03	4.78e-02	1.14e-01	6.18e-01	2.00e-01	1.56e-02	2.45e-12	4.86e-21	6.05e-21
 7.23350e+22	2.69e-12	5.85e-08	6.41e-05	5.33e-03	5.10e-02	1.19e-01	6.19e-01	1.91e-01	1.42e-02	2.69e-12	5.33e-21	6.64e-21
 7.25612e+22	2.90e-12	6.37e-08	7.01e-05	5.80e-03	5.40e-02	1.24e-01	6.19e-01	1.84e-01	1.31e-02	2.90e-12	5.76e-21	7.18e-21
 7.28054e+22	3.19e-12	7.11e-08	7.87e-05	6.45e-03	5.81e-02	1.31e-01	6.18e-01	1.74e-01	1.17e-02	3.19e-12	6.36e-21	7.92e-21
 7.30531e+22	3.47e-12	7.79e-08	8.65e-05	7.02e-03	6.15e-02	1.37e-01	6.18e-01	1.66e-01	1.08e-02	3.47e-12	6.93e-21	8.63e-21
 7.32671e+22	3.75e-12	8.50e-08	9.45e-05	7.60e-03	6.48e-02	1.42e-01	6.16e-01	1.59e-01	9.91e-03	3.75e-12	7.51e-21	9.35e-21
 7.35071e+22	4.13e-12	9.49e-08	1.06e-04	8.42e-03	6.93e-02	1.49e-01	6.13e-01	1.50e-01	8.88e-03	4.13e-12	8.29e-21	1.03e-20
 7.37460e+22	4.53e-12	1.04e-07	1.16e-04	9.11e-03	7.29e-02	1.54e-01	6.11e-01	1.44e-01	8.20e-03	4.53e-12	9.11e-21	1.13e-20
 7.39836e+22	5.01e-12	1.17e-07	1.30e-04	1.01e-02	7.77e-02	1.62e-01	6.07e-01	1.36e-01	7.34e-03	5.01e-12	1.01e-20	1.26e-20
 7.42246e+22	5.52e-12	1.29e-07	1.43e-04	1.09e-02	8.17e-02	1.67e-01	6.03e-01	1.30e-01	6.75e-03	5.52e-12	1.12e-20	1.39e-20
 7.44699e+22	6.17e-12	1.46e-07	1.62e-04	1.21e-02	8.70e-02	1.75e-01	5.98e-01	1.22e-01	6.02e-03	6.17e-12	1.25e-20	1.56e-20
 7.47196e+22	6.87e-12	1.63e-07	1.79e-04	1.31e-02	9.15e-02	1.80e-01	5.93e-01	1.16e-01	5.51e-03	6.87e-12	1.40e-20	1.74e-20
 7.49750e+22	7.73e-12	1.86e-07	2.03e-04	1.45e-02	9.74e-02	1.88e-01	5.86e-01	1.09e-01	4.88e-03	7.73e-12	1.58e-20	1.96e-20
 7.52343e+22	8.69e-12	2.09e-07	2.25e-04	1.58e-02	1.02e-01	1.94e-01	5.80e-01	1.03e-01	4.45e-03	8.69e-12	1.78e-20	2.21e-20
 7.54987e+22	9.91e-12	2.41e-07	2.57e-04	1.75e-02	1.09e-01	2.02e-01	5.71e-01	9.62e-02	3.92e-03	9.91e-12	2.04e-20	2.53e-20
 7.57696e+22	1.13e-11	2.73e-07	2.88e-04	1.91e-02	1.15e-01	2.08e-01	5.64e-01	9.09e-02	3.54e-03	1.13e-11	2.32e-20	2.88e-20
 7.60487e+22	1.30e-11	3.19e-07	3.31e-04	2.13e-02	1.22e-01	2.16e-01	5.53e-01	8.41e-02	3.09e-03	1.30e-11	2.70e-20	3.35e-20
 7.63339e+22	1.49e-11	3.65e-07	3.72e-04	2.33e-02	1.28e-01	2.22e-01	5.44e-01	7.90e-02	2.78e-03	1.49e-11	3.11e-20	3.85e-20
 7.66269e+22	1.77e-11	4.33e-07	4.33e-04	2.61e-02	1.37e-01	2.31e-01	5.31e-01	7.26e-02	2.41e-03	1.77e-11	3.70e-20	4.58e-20
 7.69234e+22	2.05e-11	5.00e-07	4.88e-04	2.85e-02	1.44e-01	2.37e-01	5.21e-01	6.80e-02	2.15e-03	2.05e-11	4.31e-20	5.33e-20
 7.72245e+22	2.45e-11	5.98e-07	5.69e-04	3.19e-02	1.53e-01	2.44e-01	5.06e-01	6.21e-02	1.85e-03	2.45e-11	5.18e-20	6.41e-20
 7.75291e+22	2.87e-11	6.93e-07	6.44e-04	3.48e-02	1.60e-01	2.50e-01	4.95e-01	5.79e-02	1.64e-03	2.87e-11	6.09e-20	7.54e-20
 7.78382e+22	3.48e-11	8.37e-07	7.54e-04	3.90e-02	1.70e-01	2.57e-01	4.79e-01	5.26e-02	1.40e-03	3.48e-11	7.44e-20	9.20e-20
 7.81400e+22	4.07e-11	9.66e-07	8.47e-04	4.23e-02	1.78e-01	2.62e-01	4.67e-01	4.91e-02	1.26e-03	4.07e-11	8.75e-20	1.08e-19
 7.84325e+22	4.91e-11	1.16e-06	9.83e-04	4.69e-02	1.87e-01	2.68e-01	4.51e-01	4.47e-02	1.08e-03	4.91e-11	1.06e-19	1.31e-19
 7.87348e+22	5.83e-11	1.35e-06	1.11e-03	5.10e-02	1.96e-01	2.72e-01	4.38e-01	4.14e-02	9.51e-04	5.83e-11	1.27e-19	1.56e-19
 7.89930e+22	6.76e-11	1.55e-06	1.24e-03	5.50e-02	2.03e-01	2.76e-01	4.26e-01	3.86e-02	8.50e-04	6.76e-11	1.48e-19	1.82e-19
 7.92717e+22	8.17e-11	1.84e-06	1.43e-03	6.04e-02	2.13e-01	2.80e-01	4.10e-01	3.51e-02	7.32e-04	8.17e-11	1.80e-19	2.22e-19
 7.95504e+22	9.52e-11	2.12e-06	1.59e-03	6.49e-02	2.20e-01	2.83e-01	3.97e-01	3.26e-02	6.51e-04	9.52e-11	2.11e-19	2.60e-19
 7.98294e+22	1.16e-10	2.52e-06	1.82e-03	7.10e-02	2.30e-01	2.86e-01	3.81e-01	2.97e-02	5.63e-04	1.16e-10	2.58e-19	3.18e-19
 8.01194e+22	1.37e-10	2.93e-06	2.05e-03	7.68e-02	2.38e-01	2.88e-01	3.67e-01	2.72e-02	4.92e-04	1.37e-10	3.08e-19	3.79e-19
 8.03784e+22	1.62e-10	3.38e-06	2.29e-03	8.24e-02	2.46e-01	2.90e-01	3.54e-01	2.51e-02	4.35e-04	1.62e-10	3.66e-19	4.50e-19
 8.06698e+22	2.00e-10	4.05e-06	2.62e-03	9.00e-02	2.56e-01	2.91e-01	3.37e-01	2.27e-02	3.71e-04	2.00e-10	4.55e-19	5.59e-19
 8.09761e+22	2.41e-10	4.77e-06	2.97e-03	9.74e-02	2.65e-01	2.92e-01	3.22e-01	2.06e-02	3.21e-04	2.41e-10	5.55e-19	6.81e-19
 8.12544e+22	2.89e-10	5.56e-06	3.34e-03	1.05e-01	2.73e-01	2.92e-01	3.08e-01	1.88e-02	2.79e-04	2.89e-10	6.69e-19	8.21e-19
 8.15688e+22	3.64e-10	6.74e-06	3.85e-03	1.14e-01	2.83e-01	2.91e-01	2.91e-01	1.67e-02	2.34e-04	3.64e-10	8.51e-19	1.04e-18
 8.18926e+22	4.45e-10	7.98e-06	4.36e-03	1.24e-01	2.91e-01	2.90e-01	2.76e-01	1.50e-02	1.99e-04	4.45e-10	1.05e-18	1.29e-18
 8.21802e+22	5.38e-10	9.33e-06	4.90e-03	1.32e-01	2.99e-01	2.88e-01	2.62e-01	1.36e-02	1.72e-04	5.38e-10	1.28e-18	1.57e-18
 8.25059e+22	6.88e-10	1.14e-05	5.67e-03	1.44e-01	3.08e-01	2.85e-01	2.44e-01	1.19e-02	1.42e-04	6.88e-10	1.66e-18	2.03e-18
 8.28407e+22	8.47e-10	1.35e-05	6.40e-03	1.55e-01	3.16e-01	2.82e-01	2.30e-01	1.06e-02	1.20e-04	8.47e-10	2.06e-18	2.52e-18
 8.31876e+22	1.10e-09	1.66e-05	7.44e-03	1.69e-01	3.24e-01	2.77e-01	2.12e-01	9.16e-03	9.69e-05	1.10e-09	2.72e-18	3.32e-18
 8.35406e+22	1.37e-09	1.97e-05	8.41e-03	1.82e-01	3.31e-01	2.72e-01	1.99e-01	8.11e-03	8.12e-05	1.37e-09	3.41e-18	4.16e-18
 8.39015e+22	1.81e-09	2.46e-05	9.82e-03	1.98e-01	3.39e-01	2.65e-01	1.81e-01	6.88e-03	6.42e-05	1.81e-09	4.58e-18	5.58e-18
 8.42664e+22	2.25e-09	2.91e-05	1.11e-02	2.11e-01	3.44e-01	2.59e-01	1.68e-01	6.05e-03	5.35e-05	2.25e-09	5.78e-18	7.04e-18
 8.46368e+22	3.00e-09	3.62e-05	1.29e-02	2.29e-01	3.50e-01	2.51e-01	1.52e-01	5.09e-03	4.19e-05	3.00e-09	7.81e-18	9.50e-18
 8.50105e+22	3.76e-09	4.30e-05	1.45e-02	2.44e-01	3.53e-01	2.43e-01	1.40e-01	4.43e-03	3.44e-05	3.76e-09	9.94e-18	1.21e-17
 8.53887e+22	5.02e-09	5.34e-05	1.68e-02	2.63e-01	3.57e-01	2.33e-01	1.26e-01	3.69e-03	2.67e-05	5.02e-09	1.35e-17	1.64e-17
 8.57718e+22	6.35e-09	6.36e-05	1.89e-02	2.79e-01	3.59e-01	2.25e-01	1.15e-01	3.17e-03	2.16e-05	6.35e-09	1.73e-17	2.10e-17
 8.61612e+22	8.55e-09	7.92e-05	2.19e-02	3.00e-01	3.60e-01	2.13e-01	1.02e-01	2.61e-03	1.64e-05	8.55e-09	2.38e-17	2.89e-17
 8.65538e+22	1.08e-08	9.42e-05	2.45e-02	3.16e-01	3.60e-01	2.04e-01	9.26e-02	2.22e-03	1.32e-05	1.08e-08	3.07e-17	3.71e-17
 8.69504e+22	1.46e-08	1.17e-04	2.83e-02	3.38e-01	3.59e-01	1.92e-01	8.14e-02	1.80e-03	9.92e-06	1.46e-08	4.24e-17	5.12e-17
 8.73524e+22	1.86e-08	1.39e-04	3.16e-02	3.55e-01	3.56e-01	1.82e-01	7.31e-02	1.52e-03	7.85e-06	1.86e-08	5.49e-17	6.63e-17
 8.77615e+22	2.54e-08	1.74e-04	3.64e-02	3.77e-01	3.52e-01	1.70e-01	6.34e-02	1.21e-03	5.79e-06	2.54e-08	7.67e-17	9.25e-17
 8.81744e+22	3.23e-08	2.06e-04	4.06e-02	3.94e-01	3.48e-01	1.60e-01	5.65e-02	1.01e-03	4.53e-06	3.23e-08	9.96e-17	1.20e-16
 8.85926e+22	4.41e-08	2.56e-04	4.65e-02	4.16e-01	3.41e-01	1.47e-01	4.85e-02	8.00e-04	3.29e-06	4.41e-08	1.40e-16	1.68e-16
 8.90164e+22	5.64e-08	3.04e-04	5.17e-02	4.33e-01	3.34e-01	1.37e-01	4.28e-02	6.60e-04	2.54e-06	5.64e-08	1.83e-16	2.20e-16
 8.93855e+22	7.16e-08	3.59e-04	5.72e-02	4.48e-01	3.27e-01	1.28e-01	3.78e-02	5.45e-04	1.97e-06	7.16e-08	2.37e-16	2.85e-16
 8.97380e+22	8.90e-08	4.17e-04	6.26e-02	4.63e-01	3.21e-01	1.20e-01	3.37e-02	4.57e-04	1.55e-06	8.90e-08	3.01e-16	3.61e-16
 9.00731e+22	1.10e-07	4.82e-04	6.82e-02	4.76e-01	3.13e-01	1.12e-01	3.00e-02	3.83e-04	1.23e-06	1.10e-07	3.80e-16	4.55e-16
 9.04507e+22	1.44e-07	5.78e-04	7.60e-02	4.92e-01	3.03e-01	1.02e-01	2.58e-02	3.05e-04	9.08e-07	1.44e-07	5.10e-16	6.11e-16
 9.08275e+22	1.77e-07	6.67e-04	8.26e-02	5.04e-01	2.95e-01	9.53e-02	2.28e-02	2.54e-04	7.13e-07	1.77e-07	6.43e-16	7.70e-16
 9.12035e+22	2.31e-07	7.97e-04	9.15e-02	5.18e-01	2.84e-01	8.66e-02	1.95e-02	2.01e-04	5.24e-07	2.31e-07	8.61e-16	1.03e-15
 9.15864e+22	2.86e-07	9.21e-04	9.93e-02	5.28e-01	2.74e-01	7.99e-02	1.71e-02	1.66e-04	4.05e-07	2.86e-07	1.09e-15	1.31e-15
 9.19784e+22	3.74e-07	1.10e-03	1.10e-01	5.40e-01	2.62e-01	7.19e-02	1.45e-02	1.29e-04	2.93e-07	3.74e-07	1.48e-15	1.76e-15
