#depth	He	He+	He+2
 1.54284e+22	1.22e-05	3.64e-02	9.64e-01
 3.51025e+22	2.43e-05	5.10e-02	9.49e-01
 4.14710e+22	3.40e-05	6.00e-02	9.40e-01
 4.51026e+22	4.31e-05	6.72e-02	9.33e-01
 4.72501e+22	4.76e-05	7.05e-02	9.29e-01
 4.87193e+22	5.40e-05	7.49e-02	9.25e-01
 5.02208e+22	6.00e-05	7.87e-02	9.21e-01
 5.17642e+22	6.82e-05	8.37e-02	9.16e-01
 5.33513e+22	7.64e-05	8.84e-02	9.12e-01
 5.47566e+22	8.48e-05	9.29e-02	9.07e-01
 5.63451e+22	9.69e-05	9.89e-02	9.01e-01
 5.79682e+22	1.08e-04	1.04e-01	8.96e-01
 5.96363e+22	1.24e-04	1.11e-01	8.89e-01
 6.12584e+22	1.37e-04	1.17e-01	8.83e-01
 6.25344e+22	1.50e-04	1.22e-01	8.78e-01
 6.39069e+22	1.68e-04	1.28e-01	8.72e-01
 6.53205e+22	1.84e-04	1.34e-01	8.66e-01
 6.65905e+22	2.01e-04	1.40e-01	8.60e-01
 6.80444e+22	2.26e-04	1.47e-01	8.53e-01
 6.95127e+22	2.48e-04	1.54e-01	8.46e-01
 7.07995e+22	2.71e-04	1.60e-01	8.40e-01
 7.22723e+22	3.03e-04	1.68e-01	8.31e-01
 7.37706e+22	3.33e-04	1.76e-01	8.24e-01
 7.50930e+22	3.65e-04	1.83e-01	8.16e-01
 7.66030e+22	4.09e-04	1.93e-01	8.07e-01
 7.81354e+22	4.49e-04	2.01e-01	7.99e-01
 7.94923e+22	4.93e-04	2.09e-01	7.90e-01
 8.10514e+22	5.52e-04	2.20e-01	7.79e-01
 8.26367e+22	6.07e-04	2.29e-01	7.70e-01
 8.42562e+22	6.82e-04	2.41e-01	7.58e-01
 8.58966e+22	7.52e-04	2.52e-01	7.48e-01
 8.75641e+22	8.45e-04	2.65e-01	7.34e-01
 8.92648e+22	9.33e-04	2.76e-01	7.23e-01
 9.10086e+22	1.05e-03	2.90e-01	7.09e-01
 9.27817e+22	1.16e-03	3.03e-01	6.96e-01
 9.37724e+22	1.19e-03	3.06e-01	6.93e-01
 9.42401e+22	1.23e-03	3.10e-01	6.89e-01
 9.48481e+22	1.28e-03	3.15e-01	6.83e-01
 9.56386e+22	1.35e-03	3.22e-01	6.77e-01
 9.66661e+22	1.45e-03	3.31e-01	6.67e-01
 9.78254e+22	1.55e-03	3.41e-01	6.58e-01
 9.91559e+22	1.70e-03	3.53e-01	6.45e-01
 1.00510e+23	1.83e-03	3.64e-01	6.34e-01
 1.01894e+23	2.00e-03	3.77e-01	6.21e-01
 1.03294e+23	2.15e-03	3.88e-01	6.10e-01
 1.04714e+23	2.35e-03	4.02e-01	5.96e-01
 1.06170e+23	2.53e-03	4.14e-01	5.83e-01
 1.07674e+23	2.79e-03	4.30e-01	5.67e-01
 1.09183e+23	3.00e-03	4.42e-01	5.55e-01
 1.10700e+23	3.29e-03	4.58e-01	5.39e-01
 1.12258e+23	3.56e-03	4.72e-01	5.25e-01
 1.13870e+23	3.93e-03	4.89e-01	5.07e-01
 1.15500e+23	4.25e-03	5.04e-01	4.92e-01
 1.17151e+23	4.68e-03	5.22e-01	4.73e-01
 1.18845e+23	5.09e-03	5.38e-01	4.56e-01
 1.20596e+23	5.63e-03	5.58e-01	4.36e-01
 1.22356e+23	6.13e-03	5.75e-01	4.19e-01
 1.24128e+23	6.81e-03	5.96e-01	3.97e-01
 1.25894e+23	7.39e-03	6.13e-01	3.80e-01
 1.27652e+23	8.20e-03	6.34e-01	3.58e-01
 1.29419e+23	8.91e-03	6.52e-01	3.39e-01
 1.31200e+23	9.91e-03	6.73e-01	3.17e-01
 1.32983e+23	1.08e-02	6.91e-01	2.98e-01
 1.34767e+23	1.20e-02	7.12e-01	2.76e-01
 1.36552e+23	1.31e-02	7.30e-01	2.57e-01
 1.38335e+23	1.46e-02	7.50e-01	2.35e-01
 1.40113e+23	1.59e-02	7.67e-01	2.17e-01
 1.41883e+23	1.78e-02	7.86e-01	1.96e-01
 1.43662e+23	1.95e-02	8.02e-01	1.79e-01
 1.45450e+23	2.19e-02	8.18e-01	1.60e-01
 1.47260e+23	2.41e-02	8.33e-01	1.43e-01
 1.48854e+23	2.65e-02	8.45e-01	1.29e-01
 1.50683e+23	2.99e-02	8.57e-01	1.13e-01
 1.52508e+23	3.33e-02	8.67e-01	9.95e-02
 1.53874e+23	3.59e-02	8.73e-01	9.07e-02
 1.55195e+23	3.96e-02	8.79e-01	8.14e-02
 1.56614e+23	4.35e-02	8.83e-01	7.31e-02
 1.57933e+23	4.78e-02	8.86e-01	6.59e-02
 1.59190e+23	5.26e-02	8.88e-01	5.97e-02
 1.60377e+23	5.79e-02	8.88e-01	5.44e-02
 1.61483e+23	6.36e-02	8.86e-01	5.00e-02
 1.62504e+23	6.99e-02	8.84e-01	4.61e-02
 1.63442e+23	7.67e-02	8.80e-01	4.31e-02
 1.64301e+23	8.41e-02	8.75e-01	4.04e-02
 1.65080e+23	9.20e-02	8.70e-01	3.83e-02
 1.65769e+23	1.00e-01	8.63e-01	3.67e-02
 1.66390e+23	1.09e-01	8.56e-01	3.53e-02
 1.66956e+23	1.18e-01	8.48e-01	3.42e-02
 1.67471e+23	1.27e-01	8.40e-01	3.34e-02
 1.67945e+23	1.37e-01	8.30e-01	3.27e-02
 1.68384e+23	1.47e-01	8.21e-01	3.22e-02
 1.68797e+23	1.58e-01	8.11e-01	3.18e-02
 1.69171e+23	1.68e-01	8.00e-01	3.17e-02
 1.69492e+23	1.77e-01	7.91e-01	3.17e-02
 1.69726e+23	1.84e-01	7.84e-01	3.18e-02
 1.69894e+23	1.90e-01	7.78e-01	3.18e-02
 1.70064e+23	1.96e-01	7.72e-01	3.18e-02
 1.70263e+23	2.04e-01	7.64e-01	3.18e-02
 1.70484e+23	2.12e-01	7.56e-01	3.20e-02
 1.70707e+23	2.21e-01	7.47e-01	3.21e-02
 1.70920e+23	2.30e-01	7.38e-01	3.22e-02
 1.71125e+23	2.39e-01	7.29e-01	3.23e-02
 1.71289e+23	2.45e-01	7.22e-01	3.25e-02
 1.71404e+23	2.50e-01	7.17e-01	3.25e-02
 1.71518e+23	2.56e-01	7.11e-01	3.25e-02
 1.71651e+23	2.63e-01	7.05e-01	3.25e-02
 1.71797e+23	2.70e-01	6.97e-01	3.25e-02
 1.71939e+23	2.77e-01	6.90e-01	3.26e-02
 1.72079e+23	2.85e-01	6.83e-01	3.25e-02
 1.72225e+23	2.93e-01	6.75e-01	3.24e-02
 1.72373e+23	3.01e-01	6.67e-01	3.24e-02
 1.72524e+23	3.09e-01	6.58e-01	3.23e-02
 1.72680e+23	3.18e-01	6.49e-01	3.22e-02
 1.72841e+23	3.28e-01	6.40e-01	3.20e-02
 1.73006e+23	3.38e-01	6.30e-01	3.18e-02
 1.73174e+23	3.48e-01	6.20e-01	3.17e-02
 1.73346e+23	3.59e-01	6.10e-01	3.14e-02
 1.73525e+23	3.70e-01	5.99e-01	3.11e-02
 1.73710e+23	3.82e-01	5.87e-01	3.08e-02
 1.73899e+23	3.94e-01	5.76e-01	3.05e-02
 1.74092e+23	4.07e-01	5.63e-01	3.01e-02
 1.74294e+23	4.20e-01	5.50e-01	2.96e-02
 1.74502e+23	4.34e-01	5.37e-01	2.91e-02
 1.74715e+23	4.48e-01	5.24e-01	2.86e-02
 1.74936e+23	4.62e-01	5.10e-01	2.81e-02
 1.75165e+23	4.77e-01	4.95e-01	2.74e-02
 1.75404e+23	4.93e-01	4.80e-01	2.68e-02
 1.75651e+23	5.09e-01	4.65e-01	2.60e-02
 1.75906e+23	5.25e-01	4.50e-01	2.53e-02
 1.76169e+23	5.41e-01	4.34e-01	2.45e-02
 1.76438e+23	5.57e-01	4.19e-01	2.37e-02
 1.76713e+23	5.74e-01	4.04e-01	2.28e-02
 1.76999e+23	5.90e-01	3.88e-01	2.19e-02
 1.77297e+23	6.06e-01	3.73e-01	2.10e-02
 1.77605e+23	6.22e-01	3.58e-01	2.01e-02
 1.77918e+23	6.37e-01	3.43e-01	1.91e-02
 1.78245e+23	6.53e-01	3.29e-01	1.82e-02
 1.78593e+23	6.68e-01	3.15e-01	1.72e-02
 1.78953e+23	6.82e-01	3.02e-01	1.63e-02
 1.79326e+23	6.96e-01	2.89e-01	1.53e-02
 1.79722e+23	7.10e-01	2.76e-01	1.44e-02
 1.80141e+23	7.23e-01	2.64e-01	1.35e-02
 1.80580e+23	7.35e-01	2.52e-01	1.26e-02
 1.81033e+23	7.47e-01	2.41e-01	1.17e-02
 1.81477e+23	7.58e-01	2.31e-01	1.09e-02
 1.81903e+23	7.67e-01	2.23e-01	1.02e-02
 1.82319e+23	7.76e-01	2.15e-01	9.58e-03
 1.82725e+23	7.83e-01	2.08e-01	9.00e-03
 1.83123e+23	7.90e-01	2.01e-01	8.47e-03
 1.83504e+23	7.97e-01	1.95e-01	7.99e-03
 1.83867e+23	8.03e-01	1.90e-01	7.55e-03
 1.84208e+23	8.08e-01	1.85e-01	7.17e-03
 1.84539e+23	8.13e-01	1.80e-01	6.79e-03
 1.84870e+23	8.18e-01	1.76e-01	6.46e-03
 1.85192e+23	8.22e-01	1.71e-01	6.14e-03
 1.85501e+23	8.27e-01	1.67e-01	5.85e-03
 1.85799e+23	8.31e-01	1.64e-01	5.58e-03
 1.86088e+23	8.35e-01	1.60e-01	5.33e-03
 1.86367e+23	8.38e-01	1.57e-01	5.09e-03
 1.86636e+23	8.42e-01	1.54e-01	4.87e-03
 1.86896e+23	8.45e-01	1.50e-01	4.67e-03
 1.87146e+23	8.48e-01	1.47e-01	4.47e-03
 1.87388e+23	8.51e-01	1.45e-01	4.29e-03
 1.87617e+23	8.54e-01	1.42e-01	4.13e-03
 1.87842e+23	8.57e-01	1.39e-01	3.96e-03
 1.88060e+23	8.59e-01	1.37e-01	3.82e-03
 1.88259e+23	8.62e-01	1.35e-01	3.68e-03
 1.88440e+23	8.64e-01	1.32e-01	3.56e-03
 1.88604e+23	8.66e-01	1.30e-01	3.45e-03
 1.88754e+23	8.68e-01	1.29e-01	3.35e-03
 1.88890e+23	8.70e-01	1.27e-01	3.26e-03
 1.89014e+23	8.71e-01	1.26e-01	3.18e-03
 1.89127e+23	8.73e-01	1.24e-01	3.11e-03
 1.89251e+23	8.74e-01	1.23e-01	3.03e-03
 1.89384e+23	8.76e-01	1.21e-01	2.95e-03
 1.89506e+23	8.77e-01	1.20e-01	2.89e-03
 1.89639e+23	8.79e-01	1.18e-01	2.81e-03
 1.89783e+23	8.80e-01	1.17e-01	2.74e-03
 1.89913e+23	8.82e-01	1.16e-01	2.67e-03
 1.90032e+23	8.83e-01	1.14e-01	2.61e-03
 1.90141e+23	8.84e-01	1.13e-01	2.56e-03
 1.90259e+23	8.86e-01	1.12e-01	2.49e-03
 1.90387e+23	8.87e-01	1.11e-01	2.44e-03
 1.90528e+23	8.89e-01	1.09e-01	2.37e-03
 1.90679e+23	8.90e-01	1.08e-01	2.32e-03
 1.90817e+23	8.91e-01	1.07e-01	2.26e-03
 1.90943e+23	8.92e-01	1.06e-01	2.22e-03
 1.91080e+23	8.94e-01	1.04e-01	2.15e-03
 1.91259e+23	8.95e-01	1.03e-01	2.09e-03
 1.91452e+23	8.97e-01	1.01e-01	2.03e-03
 1.91628e+23	8.98e-01	9.96e-02	1.96e-03
 1.91787e+23	9.00e-01	9.83e-02	1.91e-03
 1.91933e+23	9.01e-01	9.70e-02	1.86e-03
 1.92065e+23	9.02e-01	9.59e-02	1.81e-03
 1.92210e+23	9.04e-01	9.44e-02	1.76e-03
 1.92367e+23	9.05e-01	9.31e-02	1.71e-03
 1.92509e+23	9.06e-01	9.20e-02	1.67e-03
 1.92639e+23	9.07e-01	9.09e-02	1.63e-03
 1.92757e+23	9.08e-01	8.99e-02	1.59e-03
 1.92886e+23	9.10e-01	8.87e-02	1.55e-03
 1.93026e+23	9.11e-01	8.76e-02	1.51e-03
 1.93153e+23	9.12e-01	8.67e-02	1.47e-03
 1.93292e+23	9.13e-01	8.54e-02	1.43e-03
 1.93442e+23	9.14e-01	8.44e-02	1.40e-03
 1.93579e+23	9.15e-01	8.34e-02	1.37e-03
 1.93729e+23	9.17e-01	8.21e-02	1.32e-03
 1.93890e+23	9.18e-01	8.10e-02	1.29e-03
 1.94038e+23	9.19e-01	8.01e-02	1.26e-03
 1.94171e+23	9.20e-01	7.91e-02	1.22e-03
 1.94293e+23	9.21e-01	7.82e-02	1.20e-03
 1.94404e+23	9.21e-01	7.75e-02	1.17e-03
 1.94526e+23	9.22e-01	7.64e-02	1.14e-03
 1.94684e+23	9.24e-01	7.53e-02	1.11e-03
 1.94854e+23	9.24e-01	7.44e-02	1.08e-03
 1.95010e+23	9.25e-01	7.35e-02	1.06e-03
 1.95151e+23	9.26e-01	7.26e-02	1.03e-03
 1.95279e+23	9.27e-01	7.19e-02	1.01e-03
 1.95420e+23	9.28e-01	7.09e-02	9.80e-04
 1.95572e+23	9.29e-01	7.01e-02	9.60e-04
 1.95711e+23	9.30e-01	6.94e-02	9.39e-04
 1.95862e+23	9.31e-01	6.84e-02	9.11e-04
 1.96026e+23	9.32e-01	6.76e-02	8.91e-04
 1.96175e+23	9.32e-01	6.67e-02	8.68e-04
 1.96311e+23	9.33e-01	6.61e-02	8.52e-04
 1.96459e+23	9.34e-01	6.51e-02	8.27e-04
 1.96620e+23	9.35e-01	6.44e-02	8.08e-04
 1.96766e+23	9.35e-01	6.38e-02	7.92e-04
 1.96925e+23	9.36e-01	6.27e-02	7.67e-04
 1.97098e+23	9.37e-01	6.20e-02	7.49e-04
 1.97255e+23	9.38e-01	6.14e-02	7.33e-04
 1.97427e+23	9.39e-01	6.03e-02	7.08e-04
 1.97613e+23	9.40e-01	5.96e-02	6.90e-04
 1.97782e+23	9.41e-01	5.87e-02	6.71e-04
 1.97936e+23	9.41e-01	5.81e-02	6.58e-04
 1.98105e+23	9.42e-01	5.72e-02	6.37e-04
 1.98287e+23	9.43e-01	5.65e-02	6.22e-04
 1.98453e+23	9.44e-01	5.59e-02	6.07e-04
 1.98634e+23	9.44e-01	5.49e-02	5.87e-04
 1.98830e+23	9.45e-01	5.42e-02	5.72e-04
 1.99009e+23	9.46e-01	5.36e-02	5.58e-04
 1.99204e+23	9.47e-01	5.26e-02	5.38e-04
 1.99415e+23	9.48e-01	5.19e-02	5.24e-04
 1.99607e+23	9.48e-01	5.12e-02	5.10e-04
 1.99818e+23	9.49e-01	5.02e-02	4.91e-04
 2.00045e+23	9.50e-01	4.95e-02	4.77e-04
 2.00251e+23	9.51e-01	4.88e-02	4.63e-04
 2.00478e+23	9.52e-01	4.79e-02	4.45e-04
 2.00722e+23	9.52e-01	4.72e-02	4.32e-04
 2.00945e+23	9.53e-01	4.64e-02	4.18e-04
 2.01148e+23	9.54e-01	4.57e-02	4.07e-04
 2.01369e+23	9.55e-01	4.49e-02	3.91e-04
 2.01609e+23	9.55e-01	4.42e-02	3.79e-04
 2.01827e+23	9.56e-01	4.36e-02	3.69e-04
 2.02066e+23	9.57e-01	4.27e-02	3.55e-04
 2.02324e+23	9.58e-01	4.20e-02	3.43e-04
 2.02558e+23	9.58e-01	4.14e-02	3.33e-04
 2.02816e+23	9.59e-01	4.06e-02	3.20e-04
 2.03093e+23	9.60e-01	3.99e-02	3.10e-04
 2.03346e+23	9.61e-01	3.92e-02	2.99e-04
 2.03576e+23	9.61e-01	3.86e-02	2.90e-04
 2.03828e+23	9.62e-01	3.79e-02	2.79e-04
 2.04100e+23	9.63e-01	3.72e-02	2.69e-04
 2.04347e+23	9.63e-01	3.67e-02	2.61e-04
 2.04619e+23	9.64e-01	3.59e-02	2.51e-04
 2.04911e+23	9.65e-01	3.53e-02	2.42e-04
 2.05178e+23	9.65e-01	3.47e-02	2.34e-04
 2.05470e+23	9.66e-01	3.39e-02	2.24e-04
 2.05785e+23	9.67e-01	3.33e-02	2.16e-04
 2.06072e+23	9.67e-01	3.27e-02	2.08e-04
 2.06386e+23	9.68e-01	3.20e-02	1.99e-04
 2.06725e+23	9.69e-01	3.13e-02	1.91e-04
 2.07034e+23	9.69e-01	3.08e-02	1.84e-04
 2.07373e+23	9.70e-01	3.00e-02	1.76e-04
 2.07738e+23	9.70e-01	2.94e-02	1.68e-04
 2.08070e+23	9.71e-01	2.88e-02	1.61e-04
 2.08373e+23	9.72e-01	2.83e-02	1.56e-04
 2.08704e+23	9.72e-01	2.76e-02	1.49e-04
 2.09062e+23	9.73e-01	2.71e-02	1.43e-04
 2.09388e+23	9.73e-01	2.65e-02	1.37e-04
 2.09684e+23	9.74e-01	2.61e-02	1.32e-04
 2.10009e+23	9.74e-01	2.55e-02	1.27e-04
 2.10360e+23	9.75e-01	2.50e-02	1.22e-04
 2.10679e+23	9.75e-01	2.45e-02	1.17e-04
 2.11028e+23	9.76e-01	2.40e-02	1.12e-04
 2.11406e+23	9.76e-01	2.35e-02	1.07e-04
 2.11749e+23	9.77e-01	2.30e-02	1.03e-04
 2.12125e+23	9.77e-01	2.25e-02	9.85e-05
 2.12532e+23	9.78e-01	2.20e-02	9.41e-05
 2.12901e+23	9.78e-01	2.15e-02	9.01e-05
 2.13306e+23	9.79e-01	2.10e-02	8.57e-05
 2.13744e+23	9.79e-01	2.05e-02	8.16e-05
 2.14142e+23	9.80e-01	2.00e-02	7.79e-05
 2.14578e+23	9.80e-01	1.94e-02	7.37e-05
 2.15117e+23	9.81e-01	1.88e-02	6.92e-05
 2.15701e+23	9.82e-01	1.82e-02	6.47e-05
 2.16288e+23	9.82e-01	1.76e-02	6.05e-05
 2.16881e+23	9.83e-01	1.70e-02	5.65e-05
 2.17482e+23	9.84e-01	1.64e-02	5.28e-05
 2.18089e+23	9.84e-01	1.59e-02	4.93e-05
 2.18703e+23	9.85e-01	1.53e-02	4.60e-05
 2.19321e+23	9.85e-01	1.48e-02	4.29e-05
 2.19945e+23	9.86e-01	1.43e-02	4.00e-05
 2.20576e+23	9.86e-01	1.38e-02	3.73e-05
 2.21214e+23	9.87e-01	1.33e-02	3.48e-05
 2.21857e+23	9.87e-01	1.29e-02	3.24e-05
 2.22505e+23	9.88e-01	1.24e-02	3.02e-05
 2.23158e+23	9.88e-01	1.20e-02	2.81e-05
 2.23817e+23	9.88e-01	1.16e-02	2.61e-05
 2.24480e+23	9.89e-01	1.11e-02	2.43e-05
 2.25147e+23	9.89e-01	1.07e-02	2.26e-05
 2.25819e+23	9.90e-01	1.04e-02	2.10e-05
 2.26497e+23	9.90e-01	9.98e-03	1.95e-05
 2.27180e+23	9.90e-01	9.62e-03	1.81e-05
 2.27868e+23	9.91e-01	9.27e-03	1.68e-05
 2.28561e+23	9.91e-01	8.93e-03	1.56e-05
 2.29259e+23	9.91e-01	8.61e-03	1.45e-05
 2.29968e+23	9.92e-01	8.29e-03	1.35e-05
 2.30692e+23	9.92e-01	7.98e-03	1.25e-05
 2.31428e+23	9.92e-01	7.67e-03	1.15e-05
 2.32171e+23	9.93e-01	7.38e-03	1.07e-05
 2.32922e+23	9.93e-01	7.10e-03	9.88e-06
 2.33682e+23	9.93e-01	6.82e-03	9.13e-06
 2.34449e+23	9.93e-01	6.56e-03	8.43e-06
 2.35226e+23	9.94e-01	6.30e-03	7.78e-06
 2.36015e+23	9.94e-01	6.05e-03	7.18e-06
 2.36816e+23	9.94e-01	5.81e-03	6.62e-06
 2.37636e+23	9.94e-01	5.57e-03	6.09e-06
 2.38477e+23	9.95e-01	5.34e-03	5.59e-06
 2.39334e+23	9.95e-01	5.11e-03	5.13e-06
 2.40206e+23	9.95e-01	4.89e-03	4.70e-06
 2.41094e+23	9.95e-01	4.68e-03	4.30e-06
 2.41997e+23	9.96e-01	4.48e-03	3.94e-06
 2.42918e+23	9.96e-01	4.28e-03	3.60e-06
 2.43857e+23	9.96e-01	4.09e-03	3.28e-06
 2.44820e+23	9.96e-01	3.90e-03	2.99e-06
 2.45807e+23	9.96e-01	3.72e-03	2.71e-06
 2.46816e+23	9.96e-01	3.54e-03	2.46e-06
 2.47849e+23	9.97e-01	3.37e-03	2.23e-06
 2.48906e+23	9.97e-01	3.21e-03	2.02e-06
 2.49988e+23	9.97e-01	3.05e-03	1.82e-06
 2.51101e+23	9.97e-01	2.89e-03	1.64e-06
 2.52239e+23	9.97e-01	2.74e-03	1.48e-06
 2.53386e+23	9.97e-01	2.60e-03	1.33e-06
 2.54543e+23	9.98e-01	2.47e-03	1.19e-06
 2.55714e+23	9.98e-01	2.34e-03	1.07e-06
 2.56898e+23	9.98e-01	2.22e-03	9.61e-07
 2.58094e+23	9.98e-01	2.10e-03	8.62e-07
 2.59301e+23	9.98e-01	1.99e-03	7.73e-07
 2.60522e+23	9.98e-01	1.88e-03	6.93e-07
 2.61756e+23	9.98e-01	1.78e-03	6.20e-07
 2.63004e+23	9.98e-01	1.68e-03	5.55e-07
 2.64260e+23	9.98e-01	1.59e-03	4.96e-07
 2.65529e+23	9.98e-01	1.51e-03	4.44e-07
 2.66815e+23	9.99e-01	1.42e-03	3.96e-07
 2.68104e+23	9.99e-01	1.34e-03	3.54e-07
 2.69404e+23	9.99e-01	1.27e-03	3.15e-07
 2.70729e+23	9.99e-01	1.20e-03	2.81e-07
 2.72071e+23	9.99e-01	1.13e-03	2.49e-07
 2.73411e+23	9.99e-01	1.07e-03	2.22e-07
 2.74706e+23	9.99e-01	1.01e-03	1.99e-07
 2.75918e+23	9.99e-01	9.58e-04	1.79e-07
 2.77048e+23	9.99e-01	9.13e-04	1.63e-07
 2.78115e+23	9.99e-01	8.73e-04	1.49e-07
 2.79133e+23	9.99e-01	8.35e-04	1.36e-07
 2.80106e+23	9.99e-01	8.02e-04	1.25e-07
 2.81031e+23	9.99e-01	7.71e-04	1.16e-07
 2.81905e+23	9.99e-01	7.42e-04	1.08e-07
 2.82733e+23	9.99e-01	7.17e-04	1.00e-07
 2.83519e+23	9.99e-01	6.93e-04	9.37e-08
 2.84268e+23	9.99e-01	6.72e-04	8.81e-08
 2.84977e+23	9.99e-01	6.53e-04	8.31e-08
 2.85646e+23	9.99e-01	6.34e-04	7.85e-08
 2.86284e+23	9.99e-01	6.17e-04	7.43e-08
 2.86901e+23	9.99e-01	6.01e-04	7.04e-08
 2.87493e+23	9.99e-01	5.86e-04	6.70e-08
 2.88057e+23	9.99e-01	5.72e-04	6.38e-08
 2.88592e+23	9.99e-01	5.59e-04	6.09e-08
 2.89102e+23	9.99e-01	5.47e-04	5.83e-08
 2.89593e+23	9.99e-01	5.35e-04	5.59e-08
 2.90067e+23	9.99e-01	5.24e-04	5.36e-08
 2.90525e+23	9.99e-01	5.14e-04	5.15e-08
 2.90967e+23	9.99e-01	5.04e-04	4.95e-08
 2.91392e+23	1.00e+00	4.95e-04	4.78e-08
 2.91800e+23	1.00e+00	4.86e-04	4.61e-08
 2.92195e+23	1.00e+00	4.78e-04	4.45e-08
 2.92581e+23	1.00e+00	4.70e-04	4.31e-08
 2.92960e+23	1.00e+00	4.62e-04	4.17e-08
 2.93330e+23	1.00e+00	4.55e-04	4.03e-08
 2.93693e+23	1.00e+00	4.47e-04	3.91e-08
 2.94048e+23	1.00e+00	4.41e-04	3.79e-08
 2.94399e+23	1.00e+00	4.34e-04	3.67e-08
 2.94748e+23	1.00e+00	4.27e-04	3.56e-08
 2.95097e+23	1.00e+00	4.20e-04	3.45e-08
 2.95446e+23	1.00e+00	4.14e-04	3.35e-08
 2.95796e+23	1.00e+00	4.08e-04	3.24e-08
 2.96148e+23	1.00e+00	4.01e-04	3.14e-08
 2.96507e+23	1.00e+00	3.95e-04	3.04e-08
 2.96874e+23	1.00e+00	3.88e-04	2.94e-08
 2.97250e+23	1.00e+00	3.82e-04	2.85e-08
 2.97635e+23	1.00e+00	3.75e-04	2.74e-08
 2.98031e+23	1.00e+00	3.68e-04	2.65e-08
 2.98444e+23	1.00e+00	3.61e-04	2.55e-08
 2.98877e+23	1.00e+00	3.54e-04	2.45e-08
 2.99332e+23	1.00e+00	3.47e-04	2.35e-08
 2.99808e+23	1.00e+00	3.39e-04	2.24e-08
 3.00307e+23	1.00e+00	3.32e-04	2.15e-08
 3.00828e+23	1.00e+00	3.24e-04	2.04e-08
 3.01379e+23	1.00e+00	3.15e-04	1.94e-08
 3.01965e+23	1.00e+00	3.06e-04	1.83e-08
 3.02593e+23	1.00e+00	2.98e-04	1.73e-08
 3.03258e+23	1.00e+00	2.89e-04	1.63e-08
 3.03952e+23	1.00e+00	2.79e-04	1.52e-08
 3.04685e+23	1.00e+00	2.70e-04	1.42e-08
 3.05467e+23	1.00e+00	2.60e-04	1.32e-08
 3.06305e+23	1.00e+00	2.49e-04	1.22e-08
 3.07199e+23	1.00e+00	2.39e-04	1.12e-08
 3.08114e+23	1.00e+00	2.29e-04	1.02e-08
