#depth	N	N+	N+2	N+3	N+4	N+5	N+6	N+7
 1.54284e+22	0.00e+00	0.00e+00	2.20e-24	6.62e-19	7.11e-14	1.84e-08	2.76e-04	1.00e+00
 3.56671e+22	0.00e+00	5.38e-30	1.14e-23	2.51e-18	1.95e-13	3.57e-08	3.83e-04	1.00e+00
 4.39724e+22	0.00e+00	2.16e-29	3.68e-23	6.43e-18	4.01e-13	5.71e-08	4.83e-04	1.00e+00
 5.02634e+22	0.00e+00	6.48e-29	9.21e-23	1.36e-17	7.12e-13	8.32e-08	5.80e-04	9.99e-01
 5.37642e+22	0.00e+00	8.62e-29	1.17e-22	1.66e-17	8.26e-13	9.16e-08	6.09e-04	9.99e-01
 5.53854e+22	0.00e+00	1.24e-28	1.58e-22	2.12e-17	9.94e-13	1.04e-07	6.46e-04	9.99e-01
 5.71329e+22	0.00e+00	1.70e-28	2.06e-22	2.62e-17	1.17e-12	1.15e-07	6.81e-04	9.99e-01
 5.87053e+22	0.00e+00	2.28e-28	2.65e-22	3.21e-17	1.37e-12	1.28e-07	7.15e-04	9.99e-01
 6.01612e+22	0.00e+00	3.03e-28	3.37e-22	3.90e-17	1.59e-12	1.40e-07	7.50e-04	9.99e-01
 6.18051e+22	0.00e+00	4.24e-28	4.46e-22	4.91e-17	1.90e-12	1.58e-07	7.93e-04	9.99e-01
 6.34991e+22	0.00e+00	5.81e-28	5.81e-22	6.07e-17	2.23e-12	1.75e-07	8.35e-04	9.99e-01
 6.49445e+22	0.00e+00	7.66e-28	7.33e-22	7.34e-17	2.58e-12	1.93e-07	8.74e-04	9.99e-01
 6.65099e+22	0.00e+00	1.06e-27	9.64e-22	9.17e-17	3.07e-12	2.15e-07	9.23e-04	9.99e-01
 6.81737e+22	0.00e+00	1.45e-27	1.25e-21	1.13e-16	3.60e-12	2.39e-07	9.72e-04	9.99e-01
 6.96485e+22	0.00e+00	1.91e-27	1.58e-21	1.37e-16	4.17e-12	2.63e-07	1.02e-03	9.99e-01
 7.12487e+22	0.00e+00	2.66e-27	2.09e-21	1.72e-16	4.97e-12	2.95e-07	1.08e-03	9.99e-01
 7.28031e+22	0.00e+00	3.50e-27	2.63e-21	2.07e-16	5.74e-12	3.24e-07	1.13e-03	9.99e-01
 7.40242e+22	0.00e+00	4.43e-27	3.20e-21	2.43e-16	6.48e-12	3.51e-07	1.17e-03	9.99e-01
 7.53379e+22	0.00e+00	5.77e-27	4.01e-21	2.92e-16	7.47e-12	3.85e-07	1.22e-03	9.99e-01
 7.67784e+22	0.00e+00	7.54e-27	5.02e-21	3.50e-16	8.59e-12	4.21e-07	1.28e-03	9.99e-01
 7.81332e+22	0.00e+00	9.81e-27	6.26e-21	4.20e-16	9.87e-12	4.61e-07	1.34e-03	9.99e-01
 7.93938e+22	0.00e+00	1.24e-26	7.64e-21	4.93e-16	1.12e-11	5.00e-07	1.39e-03	9.99e-01
 8.07824e+22	0.00e+00	1.66e-26	9.74e-21	6.02e-16	1.30e-11	5.52e-07	1.46e-03	9.99e-01
 8.22329e+22	0.00e+00	2.15e-26	1.21e-20	7.19e-16	1.49e-11	6.04e-07	1.52e-03	9.98e-01
 8.35397e+22	0.00e+00	2.76e-26	1.49e-20	8.52e-16	1.70e-11	6.58e-07	1.59e-03	9.98e-01
 8.48006e+22	0.00e+00	3.51e-26	1.83e-20	1.01e-15	1.94e-11	7.15e-07	1.65e-03	9.98e-01
 8.59674e+22	2.18e-33	4.35e-26	2.19e-20	1.17e-15	2.17e-11	7.70e-07	1.71e-03	9.98e-01
 8.72255e+22	2.91e-33	5.60e-26	2.71e-20	1.39e-15	2.48e-11	8.40e-07	1.79e-03	9.98e-01
 8.85517e+22	3.86e-33	7.13e-26	3.32e-20	1.64e-15	2.82e-11	9.13e-07	1.86e-03	9.98e-01
 8.97191e+22	4.97e-33	8.87e-26	4.00e-20	1.90e-15	3.16e-11	9.85e-07	1.93e-03	9.98e-01
 9.09895e+22	6.70e-33	1.15e-25	4.97e-20	2.27e-15	3.63e-11	1.08e-06	2.01e-03	9.98e-01
 9.22975e+22	8.83e-33	1.46e-25	6.06e-20	2.67e-15	4.11e-11	1.17e-06	2.10e-03	9.98e-01
 9.34182e+22	1.13e-32	1.80e-25	7.23e-20	3.08e-15	4.60e-11	1.26e-06	2.17e-03	9.98e-01
 9.46389e+22	1.50e-32	2.30e-25	8.90e-20	3.66e-15	5.25e-11	1.37e-06	2.26e-03	9.98e-01
 9.59430e+22	1.98e-32	2.91e-25	1.09e-19	4.30e-15	5.95e-11	1.49e-06	2.35e-03	9.98e-01
 9.71235e+22	2.56e-32	3.64e-25	1.31e-19	5.01e-15	6.69e-11	1.61e-06	2.44e-03	9.98e-01
 9.81826e+22	3.22e-32	4.43e-25	1.55e-19	5.73e-15	7.42e-11	1.72e-06	2.53e-03	9.97e-01
 9.91663e+22	3.98e-32	5.32e-25	1.81e-19	6.51e-15	8.19e-11	1.83e-06	2.61e-03	9.97e-01
 1.00296e+23	5.14e-32	6.64e-25	2.18e-19	7.58e-15	9.22e-11	1.98e-06	2.70e-03	9.97e-01
 1.01513e+23	6.66e-32	8.30e-25	2.62e-19	8.83e-15	1.04e-10	2.14e-06	2.81e-03	9.97e-01
 1.02613e+23	8.45e-32	1.02e-24	3.12e-19	1.02e-14	1.16e-10	2.30e-06	2.91e-03	9.97e-01
 1.03810e+23	1.12e-31	1.30e-24	3.82e-19	1.20e-14	1.32e-10	2.50e-06	3.03e-03	9.97e-01
 1.05024e+23	1.44e-31	1.61e-24	4.58e-19	1.39e-14	1.47e-10	2.70e-06	3.14e-03	9.97e-01
 1.06037e+23	1.79e-31	1.94e-24	5.37e-19	1.58e-14	1.63e-10	2.88e-06	3.24e-03	9.97e-01
 1.07129e+23	2.30e-31	2.42e-24	6.45e-19	1.84e-14	1.83e-10	3.11e-06	3.36e-03	9.97e-01
 1.08313e+23	2.96e-31	2.99e-24	7.72e-19	2.13e-14	2.05e-10	3.35e-06	3.49e-03	9.97e-01
 1.09411e+23	3.77e-31	3.68e-24	9.19e-19	2.46e-14	2.29e-10	3.60e-06	3.61e-03	9.96e-01
 1.10412e+23	4.66e-31	4.42e-24	1.07e-18	2.78e-14	2.52e-10	3.84e-06	3.73e-03	9.96e-01
 1.11487e+23	5.94e-31	5.46e-24	1.28e-18	3.22e-14	2.82e-10	4.14e-06	3.86e-03	9.96e-01
 1.12641e+23	7.59e-31	6.73e-24	1.52e-18	3.71e-14	3.15e-10	4.45e-06	4.01e-03	9.96e-01
 1.13684e+23	9.49e-31	8.15e-24	1.79e-18	4.24e-14	3.49e-10	4.76e-06	4.14e-03	9.96e-01
 1.14825e+23	1.24e-30	1.02e-23	2.17e-18	4.96e-14	3.94e-10	5.16e-06	4.30e-03	9.96e-01
 1.16028e+23	1.59e-30	1.27e-23	2.60e-18	5.75e-14	4.41e-10	5.57e-06	4.47e-03	9.96e-01
 1.17065e+23	1.99e-30	1.54e-23	3.05e-18	6.54e-14	4.87e-10	5.95e-06	4.62e-03	9.95e-01
 1.18005e+23	2.43e-30	1.82e-23	3.52e-18	7.35e-14	5.33e-10	6.32e-06	4.75e-03	9.95e-01
 1.19065e+23	3.10e-30	2.25e-23	4.20e-18	8.49e-14	5.96e-10	6.81e-06	4.93e-03	9.95e-01
 1.20199e+23	3.95e-30	2.77e-23	4.99e-18	9.76e-14	6.63e-10	7.32e-06	5.11e-03	9.95e-01
 1.21233e+23	4.95e-30	3.36e-23	5.87e-18	1.11e-13	7.33e-10	7.83e-06	5.28e-03	9.95e-01
 1.22378e+23	6.46e-30	4.22e-23	7.10e-18	1.30e-13	8.28e-10	8.49e-06	5.50e-03	9.94e-01
 1.23584e+23	8.36e-30	5.26e-23	8.53e-18	1.51e-13	9.27e-10	9.17e-06	5.71e-03	9.94e-01
 1.24601e+23	1.04e-29	6.33e-23	9.96e-18	1.71e-13	1.02e-09	9.78e-06	5.90e-03	9.94e-01
 1.25654e+23	1.33e-29	7.83e-23	1.19e-17	1.98e-13	1.14e-09	1.05e-05	6.12e-03	9.94e-01
 1.26772e+23	1.69e-29	9.58e-23	1.41e-17	2.26e-13	1.26e-09	1.13e-05	6.35e-03	9.94e-01
 1.27792e+23	2.12e-29	1.16e-22	1.65e-17	2.57e-13	1.39e-09	1.21e-05	6.56e-03	9.93e-01
 1.28933e+23	2.80e-29	1.47e-22	2.01e-17	3.02e-13	1.57e-09	1.31e-05	6.84e-03	9.93e-01
 1.30065e+23	3.52e-29	1.79e-22	2.36e-17	3.43e-13	1.73e-09	1.41e-05	7.09e-03	9.93e-01
 1.30997e+23	4.30e-29	2.12e-22	2.72e-17	3.85e-13	1.89e-09	1.49e-05	7.30e-03	9.93e-01
 1.32023e+23	5.55e-29	2.63e-22	3.25e-17	4.44e-13	2.10e-09	1.61e-05	7.59e-03	9.92e-01
 1.33095e+23	6.98e-29	3.20e-22	3.82e-17	5.04e-13	2.31e-09	1.72e-05	7.86e-03	9.92e-01
 1.34069e+23	8.69e-29	3.85e-22	4.45e-17	5.70e-13	2.53e-09	1.84e-05	8.12e-03	9.92e-01
 1.35174e+23	1.14e-28	4.84e-22	5.37e-17	6.63e-13	2.83e-09	1.99e-05	8.47e-03	9.92e-01
 1.36317e+23	1.47e-28	6.00e-22	6.41e-17	7.62e-13	3.13e-09	2.14e-05	8.80e-03	9.91e-01
 1.37268e+23	1.83e-28	7.21e-22	7.45e-17	8.58e-13	3.41e-09	2.28e-05	9.10e-03	9.91e-01
 1.38126e+23	2.21e-28	8.45e-22	8.49e-17	9.53e-13	3.70e-09	2.41e-05	9.36e-03	9.91e-01
 1.39103e+23	2.84e-28	1.05e-21	1.01e-16	1.09e-12	4.08e-09	2.59e-05	9.73e-03	9.90e-01
 1.40130e+23	3.58e-28	1.27e-21	1.18e-16	1.24e-12	4.45e-09	2.76e-05	1.01e-02	9.90e-01
 1.41065e+23	4.47e-28	1.53e-21	1.38e-16	1.39e-12	4.86e-09	2.95e-05	1.04e-02	9.90e-01
 1.42124e+23	5.88e-28	1.92e-21	1.66e-16	1.61e-12	5.40e-09	3.18e-05	1.09e-02	9.89e-01
 1.43175e+23	7.46e-28	2.35e-21	1.95e-16	1.83e-12	5.90e-09	3.40e-05	1.13e-02	9.89e-01
 1.44030e+23	9.22e-28	2.80e-21	2.25e-16	2.04e-12	6.38e-09	3.61e-05	1.16e-02	9.88e-01
 1.44959e+23	1.17e-27	3.43e-21	2.65e-16	2.32e-12	6.99e-09	3.87e-05	1.21e-02	9.88e-01
 1.45955e+23	1.50e-27	4.20e-21	3.12e-16	2.63e-12	7.64e-09	4.14e-05	1.26e-02	9.87e-01
 1.46851e+23	1.86e-27	5.02e-21	3.61e-16	2.95e-12	8.26e-09	4.39e-05	1.30e-02	9.87e-01
 1.47828e+23	2.43e-27	6.29e-21	4.33e-16	3.39e-12	9.12e-09	4.74e-05	1.35e-02	9.86e-01
 1.48809e+23	3.07e-27	7.64e-21	5.06e-16	3.82e-12	9.89e-09	5.05e-05	1.40e-02	9.86e-01
 1.49628e+23	3.76e-27	9.04e-21	5.79e-16	4.24e-12	1.06e-08	5.34e-05	1.44e-02	9.85e-01
 1.50526e+23	4.84e-27	1.11e-20	6.85e-16	4.82e-12	1.16e-08	5.72e-05	1.50e-02	9.85e-01
 1.51472e+23	6.08e-27	1.35e-20	7.98e-16	5.42e-12	1.26e-08	6.10e-05	1.55e-02	9.84e-01
 1.52332e+23	7.70e-27	1.64e-20	9.32e-16	6.10e-12	1.36e-08	6.49e-05	1.61e-02	9.84e-01
 1.53161e+23	9.51e-27	1.95e-20	1.07e-15	6.80e-12	1.47e-08	6.89e-05	1.66e-02	9.83e-01
 1.54095e+23	1.25e-26	2.44e-20	1.29e-15	7.81e-12	1.62e-08	7.42e-05	1.73e-02	9.83e-01
 1.55039e+23	1.58e-26	2.97e-20	1.51e-15	8.80e-12	1.75e-08	7.91e-05	1.80e-02	9.82e-01
 1.55846e+23	1.96e-26	3.55e-20	1.74e-15	9.81e-12	1.89e-08	8.38e-05	1.86e-02	9.81e-01
 1.56745e+23	2.55e-26	4.43e-20	2.07e-15	1.12e-11	2.07e-08	9.02e-05	1.93e-02	9.81e-01
 1.57668e+23	3.23e-26	5.38e-20	2.42e-15	1.26e-11	2.24e-08	9.61e-05	2.00e-02	9.80e-01
 1.58477e+23	4.05e-26	6.48e-20	2.81e-15	1.42e-11	2.42e-08	1.02e-04	2.07e-02	9.79e-01
 1.59387e+23	5.40e-26	8.23e-20	3.40e-15	1.64e-11	2.67e-08	1.10e-04	2.16e-02	9.78e-01
 1.60308e+23	6.79e-26	9.95e-20	3.97e-15	1.84e-11	2.89e-08	1.17e-04	2.24e-02	9.78e-01
 1.61117e+23	8.56e-26	1.21e-19	4.62e-15	2.07e-11	3.12e-08	1.25e-04	2.31e-02	9.77e-01
 1.62040e+23	1.14e-25	1.53e-19	5.59e-15	2.39e-11	3.44e-08	1.35e-04	2.41e-02	9.76e-01
 1.62985e+23	1.47e-25	1.89e-19	6.64e-15	2.72e-11	3.76e-08	1.45e-04	2.51e-02	9.75e-01
 1.63812e+23	1.85e-25	2.29e-19	7.74e-15	3.06e-11	4.07e-08	1.54e-04	2.59e-02	9.74e-01
 1.64737e+23	2.53e-25	2.96e-19	9.53e-15	3.58e-11	4.52e-08	1.67e-04	2.71e-02	9.73e-01
 1.65629e+23	3.16e-25	3.56e-19	1.10e-14	4.01e-11	4.88e-08	1.78e-04	2.80e-02	9.72e-01
 1.66478e+23	4.26e-25	4.56e-19	1.35e-14	4.66e-11	5.39e-08	1.92e-04	2.92e-02	9.71e-01
 1.67330e+23	5.33e-25	5.50e-19	1.57e-14	5.23e-11	5.82e-08	2.04e-04	3.02e-02	9.70e-01
 1.68037e+23	6.64e-25	6.60e-19	1.81e-14	5.84e-11	6.26e-08	2.16e-04	3.11e-02	9.69e-01
 1.68693e+23	8.14e-25	7.82e-19	2.08e-14	6.48e-11	6.71e-08	2.28e-04	3.20e-02	9.68e-01
 1.69297e+23	9.90e-25	9.20e-19	2.37e-14	7.15e-11	7.16e-08	2.40e-04	3.29e-02	9.67e-01
 1.69852e+23	1.17e-24	1.06e-18	2.64e-14	7.78e-11	7.58e-08	2.51e-04	3.37e-02	9.66e-01
 1.70475e+23	1.46e-24	1.27e-18	3.07e-14	8.72e-11	8.18e-08	2.66e-04	3.47e-02	9.65e-01
 1.71094e+23	1.76e-24	1.49e-18	3.49e-14	9.60e-11	8.72e-08	2.80e-04	3.56e-02	9.64e-01
 1.71609e+23	2.11e-24	1.73e-18	3.93e-14	1.05e-10	9.26e-08	2.93e-04	3.65e-02	9.63e-01
 1.72181e+23	2.63e-24	2.07e-18	4.56e-14	1.18e-10	9.98e-08	3.10e-04	3.76e-02	9.62e-01
 1.72767e+23	3.14e-24	2.41e-18	5.15e-14	1.29e-10	1.06e-07	3.25e-04	3.85e-02	9.61e-01
 1.73273e+23	3.76e-24	2.80e-18	5.80e-14	1.41e-10	1.13e-07	3.40e-04	3.95e-02	9.60e-01
 1.73750e+23	4.46e-24	3.23e-18	6.51e-14	1.54e-10	1.20e-07	3.55e-04	4.04e-02	9.59e-01
 1.74289e+23	5.52e-24	3.86e-18	7.53e-14	1.72e-10	1.29e-07	3.75e-04	4.15e-02	9.58e-01
 1.74841e+23	6.59e-24	4.48e-18	8.49e-14	1.89e-10	1.37e-07	3.92e-04	4.25e-02	9.57e-01
 1.75337e+23	8.01e-24	5.27e-18	9.69e-14	2.09e-10	1.46e-07	4.12e-04	4.36e-02	9.56e-01
 1.75820e+23	9.61e-24	6.14e-18	1.10e-13	2.30e-10	1.56e-07	4.31e-04	4.46e-02	9.55e-01
 1.76269e+23	1.14e-23	7.08e-18	1.23e-13	2.51e-10	1.65e-07	4.50e-04	4.56e-02	9.54e-01
 1.76697e+23	1.35e-23	8.16e-18	1.38e-13	2.74e-10	1.75e-07	4.69e-04	4.65e-02	9.53e-01
 1.77189e+23	1.68e-23	9.78e-18	1.60e-13	3.06e-10	1.89e-07	4.95e-04	4.78e-02	9.52e-01
 1.77687e+23	2.04e-23	1.15e-17	1.83e-13	3.39e-10	2.02e-07	5.19e-04	4.90e-02	9.51e-01
 1.78113e+23	2.42e-23	1.33e-17	2.06e-13	3.71e-10	2.14e-07	5.42e-04	5.00e-02	9.49e-01
 1.78584e+23	3.03e-23	1.61e-17	2.40e-13	4.17e-10	2.32e-07	5.72e-04	5.14e-02	9.48e-01
 1.79069e+23	3.70e-23	1.91e-17	2.75e-13	4.63e-10	2.48e-07	6.00e-04	5.27e-02	9.47e-01
 1.79498e+23	4.48e-23	2.24e-17	3.14e-13	5.11e-10	2.65e-07	6.28e-04	5.39e-02	9.46e-01
 1.79981e+23	5.76e-23	2.76e-17	3.73e-13	5.83e-10	2.90e-07	6.67e-04	5.55e-02	9.44e-01
 1.80469e+23	7.08e-23	3.29e-17	4.30e-13	6.50e-10	3.11e-07	7.00e-04	5.68e-02	9.42e-01
 1.80886e+23	8.61e-23	3.88e-17	4.92e-13	7.20e-10	3.33e-07	7.33e-04	5.81e-02	9.41e-01
 1.81349e+23	1.11e-22	4.83e-17	5.88e-13	8.25e-10	3.65e-07	7.79e-04	5.99e-02	9.39e-01
 1.81814e+23	1.37e-22	5.76e-17	6.79e-13	9.20e-10	3.92e-07	8.17e-04	6.13e-02	9.38e-01
 1.82211e+23	1.68e-22	6.82e-17	7.79e-13	1.02e-09	4.21e-07	8.56e-04	6.27e-02	9.36e-01
 1.82655e+23	2.21e-22	8.62e-17	9.45e-13	1.18e-09	4.64e-07	9.12e-04	6.47e-02	9.34e-01
 1.83092e+23	2.68e-22	1.01e-16	1.08e-12	1.31e-09	4.96e-07	9.53e-04	6.61e-02	9.33e-01
 1.83519e+23	3.54e-22	1.29e-16	1.31e-12	1.52e-09	5.47e-07	1.02e-03	6.81e-02	9.31e-01
 1.83947e+23	4.33e-22	1.53e-16	1.51e-12	1.69e-09	5.88e-07	1.06e-03	6.96e-02	9.29e-01
 1.84377e+23	5.82e-22	1.96e-16	1.85e-12	1.98e-09	6.52e-07	1.13e-03	7.18e-02	9.27e-01
 1.84809e+23	7.21e-22	2.35e-16	2.15e-12	2.21e-09	7.04e-07	1.19e-03	7.35e-02	9.25e-01
 1.85244e+23	9.66e-22	3.02e-16	2.64e-12	2.59e-09	7.81e-07	1.27e-03	7.59e-02	9.23e-01
 1.85674e+23	1.21e-21	3.64e-16	3.08e-12	2.91e-09	8.44e-07	1.34e-03	7.77e-02	9.21e-01
 1.86100e+23	1.62e-21	4.68e-16	3.79e-12	3.41e-09	9.38e-07	1.43e-03	8.01e-02	9.18e-01
 1.86531e+23	2.05e-21	5.73e-16	4.47e-12	3.87e-09	1.02e-06	1.50e-03	8.22e-02	9.16e-01
 1.86972e+23	2.81e-21	7.48e-16	5.57e-12	4.57e-09	1.14e-06	1.61e-03	8.49e-02	9.14e-01
 1.87419e+23	3.60e-21	9.25e-16	6.63e-12	5.22e-09	1.25e-06	1.70e-03	8.71e-02	9.11e-01
 1.87874e+23	5.00e-21	1.22e-15	8.36e-12	6.23e-09	1.40e-06	1.83e-03	9.01e-02	9.08e-01
 1.88331e+23	6.43e-21	1.52e-15	9.98e-12	7.13e-09	1.53e-06	1.94e-03	9.25e-02	9.06e-01
 1.88790e+23	8.98e-21	2.02e-15	1.26e-11	8.53e-09	1.73e-06	2.08e-03	9.58e-02	9.02e-01
 1.89238e+23	1.14e-20	2.47e-15	1.49e-11	9.68e-09	1.88e-06	2.20e-03	9.82e-02	9.00e-01
 1.89672e+23	1.55e-20	3.21e-15	1.85e-11	1.14e-08	2.10e-06	2.35e-03	1.01e-01	8.96e-01
 1.90115e+23	1.98e-20	3.97e-15	2.21e-11	1.31e-08	2.30e-06	2.48e-03	1.04e-01	8.94e-01
 1.90569e+23	2.72e-20	5.21e-15	2.76e-11	1.55e-08	2.58e-06	2.67e-03	1.07e-01	8.90e-01
 1.91030e+23	3.48e-20	6.43e-15	3.29e-11	1.77e-08	2.82e-06	2.82e-03	1.10e-01	8.87e-01
 1.91500e+23	4.81e-20	8.49e-15	4.13e-11	2.11e-08	3.18e-06	3.03e-03	1.14e-01	8.83e-01
 1.91977e+23	6.11e-20	1.04e-14	4.90e-11	2.40e-08	3.47e-06	3.20e-03	1.17e-01	8.80e-01
 1.92463e+23	8.38e-20	1.37e-14	6.13e-11	2.85e-08	3.90e-06	3.44e-03	1.21e-01	8.76e-01
 1.92965e+23	1.08e-19	1.70e-14	7.34e-11	3.28e-08	4.29e-06	3.65e-03	1.24e-01	8.72e-01
 1.93488e+23	1.49e-19	2.24e-14	9.24e-11	3.91e-08	4.83e-06	3.93e-03	1.29e-01	8.68e-01
 1.94007e+23	1.90e-19	2.75e-14	1.10e-10	4.46e-08	5.29e-06	4.16e-03	1.32e-01	8.64e-01
 1.94523e+23	2.57e-19	3.57e-14	1.36e-10	5.27e-08	5.93e-06	4.46e-03	1.36e-01	8.59e-01
 1.95055e+23	3.28e-19	4.40e-14	1.62e-10	6.03e-08	6.50e-06	4.73e-03	1.40e-01	8.55e-01
 1.95607e+23	4.50e-19	5.78e-14	2.03e-10	7.18e-08	7.33e-06	5.09e-03	1.45e-01	8.50e-01
 1.96139e+23	5.53e-19	6.89e-14	2.35e-10	8.05e-08	7.93e-06	5.35e-03	1.48e-01	8.47e-01
 1.96644e+23	7.25e-19	8.70e-14	2.86e-10	9.35e-08	8.80e-06	5.71e-03	1.52e-01	8.42e-01
 1.97166e+23	9.03e-19	1.05e-13	3.34e-10	1.06e-07	9.57e-06	6.01e-03	1.56e-01	8.38e-01
 1.97710e+23	1.19e-18	1.34e-13	4.08e-10	1.23e-07	1.07e-05	6.43e-03	1.61e-01	8.33e-01
 1.98263e+23	1.49e-18	1.62e-13	4.79e-10	1.40e-07	1.16e-05	6.79e-03	1.65e-01	8.29e-01
 1.98829e+23	1.97e-18	2.06e-13	5.86e-10	1.63e-07	1.30e-05	7.27e-03	1.70e-01	8.23e-01
 1.99383e+23	2.41e-18	2.44e-13	6.76e-10	1.83e-07	1.40e-05	7.63e-03	1.73e-01	8.19e-01
 1.99923e+23	3.14e-18	3.07e-13	8.18e-10	2.12e-07	1.55e-05	8.14e-03	1.78e-01	8.13e-01
 2.00469e+23	3.80e-18	3.62e-13	9.38e-10	2.36e-07	1.68e-05	8.54e-03	1.82e-01	8.09e-01
 2.01024e+23	4.93e-18	4.53e-13	1.13e-09	2.74e-07	1.86e-05	9.10e-03	1.87e-01	8.04e-01
 2.01591e+23	5.99e-18	5.35e-13	1.30e-09	3.06e-07	2.01e-05	9.56e-03	1.91e-01	7.99e-01
 2.02172e+23	7.79e-18	6.71e-13	1.58e-09	3.55e-07	2.23e-05	1.02e-02	1.97e-01	7.93e-01
 2.02763e+23	9.47e-18	7.95e-13	1.82e-09	3.97e-07	2.41e-05	1.07e-02	2.01e-01	7.88e-01
 2.03368e+23	1.23e-17	9.97e-13	2.20e-09	4.61e-07	2.68e-05	1.14e-02	2.07e-01	7.82e-01
 2.03985e+23	1.50e-17	1.18e-12	2.53e-09	5.15e-07	2.90e-05	1.20e-02	2.11e-01	7.77e-01
 2.04616e+23	1.95e-17	1.48e-12	3.07e-09	5.99e-07	3.23e-05	1.28e-02	2.17e-01	7.70e-01
 2.05234e+23	2.32e-17	1.72e-12	3.48e-09	6.62e-07	3.47e-05	1.34e-02	2.22e-01	7.65e-01
 2.05833e+23	2.98e-17	2.14e-12	4.17e-09	7.63e-07	3.83e-05	1.43e-02	2.28e-01	7.58e-01
 2.06441e+23	3.55e-17	2.48e-12	4.72e-09	8.44e-07	4.12e-05	1.49e-02	2.32e-01	7.53e-01
 2.07063e+23	4.52e-17	3.06e-12	5.63e-09	9.69e-07	4.54e-05	1.59e-02	2.38e-01	7.46e-01
 2.07703e+23	5.48e-17	3.61e-12	6.47e-09	1.08e-06	4.92e-05	1.67e-02	2.43e-01	7.40e-01
 2.08370e+23	6.96e-17	4.44e-12	7.70e-09	1.24e-06	5.42e-05	1.77e-02	2.49e-01	7.33e-01
 2.09058e+23	8.54e-17	5.30e-12	8.93e-09	1.40e-06	5.90e-05	1.87e-02	2.54e-01	7.27e-01
 2.09775e+23	1.09e-16	6.56e-12	1.07e-08	1.61e-06	6.54e-05	1.99e-02	2.61e-01	7.19e-01
 2.10512e+23	1.35e-16	7.86e-12	1.25e-08	1.82e-06	7.13e-05	2.10e-02	2.67e-01	7.12e-01
 2.11276e+23	1.74e-16	9.81e-12	1.50e-08	2.11e-06	7.92e-05	2.24e-02	2.74e-01	7.03e-01
 2.12065e+23	2.17e-16	1.18e-11	1.76e-08	2.40e-06	8.67e-05	2.37e-02	2.80e-01	6.96e-01
 2.12888e+23	2.84e-16	1.49e-11	2.14e-08	2.80e-06	9.68e-05	2.54e-02	2.88e-01	6.87e-01
 2.13731e+23	3.55e-16	1.81e-11	2.51e-08	3.18e-06	1.06e-04	2.69e-02	2.95e-01	6.79e-01
 2.14485e+23	4.38e-16	2.17e-11	2.93e-08	3.59e-06	1.16e-04	2.84e-02	3.01e-01	6.71e-01
 2.15349e+23	5.84e-16	2.78e-11	3.61e-08	4.25e-06	1.31e-04	3.05e-02	3.09e-01	6.60e-01
 2.16221e+23	7.19e-16	3.33e-11	4.20e-08	4.79e-06	1.42e-04	3.22e-02	3.16e-01	6.52e-01
 2.17102e+23	9.55e-16	4.25e-11	5.16e-08	5.65e-06	1.60e-04	3.46e-02	3.24e-01	6.41e-01
 2.18000e+23	1.20e-15	5.17e-11	6.08e-08	6.44e-06	1.76e-04	3.66e-02	3.31e-01	6.32e-01
 2.18921e+23	1.60e-15	6.64e-11	7.51e-08	7.62e-06	1.98e-04	3.93e-02	3.40e-01	6.20e-01
 2.19857e+23	2.02e-15	8.14e-11	8.92e-08	8.74e-06	2.19e-04	4.17e-02	3.48e-01	6.11e-01
 2.20814e+23	2.75e-15	1.06e-10	1.12e-07	1.04e-05	2.49e-04	4.51e-02	3.57e-01	5.98e-01
 2.21719e+23	3.36e-15	1.26e-10	1.29e-07	1.17e-05	2.70e-04	4.74e-02	3.63e-01	5.89e-01
 2.22556e+23	4.41e-15	1.60e-10	1.57e-07	1.38e-05	3.03e-04	5.07e-02	3.72e-01	5.77e-01
 2.23400e+23	5.39e-15	1.90e-10	1.82e-07	1.55e-05	3.29e-04	5.33e-02	3.78e-01	5.68e-01
 2.24252e+23	7.11e-15	2.41e-10	2.24e-07	1.82e-05	3.70e-04	5.71e-02	3.87e-01	5.55e-01
 2.25113e+23	8.77e-15	2.90e-10	2.61e-07	2.06e-05	4.04e-04	6.02e-02	3.94e-01	5.46e-01
 2.25985e+23	1.16e-14	3.70e-10	3.21e-07	2.44e-05	4.55e-04	6.46e-02	4.03e-01	5.32e-01
 2.26869e+23	1.44e-14	4.47e-10	3.77e-07	2.78e-05	4.99e-04	6.81e-02	4.10e-01	5.22e-01
 2.27769e+23	1.93e-14	5.76e-10	4.68e-07	3.31e-05	5.66e-04	7.33e-02	4.19e-01	5.07e-01
 2.28681e+23	2.41e-14	6.98e-10	5.51e-07	3.78e-05	6.22e-04	7.74e-02	4.26e-01	4.96e-01
 2.29610e+23	3.24e-14	9.02e-10	6.87e-07	4.52e-05	7.07e-04	8.33e-02	4.35e-01	4.81e-01
 2.30560e+23	4.10e-14	1.11e-09	8.19e-07	5.22e-05	7.84e-04	8.84e-02	4.42e-01	4.69e-01
 2.31537e+23	5.57e-14	1.45e-09	1.03e-06	6.30e-05	8.97e-04	9.54e-02	4.51e-01	4.53e-01
 2.32528e+23	7.08e-14	1.79e-09	1.24e-06	7.32e-05	9.99e-04	1.01e-01	4.58e-01	4.40e-01
 2.33506e+23	9.48e-14	2.31e-09	1.54e-06	8.80e-05	1.14e-03	1.09e-01	4.66e-01	4.23e-01
 2.34440e+23	1.17e-13	2.78e-09	1.81e-06	1.01e-04	1.26e-03	1.15e-01	4.72e-01	4.12e-01
 2.35347e+23	1.53e-13	3.52e-09	2.23e-06	1.20e-04	1.42e-03	1.24e-01	4.79e-01	3.96e-01
 2.36272e+23	1.90e-13	4.25e-09	2.63e-06	1.38e-04	1.58e-03	1.31e-01	4.84e-01	3.83e-01
 2.37174e+23	2.43e-13	5.30e-09	3.20e-06	1.62e-04	1.78e-03	1.39e-01	4.90e-01	3.68e-01
 2.38096e+23	3.01e-13	6.41e-09	3.79e-06	1.87e-04	1.97e-03	1.47e-01	4.95e-01	3.55e-01
 2.38994e+23	3.78e-13	7.84e-09	4.53e-06	2.19e-04	2.21e-03	1.57e-01	5.00e-01	3.41e-01
 2.39910e+23	4.66e-13	9.47e-09	5.37e-06	2.54e-04	2.46e-03	1.66e-01	5.04e-01	3.28e-01
 2.40819e+23	5.75e-13	1.14e-08	6.37e-06	2.94e-04	2.74e-03	1.76e-01	5.07e-01	3.14e-01
 2.41731e+23	7.03e-13	1.37e-08	7.51e-06	3.40e-04	3.05e-03	1.86e-01	5.10e-01	3.01e-01
 2.42635e+23	8.52e-13	1.63e-08	8.81e-06	3.92e-04	3.39e-03	1.96e-01	5.13e-01	2.88e-01
 2.43537e+23	1.03e-12	1.93e-08	1.03e-05	4.50e-04	3.76e-03	2.07e-01	5.14e-01	2.75e-01
 2.44441e+23	1.23e-12	2.28e-08	1.20e-05	5.17e-04	4.17e-03	2.17e-01	5.15e-01	2.62e-01
 2.45349e+23	1.46e-12	2.68e-08	1.39e-05	5.92e-04	4.61e-03	2.29e-01	5.16e-01	2.50e-01
 2.46263e+23	1.73e-12	3.13e-08	1.62e-05	6.77e-04	5.10e-03	2.40e-01	5.16e-01	2.38e-01
 2.47187e+23	2.04e-12	3.65e-08	1.87e-05	7.72e-04	5.64e-03	2.52e-01	5.15e-01	2.26e-01
 2.48122e+23	2.40e-12	4.24e-08	2.15e-05	8.81e-04	6.23e-03	2.64e-01	5.14e-01	2.15e-01
 2.49061e+23	2.80e-12	4.90e-08	2.47e-05	1.00e-03	6.86e-03	2.77e-01	5.12e-01	2.04e-01
 2.50017e+23	3.26e-12	5.66e-08	2.84e-05	1.14e-03	7.57e-03	2.90e-01	5.09e-01	1.93e-01
 2.50984e+23	3.77e-12	6.50e-08	3.25e-05	1.29e-03	8.33e-03	3.03e-01	5.05e-01	1.82e-01
 2.51971e+23	4.36e-12	7.47e-08	3.73e-05	1.47e-03	9.20e-03	3.17e-01	5.01e-01	1.71e-01
 2.52886e+23	4.90e-12	8.35e-08	4.15e-05	1.62e-03	9.93e-03	3.28e-01	4.98e-01	1.63e-01
 2.53827e+23	5.65e-12	9.59e-08	4.76e-05	1.84e-03	1.10e-02	3.42e-01	4.92e-01	1.53e-01
 2.54788e+23	6.33e-12	1.07e-07	5.30e-05	2.04e-03	1.18e-02	3.54e-01	4.87e-01	1.45e-01
 2.55775e+23	7.27e-12	1.22e-07	6.08e-05	2.32e-03	1.31e-02	3.69e-01	4.80e-01	1.35e-01
 2.56766e+23	8.11e-12	1.36e-07	6.74e-05	2.56e-03	1.41e-02	3.80e-01	4.75e-01	1.28e-01
 2.57760e+23	9.25e-12	1.55e-07	7.68e-05	2.89e-03	1.55e-02	3.95e-01	4.67e-01	1.20e-01
 2.58760e+23	1.03e-11	1.71e-07	8.49e-05	3.17e-03	1.67e-02	4.07e-01	4.60e-01	1.13e-01
 2.59770e+23	1.16e-11	1.94e-07	9.65e-05	3.58e-03	1.83e-02	4.22e-01	4.51e-01	1.05e-01
 2.60788e+23	1.29e-11	2.15e-07	1.06e-04	3.92e-03	1.96e-02	4.33e-01	4.44e-01	9.90e-02
 2.61819e+23	1.46e-11	2.43e-07	1.21e-04	4.40e-03	2.15e-02	4.48e-01	4.35e-01	9.17e-02
 2.62862e+23	1.61e-11	2.68e-07	1.33e-04	4.81e-03	2.30e-02	4.59e-01	4.27e-01	8.63e-02
 2.63923e+23	1.81e-11	3.02e-07	1.51e-04	5.39e-03	2.52e-02	4.74e-01	4.16e-01	7.96e-02
 2.65003e+23	2.01e-11	3.34e-07	1.67e-04	5.90e-03	2.70e-02	4.85e-01	4.07e-01	7.46e-02
 2.66106e+23	2.26e-11	3.78e-07	1.89e-04	6.61e-03	2.94e-02	4.99e-01	3.96e-01	6.85e-02
 2.67234e+23	2.51e-11	4.18e-07	2.09e-04	7.22e-03	3.15e-02	5.10e-01	3.87e-01	6.39e-02
 2.68393e+23	2.84e-11	4.74e-07	2.38e-04	8.10e-03	3.44e-02	5.25e-01	3.74e-01	5.83e-02
 2.69579e+23	3.16e-11	5.27e-07	2.64e-04	8.86e-03	3.69e-02	5.35e-01	3.64e-01	5.42e-02
 2.70577e+23	3.46e-11	5.77e-07	2.89e-04	9.58e-03	3.92e-02	5.45e-01	3.56e-01	5.07e-02
 2.71652e+23	3.88e-11	6.47e-07	3.25e-04	1.06e-02	4.23e-02	5.56e-01	3.44e-01	4.65e-02
 2.72702e+23	4.23e-11	7.05e-07	3.54e-04	1.14e-02	4.46e-02	5.64e-01	3.36e-01	4.37e-02
 2.73720e+23	4.68e-11	7.82e-07	3.94e-04	1.25e-02	4.79e-02	5.75e-01	3.25e-01	4.01e-02
 2.74746e+23	5.14e-11	8.56e-07	4.30e-04	1.34e-02	5.04e-02	5.82e-01	3.16e-01	3.76e-02
 2.75786e+23	5.71e-11	9.53e-07	4.79e-04	1.46e-02	5.40e-02	5.91e-01	3.05e-01	3.45e-02
 2.76839e+23	6.28e-11	1.04e-06	5.24e-04	1.57e-02	5.68e-02	5.98e-01	2.97e-01	3.23e-02
 2.77912e+23	7.01e-11	1.17e-06	5.86e-04	1.72e-02	6.08e-02	6.07e-01	2.85e-01	2.95e-02
 2.79000e+23	7.76e-11	1.28e-06	6.42e-04	1.84e-02	6.39e-02	6.13e-01	2.77e-01	2.75e-02
 2.80108e+23	8.67e-11	1.44e-06	7.20e-04	2.02e-02	6.84e-02	6.20e-01	2.66e-01	2.50e-02
 2.81234e+23	9.65e-11	1.59e-06	7.90e-04	2.17e-02	7.19e-02	6.25e-01	2.57e-01	2.32e-02
 2.82381e+23	1.08e-10	1.79e-06	8.89e-04	2.37e-02	7.68e-02	6.32e-01	2.46e-01	2.10e-02
 2.83553e+23	1.21e-10	1.99e-06	9.81e-04	2.55e-02	8.08e-02	6.36e-01	2.37e-01	1.94e-02
 2.84759e+23	1.38e-10	2.25e-06	1.11e-03	2.80e-02	8.64e-02	6.42e-01	2.26e-01	1.74e-02
 2.85995e+23	1.54e-10	2.51e-06	1.23e-03	3.01e-02	9.09e-02	6.45e-01	2.17e-01	1.60e-02
 2.87270e+23	1.78e-10	2.88e-06	1.40e-03	3.31e-02	9.71e-02	6.49e-01	2.05e-01	1.43e-02
 2.88565e+23	2.01e-10	3.22e-06	1.56e-03	3.57e-02	1.02e-01	6.51e-01	1.97e-01	1.31e-02
 2.89886e+23	2.32e-10	3.71e-06	1.78e-03	3.92e-02	1.09e-01	6.53e-01	1.85e-01	1.16e-02
 2.91222e+23	2.65e-10	4.18e-06	1.98e-03	4.23e-02	1.14e-01	6.54e-01	1.77e-01	1.06e-02
 2.92578e+23	3.08e-10	4.83e-06	2.28e-03	4.65e-02	1.22e-01	6.54e-01	1.66e-01	9.34e-03
 2.93953e+23	3.53e-10	5.47e-06	2.54e-03	5.01e-02	1.28e-01	6.53e-01	1.58e-01	8.48e-03
 2.95158e+23	4.00e-10	6.14e-06	2.83e-03	5.38e-02	1.34e-01	6.52e-01	1.50e-01	7.68e-03
 2.96530e+23	4.71e-10	7.14e-06	3.24e-03	5.89e-02	1.42e-01	6.49e-01	1.41e-01	6.76e-03
 2.97926e+23	5.36e-10	8.06e-06	3.62e-03	6.34e-02	1.48e-01	6.45e-01	1.33e-01	6.08e-03
 2.99063e+23	6.04e-10	8.98e-06	3.99e-03	6.74e-02	1.54e-01	6.42e-01	1.27e-01	5.55e-03
 3.00252e+23	6.99e-10	1.02e-05	4.47e-03	7.26e-02	1.61e-01	6.37e-01	1.20e-01	4.99e-03
 3.01497e+23	7.93e-10	1.15e-05	4.94e-03	7.74e-02	1.67e-01	6.33e-01	1.14e-01	4.52e-03
 3.02636e+23	8.98e-10	1.28e-05	5.45e-03	8.23e-02	1.73e-01	6.27e-01	1.08e-01	4.10e-03
 3.03936e+23	1.06e-09	1.48e-05	6.17e-03	8.89e-02	1.81e-01	6.20e-01	1.01e-01	3.63e-03
 3.05271e+23	1.21e-09	1.67e-05	6.86e-03	9.50e-02	1.88e-01	6.13e-01	9.45e-02	3.24e-03
 3.06442e+23	1.38e-09	1.88e-05	7.57e-03	1.01e-01	1.94e-01	6.05e-01	8.93e-02	2.93e-03
 3.07758e+23	1.62e-09	2.17e-05	8.56e-03	1.09e-01	2.02e-01	5.95e-01	8.31e-02	2.58e-03
 3.08534e+23	1.64e-09	2.19e-05	8.65e-03	1.09e-01	2.02e-01	5.95e-01	8.25e-02	2.55e-03
