#depth	O	O+	O+2	O+3	O+4	O+5	O+6	O+7	O+8	O[1]	O[2]	O[3]
 8.48952e+20	1.71e-06	3.01e-03	1.87e-01	5.79e-01	1.89e-01	3.63e-02	5.12e-03	2.82e-05	0.00e+00	1.71e-06	1.00e-14	1.20e-14
 3.26453e+21	2.40e-06	3.75e-03	2.10e-01	5.80e-01	1.73e-01	3.05e-02	3.96e-03	1.94e-05	0.00e+00	2.40e-06	1.48e-14	1.76e-14
 6.46253e+21	3.37e-06	4.66e-03	2.34e-01	5.77e-01	1.56e-01	2.52e-02	3.02e-03	1.31e-05	0.00e+00	3.37e-06	2.18e-14	2.59e-14
 9.74767e+21	4.70e-06	5.76e-03	2.61e-01	5.70e-01	1.40e-01	2.07e-02	2.28e-03	8.75e-06	0.00e+00	4.70e-06	3.19e-14	3.80e-14
 1.21803e+22	5.44e-06	6.31e-03	2.75e-01	5.66e-01	1.32e-01	1.88e-02	1.98e-03	7.17e-06	0.00e+00	5.44e-06	3.78e-14	4.50e-14
 1.39718e+22	6.61e-06	7.13e-03	2.92e-01	5.59e-01	1.24e-01	1.66e-02	1.67e-03	5.61e-06	0.00e+00	6.61e-06	4.74e-14	5.64e-14
 1.58647e+22	7.82e-06	7.93e-03	3.08e-01	5.52e-01	1.16e-01	1.49e-02	1.43e-03	4.48e-06	0.00e+00	7.82e-06	5.78e-14	6.87e-14
 1.78894e+22	9.71e-06	9.10e-03	3.28e-01	5.42e-01	1.07e-01	1.29e-02	1.18e-03	3.39e-06	0.00e+00	9.71e-06	7.45e-14	8.84e-14
 1.99244e+22	1.16e-05	1.02e-02	3.45e-01	5.33e-01	9.94e-02	1.15e-02	9.96e-04	2.68e-06	0.00e+00	1.16e-05	9.13e-14	1.08e-13
 2.16972e+22	1.37e-05	1.13e-02	3.62e-01	5.23e-01	9.27e-02	1.02e-02	8.48e-04	2.13e-06	0.00e+00	1.37e-05	1.11e-13	1.32e-13
 2.37264e+22	1.69e-05	1.29e-02	3.83e-01	5.10e-01	8.47e-02	8.77e-03	6.91e-04	1.60e-06	0.00e+00	1.69e-05	1.43e-13	1.70e-13
 2.57991e+22	2.01e-05	1.44e-02	4.02e-01	4.97e-01	7.82e-02	7.70e-03	5.80e-04	1.24e-06	0.00e+00	2.01e-05	1.76e-13	2.08e-13
 2.79283e+22	2.49e-05	1.65e-02	4.25e-01	4.81e-01	7.07e-02	6.54e-03	4.65e-04	9.10e-07	0.00e+00	2.49e-05	2.28e-13	2.70e-13
 3.00910e+22	2.96e-05	1.83e-02	4.45e-01	4.66e-01	6.47e-02	5.68e-03	3.85e-04	6.98e-07	0.00e+00	2.96e-05	2.82e-13	3.32e-13
 3.22972e+22	3.69e-05	2.10e-02	4.69e-01	4.47e-01	5.79e-02	4.76e-03	3.05e-04	5.02e-07	0.00e+00	3.69e-05	3.68e-13	4.33e-13
 3.45476e+22	4.39e-05	2.34e-02	4.89e-01	4.30e-01	5.25e-02	4.09e-03	2.49e-04	3.78e-07	0.00e+00	4.39e-05	4.56e-13	5.35e-13
 3.58018e+22	4.56e-05	2.39e-02	4.95e-01	4.25e-01	5.10e-02	3.92e-03	2.36e-04	3.49e-07	0.00e+00	4.56e-05	4.78e-13	5.61e-13
 3.63787e+22	4.80e-05	2.47e-02	5.01e-01	4.20e-01	4.96e-02	3.75e-03	2.22e-04	3.22e-07	0.00e+00	4.80e-05	5.10e-13	5.98e-13
 3.71287e+22	5.17e-05	2.58e-02	5.10e-01	4.13e-01	4.75e-02	3.52e-03	2.04e-04	2.86e-07	0.00e+00	5.17e-05	5.59e-13	6.54e-13
 3.81037e+22	5.64e-05	2.73e-02	5.20e-01	4.04e-01	4.53e-02	3.26e-03	1.85e-04	2.49e-07	0.00e+00	5.64e-05	6.23e-13	7.28e-13
 3.93712e+22	6.40e-05	2.95e-02	5.34e-01	3.92e-01	4.20e-02	2.91e-03	1.59e-04	2.02e-07	0.00e+00	6.40e-05	7.28e-13	8.49e-13
 4.10190e+22	7.50e-05	3.25e-02	5.52e-01	3.75e-01	3.82e-02	2.51e-03	1.32e-04	1.55e-07	0.00e+00	7.50e-05	8.87e-13	1.03e-12
 4.26902e+22	8.41e-05	3.48e-02	5.66e-01	3.62e-01	3.53e-02	2.24e-03	1.13e-04	1.26e-07	0.00e+00	8.41e-05	1.03e-12	1.19e-12
 4.43918e+22	9.79e-05	3.82e-02	5.83e-01	3.45e-01	3.20e-02	1.93e-03	9.36e-05	0.00e+00	0.00e+00	9.79e-05	1.25e-12	1.44e-12
 4.61451e+22	1.11e-04	4.12e-02	5.98e-01	3.30e-01	2.92e-02	1.69e-03	7.87e-05	0.00e+00	0.00e+00	1.11e-04	1.47e-12	1.69e-12
 4.79657e+22	1.31e-04	4.55e-02	6.15e-01	3.12e-01	2.61e-02	1.43e-03	6.36e-05	0.00e+00	0.00e+00	1.31e-04	1.81e-12	2.07e-12
 4.97935e+22	1.47e-04	4.88e-02	6.29e-01	2.97e-01	2.37e-02	1.25e-03	5.34e-05	0.00e+00	0.00e+00	1.47e-04	2.11e-12	2.41e-12
 5.16307e+22	1.72e-04	5.36e-02	6.45e-01	2.79e-01	2.11e-02	1.05e-03	4.31e-05	0.00e+00	0.00e+00	1.72e-04	2.59e-12	2.93e-12
 5.35130e+22	1.95e-04	5.77e-02	6.58e-01	2.64e-01	1.90e-02	9.06e-04	3.56e-05	0.00e+00	0.00e+00	1.95e-04	3.06e-12	3.44e-12
 5.54537e+22	2.30e-04	6.37e-02	6.74e-01	2.45e-01	1.66e-02	7.49e-04	2.80e-05	0.00e+00	0.00e+00	2.30e-04	3.81e-12	4.25e-12
 5.73946e+22	2.58e-04	6.80e-02	6.85e-01	2.31e-01	1.49e-02	6.44e-04	2.32e-05	0.00e+00	0.00e+00	2.58e-04	4.46e-12	4.94e-12
 5.93359e+22	3.03e-04	7.48e-02	6.98e-01	2.13e-01	1.30e-02	5.30e-04	1.81e-05	0.00e+00	0.00e+00	3.03e-04	5.54e-12	6.07e-12
 6.13242e+22	3.42e-04	8.02e-02	7.09e-01	1.98e-01	1.15e-02	4.49e-04	1.47e-05	0.00e+00	0.00e+00	3.42e-04	6.57e-12	7.12e-12
 6.33735e+22	4.05e-04	8.86e-02	7.20e-01	1.81e-01	9.90e-03	3.62e-04	1.13e-05	0.00e+00	0.00e+00	4.05e-04	8.28e-12	8.86e-12
 6.54451e+22	4.56e-04	9.49e-02	7.29e-01	1.67e-01	8.71e-03	3.04e-04	9.07e-06	0.00e+00	0.00e+00	4.56e-04	9.82e-12	1.04e-11
 6.75456e+22	5.39e-04	1.05e-01	7.37e-01	1.50e-01	7.41e-03	2.42e-04	6.88e-06	0.00e+00	0.00e+00	5.39e-04	1.24e-11	1.29e-11
 6.96841e+22	6.11e-04	1.12e-01	7.43e-01	1.37e-01	6.44e-03	2.00e-04	5.45e-06	0.00e+00	0.00e+00	6.11e-04	1.48e-11	1.52e-11
 7.18719e+22	7.27e-04	1.24e-01	7.47e-01	1.22e-01	5.39e-03	1.56e-04	4.04e-06	0.00e+00	0.00e+00	7.27e-04	1.90e-11	1.91e-11
 7.40567e+22	8.25e-04	1.34e-01	7.50e-01	1.10e-01	4.66e-03	1.28e-04	3.17e-06	0.00e+00	0.00e+00	8.25e-04	2.28e-11	2.25e-11
 7.62373e+22	9.85e-04	1.48e-01	7.50e-01	9.64e-02	3.86e-03	9.86e-05	2.33e-06	0.00e+00	0.00e+00	9.85e-04	2.93e-11	2.82e-11
 7.84169e+22	1.12e-03	1.60e-01	7.50e-01	8.63e-02	3.32e-03	8.00e-05	1.82e-06	0.00e+00	0.00e+00	1.12e-03	3.53e-11	3.33e-11
 8.05950e+22	1.34e-03	1.77e-01	7.44e-01	7.43e-02	2.73e-03	6.06e-05	1.32e-06	0.00e+00	0.00e+00	1.34e-03	4.60e-11	4.22e-11
 8.27631e+22	1.53e-03	1.91e-01	7.39e-01	6.57e-02	2.33e-03	4.85e-05	1.02e-06	0.00e+00	0.00e+00	1.53e-03	5.58e-11	5.00e-11
 8.49183e+22	1.85e-03	2.13e-01	7.27e-01	5.56e-02	1.90e-03	3.61e-05	7.30e-07	0.00e+00	0.00e+00	1.85e-03	7.32e-11	6.36e-11
 8.70620e+22	2.13e-03	2.31e-01	7.17e-01	4.83e-02	1.61e-03	2.84e-05	5.59e-07	0.00e+00	0.00e+00	2.13e-03	8.97e-11	7.60e-11
 8.91906e+22	2.59e-03	2.58e-01	6.98e-01	4.02e-02	1.30e-03	2.08e-05	3.97e-07	0.00e+00	0.00e+00	2.59e-03	1.18e-10	9.71e-11
 9.13092e+22	3.01e-03	2.80e-01	6.81e-01	3.43e-02	1.10e-03	1.60e-05	3.01e-07	0.00e+00	0.00e+00	3.01e-03	1.46e-10	1.17e-10
 9.34149e+22	3.68e-03	3.13e-01	6.55e-01	2.78e-02	8.86e-04	1.14e-05	2.11e-07	0.00e+00	0.00e+00	3.68e-03	1.95e-10	1.50e-10
 9.55162e+22	4.32e-03	3.41e-01	6.31e-01	2.31e-02	7.40e-04	8.56e-06	1.57e-07	0.00e+00	0.00e+00	4.32e-03	2.43e-10	1.83e-10
 9.76117e+22	5.33e-03	3.80e-01	5.96e-01	1.82e-02	5.92e-04	5.88e-06	0.00e+00	0.00e+00	0.00e+00	5.33e-03	3.25e-10	2.37e-10
 9.97125e+22	6.34e-03	4.15e-01	5.64e-01	1.46e-02	4.89e-04	4.25e-06	0.00e+00	0.00e+00	0.00e+00	6.34e-03	4.10e-10	2.93e-10
 1.01535e+23	7.55e-03	4.51e-01	5.29e-01	1.17e-02	4.05e-04	3.04e-06	0.00e+00	0.00e+00	0.00e+00	7.55e-03	5.17e-10	3.62e-10
 1.03620e+23	9.41e-03	4.99e-01	4.83e-01	8.70e-03	3.19e-04	1.96e-06	0.00e+00	0.00e+00	0.00e+00	9.41e-03	6.92e-10	4.73e-10
 1.05752e+23	1.15e-02	5.44e-01	4.38e-01	6.51e-03	2.56e-04	1.29e-06	0.00e+00	0.00e+00	0.00e+00	1.15e-02	8.95e-10	5.99e-10
 1.07565e+23	1.38e-02	5.84e-01	3.97e-01	4.93e-03	2.09e-04	8.71e-07	0.00e+00	0.00e+00	0.00e+00	1.38e-02	1.13e-09	7.45e-10
 1.09123e+23	1.62e-02	6.19e-01	3.61e-01	3.85e-03	1.76e-04	6.16e-07	0.00e+00	0.00e+00	0.00e+00	1.62e-02	1.37e-09	8.95e-10
 1.10734e+23	1.97e-02	6.60e-01	3.17e-01	2.79e-03	1.40e-04	3.93e-07	0.00e+00	0.00e+00	0.00e+00	1.97e-02	1.75e-09	1.13e-09
 1.12421e+23	2.39e-02	6.99e-01	2.75e-01	2.01e-03	1.12e-04	2.50e-07	0.00e+00	0.00e+00	0.00e+00	2.39e-02	2.21e-09	1.41e-09
 1.13925e+23	2.88e-02	7.33e-01	2.37e-01	1.44e-03	8.93e-05	1.59e-07	0.00e+00	0.00e+00	0.00e+00	2.88e-02	2.76e-09	1.75e-09
 1.15362e+23	3.48e-02	7.64e-01	2.00e-01	1.02e-03	7.04e-05	0.00e+00	0.00e+00	0.00e+00	0.00e+00	3.48e-02	3.46e-09	2.17e-09
 1.16754e+23	4.23e-02	7.91e-01	1.66e-01	7.06e-04	5.44e-05	0.00e+00	0.00e+00	0.00e+00	0.00e+00	4.23e-02	4.36e-09	2.72e-09
 1.18063e+23	5.15e-02	8.12e-01	1.36e-01	4.85e-04	4.17e-05	0.00e+00	0.00e+00	0.00e+00	0.00e+00	5.15e-02	5.46e-09	3.38e-09
 1.19272e+23	6.27e-02	8.28e-01	1.09e-01	3.31e-04	3.14e-05	0.00e+00	0.00e+00	0.00e+00	0.00e+00	6.27e-02	6.83e-09	4.21e-09
 1.20386e+23	7.60e-02	8.37e-01	8.68e-02	2.27e-04	2.35e-05	0.00e+00	0.00e+00	0.00e+00	0.00e+00	7.60e-02	8.47e-09	5.20e-09
 1.21420e+23	9.24e-02	8.40e-01	6.79e-02	1.55e-04	1.73e-05	0.00e+00	0.00e+00	0.00e+00	0.00e+00	9.24e-02	1.05e-08	6.41e-09
 1.22367e+23	1.12e-01	8.35e-01	5.26e-02	1.07e-04	1.25e-05	0.00e+00	0.00e+00	0.00e+00	0.00e+00	1.12e-01	1.28e-08	7.83e-09
 1.23201e+23	1.34e-01	8.25e-01	4.09e-02	7.63e-05	9.15e-06	0.00e+00	0.00e+00	0.00e+00	0.00e+00	1.34e-01	1.55e-08	9.40e-09
 1.23944e+23	1.58e-01	8.10e-01	3.18e-02	5.55e-05	6.67e-06	0.00e+00	0.00e+00	0.00e+00	0.00e+00	1.58e-01	1.83e-08	1.11e-08
 1.24617e+23	1.86e-01	7.89e-01	2.47e-02	4.11e-05	4.84e-06	0.00e+00	0.00e+00	0.00e+00	0.00e+00	1.86e-01	2.15e-08	1.30e-08
 1.25226e+23	2.15e-01	7.66e-01	1.94e-02	3.14e-05	3.56e-06	0.00e+00	0.00e+00	0.00e+00	0.00e+00	2.15e-01	2.46e-08	1.49e-08
 1.25794e+23	2.47e-01	7.38e-01	1.51e-02	2.41e-05	2.59e-06	0.00e+00	0.00e+00	0.00e+00	0.00e+00	2.47e-01	2.80e-08	1.69e-08
 1.26331e+23	2.82e-01	7.06e-01	1.17e-02	1.88e-05	1.88e-06	0.00e+00	0.00e+00	0.00e+00	0.00e+00	2.82e-01	3.14e-08	1.89e-08
 1.26825e+23	3.19e-01	6.71e-01	9.17e-03	1.48e-05	1.37e-06	0.00e+00	0.00e+00	0.00e+00	0.00e+00	3.19e-01	3.46e-08	2.08e-08
 1.27283e+23	3.57e-01	6.36e-01	7.21e-03	1.19e-05	1.01e-06	0.00e+00	0.00e+00	0.00e+00	0.00e+00	3.57e-01	3.76e-08	2.26e-08
 1.27698e+23	3.93e-01	6.01e-01	5.75e-03	9.79e-06	7.57e-07	0.00e+00	0.00e+00	0.00e+00	0.00e+00	3.93e-01	4.02e-08	2.41e-08
 1.28058e+23	4.26e-01	5.69e-01	4.71e-03	8.26e-06	5.87e-07	0.00e+00	0.00e+00	0.00e+00	0.00e+00	4.26e-01	4.22e-08	2.53e-08
 1.28371e+23	4.55e-01	5.41e-01	3.94e-03	7.14e-06	4.69e-07	0.00e+00	0.00e+00	0.00e+00	0.00e+00	4.55e-01	4.38e-08	2.62e-08
 1.28632e+23	4.80e-01	5.17e-01	3.40e-03	6.34e-06	3.89e-07	0.00e+00	0.00e+00	0.00e+00	0.00e+00	4.80e-01	4.49e-08	2.69e-08
 1.28855e+23	5.01e-01	4.96e-01	2.98e-03	5.72e-06	3.31e-07	0.00e+00	0.00e+00	0.00e+00	0.00e+00	5.01e-01	4.58e-08	2.74e-08
 1.29091e+23	5.23e-01	4.75e-01	2.60e-03	5.14e-06	2.78e-07	0.00e+00	0.00e+00	0.00e+00	0.00e+00	5.23e-01	4.66e-08	2.78e-08
 1.29357e+23	5.47e-01	4.51e-01	2.22e-03	4.57e-06	2.30e-07	0.00e+00	0.00e+00	0.00e+00	0.00e+00	5.47e-01	4.73e-08	2.82e-08
 1.29628e+23	5.71e-01	4.27e-01	1.90e-03	4.07e-06	1.89e-07	0.00e+00	0.00e+00	0.00e+00	0.00e+00	5.71e-01	4.78e-08	2.85e-08
 1.29880e+23	5.92e-01	4.06e-01	1.65e-03	3.67e-06	1.59e-07	0.00e+00	0.00e+00	0.00e+00	0.00e+00	5.92e-01	4.81e-08	2.87e-08
 1.30071e+23	6.07e-01	3.92e-01	1.49e-03	3.42e-06	1.41e-07	0.00e+00	0.00e+00	0.00e+00	0.00e+00	6.07e-01	4.82e-08	2.87e-08
 1.30205e+23	6.17e-01	3.82e-01	1.38e-03	3.24e-06	1.29e-07	0.00e+00	0.00e+00	0.00e+00	0.00e+00	6.17e-01	4.82e-08	2.87e-08
 1.30338e+23	6.27e-01	3.71e-01	1.28e-03	3.08e-06	0.00e+00	0.00e+00	0.00e+00	0.00e+00	0.00e+00	6.27e-01	4.83e-08	2.87e-08
 1.30494e+23	6.38e-01	3.61e-01	1.18e-03	2.91e-06	0.00e+00	0.00e+00	0.00e+00	0.00e+00	0.00e+00	6.38e-01	4.83e-08	2.87e-08
 1.30669e+23	6.51e-01	3.48e-01	1.07e-03	2.73e-06	0.00e+00	0.00e+00	0.00e+00	0.00e+00	0.00e+00	6.51e-01	4.83e-08	2.87e-08
 1.30847e+23	6.63e-01	3.36e-01	9.70e-04	2.55e-06	0.00e+00	0.00e+00	0.00e+00	0.00e+00	0.00e+00	6.63e-01	4.81e-08	2.86e-08
 1.31014e+23	6.74e-01	3.25e-01	8.88e-04	2.41e-06	0.00e+00	0.00e+00	0.00e+00	0.00e+00	0.00e+00	6.74e-01	4.80e-08	2.85e-08
 1.31180e+23	6.85e-01	3.15e-01	8.13e-04	2.28e-06	0.00e+00	0.00e+00	0.00e+00	0.00e+00	0.00e+00	6.85e-01	4.79e-08	2.84e-08
 1.31357e+23	6.95e-01	3.04e-01	7.42e-04	2.15e-06	0.00e+00	0.00e+00	0.00e+00	0.00e+00	0.00e+00	6.95e-01	4.77e-08	2.83e-08
 1.31543e+23	7.06e-01	2.93e-01	6.73e-04	2.02e-06	0.00e+00	0.00e+00	0.00e+00	0.00e+00	0.00e+00	7.06e-01	4.74e-08	2.82e-08
 1.31732e+23	7.16e-01	2.83e-01	6.13e-04	1.91e-06	0.00e+00	0.00e+00	0.00e+00	0.00e+00	0.00e+00	7.16e-01	4.72e-08	2.80e-08
 1.31923e+23	7.26e-01	2.73e-01	5.57e-04	1.80e-06	0.00e+00	0.00e+00	0.00e+00	0.00e+00	0.00e+00	7.26e-01	4.69e-08	2.78e-08
 1.32121e+23	7.37e-01	2.63e-01	5.05e-04	1.69e-06	0.00e+00	0.00e+00	0.00e+00	0.00e+00	0.00e+00	7.37e-01	4.66e-08	2.76e-08
 1.32320e+23	7.46e-01	2.53e-01	4.59e-04	1.60e-06	0.00e+00	0.00e+00	0.00e+00	0.00e+00	0.00e+00	7.46e-01	4.63e-08	2.74e-08
 1.32523e+23	7.55e-01	2.44e-01	4.17e-04	1.51e-06	0.00e+00	0.00e+00	0.00e+00	0.00e+00	0.00e+00	7.55e-01	4.59e-08	2.72e-08
 1.32738e+23	7.64e-01	2.35e-01	3.77e-04	1.42e-06	0.00e+00	0.00e+00	0.00e+00	0.00e+00	0.00e+00	7.64e-01	4.56e-08	2.70e-08
 1.32961e+23	7.74e-01	2.26e-01	3.41e-04	1.34e-06	0.00e+00	0.00e+00	0.00e+00	0.00e+00	0.00e+00	7.74e-01	4.52e-08	2.67e-08
 1.33187e+23	7.82e-01	2.17e-01	3.08e-04	1.26e-06	0.00e+00	0.00e+00	0.00e+00	0.00e+00	0.00e+00	7.82e-01	4.48e-08	2.65e-08
 1.33417e+23	7.90e-01	2.09e-01	2.79e-04	1.19e-06	0.00e+00	0.00e+00	0.00e+00	0.00e+00	0.00e+00	7.90e-01	4.44e-08	2.62e-08
 1.33657e+23	7.99e-01	2.01e-01	2.52e-04	1.12e-06	0.00e+00	0.00e+00	0.00e+00	0.00e+00	0.00e+00	7.99e-01	4.40e-08	2.60e-08
 1.33908e+23	8.07e-01	1.93e-01	2.28e-04	1.06e-06	0.00e+00	0.00e+00	0.00e+00	0.00e+00	0.00e+00	8.07e-01	4.36e-08	2.57e-08
 1.34166e+23	8.14e-01	1.86e-01	2.06e-04	9.97e-07	0.00e+00	0.00e+00	0.00e+00	0.00e+00	0.00e+00	8.14e-01	4.31e-08	2.54e-08
 1.34431e+23	8.22e-01	1.78e-01	1.87e-04	9.40e-07	0.00e+00	0.00e+00	0.00e+00	0.00e+00	0.00e+00	8.22e-01	4.27e-08	2.52e-08
 1.34706e+23	8.29e-01	1.71e-01	1.69e-04	8.87e-07	0.00e+00	0.00e+00	0.00e+00	0.00e+00	0.00e+00	8.29e-01	4.23e-08	2.49e-08
 1.34993e+23	8.36e-01	1.64e-01	1.53e-04	8.36e-07	0.00e+00	0.00e+00	0.00e+00	0.00e+00	0.00e+00	8.36e-01	4.19e-08	2.46e-08
 1.35293e+23	8.42e-01	1.57e-01	1.39e-04	7.88e-07	0.00e+00	0.00e+00	0.00e+00	0.00e+00	0.00e+00	8.42e-01	4.15e-08	2.44e-08
 1.35602e+23	8.49e-01	1.51e-01	1.26e-04	7.43e-07	0.00e+00	0.00e+00	0.00e+00	0.00e+00	0.00e+00	8.49e-01	4.11e-08	2.41e-08
 1.35920e+23	8.55e-01	1.45e-01	1.15e-04	7.02e-07	0.00e+00	0.00e+00	0.00e+00	0.00e+00	0.00e+00	8.55e-01	4.07e-08	2.39e-08
 1.36247e+23	8.60e-01	1.40e-01	1.05e-04	6.64e-07	0.00e+00	0.00e+00	0.00e+00	0.00e+00	0.00e+00	8.60e-01	4.04e-08	2.37e-08
 1.36583e+23	8.66e-01	1.34e-01	9.68e-05	6.30e-07	0.00e+00	0.00e+00	0.00e+00	0.00e+00	0.00e+00	8.66e-01	4.00e-08	2.34e-08
 1.36932e+23	8.71e-01	1.29e-01	8.93e-05	5.95e-07	0.00e+00	0.00e+00	0.00e+00	0.00e+00	0.00e+00	8.71e-01	3.96e-08	2.31e-08
 1.37300e+23	8.76e-01	1.24e-01	8.26e-05	5.64e-07	0.00e+00	0.00e+00	0.00e+00	0.00e+00	0.00e+00	8.76e-01	3.93e-08	2.28e-08
 1.37685e+23	8.81e-01	1.19e-01	7.66e-05	5.34e-07	0.00e+00	0.00e+00	0.00e+00	0.00e+00	0.00e+00	8.81e-01	3.89e-08	2.24e-08
 1.38079e+23	8.85e-01	1.15e-01	7.16e-05	5.07e-07	0.00e+00	0.00e+00	0.00e+00	0.00e+00	0.00e+00	8.85e-01	3.86e-08	2.22e-08
 1.38489e+23	8.89e-01	1.11e-01	6.71e-05	4.81e-07	0.00e+00	0.00e+00	0.00e+00	0.00e+00	0.00e+00	8.89e-01	3.83e-08	2.19e-08
 1.38926e+23	8.93e-01	1.07e-01	6.31e-05	4.58e-07	0.00e+00	0.00e+00	0.00e+00	0.00e+00	0.00e+00	8.93e-01	3.81e-08	2.17e-08
 1.39387e+23	8.97e-01	1.03e-01	5.96e-05	4.34e-07	0.00e+00	0.00e+00	0.00e+00	0.00e+00	0.00e+00	8.97e-01	3.79e-08	2.14e-08
 1.39871e+23	9.00e-01	9.96e-02	5.64e-05	4.12e-07	0.00e+00	0.00e+00	0.00e+00	0.00e+00	0.00e+00	9.00e-01	3.77e-08	2.12e-08
 1.40386e+23	9.04e-01	9.61e-02	5.36e-05	3.91e-07	0.00e+00	0.00e+00	0.00e+00	0.00e+00	0.00e+00	9.04e-01	3.75e-08	2.10e-08
 1.40936e+23	9.07e-01	9.27e-02	5.11e-05	3.71e-07	0.00e+00	0.00e+00	0.00e+00	0.00e+00	0.00e+00	9.07e-01	3.74e-08	2.07e-08
 1.41517e+23	9.11e-01	8.94e-02	4.89e-05	3.51e-07	0.00e+00	0.00e+00	0.00e+00	0.00e+00	0.00e+00	9.11e-01	3.73e-08	2.05e-08
 1.42114e+23	9.14e-01	8.62e-02	4.69e-05	3.33e-07	0.00e+00	0.00e+00	0.00e+00	0.00e+00	0.00e+00	9.14e-01	3.72e-08	2.04e-08
 1.42693e+23	9.16e-01	8.35e-02	4.53e-05	3.18e-07	0.00e+00	0.00e+00	0.00e+00	0.00e+00	0.00e+00	9.16e-01	3.71e-08	2.02e-08
 1.43249e+23	9.19e-01	8.10e-02	4.40e-05	3.04e-07	0.00e+00	0.00e+00	0.00e+00	0.00e+00	0.00e+00	9.19e-01	3.71e-08	2.01e-08
 1.43796e+23	9.21e-01	7.87e-02	4.28e-05	2.91e-07	0.00e+00	0.00e+00	0.00e+00	0.00e+00	0.00e+00	9.21e-01	3.71e-08	1.99e-08
 1.44335e+23	9.23e-01	7.65e-02	4.18e-05	2.78e-07	0.00e+00	0.00e+00	0.00e+00	0.00e+00	0.00e+00	9.23e-01	3.71e-08	1.98e-08
 1.44861e+23	9.26e-01	7.44e-02	4.08e-05	2.67e-07	0.00e+00	0.00e+00	0.00e+00	0.00e+00	0.00e+00	9.26e-01	3.71e-08	1.97e-08
 1.45369e+23	9.27e-01	7.25e-02	4.00e-05	2.57e-07	0.00e+00	0.00e+00	0.00e+00	0.00e+00	0.00e+00	9.27e-01	3.70e-08	1.96e-08
 1.45852e+23	9.29e-01	7.06e-02	3.93e-05	2.47e-07	0.00e+00	0.00e+00	0.00e+00	0.00e+00	0.00e+00	9.29e-01	3.70e-08	1.95e-08
 1.46303e+23	9.31e-01	6.90e-02	3.87e-05	2.39e-07	0.00e+00	0.00e+00	0.00e+00	0.00e+00	0.00e+00	9.31e-01	3.69e-08	1.94e-08
 1.46740e+23	9.33e-01	6.74e-02	3.82e-05	2.31e-07	0.00e+00	0.00e+00	0.00e+00	0.00e+00	0.00e+00	9.33e-01	3.69e-08	1.93e-08
 1.47177e+23	9.34e-01	6.58e-02	3.76e-05	2.23e-07	0.00e+00	0.00e+00	0.00e+00	0.00e+00	0.00e+00	9.34e-01	3.69e-08	1.92e-08
 1.47600e+23	9.36e-01	6.43e-02	3.72e-05	2.15e-07	0.00e+00	0.00e+00	0.00e+00	0.00e+00	0.00e+00	9.36e-01	3.69e-08	1.91e-08
 1.48007e+23	9.37e-01	6.28e-02	3.67e-05	2.08e-07	0.00e+00	0.00e+00	0.00e+00	0.00e+00	0.00e+00	9.37e-01	3.68e-08	1.91e-08
 1.48399e+23	9.39e-01	6.14e-02	3.64e-05	2.02e-07	0.00e+00	0.00e+00	0.00e+00	0.00e+00	0.00e+00	9.39e-01	3.68e-08	1.90e-08
 1.48778e+23	9.40e-01	6.01e-02	3.60e-05	1.96e-07	0.00e+00	0.00e+00	0.00e+00	0.00e+00	0.00e+00	9.40e-01	3.68e-08	1.89e-08
 1.49143e+23	9.41e-01	5.88e-02	3.57e-05	1.90e-07	0.00e+00	0.00e+00	0.00e+00	0.00e+00	0.00e+00	9.41e-01	3.68e-08	1.88e-08
 1.49497e+23	9.42e-01	5.76e-02	3.54e-05	1.85e-07	0.00e+00	0.00e+00	0.00e+00	0.00e+00	0.00e+00	9.42e-01	3.67e-08	1.88e-08
 1.49836e+23	9.44e-01	5.64e-02	3.51e-05	1.79e-07	0.00e+00	0.00e+00	0.00e+00	0.00e+00	0.00e+00	9.44e-01	3.67e-08	1.87e-08
 1.50164e+23	9.45e-01	5.52e-02	3.48e-05	1.75e-07	0.00e+00	0.00e+00	0.00e+00	0.00e+00	0.00e+00	9.45e-01	3.67e-08	1.86e-08
 1.50481e+23	9.46e-01	5.41e-02	3.46e-05	1.70e-07	0.00e+00	0.00e+00	0.00e+00	0.00e+00	0.00e+00	9.46e-01	3.67e-08	1.85e-08
 1.50786e+23	9.47e-01	5.30e-02	3.44e-05	1.65e-07	0.00e+00	0.00e+00	0.00e+00	0.00e+00	0.00e+00	9.47e-01	3.66e-08	1.85e-08
 1.51076e+23	9.48e-01	5.20e-02	3.42e-05	1.61e-07	0.00e+00	0.00e+00	0.00e+00	0.00e+00	0.00e+00	9.48e-01	3.66e-08	1.84e-08
 1.51360e+23	9.49e-01	5.10e-02	3.40e-05	1.57e-07	0.00e+00	0.00e+00	0.00e+00	0.00e+00	0.00e+00	9.49e-01	3.66e-08	1.83e-08
 1.51637e+23	9.50e-01	5.00e-02	3.38e-05	1.53e-07	0.00e+00	0.00e+00	0.00e+00	0.00e+00	0.00e+00	9.50e-01	3.65e-08	1.83e-08
 1.51888e+23	9.51e-01	4.91e-02	3.36e-05	1.50e-07	0.00e+00	0.00e+00	0.00e+00	0.00e+00	0.00e+00	9.51e-01	3.65e-08	1.82e-08
 1.52117e+23	9.52e-01	4.84e-02	3.35e-05	1.47e-07	0.00e+00	0.00e+00	0.00e+00	0.00e+00	0.00e+00	9.52e-01	3.64e-08	1.81e-08
 1.52325e+23	9.52e-01	4.77e-02	3.33e-05	1.45e-07	0.00e+00	0.00e+00	0.00e+00	0.00e+00	0.00e+00	9.52e-01	3.64e-08	1.81e-08
 1.52515e+23	9.53e-01	4.70e-02	3.32e-05	1.42e-07	0.00e+00	0.00e+00	0.00e+00	0.00e+00	0.00e+00	9.53e-01	3.63e-08	1.80e-08
 1.52687e+23	9.54e-01	4.65e-02	3.31e-05	1.40e-07	0.00e+00	0.00e+00	0.00e+00	0.00e+00	0.00e+00	9.54e-01	3.63e-08	1.80e-08
 1.52844e+23	9.54e-01	4.59e-02	3.30e-05	1.38e-07	0.00e+00	0.00e+00	0.00e+00	0.00e+00	0.00e+00	9.54e-01	3.62e-08	1.79e-08
 1.52987e+23	9.55e-01	4.54e-02	3.29e-05	1.37e-07	0.00e+00	0.00e+00	0.00e+00	0.00e+00	0.00e+00	9.55e-01	3.60e-08	1.78e-08
 1.53117e+23	9.55e-01	4.51e-02	3.28e-05	1.35e-07	0.00e+00	0.00e+00	0.00e+00	0.00e+00	0.00e+00	9.55e-01	3.59e-08	1.78e-08
 1.53259e+23	9.55e-01	4.45e-02	3.27e-05	1.33e-07	0.00e+00	0.00e+00	0.00e+00	0.00e+00	0.00e+00	9.55e-01	3.58e-08	1.78e-08
 1.53445e+23	9.56e-01	4.38e-02	3.25e-05	1.30e-07	0.00e+00	0.00e+00	0.00e+00	0.00e+00	0.00e+00	9.56e-01	3.57e-08	1.77e-08
 1.53644e+23	9.57e-01	4.30e-02	3.23e-05	1.28e-07	0.00e+00	0.00e+00	0.00e+00	0.00e+00	0.00e+00	9.57e-01	3.55e-08	1.77e-08
 1.53826e+23	9.58e-01	4.23e-02	3.21e-05	1.25e-07	0.00e+00	0.00e+00	0.00e+00	0.00e+00	0.00e+00	9.58e-01	3.54e-08	1.76e-08
 1.53992e+23	9.58e-01	4.18e-02	3.20e-05	1.24e-07	0.00e+00	0.00e+00	0.00e+00	0.00e+00	0.00e+00	9.58e-01	3.53e-08	1.76e-08
 1.54143e+23	9.59e-01	4.13e-02	3.19e-05	0.00e+00	0.00e+00	0.00e+00	0.00e+00	0.00e+00	0.00e+00	9.59e-01	3.52e-08	1.75e-08
 1.54280e+23	9.59e-01	4.08e-02	3.18e-05	0.00e+00	0.00e+00	0.00e+00	0.00e+00	0.00e+00	0.00e+00	9.59e-01	3.50e-08	1.74e-08
 1.54404e+23	9.59e-01	4.05e-02	3.16e-05	0.00e+00	0.00e+00	0.00e+00	0.00e+00	0.00e+00	0.00e+00	9.59e-01	3.50e-08	1.74e-08
 1.54541e+23	9.60e-01	4.00e-02	3.15e-05	0.00e+00	0.00e+00	0.00e+00	0.00e+00	0.00e+00	0.00e+00	9.60e-01	3.49e-08	1.74e-08
 1.54689e+23	9.60e-01	3.97e-02	3.13e-05	0.00e+00	0.00e+00	0.00e+00	0.00e+00	0.00e+00	0.00e+00	9.60e-01	3.49e-08	1.74e-08
 1.54850e+23	9.61e-01	3.91e-02	3.11e-05	0.00e+00	0.00e+00	0.00e+00	0.00e+00	0.00e+00	0.00e+00	9.61e-01	3.48e-08	1.74e-08
 1.55025e+23	9.61e-01	3.86e-02	3.09e-05	0.00e+00	0.00e+00	0.00e+00	0.00e+00	0.00e+00	0.00e+00	9.61e-01	3.48e-08	1.73e-08
 1.55216e+23	9.62e-01	3.79e-02	3.07e-05	0.00e+00	0.00e+00	0.00e+00	0.00e+00	0.00e+00	0.00e+00	9.62e-01	3.47e-08	1.73e-08
 1.55423e+23	9.63e-01	3.73e-02	3.04e-05	0.00e+00	0.00e+00	0.00e+00	0.00e+00	0.00e+00	0.00e+00	9.63e-01	3.46e-08	1.73e-08
 1.55611e+23	9.63e-01	3.67e-02	3.02e-05	0.00e+00	0.00e+00	0.00e+00	0.00e+00	0.00e+00	0.00e+00	9.63e-01	3.45e-08	1.72e-08
 1.55782e+23	9.64e-01	3.64e-02	3.00e-05	0.00e+00	0.00e+00	0.00e+00	0.00e+00	0.00e+00	0.00e+00	9.64e-01	3.45e-08	1.72e-08
 1.55969e+23	9.64e-01	3.58e-02	2.98e-05	0.00e+00	0.00e+00	0.00e+00	0.00e+00	0.00e+00	0.00e+00	9.64e-01	3.44e-08	1.72e-08
 1.56171e+23	9.65e-01	3.51e-02	2.95e-05	0.00e+00	0.00e+00	0.00e+00	0.00e+00	0.00e+00	0.00e+00	9.65e-01	3.44e-08	1.71e-08
 1.56355e+23	9.65e-01	3.47e-02	2.93e-05	0.00e+00	0.00e+00	0.00e+00	0.00e+00	0.00e+00	0.00e+00	9.65e-01	3.43e-08	1.71e-08
 1.56557e+23	9.66e-01	3.41e-02	2.90e-05	0.00e+00	0.00e+00	0.00e+00	0.00e+00	0.00e+00	0.00e+00	9.66e-01	3.43e-08	1.71e-08
 1.56775e+23	9.66e-01	3.35e-02	2.87e-05	0.00e+00	0.00e+00	0.00e+00	0.00e+00	0.00e+00	0.00e+00	9.66e-01	3.42e-08	1.70e-08
 1.56973e+23	9.67e-01	3.30e-02	2.84e-05	0.00e+00	0.00e+00	0.00e+00	0.00e+00	0.00e+00	0.00e+00	9.67e-01	3.42e-08	1.70e-08
 1.57153e+23	9.67e-01	3.26e-02	2.82e-05	0.00e+00	0.00e+00	0.00e+00	0.00e+00	0.00e+00	0.00e+00	9.67e-01	3.41e-08	1.70e-08
 1.57318e+23	9.68e-01	3.22e-02	2.79e-05	0.00e+00	0.00e+00	0.00e+00	0.00e+00	0.00e+00	0.00e+00	9.68e-01	3.41e-08	1.69e-08
 1.57467e+23	9.68e-01	3.18e-02	2.77e-05	0.00e+00	0.00e+00	0.00e+00	0.00e+00	0.00e+00	0.00e+00	9.68e-01	3.40e-08	1.69e-08
 1.57603e+23	9.68e-01	3.15e-02	2.75e-05	0.00e+00	0.00e+00	0.00e+00	0.00e+00	0.00e+00	0.00e+00	9.68e-01	3.40e-08	1.68e-08
 1.57752e+23	9.69e-01	3.11e-02	2.73e-05	0.00e+00	0.00e+00	0.00e+00	0.00e+00	0.00e+00	0.00e+00	9.69e-01	3.39e-08	1.68e-08
 1.57945e+23	9.69e-01	3.05e-02	2.70e-05	0.00e+00	0.00e+00	0.00e+00	0.00e+00	0.00e+00	0.00e+00	9.69e-01	3.39e-08	1.68e-08
 1.58154e+23	9.70e-01	2.99e-02	2.67e-05	0.00e+00	0.00e+00	0.00e+00	0.00e+00	0.00e+00	0.00e+00	9.70e-01	3.38e-08	1.67e-08
 1.58345e+23	9.71e-01	2.94e-02	2.64e-05	0.00e+00	0.00e+00	0.00e+00	0.00e+00	0.00e+00	0.00e+00	9.71e-01	3.37e-08	1.67e-08
 1.58518e+23	9.71e-01	2.90e-02	2.62e-05	0.00e+00	0.00e+00	0.00e+00	0.00e+00	0.00e+00	0.00e+00	9.71e-01	3.36e-08	1.66e-08
 1.58675e+23	9.71e-01	2.87e-02	2.60e-05	0.00e+00	0.00e+00	0.00e+00	0.00e+00	0.00e+00	0.00e+00	9.71e-01	3.36e-08	1.66e-08
 1.58848e+23	9.72e-01	2.83e-02	2.57e-05	0.00e+00	0.00e+00	0.00e+00	0.00e+00	0.00e+00	0.00e+00	9.72e-01	3.36e-08	1.65e-08
 1.59034e+23	9.72e-01	2.78e-02	2.55e-05	0.00e+00	0.00e+00	0.00e+00	0.00e+00	0.00e+00	0.00e+00	9.72e-01	3.35e-08	1.65e-08
 1.59204e+23	9.73e-01	2.74e-02	2.53e-05	0.00e+00	0.00e+00	0.00e+00	0.00e+00	0.00e+00	0.00e+00	9.73e-01	3.35e-08	1.64e-08
 1.59389e+23	9.73e-01	2.70e-02	2.50e-05	0.00e+00	0.00e+00	0.00e+00	0.00e+00	0.00e+00	0.00e+00	9.73e-01	3.34e-08	1.64e-08
 1.59590e+23	9.73e-01	2.65e-02	2.48e-05	0.00e+00	0.00e+00	0.00e+00	0.00e+00	0.00e+00	0.00e+00	9.73e-01	3.34e-08	1.63e-08
 1.59773e+23	9.74e-01	2.61e-02	2.46e-05	0.00e+00	0.00e+00	0.00e+00	0.00e+00	0.00e+00	0.00e+00	9.74e-01	3.34e-08	1.63e-08
 1.59973e+23	9.74e-01	2.57e-02	2.43e-05	0.00e+00	0.00e+00	0.00e+00	0.00e+00	0.00e+00	0.00e+00	9.74e-01	3.33e-08	1.62e-08
 1.60188e+23	9.75e-01	2.52e-02	2.40e-05	0.00e+00	0.00e+00	0.00e+00	0.00e+00	0.00e+00	0.00e+00	9.75e-01	3.31e-08	1.61e-08
 1.60385e+23	9.75e-01	2.48e-02	2.38e-05	0.00e+00	0.00e+00	0.00e+00	0.00e+00	0.00e+00	0.00e+00	9.75e-01	3.28e-08	1.59e-08
 1.60564e+23	9.75e-01	2.46e-02	2.36e-05	0.00e+00	0.00e+00	0.00e+00	0.00e+00	0.00e+00	0.00e+00	9.75e-01	3.27e-08	1.59e-08
 1.60760e+23	9.76e-01	2.42e-02	2.34e-05	0.00e+00	0.00e+00	0.00e+00	0.00e+00	0.00e+00	0.00e+00	9.76e-01	3.24e-08	1.58e-08
 1.60971e+23	9.76e-01	2.38e-02	2.32e-05	0.00e+00	0.00e+00	0.00e+00	0.00e+00	0.00e+00	0.00e+00	9.76e-01	3.21e-08	1.56e-08
 1.61164e+23	9.76e-01	2.35e-02	2.30e-05	0.00e+00	0.00e+00	0.00e+00	0.00e+00	0.00e+00	0.00e+00	9.76e-01	3.20e-08	1.56e-08
 1.61375e+23	9.77e-01	2.31e-02	2.27e-05	0.00e+00	0.00e+00	0.00e+00	0.00e+00	0.00e+00	0.00e+00	9.77e-01	3.17e-08	1.54e-08
 1.61602e+23	9.77e-01	2.26e-02	2.25e-05	0.00e+00	0.00e+00	0.00e+00	0.00e+00	0.00e+00	0.00e+00	9.77e-01	3.15e-08	1.52e-08
 1.61810e+23	9.78e-01	2.23e-02	2.23e-05	0.00e+00	0.00e+00	0.00e+00	0.00e+00	0.00e+00	0.00e+00	9.78e-01	3.12e-08	1.50e-08
 1.61998e+23	9.78e-01	2.21e-02	2.21e-05	0.00e+00	0.00e+00	0.00e+00	0.00e+00	0.00e+00	0.00e+00	9.78e-01	3.11e-08	1.49e-08
 1.62205e+23	9.78e-01	2.17e-02	2.19e-05	0.00e+00	0.00e+00	0.00e+00	0.00e+00	0.00e+00	0.00e+00	9.78e-01	3.08e-08	1.48e-08
 1.62428e+23	9.79e-01	2.13e-02	2.17e-05	0.00e+00	0.00e+00	0.00e+00	0.00e+00	0.00e+00	0.00e+00	9.79e-01	3.06e-08	1.46e-08
 1.62631e+23	9.79e-01	2.10e-02	2.15e-05	0.00e+00	0.00e+00	0.00e+00	0.00e+00	0.00e+00	0.00e+00	9.79e-01	3.05e-08	1.45e-08
 1.62854e+23	9.79e-01	2.06e-02	2.13e-05	0.00e+00	0.00e+00	0.00e+00	0.00e+00	0.00e+00	0.00e+00	9.79e-01	3.02e-08	1.43e-08
 1.63094e+23	9.80e-01	2.02e-02	2.11e-05	0.00e+00	0.00e+00	0.00e+00	0.00e+00	0.00e+00	0.00e+00	9.80e-01	2.99e-08	1.41e-08
 1.63312e+23	9.80e-01	1.99e-02	2.09e-05	0.00e+00	0.00e+00	0.00e+00	0.00e+00	0.00e+00	0.00e+00	9.80e-01	2.97e-08	1.40e-08
 1.63511e+23	9.80e-01	1.97e-02	2.07e-05	0.00e+00	0.00e+00	0.00e+00	0.00e+00	0.00e+00	0.00e+00	9.80e-01	2.96e-08	1.39e-08
 1.63729e+23	9.81e-01	1.94e-02	2.05e-05	0.00e+00	0.00e+00	0.00e+00	0.00e+00	0.00e+00	0.00e+00	9.81e-01	2.94e-08	1.38e-08
 1.63964e+23	9.81e-01	1.90e-02	2.03e-05	0.00e+00	0.00e+00	0.00e+00	0.00e+00	0.00e+00	0.00e+00	9.81e-01	2.91e-08	1.36e-08
 1.64178e+23	9.81e-01	1.88e-02	2.02e-05	0.00e+00	0.00e+00	0.00e+00	0.00e+00	0.00e+00	0.00e+00	9.81e-01	2.90e-08	1.35e-08
 1.64413e+23	9.82e-01	1.84e-02	1.99e-05	0.00e+00	0.00e+00	0.00e+00	0.00e+00	0.00e+00	0.00e+00	9.82e-01	2.86e-08	1.33e-08
 1.64666e+23	9.82e-01	1.80e-02	1.97e-05	0.00e+00	0.00e+00	0.00e+00	0.00e+00	0.00e+00	0.00e+00	9.82e-01	2.83e-08	1.31e-08
 1.64897e+23	9.82e-01	1.78e-02	1.96e-05	0.00e+00	0.00e+00	0.00e+00	0.00e+00	0.00e+00	0.00e+00	9.82e-01	2.82e-08	1.30e-08
 1.65149e+23	9.83e-01	1.74e-02	1.93e-05	0.00e+00	0.00e+00	0.00e+00	0.00e+00	0.00e+00	0.00e+00	9.83e-01	2.78e-08	1.27e-08
 1.65422e+23	9.83e-01	1.70e-02	1.91e-05	0.00e+00	0.00e+00	0.00e+00	0.00e+00	0.00e+00	0.00e+00	9.83e-01	2.75e-08	1.25e-08
 1.65670e+23	9.83e-01	1.68e-02	1.89e-05	0.00e+00	0.00e+00	0.00e+00	0.00e+00	0.00e+00	0.00e+00	9.83e-01	2.74e-08	1.24e-08
 1.65942e+23	9.84e-01	1.64e-02	1.87e-05	0.00e+00	0.00e+00	0.00e+00	0.00e+00	0.00e+00	0.00e+00	9.84e-01	2.70e-08	1.22e-08
 1.66236e+23	9.84e-01	1.61e-02	1.85e-05	0.00e+00	0.00e+00	0.00e+00	0.00e+00	0.00e+00	0.00e+00	9.84e-01	2.67e-08	1.20e-08
 1.66503e+23	9.84e-01	1.58e-02	1.83e-05	0.00e+00	0.00e+00	0.00e+00	0.00e+00	0.00e+00	0.00e+00	9.84e-01	2.64e-08	1.18e-08
 1.66746e+23	9.84e-01	1.55e-02	1.81e-05	0.00e+00	0.00e+00	0.00e+00	0.00e+00	0.00e+00	0.00e+00	9.84e-01	2.61e-08	1.16e-08
 1.66967e+23	9.85e-01	1.54e-02	1.80e-05	0.00e+00	0.00e+00	0.00e+00	0.00e+00	0.00e+00	0.00e+00	9.85e-01	2.60e-08	1.16e-08
 1.67209e+23	9.85e-01	1.51e-02	1.78e-05	0.00e+00	0.00e+00	0.00e+00	0.00e+00	0.00e+00	0.00e+00	9.85e-01	2.57e-08	1.14e-08
 1.67471e+23	9.85e-01	1.48e-02	1.76e-05	0.00e+00	0.00e+00	0.00e+00	0.00e+00	0.00e+00	0.00e+00	9.85e-01	2.54e-08	1.12e-08
 1.67709e+23	9.85e-01	1.46e-02	1.75e-05	0.00e+00	0.00e+00	0.00e+00	0.00e+00	0.00e+00	0.00e+00	9.85e-01	2.53e-08	1.11e-08
 1.67970e+23	9.86e-01	1.43e-02	1.73e-05	0.00e+00	0.00e+00	0.00e+00	0.00e+00	0.00e+00	0.00e+00	9.86e-01	2.50e-08	1.09e-08
 1.68252e+23	9.86e-01	1.39e-02	1.71e-05	0.00e+00	0.00e+00	0.00e+00	0.00e+00	0.00e+00	0.00e+00	9.86e-01	2.47e-08	1.07e-08
 1.68508e+23	9.86e-01	1.38e-02	1.70e-05	0.00e+00	0.00e+00	0.00e+00	0.00e+00	0.00e+00	0.00e+00	9.86e-01	2.46e-08	1.06e-08
 1.68789e+23	9.87e-01	1.35e-02	1.68e-05	0.00e+00	0.00e+00	0.00e+00	0.00e+00	0.00e+00	0.00e+00	9.87e-01	2.43e-08	1.05e-08
 1.69092e+23	9.87e-01	1.32e-02	1.66e-05	0.00e+00	0.00e+00	0.00e+00	0.00e+00	0.00e+00	0.00e+00	9.87e-01	2.40e-08	1.03e-08
 1.69368e+23	9.87e-01	1.30e-02	1.64e-05	0.00e+00	0.00e+00	0.00e+00	0.00e+00	0.00e+00	0.00e+00	9.87e-01	2.39e-08	1.02e-08
 1.69671e+23	9.87e-01	1.27e-02	1.62e-05	0.00e+00	0.00e+00	0.00e+00	0.00e+00	0.00e+00	0.00e+00	9.87e-01	2.36e-08	1.00e-08
 1.69997e+23	9.88e-01	1.24e-02	1.60e-05	0.00e+00	0.00e+00	0.00e+00	0.00e+00	0.00e+00	0.00e+00	9.88e-01	2.33e-08	9.78e-09
 1.70294e+23	9.88e-01	1.22e-02	1.59e-05	0.00e+00	0.00e+00	0.00e+00	0.00e+00	0.00e+00	0.00e+00	9.88e-01	2.32e-08	9.69e-09
 1.70620e+23	9.88e-01	1.19e-02	1.57e-05	0.00e+00	0.00e+00	0.00e+00	0.00e+00	0.00e+00	0.00e+00	9.88e-01	2.29e-08	9.48e-09
 1.70971e+23	9.88e-01	1.16e-02	1.55e-05	0.00e+00	0.00e+00	0.00e+00	0.00e+00	0.00e+00	0.00e+00	9.88e-01	2.26e-08	9.25e-09
 1.71291e+23	9.89e-01	1.14e-02	1.53e-05	0.00e+00	0.00e+00	0.00e+00	0.00e+00	0.00e+00	0.00e+00	9.89e-01	2.25e-08	9.14e-09
 1.71642e+23	9.89e-01	1.11e-02	1.51e-05	0.00e+00	0.00e+00	0.00e+00	0.00e+00	0.00e+00	0.00e+00	9.89e-01	2.22e-08	8.95e-09
 1.72020e+23	9.89e-01	1.08e-02	1.49e-05	0.00e+00	0.00e+00	0.00e+00	0.00e+00	0.00e+00	0.00e+00	9.89e-01	2.18e-08	8.73e-09
 1.72364e+23	9.89e-01	1.06e-02	1.47e-05	0.00e+00	0.00e+00	0.00e+00	0.00e+00	0.00e+00	0.00e+00	9.89e-01	2.17e-08	8.62e-09
 1.72742e+23	9.90e-01	1.03e-02	1.45e-05	0.00e+00	0.00e+00	0.00e+00	0.00e+00	0.00e+00	0.00e+00	9.90e-01	2.13e-08	8.43e-09
 1.73149e+23	9.90e-01	1.01e-02	1.43e-05	0.00e+00	0.00e+00	0.00e+00	0.00e+00	0.00e+00	0.00e+00	9.90e-01	2.11e-08	8.26e-09
 1.73520e+23	9.90e-01	9.84e-03	1.42e-05	0.00e+00	0.00e+00	0.00e+00	0.00e+00	0.00e+00	0.00e+00	9.90e-01	2.09e-08	8.11e-09
 1.73857e+23	9.90e-01	9.66e-03	1.40e-05	0.00e+00	0.00e+00	0.00e+00	0.00e+00	0.00e+00	0.00e+00	9.90e-01	2.07e-08	7.98e-09
 1.74226e+23	9.91e-01	9.41e-03	1.38e-05	0.00e+00	0.00e+00	0.00e+00	0.00e+00	0.00e+00	0.00e+00	9.91e-01	2.04e-08	7.79e-09
 1.74626e+23	9.91e-01	9.15e-03	1.36e-05	0.00e+00	0.00e+00	0.00e+00	0.00e+00	0.00e+00	0.00e+00	9.91e-01	2.01e-08	7.60e-09
 1.74989e+23	9.91e-01	8.98e-03	1.35e-05	0.00e+00	0.00e+00	0.00e+00	0.00e+00	0.00e+00	0.00e+00	9.91e-01	2.00e-08	7.50e-09
 1.75387e+23	9.91e-01	8.73e-03	1.33e-05	0.00e+00	0.00e+00	0.00e+00	0.00e+00	0.00e+00	0.00e+00	9.91e-01	1.97e-08	7.32e-09
 1.75816e+23	9.92e-01	8.48e-03	1.31e-05	0.00e+00	0.00e+00	0.00e+00	0.00e+00	0.00e+00	0.00e+00	9.92e-01	1.94e-08	7.13e-09
 1.76207e+23	9.92e-01	8.31e-03	1.29e-05	0.00e+00	0.00e+00	0.00e+00	0.00e+00	0.00e+00	0.00e+00	9.92e-01	1.93e-08	7.03e-09
 1.76635e+23	9.92e-01	8.08e-03	1.27e-05	0.00e+00	0.00e+00	0.00e+00	0.00e+00	0.00e+00	0.00e+00	9.92e-01	1.90e-08	6.87e-09
 1.77098e+23	9.92e-01	7.86e-03	1.25e-05	0.00e+00	0.00e+00	0.00e+00	0.00e+00	0.00e+00	0.00e+00	9.92e-01	1.88e-08	6.71e-09
 1.77519e+23	9.92e-01	7.66e-03	1.24e-05	0.00e+00	0.00e+00	0.00e+00	0.00e+00	0.00e+00	0.00e+00	9.92e-01	1.86e-08	6.56e-09
 1.77901e+23	9.92e-01	7.49e-03	1.22e-05	0.00e+00	0.00e+00	0.00e+00	0.00e+00	0.00e+00	0.00e+00	9.92e-01	1.84e-08	6.44e-09
 1.78321e+23	9.93e-01	7.29e-03	1.20e-05	0.00e+00	0.00e+00	0.00e+00	0.00e+00	0.00e+00	0.00e+00	9.93e-01	1.82e-08	6.29e-09
 1.78774e+23	9.93e-01	7.10e-03	1.19e-05	0.00e+00	0.00e+00	0.00e+00	0.00e+00	0.00e+00	0.00e+00	9.93e-01	1.80e-08	6.15e-09
 1.79186e+23	9.93e-01	6.92e-03	1.17e-05	0.00e+00	0.00e+00	0.00e+00	0.00e+00	0.00e+00	0.00e+00	9.93e-01	1.78e-08	6.02e-09
 1.79638e+23	9.93e-01	6.72e-03	1.15e-05	0.00e+00	0.00e+00	0.00e+00	0.00e+00	0.00e+00	0.00e+00	9.93e-01	1.75e-08	5.86e-09
 1.80126e+23	9.93e-01	6.53e-03	1.14e-05	0.00e+00	0.00e+00	0.00e+00	0.00e+00	0.00e+00	0.00e+00	9.93e-01	1.74e-08	5.72e-09
 1.80570e+23	9.94e-01	6.37e-03	1.12e-05	0.00e+00	0.00e+00	0.00e+00	0.00e+00	0.00e+00	0.00e+00	9.94e-01	1.72e-08	5.59e-09
 1.81056e+23	9.94e-01	6.17e-03	1.10e-05	0.00e+00	0.00e+00	0.00e+00	0.00e+00	0.00e+00	0.00e+00	9.94e-01	1.69e-08	5.43e-09
 1.81581e+23	9.94e-01	5.99e-03	1.08e-05	0.00e+00	0.00e+00	0.00e+00	0.00e+00	0.00e+00	0.00e+00	9.94e-01	1.67e-08	5.29e-09
 1.82059e+23	9.94e-01	5.83e-03	1.07e-05	0.00e+00	0.00e+00	0.00e+00	0.00e+00	0.00e+00	0.00e+00	9.94e-01	1.65e-08	5.15e-09
 1.82493e+23	9.94e-01	5.69e-03	1.05e-05	0.00e+00	0.00e+00	0.00e+00	0.00e+00	0.00e+00	0.00e+00	9.94e-01	1.64e-08	5.04e-09
 1.82970e+23	9.94e-01	5.53e-03	1.04e-05	0.00e+00	0.00e+00	0.00e+00	0.00e+00	0.00e+00	0.00e+00	9.94e-01	1.61e-08	4.91e-09
 1.83484e+23	9.95e-01	5.37e-03	1.02e-05	0.00e+00	0.00e+00	0.00e+00	0.00e+00	0.00e+00	0.00e+00	9.95e-01	1.60e-08	4.77e-09
 1.83952e+23	9.95e-01	5.22e-03	1.01e-05	0.00e+00	0.00e+00	0.00e+00	0.00e+00	0.00e+00	0.00e+00	9.95e-01	1.58e-08	4.65e-09
 1.84465e+23	9.95e-01	5.06e-03	9.89e-06	0.00e+00	0.00e+00	0.00e+00	0.00e+00	0.00e+00	0.00e+00	9.95e-01	1.55e-08	4.51e-09
 1.85019e+23	9.95e-01	4.91e-03	9.72e-06	0.00e+00	0.00e+00	0.00e+00	0.00e+00	0.00e+00	0.00e+00	9.95e-01	1.53e-08	4.38e-09
 1.85523e+23	9.95e-01	4.68e-03	9.58e-06	0.00e+00	0.00e+00	0.00e+00	0.00e+00	0.00e+00	0.00e+00	9.95e-01	1.52e-08	4.25e-09
 1.86075e+23	9.96e-01	4.38e-03	9.39e-06	0.00e+00	0.00e+00	0.00e+00	0.00e+00	0.00e+00	0.00e+00	9.96e-01	1.49e-08	4.10e-09
 1.86781e+23	9.96e-01	4.06e-03	9.16e-06	0.00e+00	0.00e+00	0.00e+00	0.00e+00	0.00e+00	0.00e+00	9.96e-01	1.45e-08	3.89e-09
 1.87530e+23	9.96e-01	3.85e-03	8.96e-06	0.00e+00	0.00e+00	0.00e+00	0.00e+00	0.00e+00	0.00e+00	9.96e-01	1.43e-08	3.73e-09
 1.88279e+23	9.96e-01	3.63e-03	8.75e-06	0.00e+00	0.00e+00	0.00e+00	0.00e+00	0.00e+00	0.00e+00	9.96e-01	1.40e-08	3.55e-09
 1.89059e+23	9.97e-01	3.41e-03	8.54e-06	0.00e+00	0.00e+00	0.00e+00	0.00e+00	0.00e+00	0.00e+00	9.97e-01	1.37e-08	3.38e-09
 1.89836e+23	9.97e-01	3.21e-03	8.34e-06	0.00e+00	0.00e+00	0.00e+00	0.00e+00	0.00e+00	0.00e+00	9.97e-01	1.35e-08	3.21e-09
 1.90623e+23	9.97e-01	3.01e-03	8.13e-06	0.00e+00	0.00e+00	0.00e+00	0.00e+00	0.00e+00	0.00e+00	9.97e-01	1.32e-08	3.05e-09
 1.91417e+23	9.97e-01	2.82e-03	7.94e-06	0.00e+00	0.00e+00	0.00e+00	0.00e+00	0.00e+00	0.00e+00	9.97e-01	1.29e-08	2.89e-09
 1.92218e+23	9.97e-01	2.64e-03	7.74e-06	0.00e+00	0.00e+00	0.00e+00	0.00e+00	0.00e+00	0.00e+00	9.97e-01	1.26e-08	2.73e-09
 1.93025e+23	9.98e-01	2.47e-03	7.55e-06	0.00e+00	0.00e+00	0.00e+00	0.00e+00	0.00e+00	0.00e+00	9.98e-01	1.24e-08	2.59e-09
 1.93840e+23	9.98e-01	2.30e-03	7.36e-06	0.00e+00	0.00e+00	0.00e+00	0.00e+00	0.00e+00	0.00e+00	9.98e-01	1.21e-08	2.45e-09
 1.94665e+23	9.98e-01	2.14e-03	7.18e-06	0.00e+00	0.00e+00	0.00e+00	0.00e+00	0.00e+00	0.00e+00	9.98e-01	1.18e-08	2.31e-09
 1.95496e+23	9.98e-01	1.99e-03	7.00e-06	0.00e+00	0.00e+00	0.00e+00	0.00e+00	0.00e+00	0.00e+00	9.98e-01	1.15e-08	2.18e-09
 1.96335e+23	9.98e-01	1.85e-03	6.82e-06	0.00e+00	0.00e+00	0.00e+00	0.00e+00	0.00e+00	0.00e+00	9.98e-01	1.12e-08	2.05e-09
 1.97181e+23	9.98e-01	1.71e-03	6.65e-06	0.00e+00	0.00e+00	0.00e+00	0.00e+00	0.00e+00	0.00e+00	9.98e-01	1.09e-08	1.93e-09
 1.98032e+23	9.98e-01	1.58e-03	6.47e-06	0.00e+00	0.00e+00	0.00e+00	0.00e+00	0.00e+00	0.00e+00	9.98e-01	1.06e-08	1.81e-09
 1.98889e+23	9.99e-01	1.46e-03	6.31e-06	0.00e+00	0.00e+00	0.00e+00	0.00e+00	0.00e+00	0.00e+00	9.99e-01	1.03e-08	1.69e-09
 1.99752e+23	9.99e-01	1.34e-03	6.14e-06	0.00e+00	0.00e+00	0.00e+00	0.00e+00	0.00e+00	0.00e+00	9.99e-01	1.00e-08	1.58e-09
 2.00621e+23	9.99e-01	1.24e-03	5.98e-06	0.00e+00	0.00e+00	0.00e+00	0.00e+00	0.00e+00	0.00e+00	9.99e-01	9.71e-09	1.48e-09
 2.01498e+23	9.99e-01	1.13e-03	5.82e-06	0.00e+00	0.00e+00	0.00e+00	0.00e+00	0.00e+00	0.00e+00	9.99e-01	9.41e-09	1.37e-09
 2.02382e+23	9.99e-01	1.04e-03	5.66e-06	0.00e+00	0.00e+00	0.00e+00	0.00e+00	0.00e+00	0.00e+00	9.99e-01	9.12e-09	1.27e-09
 2.03272e+23	9.99e-01	9.48e-04	5.51e-06	0.00e+00	0.00e+00	0.00e+00	0.00e+00	0.00e+00	0.00e+00	9.99e-01	8.82e-09	1.18e-09
 2.04168e+23	9.99e-01	8.64e-04	5.36e-06	0.00e+00	0.00e+00	0.00e+00	0.00e+00	0.00e+00	0.00e+00	9.99e-01	8.52e-09	1.09e-09
 2.05071e+23	9.99e-01	7.88e-04	5.22e-06	0.00e+00	0.00e+00	0.00e+00	0.00e+00	0.00e+00	0.00e+00	9.99e-01	8.24e-09	1.01e-09
 2.05993e+23	9.99e-01	7.15e-04	5.07e-06	0.00e+00	0.00e+00	0.00e+00	0.00e+00	0.00e+00	0.00e+00	9.99e-01	7.94e-09	9.25e-10
 2.06934e+23	9.99e-01	6.47e-04	4.92e-06	0.00e+00	0.00e+00	0.00e+00	0.00e+00	0.00e+00	0.00e+00	9.99e-01	7.65e-09	8.48e-10
 2.07886e+23	9.99e-01	5.84e-04	4.78e-06	0.00e+00	0.00e+00	0.00e+00	0.00e+00	0.00e+00	0.00e+00	9.99e-01	7.36e-09	7.75e-10
 2.08850e+23	9.99e-01	5.27e-04	4.64e-06	0.00e+00	0.00e+00	0.00e+00	0.00e+00	0.00e+00	0.00e+00	9.99e-01	7.07e-09	7.07e-10
 2.09823e+23	1.00e+00	4.73e-04	4.51e-06	0.00e+00	0.00e+00	0.00e+00	0.00e+00	0.00e+00	0.00e+00	1.00e+00	6.79e-09	6.43e-10
 2.10807e+23	1.00e+00	4.24e-04	4.37e-06	0.00e+00	0.00e+00	0.00e+00	0.00e+00	0.00e+00	0.00e+00	1.00e+00	6.51e-09	5.83e-10
 2.11802e+23	1.00e+00	3.79e-04	4.24e-06	0.00e+00	0.00e+00	0.00e+00	0.00e+00	0.00e+00	0.00e+00	1.00e+00	6.23e-09	5.27e-10
 2.12810e+23	1.00e+00	3.38e-04	4.11e-06	0.00e+00	0.00e+00	0.00e+00	0.00e+00	0.00e+00	0.00e+00	1.00e+00	5.96e-09	4.76e-10
 2.13834e+23	1.00e+00	3.01e-04	3.98e-06	0.00e+00	0.00e+00	0.00e+00	0.00e+00	0.00e+00	0.00e+00	1.00e+00	5.70e-09	4.28e-10
 2.14875e+23	1.00e+00	2.67e-04	3.85e-06	0.00e+00	0.00e+00	0.00e+00	0.00e+00	0.00e+00	0.00e+00	1.00e+00	5.45e-09	3.85e-10
 2.15942e+23	1.00e+00	2.36e-04	3.73e-06	0.00e+00	0.00e+00	0.00e+00	0.00e+00	0.00e+00	0.00e+00	1.00e+00	5.19e-09	3.44e-10
 2.17037e+23	1.00e+00	2.08e-04	3.60e-06	0.00e+00	0.00e+00	0.00e+00	0.00e+00	0.00e+00	0.00e+00	1.00e+00	4.95e-09	3.07e-10
 2.18149e+23	1.00e+00	1.83e-04	3.48e-06	0.00e+00	0.00e+00	0.00e+00	0.00e+00	0.00e+00	0.00e+00	1.00e+00	4.72e-09	2.73e-10
 2.19283e+23	1.00e+00	1.61e-04	3.36e-06	0.00e+00	0.00e+00	0.00e+00	0.00e+00	0.00e+00	0.00e+00	1.00e+00	4.49e-09	2.42e-10
 2.20436e+23	1.00e+00	1.40e-04	3.24e-06	0.00e+00	0.00e+00	0.00e+00	0.00e+00	0.00e+00	0.00e+00	1.00e+00	4.27e-09	2.14e-10
 2.21611e+23	1.00e+00	1.22e-04	3.12e-06	0.00e+00	0.00e+00	0.00e+00	0.00e+00	0.00e+00	0.00e+00	1.00e+00	4.05e-09	1.88e-10
 2.22808e+23	1.00e+00	1.06e-04	3.01e-06	0.00e+00	0.00e+00	0.00e+00	0.00e+00	0.00e+00	0.00e+00	1.00e+00	3.84e-09	1.65e-10
 2.24030e+23	1.00e+00	9.19e-05	2.89e-06	0.00e+00	0.00e+00	0.00e+00	0.00e+00	0.00e+00	0.00e+00	1.00e+00	3.64e-09	1.44e-10
 2.25283e+23	1.00e+00	7.93e-05	2.78e-06	0.00e+00	0.00e+00	0.00e+00	0.00e+00	0.00e+00	0.00e+00	1.00e+00	3.44e-09	1.26e-10
 2.26567e+23	1.00e+00	6.83e-05	2.67e-06	0.00e+00	0.00e+00	0.00e+00	0.00e+00	0.00e+00	0.00e+00	1.00e+00	3.25e-09	1.09e-10
 2.27880e+23	1.00e+00	5.86e-05	2.56e-06	0.00e+00	0.00e+00	0.00e+00	0.00e+00	0.00e+00	0.00e+00	1.00e+00	3.06e-09	9.45e-11
 2.29225e+23	1.00e+00	5.01e-05	2.46e-06	0.00e+00	0.00e+00	0.00e+00	0.00e+00	0.00e+00	0.00e+00	1.00e+00	2.88e-09	8.14e-11
 2.30600e+23	1.00e+00	4.27e-05	2.35e-06	0.00e+00	0.00e+00	0.00e+00	0.00e+00	0.00e+00	0.00e+00	1.00e+00	2.70e-09	6.99e-11
 2.32009e+23	1.00e+00	3.64e-05	2.25e-06	0.00e+00	0.00e+00	0.00e+00	0.00e+00	0.00e+00	0.00e+00	1.00e+00	2.54e-09	6.01e-11
 2.33458e+23	1.00e+00	3.10e-05	2.14e-06	0.00e+00	0.00e+00	0.00e+00	0.00e+00	0.00e+00	0.00e+00	1.00e+00	2.38e-09	5.14e-11
 2.34941e+23	1.00e+00	2.63e-05	2.04e-06	0.00e+00	0.00e+00	0.00e+00	0.00e+00	0.00e+00	0.00e+00	1.00e+00	2.22e-09	4.39e-11
 2.36437e+23	1.00e+00	2.23e-05	1.95e-06	0.00e+00	0.00e+00	0.00e+00	0.00e+00	0.00e+00	0.00e+00	1.00e+00	2.08e-09	3.74e-11
 2.37943e+23	1.00e+00	1.90e-05	1.85e-06	0.00e+00	0.00e+00	0.00e+00	0.00e+00	0.00e+00	0.00e+00	1.00e+00	1.94e-09	3.19e-11
 2.39464e+23	1.00e+00	1.62e-05	1.76e-06	0.00e+00	0.00e+00	0.00e+00	0.00e+00	0.00e+00	0.00e+00	1.00e+00	1.82e-09	2.72e-11
 2.41004e+23	1.00e+00	1.38e-05	1.68e-06	0.00e+00	0.00e+00	0.00e+00	0.00e+00	0.00e+00	0.00e+00	1.00e+00	1.69e-09	2.32e-11
 2.42560e+23	1.00e+00	1.18e-05	1.59e-06	0.00e+00	0.00e+00	0.00e+00	0.00e+00	0.00e+00	0.00e+00	1.00e+00	1.58e-09	1.97e-11
 2.44132e+23	1.00e+00	1.01e-05	1.51e-06	0.00e+00	0.00e+00	0.00e+00	0.00e+00	0.00e+00	0.00e+00	1.00e+00	1.47e-09	1.68e-11
