#depth	Si	Si+	Si+2	Si+3	Si+4	Si+5	Si+6	Si+7	Si+8	Si+9	Si+10	Si+11	Si+12	Si+13	Si+14
 1.54284e+22	8.09e-30	1.76e-18	3.30e-15	9.83e-13	6.50e-09	2.20e-06	1.70e-04	3.21e-03	2.54e-02	7.54e-02	9.91e-02	1.27e-01	4.55e-01	1.90e-01	2.46e-02
 3.44762e+22	1.62e-28	2.01e-17	2.51e-14	4.73e-12	3.25e-08	1.05e-05	7.20e-04	1.12e-02	6.69e-02	1.51e-01	1.47e-01	1.39e-01	3.67e-01	1.08e-01	9.98e-03
 3.99054e+22	1.91e-28	5.68e-17	6.06e-14	9.46e-12	6.26e-08	1.95e-05	1.26e-03	1.80e-02	9.50e-02	1.89e-01	1.61e-01	1.35e-01	3.14e-01	7.97e-02	6.30e-03
 4.26200e+22	3.45e-28	9.35e-17	9.26e-14	1.33e-11	8.50e-08	2.60e-05	1.64e-03	2.22e-02	1.11e-01	2.08e-01	1.66e-01	1.31e-01	2.87e-01	6.78e-02	4.98e-03
 4.38447e+22	4.25e-28	1.11e-16	1.08e-13	1.49e-11	9.45e-08	2.87e-05	1.79e-03	2.39e-02	1.16e-01	2.14e-01	1.68e-01	1.30e-01	2.78e-01	6.38e-02	4.57e-03
 4.45805e+22	5.52e-28	1.39e-16	1.30e-13	1.73e-11	1.08e-07	3.24e-05	1.99e-03	2.62e-02	1.24e-01	2.22e-01	1.69e-01	1.27e-01	2.66e-01	5.92e-02	4.11e-03
 4.54002e+22	7.05e-28	1.70e-16	1.55e-13	2.01e-11	1.23e-07	3.64e-05	2.21e-03	2.84e-02	1.31e-01	2.29e-01	1.70e-01	1.25e-01	2.55e-01	5.51e-02	3.71e-03
 4.63288e+22	9.70e-28	2.22e-16	1.95e-13	2.40e-11	1.44e-07	4.21e-05	2.51e-03	3.16e-02	1.41e-01	2.38e-01	1.71e-01	1.22e-01	2.41e-01	4.99e-02	3.23e-03
 4.72831e+22	1.27e-27	2.78e-16	2.36e-13	2.80e-11	1.64e-07	4.76e-05	2.79e-03	3.45e-02	1.49e-01	2.46e-01	1.71e-01	1.19e-01	2.29e-01	4.58e-02	2.87e-03
 4.82709e+22	1.76e-27	3.66e-16	3.00e-13	3.40e-11	1.93e-07	5.52e-05	3.18e-03	3.83e-02	1.60e-01	2.54e-01	1.71e-01	1.15e-01	2.14e-01	4.12e-02	2.48e-03
 4.92794e+22	2.31e-27	4.60e-16	3.65e-13	3.98e-11	2.21e-07	6.24e-05	3.54e-03	4.17e-02	1.69e-01	2.61e-01	1.71e-01	1.12e-01	2.02e-01	3.76e-02	2.19e-03
 5.01771e+22	2.99e-27	5.71e-16	4.40e-13	4.63e-11	2.52e-07	7.01e-05	3.91e-03	4.51e-02	1.78e-01	2.67e-01	1.70e-01	1.09e-01	1.91e-01	3.45e-02	1.94e-03
 5.12063e+22	4.21e-27	7.60e-16	5.62e-13	5.62e-11	2.96e-07	8.12e-05	4.44e-03	4.99e-02	1.90e-01	2.75e-01	1.68e-01	1.04e-01	1.77e-01	3.05e-02	1.64e-03
 5.22454e+22	5.46e-27	9.44e-16	6.79e-13	6.56e-11	3.36e-07	9.10e-05	4.89e-03	5.38e-02	1.99e-01	2.80e-01	1.66e-01	1.01e-01	1.67e-01	2.78e-02	1.45e-03
 5.32975e+22	7.69e-27	1.26e-15	8.67e-13	7.95e-11	3.94e-07	1.05e-04	5.54e-03	5.94e-02	2.11e-01	2.86e-01	1.64e-01	9.58e-02	1.53e-01	2.44e-02	1.22e-03
 5.43661e+22	1.00e-26	1.57e-15	1.05e-12	9.30e-11	4.48e-07	1.18e-04	6.09e-03	6.39e-02	2.20e-01	2.90e-01	1.61e-01	9.20e-02	1.43e-01	2.21e-02	1.07e-03
 5.54561e+22	1.42e-26	2.10e-15	1.35e-12	1.13e-10	5.24e-07	1.35e-04	6.89e-03	7.04e-02	2.33e-01	2.95e-01	1.58e-01	8.70e-02	1.30e-01	1.91e-02	8.82e-04
 5.65556e+22	1.85e-26	2.63e-15	1.63e-12	1.32e-10	5.93e-07	1.51e-04	7.56e-03	7.56e-02	2.42e-01	2.98e-01	1.54e-01	8.31e-02	1.21e-01	1.72e-02	7.63e-04
 5.76674e+22	2.62e-26	3.53e-15	2.09e-12	1.60e-10	6.91e-07	1.74e-04	8.51e-03	8.29e-02	2.55e-01	3.01e-01	1.50e-01	7.80e-02	1.09e-01	1.48e-02	6.27e-04
 5.87228e+22	3.30e-26	4.30e-15	2.48e-12	1.83e-10	7.68e-07	1.91e-04	9.21e-03	8.80e-02	2.63e-01	3.03e-01	1.46e-01	7.46e-02	1.02e-01	1.34e-02	5.49e-04
 5.97046e+22	4.47e-26	5.57e-15	3.08e-12	2.16e-10	8.73e-07	2.14e-04	1.02e-02	9.51e-02	2.73e-01	3.04e-01	1.42e-01	7.02e-02	9.27e-02	1.16e-02	4.58e-04
 6.07020e+22	5.66e-26	6.82e-15	3.65e-12	2.47e-10	9.69e-07	2.35e-04	1.10e-02	1.01e-01	2.82e-01	3.05e-01	1.38e-01	6.69e-02	8.59e-02	1.04e-02	3.97e-04
 6.17197e+22	7.71e-26	8.91e-15	4.56e-12	2.92e-10	1.10e-06	2.63e-04	1.22e-02	1.09e-01	2.92e-01	3.05e-01	1.33e-01	6.25e-02	7.74e-02	8.98e-03	3.27e-04
 6.27479e+22	9.79e-26	1.10e-14	5.42e-12	3.34e-10	1.22e-06	2.88e-04	1.31e-02	1.15e-01	3.00e-01	3.04e-01	1.29e-01	5.92e-02	7.13e-02	7.98e-03	2.81e-04
 6.37901e+22	1.34e-25	1.44e-14	6.79e-12	3.97e-10	1.38e-06	3.23e-04	1.45e-02	1.24e-01	3.10e-01	3.02e-01	1.23e-01	5.49e-02	6.37e-02	6.80e-03	2.28e-04
 6.48461e+22	1.70e-25	1.79e-14	8.11e-12	4.55e-10	1.53e-06	3.53e-04	1.56e-02	1.32e-01	3.18e-01	3.00e-01	1.18e-01	5.18e-02	5.83e-02	6.00e-03	1.94e-04
 6.59202e+22	2.33e-25	2.37e-14	1.02e-11	5.41e-10	1.74e-06	3.96e-04	1.72e-02	1.42e-01	3.27e-01	2.97e-01	1.12e-01	4.77e-02	5.16e-02	5.05e-03	1.56e-04
 6.70146e+22	3.00e-25	2.98e-14	1.23e-11	6.23e-10	1.92e-06	4.33e-04	1.86e-02	1.50e-01	3.34e-01	2.93e-01	1.07e-01	4.46e-02	4.67e-02	4.39e-03	1.30e-04
 6.81355e+22	4.14e-25	4.00e-14	1.56e-11	7.47e-10	2.18e-06	4.85e-04	2.05e-02	1.62e-01	3.43e-01	2.88e-01	1.01e-01	4.08e-02	4.09e-02	3.65e-03	1.02e-04
 6.92789e+22	5.37e-25	5.09e-14	1.90e-11	8.65e-10	2.42e-06	5.32e-04	2.21e-02	1.72e-01	3.49e-01	2.83e-01	9.57e-02	3.78e-02	3.66e-02	3.13e-03	8.43e-05
 7.04515e+22	7.47e-25	6.97e-14	2.44e-11	1.05e-09	2.77e-06	5.97e-04	2.44e-02	1.85e-01	3.57e-01	2.76e-01	8.90e-02	3.42e-02	3.16e-02	2.55e-03	6.50e-05
 7.16364e+22	9.73e-25	8.96e-14	2.99e-11	1.22e-09	3.07e-06	6.55e-04	2.64e-02	1.96e-01	3.62e-01	2.69e-01	8.38e-02	3.15e-02	2.80e-02	2.17e-03	5.28e-05
 7.26359e+22	1.23e-24	1.13e-13	3.59e-11	1.40e-09	3.39e-06	7.12e-04	2.83e-02	2.06e-01	3.67e-01	2.63e-01	7.90e-02	2.92e-02	2.51e-02	1.86e-03	4.35e-05
 7.37222e+22	1.65e-24	1.52e-13	4.55e-11	1.68e-09	3.83e-06	7.92e-04	3.09e-02	2.20e-01	3.71e-01	2.54e-01	7.32e-02	2.64e-02	2.17e-02	1.52e-03	3.38e-05
 7.48145e+22	2.11e-24	1.92e-13	5.51e-11	1.94e-09	4.24e-06	8.62e-04	3.31e-02	2.31e-01	3.74e-01	2.47e-01	6.86e-02	2.43e-02	1.93e-02	1.30e-03	2.76e-05
 7.58805e+22	2.78e-24	2.57e-13	6.94e-11	2.32e-09	4.79e-06	9.55e-04	3.60e-02	2.45e-01	3.77e-01	2.38e-01	6.32e-02	2.20e-02	1.66e-02	1.07e-03	2.15e-05
 7.69683e+22	3.57e-24	3.31e-13	8.50e-11	2.72e-09	5.35e-06	1.04e-03	3.86e-02	2.58e-01	3.79e-01	2.29e-01	5.88e-02	2.01e-02	1.46e-02	8.95e-04	1.73e-05
 7.80354e+22	4.62e-24	4.40e-13	1.07e-10	3.25e-09	6.05e-06	1.16e-03	4.18e-02	2.72e-01	3.80e-01	2.20e-01	5.40e-02	1.81e-02	1.26e-02	7.34e-04	1.35e-05
 7.91247e+22	5.92e-24	5.76e-13	1.32e-10	3.85e-09	6.82e-06	1.27e-03	4.50e-02	2.86e-01	3.80e-01	2.10e-01	4.97e-02	1.64e-02	1.10e-02	6.08e-04	1.07e-05
 8.02000e+22	7.63e-24	7.64e-13	1.66e-10	4.61e-09	7.74e-06	1.41e-03	4.86e-02	3.01e-01	3.78e-01	2.00e-01	4.54e-02	1.48e-02	9.45e-03	4.99e-04	8.33e-06
 8.12832e+22	9.81e-24	1.01e-12	2.08e-10	5.52e-09	8.79e-06	1.55e-03	5.23e-02	3.16e-01	3.76e-01	1.90e-01	4.14e-02	1.33e-02	8.14e-03	4.09e-04	6.52e-06
 8.23534e+22	1.26e-23	1.33e-12	2.60e-10	6.63e-09	1.00e-05	1.72e-03	5.62e-02	3.31e-01	3.74e-01	1.80e-01	3.77e-02	1.19e-02	7.00e-03	3.35e-04	5.09e-06
 8.34219e+22	1.61e-23	1.76e-12	3.26e-10	7.97e-09	1.14e-05	1.90e-03	6.05e-02	3.46e-01	3.70e-01	1.70e-01	3.43e-02	1.07e-02	6.01e-03	2.74e-04	3.97e-06
 8.44918e+22	2.06e-23	2.33e-12	4.10e-10	9.62e-09	1.31e-05	2.10e-03	6.50e-02	3.62e-01	3.65e-01	1.60e-01	3.10e-02	9.58e-03	5.14e-03	2.24e-04	3.09e-06
 8.55654e+22	2.65e-23	3.07e-12	5.15e-10	1.16e-08	1.50e-05	2.33e-03	6.97e-02	3.77e-01	3.59e-01	1.51e-01	2.80e-02	8.55e-03	4.39e-03	1.82e-04	2.39e-06
 8.66446e+22	3.40e-23	4.07e-12	6.49e-10	1.41e-08	1.73e-05	2.58e-03	7.48e-02	3.92e-01	3.53e-01	1.41e-01	2.52e-02	7.61e-03	3.73e-03	1.47e-04	1.85e-06
 8.77333e+22	4.38e-23	5.39e-12	8.19e-10	1.72e-08	1.99e-05	2.86e-03	8.03e-02	4.07e-01	3.46e-01	1.32e-01	2.26e-02	6.75e-03	3.17e-03	1.19e-04	1.42e-06
 8.88340e+22	5.66e-23	7.14e-12	1.04e-09	2.09e-08	2.30e-05	3.18e-03	8.61e-02	4.22e-01	3.37e-01	1.23e-01	2.02e-02	5.97e-03	2.68e-03	9.59e-05	1.09e-06
 8.99408e+22	7.33e-23	9.43e-12	1.31e-09	2.55e-08	2.66e-05	3.53e-03	9.21e-02	4.36e-01	3.29e-01	1.14e-01	1.80e-02	5.28e-03	2.26e-03	7.72e-05	8.38e-07
 9.10652e+22	9.58e-23	1.25e-11	1.66e-09	3.13e-08	3.10e-05	3.93e-03	9.86e-02	4.50e-01	3.19e-01	1.05e-01	1.60e-02	4.64e-03	1.90e-03	6.16e-05	6.36e-07
 9.22019e+22	1.25e-22	1.65e-11	2.09e-09	3.83e-08	3.59e-05	4.36e-03	1.05e-01	4.64e-01	3.09e-01	9.72e-02	1.42e-02	4.08e-03	1.59e-03	4.93e-05	4.85e-07
 9.33611e+22	1.65e-22	2.20e-11	2.67e-09	4.72e-08	4.19e-05	4.86e-03	1.13e-01	4.77e-01	2.99e-01	8.92e-02	1.25e-02	3.56e-03	1.33e-03	3.90e-05	3.65e-07
 9.45409e+22	5.55e-22	2.90e-11	3.38e-09	5.80e-08	4.88e-05	5.40e-03	1.20e-01	4.89e-01	2.88e-01	8.19e-02	1.11e-02	3.10e-03	1.11e-03	3.09e-05	2.75e-07
 9.56225e+22	7.81e-22	3.66e-11	4.12e-09	6.90e-08	5.54e-05	5.90e-03	1.27e-01	4.99e-01	2.79e-01	7.61e-02	9.94e-03	2.77e-03	9.48e-04	2.54e-05	2.17e-07
 9.67513e+22	1.11e-21	4.89e-11	5.29e-09	8.59e-08	6.52e-05	6.59e-03	1.35e-01	5.10e-01	2.67e-01	6.91e-02	8.66e-03	2.38e-03	7.77e-04	1.98e-05	1.60e-07
 9.78997e+22	1.50e-21	6.16e-11	6.45e-09	1.02e-07	7.41e-05	7.19e-03	1.43e-01	5.19e-01	2.57e-01	6.40e-02	7.75e-03	2.11e-03	6.63e-04	1.61e-05	1.25e-07
 9.90854e+22	2.20e-21	8.26e-11	8.32e-09	1.28e-07	8.75e-05	8.04e-03	1.52e-01	5.29e-01	2.44e-01	5.78e-02	6.70e-03	1.81e-03	5.39e-04	1.24e-05	0.00e+00
 1.00273e+23	3.01e-21	1.03e-10	1.01e-08	1.52e-07	9.93e-05	8.76e-03	1.60e-01	5.35e-01	2.35e-01	5.33e-02	5.99e-03	1.60e-03	4.58e-04	1.01e-05	0.00e+00
 1.01463e+23	4.52e-21	1.37e-10	1.30e-08	1.90e-07	1.17e-04	9.77e-03	1.70e-01	5.43e-01	2.22e-01	4.80e-02	5.16e-03	1.36e-03	3.72e-04	7.78e-06	0.00e+00
 1.02658e+23	6.29e-21	1.70e-10	1.57e-08	2.25e-07	1.32e-04	1.06e-02	1.78e-01	5.48e-01	2.13e-01	4.43e-02	4.62e-03	1.20e-03	3.17e-04	6.36e-06	0.00e+00
 1.03860e+23	9.69e-21	2.24e-10	2.00e-08	2.80e-07	1.55e-04	1.18e-02	1.88e-01	5.54e-01	2.01e-01	3.98e-02	3.98e-03	1.02e-03	2.57e-04	4.88e-06	0.00e+00
 1.05075e+23	1.40e-20	2.77e-10	2.42e-08	3.32e-07	1.76e-04	1.28e-02	1.96e-01	5.57e-01	1.92e-01	3.66e-02	3.55e-03	9.03e-04	2.18e-04	3.97e-06	0.00e+00
 1.06307e+23	2.25e-20	3.63e-10	3.08e-08	4.12e-07	2.06e-04	1.42e-02	2.07e-01	5.61e-01	1.81e-01	3.28e-02	3.05e-03	7.66e-04	1.76e-04	3.04e-06	0.00e+00
 1.07556e+23	3.42e-20	4.48e-10	3.72e-08	4.89e-07	2.33e-04	1.54e-02	2.16e-01	5.63e-01	1.72e-01	3.01e-02	2.71e-03	6.73e-04	1.49e-04	2.46e-06	0.00e+00
 1.08827e+23	5.88e-20	5.87e-10	4.74e-08	6.08e-07	2.73e-04	1.70e-02	2.28e-01	5.64e-01	1.61e-01	2.68e-02	2.32e-03	5.67e-04	1.20e-04	1.87e-06	0.00e+00
 1.10121e+23	9.75e-20	7.24e-10	5.73e-08	7.22e-07	3.09e-04	1.84e-02	2.37e-01	5.64e-01	1.53e-01	2.45e-02	2.05e-03	4.96e-04	1.01e-04	1.51e-06	0.00e+00
 1.11447e+23	1.85e-19	9.48e-10	7.32e-08	9.02e-07	3.63e-04	2.04e-02	2.50e-01	5.64e-01	1.42e-01	2.18e-02	1.75e-03	4.15e-04	8.02e-05	1.13e-06	0.00e+00
 1.12804e+23	3.39e-19	1.17e-09	8.90e-08	1.08e-06	4.13e-04	2.22e-02	2.60e-01	5.62e-01	1.34e-01	1.98e-02	1.54e-03	3.61e-04	6.70e-05	9.05e-07	0.00e+00
 1.14202e+23	6.84e-19	1.54e-09	1.14e-07	1.35e-06	4.87e-04	2.46e-02	2.73e-01	5.59e-01	1.24e-01	1.75e-02	1.30e-03	3.00e-04	5.28e-05	6.73e-07	0.00e+00
 1.15625e+23	1.24e-18	1.91e-09	1.39e-07	1.62e-06	5.53e-04	2.66e-02	2.83e-01	5.56e-01	1.17e-01	1.59e-02	1.14e-03	2.59e-04	4.40e-05	5.35e-07	0.00e+00
 1.16825e+23	1.99e-18	2.31e-09	1.66e-07	1.90e-06	6.21e-04	2.86e-02	2.92e-01	5.52e-01	1.10e-01	1.45e-02	1.01e-03	2.27e-04	3.72e-05	4.33e-07	0.00e+00
 1.18128e+23	3.27e-18	2.94e-09	2.07e-07	2.33e-06	7.19e-04	3.14e-02	3.05e-01	5.47e-01	1.02e-01	1.29e-02	8.69e-04	1.91e-04	2.99e-05	3.31e-07	0.00e+00
 1.19392e+23	4.65e-18	3.49e-09	2.43e-07	2.69e-06	7.98e-04	3.34e-02	3.13e-01	5.43e-01	9.70e-02	1.19e-02	7.79e-04	1.69e-04	2.57e-05	2.73e-07	0.00e+00
 1.20608e+23	6.85e-18	4.35e-09	2.99e-07	3.26e-06	9.14e-04	3.63e-02	3.25e-01	5.36e-01	9.02e-02	1.07e-02	6.73e-04	1.44e-04	2.09e-05	2.12e-07	0.00e+00
 1.21836e+23	9.40e-18	5.16e-09	3.50e-07	3.75e-06	1.01e-03	3.87e-02	3.33e-01	5.31e-01	8.54e-02	9.83e-03	6.04e-04	1.28e-04	1.80e-05	1.75e-07	0.00e+00
 1.23080e+23	1.35e-17	6.42e-09	4.30e-07	4.54e-06	1.16e-03	4.20e-02	3.45e-01	5.24e-01	7.93e-02	8.80e-03	5.22e-04	1.09e-04	1.46e-05	1.35e-07	0.00e+00
 1.24344e+23	1.81e-17	7.62e-09	5.04e-07	5.25e-06	1.28e-03	4.47e-02	3.53e-01	5.17e-01	7.48e-02	8.08e-03	4.66e-04	9.58e-05	1.25e-05	0.00e+00	0.00e+00
 1.25632e+23	2.56e-17	9.49e-09	6.21e-07	6.36e-06	1.47e-03	4.85e-02	3.65e-01	5.08e-01	6.91e-02	7.21e-03	4.01e-04	8.10e-05	1.01e-05	0.00e+00	0.00e+00
 1.26938e+23	3.40e-17	1.13e-08	7.30e-07	7.37e-06	1.63e-03	5.16e-02	3.74e-01	5.01e-01	6.51e-02	6.61e-03	3.58e-04	7.12e-05	8.61e-06	0.00e+00	0.00e+00
 1.28269e+23	4.76e-17	1.41e-08	9.00e-07	8.96e-06	1.87e-03	5.60e-02	3.85e-01	4.91e-01	5.99e-02	5.87e-03	3.06e-04	6.00e-05	6.93e-06	0.00e+00	0.00e+00
 1.29625e+23	6.28e-17	1.68e-08	1.06e-06	1.04e-05	2.08e-03	5.96e-02	3.94e-01	4.82e-01	5.62e-02	5.37e-03	2.72e-04	5.25e-05	5.87e-06	0.00e+00	0.00e+00
 1.31015e+23	8.76e-17	2.10e-08	1.32e-06	1.27e-05	2.39e-03	6.48e-02	4.06e-01	4.71e-01	5.14e-02	4.75e-03	2.31e-04	4.39e-05	4.69e-06	0.00e+00	0.00e+00
 1.32433e+23	1.15e-16	2.52e-08	1.56e-06	1.48e-05	2.67e-03	6.90e-02	4.14e-01	4.61e-01	4.80e-02	4.31e-03	2.04e-04	3.82e-05	3.93e-06	0.00e+00	0.00e+00
 1.33890e+23	1.62e-16	3.17e-08	1.94e-06	1.82e-05	3.07e-03	7.49e-02	4.26e-01	4.49e-01	4.37e-02	3.80e-03	1.73e-04	3.17e-05	3.12e-06	0.00e+00	0.00e+00
 1.35387e+23	2.13e-16	3.83e-08	2.32e-06	2.14e-05	3.44e-03	8.00e-02	4.34e-01	4.38e-01	4.05e-02	3.43e-03	1.51e-04	2.73e-05	2.59e-06	0.00e+00	0.00e+00
 1.36938e+23	3.02e-16	4.86e-08	2.92e-06	2.64e-05	3.99e-03	8.69e-02	4.46e-01	4.24e-01	3.66e-02	3.00e-03	1.27e-04	2.25e-05	2.03e-06	0.00e+00	0.00e+00
 1.38502e+23	3.98e-16	5.87e-08	3.48e-06	3.10e-05	4.45e-03	9.26e-02	4.54e-01	4.13e-01	3.39e-02	2.71e-03	1.11e-04	1.94e-05	1.68e-06	0.00e+00	0.00e+00
 1.40085e+23	5.58e-16	7.44e-08	4.38e-06	3.83e-05	5.16e-03	1.01e-01	4.64e-01	3.98e-01	3.05e-02	2.36e-03	9.23e-05	1.59e-05	1.31e-06	0.00e+00	0.00e+00
 1.41684e+23	1.96e-16	8.99e-08	5.23e-06	4.50e-05	5.75e-03	1.07e-01	4.71e-01	3.86e-01	2.81e-02	2.12e-03	8.05e-05	1.36e-05	1.08e-06	0.00e+00	0.00e+00
 1.43306e+23	1.75e-16	1.14e-07	6.58e-06	5.56e-05	6.66e-03	1.16e-01	4.80e-01	3.70e-01	2.52e-02	1.84e-03	6.69e-05	1.11e-05	8.40e-07	0.00e+00	0.00e+00
 1.44958e+23	2.46e-16	1.38e-07	7.89e-06	6.55e-05	7.44e-03	1.23e-01	4.86e-01	3.58e-01	2.31e-02	1.65e-03	5.79e-05	9.50e-06	6.90e-07	0.00e+00	0.00e+00
 1.46420e+23	3.60e-16	1.67e-07	9.43e-06	7.72e-05	8.32e-03	1.31e-01	4.92e-01	3.46e-01	2.12e-02	1.48e-03	5.01e-05	8.09e-06	5.64e-07	0.00e+00	0.00e+00
 1.48091e+23	5.67e-16	2.11e-07	1.18e-05	9.51e-05	9.58e-03	1.41e-01	4.99e-01	3.30e-01	1.89e-02	1.28e-03	4.15e-05	6.60e-06	4.37e-07	0.00e+00	0.00e+00
 1.49794e+23	8.24e-16	2.56e-07	1.42e-05	1.13e-04	1.07e-02	1.50e-01	5.04e-01	3.17e-01	1.71e-02	1.14e-03	3.55e-05	5.57e-06	3.53e-07	0.00e+00	0.00e+00
 1.51175e+23	1.08e-15	3.02e-07	1.66e-05	1.30e-04	1.18e-02	1.57e-01	5.08e-01	3.06e-01	1.58e-02	1.03e-03	3.12e-05	4.84e-06	2.96e-07	0.00e+00	0.00e+00
 1.52607e+23	1.56e-15	3.66e-07	1.99e-05	1.53e-04	1.32e-02	1.67e-01	5.11e-01	2.93e-01	1.44e-02	9.20e-04	2.68e-05	4.09e-06	2.41e-07	0.00e+00	0.00e+00
 1.54114e+23	2.08e-15	4.34e-07	2.35e-05	1.77e-04	1.45e-02	1.75e-01	5.14e-01	2.82e-01	1.32e-02	8.27e-04	2.33e-05	3.52e-06	1.99e-07	0.00e+00	0.00e+00
 1.55496e+23	2.77e-15	5.13e-07	2.75e-05	2.05e-04	1.60e-02	1.84e-01	5.16e-01	2.71e-01	1.21e-02	7.45e-04	2.03e-05	3.03e-06	1.65e-07	0.00e+00	0.00e+00
 1.57072e+23	3.93e-15	6.32e-07	3.36e-05	2.45e-04	1.80e-02	1.95e-01	5.18e-01	2.57e-01	1.08e-02	6.53e-04	1.71e-05	2.52e-06	1.31e-07	0.00e+00	0.00e+00
 1.58693e+23	5.38e-15	7.57e-07	3.99e-05	2.88e-04	2.00e-02	2.06e-01	5.18e-01	2.45e-01	9.78e-03	5.80e-04	1.46e-05	2.13e-06	0.00e+00	0.00e+00	0.00e+00
 1.60118e+23	6.98e-15	8.95e-07	4.67e-05	3.32e-04	2.20e-02	2.15e-01	5.18e-01	2.35e-01	8.93e-03	5.21e-04	1.27e-05	1.83e-06	0.00e+00	0.00e+00	0.00e+00
 1.61717e+23	9.81e-15	1.10e-06	5.68e-05	3.96e-04	2.46e-02	2.27e-01	5.17e-01	2.22e-01	7.96e-03	4.55e-04	1.06e-05	1.51e-06	0.00e+00	0.00e+00	0.00e+00
 1.63391e+23	1.33e-14	1.32e-06	6.77e-05	4.66e-04	2.73e-02	2.39e-01	5.16e-01	2.10e-01	7.14e-03	4.02e-04	9.02e-06	1.27e-06	0.00e+00	0.00e+00	0.00e+00
 1.64901e+23	1.74e-14	1.57e-06	7.97e-05	5.39e-04	3.00e-02	2.49e-01	5.13e-01	2.00e-01	6.47e-03	3.58e-04	7.76e-06	1.08e-06	0.00e+00	0.00e+00	0.00e+00
 1.66605e+23	2.47e-14	1.95e-06	9.77e-05	6.47e-04	3.37e-02	2.63e-01	5.10e-01	1.87e-01	5.70e-03	3.10e-04	6.41e-06	8.82e-07	0.00e+00	0.00e+00	0.00e+00
 1.68367e+23	3.39e-14	2.36e-06	1.17e-04	7.61e-04	3.74e-02	2.75e-01	5.05e-01	1.76e-01	5.08e-03	2.72e-04	5.40e-06	7.34e-07	0.00e+00	0.00e+00	0.00e+00
 1.69940e+23	4.46e-14	2.81e-06	1.38e-04	8.84e-04	4.11e-02	2.87e-01	5.00e-01	1.66e-01	4.55e-03	2.40e-04	4.59e-06	6.19e-07	0.00e+00	0.00e+00	0.00e+00
 1.71719e+23	6.42e-14	3.50e-06	1.70e-04	1.07e-03	4.62e-02	3.01e-01	4.93e-01	1.54e-01	3.96e-03	2.05e-04	3.73e-06	4.97e-07	0.00e+00	0.00e+00	0.00e+00
 1.73557e+23	8.84e-14	4.23e-06	2.03e-04	1.25e-03	5.11e-02	3.14e-01	4.86e-01	1.44e-01	3.50e-03	1.79e-04	3.12e-06	4.12e-07	0.00e+00	0.00e+00	0.00e+00
 1.75473e+23	1.29e-13	5.35e-06	2.53e-04	1.53e-03	5.77e-02	3.29e-01	4.76e-01	1.32e-01	3.00e-03	1.50e-04	2.49e-06	3.25e-07	0.00e+00	0.00e+00	0.00e+00
 1.77422e+23	1.79e-13	6.49e-06	3.03e-04	1.80e-03	6.38e-02	3.42e-01	4.67e-01	1.22e-01	2.63e-03	1.30e-04	2.06e-06	2.66e-07	0.00e+00	0.00e+00	0.00e+00
 1.79147e+23	2.43e-13	7.82e-06	3.60e-04	2.11e-03	7.01e-02	3.54e-01	4.57e-01	1.13e-01	2.31e-03	1.13e-04	1.71e-06	2.19e-07	0.00e+00	0.00e+00	0.00e+00
 1.81120e+23	3.62e-13	9.90e-06	4.49e-04	2.57e-03	7.89e-02	3.70e-01	4.44e-01	1.03e-01	1.96e-03	9.39e-05	1.35e-06	1.71e-07	0.00e+00	0.00e+00	0.00e+00
 1.83125e+23	5.01e-13	1.20e-05	5.37e-04	3.03e-03	8.69e-02	3.82e-01	4.31e-01	9.44e-02	1.70e-03	8.03e-05	1.10e-06	1.38e-07	0.00e+00	0.00e+00	0.00e+00
 1.84902e+23	6.69e-13	1.45e-05	6.39e-04	3.53e-03	9.51e-02	3.93e-01	4.19e-01	8.69e-02	1.48e-03	6.92e-05	9.06e-07	0.00e+00	0.00e+00	0.00e+00	0.00e+00
 1.86942e+23	9.62e-13	1.84e-05	7.98e-04	4.31e-03	1.07e-01	4.07e-01	4.02e-01	7.77e-02	1.24e-03	5.67e-05	7.01e-07	0.00e+00	0.00e+00	0.00e+00	0.00e+00
 1.89006e+23	1.26e-12	2.22e-05	9.51e-04	5.07e-03	1.17e-01	4.17e-01	3.88e-01	7.07e-02	1.06e-03	4.82e-05	5.67e-07	0.00e+00	0.00e+00	0.00e+00	0.00e+00
 1.91103e+23	1.81e-12	2.83e-05	1.19e-03	6.15e-03	1.30e-01	4.29e-01	3.70e-01	6.27e-02	8.80e-04	3.93e-05	4.36e-07	0.00e+00	0.00e+00	0.00e+00	0.00e+00
 1.93243e+23	2.44e-12	3.45e-05	1.42e-03	7.24e-03	1.43e-01	4.38e-01	3.54e-01	5.64e-02	7.48e-04	3.29e-05	3.48e-07	0.00e+00	0.00e+00	0.00e+00	0.00e+00
 1.95148e+23	3.28e-12	4.18e-05	1.69e-03	8.48e-03	1.55e-01	4.45e-01	3.38e-01	5.08e-02	6.36e-04	2.76e-05	2.78e-07	0.00e+00	0.00e+00	0.00e+00	0.00e+00
 1.97333e+23	4.90e-12	5.36e-05	2.11e-03	1.03e-02	1.72e-01	4.53e-01	3.17e-01	4.42e-02	5.16e-04	2.21e-05	2.09e-07	0.00e+00	0.00e+00	0.00e+00	0.00e+00
 1.99555e+23	6.89e-12	6.54e-05	2.53e-03	1.21e-02	1.87e-01	4.58e-01	3.00e-01	3.93e-02	4.34e-04	1.83e-05	1.65e-07	0.00e+00	0.00e+00	0.00e+00	0.00e+00
 2.01825e+23	1.08e-11	8.43e-05	3.16e-03	1.47e-02	2.07e-01	4.63e-01	2.78e-01	3.37e-02	3.46e-04	1.43e-05	1.21e-07	0.00e+00	0.00e+00	0.00e+00	0.00e+00
 2.04117e+23	1.58e-11	1.03e-04	3.77e-03	1.72e-02	2.24e-01	4.64e-01	2.60e-01	2.97e-02	2.88e-04	1.18e-05	0.00e+00	0.00e+00	0.00e+00	0.00e+00	0.00e+00
 2.06110e+23	2.34e-11	1.25e-04	4.47e-03	1.99e-02	2.41e-01	4.64e-01	2.44e-01	2.61e-02	2.40e-04	9.70e-06	0.00e+00	0.00e+00	0.00e+00	0.00e+00	0.00e+00
 2.07976e+23	3.42e-11	1.48e-04	5.18e-03	2.27e-02	2.56e-01	4.63e-01	2.29e-01	2.33e-02	2.04e-04	8.13e-06	0.00e+00	0.00e+00	0.00e+00	0.00e+00	0.00e+00
 2.10003e+23	5.61e-11	1.84e-04	6.26e-03	2.67e-02	2.76e-01	4.60e-01	2.11e-01	2.00e-02	1.65e-04	6.47e-06	0.00e+00	0.00e+00	0.00e+00	0.00e+00	0.00e+00
 2.12045e+23	9.25e-11	2.20e-04	7.27e-03	3.03e-02	2.93e-01	4.55e-01	1.96e-01	1.76e-02	1.38e-04	5.35e-06	0.00e+00	0.00e+00	0.00e+00	0.00e+00	0.00e+00
 2.13822e+23	1.55e-10	2.60e-04	8.38e-03	3.42e-02	3.09e-01	4.50e-01	1.83e-01	1.55e-02	1.17e-04	4.45e-06	0.00e+00	0.00e+00	0.00e+00	0.00e+00	0.00e+00
 2.15846e+23	2.90e-10	3.23e-04	1.00e-02	3.98e-02	3.29e-01	4.41e-01	1.66e-01	1.32e-02	9.36e-05	3.51e-06	0.00e+00	0.00e+00	0.00e+00	0.00e+00	0.00e+00
 2.17916e+23	5.69e-10	3.85e-04	1.16e-02	4.51e-02	3.46e-01	4.33e-01	1.52e-01	1.14e-02	7.73e-05	2.85e-06	0.00e+00	0.00e+00	0.00e+00	0.00e+00	0.00e+00
 2.20044e+23	1.06e-09	4.81e-04	1.40e-02	5.24e-02	3.67e-01	4.20e-01	1.37e-01	9.54e-03	6.10e-05	2.21e-06	0.00e+00	0.00e+00	0.00e+00	0.00e+00	0.00e+00
 2.22194e+23	1.80e-09	5.76e-04	1.61e-02	5.91e-02	3.84e-01	4.08e-01	1.24e-01	8.19e-03	4.99e-05	1.78e-06	0.00e+00	0.00e+00	0.00e+00	0.00e+00	0.00e+00
 2.24089e+23	2.66e-09	6.86e-04	1.86e-02	6.62e-02	3.99e-01	3.95e-01	1.13e-01	7.03e-03	4.10e-05	1.43e-06	0.00e+00	0.00e+00	0.00e+00	0.00e+00	0.00e+00
 2.26268e+23	4.21e-09	8.57e-04	2.22e-02	7.63e-02	4.18e-01	3.78e-01	9.91e-02	5.74e-03	3.16e-05	1.08e-06	0.00e+00	0.00e+00	0.00e+00	0.00e+00	0.00e+00
 2.28281e+23	5.54e-09	9.93e-04	2.49e-02	8.36e-02	4.30e-01	3.65e-01	9.05e-02	4.99e-03	2.65e-05	8.94e-07	0.00e+00	0.00e+00	0.00e+00	0.00e+00	0.00e+00
 2.30081e+23	7.53e-09	1.19e-03	2.86e-02	9.31e-02	4.43e-01	3.49e-01	8.09e-02	4.21e-03	2.14e-05	7.07e-07	0.00e+00	0.00e+00	0.00e+00	0.00e+00	0.00e+00
 2.31931e+23	9.69e-09	1.38e-03	3.21e-02	1.02e-01	4.54e-01	3.34e-01	7.31e-02	3.61e-03	1.77e-05	5.75e-07	0.00e+00	0.00e+00	0.00e+00	0.00e+00	0.00e+00
 2.33582e+23	1.21e-08	1.59e-03	3.59e-02	1.11e-01	4.63e-01	3.20e-01	6.61e-02	3.12e-03	1.48e-05	4.72e-07	0.00e+00	0.00e+00	0.00e+00	0.00e+00	0.00e+00
 2.35463e+23	1.59e-08	1.91e-03	4.11e-02	1.22e-01	4.72e-01	3.02e-01	5.81e-02	2.58e-03	1.17e-05	3.65e-07	0.00e+00	0.00e+00	0.00e+00	0.00e+00	0.00e+00
 2.37375e+23	1.99e-08	2.22e-03	4.60e-02	1.33e-01	4.79e-01	2.86e-01	5.18e-02	2.19e-03	9.56e-06	2.93e-07	0.00e+00	0.00e+00	0.00e+00	0.00e+00	0.00e+00
 2.39062e+23	2.44e-08	2.56e-03	5.11e-02	1.43e-01	4.84e-01	2.71e-01	4.62e-02	1.86e-03	7.85e-06	2.36e-07	0.00e+00	0.00e+00	0.00e+00	0.00e+00	0.00e+00
 2.40990e+23	3.13e-08	3.06e-03	5.83e-02	1.57e-01	4.88e-01	2.51e-01	3.99e-02	1.51e-03	6.12e-06	1.80e-07	0.00e+00	0.00e+00	0.00e+00	0.00e+00	0.00e+00
 2.42946e+23	3.84e-08	3.55e-03	6.48e-02	1.69e-01	4.91e-01	2.35e-01	3.51e-02	1.26e-03	4.94e-06	1.42e-07	0.00e+00	0.00e+00	0.00e+00	0.00e+00	0.00e+00
 2.44665e+23	4.65e-08	4.09e-03	7.16e-02	1.81e-01	4.91e-01	2.20e-01	3.09e-02	1.06e-03	4.01e-06	0.00e+00	0.00e+00	0.00e+00	0.00e+00	0.00e+00	0.00e+00
 2.46625e+23	5.88e-08	4.87e-03	8.09e-02	1.96e-01	4.89e-01	2.01e-01	2.62e-02	8.45e-04	3.08e-06	0.00e+00	0.00e+00	0.00e+00	0.00e+00	0.00e+00	0.00e+00
 2.48620e+23	7.14e-08	5.63e-03	8.94e-02	2.09e-01	4.86e-01	1.86e-01	2.27e-02	6.96e-04	2.45e-06	0.00e+00	0.00e+00	0.00e+00	0.00e+00	0.00e+00	0.00e+00
 2.50388e+23	8.58e-08	6.47e-03	9.82e-02	2.22e-01	4.81e-01	1.72e-01	1.97e-02	5.74e-04	1.96e-06	0.00e+00	0.00e+00	0.00e+00	0.00e+00	0.00e+00	0.00e+00
 2.52417e+23	1.08e-07	7.68e-03	1.10e-01	2.38e-01	4.73e-01	1.54e-01	1.64e-02	4.48e-04	1.47e-06	0.00e+00	0.00e+00	0.00e+00	0.00e+00	0.00e+00	0.00e+00
 2.54480e+23	1.30e-07	8.85e-03	1.21e-01	2.51e-01	4.65e-01	1.41e-01	1.39e-02	3.63e-04	1.15e-06	0.00e+00	0.00e+00	0.00e+00	0.00e+00	0.00e+00	0.00e+00
 2.56587e+23	1.63e-07	1.05e-02	1.35e-01	2.67e-01	4.52e-01	1.24e-01	1.13e-02	2.77e-04	8.47e-07	0.00e+00	0.00e+00	0.00e+00	0.00e+00	0.00e+00	0.00e+00
 2.58719e+23	1.96e-07	1.21e-02	1.47e-01	2.80e-01	4.39e-01	1.12e-01	9.52e-03	2.21e-04	6.52e-07	0.00e+00	0.00e+00	0.00e+00	0.00e+00	0.00e+00	0.00e+00
 2.60883e+23	2.45e-07	1.43e-02	1.64e-01	2.95e-01	4.22e-01	9.74e-02	7.62e-03	1.66e-04	4.72e-07	0.00e+00	0.00e+00	0.00e+00	0.00e+00	0.00e+00	0.00e+00
 2.63087e+23	2.95e-07	1.65e-02	1.78e-01	3.06e-01	4.07e-01	8.65e-02	6.30e-03	1.30e-04	3.58e-07	0.00e+00	0.00e+00	0.00e+00	0.00e+00	0.00e+00	0.00e+00
 2.65341e+23	3.70e-07	1.95e-02	1.96e-01	3.19e-01	3.86e-01	7.40e-02	4.93e-03	9.54e-05	2.53e-07	0.00e+00	0.00e+00	0.00e+00	0.00e+00	0.00e+00	0.00e+00
 2.67629e+23	4.45e-07	2.24e-02	2.12e-01	3.29e-01	3.68e-01	6.47e-02	4.00e-03	7.33e-05	1.88e-07	0.00e+00	0.00e+00	0.00e+00	0.00e+00	0.00e+00	0.00e+00
 2.69650e+23	5.30e-07	2.55e-02	2.27e-01	3.37e-01	3.50e-01	5.66e-02	3.26e-03	5.67e-05	1.41e-07	0.00e+00	0.00e+00	0.00e+00	0.00e+00	0.00e+00	0.00e+00
 2.71969e+23	6.63e-07	3.01e-02	2.48e-01	3.46e-01	3.26e-01	4.73e-02	2.48e-03	4.04e-05	0.00e+00	0.00e+00	0.00e+00	0.00e+00	0.00e+00	0.00e+00	0.00e+00
 2.73997e+23	7.47e-07	3.28e-02	2.59e-01	3.50e-01	3.13e-01	4.28e-02	2.13e-03	3.35e-05	0.00e+00	0.00e+00	0.00e+00	0.00e+00	0.00e+00	0.00e+00	0.00e+00
 2.75649e+23	8.73e-07	3.68e-02	2.74e-01	3.55e-01	2.96e-01	3.73e-02	1.74e-03	2.62e-05	0.00e+00	0.00e+00	0.00e+00	0.00e+00	0.00e+00	0.00e+00	0.00e+00
 2.77350e+23	9.88e-07	4.02e-02	2.86e-01	3.57e-01	2.82e-01	3.34e-02	1.47e-03	2.14e-05	0.00e+00	0.00e+00	0.00e+00	0.00e+00	0.00e+00	0.00e+00	0.00e+00
 2.79115e+23	1.15e-06	4.49e-02	3.01e-01	3.60e-01	2.64e-01	2.89e-02	1.19e-03	1.65e-05	0.00e+00	0.00e+00	0.00e+00	0.00e+00	0.00e+00	0.00e+00	0.00e+00
 2.80923e+23	1.32e-06	4.94e-02	3.14e-01	3.61e-01	2.49e-01	2.54e-02	9.86e-04	1.31e-05	0.00e+00	0.00e+00	0.00e+00	0.00e+00	0.00e+00	0.00e+00	0.00e+00
 2.82531e+23	1.50e-06	5.41e-02	3.27e-01	3.61e-01	2.35e-01	2.24e-02	8.21e-04	1.05e-05	0.00e+00	0.00e+00	0.00e+00	0.00e+00	0.00e+00	0.00e+00	0.00e+00
 2.84364e+23	1.75e-06	6.03e-02	3.42e-01	3.60e-01	2.18e-01	1.91e-02	6.51e-04	7.99e-06	0.00e+00	0.00e+00	0.00e+00	0.00e+00	0.00e+00	0.00e+00	0.00e+00
 2.86235e+23	2.00e-06	6.61e-02	3.54e-01	3.58e-01	2.05e-01	1.66e-02	5.34e-04	6.30e-06	0.00e+00	0.00e+00	0.00e+00	0.00e+00	0.00e+00	0.00e+00	0.00e+00
 2.87906e+23	2.27e-06	7.22e-02	3.66e-01	3.55e-01	1.91e-01	1.45e-02	4.39e-04	4.98e-06	0.00e+00	0.00e+00	0.00e+00	0.00e+00	0.00e+00	0.00e+00	0.00e+00
 2.89827e+23	2.66e-06	8.06e-02	3.81e-01	3.51e-01	1.75e-01	1.21e-02	3.40e-04	3.68e-06	0.00e+00	0.00e+00	0.00e+00	0.00e+00	0.00e+00	0.00e+00	0.00e+00
 2.91764e+23	3.03e-06	8.82e-02	3.93e-01	3.46e-01	1.62e-01	1.04e-02	2.76e-04	2.87e-06	0.00e+00	0.00e+00	0.00e+00	0.00e+00	0.00e+00	0.00e+00	0.00e+00
 2.93723e+23	3.54e-06	9.78e-02	4.06e-01	3.39e-01	1.48e-01	8.64e-03	2.12e-04	2.12e-06	0.00e+00	0.00e+00	0.00e+00	0.00e+00	0.00e+00	0.00e+00	0.00e+00
 2.95724e+23	4.06e-06	1.07e-01	4.17e-01	3.33e-01	1.36e-01	7.33e-03	1.69e-04	1.62e-06	0.00e+00	0.00e+00	0.00e+00	0.00e+00	0.00e+00	0.00e+00	0.00e+00
 2.97498e+23	4.61e-06	1.17e-01	4.26e-01	3.26e-01	1.25e-01	6.26e-03	1.36e-04	1.25e-06	0.00e+00	0.00e+00	0.00e+00	0.00e+00	0.00e+00	0.00e+00	0.00e+00
 2.99523e+23	5.39e-06	1.30e-01	4.37e-01	3.16e-01	1.12e-01	5.09e-03	1.02e-04	9.03e-07	0.00e+00	0.00e+00	0.00e+00	0.00e+00	0.00e+00	0.00e+00	0.00e+00
 3.01587e+23	6.18e-06	1.42e-01	4.45e-01	3.06e-01	1.02e-01	4.27e-03	8.06e-05	6.83e-07	0.00e+00	0.00e+00	0.00e+00	0.00e+00	0.00e+00	0.00e+00	0.00e+00
 3.03393e+23	7.01e-06	1.54e-01	4.52e-01	2.97e-01	9.31e-02	3.60e-03	6.40e-05	5.23e-07	0.00e+00	0.00e+00	0.00e+00	0.00e+00	0.00e+00	0.00e+00	0.00e+00
 3.05432e+23	8.20e-06	1.70e-01	4.59e-01	2.85e-01	8.24e-02	2.89e-03	4.75e-05	3.71e-07	0.00e+00	0.00e+00	0.00e+00	0.00e+00	0.00e+00	0.00e+00	0.00e+00
 3.07469e+23	9.35e-06	1.86e-01	4.63e-01	2.74e-01	7.45e-02	2.41e-03	3.73e-05	2.80e-07	0.00e+00	0.00e+00	0.00e+00	0.00e+00	0.00e+00	0.00e+00	0.00e+00
 3.08461e+23	9.66e-06	1.90e-01	4.63e-01	2.71e-01	7.31e-02	2.33e-03	3.57e-05	2.66e-07	0.00e+00	0.00e+00	0.00e+00	0.00e+00	0.00e+00	0.00e+00	0.00e+00
