#depth	S	S+	S+2	S+3	S+4	S+5	S+6	S+7	S+8	S+9	S+10	S+11	S+12	S+13	S+14	S+15	S+16
 1.54284e+22	4.92e-30	2.40e-18	4.67e-15	7.16e-13	4.95e-11	2.34e-09	3.72e-06	3.58e-04	8.15e-03	4.43e-02	1.61e-01	2.49e-01	1.73e-01	1.15e-01	2.06e-01	4.07e-02	2.61e-03
 3.44762e+22	1.68e-28	5.20e-17	7.04e-14	7.09e-12	3.17e-10	1.00e-08	1.21e-05	1.07e-03	2.06e-02	8.63e-02	2.41e-01	2.96e-01	1.56e-01	7.73e-02	1.06e-01	1.49e-02	6.79e-04
 3.99054e+22	1.47e-28	1.88e-16	2.20e-13	1.88e-11	7.05e-10	1.90e-08	1.98e-05	1.67e-03	2.95e-02	1.10e-01	2.72e-01	3.00e-01	1.41e-01	6.18e-02	7.59e-02	9.11e-03	3.58e-04
 4.26200e+22	2.94e-28	3.46e-16	3.79e-13	2.99e-11	1.04e-09	2.59e-08	2.52e-05	2.05e-03	3.47e-02	1.22e-01	2.85e-01	2.98e-01	1.32e-01	5.49e-02	6.39e-02	7.13e-03	2.61e-04
 4.38447e+22	3.74e-28	4.29e-16	4.59e-13	3.52e-11	1.19e-09	2.89e-08	2.74e-05	2.21e-03	3.67e-02	1.26e-01	2.89e-01	2.97e-01	1.29e-01	5.26e-02	6.01e-02	6.53e-03	2.33e-04
 4.45805e+22	5.05e-28	5.59e-16	5.81e-13	4.32e-11	1.41e-09	3.31e-08	3.05e-05	2.42e-03	3.94e-02	1.32e-01	2.94e-01	2.96e-01	1.25e-01	4.98e-02	5.55e-02	5.85e-03	2.02e-04
 4.54002e+22	6.70e-28	7.16e-16	7.26e-13	5.24e-11	1.65e-09	3.78e-08	3.37e-05	2.63e-03	4.20e-02	1.37e-01	2.99e-01	2.94e-01	1.21e-01	4.72e-02	5.15e-02	5.27e-03	1.77e-04
 4.63288e+22	9.71e-28	9.91e-16	9.70e-13	6.73e-11	2.03e-09	4.47e-08	3.84e-05	2.93e-03	4.56e-02	1.45e-01	3.04e-01	2.91e-01	1.16e-01	4.39e-02	4.67e-02	4.58e-03	1.48e-04
 4.72831e+22	1.32e-27	1.30e-15	1.24e-12	8.30e-11	2.42e-09	5.15e-08	4.28e-05	3.21e-03	4.89e-02	1.51e-01	3.08e-01	2.88e-01	1.12e-01	4.13e-02	4.28e-02	4.07e-03	1.27e-04
 4.82709e+22	1.93e-27	1.82e-15	1.67e-12	1.07e-10	3.00e-09	6.13e-08	4.89e-05	3.58e-03	5.31e-02	1.58e-01	3.13e-01	2.84e-01	1.07e-01	3.83e-02	3.85e-02	3.51e-03	1.05e-04
 4.92794e+22	2.65e-27	2.40e-15	2.14e-12	1.33e-10	3.59e-09	7.09e-08	5.47e-05	3.93e-03	5.69e-02	1.65e-01	3.17e-01	2.80e-01	1.03e-01	3.58e-02	3.52e-02	3.10e-03	8.98e-05
 5.01771e+22	3.56e-27	3.11e-15	2.70e-12	1.63e-10	4.26e-09	8.14e-08	6.08e-05	4.28e-03	6.07e-02	1.71e-01	3.20e-01	2.76e-01	9.88e-02	3.36e-02	3.23e-02	2.76e-03	7.73e-05
 5.12063e+22	5.32e-27	4.42e-15	3.70e-12	2.14e-10	5.33e-09	9.77e-08	6.98e-05	4.79e-03	6.59e-02	1.79e-01	3.23e-01	2.71e-01	9.35e-02	3.08e-02	2.87e-02	2.35e-03	6.30e-05
 5.22454e+22	7.16e-27	5.74e-15	4.68e-12	2.62e-10	6.34e-09	1.12e-07	7.78e-05	5.23e-03	7.02e-02	1.86e-01	3.26e-01	2.66e-01	8.95e-02	2.88e-02	2.63e-02	2.08e-03	5.39e-05
 5.32975e+22	1.07e-26	8.19e-15	6.42e-12	3.45e-10	7.95e-09	1.35e-07	8.93e-05	5.85e-03	7.61e-02	1.94e-01	3.28e-01	2.60e-01	8.43e-02	2.63e-02	2.32e-02	1.76e-03	4.36e-05
 5.43661e+22	1.45e-26	1.07e-14	8.17e-12	4.25e-10	9.47e-09	1.56e-07	9.97e-05	6.38e-03	8.10e-02	2.01e-01	3.30e-01	2.55e-01	8.04e-02	2.45e-02	2.11e-02	1.54e-03	3.71e-05
 5.54561e+22	2.20e-26	1.55e-14	1.13e-11	5.63e-10	1.20e-08	1.88e-07	1.15e-04	7.14e-03	8.79e-02	2.09e-01	3.31e-01	2.47e-01	7.53e-02	2.22e-02	1.85e-02	1.29e-03	2.96e-05
 5.65556e+22	3.01e-26	2.04e-14	1.45e-11	6.99e-10	1.43e-08	2.18e-07	1.28e-04	7.79e-03	9.34e-02	2.16e-01	3.31e-01	2.41e-01	7.15e-02	2.06e-02	1.67e-02	1.13e-03	2.49e-05
 5.76674e+22	4.54e-26	2.96e-14	2.02e-11	9.27e-10	1.81e-08	2.64e-07	1.48e-04	8.72e-03	1.01e-01	2.25e-01	3.31e-01	2.34e-01	6.66e-02	1.86e-02	1.46e-02	9.38e-04	1.98e-05
 5.87228e+22	5.97e-26	3.78e-14	2.52e-11	1.12e-09	2.12e-08	3.00e-07	1.63e-04	9.40e-03	1.06e-01	2.30e-01	3.31e-01	2.28e-01	6.34e-02	1.73e-02	1.33e-02	8.28e-04	1.69e-05
 5.97046e+22	8.60e-26	5.26e-14	3.38e-11	1.44e-09	2.61e-08	3.55e-07	1.85e-04	1.04e-02	1.14e-01	2.38e-01	3.29e-01	2.21e-01	5.94e-02	1.58e-02	1.18e-02	7.01e-04	1.37e-05
 6.07020e+22	1.14e-25	6.77e-14	4.23e-11	1.75e-09	3.08e-08	4.05e-07	2.04e-04	1.12e-02	1.20e-01	2.43e-01	3.28e-01	2.15e-01	5.63e-02	1.46e-02	1.07e-02	6.15e-04	1.17e-05
 6.17197e+22	1.65e-25	9.54e-14	5.74e-11	2.28e-09	3.82e-08	4.83e-07	2.32e-04	1.24e-02	1.28e-01	2.51e-01	3.26e-01	2.07e-01	5.24e-02	1.32e-02	9.36e-03	5.15e-04	9.33e-06
 6.27479e+22	2.20e-25	1.24e-13	7.27e-11	2.79e-09	4.52e-08	5.54e-07	2.57e-04	1.34e-02	1.35e-01	2.56e-01	3.24e-01	2.01e-01	4.95e-02	1.22e-02	8.43e-03	4.48e-04	7.84e-06
 6.37901e+22	3.22e-25	1.77e-13	9.94e-11	3.65e-09	5.65e-08	6.65e-07	2.93e-04	1.48e-02	1.44e-01	2.63e-01	3.20e-01	1.93e-01	4.58e-02	1.10e-02	7.33e-03	3.71e-04	6.20e-06
 6.48461e+22	4.31e-25	2.32e-13	1.27e-10	4.49e-09	6.72e-08	7.66e-07	3.26e-04	1.60e-02	1.52e-01	2.68e-01	3.17e-01	1.86e-01	4.31e-02	1.01e-02	6.56e-03	3.20e-04	5.16e-06
 6.59202e+22	6.30e-25	3.34e-13	1.75e-10	5.92e-09	8.46e-08	9.25e-07	3.74e-04	1.78e-02	1.62e-01	2.75e-01	3.12e-01	1.78e-01	3.96e-02	9.00e-03	5.66e-03	2.63e-04	4.04e-06
 6.70146e+22	8.56e-25	4.46e-13	2.26e-10	7.39e-09	1.02e-07	1.08e-06	4.18e-04	1.93e-02	1.71e-01	2.80e-01	3.08e-01	1.71e-01	3.70e-02	8.21e-03	5.02e-03	2.24e-04	3.30e-06
 6.81355e+22	1.26e-24	6.51e-13	3.17e-10	9.88e-09	1.30e-07	1.32e-06	4.84e-04	2.15e-02	1.83e-01	2.86e-01	3.01e-01	1.62e-01	3.37e-02	7.26e-03	4.28e-03	1.81e-04	2.54e-06
 6.92789e+22	1.73e-24	8.83e-13	4.16e-10	1.25e-08	1.58e-07	1.55e-06	5.46e-04	2.35e-02	1.92e-01	2.91e-01	2.96e-01	1.55e-01	3.12e-02	6.56e-03	3.75e-03	1.52e-04	2.04e-06
 7.04515e+22	2.56e-24	1.31e-12	5.91e-10	1.69e-08	2.04e-07	1.92e-06	6.38e-04	2.64e-02	2.06e-01	2.96e-01	2.88e-01	1.46e-01	2.82e-02	5.74e-03	3.15e-03	1.21e-04	1.54e-06
 7.16364e+22	3.50e-24	1.79e-12	7.80e-10	2.16e-08	2.51e-07	2.27e-06	7.23e-04	2.89e-02	2.17e-01	2.99e-01	2.81e-01	1.39e-01	2.59e-02	5.16e-03	2.74e-03	1.01e-04	1.22e-06
 7.26359e+22	4.62e-24	2.38e-12	1.01e-09	2.69e-08	3.02e-07	2.66e-06	8.11e-04	3.14e-02	2.27e-01	3.02e-01	2.75e-01	1.33e-01	2.40e-02	4.66e-03	2.41e-03	8.47e-05	9.88e-07
 7.37222e+22	6.50e-24	3.41e-12	1.39e-09	3.56e-08	3.84e-07	3.26e-06	9.41e-04	3.49e-02	2.40e-01	3.05e-01	2.66e-01	1.25e-01	2.16e-02	4.09e-03	2.03e-03	6.79e-05	7.51e-07
 7.48145e+22	8.55e-24	4.53e-12	1.79e-09	4.46e-08	4.66e-07	3.84e-06	1.06e-03	3.80e-02	2.51e-01	3.07e-01	2.59e-01	1.18e-01	1.99e-02	3.68e-03	1.77e-03	5.67e-05	6.02e-07
 7.58805e+22	1.17e-23	6.35e-12	2.43e-09	5.84e-08	5.87e-07	4.68e-06	1.23e-03	4.21e-02	2.65e-01	3.09e-01	2.50e-01	1.11e-01	1.79e-02	3.23e-03	1.50e-03	4.55e-05	4.59e-07
 7.69683e+22	1.53e-23	8.49e-12	3.15e-09	7.37e-08	7.19e-07	5.57e-06	1.39e-03	4.61e-02	2.77e-01	3.09e-01	2.41e-01	1.04e-01	1.63e-02	2.87e-03	1.29e-03	3.75e-05	3.62e-07
 7.80354e+22	2.01e-23	1.17e-11	4.21e-09	9.54e-08	9.00e-07	6.77e-06	1.61e-03	5.09e-02	2.91e-01	3.09e-01	2.32e-01	9.72e-02	1.46e-02	2.52e-03	1.09e-03	3.01e-05	2.76e-07
 7.91247e+22	2.59e-23	1.56e-11	5.49e-09	1.21e-07	1.11e-06	8.12e-06	1.84e-03	5.59e-02	3.04e-01	3.09e-01	2.23e-01	9.08e-02	1.32e-02	2.22e-03	9.27e-04	2.45e-05	2.14e-07
 8.02000e+22	3.33e-23	2.11e-11	7.21e-09	1.55e-07	1.38e-06	9.83e-06	2.11e-03	6.16e-02	3.17e-01	3.07e-01	2.13e-01	8.43e-02	1.18e-02	1.94e-03	7.82e-04	1.96e-05	1.64e-07
 8.12832e+22	4.23e-23	2.80e-11	9.37e-09	1.97e-07	1.71e-06	1.18e-05	2.42e-03	6.77e-02	3.30e-01	3.05e-01	2.03e-01	7.82e-02	1.06e-02	1.70e-03	6.60e-04	1.58e-05	1.26e-07
 8.23534e+22	5.32e-23	3.69e-11	1.21e-08	2.50e-07	2.11e-06	1.43e-05	2.77e-03	7.43e-02	3.43e-01	3.02e-01	1.94e-01	7.23e-02	9.42e-03	1.48e-03	5.55e-04	1.27e-05	0.00e+00
 8.34219e+22	6.61e-23	4.83e-11	1.55e-08	3.15e-07	2.59e-06	1.72e-05	3.17e-03	8.14e-02	3.56e-01	2.99e-01	1.84e-01	6.67e-02	8.38e-03	1.29e-03	4.66e-04	1.01e-05	0.00e+00
 8.44918e+22	8.17e-23	6.27e-11	1.99e-08	3.97e-07	3.19e-06	2.06e-05	3.63e-03	8.91e-02	3.68e-01	2.95e-01	1.74e-01	6.13e-02	7.43e-03	1.12e-03	3.90e-04	8.08e-06	0.00e+00
 8.55654e+22	1.00e-22	8.07e-11	2.52e-08	4.97e-07	3.90e-06	2.48e-05	4.15e-03	9.73e-02	3.80e-01	2.90e-01	1.64e-01	5.61e-02	6.57e-03	9.64e-04	3.26e-04	6.43e-06	0.00e+00
 8.66446e+22	1.22e-22	1.03e-10	3.19e-08	6.21e-07	4.78e-06	2.98e-05	4.73e-03	1.06e-01	3.92e-01	2.84e-01	1.55e-01	5.12e-02	5.79e-03	8.30e-04	2.71e-04	5.10e-06	0.00e+00
 8.77333e+22	1.48e-22	1.31e-10	4.01e-08	7.74e-07	5.83e-06	3.57e-05	5.40e-03	1.16e-01	4.03e-01	2.78e-01	1.45e-01	4.66e-02	5.09e-03	7.12e-04	2.25e-04	4.02e-06	0.00e+00
 8.88340e+22	1.79e-22	1.66e-10	5.02e-08	9.62e-07	7.11e-06	4.28e-05	6.15e-03	1.26e-01	4.13e-01	2.71e-01	1.36e-01	4.23e-02	4.45e-03	6.09e-04	1.85e-04	3.16e-06	0.00e+00
 8.99408e+22	2.15e-22	2.07e-10	6.25e-08	1.19e-06	8.63e-06	5.11e-05	6.98e-03	1.37e-01	4.23e-01	2.64e-01	1.27e-01	3.82e-02	3.88e-03	5.19e-04	1.53e-04	2.48e-06	0.00e+00
 9.10652e+22	2.58e-22	2.58e-10	7.77e-08	1.47e-06	1.05e-05	6.12e-05	7.94e-03	1.48e-01	4.32e-01	2.56e-01	1.18e-01	3.44e-02	3.37e-03	4.39e-04	1.25e-04	1.93e-06	0.00e+00
 9.22019e+22	3.09e-22	3.19e-10	9.58e-08	1.81e-06	1.27e-05	7.29e-05	8.99e-03	1.60e-01	4.40e-01	2.48e-01	1.09e-01	3.09e-02	2.92e-03	3.72e-04	1.02e-04	1.51e-06	0.00e+00
 9.33611e+22	3.73e-22	3.94e-10	1.18e-07	2.23e-06	1.54e-05	8.73e-05	1.02e-02	1.73e-01	4.47e-01	2.39e-01	1.01e-01	2.75e-02	2.51e-03	3.12e-04	8.28e-05	1.16e-06	0.00e+00
 9.45409e+22	3.13e-21	4.81e-10	1.45e-07	2.73e-06	1.85e-05	1.04e-04	1.15e-02	1.86e-01	4.52e-01	2.30e-01	9.26e-02	2.45e-02	2.16e-03	2.62e-04	6.72e-05	8.95e-07	0.00e+00
 9.56225e+22	4.08e-21	5.67e-10	1.71e-07	3.23e-06	2.16e-05	1.20e-04	1.27e-02	1.98e-01	4.56e-01	2.22e-01	8.62e-02	2.22e-02	1.90e-03	2.25e-04	5.62e-05	7.19e-07	0.00e+00
 9.67513e+22	5.20e-21	6.91e-10	2.10e-07	3.97e-06	2.62e-05	1.44e-04	1.45e-02	2.13e-01	4.60e-01	2.12e-01	7.85e-02	1.95e-02	1.61e-03	1.86e-04	4.48e-05	5.42e-07	0.00e+00
 9.78997e+22	6.44e-21	8.09e-10	2.48e-07	4.68e-06	3.05e-05	1.66e-04	1.59e-02	2.25e-01	4.62e-01	2.05e-01	7.28e-02	1.76e-02	1.41e-03	1.59e-04	3.72e-05	4.33e-07	0.00e+00
 9.90854e+22	8.48e-21	9.83e-10	3.04e-07	5.75e-06	3.70e-05	1.99e-04	1.81e-02	2.41e-01	4.64e-01	1.94e-01	6.58e-02	1.53e-02	1.18e-03	1.29e-04	2.93e-05	3.22e-07	0.00e+00
 1.00273e+23	1.06e-20	1.14e-09	3.55e-07	6.73e-06	4.28e-05	2.28e-04	1.98e-02	2.54e-01	4.64e-01	1.86e-01	6.07e-02	1.37e-02	1.03e-03	1.10e-04	2.43e-05	2.56e-07	0.00e+00
 1.01463e+23	1.41e-20	1.36e-09	4.31e-07	8.21e-06	5.14e-05	2.73e-04	2.23e-02	2.71e-01	4.63e-01	1.76e-01	5.46e-02	1.19e-02	8.64e-04	8.95e-05	1.91e-05	1.90e-07	0.00e+00
 1.02658e+23	1.81e-20	1.57e-09	5.00e-07	9.54e-06	5.90e-05	3.11e-04	2.44e-02	2.84e-01	4.61e-01	1.68e-01	5.04e-02	1.07e-02	7.53e-04	7.63e-05	1.58e-05	1.52e-07	0.00e+00
 1.03860e+23	2.48e-20	1.86e-09	6.02e-07	1.15e-05	7.04e-05	3.68e-04	2.73e-02	3.01e-01	4.58e-01	1.58e-01	4.52e-02	9.25e-03	6.29e-04	6.18e-05	1.24e-05	0.00e+00	0.00e+00
 1.05075e+23	3.29e-20	2.13e-09	6.96e-07	1.34e-05	8.07e-05	4.19e-04	2.97e-02	3.14e-01	4.55e-01	1.51e-01	4.15e-02	8.26e-03	5.46e-04	5.24e-05	1.03e-05	0.00e+00	0.00e+00
 1.06307e+23	4.71e-20	2.51e-09	8.35e-07	1.61e-05	9.58e-05	4.95e-04	3.31e-02	3.31e-01	4.49e-01	1.41e-01	3.70e-02	7.11e-03	4.53e-04	4.22e-05	8.00e-06	0.00e+00	0.00e+00
 1.07556e+23	6.60e-20	2.87e-09	9.64e-07	1.86e-05	1.09e-04	5.62e-04	3.60e-02	3.45e-01	4.44e-01	1.34e-01	3.38e-02	6.32e-03	3.92e-04	3.56e-05	6.58e-06	0.00e+00	0.00e+00
 1.08827e+23	1.01e-19	3.37e-09	1.15e-06	2.24e-05	1.30e-04	6.62e-04	4.00e-02	3.62e-01	4.37e-01	1.25e-01	3.00e-02	5.41e-03	3.24e-04	2.85e-05	5.10e-06	0.00e+00	0.00e+00
 1.10121e+23	1.55e-19	3.85e-09	1.33e-06	2.59e-05	1.48e-04	7.52e-04	4.34e-02	3.75e-01	4.30e-01	1.18e-01	2.73e-02	4.78e-03	2.78e-04	2.39e-05	4.16e-06	0.00e+00	0.00e+00
 1.11447e+23	2.62e-19	4.53e-09	1.60e-06	3.12e-05	1.75e-04	8.85e-04	4.81e-02	3.93e-01	4.21e-01	1.09e-01	2.41e-02	4.06e-03	2.27e-04	1.89e-05	3.19e-06	0.00e+00	0.00e+00
 1.12804e+23	4.43e-19	5.19e-09	1.85e-06	3.62e-05	2.00e-04	1.01e-03	5.22e-02	4.06e-01	4.13e-01	1.03e-01	2.17e-02	3.56e-03	1.94e-04	1.57e-05	2.58e-06	0.00e+00	0.00e+00
 1.14202e+23	8.00e-19	6.13e-09	2.23e-06	4.36e-05	2.37e-04	1.19e-03	5.78e-02	4.23e-01	4.01e-01	9.43e-02	1.90e-02	2.99e-03	1.57e-04	1.23e-05	1.95e-06	0.00e+00	0.00e+00
 1.15625e+23	1.35e-18	7.06e-09	2.59e-06	5.06e-05	2.71e-04	1.35e-03	6.25e-02	4.36e-01	3.92e-01	8.82e-02	1.71e-02	2.61e-03	1.33e-04	1.02e-05	1.57e-06	0.00e+00	0.00e+00
 1.16825e+23	2.02e-18	7.95e-09	2.96e-06	5.76e-05	3.04e-04	1.51e-03	6.69e-02	4.47e-01	3.83e-01	8.29e-02	1.55e-02	2.31e-03	1.14e-04	8.54e-06	1.29e-06	0.00e+00	0.00e+00
 1.18128e+23	3.05e-18	9.27e-09	3.50e-06	6.81e-05	3.52e-04	1.74e-03	7.31e-02	4.61e-01	3.71e-01	7.64e-02	1.37e-02	1.96e-03	9.40e-05	6.82e-06	9.95e-07	0.00e+00	0.00e+00
 1.19392e+23	4.12e-18	1.04e-08	3.95e-06	7.67e-05	3.91e-04	1.92e-03	7.76e-02	4.71e-01	3.63e-01	7.20e-02	1.25e-02	1.75e-03	8.17e-05	5.81e-06	8.29e-07	0.00e+00	0.00e+00
 1.20608e+23	5.59e-18	1.19e-08	4.60e-06	8.92e-05	4.47e-04	2.19e-03	8.39e-02	4.83e-01	3.51e-01	6.65e-02	1.10e-02	1.50e-03	6.80e-05	4.69e-06	6.51e-07	0.00e+00	0.00e+00
 1.21836e+23	7.39e-18	1.34e-08	5.21e-06	1.01e-04	4.96e-04	2.42e-03	8.89e-02	4.92e-01	3.42e-01	6.27e-02	1.01e-02	1.34e-03	5.90e-05	3.99e-06	5.42e-07	0.00e+00	0.00e+00
 1.23080e+23	9.89e-18	1.55e-08	6.09e-06	1.17e-04	5.65e-04	2.75e-03	9.58e-02	5.03e-01	3.30e-01	5.77e-02	8.90e-03	1.14e-03	4.89e-05	3.22e-06	4.24e-07	0.00e+00	0.00e+00
 1.24344e+23	1.29e-17	1.76e-08	6.92e-06	1.32e-04	6.27e-04	3.03e-03	1.01e-01	5.11e-01	3.21e-01	5.41e-02	8.09e-03	1.01e-03	4.23e-05	2.72e-06	3.51e-07	0.00e+00	0.00e+00
 1.25632e+23	1.72e-17	2.04e-08	8.11e-06	1.54e-04	7.15e-04	3.44e-03	1.09e-01	5.21e-01	3.08e-01	4.96e-02	7.11e-03	8.63e-04	3.48e-05	2.18e-06	2.73e-07	0.00e+00	0.00e+00
 1.26938e+23	2.23e-17	2.33e-08	9.27e-06	1.74e-04	7.93e-04	3.79e-03	1.15e-01	5.28e-01	2.99e-01	4.64e-02	6.43e-03	7.62e-04	3.00e-05	1.84e-06	2.24e-07	0.00e+00	0.00e+00
 1.28269e+23	2.98e-17	2.72e-08	1.09e-05	2.03e-04	9.04e-04	4.30e-03	1.24e-01	5.37e-01	2.86e-01	4.23e-02	5.62e-03	6.45e-04	2.45e-05	1.46e-06	1.73e-07	0.00e+00	0.00e+00
 1.29625e+23	3.90e-17	3.13e-08	1.25e-05	2.30e-04	1.00e-03	4.74e-03	1.31e-01	5.42e-01	2.76e-01	3.94e-02	5.07e-03	5.66e-04	2.10e-05	1.22e-06	1.41e-07	0.00e+00	0.00e+00
 1.31015e+23	5.28e-17	3.69e-08	1.48e-05	2.70e-04	1.15e-03	5.39e-03	1.40e-01	5.50e-01	2.63e-01	3.57e-02	4.40e-03	4.75e-04	1.70e-05	9.62e-07	0.00e+00	0.00e+00	0.00e+00
 1.32433e+23	6.95e-17	4.27e-08	1.71e-05	3.07e-04	1.27e-03	5.94e-03	1.48e-01	5.54e-01	2.52e-01	3.31e-02	3.94e-03	4.14e-04	1.44e-05	7.98e-07	0.00e+00	0.00e+00	0.00e+00
 1.33890e+23	9.73e-17	5.12e-08	2.05e-05	3.62e-04	1.46e-03	6.76e-03	1.59e-01	5.60e-01	2.39e-01	2.98e-02	3.40e-03	3.45e-04	1.16e-05	6.23e-07	0.00e+00	0.00e+00	0.00e+00
 1.35387e+23	1.31e-16	5.99e-08	2.39e-05	4.15e-04	1.63e-03	7.48e-03	1.68e-01	5.63e-01	2.29e-01	2.74e-02	3.02e-03	2.98e-04	9.71e-06	5.10e-07	0.00e+00	0.00e+00	0.00e+00
 1.36938e+23	1.91e-16	7.30e-08	2.89e-05	4.93e-04	1.87e-03	8.52e-03	1.79e-01	5.67e-01	2.16e-01	2.45e-02	2.58e-03	2.45e-04	7.70e-06	3.92e-07	0.00e+00	0.00e+00	0.00e+00
 1.38502e+23	2.67e-16	8.64e-08	3.38e-05	5.66e-04	2.08e-03	9.39e-03	1.89e-01	5.69e-01	2.06e-01	2.25e-02	2.28e-03	2.11e-04	6.45e-06	3.21e-07	0.00e+00	0.00e+00	0.00e+00
 1.40085e+23	4.01e-16	1.06e-07	4.11e-05	6.73e-04	2.39e-03	1.07e-02	2.02e-01	5.70e-01	1.93e-01	2.00e-02	1.94e-03	1.73e-04	5.08e-06	2.45e-07	0.00e+00	0.00e+00	0.00e+00
 1.41684e+23	2.48e-17	1.26e-07	4.83e-05	7.72e-04	2.66e-03	1.18e-02	2.12e-01	5.70e-01	1.83e-01	1.83e-02	1.71e-03	1.48e-04	4.23e-06	2.00e-07	0.00e+00	0.00e+00	0.00e+00
 1.43306e+23	2.12e-17	1.56e-07	5.90e-05	9.20e-04	3.05e-03	1.33e-02	2.25e-01	5.69e-01	1.71e-01	1.62e-02	1.45e-03	1.21e-04	3.32e-06	1.52e-07	0.00e+00	0.00e+00	0.00e+00
 1.44958e+23	2.98e-17	1.88e-07	6.97e-05	1.06e-03	3.40e-03	1.47e-02	2.36e-01	5.67e-01	1.62e-01	1.47e-02	1.27e-03	1.03e-04	2.74e-06	1.23e-07	0.00e+00	0.00e+00	0.00e+00
 1.46420e+23	4.35e-17	2.25e-07	8.18e-05	1.22e-03	3.78e-03	1.62e-02	2.47e-01	5.64e-01	1.53e-01	1.34e-02	1.11e-03	8.76e-05	2.26e-06	0.00e+00	0.00e+00	0.00e+00	0.00e+00
 1.48091e+23	6.91e-17	2.84e-07	1.01e-04	1.45e-03	4.32e-03	1.82e-02	2.62e-01	5.60e-01	1.42e-01	1.18e-02	9.39e-04	7.11e-05	1.77e-06	0.00e+00	0.00e+00	0.00e+00	0.00e+00
 1.49794e+23	1.02e-16	3.42e-07	1.19e-04	1.68e-03	4.82e-03	2.01e-02	2.74e-01	5.55e-01	1.33e-01	1.06e-02	8.15e-04	5.99e-05	1.44e-06	0.00e+00	0.00e+00	0.00e+00	0.00e+00
 1.51175e+23	1.36e-16	4.04e-07	1.38e-04	1.89e-03	5.28e-03	2.18e-02	2.84e-01	5.51e-01	1.26e-01	9.70e-03	7.24e-04	5.18e-05	1.22e-06	0.00e+00	0.00e+00	0.00e+00	0.00e+00
 1.52607e+23	2.01e-16	4.93e-07	1.64e-04	2.19e-03	5.87e-03	2.39e-02	2.96e-01	5.45e-01	1.18e-01	8.73e-03	6.29e-04	4.37e-05	9.95e-07	0.00e+00	0.00e+00	0.00e+00	0.00e+00
 1.54114e+23	2.75e-16	5.89e-07	1.92e-04	2.49e-03	6.45e-03	2.59e-02	3.07e-01	5.39e-01	1.11e-01	7.93e-03	5.54e-04	3.74e-05	8.28e-07	0.00e+00	0.00e+00	0.00e+00	0.00e+00
 1.55496e+23	3.77e-16	7.01e-07	2.23e-04	2.82e-03	7.07e-03	2.80e-02	3.17e-01	5.32e-01	1.05e-01	7.21e-03	4.88e-04	3.21e-05	6.92e-07	0.00e+00	0.00e+00	0.00e+00	0.00e+00
 1.57072e+23	5.56e-16	8.77e-07	2.70e-04	3.30e-03	7.93e-03	3.09e-02	3.31e-01	5.23e-01	9.70e-02	6.40e-03	4.16e-04	2.65e-05	5.52e-07	0.00e+00	0.00e+00	0.00e+00	0.00e+00
 1.58693e+23	8.01e-16	1.06e-06	3.19e-04	3.78e-03	8.75e-03	3.37e-02	3.43e-01	5.14e-01	9.04e-02	5.73e-03	3.61e-04	2.23e-05	4.50e-07	0.00e+00	0.00e+00	0.00e+00	0.00e+00
 1.60118e+23	1.08e-15	1.28e-06	3.72e-04	4.28e-03	9.58e-03	3.64e-02	3.53e-01	5.06e-01	8.48e-02	5.20e-03	3.17e-04	1.90e-05	3.74e-07	0.00e+00	0.00e+00	0.00e+00	0.00e+00
 1.61717e+23	1.62e-15	1.60e-06	4.51e-04	5.00e-03	1.07e-02	3.99e-02	3.66e-01	4.95e-01	7.82e-02	4.59e-03	2.69e-04	1.57e-05	2.98e-07	0.00e+00	0.00e+00	0.00e+00	0.00e+00
 1.63391e+23	2.37e-15	1.97e-06	5.36e-04	5.74e-03	1.18e-02	4.35e-02	3.78e-01	4.84e-01	7.23e-02	4.08e-03	2.31e-04	1.30e-05	2.40e-07	0.00e+00	0.00e+00	0.00e+00	0.00e+00
 1.64901e+23	3.28e-15	2.38e-06	6.29e-04	6.53e-03	1.29e-02	4.69e-02	3.89e-01	4.73e-01	6.74e-02	3.67e-03	2.01e-04	1.10e-05	1.98e-07	0.00e+00	0.00e+00	0.00e+00	0.00e+00
 1.66605e+23	5.11e-15	3.05e-06	7.71e-04	7.68e-03	1.45e-02	5.14e-02	4.01e-01	4.59e-01	6.14e-02	3.20e-03	1.69e-04	8.94e-06	1.54e-07	0.00e+00	0.00e+00	0.00e+00	0.00e+00
 1.68367e+23	7.82e-15	3.77e-06	9.21e-04	8.84e-03	1.60e-02	5.58e-02	4.13e-01	4.46e-01	5.64e-02	2.83e-03	1.44e-04	7.39e-06	1.24e-07	0.00e+00	0.00e+00	0.00e+00	0.00e+00
 1.69940e+23	1.13e-14	4.62e-06	1.09e-03	1.01e-02	1.75e-02	6.01e-02	4.22e-01	4.34e-01	5.21e-02	2.52e-03	1.24e-04	6.19e-06	0.00e+00	0.00e+00	0.00e+00	0.00e+00	0.00e+00
 1.71719e+23	1.89e-14	5.97e-06	1.34e-03	1.19e-02	1.96e-02	6.59e-02	4.34e-01	4.18e-01	4.69e-02	2.17e-03	1.03e-04	4.92e-06	0.00e+00	0.00e+00	0.00e+00	0.00e+00	0.00e+00
 1.73557e+23	3.10e-14	7.44e-06	1.61e-03	1.37e-02	2.16e-02	7.11e-02	4.44e-01	4.03e-01	4.28e-02	1.91e-03	8.69e-05	4.04e-06	0.00e+00	0.00e+00	0.00e+00	0.00e+00	0.00e+00
 1.75473e+23	5.59e-14	9.79e-06	2.01e-03	1.63e-02	2.43e-02	7.81e-02	4.55e-01	3.85e-01	3.81e-02	1.62e-03	7.05e-05	3.16e-06	0.00e+00	0.00e+00	0.00e+00	0.00e+00	0.00e+00
 1.77422e+23	9.99e-14	1.23e-05	2.41e-03	1.88e-02	2.67e-02	8.42e-02	4.63e-01	3.69e-01	3.44e-02	1.41e-03	5.91e-05	2.56e-06	0.00e+00	0.00e+00	0.00e+00	0.00e+00	0.00e+00
 1.79147e+23	1.82e-13	1.53e-05	2.88e-03	2.15e-02	2.92e-02	9.03e-02	4.70e-01	3.54e-01	3.12e-02	1.23e-03	4.98e-05	2.09e-06	0.00e+00	0.00e+00	0.00e+00	0.00e+00	0.00e+00
 1.81120e+23	4.52e-13	2.03e-05	3.60e-03	2.55e-02	3.27e-02	9.85e-02	4.77e-01	3.34e-01	2.74e-02	1.03e-03	3.99e-05	1.61e-06	0.00e+00	0.00e+00	0.00e+00	0.00e+00	0.00e+00
 1.83125e+23	1.49e-12	2.55e-05	4.32e-03	2.93e-02	3.57e-02	1.06e-01	4.83e-01	3.17e-01	2.44e-02	8.87e-04	3.30e-05	1.29e-06	0.00e+00	0.00e+00	0.00e+00	0.00e+00	0.00e+00
 1.84902e+23	3.81e-12	3.19e-05	5.15e-03	3.34e-02	3.89e-02	1.13e-01	4.86e-01	3.01e-01	2.19e-02	7.68e-04	2.76e-05	1.04e-06	0.00e+00	0.00e+00	0.00e+00	0.00e+00	0.00e+00
 1.86942e+23	2.64e-11	4.24e-05	6.46e-03	3.96e-02	4.33e-02	1.22e-01	4.89e-01	2.80e-01	1.89e-02	6.34e-04	2.17e-05	7.88e-07	0.00e+00	0.00e+00	0.00e+00	0.00e+00	0.00e+00
 1.89006e+23	1.53e-10	5.33e-05	7.72e-03	4.52e-02	4.71e-02	1.30e-01	4.89e-01	2.63e-01	1.67e-02	5.41e-04	1.78e-05	6.26e-07	0.00e+00	0.00e+00	0.00e+00	0.00e+00	0.00e+00
 1.91103e+23	3.26e-10	7.08e-05	9.63e-03	5.32e-02	5.21e-02	1.39e-01	4.88e-01	2.43e-01	1.43e-02	4.44e-04	1.39e-05	4.70e-07	0.00e+00	0.00e+00	0.00e+00	0.00e+00	0.00e+00
 1.93243e+23	5.17e-10	8.96e-05	1.16e-02	6.08e-02	5.64e-02	1.48e-01	4.85e-01	2.26e-01	1.25e-02	3.74e-04	1.12e-05	3.67e-07	0.00e+00	0.00e+00	0.00e+00	0.00e+00	0.00e+00
 1.95148e+23	7.49e-10	1.12e-04	1.38e-02	6.91e-02	6.09e-02	1.56e-01	4.80e-01	2.09e-01	1.09e-02	3.15e-04	9.07e-06	2.88e-07	0.00e+00	0.00e+00	0.00e+00	0.00e+00	0.00e+00
 1.97333e+23	1.16e-09	1.50e-04	1.71e-02	8.08e-02	6.67e-02	1.65e-01	4.71e-01	1.89e-01	9.11e-03	2.53e-04	6.91e-06	2.10e-07	0.00e+00	0.00e+00	0.00e+00	0.00e+00	0.00e+00
 1.99555e+23	1.64e-09	1.89e-04	2.04e-02	9.14e-02	7.16e-02	1.73e-01	4.62e-01	1.73e-01	7.83e-03	2.10e-04	5.49e-06	1.62e-07	0.00e+00	0.00e+00	0.00e+00	0.00e+00	0.00e+00
 2.01825e+23	2.50e-09	2.52e-04	2.54e-02	1.06e-01	7.78e-02	1.82e-01	4.47e-01	1.54e-01	6.40e-03	1.65e-04	4.08e-06	0.00e+00	0.00e+00	0.00e+00	0.00e+00	0.00e+00	0.00e+00
 2.04117e+23	3.45e-09	3.15e-04	3.00e-02	1.19e-01	8.28e-02	1.89e-01	4.34e-01	1.39e-01	5.43e-03	1.36e-04	3.20e-06	0.00e+00	0.00e+00	0.00e+00	0.00e+00	0.00e+00	0.00e+00
 2.06110e+23	4.66e-09	3.91e-04	3.52e-02	1.33e-01	8.75e-02	1.94e-01	4.19e-01	1.26e-01	4.61e-03	1.12e-04	2.52e-06	0.00e+00	0.00e+00	0.00e+00	0.00e+00	0.00e+00	0.00e+00
 2.07976e+23	6.07e-09	4.71e-04	4.04e-02	1.46e-01	9.16e-02	1.99e-01	4.05e-01	1.14e-01	3.96e-03	9.36e-05	2.03e-06	0.00e+00	0.00e+00	0.00e+00	0.00e+00	0.00e+00	0.00e+00
 2.10003e+23	8.41e-09	5.96e-04	4.79e-02	1.63e-01	9.65e-02	2.03e-01	3.85e-01	1.00e-01	3.25e-03	7.44e-05	1.53e-06	0.00e+00	0.00e+00	0.00e+00	0.00e+00	0.00e+00	0.00e+00
 2.12045e+23	1.09e-08	7.17e-04	5.47e-02	1.78e-01	1.00e-01	2.06e-01	3.67e-01	9.01e-02	2.75e-03	6.14e-05	1.21e-06	0.00e+00	0.00e+00	0.00e+00	0.00e+00	0.00e+00	0.00e+00
 2.13822e+23	1.39e-08	8.54e-04	6.19e-02	1.92e-01	1.04e-01	2.08e-01	3.50e-01	8.08e-02	2.33e-03	5.10e-05	9.66e-07	0.00e+00	0.00e+00	0.00e+00	0.00e+00	0.00e+00	0.00e+00
 2.15846e+23	1.88e-08	1.06e-03	7.22e-02	2.11e-01	1.07e-01	2.09e-01	3.27e-01	6.98e-02	1.88e-03	3.99e-05	7.18e-07	0.00e+00	0.00e+00	0.00e+00	0.00e+00	0.00e+00	0.00e+00
 2.17916e+23	2.40e-08	1.27e-03	8.16e-02	2.27e-01	1.10e-01	2.09e-01	3.07e-01	6.14e-02	1.56e-03	3.24e-05	5.56e-07	0.00e+00	0.00e+00	0.00e+00	0.00e+00	0.00e+00	0.00e+00
 2.20044e+23	3.23e-08	1.57e-03	9.46e-02	2.47e-01	1.13e-01	2.08e-01	2.83e-01	5.20e-02	1.23e-03	2.49e-05	4.04e-07	0.00e+00	0.00e+00	0.00e+00	0.00e+00	0.00e+00	0.00e+00
 2.22194e+23	4.11e-08	1.86e-03	1.06e-01	2.64e-01	1.15e-01	2.05e-01	2.62e-01	4.51e-02	1.01e-03	1.99e-05	3.08e-07	0.00e+00	0.00e+00	0.00e+00	0.00e+00	0.00e+00	0.00e+00
 2.24089e+23	5.15e-08	2.19e-03	1.18e-01	2.79e-01	1.16e-01	2.02e-01	2.43e-01	3.91e-02	8.26e-04	1.59e-05	2.36e-07	0.00e+00	0.00e+00	0.00e+00	0.00e+00	0.00e+00	0.00e+00
 2.26268e+23	6.85e-08	2.67e-03	1.35e-01	2.99e-01	1.17e-01	1.96e-01	2.18e-01	3.23e-02	6.34e-04	1.19e-05	1.66e-07	0.00e+00	0.00e+00	0.00e+00	0.00e+00	0.00e+00	0.00e+00
 2.28281e+23	8.24e-08	3.04e-03	1.46e-01	3.11e-01	1.17e-01	1.92e-01	2.02e-01	2.82e-02	5.29e-04	9.79e-06	1.31e-07	0.00e+00	0.00e+00	0.00e+00	0.00e+00	0.00e+00	0.00e+00
 2.30081e+23	1.02e-07	3.54e-03	1.61e-01	3.25e-01	1.16e-01	1.86e-01	1.84e-01	2.40e-02	4.24e-04	7.69e-06	0.00e+00	0.00e+00	0.00e+00	0.00e+00	0.00e+00	0.00e+00	0.00e+00
 2.31931e+23	1.23e-07	4.02e-03	1.74e-01	3.36e-01	1.16e-01	1.80e-01	1.69e-01	2.07e-02	3.49e-04	6.21e-06	0.00e+00	0.00e+00	0.00e+00	0.00e+00	0.00e+00	0.00e+00	0.00e+00
 2.33582e+23	1.46e-07	4.53e-03	1.88e-01	3.46e-01	1.15e-01	1.74e-01	1.55e-01	1.79e-02	2.89e-04	5.06e-06	0.00e+00	0.00e+00	0.00e+00	0.00e+00	0.00e+00	0.00e+00	0.00e+00
 2.35463e+23	1.81e-07	5.24e-03	2.05e-01	3.58e-01	1.13e-01	1.66e-01	1.38e-01	1.49e-02	2.26e-04	3.89e-06	0.00e+00	0.00e+00	0.00e+00	0.00e+00	0.00e+00	0.00e+00	0.00e+00
 2.37375e+23	2.15e-07	5.90e-03	2.19e-01	3.66e-01	1.11e-01	1.59e-01	1.25e-01	1.27e-02	1.84e-04	3.11e-06	0.00e+00	0.00e+00	0.00e+00	0.00e+00	0.00e+00	0.00e+00	0.00e+00
 2.39062e+23	2.54e-07	6.60e-03	2.34e-01	3.74e-01	1.09e-01	1.52e-01	1.14e-01	1.08e-02	1.50e-04	2.49e-06	0.00e+00	0.00e+00	0.00e+00	0.00e+00	0.00e+00	0.00e+00	0.00e+00
 2.40990e+23	3.12e-07	7.57e-03	2.53e-01	3.81e-01	1.06e-01	1.43e-01	1.00e-01	8.86e-03	1.16e-04	1.89e-06	0.00e+00	0.00e+00	0.00e+00	0.00e+00	0.00e+00	0.00e+00	0.00e+00
 2.42946e+23	3.69e-07	8.47e-03	2.69e-01	3.87e-01	1.03e-01	1.35e-01	8.97e-02	7.45e-03	9.26e-05	1.49e-06	0.00e+00	0.00e+00	0.00e+00	0.00e+00	0.00e+00	0.00e+00	0.00e+00
 2.44665e+23	4.33e-07	9.41e-03	2.85e-01	3.90e-01	1.01e-01	1.28e-01	8.05e-02	6.29e-03	7.46e-05	1.18e-06	0.00e+00	0.00e+00	0.00e+00	0.00e+00	0.00e+00	0.00e+00	0.00e+00
 2.46625e+23	5.25e-07	1.07e-02	3.05e-01	3.94e-01	9.68e-02	1.19e-01	7.00e-02	5.06e-03	5.68e-05	8.80e-07	0.00e+00	0.00e+00	0.00e+00	0.00e+00	0.00e+00	0.00e+00	0.00e+00
 2.48620e+23	6.17e-07	1.19e-02	3.21e-01	3.96e-01	9.35e-02	1.12e-01	6.20e-02	4.20e-03	4.50e-05	6.86e-07	0.00e+00	0.00e+00	0.00e+00	0.00e+00	0.00e+00	0.00e+00	0.00e+00
 2.50388e+23	7.21e-07	1.31e-02	3.38e-01	3.96e-01	9.02e-02	1.04e-01	5.50e-02	3.50e-03	3.58e-05	5.37e-07	0.00e+00	0.00e+00	0.00e+00	0.00e+00	0.00e+00	0.00e+00	0.00e+00
 2.52417e+23	8.71e-07	1.48e-02	3.58e-01	3.95e-01	8.60e-02	9.58e-02	4.72e-02	2.77e-03	2.68e-05	3.94e-07	0.00e+00	0.00e+00	0.00e+00	0.00e+00	0.00e+00	0.00e+00	0.00e+00
 2.54480e+23	1.02e-06	1.64e-02	3.76e-01	3.93e-01	8.23e-02	8.88e-02	4.13e-02	2.27e-03	2.10e-05	3.03e-07	0.00e+00	0.00e+00	0.00e+00	0.00e+00	0.00e+00	0.00e+00	0.00e+00
 2.56587e+23	1.23e-06	1.85e-02	3.97e-01	3.89e-01	7.79e-02	8.06e-02	3.50e-02	1.77e-03	1.55e-05	2.18e-07	0.00e+00	0.00e+00	0.00e+00	0.00e+00	0.00e+00	0.00e+00	0.00e+00
 2.58719e+23	1.44e-06	2.03e-02	4.14e-01	3.85e-01	7.41e-02	7.41e-02	3.04e-02	1.43e-03	1.20e-05	1.65e-07	0.00e+00	0.00e+00	0.00e+00	0.00e+00	0.00e+00	0.00e+00	0.00e+00
 2.60883e+23	1.74e-06	2.29e-02	4.36e-01	3.79e-01	6.96e-02	6.66e-02	2.55e-02	1.10e-03	8.71e-06	0.00e+00	0.00e+00	0.00e+00	0.00e+00	0.00e+00	0.00e+00	0.00e+00	0.00e+00
 2.63087e+23	2.03e-06	2.51e-02	4.53e-01	3.72e-01	6.59e-02	6.07e-02	2.20e-02	8.82e-04	6.67e-06	0.00e+00	0.00e+00	0.00e+00	0.00e+00	0.00e+00	0.00e+00	0.00e+00	0.00e+00
 2.65341e+23	2.45e-06	2.82e-02	4.74e-01	3.63e-01	6.14e-02	5.40e-02	1.82e-02	6.67e-04	4.78e-06	0.00e+00	0.00e+00	0.00e+00	0.00e+00	0.00e+00	0.00e+00	0.00e+00	0.00e+00
 2.67629e+23	2.87e-06	3.10e-02	4.91e-01	3.55e-01	5.78e-02	4.88e-02	1.55e-02	5.27e-04	3.61e-06	0.00e+00	0.00e+00	0.00e+00	0.00e+00	0.00e+00	0.00e+00	0.00e+00	0.00e+00
 2.69650e+23	3.32e-06	3.39e-02	5.08e-01	3.46e-01	5.44e-02	4.41e-02	1.33e-02	4.20e-04	2.76e-06	0.00e+00	0.00e+00	0.00e+00	0.00e+00	0.00e+00	0.00e+00	0.00e+00	0.00e+00
 2.71969e+23	4.01e-06	3.79e-02	5.28e-01	3.34e-01	5.02e-02	3.87e-02	1.08e-02	3.12e-04	1.95e-06	0.00e+00	0.00e+00	0.00e+00	0.00e+00	0.00e+00	0.00e+00	0.00e+00	0.00e+00
 2.73997e+23	4.44e-06	4.02e-02	5.39e-01	3.27e-01	4.80e-02	3.59e-02	9.69e-03	2.64e-04	1.60e-06	0.00e+00	0.00e+00	0.00e+00	0.00e+00	0.00e+00	0.00e+00	0.00e+00	0.00e+00
 2.75649e+23	5.07e-06	4.34e-02	5.53e-01	3.17e-01	4.52e-02	3.25e-02	8.36e-03	2.13e-04	1.25e-06	0.00e+00	0.00e+00	0.00e+00	0.00e+00	0.00e+00	0.00e+00	0.00e+00	0.00e+00
 2.77350e+23	5.63e-06	4.62e-02	5.64e-01	3.10e-01	4.30e-02	3.00e-02	7.41e-03	1.79e-04	1.02e-06	0.00e+00	0.00e+00	0.00e+00	0.00e+00	0.00e+00	0.00e+00	0.00e+00	0.00e+00
 2.79115e+23	6.41e-06	4.98e-02	5.77e-01	2.99e-01	4.04e-02	2.70e-02	6.36e-03	1.43e-04	7.89e-07	0.00e+00	0.00e+00	0.00e+00	0.00e+00	0.00e+00	0.00e+00	0.00e+00	0.00e+00
 2.80923e+23	7.19e-06	5.32e-02	5.88e-01	2.90e-01	3.82e-02	2.46e-02	5.56e-03	1.18e-04	6.31e-07	0.00e+00	0.00e+00	0.00e+00	0.00e+00	0.00e+00	0.00e+00	0.00e+00	0.00e+00
 2.82531e+23	8.02e-06	5.66e-02	5.99e-01	2.81e-01	3.61e-02	2.25e-02	4.89e-03	9.78e-05	5.09e-07	0.00e+00	0.00e+00	0.00e+00	0.00e+00	0.00e+00	0.00e+00	0.00e+00	0.00e+00
 2.84364e+23	9.15e-06	6.10e-02	6.11e-01	2.70e-01	3.37e-02	2.01e-02	4.16e-03	7.74e-05	3.90e-07	0.00e+00	0.00e+00	0.00e+00	0.00e+00	0.00e+00	0.00e+00	0.00e+00	0.00e+00
 2.86235e+23	1.03e-05	6.50e-02	6.21e-01	2.60e-01	3.18e-02	1.82e-02	3.62e-03	6.34e-05	3.10e-07	0.00e+00	0.00e+00	0.00e+00	0.00e+00	0.00e+00	0.00e+00	0.00e+00	0.00e+00
 2.87906e+23	1.14e-05	6.91e-02	6.30e-01	2.51e-01	2.99e-02	1.65e-02	3.16e-03	5.21e-05	2.48e-07	0.00e+00	0.00e+00	0.00e+00	0.00e+00	0.00e+00	0.00e+00	0.00e+00	0.00e+00
 2.89827e+23	1.31e-05	7.46e-02	6.42e-01	2.39e-01	2.77e-02	1.46e-02	2.65e-03	4.05e-05	1.87e-07	0.00e+00	0.00e+00	0.00e+00	0.00e+00	0.00e+00	0.00e+00	0.00e+00	0.00e+00
 2.91764e+23	1.47e-05	7.94e-02	6.50e-01	2.29e-01	2.60e-02	1.31e-02	2.30e-03	3.30e-05	1.48e-07	0.00e+00	0.00e+00	0.00e+00	0.00e+00	0.00e+00	0.00e+00	0.00e+00	0.00e+00
 2.93723e+23	1.68e-05	8.54e-02	6.61e-01	2.16e-01	2.41e-02	1.15e-02	1.93e-03	2.56e-05	0.00e+00	0.00e+00	0.00e+00	0.00e+00	0.00e+00	0.00e+00	0.00e+00	0.00e+00	0.00e+00
 2.95724e+23	1.89e-05	9.10e-02	6.69e-01	2.06e-01	2.24e-02	1.03e-02	1.65e-03	2.06e-05	0.00e+00	0.00e+00	0.00e+00	0.00e+00	0.00e+00	0.00e+00	0.00e+00	0.00e+00	0.00e+00
 2.97498e+23	2.11e-05	9.66e-02	6.76e-01	1.96e-01	2.10e-02	9.22e-03	1.43e-03	1.67e-05	0.00e+00	0.00e+00	0.00e+00	0.00e+00	0.00e+00	0.00e+00	0.00e+00	0.00e+00	0.00e+00
 2.99523e+23	2.42e-05	1.04e-01	6.84e-01	1.84e-01	1.93e-02	8.01e-03	1.18e-03	1.28e-05	0.00e+00	0.00e+00	0.00e+00	0.00e+00	0.00e+00	0.00e+00	0.00e+00	0.00e+00	0.00e+00
 3.01587e+23	2.72e-05	1.11e-01	6.90e-01	1.73e-01	1.79e-02	7.08e-03	1.01e-03	1.02e-05	0.00e+00	0.00e+00	0.00e+00	0.00e+00	0.00e+00	0.00e+00	0.00e+00	0.00e+00	0.00e+00
 3.03393e+23	3.04e-05	1.17e-01	6.96e-01	1.63e-01	1.67e-02	6.30e-03	8.64e-04	8.19e-06	0.00e+00	0.00e+00	0.00e+00	0.00e+00	0.00e+00	0.00e+00	0.00e+00	0.00e+00	0.00e+00
 3.05432e+23	3.49e-05	1.26e-01	7.02e-01	1.51e-01	1.52e-02	5.41e-03	7.09e-04	6.21e-06	0.00e+00	0.00e+00	0.00e+00	0.00e+00	0.00e+00	0.00e+00	0.00e+00	0.00e+00	0.00e+00
 3.07469e+23	3.91e-05	1.34e-01	7.06e-01	1.41e-01	1.41e-02	4.77e-03	6.04e-04	4.96e-06	0.00e+00	0.00e+00	0.00e+00	0.00e+00	0.00e+00	0.00e+00	0.00e+00	0.00e+00	0.00e+00
 3.08461e+23	4.03e-05	1.36e-01	7.08e-01	1.37e-01	1.39e-02	4.63e-03	5.83e-04	4.74e-06	0.00e+00	0.00e+00	0.00e+00	0.00e+00	0.00e+00	0.00e+00	0.00e+00	0.00e+00	0.00e+00
