#depth	N	N+	N+2	N+3	N+4	N+5	N+6	N+7
 1.54284e+22	1.33e-18	1.46e-13	4.41e-10	1.32e-07	1.12e-05	6.63e-03	1.63e-01	8.31e-01
 3.44762e+22	1.73e-17	1.34e-12	2.81e-09	5.64e-07	3.09e-05	1.25e-02	2.15e-01	7.73e-01
 3.99054e+22	5.03e-17	3.35e-12	6.08e-09	1.04e-06	4.77e-05	1.64e-02	2.41e-01	7.43e-01
 4.26200e+22	8.29e-17	5.16e-12	8.74e-09	1.39e-06	5.86e-05	1.86e-02	2.54e-01	7.27e-01
 4.38447e+22	9.88e-17	6.00e-12	9.93e-09	1.53e-06	6.30e-05	1.95e-02	2.59e-01	7.22e-01
 4.45805e+22	1.23e-16	7.23e-12	1.16e-08	1.74e-06	6.89e-05	2.06e-02	2.65e-01	7.15e-01
 4.54002e+22	1.50e-16	8.59e-12	1.34e-08	1.95e-06	7.48e-05	2.17e-02	2.70e-01	7.08e-01
 4.63288e+22	1.95e-16	1.08e-11	1.63e-08	2.27e-06	8.35e-05	2.32e-02	2.78e-01	6.99e-01
 4.72831e+22	2.44e-16	1.31e-11	1.91e-08	2.59e-06	9.16e-05	2.45e-02	2.84e-01	6.91e-01
 4.82709e+22	3.19e-16	1.65e-11	2.33e-08	3.02e-06	1.02e-04	2.63e-02	2.92e-01	6.82e-01
 4.92794e+22	4.00e-16	2.01e-11	2.74e-08	3.44e-06	1.12e-04	2.78e-02	2.98e-01	6.74e-01
 5.01771e+22	4.93e-16	2.40e-11	3.19e-08	3.89e-06	1.23e-04	2.93e-02	3.05e-01	6.66e-01
 5.12063e+22	6.58e-16	3.08e-11	3.94e-08	4.59e-06	1.38e-04	3.16e-02	3.13e-01	6.55e-01
 5.22454e+22	8.12e-16	3.70e-11	4.59e-08	5.19e-06	1.51e-04	3.33e-02	3.20e-01	6.47e-01
 5.32975e+22	1.08e-15	4.75e-11	5.67e-08	6.14e-06	1.70e-04	3.58e-02	3.29e-01	6.35e-01
 5.43661e+22	1.35e-15	5.72e-11	6.63e-08	6.96e-06	1.86e-04	3.78e-02	3.35e-01	6.27e-01
 5.54561e+22	1.82e-15	7.42e-11	8.26e-08	8.29e-06	2.11e-04	4.08e-02	3.45e-01	6.14e-01
 5.65556e+22	2.28e-15	9.02e-11	9.73e-08	9.45e-06	2.31e-04	4.32e-02	3.52e-01	6.05e-01
 5.76674e+22	3.08e-15	1.17e-10	1.21e-07	1.13e-05	2.62e-04	4.65e-02	3.61e-01	5.92e-01
 5.87228e+22	3.76e-15	1.39e-10	1.40e-07	1.27e-05	2.85e-04	4.89e-02	3.68e-01	5.83e-01
 5.97046e+22	4.91e-15	1.75e-10	1.71e-07	1.48e-05	3.19e-04	5.23e-02	3.76e-01	5.71e-01
 6.07020e+22	6.03e-15	2.09e-10	1.98e-07	1.67e-05	3.48e-04	5.50e-02	3.83e-01	5.62e-01
 6.17197e+22	7.97e-15	2.67e-10	2.43e-07	1.97e-05	3.91e-04	5.90e-02	3.91e-01	5.49e-01
 6.27479e+22	9.86e-15	3.21e-10	2.85e-07	2.23e-05	4.27e-04	6.22e-02	3.98e-01	5.39e-01
 6.37901e+22	1.31e-14	4.11e-10	3.51e-07	2.65e-05	4.83e-04	6.68e-02	4.07e-01	5.26e-01
 6.48461e+22	1.63e-14	4.96e-10	4.13e-07	3.01e-05	5.29e-04	7.05e-02	4.14e-01	5.15e-01
 6.59202e+22	2.18e-14	6.39e-10	5.11e-07	3.59e-05	5.99e-04	7.57e-02	4.23e-01	5.01e-01
 6.70146e+22	2.74e-14	7.81e-10	6.07e-07	4.12e-05	6.62e-04	8.02e-02	4.30e-01	4.89e-01
 6.81355e+22	3.70e-14	1.01e-09	7.59e-07	4.95e-05	7.54e-04	8.65e-02	4.39e-01	4.74e-01
 6.92789e+22	4.69e-14	1.25e-09	9.08e-07	5.73e-05	8.38e-04	9.18e-02	4.46e-01	4.61e-01
 7.04515e+22	6.38e-14	1.63e-09	1.15e-06	6.93e-05	9.61e-04	9.92e-02	4.55e-01	4.44e-01
 7.16364e+22	8.11e-14	2.02e-09	1.37e-06	8.06e-05	1.07e-03	1.05e-01	4.62e-01	4.31e-01
 7.26359e+22	1.01e-13	2.44e-09	1.62e-06	9.24e-05	1.18e-03	1.11e-01	4.68e-01	4.19e-01
 7.37222e+22	1.32e-13	3.10e-09	2.00e-06	1.10e-04	1.34e-03	1.19e-01	4.76e-01	4.03e-01
 7.48145e+22	1.64e-13	3.75e-09	2.36e-06	1.26e-04	1.48e-03	1.26e-01	4.81e-01	3.91e-01
 7.58805e+22	2.11e-13	4.68e-09	2.87e-06	1.49e-04	1.67e-03	1.35e-01	4.87e-01	3.76e-01
 7.69683e+22	2.61e-13	5.66e-09	3.40e-06	1.72e-04	1.85e-03	1.43e-01	4.92e-01	3.63e-01
 7.80354e+22	3.29e-13	6.97e-09	4.09e-06	2.02e-04	2.08e-03	1.52e-01	4.97e-01	3.48e-01
 7.91247e+22	4.07e-13	8.43e-09	4.84e-06	2.34e-04	2.32e-03	1.61e-01	5.02e-01	3.35e-01
 8.02000e+22	5.04e-13	1.02e-08	5.76e-06	2.72e-04	2.59e-03	1.70e-01	5.06e-01	3.21e-01
 8.12832e+22	6.17e-13	1.23e-08	6.80e-06	3.14e-04	2.88e-03	1.80e-01	5.09e-01	3.08e-01
 8.23534e+22	7.51e-13	1.47e-08	8.00e-06	3.62e-04	3.20e-03	1.90e-01	5.11e-01	2.95e-01
 8.34219e+22	9.08e-13	1.74e-08	9.37e-06	4.17e-04	3.55e-03	2.01e-01	5.13e-01	2.82e-01
 8.44918e+22	1.09e-12	2.06e-08	1.09e-05	4.79e-04	3.94e-03	2.11e-01	5.15e-01	2.69e-01
 8.55654e+22	1.30e-12	2.43e-08	1.27e-05	5.49e-04	4.36e-03	2.22e-01	5.16e-01	2.57e-01
 8.66446e+22	1.54e-12	2.84e-08	1.48e-05	6.28e-04	4.83e-03	2.34e-01	5.16e-01	2.45e-01
 8.77333e+22	1.82e-12	3.32e-08	1.71e-05	7.18e-04	5.34e-03	2.46e-01	5.16e-01	2.33e-01
 8.88340e+22	2.14e-12	3.86e-08	1.97e-05	8.19e-04	5.89e-03	2.58e-01	5.14e-01	2.21e-01
 8.99408e+22	2.50e-12	4.47e-08	2.27e-05	9.31e-04	6.50e-03	2.70e-01	5.13e-01	2.10e-01
 9.10652e+22	2.92e-12	5.18e-08	2.61e-05	1.06e-03	7.17e-03	2.83e-01	5.10e-01	1.99e-01
 9.22019e+22	3.38e-12	5.95e-08	2.99e-05	1.20e-03	7.89e-03	2.95e-01	5.07e-01	1.88e-01
 9.33611e+22	3.92e-12	6.86e-08	3.43e-05	1.37e-03	8.71e-03	3.09e-01	5.04e-01	1.77e-01
 9.45409e+22	4.58e-12	7.85e-08	3.92e-05	1.55e-03	9.57e-03	3.22e-01	4.99e-01	1.67e-01
 9.56225e+22	5.14e-12	8.77e-08	4.37e-05	1.71e-03	1.04e-02	3.34e-01	4.95e-01	1.59e-01
 9.67513e+22	5.92e-12	1.01e-07	5.00e-05	1.95e-03	1.14e-02	3.48e-01	4.89e-01	1.49e-01
 9.78997e+22	6.63e-12	1.12e-07	5.57e-05	2.15e-03	1.24e-02	3.60e-01	4.84e-01	1.41e-01
 9.90854e+22	7.63e-12	1.29e-07	6.39e-05	2.45e-03	1.36e-02	3.75e-01	4.77e-01	1.32e-01
 1.00273e+23	8.49e-12	1.43e-07	7.08e-05	2.70e-03	1.47e-02	3.87e-01	4.71e-01	1.25e-01
 1.01463e+23	9.67e-12	1.62e-07	8.07e-05	3.05e-03	1.62e-02	4.02e-01	4.63e-01	1.16e-01
 1.02658e+23	1.07e-11	1.80e-07	8.92e-05	3.34e-03	1.74e-02	4.13e-01	4.56e-01	1.09e-01
 1.03860e+23	1.22e-11	2.03e-07	1.01e-04	3.76e-03	1.90e-02	4.28e-01	4.47e-01	1.02e-01
 1.05075e+23	1.34e-11	2.25e-07	1.12e-04	4.12e-03	2.04e-02	4.40e-01	4.40e-01	9.58e-02
 1.06307e+23	1.52e-11	2.54e-07	1.27e-04	4.63e-03	2.24e-02	4.54e-01	4.30e-01	8.86e-02
 1.07556e+23	1.68e-11	2.80e-07	1.40e-04	5.06e-03	2.40e-02	4.66e-01	4.22e-01	8.33e-02
 1.08827e+23	1.90e-11	3.16e-07	1.58e-04	5.67e-03	2.62e-02	4.80e-01	4.11e-01	7.67e-02
 1.10121e+23	2.10e-11	3.50e-07	1.75e-04	6.20e-03	2.80e-02	4.91e-01	4.02e-01	7.18e-02
 1.11447e+23	2.37e-11	3.96e-07	1.98e-04	6.95e-03	3.06e-02	5.06e-01	3.91e-01	6.58e-02
 1.12804e+23	2.63e-11	4.38e-07	2.20e-04	7.60e-03	3.28e-02	5.17e-01	3.81e-01	6.14e-02
 1.14202e+23	2.98e-11	4.98e-07	2.50e-04	8.53e-03	3.58e-02	5.31e-01	3.69e-01	5.59e-02
 1.15625e+23	3.32e-11	5.54e-07	2.78e-04	9.33e-03	3.83e-02	5.41e-01	3.59e-01	5.19e-02
 1.16825e+23	3.64e-11	6.07e-07	3.05e-04	1.01e-02	4.07e-02	5.51e-01	3.50e-01	4.85e-02
 1.18128e+23	4.08e-11	6.82e-07	3.43e-04	1.12e-02	4.40e-02	5.62e-01	3.38e-01	4.44e-02
 1.19392e+23	4.46e-11	7.43e-07	3.74e-04	1.20e-02	4.64e-02	5.70e-01	3.29e-01	4.16e-02
 1.20608e+23	4.93e-11	8.25e-07	4.17e-04	1.31e-02	4.98e-02	5.80e-01	3.18e-01	3.82e-02
 1.21836e+23	5.42e-11	9.04e-07	4.55e-04	1.41e-02	5.24e-02	5.87e-01	3.10e-01	3.58e-02
 1.23080e+23	6.04e-11	1.01e-06	5.07e-04	1.54e-02	5.61e-02	5.96e-01	2.99e-01	3.28e-02
 1.24344e+23	6.65e-11	1.11e-06	5.55e-04	1.65e-02	5.90e-02	6.03e-01	2.90e-01	3.07e-02
 1.25632e+23	7.43e-11	1.24e-06	6.21e-04	1.81e-02	6.31e-02	6.11e-01	2.79e-01	2.80e-02
 1.26938e+23	8.22e-11	1.36e-06	6.81e-04	1.94e-02	6.64e-02	6.17e-01	2.71e-01	2.60e-02
 1.28269e+23	9.22e-11	1.53e-06	7.64e-04	2.13e-02	7.10e-02	6.24e-01	2.59e-01	2.36e-02
 1.29625e+23	1.03e-10	1.69e-06	8.41e-04	2.28e-02	7.46e-02	6.29e-01	2.51e-01	2.19e-02
 1.31015e+23	1.16e-10	1.91e-06	9.48e-04	2.50e-02	7.98e-02	6.35e-01	2.39e-01	1.98e-02
 1.32433e+23	1.29e-10	2.12e-06	1.05e-03	2.69e-02	8.40e-02	6.39e-01	2.30e-01	1.83e-02
 1.33890e+23	1.48e-10	2.41e-06	1.19e-03	2.95e-02	8.97e-02	6.44e-01	2.19e-01	1.64e-02
 1.35387e+23	1.66e-10	2.69e-06	1.32e-03	3.18e-02	9.44e-02	6.47e-01	2.10e-01	1.50e-02
 1.36938e+23	1.92e-10	3.10e-06	1.51e-03	3.50e-02	1.01e-01	6.51e-01	1.99e-01	1.34e-02
 1.38502e+23	2.18e-10	3.48e-06	1.68e-03	3.78e-02	1.06e-01	6.52e-01	1.90e-01	1.22e-02
 1.40085e+23	2.52e-10	4.01e-06	1.92e-03	4.15e-02	1.13e-01	6.54e-01	1.79e-01	1.08e-02
 1.41684e+23	2.88e-10	4.52e-06	2.14e-03	4.47e-02	1.19e-01	6.54e-01	1.71e-01	9.85e-03
 1.43306e+23	3.35e-10	5.23e-06	2.45e-03	4.91e-02	1.26e-01	6.53e-01	1.60e-01	8.68e-03
 1.44958e+23	3.85e-10	5.93e-06	2.74e-03	5.29e-02	1.32e-01	6.52e-01	1.52e-01	7.86e-03
 1.46420e+23	4.38e-10	6.68e-06	3.06e-03	5.69e-02	1.39e-01	6.50e-01	1.44e-01	7.10e-03
 1.48091e+23	5.19e-10	7.80e-06	3.52e-03	6.24e-02	1.47e-01	6.46e-01	1.35e-01	6.23e-03
 1.49794e+23	5.92e-10	8.83e-06	3.94e-03	6.72e-02	1.54e-01	6.42e-01	1.27e-01	5.58e-03
 1.51175e+23	6.70e-10	9.86e-06	4.34e-03	7.15e-02	1.59e-01	6.38e-01	1.21e-01	5.09e-03
 1.52607e+23	7.76e-10	1.12e-05	4.87e-03	7.69e-02	1.66e-01	6.33e-01	1.14e-01	4.56e-03
 1.54114e+23	8.83e-10	1.26e-05	5.39e-03	8.21e-02	1.73e-01	6.28e-01	1.08e-01	4.12e-03
 1.55496e+23	1.00e-09	1.42e-05	5.95e-03	8.73e-02	1.79e-01	6.22e-01	1.02e-01	3.73e-03
 1.57072e+23	1.18e-09	1.64e-05	6.75e-03	9.44e-02	1.87e-01	6.13e-01	9.53e-02	3.29e-03
 1.58693e+23	1.36e-09	1.86e-05	7.52e-03	1.01e-01	1.94e-01	6.05e-01	8.93e-02	2.93e-03
 1.60118e+23	1.55e-09	2.09e-05	8.31e-03	1.07e-01	2.00e-01	5.97e-01	8.42e-02	2.64e-03
 1.61717e+23	1.84e-09	2.42e-05	9.41e-03	1.16e-01	2.08e-01	5.87e-01	7.80e-02	2.31e-03
 1.63391e+23	2.13e-09	2.76e-05	1.05e-02	1.23e-01	2.15e-01	5.76e-01	7.26e-02	2.04e-03
 1.64901e+23	2.46e-09	3.12e-05	1.17e-02	1.31e-01	2.22e-01	5.66e-01	6.80e-02	1.82e-03
 1.66605e+23	2.95e-09	3.65e-05	1.33e-02	1.41e-01	2.30e-01	5.52e-01	6.24e-02	1.57e-03
 1.68367e+23	3.46e-09	4.19e-05	1.48e-02	1.51e-01	2.37e-01	5.39e-01	5.76e-02	1.38e-03
 1.69940e+23	4.02e-09	4.76e-05	1.65e-02	1.60e-01	2.43e-01	5.26e-01	5.35e-02	1.21e-03
 1.71719e+23	4.87e-09	5.60e-05	1.88e-02	1.72e-01	2.51e-01	5.09e-01	4.85e-02	1.03e-03
 1.73557e+23	5.74e-09	6.44e-05	2.10e-02	1.83e-01	2.57e-01	4.94e-01	4.45e-02	8.96e-04
 1.75473e+23	7.07e-09	7.67e-05	2.41e-02	1.97e-01	2.64e-01	4.74e-01	3.98e-02	7.49e-04
 1.77422e+23	8.41e-09	8.86e-05	2.70e-02	2.09e-01	2.70e-01	4.57e-01	3.62e-02	6.43e-04
 1.79147e+23	9.94e-09	1.02e-04	3.01e-02	2.21e-01	2.75e-01	4.40e-01	3.29e-02	5.53e-04
 1.81120e+23	1.23e-08	1.22e-04	3.44e-02	2.37e-01	2.80e-01	4.19e-01	2.91e-02	4.55e-04
 1.83125e+23	1.47e-08	1.41e-04	3.85e-02	2.50e-01	2.84e-01	4.00e-01	2.62e-02	3.85e-04
 1.84902e+23	1.75e-08	1.62e-04	4.27e-02	2.64e-01	2.87e-01	3.82e-01	2.36e-02	3.28e-04
 1.86942e+23	2.20e-08	1.94e-04	4.88e-02	2.81e-01	2.90e-01	3.59e-01	2.05e-02	2.65e-04
 1.89006e+23	2.62e-08	2.25e-04	5.43e-02	2.95e-01	2.92e-01	3.40e-01	1.82e-02	2.21e-04
 1.91103e+23	3.31e-08	2.70e-04	6.18e-02	3.13e-01	2.93e-01	3.17e-01	1.57e-02	1.77e-04
 1.93243e+23	4.00e-08	3.13e-04	6.87e-02	3.27e-01	2.92e-01	2.98e-01	1.38e-02	1.46e-04
 1.95148e+23	4.82e-08	3.63e-04	7.60e-02	3.41e-01	2.91e-01	2.79e-01	1.21e-02	1.20e-04
 1.97333e+23	6.13e-08	4.37e-04	8.63e-02	3.59e-01	2.89e-01	2.56e-01	1.03e-02	9.37e-05
 1.99555e+23	7.45e-08	5.08e-04	9.54e-02	3.73e-01	2.85e-01	2.37e-01	8.89e-03	7.60e-05
 2.01825e+23	9.56e-08	6.14e-04	1.08e-01	3.89e-01	2.80e-01	2.15e-01	7.37e-03	5.79e-05
 2.04117e+23	1.16e-07	7.12e-04	1.19e-01	4.02e-01	2.75e-01	1.97e-01	6.32e-03	4.64e-05
 2.06110e+23	1.41e-07	8.21e-04	1.30e-01	4.13e-01	2.69e-01	1.82e-01	5.43e-03	3.73e-05
 2.07976e+23	1.67e-07	9.32e-04	1.41e-01	4.23e-01	2.63e-01	1.68e-01	4.73e-03	3.06e-05
 2.10003e+23	2.08e-07	1.09e-03	1.55e-01	4.34e-01	2.55e-01	1.52e-01	3.95e-03	2.37e-05
 2.12045e+23	2.47e-07	1.24e-03	1.67e-01	4.42e-01	2.48e-01	1.39e-01	3.40e-03	1.92e-05
 2.13822e+23	2.92e-07	1.40e-03	1.79e-01	4.49e-01	2.40e-01	1.28e-01	2.93e-03	1.56e-05
 2.15846e+23	3.62e-07	1.64e-03	1.96e-01	4.56e-01	2.30e-01	1.14e-01	2.42e-03	1.19e-05
 2.17916e+23	4.32e-07	1.86e-03	2.10e-01	4.61e-01	2.22e-01	1.03e-01	2.05e-03	9.48e-06
 2.20044e+23	5.39e-07	2.17e-03	2.29e-01	4.66e-01	2.10e-01	9.13e-02	1.67e-03	7.12e-06
 2.22194e+23	6.44e-07	2.46e-03	2.45e-01	4.68e-01	2.01e-01	8.21e-02	1.40e-03	5.60e-06
 2.24089e+23	7.66e-07	2.78e-03	2.61e-01	4.70e-01	1.92e-01	7.39e-02	1.18e-03	4.41e-06
 2.26268e+23	9.58e-07	3.24e-03	2.82e-01	4.70e-01	1.80e-01	6.43e-02	9.40e-04	3.23e-06
 2.28281e+23	1.11e-06	3.58e-03	2.96e-01	4.69e-01	1.72e-01	5.85e-02	8.06e-04	2.62e-06
 2.30081e+23	1.32e-06	4.04e-03	3.14e-01	4.67e-01	1.62e-01	5.20e-02	6.68e-04	2.03e-06
 2.31931e+23	1.54e-06	4.47e-03	3.29e-01	4.65e-01	1.54e-01	4.69e-02	5.66e-04	1.62e-06
 2.33582e+23	1.77e-06	4.92e-03	3.44e-01	4.62e-01	1.47e-01	4.24e-02	4.83e-04	1.31e-06
 2.35463e+23	2.12e-06	5.55e-03	3.63e-01	4.56e-01	1.37e-01	3.73e-02	3.94e-04	9.92e-07
 2.37375e+23	2.46e-06	6.13e-03	3.79e-01	4.51e-01	1.29e-01	3.34e-02	3.31e-04	7.84e-07
 2.39062e+23	2.84e-06	6.74e-03	3.95e-01	4.46e-01	1.22e-01	3.00e-02	2.79e-04	6.22e-07
 2.40990e+23	3.40e-06	7.59e-03	4.15e-01	4.38e-01	1.13e-01	2.61e-02	2.25e-04	4.66e-07
 2.42946e+23	3.95e-06	8.37e-03	4.32e-01	4.30e-01	1.06e-01	2.32e-02	1.87e-04	3.64e-07
 2.44665e+23	4.56e-06	9.19e-03	4.48e-01	4.23e-01	9.94e-02	2.07e-02	1.56e-04	2.86e-07
 2.46625e+23	5.46e-06	1.03e-02	4.68e-01	4.13e-01	9.15e-02	1.79e-02	1.25e-04	2.11e-07
 2.48620e+23	6.33e-06	1.14e-02	4.84e-01	4.03e-01	8.51e-02	1.58e-02	1.03e-04	1.63e-07
 2.50388e+23	7.32e-06	1.25e-02	5.00e-01	3.94e-01	7.93e-02	1.40e-02	8.50e-05	1.26e-07
 2.52417e+23	8.77e-06	1.40e-02	5.20e-01	3.82e-01	7.23e-02	1.19e-02	6.68e-05	0.00e+00
 2.54480e+23	1.02e-05	1.54e-02	5.36e-01	3.71e-01	6.68e-02	1.04e-02	5.44e-05	0.00e+00
 2.56587e+23	1.23e-05	1.73e-02	5.56e-01	3.57e-01	6.04e-02	8.84e-03	4.21e-05	0.00e+00
 2.58719e+23	1.43e-05	1.90e-02	5.72e-01	3.45e-01	5.54e-02	7.68e-03	3.40e-05	0.00e+00
 2.60883e+23	1.72e-05	2.14e-02	5.91e-01	3.31e-01	4.98e-02	6.45e-03	2.60e-05	0.00e+00
 2.63087e+23	2.01e-05	2.36e-02	6.07e-01	3.18e-01	4.54e-02	5.56e-03	2.07e-05	0.00e+00
 2.65341e+23	2.43e-05	2.65e-02	6.26e-01	3.03e-01	4.04e-02	4.61e-03	1.56e-05	0.00e+00
 2.67629e+23	2.85e-05	2.92e-02	6.40e-01	2.90e-01	3.66e-02	3.94e-03	1.23e-05	0.00e+00
 2.69650e+23	3.31e-05	3.21e-02	6.54e-01	2.77e-01	3.32e-02	3.38e-03	9.72e-06	0.00e+00
 2.71969e+23	4.03e-05	3.62e-02	6.70e-01	2.61e-01	2.92e-02	2.77e-03	7.16e-06	0.00e+00
 2.73997e+23	4.47e-05	3.85e-02	6.79e-01	2.53e-01	2.71e-02	2.48e-03	6.05e-06	0.00e+00
 2.75649e+23	5.14e-05	4.19e-02	6.90e-01	2.41e-01	2.47e-02	2.14e-03	4.85e-06	0.00e+00
 2.77350e+23	5.74e-05	4.48e-02	6.98e-01	2.32e-01	2.29e-02	1.90e-03	4.05e-06	0.00e+00
 2.79115e+23	6.61e-05	4.88e-02	7.08e-01	2.21e-01	2.07e-02	1.63e-03	3.22e-06	0.00e+00
 2.80923e+23	7.46e-05	5.24e-02	7.16e-01	2.12e-01	1.90e-02	1.43e-03	2.63e-06	0.00e+00
 2.82531e+23	8.39e-05	5.62e-02	7.23e-01	2.02e-01	1.74e-02	1.26e-03	2.17e-06	0.00e+00
 2.84364e+23	9.69e-05	6.13e-02	7.31e-01	1.91e-01	1.56e-02	1.07e-03	1.70e-06	0.00e+00
 2.86235e+23	1.10e-04	6.59e-02	7.37e-01	1.82e-01	1.43e-02	9.28e-04	1.38e-06	0.00e+00
 2.87906e+23	1.24e-04	7.08e-02	7.42e-01	1.73e-01	1.30e-02	8.09e-04	1.12e-06	0.00e+00
 2.89827e+23	1.44e-04	7.77e-02	7.48e-01	1.62e-01	1.15e-02	6.77e-04	8.56e-07	0.00e+00
 2.91764e+23	1.64e-04	8.36e-02	7.52e-01	1.53e-01	1.05e-02	5.85e-04	6.88e-07	0.00e+00
 2.93723e+23	1.91e-04	9.16e-02	7.55e-01	1.43e-01	9.27e-03	4.88e-04	5.24e-07	0.00e+00
 2.95724e+23	2.19e-04	9.91e-02	7.58e-01	1.34e-01	8.33e-03	4.16e-04	4.14e-07	0.00e+00
 2.97498e+23	2.49e-04	1.07e-01	7.59e-01	1.26e-01	7.51e-03	3.57e-04	3.29e-07	0.00e+00
 2.99523e+23	2.93e-04	1.18e-01	7.59e-01	1.16e-01	6.58e-03	2.93e-04	2.46e-07	0.00e+00
 3.01587e+23	3.39e-04	1.28e-01	7.58e-01	1.08e-01	5.86e-03	2.47e-04	1.91e-07	0.00e+00
 3.03393e+23	3.89e-04	1.38e-01	7.55e-01	1.01e-01	5.25e-03	2.10e-04	1.50e-07	0.00e+00
 3.05432e+23	4.62e-04	1.53e-01	7.50e-01	9.16e-02	4.55e-03	1.70e-04	0.00e+00	0.00e+00
 3.07469e+23	5.39e-04	1.67e-01	7.43e-01	8.45e-02	4.04e-03	1.42e-04	0.00e+00	0.00e+00
 3.08461e+23	5.75e-04	1.74e-01	7.39e-01	8.28e-02	3.94e-03	1.37e-04	0.00e+00	0.00e+00
