#depth	N	N+	N+2	N+3	N+4	N+5	N+6	N+7
 1.54284e+22	5.29e-11	9.29e-07	4.67e-04	1.44e-02	5.32e-02	5.90e-01	3.07e-01	3.51e-02
 3.49850e+22	1.08e-10	1.87e-06	9.29e-04	2.46e-02	7.89e-02	6.34e-01	2.41e-01	2.02e-02
 4.11774e+22	1.55e-10	2.64e-06	1.29e-03	3.14e-02	9.35e-02	6.47e-01	2.12e-01	1.53e-02
 4.44579e+22	1.88e-10	3.24e-06	1.57e-03	3.61e-02	1.03e-01	6.51e-01	1.95e-01	1.29e-02
 4.63047e+22	2.11e-10	3.60e-06	1.73e-03	3.87e-02	1.08e-01	6.53e-01	1.87e-01	1.18e-02
 4.77546e+22	2.44e-10	4.13e-06	1.97e-03	4.23e-02	1.14e-01	6.54e-01	1.77e-01	1.06e-02
 4.92764e+22	2.78e-10	4.66e-06	2.20e-03	4.56e-02	1.20e-01	6.54e-01	1.69e-01	9.59e-03
 5.08917e+22	3.28e-10	5.42e-06	2.53e-03	5.01e-02	1.28e-01	6.53e-01	1.58e-01	8.46e-03
 5.24778e+22	3.74e-10	6.11e-06	2.81e-03	5.39e-02	1.34e-01	6.51e-01	1.50e-01	7.68e-03
 5.40260e+22	4.36e-10	7.05e-06	3.22e-03	5.89e-02	1.42e-01	6.49e-01	1.41e-01	6.76e-03
 5.56059e+22	5.03e-10	8.00e-06	3.59e-03	6.33e-02	1.48e-01	6.46e-01	1.34e-01	6.12e-03
 5.69306e+22	5.63e-10	8.88e-06	3.95e-03	6.73e-02	1.54e-01	6.42e-01	1.27e-01	5.58e-03
 5.83559e+22	6.55e-10	1.02e-05	4.45e-03	7.27e-02	1.61e-01	6.37e-01	1.20e-01	4.98e-03
 5.98053e+22	7.42e-10	1.14e-05	4.92e-03	7.75e-02	1.67e-01	6.33e-01	1.13e-01	4.51e-03
 6.10842e+22	8.38e-10	1.27e-05	5.41e-03	8.23e-02	1.73e-01	6.27e-01	1.08e-01	4.10e-03
 6.25451e+22	9.81e-10	1.46e-05	6.10e-03	8.87e-02	1.81e-01	6.20e-01	1.01e-01	3.64e-03
 6.40666e+22	1.12e-09	1.65e-05	6.79e-03	9.48e-02	1.87e-01	6.13e-01	9.48e-02	3.26e-03
 6.54292e+22	1.28e-09	1.85e-05	7.50e-03	1.01e-01	1.94e-01	6.06e-01	8.95e-02	2.94e-03
 6.69632e+22	1.52e-09	2.14e-05	8.48e-03	1.09e-01	2.01e-01	5.96e-01	8.32e-02	2.58e-03
 6.85667e+22	1.75e-09	2.43e-05	9.47e-03	1.16e-01	2.09e-01	5.86e-01	7.76e-02	2.29e-03
 7.00124e+22	2.02e-09	2.75e-05	1.05e-02	1.23e-01	2.15e-01	5.76e-01	7.28e-02	2.05e-03
 7.16433e+22	2.43e-09	3.21e-05	1.19e-02	1.33e-01	2.23e-01	5.63e-01	6.70e-02	1.78e-03
 7.33300e+22	2.83e-09	3.68e-05	1.33e-02	1.42e-01	2.30e-01	5.51e-01	6.20e-02	1.56e-03
 7.48348e+22	3.29e-09	4.17e-05	1.48e-02	1.51e-01	2.37e-01	5.39e-01	5.77e-02	1.38e-03
 7.65369e+22	3.97e-09	4.90e-05	1.68e-02	1.62e-01	2.44e-01	5.23e-01	5.26e-02	1.18e-03
 7.83053e+22	4.69e-09	5.64e-05	1.89e-02	1.73e-01	2.51e-01	5.08e-01	4.83e-02	1.03e-03
 7.98948e+22	5.50e-09	6.44e-05	2.10e-02	1.83e-01	2.57e-01	4.94e-01	4.45e-02	8.97e-04
 8.16960e+22	6.74e-09	7.63e-05	2.40e-02	1.97e-01	2.64e-01	4.75e-01	3.99e-02	7.53e-04
 8.35564e+22	8.01e-09	8.81e-05	2.69e-02	2.09e-01	2.69e-01	4.58e-01	3.63e-02	6.47e-04
 8.52346e+22	9.49e-09	1.01e-04	2.99e-02	2.21e-01	2.74e-01	4.41e-01	3.31e-02	5.57e-04
 8.71572e+22	1.18e-08	1.21e-04	3.43e-02	2.37e-01	2.80e-01	4.19e-01	2.92e-02	4.58e-04
 8.91056e+22	1.41e-08	1.40e-04	3.83e-02	2.50e-01	2.84e-01	4.01e-01	2.63e-02	3.88e-04
 9.08275e+22	1.68e-08	1.61e-04	4.25e-02	2.63e-01	2.87e-01	3.83e-01	2.37e-02	3.30e-04
 9.28060e+22	2.11e-08	1.93e-04	4.86e-02	2.81e-01	2.90e-01	3.60e-01	2.06e-02	2.66e-04
 9.48095e+22	2.52e-08	2.23e-04	5.41e-02	2.94e-01	2.92e-01	3.41e-01	1.83e-02	2.23e-04
 9.68455e+22	3.19e-08	2.68e-04	6.15e-02	3.12e-01	2.93e-01	3.18e-01	1.58e-02	1.78e-04
 9.89234e+22	3.86e-08	3.12e-04	6.84e-02	3.27e-01	2.92e-01	2.98e-01	1.39e-02	1.47e-04
 1.00773e+23	4.66e-08	3.60e-04	7.57e-02	3.41e-01	2.91e-01	2.80e-01	1.22e-02	1.21e-04
 1.02894e+23	5.94e-08	4.35e-04	8.60e-02	3.58e-01	2.89e-01	2.56e-01	1.03e-02	9.43e-05
 1.05044e+23	7.22e-08	5.04e-04	9.49e-02	3.72e-01	2.86e-01	2.38e-01	8.95e-03	7.67e-05
 1.07231e+23	9.27e-08	6.09e-04	1.07e-01	3.89e-01	2.80e-01	2.16e-01	7.43e-03	5.86e-05
 1.09448e+23	1.13e-07	7.06e-04	1.18e-01	4.01e-01	2.75e-01	1.98e-01	6.38e-03	4.70e-05
 1.11383e+23	1.37e-07	8.14e-04	1.29e-01	4.13e-01	2.69e-01	1.82e-01	5.48e-03	3.78e-05
 1.13238e+23	1.64e-07	9.30e-04	1.40e-01	4.23e-01	2.63e-01	1.68e-01	4.74e-03	3.07e-05
 1.15005e+23	1.95e-07	1.06e-03	1.52e-01	4.31e-01	2.57e-01	1.55e-01	4.11e-03	2.51e-05
 1.16997e+23	2.44e-07	1.24e-03	1.67e-01	4.42e-01	2.48e-01	1.39e-01	3.41e-03	1.93e-05
 1.18986e+23	2.90e-07	1.40e-03	1.79e-01	4.49e-01	2.40e-01	1.28e-01	2.93e-03	1.56e-05
 1.20970e+23	3.60e-07	1.64e-03	1.96e-01	4.56e-01	2.30e-01	1.14e-01	2.41e-03	1.19e-05
 1.22990e+23	4.31e-07	1.86e-03	2.10e-01	4.61e-01	2.21e-01	1.03e-01	2.05e-03	9.46e-06
 1.25058e+23	5.38e-07	2.18e-03	2.29e-01	4.66e-01	2.10e-01	9.11e-02	1.66e-03	7.08e-06
 1.27143e+23	6.44e-07	2.46e-03	2.45e-01	4.68e-01	2.01e-01	8.20e-02	1.40e-03	5.57e-06
 1.29251e+23	8.05e-07	2.88e-03	2.65e-01	4.70e-01	1.89e-01	7.16e-02	1.12e-03	4.11e-06
 1.31385e+23	9.63e-07	3.25e-03	2.82e-01	4.70e-01	1.79e-01	6.40e-02	9.32e-04	3.20e-06
 1.33096e+23	1.11e-06	3.59e-03	2.97e-01	4.69e-01	1.71e-01	5.82e-02	8.00e-04	2.59e-06
 1.34863e+23	1.33e-06	4.06e-03	3.15e-01	4.67e-01	1.62e-01	5.17e-02	6.61e-04	2.00e-06
 1.36671e+23	1.54e-06	4.49e-03	3.30e-01	4.65e-01	1.54e-01	4.66e-02	5.61e-04	1.60e-06
 1.38284e+23	1.79e-06	4.95e-03	3.45e-01	4.61e-01	1.46e-01	4.21e-02	4.78e-04	1.29e-06
 1.40131e+23	2.14e-06	5.58e-03	3.65e-01	4.56e-01	1.36e-01	3.70e-02	3.89e-04	9.73e-07
 1.41999e+23	2.48e-06	6.16e-03	3.81e-01	4.51e-01	1.29e-01	3.31e-02	3.26e-04	7.68e-07
 1.43639e+23	2.87e-06	6.78e-03	3.97e-01	4.45e-01	1.21e-01	2.97e-02	2.75e-04	6.10e-07
 1.45517e+23	3.43e-06	7.63e-03	4.17e-01	4.37e-01	1.13e-01	2.59e-02	2.21e-04	4.56e-07
 1.47420e+23	3.98e-06	8.41e-03	4.33e-01	4.30e-01	1.05e-01	2.30e-02	1.84e-04	3.56e-07
 1.49093e+23	4.60e-06	9.24e-03	4.49e-01	4.22e-01	9.88e-02	2.05e-02	1.54e-04	2.79e-07
 1.51006e+23	5.50e-06	1.04e-02	4.69e-01	4.12e-01	9.09e-02	1.77e-02	1.23e-04	2.06e-07
 1.52950e+23	6.38e-06	1.14e-02	4.86e-01	4.03e-01	8.45e-02	1.56e-02	1.01e-04	1.59e-07
 1.54675e+23	7.38e-06	1.25e-02	5.02e-01	3.93e-01	7.86e-02	1.38e-02	8.34e-05	0.00e+00
 1.56656e+23	8.84e-06	1.41e-02	5.22e-01	3.81e-01	7.17e-02	1.18e-02	6.54e-05	0.00e+00
 1.58669e+23	1.03e-05	1.54e-02	5.38e-01	3.70e-01	6.62e-02	1.03e-02	5.33e-05	0.00e+00
 1.60724e+23	1.24e-05	1.74e-02	5.58e-01	3.56e-01	5.98e-02	8.71e-03	4.12e-05	0.00e+00
 1.62804e+23	1.44e-05	1.91e-02	5.74e-01	3.44e-01	5.49e-02	7.56e-03	3.32e-05	0.00e+00
 1.64918e+23	1.73e-05	2.15e-02	5.93e-01	3.29e-01	4.92e-02	6.34e-03	2.53e-05	0.00e+00
 1.67072e+23	2.02e-05	2.36e-02	6.09e-01	3.17e-01	4.49e-02	5.46e-03	2.02e-05	0.00e+00
 1.69279e+23	2.44e-05	2.65e-02	6.28e-01	3.01e-01	3.99e-02	4.53e-03	1.51e-05	0.00e+00
 1.71527e+23	2.86e-05	2.92e-02	6.43e-01	2.88e-01	3.61e-02	3.86e-03	1.19e-05	0.00e+00
 1.73829e+23	3.47e-05	3.29e-02	6.60e-01	2.72e-01	3.18e-02	3.16e-03	8.78e-06	0.00e+00
 1.76163e+23	4.07e-05	3.62e-02	6.74e-01	2.59e-01	2.85e-02	2.67e-03	6.81e-06	0.00e+00
 1.77929e+23	4.54e-05	3.87e-02	6.83e-01	2.50e-01	2.64e-02	2.37e-03	5.68e-06	0.00e+00
 1.79615e+23	5.22e-05	4.21e-02	6.94e-01	2.38e-01	2.39e-02	2.04e-03	4.53e-06	0.00e+00
 1.81340e+23	5.85e-05	4.50e-02	7.02e-01	2.29e-01	2.20e-02	1.80e-03	3.74e-06	0.00e+00
 1.83117e+23	6.73e-05	4.90e-02	7.12e-01	2.17e-01	1.99e-02	1.54e-03	2.96e-06	0.00e+00
 1.84934e+23	7.58e-05	5.25e-02	7.20e-01	2.07e-01	1.82e-02	1.35e-03	2.41e-06	0.00e+00
 1.86805e+23	8.82e-05	5.75e-02	7.30e-01	1.95e-01	1.62e-02	1.13e-03	1.86e-06	0.00e+00
 1.88669e+23	9.90e-05	6.15e-02	7.36e-01	1.86e-01	1.48e-02	9.88e-04	1.51e-06	0.00e+00
 1.90524e+23	1.15e-04	6.71e-02	7.44e-01	1.75e-01	1.32e-02	8.31e-04	1.16e-06	0.00e+00
 1.92413e+23	1.29e-04	7.18e-02	7.49e-01	1.66e-01	1.20e-02	7.20e-04	9.40e-07	0.00e+00
 1.94345e+23	1.50e-04	7.85e-02	7.55e-01	1.55e-01	1.06e-02	6.00e-04	7.14e-07	0.00e+00
 1.96312e+23	1.70e-04	8.41e-02	7.59e-01	1.46e-01	9.59e-03	5.15e-04	5.68e-07	0.00e+00
 1.98323e+23	1.97e-04	9.20e-02	7.63e-01	1.36e-01	8.44e-03	4.26e-04	4.28e-07	0.00e+00
 2.00386e+23	2.25e-04	9.89e-02	7.66e-01	1.27e-01	7.54e-03	3.61e-04	3.34e-07	0.00e+00
 2.02515e+23	2.64e-04	1.09e-01	7.68e-01	1.16e-01	6.56e-03	2.93e-04	2.45e-07	0.00e+00
 2.04677e+23	3.02e-04	1.17e-01	7.68e-01	1.08e-01	5.82e-03	2.45e-04	1.88e-07	0.00e+00
 2.06881e+23	3.58e-04	1.29e-01	7.67e-01	9.82e-02	5.02e-03	1.96e-04	1.36e-07	0.00e+00
 2.09088e+23	4.09e-04	1.39e-01	7.66e-01	9.05e-02	4.43e-03	1.64e-04	0.00e+00	0.00e+00
 2.11298e+23	4.87e-04	1.53e-01	7.61e-01	8.14e-02	3.79e-03	1.29e-04	0.00e+00	0.00e+00
 2.13501e+23	5.56e-04	1.65e-01	7.56e-01	7.47e-02	3.35e-03	1.08e-04	0.00e+00	0.00e+00
 2.15695e+23	6.63e-04	1.82e-01	7.48e-01	6.65e-02	2.85e-03	8.42e-05	0.00e+00	0.00e+00
 2.17892e+23	7.59e-04	1.96e-01	7.40e-01	6.04e-02	2.51e-03	6.93e-05	0.00e+00	0.00e+00
 2.20095e+23	9.12e-04	2.17e-01	7.27e-01	5.31e-02	2.12e-03	5.34e-05	0.00e+00	0.00e+00
 2.22292e+23	1.05e-03	2.34e-01	7.15e-01	4.77e-02	1.86e-03	4.34e-05	0.00e+00	0.00e+00
 2.24481e+23	1.27e-03	2.60e-01	6.96e-01	4.13e-02	1.55e-03	3.28e-05	0.00e+00	0.00e+00
 2.26658e+23	1.47e-03	2.81e-01	6.80e-01	3.66e-02	1.35e-03	2.63e-05	0.00e+00	0.00e+00
 2.28819e+23	1.78e-03	3.11e-01	6.55e-01	3.12e-02	1.12e-03	1.95e-05	0.00e+00	0.00e+00
 2.30977e+23	2.08e-03	3.37e-01	6.33e-01	2.72e-02	9.66e-04	1.53e-05	0.00e+00	0.00e+00
 2.33133e+23	2.54e-03	3.73e-01	6.01e-01	2.26e-02	7.92e-04	1.10e-05	0.00e+00	0.00e+00
 2.35297e+23	3.00e-03	4.04e-01	5.73e-01	1.92e-02	6.69e-04	8.33e-06	0.00e+00	0.00e+00
 2.37472e+23	3.68e-03	4.47e-01	5.33e-01	1.55e-02	5.35e-04	5.76e-06	0.00e+00	0.00e+00
 2.39659e+23	4.39e-03	4.85e-01	4.97e-01	1.27e-02	4.41e-04	4.16e-06	0.00e+00	0.00e+00
 2.41559e+23	5.21e-03	5.24e-01	4.60e-01	1.04e-02	3.60e-04	2.97e-06	0.00e+00	0.00e+00
 2.43726e+23	6.42e-03	5.73e-01	4.12e-01	7.92e-03	2.76e-04	1.91e-06	0.00e+00	0.00e+00
 2.45931e+23	7.80e-03	6.19e-01	3.67e-01	6.06e-03	2.12e-04	1.24e-06	0.00e+00	0.00e+00
 2.47607e+23	9.03e-03	6.54e-01	3.32e-01	4.87e-03	1.72e-04	8.79e-07	0.00e+00	0.00e+00
 2.49206e+23	1.06e-02	6.93e-01	2.92e-01	3.74e-03	1.33e-04	5.79e-07	0.00e+00	0.00e+00
 2.50933e+23	1.26e-02	7.32e-01	2.52e-01	2.80e-03	9.98e-05	3.67e-07	0.00e+00	0.00e+00
 2.52529e+23	1.48e-02	7.67e-01	2.16e-01	2.08e-03	7.41e-05	2.30e-07	0.00e+00	0.00e+00
 2.54045e+23	1.75e-02	8.00e-01	1.81e-01	1.51e-03	5.36e-05	1.40e-07	0.00e+00	0.00e+00
 2.55485e+23	2.06e-02	8.29e-01	1.50e-01	1.08e-03	3.80e-05	0.00e+00	0.00e+00	0.00e+00
 2.56828e+23	2.41e-02	8.53e-01	1.22e-01	7.71e-04	2.65e-05	0.00e+00	0.00e+00	0.00e+00
 2.58083e+23	2.84e-02	8.73e-01	9.77e-02	5.42e-04	1.79e-05	0.00e+00	0.00e+00	0.00e+00
 2.59246e+23	3.33e-02	8.89e-01	7.75e-02	3.83e-04	1.20e-05	0.00e+00	0.00e+00	0.00e+00
 2.60318e+23	3.92e-02	9.00e-01	6.06e-02	2.70e-04	7.82e-06	0.00e+00	0.00e+00	0.00e+00
 2.61293e+23	4.60e-02	9.07e-01	4.71e-02	1.93e-04	5.09e-06	0.00e+00	0.00e+00	0.00e+00
 2.62154e+23	5.38e-02	9.09e-01	3.68e-02	1.42e-04	3.34e-06	0.00e+00	0.00e+00	0.00e+00
 2.62923e+23	6.27e-02	9.08e-01	2.88e-02	1.07e-04	2.21e-06	0.00e+00	0.00e+00	0.00e+00
 2.63620e+23	7.32e-02	9.04e-01	2.25e-02	8.17e-05	1.47e-06	0.00e+00	0.00e+00	0.00e+00
 2.64250e+23	8.45e-02	8.98e-01	1.78e-02	6.45e-05	1.00e-06	0.00e+00	0.00e+00	0.00e+00
 2.64837e+23	9.80e-02	8.88e-01	1.41e-02	5.15e-05	6.80e-07	0.00e+00	0.00e+00	0.00e+00
 2.65394e+23	1.14e-01	8.75e-01	1.11e-02	4.17e-05	4.63e-07	0.00e+00	0.00e+00	0.00e+00
 2.65906e+23	1.31e-01	8.60e-01	8.77e-03	3.44e-05	3.22e-07	0.00e+00	0.00e+00	0.00e+00
 2.66377e+23	1.51e-01	8.42e-01	7.01e-03	2.89e-05	2.28e-07	0.00e+00	0.00e+00	0.00e+00
 2.66803e+23	1.71e-01	8.23e-01	5.69e-03	2.47e-05	1.66e-07	0.00e+00	0.00e+00	0.00e+00
 2.67169e+23	1.90e-01	8.05e-01	4.74e-03	2.17e-05	1.27e-07	0.00e+00	0.00e+00	0.00e+00
 2.67488e+23	2.09e-01	7.87e-01	4.03e-03	1.94e-05	0.00e+00	0.00e+00	0.00e+00	0.00e+00
 2.67757e+23	2.26e-01	7.70e-01	3.51e-03	1.77e-05	0.00e+00	0.00e+00	0.00e+00	0.00e+00
 2.67990e+23	2.42e-01	7.55e-01	3.10e-03	1.64e-05	0.00e+00	0.00e+00	0.00e+00	0.00e+00
 2.68233e+23	2.59e-01	7.38e-01	2.73e-03	1.51e-05	0.00e+00	0.00e+00	0.00e+00	0.00e+00
 2.68504e+23	2.79e-01	7.19e-01	2.36e-03	1.39e-05	0.00e+00	0.00e+00	0.00e+00	0.00e+00
 2.68783e+23	3.00e-01	6.98e-01	2.03e-03	1.27e-05	0.00e+00	0.00e+00	0.00e+00	0.00e+00
 2.69042e+23	3.20e-01	6.78e-01	1.77e-03	1.18e-05	0.00e+00	0.00e+00	0.00e+00	0.00e+00
 2.69241e+23	3.35e-01	6.64e-01	1.61e-03	1.11e-05	0.00e+00	0.00e+00	0.00e+00	0.00e+00
 2.69380e+23	3.46e-01	6.53e-01	1.50e-03	1.07e-05	0.00e+00	0.00e+00	0.00e+00	0.00e+00
 2.69518e+23	3.57e-01	6.41e-01	1.39e-03	1.03e-05	0.00e+00	0.00e+00	0.00e+00	0.00e+00
 2.69678e+23	3.70e-01	6.29e-01	1.28e-03	9.85e-06	0.00e+00	0.00e+00	0.00e+00	0.00e+00
 2.69861e+23	3.84e-01	6.14e-01	1.16e-03	9.37e-06	0.00e+00	0.00e+00	0.00e+00	0.00e+00
 2.70046e+23	3.99e-01	6.00e-01	1.05e-03	8.92e-06	0.00e+00	0.00e+00	0.00e+00	0.00e+00
 2.70219e+23	4.13e-01	5.86e-01	9.65e-04	8.52e-06	0.00e+00	0.00e+00	0.00e+00	0.00e+00
 2.70391e+23	4.27e-01	5.72e-01	8.83e-04	8.15e-06	0.00e+00	0.00e+00	0.00e+00	0.00e+00
 2.70574e+23	4.41e-01	5.58e-01	8.04e-04	7.78e-06	0.00e+00	0.00e+00	0.00e+00	0.00e+00
 2.70768e+23	4.57e-01	5.43e-01	7.29e-04	7.41e-06	0.00e+00	0.00e+00	0.00e+00	0.00e+00
 2.70963e+23	4.72e-01	5.28e-01	6.61e-04	7.06e-06	0.00e+00	0.00e+00	0.00e+00	0.00e+00
 2.71161e+23	4.87e-01	5.13e-01	5.99e-04	6.73e-06	0.00e+00	0.00e+00	0.00e+00	0.00e+00
 2.71365e+23	5.02e-01	4.97e-01	5.42e-04	6.41e-06	0.00e+00	0.00e+00	0.00e+00	0.00e+00
 2.71571e+23	5.18e-01	4.82e-01	4.90e-04	6.10e-06	0.00e+00	0.00e+00	0.00e+00	0.00e+00
 2.71784e+23	5.33e-01	4.67e-01	4.42e-04	5.81e-06	0.00e+00	0.00e+00	0.00e+00	0.00e+00
 2.72005e+23	5.49e-01	4.51e-01	3.99e-04	5.52e-06	0.00e+00	0.00e+00	0.00e+00	0.00e+00
 2.72234e+23	5.65e-01	4.35e-01	3.58e-04	5.25e-06	0.00e+00	0.00e+00	0.00e+00	0.00e+00
 2.72467e+23	5.80e-01	4.20e-01	3.23e-04	4.99e-06	0.00e+00	0.00e+00	0.00e+00	0.00e+00
 2.72709e+23	5.95e-01	4.04e-01	2.90e-04	4.74e-06	0.00e+00	0.00e+00	0.00e+00	0.00e+00
 2.72961e+23	6.11e-01	3.88e-01	2.59e-04	4.49e-06	0.00e+00	0.00e+00	0.00e+00	0.00e+00
 2.73216e+23	6.27e-01	3.73e-01	2.33e-04	4.26e-06	0.00e+00	0.00e+00	0.00e+00	0.00e+00
 2.73476e+23	6.41e-01	3.58e-01	2.10e-04	4.04e-06	0.00e+00	0.00e+00	0.00e+00	0.00e+00
 2.73751e+23	6.57e-01	3.43e-01	1.88e-04	3.83e-06	0.00e+00	0.00e+00	0.00e+00	0.00e+00
 2.74039e+23	6.72e-01	3.28e-01	1.69e-04	3.62e-06	0.00e+00	0.00e+00	0.00e+00	0.00e+00
 2.74333e+23	6.86e-01	3.13e-01	1.52e-04	3.43e-06	0.00e+00	0.00e+00	0.00e+00	0.00e+00
 2.74637e+23	7.01e-01	2.99e-01	1.37e-04	3.24e-06	0.00e+00	0.00e+00	0.00e+00	0.00e+00
 2.74954e+23	7.15e-01	2.85e-01	1.23e-04	3.06e-06	0.00e+00	0.00e+00	0.00e+00	0.00e+00
 2.75281e+23	7.28e-01	2.72e-01	1.11e-04	2.90e-06	0.00e+00	0.00e+00	0.00e+00	0.00e+00
 2.75616e+23	7.41e-01	2.59e-01	1.01e-04	2.75e-06	0.00e+00	0.00e+00	0.00e+00	0.00e+00
 2.75958e+23	7.53e-01	2.47e-01	9.23e-05	2.60e-06	0.00e+00	0.00e+00	0.00e+00	0.00e+00
 2.76315e+23	7.65e-01	2.35e-01	8.44e-05	2.46e-06	0.00e+00	0.00e+00	0.00e+00	0.00e+00
 2.76689e+23	7.77e-01	2.23e-01	7.73e-05	2.33e-06	0.00e+00	0.00e+00	0.00e+00	0.00e+00
 2.77077e+23	7.88e-01	2.12e-01	7.12e-05	2.21e-06	0.00e+00	0.00e+00	0.00e+00	0.00e+00
 2.77474e+23	7.99e-01	2.01e-01	6.59e-05	2.10e-06	0.00e+00	0.00e+00	0.00e+00	0.00e+00
 2.77890e+23	8.09e-01	1.91e-01	6.11e-05	2.00e-06	0.00e+00	0.00e+00	0.00e+00	0.00e+00
 2.78336e+23	8.19e-01	1.81e-01	5.69e-05	1.89e-06	0.00e+00	0.00e+00	0.00e+00	0.00e+00
 2.78801e+23	8.28e-01	1.72e-01	5.31e-05	1.80e-06	0.00e+00	0.00e+00	0.00e+00	0.00e+00
 2.79285e+23	8.37e-01	1.63e-01	4.98e-05	1.71e-06	0.00e+00	0.00e+00	0.00e+00	0.00e+00
 2.79802e+23	8.46e-01	1.54e-01	4.67e-05	1.62e-06	0.00e+00	0.00e+00	0.00e+00	0.00e+00
 2.80353e+23	8.55e-01	1.45e-01	4.40e-05	1.54e-06	0.00e+00	0.00e+00	0.00e+00	0.00e+00
 2.80934e+23	8.63e-01	1.36e-01	4.15e-05	1.46e-06	0.00e+00	0.00e+00	0.00e+00	0.00e+00
 2.81527e+23	8.72e-01	1.28e-01	3.93e-05	1.38e-06	0.00e+00	0.00e+00	0.00e+00	0.00e+00
 2.82098e+23	8.78e-01	1.22e-01	3.75e-05	1.32e-06	0.00e+00	0.00e+00	0.00e+00	0.00e+00
 2.82647e+23	8.85e-01	1.15e-01	3.59e-05	1.26e-06	0.00e+00	0.00e+00	0.00e+00	0.00e+00
 2.83187e+23	8.91e-01	1.09e-01	3.45e-05	1.21e-06	0.00e+00	0.00e+00	0.00e+00	0.00e+00
 2.83718e+23	8.96e-01	1.04e-01	3.33e-05	1.16e-06	0.00e+00	0.00e+00	0.00e+00	0.00e+00
 2.84237e+23	9.01e-01	9.88e-02	3.22e-05	1.12e-06	0.00e+00	0.00e+00	0.00e+00	0.00e+00
 2.84735e+23	9.06e-01	9.42e-02	3.12e-05	1.08e-06	0.00e+00	0.00e+00	0.00e+00	0.00e+00
 2.85210e+23	9.10e-01	8.97e-02	3.03e-05	1.04e-06	0.00e+00	0.00e+00	0.00e+00	0.00e+00
 2.85655e+23	9.14e-01	8.60e-02	2.95e-05	1.01e-06	0.00e+00	0.00e+00	0.00e+00	0.00e+00
 2.86086e+23	9.18e-01	8.23e-02	2.88e-05	9.77e-07	0.00e+00	0.00e+00	0.00e+00	0.00e+00
 2.86517e+23	9.21e-01	7.88e-02	2.81e-05	9.48e-07	0.00e+00	0.00e+00	0.00e+00	0.00e+00
 2.86935e+23	9.24e-01	7.55e-02	2.75e-05	9.21e-07	0.00e+00	0.00e+00	0.00e+00	0.00e+00
 2.87338e+23	9.27e-01	7.25e-02	2.69e-05	8.97e-07	0.00e+00	0.00e+00	0.00e+00	0.00e+00
 2.87725e+23	9.30e-01	6.97e-02	2.64e-05	8.75e-07	0.00e+00	0.00e+00	0.00e+00	0.00e+00
 2.88099e+23	9.33e-01	6.71e-02	2.59e-05	8.55e-07	0.00e+00	0.00e+00	0.00e+00	0.00e+00
 2.88461e+23	9.35e-01	6.47e-02	2.55e-05	8.37e-07	0.00e+00	0.00e+00	0.00e+00	0.00e+00
 2.88811e+23	9.38e-01	6.25e-02	2.50e-05	8.20e-07	0.00e+00	0.00e+00	0.00e+00	0.00e+00
 2.89147e+23	9.40e-01	6.04e-02	2.47e-05	8.06e-07	0.00e+00	0.00e+00	0.00e+00	0.00e+00
 2.89471e+23	9.41e-01	5.85e-02	2.43e-05	7.93e-07	0.00e+00	0.00e+00	0.00e+00	0.00e+00
 2.89785e+23	9.43e-01	5.68e-02	2.40e-05	7.82e-07	0.00e+00	0.00e+00	0.00e+00	0.00e+00
 2.90082e+23	9.45e-01	5.52e-02	2.37e-05	7.73e-07	0.00e+00	0.00e+00	0.00e+00	0.00e+00
 2.90373e+23	9.46e-01	5.37e-02	2.34e-05	7.65e-07	0.00e+00	0.00e+00	0.00e+00	0.00e+00
 2.90656e+23	9.48e-01	5.24e-02	2.32e-05	7.58e-07	0.00e+00	0.00e+00	0.00e+00	0.00e+00
 2.90913e+23	9.49e-01	5.12e-02	2.29e-05	7.53e-07	0.00e+00	0.00e+00	0.00e+00	0.00e+00
 2.91147e+23	9.50e-01	5.03e-02	2.27e-05	7.51e-07	0.00e+00	0.00e+00	0.00e+00	0.00e+00
 2.91360e+23	9.51e-01	4.95e-02	2.26e-05	7.49e-07	0.00e+00	0.00e+00	0.00e+00	0.00e+00
 2.91554e+23	9.51e-01	4.87e-02	2.24e-05	7.48e-07	0.00e+00	0.00e+00	0.00e+00	0.00e+00
 2.91730e+23	9.52e-01	4.81e-02	2.23e-05	7.48e-07	0.00e+00	0.00e+00	0.00e+00	0.00e+00
 2.91891e+23	9.52e-01	4.76e-02	2.22e-05	7.49e-07	0.00e+00	0.00e+00	0.00e+00	0.00e+00
 2.92037e+23	9.53e-01	4.72e-02	2.21e-05	7.50e-07	0.00e+00	0.00e+00	0.00e+00	0.00e+00
 2.92197e+23	9.53e-01	4.66e-02	2.19e-05	7.51e-07	0.00e+00	0.00e+00	0.00e+00	0.00e+00
 2.92370e+23	9.54e-01	4.60e-02	2.18e-05	7.51e-07	0.00e+00	0.00e+00	0.00e+00	0.00e+00
 2.92527e+23	9.54e-01	4.56e-02	2.17e-05	7.52e-07	0.00e+00	0.00e+00	0.00e+00	0.00e+00
 2.92699e+23	9.55e-01	4.51e-02	2.16e-05	7.54e-07	0.00e+00	0.00e+00	0.00e+00	0.00e+00
 2.92885e+23	9.55e-01	4.46e-02	2.14e-05	7.55e-07	0.00e+00	0.00e+00	0.00e+00	0.00e+00
 2.93055e+23	9.56e-01	4.42e-02	2.13e-05	7.58e-07	0.00e+00	0.00e+00	0.00e+00	0.00e+00
 2.93209e+23	9.56e-01	4.38e-02	2.12e-05	7.63e-07	0.00e+00	0.00e+00	0.00e+00	0.00e+00
 2.93349e+23	9.56e-01	4.36e-02	2.11e-05	7.65e-07	0.00e+00	0.00e+00	0.00e+00	0.00e+00
 2.93503e+23	9.57e-01	4.32e-02	2.10e-05	7.68e-07	0.00e+00	0.00e+00	0.00e+00	0.00e+00
 2.93668e+23	9.57e-01	4.29e-02	2.09e-05	7.69e-07	0.00e+00	0.00e+00	0.00e+00	0.00e+00
 2.93850e+23	9.58e-01	4.25e-02	2.08e-05	7.70e-07	0.00e+00	0.00e+00	0.00e+00	0.00e+00
 2.94046e+23	9.58e-01	4.21e-02	2.07e-05	7.71e-07	0.00e+00	0.00e+00	0.00e+00	0.00e+00
 2.94225e+23	9.58e-01	4.18e-02	2.06e-05	7.75e-07	0.00e+00	0.00e+00	0.00e+00	0.00e+00
 2.94387e+23	9.58e-01	4.15e-02	2.05e-05	7.77e-07	0.00e+00	0.00e+00	0.00e+00	0.00e+00
 2.94565e+23	9.59e-01	4.12e-02	2.03e-05	7.77e-07	0.00e+00	0.00e+00	0.00e+00	0.00e+00
 2.94797e+23	9.59e-01	4.07e-02	2.02e-05	7.78e-07	0.00e+00	0.00e+00	0.00e+00	0.00e+00
 2.95047e+23	9.60e-01	4.03e-02	2.00e-05	7.80e-07	0.00e+00	0.00e+00	0.00e+00	0.00e+00
 2.95274e+23	9.60e-01	3.99e-02	1.99e-05	7.84e-07	0.00e+00	0.00e+00	0.00e+00	0.00e+00
 2.95481e+23	9.60e-01	3.97e-02	1.98e-05	7.87e-07	0.00e+00	0.00e+00	0.00e+00	0.00e+00
 2.95669e+23	9.60e-01	3.95e-02	1.97e-05	7.92e-07	0.00e+00	0.00e+00	0.00e+00	0.00e+00
 2.95841e+23	9.61e-01	3.93e-02	1.96e-05	7.95e-07	0.00e+00	0.00e+00	0.00e+00	0.00e+00
 2.96029e+23	9.61e-01	3.91e-02	1.95e-05	8.01e-07	0.00e+00	0.00e+00	0.00e+00	0.00e+00
 2.96231e+23	9.61e-01	3.88e-02	1.94e-05	8.05e-07	0.00e+00	0.00e+00	0.00e+00	0.00e+00
 2.96416e+23	9.61e-01	3.86e-02	1.94e-05	8.09e-07	0.00e+00	0.00e+00	0.00e+00	0.00e+00
 2.96584e+23	9.62e-01	3.85e-02	1.94e-05	8.17e-07	0.00e+00	0.00e+00	0.00e+00	0.00e+00
 2.96736e+23	9.62e-01	3.83e-02	1.93e-05	8.20e-07	0.00e+00	0.00e+00	0.00e+00	0.00e+00
 2.96904e+23	9.62e-01	3.81e-02	1.93e-05	8.24e-07	0.00e+00	0.00e+00	0.00e+00	0.00e+00
 2.97084e+23	9.62e-01	3.79e-02	1.92e-05	8.29e-07	0.00e+00	0.00e+00	0.00e+00	0.00e+00
 2.97249e+23	9.62e-01	3.77e-02	1.92e-05	8.33e-07	0.00e+00	0.00e+00	0.00e+00	0.00e+00
 2.97429e+23	9.62e-01	3.75e-02	1.91e-05	8.38e-07	0.00e+00	0.00e+00	0.00e+00	0.00e+00
 2.97624e+23	9.63e-01	3.72e-02	1.91e-05	8.42e-07	0.00e+00	0.00e+00	0.00e+00	0.00e+00
 2.97801e+23	9.63e-01	3.71e-02	1.91e-05	8.45e-07	0.00e+00	0.00e+00	0.00e+00	0.00e+00
 2.97995e+23	9.63e-01	3.68e-02	1.90e-05	8.51e-07	0.00e+00	0.00e+00	0.00e+00	0.00e+00
 2.98204e+23	9.63e-01	3.66e-02	1.90e-05	8.55e-07	0.00e+00	0.00e+00	0.00e+00	0.00e+00
 2.98395e+23	9.64e-01	3.64e-02	1.89e-05	8.58e-07	0.00e+00	0.00e+00	0.00e+00	0.00e+00
 2.98568e+23	9.64e-01	3.63e-02	1.89e-05	8.62e-07	0.00e+00	0.00e+00	0.00e+00	0.00e+00
 2.98758e+23	9.64e-01	3.61e-02	1.88e-05	8.68e-07	0.00e+00	0.00e+00	0.00e+00	0.00e+00
 2.98963e+23	9.64e-01	3.58e-02	1.88e-05	8.72e-07	0.00e+00	0.00e+00	0.00e+00	0.00e+00
 2.99150e+23	9.64e-01	3.56e-02	1.87e-05	8.75e-07	0.00e+00	0.00e+00	0.00e+00	0.00e+00
 2.99355e+23	9.65e-01	3.54e-02	1.87e-05	8.78e-07	0.00e+00	0.00e+00	0.00e+00	0.00e+00
 2.99575e+23	9.65e-01	3.51e-02	1.86e-05	8.80e-07	0.00e+00	0.00e+00	0.00e+00	0.00e+00
 2.99776e+23	9.65e-01	3.49e-02	1.86e-05	8.85e-07	0.00e+00	0.00e+00	0.00e+00	0.00e+00
 2.99959e+23	9.65e-01	3.48e-02	1.85e-05	8.83e-07	0.00e+00	0.00e+00	0.00e+00	0.00e+00
 3.00160e+23	9.65e-01	3.45e-02	1.84e-05	8.83e-07	0.00e+00	0.00e+00	0.00e+00	0.00e+00
 3.00376e+23	9.66e-01	3.43e-02	1.84e-05	8.86e-07	0.00e+00	0.00e+00	0.00e+00	0.00e+00
 3.00573e+23	9.66e-01	3.41e-02	1.83e-05	8.84e-07	0.00e+00	0.00e+00	0.00e+00	0.00e+00
 3.00789e+23	9.66e-01	3.38e-02	1.82e-05	8.86e-07	0.00e+00	0.00e+00	0.00e+00	0.00e+00
 3.01022e+23	9.66e-01	3.35e-02	1.82e-05	8.86e-07	0.00e+00	0.00e+00	0.00e+00	0.00e+00
 3.01234e+23	9.67e-01	3.33e-02	1.81e-05	8.90e-07	0.00e+00	0.00e+00	0.00e+00	0.00e+00
 3.01427e+23	9.67e-01	3.31e-02	1.80e-05	8.87e-07	0.00e+00	0.00e+00	0.00e+00	0.00e+00
 3.01638e+23	9.67e-01	3.29e-02	1.80e-05	8.87e-07	0.00e+00	0.00e+00	0.00e+00	0.00e+00
 3.01866e+23	9.67e-01	3.26e-02	1.79e-05	8.89e-07	0.00e+00	0.00e+00	0.00e+00	0.00e+00
 3.02074e+23	9.68e-01	3.24e-02	1.79e-05	8.86e-07	0.00e+00	0.00e+00	0.00e+00	0.00e+00
 3.02301e+23	9.68e-01	3.22e-02	1.78e-05	8.87e-07	0.00e+00	0.00e+00	0.00e+00	0.00e+00
 3.02547e+23	9.68e-01	3.19e-02	1.77e-05	8.86e-07	0.00e+00	0.00e+00	0.00e+00	0.00e+00
 3.02770e+23	9.68e-01	3.17e-02	1.77e-05	8.89e-07	0.00e+00	0.00e+00	0.00e+00	0.00e+00
 3.02974e+23	9.68e-01	3.15e-02	1.76e-05	8.85e-07	0.00e+00	0.00e+00	0.00e+00	0.00e+00
 3.03197e+23	9.69e-01	3.12e-02	1.75e-05	8.84e-07	0.00e+00	0.00e+00	0.00e+00	0.00e+00
 3.03437e+23	9.69e-01	3.10e-02	1.75e-05	8.84e-07	0.00e+00	0.00e+00	0.00e+00	0.00e+00
 3.03656e+23	9.69e-01	3.08e-02	1.74e-05	8.80e-07	0.00e+00	0.00e+00	0.00e+00	0.00e+00
 3.03896e+23	9.70e-01	3.05e-02	1.73e-05	8.79e-07	0.00e+00	0.00e+00	0.00e+00	0.00e+00
 3.04155e+23	9.70e-01	3.02e-02	1.72e-05	8.79e-07	0.00e+00	0.00e+00	0.00e+00	0.00e+00
 3.04391e+23	9.70e-01	3.00e-02	1.72e-05	8.75e-07	0.00e+00	0.00e+00	0.00e+00	0.00e+00
 3.04650e+23	9.70e-01	2.97e-02	1.71e-05	8.73e-07	0.00e+00	0.00e+00	0.00e+00	0.00e+00
 3.04928e+23	9.71e-01	2.94e-02	1.70e-05	8.69e-07	0.00e+00	0.00e+00	0.00e+00	0.00e+00
 3.05182e+23	9.71e-01	2.92e-02	1.69e-05	8.68e-07	0.00e+00	0.00e+00	0.00e+00	0.00e+00
 3.05413e+23	9.71e-01	2.90e-02	1.69e-05	8.69e-07	0.00e+00	0.00e+00	0.00e+00	0.00e+00
 3.05623e+23	9.71e-01	2.88e-02	1.68e-05	8.65e-07	0.00e+00	0.00e+00	0.00e+00	0.00e+00
 3.05854e+23	9.71e-01	2.85e-02	1.67e-05	8.62e-07	0.00e+00	0.00e+00	0.00e+00	0.00e+00
 3.06102e+23	9.72e-01	2.83e-02	1.67e-05	8.60e-07	0.00e+00	0.00e+00	0.00e+00	0.00e+00
 3.06329e+23	9.72e-01	2.81e-02	1.66e-05	8.56e-07	0.00e+00	0.00e+00	0.00e+00	0.00e+00
 3.06576e+23	9.72e-01	2.78e-02	1.65e-05	8.53e-07	0.00e+00	0.00e+00	0.00e+00	0.00e+00
 3.06844e+23	9.72e-01	2.76e-02	1.64e-05	8.51e-07	0.00e+00	0.00e+00	0.00e+00	0.00e+00
 3.07088e+23	9.73e-01	2.74e-02	1.64e-05	8.45e-07	0.00e+00	0.00e+00	0.00e+00	0.00e+00
 3.07355e+23	9.73e-01	2.70e-02	1.63e-05	8.40e-07	0.00e+00	0.00e+00	0.00e+00	0.00e+00
 3.07643e+23	9.73e-01	2.68e-02	1.62e-05	8.38e-07	0.00e+00	0.00e+00	0.00e+00	0.00e+00
 3.07905e+23	9.73e-01	2.66e-02	1.61e-05	8.32e-07	0.00e+00	0.00e+00	0.00e+00	0.00e+00
 3.08192e+23	9.74e-01	2.62e-02	1.60e-05	8.25e-07	0.00e+00	0.00e+00	0.00e+00	0.00e+00
 3.08461e+23	9.74e-01	2.61e-02	1.59e-05	8.24e-07	0.00e+00	0.00e+00	0.00e+00	0.00e+00
