#depth	H	H+	H2
 1.54284e+22	1.90e-05	1.00e+00	2.33e-27
 3.49850e+22	2.64e-05	1.00e+00	9.57e-27
 4.11774e+22	3.08e-05	1.00e+00	1.88e-26
 4.44579e+22	3.36e-05	1.00e+00	2.69e-26
 4.63047e+22	3.52e-05	1.00e+00	3.32e-26
 4.77546e+22	3.74e-05	1.00e+00	4.32e-26
 4.92764e+22	3.93e-05	1.00e+00	5.41e-26
 5.08917e+22	4.18e-05	1.00e+00	7.18e-26
 5.24778e+22	4.39e-05	1.00e+00	8.92e-26
 5.40260e+22	4.67e-05	1.00e+00	1.18e-25
 5.56059e+22	4.90e-05	1.00e+00	1.47e-25
 5.69306e+22	5.12e-05	1.00e+00	1.78e-25
 5.83559e+22	5.41e-05	1.00e+00	2.28e-25
 5.98053e+22	5.66e-05	1.00e+00	2.79e-25
 6.10842e+22	5.91e-05	1.00e+00	3.40e-25
 6.25451e+22	6.24e-05	1.00e+00	4.36e-25
 6.40666e+22	6.56e-05	1.00e+00	5.44e-25
 6.54292e+22	6.86e-05	1.00e+00	6.67e-25
 6.69632e+22	7.26e-05	1.00e+00	8.63e-25
 6.85667e+22	7.65e-05	1.00e+00	1.09e-24
 7.00124e+22	8.02e-05	1.00e+00	1.35e-24
 7.16433e+22	8.50e-05	1.00e+00	1.77e-24
 7.33300e+22	8.97e-05	1.00e+00	2.25e-24
 7.48348e+22	9.42e-05	1.00e+00	2.82e-24
 7.65369e+22	1.00e-04	1.00e+00	3.74e-24
 7.83053e+22	1.06e-04	1.00e+00	4.81e-24
 7.98948e+22	1.12e-04	1.00e+00	6.09e-24
 8.16960e+22	1.19e-04	1.00e+00	8.26e-24
 8.35564e+22	1.26e-04	1.00e+00	1.07e-23
 8.52346e+22	1.33e-04	1.00e+00	1.38e-23
 8.71572e+22	1.43e-04	1.00e+00	1.91e-23
 8.91056e+22	1.51e-04	1.00e+00	2.49e-23
 9.08275e+22	1.60e-04	1.00e+00	3.23e-23
 9.28060e+22	1.72e-04	1.00e+00	4.56e-23
 9.48095e+22	1.83e-04	1.00e+00	6.00e-23
 9.68455e+22	1.96e-04	1.00e+00	8.52e-23
 9.89234e+22	2.09e-04	1.00e+00	1.15e-22
 1.00773e+23	2.22e-04	1.00e+00	1.54e-22
 1.02894e+23	2.39e-04	1.00e+00	2.26e-22
 1.05044e+23	2.55e-04	1.00e+00	3.08e-22
 1.07231e+23	2.76e-04	1.00e+00	4.61e-22
 1.09448e+23	2.94e-04	1.00e+00	6.38e-22
 1.11383e+23	3.12e-04	1.00e+00	8.76e-22
 1.13238e+23	3.31e-04	1.00e+00	1.18e-21
 1.15005e+23	3.50e-04	1.00e+00	1.58e-21
 1.16997e+23	3.75e-04	1.00e+00	2.28e-21
 1.18986e+23	3.97e-04	1.00e+00	3.08e-21
 1.20970e+23	4.25e-04	1.00e+00	4.47e-21
 1.22990e+23	4.51e-04	1.00e+00	6.19e-21
 1.25058e+23	4.85e-04	1.00e+00	9.13e-21
 1.27143e+23	5.14e-04	9.99e-01	1.29e-20
 1.29251e+23	5.53e-04	9.99e-01	1.91e-20
 1.31385e+23	5.87e-04	9.99e-01	2.67e-20
 1.33096e+23	6.16e-04	9.99e-01	3.49e-20
 1.34863e+23	6.54e-04	9.99e-01	4.83e-20
 1.36671e+23	6.88e-04	9.99e-01	6.44e-20
 1.38284e+23	7.22e-04	9.99e-01	8.41e-20
 1.40131e+23	7.68e-04	9.99e-01	1.21e-19
 1.41999e+23	8.09e-04	9.99e-01	1.67e-19
 1.43639e+23	8.50e-04	9.99e-01	2.23e-19
 1.45517e+23	9.04e-04	9.99e-01	3.36e-19
 1.47420e+23	9.52e-04	9.99e-01	4.83e-19
 1.49093e+23	1.00e-03	9.99e-01	6.71e-19
 1.51006e+23	1.07e-03	9.99e-01	1.09e-18
 1.52950e+23	1.12e-03	9.99e-01	1.75e-18
 1.54675e+23	1.18e-03	9.99e-01	2.68e-18
 1.56656e+23	1.26e-03	9.99e-01	5.25e-18
 1.58669e+23	1.33e-03	9.99e-01	1.07e-17
 1.60724e+23	1.42e-03	9.99e-01	2.57e-17
 1.62804e+23	1.50e-03	9.99e-01	8.85e-17
 1.64918e+23	1.60e-03	9.98e-01	1.74e-16
 1.67072e+23	1.69e-03	9.98e-01	3.12e-16
 1.69279e+23	1.82e-03	9.98e-01	4.99e-16
 1.71527e+23	1.92e-03	9.98e-01	7.65e-16
 1.73829e+23	2.06e-03	9.98e-01	1.12e-15
 1.76163e+23	2.19e-03	9.98e-01	1.61e-15
 1.77929e+23	2.28e-03	9.98e-01	2.00e-15
 1.79615e+23	2.40e-03	9.98e-01	2.57e-15
 1.81340e+23	2.51e-03	9.97e-01	3.08e-15
 1.83117e+23	2.64e-03	9.97e-01	3.81e-15
 1.84934e+23	2.76e-03	9.97e-01	4.55e-15
 1.86805e+23	2.92e-03	9.97e-01	5.68e-15
 1.88669e+23	3.05e-03	9.97e-01	6.73e-15
 1.90524e+23	3.22e-03	9.97e-01	8.34e-15
 1.92413e+23	3.37e-03	9.97e-01	9.91e-15
 1.94345e+23	3.57e-03	9.96e-01	1.23e-14
 1.96312e+23	3.73e-03	9.96e-01	1.48e-14
 1.98323e+23	3.95e-03	9.96e-01	1.85e-14
 2.00386e+23	4.15e-03	9.96e-01	2.24e-14
 2.02515e+23	4.41e-03	9.96e-01	2.84e-14
 2.04677e+23	4.64e-03	9.95e-01	3.46e-14
 2.06881e+23	4.95e-03	9.95e-01	4.45e-14
 2.09088e+23	5.21e-03	9.95e-01	5.45e-14
 2.11298e+23	5.56e-03	9.94e-01	7.06e-14
 2.13501e+23	5.84e-03	9.94e-01	8.61e-14
 2.15695e+23	6.26e-03	9.94e-01	1.12e-13
 2.17892e+23	6.58e-03	9.93e-01	1.37e-13
 2.20095e+23	7.07e-03	9.93e-01	1.79e-13
 2.22292e+23	7.46e-03	9.93e-01	2.21e-13
 2.24481e+23	8.06e-03	9.92e-01	2.93e-13
 2.26658e+23	8.52e-03	9.91e-01	3.63e-13
 2.28819e+23	9.25e-03	9.91e-01	4.86e-13
 2.30977e+23	9.86e-03	9.90e-01	6.12e-13
 2.33133e+23	1.08e-02	9.89e-01	8.30e-13
 2.35297e+23	1.16e-02	9.88e-01	1.07e-12
 2.37472e+23	1.28e-02	9.87e-01	1.49e-12
 2.39659e+23	1.40e-02	9.86e-01	1.99e-12
 2.41559e+23	1.53e-02	9.85e-01	2.66e-12
 2.43726e+23	1.73e-02	9.83e-01	3.85e-12
 2.45931e+23	1.95e-02	9.80e-01	5.50e-12
 2.47607e+23	2.16e-02	9.78e-01	7.28e-12
 2.49206e+23	2.42e-02	9.76e-01	1.01e-11
 2.50933e+23	2.76e-02	9.72e-01	1.44e-11
 2.52529e+23	3.16e-02	9.68e-01	2.05e-11
 2.54045e+23	3.65e-02	9.64e-01	2.98e-11
 2.55485e+23	4.25e-02	9.57e-01	4.36e-11
 2.56828e+23	4.97e-02	9.50e-01	6.37e-11
 2.58083e+23	5.89e-02	9.41e-01	9.51e-11
 2.59246e+23	6.98e-02	9.30e-01	1.40e-10
 2.60318e+23	8.33e-02	9.17e-01	2.10e-10
 2.61293e+23	9.94e-02	9.01e-01	3.10e-10
 2.62154e+23	1.18e-01	8.82e-01	4.46e-10
 2.62923e+23	1.39e-01	8.61e-01	6.34e-10
 2.63620e+23	1.63e-01	8.37e-01	8.86e-10
 2.64250e+23	1.88e-01	8.12e-01	1.19e-09
 2.64837e+23	2.16e-01	7.84e-01	1.59e-09
 2.65394e+23	2.48e-01	7.52e-01	2.10e-09
 2.65906e+23	2.82e-01	7.18e-01	2.70e-09
 2.66377e+23	3.16e-01	6.84e-01	3.39e-09
 2.66803e+23	3.50e-01	6.50e-01	4.11e-09
 2.67169e+23	3.81e-01	6.19e-01	4.80e-09
 2.67488e+23	4.08e-01	5.92e-01	5.46e-09
 2.67757e+23	4.31e-01	5.69e-01	6.06e-09
 2.67990e+23	4.52e-01	5.48e-01	6.61e-09
 2.68233e+23	4.74e-01	5.26e-01	7.19e-09
 2.68504e+23	4.97e-01	5.03e-01	7.84e-09
 2.68783e+23	5.21e-01	4.79e-01	8.50e-09
 2.69042e+23	5.43e-01	4.57e-01	9.09e-09
 2.69241e+23	5.58e-01	4.42e-01	9.48e-09
 2.69380e+23	5.68e-01	4.32e-01	9.80e-09
 2.69518e+23	5.79e-01	4.21e-01	1.01e-08
 2.69678e+23	5.90e-01	4.10e-01	1.04e-08
 2.69861e+23	6.04e-01	3.96e-01	1.08e-08
 2.70046e+23	6.17e-01	3.83e-01	1.12e-08
 2.70219e+23	6.28e-01	3.72e-01	1.15e-08
 2.70391e+23	6.39e-01	3.61e-01	1.19e-08
 2.70574e+23	6.50e-01	3.50e-01	1.22e-08
 2.70768e+23	6.62e-01	3.38e-01	1.25e-08
 2.70963e+23	6.73e-01	3.27e-01	1.28e-08
 2.71161e+23	6.84e-01	3.16e-01	1.32e-08
 2.71365e+23	6.95e-01	3.05e-01	1.35e-08
 2.71571e+23	7.05e-01	2.95e-01	1.38e-08
 2.71784e+23	7.15e-01	2.85e-01	1.41e-08
 2.72005e+23	7.25e-01	2.75e-01	1.43e-08
 2.72234e+23	7.35e-01	2.65e-01	1.46e-08
 2.72467e+23	7.45e-01	2.55e-01	1.49e-08
 2.72709e+23	7.54e-01	2.46e-01	1.51e-08
 2.72961e+23	7.64e-01	2.36e-01	1.54e-08
 2.73216e+23	7.72e-01	2.28e-01	1.56e-08
 2.73476e+23	7.81e-01	2.19e-01	1.59e-08
 2.73751e+23	7.89e-01	2.11e-01	1.61e-08
 2.74039e+23	7.97e-01	2.03e-01	1.64e-08
 2.74333e+23	8.05e-01	1.95e-01	1.66e-08
 2.74637e+23	8.13e-01	1.87e-01	1.68e-08
 2.74954e+23	8.20e-01	1.80e-01	1.70e-08
 2.75281e+23	8.27e-01	1.73e-01	1.72e-08
 2.75616e+23	8.33e-01	1.67e-01	1.74e-08
 2.75958e+23	8.39e-01	1.61e-01	1.77e-08
 2.76315e+23	8.45e-01	1.55e-01	1.79e-08
 2.76689e+23	8.51e-01	1.49e-01	1.82e-08
 2.77077e+23	8.56e-01	1.44e-01	1.84e-08
 2.77474e+23	8.61e-01	1.39e-01	1.87e-08
 2.77890e+23	8.66e-01	1.34e-01	1.91e-08
 2.78336e+23	8.71e-01	1.29e-01	1.94e-08
 2.78801e+23	8.75e-01	1.25e-01	1.98e-08
 2.79285e+23	8.79e-01	1.21e-01	2.03e-08
 2.79802e+23	8.83e-01	1.17e-01	2.08e-08
 2.80353e+23	8.87e-01	1.13e-01	2.14e-08
 2.80934e+23	8.91e-01	1.09e-01	2.22e-08
 2.81527e+23	8.95e-01	1.05e-01	2.30e-08
 2.82098e+23	8.98e-01	1.02e-01	2.38e-08
 2.82647e+23	9.01e-01	9.93e-02	2.47e-08
 2.83187e+23	9.03e-01	9.67e-02	2.57e-08
 2.83718e+23	9.06e-01	9.41e-02	2.67e-08
 2.84237e+23	9.08e-01	9.17e-02	2.76e-08
 2.84735e+23	9.10e-01	8.95e-02	2.85e-08
 2.85210e+23	9.13e-01	8.74e-02	2.95e-08
 2.85655e+23	9.14e-01	8.56e-02	3.04e-08
 2.86086e+23	9.16e-01	8.37e-02	3.15e-08
 2.86517e+23	9.18e-01	8.19e-02	3.26e-08
 2.86935e+23	9.20e-01	8.01e-02	3.38e-08
 2.87338e+23	9.22e-01	7.85e-02	3.50e-08
 2.87725e+23	9.23e-01	7.69e-02	3.64e-08
 2.88099e+23	9.25e-01	7.54e-02	3.78e-08
 2.88461e+23	9.26e-01	7.39e-02	3.92e-08
 2.88811e+23	9.27e-01	7.25e-02	4.07e-08
 2.89147e+23	9.29e-01	7.12e-02	4.24e-08
 2.89471e+23	9.30e-01	6.99e-02	4.42e-08
 2.89785e+23	9.31e-01	6.86e-02	4.61e-08
 2.90082e+23	9.33e-01	6.74e-02	4.80e-08
 2.90373e+23	9.34e-01	6.62e-02	5.02e-08
 2.90656e+23	9.35e-01	6.51e-02	5.25e-08
 2.90913e+23	9.36e-01	6.41e-02	5.46e-08
 2.91147e+23	9.37e-01	6.32e-02	5.68e-08
 2.91360e+23	9.38e-01	6.24e-02	5.88e-08
 2.91554e+23	9.38e-01	6.17e-02	6.08e-08
 2.91730e+23	9.39e-01	6.10e-02	6.27e-08
 2.91891e+23	9.40e-01	6.04e-02	6.45e-08
 2.92037e+23	9.40e-01	5.99e-02	6.61e-08
 2.92197e+23	9.41e-01	5.92e-02	6.83e-08
 2.92370e+23	9.42e-01	5.84e-02	7.03e-08
 2.92527e+23	9.42e-01	5.78e-02	7.21e-08
 2.92699e+23	9.43e-01	5.71e-02	7.44e-08
 2.92885e+23	9.44e-01	5.62e-02	7.67e-08
 2.93055e+23	9.44e-01	5.56e-02	7.86e-08
 2.93209e+23	9.45e-01	5.51e-02	8.08e-08
 2.93349e+23	9.45e-01	5.46e-02	8.21e-08
 2.93503e+23	9.46e-01	5.40e-02	8.38e-08
 2.93668e+23	9.47e-01	5.34e-02	8.54e-08
 2.93850e+23	9.47e-01	5.27e-02	8.70e-08
 2.94046e+23	9.48e-01	5.20e-02	8.88e-08
 2.94225e+23	9.49e-01	5.13e-02	9.03e-08
 2.94387e+23	9.49e-01	5.10e-02	9.16e-08
 2.94565e+23	9.50e-01	5.03e-02	9.22e-08
 2.94797e+23	9.51e-01	4.94e-02	9.40e-08
 2.95047e+23	9.51e-01	4.85e-02	9.56e-08
 2.95274e+23	9.52e-01	4.78e-02	9.66e-08
 2.95481e+23	9.53e-01	4.72e-02	9.73e-08
 2.95669e+23	9.53e-01	4.67e-02	9.78e-08
 2.95841e+23	9.54e-01	4.63e-02	9.81e-08
 2.96029e+23	9.54e-01	4.57e-02	9.85e-08
 2.96231e+23	9.55e-01	4.50e-02	9.89e-08
 2.96416e+23	9.56e-01	4.45e-02	9.91e-08
 2.96584e+23	9.56e-01	4.41e-02	9.92e-08
 2.96736e+23	9.56e-01	4.37e-02	9.91e-08
 2.96904e+23	9.57e-01	4.32e-02	9.89e-08
 2.97084e+23	9.57e-01	4.25e-02	9.88e-08
 2.97249e+23	9.58e-01	4.21e-02	9.88e-08
 2.97429e+23	9.58e-01	4.16e-02	9.85e-08
 2.97624e+23	9.59e-01	4.10e-02	9.84e-08
 2.97801e+23	9.59e-01	4.06e-02	9.83e-08
 2.97995e+23	9.60e-01	4.00e-02	9.78e-08
 2.98204e+23	9.61e-01	3.94e-02	9.75e-08
 2.98395e+23	9.61e-01	3.90e-02	9.72e-08
 2.98568e+23	9.61e-01	3.86e-02	9.68e-08
 2.98758e+23	9.62e-01	3.81e-02	9.62e-08
 2.98963e+23	9.63e-01	3.75e-02	9.58e-08
 2.99150e+23	9.63e-01	3.71e-02	9.56e-08
 2.99355e+23	9.63e-01	3.66e-02	9.50e-08
 2.99575e+23	9.64e-01	3.61e-02	9.50e-08
 2.99776e+23	9.64e-01	3.56e-02	9.44e-08
 2.99959e+23	9.65e-01	3.54e-02	9.43e-08
 3.00160e+23	9.65e-01	3.49e-02	9.37e-08
 3.00376e+23	9.66e-01	3.44e-02	9.37e-08
 3.00573e+23	9.66e-01	3.41e-02	9.35e-08
 3.00789e+23	9.66e-01	3.37e-02	9.28e-08
 3.01022e+23	9.67e-01	3.31e-02	9.27e-08
 3.01234e+23	9.67e-01	3.27e-02	9.22e-08
 3.01427e+23	9.67e-01	3.25e-02	9.22e-08
 3.01638e+23	9.68e-01	3.21e-02	9.16e-08
 3.01866e+23	9.68e-01	3.16e-02	9.15e-08
 3.02074e+23	9.69e-01	3.13e-02	9.14e-08
 3.02301e+23	9.69e-01	3.09e-02	9.07e-08
 3.02547e+23	9.70e-01	3.04e-02	9.07e-08
 3.02770e+23	9.70e-01	3.00e-02	9.03e-08
 3.02974e+23	9.70e-01	2.98e-02	9.02e-08
 3.03197e+23	9.71e-01	2.94e-02	8.97e-08
 3.03437e+23	9.71e-01	2.90e-02	8.97e-08
 3.03656e+23	9.71e-01	2.87e-02	8.95e-08
 3.03896e+23	9.72e-01	2.83e-02	8.90e-08
 3.04155e+23	9.72e-01	2.79e-02	8.90e-08
 3.04391e+23	9.72e-01	2.76e-02	8.88e-08
 3.04650e+23	9.73e-01	2.72e-02	8.83e-08
 3.04928e+23	9.73e-01	2.68e-02	8.84e-08
 3.05182e+23	9.74e-01	2.64e-02	8.81e-08
 3.05413e+23	9.74e-01	2.61e-02	8.79e-08
 3.05623e+23	9.74e-01	2.59e-02	8.79e-08
 3.05854e+23	9.74e-01	2.56e-02	8.76e-08
 3.06102e+23	9.75e-01	2.52e-02	8.78e-08
 3.06329e+23	9.75e-01	2.50e-02	8.78e-08
 3.06576e+23	9.75e-01	2.47e-02	8.75e-08
 3.06844e+23	9.76e-01	2.43e-02	8.76e-08
 3.07088e+23	9.76e-01	2.40e-02	8.77e-08
 3.07355e+23	9.76e-01	2.37e-02	8.75e-08
 3.07643e+23	9.77e-01	2.33e-02	8.76e-08
 3.07905e+23	9.77e-01	2.31e-02	8.76e-08
 3.08192e+23	9.77e-01	2.27e-02	8.74e-08
 3.08461e+23	9.78e-01	2.25e-02	8.80e-08
