#depth	Si	Si+	Si+2	Si+3	Si+4	Si+5	Si+6	Si+7	Si+8	Si+9	Si+10	Si+11	Si+12	Si+13	Si+14
 1.54284e+22	1.13e-26	1.77e-15	1.16e-12	1.01e-10	4.79e-07	1.25e-04	6.42e-03	6.66e-02	2.25e-01	2.92e-01	1.60e-01	9.00e-02	1.38e-01	2.08e-02	9.85e-04
 3.49251e+22	4.22e-26	1.19e-14	5.80e-12	3.51e-10	1.26e-06	2.98e-04	1.35e-02	1.18e-01	3.03e-01	3.03e-01	1.27e-01	5.79e-02	6.90e-02	7.62e-03	2.64e-04
 4.10277e+22	1.18e-25	2.99e-14	1.23e-11	6.25e-10	1.92e-06	4.34e-04	1.86e-02	1.51e-01	3.34e-01	2.93e-01	1.07e-01	4.45e-02	4.66e-02	4.38e-03	1.29e-04
 4.40789e+22	1.94e-25	4.78e-14	1.80e-11	8.32e-10	2.36e-06	5.19e-04	2.17e-02	1.69e-01	3.48e-01	2.84e-01	9.70e-02	3.86e-02	3.77e-02	3.26e-03	8.87e-05
 4.55871e+22	2.47e-25	6.01e-14	2.17e-11	9.57e-10	2.60e-06	5.65e-04	2.33e-02	1.78e-01	3.54e-01	2.79e-01	9.21e-02	3.59e-02	3.39e-02	2.81e-03	7.36e-05
 4.67165e+22	3.36e-25	8.06e-14	2.75e-11	1.14e-09	2.94e-06	6.30e-04	2.56e-02	1.91e-01	3.60e-01	2.72e-01	8.59e-02	3.26e-02	2.95e-02	2.32e-03	5.76e-05
 4.79019e+22	4.35e-25	1.04e-13	3.37e-11	1.34e-09	3.27e-06	6.92e-04	2.76e-02	2.02e-01	3.65e-01	2.65e-01	8.07e-02	3.00e-02	2.61e-02	1.97e-03	4.66e-05
 4.89434e+22	5.53e-25	1.31e-13	4.06e-11	1.54e-09	3.61e-06	7.52e-04	2.96e-02	2.13e-01	3.69e-01	2.59e-01	7.60e-02	2.77e-02	2.33e-02	1.68e-03	3.82e-05
 5.00365e+22	7.31e-25	1.74e-13	5.09e-11	1.83e-09	4.07e-06	8.32e-04	3.22e-02	2.26e-01	3.73e-01	2.50e-01	7.05e-02	2.52e-02	2.02e-02	1.39e-03	3.00e-05
 5.11416e+22	9.29e-25	2.22e-13	6.18e-11	2.12e-09	4.51e-06	9.07e-04	3.45e-02	2.38e-01	3.76e-01	2.43e-01	6.59e-02	2.31e-02	1.79e-02	1.18e-03	2.44e-05
 5.22421e+22	1.22e-24	2.96e-13	7.78e-11	2.54e-09	5.10e-06	1.00e-03	3.75e-02	2.52e-01	3.78e-01	2.33e-01	6.07e-02	2.09e-02	1.55e-02	9.66e-04	1.90e-05
 5.33632e+22	1.55e-24	3.83e-13	9.56e-11	2.98e-09	5.70e-06	1.10e-03	4.03e-02	2.65e-01	3.79e-01	2.24e-01	5.62e-02	1.90e-02	1.36e-02	8.08e-04	1.52e-05
 5.44622e+22	2.01e-24	5.09e-13	1.20e-10	3.56e-09	6.45e-06	1.22e-03	4.35e-02	2.80e-01	3.80e-01	2.14e-01	5.16e-02	1.72e-02	1.17e-02	6.63e-04	1.19e-05
 5.55820e+22	2.57e-24	6.68e-13	1.49e-10	4.23e-09	7.29e-06	1.34e-03	4.68e-02	2.94e-01	3.79e-01	2.05e-01	4.74e-02	1.55e-02	1.01e-02	5.48e-04	9.37e-06
 5.66939e+22	3.31e-24	8.86e-13	1.87e-10	5.08e-09	8.28e-06	1.48e-03	5.05e-02	3.09e-01	3.77e-01	1.95e-01	4.32e-02	1.40e-02	8.72e-03	4.49e-04	7.31e-06
 5.78108e+22	4.24e-24	1.17e-12	2.35e-10	6.09e-09	9.42e-06	1.64e-03	5.44e-02	3.24e-01	3.75e-01	1.85e-01	3.94e-02	1.26e-02	7.51e-03	3.68e-04	5.71e-06
 5.89147e+22	5.41e-24	1.55e-12	2.94e-10	7.32e-09	1.07e-05	1.81e-03	5.85e-02	3.39e-01	3.72e-01	1.75e-01	3.58e-02	1.13e-02	6.45e-03	3.01e-04	4.45e-06
 6.00168e+22	6.91e-24	2.04e-12	3.69e-10	8.82e-09	1.23e-05	2.00e-03	6.28e-02	3.55e-01	3.67e-01	1.65e-01	3.25e-02	1.01e-02	5.53e-03	2.46e-04	3.47e-06
 6.11217e+22	8.83e-24	2.70e-12	4.64e-10	1.06e-08	1.41e-05	2.22e-03	6.75e-02	3.70e-01	3.62e-01	1.55e-01	2.94e-02	9.01e-03	4.72e-03	2.00e-04	2.69e-06
 6.22315e+22	1.13e-23	3.57e-12	5.83e-10	1.29e-08	1.62e-05	2.46e-03	7.24e-02	3.85e-01	3.56e-01	1.45e-01	2.65e-02	8.03e-03	4.02e-03	1.63e-04	2.08e-06
 6.33491e+22	1.45e-23	4.73e-12	7.35e-10	1.57e-08	1.86e-05	2.73e-03	7.77e-02	4.00e-01	3.49e-01	1.36e-01	2.38e-02	7.14e-03	3.42e-03	1.32e-04	1.61e-06
 6.44777e+22	1.86e-23	6.27e-12	9.28e-10	1.91e-08	2.15e-05	3.03e-03	8.33e-02	4.15e-01	3.41e-01	1.27e-01	2.13e-02	6.32e-03	2.90e-03	1.06e-04	1.24e-06
 6.56206e+22	2.40e-23	8.31e-12	1.17e-09	2.33e-08	2.49e-05	3.37e-03	8.93e-02	4.30e-01	3.33e-01	1.18e-01	1.90e-02	5.58e-03	2.44e-03	8.53e-05	9.45e-07
 6.67692e+22	3.10e-23	1.10e-11	1.48e-09	2.84e-08	2.89e-05	3.74e-03	9.55e-02	4.44e-01	3.24e-01	1.09e-01	1.69e-02	4.93e-03	2.06e-03	6.85e-05	7.24e-07
 6.79371e+22	4.04e-23	1.46e-11	1.88e-09	3.49e-08	3.36e-05	4.16e-03	1.02e-01	4.58e-01	3.14e-01	1.01e-01	1.50e-02	4.32e-03	1.73e-03	5.45e-05	5.49e-07
 6.91197e+22	5.26e-23	1.92e-11	2.38e-09	4.28e-08	3.90e-05	4.62e-03	1.09e-01	4.71e-01	3.04e-01	9.29e-02	1.33e-02	3.79e-03	1.45e-03	4.35e-05	4.17e-07
 7.03262e+22	9.57e-23	2.56e-11	3.04e-09	5.29e-08	4.56e-05	5.15e-03	1.17e-01	4.84e-01	2.93e-01	8.51e-02	1.17e-02	3.30e-03	1.20e-03	3.43e-05	3.12e-07
 7.14480e+22	1.21e-22	3.22e-11	3.69e-09	6.27e-08	5.17e-05	5.62e-03	1.23e-01	4.94e-01	2.84e-01	7.93e-02	1.05e-02	2.95e-03	1.03e-03	2.83e-05	2.47e-07
 7.26052e+22	1.64e-22	4.32e-11	4.75e-09	7.82e-08	6.08e-05	6.28e-03	1.32e-01	5.06e-01	2.72e-01	7.21e-02	9.19e-03	2.54e-03	8.47e-04	2.20e-05	1.82e-07
 7.37842e+22	2.09e-22	5.43e-11	5.79e-09	9.30e-08	6.91e-05	6.86e-03	1.39e-01	5.14e-01	2.62e-01	6.68e-02	8.23e-03	2.26e-03	7.23e-04	1.80e-05	1.43e-07
 7.49917e+22	2.88e-22	7.31e-11	7.49e-09	1.17e-07	8.17e-05	7.68e-03	1.48e-01	5.25e-01	2.49e-01	6.02e-02	7.11e-03	1.93e-03	5.87e-04	1.38e-05	0.00e+00
 7.62033e+22	3.69e-22	9.11e-11	9.07e-09	1.38e-07	9.25e-05	8.35e-03	1.55e-01	5.32e-01	2.40e-01	5.58e-02	6.38e-03	1.71e-03	5.02e-04	1.14e-05	0.00e+00
 7.74202e+22	5.08e-22	1.21e-10	1.16e-08	1.73e-07	1.09e-04	9.31e-03	1.65e-01	5.40e-01	2.28e-01	5.03e-02	5.51e-03	1.46e-03	4.08e-04	8.74e-06	0.00e+00
 7.86455e+22	6.54e-22	1.50e-10	1.41e-08	2.04e-07	1.23e-04	1.01e-02	1.73e-01	5.45e-01	2.18e-01	4.64e-02	4.93e-03	1.29e-03	3.48e-04	7.14e-06	0.00e+00
 7.98816e+22	9.05e-22	1.99e-10	1.80e-08	2.55e-07	1.45e-04	1.12e-02	1.83e-01	5.52e-01	2.06e-01	4.17e-02	4.25e-03	1.10e-03	2.82e-04	5.48e-06	0.00e+00
 8.11290e+22	1.17e-21	2.46e-10	2.17e-08	3.01e-07	1.64e-04	1.22e-02	1.92e-01	5.55e-01	1.97e-01	3.84e-02	3.79e-03	9.71e-04	2.40e-04	4.47e-06	0.00e+00
 8.23909e+22	1.62e-21	3.22e-10	2.77e-08	3.75e-07	1.92e-04	1.35e-02	2.03e-01	5.59e-01	1.86e-01	3.44e-02	3.26e-03	8.24e-04	1.94e-04	3.42e-06	0.00e+00
 8.36692e+22	2.10e-21	3.98e-10	3.34e-08	4.43e-07	2.17e-04	1.47e-02	2.11e-01	5.62e-01	1.77e-01	3.16e-02	2.90e-03	7.25e-04	1.64e-04	2.78e-06	0.00e+00
 8.49688e+22	2.93e-21	5.21e-10	4.25e-08	5.52e-07	2.54e-04	1.63e-02	2.23e-01	5.64e-01	1.66e-01	2.82e-02	2.49e-03	6.12e-04	1.32e-04	2.11e-06	0.00e+00
 8.62912e+22	3.83e-21	6.42e-10	5.14e-08	6.55e-07	2.88e-04	1.76e-02	2.32e-01	5.64e-01	1.57e-01	2.58e-02	2.20e-03	5.36e-04	1.11e-04	1.71e-06	0.00e+00
 8.76431e+22	5.40e-21	8.41e-10	6.57e-08	8.17e-07	3.38e-04	1.95e-02	2.44e-01	5.64e-01	1.47e-01	2.30e-02	1.88e-03	4.50e-04	8.88e-05	1.29e-06	0.00e+00
 8.90248e+22	7.12e-21	1.04e-09	7.97e-08	9.73e-07	3.84e-04	2.12e-02	2.54e-01	5.63e-01	1.39e-01	2.09e-02	1.66e-03	3.91e-04	7.43e-05	1.03e-06	0.00e+00
 9.04452e+22	1.01e-20	1.36e-09	1.02e-07	1.22e-06	4.52e-04	2.35e-02	2.67e-01	5.61e-01	1.28e-01	1.85e-02	1.40e-03	3.26e-04	5.88e-05	7.69e-07	0.00e+00
 9.18985e+22	1.35e-20	1.69e-09	1.24e-07	1.46e-06	5.14e-04	2.54e-02	2.77e-01	5.58e-01	1.21e-01	1.68e-02	1.23e-03	2.82e-04	4.89e-05	6.10e-07	0.00e+00
 9.31203e+22	1.73e-20	2.04e-09	1.48e-07	1.71e-06	5.76e-04	2.73e-02	2.86e-01	5.55e-01	1.14e-01	1.54e-02	1.10e-03	2.48e-04	4.15e-05	4.97e-07	0.00e+00
 9.44342e+22	2.39e-20	2.59e-09	1.84e-07	2.09e-06	6.66e-04	2.99e-02	2.98e-01	5.50e-01	1.06e-01	1.37e-02	9.42e-04	2.09e-04	3.35e-05	3.81e-07	0.00e+00
 9.57190e+22	3.03e-20	3.08e-09	2.16e-07	2.42e-06	7.39e-04	3.19e-02	3.07e-01	5.46e-01	1.01e-01	1.27e-02	8.45e-04	1.85e-04	2.88e-05	3.15e-07	0.00e+00
 9.69662e+22	4.09e-20	3.84e-09	2.66e-07	2.92e-06	8.46e-04	3.47e-02	3.18e-01	5.40e-01	9.39e-02	1.13e-02	7.31e-04	1.58e-04	2.35e-05	2.44e-07	0.00e+00
 9.82253e+22	5.20e-20	4.55e-09	3.11e-07	3.37e-06	9.37e-04	3.69e-02	3.27e-01	5.35e-01	8.90e-02	1.05e-02	6.56e-04	1.40e-04	2.02e-05	2.02e-07	0.00e+00
 9.95001e+22	7.07e-20	5.66e-09	3.82e-07	4.08e-06	1.07e-03	4.01e-02	3.38e-01	5.28e-01	8.27e-02	9.37e-03	5.67e-04	1.19e-04	1.64e-05	1.56e-07	0.00e+00
 1.00792e+23	9.06e-20	6.72e-09	4.48e-07	4.71e-06	1.19e-03	4.27e-02	3.47e-01	5.22e-01	7.81e-02	8.61e-03	5.07e-04	1.05e-04	1.40e-05	1.29e-07	0.00e+00
 1.02108e+23	1.24e-19	8.37e-09	5.51e-07	5.71e-06	1.36e-03	4.63e-02	3.58e-01	5.13e-01	7.23e-02	7.69e-03	4.37e-04	8.91e-05	1.14e-05	0.00e+00	0.00e+00
 1.03442e+23	1.61e-19	9.94e-09	6.48e-07	6.60e-06	1.51e-03	4.93e-02	3.67e-01	5.06e-01	6.81e-02	7.05e-03	3.90e-04	7.84e-05	9.71e-06	0.00e+00	0.00e+00
 1.04802e+23	2.23e-19	1.24e-08	7.99e-07	8.02e-06	1.73e-03	5.35e-02	3.79e-01	4.97e-01	6.27e-02	6.27e-03	3.34e-04	6.61e-05	7.83e-06	0.00e+00	0.00e+00
 1.06184e+23	2.93e-19	1.48e-08	9.40e-07	9.29e-06	1.92e-03	5.69e-02	3.87e-01	4.89e-01	5.90e-02	5.74e-03	2.97e-04	5.80e-05	6.65e-06	0.00e+00	0.00e+00
 1.07594e+23	4.11e-19	1.85e-08	1.16e-06	1.13e-05	2.21e-03	6.18e-02	3.99e-01	4.77e-01	5.41e-02	5.09e-03	2.53e-04	4.86e-05	5.32e-06	0.00e+00	0.00e+00
 1.09033e+23	5.52e-19	2.21e-08	1.38e-06	1.32e-05	2.46e-03	6.58e-02	4.08e-01	4.68e-01	5.06e-02	4.64e-03	2.24e-04	4.24e-05	4.49e-06	0.00e+00	0.00e+00
 1.10509e+23	7.96e-19	2.77e-08	1.71e-06	1.62e-05	2.83e-03	7.15e-02	4.19e-01	4.56e-01	4.61e-02	4.09e-03	1.90e-04	3.53e-05	3.57e-06	0.00e+00	0.00e+00
 1.12025e+23	1.10e-18	3.34e-08	2.04e-06	1.90e-05	3.17e-03	7.62e-02	4.28e-01	4.46e-01	4.29e-02	3.70e-03	1.67e-04	3.05e-05	2.97e-06	0.00e+00	0.00e+00
 1.13591e+23	1.65e-18	4.23e-08	2.55e-06	2.34e-05	3.66e-03	8.28e-02	4.39e-01	4.32e-01	3.89e-02	3.24e-03	1.40e-04	2.52e-05	2.34e-06	0.00e+00	0.00e+00
 1.15181e+23	2.37e-18	5.10e-08	3.05e-06	2.74e-05	4.09e-03	8.83e-02	4.47e-01	4.21e-01	3.60e-02	2.93e-03	1.23e-04	2.17e-05	1.94e-06	0.00e+00	0.00e+00
 1.16802e+23	3.74e-18	6.47e-08	3.83e-06	3.39e-05	4.74e-03	9.59e-02	4.58e-01	4.06e-01	3.24e-02	2.55e-03	1.03e-04	1.78e-05	1.51e-06	0.00e+00	0.00e+00
 1.18441e+23	5.74e-18	7.81e-08	4.58e-06	3.98e-05	5.29e-03	1.02e-01	4.65e-01	3.95e-01	3.00e-02	2.30e-03	8.94e-05	1.53e-05	1.25e-06	0.00e+00	0.00e+00
 1.20103e+23	6.42e-18	9.92e-08	5.76e-06	4.93e-05	6.12e-03	1.11e-01	4.75e-01	3.79e-01	2.68e-02	2.00e-03	7.44e-05	1.25e-05	9.73e-07	0.00e+00	0.00e+00
 1.21791e+23	3.00e-18	1.20e-07	6.89e-06	5.79e-05	6.84e-03	1.18e-01	4.82e-01	3.67e-01	2.47e-02	1.80e-03	6.46e-05	1.07e-05	8.01e-07	0.00e+00	0.00e+00
 1.23270e+23	3.87e-18	1.44e-07	8.21e-06	6.78e-05	7.62e-03	1.25e-01	4.88e-01	3.55e-01	2.27e-02	1.62e-03	5.62e-05	9.18e-06	6.61e-07	0.00e+00	0.00e+00
 1.24953e+23	5.59e-18	1.82e-07	1.03e-05	8.38e-05	8.79e-03	1.35e-01	4.95e-01	3.39e-01	2.02e-02	1.40e-03	4.65e-05	7.48e-06	5.11e-07	0.00e+00	0.00e+00
 1.26649e+23	7.62e-18	2.19e-07	1.22e-05	9.81e-05	9.78e-03	1.43e-01	5.00e-01	3.27e-01	1.86e-02	1.26e-03	4.04e-05	6.40e-06	4.21e-07	0.00e+00	0.00e+00
 1.28045e+23	9.99e-18	2.57e-07	1.43e-05	1.13e-04	1.07e-02	1.50e-01	5.04e-01	3.17e-01	1.72e-02	1.14e-03	3.56e-05	5.57e-06	3.54e-07	0.00e+00	0.00e+00
 1.29545e+23	1.40e-17	3.14e-07	1.73e-05	1.34e-04	1.21e-02	1.59e-01	5.08e-01	3.04e-01	1.55e-02	1.01e-03	3.03e-05	4.68e-06	2.85e-07	0.00e+00	0.00e+00
 1.31078e+23	1.92e-17	3.72e-07	2.02e-05	1.55e-04	1.33e-02	1.67e-01	5.12e-01	2.92e-01	1.43e-02	9.11e-04	2.64e-05	4.04e-06	2.36e-07	0.00e+00	0.00e+00
 1.32442e+23	2.59e-17	4.37e-07	2.36e-05	1.78e-04	1.46e-02	1.76e-01	5.14e-01	2.82e-01	1.31e-02	8.24e-04	2.32e-05	3.50e-06	1.98e-07	0.00e+00	0.00e+00
 1.34000e+23	3.81e-17	5.34e-07	2.86e-05	2.12e-04	1.64e-02	1.86e-01	5.16e-01	2.68e-01	1.18e-02	7.27e-04	1.97e-05	2.93e-06	1.58e-07	0.00e+00	0.00e+00
 1.35619e+23	5.97e-17	6.38e-07	3.39e-05	2.48e-04	1.82e-02	1.96e-01	5.18e-01	2.57e-01	1.07e-02	6.47e-04	1.69e-05	2.49e-06	1.29e-07	0.00e+00	0.00e+00
 1.37066e+23	8.19e-17	7.53e-07	3.96e-05	2.86e-04	1.99e-02	2.05e-01	5.18e-01	2.46e-01	9.82e-03	5.83e-04	1.47e-05	2.14e-06	0.00e+00	0.00e+00	0.00e+00
 1.38693e+23	1.32e-16	9.25e-07	4.81e-05	3.41e-04	2.23e-02	2.17e-01	5.18e-01	2.33e-01	8.78e-03	5.11e-04	1.24e-05	1.78e-06	0.00e+00	0.00e+00	0.00e+00
 1.40396e+23	2.53e-16	1.11e-06	5.74e-05	4.01e-04	2.48e-02	2.28e-01	5.17e-01	2.21e-01	7.89e-03	4.51e-04	1.05e-05	1.49e-06	0.00e+00	0.00e+00	0.00e+00
 1.41933e+23	3.81e-16	1.32e-06	6.74e-05	4.63e-04	2.73e-02	2.38e-01	5.16e-01	2.11e-01	7.17e-03	4.03e-04	9.07e-06	1.28e-06	0.00e+00	0.00e+00	0.00e+00
 1.43667e+23	7.08e-16	1.63e-06	8.26e-05	5.56e-04	3.06e-02	2.52e-01	5.13e-01	1.98e-01	6.34e-03	3.50e-04	7.52e-06	1.04e-06	0.00e+00	0.00e+00	0.00e+00
 1.45460e+23	1.63e-15	1.97e-06	9.85e-05	6.53e-04	3.39e-02	2.64e-01	5.09e-01	1.86e-01	5.66e-03	3.07e-04	6.35e-06	8.73e-07	0.00e+00	0.00e+00	0.00e+00
 1.47059e+23	2.73e-15	2.34e-06	1.16e-04	7.58e-04	3.73e-02	2.75e-01	5.05e-01	1.76e-01	5.09e-03	2.72e-04	5.42e-06	7.38e-07	0.00e+00	0.00e+00	0.00e+00
 1.48867e+23	4.92e-15	2.91e-06	1.43e-04	9.12e-04	4.19e-02	2.89e-01	4.99e-01	1.64e-01	4.45e-03	2.34e-04	4.44e-06	5.98e-07	0.00e+00	0.00e+00	0.00e+00
 1.50747e+23	8.95e-15	3.53e-06	1.71e-04	1.07e-03	4.64e-02	3.02e-01	4.93e-01	1.53e-01	3.94e-03	2.04e-04	3.70e-06	4.94e-07	0.00e+00	0.00e+00	0.00e+00
 1.52436e+23	1.30e-14	4.22e-06	2.02e-04	1.25e-03	5.10e-02	3.14e-01	4.86e-01	1.44e-01	3.51e-03	1.79e-04	3.13e-06	4.13e-07	0.00e+00	0.00e+00	0.00e+00
 1.54350e+23	2.09e-14	5.30e-06	2.50e-04	1.52e-03	5.74e-02	3.29e-01	4.77e-01	1.32e-01	3.02e-03	1.51e-04	2.51e-06	3.28e-07	0.00e+00	0.00e+00	0.00e+00
 1.56328e+23	3.15e-14	6.43e-06	3.00e-04	1.79e-03	6.35e-02	3.42e-01	4.67e-01	1.23e-01	2.65e-03	1.31e-04	2.08e-06	2.69e-07	0.00e+00	0.00e+00	0.00e+00
 1.58111e+23	4.40e-14	7.75e-06	3.57e-04	2.09e-03	6.97e-02	3.54e-01	4.58e-01	1.14e-01	2.33e-03	1.14e-04	1.73e-06	2.21e-07	0.00e+00	0.00e+00	0.00e+00
 1.60155e+23	6.86e-14	9.82e-06	4.46e-04	2.55e-03	7.85e-02	3.69e-01	4.44e-01	1.03e-01	1.97e-03	9.45e-05	1.36e-06	1.72e-07	0.00e+00	0.00e+00	0.00e+00
 1.62226e+23	9.88e-14	1.19e-05	5.33e-04	3.01e-03	8.66e-02	3.81e-01	4.32e-01	9.48e-02	1.71e-03	8.09e-05	1.11e-06	1.40e-07	0.00e+00	0.00e+00	0.00e+00
 1.64056e+23	1.36e-13	1.43e-05	6.34e-04	3.51e-03	9.47e-02	3.93e-01	4.20e-01	8.72e-02	1.49e-03	6.97e-05	9.14e-07	0.00e+00	0.00e+00	0.00e+00	0.00e+00
 1.66159e+23	2.11e-13	1.82e-05	7.91e-04	4.28e-03	1.06e-01	4.06e-01	4.03e-01	7.80e-02	1.24e-03	5.72e-05	7.07e-07	0.00e+00	0.00e+00	0.00e+00	0.00e+00
 1.68289e+23	2.94e-13	2.20e-05	9.43e-04	5.03e-03	1.16e-01	4.17e-01	3.89e-01	7.10e-02	1.07e-03	4.85e-05	5.72e-07	0.00e+00	0.00e+00	0.00e+00	0.00e+00
 1.70453e+23	4.37e-13	2.81e-05	1.18e-03	6.11e-03	1.30e-01	4.29e-01	3.70e-01	6.30e-02	8.87e-04	3.96e-05	4.41e-07	0.00e+00	0.00e+00	0.00e+00	0.00e+00
 1.72663e+23	6.02e-13	3.42e-05	1.41e-03	7.19e-03	1.42e-01	4.37e-01	3.54e-01	5.67e-02	7.54e-04	3.32e-05	3.52e-07	0.00e+00	0.00e+00	0.00e+00	0.00e+00
 1.74629e+23	8.16e-13	4.15e-05	1.68e-03	8.40e-03	1.55e-01	4.45e-01	3.38e-01	5.11e-02	6.42e-04	2.79e-05	2.82e-07	0.00e+00	0.00e+00	0.00e+00	0.00e+00
 1.76884e+23	1.21e-12	5.32e-05	2.10e-03	1.03e-02	1.72e-01	4.53e-01	3.18e-01	4.44e-02	5.20e-04	2.22e-05	2.11e-07	0.00e+00	0.00e+00	0.00e+00	0.00e+00
 1.79170e+23	1.66e-12	6.47e-05	2.50e-03	1.20e-02	1.87e-01	4.58e-01	3.01e-01	3.96e-02	4.38e-04	1.85e-05	1.67e-07	0.00e+00	0.00e+00	0.00e+00	0.00e+00
 1.81496e+23	2.52e-12	8.32e-05	3.13e-03	1.46e-02	2.06e-01	4.63e-01	2.79e-01	3.39e-02	3.49e-04	1.45e-05	1.23e-07	0.00e+00	0.00e+00	0.00e+00	0.00e+00
 1.83852e+23	3.52e-12	1.02e-04	3.73e-03	1.70e-02	2.23e-01	4.64e-01	2.62e-01	2.99e-02	2.91e-04	1.19e-05	0.00e+00	0.00e+00	0.00e+00	0.00e+00	0.00e+00
 1.85910e+23	4.88e-12	1.23e-04	4.42e-03	1.97e-02	2.40e-01	4.65e-01	2.45e-01	2.64e-02	2.43e-04	9.82e-06	0.00e+00	0.00e+00	0.00e+00	0.00e+00	0.00e+00
 1.87882e+23	6.69e-12	1.48e-04	5.17e-03	2.26e-02	2.56e-01	4.63e-01	2.29e-01	2.33e-02	2.05e-04	8.16e-06	0.00e+00	0.00e+00	0.00e+00	0.00e+00	0.00e+00
 1.89761e+23	9.14e-12	1.76e-04	6.00e-03	2.57e-02	2.71e-01	4.61e-01	2.15e-01	2.07e-02	1.74e-04	6.83e-06	0.00e+00	0.00e+00	0.00e+00	0.00e+00	0.00e+00
 1.91879e+23	1.36e-11	2.19e-04	7.25e-03	3.03e-02	2.93e-01	4.56e-01	1.96e-01	1.76e-02	1.39e-04	5.36e-06	0.00e+00	0.00e+00	0.00e+00	0.00e+00	0.00e+00
 1.93973e+23	1.89e-11	2.59e-04	8.35e-03	3.41e-02	3.08e-01	4.50e-01	1.83e-01	1.56e-02	1.17e-04	4.47e-06	0.00e+00	0.00e+00	0.00e+00	0.00e+00	0.00e+00
 1.96036e+23	2.87e-11	3.20e-04	9.97e-03	3.97e-02	3.28e-01	4.42e-01	1.67e-01	1.32e-02	9.42e-05	3.53e-06	0.00e+00	0.00e+00	0.00e+00	0.00e+00	0.00e+00
 1.98161e+23	4.30e-11	3.83e-04	1.16e-02	4.49e-02	3.45e-01	4.33e-01	1.53e-01	1.15e-02	7.80e-05	2.88e-06	0.00e+00	0.00e+00	0.00e+00	0.00e+00	0.00e+00
 2.00366e+23	7.14e-11	4.78e-04	1.39e-02	5.22e-02	3.66e-01	4.20e-01	1.37e-01	9.59e-03	6.14e-05	2.22e-06	0.00e+00	0.00e+00	0.00e+00	0.00e+00	0.00e+00
 2.02587e+23	1.22e-10	5.72e-04	1.61e-02	5.88e-02	3.83e-01	4.09e-01	1.25e-01	8.23e-03	5.03e-05	1.79e-06	0.00e+00	0.00e+00	0.00e+00	0.00e+00	0.00e+00
 2.04828e+23	2.38e-10	7.15e-04	1.92e-02	6.81e-02	4.03e-01	3.92e-01	1.10e-01	6.76e-03	3.90e-05	1.36e-06	0.00e+00	0.00e+00	0.00e+00	0.00e+00	0.00e+00
 2.07089e+23	5.10e-10	8.54e-04	2.21e-02	7.60e-02	4.18e-01	3.78e-01	9.94e-02	5.76e-03	3.18e-05	1.09e-06	0.00e+00	0.00e+00	0.00e+00	0.00e+00	0.00e+00
 2.08911e+23	9.45e-10	9.88e-04	2.48e-02	8.34e-02	4.30e-01	3.65e-01	9.08e-02	5.01e-03	2.67e-05	8.99e-07	0.00e+00	0.00e+00	0.00e+00	0.00e+00	0.00e+00
 2.10815e+23	1.68e-09	1.19e-03	2.87e-02	9.32e-02	4.43e-01	3.49e-01	8.07e-02	4.20e-03	2.13e-05	7.05e-07	0.00e+00	0.00e+00	0.00e+00	0.00e+00	0.00e+00
 2.12738e+23	2.95e-09	1.38e-03	3.21e-02	1.02e-01	4.54e-01	3.34e-01	7.31e-02	3.61e-03	1.77e-05	5.75e-07	0.00e+00	0.00e+00	0.00e+00	0.00e+00	0.00e+00
 2.14686e+23	5.13e-09	1.65e-03	3.70e-02	1.13e-01	4.65e-01	3.16e-01	6.43e-02	3.00e-03	1.41e-05	4.47e-07	0.00e+00	0.00e+00	0.00e+00	0.00e+00	0.00e+00
 2.16658e+23	7.92e-09	1.93e-03	4.14e-02	1.23e-01	4.73e-01	3.01e-01	5.76e-02	2.55e-03	1.15e-05	3.59e-07	0.00e+00	0.00e+00	0.00e+00	0.00e+00	0.00e+00
 2.18384e+23	1.07e-08	2.22e-03	4.60e-02	1.33e-01	4.79e-01	2.86e-01	5.16e-02	2.18e-03	9.50e-06	2.91e-07	0.00e+00	0.00e+00	0.00e+00	0.00e+00	0.00e+00
 2.20350e+23	1.57e-08	2.65e-03	5.25e-02	1.46e-01	4.85e-01	2.67e-01	4.48e-02	1.78e-03	7.46e-06	2.23e-07	0.00e+00	0.00e+00	0.00e+00	0.00e+00	0.00e+00
 2.22356e+23	2.09e-08	3.08e-03	5.85e-02	1.58e-01	4.89e-01	2.51e-01	3.96e-02	1.49e-03	6.04e-06	1.77e-07	0.00e+00	0.00e+00	0.00e+00	0.00e+00	0.00e+00
 2.24131e+23	2.70e-08	3.56e-03	6.48e-02	1.70e-01	4.91e-01	2.35e-01	3.50e-02	1.26e-03	4.91e-06	1.41e-07	0.00e+00	0.00e+00	0.00e+00	0.00e+00	0.00e+00
 2.26155e+23	3.65e-08	4.24e-03	7.35e-02	1.84e-01	4.91e-01	2.16e-01	2.98e-02	1.01e-03	3.79e-06	0.00e+00	0.00e+00	0.00e+00	0.00e+00	0.00e+00	0.00e+00
 2.28206e+23	4.64e-08	4.91e-03	8.13e-02	1.97e-01	4.89e-01	2.01e-01	2.60e-02	8.34e-04	3.03e-06	0.00e+00	0.00e+00	0.00e+00	0.00e+00	0.00e+00	0.00e+00
 2.30016e+23	5.77e-08	5.65e-03	8.95e-02	2.10e-01	4.86e-01	1.86e-01	2.26e-02	6.91e-04	2.43e-06	0.00e+00	0.00e+00	0.00e+00	0.00e+00	0.00e+00	0.00e+00
 2.32092e+23	7.52e-08	6.71e-03	1.01e-01	2.26e-01	4.80e-01	1.68e-01	1.89e-02	5.44e-04	1.84e-06	0.00e+00	0.00e+00	0.00e+00	0.00e+00	0.00e+00	0.00e+00
 2.34204e+23	9.31e-08	7.74e-03	1.11e-01	2.39e-01	4.73e-01	1.54e-01	1.62e-02	4.42e-04	1.45e-06	0.00e+00	0.00e+00	0.00e+00	0.00e+00	0.00e+00	0.00e+00
 2.36362e+23	1.20e-07	9.21e-03	1.24e-01	2.55e-01	4.62e-01	1.37e-01	1.33e-02	3.41e-04	1.07e-06	0.00e+00	0.00e+00	0.00e+00	0.00e+00	0.00e+00	0.00e+00
 2.38543e+23	1.47e-07	1.06e-02	1.36e-01	2.68e-01	4.51e-01	1.23e-01	1.12e-02	2.73e-04	8.30e-07	0.00e+00	0.00e+00	0.00e+00	0.00e+00	0.00e+00	0.00e+00
 2.40753e+23	1.87e-07	1.26e-02	1.51e-01	2.83e-01	4.36e-01	1.08e-01	9.04e-03	2.07e-04	6.05e-07	0.00e+00	0.00e+00	0.00e+00	0.00e+00	0.00e+00	0.00e+00
 2.43001e+23	2.29e-07	1.45e-02	1.64e-01	2.95e-01	4.21e-01	9.66e-02	7.52e-03	1.63e-04	4.62e-07	0.00e+00	0.00e+00	0.00e+00	0.00e+00	0.00e+00	0.00e+00
 2.45297e+23	2.90e-07	1.71e-02	1.82e-01	3.10e-01	4.02e-01	8.34e-02	5.94e-03	1.21e-04	3.30e-07	0.00e+00	0.00e+00	0.00e+00	0.00e+00	0.00e+00	0.00e+00
 2.47638e+23	3.52e-07	1.97e-02	1.97e-01	3.20e-01	3.85e-01	7.33e-02	4.85e-03	9.34e-05	2.46e-07	0.00e+00	0.00e+00	0.00e+00	0.00e+00	0.00e+00	0.00e+00
 2.49721e+23	4.24e-07	2.25e-02	2.12e-01	3.30e-01	3.67e-01	6.43e-02	3.96e-03	7.24e-05	1.85e-07	0.00e+00	0.00e+00	0.00e+00	0.00e+00	0.00e+00	0.00e+00
 2.52114e+23	5.33e-07	2.65e-02	2.32e-01	3.40e-01	3.44e-01	5.42e-02	3.05e-03	5.23e-05	1.29e-07	0.00e+00	0.00e+00	0.00e+00	0.00e+00	0.00e+00	0.00e+00
 2.54565e+23	6.45e-07	3.03e-02	2.49e-01	3.47e-01	3.24e-01	4.67e-02	2.43e-03	3.95e-05	0.00e+00	0.00e+00	0.00e+00	0.00e+00	0.00e+00	0.00e+00	0.00e+00
 2.56434e+23	7.37e-07	3.33e-02	2.61e-01	3.51e-01	3.10e-01	4.19e-02	2.07e-03	3.23e-05	0.00e+00	0.00e+00	0.00e+00	0.00e+00	0.00e+00	0.00e+00	0.00e+00
 2.58207e+23	8.65e-07	3.73e-02	2.76e-01	3.56e-01	2.93e-01	3.65e-02	1.68e-03	2.51e-05	0.00e+00	0.00e+00	0.00e+00	0.00e+00	0.00e+00	0.00e+00	0.00e+00
 2.60020e+23	9.85e-07	4.09e-02	2.88e-01	3.58e-01	2.79e-01	3.25e-02	1.42e-03	2.03e-05	0.00e+00	0.00e+00	0.00e+00	0.00e+00	0.00e+00	0.00e+00	0.00e+00
 2.61887e+23	1.15e-06	4.57e-02	3.04e-01	3.61e-01	2.61e-01	2.81e-02	1.14e-03	1.57e-05	0.00e+00	0.00e+00	0.00e+00	0.00e+00	0.00e+00	0.00e+00	0.00e+00
 2.63796e+23	1.33e-06	5.04e-02	3.17e-01	3.61e-01	2.46e-01	2.46e-02	9.40e-04	1.24e-05	0.00e+00	0.00e+00	0.00e+00	0.00e+00	0.00e+00	0.00e+00	0.00e+00
 2.65490e+23	1.51e-06	5.51e-02	3.29e-01	3.61e-01	2.32e-01	2.17e-02	7.82e-04	9.93e-06	0.00e+00	0.00e+00	0.00e+00	0.00e+00	0.00e+00	0.00e+00	0.00e+00
 2.67421e+23	1.77e-06	6.14e-02	3.45e-01	3.60e-01	2.15e-01	1.84e-02	6.18e-04	7.50e-06	0.00e+00	0.00e+00	0.00e+00	0.00e+00	0.00e+00	0.00e+00	0.00e+00
 2.69392e+23	2.03e-06	6.74e-02	3.57e-01	3.58e-01	2.01e-01	1.60e-02	5.05e-04	5.89e-06	0.00e+00	0.00e+00	0.00e+00	0.00e+00	0.00e+00	0.00e+00	0.00e+00
 2.71414e+23	2.39e-06	7.57e-02	3.73e-01	3.54e-01	1.84e-01	1.33e-02	3.89e-04	4.32e-06	0.00e+00	0.00e+00	0.00e+00	0.00e+00	0.00e+00	0.00e+00	0.00e+00
 2.73440e+23	2.73e-06	8.25e-02	3.84e-01	3.51e-01	1.71e-01	1.15e-02	3.17e-04	3.39e-06	0.00e+00	0.00e+00	0.00e+00	0.00e+00	0.00e+00	0.00e+00	0.00e+00
 2.75468e+23	3.19e-06	9.16e-02	3.98e-01	3.45e-01	1.56e-01	9.58e-03	2.45e-04	2.50e-06	0.00e+00	0.00e+00	0.00e+00	0.00e+00	0.00e+00	0.00e+00	0.00e+00
 2.77551e+23	3.66e-06	1.00e-01	4.09e-01	3.39e-01	1.43e-01	8.15e-03	1.96e-04	1.92e-06	0.00e+00	0.00e+00	0.00e+00	0.00e+00	0.00e+00	0.00e+00	0.00e+00
 2.79703e+23	4.33e-06	1.12e-01	4.22e-01	3.30e-01	1.29e-01	6.62e-03	1.47e-04	1.37e-06	0.00e+00	0.00e+00	0.00e+00	0.00e+00	0.00e+00	0.00e+00	0.00e+00
 2.81868e+23	4.94e-06	1.22e-01	4.31e-01	3.23e-01	1.18e-01	5.62e-03	1.17e-04	1.05e-06	0.00e+00	0.00e+00	0.00e+00	0.00e+00	0.00e+00	0.00e+00	0.00e+00
 2.84051e+23	5.82e-06	1.36e-01	4.42e-01	3.12e-01	1.05e-01	4.52e-03	8.70e-05	7.46e-07	0.00e+00	0.00e+00	0.00e+00	0.00e+00	0.00e+00	0.00e+00	0.00e+00
 2.86258e+23	6.66e-06	1.48e-01	4.49e-01	3.03e-01	9.58e-02	3.79e-03	6.84e-05	5.64e-07	0.00e+00	0.00e+00	0.00e+00	0.00e+00	0.00e+00	0.00e+00	0.00e+00
 2.88495e+23	7.82e-06	1.64e-01	4.58e-01	2.90e-01	8.46e-02	3.02e-03	5.04e-05	3.96e-07	0.00e+00	0.00e+00	0.00e+00	0.00e+00	0.00e+00	0.00e+00	0.00e+00
 2.90750e+23	8.97e-06	1.79e-01	4.62e-01	2.80e-01	7.62e-02	2.50e-03	3.92e-05	2.96e-07	0.00e+00	0.00e+00	0.00e+00	0.00e+00	0.00e+00	0.00e+00	0.00e+00
 2.93026e+23	1.06e-05	1.99e-01	4.67e-01	2.66e-01	6.65e-02	1.96e-03	2.84e-05	2.04e-07	0.00e+00	0.00e+00	0.00e+00	0.00e+00	0.00e+00	0.00e+00	0.00e+00
 2.95285e+23	1.20e-05	2.15e-01	4.69e-01	2.54e-01	5.97e-02	1.63e-03	2.21e-05	1.52e-07	0.00e+00	0.00e+00	0.00e+00	0.00e+00	0.00e+00	0.00e+00	0.00e+00
 2.97519e+23	1.41e-05	2.38e-01	4.69e-01	2.40e-01	5.18e-02	1.27e-03	1.59e-05	0.00e+00	0.00e+00	0.00e+00	0.00e+00	0.00e+00	0.00e+00	0.00e+00	0.00e+00
 2.99748e+23	1.60e-05	2.57e-01	4.68e-01	2.28e-01	4.61e-02	1.04e-03	1.23e-05	0.00e+00	0.00e+00	0.00e+00	0.00e+00	0.00e+00	0.00e+00	0.00e+00	0.00e+00
 3.01970e+23	1.87e-05	2.83e-01	4.63e-01	2.13e-01	3.95e-02	8.00e-04	8.74e-06	0.00e+00	0.00e+00	0.00e+00	0.00e+00	0.00e+00	0.00e+00	0.00e+00	0.00e+00
 3.04179e+23	2.12e-05	3.05e-01	4.58e-01	2.02e-01	3.49e-02	6.50e-04	6.69e-06	0.00e+00	0.00e+00	0.00e+00	0.00e+00	0.00e+00	0.00e+00	0.00e+00	0.00e+00
 3.06050e+23	2.38e-05	3.28e-01	4.51e-01	1.90e-01	3.07e-02	5.29e-04	5.14e-06	0.00e+00	0.00e+00	0.00e+00	0.00e+00	0.00e+00	0.00e+00	0.00e+00	0.00e+00
 3.07768e+23	2.66e-05	3.51e-01	4.42e-01	1.80e-01	2.73e-02	4.36e-04	4.01e-06	0.00e+00	0.00e+00	0.00e+00	0.00e+00	0.00e+00	0.00e+00	0.00e+00	0.00e+00
