#depth	O	O+	O+2	O+3	O+4	O+5	O+6	O+7	O+8	O[1]	O[2]	O[3]
 1.54284e+22	4.05e-16	1.76e-11	2.99e-08	4.70e-06	1.52e-04	1.75e-03	1.19e-01	4.62e-01	4.18e-01	4.05e-16	1.40e-26	1.48e-26
 3.49251e+22	2.97e-15	9.98e-11	1.34e-07	1.67e-05	4.21e-04	3.57e-03	1.75e-01	4.95e-01	3.27e-01	2.97e-15	5.66e-24	7.12e-24
 4.10277e+22	7.62e-15	2.27e-10	2.73e-07	3.06e-05	6.91e-04	5.04e-03	2.09e-01	5.03e-01	2.83e-01	7.62e-15	1.46e-23	1.83e-23
 4.40789e+22	1.21e-14	3.39e-10	3.87e-07	4.14e-05	8.86e-04	5.99e-03	2.28e-01	5.04e-01	2.61e-01	1.21e-14	2.31e-23	2.90e-23
 4.55871e+22	1.50e-14	4.10e-10	4.58e-07	4.79e-05	9.99e-04	6.52e-03	2.38e-01	5.04e-01	2.50e-01	1.50e-14	2.87e-23	3.60e-23
 4.67165e+22	1.97e-14	5.21e-10	5.66e-07	5.76e-05	1.16e-03	7.25e-03	2.51e-01	5.04e-01	2.37e-01	1.97e-14	3.77e-23	4.74e-23
 4.79019e+22	2.48e-14	6.36e-10	6.76e-07	6.72e-05	1.32e-03	7.94e-03	2.62e-01	5.03e-01	2.26e-01	2.48e-14	4.74e-23	5.96e-23
 4.89434e+22	3.04e-14	7.62e-10	7.93e-07	7.74e-05	1.49e-03	8.63e-03	2.73e-01	5.01e-01	2.16e-01	3.04e-14	5.82e-23	7.31e-23
 5.00365e+22	3.87e-14	9.41e-10	9.58e-07	9.15e-05	1.72e-03	9.54e-03	2.86e-01	4.99e-01	2.04e-01	3.87e-14	7.40e-23	9.29e-23
 5.11416e+22	4.71e-14	1.12e-09	1.12e-06	1.05e-04	1.93e-03	1.04e-02	2.97e-01	4.96e-01	1.95e-01	4.71e-14	9.02e-23	1.13e-22
 5.22421e+22	5.90e-14	1.37e-09	1.34e-06	1.24e-04	2.22e-03	1.14e-02	3.11e-01	4.92e-01	1.83e-01	5.90e-14	1.13e-22	1.42e-22
 5.33632e+22	7.16e-14	1.62e-09	1.57e-06	1.42e-04	2.50e-03	1.25e-02	3.23e-01	4.88e-01	1.74e-01	7.16e-14	1.37e-22	1.72e-22
 5.44622e+22	8.76e-14	1.94e-09	1.85e-06	1.66e-04	2.85e-03	1.37e-02	3.36e-01	4.83e-01	1.64e-01	8.76e-14	1.68e-22	2.10e-22
 5.55820e+22	1.05e-13	2.29e-09	2.16e-06	1.90e-04	3.22e-03	1.49e-02	3.49e-01	4.78e-01	1.54e-01	1.05e-13	2.02e-22	2.53e-22
 5.66939e+22	1.27e-13	2.70e-09	2.52e-06	2.20e-04	3.64e-03	1.63e-02	3.63e-01	4.72e-01	1.45e-01	1.27e-13	2.42e-22	3.04e-22
 5.78108e+22	1.50e-13	3.15e-09	2.91e-06	2.51e-04	4.10e-03	1.78e-02	3.76e-01	4.66e-01	1.36e-01	1.50e-13	2.88e-22	3.61e-22
 5.89147e+22	1.77e-13	3.65e-09	3.36e-06	2.87e-04	4.61e-03	1.93e-02	3.89e-01	4.59e-01	1.28e-01	1.77e-13	3.39e-22	4.25e-22
 6.00168e+22	2.06e-13	4.20e-09	3.84e-06	3.27e-04	5.16e-03	2.10e-02	4.02e-01	4.52e-01	1.20e-01	2.06e-13	3.95e-22	4.96e-22
 6.11217e+22	2.39e-13	4.81e-09	4.39e-06	3.70e-04	5.77e-03	2.28e-02	4.15e-01	4.44e-01	1.12e-01	2.39e-13	4.58e-22	5.74e-22
 6.22315e+22	2.75e-13	5.48e-09	4.99e-06	4.19e-04	6.43e-03	2.47e-02	4.28e-01	4.36e-01	1.05e-01	2.75e-13	5.27e-22	6.61e-22
 6.33491e+22	3.14e-13	6.21e-09	5.65e-06	4.73e-04	7.16e-03	2.68e-02	4.41e-01	4.27e-01	9.79e-02	3.14e-13	6.03e-22	7.56e-22
 6.44777e+22	3.57e-13	7.01e-09	6.39e-06	5.34e-04	7.96e-03	2.89e-02	4.53e-01	4.18e-01	9.13e-02	3.57e-13	6.86e-22	8.60e-22
 6.56206e+22	4.04e-13	7.88e-09	7.20e-06	6.00e-04	8.84e-03	3.13e-02	4.66e-01	4.08e-01	8.49e-02	4.04e-13	7.77e-22	9.73e-22
 6.67692e+22	4.54e-13	8.81e-09	8.09e-06	6.73e-04	9.77e-03	3.38e-02	4.78e-01	3.99e-01	7.90e-02	4.54e-13	8.73e-22	1.09e-21
 6.79371e+22	5.09e-13	9.84e-09	9.08e-06	7.56e-04	1.08e-02	3.65e-02	4.90e-01	3.89e-01	7.32e-02	5.09e-13	9.78e-22	1.23e-21
 6.91197e+22	5.66e-13	1.09e-08	1.01e-05	8.46e-04	1.19e-02	3.93e-02	5.02e-01	3.78e-01	6.78e-02	5.66e-13	1.09e-21	1.36e-21
 7.03262e+22	6.29e-13	1.21e-08	1.14e-05	9.49e-04	1.32e-02	4.24e-02	5.13e-01	3.68e-01	6.26e-02	6.29e-13	1.21e-21	1.52e-21
 7.14480e+22	6.85e-13	1.32e-08	1.25e-05	1.04e-03	1.43e-02	4.50e-02	5.22e-01	3.59e-01	5.86e-02	6.85e-13	1.32e-21	1.65e-21
 7.26052e+22	7.57e-13	1.47e-08	1.39e-05	1.17e-03	1.58e-02	4.86e-02	5.34e-01	3.47e-01	5.37e-02	7.57e-13	1.46e-21	1.83e-21
 7.37842e+22	8.22e-13	1.59e-08	1.53e-05	1.28e-03	1.70e-02	5.15e-02	5.42e-01	3.38e-01	5.01e-02	8.22e-13	1.58e-21	1.98e-21
 7.49917e+22	9.01e-13	1.76e-08	1.71e-05	1.44e-03	1.88e-02	5.57e-02	5.53e-01	3.26e-01	4.57e-02	9.01e-13	1.74e-21	2.18e-21
 7.62033e+22	9.78e-13	1.91e-08	1.87e-05	1.58e-03	2.02e-02	5.88e-02	5.60e-01	3.16e-01	4.26e-02	9.78e-13	1.89e-21	2.36e-21
 7.74202e+22	1.07e-12	2.11e-08	2.09e-05	1.77e-03	2.22e-02	6.33e-02	5.70e-01	3.04e-01	3.88e-02	1.07e-12	2.07e-21	2.58e-21
 7.86455e+22	1.15e-12	2.28e-08	2.28e-05	1.93e-03	2.39e-02	6.68e-02	5.76e-01	2.95e-01	3.61e-02	1.15e-12	2.23e-21	2.79e-21
 7.98816e+22	1.26e-12	2.51e-08	2.54e-05	2.16e-03	2.61e-02	7.16e-02	5.84e-01	2.83e-01	3.28e-02	1.26e-12	2.44e-21	3.04e-21
 8.11290e+22	1.35e-12	2.72e-08	2.77e-05	2.36e-03	2.80e-02	7.55e-02	5.90e-01	2.74e-01	3.04e-02	1.35e-12	2.63e-21	3.28e-21
 8.23909e+22	1.48e-12	2.99e-08	3.09e-05	2.63e-03	3.05e-02	8.07e-02	5.96e-01	2.62e-01	2.75e-02	1.48e-12	2.86e-21	3.57e-21
 8.36692e+22	1.59e-12	3.25e-08	3.38e-05	2.88e-03	3.26e-02	8.50e-02	6.01e-01	2.53e-01	2.55e-02	1.59e-12	3.09e-21	3.85e-21
 8.49688e+22	1.73e-12	3.58e-08	3.78e-05	3.22e-03	3.55e-02	9.07e-02	6.06e-01	2.41e-01	2.30e-02	1.73e-12	3.37e-21	4.21e-21
 8.62912e+22	1.87e-12	3.90e-08	4.15e-05	3.52e-03	3.79e-02	9.54e-02	6.10e-01	2.32e-01	2.12e-02	1.87e-12	3.65e-21	4.55e-21
 8.76431e+22	2.05e-12	4.33e-08	4.66e-05	3.94e-03	4.12e-02	1.02e-01	6.14e-01	2.20e-01	1.90e-02	2.05e-12	4.00e-21	4.98e-21
 8.90248e+22	2.23e-12	4.74e-08	5.13e-05	4.33e-03	4.41e-02	1.07e-01	6.16e-01	2.11e-01	1.74e-02	2.23e-12	4.35e-21	5.42e-21
 9.04452e+22	2.45e-12	5.30e-08	5.80e-05	4.87e-03	4.79e-02	1.14e-01	6.18e-01	2.00e-01	1.55e-02	2.45e-12	4.80e-21	5.98e-21
 9.18985e+22	2.68e-12	5.85e-08	6.43e-05	5.35e-03	5.12e-02	1.20e-01	6.19e-01	1.91e-01	1.41e-02	2.68e-12	5.26e-21	6.55e-21
 9.31203e+22	2.90e-12	6.37e-08	7.03e-05	5.81e-03	5.42e-02	1.25e-01	6.19e-01	1.83e-01	1.30e-02	2.90e-12	5.69e-21	7.08e-21
 9.44342e+22	3.19e-12	7.10e-08	7.89e-05	6.46e-03	5.82e-02	1.32e-01	6.18e-01	1.74e-01	1.17e-02	3.19e-12	6.27e-21	7.81e-21
 9.57190e+22	3.45e-12	7.73e-08	8.60e-05	6.99e-03	6.13e-02	1.37e-01	6.18e-01	1.67e-01	1.08e-02	3.45e-12	6.78e-21	8.44e-21
 9.69662e+22	3.76e-12	8.56e-08	9.59e-05	7.71e-03	6.55e-02	1.43e-01	6.16e-01	1.58e-01	9.74e-03	3.76e-12	7.42e-21	9.24e-21
 9.82253e+22	4.11e-12	9.40e-08	1.05e-04	8.34e-03	6.89e-02	1.48e-01	6.14e-01	1.51e-01	8.99e-03	4.11e-12	8.12e-21	1.01e-20
 9.95001e+22	4.53e-12	1.05e-07	1.18e-04	9.21e-03	7.34e-02	1.55e-01	6.11e-01	1.43e-01	8.08e-03	4.53e-12	8.98e-21	1.12e-20
 1.00792e+23	4.98e-12	1.16e-07	1.29e-04	9.98e-03	7.73e-02	1.61e-01	6.07e-01	1.37e-01	7.43e-03	4.98e-12	9.87e-21	1.23e-20
 1.02108e+23	5.54e-12	1.30e-07	1.45e-04	1.10e-02	8.23e-02	1.68e-01	6.03e-01	1.29e-01	6.64e-03	5.54e-12	1.10e-20	1.37e-20
 1.03442e+23	6.14e-12	1.45e-07	1.60e-04	1.20e-02	8.66e-02	1.74e-01	5.98e-01	1.23e-01	6.09e-03	6.14e-12	1.22e-20	1.52e-20
 1.04802e+23	6.88e-12	1.65e-07	1.81e-04	1.33e-02	9.22e-02	1.82e-01	5.92e-01	1.15e-01	5.41e-03	6.88e-12	1.37e-20	1.71e-20
 1.06184e+23	7.70e-12	1.84e-07	2.01e-04	1.44e-02	9.70e-02	1.87e-01	5.87e-01	1.10e-01	4.94e-03	7.70e-12	1.54e-20	1.91e-20
 1.07594e+23	8.72e-12	2.11e-07	2.29e-04	1.60e-02	1.03e-01	1.95e-01	5.79e-01	1.02e-01	4.36e-03	8.72e-12	1.75e-20	2.17e-20
 1.09033e+23	9.86e-12	2.39e-07	2.55e-04	1.74e-02	1.09e-01	2.01e-01	5.72e-01	9.69e-02	3.96e-03	9.86e-12	1.98e-20	2.46e-20
 1.10509e+23	1.13e-11	2.77e-07	2.93e-04	1.94e-02	1.16e-01	2.09e-01	5.62e-01	8.99e-02	3.47e-03	1.13e-11	2.29e-20	2.84e-20
 1.12025e+23	1.29e-11	3.15e-07	3.28e-04	2.12e-02	1.22e-01	2.16e-01	5.54e-01	8.46e-02	3.13e-03	1.29e-11	2.62e-20	3.24e-20
 1.13591e+23	1.52e-11	3.72e-07	3.80e-04	2.37e-02	1.30e-01	2.24e-01	5.42e-01	7.80e-02	2.72e-03	1.52e-11	3.09e-20	3.83e-20
 1.15181e+23	1.75e-11	4.28e-07	4.28e-04	2.59e-02	1.36e-01	2.30e-01	5.32e-01	7.31e-02	2.43e-03	1.75e-11	3.57e-20	4.42e-20
 1.16802e+23	2.08e-11	5.10e-07	4.99e-04	2.89e-02	1.45e-01	2.38e-01	5.18e-01	6.70e-02	2.10e-03	2.08e-11	4.27e-20	5.28e-20
 1.18441e+23	2.43e-11	5.90e-07	5.64e-04	3.16e-02	1.52e-01	2.44e-01	5.07e-01	6.26e-02	1.87e-03	2.43e-11	5.00e-20	6.18e-20
 1.20103e+23	2.92e-11	7.09e-07	6.59e-04	3.54e-02	1.62e-01	2.51e-01	4.92e-01	5.70e-02	1.60e-03	2.92e-11	6.05e-20	7.48e-20
 1.21791e+23	3.44e-11	8.26e-07	7.47e-04	3.87e-02	1.70e-01	2.57e-01	4.80e-01	5.30e-02	1.42e-03	3.44e-11	7.16e-20	8.85e-20
 1.23270e+23	4.03e-11	9.59e-07	8.44e-04	4.22e-02	1.78e-01	2.62e-01	4.67e-01	4.92e-02	1.26e-03	4.03e-11	8.42e-20	1.04e-19
 1.24953e+23	4.91e-11	1.16e-06	9.87e-04	4.70e-02	1.88e-01	2.68e-01	4.50e-01	4.46e-02	1.07e-03	4.91e-11	1.03e-19	1.28e-19
 1.26649e+23	5.81e-11	1.35e-06	1.12e-03	5.12e-02	1.96e-01	2.72e-01	4.37e-01	4.12e-02	9.45e-04	5.81e-11	1.23e-19	1.52e-19
 1.28045e+23	6.73e-11	1.55e-06	1.24e-03	5.51e-02	2.03e-01	2.76e-01	4.25e-01	3.84e-02	8.44e-04	6.73e-11	1.43e-19	1.76e-19
 1.29545e+23	8.13e-11	1.84e-06	1.42e-03	6.04e-02	2.13e-01	2.80e-01	4.10e-01	3.51e-02	7.33e-04	8.13e-11	1.74e-19	2.14e-19
 1.31078e+23	9.54e-11	2.12e-06	1.60e-03	6.51e-02	2.21e-01	2.83e-01	3.96e-01	3.25e-02	6.48e-04	9.54e-11	2.05e-19	2.52e-19
 1.32442e+23	1.12e-10	2.44e-06	1.78e-03	7.00e-02	2.28e-01	2.85e-01	3.84e-01	3.01e-02	5.75e-04	1.12e-10	2.41e-19	2.96e-19
 1.34000e+23	1.36e-10	2.91e-06	2.04e-03	7.66e-02	2.38e-01	2.88e-01	3.68e-01	2.73e-02	4.95e-04	1.36e-10	2.96e-19	3.64e-19
 1.35619e+23	1.63e-10	3.41e-06	2.31e-03	8.29e-02	2.47e-01	2.90e-01	3.53e-01	2.50e-02	4.30e-04	1.63e-10	3.56e-19	4.37e-19
 1.37066e+23	1.93e-10	3.94e-06	2.58e-03	8.90e-02	2.55e-01	2.91e-01	3.40e-01	2.30e-02	3.79e-04	1.93e-10	4.24e-19	5.21e-19
 1.38693e+23	2.39e-10	4.73e-06	2.96e-03	9.72e-02	2.64e-01	2.92e-01	3.23e-01	2.06e-02	3.22e-04	2.39e-10	5.30e-19	6.51e-19
 1.40396e+23	2.90e-10	5.59e-06	3.36e-03	1.05e-01	2.73e-01	2.92e-01	3.07e-01	1.87e-02	2.76e-04	2.90e-10	6.47e-19	7.94e-19
 1.41933e+23	3.48e-10	6.51e-06	3.77e-03	1.13e-01	2.81e-01	2.91e-01	2.94e-01	1.70e-02	2.40e-04	3.48e-10	7.83e-19	9.60e-19
 1.43667e+23	4.40e-10	7.90e-06	4.35e-03	1.23e-01	2.91e-01	2.90e-01	2.76e-01	1.51e-02	2.01e-04	4.40e-10	9.99e-19	1.22e-18
 1.45460e+23	5.40e-10	9.37e-06	4.93e-03	1.33e-01	2.99e-01	2.88e-01	2.61e-01	1.35e-02	1.70e-04	5.40e-10	1.24e-18	1.51e-18
 1.47059e+23	6.56e-10	1.10e-05	5.53e-03	1.42e-01	3.07e-01	2.86e-01	2.47e-01	1.22e-02	1.46e-04	6.56e-10	1.51e-18	1.85e-18
 1.48867e+23	8.38e-10	1.34e-05	6.39e-03	1.55e-01	3.16e-01	2.82e-01	2.30e-01	1.06e-02	1.20e-04	8.38e-10	1.96e-18	2.39e-18
 1.50747e+23	1.04e-09	1.59e-05	7.25e-03	1.67e-01	3.23e-01	2.78e-01	2.16e-01	9.40e-03	1.01e-04	1.04e-09	2.46e-18	3.01e-18
 1.52436e+23	1.28e-09	1.88e-05	8.15e-03	1.78e-01	3.29e-01	2.74e-01	2.02e-01	8.37e-03	8.50e-05	1.28e-09	3.06e-18	3.73e-18
 1.54350e+23	1.67e-09	2.31e-05	9.44e-03	1.94e-01	3.37e-01	2.67e-01	1.86e-01	7.18e-03	6.83e-05	1.67e-09	4.04e-18	4.93e-18
 1.56328e+23	2.10e-09	2.76e-05	1.07e-02	2.07e-01	3.42e-01	2.61e-01	1.72e-01	6.28e-03	5.64e-05	2.10e-09	5.13e-18	6.25e-18
 1.58111e+23	2.62e-09	3.26e-05	1.20e-02	2.21e-01	3.47e-01	2.55e-01	1.60e-01	5.51e-03	4.68e-05	2.62e-09	6.47e-18	7.88e-18
 1.60155e+23	3.47e-09	4.05e-05	1.40e-02	2.39e-01	3.52e-01	2.46e-01	1.44e-01	4.63e-03	3.66e-05	3.47e-09	8.74e-18	1.06e-17
 1.62226e+23	4.39e-09	4.84e-05	1.58e-02	2.55e-01	3.56e-01	2.38e-01	1.32e-01	4.00e-03	2.98e-05	4.39e-09	1.12e-17	1.36e-17
 1.64056e+23	5.50e-09	5.72e-05	1.76e-02	2.70e-01	3.58e-01	2.30e-01	1.21e-01	3.46e-03	2.44e-05	5.50e-09	1.42e-17	1.72e-17
 1.66159e+23	7.37e-09	7.10e-05	2.04e-02	2.90e-01	3.60e-01	2.19e-01	1.08e-01	2.86e-03	1.87e-05	7.37e-09	1.94e-17	2.35e-17
 1.68289e+23	9.32e-09	8.45e-05	2.29e-02	3.06e-01	3.60e-01	2.10e-01	9.82e-02	2.44e-03	1.50e-05	9.32e-09	2.50e-17	3.02e-17
 1.70453e+23	1.25e-08	1.05e-04	2.64e-02	3.27e-01	3.60e-01	1.98e-01	8.68e-02	2.00e-03	1.14e-05	1.25e-08	3.42e-17	4.14e-17
 1.72663e+23	1.60e-08	1.25e-04	2.96e-02	3.45e-01	3.58e-01	1.88e-01	7.79e-02	1.68e-03	9.02e-06	1.60e-08	4.45e-17	5.38e-17
 1.74629e+23	2.03e-08	1.48e-04	3.31e-02	3.62e-01	3.55e-01	1.78e-01	7.00e-02	1.42e-03	7.15e-06	2.03e-08	5.76e-17	6.95e-17
 1.76884e+23	2.76e-08	1.84e-04	3.80e-02	3.84e-01	3.51e-01	1.66e-01	6.07e-02	1.13e-03	5.27e-06	2.76e-08	8.03e-17	9.69e-17
 1.79170e+23	3.51e-08	2.19e-04	4.23e-02	4.01e-01	3.46e-01	1.56e-01	5.40e-02	9.44e-04	4.11e-06	3.51e-08	1.04e-16	1.26e-16
 1.81496e+23	4.80e-08	2.72e-04	4.85e-02	4.23e-01	3.38e-01	1.43e-01	4.62e-02	7.42e-04	2.97e-06	4.80e-08	1.47e-16	1.77e-16
 1.83852e+23	6.14e-08	3.22e-04	5.39e-02	4.39e-01	3.32e-01	1.34e-01	4.07e-02	6.10e-04	2.29e-06	6.14e-08	1.92e-16	2.31e-16
 1.85910e+23	7.78e-08	3.80e-04	5.96e-02	4.55e-01	3.24e-01	1.24e-01	3.59e-02	5.04e-04	1.77e-06	7.78e-08	2.49e-16	3.00e-16
 1.87882e+23	9.71e-08	4.42e-04	6.53e-02	4.69e-01	3.17e-01	1.16e-01	3.18e-02	4.19e-04	1.39e-06	9.71e-08	3.18e-16	3.83e-16
 1.89761e+23	1.20e-07	5.10e-04	7.12e-02	4.82e-01	3.09e-01	1.08e-01	2.83e-02	3.51e-04	1.10e-06	1.20e-07	4.01e-16	4.82e-16
 1.91879e+23	1.58e-07	6.16e-04	7.95e-02	4.98e-01	2.99e-01	9.86e-02	2.42e-02	2.77e-04	7.99e-07	1.58e-07	5.44e-16	6.53e-16
 1.93973e+23	1.93e-07	7.05e-04	8.62e-02	5.09e-01	2.90e-01	9.17e-02	2.14e-02	2.32e-04	6.31e-07	1.93e-07	6.80e-16	8.16e-16
 1.96036e+23	2.49e-07	8.38e-04	9.52e-02	5.23e-01	2.79e-01	8.34e-02	1.84e-02	1.84e-04	4.65e-07	2.49e-07	9.05e-16	1.09e-15
 1.98161e+23	3.09e-07	9.68e-04	1.03e-01	5.33e-01	2.70e-01	7.68e-02	1.61e-02	1.51e-04	3.58e-07	3.09e-07	1.15e-15	1.38e-15
 2.00366e+23	4.04e-07	1.16e-03	1.14e-01	5.45e-01	2.57e-01	6.89e-02	1.36e-02	1.17e-04	2.57e-07	4.04e-07	1.55e-15	1.86e-15
 2.02587e+23	5.00e-07	1.33e-03	1.24e-01	5.53e-01	2.47e-01	6.30e-02	1.18e-02	9.52e-05	1.96e-07	5.00e-07	1.97e-15	2.36e-15
 2.04828e+23	6.54e-07	1.59e-03	1.37e-01	5.62e-01	2.34e-01	5.61e-02	9.84e-03	7.31e-05	1.39e-07	6.54e-07	2.67e-15	3.19e-15
 2.07089e+23	8.05e-07	1.82e-03	1.47e-01	5.68e-01	2.24e-01	5.10e-02	8.52e-03	5.92e-05	0.00e+00	8.05e-07	3.37e-15	4.02e-15
 2.08911e+23	9.58e-07	2.04e-03	1.57e-01	5.72e-01	2.15e-01	4.70e-02	7.53e-03	4.94e-05	0.00e+00	9.58e-07	4.10e-15	4.90e-15
 2.10815e+23	1.19e-06	2.36e-03	1.69e-01	5.76e-01	2.04e-01	4.24e-02	6.43e-03	3.93e-05	0.00e+00	1.19e-06	5.26e-15	6.28e-15
 2.12738e+23	1.42e-06	2.64e-03	1.80e-01	5.78e-01	1.95e-01	3.88e-02	5.65e-03	3.25e-05	0.00e+00	1.42e-06	6.42e-15	7.65e-15
 2.14686e+23	1.76e-06	3.04e-03	1.93e-01	5.79e-01	1.84e-01	3.48e-02	4.81e-03	2.57e-05	0.00e+00	1.76e-06	8.23e-15	9.79e-15
 2.16658e+23	2.10e-06	3.41e-03	2.06e-01	5.80e-01	1.76e-01	3.17e-02	4.19e-03	2.11e-05	0.00e+00	2.10e-06	1.01e-14	1.20e-14
 2.18384e+23	2.49e-06	3.80e-03	2.17e-01	5.79e-01	1.67e-01	2.89e-02	3.67e-03	1.74e-05	0.00e+00	2.49e-06	1.22e-14	1.45e-14
 2.20350e+23	3.07e-06	4.34e-03	2.33e-01	5.77e-01	1.57e-01	2.57e-02	3.10e-03	1.36e-05	0.00e+00	3.07e-06	1.56e-14	1.85e-14
 2.22356e+23	3.66e-06	4.86e-03	2.46e-01	5.74e-01	1.49e-01	2.32e-02	2.68e-03	1.11e-05	0.00e+00	3.66e-06	1.91e-14	2.27e-14
 2.24131e+23	4.34e-06	5.43e-03	2.60e-01	5.71e-01	1.41e-01	2.11e-02	2.33e-03	9.04e-06	0.00e+00	4.34e-06	2.33e-14	2.77e-14
 2.26155e+23	5.36e-06	6.22e-03	2.77e-01	5.65e-01	1.31e-01	1.86e-02	1.95e-03	7.00e-06	0.00e+00	5.36e-06	2.99e-14	3.55e-14
 2.28206e+23	6.38e-06	6.95e-03	2.92e-01	5.59e-01	1.23e-01	1.67e-02	1.67e-03	5.63e-06	0.00e+00	6.38e-06	3.67e-14	4.35e-14
 2.30016e+23	7.56e-06	7.74e-03	3.07e-01	5.52e-01	1.16e-01	1.50e-02	1.44e-03	4.55e-06	0.00e+00	7.56e-06	4.47e-14	5.30e-14
 2.32092e+23	9.34e-06	8.86e-03	3.27e-01	5.43e-01	1.07e-01	1.31e-02	1.19e-03	3.47e-06	0.00e+00	9.34e-06	5.75e-14	6.81e-14
 2.34204e+23	1.11e-05	9.89e-03	3.44e-01	5.34e-01	1.00e-01	1.16e-02	1.02e-03	2.76e-06	0.00e+00	1.11e-05	7.05e-14	8.35e-14
 2.36362e+23	1.38e-05	1.13e-02	3.65e-01	5.22e-01	9.16e-02	1.00e-02	8.30e-04	2.07e-06	0.00e+00	1.38e-05	9.13e-14	1.08e-13
 2.38543e+23	1.64e-05	1.27e-02	3.83e-01	5.10e-01	8.49e-02	8.85e-03	7.00e-04	1.63e-06	0.00e+00	1.64e-05	1.12e-13	1.33e-13
 2.40753e+23	2.03e-05	1.45e-02	4.05e-01	4.95e-01	7.72e-02	7.57e-03	5.67e-04	1.21e-06	0.00e+00	2.03e-05	1.46e-13	1.72e-13
 2.43001e+23	2.42e-05	1.62e-02	4.24e-01	4.82e-01	7.11e-02	6.62e-03	4.73e-04	9.34e-07	0.00e+00	2.42e-05	1.80e-13	2.13e-13
 2.45297e+23	3.01e-05	1.85e-02	4.47e-01	4.64e-01	6.40e-02	5.60e-03	3.78e-04	6.81e-07	0.00e+00	3.01e-05	2.34e-13	2.77e-13
 2.47638e+23	3.59e-05	2.07e-02	4.67e-01	4.49e-01	5.84e-02	4.84e-03	3.12e-04	5.18e-07	0.00e+00	3.59e-05	2.90e-13	3.43e-13
 2.49721e+23	4.27e-05	2.30e-02	4.87e-01	4.33e-01	5.32e-02	4.20e-03	2.58e-04	3.97e-07	0.00e+00	4.27e-05	3.59e-13	4.24e-13
 2.52114e+23	5.30e-05	2.64e-02	5.11e-01	4.12e-01	4.73e-02	3.49e-03	2.02e-04	2.83e-07	0.00e+00	5.30e-05	4.69e-13	5.54e-13
 2.54565e+23	6.33e-05	2.94e-02	5.31e-01	3.94e-01	4.26e-02	2.97e-03	1.64e-04	2.10e-07	0.00e+00	6.33e-05	5.83e-13	6.90e-13
 2.56434e+23	7.15e-05	3.17e-02	5.46e-01	3.80e-01	3.94e-02	2.65e-03	1.41e-04	1.70e-07	0.00e+00	7.15e-05	6.78e-13	8.02e-13
 2.58207e+23	8.35e-05	3.49e-02	5.63e-01	3.64e-01	3.58e-02	2.29e-03	1.17e-04	1.31e-07	0.00e+00	8.35e-05	8.24e-13	9.74e-13
 2.60020e+23	9.44e-05	3.76e-02	5.77e-01	3.50e-01	3.30e-02	2.03e-03	9.98e-05	0.00e+00	0.00e+00	9.44e-05	9.61e-13	1.14e-12
 2.61887e+23	1.10e-04	4.13e-02	5.94e-01	3.33e-01	2.98e-02	1.74e-03	8.21e-05	0.00e+00	0.00e+00	1.10e-04	1.17e-12	1.38e-12
 2.63796e+23	1.26e-04	4.47e-02	6.08e-01	3.18e-01	2.72e-02	1.52e-03	6.89e-05	0.00e+00	0.00e+00	1.26e-04	1.38e-12	1.63e-12
 2.65490e+23	1.42e-04	4.82e-02	6.21e-01	3.04e-01	2.49e-02	1.34e-03	5.83e-05	0.00e+00	0.00e+00	1.42e-04	1.62e-12	1.91e-12
 2.67421e+23	1.67e-04	5.31e-02	6.37e-01	2.86e-01	2.22e-02	1.13e-03	4.72e-05	0.00e+00	0.00e+00	1.67e-04	1.98e-12	2.33e-12
 2.69392e+23	1.90e-04	5.74e-02	6.50e-01	2.71e-01	2.00e-02	9.78e-04	3.92e-05	0.00e+00	0.00e+00	1.90e-04	2.33e-12	2.75e-12
 2.71414e+23	2.24e-04	6.35e-02	6.65e-01	2.53e-01	1.76e-02	8.13e-04	3.10e-05	0.00e+00	0.00e+00	2.24e-04	2.88e-12	3.40e-12
 2.73440e+23	2.53e-04	6.83e-02	6.77e-01	2.38e-01	1.59e-02	7.01e-04	2.57e-05	0.00e+00	0.00e+00	2.53e-04	3.38e-12	3.99e-12
 2.75468e+23	2.97e-04	7.52e-02	6.89e-01	2.21e-01	1.39e-02	5.82e-04	2.04e-05	0.00e+00	0.00e+00	2.97e-04	4.15e-12	4.90e-12
 2.77551e+23	3.39e-04	8.13e-02	6.99e-01	2.06e-01	1.24e-02	4.93e-04	1.66e-05	0.00e+00	0.00e+00	3.39e-04	4.92e-12	5.81e-12
 2.79703e+23	4.02e-04	9.01e-02	7.10e-01	1.88e-01	1.07e-02	4.00e-04	1.28e-05	0.00e+00	0.00e+00	4.02e-04	6.15e-12	7.25e-12
 2.81868e+23	4.57e-04	9.72e-02	7.18e-01	1.75e-01	9.42e-03	3.37e-04	1.03e-05	0.00e+00	0.00e+00	4.57e-04	7.26e-12	8.57e-12
 2.84051e+23	5.43e-04	1.08e-01	7.26e-01	1.58e-01	8.04e-03	2.70e-04	7.87e-06	0.00e+00	0.00e+00	5.43e-04	9.09e-12	1.07e-11
 2.86258e+23	6.21e-04	1.17e-01	7.31e-01	1.45e-01	7.03e-03	2.24e-04	6.28e-06	0.00e+00	0.00e+00	6.21e-04	1.08e-11	1.27e-11
 2.88495e+23	7.38e-04	1.29e-01	7.34e-01	1.29e-01	5.95e-03	1.78e-04	4.73e-06	0.00e+00	0.00e+00	7.38e-04	1.35e-11	1.59e-11
 2.90750e+23	8.49e-04	1.41e-01	7.36e-01	1.17e-01	5.14e-03	1.46e-04	3.72e-06	0.00e+00	0.00e+00	8.49e-04	1.61e-11	1.90e-11
 2.93026e+23	1.02e-03	1.57e-01	7.35e-01	1.03e-01	4.29e-03	1.13e-04	2.75e-06	0.00e+00	0.00e+00	1.02e-03	2.03e-11	2.40e-11
 2.95285e+23	1.17e-03	1.70e-01	7.32e-01	9.25e-02	3.69e-03	9.19e-05	2.15e-06	0.00e+00	0.00e+00	1.17e-03	2.42e-11	2.87e-11
 2.97519e+23	1.41e-03	1.90e-01	7.26e-01	8.02e-02	3.05e-03	7.04e-05	1.58e-06	0.00e+00	0.00e+00	1.41e-03	3.06e-11	3.62e-11
 2.99748e+23	1.63e-03	2.07e-01	7.18e-01	7.11e-02	2.61e-03	5.66e-05	1.22e-06	0.00e+00	0.00e+00	1.63e-03	3.67e-11	4.34e-11
 3.01970e+23	1.97e-03	2.31e-01	7.04e-01	6.06e-02	2.14e-03	4.25e-05	8.84e-07	0.00e+00	0.00e+00	1.97e-03	4.66e-11	5.52e-11
 3.04179e+23	2.30e-03	2.54e-01	6.89e-01	5.27e-02	1.81e-03	3.35e-05	6.77e-07	0.00e+00	0.00e+00	2.30e-03	5.66e-11	6.70e-11
 3.06050e+23	2.68e-03	2.79e-01	6.71e-01	4.58e-02	1.54e-03	2.65e-05	5.22e-07	0.00e+00	0.00e+00	2.68e-03	6.84e-11	8.10e-11
 3.07768e+23	3.12e-03	3.05e-01	6.51e-01	3.99e-02	1.32e-03	2.12e-05	4.08e-07	0.00e+00	0.00e+00	3.12e-03	8.18e-11	9.69e-11
