#depth	H	H+	H2
 1.54284e+22	4.00e-04	1.00e+00	2.97e-21
 3.51512e+22	5.69e-04	9.99e-01	1.54e-20
 4.15928e+22	6.74e-04	9.99e-01	4.17e-20
 4.53889e+22	7.67e-04	9.99e-01	9.45e-20
 4.75869e+22	8.02e-04	9.99e-01	1.24e-19
 4.88498e+22	8.47e-04	9.99e-01	1.73e-19
 5.02113e+22	8.92e-04	9.99e-01	2.44e-19
 5.15003e+22	9.34e-04	9.99e-01	3.38e-19
 5.29751e+22	9.94e-04	9.99e-01	5.36e-19
 5.44720e+22	1.05e-03	9.99e-01	8.13e-19
 5.57916e+22	1.10e-03	9.99e-01	1.17e-18
 5.73008e+22	1.17e-03	9.99e-01	1.99e-18
 5.88366e+22	1.24e-03	9.99e-01	3.32e-18
 6.04070e+22	1.32e-03	9.99e-01	6.19e-18
 6.19952e+22	1.39e-03	9.99e-01	1.18e-17
 6.36065e+22	1.49e-03	9.99e-01	2.47e-17
 6.52448e+22	1.57e-03	9.98e-01	4.93e-17
 6.69181e+22	1.68e-03	9.98e-01	9.71e-17
 6.86235e+22	1.78e-03	9.98e-01	1.82e-16
 7.01359e+22	1.88e-03	9.98e-01	2.62e-16
 7.18673e+22	2.02e-03	9.98e-01	4.36e-16
 7.30906e+22	2.05e-03	9.98e-01	4.80e-16
 7.35596e+22	2.09e-03	9.98e-01	5.32e-16
 7.40757e+22	2.14e-03	9.98e-01	6.13e-16
 7.47467e+22	2.19e-03	9.98e-01	7.22e-16
 7.56189e+22	2.27e-03	9.98e-01	9.01e-16
 7.67527e+22	2.37e-03	9.98e-01	1.22e-15
 7.79817e+22	2.47e-03	9.98e-01	1.58e-15
 7.93343e+22	2.61e-03	9.97e-01	2.17e-15
 8.07045e+22	2.73e-03	9.97e-01	2.76e-15
 8.20976e+22	2.87e-03	9.97e-01	3.66e-15
 8.35246e+22	3.01e-03	9.97e-01	4.67e-15
 8.49958e+22	3.19e-03	9.97e-01	6.35e-15
 8.64616e+22	3.33e-03	9.97e-01	7.77e-15
 8.79203e+22	3.52e-03	9.96e-01	1.01e-14
 8.94248e+22	3.68e-03	9.96e-01	1.24e-14
 9.09885e+22	3.91e-03	9.96e-01	1.60e-14
 9.25734e+22	4.10e-03	9.96e-01	1.97e-14
 9.41858e+22	4.36e-03	9.96e-01	2.56e-14
 9.58184e+22	4.57e-03	9.95e-01	3.10e-14
 9.74773e+22	4.87e-03	9.95e-01	3.93e-14
 9.91692e+22	5.11e-03	9.95e-01	4.80e-14
 1.00904e+23	5.46e-03	9.95e-01	6.22e-14
 1.02642e+23	5.74e-03	9.94e-01	7.61e-14
 1.04384e+23	6.14e-03	9.94e-01	9.89e-14
 1.06133e+23	6.47e-03	9.94e-01	1.21e-13
 1.07890e+23	6.94e-03	9.93e-01	1.59e-13
 1.09652e+23	7.32e-03	9.93e-01	1.96e-13
 1.11420e+23	7.88e-03	9.92e-01	2.60e-13
 1.13188e+23	8.33e-03	9.92e-01	3.22e-13
 1.14956e+23	9.04e-03	9.91e-01	4.34e-13
 1.16716e+23	9.60e-03	9.90e-01	5.45e-13
 1.18467e+23	1.04e-02	9.90e-01	7.39e-13
 1.20228e+23	1.12e-02	9.89e-01	9.48e-13
 1.22003e+23	1.23e-02	9.88e-01	1.33e-12
 1.23783e+23	1.34e-02	9.87e-01	1.75e-12
 1.25569e+23	1.49e-02	9.85e-01	2.50e-12
 1.27383e+23	1.65e-02	9.84e-01	3.44e-12
 1.28957e+23	1.83e-02	9.82e-01	4.76e-12
 1.30309e+23	1.99e-02	9.80e-01	6.18e-12
 1.31648e+23	2.22e-02	9.78e-01	8.55e-12
 1.33060e+23	2.50e-02	9.75e-01	1.18e-11
 1.34341e+23	2.81e-02	9.72e-01	1.64e-11
 1.35778e+23	3.29e-02	9.67e-01	2.52e-11
 1.37254e+23	3.89e-02	9.61e-01	3.88e-11
 1.38453e+23	4.55e-02	9.54e-01	5.74e-11
 1.39481e+23	5.29e-02	9.47e-01	8.26e-11
 1.40428e+23	6.20e-02	9.38e-01	1.21e-10
 1.41334e+23	7.31e-02	9.27e-01	1.77e-10
 1.42219e+23	8.76e-02	9.12e-01	2.67e-10
 1.43028e+23	1.05e-01	8.95e-01	3.97e-10
 1.43729e+23	1.25e-01	8.75e-01	5.75e-10
 1.44348e+23	1.47e-01	8.53e-01	8.17e-10
 1.44909e+23	1.71e-01	8.29e-01	1.13e-09
 1.45424e+23	1.98e-01	8.02e-01	1.53e-09
 1.45905e+23	2.29e-01	7.71e-01	2.05e-09
 1.46354e+23	2.62e-01	7.38e-01	2.70e-09
 1.46767e+23	2.96e-01	7.04e-01	3.45e-09
 1.47141e+23	3.31e-01	6.69e-01	4.28e-09
 1.47465e+23	3.63e-01	6.37e-01	5.11e-09
 1.47701e+23	3.87e-01	6.13e-01	5.76e-09
 1.47864e+23	4.04e-01	5.96e-01	6.23e-09
 1.48030e+23	4.22e-01	5.78e-01	6.77e-09
 1.48231e+23	4.44e-01	5.56e-01	7.45e-09
 1.48452e+23	4.68e-01	5.32e-01	8.23e-09
 1.48675e+23	4.92e-01	5.08e-01	8.99e-09
 1.48890e+23	5.15e-01	4.85e-01	9.72e-09
 1.49094e+23	5.36e-01	4.64e-01	1.04e-08
 1.49255e+23	5.51e-01	4.49e-01	1.09e-08
 1.49368e+23	5.62e-01	4.38e-01	1.13e-08
 1.49479e+23	5.73e-01	4.27e-01	1.17e-08
 1.49610e+23	5.84e-01	4.16e-01	1.20e-08
 1.49754e+23	5.98e-01	4.02e-01	1.25e-08
 1.49897e+23	6.10e-01	3.90e-01	1.30e-08
 1.50034e+23	6.22e-01	3.78e-01	1.34e-08
 1.50172e+23	6.33e-01	3.67e-01	1.38e-08
 1.50319e+23	6.45e-01	3.55e-01	1.42e-08
 1.50472e+23	6.56e-01	3.44e-01	1.46e-08
 1.50626e+23	6.68e-01	3.32e-01	1.50e-08
 1.50780e+23	6.78e-01	3.22e-01	1.54e-08
 1.50940e+23	6.89e-01	3.11e-01	1.57e-08
 1.51107e+23	7.00e-01	3.00e-01	1.61e-08
 1.51278e+23	7.10e-01	2.90e-01	1.65e-08
 1.51452e+23	7.20e-01	2.80e-01	1.68e-08
 1.51631e+23	7.30e-01	2.70e-01	1.72e-08
 1.51816e+23	7.40e-01	2.60e-01	1.75e-08
 1.52007e+23	7.49e-01	2.51e-01	1.78e-08
 1.52204e+23	7.59e-01	2.41e-01	1.82e-08
 1.52407e+23	7.68e-01	2.32e-01	1.85e-08
 1.52616e+23	7.76e-01	2.24e-01	1.88e-08
 1.52832e+23	7.85e-01	2.15e-01	1.91e-08
 1.53056e+23	7.93e-01	2.07e-01	1.94e-08
 1.53288e+23	8.01e-01	1.99e-01	1.97e-08
 1.53529e+23	8.09e-01	1.91e-01	2.00e-08
 1.53779e+23	8.16e-01	1.84e-01	2.03e-08
 1.54038e+23	8.23e-01	1.77e-01	2.06e-08
 1.54302e+23	8.30e-01	1.70e-01	2.09e-08
 1.54573e+23	8.36e-01	1.64e-01	2.11e-08
 1.54853e+23	8.42e-01	1.58e-01	2.14e-08
 1.55140e+23	8.48e-01	1.52e-01	2.18e-08
 1.55439e+23	8.54e-01	1.46e-01	2.21e-08
 1.55752e+23	8.59e-01	1.41e-01	2.25e-08
 1.56074e+23	8.64e-01	1.36e-01	2.29e-08
 1.56407e+23	8.69e-01	1.31e-01	2.33e-08
 1.56757e+23	8.73e-01	1.27e-01	2.38e-08
 1.57124e+23	8.78e-01	1.22e-01	2.43e-08
 1.57508e+23	8.82e-01	1.18e-01	2.49e-08
 1.57913e+23	8.86e-01	1.14e-01	2.56e-08
 1.58340e+23	8.90e-01	1.10e-01	2.64e-08
 1.58789e+23	8.94e-01	1.06e-01	2.73e-08
 1.59237e+23	8.97e-01	1.03e-01	2.83e-08
 1.59667e+23	9.00e-01	9.98e-02	2.93e-08
 1.60086e+23	9.03e-01	9.71e-02	3.04e-08
 1.60494e+23	9.06e-01	9.45e-02	3.16e-08
 1.60893e+23	9.08e-01	9.20e-02	3.28e-08
 1.61279e+23	9.10e-01	8.97e-02	3.38e-08
 1.61647e+23	9.12e-01	8.76e-02	3.49e-08
 1.61990e+23	9.14e-01	8.57e-02	3.60e-08
 1.62324e+23	9.16e-01	8.39e-02	3.72e-08
 1.62658e+23	9.18e-01	8.20e-02	3.85e-08
 1.62981e+23	9.20e-01	8.02e-02	3.98e-08
 1.63293e+23	9.21e-01	7.86e-02	4.13e-08
 1.63594e+23	9.23e-01	7.70e-02	4.28e-08
 1.63885e+23	9.25e-01	7.54e-02	4.44e-08
 1.64166e+23	9.26e-01	7.40e-02	4.61e-08
 1.64438e+23	9.27e-01	7.26e-02	4.78e-08
 1.64700e+23	9.29e-01	7.12e-02	4.97e-08
 1.64952e+23	9.30e-01	6.99e-02	5.17e-08
 1.65196e+23	9.31e-01	6.86e-02	5.38e-08
 1.65427e+23	9.33e-01	6.74e-02	5.59e-08
 1.65654e+23	9.34e-01	6.63e-02	5.84e-08
 1.65874e+23	9.35e-01	6.51e-02	6.10e-08
 1.66076e+23	9.36e-01	6.41e-02	6.34e-08
 1.66259e+23	9.37e-01	6.32e-02	6.58e-08
 1.66426e+23	9.38e-01	6.24e-02	6.81e-08
 1.66577e+23	9.38e-01	6.16e-02	7.03e-08
 1.66715e+23	9.39e-01	6.10e-02	7.24e-08
 1.66841e+23	9.40e-01	6.04e-02	7.44e-08
 1.66955e+23	9.40e-01	5.99e-02	7.62e-08
 1.67081e+23	9.41e-01	5.91e-02	7.87e-08
 1.67216e+23	9.42e-01	5.83e-02	8.09e-08
 1.67339e+23	9.42e-01	5.78e-02	8.30e-08
 1.67474e+23	9.43e-01	5.70e-02	8.55e-08
 1.67620e+23	9.44e-01	5.61e-02	8.80e-08
 1.67752e+23	9.44e-01	5.55e-02	9.02e-08
 1.67873e+23	9.45e-01	5.50e-02	9.20e-08
 1.68005e+23	9.46e-01	5.43e-02	9.44e-08
 1.68148e+23	9.47e-01	5.34e-02	9.66e-08
 1.68277e+23	9.47e-01	5.29e-02	9.83e-08
 1.68420e+23	9.48e-01	5.23e-02	1.00e-07
 1.68573e+23	9.48e-01	5.15e-02	1.02e-07
 1.68713e+23	9.49e-01	5.09e-02	1.04e-07
 1.68840e+23	9.49e-01	5.06e-02	1.05e-07
 1.68980e+23	9.50e-01	4.99e-02	1.06e-07
 1.69130e+23	9.51e-01	4.92e-02	1.07e-07
 1.69267e+23	9.51e-01	4.87e-02	1.08e-07
 1.69417e+23	9.52e-01	4.81e-02	1.09e-07
 1.69579e+23	9.53e-01	4.73e-02	1.10e-07
 1.69726e+23	9.53e-01	4.68e-02	1.11e-07
 1.69888e+23	9.54e-01	4.62e-02	1.11e-07
 1.70062e+23	9.55e-01	4.54e-02	1.12e-07
 1.70221e+23	9.55e-01	4.48e-02	1.12e-07
 1.70365e+23	9.56e-01	4.43e-02	1.12e-07
 1.70497e+23	9.56e-01	4.39e-02	1.12e-07
 1.70616e+23	9.57e-01	4.35e-02	1.12e-07
 1.70747e+23	9.57e-01	4.30e-02	1.12e-07
 1.70889e+23	9.58e-01	4.23e-02	1.12e-07
 1.71018e+23	9.58e-01	4.19e-02	1.12e-07
 1.71159e+23	9.59e-01	4.14e-02	1.11e-07
 1.71311e+23	9.59e-01	4.08e-02	1.11e-07
 1.71450e+23	9.60e-01	4.03e-02	1.11e-07
 1.71576e+23	9.60e-01	3.99e-02	1.11e-07
 1.71690e+23	9.60e-01	3.96e-02	1.10e-07
 1.71816e+23	9.61e-01	3.92e-02	1.10e-07
 1.71952e+23	9.61e-01	3.86e-02	1.09e-07
 1.72075e+23	9.62e-01	3.82e-02	1.09e-07
 1.72188e+23	9.62e-01	3.80e-02	1.08e-07
 1.72311e+23	9.62e-01	3.76e-02	1.08e-07
 1.72444e+23	9.63e-01	3.71e-02	1.08e-07
 1.72590e+23	9.63e-01	3.66e-02	1.07e-07
 1.72747e+23	9.64e-01	3.61e-02	1.07e-07
 1.72890e+23	9.64e-01	3.57e-02	1.07e-07
 1.73021e+23	9.65e-01	3.55e-02	1.06e-07
 1.73163e+23	9.65e-01	3.51e-02	1.06e-07
 1.73317e+23	9.65e-01	3.46e-02	1.06e-07
 1.73458e+23	9.66e-01	3.43e-02	1.05e-07
 1.73611e+23	9.66e-01	3.39e-02	1.05e-07
 1.73777e+23	9.67e-01	3.34e-02	1.05e-07
 1.73928e+23	9.67e-01	3.30e-02	1.04e-07
 1.74066e+23	9.67e-01	3.28e-02	1.04e-07
 1.74216e+23	9.68e-01	3.24e-02	1.03e-07
 1.74379e+23	9.68e-01	3.20e-02	1.03e-07
 1.74527e+23	9.68e-01	3.17e-02	1.03e-07
 1.74689e+23	9.69e-01	3.13e-02	1.03e-07
 1.74864e+23	9.69e-01	3.08e-02	1.02e-07
 1.75023e+23	9.70e-01	3.05e-02	1.02e-07
 1.75168e+23	9.70e-01	3.03e-02	1.02e-07
 1.75327e+23	9.70e-01	2.99e-02	1.01e-07
 1.75498e+23	9.71e-01	2.95e-02	1.01e-07
 1.75654e+23	9.71e-01	2.92e-02	1.01e-07
 1.75825e+23	9.71e-01	2.88e-02	1.01e-07
 1.76010e+23	9.72e-01	2.84e-02	1.01e-07
 1.76178e+23	9.72e-01	2.81e-02	1.00e-07
 1.76362e+23	9.72e-01	2.77e-02	9.98e-08
 1.76560e+23	9.73e-01	2.73e-02	9.98e-08
 1.76741e+23	9.73e-01	2.70e-02	9.97e-08
 1.76939e+23	9.73e-01	2.66e-02	9.91e-08
 1.77153e+23	9.74e-01	2.62e-02	9.93e-08
 1.77348e+23	9.74e-01	2.59e-02	9.93e-08
 1.77561e+23	9.74e-01	2.55e-02	9.89e-08
 1.77791e+23	9.75e-01	2.51e-02	9.93e-08
 1.78001e+23	9.75e-01	2.48e-02	9.90e-08
 1.78191e+23	9.75e-01	2.45e-02	9.89e-08
 1.78400e+23	9.76e-01	2.42e-02	9.86e-08
 1.78626e+23	9.76e-01	2.38e-02	9.87e-08
 1.78831e+23	9.76e-01	2.35e-02	9.87e-08
 1.79056e+23	9.77e-01	2.32e-02	9.85e-08
 1.79299e+23	9.77e-01	2.28e-02	9.86e-08
 1.79520e+23	9.77e-01	2.25e-02	9.86e-08
 1.79762e+23	9.78e-01	2.22e-02	9.84e-08
 1.80023e+23	9.78e-01	2.18e-02	9.87e-08
 1.80261e+23	9.79e-01	2.15e-02	9.84e-08
 1.80477e+23	9.79e-01	2.13e-02	9.84e-08
 1.80715e+23	9.79e-01	2.09e-02	9.81e-08
 1.80971e+23	9.79e-01	2.06e-02	9.83e-08
 1.81204e+23	9.80e-01	2.03e-02	9.83e-08
 1.81459e+23	9.80e-01	2.00e-02	9.81e-08
 1.81735e+23	9.80e-01	1.97e-02	9.82e-08
 1.81986e+23	9.81e-01	1.94e-02	9.83e-08
 1.82261e+23	9.81e-01	1.91e-02	9.81e-08
 1.82557e+23	9.81e-01	1.87e-02	9.82e-08
 1.82827e+23	9.81e-01	1.85e-02	9.82e-08
 1.83123e+23	9.82e-01	1.82e-02	9.81e-08
 1.83443e+23	9.82e-01	1.78e-02	9.81e-08
 1.83733e+23	9.82e-01	1.76e-02	9.82e-08
 1.84052e+23	9.83e-01	1.72e-02	9.81e-08
 1.84396e+23	9.83e-01	1.69e-02	9.83e-08
 1.84709e+23	9.83e-01	1.66e-02	9.81e-08
 1.84994e+23	9.84e-01	1.64e-02	9.82e-08
 1.85306e+23	9.84e-01	1.61e-02	9.80e-08
 1.85643e+23	9.84e-01	1.58e-02	9.81e-08
 1.85949e+23	9.84e-01	1.56e-02	9.82e-08
 1.86285e+23	9.85e-01	1.53e-02	9.82e-08
 1.86648e+23	9.85e-01	1.50e-02	9.83e-08
 1.86978e+23	9.85e-01	1.48e-02	9.82e-08
 1.87278e+23	9.85e-01	1.46e-02	9.82e-08
 1.87608e+23	9.86e-01	1.43e-02	9.82e-08
 1.87963e+23	9.86e-01	1.40e-02	9.84e-08
 1.88352e+23	9.86e-01	1.37e-02	9.85e-08
 1.88773e+23	9.87e-01	1.35e-02	9.85e-08
 1.89155e+23	9.87e-01	1.32e-02	9.85e-08
 1.89503e+23	9.87e-01	1.30e-02	9.85e-08
 1.89885e+23	9.87e-01	1.27e-02	9.86e-08
 1.90296e+23	9.87e-01	1.25e-02	9.87e-08
 1.90671e+23	9.88e-01	1.23e-02	9.87e-08
 1.91012e+23	9.88e-01	1.21e-02	9.88e-08
 1.91386e+23	9.88e-01	1.19e-02	9.89e-08
 1.91789e+23	9.88e-01	1.16e-02	9.89e-08
 1.92231e+23	9.89e-01	1.14e-02	9.90e-08
 1.92772e+23	9.89e-01	1.11e-02	9.92e-08
 1.93352e+23	9.89e-01	1.08e-02	9.93e-08
 1.93934e+23	9.90e-01	1.05e-02	9.94e-08
 1.94523e+23	9.90e-01	1.02e-02	9.95e-08
 1.95119e+23	9.90e-01	9.90e-03	9.96e-08
 1.95722e+23	9.90e-01	9.63e-03	9.97e-08
 1.96331e+23	9.91e-01	9.35e-03	9.98e-08
 1.96944e+23	9.91e-01	9.09e-03	9.99e-08
 1.97563e+23	9.91e-01	8.84e-03	1.00e-07
 1.98190e+23	9.91e-01	8.59e-03	1.00e-07
 1.98822e+23	9.92e-01	8.34e-03	1.00e-07
 1.99460e+23	9.92e-01	8.10e-03	1.00e-07
 2.00104e+23	9.92e-01	7.87e-03	1.01e-07
 2.00752e+23	9.92e-01	7.64e-03	1.01e-07
 2.01406e+23	9.93e-01	7.42e-03	1.01e-07
 2.02063e+23	9.93e-01	7.20e-03	1.01e-07
 2.02726e+23	9.93e-01	6.99e-03	1.01e-07
 2.03393e+23	9.93e-01	6.78e-03	1.01e-07
 2.04066e+23	9.93e-01	6.58e-03	1.01e-07
 2.04744e+23	9.94e-01	6.39e-03	1.02e-07
 2.05427e+23	9.94e-01	6.20e-03	1.02e-07
 2.06114e+23	9.94e-01	6.01e-03	1.02e-07
 2.06807e+23	9.94e-01	5.83e-03	1.02e-07
 2.07509e+23	9.94e-01	5.65e-03	1.02e-07
 2.08227e+23	9.95e-01	5.48e-03	1.03e-07
 2.08956e+23	9.95e-01	5.31e-03	1.03e-07
 2.09693e+23	9.95e-01	5.14e-03	1.03e-07
 2.10439e+23	9.95e-01	4.98e-03	1.04e-07
 2.11192e+23	9.95e-01	4.82e-03	1.04e-07
 2.11953e+23	9.95e-01	4.67e-03	1.04e-07
 2.12724e+23	9.95e-01	4.52e-03	1.05e-07
 2.13506e+23	9.96e-01	4.37e-03	1.05e-07
 2.14300e+23	9.96e-01	4.23e-03	1.06e-07
 2.15112e+23	9.96e-01	4.09e-03	1.06e-07
 2.15944e+23	9.96e-01	3.95e-03	1.07e-07
 2.16794e+23	9.96e-01	3.81e-03	1.08e-07
 2.17658e+23	9.96e-01	3.68e-03	1.08e-07
 2.18538e+23	9.96e-01	3.55e-03	1.09e-07
 2.19433e+23	9.97e-01	3.42e-03	1.10e-07
 2.20346e+23	9.97e-01	3.30e-03	1.11e-07
 2.21276e+23	9.97e-01	3.17e-03	1.12e-07
 2.22229e+23	9.97e-01	3.06e-03	1.13e-07
 2.23206e+23	9.97e-01	2.94e-03	1.15e-07
 2.24206e+23	9.97e-01	2.82e-03	1.16e-07
 2.25228e+23	9.97e-01	2.71e-03	1.17e-07
 2.26275e+23	9.97e-01	2.60e-03	1.19e-07
 2.27347e+23	9.98e-01	2.50e-03	1.21e-07
 2.28449e+23	9.98e-01	2.39e-03	1.23e-07
 2.29577e+23	9.98e-01	2.29e-03	1.25e-07
 2.30715e+23	9.98e-01	2.19e-03	1.28e-07
 2.31863e+23	9.98e-01	2.10e-03	1.31e-07
 2.33025e+23	9.98e-01	2.01e-03	1.34e-07
 2.34200e+23	9.98e-01	1.92e-03	1.37e-07
 2.35386e+23	9.98e-01	1.84e-03	1.41e-07
 2.36584e+23	9.98e-01	1.76e-03	1.45e-07
 2.37795e+23	9.98e-01	1.68e-03	1.49e-07
 2.39019e+23	9.98e-01	1.60e-03	1.54e-07
 2.40257e+23	9.98e-01	1.53e-03	1.60e-07
 2.41503e+23	9.99e-01	1.46e-03	1.66e-07
 2.42762e+23	9.99e-01	1.40e-03	1.73e-07
 2.44038e+23	9.99e-01	1.33e-03	1.82e-07
 2.45316e+23	9.99e-01	1.27e-03	1.91e-07
 2.46606e+23	9.99e-01	1.21e-03	2.01e-07
 2.47921e+23	9.99e-01	1.15e-03	2.13e-07
 2.49252e+23	9.99e-01	1.10e-03	2.27e-07
 2.50586e+23	9.99e-01	1.04e-03	2.44e-07
 2.51882e+23	9.99e-01	9.94e-04	2.63e-07
 2.53098e+23	9.99e-01	9.51e-04	2.83e-07
 2.54230e+23	9.99e-01	9.13e-04	3.06e-07
 2.55297e+23	9.99e-01	8.78e-04	3.31e-07
 2.56314e+23	9.99e-01	8.46e-04	3.58e-07
 2.57287e+23	9.99e-01	8.16e-04	3.89e-07
 2.58212e+23	9.99e-01	7.89e-04	4.23e-07
 2.59087e+23	9.99e-01	7.64e-04	4.60e-07
 2.59915e+23	9.99e-01	7.40e-04	5.01e-07
 2.60701e+23	9.99e-01	7.19e-04	5.47e-07
 2.61451e+23	9.99e-01	6.96e-04	5.98e-07
 2.62160e+23	9.99e-01	6.79e-04	6.55e-07
 2.62828e+23	9.99e-01	6.62e-04	7.16e-07
 2.63467e+23	9.99e-01	6.46e-04	7.83e-07
 2.64083e+23	9.99e-01	6.31e-04	8.58e-07
 2.64674e+23	9.99e-01	6.18e-04	9.42e-07
 2.65238e+23	9.99e-01	6.05e-04	1.03e-06
 2.65772e+23	9.99e-01	5.92e-04	1.14e-06
 2.66282e+23	9.99e-01	5.81e-04	1.25e-06
 2.66772e+23	9.99e-01	5.70e-04	1.37e-06
 2.67245e+23	9.99e-01	5.59e-04	1.51e-06
 2.67703e+23	9.99e-01	5.50e-04	1.66e-06
 2.68144e+23	9.99e-01	5.40e-04	1.83e-06
 2.68568e+23	9.99e-01	5.32e-04	2.01e-06
 2.68975e+23	9.99e-01	5.23e-04	2.22e-06
 2.69369e+23	9.99e-01	5.16e-04	2.44e-06
 2.69753e+23	9.99e-01	5.08e-04	2.68e-06
 2.70130e+23	9.99e-01	5.00e-04	2.96e-06
 2.70499e+23	1.00e+00	4.93e-04	3.25e-06
 2.70860e+23	1.00e+00	4.86e-04	3.58e-06
 2.71214e+23	1.00e+00	4.79e-04	3.94e-06
 2.71563e+23	1.00e+00	4.73e-04	4.33e-06
 2.71909e+23	1.00e+00	4.66e-04	4.76e-06
 2.72256e+23	1.00e+00	4.60e-04	5.23e-06
 2.72603e+23	1.00e+00	4.54e-04	5.76e-06
 2.72950e+23	1.00e+00	4.47e-04	6.32e-06
 2.73299e+23	1.00e+00	4.41e-04	6.93e-06
 2.73653e+23	1.00e+00	4.34e-04	7.59e-06
 2.74015e+23	1.00e+00	4.28e-04	8.31e-06
 2.74388e+23	1.00e+00	4.21e-04	9.10e-06
 2.74771e+23	1.00e+00	4.15e-04	9.96e-06
 2.75165e+23	1.00e+00	4.08e-04	1.09e-05
 2.75571e+23	1.00e+00	4.01e-04	1.19e-05
 2.75993e+23	1.00e+00	3.94e-04	1.29e-05
 2.76438e+23	1.00e+00	3.86e-04	1.41e-05
 2.76911e+23	1.00e+00	3.79e-04	1.54e-05
 2.77407e+23	1.00e+00	3.71e-04	1.67e-05
 2.77926e+23	1.00e+00	3.63e-04	1.82e-05
 2.78467e+23	1.00e+00	3.54e-04	1.97e-05
 2.79041e+23	1.00e+00	3.46e-04	2.13e-05
 2.79656e+23	1.00e+00	3.36e-04	2.31e-05
 2.80312e+23	1.00e+00	3.27e-04	2.50e-05
 2.81000e+23	1.00e+00	3.18e-04	2.71e-05
 2.81719e+23	1.00e+00	3.08e-04	2.92e-05
 2.82484e+23	1.00e+00	2.98e-04	3.14e-05
 2.83306e+23	1.00e+00	2.87e-04	3.37e-05
 2.84187e+23	1.00e+00	2.76e-04	3.62e-05
 2.85123e+23	1.00e+00	2.64e-04	3.88e-05
 2.86118e+23	1.00e+00	2.52e-04	4.14e-05
 2.87181e+23	1.00e+00	2.40e-04	4.41e-05
 2.88326e+23	1.00e+00	2.28e-04	4.68e-05
 2.89562e+23	1.00e+00	2.15e-04	4.96e-05
 2.90895e+23	1.00e+00	2.02e-04	5.23e-05
 2.92343e+23	1.00e+00	1.88e-04	5.50e-05
 2.93917e+23	1.00e+00	1.74e-04	5.75e-05
 2.95632e+23	1.00e+00	1.59e-04	6.00e-05
 2.97495e+23	1.00e+00	1.45e-04	6.22e-05
 2.99517e+23	1.00e+00	1.31e-04	6.43e-05
 3.01692e+23	1.00e+00	1.17e-04	6.63e-05
 3.03994e+23	1.00e+00	1.03e-04	6.84e-05
 3.06340e+23	1.00e+00	9.14e-05	7.09e-05
 3.08039e+23	1.00e+00	8.53e-05	7.39e-05
