#depth	Ar	Ar+	Ar+2	Ar+3	Ar+4	Ar+5	Ar+6	Ar+7	Ar+8	Ar+9	Ar+10	Ar+11	Ar+12	Ar+13	Ar+14	Ar+15	Ar+16	Ar+17	Ar+18
 1.54284e+22	0.00e+00	0.00e+00	0.00e+00	0.00e+00	0.00e+00	0.00e+00	0.00e+00	0.00e+00	6.02e-25	1.83e-21	2.69e-18	1.88e-15	9.17e-13	2.24e-10	3.42e-08	5.50e-06	1.55e-03	6.62e-02	9.32e-01
 3.56999e+22	0.00e+00	0.00e+00	0.00e+00	0.00e+00	0.00e+00	0.00e+00	0.00e+00	2.28e-27	1.59e-23	3.42e-20	3.60e-17	1.81e-14	6.34e-12	1.11e-09	1.23e-07	1.43e-05	2.89e-03	8.94e-02	9.08e-01
 4.40870e+22	0.00e+00	0.00e+00	0.00e+00	0.00e+00	0.00e+00	0.00e+00	1.03e-29	3.05e-26	1.66e-22	2.78e-19	2.29e-16	9.06e-14	2.49e-11	3.46e-09	3.03e-07	2.80e-05	4.50e-03	1.10e-01	8.85e-01
 5.04663e+22	0.00e+00	0.00e+00	0.00e+00	0.00e+00	0.00e+00	0.00e+00	9.71e-29	2.40e-25	1.07e-21	1.47e-18	9.93e-16	3.25e-13	7.37e-11	8.48e-09	6.18e-07	4.75e-05	6.37e-03	1.29e-01	8.64e-01
 5.40104e+22	0.00e+00	0.00e+00	0.00e+00	0.00e+00	0.00e+00	0.00e+00	1.72e-28	4.06e-25	1.72e-21	2.24e-18	1.45e-15	4.50e-13	9.72e-11	1.07e-08	7.41e-07	5.44e-05	6.95e-03	1.35e-01	8.58e-01
 5.54194e+22	0.00e+00	0.00e+00	0.00e+00	0.00e+00	0.00e+00	0.00e+00	2.98e-28	6.74e-25	2.71e-21	3.37e-18	2.07e-15	6.15e-13	1.27e-10	1.33e-08	8.82e-07	6.19e-05	7.56e-03	1.40e-01	8.52e-01
 5.70299e+22	0.00e+00	0.00e+00	0.00e+00	0.00e+00	0.00e+00	1.90e-31	5.97e-28	1.28e-24	4.82e-21	5.64e-18	3.26e-15	9.12e-13	1.77e-10	1.75e-08	1.10e-06	7.29e-05	8.41e-03	1.47e-01	8.44e-01
 5.85615e+22	0.00e+00	0.00e+00	0.00e+00	0.00e+00	0.00e+00	3.32e-31	1.00e-27	2.06e-24	7.42e-21	8.29e-18	4.58e-15	1.23e-12	2.28e-10	2.15e-08	1.30e-06	8.23e-05	9.10e-03	1.52e-01	8.38e-01
 5.97709e+22	0.00e+00	0.00e+00	0.00e+00	0.00e+00	0.00e+00	5.50e-31	1.60e-27	3.17e-24	1.09e-20	1.17e-17	6.22e-15	1.60e-12	2.85e-10	2.59e-08	1.50e-06	9.19e-05	9.77e-03	1.57e-01	8.33e-01
 6.11235e+22	0.00e+00	0.00e+00	0.00e+00	0.00e+00	0.00e+00	1.00e-30	2.80e-27	5.29e-24	1.74e-20	1.77e-17	8.94e-15	2.19e-12	3.72e-10	3.23e-08	1.79e-06	1.05e-04	1.06e-02	1.63e-01	8.26e-01
 6.25777e+22	0.00e+00	0.00e+00	0.00e+00	0.00e+00	0.00e+00	1.78e-30	4.77e-27	8.66e-24	2.71e-20	2.63e-17	1.27e-14	2.97e-12	4.81e-10	3.99e-08	2.12e-06	1.18e-04	1.15e-02	1.69e-01	8.19e-01
 6.38925e+22	0.00e+00	0.00e+00	0.00e+00	0.00e+00	0.00e+00	3.06e-30	7.88e-27	1.37e-23	4.11e-20	3.82e-17	1.76e-14	3.95e-12	6.13e-10	4.88e-08	2.48e-06	1.33e-04	1.24e-02	1.75e-01	8.12e-01
 6.51294e+22	0.00e+00	0.00e+00	0.00e+00	0.00e+00	0.00e+00	5.17e-30	1.28e-26	2.14e-23	6.15e-20	5.47e-17	2.42e-14	5.19e-12	7.74e-10	5.91e-08	2.89e-06	1.49e-04	1.33e-02	1.81e-01	8.06e-01
 6.65362e+22	0.00e+00	0.00e+00	0.00e+00	0.00e+00	0.00e+00	9.81e-30	2.32e-26	3.71e-23	1.01e-19	8.50e-17	3.56e-14	7.27e-12	1.03e-09	7.47e-08	3.48e-06	1.71e-04	1.46e-02	1.88e-01	7.97e-01
 6.79914e+22	0.00e+00	0.00e+00	0.00e+00	0.00e+00	0.00e+00	1.72e-29	3.90e-26	5.99e-23	1.55e-19	1.25e-16	5.00e-14	9.77e-12	1.32e-09	9.18e-08	4.09e-06	1.93e-04	1.57e-02	1.95e-01	7.89e-01
 6.92894e+22	0.00e+00	0.00e+00	0.00e+00	0.00e+00	0.00e+00	2.96e-29	6.45e-26	9.51e-23	2.36e-19	1.81e-16	6.95e-14	1.30e-11	1.68e-09	1.12e-07	4.79e-06	2.16e-04	1.70e-02	2.01e-01	7.82e-01
 7.04644e+22	0.00e+00	0.00e+00	0.00e+00	0.00e+00	0.00e+00	4.75e-29	1.00e-25	1.43e-22	3.40e-19	2.51e-16	9.27e-14	1.67e-11	2.08e-09	1.33e-07	5.50e-06	2.39e-04	1.81e-02	2.07e-01	7.75e-01
 7.15280e+22	0.00e+00	0.00e+00	0.00e+00	0.00e+00	0.00e+00	3.38e-29	6.91e-26	9.53e-23	4.74e-19	3.38e-16	1.20e-13	2.09e-11	2.52e-09	1.56e-07	6.23e-06	2.62e-04	1.92e-02	2.12e-01	7.68e-01
 7.27393e+22	0.00e+00	0.00e+00	0.00e+00	0.00e+00	0.00e+00	1.23e-28	2.43e-25	3.23e-22	7.08e-19	4.84e-16	1.65e-13	2.74e-11	3.17e-09	1.88e-07	7.23e-06	2.93e-04	2.06e-02	2.19e-01	7.61e-01
 7.40501e+22	0.00e+00	0.00e+00	0.00e+00	0.00e+00	0.00e+00	9.64e-29	1.83e-25	2.33e-22	1.06e-18	6.95e-16	2.27e-13	3.62e-11	4.00e-09	2.29e-07	8.42e-06	3.28e-04	2.21e-02	2.25e-01	7.52e-01
 7.52362e+22	0.00e+00	0.00e+00	0.00e+00	0.00e+00	0.00e+00	1.56e-28	2.86e-25	3.52e-22	1.54e-18	9.68e-16	3.04e-13	4.66e-11	4.96e-09	2.73e-07	9.67e-06	3.63e-04	2.36e-02	2.31e-01	7.45e-01
 7.65242e+22	0.00e+00	0.00e+00	0.00e+00	0.00e+00	9.42e-32	2.76e-28	4.86e-25	5.75e-22	2.39e-18	1.43e-15	4.28e-13	6.28e-11	6.37e-09	3.35e-07	1.14e-05	4.09e-04	2.54e-02	2.39e-01	7.35e-01
 7.78378e+22	0.00e+00	0.00e+00	0.00e+00	0.00e+00	1.64e-31	4.64e-28	7.85e-25	8.93e-22	3.56e-18	2.04e-15	5.86e-13	8.24e-11	8.03e-09	4.05e-07	1.32e-05	4.56e-04	2.73e-02	2.46e-01	7.26e-01
 7.89424e+22	0.00e+00	0.00e+00	0.00e+00	0.00e+00	2.66e-31	7.27e-28	1.19e-24	1.31e-21	5.03e-18	2.78e-15	7.69e-13	1.04e-10	9.80e-09	4.77e-07	1.50e-05	5.01e-04	2.89e-02	2.52e-01	7.19e-01
 8.01360e+22	0.00e+00	0.00e+00	0.00e+00	0.00e+00	4.66e-31	1.23e-27	1.93e-24	2.05e-21	7.53e-18	3.98e-15	1.05e-12	1.37e-10	1.23e-08	5.76e-07	1.74e-05	5.58e-04	3.10e-02	2.59e-01	7.09e-01
 8.14243e+22	0.00e+00	0.00e+00	0.00e+00	0.00e+00	8.12e-31	2.06e-27	3.13e-24	3.19e-21	1.12e-17	5.68e-15	1.44e-12	1.80e-10	1.55e-08	6.96e-07	2.02e-05	6.22e-04	3.32e-02	2.66e-01	7.00e-01
 8.25207e+22	0.00e+00	0.00e+00	0.00e+00	0.00e+00	1.28e-30	3.16e-27	4.64e-24	4.58e-21	1.56e-17	7.61e-15	1.87e-12	2.25e-10	1.88e-08	8.13e-07	2.29e-05	6.80e-04	3.51e-02	2.72e-01	6.92e-01
 8.34764e+22	0.00e+00	0.00e+00	0.00e+00	0.00e+00	1.94e-30	4.65e-27	6.66e-24	6.40e-21	2.10e-17	9.94e-15	2.36e-12	2.75e-10	2.22e-08	9.34e-07	2.55e-05	7.36e-04	3.69e-02	2.78e-01	6.85e-01
 8.45639e+22	0.00e+00	0.00e+00	0.00e+00	0.00e+00	3.20e-30	7.40e-27	1.03e-23	9.52e-21	3.00e-17	1.37e-14	3.12e-12	3.50e-10	2.72e-08	1.10e-06	2.91e-05	8.10e-04	3.91e-02	2.84e-01	6.76e-01
 8.57479e+22	0.00e+00	0.00e+00	0.00e+00	0.00e+00	5.27e-30	1.18e-26	1.58e-23	1.42e-20	4.30e-17	1.88e-14	4.13e-12	4.47e-10	3.35e-08	1.31e-06	3.32e-05	8.92e-04	4.15e-02	2.91e-01	6.67e-01
 8.68423e+22	0.00e+00	0.00e+00	0.00e+00	0.00e+00	8.49e-30	1.84e-26	2.39e-23	2.07e-20	6.05e-17	2.55e-14	5.41e-12	5.64e-10	4.07e-08	1.53e-06	3.76e-05	9.77e-04	4.40e-02	2.97e-01	6.58e-01
 8.78831e+22	0.00e+00	0.00e+00	0.00e+00	0.00e+00	1.34e-29	2.82e-26	3.55e-23	2.98e-20	8.41e-17	3.42e-14	6.99e-12	7.04e-10	4.91e-08	1.79e-06	4.24e-05	1.07e-03	4.64e-02	3.03e-01	6.49e-01
 8.89018e+22	0.00e+00	0.00e+00	0.00e+00	0.00e+00	2.09e-29	4.27e-26	5.21e-23	4.25e-20	1.16e-16	4.55e-14	8.98e-12	8.74e-10	5.89e-08	2.08e-06	4.77e-05	1.16e-03	4.89e-02	3.09e-01	6.41e-01
 9.00591e+22	0.00e+00	0.00e+00	0.00e+00	0.00e+00	3.55e-29	7.00e-26	8.25e-23	6.49e-20	1.69e-16	6.38e-14	1.21e-11	1.13e-09	7.31e-08	2.48e-06	5.48e-05	1.28e-03	5.20e-02	3.16e-01	6.30e-01
 9.12700e+22	0.00e+00	0.00e+00	0.00e+00	0.00e+00	3.17e-29	6.04e-26	6.87e-23	9.73e-20	2.44e-16	8.84e-14	1.61e-11	1.45e-09	9.02e-08	2.94e-06	6.26e-05	1.41e-03	5.52e-02	3.23e-01	6.20e-01
 9.23165e+22	0.00e+00	0.00e+00	0.00e+00	0.00e+00	4.97e-29	9.18e-26	1.01e-22	1.39e-19	3.37e-16	1.18e-13	2.07e-11	1.80e-09	1.08e-07	3.42e-06	7.04e-05	1.54e-03	5.81e-02	3.29e-01	6.11e-01
 9.34427e+22	0.00e+00	0.00e+00	0.00e+00	0.00e+00	8.40e-29	1.50e-25	1.60e-22	2.12e-19	4.91e-16	1.65e-13	2.78e-11	2.32e-09	1.34e-07	4.07e-06	8.07e-05	1.69e-03	6.17e-02	3.36e-01	6.00e-01
 9.46425e+22	0.00e+00	0.00e+00	0.00e+00	3.33e-32	1.40e-28	2.42e-25	2.49e-22	3.17e-19	7.09e-16	2.28e-13	3.71e-11	2.98e-09	1.66e-07	4.83e-06	9.23e-05	1.86e-03	6.54e-02	3.43e-01	5.90e-01
 9.56644e+22	0.00e+00	0.00e+00	0.00e+00	5.21e-32	2.13e-28	3.58e-25	3.58e-22	4.43e-19	9.58e-16	2.99e-13	4.70e-11	3.65e-09	1.97e-07	5.55e-06	1.03e-04	2.02e-03	6.86e-02	3.49e-01	5.81e-01
 9.67196e+22	0.00e+00	0.00e+00	0.00e+00	8.74e-32	3.47e-28	5.64e-25	5.46e-22	6.54e-19	1.36e-15	4.08e-13	6.17e-11	4.62e-09	2.40e-07	6.52e-06	1.17e-04	2.21e-03	7.24e-02	3.55e-01	5.70e-01
 9.78505e+22	0.00e+00	0.00e+00	0.00e+00	1.44e-31	5.56e-28	8.74e-25	8.20e-22	9.50e-19	1.90e-15	5.51e-13	8.04e-11	5.81e-09	2.90e-07	7.63e-06	1.32e-04	2.41e-03	7.63e-02	3.61e-01	5.60e-01
 9.88862e+22	0.00e+00	0.00e+00	0.00e+00	2.31e-31	8.65e-28	1.32e-24	1.20e-21	1.35e-18	2.61e-15	7.30e-13	1.03e-10	7.19e-09	3.48e-07	8.84e-06	1.48e-04	2.61e-03	8.01e-02	3.67e-01	5.50e-01
 1.00039e+23	0.00e+00	0.00e+00	0.00e+00	4.06e-31	1.47e-27	2.16e-24	1.90e-21	2.06e-18	3.82e-15	1.02e-12	1.39e-10	9.28e-09	4.30e-07	1.05e-05	1.69e-04	2.87e-03	8.48e-02	3.74e-01	5.39e-01
 1.01251e+23	0.00e+00	0.00e+00	0.00e+00	6.98e-31	2.44e-27	3.47e-24	2.94e-21	3.07e-18	5.48e-15	1.41e-12	1.84e-10	1.19e-08	5.29e-07	1.24e-05	1.92e-04	3.15e-03	8.96e-02	3.80e-01	5.27e-01
 1.02267e+23	0.00e+00	0.00e+00	0.00e+00	1.10e-30	3.74e-27	5.17e-24	4.26e-21	4.30e-18	7.44e-15	1.86e-12	2.34e-10	1.46e-08	6.30e-07	1.43e-05	2.15e-04	3.41e-03	9.39e-02	3.85e-01	5.17e-01
 1.03175e+23	0.00e+00	0.00e+00	0.00e+00	1.68e-30	5.56e-27	7.48e-24	6.00e-21	5.89e-18	9.89e-15	2.39e-12	2.92e-10	1.77e-08	7.40e-07	1.63e-05	2.38e-04	3.66e-03	9.79e-02	3.90e-01	5.08e-01
 1.04216e+23	0.00e+00	0.00e+00	0.00e+00	2.79e-30	8.95e-27	1.17e-23	9.07e-21	8.61e-18	1.39e-14	3.24e-12	3.81e-10	2.22e-08	8.98e-07	1.91e-05	2.68e-04	3.99e-03	1.03e-01	3.95e-01	4.97e-01
 1.05342e+23	0.00e+00	0.00e+00	0.00e+00	4.56e-30	1.42e-26	1.79e-23	1.35e-20	1.24e-17	1.93e-14	4.34e-12	4.93e-10	2.78e-08	1.08e-06	2.22e-05	3.02e-04	4.33e-03	1.08e-01	4.01e-01	4.87e-01
 1.06395e+23	0.00e+00	0.00e+00	0.00e+00	7.41e-30	2.23e-26	2.74e-23	2.00e-20	1.77e-17	2.67e-14	5.80e-12	6.36e-10	3.46e-08	1.30e-06	2.59e-05	3.38e-04	4.70e-03	1.13e-01	4.06e-01	4.76e-01
 1.07420e+23	0.00e+00	0.00e+00	0.00e+00	1.20e-29	3.50e-26	4.16e-23	2.94e-20	2.53e-17	3.69e-14	7.72e-12	8.18e-10	4.30e-08	1.56e-06	3.00e-05	3.79e-04	5.08e-03	1.19e-01	4.11e-01	4.65e-01
 1.08591e+23	0.00e+00	0.00e+00	0.00e+00	2.11e-29	5.95e-26	6.83e-23	4.66e-20	3.85e-17	5.39e-14	1.08e-11	1.10e-09	5.55e-08	1.94e-06	3.56e-05	4.33e-04	5.58e-03	1.25e-01	4.16e-01	4.53e-01
 1.09767e+23	0.00e+00	0.00e+00	0.00e+00	3.57e-29	9.74e-26	1.08e-22	7.10e-20	5.66e-17	7.64e-14	1.48e-11	1.45e-09	7.04e-08	2.37e-06	4.20e-05	4.91e-04	6.09e-03	1.32e-01	4.21e-01	4.41e-01
 1.10716e+23	0.00e+00	0.00e+00	0.00e+00	5.43e-29	1.44e-25	1.56e-22	9.98e-20	7.72e-17	1.01e-13	1.90e-11	1.81e-09	8.51e-08	2.77e-06	4.77e-05	5.42e-04	6.52e-03	1.37e-01	4.25e-01	4.32e-01
 1.11718e+23	0.00e+00	0.00e+00	2.30e-32	8.90e-29	2.30e-25	2.40e-22	1.49e-19	1.11e-16	1.41e-13	2.55e-11	2.34e-09	1.06e-07	3.35e-06	5.56e-05	6.09e-04	7.07e-03	1.43e-01	4.29e-01	4.20e-01
 1.12817e+23	0.00e+00	0.00e+00	3.86e-32	1.45e-28	3.63e-25	3.68e-22	2.21e-19	1.59e-16	1.95e-13	3.42e-11	3.03e-09	1.33e-07	4.03e-06	6.46e-05	6.83e-04	7.66e-03	1.50e-01	4.33e-01	4.09e-01
 1.13861e+23	0.00e+00	0.00e+00	6.39e-32	2.35e-28	5.69e-25	5.57e-22	3.24e-19	2.26e-16	2.68e-13	4.54e-11	3.89e-09	1.65e-07	4.83e-06	7.48e-05	7.64e-04	8.27e-03	1.56e-01	4.36e-01	3.99e-01
 1.14848e+23	0.00e+00	0.00e+00	1.03e-31	3.70e-28	8.70e-25	8.28e-22	4.67e-19	3.16e-16	3.63e-13	5.95e-11	4.93e-09	2.02e-07	5.74e-06	8.60e-05	8.49e-04	8.90e-03	1.63e-01	4.39e-01	3.88e-01
 1.15782e+23	0.00e+00	0.00e+00	1.63e-31	5.70e-28	1.31e-24	1.21e-21	6.60e-19	4.33e-16	4.83e-13	7.69e-11	6.18e-09	2.46e-07	6.77e-06	9.82e-05	9.40e-04	9.54e-03	1.69e-01	4.42e-01	3.78e-01
 1.16838e+23	0.00e+00	0.00e+00	2.90e-31	9.82e-28	2.17e-24	1.93e-21	1.02e-18	6.43e-16	6.93e-13	1.06e-10	8.21e-09	3.14e-07	8.32e-06	1.16e-04	1.07e-03	1.04e-02	1.77e-01	4.45e-01	3.66e-01
 1.17921e+23	0.00e+00	0.00e+00	4.75e-31	1.56e-27	3.35e-24	2.89e-21	1.48e-18	9.01e-16	9.42e-13	1.40e-10	1.05e-08	3.87e-07	9.92e-06	1.34e-04	1.19e-03	1.12e-02	1.84e-01	4.47e-01	3.56e-01
 1.18885e+23	0.00e+00	0.00e+00	7.64e-31	2.45e-27	5.11e-24	4.28e-21	2.12e-18	1.25e-15	1.27e-12	1.82e-10	1.32e-08	4.74e-07	1.18e-05	1.54e-04	1.32e-03	1.20e-02	1.92e-01	4.49e-01	3.45e-01
 1.19986e+23	0.00e+00	0.00e+00	1.38e-30	4.28e-27	8.59e-24	6.92e-21	3.30e-18	1.87e-15	1.83e-12	2.53e-10	1.77e-08	6.09e-07	1.45e-05	1.82e-04	1.50e-03	1.31e-02	2.01e-01	4.52e-01	3.33e-01
 1.21122e+23	0.00e+00	0.00e+00	2.36e-30	7.13e-27	1.38e-23	1.07e-20	4.94e-18	2.69e-15	2.55e-12	3.42e-10	2.30e-08	7.65e-07	1.76e-05	2.13e-04	1.68e-03	1.42e-02	2.09e-01	4.53e-01	3.22e-01
 1.22072e+23	0.00e+00	0.00e+00	3.77e-30	1.11e-26	2.09e-23	1.57e-20	7.01e-18	3.69e-15	3.41e-12	4.43e-10	2.90e-08	9.33e-07	2.08e-05	2.43e-04	1.86e-03	1.52e-02	2.17e-01	4.54e-01	3.12e-01
 1.22937e+23	0.00e+00	0.00e+00	5.75e-30	1.65e-26	3.02e-23	2.22e-20	9.60e-18	4.91e-15	4.42e-12	5.60e-10	3.56e-08	1.11e-06	2.42e-05	2.75e-04	2.04e-03	1.61e-02	2.24e-01	4.55e-01	3.03e-01
 1.23923e+23	0.00e+00	0.00e+00	9.86e-30	2.75e-26	4.85e-23	3.43e-20	1.43e-17	7.04e-15	6.15e-12	7.54e-10	4.63e-08	1.40e-06	2.93e-05	3.21e-04	2.29e-03	1.74e-02	2.33e-01	4.55e-01	2.92e-01
 1.24964e+23	0.00e+00	0.00e+00	1.64e-29	4.43e-26	7.57e-23	5.17e-20	2.08e-17	9.87e-15	8.39e-12	9.96e-10	5.93e-08	1.73e-06	3.51e-05	3.71e-04	2.55e-03	1.87e-02	2.41e-01	4.55e-01	2.82e-01
 1.25903e+23	0.00e+00	0.00e+00	2.65e-29	6.97e-26	1.15e-22	7.63e-20	2.97e-17	1.36e-14	1.12e-11	1.30e-09	7.49e-08	2.12e-06	4.17e-05	4.25e-04	2.83e-03	2.00e-02	2.50e-01	4.55e-01	2.72e-01
 1.26949e+23	0.00e+00	0.00e+00	4.86e-29	1.23e-25	1.96e-22	1.24e-19	4.63e-17	2.02e-14	1.62e-11	1.81e-09	1.01e-07	2.74e-06	5.17e-05	5.06e-04	3.22e-03	2.18e-02	2.60e-01	4.54e-01	2.60e-01
 1.27966e+23	0.00e+00	0.00e+00	7.67e-29	1.90e-25	2.93e-22	1.80e-19	6.49e-17	2.74e-14	2.15e-11	2.32e-09	1.26e-07	3.32e-06	6.08e-05	5.76e-04	3.54e-03	2.32e-02	2.68e-01	4.53e-01	2.51e-01
 1.28816e+23	0.00e+00	0.00e+00	1.21e-28	2.91e-25	4.35e-22	2.58e-19	9.03e-17	3.69e-14	2.82e-11	2.97e-09	1.56e-07	4.01e-06	7.13e-05	6.55e-04	3.89e-03	2.47e-02	2.77e-01	4.52e-01	2.42e-01
 1.29795e+23	0.00e+00	0.00e+00	2.12e-28	4.95e-25	7.12e-22	4.06e-19	1.36e-16	5.33e-14	3.96e-11	4.05e-09	2.05e-07	5.08e-06	8.71e-05	7.70e-04	4.38e-03	2.67e-02	2.87e-01	4.50e-01	2.31e-01
 1.30790e+23	0.00e+00	0.00e+00	3.39e-28	7.69e-25	1.07e-21	5.91e-19	1.92e-16	7.23e-14	5.25e-11	5.22e-09	2.57e-07	6.18e-06	1.03e-04	8.79e-04	4.83e-03	2.84e-02	2.96e-01	4.48e-01	2.23e-01
 1.31674e+23	0.00e+00	0.00e+00	5.41e-28	1.19e-24	1.61e-21	8.59e-19	2.69e-16	9.78e-14	6.94e-11	6.72e-09	3.22e-07	7.51e-06	1.21e-04	1.00e-03	5.32e-03	3.02e-02	3.04e-01	4.45e-01	2.14e-01
 1.32688e+23	0.00e+00	0.00e+00	9.94e-28	2.11e-24	2.73e-21	1.39e-18	4.16e-16	1.44e-13	9.96e-11	9.33e-09	4.32e-07	9.67e-06	1.50e-04	1.19e-03	6.04e-03	3.27e-02	3.16e-01	4.42e-01	2.03e-01
 1.33668e+23	0.00e+00	0.00e+00	1.55e-27	3.21e-24	4.02e-21	1.99e-18	5.75e-16	1.93e-13	1.30e-10	1.19e-08	5.35e-07	1.16e-05	1.76e-04	1.35e-03	6.61e-03	3.47e-02	3.24e-01	4.38e-01	1.95e-01
 1.34483e+23	0.00e+00	0.00e+00	2.42e-27	4.87e-24	5.91e-21	2.82e-18	7.89e-16	2.55e-13	1.69e-10	1.51e-08	6.61e-07	1.40e-05	2.05e-04	1.53e-03	7.24e-03	3.67e-02	3.32e-01	4.35e-01	1.87e-01
 1.35421e+23	0.00e+00	9.38e-33	4.22e-27	8.20e-24	9.57e-21	4.38e-18	1.17e-15	3.63e-13	2.34e-10	2.03e-08	8.62e-07	1.76e-05	2.49e-04	1.78e-03	8.10e-03	3.94e-02	3.42e-01	4.30e-01	1.78e-01
 1.36372e+23	0.00e+00	1.51e-32	6.63e-27	1.25e-23	1.42e-20	6.27e-18	1.62e-15	4.84e-13	3.06e-10	2.59e-08	1.07e-06	2.12e-05	2.92e-04	2.02e-03	8.87e-03	4.16e-02	3.51e-01	4.26e-01	1.70e-01
 1.37343e+23	0.00e+00	2.78e-32	1.18e-26	2.15e-23	2.33e-20	9.87e-18	2.44e-15	6.95e-13	4.29e-10	3.52e-08	1.41e-06	2.69e-05	3.57e-04	2.37e-03	9.95e-03	4.47e-02	3.61e-01	4.20e-01	1.61e-01
 1.38322e+23	0.00e+00	4.72e-32	1.94e-26	3.43e-23	3.58e-20	1.46e-17	3.46e-15	9.47e-13	5.73e-10	4.59e-08	1.78e-06	3.30e-05	4.24e-04	2.73e-03	1.10e-02	4.75e-02	3.70e-01	4.15e-01	1.53e-01
 1.39125e+23	0.00e+00	7.26e-32	2.92e-26	5.03e-23	5.10e-20	2.01e-17	4.62e-15	1.22e-12	7.28e-10	5.71e-08	2.17e-06	3.90e-05	4.89e-04	3.05e-03	1.19e-02	4.99e-02	3.77e-01	4.10e-01	1.47e-01
 1.39981e+23	0.00e+00	1.24e-31	4.86e-26	8.10e-23	7.91e-20	3.00e-17	6.62e-15	1.68e-12	9.79e-10	7.48e-08	2.76e-06	4.81e-05	5.83e-04	3.51e-03	1.32e-02	5.30e-02	3.86e-01	4.04e-01	1.39e-01
 1.40887e+23	0.00e+00	2.03e-31	7.72e-26	1.25e-22	1.18e-19	4.31e-17	9.16e-15	2.23e-12	1.28e-09	9.56e-08	3.43e-06	5.81e-05	6.83e-04	3.98e-03	1.44e-02	5.59e-02	3.94e-01	3.98e-01	1.32e-01
 1.41711e+23	0.00e+00	3.27e-31	1.21e-25	1.91e-22	1.74e-19	6.13e-17	1.25e-14	2.94e-12	1.66e-09	1.21e-07	4.24e-06	6.98e-05	7.99e-04	4.50e-03	1.57e-02	5.89e-02	4.02e-01	3.92e-01	1.26e-01
 1.42507e+23	0.00e+00	5.16e-31	1.87e-25	2.86e-22	2.52e-19	8.60e-17	1.70e-14	3.85e-12	2.13e-09	1.53e-07	5.20e-06	8.33e-05	9.26e-04	5.05e-03	1.71e-02	6.18e-02	4.09e-01	3.86e-01	1.20e-01
 1.43413e+23	0.00e+00	9.13e-31	3.21e-25	4.73e-22	4.01e-19	1.31e-16	2.48e-14	5.35e-12	2.91e-09	2.03e-07	6.71e-06	1.04e-04	1.11e-03	5.84e-03	1.89e-02	6.56e-02	4.17e-01	3.78e-01	1.13e-01
 1.44346e+23	0.00e+00	1.53e-30	5.22e-25	7.46e-22	6.08e-19	1.91e-16	3.47e-14	7.19e-12	3.84e-09	2.62e-07	8.43e-06	1.26e-04	1.31e-03	6.66e-03	2.07e-02	6.91e-02	4.25e-01	3.71e-01	1.07e-01
 1.45158e+23	0.00e+00	2.45e-30	8.18e-25	1.13e-21	8.93e-19	2.70e-16	4.72e-14	9.40e-12	4.96e-09	3.31e-07	1.04e-05	1.51e-04	1.53e-03	7.50e-03	2.25e-02	7.25e-02	4.31e-01	3.64e-01	1.01e-01
 1.45938e+23	0.00e+00	3.86e-30	1.26e-24	1.69e-21	1.29e-18	3.77e-16	6.35e-14	1.22e-11	6.34e-09	4.14e-07	1.27e-05	1.80e-04	1.77e-03	8.41e-03	2.43e-02	7.58e-02	4.37e-01	3.56e-01	9.59e-02
 1.46829e+23	0.00e+00	6.88e-30	2.17e-24	2.82e-21	2.06e-18	5.75e-16	9.24e-14	1.69e-11	8.65e-09	5.51e-07	1.64e-05	2.24e-04	2.13e-03	9.71e-03	2.69e-02	8.02e-02	4.44e-01	3.47e-01	8.96e-02
 1.47746e+23	0.00e+00	1.12e-29	3.44e-24	4.34e-21	3.05e-18	8.21e-16	1.27e-13	2.23e-11	1.12e-08	7.01e-07	2.03e-05	2.69e-04	2.48e-03	1.09e-02	2.92e-02	8.39e-02	4.50e-01	3.39e-01	8.44e-02
 1.48698e+23	0.00e+00	2.09e-29	6.23e-24	7.53e-21	5.06e-18	1.29e-15	1.90e-13	3.17e-11	1.57e-08	9.53e-07	2.67e-05	3.41e-04	3.03e-03	1.28e-02	3.24e-02	8.88e-02	4.56e-01	3.28e-01	7.81e-02
 1.49658e+23	0.00e+00	3.49e-29	1.01e-23	1.18e-20	7.66e-18	1.88e-15	2.64e-13	4.21e-11	2.06e-08	1.23e-06	3.35e-05	4.13e-04	3.56e-03	1.45e-02	3.53e-02	9.30e-02	4.61e-01	3.19e-01	7.32e-02
 1.50446e+23	0.00e+00	5.41e-29	1.54e-23	1.74e-20	1.09e-17	2.58e-15	3.49e-13	5.37e-11	2.60e-08	1.52e-06	4.05e-05	4.87e-04	4.08e-03	1.61e-02	3.80e-02	9.66e-02	4.64e-01	3.11e-01	6.91e-02
 1.51287e+23	0.00e+00	9.44e-29	2.60e-23	2.85e-20	1.71e-17	3.86e-15	4.98e-13	7.29e-11	3.48e-08	1.99e-06	5.16e-05	6.00e-04	4.85e-03	1.84e-02	4.15e-02	1.01e-01	4.68e-01	3.01e-01	6.41e-02
 1.52148e+23	0.00e+00	1.52e-28	4.09e-23	4.33e-20	2.50e-17	5.43e-15	6.72e-13	9.44e-11	4.47e-08	2.51e-06	6.34e-05	7.15e-04	5.62e-03	2.06e-02	4.48e-02	1.05e-01	4.71e-01	2.92e-01	6.01e-02
 1.52848e+23	0.00e+00	2.24e-28	5.91e-23	6.09e-20	3.41e-17	7.17e-15	8.58e-13	1.16e-10	5.47e-08	3.02e-06	7.50e-05	8.26e-04	6.34e-03	2.25e-02	4.76e-02	1.08e-01	4.72e-01	2.85e-01	5.69e-02
 1.53574e+23	0.00e+00	3.63e-28	9.35e-23	9.32e-20	5.02e-17	1.01e-14	1.16e-12	1.51e-10	7.04e-08	3.82e-06	9.24e-05	9.87e-04	7.35e-03	2.52e-02	5.13e-02	1.12e-01	4.74e-01	2.76e-01	5.31e-02
 1.54269e+23	0.00e+00	5.20e-28	1.32e-22	1.28e-19	6.69e-17	1.31e-14	1.45e-12	1.83e-10	8.48e-08	4.54e-06	1.08e-04	1.13e-03	8.20e-03	2.74e-02	5.42e-02	1.15e-01	4.75e-01	2.69e-01	5.03e-02
 1.54828e+23	0.00e+00	7.40e-28	1.84e-22	1.75e-19	8.86e-17	1.68e-14	1.81e-12	2.20e-10	1.02e-07	5.37e-06	1.25e-04	1.28e-03	9.13e-03	2.97e-02	5.71e-02	1.18e-01	4.75e-01	2.62e-01	4.78e-02
 1.55375e+23	0.00e+00	1.03e-27	2.53e-22	2.34e-19	1.16e-16	2.13e-14	2.22e-12	2.63e-10	1.21e-07	6.30e-06	1.45e-04	1.45e-03	1.01e-02	3.21e-02	6.00e-02	1.21e-01	4.75e-01	2.55e-01	4.54e-02
 1.55910e+23	0.00e+00	1.41e-27	3.40e-22	3.08e-19	1.48e-16	2.66e-14	2.70e-12	3.10e-10	1.42e-07	7.32e-06	1.65e-04	1.62e-03	1.11e-02	3.44e-02	6.28e-02	1.24e-01	4.74e-01	2.49e-01	4.33e-02
 1.56516e+23	0.00e+00	2.14e-27	5.06e-22	4.44e-19	2.07e-16	3.57e-14	3.48e-12	3.85e-10	1.75e-07	8.92e-06	1.97e-04	1.88e-03	1.26e-02	3.78e-02	6.67e-02	1.27e-01	4.73e-01	2.40e-01	4.05e-02
 1.57118e+23	0.00e+00	2.97e-27	6.90e-22	5.91e-19	2.68e-16	4.49e-14	4.25e-12	4.55e-10	2.07e-07	1.04e-05	2.27e-04	2.12e-03	1.38e-02	4.07e-02	6.98e-02	1.29e-01	4.72e-01	2.34e-01	3.84e-02
 1.57715e+23	0.00e+00	4.46e-27	1.02e-21	8.44e-19	3.69e-16	5.97e-14	5.43e-12	5.61e-10	2.54e-07	1.26e-05	2.69e-04	2.45e-03	1.56e-02	4.44e-02	7.38e-02	1.32e-01	4.70e-01	2.26e-01	3.59e-02
 1.58296e+23	0.00e+00	6.11e-27	1.37e-21	1.11e-18	4.73e-16	7.44e-14	6.57e-12	6.59e-10	2.97e-07	1.46e-05	3.07e-04	2.74e-03	1.71e-02	4.76e-02	7.70e-02	1.35e-01	4.67e-01	2.19e-01	3.41e-02
 1.58773e+23	0.00e+00	8.30e-27	1.83e-21	1.45e-18	6.02e-16	9.19e-14	7.87e-12	7.66e-10	3.46e-07	1.68e-05	3.48e-04	3.05e-03	1.87e-02	5.08e-02	8.03e-02	1.37e-01	4.65e-01	2.13e-01	3.23e-02
 1.59313e+23	0.00e+00	1.21e-26	2.63e-21	2.02e-18	8.11e-16	1.20e-13	9.87e-12	9.26e-10	4.18e-07	2.01e-05	4.08e-04	3.49e-03	2.08e-02	5.51e-02	8.43e-02	1.39e-01	4.61e-01	2.05e-01	3.03e-02
 1.59860e+23	3.81e-33	1.66e-26	3.53e-21	2.66e-18	1.04e-15	1.48e-13	1.19e-11	1.08e-09	4.87e-07	2.32e-05	4.64e-04	3.89e-03	2.28e-02	5.88e-02	8.77e-02	1.41e-01	4.58e-01	1.99e-01	2.86e-02
 1.60343e+23	5.35e-33	2.29e-26	4.81e-21	3.52e-18	1.33e-15	1.85e-13	1.43e-11	1.26e-09	5.70e-07	2.69e-05	5.30e-04	4.35e-03	2.50e-02	6.29e-02	9.13e-02	1.43e-01	4.54e-01	1.92e-01	2.70e-02
 1.60789e+23	7.13e-33	3.01e-26	6.24e-21	4.47e-18	1.65e-15	2.23e-13	1.68e-11	1.44e-09	6.51e-07	3.05e-05	5.93e-04	4.78e-03	2.69e-02	6.65e-02	9.44e-02	1.45e-01	4.50e-01	1.86e-01	2.56e-02
 1.61260e+23	1.02e-32	4.21e-26	8.60e-21	5.99e-18	2.14e-15	2.80e-13	2.04e-11	1.69e-09	7.66e-07	3.56e-05	6.80e-04	5.36e-03	2.96e-02	7.11e-02	9.82e-02	1.46e-01	4.45e-01	1.79e-01	2.40e-02
 1.61746e+23	1.37e-32	5.62e-26	1.13e-20	7.69e-18	2.68e-15	3.41e-13	2.41e-11	1.94e-09	8.81e-07	4.06e-05	7.64e-04	5.91e-03	3.20e-02	7.53e-02	1.02e-01	1.48e-01	4.40e-01	1.74e-01	2.27e-02
 1.62182e+23	1.88e-32	7.60e-26	1.51e-20	9.99e-18	3.38e-15	4.16e-13	2.85e-11	2.23e-09	1.02e-06	4.65e-05	8.62e-04	6.54e-03	3.48e-02	7.99e-02	1.05e-01	1.49e-01	4.35e-01	1.67e-01	2.14e-02
 1.62605e+23	2.52e-32	1.00e-25	1.97e-20	1.27e-17	4.19e-15	5.02e-13	3.33e-11	2.53e-09	1.16e-06	5.26e-05	9.64e-04	7.18e-03	3.75e-02	8.43e-02	1.08e-01	1.50e-01	4.30e-01	1.62e-01	2.03e-02
 1.63080e+23	3.64e-32	1.42e-25	2.74e-20	1.72e-17	5.49e-15	6.34e-13	4.05e-11	2.97e-09	1.37e-06	6.15e-05	1.11e-03	8.07e-03	4.12e-02	9.00e-02	1.12e-01	1.51e-01	4.23e-01	1.55e-01	1.88e-02
 1.63568e+23	5.08e-32	1.95e-25	3.71e-20	2.26e-17	6.99e-15	7.81e-13	4.82e-11	3.42e-09	1.58e-06	7.07e-05	1.25e-03	8.95e-03	4.48e-02	9.55e-02	1.16e-01	1.52e-01	4.16e-01	1.48e-01	1.76e-02
 1.63994e+23	6.79e-32	2.58e-25	4.84e-20	2.88e-17	8.65e-15	9.38e-13	5.62e-11	3.87e-09	1.80e-06	7.99e-05	1.40e-03	9.80e-03	4.81e-02	1.00e-01	1.19e-01	1.52e-01	4.09e-01	1.43e-01	1.66e-02
 1.64465e+23	1.01e-31	3.79e-25	6.97e-20	4.00e-17	1.16e-14	1.20e-12	6.90e-11	4.56e-09	2.14e-06	9.44e-05	1.62e-03	1.11e-02	5.31e-02	1.08e-01	1.23e-01	1.53e-01	4.00e-01	1.35e-01	1.52e-02
 1.64939e+23	1.37e-31	5.04e-25	9.16e-20	5.12e-17	1.44e-14	1.45e-12	8.06e-11	5.17e-09	2.44e-06	1.07e-04	1.81e-03	1.21e-02	5.71e-02	1.13e-01	1.27e-01	1.53e-01	3.92e-01	1.30e-01	1.43e-02
 1.65352e+23	1.86e-31	6.76e-25	1.21e-19	6.58e-17	1.79e-14	1.75e-12	9.42e-11	5.85e-09	2.79e-06	1.21e-04	2.03e-03	1.33e-02	6.15e-02	1.19e-01	1.30e-01	1.53e-01	3.84e-01	1.24e-01	1.33e-02
 1.65761e+23	2.52e-31	9.05e-25	1.60e-19	8.45e-17	2.23e-14	2.11e-12	1.10e-10	6.61e-09	3.17e-06	1.37e-04	2.26e-03	1.46e-02	6.60e-02	1.25e-01	1.33e-01	1.53e-01	3.76e-01	1.18e-01	1.24e-02
 1.66228e+23	3.76e-31	1.32e-24	2.30e-19	1.17e-16	2.97e-14	2.69e-12	1.34e-10	7.72e-09	3.75e-06	1.61e-04	2.61e-03	1.64e-02	7.24e-02	1.33e-01	1.37e-01	1.52e-01	3.65e-01	1.11e-01	1.13e-02
 1.66695e+23	5.15e-31	1.79e-24	3.07e-19	1.51e-16	3.72e-14	3.26e-12	1.56e-10	8.71e-09	4.27e-06	1.83e-04	2.92e-03	1.80e-02	7.77e-02	1.39e-01	1.40e-01	1.51e-01	3.55e-01	1.06e-01	1.05e-02
 1.67090e+23	6.91e-31	2.37e-24	4.01e-19	1.92e-16	4.58e-14	3.89e-12	1.80e-10	9.75e-09	4.82e-06	2.05e-04	3.23e-03	1.95e-02	8.29e-02	1.45e-01	1.42e-01	1.50e-01	3.46e-01	1.01e-01	9.78e-03
 1.67530e+23	1.03e-30	3.48e-24	5.79e-19	2.67e-16	6.08e-14	4.93e-12	2.18e-10	1.13e-08	5.67e-06	2.40e-04	3.71e-03	2.19e-02	9.05e-02	1.53e-01	1.45e-01	1.49e-01	3.33e-01	9.39e-02	8.84e-03
 1.67963e+23	1.37e-30	4.54e-24	7.47e-19	3.35e-16	7.41e-14	5.83e-12	2.50e-10	1.25e-08	6.35e-06	2.67e-04	4.08e-03	2.36e-02	9.61e-02	1.59e-01	1.48e-01	1.47e-01	3.24e-01	8.93e-02	8.22e-03
 1.68385e+23	2.02e-30	6.62e-24	1.07e-18	4.60e-16	9.76e-14	7.33e-12	2.99e-10	1.44e-08	7.40e-06	3.10e-04	4.66e-03	2.63e-02	1.04e-01	1.68e-01	1.50e-01	1.45e-01	3.11e-01	8.30e-02	7.41e-03
 1.68811e+23	2.70e-30	8.72e-24	1.39e-18	5.81e-16	1.19e-13	8.69e-12	3.43e-10	1.60e-08	8.30e-06	3.46e-04	5.13e-03	2.84e-02	1.10e-01	1.74e-01	1.52e-01	1.43e-01	3.01e-01	7.85e-02	6.85e-03
 1.69239e+23	4.05e-30	1.29e-23	2.02e-18	8.05e-16	1.58e-13	1.10e-11	4.12e-10	1.83e-08	9.68e-06	4.01e-04	5.85e-03	3.16e-02	1.20e-01	1.82e-01	1.54e-01	1.40e-01	2.87e-01	7.24e-02	6.11e-03
 1.69670e+23	5.46e-30	1.71e-23	2.65e-18	1.02e-15	1.95e-13	1.31e-11	4.73e-10	2.04e-08	1.09e-05	4.48e-04	6.44e-03	3.41e-02	1.27e-01	1.88e-01	1.55e-01	1.38e-01	2.77e-01	6.81e-02	5.61e-03
 1.70105e+23	8.14e-30	2.51e-23	3.82e-18	1.41e-15	2.57e-13	1.64e-11	5.66e-10	2.33e-08	1.26e-05	5.17e-04	7.30e-03	3.76e-02	1.36e-01	1.97e-01	1.57e-01	1.35e-01	2.63e-01	6.25e-02	4.99e-03
 1.70536e+23	1.10e-29	3.35e-23	5.03e-18	1.80e-15	3.16e-13	1.95e-11	6.49e-10	2.58e-08	1.41e-05	5.75e-04	8.01e-03	4.05e-02	1.44e-01	2.03e-01	1.57e-01	1.32e-01	2.52e-01	5.85e-02	4.55e-03
 1.70962e+23	1.64e-29	4.90e-23	7.23e-18	2.48e-15	4.16e-13	2.45e-11	7.74e-10	2.94e-08	1.63e-05	6.61e-04	9.03e-03	4.45e-02	1.54e-01	2.10e-01	1.58e-01	1.28e-01	2.38e-01	5.34e-02	4.02e-03
 1.71394e+23	2.25e-29	6.64e-23	9.65e-18	3.19e-15	5.16e-13	2.93e-11	8.90e-10	3.27e-08	1.82e-05	7.36e-04	9.92e-03	4.79e-02	1.62e-01	2.16e-01	1.58e-01	1.25e-01	2.27e-01	4.96e-02	3.64e-03
 1.71835e+23	3.41e-29	9.87e-23	1.41e-17	4.44e-15	6.85e-13	3.69e-11	1.07e-09	3.74e-08	2.10e-05	8.46e-04	1.12e-02	5.25e-02	1.73e-01	2.23e-01	1.58e-01	1.20e-01	2.13e-01	4.49e-02	3.18e-03
 1.72282e+23	4.73e-29	1.35e-22	1.90e-17	5.76e-15	8.55e-13	4.44e-11	1.23e-09	4.15e-08	2.35e-05	9.41e-04	1.23e-02	5.64e-02	1.82e-01	2.29e-01	1.57e-01	1.16e-01	2.02e-01	4.14e-02	2.85e-03
 1.72735e+23	7.24e-29	2.03e-22	2.80e-17	8.09e-15	1.14e-12	5.63e-11	1.48e-09	4.76e-08	2.71e-05	1.08e-03	1.38e-02	6.17e-02	1.94e-01	2.35e-01	1.56e-01	1.11e-01	1.88e-01	3.71e-02	2.47e-03
 1.73190e+23	1.01e-28	2.78e-22	3.77e-17	1.05e-14	1.43e-12	6.77e-11	1.71e-09	5.29e-08	3.02e-05	1.20e-03	1.50e-02	6.60e-02	2.02e-01	2.40e-01	1.54e-01	1.07e-01	1.77e-01	3.41e-02	2.20e-03
 1.73582e+23	1.38e-28	3.77e-22	5.04e-17	1.35e-14	1.77e-12	8.08e-11	1.96e-09	5.86e-08	3.34e-05	1.32e-03	1.63e-02	7.02e-02	2.11e-01	2.44e-01	1.53e-01	1.04e-01	1.67e-01	3.12e-02	1.97e-03
 1.74026e+23	2.11e-28	5.63e-22	7.39e-17	1.88e-14	2.35e-12	1.02e-10	2.35e-09	6.70e-08	3.81e-05	1.50e-03	1.82e-02	7.61e-02	2.22e-01	2.48e-01	1.51e-01	9.85e-02	1.55e-01	2.78e-02	1.69e-03
 1.74469e+23	2.85e-28	7.52e-22	9.73e-17	2.39e-14	2.88e-12	1.21e-10	2.69e-09	7.40e-08	4.20e-05	1.64e-03	1.96e-02	8.05e-02	2.30e-01	2.51e-01	1.49e-01	9.48e-02	1.46e-01	2.56e-02	1.51e-03
 1.74911e+23	4.30e-28	1.11e-21	1.41e-16	3.31e-14	3.80e-12	1.52e-10	3.21e-09	8.45e-08	4.76e-05	1.84e-03	2.16e-02	8.66e-02	2.41e-01	2.55e-01	1.46e-01	8.99e-02	1.34e-01	2.27e-02	1.30e-03
 1.75359e+23	5.84e-28	1.49e-21	1.86e-16	4.21e-14	4.67e-12	1.81e-10	3.67e-09	9.35e-08	5.22e-05	2.01e-03	2.33e-02	9.13e-02	2.49e-01	2.57e-01	1.43e-01	8.62e-02	1.26e-01	2.08e-02	1.15e-03
 1.75813e+23	8.73e-28	2.19e-21	2.68e-16	5.78e-14	6.13e-12	2.26e-10	4.39e-09	1.07e-07	5.89e-05	2.25e-03	2.55e-02	9.76e-02	2.59e-01	2.59e-01	1.40e-01	8.14e-02	1.16e-01	1.84e-02	9.87e-04
 1.76280e+23	1.21e-27	2.98e-21	3.59e-16	7.47e-14	7.64e-12	2.72e-10	5.07e-09	1.19e-07	6.49e-05	2.46e-03	2.74e-02	1.03e-01	2.67e-01	2.60e-01	1.36e-01	7.76e-02	1.08e-01	1.67e-02	8.69e-04
 1.76763e+23	1.84e-27	4.44e-21	5.23e-16	1.04e-13	1.01e-11	3.44e-10	6.10e-09	1.37e-07	7.32e-05	2.76e-03	3.01e-02	1.10e-01	2.77e-01	2.61e-01	1.32e-01	7.28e-02	9.87e-02	1.46e-02	7.35e-04
 1.77256e+23	2.54e-27	6.04e-21	7.00e-16	1.34e-13	1.26e-11	4.13e-10	7.06e-09	1.53e-07	8.05e-05	3.00e-03	3.22e-02	1.15e-01	2.84e-01	2.62e-01	1.29e-01	6.92e-02	9.17e-02	1.32e-02	6.45e-04
 1.77760e+23	3.86e-27	8.98e-21	1.02e-15	1.85e-13	1.67e-11	5.23e-10	8.52e-09	1.77e-07	9.07e-05	3.35e-03	3.51e-02	1.22e-01	2.93e-01	2.61e-01	1.25e-01	6.47e-02	8.33e-02	1.16e-02	5.43e-04
 1.78280e+23	5.39e-27	1.23e-20	1.37e-15	2.41e-13	2.09e-11	6.32e-10	9.93e-09	1.99e-07	9.99e-05	3.65e-03	3.76e-02	1.28e-01	3.00e-01	2.61e-01	1.21e-01	6.11e-02	7.70e-02	1.04e-02	4.72e-04
 1.78744e+23	7.45e-27	1.67e-20	1.83e-15	3.10e-13	2.60e-11	7.60e-10	1.15e-08	2.23e-07	1.10e-04	3.96e-03	4.01e-02	1.34e-01	3.07e-01	2.59e-01	1.17e-01	5.79e-02	7.12e-02	9.30e-03	4.12e-04
 1.79274e+23	1.12e-26	2.47e-20	2.65e-15	4.27e-13	3.44e-11	9.62e-10	1.39e-08	2.58e-07	1.23e-04	4.40e-03	4.35e-02	1.41e-01	3.14e-01	2.58e-01	1.12e-01	5.38e-02	6.44e-02	8.09e-03	3.45e-04
 1.79812e+23	1.55e-26	3.35e-20	3.52e-15	5.49e-13	4.27e-11	1.16e-09	1.62e-08	2.90e-07	1.35e-04	4.76e-03	4.62e-02	1.47e-01	3.20e-01	2.56e-01	1.09e-01	5.08e-02	5.94e-02	7.25e-03	3.00e-04
 1.80360e+23	2.33e-26	4.93e-20	5.05e-15	7.54e-13	5.63e-11	1.46e-09	1.95e-08	3.36e-07	1.52e-04	5.27e-03	4.99e-02	1.55e-01	3.26e-01	2.53e-01	1.04e-01	4.71e-02	5.35e-02	6.28e-03	2.51e-04
 1.80893e+23	3.10e-26	6.46e-20	6.51e-15	9.43e-13	6.84e-11	1.73e-09	2.24e-08	3.74e-07	1.65e-04	5.65e-03	5.26e-02	1.60e-01	3.31e-01	2.50e-01	1.01e-01	4.46e-02	4.97e-02	5.68e-03	2.21e-04
 1.81405e+23	4.50e-26	9.17e-20	9.05e-15	1.26e-12	8.80e-11	2.14e-09	2.66e-08	4.29e-07	1.83e-04	6.18e-03	5.63e-02	1.67e-01	3.36e-01	2.47e-01	9.61e-02	4.15e-02	4.50e-02	4.97e-03	1.86e-04
 1.81927e+23	5.98e-26	1.20e-19	1.16e-14	1.57e-12	1.07e-10	2.52e-09	3.05e-08	4.77e-07	1.98e-04	6.62e-03	5.92e-02	1.72e-01	3.40e-01	2.44e-01	9.28e-02	3.92e-02	4.17e-02	4.48e-03	1.64e-04
 1.82461e+23	8.63e-26	1.69e-19	1.60e-14	2.08e-12	1.37e-10	3.12e-09	3.63e-08	5.48e-07	2.21e-04	7.23e-03	6.31e-02	1.79e-01	3.44e-01	2.39e-01	8.85e-02	3.64e-02	3.78e-02	3.91e-03	1.38e-04
 1.83009e+23	1.16e-25	2.24e-19	2.08e-14	2.62e-12	1.68e-10	3.71e-09	4.19e-08	6.13e-07	2.40e-04	7.76e-03	6.65e-02	1.85e-01	3.47e-01	2.36e-01	8.50e-02	3.42e-02	3.48e-02	3.50e-03	1.20e-04
 1.83576e+23	1.69e-25	3.18e-19	2.89e-14	3.50e-12	2.16e-10	4.62e-09	5.01e-08	7.07e-07	2.68e-04	8.48e-03	7.08e-02	1.92e-01	3.51e-01	2.31e-01	8.07e-02	3.16e-02	3.13e-02	3.04e-03	1.01e-04
 1.84131e+23	2.22e-25	4.11e-19	3.67e-14	4.33e-12	2.60e-10	5.42e-09	5.72e-08	7.86e-07	2.90e-04	9.04e-03	7.41e-02	1.97e-01	3.53e-01	2.27e-01	7.76e-02	2.98e-02	2.89e-02	2.74e-03	8.82e-05
 1.84674e+23	3.17e-25	5.75e-19	5.01e-14	5.70e-12	3.31e-10	6.68e-09	6.79e-08	9.00e-07	3.21e-04	9.82e-03	7.86e-02	2.04e-01	3.55e-01	2.22e-01	7.37e-02	2.76e-02	2.61e-02	2.38e-03	7.41e-05
 1.85221e+23	4.12e-25	7.34e-19	6.29e-14	6.97e-12	3.96e-10	7.79e-09	7.72e-08	9.98e-07	3.47e-04	1.04e-02	8.21e-02	2.09e-01	3.57e-01	2.18e-01	7.08e-02	2.60e-02	2.41e-02	2.15e-03	6.52e-05
 1.85776e+23	5.85e-25	1.02e-18	8.53e-14	9.13e-12	5.02e-10	9.58e-09	9.16e-08	1.14e-06	3.84e-04	1.13e-02	8.68e-02	2.16e-01	3.58e-01	2.13e-01	6.70e-02	2.40e-02	2.17e-02	1.87e-03	5.48e-05
 1.86342e+23	7.64e-25	1.31e-18	1.08e-13	1.12e-11	6.03e-10	1.12e-08	1.04e-07	1.27e-06	4.15e-04	1.20e-02	9.06e-02	2.21e-01	3.59e-01	2.08e-01	6.42e-02	2.26e-02	2.00e-02	1.68e-03	4.79e-05
 1.86922e+23	1.09e-24	1.82e-18	1.46e-13	1.47e-11	7.67e-10	1.38e-08	1.24e-07	1.46e-06	4.61e-04	1.31e-02	9.57e-02	2.28e-01	3.60e-01	2.02e-01	6.06e-02	2.08e-02	1.80e-02	1.45e-03	4.00e-05
 1.87513e+23	1.43e-24	2.35e-18	1.84e-13	1.81e-11	9.22e-10	1.62e-08	1.42e-07	1.63e-06	4.99e-04	1.39e-02	9.98e-02	2.33e-01	3.60e-01	1.98e-01	5.79e-02	1.95e-02	1.65e-02	1.30e-03	3.49e-05
 1.88118e+23	2.04e-24	3.27e-18	2.51e-13	2.38e-11	1.17e-09	2.00e-08	1.69e-07	1.87e-06	5.55e-04	1.51e-02	1.05e-01	2.39e-01	3.60e-01	1.92e-01	5.44e-02	1.78e-02	1.48e-02	1.12e-03	2.90e-05
 1.88735e+23	2.68e-24	4.22e-18	3.17e-13	2.94e-11	1.42e-09	2.35e-08	1.94e-07	2.09e-06	6.02e-04	1.60e-02	1.10e-01	2.44e-01	3.59e-01	1.87e-01	5.18e-02	1.67e-02	1.35e-02	9.97e-04	2.51e-05
 1.89275e+23	3.50e-24	5.40e-18	3.99e-13	3.60e-11	1.70e-09	2.76e-08	2.21e-07	2.33e-06	6.52e-04	1.70e-02	1.14e-01	2.49e-01	3.59e-01	1.82e-01	4.94e-02	1.56e-02	1.24e-02	8.90e-04	2.18e-05
 1.89887e+23	4.93e-24	7.43e-18	5.35e-13	4.68e-11	2.14e-09	3.38e-08	2.62e-07	2.67e-06	7.22e-04	1.84e-02	1.20e-01	2.55e-01	3.57e-01	1.76e-01	4.63e-02	1.43e-02	1.11e-02	7.68e-04	1.82e-05
 1.90499e+23	6.32e-24	9.36e-18	6.60e-13	5.66e-11	2.54e-09	3.92e-08	2.97e-07	2.95e-06	7.79e-04	1.95e-02	1.25e-01	2.60e-01	3.56e-01	1.71e-01	4.42e-02	1.34e-02	1.02e-02	6.90e-04	1.59e-05
 1.91113e+23	8.88e-24	1.28e-17	8.84e-13	7.33e-11	3.20e-09	4.79e-08	3.52e-07	3.39e-06	8.62e-04	2.10e-02	1.31e-01	2.66e-01	3.54e-01	1.65e-01	4.13e-02	1.23e-02	9.10e-03	5.93e-04	1.32e-05
 1.91735e+23	1.14e-23	1.62e-17	1.09e-12	8.88e-11	3.79e-09	5.56e-08	3.99e-07	3.75e-06	9.31e-04	2.22e-02	1.35e-01	2.70e-01	3.52e-01	1.60e-01	3.93e-02	1.15e-02	8.36e-03	5.31e-04	1.16e-05
 1.92370e+23	1.59e-23	2.21e-17	1.45e-12	1.14e-10	4.75e-09	6.78e-08	4.71e-07	4.30e-06	1.03e-03	2.39e-02	1.42e-01	2.75e-01	3.49e-01	1.54e-01	3.67e-02	1.05e-02	7.45e-03	4.57e-04	9.61e-06
 1.93026e+23	2.09e-23	2.84e-17	1.83e-12	1.41e-10	5.72e-09	7.98e-08	5.40e-07	4.80e-06	1.12e-03	2.54e-02	1.47e-01	2.80e-01	3.46e-01	1.49e-01	3.47e-02	9.72e-03	6.77e-03	4.04e-04	8.26e-06
 1.93708e+23	2.94e-23	3.88e-17	2.44e-12	1.82e-10	7.20e-09	9.76e-08	6.40e-07	5.52e-06	1.24e-03	2.73e-02	1.54e-01	2.85e-01	3.42e-01	1.43e-01	3.23e-02	8.85e-03	6.01e-03	3.46e-04	6.83e-06
 1.94415e+23	3.93e-23	5.08e-17	3.11e-12	2.27e-10	8.77e-09	1.16e-07	7.40e-07	6.21e-06	1.35e-03	2.91e-02	1.60e-01	2.89e-01	3.39e-01	1.38e-01	3.04e-02	8.15e-03	5.42e-03	3.03e-04	5.80e-06
 1.95153e+23	5.61e-23	7.05e-17	4.20e-12	2.97e-10	1.12e-08	1.43e-07	8.84e-07	7.18e-06	1.51e-03	3.14e-02	1.68e-01	2.94e-01	3.34e-01	1.31e-01	2.81e-02	7.36e-03	4.77e-03	2.57e-04	4.73e-06
 1.95913e+23	7.58e-23	9.31e-17	5.41e-12	3.74e-10	1.37e-08	1.71e-07	1.03e-06	8.13e-06	1.65e-03	3.35e-02	1.74e-01	2.98e-01	3.30e-01	1.26e-01	2.62e-02	6.74e-03	4.27e-03	2.23e-04	3.98e-06
 1.96703e+23	1.10e-22	1.31e-16	7.39e-12	4.95e-10	1.76e-08	2.14e-07	1.24e-06	9.46e-06	1.85e-03	3.63e-02	1.82e-01	3.02e-01	3.24e-01	1.19e-01	2.41e-02	6.04e-03	3.72e-03	1.87e-04	3.21e-06
 1.97521e+23	1.51e-22	1.75e-16	9.64e-12	6.29e-10	2.18e-08	2.58e-07	1.45e-06	1.08e-05	2.03e-03	3.88e-02	1.89e-01	3.06e-01	3.18e-01	1.14e-01	2.23e-02	5.49e-03	3.30e-03	1.60e-04	2.66e-06
 1.98261e+23	2.05e-22	2.32e-16	1.24e-11	7.92e-10	2.68e-08	3.09e-07	1.69e-06	1.22e-05	2.23e-03	4.14e-02	1.97e-01	3.09e-01	3.13e-01	1.09e-01	2.08e-02	5.00e-03	2.94e-03	1.38e-04	2.22e-06
 1.99110e+23	3.01e-22	3.31e-16	1.72e-11	1.06e-09	3.48e-08	3.88e-07	2.05e-06	1.43e-05	2.51e-03	4.48e-02	2.06e-01	3.13e-01	3.06e-01	1.02e-01	1.89e-02	4.44e-03	2.54e-03	1.14e-04	1.77e-06
 1.99976e+23	4.16e-22	4.45e-16	2.24e-11	1.35e-09	4.32e-08	4.69e-07	2.40e-06	1.63e-05	2.76e-03	4.79e-02	2.13e-01	3.16e-01	3.00e-01	9.71e-02	1.74e-02	4.01e-03	2.24e-03	9.74e-05	1.46e-06
 2.00749e+23	5.64e-22	5.88e-16	2.89e-11	1.70e-09	5.30e-08	5.61e-07	2.79e-06	1.84e-05	3.02e-03	5.10e-02	2.21e-01	3.18e-01	2.93e-01	9.22e-02	1.61e-02	3.64e-03	1.99e-03	8.37e-05	1.21e-06
 2.01637e+23	8.50e-22	8.56e-16	4.06e-11	2.30e-09	6.98e-08	7.14e-07	3.42e-06	2.17e-05	3.41e-03	5.53e-02	2.30e-01	3.21e-01	2.85e-01	8.59e-02	1.45e-02	3.19e-03	1.69e-03	6.78e-05	9.37e-07
 2.02533e+23	1.15e-21	1.13e-15	5.24e-11	2.90e-09	8.58e-08	8.55e-07	3.98e-06	2.46e-05	3.74e-03	5.88e-02	2.38e-01	3.22e-01	2.78e-01	8.14e-02	1.34e-02	2.88e-03	1.49e-03	5.80e-05	7.76e-07
 2.03437e+23	1.74e-21	1.65e-15	7.35e-11	3.93e-09	1.13e-07	1.09e-06	4.89e-06	2.91e-05	4.22e-03	6.38e-02	2.48e-01	3.24e-01	2.69e-01	7.55e-02	1.20e-02	2.51e-03	1.26e-03	4.67e-05	5.97e-07
 2.04352e+23	2.39e-21	2.20e-15	9.55e-11	4.98e-09	1.40e-07	1.31e-06	5.71e-06	3.30e-05	4.64e-03	6.78e-02	2.56e-01	3.25e-01	2.61e-01	7.11e-02	1.10e-02	2.26e-03	1.10e-03	3.95e-05	4.88e-07
 2.05282e+23	3.61e-21	3.21e-15	1.34e-10	6.77e-09	1.84e-07	1.67e-06	7.01e-06	3.91e-05	5.23e-03	7.34e-02	2.66e-01	3.26e-01	2.52e-01	6.56e-02	9.74e-03	1.95e-03	9.22e-04	3.16e-05	3.72e-07
 2.06171e+23	4.78e-21	4.16e-15	1.69e-10	8.35e-09	2.22e-07	1.97e-06	8.06e-06	4.38e-05	5.69e-03	7.75e-02	2.73e-01	3.26e-01	2.45e-01	6.20e-02	8.98e-03	1.77e-03	8.16e-04	2.71e-05	3.09e-07
 2.07006e+23	6.91e-21	5.82e-15	2.29e-10	1.10e-08	2.84e-07	2.45e-06	9.69e-06	5.10e-05	6.34e-03	8.31e-02	2.82e-01	3.25e-01	2.36e-01	5.74e-02	8.04e-03	1.55e-03	6.92e-04	2.20e-05	2.40e-07
 2.07847e+23	9.16e-21	7.52e-15	2.88e-10	1.35e-08	3.43e-07	2.90e-06	1.11e-05	5.72e-05	6.88e-03	8.75e-02	2.89e-01	3.25e-01	2.29e-01	5.41e-02	7.38e-03	1.39e-03	6.11e-04	1.88e-05	1.99e-07
 2.08695e+23	1.33e-20	1.05e-14	3.90e-10	1.78e-08	4.40e-07	3.61e-06	1.34e-05	6.67e-05	7.68e-03	9.38e-02	2.98e-01	3.23e-01	2.19e-01	4.98e-02	6.57e-03	1.21e-03	5.14e-04	1.51e-05	1.53e-07
 2.09552e+23	1.77e-20	1.37e-14	4.93e-10	2.20e-08	5.34e-07	4.28e-06	1.55e-05	7.51e-05	8.35e-03	9.89e-02	3.05e-01	3.22e-01	2.12e-01	4.66e-02	5.99e-03	1.09e-03	4.49e-04	1.28e-05	1.25e-07
 2.10421e+23	2.57e-20	1.92e-14	6.69e-10	2.89e-08	6.86e-07	5.36e-06	1.87e-05	8.79e-05	9.33e-03	1.06e-01	3.14e-01	3.20e-01	2.02e-01	4.27e-02	5.29e-03	9.36e-04	3.75e-04	1.02e-05	0.00e+00
 2.11301e+23	3.45e-20	2.51e-14	8.47e-10	3.58e-08	8.35e-07	6.37e-06	2.17e-05	9.92e-05	1.02e-02	1.12e-01	3.20e-01	3.17e-01	1.95e-01	3.98e-02	4.79e-03	8.33e-04	3.25e-04	8.49e-06	0.00e+00
 2.12195e+23	5.04e-20	3.54e-14	1.15e-09	4.74e-08	1.08e-06	8.03e-06	2.64e-05	1.17e-04	1.14e-02	1.20e-01	3.29e-01	3.14e-01	1.85e-01	3.61e-02	4.19e-03	7.11e-04	2.68e-04	6.66e-06	0.00e+00
 2.13102e+23	6.77e-20	4.62e-14	1.46e-09	5.88e-08	1.32e-06	9.58e-06	3.07e-05	1.32e-04	1.24e-02	1.26e-01	3.35e-01	3.11e-01	1.77e-01	3.34e-02	3.77e-03	6.28e-04	2.30e-04	5.51e-06	0.00e+00
 2.14025e+23	9.92e-20	6.52e-14	1.98e-09	7.78e-08	1.71e-06	1.21e-05	3.75e-05	1.56e-04	1.40e-02	1.35e-01	3.44e-01	3.06e-01	1.67e-01	3.01e-02	3.26e-03	5.31e-04	1.87e-04	4.27e-06	0.00e+00
 2.14968e+23	1.35e-19	8.58e-14	2.52e-09	9.73e-08	2.10e-06	1.46e-05	4.40e-05	1.79e-04	1.53e-02	1.43e-01	3.50e-01	3.02e-01	1.59e-01	2.76e-02	2.90e-03	4.63e-04	1.58e-04	3.46e-06	0.00e+00
 2.15937e+23	1.99e-19	1.22e-13	3.43e-09	1.29e-07	2.75e-06	1.86e-05	5.41e-05	2.13e-04	1.73e-02	1.53e-01	3.57e-01	2.96e-01	1.48e-01	2.45e-02	2.47e-03	3.85e-04	1.27e-04	2.62e-06	0.00e+00
 2.16926e+23	2.71e-19	1.61e-13	4.38e-09	1.62e-07	3.40e-06	2.26e-05	6.39e-05	2.46e-04	1.91e-02	1.61e-01	3.63e-01	2.91e-01	1.40e-01	2.22e-02	2.17e-03	3.32e-04	1.05e-04	2.09e-06	0.00e+00
 2.17904e+23	3.91e-19	2.23e-13	5.83e-09	2.12e-07	4.39e-06	2.86e-05	7.83e-05	2.93e-04	2.15e-02	1.73e-01	3.70e-01	2.84e-01	1.30e-01	1.97e-02	1.84e-03	2.75e-04	8.40e-05	1.57e-06	0.00e+00
 2.18833e+23	5.10e-19	2.82e-13	7.15e-09	2.58e-07	5.29e-06	3.39e-05	9.06e-05	3.32e-04	2.34e-02	1.81e-01	3.74e-01	2.78e-01	1.23e-01	1.80e-02	1.63e-03	2.40e-04	7.10e-05	1.28e-06	0.00e+00
 2.19735e+23	7.13e-19	3.80e-13	9.24e-09	3.29e-07	6.71e-06	4.23e-05	1.10e-04	3.92e-04	2.62e-02	1.92e-01	3.79e-01	2.71e-01	1.14e-01	1.59e-02	1.39e-03	1.99e-04	5.67e-05	9.67e-07	0.00e+00
 2.20654e+23	9.28e-19	4.79e-13	1.13e-08	4.00e-07	8.10e-06	5.05e-05	1.28e-04	4.47e-04	2.86e-02	2.02e-01	3.82e-01	2.64e-01	1.07e-01	1.44e-02	1.22e-03	1.71e-04	4.72e-05	7.72e-07	0.00e+00
 2.21552e+23	1.26e-18	6.27e-13	1.42e-08	5.00e-07	1.01e-05	6.21e-05	1.53e-04	5.24e-04	3.18e-02	2.13e-01	3.85e-01	2.56e-01	9.94e-02	1.27e-02	1.03e-03	1.43e-04	3.78e-05	5.87e-07	0.00e+00
 2.22468e+23	1.64e-18	7.88e-13	1.73e-08	6.07e-07	1.22e-05	7.43e-05	1.79e-04	6.02e-04	3.49e-02	2.24e-01	3.87e-01	2.48e-01	9.25e-02	1.13e-02	8.95e-04	1.21e-04	3.10e-05	4.61e-07	0.00e+00
 2.23363e+23	2.16e-18	1.00e-12	2.11e-08	7.44e-07	1.50e-05	9.02e-05	2.11e-04	7.00e-04	3.86e-02	2.35e-01	3.89e-01	2.40e-01	8.54e-02	1.00e-02	7.61e-04	1.01e-04	2.49e-05	3.52e-07	0.00e+00
 2.24275e+23	2.79e-18	1.25e-12	2.55e-08	9.00e-07	1.82e-05	1.08e-04	2.48e-04	8.08e-04	4.24e-02	2.47e-01	3.90e-01	2.31e-01	7.88e-02	8.86e-03	6.51e-04	8.49e-05	2.02e-05	2.72e-07	0.00e+00
 2.25179e+23	3.60e-18	1.56e-12	3.06e-08	1.09e-06	2.21e-05	1.30e-04	2.91e-04	9.35e-04	4.67e-02	2.59e-01	3.90e-01	2.22e-01	7.24e-02	7.79e-03	5.53e-04	7.07e-05	1.62e-05	2.08e-07	0.00e+00
 2.26088e+23	4.59e-18	1.92e-12	3.64e-08	1.30e-06	2.66e-05	1.56e-04	3.40e-04	1.08e-03	5.12e-02	2.71e-01	3.89e-01	2.13e-01	6.64e-02	6.85e-03	4.70e-04	5.90e-05	1.30e-05	1.59e-07	0.00e+00
 2.26987e+23	5.80e-18	2.35e-12	4.29e-08	1.55e-06	3.19e-05	1.85e-04	3.96e-04	1.24e-03	5.62e-02	2.82e-01	3.88e-01	2.04e-01	6.08e-02	6.02e-03	3.99e-04	4.91e-05	1.05e-05	1.22e-07	0.00e+00
