#depth	S	S+	S+2	S+3	S+4	S+5	S+6	S+7	S+8	S+9	S+10	S+11	S+12	S+13	S+14	S+15	S+16
 1.54284e+22	0.00e+00	0.00e+00	0.00e+00	0.00e+00	0.00e+00	0.00e+00	5.80e-28	4.99e-24	1.69e-20	2.37e-17	2.03e-14	8.99e-12	2.53e-09	7.52e-07	4.42e-04	3.68e-02	9.63e-01
 3.56999e+22	0.00e+00	0.00e+00	0.00e+00	0.00e+00	0.00e+00	6.54e-31	1.55e-26	9.52e-23	2.31e-19	2.33e-16	1.43e-13	4.53e-11	9.22e-09	1.97e-06	8.38e-04	5.03e-02	9.49e-01
 4.40870e+22	0.00e+00	0.00e+00	0.00e+00	0.00e+00	0.00e+00	8.73e-30	1.62e-25	7.79e-22	1.49e-18	1.18e-15	5.68e-13	1.42e-10	2.30e-08	3.91e-06	1.32e-03	6.27e-02	9.36e-01
 5.04663e+22	0.00e+00	0.00e+00	0.00e+00	0.00e+00	0.00e+00	6.87e-29	1.05e-24	4.15e-21	6.53e-18	4.29e-15	1.70e-12	3.54e-10	4.75e-08	6.72e-06	1.88e-03	7.45e-02	9.24e-01
 5.40104e+22	0.00e+00	0.00e+00	0.00e+00	0.00e+00	0.00e+00	1.17e-28	1.69e-24	6.38e-21	9.54e-18	5.97e-15	2.26e-12	4.46e-10	5.72e-08	7.72e-06	2.06e-03	7.78e-02	9.20e-01
 5.54194e+22	0.00e+00	0.00e+00	0.00e+00	0.00e+00	2.05e-32	1.93e-28	2.68e-24	9.61e-21	1.37e-17	8.18e-15	2.95e-12	5.57e-10	6.83e-08	8.81e-06	2.25e-03	8.12e-02	9.17e-01
 5.70299e+22	0.00e+00	0.00e+00	0.00e+00	0.00e+00	4.09e-32	3.66e-28	4.77e-24	1.61e-20	2.17e-17	1.22e-14	4.14e-12	7.38e-10	8.54e-08	1.04e-05	2.51e-03	8.55e-02	9.12e-01
 5.85615e+22	0.00e+00	0.00e+00	0.00e+00	0.00e+00	6.88e-32	5.90e-28	7.36e-24	2.38e-20	3.06e-17	1.65e-14	5.35e-12	9.11e-10	1.01e-07	1.18e-05	2.73e-03	8.90e-02	9.08e-01
 5.97709e+22	0.00e+00	0.00e+00	0.00e+00	0.00e+00	1.10e-31	9.09e-28	1.09e-23	3.38e-20	4.17e-17	2.15e-14	6.72e-12	1.10e-09	1.18e-07	1.32e-05	2.94e-03	9.21e-02	9.05e-01
 6.11235e+22	0.00e+00	0.00e+00	0.00e+00	0.00e+00	1.92e-31	1.52e-27	1.73e-23	5.12e-20	6.02e-17	2.97e-14	8.82e-12	1.38e-09	1.41e-07	1.51e-05	3.21e-03	9.60e-02	9.01e-01
 6.25777e+22	0.00e+00	0.00e+00	0.00e+00	0.00e+00	3.27e-31	2.49e-27	2.70e-23	7.63e-20	8.57e-17	4.03e-14	1.15e-11	1.71e-09	1.67e-07	1.71e-05	3.49e-03	9.99e-02	8.97e-01
 6.38925e+22	0.00e+00	0.00e+00	0.00e+00	0.00e+00	5.40e-31	3.94e-27	4.11e-23	1.11e-19	1.19e-16	5.38e-14	1.46e-11	2.10e-09	1.96e-07	1.93e-05	3.77e-03	1.04e-01	8.92e-01
 6.51294e+22	0.00e+00	0.00e+00	0.00e+00	0.00e+00	8.78e-31	6.16e-27	6.16e-23	1.60e-19	1.65e-16	7.12e-14	1.86e-11	2.55e-09	2.30e-07	2.17e-05	4.07e-03	1.08e-01	8.88e-01
 6.65362e+22	0.00e+00	0.00e+00	0.00e+00	0.00e+00	1.59e-30	1.07e-26	1.01e-22	2.49e-19	2.44e-16	1.00e-13	2.48e-11	3.24e-09	2.78e-07	2.50e-05	4.47e-03	1.12e-01	8.83e-01
 6.79914e+22	0.00e+00	0.00e+00	0.00e+00	0.00e+00	2.68e-30	1.72e-26	1.56e-22	3.67e-19	3.44e-16	1.35e-13	3.20e-11	4.00e-09	3.29e-07	2.84e-05	4.85e-03	1.17e-01	8.78e-01
 6.92894e+22	0.00e+00	0.00e+00	0.00e+00	0.00e+00	4.43e-30	2.74e-26	2.38e-22	5.35e-19	4.80e-16	1.81e-13	4.10e-11	4.91e-09	3.86e-07	3.20e-05	5.25e-03	1.21e-01	8.74e-01
 7.04644e+22	0.00e+00	0.00e+00	0.00e+00	0.00e+00	6.89e-30	4.12e-26	3.44e-22	7.45e-19	6.43e-16	2.33e-13	5.09e-11	5.87e-09	4.45e-07	3.55e-05	5.62e-03	1.25e-01	8.69e-01
 7.15280e+22	0.00e+00	0.00e+00	0.00e+00	0.00e+00	1.03e-29	5.97e-26	4.81e-22	1.01e-18	8.38e-16	2.93e-13	6.19e-11	6.89e-09	5.06e-07	3.91e-05	5.98e-03	1.29e-01	8.65e-01
 7.27393e+22	0.00e+00	0.00e+00	0.00e+00	0.00e+00	1.67e-29	9.33e-26	7.21e-22	1.44e-18	1.15e-15	3.87e-13	7.82e-11	8.37e-09	5.91e-07	4.38e-05	6.44e-03	1.33e-01	8.60e-01
 7.40501e+22	0.00e+00	0.00e+00	0.00e+00	0.00e+00	2.73e-29	1.46e-25	1.08e-21	2.08e-18	1.59e-15	5.13e-13	9.95e-11	1.02e-08	6.92e-07	4.93e-05	6.95e-03	1.38e-01	8.55e-01
 7.52362e+22	0.00e+00	0.00e+00	0.00e+00	0.00e+00	4.27e-29	2.21e-25	1.58e-21	2.91e-18	2.15e-15	6.64e-13	1.24e-10	1.22e-08	7.98e-07	5.48e-05	7.45e-03	1.42e-01	8.50e-01
 7.65242e+22	0.00e+00	0.00e+00	0.00e+00	7.58e-33	7.26e-29	3.61e-25	2.46e-21	4.33e-18	3.04e-15	9.00e-13	1.60e-10	1.51e-08	9.45e-07	6.21e-05	8.08e-03	1.48e-01	8.44e-01
 7.78378e+22	0.00e+00	0.00e+00	0.00e+00	1.27e-32	1.17e-28	5.63e-25	3.67e-21	6.21e-18	4.19e-15	1.19e-12	2.03e-10	1.84e-08	1.10e-06	6.96e-05	8.71e-03	1.53e-01	8.38e-01
 7.89424e+22	0.00e+00	0.00e+00	0.00e+00	2.00e-32	1.78e-28	8.27e-25	5.21e-21	8.49e-18	5.52e-15	1.51e-12	2.49e-10	2.17e-08	1.26e-06	7.69e-05	9.28e-03	1.57e-01	8.33e-01
 8.01360e+22	0.00e+00	0.00e+00	0.00e+00	3.37e-32	2.90e-28	1.30e-24	7.82e-21	1.22e-17	7.61e-15	2.00e-12	3.15e-10	2.64e-08	1.47e-06	8.62e-05	1.00e-02	1.63e-01	8.27e-01
 8.14243e+22	0.00e+00	0.00e+00	0.00e+00	5.66e-32	4.70e-28	2.02e-24	1.17e-20	1.75e-17	1.05e-14	2.64e-12	3.99e-10	3.21e-08	1.72e-06	9.66e-05	1.08e-02	1.68e-01	8.21e-01
 8.25207e+22	0.00e+00	0.00e+00	0.00e+00	8.68e-32	6.99e-28	2.91e-24	1.63e-20	2.36e-17	1.36e-14	3.32e-12	4.85e-10	3.77e-08	1.95e-06	1.06e-04	1.14e-02	1.73e-01	8.16e-01
 8.34764e+22	0.00e+00	0.00e+00	0.00e+00	1.28e-31	1.00e-27	4.07e-24	2.21e-20	3.09e-17	1.73e-14	4.08e-12	5.78e-10	4.35e-08	2.19e-06	1.15e-04	1.21e-02	1.77e-01	8.11e-01
 8.45639e+22	0.00e+00	0.00e+00	0.00e+00	2.03e-31	1.55e-27	6.06e-24	3.17e-20	4.27e-17	2.30e-14	5.22e-12	7.13e-10	5.17e-08	2.51e-06	1.28e-04	1.29e-02	1.82e-01	8.05e-01
 8.57479e+22	0.00e+00	0.00e+00	0.00e+00	3.24e-31	2.39e-27	9.04e-24	4.55e-20	5.91e-17	3.07e-14	6.71e-12	8.81e-10	6.16e-08	2.88e-06	1.41e-04	1.38e-02	1.87e-01	7.99e-01
 8.68423e+22	0.00e+00	0.00e+00	0.00e+00	2.71e-31	1.94e-27	7.09e-24	6.44e-20	8.07e-17	4.04e-14	8.51e-12	1.08e-09	7.28e-08	3.29e-06	1.56e-04	1.46e-02	1.93e-01	7.92e-01
 8.78831e+22	0.00e+00	0.00e+00	0.00e+00	7.77e-31	5.38e-27	1.91e-23	8.99e-20	1.09e-16	5.25e-14	1.07e-11	1.31e-09	8.54e-08	3.73e-06	1.71e-04	1.55e-02	1.98e-01	7.86e-01
 8.89018e+22	0.00e+00	0.00e+00	0.00e+00	6.32e-31	4.25e-27	1.47e-23	1.24e-19	1.45e-16	6.79e-14	1.34e-11	1.58e-09	9.98e-08	4.22e-06	1.87e-04	1.65e-02	2.03e-01	7.81e-01
 9.00591e+22	0.00e+00	0.00e+00	0.00e+00	1.04e-30	6.74e-27	2.24e-23	1.83e-19	2.05e-16	9.19e-14	1.74e-11	1.98e-09	1.20e-07	4.87e-06	2.08e-04	1.76e-02	2.09e-01	7.73e-01
 9.12700e+22	0.00e+00	0.00e+00	0.00e+00	1.67e-30	1.05e-26	3.38e-23	2.65e-19	2.86e-16	1.23e-13	2.25e-11	2.46e-09	1.43e-07	5.62e-06	2.31e-04	1.89e-02	2.15e-01	7.66e-01
 9.23165e+22	0.00e+00	0.00e+00	0.00e+00	2.55e-30	1.56e-26	4.85e-23	3.67e-19	3.83e-16	1.60e-13	2.81e-11	2.97e-09	1.68e-07	6.36e-06	2.53e-04	2.00e-02	2.20e-01	7.59e-01
 9.34427e+22	0.00e+00	0.00e+00	0.00e+00	4.16e-30	2.46e-26	7.40e-23	5.39e-19	5.40e-16	2.16e-13	3.66e-11	3.71e-09	2.01e-07	7.34e-06	2.81e-04	2.14e-02	2.27e-01	7.52e-01
 9.46425e+22	0.00e+00	0.00e+00	0.00e+00	6.73e-30	3.84e-26	1.12e-22	7.82e-19	7.54e-16	2.91e-13	4.73e-11	4.62e-09	2.41e-07	8.46e-06	3.12e-04	2.28e-02	2.33e-01	7.44e-01
 9.56644e+22	0.00e+00	0.00e+00	0.00e+00	9.98e-30	5.55e-26	1.57e-22	1.06e-18	9.92e-16	3.70e-13	5.83e-11	5.52e-09	2.79e-07	9.49e-06	3.39e-04	2.41e-02	2.38e-01	7.37e-01
 9.67196e+22	0.00e+00	0.00e+00	0.00e+00	1.57e-29	8.48e-26	2.32e-22	1.52e-18	1.36e-15	4.90e-13	7.44e-11	6.78e-09	3.30e-07	1.08e-05	3.74e-04	2.56e-02	2.45e-01	7.29e-01
 9.78505e+22	0.00e+00	0.00e+00	0.00e+00	2.45e-29	1.28e-25	3.39e-22	2.14e-18	1.85e-15	6.43e-13	9.42e-11	8.28e-09	3.89e-07	1.23e-05	4.11e-04	2.72e-02	2.51e-01	7.22e-01
 9.88862e+22	0.00e+00	0.00e+00	4.01e-33	3.70e-29	1.88e-25	4.83e-22	2.95e-18	2.47e-15	8.30e-13	1.18e-10	9.99e-09	4.54e-07	1.39e-05	4.49e-04	2.87e-02	2.56e-01	7.14e-01
 1.00039e+23	0.00e+00	0.00e+00	6.80e-33	6.08e-29	2.99e-25	7.41e-22	4.34e-18	3.50e-15	1.13e-12	1.53e-10	1.25e-08	5.46e-07	1.61e-05	4.99e-04	3.07e-02	2.63e-01	7.05e-01
 1.01251e+23	0.00e+00	0.00e+00	1.13e-32	9.79e-29	4.65e-25	1.11e-21	6.29e-18	4.87e-15	1.51e-12	1.98e-10	1.55e-08	6.52e-07	1.85e-05	5.53e-04	3.27e-02	2.70e-01	6.96e-01
 1.02267e+23	0.00e+00	0.00e+00	1.73e-32	1.46e-28	6.76e-25	1.57e-21	8.59e-18	6.44e-15	1.93e-12	2.45e-10	1.86e-08	7.57e-07	2.08e-05	6.02e-04	3.45e-02	2.76e-01	6.89e-01
 1.03175e+23	0.00e+00	0.00e+00	2.58e-32	2.12e-28	9.57e-25	2.16e-21	1.15e-17	8.36e-15	2.43e-12	2.99e-10	2.20e-08	8.69e-07	2.32e-05	6.51e-04	3.63e-02	2.81e-01	6.82e-01
 1.04216e+23	0.00e+00	0.00e+00	4.15e-32	3.32e-28	1.45e-24	3.18e-21	1.63e-17	1.14e-14	3.21e-12	3.80e-10	2.70e-08	1.03e-06	2.65e-05	7.16e-04	3.85e-02	2.88e-01	6.73e-01
 1.05342e+23	0.00e+00	0.00e+00	6.58e-32	5.12e-28	2.17e-24	4.61e-21	2.28e-17	1.54e-14	4.18e-12	4.78e-10	3.28e-08	1.21e-06	3.00e-05	7.85e-04	4.08e-02	2.94e-01	6.64e-01
 1.06395e+23	0.00e+00	0.00e+00	1.04e-31	7.86e-28	3.24e-24	6.65e-21	3.18e-17	2.08e-14	5.45e-12	6.02e-10	3.98e-08	1.41e-06	3.40e-05	8.59e-04	4.31e-02	3.01e-01	6.55e-01
 1.07420e+23	0.00e+00	0.00e+00	1.63e-31	1.20e-27	4.80e-24	9.56e-21	4.42e-17	2.79e-14	7.07e-12	7.54e-10	4.82e-08	1.65e-06	3.85e-05	9.39e-04	4.55e-02	3.07e-01	6.46e-01
 1.08591e+23	0.00e+00	0.00e+00	1.74e-31	1.24e-27	4.80e-24	1.47e-20	6.53e-17	3.96e-14	9.62e-12	9.85e-10	6.05e-08	1.99e-06	4.44e-05	1.04e-03	4.86e-02	3.14e-01	6.36e-01
 1.09767e+23	0.00e+00	0.00e+00	2.86e-31	1.98e-27	7.39e-24	2.18e-20	9.36e-17	5.47e-14	1.28e-11	1.26e-09	7.48e-08	2.37e-06	5.09e-05	1.15e-03	5.16e-02	3.22e-01	6.26e-01
 1.10716e+23	0.00e+00	0.00e+00	4.25e-31	2.87e-27	1.05e-23	3.00e-20	1.25e-16	7.09e-14	1.61e-11	1.54e-09	8.84e-08	2.72e-06	5.67e-05	1.24e-03	5.41e-02	3.27e-01	6.18e-01
 1.11718e+23	0.00e+00	0.00e+00	6.78e-31	4.44e-27	1.57e-23	4.36e-20	1.76e-16	9.62e-14	2.11e-11	1.95e-09	1.08e-07	3.20e-06	6.44e-05	1.36e-03	5.72e-02	3.34e-01	6.08e-01
 1.12817e+23	0.00e+00	0.00e+00	1.08e-30	6.87e-27	2.36e-23	6.31e-20	2.46e-16	1.30e-13	2.75e-11	2.46e-09	1.31e-07	3.76e-06	7.30e-05	1.49e-03	6.04e-02	3.40e-01	5.98e-01
 1.13861e+23	0.00e+00	0.00e+00	1.70e-30	1.05e-26	3.50e-23	9.06e-20	3.42e-16	1.75e-13	3.57e-11	3.08e-09	1.59e-07	4.40e-06	8.25e-05	1.63e-03	6.38e-02	3.46e-01	5.88e-01
 1.14848e+23	0.00e+00	0.00e+00	2.61e-30	1.57e-26	5.09e-23	1.28e-19	4.67e-16	2.31e-13	4.58e-11	3.82e-09	1.91e-07	5.12e-06	9.27e-05	1.77e-03	6.70e-02	3.52e-01	5.79e-01
 1.15782e+23	0.00e+00	0.00e+00	3.93e-30	2.31e-26	7.27e-23	1.77e-19	6.29e-16	3.02e-13	5.80e-11	4.69e-09	2.27e-07	5.90e-06	1.04e-04	1.91e-03	7.03e-02	3.58e-01	5.70e-01
 1.16838e+23	0.00e+00	0.00e+00	6.58e-30	3.75e-26	1.14e-22	2.67e-19	9.15e-16	4.23e-13	7.80e-11	6.07e-09	2.83e-07	7.06e-06	1.19e-04	2.11e-03	7.47e-02	3.65e-01	5.58e-01
 1.17921e+23	0.00e+00	0.00e+00	1.02e-29	5.66e-26	1.67e-22	3.79e-19	1.26e-15	5.63e-13	1.01e-10	7.57e-09	3.41e-07	8.24e-06	1.34e-04	2.30e-03	7.85e-02	3.71e-01	5.48e-01
 1.18885e+23	0.00e+00	0.00e+00	1.57e-29	8.45e-26	2.42e-22	5.32e-19	1.72e-15	7.43e-13	1.29e-10	9.37e-09	4.09e-07	9.56e-06	1.51e-04	2.50e-03	8.25e-02	3.77e-01	5.38e-01
 1.19986e+23	0.00e+00	0.00e+00	2.66e-29	1.39e-25	3.83e-22	8.07e-19	2.51e-15	1.05e-12	1.74e-10	1.22e-08	5.12e-07	1.15e-05	1.74e-04	2.76e-03	8.75e-02	3.84e-01	5.26e-01
 1.21122e+23	0.00e+00	0.00e+00	4.32e-29	2.18e-25	5.83e-22	1.18e-18	3.56e-15	1.43e-12	2.30e-10	1.55e-08	6.29e-07	1.36e-05	1.98e-04	3.03e-03	9.24e-02	3.90e-01	5.14e-01
 1.22072e+23	0.00e+00	0.00e+00	6.59e-29	3.23e-25	8.39e-22	1.65e-18	4.82e-15	1.88e-12	2.93e-10	1.92e-08	7.52e-07	1.58e-05	2.22e-04	3.28e-03	9.69e-02	3.95e-01	5.04e-01
 1.22937e+23	0.00e+00	1.90e-33	9.61e-29	4.60e-25	1.16e-21	2.22e-18	6.33e-15	2.40e-12	3.64e-10	2.31e-08	8.83e-07	1.80e-05	2.45e-04	3.52e-03	1.01e-01	4.00e-01	4.95e-01
 1.23923e+23	0.00e+00	3.20e-33	1.56e-28	7.24e-25	1.77e-21	3.24e-18	8.97e-15	3.29e-12	4.80e-10	2.95e-08	1.09e-06	2.13e-05	2.79e-04	3.86e-03	1.07e-01	4.06e-01	4.83e-01
 1.24964e+23	0.00e+00	5.21e-33	2.46e-28	1.11e-24	2.62e-21	4.63e-18	1.24e-14	4.41e-12	6.23e-10	3.70e-08	1.32e-06	2.49e-05	3.15e-04	4.20e-03	1.12e-01	4.11e-01	4.72e-01
 1.25903e+23	0.00e+00	8.30e-33	3.80e-28	1.66e-24	3.80e-21	6.49e-18	1.69e-14	5.83e-12	7.98e-10	4.59e-08	1.58e-06	2.90e-05	3.54e-04	4.56e-03	1.17e-01	4.16e-01	4.62e-01
 1.26949e+23	0.00e+00	1.49e-32	6.56e-28	2.76e-24	6.07e-21	9.91e-18	2.50e-14	8.27e-12	1.09e-09	6.01e-08	2.00e-06	3.51e-05	4.10e-04	5.04e-03	1.24e-01	4.22e-01	4.48e-01
 1.27966e+23	0.00e+00	2.32e-32	9.89e-28	4.05e-24	8.65e-21	1.37e-17	3.35e-14	1.08e-11	1.38e-09	7.38e-08	2.37e-06	4.04e-05	4.57e-04	5.44e-03	1.30e-01	4.26e-01	4.38e-01
 1.28816e+23	0.00e+00	3.60e-32	1.49e-27	5.91e-24	1.23e-20	1.87e-17	4.48e-14	1.40e-11	1.74e-09	9.03e-08	2.82e-06	4.66e-05	5.09e-04	5.86e-03	1.35e-01	4.30e-01	4.28e-01
 1.29795e+23	0.00e+00	6.22e-32	2.47e-27	9.49e-24	1.89e-20	2.77e-17	6.42e-14	1.94e-11	2.32e-09	1.16e-07	3.50e-06	5.56e-05	5.82e-04	6.44e-03	1.43e-01	4.35e-01	4.15e-01
 1.30790e+23	0.00e+00	9.80e-32	3.77e-27	1.40e-23	2.72e-20	3.83e-17	8.66e-14	2.54e-11	2.95e-09	1.43e-07	4.19e-06	6.44e-05	6.51e-04	6.95e-03	1.49e-01	4.39e-01	4.05e-01
 1.31674e+23	0.00e+00	1.54e-31	5.74e-27	2.08e-23	3.89e-20	5.30e-17	1.17e-13	3.32e-11	3.75e-09	1.76e-07	5.00e-06	7.45e-05	7.27e-04	7.50e-03	1.55e-01	4.42e-01	3.94e-01
 1.32688e+23	0.00e+00	2.78e-31	9.92e-27	3.45e-23	6.19e-20	8.04e-17	1.72e-13	4.71e-11	5.11e-09	2.31e-07	6.30e-06	9.01e-05	8.40e-04	8.28e-03	1.64e-01	4.46e-01	3.81e-01
 1.33668e+23	0.00e+00	4.29e-31	1.48e-26	5.01e-23	8.72e-20	1.09e-16	2.28e-13	6.08e-11	6.42e-09	2.82e-07	7.47e-06	1.04e-04	9.33e-04	8.90e-03	1.70e-01	4.49e-01	3.71e-01
 1.34483e+23	0.00e+00	6.60e-31	2.21e-26	7.25e-23	1.22e-19	1.48e-16	3.02e-13	7.84e-11	8.05e-09	3.43e-07	8.84e-06	1.19e-04	1.04e-03	9.55e-03	1.77e-01	4.51e-01	3.61e-01
 1.35421e+23	0.00e+00	1.13e-30	3.64e-26	1.15e-22	1.87e-19	2.17e-16	4.28e-13	1.08e-10	1.07e-08	4.39e-07	1.09e-05	1.41e-04	1.18e-03	1.04e-02	1.86e-01	4.54e-01	3.48e-01
 1.36372e+23	0.00e+00	1.76e-30	5.48e-26	1.68e-22	2.64e-19	2.95e-16	5.71e-13	1.39e-10	1.35e-08	5.37e-07	1.30e-05	1.63e-04	1.31e-03	1.12e-02	1.93e-01	4.56e-01	3.38e-01
 1.37343e+23	0.00e+00	3.07e-30	9.17e-26	2.71e-22	4.08e-19	4.36e-16	8.19e-13	1.94e-10	1.80e-08	6.93e-07	1.61e-05	1.94e-04	1.50e-03	1.23e-02	2.02e-01	4.58e-01	3.25e-01
 1.38322e+23	0.00e+00	5.00e-30	1.44e-25	4.10e-22	5.96e-19	6.11e-16	1.12e-12	2.57e-10	2.32e-08	8.64e-07	1.95e-05	2.27e-04	1.68e-03	1.33e-02	2.11e-01	4.60e-01	3.14e-01
 1.39125e+23	0.00e+00	7.42e-30	2.07e-25	5.75e-22	8.12e-19	8.06e-16	1.45e-12	3.24e-10	2.85e-08	1.03e-06	2.27e-05	2.57e-04	1.85e-03	1.41e-02	2.18e-01	4.60e-01	3.06e-01
 1.39981e+23	0.00e+00	1.22e-29	3.28e-25	8.78e-22	1.19e-18	1.14e-15	1.99e-12	4.33e-10	3.69e-08	1.30e-06	2.76e-05	3.01e-04	2.08e-03	1.53e-02	2.27e-01	4.61e-01	2.95e-01
 1.40887e+23	0.00e+00	1.91e-29	4.96e-25	1.29e-21	1.69e-18	1.55e-15	2.66e-12	5.63e-10	4.67e-08	1.59e-06	3.28e-05	3.47e-04	2.31e-03	1.64e-02	2.35e-01	4.61e-01	2.85e-01
 1.41711e+23	0.00e+00	2.96e-29	7.45e-25	1.87e-21	2.38e-18	2.10e-15	3.52e-12	7.26e-10	5.86e-08	1.94e-06	3.89e-05	3.99e-04	2.57e-03	1.75e-02	2.43e-01	4.61e-01	2.75e-01
 1.42507e+23	0.00e+00	4.50e-29	1.10e-24	2.68e-21	3.29e-18	2.80e-15	4.61e-12	9.28e-10	7.30e-08	2.34e-06	4.58e-05	4.56e-04	2.83e-03	1.87e-02	2.51e-01	4.61e-01	2.66e-01
 1.43413e+23	0.00e+00	7.60e-29	1.78e-24	4.18e-21	4.94e-18	4.02e-15	6.45e-12	1.26e-09	9.58e-08	2.97e-06	5.61e-05	5.37e-04	3.20e-03	2.03e-02	2.61e-01	4.60e-01	2.55e-01
 1.44346e+23	0.00e+00	1.22e-28	2.76e-24	6.24e-21	7.11e-18	5.55e-15	8.72e-12	1.66e-09	1.22e-07	3.68e-06	6.74e-05	6.24e-04	3.57e-03	2.18e-02	2.70e-01	4.59e-01	2.45e-01
 1.45158e+23	0.00e+00	1.89e-28	4.12e-24	9.03e-21	9.92e-18	7.45e-15	1.15e-11	2.13e-09	1.53e-07	4.48e-06	7.97e-05	7.15e-04	3.95e-03	2.32e-02	2.79e-01	4.57e-01	2.36e-01
 1.45938e+23	0.00e+00	2.86e-28	6.05e-24	1.29e-20	1.37e-17	9.90e-15	1.50e-11	2.71e-09	1.90e-07	5.40e-06	9.36e-05	8.15e-04	4.35e-03	2.47e-02	2.87e-01	4.55e-01	2.27e-01
 1.46829e+23	0.00e+00	4.87e-28	9.87e-24	2.02e-20	2.05e-17	1.42e-14	2.10e-11	3.69e-09	2.50e-07	6.86e-06	1.15e-04	9.62e-04	4.92e-03	2.67e-02	2.98e-01	4.53e-01	2.17e-01
 1.47746e+23	0.00e+00	7.60e-28	1.49e-23	2.94e-20	2.89e-17	1.92e-14	2.79e-11	4.77e-09	3.15e-07	8.38e-06	1.36e-04	1.11e-03	5.44e-03	2.85e-02	3.07e-01	4.50e-01	2.08e-01
 1.48698e+23	0.00e+00	1.35e-27	2.53e-23	4.78e-20	4.49e-17	2.82e-14	4.01e-11	6.64e-09	4.24e-07	1.09e-05	1.70e-04	1.32e-03	6.20e-03	3.10e-02	3.19e-01	4.46e-01	1.97e-01
 1.49658e+23	0.00e+00	2.16e-27	3.90e-23	7.11e-20	6.42e-17	3.87e-14	5.39e-11	8.71e-09	5.41e-07	1.34e-05	2.04e-04	1.53e-03	6.90e-03	3.31e-02	3.28e-01	4.42e-01	1.88e-01
 1.50446e+23	0.00e+00	3.24e-27	5.65e-23	9.97e-20	8.71e-17	5.06e-14	6.94e-11	1.10e-08	6.65e-07	1.61e-05	2.38e-04	1.73e-03	7.55e-03	3.50e-02	3.36e-01	4.39e-01	1.80e-01
 1.51287e+23	0.00e+00	5.40e-27	9.03e-23	1.53e-19	1.28e-16	7.10e-14	9.56e-11	1.47e-08	8.65e-07	2.02e-05	2.89e-04	2.03e-03	8.46e-03	3.76e-02	3.47e-01	4.34e-01	1.71e-01
 1.52148e+23	7.23e-34	8.35e-27	1.35e-22	2.21e-19	1.78e-16	9.46e-14	1.25e-10	1.89e-08	1.08e-06	2.45e-05	3.41e-04	2.32e-03	9.32e-03	3.99e-02	3.56e-01	4.29e-01	1.63e-01
 1.52848e+23	1.07e-33	1.19e-26	1.87e-22	2.98e-19	2.33e-16	1.19e-13	1.57e-10	2.31e-08	1.30e-06	2.87e-05	3.91e-04	2.59e-03	1.01e-02	4.18e-02	3.63e-01	4.25e-01	1.57e-01
 1.53574e+23	1.75e-33	1.86e-26	2.81e-22	4.32e-19	3.25e-16	1.60e-13	2.06e-10	2.98e-08	1.63e-06	3.50e-05	4.62e-04	2.96e-03	1.11e-02	4.44e-02	3.72e-01	4.20e-01	1.50e-01
 1.54269e+23	2.52e-33	2.59e-26	3.81e-22	5.69e-19	4.16e-16	1.98e-13	2.53e-10	3.60e-08	1.93e-06	4.05e-05	5.24e-04	3.28e-03	1.20e-02	4.64e-02	3.78e-01	4.15e-01	1.44e-01
 1.54828e+23	3.60e-33	3.58e-26	5.13e-22	7.44e-19	5.28e-16	2.44e-13	3.09e-10	4.32e-08	2.28e-06	4.68e-05	5.93e-04	3.62e-03	1.28e-02	4.84e-02	3.84e-01	4.11e-01	1.39e-01
 1.55375e+23	5.04e-33	4.87e-26	6.79e-22	9.60e-19	6.63e-16	2.97e-13	3.73e-10	5.14e-08	2.66e-06	5.36e-05	6.65e-04	3.97e-03	1.37e-02	5.03e-02	3.90e-01	4.07e-01	1.34e-01
 1.55910e+23	6.93e-33	6.49e-26	8.84e-22	1.22e-18	8.21e-16	3.57e-13	4.45e-10	6.05e-08	3.09e-06	6.09e-05	7.42e-04	4.33e-03	1.46e-02	5.22e-02	3.96e-01	4.03e-01	1.30e-01
 1.56516e+23	1.06e-32	9.53e-26	1.26e-21	1.68e-18	1.09e-15	4.56e-13	5.62e-10	7.51e-08	3.75e-06	7.21e-05	8.57e-04	4.86e-03	1.58e-02	5.48e-02	4.03e-01	3.97e-01	1.24e-01
 1.57118e+23	1.48e-32	1.29e-25	1.65e-21	2.15e-18	1.36e-15	5.51e-13	6.75e-10	8.89e-08	4.37e-06	8.23e-05	9.60e-04	5.32e-03	1.69e-02	5.69e-02	4.08e-01	3.92e-01	1.19e-01
 1.57715e+23	2.23e-32	1.87e-25	2.33e-21	2.93e-18	1.79e-15	6.98e-13	8.48e-10	1.10e-07	5.29e-06	9.71e-05	1.10e-03	5.95e-03	1.83e-02	5.95e-02	4.15e-01	3.86e-01	1.14e-01
 1.58296e+23	3.07e-32	2.50e-25	3.03e-21	3.71e-18	2.21e-15	8.37e-13	1.01e-09	1.29e-07	6.12e-06	1.10e-04	1.23e-03	6.48e-03	1.94e-02	6.16e-02	4.20e-01	3.82e-01	1.10e-01
 1.58773e+23	4.20e-32	3.32e-25	3.92e-21	4.68e-18	2.70e-15	9.95e-13	1.20e-09	1.51e-07	7.06e-06	1.25e-04	1.37e-03	7.06e-03	2.06e-02	6.38e-02	4.24e-01	3.77e-01	1.06e-01
 1.59313e+23	6.18e-32	4.71e-25	5.39e-21	6.23e-18	3.48e-15	1.23e-12	1.48e-09	1.84e-07	8.42e-06	1.45e-04	1.56e-03	7.83e-03	2.22e-02	6.64e-02	4.30e-01	3.71e-01	1.01e-01
 1.59860e+23	8.49e-32	6.27e-25	7.00e-21	7.88e-18	4.28e-15	1.48e-12	1.75e-09	2.16e-07	9.74e-06	1.65e-04	1.73e-03	8.52e-03	2.35e-02	6.87e-02	4.34e-01	3.65e-01	9.75e-02
 1.60343e+23	1.18e-31	8.46e-25	9.18e-21	1.00e-17	5.29e-15	1.76e-12	2.09e-09	2.54e-07	1.13e-05	1.88e-04	1.94e-03	9.31e-03	2.50e-02	7.11e-02	4.39e-01	3.60e-01	9.37e-02
 1.60789e+23	1.57e-31	1.09e-24	1.15e-20	1.23e-17	6.32e-15	2.05e-12	2.43e-09	2.92e-07	1.28e-05	2.10e-04	2.13e-03	1.00e-02	2.63e-02	7.31e-02	4.42e-01	3.55e-01	9.05e-02
 1.61260e+23	2.21e-31	1.49e-24	1.53e-20	1.58e-17	7.88e-15	2.47e-12	2.92e-09	3.47e-07	1.50e-05	2.40e-04	2.39e-03	1.10e-02	2.81e-02	7.57e-02	4.47e-01	3.49e-01	8.67e-02
 1.61746e+23	2.97e-31	1.94e-24	1.95e-20	1.97e-17	9.53e-15	2.90e-12	3.42e-09	4.03e-07	1.72e-05	2.69e-04	2.63e-03	1.19e-02	2.96e-02	7.79e-02	4.50e-01	3.44e-01	8.35e-02
 1.62182e+23	4.05e-31	2.56e-24	2.51e-20	2.46e-17	1.15e-14	3.41e-12	4.02e-09	4.69e-07	1.97e-05	3.04e-04	2.92e-03	1.29e-02	3.13e-02	8.03e-02	4.54e-01	3.38e-01	8.02e-02
 1.62605e+23	5.39e-31	3.31e-24	3.17e-20	3.02e-17	1.38e-14	3.96e-12	4.67e-09	5.40e-07	2.24e-05	3.39e-04	3.21e-03	1.39e-02	3.30e-02	8.26e-02	4.57e-01	3.33e-01	7.72e-02
 1.63080e+23	7.74e-31	4.59e-24	4.25e-20	3.92e-17	1.73e-14	4.78e-12	5.63e-09	6.45e-07	2.64e-05	3.90e-04	3.61e-03	1.52e-02	3.52e-02	8.54e-02	4.60e-01	3.26e-01	7.36e-02
 1.63568e+23	1.07e-30	6.15e-24	5.54e-20	4.95e-17	2.11e-14	5.65e-12	6.67e-09	7.57e-07	3.05e-05	4.43e-04	4.02e-03	1.66e-02	3.72e-02	8.80e-02	4.63e-01	3.20e-01	7.04e-02
 1.63994e+23	1.43e-30	7.96e-24	6.99e-20	6.08e-17	2.52e-14	6.55e-12	7.74e-09	8.71e-07	3.47e-05	4.95e-04	4.41e-03	1.78e-02	3.92e-02	9.03e-02	4.65e-01	3.15e-01	6.77e-02
 1.64465e+23	2.13e-30	1.14e-23	9.62e-20	8.05e-17	3.21e-14	7.97e-12	9.47e-09	1.06e-06	4.14e-05	5.76e-04	5.02e-03	1.98e-02	4.20e-02	9.35e-02	4.68e-01	3.07e-01	6.40e-02
 1.64939e+23	2.86e-30	1.48e-23	1.22e-19	9.94e-17	3.84e-14	9.25e-12	1.10e-08	1.22e-06	4.72e-05	6.45e-04	5.52e-03	2.13e-02	4.41e-02	9.59e-02	4.70e-01	3.01e-01	6.14e-02
 1.65352e+23	3.89e-30	1.95e-23	1.56e-19	1.23e-16	4.61e-14	1.07e-11	1.29e-08	1.41e-06	5.41e-05	7.25e-04	6.09e-03	2.30e-02	4.65e-02	9.84e-02	4.72e-01	2.95e-01	5.87e-02
 1.65761e+23	5.27e-30	2.56e-23	1.99e-19	1.52e-16	5.52e-14	1.24e-11	1.50e-08	1.63e-06	6.18e-05	8.13e-04	6.72e-03	2.48e-02	4.89e-02	1.01e-01	4.73e-01	2.89e-01	5.61e-02
 1.66228e+23	7.83e-30	3.65e-23	2.74e-19	2.01e-16	6.97e-14	1.50e-11	1.83e-08	1.98e-06	7.35e-05	9.44e-04	7.62e-03	2.74e-02	5.23e-02	1.04e-01	4.74e-01	2.80e-01	5.29e-02
 1.66695e+23	1.07e-29	4.84e-23	3.53e-19	2.50e-16	8.38e-14	1.75e-11	2.14e-08	2.30e-06	8.45e-05	1.06e-03	8.42e-03	2.96e-02	5.50e-02	1.07e-01	4.75e-01	2.74e-01	5.04e-02
 1.67090e+23	1.44e-29	6.30e-23	4.46e-19	3.06e-16	9.93e-14	2.00e-11	2.47e-08	2.64e-06	9.60e-05	1.19e-03	9.23e-03	3.18e-02	5.77e-02	1.09e-01	4.75e-01	2.68e-01	4.81e-02
 1.67530e+23	2.16e-29	9.03e-23	6.14e-19	4.03e-16	1.25e-13	2.40e-11	3.00e-08	3.19e-06	1.14e-04	1.38e-03	1.05e-02	3.51e-02	6.16e-02	1.12e-01	4.75e-01	2.59e-01	4.51e-02
 1.67963e+23	2.85e-29	1.16e-22	7.67e-19	4.89e-16	1.47e-13	2.74e-11	3.45e-08	3.65e-06	1.29e-04	1.53e-03	1.14e-02	3.75e-02	6.44e-02	1.14e-01	4.75e-01	2.53e-01	4.31e-02
 1.68385e+23	4.24e-29	1.65e-22	1.05e-18	6.38e-16	1.83e-13	3.25e-11	4.16e-08	4.38e-06	1.53e-04	1.77e-03	1.29e-02	4.12e-02	6.84e-02	1.17e-01	4.73e-01	2.44e-01	4.03e-02
 1.68811e+23	5.67e-29	2.14e-22	1.32e-18	7.78e-16	2.15e-13	3.71e-11	4.79e-08	5.02e-06	1.74e-04	1.96e-03	1.41e-02	4.41e-02	7.15e-02	1.20e-01	4.72e-01	2.38e-01	3.84e-02
 1.69239e+23	8.55e-29	3.08e-22	1.82e-18	1.02e-15	2.69e-13	4.41e-11	5.81e-08	6.07e-06	2.07e-04	2.28e-03	1.60e-02	4.86e-02	7.61e-02	1.23e-01	4.70e-01	2.29e-01	3.57e-02
 1.69670e+23	1.16e-28	4.03e-22	2.31e-18	1.25e-15	3.18e-13	5.03e-11	6.71e-08	6.98e-06	2.35e-04	2.54e-03	1.75e-02	5.20e-02	7.95e-02	1.25e-01	4.67e-01	2.22e-01	3.38e-02
 1.70105e+23	1.73e-28	5.78e-22	3.18e-18	1.64e-15	3.96e-13	5.96e-11	8.11e-08	8.40e-06	2.79e-04	2.93e-03	1.97e-02	5.70e-02	8.42e-02	1.28e-01	4.64e-01	2.13e-01	3.14e-02
 1.70536e+23	2.35e-28	7.59e-22	4.04e-18	2.01e-15	4.67e-13	6.78e-11	9.35e-08	9.66e-06	3.17e-04	3.27e-03	2.15e-02	6.10e-02	8.79e-02	1.29e-01	4.60e-01	2.06e-01	2.97e-02
 1.70962e+23	3.52e-28	1.09e-21	5.54e-18	2.62e-15	5.78e-13	7.99e-11	1.13e-07	1.16e-05	3.74e-04	3.76e-03	2.42e-02	6.67e-02	9.29e-02	1.32e-01	4.55e-01	1.97e-01	2.75e-02
 1.71394e+23	4.85e-28	1.44e-21	7.11e-18	3.23e-15	6.85e-13	9.10e-11	1.30e-07	1.34e-05	4.27e-04	4.20e-03	2.65e-02	7.14e-02	9.69e-02	1.34e-01	4.51e-01	1.90e-01	2.58e-02
 1.71835e+23	7.38e-28	2.10e-21	9.86e-18	4.25e-15	8.53e-13	1.08e-10	1.57e-07	1.61e-05	5.07e-04	4.85e-03	2.98e-02	7.80e-02	1.02e-01	1.36e-01	4.44e-01	1.81e-01	2.37e-02
 1.72282e+23	1.03e-27	2.81e-21	1.28e-17	5.27e-15	1.01e-12	1.23e-10	1.83e-07	1.87e-05	5.80e-04	5.42e-03	3.26e-02	8.35e-02	1.07e-01	1.37e-01	4.38e-01	1.74e-01	2.21e-02
 1.72735e+23	1.58e-27	4.12e-21	1.78e-17	6.96e-15	1.26e-12	1.45e-10	2.21e-07	2.25e-05	6.89e-04	6.25e-03	3.66e-02	9.11e-02	1.12e-01	1.39e-01	4.30e-01	1.64e-01	2.01e-02
 1.73190e+23	2.22e-27	5.53e-21	2.30e-17	8.63e-15	1.50e-12	1.65e-10	2.56e-07	2.60e-05	7.86e-04	6.97e-03	3.99e-02	9.72e-02	1.16e-01	1.40e-01	4.23e-01	1.57e-01	1.87e-02
 1.73582e+23	3.06e-27	7.36e-21	2.96e-17	1.06e-14	1.76e-12	1.86e-10	2.94e-07	2.99e-05	8.91e-04	7.73e-03	4.34e-02	1.03e-01	1.21e-01	1.41e-01	4.15e-01	1.50e-01	1.74e-02
 1.74026e+23	4.67e-27	1.07e-20	4.10e-17	1.39e-14	2.18e-12	2.18e-10	3.52e-07	3.57e-05	1.05e-03	8.83e-03	4.83e-02	1.12e-01	1.26e-01	1.42e-01	4.05e-01	1.41e-01	1.58e-02
 1.74469e+23	6.34e-27	1.40e-20	5.20e-17	1.69e-14	2.55e-12	2.46e-10	4.01e-07	4.06e-05	1.18e-03	9.72e-03	5.21e-02	1.18e-01	1.30e-01	1.43e-01	3.97e-01	1.34e-01	1.47e-02
 1.74911e+23	9.58e-27	2.02e-20	7.14e-17	2.20e-14	3.13e-12	2.86e-10	4.76e-07	4.82e-05	1.38e-03	1.10e-02	5.76e-02	1.27e-01	1.35e-01	1.43e-01	3.86e-01	1.26e-01	1.32e-02
 1.75359e+23	1.30e-26	2.65e-20	9.06e-17	2.68e-14	3.66e-12	3.22e-10	5.41e-07	5.46e-05	1.54e-03	1.21e-02	6.19e-02	1.34e-01	1.39e-01	1.43e-01	3.77e-01	1.20e-01	1.23e-02
 1.75813e+23	1.95e-26	3.79e-20	1.24e-16	3.47e-14	4.48e-12	3.75e-10	6.38e-07	6.43e-05	1.79e-03	1.36e-02	6.79e-02	1.43e-01	1.44e-01	1.42e-01	3.65e-01	1.12e-01	1.11e-02
 1.76280e+23	2.70e-26	5.07e-20	1.59e-16	4.28e-14	5.29e-12	4.24e-10	7.27e-07	7.32e-05	2.01e-03	1.49e-02	7.31e-02	1.50e-01	1.47e-01	1.42e-01	3.55e-01	1.05e-01	1.01e-02
 1.76763e+23	4.10e-26	7.34e-20	2.20e-16	5.59e-14	6.52e-12	4.96e-10	8.58e-07	8.62e-05	2.32e-03	1.68e-02	8.00e-02	1.60e-01	1.52e-01	1.41e-01	3.41e-01	9.77e-02	9.05e-03
 1.77256e+23	5.39e-26	9.78e-20	2.83e-16	6.89e-14	7.69e-12	5.62e-10	9.76e-07	9.77e-05	2.60e-03	1.84e-02	8.56e-02	1.68e-01	1.55e-01	1.40e-01	3.31e-01	9.19e-02	8.27e-03
 1.77760e+23	8.17e-26	1.42e-19	3.90e-16	9.00e-14	9.49e-12	6.59e-10	1.15e-06	1.15e-04	3.00e-03	2.05e-02	9.31e-02	1.78e-01	1.59e-01	1.38e-01	3.16e-01	8.47e-02	7.34e-03
 1.78280e+23	1.14e-25	1.90e-19	5.06e-16	1.12e-13	1.12e-11	7.50e-10	1.30e-06	1.30e-04	3.35e-03	2.24e-02	9.94e-02	1.86e-01	1.62e-01	1.37e-01	3.05e-01	7.91e-02	6.65e-03
 1.78744e+23	1.57e-25	2.53e-19	6.50e-16	1.38e-13	1.33e-11	8.50e-10	1.47e-06	1.46e-04	3.73e-03	2.44e-02	1.06e-01	1.93e-01	1.64e-01	1.35e-01	2.94e-01	7.40e-02	6.04e-03
 1.79274e+23	2.37e-25	3.65e-19	8.94e-16	1.79e-13	1.64e-11	9.97e-10	1.72e-06	1.70e-04	4.25e-03	2.70e-02	1.14e-01	2.03e-01	1.67e-01	1.32e-01	2.79e-01	6.77e-02	5.32e-03
 1.79812e+23	3.25e-25	4.85e-19	1.15e-15	2.21e-13	1.93e-11	1.13e-09	1.93e-06	1.91e-04	4.71e-03	2.92e-02	1.21e-01	2.10e-01	1.69e-01	1.30e-01	2.68e-01	6.31e-02	4.81e-03
 1.80360e+23	4.88e-25	6.95e-19	1.57e-15	2.87e-13	2.38e-11	1.33e-09	2.24e-06	2.20e-04	5.35e-03	3.22e-02	1.29e-01	2.20e-01	1.70e-01	1.27e-01	2.54e-01	5.75e-02	4.22e-03
 1.80893e+23	6.48e-25	8.96e-19	1.97e-15	3.46e-13	2.77e-11	1.49e-09	2.49e-06	2.44e-04	5.84e-03	3.45e-02	1.36e-01	2.26e-01	1.71e-01	1.25e-01	2.44e-01	5.37e-02	3.85e-03
 1.81405e+23	9.38e-25	1.25e-18	2.62e-15	4.41e-13	3.35e-11	1.73e-09	2.84e-06	2.77e-04	6.53e-03	3.75e-02	1.44e-01	2.34e-01	1.72e-01	1.22e-01	2.31e-01	4.91e-02	3.40e-03
 1.81927e+23	1.24e-24	1.60e-18	3.27e-15	5.31e-13	3.89e-11	1.94e-09	3.14e-06	3.05e-04	7.10e-03	4.00e-02	1.50e-01	2.40e-01	1.73e-01	1.19e-01	2.22e-01	4.58e-02	3.08e-03
 1.82461e+23	1.78e-24	2.22e-18	4.35e-15	6.74e-13	4.71e-11	2.25e-09	3.58e-06	3.45e-04	7.90e-03	4.33e-02	1.59e-01	2.47e-01	1.73e-01	1.16e-01	2.09e-01	4.18e-02	2.71e-03
 1.83009e+23	2.39e-24	2.88e-18	5.48e-15	8.19e-13	5.50e-11	2.54e-09	3.96e-06	3.81e-04	8.61e-03	4.62e-02	1.65e-01	2.53e-01	1.73e-01	1.13e-01	1.99e-01	3.87e-02	2.44e-03
 1.83576e+23	3.46e-24	4.01e-18	7.33e-15	1.05e-12	6.70e-11	2.96e-09	4.51e-06	4.31e-04	9.57e-03	4.99e-02	1.74e-01	2.60e-01	1.73e-01	1.09e-01	1.87e-01	3.50e-02	2.13e-03
 1.84131e+23	4.35e-24	5.11e-18	9.07e-15	1.25e-12	7.74e-11	3.31e-09	4.96e-06	4.71e-04	1.03e-02	5.28e-02	1.81e-01	2.65e-01	1.72e-01	1.06e-01	1.79e-01	3.25e-02	1.93e-03
 1.84674e+23	6.17e-24	7.00e-18	1.20e-14	1.58e-12	9.32e-11	3.83e-09	5.59e-06	5.28e-04	1.14e-02	5.67e-02	1.89e-01	2.70e-01	1.71e-01	1.02e-01	1.68e-01	2.95e-02	1.69e-03
 1.85221e+23	7.96e-24	8.81e-18	1.47e-14	1.88e-12	1.07e-10	4.28e-09	6.12e-06	5.75e-04	1.22e-02	5.97e-02	1.95e-01	2.74e-01	1.70e-01	9.95e-02	1.60e-01	2.74e-02	1.53e-03
 1.85776e+23	1.12e-23	1.20e-17	1.93e-14	2.36e-12	1.29e-10	4.94e-09	6.88e-06	6.42e-04	1.34e-02	6.39e-02	2.03e-01	2.79e-01	1.68e-01	9.57e-02	1.50e-01	2.47e-02	1.34e-03
 1.86342e+23	1.46e-23	1.52e-17	2.37e-14	2.81e-12	1.49e-10	5.54e-09	7.54e-06	6.98e-04	1.44e-02	6.72e-02	2.09e-01	2.82e-01	1.67e-01	9.28e-02	1.42e-01	2.29e-02	1.20e-03
 1.86922e+23	2.06e-23	2.07e-17	3.12e-14	3.55e-12	1.80e-10	6.41e-09	8.48e-06	7.79e-04	1.58e-02	7.17e-02	2.18e-01	2.87e-01	1.65e-01	8.89e-02	1.32e-01	2.06e-02	1.05e-03
 1.87513e+23	2.68e-23	2.63e-17	3.85e-14	4.24e-12	2.08e-10	7.20e-09	9.30e-06	8.48e-04	1.70e-02	7.54e-02	2.24e-01	2.89e-01	1.63e-01	8.59e-02	1.25e-01	1.90e-02	9.37e-04
 1.88118e+23	3.59e-23	3.60e-17	5.08e-14	5.36e-12	2.52e-10	8.36e-09	1.05e-05	9.45e-04	1.86e-02	8.03e-02	2.32e-01	2.92e-01	1.60e-01	8.20e-02	1.16e-01	1.70e-02	8.09e-04
 1.88735e+23	4.69e-23	4.58e-17	6.29e-14	6.43e-12	2.92e-10	9.42e-09	1.15e-05	1.03e-03	1.99e-02	8.42e-02	2.38e-01	2.95e-01	1.57e-01	7.90e-02	1.10e-01	1.56e-02	7.23e-04
 1.89275e+23	6.07e-23	5.78e-17	7.73e-14	7.66e-12	3.37e-10	1.05e-08	1.26e-05	1.11e-03	2.12e-02	8.81e-02	2.44e-01	2.96e-01	1.55e-01	7.61e-02	1.04e-01	1.43e-02	6.46e-04
 1.89887e+23	8.47e-23	7.81e-17	1.01e-13	9.61e-12	4.05e-10	1.22e-08	1.41e-05	1.23e-03	2.31e-02	9.33e-02	2.51e-01	2.98e-01	1.52e-01	7.24e-02	9.60e-02	1.28e-02	5.58e-04
 1.90499e+23	1.08e-22	9.69e-17	1.22e-13	1.13e-11	4.65e-10	1.36e-08	1.54e-05	1.33e-03	2.46e-02	9.72e-02	2.56e-01	2.99e-01	1.49e-01	6.97e-02	9.08e-02	1.18e-02	5.02e-04
 1.91113e+23	1.82e-24	1.31e-16	1.59e-13	1.42e-11	5.58e-10	1.58e-08	1.72e-05	1.47e-03	2.66e-02	1.03e-01	2.63e-01	3.00e-01	1.45e-01	6.62e-02	8.39e-02	1.05e-02	4.32e-04
 1.91735e+23	2.35e-24	1.62e-16	1.94e-13	1.68e-11	6.42e-10	1.76e-08	1.88e-05	1.59e-03	2.83e-02	1.07e-01	2.68e-01	3.00e-01	1.42e-01	6.36e-02	7.91e-02	9.67e-03	3.87e-04
 1.92370e+23	3.30e-24	2.18e-16	2.51e-13	2.09e-11	7.70e-10	2.04e-08	2.10e-05	1.75e-03	3.06e-02	1.12e-01	2.75e-01	3.00e-01	1.39e-01	6.02e-02	7.30e-02	8.62e-03	3.33e-04
 1.93026e+23	4.35e-24	2.76e-16	3.10e-13	2.51e-11	8.94e-10	2.30e-08	2.30e-05	1.90e-03	3.26e-02	1.17e-01	2.80e-01	2.99e-01	1.35e-01	5.75e-02	6.83e-02	7.83e-03	2.94e-04
 1.93708e+23	6.15e-24	3.71e-16	4.04e-13	3.15e-11	1.08e-09	2.68e-08	2.59e-05	2.10e-03	3.53e-02	1.23e-01	2.86e-01	2.98e-01	1.31e-01	5.42e-02	6.27e-02	6.95e-03	2.52e-04
 1.94415e+23	8.26e-24	4.78e-16	5.05e-13	3.82e-11	1.27e-09	3.05e-08	2.86e-05	2.29e-03	3.77e-02	1.28e-01	2.91e-01	2.97e-01	1.27e-01	5.15e-02	5.83e-02	6.26e-03	2.20e-04
 1.95153e+23	1.19e-23	6.51e-16	6.66e-13	4.85e-11	1.54e-09	3.58e-08	3.23e-05	2.54e-03	4.09e-02	1.35e-01	2.97e-01	2.95e-01	1.23e-01	4.82e-02	5.31e-02	5.50e-03	1.87e-04
 1.95913e+23	1.61e-23	8.46e-16	8.42e-13	5.94e-11	1.83e-09	4.10e-08	3.59e-05	2.77e-03	4.37e-02	1.41e-01	3.01e-01	2.93e-01	1.19e-01	4.56e-02	4.91e-02	4.92e-03	1.62e-04
 1.96703e+23	2.36e-23	1.17e-15	1.12e-12	7.62e-11	2.25e-09	4.85e-08	4.08e-05	3.09e-03	4.75e-02	1.48e-01	3.07e-01	2.89e-01	1.14e-01	4.24e-02	4.44e-02	4.28e-03	1.35e-04
 1.97521e+23	3.25e-23	1.54e-15	1.44e-12	9.43e-11	2.69e-09	5.60e-08	4.56e-05	3.38e-03	5.09e-02	1.54e-01	3.11e-01	2.86e-01	1.10e-01	3.98e-02	4.07e-02	3.79e-03	1.16e-04
 1.98261e+23	4.44e-23	2.01e-15	1.82e-12	1.16e-10	3.19e-09	6.43e-08	5.07e-05	3.69e-03	5.44e-02	1.61e-01	3.14e-01	2.83e-01	1.06e-01	3.74e-02	3.74e-02	3.37e-03	9.98e-05
 1.99110e+23	6.59e-23	2.80e-15	2.46e-12	1.50e-10	3.96e-09	7.67e-08	5.81e-05	4.13e-03	5.90e-02	1.68e-01	3.19e-01	2.78e-01	1.00e-01	3.46e-02	3.35e-02	2.90e-03	8.24e-05
 1.99976e+23	9.15e-23	3.70e-15	3.16e-12	1.86e-10	4.74e-09	8.88e-08	6.50e-05	4.52e-03	6.31e-02	1.75e-01	3.22e-01	2.74e-01	9.62e-02	3.23e-02	3.06e-02	2.55e-03	7.01e-05
 2.00749e+23	1.25e-22	4.82e-15	4.00e-12	2.29e-10	5.64e-09	1.02e-07	7.24e-05	4.93e-03	6.73e-02	1.81e-01	3.24e-01	2.69e-01	9.22e-02	3.02e-02	2.79e-02	2.26e-03	6.00e-05
 2.01637e+23	1.91e-22	6.91e-15	5.51e-12	3.02e-10	7.09e-09	1.23e-07	8.33e-05	5.53e-03	7.31e-02	1.90e-01	3.27e-01	2.63e-01	8.69e-02	2.76e-02	2.47e-02	1.91e-03	4.85e-05
 2.02533e+23	1.92e-22	9.00e-15	6.99e-12	3.71e-10	8.43e-09	1.42e-07	9.28e-05	6.02e-03	7.78e-02	1.96e-01	3.29e-01	2.58e-01	8.30e-02	2.57e-02	2.25e-02	1.68e-03	4.14e-05
 2.03437e+23	2.93e-22	1.29e-14	9.66e-12	4.90e-10	1.06e-08	1.71e-07	1.07e-04	6.74e-03	8.43e-02	2.05e-01	3.30e-01	2.51e-01	7.79e-02	2.34e-02	1.98e-02	1.41e-03	3.32e-05
 2.04352e+23	4.07e-22	1.71e-14	1.24e-11	6.07e-10	1.27e-08	1.98e-07	1.19e-04	7.35e-03	8.97e-02	2.12e-01	3.31e-01	2.45e-01	7.40e-02	2.17e-02	1.79e-02	1.24e-03	2.80e-05
 2.05282e+23	6.27e-22	2.46e-14	1.72e-11	8.04e-10	1.60e-08	2.39e-07	1.37e-04	8.23e-03	9.70e-02	2.20e-01	3.31e-01	2.38e-01	6.91e-02	1.96e-02	1.57e-02	1.03e-03	2.23e-05
 2.06171e+23	8.42e-22	3.16e-14	2.14e-11	9.75e-10	1.88e-08	2.72e-07	1.52e-04	8.89e-03	1.02e-01	2.26e-01	3.31e-01	2.32e-01	6.58e-02	1.83e-02	1.43e-02	9.10e-04	1.91e-05
 2.07006e+23	1.24e-21	4.40e-14	2.88e-11	1.26e-09	2.33e-08	3.23e-07	1.72e-04	9.81e-03	1.10e-01	2.34e-01	3.30e-01	2.25e-01	6.16e-02	1.66e-02	1.26e-02	7.70e-04	1.55e-05
 2.07847e+23	1.68e-21	5.66e-14	3.61e-11	1.52e-09	2.73e-08	3.68e-07	1.90e-04	1.06e-02	1.15e-01	2.39e-01	3.29e-01	2.19e-01	5.85e-02	1.54e-02	1.15e-02	6.77e-04	1.32e-05
 2.08695e+23	2.50e-21	7.94e-14	4.88e-11	1.97e-09	3.39e-08	4.38e-07	2.16e-04	1.17e-02	1.24e-01	2.47e-01	3.27e-01	2.12e-01	5.46e-02	1.40e-02	1.01e-02	5.68e-04	1.06e-05
 2.09552e+23	3.41e-21	1.03e-13	6.16e-11	2.41e-09	4.00e-08	5.02e-07	2.39e-04	1.26e-02	1.30e-01	2.52e-01	3.25e-01	2.05e-01	5.16e-02	1.29e-02	9.10e-03	4.96e-04	8.90e-06
 2.10421e+23	5.15e-21	1.46e-13	8.39e-11	3.15e-09	4.98e-08	6.00e-07	2.72e-04	1.40e-02	1.39e-01	2.59e-01	3.22e-01	1.97e-01	4.79e-02	1.17e-02	7.93e-03	4.12e-04	7.07e-06
 2.11301e+23	7.10e-21	1.91e-13	1.07e-10	3.87e-09	5.92e-08	6.91e-07	3.02e-04	1.51e-02	1.46e-01	2.65e-01	3.19e-01	1.91e-01	4.51e-02	1.07e-02	7.12e-03	3.57e-04	5.91e-06
 2.12195e+23	1.09e-20	2.75e-13	1.47e-10	5.10e-09	7.45e-08	8.33e-07	3.46e-04	1.68e-02	1.56e-01	2.71e-01	3.15e-01	1.83e-01	4.15e-02	9.59e-03	6.15e-03	2.93e-04	4.62e-06
 2.13102e+23	1.52e-20	3.63e-13	1.89e-10	6.31e-09	8.90e-08	9.64e-07	3.86e-04	1.82e-02	1.65e-01	2.76e-01	3.11e-01	1.76e-01	3.89e-02	8.78e-03	5.48e-03	2.52e-04	3.82e-06
 2.14025e+23	2.38e-20	5.27e-13	2.62e-10	8.38e-09	1.13e-07	1.17e-06	4.45e-04	2.02e-02	1.76e-01	2.83e-01	3.05e-01	1.68e-01	3.56e-02	7.80e-03	4.69e-03	2.05e-04	2.96e-06
 2.14968e+23	3.41e-20	7.11e-13	3.42e-10	1.05e-08	1.37e-07	1.37e-06	5.00e-04	2.20e-02	1.85e-01	2.87e-01	3.00e-01	1.61e-01	3.30e-02	7.07e-03	4.13e-03	1.73e-04	2.40e-06
 2.15937e+23	5.49e-20	1.05e-12	4.85e-10	1.42e-08	1.76e-07	1.69e-06	5.82e-04	2.47e-02	1.98e-01	2.93e-01	2.93e-01	1.52e-01	2.99e-02	6.21e-03	3.49e-03	1.38e-04	1.81e-06
 2.16926e+23	8.08e-20	1.44e-12	6.40e-10	1.81e-08	2.16e-07	2.01e-06	6.59e-04	2.70e-02	2.09e-01	2.97e-01	2.86e-01	1.44e-01	2.76e-02	5.58e-03	3.04e-03	1.15e-04	1.45e-06
 2.17904e+23	1.30e-19	2.10e-12	8.99e-10	2.43e-08	2.77e-07	2.47e-06	7.69e-04	3.02e-02	2.22e-01	3.01e-01	2.78e-01	1.36e-01	2.49e-02	4.89e-03	2.56e-03	9.18e-05	1.09e-06
 2.18833e+23	1.85e-19	2.76e-12	1.15e-09	3.02e-08	3.32e-07	2.88e-06	8.60e-04	3.27e-02	2.32e-01	3.03e-01	2.72e-01	1.29e-01	2.30e-02	4.43e-03	2.25e-03	7.76e-05	8.86e-07
 2.19735e+23	2.97e-19	3.96e-12	1.59e-09	4.00e-08	4.23e-07	3.54e-06	9.99e-04	3.64e-02	2.46e-01	3.06e-01	2.63e-01	1.21e-01	2.07e-02	3.88e-03	1.90e-03	6.20e-05	6.72e-07
 2.20654e+23	4.38e-19	5.26e-12	2.05e-09	5.01e-08	5.13e-07	4.17e-06	1.13e-03	3.97e-02	2.57e-01	3.08e-01	2.55e-01	1.15e-01	1.90e-02	3.48e-03	1.65e-03	5.17e-05	5.37e-07
 2.21552e+23	7.10e-19	7.36e-12	2.77e-09	6.56e-08	6.48e-07	5.09e-06	1.30e-03	4.40e-02	2.71e-01	3.09e-01	2.46e-01	1.07e-01	1.71e-02	3.05e-03	1.39e-03	4.15e-05	4.09e-07
 2.22468e+23	1.10e-18	9.84e-12	3.60e-09	8.29e-08	7.94e-07	6.07e-06	1.48e-03	4.81e-02	2.83e-01	3.09e-01	2.37e-01	1.01e-01	1.55e-02	2.71e-03	1.20e-03	3.41e-05	3.21e-07
 2.23363e+23	1.86e-18	1.34e-11	4.79e-09	1.07e-07	9.92e-07	7.36e-06	1.71e-03	5.32e-02	2.97e-01	3.09e-01	2.28e-01	9.42e-02	1.40e-02	2.38e-03	1.01e-03	2.74e-05	2.46e-07
 2.24275e+23	3.22e-18	1.80e-11	6.24e-09	1.36e-07	1.22e-06	8.85e-06	1.96e-03	5.84e-02	3.10e-01	3.08e-01	2.18e-01	8.78e-02	1.26e-02	2.09e-03	8.59e-04	2.22e-05	1.90e-07
 2.25179e+23	6.31e-18	2.41e-11	8.17e-09	1.74e-07	1.52e-06	1.07e-05	2.25e-03	6.43e-02	3.23e-01	3.06e-01	2.09e-01	8.15e-02	1.12e-02	1.83e-03	7.24e-04	1.78e-05	1.45e-07
 2.26088e+23	1.35e-17	3.20e-11	1.06e-08	2.21e-07	1.88e-06	1.29e-05	2.58e-03	7.06e-02	3.36e-01	3.04e-01	1.99e-01	7.55e-02	1.00e-02	1.59e-03	6.10e-04	1.43e-05	0.00e+00
 2.26987e+23	3.40e-17	4.20e-11	1.37e-08	2.79e-07	2.32e-06	1.55e-05	2.95e-03	7.74e-02	3.49e-01	3.01e-01	1.89e-01	6.97e-02	8.94e-03	1.39e-03	5.13e-04	1.14e-05	0.00e+00
 2.27885e+23	8.48e-17	5.47e-11	1.75e-08	3.51e-07	2.85e-06	1.87e-05	3.38e-03	8.48e-02	3.62e-01	2.97e-01	1.79e-01	6.42e-02	7.94e-03	1.21e-03	4.30e-04	9.14e-06	0.00e+00
 2.28784e+23	1.66e-16	7.08e-11	2.23e-08	4.41e-07	3.50e-06	2.24e-05	3.86e-03	9.28e-02	3.74e-01	2.92e-01	1.70e-01	5.89e-02	7.03e-03	1.04e-03	3.60e-04	7.28e-06	0.00e+00
 2.29688e+23	2.67e-16	9.09e-11	2.82e-08	5.52e-07	4.28e-06	2.69e-05	4.41e-03	1.01e-01	3.86e-01	2.87e-01	1.60e-01	5.39e-02	6.21e-03	9.01e-04	3.00e-04	5.79e-06	0.00e+00
 2.30597e+23	3.95e-16	1.16e-10	3.56e-08	6.89e-07	5.23e-06	3.23e-05	5.03e-03	1.11e-01	3.97e-01	2.81e-01	1.50e-01	4.91e-02	5.46e-03	7.75e-04	2.49e-04	4.58e-06	0.00e+00
 2.31515e+23	5.57e-16	1.47e-10	4.47e-08	8.57e-07	6.38e-06	3.88e-05	5.73e-03	1.20e-01	4.08e-01	2.75e-01	1.41e-01	4.46e-02	4.79e-03	6.64e-04	2.06e-04	3.61e-06	0.00e+00
 2.32445e+23	7.60e-16	1.85e-10	5.59e-08	1.06e-06	7.78e-06	4.64e-05	6.52e-03	1.31e-01	4.18e-01	2.68e-01	1.31e-01	4.03e-02	4.18e-03	5.66e-04	1.70e-04	2.83e-06	0.00e+00
 2.33379e+23	1.01e-15	2.30e-10	6.94e-08	1.31e-06	9.43e-06	5.54e-05	7.40e-03	1.42e-01	4.27e-01	2.60e-01	1.22e-01	3.64e-02	3.64e-03	4.82e-04	1.40e-04	2.22e-06	0.00e+00
 2.34329e+23	1.32e-15	2.87e-10	8.62e-08	1.62e-06	1.15e-05	6.64e-05	8.41e-03	1.54e-01	4.36e-01	2.52e-01	1.14e-01	3.27e-02	3.15e-03	4.07e-04	1.14e-04	1.72e-06	0.00e+00
 2.35290e+23	1.69e-15	3.53e-10	1.06e-07	1.99e-06	1.38e-05	7.91e-05	9.52e-03	1.66e-01	4.43e-01	2.44e-01	1.05e-01	2.93e-02	2.73e-03	3.44e-04	9.31e-05	1.34e-06	0.00e+00
 2.36271e+23	2.15e-15	4.35e-10	1.31e-07	2.46e-06	1.68e-05	9.47e-05	1.08e-02	1.79e-01	4.49e-01	2.35e-01	9.67e-02	2.61e-02	2.34e-03	2.87e-04	7.51e-05	1.03e-06	0.00e+00
 2.37183e+23	2.60e-15	5.13e-10	1.55e-07	2.90e-06	1.96e-05	1.09e-04	1.19e-02	1.90e-01	4.54e-01	2.27e-01	9.03e-02	2.37e-02	2.07e-03	2.48e-04	6.31e-05	8.29e-07	0.00e+00
 2.38124e+23	3.57e-15	6.28e-10	1.91e-07	3.58e-06	2.38e-05	1.31e-04	1.36e-02	2.05e-01	4.58e-01	2.18e-01	8.24e-02	2.08e-02	1.75e-03	2.05e-04	5.03e-05	6.26e-07	0.00e+00
 2.39082e+23	4.20e-15	7.36e-10	2.24e-07	4.22e-06	2.77e-05	1.51e-04	1.50e-02	2.17e-01	4.61e-01	2.10e-01	7.64e-02	1.88e-02	1.54e-03	1.76e-04	4.19e-05	5.01e-07	0.00e+00
 2.40061e+23	5.12e-15	8.94e-10	2.75e-07	5.20e-06	3.36e-05	1.82e-04	1.70e-02	2.33e-01	4.63e-01	1.99e-01	6.91e-02	1.64e-02	1.29e-03	1.43e-04	3.30e-05	3.73e-07	0.00e+00
 2.41045e+23	5.97e-15	1.04e-09	3.22e-07	6.08e-06	3.88e-05	2.09e-04	1.86e-02	2.46e-01	4.64e-01	1.91e-01	6.40e-02	1.48e-02	1.13e-03	1.23e-04	2.75e-05	2.98e-07	0.00e+00
 2.42035e+23	7.18e-15	1.25e-09	3.92e-07	7.43e-06	4.67e-05	2.49e-04	2.10e-02	2.62e-01	4.64e-01	1.81e-01	5.77e-02	1.28e-02	9.48e-04	9.98e-05	2.16e-05	2.22e-07	0.00e+00
 2.43031e+23	8.28e-15	1.44e-09	4.55e-07	8.65e-06	5.38e-05	2.84e-04	2.30e-02	2.75e-01	4.62e-01	1.73e-01	5.33e-02	1.15e-02	8.27e-04	8.51e-05	1.80e-05	1.77e-07	0.00e+00
 2.44035e+23	9.84e-15	1.71e-09	5.49e-07	1.05e-05	6.43e-05	3.37e-04	2.58e-02	2.92e-01	4.60e-01	1.63e-01	4.78e-02	9.98e-03	6.91e-04	6.90e-05	1.41e-05	1.32e-07	0.00e+00
 2.45048e+23	1.13e-14	1.96e-09	6.35e-07	1.22e-05	7.36e-05	3.84e-04	2.81e-02	3.05e-01	4.57e-01	1.56e-01	4.40e-02	8.92e-03	6.01e-04	5.86e-05	1.17e-05	0.00e+00	0.00e+00
 2.46072e+23	1.33e-14	2.31e-09	7.62e-07	1.47e-05	8.76e-05	4.54e-04	3.13e-02	3.22e-01	4.52e-01	1.46e-01	3.93e-02	7.69e-03	5.00e-04	4.73e-05	9.12e-06	0.00e+00	0.00e+00
 2.47109e+23	1.51e-14	2.64e-09	8.80e-07	1.70e-05	1.00e-04	5.16e-04	3.40e-02	3.35e-01	4.48e-01	1.39e-01	3.60e-02	6.84e-03	4.33e-04	4.00e-05	7.51e-06	0.00e+00	0.00e+00
 2.48164e+23	1.77e-14	3.11e-09	1.05e-06	2.04e-05	1.19e-04	6.08e-04	3.79e-02	3.53e-01	4.41e-01	1.30e-01	3.20e-02	5.87e-03	3.58e-04	3.21e-05	5.83e-06	0.00e+00	0.00e+00
 2.49236e+23	2.02e-14	3.55e-09	1.22e-06	2.36e-05	1.35e-04	6.90e-04	4.11e-02	3.66e-01	4.35e-01	1.23e-01	2.91e-02	5.20e-03	3.08e-04	2.69e-05	4.77e-06	0.00e+00	0.00e+00
 2.50332e+23	2.36e-14	4.17e-09	1.46e-06	2.84e-05	1.60e-04	8.13e-04	4.56e-02	3.83e-01	4.26e-01	1.14e-01	2.57e-02	4.42e-03	2.53e-04	2.14e-05	3.67e-06	0.00e+00	0.00e+00
