#depth	Si	Si+	Si+2	Si+3	Si+4	Si+5	Si+6	Si+7	Si+8	Si+9	Si+10	Si+11	Si+12	Si+13	Si+14
 1.54284e+22	0.00e+00	0.00e+00	0.00e+00	0.00e+00	0.00e+00	2.04e-27	2.72e-23	1.19e-19	2.30e-16	2.16e-13	1.27e-10	7.47e-08	1.04e-04	1.85e-02	9.81e-01
 3.56999e+22	0.00e+00	0.00e+00	0.00e+00	0.00e+00	1.22e-30	3.87e-26	3.71e-22	1.17e-18	1.63e-15	1.10e-12	4.66e-10	1.97e-07	1.97e-04	2.54e-02	9.74e-01
 4.40870e+22	0.00e+00	0.00e+00	0.00e+00	0.00e+00	1.26e-29	3.16e-25	2.39e-21	5.97e-18	6.51e-15	3.47e-12	1.17e-09	3.94e-07	3.13e-04	3.19e-02	9.68e-01
 5.04663e+22	0.00e+00	0.00e+00	0.00e+00	0.00e+00	8.08e-29	1.68e-24	1.05e-20	2.17e-17	1.96e-14	8.68e-12	2.44e-09	6.82e-07	4.50e-04	3.81e-02	9.61e-01
 5.40104e+22	0.00e+00	0.00e+00	0.00e+00	0.00e+00	1.30e-28	2.57e-24	1.53e-20	3.03e-17	2.61e-14	1.10e-11	2.94e-09	7.84e-07	4.94e-04	3.99e-02	9.60e-01
 5.54194e+22	0.00e+00	0.00e+00	0.00e+00	0.00e+00	2.05e-28	3.87e-24	2.21e-20	4.16e-17	3.41e-14	1.37e-11	3.52e-09	8.97e-07	5.40e-04	4.17e-02	9.58e-01
 5.70299e+22	0.00e+00	0.00e+00	0.00e+00	0.00e+00	3.64e-28	6.48e-24	3.49e-20	6.20e-17	4.80e-14	1.82e-11	4.41e-09	1.06e-06	6.04e-04	4.41e-02	9.55e-01
 5.85615e+22	0.00e+00	0.00e+00	0.00e+00	0.00e+00	5.60e-28	9.56e-24	4.92e-20	8.38e-17	6.21e-14	2.25e-11	5.23e-09	1.21e-06	6.57e-04	4.59e-02	9.53e-01
 5.97709e+22	0.00e+00	0.00e+00	0.00e+00	8.40e-33	8.26e-28	1.36e-23	6.71e-20	1.10e-16	7.82e-14	2.73e-11	6.09e-09	1.35e-06	7.09e-04	4.76e-02	9.52e-01
 6.11235e+22	0.00e+00	0.00e+00	0.00e+00	1.39e-32	1.31e-27	2.05e-23	9.70e-20	1.51e-16	1.03e-13	3.42e-11	7.30e-09	1.55e-06	7.75e-04	4.98e-02	9.49e-01
 6.25777e+22	0.00e+00	0.00e+00	0.00e+00	2.27e-32	2.04e-27	3.05e-23	1.38e-19	2.06e-16	1.34e-13	4.26e-11	8.70e-09	1.77e-06	8.45e-04	5.19e-02	9.47e-01
 6.38925e+22	0.00e+00	0.00e+00	0.00e+00	3.59e-32	3.09e-27	4.44e-23	1.93e-19	2.75e-16	1.71e-13	5.23e-11	1.03e-08	2.00e-06	9.17e-04	5.40e-02	9.45e-01
 6.51294e+22	0.00e+00	0.00e+00	0.00e+00	5.59e-32	4.63e-27	6.38e-23	2.66e-19	3.64e-16	2.18e-13	6.38e-11	1.20e-08	2.25e-06	9.92e-04	5.61e-02	9.43e-01
 6.65362e+22	0.00e+00	0.00e+00	0.00e+00	9.63e-32	7.58e-27	9.93e-23	3.94e-19	5.14e-16	2.92e-13	8.13e-11	1.46e-08	2.60e-06	1.09e-03	5.88e-02	9.40e-01
 6.79914e+22	0.00e+00	0.00e+00	0.00e+00	1.55e-31	1.17e-26	1.47e-22	5.56e-19	6.94e-16	3.77e-13	1.01e-10	1.73e-08	2.95e-06	1.19e-03	6.12e-02	9.38e-01
 6.92894e+22	0.00e+00	0.00e+00	0.00e+00	2.46e-31	1.78e-26	2.14e-22	7.77e-19	9.29e-16	4.84e-13	1.24e-10	2.04e-08	3.33e-06	1.29e-03	6.37e-02	9.35e-01
 7.04644e+22	0.00e+00	0.00e+00	0.00e+00	3.68e-31	2.56e-26	2.97e-22	1.04e-18	1.20e-15	6.02e-13	1.48e-10	2.36e-08	3.71e-06	1.38e-03	6.59e-02	9.33e-01
 7.15280e+22	0.00e+00	0.00e+00	0.00e+00	5.31e-31	3.58e-26	4.01e-22	1.36e-18	1.51e-15	7.33e-13	1.75e-10	2.69e-08	4.09e-06	1.47e-03	6.80e-02	9.31e-01
 7.27393e+22	0.00e+00	0.00e+00	0.00e+00	8.25e-31	5.34e-26	5.74e-22	1.87e-18	2.00e-15	9.29e-13	2.13e-10	3.14e-08	4.60e-06	1.59e-03	7.06e-02	9.28e-01
 7.40501e+22	0.00e+00	0.00e+00	0.00e+00	1.29e-30	8.04e-26	8.29e-22	2.59e-18	2.66e-15	1.18e-12	2.60e-10	3.69e-08	5.19e-06	1.72e-03	7.33e-02	9.25e-01
 7.52362e+22	0.00e+00	0.00e+00	0.00e+00	1.95e-30	1.17e-25	1.16e-21	3.49e-18	3.44e-15	1.48e-12	3.12e-10	4.27e-08	5.79e-06	1.85e-03	7.59e-02	9.22e-01
 7.65242e+22	0.00e+00	0.00e+00	0.00e+00	3.16e-30	1.81e-25	1.72e-21	4.95e-18	4.68e-15	1.92e-12	3.88e-10	5.08e-08	6.58e-06	2.02e-03	7.90e-02	9.19e-01
 7.78378e+22	0.00e+00	0.00e+00	0.00e+00	4.92e-30	2.71e-25	2.47e-21	6.83e-18	6.19e-15	2.44e-12	4.73e-10	5.95e-08	7.41e-06	2.18e-03	8.20e-02	9.16e-01
 7.89424e+22	0.00e+00	0.00e+00	0.00e+00	7.22e-30	3.84e-25	3.38e-21	9.02e-18	7.89e-15	3.00e-12	5.61e-10	6.82e-08	8.20e-06	2.33e-03	8.47e-02	9.13e-01
 8.01360e+22	0.00e+00	0.00e+00	0.00e+00	1.13e-29	5.75e-25	4.86e-21	1.24e-17	1.04e-14	3.81e-12	6.84e-10	7.99e-08	9.23e-06	2.52e-03	8.79e-02	9.10e-01
 8.14243e+22	0.00e+00	0.00e+00	0.00e+00	1.75e-29	8.60e-25	6.98e-21	1.72e-17	1.38e-14	4.84e-12	8.34e-10	9.36e-08	1.04e-05	2.72e-03	9.12e-02	9.06e-01
 8.25207e+22	0.00e+00	0.00e+00	0.00e+00	2.52e-29	1.20e-24	9.42e-21	2.24e-17	1.74e-14	5.89e-12	9.83e-10	1.07e-07	1.14e-05	2.90e-03	9.40e-02	9.03e-01
 8.34764e+22	0.00e+00	0.00e+00	0.00e+00	3.51e-29	1.62e-24	1.23e-20	2.84e-17	2.15e-14	7.04e-12	1.14e-09	1.20e-07	1.25e-05	3.07e-03	9.66e-02	9.00e-01
 8.45639e+22	0.00e+00	0.00e+00	0.00e+00	5.21e-29	2.32e-24	1.70e-20	3.78e-17	2.76e-14	8.71e-12	1.36e-09	1.38e-07	1.39e-05	3.29e-03	9.98e-02	8.97e-01
 8.57479e+22	0.00e+00	0.00e+00	0.00e+00	7.77e-29	3.33e-24	2.36e-20	5.06e-17	3.55e-14	1.08e-11	1.62e-09	1.59e-07	1.54e-05	3.53e-03	1.03e-01	8.93e-01
 8.68423e+22	0.00e+00	0.00e+00	3.96e-33	1.14e-28	4.71e-24	3.22e-20	6.67e-17	4.52e-14	1.33e-11	1.93e-09	1.82e-07	1.70e-05	3.77e-03	1.06e-01	8.90e-01
 8.78831e+22	0.00e+00	0.00e+00	5.88e-33	1.64e-28	6.57e-24	4.34e-20	8.69e-17	5.69e-14	1.62e-11	2.27e-09	2.08e-07	1.88e-05	4.02e-03	1.10e-01	8.86e-01
 8.89018e+22	0.00e+00	0.00e+00	8.64e-33	2.34e-28	9.07e-24	5.81e-20	1.13e-16	7.13e-14	1.96e-11	2.66e-09	2.36e-07	2.06e-05	4.27e-03	1.13e-01	8.83e-01
 9.00591e+22	0.00e+00	0.00e+00	1.36e-32	3.56e-28	1.33e-23	8.20e-20	1.53e-16	9.31e-14	2.46e-11	3.21e-09	2.74e-07	2.30e-05	4.59e-03	1.17e-01	8.79e-01
 9.12700e+22	0.00e+00	0.00e+00	2.13e-32	5.36e-28	1.93e-23	1.15e-19	2.06e-16	1.21e-13	3.07e-11	3.85e-09	3.17e-07	2.57e-05	4.93e-03	1.21e-01	8.74e-01
 9.23165e+22	0.00e+00	0.00e+00	3.14e-32	7.68e-28	2.68e-23	1.54e-19	2.67e-16	1.52e-13	3.73e-11	4.53e-09	3.60e-07	2.83e-05	5.25e-03	1.24e-01	8.71e-01
 9.34427e+22	0.00e+00	0.00e+00	4.95e-32	1.17e-27	3.93e-23	2.17e-19	3.62e-16	1.98e-13	4.67e-11	5.46e-09	4.18e-07	3.16e-05	5.64e-03	1.28e-01	8.66e-01
 9.46425e+22	0.00e+00	0.00e+00	7.73e-32	1.76e-27	5.71e-23	3.04e-19	4.88e-16	2.57e-13	5.84e-11	6.56e-09	4.84e-07	3.52e-05	6.05e-03	1.33e-01	8.61e-01
 9.56644e+22	0.00e+00	0.00e+00	1.11e-31	2.47e-27	7.77e-23	4.01e-19	6.24e-16	3.18e-13	7.00e-11	7.63e-09	5.46e-07	3.84e-05	6.41e-03	1.36e-01	8.57e-01
 9.67196e+22	0.00e+00	0.00e+00	1.70e-31	3.64e-27	1.11e-22	5.51e-19	8.28e-16	4.07e-13	8.64e-11	9.08e-09	6.27e-07	4.26e-05	6.86e-03	1.40e-01	8.53e-01
 9.78505e+22	0.00e+00	0.00e+00	2.56e-31	5.32e-27	1.56e-22	7.51e-19	1.09e-15	5.17e-13	1.06e-10	1.08e-08	7.17e-07	4.71e-05	7.32e-03	1.45e-01	8.48e-01
 9.88862e+22	0.00e+00	0.00e+00	3.77e-31	7.59e-27	2.16e-22	1.01e-18	1.41e-15	6.48e-13	1.29e-10	1.26e-08	8.14e-07	5.17e-05	7.78e-03	1.49e-01	8.43e-01
 1.00039e+23	0.00e+00	0.00e+00	5.96e-31	1.16e-26	3.18e-22	1.42e-18	1.92e-15	8.48e-13	1.62e-10	1.52e-08	9.46e-07	5.78e-05	8.36e-03	1.54e-01	8.38e-01
 1.01251e+23	0.00e+00	0.00e+00	9.30e-31	1.75e-26	4.62e-22	1.99e-18	2.59e-15	1.10e-12	2.02e-10	1.83e-08	1.09e-06	6.43e-05	8.96e-03	1.59e-01	8.32e-01
 1.02267e+23	0.00e+00	0.00e+00	1.35e-30	2.47e-26	6.33e-22	2.64e-18	3.33e-15	1.37e-12	2.43e-10	2.14e-08	1.24e-06	7.05e-05	9.51e-03	1.63e-01	8.27e-01
 1.03175e+23	0.00e+00	0.00e+00	1.91e-30	3.40e-26	8.47e-22	3.44e-18	4.21e-15	1.68e-12	2.89e-10	2.47e-08	1.39e-06	7.66e-05	1.00e-02	1.67e-01	8.23e-01
 1.04216e+23	0.00e+00	0.00e+00	2.90e-30	5.00e-26	1.20e-21	4.71e-18	5.56e-15	2.14e-12	3.56e-10	2.93e-08	1.59e-06	8.48e-05	1.07e-02	1.72e-01	8.17e-01
 1.05342e+23	0.00e+00	0.00e+00	4.35e-30	7.25e-26	1.69e-21	6.39e-18	7.30e-15	2.71e-12	4.36e-10	3.47e-08	1.82e-06	9.35e-05	1.14e-02	1.77e-01	8.12e-01
 1.06395e+23	0.00e+00	0.00e+00	6.49e-30	1.05e-25	2.37e-21	8.65e-18	9.55e-15	3.43e-12	5.33e-10	4.09e-08	2.07e-06	1.03e-04	1.21e-02	1.82e-01	8.06e-01
 1.07420e+23	0.00e+00	0.00e+00	9.64e-30	1.51e-25	3.30e-21	1.17e-17	1.25e-14	4.33e-12	6.49e-10	4.82e-08	2.36e-06	1.13e-04	1.29e-02	1.87e-01	8.00e-01
 1.08591e+23	0.00e+00	0.00e+00	1.54e-29	2.32e-25	4.89e-21	1.66e-17	1.70e-14	5.69e-12	8.20e-10	5.84e-08	2.75e-06	1.27e-04	1.39e-02	1.93e-01	7.93e-01
 1.09767e+23	0.00e+00	0.00e+00	2.39e-29	3.48e-25	7.07e-21	2.31e-17	2.29e-14	7.36e-12	1.02e-09	7.01e-08	3.17e-06	1.41e-04	1.49e-02	1.99e-01	7.86e-01
 1.10716e+23	0.00e+00	0.00e+00	3.37e-29	4.79e-25	9.46e-21	3.01e-17	2.89e-14	9.02e-12	1.21e-09	8.09e-08	3.55e-06	1.53e-04	1.57e-02	2.03e-01	7.81e-01
 1.11718e+23	0.00e+00	0.00e+00	5.09e-29	6.99e-25	1.34e-20	4.11e-17	3.81e-14	1.15e-11	1.49e-09	9.60e-08	4.06e-06	1.69e-04	1.67e-02	2.09e-01	7.74e-01
 1.12817e+23	0.00e+00	1.16e-33	7.66e-29	1.02e-24	1.89e-20	5.59e-17	5.01e-14	1.46e-11	1.83e-09	1.14e-07	4.65e-06	1.87e-04	1.78e-02	2.15e-01	7.67e-01
 1.13861e+23	0.00e+00	1.78e-33	1.14e-28	1.47e-24	2.64e-20	7.57e-17	6.55e-14	1.84e-11	2.24e-09	1.34e-07	5.29e-06	2.05e-04	1.89e-02	2.20e-01	7.61e-01
 1.14848e+23	0.00e+00	2.68e-33	1.67e-28	2.09e-24	3.63e-20	1.01e-16	8.45e-14	2.30e-11	2.71e-09	1.57e-07	5.99e-06	2.25e-04	2.00e-02	2.26e-01	7.54e-01
 1.15782e+23	0.00e+00	2.85e-33	1.73e-28	2.10e-24	4.93e-20	1.33e-16	1.08e-13	2.85e-11	3.24e-09	1.83e-07	6.75e-06	2.45e-04	2.11e-02	2.31e-01	7.48e-01
 1.16838e+23	0.00e+00	4.66e-33	2.73e-28	3.19e-24	7.23e-20	1.87e-16	1.47e-13	3.72e-11	4.08e-09	2.21e-07	7.83e-06	2.73e-04	2.27e-02	2.38e-01	7.39e-01
 1.17921e+23	0.00e+00	7.11e-33	4.05e-28	4.58e-24	1.00e-19	2.52e-16	1.91e-13	4.68e-11	4.96e-09	2.59e-07	8.90e-06	3.00e-04	2.40e-02	2.44e-01	7.32e-01
 1.18885e+23	0.00e+00	1.07e-32	5.92e-28	6.49e-24	1.38e-19	3.36e-16	2.46e-13	5.85e-11	6.00e-09	3.04e-07	1.01e-05	3.29e-04	2.54e-02	2.49e-01	7.25e-01
 1.19986e+23	0.00e+00	1.78e-32	9.49e-28	1.00e-23	2.05e-19	4.79e-16	3.37e-13	7.70e-11	7.60e-09	3.69e-07	1.17e-05	3.68e-04	2.73e-02	2.57e-01	7.16e-01
 1.21122e+23	0.00e+00	2.83e-32	1.46e-27	1.49e-23	2.94e-19	6.63e-16	4.50e-13	9.92e-11	9.43e-09	4.42e-07	1.35e-05	4.07e-04	2.91e-02	2.63e-01	7.07e-01
 1.22072e+23	0.00e+00	4.24e-32	2.13e-27	2.10e-23	4.04e-19	8.81e-16	5.79e-13	1.24e-10	1.14e-08	5.16e-07	1.53e-05	4.45e-04	3.08e-02	2.69e-01	6.99e-01
 1.22937e+23	0.00e+00	6.11e-32	2.99e-27	2.87e-23	5.36e-19	1.14e-15	7.27e-13	1.51e-10	1.35e-08	5.94e-07	1.70e-05	4.82e-04	3.24e-02	2.75e-01	6.92e-01
 1.23923e+23	0.00e+00	9.76e-32	4.62e-27	4.27e-23	7.71e-19	1.58e-15	9.72e-13	1.94e-10	1.68e-08	7.11e-07	1.96e-05	5.34e-04	3.45e-02	2.82e-01	6.83e-01
 1.24964e+23	0.00e+00	1.52e-31	6.96e-27	6.21e-23	1.09e-18	2.15e-15	1.28e-12	2.47e-10	2.06e-08	8.43e-07	2.24e-05	5.88e-04	3.66e-02	2.88e-01	6.74e-01
 1.25903e+23	0.00e+00	2.31e-31	1.03e-26	8.87e-23	1.50e-18	2.88e-15	1.66e-12	3.10e-10	2.50e-08	9.90e-07	2.54e-05	6.44e-04	3.87e-02	2.95e-01	6.66e-01
 1.26949e+23	0.00e+00	3.93e-31	1.68e-26	1.39e-22	2.27e-18	4.17e-15	2.30e-12	4.13e-10	3.20e-08	1.21e-06	2.98e-05	7.23e-04	4.16e-02	3.03e-01	6.55e-01
 1.27966e+23	0.00e+00	5.86e-31	2.44e-26	1.95e-22	3.09e-18	5.50e-15	2.95e-12	5.12e-10	3.85e-08	1.42e-06	3.36e-05	7.88e-04	4.39e-02	3.09e-01	6.46e-01
 1.28816e+23	0.00e+00	8.71e-31	3.52e-26	2.73e-22	4.21e-18	7.25e-15	3.77e-12	6.35e-10	4.63e-08	1.65e-06	3.78e-05	8.58e-04	4.62e-02	3.15e-01	6.38e-01
 1.29795e+23	0.00e+00	1.43e-30	5.58e-26	4.16e-22	6.18e-18	1.03e-14	5.13e-12	8.31e-10	5.83e-08	2.00e-06	4.38e-05	9.55e-04	4.93e-02	3.23e-01	6.27e-01
 1.30790e+23	0.00e+00	2.17e-30	8.18e-26	5.89e-22	8.50e-18	1.37e-14	6.61e-12	1.04e-09	7.05e-08	2.34e-06	4.96e-05	1.04e-03	5.21e-02	3.29e-01	6.18e-01
 1.31674e+23	0.00e+00	3.27e-30	1.20e-25	8.35e-22	1.17e-17	1.82e-14	8.53e-12	1.30e-09	8.54e-08	2.74e-06	5.60e-05	1.14e-03	5.49e-02	3.35e-01	6.08e-01
 1.32688e+23	0.00e+00	5.61e-30	1.97e-25	1.31e-21	1.77e-17	2.64e-14	1.19e-11	1.73e-09	1.10e-07	3.36e-06	6.57e-05	1.28e-03	5.89e-02	3.44e-01	5.96e-01
 1.33668e+23	0.00e+00	8.31e-30	2.84e-25	1.83e-21	2.40e-17	3.48e-14	1.52e-11	2.14e-09	1.31e-07	3.91e-06	7.38e-05	1.39e-03	6.19e-02	3.50e-01	5.87e-01
 1.34483e+23	0.00e+00	1.23e-29	4.09e-25	2.55e-21	3.25e-17	4.57e-14	1.93e-11	2.65e-09	1.58e-07	4.55e-06	8.30e-05	1.51e-03	6.51e-02	3.56e-01	5.78e-01
 1.35421e+23	0.00e+00	2.02e-29	6.45e-25	3.86e-21	4.75e-17	6.43e-14	2.62e-11	3.45e-09	1.98e-07	5.50e-06	9.60e-05	1.67e-03	6.93e-02	3.63e-01	5.66e-01
 1.36372e+23	0.00e+00	3.02e-29	9.36e-25	5.41e-21	6.47e-17	8.49e-14	3.35e-11	4.29e-09	2.38e-07	6.41e-06	1.08e-04	1.82e-03	7.28e-02	3.69e-01	5.56e-01
 1.37343e+23	0.00e+00	4.11e-29	1.23e-24	8.30e-21	9.59e-17	1.21e-13	4.59e-11	5.64e-09	3.02e-07	7.79e-06	1.26e-04	2.03e-03	7.76e-02	3.77e-01	5.44e-01
 1.38322e+23	0.00e+00	6.45e-29	1.85e-24	1.21e-20	1.35e-16	1.65e-13	6.03e-11	7.17e-09	3.71e-07	9.24e-06	1.43e-04	2.22e-03	8.20e-02	3.83e-01	5.33e-01
 1.39125e+23	0.00e+00	9.27e-29	2.59e-24	1.64e-20	1.79e-16	2.12e-13	7.54e-11	8.71e-09	4.38e-07	1.06e-05	1.59e-04	2.40e-03	8.57e-02	3.88e-01	5.24e-01
 1.39981e+23	0.00e+00	1.46e-28	3.95e-24	2.39e-20	2.53e-16	2.90e-13	9.96e-11	1.11e-08	5.41e-07	1.26e-05	1.82e-04	2.63e-03	9.05e-02	3.94e-01	5.12e-01
 1.40887e+23	0.00e+00	2.21e-28	5.79e-24	3.38e-20	3.47e-16	3.85e-13	1.28e-10	1.39e-08	6.54e-07	1.48e-05	2.05e-04	2.87e-03	9.51e-02	4.00e-01	5.02e-01
 1.41711e+23	0.00e+00	3.32e-28	8.41e-24	4.73e-20	4.74e-16	5.09e-13	1.64e-10	1.72e-08	7.88e-07	1.72e-05	2.31e-04	3.11e-03	9.98e-02	4.06e-01	4.91e-01
 1.42507e+23	0.00e+00	4.89e-28	1.20e-23	6.53e-20	6.37e-16	6.65e-13	2.08e-10	2.12e-08	9.41e-07	1.99e-05	2.58e-04	3.37e-03	1.04e-01	4.11e-01	4.81e-01
 1.43413e+23	0.00e+00	7.93e-28	1.88e-23	9.77e-20	9.22e-16	9.28e-13	2.80e-10	2.74e-08	1.17e-06	2.39e-05	2.97e-04	3.71e-03	1.10e-01	4.17e-01	4.69e-01
 1.44346e+23	0.00e+00	1.23e-27	2.81e-23	1.40e-19	1.29e-15	1.25e-12	3.66e-10	3.47e-08	1.44e-06	2.83e-05	3.36e-04	4.05e-03	1.16e-01	4.22e-01	4.57e-01
 1.45158e+23	0.00e+00	1.84e-27	4.07e-23	1.96e-19	1.75e-15	1.65e-12	4.67e-10	4.30e-08	1.73e-06	3.29e-05	3.78e-04	4.40e-03	1.22e-01	4.27e-01	4.47e-01
 1.45938e+23	0.00e+00	2.71e-27	5.81e-23	2.70e-19	2.35e-15	2.15e-12	5.92e-10	5.28e-08	2.06e-06	3.81e-05	4.22e-04	4.75e-03	1.27e-01	4.31e-01	4.37e-01
 1.46829e+23	0.00e+00	4.42e-27	9.13e-23	4.06e-19	3.42e-15	3.02e-12	7.98e-10	6.86e-08	2.58e-06	4.59e-05	4.86e-04	5.23e-03	1.34e-01	4.36e-01	4.24e-01
 1.47746e+23	0.00e+00	6.68e-27	1.34e-22	5.71e-19	4.68e-15	4.01e-12	1.03e-09	8.54e-08	3.12e-06	5.36e-05	5.47e-04	5.68e-03	1.40e-01	4.40e-01	4.13e-01
 1.48698e+23	0.00e+00	1.14e-26	2.18e-22	8.86e-19	7.02e-15	5.78e-12	1.42e-09	1.13e-07	3.98e-06	6.55e-05	6.36e-04	6.30e-03	1.49e-01	4.45e-01	3.99e-01
 1.49658e+23	5.90e-34	1.76e-26	3.26e-22	1.27e-18	9.78e-15	7.79e-12	1.85e-09	1.43e-07	4.86e-06	7.72e-05	7.20e-04	6.86e-03	1.56e-01	4.49e-01	3.87e-01
 1.50446e+23	8.93e-34	2.56e-26	4.59e-22	1.73e-18	1.30e-14	1.01e-11	2.33e-09	1.75e-07	5.77e-06	8.89e-05	8.01e-04	7.37e-03	1.62e-01	4.52e-01	3.77e-01
 1.51287e+23	1.51e-33	4.11e-26	7.09e-22	2.55e-18	1.86e-14	1.39e-11	3.10e-09	2.25e-07	7.16e-06	1.06e-04	9.15e-04	8.08e-03	1.70e-01	4.56e-01	3.65e-01
 1.52148e+23	2.37e-33	6.17e-26	1.03e-21	3.55e-18	2.53e-14	1.84e-11	3.97e-09	2.78e-07	8.62e-06	1.24e-04	1.03e-03	8.73e-03	1.78e-01	4.58e-01	3.54e-01
 1.52848e+23	3.42e-33	8.59e-26	1.39e-21	4.66e-18	3.25e-14	2.30e-11	4.85e-09	3.32e-07	1.00e-05	1.40e-04	1.13e-03	9.29e-03	1.84e-01	4.60e-01	3.46e-01
 1.53574e+23	5.40e-33	1.30e-25	2.03e-21	6.52e-18	4.44e-14	3.05e-11	6.23e-09	4.13e-07	1.21e-05	1.63e-04	1.26e-03	1.00e-02	1.91e-01	4.62e-01	3.35e-01
 1.54269e+23	7.61e-33	1.76e-25	2.69e-21	8.38e-18	5.59e-14	3.76e-11	7.50e-09	4.86e-07	1.39e-05	1.83e-04	1.38e-03	1.06e-02	1.97e-01	4.64e-01	3.27e-01
 1.54828e+23	1.06e-32	2.38e-25	3.54e-21	1.07e-17	7.02e-14	4.61e-11	9.00e-09	5.70e-07	1.60e-05	2.05e-04	1.50e-03	1.13e-02	2.03e-01	4.65e-01	3.19e-01
 1.55375e+23	1.46e-32	3.17e-25	4.58e-21	1.35e-17	8.69e-14	5.60e-11	1.07e-08	6.63e-07	1.82e-05	2.28e-04	1.62e-03	1.19e-02	2.09e-01	4.66e-01	3.12e-01
 1.55910e+23	1.96e-32	4.14e-25	5.85e-21	1.67e-17	1.06e-13	6.71e-11	1.26e-08	7.63e-07	2.05e-05	2.52e-04	1.75e-03	1.25e-02	2.14e-01	4.66e-01	3.05e-01
 1.56516e+23	2.92e-32	5.91e-25	8.09e-21	2.23e-17	1.39e-13	8.55e-11	1.56e-08	9.22e-07	2.42e-05	2.88e-04	1.93e-03	1.33e-02	2.22e-01	4.67e-01	2.96e-01
 1.57118e+23	3.98e-32	7.81e-25	1.04e-20	2.79e-17	1.71e-13	1.03e-10	1.85e-08	1.07e-06	2.74e-05	3.20e-04	2.09e-03	1.40e-02	2.28e-01	4.67e-01	2.89e-01
 1.57715e+23	5.86e-32	1.10e-24	1.43e-20	3.69e-17	2.22e-13	1.31e-10	2.28e-08	1.28e-06	3.21e-05	3.64e-04	2.30e-03	1.49e-02	2.35e-01	4.68e-01	2.80e-01
 1.58296e+23	7.90e-32	1.44e-24	1.82e-20	4.58e-17	2.71e-13	1.57e-10	2.68e-08	1.48e-06	3.63e-05	4.03e-04	2.47e-03	1.57e-02	2.41e-01	4.68e-01	2.73e-01
 1.58773e+23	1.06e-31	1.87e-24	2.31e-20	5.64e-17	3.30e-13	1.87e-10	3.13e-08	1.70e-06	4.09e-05	4.44e-04	2.66e-03	1.64e-02	2.46e-01	4.67e-01	2.67e-01
 1.59313e+23	1.52e-31	2.59e-24	3.10e-20	7.31e-17	4.20e-13	2.33e-10	3.81e-08	2.02e-06	4.75e-05	5.01e-04	2.91e-03	1.74e-02	2.54e-01	4.67e-01	2.59e-01
 1.59860e+23	2.05e-31	3.38e-24	3.95e-20	9.04e-17	5.12e-13	2.79e-10	4.47e-08	2.32e-06	5.36e-05	5.53e-04	3.12e-03	1.83e-02	2.60e-01	4.66e-01	2.52e-01
 1.60343e+23	2.79e-31	4.46e-24	5.06e-20	1.12e-16	6.28e-13	3.36e-10	5.29e-08	2.68e-06	6.08e-05	6.14e-04	3.37e-03	1.92e-02	2.66e-01	4.65e-01	2.46e-01
 1.60789e+23	3.63e-31	5.63e-24	6.25e-20	1.35e-16	7.46e-13	3.93e-10	6.08e-08	3.04e-06	6.76e-05	6.70e-04	3.60e-03	2.00e-02	2.71e-01	4.65e-01	2.40e-01
 1.61260e+23	5.00e-31	7.49e-24	8.09e-20	1.70e-16	9.23e-13	4.77e-10	7.24e-08	3.53e-06	7.71e-05	7.46e-04	3.89e-03	2.10e-02	2.78e-01	4.63e-01	2.33e-01
 1.61746e+23	6.59e-31	9.58e-24	1.01e-19	2.06e-16	1.11e-12	5.63e-10	8.39e-08	4.03e-06	8.63e-05	8.18e-04	4.16e-03	2.19e-02	2.84e-01	4.62e-01	2.27e-01
 1.62182e+23	8.80e-31	1.24e-23	1.27e-19	2.52e-16	1.34e-12	6.69e-10	9.80e-08	4.61e-06	9.71e-05	9.01e-04	4.47e-03	2.30e-02	2.90e-01	4.61e-01	2.21e-01
 1.62605e+23	1.15e-30	1.57e-23	1.57e-19	3.03e-16	1.59e-12	7.85e-10	1.13e-07	5.23e-06	1.08e-04	9.84e-04	4.76e-03	2.39e-02	2.95e-01	4.59e-01	2.16e-01
 1.63080e+23	1.61e-30	2.11e-23	2.06e-19	3.82e-16	1.98e-12	9.59e-10	1.35e-07	6.12e-06	1.24e-04	1.10e-03	5.17e-03	2.52e-02	3.02e-01	4.57e-01	2.09e-01
 1.63568e+23	2.18e-30	2.77e-23	2.62e-19	4.70e-16	2.42e-12	1.15e-09	1.59e-07	7.07e-06	1.41e-04	1.22e-03	5.57e-03	2.64e-02	3.09e-01	4.55e-01	2.03e-01
 1.63994e+23	2.84e-30	3.51e-23	3.23e-19	5.65e-16	2.88e-12	1.35e-09	1.84e-07	8.01e-06	1.57e-04	1.33e-03	5.94e-03	2.75e-02	3.14e-01	4.53e-01	1.97e-01
 1.64465e+23	4.11e-30	4.86e-23	4.32e-19	7.24e-16	3.65e-12	1.68e-09	2.24e-07	9.53e-06	1.82e-04	1.51e-03	6.49e-03	2.90e-02	3.22e-01	4.50e-01	1.90e-01
 1.64939e+23	5.41e-30	6.20e-23	5.37e-19	8.73e-16	4.36e-12	1.97e-09	2.59e-07	1.08e-05	2.04e-04	1.65e-03	6.94e-03	3.03e-02	3.28e-01	4.48e-01	1.85e-01
 1.65352e+23	7.18e-30	7.96e-23	6.70e-19	1.06e-15	5.23e-12	2.33e-09	3.02e-07	1.24e-05	2.29e-04	1.81e-03	7.43e-03	3.16e-02	3.34e-01	4.45e-01	1.80e-01
 1.65761e+23	9.50e-30	1.02e-22	8.34e-19	1.27e-15	6.25e-12	2.76e-09	3.51e-07	1.41e-05	2.57e-04	1.99e-03	7.94e-03	3.29e-02	3.40e-01	4.42e-01	1.74e-01
 1.66228e+23	1.37e-29	1.41e-22	1.11e-18	1.62e-15	7.90e-12	3.42e-09	4.27e-07	1.68e-05	2.98e-04	2.25e-03	8.68e-03	3.47e-02	3.48e-01	4.39e-01	1.67e-01
 1.66695e+23	1.83e-29	1.82e-22	1.39e-18	1.97e-15	9.51e-12	4.06e-09	4.99e-07	1.93e-05	3.36e-04	2.48e-03	9.30e-03	3.62e-02	3.54e-01	4.35e-01	1.62e-01
 1.67090e+23	2.40e-29	2.31e-22	1.72e-18	2.35e-15	1.13e-11	4.77e-09	5.77e-07	2.19e-05	3.75e-04	2.71e-03	9.93e-03	3.77e-02	3.60e-01	4.32e-01	1.57e-01
 1.67530e+23	3.48e-29	3.20e-22	2.28e-18	2.98e-15	1.43e-11	5.93e-09	7.03e-07	2.61e-05	4.37e-04	3.07e-03	1.09e-02	3.97e-02	3.68e-01	4.27e-01	1.51e-01
 1.67963e+23	4.50e-29	4.01e-22	2.78e-18	3.53e-15	1.68e-11	6.90e-09	8.08e-07	2.95e-05	4.86e-04	3.34e-03	1.15e-02	4.12e-02	3.73e-01	4.24e-01	1.46e-01
 1.68385e+23	6.47e-29	5.50e-22	3.66e-18	4.44e-15	2.11e-11	8.54e-09	9.81e-07	3.50e-05	5.64e-04	3.77e-03	1.26e-02	4.34e-02	3.81e-01	4.19e-01	1.40e-01
 1.68811e+23	8.43e-29	6.95e-22	4.49e-18	5.27e-15	2.49e-11	9.99e-09	1.13e-06	3.97e-05	6.29e-04	4.12e-03	1.34e-02	4.50e-02	3.87e-01	4.15e-01	1.35e-01
 1.69239e+23	1.22e-28	9.62e-22	5.95e-18	6.65e-15	3.14e-11	1.24e-08	1.38e-06	4.74e-05	7.34e-04	4.67e-03	1.47e-02	4.75e-02	3.94e-01	4.09e-01	1.29e-01
 1.69670e+23	1.61e-28	1.22e-21	7.33e-18	7.90e-15	3.73e-11	1.46e-08	1.61e-06	5.40e-05	8.22e-04	5.12e-03	1.56e-02	4.93e-02	4.00e-01	4.05e-01	1.25e-01
 1.70105e+23	2.33e-28	1.68e-21	9.67e-18	9.93e-15	4.69e-11	1.82e-08	1.96e-06	6.44e-05	9.57e-04	5.78e-03	1.71e-02	5.18e-02	4.07e-01	3.98e-01	1.19e-01
 1.70536e+23	3.07e-28	2.14e-21	1.19e-17	1.18e-14	5.57e-11	2.14e-08	2.28e-06	7.35e-05	1.07e-03	6.34e-03	1.82e-02	5.38e-02	4.13e-01	3.94e-01	1.14e-01
 1.70962e+23	4.42e-28	2.94e-21	1.56e-17	1.47e-14	6.98e-11	2.65e-08	2.78e-06	8.76e-05	1.25e-03	7.16e-03	1.99e-02	5.65e-02	4.20e-01	3.87e-01	1.09e-01
 1.71394e+23	5.89e-28	3.78e-21	1.94e-17	1.75e-14	8.35e-11	3.14e-08	3.25e-06	1.01e-04	1.41e-03	7.89e-03	2.13e-02	5.88e-02	4.25e-01	3.81e-01	1.04e-01
 1.71835e+23	8.58e-28	5.24e-21	2.56e-17	2.19e-14	1.05e-10	3.92e-08	4.00e-06	1.21e-04	1.64e-03	8.94e-03	2.32e-02	6.18e-02	4.32e-01	3.74e-01	9.88e-02
 1.72282e+23	1.15e-27	6.77e-21	3.18e-17	2.62e-14	1.26e-10	4.67e-08	4.70e-06	1.39e-04	1.86e-03	9.86e-03	2.49e-02	6.42e-02	4.37e-01	3.68e-01	9.46e-02
 1.72735e+23	1.69e-27	9.43e-21	4.21e-17	3.28e-14	1.60e-10	5.87e-08	5.81e-06	1.68e-04	2.18e-03	1.12e-02	2.73e-02	6.75e-02	4.43e-01	3.59e-01	8.91e-02
 1.73190e+23	2.27e-27	1.22e-20	5.22e-17	3.89e-14	1.92e-10	6.99e-08	6.83e-06	1.93e-04	2.46e-03	1.23e-02	2.92e-02	7.01e-02	4.48e-01	3.53e-01	8.51e-02
 1.73582e+23	3.02e-27	1.55e-20	6.42e-17	4.59e-14	2.28e-10	8.27e-08	7.99e-06	2.22e-04	2.77e-03	1.36e-02	3.12e-02	7.26e-02	4.52e-01	3.46e-01	8.12e-02
 1.74026e+23	4.37e-27	2.14e-20	8.40e-17	5.67e-14	2.86e-10	1.03e-07	9.82e-06	2.66e-04	3.24e-03	1.53e-02	3.40e-02	7.61e-02	4.57e-01	3.38e-01	7.63e-02
 1.74469e+23	5.72e-27	2.69e-20	1.02e-16	6.62e-14	3.37e-10	1.21e-07	1.14e-05	3.03e-04	3.62e-03	1.67e-02	3.61e-02	7.86e-02	4.61e-01	3.31e-01	7.29e-02
 1.74911e+23	8.17e-27	3.67e-20	1.32e-16	8.10e-14	4.20e-10	1.50e-07	1.39e-05	3.61e-04	4.20e-03	1.88e-02	3.92e-02	8.21e-02	4.65e-01	3.22e-01	6.84e-02
 1.75359e+23	1.07e-26	4.61e-20	1.60e-16	9.43e-14	4.94e-10	1.76e-07	1.61e-05	4.12e-04	4.68e-03	2.05e-02	4.16e-02	8.47e-02	4.68e-01	3.15e-01	6.52e-02
 1.75813e+23	1.51e-26	6.21e-20	2.05e-16	1.15e-13	6.11e-10	2.16e-07	1.96e-05	4.88e-04	5.41e-03	2.30e-02	4.50e-02	8.82e-02	4.71e-01	3.06e-01	6.11e-02
 1.76280e+23	1.99e-26	7.89e-20	2.50e-16	1.34e-13	7.25e-10	2.56e-07	2.29e-05	5.60e-04	6.06e-03	2.52e-02	4.79e-02	9.11e-02	4.73e-01	2.98e-01	5.79e-02
 1.76763e+23	2.85e-26	1.07e-19	3.22e-16	1.63e-13	9.00e-10	3.16e-07	2.79e-05	6.66e-04	7.02e-03	2.82e-02	5.18e-02	9.47e-02	4.75e-01	2.89e-01	5.39e-02
 1.77256e+23	3.74e-26	1.35e-19	3.93e-16	1.90e-13	1.07e-09	3.73e-07	3.26e-05	7.62e-04	7.85e-03	3.08e-02	5.50e-02	9.76e-02	4.76e-01	2.81e-01	5.10e-02
 1.77760e+23	5.31e-26	1.83e-19	5.04e-16	2.30e-13	1.32e-09	4.60e-07	3.96e-05	9.04e-04	9.05e-03	3.44e-02	5.93e-02	1.01e-01	4.77e-01	2.71e-01	4.73e-02
 1.78280e+23	7.02e-26	2.33e-19	6.15e-16	2.69e-13	1.56e-09	5.44e-07	4.64e-05	1.04e-03	1.01e-02	3.75e-02	6.29e-02	1.04e-01	4.77e-01	2.63e-01	4.45e-02
 1.78744e+23	9.19e-26	2.93e-19	7.45e-16	3.12e-13	1.84e-09	6.38e-07	5.39e-05	1.18e-03	1.13e-02	4.08e-02	6.65e-02	1.07e-01	4.77e-01	2.55e-01	4.19e-02
 1.79274e+23	1.29e-25	3.92e-19	9.49e-16	3.75e-13	2.26e-09	7.82e-07	6.51e-05	1.39e-03	1.29e-02	4.53e-02	7.13e-02	1.10e-01	4.76e-01	2.44e-01	3.87e-02
 1.79812e+23	1.69e-25	4.92e-19	1.15e-15	4.34e-13	2.66e-09	9.16e-07	7.54e-05	1.58e-03	1.44e-02	4.91e-02	7.52e-02	1.13e-01	4.74e-01	2.36e-01	3.63e-02
 1.80360e+23	2.36e-25	6.56e-19	1.45e-15	5.22e-13	3.26e-09	1.12e-06	9.07e-05	1.86e-03	1.64e-02	5.42e-02	8.03e-02	1.16e-01	4.71e-01	2.26e-01	3.35e-02
 1.80893e+23	2.99e-25	8.03e-19	1.72e-15	5.94e-13	3.75e-09	1.28e-06	1.03e-04	2.08e-03	1.80e-02	5.81e-02	8.39e-02	1.19e-01	4.69e-01	2.19e-01	3.15e-02
 1.81405e+23	4.05e-25	1.04e-18	2.13e-15	7.00e-13	4.49e-09	1.53e-06	1.22e-04	2.41e-03	2.02e-02	6.35e-02	8.89e-02	1.22e-01	4.65e-01	2.09e-01	2.91e-02
 1.81927e+23	5.11e-25	1.27e-18	2.52e-15	7.97e-13	5.17e-09	1.76e-06	1.38e-04	2.69e-03	2.20e-02	6.78e-02	9.27e-02	1.24e-01	4.61e-01	2.02e-01	2.74e-02
 1.82461e+23	6.90e-25	1.64e-18	3.12e-15	9.40e-13	6.17e-09	2.09e-06	1.62e-04	3.09e-03	2.47e-02	7.38e-02	9.77e-02	1.26e-01	4.56e-01	1.93e-01	2.53e-02
 1.83009e+23	8.78e-25	2.02e-18	3.70e-15	1.07e-12	7.12e-09	2.40e-06	1.85e-04	3.46e-03	2.70e-02	7.88e-02	1.02e-01	1.28e-01	4.52e-01	1.85e-01	2.36e-02
 1.83576e+23	1.19e-24	2.63e-18	4.60e-15	1.27e-12	8.51e-09	2.86e-06	2.17e-04	3.98e-03	3.01e-02	8.56e-02	1.07e-01	1.30e-01	4.45e-01	1.76e-01	2.16e-02
 1.84131e+23	1.49e-24	3.18e-18	5.39e-15	1.43e-12	9.69e-09	3.24e-06	2.44e-04	4.40e-03	3.27e-02	9.08e-02	1.11e-01	1.32e-01	4.40e-01	1.69e-01	2.02e-02
 1.84674e+23	1.98e-24	4.07e-18	6.60e-15	1.67e-12	1.14e-08	3.81e-06	2.84e-04	5.02e-03	3.62e-02	9.79e-02	1.16e-01	1.34e-01	4.32e-01	1.61e-01	1.85e-02
 1.85221e+23	2.46e-24	4.89e-18	7.72e-15	1.89e-12	1.30e-08	4.30e-06	3.17e-04	5.52e-03	3.90e-02	1.03e-01	1.20e-01	1.35e-01	4.26e-01	1.54e-01	1.74e-02
 1.85776e+23	3.26e-24	6.23e-18	9.43e-15	2.21e-12	1.52e-08	5.03e-06	3.67e-04	6.26e-03	4.30e-02	1.11e-01	1.25e-01	1.36e-01	4.17e-01	1.46e-01	1.59e-02
 1.86342e+23	4.06e-24	7.53e-18	1.11e-14	2.50e-12	1.72e-08	5.68e-06	4.10e-04	6.89e-03	4.63e-02	1.17e-01	1.28e-01	1.37e-01	4.10e-01	1.40e-01	1.48e-02
 1.86922e+23	5.40e-24	9.62e-18	1.36e-14	2.92e-12	2.02e-08	6.64e-06	4.74e-04	7.80e-03	5.10e-02	1.25e-01	1.33e-01	1.38e-01	4.00e-01	1.32e-01	1.34e-02
 1.87513e+23	6.75e-24	1.16e-17	1.59e-14	3.32e-12	2.29e-08	7.48e-06	5.29e-04	8.57e-03	5.48e-02	1.31e-01	1.37e-01	1.38e-01	3.92e-01	1.25e-01	1.25e-02
 1.88118e+23	8.99e-24	1.49e-17	1.96e-14	3.89e-12	2.69e-08	8.73e-06	6.10e-04	9.68e-03	6.01e-02	1.40e-01	1.41e-01	1.39e-01	3.81e-01	1.18e-01	1.13e-02
 1.88735e+23	1.13e-23	1.81e-17	2.31e-14	4.43e-12	3.05e-08	9.84e-06	6.80e-04	1.06e-02	6.44e-02	1.47e-01	1.45e-01	1.39e-01	3.72e-01	1.12e-01	1.04e-02
 1.89275e+23	1.40e-23	2.18e-17	2.70e-14	5.01e-12	3.44e-08	1.10e-05	7.55e-04	1.16e-02	6.89e-02	1.54e-01	1.48e-01	1.38e-01	3.63e-01	1.06e-01	9.63e-03
 1.89887e+23	1.85e-23	2.78e-17	3.30e-14	5.86e-12	4.00e-08	1.28e-05	8.62e-04	1.30e-02	7.49e-02	1.62e-01	1.52e-01	1.38e-01	3.51e-01	9.90e-02	8.68e-03
 1.90499e+23	2.27e-23	3.32e-17	3.85e-14	6.62e-12	4.48e-08	1.42e-05	9.49e-04	1.41e-02	7.95e-02	1.69e-01	1.54e-01	1.37e-01	3.43e-01	9.41e-02	8.05e-03
 1.91113e+23	6.17e-24	4.21e-17	4.69e-14	7.72e-12	5.18e-08	1.63e-05	1.08e-03	1.57e-02	8.62e-02	1.78e-01	1.58e-01	1.37e-01	3.30e-01	8.75e-02	7.22e-03
 1.91735e+23	7.66e-24	5.04e-17	5.48e-14	8.75e-12	5.82e-08	1.82e-05	1.19e-03	1.70e-02	9.13e-02	1.85e-01	1.60e-01	1.36e-01	3.21e-01	8.29e-02	6.67e-03
 1.92370e+23	1.02e-23	6.38e-17	6.69e-14	1.02e-11	6.72e-08	2.08e-05	1.34e-03	1.89e-02	9.84e-02	1.93e-01	1.63e-01	1.34e-01	3.08e-01	7.69e-02	5.98e-03
 1.93026e+23	1.29e-23	7.75e-17	7.89e-14	1.17e-11	7.57e-08	2.33e-05	1.48e-03	2.05e-02	1.04e-01	2.01e-01	1.65e-01	1.33e-01	2.98e-01	7.22e-02	5.45e-03
 1.93708e+23	1.72e-23	9.88e-17	9.71e-14	1.38e-11	8.78e-08	2.68e-05	1.68e-03	2.27e-02	1.12e-01	2.10e-01	1.67e-01	1.31e-01	2.85e-01	6.66e-02	4.86e-03
 1.94415e+23	2.21e-23	1.21e-16	1.16e-13	1.58e-11	9.95e-08	3.01e-05	1.86e-03	2.48e-02	1.19e-01	2.17e-01	1.68e-01	1.29e-01	2.73e-01	6.20e-02	4.39e-03
 1.95153e+23	3.01e-23	1.57e-16	1.44e-13	1.89e-11	1.16e-07	3.47e-05	2.12e-03	2.75e-02	1.28e-01	2.26e-01	1.70e-01	1.26e-01	2.60e-01	5.67e-02	3.87e-03
 1.95913e+23	3.90e-23	1.94e-16	1.74e-13	2.19e-11	1.32e-07	3.91e-05	2.35e-03	3.00e-02	1.36e-01	2.34e-01	1.71e-01	1.24e-01	2.48e-01	5.25e-02	3.47e-03
 1.96703e+23	5.38e-23	2.54e-16	2.18e-13	2.63e-11	1.55e-07	4.52e-05	2.67e-03	3.33e-02	1.46e-01	2.43e-01	1.71e-01	1.20e-01	2.34e-01	4.75e-02	3.02e-03
 1.97521e+23	7.08e-23	3.18e-16	2.65e-13	3.08e-11	1.78e-07	5.12e-05	2.98e-03	3.63e-02	1.54e-01	2.50e-01	1.71e-01	1.17e-01	2.22e-01	4.36e-02	2.68e-03
 1.98261e+23	9.22e-23	3.96e-16	3.20e-13	3.58e-11	2.02e-07	5.75e-05	3.30e-03	3.94e-02	1.63e-01	2.57e-01	1.71e-01	1.14e-01	2.10e-01	4.00e-02	2.38e-03
 1.99110e+23	1.29e-22	5.22e-16	4.07e-13	4.34e-11	2.38e-07	6.67e-05	3.74e-03	4.36e-02	1.74e-01	2.65e-01	1.70e-01	1.10e-01	1.96e-01	3.58e-02	2.04e-03
 1.99976e+23	1.70e-22	6.56e-16	4.95e-13	5.08e-11	2.72e-07	7.52e-05	4.15e-03	4.73e-02	1.83e-01	2.71e-01	1.69e-01	1.06e-01	1.84e-01	3.25e-02	1.79e-03
 2.00749e+23	2.22e-22	8.17e-16	6.00e-13	5.94e-11	3.09e-07	8.44e-05	4.58e-03	5.11e-02	1.92e-01	2.76e-01	1.68e-01	1.03e-01	1.74e-01	2.96e-02	1.58e-03
 2.01637e+23	3.15e-22	1.09e-15	7.67e-13	7.21e-11	3.63e-07	9.76e-05	5.20e-03	5.66e-02	2.05e-01	2.83e-01	1.65e-01	9.82e-02	1.60e-01	2.60e-02	1.33e-03
 2.02533e+23	3.23e-22	1.36e-15	9.29e-13	8.42e-11	4.13e-07	1.09e-04	5.72e-03	6.09e-02	2.14e-01	2.88e-01	1.63e-01	9.45e-02	1.50e-01	2.36e-02	1.17e-03
 2.03437e+23	4.60e-22	1.81e-15	1.19e-12	1.02e-10	4.83e-07	1.26e-04	6.47e-03	6.71e-02	2.26e-01	2.93e-01	1.59e-01	8.96e-02	1.37e-01	2.06e-02	9.70e-04
 2.04352e+23	6.05e-22	2.27e-15	1.44e-12	1.19e-10	5.47e-07	1.41e-04	7.11e-03	7.21e-02	2.36e-01	2.96e-01	1.56e-01	8.57e-02	1.27e-01	1.85e-02	8.42e-04
 2.05282e+23	8.65e-22	3.04e-15	1.85e-12	1.45e-10	6.38e-07	1.62e-04	8.01e-03	7.91e-02	2.48e-01	3.00e-01	1.52e-01	8.06e-02	1.15e-01	1.60e-02	6.94e-04
 2.06171e+23	1.11e-21	3.72e-15	2.19e-12	1.66e-10	7.11e-07	1.78e-04	8.69e-03	8.41e-02	2.57e-01	3.02e-01	1.49e-01	7.72e-02	1.07e-01	1.44e-02	6.07e-04
 2.07006e+23	1.53e-21	4.83e-15	2.73e-12	1.96e-10	8.11e-07	2.00e-04	9.63e-03	9.11e-02	2.67e-01	3.04e-01	1.44e-01	7.27e-02	9.78e-02	1.26e-02	5.07e-04
 2.07847e+23	1.95e-21	5.90e-15	3.23e-12	2.24e-10	9.01e-07	2.20e-04	1.04e-02	9.66e-02	2.76e-01	3.04e-01	1.41e-01	6.93e-02	9.09e-02	1.13e-02	4.41e-04
 2.08695e+23	2.71e-21	7.69e-15	4.03e-12	2.66e-10	1.02e-06	2.47e-04	1.15e-02	1.04e-01	2.86e-01	3.05e-01	1.36e-01	6.49e-02	8.21e-02	9.76e-03	3.64e-04
 2.09552e+23	3.50e-21	9.46e-15	4.79e-12	3.04e-10	1.13e-06	2.70e-04	1.24e-02	1.11e-01	2.94e-01	3.04e-01	1.32e-01	6.16e-02	7.57e-02	8.70e-03	3.14e-04
 2.10421e+23	4.90e-21	1.24e-14	5.99e-12	3.60e-10	1.29e-06	3.03e-04	1.37e-02	1.19e-01	3.05e-01	3.03e-01	1.26e-01	5.73e-02	6.79e-02	7.44e-03	2.56e-04
 2.11301e+23	6.37e-21	1.53e-14	7.15e-12	4.13e-10	1.43e-06	3.32e-04	1.48e-02	1.26e-01	3.12e-01	3.02e-01	1.22e-01	5.41e-02	6.22e-02	6.58e-03	2.18e-04
 2.12195e+23	9.03e-21	2.03e-14	8.99e-12	4.91e-10	1.61e-06	3.71e-04	1.63e-02	1.36e-01	3.22e-01	2.99e-01	1.16e-01	4.99e-02	5.52e-02	5.55e-03	1.76e-04
 2.13102e+23	1.19e-20	2.53e-14	1.08e-11	5.64e-10	1.79e-06	4.06e-04	1.76e-02	1.44e-01	3.29e-01	2.96e-01	1.11e-01	4.69e-02	5.02e-02	4.87e-03	1.48e-04
 2.14025e+23	1.71e-20	3.38e-14	1.36e-11	6.73e-10	2.03e-06	4.54e-04	1.94e-02	1.55e-01	3.38e-01	2.91e-01	1.05e-01	4.30e-02	4.42e-02	4.06e-03	1.18e-04
 2.14968e+23	2.30e-20	4.28e-14	1.65e-11	7.78e-10	2.25e-06	4.97e-04	2.09e-02	1.64e-01	3.45e-01	2.87e-01	9.95e-02	4.00e-02	3.97e-02	3.50e-03	9.73e-05
 2.15937e+23	3.40e-20	5.82e-14	2.11e-11	9.38e-10	2.56e-06	5.58e-04	2.31e-02	1.77e-01	3.53e-01	2.80e-01	9.29e-02	3.63e-02	3.44e-02	2.88e-03	7.56e-05
 2.16926e+23	4.68e-20	7.47e-14	2.58e-11	1.09e-09	2.85e-06	6.12e-04	2.50e-02	1.88e-01	3.59e-01	2.74e-01	8.76e-02	3.35e-02	3.06e-02	2.45e-03	6.15e-05
 2.17904e+23	6.97e-20	1.02e-13	3.30e-11	1.31e-09	3.24e-06	6.85e-04	2.74e-02	2.01e-01	3.65e-01	2.66e-01	8.12e-02	3.03e-02	2.64e-02	2.00e-03	4.76e-05
 2.18833e+23	9.37e-20	1.27e-13	3.96e-11	1.51e-09	3.56e-06	7.43e-04	2.93e-02	2.11e-01	3.69e-01	2.60e-01	7.67e-02	2.81e-02	2.37e-02	1.72e-03	3.94e-05
 2.19735e+23	1.40e-19	1.71e-13	5.02e-11	1.81e-09	4.03e-06	8.26e-04	3.20e-02	2.25e-01	3.73e-01	2.51e-01	7.09e-02	2.53e-02	2.04e-02	1.41e-03	3.06e-05
 2.20654e+23	1.94e-19	2.18e-13	6.08e-11	2.10e-09	4.46e-06	9.00e-04	3.43e-02	2.37e-01	3.76e-01	2.43e-01	6.63e-02	2.33e-02	1.81e-02	1.20e-03	2.49e-05
 2.21552e+23	2.92e-19	2.91e-13	7.67e-11	2.51e-09	5.05e-06	9.97e-04	3.72e-02	2.51e-01	3.78e-01	2.34e-01	6.11e-02	2.10e-02	1.56e-02	9.79e-04	1.94e-05
 2.22468e+23	4.23e-19	3.76e-13	9.41e-11	2.94e-09	5.65e-06	1.09e-03	4.00e-02	2.64e-01	3.79e-01	2.25e-01	5.66e-02	1.92e-02	1.37e-02	8.20e-04	1.55e-05
 2.23363e+23	6.53e-19	4.99e-13	1.18e-10	3.52e-09	6.39e-06	1.21e-03	4.33e-02	2.79e-01	3.80e-01	2.15e-01	5.19e-02	1.73e-02	1.18e-02	6.73e-04	1.21e-05
 2.24275e+23	1.01e-18	6.55e-13	1.47e-10	4.18e-09	7.21e-06	1.33e-03	4.66e-02	2.93e-01	3.79e-01	2.06e-01	4.77e-02	1.57e-02	1.03e-02	5.57e-04	9.55e-06
 2.25179e+23	1.65e-18	8.68e-13	1.84e-10	5.01e-09	8.20e-06	1.47e-03	5.02e-02	3.08e-01	3.78e-01	1.96e-01	4.36e-02	1.41e-02	8.83e-03	4.56e-04	7.45e-06
 2.26088e+23	2.69e-18	1.15e-12	2.31e-10	6.01e-09	9.32e-06	1.62e-03	5.41e-02	3.23e-01	3.75e-01	1.86e-01	3.97e-02	1.27e-02	7.60e-03	3.74e-04	5.83e-06
 2.26987e+23	4.33e-18	1.51e-12	2.89e-10	7.21e-09	1.06e-05	1.80e-03	5.81e-02	3.38e-01	3.72e-01	1.76e-01	3.61e-02	1.14e-02	6.53e-03	3.06e-04	4.55e-06
 2.27885e+23	6.54e-18	2.00e-12	3.63e-10	8.69e-09	1.21e-05	1.99e-03	6.25e-02	3.53e-01	3.68e-01	1.66e-01	3.28e-02	1.02e-02	5.60e-03	2.50e-04	3.54e-06
 2.28784e+23	9.26e-18	2.65e-12	4.56e-10	1.05e-08	1.39e-05	2.20e-03	6.71e-02	3.69e-01	3.62e-01	1.56e-01	2.96e-02	9.10e-03	4.78e-03	2.04e-04	2.75e-06
 2.29688e+23	1.28e-17	3.50e-12	5.73e-10	1.27e-08	1.60e-05	2.44e-03	7.20e-02	3.84e-01	3.56e-01	1.46e-01	2.67e-02	8.11e-03	4.08e-03	1.65e-04	2.13e-06
 2.30597e+23	1.75e-17	4.63e-12	7.23e-10	1.54e-08	1.84e-05	2.71e-03	7.73e-02	3.99e-01	3.50e-01	1.37e-01	2.40e-02	7.21e-03	3.47e-03	1.34e-04	1.64e-06
 2.31515e+23	2.39e-17	6.14e-12	9.12e-10	1.88e-08	2.13e-05	3.00e-03	8.29e-02	4.14e-01	3.42e-01	1.27e-01	2.15e-02	6.39e-03	2.94e-03	1.08e-04	1.26e-06
 2.32445e+23	3.05e-17	8.14e-12	1.15e-09	2.29e-08	2.46e-05	3.34e-03	8.88e-02	4.29e-01	3.33e-01	1.18e-01	1.92e-02	5.64e-03	2.48e-03	8.68e-05	9.66e-07
 2.33379e+23	4.13e-17	1.07e-11	1.46e-09	2.80e-08	2.85e-05	3.71e-03	9.50e-02	4.43e-01	3.25e-01	1.10e-01	1.71e-02	4.98e-03	2.09e-03	6.98e-05	7.40e-07
 2.34329e+23	5.33e-17	1.43e-11	1.85e-09	3.44e-08	3.32e-05	4.13e-03	1.02e-01	4.57e-01	3.15e-01	1.01e-01	1.52e-02	4.37e-03	1.75e-03	5.56e-05	5.61e-07
 2.35290e+23	7.20e-17	1.88e-11	2.34e-09	4.21e-08	3.85e-05	4.58e-03	1.09e-01	4.70e-01	3.05e-01	9.35e-02	1.34e-02	3.84e-03	1.47e-03	4.44e-05	4.27e-07
 2.36271e+23	9.83e-17	2.51e-11	2.98e-09	5.20e-08	4.50e-05	5.11e-03	1.16e-01	4.83e-01	2.94e-01	8.57e-02	1.18e-02	3.34e-03	1.22e-03	3.50e-05	3.20e-07
 2.37183e+23	1.26e-16	3.16e-11	3.63e-09	6.17e-08	5.10e-05	5.57e-03	1.22e-01	4.93e-01	2.85e-01	7.98e-02	1.07e-02	2.98e-03	1.05e-03	2.89e-05	2.53e-07
 2.38124e+23	1.73e-16	4.23e-11	4.67e-09	7.69e-08	6.01e-05	6.23e-03	1.31e-01	5.05e-01	2.73e-01	7.26e-02	9.28e-03	2.57e-03	8.59e-04	2.24e-05	1.87e-07
 2.39082e+23	2.21e-16	5.32e-11	5.69e-09	9.15e-08	6.82e-05	6.80e-03	1.38e-01	5.13e-01	2.63e-01	6.73e-02	8.32e-03	2.28e-03	7.35e-04	1.84e-05	1.47e-07
 2.40061e+23	3.03e-16	7.16e-11	7.35e-09	1.15e-07	8.06e-05	7.61e-03	1.47e-01	5.24e-01	2.50e-01	6.07e-02	7.20e-03	1.95e-03	5.97e-04	1.41e-05	0.00e+00
 2.41045e+23	3.84e-16	8.92e-11	8.90e-09	1.36e-07	9.13e-05	8.28e-03	1.55e-01	5.31e-01	2.41e-01	5.62e-02	6.45e-03	1.73e-03	5.10e-04	1.16e-05	0.00e+00
 2.42035e+23	5.20e-16	1.19e-10	1.14e-08	1.70e-07	1.07e-04	9.24e-03	1.64e-01	5.39e-01	2.29e-01	5.07e-02	5.57e-03	1.48e-03	4.14e-04	8.92e-06	0.00e+00
 2.43031e+23	6.55e-16	1.47e-10	1.38e-08	2.01e-07	1.22e-04	1.00e-02	1.72e-01	5.45e-01	2.19e-01	4.68e-02	4.98e-03	1.31e-03	3.53e-04	7.29e-06	0.00e+00
 2.44035e+23	8.78e-16	1.95e-10	1.77e-08	2.50e-07	1.43e-04	1.12e-02	1.83e-01	5.51e-01	2.07e-01	4.21e-02	4.30e-03	1.11e-03	2.86e-04	5.60e-06	0.00e+00
 2.45048e+23	1.10e-15	2.41e-10	2.13e-08	2.96e-07	1.62e-04	1.21e-02	1.91e-01	5.55e-01	1.98e-01	3.87e-02	3.84e-03	9.84e-04	2.44e-04	4.57e-06	0.00e+00
 2.46072e+23	1.46e-15	3.16e-10	2.72e-08	3.68e-07	1.89e-04	1.34e-02	2.02e-01	5.59e-01	1.86e-01	3.47e-02	3.30e-03	8.35e-04	1.97e-04	3.50e-06	0.00e+00
 2.47109e+23	1.83e-15	3.90e-10	3.28e-08	4.36e-07	2.14e-04	1.45e-02	2.10e-01	5.61e-01	1.78e-01	3.19e-02	2.94e-03	7.34e-04	1.67e-04	2.84e-06	0.00e+00
 2.48164e+23	2.42e-15	5.10e-10	4.18e-08	5.43e-07	2.51e-04	1.61e-02	2.22e-01	5.64e-01	1.67e-01	2.85e-02	2.52e-03	6.20e-04	1.34e-04	2.16e-06	0.00e+00
 2.49236e+23	3.02e-15	6.30e-10	5.05e-08	6.43e-07	2.84e-04	1.75e-02	2.31e-01	5.64e-01	1.58e-01	2.61e-02	2.23e-03	5.43e-04	1.13e-04	1.74e-06	0.00e+00
 2.50332e+23	3.96e-15	8.24e-10	6.44e-08	8.03e-07	3.34e-04	1.94e-02	2.43e-01	5.64e-01	1.47e-01	2.32e-02	1.90e-03	4.56e-04	9.04e-05	1.32e-06	0.00e+00
 2.51452e+23	4.95e-15	1.02e-09	7.81e-08	9.56e-07	3.79e-04	2.10e-02	2.53e-01	5.63e-01	1.39e-01	2.11e-02	1.68e-03	3.97e-04	7.57e-05	1.05e-06	0.00e+00
 2.52602e+23	6.56e-15	1.34e-09	1.00e-07	1.20e-06	4.46e-04	2.33e-02	2.66e-01	5.61e-01	1.29e-01	1.87e-02	1.42e-03	3.31e-04	6.00e-05	7.88e-07	0.00e+00
 2.53780e+23	8.22e-15	1.66e-09	1.22e-07	1.43e-06	5.07e-04	2.52e-02	2.76e-01	5.58e-01	1.22e-01	1.69e-02	1.25e-03	2.86e-04	4.98e-05	6.25e-07	0.00e+00
 2.54771e+23	9.99e-15	2.00e-09	1.45e-07	1.68e-06	5.68e-04	2.71e-02	2.85e-01	5.55e-01	1.15e-01	1.55e-02	1.11e-03	2.52e-04	4.23e-05	5.10e-07	0.00e+00
 2.55837e+23	1.28e-14	2.54e-09	1.81e-07	2.05e-06	6.57e-04	2.96e-02	2.97e-01	5.50e-01	1.07e-01	1.39e-02	9.56e-04	2.13e-04	3.42e-05	3.91e-07	0.00e+00
 2.56920e+23	1.56e-14	3.06e-09	2.15e-07	2.40e-06	7.36e-04	3.18e-02	3.06e-01	5.46e-01	1.01e-01	1.27e-02	8.48e-04	1.86e-04	2.89e-05	3.17e-07	0.00e+00
 2.57859e+23	1.87e-14	3.65e-09	2.53e-07	2.79e-06	8.19e-04	3.40e-02	3.15e-01	5.42e-01	9.56e-02	1.16e-02	7.57e-04	1.64e-04	2.47e-05	2.60e-07	0.00e+00
 2.58910e+23	2.35e-14	4.58e-09	3.13e-07	3.40e-06	9.42e-04	3.70e-02	3.27e-01	5.35e-01	8.87e-02	1.04e-02	6.52e-04	1.39e-04	2.00e-05	2.00e-07	0.00e+00
 2.59958e+23	2.82e-14	5.42e-09	3.67e-07	3.92e-06	1.04e-03	3.94e-02	3.36e-01	5.29e-01	8.40e-02	9.59e-03	5.85e-04	1.23e-04	1.72e-05	1.65e-07	0.00e+00
 2.61004e+23	3.52e-14	6.75e-09	4.50e-07	4.74e-06	1.19e-03	4.28e-02	3.47e-01	5.22e-01	7.79e-02	8.58e-03	5.05e-04	1.05e-04	1.40e-05	1.28e-07	0.00e+00
 2.62065e+23	4.21e-14	8.01e-09	5.28e-07	5.48e-06	1.32e-03	4.55e-02	3.56e-01	5.15e-01	7.35e-02	7.88e-03	4.51e-04	9.23e-05	1.19e-05	0.00e+00	0.00e+00
 2.63146e+23	5.28e-14	9.97e-09	6.50e-07	6.64e-06	1.52e-03	4.94e-02	3.67e-01	5.06e-01	6.79e-02	7.03e-03	3.88e-04	7.81e-05	9.66e-06	0.00e+00	0.00e+00
 2.64245e+23	6.34e-14	1.19e-08	7.65e-07	7.68e-06	1.68e-03	5.25e-02	3.76e-01	4.99e-01	6.39e-02	6.44e-03	3.46e-04	6.87e-05	8.22e-06	0.00e+00	0.00e+00
 2.65368e+23	7.95e-14	1.48e-08	9.45e-07	9.36e-06	1.93e-03	5.71e-02	3.88e-01	4.88e-01	5.88e-02	5.72e-03	2.96e-04	5.77e-05	6.60e-06	0.00e+00	0.00e+00
 2.66509e+23	9.57e-14	1.77e-08	1.11e-06	1.09e-05	2.14e-03	6.07e-02	3.97e-01	4.80e-01	5.51e-02	5.23e-03	2.63e-04	5.05e-05	5.59e-06	0.00e+00	0.00e+00
 2.67673e+23	1.20e-13	2.21e-08	1.38e-06	1.33e-05	2.47e-03	6.59e-02	4.08e-01	4.68e-01	5.04e-02	4.62e-03	2.23e-04	4.22e-05	4.47e-06	0.00e+00	0.00e+00
 2.68866e+23	1.45e-13	2.65e-08	1.64e-06	1.55e-05	2.75e-03	7.02e-02	4.17e-01	4.59e-01	4.70e-02	4.20e-03	1.97e-04	3.67e-05	3.75e-06	0.00e+00	0.00e+00
 2.70094e+23	1.84e-13	3.34e-08	2.04e-06	1.90e-05	3.17e-03	7.63e-02	4.28e-01	4.46e-01	4.28e-02	3.69e-03	1.66e-04	3.05e-05	2.97e-06	0.00e+00	0.00e+00
 2.71354e+23	2.24e-13	4.03e-08	2.44e-06	2.23e-05	3.55e-03	8.14e-02	4.37e-01	4.35e-01	3.97e-02	3.34e-03	1.46e-04	2.63e-05	2.46e-06	0.00e+00	0.00e+00
 2.72652e+23	2.86e-13	5.12e-08	3.06e-06	2.76e-05	4.11e-03	8.84e-02	4.48e-01	4.21e-01	3.59e-02	2.92e-03	1.22e-04	2.16e-05	1.93e-06	0.00e+00	0.00e+00
 2.73964e+23	3.49e-13	6.18e-08	3.66e-06	3.23e-05	4.59e-03	9.41e-02	4.56e-01	4.10e-01	3.32e-02	2.63e-03	1.07e-04	1.86e-05	1.60e-06	0.00e+00	0.00e+00
 2.75292e+23	4.45e-13	7.84e-08	4.60e-06	4.01e-05	5.31e-03	1.02e-01	4.66e-01	3.94e-01	2.98e-02	2.29e-03	8.89e-05	1.52e-05	1.24e-06	0.00e+00	0.00e+00
 2.76635e+23	5.45e-13	9.47e-08	5.49e-06	4.69e-05	5.92e-03	1.09e-01	4.73e-01	3.83e-01	2.75e-02	2.07e-03	7.76e-05	1.31e-05	1.03e-06	0.00e+00	0.00e+00
 2.77997e+23	6.93e-13	1.20e-07	6.91e-06	5.82e-05	6.86e-03	1.18e-01	4.82e-01	3.67e-01	2.46e-02	1.79e-03	6.43e-05	1.07e-05	7.96e-07	0.00e+00	0.00e+00
 2.79323e+23	8.34e-13	1.43e-07	8.15e-06	6.75e-05	7.59e-03	1.24e-01	4.88e-01	3.56e-01	2.28e-02	1.62e-03	5.64e-05	9.23e-06	6.66e-07	0.00e+00	0.00e+00
 2.80603e+23	1.05e-12	1.78e-07	1.00e-05	8.16e-05	8.64e-03	1.33e-01	4.94e-01	3.41e-01	2.05e-02	1.42e-03	4.76e-05	7.67e-06	5.27e-07	0.00e+00	0.00e+00
 2.81952e+23	1.28e-12	2.16e-07	1.21e-05	9.66e-05	9.68e-03	1.42e-01	5.00e-01	3.29e-01	1.87e-02	1.27e-03	4.09e-05	6.50e-06	4.29e-07	0.00e+00	0.00e+00
 2.83093e+23	1.50e-12	2.52e-07	1.40e-05	1.11e-04	1.06e-02	1.49e-01	5.04e-01	3.18e-01	1.73e-02	1.16e-03	3.62e-05	5.67e-06	3.62e-07	0.00e+00	0.00e+00
 2.84276e+23	1.85e-12	3.06e-07	1.68e-05	1.31e-04	1.19e-02	1.58e-01	5.08e-01	3.05e-01	1.57e-02	1.03e-03	3.10e-05	4.79e-06	2.93e-07	0.00e+00	0.00e+00
