#depth	C	C+	C+2	C+3	C+4	C+5	C+6	C[1]	C[2]	C[3]	C+[1]	C+[2]	CO
 1.54284e+22	0.00e+00	1.08e-25	2.09e-19	4.70e-14	1.28e-08	1.94e-04	1.00e+00	0.00e+00	0.00e+00	0.00e+00	0.00e+00	0.00e+00	2.57e-99
 3.56999e+22	0.00e+00	5.68e-25	8.05e-19	1.32e-13	2.52e-08	2.69e-04	1.00e+00	0.00e+00	0.00e+00	0.00e+00	0.00e+00	0.00e+00	4.93e-99
 4.40870e+22	1.45e-32	1.86e-24	2.10e-18	2.76e-13	4.10e-08	3.39e-04	1.00e+00	0.00e+00	0.00e+00	0.00e+00	0.00e+00	0.00e+00	6.97e-91
 5.04663e+22	4.44e-32	4.77e-24	4.52e-18	4.98e-13	6.03e-08	4.08e-04	1.00e+00	0.00e+00	0.00e+00	0.00e+00	0.00e+00	0.00e+00	3.39e-89
 5.40104e+22	5.89e-32	6.05e-24	5.50e-18	5.80e-13	6.66e-08	4.28e-04	1.00e+00	0.00e+00	0.00e+00	0.00e+00	0.00e+00	0.00e+00	2.44e-88
 5.54194e+22	7.76e-32	7.62e-24	6.64e-18	6.70e-13	7.33e-08	4.48e-04	1.00e+00	0.00e+00	0.00e+00	0.00e+00	0.00e+00	0.00e+00	2.05e-88
 5.70299e+22	1.10e-31	1.02e-23	8.42e-18	8.05e-13	8.26e-08	4.74e-04	1.00e+00	0.00e+00	0.00e+00	0.00e+00	0.00e+00	0.00e+00	1.55e-87
 5.85615e+22	1.42e-31	1.27e-23	1.01e-17	9.22e-13	9.04e-08	4.95e-04	1.00e+00	0.00e+00	0.00e+00	0.00e+00	0.00e+00	0.00e+00	3.77e-87
 5.97709e+22	1.80e-31	1.55e-23	1.18e-17	1.04e-12	9.81e-08	5.15e-04	9.99e-01	0.00e+00	0.00e+00	0.00e+00	0.00e+00	0.00e+00	5.87e-87
 6.11235e+22	2.38e-31	1.96e-23	1.43e-17	1.21e-12	1.08e-07	5.39e-04	9.99e-01	0.00e+00	0.00e+00	0.00e+00	0.00e+00	0.00e+00	1.56e-86
 6.25777e+22	3.10e-31	2.44e-23	1.71e-17	1.40e-12	1.19e-07	5.63e-04	9.99e-01	0.00e+00	0.00e+00	0.00e+00	0.00e+00	0.00e+00	2.18e-86
 6.38925e+22	3.98e-31	3.02e-23	2.03e-17	1.59e-12	1.29e-07	5.87e-04	9.99e-01	0.00e+00	0.00e+00	0.00e+00	0.00e+00	0.00e+00	4.08e-86
 6.51294e+22	5.08e-31	3.70e-23	2.40e-17	1.81e-12	1.41e-07	6.11e-04	9.99e-01	0.00e+00	0.00e+00	0.00e+00	0.00e+00	0.00e+00	3.17e-86
 6.65362e+22	6.84e-31	4.75e-23	2.95e-17	2.12e-12	1.56e-07	6.42e-04	9.99e-01	0.00e+00	0.00e+00	0.00e+00	0.00e+00	0.00e+00	3.66e-86
 6.79914e+22	8.88e-31	5.92e-23	3.52e-17	2.44e-12	1.71e-07	6.70e-04	9.99e-01	0.00e+00	0.00e+00	0.00e+00	0.00e+00	0.00e+00	2.97e-85
 6.92894e+22	1.14e-30	7.32e-23	4.18e-17	2.78e-12	1.87e-07	6.99e-04	9.99e-01	0.00e+00	0.00e+00	0.00e+00	0.00e+00	0.00e+00	3.02e-85
 7.04644e+22	1.43e-30	8.81e-23	4.86e-17	3.13e-12	2.02e-07	7.25e-04	9.99e-01	0.00e+00	0.00e+00	0.00e+00	0.00e+00	0.00e+00	1.14e-84
 7.15280e+22	1.74e-30	1.04e-22	5.58e-17	3.48e-12	2.16e-07	7.49e-04	9.99e-01	0.00e+00	0.00e+00	0.00e+00	0.00e+00	0.00e+00	1.62e-84
 7.27393e+22	2.22e-30	1.28e-22	6.60e-17	3.97e-12	2.36e-07	7.80e-04	9.99e-01	0.00e+00	0.00e+00	0.00e+00	0.00e+00	0.00e+00	2.87e-84
 7.40501e+22	2.84e-30	1.57e-22	7.79e-17	4.51e-12	2.56e-07	8.12e-04	9.99e-01	0.00e+00	0.00e+00	0.00e+00	0.00e+00	0.00e+00	4.15e-84
 7.52362e+22	3.55e-30	1.90e-22	9.09e-17	5.08e-12	2.77e-07	8.43e-04	9.99e-01	0.00e+00	0.00e+00	0.00e+00	0.00e+00	0.00e+00	2.94e-84
 7.65242e+22	4.63e-30	2.37e-22	1.09e-16	5.86e-12	3.05e-07	8.81e-04	9.99e-01	0.00e+00	0.00e+00	0.00e+00	0.00e+00	0.00e+00	1.76e-83
 7.78378e+22	5.89e-30	2.91e-22	1.28e-16	6.65e-12	3.31e-07	9.17e-04	9.99e-01	0.00e+00	0.00e+00	0.00e+00	0.00e+00	0.00e+00	1.57e-83
 7.89424e+22	7.27e-30	3.47e-22	1.48e-16	7.43e-12	3.56e-07	9.50e-04	9.99e-01	0.00e+00	0.00e+00	0.00e+00	0.00e+00	0.00e+00	4.77e-83
 8.01360e+22	9.27e-30	4.26e-22	1.75e-16	8.46e-12	3.88e-07	9.89e-04	9.99e-01	0.00e+00	0.00e+00	0.00e+00	0.00e+00	0.00e+00	4.02e-83
 8.14243e+22	1.18e-29	5.21e-22	2.06e-16	9.61e-12	4.23e-07	1.03e-03	9.99e-01	0.00e+00	0.00e+00	0.00e+00	0.00e+00	0.00e+00	1.57e-82
 8.25207e+22	1.44e-29	6.16e-22	2.36e-16	1.07e-11	4.53e-07	1.06e-03	9.99e-01	0.00e+00	0.00e+00	0.00e+00	0.00e+00	0.00e+00	3.53e-82
 8.34764e+22	1.73e-29	7.17e-22	2.68e-16	1.18e-11	4.83e-07	1.10e-03	9.99e-01	0.00e+00	0.00e+00	0.00e+00	0.00e+00	0.00e+00	4.06e-82
 8.45639e+22	2.15e-29	8.61e-22	3.10e-16	1.32e-11	5.21e-07	1.14e-03	9.99e-01	0.00e+00	0.00e+00	0.00e+00	0.00e+00	0.00e+00	4.99e-82
 8.57479e+22	2.67e-29	1.03e-21	3.60e-16	1.48e-11	5.62e-07	1.18e-03	9.99e-01	0.00e+00	0.00e+00	0.00e+00	0.00e+00	0.00e+00	1.36e-81
 8.68423e+22	3.28e-29	1.23e-21	4.14e-16	1.65e-11	6.05e-07	1.22e-03	9.99e-01	0.00e+00	0.00e+00	0.00e+00	0.00e+00	0.00e+00	2.29e-81
 8.78831e+22	4.01e-29	1.45e-21	4.75e-16	1.84e-11	6.49e-07	1.26e-03	9.99e-01	0.00e+00	0.00e+00	0.00e+00	0.00e+00	0.00e+00	4.47e-81
 8.89018e+22	4.87e-29	1.71e-21	5.42e-16	2.03e-11	6.94e-07	1.31e-03	9.99e-01	0.00e+00	0.00e+00	0.00e+00	0.00e+00	0.00e+00	7.21e-81
 9.00591e+22	6.13e-29	2.08e-21	6.35e-16	2.30e-11	7.54e-07	1.36e-03	9.99e-01	0.00e+00	0.00e+00	0.00e+00	0.00e+00	0.00e+00	2.33e-80
 9.12700e+22	7.67e-29	2.50e-21	7.38e-16	2.58e-11	8.15e-07	1.41e-03	9.99e-01	0.00e+00	0.00e+00	0.00e+00	0.00e+00	0.00e+00	4.05e-80
 9.23165e+22	9.33e-29	2.95e-21	8.43e-16	2.87e-11	8.73e-07	1.46e-03	9.99e-01	0.00e+00	0.00e+00	0.00e+00	0.00e+00	0.00e+00	6.59e-80
 9.34427e+22	1.17e-28	3.57e-21	9.86e-16	3.24e-11	9.47e-07	1.51e-03	9.98e-01	0.00e+00	0.00e+00	0.00e+00	0.00e+00	0.00e+00	1.16e-79
 9.46425e+22	1.47e-28	4.31e-21	1.15e-15	3.64e-11	1.02e-06	1.57e-03	9.98e-01	0.00e+00	0.00e+00	0.00e+00	0.00e+00	0.00e+00	2.03e-79
 9.56644e+22	1.76e-28	5.02e-21	1.30e-15	4.01e-11	1.09e-06	1.62e-03	9.98e-01	0.00e+00	0.00e+00	0.00e+00	0.00e+00	0.00e+00	3.20e-79
 9.67196e+22	2.18e-28	6.01e-21	1.50e-15	4.49e-11	1.18e-06	1.68e-03	9.98e-01	0.00e+00	0.00e+00	0.00e+00	0.00e+00	0.00e+00	5.44e-79
 9.78505e+22	2.68e-28	7.13e-21	1.72e-15	5.00e-11	1.27e-06	1.74e-03	9.98e-01	0.00e+00	0.00e+00	0.00e+00	0.00e+00	0.00e+00	9.09e-79
 9.88862e+22	3.25e-28	8.38e-21	1.97e-15	5.53e-11	1.35e-06	1.80e-03	9.98e-01	0.00e+00	0.00e+00	0.00e+00	0.00e+00	0.00e+00	1.47e-78
 1.00039e+23	4.10e-28	1.02e-20	2.30e-15	6.26e-11	1.47e-06	1.87e-03	9.98e-01	0.00e+00	0.00e+00	0.00e+00	0.00e+00	0.00e+00	2.62e-78
 1.01251e+23	5.12e-28	1.22e-20	2.67e-15	7.01e-11	1.59e-06	1.94e-03	9.98e-01	0.00e+00	0.00e+00	0.00e+00	0.00e+00	0.00e+00	4.55e-78
 1.02267e+23	6.18e-28	1.43e-20	3.03e-15	7.72e-11	1.70e-06	2.01e-03	9.98e-01	0.00e+00	0.00e+00	0.00e+00	0.00e+00	0.00e+00	7.26e-78
 1.03175e+23	7.36e-28	1.65e-20	3.40e-15	8.46e-11	1.80e-06	2.07e-03	9.98e-01	0.00e+00	0.00e+00	0.00e+00	0.00e+00	0.00e+00	1.12e-77
 1.04216e+23	9.07e-28	1.97e-20	3.92e-15	9.44e-11	1.94e-06	2.14e-03	9.98e-01	0.00e+00	0.00e+00	0.00e+00	0.00e+00	0.00e+00	1.89e-77
 1.05342e+23	1.11e-27	2.33e-20	4.48e-15	1.05e-10	2.08e-06	2.22e-03	9.98e-01	0.00e+00	0.00e+00	0.00e+00	0.00e+00	0.00e+00	3.13e-77
 1.06395e+23	1.36e-27	2.75e-20	5.12e-15	1.16e-10	2.23e-06	2.30e-03	9.98e-01	0.00e+00	0.00e+00	0.00e+00	0.00e+00	0.00e+00	5.16e-77
 1.07420e+23	1.65e-27	3.24e-20	5.84e-15	1.28e-10	2.40e-06	2.38e-03	9.98e-01	0.00e+00	0.00e+00	0.00e+00	0.00e+00	0.00e+00	8.45e-77
 1.08591e+23	2.09e-27	3.94e-20	6.83e-15	1.45e-10	2.60e-06	2.47e-03	9.98e-01	0.00e+00	0.00e+00	0.00e+00	0.00e+00	0.00e+00	1.52e-76
 1.09767e+23	2.60e-27	4.71e-20	7.87e-15	1.61e-10	2.80e-06	2.57e-03	9.97e-01	0.00e+00	0.00e+00	0.00e+00	0.00e+00	0.00e+00	2.62e-76
 1.10716e+23	3.09e-27	5.44e-20	8.84e-15	1.76e-10	2.98e-06	2.65e-03	9.97e-01	0.00e+00	0.00e+00	0.00e+00	0.00e+00	0.00e+00	4.03e-76
 1.11718e+23	3.79e-27	6.44e-20	1.01e-14	1.96e-10	3.20e-06	2.74e-03	9.97e-01	0.00e+00	0.00e+00	0.00e+00	0.00e+00	0.00e+00	6.76e-76
 1.12817e+23	4.64e-27	7.61e-20	1.16e-14	2.16e-10	3.43e-06	2.84e-03	9.97e-01	0.00e+00	0.00e+00	0.00e+00	0.00e+00	0.00e+00	1.13e-75
 1.13861e+23	5.66e-27	8.96e-20	1.32e-14	2.39e-10	3.67e-06	2.94e-03	9.97e-01	0.00e+00	0.00e+00	0.00e+00	0.00e+00	0.00e+00	1.86e-75
 1.14848e+23	6.84e-27	1.05e-19	1.49e-14	2.62e-10	3.92e-06	3.04e-03	9.97e-01	0.00e+00	0.00e+00	0.00e+00	0.00e+00	0.00e+00	2.98e-75
 1.15782e+23	8.18e-27	1.21e-19	1.67e-14	2.86e-10	4.16e-06	3.14e-03	9.97e-01	0.00e+00	0.00e+00	0.00e+00	0.00e+00	0.00e+00	4.69e-75
 1.16838e+23	1.03e-26	1.46e-19	1.93e-14	3.20e-10	4.50e-06	3.27e-03	9.97e-01	0.00e+00	0.00e+00	0.00e+00	0.00e+00	0.00e+00	8.30e-75
 1.17921e+23	1.24e-26	1.71e-19	2.19e-14	3.51e-10	4.80e-06	3.38e-03	9.97e-01	0.00e+00	0.00e+00	0.00e+00	0.00e+00	0.00e+00	1.35e-74
 1.18885e+23	1.50e-26	1.99e-19	2.47e-14	3.84e-10	5.12e-06	3.50e-03	9.96e-01	0.00e+00	0.00e+00	0.00e+00	0.00e+00	0.00e+00	2.17e-74
 1.19986e+23	1.89e-26	2.40e-19	2.86e-14	4.28e-10	5.53e-06	3.65e-03	9.96e-01	0.00e+00	0.00e+00	0.00e+00	0.00e+00	0.00e+00	3.92e-74
 1.21122e+23	2.34e-26	2.85e-19	3.27e-14	4.73e-10	5.93e-06	3.79e-03	9.96e-01	0.00e+00	0.00e+00	0.00e+00	0.00e+00	0.00e+00	6.72e-74
 1.22072e+23	2.81e-26	3.31e-19	3.67e-14	5.15e-10	6.31e-06	3.92e-03	9.96e-01	0.00e+00	0.00e+00	0.00e+00	0.00e+00	0.00e+00	1.07e-73
 1.22937e+23	3.32e-26	3.79e-19	4.08e-14	5.56e-10	6.67e-06	4.04e-03	9.96e-01	0.00e+00	0.00e+00	0.00e+00	0.00e+00	0.00e+00	1.64e-73
 1.23923e+23	4.10e-26	4.49e-19	4.65e-14	6.12e-10	7.15e-06	4.20e-03	9.96e-01	0.00e+00	0.00e+00	0.00e+00	0.00e+00	0.00e+00	2.83e-73
 1.24964e+23	5.01e-26	5.27e-19	5.26e-14	6.70e-10	7.63e-06	4.35e-03	9.96e-01	0.00e+00	0.00e+00	0.00e+00	0.00e+00	0.00e+00	4.72e-73
 1.25903e+23	6.05e-26	6.14e-19	5.91e-14	7.28e-10	8.12e-06	4.51e-03	9.95e-01	0.00e+00	0.00e+00	0.00e+00	0.00e+00	0.00e+00	7.67e-73
 1.26949e+23	7.68e-26	7.42e-19	6.83e-14	8.07e-10	8.76e-06	4.71e-03	9.95e-01	0.00e+00	0.00e+00	0.00e+00	0.00e+00	0.00e+00	1.42e-72
 1.27966e+23	9.20e-26	8.58e-19	7.64e-14	8.75e-10	9.30e-06	4.87e-03	9.95e-01	0.00e+00	0.00e+00	0.00e+00	0.00e+00	0.00e+00	2.26e-72
 1.28816e+23	1.10e-25	9.89e-19	8.51e-14	9.44e-10	9.84e-06	5.03e-03	9.95e-01	0.00e+00	0.00e+00	0.00e+00	0.00e+00	0.00e+00	3.58e-72
 1.29795e+23	1.37e-25	1.18e-18	9.72e-14	1.04e-09	1.06e-05	5.25e-03	9.95e-01	0.00e+00	0.00e+00	0.00e+00	0.00e+00	0.00e+00	6.41e-72
 1.30790e+23	1.65e-25	1.37e-18	1.09e-13	1.12e-09	1.12e-05	5.43e-03	9.95e-01	0.00e+00	0.00e+00	0.00e+00	0.00e+00	0.00e+00	1.04e-71
 1.31674e+23	1.99e-25	1.58e-18	1.21e-13	1.21e-09	1.19e-05	5.62e-03	9.94e-01	0.00e+00	0.00e+00	0.00e+00	0.00e+00	0.00e+00	1.68e-71
 1.32688e+23	2.53e-25	1.91e-18	1.40e-13	1.34e-09	1.28e-05	5.88e-03	9.94e-01	0.00e+00	0.00e+00	0.00e+00	0.00e+00	0.00e+00	3.15e-71
 1.33668e+23	3.01e-25	2.20e-18	1.55e-13	1.44e-09	1.35e-05	6.08e-03	9.94e-01	0.00e+00	0.00e+00	0.00e+00	0.00e+00	0.00e+00	4.99e-71
 1.34483e+23	3.59e-25	2.52e-18	1.72e-13	1.54e-09	1.43e-05	6.29e-03	9.94e-01	0.00e+00	0.00e+00	0.00e+00	0.00e+00	0.00e+00	7.93e-71
 1.35421e+23	4.47e-25	3.00e-18	1.95e-13	1.68e-09	1.53e-05	6.55e-03	9.93e-01	0.00e+00	0.00e+00	0.00e+00	0.00e+00	0.00e+00	1.42e-70
 1.36372e+23	5.35e-25	3.45e-18	2.17e-13	1.80e-09	1.62e-05	6.78e-03	9.93e-01	0.00e+00	0.00e+00	0.00e+00	0.00e+00	0.00e+00	2.28e-70
 1.37343e+23	6.72e-25	4.12e-18	2.47e-13	1.97e-09	1.73e-05	7.08e-03	9.93e-01	0.00e+00	0.00e+00	0.00e+00	0.00e+00	0.00e+00	4.17e-70
 1.38322e+23	8.19e-25	4.81e-18	2.77e-13	2.12e-09	1.84e-05	7.36e-03	9.93e-01	0.00e+00	0.00e+00	0.00e+00	0.00e+00	0.00e+00	7.08e-70
 1.39125e+23	9.63e-25	5.46e-18	3.04e-13	2.26e-09	1.93e-05	7.59e-03	9.92e-01	0.00e+00	0.00e+00	0.00e+00	0.00e+00	0.00e+00	1.09e-69
 1.39981e+23	1.18e-24	6.39e-18	3.41e-13	2.44e-09	2.06e-05	7.89e-03	9.92e-01	0.00e+00	0.00e+00	0.00e+00	0.00e+00	0.00e+00	1.87e-69
 1.40887e+23	1.42e-24	7.37e-18	3.79e-13	2.62e-09	2.18e-05	8.17e-03	9.92e-01	0.00e+00	0.00e+00	0.00e+00	0.00e+00	0.00e+00	3.07e-69
 1.41711e+23	1.70e-24	8.47e-18	4.20e-13	2.79e-09	2.30e-05	8.46e-03	9.92e-01	0.00e+00	0.00e+00	0.00e+00	0.00e+00	0.00e+00	4.99e-69
 1.42507e+23	2.01e-24	9.69e-18	4.63e-13	2.98e-09	2.42e-05	8.75e-03	9.91e-01	0.00e+00	0.00e+00	0.00e+00	0.00e+00	0.00e+00	7.93e-69
 1.43413e+23	2.50e-24	1.15e-17	5.23e-13	3.23e-09	2.58e-05	9.12e-03	9.91e-01	0.00e+00	0.00e+00	0.00e+00	0.00e+00	0.00e+00	1.42e-68
 1.44346e+23	3.04e-24	1.33e-17	5.83e-13	3.46e-09	2.74e-05	9.47e-03	9.91e-01	0.00e+00	0.00e+00	0.00e+00	0.00e+00	0.00e+00	2.41e-68
 1.45158e+23	3.63e-24	1.53e-17	6.44e-13	3.69e-09	2.89e-05	9.81e-03	9.90e-01	0.00e+00	0.00e+00	0.00e+00	0.00e+00	0.00e+00	3.94e-68
 1.45938e+23	4.32e-24	1.75e-17	7.10e-13	3.92e-09	3.04e-05	1.01e-02	9.90e-01	0.00e+00	0.00e+00	0.00e+00	0.00e+00	0.00e+00	6.30e-68
 1.46829e+23	5.39e-24	2.07e-17	8.03e-13	4.24e-09	3.25e-05	1.06e-02	9.89e-01	0.00e+00	0.00e+00	0.00e+00	0.00e+00	0.00e+00	1.15e-67
 1.47746e+23	6.49e-24	2.39e-17	8.91e-13	4.53e-09	3.44e-05	1.10e-02	9.89e-01	0.00e+00	0.00e+00	0.00e+00	0.00e+00	0.00e+00	1.91e-67
 1.48698e+23	8.25e-24	2.88e-17	1.02e-12	4.93e-09	3.69e-05	1.15e-02	9.88e-01	0.00e+00	0.00e+00	0.00e+00	0.00e+00	0.00e+00	3.70e-67
 1.49658e+23	1.01e-23	3.35e-17	1.13e-12	5.27e-09	3.92e-05	1.20e-02	9.88e-01	0.00e+00	0.00e+00	0.00e+00	0.00e+00	0.00e+00	6.38e-67
 1.50446e+23	1.19e-23	3.82e-17	1.25e-12	5.59e-09	4.12e-05	1.24e-02	9.88e-01	0.00e+00	0.00e+00	0.00e+00	0.00e+00	0.00e+00	1.02e-66
 1.51287e+23	1.48e-23	4.51e-17	1.40e-12	6.01e-09	4.40e-05	1.29e-02	9.87e-01	0.00e+00	0.00e+00	0.00e+00	4.51e-17	4.53e-26	1.85e-66
 1.52148e+23	1.78e-23	5.20e-17	1.55e-12	6.40e-09	4.64e-05	1.34e-02	9.87e-01	0.00e+00	0.00e+00	0.00e+00	5.20e-17	5.85e-24	3.09e-66
 1.52848e+23	2.07e-23	5.84e-17	1.69e-12	6.73e-09	4.86e-05	1.38e-02	9.86e-01	0.00e+00	0.00e+00	0.00e+00	5.84e-17	6.57e-24	4.72e-66
 1.53574e+23	2.51e-23	6.76e-17	1.87e-12	7.17e-09	5.14e-05	1.43e-02	9.86e-01	0.00e+00	0.00e+00	0.00e+00	6.76e-17	7.60e-24	8.01e-66
 1.54269e+23	2.89e-23	7.54e-17	2.02e-12	7.51e-09	5.36e-05	1.47e-02	9.85e-01	0.00e+00	0.00e+00	0.00e+00	7.54e-17	8.48e-24	1.19e-65
 1.54828e+23	3.33e-23	8.39e-17	2.18e-12	7.85e-09	5.59e-05	1.51e-02	9.85e-01	0.00e+00	0.00e+00	0.00e+00	8.39e-17	9.44e-24	1.76e-65
 1.55375e+23	3.80e-23	9.29e-17	2.35e-12	8.20e-09	5.81e-05	1.55e-02	9.84e-01	0.00e+00	0.00e+00	0.00e+00	9.29e-17	1.05e-23	2.55e-65
 1.55910e+23	4.31e-23	1.02e-16	2.51e-12	8.55e-09	6.03e-05	1.58e-02	9.84e-01	0.00e+00	0.00e+00	0.00e+00	1.02e-16	1.15e-23	3.63e-65
 1.56516e+23	5.11e-23	1.17e-16	2.76e-12	9.02e-09	6.34e-05	1.64e-02	9.84e-01	0.00e+00	0.00e+00	0.00e+00	1.17e-16	1.31e-23	5.82e-65
 1.57118e+23	5.84e-23	1.29e-16	2.96e-12	9.42e-09	6.59e-05	1.68e-02	9.83e-01	0.00e+00	0.00e+00	0.00e+00	1.29e-16	1.45e-23	8.43e-65
 1.57715e+23	6.90e-23	1.47e-16	3.25e-12	9.94e-09	6.93e-05	1.73e-02	9.83e-01	0.00e+00	0.00e+00	0.00e+00	1.47e-16	1.65e-23	1.34e-64
 1.58296e+23	7.85e-23	1.62e-16	3.48e-12	1.04e-08	7.20e-05	1.77e-02	9.82e-01	0.00e+00	0.00e+00	0.00e+00	1.62e-16	1.82e-23	1.92e-64
 1.58773e+23	8.93e-23	1.79e-16	3.73e-12	1.08e-08	7.47e-05	1.82e-02	9.82e-01	0.00e+00	0.00e+00	0.00e+00	1.79e-16	2.01e-23	2.75e-64
 1.59313e+23	1.05e-22	2.02e-16	4.07e-12	1.13e-08	7.83e-05	1.87e-02	9.81e-01	0.00e+00	0.00e+00	0.00e+00	2.02e-16	2.27e-23	4.29e-64
 1.59860e+23	1.19e-22	2.23e-16	4.37e-12	1.18e-08	8.14e-05	1.92e-02	9.81e-01	0.00e+00	0.00e+00	0.00e+00	2.23e-16	2.51e-23	6.18e-64
 1.60343e+23	1.37e-22	2.48e-16	4.71e-12	1.23e-08	8.47e-05	1.97e-02	9.80e-01	0.00e+00	0.00e+00	0.00e+00	2.48e-16	2.79e-23	9.12e-64
 1.60789e+23	1.55e-22	2.72e-16	5.02e-12	1.28e-08	8.77e-05	2.01e-02	9.80e-01	0.00e+00	0.00e+00	0.00e+00	2.72e-16	3.06e-23	1.27e-63
 1.61260e+23	1.79e-22	3.05e-16	5.44e-12	1.34e-08	9.15e-05	2.06e-02	9.79e-01	0.00e+00	0.00e+00	0.00e+00	3.05e-16	3.42e-23	1.90e-63
 1.61746e+23	2.03e-22	3.36e-16	5.84e-12	1.40e-08	9.50e-05	2.11e-02	9.79e-01	0.00e+00	0.00e+00	0.00e+00	3.36e-16	3.77e-23	2.69e-63
 1.62182e+23	2.33e-22	3.73e-16	6.28e-12	1.45e-08	9.87e-05	2.16e-02	9.78e-01	0.00e+00	0.00e+00	0.00e+00	3.73e-16	4.19e-23	3.91e-63
 1.62605e+23	2.64e-22	4.10e-16	6.72e-12	1.51e-08	1.02e-04	2.21e-02	9.78e-01	0.00e+00	0.00e+00	0.00e+00	4.10e-16	4.61e-23	5.52e-63
 1.63080e+23	3.09e-22	4.64e-16	7.34e-12	1.59e-08	1.07e-04	2.28e-02	9.77e-01	0.00e+00	0.00e+00	0.00e+00	4.64e-16	5.22e-23	8.55e-63
 1.63568e+23	3.58e-22	5.20e-16	7.96e-12	1.66e-08	1.12e-04	2.33e-02	9.77e-01	0.00e+00	0.00e+00	0.00e+00	5.20e-16	5.84e-23	1.28e-62
 1.63994e+23	4.08e-22	5.75e-16	8.56e-12	1.74e-08	1.16e-04	2.39e-02	9.76e-01	0.00e+00	0.00e+00	0.00e+00	5.75e-16	6.46e-23	1.82e-62
 1.64465e+23	4.91e-22	6.63e-16	9.47e-12	1.84e-08	1.22e-04	2.46e-02	9.75e-01	0.00e+00	0.00e+00	0.00e+00	6.63e-16	7.45e-23	3.00e-62
 1.64939e+23	5.63e-22	7.39e-16	1.02e-11	1.92e-08	1.27e-04	2.52e-02	9.75e-01	0.00e+00	0.00e+00	0.00e+00	7.39e-16	8.30e-23	4.34e-62
 1.65352e+23	6.51e-22	8.27e-16	1.11e-11	2.02e-08	1.33e-04	2.58e-02	9.74e-01	0.00e+00	0.00e+00	0.00e+00	8.27e-16	9.29e-23	6.40e-62
 1.65761e+23	7.53e-22	9.27e-16	1.20e-11	2.11e-08	1.38e-04	2.65e-02	9.73e-01	0.00e+00	0.00e+00	0.00e+00	9.27e-16	1.04e-22	9.44e-62
 1.66228e+23	9.14e-22	1.08e-15	1.34e-11	2.25e-08	1.46e-04	2.73e-02	9.73e-01	0.00e+00	0.00e+00	0.00e+00	1.08e-15	1.21e-22	1.58e-61
 1.66695e+23	1.07e-21	1.22e-15	1.47e-11	2.37e-08	1.53e-04	2.80e-02	9.72e-01	0.00e+00	0.00e+00	0.00e+00	1.22e-15	1.37e-22	2.38e-61
 1.67090e+23	1.24e-21	1.37e-15	1.60e-11	2.50e-08	1.59e-04	2.87e-02	9.71e-01	0.00e+00	0.00e+00	0.00e+00	1.37e-15	1.54e-22	3.51e-61
 1.67530e+23	1.53e-21	1.62e-15	1.81e-11	2.68e-08	1.69e-04	2.96e-02	9.70e-01	0.00e+00	0.00e+00	0.00e+00	1.62e-15	1.82e-22	6.05e-61
 1.67963e+23	1.77e-21	1.82e-15	1.97e-11	2.82e-08	1.76e-04	3.03e-02	9.70e-01	0.00e+00	0.00e+00	0.00e+00	1.82e-15	2.04e-22	8.80e-61
 1.68385e+23	2.19e-21	2.15e-15	2.23e-11	3.04e-08	1.87e-04	3.13e-02	9.69e-01	0.00e+00	0.00e+00	0.00e+00	2.15e-15	2.42e-22	1.52e-60
 1.68811e+23	2.56e-21	2.44e-15	2.44e-11	3.21e-08	1.95e-04	3.20e-02	9.68e-01	0.00e+00	0.00e+00	0.00e+00	2.44e-15	2.74e-22	2.26e-60
 1.69239e+23	3.22e-21	2.93e-15	2.80e-11	3.49e-08	2.08e-04	3.31e-02	9.67e-01	0.00e+00	0.00e+00	0.00e+00	2.93e-15	3.29e-22	4.02e-60
 1.69670e+23	3.81e-21	3.35e-15	3.09e-11	3.71e-08	2.18e-04	3.39e-02	9.66e-01	0.00e+00	0.00e+00	0.00e+00	3.35e-15	3.77e-22	6.12e-60
 1.70105e+23	4.80e-21	4.04e-15	3.56e-11	4.05e-08	2.32e-04	3.50e-02	9.65e-01	0.00e+00	0.00e+00	0.00e+00	4.04e-15	4.54e-22	1.09e-59
 1.70536e+23	5.74e-21	4.66e-15	3.97e-11	4.33e-08	2.44e-04	3.59e-02	9.64e-01	0.00e+00	0.00e+00	0.00e+00	4.66e-15	5.24e-22	1.69e-59
 1.70962e+23	7.29e-21	5.66e-15	4.59e-11	4.74e-08	2.60e-04	3.72e-02	9.63e-01	0.00e+00	0.00e+00	0.00e+00	5.66e-15	6.37e-22	3.03e-59
 1.71394e+23	8.85e-21	6.63e-15	5.17e-11	5.11e-08	2.74e-04	3.82e-02	9.62e-01	0.00e+00	0.00e+00	0.00e+00	6.63e-15	7.45e-22	4.84e-59
 1.71835e+23	1.14e-20	8.17e-15	6.07e-11	5.66e-08	2.94e-04	3.95e-02	9.60e-01	0.00e+00	0.00e+00	0.00e+00	8.17e-15	9.20e-22	8.99e-59
 1.72282e+23	1.41e-20	9.67e-15	6.90e-11	6.14e-08	3.11e-04	4.06e-02	9.59e-01	0.00e+00	0.00e+00	0.00e+00	9.67e-15	1.09e-21	1.47e-58
 1.72735e+23	1.85e-20	1.21e-14	8.18e-11	6.85e-08	3.34e-04	4.21e-02	9.58e-01	0.00e+00	0.00e+00	0.00e+00	1.21e-14	1.36e-21	2.81e-58
 1.73190e+23	2.31e-20	1.44e-14	9.35e-11	7.46e-08	3.54e-04	4.33e-02	9.56e-01	0.00e+00	0.00e+00	0.00e+00	1.44e-14	1.62e-21	4.67e-58
 1.73582e+23	2.85e-20	1.71e-14	1.07e-10	8.13e-08	3.74e-04	4.45e-02	9.55e-01	0.00e+00	0.00e+00	0.00e+00	1.71e-14	1.92e-21	7.63e-58
 1.74026e+23	3.77e-20	2.15e-14	1.27e-10	9.11e-08	4.03e-04	4.62e-02	9.53e-01	0.00e+00	0.00e+00	0.00e+00	2.15e-14	2.42e-21	1.46e-57
 1.74469e+23	4.61e-20	2.53e-14	1.45e-10	9.91e-08	4.25e-04	4.74e-02	9.52e-01	0.00e+00	0.00e+00	0.00e+00	2.53e-14	2.85e-21	2.33e-57
 1.74911e+23	6.08e-20	3.18e-14	1.72e-10	1.11e-07	4.57e-04	4.91e-02	9.50e-01	0.00e+00	0.00e+00	0.00e+00	3.18e-14	3.59e-21	4.40e-57
 1.75359e+23	7.46e-20	3.77e-14	1.96e-10	1.21e-07	4.83e-04	5.05e-02	9.49e-01	0.00e+00	0.00e+00	0.00e+00	3.77e-14	4.24e-21	7.03e-57
 1.75813e+23	9.79e-20	4.72e-14	2.34e-10	1.36e-07	5.19e-04	5.23e-02	9.47e-01	0.00e+00	0.00e+00	0.00e+00	4.72e-14	5.31e-21	1.31e-56
 1.76280e+23	1.22e-19	5.66e-14	2.70e-10	1.49e-07	5.51e-04	5.38e-02	9.46e-01	0.00e+00	0.00e+00	0.00e+00	5.66e-14	6.38e-21	2.17e-56
 1.76763e+23	1.63e-19	7.17e-14	3.24e-10	1.69e-07	5.94e-04	5.58e-02	9.44e-01	0.00e+00	0.00e+00	0.00e+00	7.17e-14	8.08e-21	4.14e-56
 1.77256e+23	1.86e-19	8.60e-14	3.73e-10	1.85e-07	6.31e-04	5.74e-02	9.42e-01	0.00e+00	0.00e+00	0.00e+00	8.60e-14	9.69e-21	6.34e-56
 1.77760e+23	2.48e-19	1.09e-13	4.49e-10	2.10e-07	6.81e-04	5.95e-02	9.40e-01	0.00e+00	0.00e+00	0.00e+00	1.09e-13	1.23e-20	1.20e-55
 1.78280e+23	3.10e-19	1.31e-13	5.20e-10	2.32e-07	7.24e-04	6.13e-02	9.38e-01	0.00e+00	0.00e+00	0.00e+00	1.31e-13	1.48e-20	2.01e-55
 1.78744e+23	3.87e-19	1.58e-13	6.00e-10	2.55e-07	7.69e-04	6.31e-02	9.36e-01	0.00e+00	0.00e+00	0.00e+00	1.58e-13	1.78e-20	3.30e-55
 1.79274e+23	5.12e-19	1.99e-13	7.21e-10	2.88e-07	8.30e-04	6.55e-02	9.34e-01	0.00e+00	0.00e+00	0.00e+00	1.99e-13	2.25e-20	6.20e-55
 1.79812e+23	6.36e-19	2.39e-13	8.31e-10	3.17e-07	8.81e-04	6.74e-02	9.32e-01	0.00e+00	0.00e+00	0.00e+00	2.39e-13	2.70e-20	1.01e-54
 1.80360e+23	8.39e-19	3.01e-13	9.96e-10	3.59e-07	9.51e-04	6.99e-02	9.29e-01	0.00e+00	0.00e+00	0.00e+00	3.01e-13	3.40e-20	1.88e-54
 1.80893e+23	1.02e-18	3.54e-13	1.13e-09	3.91e-07	1.00e-03	7.17e-02	9.27e-01	0.00e+00	0.00e+00	0.00e+00	3.54e-13	4.00e-20	2.91e-54
 1.81405e+23	1.31e-18	4.38e-13	1.34e-09	4.38e-07	1.08e-03	7.41e-02	9.25e-01	0.00e+00	0.00e+00	0.00e+00	4.38e-13	4.94e-20	5.14e-54
 1.81927e+23	1.58e-18	5.13e-13	1.52e-09	4.78e-07	1.14e-03	7.60e-02	9.23e-01	0.00e+00	0.00e+00	0.00e+00	5.13e-13	5.80e-20	7.86e-54
 1.82461e+23	2.03e-18	6.32e-13	1.79e-09	5.34e-07	1.22e-03	7.86e-02	9.20e-01	0.00e+00	0.00e+00	0.00e+00	6.32e-13	7.14e-20	1.37e-53
 1.83009e+23	2.48e-18	7.48e-13	2.04e-09	5.85e-07	1.29e-03	8.07e-02	9.18e-01	0.00e+00	0.00e+00	0.00e+00	7.48e-13	8.45e-20	2.15e-53
 1.83576e+23	3.19e-18	9.24e-13	2.41e-09	6.56e-07	1.39e-03	8.35e-02	9.15e-01	0.00e+00	0.00e+00	0.00e+00	9.24e-13	1.05e-19	3.79e-53
 1.84131e+23	3.58e-18	1.08e-12	2.72e-09	7.14e-07	1.46e-03	8.56e-02	9.13e-01	0.00e+00	0.00e+00	0.00e+00	1.08e-12	1.22e-19	5.40e-53
 1.84674e+23	4.55e-18	1.33e-12	3.20e-09	7.98e-07	1.57e-03	8.85e-02	9.10e-01	0.00e+00	0.00e+00	0.00e+00	1.33e-12	1.50e-19	9.27e-53
 1.85221e+23	5.39e-18	1.53e-12	3.59e-09	8.64e-07	1.65e-03	9.06e-02	9.08e-01	0.00e+00	0.00e+00	0.00e+00	1.53e-12	1.73e-19	1.36e-52
 1.85776e+23	6.81e-18	1.87e-12	4.21e-09	9.64e-07	1.76e-03	9.36e-02	9.05e-01	0.00e+00	0.00e+00	0.00e+00	1.87e-12	2.12e-19	2.32e-52
 1.86342e+23	8.11e-18	2.17e-12	4.74e-09	1.05e-06	1.86e-03	9.59e-02	9.02e-01	0.00e+00	0.00e+00	0.00e+00	2.17e-12	2.46e-19	3.44e-52
 1.86922e+23	1.03e-17	2.66e-12	5.57e-09	1.17e-06	1.99e-03	9.91e-02	8.99e-01	0.00e+00	0.00e+00	0.00e+00	2.66e-12	3.02e-19	5.87e-52
 1.87513e+23	1.23e-17	3.10e-12	6.27e-09	1.27e-06	2.10e-03	1.02e-01	8.96e-01	0.00e+00	0.00e+00	0.00e+00	3.10e-12	3.51e-19	8.76e-52
 1.88118e+23	1.43e-17	3.80e-12	7.37e-09	1.42e-06	2.25e-03	1.05e-01	8.93e-01	0.00e+00	0.00e+00	0.00e+00	3.80e-12	4.30e-19	1.39e-51
 1.88735e+23	1.71e-17	4.42e-12	8.32e-09	1.55e-06	2.38e-03	1.08e-01	8.90e-01	0.00e+00	0.00e+00	0.00e+00	4.42e-12	5.01e-19	2.09e-51
 1.89275e+23	2.04e-17	5.13e-12	9.38e-09	1.68e-06	2.51e-03	1.10e-01	8.87e-01	0.00e+00	0.00e+00	0.00e+00	5.13e-12	5.82e-19	3.10e-51
 1.89887e+23	2.57e-17	6.24e-12	1.09e-08	1.88e-06	2.68e-03	1.14e-01	8.83e-01	0.00e+00	0.00e+00	0.00e+00	6.24e-12	7.08e-19	5.19e-51
 1.90499e+23	3.00e-17	7.14e-12	1.22e-08	2.02e-06	2.82e-03	1.16e-01	8.81e-01	0.00e+00	0.00e+00	0.00e+00	7.14e-12	8.10e-19	7.44e-51
 1.91113e+23	3.10e-19	8.68e-12	1.42e-08	2.26e-06	3.02e-03	1.20e-01	8.77e-01	0.00e+00	0.00e+00	0.00e+00	8.68e-12	9.87e-19	1.72e-51
 1.91735e+23	3.69e-19	9.94e-12	1.59e-08	2.44e-06	3.17e-03	1.23e-01	8.74e-01	0.00e+00	0.00e+00	0.00e+00	9.94e-12	1.13e-18	2.47e-51
 1.92370e+23	4.68e-19	1.20e-11	1.84e-08	2.71e-06	3.39e-03	1.27e-01	8.70e-01	0.00e+00	0.00e+00	0.00e+00	1.20e-11	1.37e-18	4.07e-51
 1.93026e+23	5.68e-19	1.40e-11	2.08e-08	2.95e-06	3.57e-03	1.30e-01	8.66e-01	0.00e+00	0.00e+00	0.00e+00	1.40e-11	1.59e-18	6.08e-51
 1.93708e+23	7.21e-19	1.68e-11	2.42e-08	3.28e-06	3.82e-03	1.34e-01	8.62e-01	0.00e+00	0.00e+00	0.00e+00	1.68e-11	1.92e-18	1.00e-50
 1.94415e+23	8.86e-19	1.98e-11	2.75e-08	3.60e-06	4.05e-03	1.38e-01	8.58e-01	0.00e+00	0.00e+00	0.00e+00	1.98e-11	2.26e-18	1.54e-50
 1.95153e+23	1.14e-18	2.41e-11	3.22e-08	4.02e-06	4.35e-03	1.42e-01	8.53e-01	0.00e+00	0.00e+00	0.00e+00	2.41e-11	2.75e-18	2.59e-50
 1.95913e+23	1.41e-18	2.84e-11	3.68e-08	4.42e-06	4.62e-03	1.46e-01	8.49e-01	0.00e+00	0.00e+00	0.00e+00	2.84e-11	3.24e-18	4.04e-50
 1.96703e+23	1.83e-18	3.48e-11	4.33e-08	4.97e-06	4.97e-03	1.51e-01	8.44e-01	0.00e+00	0.00e+00	0.00e+00	3.48e-11	3.98e-18	6.96e-50
 1.97521e+23	2.29e-18	4.15e-11	4.97e-08	5.49e-06	5.29e-03	1.55e-01	8.39e-01	0.00e+00	0.00e+00	0.00e+00	4.15e-11	4.74e-18	1.11e-49
 1.98261e+23	2.84e-18	4.90e-11	5.69e-08	6.04e-06	5.63e-03	1.60e-01	8.35e-01	0.00e+00	0.00e+00	0.00e+00	4.90e-11	5.61e-18	1.73e-49
 1.99110e+23	3.74e-18	6.06e-11	6.74e-08	6.82e-06	6.08e-03	1.65e-01	8.29e-01	0.00e+00	0.00e+00	0.00e+00	6.06e-11	6.94e-18	3.05e-49
 1.99976e+23	4.70e-18	7.23e-11	7.77e-08	7.55e-06	6.48e-03	1.70e-01	8.23e-01	0.00e+00	0.00e+00	0.00e+00	7.23e-11	8.29e-18	4.89e-49
 2.00749e+23	5.82e-18	8.53e-11	8.87e-08	8.30e-06	6.88e-03	1.75e-01	8.18e-01	0.00e+00	0.00e+00	0.00e+00	8.53e-11	9.79e-18	7.63e-49
 2.01637e+23	7.85e-18	1.08e-10	1.07e-07	9.48e-06	7.48e-03	1.81e-01	8.11e-01	0.00e+00	0.00e+00	0.00e+00	1.08e-10	1.24e-17	1.41e-48
 2.02533e+23	7.15e-18	1.27e-10	1.22e-07	1.04e-05	7.95e-03	1.86e-01	8.06e-01	0.00e+00	0.00e+00	0.00e+00	1.27e-10	1.46e-17	2.16e-48
 2.03437e+23	9.68e-18	1.61e-10	1.47e-07	1.19e-05	8.65e-03	1.93e-01	7.98e-01	0.00e+00	0.00e+00	0.00e+00	1.61e-10	1.85e-17	4.00e-48
 2.04352e+23	1.22e-17	1.92e-10	1.70e-07	1.32e-05	9.22e-03	1.99e-01	7.92e-01	0.00e+00	0.00e+00	0.00e+00	1.92e-10	2.21e-17	6.40e-48
 2.05282e+23	1.66e-17	2.43e-10	2.06e-07	1.51e-05	1.00e-02	2.06e-01	7.83e-01	0.00e+00	0.00e+00	0.00e+00	2.43e-10	2.81e-17	1.19e-47
 2.06171e+23	2.04e-17	2.86e-10	2.34e-07	1.66e-05	1.06e-02	2.12e-01	7.78e-01	0.00e+00	0.00e+00	0.00e+00	2.86e-10	3.31e-17	1.82e-47
 2.07006e+23	2.70e-17	3.56e-10	2.79e-07	1.88e-05	1.15e-02	2.19e-01	7.70e-01	0.00e+00	0.00e+00	0.00e+00	3.56e-10	4.13e-17	3.21e-47
 2.07847e+23	3.34e-17	4.19e-10	3.18e-07	2.07e-05	1.22e-02	2.24e-01	7.63e-01	0.00e+00	0.00e+00	0.00e+00	4.19e-10	4.86e-17	4.92e-47
 2.08695e+23	4.47e-17	5.25e-10	3.81e-07	2.35e-05	1.32e-02	2.32e-01	7.55e-01	0.00e+00	0.00e+00	0.00e+00	5.25e-10	6.10e-17	8.76e-47
 2.09552e+23	5.59e-17	6.23e-10	4.37e-07	2.59e-05	1.40e-02	2.38e-01	7.48e-01	5.59e-17	5.90e-23	1.41e-23	6.23e-10	7.25e-17	1.36e-46
 2.10421e+23	7.56e-17	7.87e-10	5.28e-07	2.96e-05	1.53e-02	2.47e-01	7.38e-01	7.56e-17	2.41e-21	3.75e-22	7.87e-10	9.18e-17	2.47e-46
 2.11301e+23	9.54e-17	9.40e-10	6.09e-07	3.28e-05	1.63e-02	2.53e-01	7.31e-01	9.54e-17	3.04e-21	4.73e-22	9.40e-10	1.10e-16	3.89e-46
 2.12195e+23	1.31e-16	1.20e-09	7.42e-07	3.77e-05	1.77e-02	2.62e-01	7.20e-01	1.31e-16	4.19e-21	6.52e-22	1.20e-09	1.41e-16	7.18e-46
 2.13102e+23	1.67e-16	1.45e-09	8.61e-07	4.20e-05	1.89e-02	2.69e-01	7.12e-01	1.67e-16	5.34e-21	8.32e-22	1.45e-09	1.70e-16	1.15e-45
 2.14025e+23	2.33e-16	1.86e-09	1.05e-06	4.85e-05	2.07e-02	2.79e-01	7.00e-01	2.33e-16	7.45e-21	1.16e-21	1.86e-09	2.19e-16	2.14e-45
 2.14968e+23	3.06e-16	2.28e-09	1.24e-06	5.45e-05	2.22e-02	2.87e-01	6.91e-01	3.06e-16	9.76e-21	1.52e-21	2.28e-09	2.68e-16	3.52e-45
 2.15937e+23	4.37e-16	2.97e-09	1.54e-06	6.35e-05	2.44e-02	2.98e-01	6.78e-01	4.37e-16	1.40e-20	2.18e-21	2.97e-09	3.51e-16	6.74e-45
 2.16926e+23	5.86e-16	3.67e-09	1.83e-06	7.18e-05	2.63e-02	3.07e-01	6.67e-01	5.86e-16	1.87e-20	2.93e-21	3.67e-09	4.35e-16	1.13e-44
 2.17904e+23	8.45e-16	4.77e-09	2.26e-06	8.35e-05	2.88e-02	3.18e-01	6.53e-01	8.45e-16	2.71e-20	4.23e-21	4.77e-09	5.67e-16	2.12e-44
 2.18833e+23	1.11e-15	5.75e-09	2.63e-06	9.32e-05	3.08e-02	3.26e-01	6.43e-01	1.11e-15	3.55e-20	5.56e-21	5.75e-09	6.85e-16	3.33e-44
 2.19735e+23	1.61e-15	7.37e-09	3.22e-06	1.08e-04	3.36e-02	3.37e-01	6.30e-01	1.61e-15	5.16e-20	8.07e-21	7.37e-09	8.81e-16	6.00e-44
 2.20654e+23	2.18e-15	8.97e-09	3.78e-06	1.21e-04	3.60e-02	3.45e-01	6.18e-01	2.18e-15	7.01e-20	1.10e-20	8.97e-09	1.07e-15	9.56e-44
 2.21552e+23	3.23e-15	1.13e-08	4.59e-06	1.39e-04	3.91e-02	3.56e-01	6.05e-01	3.23e-15	1.04e-19	1.63e-20	1.13e-08	1.36e-15	1.66e-43
 2.22468e+23	4.64e-15	1.39e-08	5.42e-06	1.57e-04	4.21e-02	3.65e-01	5.92e-01	4.64e-15	1.49e-19	2.34e-20	1.39e-08	1.68e-15	2.68e-43
 2.23363e+23	7.22e-15	1.73e-08	6.51e-06	1.80e-04	4.56e-02	3.75e-01	5.79e-01	7.22e-15	2.33e-19	3.65e-20	1.73e-08	2.10e-15	4.51e-43
 2.24275e+23	1.16e-14	2.13e-08	7.73e-06	2.04e-04	4.91e-02	3.85e-01	5.66e-01	1.16e-14	3.75e-19	5.89e-20	2.13e-08	2.59e-15	7.44e-43
 2.25179e+23	2.13e-14	2.63e-08	9.22e-06	2.32e-04	5.30e-02	3.95e-01	5.52e-01	2.13e-14	6.88e-19	1.08e-19	2.63e-08	3.20e-15	1.27e-42
 2.26088e+23	4.33e-14	3.22e-08	1.09e-05	2.63e-04	5.70e-02	4.05e-01	5.38e-01	4.33e-14	1.40e-18	2.20e-19	3.22e-08	3.94e-15	2.25e-42
 2.26987e+23	1.05e-13	3.94e-08	1.30e-05	2.98e-04	6.13e-02	4.14e-01	5.24e-01	1.05e-13	3.40e-18	5.36e-19	3.94e-08	4.83e-15	4.45e-42
 2.27885e+23	2.63e-13	4.79e-08	1.53e-05	3.37e-04	6.59e-02	4.23e-01	5.11e-01	2.63e-13	8.52e-18	1.34e-18	4.79e-08	5.89e-15	9.84e-42
 2.28784e+23	5.21e-13	5.80e-08	1.80e-05	3.81e-04	7.07e-02	4.32e-01	4.97e-01	5.21e-13	1.69e-17	2.67e-18	5.80e-08	7.18e-15	2.01e-41
 2.29688e+23	8.44e-13	7.01e-08	2.12e-05	4.30e-04	7.59e-02	4.41e-01	4.83e-01	8.44e-13	2.74e-17	4.32e-18	7.01e-08	8.71e-15	3.63e-41
 2.30597e+23	1.24e-12	8.45e-08	2.50e-05	4.85e-04	8.13e-02	4.50e-01	4.68e-01	1.24e-12	4.04e-17	6.39e-18	8.45e-08	1.05e-14	6.10e-41
 2.31515e+23	1.74e-12	1.02e-07	2.93e-05	5.47e-04	8.71e-02	4.58e-01	4.54e-01	1.74e-12	5.67e-17	8.97e-18	1.02e-07	1.27e-14	9.80e-41
 2.32445e+23	2.36e-12	1.22e-07	3.44e-05	6.18e-04	9.32e-02	4.66e-01	4.40e-01	2.36e-12	7.69e-17	1.22e-17	1.22e-07	1.53e-14	1.53e-40
 2.33379e+23	3.10e-12	1.45e-07	4.02e-05	6.95e-04	9.96e-02	4.74e-01	4.26e-01	3.10e-12	1.01e-16	1.60e-17	1.45e-07	1.84e-14	2.30e-40
 2.34329e+23	4.03e-12	1.74e-07	4.71e-05	7.84e-04	1.07e-01	4.82e-01	4.11e-01	4.03e-12	1.32e-16	2.09e-17	1.74e-07	2.21e-14	3.44e-40
 2.35290e+23	5.12e-12	2.06e-07	5.49e-05	8.81e-04	1.14e-01	4.89e-01	3.97e-01	5.12e-12	1.68e-16	2.67e-17	2.06e-07	2.64e-14	5.00e-40
 2.36271e+23	6.50e-12	2.46e-07	6.43e-05	9.95e-04	1.22e-01	4.95e-01	3.82e-01	6.50e-12	2.13e-16	3.39e-17	2.46e-07	3.17e-14	7.26e-40
 2.37183e+23	7.86e-12	2.83e-07	7.29e-05	1.10e-03	1.28e-01	5.01e-01	3.70e-01	7.86e-12	2.59e-16	4.12e-17	2.83e-07	3.66e-14	9.80e-40
 2.38124e+23	1.14e-11	3.38e-07	8.57e-05	1.24e-03	1.37e-01	5.07e-01	3.55e-01	1.14e-11	3.75e-16	5.98e-17	3.38e-07	4.40e-14	1.59e-39
 2.39082e+23	1.33e-11	3.87e-07	9.71e-05	1.37e-03	1.44e-01	5.11e-01	3.43e-01	1.33e-11	4.40e-16	7.01e-17	3.87e-07	5.08e-14	2.08e-39
 2.40061e+23	1.62e-11	4.61e-07	1.14e-04	1.55e-03	1.54e-01	5.16e-01	3.28e-01	1.62e-11	5.37e-16	8.58e-17	4.61e-07	6.10e-14	2.89e-39
 2.41045e+23	1.88e-11	5.26e-07	1.29e-04	1.70e-03	1.62e-01	5.20e-01	3.16e-01	1.88e-11	6.24e-16	9.98e-17	5.26e-07	6.99e-14	3.75e-39
 2.42035e+23	2.27e-11	6.22e-07	1.50e-04	1.92e-03	1.73e-01	5.24e-01	3.02e-01	2.27e-11	7.54e-16	1.21e-16	6.22e-07	8.33e-14	5.14e-39
 2.43031e+23	2.61e-11	7.06e-07	1.69e-04	2.10e-03	1.81e-01	5.26e-01	2.91e-01	2.61e-11	8.70e-16	1.40e-16	7.06e-07	9.52e-14	6.59e-39
 2.44035e+23	3.12e-11	8.28e-07	1.97e-04	2.36e-03	1.92e-01	5.29e-01	2.76e-01	3.12e-11	1.04e-15	1.67e-16	8.28e-07	1.13e-13	8.94e-39
 2.45048e+23	3.57e-11	9.37e-07	2.21e-04	2.59e-03	2.01e-01	5.30e-01	2.66e-01	3.57e-11	1.20e-15	1.92e-16	9.37e-07	1.29e-13	1.14e-38
 2.46072e+23	4.23e-11	1.10e-06	2.56e-04	2.90e-03	2.14e-01	5.31e-01	2.52e-01	4.23e-11	1.42e-15	2.29e-16	1.10e-06	1.52e-13	1.54e-38
 2.47109e+23	4.83e-11	1.24e-06	2.87e-04	3.17e-03	2.23e-01	5.32e-01	2.42e-01	4.83e-11	1.63e-15	2.63e-16	1.24e-06	1.72e-13	1.95e-38
 2.48164e+23	5.70e-11	1.44e-06	3.32e-04	3.56e-03	2.36e-01	5.32e-01	2.28e-01	5.70e-11	1.93e-15	3.12e-16	1.44e-06	2.03e-13	2.63e-38
 2.49236e+23	6.49e-11	1.62e-06	3.72e-04	3.89e-03	2.47e-01	5.31e-01	2.18e-01	6.49e-11	2.20e-15	3.57e-16	1.62e-06	2.31e-13	3.35e-38
 2.50332e+23	7.64e-11	1.89e-06	4.30e-04	4.36e-03	2.61e-01	5.29e-01	2.05e-01	7.64e-11	2.60e-15	4.22e-16	1.89e-06	2.72e-13	4.51e-38
 2.51452e+23	8.70e-11	2.13e-06	4.82e-04	4.76e-03	2.72e-01	5.27e-01	1.96e-01	8.70e-11	2.97e-15	4.83e-16	2.13e-06	3.09e-13	5.80e-38
 2.52602e+23	1.02e-10	2.47e-06	5.58e-04	5.34e-03	2.87e-01	5.24e-01	1.83e-01	1.02e-10	3.51e-15	5.72e-16	2.47e-06	3.65e-13	7.88e-38
 2.53780e+23	1.16e-10	2.79e-06	6.26e-04	5.84e-03	2.99e-01	5.21e-01	1.74e-01	1.16e-10	4.02e-15	6.55e-16	2.79e-06	4.16e-13	1.02e-37
 2.54771e+23	1.30e-10	3.10e-06	6.92e-04	6.32e-03	3.10e-01	5.18e-01	1.66e-01	1.30e-10	4.51e-15	7.36e-16	3.10e-06	4.67e-13	1.28e-37
 2.55837e+23	1.50e-10	3.53e-06	7.86e-04	6.98e-03	3.24e-01	5.13e-01	1.56e-01	1.50e-10	5.20e-15	8.53e-16	3.53e-06	5.39e-13	1.69e-37
 2.56920e+23	1.67e-10	3.92e-06	8.69e-04	7.55e-03	3.35e-01	5.08e-01	1.48e-01	1.67e-10	5.84e-15	9.58e-16	3.92e-06	6.05e-13	2.14e-37
 2.57859e+23	1.85e-10	4.32e-06	9.54e-04	8.12e-03	3.46e-01	5.04e-01	1.41e-01	1.85e-10	6.49e-15	1.07e-15	4.32e-06	6.74e-13	2.65e-37
 2.58910e+23	2.11e-10	4.88e-06	1.08e-03	8.93e-03	3.61e-01	4.98e-01	1.32e-01	2.11e-10	7.42e-15	1.22e-15	4.88e-06	7.73e-13	3.47e-37
 2.59958e+23	2.33e-10	5.37e-06	1.18e-03	9.56e-03	3.71e-01	4.93e-01	1.26e-01	2.33e-10	8.25e-15	1.36e-15	5.37e-06	8.59e-13	4.36e-37
 2.61004e+23	2.64e-10	6.04e-06	1.32e-03	1.05e-02	3.85e-01	4.85e-01	1.18e-01	2.64e-10	9.38e-15	1.55e-15	6.04e-06	9.81e-13	5.72e-37
 2.62065e+23	2.92e-10	6.65e-06	1.44e-03	1.12e-02	3.96e-01	4.79e-01	1.12e-01	2.92e-10	1.04e-14	1.73e-15	6.65e-06	1.09e-12	7.24e-37
 2.63146e+23	3.31e-10	7.48e-06	1.62e-03	1.23e-02	4.11e-01	4.71e-01	1.04e-01	3.31e-10	1.19e-14	1.98e-15	7.48e-06	1.25e-12	9.61e-37
 2.64245e+23	3.68e-10	8.24e-06	1.77e-03	1.31e-02	4.22e-01	4.65e-01	9.85e-02	3.68e-10	1.33e-14	2.21e-15	8.24e-06	1.40e-12	1.24e-36
 2.65368e+23	4.15e-10	9.27e-06	1.99e-03	1.44e-02	4.37e-01	4.55e-01	9.14e-02	4.15e-10	1.51e-14	2.52e-15	9.27e-06	1.60e-12	1.65e-36
 2.66509e+23	4.62e-10	1.02e-05	2.18e-03	1.54e-02	4.48e-01	4.48e-01	8.63e-02	4.62e-10	1.69e-14	2.83e-15	1.02e-05	1.79e-12	2.15e-36
 2.67673e+23	5.22e-10	1.15e-05	2.44e-03	1.68e-02	4.64e-01	4.37e-01	7.97e-02	5.22e-10	1.92e-14	3.23e-15	1.15e-05	2.06e-12	2.93e-36
 2.68866e+23	5.83e-10	1.27e-05	2.68e-03	1.81e-02	4.75e-01	4.29e-01	7.48e-02	5.83e-10	2.16e-14	3.63e-15	1.27e-05	2.31e-12	3.86e-36
 2.70094e+23	6.63e-10	1.44e-05	3.02e-03	1.98e-02	4.91e-01	4.18e-01	6.87e-02	6.63e-10	2.48e-14	4.18e-15	1.44e-05	2.67e-12	5.40e-36
 2.71354e+23	7.41e-10	1.60e-05	3.32e-03	2.12e-02	5.03e-01	4.08e-01	6.41e-02	7.40e-10	2.79e-14	4.72e-15	1.60e-05	3.02e-12	7.23e-36
 2.72652e+23	8.48e-10	1.82e-05	3.74e-03	2.33e-02	5.18e-01	3.96e-01	5.85e-02	8.47e-10	3.22e-14	5.47e-15	1.82e-05	3.51e-12	1.04e-35
 2.73964e+23	9.51e-10	2.02e-05	4.11e-03	2.49e-02	5.30e-01	3.86e-01	5.45e-02	9.51e-10	3.64e-14	6.20e-15	2.02e-05	3.98e-12	1.42e-35
 2.75292e+23	1.08e-09	2.29e-05	4.63e-03	2.73e-02	5.45e-01	3.73e-01	4.95e-02	1.08e-09	4.20e-14	7.18e-15	2.29e-05	4.64e-12	2.06e-35
 2.76635e+23	1.22e-09	2.56e-05	5.08e-03	2.92e-02	5.56e-01	3.63e-01	4.60e-02	1.22e-09	4.77e-14	8.19e-15	2.56e-05	5.27e-12	2.87e-35
 2.77997e+23	1.39e-09	2.90e-05	5.73e-03	3.20e-02	5.71e-01	3.50e-01	4.15e-02	1.39e-09	5.50e-14	9.48e-15	2.90e-05	6.15e-12	4.21e-35
 2.79323e+23	1.55e-09	3.20e-05	6.24e-03	3.40e-02	5.81e-01	3.40e-01	3.87e-02	1.55e-09	6.18e-14	1.07e-14	3.20e-05	6.92e-12	5.72e-35
 2.80603e+23	1.77e-09	3.62e-05	6.94e-03	3.68e-02	5.93e-01	3.28e-01	3.52e-02	1.77e-09	7.12e-14	1.24e-14	3.62e-05	8.03e-12	8.39e-35
 2.81952e+23	1.98e-09	4.02e-05	7.63e-03	3.94e-02	6.04e-01	3.17e-01	3.23e-02	1.98e-09	8.07e-14	1.40e-14	4.02e-05	9.15e-12	1.18e-34
 2.83093e+23	2.18e-09	4.39e-05	8.23e-03	4.17e-02	6.12e-01	3.08e-01	3.01e-02	2.18e-09	8.94e-14	1.56e-14	4.39e-05	1.02e-11	1.56e-34
 2.84276e+23	2.46e-09	4.90e-05	9.05e-03	4.46e-02	6.22e-01	2.97e-01	2.76e-02	2.46e-09	1.02e-13	1.79e-14	4.90e-05	1.17e-11	2.24e-34
 2.85502e+23	2.72e-09	5.39e-05	9.81e-03	4.72e-02	6.30e-01	2.87e-01	2.55e-02	2.72e-09	1.14e-13	2.00e-14	5.39e-05	1.31e-11	3.05e-34
 2.86608e+23	3.01e-09	5.90e-05	1.06e-02	4.99e-02	6.38e-01	2.78e-01	2.37e-02	3.01e-09	1.27e-13	2.24e-14	5.90e-05	1.47e-11	4.12e-34
 2.87871e+23	3.41e-09	6.63e-05	1.17e-02	5.35e-02	6.47e-01	2.67e-01	2.15e-02	3.41e-09	1.47e-13	2.59e-14	6.63e-05	1.70e-11	6.08e-34
 2.89180e+23	3.79e-09	7.32e-05	1.27e-02	5.68e-02	6.54e-01	2.57e-01	1.97e-02	3.79e-09	1.65e-13	2.92e-14	7.32e-05	1.92e-11	8.49e-34
 2.90346e+23	4.21e-09	8.05e-05	1.38e-02	6.00e-02	6.60e-01	2.48e-01	1.82e-02	4.21e-09	1.85e-13	3.30e-14	8.05e-05	2.17e-11	1.17e-33
 2.91657e+23	4.81e-09	9.07e-05	1.52e-02	6.41e-02	6.68e-01	2.36e-01	1.64e-02	4.81e-09	2.15e-13	3.84e-14	9.07e-05	2.52e-11	1.77e-33
 2.93031e+23	5.37e-09	1.01e-04	1.65e-02	6.82e-02	6.74e-01	2.26e-01	1.49e-02	5.37e-09	2.43e-13	4.37e-14	1.01e-04	2.88e-11	2.53e-33
 2.94274e+23	6.01e-09	1.11e-04	1.79e-02	7.20e-02	6.79e-01	2.17e-01	1.36e-02	6.01e-09	2.75e-13	4.96e-14	1.11e-04	3.27e-11	3.58e-33
 2.95677e+23	6.93e-09	1.26e-04	1.98e-02	7.71e-02	6.85e-01	2.06e-01	1.22e-02	6.93e-09	3.23e-13	5.86e-14	1.26e-04	3.84e-11	5.59e-33
 2.97126e+23	7.77e-09	1.41e-04	2.16e-02	8.19e-02	6.89e-01	1.96e-01	1.10e-02	7.77e-09	3.68e-13	6.69e-14	1.41e-04	4.42e-11	8.16e-33
 2.98416e+23	8.73e-09	1.56e-04	2.35e-02	8.64e-02	6.93e-01	1.87e-01	9.99e-03	8.73e-09	4.20e-13	7.66e-14	1.56e-04	5.05e-11	1.17e-32
 2.99874e+23	1.01e-08	1.78e-04	2.60e-02	9.23e-02	6.96e-01	1.77e-01	8.85e-03	1.01e-08	4.96e-13	9.11e-14	1.78e-04	5.98e-11	1.87e-32
 3.01389e+23	1.14e-08	1.99e-04	2.84e-02	9.80e-02	6.98e-01	1.67e-01	7.91e-03	1.14e-08	5.70e-13	1.05e-13	1.99e-04	6.93e-11	2.80e-32
 3.02751e+23	1.29e-08	2.22e-04	3.08e-02	1.03e-01	7.00e-01	1.59e-01	7.13e-03	1.29e-08	6.56e-13	1.21e-13	2.22e-04	7.98e-11	4.12e-32
 3.04293e+23	1.51e-08	2.55e-04	3.42e-02	1.10e-01	7.00e-01	1.49e-01	6.25e-03	1.51e-08	7.86e-13	1.46e-13	2.55e-04	9.56e-11	6.75e-32
 3.05897e+23	1.72e-08	2.87e-04	3.74e-02	1.17e-01	7.00e-01	1.40e-01	5.52e-03	1.72e-08	9.12e-13	1.70e-13	2.87e-04	1.12e-10	1.04e-31
 3.07335e+23	1.96e-08	3.22e-04	4.07e-02	1.23e-01	6.99e-01	1.32e-01	4.94e-03	1.96e-08	1.06e-12	1.99e-13	3.22e-04	1.30e-10	1.56e-31
 3.08304e+23	2.06e-08	3.38e-04	4.21e-02	1.26e-01	6.98e-01	1.29e-01	4.70e-03	2.06e-08	1.13e-12	2.12e-13	3.38e-04	1.38e-10	1.85e-31
