#depth	N	N+	N+2	N+3	N+4	N+5	N+6	N+7
 1.54284e+22	1.26e-13	2.98e-09	1.93e-06	1.07e-04	1.31e-03	1.18e-01	4.74e-01	4.06e-01
 3.51194e+22	7.26e-13	1.43e-08	7.82e-06	3.56e-04	3.16e-03	1.89e-01	5.11e-01	2.97e-01
 4.15133e+22	1.47e-12	2.74e-08	1.43e-05	6.09e-04	4.72e-03	2.31e-01	5.16e-01	2.48e-01
 4.47102e+22	2.02e-12	3.69e-08	1.89e-05	7.86e-04	5.71e-03	2.54e-01	5.15e-01	2.25e-01
 4.62868e+22	2.32e-12	4.22e-08	2.15e-05	8.85e-04	6.25e-03	2.65e-01	5.14e-01	2.14e-01
 4.73739e+22	2.71e-12	4.88e-08	2.47e-05	1.01e-03	6.89e-03	2.77e-01	5.11e-01	2.03e-01
 4.85504e+22	3.16e-12	5.65e-08	2.84e-05	1.15e-03	7.61e-03	2.91e-01	5.09e-01	1.92e-01
 4.97360e+22	3.64e-12	6.49e-08	3.25e-05	1.30e-03	8.38e-03	3.04e-01	5.05e-01	1.82e-01
 5.09335e+22	4.30e-12	7.46e-08	3.72e-05	1.48e-03	9.24e-03	3.17e-01	5.01e-01	1.71e-01
 5.20484e+22	4.83e-12	8.34e-08	4.15e-05	1.64e-03	9.99e-03	3.28e-01	4.97e-01	1.63e-01
 5.31971e+22	5.57e-12	9.57e-08	4.76e-05	1.86e-03	1.10e-02	3.43e-01	4.92e-01	1.53e-01
 5.43662e+22	6.23e-12	1.07e-07	5.30e-05	2.06e-03	1.19e-02	3.54e-01	4.87e-01	1.45e-01
 5.55695e+22	7.17e-12	1.22e-07	6.08e-05	2.34e-03	1.32e-02	3.70e-01	4.80e-01	1.35e-01
 5.67798e+22	7.98e-12	1.36e-07	6.75e-05	2.58e-03	1.42e-02	3.81e-01	4.74e-01	1.28e-01
 5.79992e+22	9.10e-12	1.55e-07	7.70e-05	2.92e-03	1.56e-02	3.96e-01	4.66e-01	1.19e-01
 5.92219e+22	1.01e-11	1.71e-07	8.51e-05	3.20e-03	1.68e-02	4.08e-01	4.60e-01	1.12e-01
 6.04488e+22	1.15e-11	1.94e-07	9.66e-05	3.61e-03	1.84e-02	4.23e-01	4.51e-01	1.04e-01
 6.16884e+22	1.27e-11	2.15e-07	1.07e-04	3.95e-03	1.98e-02	4.34e-01	4.44e-01	9.85e-02
 6.29446e+22	1.43e-11	2.43e-07	1.21e-04	4.44e-03	2.16e-02	4.49e-01	4.34e-01	9.11e-02
 6.42168e+22	1.58e-11	2.68e-07	1.33e-04	4.85e-03	2.32e-02	4.60e-01	4.26e-01	8.57e-02
 6.55099e+22	1.79e-11	3.02e-07	1.51e-04	5.44e-03	2.53e-02	4.75e-01	4.15e-01	7.91e-02
 6.68262e+22	1.98e-11	3.34e-07	1.67e-04	5.95e-03	2.71e-02	4.86e-01	4.07e-01	7.41e-02
 6.81726e+22	2.23e-11	3.78e-07	1.89e-04	6.66e-03	2.96e-02	5.00e-01	3.95e-01	6.80e-02
 6.95489e+22	2.47e-11	4.18e-07	2.10e-04	7.29e-03	3.18e-02	5.12e-01	3.86e-01	6.35e-02
 7.09642e+22	2.80e-11	4.74e-07	2.38e-04	8.17e-03	3.47e-02	5.26e-01	3.73e-01	5.79e-02
 7.24111e+22	3.12e-11	5.27e-07	2.65e-04	8.94e-03	3.71e-02	5.36e-01	3.63e-01	5.38e-02
 7.36277e+22	3.42e-11	5.77e-07	2.90e-04	9.67e-03	3.94e-02	5.46e-01	3.55e-01	5.03e-02
 7.49379e+22	3.83e-11	6.47e-07	3.26e-04	1.07e-02	4.25e-02	5.57e-01	3.43e-01	4.61e-02
 7.62179e+22	4.18e-11	7.05e-07	3.55e-04	1.15e-02	4.49e-02	5.65e-01	3.35e-01	4.33e-02
 7.74587e+22	4.63e-11	7.83e-07	3.95e-04	1.26e-02	4.82e-02	5.75e-01	3.24e-01	3.98e-02
 7.87116e+22	5.09e-11	8.57e-07	4.31e-04	1.35e-02	5.07e-02	5.83e-01	3.15e-01	3.73e-02
 7.99801e+22	5.66e-11	9.54e-07	4.81e-04	1.48e-02	5.43e-02	5.92e-01	3.04e-01	3.42e-02
 8.12664e+22	6.23e-11	1.05e-06	5.26e-04	1.58e-02	5.72e-02	5.99e-01	2.96e-01	3.20e-02
 8.25758e+22	6.95e-11	1.17e-06	5.88e-04	1.73e-02	6.12e-02	6.07e-01	2.84e-01	2.92e-02
 8.39046e+22	7.69e-11	1.29e-06	6.45e-04	1.86e-02	6.44e-02	6.13e-01	2.76e-01	2.72e-02
 8.52587e+22	8.62e-11	1.44e-06	7.23e-04	2.04e-02	6.88e-02	6.21e-01	2.64e-01	2.47e-02
 8.66358e+22	9.59e-11	1.60e-06	7.95e-04	2.19e-02	7.24e-02	6.26e-01	2.56e-01	2.30e-02
 8.80427e+22	1.08e-10	1.80e-06	8.95e-04	2.40e-02	7.74e-02	6.33e-01	2.44e-01	2.08e-02
 8.94783e+22	1.21e-10	2.00e-06	9.87e-04	2.58e-02	8.13e-02	6.37e-01	2.36e-01	1.92e-02
 9.09512e+22	1.37e-10	2.26e-06	1.12e-03	2.82e-02	8.69e-02	6.42e-01	2.24e-01	1.72e-02
 9.24628e+22	1.54e-10	2.52e-06	1.24e-03	3.04e-02	9.15e-02	6.45e-01	2.16e-01	1.58e-02
 9.40247e+22	1.78e-10	2.89e-06	1.41e-03	3.35e-02	9.78e-02	6.49e-01	2.04e-01	1.41e-02
 9.56084e+22	2.01e-10	3.25e-06	1.57e-03	3.61e-02	1.03e-01	6.51e-01	1.95e-01	1.29e-02
 9.72205e+22	2.32e-10	3.73e-06	1.79e-03	3.96e-02	1.10e-01	6.53e-01	1.84e-01	1.15e-02
 9.88491e+22	2.65e-10	4.21e-06	2.00e-03	4.27e-02	1.15e-01	6.54e-01	1.76e-01	1.05e-02
 1.00499e+23	3.08e-10	4.86e-06	2.29e-03	4.69e-02	1.23e-01	6.54e-01	1.65e-01	9.22e-03
 1.02177e+23	3.46e-10	5.50e-06	2.56e-03	5.06e-02	1.28e-01	6.53e-01	1.57e-01	8.37e-03
 1.03652e+23	3.94e-10	6.20e-06	2.85e-03	5.43e-02	1.34e-01	6.51e-01	1.50e-01	7.59e-03
 1.05331e+23	4.61e-10	7.18e-06	3.27e-03	5.95e-02	1.43e-01	6.48e-01	1.40e-01	6.66e-03
 1.07026e+23	5.30e-10	8.13e-06	3.65e-03	6.39e-02	1.49e-01	6.45e-01	1.32e-01	6.02e-03
 1.08421e+23	5.96e-10	9.03e-06	4.01e-03	6.80e-02	1.55e-01	6.42e-01	1.26e-01	5.50e-03
 1.09913e+23	6.92e-10	1.03e-05	4.51e-03	7.34e-02	1.62e-01	6.37e-01	1.19e-01	4.91e-03
 1.11440e+23	7.85e-10	1.16e-05	4.99e-03	7.82e-02	1.68e-01	6.32e-01	1.13e-01	4.45e-03
 1.12799e+23	8.88e-10	1.29e-05	5.49e-03	8.31e-02	1.74e-01	6.27e-01	1.07e-01	4.04e-03
 1.14353e+23	1.04e-09	1.49e-05	6.20e-03	8.96e-02	1.81e-01	6.19e-01	9.99e-02	3.58e-03
 1.15968e+23	1.19e-09	1.68e-05	6.90e-03	9.57e-02	1.88e-01	6.12e-01	9.39e-02	3.20e-03
 1.17410e+23	1.36e-09	1.88e-05	7.62e-03	1.02e-01	1.95e-01	6.04e-01	8.87e-02	2.89e-03
 1.19033e+23	1.61e-09	2.18e-05	8.62e-03	1.10e-01	2.03e-01	5.94e-01	8.24e-02	2.54e-03
 1.20730e+23	1.86e-09	2.48e-05	9.63e-03	1.17e-01	2.10e-01	5.84e-01	7.68e-02	2.25e-03
 1.22261e+23	2.15e-09	2.81e-05	1.07e-02	1.24e-01	2.16e-01	5.75e-01	7.20e-02	2.01e-03
 1.23987e+23	2.58e-09	3.28e-05	1.21e-02	1.34e-01	2.24e-01	5.61e-01	6.62e-02	1.74e-03
 1.25773e+23	3.01e-09	3.75e-05	1.36e-02	1.43e-01	2.31e-01	5.49e-01	6.13e-02	1.53e-03
 1.27366e+23	3.50e-09	4.26e-05	1.51e-02	1.52e-01	2.38e-01	5.37e-01	5.70e-02	1.35e-03
 1.29168e+23	4.23e-09	5.00e-05	1.71e-02	1.63e-01	2.45e-01	5.21e-01	5.19e-02	1.16e-03
 1.31041e+23	4.99e-09	5.76e-05	1.92e-02	1.74e-01	2.52e-01	5.06e-01	4.76e-02	1.00e-03
 1.32725e+23	5.85e-09	6.58e-05	2.14e-02	1.85e-01	2.58e-01	4.91e-01	4.39e-02	8.77e-04
 1.34633e+23	7.17e-09	7.80e-05	2.44e-02	1.98e-01	2.65e-01	4.72e-01	3.94e-02	7.36e-04
 1.36602e+23	8.53e-09	9.00e-05	2.73e-02	2.11e-01	2.70e-01	4.55e-01	3.58e-02	6.32e-04
 1.38377e+23	1.01e-08	1.04e-04	3.04e-02	2.23e-01	2.75e-01	4.39e-01	3.26e-02	5.44e-04
 1.40411e+23	1.26e-08	1.24e-04	3.49e-02	2.39e-01	2.81e-01	4.17e-01	2.88e-02	4.47e-04
 1.42472e+23	1.50e-08	1.43e-04	3.89e-02	2.52e-01	2.85e-01	3.98e-01	2.58e-02	3.78e-04
 1.44294e+23	1.79e-08	1.65e-04	4.32e-02	2.65e-01	2.87e-01	3.80e-01	2.33e-02	3.22e-04
 1.46388e+23	2.24e-08	1.98e-04	4.94e-02	2.83e-01	2.90e-01	3.57e-01	2.02e-02	2.59e-04
 1.48508e+23	2.68e-08	2.28e-04	5.49e-02	2.97e-01	2.92e-01	3.38e-01	1.80e-02	2.17e-04
 1.50664e+23	3.38e-08	2.74e-04	6.25e-02	3.14e-01	2.93e-01	3.15e-01	1.55e-02	1.73e-04
 1.52865e+23	4.09e-08	3.19e-04	6.95e-02	3.29e-01	2.92e-01	2.95e-01	1.36e-02	1.43e-04
 1.54823e+23	4.92e-08	3.69e-04	7.69e-02	3.43e-01	2.91e-01	2.77e-01	1.20e-02	1.18e-04
 1.57069e+23	6.26e-08	4.44e-04	8.73e-02	3.60e-01	2.88e-01	2.53e-01	1.01e-02	9.15e-05
 1.59352e+23	7.61e-08	5.16e-04	9.65e-02	3.74e-01	2.85e-01	2.35e-01	8.74e-03	7.42e-05
 1.61685e+23	9.78e-08	6.24e-04	1.09e-01	3.91e-01	2.79e-01	2.13e-01	7.24e-03	5.64e-05
 1.63966e+23	1.17e-07	7.17e-04	1.19e-01	4.02e-01	2.75e-01	1.97e-01	6.28e-03	4.59e-05
 1.66177e+23	1.49e-07	8.55e-04	1.33e-01	4.16e-01	2.67e-01	1.77e-01	5.20e-03	3.51e-05
 1.68317e+23	1.76e-07	9.68e-04	1.44e-01	4.25e-01	2.61e-01	1.64e-01	4.53e-03	2.89e-05
 1.70366e+23	2.18e-07	1.13e-03	1.58e-01	4.36e-01	2.53e-01	1.48e-01	3.79e-03	2.24e-05
 1.72447e+23	2.59e-07	1.29e-03	1.71e-01	4.44e-01	2.45e-01	1.36e-01	3.26e-03	1.81e-05
 1.74284e+23	3.07e-07	1.45e-03	1.83e-01	4.50e-01	2.38e-01	1.24e-01	2.81e-03	1.47e-05
 1.76385e+23	3.81e-07	1.70e-03	2.00e-01	4.58e-01	2.28e-01	1.11e-01	2.31e-03	1.12e-05
 1.78525e+23	4.55e-07	1.93e-03	2.14e-01	4.62e-01	2.19e-01	1.00e-01	1.96e-03	8.86e-06
 1.80716e+23	5.65e-07	2.25e-03	2.33e-01	4.67e-01	2.08e-01	8.87e-02	1.59e-03	6.67e-06
 1.82946e+23	6.79e-07	2.55e-03	2.50e-01	4.69e-01	1.98e-01	7.95e-02	1.33e-03	5.19e-06
 1.84895e+23	8.06e-07	2.88e-03	2.65e-01	4.70e-01	1.89e-01	7.16e-02	1.12e-03	4.10e-06
 1.87098e+23	1.00e-06	3.34e-03	2.86e-01	4.70e-01	1.77e-01	6.24e-02	8.95e-04	3.02e-06
 1.89156e+23	1.16e-06	3.69e-03	3.01e-01	4.69e-01	1.69e-01	5.67e-02	7.67e-04	2.45e-06
 1.91024e+23	1.39e-06	4.17e-03	3.19e-01	4.67e-01	1.60e-01	5.03e-02	6.33e-04	1.88e-06
 1.92932e+23	1.61e-06	4.61e-03	3.34e-01	4.64e-01	1.51e-01	4.53e-02	5.36e-04	1.50e-06
 1.94623e+23	1.86e-06	5.08e-03	3.49e-01	4.60e-01	1.44e-01	4.10e-02	4.57e-04	1.21e-06
 1.96557e+23	2.22e-06	5.72e-03	3.68e-01	4.55e-01	1.35e-01	3.60e-02	3.72e-04	9.19e-07
 1.98527e+23	2.57e-06	6.31e-03	3.85e-01	4.50e-01	1.27e-01	3.22e-02	3.12e-04	7.25e-07
 2.00270e+23	2.97e-06	6.94e-03	4.01e-01	4.44e-01	1.19e-01	2.89e-02	2.63e-04	5.74e-07
 2.02266e+23	3.56e-06	7.82e-03	4.21e-01	4.35e-01	1.11e-01	2.51e-02	2.11e-04	4.28e-07
 2.04280e+23	4.14e-06	8.62e-03	4.37e-01	4.28e-01	1.04e-01	2.23e-02	1.76e-04	3.34e-07
 2.06047e+23	4.78e-06	9.46e-03	4.53e-01	4.20e-01	9.71e-02	1.99e-02	1.47e-04	2.62e-07
 2.08070e+23	5.71e-06	1.06e-02	4.73e-01	4.10e-01	8.93e-02	1.71e-02	1.17e-04	1.93e-07
 2.10129e+23	6.63e-06	1.17e-02	4.90e-01	4.00e-01	8.30e-02	1.51e-02	9.62e-05	1.49e-07
 2.11957e+23	7.66e-06	1.28e-02	5.06e-01	3.91e-01	7.72e-02	1.34e-02	7.94e-05	0.00e+00
 2.14057e+23	9.18e-06	1.44e-02	5.26e-01	3.78e-01	7.03e-02	1.14e-02	6.22e-05	0.00e+00
 2.16192e+23	1.07e-05	1.58e-02	5.42e-01	3.67e-01	6.48e-02	9.96e-03	5.06e-05	0.00e+00
 2.18370e+23	1.28e-05	1.78e-02	5.62e-01	3.53e-01	5.86e-02	8.41e-03	3.91e-05	0.00e+00
 2.20577e+23	1.49e-05	1.95e-02	5.78e-01	3.41e-01	5.37e-02	7.30e-03	3.14e-05	0.00e+00
 2.22820e+23	1.80e-05	2.20e-02	5.97e-01	3.26e-01	4.81e-02	6.11e-03	2.40e-05	0.00e+00
 2.25107e+23	2.10e-05	2.42e-02	6.13e-01	3.14e-01	4.38e-02	5.26e-03	1.90e-05	0.00e+00
 2.27449e+23	2.54e-05	2.72e-02	6.31e-01	2.98e-01	3.89e-02	4.36e-03	1.43e-05	0.00e+00
 2.29835e+23	2.98e-05	2.99e-02	6.46e-01	2.85e-01	3.52e-02	3.71e-03	1.12e-05	0.00e+00
 2.32275e+23	3.62e-05	3.38e-02	6.63e-01	2.69e-01	3.09e-02	3.04e-03	8.26e-06	0.00e+00
 2.34750e+23	4.24e-05	3.71e-02	6.77e-01	2.56e-01	2.78e-02	2.57e-03	6.40e-06	0.00e+00
 2.36621e+23	4.74e-05	3.96e-02	6.86e-01	2.46e-01	2.57e-02	2.28e-03	5.33e-06	0.00e+00
 2.38406e+23	5.44e-05	4.31e-02	6.97e-01	2.35e-01	2.33e-02	1.96e-03	4.25e-06	0.00e+00
 2.40233e+23	6.10e-05	4.62e-02	7.05e-01	2.25e-01	2.14e-02	1.73e-03	3.51e-06	0.00e+00
 2.42115e+23	7.02e-05	5.03e-02	7.15e-01	2.14e-01	1.94e-02	1.48e-03	2.77e-06	0.00e+00
 2.44041e+23	7.92e-05	5.39e-02	7.23e-01	2.04e-01	1.77e-02	1.29e-03	2.25e-06	0.00e+00
 2.45764e+23	8.91e-05	5.78e-02	7.30e-01	1.95e-01	1.62e-02	1.12e-03	1.84e-06	0.00e+00
 2.47744e+23	1.03e-04	6.32e-02	7.38e-01	1.84e-01	1.44e-02	9.48e-04	1.42e-06	0.00e+00
 2.49750e+23	1.16e-04	6.77e-02	7.44e-01	1.74e-01	1.31e-02	8.22e-04	1.15e-06	0.00e+00
 2.51790e+23	1.36e-04	7.41e-02	7.50e-01	1.63e-01	1.16e-02	6.86e-04	8.73e-07	0.00e+00
 2.53852e+23	1.53e-04	7.95e-02	7.55e-01	1.54e-01	1.05e-02	5.90e-04	6.96e-07	0.00e+00
 2.55945e+23	1.79e-04	8.71e-02	7.60e-01	1.43e-01	9.25e-03	4.88e-04	5.25e-07	0.00e+00
 2.58075e+23	2.03e-04	9.35e-02	7.63e-01	1.34e-01	8.30e-03	4.16e-04	4.14e-07	0.00e+00
 2.60254e+23	2.38e-04	1.03e-01	7.66e-01	1.24e-01	7.26e-03	3.41e-04	3.07e-07	0.00e+00
 2.62472e+23	2.72e-04	1.11e-01	7.67e-01	1.15e-01	6.46e-03	2.87e-04	2.38e-07	0.00e+00
 2.64739e+23	3.23e-04	1.22e-01	7.67e-01	1.05e-01	5.58e-03	2.31e-04	1.72e-07	0.00e+00
 2.67008e+23	3.68e-04	1.31e-01	7.66e-01	9.74e-02	4.96e-03	1.94e-04	1.33e-07	0.00e+00
 2.69279e+23	4.36e-04	1.45e-01	7.62e-01	8.82e-02	4.27e-03	1.55e-04	0.00e+00	0.00e+00
 2.71565e+23	4.99e-04	1.56e-01	7.59e-01	8.10e-02	3.78e-03	1.29e-04	0.00e+00	0.00e+00
 2.73873e+23	5.93e-04	1.72e-01	7.51e-01	7.26e-02	3.23e-03	1.02e-04	0.00e+00	0.00e+00
 2.76194e+23	6.83e-04	1.86e-01	7.45e-01	6.61e-02	2.84e-03	8.37e-05	0.00e+00	0.00e+00
 2.78532e+23	8.20e-04	2.06e-01	7.33e-01	5.83e-02	2.40e-03	6.47e-05	0.00e+00	0.00e+00
 2.80848e+23	9.46e-04	2.22e-01	7.22e-01	5.26e-02	2.10e-03	5.29e-05	0.00e+00	0.00e+00
 2.83137e+23	1.14e-03	2.46e-01	7.05e-01	4.58e-02	1.77e-03	4.04e-05	0.00e+00	0.00e+00
 2.85424e+23	1.32e-03	2.66e-01	6.90e-01	4.08e-02	1.54e-03	3.25e-05	0.00e+00	0.00e+00
 2.87708e+23	1.60e-03	2.95e-01	6.67e-01	3.50e-02	1.29e-03	2.43e-05	0.00e+00	0.00e+00
 2.89992e+23	1.87e-03	3.20e-01	6.47e-01	3.06e-02	1.11e-03	1.91e-05	0.00e+00	0.00e+00
 2.92278e+23	2.27e-03	3.54e-01	6.17e-01	2.57e-02	9.12e-04	1.39e-05	0.00e+00	0.00e+00
 2.94569e+23	2.68e-03	3.84e-01	5.91e-01	2.20e-02	7.73e-04	1.06e-05	0.00e+00	0.00e+00
 2.96565e+23	3.15e-03	4.16e-01	5.62e-01	1.87e-02	6.53e-04	8.06e-06	0.00e+00	0.00e+00
 2.98858e+23	3.86e-03	4.59e-01	5.22e-01	1.51e-02	5.22e-04	5.56e-06	0.00e+00	0.00e+00
 3.01179e+23	4.63e-03	4.98e-01	4.84e-01	1.23e-02	4.26e-04	3.96e-06	0.00e+00	0.00e+00
 3.03184e+23	5.50e-03	5.38e-01	4.46e-01	9.98e-03	3.47e-04	2.82e-06	0.00e+00	0.00e+00
 3.05439e+23	6.78e-03	5.88e-01	3.98e-01	7.57e-03	2.64e-04	1.80e-06	0.00e+00	0.00e+00
 3.07640e+23	8.22e-03	6.34e-01	3.52e-01	5.81e-03	2.04e-04	1.18e-06	0.00e+00	0.00e+00
