#depth	Si	Si+	Si+2	Si+3	Si+4	Si+5	Si+6	Si+7	Si+8	Si+9	Si+10	Si+11	Si+12	Si+13	Si+14
 1.54284e+22	2.49e-25	1.44e-13	4.36e-11	1.63e-09	3.76e-06	7.78e-04	3.05e-02	2.17e-01	3.71e-01	2.56e-01	7.42e-02	2.69e-02	2.23e-02	1.58e-03	3.54e-05
 3.51194e+22	1.87e-24	1.28e-12	2.53e-10	6.47e-09	9.82e-06	1.69e-03	5.57e-02	3.29e-01	3.74e-01	1.82e-01	3.82e-02	1.21e-02	7.14e-03	3.45e-04	5.27e-06
 4.15133e+22	4.85e-24	3.82e-12	6.16e-10	1.35e-08	1.67e-05	2.52e-03	7.36e-02	3.89e-01	3.54e-01	1.43e-01	2.58e-02	7.81e-03	3.88e-03	1.55e-04	1.96e-06
 4.47102e+22	7.79e-24	6.54e-12	9.62e-10	1.97e-08	2.20e-05	3.08e-03	8.42e-02	4.17e-01	3.40e-01	1.25e-01	2.09e-02	6.21e-03	2.82e-03	1.03e-04	1.19e-06
 4.62868e+22	9.80e-24	8.44e-12	1.19e-09	2.36e-08	2.51e-05	3.39e-03	8.96e-02	4.30e-01	3.32e-01	1.17e-01	1.89e-02	5.55e-03	2.42e-03	8.43e-05	9.32e-07
 4.73739e+22	1.26e-23	1.12e-11	1.50e-09	2.88e-08	2.91e-05	3.76e-03	9.59e-02	4.45e-01	3.23e-01	1.09e-01	1.68e-02	4.89e-03	2.04e-03	6.76e-05	7.12e-07
 4.85504e+22	1.66e-23	1.49e-11	1.92e-09	3.55e-08	3.40e-05	4.19e-03	1.03e-01	4.59e-01	3.13e-01	1.00e-01	1.49e-02	4.28e-03	1.70e-03	5.36e-05	5.37e-07
 4.97360e+22	2.15e-23	1.97e-11	2.42e-09	4.35e-08	3.95e-05	4.66e-03	1.10e-01	4.72e-01	3.03e-01	9.23e-02	1.32e-02	3.75e-03	1.43e-03	4.28e-05	4.08e-07
 5.09335e+22	3.22e-23	2.61e-11	3.09e-09	5.37e-08	4.61e-05	5.19e-03	1.17e-01	4.85e-01	2.92e-01	8.46e-02	1.16e-02	3.27e-03	1.19e-03	3.38e-05	3.06e-07
 5.20484e+22	4.06e-23	3.29e-11	3.76e-09	6.37e-08	5.23e-05	5.66e-03	1.24e-01	4.95e-01	2.83e-01	7.87e-02	1.04e-02	2.92e-03	1.02e-03	2.78e-05	2.42e-07
 5.31971e+22	5.44e-23	4.40e-11	4.83e-09	7.93e-08	6.14e-05	6.33e-03	1.32e-01	5.06e-01	2.71e-01	7.16e-02	9.10e-03	2.52e-03	8.36e-04	2.17e-05	1.79e-07
 5.43662e+22	6.92e-23	5.54e-11	5.89e-09	9.44e-08	6.99e-05	6.91e-03	1.39e-01	5.15e-01	2.61e-01	6.63e-02	8.16e-03	2.23e-03	7.13e-04	1.77e-05	1.40e-07
 5.55695e+22	9.42e-23	7.43e-11	7.59e-09	1.18e-07	8.24e-05	7.72e-03	1.49e-01	5.25e-01	2.49e-01	6.00e-02	7.06e-03	1.91e-03	5.81e-04	1.37e-05	0.00e+00
 5.67798e+22	1.21e-22	9.30e-11	9.23e-09	1.41e-07	9.36e-05	8.42e-03	1.56e-01	5.32e-01	2.39e-01	5.54e-02	6.31e-03	1.69e-03	4.94e-04	1.11e-05	0.00e+00
 5.79992e+22	1.65e-22	1.24e-10	1.19e-08	1.76e-07	1.10e-04	9.40e-03	1.66e-01	5.41e-01	2.27e-01	4.98e-02	5.45e-03	1.44e-03	4.01e-04	8.55e-06	0.00e+00
 5.92219e+22	2.11e-22	1.54e-10	1.44e-08	2.08e-07	1.25e-04	1.02e-02	1.74e-01	5.46e-01	2.17e-01	4.60e-02	4.87e-03	1.28e-03	3.42e-04	7.00e-06	0.00e+00
 6.04488e+22	2.88e-22	2.03e-10	1.83e-08	2.59e-07	1.46e-04	1.13e-02	1.84e-01	5.52e-01	2.05e-01	4.14e-02	4.20e-03	1.09e-03	2.77e-04	5.37e-06	0.00e+00
 6.16884e+22	3.69e-22	2.51e-10	2.21e-08	3.06e-07	1.66e-04	1.23e-02	1.92e-01	5.56e-01	1.96e-01	3.81e-02	3.75e-03	9.59e-04	2.36e-04	4.38e-06	0.00e+00
 6.29446e+22	5.07e-22	3.29e-10	2.82e-08	3.81e-07	1.94e-04	1.36e-02	2.03e-01	5.60e-01	1.85e-01	3.41e-02	3.22e-03	8.13e-04	1.90e-04	3.35e-06	0.00e+00
 6.42168e+22	6.50e-22	4.06e-10	3.40e-08	4.51e-07	2.20e-04	1.48e-02	2.12e-01	5.62e-01	1.76e-01	3.13e-02	2.87e-03	7.15e-04	1.61e-04	2.72e-06	0.00e+00
 6.55099e+22	8.96e-22	5.32e-10	4.34e-08	5.61e-07	2.58e-04	1.64e-02	2.24e-01	5.64e-01	1.65e-01	2.80e-02	2.46e-03	6.04e-04	1.30e-04	2.07e-06	0.00e+00
 6.68262e+22	1.16e-21	6.56e-10	5.24e-08	6.66e-07	2.92e-04	1.78e-02	2.33e-01	5.64e-01	1.56e-01	2.56e-02	2.18e-03	5.28e-04	1.09e-04	1.67e-06	0.00e+00
 6.81726e+22	1.61e-21	8.59e-10	6.69e-08	8.32e-07	3.43e-04	1.97e-02	2.45e-01	5.64e-01	1.46e-01	2.27e-02	1.86e-03	4.43e-04	8.72e-05	1.26e-06	0.00e+00
 6.95489e+22	2.09e-21	1.06e-09	8.12e-08	9.90e-07	3.89e-04	2.13e-02	2.55e-01	5.63e-01	1.38e-01	2.07e-02	1.63e-03	3.86e-04	7.29e-05	1.01e-06	0.00e+00
 7.09642e+22	2.92e-21	1.39e-09	1.04e-07	1.24e-06	4.58e-04	2.37e-02	2.68e-01	5.60e-01	1.28e-01	1.83e-02	1.38e-03	3.21e-04	5.77e-05	7.51e-07	0.00e+00
 7.24111e+22	3.82e-21	1.73e-09	1.27e-07	1.49e-06	5.21e-04	2.57e-02	2.78e-01	5.57e-01	1.20e-01	1.66e-02	1.21e-03	2.77e-04	4.79e-05	5.96e-07	0.00e+00
 7.36277e+22	4.83e-21	2.08e-09	1.51e-07	1.74e-06	5.83e-04	2.75e-02	2.87e-01	5.54e-01	1.14e-01	1.52e-02	1.08e-03	2.44e-04	4.07e-05	4.85e-07	0.00e+00
 7.49379e+22	6.53e-21	2.65e-09	1.88e-07	2.13e-06	6.75e-04	3.01e-02	2.99e-01	5.50e-01	1.06e-01	1.36e-02	9.29e-04	2.06e-04	3.29e-05	3.72e-07	0.00e+00
 7.62179e+22	8.12e-21	3.15e-09	2.21e-07	2.46e-06	7.49e-04	3.21e-02	3.08e-01	5.45e-01	1.00e-01	1.25e-02	8.33e-04	1.83e-04	2.82e-05	3.07e-07	0.00e+00
 7.74587e+22	1.07e-20	3.92e-09	2.71e-07	2.98e-06	8.58e-04	3.50e-02	3.19e-01	5.40e-01	9.33e-02	1.12e-02	7.21e-04	1.56e-04	2.30e-05	2.38e-07	0.00e+00
 7.87116e+22	1.33e-20	4.65e-09	3.18e-07	3.44e-06	9.50e-04	3.72e-02	3.28e-01	5.34e-01	8.84e-02	1.03e-02	6.47e-04	1.38e-04	1.98e-05	1.97e-07	0.00e+00
 7.99801e+22	1.76e-20	5.78e-09	3.90e-07	4.15e-06	1.09e-03	4.04e-02	3.39e-01	5.27e-01	8.21e-02	9.26e-03	5.59e-04	1.17e-04	1.61e-05	1.53e-07	0.00e+00
 8.12664e+22	2.20e-20	6.87e-09	4.57e-07	4.80e-06	1.21e-03	4.30e-02	3.48e-01	5.21e-01	7.75e-02	8.51e-03	5.00e-04	1.03e-04	1.38e-05	1.25e-07	0.00e+00
 8.25758e+22	2.92e-20	8.55e-09	5.63e-07	5.81e-06	1.38e-03	4.67e-02	3.60e-01	5.13e-01	7.17e-02	7.60e-03	4.30e-04	8.76e-05	1.12e-05	0.00e+00	0.00e+00
 8.39046e+22	3.66e-20	1.02e-08	6.61e-07	6.73e-06	1.53e-03	4.97e-02	3.68e-01	5.05e-01	6.76e-02	6.97e-03	3.84e-04	7.71e-05	9.51e-06	0.00e+00	0.00e+00
 8.52587e+22	4.87e-20	1.27e-08	8.16e-07	8.18e-06	1.76e-03	5.39e-02	3.80e-01	4.96e-01	6.22e-02	6.20e-03	3.29e-04	6.50e-05	7.67e-06	0.00e+00	0.00e+00
 8.66358e+22	6.14e-20	1.51e-08	9.61e-07	9.48e-06	1.95e-03	5.74e-02	3.89e-01	4.87e-01	5.85e-02	5.68e-03	2.93e-04	5.70e-05	6.50e-06	0.00e+00	0.00e+00
 8.80427e+22	8.21e-20	1.89e-08	1.19e-06	1.16e-05	2.24e-03	6.23e-02	4.00e-01	4.76e-01	5.36e-02	5.02e-03	2.49e-04	4.77e-05	5.20e-06	0.00e+00	0.00e+00
 8.94783e+22	1.04e-19	2.26e-08	1.41e-06	1.35e-05	2.49e-03	6.63e-02	4.09e-01	4.67e-01	5.01e-02	4.58e-03	2.21e-04	4.16e-05	4.39e-06	0.00e+00	0.00e+00
 9.09512e+22	1.41e-19	2.84e-08	1.75e-06	1.65e-05	2.88e-03	7.21e-02	4.20e-01	4.55e-01	4.57e-02	4.03e-03	1.87e-04	3.46e-05	3.48e-06	0.00e+00	0.00e+00
 9.24628e+22	1.81e-19	3.42e-08	2.09e-06	1.94e-05	3.21e-03	7.69e-02	4.29e-01	4.44e-01	4.24e-02	3.65e-03	1.64e-04	2.99e-05	2.90e-06	0.00e+00	0.00e+00
 9.40247e+22	2.47e-19	4.33e-08	2.62e-06	2.39e-05	3.72e-03	8.35e-02	4.40e-01	4.31e-01	3.85e-02	3.20e-03	1.38e-04	2.47e-05	2.28e-06	0.00e+00	0.00e+00
 9.56084e+22	3.19e-19	5.23e-08	3.12e-06	2.80e-05	4.15e-03	8.90e-02	4.49e-01	4.20e-01	3.56e-02	2.89e-03	1.21e-04	2.13e-05	1.89e-06	0.00e+00	0.00e+00
 9.72205e+22	4.39e-19	6.63e-08	3.92e-06	3.47e-05	4.81e-03	9.67e-02	4.59e-01	4.05e-01	3.21e-02	2.52e-03	1.01e-04	1.75e-05	1.48e-06	0.00e+00	0.00e+00
 9.88491e+22	5.70e-19	8.00e-08	4.68e-06	4.06e-05	5.37e-03	1.03e-01	4.66e-01	3.93e-01	2.96e-02	2.27e-03	8.78e-05	1.50e-05	1.22e-06	0.00e+00	0.00e+00
 1.00499e+23	7.83e-19	1.02e-07	5.89e-06	5.03e-05	6.21e-03	1.11e-01	4.76e-01	3.78e-01	2.66e-02	1.97e-03	7.31e-05	1.23e-05	9.49e-07	0.00e+00	0.00e+00
 1.02177e+23	7.92e-19	1.23e-07	7.05e-06	5.91e-05	6.94e-03	1.18e-01	4.83e-01	3.66e-01	2.44e-02	1.77e-03	6.34e-05	1.05e-05	7.81e-07	0.00e+00	0.00e+00
 1.03652e+23	1.02e-18	1.48e-07	8.40e-06	6.93e-05	7.74e-03	1.26e-01	4.89e-01	3.54e-01	2.24e-02	1.59e-03	5.51e-05	8.98e-06	6.43e-07	0.00e+00	0.00e+00
 1.05331e+23	1.39e-18	1.87e-07	1.05e-05	8.56e-05	8.92e-03	1.36e-01	4.96e-01	3.38e-01	2.00e-02	1.38e-03	4.56e-05	7.32e-06	4.97e-07	0.00e+00	0.00e+00
 1.07026e+23	1.80e-18	2.25e-07	1.26e-05	1.00e-04	9.93e-03	1.44e-01	5.01e-01	3.26e-01	1.83e-02	1.24e-03	3.95e-05	6.25e-06	4.09e-07	0.00e+00	0.00e+00
 1.08421e+23	2.24e-18	2.64e-07	1.46e-05	1.15e-04	1.09e-02	1.51e-01	5.05e-01	3.15e-01	1.69e-02	1.12e-03	3.48e-05	5.45e-06	3.44e-07	0.00e+00	0.00e+00
 1.09913e+23	2.96e-18	3.23e-07	1.77e-05	1.37e-04	1.22e-02	1.60e-01	5.09e-01	3.02e-01	1.53e-02	9.94e-04	2.97e-05	4.58e-06	2.76e-07	0.00e+00	0.00e+00
 1.11440e+23	3.75e-18	3.82e-07	2.08e-05	1.59e-04	1.35e-02	1.69e-01	5.12e-01	2.91e-01	1.41e-02	8.96e-04	2.59e-05	3.94e-06	2.29e-07	0.00e+00	0.00e+00
 1.12799e+23	4.70e-18	4.49e-07	2.42e-05	1.83e-04	1.48e-02	1.77e-01	5.14e-01	2.80e-01	1.30e-02	8.10e-04	2.27e-05	3.42e-06	1.92e-07	0.00e+00	0.00e+00
 1.14353e+23	6.27e-18	5.49e-07	2.93e-05	2.17e-04	1.66e-02	1.88e-01	5.16e-01	2.67e-01	1.17e-02	7.14e-04	1.92e-05	2.86e-06	1.53e-07	0.00e+00	0.00e+00
 1.15968e+23	8.09e-18	6.56e-07	3.48e-05	2.54e-04	1.85e-02	1.98e-01	5.18e-01	2.55e-01	1.06e-02	6.36e-04	1.65e-05	2.42e-06	1.25e-07	0.00e+00	0.00e+00
 1.17410e+23	1.03e-17	7.74e-07	4.07e-05	2.93e-04	2.02e-02	2.07e-01	5.18e-01	2.44e-01	9.67e-03	5.72e-04	1.44e-05	2.09e-06	0.00e+00	0.00e+00	0.00e+00
 1.19033e+23	1.39e-17	9.52e-07	4.95e-05	3.49e-04	2.27e-02	2.19e-01	5.18e-01	2.31e-01	8.64e-03	5.01e-04	1.21e-05	1.73e-06	0.00e+00	0.00e+00	0.00e+00
 1.20730e+23	1.83e-17	1.14e-06	5.90e-05	4.11e-04	2.52e-02	2.30e-01	5.17e-01	2.19e-01	7.77e-03	4.43e-04	1.03e-05	1.46e-06	0.00e+00	0.00e+00	0.00e+00
 1.22261e+23	2.35e-17	1.36e-06	6.93e-05	4.75e-04	2.77e-02	2.40e-01	5.15e-01	2.09e-01	7.05e-03	3.96e-04	8.84e-06	1.24e-06	0.00e+00	0.00e+00	0.00e+00
 1.23987e+23	3.28e-17	1.68e-06	8.49e-05	5.70e-04	3.11e-02	2.53e-01	5.12e-01	1.96e-01	6.23e-03	3.43e-04	7.33e-06	1.02e-06	0.00e+00	0.00e+00	0.00e+00
 1.25773e+23	4.42e-17	2.03e-06	1.01e-04	6.70e-04	3.45e-02	2.65e-01	5.09e-01	1.85e-01	5.56e-03	3.01e-04	6.18e-06	8.49e-07	0.00e+00	0.00e+00	0.00e+00
 1.27366e+23	5.80e-17	2.41e-06	1.19e-04	7.77e-04	3.79e-02	2.77e-01	5.05e-01	1.75e-01	5.00e-03	2.67e-04	5.28e-06	7.17e-07	0.00e+00	0.00e+00	0.00e+00
 1.29168e+23	8.25e-17	3.00e-06	1.47e-04	9.35e-04	4.26e-02	2.91e-01	4.98e-01	1.62e-01	4.37e-03	2.29e-04	4.32e-06	5.80e-07	0.00e+00	0.00e+00	0.00e+00
 1.31041e+23	1.16e-16	3.64e-06	1.76e-04	1.10e-03	4.72e-02	3.04e-01	4.92e-01	1.52e-01	3.86e-03	1.99e-04	3.60e-06	4.79e-07	0.00e+00	0.00e+00	0.00e+00
 1.32725e+23	1.56e-16	4.35e-06	2.08e-04	1.28e-03	5.18e-02	3.16e-01	4.85e-01	1.42e-01	3.44e-03	1.75e-04	3.04e-06	4.00e-07	0.00e+00	0.00e+00	0.00e+00
 1.34633e+23	2.37e-16	5.47e-06	2.58e-04	1.56e-03	5.84e-02	3.31e-01	4.75e-01	1.31e-01	2.96e-03	1.48e-04	2.44e-06	3.18e-07	0.00e+00	0.00e+00	0.00e+00
 1.36602e+23	3.54e-16	6.63e-06	3.09e-04	1.83e-03	6.45e-02	3.44e-01	4.66e-01	1.21e-01	2.59e-03	1.28e-04	2.01e-06	2.60e-07	0.00e+00	0.00e+00	0.00e+00
 1.38377e+23	5.04e-16	7.99e-06	3.68e-04	2.15e-03	7.08e-02	3.56e-01	4.56e-01	1.12e-01	2.28e-03	1.11e-04	1.67e-06	2.14e-07	0.00e+00	0.00e+00	0.00e+00
 1.40411e+23	8.50e-16	1.01e-05	4.59e-04	2.62e-03	7.98e-02	3.71e-01	4.42e-01	1.02e-01	1.93e-03	9.23e-05	1.32e-06	1.67e-07	0.00e+00	0.00e+00	0.00e+00
 1.42472e+23	1.46e-15	1.23e-05	5.48e-04	3.09e-03	8.79e-02	3.83e-01	4.30e-01	9.35e-02	1.67e-03	7.89e-05	1.07e-06	1.35e-07	0.00e+00	0.00e+00	0.00e+00
 1.44294e+23	2.26e-15	1.48e-05	6.52e-04	3.60e-03	9.61e-02	3.94e-01	4.18e-01	8.60e-02	1.46e-03	6.79e-05	8.85e-07	0.00e+00	0.00e+00	0.00e+00	0.00e+00
 1.46388e+23	5.10e-15	1.88e-05	8.14e-04	4.39e-03	1.08e-01	4.08e-01	4.01e-01	7.68e-02	1.21e-03	5.57e-05	6.84e-07	0.00e+00	0.00e+00	0.00e+00	0.00e+00
 1.48508e+23	1.20e-14	2.27e-05	9.70e-04	5.16e-03	1.18e-01	4.18e-01	3.86e-01	6.99e-02	1.04e-03	4.72e-05	5.53e-07	0.00e+00	0.00e+00	0.00e+00	0.00e+00
 1.50664e+23	2.64e-14	2.90e-05	1.21e-03	6.27e-03	1.32e-01	4.30e-01	3.68e-01	6.20e-02	8.64e-04	3.85e-05	4.25e-07	0.00e+00	0.00e+00	0.00e+00	0.00e+00
 1.52865e+23	6.03e-14	3.53e-05	1.45e-03	7.38e-03	1.44e-01	4.39e-01	3.52e-01	5.58e-02	7.34e-04	3.23e-05	3.39e-07	0.00e+00	0.00e+00	0.00e+00	0.00e+00
 1.54823e+23	1.18e-13	4.28e-05	1.73e-03	8.64e-03	1.57e-01	4.46e-01	3.36e-01	5.01e-02	6.23e-04	2.71e-05	2.71e-07	0.00e+00	0.00e+00	0.00e+00	0.00e+00
 1.57069e+23	2.06e-13	5.48e-05	2.16e-03	1.05e-02	1.74e-01	4.54e-01	3.15e-01	4.36e-02	5.06e-04	2.16e-05	2.03e-07	0.00e+00	0.00e+00	0.00e+00	0.00e+00
 1.59352e+23	3.23e-13	6.70e-05	2.58e-03	1.23e-02	1.89e-01	4.59e-01	2.98e-01	3.88e-02	4.25e-04	1.79e-05	1.60e-07	0.00e+00	0.00e+00	0.00e+00	0.00e+00
 1.61685e+23	5.30e-13	8.63e-05	3.23e-03	1.50e-02	2.09e-01	4.63e-01	2.76e-01	3.32e-02	3.38e-04	1.40e-05	1.17e-07	0.00e+00	0.00e+00	0.00e+00	0.00e+00
 1.63966e+23	7.56e-13	1.04e-04	3.80e-03	1.73e-02	2.25e-01	4.64e-01	2.60e-01	2.95e-02	2.85e-04	1.17e-05	0.00e+00	0.00e+00	0.00e+00	0.00e+00	0.00e+00
 1.66177e+23	1.17e-12	1.32e-04	4.68e-03	2.08e-02	2.46e-01	4.64e-01	2.39e-01	2.52e-02	2.28e-04	9.16e-06	0.00e+00	0.00e+00	0.00e+00	0.00e+00	0.00e+00
 1.68317e+23	1.61e-12	1.56e-04	5.42e-03	2.36e-02	2.61e-01	4.63e-01	2.25e-01	2.25e-02	1.94e-04	7.70e-06	0.00e+00	0.00e+00	0.00e+00	0.00e+00	0.00e+00
 1.70366e+23	2.35e-12	1.94e-04	6.52e-03	2.76e-02	2.81e-01	4.59e-01	2.07e-01	1.93e-02	1.57e-04	6.14e-06	0.00e+00	0.00e+00	0.00e+00	0.00e+00	0.00e+00
 1.72447e+23	3.27e-12	2.31e-04	7.57e-03	3.14e-02	2.97e-01	4.54e-01	1.92e-01	1.70e-02	1.32e-04	5.08e-06	0.00e+00	0.00e+00	0.00e+00	0.00e+00	0.00e+00
 1.74284e+23	4.44e-12	2.73e-04	8.74e-03	3.55e-02	3.13e-01	4.48e-01	1.79e-01	1.50e-02	1.11e-04	4.22e-06	0.00e+00	0.00e+00	0.00e+00	0.00e+00	0.00e+00
 1.76385e+23	6.57e-12	3.39e-04	1.05e-02	4.13e-02	3.34e-01	4.39e-01	1.62e-01	1.27e-02	8.86e-05	3.31e-06	0.00e+00	0.00e+00	0.00e+00	0.00e+00	0.00e+00
 1.78525e+23	9.22e-12	4.05e-04	1.21e-02	4.68e-02	3.51e-01	4.30e-01	1.49e-01	1.10e-02	7.31e-05	2.69e-06	0.00e+00	0.00e+00	0.00e+00	0.00e+00	0.00e+00
 1.80716e+23	1.38e-11	5.05e-04	1.45e-02	5.42e-02	3.72e-01	4.17e-01	1.33e-01	9.16e-03	5.78e-05	2.08e-06	0.00e+00	0.00e+00	0.00e+00	0.00e+00	0.00e+00
 1.82946e+23	2.02e-11	6.08e-04	1.69e-02	6.12e-02	3.89e-01	4.04e-01	1.21e-01	7.81e-03	4.69e-05	1.66e-06	0.00e+00	0.00e+00	0.00e+00	0.00e+00	0.00e+00
 1.84895e+23	2.89e-11	7.22e-04	1.94e-02	6.85e-02	4.04e-01	3.91e-01	1.10e-01	6.70e-03	3.86e-05	1.34e-06	0.00e+00	0.00e+00	0.00e+00	0.00e+00	0.00e+00
 1.87098e+23	4.59e-11	8.98e-04	2.30e-02	7.86e-02	4.22e-01	3.74e-01	9.63e-02	5.49e-03	2.99e-05	1.02e-06	0.00e+00	0.00e+00	0.00e+00	0.00e+00	0.00e+00
 1.89156e+23	6.57e-11	1.04e-03	2.58e-02	8.61e-02	4.34e-01	3.61e-01	8.79e-02	4.77e-03	2.50e-05	8.40e-07	0.00e+00	0.00e+00	0.00e+00	0.00e+00	0.00e+00
 1.91024e+23	1.01e-10	1.25e-03	2.97e-02	9.59e-02	4.47e-01	3.44e-01	7.82e-02	4.00e-03	2.01e-05	6.61e-07	0.00e+00	0.00e+00	0.00e+00	0.00e+00	0.00e+00
 1.92932e+23	1.54e-10	1.45e-03	3.34e-02	1.05e-01	4.57e-01	3.29e-01	7.06e-02	3.44e-03	1.66e-05	5.37e-07	0.00e+00	0.00e+00	0.00e+00	0.00e+00	0.00e+00
 1.94623e+23	2.27e-10	1.67e-03	3.72e-02	1.14e-01	4.65e-01	3.15e-01	6.38e-02	2.96e-03	1.38e-05	4.40e-07	0.00e+00	0.00e+00	0.00e+00	0.00e+00	0.00e+00
 1.96557e+23	4.26e-10	2.00e-03	4.26e-02	1.26e-01	4.75e-01	2.97e-01	5.60e-02	2.45e-03	1.10e-05	3.40e-07	0.00e+00	0.00e+00	0.00e+00	0.00e+00	0.00e+00
 1.98527e+23	8.12e-10	2.32e-03	4.76e-02	1.36e-01	4.81e-01	2.81e-01	4.98e-02	2.07e-03	8.94e-06	2.72e-07	0.00e+00	0.00e+00	0.00e+00	0.00e+00	0.00e+00
 2.00270e+23	1.46e-09	2.69e-03	5.29e-02	1.47e-01	4.86e-01	2.65e-01	4.44e-02	1.76e-03	7.32e-06	2.19e-07	0.00e+00	0.00e+00	0.00e+00	0.00e+00	0.00e+00
 2.02266e+23	3.64e-09	3.21e-03	6.04e-02	1.61e-01	4.89e-01	2.46e-01	3.82e-02	1.42e-03	5.69e-06	1.66e-07	0.00e+00	0.00e+00	0.00e+00	0.00e+00	0.00e+00
 2.04280e+23	7.93e-09	3.72e-03	6.70e-02	1.73e-01	4.91e-01	2.30e-01	3.36e-02	1.19e-03	4.59e-06	1.31e-07	0.00e+00	0.00e+00	0.00e+00	0.00e+00	0.00e+00
 2.06047e+23	1.32e-08	4.29e-03	7.40e-02	1.85e-01	4.91e-01	2.15e-01	2.95e-02	9.93e-04	3.72e-06	0.00e+00	0.00e+00	0.00e+00	0.00e+00	0.00e+00	0.00e+00
 2.08070e+23	2.30e-08	5.10e-03	8.37e-02	2.01e-01	4.88e-01	1.96e-01	2.50e-02	7.91e-04	2.85e-06	0.00e+00	0.00e+00	0.00e+00	0.00e+00	0.00e+00	0.00e+00
 2.10129e+23	3.34e-08	5.90e-03	9.23e-02	2.14e-01	4.85e-01	1.81e-01	2.16e-02	6.50e-04	2.26e-06	0.00e+00	0.00e+00	0.00e+00	0.00e+00	0.00e+00	0.00e+00
 2.11957e+23	4.51e-08	6.78e-03	1.01e-01	2.27e-01	4.79e-01	1.67e-01	1.87e-02	5.35e-04	1.80e-06	0.00e+00	0.00e+00	0.00e+00	0.00e+00	0.00e+00	0.00e+00
 2.14057e+23	6.46e-08	8.06e-03	1.14e-01	2.43e-01	4.70e-01	1.49e-01	1.55e-02	4.16e-04	1.35e-06	0.00e+00	0.00e+00	0.00e+00	0.00e+00	0.00e+00	0.00e+00
 2.16192e+23	8.48e-08	9.29e-03	1.25e-01	2.56e-01	4.61e-01	1.36e-01	1.31e-02	3.36e-04	1.05e-06	0.00e+00	0.00e+00	0.00e+00	0.00e+00	0.00e+00	0.00e+00
 2.18370e+23	1.15e-07	1.10e-02	1.39e-01	2.72e-01	4.47e-01	1.20e-01	1.07e-02	2.56e-04	7.73e-07	0.00e+00	0.00e+00	0.00e+00	0.00e+00	0.00e+00	0.00e+00
 2.20577e+23	1.47e-07	1.27e-02	1.52e-01	2.84e-01	4.35e-01	1.07e-01	8.93e-03	2.03e-04	5.93e-07	0.00e+00	0.00e+00	0.00e+00	0.00e+00	0.00e+00	0.00e+00
 2.22820e+23	1.95e-07	1.50e-02	1.68e-01	2.99e-01	4.17e-01	9.34e-02	7.12e-03	1.52e-04	4.28e-07	0.00e+00	0.00e+00	0.00e+00	0.00e+00	0.00e+00	0.00e+00
 2.25107e+23	2.44e-07	1.73e-02	1.83e-01	3.10e-01	4.01e-01	8.27e-02	5.86e-03	1.19e-04	3.22e-07	0.00e+00	0.00e+00	0.00e+00	0.00e+00	0.00e+00	0.00e+00
 2.27449e+23	3.18e-07	2.05e-02	2.01e-01	3.23e-01	3.80e-01	7.05e-02	4.57e-03	8.67e-05	2.27e-07	0.00e+00	0.00e+00	0.00e+00	0.00e+00	0.00e+00	0.00e+00
 2.29835e+23	3.94e-07	2.35e-02	2.17e-01	3.33e-01	3.61e-01	6.15e-02	3.69e-03	6.64e-05	1.68e-07	0.00e+00	0.00e+00	0.00e+00	0.00e+00	0.00e+00	0.00e+00
 2.32275e+23	5.08e-07	2.77e-02	2.38e-01	3.43e-01	3.37e-01	5.15e-02	2.82e-03	4.74e-05	0.00e+00	0.00e+00	0.00e+00	0.00e+00	0.00e+00	0.00e+00	0.00e+00
 2.34750e+23	6.24e-07	3.18e-02	2.55e-01	3.50e-01	3.17e-01	4.42e-02	2.24e-03	3.57e-05	0.00e+00	0.00e+00	0.00e+00	0.00e+00	0.00e+00	0.00e+00	0.00e+00
 2.36621e+23	7.19e-07	3.49e-02	2.67e-01	3.54e-01	3.03e-01	3.96e-02	1.90e-03	2.91e-05	0.00e+00	0.00e+00	0.00e+00	0.00e+00	0.00e+00	0.00e+00	0.00e+00
 2.38406e+23	8.52e-07	3.90e-02	2.82e-01	3.57e-01	2.86e-01	3.44e-02	1.54e-03	2.25e-05	0.00e+00	0.00e+00	0.00e+00	0.00e+00	0.00e+00	0.00e+00	0.00e+00
 2.40233e+23	9.81e-07	4.29e-02	2.95e-01	3.60e-01	2.71e-01	3.05e-02	1.29e-03	1.82e-05	0.00e+00	0.00e+00	0.00e+00	0.00e+00	0.00e+00	0.00e+00	0.00e+00
 2.42115e+23	1.16e-06	4.79e-02	3.10e-01	3.62e-01	2.53e-01	2.63e-02	1.03e-03	1.39e-05	0.00e+00	0.00e+00	0.00e+00	0.00e+00	0.00e+00	0.00e+00	0.00e+00
 2.44041e+23	1.34e-06	5.26e-02	3.23e-01	3.62e-01	2.38e-01	2.30e-02	8.53e-04	1.10e-05	0.00e+00	0.00e+00	0.00e+00	0.00e+00	0.00e+00	0.00e+00	0.00e+00
 2.45764e+23	1.53e-06	5.77e-02	3.36e-01	3.61e-01	2.24e-01	2.02e-02	7.04e-04	8.75e-06	0.00e+00	0.00e+00	0.00e+00	0.00e+00	0.00e+00	0.00e+00	0.00e+00
 2.47744e+23	1.81e-06	6.46e-02	3.51e-01	3.60e-01	2.07e-01	1.70e-02	5.51e-04	6.54e-06	0.00e+00	0.00e+00	0.00e+00	0.00e+00	0.00e+00	0.00e+00	0.00e+00
 2.49750e+23	2.09e-06	7.07e-02	3.64e-01	3.57e-01	1.93e-01	1.47e-02	4.50e-04	5.12e-06	0.00e+00	0.00e+00	0.00e+00	0.00e+00	0.00e+00	0.00e+00	0.00e+00
 2.51790e+23	2.47e-06	7.90e-02	3.79e-01	3.53e-01	1.76e-01	1.23e-02	3.47e-04	3.77e-06	0.00e+00	0.00e+00	0.00e+00	0.00e+00	0.00e+00	0.00e+00	0.00e+00
 2.53852e+23	2.84e-06	8.66e-02	3.91e-01	3.49e-01	1.63e-01	1.05e-02	2.79e-04	2.91e-06	0.00e+00	0.00e+00	0.00e+00	0.00e+00	0.00e+00	0.00e+00	0.00e+00
 2.55945e+23	3.35e-06	9.66e-02	4.05e-01	3.42e-01	1.48e-01	8.66e-03	2.13e-04	2.12e-06	0.00e+00	0.00e+00	0.00e+00	0.00e+00	0.00e+00	0.00e+00	0.00e+00
 2.58075e+23	3.86e-06	1.06e-01	4.15e-01	3.36e-01	1.36e-01	7.36e-03	1.69e-04	1.62e-06	0.00e+00	0.00e+00	0.00e+00	0.00e+00	0.00e+00	0.00e+00	0.00e+00
 2.60254e+23	4.56e-06	1.18e-01	4.28e-01	3.27e-01	1.22e-01	5.97e-03	1.27e-04	1.16e-06	0.00e+00	0.00e+00	0.00e+00	0.00e+00	0.00e+00	0.00e+00	0.00e+00
 2.62472e+23	5.26e-06	1.29e-01	4.37e-01	3.18e-01	1.11e-01	5.00e-03	9.96e-05	8.72e-07	0.00e+00	0.00e+00	0.00e+00	0.00e+00	0.00e+00	0.00e+00	0.00e+00
 2.64739e+23	6.26e-06	1.44e-01	4.47e-01	3.07e-01	9.84e-02	3.98e-03	7.30e-05	6.08e-07	0.00e+00	0.00e+00	0.00e+00	0.00e+00	0.00e+00	0.00e+00	0.00e+00
 2.67008e+23	7.17e-06	1.57e-01	4.54e-01	2.97e-01	8.92e-02	3.33e-03	5.73e-05	4.58e-07	0.00e+00	0.00e+00	0.00e+00	0.00e+00	0.00e+00	0.00e+00	0.00e+00
 2.69279e+23	8.47e-06	1.74e-01	4.61e-01	2.84e-01	7.84e-02	2.63e-03	4.18e-05	3.18e-07	0.00e+00	0.00e+00	0.00e+00	0.00e+00	0.00e+00	0.00e+00	0.00e+00
 2.71565e+23	9.71e-06	1.89e-01	4.65e-01	2.73e-01	7.06e-02	2.18e-03	3.24e-05	2.37e-07	0.00e+00	0.00e+00	0.00e+00	0.00e+00	0.00e+00	0.00e+00	0.00e+00
 2.73873e+23	1.14e-05	2.08e-01	4.69e-01	2.59e-01	6.16e-02	1.71e-03	2.35e-05	1.64e-07	0.00e+00	0.00e+00	0.00e+00	0.00e+00	0.00e+00	0.00e+00	0.00e+00
 2.76194e+23	1.31e-05	2.26e-01	4.70e-01	2.48e-01	5.49e-02	1.40e-03	1.80e-05	0.00e+00	0.00e+00	0.00e+00	0.00e+00	0.00e+00	0.00e+00	0.00e+00	0.00e+00
 2.78532e+23	1.54e-05	2.50e-01	4.69e-01	2.32e-01	4.71e-02	1.07e-03	1.28e-05	0.00e+00	0.00e+00	0.00e+00	0.00e+00	0.00e+00	0.00e+00	0.00e+00	0.00e+00
 2.80848e+23	1.75e-05	2.70e-01	4.66e-01	2.21e-01	4.18e-02	8.77e-04	9.83e-06	0.00e+00	0.00e+00	0.00e+00	0.00e+00	0.00e+00	0.00e+00	0.00e+00	0.00e+00
 2.83137e+23	2.05e-05	2.97e-01	4.61e-01	2.06e-01	3.56e-02	6.69e-04	6.93e-06	0.00e+00	0.00e+00	0.00e+00	0.00e+00	0.00e+00	0.00e+00	0.00e+00	0.00e+00
 2.85424e+23	2.33e-05	3.21e-01	4.54e-01	1.94e-01	3.13e-02	5.40e-04	5.26e-06	0.00e+00	0.00e+00	0.00e+00	0.00e+00	0.00e+00	0.00e+00	0.00e+00	0.00e+00
 2.87708e+23	2.73e-05	3.51e-01	4.43e-01	1.79e-01	2.62e-02	4.07e-04	3.66e-06	0.00e+00	0.00e+00	0.00e+00	0.00e+00	0.00e+00	0.00e+00	0.00e+00	0.00e+00
 2.89992e+23	3.09e-05	3.78e-01	4.32e-01	1.67e-01	2.27e-02	3.23e-04	2.73e-06	0.00e+00	0.00e+00	0.00e+00	0.00e+00	0.00e+00	0.00e+00	0.00e+00	0.00e+00
 2.92278e+23	3.60e-05	4.12e-01	4.16e-01	1.53e-01	1.87e-02	2.39e-04	1.87e-06	0.00e+00	0.00e+00	0.00e+00	0.00e+00	0.00e+00	0.00e+00	0.00e+00	0.00e+00
 2.94569e+23	4.07e-05	4.42e-01	4.00e-01	1.41e-01	1.59e-02	1.86e-04	1.36e-06	0.00e+00	0.00e+00	0.00e+00	0.00e+00	0.00e+00	0.00e+00	0.00e+00	0.00e+00
 2.96565e+23	4.59e-05	4.73e-01	3.83e-01	1.31e-01	1.35e-02	1.45e-04	9.88e-07	0.00e+00	0.00e+00	0.00e+00	0.00e+00	0.00e+00	0.00e+00	0.00e+00	0.00e+00
 2.98858e+23	5.29e-05	5.11e-01	3.60e-01	1.18e-01	1.08e-02	1.04e-04	6.49e-07	0.00e+00	0.00e+00	0.00e+00	0.00e+00	0.00e+00	0.00e+00	0.00e+00	0.00e+00
 3.01179e+23	5.97e-05	5.46e-01	3.38e-01	1.07e-01	8.79e-03	7.78e-05	4.49e-07	0.00e+00	0.00e+00	0.00e+00	0.00e+00	0.00e+00	0.00e+00	0.00e+00	0.00e+00
 3.03184e+23	6.67e-05	5.80e-01	3.15e-01	9.75e-02	7.17e-03	5.86e-05	3.11e-07	0.00e+00	0.00e+00	0.00e+00	0.00e+00	0.00e+00	0.00e+00	0.00e+00	0.00e+00
 3.05439e+23	7.59e-05	6.20e-01	2.88e-01	8.64e-02	5.51e-03	4.10e-05	1.95e-07	0.00e+00	0.00e+00	0.00e+00	0.00e+00	0.00e+00	0.00e+00	0.00e+00	0.00e+00
 3.07640e+23	8.42e-05	6.56e-01	2.62e-01	7.76e-02	4.32e-03	2.99e-05	1.28e-07	0.00e+00	0.00e+00	0.00e+00	0.00e+00	0.00e+00	0.00e+00	0.00e+00	0.00e+00
