#depth	O	O+	O+2	O+3	O+4	O+5	O+6	O+7	O+8	O[1]	O[2]	O[3]
 1.54284e+22	3.29e-14	8.17e-10	8.44e-07	8.17e-05	1.56e-03	8.91e-03	2.77e-01	5.00e-01	2.12e-01	3.29e-14	6.51e-23	8.17e-23
 3.51194e+22	1.58e-13	3.30e-09	3.05e-06	2.63e-04	4.26e-03	1.83e-02	3.80e-01	4.64e-01	1.33e-01	1.58e-13	3.05e-22	3.83e-22
 4.15133e+22	2.84e-13	5.64e-09	5.14e-06	4.31e-04	6.60e-03	2.52e-02	4.31e-01	4.34e-01	1.03e-01	2.84e-13	5.51e-22	6.91e-22
 4.47102e+22	3.64e-13	7.14e-09	6.51e-06	5.43e-04	8.09e-03	2.93e-02	4.55e-01	4.17e-01	9.03e-02	3.64e-13	7.08e-22	8.87e-22
 4.62868e+22	4.07e-13	7.93e-09	7.25e-06	6.04e-04	8.89e-03	3.14e-02	4.66e-01	4.08e-01	8.46e-02	4.07e-13	7.91e-22	9.91e-22
 4.73739e+22	4.58e-13	8.89e-09	8.15e-06	6.79e-04	9.84e-03	3.39e-02	4.79e-01	3.98e-01	7.86e-02	4.58e-13	8.92e-22	1.12e-21
 4.85504e+22	5.14e-13	9.93e-09	9.16e-06	7.63e-04	1.09e-02	3.67e-02	4.91e-01	3.88e-01	7.28e-02	5.14e-13	1.00e-21	1.25e-21
 4.97360e+22	5.71e-13	1.10e-08	1.02e-05	8.54e-04	1.20e-02	3.95e-02	5.03e-01	3.78e-01	6.74e-02	5.71e-13	1.11e-21	1.39e-21
 5.09335e+22	6.35e-13	1.22e-08	1.15e-05	9.57e-04	1.33e-02	4.26e-02	5.14e-01	3.67e-01	6.22e-02	6.35e-13	1.24e-21	1.55e-21
 5.20484e+22	6.90e-13	1.33e-08	1.26e-05	1.05e-03	1.44e-02	4.52e-02	5.23e-01	3.58e-01	5.82e-02	6.90e-13	1.35e-21	1.68e-21
 5.31971e+22	7.62e-13	1.48e-08	1.40e-05	1.18e-03	1.59e-02	4.88e-02	5.34e-01	3.46e-01	5.34e-02	7.62e-13	1.49e-21	1.86e-21
 5.43662e+22	8.27e-13	1.60e-08	1.54e-05	1.29e-03	1.71e-02	5.18e-02	5.43e-01	3.37e-01	4.98e-02	8.27e-13	1.61e-21	2.02e-21
 5.55695e+22	9.13e-13	1.78e-08	1.72e-05	1.45e-03	1.89e-02	5.59e-02	5.53e-01	3.25e-01	4.55e-02	9.13e-13	1.78e-21	2.23e-21
 5.67798e+22	9.84e-13	1.93e-08	1.88e-05	1.59e-03	2.04e-02	5.92e-02	5.61e-01	3.15e-01	4.23e-02	9.84e-13	1.92e-21	2.41e-21
 5.79992e+22	1.08e-12	2.12e-08	2.10e-05	1.78e-03	2.24e-02	6.37e-02	5.70e-01	3.03e-01	3.85e-02	1.08e-12	2.11e-21	2.63e-21
 5.92219e+22	1.16e-12	2.30e-08	2.30e-05	1.95e-03	2.40e-02	6.72e-02	5.77e-01	2.94e-01	3.58e-02	1.16e-12	2.28e-21	2.84e-21
 6.04488e+22	1.27e-12	2.53e-08	2.56e-05	2.18e-03	2.63e-02	7.20e-02	5.85e-01	2.82e-01	3.25e-02	1.27e-12	2.48e-21	3.10e-21
 6.16884e+22	1.36e-12	2.74e-08	2.80e-05	2.38e-03	2.81e-02	7.59e-02	5.90e-01	2.73e-01	3.02e-02	1.36e-12	2.68e-21	3.34e-21
 6.29446e+22	1.49e-12	3.02e-08	3.12e-05	2.66e-03	3.07e-02	8.12e-02	5.97e-01	2.61e-01	2.73e-02	1.49e-12	2.92e-21	3.64e-21
 6.42168e+22	1.60e-12	3.27e-08	3.41e-05	2.90e-03	3.28e-02	8.54e-02	6.02e-01	2.52e-01	2.53e-02	1.60e-12	3.15e-21	3.93e-21
 6.55099e+22	1.75e-12	3.61e-08	3.82e-05	3.25e-03	3.57e-02	9.12e-02	6.07e-01	2.40e-01	2.28e-02	1.75e-12	3.44e-21	4.29e-21
 6.68262e+22	1.89e-12	3.93e-08	4.19e-05	3.55e-03	3.82e-02	9.59e-02	6.10e-01	2.31e-01	2.10e-02	1.89e-12	3.72e-21	4.64e-21
 6.81726e+22	2.07e-12	4.37e-08	4.70e-05	3.98e-03	4.15e-02	1.02e-01	6.14e-01	2.20e-01	1.88e-02	2.07e-12	4.08e-21	5.09e-21
 6.95489e+22	2.24e-12	4.78e-08	5.18e-05	4.37e-03	4.43e-02	1.07e-01	6.16e-01	2.11e-01	1.73e-02	2.24e-12	4.44e-21	5.53e-21
 7.09642e+22	2.47e-12	5.35e-08	5.86e-05	4.91e-03	4.82e-02	1.14e-01	6.18e-01	1.99e-01	1.54e-02	2.47e-12	4.90e-21	6.10e-21
 7.24111e+22	2.71e-12	5.90e-08	6.50e-05	5.40e-03	5.15e-02	1.20e-01	6.19e-01	1.90e-01	1.40e-02	2.71e-12	5.37e-21	6.69e-21
 7.36277e+22	2.92e-12	6.43e-08	7.11e-05	5.87e-03	5.45e-02	1.25e-01	6.19e-01	1.82e-01	1.29e-02	2.92e-12	5.81e-21	7.23e-21
 7.49379e+22	3.22e-12	7.18e-08	7.98e-05	6.53e-03	5.86e-02	1.32e-01	6.18e-01	1.73e-01	1.16e-02	3.22e-12	6.41e-21	7.98e-21
 7.62179e+22	3.48e-12	7.81e-08	8.70e-05	7.06e-03	6.17e-02	1.37e-01	6.17e-01	1.66e-01	1.07e-02	3.48e-12	6.93e-21	8.63e-21
 7.74587e+22	3.80e-12	8.66e-08	9.70e-05	7.79e-03	6.59e-02	1.44e-01	6.16e-01	1.57e-01	9.64e-03	3.80e-12	7.59e-21	9.45e-21
 7.87116e+22	4.16e-12	9.51e-08	1.06e-04	8.42e-03	6.93e-02	1.49e-01	6.13e-01	1.51e-01	8.90e-03	4.16e-12	8.31e-21	1.03e-20
 7.99801e+22	4.58e-12	1.06e-07	1.19e-04	9.31e-03	7.39e-02	1.56e-01	6.10e-01	1.42e-01	7.99e-03	4.58e-12	9.19e-21	1.14e-20
 8.12664e+22	5.03e-12	1.17e-07	1.31e-04	1.01e-02	7.78e-02	1.62e-01	6.07e-01	1.36e-01	7.35e-03	5.03e-12	1.01e-20	1.26e-20
 8.25758e+22	5.60e-12	1.32e-07	1.47e-04	1.11e-02	8.29e-02	1.69e-01	6.02e-01	1.28e-01	6.57e-03	5.60e-12	1.13e-20	1.40e-20
 8.39046e+22	6.21e-12	1.47e-07	1.62e-04	1.21e-02	8.71e-02	1.75e-01	5.98e-01	1.22e-01	6.02e-03	6.21e-12	1.25e-20	1.56e-20
 8.52587e+22	6.97e-12	1.67e-07	1.84e-04	1.34e-02	9.28e-02	1.82e-01	5.91e-01	1.15e-01	5.35e-03	6.97e-12	1.41e-20	1.75e-20
 8.66358e+22	7.80e-12	1.87e-07	2.04e-04	1.46e-02	9.76e-02	1.88e-01	5.86e-01	1.09e-01	4.88e-03	7.80e-12	1.58e-20	1.96e-20
 8.80427e+22	8.85e-12	2.14e-07	2.32e-04	1.62e-02	1.04e-01	1.96e-01	5.78e-01	1.02e-01	4.31e-03	8.85e-12	1.80e-20	2.23e-20
 8.94783e+22	1.00e-11	2.42e-07	2.59e-04	1.76e-02	1.09e-01	2.02e-01	5.71e-01	9.61e-02	3.91e-03	1.00e-11	2.04e-20	2.53e-20
 9.09512e+22	1.15e-11	2.81e-07	2.97e-04	1.96e-02	1.16e-01	2.10e-01	5.61e-01	8.92e-02	3.43e-03	1.15e-11	2.36e-20	2.92e-20
 9.24628e+22	1.31e-11	3.21e-07	3.33e-04	2.14e-02	1.22e-01	2.16e-01	5.52e-01	8.39e-02	3.08e-03	1.31e-11	2.69e-20	3.34e-20
 9.40247e+22	1.54e-11	3.79e-07	3.86e-04	2.39e-02	1.30e-01	2.25e-01	5.41e-01	7.74e-02	2.68e-03	1.54e-11	3.18e-20	3.94e-20
 9.56084e+22	1.78e-11	4.36e-07	4.35e-04	2.62e-02	1.37e-01	2.31e-01	5.31e-01	7.25e-02	2.40e-03	1.78e-11	3.69e-20	4.57e-20
 9.72205e+22	2.12e-11	5.19e-07	5.07e-04	2.93e-02	1.46e-01	2.39e-01	5.17e-01	6.64e-02	2.07e-03	2.12e-11	4.40e-20	5.45e-20
 9.88491e+22	2.47e-11	6.01e-07	5.73e-04	3.20e-02	1.53e-01	2.44e-01	5.06e-01	6.20e-02	1.84e-03	2.47e-11	5.16e-20	6.38e-20
 1.00499e+23	2.98e-11	7.22e-07	6.69e-04	3.58e-02	1.63e-01	2.52e-01	4.91e-01	5.65e-02	1.58e-03	2.98e-11	6.25e-20	7.72e-20
 1.02177e+23	3.51e-11	8.42e-07	7.59e-04	3.91e-02	1.71e-01	2.57e-01	4.78e-01	5.25e-02	1.40e-03	3.51e-11	7.40e-20	9.14e-20
 1.03652e+23	4.11e-11	9.78e-07	8.58e-04	4.27e-02	1.79e-01	2.62e-01	4.65e-01	4.87e-02	1.24e-03	4.11e-11	8.70e-20	1.08e-19
 1.05331e+23	5.03e-11	1.18e-06	1.00e-03	4.76e-02	1.89e-01	2.69e-01	4.49e-01	4.41e-02	1.05e-03	5.03e-11	1.07e-19	1.32e-19
 1.07026e+23	5.96e-11	1.38e-06	1.14e-03	5.18e-02	1.97e-01	2.73e-01	4.35e-01	4.07e-02	9.27e-04	5.96e-11	1.27e-19	1.57e-19
 1.08421e+23	6.90e-11	1.58e-06	1.27e-03	5.58e-02	2.05e-01	2.77e-01	4.23e-01	3.80e-02	8.29e-04	6.90e-11	1.48e-19	1.83e-19
 1.09913e+23	8.33e-11	1.88e-06	1.45e-03	6.11e-02	2.14e-01	2.80e-01	4.08e-01	3.47e-02	7.19e-04	8.33e-11	1.80e-19	2.22e-19
 1.11440e+23	9.78e-11	2.17e-06	1.63e-03	6.59e-02	2.22e-01	2.83e-01	3.94e-01	3.21e-02	6.35e-04	9.78e-11	2.13e-19	2.62e-19
 1.12799e+23	1.15e-10	2.50e-06	1.81e-03	7.09e-02	2.30e-01	2.86e-01	3.82e-01	2.97e-02	5.64e-04	1.15e-10	2.50e-19	3.08e-19
 1.14353e+23	1.40e-10	2.98e-06	2.08e-03	7.75e-02	2.39e-01	2.88e-01	3.65e-01	2.70e-02	4.84e-04	1.40e-10	3.09e-19	3.80e-19
 1.15968e+23	1.67e-10	3.49e-06	2.35e-03	8.39e-02	2.48e-01	2.90e-01	3.51e-01	2.46e-02	4.21e-04	1.67e-10	3.71e-19	4.56e-19
 1.17410e+23	1.99e-10	4.04e-06	2.63e-03	9.01e-02	2.56e-01	2.91e-01	3.37e-01	2.26e-02	3.70e-04	1.99e-10	4.42e-19	5.44e-19
 1.19033e+23	2.46e-10	4.86e-06	3.02e-03	9.84e-02	2.66e-01	2.92e-01	3.20e-01	2.03e-02	3.15e-04	2.46e-10	5.54e-19	6.80e-19
 1.20730e+23	2.99e-10	5.73e-06	3.42e-03	1.06e-01	2.74e-01	2.92e-01	3.05e-01	1.84e-02	2.70e-04	2.99e-10	6.77e-19	8.31e-19
 1.22261e+23	3.59e-10	6.69e-06	3.84e-03	1.14e-01	2.82e-01	2.91e-01	2.91e-01	1.67e-02	2.34e-04	3.59e-10	8.19e-19	1.00e-18
 1.23987e+23	4.54e-10	8.11e-06	4.43e-03	1.25e-01	2.92e-01	2.90e-01	2.74e-01	1.48e-02	1.96e-04	4.54e-10	1.05e-18	1.28e-18
 1.25773e+23	5.58e-10	9.62e-06	5.02e-03	1.34e-01	3.00e-01	2.88e-01	2.59e-01	1.33e-02	1.66e-04	5.58e-10	1.30e-18	1.59e-18
 1.27366e+23	6.78e-10	1.13e-05	5.64e-03	1.44e-01	3.08e-01	2.85e-01	2.45e-01	1.19e-02	1.42e-04	6.78e-10	1.59e-18	1.94e-18
 1.29168e+23	8.67e-10	1.37e-05	6.51e-03	1.57e-01	3.17e-01	2.81e-01	2.28e-01	1.04e-02	1.17e-04	8.67e-10	2.06e-18	2.51e-18
 1.31041e+23	1.08e-09	1.64e-05	7.39e-03	1.69e-01	3.24e-01	2.77e-01	2.13e-01	9.22e-03	9.78e-05	1.08e-09	2.59e-18	3.16e-18
 1.32725e+23	1.33e-09	1.93e-05	8.31e-03	1.80e-01	3.30e-01	2.73e-01	2.00e-01	8.20e-03	8.26e-05	1.33e-09	3.22e-18	3.93e-18
 1.34633e+23	1.73e-09	2.38e-05	9.63e-03	1.96e-01	3.38e-01	2.66e-01	1.83e-01	7.03e-03	6.63e-05	1.73e-09	4.26e-18	5.19e-18
 1.36602e+23	2.18e-09	2.83e-05	1.09e-02	2.09e-01	3.43e-01	2.60e-01	1.70e-01	6.15e-03	5.47e-05	2.18e-09	5.41e-18	6.59e-18
 1.38377e+23	2.71e-09	3.36e-05	1.23e-02	2.23e-01	3.48e-01	2.54e-01	1.57e-01	5.39e-03	4.53e-05	2.71e-09	6.83e-18	8.32e-18
 1.40411e+23	3.60e-09	4.16e-05	1.42e-02	2.42e-01	3.53e-01	2.44e-01	1.42e-01	4.53e-03	3.55e-05	3.60e-09	9.24e-18	1.12e-17
 1.42472e+23	4.56e-09	4.97e-05	1.61e-02	2.57e-01	3.56e-01	2.37e-01	1.30e-01	3.90e-03	2.88e-05	4.56e-09	1.18e-17	1.44e-17
 1.44294e+23	5.71e-09	5.88e-05	1.80e-02	2.72e-01	3.58e-01	2.28e-01	1.20e-01	3.38e-03	2.36e-05	5.71e-09	1.51e-17	1.83e-17
 1.46388e+23	7.65e-09	7.30e-05	2.08e-02	2.93e-01	3.60e-01	2.17e-01	1.06e-01	2.79e-03	1.81e-05	7.65e-09	2.06e-17	2.50e-17
 1.48508e+23	9.69e-09	8.69e-05	2.34e-02	3.09e-01	3.60e-01	2.08e-01	9.66e-02	2.38e-03	1.45e-05	9.69e-09	2.66e-17	3.22e-17
 1.50664e+23	1.30e-08	1.08e-04	2.69e-02	3.30e-01	3.59e-01	1.96e-01	8.53e-02	1.95e-03	1.10e-05	1.30e-08	3.66e-17	4.43e-17
 1.52865e+23	1.66e-08	1.28e-04	3.02e-02	3.48e-01	3.57e-01	1.87e-01	7.66e-02	1.64e-03	8.69e-06	1.66e-08	4.78e-17	5.78e-17
 1.54823e+23	2.11e-08	1.52e-04	3.37e-02	3.65e-01	3.55e-01	1.77e-01	6.87e-02	1.38e-03	6.86e-06	2.11e-08	6.21e-17	7.51e-17
 1.57069e+23	2.86e-08	1.89e-04	3.86e-02	3.86e-01	3.50e-01	1.64e-01	5.96e-02	1.10e-03	5.07e-06	2.86e-08	8.68e-17	1.05e-16
 1.59352e+23	3.66e-08	2.25e-04	4.31e-02	4.04e-01	3.45e-01	1.54e-01	5.29e-02	9.14e-04	3.94e-06	3.66e-08	1.14e-16	1.38e-16
 1.61685e+23	5.01e-08	2.80e-04	4.94e-02	4.26e-01	3.37e-01	1.42e-01	4.52e-02	7.17e-04	2.84e-06	5.01e-08	1.61e-16	1.95e-16
 1.63966e+23	6.30e-08	3.28e-04	5.45e-02	4.41e-01	3.31e-01	1.33e-01	4.01e-02	5.97e-04	2.22e-06	6.30e-08	2.08e-16	2.51e-16
 1.66177e+23	8.45e-08	4.02e-04	6.17e-02	4.60e-01	3.22e-01	1.21e-01	3.43e-02	4.70e-04	1.62e-06	8.45e-08	2.89e-16	3.49e-16
 1.68317e+23	1.04e-07	4.63e-04	6.72e-02	4.73e-01	3.14e-01	1.14e-01	3.06e-02	3.96e-04	1.28e-06	1.04e-07	3.64e-16	4.39e-16
 1.70366e+23	1.35e-07	5.55e-04	7.48e-02	4.89e-01	3.05e-01	1.04e-01	2.64e-02	3.16e-04	9.54e-07	1.35e-07	4.90e-16	5.91e-16
 1.72447e+23	1.67e-07	6.41e-04	8.15e-02	5.02e-01	2.96e-01	9.65e-02	2.33e-02	2.63e-04	7.45e-07	1.67e-07	6.22e-16	7.50e-16
 1.74284e+23	2.06e-07	7.37e-04	8.84e-02	5.13e-01	2.87e-01	8.96e-02	2.06e-02	2.19e-04	5.84e-07	2.06e-07	7.85e-16	9.45e-16
 1.76385e+23	2.68e-07	8.79e-04	9.78e-02	5.26e-01	2.76e-01	8.12e-02	1.76e-02	1.72e-04	4.27e-07	2.68e-07	1.05e-15	1.27e-15
 1.78525e+23	3.32e-07	1.02e-03	1.06e-01	5.36e-01	2.66e-01	7.46e-02	1.54e-02	1.41e-04	3.28e-07	3.32e-07	1.34e-15	1.61e-15
 1.80716e+23	4.31e-07	1.21e-03	1.17e-01	5.47e-01	2.54e-01	6.71e-02	1.30e-02	1.10e-04	2.37e-07	4.31e-07	1.80e-15	2.16e-15
 1.82946e+23	5.38e-07	1.40e-03	1.27e-01	5.56e-01	2.43e-01	6.11e-02	1.12e-02	8.86e-05	1.78e-07	5.38e-07	2.31e-15	2.77e-15
 1.84895e+23	6.60e-07	1.60e-03	1.37e-01	5.62e-01	2.33e-01	5.58e-02	9.77e-03	7.23e-05	1.37e-07	6.60e-07	2.91e-15	3.49e-15
 1.87098e+23	8.56e-07	1.90e-03	1.51e-01	5.69e-01	2.21e-01	4.96e-02	8.16e-03	5.56e-05	0.00e+00	8.56e-07	3.90e-15	4.68e-15
 1.89156e+23	1.02e-06	2.13e-03	1.60e-01	5.73e-01	2.12e-01	4.57e-02	7.21e-03	4.63e-05	0.00e+00	1.02e-06	4.74e-15	5.68e-15
 1.91024e+23	1.26e-06	2.45e-03	1.73e-01	5.76e-01	2.01e-01	4.12e-02	6.17e-03	3.70e-05	0.00e+00	1.26e-06	6.05e-15	7.23e-15
 1.92932e+23	1.50e-06	2.74e-03	1.84e-01	5.78e-01	1.92e-01	3.77e-02	5.41e-03	3.05e-05	0.00e+00	1.50e-06	7.39e-15	8.83e-15
 1.94623e+23	1.78e-06	3.06e-03	1.94e-01	5.79e-01	1.84e-01	3.46e-02	4.76e-03	2.53e-05	0.00e+00	1.78e-06	8.95e-15	1.07e-14
 1.96557e+23	2.20e-06	3.51e-03	2.09e-01	5.80e-01	1.73e-01	3.09e-02	4.04e-03	2.00e-05	0.00e+00	2.20e-06	1.14e-14	1.36e-14
 1.98527e+23	2.62e-06	3.92e-03	2.21e-01	5.79e-01	1.65e-01	2.81e-02	3.51e-03	1.63e-05	0.00e+00	2.62e-06	1.39e-14	1.66e-14
 2.00270e+23	3.10e-06	4.37e-03	2.34e-01	5.77e-01	1.56e-01	2.55e-02	3.06e-03	1.34e-05	0.00e+00	3.10e-06	1.69e-14	2.02e-14
 2.02266e+23	3.84e-06	5.02e-03	2.50e-01	5.73e-01	1.46e-01	2.26e-02	2.57e-03	1.04e-05	0.00e+00	3.84e-06	2.17e-14	2.59e-14
 2.04280e+23	4.58e-06	5.61e-03	2.64e-01	5.69e-01	1.38e-01	2.04e-02	2.22e-03	8.45e-06	0.00e+00	4.58e-06	2.65e-14	3.16e-14
 2.06047e+23	5.42e-06	6.26e-03	2.79e-01	5.64e-01	1.30e-01	1.84e-02	1.92e-03	6.87e-06	0.00e+00	5.42e-06	3.23e-14	3.84e-14
 2.08070e+23	6.69e-06	7.16e-03	2.97e-01	5.57e-01	1.21e-01	1.62e-02	1.60e-03	5.30e-06	0.00e+00	6.69e-06	4.13e-14	4.91e-14
 2.10129e+23	7.96e-06	7.99e-03	3.12e-01	5.50e-01	1.14e-01	1.45e-02	1.37e-03	4.24e-06	0.00e+00	7.96e-06	5.06e-14	6.01e-14
 2.11957e+23	9.42e-06	8.90e-03	3.28e-01	5.42e-01	1.06e-01	1.29e-02	1.18e-03	3.41e-06	0.00e+00	9.42e-06	6.17e-14	7.33e-14
 2.14057e+23	1.17e-05	1.02e-02	3.48e-01	5.31e-01	9.80e-02	1.12e-02	9.69e-04	2.58e-06	0.00e+00	1.17e-05	7.93e-14	9.42e-14
 2.16192e+23	1.39e-05	1.14e-02	3.66e-01	5.21e-01	9.11e-02	9.95e-03	8.21e-04	2.04e-06	0.00e+00	1.39e-05	9.72e-14	1.15e-13
 2.18370e+23	1.72e-05	1.30e-02	3.88e-01	5.07e-01	8.31e-02	8.54e-03	6.67e-04	1.52e-06	0.00e+00	1.72e-05	1.26e-13	1.49e-13
 2.20577e+23	2.05e-05	1.45e-02	4.06e-01	4.94e-01	7.67e-02	7.50e-03	5.59e-04	1.18e-06	0.00e+00	2.05e-05	1.55e-13	1.84e-13
 2.22820e+23	2.54e-05	1.66e-02	4.29e-01	4.78e-01	6.94e-02	6.37e-03	4.50e-04	8.69e-07	0.00e+00	2.54e-05	2.01e-13	2.38e-13
 2.25107e+23	3.02e-05	1.86e-02	4.49e-01	4.63e-01	6.35e-02	5.54e-03	3.73e-04	6.67e-07	0.00e+00	3.02e-05	2.48e-13	2.94e-13
 2.27449e+23	3.76e-05	2.13e-02	4.73e-01	4.44e-01	5.69e-02	4.65e-03	2.95e-04	4.80e-07	0.00e+00	3.76e-05	3.23e-13	3.83e-13
 2.29835e+23	4.49e-05	2.37e-02	4.93e-01	4.27e-01	5.16e-02	3.99e-03	2.41e-04	3.62e-07	0.00e+00	4.49e-05	4.01e-13	4.75e-13
 2.32275e+23	5.60e-05	2.72e-02	5.18e-01	4.06e-01	4.56e-02	3.30e-03	1.88e-04	2.55e-07	0.00e+00	5.60e-05	5.26e-13	6.23e-13
 2.34750e+23	6.67e-05	3.03e-02	5.39e-01	3.87e-01	4.10e-02	2.80e-03	1.52e-04	1.89e-07	0.00e+00	6.67e-05	6.52e-13	7.73e-13
 2.36621e+23	7.52e-05	3.26e-02	5.53e-01	3.74e-01	3.79e-02	2.49e-03	1.30e-04	1.53e-07	0.00e+00	7.52e-05	7.58e-13	8.98e-13
 2.38406e+23	8.79e-05	3.58e-02	5.70e-01	3.57e-01	3.44e-02	2.15e-03	1.08e-04	0.00e+00	0.00e+00	8.79e-05	9.19e-13	1.09e-12
 2.40233e+23	9.95e-05	3.86e-02	5.85e-01	3.43e-01	3.16e-02	1.90e-03	9.17e-05	0.00e+00	0.00e+00	9.95e-05	1.07e-12	1.27e-12
 2.42115e+23	1.16e-04	4.25e-02	6.01e-01	3.26e-01	2.85e-02	1.63e-03	7.51e-05	0.00e+00	0.00e+00	1.16e-04	1.31e-12	1.55e-12
 2.44041e+23	1.32e-04	4.58e-02	6.16e-01	3.11e-01	2.59e-02	1.42e-03	6.30e-05	0.00e+00	0.00e+00	1.32e-04	1.53e-12	1.82e-12
 2.45764e+23	1.50e-04	4.95e-02	6.29e-01	2.96e-01	2.36e-02	1.24e-03	5.29e-05	0.00e+00	0.00e+00	1.50e-04	1.80e-12	2.13e-12
 2.47744e+23	1.76e-04	5.45e-02	6.45e-01	2.78e-01	2.10e-02	1.04e-03	4.25e-05	0.00e+00	0.00e+00	1.76e-04	2.21e-12	2.61e-12
 2.49750e+23	1.99e-04	5.87e-02	6.58e-01	2.63e-01	1.89e-02	9.00e-04	3.53e-05	0.00e+00	0.00e+00	1.99e-04	2.59e-12	3.07e-12
 2.51790e+23	2.34e-04	6.47e-02	6.73e-01	2.45e-01	1.66e-02	7.48e-04	2.79e-05	0.00e+00	0.00e+00	2.34e-04	3.19e-12	3.78e-12
 2.53852e+23	2.66e-04	6.97e-02	6.85e-01	2.30e-01	1.49e-02	6.38e-04	2.29e-05	0.00e+00	0.00e+00	2.66e-04	3.76e-12	4.44e-12
 2.55945e+23	3.13e-04	7.68e-02	6.97e-01	2.12e-01	1.29e-02	5.25e-04	1.79e-05	0.00e+00	0.00e+00	3.13e-04	4.64e-12	5.49e-12
 2.58075e+23	3.55e-04	8.27e-02	7.08e-01	1.97e-01	1.15e-02	4.43e-04	1.45e-05	0.00e+00	0.00e+00	3.55e-04	5.48e-12	6.48e-12
 2.60254e+23	4.20e-04	9.14e-02	7.18e-01	1.80e-01	9.87e-03	3.59e-04	1.12e-05	0.00e+00	0.00e+00	4.20e-04	6.81e-12	8.04e-12
 2.62472e+23	4.79e-04	9.86e-02	7.26e-01	1.66e-01	8.63e-03	2.99e-04	8.90e-06	0.00e+00	0.00e+00	4.79e-04	8.09e-12	9.55e-12
 2.64739e+23	5.70e-04	1.09e-01	7.34e-01	1.49e-01	7.31e-03	2.37e-04	6.69e-06	0.00e+00	0.00e+00	5.70e-04	1.02e-11	1.20e-11
 2.67008e+23	6.48e-04	1.18e-01	7.39e-01	1.36e-01	6.36e-03	1.96e-04	5.31e-06	0.00e+00	0.00e+00	6.48e-04	1.20e-11	1.42e-11
 2.69279e+23	7.71e-04	1.30e-01	7.42e-01	1.21e-01	5.35e-03	1.54e-04	3.97e-06	0.00e+00	0.00e+00	7.71e-04	1.50e-11	1.77e-11
 2.71565e+23	8.79e-04	1.41e-01	7.44e-01	1.09e-01	4.62e-03	1.26e-04	3.11e-06	0.00e+00	0.00e+00	8.79e-04	1.77e-11	2.10e-11
 2.73873e+23	1.05e-03	1.56e-01	7.43e-01	9.59e-02	3.85e-03	9.75e-05	2.30e-06	0.00e+00	0.00e+00	1.05e-03	2.22e-11	2.63e-11
 2.76194e+23	1.20e-03	1.69e-01	7.41e-01	8.56e-02	3.29e-03	7.85e-05	1.78e-06	0.00e+00	0.00e+00	1.20e-03	2.65e-11	3.14e-11
 2.78532e+23	1.44e-03	1.88e-01	7.35e-01	7.36e-02	2.70e-03	5.93e-05	1.29e-06	0.00e+00	0.00e+00	1.44e-03	3.36e-11	3.98e-11
 2.80848e+23	1.66e-03	2.03e-01	7.28e-01	6.49e-02	2.30e-03	4.74e-05	9.92e-07	0.00e+00	0.00e+00	1.66e-03	4.00e-11	4.74e-11
 2.83137e+23	1.99e-03	2.26e-01	7.15e-01	5.50e-02	1.88e-03	3.53e-05	7.11e-07	0.00e+00	0.00e+00	1.99e-03	5.08e-11	6.01e-11
 2.85424e+23	2.30e-03	2.45e-01	7.03e-01	4.78e-02	1.59e-03	2.77e-05	5.43e-07	0.00e+00	0.00e+00	2.30e-03	6.09e-11	7.22e-11
 2.87708e+23	2.79e-03	2.73e-01	6.83e-01	3.96e-02	1.28e-03	2.02e-05	3.84e-07	0.00e+00	0.00e+00	2.79e-03	7.76e-11	9.21e-11
 2.89992e+23	3.25e-03	2.97e-01	6.65e-01	3.37e-02	1.08e-03	1.55e-05	2.89e-07	0.00e+00	0.00e+00	3.25e-03	9.39e-11	1.11e-10
 2.92278e+23	3.97e-03	3.31e-01	6.37e-01	2.72e-02	8.64e-04	1.09e-05	2.01e-07	0.00e+00	0.00e+00	3.97e-03	1.21e-10	1.43e-10
 2.94569e+23	4.67e-03	3.61e-01	6.12e-01	2.25e-02	7.16e-04	8.13e-06	1.49e-07	0.00e+00	0.00e+00	4.67e-03	1.47e-10	1.75e-10
 2.96565e+23	5.51e-03	3.92e-01	5.83e-01	1.85e-02	5.96e-04	6.01e-06	0.00e+00	0.00e+00	0.00e+00	5.51e-03	1.80e-10	2.14e-10
 2.98858e+23	6.80e-03	4.35e-01	5.44e-01	1.42e-02	4.71e-04	4.02e-06	0.00e+00	0.00e+00	0.00e+00	6.80e-03	2.34e-10	2.78e-10
 3.01179e+23	8.18e-03	4.75e-01	5.06e-01	1.11e-02	3.82e-04	2.78e-06	0.00e+00	0.00e+00	0.00e+00	8.18e-03	2.93e-10	3.48e-10
 3.03184e+23	9.80e-03	5.15e-01	4.67e-01	8.66e-03	3.12e-04	1.93e-06	0.00e+00	0.00e+00	0.00e+00	9.80e-03	3.63e-10	4.32e-10
 3.05439e+23	1.22e-02	5.65e-01	4.17e-01	6.24e-03	2.42e-04	1.20e-06	0.00e+00	0.00e+00	0.00e+00	1.22e-02	4.76e-10	5.66e-10
 3.07640e+23	1.50e-02	6.12e-01	3.68e-01	4.54e-03	1.91e-04	7.69e-07	0.00e+00	0.00e+00	0.00e+00	1.50e-02	6.04e-10	7.18e-10
