#depth	Ne	Ne+	Ne+2	Ne+3	Ne+4	Ne+5	Ne+6	Ne+7	Ne+8	Ne+9	Ne+10
 1.54284e+22	0.00e+00	0.00e+00	8.65e-26	3.97e-21	4.13e-17	1.05e-13	1.06e-10	6.60e-08	1.35e-04	2.29e-02	9.77e-01
 3.58267e+22	0.00e+00	4.76e-30	1.15e-24	3.85e-20	2.92e-16	5.41e-13	3.97e-10	1.78e-07	2.61e-04	3.17e-02	9.68e-01
 4.43958e+22	0.00e+00	3.85e-29	7.41e-24	1.97e-19	1.19e-15	1.75e-12	1.02e-09	3.64e-07	4.21e-04	4.01e-02	9.59e-01
 5.08744e+22	0.00e+00	2.19e-28	3.48e-23	7.64e-19	3.81e-15	4.65e-12	2.24e-09	6.55e-07	6.22e-04	4.85e-02	9.51e-01
 5.44736e+22	0.00e+00	3.42e-28	5.16e-23	1.08e-18	5.13e-15	5.97e-12	2.73e-09	7.61e-07	6.87e-04	5.10e-02	9.48e-01
 5.56398e+22	0.00e+00	4.59e-28	6.69e-23	1.35e-18	6.24e-15	7.02e-12	3.11e-09	8.39e-07	7.33e-04	5.26e-02	9.47e-01
 5.66662e+22	3.18e-34	6.81e-28	9.49e-23	1.84e-18	8.11e-15	8.75e-12	3.70e-09	9.56e-07	8.00e-04	5.49e-02	9.44e-01
 5.76848e+22	4.26e-34	8.83e-28	1.20e-22	2.25e-18	9.66e-15	1.01e-11	4.16e-09	1.04e-06	8.48e-04	5.64e-02	9.43e-01
 5.86932e+22	6.30e-34	1.25e-27	1.63e-22	2.96e-18	1.22e-14	1.23e-11	4.87e-09	1.17e-06	9.16e-04	5.86e-02	9.40e-01
 5.97190e+22	8.87e-34	1.71e-27	2.14e-22	3.76e-18	1.50e-14	1.46e-11	5.58e-09	1.30e-06	9.79e-04	6.05e-02	9.38e-01
 6.06078e+22	1.21e-33	2.26e-27	2.75e-22	4.67e-18	1.81e-14	1.71e-11	6.32e-09	1.42e-06	1.04e-03	6.24e-02	9.37e-01
 6.16036e+22	1.82e-33	3.25e-27	3.80e-22	6.19e-18	2.30e-14	2.09e-11	7.42e-09	1.60e-06	1.13e-03	6.48e-02	9.34e-01
 6.26293e+22	2.57e-33	4.43e-27	5.00e-22	7.87e-18	2.83e-14	2.48e-11	8.50e-09	1.77e-06	1.21e-03	6.69e-02	9.32e-01
 6.35509e+22	3.70e-33	6.13e-27	6.66e-22	1.01e-17	3.51e-14	2.97e-11	9.81e-09	1.97e-06	1.29e-03	6.92e-02	9.30e-01
 6.44192e+22	5.05e-33	8.09e-27	8.53e-22	1.26e-17	4.22e-14	3.47e-11	1.11e-08	2.16e-06	1.37e-03	7.13e-02	9.27e-01
 6.53611e+22	7.47e-33	1.15e-26	1.16e-21	1.65e-17	5.33e-14	4.22e-11	1.29e-08	2.42e-06	1.48e-03	7.39e-02	9.25e-01
 6.63372e+22	1.07e-32	1.59e-26	1.55e-21	2.11e-17	6.60e-14	5.03e-11	1.49e-08	2.68e-06	1.59e-03	7.63e-02	9.22e-01
 6.71973e+22	1.50e-32	2.15e-26	2.03e-21	2.68e-17	8.08e-14	5.96e-11	1.70e-08	2.96e-06	1.69e-03	7.87e-02	9.20e-01
 6.81551e+22	2.30e-32	3.15e-26	2.84e-21	3.59e-17	1.04e-13	7.35e-11	2.01e-08	3.34e-06	1.83e-03	8.18e-02	9.16e-01
 6.91304e+22	3.25e-32	4.29e-26	3.74e-21	4.57e-17	1.28e-13	8.73e-11	2.30e-08	3.70e-06	1.96e-03	8.44e-02	9.14e-01
 6.99725e+22	4.61e-32	5.87e-26	4.92e-21	5.81e-17	1.57e-13	1.04e-10	2.64e-08	4.08e-06	2.09e-03	8.71e-02	9.11e-01
 7.07787e+22	6.30e-32	7.75e-26	6.30e-21	7.21e-17	1.89e-13	1.21e-10	2.98e-08	4.47e-06	2.22e-03	8.96e-02	9.08e-01
 7.16945e+22	9.57e-32	1.13e-25	8.78e-21	9.63e-17	2.42e-13	1.49e-10	3.50e-08	5.03e-06	2.40e-03	9.29e-02	9.05e-01
 7.26280e+22	1.39e-31	1.57e-25	1.18e-20	1.24e-16	3.01e-13	1.78e-10	4.04e-08	5.58e-06	2.57e-03	9.60e-02	9.01e-01
 7.34356e+22	1.93e-31	2.11e-25	1.53e-20	1.56e-16	3.67e-13	2.10e-10	4.60e-08	6.14e-06	2.73e-03	9.88e-02	8.98e-01
 7.43365e+22	2.92e-31	3.06e-25	2.12e-20	2.08e-16	4.69e-13	2.58e-10	5.40e-08	6.90e-06	2.95e-03	1.02e-01	8.95e-01
 7.52768e+22	4.31e-31	4.33e-25	2.89e-20	2.72e-16	5.90e-13	3.12e-10	6.27e-08	7.70e-06	3.17e-03	1.06e-01	8.91e-01
 7.60811e+22	6.01e-31	5.83e-25	3.76e-20	3.42e-16	7.19e-13	3.67e-10	7.13e-08	8.46e-06	3.37e-03	1.09e-01	8.88e-01
 7.69395e+22	9.02e-31	8.39e-25	5.18e-20	4.53e-16	9.14e-13	4.49e-10	8.35e-08	9.48e-06	3.63e-03	1.13e-01	8.84e-01
 7.78428e+22	1.31e-30	1.17e-24	6.94e-20	5.85e-16	1.14e-12	5.38e-10	9.63e-08	1.05e-05	3.88e-03	1.16e-01	8.80e-01
 7.86495e+22	1.86e-30	1.60e-24	9.19e-20	7.47e-16	1.40e-12	6.41e-10	1.10e-07	1.16e-05	4.14e-03	1.20e-01	8.76e-01
 7.94250e+22	2.64e-30	2.19e-24	1.21e-19	9.51e-16	1.72e-12	7.61e-10	1.26e-07	1.28e-05	4.41e-03	1.24e-01	8.72e-01
 8.03148e+22	4.07e-30	3.23e-24	1.71e-19	1.28e-15	2.23e-12	9.41e-10	1.49e-07	1.44e-05	4.76e-03	1.28e-01	8.67e-01
 8.12282e+22	5.95e-30	4.54e-24	2.30e-19	1.67e-15	2.79e-12	1.13e-09	1.72e-07	1.61e-05	5.10e-03	1.32e-01	8.63e-01
 8.20332e+22	8.57e-30	6.29e-24	3.08e-19	2.14e-15	3.46e-12	1.36e-09	1.98e-07	1.78e-05	5.44e-03	1.36e-01	8.58e-01
 8.28143e+22	1.23e-29	8.66e-24	4.08e-19	2.74e-15	4.28e-12	1.62e-09	2.27e-07	1.96e-05	5.80e-03	1.40e-01	8.54e-01
 8.37030e+22	1.90e-29	1.29e-23	5.78e-19	3.72e-15	5.55e-12	2.01e-09	2.69e-07	2.22e-05	6.27e-03	1.45e-01	8.48e-01
 8.46210e+22	2.90e-29	1.87e-23	8.06e-19	4.96e-15	7.11e-12	2.46e-09	3.16e-07	2.49e-05	6.75e-03	1.50e-01	8.43e-01
 8.54185e+22	4.15e-29	2.58e-23	1.07e-18	6.36e-15	8.79e-12	2.94e-09	3.62e-07	2.75e-05	7.19e-03	1.55e-01	8.38e-01
 8.62972e+22	6.46e-29	3.83e-23	1.52e-18	8.63e-15	1.14e-11	3.65e-09	4.29e-07	3.10e-05	7.78e-03	1.60e-01	8.32e-01
 8.71783e+22	9.46e-29	5.39e-23	2.05e-18	1.12e-14	1.43e-11	4.40e-09	4.96e-07	3.44e-05	8.31e-03	1.65e-01	8.27e-01
 8.79226e+22	1.34e-28	7.36e-23	2.70e-18	1.43e-14	1.75e-11	5.21e-09	5.66e-07	3.78e-05	8.82e-03	1.69e-01	8.22e-01
 8.87500e+22	2.08e-28	1.09e-22	3.83e-18	1.93e-14	2.28e-11	6.47e-09	6.69e-07	4.27e-05	9.52e-03	1.75e-01	8.15e-01
 8.95390e+22	2.87e-28	1.46e-22	4.93e-18	2.41e-14	2.75e-11	7.56e-09	7.56e-07	4.65e-05	1.01e-02	1.80e-01	8.10e-01
 9.01791e+22	3.98e-28	1.95e-22	6.39e-18	3.02e-14	3.34e-11	8.87e-09	8.55e-07	5.08e-05	1.06e-02	1.84e-01	8.05e-01
 9.07669e+22	5.31e-28	2.53e-22	8.02e-18	3.68e-14	3.95e-11	1.02e-08	9.53e-07	5.49e-05	1.12e-02	1.88e-01	8.01e-01
 9.13005e+22	6.92e-28	3.20e-22	9.88e-18	4.41e-14	4.62e-11	1.16e-08	1.05e-06	5.90e-05	1.17e-02	1.92e-01	7.97e-01
 9.19094e+22	9.81e-28	4.38e-22	1.30e-17	5.61e-14	5.67e-11	1.37e-08	1.20e-06	6.47e-05	1.24e-02	1.97e-01	7.91e-01
 9.25065e+22	1.26e-27	5.47e-22	1.58e-17	6.65e-14	6.56e-11	1.55e-08	1.32e-06	6.92e-05	1.29e-02	2.00e-01	7.87e-01
 9.30885e+22	1.77e-27	7.42e-22	2.07e-17	8.41e-14	8.02e-11	1.83e-08	1.50e-06	7.58e-05	1.37e-02	2.05e-01	7.81e-01
 9.36700e+22	2.32e-27	9.46e-22	2.57e-17	1.01e-13	9.40e-11	2.09e-08	1.66e-06	8.14e-05	1.43e-02	2.09e-01	7.76e-01
 9.41748e+22	3.03e-27	1.20e-21	3.18e-17	1.22e-13	1.10e-10	2.38e-08	1.83e-06	8.74e-05	1.49e-02	2.13e-01	7.72e-01
 9.46613e+22	3.92e-27	1.51e-21	3.88e-17	1.45e-13	1.28e-10	2.69e-08	2.02e-06	9.35e-05	1.56e-02	2.17e-01	7.67e-01
 9.51282e+22	5.03e-27	1.89e-21	4.73e-17	1.72e-13	1.48e-10	3.04e-08	2.21e-06	9.99e-05	1.62e-02	2.21e-01	7.63e-01
 9.56634e+22	6.88e-27	2.50e-21	6.06e-17	2.13e-13	1.78e-10	3.53e-08	2.49e-06	1.08e-04	1.71e-02	2.26e-01	7.57e-01
 9.62097e+22	9.14e-27	3.23e-21	7.58e-17	2.59e-13	2.10e-10	4.05e-08	2.76e-06	1.17e-04	1.79e-02	2.30e-01	7.52e-01
 9.66777e+22	1.18e-26	4.04e-21	9.24e-17	3.08e-13	2.43e-10	4.58e-08	3.03e-06	1.25e-04	1.86e-02	2.34e-01	7.47e-01
 9.71933e+22	1.62e-26	5.39e-21	1.19e-16	3.84e-13	2.93e-10	5.34e-08	3.41e-06	1.36e-04	1.96e-02	2.39e-01	7.41e-01
 9.76944e+22	2.06e-26	6.69e-21	1.44e-16	4.53e-13	3.38e-10	6.00e-08	3.73e-06	1.44e-04	2.04e-02	2.43e-01	7.36e-01
 9.81129e+22	2.66e-26	8.40e-21	1.76e-16	5.38e-13	3.92e-10	6.78e-08	4.10e-06	1.54e-04	2.12e-02	2.47e-01	7.32e-01
 9.85259e+22	3.35e-26	1.03e-20	2.11e-16	6.31e-13	4.48e-10	7.58e-08	4.46e-06	1.64e-04	2.20e-02	2.51e-01	7.27e-01
 9.89960e+22	4.58e-26	1.37e-20	2.70e-16	7.81e-13	5.38e-10	8.80e-08	5.00e-06	1.77e-04	2.32e-02	2.56e-01	7.21e-01
 9.94728e+22	6.01e-26	1.74e-20	3.34e-16	9.39e-13	6.29e-10	1.00e-07	5.52e-06	1.90e-04	2.42e-02	2.60e-01	7.15e-01
 9.98837e+22	7.57e-26	2.14e-20	4.01e-16	1.10e-12	7.20e-10	1.12e-07	6.01e-06	2.02e-04	2.51e-02	2.64e-01	7.11e-01
 1.00343e+23	1.07e-25	2.91e-20	5.25e-16	1.39e-12	8.79e-10	1.32e-07	6.81e-06	2.20e-04	2.64e-02	2.70e-01	7.03e-01
 1.00802e+23	1.35e-25	3.58e-20	6.30e-16	1.63e-12	1.01e-09	1.47e-07	7.42e-06	2.34e-04	2.74e-02	2.74e-01	6.99e-01
 1.01260e+23	1.92e-25	4.92e-20	8.31e-16	2.07e-12	1.23e-09	1.74e-07	8.43e-06	2.55e-04	2.89e-02	2.80e-01	6.91e-01
 1.01702e+23	2.41e-25	6.05e-20	9.97e-16	2.42e-12	1.41e-09	1.95e-07	9.17e-06	2.71e-04	3.00e-02	2.84e-01	6.86e-01
 1.02126e+23	3.31e-25	8.02e-20	1.28e-15	3.00e-12	1.69e-09	2.26e-07	1.03e-05	2.93e-04	3.14e-02	2.89e-01	6.79e-01
 1.02564e+23	4.32e-25	1.02e-19	1.58e-15	3.60e-12	1.98e-09	2.57e-07	1.13e-05	3.14e-04	3.27e-02	2.94e-01	6.73e-01
 1.03021e+23	6.18e-25	1.40e-19	2.09e-15	4.58e-12	2.43e-09	3.04e-07	1.29e-05	3.43e-04	3.46e-02	3.00e-01	6.65e-01
 1.03461e+23	7.88e-25	1.75e-19	2.53e-15	5.41e-12	2.80e-09	3.42e-07	1.41e-05	3.65e-04	3.59e-02	3.04e-01	6.60e-01
 1.03879e+23	1.11e-24	2.38e-19	3.31e-15	6.83e-12	3.41e-09	4.03e-07	1.60e-05	3.97e-04	3.78e-02	3.10e-01	6.52e-01
 1.04297e+23	1.42e-24	2.96e-19	4.02e-15	8.07e-12	3.93e-09	4.53e-07	1.75e-05	4.23e-04	3.92e-02	3.14e-01	6.46e-01
 1.04712e+23	2.02e-24	4.05e-19	5.28e-15	1.02e-11	4.81e-09	5.34e-07	1.98e-05	4.61e-04	4.13e-02	3.20e-01	6.38e-01
 1.05131e+23	2.61e-24	5.10e-19	6.46e-15	1.22e-11	5.58e-09	6.04e-07	2.17e-05	4.92e-04	4.29e-02	3.25e-01	6.32e-01
 1.05555e+23	3.76e-24	7.07e-19	8.61e-15	1.56e-11	6.89e-09	7.18e-07	2.48e-05	5.38e-04	4.53e-02	3.31e-01	6.23e-01
 1.05980e+23	4.89e-24	8.95e-19	1.06e-14	1.86e-11	8.02e-09	8.14e-07	2.73e-05	5.75e-04	4.71e-02	3.36e-01	6.16e-01
 1.06406e+23	7.00e-24	1.23e-18	1.40e-14	2.37e-11	9.85e-09	9.65e-07	3.11e-05	6.29e-04	4.97e-02	3.42e-01	6.07e-01
 1.06829e+23	9.16e-24	1.57e-18	1.73e-14	2.84e-11	1.15e-08	1.10e-06	3.43e-05	6.73e-04	5.17e-02	3.47e-01	6.00e-01
 1.07247e+23	1.31e-23	2.16e-18	2.29e-14	3.62e-11	1.41e-08	1.30e-06	3.91e-05	7.36e-04	5.45e-02	3.54e-01	5.91e-01
 1.07672e+23	1.73e-23	2.78e-18	2.86e-14	4.38e-11	1.66e-08	1.49e-06	4.34e-05	7.90e-04	5.69e-02	3.59e-01	5.84e-01
 1.08105e+23	2.51e-23	3.88e-18	3.82e-14	5.62e-11	2.06e-08	1.78e-06	4.97e-05	8.67e-04	6.01e-02	3.65e-01	5.74e-01
 1.08543e+23	3.36e-23	5.03e-18	4.80e-14	6.84e-11	2.44e-08	2.05e-06	5.53e-05	9.33e-04	6.27e-02	3.71e-01	5.66e-01
 1.08987e+23	4.90e-23	7.06e-18	6.46e-14	8.84e-11	3.03e-08	2.45e-06	6.36e-05	1.03e-03	6.63e-02	3.77e-01	5.55e-01
 1.09434e+23	6.54e-23	9.14e-18	8.10e-14	1.07e-10	3.59e-08	2.82e-06	7.08e-05	1.10e-03	6.92e-02	3.83e-01	5.47e-01
 1.09819e+23	8.66e-23	1.18e-17	1.01e-13	1.30e-10	4.23e-08	3.24e-06	7.87e-05	1.19e-03	7.22e-02	3.88e-01	5.39e-01
 1.10255e+23	1.24e-22	1.62e-17	1.34e-13	1.66e-10	5.21e-08	3.85e-06	9.00e-05	1.30e-03	7.61e-02	3.94e-01	5.28e-01
 1.10694e+23	1.64e-22	2.09e-17	1.67e-13	2.01e-10	6.13e-08	4.42e-06	1.00e-04	1.40e-03	7.94e-02	3.99e-01	5.20e-01
 1.11139e+23	2.35e-22	2.88e-17	2.22e-13	2.56e-10	7.58e-08	5.27e-06	1.15e-04	1.53e-03	8.38e-02	4.05e-01	5.09e-01
 1.11586e+23	3.06e-22	3.66e-17	2.74e-13	3.07e-10	8.86e-08	6.01e-06	1.27e-04	1.64e-03	8.72e-02	4.10e-01	5.01e-01
 1.12034e+23	4.36e-22	5.03e-17	3.62e-13	3.91e-10	1.09e-07	7.16e-06	1.45e-04	1.80e-03	9.19e-02	4.16e-01	4.90e-01
 1.12490e+23	5.67e-22	6.37e-17	4.46e-13	4.68e-10	1.27e-07	8.15e-06	1.61e-04	1.93e-03	9.56e-02	4.21e-01	4.82e-01
 1.12956e+23	8.03e-22	8.72e-17	5.88e-13	5.94e-10	1.57e-07	9.70e-06	1.84e-04	2.12e-03	1.01e-01	4.27e-01	4.70e-01
 1.13434e+23	1.05e-21	1.11e-16	7.26e-13	7.13e-10	1.83e-07	1.11e-05	2.04e-04	2.27e-03	1.05e-01	4.31e-01	4.62e-01
 1.13928e+23	1.48e-21	1.51e-16	9.55e-13	9.05e-10	2.25e-07	1.32e-05	2.34e-04	2.49e-03	1.10e-01	4.37e-01	4.50e-01
 1.14432e+23	1.93e-21	1.93e-16	1.18e-12	1.09e-09	2.65e-07	1.51e-05	2.60e-04	2.68e-03	1.15e-01	4.41e-01	4.41e-01
 1.14948e+23	2.72e-21	2.62e-16	1.55e-12	1.38e-09	3.25e-07	1.80e-05	2.98e-04	2.94e-03	1.21e-01	4.46e-01	4.30e-01
 1.15468e+23	3.53e-21	3.31e-16	1.91e-12	1.65e-09	3.80e-07	2.05e-05	3.30e-04	3.15e-03	1.26e-01	4.50e-01	4.21e-01
 1.15993e+23	4.89e-21	4.46e-16	2.48e-12	2.07e-09	4.63e-07	2.42e-05	3.76e-04	3.44e-03	1.32e-01	4.55e-01	4.09e-01
 1.16532e+23	6.34e-21	5.64e-16	3.06e-12	2.48e-09	5.41e-07	2.76e-05	4.18e-04	3.69e-03	1.37e-01	4.58e-01	4.00e-01
 1.16998e+23	8.02e-21	6.97e-16	3.69e-12	2.92e-09	6.24e-07	3.12e-05	4.59e-04	3.94e-03	1.42e-01	4.62e-01	3.92e-01
 1.17515e+23	1.08e-20	9.14e-16	4.69e-12	3.60e-09	7.49e-07	3.64e-05	5.18e-04	4.27e-03	1.49e-01	4.65e-01	3.81e-01
 1.18038e+23	1.37e-20	1.13e-15	5.66e-12	4.24e-09	8.63e-07	4.10e-05	5.69e-04	4.55e-03	1.54e-01	4.68e-01	3.73e-01
 1.18570e+23	1.84e-20	1.48e-15	7.19e-12	5.22e-09	1.03e-06	4.78e-05	6.42e-04	4.94e-03	1.61e-01	4.71e-01	3.62e-01
 1.19110e+23	2.30e-20	1.81e-15	8.63e-12	6.12e-09	1.19e-06	5.38e-05	7.04e-04	5.26e-03	1.66e-01	4.74e-01	3.54e-01
 1.19584e+23	2.87e-20	2.21e-15	1.03e-11	7.14e-09	1.36e-06	6.03e-05	7.70e-04	5.59e-03	1.72e-01	4.76e-01	3.46e-01
 1.20122e+23	3.82e-20	2.87e-15	1.30e-11	8.73e-09	1.62e-06	7.00e-05	8.66e-04	6.04e-03	1.79e-01	4.78e-01	3.35e-01
 1.20658e+23	4.67e-20	3.45e-15	1.53e-11	1.01e-08	1.84e-06	7.77e-05	9.40e-04	6.39e-03	1.85e-01	4.80e-01	3.28e-01
 1.21191e+23	6.12e-20	4.41e-15	1.90e-11	1.22e-08	2.17e-06	8.96e-05	1.05e-03	6.89e-03	1.92e-01	4.82e-01	3.18e-01
 1.21735e+23	7.51e-20	5.31e-15	2.25e-11	1.41e-08	2.46e-06	9.96e-05	1.14e-03	7.28e-03	1.98e-01	4.83e-01	3.11e-01
 1.22292e+23	9.83e-20	6.79e-15	2.80e-11	1.71e-08	2.91e-06	1.15e-04	1.28e-03	7.85e-03	2.06e-01	4.85e-01	3.01e-01
 1.22859e+23	1.21e-19	8.19e-15	3.31e-11	1.97e-08	3.31e-06	1.28e-04	1.39e-03	8.31e-03	2.12e-01	4.85e-01	2.93e-01
 1.23441e+23	1.58e-19	1.05e-14	4.13e-11	2.39e-08	3.91e-06	1.47e-04	1.55e-03	8.95e-03	2.20e-01	4.86e-01	2.83e-01
 1.24032e+23	1.95e-19	1.27e-14	4.88e-11	2.77e-08	4.44e-06	1.64e-04	1.69e-03	9.47e-03	2.26e-01	4.87e-01	2.76e-01
 1.24638e+23	2.55e-19	1.62e-14	6.09e-11	3.36e-08	5.26e-06	1.89e-04	1.89e-03	1.02e-02	2.35e-01	4.87e-01	2.66e-01
 1.25230e+23	3.07e-19	1.92e-14	7.08e-11	3.83e-08	5.89e-06	2.08e-04	2.03e-03	1.07e-02	2.41e-01	4.87e-01	2.60e-01
 1.25805e+23	3.95e-19	2.41e-14	8.70e-11	4.59e-08	6.90e-06	2.38e-04	2.26e-03	1.15e-02	2.49e-01	4.86e-01	2.50e-01
 1.26388e+23	4.75e-19	2.86e-14	1.01e-10	5.23e-08	7.73e-06	2.62e-04	2.43e-03	1.21e-02	2.55e-01	4.86e-01	2.44e-01
 1.26982e+23	6.07e-19	3.57e-14	1.24e-10	6.23e-08	9.01e-06	2.98e-04	2.69e-03	1.29e-02	2.64e-01	4.85e-01	2.35e-01
 1.27594e+23	7.41e-19	4.29e-14	1.46e-10	7.19e-08	1.02e-05	3.30e-04	2.92e-03	1.36e-02	2.71e-01	4.84e-01	2.28e-01
 1.28230e+23	9.50e-19	5.38e-14	1.78e-10	8.58e-08	1.19e-05	3.76e-04	3.23e-03	1.46e-02	2.80e-01	4.82e-01	2.20e-01
 1.28887e+23	1.17e-18	6.51e-14	2.12e-10	9.96e-08	1.35e-05	4.19e-04	3.51e-03	1.54e-02	2.87e-01	4.81e-01	2.13e-01
 1.29570e+23	1.51e-18	8.24e-14	2.61e-10	1.20e-07	1.59e-05	4.79e-04	3.89e-03	1.65e-02	2.96e-01	4.78e-01	2.04e-01
 1.30271e+23	1.88e-18	1.00e-13	3.12e-10	1.39e-07	1.81e-05	5.35e-04	4.24e-03	1.74e-02	3.04e-01	4.76e-01	1.97e-01
 1.30995e+23	2.45e-18	1.28e-13	3.87e-10	1.68e-07	2.13e-05	6.13e-04	4.71e-03	1.87e-02	3.14e-01	4.73e-01	1.89e-01
 1.31742e+23	3.06e-18	1.57e-13	4.64e-10	1.97e-07	2.45e-05	6.87e-04	5.15e-03	1.98e-02	3.22e-01	4.70e-01	1.82e-01
 1.32519e+23	4.03e-18	2.01e-13	5.81e-10	2.40e-07	2.90e-05	7.91e-04	5.73e-03	2.12e-02	3.33e-01	4.66e-01	1.73e-01
 1.33322e+23	5.10e-18	2.49e-13	7.04e-10	2.84e-07	3.35e-05	8.91e-04	6.28e-03	2.25e-02	3.41e-01	4.63e-01	1.66e-01
 1.34049e+23	6.38e-18	3.06e-13	8.47e-10	3.33e-07	3.84e-05	1.00e-03	6.86e-03	2.38e-02	3.50e-01	4.59e-01	1.60e-01
 1.34881e+23	8.49e-18	3.97e-13	1.07e-09	4.07e-07	4.57e-05	1.15e-03	7.65e-03	2.56e-02	3.61e-01	4.54e-01	1.51e-01
 1.35732e+23	1.07e-17	4.93e-13	1.30e-09	4.81e-07	5.28e-05	1.30e-03	8.38e-03	2.71e-02	3.70e-01	4.49e-01	1.45e-01
 1.36491e+23	1.35e-17	6.05e-13	1.56e-09	5.65e-07	6.05e-05	1.46e-03	9.13e-03	2.86e-02	3.78e-01	4.44e-01	1.38e-01
 1.37363e+23	1.81e-17	7.94e-13	1.99e-09	6.98e-07	7.27e-05	1.70e-03	1.03e-02	3.09e-02	3.90e-01	4.37e-01	1.30e-01
 1.38242e+23	2.27e-17	9.75e-13	2.39e-09	8.18e-07	8.33e-05	1.90e-03	1.12e-02	3.25e-02	3.98e-01	4.32e-01	1.24e-01
 1.39129e+23	3.04e-17	1.28e-12	3.04e-09	1.01e-06	1.00e-04	2.21e-03	1.25e-02	3.50e-02	4.09e-01	4.24e-01	1.17e-01
 1.40027e+23	3.82e-17	1.57e-12	3.67e-09	1.19e-06	1.15e-04	2.48e-03	1.37e-02	3.70e-02	4.18e-01	4.18e-01	1.11e-01
 1.40940e+23	5.11e-17	2.06e-12	4.67e-09	1.47e-06	1.38e-04	2.88e-03	1.54e-02	3.98e-02	4.29e-01	4.09e-01	1.04e-01
 1.41813e+23	6.25e-17	2.47e-12	5.51e-09	1.69e-06	1.56e-04	3.20e-03	1.66e-02	4.18e-02	4.37e-01	4.03e-01	9.88e-02
 1.42633e+23	8.05e-17	3.13e-12	6.82e-09	2.04e-06	1.84e-04	3.66e-03	1.84e-02	4.45e-02	4.47e-01	3.94e-01	9.26e-02
 1.43458e+23	9.81e-17	3.75e-12	8.04e-09	2.36e-06	2.08e-04	4.05e-03	1.99e-02	4.67e-02	4.54e-01	3.87e-01	8.81e-02
 1.44292e+23	1.26e-16	4.73e-12	9.93e-09	2.84e-06	2.44e-04	4.64e-03	2.20e-02	4.98e-02	4.63e-01	3.78e-01	8.21e-02
 1.45133e+23	1.53e-16	5.67e-12	1.17e-08	3.27e-06	2.77e-04	5.15e-03	2.38e-02	5.22e-02	4.70e-01	3.70e-01	7.78e-02
 1.45986e+23	1.95e-16	7.13e-12	1.44e-08	3.94e-06	3.26e-04	5.91e-03	2.64e-02	5.57e-02	4.79e-01	3.60e-01	7.21e-02
 1.46850e+23	2.37e-16	8.54e-12	1.70e-08	4.55e-06	3.70e-04	6.56e-03	2.86e-02	5.85e-02	4.86e-01	3.52e-01	6.80e-02
 1.47728e+23	3.00e-16	1.07e-11	2.10e-08	5.47e-06	4.36e-04	7.54e-03	3.18e-02	6.24e-02	4.95e-01	3.41e-01	6.26e-02
 1.48618e+23	3.62e-16	1.28e-11	2.47e-08	6.32e-06	4.94e-04	8.38e-03	3.45e-02	6.55e-02	5.01e-01	3.32e-01	5.87e-02
 1.49525e+23	4.55e-16	1.59e-11	3.03e-08	7.59e-06	5.82e-04	9.64e-03	3.83e-02	6.98e-02	5.08e-01	3.20e-01	5.38e-02
 1.50451e+23	5.45e-16	1.89e-11	3.57e-08	8.78e-06	6.63e-04	1.08e-02	4.17e-02	7.35e-02	5.14e-01	3.10e-01	5.00e-02
 1.51405e+23	6.79e-16	2.35e-11	4.38e-08	1.06e-05	7.83e-04	1.24e-02	4.64e-02	7.85e-02	5.20e-01	2.97e-01	4.53e-02
 1.52372e+23	8.02e-16	2.77e-11	5.14e-08	1.22e-05	8.92e-04	1.39e-02	5.05e-02	8.25e-02	5.24e-01	2.86e-01	4.18e-02
 1.53326e+23	9.70e-16	3.35e-11	6.19e-08	1.44e-05	1.04e-03	1.59e-02	5.59e-02	8.77e-02	5.29e-01	2.73e-01	3.77e-02
 1.54237e+23	1.11e-15	3.84e-11	7.07e-08	1.63e-05	1.16e-03	1.75e-02	6.01e-02	9.16e-02	5.31e-01	2.63e-01	3.50e-02
 1.55123e+23	1.30e-15	4.52e-11	8.33e-08	1.90e-05	1.34e-03	1.97e-02	6.60e-02	9.69e-02	5.34e-01	2.51e-01	3.15e-02
 1.56026e+23	1.46e-15	5.13e-11	9.47e-08	2.14e-05	1.50e-03	2.17e-02	7.10e-02	1.01e-01	5.35e-01	2.40e-01	2.90e-02
 1.56906e+23	1.65e-15	5.89e-11	1.09e-07	2.45e-05	1.71e-03	2.43e-02	7.72e-02	1.06e-01	5.36e-01	2.28e-01	2.62e-02
 1.57805e+23	1.83e-15	6.61e-11	1.24e-07	2.75e-05	1.90e-03	2.68e-02	8.30e-02	1.11e-01	5.35e-01	2.18e-01	2.38e-02
 1.58681e+23	2.01e-15	7.42e-11	1.40e-07	3.11e-05	2.14e-03	2.97e-02	8.96e-02	1.16e-01	5.34e-01	2.07e-01	2.15e-02
 1.59575e+23	2.18e-15	8.23e-11	1.57e-07	3.48e-05	2.39e-03	3.27e-02	9.61e-02	1.21e-01	5.32e-01	1.96e-01	1.95e-02
 1.60462e+23	2.35e-15	9.09e-11	1.76e-07	3.90e-05	2.66e-03	3.60e-02	1.03e-01	1.26e-01	5.29e-01	1.86e-01	1.75e-02
 1.61353e+23	2.50e-15	9.94e-11	1.96e-07	4.34e-05	2.96e-03	3.94e-02	1.10e-01	1.31e-01	5.25e-01	1.75e-01	1.58e-02
 1.62235e+23	2.64e-15	1.08e-10	2.17e-07	4.82e-05	3.28e-03	4.31e-02	1.17e-01	1.36e-01	5.20e-01	1.65e-01	1.42e-02
 1.63115e+23	2.77e-15	1.17e-10	2.40e-07	5.34e-05	3.62e-03	4.69e-02	1.25e-01	1.41e-01	5.14e-01	1.56e-01	1.27e-02
 1.63997e+23	2.88e-15	1.26e-10	2.65e-07	5.90e-05	4.00e-03	5.11e-02	1.32e-01	1.46e-01	5.08e-01	1.47e-01	1.14e-02
 1.64883e+23	2.97e-15	1.35e-10	2.91e-07	6.53e-05	4.41e-03	5.55e-02	1.40e-01	1.51e-01	5.01e-01	1.38e-01	1.02e-02
 1.65776e+23	3.06e-15	1.45e-10	3.20e-07	7.21e-05	4.86e-03	6.02e-02	1.48e-01	1.56e-01	4.93e-01	1.29e-01	9.13e-03
 1.66677e+23	3.13e-15	1.55e-10	3.52e-07	7.98e-05	5.36e-03	6.52e-02	1.56e-01	1.60e-01	4.84e-01	1.21e-01	8.13e-03
 1.67590e+23	3.21e-15	1.65e-10	3.87e-07	8.84e-05	5.91e-03	7.05e-02	1.64e-01	1.65e-01	4.75e-01	1.13e-01	7.22e-03
 1.68507e+23	3.27e-15	1.77e-10	4.27e-07	9.79e-05	6.51e-03	7.61e-02	1.72e-01	1.69e-01	4.65e-01	1.05e-01	6.41e-03
 1.69439e+23	3.34e-15	1.90e-10	4.72e-07	1.09e-04	7.18e-03	8.22e-02	1.80e-01	1.73e-01	4.54e-01	9.74e-02	5.66e-03
 1.70384e+23	3.41e-15	2.03e-10	5.22e-07	1.21e-04	7.92e-03	8.86e-02	1.88e-01	1.77e-01	4.43e-01	9.04e-02	5.00e-03
 1.71347e+23	3.48e-15	2.19e-10	5.81e-07	1.36e-04	8.77e-03	9.57e-02	1.96e-01	1.81e-01	4.30e-01	8.34e-02	4.38e-03
 1.72241e+23	3.57e-15	2.34e-10	6.37e-07	1.49e-04	9.52e-03	1.02e-01	2.03e-01	1.84e-01	4.20e-01	7.81e-02	3.94e-03
 1.73163e+23	3.67e-15	2.54e-10	7.18e-07	1.68e-04	1.06e-02	1.10e-01	2.11e-01	1.87e-01	4.06e-01	7.16e-02	3.42e-03
 1.74102e+23	3.79e-15	2.74e-10	7.93e-07	1.86e-04	1.15e-02	1.17e-01	2.18e-01	1.89e-01	3.95e-01	6.67e-02	3.06e-03
 1.75066e+23	3.91e-15	3.01e-10	9.03e-07	2.12e-04	1.29e-02	1.26e-01	2.26e-01	1.92e-01	3.80e-01	6.06e-02	2.63e-03
 1.76032e+23	4.11e-15	3.29e-10	1.01e-06	2.35e-04	1.40e-02	1.33e-01	2.32e-01	1.93e-01	3.68e-01	5.64e-02	2.35e-03
 1.77001e+23	4.33e-15	3.66e-10	1.15e-06	2.68e-04	1.56e-02	1.44e-01	2.40e-01	1.95e-01	3.52e-01	5.11e-02	2.02e-03
 1.77978e+23	4.57e-15	4.02e-10	1.29e-06	2.99e-04	1.70e-02	1.52e-01	2.46e-01	1.96e-01	3.40e-01	4.73e-02	1.79e-03
 1.78963e+23	4.89e-15	4.54e-10	1.50e-06	3.43e-04	1.90e-02	1.63e-01	2.52e-01	1.97e-01	3.25e-01	4.27e-02	1.53e-03
 1.79957e+23	5.24e-15	5.04e-10	1.69e-06	3.83e-04	2.06e-02	1.72e-01	2.58e-01	1.97e-01	3.12e-01	3.94e-02	1.35e-03
 1.80963e+23	5.72e-15	5.77e-10	1.98e-06	4.42e-04	2.30e-02	1.84e-01	2.64e-01	1.96e-01	2.96e-01	3.54e-02	1.15e-03
 1.81982e+23	6.23e-15	6.48e-10	2.25e-06	4.96e-04	2.51e-02	1.94e-01	2.68e-01	1.95e-01	2.84e-01	3.25e-02	1.01e-03
 1.83017e+23	6.95e-15	7.55e-10	2.66e-06	5.76e-04	2.80e-02	2.07e-01	2.73e-01	1.94e-01	2.68e-01	2.90e-02	8.55e-04
 1.84071e+23	7.71e-15	8.61e-10	3.05e-06	6.48e-04	3.05e-02	2.18e-01	2.77e-01	1.92e-01	2.55e-01	2.64e-02	7.47e-04
 1.85148e+23	8.85e-15	1.02e-09	3.65e-06	7.56e-04	3.41e-02	2.32e-01	2.81e-01	1.90e-01	2.39e-01	2.34e-02	6.24e-04
 1.86249e+23	1.00e-14	1.18e-09	4.22e-06	8.56e-04	3.72e-02	2.44e-01	2.83e-01	1.87e-01	2.26e-01	2.11e-02	5.40e-04
 1.87380e+23	1.19e-14	1.43e-09	5.12e-06	1.00e-03	4.16e-02	2.59e-01	2.86e-01	1.83e-01	2.10e-01	1.85e-02	4.46e-04
 1.88537e+23	1.38e-14	1.68e-09	5.98e-06	1.14e-03	4.55e-02	2.72e-01	2.88e-01	1.80e-01	1.98e-01	1.66e-02	3.82e-04
 1.89511e+23	1.58e-14	1.95e-09	6.87e-06	1.28e-03	4.91e-02	2.83e-01	2.88e-01	1.76e-01	1.87e-01	1.51e-02	3.33e-04
 1.90560e+23	1.90e-14	2.36e-09	8.22e-06	1.48e-03	5.41e-02	2.97e-01	2.89e-01	1.71e-01	1.73e-01	1.33e-02	2.78e-04
 1.91584e+23	2.19e-14	2.72e-09	9.37e-06	1.64e-03	5.80e-02	3.08e-01	2.89e-01	1.68e-01	1.64e-01	1.21e-02	2.43e-04
 1.92577e+23	2.64e-14	3.28e-09	1.11e-05	1.87e-03	6.34e-02	3.21e-01	2.88e-01	1.63e-01	1.52e-01	1.06e-02	2.04e-04
 1.93580e+23	3.09e-14	3.80e-09	1.27e-05	2.08e-03	6.78e-02	3.32e-01	2.87e-01	1.58e-01	1.43e-01	9.66e-03	1.78e-04
 1.94594e+23	3.79e-14	4.62e-09	1.51e-05	2.37e-03	7.40e-02	3.45e-01	2.85e-01	1.53e-01	1.32e-01	8.48e-03	1.49e-04
 1.95623e+23	4.48e-14	5.40e-09	1.73e-05	2.63e-03	7.90e-02	3.55e-01	2.83e-01	1.48e-01	1.24e-01	7.65e-03	1.29e-04
 1.96670e+23	5.60e-14	6.63e-09	2.06e-05	3.01e-03	8.60e-02	3.69e-01	2.79e-01	1.42e-01	1.14e-01	6.66e-03	1.07e-04
 1.97731e+23	6.71e-14	7.80e-09	2.37e-05	3.34e-03	9.17e-02	3.79e-01	2.76e-01	1.37e-01	1.06e-01	5.98e-03	9.20e-05
 1.98813e+23	8.51e-14	9.66e-09	2.84e-05	3.82e-03	9.97e-02	3.92e-01	2.72e-01	1.31e-01	9.70e-02	5.16e-03	7.54e-05
 1.99913e+23	1.03e-13	1.14e-08	3.26e-05	4.23e-03	1.06e-01	4.01e-01	2.68e-01	1.26e-01	9.02e-02	4.61e-03	6.46e-05
 2.01036e+23	1.33e-13	1.43e-08	3.93e-05	4.85e-03	1.15e-01	4.14e-01	2.62e-01	1.19e-01	8.15e-02	3.94e-03	5.23e-05
 2.02182e+23	1.63e-13	1.70e-08	4.53e-05	5.38e-03	1.23e-01	4.23e-01	2.57e-01	1.14e-01	7.53e-02	3.49e-03	4.44e-05
 2.03358e+23	2.15e-13	2.15e-08	5.48e-05	6.17e-03	1.33e-01	4.34e-01	2.50e-01	1.07e-01	6.75e-02	2.95e-03	3.55e-05
 2.04564e+23	2.68e-13	2.59e-08	6.37e-05	6.86e-03	1.41e-01	4.42e-01	2.44e-01	1.01e-01	6.18e-02	2.59e-03	2.98e-05
 2.05810e+23	3.57e-13	3.31e-08	7.73e-05	7.87e-03	1.53e-01	4.52e-01	2.36e-01	9.45e-02	5.49e-02	2.16e-03	2.35e-05
 2.07074e+23	4.49e-13	4.00e-08	8.99e-05	8.75e-03	1.62e-01	4.59e-01	2.29e-01	8.91e-02	4.99e-02	1.88e-03	1.95e-05
 2.08363e+23	6.07e-13	5.13e-08	1.09e-04	1.00e-02	1.75e-01	4.67e-01	2.20e-01	8.24e-02	4.40e-02	1.56e-03	1.52e-05
 2.09666e+23	7.65e-13	6.21e-08	1.27e-04	1.11e-02	1.85e-01	4.72e-01	2.13e-01	7.74e-02	3.99e-02	1.35e-03	1.26e-05
 2.10988e+23	1.04e-12	8.00e-08	1.55e-04	1.27e-02	1.99e-01	4.78e-01	2.03e-01	7.11e-02	3.49e-02	1.11e-03	9.72e-06
 2.12330e+23	1.32e-12	9.70e-08	1.80e-04	1.41e-02	2.10e-01	4.82e-01	1.95e-01	6.64e-02	3.14e-02	9.52e-04	7.96e-06
 2.13507e+23	1.67e-12	1.17e-07	2.08e-04	1.55e-02	2.21e-01	4.84e-01	1.88e-01	6.20e-02	2.82e-02	8.17e-04	6.52e-06
 2.14847e+23	2.28e-12	1.51e-07	2.52e-04	1.77e-02	2.36e-01	4.87e-01	1.78e-01	5.65e-02	2.45e-02	6.67e-04	5.00e-06
 2.16198e+23	2.88e-12	1.82e-07	2.91e-04	1.94e-02	2.48e-01	4.88e-01	1.70e-01	5.25e-02	2.20e-02	5.70e-04	4.08e-06
 2.17310e+23	3.54e-12	2.15e-07	3.30e-04	2.11e-02	2.58e-01	4.88e-01	1.63e-01	4.91e-02	1.99e-02	4.95e-04	3.40e-06
 2.18502e+23	4.59e-12	2.65e-07	3.86e-04	2.34e-02	2.71e-01	4.87e-01	1.55e-01	4.52e-02	1.76e-02	4.15e-04	2.71e-06
 2.19721e+23	5.71e-12	3.15e-07	4.40e-04	2.55e-02	2.83e-01	4.85e-01	1.48e-01	4.20e-02	1.58e-02	3.57e-04	2.22e-06
 2.20805e+23	7.05e-12	3.73e-07	4.99e-04	2.77e-02	2.93e-01	4.83e-01	1.41e-01	3.91e-02	1.43e-02	3.08e-04	1.84e-06
 2.22044e+23	9.15e-12	4.59e-07	5.83e-04	3.06e-02	3.07e-01	4.80e-01	1.33e-01	3.57e-02	1.25e-02	2.56e-04	1.45e-06
 2.23332e+23	1.16e-11	5.54e-07	6.71e-04	3.34e-02	3.20e-01	4.76e-01	1.26e-01	3.29e-02	1.11e-02	2.16e-04	1.17e-06
 2.24481e+23	1.44e-11	6.57e-07	7.61e-04	3.62e-02	3.31e-01	4.72e-01	1.20e-01	3.04e-02	9.93e-03	1.85e-04	9.55e-07
 2.25775e+23	1.88e-11	8.10e-07	8.89e-04	3.99e-02	3.45e-01	4.66e-01	1.12e-01	2.76e-02	8.63e-03	1.52e-04	7.44e-07
 2.27128e+23	2.40e-11	9.84e-07	1.03e-03	4.36e-02	3.58e-01	4.59e-01	1.05e-01	2.51e-02	7.57e-03	1.27e-04	5.88e-07
 2.28348e+23	2.99e-11	1.17e-06	1.17e-03	4.72e-02	3.70e-01	4.53e-01	9.94e-02	2.31e-02	6.71e-03	1.07e-04	4.75e-07
 2.29726e+23	3.95e-11	1.46e-06	1.37e-03	5.21e-02	3.84e-01	4.44e-01	9.21e-02	2.07e-02	5.76e-03	8.68e-05	3.63e-07
 2.31150e+23	5.08e-11	1.77e-06	1.58e-03	5.68e-02	3.97e-01	4.35e-01	8.58e-02	1.88e-02	5.01e-03	7.15e-05	2.83e-07
 2.32418e+23	6.37e-11	2.11e-06	1.79e-03	6.14e-02	4.08e-01	4.27e-01	8.03e-02	1.71e-02	4.41e-03	5.99e-05	2.26e-07
 2.33852e+23	8.44e-11	2.63e-06	2.10e-03	6.75e-02	4.22e-01	4.15e-01	7.38e-02	1.52e-02	3.74e-03	4.78e-05	1.70e-07
 2.35344e+23	1.09e-10	3.21e-06	2.43e-03	7.35e-02	4.34e-01	4.05e-01	6.82e-02	1.37e-02	3.22e-03	3.90e-05	1.31e-07
 2.36685e+23	1.38e-10	3.85e-06	2.77e-03	7.94e-02	4.45e-01	3.94e-01	6.33e-02	1.24e-02	2.80e-03	3.22e-05	0.00e+00
 2.38205e+23	1.86e-10	4.86e-06	3.27e-03	8.74e-02	4.59e-01	3.80e-01	5.73e-02	1.08e-02	2.34e-03	2.51e-05	0.00e+00
 2.39774e+23	2.40e-10	5.91e-06	3.76e-03	9.48e-02	4.69e-01	3.68e-01	5.26e-02	9.68e-03	2.00e-03	2.03e-05	0.00e+00
 2.41189e+23	3.06e-10	7.14e-06	4.30e-03	1.02e-01	4.79e-01	3.56e-01	4.83e-02	8.66e-03	1.71e-03	1.64e-05	0.00e+00
 2.42811e+23	4.18e-10	9.08e-06	5.10e-03	1.13e-01	4.91e-01	3.40e-01	4.31e-02	7.49e-03	1.40e-03	1.25e-05	0.00e+00
 2.44453e+23	5.42e-10	1.11e-05	5.86e-03	1.22e-01	5.00e-01	3.26e-01	3.92e-02	6.63e-03	1.18e-03	9.98e-06	0.00e+00
 2.45905e+23	6.90e-10	1.33e-05	6.68e-03	1.31e-01	5.07e-01	3.13e-01	3.57e-02	5.90e-03	1.01e-03	8.03e-06	0.00e+00
 2.47574e+23	9.48e-10	1.70e-05	7.92e-03	1.43e-01	5.16e-01	2.96e-01	3.15e-02	5.05e-03	8.15e-04	6.02e-06	0.00e+00
 2.49262e+23	1.22e-09	2.07e-05	9.07e-03	1.54e-01	5.22e-01	2.82e-01	2.84e-02	4.44e-03	6.83e-04	4.75e-06	0.00e+00
 2.50977e+23	1.67e-09	2.62e-05	1.07e-02	1.68e-01	5.27e-01	2.65e-01	2.50e-02	3.79e-03	5.49e-04	3.55e-06	0.00e+00
 2.52727e+23	2.17e-09	3.20e-05	1.23e-02	1.80e-01	5.31e-01	2.51e-01	2.23e-02	3.30e-03	4.55e-04	2.76e-06	0.00e+00
 2.54286e+23	2.81e-09	3.88e-05	1.40e-02	1.93e-01	5.33e-01	2.37e-01	1.99e-02	2.88e-03	3.78e-04	2.15e-06	0.00e+00
 2.56075e+23	3.87e-09	4.94e-05	1.65e-02	2.09e-01	5.35e-01	2.20e-01	1.72e-02	2.42e-03	2.98e-04	1.56e-06	0.00e+00
 2.57892e+23	5.02e-09	6.01e-05	1.89e-02	2.23e-01	5.34e-01	2.06e-01	1.52e-02	2.10e-03	2.44e-04	1.20e-06	0.00e+00
 2.59747e+23	6.99e-09	7.71e-05	2.24e-02	2.42e-01	5.32e-01	1.89e-01	1.30e-02	1.74e-03	1.89e-04	8.55e-07	0.00e+00
 2.61620e+23	9.06e-09	9.35e-05	2.55e-02	2.57e-01	5.29e-01	1.76e-01	1.14e-02	1.49e-03	1.54e-04	6.51e-07	0.00e+00
 2.63249e+23	1.16e-08	1.13e-04	2.88e-02	2.72e-01	5.24e-01	1.64e-01	1.00e-02	1.29e-03	1.26e-04	4.99e-07	0.00e+00
 2.64773e+23	1.45e-08	1.33e-04	3.22e-02	2.85e-01	5.19e-01	1.53e-01	8.93e-03	1.13e-03	1.05e-04	3.92e-07	0.00e+00
 2.66428e+23	1.92e-08	1.63e-04	3.69e-02	3.03e-01	5.11e-01	1.40e-01	7.69e-03	9.48e-04	8.27e-05	2.88e-07	0.00e+00
 2.68096e+23	2.40e-08	1.93e-04	4.12e-02	3.17e-01	5.04e-01	1.30e-01	6.79e-03	8.22e-04	6.82e-05	2.23e-07	0.00e+00
 2.69546e+23	2.97e-08	2.26e-04	4.57e-02	3.30e-01	4.96e-01	1.21e-01	6.01e-03	7.16e-04	5.66e-05	1.75e-07	0.00e+00
 2.71199e+23	3.90e-08	2.76e-04	5.20e-02	3.48e-01	4.84e-01	1.10e-01	5.14e-03	5.99e-04	4.44e-05	1.27e-07	0.00e+00
 2.72888e+23	4.89e-08	3.26e-04	5.79e-02	3.62e-01	4.73e-01	1.01e-01	4.49e-03	5.14e-04	3.61e-05	0.00e+00	0.00e+00
 2.74624e+23	6.40e-08	3.97e-04	6.58e-02	3.79e-01	4.59e-01	9.13e-02	3.81e-03	4.26e-04	2.81e-05	0.00e+00	0.00e+00
 2.76388e+23	8.08e-08	4.70e-04	7.33e-02	3.94e-01	4.46e-01	8.31e-02	3.29e-03	3.61e-04	2.25e-05	0.00e+00	0.00e+00
 2.77926e+23	9.99e-08	5.48e-04	8.08e-02	4.07e-01	4.33e-01	7.61e-02	2.87e-03	3.10e-04	1.83e-05	0.00e+00	0.00e+00
 2.79662e+23	1.31e-07	6.65e-04	9.13e-02	4.23e-01	4.15e-01	6.77e-02	2.40e-03	2.53e-04	1.40e-05	0.00e+00	0.00e+00
 2.81286e+23	1.57e-07	7.59e-04	9.91e-02	4.33e-01	4.03e-01	6.23e-02	2.12e-03	2.20e-04	1.16e-05	0.00e+00	0.00e+00
 2.82763e+23	1.95e-07	8.89e-04	1.09e-01	4.45e-01	3.87e-01	5.62e-02	1.82e-03	1.85e-04	9.23e-06	0.00e+00	0.00e+00
 2.84269e+23	2.35e-07	1.02e-03	1.19e-01	4.54e-01	3.73e-01	5.13e-02	1.59e-03	1.60e-04	7.58e-06	0.00e+00	0.00e+00
 2.85599e+23	2.80e-07	1.15e-03	1.28e-01	4.63e-01	3.60e-01	4.70e-02	1.40e-03	1.38e-04	6.28e-06	0.00e+00	0.00e+00
 2.87116e+23	3.50e-07	1.35e-03	1.41e-01	4.72e-01	3.42e-01	4.19e-02	1.19e-03	1.15e-04	4.90e-06	0.00e+00	0.00e+00
 2.88648e+23	4.15e-07	1.52e-03	1.52e-01	4.79e-01	3.28e-01	3.81e-02	1.04e-03	9.87e-05	4.03e-06	0.00e+00	0.00e+00
 2.90199e+23	5.16e-07	1.78e-03	1.66e-01	4.87e-01	3.11e-01	3.38e-02	8.79e-04	8.14e-05	3.14e-06	0.00e+00	0.00e+00
 2.91770e+23	6.19e-07	2.02e-03	1.79e-01	4.92e-01	2.96e-01	3.04e-02	7.60e-04	6.90e-05	2.53e-06	0.00e+00	0.00e+00
 2.93145e+23	7.34e-07	2.27e-03	1.92e-01	4.96e-01	2.82e-01	2.75e-02	6.61e-04	5.89e-05	2.06e-06	0.00e+00	0.00e+00
 2.94709e+23	9.10e-07	2.64e-03	2.09e-01	5.00e-01	2.64e-01	2.40e-02	5.51e-04	4.79e-05	1.58e-06	0.00e+00	0.00e+00
 2.96293e+23	1.08e-06	2.97e-03	2.23e-01	5.02e-01	2.50e-01	2.15e-02	4.77e-04	4.05e-05	1.28e-06	0.00e+00	0.00e+00
 2.97905e+23	1.33e-06	3.43e-03	2.43e-01	5.03e-01	2.32e-01	1.87e-02	3.95e-04	3.27e-05	9.70e-07	0.00e+00	0.00e+00
 2.99537e+23	1.59e-06	3.87e-03	2.59e-01	5.02e-01	2.18e-01	1.65e-02	3.37e-04	2.72e-05	7.67e-07	0.00e+00	0.00e+00
 3.00967e+23	1.88e-06	4.34e-03	2.76e-01	5.01e-01	2.04e-01	1.47e-02	2.89e-04	2.28e-05	6.13e-07	0.00e+00	0.00e+00
 3.02596e+23	2.32e-06	5.00e-03	2.98e-01	4.97e-01	1.87e-01	1.26e-02	2.36e-04	1.81e-05	4.59e-07	0.00e+00	0.00e+00
 3.04251e+23	2.74e-06	5.59e-03	3.16e-01	4.93e-01	1.74e-01	1.11e-02	2.01e-04	1.50e-05	3.62e-07	0.00e+00	0.00e+00
 3.05939e+23	3.39e-06	6.44e-03	3.40e-01	4.86e-01	1.58e-01	9.35e-03	1.62e-04	1.17e-05	2.66e-07	0.00e+00	0.00e+00
 3.07635e+23	4.02e-06	7.19e-03	3.60e-01	4.79e-01	1.46e-01	8.15e-03	1.37e-04	9.54e-06	2.07e-07	0.00e+00	0.00e+00
 3.08472e+23	4.16e-06	7.33e-03	3.63e-01	4.77e-01	1.44e-01	7.95e-03	1.32e-04	9.20e-06	1.98e-07	0.00e+00	0.00e+00
