#depth	Ar	Ar+	Ar+2	Ar+3	Ar+4	Ar+5	Ar+6	Ar+7	Ar+8	Ar+9	Ar+10	Ar+11	Ar+12	Ar+13	Ar+14	Ar+15	Ar+16	Ar+17	Ar+18
 1.54284e+22	0.00e+00	0.00e+00	0.00e+00	0.00e+00	0.00e+00	3.64e-25	4.01e-22	2.96e-19	3.34e-16	1.17e-13	2.06e-11	1.79e-09	1.08e-07	3.40e-06	7.02e-05	1.53e-03	5.81e-02	3.29e-01	6.11e-01
 3.58267e+22	0.00e+00	0.00e+00	0.00e+00	0.00e+00	4.45e-27	6.09e-24	4.96e-21	4.94e-18	8.40e-15	2.07e-12	2.57e-10	1.58e-08	6.75e-07	1.52e-05	2.24e-04	3.51e-03	9.55e-02	3.87e-01	5.14e-01
 4.43958e+22	0.00e+00	0.00e+00	0.00e+00	3.92e-29	1.07e-25	1.18e-22	7.70e-20	6.10e-17	8.16e-14	1.57e-11	1.53e-09	7.35e-08	2.45e-06	4.32e-05	5.02e-04	6.18e-03	1.33e-01	4.22e-01	4.39e-01
 5.08744e+22	0.00e+00	0.00e+00	1.75e-31	6.09e-28	1.39e-24	1.28e-21	6.97e-19	4.54e-16	5.05e-13	8.00e-11	6.40e-09	2.53e-07	6.94e-06	1.00e-04	9.54e-04	9.64e-03	1.70e-01	4.42e-01	3.77e-01
 5.44736e+22	0.00e+00	0.00e+00	3.65e-31	1.22e-27	2.67e-24	2.35e-21	1.22e-18	7.58e-16	8.03e-13	1.21e-10	9.21e-09	3.46e-07	9.03e-06	1.24e-04	1.12e-03	1.08e-02	1.81e-01	4.46e-01	3.61e-01
 5.56398e+22	0.00e+00	0.00e+00	5.83e-31	1.90e-27	4.03e-24	3.43e-21	1.73e-18	1.04e-15	1.07e-12	1.57e-10	1.16e-08	4.23e-07	1.07e-05	1.42e-04	1.24e-03	1.15e-02	1.87e-01	4.48e-01	3.51e-01
 5.66662e+22	0.00e+00	0.00e+00	1.10e-30	3.46e-27	7.04e-24	5.75e-21	2.78e-18	1.60e-15	1.59e-12	2.23e-10	1.58e-08	5.54e-07	1.34e-05	1.71e-04	1.43e-03	1.27e-02	1.97e-01	4.51e-01	3.38e-01
 5.76848e+22	0.00e+00	0.00e+00	1.68e-30	5.17e-27	1.02e-23	8.15e-21	3.83e-18	2.14e-15	2.07e-12	2.83e-10	1.95e-08	6.63e-07	1.56e-05	1.93e-04	1.56e-03	1.35e-02	2.04e-01	4.52e-01	3.29e-01
 5.86932e+22	0.00e+00	0.00e+00	2.94e-30	8.78e-27	1.68e-23	1.29e-20	5.83e-18	3.12e-15	2.93e-12	3.86e-10	2.57e-08	8.40e-07	1.91e-05	2.27e-04	1.77e-03	1.46e-02	2.13e-01	4.54e-01	3.17e-01
 5.97190e+22	0.00e+00	0.00e+00	4.78e-30	1.39e-26	2.58e-23	1.91e-20	8.38e-18	4.34e-15	3.95e-12	5.06e-10	3.26e-08	1.03e-06	2.27e-05	2.61e-04	1.96e-03	1.57e-02	2.21e-01	4.55e-01	3.07e-01
 6.06078e+22	0.00e+00	0.00e+00	7.46e-30	2.12e-26	3.81e-23	2.74e-20	1.17e-17	5.85e-15	5.20e-12	6.47e-10	4.05e-08	1.25e-06	2.66e-05	2.96e-04	2.16e-03	1.67e-02	2.28e-01	4.55e-01	2.98e-01
 6.16036e+22	0.00e+00	0.00e+00	1.32e-29	3.62e-26	6.28e-23	4.35e-20	1.78e-17	8.55e-15	7.36e-12	8.86e-10	5.34e-08	1.58e-06	3.26e-05	3.49e-04	2.44e-03	1.82e-02	2.38e-01	4.55e-01	2.86e-01
 6.26293e+22	0.00e+00	0.00e+00	2.15e-29	5.73e-26	9.63e-23	6.46e-20	2.55e-17	1.19e-14	9.92e-12	1.16e-09	6.78e-08	1.95e-06	3.87e-05	4.01e-04	2.71e-03	1.94e-02	2.46e-01	4.55e-01	2.76e-01
 6.35509e+22	0.00e+00	0.00e+00	3.53e-29	9.17e-26	1.49e-22	9.63e-20	3.67e-17	1.64e-14	1.34e-11	1.52e-09	8.63e-08	2.40e-06	4.62e-05	4.62e-04	3.01e-03	2.09e-02	2.55e-01	4.55e-01	2.66e-01
 6.44192e+22	0.00e+00	0.00e+00	5.46e-29	1.38e-25	2.18e-22	1.37e-19	5.08e-17	2.20e-14	1.75e-11	1.93e-09	1.07e-07	2.88e-06	5.39e-05	5.23e-04	3.30e-03	2.22e-02	2.62e-01	4.54e-01	2.58e-01
 6.53611e+22	0.00e+00	0.00e+00	9.35e-29	2.30e-25	3.50e-22	2.12e-19	7.53e-17	3.14e-14	2.43e-11	2.60e-09	1.39e-07	3.61e-06	6.53e-05	6.10e-04	3.69e-03	2.39e-02	2.72e-01	4.53e-01	2.47e-01
 6.63372e+22	0.00e+00	0.00e+00	1.52e-28	3.63e-25	5.35e-22	3.13e-19	1.07e-16	4.31e-14	3.25e-11	3.39e-09	1.75e-07	4.43e-06	7.76e-05	7.01e-04	4.09e-03	2.55e-02	2.81e-01	4.51e-01	2.38e-01
 6.71973e+22	0.00e+00	0.00e+00	2.41e-28	5.59e-25	7.97e-22	4.51e-19	1.50e-16	5.80e-14	4.28e-11	4.34e-09	2.19e-07	5.36e-06	9.12e-05	7.99e-04	4.50e-03	2.71e-02	2.89e-01	4.49e-01	2.29e-01
 6.81551e+22	0.00e+00	0.00e+00	4.27e-28	9.57e-25	1.31e-21	7.12e-19	2.27e-16	8.39e-14	6.03e-11	5.92e-09	2.88e-07	6.81e-06	1.12e-04	9.39e-04	5.07e-03	2.93e-02	3.00e-01	4.47e-01	2.18e-01
 6.91304e+22	0.00e+00	0.00e+00	6.82e-28	1.49e-24	1.97e-21	1.04e-18	3.19e-16	1.14e-13	7.99e-11	7.64e-09	3.61e-07	8.28e-06	1.32e-04	1.07e-03	5.59e-03	3.11e-02	3.09e-01	4.44e-01	2.10e-01
 6.99725e+22	0.00e+00	0.00e+00	1.08e-27	2.29e-24	2.94e-21	1.49e-18	4.43e-16	1.53e-13	1.05e-10	9.78e-09	4.50e-07	1.00e-05	1.55e-04	1.22e-03	6.14e-03	3.31e-02	3.17e-01	4.41e-01	2.01e-01
 7.07787e+22	0.00e+00	0.00e+00	1.64e-27	3.40e-24	4.24e-21	2.09e-18	6.01e-16	2.01e-13	1.35e-10	1.23e-08	5.51e-07	1.19e-05	1.79e-04	1.37e-03	6.69e-03	3.49e-02	3.25e-01	4.38e-01	1.94e-01
 7.16945e+22	0.00e+00	0.00e+00	2.84e-27	5.68e-24	6.82e-21	3.22e-18	8.89e-16	2.84e-13	1.86e-10	1.65e-08	7.16e-07	1.50e-05	2.17e-04	1.60e-03	7.48e-03	3.75e-02	3.35e-01	4.34e-01	1.84e-01
 7.26280e+22	0.00e+00	1.02e-32	4.59e-27	8.90e-24	1.03e-20	4.69e-18	1.25e-15	3.83e-13	2.46e-10	2.13e-08	8.99e-07	1.82e-05	2.57e-04	1.83e-03	8.24e-03	3.98e-02	3.44e-01	4.30e-01	1.76e-01
 7.34356e+22	0.00e+00	1.62e-32	7.09e-27	1.34e-23	1.50e-20	6.62e-18	1.70e-15	5.05e-13	3.19e-10	2.69e-08	1.11e-06	2.18e-05	2.99e-04	2.06e-03	8.99e-03	4.20e-02	3.52e-01	4.26e-01	1.69e-01
 7.43365e+22	0.00e+00	2.86e-32	1.21e-26	2.21e-23	2.39e-20	1.01e-17	2.49e-15	7.07e-13	4.36e-10	3.58e-08	1.43e-06	2.72e-05	3.60e-04	2.39e-03	1.00e-02	4.49e-02	3.62e-01	4.20e-01	1.60e-01
 7.52768e+22	0.00e+00	4.86e-32	2.00e-26	3.53e-23	3.68e-20	1.50e-17	3.55e-15	9.67e-13	5.84e-10	4.67e-08	1.81e-06	3.34e-05	4.29e-04	2.75e-03	1.11e-02	4.77e-02	3.71e-01	4.15e-01	1.53e-01
 7.60811e+22	0.00e+00	7.64e-32	3.07e-26	5.27e-23	5.33e-20	2.10e-17	4.80e-15	1.26e-12	7.50e-10	5.86e-08	2.22e-06	3.98e-05	4.97e-04	3.09e-03	1.20e-02	5.02e-02	3.78e-01	4.10e-01	1.46e-01
 7.69395e+22	0.00e+00	1.32e-31	5.14e-26	8.56e-23	8.31e-20	3.14e-17	6.89e-15	1.74e-12	1.01e-09	7.71e-08	2.83e-06	4.92e-05	5.95e-04	3.56e-03	1.33e-02	5.33e-02	3.87e-01	4.03e-01	1.38e-01
 7.78428e+22	0.00e+00	2.17e-31	8.24e-26	1.33e-22	1.25e-19	4.55e-17	9.61e-15	2.33e-12	1.33e-09	9.91e-08	3.54e-06	5.97e-05	7.00e-04	4.05e-03	1.46e-02	5.63e-02	3.95e-01	3.97e-01	1.31e-01
 7.86495e+22	0.00e+00	3.48e-31	1.29e-25	2.02e-22	1.83e-19	6.44e-17	1.31e-14	3.06e-12	1.72e-09	1.25e-07	4.37e-06	7.16e-05	8.16e-04	4.57e-03	1.59e-02	5.93e-02	4.03e-01	3.91e-01	1.25e-01
 7.94250e+22	0.00e+00	5.53e-31	2.00e-25	3.05e-22	2.67e-19	9.07e-17	1.78e-14	4.01e-12	2.22e-09	1.58e-07	5.37e-06	8.56e-05	9.48e-04	5.15e-03	1.73e-02	6.23e-02	4.10e-01	3.85e-01	1.19e-01
 8.03148e+22	0.00e+00	9.83e-31	3.44e-25	5.06e-22	4.26e-19	1.38e-16	2.60e-14	5.58e-12	3.03e-09	2.10e-07	6.94e-06	1.07e-04	1.14e-03	5.96e-03	1.91e-02	6.61e-02	4.19e-01	3.77e-01	1.12e-01
 8.12282e+22	0.00e+00	1.62e-30	5.53e-25	7.88e-22	6.40e-19	2.00e-16	3.61e-14	7.45e-12	3.98e-09	2.70e-07	8.66e-06	1.29e-04	1.34e-03	6.76e-03	2.09e-02	6.96e-02	4.26e-01	3.70e-01	1.06e-01
 8.20332e+22	0.00e+00	2.62e-30	8.70e-25	1.20e-21	9.44e-19	2.84e-16	4.94e-14	9.79e-12	5.15e-09	3.42e-07	1.07e-05	1.55e-04	1.56e-03	7.63e-03	2.28e-02	7.30e-02	4.32e-01	3.63e-01	1.00e-01
 8.28143e+22	0.00e+00	4.17e-30	1.35e-24	1.82e-21	1.38e-18	4.00e-16	6.69e-14	1.28e-11	6.62e-09	4.31e-07	1.32e-05	1.85e-04	1.82e-03	8.57e-03	2.47e-02	7.64e-02	4.38e-01	3.55e-01	9.50e-02
 8.37030e+22	0.00e+00	7.40e-30	2.33e-24	3.02e-21	2.19e-18	6.09e-16	9.73e-14	1.77e-11	9.02e-09	5.73e-07	1.70e-05	2.31e-04	2.18e-03	9.89e-03	2.72e-02	8.07e-02	4.45e-01	3.46e-01	8.87e-02
 8.46210e+22	0.00e+00	1.26e-29	3.87e-24	4.84e-21	3.37e-18	8.97e-16	1.37e-13	2.38e-11	1.20e-08	7.44e-07	2.14e-05	2.82e-04	2.59e-03	1.13e-02	2.99e-02	8.49e-02	4.51e-01	3.37e-01	8.31e-02
 8.54185e+22	0.00e+00	2.01e-29	6.01e-24	7.29e-21	4.91e-18	1.26e-15	1.85e-13	3.09e-11	1.54e-08	9.36e-07	2.63e-05	3.36e-04	2.99e-03	1.27e-02	3.23e-02	8.86e-02	4.56e-01	3.29e-01	7.85e-02
 8.62972e+22	0.00e+00	3.55e-29	1.03e-23	1.21e-20	7.79e-18	1.91e-15	2.67e-13	4.26e-11	2.08e-08	1.24e-06	3.38e-05	4.17e-04	3.58e-03	1.45e-02	3.55e-02	9.32e-02	4.61e-01	3.19e-01	7.30e-02
 8.71783e+22	0.00e+00	5.76e-29	1.63e-23	1.85e-20	1.15e-17	2.71e-15	3.64e-13	5.56e-11	2.69e-08	1.57e-06	4.17e-05	4.99e-04	4.17e-03	1.63e-02	3.84e-02	9.71e-02	4.65e-01	3.10e-01	6.85e-02
 8.79226e+22	0.00e+00	8.95e-29	2.48e-23	2.72e-20	1.64e-17	3.72e-15	4.82e-13	7.09e-11	3.39e-08	1.94e-06	5.05e-05	5.88e-04	4.78e-03	1.81e-02	4.12e-02	1.01e-01	4.68e-01	3.02e-01	6.46e-02
 8.87500e+22	0.00e+00	1.56e-28	4.20e-23	4.45e-20	2.56e-17	5.55e-15	6.86e-13	9.61e-11	4.54e-08	2.55e-06	6.43e-05	7.24e-04	5.68e-03	2.07e-02	4.50e-02	1.05e-01	4.71e-01	2.92e-01	5.98e-02
 8.95390e+22	0.00e+00	2.33e-28	6.15e-23	6.34e-20	3.54e-17	7.42e-15	8.85e-13	1.20e-10	5.61e-08	3.09e-06	7.65e-05	8.40e-04	6.43e-03	2.28e-02	4.79e-02	1.09e-01	4.73e-01	2.84e-01	5.65e-02
 9.01791e+22	0.00e+00	3.50e-28	9.04e-23	9.05e-20	4.89e-17	9.89e-15	1.14e-12	1.48e-10	6.92e-08	3.76e-06	9.11e-05	9.75e-04	7.28e-03	2.50e-02	5.10e-02	1.12e-01	4.74e-01	2.76e-01	5.33e-02
 9.07669e+22	0.00e+00	4.99e-28	1.27e-22	1.24e-19	6.48e-17	1.27e-14	1.42e-12	1.79e-10	8.30e-08	4.45e-06	1.06e-04	1.11e-03	8.11e-03	2.72e-02	5.39e-02	1.15e-01	4.75e-01	2.69e-01	5.06e-02
 9.13005e+22	0.00e+00	6.92e-28	1.73e-22	1.65e-19	8.42e-17	1.61e-14	1.74e-12	2.13e-10	9.83e-08	5.21e-06	1.22e-04	1.25e-03	8.95e-03	2.93e-02	5.66e-02	1.18e-01	4.75e-01	2.63e-01	4.82e-02
 9.19094e+22	0.00e+00	1.06e-27	2.59e-22	2.39e-19	1.18e-16	2.17e-14	2.25e-12	2.66e-10	1.22e-07	6.38e-06	1.46e-04	1.46e-03	1.02e-02	3.23e-02	6.03e-02	1.21e-01	4.75e-01	2.55e-01	4.52e-02
 9.25065e+22	0.00e+00	1.44e-27	3.47e-22	3.14e-19	1.51e-16	2.71e-14	2.74e-12	3.14e-10	1.43e-07	7.40e-06	1.67e-04	1.63e-03	1.12e-02	3.46e-02	6.30e-02	1.24e-01	4.74e-01	2.48e-01	4.31e-02
 9.30885e+22	0.00e+00	2.18e-27	5.14e-22	4.52e-19	2.10e-16	3.62e-14	3.52e-12	3.89e-10	1.77e-07	9.01e-06	1.99e-04	1.90e-03	1.26e-02	3.80e-02	6.69e-02	1.27e-01	4.73e-01	2.40e-01	4.04e-02
 9.36700e+22	0.00e+00	3.03e-27	7.02e-22	6.02e-19	2.72e-16	4.56e-14	4.30e-12	4.60e-10	2.09e-07	1.05e-05	2.29e-04	2.13e-03	1.39e-02	4.08e-02	7.00e-02	1.29e-01	4.72e-01	2.33e-01	3.83e-02
 9.41748e+22	0.00e+00	4.19e-27	9.55e-22	7.99e-19	3.51e-16	5.71e-14	5.23e-12	5.43e-10	2.46e-07	1.22e-05	2.62e-04	2.40e-03	1.53e-02	4.38e-02	7.32e-02	1.32e-01	4.70e-01	2.27e-01	3.63e-02
 9.46613e+22	0.00e+00	5.68e-27	1.28e-21	1.04e-18	4.47e-16	7.07e-14	6.28e-12	6.34e-10	2.86e-07	1.41e-05	2.98e-04	2.67e-03	1.67e-02	4.69e-02	7.63e-02	1.34e-01	4.68e-01	2.21e-01	3.45e-02
 9.51282e+22	0.00e+00	7.67e-27	1.70e-21	1.36e-18	5.66e-16	8.70e-14	7.51e-12	7.36e-10	3.33e-07	1.62e-05	3.37e-04	2.97e-03	1.83e-02	5.00e-02	7.94e-02	1.36e-01	4.66e-01	2.14e-01	3.28e-02
 9.56634e+22	0.00e+00	1.11e-26	2.42e-21	1.88e-18	7.60e-16	1.13e-13	9.39e-12	8.88e-10	4.01e-07	1.93e-05	3.94e-04	3.39e-03	2.03e-02	5.41e-02	8.34e-02	1.39e-01	4.62e-01	2.07e-01	3.07e-02
 9.62097e+22	3.57e-33	1.56e-26	3.33e-21	2.52e-18	9.87e-16	1.42e-13	1.14e-11	1.05e-09	4.72e-07	2.26e-05	4.53e-04	3.81e-03	2.24e-02	5.81e-02	8.71e-02	1.41e-01	4.59e-01	2.00e-01	2.89e-02
 9.66777e+22	4.88e-33	2.09e-26	4.42e-21	3.26e-18	1.25e-15	1.74e-13	1.36e-11	1.21e-09	5.46e-07	2.59e-05	5.11e-04	4.22e-03	2.43e-02	6.17e-02	9.03e-02	1.43e-01	4.55e-01	1.94e-01	2.74e-02
 9.71933e+22	7.24e-33	3.05e-26	6.33e-21	4.53e-18	1.67e-15	2.25e-13	1.69e-11	1.45e-09	6.56e-07	3.08e-05	5.97e-04	4.80e-03	2.71e-02	6.67e-02	9.46e-02	1.45e-01	4.50e-01	1.86e-01	2.56e-02
 9.76944e+22	9.75e-33	4.05e-26	8.29e-21	5.80e-18	2.08e-15	2.73e-13	2.00e-11	1.66e-09	7.54e-07	3.50e-05	6.70e-04	5.29e-03	2.93e-02	7.06e-02	9.78e-02	1.46e-01	4.46e-01	1.80e-01	2.42e-02
 9.81129e+22	1.32e-32	5.43e-26	1.09e-20	7.47e-18	2.61e-15	3.32e-13	2.36e-11	1.90e-09	8.66e-07	4.00e-05	7.54e-04	5.85e-03	3.17e-02	7.48e-02	1.01e-01	1.48e-01	4.41e-01	1.74e-01	2.29e-02
 9.85259e+22	1.76e-32	7.11e-26	1.42e-20	9.44e-18	3.22e-15	3.99e-13	2.75e-11	2.17e-09	9.86e-07	4.52e-05	8.40e-04	6.40e-03	3.42e-02	7.89e-02	1.04e-01	1.49e-01	4.36e-01	1.69e-01	2.17e-02
 9.89960e+22	2.56e-32	1.02e-25	1.99e-20	1.29e-17	4.24e-15	5.07e-13	3.36e-11	2.55e-09	1.17e-06	5.30e-05	9.69e-04	7.22e-03	3.76e-02	8.45e-02	1.08e-01	1.50e-01	4.29e-01	1.61e-01	2.02e-02
 9.94728e+22	3.53e-32	1.38e-25	2.67e-20	1.68e-17	5.37e-15	6.22e-13	3.99e-11	2.93e-09	1.35e-06	6.08e-05	1.10e-03	8.00e-03	4.09e-02	8.96e-02	1.12e-01	1.51e-01	4.23e-01	1.55e-01	1.89e-02
 9.98837e+22	4.68e-32	1.81e-25	3.44e-20	2.12e-17	6.60e-15	7.44e-13	4.64e-11	3.32e-09	1.53e-06	6.85e-05	1.22e-03	8.73e-03	4.39e-02	9.41e-02	1.15e-01	1.52e-01	4.17e-01	1.50e-01	1.79e-02
 1.00343e+23	6.99e-32	2.65e-25	4.97e-20	2.95e-17	8.83e-15	9.55e-13	5.70e-11	3.91e-09	1.82e-06	8.09e-05	1.42e-03	9.90e-03	4.85e-02	1.01e-01	1.19e-01	1.52e-01	4.08e-01	1.42e-01	1.65e-02
 1.00802e+23	9.23e-32	3.46e-25	6.39e-20	3.71e-17	1.08e-14	1.14e-12	6.61e-11	4.41e-09	2.06e-06	9.10e-05	1.57e-03	1.08e-02	5.19e-02	1.06e-01	1.22e-01	1.53e-01	4.02e-01	1.37e-01	1.55e-02
 1.01260e+23	1.39e-31	5.11e-25	9.29e-20	5.18e-17	1.45e-14	1.46e-12	8.11e-11	5.19e-09	2.46e-06	1.08e-04	1.82e-03	1.22e-02	5.73e-02	1.13e-01	1.27e-01	1.53e-01	3.92e-01	1.29e-01	1.42e-02
 1.01702e+23	1.82e-31	6.63e-25	1.19e-19	6.49e-17	1.77e-14	1.73e-12	9.34e-11	5.81e-09	2.76e-06	1.20e-04	2.01e-03	1.33e-02	6.12e-02	1.18e-01	1.30e-01	1.53e-01	3.85e-01	1.24e-01	1.34e-02
 1.02126e+23	2.63e-31	9.40e-25	1.66e-19	8.75e-17	2.30e-14	2.17e-12	1.12e-10	6.72e-09	3.23e-06	1.40e-04	2.30e-03	1.48e-02	6.67e-02	1.26e-01	1.33e-01	1.53e-01	3.75e-01	1.18e-01	1.23e-02
 1.02564e+23	3.58e-31	1.26e-24	2.20e-19	1.13e-16	2.87e-14	2.62e-12	1.31e-10	7.58e-09	3.68e-06	1.58e-04	2.57e-03	1.62e-02	7.16e-02	1.32e-01	1.36e-01	1.52e-01	3.66e-01	1.12e-01	1.15e-02
 1.03021e+23	5.40e-31	1.87e-24	3.20e-19	1.57e-16	3.85e-14	3.35e-12	1.60e-10	8.86e-09	4.35e-06	1.86e-04	2.97e-03	1.82e-02	7.86e-02	1.40e-01	1.40e-01	1.51e-01	3.54e-01	1.05e-01	1.04e-02
 1.03461e+23	7.14e-31	2.44e-24	4.13e-19	1.98e-16	4.70e-14	3.97e-12	1.83e-10	9.87e-09	4.89e-06	2.08e-04	3.27e-03	1.97e-02	8.36e-02	1.46e-01	1.42e-01	1.50e-01	3.45e-01	1.00e-01	9.70e-03
 1.03879e+23	1.06e-30	3.55e-24	5.91e-19	2.72e-16	6.18e-14	5.00e-12	2.20e-10	1.14e-08	5.72e-06	2.42e-04	3.74e-03	2.20e-02	9.10e-02	1.54e-01	1.46e-01	1.49e-01	3.33e-01	9.35e-02	8.78e-03
 1.04297e+23	1.40e-30	4.65e-24	7.63e-19	3.41e-16	7.55e-14	5.92e-12	2.52e-10	1.26e-08	6.41e-06	2.70e-04	4.12e-03	2.38e-02	9.66e-02	1.60e-01	1.48e-01	1.47e-01	3.23e-01	8.89e-02	8.17e-03
 1.04712e+23	2.07e-30	6.76e-24	1.09e-18	4.69e-16	9.92e-14	7.44e-12	3.03e-10	1.45e-08	7.47e-06	3.13e-04	4.70e-03	2.65e-02	1.05e-01	1.68e-01	1.50e-01	1.45e-01	3.10e-01	8.26e-02	7.36e-03
 1.05131e+23	2.77e-30	8.94e-24	1.43e-18	5.94e-16	1.22e-13	8.84e-12	3.47e-10	1.61e-08	8.39e-06	3.49e-04	5.18e-03	2.86e-02	1.11e-01	1.74e-01	1.52e-01	1.43e-01	3.00e-01	7.81e-02	6.79e-03
 1.05555e+23	4.17e-30	1.32e-23	2.07e-18	8.26e-16	1.62e-13	1.12e-11	4.18e-10	1.85e-08	9.80e-06	4.06e-04	5.91e-03	3.18e-02	1.20e-01	1.83e-01	1.54e-01	1.40e-01	2.86e-01	7.19e-02	6.06e-03
 1.05980e+23	5.62e-30	1.76e-23	2.72e-18	1.05e-15	1.99e-13	1.33e-11	4.80e-10	2.06e-08	1.10e-05	4.53e-04	6.50e-03	3.43e-02	1.27e-01	1.89e-01	1.55e-01	1.38e-01	2.76e-01	6.76e-02	5.56e-03
 1.06406e+23	8.39e-30	2.58e-23	3.92e-18	1.45e-15	2.62e-13	1.67e-11	5.75e-10	2.36e-08	1.27e-05	5.23e-04	7.37e-03	3.79e-02	1.37e-01	1.97e-01	1.57e-01	1.34e-01	2.62e-01	6.21e-02	4.94e-03
 1.06829e+23	1.14e-29	3.45e-23	5.17e-18	1.85e-15	3.23e-13	1.99e-11	6.58e-10	2.61e-08	1.42e-05	5.82e-04	8.09e-03	4.08e-02	1.45e-01	2.03e-01	1.57e-01	1.31e-01	2.51e-01	5.81e-02	4.51e-03
 1.07247e+23	1.69e-29	5.05e-23	7.44e-18	2.54e-15	4.25e-13	2.49e-11	7.85e-10	2.98e-08	1.64e-05	6.68e-04	9.12e-03	4.49e-02	1.55e-01	2.11e-01	1.58e-01	1.27e-01	2.37e-01	5.30e-02	3.98e-03
 1.07672e+23	2.32e-29	6.84e-23	9.94e-18	3.28e-15	5.28e-13	2.98e-11	9.03e-10	3.30e-08	1.84e-05	7.45e-04	1.00e-02	4.83e-02	1.63e-01	2.17e-01	1.58e-01	1.24e-01	2.26e-01	4.92e-02	3.60e-03
 1.08105e+23	3.52e-29	1.02e-22	1.45e-17	4.56e-15	7.01e-13	3.77e-11	1.08e-09	3.78e-08	2.12e-05	8.55e-04	1.13e-02	5.29e-02	1.74e-01	2.24e-01	1.58e-01	1.20e-01	2.12e-01	4.45e-02	3.14e-03
 1.08543e+23	4.88e-29	1.39e-22	1.95e-17	5.92e-15	8.75e-13	4.52e-11	1.25e-09	4.20e-08	2.38e-05	9.52e-04	1.24e-02	5.68e-02	1.83e-01	2.29e-01	1.57e-01	1.16e-01	2.01e-01	4.10e-02	2.82e-03
 1.08987e+23	7.48e-29	2.09e-22	2.88e-17	8.31e-15	1.17e-12	5.74e-11	1.50e-09	4.81e-08	2.74e-05	1.09e-03	1.39e-02	6.21e-02	1.95e-01	2.36e-01	1.56e-01	1.11e-01	1.87e-01	3.68e-02	2.44e-03
 1.09434e+23	1.04e-28	2.86e-22	3.89e-17	1.08e-14	1.46e-12	6.90e-11	1.73e-09	5.35e-08	3.05e-05	1.21e-03	1.52e-02	6.64e-02	2.03e-01	2.40e-01	1.54e-01	1.07e-01	1.76e-01	3.37e-02	2.18e-03
 1.09819e+23	1.43e-28	3.89e-22	5.20e-17	1.39e-14	1.81e-12	8.24e-11	1.99e-09	5.93e-08	3.38e-05	1.33e-03	1.65e-02	7.07e-02	2.12e-01	2.44e-01	1.53e-01	1.03e-01	1.66e-01	3.10e-02	1.94e-03
 1.10255e+23	2.15e-28	5.75e-22	7.54e-17	1.92e-14	2.39e-12	1.04e-10	2.38e-09	6.76e-08	3.85e-05	1.51e-03	1.83e-02	7.65e-02	2.23e-01	2.49e-01	1.50e-01	9.82e-02	1.54e-01	2.76e-02	1.67e-03
 1.10694e+23	2.97e-28	7.82e-22	1.01e-16	2.48e-14	2.97e-12	1.24e-10	2.74e-09	7.51e-08	4.25e-05	1.66e-03	1.98e-02	8.11e-02	2.32e-01	2.52e-01	1.48e-01	9.43e-02	1.45e-01	2.52e-02	1.49e-03
 1.11139e+23	4.51e-28	1.16e-21	1.47e-16	3.44e-14	3.93e-12	1.56e-10	3.28e-09	8.59e-08	4.83e-05	1.87e-03	2.19e-02	8.73e-02	2.42e-01	2.55e-01	1.45e-01	8.93e-02	1.33e-01	2.24e-02	1.27e-03
 1.11586e+23	6.16e-28	1.57e-21	1.95e-16	4.40e-14	4.85e-12	1.86e-10	3.76e-09	9.52e-08	5.31e-05	2.04e-03	2.36e-02	9.21e-02	2.50e-01	2.57e-01	1.43e-01	8.55e-02	1.25e-01	2.04e-02	1.13e-03
 1.12034e+23	9.30e-28	2.32e-21	2.84e-16	6.08e-14	6.40e-12	2.34e-10	4.51e-09	1.09e-07	6.00e-05	2.29e-03	2.59e-02	9.86e-02	2.61e-01	2.59e-01	1.39e-01	8.06e-02	1.14e-01	1.80e-02	9.62e-04
 1.12490e+23	1.27e-27	3.12e-21	3.75e-16	7.77e-14	7.90e-12	2.79e-10	5.18e-09	1.21e-07	6.58e-05	2.50e-03	2.78e-02	1.04e-01	2.68e-01	2.61e-01	1.36e-01	7.70e-02	1.07e-01	1.64e-02	8.51e-04
 1.12956e+23	1.92e-27	4.63e-21	5.45e-16	1.08e-13	1.04e-11	3.52e-10	6.23e-09	1.39e-07	7.42e-05	2.79e-03	3.04e-02	1.10e-01	2.78e-01	2.61e-01	1.32e-01	7.23e-02	9.76e-02	1.44e-02	7.22e-04
 1.13434e+23	2.64e-27	6.27e-21	7.26e-16	1.38e-13	1.30e-11	4.23e-10	7.19e-09	1.55e-07	8.15e-05	3.04e-03	3.25e-02	1.16e-01	2.85e-01	2.62e-01	1.29e-01	6.87e-02	9.09e-02	1.30e-02	6.34e-04
 1.13928e+23	4.01e-27	9.31e-21	1.05e-15	1.91e-13	1.72e-11	5.35e-10	8.68e-09	1.79e-07	9.18e-05	3.38e-03	3.54e-02	1.23e-01	2.94e-01	2.61e-01	1.24e-01	6.42e-02	8.25e-02	1.14e-02	5.34e-04
 1.14432e+23	5.55e-27	1.27e-20	1.41e-15	2.47e-13	2.14e-11	6.44e-10	1.01e-08	2.01e-07	1.01e-04	3.68e-03	3.78e-02	1.29e-01	3.01e-01	2.61e-01	1.20e-01	6.08e-02	7.64e-02	1.02e-02	4.66e-04
 1.14948e+23	8.43e-27	1.88e-20	2.05e-15	3.42e-13	2.83e-11	8.17e-10	1.22e-08	2.33e-07	1.14e-04	4.09e-03	4.11e-02	1.36e-01	3.09e-01	2.59e-01	1.16e-01	5.66e-02	6.91e-02	8.91e-03	3.90e-04
 1.15468e+23	1.16e-26	2.55e-20	2.72e-15	4.38e-13	3.52e-11	9.80e-10	1.41e-08	2.61e-07	1.24e-04	4.43e-03	4.37e-02	1.42e-01	3.15e-01	2.57e-01	1.12e-01	5.35e-02	6.39e-02	8.00e-03	3.40e-04
 1.15993e+23	1.74e-26	3.74e-20	3.90e-15	6.01e-13	4.63e-11	1.24e-09	1.71e-08	3.02e-07	1.40e-04	4.90e-03	4.72e-02	1.49e-01	3.22e-01	2.55e-01	1.07e-01	4.97e-02	5.77e-02	6.96e-03	2.85e-04
 1.16532e+23	2.40e-26	5.07e-20	5.19e-15	7.73e-13	5.76e-11	1.49e-09	1.98e-08	3.40e-07	1.53e-04	5.31e-03	5.02e-02	1.55e-01	3.27e-01	2.52e-01	1.04e-01	4.68e-02	5.31e-02	6.21e-03	2.47e-04
 1.16998e+23	3.22e-26	6.69e-20	6.73e-15	9.72e-13	7.03e-11	1.77e-09	2.28e-08	3.79e-07	1.66e-04	5.70e-03	5.30e-02	1.61e-01	3.31e-01	2.50e-01	1.00e-01	4.42e-02	4.92e-02	5.60e-03	2.17e-04
 1.17515e+23	4.69e-26	9.53e-20	9.38e-15	1.30e-12	9.06e-11	2.19e-09	2.72e-08	4.36e-07	1.85e-04	6.25e-03	5.67e-02	1.68e-01	3.37e-01	2.46e-01	9.56e-02	4.11e-02	4.45e-02	4.89e-03	1.83e-04
 1.18038e+23	6.29e-26	1.26e-19	1.21e-14	1.63e-12	1.11e-10	2.60e-09	3.13e-08	4.87e-07	2.01e-04	6.71e-03	5.97e-02	1.73e-01	3.40e-01	2.43e-01	9.22e-02	3.88e-02	4.11e-02	4.39e-03	1.60e-04
 1.18570e+23	9.15e-26	1.79e-19	1.69e-14	2.19e-12	1.43e-10	3.24e-09	3.74e-08	5.60e-07	2.24e-04	7.33e-03	6.38e-02	1.80e-01	3.45e-01	2.39e-01	8.78e-02	3.59e-02	3.71e-02	3.82e-03	1.34e-04
 1.19110e+23	1.22e-25	2.35e-19	2.18e-14	2.73e-12	1.74e-10	3.83e-09	4.29e-08	6.25e-07	2.44e-04	7.86e-03	6.71e-02	1.86e-01	3.48e-01	2.35e-01	8.44e-02	3.38e-02	3.43e-02	3.43e-03	1.17e-04
 1.19584e+23	1.62e-25	3.06e-19	2.79e-14	3.40e-12	2.10e-10	4.51e-09	4.92e-08	6.96e-07	2.64e-04	8.40e-03	7.03e-02	1.91e-01	3.50e-01	2.31e-01	8.12e-02	3.19e-02	3.16e-02	3.08e-03	1.02e-04
 1.20122e+23	2.33e-25	4.31e-19	3.84e-14	4.51e-12	2.69e-10	5.59e-09	5.86e-08	8.00e-07	2.94e-04	9.14e-03	7.48e-02	1.98e-01	3.53e-01	2.26e-01	7.71e-02	2.95e-02	2.85e-02	2.68e-03	8.59e-05
 1.20658e+23	3.03e-25	5.51e-19	4.81e-14	5.51e-12	3.22e-10	6.52e-09	6.66e-08	8.86e-07	3.17e-04	9.73e-03	7.81e-02	2.03e-01	3.55e-01	2.23e-01	7.41e-02	2.78e-02	2.64e-02	2.42e-03	7.57e-05
 1.21191e+23	4.30e-25	7.65e-19	6.53e-14	7.22e-12	4.08e-10	8.00e-09	7.89e-08	1.01e-06	3.51e-04	1.05e-02	8.26e-02	2.10e-01	3.57e-01	2.17e-01	7.03e-02	2.57e-02	2.38e-02	2.11e-03	6.37e-05
 1.21735e+23	5.61e-25	9.80e-19	8.22e-14	8.85e-12	4.89e-10	9.35e-09	8.98e-08	1.13e-06	3.79e-04	1.12e-02	8.63e-02	2.15e-01	3.58e-01	2.13e-01	6.75e-02	2.42e-02	2.20e-02	1.90e-03	5.59e-05
 1.22292e+23	7.97e-25	1.36e-18	1.12e-13	1.16e-11	6.21e-10	1.15e-08	1.07e-07	1.29e-06	4.20e-04	1.22e-02	9.12e-02	2.22e-01	3.59e-01	2.08e-01	6.37e-02	2.23e-02	1.98e-02	1.65e-03	4.68e-05
 1.22859e+23	1.04e-24	1.75e-18	1.41e-13	1.43e-11	7.46e-10	1.35e-08	1.22e-07	1.44e-06	4.56e-04	1.29e-02	9.51e-02	2.27e-01	3.60e-01	2.03e-01	6.10e-02	2.10e-02	1.82e-02	1.48e-03	4.09e-05
 1.23441e+23	1.49e-24	2.44e-18	1.91e-13	1.88e-11	9.50e-10	1.66e-08	1.45e-07	1.65e-06	5.06e-04	1.40e-02	1.00e-01	2.34e-01	3.60e-01	1.97e-01	5.74e-02	1.93e-02	1.63e-02	1.27e-03	3.41e-05
 1.24032e+23	1.96e-24	3.15e-18	2.42e-13	2.31e-11	1.14e-09	1.96e-08	1.66e-07	1.85e-06	5.48e-04	1.49e-02	1.05e-01	2.39e-01	3.60e-01	1.92e-01	5.48e-02	1.80e-02	1.49e-02	1.14e-03	2.96e-05
 1.24638e+23	2.80e-24	4.39e-18	3.29e-13	3.04e-11	1.46e-09	2.42e-08	1.98e-07	2.13e-06	6.10e-04	1.62e-02	1.11e-01	2.45e-01	3.59e-01	1.86e-01	5.14e-02	1.65e-02	1.33e-02	9.78e-04	2.45e-05
 1.25230e+23	3.57e-24	5.50e-18	4.05e-13	3.66e-11	1.72e-09	2.79e-08	2.24e-07	2.35e-06	6.57e-04	1.71e-02	1.15e-01	2.50e-01	3.58e-01	1.82e-01	4.92e-02	1.55e-02	1.23e-02	8.82e-04	2.16e-05
 1.25805e+23	5.00e-24	7.53e-18	5.41e-13	4.73e-11	2.16e-09	3.41e-08	2.64e-07	2.69e-06	7.25e-04	1.84e-02	1.20e-01	2.56e-01	3.57e-01	1.75e-01	4.62e-02	1.42e-02	1.10e-02	7.62e-04	1.80e-05
 1.26388e+23	6.38e-24	9.44e-18	6.66e-13	5.71e-11	2.56e-09	3.94e-08	2.99e-07	2.97e-06	7.82e-04	1.95e-02	1.25e-01	2.60e-01	3.56e-01	1.71e-01	4.41e-02	1.34e-02	1.02e-02	6.86e-04	1.58e-05
 1.26982e+23	8.86e-24	1.28e-17	8.82e-13	7.33e-11	3.20e-09	4.79e-08	3.52e-07	3.39e-06	8.62e-04	2.10e-02	1.31e-01	2.66e-01	3.54e-01	1.65e-01	4.13e-02	1.23e-02	9.10e-03	5.93e-04	1.32e-05
 1.27594e+23	1.16e-23	1.64e-17	1.11e-12	8.99e-11	3.83e-09	5.62e-08	4.02e-07	3.78e-06	9.35e-04	2.23e-02	1.36e-01	2.70e-01	3.52e-01	1.60e-01	3.92e-02	1.14e-02	8.31e-03	5.27e-04	1.14e-05
 1.28230e+23	1.61e-23	2.23e-17	1.47e-12	1.16e-10	4.80e-09	6.84e-08	4.75e-07	4.33e-06	1.03e-03	2.40e-02	1.42e-01	2.76e-01	3.49e-01	1.54e-01	3.66e-02	1.04e-02	7.41e-03	4.54e-04	9.53e-06
 1.28887e+23	2.14e-23	2.90e-17	1.86e-12	1.43e-10	5.82e-09	8.09e-08	5.46e-07	4.85e-06	1.13e-03	2.55e-02	1.48e-01	2.80e-01	3.46e-01	1.49e-01	3.45e-02	9.66e-03	6.72e-03	4.00e-04	8.15e-06
 1.29570e+23	3.02e-23	3.99e-17	2.50e-12	1.86e-10	7.36e-09	9.94e-08	6.50e-07	5.59e-06	1.25e-03	2.75e-02	1.55e-01	2.85e-01	3.42e-01	1.42e-01	3.21e-02	8.77e-03	5.95e-03	3.41e-04	6.71e-06
 1.30271e+23	4.04e-23	5.21e-17	3.19e-12	2.32e-10	8.95e-09	1.18e-07	7.51e-07	6.29e-06	1.37e-03	2.93e-02	1.61e-01	2.89e-01	3.38e-01	1.37e-01	3.01e-02	8.08e-03	5.36e-03	2.99e-04	5.70e-06
 1.30995e+23	5.77e-23	7.24e-17	4.30e-12	3.04e-10	1.14e-08	1.46e-07	8.98e-07	7.27e-06	1.52e-03	3.16e-02	1.68e-01	2.94e-01	3.34e-01	1.31e-01	2.79e-02	7.29e-03	4.71e-03	2.53e-04	4.65e-06
 1.31742e+23	7.80e-23	9.56e-17	5.54e-12	3.83e-10	1.40e-08	1.75e-07	1.04e-06	8.23e-06	1.67e-03	3.37e-02	1.75e-01	2.98e-01	3.29e-01	1.25e-01	2.60e-02	6.68e-03	4.22e-03	2.19e-04	3.91e-06
 1.32519e+23	1.13e-22	1.35e-16	7.57e-12	5.07e-10	1.80e-08	2.18e-07	1.26e-06	9.58e-06	1.87e-03	3.65e-02	1.83e-01	3.03e-01	3.23e-01	1.19e-01	2.39e-02	5.98e-03	3.68e-03	1.84e-04	3.15e-06
 1.33322e+23	1.56e-22	1.80e-16	9.88e-12	6.44e-10	2.23e-08	2.63e-07	1.47e-06	1.09e-05	2.05e-03	3.91e-02	1.90e-01	3.06e-01	3.18e-01	1.13e-01	2.22e-02	5.44e-03	3.27e-03	1.58e-04	2.61e-06
 1.34049e+23	2.11e-22	2.39e-16	1.28e-11	8.11e-10	2.74e-08	3.15e-07	1.72e-06	1.24e-05	2.25e-03	4.16e-02	1.97e-01	3.10e-01	3.12e-01	1.08e-01	2.06e-02	4.95e-03	2.91e-03	1.36e-04	2.18e-06
 1.34881e+23	3.11e-22	3.40e-16	1.76e-11	1.08e-09	3.55e-08	3.95e-07	2.08e-06	1.45e-05	2.53e-03	4.51e-02	2.06e-01	3.13e-01	3.05e-01	1.02e-01	1.88e-02	4.40e-03	2.51e-03	1.12e-04	1.73e-06
 1.35732e+23	4.28e-22	4.57e-16	2.30e-11	1.38e-09	4.41e-08	4.78e-07	2.44e-06	1.65e-05	2.78e-03	4.82e-02	2.14e-01	3.16e-01	2.99e-01	9.65e-02	1.73e-02	3.97e-03	2.21e-03	9.59e-05	1.43e-06
 1.36491e+23	5.81e-22	6.05e-16	2.97e-11	1.74e-09	5.42e-08	5.72e-07	2.84e-06	1.86e-05	3.05e-03	5.13e-02	2.21e-01	3.18e-01	2.93e-01	9.17e-02	1.60e-02	3.60e-03	1.96e-03	8.23e-05	1.19e-06
 1.37363e+23	8.76e-22	8.80e-16	4.17e-11	2.36e-09	7.14e-08	7.28e-07	3.48e-06	2.20e-05	3.45e-03	5.57e-02	2.31e-01	3.21e-01	2.84e-01	8.54e-02	1.44e-02	3.15e-03	1.66e-03	6.67e-05	9.18e-07
 1.38242e+23	1.19e-21	1.17e-15	5.37e-11	2.97e-09	8.77e-08	8.72e-07	4.05e-06	2.49e-05	3.78e-03	5.92e-02	2.39e-01	3.22e-01	2.77e-01	8.09e-02	1.33e-02	2.85e-03	1.47e-03	5.70e-05	7.60e-07
 1.39129e+23	1.79e-21	1.70e-15	7.54e-11	4.03e-09	1.15e-07	1.11e-06	4.97e-06	2.95e-05	4.26e-03	6.42e-02	2.49e-01	3.24e-01	2.68e-01	7.50e-02	1.19e-02	2.48e-03	1.24e-03	4.59e-05	5.84e-07
 1.40027e+23	2.46e-21	2.27e-15	9.80e-11	5.10e-09	1.43e-07	1.34e-06	5.81e-06	3.35e-05	4.68e-03	6.83e-02	2.57e-01	3.25e-01	2.61e-01	7.07e-02	1.09e-02	2.23e-03	1.09e-03	3.88e-05	4.77e-07
 1.40940e+23	3.72e-21	3.30e-15	1.38e-10	6.94e-09	1.88e-07	1.71e-06	7.13e-06	3.96e-05	5.29e-03	7.39e-02	2.67e-01	3.26e-01	2.51e-01	6.52e-02	9.65e-03	1.93e-03	9.09e-04	3.10e-05	3.64e-07
 1.41813e+23	4.93e-21	4.28e-15	1.74e-10	8.56e-09	2.27e-07	2.01e-06	8.20e-06	4.44e-05	5.74e-03	7.80e-02	2.74e-01	3.26e-01	2.44e-01	6.15e-02	8.89e-03	1.75e-03	8.04e-04	2.66e-05	3.02e-07
 1.42633e+23	7.14e-21	5.99e-15	2.35e-10	1.12e-08	2.91e-07	2.50e-06	9.86e-06	5.17e-05	6.40e-03	8.36e-02	2.83e-01	3.25e-01	2.35e-01	5.70e-02	7.95e-03	1.53e-03	6.82e-04	2.16e-05	2.35e-07
 1.43458e+23	9.46e-21	7.74e-15	2.96e-10	1.39e-08	3.51e-07	2.96e-06	1.13e-05	5.80e-05	6.95e-03	8.81e-02	2.90e-01	3.24e-01	2.28e-01	5.37e-02	7.30e-03	1.38e-03	6.01e-04	1.84e-05	1.94e-07
 1.44292e+23	1.37e-20	1.09e-14	4.01e-10	1.82e-08	4.51e-07	3.69e-06	1.37e-05	6.77e-05	7.75e-03	9.44e-02	2.99e-01	3.23e-01	2.18e-01	4.94e-02	6.49e-03	1.20e-03	5.06e-04	1.48e-05	1.49e-07
 1.45133e+23	1.83e-20	1.41e-14	5.07e-10	2.25e-08	5.46e-07	4.37e-06	1.58e-05	7.62e-05	8.44e-03	9.95e-02	3.06e-01	3.22e-01	2.11e-01	4.63e-02	5.92e-03	1.07e-03	4.42e-04	1.25e-05	0.00e+00
 1.45986e+23	2.66e-20	1.98e-14	6.87e-10	2.97e-08	7.03e-07	5.47e-06	1.91e-05	8.92e-05	9.43e-03	1.07e-01	3.14e-01	3.19e-01	2.01e-01	4.23e-02	5.22e-03	9.23e-04	3.68e-04	9.93e-06	0.00e+00
 1.46850e+23	3.56e-20	2.58e-14	8.70e-10	3.68e-08	8.55e-07	6.51e-06	2.21e-05	1.01e-04	1.03e-02	1.12e-01	3.21e-01	3.17e-01	1.94e-01	3.94e-02	4.73e-03	8.21e-04	3.19e-04	8.31e-06	0.00e+00
 1.47728e+23	5.21e-20	3.64e-14	1.18e-09	4.86e-08	1.11e-06	8.20e-06	2.69e-05	1.19e-04	1.15e-02	1.20e-01	3.30e-01	3.14e-01	1.84e-01	3.57e-02	4.13e-03	7.00e-04	2.63e-04	6.50e-06	0.00e+00
 1.48618e+23	7.00e-20	4.76e-14	1.50e-09	6.04e-08	1.35e-06	9.79e-06	3.13e-05	1.34e-04	1.26e-02	1.27e-01	3.36e-01	3.11e-01	1.76e-01	3.31e-02	3.72e-03	6.19e-04	2.26e-04	5.38e-06	0.00e+00
 1.49525e+23	1.03e-19	6.72e-14	2.03e-09	7.98e-08	1.75e-06	1.24e-05	3.82e-05	1.59e-04	1.41e-02	1.36e-01	3.44e-01	3.06e-01	1.66e-01	2.98e-02	3.22e-03	5.23e-04	1.84e-04	4.16e-06	0.00e+00
 1.50451e+23	1.39e-19	8.85e-14	2.59e-09	9.99e-08	2.15e-06	1.49e-05	4.48e-05	1.82e-04	1.55e-02	1.43e-01	3.51e-01	3.02e-01	1.58e-01	2.73e-02	2.86e-03	4.55e-04	1.55e-04	3.37e-06	0.00e+00
 1.51405e+23	2.06e-19	1.26e-13	3.53e-09	1.33e-07	2.82e-06	1.91e-05	5.52e-05	2.17e-04	1.75e-02	1.54e-01	3.58e-01	2.96e-01	1.47e-01	2.42e-02	2.44e-03	3.79e-04	1.24e-04	2.55e-06	0.00e+00
 1.52372e+23	2.79e-19	1.65e-13	4.48e-09	1.66e-07	3.48e-06	2.31e-05	6.51e-05	2.50e-04	1.93e-02	1.62e-01	3.64e-01	2.90e-01	1.39e-01	2.20e-02	2.14e-03	3.26e-04	1.03e-04	2.03e-06	0.00e+00
 1.53326e+23	4.03e-19	2.29e-13	5.97e-09	2.17e-07	4.50e-06	2.92e-05	7.97e-05	2.97e-04	2.17e-02	1.74e-01	3.70e-01	2.83e-01	1.30e-01	1.95e-02	1.82e-03	2.71e-04	8.23e-05	1.53e-06	0.00e+00
 1.54237e+23	5.25e-19	2.90e-13	7.32e-09	2.64e-07	5.41e-06	3.47e-05	9.22e-05	3.37e-04	2.36e-02	1.82e-01	3.74e-01	2.78e-01	1.23e-01	1.78e-02	1.61e-03	2.36e-04	6.95e-05	1.24e-06	0.00e+00
 1.55123e+23	7.34e-19	3.90e-13	9.46e-09	3.37e-07	6.86e-06	4.33e-05	1.12e-04	3.98e-04	2.64e-02	1.93e-01	3.79e-01	2.70e-01	1.14e-01	1.57e-02	1.37e-03	1.96e-04	5.55e-05	9.41e-07	0.00e+00
 1.56026e+23	9.56e-19	4.92e-13	1.16e-08	4.09e-07	8.29e-06	5.15e-05	1.30e-04	4.54e-04	2.89e-02	2.03e-01	3.82e-01	2.63e-01	1.07e-01	1.42e-02	1.20e-03	1.68e-04	4.62e-05	7.51e-07	0.00e+00
 1.56906e+23	1.30e-18	6.43e-13	1.45e-08	5.12e-07	1.03e-05	6.34e-05	1.55e-04	5.32e-04	3.21e-02	2.14e-01	3.85e-01	2.55e-01	9.86e-02	1.25e-02	1.02e-03	1.40e-04	3.70e-05	5.71e-07	0.00e+00
 1.57805e+23	1.68e-18	8.08e-13	1.76e-08	6.20e-07	1.25e-05	7.59e-05	1.82e-04	6.12e-04	3.53e-02	2.25e-01	3.88e-01	2.47e-01	9.17e-02	1.12e-02	8.79e-04	1.19e-04	3.03e-05	4.48e-07	0.00e+00
 1.58681e+23	2.21e-18	1.02e-12	2.16e-08	7.60e-07	1.53e-05	9.20e-05	2.15e-04	7.11e-04	3.90e-02	2.37e-01	3.89e-01	2.39e-01	8.46e-02	9.87e-03	7.48e-04	9.92e-05	2.44e-05	3.42e-07	0.00e+00
 1.59575e+23	2.86e-18	1.28e-12	2.60e-08	9.18e-07	1.86e-05	1.10e-04	2.52e-04	8.21e-04	4.28e-02	2.48e-01	3.90e-01	2.30e-01	7.81e-02	8.73e-03	6.40e-04	8.33e-05	1.97e-05	2.64e-07	0.00e+00
 1.60462e+23	3.69e-18	1.59e-12	3.12e-08	1.11e-06	2.25e-05	1.33e-04	2.96e-04	9.50e-04	4.71e-02	2.60e-01	3.90e-01	2.21e-01	7.17e-02	7.68e-03	5.43e-04	6.93e-05	1.58e-05	2.02e-07	0.00e+00
 1.61353e+23	4.70e-18	1.96e-12	3.70e-08	1.33e-06	2.71e-05	1.59e-04	3.46e-04	1.10e-03	5.18e-02	2.72e-01	3.89e-01	2.12e-01	6.58e-02	6.75e-03	4.61e-04	5.78e-05	1.27e-05	1.55e-07	0.00e+00
 1.62235e+23	5.94e-18	2.39e-12	4.36e-08	1.58e-06	3.25e-05	1.89e-04	4.03e-04	1.26e-03	5.67e-02	2.84e-01	3.88e-01	2.03e-01	6.02e-02	5.93e-03	3.91e-04	4.81e-05	1.02e-05	1.18e-07	0.00e+00
 1.63115e+23	7.46e-18	2.90e-12	5.11e-08	1.88e-06	3.88e-05	2.24e-04	4.68e-04	1.45e-03	6.21e-02	2.96e-01	3.85e-01	1.94e-01	5.50e-02	5.19e-03	3.31e-04	4.00e-05	8.18e-06	0.00e+00	0.00e+00
 1.63997e+23	9.32e-18	3.50e-12	5.94e-08	2.22e-06	4.62e-05	2.66e-04	5.42e-04	1.67e-03	6.78e-02	3.07e-01	3.82e-01	1.85e-01	5.01e-02	4.54e-03	2.80e-04	3.31e-05	6.54e-06	0.00e+00	0.00e+00
 1.64883e+23	1.16e-17	4.20e-12	6.88e-08	2.62e-06	5.48e-05	3.14e-04	6.27e-04	1.91e-03	7.40e-02	3.19e-01	3.78e-01	1.76e-01	4.55e-02	3.96e-03	2.36e-04	2.74e-05	5.22e-06	0.00e+00	0.00e+00
 1.65776e+23	1.44e-17	5.03e-12	7.95e-08	3.07e-06	6.49e-05	3.69e-04	7.23e-04	2.19e-03	8.06e-02	3.31e-01	3.74e-01	1.67e-01	4.12e-02	3.44e-03	1.98e-04	2.26e-05	4.15e-06	0.00e+00	0.00e+00
 1.66677e+23	1.78e-17	6.00e-12	9.15e-08	3.60e-06	7.67e-05	4.34e-04	8.32e-04	2.51e-03	8.77e-02	3.42e-01	3.68e-01	1.58e-01	3.72e-02	2.98e-03	1.66e-04	1.86e-05	3.29e-06	0.00e+00	0.00e+00
 1.67590e+23	2.19e-17	7.15e-12	1.05e-07	4.22e-06	9.06e-05	5.10e-04	9.56e-04	2.87e-03	9.53e-02	3.53e-01	3.62e-01	1.49e-01	3.35e-02	2.58e-03	1.39e-04	1.52e-05	2.61e-06	0.00e+00	0.00e+00
 1.68507e+23	2.70e-17	8.50e-12	1.20e-07	4.93e-06	1.06e-04	5.97e-04	1.09e-03	3.27e-03	1.03e-01	3.64e-01	3.55e-01	1.40e-01	3.01e-02	2.23e-03	1.16e-04	1.25e-05	2.06e-06	0.00e+00	0.00e+00
 1.69439e+23	3.34e-17	1.01e-11	1.38e-07	5.78e-06	1.26e-04	6.99e-04	1.25e-03	3.74e-03	1.12e-01	3.75e-01	3.47e-01	1.31e-01	2.70e-02	1.92e-03	9.66e-05	1.01e-05	1.62e-06	0.00e+00	0.00e+00
 1.70384e+23	4.12e-17	1.20e-11	1.58e-07	6.74e-06	1.47e-04	8.15e-04	1.43e-03	4.25e-03	1.21e-01	3.84e-01	3.39e-01	1.23e-01	2.41e-02	1.65e-03	8.05e-05	8.27e-06	1.27e-06	0.00e+00	0.00e+00
 1.71347e+23	5.12e-17	1.44e-11	1.82e-07	7.91e-06	1.74e-04	9.55e-04	1.63e-03	4.85e-03	1.31e-01	3.94e-01	3.30e-01	1.15e-01	2.14e-02	1.40e-03	6.62e-05	6.66e-06	9.89e-07	0.00e+00	0.00e+00
 1.72241e+23	6.13e-17	1.67e-11	2.05e-07	9.03e-06	1.98e-04	1.08e-03	1.81e-03	5.38e-03	1.39e-01	4.01e-01	3.22e-01	1.08e-01	1.95e-02	1.24e-03	5.67e-05	5.60e-06	8.09e-07	0.00e+00	0.00e+00
 1.73163e+23	7.71e-17	2.02e-11	2.38e-07	1.07e-05	2.34e-04	1.27e-03	2.06e-03	6.15e-03	1.50e-01	4.10e-01	3.12e-01	1.00e-01	1.71e-02	1.04e-03	4.63e-05	4.46e-06	6.21e-07	0.00e+00	0.00e+00
 1.74102e+23	9.31e-17	2.36e-11	2.70e-07	1.22e-05	2.68e-04	1.44e-03	2.29e-03	6.82e-03	1.59e-01	4.16e-01	3.04e-01	9.39e-02	1.55e-02	9.13e-04	3.94e-05	3.73e-06	5.04e-07	0.00e+00	0.00e+00
 1.75066e+23	1.18e-16	2.88e-11	3.16e-07	1.45e-05	3.18e-04	1.69e-03	2.61e-03	7.79e-03	1.71e-01	4.23e-01	2.92e-01	8.63e-02	1.35e-02	7.64e-04	3.18e-05	2.94e-06	3.82e-07	0.00e+00	0.00e+00
 1.76032e+23	1.44e-16	3.40e-11	3.60e-07	1.67e-05	3.63e-04	1.90e-03	2.88e-03	8.58e-03	1.81e-01	4.28e-01	2.84e-01	8.09e-02	1.22e-02	6.69e-04	2.71e-05	2.46e-06	3.11e-07	0.00e+00	0.00e+00
 1.77001e+23	1.85e-16	4.18e-11	4.25e-07	1.99e-05	4.29e-04	2.22e-03	3.26e-03	9.73e-03	1.94e-01	4.33e-01	2.72e-01	7.41e-02	1.06e-02	5.60e-04	2.19e-05	1.94e-06	2.37e-07	0.00e+00	0.00e+00
 1.77978e+23	2.26e-16	4.95e-11	4.88e-07	2.29e-05	4.89e-04	2.50e-03	3.58e-03	1.07e-02	2.04e-01	4.37e-01	2.63e-01	6.92e-02	9.55e-03	4.89e-04	1.86e-05	1.62e-06	1.92e-07	0.00e+00	0.00e+00
 1.78963e+23	2.93e-16	6.16e-11	5.82e-07	2.74e-05	5.78e-04	2.91e-03	4.03e-03	1.21e-02	2.17e-01	4.40e-01	2.51e-01	6.31e-02	8.30e-03	4.09e-04	1.50e-05	1.28e-06	1.46e-07	0.00e+00	0.00e+00
 1.79957e+23	3.62e-16	7.36e-11	6.73e-07	3.16e-05	6.59e-04	3.27e-03	4.41e-03	1.32e-02	2.28e-01	4.42e-01	2.42e-01	5.88e-02	7.45e-03	3.56e-04	1.27e-05	1.06e-06	0.00e+00	0.00e+00	0.00e+00
 1.80963e+23	4.76e-16	9.26e-11	8.11e-07	3.80e-05	7.79e-04	3.80e-03	4.95e-03	1.49e-02	2.42e-01	4.44e-01	2.30e-01	5.34e-02	6.45e-03	2.96e-04	1.03e-05	8.35e-07	0.00e+00	0.00e+00	0.00e+00
 1.81982e+23	5.94e-16	1.12e-10	9.48e-07	4.42e-05	8.91e-04	4.27e-03	5.41e-03	1.62e-02	2.53e-01	4.44e-01	2.21e-01	4.95e-02	5.76e-03	2.57e-04	8.66e-06	6.92e-07	0.00e+00	0.00e+00	0.00e+00
 1.83017e+23	7.93e-16	1.43e-10	1.16e-06	5.36e-05	1.06e-03	4.95e-03	6.05e-03	1.82e-02	2.67e-01	4.44e-01	2.09e-01	4.48e-02	4.96e-03	2.13e-04	6.94e-06	5.41e-07	0.00e+00	0.00e+00	0.00e+00
 1.84071e+23	1.01e-15	1.75e-10	1.37e-06	6.28e-05	1.21e-03	5.57e-03	6.61e-03	1.98e-02	2.78e-01	4.42e-01	2.00e-01	4.13e-02	4.40e-03	1.84e-04	5.83e-06	4.46e-07	0.00e+00	0.00e+00	0.00e+00
 1.85148e+23	1.37e-15	2.28e-10	1.70e-06	7.69e-05	1.44e-03	6.46e-03	7.38e-03	2.22e-02	2.93e-01	4.40e-01	1.88e-01	3.71e-02	3.77e-03	1.52e-04	4.63e-06	3.46e-07	0.00e+00	0.00e+00	0.00e+00
 1.86249e+23	1.77e-15	2.83e-10	2.05e-06	9.09e-05	1.66e-03	7.28e-03	8.06e-03	2.41e-02	3.05e-01	4.37e-01	1.79e-01	3.41e-02	3.33e-03	1.30e-04	3.86e-06	2.82e-07	0.00e+00	0.00e+00	0.00e+00
 1.87380e+23	2.46e-15	3.77e-10	2.59e-06	1.13e-04	1.99e-03	8.48e-03	9.00e-03	2.69e-02	3.20e-01	4.32e-01	1.67e-01	3.04e-02	2.82e-03	1.06e-04	3.04e-06	2.17e-07	0.00e+00	0.00e+00	0.00e+00
 1.88537e+23	3.23e-15	4.77e-10	3.16e-06	1.34e-04	2.31e-03	9.58e-03	9.83e-03	2.93e-02	3.32e-01	4.28e-01	1.58e-01	2.77e-02	2.47e-03	9.02e-05	2.51e-06	1.76e-07	0.00e+00	0.00e+00	0.00e+00
 1.89511e+23	4.12e-15	5.87e-10	3.76e-06	1.57e-04	2.62e-03	1.06e-02	1.06e-02	3.15e-02	3.43e-01	4.23e-01	1.51e-01	2.55e-02	2.20e-03	7.82e-05	2.12e-06	1.46e-07	0.00e+00	0.00e+00	0.00e+00
 1.90560e+23	5.64e-15	7.71e-10	4.73e-06	1.92e-04	3.10e-03	1.22e-02	1.17e-02	3.46e-02	3.56e-01	4.17e-01	1.41e-01	2.29e-02	1.88e-03	6.49e-05	1.70e-06	1.14e-07	0.00e+00	0.00e+00	0.00e+00
 1.91584e+23	7.12e-15	9.42e-10	5.60e-06	2.23e-04	3.49e-03	1.34e-02	1.25e-02	3.69e-02	3.65e-01	4.11e-01	1.34e-01	2.11e-02	1.68e-03	5.67e-05	1.45e-06	0.00e+00	0.00e+00	0.00e+00	0.00e+00
 1.92577e+23	9.63e-15	1.22e-09	6.98e-06	2.70e-04	4.08e-03	1.52e-02	1.36e-02	4.01e-02	3.77e-01	4.04e-01	1.26e-01	1.90e-02	1.45e-03	4.74e-05	1.17e-06	0.00e+00	0.00e+00	0.00e+00	0.00e+00
 1.93580e+23	1.22e-14	1.50e-09	8.31e-06	3.13e-04	4.60e-03	1.68e-02	1.46e-02	4.27e-02	3.85e-01	3.97e-01	1.19e-01	1.75e-02	1.30e-03	4.14e-05	1.00e-06	0.00e+00	0.00e+00	0.00e+00	0.00e+00
 1.94594e+23	1.67e-14	1.97e-09	1.04e-05	3.81e-04	5.38e-03	1.90e-02	1.59e-02	4.62e-02	3.96e-01	3.89e-01	1.11e-01	1.57e-02	1.11e-03	3.45e-05	8.08e-07	0.00e+00	0.00e+00	0.00e+00	0.00e+00
 1.95623e+23	2.14e-14	2.44e-09	1.25e-05	4.44e-04	6.09e-03	2.09e-02	1.70e-02	4.91e-02	4.04e-01	3.81e-01	1.05e-01	1.44e-02	9.89e-04	3.00e-05	6.85e-07	0.00e+00	0.00e+00	0.00e+00	0.00e+00
 1.96670e+23	2.95e-14	3.22e-09	1.58e-05	5.43e-04	7.14e-03	2.37e-02	1.84e-02	5.30e-02	4.15e-01	3.71e-01	9.78e-02	1.28e-02	8.44e-04	2.48e-05	5.50e-07	0.00e+00	0.00e+00	0.00e+00	0.00e+00
 1.97731e+23	3.80e-14	4.03e-09	1.91e-05	6.36e-04	8.09e-03	2.61e-02	1.97e-02	5.61e-02	4.22e-01	3.63e-01	9.21e-02	1.17e-02	7.47e-04	2.15e-05	4.64e-07	0.00e+00	0.00e+00	0.00e+00	0.00e+00
 1.98813e+23	5.31e-14	5.37e-09	2.44e-05	7.81e-04	9.51e-03	2.96e-02	2.14e-02	6.05e-02	4.31e-01	3.52e-01	8.50e-02	1.04e-02	6.33e-04	1.77e-05	3.69e-07	0.00e+00	0.00e+00	0.00e+00	0.00e+00
 1.99913e+23	6.91e-14	6.76e-09	2.97e-05	9.19e-04	1.08e-02	3.26e-02	2.28e-02	6.39e-02	4.37e-01	3.43e-01	7.97e-02	9.41e-03	5.57e-04	1.52e-05	3.09e-07	0.00e+00	0.00e+00	0.00e+00	0.00e+00
 2.01036e+23	9.76e-14	9.12e-09	3.82e-05	1.13e-03	1.27e-02	3.70e-02	2.47e-02	6.87e-02	4.44e-01	3.30e-01	7.30e-02	8.26e-03	4.68e-04	1.24e-05	2.44e-07	0.00e+00	0.00e+00	0.00e+00	0.00e+00
 2.02182e+23	1.28e-13	1.16e-08	4.68e-05	1.34e-03	1.45e-02	4.07e-02	2.64e-02	7.24e-02	4.49e-01	3.20e-01	6.81e-02	7.46e-03	4.08e-04	1.06e-05	2.02e-07	0.00e+00	0.00e+00	0.00e+00	0.00e+00
 2.03358e+23	1.84e-13	1.58e-08	6.10e-05	1.67e-03	1.71e-02	4.62e-02	2.86e-02	7.75e-02	4.54e-01	3.06e-01	6.19e-02	6.49e-03	3.39e-04	8.54e-06	1.57e-07	0.00e+00	0.00e+00	0.00e+00	0.00e+00
 2.04564e+23	2.46e-13	2.03e-08	7.54e-05	1.98e-03	1.96e-02	5.10e-02	3.04e-02	8.16e-02	4.57e-01	2.95e-01	5.72e-02	5.79e-03	2.93e-04	7.19e-06	1.29e-07	0.00e+00	0.00e+00	0.00e+00	0.00e+00
 2.05810e+23	3.58e-13	2.82e-08	9.93e-05	2.48e-03	2.33e-02	5.79e-02	3.29e-02	8.70e-02	4.60e-01	2.80e-01	5.15e-02	4.98e-03	2.40e-04	5.73e-06	0.00e+00	0.00e+00	0.00e+00	0.00e+00	0.00e+00
 2.07074e+23	4.81e-13	3.64e-08	1.23e-04	2.96e-03	2.66e-02	6.38e-02	3.50e-02	9.12e-02	4.61e-01	2.68e-01	4.73e-02	4.42e-03	2.06e-04	4.79e-06	0.00e+00	0.00e+00	0.00e+00	0.00e+00	0.00e+00
 2.08363e+23	7.05e-13	5.07e-08	1.63e-04	3.71e-03	3.15e-02	7.21e-02	3.77e-02	9.67e-02	4.60e-01	2.52e-01	4.21e-02	3.76e-03	1.67e-04	3.78e-06	0.00e+00	0.00e+00	0.00e+00	0.00e+00	0.00e+00
 2.09666e+23	9.48e-13	6.55e-08	2.02e-04	4.41e-03	3.59e-02	7.91e-02	3.99e-02	1.01e-01	4.58e-01	2.40e-01	3.84e-02	3.31e-03	1.42e-04	3.14e-06	0.00e+00	0.00e+00	0.00e+00	0.00e+00	0.00e+00
 2.10988e+23	1.39e-12	9.14e-08	2.67e-04	5.53e-03	4.25e-02	8.90e-02	4.27e-02	1.06e-01	4.54e-01	2.23e-01	3.39e-02	2.79e-03	1.14e-04	2.44e-06	0.00e+00	0.00e+00	0.00e+00	0.00e+00	0.00e+00
 2.12330e+23	1.88e-12	1.18e-07	3.32e-04	6.57e-03	4.83e-02	9.73e-02	4.49e-02	1.10e-01	4.49e-01	2.11e-01	3.07e-02	2.43e-03	9.60e-05	2.01e-06	0.00e+00	0.00e+00	0.00e+00	0.00e+00	0.00e+00
 2.13507e+23	2.52e-12	1.52e-07	4.10e-04	7.76e-03	5.46e-02	1.06e-01	4.71e-02	1.13e-01	4.42e-01	1.99e-01	2.77e-02	2.12e-03	8.08e-05	1.65e-06	0.00e+00	0.00e+00	0.00e+00	0.00e+00	0.00e+00
 2.14847e+23	3.68e-12	2.11e-07	5.38e-04	9.61e-03	6.39e-02	1.18e-01	4.98e-02	1.18e-01	4.32e-01	1.83e-01	2.41e-02	1.76e-03	6.41e-05	1.27e-06	0.00e+00	0.00e+00	0.00e+00	0.00e+00	0.00e+00
 2.16198e+23	4.91e-12	2.70e-07	6.61e-04	1.13e-02	7.18e-02	1.27e-01	5.19e-02	1.21e-01	4.23e-01	1.71e-01	2.16e-02	1.52e-03	5.35e-05	1.04e-06	0.00e+00	0.00e+00	0.00e+00	0.00e+00	0.00e+00
 2.17310e+23	6.32e-12	3.35e-07	7.90e-04	1.30e-02	7.94e-02	1.36e-01	5.36e-02	1.23e-01	4.14e-01	1.60e-01	1.95e-02	1.34e-03	4.55e-05	8.68e-07	0.00e+00	0.00e+00	0.00e+00	0.00e+00	0.00e+00
 2.18502e+23	8.64e-12	4.37e-07	9.86e-04	1.54e-02	8.96e-02	1.47e-01	5.57e-02	1.25e-01	4.01e-01	1.47e-01	1.72e-02	1.13e-03	3.70e-05	6.90e-07	0.00e+00	0.00e+00	0.00e+00	0.00e+00	0.00e+00
 2.19721e+23	1.12e-11	5.46e-07	1.18e-03	1.78e-02	9.90e-02	1.56e-01	5.73e-02	1.27e-01	3.89e-01	1.37e-01	1.53e-02	9.77e-04	3.10e-05	5.65e-07	0.00e+00	0.00e+00	0.00e+00	0.00e+00	0.00e+00
