#depth	Ne	Ne+	Ne+2	Ne+3	Ne+4	Ne+5	Ne+6	Ne+7	Ne+8	Ne+9	Ne+10
 1.54284e+22	0.00e+00	0.00e+00	0.00e+00	1.20e-23	2.81e-19	1.62e-15	3.69e-12	5.23e-09	2.49e-05	9.90e-03	9.90e-01
 3.47534e+22	0.00e+00	0.00e+00	2.83e-27	1.98e-22	3.13e-18	1.22e-14	1.87e-11	1.78e-08	5.61e-05	1.48e-02	9.85e-01
 4.10358e+22	0.00e+00	4.80e-32	1.92e-26	1.06e-21	1.33e-17	4.07e-14	4.94e-11	3.70e-08	9.16e-05	1.89e-02	9.81e-01
 4.53303e+22	0.00e+00	2.67e-31	8.87e-26	4.05e-21	4.21e-17	1.07e-13	1.07e-10	6.66e-08	1.35e-04	2.30e-02	9.77e-01
 4.77162e+22	0.00e+00	4.13e-31	1.31e-25	5.70e-21	5.64e-17	1.37e-13	1.31e-10	7.73e-08	1.50e-04	2.41e-02	9.76e-01
 4.85084e+22	0.00e+00	5.49e-31	1.68e-25	7.11e-21	6.83e-17	1.60e-13	1.49e-10	8.52e-08	1.60e-04	2.49e-02	9.75e-01
 4.91289e+22	0.00e+00	7.19e-31	2.14e-25	8.79e-21	8.19e-17	1.87e-13	1.68e-10	9.35e-08	1.70e-04	2.57e-02	9.74e-01
 4.98313e+22	0.00e+00	1.02e-30	2.92e-25	1.15e-20	1.03e-16	2.27e-13	1.97e-10	1.05e-07	1.84e-04	2.67e-02	9.73e-01
 5.05459e+22	0.00e+00	1.37e-30	3.80e-25	1.45e-20	1.26e-16	2.68e-13	2.25e-10	1.16e-07	1.97e-04	2.76e-02	9.72e-01
 5.11738e+22	0.00e+00	1.82e-30	4.90e-25	1.82e-20	1.53e-16	3.15e-13	2.56e-10	1.28e-07	2.10e-04	2.85e-02	9.71e-01
 5.18878e+22	0.00e+00	2.55e-30	6.60e-25	2.36e-20	1.92e-16	3.80e-13	2.99e-10	1.44e-07	2.27e-04	2.96e-02	9.70e-01
 5.26439e+22	0.00e+00	3.55e-30	8.89e-25	3.06e-20	2.40e-16	4.59e-13	3.47e-10	1.62e-07	2.45e-04	3.07e-02	9.69e-01
 5.32834e+22	0.00e+00	4.71e-30	1.14e-24	3.82e-20	2.90e-16	5.37e-13	3.95e-10	1.78e-07	2.61e-04	3.17e-02	9.68e-01
 5.38553e+22	0.00e+00	6.12e-30	1.44e-24	4.69e-20	3.45e-16	6.23e-13	4.44e-10	1.94e-07	2.77e-04	3.27e-02	9.67e-01
 5.45107e+22	0.00e+00	8.31e-30	1.89e-24	5.95e-20	4.25e-16	7.40e-13	5.11e-10	2.16e-07	2.97e-04	3.38e-02	9.66e-01
 5.52246e+22	0.00e+00	1.16e-29	2.54e-24	7.70e-20	5.29e-16	8.91e-13	5.93e-10	2.42e-07	3.20e-04	3.51e-02	9.65e-01
 5.58726e+22	0.00e+00	1.53e-29	3.26e-24	9.58e-20	6.39e-16	1.04e-12	6.73e-10	2.66e-07	3.41e-04	3.62e-02	9.63e-01
 5.65733e+22	0.00e+00	2.14e-29	4.40e-24	1.25e-19	8.02e-16	1.26e-12	7.85e-10	2.99e-07	3.68e-04	3.76e-02	9.62e-01
 5.72834e+22	0.00e+00	2.94e-29	5.82e-24	1.59e-19	9.91e-16	1.51e-12	9.04e-10	3.32e-07	3.95e-04	3.89e-02	9.61e-01
 5.78766e+22	0.00e+00	3.85e-29	7.41e-24	1.97e-19	1.19e-15	1.75e-12	1.02e-09	3.64e-07	4.20e-04	4.01e-02	9.59e-01
 5.85185e+22	0.00e+00	5.29e-29	9.82e-24	2.52e-19	1.47e-15	2.10e-12	1.18e-09	4.06e-07	4.52e-04	4.15e-02	9.58e-01
 5.92098e+22	0.00e+00	7.27e-29	1.30e-23	3.23e-19	1.82e-15	2.50e-12	1.36e-09	4.51e-07	4.85e-04	4.30e-02	9.57e-01
 5.98433e+22	0.00e+00	9.73e-29	1.69e-23	4.05e-19	2.21e-15	2.95e-12	1.55e-09	4.98e-07	5.18e-04	4.44e-02	9.55e-01
 6.05449e+22	0.00e+00	1.41e-28	2.35e-23	5.42e-19	2.84e-15	3.63e-12	1.83e-09	5.65e-07	5.63e-04	4.63e-02	9.53e-01
 6.12295e+22	0.00e+00	1.88e-28	3.03e-23	6.76e-19	3.43e-15	4.26e-12	2.08e-09	6.22e-07	6.01e-04	4.77e-02	9.52e-01
 6.18014e+22	0.00e+00	2.50e-28	3.90e-23	8.45e-19	4.15e-15	5.00e-12	2.37e-09	6.84e-07	6.40e-04	4.92e-02	9.50e-01
 6.24543e+22	0.00e+00	3.46e-28	5.21e-23	1.09e-18	5.17e-15	6.00e-12	2.74e-09	7.64e-07	6.89e-04	5.10e-02	9.48e-01
 6.31477e+22	0.00e+00	4.80e-28	6.96e-23	1.40e-18	6.43e-15	7.20e-12	3.17e-09	8.52e-07	7.41e-04	5.29e-02	9.46e-01
 6.37692e+22	0.00e+00	6.53e-28	9.16e-23	1.78e-18	7.90e-15	8.56e-12	3.64e-09	9.43e-07	7.93e-04	5.46e-02	9.45e-01
 6.43609e+22	4.24e-34	8.80e-28	1.19e-22	2.25e-18	9.64e-15	1.01e-11	4.16e-09	1.04e-06	8.47e-04	5.64e-02	9.43e-01
 6.49371e+22	5.81e-34	1.17e-27	1.53e-22	2.80e-18	1.16e-14	1.18e-11	4.71e-09	1.14e-06	9.02e-04	5.81e-02	9.41e-01
 6.55848e+22	8.61e-34	1.66e-27	2.10e-22	3.68e-18	1.47e-14	1.44e-11	5.51e-09	1.29e-06	9.74e-04	6.04e-02	9.39e-01
 6.62477e+22	1.24e-33	2.30e-27	2.79e-22	4.74e-18	1.83e-14	1.72e-11	6.36e-09	1.43e-06	1.05e-03	6.25e-02	9.36e-01
 6.68152e+22	1.72e-33	3.08e-27	3.62e-22	5.94e-18	2.22e-14	2.03e-11	7.25e-09	1.57e-06	1.11e-03	6.44e-02	9.34e-01
 6.74376e+22	2.57e-33	4.42e-27	4.99e-22	7.86e-18	2.82e-14	2.48e-11	8.50e-09	1.77e-06	1.21e-03	6.69e-02	9.32e-01
 6.80850e+22	3.68e-33	6.10e-27	6.65e-22	1.01e-17	3.50e-14	2.97e-11	9.80e-09	1.97e-06	1.29e-03	6.92e-02	9.30e-01
 6.86431e+22	5.11e-33	8.18e-27	8.61e-22	1.27e-17	4.25e-14	3.49e-11	1.11e-08	2.17e-06	1.38e-03	7.13e-02	9.27e-01
 6.92469e+22	7.69e-33	1.18e-26	1.19e-21	1.68e-17	5.42e-14	4.28e-11	1.31e-08	2.44e-06	1.49e-03	7.41e-02	9.24e-01
 6.98599e+22	1.08e-32	1.60e-26	1.56e-21	2.13e-17	6.65e-14	5.07e-11	1.50e-08	2.69e-06	1.59e-03	7.64e-02	9.22e-01
 7.03996e+22	1.51e-32	2.16e-26	2.04e-21	2.69e-17	8.11e-14	5.98e-11	1.71e-08	2.97e-06	1.69e-03	7.88e-02	9.20e-01
 7.10157e+22	2.33e-32	3.19e-26	2.87e-21	3.63e-17	1.05e-13	7.41e-11	2.02e-08	3.36e-06	1.84e-03	8.19e-02	9.16e-01
 7.16378e+22	3.32e-32	4.37e-26	3.80e-21	4.63e-17	1.29e-13	8.82e-11	2.32e-08	3.72e-06	1.97e-03	8.46e-02	9.13e-01
 7.21665e+22	4.66e-32	5.92e-26	4.97e-21	5.86e-17	1.58e-13	1.04e-10	2.65e-08	4.10e-06	2.10e-03	8.72e-02	9.11e-01
 7.26755e+22	6.41e-32	7.88e-26	6.40e-21	7.30e-17	1.91e-13	1.22e-10	3.00e-08	4.49e-06	2.23e-03	8.97e-02	9.08e-01
 7.32596e+22	9.74e-32	1.15e-25	8.91e-21	9.76e-17	2.45e-13	1.50e-10	3.53e-08	5.06e-06	2.41e-03	9.31e-02	9.04e-01
 7.38537e+22	1.41e-31	1.59e-25	1.19e-20	1.26e-16	3.04e-13	1.80e-10	4.07e-08	5.61e-06	2.58e-03	9.61e-02	9.01e-01
 7.43669e+22	1.98e-31	2.16e-25	1.56e-20	1.59e-16	3.73e-13	2.13e-10	4.65e-08	6.18e-06	2.75e-03	9.91e-02	8.98e-01
 7.49404e+22	3.06e-31	3.19e-25	2.20e-20	2.15e-16	4.82e-13	2.64e-10	5.50e-08	6.99e-06	2.97e-03	1.03e-01	8.94e-01
 7.55079e+22	4.28e-31	4.30e-25	2.87e-20	2.71e-16	5.88e-13	3.11e-10	6.26e-08	7.69e-06	3.16e-03	1.06e-01	8.91e-01
 7.60677e+22	6.58e-31	6.33e-25	4.04e-20	3.65e-16	7.59e-13	3.84e-10	7.39e-08	8.67e-06	3.42e-03	1.10e-01	8.87e-01
 7.66356e+22	9.34e-31	8.66e-25	5.33e-20	4.65e-16	9.34e-13	4.57e-10	8.46e-08	9.58e-06	3.65e-03	1.13e-01	8.83e-01
 7.72139e+22	1.44e-30	1.28e-24	7.52e-20	6.28e-16	1.21e-12	5.66e-10	1.00e-07	1.08e-05	3.95e-03	1.17e-01	8.79e-01
 7.77953e+22	2.11e-30	1.79e-24	1.01e-19	8.15e-16	1.51e-12	6.82e-10	1.16e-07	1.20e-05	4.23e-03	1.21e-01	8.74e-01
 7.82869e+22	2.98e-30	2.44e-24	1.33e-19	1.03e-15	1.85e-12	8.08e-10	1.32e-07	1.32e-05	4.50e-03	1.25e-01	8.71e-01
 7.88327e+22	4.56e-30	3.58e-24	1.87e-19	1.39e-15	2.38e-12	9.95e-10	1.56e-07	1.49e-05	4.86e-03	1.29e-01	8.66e-01
 7.93997e+22	6.62e-30	4.99e-24	2.51e-19	1.79e-15	2.97e-12	1.20e-09	1.80e-07	1.65e-05	5.20e-03	1.33e-01	8.61e-01
 7.99020e+22	9.46e-30	6.87e-24	3.33e-19	2.30e-15	3.67e-12	1.42e-09	2.06e-07	1.83e-05	5.54e-03	1.37e-01	8.57e-01
 8.04625e+22	1.47e-29	1.02e-23	4.71e-19	3.11e-15	4.76e-12	1.77e-09	2.44e-07	2.06e-05	5.99e-03	1.42e-01	8.52e-01
 8.10383e+22	2.18e-29	1.45e-23	6.43e-19	4.08e-15	6.01e-12	2.14e-09	2.84e-07	2.30e-05	6.43e-03	1.47e-01	8.47e-01
 8.15434e+22	3.11e-29	1.99e-23	8.52e-19	5.21e-15	7.42e-12	2.55e-09	3.25e-07	2.54e-05	6.84e-03	1.51e-01	8.42e-01
 8.21096e+22	5.01e-29	3.06e-23	1.24e-18	7.25e-15	9.84e-12	3.23e-09	3.90e-07	2.89e-05	7.44e-03	1.57e-01	8.36e-01
 8.26685e+22	7.15e-29	4.20e-23	1.65e-18	9.26e-15	1.21e-11	3.84e-09	4.47e-07	3.19e-05	7.92e-03	1.61e-01	8.31e-01
 8.31441e+22	1.04e-28	5.86e-23	2.21e-18	1.20e-14	1.51e-11	4.60e-09	5.14e-07	3.53e-05	8.44e-03	1.66e-01	8.25e-01
 8.36109e+22	1.47e-28	8.01e-23	2.91e-18	1.52e-14	1.86e-11	5.46e-09	5.87e-07	3.88e-05	8.97e-03	1.71e-01	8.20e-01
 8.41399e+22	2.30e-28	1.19e-22	4.14e-18	2.07e-14	2.41e-11	6.79e-09	6.95e-07	4.38e-05	9.69e-03	1.77e-01	8.14e-01
 8.46430e+22	3.18e-28	1.60e-22	5.36e-18	2.59e-14	2.93e-11	7.96e-09	7.87e-07	4.79e-05	1.02e-02	1.81e-01	8.09e-01
 8.50460e+22	4.43e-28	2.15e-22	6.95e-18	3.25e-14	3.55e-11	9.34e-09	8.90e-07	5.23e-05	1.08e-02	1.85e-01	8.04e-01
 8.54133e+22	5.90e-28	2.78e-22	8.72e-18	3.95e-14	4.20e-11	1.07e-08	9.92e-07	5.65e-05	1.14e-02	1.89e-01	7.99e-01
 8.57485e+22	7.69e-28	3.52e-22	1.08e-17	4.75e-14	4.91e-11	1.22e-08	1.10e-06	6.07e-05	1.19e-02	1.93e-01	7.95e-01
 8.61322e+22	1.07e-27	4.75e-22	1.40e-17	5.97e-14	5.98e-11	1.44e-08	1.24e-06	6.64e-05	1.26e-02	1.98e-01	7.89e-01
 8.65146e+22	1.42e-27	6.09e-22	1.74e-17	7.23e-14	7.04e-11	1.65e-08	1.38e-06	7.15e-05	1.32e-02	2.02e-01	7.85e-01
 8.68386e+22	1.86e-27	7.77e-22	2.16e-17	8.71e-14	8.26e-11	1.88e-08	1.53e-06	7.68e-05	1.38e-02	2.06e-01	7.80e-01
 8.71538e+22	2.42e-27	9.82e-22	2.66e-17	1.04e-13	9.63e-11	2.13e-08	1.68e-06	8.23e-05	1.44e-02	2.10e-01	7.76e-01
 8.74587e+22	3.09e-27	1.22e-21	3.22e-17	1.23e-13	1.11e-10	2.40e-08	1.85e-06	8.79e-05	1.50e-02	2.14e-01	7.71e-01
 8.77994e+22	4.22e-27	1.62e-21	4.13e-17	1.53e-13	1.34e-10	2.79e-08	2.07e-06	9.55e-05	1.58e-02	2.18e-01	7.66e-01
 8.81439e+22	5.48e-27	2.04e-21	5.06e-17	1.83e-13	1.56e-10	3.17e-08	2.28e-06	1.02e-04	1.65e-02	2.22e-01	7.61e-01
 8.84444e+22	7.08e-27	2.57e-21	6.20e-17	2.18e-13	1.81e-10	3.59e-08	2.51e-06	1.09e-04	1.72e-02	2.26e-01	7.56e-01
 8.87863e+22	1.00e-26	3.51e-21	8.16e-17	2.76e-13	2.22e-10	4.24e-08	2.86e-06	1.20e-04	1.82e-02	2.32e-01	7.50e-01
 8.91228e+22	1.29e-26	4.39e-21	9.95e-17	3.28e-13	2.57e-10	4.79e-08	3.14e-06	1.28e-04	1.89e-02	2.36e-01	7.45e-01
 8.93989e+22	1.66e-26	5.50e-21	1.21e-16	3.90e-13	2.97e-10	5.40e-08	3.44e-06	1.36e-04	1.97e-02	2.40e-01	7.41e-01
 8.96598e+22	2.10e-26	6.80e-21	1.46e-16	4.59e-13	3.42e-10	6.06e-08	3.76e-06	1.45e-04	2.05e-02	2.43e-01	7.36e-01
 8.99543e+22	2.82e-26	8.85e-21	1.84e-16	5.61e-13	4.05e-10	6.97e-08	4.19e-06	1.57e-04	2.14e-02	2.48e-01	7.30e-01
 9.02572e+22	3.68e-26	1.12e-20	2.27e-16	6.73e-13	4.74e-10	7.93e-08	4.62e-06	1.68e-04	2.24e-02	2.52e-01	7.25e-01
 9.05206e+22	4.68e-26	1.39e-20	2.75e-16	7.93e-13	5.45e-10	8.89e-08	5.04e-06	1.78e-04	2.32e-02	2.56e-01	7.20e-01
 9.08127e+22	6.38e-26	1.84e-20	3.50e-16	9.79e-13	6.52e-10	1.03e-07	5.65e-06	1.93e-04	2.44e-02	2.61e-01	7.14e-01
 9.11121e+22	8.38e-26	2.35e-20	4.34e-16	1.18e-12	7.64e-10	1.18e-07	6.24e-06	2.07e-04	2.55e-02	2.66e-01	7.08e-01
 9.13750e+22	1.08e-25	2.94e-20	5.30e-16	1.40e-12	8.85e-10	1.33e-07	6.85e-06	2.21e-04	2.65e-02	2.70e-01	7.03e-01
 9.16705e+22	1.51e-25	3.97e-20	6.90e-16	1.76e-12	1.08e-09	1.56e-07	7.73e-06	2.40e-04	2.79e-02	2.76e-01	6.96e-01
 9.19699e+22	1.98e-25	5.07e-20	8.55e-16	2.12e-12	1.26e-09	1.77e-07	8.54e-06	2.58e-04	2.91e-02	2.80e-01	6.90e-01
 9.22257e+22	2.53e-25	6.32e-20	1.04e-15	2.50e-12	1.45e-09	1.99e-07	9.34e-06	2.74e-04	3.02e-02	2.85e-01	6.85e-01
 9.25096e+22	3.63e-25	8.71e-20	1.37e-15	3.19e-12	1.79e-09	2.36e-07	1.06e-05	3.00e-04	3.19e-02	2.91e-01	6.77e-01
 9.27887e+22	4.61e-25	1.08e-19	1.66e-15	3.76e-12	2.05e-09	2.65e-07	1.16e-05	3.19e-04	3.31e-02	2.95e-01	6.72e-01
 9.30614e+22	6.52e-25	1.47e-19	2.18e-15	4.75e-12	2.51e-09	3.12e-07	1.32e-05	3.48e-04	3.48e-02	3.01e-01	6.64e-01
 9.33293e+22	8.22e-25	1.81e-19	2.61e-15	5.57e-12	2.87e-09	3.49e-07	1.43e-05	3.69e-04	3.61e-02	3.05e-01	6.59e-01
 9.35909e+22	1.17e-24	2.48e-19	3.44e-15	7.05e-12	3.51e-09	4.12e-07	1.62e-05	4.02e-04	3.80e-02	3.11e-01	6.51e-01
 9.38513e+22	1.48e-24	3.07e-19	4.15e-15	8.29e-12	4.03e-09	4.61e-07	1.77e-05	4.27e-04	3.94e-02	3.15e-01	6.45e-01
 9.41104e+22	2.10e-24	4.20e-19	5.46e-15	1.05e-11	4.93e-09	5.45e-07	2.01e-05	4.66e-04	4.16e-02	3.21e-01	6.37e-01
 9.43714e+22	2.71e-24	5.27e-19	6.66e-15	1.25e-11	5.70e-09	6.15e-07	2.20e-05	4.96e-04	4.32e-02	3.26e-01	6.31e-01
 9.46351e+22	3.89e-24	7.29e-19	8.85e-15	1.59e-11	7.03e-09	7.30e-07	2.51e-05	5.43e-04	4.55e-02	3.32e-01	6.22e-01
 9.49011e+22	5.06e-24	9.23e-19	1.09e-14	1.91e-11	8.18e-09	8.28e-07	2.77e-05	5.80e-04	4.74e-02	3.37e-01	6.15e-01
 9.51701e+22	7.25e-24	1.27e-18	1.44e-14	2.43e-11	1.01e-08	9.82e-07	3.15e-05	6.35e-04	5.00e-02	3.43e-01	6.06e-01
 9.54366e+22	9.49e-24	1.62e-18	1.78e-14	2.91e-11	1.18e-08	1.12e-06	3.48e-05	6.79e-04	5.20e-02	3.48e-01	5.99e-01
 9.56999e+22	1.36e-23	2.23e-18	2.36e-14	3.71e-11	1.44e-08	1.32e-06	3.96e-05	7.43e-04	5.48e-02	3.54e-01	5.90e-01
 9.59676e+22	1.80e-23	2.88e-18	2.94e-14	4.49e-11	1.70e-08	1.52e-06	4.40e-05	7.97e-04	5.72e-02	3.59e-01	5.83e-01
 9.62410e+22	2.61e-23	4.01e-18	3.94e-14	5.77e-11	2.11e-08	1.81e-06	5.04e-05	8.75e-04	6.04e-02	3.66e-01	5.73e-01
 9.65171e+22	3.48e-23	5.20e-18	4.94e-14	7.02e-11	2.49e-08	2.08e-06	5.61e-05	9.42e-04	6.31e-02	3.71e-01	5.65e-01
 9.67967e+22	5.08e-23	7.30e-18	6.65e-14	9.07e-11	3.10e-08	2.50e-06	6.45e-05	1.04e-03	6.67e-02	3.78e-01	5.54e-01
 9.70780e+22	6.78e-23	9.45e-18	8.35e-14	1.10e-10	3.67e-08	2.87e-06	7.18e-05	1.12e-03	6.96e-02	3.83e-01	5.46e-01
 9.73209e+22	8.99e-23	1.22e-17	1.04e-13	1.33e-10	4.32e-08	3.30e-06	7.98e-05	1.20e-03	7.26e-02	3.88e-01	5.38e-01
 9.75961e+22	1.29e-22	1.68e-17	1.38e-13	1.70e-10	5.33e-08	3.93e-06	9.14e-05	1.31e-03	7.66e-02	3.95e-01	5.27e-01
 9.78715e+22	1.69e-22	2.15e-17	1.72e-13	2.05e-10	6.26e-08	4.49e-06	1.01e-04	1.41e-03	7.98e-02	4.00e-01	5.19e-01
 9.81473e+22	2.43e-22	2.97e-17	2.28e-13	2.62e-10	7.73e-08	5.36e-06	1.16e-04	1.55e-03	8.42e-02	4.06e-01	5.08e-01
 9.84250e+22	3.14e-22	3.74e-17	2.80e-13	3.13e-10	8.99e-08	6.09e-06	1.28e-04	1.66e-03	8.75e-02	4.11e-01	5.00e-01
 9.87050e+22	4.42e-22	5.09e-17	3.66e-13	3.95e-10	1.10e-07	7.21e-06	1.46e-04	1.81e-03	9.21e-02	4.16e-01	4.90e-01
 9.89937e+22	5.82e-22	6.53e-17	4.56e-13	4.77e-10	1.29e-07	8.27e-06	1.63e-04	1.95e-03	9.60e-02	4.21e-01	4.81e-01
 9.92934e+22	8.28e-22	8.96e-17	6.02e-13	6.07e-10	1.60e-07	9.85e-06	1.86e-04	2.14e-03	1.01e-01	4.27e-01	4.69e-01
 9.95988e+22	1.08e-21	1.14e-16	7.46e-13	7.31e-10	1.87e-07	1.13e-05	2.07e-04	2.29e-03	1.05e-01	4.32e-01	4.60e-01
 9.99116e+22	1.53e-21	1.56e-16	9.83e-13	9.28e-10	2.30e-07	1.34e-05	2.37e-04	2.52e-03	1.11e-01	4.37e-01	4.49e-01
 1.00230e+23	2.01e-21	1.99e-16	1.22e-12	1.12e-09	2.71e-07	1.54e-05	2.64e-04	2.70e-03	1.16e-01	4.42e-01	4.40e-01
 1.00556e+23	2.82e-21	2.71e-16	1.60e-12	1.42e-09	3.32e-07	1.83e-05	3.02e-04	2.97e-03	1.22e-01	4.47e-01	4.28e-01
 1.00884e+23	3.65e-21	3.42e-16	1.97e-12	1.69e-09	3.88e-07	2.09e-05	3.35e-04	3.18e-03	1.27e-01	4.51e-01	4.19e-01
 1.01215e+23	5.07e-21	4.60e-16	2.56e-12	2.12e-09	4.73e-07	2.47e-05	3.82e-04	3.48e-03	1.33e-01	4.55e-01	4.08e-01
 1.01554e+23	6.56e-21	5.81e-16	3.14e-12	2.54e-09	5.53e-07	2.81e-05	4.23e-04	3.73e-03	1.38e-01	4.59e-01	3.99e-01
 1.01849e+23	8.31e-21	7.19e-16	3.80e-12	3.00e-09	6.38e-07	3.18e-05	4.66e-04	3.98e-03	1.43e-01	4.62e-01	3.90e-01
 1.02176e+23	1.13e-20	9.49e-16	4.85e-12	3.71e-09	7.69e-07	3.72e-05	5.27e-04	4.32e-03	1.50e-01	4.66e-01	3.80e-01
 1.02504e+23	1.41e-20	1.16e-15	5.81e-12	4.33e-09	8.80e-07	4.17e-05	5.76e-04	4.59e-03	1.55e-01	4.68e-01	3.72e-01
 1.02833e+23	1.88e-20	1.51e-15	7.34e-12	5.32e-09	1.05e-06	4.85e-05	6.49e-04	4.98e-03	1.62e-01	4.72e-01	3.61e-01
 1.03171e+23	2.36e-20	1.86e-15	8.82e-12	6.24e-09	1.21e-06	5.46e-05	7.12e-04	5.30e-03	1.67e-01	4.74e-01	3.53e-01
 1.03469e+23	2.94e-20	2.27e-15	1.05e-11	7.28e-09	1.38e-06	6.12e-05	7.78e-04	5.63e-03	1.73e-01	4.76e-01	3.45e-01
 1.03808e+23	3.92e-20	2.94e-15	1.33e-11	8.90e-09	1.65e-06	7.10e-05	8.75e-04	6.09e-03	1.80e-01	4.79e-01	3.34e-01
 1.04145e+23	4.79e-20	3.53e-15	1.56e-11	1.03e-08	1.87e-06	7.88e-05	9.50e-04	6.44e-03	1.85e-01	4.80e-01	3.27e-01
 1.04481e+23	6.28e-20	4.51e-15	1.95e-11	1.24e-08	2.21e-06	9.08e-05	1.06e-03	6.94e-03	1.93e-01	4.82e-01	3.17e-01
 1.04823e+23	7.70e-20	5.43e-15	2.30e-11	1.43e-08	2.50e-06	1.01e-04	1.15e-03	7.34e-03	1.98e-01	4.83e-01	3.10e-01
 1.05174e+23	1.01e-19	6.95e-15	2.86e-11	1.74e-08	2.96e-06	1.16e-04	1.29e-03	7.91e-03	2.06e-01	4.85e-01	3.00e-01
 1.05531e+23	1.24e-19	8.38e-15	3.38e-11	2.01e-08	3.36e-06	1.30e-04	1.40e-03	8.36e-03	2.12e-01	4.86e-01	2.92e-01
 1.05896e+23	1.62e-19	1.07e-14	4.21e-11	2.44e-08	3.97e-06	1.49e-04	1.57e-03	9.02e-03	2.21e-01	4.86e-01	2.82e-01
 1.06269e+23	1.99e-19	1.29e-14	4.99e-11	2.82e-08	4.51e-06	1.66e-04	1.71e-03	9.54e-03	2.27e-01	4.87e-01	2.75e-01
 1.06650e+23	2.61e-19	1.66e-14	6.22e-11	3.42e-08	5.34e-06	1.92e-04	1.91e-03	1.03e-02	2.36e-01	4.87e-01	2.65e-01
 1.07023e+23	3.14e-19	1.96e-14	7.22e-11	3.90e-08	5.98e-06	2.11e-04	2.05e-03	1.08e-02	2.42e-01	4.87e-01	2.59e-01
 1.07384e+23	4.04e-19	2.47e-14	8.88e-11	4.67e-08	7.01e-06	2.41e-04	2.28e-03	1.16e-02	2.50e-01	4.86e-01	2.49e-01
 1.07751e+23	4.86e-19	2.92e-14	1.03e-10	5.32e-08	7.85e-06	2.65e-04	2.46e-03	1.22e-02	2.56e-01	4.86e-01	2.43e-01
 1.08125e+23	6.21e-19	3.65e-14	1.26e-10	6.34e-08	9.15e-06	3.02e-04	2.72e-03	1.30e-02	2.65e-01	4.85e-01	2.34e-01
 1.08510e+23	7.59e-19	4.38e-14	1.49e-10	7.31e-08	1.04e-05	3.35e-04	2.95e-03	1.37e-02	2.72e-01	4.84e-01	2.28e-01
 1.08911e+23	9.72e-19	5.50e-14	1.82e-10	8.73e-08	1.21e-05	3.81e-04	3.26e-03	1.47e-02	2.80e-01	4.82e-01	2.19e-01
 1.09324e+23	1.20e-18	6.65e-14	2.16e-10	1.01e-07	1.37e-05	4.25e-04	3.55e-03	1.55e-02	2.88e-01	4.81e-01	2.12e-01
 1.09754e+23	1.55e-18	8.42e-14	2.67e-10	1.22e-07	1.61e-05	4.85e-04	3.93e-03	1.66e-02	2.97e-01	4.78e-01	2.03e-01
 1.10195e+23	1.92e-18	1.02e-13	3.18e-10	1.42e-07	1.84e-05	5.42e-04	4.28e-03	1.76e-02	3.05e-01	4.76e-01	1.96e-01
 1.10651e+23	2.51e-18	1.31e-13	3.95e-10	1.71e-07	2.17e-05	6.21e-04	4.76e-03	1.88e-02	3.15e-01	4.73e-01	1.88e-01
 1.11122e+23	3.14e-18	1.60e-13	4.74e-10	2.01e-07	2.49e-05	6.96e-04	5.20e-03	1.99e-02	3.23e-01	4.70e-01	1.81e-01
 1.11611e+23	4.13e-18	2.06e-13	5.94e-10	2.45e-07	2.94e-05	8.02e-04	5.79e-03	2.14e-02	3.34e-01	4.66e-01	1.72e-01
 1.12116e+23	5.22e-18	2.55e-13	7.19e-10	2.89e-07	3.40e-05	9.03e-04	6.35e-03	2.27e-02	3.42e-01	4.62e-01	1.65e-01
 1.12573e+23	6.55e-18	3.13e-13	8.65e-10	3.39e-07	3.90e-05	1.01e-03	6.93e-03	2.40e-02	3.51e-01	4.58e-01	1.59e-01
 1.13097e+23	8.71e-18	4.07e-13	1.09e-09	4.15e-07	4.64e-05	1.17e-03	7.73e-03	2.58e-02	3.62e-01	4.53e-01	1.51e-01
 1.13632e+23	1.10e-17	5.04e-13	1.32e-09	4.91e-07	5.36e-05	1.32e-03	8.47e-03	2.73e-02	3.71e-01	4.48e-01	1.44e-01
 1.14181e+23	1.48e-17	6.58e-13	1.68e-09	6.03e-07	6.41e-05	1.53e-03	9.48e-03	2.93e-02	3.82e-01	4.42e-01	1.36e-01
 1.14738e+23	1.87e-17	8.18e-13	2.04e-09	7.15e-07	7.41e-05	1.72e-03	1.04e-02	3.11e-02	3.91e-01	4.36e-01	1.29e-01
 1.15303e+23	2.52e-17	1.07e-12	2.60e-09	8.83e-07	8.90e-05	2.00e-03	1.16e-02	3.34e-02	4.02e-01	4.29e-01	1.22e-01
 1.15875e+23	3.18e-17	1.33e-12	3.16e-09	1.04e-06	1.03e-04	2.26e-03	1.28e-02	3.54e-02	4.11e-01	4.23e-01	1.16e-01
 1.16455e+23	4.29e-17	1.75e-12	4.04e-09	1.29e-06	1.24e-04	2.64e-03	1.43e-02	3.81e-02	4.23e-01	4.14e-01	1.08e-01
 1.17038e+23	5.40e-17	2.16e-12	4.89e-09	1.53e-06	1.43e-04	2.96e-03	1.57e-02	4.03e-02	4.31e-01	4.07e-01	1.02e-01
 1.17521e+23	6.62e-17	2.61e-12	5.79e-09	1.77e-06	1.62e-04	3.29e-03	1.70e-02	4.24e-02	4.39e-01	4.01e-01	9.74e-02
 1.18047e+23	8.57e-17	3.31e-12	7.19e-09	2.14e-06	1.91e-04	3.78e-03	1.89e-02	4.52e-02	4.49e-01	3.92e-01	9.11e-02
 1.18572e+23	1.04e-16	3.97e-12	8.48e-09	2.47e-06	2.16e-04	4.19e-03	2.04e-02	4.74e-02	4.56e-01	3.85e-01	8.66e-02
 1.19095e+23	1.34e-16	5.01e-12	1.05e-08	2.97e-06	2.54e-04	4.80e-03	2.26e-02	5.06e-02	4.66e-01	3.76e-01	8.07e-02
 1.19624e+23	1.63e-16	6.00e-12	1.23e-08	3.43e-06	2.88e-04	5.33e-03	2.44e-02	5.31e-02	4.73e-01	3.68e-01	7.64e-02
 1.20162e+23	2.07e-16	7.55e-12	1.52e-08	4.13e-06	3.40e-04	6.11e-03	2.71e-02	5.66e-02	4.82e-01	3.57e-01	7.08e-02
 1.20706e+23	2.51e-16	9.03e-12	1.79e-08	4.76e-06	3.85e-04	6.79e-03	2.94e-02	5.94e-02	4.88e-01	3.49e-01	6.67e-02
 1.21258e+23	3.19e-16	1.13e-11	2.21e-08	5.73e-06	4.53e-04	7.79e-03	3.26e-02	6.33e-02	4.96e-01	3.38e-01	6.14e-02
 1.21821e+23	3.84e-16	1.35e-11	2.60e-08	6.63e-06	5.16e-04	8.69e-03	3.54e-02	6.66e-02	5.03e-01	3.29e-01	5.74e-02
 1.22397e+23	4.83e-16	1.69e-11	3.21e-08	7.97e-06	6.08e-04	1.00e-02	3.94e-02	7.11e-02	5.10e-01	3.16e-01	5.25e-02
 1.22984e+23	5.77e-16	2.00e-11	3.77e-08	9.22e-06	6.93e-04	1.12e-02	4.29e-02	7.48e-02	5.15e-01	3.06e-01	4.87e-02
 1.23585e+23	7.18e-16	2.48e-11	4.63e-08	1.11e-05	8.19e-04	1.29e-02	4.78e-02	7.98e-02	5.22e-01	2.93e-01	4.41e-02
 1.24194e+23	8.46e-16	2.92e-11	5.41e-08	1.28e-05	9.31e-04	1.44e-02	5.20e-02	8.39e-02	5.26e-01	2.82e-01	4.06e-02
 1.24707e+23	9.74e-16	3.37e-11	6.22e-08	1.45e-05	1.04e-03	1.59e-02	5.60e-02	8.78e-02	5.29e-01	2.73e-01	3.76e-02
 1.25269e+23	1.15e-15	4.01e-11	7.38e-08	1.70e-05	1.21e-03	1.80e-02	6.16e-02	9.30e-02	5.32e-01	2.60e-01	3.40e-02
 1.25834e+23	1.31e-15	4.56e-11	8.40e-08	1.91e-05	1.35e-03	1.99e-02	6.63e-02	9.72e-02	5.34e-01	2.50e-01	3.14e-02
 1.26385e+23	1.50e-15	5.29e-11	9.78e-08	2.21e-05	1.54e-03	2.23e-02	7.24e-02	1.02e-01	5.35e-01	2.38e-01	2.83e-02
 1.26947e+23	1.67e-15	5.97e-11	1.11e-07	2.48e-05	1.73e-03	2.46e-02	7.78e-02	1.07e-01	5.36e-01	2.27e-01	2.59e-02
 1.27502e+23	1.86e-15	6.77e-11	1.27e-07	2.82e-05	1.95e-03	2.74e-02	8.44e-02	1.12e-01	5.35e-01	2.16e-01	2.33e-02
 1.28067e+23	2.04e-15	7.55e-11	1.43e-07	3.17e-05	2.18e-03	3.02e-02	9.06e-02	1.17e-01	5.34e-01	2.05e-01	2.12e-02
 1.28620e+23	2.22e-15	8.39e-11	1.61e-07	3.56e-05	2.44e-03	3.33e-02	9.74e-02	1.22e-01	5.31e-01	1.94e-01	1.91e-02
 1.29178e+23	2.38e-15	9.22e-11	1.80e-07	3.97e-05	2.71e-03	3.65e-02	1.04e-01	1.27e-01	5.28e-01	1.84e-01	1.72e-02
 1.29730e+23	2.52e-15	1.01e-10	2.00e-07	4.42e-05	3.01e-03	4.00e-02	1.11e-01	1.32e-01	5.24e-01	1.74e-01	1.55e-02
 1.30281e+23	2.66e-15	1.09e-10	2.21e-07	4.90e-05	3.33e-03	4.37e-02	1.19e-01	1.37e-01	5.19e-01	1.64e-01	1.39e-02
 1.30832e+23	2.78e-15	1.18e-10	2.44e-07	5.43e-05	3.69e-03	4.76e-02	1.26e-01	1.42e-01	5.13e-01	1.54e-01	1.25e-02
 1.31385e+23	2.89e-15	1.27e-10	2.69e-07	6.01e-05	4.07e-03	5.18e-02	1.34e-01	1.47e-01	5.07e-01	1.45e-01	1.12e-02
 1.31940e+23	2.98e-15	1.37e-10	2.96e-07	6.64e-05	4.49e-03	5.63e-02	1.41e-01	1.52e-01	5.00e-01	1.36e-01	1.00e-02
 1.32500e+23	3.07e-15	1.46e-10	3.25e-07	7.34e-05	4.95e-03	6.10e-02	1.49e-01	1.57e-01	4.92e-01	1.28e-01	8.95e-03
 1.33064e+23	3.14e-15	1.56e-10	3.58e-07	8.12e-05	5.45e-03	6.60e-02	1.57e-01	1.61e-01	4.83e-01	1.19e-01	7.97e-03
 1.33633e+23	3.21e-15	1.67e-10	3.94e-07	8.98e-05	6.00e-03	7.14e-02	1.65e-01	1.66e-01	4.73e-01	1.11e-01	7.09e-03
 1.34210e+23	3.28e-15	1.79e-10	4.34e-07	9.97e-05	6.62e-03	7.72e-02	1.73e-01	1.70e-01	4.63e-01	1.04e-01	6.27e-03
 1.34792e+23	3.35e-15	1.91e-10	4.79e-07	1.11e-04	7.29e-03	8.32e-02	1.81e-01	1.74e-01	4.52e-01	9.63e-02	5.56e-03
 1.35387e+23	3.42e-15	2.06e-10	5.33e-07	1.24e-04	8.07e-03	8.99e-02	1.90e-01	1.78e-01	4.40e-01	8.91e-02	4.88e-03
 1.35992e+23	3.50e-15	2.22e-10	5.92e-07	1.38e-04	8.90e-03	9.68e-02	1.98e-01	1.82e-01	4.28e-01	8.24e-02	4.30e-03
 1.36545e+23	3.59e-15	2.37e-10	6.49e-07	1.52e-04	9.68e-03	1.03e-01	2.04e-01	1.84e-01	4.18e-01	7.70e-02	3.86e-03
 1.37123e+23	3.68e-15	2.58e-10	7.31e-07	1.71e-04	1.08e-02	1.11e-01	2.13e-01	1.88e-01	4.04e-01	7.06e-02	3.35e-03
 1.37710e+23	3.81e-15	2.78e-10	8.09e-07	1.89e-04	1.17e-02	1.18e-01	2.19e-01	1.90e-01	3.93e-01	6.57e-02	2.99e-03
 1.38314e+23	3.98e-15	3.07e-10	9.23e-07	2.16e-04	1.31e-02	1.27e-01	2.27e-01	1.92e-01	3.77e-01	5.98e-02	2.58e-03
 1.38921e+23	4.14e-15	3.34e-10	1.03e-06	2.40e-04	1.42e-02	1.35e-01	2.34e-01	1.94e-01	3.66e-01	5.55e-02	2.29e-03
 1.39532e+23	4.36e-15	3.72e-10	1.18e-06	2.75e-04	1.59e-02	1.45e-01	2.41e-01	1.95e-01	3.50e-01	5.03e-02	1.96e-03
 1.40144e+23	4.62e-15	4.10e-10	1.32e-06	3.05e-04	1.73e-02	1.53e-01	2.47e-01	1.96e-01	3.38e-01	4.66e-02	1.75e-03
 1.40759e+23	4.95e-15	4.63e-10	1.54e-06	3.51e-04	1.93e-02	1.65e-01	2.54e-01	1.97e-01	3.22e-01	4.20e-02	1.49e-03
 1.41380e+23	5.31e-15	5.14e-10	1.73e-06	3.92e-04	2.10e-02	1.74e-01	2.59e-01	1.97e-01	3.10e-01	3.87e-02	1.32e-03
 1.42009e+23	5.81e-15	5.90e-10	2.03e-06	4.53e-04	2.34e-02	1.86e-01	2.65e-01	1.96e-01	2.94e-01	3.48e-02	1.12e-03
 1.42646e+23	6.33e-15	6.64e-10	2.31e-06	5.08e-04	2.55e-02	1.96e-01	2.69e-01	1.95e-01	2.81e-01	3.19e-02	9.86e-04
 1.43294e+23	7.08e-15	7.74e-10	2.73e-06	5.89e-04	2.85e-02	2.09e-01	2.74e-01	1.94e-01	2.65e-01	2.84e-02	8.32e-04
 1.43953e+23	7.87e-15	8.83e-10	3.14e-06	6.64e-04	3.11e-02	2.20e-01	2.77e-01	1.92e-01	2.52e-01	2.59e-02	7.26e-04
 1.44628e+23	9.05e-15	1.05e-09	3.76e-06	7.75e-04	3.47e-02	2.34e-01	2.81e-01	1.89e-01	2.36e-01	2.29e-02	6.06e-04
 1.45317e+23	1.03e-14	1.22e-09	4.35e-06	8.77e-04	3.79e-02	2.46e-01	2.84e-01	1.87e-01	2.24e-01	2.07e-02	5.24e-04
 1.46026e+23	1.22e-14	1.48e-09	5.28e-06	1.03e-03	4.24e-02	2.61e-01	2.86e-01	1.83e-01	2.08e-01	1.81e-02	4.32e-04
 1.46751e+23	1.42e-14	1.74e-09	6.17e-06	1.17e-03	4.63e-02	2.74e-01	2.88e-01	1.79e-01	1.95e-01	1.63e-02	3.71e-04
 1.47361e+23	1.63e-14	2.01e-09	7.09e-06	1.31e-03	5.00e-02	2.85e-01	2.89e-01	1.75e-01	1.84e-01	1.47e-02	3.22e-04
 1.48021e+23	1.97e-14	2.44e-09	8.51e-06	1.52e-03	5.51e-02	3.00e-01	2.89e-01	1.71e-01	1.71e-01	1.29e-02	2.68e-04
 1.48664e+23	2.27e-14	2.82e-09	9.69e-06	1.68e-03	5.91e-02	3.10e-01	2.89e-01	1.67e-01	1.62e-01	1.18e-02	2.35e-04
 1.49283e+23	2.74e-14	3.40e-09	1.15e-05	1.93e-03	6.46e-02	3.24e-01	2.87e-01	1.62e-01	1.50e-01	1.04e-02	1.97e-04
 1.49909e+23	3.21e-14	3.95e-09	1.31e-05	2.13e-03	6.90e-02	3.34e-01	2.86e-01	1.57e-01	1.41e-01	9.42e-03	1.72e-04
 1.50543e+23	3.94e-14	4.80e-09	1.56e-05	2.44e-03	7.52e-02	3.48e-01	2.84e-01	1.52e-01	1.30e-01	8.26e-03	1.43e-04
 1.51186e+23	4.67e-14	5.62e-09	1.79e-05	2.70e-03	8.03e-02	3.58e-01	2.82e-01	1.47e-01	1.22e-01	7.45e-03	1.24e-04
 1.51840e+23	5.85e-14	6.90e-09	2.14e-05	3.09e-03	8.74e-02	3.71e-01	2.78e-01	1.41e-01	1.12e-01	6.48e-03	1.03e-04
 1.52504e+23	7.01e-14	8.12e-09	2.45e-05	3.43e-03	9.32e-02	3.81e-01	2.75e-01	1.36e-01	1.05e-01	5.81e-03	8.86e-05
 1.53181e+23	8.92e-14	1.01e-08	2.94e-05	3.92e-03	1.01e-01	3.94e-01	2.71e-01	1.30e-01	9.53e-02	5.01e-03	7.25e-05
 1.53869e+23	1.08e-13	1.19e-08	3.38e-05	4.35e-03	1.08e-01	4.04e-01	2.67e-01	1.24e-01	8.84e-02	4.47e-03	6.20e-05
 1.54571e+23	1.40e-13	1.49e-08	4.07e-05	4.98e-03	1.17e-01	4.16e-01	2.61e-01	1.18e-01	7.99e-02	3.82e-03	5.02e-05
 1.55291e+23	1.72e-13	1.78e-08	4.71e-05	5.53e-03	1.25e-01	4.25e-01	2.56e-01	1.12e-01	7.37e-02	3.37e-03	4.25e-05
 1.56034e+23	2.27e-13	2.26e-08	5.70e-05	6.34e-03	1.35e-01	4.36e-01	2.48e-01	1.05e-01	6.60e-02	2.85e-03	3.39e-05
 1.56795e+23	2.84e-13	2.73e-08	6.63e-05	7.06e-03	1.44e-01	4.44e-01	2.42e-01	9.99e-02	6.03e-02	2.49e-03	2.83e-05
 1.57581e+23	3.81e-13	3.49e-08	8.07e-05	8.11e-03	1.56e-01	4.54e-01	2.34e-01	9.29e-02	5.34e-02	2.08e-03	2.23e-05
 1.58374e+23	4.78e-13	4.21e-08	9.37e-05	9.01e-03	1.65e-01	4.61e-01	2.27e-01	8.77e-02	4.86e-02	1.81e-03	1.85e-05
 1.59177e+23	6.48e-13	5.42e-08	1.14e-04	1.03e-02	1.78e-01	4.68e-01	2.18e-01	8.10e-02	4.28e-02	1.50e-03	1.44e-05
 1.59989e+23	8.16e-13	6.55e-08	1.32e-04	1.14e-02	1.88e-01	4.74e-01	2.11e-01	7.60e-02	3.88e-02	1.29e-03	1.19e-05
 1.60811e+23	1.11e-12	8.42e-08	1.61e-04	1.31e-02	2.02e-01	4.79e-01	2.01e-01	6.98e-02	3.39e-02	1.06e-03	9.21e-06
 1.61647e+23	1.41e-12	1.02e-07	1.87e-04	1.45e-02	2.13e-01	4.82e-01	1.93e-01	6.51e-02	3.05e-02	9.12e-04	7.53e-06
 1.62385e+23	1.79e-12	1.24e-07	2.17e-04	1.60e-02	2.25e-01	4.85e-01	1.85e-01	6.07e-02	2.74e-02	7.80e-04	6.14e-06
 1.63227e+23	2.43e-12	1.59e-07	2.62e-04	1.81e-02	2.39e-01	4.87e-01	1.75e-01	5.53e-02	2.38e-02	6.38e-04	4.73e-06
 1.64084e+23	3.12e-12	1.94e-07	3.06e-04	2.01e-02	2.52e-01	4.88e-01	1.67e-01	5.12e-02	2.12e-02	5.39e-04	3.80e-06
 1.64781e+23	3.85e-12	2.30e-07	3.47e-04	2.18e-02	2.62e-01	4.87e-01	1.61e-01	4.78e-02	1.92e-02	4.68e-04	3.16e-06
 1.65503e+23	4.91e-12	2.80e-07	4.02e-04	2.41e-02	2.75e-01	4.86e-01	1.53e-01	4.41e-02	1.70e-02	3.96e-04	2.54e-06
 1.66263e+23	6.13e-12	3.34e-07	4.59e-04	2.62e-02	2.86e-01	4.85e-01	1.46e-01	4.10e-02	1.53e-02	3.40e-04	2.09e-06
 1.66960e+23	7.61e-12	3.96e-07	5.23e-04	2.85e-02	2.97e-01	4.82e-01	1.39e-01	3.81e-02	1.37e-02	2.92e-04	1.72e-06
 1.67755e+23	9.96e-12	4.91e-07	6.13e-04	3.16e-02	3.12e-01	4.78e-01	1.31e-01	3.47e-02	1.20e-02	2.41e-04	1.34e-06
 1.68572e+23	1.27e-11	5.94e-07	7.06e-04	3.45e-02	3.24e-01	4.74e-01	1.24e-01	3.18e-02	1.06e-02	2.03e-04	1.07e-06
 1.69288e+23	1.57e-11	7.03e-07	8.01e-04	3.74e-02	3.36e-01	4.70e-01	1.17e-01	2.95e-02	9.48e-03	1.74e-04	8.80e-07
 1.70093e+23	2.04e-11	8.67e-07	9.35e-04	4.12e-02	3.50e-01	4.63e-01	1.10e-01	2.67e-02	8.24e-03	1.43e-04	6.85e-07
 1.70936e+23	2.62e-11	1.05e-06	1.08e-03	4.50e-02	3.63e-01	4.57e-01	1.03e-01	2.43e-02	7.22e-03	1.19e-04	5.41e-07
 1.71700e+23	3.27e-11	1.25e-06	1.23e-03	4.87e-02	3.74e-01	4.50e-01	9.70e-02	2.23e-02	6.40e-03	1.00e-04	4.36e-07
 1.72562e+23	4.32e-11	1.56e-06	1.44e-03	5.37e-02	3.89e-01	4.41e-01	8.98e-02	2.00e-02	5.48e-03	8.10e-05	3.32e-07
 1.73452e+23	5.56e-11	1.90e-06	1.66e-03	5.86e-02	4.01e-01	4.32e-01	8.36e-02	1.81e-02	4.76e-03	6.66e-05	2.59e-07
 1.74243e+23	6.97e-11	2.27e-06	1.89e-03	6.33e-02	4.13e-01	4.23e-01	7.82e-02	1.65e-02	4.18e-03	5.57e-05	2.06e-07
 1.75139e+23	9.25e-11	2.83e-06	2.21e-03	6.96e-02	4.27e-01	4.12e-01	7.17e-02	1.46e-02	3.55e-03	4.45e-05	1.55e-07
 1.76070e+23	1.19e-10	3.45e-06	2.55e-03	7.58e-02	4.39e-01	4.01e-01	6.62e-02	1.31e-02	3.05e-03	3.61e-05	0.00e+00
 1.76908e+23	1.51e-10	4.14e-06	2.91e-03	8.18e-02	4.50e-01	3.90e-01	6.14e-02	1.19e-02	2.65e-03	2.98e-05	0.00e+00
 1.77859e+23	2.04e-10	5.23e-06	3.44e-03	9.01e-02	4.63e-01	3.76e-01	5.55e-02	1.04e-02	2.20e-03	2.32e-05	0.00e+00
 1.78838e+23	2.63e-10	6.36e-06	3.96e-03	9.76e-02	4.73e-01	3.63e-01	5.09e-02	9.27e-03	1.88e-03	1.87e-05	0.00e+00
 1.79718e+23	3.36e-10	7.68e-06	4.53e-03	1.05e-01	4.83e-01	3.51e-01	4.67e-02	8.29e-03	1.61e-03	1.51e-05	0.00e+00
 1.80728e+23	4.61e-10	9.79e-06	5.38e-03	1.16e-01	4.94e-01	3.34e-01	4.16e-02	7.15e-03	1.32e-03	1.15e-05	0.00e+00
 1.81746e+23	5.95e-10	1.19e-05	6.17e-03	1.25e-01	5.03e-01	3.21e-01	3.78e-02	6.34e-03	1.11e-03	9.18e-06	0.00e+00
 1.82776e+23	8.10e-10	1.51e-05	7.28e-03	1.37e-01	5.12e-01	3.04e-01	3.36e-02	5.45e-03	9.06e-04	6.95e-06	0.00e+00
 1.83823e+23	1.05e-09	1.83e-05	8.35e-03	1.47e-01	5.18e-01	2.90e-01	3.03e-02	4.80e-03	7.61e-04	5.49e-06	0.00e+00
 1.84891e+23	1.45e-09	2.34e-05	9.90e-03	1.61e-01	5.25e-01	2.73e-01	2.65e-02	4.08e-03	6.08e-04	4.07e-06	0.00e+00
 1.85968e+23	1.87e-09	2.85e-05	1.13e-02	1.73e-01	5.29e-01	2.59e-01	2.38e-02	3.58e-03	5.08e-04	3.19e-06	0.00e+00
 1.87059e+23	2.59e-09	3.64e-05	1.34e-02	1.89e-01	5.33e-01	2.41e-01	2.07e-02	3.01e-03	4.01e-04	2.33e-06	0.00e+00
 1.88161e+23	3.33e-09	4.41e-05	1.53e-02	2.01e-01	5.34e-01	2.28e-01	1.84e-02	2.63e-03	3.33e-04	1.81e-06	0.00e+00
 1.89277e+23	4.62e-09	5.64e-05	1.81e-02	2.19e-01	5.35e-01	2.10e-01	1.58e-02	2.20e-03	2.60e-04	1.31e-06	0.00e+00
 1.90408e+23	5.97e-09	6.85e-05	2.06e-02	2.33e-01	5.34e-01	1.97e-01	1.40e-02	1.90e-03	2.13e-04	1.01e-06	0.00e+00
 1.91559e+23	8.31e-09	8.76e-05	2.44e-02	2.52e-01	5.30e-01	1.80e-01	1.19e-02	1.57e-03	1.65e-04	7.14e-07	0.00e+00
 1.92691e+23	1.06e-08	1.05e-04	2.75e-02	2.66e-01	5.26e-01	1.68e-01	1.05e-02	1.36e-03	1.36e-04	5.52e-07	0.00e+00
 1.93638e+23	1.33e-08	1.25e-04	3.09e-02	2.80e-01	5.21e-01	1.57e-01	9.34e-03	1.19e-03	1.12e-04	4.29e-07	0.00e+00
 1.94555e+23	1.66e-08	1.47e-04	3.44e-02	2.94e-01	5.16e-01	1.47e-01	8.31e-03	1.04e-03	9.33e-05	3.37e-07	0.00e+00
 1.95590e+23	2.21e-08	1.81e-04	3.95e-02	3.11e-01	5.07e-01	1.34e-01	7.12e-03	8.68e-04	7.34e-05	2.46e-07	0.00e+00
 1.96618e+23	2.74e-08	2.12e-04	4.39e-02	3.25e-01	4.99e-01	1.25e-01	6.31e-03	7.55e-04	6.09e-05	1.92e-07	0.00e+00
 1.97638e+23	3.62e-08	2.61e-04	5.02e-02	3.43e-01	4.87e-01	1.13e-01	5.36e-03	6.29e-04	4.74e-05	1.39e-07	0.00e+00
 1.98675e+23	4.49e-08	3.06e-04	5.56e-02	3.57e-01	4.77e-01	1.05e-01	4.73e-03	5.45e-04	3.91e-05	0.00e+00	0.00e+00
 1.99733e+23	5.93e-08	3.75e-04	6.34e-02	3.74e-01	4.63e-01	9.41e-02	3.99e-03	4.50e-04	3.02e-05	0.00e+00	0.00e+00
 2.00804e+23	7.40e-08	4.40e-04	7.03e-02	3.88e-01	4.51e-01	8.62e-02	3.48e-03	3.85e-04	2.45e-05	0.00e+00	0.00e+00
 2.01890e+23	9.74e-08	5.38e-04	7.98e-02	4.05e-01	4.34e-01	7.69e-02	2.92e-03	3.15e-04	1.87e-05	0.00e+00	0.00e+00
 2.02990e+23	1.22e-07	6.32e-04	8.83e-02	4.18e-01	4.20e-01	6.99e-02	2.52e-03	2.67e-04	1.50e-05	0.00e+00	0.00e+00
 2.03870e+23	1.46e-07	7.20e-04	9.58e-02	4.29e-01	4.08e-01	6.44e-02	2.23e-03	2.33e-04	1.25e-05	0.00e+00	0.00e+00
 2.04780e+23	1.81e-07	8.43e-04	1.06e-01	4.41e-01	3.92e-01	5.82e-02	1.92e-03	1.96e-04	9.98e-06	0.00e+00	0.00e+00
 2.05710e+23	2.18e-07	9.62e-04	1.15e-01	4.50e-01	3.79e-01	5.33e-02	1.68e-03	1.70e-04	8.22e-06	0.00e+00	0.00e+00
 2.06538e+23	2.60e-07	1.09e-03	1.24e-01	4.59e-01	3.65e-01	4.88e-02	1.48e-03	1.47e-04	6.79e-06	0.00e+00	0.00e+00
 2.07484e+23	3.24e-07	1.28e-03	1.36e-01	4.69e-01	3.48e-01	4.36e-02	1.26e-03	1.22e-04	5.34e-06	0.00e+00	0.00e+00
 2.08441e+23	3.89e-07	1.45e-03	1.47e-01	4.77e-01	3.34e-01	3.96e-02	1.10e-03	1.05e-04	4.35e-06	0.00e+00	0.00e+00
 2.09280e+23	4.63e-07	1.64e-03	1.58e-01	4.83e-01	3.20e-01	3.59e-02	9.59e-04	8.97e-05	3.56e-06	0.00e+00	0.00e+00
 2.10237e+23	5.74e-07	1.91e-03	1.73e-01	4.90e-01	3.02e-01	3.18e-02	8.09e-04	7.39e-05	2.77e-06	0.00e+00	0.00e+00
 2.11210e+23	6.86e-07	2.17e-03	1.86e-01	4.95e-01	2.87e-01	2.86e-02	6.99e-04	6.26e-05	2.23e-06	0.00e+00	0.00e+00
 2.12071e+23	8.14e-07	2.44e-03	2.00e-01	4.98e-01	2.73e-01	2.57e-02	6.06e-04	5.32e-05	1.81e-06	0.00e+00	0.00e+00
 2.12903e+23	9.56e-07	2.73e-03	2.13e-01	5.01e-01	2.59e-01	2.33e-02	5.28e-04	4.55e-05	1.48e-06	0.00e+00	0.00e+00
 2.13829e+23	1.16e-06	3.12e-03	2.30e-01	5.03e-01	2.43e-01	2.05e-02	4.47e-04	3.76e-05	1.16e-06	0.00e+00	0.00e+00
 2.14819e+23	1.39e-06	3.55e-03	2.47e-01	5.03e-01	2.28e-01	1.81e-02	3.79e-04	3.11e-05	9.10e-07	0.00e+00	0.00e+00
 2.15728e+23	1.64e-06	3.98e-03	2.63e-01	5.02e-01	2.14e-01	1.61e-02	3.25e-04	2.60e-05	7.28e-07	0.00e+00	0.00e+00
 2.16745e+23	2.02e-06	4.59e-03	2.84e-01	5.00e-01	1.97e-01	1.38e-02	2.67e-04	2.07e-05	5.45e-07	0.00e+00	0.00e+00
 2.17781e+23	2.41e-06	5.17e-03	3.03e-01	4.96e-01	1.84e-01	1.21e-02	2.25e-04	1.70e-05	4.26e-07	0.00e+00	0.00e+00
 2.18842e+23	2.97e-06	5.95e-03	3.26e-01	4.90e-01	1.67e-01	1.03e-02	1.83e-04	1.33e-05	3.14e-07	0.00e+00	0.00e+00
 2.19917e+23	3.54e-06	6.69e-03	3.46e-01	4.84e-01	1.54e-01	8.91e-03	1.53e-04	1.08e-05	2.42e-07	0.00e+00	0.00e+00
 2.21011e+23	4.36e-06	7.69e-03	3.72e-01	4.74e-01	1.39e-01	7.46e-03	1.22e-04	8.34e-06	1.76e-07	0.00e+00	0.00e+00
 2.22124e+23	5.19e-06	8.63e-03	3.94e-01	4.65e-01	1.27e-01	6.39e-03	1.01e-04	6.67e-06	1.34e-07	0.00e+00	0.00e+00
 2.23115e+23	6.13e-06	9.63e-03	4.15e-01	4.54e-01	1.15e-01	5.48e-03	8.39e-05	5.34e-06	0.00e+00	0.00e+00	0.00e+00
 2.24252e+23	7.54e-06	1.10e-02	4.42e-01	4.40e-01	1.02e-01	4.50e-03	6.61e-05	4.02e-06	0.00e+00	0.00e+00	0.00e+00
 2.25417e+23	8.97e-06	1.23e-02	4.65e-01	4.26e-01	9.19e-02	3.79e-03	5.37e-05	3.14e-06	0.00e+00	0.00e+00	0.00e+00
 2.26305e+23	1.01e-05	1.33e-02	4.81e-01	4.17e-01	8.52e-02	3.36e-03	4.64e-05	2.65e-06	0.00e+00	0.00e+00	0.00e+00
 2.27145e+23	1.17e-05	1.46e-02	5.02e-01	4.04e-01	7.71e-02	2.87e-03	3.85e-05	2.12e-06	0.00e+00	0.00e+00	0.00e+00
 2.28002e+23	1.32e-05	1.58e-02	5.18e-01	3.92e-01	7.09e-02	2.52e-03	3.30e-05	1.76e-06	0.00e+00	0.00e+00	0.00e+00
 2.28880e+23	1.54e-05	1.74e-02	5.39e-01	3.78e-01	6.36e-02	2.13e-03	2.71e-05	1.39e-06	0.00e+00	0.00e+00	0.00e+00
 2.29769e+23	1.73e-05	1.87e-02	5.55e-01	3.66e-01	5.82e-02	1.86e-03	2.31e-05	1.15e-06	0.00e+00	0.00e+00	0.00e+00
 2.30670e+23	2.01e-05	2.05e-02	5.76e-01	3.50e-01	5.18e-02	1.56e-03	1.88e-05	8.95e-07	0.00e+00	0.00e+00	0.00e+00
 2.31582e+23	2.26e-05	2.21e-02	5.92e-01	3.37e-01	4.70e-02	1.35e-03	1.59e-05	7.29e-07	0.00e+00	0.00e+00	0.00e+00
 2.32510e+23	2.62e-05	2.42e-02	6.12e-01	3.21e-01	4.15e-02	1.12e-03	1.28e-05	5.63e-07	0.00e+00	0.00e+00	0.00e+00
 2.33454e+23	2.97e-05	2.61e-02	6.28e-01	3.07e-01	3.73e-02	9.59e-04	1.07e-05	4.52e-07	0.00e+00	0.00e+00	0.00e+00
 2.34420e+23	3.44e-05	2.85e-02	6.47e-01	2.91e-01	3.26e-02	7.90e-04	8.56e-06	3.45e-07	0.00e+00	0.00e+00	0.00e+00
 2.35408e+23	3.90e-05	3.08e-02	6.63e-01	2.76e-01	2.90e-02	6.66e-04	7.04e-06	2.72e-07	0.00e+00	0.00e+00	0.00e+00
 2.36423e+23	4.56e-05	3.38e-02	6.82e-01	2.59e-01	2.50e-02	5.38e-04	5.51e-06	2.02e-07	0.00e+00	0.00e+00	0.00e+00
 2.37444e+23	5.16e-05	3.64e-02	6.96e-01	2.45e-01	2.21e-02	4.52e-04	4.51e-06	1.58e-07	0.00e+00	0.00e+00	0.00e+00
 2.38474e+23	5.99e-05	3.97e-02	7.13e-01	2.28e-01	1.89e-02	3.63e-04	3.52e-06	0.00e+00	0.00e+00	0.00e+00	0.00e+00
 2.39536e+23	6.83e-05	4.29e-02	7.26e-01	2.14e-01	1.64e-02	2.99e-04	2.82e-06	0.00e+00	0.00e+00	0.00e+00	0.00e+00
 2.40642e+23	8.04e-05	4.71e-02	7.42e-01	1.97e-01	1.38e-02	2.34e-04	2.13e-06	0.00e+00	0.00e+00	0.00e+00	0.00e+00
 2.41751e+23	9.10e-05	5.06e-02	7.54e-01	1.84e-01	1.19e-02	1.93e-04	1.71e-06	0.00e+00	0.00e+00	0.00e+00	0.00e+00
 2.42865e+23	1.07e-04	5.53e-02	7.67e-01	1.68e-01	9.93e-03	1.50e-04	1.29e-06	0.00e+00	0.00e+00	0.00e+00	0.00e+00
 2.44001e+23	1.21e-04	5.95e-02	7.76e-01	1.55e-01	8.50e-03	1.22e-04	1.01e-06	0.00e+00	0.00e+00	0.00e+00	0.00e+00
 2.45166e+23	1.43e-04	6.51e-02	7.87e-01	1.40e-01	6.96e-03	9.35e-05	7.50e-07	0.00e+00	0.00e+00	0.00e+00	0.00e+00
 2.46343e+23	1.63e-04	7.01e-02	7.95e-01	1.29e-01	5.90e-03	7.52e-05	5.85e-07	0.00e+00	0.00e+00	0.00e+00	0.00e+00
 2.47537e+23	1.92e-04	7.67e-02	8.03e-01	1.15e-01	4.77e-03	5.70e-05	4.26e-07	0.00e+00	0.00e+00	0.00e+00	0.00e+00
 2.48744e+23	2.19e-04	8.25e-02	8.08e-01	1.05e-01	4.00e-03	4.54e-05	3.28e-07	0.00e+00	0.00e+00	0.00e+00	0.00e+00
 2.49969e+23	2.59e-04	9.03e-02	8.13e-01	9.32e-02	3.19e-03	3.39e-05	2.35e-07	0.00e+00	0.00e+00	0.00e+00	0.00e+00
 2.51210e+23	2.99e-04	9.74e-02	8.16e-01	8.40e-02	2.64e-03	2.67e-05	1.78e-07	0.00e+00	0.00e+00	0.00e+00	0.00e+00
 2.52471e+23	3.55e-04	1.06e-01	8.18e-01	7.35e-02	2.07e-03	1.97e-05	1.25e-07	0.00e+00	0.00e+00	0.00e+00	0.00e+00
 2.53747e+23	4.11e-04	1.15e-01	8.17e-01	6.56e-02	1.69e-03	1.53e-05	0.00e+00	0.00e+00	0.00e+00	0.00e+00	0.00e+00
 2.55043e+23	4.91e-04	1.26e-01	8.16e-01	5.65e-02	1.31e-03	1.10e-05	0.00e+00	0.00e+00	0.00e+00	0.00e+00	0.00e+00
 2.56353e+23	5.73e-04	1.36e-01	8.12e-01	4.98e-02	1.05e-03	8.44e-06	0.00e+00	0.00e+00	0.00e+00	0.00e+00	0.00e+00
 2.57681e+23	6.95e-04	1.50e-01	8.07e-01	4.20e-02	7.89e-04	5.94e-06	0.00e+00	0.00e+00	0.00e+00	0.00e+00	0.00e+00
 2.59017e+23	8.12e-04	1.62e-01	8.00e-01	3.66e-02	6.28e-04	4.50e-06	0.00e+00	0.00e+00	0.00e+00	0.00e+00	0.00e+00
 2.60360e+23	9.91e-04	1.78e-01	7.91e-01	3.03e-02	4.63e-04	3.10e-06	0.00e+00	0.00e+00	0.00e+00	0.00e+00	0.00e+00
 2.61727e+23	1.17e-03	1.92e-01	7.80e-01	2.57e-02	3.59e-04	2.27e-06	0.00e+00	0.00e+00	0.00e+00	0.00e+00	0.00e+00
 2.63125e+23	1.45e-03	2.12e-01	7.66e-01	2.07e-02	2.57e-04	1.50e-06	0.00e+00	0.00e+00	0.00e+00	0.00e+00	0.00e+00
 2.64555e+23	1.74e-03	2.30e-01	7.51e-01	1.70e-02	1.92e-04	1.05e-06	0.00e+00	0.00e+00	0.00e+00	0.00e+00	0.00e+00
 2.65644e+23	2.00e-03	2.44e-01	7.39e-01	1.46e-02	1.54e-04	7.94e-07	0.00e+00	0.00e+00	0.00e+00	0.00e+00	0.00e+00
 2.66679e+23	2.33e-03	2.61e-01	7.24e-01	1.21e-02	1.18e-04	5.66e-07	0.00e+00	0.00e+00	0.00e+00	0.00e+00	0.00e+00
 2.67768e+23	2.72e-03	2.78e-01	7.09e-01	9.97e-03	9.12e-05	4.05e-07	0.00e+00	0.00e+00	0.00e+00	0.00e+00	0.00e+00
 2.68754e+23	3.14e-03	2.94e-01	6.94e-01	8.27e-03	7.13e-05	2.92e-07	0.00e+00	0.00e+00	0.00e+00	0.00e+00	0.00e+00
 2.69864e+23	3.75e-03	3.15e-01	6.75e-01	6.44e-03	5.18e-05	1.89e-07	0.00e+00	0.00e+00	0.00e+00	0.00e+00	0.00e+00
 2.71044e+23	4.46e-03	3.36e-01	6.55e-01	4.95e-03	3.76e-05	0.00e+00	0.00e+00	0.00e+00	0.00e+00	0.00e+00	0.00e+00
 2.72062e+23	5.18e-03	3.54e-01	6.37e-01	3.87e-03	2.82e-05	0.00e+00	0.00e+00	0.00e+00	0.00e+00	0.00e+00	0.00e+00
 2.72960e+23	5.95e-03	3.70e-01	6.21e-01	3.03e-03	2.14e-05	0.00e+00	0.00e+00	0.00e+00	0.00e+00	0.00e+00	0.00e+00
 2.73801e+23	6.83e-03	3.86e-01	6.05e-01	2.35e-03	1.62e-05	0.00e+00	0.00e+00	0.00e+00	0.00e+00	0.00e+00	0.00e+00
 2.74582e+23	7.70e-03	3.99e-01	5.92e-01	1.82e-03	1.24e-05	0.00e+00	0.00e+00	0.00e+00	0.00e+00	0.00e+00	0.00e+00
 2.75298e+23	8.70e-03	4.11e-01	5.79e-01	1.41e-03	9.54e-06	0.00e+00	0.00e+00	0.00e+00	0.00e+00	0.00e+00	0.00e+00
 2.75949e+23	9.69e-03	4.21e-01	5.68e-01	1.10e-03	7.42e-06	0.00e+00	0.00e+00	0.00e+00	0.00e+00	0.00e+00	0.00e+00
 2.76531e+23	1.08e-02	4.30e-01	5.58e-01	8.59e-04	5.84e-06	0.00e+00	0.00e+00	0.00e+00	0.00e+00	0.00e+00	0.00e+00
 2.77053e+23	1.18e-02	4.37e-01	5.51e-01	6.81e-04	4.66e-06	0.00e+00	0.00e+00	0.00e+00	0.00e+00	0.00e+00	0.00e+00
 2.77521e+23	1.28e-02	4.42e-01	5.45e-01	5.48e-04	3.80e-06	0.00e+00	0.00e+00	0.00e+00	0.00e+00	0.00e+00	0.00e+00
 2.77953e+23	1.39e-02	4.46e-01	5.40e-01	4.45e-04	3.11e-06	0.00e+00	0.00e+00	0.00e+00	0.00e+00	0.00e+00	0.00e+00
 2.78351e+23	1.50e-02	4.48e-01	5.36e-01	3.65e-04	2.59e-06	0.00e+00	0.00e+00	0.00e+00	0.00e+00	0.00e+00	0.00e+00
 2.78715e+23	1.61e-02	4.50e-01	5.34e-01	3.05e-04	2.19e-06	0.00e+00	0.00e+00	0.00e+00	0.00e+00	0.00e+00	0.00e+00
 2.79049e+23	1.71e-02	4.50e-01	5.32e-01	2.59e-04	1.89e-06	0.00e+00	0.00e+00	0.00e+00	0.00e+00	0.00e+00	0.00e+00
 2.79277e+23	1.77e-02	4.49e-01	5.33e-01	2.34e-04	1.72e-06	0.00e+00	0.00e+00	0.00e+00	0.00e+00	0.00e+00	0.00e+00
 2.79388e+23	1.80e-02	4.48e-01	5.33e-01	2.23e-04	1.65e-06	0.00e+00	0.00e+00	0.00e+00	0.00e+00	0.00e+00	0.00e+00
 2.79487e+23	1.84e-02	4.48e-01	5.33e-01	2.12e-04	1.58e-06	0.00e+00	0.00e+00	0.00e+00	0.00e+00	0.00e+00	0.00e+00
