#depth	Si	Si+	Si+2	Si+3	Si+4	Si+5	Si+6	Si+7	Si+8	Si+9	Si+10	Si+11	Si+12	Si+13	Si+14
 1.54284e+22	0.00e+00	0.00e+00	0.00e+00	0.00e+00	0.00e+00	7.66e-23	3.12e-19	4.18e-16	2.44e-13	7.02e-11	1.30e-08	2.38e-06	1.03e-03	5.72e-02	9.42e-01
 3.47534e+22	0.00e+00	0.00e+00	0.00e+00	0.00e+00	3.36e-25	3.00e-21	8.11e-18	7.20e-15	2.77e-12	5.26e-10	6.48e-08	7.89e-06	2.27e-03	8.36e-02	9.14e-01
 4.10358e+22	0.00e+00	0.00e+00	0.00e+00	9.20e-29	3.89e-24	2.72e-20	5.73e-17	3.96e-14	1.19e-11	1.75e-09	1.69e-07	1.61e-05	3.63e-03	1.05e-01	8.92e-01
 4.53303e+22	0.00e+00	0.00e+00	3.21e-32	7.85e-28	2.74e-23	1.57e-19	2.72e-16	1.54e-13	3.77e-11	4.57e-09	3.63e-07	2.84e-05	5.27e-03	1.24e-01	8.70e-01
 4.77162e+22	0.00e+00	0.00e+00	5.79e-32	1.35e-27	4.50e-23	2.45e-19	4.04e-16	2.17e-13	5.06e-11	5.84e-09	4.41e-07	3.28e-05	5.79e-03	1.30e-01	8.64e-01
 4.85084e+22	0.00e+00	0.00e+00	8.50e-32	1.93e-27	6.21e-23	3.28e-19	5.22e-16	2.72e-13	6.13e-11	6.84e-09	5.00e-07	3.60e-05	6.15e-03	1.34e-01	8.60e-01
 4.91289e+22	0.00e+00	0.00e+00	1.23e-31	2.70e-27	8.45e-23	4.32e-19	6.68e-16	3.37e-13	7.36e-11	7.95e-09	5.64e-07	3.94e-05	6.52e-03	1.37e-01	8.56e-01
 4.98313e+22	0.00e+00	0.00e+00	1.96e-31	4.16e-27	1.25e-22	6.16e-19	9.14e-16	4.43e-13	9.30e-11	9.65e-09	6.58e-07	4.41e-05	7.02e-03	1.42e-01	8.51e-01
 5.05459e+22	0.00e+00	0.00e+00	2.92e-31	6.01e-27	1.75e-22	8.31e-19	1.19e-15	5.60e-13	1.13e-10	1.14e-08	7.50e-07	4.86e-05	7.47e-03	1.46e-01	8.46e-01
 5.11738e+22	0.00e+00	0.00e+00	4.29e-31	8.57e-27	2.42e-22	1.11e-18	1.55e-15	7.01e-13	1.37e-10	1.33e-08	8.51e-07	5.34e-05	7.94e-03	1.50e-01	8.42e-01
 5.18878e+22	0.00e+00	0.00e+00	6.76e-31	1.31e-26	3.55e-22	1.57e-18	2.10e-15	9.15e-13	1.72e-10	1.61e-08	9.88e-07	5.96e-05	8.53e-03	1.55e-01	8.36e-01
 5.26439e+22	0.00e+00	0.00e+00	1.06e-30	1.97e-26	5.16e-22	2.20e-18	2.83e-15	1.19e-12	2.16e-10	1.93e-08	1.14e-06	6.64e-05	9.15e-03	1.60e-01	8.31e-01
 5.32834e+22	0.00e+00	0.00e+00	1.54e-30	2.79e-26	7.08e-22	2.92e-18	3.64e-15	1.48e-12	2.60e-10	2.26e-08	1.29e-06	7.28e-05	9.71e-03	1.64e-01	8.26e-01
 5.38553e+22	0.00e+00	0.00e+00	2.19e-30	3.86e-26	9.53e-22	3.82e-18	4.62e-15	1.82e-12	3.10e-10	2.62e-08	1.45e-06	7.93e-05	1.03e-02	1.69e-01	8.21e-01
 5.45107e+22	0.00e+00	0.00e+00	3.31e-30	5.65e-26	1.35e-21	5.22e-18	6.10e-15	2.32e-12	3.81e-10	3.10e-08	1.66e-06	8.76e-05	1.09e-02	1.74e-01	8.15e-01
 5.52246e+22	0.00e+00	0.00e+00	5.13e-30	8.44e-26	1.95e-21	7.26e-18	8.17e-15	3.00e-12	4.75e-10	3.72e-08	1.92e-06	9.74e-05	1.17e-02	1.79e-01	8.09e-01
 5.58726e+22	0.00e+00	0.00e+00	7.47e-30	1.20e-25	2.67e-21	9.65e-18	1.05e-14	3.74e-12	5.73e-10	4.34e-08	2.17e-06	1.07e-04	1.24e-02	1.84e-01	8.04e-01
 5.65733e+22	0.00e+00	0.00e+00	1.18e-29	1.82e-25	3.92e-21	1.36e-17	1.43e-14	4.88e-12	7.19e-10	5.24e-08	2.52e-06	1.19e-04	1.33e-02	1.89e-01	7.97e-01
 5.72834e+22	0.00e+00	0.00e+00	1.78e-29	2.67e-25	5.56e-21	1.86e-17	1.89e-14	6.22e-12	8.85e-10	6.23e-08	2.89e-06	1.32e-04	1.42e-02	1.95e-01	7.91e-01
 5.78766e+22	0.00e+00	0.00e+00	2.56e-29	3.71e-25	7.52e-21	2.45e-17	2.40e-14	7.68e-12	1.06e-09	7.23e-08	3.25e-06	1.43e-04	1.50e-02	2.00e-01	7.85e-01
 5.85185e+22	0.00e+00	0.00e+00	3.90e-29	5.47e-25	1.07e-20	3.37e-17	3.19e-14	9.84e-12	1.31e-09	8.60e-08	3.73e-06	1.59e-04	1.60e-02	2.05e-01	7.79e-01
 5.92098e+22	0.00e+00	0.00e+00	5.92e-29	8.05e-25	1.52e-20	4.62e-17	4.23e-14	1.26e-11	1.61e-09	1.02e-07	4.28e-06	1.76e-04	1.71e-02	2.11e-01	7.72e-01
 5.98433e+22	0.00e+00	1.33e-33	8.69e-29	1.15e-24	2.10e-20	6.17e-17	5.47e-14	1.57e-11	1.95e-09	1.20e-07	4.85e-06	1.92e-04	1.81e-02	2.16e-01	7.65e-01
 6.05449e+22	0.00e+00	2.25e-33	1.42e-28	1.79e-24	3.17e-20	8.92e-17	7.58e-14	2.09e-11	2.50e-09	1.47e-07	5.68e-06	2.16e-04	1.95e-02	2.23e-01	7.57e-01
 6.12295e+22	0.00e+00	2.42e-33	1.48e-28	1.83e-24	4.35e-20	1.19e-16	9.76e-14	2.61e-11	3.01e-09	1.72e-07	6.43e-06	2.37e-04	2.07e-02	2.29e-01	7.50e-01
 6.18014e+22	0.00e+00	3.61e-33	2.15e-28	2.57e-24	5.93e-20	1.57e-16	1.25e-13	3.24e-11	3.63e-09	2.00e-07	7.25e-06	2.59e-04	2.19e-02	2.34e-01	7.44e-01
 6.24543e+22	0.00e+00	0.00e+00	3.31e-28	3.81e-24	8.51e-20	2.17e-16	1.67e-13	4.17e-11	4.49e-09	2.39e-07	8.34e-06	2.86e-04	2.33e-02	2.41e-01	7.36e-01
 6.31477e+22	0.00e+00	9.01e-33	5.05e-28	5.62e-24	1.21e-19	2.98e-16	2.22e-13	5.34e-11	5.55e-09	2.85e-07	9.57e-06	3.17e-04	2.49e-02	2.47e-01	7.28e-01
 6.37692e+22	0.00e+00	0.00e+00	7.52e-28	8.09e-24	1.69e-19	4.03e-16	2.89e-13	6.74e-11	6.77e-09	3.36e-07	1.09e-05	3.48e-04	2.64e-02	2.53e-01	7.20e-01
 6.43609e+22	0.00e+00	2.09e-32	1.11e-27	1.15e-23	2.34e-19	5.39e-16	3.74e-13	8.44e-11	8.22e-09	3.94e-07	1.24e-05	3.81e-04	2.79e-02	2.59e-01	7.13e-01
 6.49371e+22	0.00e+00	3.09e-32	1.59e-27	1.61e-23	3.17e-19	7.08e-16	4.77e-13	1.04e-10	9.85e-09	4.58e-07	1.39e-05	4.16e-04	2.95e-02	2.65e-01	7.05e-01
 6.55848e+22	0.00e+00	5.02e-32	2.50e-27	2.43e-23	4.62e-19	9.94e-16	6.45e-13	1.36e-10	1.23e-08	5.52e-07	1.61e-05	4.62e-04	3.15e-02	2.72e-01	6.96e-01
 6.62477e+22	0.00e+00	7.83e-32	3.77e-27	3.55e-23	6.52e-19	1.36e-15	8.50e-13	1.73e-10	1.52e-08	6.55e-07	1.84e-05	5.09e-04	3.35e-02	2.79e-01	6.87e-01
 6.68152e+22	0.00e+00	1.17e-31	5.47e-27	4.99e-23	8.90e-19	1.79e-15	1.09e-12	2.15e-10	1.83e-08	7.64e-07	2.07e-05	5.56e-04	3.54e-02	2.85e-01	6.79e-01
 6.74376e+22	0.00e+00	1.91e-31	8.63e-27	7.57e-23	1.30e-18	2.53e-15	1.48e-12	2.80e-10	2.30e-08	9.22e-07	2.40e-05	6.19e-04	3.78e-02	2.92e-01	6.70e-01
 6.80850e+22	0.00e+00	2.96e-31	1.30e-26	1.10e-22	1.83e-18	3.43e-15	1.94e-12	3.55e-10	2.81e-08	1.09e-06	2.74e-05	6.80e-04	4.01e-02	2.99e-01	6.61e-01
 6.86431e+22	0.00e+00	4.40e-31	1.87e-26	1.53e-22	2.49e-18	4.52e-15	2.48e-12	4.40e-10	3.38e-08	1.27e-06	3.08e-05	7.41e-04	4.22e-02	3.05e-01	6.52e-01
 6.92469e+22	0.00e+00	7.19e-31	2.95e-26	2.33e-22	3.64e-18	6.37e-15	3.36e-12	5.74e-10	4.24e-08	1.53e-06	3.57e-05	8.24e-04	4.51e-02	3.12e-01	6.42e-01
 6.98599e+22	0.00e+00	1.08e-30	4.31e-26	3.29e-22	4.99e-18	8.47e-15	4.32e-12	7.16e-10	5.13e-08	1.80e-06	4.04e-05	9.00e-04	4.76e-02	3.19e-01	6.33e-01
 7.03996e+22	0.00e+00	1.61e-30	6.24e-26	4.61e-22	6.80e-18	1.12e-14	5.53e-12	8.88e-10	6.17e-08	2.09e-06	4.55e-05	9.80e-04	5.01e-02	3.25e-01	6.24e-01
 7.10157e+22	0.00e+00	2.70e-30	1.00e-25	7.11e-22	1.01e-17	1.60e-14	7.59e-12	1.17e-09	7.82e-08	2.55e-06	5.30e-05	1.09e-03	5.36e-02	3.33e-01	6.13e-01
 7.16378e+22	0.00e+00	4.10e-30	1.48e-25	1.01e-21	1.39e-17	2.13e-14	9.82e-12	1.47e-09	9.49e-08	2.99e-06	6.00e-05	1.20e-03	5.66e-02	3.39e-01	6.03e-01
 7.21665e+22	0.00e+00	6.11e-30	2.14e-25	1.41e-21	1.90e-17	2.81e-14	1.26e-11	1.82e-09	1.14e-07	3.48e-06	6.75e-05	1.30e-03	5.96e-02	3.45e-01	5.94e-01
 7.26755e+22	0.00e+00	8.89e-30	3.03e-25	1.94e-21	2.54e-17	3.65e-14	1.58e-11	2.23e-09	1.36e-07	4.02e-06	7.54e-05	1.41e-03	6.25e-02	3.51e-01	5.85e-01
 7.32596e+22	0.00e+00	1.45e-29	4.75e-25	2.93e-21	3.69e-17	5.13e-14	2.14e-11	2.90e-09	1.70e-07	4.85e-06	8.71e-05	1.56e-03	6.65e-02	3.58e-01	5.74e-01
 7.38537e+22	0.00e+00	2.22e-29	7.04e-25	4.18e-21	5.12e-17	6.88e-14	2.78e-11	3.64e-09	2.07e-07	5.70e-06	9.88e-05	1.71e-03	7.01e-02	3.65e-01	5.64e-01
 7.43669e+22	0.00e+00	3.30e-29	1.02e-24	5.83e-21	6.95e-17	9.05e-14	3.54e-11	4.51e-09	2.49e-07	6.64e-06	1.11e-04	1.86e-03	7.37e-02	3.70e-01	5.54e-01
 7.49404e+22	0.00e+00	4.45e-29	1.32e-24	8.86e-21	1.02e-16	1.28e-13	4.81e-11	5.89e-09	3.13e-07	8.03e-06	1.29e-04	2.06e-03	7.84e-02	3.78e-01	5.42e-01
 7.55079e+22	0.00e+00	6.54e-29	1.88e-24	1.22e-20	1.37e-16	1.67e-13	6.10e-11	7.25e-09	3.74e-07	9.30e-06	1.44e-04	2.23e-03	8.22e-02	3.83e-01	5.32e-01
 7.60677e+22	0.00e+00	1.07e-28	2.96e-24	1.84e-20	2.00e-16	2.34e-13	8.24e-11	9.42e-09	4.69e-07	1.12e-05	1.66e-04	2.47e-03	8.72e-02	3.90e-01	5.20e-01
 7.66356e+22	0.00e+00	1.60e-28	4.29e-24	2.58e-20	2.72e-16	3.09e-13	1.05e-10	1.17e-08	5.64e-07	1.31e-05	1.87e-04	2.68e-03	9.16e-02	3.96e-01	5.10e-01
 7.72139e+22	0.00e+00	2.63e-28	6.79e-24	3.91e-20	3.98e-16	4.35e-13	1.43e-10	1.52e-08	7.09e-07	1.58e-05	2.16e-04	2.97e-03	9.71e-02	4.03e-01	4.97e-01
 7.77953e+22	0.00e+00	4.03e-28	1.01e-23	5.57e-20	5.51e-16	5.83e-13	1.85e-10	1.91e-08	8.62e-07	1.86e-05	2.44e-04	3.24e-03	1.02e-01	4.08e-01	4.86e-01
 7.82869e+22	0.00e+00	5.94e-28	1.44e-23	7.69e-20	7.41e-16	7.62e-13	2.35e-10	2.36e-08	1.03e-06	2.15e-05	2.73e-04	3.51e-03	1.07e-01	4.13e-01	4.76e-01
 7.88327e+22	0.00e+00	9.58e-28	2.23e-23	1.14e-19	1.07e-15	1.06e-12	3.15e-10	3.04e-08	1.28e-06	2.58e-05	3.14e-04	3.86e-03	1.13e-01	4.19e-01	4.64e-01
 7.93997e+22	0.00e+00	1.45e-27	3.28e-23	1.62e-19	1.47e-15	1.41e-12	4.06e-10	3.80e-08	1.55e-06	3.02e-05	3.53e-04	4.20e-03	1.18e-01	4.24e-01	4.53e-01
 7.99020e+22	0.00e+00	2.16e-27	4.73e-23	2.25e-19	1.99e-15	1.85e-12	5.17e-10	4.69e-08	1.86e-06	3.51e-05	3.96e-04	4.54e-03	1.24e-01	4.29e-01	4.43e-01
 8.04625e+22	0.00e+00	3.52e-27	7.42e-23	3.37e-19	2.88e-15	2.59e-12	6.97e-10	6.09e-08	2.33e-06	4.21e-05	4.56e-04	5.01e-03	1.31e-01	4.34e-01	4.30e-01
 8.10383e+22	0.00e+00	5.45e-27	1.11e-22	4.83e-19	4.01e-15	3.49e-12	9.08e-10	7.68e-08	2.85e-06	4.97e-05	5.16e-04	5.46e-03	1.37e-01	4.38e-01	4.18e-01
 8.15434e+22	0.00e+00	8.06e-27	1.59e-22	6.68e-19	5.42e-15	4.57e-12	1.15e-09	9.46e-08	3.41e-06	5.76e-05	5.77e-04	5.89e-03	1.43e-01	4.42e-01	4.08e-01
 8.21096e+22	0.00e+00	1.36e-26	2.56e-22	1.03e-18	8.04e-15	6.53e-12	1.58e-09	1.25e-07	4.32e-06	7.01e-05	6.70e-04	6.52e-03	1.52e-01	4.47e-01	3.94e-01
 8.26685e+22	0.00e+00	2.00e-26	3.66e-22	1.41e-18	1.08e-14	8.53e-12	2.01e-09	1.54e-07	5.16e-06	8.11e-05	7.48e-04	7.04e-03	1.58e-01	4.50e-01	3.84e-01
 8.31441e+22	0.00e+00	2.99e-26	5.28e-22	1.96e-18	1.46e-14	1.12e-11	2.56e-09	1.90e-07	6.20e-06	9.43e-05	8.37e-04	7.60e-03	1.65e-01	4.53e-01	3.73e-01
 8.36109e+22	0.00e+00	4.35e-26	7.47e-22	2.67e-18	1.95e-14	1.45e-11	3.22e-09	2.32e-07	7.36e-06	1.09e-04	9.31e-04	8.17e-03	1.71e-01	4.56e-01	3.63e-01
 8.41399e+22	0.00e+00	7.02e-26	1.16e-21	3.96e-18	2.80e-14	2.01e-11	4.30e-09	2.99e-07	9.16e-06	1.30e-04	1.07e-03	8.95e-03	1.80e-01	4.59e-01	3.51e-01
 8.46430e+22	0.00e+00	9.96e-26	1.59e-21	5.27e-18	3.65e-14	2.55e-11	5.32e-09	3.60e-07	1.07e-05	1.48e-04	1.18e-03	9.56e-03	1.87e-01	4.61e-01	3.42e-01
 8.50460e+22	0.00e+00	1.41e-25	2.18e-21	6.97e-18	4.73e-14	3.23e-11	6.55e-09	4.32e-07	1.26e-05	1.69e-04	1.29e-03	1.02e-02	1.93e-01	4.63e-01	3.33e-01
 8.54133e+22	0.00e+00	1.90e-25	2.87e-21	8.90e-18	5.92e-14	3.96e-11	7.86e-09	5.06e-07	1.44e-05	1.89e-04	1.41e-03	1.08e-02	1.99e-01	4.64e-01	3.25e-01
 8.57485e+22	0.00e+00	2.51e-25	3.71e-21	1.12e-17	7.32e-14	4.79e-11	9.31e-09	5.87e-07	1.64e-05	2.10e-04	1.52e-03	1.14e-02	2.04e-01	4.65e-01	3.17e-01
 8.61322e+22	0.00e+00	3.57e-25	5.11e-21	1.49e-17	9.53e-14	6.08e-11	1.15e-08	7.07e-07	1.92e-05	2.39e-04	1.68e-03	1.21e-02	2.11e-01	4.66e-01	3.08e-01
 8.65146e+22	0.00e+00	4.76e-25	6.65e-21	1.88e-17	1.18e-13	7.40e-11	1.37e-08	8.24e-07	2.19e-05	2.66e-04	1.82e-03	1.28e-02	2.17e-01	4.67e-01	3.01e-01
 8.68386e+22	0.00e+00	6.31e-25	8.59e-21	2.35e-17	1.46e-13	8.95e-11	1.62e-08	9.56e-07	2.49e-05	2.96e-04	1.97e-03	1.35e-02	2.23e-01	4.67e-01	2.94e-01
 8.71538e+22	0.00e+00	8.26e-25	1.10e-20	2.93e-17	1.79e-13	1.08e-10	1.91e-08	1.10e-06	2.82e-05	3.27e-04	2.12e-03	1.42e-02	2.29e-01	4.67e-01	2.87e-01
 8.74587e+22	0.00e+00	1.06e-24	1.38e-20	3.59e-17	2.16e-13	1.28e-10	2.23e-08	1.26e-06	3.17e-05	3.60e-04	2.27e-03	1.48e-02	2.34e-01	4.68e-01	2.81e-01
 8.77994e+22	0.00e+00	1.47e-24	1.85e-20	4.64e-17	2.75e-13	1.59e-10	2.71e-08	1.49e-06	3.67e-05	4.06e-04	2.49e-03	1.57e-02	2.41e-01	4.68e-01	2.73e-01
 8.81439e+22	0.00e+00	1.91e-24	2.36e-20	5.75e-17	3.36e-13	1.90e-10	3.18e-08	1.72e-06	4.14e-05	4.48e-04	2.67e-03	1.65e-02	2.47e-01	4.67e-01	2.66e-01
 8.84444e+22	0.00e+00	2.48e-24	2.99e-20	7.08e-17	4.08e-13	2.27e-10	3.72e-08	1.97e-06	4.66e-05	4.94e-04	2.87e-03	1.73e-02	2.53e-01	4.67e-01	2.60e-01
 8.87863e+22	0.00e+00	3.52e-24	4.09e-20	9.33e-17	5.28e-13	2.87e-10	4.59e-08	2.37e-06	5.47e-05	5.63e-04	3.16e-03	1.84e-02	2.61e-01	4.66e-01	2.51e-01
 8.91228e+22	0.00e+00	4.53e-24	5.15e-20	1.14e-16	6.38e-13	3.41e-10	5.35e-08	2.71e-06	6.14e-05	6.19e-04	3.39e-03	1.93e-02	2.66e-01	4.65e-01	2.45e-01
 8.93989e+22	0.00e+00	5.81e-24	6.44e-20	1.39e-16	7.66e-13	4.03e-10	6.22e-08	3.10e-06	6.88e-05	6.79e-04	3.63e-03	2.01e-02	2.72e-01	4.64e-01	2.39e-01
 8.96598e+22	0.00e+00	7.36e-24	7.96e-20	1.67e-16	9.12e-13	4.72e-10	7.17e-08	3.51e-06	7.66e-05	7.42e-04	3.88e-03	2.10e-02	2.77e-01	4.63e-01	2.33e-01
 8.99543e+22	0.00e+00	9.85e-24	1.04e-19	2.10e-16	1.13e-12	5.74e-10	8.55e-08	4.09e-06	8.75e-05	8.27e-04	4.20e-03	2.21e-02	2.84e-01	4.62e-01	2.27e-01
 9.02572e+22	0.00e+00	1.28e-23	1.31e-19	2.58e-16	1.37e-12	6.85e-10	1.00e-07	4.70e-06	9.87e-05	9.13e-04	4.51e-03	2.31e-02	2.90e-01	4.61e-01	2.20e-01
 9.05206e+22	0.00e+00	1.62e-23	1.62e-19	3.10e-16	1.63e-12	8.03e-10	1.15e-07	5.32e-06	1.10e-04	9.97e-04	4.81e-03	2.41e-02	2.96e-01	4.59e-01	2.15e-01
 9.08127e+22	0.00e+00	2.19e-23	2.12e-19	3.92e-16	2.04e-12	9.83e-10	1.38e-07	6.24e-06	1.26e-04	1.12e-03	5.22e-03	2.53e-02	3.03e-01	4.57e-01	2.08e-01
 9.11121e+22	0.00e+00	2.85e-23	2.68e-19	4.81e-16	2.47e-12	1.17e-09	1.62e-07	7.18e-06	1.43e-04	1.23e-03	5.61e-03	2.65e-02	3.09e-01	4.55e-01	2.02e-01
 9.13750e+22	0.00e+00	3.64e-23	3.34e-19	5.80e-16	2.96e-12	1.38e-09	1.88e-07	8.18e-06	1.60e-04	1.35e-03	6.00e-03	2.76e-02	3.15e-01	4.53e-01	1.97e-01
 9.16705e+22	0.00e+00	5.01e-23	4.44e-19	7.42e-16	3.73e-12	1.71e-09	2.28e-07	9.69e-06	1.85e-04	1.52e-03	6.55e-03	2.92e-02	3.23e-01	4.50e-01	1.90e-01
 9.19699e+22	0.00e+00	6.49e-23	5.59e-19	9.05e-16	4.51e-12	2.04e-09	2.67e-07	1.11e-05	2.08e-04	1.68e-03	7.03e-03	3.05e-02	3.29e-01	4.47e-01	1.84e-01
 9.22257e+22	0.00e+00	8.21e-23	6.89e-19	1.08e-15	5.36e-12	2.39e-09	3.08e-07	1.26e-05	2.32e-04	1.84e-03	7.49e-03	3.17e-02	3.35e-01	4.45e-01	1.79e-01
 9.25096e+22	0.00e+00	1.15e-22	9.24e-19	1.39e-15	6.81e-12	2.98e-09	3.77e-07	1.51e-05	2.71e-04	2.08e-03	8.21e-03	3.36e-02	3.43e-01	4.41e-01	1.72e-01
 9.27887e+22	0.00e+00	1.44e-22	1.13e-18	1.65e-15	8.04e-12	3.48e-09	4.33e-07	1.70e-05	3.01e-04	2.27e-03	8.73e-03	3.48e-02	3.49e-01	4.38e-01	1.67e-01
 9.30614e+22	0.00e+00	1.98e-22	1.50e-18	2.09e-15	1.01e-11	4.31e-09	5.26e-07	2.02e-05	3.50e-04	2.56e-03	9.53e-03	3.67e-02	3.57e-01	4.34e-01	1.60e-01
 9.33293e+22	0.00e+00	2.47e-22	1.82e-18	2.47e-15	1.19e-11	4.99e-09	6.01e-07	2.27e-05	3.87e-04	2.78e-03	1.01e-02	3.81e-02	3.62e-01	4.31e-01	1.56e-01
 9.35909e+22	0.00e+00	3.39e-22	2.40e-18	3.12e-15	1.49e-11	6.17e-09	7.30e-07	2.70e-05	4.50e-04	3.14e-03	1.10e-02	4.01e-02	3.70e-01	4.26e-01	1.49e-01
 9.38513e+22	0.00e+00	4.23e-22	2.92e-18	3.68e-15	1.75e-11	7.17e-09	8.37e-07	3.04e-05	4.99e-04	3.42e-03	1.17e-02	4.16e-02	3.75e-01	4.23e-01	1.45e-01
 9.41104e+22	0.00e+00	5.81e-22	3.84e-18	4.62e-15	2.19e-11	8.87e-09	1.02e-06	3.61e-05	5.79e-04	3.86e-03	1.28e-02	4.38e-02	3.82e-01	4.18e-01	1.39e-01
 9.43714e+22	0.00e+00	7.34e-22	4.71e-18	5.48e-15	2.60e-11	1.04e-08	1.17e-06	4.10e-05	6.46e-04	4.21e-03	1.36e-02	4.55e-02	3.88e-01	4.14e-01	1.34e-01
 9.46351e+22	0.00e+00	1.02e-21	6.24e-18	6.91e-15	3.27e-11	1.29e-08	1.43e-06	4.89e-05	7.54e-04	4.77e-03	1.49e-02	4.79e-02	3.96e-01	4.08e-01	1.28e-01
 9.49011e+22	0.00e+00	1.29e-21	7.68e-18	8.22e-15	3.88e-11	1.52e-08	1.66e-06	5.57e-05	8.44e-04	5.23e-03	1.59e-02	4.97e-02	4.01e-01	4.04e-01	1.24e-01
 9.51701e+22	0.00e+00	1.78e-21	1.01e-17	1.03e-14	4.89e-11	1.89e-08	2.03e-06	6.65e-05	9.84e-04	5.92e-03	1.73e-02	5.23e-02	4.08e-01	3.97e-01	1.18e-01
 9.54366e+22	0.00e+00	2.27e-21	1.25e-17	1.23e-14	5.81e-11	2.22e-08	2.36e-06	7.59e-05	1.10e-03	6.49e-03	1.85e-02	5.43e-02	4.14e-01	3.92e-01	1.13e-01
 9.56999e+22	0.00e+00	3.11e-21	1.64e-17	1.53e-14	7.28e-11	2.76e-08	2.88e-06	9.05e-05	1.28e-03	7.33e-03	2.02e-02	5.71e-02	4.21e-01	3.86e-01	1.08e-01
 9.59676e+22	0.00e+00	4.00e-21	2.03e-17	1.82e-14	8.71e-11	3.27e-08	3.38e-06	1.04e-04	1.45e-03	8.07e-03	2.16e-02	5.93e-02	4.26e-01	3.80e-01	1.03e-01
 9.62410e+22	0.00e+00	5.55e-21	2.69e-17	2.28e-14	1.10e-10	4.09e-08	4.15e-06	1.25e-04	1.69e-03	9.15e-03	2.36e-02	6.24e-02	4.33e-01	3.72e-01	9.78e-02
 9.65171e+22	0.00e+00	7.17e-21	3.34e-17	2.72e-14	1.32e-10	4.87e-08	4.88e-06	1.44e-04	1.91e-03	1.01e-02	2.53e-02	6.48e-02	4.38e-01	3.66e-01	9.36e-02
 9.67967e+22	0.00e+00	9.99e-21	4.42e-17	3.41e-14	1.67e-10	6.11e-08	6.03e-06	1.73e-04	2.24e-03	1.15e-02	2.77e-02	6.81e-02	4.44e-01	3.58e-01	8.82e-02
 9.70780e+22	0.00e+00	1.29e-20	5.48e-17	4.05e-14	2.00e-10	7.28e-08	7.09e-06	2.00e-04	2.54e-03	1.26e-02	2.97e-02	7.07e-02	4.49e-01	3.51e-01	8.41e-02
 9.73209e+22	2.19e-34	1.65e-20	6.74e-17	4.77e-14	2.38e-10	8.62e-08	8.31e-06	2.30e-04	2.86e-03	1.39e-02	3.17e-02	7.33e-02	4.53e-01	3.45e-01	8.03e-02
 9.75961e+22	3.23e-34	2.25e-20	8.77e-17	5.88e-14	2.97e-10	1.07e-07	1.02e-05	2.74e-04	3.32e-03	1.57e-02	3.45e-02	7.67e-02	4.58e-01	3.36e-01	7.55e-02
 9.78715e+22	4.36e-34	2.86e-20	1.07e-16	6.89e-14	3.53e-10	1.26e-07	1.19e-05	3.14e-04	3.73e-03	1.72e-02	3.67e-02	7.93e-02	4.62e-01	3.29e-01	7.20e-02
 9.81473e+22	6.41e-34	3.90e-20	1.39e-16	8.44e-14	4.39e-10	1.57e-07	1.45e-05	3.75e-04	4.33e-03	1.93e-02	3.99e-02	8.29e-02	4.66e-01	3.20e-01	6.75e-02
 9.84250e+22	8.49e-34	4.89e-20	1.68e-16	9.81e-14	5.17e-10	1.83e-07	1.68e-05	4.26e-04	4.83e-03	2.10e-02	4.23e-02	8.54e-02	4.68e-01	3.13e-01	6.43e-02
 9.87050e+22	1.23e-33	6.58e-20	2.15e-16	1.19e-13	6.38e-10	2.26e-07	2.04e-05	5.05e-04	5.57e-03	2.35e-02	4.57e-02	8.89e-02	4.71e-01	3.04e-01	6.03e-02
 9.89937e+22	1.65e-33	8.36e-20	2.63e-16	1.39e-13	7.57e-10	2.67e-07	2.38e-05	5.79e-04	6.24e-03	2.57e-02	4.87e-02	9.18e-02	4.73e-01	2.96e-01	5.71e-02
 9.92934e+22	2.41e-33	1.13e-19	3.38e-16	1.69e-13	9.40e-10	3.30e-07	2.91e-05	6.90e-04	7.23e-03	2.89e-02	5.26e-02	9.55e-02	4.75e-01	2.87e-01	5.31e-02
 9.95988e+22	3.23e-33	1.43e-19	4.12e-16	1.97e-13	1.11e-09	3.89e-07	3.39e-05	7.89e-04	8.08e-03	3.15e-02	5.58e-02	9.83e-02	4.76e-01	2.79e-01	5.02e-02
 9.99116e+22	4.68e-33	1.94e-19	5.28e-16	2.39e-13	1.38e-09	4.79e-07	4.12e-05	9.36e-04	9.32e-03	3.52e-02	6.02e-02	1.02e-01	4.77e-01	2.69e-01	4.66e-02
 1.00230e+23	6.26e-33	2.45e-19	6.42e-16	2.78e-13	1.63e-09	5.65e-07	4.80e-05	1.07e-03	1.04e-02	3.83e-02	6.37e-02	1.05e-01	4.77e-01	2.61e-01	4.39e-02
 1.00556e+23	9.04e-33	3.30e-19	8.21e-16	3.36e-13	2.01e-09	6.95e-07	5.83e-05	1.27e-03	1.20e-02	4.26e-02	6.85e-02	1.08e-01	4.76e-01	2.50e-01	4.05e-02
 1.00884e+23	1.19e-32	4.13e-19	9.91e-16	3.89e-13	2.35e-09	8.12e-07	6.74e-05	1.44e-03	1.33e-02	4.62e-02	7.22e-02	1.11e-01	4.75e-01	2.42e-01	3.81e-02
 1.01215e+23	1.70e-32	5.50e-19	1.26e-15	4.66e-13	2.88e-09	9.90e-07	8.11e-05	1.69e-03	1.51e-02	5.11e-02	7.72e-02	1.14e-01	4.73e-01	2.32e-01	3.52e-02
 1.01554e+23	2.25e-32	6.91e-19	1.52e-15	5.40e-13	3.38e-09	1.16e-06	9.38e-05	1.92e-03	1.68e-02	5.52e-02	8.12e-02	1.17e-01	4.71e-01	2.24e-01	3.30e-02
 1.01849e+23	2.90e-32	8.50e-19	1.80e-15	6.16e-13	3.91e-09	1.34e-06	1.07e-04	2.15e-03	1.84e-02	5.93e-02	8.50e-02	1.19e-01	4.68e-01	2.17e-01	3.10e-02
 1.02176e+23	4.02e-32	1.11e-18	2.25e-15	7.30e-13	4.71e-09	1.60e-06	1.27e-04	2.50e-03	2.08e-02	6.49e-02	9.01e-02	1.22e-01	4.64e-01	2.07e-01	2.85e-02
 1.02504e+23	5.13e-32	1.35e-18	2.65e-15	8.30e-13	5.41e-09	1.83e-06	1.44e-04	2.78e-03	2.27e-02	6.93e-02	9.39e-02	1.24e-01	4.60e-01	2.00e-01	2.68e-02
 1.02833e+23	7.03e-32	1.75e-18	3.28e-15	9.78e-13	6.46e-09	2.18e-06	1.69e-04	3.20e-03	2.54e-02	7.54e-02	9.90e-02	1.27e-01	4.55e-01	1.91e-01	2.47e-02
 1.03171e+23	9.01e-32	2.14e-18	3.89e-15	1.11e-12	7.42e-09	2.50e-06	1.92e-04	3.57e-03	2.77e-02	8.04e-02	1.03e-01	1.29e-01	4.50e-01	1.83e-01	2.31e-02
 1.03469e+23	1.14e-31	2.61e-18	4.57e-15	1.26e-12	8.49e-09	2.85e-06	2.17e-04	3.97e-03	3.01e-02	8.55e-02	1.07e-01	1.30e-01	4.45e-01	1.76e-01	2.16e-02
 1.03808e+23	1.56e-31	3.36e-18	5.64e-15	1.48e-12	1.01e-08	3.37e-06	2.53e-04	4.55e-03	3.35e-02	9.25e-02	1.12e-01	1.32e-01	4.38e-01	1.67e-01	1.98e-02
 1.04145e+23	1.95e-31	4.04e-18	6.58e-15	1.67e-12	1.14e-08	3.80e-06	2.83e-04	5.00e-03	3.61e-02	9.76e-02	1.16e-01	1.34e-01	4.32e-01	1.61e-01	1.86e-02
 1.04481e+23	2.62e-31	5.14e-18	8.04e-15	1.95e-12	1.34e-08	4.45e-06	3.28e-04	5.68e-03	3.99e-02	1.05e-01	1.21e-01	1.35e-01	4.24e-01	1.52e-01	1.70e-02
 1.04823e+23	3.28e-31	6.20e-18	9.40e-15	2.21e-12	1.52e-08	5.02e-06	3.66e-04	6.25e-03	4.29e-02	1.11e-01	1.24e-01	1.36e-01	4.17e-01	1.46e-01	1.59e-02
 1.05174e+23	4.41e-31	7.92e-18	1.15e-14	2.58e-12	1.78e-08	5.87e-06	4.23e-04	7.08e-03	4.73e-02	1.19e-01	1.29e-01	1.37e-01	4.08e-01	1.38e-01	1.45e-02
 1.05531e+23	5.55e-31	9.57e-18	1.35e-14	2.92e-12	2.02e-08	6.62e-06	4.73e-04	7.78e-03	5.09e-02	1.25e-01	1.33e-01	1.38e-01	4.00e-01	1.32e-01	1.35e-02
 1.05896e+23	7.49e-31	1.23e-17	1.66e-14	3.42e-12	2.37e-08	7.73e-06	5.45e-04	8.80e-03	5.59e-02	1.33e-01	1.38e-01	1.38e-01	3.90e-01	1.24e-01	1.22e-02
 1.06269e+23	4.64e-31	1.48e-17	1.95e-14	3.89e-12	2.69e-08	8.72e-06	6.08e-04	9.66e-03	6.00e-02	1.40e-01	1.41e-01	1.39e-01	3.81e-01	1.18e-01	1.13e-02
 1.06650e+23	6.28e-31	1.91e-17	2.40e-14	4.57e-12	3.15e-08	1.02e-05	7.00e-04	1.09e-02	6.57e-02	1.49e-01	1.46e-01	1.39e-01	3.70e-01	1.10e-01	1.02e-02
 1.07023e+23	7.74e-31	2.27e-17	2.79e-14	5.15e-12	3.53e-08	1.13e-05	7.71e-04	1.18e-02	6.98e-02	1.55e-01	1.48e-01	1.38e-01	3.61e-01	1.05e-01	9.48e-03
 1.07384e+23	1.03e-30	2.87e-17	3.39e-14	5.98e-12	4.08e-08	1.30e-05	8.78e-04	1.32e-02	7.58e-02	1.64e-01	1.52e-01	1.38e-01	3.50e-01	9.80e-02	8.55e-03
 1.07751e+23	1.27e-30	3.42e-17	3.94e-14	6.75e-12	4.57e-08	1.45e-05	9.65e-04	1.43e-02	8.04e-02	1.70e-01	1.55e-01	1.37e-01	3.41e-01	9.32e-02	7.94e-03
 1.08125e+23	1.67e-30	4.31e-17	4.79e-14	7.86e-12	5.27e-08	1.66e-05	1.09e-03	1.59e-02	8.69e-02	1.79e-01	1.58e-01	1.36e-01	3.29e-01	8.69e-02	7.15e-03
 1.08510e+23	2.10e-30	5.20e-17	5.62e-14	8.92e-12	5.93e-08	1.85e-05	1.21e-03	1.73e-02	9.23e-02	1.86e-01	1.60e-01	1.35e-01	3.19e-01	8.19e-02	6.56e-03
 1.08911e+23	2.78e-30	6.59e-17	6.88e-14	1.05e-11	6.86e-08	2.13e-05	1.37e-03	1.92e-02	9.95e-02	1.95e-01	1.63e-01	1.34e-01	3.06e-01	7.60e-02	5.88e-03
 1.09324e+23	3.53e-30	8.06e-17	8.15e-14	1.20e-11	7.76e-08	2.38e-05	1.52e-03	2.09e-02	1.06e-01	2.02e-01	1.65e-01	1.32e-01	2.96e-01	7.12e-02	5.35e-03
 1.09754e+23	4.74e-30	1.03e-16	1.01e-13	1.42e-11	9.03e-08	2.75e-05	1.72e-03	2.32e-02	1.14e-01	2.11e-01	1.67e-01	1.30e-01	2.82e-01	6.56e-02	4.75e-03
 1.10195e+23	6.07e-30	1.27e-16	1.20e-13	1.63e-11	1.02e-07	3.08e-05	1.91e-03	2.53e-02	1.21e-01	2.19e-01	1.69e-01	1.28e-01	2.71e-01	6.10e-02	4.29e-03
 1.10651e+23	8.23e-30	1.64e-16	1.50e-13	1.95e-11	1.20e-07	3.56e-05	2.16e-03	2.80e-02	1.30e-01	2.28e-01	1.70e-01	1.26e-01	2.57e-01	5.58e-02	3.78e-03
 1.11122e+23	1.06e-29	2.03e-16	1.80e-13	2.26e-11	1.36e-07	4.01e-05	2.40e-03	3.05e-02	1.38e-01	2.35e-01	1.71e-01	1.23e-01	2.45e-01	5.16e-02	3.38e-03
 1.11611e+23	1.46e-29	2.66e-16	2.27e-13	2.72e-11	1.60e-07	4.64e-05	2.73e-03	3.39e-02	1.48e-01	2.44e-01	1.71e-01	1.20e-01	2.31e-01	4.67e-02	2.94e-03
 1.12116e+23	1.92e-29	3.33e-16	2.76e-13	3.18e-11	1.83e-07	5.25e-05	3.04e-03	3.69e-02	1.56e-01	2.51e-01	1.71e-01	1.17e-01	2.19e-01	4.28e-02	2.61e-03
 1.12573e+23	2.49e-29	4.15e-16	3.33e-13	3.70e-11	2.08e-07	5.90e-05	3.37e-03	4.01e-02	1.65e-01	2.58e-01	1.71e-01	1.13e-01	2.08e-01	3.92e-02	2.32e-03
 1.13097e+23	3.47e-29	5.47e-16	4.23e-13	4.49e-11	2.45e-07	6.84e-05	3.83e-03	4.44e-02	1.76e-01	2.66e-01	1.70e-01	1.09e-01	1.93e-01	3.51e-02	1.99e-03
 1.13632e+23	4.55e-29	6.87e-16	5.16e-13	5.25e-11	2.80e-07	7.71e-05	4.25e-03	4.82e-02	1.85e-01	2.72e-01	1.69e-01	1.06e-01	1.82e-01	3.18e-02	1.74e-03
 1.14181e+23	6.39e-29	9.13e-16	6.59e-13	6.40e-11	3.29e-07	8.93e-05	4.82e-03	5.32e-02	1.97e-01	2.79e-01	1.67e-01	1.01e-01	1.68e-01	2.82e-02	1.48e-03
 1.14738e+23	8.41e-29	1.15e-15	8.04e-13	7.50e-11	3.76e-07	1.01e-04	5.33e-03	5.76e-02	2.07e-01	2.84e-01	1.65e-01	9.73e-02	1.57e-01	2.54e-02	1.29e-03
 1.15303e+23	1.19e-28	1.54e-15	1.03e-12	9.15e-11	4.42e-07	1.16e-04	6.04e-03	6.35e-02	2.19e-01	2.90e-01	1.61e-01	9.23e-02	1.44e-01	2.22e-02	1.08e-03
 1.15875e+23	1.56e-28	1.94e-15	1.26e-12	1.07e-10	5.03e-07	1.30e-04	6.66e-03	6.86e-02	2.29e-01	2.94e-01	1.59e-01	8.84e-02	1.34e-01	1.99e-02	9.30e-04
 1.16455e+23	2.22e-28	2.61e-15	1.62e-12	1.31e-10	5.89e-07	1.50e-04	7.54e-03	7.54e-02	2.42e-01	2.98e-01	1.54e-01	8.32e-02	1.21e-01	1.72e-02	7.66e-04
 1.17038e+23	2.90e-28	3.28e-15	1.97e-12	1.53e-10	6.67e-07	1.68e-04	8.27e-03	8.10e-02	2.51e-01	3.01e-01	1.51e-01	7.93e-02	1.12e-01	1.54e-02	6.59e-04
 1.17521e+23	3.69e-28	4.03e-15	2.35e-12	1.75e-10	7.42e-07	1.85e-04	8.98e-03	8.63e-02	2.60e-01	3.03e-01	1.48e-01	7.57e-02	1.04e-01	1.38e-02	5.74e-04
 1.18047e+23	5.04e-28	5.27e-15	2.94e-12	2.08e-10	8.49e-07	2.09e-04	9.97e-03	9.36e-02	2.71e-01	3.04e-01	1.43e-01	7.12e-02	9.46e-02	1.20e-02	4.76e-04
 1.18572e+23	6.37e-28	6.45e-15	3.48e-12	2.38e-10	9.42e-07	2.29e-04	1.08e-02	9.93e-02	2.79e-01	3.05e-01	1.39e-01	6.78e-02	8.78e-02	1.08e-02	4.13e-04
 1.19095e+23	8.64e-28	8.41e-15	4.34e-12	2.81e-10	1.07e-06	2.57e-04	1.19e-02	1.07e-01	2.90e-01	3.05e-01	1.34e-01	6.34e-02	7.92e-02	9.28e-03	3.41e-04
 1.19624e+23	1.09e-27	1.03e-14	5.17e-12	3.22e-10	1.19e-06	2.81e-04	1.29e-02	1.14e-01	2.98e-01	3.04e-01	1.30e-01	6.01e-02	7.30e-02	8.26e-03	2.93e-04
 1.20162e+23	1.49e-27	1.36e-14	6.47e-12	3.82e-10	1.35e-06	3.15e-04	1.42e-02	1.23e-01	3.08e-01	3.03e-01	1.24e-01	5.59e-02	6.53e-02	7.04e-03	2.39e-04
 1.20706e+23	1.89e-27	1.68e-14	7.72e-12	4.38e-10	1.49e-06	3.45e-04	1.53e-02	1.30e-01	3.16e-01	3.01e-01	1.20e-01	5.27e-02	5.98e-02	6.22e-03	2.03e-04
 1.21258e+23	2.57e-27	2.23e-14	9.71e-12	5.21e-10	1.69e-06	3.86e-04	1.69e-02	1.40e-01	3.25e-01	2.97e-01	1.14e-01	4.86e-02	5.30e-02	5.25e-03	1.63e-04
 1.21821e+23	3.30e-27	2.79e-14	1.17e-11	5.99e-10	1.87e-06	4.22e-04	1.82e-02	1.48e-01	3.32e-01	2.94e-01	1.09e-01	4.55e-02	4.80e-02	4.57e-03	1.37e-04
 1.22397e+23	4.54e-27	3.75e-14	1.48e-11	7.18e-10	2.12e-06	4.73e-04	2.01e-02	1.59e-01	3.41e-01	2.89e-01	1.02e-01	4.16e-02	4.21e-02	3.80e-03	1.08e-04
 1.22984e+23	5.85e-27	4.76e-14	1.80e-11	8.31e-10	2.35e-06	5.18e-04	2.17e-02	1.69e-01	3.48e-01	2.84e-01	9.71e-02	3.86e-02	3.78e-02	3.27e-03	8.91e-05
 1.23585e+23	8.09e-27	6.50e-14	2.31e-11	1.00e-09	2.69e-06	5.82e-04	2.39e-02	1.82e-01	3.55e-01	2.77e-01	9.04e-02	3.50e-02	3.27e-02	2.67e-03	6.89e-05
 1.24194e+23	1.05e-26	8.33e-14	2.82e-11	1.17e-09	2.98e-06	6.38e-04	2.58e-02	1.92e-01	3.61e-01	2.71e-01	8.52e-02	3.23e-02	2.90e-02	2.27e-03	5.61e-05
 1.24707e+23	1.32e-26	1.05e-13	3.39e-11	1.34e-09	3.28e-06	6.93e-04	2.77e-02	2.03e-01	3.65e-01	2.65e-01	8.05e-02	2.99e-02	2.60e-02	1.95e-03	4.63e-05
 1.25269e+23	1.77e-26	1.41e-13	4.30e-11	1.61e-09	3.72e-06	7.72e-04	3.03e-02	2.16e-01	3.70e-01	2.57e-01	7.46e-02	2.71e-02	2.25e-02	1.60e-03	3.59e-05
 1.25834e+23	2.23e-26	1.79e-13	5.19e-11	1.86e-09	4.11e-06	8.39e-04	3.24e-02	2.27e-01	3.74e-01	2.49e-01	7.00e-02	2.50e-02	2.00e-02	1.37e-03	2.94e-05
 1.26385e+23	2.94e-26	2.39e-13	6.55e-11	2.22e-09	4.65e-06	9.31e-04	3.52e-02	2.42e-01	3.77e-01	2.40e-01	6.46e-02	2.25e-02	1.73e-02	1.12e-03	2.29e-05
 1.26947e+23	3.72e-26	3.07e-13	8.00e-11	2.59e-09	5.18e-06	1.02e-03	3.78e-02	2.54e-01	3.78e-01	2.32e-01	6.01e-02	2.06e-02	1.52e-02	9.43e-04	1.85e-05
 1.27502e+23	4.83e-26	4.10e-13	1.01e-10	3.11e-09	5.87e-06	1.13e-03	4.10e-02	2.69e-01	3.79e-01	2.22e-01	5.51e-02	1.86e-02	1.31e-02	7.70e-04	1.43e-05
 1.28067e+23	6.09e-26	5.36e-13	1.25e-10	3.68e-09	6.60e-06	1.24e-03	4.41e-02	2.83e-01	3.80e-01	2.13e-01	5.08e-02	1.69e-02	1.14e-02	6.40e-04	1.14e-05
 1.28620e+23	7.82e-26	7.10e-13	1.57e-10	4.40e-09	7.49e-06	1.37e-03	4.76e-02	2.98e-01	3.79e-01	2.03e-01	4.65e-02	1.52e-02	9.82e-03	5.25e-04	8.88e-06
 1.29178e+23	9.94e-26	9.37e-13	1.96e-10	5.27e-09	8.50e-06	1.51e-03	5.13e-02	3.12e-01	3.77e-01	1.93e-01	4.25e-02	1.37e-02	8.47e-03	4.31e-04	6.96e-06
 1.29730e+23	1.26e-25	1.24e-12	2.45e-10	6.32e-09	9.67e-06	1.67e-03	5.52e-02	3.27e-01	3.74e-01	1.83e-01	3.87e-02	1.23e-02	7.28e-03	3.53e-04	5.43e-06
 1.30281e+23	1.59e-25	1.63e-12	3.07e-10	7.59e-09	1.10e-05	1.85e-03	5.93e-02	3.42e-01	3.71e-01	1.73e-01	3.52e-02	1.10e-02	6.26e-03	2.89e-04	4.24e-06
 1.30832e+23	2.02e-25	2.16e-12	3.86e-10	9.16e-09	1.26e-05	2.05e-03	6.38e-02	3.58e-01	3.66e-01	1.63e-01	3.18e-02	9.86e-03	5.35e-03	2.36e-04	3.30e-06
 1.31385e+23	2.55e-25	2.86e-12	4.85e-10	1.11e-08	1.45e-05	2.26e-03	6.85e-02	3.73e-01	3.61e-01	1.53e-01	2.88e-02	8.81e-03	4.58e-03	1.92e-04	2.56e-06
 1.31940e+23	3.22e-25	3.78e-12	6.11e-10	1.34e-08	1.66e-05	2.51e-03	7.35e-02	3.88e-01	3.55e-01	1.44e-01	2.59e-02	7.84e-03	3.90e-03	1.56e-04	1.98e-06
 1.32500e+23	4.09e-25	5.01e-12	7.70e-10	1.63e-08	1.92e-05	2.79e-03	7.88e-02	4.03e-01	3.47e-01	1.34e-01	2.33e-02	6.97e-03	3.31e-03	1.26e-04	1.53e-06
 1.33064e+23	5.20e-25	6.63e-12	9.73e-10	1.99e-08	2.22e-05	3.09e-03	8.45e-02	4.18e-01	3.40e-01	1.25e-01	2.08e-02	6.17e-03	2.80e-03	1.02e-04	1.17e-06
 1.33633e+23	6.62e-25	8.76e-12	1.23e-09	2.42e-08	2.56e-05	3.43e-03	9.05e-02	4.32e-01	3.31e-01	1.16e-01	1.86e-02	5.45e-03	2.37e-03	8.18e-05	8.99e-07
 1.34210e+23	8.50e-25	1.16e-11	1.56e-09	2.97e-08	2.98e-05	3.82e-03	9.69e-02	4.47e-01	3.22e-01	1.07e-01	1.65e-02	4.80e-03	1.99e-03	6.53e-05	6.83e-07
 1.34792e+23	1.09e-24	1.54e-11	1.97e-09	3.63e-08	3.45e-05	4.24e-03	1.04e-01	4.60e-01	3.12e-01	9.93e-02	1.47e-02	4.22e-03	1.67e-03	5.23e-05	5.22e-07
 1.35387e+23	1.44e-24	2.05e-11	2.51e-09	4.48e-08	4.03e-05	4.73e-03	1.11e-01	4.74e-01	3.01e-01	9.12e-02	1.29e-02	3.68e-03	1.39e-03	4.14e-05	3.92e-07
 1.35992e+23	1.87e-24	2.70e-11	3.17e-09	5.49e-08	4.69e-05	5.25e-03	1.18e-01	4.86e-01	2.91e-01	8.38e-02	1.14e-02	3.22e-03	1.16e-03	3.29e-05	2.97e-07
 1.36545e+23	2.35e-24	3.40e-11	3.87e-09	6.53e-08	5.32e-05	5.73e-03	1.25e-01	4.96e-01	2.82e-01	7.79e-02	1.03e-02	2.87e-03	9.96e-04	2.70e-05	2.34e-07
 1.37123e+23	3.13e-24	4.55e-11	4.97e-09	8.13e-08	6.26e-05	6.41e-03	1.33e-01	5.08e-01	2.70e-01	7.08e-02	8.96e-03	2.47e-03	8.17e-04	2.10e-05	1.73e-07
 1.37710e+23	3.97e-24	5.72e-11	6.05e-09	9.67e-08	7.11e-05	6.99e-03	1.40e-01	5.16e-01	2.60e-01	6.56e-02	8.03e-03	2.20e-03	6.98e-04	1.72e-05	1.36e-07
 1.38314e+23	5.39e-24	7.67e-11	7.80e-09	1.21e-07	8.39e-05	7.82e-03	1.50e-01	5.26e-01	2.47e-01	5.93e-02	6.95e-03	1.88e-03	5.68e-04	1.33e-05	0.00e+00
 1.38921e+23	6.87e-24	9.59e-11	9.48e-09	1.44e-07	9.52e-05	8.52e-03	1.57e-01	5.33e-01	2.38e-01	5.48e-02	6.21e-03	1.66e-03	4.84e-04	1.08e-05	0.00e+00
 1.39532e+23	9.40e-24	1.28e-10	1.22e-08	1.80e-07	1.12e-04	9.50e-03	1.67e-01	5.41e-01	2.25e-01	4.93e-02	5.36e-03	1.42e-03	3.92e-04	8.32e-06	0.00e+00
 1.40144e+23	1.20e-23	1.58e-10	1.47e-08	2.13e-07	1.27e-04	1.03e-02	1.75e-01	5.47e-01	2.16e-01	4.55e-02	4.80e-03	1.26e-03	3.34e-04	6.81e-06	0.00e+00
 1.40759e+23	1.64e-23	2.09e-10	1.88e-08	2.65e-07	1.49e-04	1.15e-02	1.85e-01	5.53e-01	2.04e-01	4.09e-02	4.14e-03	1.07e-03	2.71e-04	5.23e-06	0.00e+00
 1.41380e+23	2.11e-23	2.58e-10	2.27e-08	3.13e-07	1.68e-04	1.24e-02	1.94e-01	5.56e-01	1.95e-01	3.77e-02	3.69e-03	9.43e-04	2.31e-04	4.26e-06	0.00e+00
 1.42009e+23	2.90e-23	3.39e-10	2.89e-08	3.90e-07	1.97e-04	1.38e-02	2.05e-01	5.60e-01	1.84e-01	3.38e-02	3.17e-03	8.00e-04	1.86e-04	3.26e-06	0.00e+00
 1.42646e+23	3.72e-23	4.17e-10	3.49e-08	4.61e-07	2.23e-04	1.49e-02	2.13e-01	5.62e-01	1.75e-01	3.10e-02	2.82e-03	7.03e-04	1.58e-04	2.65e-06	0.00e+00
 1.43294e+23	5.15e-23	5.46e-10	4.44e-08	5.74e-07	2.62e-04	1.66e-02	2.25e-01	5.64e-01	1.64e-01	2.77e-02	2.42e-03	5.94e-04	1.27e-04	2.01e-06	0.00e+00
 1.43953e+23	6.65e-23	6.73e-10	5.37e-08	6.80e-07	2.96e-04	1.79e-02	2.34e-01	5.64e-01	1.55e-01	2.53e-02	2.14e-03	5.20e-04	1.07e-04	1.62e-06	0.00e+00
 1.44628e+23	9.26e-23	8.81e-10	6.85e-08	8.50e-07	3.48e-04	1.99e-02	2.46e-01	5.64e-01	1.45e-01	2.25e-02	1.83e-03	4.36e-04	8.53e-05	1.22e-06	0.00e+00
 1.45317e+23	1.21e-22	1.09e-09	8.31e-08	1.01e-06	3.95e-04	2.15e-02	2.56e-01	5.63e-01	1.37e-01	2.05e-02	1.61e-03	3.79e-04	7.14e-05	9.80e-07	0.00e+00
 1.46026e+23	1.69e-22	1.43e-09	1.07e-07	1.27e-06	4.65e-04	2.39e-02	2.69e-01	5.60e-01	1.27e-01	1.81e-02	1.36e-03	3.15e-04	5.64e-05	7.30e-07	0.00e+00
 1.46751e+23	2.22e-22	1.77e-09	1.30e-07	1.52e-06	5.29e-04	2.59e-02	2.79e-01	5.57e-01	1.19e-01	1.64e-02	1.20e-03	2.73e-04	4.69e-05	5.80e-07	0.00e+00
 1.47361e+23	2.81e-22	2.14e-09	1.54e-07	1.78e-06	5.93e-04	2.78e-02	2.89e-01	5.54e-01	1.13e-01	1.50e-02	1.06e-03	2.39e-04	3.98e-05	4.72e-07	0.00e+00
 1.48021e+23	3.81e-22	2.72e-09	1.93e-07	2.18e-06	6.86e-04	3.05e-02	3.01e-01	5.49e-01	1.05e-01	1.34e-02	9.13e-04	2.02e-04	3.21e-05	3.61e-07	0.00e+00
 1.48664e+23	4.73e-22	3.23e-09	2.26e-07	2.52e-06	7.61e-04	3.25e-02	3.09e-01	5.45e-01	9.94e-02	1.24e-02	8.19e-04	1.79e-04	2.75e-05	2.98e-07	0.00e+00
 1.49283e+23	6.24e-22	4.03e-09	2.78e-07	3.05e-06	8.72e-04	3.53e-02	3.21e-01	5.39e-01	9.25e-02	1.11e-02	7.08e-04	1.53e-04	2.25e-05	2.31e-07	0.00e+00
 1.49909e+23	7.76e-22	4.77e-09	3.25e-07	3.51e-06	9.65e-04	3.76e-02	3.29e-01	5.34e-01	8.76e-02	1.02e-02	6.36e-04	1.35e-04	1.93e-05	1.91e-07	0.00e+00
 1.50543e+23	1.02e-21	5.94e-09	4.00e-07	4.25e-06	1.10e-03	4.08e-02	3.41e-01	5.26e-01	8.14e-02	9.15e-03	5.49e-04	1.15e-04	1.57e-05	1.48e-07	0.00e+00
 1.51186e+23	1.27e-21	7.04e-09	4.69e-07	4.91e-06	1.22e-03	4.34e-02	3.49e-01	5.20e-01	7.69e-02	8.41e-03	4.91e-04	1.02e-04	1.34e-05	0.00e+00	0.00e+00
 1.51840e+23	1.68e-21	8.78e-09	5.77e-07	5.95e-06	1.40e-03	4.71e-02	3.61e-01	5.11e-01	7.11e-02	7.50e-03	4.23e-04	8.59e-05	1.09e-05	0.00e+00	0.00e+00
 1.52504e+23	2.10e-21	1.04e-08	6.77e-07	6.88e-06	1.55e-03	5.02e-02	3.70e-01	5.04e-01	6.70e-02	6.88e-03	3.77e-04	7.57e-05	9.28e-06	0.00e+00	0.00e+00
 1.53181e+23	2.78e-21	1.30e-08	8.36e-07	8.36e-06	1.78e-03	5.44e-02	3.81e-01	4.94e-01	6.17e-02	6.12e-03	3.23e-04	6.37e-05	7.48e-06	0.00e+00	0.00e+00
 1.53869e+23	3.49e-21	1.55e-08	9.85e-07	9.70e-06	1.98e-03	5.79e-02	3.90e-01	4.86e-01	5.79e-02	5.59e-03	2.87e-04	5.58e-05	6.34e-06	0.00e+00	0.00e+00
 1.54571e+23	4.64e-21	1.94e-08	1.22e-06	1.18e-05	2.28e-03	6.29e-02	4.01e-01	4.75e-01	5.31e-02	4.96e-03	2.45e-04	4.68e-05	5.08e-06	0.00e+00	0.00e+00
 1.55291e+23	5.86e-21	2.32e-08	1.44e-06	1.38e-05	2.54e-03	6.70e-02	4.10e-01	4.66e-01	4.96e-02	4.51e-03	2.16e-04	4.07e-05	4.27e-06	0.00e+00	0.00e+00
 1.56034e+23	7.87e-21	2.93e-08	1.80e-06	1.69e-05	2.93e-03	7.28e-02	4.22e-01	4.53e-01	4.51e-02	3.97e-03	1.83e-04	3.39e-05	3.38e-06	0.00e+00	0.00e+00
 1.56795e+23	1.00e-20	3.53e-08	2.15e-06	1.99e-05	3.27e-03	7.77e-02	4.31e-01	4.43e-01	4.19e-02	3.59e-03	1.60e-04	2.92e-05	2.81e-06	0.00e+00	0.00e+00
 1.57581e+23	1.36e-20	4.48e-08	2.70e-06	2.45e-05	3.79e-03	8.45e-02	4.42e-01	4.29e-01	3.79e-02	3.14e-03	1.35e-04	2.41e-05	2.21e-06	0.00e+00	0.00e+00
 1.58374e+23	1.74e-20	5.40e-08	3.22e-06	2.88e-05	4.23e-03	9.00e-02	4.50e-01	4.18e-01	3.52e-02	2.84e-03	1.18e-04	2.08e-05	1.83e-06	0.00e+00	0.00e+00
 1.59177e+23	2.35e-20	6.85e-08	4.05e-06	3.56e-05	4.90e-03	9.77e-02	4.60e-01	4.03e-01	3.16e-02	2.47e-03	9.83e-05	1.70e-05	1.43e-06	0.00e+00	0.00e+00
 1.59989e+23	3.01e-20	8.26e-08	4.83e-06	4.18e-05	5.47e-03	1.04e-01	4.68e-01	3.91e-01	2.92e-02	2.23e-03	8.58e-05	1.46e-05	1.18e-06	0.00e+00	0.00e+00
 1.60811e+23	4.08e-20	1.05e-07	6.07e-06	5.17e-05	6.33e-03	1.13e-01	4.77e-01	3.76e-01	2.62e-02	1.94e-03	7.13e-05	1.19e-05	9.19e-07	0.00e+00	0.00e+00
 1.61647e+23	5.24e-20	1.27e-07	7.26e-06	6.07e-05	7.07e-03	1.20e-01	4.84e-01	3.64e-01	2.41e-02	1.74e-03	6.19e-05	1.02e-05	7.56e-07	0.00e+00	0.00e+00
 1.62385e+23	6.65e-20	1.53e-07	8.67e-06	7.15e-05	7.90e-03	1.27e-01	4.90e-01	3.51e-01	2.21e-02	1.56e-03	5.36e-05	8.72e-06	6.20e-07	0.00e+00	0.00e+00
 1.63227e+23	9.04e-20	1.93e-07	1.09e-05	8.78e-05	9.08e-03	1.37e-01	4.97e-01	3.36e-01	1.97e-02	1.35e-03	4.46e-05	7.13e-06	4.82e-07	0.00e+00	0.00e+00
 1.64084e+23	1.15e-19	2.34e-07	1.30e-05	1.04e-04	1.02e-02	1.46e-01	5.02e-01	3.23e-01	1.79e-02	1.21e-03	3.82e-05	6.03e-06	3.90e-07	0.00e+00	0.00e+00
 1.64781e+23	1.43e-19	2.75e-07	1.52e-05	1.20e-04	1.12e-02	1.53e-01	5.06e-01	3.12e-01	1.66e-02	1.09e-03	3.36e-05	5.25e-06	3.28e-07	0.00e+00	0.00e+00
 1.65503e+23	1.84e-19	3.33e-07	1.82e-05	1.41e-04	1.25e-02	1.62e-01	5.10e-01	3.00e-01	1.51e-02	9.74e-04	2.89e-05	4.45e-06	2.67e-07	0.00e+00	0.00e+00
 1.66263e+23	2.30e-19	3.95e-07	2.14e-05	1.63e-04	1.38e-02	1.70e-01	5.13e-01	2.88e-01	1.38e-02	8.77e-04	2.52e-05	3.83e-06	2.21e-07	0.00e+00	0.00e+00
 1.66960e+23	2.85e-19	4.66e-07	2.51e-05	1.89e-04	1.51e-02	1.79e-01	5.15e-01	2.77e-01	1.27e-02	7.91e-04	2.20e-05	3.31e-06	1.84e-07	0.00e+00	0.00e+00
 1.67755e+23	3.75e-19	5.74e-07	3.06e-05	2.26e-04	1.70e-02	1.90e-01	5.17e-01	2.64e-01	1.14e-02	6.95e-04	1.85e-05	2.75e-06	1.46e-07	0.00e+00	0.00e+00
 1.68572e+23	4.72e-19	6.86e-07	3.63e-05	2.64e-04	1.89e-02	2.00e-01	5.18e-01	2.52e-01	1.03e-02	6.18e-04	1.59e-05	2.33e-06	0.00e+00	0.00e+00	0.00e+00
 1.69288e+23	5.88e-19	8.10e-07	4.25e-05	3.05e-04	2.08e-02	2.09e-01	5.18e-01	2.41e-01	9.44e-03	5.56e-04	1.38e-05	2.00e-06	0.00e+00	0.00e+00	0.00e+00
 1.70093e+23	7.72e-19	9.95e-07	5.16e-05	3.63e-04	2.33e-02	2.21e-01	5.18e-01	2.28e-01	8.43e-03	4.87e-04	1.16e-05	1.66e-06	0.00e+00	0.00e+00	0.00e+00
 1.70936e+23	9.80e-19	1.19e-06	6.15e-05	4.27e-04	2.58e-02	2.32e-01	5.17e-01	2.17e-01	7.57e-03	4.30e-04	9.87e-06	1.40e-06	0.00e+00	0.00e+00	0.00e+00
 1.71700e+23	1.23e-18	1.42e-06	7.23e-05	4.94e-04	2.84e-02	2.43e-01	5.15e-01	2.06e-01	6.87e-03	3.84e-04	8.50e-06	1.19e-06	0.00e+00	0.00e+00	0.00e+00
 1.72562e+23	1.64e-18	1.76e-06	8.86e-05	5.92e-04	3.19e-02	2.56e-01	5.12e-01	1.93e-01	6.06e-03	3.32e-04	7.04e-06	9.73e-07	0.00e+00	0.00e+00	0.00e+00
 1.73452e+23	2.09e-18	2.12e-06	1.06e-04	6.98e-04	3.54e-02	2.69e-01	5.08e-01	1.82e-01	5.40e-03	2.91e-04	5.92e-06	8.10e-07	0.00e+00	0.00e+00	0.00e+00
 1.74243e+23	2.64e-18	2.53e-06	1.25e-04	8.09e-04	3.89e-02	2.80e-01	5.03e-01	1.72e-01	4.86e-03	2.58e-04	5.05e-06	6.85e-07	0.00e+00	0.00e+00	0.00e+00
 1.75139e+23	3.54e-18	3.15e-06	1.53e-04	9.73e-04	4.36e-02	2.94e-01	4.97e-01	1.60e-01	4.25e-03	2.22e-04	4.14e-06	5.54e-07	0.00e+00	0.00e+00	0.00e+00
 1.76070e+23	4.57e-18	3.81e-06	1.84e-04	1.15e-03	4.83e-02	3.07e-01	4.90e-01	1.49e-01	3.75e-03	1.93e-04	3.45e-06	4.57e-07	0.00e+00	0.00e+00	0.00e+00
 1.76908e+23	5.78e-18	4.56e-06	2.18e-04	1.34e-03	5.31e-02	3.19e-01	4.83e-01	1.40e-01	3.33e-03	1.69e-04	2.90e-06	3.82e-07	0.00e+00	0.00e+00	0.00e+00
 1.77859e+23	7.77e-18	5.74e-06	2.70e-04	1.62e-03	5.98e-02	3.34e-01	4.73e-01	1.28e-01	2.86e-03	1.43e-04	2.32e-06	3.02e-07	0.00e+00	0.00e+00	0.00e+00
 1.78838e+23	1.00e-17	6.96e-06	3.23e-04	1.91e-03	6.60e-02	3.47e-01	4.63e-01	1.19e-01	2.51e-03	1.23e-04	1.92e-06	2.48e-07	0.00e+00	0.00e+00	0.00e+00
 1.79718e+23	1.29e-17	8.39e-06	3.85e-04	2.23e-03	7.26e-02	3.59e-01	4.53e-01	1.10e-01	2.21e-03	1.07e-04	1.60e-06	2.04e-07	0.00e+00	0.00e+00	0.00e+00
 1.80728e+23	1.78e-17	1.07e-05	4.81e-04	2.73e-03	8.18e-02	3.74e-01	4.39e-01	9.96e-02	1.86e-03	8.86e-05	1.25e-06	1.58e-07	0.00e+00	0.00e+00	0.00e+00
 1.81746e+23	2.29e-17	1.29e-05	5.73e-04	3.21e-03	8.99e-02	3.86e-01	4.27e-01	9.15e-02	1.61e-03	7.60e-05	1.02e-06	1.28e-07	0.00e+00	0.00e+00	0.00e+00
 1.82776e+23	3.18e-17	1.63e-05	7.15e-04	3.90e-03	1.01e-01	4.00e-01	4.11e-01	8.22e-02	1.36e-03	6.27e-05	7.98e-07	0.00e+00	0.00e+00	0.00e+00	0.00e+00
 1.83823e+23	4.14e-17	1.98e-05	8.55e-04	4.59e-03	1.11e-01	4.11e-01	3.97e-01	7.49e-02	1.17e-03	5.33e-05	6.46e-07	0.00e+00	0.00e+00	0.00e+00	0.00e+00
 1.84891e+23	5.80e-17	2.53e-05	1.07e-03	5.61e-03	1.24e-01	4.24e-01	3.78e-01	6.64e-02	9.63e-04	4.33e-05	4.94e-07	0.00e+00	0.00e+00	0.00e+00	0.00e+00
 1.85968e+23	7.57e-17	3.08e-05	1.28e-03	6.58e-03	1.35e-01	4.33e-01	3.63e-01	6.01e-02	8.24e-04	3.66e-05	3.98e-07	0.00e+00	0.00e+00	0.00e+00	0.00e+00
 1.87059e+23	1.07e-16	3.94e-05	1.60e-03	8.04e-03	1.51e-01	4.43e-01	3.43e-01	5.26e-02	6.71e-04	2.93e-05	3.00e-07	0.00e+00	0.00e+00	0.00e+00	0.00e+00
 1.88161e+23	1.41e-16	4.78e-05	1.91e-03	9.40e-03	1.64e-01	4.50e-01	3.27e-01	4.72e-02	5.70e-04	2.46e-05	2.39e-07	0.00e+00	0.00e+00	0.00e+00	0.00e+00
 1.89277e+23	2.01e-16	6.14e-05	2.38e-03	1.15e-02	1.82e-01	4.57e-01	3.05e-01	4.09e-02	4.60e-04	1.95e-05	1.78e-07	0.00e+00	0.00e+00	0.00e+00	0.00e+00
 1.90408e+23	2.67e-16	7.48e-05	2.84e-03	1.34e-02	1.98e-01	4.61e-01	2.88e-01	3.63e-02	3.86e-04	1.61e-05	1.40e-07	0.00e+00	0.00e+00	0.00e+00	0.00e+00
 1.91559e+23	3.88e-16	9.63e-05	3.56e-03	1.63e-02	2.18e-01	4.64e-01	2.66e-01	3.10e-02	3.07e-04	1.26e-05	0.00e+00	0.00e+00	0.00e+00	0.00e+00	0.00e+00
 1.92691e+23	5.13e-16	1.16e-04	4.19e-03	1.88e-02	2.34e-01	4.65e-01	2.50e-01	2.75e-02	2.58e-04	1.05e-05	0.00e+00	0.00e+00	0.00e+00	0.00e+00	0.00e+00
 1.93638e+23	6.77e-16	1.39e-04	4.91e-03	2.16e-02	2.50e-01	4.64e-01	2.35e-01	2.44e-02	2.18e-04	8.71e-06	0.00e+00	0.00e+00	0.00e+00	0.00e+00	0.00e+00
 1.94555e+23	8.89e-16	1.66e-04	5.70e-03	2.45e-02	2.66e-01	4.62e-01	2.20e-01	2.17e-02	1.85e-04	7.29e-06	0.00e+00	0.00e+00	0.00e+00	0.00e+00	0.00e+00
 1.95590e+23	1.25e-15	2.06e-04	6.88e-03	2.89e-02	2.86e-01	4.57e-01	2.02e-01	1.85e-02	1.48e-04	5.77e-06	0.00e+00	0.00e+00	0.00e+00	0.00e+00	0.00e+00
