#depth	Ar	Ar+	Ar+2	Ar+3	Ar+4	Ar+5	Ar+6	Ar+7	Ar+8	Ar+9	Ar+10	Ar+11	Ar+12	Ar+13	Ar+14	Ar+15	Ar+16	Ar+17	Ar+18
 1.54284e+22	1.26e-25	2.41e-19	2.23e-14	2.78e-12	1.76e-10	3.88e-09	4.33e-08	6.31e-07	2.47e-04	7.93e-03	6.75e-02	1.87e-01	3.48e-01	2.35e-01	8.41e-02	3.36e-02	3.40e-02	3.39e-03	1.15e-04
 3.40914e+22	3.42e-23	4.48e-17	2.78e-12	2.05e-10	8.03e-09	1.07e-07	6.94e-07	5.88e-06	1.30e-03	2.82e-02	1.57e-01	2.87e-01	3.41e-01	1.40e-01	3.13e-02	8.47e-03	5.69e-03	3.23e-04	6.27e-06
 3.86824e+22	2.34e-22	2.62e-16	1.39e-11	8.77e-10	2.94e-08	3.35e-07	1.81e-06	1.29e-05	2.32e-03	4.25e-02	2.00e-01	3.11e-01	3.11e-01	1.06e-01	2.01e-02	4.80e-03	2.80e-03	1.29e-04	2.05e-06
 4.07170e+22	5.87e-22	6.10e-16	2.99e-11	1.75e-09	5.46e-08	5.75e-07	2.85e-06	1.87e-05	3.06e-03	5.14e-02	2.22e-01	3.18e-01	2.92e-01	9.16e-02	1.60e-02	3.59e-03	1.95e-03	8.18e-05	1.18e-06
 4.15927e+22	7.71e-22	7.83e-16	3.75e-11	2.15e-09	6.55e-08	6.75e-07	3.27e-06	2.09e-05	3.32e-03	5.43e-02	2.28e-01	3.20e-01	2.87e-01	8.74e-02	1.49e-02	3.29e-03	1.75e-03	7.12e-05	9.95e-07
 4.20470e+22	1.08e-21	1.06e-15	4.94e-11	2.75e-09	8.20e-08	8.22e-07	3.85e-06	2.39e-05	3.67e-03	5.80e-02	2.36e-01	3.22e-01	2.79e-01	8.24e-02	1.36e-02	2.95e-03	1.53e-03	6.00e-05	8.09e-07
 4.25559e+22	1.50e-21	1.44e-15	6.51e-11	3.53e-09	1.02e-07	9.99e-07	4.54e-06	2.74e-05	4.04e-03	6.20e-02	2.44e-01	3.23e-01	2.72e-01	7.76e-02	1.25e-02	2.64e-03	1.34e-03	5.05e-05	6.55e-07
 4.30584e+22	2.07e-21	1.94e-15	8.50e-11	4.49e-09	1.27e-07	1.21e-06	5.33e-06	3.12e-05	4.45e-03	6.60e-02	2.52e-01	3.25e-01	2.65e-01	7.30e-02	1.14e-02	2.36e-03	1.17e-03	4.25e-05	5.33e-07
 4.36345e+22	3.19e-21	2.88e-15	1.21e-10	6.20e-09	1.70e-07	1.56e-06	6.61e-06	3.73e-05	5.06e-03	7.18e-02	2.63e-01	3.25e-01	2.54e-01	6.71e-02	1.01e-02	2.03e-03	9.70e-04	3.37e-05	4.02e-07
 4.42058e+22	4.38e-21	3.84e-15	1.57e-10	7.84e-09	2.10e-07	1.88e-06	7.73e-06	4.24e-05	5.55e-03	7.62e-02	2.71e-01	3.26e-01	2.47e-01	6.31e-02	9.20e-03	1.82e-03	8.47e-04	2.84e-05	3.27e-07
 4.46769e+22	5.85e-21	5.00e-15	2.00e-10	9.72e-09	2.55e-07	2.23e-06	8.93e-06	4.76e-05	6.04e-03	8.05e-02	2.78e-01	3.25e-01	2.40e-01	5.94e-02	8.45e-03	1.64e-03	7.46e-04	2.42e-05	2.69e-07
 4.51954e+22	8.58e-21	7.08e-15	2.73e-10	1.29e-08	3.29e-07	2.79e-06	1.08e-05	5.58e-05	6.76e-03	8.65e-02	2.87e-01	3.25e-01	2.30e-01	5.48e-02	7.52e-03	1.43e-03	6.27e-04	1.94e-05	2.07e-07
 4.57094e+22	1.14e-20	9.14e-15	3.44e-10	1.59e-08	3.97e-07	3.29e-06	1.24e-05	6.25e-05	7.33e-03	9.11e-02	2.94e-01	3.24e-01	2.23e-01	5.15e-02	6.90e-03	1.29e-03	5.52e-04	1.65e-05	1.71e-07
 4.62177e+22	1.64e-20	1.28e-14	4.64e-10	2.08e-08	5.08e-07	4.10e-06	1.50e-05	7.29e-05	8.18e-03	9.76e-02	3.03e-01	3.22e-01	2.14e-01	4.74e-02	6.13e-03	1.12e-03	4.65e-04	1.33e-05	1.31e-07
 4.67342e+22	2.19e-20	1.66e-14	5.87e-10	2.57e-08	6.17e-07	4.87e-06	1.73e-05	8.21e-05	8.90e-03	1.03e-01	3.10e-01	3.21e-01	2.06e-01	4.43e-02	5.58e-03	9.98e-04	4.05e-04	1.12e-05	0.00e+00
 4.72615e+22	3.19e-20	2.34e-14	7.97e-10	3.40e-08	7.95e-07	6.11e-06	2.09e-05	9.63e-05	9.95e-03	1.10e-01	3.19e-01	3.18e-01	1.97e-01	4.05e-02	4.91e-03	8.58e-04	3.36e-04	8.87e-06	0.00e+00
 4.77951e+22	4.28e-20	3.05e-14	1.01e-09	4.21e-08	9.67e-07	7.27e-06	2.43e-05	1.09e-04	1.09e-02	1.16e-01	3.25e-01	3.15e-01	1.89e-01	3.76e-02	4.44e-03	7.62e-04	2.91e-04	7.40e-06	0.00e+00
 4.83371e+22	6.25e-20	4.30e-14	1.37e-09	5.56e-08	1.25e-06	9.15e-06	2.95e-05	1.28e-04	1.22e-02	1.24e-01	3.34e-01	3.12e-01	1.79e-01	3.41e-02	3.87e-03	6.49e-04	2.39e-04	5.79e-06	0.00e+00
 4.88893e+22	8.45e-20	5.64e-14	1.74e-09	6.93e-08	1.53e-06	1.10e-05	3.45e-05	1.46e-04	1.33e-02	1.31e-01	3.40e-01	3.08e-01	1.71e-01	3.14e-02	3.47e-03	5.70e-04	2.04e-04	4.75e-06	0.00e+00
 4.94550e+22	1.24e-19	7.99e-14	2.37e-09	9.20e-08	2.00e-06	1.39e-05	4.23e-05	1.73e-04	1.50e-02	1.41e-01	3.48e-01	3.03e-01	1.61e-01	2.82e-02	2.99e-03	4.79e-04	1.65e-04	3.64e-06	0.00e+00
 5.00317e+22	1.69e-19	1.05e-13	3.02e-09	1.15e-07	2.46e-06	1.69e-05	4.97e-05	1.98e-04	1.65e-02	1.49e-01	3.54e-01	2.99e-01	1.53e-01	2.57e-02	2.64e-03	4.16e-04	1.39e-04	2.94e-06	0.00e+00
 5.06228e+22	2.50e-19	1.50e-13	4.11e-09	1.53e-07	3.23e-06	2.16e-05	6.14e-05	2.38e-04	1.86e-02	1.59e-01	3.62e-01	2.92e-01	1.42e-01	2.28e-02	2.24e-03	3.44e-04	1.10e-04	2.21e-06	0.00e+00
 5.12197e+22	3.39e-19	1.96e-13	5.21e-09	1.91e-07	3.98e-06	2.61e-05	7.24e-05	2.73e-04	2.05e-02	1.68e-01	3.67e-01	2.87e-01	1.34e-01	2.06e-02	1.97e-03	2.96e-04	9.18e-05	1.76e-06	0.00e+00
 5.17241e+22	4.45e-19	2.50e-13	6.44e-09	2.34e-07	4.82e-06	3.12e-05	8.42e-05	3.11e-04	2.24e-02	1.77e-01	3.72e-01	2.81e-01	1.27e-01	1.88e-02	1.74e-03	2.57e-04	7.73e-05	1.42e-06	0.00e+00
 5.22721e+22	6.25e-19	3.38e-13	8.36e-09	3.00e-07	6.12e-06	3.89e-05	1.02e-04	3.67e-04	2.51e-02	1.88e-01	3.77e-01	2.74e-01	1.18e-01	1.67e-02	1.48e-03	2.14e-04	6.18e-05	1.08e-06	0.00e+00
 5.28220e+22	8.14e-19	4.27e-13	1.02e-08	3.64e-07	7.39e-06	4.63e-05	1.18e-04	4.19e-04	2.74e-02	1.97e-01	3.80e-01	2.67e-01	1.11e-01	1.51e-02	1.30e-03	1.85e-04	5.17e-05	8.62e-07	0.00e+00
 5.33599e+22	1.11e-18	5.61e-13	1.29e-08	4.57e-07	9.24e-06	5.71e-05	1.42e-04	4.91e-04	3.05e-02	2.08e-01	3.84e-01	2.59e-01	1.03e-01	1.33e-02	1.10e-03	1.54e-04	4.14e-05	6.56e-07	0.00e+00
 5.39085e+22	1.44e-18	7.06e-13	1.57e-08	5.54e-07	1.12e-05	6.83e-05	1.66e-04	5.63e-04	3.34e-02	2.19e-01	3.86e-01	2.52e-01	9.57e-02	1.20e-02	9.59e-04	1.31e-04	3.41e-05	5.17e-07	0.00e+00
 5.44464e+22	1.92e-18	9.04e-13	1.94e-08	6.83e-07	1.38e-05	8.32e-05	1.97e-04	6.57e-04	3.70e-02	2.30e-01	3.88e-01	2.43e-01	8.83e-02	1.05e-02	8.15e-04	1.09e-04	2.74e-05	3.94e-07	0.00e+00
 5.49955e+22	2.48e-18	1.13e-12	2.34e-08	8.27e-07	1.67e-05	9.98e-05	2.31e-04	7.57e-04	4.06e-02	2.42e-01	3.90e-01	2.35e-01	8.17e-02	9.35e-03	6.99e-04	9.19e-05	2.22e-05	3.06e-07	0.00e+00
 5.55373e+22	3.22e-18	1.42e-12	2.83e-08	1.00e-06	2.03e-05	1.20e-04	2.72e-04	8.78e-04	4.48e-02	2.54e-01	3.90e-01	2.26e-01	7.51e-02	8.23e-03	5.94e-04	7.66e-05	1.78e-05	2.33e-07	0.00e+00
 5.60830e+22	4.12e-18	1.75e-12	3.37e-08	1.21e-06	2.45e-05	1.44e-04	3.18e-04	1.01e-03	4.92e-02	2.65e-01	3.90e-01	2.17e-01	6.90e-02	7.25e-03	5.05e-04	6.39e-05	1.43e-05	1.79e-07	0.00e+00
 5.66221e+22	5.22e-18	2.15e-12	3.99e-08	1.44e-06	2.94e-05	1.72e-04	3.71e-04	1.17e-03	5.39e-02	2.77e-01	3.89e-01	2.08e-01	6.33e-02	6.37e-03	4.29e-04	5.32e-05	1.15e-05	1.37e-07	0.00e+00
 5.71603e+22	6.58e-18	2.61e-12	4.68e-08	1.71e-06	3.52e-05	2.04e-04	4.31e-04	1.34e-03	5.91e-02	2.89e-01	3.87e-01	1.99e-01	5.78e-02	5.59e-03	3.63e-04	4.43e-05	9.25e-06	0.00e+00	0.00e+00
 5.76991e+22	8.25e-18	3.16e-12	5.47e-08	2.03e-06	4.20e-05	2.42e-04	5.00e-04	1.55e-03	6.46e-02	3.01e-01	3.84e-01	1.90e-01	5.27e-02	4.89e-03	3.07e-04	3.67e-05	7.40e-06	0.00e+00	0.00e+00
 5.82397e+22	1.03e-17	3.80e-12	6.35e-08	2.39e-06	4.99e-05	2.86e-04	5.79e-04	1.77e-03	7.05e-02	3.13e-01	3.80e-01	1.81e-01	4.80e-02	4.27e-03	2.59e-04	3.04e-05	5.91e-06	0.00e+00	0.00e+00
 5.87831e+22	1.28e-17	4.56e-12	7.35e-08	2.81e-06	5.92e-05	3.38e-04	6.69e-04	2.03e-03	7.69e-02	3.24e-01	3.76e-01	1.72e-01	4.35e-02	3.72e-03	2.18e-04	2.51e-05	4.71e-06	0.00e+00	0.00e+00
 5.93312e+22	1.58e-17	5.45e-12	8.47e-08	3.30e-06	7.00e-05	3.97e-04	7.70e-04	2.33e-03	8.37e-02	3.36e-01	3.71e-01	1.63e-01	3.94e-02	3.23e-03	1.83e-04	2.07e-05	3.74e-06	0.00e+00	0.00e+00
 5.98852e+22	1.95e-17	6.50e-12	9.74e-08	3.87e-06	8.27e-05	4.67e-04	8.86e-04	2.67e-03	9.10e-02	3.47e-01	3.65e-01	1.54e-01	3.55e-02	2.80e-03	1.54e-04	1.70e-05	2.96e-06	0.00e+00	0.00e+00
 6.04422e+22	2.40e-17	7.72e-12	1.12e-07	4.52e-06	9.73e-05	5.47e-04	1.01e-03	3.04e-03	9.87e-02	3.58e-01	3.59e-01	1.45e-01	3.20e-02	2.42e-03	1.29e-04	1.39e-05	2.35e-06	0.00e+00	0.00e+00
 6.10080e+22	2.97e-17	9.20e-12	1.28e-07	5.30e-06	1.15e-04	6.42e-04	1.16e-03	3.48e-03	1.07e-01	3.69e-01	3.52e-01	1.36e-01	2.87e-02	2.08e-03	1.07e-04	1.13e-05	1.85e-06	0.00e+00	0.00e+00
 6.15799e+22	3.66e-17	1.09e-11	1.47e-07	6.18e-06	1.35e-04	7.48e-04	1.33e-03	3.95e-03	1.16e-01	3.79e-01	3.44e-01	1.28e-01	2.57e-02	1.79e-03	8.92e-05	9.27e-06	1.46e-06	0.00e+00	0.00e+00
 6.21630e+22	4.55e-17	1.31e-11	1.69e-07	7.26e-06	1.59e-04	8.76e-04	1.52e-03	4.52e-03	1.25e-01	3.89e-01	3.35e-01	1.19e-01	2.29e-02	1.53e-03	7.37e-05	7.49e-06	1.14e-06	0.00e+00	0.00e+00
 6.27565e+22	5.63e-17	1.56e-11	1.94e-07	8.49e-06	1.86e-04	1.02e-03	1.72e-03	5.13e-03	1.35e-01	3.98e-01	3.26e-01	1.11e-01	2.04e-02	1.31e-03	6.10e-05	6.08e-06	8.90e-07	0.00e+00	0.00e+00
 6.33004e+22	6.76e-17	1.81e-11	2.19e-07	9.70e-06	2.13e-04	1.16e-03	1.91e-03	5.70e-03	1.43e-01	4.05e-01	3.18e-01	1.05e-01	1.84e-02	1.15e-03	5.21e-05	5.09e-06	7.24e-07	0.00e+00	0.00e+00
 6.38684e+22	8.51e-17	2.19e-11	2.54e-07	1.15e-05	2.52e-04	1.36e-03	2.18e-03	6.50e-03	1.55e-01	4.13e-01	3.08e-01	9.68e-02	1.62e-02	9.71e-04	4.24e-05	4.05e-06	5.55e-07	0.00e+00	0.00e+00
 6.44457e+22	1.03e-16	2.57e-11	2.88e-07	1.31e-05	2.88e-04	1.54e-03	2.42e-03	7.20e-03	1.64e-01	4.19e-01	2.99e-01	9.07e-02	1.46e-02	8.48e-04	3.60e-05	3.38e-06	4.50e-07	0.00e+00	0.00e+00
 6.50408e+22	1.32e-16	3.16e-11	3.40e-07	1.57e-05	3.42e-04	1.80e-03	2.75e-03	8.21e-03	1.77e-01	4.26e-01	2.88e-01	8.33e-02	1.28e-02	7.11e-04	2.91e-05	2.67e-06	3.42e-07	0.00e+00	0.00e+00
 6.56367e+22	1.61e-16	3.72e-11	3.87e-07	1.80e-05	3.90e-04	2.04e-03	3.04e-03	9.06e-03	1.86e-01	4.30e-01	2.79e-01	7.79e-02	1.15e-02	6.20e-04	2.47e-05	2.22e-06	2.77e-07	0.00e+00	0.00e+00
 6.62336e+22	2.07e-16	4.59e-11	4.59e-07	2.15e-05	4.62e-04	2.38e-03	3.44e-03	1.03e-02	1.99e-01	4.35e-01	2.67e-01	7.12e-02	1.00e-02	5.18e-04	2.00e-05	1.75e-06	2.10e-07	0.00e+00	0.00e+00
 6.68329e+22	2.53e-16	5.45e-11	5.27e-07	2.47e-05	5.26e-04	2.67e-03	3.77e-03	1.13e-02	2.10e-01	4.38e-01	2.58e-01	6.65e-02	8.99e-03	4.52e-04	1.70e-05	1.46e-06	1.70e-07	0.00e+00	0.00e+00
 6.74356e+22	3.29e-16	6.79e-11	6.30e-07	2.96e-05	6.22e-04	3.11e-03	4.24e-03	1.27e-02	2.23e-01	4.41e-01	2.46e-01	6.06e-02	7.81e-03	3.78e-04	1.37e-05	1.15e-06	1.30e-07	0.00e+00	0.00e+00
 6.80446e+22	4.08e-16	8.13e-11	7.29e-07	3.43e-05	7.09e-04	3.49e-03	4.64e-03	1.39e-02	2.34e-01	4.43e-01	2.37e-01	5.64e-02	7.00e-03	3.29e-04	1.16e-05	9.58e-07	0.00e+00	0.00e+00	0.00e+00
 6.86621e+22	5.38e-16	1.03e-10	8.83e-07	4.13e-05	8.39e-04	4.05e-03	5.20e-03	1.56e-02	2.48e-01	4.44e-01	2.25e-01	5.12e-02	6.05e-03	2.74e-04	9.33e-06	7.52e-07	0.00e+00	0.00e+00	0.00e+00
 6.92879e+22	6.73e-16	1.24e-10	1.03e-06	4.81e-05	9.59e-04	4.55e-03	5.68e-03	1.70e-02	2.59e-01	4.44e-01	2.16e-01	4.74e-02	5.40e-03	2.37e-04	7.87e-06	6.22e-07	0.00e+00	0.00e+00	0.00e+00
 6.99246e+22	9.03e-16	1.60e-10	1.27e-06	5.84e-05	1.14e-03	5.28e-03	6.36e-03	1.91e-02	2.73e-01	4.43e-01	2.04e-01	4.28e-02	4.64e-03	1.96e-04	6.30e-06	4.86e-07	0.00e+00	0.00e+00	0.00e+00
 7.05732e+22	1.15e-15	1.96e-10	1.51e-06	6.85e-05	1.31e-03	5.94e-03	6.94e-03	2.08e-02	2.85e-01	4.41e-01	1.95e-01	3.95e-02	4.12e-03	1.69e-04	5.28e-06	4.00e-07	0.00e+00	0.00e+00	0.00e+00
 7.12372e+22	1.57e-15	2.56e-10	1.88e-06	8.42e-05	1.56e-03	6.90e-03	7.75e-03	2.32e-02	3.00e-01	4.38e-01	1.83e-01	3.54e-02	3.52e-03	1.39e-04	4.19e-06	3.09e-07	0.00e+00	0.00e+00	0.00e+00
 7.19167e+22	2.04e-15	3.20e-10	2.27e-06	9.97e-05	1.80e-03	7.78e-03	8.46e-03	2.53e-02	3.12e-01	4.35e-01	1.74e-01	3.24e-02	3.10e-03	1.19e-04	3.48e-06	2.52e-07	0.00e+00	0.00e+00	0.00e+00
 7.26162e+22	2.86e-15	4.28e-10	2.89e-06	1.24e-04	2.16e-03	9.07e-03	9.45e-03	2.83e-02	3.27e-01	4.30e-01	1.62e-01	2.89e-02	2.62e-03	9.69e-05	2.73e-06	1.93e-07	0.00e+00	0.00e+00	0.00e+00
 7.33284e+22	3.76e-15	5.43e-10	3.53e-06	1.48e-04	2.50e-03	1.02e-02	1.03e-02	3.07e-02	3.39e-01	4.25e-01	1.54e-01	2.63e-02	2.30e-03	8.26e-05	2.26e-06	1.56e-07	0.00e+00	0.00e+00	0.00e+00
 7.39303e+22	4.83e-15	6.73e-10	4.22e-06	1.74e-04	2.85e-03	1.14e-02	1.11e-02	3.30e-02	3.49e-01	4.20e-01	1.46e-01	2.41e-02	2.03e-03	7.12e-05	1.90e-06	1.29e-07	0.00e+00	0.00e+00	0.00e+00
 7.45860e+22	6.68e-15	8.91e-10	5.34e-06	2.14e-04	3.38e-03	1.31e-02	1.23e-02	3.63e-02	3.62e-01	4.13e-01	1.36e-01	2.16e-02	1.74e-03	5.88e-05	1.51e-06	0.00e+00	0.00e+00	0.00e+00	0.00e+00
 7.52208e+22	8.43e-15	1.09e-09	6.34e-06	2.48e-04	3.81e-03	1.44e-02	1.31e-02	3.87e-02	3.72e-01	4.07e-01	1.30e-01	1.99e-02	1.55e-03	5.13e-05	1.29e-06	0.00e+00	0.00e+00	0.00e+00	0.00e+00
 7.58283e+22	1.14e-14	1.42e-09	7.91e-06	3.00e-04	4.45e-03	1.63e-02	1.43e-02	4.20e-02	3.83e-01	3.99e-01	1.21e-01	1.79e-02	1.34e-03	4.29e-05	1.04e-06	0.00e+00	0.00e+00	0.00e+00	0.00e+00
 7.64422e+22	1.45e-14	1.75e-09	9.44e-06	3.49e-04	5.03e-03	1.80e-02	1.53e-02	4.46e-02	3.92e-01	3.93e-01	1.15e-01	1.65e-02	1.19e-03	3.74e-05	8.90e-07	0.00e+00	0.00e+00	0.00e+00	0.00e+00
 7.70644e+22	1.99e-14	2.29e-09	1.19e-05	4.25e-04	5.88e-03	2.04e-02	1.66e-02	4.83e-02	4.02e-01	3.83e-01	1.07e-01	1.47e-02	1.02e-03	3.12e-05	7.17e-07	0.00e+00	0.00e+00	0.00e+00	0.00e+00
 7.76959e+22	2.55e-14	2.85e-09	1.43e-05	4.97e-04	6.65e-03	2.24e-02	1.78e-02	5.12e-02	4.10e-01	3.76e-01	1.01e-01	1.35e-02	9.07e-04	2.70e-05	6.07e-07	0.00e+00	0.00e+00	0.00e+00	0.00e+00
 7.83396e+22	3.53e-14	3.78e-09	1.81e-05	6.08e-04	7.80e-03	2.54e-02	1.93e-02	5.53e-02	4.20e-01	3.65e-01	9.37e-02	1.20e-02	7.73e-04	2.24e-05	4.86e-07	0.00e+00	0.00e+00	0.00e+00	0.00e+00
 7.89926e+22	4.57e-14	4.72e-09	2.19e-05	7.13e-04	8.85e-03	2.80e-02	2.06e-02	5.85e-02	4.27e-01	3.57e-01	8.82e-02	1.10e-02	6.82e-04	1.93e-05	4.09e-07	0.00e+00	0.00e+00	0.00e+00	0.00e+00
 7.96576e+22	6.40e-14	6.32e-09	2.80e-05	8.76e-04	1.04e-02	3.17e-02	2.24e-02	6.30e-02	4.35e-01	3.45e-01	8.12e-02	9.67e-03	5.77e-04	1.59e-05	3.25e-07	0.00e+00	0.00e+00	0.00e+00	0.00e+00
 8.03345e+22	8.36e-14	7.97e-09	3.41e-05	1.03e-03	1.18e-02	3.49e-02	2.39e-02	6.64e-02	4.41e-01	3.36e-01	7.60e-02	8.77e-03	5.06e-04	1.36e-05	2.72e-07	0.00e+00	0.00e+00	0.00e+00	0.00e+00
 8.10269e+22	1.19e-13	1.08e-08	4.41e-05	1.28e-03	1.39e-02	3.96e-02	2.59e-02	7.13e-02	4.48e-01	3.23e-01	6.95e-02	7.68e-03	4.24e-04	1.11e-05	2.13e-07	0.00e+00	0.00e+00	0.00e+00	0.00e+00
 8.17345e+22	1.57e-13	1.38e-08	5.42e-05	1.51e-03	1.59e-02	4.37e-02	2.76e-02	7.52e-02	4.52e-01	3.12e-01	6.46e-02	6.91e-03	3.69e-04	9.40e-06	1.76e-07	0.00e+00	0.00e+00	0.00e+00	0.00e+00
 8.24620e+22	2.25e-13	1.89e-08	7.07e-05	1.88e-03	1.88e-02	4.95e-02	2.99e-02	8.04e-02	4.56e-01	2.98e-01	5.86e-02	5.99e-03	3.06e-04	7.57e-06	1.37e-07	0.00e+00	0.00e+00	0.00e+00	0.00e+00
 8.32095e+22	3.02e-13	2.43e-08	8.78e-05	2.25e-03	2.16e-02	5.47e-02	3.18e-02	8.46e-02	4.59e-01	2.86e-01	5.40e-02	5.33e-03	2.63e-04	6.35e-06	0.00e+00	0.00e+00	0.00e+00	0.00e+00	0.00e+00
 8.39831e+22	4.43e-13	3.39e-08	1.16e-04	2.82e-03	2.56e-02	6.21e-02	3.44e-02	9.01e-02	4.61e-01	2.71e-01	4.84e-02	4.57e-03	2.15e-04	5.03e-06	0.00e+00	0.00e+00	0.00e+00	0.00e+00	0.00e+00
 8.47634e+22	5.94e-13	4.37e-08	1.44e-04	3.36e-03	2.92e-02	6.83e-02	3.65e-02	9.42e-02	4.60e-01	2.59e-01	4.44e-02	4.04e-03	1.83e-04	4.20e-06	0.00e+00	0.00e+00	0.00e+00	0.00e+00	0.00e+00
 8.55525e+22	8.73e-13	6.10e-08	1.90e-04	4.21e-03	3.47e-02	7.71e-02	3.92e-02	9.98e-02	4.59e-01	2.43e-01	3.94e-02	3.43e-03	1.48e-04	3.30e-06	0.00e+00	0.00e+00	0.00e+00	0.00e+00	0.00e+00
 8.63499e+22	1.17e-12	7.87e-08	2.36e-04	5.00e-03	3.94e-02	8.45e-02	4.14e-02	1.04e-01	4.56e-01	2.31e-01	3.59e-02	3.02e-03	1.26e-04	2.74e-06	0.00e+00	0.00e+00	0.00e+00	0.00e+00	0.00e+00
 8.71583e+22	1.73e-12	1.10e-07	3.12e-04	6.25e-03	4.66e-02	9.49e-02	4.43e-02	1.09e-01	4.50e-01	2.15e-01	3.15e-02	2.53e-03	1.01e-04	2.13e-06	0.00e+00	0.00e+00	0.00e+00	0.00e+00	0.00e+00
 8.79805e+22	2.33e-12	1.42e-07	3.88e-04	7.43e-03	5.29e-02	1.04e-01	4.65e-02	1.13e-01	4.44e-01	2.02e-01	2.84e-02	2.20e-03	8.45e-05	1.74e-06	0.00e+00	0.00e+00	0.00e+00	0.00e+00	0.00e+00
 8.87058e+22	3.13e-12	1.83e-07	4.79e-04	8.78e-03	5.98e-02	1.13e-01	4.87e-02	1.16e-01	4.37e-01	1.89e-01	2.56e-02	1.91e-03	7.08e-05	1.42e-06	0.00e+00	0.00e+00	0.00e+00	0.00e+00	0.00e+00
 8.95336e+22	4.56e-12	2.53e-07	6.27e-04	1.08e-02	6.97e-02	1.25e-01	5.14e-02	1.20e-01	4.25e-01	1.74e-01	2.22e-02	1.58e-03	5.61e-05	1.10e-06	0.00e+00	0.00e+00	0.00e+00	0.00e+00	0.00e+00
 9.03805e+22	6.19e-12	3.29e-07	7.79e-04	1.28e-02	7.87e-02	1.35e-01	5.35e-02	1.23e-01	4.14e-01	1.61e-01	1.97e-02	1.35e-03	4.61e-05	8.81e-07	0.00e+00	0.00e+00	0.00e+00	0.00e+00	0.00e+00
 9.10720e+22	7.93e-12	4.06e-07	9.28e-04	1.47e-02	8.67e-02	1.44e-01	5.51e-02	1.25e-01	4.04e-01	1.51e-01	1.78e-02	1.18e-03	3.92e-05	7.35e-07	0.00e+00	0.00e+00	0.00e+00	0.00e+00	0.00e+00
 9.17907e+22	1.08e-11	5.28e-07	1.15e-03	1.74e-02	9.75e-02	1.54e-01	5.70e-02	1.27e-01	3.91e-01	1.39e-01	1.56e-02	1.00e-03	3.19e-05	5.84e-07	0.00e+00	0.00e+00	0.00e+00	0.00e+00	0.00e+00
 9.25346e+22	1.40e-11	6.59e-07	1.38e-03	2.00e-02	1.08e-01	1.64e-01	5.85e-02	1.28e-01	3.78e-01	1.28e-01	1.39e-02	8.61e-04	2.66e-05	4.76e-07	0.00e+00	0.00e+00	0.00e+00	0.00e+00	0.00e+00
 9.32079e+22	1.80e-11	8.17e-07	1.65e-03	2.28e-02	1.18e-01	1.73e-01	5.98e-02	1.29e-01	3.64e-01	1.19e-01	1.23e-02	7.42e-04	2.22e-05	3.90e-07	0.00e+00	0.00e+00	0.00e+00	0.00e+00	0.00e+00
 9.39796e+22	2.46e-11	1.06e-06	2.04e-03	2.69e-02	1.32e-01	1.85e-01	6.12e-02	1.29e-01	3.46e-01	1.07e-01	1.06e-02	6.12e-04	1.76e-05	3.02e-07	0.00e+00	0.00e+00	0.00e+00	0.00e+00	0.00e+00
 9.47785e+22	3.25e-11	1.34e-06	2.47e-03	3.10e-02	1.45e-01	1.95e-01	6.21e-02	1.29e-01	3.30e-01	9.69e-02	9.20e-03	5.13e-04	1.42e-05	2.39e-07	0.00e+00	0.00e+00	0.00e+00	0.00e+00	0.00e+00
 9.54888e+22	4.16e-11	1.65e-06	2.92e-03	3.51e-02	1.57e-01	2.03e-01	6.28e-02	1.28e-01	3.14e-01	8.83e-02	8.07e-03	4.35e-04	1.17e-05	1.93e-07	0.00e+00	0.00e+00	0.00e+00	0.00e+00	0.00e+00
 9.62880e+22	5.65e-11	2.14e-06	3.59e-03	4.08e-02	1.73e-01	2.14e-01	6.34e-02	1.26e-01	2.93e-01	7.82e-02	6.80e-03	3.53e-04	9.12e-06	1.46e-07	0.00e+00	0.00e+00	0.00e+00	0.00e+00	0.00e+00
 9.71207e+22	7.42e-11	2.68e-06	4.31e-03	4.66e-02	1.88e-01	2.22e-01	6.35e-02	1.24e-01	2.75e-01	6.96e-02	5.79e-03	2.90e-04	7.22e-06	0.00e+00	0.00e+00	0.00e+00	0.00e+00	0.00e+00	0.00e+00
 9.78695e+22	9.49e-11	3.29e-06	5.07e-03	5.24e-02	2.02e-01	2.30e-01	6.34e-02	1.22e-01	2.58e-01	6.23e-02	4.98e-03	2.41e-04	5.82e-06	0.00e+00	0.00e+00	0.00e+00	0.00e+00	0.00e+00	0.00e+00
 9.87156e+22	1.29e-10	4.24e-06	6.19e-03	6.04e-02	2.20e-01	2.38e-01	6.29e-02	1.18e-01	2.36e-01	5.39e-02	4.09e-03	1.90e-04	4.40e-06	0.00e+00	0.00e+00	0.00e+00	0.00e+00	0.00e+00	0.00e+00
 9.95901e+22	1.68e-10	5.29e-06	7.37e-03	6.82e-02	2.36e-01	2.44e-01	6.21e-02	1.15e-01	2.17e-01	4.70e-02	3.41e-03	1.53e-04	3.41e-06	0.00e+00	0.00e+00	0.00e+00	0.00e+00	0.00e+00	0.00e+00
 1.00370e+23	2.14e-10	6.45e-06	8.60e-03	7.59e-02	2.51e-01	2.48e-01	6.12e-02	1.11e-01	2.00e-01	4.14e-02	2.88e-03	1.24e-04	2.69e-06	0.00e+00	0.00e+00	0.00e+00	0.00e+00	0.00e+00	0.00e+00
 1.01253e+23	2.89e-10	8.23e-06	1.04e-02	8.62e-02	2.69e-01	2.53e-01	5.97e-02	1.05e-01	1.80e-01	3.50e-02	2.31e-03	9.57e-05	1.98e-06	0.00e+00	0.00e+00	0.00e+00	0.00e+00	0.00e+00	0.00e+00
 1.02171e+23	3.76e-10	1.02e-05	1.22e-02	9.62e-02	2.85e-01	2.55e-01	5.80e-02	1.00e-01	1.62e-01	2.99e-02	1.88e-03	7.52e-05	1.50e-06	0.00e+00	0.00e+00	0.00e+00	0.00e+00	0.00e+00	0.00e+00
 1.02998e+23	4.79e-10	1.24e-05	1.42e-02	1.06e-01	2.98e-01	2.56e-01	5.63e-02	9.51e-02	1.47e-01	2.57e-02	1.55e-03	5.97e-05	1.15e-06	0.00e+00	0.00e+00	0.00e+00	0.00e+00	0.00e+00	0.00e+00
 1.03937e+23	6.48e-10	1.58e-05	1.71e-02	1.19e-01	3.15e-01	2.56e-01	5.38e-02	8.85e-02	1.28e-01	2.10e-02	1.20e-03	4.42e-05	8.15e-07	0.00e+00	0.00e+00	0.00e+00	0.00e+00	0.00e+00	0.00e+00
 1.04899e+23	8.32e-10	1.93e-05	1.98e-02	1.31e-01	3.28e-01	2.54e-01	5.16e-02	8.29e-02	1.14e-01	1.77e-02	9.63e-04	3.42e-05	6.07e-07	0.00e+00	0.00e+00	0.00e+00	0.00e+00	0.00e+00	0.00e+00
 1.05762e+23	1.06e-09	2.34e-05	2.28e-02	1.43e-01	3.40e-01	2.51e-01	4.93e-02	7.74e-02	1.01e-01	1.49e-02	7.75e-04	2.65e-05	4.54e-07	0.00e+00	0.00e+00	0.00e+00	0.00e+00	0.00e+00	0.00e+00
 1.06753e+23	1.43e-09	2.97e-05	2.72e-02	1.59e-01	3.53e-01	2.46e-01	4.62e-02	7.05e-02	8.59e-02	1.18e-02	5.81e-04	1.90e-05	3.10e-07	0.00e+00	0.00e+00	0.00e+00	0.00e+00	0.00e+00	0.00e+00
 1.07753e+23	1.82e-09	3.59e-05	3.12e-02	1.72e-01	3.62e-01	2.41e-01	4.36e-02	6.50e-02	7.51e-02	9.77e-03	4.58e-04	1.44e-05	2.27e-07	0.00e+00	0.00e+00	0.00e+00	0.00e+00	0.00e+00	0.00e+00
 1.08766e+23	2.43e-09	4.50e-05	3.68e-02	1.89e-01	3.71e-01	2.33e-01	4.04e-02	5.85e-02	6.33e-02	7.68e-03	3.40e-04	1.02e-05	1.54e-07	0.00e+00	0.00e+00	0.00e+00	0.00e+00	0.00e+00	0.00e+00
 1.09794e+23	3.08e-09	5.41e-05	4.19e-02	2.03e-01	3.77e-01	2.26e-01	3.78e-02	5.34e-02	5.46e-02	6.25e-03	2.64e-04	7.64e-06	0.00e+00	0.00e+00	0.00e+00	0.00e+00	0.00e+00	0.00e+00	0.00e+00
 1.10844e+23	4.12e-09	6.79e-05	4.92e-02	2.21e-01	3.82e-01	2.16e-01	3.46e-02	4.73e-02	4.51e-02	4.80e-03	1.91e-04	5.28e-06	0.00e+00	0.00e+00	0.00e+00	0.00e+00	0.00e+00	0.00e+00	0.00e+00
 1.11905e+23	5.19e-09	8.10e-05	5.56e-02	2.36e-01	3.84e-01	2.07e-01	3.21e-02	4.27e-02	3.86e-02	3.87e-03	1.47e-04	3.91e-06	0.00e+00	0.00e+00	0.00e+00	0.00e+00	0.00e+00	0.00e+00	0.00e+00
 1.12979e+23	6.93e-09	1.01e-04	6.48e-02	2.54e-01	3.85e-01	1.95e-01	2.90e-02	3.73e-02	3.14e-02	2.92e-03	1.04e-04	2.65e-06	0.00e+00	0.00e+00	0.00e+00	0.00e+00	0.00e+00	0.00e+00	0.00e+00
 1.14063e+23	8.67e-09	1.20e-04	7.27e-02	2.69e-01	3.84e-01	1.86e-01	2.67e-02	3.34e-02	2.66e-02	2.34e-03	7.96e-05	1.94e-06	0.00e+00	0.00e+00	0.00e+00	0.00e+00	0.00e+00	0.00e+00	0.00e+00
 1.15161e+23	1.15e-08	1.48e-04	8.39e-02	2.87e-01	3.80e-01	1.73e-01	2.38e-02	2.89e-02	2.14e-02	1.74e-03	5.58e-05	1.30e-06	0.00e+00	0.00e+00	0.00e+00	0.00e+00	0.00e+00	0.00e+00	0.00e+00
 1.16274e+23	1.44e-08	1.75e-04	9.36e-02	3.01e-01	3.76e-01	1.63e-01	2.17e-02	2.56e-02	1.79e-02	1.37e-03	4.20e-05	9.39e-07	0.00e+00	0.00e+00	0.00e+00	0.00e+00	0.00e+00	0.00e+00	0.00e+00
 1.17238e+23	1.77e-08	2.04e-04	1.04e-01	3.13e-01	3.70e-01	1.54e-01	1.99e-02	2.28e-02	1.51e-02	1.09e-03	3.19e-05	6.88e-07	0.00e+00	0.00e+00	0.00e+00	0.00e+00	0.00e+00	0.00e+00	0.00e+00
 1.18323e+23	2.31e-08	2.49e-04	1.17e-01	3.29e-01	3.61e-01	1.42e-01	1.76e-02	1.95e-02	1.21e-02	8.06e-04	2.23e-05	4.58e-07	0.00e+00	0.00e+00	0.00e+00	0.00e+00	0.00e+00	0.00e+00	0.00e+00
 1.19381e+23	2.78e-08	2.86e-04	1.28e-01	3.40e-01	3.54e-01	1.33e-01	1.61e-02	1.74e-02	1.02e-02	6.48e-04	1.72e-05	3.42e-07	0.00e+00	0.00e+00	0.00e+00	0.00e+00	0.00e+00	0.00e+00	0.00e+00
 1.20264e+23	3.34e-08	3.27e-04	1.39e-01	3.50e-01	3.46e-01	1.25e-01	1.47e-02	1.55e-02	8.68e-03	5.20e-04	1.33e-05	2.55e-07	0.00e+00	0.00e+00	0.00e+00	0.00e+00	0.00e+00	0.00e+00	0.00e+00
 1.21270e+23	4.21e-08	3.86e-04	1.55e-01	3.62e-01	3.34e-01	1.15e-01	1.31e-02	1.33e-02	7.02e-03	3.92e-04	9.52e-06	1.75e-07	0.00e+00	0.00e+00	0.00e+00	0.00e+00	0.00e+00	0.00e+00	0.00e+00
 1.22276e+23	5.03e-08	4.39e-04	1.67e-01	3.70e-01	3.25e-01	1.08e-01	1.19e-02	1.18e-02	5.92e-03	3.13e-04	7.30e-06	1.30e-07	0.00e+00	0.00e+00	0.00e+00	0.00e+00	0.00e+00	0.00e+00	0.00e+00
 1.23283e+23	6.28e-08	5.15e-04	1.84e-01	3.79e-01	3.12e-01	9.84e-02	1.05e-02	1.01e-02	4.77e-03	2.36e-04	5.23e-06	0.00e+00	0.00e+00	0.00e+00	0.00e+00	0.00e+00	0.00e+00	0.00e+00	0.00e+00
 1.24309e+23	7.52e-08	5.85e-04	1.99e-01	3.86e-01	3.01e-01	9.13e-02	9.52e-03	8.88e-03	3.99e-03	1.86e-04	3.96e-06	0.00e+00	0.00e+00	0.00e+00	0.00e+00	0.00e+00	0.00e+00	0.00e+00	0.00e+00
 1.25357e+23	9.40e-08	6.85e-04	2.17e-01	3.93e-01	2.86e-01	8.28e-02	8.36e-03	7.52e-03	3.18e-03	1.38e-04	2.80e-06	0.00e+00	0.00e+00	0.00e+00	0.00e+00	0.00e+00	0.00e+00	0.00e+00	0.00e+00
 1.26413e+23	1.12e-07	7.75e-04	2.33e-01	3.98e-01	2.74e-01	7.64e-02	7.51e-03	6.57e-03	2.64e-03	1.08e-04	2.11e-06	0.00e+00	0.00e+00	0.00e+00	0.00e+00	0.00e+00	0.00e+00	0.00e+00	0.00e+00
 1.27479e+23	1.39e-07	9.02e-04	2.54e-01	4.03e-01	2.59e-01	6.89e-02	6.56e-03	5.53e-03	2.09e-03	7.94e-05	1.48e-06	0.00e+00	0.00e+00	0.00e+00	0.00e+00	0.00e+00	0.00e+00	0.00e+00	0.00e+00
 1.28559e+23	1.66e-07	1.02e-03	2.71e-01	4.05e-01	2.47e-01	6.31e-02	5.86e-03	4.80e-03	1.72e-03	6.17e-05	1.10e-06	0.00e+00	0.00e+00	0.00e+00	0.00e+00	0.00e+00	0.00e+00	0.00e+00	0.00e+00
 1.29423e+23	1.91e-07	1.12e-03	2.86e-01	4.06e-01	2.37e-01	5.87e-02	5.33e-03	4.27e-03	1.47e-03	5.02e-05	8.69e-07	0.00e+00	0.00e+00	0.00e+00	0.00e+00	0.00e+00	0.00e+00	0.00e+00	0.00e+00
 1.30316e+23	2.27e-07	1.26e-03	3.04e-01	4.07e-01	2.24e-01	5.37e-02	4.76e-03	3.69e-03	1.21e-03	3.89e-05	6.49e-07	0.00e+00	0.00e+00	0.00e+00	0.00e+00	0.00e+00	0.00e+00	0.00e+00	0.00e+00
 1.31228e+23	2.61e-07	1.39e-03	3.20e-01	4.07e-01	2.14e-01	4.97e-02	4.31e-03	3.26e-03	1.02e-03	3.13e-05	5.06e-07	0.00e+00	0.00e+00	0.00e+00	0.00e+00	0.00e+00	0.00e+00	0.00e+00	0.00e+00
 1.32041e+23	3.00e-07	1.52e-03	3.35e-01	4.06e-01	2.04e-01	4.60e-02	3.91e-03	2.89e-03	8.72e-04	2.54e-05	3.98e-07	0.00e+00	0.00e+00	0.00e+00	0.00e+00	0.00e+00	0.00e+00	0.00e+00	0.00e+00
 1.32969e+23	3.55e-07	1.70e-03	3.55e-01	4.03e-01	1.92e-01	4.18e-02	3.46e-03	2.48e-03	7.11e-04	1.95e-05	2.94e-07	0.00e+00	0.00e+00	0.00e+00	0.00e+00	0.00e+00	0.00e+00	0.00e+00	0.00e+00
 1.33909e+23	4.08e-07	1.87e-03	3.71e-01	4.01e-01	1.82e-01	3.85e-02	3.12e-03	2.18e-03	5.99e-04	1.56e-05	2.28e-07	0.00e+00	0.00e+00	0.00e+00	0.00e+00	0.00e+00	0.00e+00	0.00e+00	0.00e+00
 1.34732e+23	4.66e-07	2.04e-03	3.87e-01	3.98e-01	1.73e-01	3.55e-02	2.82e-03	1.93e-03	5.08e-04	1.25e-05	1.78e-07	0.00e+00	0.00e+00	0.00e+00	0.00e+00	0.00e+00	0.00e+00	0.00e+00	0.00e+00
 1.35672e+23	5.50e-07	2.27e-03	4.07e-01	3.93e-01	1.61e-01	3.21e-02	2.49e-03	1.65e-03	4.13e-04	9.59e-06	1.31e-07	0.00e+00	0.00e+00	0.00e+00	0.00e+00	0.00e+00	0.00e+00	0.00e+00	0.00e+00
 1.36628e+23	6.29e-07	2.48e-03	4.23e-01	3.88e-01	1.52e-01	2.94e-02	2.24e-03	1.44e-03	3.47e-04	7.64e-06	0.00e+00	0.00e+00	0.00e+00	0.00e+00	0.00e+00	0.00e+00	0.00e+00	0.00e+00	0.00e+00
 1.37475e+23	7.17e-07	2.70e-03	4.40e-01	3.83e-01	1.44e-01	2.71e-02	2.01e-03	1.27e-03	2.92e-04	6.12e-06	0.00e+00	0.00e+00	0.00e+00	0.00e+00	0.00e+00	0.00e+00	0.00e+00	0.00e+00	0.00e+00
 1.38445e+23	8.43e-07	2.99e-03	4.60e-01	3.76e-01	1.33e-01	2.43e-02	1.76e-03	1.08e-03	2.36e-04	4.63e-06	0.00e+00	0.00e+00	0.00e+00	0.00e+00	0.00e+00	0.00e+00	0.00e+00	0.00e+00	0.00e+00
 1.39430e+23	9.63e-07	3.25e-03	4.77e-01	3.70e-01	1.25e-01	2.22e-02	1.58e-03	9.40e-04	1.97e-04	3.67e-06	0.00e+00	0.00e+00	0.00e+00	0.00e+00	0.00e+00	0.00e+00	0.00e+00	0.00e+00	0.00e+00
 1.40435e+23	1.13e-06	3.61e-03	4.97e-01	3.61e-01	1.15e-01	1.98e-02	1.38e-03	7.94e-04	1.58e-04	2.75e-06	0.00e+00	0.00e+00	0.00e+00	0.00e+00	0.00e+00	0.00e+00	0.00e+00	0.00e+00	0.00e+00
 1.41450e+23	1.30e-06	3.92e-03	5.14e-01	3.54e-01	1.08e-01	1.81e-02	1.23e-03	6.90e-04	1.31e-04	2.16e-06	0.00e+00	0.00e+00	0.00e+00	0.00e+00	0.00e+00	0.00e+00	0.00e+00	0.00e+00	0.00e+00
 1.42342e+23	1.48e-06	4.25e-03	5.31e-01	3.46e-01	1.01e-01	1.65e-02	1.10e-03	6.02e-04	1.10e-04	1.72e-06	0.00e+00	0.00e+00	0.00e+00	0.00e+00	0.00e+00	0.00e+00	0.00e+00	0.00e+00	0.00e+00
 1.43365e+23	1.73e-06	4.70e-03	5.52e-01	3.35e-01	9.22e-02	1.46e-02	9.50e-04	5.07e-04	8.75e-05	1.28e-06	0.00e+00	0.00e+00	0.00e+00	0.00e+00	0.00e+00	0.00e+00	0.00e+00	0.00e+00	0.00e+00
 1.44404e+23	1.98e-06	5.09e-03	5.68e-01	3.26e-01	8.57e-02	1.33e-02	8.44e-04	4.40e-04	7.25e-05	1.00e-06	0.00e+00	0.00e+00	0.00e+00	0.00e+00	0.00e+00	0.00e+00	0.00e+00	0.00e+00	0.00e+00
 1.45464e+23	2.32e-06	5.62e-03	5.89e-01	3.15e-01	7.81e-02	1.17e-02	7.29e-04	3.69e-04	5.75e-05	7.42e-07	0.00e+00	0.00e+00	0.00e+00	0.00e+00	0.00e+00	0.00e+00	0.00e+00	0.00e+00	0.00e+00
 1.46546e+23	2.66e-06	6.10e-03	6.05e-01	3.05e-01	7.22e-02	1.06e-02	6.43e-04	3.18e-04	4.72e-05	5.75e-07	0.00e+00	0.00e+00	0.00e+00	0.00e+00	0.00e+00	0.00e+00	0.00e+00	0.00e+00	0.00e+00
 1.47509e+23	3.03e-06	6.59e-03	6.21e-01	2.95e-01	6.67e-02	9.56e-03	5.69e-04	2.75e-04	3.89e-05	4.49e-07	0.00e+00	0.00e+00	0.00e+00	0.00e+00	0.00e+00	0.00e+00	0.00e+00	0.00e+00	0.00e+00
 1.48615e+23	3.56e-06	7.26e-03	6.41e-01	2.82e-01	6.04e-02	8.40e-03	4.88e-04	2.30e-04	3.06e-05	3.29e-07	0.00e+00	0.00e+00	0.00e+00	0.00e+00	0.00e+00	0.00e+00	0.00e+00	0.00e+00	0.00e+00
 1.49749e+23	4.09e-06	7.87e-03	6.57e-01	2.71e-01	5.54e-02	7.53e-03	4.28e-04	1.97e-04	2.49e-05	2.52e-07	0.00e+00	0.00e+00	0.00e+00	0.00e+00	0.00e+00	0.00e+00	0.00e+00	0.00e+00	0.00e+00
 1.50761e+23	4.66e-06	8.50e-03	6.72e-01	2.61e-01	5.09e-02	6.77e-03	3.76e-04	1.70e-04	2.04e-05	1.95e-07	0.00e+00	0.00e+00	0.00e+00	0.00e+00	0.00e+00	0.00e+00	0.00e+00	0.00e+00	0.00e+00
 1.51424e+23	4.87e-06	8.71e-03	6.77e-01	2.58e-01	4.95e-02	6.53e-03	3.60e-04	1.62e-04	1.90e-05	1.78e-07	0.00e+00	0.00e+00	0.00e+00	0.00e+00	0.00e+00	0.00e+00	0.00e+00	0.00e+00	0.00e+00
 1.51701e+23	4.99e-06	8.84e-03	6.80e-01	2.56e-01	4.86e-02	6.39e-03	3.51e-04	1.57e-04	1.83e-05	1.69e-07	0.00e+00	0.00e+00	0.00e+00	0.00e+00	0.00e+00	0.00e+00	0.00e+00	0.00e+00	0.00e+00
 1.51972e+23	5.21e-06	9.06e-03	6.84e-01	2.52e-01	4.73e-02	6.17e-03	3.37e-04	1.50e-04	1.71e-05	1.56e-07	0.00e+00	0.00e+00	0.00e+00	0.00e+00	0.00e+00	0.00e+00	0.00e+00	0.00e+00	0.00e+00
 1.52323e+23	5.45e-06	9.30e-03	6.90e-01	2.49e-01	4.59e-02	5.94e-03	3.22e-04	1.42e-04	1.60e-05	1.42e-07	0.00e+00	0.00e+00	0.00e+00	0.00e+00	0.00e+00	0.00e+00	0.00e+00	0.00e+00	0.00e+00
 1.52781e+23	5.83e-06	9.68e-03	6.97e-01	2.43e-01	4.39e-02	5.61e-03	3.01e-04	1.32e-04	1.44e-05	1.24e-07	0.00e+00	0.00e+00	0.00e+00	0.00e+00	0.00e+00	0.00e+00	0.00e+00	0.00e+00	0.00e+00
 1.53375e+23	6.34e-06	1.02e-02	7.07e-01	2.36e-01	4.15e-02	5.23e-03	2.77e-04	1.20e-04	1.26e-05	0.00e+00	0.00e+00	0.00e+00	0.00e+00	0.00e+00	0.00e+00	0.00e+00	0.00e+00	0.00e+00	0.00e+00
 1.54148e+23	7.04e-06	1.08e-02	7.18e-01	2.27e-01	3.86e-02	4.78e-03	2.49e-04	1.06e-04	1.07e-05	0.00e+00	0.00e+00	0.00e+00	0.00e+00	0.00e+00	0.00e+00	0.00e+00	0.00e+00	0.00e+00	0.00e+00
 1.54983e+23	7.79e-06	1.14e-02	7.28e-01	2.19e-01	3.60e-02	4.39e-03	2.25e-04	9.50e-05	9.12e-06	0.00e+00	0.00e+00	0.00e+00	0.00e+00	0.00e+00	0.00e+00	0.00e+00	0.00e+00	0.00e+00	0.00e+00
 1.55778e+23	8.60e-06	1.21e-02	7.38e-01	2.12e-01	3.36e-02	4.03e-03	2.03e-04	8.51e-05	7.80e-06	0.00e+00	0.00e+00	0.00e+00	0.00e+00	0.00e+00	0.00e+00	0.00e+00	0.00e+00	0.00e+00	0.00e+00
 1.56690e+23	9.76e-06	1.30e-02	7.51e-01	2.01e-01	3.07e-02	3.61e-03	1.79e-04	7.37e-05	6.37e-06	0.00e+00	0.00e+00	0.00e+00	0.00e+00	0.00e+00	0.00e+00	0.00e+00	0.00e+00	0.00e+00	0.00e+00
 1.57602e+23	1.07e-05	1.37e-02	7.60e-01	1.94e-01	2.87e-02	3.32e-03	1.62e-04	6.62e-05	5.46e-06	0.00e+00	0.00e+00	0.00e+00	0.00e+00	0.00e+00	0.00e+00	0.00e+00	0.00e+00	0.00e+00	0.00e+00
 1.58513e+23	1.21e-05	1.46e-02	7.71e-01	1.85e-01	2.63e-02	2.99e-03	1.43e-04	5.79e-05	4.50e-06	0.00e+00	0.00e+00	0.00e+00	0.00e+00	0.00e+00	0.00e+00	0.00e+00	0.00e+00	0.00e+00	0.00e+00
 1.59457e+23	1.34e-05	1.55e-02	7.80e-01	1.77e-01	2.44e-02	2.73e-03	1.28e-04	5.15e-05	3.80e-06	0.00e+00	0.00e+00	0.00e+00	0.00e+00	0.00e+00	0.00e+00	0.00e+00	0.00e+00	0.00e+00	0.00e+00
 1.60444e+23	1.53e-05	1.66e-02	7.91e-01	1.68e-01	2.21e-02	2.43e-03	1.12e-04	4.46e-05	3.07e-06	0.00e+00	0.00e+00	0.00e+00	0.00e+00	0.00e+00	0.00e+00	0.00e+00	0.00e+00	0.00e+00	0.00e+00
 1.61438e+23	1.69e-05	1.76e-02	7.99e-01	1.60e-01	2.05e-02	2.21e-03	1.00e-04	3.98e-05	2.59e-06	0.00e+00	0.00e+00	0.00e+00	0.00e+00	0.00e+00	0.00e+00	0.00e+00	0.00e+00	0.00e+00	0.00e+00
 1.62442e+23	1.92e-05	1.88e-02	8.09e-01	1.51e-01	1.86e-02	1.97e-03	8.75e-05	3.46e-05	2.09e-06	0.00e+00	0.00e+00	0.00e+00	0.00e+00	0.00e+00	0.00e+00	0.00e+00	0.00e+00	0.00e+00	0.00e+00
 1.63476e+23	2.15e-05	2.00e-02	8.17e-01	1.44e-01	1.71e-02	1.78e-03	7.78e-05	3.06e-05	1.74e-06	0.00e+00	0.00e+00	0.00e+00	0.00e+00	0.00e+00	0.00e+00	0.00e+00	0.00e+00	0.00e+00	0.00e+00
 1.64550e+23	2.46e-05	2.16e-02	8.27e-01	1.34e-01	1.54e-02	1.57e-03	6.70e-05	2.63e-05	1.38e-06	0.00e+00	0.00e+00	0.00e+00	0.00e+00	0.00e+00	0.00e+00	0.00e+00	0.00e+00	0.00e+00	0.00e+00
 1.65630e+23	2.75e-05	2.28e-02	8.34e-01	1.28e-01	1.42e-02	1.42e-03	5.97e-05	2.35e-05	1.15e-06	0.00e+00	0.00e+00	0.00e+00	0.00e+00	0.00e+00	0.00e+00	0.00e+00	0.00e+00	0.00e+00	0.00e+00
 1.66716e+23	3.14e-05	2.45e-02	8.42e-01	1.19e-01	1.27e-02	1.26e-03	5.16e-05	2.03e-05	9.14e-07	0.00e+00	0.00e+00	0.00e+00	0.00e+00	0.00e+00	0.00e+00	0.00e+00	0.00e+00	0.00e+00	0.00e+00
 1.67826e+23	3.51e-05	2.60e-02	8.48e-01	1.13e-01	1.17e-02	1.13e-03	4.57e-05	1.80e-05	7.57e-07	0.00e+00	0.00e+00	0.00e+00	0.00e+00	0.00e+00	0.00e+00	0.00e+00	0.00e+00	0.00e+00	0.00e+00
 1.68965e+23	4.04e-05	2.80e-02	8.56e-01	1.04e-01	1.04e-02	9.93e-04	3.92e-05	1.55e-05	5.94e-07	0.00e+00	0.00e+00	0.00e+00	0.00e+00	0.00e+00	0.00e+00	0.00e+00	0.00e+00	0.00e+00	0.00e+00
 1.70114e+23	4.53e-05	2.97e-02	8.61e-01	9.83e-02	9.54e-03	8.95e-04	3.47e-05	1.38e-05	4.89e-07	0.00e+00	0.00e+00	0.00e+00	0.00e+00	0.00e+00	0.00e+00	0.00e+00	0.00e+00	0.00e+00	0.00e+00
 1.71277e+23	5.23e-05	3.20e-02	8.68e-01	9.02e-02	8.50e-03	7.82e-04	2.96e-05	1.19e-05	3.82e-07	0.00e+00	0.00e+00	0.00e+00	0.00e+00	0.00e+00	0.00e+00	0.00e+00	0.00e+00	0.00e+00	0.00e+00
 1.72453e+23	5.87e-05	3.40e-02	8.73e-01	8.46e-02	7.75e-03	7.02e-04	2.61e-05	1.05e-05	3.13e-07	0.00e+00	0.00e+00	0.00e+00	0.00e+00	0.00e+00	0.00e+00	0.00e+00	0.00e+00	0.00e+00	0.00e+00
 1.73471e+23	6.57e-05	3.60e-02	8.77e-01	7.91e-02	7.09e-03	6.33e-04	2.32e-05	9.41e-06	2.58e-07	0.00e+00	0.00e+00	0.00e+00	0.00e+00	0.00e+00	0.00e+00	0.00e+00	0.00e+00	0.00e+00	0.00e+00
 1.74619e+23	7.55e-05	3.86e-02	8.82e-01	7.22e-02	6.34e-03	5.55e-04	1.99e-05	8.16e-06	2.03e-07	0.00e+00	0.00e+00	0.00e+00	0.00e+00	0.00e+00	0.00e+00	0.00e+00	0.00e+00	0.00e+00	0.00e+00
 1.75818e+23	8.59e-05	4.12e-02	8.86e-01	6.66e-02	5.73e-03	4.93e-04	1.73e-05	7.19e-06	1.63e-07	0.00e+00	0.00e+00	0.00e+00	0.00e+00	0.00e+00	0.00e+00	0.00e+00	0.00e+00	0.00e+00	0.00e+00
 1.77086e+23	1.01e-04	4.46e-02	8.90e-01	5.95e-02	5.04e-03	4.25e-04	1.46e-05	6.13e-06	1.24e-07	0.00e+00	0.00e+00	0.00e+00	0.00e+00	0.00e+00	0.00e+00	0.00e+00	0.00e+00	0.00e+00	0.00e+00
 1.78353e+23	1.15e-04	4.76e-02	8.93e-01	5.45e-02	4.55e-03	3.78e-04	1.27e-05	5.41e-06	0.00e+00	0.00e+00	0.00e+00	0.00e+00	0.00e+00	0.00e+00	0.00e+00	0.00e+00	0.00e+00	0.00e+00	0.00e+00
 1.79621e+23	1.35e-04	5.16e-02	8.96e-01	4.81e-02	4.00e-03	3.25e-04	1.07e-05	4.61e-06	0.00e+00	0.00e+00	0.00e+00	0.00e+00	0.00e+00	0.00e+00	0.00e+00	0.00e+00	0.00e+00	0.00e+00	0.00e+00
 1.80904e+23	1.55e-04	5.52e-02	8.97e-01	4.34e-02	3.59e-03	2.87e-04	9.28e-06	4.05e-06	0.00e+00	0.00e+00	0.00e+00	0.00e+00	0.00e+00	0.00e+00	0.00e+00	0.00e+00	0.00e+00	0.00e+00	0.00e+00
 1.82204e+23	1.86e-04	6.02e-02	8.99e-01	3.74e-02	3.12e-03	2.44e-04	7.71e-06	3.41e-06	0.00e+00	0.00e+00	0.00e+00	0.00e+00	0.00e+00	0.00e+00	0.00e+00	0.00e+00	0.00e+00	0.00e+00	0.00e+00
 1.83511e+23	2.15e-04	6.44e-02	8.99e-01	3.33e-02	2.80e-03	2.15e-04	6.69e-06	2.99e-06	0.00e+00	0.00e+00	0.00e+00	0.00e+00	0.00e+00	0.00e+00	0.00e+00	0.00e+00	0.00e+00	0.00e+00	0.00e+00
 1.84825e+23	2.60e-04	7.04e-02	8.99e-01	2.81e-02	2.41e-03	1.81e-04	5.53e-06	2.49e-06	0.00e+00	0.00e+00	0.00e+00	0.00e+00	0.00e+00	0.00e+00	0.00e+00	0.00e+00	0.00e+00	0.00e+00	0.00e+00
 1.86164e+23	3.06e-04	7.59e-02	8.97e-01	2.44e-02	2.14e-03	1.58e-04	4.74e-06	2.15e-06	0.00e+00	0.00e+00	0.00e+00	0.00e+00	0.00e+00	0.00e+00	0.00e+00	0.00e+00	0.00e+00	0.00e+00	0.00e+00
 1.87533e+23	3.77e-04	8.34e-02	8.94e-01	2.00e-02	1.82e-03	1.31e-04	3.88e-06	1.76e-06	0.00e+00	0.00e+00	0.00e+00	0.00e+00	0.00e+00	0.00e+00	0.00e+00	0.00e+00	0.00e+00	0.00e+00	0.00e+00
 1.88916e+23	4.53e-04	9.04e-02	8.91e-01	1.67e-02	1.58e-03	1.12e-04	3.28e-06	1.49e-06	0.00e+00	0.00e+00	0.00e+00	0.00e+00	0.00e+00	0.00e+00	0.00e+00	0.00e+00	0.00e+00	0.00e+00	0.00e+00
 1.89962e+23	5.21e-04	9.60e-02	8.87e-01	1.46e-02	1.43e-03	9.93e-05	2.91e-06	1.31e-06	0.00e+00	0.00e+00	0.00e+00	0.00e+00	0.00e+00	0.00e+00	0.00e+00	0.00e+00	0.00e+00	0.00e+00	0.00e+00
 1.90966e+23	6.20e-04	1.03e-01	8.83e-01	1.22e-02	1.24e-03	8.51e-05	2.49e-06	1.11e-06	0.00e+00	0.00e+00	0.00e+00	0.00e+00	0.00e+00	0.00e+00	0.00e+00	0.00e+00	0.00e+00	0.00e+00	0.00e+00
 1.92014e+23	7.32e-04	1.11e-01	8.77e-01	1.03e-02	1.09e-03	7.36e-05	2.16e-06	9.44e-07	0.00e+00	0.00e+00	0.00e+00	0.00e+00	0.00e+00	0.00e+00	0.00e+00	0.00e+00	0.00e+00	0.00e+00	0.00e+00
 1.93120e+23	9.00e-04	1.20e-01	8.70e-01	8.19e-03	9.21e-04	6.09e-05	1.80e-06	7.68e-07	0.00e+00	0.00e+00	0.00e+00	0.00e+00	0.00e+00	0.00e+00	0.00e+00	0.00e+00	0.00e+00	0.00e+00	0.00e+00
 1.94273e+23	1.11e-03	1.30e-01	8.61e-01	6.50e-03	7.74e-04	5.03e-05	1.51e-06	6.23e-07	0.00e+00	0.00e+00	0.00e+00	0.00e+00	0.00e+00	0.00e+00	0.00e+00	0.00e+00	0.00e+00	0.00e+00	0.00e+00
 1.95250e+23	1.34e-03	1.40e-01	8.53e-01	5.23e-03	6.57e-04	4.21e-05	1.28e-06	5.13e-07	0.00e+00	0.00e+00	0.00e+00	0.00e+00	0.00e+00	0.00e+00	0.00e+00	0.00e+00	0.00e+00	0.00e+00	0.00e+00
 1.96127e+23	1.63e-03	1.50e-01	8.44e-01	4.19e-03	5.53e-04	3.50e-05	1.09e-06	4.19e-07	0.00e+00	0.00e+00	0.00e+00	0.00e+00	0.00e+00	0.00e+00	0.00e+00	0.00e+00	0.00e+00	0.00e+00	0.00e+00
 1.96954e+23	1.98e-03	1.60e-01	8.34e-01	3.33e-03	4.63e-04	2.89e-05	9.20e-07	3.41e-07	0.00e+00	0.00e+00	0.00e+00	0.00e+00	0.00e+00	0.00e+00	0.00e+00	0.00e+00	0.00e+00	0.00e+00	0.00e+00
 1.97727e+23	2.42e-03	1.71e-01	8.24e-01	2.63e-03	3.83e-04	2.37e-05	7.74e-07	2.75e-07	0.00e+00	0.00e+00	0.00e+00	0.00e+00	0.00e+00	0.00e+00	0.00e+00	0.00e+00	0.00e+00	0.00e+00	0.00e+00
 1.98435e+23	2.96e-03	1.82e-01	8.13e-01	2.07e-03	3.15e-04	1.94e-05	6.49e-07	2.22e-07	0.00e+00	0.00e+00	0.00e+00	0.00e+00	0.00e+00	0.00e+00	0.00e+00	0.00e+00	0.00e+00	0.00e+00	0.00e+00
 1.99071e+23	3.63e-03	1.93e-01	8.02e-01	1.63e-03	2.58e-04	1.58e-05	5.43e-07	1.79e-07	0.00e+00	0.00e+00	0.00e+00	0.00e+00	0.00e+00	0.00e+00	0.00e+00	0.00e+00	0.00e+00	0.00e+00	0.00e+00
 1.99638e+23	4.43e-03	2.03e-01	7.91e-01	1.29e-03	2.12e-04	1.29e-05	4.56e-07	1.45e-07	0.00e+00	0.00e+00	0.00e+00	0.00e+00	0.00e+00	0.00e+00	0.00e+00	0.00e+00	0.00e+00	0.00e+00	0.00e+00
 2.00148e+23	5.40e-03	2.14e-01	7.79e-01	1.03e-03	1.75e-04	1.07e-05	3.84e-07	0.00e+00	0.00e+00	0.00e+00	0.00e+00	0.00e+00	0.00e+00	0.00e+00	0.00e+00	0.00e+00	0.00e+00	0.00e+00	0.00e+00
 2.00613e+23	6.57e-03	2.24e-01	7.68e-01	8.32e-04	1.45e-04	8.82e-06	3.24e-07	0.00e+00	0.00e+00	0.00e+00	0.00e+00	0.00e+00	0.00e+00	0.00e+00	0.00e+00	0.00e+00	0.00e+00	0.00e+00	0.00e+00
 2.01040e+23	8.02e-03	2.35e-01	7.56e-01	6.74e-04	1.20e-04	7.32e-06	2.75e-07	0.00e+00	0.00e+00	0.00e+00	0.00e+00	0.00e+00	0.00e+00	0.00e+00	0.00e+00	0.00e+00	0.00e+00	0.00e+00	0.00e+00
 2.01431e+23	9.77e-03	2.46e-01	7.44e-01	5.51e-04	1.01e-04	6.13e-06	2.34e-07	0.00e+00	0.00e+00	0.00e+00	0.00e+00	0.00e+00	0.00e+00	0.00e+00	0.00e+00	0.00e+00	0.00e+00	0.00e+00	0.00e+00
 2.01785e+23	1.19e-02	2.56e-01	7.32e-01	4.57e-04	8.51e-05	5.19e-06	2.01e-07	0.00e+00	0.00e+00	0.00e+00	0.00e+00	0.00e+00	0.00e+00	0.00e+00	0.00e+00	0.00e+00	0.00e+00	0.00e+00	0.00e+00
 2.02113e+23	1.44e-02	2.66e-01	7.19e-01	3.83e-04	7.27e-05	4.43e-06	1.74e-07	0.00e+00	0.00e+00	0.00e+00	0.00e+00	0.00e+00	0.00e+00	0.00e+00	0.00e+00	0.00e+00	0.00e+00	0.00e+00	0.00e+00
 2.02409e+23	1.72e-02	2.75e-01	7.07e-01	3.28e-04	6.31e-05	3.85e-06	1.53e-07	0.00e+00	0.00e+00	0.00e+00	0.00e+00	0.00e+00	0.00e+00	0.00e+00	0.00e+00	0.00e+00	0.00e+00	0.00e+00	0.00e+00
 2.02610e+23	1.94e-02	2.81e-01	6.99e-01	2.97e-04	5.77e-05	3.52e-06	1.41e-07	0.00e+00	0.00e+00	0.00e+00	0.00e+00	0.00e+00	0.00e+00	0.00e+00	0.00e+00	0.00e+00	0.00e+00	0.00e+00	0.00e+00
 2.02720e+23	2.08e-02	2.84e-01	6.95e-01	2.81e-04	5.49e-05	3.35e-06	1.35e-07	0.00e+00	0.00e+00	0.00e+00	0.00e+00	0.00e+00	0.00e+00	0.00e+00	0.00e+00	0.00e+00	0.00e+00	0.00e+00	0.00e+00
 2.02824e+23	2.23e-02	2.88e-01	6.89e-01	2.65e-04	5.22e-05	3.18e-06	1.29e-07	0.00e+00	0.00e+00	0.00e+00	0.00e+00	0.00e+00	0.00e+00	0.00e+00	0.00e+00	0.00e+00	0.00e+00	0.00e+00	0.00e+00
 2.02956e+23	2.43e-02	2.93e-01	6.82e-01	2.47e-04	4.90e-05	2.99e-06	1.21e-07	0.00e+00	0.00e+00	0.00e+00	0.00e+00	0.00e+00	0.00e+00	0.00e+00	0.00e+00	0.00e+00	0.00e+00	0.00e+00	0.00e+00
 2.03105e+23	2.69e-02	2.99e-01	6.74e-01	2.29e-04	4.58e-05	2.78e-06	1.14e-07	0.00e+00	0.00e+00	0.00e+00	0.00e+00	0.00e+00	0.00e+00	0.00e+00	0.00e+00	0.00e+00	0.00e+00	0.00e+00	0.00e+00
 2.03253e+23	2.96e-02	3.04e-01	6.67e-01	2.13e-04	4.29e-05	2.61e-06	1.07e-07	0.00e+00	0.00e+00	0.00e+00	0.00e+00	0.00e+00	0.00e+00	0.00e+00	0.00e+00	0.00e+00	0.00e+00	0.00e+00	0.00e+00
 2.03404e+23	3.28e-02	3.09e-01	6.57e-01	1.98e-04	4.01e-05	2.44e-06	1.01e-07	0.00e+00	0.00e+00	0.00e+00	0.00e+00	0.00e+00	0.00e+00	0.00e+00	0.00e+00	0.00e+00	0.00e+00	0.00e+00	0.00e+00
 2.03565e+23	3.66e-02	3.16e-01	6.47e-01	1.83e-04	3.74e-05	2.27e-06	0.00e+00	0.00e+00	0.00e+00	0.00e+00	0.00e+00	0.00e+00	0.00e+00	0.00e+00	0.00e+00	0.00e+00	0.00e+00	0.00e+00	0.00e+00
 2.03729e+23	4.08e-02	3.22e-01	6.37e-01	1.70e-04	3.49e-05	2.12e-06	0.00e+00	0.00e+00	0.00e+00	0.00e+00	0.00e+00	0.00e+00	0.00e+00	0.00e+00	0.00e+00	0.00e+00	0.00e+00	0.00e+00	0.00e+00
 2.03887e+23	4.52e-02	3.28e-01	6.27e-01	1.58e-04	3.28e-05	1.98e-06	0.00e+00	0.00e+00	0.00e+00	0.00e+00	0.00e+00	0.00e+00	0.00e+00	0.00e+00	0.00e+00	0.00e+00	0.00e+00	0.00e+00	0.00e+00
