#depth	S	S+	S+2	S+3	S+4	S+5	S+6	S+7	S+8	S+9	S+10	S+11	S+12	S+13	S+14	S+15	S+16
 1.54284e+22	6.66e-32	3.07e-18	5.79e-15	8.58e-13	5.72e-11	2.63e-09	4.09e-06	3.93e-04	8.83e-03	4.70e-02	1.67e-01	2.55e-01	1.73e-01	1.12e-01	1.97e-01	3.78e-02	2.37e-03
 3.40914e+22	1.95e-29	4.23e-16	4.53e-13	3.49e-11	1.18e-09	2.87e-08	2.72e-05	2.19e-03	3.65e-02	1.26e-01	2.89e-01	2.98e-01	1.29e-01	5.27e-02	6.04e-02	6.58e-03	2.35e-04
 3.86824e+22	6.42e-29	2.24e-15	2.01e-12	1.26e-10	3.44e-09	6.84e-08	5.32e-05	3.84e-03	5.59e-02	1.63e-01	3.16e-01	2.81e-01	1.04e-01	3.64e-02	3.60e-02	3.20e-03	9.34e-05
 4.07170e+22	1.60e-28	4.98e-15	4.11e-12	2.35e-10	5.77e-09	1.04e-07	7.33e-05	4.99e-03	6.78e-02	1.82e-01	3.25e-01	2.69e-01	9.17e-02	2.99e-02	2.76e-02	2.22e-03	5.87e-05
 4.15927e+22	2.10e-28	6.31e-15	5.09e-12	2.82e-10	6.72e-09	1.18e-07	8.06e-05	5.38e-03	7.17e-02	1.88e-01	3.26e-01	2.65e-01	8.81e-02	2.82e-02	2.54e-02	1.99e-03	5.10e-05
 4.20470e+22	2.92e-28	8.44e-15	6.60e-12	3.53e-10	8.11e-09	1.37e-07	9.05e-05	5.91e-03	7.67e-02	1.95e-01	3.28e-01	2.59e-01	8.39e-02	2.61e-02	2.30e-02	1.73e-03	4.28e-05
 4.25559e+22	4.06e-28	1.13e-14	8.56e-12	4.42e-10	9.79e-09	1.60e-07	1.02e-04	6.48e-03	8.19e-02	2.02e-01	3.30e-01	2.54e-01	7.97e-02	2.42e-02	2.07e-02	1.51e-03	3.59e-05
 4.30584e+22	5.59e-28	1.50e-14	1.10e-11	5.51e-10	1.17e-08	1.86e-07	1.14e-04	7.08e-03	8.73e-02	2.09e-01	3.31e-01	2.48e-01	7.57e-02	2.24e-02	1.87e-02	1.31e-03	3.02e-05
 4.36345e+22	8.64e-28	2.20e-14	1.55e-11	7.39e-10	1.50e-08	2.26e-07	1.32e-04	7.97e-03	9.49e-02	2.18e-01	3.31e-01	2.40e-01	7.05e-02	2.02e-02	1.63e-02	1.09e-03	2.38e-05
 4.42058e+22	1.18e-27	2.91e-14	1.99e-11	9.17e-10	1.80e-08	2.62e-07	1.47e-04	8.68e-03	1.01e-01	2.24e-01	3.31e-01	2.34e-01	6.68e-02	1.86e-02	1.47e-02	9.45e-04	2.00e-05
 4.46769e+22	1.57e-27	3.76e-14	2.51e-11	1.12e-09	2.12e-08	2.99e-07	1.63e-04	9.39e-03	1.06e-01	2.30e-01	3.31e-01	2.28e-01	6.35e-02	1.73e-02	1.34e-02	8.30e-04	1.70e-05
 4.51954e+22	2.31e-27	5.32e-14	3.41e-11	1.46e-09	2.64e-08	3.57e-07	1.86e-04	1.04e-02	1.14e-01	2.38e-01	3.29e-01	2.21e-01	5.92e-02	1.57e-02	1.17e-02	6.96e-04	1.36e-05
 4.57094e+22	3.06e-27	6.85e-14	4.27e-11	1.77e-09	3.10e-08	4.07e-07	2.05e-04	1.12e-02	1.20e-01	2.44e-01	3.28e-01	2.15e-01	5.62e-02	1.46e-02	1.06e-02	6.11e-04	1.16e-05
 4.62177e+22	4.43e-27	9.61e-14	5.78e-11	2.29e-09	3.84e-08	4.85e-07	2.33e-04	1.24e-02	1.28e-01	2.51e-01	3.26e-01	2.07e-01	5.24e-02	1.32e-02	9.33e-03	5.13e-04	9.29e-06
 4.67342e+22	5.90e-27	1.25e-13	7.30e-11	2.80e-09	4.54e-08	5.56e-07	2.58e-04	1.34e-02	1.35e-01	2.56e-01	3.23e-01	2.01e-01	4.94e-02	1.22e-02	8.41e-03	4.46e-04	7.81e-06
 4.72615e+22	8.63e-27	1.78e-13	1.00e-10	3.66e-09	5.67e-08	6.67e-07	2.94e-04	1.48e-02	1.45e-01	2.63e-01	3.20e-01	1.93e-01	4.58e-02	1.10e-02	7.31e-03	3.70e-04	6.17e-06
 4.77951e+22	1.15e-26	2.34e-13	1.27e-10	4.51e-09	6.75e-08	7.69e-07	3.27e-04	1.61e-02	1.52e-01	2.69e-01	3.17e-01	1.86e-01	4.30e-02	1.01e-02	6.55e-03	3.19e-04	5.14e-06
 4.83371e+22	1.69e-26	3.36e-13	1.76e-10	5.95e-09	8.50e-08	9.28e-07	3.75e-04	1.78e-02	1.62e-01	2.75e-01	3.12e-01	1.78e-01	3.96e-02	8.99e-03	5.65e-03	2.62e-04	4.02e-06
 4.88893e+22	2.29e-26	4.49e-13	2.27e-10	7.43e-09	1.02e-07	1.08e-06	4.19e-04	1.94e-02	1.71e-01	2.80e-01	3.08e-01	1.71e-01	3.69e-02	8.19e-03	5.00e-03	2.23e-04	3.29e-06
 4.94550e+22	3.38e-26	6.56e-13	3.19e-10	9.93e-09	1.30e-07	1.32e-06	4.86e-04	2.16e-02	1.83e-01	2.86e-01	3.01e-01	1.62e-01	3.37e-02	7.24e-03	4.26e-03	1.80e-04	2.52e-06
 5.00317e+22	4.61e-26	8.88e-13	4.18e-10	1.25e-08	1.59e-07	1.55e-06	5.47e-04	2.35e-02	1.93e-01	2.91e-01	2.96e-01	1.55e-01	3.12e-02	6.55e-03	3.74e-03	1.52e-04	2.04e-06
 5.06228e+22	6.85e-26	1.32e-12	5.94e-10	1.70e-08	2.05e-07	1.92e-06	6.39e-04	2.64e-02	2.06e-01	2.96e-01	2.88e-01	1.46e-01	2.81e-02	5.73e-03	3.14e-03	1.21e-04	1.53e-06
 5.12197e+22	9.32e-26	1.80e-12	7.84e-10	2.16e-08	2.51e-07	2.28e-06	7.24e-04	2.89e-02	2.17e-01	2.99e-01	2.81e-01	1.39e-01	2.59e-02	5.15e-03	2.73e-03	1.00e-04	1.22e-06
 5.17241e+22	1.23e-25	2.39e-12	1.01e-09	2.70e-08	3.03e-07	2.67e-06	8.13e-04	3.14e-02	2.27e-01	3.02e-01	2.75e-01	1.33e-01	2.39e-02	4.65e-03	2.40e-03	8.45e-05	9.84e-07
 5.22721e+22	1.73e-25	3.43e-12	1.39e-09	3.58e-08	3.86e-07	3.27e-06	9.43e-04	3.49e-02	2.41e-01	3.05e-01	2.66e-01	1.24e-01	2.16e-02	4.08e-03	2.03e-03	6.76e-05	7.48e-07
 5.28220e+22	2.26e-25	4.55e-12	1.80e-09	4.48e-08	4.67e-07	3.85e-06	1.06e-03	3.80e-02	2.52e-01	3.07e-01	2.59e-01	1.18e-01	1.98e-02	3.67e-03	1.77e-03	5.65e-05	6.00e-07
 5.33599e+22	3.07e-25	6.38e-12	2.44e-09	5.86e-08	5.90e-07	4.70e-06	1.23e-03	4.22e-02	2.65e-01	3.09e-01	2.50e-01	1.10e-01	1.79e-02	3.22e-03	1.49e-03	4.54e-05	4.57e-07
 5.39085e+22	4.00e-25	8.52e-12	3.17e-09	7.40e-08	7.21e-07	5.58e-06	1.40e-03	4.61e-02	2.77e-01	3.09e-01	2.41e-01	1.04e-01	1.63e-02	2.87e-03	1.29e-03	3.74e-05	3.60e-07
 5.44464e+22	5.24e-25	1.17e-11	4.23e-09	9.58e-08	9.04e-07	6.79e-06	1.61e-03	5.10e-02	2.91e-01	3.09e-01	2.32e-01	9.71e-02	1.46e-02	2.51e-03	1.09e-03	3.00e-05	2.75e-07
 5.49955e+22	6.71e-25	1.57e-11	5.51e-09	1.22e-07	1.11e-06	8.15e-06	1.84e-03	5.60e-02	3.04e-01	3.09e-01	2.23e-01	9.07e-02	1.32e-02	2.22e-03	9.25e-04	2.44e-05	2.13e-07
 5.55373e+22	8.57e-25	2.12e-11	7.24e-09	1.56e-07	1.39e-06	9.86e-06	2.12e-03	6.17e-02	3.17e-01	3.07e-01	2.13e-01	8.42e-02	1.18e-02	1.94e-03	7.80e-04	1.96e-05	1.63e-07
 5.60830e+22	1.08e-24	2.81e-11	9.41e-09	1.98e-07	1.71e-06	1.19e-05	2.43e-03	6.78e-02	3.30e-01	3.05e-01	2.03e-01	7.81e-02	1.05e-02	1.69e-03	6.58e-04	1.57e-05	1.25e-07
 5.66221e+22	1.34e-24	3.71e-11	1.22e-08	2.51e-07	2.11e-06	1.43e-05	2.78e-03	7.44e-02	3.43e-01	3.02e-01	1.93e-01	7.22e-02	9.40e-03	1.48e-03	5.54e-04	1.26e-05	0.00e+00
 5.71603e+22	1.65e-24	4.85e-11	1.56e-08	3.17e-07	2.60e-06	1.72e-05	3.18e-03	8.15e-02	3.56e-01	2.99e-01	1.84e-01	6.66e-02	8.37e-03	1.28e-03	4.65e-04	1.01e-05	0.00e+00
 5.76991e+22	2.02e-24	6.30e-11	1.99e-08	3.98e-07	3.20e-06	2.07e-05	3.64e-03	8.92e-02	3.69e-01	2.95e-01	1.74e-01	6.12e-02	7.42e-03	1.11e-03	3.89e-04	8.05e-06	0.00e+00
 5.82397e+22	2.44e-24	8.11e-11	2.53e-08	4.99e-07	3.92e-06	2.49e-05	4.16e-03	9.75e-02	3.81e-01	2.90e-01	1.64e-01	5.60e-02	6.56e-03	9.62e-04	3.25e-04	6.41e-06	0.00e+00
 5.87831e+22	2.94e-24	1.04e-10	3.20e-08	6.24e-07	4.79e-06	2.98e-05	4.74e-03	1.06e-01	3.92e-01	2.84e-01	1.54e-01	5.12e-02	5.78e-03	8.28e-04	2.70e-04	5.08e-06	0.00e+00
 5.93312e+22	3.51e-24	1.32e-10	4.03e-08	7.77e-07	5.85e-06	3.58e-05	5.41e-03	1.16e-01	4.03e-01	2.78e-01	1.45e-01	4.65e-02	5.07e-03	7.11e-04	2.24e-04	4.01e-06	0.00e+00
 5.98852e+22	4.18e-24	1.66e-10	5.04e-08	9.66e-07	7.14e-06	4.29e-05	6.16e-03	1.26e-01	4.14e-01	2.71e-01	1.36e-01	4.22e-02	4.44e-03	6.07e-04	1.85e-04	3.15e-06	0.00e+00
 6.04422e+22	4.95e-24	2.08e-10	6.27e-08	1.19e-06	8.66e-06	5.12e-05	7.00e-03	1.37e-01	4.23e-01	2.64e-01	1.26e-01	3.81e-02	3.87e-03	5.18e-04	1.52e-04	2.47e-06	0.00e+00
 6.10080e+22	5.86e-24	2.59e-10	7.80e-08	1.48e-06	1.05e-05	6.14e-05	7.96e-03	1.48e-01	4.32e-01	2.56e-01	1.17e-01	3.43e-02	3.36e-03	4.38e-04	1.24e-04	1.92e-06	0.00e+00
 6.15799e+22	6.92e-24	3.20e-10	9.61e-08	1.81e-06	1.27e-05	7.31e-05	9.01e-03	1.60e-01	4.40e-01	2.48e-01	1.09e-01	3.08e-02	2.91e-03	3.71e-04	1.02e-04	1.50e-06	0.00e+00
 6.21630e+22	8.75e-24	3.96e-10	1.19e-07	2.24e-06	1.54e-05	8.76e-05	1.02e-02	1.73e-01	4.47e-01	2.39e-01	1.00e-01	2.74e-02	2.51e-03	3.11e-04	8.25e-05	1.15e-06	0.00e+00
 6.27565e+22	1.04e-23	4.83e-10	1.46e-07	2.74e-06	1.86e-05	1.04e-04	1.16e-02	1.87e-01	4.52e-01	2.30e-01	9.24e-02	2.45e-02	2.16e-03	2.61e-04	6.69e-05	8.91e-07	0.00e+00
 6.33004e+22	1.20e-23	5.69e-10	1.72e-07	3.24e-06	2.17e-05	1.20e-04	1.28e-02	1.98e-01	4.56e-01	2.22e-01	8.61e-02	2.21e-02	1.90e-03	2.24e-04	5.60e-05	7.15e-07	0.00e+00
 6.38684e+22	1.44e-23	6.94e-10	2.11e-07	3.99e-06	2.63e-05	1.44e-04	1.45e-02	2.13e-01	4.60e-01	2.12e-01	7.84e-02	1.95e-02	1.61e-03	1.85e-04	4.46e-05	5.39e-07	0.00e+00
 6.44457e+22	1.68e-23	8.12e-10	2.49e-07	4.69e-06	3.06e-05	1.66e-04	1.60e-02	2.25e-01	4.62e-01	2.04e-01	7.26e-02	1.75e-02	1.41e-03	1.58e-04	3.71e-05	4.30e-07	0.00e+00
 6.50408e+22	2.03e-23	9.87e-10	3.05e-07	5.78e-06	3.71e-05	2.00e-04	1.81e-02	2.42e-01	4.64e-01	1.94e-01	6.56e-02	1.53e-02	1.18e-03	1.29e-04	2.92e-05	3.20e-07	0.00e+00
 6.56367e+22	2.38e-23	1.14e-09	3.56e-07	6.75e-06	4.29e-05	2.29e-04	1.99e-02	2.54e-01	4.64e-01	1.86e-01	6.06e-02	1.37e-02	1.03e-03	1.10e-04	2.42e-05	2.55e-07	0.00e+00
 6.62336e+22	2.88e-23	1.37e-09	4.32e-07	8.23e-06	5.16e-05	2.73e-04	2.24e-02	2.71e-01	4.63e-01	1.76e-01	5.46e-02	1.19e-02	8.61e-04	8.92e-05	1.90e-05	1.90e-07	0.00e+00
 6.68329e+22	3.38e-23	1.57e-09	5.01e-07	9.57e-06	5.92e-05	3.11e-04	2.44e-02	2.84e-01	4.61e-01	1.68e-01	5.03e-02	1.07e-02	7.51e-04	7.61e-05	1.58e-05	1.51e-07	0.00e+00
 6.74356e+22	4.11e-23	1.87e-09	6.04e-07	1.16e-05	7.06e-05	3.69e-04	2.73e-02	3.01e-01	4.58e-01	1.58e-01	4.51e-02	9.23e-03	6.27e-04	6.16e-05	1.24e-05	0.00e+00	0.00e+00
 6.80446e+22	4.83e-23	2.13e-09	6.98e-07	1.34e-05	8.08e-05	4.20e-04	2.98e-02	3.14e-01	4.55e-01	1.51e-01	4.14e-02	8.25e-03	5.45e-04	5.23e-05	1.02e-05	0.00e+00	0.00e+00
 6.86621e+22	5.90e-23	2.52e-09	8.37e-07	1.62e-05	9.60e-05	4.96e-04	3.32e-02	3.31e-01	4.49e-01	1.41e-01	3.70e-02	7.10e-03	4.53e-04	4.21e-05	7.98e-06	0.00e+00	0.00e+00
 6.92879e+22	6.96e-23	2.87e-09	9.66e-07	1.87e-05	1.10e-04	5.63e-04	3.60e-02	3.45e-01	4.44e-01	1.34e-01	3.38e-02	6.31e-03	3.91e-04	3.56e-05	6.57e-06	0.00e+00	0.00e+00
 6.99246e+22	8.54e-23	3.38e-09	1.16e-06	2.25e-05	1.30e-04	6.63e-04	4.00e-02	3.62e-01	4.37e-01	1.25e-01	3.00e-02	5.40e-03	3.23e-04	2.85e-05	5.09e-06	0.00e+00	0.00e+00
 7.05732e+22	1.01e-22	3.86e-09	1.34e-06	2.60e-05	1.48e-04	7.53e-04	4.34e-02	3.75e-01	4.30e-01	1.18e-01	2.73e-02	4.77e-03	2.77e-04	2.39e-05	4.15e-06	0.00e+00	0.00e+00
 7.12372e+22	1.25e-22	4.54e-09	1.60e-06	3.12e-05	1.75e-04	8.86e-04	4.82e-02	3.93e-01	4.21e-01	1.09e-01	2.40e-02	4.05e-03	2.27e-04	1.89e-05	3.18e-06	0.00e+00	0.00e+00
 7.19167e+22	1.50e-22	5.20e-09	1.85e-06	3.62e-05	2.00e-04	1.01e-03	5.22e-02	4.06e-01	4.13e-01	1.03e-01	2.17e-02	3.56e-03	1.94e-04	1.57e-05	2.58e-06	0.00e+00	0.00e+00
 7.26162e+22	1.87e-22	6.13e-09	2.23e-06	4.36e-05	2.37e-04	1.19e-03	5.78e-02	4.23e-01	4.01e-01	9.42e-02	1.90e-02	2.99e-03	1.57e-04	1.23e-05	1.95e-06	0.00e+00	0.00e+00
 7.33284e+22	2.26e-22	7.07e-09	2.60e-06	5.06e-05	2.71e-04	1.34e-03	6.25e-02	4.36e-01	3.92e-01	8.82e-02	1.71e-02	2.61e-03	1.33e-04	1.02e-05	1.57e-06	0.00e+00	0.00e+00
 7.39303e+22	2.65e-22	7.96e-09	2.96e-06	5.77e-05	3.04e-04	1.51e-03	6.70e-02	4.47e-01	3.83e-01	8.29e-02	1.55e-02	2.31e-03	1.14e-04	8.53e-06	1.28e-06	0.00e+00	0.00e+00
 7.45860e+22	3.26e-22	9.28e-09	3.50e-06	6.82e-05	3.53e-04	1.74e-03	7.31e-02	4.62e-01	3.71e-01	7.63e-02	1.36e-02	1.96e-03	9.38e-05	6.80e-06	9.92e-07	0.00e+00	0.00e+00
 7.52208e+22	3.80e-22	1.04e-08	3.96e-06	7.68e-05	3.92e-04	1.92e-03	7.76e-02	4.71e-01	3.63e-01	7.20e-02	1.25e-02	1.75e-03	8.16e-05	5.80e-06	8.27e-07	0.00e+00	0.00e+00
 7.58283e+22	4.56e-22	1.19e-08	4.60e-06	8.93e-05	4.48e-04	2.20e-03	8.40e-02	4.83e-01	3.51e-01	6.65e-02	1.10e-02	1.50e-03	6.79e-05	4.68e-06	6.49e-07	0.00e+00	0.00e+00
 7.64422e+22	5.38e-22	1.35e-08	5.22e-06	1.01e-04	4.96e-04	2.42e-03	8.89e-02	4.92e-01	3.42e-01	6.26e-02	1.01e-02	1.34e-03	5.90e-05	3.99e-06	5.41e-07	0.00e+00	0.00e+00
 7.70644e+22	6.51e-22	1.55e-08	6.09e-06	1.17e-04	5.66e-04	2.75e-03	9.59e-02	5.03e-01	3.30e-01	5.77e-02	8.90e-03	1.14e-03	4.89e-05	3.21e-06	4.24e-07	0.00e+00	0.00e+00
 7.76959e+22	7.72e-22	1.76e-08	6.93e-06	1.32e-04	6.27e-04	3.03e-03	1.01e-01	5.11e-01	3.21e-01	5.41e-02	8.08e-03	1.01e-03	4.23e-05	2.72e-06	3.51e-07	0.00e+00	0.00e+00
 7.83396e+22	9.41e-22	2.04e-08	8.12e-06	1.54e-04	7.16e-04	3.44e-03	1.09e-01	5.21e-01	3.08e-01	4.96e-02	7.10e-03	8.63e-04	3.48e-05	2.18e-06	2.72e-07	0.00e+00	0.00e+00
 7.89926e+22	1.13e-21	2.33e-08	9.27e-06	1.74e-04	7.93e-04	3.79e-03	1.15e-01	5.28e-01	2.99e-01	4.64e-02	6.43e-03	7.62e-04	3.00e-05	1.84e-06	2.24e-07	0.00e+00	0.00e+00
 7.96576e+22	1.38e-21	2.72e-08	1.09e-05	2.03e-04	9.05e-04	4.31e-03	1.24e-01	5.37e-01	2.86e-01	4.23e-02	5.62e-03	6.44e-04	2.45e-05	1.46e-06	1.73e-07	0.00e+00	0.00e+00
 8.03345e+22	1.67e-21	3.13e-08	1.25e-05	2.30e-04	1.00e-03	4.74e-03	1.31e-01	5.42e-01	2.76e-01	3.94e-02	5.07e-03	5.66e-04	2.10e-05	1.22e-06	1.42e-07	0.00e+00	0.00e+00
 8.10269e+22	2.08e-21	3.69e-08	1.48e-05	2.70e-04	1.15e-03	5.39e-03	1.40e-01	5.50e-01	2.63e-01	3.57e-02	4.40e-03	4.75e-04	1.70e-05	9.63e-07	0.00e+00	0.00e+00	0.00e+00
 8.17345e+22	2.53e-21	4.27e-08	1.71e-05	3.07e-04	1.27e-03	5.94e-03	1.48e-01	5.54e-01	2.53e-01	3.31e-02	3.94e-03	4.14e-04	1.44e-05	7.98e-07	0.00e+00	0.00e+00	0.00e+00
 8.24620e+22	3.22e-21	5.12e-08	2.05e-05	3.62e-04	1.46e-03	6.75e-03	1.59e-01	5.60e-01	2.39e-01	2.98e-02	3.40e-03	3.45e-04	1.16e-05	6.23e-07	0.00e+00	0.00e+00	0.00e+00
 8.32095e+22	3.97e-21	5.99e-08	2.39e-05	4.15e-04	1.63e-03	7.47e-03	1.67e-01	5.63e-01	2.29e-01	2.74e-02	3.02e-03	2.98e-04	9.72e-06	5.11e-07	0.00e+00	0.00e+00	0.00e+00
 8.39831e+22	5.16e-21	7.30e-08	2.89e-05	4.93e-04	1.87e-03	8.51e-03	1.79e-01	5.67e-01	2.16e-01	2.45e-02	2.58e-03	2.45e-04	7.71e-06	3.93e-07	0.00e+00	0.00e+00	0.00e+00
 8.47634e+22	6.46e-21	8.63e-08	3.38e-05	5.65e-04	2.08e-03	9.38e-03	1.89e-01	5.69e-01	2.06e-01	2.25e-02	2.29e-03	2.11e-04	6.46e-06	3.22e-07	0.00e+00	0.00e+00	0.00e+00
 8.55525e+22	8.43e-21	1.06e-07	4.11e-05	6.72e-04	2.39e-03	1.07e-02	2.02e-01	5.70e-01	1.93e-01	2.00e-02	1.94e-03	1.73e-04	5.09e-06	2.46e-07	0.00e+00	0.00e+00	0.00e+00
 8.63499e+22	1.07e-20	1.26e-07	4.82e-05	7.71e-04	2.66e-03	1.17e-02	2.11e-01	5.70e-01	1.83e-01	1.83e-02	1.72e-03	1.49e-04	4.25e-06	2.01e-07	0.00e+00	0.00e+00	0.00e+00
 8.71583e+22	1.41e-20	1.56e-07	5.89e-05	9.19e-04	3.05e-03	1.33e-02	2.25e-01	5.69e-01	1.71e-01	1.62e-02	1.45e-03	1.21e-04	3.33e-06	1.52e-07	0.00e+00	0.00e+00	0.00e+00
 8.79805e+22	1.80e-20	1.87e-07	6.95e-05	1.06e-03	3.40e-03	1.47e-02	2.36e-01	5.67e-01	1.62e-01	1.47e-02	1.27e-03	1.03e-04	2.75e-06	1.23e-07	0.00e+00	0.00e+00	0.00e+00
 8.87058e+22	2.29e-20	2.24e-07	8.16e-05	1.21e-03	3.77e-03	1.61e-02	2.47e-01	5.64e-01	1.53e-01	1.34e-02	1.12e-03	8.79e-05	2.27e-06	0.00e+00	0.00e+00	0.00e+00	0.00e+00
 8.95336e+22	3.11e-20	2.82e-07	1.00e-04	1.45e-03	4.31e-03	1.82e-02	2.61e-01	5.60e-01	1.42e-01	1.18e-02	9.44e-04	7.15e-05	1.78e-06	0.00e+00	0.00e+00	0.00e+00	0.00e+00
 9.03805e+22	4.01e-20	3.41e-07	1.19e-04	1.67e-03	4.80e-03	2.00e-02	2.73e-01	5.55e-01	1.33e-01	1.06e-02	8.20e-04	6.03e-05	1.45e-06	0.00e+00	0.00e+00	0.00e+00	0.00e+00
 9.10720e+22	4.97e-20	4.01e-07	1.37e-04	1.88e-03	5.25e-03	2.16e-02	2.83e-01	5.51e-01	1.26e-01	9.77e-03	7.30e-04	5.24e-05	1.23e-06	0.00e+00	0.00e+00	0.00e+00	0.00e+00
 9.17907e+22	6.51e-20	4.91e-07	1.64e-04	2.18e-03	5.85e-03	2.38e-02	2.95e-01	5.45e-01	1.18e-01	8.76e-03	6.32e-04	4.39e-05	1.00e-06	0.00e+00	0.00e+00	0.00e+00	0.00e+00
 9.25346e+22	8.23e-20	5.85e-07	1.91e-04	2.47e-03	6.43e-03	2.58e-02	3.06e-01	5.39e-01	1.11e-01	7.97e-03	5.57e-04	3.76e-05	8.34e-07	0.00e+00	0.00e+00	0.00e+00	0.00e+00
 9.32079e+22	1.04e-19	6.95e-07	2.21e-04	2.80e-03	7.04e-03	2.79e-02	3.17e-01	5.32e-01	1.05e-01	7.26e-03	4.92e-04	3.24e-05	6.99e-07	0.00e+00	0.00e+00	0.00e+00	0.00e+00
 9.39796e+22	1.39e-19	8.65e-07	2.67e-04	3.26e-03	7.88e-03	3.07e-02	3.30e-01	5.24e-01	9.75e-02	6.45e-03	4.21e-04	2.68e-05	5.59e-07	0.00e+00	0.00e+00	0.00e+00	0.00e+00
 9.47785e+22	1.80e-19	1.05e-06	3.15e-04	3.74e-03	8.69e-03	3.35e-02	3.42e-01	5.15e-01	9.09e-02	5.78e-03	3.65e-04	2.26e-05	4.57e-07	0.00e+00	0.00e+00	0.00e+00	0.00e+00
 9.54888e+22	2.30e-19	1.26e-06	3.68e-04	4.24e-03	9.51e-03	3.62e-02	3.52e-01	5.07e-01	8.53e-02	5.24e-03	3.20e-04	1.93e-05	3.80e-07	0.00e+00	0.00e+00	0.00e+00	0.00e+00
 9.62880e+22	3.14e-19	1.58e-06	4.46e-04	4.95e-03	1.06e-02	3.97e-02	3.65e-01	4.95e-01	7.86e-02	4.62e-03	2.72e-04	1.58e-05	3.02e-07	0.00e+00	0.00e+00	0.00e+00	0.00e+00
 9.71207e+22	4.13e-19	1.94e-06	5.30e-04	5.69e-03	1.17e-02	4.32e-02	3.77e-01	4.84e-01	7.27e-02	4.11e-03	2.34e-04	1.32e-05	2.44e-07	0.00e+00	0.00e+00	0.00e+00	0.00e+00
 9.78695e+22	5.38e-19	2.35e-06	6.22e-04	6.47e-03	1.29e-02	4.66e-02	3.88e-01	4.74e-01	6.77e-02	3.70e-03	2.04e-04	1.12e-05	2.01e-07	0.00e+00	0.00e+00	0.00e+00	0.00e+00
 9.87156e+22	7.52e-19	3.00e-06	7.62e-04	7.61e-03	1.44e-02	5.11e-02	4.01e-01	4.60e-01	6.18e-02	3.23e-03	1.71e-04	9.06e-06	1.57e-07	0.00e+00	0.00e+00	0.00e+00	0.00e+00
 9.95901e+22	1.01e-18	3.72e-06	9.10e-04	8.76e-03	1.59e-02	5.56e-02	4.12e-01	4.47e-01	5.67e-02	2.85e-03	1.45e-04	7.47e-06	1.25e-07	0.00e+00	0.00e+00	0.00e+00	0.00e+00
 1.00370e+23	1.33e-18	4.55e-06	1.07e-03	9.98e-03	1.74e-02	5.98e-02	4.22e-01	4.35e-01	5.24e-02	2.54e-03	1.25e-04	6.27e-06	0.00e+00	0.00e+00	0.00e+00	0.00e+00	0.00e+00
 1.01253e+23	1.89e-18	5.86e-06	1.32e-03	1.18e-02	1.95e-02	6.54e-02	4.33e-01	4.19e-01	4.73e-02	2.20e-03	1.04e-04	5.01e-06	0.00e+00	0.00e+00	0.00e+00	0.00e+00	0.00e+00
 1.02171e+23	2.59e-18	7.35e-06	1.59e-03	1.36e-02	2.15e-02	7.08e-02	4.43e-01	4.04e-01	4.30e-02	1.92e-03	8.77e-05	4.09e-06	0.00e+00	0.00e+00	0.00e+00	0.00e+00	0.00e+00
 1.02998e+23	3.19e-18	9.09e-06	1.89e-03	1.55e-02	2.35e-02	7.61e-02	4.52e-01	3.90e-01	3.93e-02	1.69e-03	7.47e-05	3.38e-06	0.00e+00	0.00e+00	0.00e+00	0.00e+00	0.00e+00
 1.03937e+23	4.66e-18	1.19e-05	2.35e-03	1.84e-02	2.63e-02	8.33e-02	4.62e-01	3.71e-01	3.49e-02	1.44e-03	6.07e-05	2.64e-06	0.00e+00	0.00e+00	0.00e+00	0.00e+00	0.00e+00
 1.04899e+23	6.43e-18	1.50e-05	2.82e-03	2.12e-02	2.89e-02	8.96e-02	4.69e-01	3.55e-01	3.15e-02	1.25e-03	5.08e-05	2.14e-06	0.00e+00	0.00e+00	0.00e+00	0.00e+00	0.00e+00
 1.05762e+23	8.80e-18	1.87e-05	3.37e-03	2.42e-02	3.16e-02	9.60e-02	4.75e-01	3.40e-01	2.85e-02	1.09e-03	4.27e-05	1.74e-06	0.00e+00	0.00e+00	0.00e+00	0.00e+00	0.00e+00
 1.06753e+23	1.32e-17	2.48e-05	4.23e-03	2.88e-02	3.53e-02	1.05e-01	4.82e-01	3.19e-01	2.48e-02	9.06e-04	3.39e-05	1.33e-06	0.00e+00	0.00e+00	0.00e+00	0.00e+00	0.00e+00
 1.07753e+23	1.83e-17	3.11e-05	5.06e-03	3.30e-02	3.86e-02	1.12e-01	4.86e-01	3.03e-01	2.22e-02	7.80e-04	2.81e-05	1.07e-06	0.00e+00	0.00e+00	0.00e+00	0.00e+00	0.00e+00
 1.08766e+23	2.76e-17	4.13e-05	6.32e-03	3.90e-02	4.29e-02	1.21e-01	4.89e-01	2.82e-01	1.92e-02	6.47e-04	2.22e-05	8.11e-07	0.00e+00	0.00e+00	0.00e+00	0.00e+00	0.00e+00
 1.09794e+23	3.88e-17	5.21e-05	7.59e-03	4.46e-02	4.67e-02	1.29e-01	4.89e-01	2.65e-01	1.70e-02	5.51e-04	1.82e-05	6.43e-07	0.00e+00	0.00e+00	0.00e+00	0.00e+00	0.00e+00
 1.10844e+23	5.98e-17	6.97e-05	9.52e-03	5.28e-02	5.18e-02	1.39e-01	4.88e-01	2.44e-01	1.45e-02	4.49e-04	1.41e-05	4.78e-07	0.00e+00	0.00e+00	0.00e+00	0.00e+00	0.00e+00
 1.11905e+23	8.43e-17	8.78e-05	1.14e-02	6.01e-02	5.60e-02	1.47e-01	4.85e-01	2.27e-01	1.27e-02	3.80e-04	1.15e-05	3.76e-07	0.00e+00	0.00e+00	0.00e+00	0.00e+00	0.00e+00
 1.12979e+23	1.31e-16	1.18e-04	1.42e-02	7.07e-02	6.17e-02	1.57e-01	4.79e-01	2.07e-01	1.06e-02	3.05e-04	8.73e-06	2.75e-07	0.00e+00	0.00e+00	0.00e+00	0.00e+00	0.00e+00
 1.14063e+23	1.86e-16	1.47e-04	1.69e-02	8.00e-02	6.63e-02	1.65e-01	4.72e-01	1.91e-01	9.22e-03	2.56e-04	7.03e-06	2.14e-07	0.00e+00	0.00e+00	0.00e+00	0.00e+00	0.00e+00
 1.15161e+23	2.92e-16	1.97e-04	2.11e-02	9.35e-02	7.24e-02	1.74e-01	4.60e-01	1.71e-01	7.62e-03	2.03e-04	5.27e-06	1.54e-07	0.00e+00	0.00e+00	0.00e+00	0.00e+00	0.00e+00
 1.16274e+23	4.17e-16	2.47e-04	2.50e-02	1.05e-01	7.73e-02	1.81e-01	4.49e-01	1.55e-01	6.51e-03	1.68e-04	4.18e-06	0.00e+00	0.00e+00	0.00e+00	0.00e+00	0.00e+00	0.00e+00
 1.17238e+23	5.86e-16	3.05e-04	2.93e-02	1.17e-01	8.20e-02	1.88e-01	4.36e-01	1.42e-01	5.58e-03	1.40e-04	3.33e-06	0.00e+00	0.00e+00	0.00e+00	0.00e+00	0.00e+00	0.00e+00
 1.18323e+23	9.14e-16	3.99e-04	3.57e-02	1.34e-01	8.79e-02	1.95e-01	4.18e-01	1.24e-01	4.53e-03	1.10e-04	2.47e-06	0.00e+00	0.00e+00	0.00e+00	0.00e+00	0.00e+00	0.00e+00
 1.19381e+23	1.26e-15	4.84e-04	4.11e-02	1.47e-01	9.21e-02	1.99e-01	4.03e-01	1.13e-01	3.89e-03	9.16e-05	1.98e-06	0.00e+00	0.00e+00	0.00e+00	0.00e+00	0.00e+00	0.00e+00
 1.20264e+23	1.73e-15	5.81e-04	4.70e-02	1.61e-01	9.60e-02	2.03e-01	3.87e-01	1.02e-01	3.32e-03	7.64e-05	1.59e-06	0.00e+00	0.00e+00	0.00e+00	0.00e+00	0.00e+00	0.00e+00
 1.21270e+23	2.59e-15	7.32e-04	5.55e-02	1.79e-01	1.01e-01	2.06e-01	3.66e-01	8.91e-02	2.71e-03	6.03e-05	1.19e-06	0.00e+00	0.00e+00	0.00e+00	0.00e+00	0.00e+00	0.00e+00
 1.22276e+23	3.58e-15	8.75e-04	6.31e-02	1.94e-01	1.04e-01	2.08e-01	3.48e-01	7.96e-02	2.29e-03	4.98e-05	9.39e-07	0.00e+00	0.00e+00	0.00e+00	0.00e+00	0.00e+00	0.00e+00
 1.23283e+23	5.40e-15	1.09e-03	7.36e-02	2.13e-01	1.08e-01	2.09e-01	3.25e-01	6.87e-02	1.84e-03	3.89e-05	6.96e-07	0.00e+00	0.00e+00	0.00e+00	0.00e+00	0.00e+00	0.00e+00
 1.24309e+23	7.63e-15	1.30e-03	8.31e-02	2.29e-01	1.11e-01	2.09e-01	3.05e-01	6.05e-02	1.53e-03	3.16e-05	5.41e-07	0.00e+00	0.00e+00	0.00e+00	0.00e+00	0.00e+00	0.00e+00
 1.25357e+23	1.18e-14	1.61e-03	9.63e-02	2.49e-01	1.13e-01	2.07e-01	2.80e-01	5.11e-02	1.20e-03	2.42e-05	3.91e-07	0.00e+00	0.00e+00	0.00e+00	0.00e+00	0.00e+00	0.00e+00
 1.26413e+23	1.70e-14	1.90e-03	1.08e-01	2.65e-01	1.15e-01	2.05e-01	2.60e-01	4.44e-02	9.87e-04	1.94e-05	2.99e-07	0.00e+00	0.00e+00	0.00e+00	0.00e+00	0.00e+00	0.00e+00
 1.27479e+23	2.68e-14	2.34e-03	1.24e-01	2.85e-01	1.16e-01	2.00e-01	2.35e-01	3.69e-02	7.64e-04	1.46e-05	2.13e-07	0.00e+00	0.00e+00	0.00e+00	0.00e+00	0.00e+00	0.00e+00
 1.28559e+23	4.04e-14	2.74e-03	1.37e-01	3.00e-01	1.17e-01	1.95e-01	2.16e-01	3.16e-02	6.16e-04	1.15e-05	1.60e-07	0.00e+00	0.00e+00	0.00e+00	0.00e+00	0.00e+00	0.00e+00
 1.29423e+23	5.59e-14	3.12e-03	1.49e-01	3.12e-01	1.17e-01	1.91e-01	2.00e-01	2.77e-02	5.15e-04	9.49e-06	1.26e-07	0.00e+00	0.00e+00	0.00e+00	0.00e+00	0.00e+00	0.00e+00
 1.30316e+23	8.45e-14	3.64e-03	1.64e-01	3.26e-01	1.16e-01	1.84e-01	1.81e-01	2.34e-02	4.12e-04	7.43e-06	0.00e+00	0.00e+00	0.00e+00	0.00e+00	0.00e+00	0.00e+00	0.00e+00
 1.31228e+23	1.26e-13	4.12e-03	1.77e-01	3.37e-01	1.16e-01	1.79e-01	1.66e-01	2.03e-02	3.39e-04	6.02e-06	0.00e+00	0.00e+00	0.00e+00	0.00e+00	0.00e+00	0.00e+00	0.00e+00
 1.32041e+23	1.80e-13	4.65e-03	1.91e-01	3.47e-01	1.14e-01	1.73e-01	1.53e-01	1.75e-02	2.80e-04	4.90e-06	0.00e+00	0.00e+00	0.00e+00	0.00e+00	0.00e+00	0.00e+00	0.00e+00
 1.32969e+23	3.11e-13	5.38e-03	2.08e-01	3.58e-01	1.13e-01	1.65e-01	1.36e-01	1.45e-02	2.20e-04	3.76e-06	0.00e+00	0.00e+00	0.00e+00	0.00e+00	0.00e+00	0.00e+00	0.00e+00
 1.33909e+23	5.30e-13	6.05e-03	2.23e-01	3.67e-01	1.11e-01	1.57e-01	1.23e-01	1.24e-02	1.78e-04	3.00e-06	0.00e+00	0.00e+00	0.00e+00	0.00e+00	0.00e+00	0.00e+00	0.00e+00
 1.34732e+23	8.41e-13	6.77e-03	2.38e-01	3.73e-01	1.09e-01	1.51e-01	1.12e-01	1.06e-02	1.45e-04	2.41e-06	0.00e+00	0.00e+00	0.00e+00	0.00e+00	0.00e+00	0.00e+00	0.00e+00
 1.35672e+23	1.77e-12	7.75e-03	2.57e-01	3.81e-01	1.06e-01	1.42e-01	9.86e-02	8.66e-03	1.12e-04	1.83e-06	0.00e+00	0.00e+00	0.00e+00	0.00e+00	0.00e+00	0.00e+00	0.00e+00
 1.36628e+23	4.02e-12	8.65e-03	2.73e-01	3.86e-01	1.03e-01	1.34e-01	8.83e-02	7.28e-03	9.02e-05	1.44e-06	0.00e+00	0.00e+00	0.00e+00	0.00e+00	0.00e+00	0.00e+00	0.00e+00
 1.37475e+23	8.24e-12	9.61e-03	2.89e-01	3.90e-01	1.00e-01	1.27e-01	7.92e-02	6.14e-03	7.26e-05	1.14e-06	0.00e+00	0.00e+00	0.00e+00	0.00e+00	0.00e+00	0.00e+00	0.00e+00
 1.38445e+23	2.30e-11	1.09e-02	3.09e-01	3.93e-01	9.64e-02	1.18e-01	6.87e-02	4.93e-03	5.51e-05	8.50e-07	0.00e+00	0.00e+00	0.00e+00	0.00e+00	0.00e+00	0.00e+00	0.00e+00
 1.39430e+23	4.96e-11	1.21e-02	3.25e-01	3.94e-01	9.30e-02	1.10e-01	6.09e-02	4.09e-03	4.37e-05	6.62e-07	0.00e+00	0.00e+00	0.00e+00	0.00e+00	0.00e+00	0.00e+00	0.00e+00
 1.40435e+23	7.88e-11	1.37e-02	3.46e-01	3.94e-01	8.88e-02	1.01e-01	5.22e-02	3.24e-03	3.26e-05	4.84e-07	0.00e+00	0.00e+00	0.00e+00	0.00e+00	0.00e+00	0.00e+00	0.00e+00
 1.41450e+23	1.05e-10	1.52e-02	3.64e-01	3.94e-01	8.52e-02	9.40e-02	4.58e-02	2.66e-03	2.55e-05	3.72e-07	0.00e+00	0.00e+00	0.00e+00	0.00e+00	0.00e+00	0.00e+00	0.00e+00
 1.42342e+23	1.42e-10	1.67e-02	3.80e-01	3.91e-01	8.17e-02	8.73e-02	4.03e-02	2.19e-03	2.01e-05	2.88e-07	0.00e+00	0.00e+00	0.00e+00	0.00e+00	0.00e+00	0.00e+00	0.00e+00
 1.43365e+23	1.69e-10	1.88e-02	4.02e-01	3.87e-01	7.73e-02	7.92e-02	3.41e-02	1.70e-03	1.49e-05	2.08e-07	0.00e+00	0.00e+00	0.00e+00	0.00e+00	0.00e+00	0.00e+00	0.00e+00
 1.44404e+23	2.33e-10	2.07e-02	4.19e-01	3.83e-01	7.36e-02	7.29e-02	2.97e-02	1.38e-03	1.15e-05	1.59e-07	0.00e+00	0.00e+00	0.00e+00	0.00e+00	0.00e+00	0.00e+00	0.00e+00
 1.45464e+23	2.87e-10	2.32e-02	4.40e-01	3.76e-01	6.92e-02	6.55e-02	2.49e-02	1.07e-03	8.42e-06	0.00e+00	0.00e+00	0.00e+00	0.00e+00	0.00e+00	0.00e+00	0.00e+00	0.00e+00
 1.46546e+23	4.22e-10	2.56e-02	4.57e-01	3.70e-01	6.54e-02	5.97e-02	2.14e-02	8.51e-04	6.43e-06	0.00e+00	0.00e+00	0.00e+00	0.00e+00	0.00e+00	0.00e+00	0.00e+00	0.00e+00
 1.47509e+23	6.48e-10	2.80e-02	4.74e-01	3.63e-01	6.19e-02	5.44e-02	1.85e-02	6.83e-04	4.95e-06	0.00e+00	0.00e+00	0.00e+00	0.00e+00	0.00e+00	0.00e+00	0.00e+00	0.00e+00
 1.48615e+23	9.47e-10	3.13e-02	4.95e-01	3.52e-01	5.76e-02	4.81e-02	1.52e-02	5.16e-04	3.54e-06	0.00e+00	0.00e+00	0.00e+00	0.00e+00	0.00e+00	0.00e+00	0.00e+00	0.00e+00
 1.49749e+23	1.28e-09	3.43e-02	5.12e-01	3.43e-01	5.40e-02	4.33e-02	1.29e-02	4.05e-04	2.67e-06	0.00e+00	0.00e+00	0.00e+00	0.00e+00	0.00e+00	0.00e+00	0.00e+00	0.00e+00
 1.50761e+23	1.93e-09	3.75e-02	5.28e-01	3.34e-01	5.07e-02	3.90e-02	1.10e-02	3.20e-04	2.02e-06	0.00e+00	0.00e+00	0.00e+00	0.00e+00	0.00e+00	0.00e+00	0.00e+00	0.00e+00
 1.51424e+23	2.16e-09	3.86e-02	5.33e-01	3.31e-01	4.96e-02	3.76e-02	1.04e-02	2.95e-04	1.84e-06	0.00e+00	0.00e+00	0.00e+00	0.00e+00	0.00e+00	0.00e+00	0.00e+00	0.00e+00
 1.51701e+23	2.27e-09	3.93e-02	5.36e-01	3.29e-01	4.90e-02	3.68e-02	1.01e-02	2.82e-04	1.74e-06	0.00e+00	0.00e+00	0.00e+00	0.00e+00	0.00e+00	0.00e+00	0.00e+00	0.00e+00
 1.51972e+23	2.58e-09	4.04e-02	5.41e-01	3.25e-01	4.80e-02	3.56e-02	9.59e-03	2.61e-04	1.59e-06	0.00e+00	0.00e+00	0.00e+00	0.00e+00	0.00e+00	0.00e+00	0.00e+00	0.00e+00
 1.52323e+23	3.00e-09	4.16e-02	5.47e-01	3.22e-01	4.69e-02	3.42e-02	9.05e-03	2.40e-04	1.44e-06	0.00e+00	0.00e+00	0.00e+00	0.00e+00	0.00e+00	0.00e+00	0.00e+00	0.00e+00
 1.52781e+23	3.63e-09	4.35e-02	5.54e-01	3.16e-01	4.53e-02	3.23e-02	8.30e-03	2.11e-04	1.25e-06	0.00e+00	0.00e+00	0.00e+00	0.00e+00	0.00e+00	0.00e+00	0.00e+00	0.00e+00
 1.53375e+23	4.71e-09	4.59e-02	5.64e-01	3.09e-01	4.33e-02	3.00e-02	7.46e-03	1.81e-04	1.04e-06	0.00e+00	0.00e+00	0.00e+00	0.00e+00	0.00e+00	0.00e+00	0.00e+00	0.00e+00
 1.54148e+23	6.60e-09	4.91e-02	5.76e-01	3.00e-01	4.09e-02	2.73e-02	6.49e-03	1.48e-04	8.24e-07	0.00e+00	0.00e+00	0.00e+00	0.00e+00	0.00e+00	0.00e+00	0.00e+00	0.00e+00
 1.54983e+23	9.10e-09	5.24e-02	5.87e-01	2.91e-01	3.87e-02	2.50e-02	5.69e-03	1.22e-04	6.60e-07	0.00e+00	0.00e+00	0.00e+00	0.00e+00	0.00e+00	0.00e+00	0.00e+00	0.00e+00
 1.55778e+23	1.27e-08	5.58e-02	5.98e-01	2.82e-01	3.67e-02	2.28e-02	4.99e-03	1.01e-04	5.31e-07	0.00e+00	0.00e+00	0.00e+00	0.00e+00	0.00e+00	0.00e+00	0.00e+00	0.00e+00
 1.56690e+23	1.82e-08	6.04e-02	6.11e-01	2.70e-01	3.41e-02	2.02e-02	4.20e-03	7.87e-05	4.00e-07	0.00e+00	0.00e+00	0.00e+00	0.00e+00	0.00e+00	0.00e+00	0.00e+00	0.00e+00
 1.57602e+23	2.52e-08	6.41e-02	6.20e-01	2.62e-01	3.22e-02	1.84e-02	3.69e-03	6.51e-05	3.22e-07	0.00e+00	0.00e+00	0.00e+00	0.00e+00	0.00e+00	0.00e+00	0.00e+00	0.00e+00
 1.58513e+23	3.65e-08	6.90e-02	6.31e-01	2.50e-01	3.00e-02	1.64e-02	3.13e-03	5.12e-05	2.46e-07	0.00e+00	0.00e+00	0.00e+00	0.00e+00	0.00e+00	0.00e+00	0.00e+00	0.00e+00
 1.59457e+23	5.40e-08	7.35e-02	6.40e-01	2.41e-01	2.82e-02	1.48e-02	2.70e-03	4.16e-05	1.94e-07	0.00e+00	0.00e+00	0.00e+00	0.00e+00	0.00e+00	0.00e+00	0.00e+00	0.00e+00
 1.60444e+23	9.86e-08	7.94e-02	6.51e-01	2.28e-01	2.60e-02	1.29e-02	2.25e-03	3.19e-05	1.44e-07	0.00e+00	0.00e+00	0.00e+00	0.00e+00	0.00e+00	0.00e+00	0.00e+00	0.00e+00
 1.61438e+23	1.94e-07	8.45e-02	6.59e-01	2.19e-01	2.43e-02	1.16e-02	1.94e-03	2.58e-05	0.00e+00	0.00e+00	0.00e+00	0.00e+00	0.00e+00	0.00e+00	0.00e+00	0.00e+00	0.00e+00
 1.62442e+23	3.24e-07	9.09e-02	6.68e-01	2.07e-01	2.24e-02	1.01e-02	1.61e-03	1.98e-05	0.00e+00	0.00e+00	0.00e+00	0.00e+00	0.00e+00	0.00e+00	0.00e+00	0.00e+00	0.00e+00
 1.63476e+23	5.62e-07	9.70e-02	6.75e-01	1.97e-01	2.08e-02	8.99e-03	1.38e-03	1.58e-05	0.00e+00	0.00e+00	0.00e+00	0.00e+00	0.00e+00	0.00e+00	0.00e+00	0.00e+00	0.00e+00
 1.64550e+23	1.46e-06	1.05e-01	6.83e-01	1.84e-01	1.90e-02	7.71e-03	1.12e-03	1.18e-05	0.00e+00	0.00e+00	0.00e+00	0.00e+00	0.00e+00	0.00e+00	0.00e+00	0.00e+00	0.00e+00
 1.65630e+23	2.91e-06	1.12e-01	6.89e-01	1.74e-01	1.76e-02	6.84e-03	9.58e-04	9.39e-06	0.00e+00	0.00e+00	0.00e+00	0.00e+00	0.00e+00	0.00e+00	0.00e+00	0.00e+00	0.00e+00
 1.66716e+23	7.57e-06	1.20e-01	6.95e-01	1.62e-01	1.60e-02	5.85e-03	7.82e-04	7.03e-06	0.00e+00	0.00e+00	0.00e+00	0.00e+00	0.00e+00	0.00e+00	0.00e+00	0.00e+00	0.00e+00
 1.67826e+23	1.32e-05	1.28e-01	6.99e-01	1.53e-01	1.48e-02	5.15e-03	6.62e-04	5.55e-06	0.00e+00	0.00e+00	0.00e+00	0.00e+00	0.00e+00	0.00e+00	0.00e+00	0.00e+00	0.00e+00
 1.68965e+23	2.00e-05	1.38e-01	7.03e-01	1.41e-01	1.33e-02	4.36e-03	5.34e-04	4.10e-06	0.00e+00	0.00e+00	0.00e+00	0.00e+00	0.00e+00	0.00e+00	0.00e+00	0.00e+00	0.00e+00
 1.70114e+23	2.68e-05	1.46e-01	7.05e-01	1.32e-01	1.23e-02	3.81e-03	4.50e-04	3.22e-06	0.00e+00	0.00e+00	0.00e+00	0.00e+00	0.00e+00	0.00e+00	0.00e+00	0.00e+00	0.00e+00
 1.71277e+23	3.55e-05	1.57e-01	7.07e-01	1.21e-01	1.10e-02	3.20e-03	3.61e-04	2.36e-06	0.00e+00	0.00e+00	0.00e+00	0.00e+00	0.00e+00	0.00e+00	0.00e+00	0.00e+00	0.00e+00
 1.72453e+23	4.40e-05	1.67e-01	7.07e-01	1.12e-01	1.01e-02	2.78e-03	3.02e-04	1.84e-06	0.00e+00	0.00e+00	0.00e+00	0.00e+00	0.00e+00	0.00e+00	0.00e+00	0.00e+00	0.00e+00
 1.73471e+23	5.20e-05	1.77e-01	7.07e-01	1.05e-01	9.27e-03	2.43e-03	2.55e-04	1.45e-06	0.00e+00	0.00e+00	0.00e+00	0.00e+00	0.00e+00	0.00e+00	0.00e+00	0.00e+00	0.00e+00
 1.74619e+23	6.32e-05	1.89e-01	7.06e-01	9.50e-02	8.33e-03	2.04e-03	2.05e-04	1.08e-06	0.00e+00	0.00e+00	0.00e+00	0.00e+00	0.00e+00	0.00e+00	0.00e+00	0.00e+00	0.00e+00
 1.75818e+23	7.53e-05	2.01e-01	7.03e-01	8.70e-02	7.54e-03	1.75e-03	1.69e-04	8.22e-07	0.00e+00	0.00e+00	0.00e+00	0.00e+00	0.00e+00	0.00e+00	0.00e+00	0.00e+00	0.00e+00
 1.77086e+23	9.11e-05	2.16e-01	6.99e-01	7.74e-02	6.65e-03	1.43e-03	1.32e-04	5.85e-07	0.00e+00	0.00e+00	0.00e+00	0.00e+00	0.00e+00	0.00e+00	0.00e+00	0.00e+00	0.00e+00
 1.78353e+23	1.06e-04	2.29e-01	6.94e-01	7.04e-02	6.00e-03	1.22e-03	1.09e-04	4.48e-07	0.00e+00	0.00e+00	0.00e+00	0.00e+00	0.00e+00	0.00e+00	0.00e+00	0.00e+00	0.00e+00
 1.79621e+23	1.26e-04	2.45e-01	6.86e-01	6.19e-02	5.26e-03	9.90e-04	8.46e-05	3.17e-07	0.00e+00	0.00e+00	0.00e+00	0.00e+00	0.00e+00	0.00e+00	0.00e+00	0.00e+00	0.00e+00
 1.80904e+23	1.45e-04	2.60e-01	6.79e-01	5.55e-02	4.72e-03	8.36e-04	6.90e-05	2.40e-07	0.00e+00	0.00e+00	0.00e+00	0.00e+00	0.00e+00	0.00e+00	0.00e+00	0.00e+00	0.00e+00
 1.82204e+23	1.72e-04	2.79e-01	6.68e-01	4.78e-02	4.07e-03	6.67e-04	5.26e-05	1.65e-07	0.00e+00	0.00e+00	0.00e+00	0.00e+00	0.00e+00	0.00e+00	0.00e+00	0.00e+00	0.00e+00
 1.83511e+23	1.97e-04	2.95e-01	6.58e-01	4.24e-02	3.63e-03	5.59e-04	4.26e-05	1.24e-07	0.00e+00	0.00e+00	0.00e+00	0.00e+00	0.00e+00	0.00e+00	0.00e+00	0.00e+00	0.00e+00
 1.84825e+23	2.33e-04	3.16e-01	6.44e-01	3.59e-02	3.10e-03	4.40e-04	3.21e-05	0.00e+00	0.00e+00	0.00e+00	0.00e+00	0.00e+00	0.00e+00	0.00e+00	0.00e+00	0.00e+00	0.00e+00
 1.86164e+23	2.67e-04	3.35e-01	6.31e-01	3.11e-02	2.71e-03	3.61e-04	2.54e-05	0.00e+00	0.00e+00	0.00e+00	0.00e+00	0.00e+00	0.00e+00	0.00e+00	0.00e+00	0.00e+00	0.00e+00
 1.87533e+23	3.16e-04	3.60e-01	6.12e-01	2.56e-02	2.27e-03	2.77e-04	1.87e-05	0.00e+00	0.00e+00	0.00e+00	0.00e+00	0.00e+00	0.00e+00	0.00e+00	0.00e+00	0.00e+00	0.00e+00
 1.88916e+23	3.63e-04	3.81e-01	5.95e-01	2.16e-02	1.94e-03	2.21e-04	1.44e-05	0.00e+00	0.00e+00	0.00e+00	0.00e+00	0.00e+00	0.00e+00	0.00e+00	0.00e+00	0.00e+00	0.00e+00
 1.89962e+23	4.01e-04	3.97e-01	5.82e-01	1.89e-02	1.72e-03	1.86e-04	1.19e-05	0.00e+00	0.00e+00	0.00e+00	0.00e+00	0.00e+00	0.00e+00	0.00e+00	0.00e+00	0.00e+00	0.00e+00
 1.90966e+23	4.54e-04	4.18e-01	5.64e-01	1.59e-02	1.47e-03	1.49e-04	9.23e-06	0.00e+00	0.00e+00	0.00e+00	0.00e+00	0.00e+00	0.00e+00	0.00e+00	0.00e+00	0.00e+00	0.00e+00
 1.92014e+23	5.07e-04	4.39e-01	5.46e-01	1.35e-02	1.26e-03	1.21e-04	7.31e-06	0.00e+00	0.00e+00	0.00e+00	0.00e+00	0.00e+00	0.00e+00	0.00e+00	0.00e+00	0.00e+00	0.00e+00
 1.93120e+23	5.79e-04	4.65e-01	5.23e-01	1.09e-02	1.03e-03	9.24e-05	5.43e-06	0.00e+00	0.00e+00	0.00e+00	0.00e+00	0.00e+00	0.00e+00	0.00e+00	0.00e+00	0.00e+00	0.00e+00
 1.94273e+23	6.54e-04	4.90e-01	4.99e-01	8.78e-03	8.39e-04	7.03e-05	4.05e-06	0.00e+00	0.00e+00	0.00e+00	0.00e+00	0.00e+00	0.00e+00	0.00e+00	0.00e+00	0.00e+00	0.00e+00
 1.95250e+23	7.22e-04	5.14e-01	4.78e-01	7.18e-03	6.91e-04	5.48e-05	3.11e-06	0.00e+00	0.00e+00	0.00e+00	0.00e+00	0.00e+00	0.00e+00	0.00e+00	0.00e+00	0.00e+00	0.00e+00
 1.96127e+23	7.94e-04	5.37e-01	4.55e-01	5.83e-03	5.63e-04	4.24e-05	2.38e-06	0.00e+00	0.00e+00	0.00e+00	0.00e+00	0.00e+00	0.00e+00	0.00e+00	0.00e+00	0.00e+00	0.00e+00
 1.96954e+23	8.63e-04	5.61e-01	4.33e-01	4.72e-03	4.55e-04	3.26e-05	1.82e-06	0.00e+00	0.00e+00	0.00e+00	0.00e+00	0.00e+00	0.00e+00	0.00e+00	0.00e+00	0.00e+00	0.00e+00
 1.97727e+23	9.31e-04	5.85e-01	4.10e-01	3.79e-03	3.64e-04	2.49e-05	1.39e-06	0.00e+00	0.00e+00	0.00e+00	0.00e+00	0.00e+00	0.00e+00	0.00e+00	0.00e+00	0.00e+00	0.00e+00
 1.98435e+23	9.93e-04	6.08e-01	3.88e-01	3.04e-03	2.90e-04	1.90e-05	1.06e-06	0.00e+00	0.00e+00	0.00e+00	0.00e+00	0.00e+00	0.00e+00	0.00e+00	0.00e+00	0.00e+00	0.00e+00
 1.99071e+23	1.05e-03	6.30e-01	3.66e-01	2.44e-03	2.30e-04	1.45e-05	8.20e-07	0.00e+00	0.00e+00	0.00e+00	0.00e+00	0.00e+00	0.00e+00	0.00e+00	0.00e+00	0.00e+00	0.00e+00
 1.99638e+23	1.09e-03	6.51e-01	3.46e-01	1.98e-03	1.83e-04	1.12e-05	6.41e-07	0.00e+00	0.00e+00	0.00e+00	0.00e+00	0.00e+00	0.00e+00	0.00e+00	0.00e+00	0.00e+00	0.00e+00
 2.00148e+23	1.13e-03	6.71e-01	3.26e-01	1.61e-03	1.47e-04	8.72e-06	5.06e-07	0.00e+00	0.00e+00	0.00e+00	0.00e+00	0.00e+00	0.00e+00	0.00e+00	0.00e+00	0.00e+00	0.00e+00
 2.00613e+23	1.15e-03	6.89e-01	3.08e-01	1.32e-03	1.18e-04	6.85e-06	4.05e-07	0.00e+00	0.00e+00	0.00e+00	0.00e+00	0.00e+00	0.00e+00	0.00e+00	0.00e+00	0.00e+00	0.00e+00
 2.01040e+23	1.16e-03	7.07e-01	2.91e-01	1.09e-03	9.55e-05	5.41e-06	3.27e-07	0.00e+00	0.00e+00	0.00e+00	0.00e+00	0.00e+00	0.00e+00	0.00e+00	0.00e+00	0.00e+00	0.00e+00
 2.01431e+23	1.16e-03	7.23e-01	2.75e-01	9.12e-04	7.80e-05	4.34e-06	2.67e-07	0.00e+00	0.00e+00	0.00e+00	0.00e+00	0.00e+00	0.00e+00	0.00e+00	0.00e+00	0.00e+00	0.00e+00
 2.01785e+23	1.16e-03	7.37e-01	2.61e-01	7.73e-04	6.47e-05	3.53e-06	2.23e-07	0.00e+00	0.00e+00	0.00e+00	0.00e+00	0.00e+00	0.00e+00	0.00e+00	0.00e+00	0.00e+00	0.00e+00
 2.02113e+23	1.14e-03	7.50e-01	2.48e-01	6.61e-04	5.42e-05	2.91e-06	1.88e-07	0.00e+00	0.00e+00	0.00e+00	0.00e+00	0.00e+00	0.00e+00	0.00e+00	0.00e+00	0.00e+00	0.00e+00
 2.02409e+23	1.12e-03	7.61e-01	2.37e-01	5.77e-04	4.65e-05	2.47e-06	1.62e-07	0.00e+00	0.00e+00	0.00e+00	0.00e+00	0.00e+00	0.00e+00	0.00e+00	0.00e+00	0.00e+00	0.00e+00
 2.02610e+23	1.09e-03	7.67e-01	2.31e-01	5.29e-04	4.21e-05	2.22e-06	1.48e-07	0.00e+00	0.00e+00	0.00e+00	0.00e+00	0.00e+00	0.00e+00	0.00e+00	0.00e+00	0.00e+00	0.00e+00
 2.02720e+23	1.08e-03	7.71e-01	2.28e-01	5.05e-04	4.00e-05	2.10e-06	1.40e-07	0.00e+00	0.00e+00	0.00e+00	0.00e+00	0.00e+00	0.00e+00	0.00e+00	0.00e+00	0.00e+00	0.00e+00
 2.02824e+23	1.07e-03	7.74e-01	2.24e-01	4.81e-04	3.79e-05	1.98e-06	1.33e-07	0.00e+00	0.00e+00	0.00e+00	0.00e+00	0.00e+00	0.00e+00	0.00e+00	0.00e+00	0.00e+00	0.00e+00
 2.02956e+23	1.05e-03	7.78e-01	2.20e-01	4.54e-04	3.54e-05	1.84e-06	1.25e-07	0.00e+00	0.00e+00	0.00e+00	0.00e+00	0.00e+00	0.00e+00	0.00e+00	0.00e+00	0.00e+00	0.00e+00
 2.03105e+23	1.04e-03	7.83e-01	2.16e-01	4.25e-04	3.30e-05	1.71e-06	0.00e+00	0.00e+00	0.00e+00	0.00e+00	0.00e+00	0.00e+00	0.00e+00	0.00e+00	0.00e+00	0.00e+00	0.00e+00
 2.03253e+23	1.01e-03	7.86e-01	2.13e-01	4.01e-04	3.09e-05	1.59e-06	0.00e+00	0.00e+00	0.00e+00	0.00e+00	0.00e+00	0.00e+00	0.00e+00	0.00e+00	0.00e+00	0.00e+00	0.00e+00
 2.03404e+23	9.89e-04	7.90e-01	2.09e-01	3.78e-04	2.89e-05	1.48e-06	0.00e+00	0.00e+00	0.00e+00	0.00e+00	0.00e+00	0.00e+00	0.00e+00	0.00e+00	0.00e+00	0.00e+00	0.00e+00
 2.03565e+23	9.64e-04	7.93e-01	2.06e-01	3.55e-04	2.70e-05	1.38e-06	0.00e+00	0.00e+00	0.00e+00	0.00e+00	0.00e+00	0.00e+00	0.00e+00	0.00e+00	0.00e+00	0.00e+00	0.00e+00
 2.03729e+23	9.35e-04	7.95e-01	2.03e-01	3.35e-04	2.54e-05	1.29e-06	0.00e+00	0.00e+00	0.00e+00	0.00e+00	0.00e+00	0.00e+00	0.00e+00	0.00e+00	0.00e+00	0.00e+00	0.00e+00
 2.03887e+23	9.07e-04	7.97e-01	2.02e-01	3.17e-04	2.41e-05	1.22e-06	0.00e+00	0.00e+00	0.00e+00	0.00e+00	0.00e+00	0.00e+00	0.00e+00	0.00e+00	0.00e+00	0.00e+00	0.00e+00
 2.04007e+23	8.82e-04	7.98e-01	2.01e-01	3.06e-04	2.32e-05	1.18e-06	0.00e+00	0.00e+00	0.00e+00	0.00e+00	0.00e+00	0.00e+00	0.00e+00	0.00e+00	0.00e+00	0.00e+00	0.00e+00
 2.04089e+23	8.68e-04	7.98e-01	2.00e-01	2.99e-04	2.27e-05	1.15e-06	0.00e+00	0.00e+00	0.00e+00	0.00e+00	0.00e+00	0.00e+00	0.00e+00	0.00e+00	0.00e+00	0.00e+00	0.00e+00
 2.04169e+23	8.55e-04	7.99e-01	2.00e-01	2.91e-04	2.21e-05	1.12e-06	0.00e+00	0.00e+00	0.00e+00	0.00e+00	0.00e+00	0.00e+00	0.00e+00	0.00e+00	0.00e+00	0.00e+00	0.00e+00
 2.04264e+23	8.40e-04	8.00e-01	1.99e-01	2.83e-04	2.15e-05	1.08e-06	0.00e+00	0.00e+00	0.00e+00	0.00e+00	0.00e+00	0.00e+00	0.00e+00	0.00e+00	0.00e+00	0.00e+00	0.00e+00
 2.04367e+23	8.23e-04	8.00e-01	1.99e-01	2.75e-04	2.09e-05	1.05e-06	0.00e+00	0.00e+00	0.00e+00	0.00e+00	0.00e+00	0.00e+00	0.00e+00	0.00e+00	0.00e+00	0.00e+00	0.00e+00
 2.04468e+23	8.06e-04	8.00e-01	1.98e-01	2.68e-04	2.04e-05	1.03e-06	0.00e+00	0.00e+00	0.00e+00	0.00e+00	0.00e+00	0.00e+00	0.00e+00	0.00e+00	0.00e+00	0.00e+00	0.00e+00
 2.04569e+23	7.89e-04	8.00e-01	1.98e-01	2.61e-04	1.99e-05	1.00e-06	0.00e+00	0.00e+00	0.00e+00	0.00e+00	0.00e+00	0.00e+00	0.00e+00	0.00e+00	0.00e+00	0.00e+00	0.00e+00
 2.04671e+23	7.72e-04	8.00e-01	1.99e-01	2.54e-04	1.94e-05	9.79e-07	0.00e+00	0.00e+00	0.00e+00	0.00e+00	0.00e+00	0.00e+00	0.00e+00	0.00e+00	0.00e+00	0.00e+00	0.00e+00
 2.04777e+23	7.56e-04	8.00e-01	1.99e-01	2.48e-04	1.90e-05	9.56e-07	0.00e+00	0.00e+00	0.00e+00	0.00e+00	0.00e+00	0.00e+00	0.00e+00	0.00e+00	0.00e+00	0.00e+00	0.00e+00
 2.04886e+23	7.40e-04	8.00e-01	1.99e-01	2.41e-04	1.86e-05	9.35e-07	0.00e+00	0.00e+00	0.00e+00	0.00e+00	0.00e+00	0.00e+00	0.00e+00	0.00e+00	0.00e+00	0.00e+00	0.00e+00
 2.04995e+23	7.23e-04	7.99e-01	2.00e-01	2.35e-04	1.82e-05	9.16e-07	0.00e+00	0.00e+00	0.00e+00	0.00e+00	0.00e+00	0.00e+00	0.00e+00	0.00e+00	0.00e+00	0.00e+00	0.00e+00
 2.05106e+23	7.07e-04	7.99e-01	2.00e-01	2.30e-04	1.78e-05	8.98e-07	0.00e+00	0.00e+00	0.00e+00	0.00e+00	0.00e+00	0.00e+00	0.00e+00	0.00e+00	0.00e+00	0.00e+00	0.00e+00
 2.05222e+23	6.91e-04	7.98e-01	2.01e-01	2.24e-04	1.75e-05	8.82e-07	0.00e+00	0.00e+00	0.00e+00	0.00e+00	0.00e+00	0.00e+00	0.00e+00	0.00e+00	0.00e+00	0.00e+00	0.00e+00
 2.05342e+23	6.75e-04	7.97e-01	2.02e-01	2.19e-04	1.72e-05	8.65e-07	0.00e+00	0.00e+00	0.00e+00	0.00e+00	0.00e+00	0.00e+00	0.00e+00	0.00e+00	0.00e+00	0.00e+00	0.00e+00
 2.05463e+23	6.59e-04	7.96e-01	2.03e-01	2.14e-04	1.69e-05	8.51e-07	0.00e+00	0.00e+00	0.00e+00	0.00e+00	0.00e+00	0.00e+00	0.00e+00	0.00e+00	0.00e+00	0.00e+00	0.00e+00
 2.05586e+23	6.44e-04	7.95e-01	2.04e-01	2.09e-04	1.66e-05	8.37e-07	0.00e+00	0.00e+00	0.00e+00	0.00e+00	0.00e+00	0.00e+00	0.00e+00	0.00e+00	0.00e+00	0.00e+00	0.00e+00
 2.05715e+23	6.28e-04	7.93e-01	2.06e-01	2.04e-04	1.63e-05	8.24e-07	0.00e+00	0.00e+00	0.00e+00	0.00e+00	0.00e+00	0.00e+00	0.00e+00	0.00e+00	0.00e+00	0.00e+00	0.00e+00
 2.05847e+23	6.13e-04	7.92e-01	2.07e-01	2.00e-04	1.60e-05	8.12e-07	0.00e+00	0.00e+00	0.00e+00	0.00e+00	0.00e+00	0.00e+00	0.00e+00	0.00e+00	0.00e+00	0.00e+00	0.00e+00
 2.05984e+23	5.98e-04	7.91e-01	2.09e-01	1.95e-04	1.58e-05	8.00e-07	0.00e+00	0.00e+00	0.00e+00	0.00e+00	0.00e+00	0.00e+00	0.00e+00	0.00e+00	0.00e+00	0.00e+00	0.00e+00
 2.06123e+23	5.84e-04	7.89e-01	2.10e-01	1.91e-04	1.56e-05	7.90e-07	0.00e+00	0.00e+00	0.00e+00	0.00e+00	0.00e+00	0.00e+00	0.00e+00	0.00e+00	0.00e+00	0.00e+00	0.00e+00
 2.06266e+23	5.70e-04	7.87e-01	2.12e-01	1.87e-04	1.53e-05	7.80e-07	0.00e+00	0.00e+00	0.00e+00	0.00e+00	0.00e+00	0.00e+00	0.00e+00	0.00e+00	0.00e+00	0.00e+00	0.00e+00
 2.06415e+23	5.56e-04	7.86e-01	2.14e-01	1.83e-04	1.51e-05	7.70e-07	0.00e+00	0.00e+00	0.00e+00	0.00e+00	0.00e+00	0.00e+00	0.00e+00	0.00e+00	0.00e+00	0.00e+00	0.00e+00
 2.06569e+23	5.42e-04	7.84e-01	2.16e-01	1.79e-04	1.49e-05	7.60e-07	0.00e+00	0.00e+00	0.00e+00	0.00e+00	0.00e+00	0.00e+00	0.00e+00	0.00e+00	0.00e+00	0.00e+00	0.00e+00
 2.06727e+23	5.29e-04	7.82e-01	2.17e-01	1.75e-04	1.47e-05	7.51e-07	0.00e+00	0.00e+00	0.00e+00	0.00e+00	0.00e+00	0.00e+00	0.00e+00	0.00e+00	0.00e+00	0.00e+00	0.00e+00
