#depth	H	H+	H2
 1.54284e+22	2.74e-07	1.00e+00	3.51e-33
 3.40914e+22	5.24e-07	1.00e+00	3.88e-32
 3.86824e+22	6.53e-07	1.00e+00	4.77e-32
 4.07170e+22	7.26e-07	1.00e+00	7.28e-32
 4.15927e+22	7.49e-07	1.00e+00	8.30e-32
 4.20470e+22	7.79e-07	1.00e+00	9.73e-32
 4.25559e+22	8.10e-07	1.00e+00	4.04e-32
 4.30584e+22	8.42e-07	1.00e+00	4.76e-32
 4.36345e+22	8.89e-07	1.00e+00	5.91e-32
 4.42058e+22	9.23e-07	1.00e+00	6.92e-32
 4.46769e+22	9.57e-07	1.00e+00	7.99e-32
 4.51954e+22	1.01e-06	1.00e+00	9.68e-32
 4.57094e+22	1.04e-06	1.00e+00	1.11e-31
 4.62177e+22	1.10e-06	1.00e+00	1.34e-31
 4.67342e+22	1.14e-06	1.00e+00	1.55e-31
 4.72615e+22	1.20e-06	1.00e+00	1.87e-31
 4.77951e+22	1.25e-06	1.00e+00	2.16e-31
 4.83371e+22	1.32e-06	1.00e+00	2.62e-31
 4.88893e+22	1.39e-06	1.00e+00	3.06e-31
 4.94550e+22	1.47e-06	1.00e+00	3.72e-31
 5.00317e+22	1.55e-06	1.00e+00	4.36e-31
 5.06228e+22	1.65e-06	1.00e+00	5.33e-31
 5.12197e+22	1.74e-06	1.00e+00	6.27e-31
 5.17241e+22	1.83e-06	1.00e+00	7.24e-31
 5.22721e+22	1.94e-06	1.00e+00	8.63e-31
 5.28220e+22	2.04e-06	1.00e+00	1.00e-30
 5.33599e+22	2.17e-06	1.00e+00	1.17e-30
 5.39085e+22	2.29e-06	1.00e+00	1.36e-30
 5.44464e+22	2.44e-06	1.00e+00	1.57e-30
 5.49955e+22	2.58e-06	1.00e+00	1.81e-30
 5.55373e+22	2.73e-06	1.00e+00	2.08e-30
 5.60830e+22	2.90e-06	1.00e+00	2.39e-30
 5.66221e+22	3.07e-06	1.00e+00	2.72e-30
 5.71603e+22	3.25e-06	1.00e+00	3.09e-30
 5.76991e+22	3.45e-06	1.00e+00	3.50e-30
 5.82397e+22	3.65e-06	1.00e+00	3.96e-30
 5.87831e+22	3.87e-06	1.00e+00	4.49e-30
 5.93312e+22	4.10e-06	1.00e+00	5.09e-30
 5.98852e+22	4.34e-06	1.00e+00	5.79e-30
 6.04422e+22	4.60e-06	1.00e+00	6.59e-30
 6.10080e+22	4.87e-06	1.00e+00	7.56e-30
 6.15799e+22	5.16e-06	1.00e+00	8.70e-30
 6.21630e+22	5.48e-06	1.00e+00	1.03e-29
 6.27565e+22	5.80e-06	1.00e+00	1.20e-29
 6.33004e+22	6.09e-06	1.00e+00	1.39e-29
 6.38684e+22	6.48e-06	1.00e+00	1.65e-29
 6.44457e+22	6.80e-06	1.00e+00	1.93e-29
 6.50408e+22	7.24e-06	1.00e+00	2.35e-29
 6.56367e+22	7.60e-06	1.00e+00	2.77e-29
 6.62336e+22	8.09e-06	1.00e+00	3.43e-29
 6.68329e+22	8.47e-06	1.00e+00	4.07e-29
 6.74356e+22	9.00e-06	1.00e+00	5.09e-29
 6.80446e+22	9.43e-06	1.00e+00	6.09e-29
 6.86621e+22	1.00e-05	1.00e+00	7.69e-29
 6.92879e+22	1.05e-05	1.00e+00	9.26e-29
 6.99246e+22	1.12e-05	1.00e+00	1.18e-28
 7.05732e+22	1.17e-05	1.00e+00	1.44e-28
 7.12372e+22	1.25e-05	1.00e+00	1.89e-28
 7.19167e+22	1.31e-05	1.00e+00	2.35e-28
 7.26162e+22	1.40e-05	1.00e+00	3.13e-28
 7.33284e+22	1.47e-05	1.00e+00	3.92e-28
 7.39303e+22	1.54e-05	1.00e+00	4.82e-28
 7.45860e+22	1.63e-05	1.00e+00	6.28e-28
 7.52208e+22	1.70e-05	1.00e+00	7.57e-28
 7.58283e+22	1.80e-05	1.00e+00	9.67e-28
 7.64422e+22	1.87e-05	1.00e+00	1.17e-27
 7.70644e+22	1.98e-05	1.00e+00	1.49e-27
 7.76959e+22	2.06e-05	1.00e+00	1.81e-27
 7.83396e+22	2.18e-05	1.00e+00	2.33e-27
 7.89926e+22	2.27e-05	1.00e+00	2.83e-27
 7.96576e+22	2.41e-05	1.00e+00	3.66e-27
 8.03345e+22	2.51e-05	1.00e+00	4.48e-27
 8.10269e+22	2.66e-05	1.00e+00	5.85e-27
 8.17345e+22	2.79e-05	1.00e+00	7.21e-27
 8.24620e+22	2.96e-05	1.00e+00	9.49e-27
 8.32095e+22	3.10e-05	1.00e+00	1.18e-26
 8.39831e+22	3.30e-05	1.00e+00	1.58e-26
 8.47634e+22	3.46e-05	1.00e+00	1.97e-26
 8.55525e+22	3.69e-05	1.00e+00	2.64e-26
 8.63499e+22	3.87e-05	1.00e+00	3.30e-26
 8.71583e+22	4.13e-05	1.00e+00	4.43e-26
 8.79805e+22	4.34e-05	1.00e+00	5.58e-26
 8.87058e+22	4.56e-05	1.00e+00	7.01e-26
 8.95336e+22	4.85e-05	1.00e+00	9.39e-26
 9.03805e+22	5.11e-05	1.00e+00	1.19e-25
 9.10720e+22	5.33e-05	1.00e+00	1.46e-25
 9.17907e+22	5.62e-05	1.00e+00	1.86e-25
 9.25346e+22	5.89e-05	1.00e+00	2.30e-25
 9.32079e+22	6.16e-05	1.00e+00	2.83e-25
 9.39796e+22	6.51e-05	1.00e+00	3.67e-25
 9.47785e+22	6.85e-05	1.00e+00	4.63e-25
 9.54888e+22	7.17e-05	1.00e+00	5.72e-25
 9.62880e+22	7.59e-05	1.00e+00	7.47e-25
 9.71207e+22	8.00e-05	1.00e+00	9.51e-25
 9.78695e+22	8.39e-05	1.00e+00	1.19e-24
 9.87156e+22	8.91e-05	1.00e+00	1.57e-24
 9.95901e+22	9.41e-05	1.00e+00	2.02e-24
 1.00370e+23	9.88e-05	1.00e+00	2.54e-24
 1.01253e+23	1.05e-04	1.00e+00	3.39e-24
 1.02171e+23	1.11e-04	1.00e+00	4.40e-24
 1.02998e+23	1.17e-04	1.00e+00	5.48e-24
 1.03937e+23	1.25e-04	1.00e+00	7.48e-24
 1.04899e+23	1.33e-04	1.00e+00	9.72e-24
 1.05762e+23	1.40e-04	1.00e+00	1.26e-23
 1.06753e+23	1.51e-04	1.00e+00	1.75e-23
 1.07753e+23	1.60e-04	1.00e+00	2.28e-23
 1.08766e+23	1.71e-04	1.00e+00	3.19e-23
 1.09794e+23	1.82e-04	1.00e+00	4.21e-23
 1.10844e+23	1.96e-04	1.00e+00	6.00e-23
 1.11905e+23	2.08e-04	1.00e+00	7.94e-23
 1.12979e+23	2.25e-04	1.00e+00	1.15e-22
 1.14063e+23	2.39e-04	1.00e+00	1.53e-22
 1.15161e+23	2.58e-04	1.00e+00	2.23e-22
 1.16274e+23	2.75e-04	1.00e+00	3.00e-22
 1.17238e+23	2.92e-04	1.00e+00	4.01e-22
 1.18323e+23	3.16e-04	1.00e+00	5.88e-22
 1.19381e+23	3.33e-04	1.00e+00	7.77e-22
 1.20264e+23	3.52e-04	1.00e+00	1.03e-21
 1.21270e+23	3.78e-04	1.00e+00	1.47e-21
 1.22276e+23	4.00e-04	1.00e+00	1.96e-21
 1.23283e+23	4.29e-04	1.00e+00	2.82e-21
 1.24309e+23	4.54e-04	1.00e+00	3.84e-21
 1.25357e+23	4.88e-04	1.00e+00	5.63e-21
 1.26413e+23	5.18e-04	9.99e-01	7.76e-21
 1.27479e+23	5.57e-04	9.99e-01	1.15e-20
 1.28559e+23	5.91e-04	9.99e-01	1.63e-20
 1.29423e+23	6.21e-04	9.99e-01	2.15e-20
 1.30316e+23	6.59e-04	9.99e-01	3.02e-20
 1.31228e+23	6.93e-04	9.99e-01	4.10e-20
 1.32041e+23	7.28e-04	9.99e-01	5.46e-20
 1.32969e+23	7.74e-04	9.99e-01	8.08e-20
 1.33909e+23	8.15e-04	9.99e-01	1.14e-19
 1.34732e+23	8.56e-04	9.99e-01	1.57e-19
 1.35672e+23	9.10e-04	9.99e-01	2.41e-19
 1.36628e+23	9.58e-04	9.99e-01	3.57e-19
 1.37475e+23	1.01e-03	9.99e-01	5.06e-19
 1.38445e+23	1.07e-03	9.99e-01	8.28e-19
 1.39430e+23	1.13e-03	9.99e-01	1.30e-18
 1.40435e+23	1.21e-03	9.99e-01	2.24e-18
 1.41450e+23	1.27e-03	9.99e-01	3.87e-18
 1.42342e+23	1.34e-03	9.99e-01	6.28e-18
 1.43365e+23	1.43e-03	9.99e-01	1.46e-17
 1.44404e+23	1.51e-03	9.98e-01	2.59e-17
 1.45464e+23	1.62e-03	9.98e-01	5.66e-17
 1.46546e+23	1.71e-03	9.98e-01	1.08e-16
 1.47509e+23	1.81e-03	9.98e-01	1.74e-16
 1.48615e+23	1.94e-03	9.98e-01	3.05e-16
 1.49749e+23	2.05e-03	9.98e-01	4.59e-16
 1.50761e+23	2.17e-03	9.98e-01	6.51e-16
 1.51424e+23	2.21e-03	9.98e-01	7.71e-16
 1.51701e+23	2.24e-03	9.98e-01	8.16e-16
 1.51972e+23	2.28e-03	9.98e-01	9.12e-16
 1.52323e+23	2.33e-03	9.98e-01	1.03e-15
 1.52781e+23	2.40e-03	9.98e-01	1.24e-15
 1.53375e+23	2.49e-03	9.98e-01	1.53e-15
 1.54148e+23	2.60e-03	9.97e-01	2.00e-15
 1.54983e+23	2.72e-03	9.97e-01	2.56e-15
 1.55778e+23	2.85e-03	9.97e-01	3.21e-15
 1.56690e+23	3.02e-03	9.97e-01	4.31e-15
 1.57602e+23	3.15e-03	9.97e-01	5.29e-15
 1.58513e+23	3.32e-03	9.97e-01	6.85e-15
 1.59457e+23	3.48e-03	9.97e-01	8.55e-15
 1.60444e+23	3.69e-03	9.96e-01	1.13e-14
 1.61438e+23	3.87e-03	9.96e-01	1.42e-14
 1.62442e+23	4.10e-03	9.96e-01	1.82e-14
 1.63476e+23	4.32e-03	9.96e-01	2.25e-14
 1.64550e+23	4.60e-03	9.95e-01	2.96e-14
 1.65630e+23	4.84e-03	9.95e-01	3.65e-14
 1.66716e+23	5.15e-03	9.95e-01	4.69e-14
 1.67826e+23	5.42e-03	9.95e-01	5.76e-14
 1.68965e+23	5.80e-03	9.94e-01	7.49e-14
 1.70114e+23	6.10e-03	9.94e-01	9.22e-14
 1.71277e+23	6.54e-03	9.93e-01	1.21e-13
 1.72453e+23	6.89e-03	9.93e-01	1.49e-13
 1.73471e+23	7.27e-03	9.93e-01	1.84e-13
 1.74619e+23	7.77e-03	9.92e-01	2.40e-13
 1.75818e+23	8.25e-03	9.92e-01	3.02e-13
 1.77086e+23	8.92e-03	9.91e-01	4.07e-13
 1.78353e+23	9.48e-03	9.91e-01	5.17e-13
 1.79621e+23	1.03e-02	9.90e-01	7.04e-13
 1.80904e+23	1.10e-02	9.89e-01	9.09e-13
 1.82204e+23	1.21e-02	9.88e-01	1.28e-12
 1.83511e+23	1.30e-02	9.87e-01	1.67e-12
 1.84825e+23	1.44e-02	9.86e-01	2.40e-12
 1.86164e+23	1.57e-02	9.84e-01	3.26e-12
 1.87533e+23	1.77e-02	9.82e-01	4.89e-12
 1.88916e+23	1.97e-02	9.80e-01	6.95e-12
 1.89962e+23	2.14e-02	9.79e-01	9.09e-12
 1.90966e+23	2.40e-02	9.76e-01	1.29e-11
 1.92014e+23	2.68e-02	9.73e-01	1.79e-11
 1.93120e+23	3.10e-02	9.69e-01	2.73e-11
 1.94273e+23	3.63e-02	9.64e-01	4.21e-11
 1.95250e+23	4.21e-02	9.58e-01	6.25e-11
 1.96127e+23	4.93e-02	9.51e-01	9.38e-11
 1.96954e+23	5.81e-02	9.42e-01	1.41e-10
 1.97727e+23	6.90e-02	9.31e-01	2.14e-10
 1.98435e+23	8.25e-02	9.18e-01	3.25e-10
 1.99071e+23	9.86e-02	9.01e-01	4.89e-10
 1.99638e+23	1.17e-01	8.83e-01	7.22e-10
 2.00148e+23	1.39e-01	8.61e-01	1.05e-09
 2.00613e+23	1.64e-01	8.36e-01	1.49e-09
 2.01040e+23	1.93e-01	8.07e-01	2.09e-09
 2.01431e+23	2.24e-01	7.76e-01	2.86e-09
 2.01785e+23	2.58e-01	7.42e-01	3.80e-09
 2.02113e+23	2.94e-01	7.06e-01	4.97e-09
 2.02409e+23	3.29e-01	6.71e-01	6.23e-09
 2.02610e+23	3.55e-01	6.45e-01	7.20e-09
 2.02720e+23	3.70e-01	6.30e-01	7.77e-09
 2.02824e+23	3.84e-01	6.16e-01	8.39e-09
 2.02956e+23	4.03e-01	5.97e-01	9.23e-09
 2.03105e+23	4.25e-01	5.75e-01	1.02e-08
 2.03253e+23	4.45e-01	5.55e-01	1.12e-08
 2.03404e+23	4.67e-01	5.33e-01	1.23e-08
 2.03565e+23	4.91e-01	5.09e-01	1.35e-08
 2.03729e+23	5.15e-01	4.85e-01	1.47e-08
 2.03887e+23	5.37e-01	4.63e-01	1.59e-08
 2.04007e+23	5.52e-01	4.48e-01	1.66e-08
 2.04089e+23	5.63e-01	4.37e-01	1.72e-08
 2.04169e+23	5.74e-01	4.26e-01	1.78e-08
 2.04264e+23	5.86e-01	4.14e-01	1.85e-08
 2.04367e+23	5.99e-01	4.01e-01	1.92e-08
 2.04468e+23	6.11e-01	3.89e-01	1.99e-08
 2.04569e+23	6.23e-01	3.77e-01	2.06e-08
 2.04671e+23	6.34e-01	3.66e-01	2.12e-08
 2.04777e+23	6.46e-01	3.54e-01	2.19e-08
 2.04886e+23	6.58e-01	3.42e-01	2.26e-08
 2.04995e+23	6.69e-01	3.31e-01	2.33e-08
 2.05106e+23	6.79e-01	3.21e-01	2.39e-08
 2.05222e+23	6.90e-01	3.10e-01	2.45e-08
 2.05342e+23	7.01e-01	2.99e-01	2.52e-08
 2.05463e+23	7.11e-01	2.89e-01	2.58e-08
 2.05586e+23	7.21e-01	2.79e-01	2.64e-08
 2.05715e+23	7.31e-01	2.69e-01	2.71e-08
 2.05847e+23	7.41e-01	2.59e-01	2.77e-08
 2.05984e+23	7.51e-01	2.49e-01	2.83e-08
 2.06123e+23	7.60e-01	2.40e-01	2.89e-08
 2.06266e+23	7.69e-01	2.31e-01	2.95e-08
 2.06415e+23	7.77e-01	2.23e-01	3.01e-08
 2.06569e+23	7.86e-01	2.14e-01	3.06e-08
 2.06727e+23	7.94e-01	2.06e-01	3.12e-08
 2.06890e+23	8.02e-01	1.98e-01	3.18e-08
 2.07058e+23	8.10e-01	1.90e-01	3.24e-08
 2.07234e+23	8.17e-01	1.83e-01	3.29e-08
 2.07415e+23	8.25e-01	1.75e-01	3.35e-08
 2.07600e+23	8.31e-01	1.69e-01	3.41e-08
 2.07787e+23	8.38e-01	1.62e-01	3.46e-08
 2.07978e+23	8.44e-01	1.56e-01	3.53e-08
 2.08179e+23	8.50e-01	1.50e-01	3.60e-08
 2.08387e+23	8.56e-01	1.44e-01	3.66e-08
 2.08591e+23	8.61e-01	1.39e-01	3.73e-08
 2.08803e+23	8.66e-01	1.34e-01	3.80e-08
 2.09027e+23	8.71e-01	1.29e-01	3.88e-08
 2.09258e+23	8.76e-01	1.24e-01	3.96e-08
 2.09492e+23	8.80e-01	1.20e-01	4.05e-08
 2.09733e+23	8.84e-01	1.16e-01	4.16e-08
 2.09989e+23	8.88e-01	1.12e-01	4.27e-08
 2.10254e+23	8.92e-01	1.08e-01	4.40e-08
 2.10527e+23	8.96e-01	1.04e-01	4.55e-08
 2.10805e+23	9.00e-01	1.00e-01	4.70e-08
 2.11080e+23	9.03e-01	9.72e-02	4.87e-08
 2.11347e+23	9.06e-01	9.43e-02	5.05e-08
 2.11603e+23	9.08e-01	9.16e-02	5.25e-08
 2.11850e+23	9.11e-01	8.92e-02	5.42e-08
 2.12085e+23	9.13e-01	8.70e-02	5.57e-08
 2.12309e+23	9.15e-01	8.49e-02	5.75e-08
 2.12519e+23	9.17e-01	8.30e-02	5.92e-08
 2.12723e+23	9.19e-01	8.12e-02	6.10e-08
 2.12928e+23	9.21e-01	7.94e-02	6.31e-08
 2.13127e+23	9.22e-01	7.77e-02	6.52e-08
 2.13319e+23	9.24e-01	7.61e-02	6.75e-08
 2.13504e+23	9.25e-01	7.45e-02	6.98e-08
 2.13682e+23	9.27e-01	7.31e-02	7.22e-08
 2.13855e+23	9.28e-01	7.16e-02	7.47e-08
 2.14023e+23	9.30e-01	7.03e-02	7.73e-08
 2.14184e+23	9.31e-01	6.90e-02	8.02e-08
 2.14340e+23	9.32e-01	6.77e-02	8.32e-08
 2.14488e+23	9.33e-01	6.65e-02	8.62e-08
 2.14633e+23	9.35e-01	6.54e-02	8.96e-08
 2.14774e+23	9.36e-01	6.42e-02	9.30e-08
 2.14903e+23	9.37e-01	6.32e-02	9.63e-08
 2.15021e+23	9.38e-01	6.23e-02	9.96e-08
 2.15128e+23	9.38e-01	6.15e-02	1.03e-07
 2.15225e+23	9.39e-01	6.08e-02	1.06e-07
 2.15313e+23	9.40e-01	6.01e-02	1.08e-07
 2.15394e+23	9.40e-01	5.95e-02	1.11e-07
 2.15467e+23	9.41e-01	5.90e-02	1.14e-07
 2.15547e+23	9.42e-01	5.83e-02	1.17e-07
 2.15634e+23	9.42e-01	5.75e-02	1.20e-07
 2.15713e+23	9.43e-01	5.69e-02	1.22e-07
 2.15785e+23	9.44e-01	5.64e-02	1.25e-07
 2.15850e+23	9.44e-01	5.60e-02	1.27e-07
 2.15922e+23	9.45e-01	5.54e-02	1.29e-07
 2.16015e+23	9.45e-01	5.45e-02	1.33e-07
 2.16115e+23	9.46e-01	5.36e-02	1.36e-07
 2.16207e+23	9.47e-01	5.29e-02	1.39e-07
 2.16290e+23	9.48e-01	5.23e-02	1.41e-07
 2.16366e+23	9.48e-01	5.18e-02	1.43e-07
 2.16449e+23	9.49e-01	5.12e-02	1.45e-07
 2.16538e+23	9.49e-01	5.06e-02	1.47e-07
 2.16620e+23	9.50e-01	5.00e-02	1.49e-07
 2.16694e+23	9.50e-01	4.97e-02	1.50e-07
 2.16775e+23	9.51e-01	4.91e-02	1.51e-07
 2.16863e+23	9.51e-01	4.86e-02	1.52e-07
 2.16943e+23	9.52e-01	4.79e-02	1.53e-07
 2.17015e+23	9.52e-01	4.76e-02	1.54e-07
 2.17095e+23	9.53e-01	4.71e-02	1.55e-07
 2.17181e+23	9.53e-01	4.66e-02	1.56e-07
 2.17275e+23	9.54e-01	4.59e-02	1.56e-07
 2.17377e+23	9.55e-01	4.52e-02	1.57e-07
 2.17469e+23	9.55e-01	4.47e-02	1.57e-07
 2.17571e+23	9.56e-01	4.41e-02	1.58e-07
 2.17680e+23	9.57e-01	4.33e-02	1.58e-07
 2.17780e+23	9.57e-01	4.27e-02	1.58e-07
 2.17870e+23	9.58e-01	4.23e-02	1.57e-07
 2.17953e+23	9.58e-01	4.19e-02	1.57e-07
 2.18028e+23	9.59e-01	4.15e-02	1.56e-07
 2.18110e+23	9.59e-01	4.10e-02	1.56e-07
 2.18199e+23	9.60e-01	4.04e-02	1.55e-07
 2.18280e+23	9.60e-01	4.00e-02	1.55e-07
 2.18368e+23	9.60e-01	3.95e-02	1.54e-07
 2.18464e+23	9.61e-01	3.90e-02	1.54e-07
 2.18551e+23	9.61e-01	3.85e-02	1.53e-07
 2.18630e+23	9.62e-01	3.82e-02	1.53e-07
 2.18702e+23	9.62e-01	3.79e-02	1.52e-07
 2.18781e+23	9.63e-01	3.74e-02	1.51e-07
 2.18884e+23	9.63e-01	3.69e-02	1.50e-07
 2.18994e+23	9.64e-01	3.62e-02	1.50e-07
 2.19095e+23	9.64e-01	3.57e-02	1.49e-07
 2.19187e+23	9.65e-01	3.54e-02	1.49e-07
 2.19270e+23	9.65e-01	3.52e-02	1.48e-07
 2.19362e+23	9.65e-01	3.47e-02	1.47e-07
 2.19481e+23	9.66e-01	3.42e-02	1.47e-07
 2.19609e+23	9.66e-01	3.35e-02	1.47e-07
 2.19726e+23	9.67e-01	3.31e-02	1.46e-07
 2.19832e+23	9.67e-01	3.27e-02	1.45e-07
 2.19929e+23	9.68e-01	3.25e-02	1.45e-07
 2.20035e+23	9.68e-01	3.20e-02	1.44e-07
 2.20150e+23	9.68e-01	3.15e-02	1.44e-07
 2.20254e+23	9.69e-01	3.12e-02	1.43e-07
 2.20368e+23	9.69e-01	3.08e-02	1.42e-07
 2.20491e+23	9.70e-01	3.03e-02	1.42e-07
 2.20603e+23	9.70e-01	2.99e-02	1.41e-07
 2.20705e+23	9.70e-01	2.96e-02	1.41e-07
 2.20817e+23	9.71e-01	2.92e-02	1.40e-07
 2.20938e+23	9.71e-01	2.88e-02	1.40e-07
 2.21048e+23	9.72e-01	2.84e-02	1.39e-07
 2.21147e+23	9.72e-01	2.82e-02	1.39e-07
 2.21257e+23	9.72e-01	2.79e-02	1.38e-07
 2.21375e+23	9.73e-01	2.75e-02	1.38e-07
 2.21483e+23	9.73e-01	2.72e-02	1.38e-07
 2.21601e+23	9.73e-01	2.68e-02	1.37e-07
 2.21728e+23	9.74e-01	2.64e-02	1.37e-07
 2.21844e+23	9.74e-01	2.61e-02	1.37e-07
 2.21971e+23	9.74e-01	2.58e-02	1.37e-07
 2.22108e+23	9.75e-01	2.54e-02	1.37e-07
 2.22233e+23	9.75e-01	2.50e-02	1.37e-07
 2.22346e+23	9.75e-01	2.48e-02	1.36e-07
 2.22449e+23	9.75e-01	2.46e-02	1.36e-07
 2.22563e+23	9.76e-01	2.43e-02	1.36e-07
 2.22685e+23	9.76e-01	2.39e-02	1.36e-07
 2.22796e+23	9.76e-01	2.37e-02	1.36e-07
 2.22918e+23	9.77e-01	2.34e-02	1.35e-07
 2.23049e+23	9.77e-01	2.32e-02	1.36e-07
 2.23169e+23	9.77e-01	2.28e-02	1.35e-07
 2.23300e+23	9.77e-01	2.25e-02	1.35e-07
 2.23442e+23	9.78e-01	2.21e-02	1.35e-07
 2.23570e+23	9.78e-01	2.19e-02	1.35e-07
 2.23712e+23	9.78e-01	2.16e-02	1.35e-07
 2.23864e+23	9.79e-01	2.12e-02	1.35e-07
 2.24003e+23	9.79e-01	2.10e-02	1.35e-07
 2.24155e+23	9.79e-01	2.07e-02	1.35e-07
 2.24319e+23	9.80e-01	2.03e-02	1.35e-07
 2.24468e+23	9.80e-01	2.01e-02	1.35e-07
 2.24632e+23	9.80e-01	1.98e-02	1.35e-07
 2.24808e+23	9.81e-01	1.94e-02	1.35e-07
 2.24969e+23	9.81e-01	1.92e-02	1.35e-07
 2.25145e+23	9.81e-01	1.88e-02	1.34e-07
 2.25335e+23	9.81e-01	1.85e-02	1.35e-07
 2.25508e+23	9.82e-01	1.82e-02	1.35e-07
 2.25666e+23	9.82e-01	1.80e-02	1.34e-07
 2.25838e+23	9.82e-01	1.77e-02	1.34e-07
 2.26025e+23	9.83e-01	1.74e-02	1.34e-07
 2.26194e+23	9.83e-01	1.72e-02	1.34e-07
 2.26380e+23	9.83e-01	1.69e-02	1.34e-07
 2.26581e+23	9.83e-01	1.66e-02	1.34e-07
 2.26763e+23	9.84e-01	1.64e-02	1.34e-07
 2.26963e+23	9.84e-01	1.61e-02	1.34e-07
 2.27179e+23	9.84e-01	1.57e-02	1.34e-07
 2.27375e+23	9.84e-01	1.55e-02	1.34e-07
 2.27591e+23	9.85e-01	1.52e-02	1.34e-07
 2.27823e+23	9.85e-01	1.49e-02	1.34e-07
 2.28035e+23	9.85e-01	1.47e-02	1.34e-07
 2.28227e+23	9.86e-01	1.45e-02	1.34e-07
 2.28438e+23	9.86e-01	1.42e-02	1.34e-07
 2.28666e+23	9.86e-01	1.40e-02	1.34e-07
 2.28873e+23	9.86e-01	1.37e-02	1.34e-07
 2.29100e+23	9.87e-01	1.35e-02	1.34e-07
 2.29345e+23	9.87e-01	1.32e-02	1.35e-07
 2.29568e+23	9.87e-01	1.30e-02	1.34e-07
 2.29771e+23	9.87e-01	1.28e-02	1.35e-07
 2.29993e+23	9.87e-01	1.26e-02	1.35e-07
 2.30234e+23	9.88e-01	1.24e-02	1.35e-07
 2.30452e+23	9.88e-01	1.22e-02	1.35e-07
 2.30691e+23	9.88e-01	1.19e-02	1.35e-07
 2.30950e+23	9.88e-01	1.17e-02	1.35e-07
 2.31185e+23	9.89e-01	1.15e-02	1.35e-07
 2.31443e+23	9.89e-01	1.13e-02	1.35e-07
 2.31778e+23	9.89e-01	1.09e-02	1.35e-07
 2.32141e+23	9.89e-01	1.07e-02	1.35e-07
 2.32505e+23	9.90e-01	1.04e-02	1.36e-07
 2.32882e+23	9.90e-01	1.01e-02	1.36e-07
 2.33259e+23	9.90e-01	9.80e-03	1.36e-07
 2.33639e+23	9.90e-01	9.53e-03	1.36e-07
 2.34023e+23	9.91e-01	9.26e-03	1.36e-07
 2.34413e+23	9.91e-01	9.00e-03	1.36e-07
 2.34806e+23	9.91e-01	8.75e-03	1.36e-07
 2.35203e+23	9.91e-01	8.50e-03	1.36e-07
 2.35604e+23	9.92e-01	8.26e-03	1.36e-07
 2.36009e+23	9.92e-01	8.02e-03	1.37e-07
 2.36417e+23	9.92e-01	7.79e-03	1.37e-07
 2.36828e+23	9.92e-01	7.56e-03	1.37e-07
 2.37242e+23	9.93e-01	7.34e-03	1.37e-07
 2.37659e+23	9.93e-01	7.13e-03	1.37e-07
 2.38079e+23	9.93e-01	6.92e-03	1.37e-07
 2.38502e+23	9.93e-01	6.71e-03	1.38e-07
 2.38929e+23	9.93e-01	6.51e-03	1.38e-07
 2.39359e+23	9.94e-01	6.32e-03	1.38e-07
 2.39792e+23	9.94e-01	6.13e-03	1.38e-07
 2.40228e+23	9.94e-01	5.95e-03	1.38e-07
 2.40667e+23	9.94e-01	5.77e-03	1.39e-07
 2.41115e+23	9.94e-01	5.59e-03	1.39e-07
 2.41574e+23	9.95e-01	5.42e-03	1.39e-07
 2.42037e+23	9.95e-01	5.25e-03	1.40e-07
 2.42505e+23	9.95e-01	5.08e-03	1.40e-07
 2.42978e+23	9.95e-01	4.92e-03	1.41e-07
 2.43456e+23	9.95e-01	4.76e-03	1.41e-07
 2.43939e+23	9.95e-01	4.61e-03	1.42e-07
 2.44428e+23	9.96e-01	4.46e-03	1.42e-07
 2.44925e+23	9.96e-01	4.31e-03	1.43e-07
 2.45430e+23	9.96e-01	4.17e-03	1.43e-07
 2.45948e+23	9.96e-01	4.03e-03	1.44e-07
 2.46480e+23	9.96e-01	3.89e-03	1.45e-07
 2.47020e+23	9.96e-01	3.75e-03	1.46e-07
 2.47569e+23	9.96e-01	3.62e-03	1.47e-07
 2.48128e+23	9.97e-01	3.49e-03	1.48e-07
 2.48698e+23	9.97e-01	3.37e-03	1.49e-07
 2.49278e+23	9.97e-01	3.24e-03	1.50e-07
 2.49870e+23	9.97e-01	3.12e-03	1.52e-07
 2.50477e+23	9.97e-01	3.00e-03	1.53e-07
 2.51100e+23	9.97e-01	2.89e-03	1.55e-07
 2.51736e+23	9.97e-01	2.77e-03	1.57e-07
 2.52387e+23	9.97e-01	2.66e-03	1.59e-07
 2.53053e+23	9.97e-01	2.55e-03	1.61e-07
 2.53736e+23	9.98e-01	2.45e-03	1.64e-07
 2.54434e+23	9.98e-01	2.34e-03	1.66e-07
 2.55142e+23	9.98e-01	2.25e-03	1.69e-07
 2.55856e+23	9.98e-01	2.15e-03	1.73e-07
 2.56579e+23	9.98e-01	2.06e-03	1.76e-07
 2.57309e+23	9.98e-01	1.97e-03	1.80e-07
 2.58047e+23	9.98e-01	1.88e-03	1.85e-07
 2.58793e+23	9.98e-01	1.80e-03	1.90e-07
 2.59546e+23	9.98e-01	1.72e-03	1.95e-07
 2.60307e+23	9.98e-01	1.65e-03	2.01e-07
 2.61078e+23	9.98e-01	1.57e-03	2.08e-07
 2.61854e+23	9.98e-01	1.50e-03	2.16e-07
 2.62634e+23	9.99e-01	1.43e-03	2.25e-07
 2.63427e+23	9.99e-01	1.37e-03	2.34e-07
 2.64228e+23	9.99e-01	1.30e-03	2.45e-07
 2.65037e+23	9.99e-01	1.24e-03	2.57e-07
 2.65857e+23	9.99e-01	1.18e-03	2.72e-07
 2.66687e+23	9.99e-01	1.13e-03	2.88e-07
 2.67525e+23	9.99e-01	1.07e-03	3.07e-07
 2.68365e+23	9.99e-01	1.02e-03	3.30e-07
 2.69179e+23	9.99e-01	9.76e-04	3.55e-07
 2.69940e+23	9.99e-01	9.34e-04	3.84e-07
 2.70647e+23	9.99e-01	8.97e-04	4.14e-07
 2.71315e+23	9.99e-01	8.63e-04	4.48e-07
 2.71953e+23	9.99e-01	8.31e-04	4.85e-07
 2.72562e+23	9.99e-01	8.03e-04	5.27e-07
 2.73141e+23	9.99e-01	7.76e-04	5.73e-07
 2.73688e+23	9.99e-01	7.52e-04	6.24e-07
 2.74207e+23	9.99e-01	7.29e-04	6.79e-07
 2.74700e+23	9.99e-01	7.08e-04	7.41e-07
 2.75169e+23	9.99e-01	6.89e-04	8.10e-07
 2.75616e+23	9.99e-01	6.69e-04	8.87e-07
 2.76037e+23	9.99e-01	6.53e-04	9.71e-07
 2.76435e+23	9.99e-01	6.37e-04	1.06e-06
 2.76818e+23	9.99e-01	6.23e-04	1.16e-06
 2.77188e+23	9.99e-01	6.10e-04	1.28e-06
 2.77543e+23	9.99e-01	5.97e-04	1.40e-06
 2.77882e+23	9.99e-01	5.85e-04	1.54e-06
 2.78204e+23	9.99e-01	5.74e-04	1.69e-06
 2.78512e+23	9.99e-01	5.63e-04	1.86e-06
 2.78810e+23	9.99e-01	5.53e-04	2.04e-06
 2.79098e+23	9.99e-01	5.43e-04	2.25e-06
 2.79378e+23	9.99e-01	5.34e-04	2.48e-06
 2.79647e+23	9.99e-01	5.25e-04	2.73e-06
 2.79906e+23	9.99e-01	5.17e-04	3.00e-06
 2.80157e+23	9.99e-01	5.09e-04	3.30e-06
 2.80402e+23	9.99e-01	5.02e-04	3.63e-06
 2.80643e+23	9.99e-01	4.94e-04	3.99e-06
 2.80880e+23	1.00e+00	4.87e-04	4.39e-06
 2.81113e+23	1.00e+00	4.80e-04	4.83e-06
 2.81341e+23	1.00e+00	4.73e-04	5.32e-06
 2.81567e+23	1.00e+00	4.67e-04	5.84e-06
 2.81793e+23	1.00e+00	4.60e-04	6.41e-06
 2.82019e+23	1.00e+00	4.54e-04	7.05e-06
 2.82245e+23	1.00e+00	4.47e-04	7.73e-06
 2.82473e+23	1.00e+00	4.40e-04	8.48e-06
 2.82704e+23	1.00e+00	4.34e-04	9.29e-06
 2.82941e+23	1.00e+00	4.28e-04	1.02e-05
 2.83183e+23	1.00e+00	4.21e-04	1.11e-05
 2.83430e+23	1.00e+00	4.14e-04	1.22e-05
 2.83687e+23	1.00e+00	4.07e-04	1.33e-05
 2.83955e+23	1.00e+00	4.00e-04	1.45e-05
 2.84234e+23	1.00e+00	3.93e-04	1.58e-05
 2.84525e+23	1.00e+00	3.86e-04	1.72e-05
 2.84829e+23	1.00e+00	3.78e-04	1.87e-05
 2.85150e+23	1.00e+00	3.69e-04	2.03e-05
 2.85494e+23	1.00e+00	3.61e-04	2.20e-05
 2.85859e+23	1.00e+00	3.52e-04	2.39e-05
 2.86245e+23	1.00e+00	3.44e-04	2.59e-05
 2.86649e+23	1.00e+00	3.34e-04	2.80e-05
 2.87076e+23	1.00e+00	3.25e-04	3.02e-05
 2.87536e+23	1.00e+00	3.15e-04	3.26e-05
 2.88027e+23	1.00e+00	3.04e-04	3.50e-05
 2.88550e+23	1.00e+00	2.93e-04	3.77e-05
 2.89107e+23	1.00e+00	2.82e-04	4.04e-05
 2.89701e+23	1.00e+00	2.70e-04	4.32e-05
 2.90339e+23	1.00e+00	2.58e-04	4.61e-05
 2.91026e+23	1.00e+00	2.46e-04	4.90e-05
 2.91765e+23	1.00e+00	2.33e-04	5.21e-05
 2.92561e+23	1.00e+00	2.20e-04	5.51e-05
 2.93420e+23	1.00e+00	2.06e-04	5.80e-05
 2.94355e+23	1.00e+00	1.92e-04	6.08e-05
 2.95375e+23	1.00e+00	1.77e-04	6.36e-05
 2.96486e+23	1.00e+00	1.62e-04	6.61e-05
 2.97692e+23	1.00e+00	1.47e-04	6.85e-05
 2.98997e+23	1.00e+00	1.33e-04	7.08e-05
 3.00393e+23	1.00e+00	1.18e-04	7.29e-05
 3.01862e+23	1.00e+00	1.05e-04	7.51e-05
 3.03374e+23	1.00e+00	9.22e-05	7.78e-05
 3.04825e+23	1.00e+00	8.18e-05	8.11e-05
 3.06082e+23	1.00e+00	7.38e-05	8.52e-05
 3.07115e+23	1.00e+00	6.78e-05	8.97e-05
 3.07981e+23	1.00e+00	6.29e-05	9.48e-05
 3.08475e+23	1.00e+00	6.14e-05	9.90e-05
