#depth	O	O+	O+2	O+3	O+4	O+5	O+6	O+7	O+8	O[1]	O[2]	O[3]
 4.62852e+21	2.15e-12	3.66e-08	5.09e-05	5.62e-03	5.71e-02	1.46e-01	6.50e-01	1.35e-01	6.22e-03	2.15e-12	1.25e-21	1.36e-21
 1.02996e+22	6.42e-12	1.09e-07	1.39e-04	1.26e-02	9.43e-02	2.03e-01	6.03e-01	8.42e-02	2.63e-03	6.42e-12	4.73e-21	5.17e-21
 1.18634e+22	1.19e-11	1.97e-07	2.31e-04	1.85e-02	1.18e-01	2.30e-01	5.66e-01	6.52e-02	1.68e-03	1.19e-11	9.90e-21	1.09e-20
 1.26473e+22	1.65e-11	2.67e-07	2.99e-04	2.23e-02	1.31e-01	2.44e-01	5.44e-01	5.69e-02	1.33e-03	1.65e-11	1.46e-20	1.61e-20
 1.30228e+22	1.91e-11	3.05e-07	3.34e-04	2.42e-02	1.37e-01	2.49e-01	5.34e-01	5.35e-02	1.20e-03	1.91e-11	1.74e-20	1.91e-20
 1.32823e+22	2.30e-11	3.62e-07	3.84e-04	2.68e-02	1.45e-01	2.56e-01	5.21e-01	4.95e-02	1.06e-03	2.30e-11	2.18e-20	2.39e-20
 1.35577e+22	2.73e-11	4.22e-07	4.36e-04	2.92e-02	1.53e-01	2.62e-01	5.09e-01	4.61e-02	9.40e-04	2.73e-11	2.66e-20	2.93e-20
 1.38538e+22	3.39e-11	5.12e-07	5.09e-04	3.26e-02	1.62e-01	2.69e-01	4.93e-01	4.22e-02	8.12e-04	3.39e-11	3.45e-20	3.80e-20
 1.41573e+22	4.10e-11	6.06e-07	5.84e-04	3.59e-02	1.71e-01	2.75e-01	4.79e-01	3.89e-02	7.11e-04	4.10e-11	4.32e-20	4.75e-20
 1.44229e+22	4.91e-11	7.09e-07	6.61e-04	3.91e-02	1.79e-01	2.80e-01	4.65e-01	3.61e-02	6.31e-04	4.91e-11	5.34e-20	5.88e-20
 1.47203e+22	6.17e-11	8.66e-07	7.75e-04	4.36e-02	1.89e-01	2.86e-01	4.48e-01	3.27e-02	5.38e-04	6.17e-11	7.00e-20	7.71e-20
 1.50224e+22	7.46e-11	1.02e-06	8.83e-04	4.76e-02	1.98e-01	2.90e-01	4.33e-01	3.01e-02	4.72e-04	7.46e-11	8.75e-20	9.65e-20
 1.53305e+22	9.51e-11	1.25e-06	1.04e-03	5.29e-02	2.09e-01	2.95e-01	4.15e-01	2.72e-02	4.01e-04	9.51e-11	1.17e-19	1.29e-19
 1.56544e+22	1.19e-10	1.51e-06	1.20e-03	5.82e-02	2.19e-01	2.99e-01	3.98e-01	2.46e-02	3.44e-04	1.19e-10	1.51e-19	1.67e-19
 1.59153e+22	1.40e-10	1.74e-06	1.34e-03	6.26e-02	2.27e-01	3.01e-01	3.85e-01	2.28e-02	3.05e-04	1.40e-10	1.84e-19	2.03e-19
 1.61707e+22	1.72e-10	2.06e-06	1.52e-03	6.80e-02	2.36e-01	3.04e-01	3.70e-01	2.09e-02	2.66e-04	1.72e-10	2.33e-19	2.58e-19
 1.64440e+22	2.07e-10	2.40e-06	1.71e-03	7.34e-02	2.45e-01	3.05e-01	3.56e-01	1.92e-02	2.34e-04	2.07e-10	2.92e-19	3.22e-19
 1.66991e+22	2.49e-10	2.79e-06	1.91e-03	7.90e-02	2.53e-01	3.07e-01	3.42e-01	1.76e-02	2.05e-04	2.49e-10	3.62e-19	4.01e-19
 1.69894e+22	3.16e-10	3.38e-06	2.21e-03	8.65e-02	2.64e-01	3.07e-01	3.24e-01	1.58e-02	1.74e-04	3.16e-10	4.79e-19	5.30e-19
 1.72866e+22	3.87e-10	3.99e-06	2.50e-03	9.34e-02	2.73e-01	3.08e-01	3.09e-01	1.43e-02	1.50e-04	3.87e-10	6.08e-19	6.73e-19
 1.75487e+22	4.70e-10	4.65e-06	2.80e-03	1.00e-01	2.81e-01	3.07e-01	2.95e-01	1.30e-02	1.31e-04	4.70e-10	7.63e-19	8.45e-19
 1.78450e+22	6.00e-10	5.64e-06	3.23e-03	1.09e-01	2.91e-01	3.06e-01	2.78e-01	1.16e-02	1.10e-04	6.00e-10	1.02e-18	1.13e-18
 1.81485e+22	7.39e-10	6.65e-06	3.64e-03	1.18e-01	3.00e-01	3.04e-01	2.64e-01	1.04e-02	9.39e-05	7.39e-10	1.30e-18	1.44e-18
 1.84174e+22	9.03e-10	7.78e-06	4.09e-03	1.26e-01	3.08e-01	3.02e-01	2.50e-01	9.41e-03	8.08e-05	9.03e-10	1.64e-18	1.82e-18
 1.87232e+22	1.16e-09	9.47e-06	4.71e-03	1.37e-01	3.18e-01	2.99e-01	2.33e-01	8.27e-03	6.69e-05	1.16e-09	2.22e-18	2.46e-18
 1.90377e+22	1.45e-09	1.12e-05	5.32e-03	1.47e-01	3.26e-01	2.95e-01	2.19e-01	7.36e-03	5.65e-05	1.45e-09	2.86e-18	3.18e-18
 1.93176e+22	1.78e-09	1.32e-05	5.96e-03	1.57e-01	3.33e-01	2.91e-01	2.06e-01	6.58e-03	4.80e-05	1.78e-09	3.66e-18	4.07e-18
 1.96356e+22	2.32e-09	1.61e-05	6.87e-03	1.70e-01	3.42e-01	2.85e-01	1.90e-01	5.70e-03	3.91e-05	2.32e-09	4.99e-18	5.55e-18
 1.99644e+22	2.92e-09	1.91e-05	7.76e-03	1.83e-01	3.49e-01	2.79e-01	1.77e-01	5.00e-03	3.25e-05	2.92e-09	6.54e-18	7.28e-18
 2.02584e+22	3.63e-09	2.25e-05	8.70e-03	1.94e-01	3.55e-01	2.73e-01	1.64e-01	4.41e-03	2.72e-05	3.63e-09	8.45e-18	9.42e-18
 2.05919e+22	4.78e-09	2.77e-05	1.00e-02	2.10e-01	3.62e-01	2.65e-01	1.50e-01	3.76e-03	2.17e-05	4.78e-09	1.17e-17	1.30e-17
 2.09332e+22	6.05e-09	3.30e-05	1.13e-02	2.24e-01	3.67e-01	2.58e-01	1.38e-01	3.26e-03	1.78e-05	6.05e-09	1.54e-17	1.72e-17
 2.12341e+22	7.54e-09	3.88e-05	1.26e-02	2.37e-01	3.71e-01	2.50e-01	1.27e-01	2.85e-03	1.47e-05	7.54e-09	2.00e-17	2.23e-17
 2.15747e+22	9.95e-09	4.76e-05	1.45e-02	2.54e-01	3.75e-01	2.40e-01	1.14e-01	2.39e-03	1.15e-05	9.95e-09	2.78e-17	3.11e-17
 2.19245e+22	1.26e-08	5.67e-05	1.63e-02	2.69e-01	3.77e-01	2.31e-01	1.04e-01	2.05e-03	9.30e-06	1.26e-08	3.68e-17	4.12e-17
 2.22346e+22	1.58e-08	6.67e-05	1.82e-02	2.84e-01	3.79e-01	2.22e-01	9.51e-02	1.76e-03	7.58e-06	1.58e-08	4.81e-17	5.38e-17
 2.25860e+22	2.10e-08	8.19e-05	2.08e-02	3.03e-01	3.80e-01	2.11e-01	8.45e-02	1.46e-03	5.84e-06	2.10e-08	6.73e-17	7.54e-17
 2.29474e+22	2.68e-08	9.77e-05	2.33e-02	3.19e-01	3.80e-01	2.01e-01	7.59e-02	1.23e-03	4.62e-06	2.68e-08	8.98e-17	1.01e-16
 2.32692e+22	3.37e-08	1.15e-04	2.60e-02	3.35e-01	3.79e-01	1.91e-01	6.85e-02	1.04e-03	3.70e-06	3.37e-08	1.18e-16	1.32e-16
 2.36346e+22	4.52e-08	1.42e-04	2.97e-02	3.55e-01	3.76e-01	1.79e-01	5.98e-02	8.43e-04	2.77e-06	4.52e-08	1.67e-16	1.88e-16
 2.40076e+22	5.75e-08	1.68e-04	3.31e-02	3.71e-01	3.73e-01	1.69e-01	5.33e-02	7.03e-04	2.17e-06	5.75e-08	2.22e-16	2.51e-16
 2.43906e+22	7.78e-08	2.09e-04	3.78e-02	3.92e-01	3.68e-01	1.56e-01	4.59e-02	5.58e-04	1.59e-06	7.78e-08	3.19e-16	3.60e-16
 2.47780e+22	9.93e-08	2.48e-04	4.21e-02	4.08e-01	3.63e-01	1.46e-01	4.05e-02	4.60e-04	1.23e-06	9.93e-08	4.27e-16	4.82e-16
 2.51713e+22	1.35e-07	3.07e-04	4.80e-02	4.28e-01	3.55e-01	1.34e-01	3.45e-02	3.59e-04	8.82e-07	1.35e-07	6.15e-16	6.95e-16
 2.55610e+22	1.70e-07	3.62e-04	5.31e-02	4.43e-01	3.48e-01	1.24e-01	3.03e-02	2.95e-04	6.80e-07	1.70e-07	8.14e-16	9.21e-16
 2.58769e+22	2.09e-07	4.18e-04	5.79e-02	4.57e-01	3.41e-01	1.16e-01	2.70e-02	2.48e-04	5.38e-07	2.09e-07	1.04e-15	1.18e-15
 2.62184e+22	2.70e-07	4.99e-04	6.43e-02	4.72e-01	3.33e-01	1.07e-01	2.34e-02	1.99e-04	4.02e-07	2.70e-07	1.42e-15	1.61e-15
 2.65641e+22	3.33e-07	5.77e-04	7.00e-02	4.84e-01	3.25e-01	9.95e-02	2.06e-02	1.65e-04	3.14e-07	3.33e-07	1.82e-15	2.07e-15
 2.68688e+22	4.08e-07	6.64e-04	7.61e-02	4.96e-01	3.17e-01	9.25e-02	1.83e-02	1.37e-04	2.46e-07	4.08e-07	2.33e-15	2.64e-15
 2.72184e+22	5.26e-07	7.92e-04	8.41e-02	5.09e-01	3.06e-01	8.41e-02	1.56e-02	1.09e-04	1.81e-07	5.26e-07	3.17e-15	3.60e-15
 2.75774e+22	6.54e-07	9.20e-04	9.17e-02	5.20e-01	2.97e-01	7.72e-02	1.36e-02	8.84e-05	1.38e-07	6.54e-07	4.11e-15	4.68e-15
 2.78971e+22	8.04e-07	1.06e-03	9.93e-02	5.29e-01	2.87e-01	7.10e-02	1.19e-02	7.25e-05	0.00e+00	8.04e-07	5.28e-15	6.01e-15
 2.82613e+22	1.04e-06	1.27e-03	1.10e-01	5.40e-01	2.75e-01	6.37e-02	1.00e-02	5.63e-05	0.00e+00	1.04e-06	7.23e-15	8.24e-15
 2.86286e+22	1.29e-06	1.46e-03	1.19e-01	5.48e-01	2.65e-01	5.81e-02	8.67e-03	4.55e-05	0.00e+00	1.29e-06	9.34e-15	1.06e-14
 2.89487e+22	1.57e-06	1.68e-03	1.28e-01	5.54e-01	2.55e-01	5.31e-02	7.53e-03	3.70e-05	0.00e+00	1.57e-06	1.19e-14	1.36e-14
 2.92368e+22	1.85e-06	1.87e-03	1.36e-01	5.59e-01	2.47e-01	4.92e-02	6.72e-03	3.13e-05	0.00e+00	1.85e-06	1.45e-14	1.66e-14
 2.95345e+22	2.26e-06	2.15e-03	1.47e-01	5.64e-01	2.37e-01	4.47e-02	5.81e-03	2.52e-05	0.00e+00	2.26e-06	1.86e-14	2.13e-14
 2.98382e+22	2.69e-06	2.42e-03	1.56e-01	5.67e-01	2.28e-01	4.11e-02	5.12e-03	2.10e-05	0.00e+00	2.69e-06	2.30e-14	2.62e-14
 3.01048e+22	3.15e-06	2.70e-03	1.65e-01	5.70e-01	2.20e-01	3.79e-02	4.54e-03	1.76e-05	0.00e+00	3.15e-06	2.80e-14	3.20e-14
 3.04064e+22	3.87e-06	3.10e-03	1.77e-01	5.72e-01	2.09e-01	3.41e-02	3.88e-03	1.40e-05	0.00e+00	3.87e-06	3.59e-14	4.11e-14
 3.07131e+22	4.57e-06	3.47e-03	1.88e-01	5.73e-01	2.01e-01	3.12e-02	3.41e-03	1.16e-05	0.00e+00	4.57e-06	4.41e-14	5.04e-14
 3.09853e+22	5.36e-06	3.87e-03	1.99e-01	5.73e-01	1.92e-01	2.86e-02	3.01e-03	9.65e-06	0.00e+00	5.36e-06	5.37e-14	6.14e-14
 3.12977e+22	6.60e-06	4.45e-03	2.13e-01	5.72e-01	1.82e-01	2.54e-02	2.54e-03	7.57e-06	0.00e+00	6.60e-06	6.94e-14	7.94e-14
 3.16117e+22	7.74e-06	4.96e-03	2.25e-01	5.71e-01	1.74e-01	2.32e-02	2.23e-03	6.25e-06	0.00e+00	7.74e-06	8.46e-14	9.68e-14
 3.19279e+22	9.48e-06	5.68e-03	2.41e-01	5.67e-01	1.64e-01	2.05e-02	1.88e-03	4.89e-06	0.00e+00	9.48e-06	1.09e-13	1.25e-13
 3.22492e+22	1.12e-05	6.34e-03	2.54e-01	5.64e-01	1.55e-01	1.86e-02	1.63e-03	3.98e-06	0.00e+00	1.12e-05	1.33e-13	1.53e-13
 3.25772e+22	1.37e-05	7.28e-03	2.72e-01	5.58e-01	1.46e-01	1.63e-02	1.36e-03	3.07e-06	0.00e+00	1.37e-05	1.73e-13	1.98e-13
 3.29087e+22	1.61e-05	8.12e-03	2.86e-01	5.52e-01	1.38e-01	1.46e-02	1.18e-03	2.48e-06	0.00e+00	1.61e-05	2.12e-13	2.42e-13
 3.32449e+22	1.98e-05	9.33e-03	3.05e-01	5.44e-01	1.28e-01	1.28e-02	9.75e-04	1.90e-06	0.00e+00	1.98e-05	2.74e-13	3.14e-13
 3.35857e+22	2.33e-05	1.04e-02	3.21e-01	5.36e-01	1.20e-01	1.14e-02	8.36e-04	1.52e-06	0.00e+00	2.33e-05	3.37e-13	3.85e-13
 3.37742e+22	2.43e-05	1.07e-02	3.25e-01	5.34e-01	1.18e-01	1.10e-02	8.00e-04	1.43e-06	0.00e+00	2.43e-05	3.54e-13	4.05e-13
 3.38610e+22	2.54e-05	1.10e-02	3.30e-01	5.32e-01	1.16e-01	1.07e-02	7.66e-04	1.34e-06	0.00e+00	2.54e-05	3.75e-13	4.30e-13
 3.39737e+22	2.73e-05	1.15e-02	3.37e-01	5.28e-01	1.13e-01	1.01e-02	7.14e-04	1.21e-06	0.00e+00	2.73e-05	4.12e-13	4.71e-13
 3.41203e+22	2.95e-05	1.22e-02	3.45e-01	5.23e-01	1.09e-01	9.56e-03	6.62e-04	1.09e-06	0.00e+00	2.95e-05	4.56e-13	5.21e-13
 3.43108e+22	3.34e-05	1.32e-02	3.57e-01	5.16e-01	1.04e-01	8.75e-03	5.89e-04	9.20e-07	0.00e+00	3.34e-05	5.31e-13	6.07e-13
 3.45585e+22	3.86e-05	1.45e-02	3.72e-01	5.07e-01	9.83e-02	7.87e-03	5.12e-04	7.52e-07	0.00e+00	3.86e-05	6.38e-13	7.29e-13
 3.48805e+22	4.70e-05	1.66e-02	3.93e-01	4.93e-01	9.03e-02	6.77e-03	4.20e-04	5.67e-07	0.00e+00	4.70e-05	8.20e-13	9.36e-13
 3.52230e+22	5.54e-05	1.84e-02	4.11e-01	4.81e-01	8.39e-02	5.94e-03	3.54e-04	4.45e-07	0.00e+00	5.54e-05	1.01e-12	1.15e-12
 3.55921e+22	6.83e-05	2.12e-02	4.34e-01	4.64e-01	7.61e-02	5.01e-03	2.84e-04	3.26e-07	0.00e+00	6.83e-05	1.33e-12	1.51e-12
 3.59195e+22	7.71e-05	2.29e-02	4.48e-01	4.53e-01	7.15e-02	4.51e-03	2.48e-04	2.68e-07	0.00e+00	7.71e-05	1.55e-12	1.76e-12
 3.61929e+22	8.98e-05	2.54e-02	4.65e-01	4.39e-01	6.62e-02	3.96e-03	2.10e-04	2.12e-07	0.00e+00	8.98e-05	1.89e-12	2.14e-12
 3.64730e+22	1.02e-04	2.75e-02	4.79e-01	4.28e-01	6.20e-02	3.55e-03	1.83e-04	1.74e-07	0.00e+00	1.02e-04	2.22e-12	2.51e-12
 3.67620e+22	1.19e-04	3.05e-02	4.97e-01	4.12e-01	5.70e-02	3.08e-03	1.53e-04	1.35e-07	0.00e+00	1.19e-04	2.73e-12	3.07e-12
 3.70550e+22	1.35e-04	3.31e-02	5.11e-01	4.00e-01	5.31e-02	2.74e-03	1.32e-04	0.00e+00	0.00e+00	1.35e-04	3.22e-12	3.61e-12
 3.73534e+22	1.58e-04	3.67e-02	5.29e-01	3.83e-01	4.85e-02	2.36e-03	1.09e-04	0.00e+00	0.00e+00	1.58e-04	3.98e-12	4.43e-12
 3.76542e+22	1.79e-04	3.97e-02	5.43e-01	3.70e-01	4.49e-02	2.08e-03	9.36e-05	0.00e+00	0.00e+00	1.79e-04	4.69e-12	5.20e-12
 3.79582e+22	2.10e-04	4.41e-02	5.60e-01	3.53e-01	4.07e-02	1.78e-03	7.68e-05	0.00e+00	0.00e+00	2.10e-04	5.82e-12	6.41e-12
 3.82645e+22	2.36e-04	4.76e-02	5.74e-01	3.39e-01	3.75e-02	1.56e-03	6.56e-05	0.00e+00	0.00e+00	2.36e-04	6.85e-12	7.50e-12
 3.85737e+22	2.75e-04	5.25e-02	5.90e-01	3.22e-01	3.39e-02	1.33e-03	5.38e-05	0.00e+00	0.00e+00	2.75e-04	8.45e-12	9.18e-12
 3.88928e+22	3.13e-04	5.69e-02	6.03e-01	3.07e-01	3.10e-02	1.16e-03	4.52e-05	0.00e+00	0.00e+00	3.13e-04	1.01e-11	1.08e-11
 3.91301e+22	3.37e-04	5.97e-02	6.11e-01	2.98e-01	2.92e-02	1.06e-03	4.05e-05	0.00e+00	0.00e+00	3.37e-04	1.12e-11	1.20e-11
 3.92901e+22	3.58e-04	6.20e-02	6.18e-01	2.91e-01	2.79e-02	9.86e-04	3.72e-05	0.00e+00	0.00e+00	3.58e-04	1.22e-11	1.30e-11
 3.94438e+22	3.85e-04	6.49e-02	6.24e-01	2.83e-01	2.65e-02	9.08e-04	3.36e-05	0.00e+00	0.00e+00	3.85e-04	1.35e-11	1.43e-11
 3.96437e+22	4.22e-04	6.88e-02	6.33e-01	2.72e-01	2.47e-02	8.16e-04	2.95e-05	0.00e+00	0.00e+00	4.22e-04	1.54e-11	1.62e-11
 3.99036e+22	4.80e-04	7.46e-02	6.44e-01	2.58e-01	2.24e-02	7.02e-04	2.46e-05	0.00e+00	0.00e+00	4.80e-04	1.84e-11	1.92e-11
 4.01511e+22	5.20e-04	7.84e-02	6.51e-01	2.48e-01	2.09e-02	6.33e-04	2.17e-05	0.00e+00	0.00e+00	5.20e-04	2.07e-11	2.14e-11
 4.03825e+22	5.78e-04	8.38e-02	6.60e-01	2.36e-01	1.92e-02	5.55e-04	1.85e-05	0.00e+00	0.00e+00	5.78e-04	2.41e-11	2.47e-11
 4.06834e+22	6.65e-04	9.15e-02	6.70e-01	2.21e-01	1.71e-02	4.66e-04	1.50e-05	0.00e+00	0.00e+00	6.65e-04	2.95e-11	2.97e-11
 4.09781e+22	7.32e-04	9.69e-02	6.77e-01	2.09e-01	1.56e-02	4.08e-04	1.28e-05	0.00e+00	0.00e+00	7.32e-04	3.40e-11	3.39e-11
 4.12647e+22	8.30e-04	1.05e-01	6.84e-01	1.96e-01	1.40e-02	3.45e-04	1.05e-05	0.00e+00	0.00e+00	8.30e-04	4.10e-11	4.02e-11
 4.15878e+22	9.40e-04	1.13e-01	6.91e-01	1.82e-01	1.24e-02	2.90e-04	8.52e-06	0.00e+00	0.00e+00	9.40e-04	4.94e-11	4.76e-11
 4.19584e+22	1.10e-03	1.24e-01	6.98e-01	1.66e-01	1.07e-02	2.33e-04	6.56e-06	0.00e+00	0.00e+00	1.10e-03	6.27e-11	5.90e-11
 4.23418e+22	1.25e-03	1.35e-01	7.02e-01	1.52e-01	9.34e-03	1.91e-04	5.18e-06	0.00e+00	0.00e+00	1.25e-03	7.65e-11	7.06e-11
 4.27421e+22	1.48e-03	1.49e-01	7.05e-01	1.36e-01	7.88e-03	1.49e-04	3.87e-06	0.00e+00	0.00e+00	1.48e-03	9.89e-11	8.89e-11
 4.31465e+22	1.68e-03	1.60e-01	7.07e-01	1.24e-01	6.82e-03	1.21e-04	3.04e-06	0.00e+00	0.00e+00	1.68e-03	1.20e-10	1.06e-10
 4.35562e+22	2.00e-03	1.77e-01	7.06e-01	1.09e-01	5.66e-03	9.27e-05	2.21e-06	0.00e+00	0.00e+00	2.00e-03	1.57e-10	1.34e-10
 4.39655e+22	2.24e-03	1.89e-01	7.04e-01	9.92e-02	4.89e-03	7.55e-05	1.74e-06	0.00e+00	0.00e+00	2.24e-03	1.89e-10	1.58e-10
 4.43743e+22	2.65e-03	2.09e-01	6.98e-01	8.66e-02	4.04e-03	5.72e-05	1.26e-06	0.00e+00	0.00e+00	2.65e-03	2.46e-10	2.00e-10
 4.47926e+22	2.99e-03	2.23e-01	6.93e-01	7.74e-02	3.44e-03	4.58e-05	9.75e-07	0.00e+00	0.00e+00	2.99e-03	2.99e-10	2.37e-10
 4.52233e+22	3.56e-03	2.47e-01	6.81e-01	6.61e-02	2.79e-03	3.37e-05	6.88e-07	0.00e+00	0.00e+00	3.56e-03	3.91e-10	3.02e-10
 4.56618e+22	4.05e-03	2.65e-01	6.71e-01	5.80e-02	2.34e-03	2.64e-05	5.20e-07	0.00e+00	0.00e+00	4.05e-03	4.78e-10	3.61e-10
 4.61105e+22	4.84e-03	2.93e-01	6.52e-01	4.85e-02	1.87e-03	1.89e-05	3.59e-07	0.00e+00	0.00e+00	4.84e-03	6.28e-10	4.62e-10
 4.65119e+22	5.35e-03	3.08e-01	6.41e-01	4.32e-02	1.61e-03	1.54e-05	2.84e-07	0.00e+00	0.00e+00	5.35e-03	7.31e-10	5.30e-10
 4.68518e+22	6.15e-03	3.33e-01	6.23e-01	3.72e-02	1.34e-03	1.18e-05	2.12e-07	0.00e+00	0.00e+00	6.15e-03	9.01e-10	6.40e-10
 4.72006e+22	6.91e-03	3.53e-01	6.06e-01	3.25e-02	1.14e-03	9.32e-06	1.64e-07	0.00e+00	0.00e+00	6.91e-03	1.07e-09	7.48e-10
 4.75090e+22	7.68e-03	3.74e-01	5.89e-01	2.85e-02	9.88e-04	7.49e-06	1.30e-07	0.00e+00	0.00e+00	7.68e-03	1.25e-09	8.66e-10
 4.78578e+22	8.94e-03	4.04e-01	5.63e-01	2.38e-02	8.08e-04	5.51e-06	0.00e+00	0.00e+00	0.00e+00	8.94e-03	1.56e-09	1.06e-09
 4.82102e+22	1.01e-02	4.28e-01	5.41e-01	2.03e-02	6.82e-04	4.26e-06	0.00e+00	0.00e+00	0.00e+00	1.01e-02	1.86e-09	1.24e-09
 4.85194e+22	1.14e-02	4.55e-01	5.16e-01	1.72e-02	5.74e-04	3.27e-06	0.00e+00	0.00e+00	0.00e+00	1.14e-02	2.21e-09	1.47e-09
 4.88737e+22	1.34e-02	4.90e-01	4.82e-01	1.38e-02	4.60e-04	2.30e-06	0.00e+00	0.00e+00	0.00e+00	1.34e-02	2.78e-09	1.81e-09
 4.92344e+22	1.54e-02	5.21e-01	4.52e-01	1.12e-02	3.78e-04	1.68e-06	0.00e+00	0.00e+00	0.00e+00	1.54e-02	3.35e-09	2.17e-09
 4.95495e+22	1.77e-02	5.52e-01	4.21e-01	9.12e-03	3.12e-04	1.22e-06	0.00e+00	0.00e+00	0.00e+00	1.77e-02	4.04e-09	2.59e-09
 4.99049e+22	2.11e-02	5.92e-01	3.80e-01	6.88e-03	2.43e-04	8.02e-07	0.00e+00	0.00e+00	0.00e+00	2.11e-02	5.13e-09	3.25e-09
 5.02725e+22	2.48e-02	6.27e-01	3.42e-01	5.24e-03	1.93e-04	5.40e-07	0.00e+00	0.00e+00	0.00e+00	2.48e-02	6.33e-09	3.97e-09
 5.05994e+22	2.90e-02	6.61e-01	3.06e-01	3.96e-03	1.53e-04	3.62e-07	0.00e+00	0.00e+00	0.00e+00	2.90e-02	7.77e-09	4.84e-09
 5.09679e+22	3.54e-02	7.02e-01	2.60e-01	2.71e-03	1.13e-04	2.11e-07	0.00e+00	0.00e+00	0.00e+00	3.54e-02	1.01e-08	6.23e-09
 5.13388e+22	4.28e-02	7.35e-01	2.21e-01	1.88e-03	8.49e-05	1.27e-07	0.00e+00	0.00e+00	0.00e+00	4.28e-02	1.27e-08	7.82e-09
 5.16229e+22	4.96e-02	7.58e-01	1.91e-01	1.38e-03	6.76e-05	0.00e+00	0.00e+00	0.00e+00	0.00e+00	4.96e-02	1.53e-08	9.33e-09
 5.19026e+22	5.91e-02	7.81e-01	1.59e-01	9.49e-04	5.07e-05	0.00e+00	0.00e+00	0.00e+00	0.00e+00	5.91e-02	1.90e-08	1.15e-08
 5.21119e+22	6.54e-02	7.91e-01	1.43e-01	7.65e-04	4.35e-05	0.00e+00	0.00e+00	0.00e+00	0.00e+00	6.54e-02	2.13e-08	1.29e-08
 5.21913e+22	6.84e-02	7.95e-01	1.36e-01	6.94e-04	4.05e-05	0.00e+00	0.00e+00	0.00e+00	0.00e+00	6.84e-02	2.24e-08	1.36e-08
 5.22508e+22	7.14e-02	7.98e-01	1.29e-01	6.32e-04	3.77e-05	0.00e+00	0.00e+00	0.00e+00	0.00e+00	7.14e-02	2.35e-08	1.43e-08
 5.23163e+22	7.41e-02	8.02e-01	1.24e-01	5.78e-04	3.53e-05	0.00e+00	0.00e+00	0.00e+00	0.00e+00	7.41e-02	2.47e-08	1.49e-08
 5.23952e+22	7.83e-02	8.05e-01	1.16e-01	5.10e-04	3.21e-05	0.00e+00	0.00e+00	0.00e+00	0.00e+00	7.83e-02	2.63e-08	1.59e-08
 5.24796e+22	8.27e-02	8.09e-01	1.08e-01	4.50e-04	2.92e-05	0.00e+00	0.00e+00	0.00e+00	0.00e+00	8.27e-02	2.81e-08	1.70e-08
 5.25552e+22	8.70e-02	8.11e-01	1.02e-01	4.01e-04	2.67e-05	0.00e+00	0.00e+00	0.00e+00	0.00e+00	8.70e-02	2.98e-08	1.80e-08
 5.26249e+22	9.11e-02	8.13e-01	9.58e-02	3.60e-04	2.46e-05	0.00e+00	0.00e+00	0.00e+00	0.00e+00	9.11e-02	3.14e-08	1.90e-08
 5.26950e+22	9.58e-02	8.14e-01	8.98e-02	3.20e-04	2.25e-05	0.00e+00	0.00e+00	0.00e+00	0.00e+00	9.58e-02	3.33e-08	2.01e-08
 5.27651e+22	1.00e-01	8.15e-01	8.43e-02	2.86e-04	2.06e-05	0.00e+00	0.00e+00	0.00e+00	0.00e+00	1.00e-01	3.51e-08	2.12e-08
 5.28351e+22	1.06e-01	8.15e-01	7.88e-02	2.54e-04	1.88e-05	0.00e+00	0.00e+00	0.00e+00	0.00e+00	1.06e-01	3.72e-08	2.24e-08
 5.29045e+22	1.11e-01	8.15e-01	7.37e-02	2.26e-04	1.71e-05	0.00e+00	0.00e+00	0.00e+00	0.00e+00	1.11e-01	3.93e-08	2.37e-08
 5.29704e+22	1.16e-01	8.14e-01	6.89e-02	2.01e-04	1.56e-05	0.00e+00	0.00e+00	0.00e+00	0.00e+00	1.16e-01	4.15e-08	2.50e-08
 5.30335e+22	1.22e-01	8.13e-01	6.46e-02	1.81e-04	1.43e-05	0.00e+00	0.00e+00	0.00e+00	0.00e+00	1.22e-01	4.37e-08	2.62e-08
 5.30968e+22	1.28e-01	8.12e-01	6.04e-02	1.61e-04	1.31e-05	0.00e+00	0.00e+00	0.00e+00	0.00e+00	1.28e-01	4.61e-08	2.77e-08
 5.31610e+22	1.34e-01	8.10e-01	5.63e-02	1.44e-04	1.19e-05	0.00e+00	0.00e+00	0.00e+00	0.00e+00	1.34e-01	4.85e-08	2.91e-08
 5.32249e+22	1.41e-01	8.07e-01	5.23e-02	1.28e-04	1.08e-05	0.00e+00	0.00e+00	0.00e+00	0.00e+00	1.41e-01	5.13e-08	3.07e-08
 5.32861e+22	1.47e-01	8.04e-01	4.89e-02	1.15e-04	9.85e-06	0.00e+00	0.00e+00	0.00e+00	0.00e+00	1.47e-01	5.38e-08	3.22e-08
 5.33464e+22	1.54e-01	8.00e-01	4.55e-02	1.02e-04	8.94e-06	0.00e+00	0.00e+00	0.00e+00	0.00e+00	1.54e-01	5.66e-08	3.39e-08
 5.34079e+22	1.62e-01	7.96e-01	4.22e-02	9.09e-05	8.07e-06	0.00e+00	0.00e+00	0.00e+00	0.00e+00	1.62e-01	5.97e-08	3.57e-08
 5.34652e+22	1.69e-01	7.91e-01	3.93e-02	8.16e-05	7.34e-06	0.00e+00	0.00e+00	0.00e+00	0.00e+00	1.69e-01	6.25e-08	3.74e-08
 5.35204e+22	1.76e-01	7.87e-01	3.67e-02	7.37e-05	6.71e-06	0.00e+00	0.00e+00	0.00e+00	0.00e+00	1.76e-01	6.53e-08	3.90e-08
 5.35795e+22	1.85e-01	7.81e-01	3.39e-02	6.54e-05	6.02e-06	0.00e+00	0.00e+00	0.00e+00	0.00e+00	1.85e-01	6.88e-08	4.11e-08
 5.36381e+22	1.94e-01	7.75e-01	3.14e-02	5.87e-05	5.46e-06	0.00e+00	0.00e+00	0.00e+00	0.00e+00	1.94e-01	7.20e-08	4.30e-08
 5.36938e+22	2.03e-01	7.68e-01	2.91e-02	5.26e-05	4.93e-06	0.00e+00	0.00e+00	0.00e+00	0.00e+00	2.03e-01	7.54e-08	4.50e-08
 5.37494e+22	2.12e-01	7.61e-01	2.69e-02	4.72e-05	4.44e-06	0.00e+00	0.00e+00	0.00e+00	0.00e+00	2.12e-01	7.89e-08	4.70e-08
 5.38027e+22	2.21e-01	7.54e-01	2.50e-02	4.25e-05	4.02e-06	0.00e+00	0.00e+00	0.00e+00	0.00e+00	2.21e-01	8.23e-08	4.91e-08
 5.38550e+22	2.31e-01	7.46e-01	2.32e-02	3.84e-05	3.63e-06	0.00e+00	0.00e+00	0.00e+00	0.00e+00	2.31e-01	8.58e-08	5.11e-08
 5.39082e+22	2.41e-01	7.38e-01	2.14e-02	3.46e-05	3.27e-06	0.00e+00	0.00e+00	0.00e+00	0.00e+00	2.41e-01	8.94e-08	5.33e-08
 5.39617e+22	2.51e-01	7.29e-01	1.98e-02	3.12e-05	2.94e-06	0.00e+00	0.00e+00	0.00e+00	0.00e+00	2.51e-01	9.32e-08	5.54e-08
 5.40149e+22	2.62e-01	7.20e-01	1.82e-02	2.82e-05	2.64e-06	0.00e+00	0.00e+00	0.00e+00	0.00e+00	2.62e-01	9.69e-08	5.77e-08
 5.40680e+22	2.73e-01	7.10e-01	1.68e-02	2.54e-05	2.37e-06	0.00e+00	0.00e+00	0.00e+00	0.00e+00	2.73e-01	1.01e-07	5.99e-08
 5.41206e+22	2.84e-01	7.00e-01	1.55e-02	2.30e-05	2.14e-06	0.00e+00	0.00e+00	0.00e+00	0.00e+00	2.84e-01	1.05e-07	6.21e-08
 5.41743e+22	2.97e-01	6.89e-01	1.42e-02	2.07e-05	1.90e-06	0.00e+00	0.00e+00	0.00e+00	0.00e+00	2.97e-01	1.09e-07	6.46e-08
 5.42271e+22	3.09e-01	6.78e-01	1.31e-02	1.88e-05	1.70e-06	0.00e+00	0.00e+00	0.00e+00	0.00e+00	3.09e-01	1.12e-07	6.68e-08
 5.42789e+22	3.22e-01	6.66e-01	1.20e-02	1.70e-05	1.52e-06	0.00e+00	0.00e+00	0.00e+00	0.00e+00	3.22e-01	1.17e-07	6.92e-08
 5.43305e+22	3.34e-01	6.55e-01	1.11e-02	1.55e-05	1.36e-06	0.00e+00	0.00e+00	0.00e+00	0.00e+00	3.34e-01	1.20e-07	7.13e-08
 5.43823e+22	3.47e-01	6.43e-01	1.01e-02	1.41e-05	1.21e-06	0.00e+00	0.00e+00	0.00e+00	0.00e+00	3.47e-01	1.24e-07	7.36e-08
 5.44358e+22	3.60e-01	6.30e-01	9.26e-03	1.28e-05	1.08e-06	0.00e+00	0.00e+00	0.00e+00	0.00e+00	3.60e-01	1.28e-07	7.59e-08
 5.44891e+22	3.75e-01	6.17e-01	8.44e-03	1.16e-05	9.56e-07	0.00e+00	0.00e+00	0.00e+00	0.00e+00	3.75e-01	1.32e-07	7.82e-08
 5.45412e+22	3.89e-01	6.04e-01	7.72e-03	1.06e-05	8.50e-07	0.00e+00	0.00e+00	0.00e+00	0.00e+00	3.89e-01	1.36e-07	8.04e-08
 5.45926e+22	4.02e-01	5.91e-01	7.05e-03	9.64e-06	7.56e-07	0.00e+00	0.00e+00	0.00e+00	0.00e+00	4.02e-01	1.39e-07	8.25e-08
 5.46451e+22	4.17e-01	5.77e-01	6.43e-03	8.79e-06	6.70e-07	0.00e+00	0.00e+00	0.00e+00	0.00e+00	4.17e-01	1.43e-07	8.45e-08
 5.46987e+22	4.32e-01	5.63e-01	5.84e-03	8.02e-06	5.92e-07	0.00e+00	0.00e+00	0.00e+00	0.00e+00	4.32e-01	1.46e-07	8.66e-08
 5.47526e+22	4.47e-01	5.48e-01	5.31e-03	7.31e-06	5.22e-07	0.00e+00	0.00e+00	0.00e+00	0.00e+00	4.47e-01	1.50e-07	8.85e-08
 5.48068e+22	4.62e-01	5.33e-01	4.81e-03	6.68e-06	4.61e-07	0.00e+00	0.00e+00	0.00e+00	0.00e+00	4.62e-01	1.53e-07	9.03e-08
 5.48615e+22	4.77e-01	5.19e-01	4.36e-03	6.10e-06	4.06e-07	0.00e+00	0.00e+00	0.00e+00	0.00e+00	4.77e-01	1.56e-07	9.21e-08
 5.49169e+22	4.92e-01	5.04e-01	3.94e-03	5.58e-06	3.57e-07	0.00e+00	0.00e+00	0.00e+00	0.00e+00	4.92e-01	1.59e-07	9.37e-08
 5.49732e+22	5.08e-01	4.89e-01	3.56e-03	5.11e-06	3.13e-07	0.00e+00	0.00e+00	0.00e+00	0.00e+00	5.08e-01	1.61e-07	9.52e-08
 5.50306e+22	5.23e-01	4.73e-01	3.20e-03	4.67e-06	2.74e-07	0.00e+00	0.00e+00	0.00e+00	0.00e+00	5.23e-01	1.64e-07	9.66e-08
 5.50891e+22	5.39e-01	4.58e-01	2.88e-03	4.27e-06	2.39e-07	0.00e+00	0.00e+00	0.00e+00	0.00e+00	5.39e-01	1.66e-07	9.79e-08
 5.51488e+22	5.55e-01	4.43e-01	2.58e-03	3.91e-06	2.09e-07	0.00e+00	0.00e+00	0.00e+00	0.00e+00	5.55e-01	1.68e-07	9.91e-08
 5.52097e+22	5.70e-01	4.27e-01	2.31e-03	3.58e-06	1.82e-07	0.00e+00	0.00e+00	0.00e+00	0.00e+00	5.70e-01	1.70e-07	1.00e-07
 5.52718e+22	5.86e-01	4.12e-01	2.06e-03	3.27e-06	1.58e-07	0.00e+00	0.00e+00	0.00e+00	0.00e+00	5.86e-01	1.71e-07	1.01e-07
 5.53287e+22	5.99e-01	3.99e-01	1.87e-03	3.04e-06	1.40e-07	0.00e+00	0.00e+00	0.00e+00	0.00e+00	5.99e-01	1.72e-07	1.02e-07
 5.53784e+22	6.11e-01	3.87e-01	1.71e-03	2.84e-06	1.25e-07	0.00e+00	0.00e+00	0.00e+00	0.00e+00	6.11e-01	1.73e-07	1.02e-07
 5.54277e+22	6.22e-01	3.76e-01	1.57e-03	2.67e-06	0.00e+00	0.00e+00	0.00e+00	0.00e+00	0.00e+00	6.22e-01	1.74e-07	1.02e-07
 5.54807e+22	6.34e-01	3.65e-01	1.43e-03	2.49e-06	0.00e+00	0.00e+00	0.00e+00	0.00e+00	0.00e+00	6.34e-01	1.75e-07	1.03e-07
 5.55370e+22	6.46e-01	3.52e-01	1.29e-03	2.31e-06	0.00e+00	0.00e+00	0.00e+00	0.00e+00	0.00e+00	6.46e-01	1.75e-07	1.03e-07
 5.55924e+22	6.58e-01	3.41e-01	1.17e-03	2.16e-06	0.00e+00	0.00e+00	0.00e+00	0.00e+00	0.00e+00	6.58e-01	1.75e-07	1.03e-07
 5.56473e+22	6.69e-01	3.30e-01	1.06e-03	2.03e-06	0.00e+00	0.00e+00	0.00e+00	0.00e+00	0.00e+00	6.69e-01	1.76e-07	1.03e-07
 5.57040e+22	6.80e-01	3.19e-01	9.63e-04	1.90e-06	0.00e+00	0.00e+00	0.00e+00	0.00e+00	0.00e+00	6.80e-01	1.76e-07	1.03e-07
 5.57631e+22	6.91e-01	3.08e-01	8.69e-04	1.77e-06	0.00e+00	0.00e+00	0.00e+00	0.00e+00	0.00e+00	6.91e-01	1.76e-07	1.03e-07
 5.58228e+22	7.02e-01	2.97e-01	7.84e-04	1.65e-06	0.00e+00	0.00e+00	0.00e+00	0.00e+00	0.00e+00	7.02e-01	1.76e-07	1.03e-07
 5.58825e+22	7.12e-01	2.87e-01	7.09e-04	1.55e-06	0.00e+00	0.00e+00	0.00e+00	0.00e+00	0.00e+00	7.12e-01	1.75e-07	1.03e-07
 5.59436e+22	7.22e-01	2.77e-01	6.39e-04	1.45e-06	0.00e+00	0.00e+00	0.00e+00	0.00e+00	0.00e+00	7.22e-01	1.75e-07	1.03e-07
 5.60066e+22	7.32e-01	2.67e-01	5.75e-04	1.36e-06	0.00e+00	0.00e+00	0.00e+00	0.00e+00	0.00e+00	7.32e-01	1.74e-07	1.02e-07
 5.60710e+22	7.42e-01	2.57e-01	5.17e-04	1.27e-06	0.00e+00	0.00e+00	0.00e+00	0.00e+00	0.00e+00	7.42e-01	1.74e-07	1.02e-07
 5.61364e+22	7.52e-01	2.48e-01	4.65e-04	1.19e-06	0.00e+00	0.00e+00	0.00e+00	0.00e+00	0.00e+00	7.52e-01	1.73e-07	1.01e-07
 5.62028e+22	7.61e-01	2.38e-01	4.18e-04	1.11e-06	0.00e+00	0.00e+00	0.00e+00	0.00e+00	0.00e+00	7.61e-01	1.73e-07	1.01e-07
 5.62707e+22	7.70e-01	2.29e-01	3.75e-04	1.04e-06	0.00e+00	0.00e+00	0.00e+00	0.00e+00	0.00e+00	7.70e-01	1.72e-07	1.00e-07
 5.63403e+22	7.79e-01	2.21e-01	3.36e-04	9.79e-07	0.00e+00	0.00e+00	0.00e+00	0.00e+00	0.00e+00	7.79e-01	1.71e-07	9.99e-08
 5.64115e+22	7.88e-01	2.12e-01	3.01e-04	9.17e-07	0.00e+00	0.00e+00	0.00e+00	0.00e+00	0.00e+00	7.88e-01	1.70e-07	9.93e-08
 5.64842e+22	7.96e-01	2.04e-01	2.70e-04	8.59e-07	0.00e+00	0.00e+00	0.00e+00	0.00e+00	0.00e+00	7.96e-01	1.69e-07	9.87e-08
 5.65585e+22	8.04e-01	1.96e-01	2.42e-04	8.05e-07	0.00e+00	0.00e+00	0.00e+00	0.00e+00	0.00e+00	8.04e-01	1.68e-07	9.81e-08
 5.66346e+22	8.12e-01	1.88e-01	2.17e-04	7.55e-07	0.00e+00	0.00e+00	0.00e+00	0.00e+00	0.00e+00	8.12e-01	1.67e-07	9.75e-08
 5.67127e+22	8.19e-01	1.80e-01	1.94e-04	7.08e-07	0.00e+00	0.00e+00	0.00e+00	0.00e+00	0.00e+00	8.19e-01	1.66e-07	9.69e-08
 5.67930e+22	8.27e-01	1.73e-01	1.74e-04	6.63e-07	0.00e+00	0.00e+00	0.00e+00	0.00e+00	0.00e+00	8.27e-01	1.65e-07	9.63e-08
 5.68755e+22	8.34e-01	1.66e-01	1.56e-04	6.22e-07	0.00e+00	0.00e+00	0.00e+00	0.00e+00	0.00e+00	8.34e-01	1.65e-07	9.57e-08
 5.69604e+22	8.41e-01	1.59e-01	1.41e-04	5.83e-07	0.00e+00	0.00e+00	0.00e+00	0.00e+00	0.00e+00	8.41e-01	1.64e-07	9.51e-08
 5.70478e+22	8.47e-01	1.53e-01	1.27e-04	5.46e-07	0.00e+00	0.00e+00	0.00e+00	0.00e+00	0.00e+00	8.47e-01	1.63e-07	9.45e-08
 5.71370e+22	8.53e-01	1.47e-01	1.14e-04	5.13e-07	0.00e+00	0.00e+00	0.00e+00	0.00e+00	0.00e+00	8.53e-01	1.62e-07	9.39e-08
 5.72276e+22	8.59e-01	1.41e-01	1.03e-04	4.82e-07	0.00e+00	0.00e+00	0.00e+00	0.00e+00	0.00e+00	8.59e-01	1.61e-07	9.34e-08
 5.73195e+22	8.65e-01	1.35e-01	9.42e-05	4.54e-07	0.00e+00	0.00e+00	0.00e+00	0.00e+00	0.00e+00	8.65e-01	1.61e-07	9.30e-08
 5.74136e+22	8.70e-01	1.30e-01	8.59e-05	4.27e-07	0.00e+00	0.00e+00	0.00e+00	0.00e+00	0.00e+00	8.70e-01	1.60e-07	9.25e-08
 5.75115e+22	8.75e-01	1.25e-01	7.85e-05	4.02e-07	0.00e+00	0.00e+00	0.00e+00	0.00e+00	0.00e+00	8.75e-01	1.59e-07	9.17e-08
 5.76125e+22	8.80e-01	1.20e-01	7.20e-05	3.78e-07	0.00e+00	0.00e+00	0.00e+00	0.00e+00	0.00e+00	8.80e-01	1.58e-07	9.08e-08
 5.77144e+22	8.85e-01	1.15e-01	6.65e-05	3.57e-07	0.00e+00	0.00e+00	0.00e+00	0.00e+00	0.00e+00	8.85e-01	1.58e-07	8.99e-08
 5.78183e+22	8.89e-01	1.11e-01	6.16e-05	3.37e-07	0.00e+00	0.00e+00	0.00e+00	0.00e+00	0.00e+00	8.89e-01	1.57e-07	8.91e-08
 5.79267e+22	8.93e-01	1.07e-01	5.72e-05	3.18e-07	0.00e+00	0.00e+00	0.00e+00	0.00e+00	0.00e+00	8.93e-01	1.57e-07	8.85e-08
 5.80384e+22	8.97e-01	1.03e-01	5.34e-05	3.00e-07	0.00e+00	0.00e+00	0.00e+00	0.00e+00	0.00e+00	8.97e-01	1.56e-07	8.77e-08
 5.81530e+22	9.01e-01	9.93e-02	4.99e-05	2.83e-07	0.00e+00	0.00e+00	0.00e+00	0.00e+00	0.00e+00	9.01e-01	1.56e-07	8.70e-08
 5.82718e+22	9.04e-01	9.56e-02	4.69e-05	2.68e-07	0.00e+00	0.00e+00	0.00e+00	0.00e+00	0.00e+00	9.04e-01	1.56e-07	8.63e-08
 5.83948e+22	9.08e-01	9.21e-02	4.41e-05	2.52e-07	0.00e+00	0.00e+00	0.00e+00	0.00e+00	0.00e+00	9.08e-01	1.55e-07	8.57e-08
 5.85213e+22	9.11e-01	8.86e-02	4.17e-05	2.38e-07	0.00e+00	0.00e+00	0.00e+00	0.00e+00	0.00e+00	9.11e-01	1.55e-07	8.51e-08
 5.86486e+22	9.15e-01	8.53e-02	3.96e-05	2.25e-07	0.00e+00	0.00e+00	0.00e+00	0.00e+00	0.00e+00	9.15e-01	1.55e-07	8.44e-08
 5.87707e+22	9.17e-01	8.25e-02	3.79e-05	2.13e-07	0.00e+00	0.00e+00	0.00e+00	0.00e+00	0.00e+00	9.17e-01	1.55e-07	8.39e-08
 5.88864e+22	9.20e-01	7.99e-02	3.64e-05	2.03e-07	0.00e+00	0.00e+00	0.00e+00	0.00e+00	0.00e+00	9.20e-01	1.55e-07	8.35e-08
 5.89982e+22	9.22e-01	7.76e-02	3.51e-05	1.94e-07	0.00e+00	0.00e+00	0.00e+00	0.00e+00	0.00e+00	9.22e-01	1.55e-07	8.31e-08
 5.91064e+22	9.25e-01	7.53e-02	3.40e-05	1.85e-07	0.00e+00	0.00e+00	0.00e+00	0.00e+00	0.00e+00	9.25e-01	1.56e-07	8.27e-08
 5.92110e+22	9.27e-01	7.32e-02	3.30e-05	1.77e-07	0.00e+00	0.00e+00	0.00e+00	0.00e+00	0.00e+00	9.27e-01	1.56e-07	8.24e-08
 5.93119e+22	9.29e-01	7.12e-02	3.21e-05	1.70e-07	0.00e+00	0.00e+00	0.00e+00	0.00e+00	0.00e+00	9.29e-01	1.56e-07	8.20e-08
 5.94077e+22	9.31e-01	6.94e-02	3.13e-05	1.63e-07	0.00e+00	0.00e+00	0.00e+00	0.00e+00	0.00e+00	9.31e-01	1.56e-07	8.17e-08
 5.94985e+22	9.32e-01	6.76e-02	3.07e-05	1.57e-07	0.00e+00	0.00e+00	0.00e+00	0.00e+00	0.00e+00	9.32e-01	1.56e-07	8.13e-08
 5.95835e+22	9.34e-01	6.61e-02	3.01e-05	1.52e-07	0.00e+00	0.00e+00	0.00e+00	0.00e+00	0.00e+00	9.34e-01	1.56e-07	8.10e-08
 5.96656e+22	9.35e-01	6.45e-02	2.95e-05	1.47e-07	0.00e+00	0.00e+00	0.00e+00	0.00e+00	0.00e+00	9.35e-01	1.56e-07	8.07e-08
 5.97475e+22	9.37e-01	6.30e-02	2.90e-05	1.42e-07	0.00e+00	0.00e+00	0.00e+00	0.00e+00	0.00e+00	9.37e-01	1.56e-07	8.04e-08
 5.98266e+22	9.38e-01	6.15e-02	2.85e-05	1.37e-07	0.00e+00	0.00e+00	0.00e+00	0.00e+00	0.00e+00	9.38e-01	1.56e-07	8.02e-08
 5.99027e+22	9.40e-01	6.01e-02	2.81e-05	1.33e-07	0.00e+00	0.00e+00	0.00e+00	0.00e+00	0.00e+00	9.40e-01	1.56e-07	7.99e-08
 5.99760e+22	9.41e-01	5.88e-02	2.77e-05	1.28e-07	0.00e+00	0.00e+00	0.00e+00	0.00e+00	0.00e+00	9.41e-01	1.56e-07	7.96e-08
 6.00467e+22	9.42e-01	5.76e-02	2.74e-05	1.25e-07	0.00e+00	0.00e+00	0.00e+00	0.00e+00	0.00e+00	9.42e-01	1.56e-07	7.94e-08
 6.01150e+22	9.44e-01	5.63e-02	2.70e-05	0.00e+00	0.00e+00	0.00e+00	0.00e+00	0.00e+00	0.00e+00	9.44e-01	1.56e-07	7.92e-08
 6.01810e+22	9.45e-01	5.52e-02	2.67e-05	0.00e+00	0.00e+00	0.00e+00	0.00e+00	0.00e+00	0.00e+00	9.45e-01	1.56e-07	7.89e-08
 6.02446e+22	9.46e-01	5.40e-02	2.64e-05	0.00e+00	0.00e+00	0.00e+00	0.00e+00	0.00e+00	0.00e+00	9.46e-01	1.56e-07	7.87e-08
 6.03060e+22	9.47e-01	5.30e-02	2.62e-05	0.00e+00	0.00e+00	0.00e+00	0.00e+00	0.00e+00	0.00e+00	9.47e-01	1.56e-07	7.85e-08
 6.03652e+22	9.48e-01	5.19e-02	2.59e-05	0.00e+00	0.00e+00	0.00e+00	0.00e+00	0.00e+00	0.00e+00	9.48e-01	1.56e-07	7.82e-08
 6.04224e+22	9.49e-01	5.09e-02	2.57e-05	0.00e+00	0.00e+00	0.00e+00	0.00e+00	0.00e+00	0.00e+00	9.49e-01	1.56e-07	7.80e-08
 6.04776e+22	9.50e-01	4.99e-02	2.55e-05	0.00e+00	0.00e+00	0.00e+00	0.00e+00	0.00e+00	0.00e+00	9.50e-01	1.56e-07	7.78e-08
 6.05294e+22	9.51e-01	4.90e-02	2.53e-05	0.00e+00	0.00e+00	0.00e+00	0.00e+00	0.00e+00	0.00e+00	9.51e-01	1.56e-07	7.75e-08
 6.05765e+22	9.52e-01	4.81e-02	2.51e-05	0.00e+00	0.00e+00	0.00e+00	0.00e+00	0.00e+00	0.00e+00	9.52e-01	1.56e-07	7.73e-08
 6.06194e+22	9.53e-01	4.74e-02	2.50e-05	0.00e+00	0.00e+00	0.00e+00	0.00e+00	0.00e+00	0.00e+00	9.53e-01	1.55e-07	7.70e-08
 6.06584e+22	9.53e-01	4.67e-02	2.48e-05	0.00e+00	0.00e+00	0.00e+00	0.00e+00	0.00e+00	0.00e+00	9.53e-01	1.55e-07	7.68e-08
 6.06939e+22	9.54e-01	4.61e-02	2.47e-05	0.00e+00	0.00e+00	0.00e+00	0.00e+00	0.00e+00	0.00e+00	9.54e-01	1.55e-07	7.66e-08
 6.07262e+22	9.54e-01	4.56e-02	2.46e-05	0.00e+00	0.00e+00	0.00e+00	0.00e+00	0.00e+00	0.00e+00	9.54e-01	1.55e-07	7.65e-08
 6.07557e+22	9.55e-01	4.51e-02	2.45e-05	0.00e+00	0.00e+00	0.00e+00	0.00e+00	0.00e+00	0.00e+00	9.55e-01	1.55e-07	7.63e-08
 6.07824e+22	9.55e-01	4.46e-02	2.44e-05	0.00e+00	0.00e+00	0.00e+00	0.00e+00	0.00e+00	0.00e+00	9.55e-01	1.54e-07	7.60e-08
 6.08068e+22	9.56e-01	4.43e-02	2.43e-05	0.00e+00	0.00e+00	0.00e+00	0.00e+00	0.00e+00	0.00e+00	9.56e-01	1.54e-07	7.60e-08
 6.08335e+22	9.56e-01	4.37e-02	2.42e-05	0.00e+00	0.00e+00	0.00e+00	0.00e+00	0.00e+00	0.00e+00	9.56e-01	1.54e-07	7.58e-08
 6.08623e+22	9.57e-01	4.31e-02	2.40e-05	0.00e+00	0.00e+00	0.00e+00	0.00e+00	0.00e+00	0.00e+00	9.57e-01	1.53e-07	7.56e-08
 6.08885e+22	9.57e-01	4.26e-02	2.39e-05	0.00e+00	0.00e+00	0.00e+00	0.00e+00	0.00e+00	0.00e+00	9.57e-01	1.52e-07	7.53e-08
 6.09124e+22	9.58e-01	4.23e-02	2.38e-05	0.00e+00	0.00e+00	0.00e+00	0.00e+00	0.00e+00	0.00e+00	9.58e-01	1.52e-07	7.53e-08
 6.09385e+22	9.58e-01	4.18e-02	2.37e-05	0.00e+00	0.00e+00	0.00e+00	0.00e+00	0.00e+00	0.00e+00	9.58e-01	1.52e-07	7.51e-08
 6.09667e+22	9.59e-01	4.13e-02	2.36e-05	0.00e+00	0.00e+00	0.00e+00	0.00e+00	0.00e+00	0.00e+00	9.59e-01	1.51e-07	7.50e-08
 6.09977e+22	9.59e-01	4.06e-02	2.34e-05	0.00e+00	0.00e+00	0.00e+00	0.00e+00	0.00e+00	0.00e+00	9.59e-01	1.51e-07	7.47e-08
 6.10311e+22	9.60e-01	3.99e-02	2.32e-05	0.00e+00	0.00e+00	0.00e+00	0.00e+00	0.00e+00	0.00e+00	9.60e-01	1.50e-07	7.45e-08
 6.10614e+22	9.61e-01	3.95e-02	2.31e-05	0.00e+00	0.00e+00	0.00e+00	0.00e+00	0.00e+00	0.00e+00	9.61e-01	1.50e-07	7.44e-08
 6.10947e+22	9.61e-01	3.89e-02	2.29e-05	0.00e+00	0.00e+00	0.00e+00	0.00e+00	0.00e+00	0.00e+00	9.61e-01	1.50e-07	7.42e-08
 6.11307e+22	9.62e-01	3.83e-02	2.27e-05	0.00e+00	0.00e+00	0.00e+00	0.00e+00	0.00e+00	0.00e+00	9.62e-01	1.49e-07	7.41e-08
 6.11634e+22	9.62e-01	3.77e-02	2.26e-05	0.00e+00	0.00e+00	0.00e+00	0.00e+00	0.00e+00	0.00e+00	9.62e-01	1.49e-07	7.39e-08
 6.11932e+22	9.63e-01	3.74e-02	2.24e-05	0.00e+00	0.00e+00	0.00e+00	0.00e+00	0.00e+00	0.00e+00	9.63e-01	1.49e-07	7.39e-08
 6.12258e+22	9.63e-01	3.69e-02	2.22e-05	0.00e+00	0.00e+00	0.00e+00	0.00e+00	0.00e+00	0.00e+00	9.63e-01	1.49e-07	7.38e-08
 6.12610e+22	9.64e-01	3.64e-02	2.21e-05	0.00e+00	0.00e+00	0.00e+00	0.00e+00	0.00e+00	0.00e+00	9.64e-01	1.48e-07	7.37e-08
 6.12931e+22	9.64e-01	3.59e-02	2.19e-05	0.00e+00	0.00e+00	0.00e+00	0.00e+00	0.00e+00	0.00e+00	9.64e-01	1.48e-07	7.36e-08
 6.13282e+22	9.65e-01	3.53e-02	2.17e-05	0.00e+00	0.00e+00	0.00e+00	0.00e+00	0.00e+00	0.00e+00	9.65e-01	1.48e-07	7.35e-08
 6.13661e+22	9.65e-01	3.47e-02	2.15e-05	0.00e+00	0.00e+00	0.00e+00	0.00e+00	0.00e+00	0.00e+00	9.65e-01	1.48e-07	7.33e-08
 6.14006e+22	9.66e-01	3.42e-02	2.13e-05	0.00e+00	0.00e+00	0.00e+00	0.00e+00	0.00e+00	0.00e+00	9.66e-01	1.47e-07	7.32e-08
 6.14384e+22	9.66e-01	3.37e-02	2.10e-05	0.00e+00	0.00e+00	0.00e+00	0.00e+00	0.00e+00	0.00e+00	9.66e-01	1.47e-07	7.31e-08
 6.14792e+22	9.67e-01	3.30e-02	2.08e-05	0.00e+00	0.00e+00	0.00e+00	0.00e+00	0.00e+00	0.00e+00	9.67e-01	1.47e-07	7.29e-08
 6.15163e+22	9.67e-01	3.26e-02	2.06e-05	0.00e+00	0.00e+00	0.00e+00	0.00e+00	0.00e+00	0.00e+00	9.67e-01	1.47e-07	7.28e-08
 6.15501e+22	9.68e-01	3.21e-02	2.04e-05	0.00e+00	0.00e+00	0.00e+00	0.00e+00	0.00e+00	0.00e+00	9.68e-01	1.47e-07	7.26e-08
 6.15809e+22	9.68e-01	3.17e-02	2.02e-05	0.00e+00	0.00e+00	0.00e+00	0.00e+00	0.00e+00	0.00e+00	9.68e-01	1.46e-07	7.24e-08
 6.16089e+22	9.69e-01	3.14e-02	2.00e-05	0.00e+00	0.00e+00	0.00e+00	0.00e+00	0.00e+00	0.00e+00	9.69e-01	1.46e-07	7.23e-08
 6.16395e+22	9.69e-01	3.09e-02	1.98e-05	0.00e+00	0.00e+00	0.00e+00	0.00e+00	0.00e+00	0.00e+00	9.69e-01	1.46e-07	7.21e-08
 6.16727e+22	9.70e-01	3.04e-02	1.96e-05	0.00e+00	0.00e+00	0.00e+00	0.00e+00	0.00e+00	0.00e+00	9.70e-01	1.45e-07	7.19e-08
 6.17028e+22	9.70e-01	2.99e-02	1.94e-05	0.00e+00	0.00e+00	0.00e+00	0.00e+00	0.00e+00	0.00e+00	9.70e-01	1.45e-07	7.16e-08
 6.17302e+22	9.70e-01	2.97e-02	1.93e-05	0.00e+00	0.00e+00	0.00e+00	0.00e+00	0.00e+00	0.00e+00	9.70e-01	1.45e-07	7.16e-08
 6.17602e+22	9.71e-01	2.93e-02	1.90e-05	0.00e+00	0.00e+00	0.00e+00	0.00e+00	0.00e+00	0.00e+00	9.71e-01	1.45e-07	7.14e-08
 6.17927e+22	9.71e-01	2.88e-02	1.88e-05	0.00e+00	0.00e+00	0.00e+00	0.00e+00	0.00e+00	0.00e+00	9.71e-01	1.45e-07	7.12e-08
 6.18222e+22	9.72e-01	2.83e-02	1.87e-05	0.00e+00	0.00e+00	0.00e+00	0.00e+00	0.00e+00	0.00e+00	9.72e-01	1.44e-07	7.09e-08
 6.18491e+22	9.72e-01	2.81e-02	1.85e-05	0.00e+00	0.00e+00	0.00e+00	0.00e+00	0.00e+00	0.00e+00	9.72e-01	1.44e-07	7.08e-08
 6.18785e+22	9.72e-01	2.77e-02	1.83e-05	0.00e+00	0.00e+00	0.00e+00	0.00e+00	0.00e+00	0.00e+00	9.72e-01	1.44e-07	7.07e-08
 6.19103e+22	9.73e-01	2.73e-02	1.82e-05	0.00e+00	0.00e+00	0.00e+00	0.00e+00	0.00e+00	0.00e+00	9.73e-01	1.44e-07	7.05e-08
 6.19392e+22	9.73e-01	2.69e-02	1.80e-05	0.00e+00	0.00e+00	0.00e+00	0.00e+00	0.00e+00	0.00e+00	9.73e-01	1.43e-07	7.02e-08
 6.19655e+22	9.73e-01	2.67e-02	1.79e-05	0.00e+00	0.00e+00	0.00e+00	0.00e+00	0.00e+00	0.00e+00	9.73e-01	1.43e-07	7.01e-08
 6.19943e+22	9.74e-01	2.63e-02	1.77e-05	0.00e+00	0.00e+00	0.00e+00	0.00e+00	0.00e+00	0.00e+00	9.74e-01	1.43e-07	6.99e-08
 6.20254e+22	9.74e-01	2.59e-02	1.75e-05	0.00e+00	0.00e+00	0.00e+00	0.00e+00	0.00e+00	0.00e+00	9.74e-01	1.43e-07	6.98e-08
 6.20596e+22	9.75e-01	2.55e-02	1.73e-05	0.00e+00	0.00e+00	0.00e+00	0.00e+00	0.00e+00	0.00e+00	9.75e-01	1.43e-07	6.95e-08
 6.20964e+22	9.75e-01	2.50e-02	1.71e-05	0.00e+00	0.00e+00	0.00e+00	0.00e+00	0.00e+00	0.00e+00	9.75e-01	1.43e-07	6.92e-08
 6.21299e+22	9.75e-01	2.47e-02	1.70e-05	0.00e+00	0.00e+00	0.00e+00	0.00e+00	0.00e+00	0.00e+00	9.75e-01	1.42e-07	6.90e-08
 6.21666e+22	9.76e-01	2.43e-02	1.68e-05	0.00e+00	0.00e+00	0.00e+00	0.00e+00	0.00e+00	0.00e+00	9.76e-01	1.41e-07	6.83e-08
 6.22063e+22	9.76e-01	2.38e-02	1.66e-05	0.00e+00	0.00e+00	0.00e+00	0.00e+00	0.00e+00	0.00e+00	9.76e-01	1.39e-07	6.78e-08
 6.22423e+22	9.77e-01	2.34e-02	1.64e-05	0.00e+00	0.00e+00	0.00e+00	0.00e+00	0.00e+00	0.00e+00	9.77e-01	1.38e-07	6.71e-08
 6.22752e+22	9.77e-01	2.32e-02	1.63e-05	0.00e+00	0.00e+00	0.00e+00	0.00e+00	0.00e+00	0.00e+00	9.77e-01	1.38e-07	6.69e-08
 6.23111e+22	9.77e-01	2.29e-02	1.61e-05	0.00e+00	0.00e+00	0.00e+00	0.00e+00	0.00e+00	0.00e+00	9.77e-01	1.37e-07	6.63e-08
 6.23500e+22	9.78e-01	2.25e-02	1.60e-05	0.00e+00	0.00e+00	0.00e+00	0.00e+00	0.00e+00	0.00e+00	9.78e-01	1.35e-07	6.56e-08
 6.23853e+22	9.78e-01	2.21e-02	1.58e-05	0.00e+00	0.00e+00	0.00e+00	0.00e+00	0.00e+00	0.00e+00	9.78e-01	1.34e-07	6.48e-08
 6.24175e+22	9.78e-01	2.19e-02	1.57e-05	0.00e+00	0.00e+00	0.00e+00	0.00e+00	0.00e+00	0.00e+00	9.78e-01	1.34e-07	6.45e-08
 6.24527e+22	9.78e-01	2.16e-02	1.55e-05	0.00e+00	0.00e+00	0.00e+00	0.00e+00	0.00e+00	0.00e+00	9.78e-01	1.33e-07	6.39e-08
 6.24907e+22	9.79e-01	2.12e-02	1.54e-05	0.00e+00	0.00e+00	0.00e+00	0.00e+00	0.00e+00	0.00e+00	9.79e-01	1.32e-07	6.32e-08
 6.25254e+22	9.79e-01	2.10e-02	1.53e-05	0.00e+00	0.00e+00	0.00e+00	0.00e+00	0.00e+00	0.00e+00	9.79e-01	1.31e-07	6.28e-08
 6.25633e+22	9.79e-01	2.06e-02	1.51e-05	0.00e+00	0.00e+00	0.00e+00	0.00e+00	0.00e+00	0.00e+00	9.79e-01	1.30e-07	6.20e-08
 6.26043e+22	9.80e-01	2.02e-02	1.49e-05	0.00e+00	0.00e+00	0.00e+00	0.00e+00	0.00e+00	0.00e+00	9.80e-01	1.29e-07	6.13e-08
 6.26415e+22	9.80e-01	1.99e-02	1.48e-05	0.00e+00	0.00e+00	0.00e+00	0.00e+00	0.00e+00	0.00e+00	9.80e-01	1.28e-07	6.06e-08
 6.26754e+22	9.80e-01	1.97e-02	1.47e-05	0.00e+00	0.00e+00	0.00e+00	0.00e+00	0.00e+00	0.00e+00	9.80e-01	1.28e-07	6.03e-08
 6.27126e+22	9.81e-01	1.94e-02	1.45e-05	0.00e+00	0.00e+00	0.00e+00	0.00e+00	0.00e+00	0.00e+00	9.81e-01	1.27e-07	5.97e-08
 6.27527e+22	9.81e-01	1.90e-02	1.44e-05	0.00e+00	0.00e+00	0.00e+00	0.00e+00	0.00e+00	0.00e+00	9.81e-01	1.25e-07	5.89e-08
 6.27892e+22	9.81e-01	1.88e-02	1.43e-05	0.00e+00	0.00e+00	0.00e+00	0.00e+00	0.00e+00	0.00e+00	9.81e-01	1.25e-07	5.86e-08
 6.28293e+22	9.82e-01	1.85e-02	1.41e-05	0.00e+00	0.00e+00	0.00e+00	0.00e+00	0.00e+00	0.00e+00	9.82e-01	1.24e-07	5.77e-08
 6.28724e+22	9.82e-01	1.81e-02	1.40e-05	0.00e+00	0.00e+00	0.00e+00	0.00e+00	0.00e+00	0.00e+00	9.82e-01	1.22e-07	5.70e-08
 6.29118e+22	9.82e-01	1.79e-02	1.38e-05	0.00e+00	0.00e+00	0.00e+00	0.00e+00	0.00e+00	0.00e+00	9.82e-01	1.22e-07	5.65e-08
 6.29548e+22	9.82e-01	1.76e-02	1.37e-05	0.00e+00	0.00e+00	0.00e+00	0.00e+00	0.00e+00	0.00e+00	9.82e-01	1.20e-07	5.56e-08
 6.30013e+22	9.83e-01	1.72e-02	1.35e-05	0.00e+00	0.00e+00	0.00e+00	0.00e+00	0.00e+00	0.00e+00	9.83e-01	1.19e-07	5.48e-08
 6.30436e+22	9.83e-01	1.70e-02	1.34e-05	0.00e+00	0.00e+00	0.00e+00	0.00e+00	0.00e+00	0.00e+00	9.83e-01	1.18e-07	5.44e-08
 6.30900e+22	9.83e-01	1.66e-02	1.32e-05	0.00e+00	0.00e+00	0.00e+00	0.00e+00	0.00e+00	0.00e+00	9.83e-01	1.17e-07	5.35e-08
 6.31401e+22	9.84e-01	1.62e-02	1.31e-05	0.00e+00	0.00e+00	0.00e+00	0.00e+00	0.00e+00	0.00e+00	9.84e-01	1.15e-07	5.24e-08
 6.31856e+22	9.84e-01	1.60e-02	1.30e-05	0.00e+00	0.00e+00	0.00e+00	0.00e+00	0.00e+00	0.00e+00	9.84e-01	1.15e-07	5.20e-08
 6.32355e+22	9.84e-01	1.57e-02	1.28e-05	0.00e+00	0.00e+00	0.00e+00	0.00e+00	0.00e+00	0.00e+00	9.84e-01	1.13e-07	5.10e-08
 6.32894e+22	9.85e-01	1.53e-02	1.26e-05	0.00e+00	0.00e+00	0.00e+00	0.00e+00	0.00e+00	0.00e+00	9.85e-01	1.12e-07	5.03e-08
 6.33385e+22	9.85e-01	1.50e-02	1.25e-05	0.00e+00	0.00e+00	0.00e+00	0.00e+00	0.00e+00	0.00e+00	9.85e-01	1.11e-07	4.95e-08
 6.33831e+22	9.85e-01	1.48e-02	1.24e-05	0.00e+00	0.00e+00	0.00e+00	0.00e+00	0.00e+00	0.00e+00	9.85e-01	1.10e-07	4.88e-08
 6.34320e+22	9.85e-01	1.45e-02	1.22e-05	0.00e+00	0.00e+00	0.00e+00	0.00e+00	0.00e+00	0.00e+00	9.85e-01	1.08e-07	4.80e-08
