#depth	O	O+	O+2	O+3	O+4	O+5	O+6	O+7	O+8	O[1]	O[2]	O[3]
 1.54284e+22	6.11e-14	1.41e-09	1.38e-06	1.27e-04	2.26e-03	1.16e-02	3.13e-01	4.92e-01	1.82e-01	6.11e-14	1.21e-22	1.52e-22
 3.50636e+22	2.42e-13	4.88e-09	4.45e-06	3.76e-04	5.85e-03	2.30e-02	4.16e-01	4.43e-01	1.11e-01	2.42e-13	4.69e-22	5.89e-22
 4.13738e+22	3.99e-13	7.79e-09	7.12e-06	5.93e-04	8.74e-03	3.11e-02	4.65e-01	4.09e-01	8.56e-02	3.99e-13	7.78e-22	9.74e-22
 4.45289e+22	4.94e-13	9.57e-09	8.81e-06	7.34e-04	1.05e-02	3.57e-02	4.87e-01	3.91e-01	7.47e-02	4.94e-13	9.64e-22	1.21e-21
 4.61090e+22	5.48e-13	1.06e-08	9.78e-06	8.14e-04	1.15e-02	3.82e-02	4.97e-01	3.82e-01	6.98e-02	5.48e-13	1.07e-21	1.34e-21
 4.72740e+22	6.11e-13	1.18e-08	1.10e-05	9.17e-04	1.28e-02	4.14e-02	5.10e-01	3.71e-01	6.41e-02	6.11e-13	1.19e-21	1.49e-21
 4.85067e+22	6.75e-13	1.30e-08	1.23e-05	1.02e-03	1.41e-02	4.45e-02	5.21e-01	3.60e-01	5.93e-02	6.75e-13	1.32e-21	1.65e-21
 4.96136e+22	7.33e-13	1.42e-08	1.34e-05	1.12e-03	1.52e-02	4.73e-02	5.30e-01	3.51e-01	5.54e-02	7.33e-13	1.43e-21	1.79e-21
 5.07700e+22	8.07e-13	1.57e-08	1.50e-05	1.26e-03	1.68e-02	5.10e-02	5.41e-01	3.39e-01	5.08e-02	8.07e-13	1.58e-21	1.97e-21
 5.19438e+22	8.75e-13	1.70e-08	1.64e-05	1.38e-03	1.81e-02	5.41e-02	5.49e-01	3.30e-01	4.73e-02	8.75e-13	1.71e-21	2.14e-21
 5.31587e+22	9.65e-13	1.89e-08	1.84e-05	1.55e-03	2.00e-02	5.83e-02	5.59e-01	3.18e-01	4.31e-02	9.65e-13	1.89e-21	2.36e-21
 5.43759e+22	1.04e-12	2.04e-08	2.01e-05	1.70e-03	2.15e-02	6.17e-02	5.66e-01	3.09e-01	4.01e-02	1.04e-12	2.04e-21	2.55e-21
 5.55963e+22	1.14e-12	2.25e-08	2.24e-05	1.90e-03	2.36e-02	6.63e-02	5.75e-01	2.96e-01	3.65e-02	1.14e-12	2.23e-21	2.78e-21
 5.68225e+22	1.22e-12	2.43e-08	2.45e-05	2.08e-03	2.53e-02	6.99e-02	5.81e-01	2.87e-01	3.39e-02	1.22e-12	2.40e-21	3.00e-21
 5.80561e+22	1.33e-12	2.68e-08	2.73e-05	2.32e-03	2.76e-02	7.49e-02	5.89e-01	2.75e-01	3.08e-02	1.33e-12	2.62e-21	3.28e-21
 5.93038e+22	1.44e-12	2.90e-08	2.98e-05	2.53e-03	2.96e-02	7.89e-02	5.94e-01	2.66e-01	2.85e-02	1.44e-12	2.82e-21	3.53e-21
 6.05698e+22	1.56e-12	3.20e-08	3.33e-05	2.83e-03	3.22e-02	8.43e-02	6.00e-01	2.54e-01	2.58e-02	1.56e-12	3.08e-21	3.85e-21
 6.18541e+22	1.69e-12	3.47e-08	3.64e-05	3.10e-03	3.45e-02	8.87e-02	6.05e-01	2.45e-01	2.38e-02	1.69e-12	3.33e-21	4.15e-21
 6.31619e+22	1.84e-12	3.84e-08	4.08e-05	3.47e-03	3.75e-02	9.46e-02	6.09e-01	2.34e-01	2.15e-02	1.84e-12	3.64e-21	4.54e-21
 6.44951e+22	1.99e-12	4.18e-08	4.48e-05	3.79e-03	4.01e-02	9.95e-02	6.12e-01	2.25e-01	1.97e-02	1.99e-12	3.94e-21	4.91e-21
 6.58610e+22	2.19e-12	4.66e-08	5.04e-05	4.26e-03	4.36e-02	1.06e-01	6.15e-01	2.13e-01	1.77e-02	2.19e-12	4.33e-21	5.40e-21
 6.72600e+22	2.38e-12	5.11e-08	5.57e-05	4.68e-03	4.66e-02	1.11e-01	6.17e-01	2.04e-01	1.62e-02	2.38e-12	4.72e-21	5.88e-21
 6.87019e+22	2.63e-12	5.73e-08	6.31e-05	5.27e-03	5.06e-02	1.19e-01	6.19e-01	1.92e-01	1.43e-02	2.63e-12	5.22e-21	6.51e-21
 7.01673e+22	2.91e-12	6.37e-08	7.02e-05	5.80e-03	5.41e-02	1.24e-01	6.19e-01	1.84e-01	1.31e-02	2.91e-12	5.78e-21	7.20e-21
 7.14076e+22	3.12e-12	6.93e-08	7.69e-05	6.31e-03	5.73e-02	1.30e-01	6.19e-01	1.76e-01	1.20e-02	3.12e-12	6.23e-21	7.75e-21
 7.27647e+22	3.46e-12	7.78e-08	8.67e-05	7.04e-03	6.16e-02	1.37e-01	6.17e-01	1.66e-01	1.07e-02	3.46e-12	6.92e-21	8.61e-21
 7.40742e+22	3.75e-12	8.49e-08	9.47e-05	7.61e-03	6.49e-02	1.42e-01	6.16e-01	1.59e-01	9.90e-03	3.75e-12	7.50e-21	9.34e-21
 7.53217e+22	4.10e-12	9.43e-08	1.06e-04	8.40e-03	6.92e-02	1.49e-01	6.14e-01	1.51e-01	8.90e-03	4.10e-12	8.23e-21	1.02e-20
 7.65833e+22	4.50e-12	1.04e-07	1.16e-04	9.09e-03	7.28e-02	1.54e-01	6.11e-01	1.44e-01	8.21e-03	4.50e-12	9.04e-21	1.12e-20
 7.78631e+22	4.98e-12	1.16e-07	1.30e-04	1.00e-02	7.76e-02	1.62e-01	6.07e-01	1.36e-01	7.36e-03	4.98e-12	1.00e-20	1.25e-20
 7.91633e+22	5.49e-12	1.29e-07	1.43e-04	1.09e-02	8.16e-02	1.67e-01	6.03e-01	1.30e-01	6.76e-03	5.49e-12	1.11e-20	1.38e-20
 8.04898e+22	6.13e-12	1.46e-07	1.62e-04	1.20e-02	8.69e-02	1.75e-01	5.98e-01	1.22e-01	6.02e-03	6.13e-12	1.24e-20	1.54e-20
 8.18362e+22	6.82e-12	1.62e-07	1.79e-04	1.31e-02	9.14e-02	1.80e-01	5.93e-01	1.16e-01	5.51e-03	6.82e-12	1.38e-20	1.72e-20
 8.32084e+22	7.69e-12	1.85e-07	2.03e-04	1.45e-02	9.73e-02	1.88e-01	5.86e-01	1.09e-01	4.89e-03	7.69e-12	1.56e-20	1.94e-20
 8.46070e+22	8.65e-12	2.08e-07	2.25e-04	1.58e-02	1.02e-01	1.94e-01	5.80e-01	1.03e-01	4.45e-03	8.65e-12	1.76e-20	2.19e-20
 8.60399e+22	9.86e-12	2.40e-07	2.57e-04	1.75e-02	1.09e-01	2.02e-01	5.71e-01	9.62e-02	3.92e-03	9.86e-12	2.01e-20	2.50e-20
 8.75047e+22	1.12e-11	2.72e-07	2.88e-04	1.91e-02	1.15e-01	2.08e-01	5.63e-01	9.09e-02	3.54e-03	1.12e-11	2.30e-20	2.85e-20
 8.90109e+22	1.30e-11	3.18e-07	3.31e-04	2.13e-02	1.22e-01	2.16e-01	5.53e-01	8.41e-02	3.09e-03	1.30e-11	2.67e-20	3.31e-20
 9.05512e+22	1.49e-11	3.64e-07	3.73e-04	2.33e-02	1.28e-01	2.22e-01	5.44e-01	7.90e-02	2.78e-03	1.49e-11	3.07e-20	3.80e-20
 9.21357e+22	1.76e-11	4.32e-07	4.33e-04	2.61e-02	1.37e-01	2.31e-01	5.31e-01	7.26e-02	2.40e-03	1.76e-11	3.65e-20	4.52e-20
 9.37394e+22	2.04e-11	4.98e-07	4.88e-04	2.85e-02	1.44e-01	2.37e-01	5.21e-01	6.80e-02	2.15e-03	2.04e-11	4.25e-20	5.26e-20
 9.53682e+22	2.44e-11	5.96e-07	5.70e-04	3.19e-02	1.53e-01	2.45e-01	5.06e-01	6.21e-02	1.85e-03	2.44e-11	5.10e-20	6.31e-20
 9.70155e+22	2.86e-11	6.92e-07	6.45e-04	3.48e-02	1.61e-01	2.50e-01	4.94e-01	5.79e-02	1.64e-03	2.86e-11	6.00e-20	7.42e-20
 9.86868e+22	3.47e-11	8.35e-07	7.55e-04	3.90e-02	1.70e-01	2.57e-01	4.79e-01	5.26e-02	1.40e-03	3.47e-11	7.32e-20	9.05e-20
 1.00321e+23	4.05e-11	9.64e-07	8.48e-04	4.23e-02	1.78e-01	2.62e-01	4.67e-01	4.91e-02	1.25e-03	4.05e-11	8.59e-20	1.06e-19
 1.01906e+23	4.90e-11	1.16e-06	9.84e-04	4.69e-02	1.88e-01	2.68e-01	4.51e-01	4.46e-02	1.07e-03	4.90e-11	1.04e-19	1.29e-19
 1.03551e+23	5.82e-11	1.35e-06	1.12e-03	5.12e-02	1.96e-01	2.72e-01	4.37e-01	4.13e-02	9.48e-04	5.82e-11	1.25e-19	1.54e-19
 1.04952e+23	6.74e-11	1.55e-06	1.24e-03	5.51e-02	2.03e-01	2.76e-01	4.25e-01	3.85e-02	8.47e-04	6.74e-11	1.45e-19	1.79e-19
 1.06456e+23	8.14e-11	1.84e-06	1.43e-03	6.04e-02	2.13e-01	2.80e-01	4.09e-01	3.51e-02	7.31e-04	8.14e-11	1.76e-19	2.17e-19
 1.07971e+23	9.53e-11	2.12e-06	1.59e-03	6.51e-02	2.21e-01	2.83e-01	3.97e-01	3.26e-02	6.50e-04	9.53e-11	2.07e-19	2.56e-19
 1.09502e+23	1.16e-10	2.52e-06	1.83e-03	7.12e-02	2.30e-01	2.86e-01	3.81e-01	2.96e-02	5.60e-04	1.16e-10	2.54e-19	3.13e-19
 1.11079e+23	1.37e-10	2.94e-06	2.06e-03	7.70e-02	2.38e-01	2.88e-01	3.67e-01	2.71e-02	4.89e-04	1.37e-10	3.03e-19	3.72e-19
 1.12477e+23	1.62e-10	3.39e-06	2.30e-03	8.26e-02	2.46e-01	2.90e-01	3.53e-01	2.51e-02	4.33e-04	1.62e-10	3.59e-19	4.42e-19
 1.14053e+23	1.99e-10	4.05e-06	2.63e-03	9.02e-02	2.56e-01	2.91e-01	3.37e-01	2.26e-02	3.70e-04	1.99e-10	4.46e-19	5.48e-19
 1.15715e+23	2.41e-10	4.78e-06	2.98e-03	9.76e-02	2.65e-01	2.92e-01	3.22e-01	2.05e-02	3.19e-04	2.41e-10	5.43e-19	6.67e-19
 1.17229e+23	2.89e-10	5.56e-06	3.35e-03	1.05e-01	2.73e-01	2.92e-01	3.08e-01	1.87e-02	2.78e-04	2.89e-10	6.55e-19	8.03e-19
 1.18936e+23	3.64e-10	6.75e-06	3.86e-03	1.15e-01	2.83e-01	2.91e-01	2.90e-01	1.66e-02	2.33e-04	3.64e-10	8.32e-19	1.02e-18
 1.20697e+23	4.45e-10	7.98e-06	4.38e-03	1.24e-01	2.91e-01	2.90e-01	2.75e-01	1.50e-02	1.99e-04	4.45e-10	1.03e-18	1.26e-18
 1.22261e+23	5.38e-10	9.34e-06	4.92e-03	1.33e-01	2.99e-01	2.88e-01	2.61e-01	1.35e-02	1.71e-04	5.38e-10	1.25e-18	1.53e-18
 1.24029e+23	6.85e-10	1.14e-05	5.67e-03	1.45e-01	3.08e-01	2.85e-01	2.44e-01	1.19e-02	1.41e-04	6.85e-10	1.61e-18	1.97e-18
 1.25864e+23	8.49e-10	1.35e-05	6.44e-03	1.56e-01	3.16e-01	2.82e-01	2.29e-01	1.06e-02	1.19e-04	8.49e-10	2.01e-18	2.46e-18
 1.27512e+23	1.04e-09	1.59e-05	7.23e-03	1.67e-01	3.23e-01	2.78e-01	2.16e-01	9.43e-03	1.01e-04	1.04e-09	2.49e-18	3.04e-18
 1.29379e+23	1.35e-09	1.95e-05	8.37e-03	1.81e-01	3.31e-01	2.73e-01	1.99e-01	8.14e-03	8.16e-05	1.35e-09	3.27e-18	4.00e-18
 1.31309e+23	1.69e-09	2.32e-05	9.48e-03	1.94e-01	3.37e-01	2.67e-01	1.85e-01	7.15e-03	6.78e-05	1.69e-09	4.14e-18	5.05e-18
 1.33320e+23	2.23e-09	2.89e-05	1.10e-02	2.11e-01	3.44e-01	2.59e-01	1.69e-01	6.06e-03	5.36e-05	2.23e-09	5.57e-18	6.78e-18
 1.35353e+23	2.81e-09	3.44e-05	1.25e-02	2.25e-01	3.49e-01	2.53e-01	1.56e-01	5.28e-03	4.41e-05	2.81e-09	7.09e-18	8.63e-18
 1.37138e+23	3.50e-09	4.07e-05	1.40e-02	2.40e-01	3.53e-01	2.45e-01	1.44e-01	4.61e-03	3.64e-05	3.50e-09	8.97e-18	1.09e-17
 1.39181e+23	4.68e-09	5.07e-05	1.63e-02	2.59e-01	3.56e-01	2.36e-01	1.29e-01	3.84e-03	2.81e-05	4.68e-09	1.22e-17	1.49e-17
 1.41248e+23	5.88e-09	6.02e-05	1.83e-02	2.74e-01	3.58e-01	2.27e-01	1.18e-01	3.31e-03	2.29e-05	5.88e-09	1.56e-17	1.89e-17
 1.43347e+23	7.86e-09	7.45e-05	2.11e-02	2.94e-01	3.60e-01	2.16e-01	1.05e-01	2.74e-03	1.76e-05	7.86e-09	2.13e-17	2.59e-17
 1.45484e+23	9.98e-09	8.87e-05	2.37e-02	3.11e-01	3.60e-01	2.07e-01	9.55e-02	2.34e-03	1.41e-05	9.98e-09	2.76e-17	3.34e-17
 1.47385e+23	1.26e-08	1.05e-04	2.65e-02	3.28e-01	3.59e-01	1.98e-01	8.64e-02	1.98e-03	1.13e-05	1.26e-08	3.56e-17	4.31e-17
 1.49570e+23	1.71e-08	1.31e-04	3.06e-02	3.50e-01	3.57e-01	1.85e-01	7.56e-02	1.60e-03	8.44e-06	1.71e-08	4.95e-17	6.00e-17
 1.51783e+23	2.17e-08	1.56e-04	3.41e-02	3.67e-01	3.54e-01	1.76e-01	6.78e-02	1.35e-03	6.67e-06	2.17e-08	6.44e-17	7.79e-17
 1.54032e+23	2.96e-08	1.94e-04	3.92e-02	3.89e-01	3.49e-01	1.63e-01	5.87e-02	1.08e-03	4.90e-06	2.96e-08	9.04e-17	1.09e-16
 1.56311e+23	3.77e-08	2.30e-04	4.37e-02	4.06e-01	3.44e-01	1.53e-01	5.21e-02	8.94e-04	3.82e-06	3.77e-08	1.18e-16	1.43e-16
 1.58630e+23	5.16e-08	2.86e-04	5.00e-02	4.27e-01	3.37e-01	1.40e-01	4.45e-02	7.01e-04	2.76e-06	5.16e-08	1.68e-16	2.03e-16
 1.60905e+23	6.48e-08	3.35e-04	5.52e-02	4.43e-01	3.30e-01	1.31e-01	3.95e-02	5.84e-04	2.16e-06	6.48e-08	2.17e-16	2.61e-16
 1.63121e+23	8.70e-08	4.10e-04	6.24e-02	4.62e-01	3.21e-01	1.20e-01	3.38e-02	4.59e-04	1.57e-06	8.70e-08	3.01e-16	3.64e-16
 1.65264e+23	1.07e-07	4.72e-04	6.79e-02	4.75e-01	3.13e-01	1.12e-01	3.02e-02	3.87e-04	1.25e-06	1.07e-07	3.79e-16	4.58e-16
 1.67311e+23	1.40e-07	5.67e-04	7.58e-02	4.91e-01	3.03e-01	1.03e-01	2.59e-02	3.08e-04	9.18e-07	1.40e-07	5.13e-16	6.19e-16
 1.69352e+23	1.71e-07	6.50e-04	8.21e-02	5.03e-01	2.95e-01	9.58e-02	2.30e-02	2.58e-04	7.28e-07	1.71e-07	6.43e-16	7.75e-16
 1.71383e+23	2.20e-07	7.70e-04	9.06e-02	5.16e-01	2.85e-01	8.74e-02	1.98e-02	2.06e-04	5.41e-07	2.20e-07	8.55e-16	1.03e-15
 1.73492e+23	2.74e-07	8.93e-04	9.88e-02	5.27e-01	2.75e-01	8.04e-02	1.73e-02	1.68e-04	4.14e-07	2.74e-07	1.09e-15	1.32e-15
 1.75385e+23	3.37e-07	1.02e-03	1.07e-01	5.37e-01	2.66e-01	7.42e-02	1.52e-02	1.39e-04	3.22e-07	3.37e-07	1.38e-15	1.66e-15
 1.77527e+23	4.38e-07	1.22e-03	1.18e-01	5.48e-01	2.53e-01	6.67e-02	1.29e-02	1.08e-04	2.32e-07	4.38e-07	1.85e-15	2.23e-15
 1.79711e+23	5.43e-07	1.41e-03	1.28e-01	5.56e-01	2.43e-01	6.08e-02	1.12e-02	8.79e-05	1.76e-07	5.43e-07	2.36e-15	2.84e-15
 1.81946e+23	7.04e-07	1.67e-03	1.40e-01	5.64e-01	2.30e-01	5.42e-02	9.35e-03	6.79e-05	1.26e-07	7.04e-07	3.17e-15	3.80e-15
 1.84233e+23	8.80e-07	1.93e-03	1.52e-01	5.70e-01	2.19e-01	4.90e-02	8.00e-03	5.40e-05	0.00e+00	8.80e-07	4.07e-15	4.88e-15
 1.86053e+23	1.04e-06	2.16e-03	1.62e-01	5.73e-01	2.10e-01	4.52e-02	7.08e-03	4.52e-05	0.00e+00	1.04e-06	4.93e-15	5.91e-15
 1.87885e+23	1.28e-06	2.47e-03	1.74e-01	5.77e-01	2.00e-01	4.08e-02	6.09e-03	3.63e-05	0.00e+00	1.28e-06	6.24e-15	7.48e-15
 1.89780e+23	1.53e-06	2.77e-03	1.85e-01	5.79e-01	1.91e-01	3.74e-02	5.34e-03	2.99e-05	0.00e+00	1.53e-06	7.62e-15	9.12e-15
 1.91493e+23	1.81e-06	3.10e-03	1.96e-01	5.80e-01	1.83e-01	3.42e-02	4.69e-03	2.48e-05	0.00e+00	1.81e-06	9.26e-15	1.11e-14
 1.93454e+23	2.25e-06	3.56e-03	2.10e-01	5.80e-01	1.72e-01	3.05e-02	3.97e-03	1.95e-05	0.00e+00	2.25e-06	1.19e-14	1.42e-14
 1.95434e+23	2.68e-06	3.98e-03	2.23e-01	5.78e-01	1.63e-01	2.77e-02	3.45e-03	1.59e-05	0.00e+00	2.68e-06	1.45e-14	1.73e-14
 1.97170e+23	3.17e-06	4.44e-03	2.36e-01	5.77e-01	1.55e-01	2.52e-02	3.01e-03	1.30e-05	0.00e+00	3.17e-06	1.76e-14	2.10e-14
 1.99158e+23	3.93e-06	5.09e-03	2.52e-01	5.73e-01	1.45e-01	2.23e-02	2.53e-03	1.02e-05	0.00e+00	3.93e-06	2.25e-14	2.68e-14
 2.01170e+23	4.68e-06	5.69e-03	2.66e-01	5.69e-01	1.37e-01	2.01e-02	2.18e-03	8.23e-06	0.00e+00	4.68e-06	2.75e-14	3.28e-14
 2.02940e+23	5.54e-06	6.34e-03	2.80e-01	5.64e-01	1.29e-01	1.82e-02	1.89e-03	6.69e-06	0.00e+00	5.54e-06	3.35e-14	3.99e-14
 2.04967e+23	6.84e-06	7.26e-03	2.99e-01	5.56e-01	1.20e-01	1.59e-02	1.57e-03	5.15e-06	0.00e+00	6.84e-06	4.28e-14	5.10e-14
 2.07027e+23	8.14e-06	8.11e-03	3.15e-01	5.49e-01	1.13e-01	1.42e-02	1.35e-03	4.12e-06	0.00e+00	8.14e-06	5.24e-14	6.24e-14
 2.08856e+23	9.64e-06	9.03e-03	3.30e-01	5.41e-01	1.06e-01	1.28e-02	1.15e-03	3.31e-06	0.00e+00	9.64e-06	6.39e-14	7.60e-14
 2.10957e+23	1.19e-05	1.03e-02	3.51e-01	5.30e-01	9.71e-02	1.11e-02	9.49e-04	2.51e-06	0.00e+00	1.19e-05	8.21e-14	9.76e-14
 2.13092e+23	1.42e-05	1.15e-02	3.68e-01	5.19e-01	9.03e-02	9.80e-03	8.04e-04	1.98e-06	0.00e+00	1.42e-05	1.01e-13	1.20e-13
 2.15273e+23	1.76e-05	1.32e-02	3.90e-01	5.05e-01	8.23e-02	8.40e-03	6.52e-04	1.47e-06	0.00e+00	1.76e-05	1.30e-13	1.55e-13
 2.17482e+23	2.09e-05	1.47e-02	4.09e-01	4.93e-01	7.59e-02	7.37e-03	5.47e-04	1.15e-06	0.00e+00	2.09e-05	1.60e-13	1.90e-13
 2.19728e+23	2.59e-05	1.69e-02	4.32e-01	4.76e-01	6.86e-02	6.26e-03	4.39e-04	8.40e-07	0.00e+00	2.59e-05	2.08e-13	2.47e-13
 2.22017e+23	3.09e-05	1.88e-02	4.51e-01	4.61e-01	6.28e-02	5.44e-03	3.64e-04	6.44e-07	0.00e+00	3.09e-05	2.57e-13	3.05e-13
 2.24364e+23	3.85e-05	2.16e-02	4.76e-01	4.42e-01	5.62e-02	4.56e-03	2.88e-04	4.63e-07	0.00e+00	3.85e-05	3.35e-13	3.97e-13
 2.26753e+23	4.59e-05	2.40e-02	4.96e-01	4.25e-01	5.09e-02	3.91e-03	2.35e-04	3.49e-07	0.00e+00	4.59e-05	4.15e-13	4.92e-13
 2.29197e+23	5.73e-05	2.76e-02	5.21e-01	4.03e-01	4.50e-02	3.23e-03	1.83e-04	2.45e-07	0.00e+00	5.73e-05	5.45e-13	6.46e-13
 2.31330e+23	6.49e-05	2.97e-02	5.36e-01	3.89e-01	4.15e-02	2.86e-03	1.56e-04	1.96e-07	0.00e+00	6.49e-05	6.35e-13	7.52e-13
 2.33058e+23	7.52e-05	3.26e-02	5.53e-01	3.74e-01	3.80e-02	2.50e-03	1.31e-04	1.54e-07	0.00e+00	7.52e-05	7.62e-13	9.04e-13
 2.34868e+23	8.53e-05	3.52e-02	5.68e-01	3.60e-01	3.49e-02	2.21e-03	1.11e-04	0.00e+00	0.00e+00	8.53e-05	8.93e-13	1.06e-12
 2.36785e+23	1.01e-04	3.89e-02	5.86e-01	3.42e-01	3.14e-02	1.88e-03	9.07e-05	0.00e+00	0.00e+00	1.01e-04	1.10e-12	1.30e-12
 2.38694e+23	1.14e-04	4.19e-02	6.00e-01	3.28e-01	2.87e-02	1.65e-03	7.66e-05	0.00e+00	0.00e+00	1.14e-04	1.28e-12	1.52e-12
 2.40595e+23	1.33e-04	4.61e-02	6.16e-01	3.10e-01	2.58e-02	1.41e-03	6.25e-05	0.00e+00	0.00e+00	1.33e-04	1.56e-12	1.85e-12
 2.42533e+23	1.51e-04	4.97e-02	6.31e-01	2.95e-01	2.34e-02	1.22e-03	5.21e-05	0.00e+00	0.00e+00	1.51e-04	1.83e-12	2.17e-12
 2.44522e+23	1.78e-04	5.49e-02	6.47e-01	2.76e-01	2.07e-02	1.03e-03	4.16e-05	0.00e+00	0.00e+00	1.78e-04	2.26e-12	2.67e-12
 2.46517e+23	2.01e-04	5.90e-02	6.59e-01	2.62e-01	1.87e-02	8.88e-04	3.47e-05	0.00e+00	0.00e+00	2.01e-04	2.64e-12	3.12e-12
 2.48520e+23	2.35e-04	6.49e-02	6.74e-01	2.44e-01	1.65e-02	7.41e-04	2.76e-05	0.00e+00	0.00e+00	2.35e-04	3.23e-12	3.83e-12
 2.50570e+23	2.67e-04	6.98e-02	6.86e-01	2.29e-01	1.48e-02	6.33e-04	2.26e-05	0.00e+00	0.00e+00	2.67e-04	3.81e-12	4.50e-12
 2.52682e+23	3.15e-04	7.70e-02	6.98e-01	2.11e-01	1.28e-02	5.19e-04	1.77e-05	0.00e+00	0.00e+00	3.15e-04	4.70e-12	5.56e-12
 2.54827e+23	3.57e-04	8.29e-02	7.09e-01	1.96e-01	1.14e-02	4.38e-04	1.43e-05	0.00e+00	0.00e+00	3.57e-04	5.56e-12	6.57e-12
 2.57015e+23	4.22e-04	9.16e-02	7.19e-01	1.79e-01	9.77e-03	3.54e-04	1.10e-05	0.00e+00	0.00e+00	4.22e-04	6.91e-12	8.16e-12
 2.59239e+23	4.82e-04	9.88e-02	7.27e-01	1.65e-01	8.55e-03	2.95e-04	8.75e-06	0.00e+00	0.00e+00	4.82e-04	8.20e-12	9.70e-12
 2.61508e+23	5.74e-04	1.10e-01	7.35e-01	1.48e-01	7.23e-03	2.33e-04	6.57e-06	0.00e+00	0.00e+00	5.74e-04	1.03e-11	1.22e-11
 2.63780e+23	6.52e-04	1.18e-01	7.40e-01	1.35e-01	6.29e-03	1.93e-04	5.21e-06	0.00e+00	0.00e+00	6.52e-04	1.21e-11	1.44e-11
 2.66053e+23	7.75e-04	1.30e-01	7.43e-01	1.20e-01	5.29e-03	1.51e-04	3.89e-06	0.00e+00	0.00e+00	7.75e-04	1.52e-11	1.79e-11
 2.68342e+23	8.83e-04	1.41e-01	7.45e-01	1.08e-01	4.56e-03	1.24e-04	3.05e-06	0.00e+00	0.00e+00	8.83e-04	1.80e-11	2.13e-11
 2.70653e+23	1.05e-03	1.56e-01	7.44e-01	9.51e-02	3.80e-03	9.58e-05	2.25e-06	0.00e+00	0.00e+00	1.05e-03	2.25e-11	2.67e-11
 2.72976e+23	1.21e-03	1.69e-01	7.42e-01	8.48e-02	3.25e-03	7.71e-05	1.74e-06	0.00e+00	0.00e+00	1.21e-03	2.69e-11	3.18e-11
 2.75316e+23	1.45e-03	1.88e-01	7.35e-01	7.29e-02	2.66e-03	5.82e-05	1.26e-06	0.00e+00	0.00e+00	1.45e-03	3.40e-11	4.03e-11
 2.77635e+23	1.66e-03	2.03e-01	7.29e-01	6.43e-02	2.27e-03	4.65e-05	9.70e-07	0.00e+00	0.00e+00	1.66e-03	4.05e-11	4.80e-11
 2.79925e+23	2.00e-03	2.26e-01	7.16e-01	5.44e-02	1.85e-03	3.46e-05	6.95e-07	0.00e+00	0.00e+00	2.00e-03	5.14e-11	6.09e-11
 2.82213e+23	2.31e-03	2.45e-01	7.04e-01	4.72e-02	1.56e-03	2.72e-05	5.31e-07	0.00e+00	0.00e+00	2.31e-03	6.16e-11	7.31e-11
 2.84497e+23	2.80e-03	2.73e-01	6.84e-01	3.92e-02	1.27e-03	1.98e-05	3.76e-07	0.00e+00	0.00e+00	2.80e-03	7.86e-11	9.32e-11
 2.86781e+23	3.26e-03	2.97e-01	6.66e-01	3.33e-02	1.06e-03	1.52e-05	2.83e-07	0.00e+00	0.00e+00	3.26e-03	9.51e-11	1.13e-10
 2.89066e+23	3.99e-03	3.30e-01	6.38e-01	2.69e-02	8.52e-04	1.07e-05	1.97e-07	0.00e+00	0.00e+00	3.99e-03	1.22e-10	1.45e-10
 2.91356e+23	4.69e-03	3.60e-01	6.12e-01	2.22e-02	7.07e-04	7.96e-06	1.45e-07	0.00e+00	0.00e+00	4.69e-03	1.49e-10	1.77e-10
 2.93653e+23	5.78e-03	4.00e-01	5.76e-01	1.73e-02	5.62e-04	5.41e-06	0.00e+00	0.00e+00	0.00e+00	5.78e-03	1.93e-10	2.30e-10
 2.95965e+23	6.89e-03	4.36e-01	5.42e-01	1.38e-02	4.60e-04	3.85e-06	0.00e+00	0.00e+00	0.00e+00	6.89e-03	2.39e-10	2.84e-10
 2.97968e+23	8.21e-03	4.74e-01	5.07e-01	1.10e-02	3.79e-04	2.72e-06	0.00e+00	0.00e+00	0.00e+00	8.21e-03	2.96e-10	3.52e-10
 3.00246e+23	1.02e-02	5.21e-01	4.60e-01	8.09e-03	2.96e-04	1.73e-06	0.00e+00	0.00e+00	0.00e+00	1.02e-02	3.86e-10	4.59e-10
 3.02592e+23	1.25e-02	5.67e-01	4.14e-01	5.96e-03	2.35e-04	1.12e-06	0.00e+00	0.00e+00	0.00e+00	1.25e-02	4.93e-10	5.86e-10
 3.04576e+23	1.51e-02	6.09e-01	3.72e-01	4.45e-03	1.90e-04	7.42e-07	0.00e+00	0.00e+00	0.00e+00	1.51e-02	6.15e-10	7.31e-10
 3.06262e+23	1.78e-02	6.45e-01	3.34e-01	3.42e-03	1.57e-04	5.12e-07	0.00e+00	0.00e+00	0.00e+00	1.78e-02	7.44e-10	8.84e-10
 3.07795e+23	2.11e-02	6.81e-01	2.95e-01	2.57e-03	1.28e-04	3.45e-07	0.00e+00	0.00e+00	0.00e+00	2.11e-02	9.07e-10	1.08e-09
