#depth	Si	Si+	Si+2	Si+3	Si+4	Si+5	Si+6	Si+7	Si+8	Si+9	Si+10	Si+11	Si+12	Si+13	Si+14
 1.54284e+22	4.42e-25	3.08e-13	8.03e-11	2.60e-09	5.20e-06	1.02e-03	3.79e-02	2.54e-01	3.78e-01	2.32e-01	6.00e-02	2.06e-02	1.52e-02	9.38e-04	1.84e-05
 3.50636e+22	3.13e-24	2.80e-12	4.77e-10	1.09e-08	1.43e-05	2.24e-03	6.80e-02	3.72e-01	3.61e-01	1.54e-01	2.90e-02	8.89e-03	4.63e-03	1.95e-04	2.61e-06
 4.13738e+22	7.98e-24	8.08e-12	1.15e-09	2.28e-08	2.46e-05	3.33e-03	8.87e-02	4.28e-01	3.34e-01	1.19e-01	1.92e-02	5.66e-03	2.49e-03	8.72e-05	9.72e-07
 4.45289e+22	1.28e-23	1.35e-11	1.77e-09	3.31e-08	3.23e-05	4.05e-03	1.00e-01	4.54e-01	3.17e-01	1.03e-01	1.55e-02	4.47e-03	1.81e-03	5.79e-05	5.90e-07
 4.61090e+22	1.62e-23	1.74e-11	2.19e-09	3.97e-08	3.69e-05	4.45e-03	1.07e-01	4.66e-01	3.08e-01	9.58e-02	1.39e-02	3.98e-03	1.54e-03	4.73e-05	4.61e-07
 4.72740e+22	2.16e-23	2.35e-11	2.82e-09	4.96e-08	4.35e-05	4.99e-03	1.14e-01	4.80e-01	2.96e-01	8.74e-02	1.22e-02	3.44e-03	1.27e-03	3.69e-05	3.41e-07
 4.85067e+22	3.16e-23	3.10e-11	3.57e-09	6.09e-08	5.06e-05	5.53e-03	1.22e-01	4.92e-01	2.85e-01	8.03e-02	1.07e-02	3.01e-03	1.06e-03	2.93e-05	2.58e-07
 4.96136e+22	3.99e-23	3.90e-11	4.35e-09	7.24e-08	5.75e-05	6.04e-03	1.29e-01	5.02e-01	2.76e-01	7.45e-02	9.64e-03	2.68e-03	9.07e-04	2.40e-05	2.03e-07
 5.07700e+22	5.36e-23	5.21e-11	5.58e-09	9.01e-08	6.75e-05	6.75e-03	1.37e-01	5.13e-01	2.64e-01	6.77e-02	8.40e-03	2.31e-03	7.44e-04	1.87e-05	1.50e-07
 5.19438e+22	6.82e-23	6.55e-11	6.80e-09	1.07e-07	7.67e-05	7.36e-03	1.44e-01	5.21e-01	2.54e-01	6.26e-02	7.52e-03	2.05e-03	6.35e-04	1.53e-05	0.00e+00
 5.31587e+22	9.33e-23	8.77e-11	8.77e-09	1.34e-07	9.05e-05	8.23e-03	1.54e-01	5.31e-01	2.42e-01	5.65e-02	6.50e-03	1.75e-03	5.16e-04	1.18e-05	0.00e+00
 5.43759e+22	1.19e-22	1.10e-10	1.07e-08	1.60e-07	1.03e-04	8.96e-03	1.62e-01	5.37e-01	2.32e-01	5.22e-02	5.81e-03	1.55e-03	4.39e-04	9.59e-06	0.00e+00
 5.55963e+22	1.63e-22	1.46e-10	1.37e-08	1.99e-07	1.21e-04	9.99e-03	1.72e-01	5.45e-01	2.20e-01	4.70e-02	5.01e-03	1.32e-03	3.56e-04	7.36e-06	0.00e+00
 5.68225e+22	2.08e-22	1.80e-10	1.65e-08	2.36e-07	1.37e-04	1.08e-02	1.80e-01	5.50e-01	2.11e-01	4.33e-02	4.48e-03	1.16e-03	3.03e-04	6.02e-06	0.00e+00
 5.80561e+22	2.85e-22	2.37e-10	2.11e-08	2.93e-07	1.60e-04	1.20e-02	1.90e-01	5.55e-01	1.99e-01	3.89e-02	3.86e-03	9.91e-04	2.46e-04	4.62e-06	0.00e+00
 5.93038e+22	3.65e-22	2.93e-10	2.54e-08	3.47e-07	1.81e-04	1.31e-02	1.99e-01	5.58e-01	1.90e-01	3.58e-02	3.44e-03	8.73e-04	2.09e-04	3.76e-06	0.00e+00
 6.05698e+22	5.01e-22	3.85e-10	3.24e-08	4.32e-07	2.13e-04	1.45e-02	2.10e-01	5.61e-01	1.78e-01	3.20e-02	2.95e-03	7.40e-04	1.68e-04	2.87e-06	0.00e+00
 6.18541e+22	6.43e-22	4.74e-10	3.91e-08	5.11e-07	2.41e-04	1.57e-02	2.19e-01	5.63e-01	1.70e-01	2.94e-02	2.62e-03	6.49e-04	1.42e-04	2.32e-06	0.00e+00
 6.31619e+22	8.87e-22	6.21e-10	4.99e-08	6.37e-07	2.82e-04	1.74e-02	2.30e-01	5.64e-01	1.59e-01	2.62e-02	2.25e-03	5.47e-04	1.14e-04	1.77e-06	0.00e+00
 6.44951e+22	1.15e-21	7.66e-10	6.04e-08	7.57e-07	3.20e-04	1.88e-02	2.40e-01	5.64e-01	1.50e-01	2.39e-02	1.99e-03	4.78e-04	9.60e-05	1.42e-06	0.00e+00
 6.58610e+22	1.59e-21	1.00e-09	7.72e-08	9.46e-07	3.76e-04	2.09e-02	2.52e-01	5.63e-01	1.40e-01	2.12e-02	1.69e-03	4.00e-04	7.64e-05	1.07e-06	0.00e+00
 6.72600e+22	2.07e-21	1.24e-09	9.38e-08	1.13e-06	4.27e-04	2.26e-02	2.62e-01	5.62e-01	1.32e-01	1.93e-02	1.49e-03	3.47e-04	6.38e-05	8.51e-07	0.00e+00
 6.87019e+22	2.91e-21	1.64e-09	1.21e-07	1.42e-06	5.05e-04	2.51e-02	2.76e-01	5.58e-01	1.22e-01	1.70e-02	1.25e-03	2.88e-04	5.02e-05	6.31e-07	0.00e+00
 7.01673e+22	3.81e-21	2.02e-09	1.47e-07	1.69e-06	5.72e-04	2.72e-02	2.86e-01	5.55e-01	1.15e-01	1.55e-02	1.10e-03	2.49e-04	4.19e-05	5.03e-07	0.00e+00
 7.14076e+22	4.84e-21	2.45e-09	1.75e-07	2.00e-06	6.44e-04	2.93e-02	2.95e-01	5.51e-01	1.08e-01	1.41e-02	9.75e-04	2.18e-04	3.52e-05	4.05e-07	0.00e+00
 7.27647e+22	6.58e-21	3.13e-09	2.20e-07	2.46e-06	7.48e-04	3.21e-02	3.08e-01	5.46e-01	1.00e-01	1.25e-02	8.34e-04	1.83e-04	2.83e-05	3.08e-07	0.00e+00
 7.40742e+22	8.17e-21	3.72e-09	2.58e-07	2.84e-06	8.29e-04	3.42e-02	3.16e-01	5.41e-01	9.50e-02	1.15e-02	7.48e-04	1.62e-04	2.42e-05	2.54e-07	0.00e+00
 7.53217e+22	1.08e-20	4.63e-09	3.17e-07	3.44e-06	9.50e-04	3.72e-02	3.28e-01	5.35e-01	8.84e-02	1.03e-02	6.46e-04	1.38e-04	1.98e-05	1.97e-07	0.00e+00
 7.65833e+22	1.34e-20	5.49e-09	3.71e-07	3.96e-06	1.05e-03	3.96e-02	3.36e-01	5.29e-01	8.37e-02	9.53e-03	5.80e-04	1.22e-04	1.70e-05	1.63e-07	0.00e+00
 7.78631e+22	1.77e-20	6.83e-09	4.55e-07	4.79e-06	1.20e-03	4.30e-02	3.48e-01	5.21e-01	7.76e-02	8.53e-03	5.01e-04	1.04e-04	1.38e-05	1.26e-07	0.00e+00
 7.91633e+22	2.21e-20	8.11e-09	5.35e-07	5.54e-06	1.33e-03	4.57e-02	3.57e-01	5.15e-01	7.32e-02	7.83e-03	4.47e-04	9.14e-05	1.18e-05	0.00e+00	0.00e+00
 8.04898e+22	2.92e-20	1.01e-08	6.59e-07	6.72e-06	1.53e-03	4.96e-02	3.68e-01	5.06e-01	6.76e-02	6.98e-03	3.84e-04	7.73e-05	9.53e-06	0.00e+00	0.00e+00
 8.18362e+22	3.67e-20	1.20e-08	7.74e-07	7.78e-06	1.70e-03	5.28e-02	3.77e-01	4.98e-01	6.36e-02	6.39e-03	3.42e-04	6.79e-05	8.10e-06	0.00e+00	0.00e+00
 8.32084e+22	4.87e-20	1.50e-08	9.56e-07	9.47e-06	1.95e-03	5.73e-02	3.89e-01	4.88e-01	5.85e-02	5.68e-03	2.93e-04	5.71e-05	6.52e-06	0.00e+00	0.00e+00
 8.46070e+22	6.15e-20	1.79e-08	1.13e-06	1.10e-05	2.16e-03	6.10e-02	3.97e-01	4.79e-01	5.48e-02	5.19e-03	2.60e-04	5.00e-05	5.51e-06	0.00e+00	0.00e+00
 8.60399e+22	8.23e-20	2.24e-08	1.40e-06	1.34e-05	2.49e-03	6.63e-02	4.09e-01	4.67e-01	5.01e-02	4.58e-03	2.21e-04	4.17e-05	4.40e-06	0.00e+00	0.00e+00
 8.75047e+22	1.05e-19	2.69e-08	1.66e-06	1.57e-05	2.77e-03	7.06e-02	4.18e-01	4.58e-01	4.68e-02	4.17e-03	1.95e-04	3.63e-05	3.69e-06	0.00e+00	0.00e+00
 8.90109e+22	1.41e-19	3.39e-08	2.07e-06	1.93e-05	3.20e-03	7.67e-02	4.29e-01	4.45e-01	4.25e-02	3.66e-03	1.64e-04	3.01e-05	2.92e-06	0.00e+00	0.00e+00
 9.05512e+22	1.82e-19	4.09e-08	2.47e-06	2.26e-05	3.58e-03	8.18e-02	4.38e-01	4.34e-01	3.94e-02	3.31e-03	1.44e-04	2.59e-05	2.42e-06	0.00e+00	0.00e+00
 9.21357e+22	2.48e-19	5.18e-08	3.10e-06	2.79e-05	4.14e-03	8.89e-02	4.48e-01	4.20e-01	3.57e-02	2.89e-03	1.21e-04	2.14e-05	1.90e-06	0.00e+00	0.00e+00
 9.37394e+22	3.20e-19	6.26e-08	3.71e-06	3.28e-05	4.63e-03	9.46e-02	4.56e-01	4.09e-01	3.30e-02	2.61e-03	1.06e-04	1.84e-05	1.58e-06	0.00e+00	0.00e+00
 9.53682e+22	4.39e-19	7.94e-08	4.66e-06	4.06e-05	5.36e-03	1.03e-01	4.66e-01	3.93e-01	2.96e-02	2.27e-03	8.79e-05	1.50e-05	1.23e-06	0.00e+00	0.00e+00
 9.70155e+22	4.66e-19	9.59e-08	5.57e-06	4.76e-05	5.98e-03	1.09e-01	4.74e-01	3.82e-01	2.73e-02	2.05e-03	7.66e-05	1.29e-05	1.01e-06	0.00e+00	0.00e+00
 9.86868e+22	6.38e-19	1.22e-07	7.01e-06	5.89e-05	6.92e-03	1.18e-01	4.82e-01	3.66e-01	2.44e-02	1.78e-03	6.36e-05	1.05e-05	7.84e-07	0.00e+00	0.00e+00
 1.00321e+23	8.10e-19	1.45e-07	8.27e-06	6.84e-05	7.66e-03	1.25e-01	4.88e-01	3.55e-01	2.26e-02	1.61e-03	5.58e-05	9.11e-06	6.55e-07	0.00e+00	0.00e+00
 1.01906e+23	1.09e-18	1.81e-07	1.02e-05	8.34e-05	8.76e-03	1.34e-01	4.95e-01	3.40e-01	2.03e-02	1.40e-03	4.67e-05	7.51e-06	5.14e-07	0.00e+00	0.00e+00
 1.03551e+23	1.41e-18	2.19e-07	1.22e-05	9.75e-05	9.74e-03	1.42e-01	5.00e-01	3.28e-01	1.86e-02	1.26e-03	4.06e-05	6.43e-06	4.23e-07	0.00e+00	0.00e+00
 1.04952e+23	1.75e-18	2.57e-07	1.42e-05	1.12e-04	1.07e-02	1.50e-01	5.04e-01	3.17e-01	1.72e-02	1.14e-03	3.57e-05	5.59e-06	3.55e-07	0.00e+00	0.00e+00
 1.06456e+23	2.30e-18	3.15e-07	1.73e-05	1.34e-04	1.21e-02	1.59e-01	5.09e-01	3.03e-01	1.55e-02	1.01e-03	3.03e-05	4.67e-06	2.84e-07	0.00e+00	0.00e+00
 1.07971e+23	2.89e-18	3.71e-07	2.02e-05	1.54e-04	1.33e-02	1.67e-01	5.11e-01	2.93e-01	1.43e-02	9.13e-04	2.66e-05	4.05e-06	2.38e-07	0.00e+00	0.00e+00
 1.09502e+23	3.81e-18	4.53e-07	2.45e-05	1.84e-04	1.49e-02	1.77e-01	5.14e-01	2.79e-01	1.29e-02	8.06e-04	2.25e-05	3.39e-06	1.90e-07	0.00e+00	0.00e+00
 1.11079e+23	4.84e-18	5.39e-07	2.89e-05	2.15e-04	1.65e-02	1.87e-01	5.16e-01	2.67e-01	1.17e-02	7.20e-04	1.94e-05	2.89e-06	1.55e-07	0.00e+00	0.00e+00
 1.12477e+23	6.09e-18	6.35e-07	3.37e-05	2.47e-04	1.81e-02	1.96e-01	5.18e-01	2.57e-01	1.08e-02	6.50e-04	1.70e-05	2.50e-06	1.30e-07	0.00e+00	0.00e+00
 1.14053e+23	8.11e-18	7.77e-07	4.08e-05	2.93e-04	2.03e-02	2.07e-01	5.18e-01	2.44e-01	9.67e-03	5.72e-04	1.44e-05	2.09e-06	0.00e+00	0.00e+00	0.00e+00
 1.15715e+23	1.06e-17	9.34e-07	4.86e-05	3.44e-04	2.25e-02	2.18e-01	5.18e-01	2.32e-01	8.73e-03	5.07e-04	1.23e-05	1.76e-06	0.00e+00	0.00e+00	0.00e+00
 1.17229e+23	1.35e-17	1.11e-06	5.71e-05	3.98e-04	2.47e-02	2.28e-01	5.17e-01	2.21e-01	7.93e-03	4.53e-04	1.06e-05	1.50e-06	0.00e+00	0.00e+00	0.00e+00
 1.18936e+23	1.84e-17	1.37e-06	7.00e-05	4.78e-04	2.78e-02	2.41e-01	5.15e-01	2.08e-01	7.02e-03	3.94e-04	8.78e-06	1.23e-06	0.00e+00	0.00e+00	0.00e+00
 1.20697e+23	2.42e-17	1.65e-06	8.34e-05	5.62e-04	3.08e-02	2.52e-01	5.13e-01	1.97e-01	6.29e-03	3.47e-04	7.44e-06	1.03e-06	0.00e+00	0.00e+00	0.00e+00
 1.22261e+23	3.14e-17	1.96e-06	9.82e-05	6.51e-04	3.39e-02	2.63e-01	5.09e-01	1.87e-01	5.67e-03	3.08e-04	6.37e-06	8.76e-07	0.00e+00	0.00e+00	0.00e+00
 1.24029e+23	4.34e-17	2.44e-06	1.20e-04	7.82e-04	3.81e-02	2.77e-01	5.04e-01	1.74e-01	4.98e-03	2.66e-04	5.24e-06	7.12e-07	0.00e+00	0.00e+00	0.00e+00
 1.25864e+23	5.85e-17	2.95e-06	1.44e-04	9.21e-04	4.22e-02	2.90e-01	4.99e-01	1.63e-01	4.42e-03	2.32e-04	4.39e-06	5.90e-07	0.00e+00	0.00e+00	0.00e+00
 1.27512e+23	7.70e-17	3.52e-06	1.70e-04	1.07e-03	4.63e-02	3.02e-01	4.93e-01	1.54e-01	3.95e-03	2.04e-04	3.72e-06	4.95e-07	0.00e+00	0.00e+00	0.00e+00
 1.29379e+23	1.11e-16	4.41e-06	2.11e-04	1.30e-03	5.22e-02	3.17e-01	4.85e-01	1.42e-01	3.41e-03	1.74e-04	3.00e-06	3.95e-07	0.00e+00	0.00e+00	0.00e+00
 1.31309e+23	1.54e-16	5.34e-06	2.52e-04	1.53e-03	5.76e-02	3.29e-01	4.76e-01	1.32e-01	3.01e-03	1.51e-04	2.49e-06	3.26e-07	0.00e+00	0.00e+00	0.00e+00
 1.33320e+23	2.31e-16	6.77e-06	3.15e-04	1.87e-03	6.51e-02	3.45e-01	4.65e-01	1.20e-01	2.56e-03	1.26e-04	1.98e-06	2.55e-07	0.00e+00	0.00e+00	0.00e+00
 1.35353e+23	3.34e-16	8.21e-06	3.77e-04	2.20e-03	7.18e-02	3.58e-01	4.54e-01	1.11e-01	2.24e-03	1.09e-04	1.63e-06	2.08e-07	0.00e+00	0.00e+00	0.00e+00
 1.37138e+23	4.85e-16	9.91e-06	4.49e-04	2.56e-03	7.87e-02	3.69e-01	4.44e-01	1.03e-01	1.97e-03	9.42e-05	1.35e-06	1.71e-07	0.00e+00	0.00e+00	0.00e+00
 1.39181e+23	7.89e-16	1.25e-05	5.60e-04	3.14e-03	8.88e-02	3.85e-01	4.29e-01	9.26e-02	1.64e-03	7.75e-05	1.05e-06	1.32e-07	0.00e+00	0.00e+00	0.00e+00
 1.41248e+23	1.22e-15	1.51e-05	6.67e-04	3.68e-03	9.73e-02	3.96e-01	4.16e-01	8.50e-02	1.43e-03	6.65e-05	8.60e-07	0.00e+00	0.00e+00	0.00e+00	0.00e+00
 1.43347e+23	2.05e-15	1.92e-05	8.31e-04	4.47e-03	1.09e-01	4.09e-01	3.99e-01	7.60e-02	1.19e-03	5.47e-05	6.68e-07	0.00e+00	0.00e+00	0.00e+00	0.00e+00
 1.45484e+23	4.50e-15	2.34e-05	9.96e-04	5.25e-03	1.19e-01	4.20e-01	3.85e-01	6.91e-02	1.03e-03	4.64e-05	5.40e-07	0.00e+00	0.00e+00	0.00e+00	0.00e+00
 1.47385e+23	7.97e-15	2.83e-05	1.19e-03	6.15e-03	1.30e-01	4.29e-01	3.70e-01	6.27e-02	8.80e-04	3.93e-05	4.36e-07	0.00e+00	0.00e+00	0.00e+00	0.00e+00
 1.49570e+23	2.08e-14	3.62e-05	1.48e-03	7.52e-03	1.46e-01	4.40e-01	3.50e-01	5.51e-02	7.20e-04	3.16e-05	3.30e-07	0.00e+00	0.00e+00	0.00e+00	0.00e+00
 1.51783e+23	5.46e-14	4.39e-05	1.77e-03	8.79e-03	1.58e-01	4.47e-01	3.34e-01	4.95e-02	6.12e-04	2.65e-05	2.64e-07	0.00e+00	0.00e+00	0.00e+00	0.00e+00
 1.54032e+23	1.17e-13	5.63e-05	2.21e-03	1.07e-02	1.76e-01	4.55e-01	3.13e-01	4.30e-02	4.95e-04	2.11e-05	1.97e-07	0.00e+00	0.00e+00	0.00e+00	0.00e+00
 1.56311e+23	1.96e-13	6.86e-05	2.63e-03	1.25e-02	1.91e-01	4.59e-01	2.96e-01	3.82e-02	4.16e-04	1.75e-05	1.56e-07	0.00e+00	0.00e+00	0.00e+00	0.00e+00
 1.58630e+23	3.52e-13	8.82e-05	3.29e-03	1.53e-02	2.11e-01	4.63e-01	2.74e-01	3.27e-02	3.31e-04	1.37e-05	1.14e-07	0.00e+00	0.00e+00	0.00e+00	0.00e+00
 1.60905e+23	5.26e-13	1.06e-04	3.88e-03	1.76e-02	2.27e-01	4.65e-01	2.58e-01	2.91e-02	2.79e-04	1.14e-05	0.00e+00	0.00e+00	0.00e+00	0.00e+00	0.00e+00
 1.63121e+23	8.43e-13	1.35e-04	4.77e-03	2.12e-02	2.48e-01	4.64e-01	2.37e-01	2.48e-02	2.23e-04	8.95e-06	0.00e+00	0.00e+00	0.00e+00	0.00e+00	0.00e+00
 1.65264e+23	1.19e-12	1.60e-04	5.53e-03	2.40e-02	2.63e-01	4.62e-01	2.23e-01	2.21e-02	1.90e-04	7.53e-06	0.00e+00	0.00e+00	0.00e+00	0.00e+00	0.00e+00
 1.67311e+23	1.78e-12	1.98e-04	6.66e-03	2.82e-02	2.83e-01	4.58e-01	2.05e-01	1.89e-02	1.53e-04	5.96e-06	0.00e+00	0.00e+00	0.00e+00	0.00e+00	0.00e+00
 1.69352e+23	2.44e-12	2.35e-04	7.67e-03	3.18e-02	2.99e-01	4.54e-01	1.91e-01	1.68e-02	1.30e-04	4.99e-06	0.00e+00	0.00e+00	0.00e+00	0.00e+00	0.00e+00
 1.71383e+23	3.53e-12	2.89e-04	9.15e-03	3.69e-02	3.18e-01	4.46e-01	1.75e-01	1.44e-02	1.05e-04	3.97e-06	0.00e+00	0.00e+00	0.00e+00	0.00e+00	0.00e+00
 1.73492e+23	5.06e-12	3.46e-04	1.06e-02	4.19e-02	3.36e-01	4.38e-01	1.60e-01	1.24e-02	8.67e-05	3.23e-06	0.00e+00	0.00e+00	0.00e+00	0.00e+00	0.00e+00
 1.75385e+23	6.91e-12	4.11e-04	1.23e-02	4.71e-02	3.52e-01	4.29e-01	1.48e-01	1.09e-02	7.22e-05	2.65e-06	0.00e+00	0.00e+00	0.00e+00	0.00e+00	0.00e+00
 1.77527e+23	1.05e-11	5.11e-04	1.47e-02	5.46e-02	3.73e-01	4.16e-01	1.32e-01	9.06e-03	5.70e-05	2.05e-06	0.00e+00	0.00e+00	0.00e+00	0.00e+00	0.00e+00
 1.79711e+23	1.50e-11	6.11e-04	1.69e-02	6.16e-02	3.89e-01	4.04e-01	1.20e-01	7.75e-03	4.65e-05	1.65e-06	0.00e+00	0.00e+00	0.00e+00	0.00e+00	0.00e+00
 1.81946e+23	2.29e-11	7.62e-04	2.02e-02	7.08e-02	4.08e-01	3.87e-01	1.06e-01	6.39e-03	3.63e-05	1.26e-06	0.00e+00	0.00e+00	0.00e+00	0.00e+00	0.00e+00
 1.84233e+23	3.51e-11	9.19e-04	2.34e-02	7.97e-02	4.24e-01	3.72e-01	9.49e-02	5.37e-03	2.91e-05	9.88e-07	0.00e+00	0.00e+00	0.00e+00	0.00e+00	0.00e+00
 1.86053e+23	4.80e-11	1.06e-03	2.62e-02	8.71e-02	4.35e-01	3.59e-01	8.67e-02	4.68e-03	2.44e-05	8.17e-07	0.00e+00	0.00e+00	0.00e+00	0.00e+00	0.00e+00
 1.87885e+23	7.16e-11	1.27e-03	3.01e-02	9.68e-02	4.48e-01	3.43e-01	7.74e-02	3.94e-03	1.97e-05	6.47e-07	0.00e+00	0.00e+00	0.00e+00	0.00e+00	0.00e+00
 1.89780e+23	1.05e-10	1.47e-03	3.37e-02	1.06e-01	4.58e-01	3.28e-01	6.99e-02	3.39e-03	1.63e-05	5.26e-07	0.00e+00	0.00e+00	0.00e+00	0.00e+00	0.00e+00
 1.91493e+23	1.51e-10	1.70e-03	3.77e-02	1.15e-01	4.66e-01	3.13e-01	6.31e-02	2.91e-03	1.35e-05	4.29e-07	0.00e+00	0.00e+00	0.00e+00	0.00e+00	0.00e+00
 1.93454e+23	2.67e-10	2.04e-03	4.33e-02	1.27e-01	4.75e-01	2.95e-01	5.51e-02	2.39e-03	1.07e-05	3.31e-07	0.00e+00	0.00e+00	0.00e+00	0.00e+00	0.00e+00
 1.95434e+23	4.68e-10	2.37e-03	4.83e-02	1.38e-01	4.82e-01	2.79e-01	4.91e-02	2.02e-03	8.70e-06	2.65e-07	0.00e+00	0.00e+00	0.00e+00	0.00e+00	0.00e+00
 1.97170e+23	7.83e-10	2.74e-03	5.37e-02	1.49e-01	4.86e-01	2.63e-01	4.37e-02	1.72e-03	7.13e-06	2.12e-07	0.00e+00	0.00e+00	0.00e+00	0.00e+00	0.00e+00
 1.99158e+23	1.83e-09	3.27e-03	6.12e-02	1.63e-01	4.90e-01	2.44e-01	3.76e-02	1.39e-03	5.54e-06	1.61e-07	0.00e+00	0.00e+00	0.00e+00	0.00e+00	0.00e+00
 2.01170e+23	4.27e-09	3.79e-03	6.79e-02	1.75e-01	4.91e-01	2.28e-01	3.30e-02	1.16e-03	4.47e-06	1.27e-07	0.00e+00	0.00e+00	0.00e+00	0.00e+00	0.00e+00
 2.02940e+23	8.09e-09	4.37e-03	7.50e-02	1.87e-01	4.91e-01	2.13e-01	2.90e-02	9.70e-04	3.61e-06	0.00e+00	0.00e+00	0.00e+00	0.00e+00	0.00e+00	0.00e+00
 2.04967e+23	1.71e-08	5.20e-03	8.47e-02	2.02e-01	4.88e-01	1.94e-01	2.45e-02	7.72e-04	2.77e-06	0.00e+00	0.00e+00	0.00e+00	0.00e+00	0.00e+00	0.00e+00
 2.07027e+23	2.76e-08	6.01e-03	9.35e-02	2.15e-01	4.84e-01	1.79e-01	2.12e-02	6.34e-04	2.20e-06	0.00e+00	0.00e+00	0.00e+00	0.00e+00	0.00e+00	0.00e+00
 2.08856e+23	3.87e-08	6.91e-03	1.03e-01	2.28e-01	4.79e-01	1.65e-01	1.83e-02	5.21e-04	1.75e-06	0.00e+00	0.00e+00	0.00e+00	0.00e+00	0.00e+00	0.00e+00
 2.10957e+23	5.78e-08	8.20e-03	1.15e-01	2.44e-01	4.69e-01	1.48e-01	1.52e-02	4.05e-04	1.31e-06	0.00e+00	0.00e+00	0.00e+00	0.00e+00	0.00e+00	0.00e+00
 2.13092e+23	7.78e-08	9.45e-03	1.26e-01	2.57e-01	4.60e-01	1.34e-01	1.29e-02	3.27e-04	1.02e-06	0.00e+00	0.00e+00	0.00e+00	0.00e+00	0.00e+00	0.00e+00
 2.15273e+23	1.08e-07	1.12e-02	1.41e-01	2.73e-01	4.46e-01	1.18e-01	1.04e-02	2.49e-04	7.47e-07	0.00e+00	0.00e+00	0.00e+00	0.00e+00	0.00e+00	0.00e+00
 2.17482e+23	1.40e-07	1.29e-02	1.53e-01	2.86e-01	4.33e-01	1.06e-01	8.72e-03	1.97e-04	5.73e-07	0.00e+00	0.00e+00	0.00e+00	0.00e+00	0.00e+00	0.00e+00
 2.19728e+23	1.87e-07	1.53e-02	1.70e-01	3.00e-01	4.15e-01	9.20e-02	6.95e-03	1.47e-04	4.13e-07	0.00e+00	0.00e+00	0.00e+00	0.00e+00	0.00e+00	0.00e+00
 2.22017e+23	2.37e-07	1.76e-02	1.85e-01	3.12e-01	3.99e-01	8.13e-02	5.71e-03	1.15e-04	3.11e-07	0.00e+00	0.00e+00	0.00e+00	0.00e+00	0.00e+00	0.00e+00
 2.24364e+23	3.11e-07	2.08e-02	2.03e-01	3.25e-01	3.77e-01	6.93e-02	4.45e-03	8.38e-05	2.18e-07	0.00e+00	0.00e+00	0.00e+00	0.00e+00	0.00e+00	0.00e+00
 2.26753e+23	3.88e-07	2.39e-02	2.19e-01	3.34e-01	3.59e-01	6.04e-02	3.59e-03	6.41e-05	1.61e-07	0.00e+00	0.00e+00	0.00e+00	0.00e+00	0.00e+00	0.00e+00
 2.29197e+23	5.03e-07	2.82e-02	2.40e-01	3.44e-01	3.35e-01	5.05e-02	2.74e-03	4.57e-05	0.00e+00	0.00e+00	0.00e+00	0.00e+00	0.00e+00	0.00e+00	0.00e+00
 2.31330e+23	5.90e-07	3.13e-02	2.52e-01	3.49e-01	3.20e-01	4.52e-02	2.31e-03	3.70e-05	0.00e+00	0.00e+00	0.00e+00	0.00e+00	0.00e+00	0.00e+00	0.00e+00
 2.33058e+23	6.96e-07	3.48e-02	2.67e-01	3.54e-01	3.03e-01	3.97e-02	1.90e-03	2.92e-05	0.00e+00	0.00e+00	0.00e+00	0.00e+00	0.00e+00	0.00e+00	0.00e+00
 2.34868e+23	8.06e-07	3.82e-02	2.79e-01	3.57e-01	2.89e-01	3.53e-02	1.60e-03	2.36e-05	0.00e+00	0.00e+00	0.00e+00	0.00e+00	0.00e+00	0.00e+00	0.00e+00
 2.36785e+23	9.66e-07	4.31e-02	2.96e-01	3.60e-01	2.70e-01	3.02e-02	1.27e-03	1.79e-05	0.00e+00	0.00e+00	0.00e+00	0.00e+00	0.00e+00	0.00e+00	0.00e+00
 2.38694e+23	1.12e-06	4.74e-02	3.08e-01	3.61e-01	2.55e-01	2.67e-02	1.06e-03	1.43e-05	0.00e+00	0.00e+00	0.00e+00	0.00e+00	0.00e+00	0.00e+00	0.00e+00
 2.40595e+23	1.32e-06	5.29e-02	3.24e-01	3.62e-01	2.38e-01	2.28e-02	8.44e-04	1.09e-05	0.00e+00	0.00e+00	0.00e+00	0.00e+00	0.00e+00	0.00e+00	0.00e+00
 2.42533e+23	1.53e-06	5.82e-02	3.37e-01	3.61e-01	2.23e-01	1.99e-02	6.92e-04	8.58e-06	0.00e+00	0.00e+00	0.00e+00	0.00e+00	0.00e+00	0.00e+00	0.00e+00
 2.44522e+23	1.82e-06	6.52e-02	3.53e-01	3.59e-01	2.05e-01	1.67e-02	5.39e-04	6.36e-06	0.00e+00	0.00e+00	0.00e+00	0.00e+00	0.00e+00	0.00e+00	0.00e+00
 2.46517e+23	2.08e-06	7.12e-02	3.65e-01	3.57e-01	1.92e-01	1.46e-02	4.42e-04	5.02e-06	0.00e+00	0.00e+00	0.00e+00	0.00e+00	0.00e+00	0.00e+00	0.00e+00
 2.48520e+23	2.46e-06	7.95e-02	3.79e-01	3.53e-01	1.76e-01	1.22e-02	3.42e-04	3.71e-06	0.00e+00	0.00e+00	0.00e+00	0.00e+00	0.00e+00	0.00e+00	0.00e+00
 2.50570e+23	2.83e-06	8.70e-02	3.91e-01	3.48e-01	1.63e-01	1.04e-02	2.76e-04	2.87e-06	0.00e+00	0.00e+00	0.00e+00	0.00e+00	0.00e+00	0.00e+00	0.00e+00
 2.52682e+23	3.35e-06	9.71e-02	4.05e-01	3.42e-01	1.47e-01	8.57e-03	2.10e-04	2.08e-06	0.00e+00	0.00e+00	0.00e+00	0.00e+00	0.00e+00	0.00e+00	0.00e+00
 2.54827e+23	3.86e-06	1.06e-01	4.16e-01	3.35e-01	1.35e-01	7.27e-03	1.67e-04	1.59e-06	0.00e+00	0.00e+00	0.00e+00	0.00e+00	0.00e+00	0.00e+00	0.00e+00
 2.57015e+23	4.57e-06	1.18e-01	4.28e-01	3.26e-01	1.21e-01	5.89e-03	1.25e-04	1.13e-06	0.00e+00	0.00e+00	0.00e+00	0.00e+00	0.00e+00	0.00e+00	0.00e+00
 2.59239e+23	5.28e-06	1.30e-01	4.37e-01	3.18e-01	1.10e-01	4.93e-03	9.78e-05	8.53e-07	0.00e+00	0.00e+00	0.00e+00	0.00e+00	0.00e+00	0.00e+00	0.00e+00
 2.61508e+23	6.28e-06	1.45e-01	4.48e-01	3.06e-01	9.76e-02	3.93e-03	7.17e-05	5.95e-07	0.00e+00	0.00e+00	0.00e+00	0.00e+00	0.00e+00	0.00e+00	0.00e+00
 2.63780e+23	7.21e-06	1.57e-01	4.54e-01	2.97e-01	8.85e-02	3.28e-03	5.61e-05	4.48e-07	0.00e+00	0.00e+00	0.00e+00	0.00e+00	0.00e+00	0.00e+00	0.00e+00
 2.66053e+23	8.52e-06	1.75e-01	4.61e-01	2.83e-01	7.78e-02	2.59e-03	4.09e-05	3.11e-07	0.00e+00	0.00e+00	0.00e+00	0.00e+00	0.00e+00	0.00e+00	0.00e+00
 2.68342e+23	9.77e-06	1.90e-01	4.65e-01	2.73e-01	7.00e-02	2.14e-03	3.18e-05	2.32e-07	0.00e+00	0.00e+00	0.00e+00	0.00e+00	0.00e+00	0.00e+00	0.00e+00
 2.70653e+23	1.15e-05	2.10e-01	4.69e-01	2.59e-01	6.10e-02	1.68e-03	2.30e-05	1.60e-07	0.00e+00	0.00e+00	0.00e+00	0.00e+00	0.00e+00	0.00e+00	0.00e+00
 2.72976e+23	1.31e-05	2.28e-01	4.70e-01	2.47e-01	5.44e-02	1.37e-03	1.77e-05	0.00e+00	0.00e+00	0.00e+00	0.00e+00	0.00e+00	0.00e+00	0.00e+00	0.00e+00
 2.75316e+23	1.55e-05	2.52e-01	4.69e-01	2.32e-01	4.67e-02	1.06e-03	1.25e-05	0.00e+00	0.00e+00	0.00e+00	0.00e+00	0.00e+00	0.00e+00	0.00e+00	0.00e+00
 2.77635e+23	1.77e-05	2.72e-01	4.66e-01	2.20e-01	4.14e-02	8.62e-04	9.61e-06	0.00e+00	0.00e+00	0.00e+00	0.00e+00	0.00e+00	0.00e+00	0.00e+00	0.00e+00
 2.79925e+23	2.07e-05	2.99e-01	4.61e-01	2.05e-01	3.52e-02	6.57e-04	6.77e-06	0.00e+00	0.00e+00	0.00e+00	0.00e+00	0.00e+00	0.00e+00	0.00e+00	0.00e+00
 2.82213e+23	2.35e-05	3.22e-01	4.53e-01	1.93e-01	3.09e-02	5.30e-04	5.14e-06	0.00e+00	0.00e+00	0.00e+00	0.00e+00	0.00e+00	0.00e+00	0.00e+00	0.00e+00
 2.84497e+23	2.75e-05	3.53e-01	4.43e-01	1.78e-01	2.59e-02	3.99e-04	3.57e-06	0.00e+00	0.00e+00	0.00e+00	0.00e+00	0.00e+00	0.00e+00	0.00e+00	0.00e+00
 2.86781e+23	3.12e-05	3.80e-01	4.31e-01	1.66e-01	2.24e-02	3.17e-04	2.67e-06	0.00e+00	0.00e+00	0.00e+00	0.00e+00	0.00e+00	0.00e+00	0.00e+00	0.00e+00
 2.89066e+23	3.63e-05	4.14e-01	4.15e-01	1.52e-01	1.85e-02	2.34e-04	1.82e-06	0.00e+00	0.00e+00	0.00e+00	0.00e+00	0.00e+00	0.00e+00	0.00e+00	0.00e+00
 2.91356e+23	4.11e-05	4.44e-01	3.99e-01	1.41e-01	1.57e-02	1.83e-04	1.33e-06	0.00e+00	0.00e+00	0.00e+00	0.00e+00	0.00e+00	0.00e+00	0.00e+00	0.00e+00
 2.93653e+23	4.76e-05	4.82e-01	3.78e-01	1.27e-01	1.27e-02	1.32e-04	8.80e-07	0.00e+00	0.00e+00	0.00e+00	0.00e+00	0.00e+00	0.00e+00	0.00e+00	0.00e+00
 2.95965e+23	5.38e-05	5.16e-01	3.57e-01	1.16e-01	1.05e-02	1.00e-04	6.21e-07	0.00e+00	0.00e+00	0.00e+00	0.00e+00	0.00e+00	0.00e+00	0.00e+00	0.00e+00
 2.97968e+23	6.03e-05	5.49e-01	3.36e-01	1.06e-01	8.66e-03	7.62e-05	4.37e-07	0.00e+00	0.00e+00	0.00e+00	0.00e+00	0.00e+00	0.00e+00	0.00e+00	0.00e+00
 3.00246e+23	6.90e-05	5.89e-01	3.09e-01	9.46e-02	6.73e-03	5.36e-05	2.77e-07	0.00e+00	0.00e+00	0.00e+00	0.00e+00	0.00e+00	0.00e+00	0.00e+00	0.00e+00
 3.02592e+23	7.74e-05	6.26e-01	2.84e-01	8.48e-02	5.28e-03	3.88e-05	1.81e-07	0.00e+00	0.00e+00	0.00e+00	0.00e+00	0.00e+00	0.00e+00	0.00e+00	0.00e+00
 3.04576e+23	8.54e-05	6.59e-01	2.60e-01	7.66e-02	4.20e-03	2.88e-05	0.00e+00	0.00e+00	0.00e+00	0.00e+00	0.00e+00	0.00e+00	0.00e+00	0.00e+00	0.00e+00
 3.06262e+23	9.21e-05	6.87e-01	2.40e-01	7.00e-02	3.43e-03	2.24e-05	0.00e+00	0.00e+00	0.00e+00	0.00e+00	0.00e+00	0.00e+00	0.00e+00	0.00e+00	0.00e+00
 3.07795e+23	9.95e-05	7.14e-01	2.19e-01	6.36e-02	2.76e-03	1.72e-05	0.00e+00	0.00e+00	0.00e+00	0.00e+00	0.00e+00	0.00e+00	0.00e+00	0.00e+00	0.00e+00
