#depth	N	N+	N+2	N+3	N+4	N+5	N+6	N+7
 1.54284e+22	2.46e-13	5.39e-09	3.25e-06	1.66e-04	1.80e-03	1.41e-01	4.91e-01	3.66e-01
 3.50636e+22	1.21e-12	2.29e-08	1.21e-05	5.24e-04	4.21e-03	2.19e-01	5.16e-01	2.61e-01
 4.13738e+22	2.27e-12	4.12e-08	2.10e-05	8.67e-04	6.15e-03	2.63e-01	5.14e-01	2.16e-01
 4.45289e+22	3.00e-12	5.38e-08	2.71e-05	1.10e-03	7.37e-03	2.86e-01	5.10e-01	1.96e-01
 4.61090e+22	3.43e-12	6.12e-08	3.07e-05	1.23e-03	8.03e-03	2.98e-01	5.07e-01	1.86e-01
 4.72740e+22	3.99e-12	7.09e-08	3.54e-05	1.41e-03	8.91e-03	3.12e-01	5.03e-01	1.75e-01
 4.85067e+22	4.69e-12	8.10e-08	4.04e-05	1.59e-03	9.78e-03	3.25e-01	4.98e-01	1.65e-01
 4.96136e+22	5.26e-12	9.05e-08	4.50e-05	1.76e-03	1.06e-02	3.37e-01	4.94e-01	1.57e-01
 5.07700e+22	6.03e-12	1.03e-07	5.15e-05	2.00e-03	1.17e-02	3.51e-01	4.88e-01	1.47e-01
 5.19438e+22	6.75e-12	1.15e-07	5.73e-05	2.21e-03	1.26e-02	3.63e-01	4.83e-01	1.39e-01
 5.31587e+22	7.76e-12	1.32e-07	6.56e-05	2.51e-03	1.39e-02	3.78e-01	4.76e-01	1.30e-01
 5.43759e+22	8.62e-12	1.47e-07	7.28e-05	2.77e-03	1.50e-02	3.90e-01	4.70e-01	1.23e-01
 5.55963e+22	9.81e-12	1.67e-07	8.29e-05	3.13e-03	1.65e-02	4.05e-01	4.61e-01	1.14e-01
 5.68225e+22	1.09e-11	1.84e-07	9.16e-05	3.43e-03	1.77e-02	4.16e-01	4.55e-01	1.08e-01
 5.80561e+22	1.23e-11	2.09e-07	1.04e-04	3.86e-03	1.94e-02	4.31e-01	4.45e-01	1.00e-01
 5.93038e+22	1.36e-11	2.30e-07	1.15e-04	4.22e-03	2.08e-02	4.43e-01	4.38e-01	9.42e-02
 6.05698e+22	1.54e-11	2.60e-07	1.30e-04	4.74e-03	2.28e-02	4.57e-01	4.28e-01	8.71e-02
 6.18541e+22	1.70e-11	2.87e-07	1.43e-04	5.18e-03	2.44e-02	4.69e-01	4.20e-01	8.19e-02
 6.31619e+22	1.92e-11	3.25e-07	1.62e-04	5.81e-03	2.67e-02	4.83e-01	4.09e-01	7.54e-02
 6.44951e+22	2.12e-11	3.59e-07	1.80e-04	6.35e-03	2.86e-02	4.94e-01	4.00e-01	7.05e-02
 6.58610e+22	2.40e-11	4.06e-07	2.04e-04	7.12e-03	3.12e-02	5.09e-01	3.88e-01	6.46e-02
 6.72600e+22	2.66e-11	4.50e-07	2.26e-04	7.79e-03	3.34e-02	5.20e-01	3.79e-01	6.02e-02
 6.87019e+22	3.02e-11	5.12e-07	2.57e-04	8.74e-03	3.65e-02	5.34e-01	3.66e-01	5.48e-02
 7.01673e+22	3.38e-11	5.71e-07	2.86e-04	9.55e-03	3.90e-02	5.44e-01	3.56e-01	5.09e-02
 7.14076e+22	3.69e-11	6.24e-07	3.14e-04	1.04e-02	4.15e-02	5.54e-01	3.47e-01	4.75e-02
 7.27647e+22	4.16e-11	7.03e-07	3.54e-04	1.15e-02	4.49e-02	5.65e-01	3.35e-01	4.34e-02
 7.40742e+22	4.54e-11	7.67e-07	3.86e-04	1.23e-02	4.73e-02	5.73e-01	3.26e-01	4.07e-02
 7.53217e+22	5.03e-11	8.51e-07	4.30e-04	1.35e-02	5.07e-02	5.83e-01	3.15e-01	3.73e-02
 7.65833e+22	5.54e-11	9.33e-07	4.69e-04	1.45e-02	5.34e-02	5.90e-01	3.07e-01	3.50e-02
 7.78631e+22	6.17e-11	1.04e-06	5.24e-04	1.58e-02	5.71e-02	5.99e-01	2.96e-01	3.20e-02
 7.91633e+22	6.80e-11	1.14e-06	5.73e-04	1.70e-02	6.01e-02	6.05e-01	2.87e-01	2.99e-02
 8.04898e+22	7.60e-11	1.28e-06	6.42e-04	1.86e-02	6.43e-02	6.13e-01	2.76e-01	2.72e-02
 8.18362e+22	8.43e-11	1.41e-06	7.04e-04	1.99e-02	6.77e-02	6.19e-01	2.67e-01	2.53e-02
 8.32084e+22	9.46e-11	1.58e-06	7.91e-04	2.18e-02	7.23e-02	6.26e-01	2.56e-01	2.30e-02
 8.46070e+22	1.06e-10	1.75e-06	8.70e-04	2.34e-02	7.60e-02	6.31e-01	2.47e-01	2.13e-02
 8.60399e+22	1.19e-10	1.98e-06	9.82e-04	2.57e-02	8.13e-02	6.37e-01	2.36e-01	1.92e-02
 8.75047e+22	1.34e-10	2.20e-06	1.09e-03	2.76e-02	8.55e-02	6.41e-01	2.27e-01	1.77e-02
 8.90109e+22	1.52e-10	2.50e-06	1.23e-03	3.03e-02	9.14e-02	6.45e-01	2.16e-01	1.59e-02
 9.05512e+22	1.72e-10	2.80e-06	1.37e-03	3.27e-02	9.61e-02	6.48e-01	2.07e-01	1.45e-02
 9.21357e+22	1.99e-10	3.22e-06	1.56e-03	3.60e-02	1.03e-01	6.51e-01	1.96e-01	1.30e-02
 9.37394e+22	2.26e-10	3.62e-06	1.74e-03	3.87e-02	1.08e-01	6.53e-01	1.87e-01	1.18e-02
 9.53682e+22	2.61e-10	4.17e-06	1.99e-03	4.26e-02	1.15e-01	6.54e-01	1.76e-01	1.05e-02
 9.70155e+22	2.92e-10	4.71e-06	2.22e-03	4.59e-02	1.21e-01	6.54e-01	1.68e-01	9.52e-03
 9.86868e+22	3.41e-10	5.45e-06	2.55e-03	5.04e-02	1.28e-01	6.53e-01	1.57e-01	8.38e-03
 1.00321e+23	3.89e-10	6.13e-06	2.82e-03	5.40e-02	1.34e-01	6.51e-01	1.50e-01	7.66e-03
 1.01906e+23	4.51e-10	7.05e-06	3.21e-03	5.88e-02	1.42e-01	6.49e-01	1.41e-01	6.77e-03
 1.03551e+23	5.21e-10	8.00e-06	3.59e-03	6.32e-02	1.48e-01	6.46e-01	1.34e-01	6.13e-03
 1.04952e+23	5.85e-10	8.89e-06	3.94e-03	6.72e-02	1.53e-01	6.42e-01	1.27e-01	5.60e-03
 1.06456e+23	6.78e-10	1.02e-05	4.45e-03	7.27e-02	1.61e-01	6.37e-01	1.20e-01	4.97e-03
 1.07971e+23	7.69e-10	1.14e-05	4.90e-03	7.73e-02	1.67e-01	6.33e-01	1.14e-01	4.53e-03
 1.09502e+23	8.95e-10	1.30e-05	5.53e-03	8.34e-02	1.74e-01	6.26e-01	1.07e-01	4.02e-03
 1.11079e+23	1.02e-09	1.46e-05	6.14e-03	8.90e-02	1.81e-01	6.20e-01	1.00e-01	3.61e-03
 1.12477e+23	1.16e-09	1.64e-05	6.76e-03	9.45e-02	1.87e-01	6.13e-01	9.51e-02	3.27e-03
 1.14053e+23	1.37e-09	1.89e-05	7.63e-03	1.02e-01	1.95e-01	6.04e-01	8.86e-02	2.89e-03
 1.15715e+23	1.58e-09	2.15e-05	8.52e-03	1.09e-01	2.02e-01	5.95e-01	8.29e-02	2.57e-03
 1.17229e+23	1.82e-09	2.43e-05	9.44e-03	1.16e-01	2.08e-01	5.86e-01	7.78e-02	2.30e-03
 1.18936e+23	2.17e-09	2.83e-05	1.07e-02	1.25e-01	2.17e-01	5.74e-01	7.18e-02	2.00e-03
 1.20697e+23	2.53e-09	3.23e-05	1.20e-02	1.33e-01	2.24e-01	5.63e-01	6.67e-02	1.76e-03
 1.22261e+23	2.93e-09	3.66e-05	1.33e-02	1.42e-01	2.30e-01	5.51e-01	6.22e-02	1.56e-03
 1.24029e+23	3.52e-09	4.29e-05	1.51e-02	1.52e-01	2.38e-01	5.36e-01	5.68e-02	1.35e-03
 1.25864e+23	4.15e-09	4.93e-05	1.69e-02	1.62e-01	2.45e-01	5.22e-01	5.23e-02	1.17e-03
 1.27512e+23	4.84e-09	5.62e-05	1.88e-02	1.72e-01	2.51e-01	5.09e-01	4.84e-02	1.03e-03
 1.29379e+23	5.91e-09	6.64e-05	2.15e-02	1.85e-01	2.58e-01	4.90e-01	4.36e-02	8.70e-04
 1.31309e+23	7.00e-09	7.65e-05	2.41e-02	1.97e-01	2.64e-01	4.74e-01	3.98e-02	7.50e-04
 1.33320e+23	8.68e-09	9.14e-05	2.76e-02	2.12e-01	2.71e-01	4.53e-01	3.54e-02	6.22e-04
 1.35353e+23	1.04e-08	1.06e-04	3.09e-02	2.25e-01	2.76e-01	4.36e-01	3.21e-02	5.31e-04
 1.37138e+23	1.23e-08	1.22e-04	3.44e-02	2.37e-01	2.80e-01	4.19e-01	2.92e-02	4.57e-04
 1.39181e+23	1.53e-08	1.45e-04	3.94e-02	2.54e-01	2.85e-01	3.96e-01	2.55e-02	3.71e-04
 1.41248e+23	1.82e-08	1.68e-04	4.39e-02	2.67e-01	2.88e-01	3.78e-01	2.29e-02	3.14e-04
 1.43347e+23	2.29e-08	2.01e-04	5.00e-02	2.84e-01	2.90e-01	3.55e-01	2.00e-02	2.54e-04
 1.45484e+23	2.76e-08	2.33e-04	5.57e-02	2.99e-01	2.92e-01	3.36e-01	1.77e-02	2.12e-04
 1.47385e+23	3.30e-08	2.69e-04	6.18e-02	3.13e-01	2.93e-01	3.17e-01	1.57e-02	1.77e-04
 1.49570e+23	4.18e-08	3.24e-04	7.04e-02	3.31e-01	2.92e-01	2.93e-01	1.34e-02	1.39e-04
 1.51783e+23	5.05e-08	3.76e-04	7.79e-02	3.45e-01	2.91e-01	2.74e-01	1.18e-02	1.15e-04
 1.54032e+23	6.43e-08	4.53e-04	8.84e-02	3.62e-01	2.88e-01	2.51e-01	9.90e-03	8.90e-05
 1.56311e+23	7.79e-08	5.25e-04	9.76e-02	3.76e-01	2.85e-01	2.33e-01	8.59e-03	7.23e-05
 1.58630e+23	9.99e-08	6.35e-04	1.10e-01	3.92e-01	2.79e-01	2.11e-01	7.12e-03	5.50e-05
 1.60905e+23	1.20e-07	7.29e-04	1.21e-01	4.04e-01	2.74e-01	1.95e-01	6.17e-03	4.48e-05
 1.63121e+23	1.52e-07	8.70e-04	1.35e-01	4.18e-01	2.66e-01	1.75e-01	5.10e-03	3.41e-05
 1.65264e+23	1.80e-07	9.84e-04	1.45e-01	4.27e-01	2.60e-01	1.62e-01	4.45e-03	2.81e-05
 1.67311e+23	2.23e-07	1.15e-03	1.60e-01	4.37e-01	2.52e-01	1.46e-01	3.70e-03	2.17e-05
 1.69352e+23	2.63e-07	1.30e-03	1.72e-01	4.44e-01	2.45e-01	1.35e-01	3.21e-03	1.77e-05
 1.71383e+23	3.24e-07	1.51e-03	1.87e-01	4.52e-01	2.35e-01	1.21e-01	2.68e-03	1.37e-05
 1.73492e+23	3.88e-07	1.72e-03	2.01e-01	4.58e-01	2.27e-01	1.10e-01	2.27e-03	1.09e-05
 1.75385e+23	4.60e-07	1.94e-03	2.15e-01	4.63e-01	2.18e-01	9.98e-02	1.93e-03	8.73e-06
 1.77527e+23	5.72e-07	2.26e-03	2.34e-01	4.67e-01	2.07e-01	8.81e-02	1.57e-03	6.56e-06
 1.79711e+23	6.84e-07	2.57e-03	2.50e-01	4.69e-01	1.98e-01	7.91e-02	1.32e-03	5.14e-06
 1.81946e+23	8.50e-07	2.99e-03	2.70e-01	4.70e-01	1.86e-01	6.92e-02	1.06e-03	3.81e-06
 1.84233e+23	1.02e-06	3.39e-03	2.88e-01	4.70e-01	1.76e-01	6.14e-02	8.74e-04	2.92e-06
 1.86053e+23	1.18e-06	3.74e-03	3.03e-01	4.69e-01	1.68e-01	5.59e-02	7.50e-04	2.37e-06
 1.87885e+23	1.41e-06	4.21e-03	3.20e-01	4.66e-01	1.59e-01	4.97e-02	6.22e-04	1.84e-06
 1.89780e+23	1.63e-06	4.66e-03	3.36e-01	4.63e-01	1.51e-01	4.49e-02	5.28e-04	1.47e-06
 1.91493e+23	1.89e-06	5.13e-03	3.51e-01	4.60e-01	1.43e-01	4.05e-02	4.48e-04	1.18e-06
 1.93454e+23	2.26e-06	5.79e-03	3.71e-01	4.54e-01	1.33e-01	3.55e-02	3.64e-04	8.91e-07
 1.95434e+23	2.62e-06	6.39e-03	3.87e-01	4.49e-01	1.26e-01	3.17e-02	3.05e-04	7.02e-07
 1.97170e+23	3.03e-06	7.03e-03	4.03e-01	4.43e-01	1.19e-01	2.84e-02	2.57e-04	5.56e-07
 1.99158e+23	3.63e-06	7.91e-03	4.23e-01	4.35e-01	1.10e-01	2.47e-02	2.07e-04	4.15e-07
 2.01170e+23	4.21e-06	8.72e-03	4.39e-01	4.27e-01	1.03e-01	2.20e-02	1.72e-04	3.24e-07
 2.02940e+23	4.87e-06	9.58e-03	4.55e-01	4.19e-01	9.62e-02	1.96e-02	1.43e-04	2.54e-07
 2.04967e+23	5.82e-06	1.08e-02	4.75e-01	4.08e-01	8.84e-02	1.69e-02	1.14e-04	1.87e-07
 2.07027e+23	6.75e-06	1.18e-02	4.92e-01	3.99e-01	8.22e-02	1.49e-02	9.38e-05	1.44e-07
 2.08856e+23	7.81e-06	1.30e-02	5.08e-01	3.89e-01	7.64e-02	1.31e-02	7.74e-05	0.00e+00
 2.10957e+23	9.36e-06	1.46e-02	5.28e-01	3.77e-01	6.96e-02	1.12e-02	6.06e-05	0.00e+00
 2.13092e+23	1.09e-05	1.60e-02	5.44e-01	3.66e-01	6.42e-02	9.79e-03	4.93e-05	0.00e+00
 2.15273e+23	1.31e-05	1.80e-02	5.64e-01	3.52e-01	5.79e-02	8.26e-03	3.80e-05	0.00e+00
 2.17482e+23	1.52e-05	1.98e-02	5.80e-01	3.40e-01	5.31e-02	7.17e-03	3.05e-05	0.00e+00
 2.19728e+23	1.83e-05	2.22e-02	5.99e-01	3.25e-01	4.76e-02	6.00e-03	2.33e-05	0.00e+00
 2.22017e+23	2.14e-05	2.45e-02	6.15e-01	3.12e-01	4.33e-02	5.16e-03	1.85e-05	0.00e+00
 2.24364e+23	2.59e-05	2.75e-02	6.33e-01	2.97e-01	3.84e-02	4.27e-03	1.39e-05	0.00e+00
 2.26753e+23	3.04e-05	3.03e-02	6.48e-01	2.83e-01	3.47e-02	3.63e-03	1.08e-05	0.00e+00
 2.29197e+23	3.69e-05	3.42e-02	6.65e-01	2.67e-01	3.05e-02	2.97e-03	7.99e-06	0.00e+00
 2.31330e+23	4.15e-05	3.66e-02	6.75e-01	2.57e-01	2.81e-02	2.62e-03	6.61e-06	0.00e+00
 2.33058e+23	4.73e-05	3.96e-02	6.86e-01	2.46e-01	2.57e-02	2.28e-03	5.35e-06	0.00e+00
 2.34868e+23	5.30e-05	4.25e-02	6.95e-01	2.37e-01	2.37e-02	2.01e-03	4.42e-06	0.00e+00
 2.36785e+23	6.15e-05	4.64e-02	7.06e-01	2.25e-01	2.13e-02	1.71e-03	3.46e-06	0.00e+00
 2.38694e+23	6.91e-05	4.97e-02	7.14e-01	2.15e-01	1.95e-02	1.50e-03	2.84e-06	0.00e+00
 2.40595e+23	7.96e-05	5.42e-02	7.23e-01	2.04e-01	1.76e-02	1.28e-03	2.23e-06	0.00e+00
 2.42533e+23	8.99e-05	5.81e-02	7.30e-01	1.94e-01	1.60e-02	1.11e-03	1.81e-06	0.00e+00
 2.44522e+23	1.05e-04	6.36e-02	7.39e-01	1.82e-01	1.43e-02	9.33e-04	1.39e-06	0.00e+00
 2.46517e+23	1.18e-04	6.80e-02	7.45e-01	1.73e-01	1.30e-02	8.11e-04	1.12e-06	0.00e+00
 2.48520e+23	1.36e-04	7.43e-02	7.51e-01	1.62e-01	1.16e-02	6.80e-04	8.62e-07	0.00e+00
 2.50570e+23	1.54e-04	7.97e-02	7.56e-01	1.53e-01	1.04e-02	5.84e-04	6.87e-07	0.00e+00
 2.52682e+23	1.80e-04	8.73e-02	7.60e-01	1.43e-01	9.19e-03	4.83e-04	5.17e-07	0.00e+00
 2.54827e+23	2.04e-04	9.38e-02	7.64e-01	1.34e-01	8.24e-03	4.12e-04	4.07e-07	0.00e+00
 2.57015e+23	2.40e-04	1.03e-01	7.66e-01	1.23e-01	7.20e-03	3.36e-04	3.01e-07	0.00e+00
 2.59239e+23	2.74e-04	1.11e-01	7.67e-01	1.15e-01	6.41e-03	2.83e-04	2.33e-07	0.00e+00
 2.61508e+23	3.25e-04	1.22e-01	7.67e-01	1.05e-01	5.53e-03	2.28e-04	1.69e-07	0.00e+00
 2.63780e+23	3.70e-04	1.32e-01	7.66e-01	9.69e-02	4.92e-03	1.91e-04	1.30e-07	0.00e+00
 2.66053e+23	4.39e-04	1.45e-01	7.62e-01	8.76e-02	4.23e-03	1.53e-04	0.00e+00	0.00e+00
 2.68342e+23	5.03e-04	1.56e-01	7.59e-01	8.05e-02	3.74e-03	1.27e-04	0.00e+00	0.00e+00
 2.70653e+23	5.97e-04	1.73e-01	7.51e-01	7.21e-02	3.20e-03	1.00e-04	0.00e+00	0.00e+00
 2.72976e+23	6.88e-04	1.86e-01	7.45e-01	6.55e-02	2.81e-03	8.23e-05	0.00e+00	0.00e+00
 2.75316e+23	8.26e-04	2.06e-01	7.32e-01	5.78e-02	2.38e-03	6.36e-05	0.00e+00	0.00e+00
 2.77635e+23	9.52e-04	2.23e-01	7.22e-01	5.21e-02	2.08e-03	5.20e-05	0.00e+00	0.00e+00
 2.79925e+23	1.15e-03	2.47e-01	7.05e-01	4.54e-02	1.75e-03	3.97e-05	0.00e+00	0.00e+00
 2.82213e+23	1.33e-03	2.67e-01	6.90e-01	4.04e-02	1.52e-03	3.19e-05	0.00e+00	0.00e+00
 2.84497e+23	1.61e-03	2.96e-01	6.67e-01	3.46e-02	1.27e-03	2.39e-05	0.00e+00	0.00e+00
 2.86781e+23	1.88e-03	3.20e-01	6.46e-01	3.03e-02	1.09e-03	1.88e-05	0.00e+00	0.00e+00
 2.89066e+23	2.28e-03	3.55e-01	6.17e-01	2.54e-02	9.01e-04	1.37e-05	0.00e+00	0.00e+00
 2.91356e+23	2.69e-03	3.85e-01	5.90e-01	2.17e-02	7.64e-04	1.04e-05	0.00e+00	0.00e+00
 2.93653e+23	3.30e-03	4.25e-01	5.53e-01	1.77e-02	6.16e-04	7.30e-06	0.00e+00	0.00e+00
 2.95965e+23	3.93e-03	4.62e-01	5.19e-01	1.47e-02	5.10e-04	5.34e-06	0.00e+00	0.00e+00
 2.97968e+23	4.65e-03	4.99e-01	4.84e-01	1.21e-02	4.21e-04	3.88e-06	0.00e+00	0.00e+00
 3.00246e+23	5.72e-03	5.47e-01	4.38e-01	9.38e-03	3.26e-04	2.54e-06	0.00e+00	0.00e+00
 3.02592e+23	6.95e-03	5.93e-01	3.93e-01	7.26e-03	2.54e-04	1.68e-06	0.00e+00	0.00e+00
 3.04576e+23	8.27e-03	6.34e-01	3.52e-01	5.68e-03	2.00e-04	1.13e-06	0.00e+00	0.00e+00
 3.06262e+23	9.60e-03	6.70e-01	3.16e-01	4.53e-03	1.60e-04	7.92e-07	0.00e+00	0.00e+00
 3.07795e+23	1.12e-02	7.05e-01	2.80e-01	3.55e-03	1.26e-04	5.39e-07	0.00e+00	0.00e+00
