#depth	O	O+	O+2	O+3	O+4	O+5	O+6	O+7	O+8	O[1]	O[2]	O[3]
 1.54284e+22	2.11e-12	4.45e-08	4.79e-05	4.04e-03	4.19e-02	1.03e-01	6.14e-01	2.18e-01	1.86e-02	2.11e-12	4.35e-21	5.42e-21
 3.44715e+22	4.04e-12	9.23e-08	1.03e-04	8.23e-03	6.83e-02	1.48e-01	6.14e-01	1.53e-01	9.12e-03	4.04e-12	8.24e-21	1.03e-20
 3.98936e+22	5.80e-12	1.37e-07	1.52e-04	1.14e-02	8.42e-02	1.71e-01	6.01e-01	1.26e-01	6.39e-03	5.80e-12	1.20e-20	1.49e-20
 4.26046e+22	7.04e-12	1.68e-07	1.85e-04	1.35e-02	9.31e-02	1.82e-01	5.91e-01	1.14e-01	5.33e-03	7.04e-12	1.46e-20	1.82e-20
 4.39431e+22	7.76e-12	1.86e-07	2.04e-04	1.45e-02	9.75e-02	1.88e-01	5.86e-01	1.09e-01	4.88e-03	7.76e-12	1.62e-20	2.01e-20
 4.49434e+22	8.81e-12	2.13e-07	2.30e-04	1.60e-02	1.03e-01	1.95e-01	5.78e-01	1.02e-01	4.35e-03	8.81e-12	1.84e-20	2.29e-20
 4.60087e+22	9.88e-12	2.40e-07	2.57e-04	1.75e-02	1.09e-01	2.02e-01	5.71e-01	9.65e-02	3.93e-03	9.88e-12	2.07e-20	2.57e-20
 4.71586e+22	1.15e-11	2.80e-07	2.95e-04	1.95e-02	1.16e-01	2.10e-01	5.62e-01	8.96e-02	3.45e-03	1.15e-11	2.42e-20	3.00e-20
 4.83439e+22	1.30e-11	3.20e-07	3.33e-04	2.14e-02	1.22e-01	2.17e-01	5.52e-01	8.39e-02	3.08e-03	1.30e-11	2.75e-20	3.41e-20
 4.94003e+22	1.49e-11	3.65e-07	3.74e-04	2.33e-02	1.29e-01	2.23e-01	5.43e-01	7.88e-02	2.77e-03	1.49e-11	3.16e-20	3.92e-20
 5.05986e+22	1.76e-11	4.33e-07	4.34e-04	2.61e-02	1.37e-01	2.31e-01	5.31e-01	7.25e-02	2.40e-03	1.76e-11	3.75e-20	4.65e-20
 5.18163e+22	2.04e-11	4.99e-07	4.89e-04	2.85e-02	1.44e-01	2.37e-01	5.20e-01	6.78e-02	2.14e-03	2.04e-11	4.35e-20	5.39e-20
 5.30589e+22	2.46e-11	5.98e-07	5.71e-04	3.19e-02	1.53e-01	2.44e-01	5.06e-01	6.21e-02	1.85e-03	2.46e-11	5.28e-20	6.53e-20
 5.43214e+22	2.86e-11	6.94e-07	6.47e-04	3.49e-02	1.61e-01	2.50e-01	4.94e-01	5.77e-02	1.64e-03	2.86e-11	6.17e-20	7.64e-20
 5.56096e+22	3.49e-11	8.40e-07	7.59e-04	3.91e-02	1.71e-01	2.58e-01	4.78e-01	5.24e-02	1.40e-03	3.49e-11	7.57e-20	9.36e-20
 5.68676e+22	4.08e-11	9.71e-07	8.53e-04	4.25e-02	1.78e-01	2.62e-01	4.66e-01	4.89e-02	1.25e-03	4.08e-11	8.90e-20	1.10e-19
 5.80862e+22	4.94e-11	1.17e-06	9.91e-04	4.72e-02	1.88e-01	2.68e-01	4.50e-01	4.45e-02	1.07e-03	4.94e-11	1.08e-19	1.34e-19
 5.93444e+22	5.88e-11	1.36e-06	1.12e-03	5.14e-02	1.96e-01	2.72e-01	4.37e-01	4.11e-02	9.42e-04	5.88e-11	1.30e-19	1.60e-19
 6.04131e+22	6.79e-11	1.56e-06	1.25e-03	5.53e-02	2.04e-01	2.76e-01	4.24e-01	3.83e-02	8.40e-04	6.79e-11	1.50e-19	1.86e-19
 6.15614e+22	8.22e-11	1.85e-06	1.44e-03	6.07e-02	2.13e-01	2.80e-01	4.09e-01	3.50e-02	7.27e-04	8.22e-11	1.83e-19	2.26e-19
 6.27278e+22	9.64e-11	2.14e-06	1.61e-03	6.55e-02	2.21e-01	2.83e-01	3.96e-01	3.23e-02	6.43e-04	9.64e-11	2.16e-19	2.66e-19
 6.37560e+22	1.13e-10	2.46e-06	1.79e-03	7.04e-02	2.29e-01	2.86e-01	3.83e-01	3.00e-02	5.71e-04	1.13e-10	2.54e-19	3.13e-19
 6.49311e+22	1.38e-10	2.94e-06	2.06e-03	7.69e-02	2.39e-01	2.88e-01	3.67e-01	2.72e-02	4.91e-04	1.38e-10	3.13e-19	3.85e-19
 6.61550e+22	1.64e-10	3.44e-06	2.32e-03	8.32e-02	2.47e-01	2.90e-01	3.52e-01	2.48e-02	4.27e-04	1.64e-10	3.76e-19	4.62e-19
 6.72517e+22	1.95e-10	3.98e-06	2.60e-03	8.94e-02	2.55e-01	2.91e-01	3.39e-01	2.28e-02	3.76e-04	1.95e-10	4.48e-19	5.50e-19
 6.84868e+22	2.42e-10	4.78e-06	2.98e-03	9.77e-02	2.65e-01	2.92e-01	3.22e-01	2.05e-02	3.19e-04	2.42e-10	5.61e-19	6.89e-19
 6.97768e+22	2.93e-10	5.64e-06	3.38e-03	1.06e-01	2.74e-01	2.92e-01	3.07e-01	1.85e-02	2.74e-04	2.93e-10	6.85e-19	8.41e-19
 7.09390e+22	3.52e-10	6.58e-06	3.79e-03	1.13e-01	2.82e-01	2.91e-01	2.93e-01	1.69e-02	2.38e-04	3.52e-10	8.29e-19	1.02e-18
 7.22508e+22	4.45e-10	7.98e-06	4.38e-03	1.24e-01	2.91e-01	2.90e-01	2.75e-01	1.50e-02	1.99e-04	4.45e-10	1.06e-18	1.30e-18
 7.36069e+22	5.47e-10	9.47e-06	4.97e-03	1.34e-01	3.00e-01	2.88e-01	2.60e-01	1.34e-02	1.69e-04	5.47e-10	1.31e-18	1.61e-18
 7.48158e+22	6.64e-10	1.11e-05	5.57e-03	1.43e-01	3.07e-01	2.86e-01	2.46e-01	1.21e-02	1.45e-04	6.64e-10	1.61e-18	1.97e-18
 7.61826e+22	8.49e-10	1.35e-05	6.43e-03	1.56e-01	3.16e-01	2.82e-01	2.29e-01	1.06e-02	1.19e-04	8.49e-10	2.08e-18	2.54e-18
 7.76035e+22	1.06e-09	1.61e-05	7.30e-03	1.67e-01	3.23e-01	2.78e-01	2.15e-01	9.34e-03	9.96e-05	1.06e-09	2.62e-18	3.20e-18
 7.88816e+22	1.30e-09	1.90e-05	8.20e-03	1.79e-01	3.30e-01	2.73e-01	2.01e-01	8.31e-03	8.41e-05	1.30e-09	3.25e-18	3.97e-18
 8.03299e+22	1.70e-09	2.33e-05	9.50e-03	1.94e-01	3.37e-01	2.67e-01	1.85e-01	7.13e-03	6.75e-05	1.70e-09	4.31e-18	5.25e-18
 8.18246e+22	2.13e-09	2.78e-05	1.08e-02	2.08e-01	3.43e-01	2.61e-01	1.71e-01	6.24e-03	5.58e-05	2.13e-09	5.47e-18	6.67e-18
 8.31724e+22	2.65e-09	3.30e-05	1.21e-02	2.22e-01	3.48e-01	2.54e-01	1.59e-01	5.46e-03	4.63e-05	2.65e-09	6.91e-18	8.42e-18
 8.47176e+22	3.52e-09	4.09e-05	1.40e-02	2.40e-01	3.53e-01	2.45e-01	1.43e-01	4.59e-03	3.62e-05	3.52e-09	9.36e-18	1.14e-17
 8.62825e+22	4.45e-09	4.89e-05	1.59e-02	2.55e-01	3.56e-01	2.37e-01	1.32e-01	3.96e-03	2.94e-05	4.45e-09	1.20e-17	1.46e-17
 8.76653e+22	5.58e-09	5.78e-05	1.78e-02	2.71e-01	3.58e-01	2.29e-01	1.21e-01	3.43e-03	2.41e-05	5.58e-09	1.53e-17	1.86e-17
 8.92552e+22	7.48e-09	7.18e-05	2.06e-02	2.91e-01	3.60e-01	2.18e-01	1.08e-01	2.84e-03	1.85e-05	7.48e-09	2.10e-17	2.54e-17
 9.08641e+22	9.46e-09	8.54e-05	2.31e-02	3.07e-01	3.60e-01	2.09e-01	9.76e-02	2.42e-03	1.48e-05	9.46e-09	2.70e-17	3.28e-17
 9.24976e+22	1.27e-08	1.06e-04	2.65e-02	3.28e-01	3.59e-01	1.97e-01	8.63e-02	1.98e-03	1.13e-05	1.27e-08	3.72e-17	4.51e-17
 9.41650e+22	1.62e-08	1.26e-04	2.98e-02	3.46e-01	3.58e-01	1.88e-01	7.75e-02	1.67e-03	8.90e-06	1.62e-08	4.87e-17	5.89e-17
 9.56502e+22	2.06e-08	1.50e-04	3.33e-02	3.63e-01	3.55e-01	1.78e-01	6.95e-02	1.40e-03	7.04e-06	2.06e-08	6.34e-17	7.68e-17
 9.73545e+22	2.80e-08	1.86e-04	3.82e-02	3.85e-01	3.50e-01	1.65e-01	6.03e-02	1.12e-03	5.20e-06	2.80e-08	8.89e-17	1.08e-16
 9.90862e+22	3.58e-08	2.21e-04	4.26e-02	4.02e-01	3.45e-01	1.55e-01	5.35e-02	9.32e-04	4.04e-06	3.58e-08	1.17e-16	1.41e-16
 1.00854e+23	4.90e-08	2.76e-04	4.89e-02	4.24e-01	3.38e-01	1.43e-01	4.58e-02	7.31e-04	2.92e-06	4.90e-08	1.67e-16	2.01e-16
 1.02638e+23	6.27e-08	3.27e-04	5.43e-02	4.40e-01	3.31e-01	1.33e-01	4.03e-02	6.01e-04	2.24e-06	6.27e-08	2.20e-16	2.66e-16
 1.04191e+23	7.94e-08	3.85e-04	6.00e-02	4.56e-01	3.24e-01	1.24e-01	3.55e-02	4.96e-04	1.73e-06	7.94e-08	2.87e-16	3.47e-16
 1.05643e+23	9.81e-08	4.45e-04	6.55e-02	4.70e-01	3.17e-01	1.16e-01	3.17e-02	4.17e-04	1.37e-06	9.81e-08	3.65e-16	4.41e-16
 1.07221e+23	1.28e-07	5.35e-04	7.31e-02	4.86e-01	3.07e-01	1.06e-01	2.73e-02	3.32e-04	1.02e-06	1.28e-07	4.95e-16	5.97e-16
 1.08810e+23	1.59e-07	6.19e-04	7.97e-02	4.99e-01	2.98e-01	9.85e-02	2.41e-02	2.76e-04	7.95e-07	1.59e-07	6.31e-16	7.61e-16
 1.10193e+23	1.95e-07	7.10e-04	8.63e-02	5.10e-01	2.90e-01	9.15e-02	2.14e-02	2.31e-04	6.27e-07	1.95e-07	7.94e-16	9.58e-16
 1.11769e+23	2.54e-07	8.50e-04	9.58e-02	5.24e-01	2.79e-01	8.29e-02	1.82e-02	1.81e-04	4.56e-07	2.54e-07	1.07e-15	1.30e-15
 1.13374e+23	3.13e-07	9.77e-04	1.04e-01	5.33e-01	2.69e-01	7.65e-02	1.60e-02	1.50e-04	3.55e-07	3.13e-07	1.36e-15	1.64e-15
 1.15015e+23	4.08e-07	1.17e-03	1.15e-01	5.45e-01	2.57e-01	6.88e-02	1.35e-02	1.17e-04	2.55e-07	4.08e-07	1.84e-15	2.21e-15
 1.16674e+23	5.06e-07	1.34e-03	1.24e-01	5.53e-01	2.47e-01	6.29e-02	1.17e-02	9.48e-05	1.95e-07	5.06e-07	2.34e-15	2.81e-15
 1.18357e+23	6.60e-07	1.60e-03	1.37e-01	5.62e-01	2.34e-01	5.60e-02	9.83e-03	7.30e-05	1.38e-07	6.60e-07	3.16e-15	3.80e-15
 1.20062e+23	8.17e-07	1.85e-03	1.48e-01	5.68e-01	2.23e-01	5.09e-02	8.48e-03	5.87e-05	0.00e+00	8.17e-07	4.02e-15	4.83e-15
 1.21429e+23	9.73e-07	2.07e-03	1.57e-01	5.72e-01	2.15e-01	4.69e-02	7.49e-03	4.91e-05	0.00e+00	9.73e-07	4.89e-15	5.87e-15
 1.22840e+23	1.20e-06	2.38e-03	1.69e-01	5.76e-01	2.04e-01	4.24e-02	6.44e-03	3.93e-05	0.00e+00	1.20e-06	6.23e-15	7.47e-15
 1.24284e+23	1.44e-06	2.67e-03	1.80e-01	5.78e-01	1.95e-01	3.88e-02	5.65e-03	3.25e-05	0.00e+00	1.44e-06	7.61e-15	9.12e-15
 1.25571e+23	1.71e-06	2.98e-03	1.91e-01	5.79e-01	1.87e-01	3.56e-02	4.97e-03	2.70e-05	0.00e+00	1.71e-06	9.25e-15	1.11e-14
 1.27043e+23	2.11e-06	3.43e-03	2.05e-01	5.80e-01	1.76e-01	3.18e-02	4.21e-03	2.13e-05	0.00e+00	2.11e-06	1.18e-14	1.41e-14
 1.28533e+23	2.52e-06	3.84e-03	2.17e-01	5.79e-01	1.67e-01	2.89e-02	3.67e-03	1.74e-05	0.00e+00	2.52e-06	1.45e-14	1.73e-14
 1.29840e+23	2.99e-06	4.28e-03	2.29e-01	5.78e-01	1.59e-01	2.63e-02	3.20e-03	1.43e-05	0.00e+00	2.99e-06	1.75e-14	2.10e-14
 1.31334e+23	3.69e-06	4.90e-03	2.45e-01	5.74e-01	1.49e-01	2.33e-02	2.70e-03	1.12e-05	0.00e+00	3.69e-06	2.24e-14	2.67e-14
 1.32853e+23	4.38e-06	5.47e-03	2.59e-01	5.71e-01	1.41e-01	2.11e-02	2.33e-03	9.05e-06	0.00e+00	4.38e-06	2.73e-14	3.25e-14
 1.34202e+23	5.19e-06	6.10e-03	2.73e-01	5.66e-01	1.33e-01	1.90e-02	2.02e-03	7.35e-06	0.00e+00	5.19e-06	3.32e-14	3.96e-14
 1.35750e+23	6.44e-06	6.99e-03	2.92e-01	5.59e-01	1.24e-01	1.67e-02	1.68e-03	5.65e-06	0.00e+00	6.44e-06	4.27e-14	5.08e-14
 1.37312e+23	7.66e-06	7.81e-03	3.07e-01	5.53e-01	1.16e-01	1.50e-02	1.44e-03	4.53e-06	0.00e+00	7.66e-06	5.22e-14	6.21e-14
 1.38685e+23	9.07e-06	8.70e-03	3.23e-01	5.45e-01	1.09e-01	1.34e-02	1.24e-03	3.65e-06	0.00e+00	9.07e-06	6.36e-14	7.57e-14
 1.40263e+23	1.12e-05	9.95e-03	3.43e-01	5.34e-01	1.00e-01	1.17e-02	1.02e-03	2.77e-06	0.00e+00	1.12e-05	8.17e-14	9.70e-14
 1.41868e+23	1.33e-05	1.11e-02	3.60e-01	5.25e-01	9.35e-02	1.03e-02	8.65e-04	2.19e-06	0.00e+00	1.33e-05	1.00e-13	1.19e-13
 1.43011e+23	1.48e-05	1.19e-02	3.71e-01	5.18e-01	8.92e-02	9.58e-03	7.79e-04	1.89e-06	0.00e+00	1.48e-05	1.14e-13	1.35e-13
 1.43998e+23	1.68e-05	1.28e-02	3.83e-01	5.10e-01	8.47e-02	8.77e-03	6.92e-04	1.60e-06	0.00e+00	1.68e-05	1.32e-13	1.56e-13
 1.45282e+23	1.98e-05	1.43e-02	4.00e-01	4.98e-01	7.87e-02	7.77e-03	5.87e-04	1.26e-06	0.00e+00	1.98e-05	1.61e-13	1.91e-13
 1.46950e+23	2.48e-05	1.64e-02	4.24e-01	4.82e-01	7.11e-02	6.59e-03	4.70e-04	9.22e-07	0.00e+00	2.48e-05	2.10e-13	2.49e-13
 1.48632e+23	2.92e-05	1.82e-02	4.42e-01	4.68e-01	6.56e-02	5.79e-03	3.95e-04	7.22e-07	0.00e+00	2.92e-05	2.56e-13	3.02e-13
 1.50332e+23	3.61e-05	2.08e-02	4.65e-01	4.50e-01	5.90e-02	4.89e-03	3.16e-04	5.26e-07	0.00e+00	3.61e-05	3.32e-13	3.91e-13
 1.52083e+23	4.31e-05	2.32e-02	4.85e-01	4.34e-01	5.36e-02	4.22e-03	2.59e-04	3.99e-07	0.00e+00	4.31e-05	4.11e-13	4.84e-13
 1.53902e+23	5.37e-05	2.66e-02	5.09e-01	4.13e-01	4.76e-02	3.50e-03	2.03e-04	2.83e-07	0.00e+00	5.37e-05	5.39e-13	6.33e-13
 1.55754e+23	6.41e-05	2.96e-02	5.29e-01	3.95e-01	4.29e-02	2.98e-03	1.64e-04	2.10e-07	0.00e+00	6.41e-05	6.71e-13	7.87e-13
 1.57157e+23	7.23e-05	3.18e-02	5.43e-01	3.82e-01	3.98e-02	2.66e-03	1.42e-04	1.71e-07	0.00e+00	7.23e-05	7.79e-13	9.12e-13
 1.58489e+23	8.46e-05	3.51e-02	5.61e-01	3.66e-01	3.61e-02	2.30e-03	1.17e-04	1.31e-07	0.00e+00	8.46e-05	9.49e-13	1.11e-12
 1.59849e+23	9.52e-05	3.77e-02	5.74e-01	3.52e-01	3.34e-02	2.04e-03	1.01e-04	0.00e+00	0.00e+00	9.52e-05	1.10e-12	1.28e-12
 1.61248e+23	1.12e-04	4.16e-02	5.91e-01	3.35e-01	3.01e-02	1.75e-03	8.24e-05	0.00e+00	0.00e+00	1.12e-04	1.35e-12	1.57e-12
 1.62664e+23	1.26e-04	4.47e-02	6.05e-01	3.21e-01	2.76e-02	1.54e-03	6.97e-05	0.00e+00	0.00e+00	1.26e-04	1.58e-12	1.83e-12
 1.64104e+23	1.48e-04	4.93e-02	6.21e-01	3.03e-01	2.47e-02	1.30e-03	5.65e-05	0.00e+00	0.00e+00	1.48e-04	1.94e-12	2.24e-12
 1.65564e+23	1.68e-04	5.30e-02	6.35e-01	2.89e-01	2.25e-02	1.14e-03	4.74e-05	0.00e+00	0.00e+00	1.68e-04	2.28e-12	2.62e-12
 1.67048e+23	1.96e-04	5.83e-02	6.50e-01	2.71e-01	2.00e-02	9.57e-04	3.81e-05	0.00e+00	0.00e+00	1.96e-04	2.80e-12	3.20e-12
 1.68567e+23	2.23e-04	6.28e-02	6.62e-01	2.56e-01	1.80e-02	8.23e-04	3.15e-05	0.00e+00	0.00e+00	2.23e-04	3.31e-12	3.76e-12
 1.70132e+23	2.63e-04	6.94e-02	6.76e-01	2.38e-01	1.58e-02	6.80e-04	2.48e-05	0.00e+00	0.00e+00	2.63e-04	4.12e-12	4.65e-12
 1.71705e+23	2.97e-04	7.45e-02	6.87e-01	2.23e-01	1.41e-02	5.82e-04	2.03e-05	0.00e+00	0.00e+00	2.97e-04	4.87e-12	5.45e-12
 1.73290e+23	3.48e-04	8.19e-02	6.99e-01	2.06e-01	1.23e-02	4.79e-04	1.60e-05	0.00e+00	0.00e+00	3.48e-04	6.03e-12	6.70e-12
 1.74923e+23	3.97e-04	8.82e-02	7.09e-01	1.91e-01	1.09e-02	4.03e-04	1.29e-05	0.00e+00	0.00e+00	3.97e-04	7.20e-12	7.93e-12
 1.76620e+23	4.71e-04	9.75e-02	7.18e-01	1.74e-01	9.31e-03	3.23e-04	9.78e-06	0.00e+00	0.00e+00	4.71e-04	9.10e-12	9.92e-12
 1.78329e+23	5.33e-04	1.05e-01	7.26e-01	1.60e-01	8.17e-03	2.69e-04	7.82e-06	0.00e+00	0.00e+00	5.33e-04	1.09e-11	1.17e-11
 1.80057e+23	6.34e-04	1.16e-01	7.32e-01	1.44e-01	6.92e-03	2.13e-04	5.87e-06	0.00e+00	0.00e+00	6.34e-04	1.38e-11	1.47e-11
 1.81796e+23	7.17e-04	1.24e-01	7.37e-01	1.32e-01	6.03e-03	1.76e-04	4.66e-06	0.00e+00	0.00e+00	7.17e-04	1.64e-11	1.73e-11
 1.83548e+23	8.51e-04	1.37e-01	7.40e-01	1.17e-01	5.07e-03	1.38e-04	3.47e-06	0.00e+00	0.00e+00	8.51e-04	2.08e-11	2.15e-11
 1.85323e+23	9.65e-04	1.47e-01	7.41e-01	1.06e-01	4.38e-03	1.13e-04	2.72e-06	0.00e+00	0.00e+00	9.65e-04	2.48e-11	2.55e-11
 1.87128e+23	1.15e-03	1.63e-01	7.40e-01	9.27e-02	3.63e-03	8.66e-05	1.99e-06	0.00e+00	0.00e+00	1.15e-03	3.18e-11	3.21e-11
 1.88936e+23	1.31e-03	1.75e-01	7.37e-01	8.29e-02	3.11e-03	7.00e-05	1.54e-06	0.00e+00	0.00e+00	1.31e-03	3.82e-11	3.80e-11
 1.90748e+23	1.57e-03	1.94e-01	7.30e-01	7.14e-02	2.55e-03	5.28e-05	1.11e-06	0.00e+00	0.00e+00	1.57e-03	4.93e-11	4.80e-11
 1.92564e+23	1.79e-03	2.09e-01	7.24e-01	6.30e-02	2.17e-03	4.20e-05	8.53e-07	0.00e+00	0.00e+00	1.79e-03	5.96e-11	5.72e-11
 1.94387e+23	2.16e-03	2.32e-01	7.10e-01	5.32e-02	1.76e-03	3.10e-05	6.06e-07	0.00e+00	0.00e+00	2.16e-03	7.75e-11	7.28e-11
 1.96212e+23	2.48e-03	2.51e-01	6.99e-01	4.62e-02	1.49e-03	2.43e-05	4.60e-07	0.00e+00	0.00e+00	2.48e-03	9.43e-11	8.72e-11
 1.98038e+23	3.01e-03	2.79e-01	6.78e-01	3.82e-02	1.20e-03	1.75e-05	3.22e-07	0.00e+00	0.00e+00	3.01e-03	1.23e-10	1.12e-10
 1.99865e+23	3.49e-03	3.03e-01	6.60e-01	3.25e-02	1.00e-03	1.34e-05	2.42e-07	0.00e+00	0.00e+00	3.49e-03	1.51e-10	1.35e-10
 2.01694e+23	4.28e-03	3.38e-01	6.31e-01	2.61e-02	7.96e-04	9.34e-06	1.65e-07	0.00e+00	0.00e+00	4.28e-03	2.00e-10	1.75e-10
 2.03521e+23	5.00e-03	3.66e-01	6.06e-01	2.17e-02	6.61e-04	6.96e-06	0.00e+00	0.00e+00	0.00e+00	5.00e-03	2.47e-10	2.13e-10
 2.05346e+23	6.16e-03	4.07e-01	5.69e-01	1.69e-02	5.21e-04	4.70e-06	0.00e+00	0.00e+00	0.00e+00	6.16e-03	3.27e-10	2.77e-10
 2.07191e+23	7.32e-03	4.44e-01	5.35e-01	1.34e-02	4.25e-04	3.32e-06	0.00e+00	0.00e+00	0.00e+00	7.32e-03	4.11e-10	3.43e-10
 2.09061e+23	9.14e-03	4.92e-01	4.89e-01	9.95e-03	3.29e-04	2.11e-06	0.00e+00	0.00e+00	0.00e+00	9.14e-03	5.50e-10	4.53e-10
 2.10956e+23	1.11e-02	5.35e-01	4.46e-01	7.51e-03	2.62e-04	1.40e-06	0.00e+00	0.00e+00	0.00e+00	1.11e-02	7.03e-10	5.72e-10
 2.12584e+23	1.34e-02	5.77e-01	4.04e-01	5.65e-03	2.10e-04	9.29e-07	0.00e+00	0.00e+00	0.00e+00	1.34e-02	8.89e-10	7.17e-10
 2.13983e+23	1.55e-02	6.11e-01	3.69e-01	4.43e-03	1.75e-04	6.58e-07	0.00e+00	0.00e+00	0.00e+00	1.55e-02	1.07e-09	8.59e-10
 2.15384e+23	1.87e-02	6.51e-01	3.27e-01	3.26e-03	1.40e-04	4.26e-07	0.00e+00	0.00e+00	0.00e+00	1.87e-02	1.35e-09	1.07e-09
 2.16862e+23	2.24e-02	6.89e-01	2.86e-01	2.37e-03	1.12e-04	2.73e-07	0.00e+00	0.00e+00	0.00e+00	2.24e-02	1.69e-09	1.33e-09
 2.18202e+23	2.68e-02	7.23e-01	2.48e-01	1.71e-03	8.89e-05	1.75e-07	0.00e+00	0.00e+00	0.00e+00	2.68e-02	2.10e-09	1.65e-09
 2.19706e+23	3.35e-02	7.62e-01	2.03e-01	1.12e-03	6.56e-05	0.00e+00	0.00e+00	0.00e+00	0.00e+00	3.35e-02	2.76e-09	2.16e-09
 2.21229e+23	4.20e-02	7.94e-01	1.63e-01	7.22e-04	4.85e-05	0.00e+00	0.00e+00	0.00e+00	0.00e+00	4.20e-02	3.59e-09	2.79e-09
 2.22439e+23	5.12e-02	8.16e-01	1.33e-01	4.88e-04	3.67e-05	0.00e+00	0.00e+00	0.00e+00	0.00e+00	5.12e-02	4.51e-09	3.49e-09
 2.23463e+23	6.12e-02	8.30e-01	1.08e-01	3.40e-04	2.82e-05	0.00e+00	0.00e+00	0.00e+00	0.00e+00	6.12e-02	5.53e-09	4.28e-09
 2.24399e+23	7.32e-02	8.39e-01	8.76e-02	2.36e-04	2.14e-05	0.00e+00	0.00e+00	0.00e+00	0.00e+00	7.32e-02	6.77e-09	5.22e-09
 2.25243e+23	8.70e-02	8.42e-01	7.05e-02	1.67e-04	1.62e-05	0.00e+00	0.00e+00	0.00e+00	0.00e+00	8.70e-02	8.19e-09	6.30e-09
 2.25994e+23	1.02e-01	8.41e-01	5.68e-02	1.20e-04	1.23e-05	0.00e+00	0.00e+00	0.00e+00	0.00e+00	1.02e-01	9.78e-09	7.51e-09
 2.26678e+23	1.20e-01	8.34e-01	4.55e-02	8.76e-05	9.35e-06	0.00e+00	0.00e+00	0.00e+00	0.00e+00	1.20e-01	1.16e-08	8.88e-09
 2.27312e+23	1.40e-01	8.24e-01	3.64e-02	6.47e-05	7.04e-06	0.00e+00	0.00e+00	0.00e+00	0.00e+00	1.40e-01	1.36e-08	1.04e-08
 2.27909e+23	1.63e-01	8.08e-01	2.88e-02	4.80e-05	5.23e-06	0.00e+00	0.00e+00	0.00e+00	0.00e+00	1.63e-01	1.59e-08	1.22e-08
 2.28467e+23	1.90e-01	7.88e-01	2.26e-02	3.59e-05	3.85e-06	0.00e+00	0.00e+00	0.00e+00	0.00e+00	1.90e-01	1.84e-08	1.41e-08
 2.29000e+23	2.19e-01	7.63e-01	1.77e-02	2.73e-05	2.82e-06	0.00e+00	0.00e+00	0.00e+00	0.00e+00	2.19e-01	2.12e-08	1.61e-08
 2.29524e+23	2.54e-01	7.33e-01	1.36e-02	2.06e-05	2.02e-06	0.00e+00	0.00e+00	0.00e+00	0.00e+00	2.54e-01	2.42e-08	1.84e-08
 2.30018e+23	2.91e-01	6.98e-01	1.04e-02	1.58e-05	1.44e-06	0.00e+00	0.00e+00	0.00e+00	0.00e+00	2.91e-01	2.72e-08	2.07e-08
 2.30458e+23	3.29e-01	6.63e-01	8.11e-03	1.24e-05	1.04e-06	0.00e+00	0.00e+00	0.00e+00	0.00e+00	3.29e-01	3.00e-08	2.28e-08
 2.30853e+23	3.66e-01	6.27e-01	6.40e-03	1.00e-05	7.68e-07	0.00e+00	0.00e+00	0.00e+00	0.00e+00	3.66e-01	3.25e-08	2.47e-08
 2.31204e+23	4.02e-01	5.93e-01	5.15e-03	8.25e-06	5.82e-07	0.00e+00	0.00e+00	0.00e+00	0.00e+00	4.02e-01	3.46e-08	2.62e-08
 2.31507e+23	4.34e-01	5.62e-01	4.24e-03	7.01e-06	4.55e-07	0.00e+00	0.00e+00	0.00e+00	0.00e+00	4.34e-01	3.63e-08	2.74e-08
 2.31743e+23	4.58e-01	5.38e-01	3.66e-03	6.19e-06	3.78e-07	0.00e+00	0.00e+00	0.00e+00	0.00e+00	4.58e-01	3.74e-08	2.83e-08
 2.31924e+23	4.77e-01	5.19e-01	3.25e-03	5.63e-06	3.26e-07	0.00e+00	0.00e+00	0.00e+00	0.00e+00	4.77e-01	3.81e-08	2.88e-08
 2.32113e+23	4.98e-01	4.99e-01	2.87e-03	5.09e-06	2.78e-07	0.00e+00	0.00e+00	0.00e+00	0.00e+00	4.98e-01	3.89e-08	2.94e-08
 2.32330e+23	5.21e-01	4.77e-01	2.48e-03	4.54e-06	2.32e-07	0.00e+00	0.00e+00	0.00e+00	0.00e+00	5.21e-01	3.96e-08	2.99e-08
 2.32564e+23	5.46e-01	4.52e-01	2.12e-03	4.02e-06	1.91e-07	0.00e+00	0.00e+00	0.00e+00	0.00e+00	5.46e-01	4.03e-08	3.04e-08
 2.32800e+23	5.69e-01	4.29e-01	1.82e-03	3.59e-06	1.58e-07	0.00e+00	0.00e+00	0.00e+00	0.00e+00	5.69e-01	4.08e-08	3.07e-08
 2.33017e+23	5.90e-01	4.08e-01	1.58e-03	3.23e-06	1.33e-07	0.00e+00	0.00e+00	0.00e+00	0.00e+00	5.90e-01	4.10e-08	3.09e-08
 2.33178e+23	6.05e-01	3.93e-01	1.43e-03	3.00e-06	0.00e+00	0.00e+00	0.00e+00	0.00e+00	0.00e+00	6.05e-01	4.11e-08	3.10e-08
 2.33289e+23	6.15e-01	3.84e-01	1.33e-03	2.86e-06	0.00e+00	0.00e+00	0.00e+00	0.00e+00	0.00e+00	6.15e-01	4.12e-08	3.10e-08
 2.33402e+23	6.26e-01	3.73e-01	1.24e-03	2.71e-06	0.00e+00	0.00e+00	0.00e+00	0.00e+00	0.00e+00	6.26e-01	4.13e-08	3.11e-08
 2.33538e+23	6.37e-01	3.62e-01	1.14e-03	2.56e-06	0.00e+00	0.00e+00	0.00e+00	0.00e+00	0.00e+00	6.37e-01	4.13e-08	3.11e-08
 2.33690e+23	6.49e-01	3.50e-01	1.03e-03	2.39e-06	0.00e+00	0.00e+00	0.00e+00	0.00e+00	0.00e+00	6.49e-01	4.13e-08	3.11e-08
 2.33843e+23	6.62e-01	3.37e-01	9.40e-04	2.24e-06	0.00e+00	0.00e+00	0.00e+00	0.00e+00	0.00e+00	6.62e-01	4.12e-08	3.10e-08
 2.33987e+23	6.73e-01	3.27e-01	8.61e-04	2.12e-06	0.00e+00	0.00e+00	0.00e+00	0.00e+00	0.00e+00	6.73e-01	4.11e-08	3.09e-08
 2.34130e+23	6.83e-01	3.16e-01	7.88e-04	1.99e-06	0.00e+00	0.00e+00	0.00e+00	0.00e+00	0.00e+00	6.83e-01	4.10e-08	3.08e-08
 2.34278e+23	6.94e-01	3.06e-01	7.22e-04	1.88e-06	0.00e+00	0.00e+00	0.00e+00	0.00e+00	0.00e+00	6.94e-01	4.09e-08	3.07e-08
 2.34435e+23	7.05e-01	2.95e-01	6.57e-04	1.77e-06	0.00e+00	0.00e+00	0.00e+00	0.00e+00	0.00e+00	7.05e-01	4.07e-08	3.05e-08
 2.34597e+23	7.15e-01	2.84e-01	5.97e-04	1.67e-06	0.00e+00	0.00e+00	0.00e+00	0.00e+00	0.00e+00	7.15e-01	4.05e-08	3.04e-08
 2.34759e+23	7.25e-01	2.74e-01	5.44e-04	1.57e-06	0.00e+00	0.00e+00	0.00e+00	0.00e+00	0.00e+00	7.25e-01	4.03e-08	3.02e-08
 2.34923e+23	7.35e-01	2.65e-01	4.96e-04	1.48e-06	0.00e+00	0.00e+00	0.00e+00	0.00e+00	0.00e+00	7.35e-01	4.00e-08	3.00e-08
 2.35095e+23	7.45e-01	2.55e-01	4.51e-04	1.40e-06	0.00e+00	0.00e+00	0.00e+00	0.00e+00	0.00e+00	7.45e-01	3.98e-08	2.98e-08
 2.35273e+23	7.54e-01	2.45e-01	4.08e-04	1.31e-06	0.00e+00	0.00e+00	0.00e+00	0.00e+00	0.00e+00	7.54e-01	3.95e-08	2.96e-08
 2.35455e+23	7.63e-01	2.36e-01	3.70e-04	1.24e-06	0.00e+00	0.00e+00	0.00e+00	0.00e+00	0.00e+00	7.63e-01	3.92e-08	2.93e-08
 2.35639e+23	7.72e-01	2.28e-01	3.36e-04	1.17e-06	0.00e+00	0.00e+00	0.00e+00	0.00e+00	0.00e+00	7.72e-01	3.89e-08	2.91e-08
 2.35831e+23	7.81e-01	2.19e-01	3.04e-04	1.10e-06	0.00e+00	0.00e+00	0.00e+00	0.00e+00	0.00e+00	7.81e-01	3.86e-08	2.88e-08
 2.36030e+23	7.89e-01	2.10e-01	2.75e-04	1.04e-06	0.00e+00	0.00e+00	0.00e+00	0.00e+00	0.00e+00	7.89e-01	3.82e-08	2.86e-08
 2.36235e+23	7.98e-01	2.02e-01	2.49e-04	9.77e-07	0.00e+00	0.00e+00	0.00e+00	0.00e+00	0.00e+00	7.98e-01	3.79e-08	2.83e-08
 2.36443e+23	8.05e-01	1.94e-01	2.25e-04	9.21e-07	0.00e+00	0.00e+00	0.00e+00	0.00e+00	0.00e+00	8.05e-01	3.75e-08	2.80e-08
 2.36660e+23	8.13e-01	1.87e-01	2.04e-04	8.68e-07	0.00e+00	0.00e+00	0.00e+00	0.00e+00	0.00e+00	8.13e-01	3.72e-08	2.77e-08
 2.36885e+23	8.21e-01	1.79e-01	1.84e-04	8.18e-07	0.00e+00	0.00e+00	0.00e+00	0.00e+00	0.00e+00	8.21e-01	3.69e-08	2.75e-08
 2.37118e+23	8.28e-01	1.72e-01	1.67e-04	7.70e-07	0.00e+00	0.00e+00	0.00e+00	0.00e+00	0.00e+00	8.28e-01	3.65e-08	2.72e-08
 2.37358e+23	8.35e-01	1.65e-01	1.51e-04	7.26e-07	0.00e+00	0.00e+00	0.00e+00	0.00e+00	0.00e+00	8.35e-01	3.62e-08	2.69e-08
 2.37606e+23	8.42e-01	1.58e-01	1.37e-04	6.84e-07	0.00e+00	0.00e+00	0.00e+00	0.00e+00	0.00e+00	8.42e-01	3.58e-08	2.66e-08
 2.37865e+23	8.48e-01	1.52e-01	1.24e-04	6.45e-07	0.00e+00	0.00e+00	0.00e+00	0.00e+00	0.00e+00	8.48e-01	3.55e-08	2.64e-08
 2.38133e+23	8.54e-01	1.46e-01	1.13e-04	6.08e-07	0.00e+00	0.00e+00	0.00e+00	0.00e+00	0.00e+00	8.54e-01	3.52e-08	2.61e-08
 2.38407e+23	8.60e-01	1.40e-01	1.03e-04	5.74e-07	0.00e+00	0.00e+00	0.00e+00	0.00e+00	0.00e+00	8.60e-01	3.48e-08	2.58e-08
 2.38687e+23	8.66e-01	1.34e-01	9.43e-05	5.43e-07	0.00e+00	0.00e+00	0.00e+00	0.00e+00	0.00e+00	8.66e-01	3.45e-08	2.55e-08
 2.38975e+23	8.71e-01	1.29e-01	8.66e-05	5.13e-07	0.00e+00	0.00e+00	0.00e+00	0.00e+00	0.00e+00	8.71e-01	3.42e-08	2.52e-08
 2.39274e+23	8.76e-01	1.24e-01	7.98e-05	4.85e-07	0.00e+00	0.00e+00	0.00e+00	0.00e+00	0.00e+00	8.76e-01	3.39e-08	2.48e-08
 2.39584e+23	8.81e-01	1.19e-01	7.39e-05	4.59e-07	0.00e+00	0.00e+00	0.00e+00	0.00e+00	0.00e+00	8.81e-01	3.36e-08	2.45e-08
 2.39903e+23	8.85e-01	1.15e-01	6.86e-05	4.35e-07	0.00e+00	0.00e+00	0.00e+00	0.00e+00	0.00e+00	8.85e-01	3.33e-08	2.42e-08
 2.40234e+23	8.89e-01	1.11e-01	6.40e-05	4.13e-07	0.00e+00	0.00e+00	0.00e+00	0.00e+00	0.00e+00	8.89e-01	3.31e-08	2.39e-08
 2.40579e+23	8.93e-01	1.07e-01	6.00e-05	3.91e-07	0.00e+00	0.00e+00	0.00e+00	0.00e+00	0.00e+00	8.93e-01	3.28e-08	2.36e-08
 2.40941e+23	8.97e-01	1.03e-01	5.63e-05	3.72e-07	0.00e+00	0.00e+00	0.00e+00	0.00e+00	0.00e+00	8.97e-01	3.27e-08	2.34e-08
 2.41319e+23	9.01e-01	9.91e-02	5.31e-05	3.53e-07	0.00e+00	0.00e+00	0.00e+00	0.00e+00	0.00e+00	9.01e-01	3.25e-08	2.31e-08
 2.41713e+23	9.04e-01	9.56e-02	5.03e-05	3.35e-07	0.00e+00	0.00e+00	0.00e+00	0.00e+00	0.00e+00	9.04e-01	3.23e-08	2.29e-08
 2.42130e+23	9.08e-01	9.22e-02	4.77e-05	3.17e-07	0.00e+00	0.00e+00	0.00e+00	0.00e+00	0.00e+00	9.08e-01	3.22e-08	2.26e-08
 2.42570e+23	9.11e-01	8.88e-02	4.54e-05	3.01e-07	0.00e+00	0.00e+00	0.00e+00	0.00e+00	0.00e+00	9.11e-01	3.20e-08	2.24e-08
 2.43031e+23	9.14e-01	8.55e-02	4.34e-05	2.85e-07	0.00e+00	0.00e+00	0.00e+00	0.00e+00	0.00e+00	9.14e-01	3.19e-08	2.22e-08
 2.43488e+23	9.17e-01	8.26e-02	4.17e-05	2.71e-07	0.00e+00	0.00e+00	0.00e+00	0.00e+00	0.00e+00	9.17e-01	3.18e-08	2.20e-08
 2.43927e+23	9.20e-01	8.01e-02	4.03e-05	2.59e-07	0.00e+00	0.00e+00	0.00e+00	0.00e+00	0.00e+00	9.20e-01	3.18e-08	2.19e-08
 2.44354e+23	9.22e-01	7.77e-02	3.91e-05	2.47e-07	0.00e+00	0.00e+00	0.00e+00	0.00e+00	0.00e+00	9.22e-01	3.18e-08	2.17e-08
 2.44770e+23	9.24e-01	7.56e-02	3.81e-05	2.37e-07	0.00e+00	0.00e+00	0.00e+00	0.00e+00	0.00e+00	9.24e-01	3.17e-08	2.16e-08
 2.45176e+23	9.26e-01	7.35e-02	3.71e-05	2.28e-07	0.00e+00	0.00e+00	0.00e+00	0.00e+00	0.00e+00	9.26e-01	3.17e-08	2.15e-08
 2.45568e+23	9.28e-01	7.15e-02	3.64e-05	2.19e-07	0.00e+00	0.00e+00	0.00e+00	0.00e+00	0.00e+00	9.28e-01	3.16e-08	2.13e-08
 2.45943e+23	9.30e-01	6.97e-02	3.57e-05	2.11e-07	0.00e+00	0.00e+00	0.00e+00	0.00e+00	0.00e+00	9.30e-01	3.16e-08	2.12e-08
 2.46293e+23	9.32e-01	6.81e-02	3.51e-05	2.04e-07	0.00e+00	0.00e+00	0.00e+00	0.00e+00	0.00e+00	9.32e-01	3.15e-08	2.11e-08
 2.46632e+23	9.33e-01	6.65e-02	3.45e-05	1.97e-07	0.00e+00	0.00e+00	0.00e+00	0.00e+00	0.00e+00	9.33e-01	3.15e-08	2.10e-08
 2.46972e+23	9.35e-01	6.49e-02	3.40e-05	1.90e-07	0.00e+00	0.00e+00	0.00e+00	0.00e+00	0.00e+00	9.35e-01	3.15e-08	2.09e-08
 2.47302e+23	9.37e-01	6.34e-02	3.36e-05	1.84e-07	0.00e+00	0.00e+00	0.00e+00	0.00e+00	0.00e+00	9.37e-01	3.15e-08	2.08e-08
 2.47620e+23	9.38e-01	6.20e-02	3.31e-05	1.78e-07	0.00e+00	0.00e+00	0.00e+00	0.00e+00	0.00e+00	9.38e-01	3.14e-08	2.07e-08
 2.47926e+23	9.39e-01	6.06e-02	3.28e-05	1.73e-07	0.00e+00	0.00e+00	0.00e+00	0.00e+00	0.00e+00	9.39e-01	3.14e-08	2.06e-08
 2.48223e+23	9.41e-01	5.93e-02	3.24e-05	1.67e-07	0.00e+00	0.00e+00	0.00e+00	0.00e+00	0.00e+00	9.41e-01	3.14e-08	2.06e-08
 2.48509e+23	9.42e-01	5.80e-02	3.21e-05	1.62e-07	0.00e+00	0.00e+00	0.00e+00	0.00e+00	0.00e+00	9.42e-01	3.13e-08	2.05e-08
 2.48786e+23	9.43e-01	5.68e-02	3.18e-05	1.58e-07	0.00e+00	0.00e+00	0.00e+00	0.00e+00	0.00e+00	9.43e-01	3.13e-08	2.04e-08
 2.49053e+23	9.44e-01	5.57e-02	3.15e-05	1.53e-07	0.00e+00	0.00e+00	0.00e+00	0.00e+00	0.00e+00	9.44e-01	3.13e-08	2.03e-08
 2.49310e+23	9.45e-01	5.45e-02	3.13e-05	1.49e-07	0.00e+00	0.00e+00	0.00e+00	0.00e+00	0.00e+00	9.45e-01	3.13e-08	2.02e-08
 2.49559e+23	9.47e-01	5.34e-02	3.10e-05	1.45e-07	0.00e+00	0.00e+00	0.00e+00	0.00e+00	0.00e+00	9.47e-01	3.12e-08	2.02e-08
 2.49795e+23	9.48e-01	5.24e-02	3.08e-05	1.42e-07	0.00e+00	0.00e+00	0.00e+00	0.00e+00	0.00e+00	9.48e-01	3.12e-08	2.01e-08
 2.50026e+23	9.49e-01	5.14e-02	3.06e-05	1.38e-07	0.00e+00	0.00e+00	0.00e+00	0.00e+00	0.00e+00	9.49e-01	3.12e-08	2.00e-08
 2.50250e+23	9.50e-01	5.04e-02	3.04e-05	1.35e-07	0.00e+00	0.00e+00	0.00e+00	0.00e+00	0.00e+00	9.50e-01	3.11e-08	1.99e-08
 2.50455e+23	9.50e-01	4.95e-02	3.02e-05	1.32e-07	0.00e+00	0.00e+00	0.00e+00	0.00e+00	0.00e+00	9.50e-01	3.11e-08	1.99e-08
 2.50642e+23	9.51e-01	4.87e-02	3.01e-05	1.29e-07	0.00e+00	0.00e+00	0.00e+00	0.00e+00	0.00e+00	9.51e-01	3.10e-08	1.98e-08
 2.50812e+23	9.52e-01	4.80e-02	3.00e-05	1.27e-07	0.00e+00	0.00e+00	0.00e+00	0.00e+00	0.00e+00	9.52e-01	3.10e-08	1.97e-08
 2.50966e+23	9.53e-01	4.74e-02	2.98e-05	1.25e-07	0.00e+00	0.00e+00	0.00e+00	0.00e+00	0.00e+00	9.53e-01	3.09e-08	1.97e-08
 2.51107e+23	9.53e-01	4.68e-02	2.97e-05	0.00e+00	0.00e+00	0.00e+00	0.00e+00	0.00e+00	0.00e+00	9.53e-01	3.09e-08	1.96e-08
 2.51235e+23	9.54e-01	4.62e-02	2.96e-05	0.00e+00	0.00e+00	0.00e+00	0.00e+00	0.00e+00	0.00e+00	9.54e-01	3.09e-08	1.96e-08
 2.51351e+23	9.54e-01	4.58e-02	2.95e-05	0.00e+00	0.00e+00	0.00e+00	0.00e+00	0.00e+00	0.00e+00	9.54e-01	3.08e-08	1.95e-08
 2.51479e+23	9.55e-01	4.51e-02	2.94e-05	0.00e+00	0.00e+00	0.00e+00	0.00e+00	0.00e+00	0.00e+00	9.55e-01	3.07e-08	1.95e-08
 2.51617e+23	9.56e-01	4.45e-02	2.93e-05	0.00e+00	0.00e+00	0.00e+00	0.00e+00	0.00e+00	0.00e+00	9.56e-01	3.05e-08	1.94e-08
 2.51742e+23	9.56e-01	4.39e-02	2.91e-05	0.00e+00	0.00e+00	0.00e+00	0.00e+00	0.00e+00	0.00e+00	9.56e-01	3.04e-08	1.93e-08
 2.51880e+23	9.57e-01	4.33e-02	2.90e-05	0.00e+00	0.00e+00	0.00e+00	0.00e+00	0.00e+00	0.00e+00	9.57e-01	3.03e-08	1.93e-08
 2.52028e+23	9.57e-01	4.25e-02	2.88e-05	0.00e+00	0.00e+00	0.00e+00	0.00e+00	0.00e+00	0.00e+00	9.57e-01	3.02e-08	1.92e-08
 2.52163e+23	9.58e-01	4.20e-02	2.87e-05	0.00e+00	0.00e+00	0.00e+00	0.00e+00	0.00e+00	0.00e+00	9.58e-01	3.00e-08	1.92e-08
 2.52286e+23	9.58e-01	4.15e-02	2.85e-05	0.00e+00	0.00e+00	0.00e+00	0.00e+00	0.00e+00	0.00e+00	9.58e-01	3.00e-08	1.91e-08
 2.52420e+23	9.59e-01	4.09e-02	2.84e-05	0.00e+00	0.00e+00	0.00e+00	0.00e+00	0.00e+00	0.00e+00	9.59e-01	2.98e-08	1.91e-08
 2.52566e+23	9.60e-01	4.02e-02	2.82e-05	0.00e+00	0.00e+00	0.00e+00	0.00e+00	0.00e+00	0.00e+00	9.60e-01	2.97e-08	1.90e-08
 2.52698e+23	9.60e-01	3.97e-02	2.80e-05	0.00e+00	0.00e+00	0.00e+00	0.00e+00	0.00e+00	0.00e+00	9.60e-01	2.97e-08	1.90e-08
 2.52843e+23	9.61e-01	3.92e-02	2.78e-05	0.00e+00	0.00e+00	0.00e+00	0.00e+00	0.00e+00	0.00e+00	9.61e-01	2.96e-08	1.89e-08
 2.52999e+23	9.61e-01	3.85e-02	2.76e-05	0.00e+00	0.00e+00	0.00e+00	0.00e+00	0.00e+00	0.00e+00	9.61e-01	2.95e-08	1.89e-08
 2.53141e+23	9.62e-01	3.79e-02	2.75e-05	0.00e+00	0.00e+00	0.00e+00	0.00e+00	0.00e+00	0.00e+00	9.62e-01	2.94e-08	1.88e-08
 2.53271e+23	9.62e-01	3.77e-02	2.73e-05	0.00e+00	0.00e+00	0.00e+00	0.00e+00	0.00e+00	0.00e+00	9.62e-01	2.94e-08	1.88e-08
 2.53413e+23	9.63e-01	3.71e-02	2.71e-05	0.00e+00	0.00e+00	0.00e+00	0.00e+00	0.00e+00	0.00e+00	9.63e-01	2.93e-08	1.88e-08
 2.53566e+23	9.64e-01	3.65e-02	2.69e-05	0.00e+00	0.00e+00	0.00e+00	0.00e+00	0.00e+00	0.00e+00	9.64e-01	2.93e-08	1.88e-08
 2.53706e+23	9.64e-01	3.60e-02	2.67e-05	0.00e+00	0.00e+00	0.00e+00	0.00e+00	0.00e+00	0.00e+00	9.64e-01	2.92e-08	1.87e-08
 2.53858e+23	9.64e-01	3.55e-02	2.64e-05	0.00e+00	0.00e+00	0.00e+00	0.00e+00	0.00e+00	0.00e+00	9.64e-01	2.92e-08	1.87e-08
 2.54023e+23	9.65e-01	3.48e-02	2.62e-05	0.00e+00	0.00e+00	0.00e+00	0.00e+00	0.00e+00	0.00e+00	9.65e-01	2.91e-08	1.86e-08
 2.54173e+23	9.66e-01	3.44e-02	2.60e-05	0.00e+00	0.00e+00	0.00e+00	0.00e+00	0.00e+00	0.00e+00	9.66e-01	2.91e-08	1.86e-08
 2.54338e+23	9.66e-01	3.38e-02	2.57e-05	0.00e+00	0.00e+00	0.00e+00	0.00e+00	0.00e+00	0.00e+00	9.66e-01	2.90e-08	1.86e-08
 2.54516e+23	9.67e-01	3.31e-02	2.55e-05	0.00e+00	0.00e+00	0.00e+00	0.00e+00	0.00e+00	0.00e+00	9.67e-01	2.89e-08	1.85e-08
 2.54677e+23	9.67e-01	3.26e-02	2.52e-05	0.00e+00	0.00e+00	0.00e+00	0.00e+00	0.00e+00	0.00e+00	9.67e-01	2.89e-08	1.85e-08
 2.54824e+23	9.68e-01	3.22e-02	2.49e-05	0.00e+00	0.00e+00	0.00e+00	0.00e+00	0.00e+00	0.00e+00	9.68e-01	2.88e-08	1.84e-08
 2.54958e+23	9.68e-01	3.18e-02	2.47e-05	0.00e+00	0.00e+00	0.00e+00	0.00e+00	0.00e+00	0.00e+00	9.68e-01	2.88e-08	1.84e-08
 2.55080e+23	9.69e-01	3.14e-02	2.45e-05	0.00e+00	0.00e+00	0.00e+00	0.00e+00	0.00e+00	0.00e+00	9.69e-01	2.87e-08	1.83e-08
 2.55213e+23	9.69e-01	3.09e-02	2.43e-05	0.00e+00	0.00e+00	0.00e+00	0.00e+00	0.00e+00	0.00e+00	9.69e-01	2.87e-08	1.83e-08
 2.55357e+23	9.70e-01	3.04e-02	2.40e-05	0.00e+00	0.00e+00	0.00e+00	0.00e+00	0.00e+00	0.00e+00	9.70e-01	2.86e-08	1.82e-08
 2.55488e+23	9.70e-01	3.00e-02	2.38e-05	0.00e+00	0.00e+00	0.00e+00	0.00e+00	0.00e+00	0.00e+00	9.70e-01	2.85e-08	1.82e-08
 2.55632e+23	9.70e-01	2.96e-02	2.35e-05	0.00e+00	0.00e+00	0.00e+00	0.00e+00	0.00e+00	0.00e+00	9.70e-01	2.85e-08	1.81e-08
 2.55787e+23	9.71e-01	2.90e-02	2.33e-05	0.00e+00	0.00e+00	0.00e+00	0.00e+00	0.00e+00	0.00e+00	9.71e-01	2.84e-08	1.81e-08
 2.55928e+23	9.71e-01	2.86e-02	2.31e-05	0.00e+00	0.00e+00	0.00e+00	0.00e+00	0.00e+00	0.00e+00	9.71e-01	2.84e-08	1.80e-08
 2.56057e+23	9.72e-01	2.83e-02	2.29e-05	0.00e+00	0.00e+00	0.00e+00	0.00e+00	0.00e+00	0.00e+00	9.72e-01	2.83e-08	1.80e-08
 2.56174e+23	9.72e-01	2.80e-02	2.27e-05	0.00e+00	0.00e+00	0.00e+00	0.00e+00	0.00e+00	0.00e+00	9.72e-01	2.83e-08	1.79e-08
 2.56302e+23	9.72e-01	2.76e-02	2.25e-05	0.00e+00	0.00e+00	0.00e+00	0.00e+00	0.00e+00	0.00e+00	9.72e-01	2.82e-08	1.79e-08
 2.56468e+23	9.73e-01	2.70e-02	2.22e-05	0.00e+00	0.00e+00	0.00e+00	0.00e+00	0.00e+00	0.00e+00	9.73e-01	2.82e-08	1.78e-08
 2.56648e+23	9.74e-01	2.64e-02	2.20e-05	0.00e+00	0.00e+00	0.00e+00	0.00e+00	0.00e+00	0.00e+00	9.74e-01	2.81e-08	1.78e-08
 2.56811e+23	9.74e-01	2.60e-02	2.17e-05	0.00e+00	0.00e+00	0.00e+00	0.00e+00	0.00e+00	0.00e+00	9.74e-01	2.80e-08	1.77e-08
 2.56960e+23	9.74e-01	2.56e-02	2.16e-05	0.00e+00	0.00e+00	0.00e+00	0.00e+00	0.00e+00	0.00e+00	9.74e-01	2.80e-08	1.76e-08
 2.57096e+23	9.75e-01	2.53e-02	2.14e-05	0.00e+00	0.00e+00	0.00e+00	0.00e+00	0.00e+00	0.00e+00	9.75e-01	2.80e-08	1.76e-08
 2.57244e+23	9.75e-01	2.49e-02	2.12e-05	0.00e+00	0.00e+00	0.00e+00	0.00e+00	0.00e+00	0.00e+00	9.75e-01	2.77e-08	1.74e-08
 2.57404e+23	9.75e-01	2.45e-02	2.10e-05	0.00e+00	0.00e+00	0.00e+00	0.00e+00	0.00e+00	0.00e+00	9.75e-01	2.75e-08	1.73e-08
 2.57550e+23	9.76e-01	2.41e-02	2.08e-05	0.00e+00	0.00e+00	0.00e+00	0.00e+00	0.00e+00	0.00e+00	9.76e-01	2.72e-08	1.71e-08
 2.57683e+23	9.76e-01	2.39e-02	2.06e-05	0.00e+00	0.00e+00	0.00e+00	0.00e+00	0.00e+00	0.00e+00	9.76e-01	2.71e-08	1.71e-08
 2.57828e+23	9.76e-01	2.36e-02	2.04e-05	0.00e+00	0.00e+00	0.00e+00	0.00e+00	0.00e+00	0.00e+00	9.76e-01	2.69e-08	1.70e-08
 2.57985e+23	9.77e-01	2.32e-02	2.02e-05	0.00e+00	0.00e+00	0.00e+00	0.00e+00	0.00e+00	0.00e+00	9.77e-01	2.67e-08	1.68e-08
 2.58128e+23	9.77e-01	2.29e-02	2.01e-05	0.00e+00	0.00e+00	0.00e+00	0.00e+00	0.00e+00	0.00e+00	9.77e-01	2.66e-08	1.67e-08
 2.58285e+23	9.77e-01	2.26e-02	1.99e-05	0.00e+00	0.00e+00	0.00e+00	0.00e+00	0.00e+00	0.00e+00	9.77e-01	2.63e-08	1.65e-08
 2.58454e+23	9.78e-01	2.22e-02	1.97e-05	0.00e+00	0.00e+00	0.00e+00	0.00e+00	0.00e+00	0.00e+00	9.78e-01	2.61e-08	1.63e-08
 2.58607e+23	9.78e-01	2.18e-02	1.95e-05	0.00e+00	0.00e+00	0.00e+00	0.00e+00	0.00e+00	0.00e+00	9.78e-01	2.59e-08	1.61e-08
 2.58747e+23	9.78e-01	2.16e-02	1.94e-05	0.00e+00	0.00e+00	0.00e+00	0.00e+00	0.00e+00	0.00e+00	9.78e-01	2.58e-08	1.60e-08
 2.58901e+23	9.79e-01	2.13e-02	1.92e-05	0.00e+00	0.00e+00	0.00e+00	0.00e+00	0.00e+00	0.00e+00	9.79e-01	2.56e-08	1.59e-08
 2.59066e+23	9.79e-01	2.09e-02	1.90e-05	0.00e+00	0.00e+00	0.00e+00	0.00e+00	0.00e+00	0.00e+00	9.79e-01	2.54e-08	1.57e-08
 2.59217e+23	9.79e-01	2.07e-02	1.89e-05	0.00e+00	0.00e+00	0.00e+00	0.00e+00	0.00e+00	0.00e+00	9.79e-01	2.53e-08	1.56e-08
 2.59382e+23	9.80e-01	2.03e-02	1.87e-05	0.00e+00	0.00e+00	0.00e+00	0.00e+00	0.00e+00	0.00e+00	9.80e-01	2.50e-08	1.54e-08
 2.59560e+23	9.80e-01	1.99e-02	1.85e-05	0.00e+00	0.00e+00	0.00e+00	0.00e+00	0.00e+00	0.00e+00	9.80e-01	2.48e-08	1.52e-08
 2.59722e+23	9.80e-01	1.96e-02	1.83e-05	0.00e+00	0.00e+00	0.00e+00	0.00e+00	0.00e+00	0.00e+00	9.80e-01	2.46e-08	1.51e-08
 2.59870e+23	9.81e-01	1.94e-02	1.82e-05	0.00e+00	0.00e+00	0.00e+00	0.00e+00	0.00e+00	0.00e+00	9.81e-01	2.45e-08	1.50e-08
 2.60031e+23	9.81e-01	1.91e-02	1.80e-05	0.00e+00	0.00e+00	0.00e+00	0.00e+00	0.00e+00	0.00e+00	9.81e-01	2.43e-08	1.48e-08
 2.60206e+23	9.81e-01	1.88e-02	1.78e-05	0.00e+00	0.00e+00	0.00e+00	0.00e+00	0.00e+00	0.00e+00	9.81e-01	2.41e-08	1.46e-08
 2.60365e+23	9.81e-01	1.86e-02	1.77e-05	0.00e+00	0.00e+00	0.00e+00	0.00e+00	0.00e+00	0.00e+00	9.81e-01	2.39e-08	1.45e-08
 2.60539e+23	9.82e-01	1.82e-02	1.75e-05	0.00e+00	0.00e+00	0.00e+00	0.00e+00	0.00e+00	0.00e+00	9.82e-01	2.37e-08	1.43e-08
 2.60727e+23	9.82e-01	1.79e-02	1.74e-05	0.00e+00	0.00e+00	0.00e+00	0.00e+00	0.00e+00	0.00e+00	9.82e-01	2.34e-08	1.41e-08
 2.60898e+23	9.82e-01	1.77e-02	1.72e-05	0.00e+00	0.00e+00	0.00e+00	0.00e+00	0.00e+00	0.00e+00	9.82e-01	2.33e-08	1.40e-08
 2.61085e+23	9.83e-01	1.73e-02	1.70e-05	0.00e+00	0.00e+00	0.00e+00	0.00e+00	0.00e+00	0.00e+00	9.83e-01	2.30e-08	1.38e-08
 2.61288e+23	9.83e-01	1.70e-02	1.68e-05	0.00e+00	0.00e+00	0.00e+00	0.00e+00	0.00e+00	0.00e+00	9.83e-01	2.27e-08	1.36e-08
 2.61472e+23	9.83e-01	1.67e-02	1.67e-05	0.00e+00	0.00e+00	0.00e+00	0.00e+00	0.00e+00	0.00e+00	9.83e-01	2.26e-08	1.35e-08
 2.61674e+23	9.84e-01	1.64e-02	1.65e-05	0.00e+00	0.00e+00	0.00e+00	0.00e+00	0.00e+00	0.00e+00	9.84e-01	2.23e-08	1.32e-08
 2.61891e+23	9.84e-01	1.60e-02	1.63e-05	0.00e+00	0.00e+00	0.00e+00	0.00e+00	0.00e+00	0.00e+00	9.84e-01	2.20e-08	1.30e-08
 2.62090e+23	9.84e-01	1.58e-02	1.62e-05	0.00e+00	0.00e+00	0.00e+00	0.00e+00	0.00e+00	0.00e+00	9.84e-01	2.18e-08	1.29e-08
 2.62307e+23	9.85e-01	1.55e-02	1.60e-05	0.00e+00	0.00e+00	0.00e+00	0.00e+00	0.00e+00	0.00e+00	9.85e-01	2.15e-08	1.26e-08
 2.62541e+23	9.85e-01	1.51e-02	1.58e-05	0.00e+00	0.00e+00	0.00e+00	0.00e+00	0.00e+00	0.00e+00	9.85e-01	2.13e-08	1.24e-08
 2.62755e+23	9.85e-01	1.48e-02	1.56e-05	0.00e+00	0.00e+00	0.00e+00	0.00e+00	0.00e+00	0.00e+00	9.85e-01	2.10e-08	1.22e-08
 2.62949e+23	9.85e-01	1.46e-02	1.55e-05	0.00e+00	0.00e+00	0.00e+00	0.00e+00	0.00e+00	0.00e+00	9.85e-01	2.09e-08	1.21e-08
 2.63162e+23	9.86e-01	1.43e-02	1.53e-05	0.00e+00	0.00e+00	0.00e+00	0.00e+00	0.00e+00	0.00e+00	9.86e-01	2.06e-08	1.18e-08
 2.63391e+23	9.86e-01	1.40e-02	1.51e-05	0.00e+00	0.00e+00	0.00e+00	0.00e+00	0.00e+00	0.00e+00	9.86e-01	2.03e-08	1.16e-08
 2.63600e+23	9.86e-01	1.38e-02	1.50e-05	0.00e+00	0.00e+00	0.00e+00	0.00e+00	0.00e+00	0.00e+00	9.86e-01	2.02e-08	1.16e-08
 2.63829e+23	9.86e-01	1.35e-02	1.48e-05	0.00e+00	0.00e+00	0.00e+00	0.00e+00	0.00e+00	0.00e+00	9.86e-01	1.99e-08	1.14e-08
 2.64077e+23	9.87e-01	1.32e-02	1.47e-05	0.00e+00	0.00e+00	0.00e+00	0.00e+00	0.00e+00	0.00e+00	9.87e-01	1.96e-08	1.11e-08
 2.64302e+23	9.87e-01	1.30e-02	1.45e-05	0.00e+00	0.00e+00	0.00e+00	0.00e+00	0.00e+00	0.00e+00	9.87e-01	1.95e-08	1.11e-08
 2.64548e+23	9.87e-01	1.27e-02	1.43e-05	0.00e+00	0.00e+00	0.00e+00	0.00e+00	0.00e+00	0.00e+00	9.87e-01	1.93e-08	1.08e-08
 2.64814e+23	9.88e-01	1.23e-02	1.42e-05	0.00e+00	0.00e+00	0.00e+00	0.00e+00	0.00e+00	0.00e+00	9.88e-01	1.89e-08	1.06e-08
 2.65057e+23	9.88e-01	1.22e-02	1.40e-05	0.00e+00	0.00e+00	0.00e+00	0.00e+00	0.00e+00	0.00e+00	9.88e-01	1.89e-08	1.05e-08
 2.65322e+23	9.88e-01	1.19e-02	1.38e-05	0.00e+00	0.00e+00	0.00e+00	0.00e+00	0.00e+00	0.00e+00	9.88e-01	1.86e-08	1.02e-08
 2.65609e+23	9.88e-01	1.16e-02	1.36e-05	0.00e+00	0.00e+00	0.00e+00	0.00e+00	0.00e+00	0.00e+00	9.88e-01	1.84e-08	1.00e-08
 2.65870e+23	9.89e-01	1.13e-02	1.35e-05	0.00e+00	0.00e+00	0.00e+00	0.00e+00	0.00e+00	0.00e+00	9.89e-01	1.82e-08	9.86e-09
 2.66107e+23	9.89e-01	1.11e-02	1.34e-05	0.00e+00	0.00e+00	0.00e+00	0.00e+00	0.00e+00	0.00e+00	9.89e-01	1.80e-08	9.72e-09
 2.66367e+23	9.89e-01	1.09e-02	1.32e-05	0.00e+00	0.00e+00	0.00e+00	0.00e+00	0.00e+00	0.00e+00	9.89e-01	1.77e-08	9.51e-09
 2.66648e+23	9.89e-01	1.06e-02	1.30e-05	0.00e+00	0.00e+00	0.00e+00	0.00e+00	0.00e+00	0.00e+00	9.89e-01	1.74e-08	9.29e-09
 2.66903e+23	9.90e-01	1.04e-02	1.29e-05	0.00e+00	0.00e+00	0.00e+00	0.00e+00	0.00e+00	0.00e+00	9.90e-01	1.73e-08	9.18e-09
 2.67183e+23	9.90e-01	1.02e-02	1.27e-05	0.00e+00	0.00e+00	0.00e+00	0.00e+00	0.00e+00	0.00e+00	9.90e-01	1.70e-08	8.99e-09
 2.67485e+23	9.90e-01	9.89e-03	1.25e-05	0.00e+00	0.00e+00	0.00e+00	0.00e+00	0.00e+00	0.00e+00	9.90e-01	1.67e-08	8.77e-09
 2.67760e+23	9.90e-01	9.71e-03	1.24e-05	0.00e+00	0.00e+00	0.00e+00	0.00e+00	0.00e+00	0.00e+00	9.90e-01	1.66e-08	8.65e-09
 2.68062e+23	9.91e-01	9.46e-03	1.22e-05	0.00e+00	0.00e+00	0.00e+00	0.00e+00	0.00e+00	0.00e+00	9.91e-01	1.63e-08	8.45e-09
 2.68387e+23	9.91e-01	9.19e-03	1.21e-05	0.00e+00	0.00e+00	0.00e+00	0.00e+00	0.00e+00	0.00e+00	9.91e-01	1.60e-08	8.24e-09
 2.68683e+23	9.91e-01	9.01e-03	1.19e-05	0.00e+00	0.00e+00	0.00e+00	0.00e+00	0.00e+00	0.00e+00	9.91e-01	1.59e-08	8.12e-09
 2.69008e+23	9.91e-01	8.75e-03	1.17e-05	0.00e+00	0.00e+00	0.00e+00	0.00e+00	0.00e+00	0.00e+00	9.91e-01	1.56e-08	7.92e-09
 2.69358e+23	9.91e-01	8.52e-03	1.16e-05	0.00e+00	0.00e+00	0.00e+00	0.00e+00	0.00e+00	0.00e+00	9.91e-01	1.54e-08	7.76e-09
 2.69677e+23	9.92e-01	8.32e-03	1.14e-05	0.00e+00	0.00e+00	0.00e+00	0.00e+00	0.00e+00	0.00e+00	9.92e-01	1.52e-08	7.60e-09
 2.69967e+23	9.92e-01	8.15e-03	1.13e-05	0.00e+00	0.00e+00	0.00e+00	0.00e+00	0.00e+00	0.00e+00	9.92e-01	1.50e-08	7.46e-09
 2.70284e+23	9.92e-01	7.92e-03	1.11e-05	0.00e+00	0.00e+00	0.00e+00	0.00e+00	0.00e+00	0.00e+00	9.92e-01	1.48e-08	7.28e-09
 2.70628e+23	9.92e-01	7.70e-03	1.10e-05	0.00e+00	0.00e+00	0.00e+00	0.00e+00	0.00e+00	0.00e+00	9.92e-01	1.45e-08	7.09e-09
 2.70940e+23	9.92e-01	7.54e-03	1.08e-05	0.00e+00	0.00e+00	0.00e+00	0.00e+00	0.00e+00	0.00e+00	9.92e-01	1.44e-08	6.99e-09
 2.71282e+23	9.93e-01	7.33e-03	1.07e-05	0.00e+00	0.00e+00	0.00e+00	0.00e+00	0.00e+00	0.00e+00	9.93e-01	1.42e-08	6.82e-09
 2.71651e+23	9.93e-01	7.13e-03	1.05e-05	0.00e+00	0.00e+00	0.00e+00	0.00e+00	0.00e+00	0.00e+00	9.93e-01	1.40e-08	6.66e-09
 2.71988e+23	9.93e-01	6.94e-03	1.04e-05	0.00e+00	0.00e+00	0.00e+00	0.00e+00	0.00e+00	0.00e+00	9.93e-01	1.38e-08	6.51e-09
 2.72293e+23	9.93e-01	6.80e-03	1.02e-05	0.00e+00	0.00e+00	0.00e+00	0.00e+00	0.00e+00	0.00e+00	9.93e-01	1.37e-08	6.39e-09
 2.72629e+23	9.93e-01	6.61e-03	1.01e-05	0.00e+00	0.00e+00	0.00e+00	0.00e+00	0.00e+00	0.00e+00	9.93e-01	1.35e-08	6.23e-09
 2.72990e+23	9.94e-01	6.43e-03	9.95e-06	0.00e+00	0.00e+00	0.00e+00	0.00e+00	0.00e+00	0.00e+00	9.94e-01	1.33e-08	6.08e-09
 2.73320e+23	9.94e-01	6.28e-03	9.83e-06	0.00e+00	0.00e+00	0.00e+00	0.00e+00	0.00e+00	0.00e+00	9.94e-01	1.31e-08	5.95e-09
 2.73681e+23	9.94e-01	6.10e-03	9.67e-06	0.00e+00	0.00e+00	0.00e+00	0.00e+00	0.00e+00	0.00e+00	9.94e-01	1.29e-08	5.79e-09
 2.74070e+23	9.94e-01	5.93e-03	9.53e-06	0.00e+00	0.00e+00	0.00e+00	0.00e+00	0.00e+00	0.00e+00	9.94e-01	1.27e-08	5.63e-09
