#depth	N	N+	N+2	N+3	N+4	N+5	N+6	N+7
 1.54284e+22	2.11e-11	3.85e-07	1.93e-04	6.75e-03	2.99e-02	5.02e-01	3.94e-01	6.73e-02
 3.44715e+22	4.58e-11	8.33e-07	4.20e-04	1.32e-02	5.00e-02	5.80e-01	3.18e-01	3.81e-02
 3.98936e+22	6.68e-11	1.21e-06	6.06e-04	1.77e-02	6.22e-02	6.09e-01	2.82e-01	2.86e-02
 4.26046e+22	8.08e-11	1.45e-06	7.27e-04	2.04e-02	6.90e-02	6.21e-01	2.64e-01	2.47e-02
 4.39431e+22	8.88e-11	1.59e-06	7.94e-04	2.19e-02	7.24e-02	6.26e-01	2.56e-01	2.30e-02
 4.49434e+22	1.00e-10	1.79e-06	8.88e-04	2.38e-02	7.69e-02	6.32e-01	2.45e-01	2.09e-02
 4.60087e+22	1.11e-10	1.98e-06	9.80e-04	2.56e-02	8.11e-02	6.37e-01	2.36e-01	1.93e-02
 4.71586e+22	1.28e-10	2.26e-06	1.11e-03	2.81e-02	8.66e-02	6.42e-01	2.25e-01	1.74e-02
 4.83439e+22	1.43e-10	2.51e-06	1.24e-03	3.04e-02	9.16e-02	6.46e-01	2.15e-01	1.58e-02
 4.94003e+22	1.61e-10	2.81e-06	1.37e-03	3.28e-02	9.63e-02	6.48e-01	2.07e-01	1.45e-02
 5.05986e+22	1.86e-10	3.22e-06	1.56e-03	3.60e-02	1.03e-01	6.51e-01	1.95e-01	1.29e-02
 5.18163e+22	2.10e-10	3.62e-06	1.74e-03	3.88e-02	1.08e-01	6.53e-01	1.87e-01	1.18e-02
 5.30589e+22	2.46e-10	4.19e-06	1.99e-03	4.26e-02	1.15e-01	6.54e-01	1.76e-01	1.05e-02
 5.43214e+22	2.74e-10	4.71e-06	2.22e-03	4.60e-02	1.21e-01	6.54e-01	1.68e-01	9.49e-03
 5.56096e+22	3.23e-10	5.48e-06	2.56e-03	5.05e-02	1.29e-01	6.53e-01	1.57e-01	8.35e-03
 5.68676e+22	3.68e-10	6.16e-06	2.84e-03	5.41e-02	1.34e-01	6.51e-01	1.50e-01	7.62e-03
 5.80862e+22	4.27e-10	7.09e-06	3.23e-03	5.91e-02	1.42e-01	6.49e-01	1.40e-01	6.73e-03
 5.93444e+22	4.93e-10	8.05e-06	3.61e-03	6.35e-02	1.48e-01	6.45e-01	1.33e-01	6.09e-03
 6.04131e+22	5.53e-10	8.94e-06	3.97e-03	6.75e-02	1.54e-01	6.42e-01	1.27e-01	5.56e-03
 6.15614e+22	6.43e-10	1.02e-05	4.47e-03	7.29e-02	1.61e-01	6.37e-01	1.19e-01	4.95e-03
 6.27278e+22	7.29e-10	1.15e-05	4.94e-03	7.77e-02	1.67e-01	6.32e-01	1.13e-01	4.49e-03
 6.37560e+22	8.24e-10	1.28e-05	5.44e-03	8.26e-02	1.73e-01	6.27e-01	1.07e-01	4.08e-03
 6.49311e+22	9.65e-10	1.47e-05	6.14e-03	8.90e-02	1.81e-01	6.20e-01	1.01e-01	3.62e-03
 6.61550e+22	1.13e-09	1.66e-05	6.83e-03	9.51e-02	1.88e-01	6.13e-01	9.45e-02	3.24e-03
 6.72517e+22	1.26e-09	1.86e-05	7.54e-03	1.01e-01	1.94e-01	6.05e-01	8.92e-02	2.92e-03
 6.84868e+22	1.52e-09	2.16e-05	8.53e-03	1.09e-01	2.02e-01	5.95e-01	8.29e-02	2.57e-03
 6.97768e+22	1.73e-09	2.45e-05	9.53e-03	1.16e-01	2.09e-01	5.85e-01	7.73e-02	2.27e-03
 7.09390e+22	1.99e-09	2.77e-05	1.06e-02	1.24e-01	2.16e-01	5.76e-01	7.25e-02	2.03e-03
 7.22508e+22	2.39e-09	3.24e-05	1.20e-02	1.33e-01	2.24e-01	5.63e-01	6.67e-02	1.76e-03
 7.36069e+22	2.78e-09	3.70e-05	1.34e-02	1.42e-01	2.31e-01	5.50e-01	6.17e-02	1.55e-03
 7.48158e+22	3.24e-09	4.20e-05	1.49e-02	1.51e-01	2.37e-01	5.38e-01	5.75e-02	1.37e-03
 7.61826e+22	3.92e-09	4.93e-05	1.69e-02	1.62e-01	2.45e-01	5.22e-01	5.24e-02	1.17e-03
 7.76035e+22	4.63e-09	5.68e-05	1.90e-02	1.73e-01	2.51e-01	5.07e-01	4.81e-02	1.02e-03
 7.88816e+22	5.42e-09	6.49e-05	2.11e-02	1.83e-01	2.57e-01	4.93e-01	4.43e-02	8.91e-04
 8.03299e+22	6.65e-09	7.69e-05	2.41e-02	1.97e-01	2.64e-01	4.74e-01	3.97e-02	7.48e-04
 8.18246e+22	7.91e-09	8.88e-05	2.70e-02	2.09e-01	2.70e-01	4.57e-01	3.62e-02	6.42e-04
 8.31724e+22	9.38e-09	1.02e-04	3.01e-02	2.21e-01	2.75e-01	4.40e-01	3.29e-02	5.53e-04
 8.47176e+22	1.17e-08	1.22e-04	3.45e-02	2.37e-01	2.80e-01	4.18e-01	2.91e-02	4.54e-04
 8.62825e+22	1.39e-08	1.41e-04	3.85e-02	2.51e-01	2.84e-01	4.00e-01	2.61e-02	3.84e-04
 8.76653e+22	1.66e-08	1.63e-04	4.28e-02	2.64e-01	2.87e-01	3.82e-01	2.35e-02	3.27e-04
 8.92552e+22	2.09e-08	1.95e-04	4.89e-02	2.81e-01	2.90e-01	3.59e-01	2.05e-02	2.64e-04
 9.08641e+22	2.50e-08	2.25e-04	5.44e-02	2.95e-01	2.92e-01	3.40e-01	1.82e-02	2.21e-04
 9.24976e+22	3.16e-08	2.70e-04	6.19e-02	3.13e-01	2.93e-01	3.17e-01	1.57e-02	1.77e-04
 9.41650e+22	3.83e-08	3.14e-04	6.88e-02	3.27e-01	2.92e-01	2.97e-01	1.38e-02	1.46e-04
 9.56502e+22	4.62e-08	3.64e-04	7.62e-02	3.41e-01	2.91e-01	2.79e-01	1.21e-02	1.20e-04
 9.73545e+22	5.90e-08	4.38e-04	8.64e-02	3.59e-01	2.89e-01	2.55e-01	1.02e-02	9.34e-05
 9.90862e+22	7.19e-08	5.09e-04	9.55e-02	3.73e-01	2.85e-01	2.37e-01	8.87e-03	7.58e-05
 1.00854e+23	9.25e-08	6.16e-04	1.08e-01	3.90e-01	2.80e-01	2.14e-01	7.35e-03	5.77e-05
 1.02638e+23	1.13e-07	7.14e-04	1.19e-01	4.02e-01	2.75e-01	1.97e-01	6.31e-03	4.63e-05
 1.04191e+23	1.37e-07	8.24e-04	1.30e-01	4.13e-01	2.69e-01	1.81e-01	5.42e-03	3.72e-05
 1.05643e+23	1.63e-07	9.35e-04	1.41e-01	4.23e-01	2.63e-01	1.68e-01	4.72e-03	3.05e-05
 1.07221e+23	2.03e-07	1.10e-03	1.55e-01	4.34e-01	2.55e-01	1.51e-01	3.94e-03	2.36e-05
 1.08810e+23	2.42e-07	1.25e-03	1.67e-01	4.42e-01	2.47e-01	1.39e-01	3.39e-03	1.91e-05
 1.10193e+23	2.87e-07	1.41e-03	1.79e-01	4.49e-01	2.40e-01	1.28e-01	2.93e-03	1.56e-05
 1.11769e+23	3.58e-07	1.65e-03	1.96e-01	4.56e-01	2.30e-01	1.14e-01	2.41e-03	1.18e-05
 1.13374e+23	4.26e-07	1.86e-03	2.10e-01	4.61e-01	2.22e-01	1.03e-01	2.05e-03	9.49e-06
 1.15015e+23	5.32e-07	2.18e-03	2.29e-01	4.66e-01	2.10e-01	9.13e-02	1.67e-03	7.12e-06
 1.16674e+23	6.37e-07	2.46e-03	2.44e-01	4.68e-01	2.01e-01	8.22e-02	1.40e-03	5.61e-06
 1.18357e+23	7.97e-07	2.88e-03	2.65e-01	4.70e-01	1.89e-01	7.19e-02	1.13e-03	4.14e-06
 1.20062e+23	9.56e-07	3.26e-03	2.82e-01	4.70e-01	1.80e-01	6.42e-02	9.38e-04	3.22e-06
 1.21429e+23	1.11e-06	3.60e-03	2.96e-01	4.69e-01	1.72e-01	5.84e-02	8.05e-04	2.61e-06
 1.22840e+23	1.33e-06	4.06e-03	3.14e-01	4.67e-01	1.62e-01	5.19e-02	6.66e-04	2.02e-06
 1.24284e+23	1.54e-06	4.49e-03	3.29e-01	4.65e-01	1.54e-01	4.69e-02	5.65e-04	1.62e-06
 1.25571e+23	1.78e-06	4.95e-03	3.45e-01	4.61e-01	1.46e-01	4.23e-02	4.81e-04	1.30e-06
 1.27043e+23	2.14e-06	5.59e-03	3.64e-01	4.56e-01	1.37e-01	3.72e-02	3.92e-04	9.84e-07
 1.28533e+23	2.48e-06	6.18e-03	3.80e-01	4.51e-01	1.29e-01	3.33e-02	3.29e-04	7.78e-07
 1.29840e+23	2.87e-06	6.79e-03	3.96e-01	4.45e-01	1.22e-01	2.99e-02	2.78e-04	6.18e-07
 1.31334e+23	3.43e-06	7.64e-03	4.16e-01	4.37e-01	1.13e-01	2.60e-02	2.24e-04	4.63e-07
 1.32853e+23	3.97e-06	8.41e-03	4.32e-01	4.30e-01	1.06e-01	2.32e-02	1.86e-04	3.61e-07
 1.34202e+23	4.59e-06	9.24e-03	4.48e-01	4.22e-01	9.92e-02	2.06e-02	1.55e-04	2.83e-07
 1.35750e+23	5.51e-06	1.04e-02	4.69e-01	4.12e-01	9.11e-02	1.78e-02	1.23e-04	2.08e-07
 1.37312e+23	6.39e-06	1.14e-02	4.85e-01	4.03e-01	8.48e-02	1.57e-02	1.02e-04	1.61e-07
 1.38685e+23	7.39e-06	1.26e-02	5.01e-01	3.93e-01	7.89e-02	1.39e-02	8.41e-05	0.00e+00
 1.40263e+23	8.85e-06	1.41e-02	5.21e-01	3.81e-01	7.20e-02	1.18e-02	6.60e-05	0.00e+00
 1.41868e+23	1.03e-05	1.55e-02	5.38e-01	3.70e-01	6.65e-02	1.04e-02	5.38e-05	0.00e+00
 1.43011e+23	1.13e-05	1.64e-02	5.48e-01	3.63e-01	6.32e-02	9.53e-03	4.72e-05	0.00e+00
 1.43998e+23	1.25e-05	1.76e-02	5.59e-01	3.55e-01	5.96e-02	8.64e-03	4.07e-05	0.00e+00
 1.45282e+23	1.45e-05	1.92e-02	5.74e-01	3.44e-01	5.50e-02	7.56e-03	3.32e-05	0.00e+00
 1.46950e+23	1.76e-05	2.17e-02	5.94e-01	3.29e-01	4.92e-02	6.31e-03	2.51e-05	0.00e+00
 1.48632e+23	2.03e-05	2.37e-02	6.08e-01	3.17e-01	4.51e-02	5.49e-03	2.03e-05	0.00e+00
 1.50332e+23	2.44e-05	2.66e-02	6.26e-01	3.02e-01	4.03e-02	4.58e-03	1.54e-05	0.00e+00
 1.52083e+23	2.85e-05	2.93e-02	6.41e-01	2.89e-01	3.64e-02	3.91e-03	1.21e-05	0.00e+00
 1.53902e+23	3.46e-05	3.30e-02	6.58e-01	2.73e-01	3.22e-02	3.21e-03	8.98e-06	0.00e+00
 1.55754e+23	4.06e-05	3.63e-02	6.72e-01	2.60e-01	2.89e-02	2.72e-03	6.96e-06	0.00e+00
 1.57157e+23	4.53e-05	3.88e-02	6.81e-01	2.51e-01	2.68e-02	2.41e-03	5.82e-06	0.00e+00
 1.58489e+23	5.21e-05	4.23e-02	6.92e-01	2.39e-01	2.43e-02	2.08e-03	4.63e-06	0.00e+00
 1.59849e+23	5.80e-05	4.51e-02	7.00e-01	2.30e-01	2.25e-02	1.84e-03	3.87e-06	0.00e+00
 1.61248e+23	6.71e-05	4.92e-02	7.10e-01	2.19e-01	2.03e-02	1.57e-03	3.04e-06	0.00e+00
 1.62664e+23	7.53e-05	5.26e-02	7.18e-01	2.09e-01	1.86e-02	1.38e-03	2.50e-06	0.00e+00
 1.64104e+23	8.71e-05	5.75e-02	7.27e-01	1.98e-01	1.67e-02	1.17e-03	1.95e-06	0.00e+00
 1.65564e+23	9.79e-05	6.15e-02	7.33e-01	1.89e-01	1.52e-02	1.02e-03	1.58e-06	0.00e+00
 1.67048e+23	1.13e-04	6.71e-02	7.41e-01	1.78e-01	1.36e-02	8.62e-04	1.23e-06	0.00e+00
 1.68567e+23	1.28e-04	7.20e-02	7.46e-01	1.68e-01	1.23e-02	7.44e-04	9.83e-07	0.00e+00
 1.70132e+23	1.49e-04	7.89e-02	7.52e-01	1.57e-01	1.09e-02	6.18e-04	7.43e-07	0.00e+00
 1.71705e+23	1.69e-04	8.46e-02	7.56e-01	1.48e-01	9.86e-03	5.32e-04	5.93e-07	0.00e+00
 1.73290e+23	1.96e-04	9.24e-02	7.60e-01	1.38e-01	8.70e-03	4.41e-04	4.48e-07	0.00e+00
 1.74923e+23	2.23e-04	9.94e-02	7.63e-01	1.29e-01	7.79e-03	3.74e-04	3.50e-07	0.00e+00
 1.76620e+23	2.63e-04	1.09e-01	7.64e-01	1.19e-01	6.77e-03	3.03e-04	2.56e-07	0.00e+00
 1.78329e+23	2.99e-04	1.17e-01	7.65e-01	1.11e-01	6.04e-03	2.56e-04	1.99e-07	0.00e+00
 1.80057e+23	3.54e-04	1.29e-01	7.64e-01	1.01e-01	5.21e-03	2.05e-04	1.43e-07	0.00e+00
 1.81796e+23	4.02e-04	1.39e-01	7.62e-01	9.35e-02	4.63e-03	1.72e-04	0.00e+00	0.00e+00
 1.83548e+23	4.75e-04	1.53e-01	7.58e-01	8.45e-02	3.98e-03	1.37e-04	0.00e+00	0.00e+00
 1.85323e+23	5.42e-04	1.64e-01	7.54e-01	7.77e-02	3.51e-03	1.14e-04	0.00e+00	0.00e+00
 1.87128e+23	6.47e-04	1.81e-01	7.46e-01	6.94e-02	2.99e-03	8.92e-05	0.00e+00	0.00e+00
 1.88936e+23	7.40e-04	1.95e-01	7.38e-01	6.32e-02	2.63e-03	7.34e-05	0.00e+00	0.00e+00
 1.90748e+23	8.86e-04	2.16e-01	7.26e-01	5.57e-02	2.22e-03	5.66e-05	0.00e+00	0.00e+00
 1.92564e+23	1.02e-03	2.32e-01	7.15e-01	5.02e-02	1.94e-03	4.60e-05	0.00e+00	0.00e+00
 1.94387e+23	1.23e-03	2.57e-01	6.97e-01	4.36e-02	1.62e-03	3.48e-05	0.00e+00	0.00e+00
 1.96212e+23	1.42e-03	2.77e-01	6.81e-01	3.88e-02	1.40e-03	2.79e-05	0.00e+00	0.00e+00
 1.98038e+23	1.72e-03	3.07e-01	6.57e-01	3.31e-02	1.16e-03	2.06e-05	0.00e+00	0.00e+00
 1.99865e+23	2.01e-03	3.32e-01	6.36e-01	2.89e-02	9.98e-04	1.62e-05	0.00e+00	0.00e+00
 2.01694e+23	2.45e-03	3.68e-01	6.05e-01	2.41e-02	8.12e-04	1.16e-05	0.00e+00	0.00e+00
 2.03521e+23	2.88e-03	3.98e-01	5.78e-01	2.06e-02	6.88e-04	8.85e-06	0.00e+00	0.00e+00
 2.05346e+23	3.53e-03	4.40e-01	5.40e-01	1.67e-02	5.50e-04	6.15e-06	0.00e+00	0.00e+00
 2.07191e+23	4.19e-03	4.76e-01	5.05e-01	1.38e-02	4.53e-04	4.47e-06	0.00e+00	0.00e+00
 2.09061e+23	5.19e-03	5.25e-01	4.59e-01	1.07e-02	3.50e-04	2.92e-06	0.00e+00	0.00e+00
 2.10956e+23	6.25e-03	5.68e-01	4.17e-01	8.44e-03	2.77e-04	1.99e-06	0.00e+00	0.00e+00
 2.12584e+23	7.47e-03	6.10e-01	3.76e-01	6.63e-03	2.18e-04	1.35e-06	0.00e+00	0.00e+00
 2.13983e+23	8.61e-03	6.43e-01	3.42e-01	5.38e-03	1.78e-04	9.66e-07	0.00e+00	0.00e+00
 2.15384e+23	1.02e-02	6.83e-01	3.02e-01	4.12e-03	1.37e-04	6.34e-07	0.00e+00	0.00e+00
 2.16862e+23	1.20e-02	7.21e-01	2.64e-01	3.13e-03	1.05e-04	4.11e-07	0.00e+00	0.00e+00
 2.18202e+23	1.40e-02	7.56e-01	2.28e-01	2.35e-03	7.89e-05	2.64e-07	0.00e+00	0.00e+00
 2.19706e+23	1.71e-02	7.96e-01	1.86e-01	1.61e-03	5.37e-05	1.46e-07	0.00e+00	0.00e+00
 2.21229e+23	2.06e-02	8.29e-01	1.49e-01	1.09e-03	3.61e-05	0.00e+00	0.00e+00	0.00e+00
 2.22439e+23	2.43e-02	8.54e-01	1.21e-01	7.69e-04	2.49e-05	0.00e+00	0.00e+00	0.00e+00
 2.23463e+23	2.82e-02	8.73e-01	9.85e-02	5.55e-04	1.74e-05	0.00e+00	0.00e+00	0.00e+00
 2.24399e+23	3.26e-02	8.87e-01	7.96e-02	4.00e-04	1.20e-05	0.00e+00	0.00e+00	0.00e+00
 2.25243e+23	3.76e-02	8.98e-01	6.42e-02	2.92e-04	8.26e-06	0.00e+00	0.00e+00	0.00e+00
 2.25994e+23	4.31e-02	9.05e-01	5.18e-02	2.18e-04	5.72e-06	0.00e+00	0.00e+00	0.00e+00
 2.26678e+23	4.94e-02	9.09e-01	4.18e-02	1.64e-04	3.96e-06	0.00e+00	0.00e+00	0.00e+00
 2.27312e+23	5.65e-02	9.10e-01	3.35e-02	1.25e-04	2.73e-06	0.00e+00	0.00e+00	0.00e+00
 2.27909e+23	6.50e-02	9.08e-01	2.67e-02	9.63e-05	1.86e-06	0.00e+00	0.00e+00	0.00e+00
 2.28467e+23	7.50e-02	9.04e-01	2.12e-02	7.50e-05	1.27e-06	0.00e+00	0.00e+00	0.00e+00
 2.29000e+23	8.65e-02	8.97e-01	1.68e-02	5.91e-05	8.61e-07	0.00e+00	0.00e+00	0.00e+00
 2.29524e+23	1.01e-01	8.86e-01	1.31e-02	4.67e-05	5.74e-07	0.00e+00	0.00e+00	0.00e+00
 2.30018e+23	1.18e-01	8.72e-01	1.02e-02	3.74e-05	3.85e-07	0.00e+00	0.00e+00	0.00e+00
 2.30458e+23	1.36e-01	8.56e-01	8.06e-03	3.07e-05	2.66e-07	0.00e+00	0.00e+00	0.00e+00
 2.30853e+23	1.56e-01	8.38e-01	6.47e-03	2.58e-05	1.89e-07	0.00e+00	0.00e+00	0.00e+00
 2.31204e+23	1.76e-01	8.19e-01	5.28e-03	2.22e-05	1.39e-07	0.00e+00	0.00e+00	0.00e+00
 2.31507e+23	1.95e-01	8.00e-01	4.42e-03	1.96e-05	0.00e+00	0.00e+00	0.00e+00	0.00e+00
 2.31743e+23	2.11e-01	7.85e-01	3.85e-03	1.78e-05	0.00e+00	0.00e+00	0.00e+00	0.00e+00
 2.31924e+23	2.25e-01	7.72e-01	3.45e-03	1.65e-05	0.00e+00	0.00e+00	0.00e+00	0.00e+00
 2.32113e+23	2.40e-01	7.57e-01	3.06e-03	1.53e-05	0.00e+00	0.00e+00	0.00e+00	0.00e+00
 2.32330e+23	2.58e-01	7.39e-01	2.67e-03	1.40e-05	0.00e+00	0.00e+00	0.00e+00	0.00e+00
 2.32564e+23	2.79e-01	7.19e-01	2.31e-03	1.28e-05	0.00e+00	0.00e+00	0.00e+00	0.00e+00
 2.32800e+23	2.99e-01	6.99e-01	1.99e-03	1.17e-05	0.00e+00	0.00e+00	0.00e+00	0.00e+00
 2.33017e+23	3.19e-01	6.79e-01	1.74e-03	1.09e-05	0.00e+00	0.00e+00	0.00e+00	0.00e+00
 2.33178e+23	3.34e-01	6.64e-01	1.58e-03	1.03e-05	0.00e+00	0.00e+00	0.00e+00	0.00e+00
 2.33289e+23	3.44e-01	6.54e-01	1.48e-03	9.89e-06	0.00e+00	0.00e+00	0.00e+00	0.00e+00
 2.33402e+23	3.56e-01	6.43e-01	1.38e-03	9.50e-06	0.00e+00	0.00e+00	0.00e+00	0.00e+00
 2.33538e+23	3.68e-01	6.31e-01	1.27e-03	9.08e-06	0.00e+00	0.00e+00	0.00e+00	0.00e+00
 2.33690e+23	3.83e-01	6.16e-01	1.15e-03	8.63e-06	0.00e+00	0.00e+00	0.00e+00	0.00e+00
 2.33843e+23	3.97e-01	6.02e-01	1.05e-03	8.21e-06	0.00e+00	0.00e+00	0.00e+00	0.00e+00
 2.33987e+23	4.11e-01	5.88e-01	9.61e-04	7.84e-06	0.00e+00	0.00e+00	0.00e+00	0.00e+00
 2.34130e+23	4.25e-01	5.74e-01	8.80e-04	7.49e-06	0.00e+00	0.00e+00	0.00e+00	0.00e+00
 2.34278e+23	4.39e-01	5.60e-01	8.05e-04	7.16e-06	0.00e+00	0.00e+00	0.00e+00	0.00e+00
 2.34435e+23	4.54e-01	5.45e-01	7.32e-04	6.82e-06	0.00e+00	0.00e+00	0.00e+00	0.00e+00
 2.34597e+23	4.69e-01	5.30e-01	6.63e-04	6.49e-06	0.00e+00	0.00e+00	0.00e+00	0.00e+00
 2.34759e+23	4.84e-01	5.15e-01	6.03e-04	6.19e-06	0.00e+00	0.00e+00	0.00e+00	0.00e+00
 2.34923e+23	4.99e-01	5.01e-01	5.48e-04	5.90e-06	0.00e+00	0.00e+00	0.00e+00	0.00e+00
 2.35095e+23	5.14e-01	4.85e-01	4.96e-04	5.62e-06	0.00e+00	0.00e+00	0.00e+00	0.00e+00
 2.35273e+23	5.30e-01	4.70e-01	4.47e-04	5.34e-06	0.00e+00	0.00e+00	0.00e+00	0.00e+00
 2.35455e+23	5.45e-01	4.54e-01	4.03e-04	5.08e-06	0.00e+00	0.00e+00	0.00e+00	0.00e+00
 2.35639e+23	5.60e-01	4.39e-01	3.64e-04	4.83e-06	0.00e+00	0.00e+00	0.00e+00	0.00e+00
 2.35831e+23	5.76e-01	4.24e-01	3.28e-04	4.59e-06	0.00e+00	0.00e+00	0.00e+00	0.00e+00
 2.36030e+23	5.92e-01	4.08e-01	2.94e-04	4.35e-06	0.00e+00	0.00e+00	0.00e+00	0.00e+00
 2.36235e+23	6.07e-01	3.93e-01	2.64e-04	4.13e-06	0.00e+00	0.00e+00	0.00e+00	0.00e+00
 2.36443e+23	6.22e-01	3.78e-01	2.38e-04	3.92e-06	0.00e+00	0.00e+00	0.00e+00	0.00e+00
 2.36660e+23	6.37e-01	3.62e-01	2.13e-04	3.71e-06	0.00e+00	0.00e+00	0.00e+00	0.00e+00
 2.36885e+23	6.53e-01	3.47e-01	1.91e-04	3.52e-06	0.00e+00	0.00e+00	0.00e+00	0.00e+00
 2.37118e+23	6.67e-01	3.32e-01	1.71e-04	3.33e-06	0.00e+00	0.00e+00	0.00e+00	0.00e+00
 2.37358e+23	6.82e-01	3.18e-01	1.54e-04	3.15e-06	0.00e+00	0.00e+00	0.00e+00	0.00e+00
 2.37606e+23	6.96e-01	3.03e-01	1.38e-04	2.98e-06	0.00e+00	0.00e+00	0.00e+00	0.00e+00
 2.37865e+23	7.11e-01	2.89e-01	1.24e-04	2.81e-06	0.00e+00	0.00e+00	0.00e+00	0.00e+00
 2.38133e+23	7.24e-01	2.75e-01	1.12e-04	2.66e-06	0.00e+00	0.00e+00	0.00e+00	0.00e+00
 2.38407e+23	7.38e-01	2.62e-01	1.01e-04	2.51e-06	0.00e+00	0.00e+00	0.00e+00	0.00e+00
 2.38687e+23	7.50e-01	2.50e-01	9.19e-05	2.38e-06	0.00e+00	0.00e+00	0.00e+00	0.00e+00
 2.38975e+23	7.62e-01	2.38e-01	8.37e-05	2.25e-06	0.00e+00	0.00e+00	0.00e+00	0.00e+00
 2.39274e+23	7.74e-01	2.26e-01	7.64e-05	2.13e-06	0.00e+00	0.00e+00	0.00e+00	0.00e+00
 2.39584e+23	7.86e-01	2.14e-01	7.00e-05	2.02e-06	0.00e+00	0.00e+00	0.00e+00	0.00e+00
 2.39903e+23	7.96e-01	2.04e-01	6.44e-05	1.91e-06	0.00e+00	0.00e+00	0.00e+00	0.00e+00
 2.40234e+23	8.07e-01	1.93e-01	5.95e-05	1.82e-06	0.00e+00	0.00e+00	0.00e+00	0.00e+00
 2.40579e+23	8.17e-01	1.83e-01	5.51e-05	1.72e-06	0.00e+00	0.00e+00	0.00e+00	0.00e+00
 2.40941e+23	8.26e-01	1.74e-01	5.13e-05	1.63e-06	0.00e+00	0.00e+00	0.00e+00	0.00e+00
 2.41319e+23	8.36e-01	1.64e-01	4.78e-05	1.55e-06	0.00e+00	0.00e+00	0.00e+00	0.00e+00
 2.41713e+23	8.45e-01	1.55e-01	4.47e-05	1.47e-06	0.00e+00	0.00e+00	0.00e+00	0.00e+00
 2.42130e+23	8.53e-01	1.46e-01	4.19e-05	1.39e-06	0.00e+00	0.00e+00	0.00e+00	0.00e+00
 2.42570e+23	8.62e-01	1.38e-01	3.94e-05	1.32e-06	0.00e+00	0.00e+00	0.00e+00	0.00e+00
 2.43031e+23	8.70e-01	1.30e-01	3.71e-05	1.25e-06	0.00e+00	0.00e+00	0.00e+00	0.00e+00
 2.43488e+23	8.78e-01	1.22e-01	3.52e-05	1.19e-06	0.00e+00	0.00e+00	0.00e+00	0.00e+00
 2.43927e+23	8.84e-01	1.16e-01	3.36e-05	1.13e-06	0.00e+00	0.00e+00	0.00e+00	0.00e+00
 2.44354e+23	8.90e-01	1.09e-01	3.22e-05	1.09e-06	0.00e+00	0.00e+00	0.00e+00	0.00e+00
 2.44770e+23	8.96e-01	1.04e-01	3.10e-05	1.04e-06	0.00e+00	0.00e+00	0.00e+00	0.00e+00
 2.45176e+23	9.01e-01	9.87e-02	2.98e-05	1.00e-06	0.00e+00	0.00e+00	0.00e+00	0.00e+00
 2.45568e+23	9.06e-01	9.39e-02	2.89e-05	9.62e-07	0.00e+00	0.00e+00	0.00e+00	0.00e+00
 2.45943e+23	9.11e-01	8.94e-02	2.80e-05	9.29e-07	0.00e+00	0.00e+00	0.00e+00	0.00e+00
 2.46293e+23	9.14e-01	8.55e-02	2.72e-05	9.00e-07	0.00e+00	0.00e+00	0.00e+00	0.00e+00
 2.46632e+23	9.18e-01	8.18e-02	2.65e-05	8.72e-07	0.00e+00	0.00e+00	0.00e+00	0.00e+00
 2.46972e+23	9.22e-01	7.82e-02	2.59e-05	8.45e-07	0.00e+00	0.00e+00	0.00e+00	0.00e+00
 2.47302e+23	9.25e-01	7.49e-02	2.53e-05	8.20e-07	0.00e+00	0.00e+00	0.00e+00	0.00e+00
 2.47620e+23	9.28e-01	7.19e-02	2.47e-05	7.98e-07	0.00e+00	0.00e+00	0.00e+00	0.00e+00
 2.47926e+23	9.31e-01	6.90e-02	2.42e-05	7.78e-07	0.00e+00	0.00e+00	0.00e+00	0.00e+00
 2.48223e+23	9.34e-01	6.64e-02	2.38e-05	7.59e-07	0.00e+00	0.00e+00	0.00e+00	0.00e+00
 2.48509e+23	9.36e-01	6.40e-02	2.33e-05	7.42e-07	0.00e+00	0.00e+00	0.00e+00	0.00e+00
 2.48786e+23	9.38e-01	6.17e-02	2.29e-05	7.27e-07	0.00e+00	0.00e+00	0.00e+00	0.00e+00
 2.49053e+23	9.40e-01	5.96e-02	2.26e-05	7.14e-07	0.00e+00	0.00e+00	0.00e+00	0.00e+00
 2.49310e+23	9.42e-01	5.77e-02	2.22e-05	7.02e-07	0.00e+00	0.00e+00	0.00e+00	0.00e+00
 2.49559e+23	9.44e-01	5.59e-02	2.19e-05	6.92e-07	0.00e+00	0.00e+00	0.00e+00	0.00e+00
 2.49795e+23	9.46e-01	5.44e-02	2.17e-05	6.83e-07	0.00e+00	0.00e+00	0.00e+00	0.00e+00
 2.50026e+23	9.47e-01	5.28e-02	2.14e-05	6.75e-07	0.00e+00	0.00e+00	0.00e+00	0.00e+00
 2.50250e+23	9.49e-01	5.15e-02	2.11e-05	6.69e-07	0.00e+00	0.00e+00	0.00e+00	0.00e+00
 2.50455e+23	9.50e-01	5.03e-02	2.09e-05	6.65e-07	0.00e+00	0.00e+00	0.00e+00	0.00e+00
 2.50642e+23	9.51e-01	4.93e-02	2.07e-05	6.62e-07	0.00e+00	0.00e+00	0.00e+00	0.00e+00
 2.50812e+23	9.51e-01	4.85e-02	2.06e-05	6.60e-07	0.00e+00	0.00e+00	0.00e+00	0.00e+00
 2.50966e+23	9.52e-01	4.78e-02	2.04e-05	6.59e-07	0.00e+00	0.00e+00	0.00e+00	0.00e+00
 2.51107e+23	9.53e-01	4.71e-02	2.03e-05	6.59e-07	0.00e+00	0.00e+00	0.00e+00	0.00e+00
 2.51235e+23	9.53e-01	4.66e-02	2.02e-05	6.59e-07	0.00e+00	0.00e+00	0.00e+00	0.00e+00
 2.51351e+23	9.54e-01	4.61e-02	2.01e-05	6.59e-07	0.00e+00	0.00e+00	0.00e+00	0.00e+00
 2.51479e+23	9.54e-01	4.56e-02	2.00e-05	6.60e-07	0.00e+00	0.00e+00	0.00e+00	0.00e+00
 2.51617e+23	9.55e-01	4.50e-02	1.99e-05	6.60e-07	0.00e+00	0.00e+00	0.00e+00	0.00e+00
 2.51742e+23	9.55e-01	4.46e-02	1.98e-05	6.61e-07	0.00e+00	0.00e+00	0.00e+00	0.00e+00
 2.51880e+23	9.56e-01	4.40e-02	1.96e-05	6.63e-07	0.00e+00	0.00e+00	0.00e+00	0.00e+00
 2.52028e+23	9.56e-01	4.35e-02	1.95e-05	6.64e-07	0.00e+00	0.00e+00	0.00e+00	0.00e+00
 2.52163e+23	9.57e-01	4.31e-02	1.94e-05	6.66e-07	0.00e+00	0.00e+00	0.00e+00	0.00e+00
 2.52286e+23	9.57e-01	4.28e-02	1.93e-05	6.67e-07	0.00e+00	0.00e+00	0.00e+00	0.00e+00
 2.52420e+23	9.58e-01	4.24e-02	1.92e-05	6.71e-07	0.00e+00	0.00e+00	0.00e+00	0.00e+00
 2.52566e+23	9.58e-01	4.20e-02	1.91e-05	6.74e-07	0.00e+00	0.00e+00	0.00e+00	0.00e+00
 2.52698e+23	9.58e-01	4.16e-02	1.90e-05	6.75e-07	0.00e+00	0.00e+00	0.00e+00	0.00e+00
 2.52843e+23	9.59e-01	4.13e-02	1.89e-05	6.76e-07	0.00e+00	0.00e+00	0.00e+00	0.00e+00
 2.52999e+23	9.59e-01	4.09e-02	1.88e-05	6.78e-07	0.00e+00	0.00e+00	0.00e+00	0.00e+00
 2.53141e+23	9.59e-01	4.06e-02	1.87e-05	6.83e-07	0.00e+00	0.00e+00	0.00e+00	0.00e+00
 2.53271e+23	9.60e-01	4.03e-02	1.86e-05	6.82e-07	0.00e+00	0.00e+00	0.00e+00	0.00e+00
 2.53413e+23	9.60e-01	4.00e-02	1.85e-05	6.84e-07	0.00e+00	0.00e+00	0.00e+00	0.00e+00
 2.53566e+23	9.60e-01	3.97e-02	1.84e-05	6.86e-07	0.00e+00	0.00e+00	0.00e+00	0.00e+00
 2.53706e+23	9.61e-01	3.94e-02	1.83e-05	6.88e-07	0.00e+00	0.00e+00	0.00e+00	0.00e+00
 2.53858e+23	9.61e-01	3.91e-02	1.82e-05	6.91e-07	0.00e+00	0.00e+00	0.00e+00	0.00e+00
 2.54023e+23	9.61e-01	3.88e-02	1.81e-05	6.93e-07	0.00e+00	0.00e+00	0.00e+00	0.00e+00
 2.54173e+23	9.61e-01	3.85e-02	1.80e-05	6.95e-07	0.00e+00	0.00e+00	0.00e+00	0.00e+00
 2.54338e+23	9.62e-01	3.82e-02	1.78e-05	6.99e-07	0.00e+00	0.00e+00	0.00e+00	0.00e+00
 2.54516e+23	9.62e-01	3.79e-02	1.77e-05	7.02e-07	0.00e+00	0.00e+00	0.00e+00	0.00e+00
 2.54677e+23	9.62e-01	3.77e-02	1.77e-05	7.05e-07	0.00e+00	0.00e+00	0.00e+00	0.00e+00
 2.54824e+23	9.62e-01	3.75e-02	1.76e-05	7.10e-07	0.00e+00	0.00e+00	0.00e+00	0.00e+00
 2.54958e+23	9.63e-01	3.74e-02	1.76e-05	7.15e-07	0.00e+00	0.00e+00	0.00e+00	0.00e+00
 2.55080e+23	9.63e-01	3.72e-02	1.76e-05	7.19e-07	0.00e+00	0.00e+00	0.00e+00	0.00e+00
 2.55213e+23	9.63e-01	3.70e-02	1.75e-05	7.25e-07	0.00e+00	0.00e+00	0.00e+00	0.00e+00
 2.55357e+23	9.63e-01	3.68e-02	1.75e-05	7.29e-07	0.00e+00	0.00e+00	0.00e+00	0.00e+00
 2.55488e+23	9.63e-01	3.67e-02	1.75e-05	7.32e-07	0.00e+00	0.00e+00	0.00e+00	0.00e+00
 2.55632e+23	9.64e-01	3.64e-02	1.74e-05	7.37e-07	0.00e+00	0.00e+00	0.00e+00	0.00e+00
 2.55787e+23	9.64e-01	3.62e-02	1.74e-05	7.41e-07	0.00e+00	0.00e+00	0.00e+00	0.00e+00
 2.55928e+23	9.64e-01	3.60e-02	1.73e-05	7.44e-07	0.00e+00	0.00e+00	0.00e+00	0.00e+00
 2.56057e+23	9.64e-01	3.59e-02	1.73e-05	7.51e-07	0.00e+00	0.00e+00	0.00e+00	0.00e+00
 2.56174e+23	9.64e-01	3.58e-02	1.73e-05	7.54e-07	0.00e+00	0.00e+00	0.00e+00	0.00e+00
 2.56302e+23	9.64e-01	3.56e-02	1.72e-05	7.56e-07	0.00e+00	0.00e+00	0.00e+00	0.00e+00
 2.56468e+23	9.65e-01	3.53e-02	1.72e-05	7.59e-07	0.00e+00	0.00e+00	0.00e+00	0.00e+00
 2.56648e+23	9.65e-01	3.50e-02	1.71e-05	7.62e-07	0.00e+00	0.00e+00	0.00e+00	0.00e+00
 2.56811e+23	9.65e-01	3.48e-02	1.71e-05	7.66e-07	0.00e+00	0.00e+00	0.00e+00	0.00e+00
 2.56960e+23	9.65e-01	3.47e-02	1.70e-05	7.69e-07	0.00e+00	0.00e+00	0.00e+00	0.00e+00
 2.57096e+23	9.65e-01	3.45e-02	1.70e-05	7.73e-07	0.00e+00	0.00e+00	0.00e+00	0.00e+00
 2.57244e+23	9.66e-01	3.43e-02	1.69e-05	7.76e-07	0.00e+00	0.00e+00	0.00e+00	0.00e+00
 2.57404e+23	9.66e-01	3.41e-02	1.69e-05	7.77e-07	0.00e+00	0.00e+00	0.00e+00	0.00e+00
 2.57550e+23	9.66e-01	3.39e-02	1.69e-05	7.80e-07	0.00e+00	0.00e+00	0.00e+00	0.00e+00
 2.57683e+23	9.66e-01	3.37e-02	1.68e-05	7.79e-07	0.00e+00	0.00e+00	0.00e+00	0.00e+00
 2.57828e+23	9.66e-01	3.35e-02	1.67e-05	7.79e-07	0.00e+00	0.00e+00	0.00e+00	0.00e+00
 2.57985e+23	9.67e-01	3.33e-02	1.67e-05	7.80e-07	0.00e+00	0.00e+00	0.00e+00	0.00e+00
 2.58128e+23	9.67e-01	3.31e-02	1.66e-05	7.80e-07	0.00e+00	0.00e+00	0.00e+00	0.00e+00
 2.58285e+23	9.67e-01	3.29e-02	1.66e-05	7.82e-07	0.00e+00	0.00e+00	0.00e+00	0.00e+00
 2.58454e+23	9.67e-01	3.26e-02	1.65e-05	7.82e-07	0.00e+00	0.00e+00	0.00e+00	0.00e+00
 2.58607e+23	9.68e-01	3.24e-02	1.65e-05	7.85e-07	0.00e+00	0.00e+00	0.00e+00	0.00e+00
 2.58747e+23	9.68e-01	3.23e-02	1.64e-05	7.83e-07	0.00e+00	0.00e+00	0.00e+00	0.00e+00
 2.58901e+23	9.68e-01	3.20e-02	1.64e-05	7.83e-07	0.00e+00	0.00e+00	0.00e+00	0.00e+00
 2.59066e+23	9.68e-01	3.18e-02	1.63e-05	7.83e-07	0.00e+00	0.00e+00	0.00e+00	0.00e+00
 2.59217e+23	9.68e-01	3.16e-02	1.63e-05	7.82e-07	0.00e+00	0.00e+00	0.00e+00	0.00e+00
 2.59382e+23	9.69e-01	3.14e-02	1.62e-05	7.83e-07	0.00e+00	0.00e+00	0.00e+00	0.00e+00
 2.59560e+23	9.69e-01	3.11e-02	1.62e-05	7.82e-07	0.00e+00	0.00e+00	0.00e+00	0.00e+00
 2.59722e+23	9.69e-01	3.09e-02	1.61e-05	7.85e-07	0.00e+00	0.00e+00	0.00e+00	0.00e+00
 2.59870e+23	9.69e-01	3.08e-02	1.61e-05	7.82e-07	0.00e+00	0.00e+00	0.00e+00	0.00e+00
 2.60031e+23	9.69e-01	3.05e-02	1.60e-05	7.81e-07	0.00e+00	0.00e+00	0.00e+00	0.00e+00
 2.60206e+23	9.70e-01	3.03e-02	1.59e-05	7.82e-07	0.00e+00	0.00e+00	0.00e+00	0.00e+00
 2.60365e+23	9.70e-01	3.01e-02	1.59e-05	7.79e-07	0.00e+00	0.00e+00	0.00e+00	0.00e+00
 2.60539e+23	9.70e-01	2.98e-02	1.58e-05	7.78e-07	0.00e+00	0.00e+00	0.00e+00	0.00e+00
 2.60727e+23	9.70e-01	2.96e-02	1.58e-05	7.77e-07	0.00e+00	0.00e+00	0.00e+00	0.00e+00
 2.60898e+23	9.71e-01	2.94e-02	1.57e-05	7.74e-07	0.00e+00	0.00e+00	0.00e+00	0.00e+00
 2.61085e+23	9.71e-01	2.91e-02	1.56e-05	7.74e-07	0.00e+00	0.00e+00	0.00e+00	0.00e+00
 2.61288e+23	9.71e-01	2.89e-02	1.56e-05	7.73e-07	0.00e+00	0.00e+00	0.00e+00	0.00e+00
 2.61472e+23	9.71e-01	2.86e-02	1.55e-05	7.69e-07	0.00e+00	0.00e+00	0.00e+00	0.00e+00
 2.61674e+23	9.72e-01	2.83e-02	1.54e-05	7.67e-07	0.00e+00	0.00e+00	0.00e+00	0.00e+00
 2.61891e+23	9.72e-01	2.81e-02	1.54e-05	7.66e-07	0.00e+00	0.00e+00	0.00e+00	0.00e+00
 2.62090e+23	9.72e-01	2.79e-02	1.53e-05	7.61e-07	0.00e+00	0.00e+00	0.00e+00	0.00e+00
 2.62307e+23	9.72e-01	2.75e-02	1.52e-05	7.59e-07	0.00e+00	0.00e+00	0.00e+00	0.00e+00
 2.62541e+23	9.73e-01	2.72e-02	1.51e-05	7.54e-07	0.00e+00	0.00e+00	0.00e+00	0.00e+00
 2.62755e+23	9.73e-01	2.70e-02	1.51e-05	7.53e-07	0.00e+00	0.00e+00	0.00e+00	0.00e+00
 2.62949e+23	9.73e-01	2.68e-02	1.50e-05	7.50e-07	0.00e+00	0.00e+00	0.00e+00	0.00e+00
 2.63162e+23	9.73e-01	2.65e-02	1.49e-05	7.47e-07	0.00e+00	0.00e+00	0.00e+00	0.00e+00
 2.63391e+23	9.74e-01	2.63e-02	1.49e-05	7.45e-07	0.00e+00	0.00e+00	0.00e+00	0.00e+00
 2.63600e+23	9.74e-01	2.60e-02	1.48e-05	7.39e-07	0.00e+00	0.00e+00	0.00e+00	0.00e+00
 2.63829e+23	9.74e-01	2.57e-02	1.47e-05	7.34e-07	0.00e+00	0.00e+00	0.00e+00	0.00e+00
 2.64077e+23	9.75e-01	2.54e-02	1.46e-05	7.31e-07	0.00e+00	0.00e+00	0.00e+00	0.00e+00
 2.64302e+23	9.75e-01	2.52e-02	1.45e-05	7.25e-07	0.00e+00	0.00e+00	0.00e+00	0.00e+00
 2.64548e+23	9.75e-01	2.49e-02	1.44e-05	7.19e-07	0.00e+00	0.00e+00	0.00e+00	0.00e+00
 2.64814e+23	9.75e-01	2.46e-02	1.44e-05	7.16e-07	0.00e+00	0.00e+00	0.00e+00	0.00e+00
 2.65057e+23	9.76e-01	2.43e-02	1.43e-05	7.09e-07	0.00e+00	0.00e+00	0.00e+00	0.00e+00
 2.65322e+23	9.76e-01	2.40e-02	1.42e-05	7.02e-07	0.00e+00	0.00e+00	0.00e+00	0.00e+00
 2.65609e+23	9.76e-01	2.37e-02	1.41e-05	6.96e-07	0.00e+00	0.00e+00	0.00e+00	0.00e+00
 2.65870e+23	9.77e-01	2.34e-02	1.40e-05	6.91e-07	0.00e+00	0.00e+00	0.00e+00	0.00e+00
 2.66107e+23	9.77e-01	2.32e-02	1.39e-05	6.87e-07	0.00e+00	0.00e+00	0.00e+00	0.00e+00
 2.66367e+23	9.77e-01	2.29e-02	1.38e-05	6.79e-07	0.00e+00	0.00e+00	0.00e+00	0.00e+00
 2.66648e+23	9.77e-01	2.26e-02	1.37e-05	6.74e-07	0.00e+00	0.00e+00	0.00e+00	0.00e+00
 2.66903e+23	9.78e-01	2.24e-02	1.36e-05	6.68e-07	0.00e+00	0.00e+00	0.00e+00	0.00e+00
 2.67183e+23	9.78e-01	2.20e-02	1.35e-05	6.59e-07	0.00e+00	0.00e+00	0.00e+00	0.00e+00
 2.67485e+23	9.78e-01	2.17e-02	1.34e-05	6.54e-07	0.00e+00	0.00e+00	0.00e+00	0.00e+00
 2.67760e+23	9.78e-01	2.15e-02	1.33e-05	6.47e-07	0.00e+00	0.00e+00	0.00e+00	0.00e+00
 2.68062e+23	9.79e-01	2.11e-02	1.32e-05	6.37e-07	0.00e+00	0.00e+00	0.00e+00	0.00e+00
 2.68387e+23	9.79e-01	2.08e-02	1.31e-05	6.31e-07	0.00e+00	0.00e+00	0.00e+00	0.00e+00
 2.68683e+23	9.79e-01	2.06e-02	1.30e-05	6.23e-07	0.00e+00	0.00e+00	0.00e+00	0.00e+00
 2.69008e+23	9.80e-01	2.02e-02	1.29e-05	6.13e-07	0.00e+00	0.00e+00	0.00e+00	0.00e+00
 2.69358e+23	9.80e-01	1.99e-02	1.28e-05	6.04e-07	0.00e+00	0.00e+00	0.00e+00	0.00e+00
 2.69677e+23	9.80e-01	1.97e-02	1.27e-05	5.98e-07	0.00e+00	0.00e+00	0.00e+00	0.00e+00
 2.69967e+23	9.81e-01	1.94e-02	1.26e-05	5.92e-07	0.00e+00	0.00e+00	0.00e+00	0.00e+00
 2.70284e+23	9.81e-01	1.91e-02	1.25e-05	5.81e-07	0.00e+00	0.00e+00	0.00e+00	0.00e+00
 2.70628e+23	9.81e-01	1.88e-02	1.24e-05	5.74e-07	0.00e+00	0.00e+00	0.00e+00	0.00e+00
 2.70940e+23	9.81e-01	1.86e-02	1.23e-05	5.67e-07	0.00e+00	0.00e+00	0.00e+00	0.00e+00
 2.71282e+23	9.82e-01	1.82e-02	1.22e-05	5.55e-07	0.00e+00	0.00e+00	0.00e+00	0.00e+00
 2.71651e+23	9.82e-01	1.79e-02	1.20e-05	5.47e-07	0.00e+00	0.00e+00	0.00e+00	0.00e+00
 2.71988e+23	9.82e-01	1.77e-02	1.19e-05	5.40e-07	0.00e+00	0.00e+00	0.00e+00	0.00e+00
 2.72293e+23	9.82e-01	1.75e-02	1.19e-05	5.34e-07	0.00e+00	0.00e+00	0.00e+00	0.00e+00
 2.72629e+23	9.83e-01	1.71e-02	1.17e-05	5.23e-07	0.00e+00	0.00e+00	0.00e+00	0.00e+00
 2.72990e+23	9.83e-01	1.69e-02	1.16e-05	5.15e-07	0.00e+00	0.00e+00	0.00e+00	0.00e+00
 2.73320e+23	9.83e-01	1.67e-02	1.15e-05	5.08e-07	0.00e+00	0.00e+00	0.00e+00	0.00e+00
 2.73681e+23	9.84e-01	1.63e-02	1.14e-05	4.96e-07	0.00e+00	0.00e+00	0.00e+00	0.00e+00
 2.74070e+23	9.84e-01	1.61e-02	1.13e-05	4.88e-07	0.00e+00	0.00e+00	0.00e+00	0.00e+00
 2.74425e+23	9.84e-01	1.59e-02	1.12e-05	4.81e-07	0.00e+00	0.00e+00	0.00e+00	0.00e+00
 2.74813e+23	9.84e-01	1.55e-02	1.10e-05	4.68e-07	0.00e+00	0.00e+00	0.00e+00	0.00e+00
 2.75233e+23	9.85e-01	1.52e-02	1.09e-05	4.60e-07	0.00e+00	0.00e+00	0.00e+00	0.00e+00
 2.75614e+23	9.85e-01	1.50e-02	1.08e-05	4.52e-07	0.00e+00	0.00e+00	0.00e+00	0.00e+00
 2.76032e+23	9.85e-01	1.47e-02	1.07e-05	4.40e-07	0.00e+00	0.00e+00	0.00e+00	0.00e+00
 2.76484e+23	9.86e-01	1.44e-02	1.05e-05	4.31e-07	0.00e+00	0.00e+00	0.00e+00	0.00e+00
 2.76895e+23	9.86e-01	1.42e-02	1.04e-05	4.24e-07	0.00e+00	0.00e+00	0.00e+00	0.00e+00
 2.77345e+23	9.86e-01	1.38e-02	1.03e-05	4.11e-07	0.00e+00	0.00e+00	0.00e+00	0.00e+00
 2.77898e+23	9.87e-01	1.34e-02	1.01e-05	3.97e-07	0.00e+00	0.00e+00	0.00e+00	0.00e+00
 2.78494e+23	9.87e-01	1.31e-02	9.95e-06	3.85e-07	0.00e+00	0.00e+00	0.00e+00	0.00e+00
 2.79092e+23	9.87e-01	1.27e-02	9.78e-06	3.73e-07	0.00e+00	0.00e+00	0.00e+00	0.00e+00
 2.79697e+23	9.88e-01	1.24e-02	9.61e-06	3.61e-07	0.00e+00	0.00e+00	0.00e+00	0.00e+00
 2.80310e+23	9.88e-01	1.21e-02	9.45e-06	3.50e-07	0.00e+00	0.00e+00	0.00e+00	0.00e+00
 2.80930e+23	9.88e-01	1.18e-02	9.28e-06	3.39e-07	0.00e+00	0.00e+00	0.00e+00	0.00e+00
 2.81555e+23	9.89e-01	1.14e-02	9.12e-06	3.28e-07	0.00e+00	0.00e+00	0.00e+00	0.00e+00
 2.82185e+23	9.89e-01	1.11e-02	8.96e-06	3.17e-07	0.00e+00	0.00e+00	0.00e+00	0.00e+00
 2.82821e+23	9.89e-01	1.08e-02	8.80e-06	3.07e-07	0.00e+00	0.00e+00	0.00e+00	0.00e+00
 2.83465e+23	9.89e-01	1.05e-02	8.63e-06	2.96e-07	0.00e+00	0.00e+00	0.00e+00	0.00e+00
 2.84115e+23	9.90e-01	1.03e-02	8.47e-06	2.86e-07	0.00e+00	0.00e+00	0.00e+00	0.00e+00
 2.84770e+23	9.90e-01	9.99e-03	8.31e-06	2.76e-07	0.00e+00	0.00e+00	0.00e+00	0.00e+00
 2.85430e+23	9.90e-01	9.72e-03	8.16e-06	2.67e-07	0.00e+00	0.00e+00	0.00e+00	0.00e+00
 2.86097e+23	9.91e-01	9.45e-03	8.00e-06	2.57e-07	0.00e+00	0.00e+00	0.00e+00	0.00e+00
 2.86768e+23	9.91e-01	9.20e-03	7.85e-06	2.48e-07	0.00e+00	0.00e+00	0.00e+00	0.00e+00
 2.87443e+23	9.91e-01	8.94e-03	7.69e-06	2.39e-07	0.00e+00	0.00e+00	0.00e+00	0.00e+00
 2.88123e+23	9.91e-01	8.70e-03	7.54e-06	2.31e-07	0.00e+00	0.00e+00	0.00e+00	0.00e+00
 2.88808e+23	9.92e-01	8.46e-03	7.39e-06	2.22e-07	0.00e+00	0.00e+00	0.00e+00	0.00e+00
 2.89500e+23	9.92e-01	8.23e-03	7.24e-06	2.14e-07	0.00e+00	0.00e+00	0.00e+00	0.00e+00
 2.90196e+23	9.92e-01	8.00e-03	7.09e-06	2.06e-07	0.00e+00	0.00e+00	0.00e+00	0.00e+00
 2.90897e+23	9.92e-01	7.78e-03	6.95e-06	1.99e-07	0.00e+00	0.00e+00	0.00e+00	0.00e+00
 2.91603e+23	9.92e-01	7.57e-03	6.80e-06	1.91e-07	0.00e+00	0.00e+00	0.00e+00	0.00e+00
 2.92314e+23	9.93e-01	7.35e-03	6.66e-06	1.84e-07	0.00e+00	0.00e+00	0.00e+00	0.00e+00
 2.93038e+23	9.93e-01	7.14e-03	6.51e-06	1.77e-07	0.00e+00	0.00e+00	0.00e+00	0.00e+00
 2.93777e+23	9.93e-01	6.94e-03	6.37e-06	1.69e-07	0.00e+00	0.00e+00	0.00e+00	0.00e+00
 2.94526e+23	9.93e-01	6.73e-03	6.22e-06	1.62e-07	0.00e+00	0.00e+00	0.00e+00	0.00e+00
 2.95284e+23	9.93e-01	6.54e-03	6.08e-06	1.56e-07	0.00e+00	0.00e+00	0.00e+00	0.00e+00
 2.96050e+23	9.94e-01	6.35e-03	5.94e-06	1.49e-07	0.00e+00	0.00e+00	0.00e+00	0.00e+00
 2.96824e+23	9.94e-01	6.16e-03	5.80e-06	1.43e-07	0.00e+00	0.00e+00	0.00e+00	0.00e+00
 2.97607e+23	9.94e-01	5.98e-03	5.65e-06	1.37e-07	0.00e+00	0.00e+00	0.00e+00	0.00e+00
 2.98398e+23	9.94e-01	5.80e-03	5.52e-06	1.31e-07	0.00e+00	0.00e+00	0.00e+00	0.00e+00
 2.99203e+23	9.94e-01	5.62e-03	5.38e-06	0.00e+00	0.00e+00	0.00e+00	0.00e+00	0.00e+00
 3.00021e+23	9.95e-01	5.45e-03	5.24e-06	0.00e+00	0.00e+00	0.00e+00	0.00e+00	0.00e+00
 3.00858e+23	9.95e-01	5.27e-03	5.10e-06	0.00e+00	0.00e+00	0.00e+00	0.00e+00	0.00e+00
 3.01716e+23	9.95e-01	5.10e-03	4.96e-06	0.00e+00	0.00e+00	0.00e+00	0.00e+00	0.00e+00
 3.02590e+23	9.95e-01	4.93e-03	4.82e-06	0.00e+00	0.00e+00	0.00e+00	0.00e+00	0.00e+00
 3.03479e+23	9.95e-01	4.77e-03	4.68e-06	0.00e+00	0.00e+00	0.00e+00	0.00e+00	0.00e+00
 3.04384e+23	9.95e-01	4.61e-03	4.54e-06	0.00e+00	0.00e+00	0.00e+00	0.00e+00	0.00e+00
 3.05306e+23	9.96e-01	4.45e-03	4.40e-06	0.00e+00	0.00e+00	0.00e+00	0.00e+00	0.00e+00
 3.06246e+23	9.96e-01	4.30e-03	4.26e-06	0.00e+00	0.00e+00	0.00e+00	0.00e+00	0.00e+00
 3.07204e+23	9.96e-01	4.14e-03	4.13e-06	0.00e+00	0.00e+00	0.00e+00	0.00e+00	0.00e+00
 3.08128e+23	9.96e-01	4.02e-03	4.00e-06	0.00e+00	0.00e+00	0.00e+00	0.00e+00	0.00e+00
