#depth	H	H+	H2
 4.62852e+21	7.24e-07	1.00e+00	3.59e-31
 1.02747e+22	1.07e-06	1.00e+00	6.08e-31
 1.18013e+22	1.29e-06	1.00e+00	1.26e-30
 1.25837e+22	1.42e-06	1.00e+00	1.85e-30
 1.29347e+22	1.47e-06	1.00e+00	2.07e-30
 1.31128e+22	1.52e-06	1.00e+00	2.38e-30
 1.33125e+22	1.58e-06	1.00e+00	2.73e-30
 1.35089e+22	1.65e-06	1.00e+00	3.11e-30
 1.37331e+22	1.73e-06	1.00e+00	3.72e-30
 1.39560e+22	1.80e-06	1.00e+00	4.23e-30
 1.41771e+22	1.90e-06	1.00e+00	5.02e-30
 1.43878e+22	1.97e-06	1.00e+00	5.61e-30
 1.45849e+22	2.07e-06	1.00e+00	6.52e-30
 1.47830e+22	2.15e-06	1.00e+00	7.28e-30
 1.49823e+22	2.27e-06	1.00e+00	8.45e-30
 1.51831e+22	2.36e-06	1.00e+00	9.44e-30
 1.53856e+22	2.49e-06	1.00e+00	1.09e-29
 1.55910e+22	2.60e-06	1.00e+00	1.22e-29
 1.58002e+22	2.76e-06	1.00e+00	1.41e-29
 1.60131e+22	2.89e-06	1.00e+00	1.58e-29
 1.62310e+22	3.07e-06	1.00e+00	1.82e-29
 1.64532e+22	3.23e-06	1.00e+00	2.04e-29
 1.66808e+22	3.46e-06	1.00e+00	2.33e-29
 1.69125e+22	3.65e-06	1.00e+00	2.61e-29
 1.71418e+22	3.90e-06	1.00e+00	2.94e-29
 1.73614e+22	4.09e-06	1.00e+00	3.31e-29
 1.75759e+22	4.37e-06	1.00e+00	3.71e-29
 1.77893e+22	4.59e-06	1.00e+00	4.08e-29
 1.80013e+22	4.90e-06	1.00e+00	4.54e-29
 1.82135e+22	5.15e-06	1.00e+00	5.00e-29
 1.84260e+22	5.49e-06	1.00e+00	5.56e-29
 1.86383e+22	5.77e-06	1.00e+00	6.12e-29
 1.88502e+22	6.15e-06	1.00e+00	6.83e-29
 1.90623e+22	6.45e-06	1.00e+00	7.55e-29
 1.92743e+22	6.87e-06	1.00e+00	8.50e-29
 1.94870e+22	7.21e-06	1.00e+00	9.47e-29
 1.97006e+22	7.68e-06	1.00e+00	1.08e-28
 1.99153e+22	8.05e-06	1.00e+00	1.21e-28
 2.01316e+22	8.57e-06	1.00e+00	1.41e-28
 2.03501e+22	8.99e-06	1.00e+00	1.60e-28
 2.05715e+22	9.57e-06	1.00e+00	1.90e-28
 2.07959e+22	1.00e-05	1.00e+00	2.20e-28
 2.10242e+22	1.07e-05	1.00e+00	2.67e-28
 2.12564e+22	1.12e-05	1.00e+00	3.14e-28
 2.14937e+22	1.20e-05	1.00e+00	3.91e-28
 2.17372e+22	1.26e-05	1.00e+00	4.70e-28
 2.19445e+22	1.32e-05	1.00e+00	5.56e-28
 2.21696e+22	1.40e-05	1.00e+00	6.95e-28
 2.23898e+22	1.46e-05	1.00e+00	8.21e-28
 2.26035e+22	1.54e-05	1.00e+00	1.02e-27
 2.28194e+22	1.61e-05	1.00e+00	1.21e-27
 2.30382e+22	1.70e-05	1.00e+00	1.53e-27
 2.32581e+22	1.78e-05	1.00e+00	1.82e-27
 2.34794e+22	1.88e-05	1.00e+00	2.30e-27
 2.37034e+22	1.96e-05	1.00e+00	2.76e-27
 2.39309e+22	2.07e-05	1.00e+00	3.51e-27
 2.41616e+22	2.16e-05	1.00e+00	4.24e-27
 2.43968e+22	2.29e-05	1.00e+00	5.45e-27
 2.46359e+22	2.39e-05	1.00e+00	6.62e-27
 2.48801e+22	2.54e-05	1.00e+00	8.57e-27
 2.51294e+22	2.65e-05	1.00e+00	1.05e-26
 2.53852e+22	2.82e-05	1.00e+00	1.37e-26
 2.56442e+22	2.95e-05	1.00e+00	1.69e-26
 2.59071e+22	3.14e-05	1.00e+00	2.22e-26
 2.61731e+22	3.29e-05	1.00e+00	2.74e-26
 2.64017e+22	3.44e-05	1.00e+00	3.35e-26
 2.66576e+22	3.64e-05	1.00e+00	4.36e-26
 2.69159e+22	3.80e-05	1.00e+00	5.32e-26
 2.71337e+22	3.96e-05	1.00e+00	6.40e-26
 2.73734e+22	4.19e-05	1.00e+00	8.15e-26
 2.76105e+22	4.35e-05	1.00e+00	9.75e-26
 2.78442e+22	4.57e-05	1.00e+00	1.22e-25
 2.80877e+22	4.78e-05	1.00e+00	1.49e-25
 2.83068e+22	4.97e-05	1.00e+00	1.79e-25
 2.85544e+22	5.25e-05	1.00e+00	2.29e-25
 2.88074e+22	5.49e-05	1.00e+00	2.79e-25
 2.90676e+22	5.78e-05	1.00e+00	3.55e-25
 2.93397e+22	6.07e-05	1.00e+00	4.43e-25
 2.95830e+22	6.34e-05	1.00e+00	5.41e-25
 2.98547e+22	6.71e-05	1.00e+00	7.01e-25
 3.01315e+22	7.02e-05	1.00e+00	8.65e-25
 3.04148e+22	7.44e-05	1.00e+00	1.13e-24
 3.07035e+22	7.80e-05	1.00e+00	1.40e-24
 3.09605e+22	8.18e-05	1.00e+00	1.74e-24
 3.12559e+22	8.67e-05	1.00e+00	2.28e-24
 3.15573e+22	9.11e-05	1.00e+00	2.86e-24
 3.18665e+22	9.69e-05	1.00e+00	3.79e-24
 3.21745e+22	1.02e-04	1.00e+00	4.73e-24
 3.24807e+22	1.08e-04	1.00e+00	6.26e-24
 3.27960e+22	1.14e-04	1.00e+00	7.93e-24
 3.31231e+22	1.21e-04	1.00e+00	1.06e-23
 3.34275e+22	1.27e-04	1.00e+00	1.30e-23
 3.36619e+22	1.32e-04	1.00e+00	1.58e-23
 3.39262e+22	1.39e-04	1.00e+00	1.99e-23
 3.42099e+22	1.45e-04	1.00e+00	2.46e-23
 3.44771e+22	1.52e-04	1.00e+00	3.05e-23
 3.47827e+22	1.61e-04	1.00e+00	4.02e-23
 3.50850e+22	1.69e-04	1.00e+00	4.97e-23
 3.53830e+22	1.79e-04	1.00e+00	6.46e-23
 3.56896e+22	1.88e-04	1.00e+00	8.12e-23
 3.59621e+22	1.97e-04	1.00e+00	1.01e-22
 3.62710e+22	2.08e-04	1.00e+00	1.32e-22
 3.65901e+22	2.19e-04	1.00e+00	1.67e-22
 3.68756e+22	2.30e-04	1.00e+00	2.09e-22
 3.71999e+22	2.44e-04	1.00e+00	2.78e-22
 3.75345e+22	2.58e-04	1.00e+00	3.56e-22
 3.78322e+22	2.71e-04	1.00e+00	4.49e-22
 3.81688e+22	2.88e-04	1.00e+00	5.86e-22
 3.85139e+22	3.04e-04	1.00e+00	7.55e-22
 3.88187e+22	3.20e-04	1.00e+00	9.60e-22
 3.91636e+22	3.42e-04	1.00e+00	1.30e-21
 3.95180e+22	3.61e-04	1.00e+00	1.69e-21
 3.98326e+22	3.81e-04	1.00e+00	2.17e-21
 4.01890e+22	4.07e-04	1.00e+00	2.98e-21
 4.05559e+22	4.31e-04	1.00e+00	3.92e-21
 4.08829e+22	4.55e-04	1.00e+00	5.10e-21
 4.12548e+22	4.88e-04	1.00e+00	7.18e-21
 4.16339e+22	5.17e-04	9.99e-01	9.53e-21
 4.20225e+22	5.56e-04	9.99e-01	1.37e-20
 4.24153e+22	5.90e-04	9.99e-01	1.85e-20
 4.27536e+22	6.23e-04	9.99e-01	2.45e-20
 4.30700e+22	6.55e-04	9.99e-01	3.20e-20
 4.34180e+22	6.98e-04	9.99e-01	4.45e-20
 4.37706e+22	7.37e-04	9.99e-01	6.02e-20
 4.40751e+22	7.74e-04	9.99e-01	7.84e-20
 4.44168e+22	8.23e-04	9.99e-01	1.12e-19
 4.47721e+22	8.70e-04	9.99e-01	1.56e-19
 4.50937e+22	9.16e-04	9.99e-01	2.12e-19
 4.54605e+22	9.78e-04	9.99e-01	3.15e-19
 4.58291e+22	1.03e-03	9.99e-01	4.59e-19
 4.61484e+22	1.09e-03	9.99e-01	6.27e-19
 4.64361e+22	1.13e-03	9.99e-01	8.99e-19
 4.67347e+22	1.20e-03	9.99e-01	1.24e-18
 4.70393e+22	1.25e-03	9.99e-01	1.81e-18
 4.73064e+22	1.31e-03	9.99e-01	2.50e-18
 4.76082e+22	1.38e-03	9.99e-01	4.03e-18
 4.79153e+22	1.44e-03	9.99e-01	7.72e-18
 4.81876e+22	1.50e-03	9.98e-01	1.16e-17
 4.85001e+22	1.59e-03	9.98e-01	2.40e-17
 4.88141e+22	1.66e-03	9.98e-01	4.29e-17
 4.91303e+22	1.75e-03	9.98e-01	9.32e-17
 4.94512e+22	1.83e-03	9.98e-01	3.40e-16
 4.97782e+22	1.94e-03	9.98e-01	1.08e-15
 5.00092e+22	1.97e-03	9.98e-01	2.23e-14
 5.01155e+22	2.01e-03	9.98e-01	4.79e-14
 5.02536e+22	2.05e-03	9.98e-01	8.65e-14
 5.04332e+22	2.11e-03	9.98e-01	1.17e-13
 5.06667e+22	2.20e-03	9.98e-01	1.61e-13
 5.09703e+22	2.32e-03	9.98e-01	2.29e-13
 5.12939e+22	2.43e-03	9.98e-01	2.90e-13
 5.16435e+22	2.58e-03	9.97e-01	3.98e-13
 5.19992e+22	2.71e-03	9.97e-01	5.05e-13
 5.23628e+22	2.88e-03	9.97e-01	6.69e-13
 5.27357e+22	3.03e-03	9.97e-01	8.45e-13
 5.31209e+22	3.23e-03	9.97e-01	1.11e-12
 5.34573e+22	3.35e-03	9.97e-01	1.30e-12
 5.37304e+22	3.50e-03	9.96e-01	1.55e-12
 5.40115e+22	3.64e-03	9.96e-01	1.79e-12
 5.43031e+22	3.81e-03	9.96e-01	2.12e-12
 5.45994e+22	3.96e-03	9.96e-01	2.44e-12
 5.49020e+22	4.16e-03	9.96e-01	2.90e-12
 5.52064e+22	4.32e-03	9.96e-01	3.32e-12
 5.55130e+22	4.54e-03	9.95e-01	3.91e-12
 5.58243e+22	4.72e-03	9.95e-01	4.46e-12
 5.61413e+22	4.97e-03	9.95e-01	5.26e-12
 5.64262e+22	5.11e-03	9.95e-01	5.79e-12
 5.66098e+22	5.23e-03	9.95e-01	6.22e-12
 5.67894e+22	5.38e-03	9.95e-01	6.79e-12
 5.70229e+22	5.57e-03	9.94e-01	7.57e-12
 5.73263e+22	5.86e-03	9.94e-01	8.88e-12
 5.75838e+22	5.98e-03	9.94e-01	9.51e-12
 5.77814e+22	6.18e-03	9.94e-01	1.05e-11
 5.80384e+22	6.42e-03	9.94e-01	1.18e-11
 5.83205e+22	6.66e-03	9.93e-01	1.32e-11
 5.86353e+22	6.98e-03	9.93e-01	1.53e-11
 5.89837e+22	7.33e-03	9.93e-01	1.77e-11
 5.93046e+22	7.64e-03	9.92e-01	2.01e-11
 5.96508e+22	8.04e-03	9.92e-01	2.34e-11
 6.00228e+22	8.45e-03	9.92e-01	2.72e-11
 6.04284e+22	8.99e-03	9.91e-01	3.27e-11
 6.08363e+22	9.41e-03	9.91e-01	3.76e-11
 6.12475e+22	1.00e-02	9.90e-01	4.54e-11
 6.16639e+22	1.05e-02	9.89e-01	5.26e-11
 6.20872e+22	1.13e-02	9.89e-01	6.37e-11
 6.25174e+22	1.18e-02	9.88e-01	7.41e-11
 6.29565e+22	1.27e-02	9.87e-01	9.11e-11
 6.34033e+22	1.34e-02	9.87e-01	1.08e-10
 6.38601e+22	1.45e-02	9.85e-01	1.35e-10
 6.42652e+22	1.51e-02	9.85e-01	1.54e-10
 6.46033e+22	1.61e-02	9.84e-01	1.83e-10
 6.49515e+22	1.70e-02	9.83e-01	2.15e-10
 6.52611e+22	1.79e-02	9.82e-01	2.48e-10
 6.56118e+22	1.92e-02	9.81e-01	3.02e-10
 6.59684e+22	2.04e-02	9.80e-01	3.59e-10
 6.62823e+22	2.18e-02	9.78e-01	4.29e-10
 6.66398e+22	2.37e-02	9.76e-01	5.39e-10
 6.70057e+22	2.57e-02	9.74e-01	6.66e-10
 6.73259e+22	2.78e-02	9.72e-01	8.22e-10
 6.76856e+22	3.09e-02	9.69e-01	1.08e-09
 6.80616e+22	3.45e-02	9.66e-01	1.42e-09
 6.83970e+22	3.85e-02	9.62e-01	1.88e-09
 6.87140e+22	4.31e-02	9.57e-01	2.48e-09
 6.90004e+22	4.81e-02	9.52e-01	3.22e-09
 6.92629e+22	5.39e-02	9.46e-01	4.23e-09
 6.95629e+22	6.25e-02	9.38e-01	6.00e-09
 6.97844e+22	6.86e-02	9.31e-01	7.38e-09
 6.98625e+22	7.12e-02	9.29e-01	8.03e-09
 6.99184e+22	7.36e-02	9.26e-01	8.69e-09
 6.99835e+22	7.63e-02	9.24e-01	9.43e-09
 7.00593e+22	7.97e-02	9.20e-01	1.04e-08
 7.01382e+22	8.34e-02	9.17e-01	1.16e-08
 7.02121e+22	8.72e-02	9.13e-01	1.28e-08
 7.02806e+22	9.08e-02	9.09e-01	1.40e-08
 7.03499e+22	9.50e-02	9.05e-01	1.55e-08
 7.04188e+22	9.91e-02	9.01e-01	1.71e-08
 7.04858e+22	1.04e-01	8.96e-01	1.88e-08
 7.05529e+22	1.08e-01	8.92e-01	2.08e-08
 7.06183e+22	1.13e-01	8.87e-01	2.30e-08
 7.06812e+22	1.18e-01	8.82e-01	2.52e-08
 7.07448e+22	1.24e-01	8.76e-01	2.81e-08
 7.08071e+22	1.29e-01	8.71e-01	3.07e-08
 7.08681e+22	1.35e-01	8.65e-01	3.41e-08
 7.09294e+22	1.41e-01	8.59e-01	3.75e-08
 7.09891e+22	1.47e-01	8.53e-01	4.16e-08
 7.10476e+22	1.54e-01	8.46e-01	4.57e-08
 7.11055e+22	1.61e-01	8.39e-01	5.06e-08
 7.11627e+22	1.68e-01	8.32e-01	5.61e-08
 7.12171e+22	1.76e-01	8.24e-01	6.17e-08
 7.12708e+22	1.83e-01	8.17e-01	6.73e-08
 7.13285e+22	1.92e-01	8.08e-01	7.55e-08
 7.13851e+22	2.00e-01	8.00e-01	8.23e-08
 7.14405e+22	2.09e-01	7.91e-01	9.14e-08
 7.14972e+22	2.19e-01	7.81e-01	1.03e-07
 7.15482e+22	2.27e-01	7.73e-01	1.11e-07
 7.15999e+22	2.37e-01	7.63e-01	1.23e-07
 7.16562e+22	2.48e-01	7.52e-01	1.38e-07
 7.17086e+22	2.58e-01	7.42e-01	1.49e-07
 7.17619e+22	2.70e-01	7.30e-01	1.68e-07
 7.18154e+22	2.80e-01	7.20e-01	1.83e-07
 7.18680e+22	2.93e-01	7.07e-01	2.04e-07
 7.19208e+22	3.04e-01	6.96e-01	2.23e-07
 7.19736e+22	3.17e-01	6.83e-01	2.47e-07
 7.20283e+22	3.30e-01	6.70e-01	2.72e-07
 7.20821e+22	3.43e-01	6.57e-01	3.02e-07
 7.21346e+22	3.56e-01	6.44e-01	3.30e-07
 7.21877e+22	3.70e-01	6.30e-01	3.67e-07
 7.22412e+22	3.83e-01	6.17e-01	4.01e-07
 7.22953e+22	3.98e-01	6.02e-01	4.43e-07
 7.23513e+22	4.13e-01	5.87e-01	4.90e-07
 7.24060e+22	4.27e-01	5.73e-01	5.38e-07
 7.24607e+22	4.42e-01	5.58e-01	5.91e-07
 7.25177e+22	4.57e-01	5.43e-01	6.50e-07
 7.25764e+22	4.72e-01	5.28e-01	7.14e-07
 7.26363e+22	4.88e-01	5.12e-01	7.89e-07
 7.26963e+22	5.04e-01	4.96e-01	8.66e-07
 7.27567e+22	5.19e-01	4.81e-01	9.50e-07
 7.28195e+22	5.35e-01	4.65e-01	1.04e-06
 7.28777e+22	5.49e-01	4.51e-01	1.13e-06
 7.29276e+22	5.61e-01	4.39e-01	1.21e-06
 7.29772e+22	5.72e-01	4.28e-01	1.30e-06
 7.30310e+22	5.85e-01	4.15e-01	1.39e-06
 7.30876e+22	5.98e-01	4.02e-01	1.51e-06
 7.31438e+22	6.10e-01	3.90e-01	1.62e-06
 7.31994e+22	6.21e-01	3.79e-01	1.73e-06
 7.32568e+22	6.33e-01	3.67e-01	1.85e-06
 7.33163e+22	6.45e-01	3.55e-01	2.00e-06
 7.33766e+22	6.56e-01	3.44e-01	2.13e-06
 7.34376e+22	6.67e-01	3.33e-01	2.28e-06
 7.35001e+22	6.79e-01	3.21e-01	2.45e-06
 7.35628e+22	6.89e-01	3.11e-01	2.62e-06
 7.36267e+22	7.00e-01	3.00e-01	2.80e-06
 7.36928e+22	7.10e-01	2.90e-01	2.99e-06
 7.37607e+22	7.21e-01	2.79e-01	3.20e-06
 7.38293e+22	7.30e-01	2.70e-01	3.41e-06
 7.38996e+22	7.40e-01	2.60e-01	3.64e-06
 7.39720e+22	7.50e-01	2.50e-01	3.90e-06
 7.40448e+22	7.59e-01	2.41e-01	4.16e-06
 7.41188e+22	7.68e-01	2.32e-01	4.43e-06
 7.41959e+22	7.77e-01	2.23e-01	4.73e-06
 7.42755e+22	7.86e-01	2.14e-01	5.05e-06
 7.43563e+22	7.94e-01	2.06e-01	5.38e-06
 7.44389e+22	8.02e-01	1.98e-01	5.74e-06
 7.45246e+22	8.10e-01	1.90e-01	6.12e-06
 7.46133e+22	8.17e-01	1.83e-01	6.53e-06
 7.47034e+22	8.24e-01	1.76e-01	6.96e-06
 7.47943e+22	8.31e-01	1.69e-01	7.38e-06
 7.48868e+22	8.37e-01	1.63e-01	7.84e-06
 7.49817e+22	8.43e-01	1.57e-01	8.37e-06
 7.50805e+22	8.49e-01	1.51e-01	8.92e-06
 7.51822e+22	8.55e-01	1.45e-01	9.51e-06
 7.52848e+22	8.60e-01	1.40e-01	1.01e-05
 7.53896e+22	8.65e-01	1.35e-01	1.08e-05
 7.54988e+22	8.70e-01	1.30e-01	1.14e-05
 7.56114e+22	8.74e-01	1.26e-01	1.22e-05
 7.57268e+22	8.79e-01	1.21e-01	1.29e-05
 7.58465e+22	8.83e-01	1.17e-01	1.38e-05
 7.59704e+22	8.87e-01	1.13e-01	1.47e-05
 7.60979e+22	8.91e-01	1.09e-01	1.56e-05
 7.62256e+22	8.95e-01	1.05e-01	1.66e-05
 7.63477e+22	8.98e-01	1.02e-01	1.76e-05
 7.64634e+22	9.01e-01	9.87e-02	1.85e-05
 7.65752e+22	9.04e-01	9.59e-02	1.94e-05
 7.66835e+22	9.07e-01	9.33e-02	2.03e-05
 7.67882e+22	9.09e-01	9.09e-02	2.12e-05
 7.68892e+22	9.11e-01	8.86e-02	2.20e-05
 7.69850e+22	9.14e-01	8.64e-02	2.27e-05
 7.70757e+22	9.16e-01	8.44e-02	2.35e-05
 7.71607e+22	9.17e-01	8.26e-02	2.42e-05
 7.72430e+22	9.19e-01	8.09e-02	2.48e-05
 7.73249e+22	9.21e-01	7.91e-02	2.55e-05
 7.74042e+22	9.23e-01	7.74e-02	2.61e-05
 7.74804e+22	9.24e-01	7.58e-02	2.67e-05
 7.75538e+22	9.26e-01	7.43e-02	2.72e-05
 7.76246e+22	9.27e-01	7.28e-02	2.75e-05
 7.76930e+22	9.29e-01	7.14e-02	2.78e-05
 7.77591e+22	9.30e-01	7.01e-02	2.81e-05
 7.78228e+22	9.31e-01	6.88e-02	2.83e-05
 7.78843e+22	9.32e-01	6.75e-02	2.85e-05
 7.79436e+22	9.34e-01	6.63e-02	2.87e-05
 7.80008e+22	9.35e-01	6.51e-02	2.89e-05
 7.80561e+22	9.36e-01	6.40e-02	2.90e-05
 7.81079e+22	9.37e-01	6.30e-02	2.91e-05
 7.81551e+22	9.38e-01	6.20e-02	2.92e-05
 7.81980e+22	9.39e-01	6.12e-02	2.92e-05
 7.82371e+22	9.39e-01	6.05e-02	2.92e-05
 7.82726e+22	9.40e-01	5.98e-02	2.92e-05
 7.83049e+22	9.41e-01	5.92e-02	2.92e-05
 7.83344e+22	9.41e-01	5.86e-02	2.92e-05
 7.83612e+22	9.42e-01	5.81e-02	2.91e-05
 7.83855e+22	9.42e-01	5.78e-02	2.92e-05
 7.84122e+22	9.43e-01	5.71e-02	2.92e-05
 7.84411e+22	9.43e-01	5.64e-02	2.92e-05
 7.84673e+22	9.44e-01	5.59e-02	2.91e-05
 7.84912e+22	9.44e-01	5.55e-02	2.92e-05
 7.85174e+22	9.45e-01	5.50e-02	2.91e-05
 7.85456e+22	9.46e-01	5.44e-02	2.92e-05
 7.85766e+22	9.46e-01	5.36e-02	2.92e-05
 7.86100e+22	9.47e-01	5.29e-02	2.92e-05
 7.86404e+22	9.48e-01	5.23e-02	2.92e-05
 7.86737e+22	9.48e-01	5.17e-02	2.92e-05
 7.87097e+22	9.49e-01	5.10e-02	2.93e-05
 7.87424e+22	9.50e-01	5.03e-02	2.93e-05
 7.87722e+22	9.50e-01	5.00e-02	2.94e-05
 7.88049e+22	9.51e-01	4.94e-02	2.94e-05
 7.88401e+22	9.51e-01	4.88e-02	2.95e-05
 7.88722e+22	9.52e-01	4.83e-02	2.96e-05
 7.89073e+22	9.52e-01	4.77e-02	2.96e-05
 7.89453e+22	9.53e-01	4.69e-02	2.97e-05
 7.89798e+22	9.54e-01	4.64e-02	2.98e-05
 7.90176e+22	9.54e-01	4.58e-02	2.98e-05
 7.90584e+22	9.55e-01	4.51e-02	2.99e-05
 7.90956e+22	9.55e-01	4.45e-02	3.00e-05
 7.91294e+22	9.56e-01	4.40e-02	3.01e-05
 7.91602e+22	9.56e-01	4.36e-02	3.01e-05
 7.91882e+22	9.57e-01	4.32e-02	3.02e-05
 7.92189e+22	9.57e-01	4.27e-02	3.02e-05
 7.92520e+22	9.58e-01	4.21e-02	3.03e-05
 7.92822e+22	9.58e-01	4.16e-02	3.02e-05
 7.93096e+22	9.59e-01	4.14e-02	3.04e-05
 7.93397e+22	9.59e-01	4.09e-02	3.04e-05
 7.93722e+22	9.60e-01	4.04e-02	3.06e-05
 7.94017e+22	9.60e-01	3.99e-02	3.05e-05
 7.94286e+22	9.60e-01	3.96e-02	3.07e-05
 7.94580e+22	9.61e-01	3.92e-02	3.05e-05
 7.94898e+22	9.61e-01	3.87e-02	3.07e-05
 7.95247e+22	9.62e-01	3.82e-02	3.06e-05
 7.95623e+22	9.62e-01	3.76e-02	3.06e-05
 7.95965e+22	9.63e-01	3.72e-02	3.06e-05
 7.96277e+22	9.63e-01	3.68e-02	3.05e-05
 7.96560e+22	9.63e-01	3.66e-02	3.05e-05
 7.96871e+22	9.64e-01	3.61e-02	3.06e-05
 7.97206e+22	9.64e-01	3.57e-02	3.07e-05
 7.97574e+22	9.65e-01	3.52e-02	3.07e-05
 7.97970e+22	9.65e-01	3.47e-02	3.08e-05
 7.98331e+22	9.66e-01	3.43e-02	3.09e-05
 7.98660e+22	9.66e-01	3.41e-02	3.11e-05
 7.99020e+22	9.66e-01	3.36e-02	3.12e-05
 7.99408e+22	9.67e-01	3.32e-02	3.13e-05
 7.99762e+22	9.67e-01	3.29e-02	3.15e-05
 8.00150e+22	9.67e-01	3.24e-02	3.16e-05
 8.00568e+22	9.68e-01	3.20e-02	3.18e-05
 8.00949e+22	9.68e-01	3.16e-02	3.19e-05
 8.01295e+22	9.69e-01	3.14e-02	3.22e-05
 8.01675e+22	9.69e-01	3.10e-02	3.23e-05
 8.02085e+22	9.69e-01	3.05e-02	3.24e-05
 8.02458e+22	9.70e-01	3.03e-02	3.28e-05
 8.02866e+22	9.70e-01	2.98e-02	3.29e-05
 8.03308e+22	9.71e-01	2.94e-02	3.32e-05
 8.03709e+22	9.71e-01	2.91e-02	3.35e-05
 8.04149e+22	9.71e-01	2.87e-02	3.37e-05
 8.04624e+22	9.72e-01	2.82e-02	3.40e-05
 8.05056e+22	9.72e-01	2.79e-02	3.43e-05
 8.05450e+22	9.72e-01	2.76e-02	3.47e-05
 8.05881e+22	9.73e-01	2.73e-02	3.50e-05
 8.06346e+22	9.73e-01	2.69e-02	3.53e-05
 8.06769e+22	9.73e-01	2.66e-02	3.57e-05
 8.07233e+22	9.74e-01	2.62e-02	3.60e-05
 8.07734e+22	9.74e-01	2.58e-02	3.65e-05
 8.08190e+22	9.74e-01	2.55e-02	3.71e-05
 8.08690e+22	9.75e-01	2.51e-02	3.75e-05
 8.09229e+22	9.75e-01	2.47e-02	3.81e-05
 8.09720e+22	9.76e-01	2.44e-02	3.87e-05
 8.10166e+22	9.76e-01	2.42e-02	3.92e-05
 8.10656e+22	9.76e-01	2.38e-02	3.97e-05
 8.11184e+22	9.76e-01	2.34e-02	4.03e-05
 8.11665e+22	9.77e-01	2.32e-02	4.10e-05
 8.12191e+22	9.77e-01	2.29e-02	4.16e-05
 8.12760e+22	9.77e-01	2.24e-02	4.24e-05
 8.13278e+22	9.78e-01	2.22e-02	4.33e-05
 8.13845e+22	9.78e-01	2.19e-02	4.40e-05
 8.14457e+22	9.78e-01	2.15e-02	4.49e-05
 8.15014e+22	9.79e-01	2.12e-02	4.59e-05
 8.15625e+22	9.79e-01	2.09e-02	4.68e-05
 8.16284e+22	9.79e-01	2.05e-02	4.80e-05
 8.16884e+22	9.80e-01	2.02e-02	4.92e-05
 8.17429e+22	9.80e-01	2.00e-02	5.02e-05
 8.18027e+22	9.80e-01	1.97e-02	5.12e-05
 8.18673e+22	9.81e-01	1.93e-02	5.25e-05
 8.19261e+22	9.81e-01	1.91e-02	5.38e-05
 8.19905e+22	9.81e-01	1.88e-02	5.50e-05
 8.20600e+22	9.81e-01	1.84e-02	5.66e-05
 8.21232e+22	9.82e-01	1.82e-02	5.81e-05
 8.21925e+22	9.82e-01	1.79e-02	5.95e-05
 8.22674e+22	9.82e-01	1.75e-02	6.13e-05
 8.23355e+22	9.83e-01	1.73e-02	6.31e-05
 8.24101e+22	9.83e-01	1.70e-02	6.47e-05
 8.24906e+22	9.83e-01	1.67e-02	6.70e-05
 8.25639e+22	9.83e-01	1.64e-02	6.90e-05
 8.26306e+22	9.84e-01	1.62e-02	7.08e-05
 8.27037e+22	9.84e-01	1.59e-02	7.26e-05
 8.27827e+22	9.84e-01	1.56e-02	7.49e-05
 8.28545e+22	9.84e-01	1.54e-02	7.71e-05
 8.29332e+22	9.85e-01	1.51e-02	7.91e-05
 8.30181e+22	9.85e-01	1.48e-02	8.17e-05
 8.30954e+22	9.85e-01	1.46e-02	8.41e-05
 8.31658e+22	9.85e-01	1.44e-02	8.62e-05
 8.32429e+22	9.86e-01	1.41e-02	8.83e-05
 8.33261e+22	9.86e-01	1.38e-02	9.09e-05
 8.34164e+22	9.86e-01	1.36e-02	9.34e-05
 8.35132e+22	9.87e-01	1.33e-02	9.65e-05
 8.36013e+22	9.87e-01	1.30e-02	9.92e-05
 8.36814e+22	9.87e-01	1.28e-02	1.02e-04
 8.37692e+22	9.87e-01	1.26e-02	1.04e-04
 8.38641e+22	9.87e-01	1.24e-02	1.07e-04
 8.39503e+22	9.88e-01	1.21e-02	1.09e-04
 8.40449e+22	9.88e-01	1.19e-02	1.12e-04
 8.41470e+22	9.88e-01	1.16e-02	1.15e-04
 8.42398e+22	9.88e-01	1.14e-02	1.17e-04
 8.43416e+22	9.89e-01	1.12e-02	1.21e-04
 8.44703e+22	9.89e-01	1.09e-02	1.25e-04
 8.46081e+22	9.89e-01	1.06e-02	1.30e-04
 8.47443e+22	9.89e-01	1.03e-02	1.34e-04
 8.48844e+22	9.90e-01	1.00e-02	1.38e-04
 8.50263e+22	9.90e-01	9.72e-03	1.42e-04
 8.51698e+22	9.90e-01	9.45e-03	1.46e-04
 8.53148e+22	9.91e-01	9.18e-03	1.50e-04
 8.54611e+22	9.91e-01	8.92e-03	1.54e-04
 8.56090e+22	9.91e-01	8.66e-03	1.58e-04
 8.57582e+22	9.91e-01	8.41e-03	1.62e-04
 8.59088e+22	9.91e-01	8.17e-03	1.66e-04
 8.60608e+22	9.92e-01	7.93e-03	1.71e-04
 8.62139e+22	9.92e-01	7.70e-03	1.75e-04
 8.63684e+22	9.92e-01	7.47e-03	1.79e-04
 8.65239e+22	9.92e-01	7.25e-03	1.84e-04
 8.66804e+22	9.93e-01	7.03e-03	1.88e-04
 8.68378e+22	9.93e-01	6.82e-03	1.93e-04
 8.69964e+22	9.93e-01	6.62e-03	1.97e-04
 8.71563e+22	9.93e-01	6.42e-03	2.02e-04
 8.73173e+22	9.93e-01	6.22e-03	2.07e-04
 8.74793e+22	9.94e-01	6.03e-03	2.11e-04
 8.76424e+22	9.94e-01	5.85e-03	2.16e-04
 8.78066e+22	9.94e-01	5.67e-03	2.21e-04
 8.79726e+22	9.94e-01	5.50e-03	2.26e-04
 8.81423e+22	9.94e-01	5.32e-03	2.32e-04
 8.83147e+22	9.94e-01	5.15e-03	2.37e-04
 8.84886e+22	9.95e-01	4.99e-03	2.43e-04
 8.86644e+22	9.95e-01	4.83e-03	2.49e-04
 8.88417e+22	9.95e-01	4.67e-03	2.56e-04
 8.90208e+22	9.95e-01	4.52e-03	2.62e-04
 8.92017e+22	9.95e-01	4.37e-03	2.69e-04
 8.93851e+22	9.95e-01	4.22e-03	2.76e-04
 8.95712e+22	9.95e-01	4.08e-03	2.82e-04
 8.97607e+22	9.95e-01	3.94e-03	2.89e-04
 8.99548e+22	9.96e-01	3.80e-03	2.96e-04
 9.01527e+22	9.96e-01	3.67e-03	3.04e-04
 9.03534e+22	9.96e-01	3.54e-03	3.11e-04
 9.05574e+22	9.96e-01	3.41e-03	3.18e-04
 9.07647e+22	9.96e-01	3.28e-03	3.25e-04
 9.09754e+22	9.96e-01	3.16e-03	3.33e-04
 9.11898e+22	9.96e-01	3.04e-03	3.40e-04
 9.14088e+22	9.96e-01	2.93e-03	3.47e-04
 9.16328e+22	9.96e-01	2.81e-03	3.55e-04
 9.18614e+22	9.97e-01	2.70e-03	3.62e-04
 9.20946e+22	9.97e-01	2.59e-03	3.69e-04
 9.23327e+22	9.97e-01	2.49e-03	3.76e-04
 9.25116e+22	9.97e-01	2.43e-03	3.81e-04
