#depth	Cl	Cl+	Cl+2	Cl+3	Cl+4	Cl+5	Cl+6	Cl+7	Cl+8	Cl+9	Cl+10	Cl+11	Cl+12	Cl+13	Cl+14	Cl+15	Cl+16	Cl+17
 1.54284e+22	0.00e+00	0.00e+00	0.00e+00	0.00e+00	2.27e-21	2.06e-18	1.01e-15	6.89e-13	1.24e-10	9.85e-09	3.73e-07	8.63e-06	1.17e-04	1.02e-03	9.82e-03	1.76e-01	4.48e-01	3.65e-01
 3.47080e+22	0.00e+00	0.00e+00	7.78e-26	1.96e-22	1.76e-19	9.79e-17	4.77e-14	4.51e-11	5.47e-09	2.87e-07	7.01e-06	1.05e-04	8.81e-04	4.59e-03	2.67e-02	2.93e-01	4.51e-01	2.24e-01
 4.04517e+22	0.00e+00	1.69e-28	1.47e-24	3.89e-21	2.69e-18	1.15e-15	4.22e-13	3.46e-10	3.51e-08	1.51e-06	2.97e-05	3.56e-04	2.36e-03	9.40e-03	4.20e-02	3.58e-01	4.25e-01	1.63e-01
 4.32905e+22	0.00e+00	9.76e-28	7.50e-24	1.76e-20	1.06e-17	3.93e-15	1.25e-12	9.61e-10	8.93e-08	3.48e-06	6.15e-05	6.60e-04	3.86e-03	1.33e-02	5.20e-02	3.90e-01	4.05e-01	1.36e-01
 4.44733e+22	0.00e+00	1.51e-27	1.13e-23	2.57e-20	1.50e-17	5.35e-15	1.64e-12	1.24e-09	1.13e-07	4.29e-06	7.38e-05	7.69e-04	4.35e-03	1.45e-02	5.48e-02	3.97e-01	3.99e-01	1.29e-01
 4.50174e+22	0.00e+00	2.71e-27	1.94e-23	4.23e-20	2.35e-17	8.00e-15	2.32e-12	1.73e-09	1.53e-07	5.65e-06	9.36e-05	9.41e-04	5.11e-03	1.63e-02	5.86e-02	4.07e-01	3.91e-01	1.21e-01
 4.55471e+22	0.00e+00	4.11e-27	2.85e-23	6.05e-20	3.25e-17	1.07e-14	2.99e-12	2.20e-09	1.91e-07	6.89e-06	1.11e-04	1.09e-03	5.73e-03	1.77e-02	6.14e-02	4.14e-01	3.85e-01	1.16e-01
 4.60580e+22	0.00e+00	6.96e-27	4.65e-23	9.51e-20	4.89e-17	1.54e-14	4.10e-12	2.97e-09	2.52e-07	8.83e-06	1.38e-04	1.30e-03	6.61e-03	1.95e-02	6.51e-02	4.22e-01	3.77e-01	1.09e-01
 4.65839e+22	0.00e+00	1.11e-26	7.14e-23	1.41e-19	6.98e-17	2.11e-14	5.40e-12	3.86e-09	3.21e-07	1.10e-05	1.66e-04	1.53e-03	7.49e-03	2.13e-02	6.85e-02	4.29e-01	3.69e-01	1.03e-01
 4.70128e+22	0.00e+00	1.60e-26	1.01e-22	1.94e-19	9.29e-17	2.72e-14	6.73e-12	4.76e-09	3.89e-07	1.31e-05	1.94e-04	1.74e-03	8.29e-03	2.29e-02	7.12e-02	4.34e-01	3.63e-01	9.83e-02
 4.74540e+22	0.00e+00	2.55e-26	1.55e-22	2.88e-19	1.33e-16	3.72e-14	8.85e-12	6.19e-09	4.96e-07	1.62e-05	2.34e-04	2.03e-03	9.38e-03	2.49e-02	7.48e-02	4.41e-01	3.55e-01	9.28e-02
 4.78771e+22	0.00e+00	3.61e-26	2.14e-22	3.87e-19	1.73e-16	4.71e-14	1.08e-11	7.52e-09	5.93e-07	1.91e-05	2.69e-04	2.29e-03	1.03e-02	2.66e-02	7.75e-02	4.45e-01	3.49e-01	8.88e-02
 4.82190e+22	0.00e+00	5.07e-26	2.93e-22	5.16e-19	2.24e-16	5.91e-14	1.32e-11	9.08e-09	7.07e-07	2.24e-05	3.08e-04	2.57e-03	1.13e-02	2.83e-02	8.02e-02	4.49e-01	3.43e-01	8.50e-02
 4.85542e+22	0.00e+00	6.99e-26	3.94e-22	6.78e-19	2.86e-16	7.34e-14	1.59e-11	1.09e-08	8.36e-07	2.60e-05	3.51e-04	2.86e-03	1.23e-02	3.00e-02	8.28e-02	4.53e-01	3.37e-01	8.15e-02
 4.88821e+22	0.00e+00	9.37e-26	5.17e-22	8.69e-19	3.58e-16	8.94e-14	1.88e-11	1.28e-08	9.72e-07	2.98e-05	3.95e-04	3.16e-03	1.32e-02	3.16e-02	8.52e-02	4.56e-01	3.32e-01	7.84e-02
 4.92519e+22	0.00e+00	1.39e-25	7.44e-22	1.21e-18	4.83e-16	1.16e-13	2.36e-11	1.59e-08	1.19e-06	3.57e-05	4.63e-04	3.60e-03	1.47e-02	3.39e-02	8.85e-02	4.60e-01	3.24e-01	7.43e-02
 4.96234e+22	0.00e+00	1.95e-25	1.02e-21	1.62e-18	6.22e-16	1.45e-13	2.86e-11	1.92e-08	1.42e-06	4.18e-05	5.29e-04	4.04e-03	1.60e-02	3.60e-02	9.14e-02	4.63e-01	3.18e-01	7.09e-02
 4.99370e+22	0.00e+00	2.65e-25	1.35e-21	2.09e-18	7.84e-16	1.78e-13	3.39e-11	2.27e-08	1.66e-06	4.81e-05	5.98e-04	4.47e-03	1.73e-02	3.79e-02	9.40e-02	4.66e-01	3.12e-01	6.79e-02
 5.02314e+22	0.00e+00	3.58e-25	1.78e-21	2.69e-18	9.81e-16	2.16e-13	4.01e-11	2.67e-08	1.93e-06	5.52e-05	6.74e-04	4.94e-03	1.87e-02	4.00e-02	9.65e-02	4.68e-01	3.06e-01	6.51e-02
 5.05154e+22	0.00e+00	4.66e-25	2.27e-21	3.36e-18	1.20e-15	2.57e-13	4.64e-11	3.09e-08	2.21e-06	6.23e-05	7.48e-04	5.38e-03	2.00e-02	4.18e-02	9.88e-02	4.70e-01	3.01e-01	6.27e-02
 5.08386e+22	0.00e+00	6.65e-25	3.15e-21	4.53e-18	1.56e-15	3.24e-13	5.65e-11	3.74e-08	2.64e-06	7.34e-05	8.60e-04	6.05e-03	2.19e-02	4.44e-02	1.02e-01	4.72e-01	2.94e-01	5.95e-02
 5.11717e+22	0.00e+00	9.18e-25	4.24e-21	5.94e-18	1.98e-15	3.98e-13	6.73e-11	4.45e-08	3.11e-06	8.50e-05	9.76e-04	6.73e-03	2.38e-02	4.69e-02	1.05e-01	4.73e-01	2.87e-01	5.67e-02
 5.14614e+22	0.00e+00	1.23e-24	5.54e-21	7.56e-18	2.45e-15	4.80e-13	7.87e-11	5.19e-08	3.59e-06	9.69e-05	1.09e-03	7.39e-03	2.56e-02	4.92e-02	1.07e-01	4.74e-01	2.81e-01	5.42e-02
 5.17821e+22	0.00e+00	1.76e-24	7.74e-21	1.02e-17	3.21e-15	6.05e-13	9.58e-11	6.31e-08	4.31e-06	1.14e-04	1.26e-03	8.31e-03	2.80e-02	5.22e-02	1.10e-01	4.75e-01	2.74e-01	5.13e-02
 5.20947e+22	0.00e+00	2.33e-24	9.98e-21	1.29e-17	3.94e-15	7.22e-13	1.11e-10	7.31e-08	4.96e-06	1.30e-04	1.40e-03	9.09e-03	3.00e-02	5.45e-02	1.13e-01	4.76e-01	2.68e-01	4.91e-02
 5.23559e+22	0.00e+00	3.09e-24	1.29e-20	1.63e-17	4.84e-15	8.61e-13	1.29e-10	8.48e-08	5.70e-06	1.47e-04	1.57e-03	9.95e-03	3.21e-02	5.71e-02	1.15e-01	4.76e-01	2.62e-01	4.69e-02
 5.26131e+22	0.00e+00	4.03e-24	1.65e-20	2.03e-17	5.87e-15	1.02e-12	1.48e-10	9.75e-08	6.50e-06	1.66e-04	1.73e-03	1.08e-02	3.42e-02	5.95e-02	1.17e-01	4.75e-01	2.56e-01	4.49e-02
 5.29060e+22	0.00e+00	5.71e-24	2.27e-20	2.71e-17	7.55e-15	1.26e-12	1.77e-10	1.17e-07	7.72e-06	1.94e-04	1.98e-03	1.21e-02	3.72e-02	6.28e-02	1.20e-01	4.75e-01	2.49e-01	4.24e-02
 5.32031e+22	0.00e+00	7.72e-24	2.99e-20	3.47e-17	9.37e-15	1.52e-12	2.06e-10	1.36e-07	8.95e-06	2.22e-04	2.22e-03	1.33e-02	4.00e-02	6.57e-02	1.22e-01	4.74e-01	2.42e-01	4.03e-02
 5.34592e+22	0.00e+00	1.01e-23	3.83e-20	4.34e-17	1.14e-14	1.79e-12	2.36e-10	1.57e-07	1.02e-05	2.50e-04	2.46e-03	1.45e-02	4.26e-02	6.85e-02	1.25e-01	4.73e-01	2.36e-01	3.85e-02
 5.37457e+22	0.00e+00	1.45e-23	5.31e-20	5.81e-17	1.47e-14	2.22e-12	2.82e-10	1.88e-07	1.21e-05	2.92e-04	2.82e-03	1.62e-02	4.63e-02	7.22e-02	1.27e-01	4.70e-01	2.28e-01	3.62e-02
 5.40378e+22	0.00e+00	1.95e-23	6.96e-20	7.41e-17	1.81e-14	2.65e-12	3.27e-10	2.19e-07	1.40e-05	3.33e-04	3.15e-03	1.77e-02	4.96e-02	7.53e-02	1.30e-01	4.68e-01	2.22e-01	3.43e-02
 5.43374e+22	0.00e+00	2.86e-23	9.87e-20	1.01e-16	2.37e-14	3.32e-12	3.93e-10	2.65e-07	1.69e-05	3.94e-04	3.64e-03	1.99e-02	5.41e-02	7.95e-02	1.32e-01	4.65e-01	2.13e-01	3.20e-02
 5.46377e+22	0.00e+00	3.87e-23	1.30e-19	1.29e-16	2.94e-14	3.97e-12	4.54e-10	3.09e-07	1.95e-05	4.49e-04	4.07e-03	2.18e-02	5.79e-02	8.29e-02	1.34e-01	4.62e-01	2.07e-01	3.02e-02
 5.48911e+22	0.00e+00	5.10e-23	1.67e-19	1.62e-16	3.57e-14	4.68e-12	5.19e-10	3.54e-07	2.22e-05	5.07e-04	4.50e-03	2.37e-02	6.15e-02	8.60e-02	1.36e-01	4.58e-01	2.01e-01	2.87e-02
 5.51725e+22	0.00e+00	7.57e-23	2.39e-19	2.22e-16	4.67e-14	5.84e-12	6.19e-10	4.29e-07	2.67e-05	6.00e-04	5.20e-03	2.66e-02	6.71e-02	9.06e-02	1.38e-01	4.53e-01	1.92e-01	2.66e-02
 5.54488e+22	0.00e+00	9.87e-23	3.05e-19	2.75e-16	5.63e-14	6.82e-12	7.02e-10	4.89e-07	3.03e-05	6.72e-04	5.73e-03	2.87e-02	7.10e-02	9.38e-02	1.40e-01	4.49e-01	1.86e-01	2.52e-02
 5.57185e+22	0.00e+00	1.45e-22	4.30e-19	3.73e-16	7.28e-14	8.42e-12	8.30e-10	5.86e-07	3.62e-05	7.90e-04	6.57e-03	3.21e-02	7.69e-02	9.83e-02	1.42e-01	4.43e-01	1.78e-01	2.33e-02
 5.59830e+22	0.00e+00	1.87e-22	5.43e-19	4.59e-16	8.70e-14	9.76e-12	9.34e-10	6.65e-07	4.08e-05	8.81e-04	7.20e-03	3.45e-02	8.11e-02	1.01e-01	1.43e-01	4.38e-01	1.72e-01	2.21e-02
 5.62409e+22	0.00e+00	2.73e-22	7.63e-19	6.18e-16	1.12e-13	1.20e-11	1.10e-09	7.93e-07	4.85e-05	1.03e-03	8.22e-03	3.84e-02	8.76e-02	1.06e-01	1.44e-01	4.30e-01	1.64e-01	2.04e-02
 5.64982e+22	0.00e+00	3.56e-22	9.70e-19	7.63e-16	1.34e-13	1.39e-11	1.23e-09	9.00e-07	5.48e-05	1.15e-03	9.02e-03	4.13e-02	9.23e-02	1.09e-01	1.45e-01	4.25e-01	1.58e-01	1.93e-02
 5.67548e+22	0.00e+00	5.21e-22	1.37e-18	1.03e-15	1.72e-13	1.70e-11	1.44e-09	1.07e-06	6.49e-05	1.35e-03	1.03e-02	4.58e-02	9.94e-02	1.14e-01	1.46e-01	4.16e-01	1.50e-01	1.77e-02
 5.70137e+22	0.00e+00	6.89e-22	1.76e-18	1.28e-15	2.07e-13	1.97e-11	1.62e-09	1.22e-06	7.36e-05	1.51e-03	1.13e-02	4.94e-02	1.05e-01	1.17e-01	1.47e-01	4.09e-01	1.44e-01	1.66e-02
 5.72754e+22	0.00e+00	1.02e-21	2.50e-18	1.74e-15	2.68e-13	2.42e-11	1.89e-09	1.46e-06	8.76e-05	1.77e-03	1.29e-02	5.47e-02	1.13e-01	1.22e-01	1.47e-01	3.98e-01	1.35e-01	1.51e-02
 5.75393e+22	0.00e+00	1.36e-21	3.23e-18	2.18e-15	3.24e-13	2.82e-11	2.13e-09	1.66e-06	9.94e-05	1.98e-03	1.42e-02	5.89e-02	1.19e-01	1.25e-01	1.47e-01	3.90e-01	1.29e-01	1.41e-02
 5.78059e+22	0.00e+00	2.01e-21	4.59e-18	2.95e-15	4.17e-13	3.44e-11	2.49e-09	1.97e-06	1.18e-04	2.31e-03	1.61e-02	6.50e-02	1.27e-01	1.29e-01	1.47e-01	3.79e-01	1.21e-01	1.28e-02
 5.80703e+22	0.00e+00	2.70e-21	5.97e-18	3.71e-15	5.05e-13	4.00e-11	2.79e-09	2.25e-06	1.34e-04	2.59e-03	1.78e-02	6.99e-02	1.33e-01	1.32e-01	1.47e-01	3.70e-01	1.15e-01	1.19e-02
 5.83320e+22	0.00e+00	3.97e-21	8.44e-18	5.00e-15	6.47e-13	4.87e-11	3.24e-09	2.66e-06	1.57e-04	3.01e-03	2.01e-02	7.68e-02	1.42e-01	1.36e-01	1.46e-01	3.57e-01	1.08e-01	1.07e-02
 5.85987e+22	0.00e+00	5.41e-21	1.11e-17	6.34e-15	7.88e-13	5.69e-11	3.64e-09	3.03e-06	1.79e-04	3.39e-03	2.21e-02	8.26e-02	1.49e-01	1.39e-01	1.45e-01	3.47e-01	1.02e-01	9.87e-03
 5.88718e+22	0.00e+00	8.12e-21	1.60e-17	8.66e-15	1.02e-12	6.95e-11	4.23e-09	3.60e-06	2.12e-04	3.94e-03	2.50e-02	9.06e-02	1.58e-01	1.43e-01	1.43e-01	3.33e-01	9.43e-02	8.81e-03
 5.91465e+22	0.00e+00	1.11e-20	2.11e-17	1.10e-14	1.24e-12	8.12e-11	4.75e-09	4.10e-06	2.40e-04	4.42e-03	2.75e-02	9.71e-02	1.66e-01	1.45e-01	1.42e-01	3.21e-01	8.86e-02	8.05e-03
 5.94231e+22	0.00e+00	1.68e-20	3.05e-17	1.50e-14	1.61e-12	9.91e-11	5.52e-09	4.84e-06	2.83e-04	5.12e-03	3.10e-02	1.06e-01	1.75e-01	1.48e-01	1.39e-01	3.06e-01	8.14e-02	7.13e-03
 5.97017e+22	0.00e+00	2.30e-20	4.04e-17	1.91e-14	1.96e-12	1.16e-10	6.19e-09	5.50e-06	3.20e-04	5.73e-03	3.39e-02	1.13e-01	1.82e-01	1.50e-01	1.37e-01	2.95e-01	7.60e-02	6.48e-03
 5.99427e+22	0.00e+00	3.12e-20	5.30e-17	2.41e-14	2.37e-12	1.34e-10	6.91e-09	6.20e-06	3.60e-04	6.37e-03	3.69e-02	1.20e-01	1.89e-01	1.52e-01	1.35e-01	2.83e-01	7.10e-02	5.89e-03
 6.02157e+22	0.00e+00	4.62e-20	7.51e-17	3.25e-14	3.03e-12	1.62e-10	7.96e-09	7.23e-06	4.17e-04	7.28e-03	4.11e-02	1.30e-01	1.98e-01	1.53e-01	1.32e-01	2.68e-01	6.49e-02	5.20e-03
 6.04893e+22	0.00e+00	6.25e-20	9.82e-17	4.08e-14	3.66e-12	1.88e-10	8.87e-09	8.11e-06	4.67e-04	8.05e-03	4.45e-02	1.37e-01	2.04e-01	1.54e-01	1.29e-01	2.57e-01	6.04e-02	4.71e-03
 6.07639e+22	0.00e+00	9.24e-20	1.39e-16	5.49e-14	4.67e-12	2.26e-10	1.02e-08	9.39e-06	5.37e-04	9.14e-03	4.93e-02	1.47e-01	2.12e-01	1.55e-01	1.25e-01	2.42e-01	5.49e-02	4.12e-03
 6.10417e+22	0.00e+00	1.24e-19	1.81e-16	6.87e-14	5.62e-12	2.61e-10	1.14e-08	1.05e-05	5.97e-04	1.01e-02	5.31e-02	1.55e-01	2.18e-01	1.55e-01	1.22e-01	2.31e-01	5.09e-02	3.72e-03
 6.13237e+22	0.00e+00	1.84e-19	2.56e-16	9.23e-14	7.16e-12	3.15e-10	1.30e-08	1.21e-05	6.84e-04	1.14e-02	5.84e-02	1.65e-01	2.26e-01	1.55e-01	1.18e-01	2.16e-01	4.60e-02	3.24e-03
 6.16113e+22	0.00e+00	2.47e-19	3.33e-16	1.16e-13	8.63e-12	3.65e-10	1.46e-08	1.34e-05	7.57e-04	1.24e-02	6.27e-02	1.73e-01	2.31e-01	1.55e-01	1.15e-01	2.06e-01	4.25e-02	2.91e-03
 6.19061e+22	0.00e+00	3.64e-19	4.71e-16	1.55e-13	1.10e-11	4.41e-10	1.68e-08	1.54e-05	8.62e-04	1.39e-02	6.86e-02	1.83e-01	2.37e-01	1.54e-01	1.10e-01	1.92e-01	3.82e-02	2.52e-03
 6.22097e+22	0.00e+00	4.96e-19	6.20e-16	1.96e-13	1.34e-11	5.14e-10	1.88e-08	1.72e-05	9.54e-04	1.53e-02	7.35e-02	1.91e-01	2.42e-01	1.53e-01	1.06e-01	1.81e-01	3.49e-02	2.24e-03
 6.25249e+22	0.00e+00	7.37e-19	8.82e-16	2.65e-13	1.72e-11	6.24e-10	2.18e-08	1.97e-05	1.08e-03	1.71e-02	8.02e-02	2.01e-01	2.47e-01	1.51e-01	1.02e-01	1.67e-01	3.11e-02	1.92e-03
 6.28446e+22	0.00e+00	1.00e-18	1.16e-15	3.35e-13	2.08e-11	7.28e-10	2.45e-08	2.18e-05	1.19e-03	1.86e-02	8.56e-02	2.09e-01	2.51e-01	1.49e-01	9.78e-02	1.57e-01	2.84e-02	1.70e-03
 6.31703e+22	0.00e+00	1.48e-18	1.64e-15	4.51e-13	2.67e-11	8.84e-10	2.84e-08	2.49e-05	1.35e-03	2.07e-02	9.27e-02	2.20e-01	2.55e-01	1.46e-01	9.30e-02	1.45e-01	2.52e-02	1.45e-03
 6.34982e+22	0.00e+00	1.99e-18	2.14e-15	5.66e-13	3.23e-11	1.03e-09	3.19e-08	2.75e-05	1.47e-03	2.24e-02	9.84e-02	2.27e-01	2.57e-01	1.44e-01	8.92e-02	1.36e-01	2.29e-02	1.28e-03
 6.38289e+22	0.00e+00	2.92e-18	3.02e-15	7.58e-13	4.12e-11	1.25e-09	3.69e-08	3.11e-05	1.65e-03	2.47e-02	1.06e-01	2.37e-01	2.60e-01	1.41e-01	8.44e-02	1.25e-01	2.02e-02	1.09e-03
 6.41490e+22	0.00e+00	3.77e-18	3.79e-15	9.23e-13	4.86e-11	1.42e-09	4.09e-08	3.39e-05	1.78e-03	2.64e-02	1.11e-01	2.43e-01	2.61e-01	1.38e-01	8.12e-02	1.18e-01	1.86e-02	9.77e-04
 6.44554e+22	3.07e-32	5.30e-18	5.14e-15	1.20e-12	6.04e-11	1.69e-09	4.67e-08	3.78e-05	1.97e-03	2.88e-02	1.18e-01	2.51e-01	2.62e-01	1.35e-01	7.70e-02	1.09e-01	1.66e-02	8.41e-04
 6.47697e+22	4.11e-32	6.90e-18	6.50e-15	1.47e-12	7.16e-11	1.94e-09	5.19e-08	4.12e-05	2.12e-03	3.07e-02	1.24e-01	2.57e-01	2.63e-01	1.32e-01	7.38e-02	1.02e-01	1.51e-02	7.48e-04
 6.50942e+22	6.03e-32	9.79e-18	8.89e-15	1.92e-12	8.97e-11	2.32e-09	5.96e-08	4.60e-05	2.34e-03	3.34e-02	1.32e-01	2.64e-01	2.63e-01	1.28e-01	6.96e-02	9.33e-02	1.34e-02	6.38e-04
 6.54229e+22	7.99e-32	1.26e-17	1.12e-14	2.34e-12	1.06e-10	2.66e-09	6.63e-08	5.01e-05	2.52e-03	3.55e-02	1.38e-01	2.70e-01	2.63e-01	1.25e-01	6.65e-02	8.74e-02	1.22e-02	5.66e-04
 6.57570e+22	1.16e-31	1.77e-17	1.51e-14	3.03e-12	1.32e-10	3.17e-09	7.60e-08	5.58e-05	2.77e-03	3.84e-02	1.45e-01	2.77e-01	2.62e-01	1.21e-01	6.26e-02	8.00e-02	1.08e-02	4.83e-04
 6.60885e+22	1.53e-31	2.27e-17	1.89e-14	3.67e-12	1.55e-10	3.61e-09	8.42e-08	6.04e-05	2.97e-03	4.07e-02	1.51e-01	2.81e-01	2.61e-01	1.18e-01	5.97e-02	7.48e-02	9.80e-03	4.28e-04
 6.64166e+22	2.19e-31	3.15e-17	2.53e-14	4.72e-12	1.92e-10	4.29e-09	9.62e-08	6.69e-05	3.24e-03	4.38e-02	1.59e-01	2.87e-01	2.59e-01	1.14e-01	5.61e-02	6.84e-02	8.65e-03	3.65e-04
 6.67480e+22	2.84e-31	3.99e-17	3.14e-14	5.69e-12	2.25e-10	4.88e-09	1.06e-07	7.24e-05	3.46e-03	4.63e-02	1.65e-01	2.91e-01	2.57e-01	1.11e-01	5.35e-02	6.40e-02	7.88e-03	3.25e-04
 6.70836e+22	4.04e-31	5.50e-17	4.19e-14	7.28e-12	2.77e-10	5.78e-09	1.22e-07	8.01e-05	3.77e-03	4.96e-02	1.73e-01	2.96e-01	2.55e-01	1.06e-01	5.02e-02	5.84e-02	6.95e-03	2.76e-04
 6.74257e+22	5.28e-31	7.01e-17	5.20e-14	8.80e-12	3.26e-10	6.59e-09	1.35e-07	8.66e-05	4.03e-03	5.23e-02	1.80e-01	3.00e-01	2.52e-01	1.03e-01	4.77e-02	5.44e-02	6.30e-03	2.44e-04
 6.77762e+22	7.53e-31	9.67e-17	6.95e-14	1.13e-11	4.03e-10	7.82e-09	1.54e-07	9.59e-05	4.38e-03	5.61e-02	1.88e-01	3.04e-01	2.49e-01	9.88e-02	4.45e-02	4.94e-02	5.53e-03	2.07e-04
 6.81332e+22	9.83e-31	1.23e-16	8.65e-14	1.37e-11	4.74e-10	8.94e-09	1.71e-07	1.04e-04	4.68e-03	5.90e-02	1.94e-01	3.07e-01	2.46e-01	9.54e-02	4.22e-02	4.59e-02	4.99e-03	1.82e-04
 6.84985e+22	4.99e-31	1.70e-16	1.16e-13	1.76e-11	5.87e-10	1.06e-08	1.97e-07	1.15e-04	5.09e-03	6.31e-02	2.03e-01	3.11e-01	2.42e-01	9.10e-02	3.93e-02	4.15e-02	4.36e-03	1.53e-04
 6.88707e+22	6.54e-31	2.17e-16	1.44e-13	2.13e-11	6.92e-10	1.22e-08	2.19e-07	1.25e-04	5.44e-03	6.65e-02	2.10e-01	3.13e-01	2.38e-01	8.77e-02	3.71e-02	3.84e-02	3.92e-03	1.34e-04
 6.92518e+22	9.34e-31	3.01e-16	1.93e-13	2.74e-11	8.58e-10	1.45e-08	2.52e-07	1.38e-04	5.91e-03	7.10e-02	2.19e-01	3.15e-01	2.33e-01	8.33e-02	3.44e-02	3.46e-02	3.41e-03	1.12e-04
 6.96242e+22	1.19e-30	3.73e-16	2.35e-13	3.26e-11	9.96e-10	1.64e-08	2.78e-07	1.49e-04	6.27e-03	7.42e-02	2.24e-01	3.17e-01	2.30e-01	8.04e-02	3.26e-02	3.22e-02	3.09e-03	9.97e-05
 6.99855e+22	1.66e-30	5.06e-16	3.09e-13	4.13e-11	1.22e-09	1.94e-08	3.17e-07	1.64e-04	6.78e-03	7.88e-02	2.33e-01	3.19e-01	2.24e-01	7.64e-02	3.02e-02	2.91e-02	2.70e-03	8.40e-05
 7.03525e+22	2.12e-30	6.29e-16	3.77e-13	4.91e-11	1.42e-09	2.20e-08	3.51e-07	1.77e-04	7.19e-03	8.23e-02	2.39e-01	3.19e-01	2.21e-01	7.35e-02	2.86e-02	2.70e-02	2.44e-03	7.42e-05
 7.07270e+22	2.93e-30	8.46e-16	4.92e-13	6.19e-11	1.73e-09	2.59e-08	4.00e-07	1.95e-04	7.76e-03	8.71e-02	2.47e-01	3.20e-01	2.15e-01	6.97e-02	2.65e-02	2.44e-02	2.13e-03	6.25e-05
 7.11132e+22	3.81e-30	1.07e-15	6.11e-13	7.48e-11	2.03e-09	2.97e-08	4.45e-07	2.11e-04	8.26e-03	9.13e-02	2.54e-01	3.20e-01	2.10e-01	6.66e-02	2.49e-02	2.24e-02	1.91e-03	5.44e-05
 7.15145e+22	5.30e-30	1.44e-15	7.99e-13	9.47e-11	2.49e-09	3.51e-08	5.10e-07	2.34e-04	8.92e-03	9.66e-02	2.62e-01	3.20e-01	2.05e-01	6.29e-02	2.30e-02	2.02e-02	1.66e-03	4.56e-05
 7.19291e+22	7.00e-30	1.86e-15	1.00e-12	1.16e-10	2.96e-09	4.05e-08	5.72e-07	2.54e-04	9.52e-03	1.01e-01	2.69e-01	3.20e-01	1.99e-01	5.99e-02	2.14e-02	1.84e-02	1.47e-03	3.93e-05
 7.23609e+22	9.86e-30	2.53e-15	1.33e-12	1.48e-10	3.66e-09	4.83e-08	6.59e-07	2.83e-04	1.03e-02	1.07e-01	2.77e-01	3.19e-01	1.93e-01	5.62e-02	1.96e-02	1.64e-02	1.26e-03	3.26e-05
 7.28045e+22	1.31e-29	3.28e-15	1.68e-12	1.82e-10	4.37e-09	5.60e-08	7.42e-07	3.09e-04	1.10e-02	1.12e-01	2.84e-01	3.17e-01	1.87e-01	5.32e-02	1.82e-02	1.49e-02	1.11e-03	2.78e-05
 7.32637e+22	1.87e-29	4.50e-15	2.24e-12	2.34e-10	5.45e-09	6.73e-08	8.60e-07	3.44e-04	1.20e-02	1.19e-01	2.92e-01	3.15e-01	1.80e-01	4.97e-02	1.66e-02	1.32e-02	9.47e-04	2.28e-05
 7.37381e+22	2.53e-29	5.89e-15	2.87e-12	2.90e-10	6.56e-09	7.86e-08	9.75e-07	3.78e-04	1.28e-02	1.25e-01	2.99e-01	3.13e-01	1.75e-01	4.68e-02	1.53e-02	1.19e-02	8.26e-04	1.93e-05
 7.42323e+22	3.66e-29	8.21e-15	3.87e-12	3.79e-10	8.26e-09	9.52e-08	1.14e-06	4.24e-04	1.40e-02	1.32e-01	3.08e-01	3.10e-01	1.67e-01	4.34e-02	1.39e-02	1.04e-02	6.96e-04	1.56e-05
 7.47397e+22	5.00e-29	1.08e-14	4.99e-12	4.73e-10	1.00e-08	1.12e-07	1.30e-06	4.67e-04	1.50e-02	1.39e-01	3.14e-01	3.07e-01	1.61e-01	4.06e-02	1.27e-02	9.34e-03	6.02e-04	1.31e-05
 7.51948e+22	6.70e-29	1.41e-14	6.34e-12	5.85e-10	1.20e-08	1.30e-07	1.47e-06	5.12e-04	1.61e-02	1.45e-01	3.21e-01	3.04e-01	1.55e-01	3.81e-02	1.17e-02	8.40e-03	5.24e-04	1.10e-05
 7.57173e+22	9.96e-29	2.01e-14	8.75e-12	7.76e-10	1.54e-08	1.60e-07	1.73e-06	5.77e-04	1.76e-02	1.54e-01	3.29e-01	2.99e-01	1.47e-01	3.49e-02	1.04e-02	7.25e-03	4.33e-04	8.72e-06
 7.62436e+22	1.33e-28	2.61e-14	1.11e-11	9.58e-10	1.84e-08	1.86e-07	1.96e-06	6.33e-04	1.88e-02	1.61e-01	3.34e-01	2.95e-01	1.41e-01	3.27e-02	9.57e-03	6.50e-03	3.76e-04	7.33e-06
 7.67747e+22	1.97e-28	3.69e-14	1.52e-11	1.26e-09	2.34e-08	2.28e-07	2.30e-06	7.13e-04	2.05e-02	1.70e-01	3.42e-01	2.89e-01	1.34e-01	2.99e-02	8.52e-03	5.61e-03	3.11e-04	5.80e-06
 7.73170e+22	2.69e-28	4.88e-14	1.96e-11	1.58e-09	2.85e-08	2.68e-07	2.63e-06	7.85e-04	2.19e-02	1.78e-01	3.47e-01	2.84e-01	1.28e-01	2.77e-02	7.75e-03	4.97e-03	2.66e-04	4.79e-06
 7.78741e+22	3.99e-28	6.96e-14	2.71e-11	2.10e-09	3.64e-08	3.30e-07	3.11e-06	8.86e-04	2.39e-02	1.87e-01	3.54e-01	2.77e-01	1.20e-01	2.52e-02	6.85e-03	4.25e-03	2.17e-04	3.75e-06
 7.84398e+22	5.49e-28	9.28e-14	3.53e-11	2.65e-09	4.45e-08	3.89e-07	3.55e-06	9.78e-04	2.56e-02	1.96e-01	3.59e-01	2.71e-01	1.14e-01	2.32e-02	6.19e-03	3.74e-03	1.84e-04	3.06e-06
 7.90170e+22	8.28e-28	1.35e-13	4.94e-11	3.56e-09	5.75e-08	4.83e-07	4.23e-06	1.11e-03	2.80e-02	2.07e-01	3.65e-01	2.63e-01	1.07e-01	2.09e-02	5.42e-03	3.16e-03	1.48e-04	2.35e-06
 7.95625e+22	1.08e-27	1.72e-13	6.18e-11	4.33e-09	6.82e-08	5.57e-07	4.75e-06	1.21e-03	2.97e-02	2.14e-01	3.68e-01	2.58e-01	1.02e-01	1.94e-02	4.95e-03	2.82e-03	1.28e-04	1.97e-06
 8.00669e+22	1.55e-27	2.38e-13	8.30e-11	5.61e-09	8.54e-08	6.72e-07	5.53e-06	1.34e-03	3.20e-02	2.24e-01	3.73e-01	2.50e-01	9.55e-02	1.76e-02	4.39e-03	2.42e-03	1.05e-04	1.55e-06
 8.05756e+22	2.02e-27	3.04e-13	1.04e-10	6.83e-09	1.01e-07	7.75e-07	6.21e-06	1.46e-03	3.39e-02	2.31e-01	3.76e-01	2.44e-01	9.09e-02	1.63e-02	4.00e-03	2.15e-03	9.08e-05	1.30e-06
 8.10900e+22	2.90e-27	4.24e-13	1.40e-10	8.88e-09	1.27e-07	9.40e-07	7.25e-06	1.63e-03	3.66e-02	2.42e-01	3.79e-01	2.36e-01	8.48e-02	1.47e-02	3.52e-03	1.83e-03	7.39e-05	1.01e-06
 8.16090e+22	3.81e-27	5.46e-13	1.76e-10	1.09e-08	1.52e-07	1.09e-06	8.18e-06	1.78e-03	3.88e-02	2.50e-01	3.81e-01	2.30e-01	8.02e-02	1.36e-02	3.19e-03	1.62e-03	6.30e-05	8.31e-07
 8.21339e+22	5.44e-27	7.63e-13	2.39e-10	1.42e-08	1.91e-07	1.32e-06	9.59e-06	1.99e-03	4.18e-02	2.61e-01	3.84e-01	2.21e-01	7.44e-02	1.21e-02	2.79e-03	1.37e-03	5.08e-05	6.40e-07
 8.26663e+22	7.17e-27	9.88e-13	3.02e-10	1.74e-08	2.29e-07	1.54e-06	1.09e-05	2.17e-03	4.44e-02	2.70e-01	3.85e-01	2.14e-01	7.01e-02	1.11e-02	2.51e-03	1.20e-03	4.30e-05	5.22e-07
 8.32083e+22	1.03e-26	1.39e-12	4.13e-10	2.29e-08	2.92e-07	1.89e-06	1.28e-05	2.44e-03	4.79e-02	2.81e-01	3.86e-01	2.04e-01	6.45e-02	9.86e-03	2.18e-03	9.98e-04	3.41e-05	3.95e-07
 8.37576e+22	1.35e-26	1.81e-12	5.24e-10	2.82e-08	3.51e-07	2.21e-06	1.46e-05	2.67e-03	5.09e-02	2.90e-01	3.87e-01	1.97e-01	6.04e-02	8.98e-03	1.95e-03	8.68e-04	2.86e-05	3.19e-07
 8.43163e+22	1.93e-26	2.56e-12	7.17e-10	3.72e-08	4.48e-07	2.72e-06	1.73e-05	3.01e-03	5.50e-02	3.02e-01	3.87e-01	1.87e-01	5.52e-02	7.89e-03	1.67e-03	7.17e-04	2.24e-05	2.38e-07
 8.48868e+22	2.56e-26	3.38e-12	9.22e-10	4.65e-08	5.45e-07	3.21e-06	1.98e-05	3.31e-03	5.86e-02	3.12e-01	3.86e-01	1.79e-01	5.13e-02	7.10e-03	1.48e-03	6.13e-04	1.84e-05	1.87e-07
 8.54728e+22	3.66e-26	4.82e-12	1.27e-09	6.18e-08	7.03e-07	3.99e-06	2.37e-05	3.75e-03	6.35e-02	3.25e-01	3.84e-01	1.69e-01	4.63e-02	6.16e-03	1.26e-03	4.99e-04	1.42e-05	1.37e-07
 8.60708e+22	4.85e-26	6.39e-12	1.65e-09	7.77e-08	8.62e-07	4.75e-06	2.75e-05	4.15e-03	6.78e-02	3.35e-01	3.82e-01	1.61e-01	4.26e-02	5.48e-03	1.10e-03	4.21e-04	1.14e-05	0.00e+00
 8.66652e+22	6.76e-26	8.98e-12	2.25e-09	1.03e-07	1.11e-06	5.89e-06	3.29e-05	4.70e-03	7.33e-02	3.48e-01	3.79e-01	1.50e-01	3.83e-02	4.73e-03	9.27e-04	3.40e-04	8.75e-06	0.00e+00
 8.72298e+22	8.54e-26	1.14e-11	2.80e-09	1.25e-07	1.32e-06	6.87e-06	3.74e-05	5.14e-03	7.76e-02	3.57e-01	3.76e-01	1.43e-01	3.54e-02	4.25e-03	8.20e-04	2.91e-04	7.20e-06	0.00e+00
 8.77750e+22	1.14e-25	1.56e-11	3.72e-09	1.61e-07	1.67e-06	8.42e-06	4.45e-05	5.78e-03	8.35e-02	3.69e-01	3.71e-01	1.34e-01	3.18e-02	3.67e-03	6.95e-04	2.36e-04	5.54e-06	0.00e+00
 8.83306e+22	1.43e-25	1.98e-11	4.65e-09	1.98e-07	2.01e-06	9.89e-06	5.11e-05	6.36e-03	8.85e-02	3.79e-01	3.67e-01	1.27e-01	2.91e-02	3.26e-03	6.08e-04	2.00e-04	4.49e-06	0.00e+00
 8.88762e+22	1.85e-25	2.63e-11	6.05e-09	2.51e-07	2.51e-06	1.20e-05	6.04e-05	7.12e-03	9.50e-02	3.90e-01	3.61e-01	1.18e-01	2.61e-02	2.81e-03	5.15e-04	1.62e-04	3.46e-06	0.00e+00
 8.94329e+22	2.30e-25	3.35e-11	7.56e-09	3.08e-07	3.04e-06	1.42e-05	6.98e-05	7.87e-03	1.01e-01	3.99e-01	3.55e-01	1.11e-01	2.37e-02	2.47e-03	4.46e-04	1.35e-04	2.76e-06	0.00e+00
 8.99755e+22	2.84e-25	4.32e-11	9.60e-09	3.85e-07	3.74e-06	1.71e-05	8.19e-05	8.77e-03	1.08e-01	4.09e-01	3.47e-01	1.03e-01	2.12e-02	2.13e-03	3.79e-04	1.10e-04	2.14e-06	0.00e+00
 9.05296e+22	3.45e-25	5.45e-11	1.20e-08	4.73e-07	4.54e-06	2.03e-05	9.53e-05	9.72e-03	1.14e-01	4.19e-01	3.40e-01	9.57e-02	1.91e-02	1.85e-03	3.24e-04	9.07e-05	1.68e-06	0.00e+00
 9.10782e+22	4.17e-25	6.87e-11	1.49e-08	5.83e-07	5.53e-06	2.42e-05	1.11e-04	1.08e-02	1.22e-01	4.28e-01	3.32e-01	8.86e-02	1.71e-02	1.60e-03	2.75e-04	7.40e-05	1.30e-06	0.00e+00
 9.16297e+22	4.96e-25	8.55e-11	1.84e-08	7.13e-07	6.70e-06	2.88e-05	1.30e-04	1.20e-02	1.29e-01	4.36e-01	3.23e-01	8.20e-02	1.53e-02	1.38e-03	2.34e-04	6.05e-05	1.02e-06	0.00e+00
 9.21749e+22	5.84e-25	1.05e-10	2.26e-08	8.67e-07	8.08e-06	3.41e-05	1.51e-04	1.33e-02	1.37e-01	4.44e-01	3.14e-01	7.58e-02	1.36e-02	1.19e-03	1.99e-04	4.93e-05	7.90e-07	0.00e+00
 9.27191e+22	6.81e-25	1.29e-10	2.75e-08	1.05e-06	9.72e-06	4.03e-05	1.76e-04	1.47e-02	1.45e-01	4.51e-01	3.05e-01	6.99e-02	1.21e-02	1.03e-03	1.69e-04	4.03e-05	6.14e-07	0.00e+00
 9.32643e+22	7.88e-25	1.56e-10	3.33e-08	1.26e-06	1.17e-05	4.75e-05	2.04e-04	1.62e-02	1.54e-01	4.58e-01	2.95e-01	6.43e-02	1.08e-02	8.83e-04	1.43e-04	3.28e-05	4.76e-07	0.00e+00
 9.38117e+22	9.06e-25	1.87e-10	4.01e-08	1.52e-06	1.40e-05	5.60e-05	2.37e-04	1.79e-02	1.63e-01	4.64e-01	2.85e-01	5.91e-02	9.59e-03	7.58e-04	1.21e-04	2.66e-05	3.69e-07	0.00e+00
 9.43624e+22	1.04e-24	2.23e-10	4.82e-08	1.82e-06	1.67e-05	6.59e-05	2.76e-04	1.98e-02	1.72e-01	4.69e-01	2.75e-01	5.42e-02	8.50e-03	6.50e-04	1.02e-04	2.16e-05	2.85e-07	0.00e+00
 9.49181e+22	1.18e-24	2.65e-10	5.76e-08	2.18e-06	1.99e-05	7.75e-05	3.20e-04	2.19e-02	1.81e-01	4.74e-01	2.65e-01	4.95e-02	7.52e-03	5.56e-04	8.64e-05	1.75e-05	2.20e-07	0.00e+00
 9.54805e+22	1.35e-24	3.12e-10	6.86e-08	2.60e-06	2.37e-05	9.10e-05	3.72e-04	2.41e-02	1.91e-01	4.78e-01	2.54e-01	4.52e-02	6.63e-03	4.74e-04	7.26e-05	1.41e-05	1.69e-07	0.00e+00
 9.60457e+22	1.53e-24	3.66e-10	8.14e-08	3.08e-06	2.81e-05	1.07e-04	4.31e-04	2.66e-02	2.01e-01	4.80e-01	2.44e-01	4.12e-02	5.85e-03	4.05e-04	6.11e-05	1.14e-05	1.30e-07	0.00e+00
 9.66201e+22	1.75e-24	4.28e-10	9.66e-08	3.67e-06	3.35e-05	1.25e-04	5.01e-04	2.94e-02	2.12e-01	4.83e-01	2.33e-01	3.74e-02	5.14e-03	3.44e-04	5.10e-05	9.15e-06	0.00e+00	0.00e+00
 9.72013e+22	3.15e-24	4.96e-10	1.14e-07	4.34e-06	3.96e-05	1.46e-04	5.80e-04	3.23e-02	2.22e-01	4.84e-01	2.22e-01	3.39e-02	4.52e-03	2.92e-04	4.28e-05	7.37e-06	0.00e+00	0.00e+00
 9.77937e+22	3.64e-24	5.76e-10	1.35e-07	5.16e-06	4.71e-05	1.72e-04	6.75e-04	3.57e-02	2.34e-01	4.84e-01	2.11e-01	3.06e-02	3.94e-03	2.47e-04	3.55e-05	5.87e-06	0.00e+00	0.00e+00
 9.83450e+22	4.13e-24	6.50e-10	1.55e-07	5.93e-06	5.42e-05	1.95e-04	7.62e-04	3.86e-02	2.43e-01	4.83e-01	2.02e-01	2.81e-02	3.53e-03	2.15e-04	3.05e-05	4.88e-06	0.00e+00	0.00e+00
 9.89120e+22	4.83e-24	7.52e-10	1.84e-07	7.07e-06	6.46e-05	2.30e-04	8.91e-04	4.27e-02	2.55e-01	4.82e-01	1.91e-01	2.52e-02	3.06e-03	1.80e-04	2.51e-05	3.84e-06	0.00e+00	0.00e+00
 9.94882e+22	5.56e-24	8.47e-10	2.12e-07	8.13e-06	7.42e-05	2.61e-04	1.01e-03	4.61e-02	2.64e-01	4.80e-01	1.82e-01	2.30e-02	2.73e-03	1.56e-04	2.15e-05	3.18e-06	0.00e+00	0.00e+00
 1.00079e+23	6.61e-24	9.76e-10	2.52e-07	9.70e-06	8.87e-05	3.08e-04	1.18e-03	5.10e-02	2.77e-01	4.76e-01	1.71e-01	2.05e-02	2.35e-03	1.29e-04	1.75e-05	2.48e-06	0.00e+00	0.00e+00
 1.00673e+23	7.72e-24	1.10e-09	2.89e-07	1.11e-05	1.02e-04	3.49e-04	1.33e-03	5.49e-02	2.86e-01	4.73e-01	1.63e-01	1.87e-02	2.10e-03	1.12e-04	1.50e-05	2.06e-06	0.00e+00	0.00e+00
 1.01271e+23	9.35e-24	1.27e-09	3.44e-07	1.33e-05	1.21e-04	4.09e-04	1.55e-03	6.05e-02	2.99e-01	4.67e-01	1.52e-01	1.66e-02	1.80e-03	9.32e-05	1.23e-05	1.61e-06	0.00e+00	0.00e+00
 1.01873e+23	1.10e-23	1.42e-09	3.95e-07	1.52e-05	1.38e-04	4.62e-04	1.74e-03	6.51e-02	3.08e-01	4.63e-01	1.45e-01	1.51e-02	1.60e-03	8.08e-05	1.05e-05	1.33e-06	0.00e+00	0.00e+00
 1.02479e+23	1.35e-23	1.64e-09	4.70e-07	1.81e-05	1.64e-04	5.40e-04	2.02e-03	7.15e-02	3.21e-01	4.56e-01	1.35e-01	1.34e-02	1.38e-03	6.70e-05	8.53e-06	1.04e-06	0.00e+00	0.00e+00
 1.03090e+23	1.61e-23	1.84e-09	5.41e-07	2.07e-05	1.87e-04	6.08e-04	2.26e-03	7.67e-02	3.30e-01	4.49e-01	1.27e-01	1.22e-02	1.22e-03	5.80e-05	7.28e-06	8.56e-07	0.00e+00	0.00e+00
 1.03708e+23	2.01e-23	2.13e-09	6.46e-07	2.46e-05	2.21e-04	7.09e-04	2.62e-03	8.39e-02	3.42e-01	4.41e-01	1.18e-01	1.07e-02	1.05e-03	4.79e-05	5.91e-06	6.66e-07	0.00e+00	0.00e+00
 1.04333e+23	2.42e-23	2.40e-09	7.45e-07	2.83e-05	2.52e-04	7.98e-04	2.93e-03	8.99e-02	3.51e-01	4.33e-01	1.11e-01	9.71e-03	9.28e-04	4.13e-05	5.03e-06	5.48e-07	0.00e+00	0.00e+00
 1.04969e+23	3.06e-23	2.79e-09	8.94e-07	3.37e-05	2.99e-04	9.29e-04	3.39e-03	9.81e-02	3.62e-01	4.23e-01	1.03e-01	8.52e-03	7.91e-04	3.40e-05	4.06e-06	4.24e-07	0.00e+00	0.00e+00
 1.05616e+23	3.74e-23	3.17e-09	1.04e-06	3.88e-05	3.42e-04	1.05e-03	3.78e-03	1.05e-01	3.71e-01	4.14e-01	9.62e-02	7.68e-03	6.98e-04	2.92e-05	3.44e-06	3.47e-07	0.00e+00	0.00e+00
 1.06276e+23	4.83e-23	3.71e-09	1.26e-06	4.65e-05	4.05e-04	1.22e-03	4.37e-03	1.14e-01	3.82e-01	4.03e-01	8.82e-02	6.69e-03	5.91e-04	2.38e-05	2.76e-06	2.66e-07	0.00e+00	0.00e+00
 1.06949e+23	5.99e-23	4.25e-09	1.47e-06	5.39e-05	4.64e-04	1.37e-03	4.89e-03	1.22e-01	3.89e-01	3.93e-01	8.22e-02	6.00e-03	5.18e-04	2.03e-05	2.32e-06	2.16e-07	0.00e+00	0.00e+00
 1.07641e+23	7.91e-23	5.04e-09	1.80e-06	6.50e-05	5.53e-04	1.60e-03	5.65e-03	1.33e-01	3.99e-01	3.79e-01	7.48e-02	5.19e-03	4.35e-04	1.64e-05	1.84e-06	1.64e-07	0.00e+00	0.00e+00
 1.08350e+23	1.00e-22	5.85e-09	2.13e-06	7.59e-05	6.36e-04	1.81e-03	6.32e-03	1.42e-01	4.06e-01	3.69e-01	6.93e-02	4.62e-03	3.79e-04	1.39e-05	1.53e-06	1.32e-07	0.00e+00	0.00e+00
 1.09082e+23	1.35e-22	7.03e-09	2.63e-06	9.24e-05	7.62e-04	2.12e-03	7.33e-03	1.54e-01	4.15e-01	3.54e-01	6.24e-02	3.95e-03	3.15e-04	1.11e-05	1.20e-06	0.00e+00	0.00e+00	0.00e+00
 1.09771e+23	1.67e-22	8.08e-09	3.05e-06	1.06e-04	8.58e-04	2.34e-03	8.02e-03	1.62e-01	4.20e-01	3.44e-01	5.83e-02	3.57e-03	2.80e-04	9.63e-06	1.03e-06	0.00e+00	0.00e+00	0.00e+00
 1.10404e+23	2.19e-22	9.56e-09	3.68e-06	1.25e-04	1.00e-03	2.67e-03	9.05e-03	1.74e-01	4.26e-01	3.31e-01	5.32e-02	3.12e-03	2.38e-04	7.95e-06	8.34e-07	0.00e+00	0.00e+00	0.00e+00
 1.11032e+23	2.70e-22	1.10e-08	4.26e-06	1.43e-04	1.12e-03	2.94e-03	9.86e-03	1.82e-01	4.30e-01	3.21e-01	4.97e-02	2.82e-03	2.12e-04	6.90e-06	7.14e-07	0.00e+00	0.00e+00	0.00e+00
 1.11652e+23	3.50e-22	1.29e-08	5.11e-06	1.68e-04	1.30e-03	3.33e-03	1.11e-02	1.94e-01	4.34e-01	3.08e-01	4.52e-02	2.46e-03	1.81e-04	5.70e-06	5.80e-07	0.00e+00	0.00e+00	0.00e+00
 1.12276e+23	4.36e-22	1.49e-08	5.93e-06	1.92e-04	1.45e-03	3.66e-03	1.20e-02	2.03e-01	4.37e-01	2.98e-01	4.21e-02	2.23e-03	1.60e-04	4.94e-06	4.97e-07	0.00e+00	0.00e+00	0.00e+00
 1.12905e+23	5.74e-22	1.78e-08	7.15e-06	2.27e-04	1.68e-03	4.14e-03	1.34e-02	2.15e-01	4.40e-01	2.85e-01	3.82e-02	1.94e-03	1.37e-04	4.08e-06	4.04e-07	0.00e+00	0.00e+00	0.00e+00
 1.13546e+23	7.24e-22	2.07e-08	8.36e-06	2.61e-04	1.89e-03	4.56e-03	1.46e-02	2.25e-01	4.41e-01	2.75e-01	3.54e-02	1.75e-03	1.21e-04	3.52e-06	3.43e-07	0.00e+00	0.00e+00	0.00e+00
 1.14201e+23	9.68e-22	2.50e-08	1.02e-05	3.10e-04	2.19e-03	5.16e-03	1.63e-02	2.38e-01	4.43e-01	2.61e-01	3.19e-02	1.51e-03	1.02e-04	2.88e-06	2.76e-07	0.00e+00	0.00e+00	0.00e+00
 1.14866e+23	1.23e-21	2.95e-08	1.19e-05	3.57e-04	2.47e-03	5.68e-03	1.77e-02	2.48e-01	4.43e-01	2.51e-01	2.94e-02	1.35e-03	8.98e-05	2.47e-06	2.34e-07	0.00e+00	0.00e+00	0.00e+00
 1.15542e+23	1.68e-21	3.60e-08	1.46e-05	4.27e-04	2.87e-03	6.44e-03	1.97e-02	2.62e-01	4.43e-01	2.38e-01	2.64e-02	1.16e-03	7.54e-05	2.01e-06	1.87e-07	0.00e+00	0.00e+00	0.00e+00
 1.16231e+23	2.17e-21	4.29e-08	1.73e-05	4.94e-04	3.24e-03	7.09e-03	2.14e-02	2.73e-01	4.42e-01	2.28e-01	2.42e-02	1.04e-03	6.60e-05	1.71e-06	1.57e-07	0.00e+00	0.00e+00	0.00e+00
 1.16937e+23	3.00e-21	5.32e-08	2.14e-05	5.96e-04	3.78e-03	8.04e-03	2.38e-02	2.88e-01	4.40e-01	2.14e-01	2.15e-02	8.86e-04	5.49e-05	1.38e-06	1.24e-07	0.00e+00	0.00e+00	0.00e+00
 1.17660e+23	3.94e-21	6.42e-08	2.56e-05	6.94e-04	4.28e-03	8.88e-03	2.58e-02	2.99e-01	4.37e-01	2.04e-01	1.96e-02	7.84e-04	4.76e-05	1.16e-06	0.00e+00	0.00e+00	0.00e+00	0.00e+00
 1.18402e+23	5.57e-21	8.10e-08	3.20e-05	8.43e-04	5.02e-03	1.01e-02	2.87e-02	3.14e-01	4.33e-01	1.91e-01	1.73e-02	6.63e-04	3.92e-05	9.25e-07	0.00e+00	0.00e+00	0.00e+00	0.00e+00
 1.19162e+23	7.43e-21	9.88e-08	3.85e-05	9.87e-04	5.70e-03	1.12e-02	3.11e-02	3.26e-01	4.29e-01	1.80e-01	1.56e-02	5.81e-04	3.37e-05	7.72e-07	0.00e+00	0.00e+00	0.00e+00	0.00e+00
 1.19942e+23	1.07e-20	1.27e-07	4.87e-05	1.21e-03	6.71e-03	1.27e-02	3.46e-02	3.41e-01	4.22e-01	1.67e-01	1.37e-02	4.88e-04	2.75e-05	6.09e-07	0.00e+00	0.00e+00	0.00e+00	0.00e+00
 1.20732e+23	1.45e-20	1.57e-07	5.88e-05	1.42e-03	7.63e-03	1.40e-02	3.73e-02	3.52e-01	4.17e-01	1.58e-01	1.23e-02	4.26e-04	2.36e-05	5.07e-07	0.00e+00	0.00e+00	0.00e+00	0.00e+00
 1.21534e+23	2.12e-20	2.03e-07	7.48e-05	1.74e-03	8.98e-03	1.59e-02	4.14e-02	3.68e-01	4.08e-01	1.45e-01	1.07e-02	3.55e-04	1.91e-05	3.95e-07	0.00e+00	0.00e+00	0.00e+00	0.00e+00
 1.22344e+23	2.89e-20	2.52e-07	9.06e-05	2.05e-03	1.02e-02	1.75e-02	4.45e-02	3.79e-01	4.01e-01	1.36e-01	9.55e-03	3.09e-04	1.62e-05	3.27e-07	0.00e+00	0.00e+00	0.00e+00	0.00e+00
 1.23167e+23	4.28e-20	3.31e-07	1.16e-04	2.53e-03	1.20e-02	1.99e-02	4.91e-02	3.93e-01	3.90e-01	1.25e-01	8.21e-03	2.56e-04	1.30e-05	2.54e-07	0.00e+00	0.00e+00	0.00e+00	0.00e+00
 1.23971e+23	5.75e-20	4.07e-07	1.39e-04	2.94e-03	1.35e-02	2.17e-02	5.24e-02	4.02e-01	3.82e-01	1.17e-01	7.39e-03	2.24e-04	1.12e-05	2.12e-07	0.00e+00	0.00e+00	0.00e+00	0.00e+00
 1.24751e+23	8.35e-20	5.27e-07	1.74e-04	3.57e-03	1.57e-02	2.44e-02	5.72e-02	4.14e-01	3.71e-01	1.07e-01	6.38e-03	1.87e-04	9.06e-06	1.66e-07	0.00e+00	0.00e+00	0.00e+00	0.00e+00
 1.25559e+23	1.15e-19	6.59e-07	2.11e-04	4.19e-03	1.77e-02	2.67e-02	6.11e-02	4.23e-01	3.61e-01	9.97e-02	5.67e-03	1.61e-04	7.65e-06	1.36e-07	0.00e+00	0.00e+00	0.00e+00	0.00e+00
 1.26250e+23	1.51e-19	7.98e-07	2.50e-04	4.81e-03	1.97e-02	2.89e-02	6.47e-02	4.31e-01	3.52e-01	9.33e-02	5.09e-03	1.41e-04	6.57e-06	0.00e+00	0.00e+00	0.00e+00	0.00e+00	0.00e+00
 1.26991e+23	2.15e-19	1.02e-06	3.09e-04	5.75e-03	2.26e-02	3.19e-02	6.96e-02	4.40e-01	3.40e-01	8.53e-02	4.42e-03	1.19e-04	5.38e-06	0.00e+00	0.00e+00	0.00e+00	0.00e+00	0.00e+00
 1.27733e+23	2.84e-19	1.24e-06	3.65e-04	6.61e-03	2.51e-02	3.45e-02	7.35e-02	4.46e-01	3.30e-01	7.95e-02	3.95e-03	1.04e-04	4.60e-06	0.00e+00	0.00e+00	0.00e+00	0.00e+00	0.00e+00
 1.28477e+23	4.01e-19	1.58e-06	4.48e-04	7.84e-03	2.85e-02	3.78e-02	7.84e-02	4.53e-01	3.18e-01	7.26e-02	3.43e-03	8.77e-05	3.78e-06	0.00e+00	0.00e+00	0.00e+00	0.00e+00	0.00e+00
 1.29250e+23	5.46e-19	1.96e-06	5.38e-04	9.11e-03	3.19e-02	4.11e-02	8.31e-02	4.58e-01	3.06e-01	6.68e-02	3.01e-03	7.50e-05	3.16e-06	0.00e+00	0.00e+00	0.00e+00	0.00e+00	0.00e+00
 1.29941e+23	7.27e-19	2.39e-06	6.36e-04	1.05e-02	3.53e-02	4.41e-02	8.72e-02	4.62e-01	2.96e-01	6.18e-02	2.68e-03	6.52e-05	2.68e-06	0.00e+00	0.00e+00	0.00e+00	0.00e+00	0.00e+00
 1.30718e+23	1.04e-18	3.07e-06	7.84e-04	1.24e-02	4.00e-02	4.82e-02	9.25e-02	4.66e-01	2.82e-01	5.59e-02	2.30e-03	5.44e-05	2.18e-06	0.00e+00	0.00e+00	0.00e+00	0.00e+00	0.00e+00
 1.31535e+23	1.44e-18	3.85e-06	9.46e-04	1.45e-02	4.47e-02	5.22e-02	9.75e-02	4.68e-01	2.69e-01	5.08e-02	2.00e-03	4.60e-05	1.80e-06	0.00e+00	0.00e+00	0.00e+00	0.00e+00	0.00e+00
 1.32277e+23	1.95e-18	4.75e-06	1.13e-03	1.67e-02	4.95e-02	5.61e-02	1.02e-01	4.69e-01	2.57e-01	4.64e-02	1.75e-03	3.93e-05	1.50e-06	0.00e+00	0.00e+00	0.00e+00	0.00e+00	0.00e+00
 1.33116e+23	2.85e-18	6.18e-06	1.40e-03	1.99e-02	5.62e-02	6.11e-02	1.08e-01	4.69e-01	2.42e-01	4.13e-02	1.47e-03	3.22e-05	1.19e-06	0.00e+00	0.00e+00	0.00e+00	0.00e+00	0.00e+00
 1.33980e+23	3.98e-18	7.77e-06	1.69e-03	2.31e-02	6.25e-02	6.58e-02	1.13e-01	4.67e-01	2.29e-01	3.71e-02	1.26e-03	2.69e-05	9.65e-07	0.00e+00	0.00e+00	0.00e+00	0.00e+00	0.00e+00
 1.34747e+23	5.41e-18	9.60e-06	2.01e-03	2.66e-02	6.89e-02	7.02e-02	1.17e-01	4.64e-01	2.17e-01	3.35e-02	1.09e-03	2.27e-05	7.94e-07	0.00e+00	0.00e+00	0.00e+00	0.00e+00	0.00e+00
 1.35616e+23	7.96e-18	1.25e-05	2.49e-03	3.15e-02	7.76e-02	7.59e-02	1.22e-01	4.59e-01	2.01e-01	2.94e-02	9.04e-04	1.83e-05	6.20e-07	0.00e+00	0.00e+00	0.00e+00	0.00e+00	0.00e+00
 1.36516e+23	1.12e-17	1.58e-05	3.00e-03	3.66e-02	8.59e-02	8.11e-02	1.27e-01	4.52e-01	1.88e-01	2.60e-02	7.62e-04	1.51e-05	4.95e-07	0.00e+00	0.00e+00	0.00e+00	0.00e+00	0.00e+00
 1.37324e+23	1.54e-17	1.96e-05	3.57e-03	4.19e-02	9.42e-02	8.59e-02	1.31e-01	4.45e-01	1.75e-01	2.31e-02	6.48e-04	1.25e-05	4.01e-07	0.00e+00	0.00e+00	0.00e+00	0.00e+00	0.00e+00
 1.38240e+23	2.30e-17	2.57e-05	4.43e-03	4.96e-02	1.05e-01	9.21e-02	1.35e-01	4.33e-01	1.60e-01	1.98e-02	5.25e-04	9.85e-06	3.04e-07	0.00e+00	0.00e+00	0.00e+00	0.00e+00	0.00e+00
 1.39186e+23	1.86e-17	3.23e-05	5.31e-03	5.70e-02	1.15e-01	9.73e-02	1.38e-01	4.22e-01	1.47e-01	1.73e-02	4.36e-04	7.99e-06	2.39e-07	0.00e+00	0.00e+00	0.00e+00	0.00e+00	0.00e+00
 1.40170e+23	2.82e-17	4.28e-05	6.62e-03	6.74e-02	1.29e-01	1.04e-01	1.42e-01	4.05e-01	1.32e-01	1.45e-02	3.44e-04	6.13e-06	1.76e-07	0.00e+00	0.00e+00	0.00e+00	0.00e+00	0.00e+00
 1.41164e+23	3.97e-17	5.37e-05	7.89e-03	7.70e-02	1.40e-01	1.08e-01	1.44e-01	3.90e-01	1.20e-01	1.25e-02	2.82e-04	4.90e-06	1.37e-07	0.00e+00	0.00e+00	0.00e+00	0.00e+00	0.00e+00
 1.42038e+23	5.51e-17	6.66e-05	9.32e-03	8.73e-02	1.51e-01	1.13e-01	1.45e-01	3.75e-01	1.09e-01	1.08e-02	2.32e-04	3.93e-06	0.00e+00	0.00e+00	0.00e+00	0.00e+00	0.00e+00	0.00e+00
 1.43040e+23	8.36e-17	8.74e-05	1.15e-02	1.02e-01	1.65e-01	1.18e-01	1.46e-01	3.53e-01	9.52e-02	8.82e-03	1.79e-04	2.95e-06	0.00e+00	0.00e+00	0.00e+00	0.00e+00	0.00e+00	0.00e+00
 1.44054e+23	1.17e-16	1.08e-04	1.35e-02	1.15e-01	1.77e-01	1.22e-01	1.46e-01	3.34e-01	8.49e-02	7.45e-03	1.44e-04	2.31e-06	0.00e+00	0.00e+00	0.00e+00	0.00e+00	0.00e+00	0.00e+00
 1.45085e+23	1.76e-16	1.41e-04	1.65e-02	1.32e-01	1.91e-01	1.26e-01	1.45e-01	3.11e-01	7.33e-02	6.01e-03	1.10e-04	1.71e-06	0.00e+00	0.00e+00	0.00e+00	0.00e+00	0.00e+00	0.00e+00
 1.46131e+23	2.48e-16	1.75e-04	1.93e-02	1.47e-01	2.02e-01	1.28e-01	1.43e-01	2.90e-01	6.44e-02	4.99e-03	8.66e-05	1.32e-06	0.00e+00	0.00e+00	0.00e+00	0.00e+00	0.00e+00	0.00e+00
 1.47198e+23	3.78e-16	2.27e-04	2.33e-02	1.68e-01	2.16e-01	1.30e-01	1.40e-01	2.64e-01	5.42e-02	3.92e-03	6.40e-05	9.45e-07	0.00e+00	0.00e+00	0.00e+00	0.00e+00	0.00e+00	0.00e+00
 1.48275e+23	5.27e-16	2.78e-04	2.70e-02	1.85e-01	2.26e-01	1.31e-01	1.36e-01	2.44e-01	4.70e-02	3.21e-03	5.00e-05	7.21e-07	0.00e+00	0.00e+00	0.00e+00	0.00e+00	0.00e+00	0.00e+00
 1.49363e+23	8.04e-16	3.58e-04	3.23e-02	2.08e-01	2.37e-01	1.31e-01	1.31e-01	2.18e-01	3.88e-02	2.47e-03	3.62e-05	5.06e-07	0.00e+00	0.00e+00	0.00e+00	0.00e+00	0.00e+00	0.00e+00
 1.50463e+23	1.12e-15	4.35e-04	3.71e-02	2.27e-01	2.45e-01	1.31e-01	1.26e-01	1.99e-01	3.32e-02	2.00e-03	2.79e-05	3.80e-07	0.00e+00	0.00e+00	0.00e+00	0.00e+00	0.00e+00	0.00e+00
 1.51579e+23	1.71e-15	5.55e-04	4.39e-02	2.52e-01	2.53e-01	1.29e-01	1.19e-01	1.74e-01	2.68e-02	1.50e-03	1.98e-05	2.61e-07	0.00e+00	0.00e+00	0.00e+00	0.00e+00	0.00e+00	0.00e+00
 1.52710e+23	2.40e-15	6.70e-04	4.99e-02	2.72e-01	2.58e-01	1.26e-01	1.13e-01	1.56e-01	2.25e-02	1.19e-03	1.49e-05	1.92e-07	0.00e+00	0.00e+00	0.00e+00	0.00e+00	0.00e+00	0.00e+00
 1.53693e+23	3.31e-15	8.00e-04	5.61e-02	2.91e-01	2.61e-01	1.24e-01	1.07e-01	1.40e-01	1.89e-02	9.46e-04	1.13e-05	1.42e-07	0.00e+00	0.00e+00	0.00e+00	0.00e+00	0.00e+00	0.00e+00
 1.54801e+23	4.98e-15	9.95e-04	6.48e-02	3.14e-01	2.64e-01	1.19e-01	9.96e-02	1.21e-01	1.51e-02	7.05e-04	8.00e-06	0.00e+00	0.00e+00	0.00e+00	0.00e+00	0.00e+00	0.00e+00	0.00e+00
 1.55861e+23	6.70e-15	1.16e-03	7.16e-02	3.31e-01	2.65e-01	1.16e-01	9.40e-02	1.08e-01	1.28e-02	5.68e-04	6.18e-06	0.00e+00	0.00e+00	0.00e+00	0.00e+00	0.00e+00	0.00e+00	0.00e+00
 1.56857e+23	9.76e-15	1.40e-03	8.07e-02	3.51e-01	2.64e-01	1.11e-01	8.69e-02	9.39e-02	1.03e-02	4.29e-04	4.45e-06	0.00e+00	0.00e+00	0.00e+00	0.00e+00	0.00e+00	0.00e+00	0.00e+00
 1.57854e+23	1.31e-14	1.61e-03	8.83e-02	3.66e-01	2.62e-01	1.07e-01	8.15e-02	8.37e-02	8.66e-03	3.44e-04	3.44e-06	0.00e+00	0.00e+00	0.00e+00	0.00e+00	0.00e+00	0.00e+00	0.00e+00
 1.58853e+23	1.92e-14	1.93e-03	9.86e-02	3.85e-01	2.59e-01	1.02e-01	7.47e-02	7.20e-02	6.92e-03	2.59e-04	2.47e-06	0.00e+00	0.00e+00	0.00e+00	0.00e+00	0.00e+00	0.00e+00	0.00e+00
 1.59877e+23	2.68e-14	2.23e-03	1.08e-01	3.99e-01	2.56e-01	9.71e-02	6.93e-02	6.32e-02	5.72e-03	2.03e-04	1.86e-06	0.00e+00	0.00e+00	0.00e+00	0.00e+00	0.00e+00	0.00e+00	0.00e+00
 1.60933e+23	4.05e-14	2.67e-03	1.20e-01	4.16e-01	2.50e-01	9.12e-02	6.27e-02	5.35e-02	4.48e-03	1.50e-04	1.30e-06	0.00e+00	0.00e+00	0.00e+00	0.00e+00	0.00e+00	0.00e+00	0.00e+00
 1.61999e+23	5.93e-14	3.07e-03	1.30e-01	4.28e-01	2.44e-01	8.63e-02	5.77e-02	4.65e-02	3.66e-03	1.16e-04	9.74e-07	0.00e+00	0.00e+00	0.00e+00	0.00e+00	0.00e+00	0.00e+00	0.00e+00
 1.62935e+23	8.44e-14	3.52e-03	1.41e-01	4.39e-01	2.38e-01	8.17e-02	5.30e-02	4.05e-02	2.99e-03	9.07e-05	7.31e-07	0.00e+00	0.00e+00	0.00e+00	0.00e+00	0.00e+00	0.00e+00	0.00e+00
 1.64011e+23	1.37e-13	4.17e-03	1.55e-01	4.52e-01	2.30e-01	7.58e-02	4.74e-02	3.38e-02	2.31e-03	6.58e-05	5.05e-07	0.00e+00	0.00e+00	0.00e+00	0.00e+00	0.00e+00	0.00e+00	0.00e+00
 1.65053e+23	2.18e-13	4.71e-03	1.66e-01	4.60e-01	2.23e-01	7.15e-02	4.35e-02	2.95e-02	1.90e-03	5.17e-05	3.84e-07	0.00e+00	0.00e+00	0.00e+00	0.00e+00	0.00e+00	0.00e+00	0.00e+00
 1.65885e+23	3.08e-13	5.26e-03	1.77e-01	4.66e-01	2.16e-01	6.77e-02	4.02e-02	2.60e-02	1.59e-03	4.15e-05	2.98e-07	0.00e+00	0.00e+00	0.00e+00	0.00e+00	0.00e+00	0.00e+00	0.00e+00
 1.66797e+23	5.04e-13	6.00e-03	1.90e-01	4.73e-01	2.08e-01	6.32e-02	3.64e-02	2.22e-02	1.27e-03	3.16e-05	2.19e-07	0.00e+00	0.00e+00	0.00e+00	0.00e+00	0.00e+00	0.00e+00	0.00e+00
 1.67726e+23	8.57e-13	6.69e-03	2.01e-01	4.78e-01	2.01e-01	5.95e-02	3.34e-02	1.94e-02	1.05e-03	2.51e-05	1.68e-07	0.00e+00	0.00e+00	0.00e+00	0.00e+00	0.00e+00	0.00e+00	0.00e+00
 1.68548e+23	1.39e-12	7.43e-03	2.13e-01	4.81e-01	1.94e-01	5.60e-02	3.07e-02	1.70e-02	8.76e-04	2.01e-05	1.30e-07	0.00e+00	0.00e+00	0.00e+00	0.00e+00	0.00e+00	0.00e+00	0.00e+00
 1.69487e+23	3.20e-12	8.46e-03	2.27e-01	4.85e-01	1.85e-01	5.19e-02	2.75e-02	1.44e-02	6.93e-04	1.51e-05	0.00e+00	0.00e+00	0.00e+00	0.00e+00	0.00e+00	0.00e+00	0.00e+00	0.00e+00
 1.70439e+23	8.52e-12	9.40e-03	2.40e-01	4.86e-01	1.78e-01	4.85e-02	2.51e-02	1.25e-02	5.68e-04	1.19e-05	0.00e+00	0.00e+00	0.00e+00	0.00e+00	0.00e+00	0.00e+00	0.00e+00	0.00e+00
