#depth	Si	Si+	Si+2	Si+3	Si+4	Si+5	Si+6	Si+7	Si+8	Si+9	Si+10	Si+11	Si+12	Si+13	Si+14
 1.54284e+22	0.00e+00	0.00e+00	0.00e+00	1.06e-22	1.33e-18	2.57e-15	1.50e-12	2.83e-10	2.32e-08	9.29e-07	2.42e-05	6.22e-04	3.79e-02	2.92e-01	6.69e-01
 3.47080e+22	0.00e+00	9.74e-29	2.31e-24	1.23e-20	1.37e-16	1.67e-13	6.11e-11	7.26e-09	3.75e-07	9.32e-06	1.44e-04	2.23e-03	8.22e-02	3.83e-01	5.32e-01
 4.04517e+22	0.00e+00	1.39e-27	3.16e-23	1.56e-19	1.42e-15	1.37e-12	3.95e-10	3.71e-08	1.52e-06	2.97e-05	3.49e-04	4.16e-03	1.18e-01	4.23e-01	4.54e-01
 4.32905e+22	0.00e+00	6.59e-27	1.32e-22	5.65e-19	4.64e-15	3.98e-12	1.02e-09	8.50e-08	3.11e-06	5.34e-05	5.45e-04	5.66e-03	1.40e-01	4.40e-01	4.13e-01
 4.44733e+22	0.00e+00	9.73e-27	1.89e-22	7.80e-19	6.25e-15	5.20e-12	1.29e-09	1.05e-07	3.71e-06	6.18e-05	6.09e-04	6.11e-03	1.46e-01	4.44e-01	4.03e-01
 4.50174e+22	0.00e+00	1.63e-26	3.03e-22	1.19e-18	9.23e-15	7.40e-12	1.77e-09	1.37e-07	4.70e-06	7.51e-05	7.05e-04	6.76e-03	1.55e-01	4.49e-01	3.89e-01
 4.55471e+22	0.00e+00	2.36e-26	4.25e-22	1.61e-18	1.22e-14	9.52e-12	2.21e-09	1.67e-07	5.56e-06	8.62e-05	7.83e-04	7.26e-03	1.61e-01	4.52e-01	3.79e-01
 4.60580e+22	0.00e+00	3.76e-26	6.52e-22	2.37e-18	1.74e-14	1.31e-11	2.94e-09	2.14e-07	6.88e-06	1.03e-04	8.93e-04	7.94e-03	1.69e-01	4.55e-01	3.67e-01
 4.65839e+22	0.00e+00	5.66e-26	9.49e-22	3.31e-18	2.37e-14	1.73e-11	3.77e-09	2.66e-07	8.30e-06	1.20e-04	1.00e-03	8.59e-03	1.76e-01	4.58e-01	3.56e-01
 4.70128e+22	0.00e+00	7.87e-26	1.28e-21	4.34e-18	3.05e-14	2.17e-11	4.60e-09	3.17e-07	9.64e-06	1.36e-04	1.10e-03	9.14e-03	1.82e-01	4.60e-01	3.48e-01
 4.74540e+22	0.00e+00	1.18e-25	1.87e-21	6.06e-18	4.15e-14	2.87e-11	5.90e-09	3.94e-07	1.16e-05	1.58e-04	1.23e-03	9.88e-03	1.90e-01	4.62e-01	3.37e-01
 4.78771e+22	0.00e+00	1.61e-25	2.47e-21	7.78e-18	5.23e-14	3.54e-11	7.11e-09	4.64e-07	1.34e-05	1.77e-04	1.34e-03	1.05e-02	1.96e-01	4.63e-01	3.29e-01
 4.82190e+22	0.00e+00	2.17e-25	3.25e-21	9.93e-18	6.56e-14	4.34e-11	8.53e-09	5.44e-07	1.53e-05	1.99e-04	1.46e-03	1.11e-02	2.02e-01	4.64e-01	3.21e-01
 4.85542e+22	0.00e+00	2.89e-25	4.22e-21	1.25e-17	8.13e-14	5.27e-11	1.01e-08	6.32e-07	1.75e-05	2.21e-04	1.58e-03	1.17e-02	2.07e-01	4.65e-01	3.14e-01
 4.88821e+22	0.00e+00	3.74e-25	5.34e-21	1.54e-17	9.87e-14	6.28e-11	1.18e-08	7.25e-07	1.96e-05	2.43e-04	1.70e-03	1.22e-02	2.12e-01	4.66e-01	3.07e-01
 4.92519e+22	0.00e+00	5.30e-25	7.33e-21	2.05e-17	1.28e-13	7.96e-11	1.46e-08	8.71e-07	2.30e-05	2.77e-04	1.87e-03	1.31e-02	2.20e-01	4.67e-01	2.98e-01
 4.96234e+22	0.00e+00	7.14e-25	9.61e-21	2.60e-17	1.60e-13	9.74e-11	1.75e-08	1.02e-06	2.64e-05	3.10e-04	2.04e-03	1.38e-02	2.26e-01	4.67e-01	2.91e-01
 4.99370e+22	0.00e+00	9.35e-25	1.23e-20	3.23e-17	1.96e-13	1.17e-10	2.06e-08	1.18e-06	2.98e-05	3.43e-04	2.19e-03	1.45e-02	2.31e-01	4.68e-01	2.84e-01
 5.02314e+22	0.00e+00	1.22e-24	1.56e-20	3.99e-17	2.39e-13	1.40e-10	2.42e-08	1.35e-06	3.37e-05	3.79e-04	2.36e-03	1.52e-02	2.37e-01	4.68e-01	2.77e-01
 5.05154e+22	0.00e+00	1.53e-24	1.93e-20	4.81e-17	2.84e-13	1.64e-10	2.78e-08	1.53e-06	3.74e-05	4.13e-04	2.52e-03	1.59e-02	2.42e-01	4.68e-01	2.72e-01
 5.08386e+22	0.00e+00	2.10e-24	2.56e-20	6.18e-17	3.59e-13	2.02e-10	3.36e-08	1.80e-06	4.31e-05	4.64e-04	2.74e-03	1.68e-02	2.49e-01	4.67e-01	2.64e-01
 5.11717e+22	0.00e+00	2.78e-24	3.30e-20	7.74e-17	4.43e-13	2.45e-10	3.98e-08	2.09e-06	4.91e-05	5.15e-04	2.97e-03	1.76e-02	2.55e-01	4.67e-01	2.57e-01
 5.14614e+22	0.00e+00	3.58e-24	4.16e-20	9.46e-17	5.35e-13	2.90e-10	4.64e-08	2.39e-06	5.51e-05	5.67e-04	3.18e-03	1.85e-02	2.61e-01	4.66e-01	2.51e-01
 5.17821e+22	0.00e+00	4.92e-24	5.54e-20	1.22e-16	6.78e-13	3.60e-10	5.62e-08	2.83e-06	6.37e-05	6.38e-04	3.47e-03	1.95e-02	2.68e-01	4.65e-01	2.43e-01
 5.20947e+22	0.00e+00	6.27e-24	6.90e-20	1.48e-16	8.11e-13	4.24e-10	6.51e-08	3.22e-06	7.12e-05	6.99e-04	3.71e-03	2.04e-02	2.74e-01	4.64e-01	2.37e-01
 5.23559e+22	0.00e+00	8.03e-24	8.61e-20	1.79e-16	9.73e-13	5.01e-10	7.55e-08	3.67e-06	7.97e-05	7.67e-04	3.97e-03	2.13e-02	2.79e-01	4.63e-01	2.31e-01
 5.26131e+22	0.00e+00	1.01e-23	1.06e-19	2.15e-16	1.15e-12	5.85e-10	8.68e-08	4.15e-06	8.86e-05	8.35e-04	4.23e-03	2.22e-02	2.85e-01	4.62e-01	2.26e-01
 5.29060e+22	0.00e+00	1.37e-23	1.39e-19	2.72e-16	1.44e-12	7.17e-10	1.04e-07	4.87e-06	1.02e-04	9.36e-04	4.59e-03	2.34e-02	2.92e-01	4.60e-01	2.19e-01
 5.32031e+22	0.00e+00	1.78e-23	1.76e-19	3.33e-16	1.75e-12	8.54e-10	1.22e-07	5.59e-06	1.15e-04	1.03e-03	4.93e-03	2.45e-02	2.98e-01	4.58e-01	2.13e-01
 5.34592e+22	0.00e+00	2.24e-23	2.17e-19	4.00e-16	2.08e-12	1.00e-09	1.41e-07	6.33e-06	1.28e-04	1.13e-03	5.26e-03	2.55e-02	3.04e-01	4.57e-01	2.07e-01
 5.37457e+22	0.00e+00	3.06e-23	2.86e-19	5.08e-16	2.60e-12	1.23e-09	1.69e-07	7.45e-06	1.47e-04	1.27e-03	5.72e-03	2.68e-02	3.11e-01	4.54e-01	2.01e-01
 5.40378e+22	0.00e+00	3.95e-23	3.59e-19	6.19e-16	3.14e-12	1.46e-09	1.98e-07	8.54e-06	1.66e-04	1.39e-03	6.14e-03	2.80e-02	3.17e-01	4.52e-01	1.95e-01
 5.43374e+22	0.00e+00	5.49e-23	4.81e-19	7.96e-16	3.99e-12	1.82e-09	2.41e-07	1.02e-05	1.93e-04	1.58e-03	6.71e-03	2.97e-02	3.25e-01	4.49e-01	1.88e-01
 5.46377e+22	0.00e+00	7.12e-23	6.07e-19	9.70e-16	4.82e-12	2.17e-09	2.82e-07	1.17e-05	2.18e-04	1.74e-03	7.21e-03	3.10e-02	3.32e-01	4.46e-01	1.82e-01
 5.48911e+22	0.00e+00	9.02e-23	7.49e-19	1.16e-15	5.73e-12	2.54e-09	3.26e-07	1.33e-05	2.43e-04	1.90e-03	7.69e-03	3.22e-02	3.37e-01	4.44e-01	1.77e-01
 5.51725e+22	0.00e+00	1.26e-22	1.01e-18	1.49e-15	7.30e-12	3.18e-09	4.00e-07	1.59e-05	2.84e-04	2.16e-03	8.43e-03	3.41e-02	3.46e-01	4.40e-01	1.70e-01
 5.54488e+22	0.00e+00	1.58e-22	1.23e-18	1.78e-15	8.62e-12	3.71e-09	4.59e-07	1.79e-05	3.15e-04	2.35e-03	8.97e-03	3.54e-02	3.51e-01	4.37e-01	1.65e-01
 5.57185e+22	0.00e+00	2.19e-22	1.63e-18	2.25e-15	1.09e-11	4.60e-09	5.59e-07	2.13e-05	3.67e-04	2.66e-03	9.79e-03	3.73e-02	3.59e-01	4.33e-01	1.58e-01
 5.59830e+22	0.00e+00	2.72e-22	1.98e-18	2.66e-15	1.27e-11	5.33e-09	6.39e-07	2.40e-05	4.06e-04	2.89e-03	1.04e-02	3.87e-02	3.64e-01	4.30e-01	1.54e-01
 5.62409e+22	0.00e+00	3.74e-22	2.62e-18	3.35e-15	1.60e-11	6.60e-09	7.76e-07	2.84e-05	4.71e-04	3.26e-03	1.13e-02	4.08e-02	3.72e-01	4.25e-01	1.47e-01
 5.64982e+22	0.00e+00	4.68e-22	3.19e-18	3.96e-15	1.88e-11	7.67e-09	8.90e-07	3.21e-05	5.23e-04	3.55e-03	1.20e-02	4.23e-02	3.77e-01	4.21e-01	1.43e-01
 5.67548e+22	0.00e+00	6.43e-22	4.20e-18	4.98e-15	2.36e-11	9.50e-09	1.08e-06	3.82e-05	6.08e-04	4.01e-03	1.31e-02	4.45e-02	3.85e-01	4.16e-01	1.37e-01
 5.70137e+22	0.00e+00	8.14e-22	5.15e-18	5.91e-15	2.79e-11	1.11e-08	1.25e-06	4.33e-05	6.79e-04	4.38e-03	1.40e-02	4.62e-02	3.90e-01	4.12e-01	1.32e-01
 5.72754e+22	0.00e+00	1.13e-21	6.83e-18	7.45e-15	3.53e-11	1.39e-08	1.53e-06	5.18e-05	7.93e-04	4.97e-03	1.53e-02	4.87e-02	3.98e-01	4.06e-01	1.26e-01
 5.75393e+22	0.00e+00	1.43e-21	8.41e-18	8.86e-15	4.19e-11	1.63e-08	1.78e-06	5.90e-05	8.87e-04	5.44e-03	1.64e-02	5.06e-02	4.04e-01	4.02e-01	1.22e-01
 5.78059e+22	0.00e+00	1.98e-21	1.11e-17	1.11e-14	5.27e-11	2.03e-08	2.17e-06	7.05e-05	1.03e-03	6.16e-03	1.79e-02	5.32e-02	4.11e-01	3.95e-01	1.16e-01
 5.80703e+22	0.00e+00	2.53e-21	1.37e-17	1.32e-14	6.28e-11	2.39e-08	2.53e-06	8.06e-05	1.16e-03	6.76e-03	1.91e-02	5.53e-02	4.16e-01	3.90e-01	1.11e-01
 5.83320e+22	0.00e+00	3.47e-21	1.80e-17	1.65e-14	7.87e-11	2.97e-08	3.09e-06	9.62e-05	1.35e-03	7.64e-03	2.08e-02	5.80e-02	4.23e-01	3.83e-01	1.06e-01
 5.85987e+22	0.00e+00	4.48e-21	2.24e-17	1.97e-14	9.43e-11	3.53e-08	3.62e-06	1.11e-04	1.53e-03	8.43e-03	2.23e-02	6.03e-02	4.29e-01	3.77e-01	1.01e-01
 5.88718e+22	0.00e+00	6.23e-21	2.96e-17	2.47e-14	1.19e-10	4.43e-08	4.47e-06	1.33e-04	1.79e-03	9.57e-03	2.44e-02	6.35e-02	4.35e-01	3.70e-01	9.59e-02
 5.91465e+22	0.00e+00	8.04e-21	3.68e-17	2.94e-14	1.43e-10	5.27e-08	5.25e-06	1.53e-04	2.02e-03	1.06e-02	2.61e-02	6.59e-02	4.40e-01	3.63e-01	9.17e-02
 5.94231e+22	0.00e+00	1.12e-20	4.87e-17	3.68e-14	1.81e-10	6.61e-08	6.49e-06	1.85e-04	2.37e-03	1.20e-02	2.86e-02	6.93e-02	4.46e-01	3.55e-01	8.63e-02
 5.97017e+22	1.71e-34	1.44e-20	6.04e-17	4.37e-14	2.17e-10	7.88e-08	7.64e-06	2.13e-04	2.68e-03	1.32e-02	3.06e-02	7.19e-02	4.51e-01	3.48e-01	8.23e-02
 5.99427e+22	2.31e-34	1.84e-20	7.42e-17	5.15e-14	2.58e-10	9.33e-08	8.94e-06	2.45e-04	3.02e-03	1.45e-02	3.27e-02	7.45e-02	4.55e-01	3.42e-01	7.86e-02
 6.02157e+22	3.41e-34	2.52e-20	9.65e-17	6.34e-14	3.22e-10	1.16e-07	1.09e-05	2.92e-04	3.51e-03	1.63e-02	3.55e-02	7.79e-02	4.60e-01	3.33e-01	7.39e-02
 6.04893e+22	4.60e-34	3.20e-20	1.18e-16	7.43e-14	3.82e-10	1.37e-07	1.28e-05	3.35e-04	3.94e-03	1.79e-02	3.79e-02	8.06e-02	4.63e-01	3.26e-01	7.03e-02
 6.07639e+22	6.74e-34	4.35e-20	1.52e-16	9.08e-14	4.75e-10	1.69e-07	1.56e-05	3.99e-04	4.57e-03	2.01e-02	4.11e-02	8.41e-02	4.67e-01	3.17e-01	6.59e-02
 6.10417e+22	9.00e-34	5.50e-20	1.85e-16	1.06e-13	5.61e-10	1.99e-07	1.81e-05	4.56e-04	5.11e-03	2.20e-02	4.36e-02	8.68e-02	4.70e-01	3.10e-01	6.27e-02
 6.13237e+22	1.31e-33	7.44e-20	2.38e-16	1.29e-13	6.96e-10	2.46e-07	2.21e-05	5.42e-04	5.91e-03	2.47e-02	4.72e-02	9.04e-02	4.72e-01	3.00e-01	5.86e-02
 6.16113e+22	1.75e-33	9.38e-20	2.89e-16	1.50e-13	8.21e-10	2.89e-07	2.57e-05	6.18e-04	6.60e-03	2.69e-02	5.01e-02	9.32e-02	4.74e-01	2.93e-01	5.56e-02
 6.19061e+22	2.53e-33	1.26e-19	3.70e-16	1.81e-13	1.02e-09	3.56e-07	3.12e-05	7.34e-04	7.61e-03	3.00e-02	5.41e-02	9.68e-02	4.76e-01	2.83e-01	5.18e-02
 6.22097e+22	3.40e-33	1.60e-19	4.52e-16	2.12e-13	1.20e-09	4.20e-07	3.65e-05	8.40e-04	8.52e-03	3.28e-02	5.74e-02	9.97e-02	4.77e-01	2.75e-01	4.88e-02
 6.25249e+22	4.95e-33	2.17e-19	5.81e-16	2.57e-13	1.49e-09	5.19e-07	4.44e-05	9.99e-04	9.83e-03	3.67e-02	6.19e-02	1.03e-01	4.77e-01	2.65e-01	4.53e-02
 6.28446e+22	6.61e-33	2.75e-19	7.06e-16	2.99e-13	1.76e-09	6.11e-07	5.17e-05	1.14e-03	1.10e-02	3.99e-02	6.55e-02	1.06e-01	4.77e-01	2.57e-01	4.26e-02
 6.31703e+22	9.54e-33	3.70e-19	9.03e-16	3.61e-13	2.17e-09	7.52e-07	6.27e-05	1.35e-03	1.26e-02	4.44e-02	7.04e-02	1.10e-01	4.76e-01	2.46e-01	3.93e-02
 6.34982e+22	1.26e-32	4.63e-19	1.09e-15	4.18e-13	2.55e-09	8.79e-07	7.26e-05	1.53e-03	1.40e-02	4.81e-02	7.42e-02	1.12e-01	4.74e-01	2.38e-01	3.69e-02
 6.38289e+22	1.80e-32	6.18e-19	1.38e-15	5.02e-13	3.13e-09	1.07e-06	8.75e-05	1.81e-03	1.60e-02	5.32e-02	7.93e-02	1.16e-01	4.72e-01	2.28e-01	3.40e-02
 6.41490e+22	2.29e-32	7.52e-19	1.63e-15	5.70e-13	3.59e-09	1.23e-06	9.91e-05	2.01e-03	1.74e-02	5.69e-02	8.28e-02	1.18e-01	4.70e-01	2.21e-01	3.21e-02
 6.44554e+22	3.14e-32	9.72e-19	2.01e-15	6.70e-13	4.29e-09	1.46e-06	1.17e-04	2.32e-03	1.96e-02	6.21e-02	8.76e-02	1.21e-01	4.66e-01	2.12e-01	2.97e-02
 6.47697e+22	4.01e-32	1.19e-18	2.38e-15	7.63e-13	4.94e-09	1.68e-06	1.33e-04	2.59e-03	2.14e-02	6.64e-02	9.14e-02	1.23e-01	4.63e-01	2.05e-01	2.80e-02
 6.50942e+22	5.53e-32	1.54e-18	2.95e-15	9.00e-13	5.91e-09	2.01e-06	1.56e-04	2.99e-03	2.40e-02	7.24e-02	9.66e-02	1.26e-01	4.58e-01	1.95e-01	2.57e-02
 6.54229e+22	7.04e-32	1.88e-18	3.48e-15	1.02e-12	6.78e-09	2.29e-06	1.77e-04	3.33e-03	2.62e-02	7.71e-02	1.00e-01	1.27e-01	4.53e-01	1.88e-01	2.42e-02
 6.57570e+22	9.61e-32	2.43e-18	4.31e-15	1.21e-12	8.08e-09	2.72e-06	2.07e-04	3.82e-03	2.92e-02	8.36e-02	1.06e-01	1.30e-01	4.47e-01	1.79e-01	2.22e-02
 6.60885e+22	1.21e-31	2.93e-18	5.04e-15	1.36e-12	9.20e-09	3.08e-06	2.33e-04	4.23e-03	3.16e-02	8.86e-02	1.09e-01	1.31e-01	4.42e-01	1.72e-01	2.08e-02
 6.64166e+22	1.64e-31	3.75e-18	6.18e-15	1.59e-12	1.08e-08	3.62e-06	2.71e-04	4.82e-03	3.51e-02	9.56e-02	1.14e-01	1.33e-01	4.34e-01	1.63e-01	1.91e-02
 6.67480e+22	2.05e-31	4.51e-18	7.22e-15	1.80e-12	1.23e-08	4.09e-06	3.03e-04	5.30e-03	3.78e-02	1.01e-01	1.18e-01	1.34e-01	4.28e-01	1.57e-01	1.79e-02
 6.70836e+22	2.75e-31	5.75e-18	8.82e-15	2.10e-12	1.44e-08	4.79e-06	3.50e-04	6.02e-03	4.17e-02	1.08e-01	1.23e-01	1.36e-01	4.20e-01	1.49e-01	1.63e-02
 6.74257e+22	3.45e-31	6.94e-18	1.03e-14	2.37e-12	1.64e-08	5.40e-06	3.92e-04	6.62e-03	4.49e-02	1.14e-01	1.27e-01	1.37e-01	4.13e-01	1.42e-01	1.52e-02
 6.77762e+22	4.65e-31	8.87e-18	1.27e-14	2.77e-12	1.92e-08	6.31e-06	4.52e-04	7.50e-03	4.94e-02	1.22e-01	1.32e-01	1.38e-01	4.03e-01	1.34e-01	1.39e-02
 6.81332e+22	5.85e-31	1.07e-17	1.49e-14	3.15e-12	2.18e-08	7.12e-06	5.05e-04	8.24e-03	5.31e-02	1.29e-01	1.35e-01	1.38e-01	3.95e-01	1.28e-01	1.29e-02
 6.84985e+22	3.88e-31	1.37e-17	1.83e-14	3.69e-12	2.55e-08	8.31e-06	5.82e-04	9.31e-03	5.83e-02	1.37e-01	1.40e-01	1.38e-01	3.85e-01	1.20e-01	1.16e-02
 6.88707e+22	4.90e-31	1.67e-17	2.15e-14	4.19e-12	2.90e-08	9.36e-06	6.49e-04	1.02e-02	6.26e-02	1.44e-01	1.43e-01	1.39e-01	3.76e-01	1.14e-01	1.08e-02
 6.92518e+22	6.64e-31	2.14e-17	2.65e-14	4.93e-12	3.39e-08	1.09e-05	7.48e-04	1.15e-02	6.85e-02	1.53e-01	1.48e-01	1.38e-01	3.64e-01	1.06e-01	9.69e-03
 6.96242e+22	8.19e-31	2.55e-17	3.08e-14	5.57e-12	3.80e-08	1.21e-05	8.23e-04	1.25e-02	7.28e-02	1.59e-01	1.50e-01	1.38e-01	3.56e-01	1.02e-01	9.02e-03
 6.99855e+22	1.09e-30	3.23e-17	3.74e-14	6.47e-12	4.39e-08	1.40e-05	9.36e-04	1.39e-02	7.89e-02	1.68e-01	1.54e-01	1.38e-01	3.44e-01	9.47e-02	8.12e-03
 7.03525e+22	1.34e-30	3.85e-17	4.36e-14	7.31e-12	4.92e-08	1.55e-05	1.03e-03	1.51e-02	8.37e-02	1.75e-01	1.56e-01	1.37e-01	3.35e-01	9.00e-02	7.53e-03
 7.07270e+22	1.77e-30	4.86e-17	5.30e-14	8.52e-12	5.68e-08	1.78e-05	1.17e-03	1.68e-02	9.03e-02	1.83e-01	1.60e-01	1.36e-01	3.23e-01	8.37e-02	6.77e-03
 7.11132e+22	2.23e-30	5.88e-17	6.24e-14	9.68e-12	6.39e-08	1.99e-05	1.29e-03	1.82e-02	9.60e-02	1.90e-01	1.62e-01	1.35e-01	3.12e-01	7.89e-02	6.20e-03
 7.15145e+22	2.96e-30	7.46e-17	7.64e-14	1.14e-11	7.40e-08	2.28e-05	1.46e-03	2.02e-02	1.03e-01	1.99e-01	1.64e-01	1.33e-01	3.00e-01	7.30e-02	5.55e-03
 7.19291e+22	3.76e-30	9.13e-17	9.07e-14	1.30e-11	8.38e-08	2.56e-05	1.62e-03	2.20e-02	1.10e-01	2.07e-01	1.66e-01	1.31e-01	2.89e-01	6.83e-02	5.04e-03
 7.23609e+22	5.07e-30	1.17e-16	1.12e-13	1.55e-11	9.76e-08	2.95e-05	1.83e-03	2.44e-02	1.18e-01	2.16e-01	1.68e-01	1.29e-01	2.75e-01	6.28e-02	4.46e-03
 7.28045e+22	6.50e-30	1.44e-16	1.34e-13	1.78e-11	1.11e-07	3.32e-05	2.03e-03	2.66e-02	1.25e-01	2.23e-01	1.69e-01	1.27e-01	2.64e-01	5.83e-02	4.02e-03
 7.32637e+22	8.85e-30	1.87e-16	1.68e-13	2.13e-11	1.29e-07	3.83e-05	2.31e-03	2.95e-02	1.35e-01	2.32e-01	1.71e-01	1.24e-01	2.50e-01	5.32e-02	3.53e-03
 7.37381e+22	1.15e-29	2.33e-16	2.03e-13	2.48e-11	1.48e-07	4.32e-05	2.57e-03	3.22e-02	1.43e-01	2.40e-01	1.71e-01	1.21e-01	2.38e-01	4.90e-02	3.15e-03
 7.42323e+22	1.59e-29	3.05e-16	2.56e-13	2.99e-11	1.74e-07	5.01e-05	2.92e-03	3.57e-02	1.53e-01	2.49e-01	1.71e-01	1.18e-01	2.24e-01	4.42e-02	2.73e-03
 7.47397e+22	2.08e-29	3.83e-16	3.11e-13	3.50e-11	1.99e-07	5.66e-05	3.25e-03	3.89e-02	1.62e-01	2.56e-01	1.71e-01	1.15e-01	2.12e-01	4.05e-02	2.42e-03
 7.51948e+22	2.70e-29	4.76e-16	3.76e-13	4.08e-11	2.26e-07	6.36e-05	3.59e-03	4.22e-02	1.70e-01	2.62e-01	1.70e-01	1.11e-01	2.01e-01	3.71e-02	2.15e-03
 7.57173e+22	3.79e-29	6.33e-16	4.80e-13	4.95e-11	2.66e-07	7.38e-05	4.09e-03	4.68e-02	1.82e-01	2.70e-01	1.69e-01	1.07e-01	1.86e-01	3.29e-02	1.83e-03
 7.62436e+22	4.90e-29	7.85e-16	5.80e-13	5.78e-11	3.03e-07	8.27e-05	4.51e-03	5.05e-02	1.91e-01	2.76e-01	1.68e-01	1.04e-01	1.75e-01	3.01e-02	1.62e-03
 7.67747e+22	6.86e-29	1.04e-15	7.38e-13	7.00e-11	3.55e-07	9.55e-05	5.10e-03	5.57e-02	2.03e-01	2.82e-01	1.66e-01	9.90e-02	1.62e-01	2.66e-02	1.37e-03
 7.73170e+22	8.98e-29	1.31e-15	8.97e-13	8.18e-11	4.04e-07	1.07e-04	5.63e-03	6.02e-02	2.12e-01	2.87e-01	1.63e-01	9.51e-02	1.51e-01	2.40e-02	1.19e-03
 7.78741e+22	1.27e-28	1.74e-15	1.15e-12	9.96e-11	4.74e-07	1.24e-04	6.37e-03	6.62e-02	2.25e-01	2.92e-01	1.60e-01	9.02e-02	1.38e-01	2.10e-02	9.95e-04
 7.84398e+22	1.66e-28	2.20e-15	1.40e-12	1.17e-10	5.38e-07	1.39e-04	7.02e-03	7.14e-02	2.34e-01	2.96e-01	1.57e-01	8.62e-02	1.28e-01	1.88e-02	8.58e-04
 7.90170e+22	2.37e-28	2.97e-15	1.81e-12	1.42e-10	6.30e-07	1.60e-04	7.94e-03	7.85e-02	2.47e-01	3.00e-01	1.53e-01	8.10e-02	1.16e-01	1.62e-02	7.05e-04
 7.95625e+22	2.99e-28	3.62e-15	2.14e-12	1.63e-10	7.02e-07	1.76e-04	8.60e-03	8.35e-02	2.56e-01	3.02e-01	1.49e-01	7.76e-02	1.08e-01	1.46e-02	6.18e-04
 8.00669e+22	4.05e-28	4.69e-15	2.66e-12	1.93e-10	8.00e-07	1.98e-04	9.53e-03	9.04e-02	2.66e-01	3.04e-01	1.45e-01	7.31e-02	9.87e-02	1.27e-02	5.16e-04
 8.05756e+22	5.10e-28	5.73e-15	3.16e-12	2.20e-10	8.90e-07	2.17e-04	1.03e-02	9.59e-02	2.74e-01	3.04e-01	1.41e-01	6.98e-02	9.18e-02	1.15e-02	4.50e-04
 8.10900e+22	6.93e-28	7.47e-15	3.93e-12	2.61e-10	1.01e-06	2.44e-04	1.14e-02	1.04e-01	2.85e-01	3.05e-01	1.36e-01	6.54e-02	8.29e-02	9.91e-03	3.71e-04
 8.16090e+22	8.76e-28	9.17e-15	4.67e-12	2.98e-10	1.12e-06	2.67e-04	1.23e-02	1.10e-01	2.93e-01	3.04e-01	1.32e-01	6.20e-02	7.66e-02	8.84e-03	3.20e-04
 8.21339e+22	1.19e-27	1.20e-14	5.84e-12	3.53e-10	1.27e-06	2.99e-04	1.36e-02	1.18e-01	3.03e-01	3.03e-01	1.27e-01	5.78e-02	6.87e-02	7.57e-03	2.62e-04
 8.26663e+22	1.51e-27	1.48e-14	6.96e-12	4.05e-10	1.41e-06	3.27e-04	1.46e-02	1.25e-01	3.11e-01	3.02e-01	1.22e-01	5.45e-02	6.30e-02	6.70e-03	2.24e-04
 8.32083e+22	2.06e-27	1.97e-14	8.75e-12	4.81e-10	1.59e-06	3.66e-04	1.61e-02	1.35e-01	3.21e-01	2.99e-01	1.16e-01	5.04e-02	5.59e-02	5.66e-03	1.80e-04
 8.37576e+22	2.62e-27	2.44e-14	1.05e-11	5.52e-10	1.76e-06	4.01e-04	1.74e-02	1.43e-01	3.28e-01	2.96e-01	1.12e-01	4.73e-02	5.09e-02	4.96e-03	1.52e-04
 8.43163e+22	3.58e-27	3.27e-14	1.33e-11	6.59e-10	2.00e-06	4.49e-04	1.92e-02	1.54e-01	3.37e-01	2.92e-01	1.05e-01	4.34e-02	4.48e-02	4.15e-03	1.21e-04
 8.48868e+22	4.61e-27	4.13e-14	1.60e-11	7.61e-10	2.21e-06	4.91e-04	2.07e-02	1.63e-01	3.44e-01	2.87e-01	1.00e-01	4.04e-02	4.03e-02	3.58e-03	1.00e-04
 8.54728e+22	6.36e-27	5.61e-14	2.05e-11	9.17e-10	2.52e-06	5.51e-04	2.28e-02	1.76e-01	3.52e-01	2.81e-01	9.36e-02	3.67e-02	3.50e-02	2.94e-03	7.79e-05
 8.60708e+22	8.23e-27	7.19e-14	2.51e-11	1.07e-09	2.80e-06	6.04e-04	2.47e-02	1.86e-01	3.58e-01	2.75e-01	8.83e-02	3.39e-02	3.11e-02	2.50e-03	6.34e-05
 8.66652e+22	1.12e-26	9.78e-14	3.21e-11	1.29e-09	3.19e-06	6.76e-04	2.71e-02	2.00e-01	3.64e-01	2.67e-01	8.19e-02	3.06e-02	2.69e-02	2.04e-03	4.90e-05
 8.72298e+22	1.41e-26	1.22e-13	3.84e-11	1.47e-09	3.51e-06	7.33e-04	2.90e-02	2.10e-01	3.68e-01	2.61e-01	7.74e-02	2.84e-02	2.41e-02	1.76e-03	4.06e-05
 8.77750e+22	1.88e-26	1.64e-13	4.86e-11	1.77e-09	3.97e-06	8.15e-04	3.16e-02	2.23e-01	3.72e-01	2.52e-01	7.16e-02	2.57e-02	2.08e-02	1.44e-03	3.16e-05
 8.83306e+22	2.37e-26	2.09e-13	5.88e-11	2.04e-09	4.39e-06	8.88e-04	3.39e-02	2.35e-01	3.75e-01	2.45e-01	6.71e-02	2.36e-02	1.85e-02	1.23e-03	2.57e-05
 8.88762e+22	3.11e-26	2.79e-13	7.42e-11	2.45e-09	4.97e-06	9.84e-04	3.68e-02	2.49e-01	3.78e-01	2.35e-01	6.17e-02	2.13e-02	1.59e-02	1.01e-03	2.00e-05
 8.94329e+22	3.94e-26	3.61e-13	9.11e-11	2.87e-09	5.55e-06	1.08e-03	3.96e-02	2.62e-01	3.79e-01	2.26e-01	5.73e-02	1.95e-02	1.40e-02	8.43e-04	1.60e-05
 8.99755e+22	5.05e-26	4.79e-13	1.14e-10	3.43e-09	6.28e-06	1.19e-03	4.28e-02	2.77e-01	3.80e-01	2.17e-01	5.26e-02	1.76e-02	1.21e-02	6.92e-04	1.25e-05
 9.05296e+22	6.41e-26	6.28e-13	1.42e-10	4.07e-09	7.09e-06	1.31e-03	4.61e-02	2.91e-01	3.79e-01	2.07e-01	4.83e-02	1.59e-02	1.05e-02	5.72e-04	9.89e-06
 9.10782e+22	8.16e-26	8.33e-13	1.78e-10	4.88e-09	8.05e-06	1.45e-03	4.97e-02	3.06e-01	3.78e-01	1.97e-01	4.41e-02	1.43e-02	9.02e-03	4.69e-04	7.71e-06
 9.16297e+22	1.04e-25	1.10e-12	2.23e-10	5.85e-09	9.15e-06	1.60e-03	5.35e-02	3.21e-01	3.76e-01	1.87e-01	4.02e-02	1.29e-02	7.76e-03	3.85e-04	6.03e-06
 9.21749e+22	1.31e-25	1.45e-12	2.80e-10	7.02e-09	1.04e-05	1.77e-03	5.75e-02	3.36e-01	3.72e-01	1.77e-01	3.66e-02	1.15e-02	6.67e-03	3.15e-04	4.71e-06
 9.27191e+22	1.65e-25	1.92e-12	3.51e-10	8.45e-09	1.19e-05	1.96e-03	6.18e-02	3.51e-01	3.68e-01	1.67e-01	3.32e-02	1.03e-02	5.72e-03	2.57e-04	3.67e-06
 9.32643e+22	2.09e-25	2.54e-12	4.41e-10	1.02e-08	1.37e-05	2.17e-03	6.64e-02	3.66e-01	3.63e-01	1.57e-01	3.00e-02	9.24e-03	4.89e-03	2.10e-04	2.85e-06
 9.38117e+22	2.63e-25	3.36e-12	5.54e-10	1.24e-08	1.57e-05	2.40e-03	7.13e-02	3.82e-01	3.57e-01	1.48e-01	2.71e-02	8.24e-03	4.17e-03	1.70e-04	2.21e-06
 9.43624e+22	3.33e-25	4.45e-12	6.98e-10	1.50e-08	1.81e-05	2.67e-03	7.65e-02	3.97e-01	3.51e-01	1.38e-01	2.44e-02	7.33e-03	3.55e-03	1.38e-04	1.70e-06
 9.49181e+22	4.22e-25	5.89e-12	8.81e-10	1.83e-08	2.09e-05	2.96e-03	8.21e-02	4.12e-01	3.43e-01	1.29e-01	2.18e-02	6.50e-03	3.01e-03	1.11e-04	1.31e-06
 9.54805e+22	5.37e-25	7.81e-12	1.11e-09	2.23e-08	2.41e-05	3.29e-03	8.80e-02	4.26e-01	3.35e-01	1.20e-01	1.95e-02	5.74e-03	2.54e-03	8.95e-05	1.00e-06
 9.60457e+22	6.83e-25	1.03e-11	1.41e-09	2.72e-08	2.79e-05	3.65e-03	9.41e-02	4.41e-01	3.26e-01	1.11e-01	1.74e-02	5.07e-03	2.14e-03	7.20e-05	7.69e-07
 9.66201e+22	8.79e-25	1.37e-11	1.79e-09	3.34e-08	3.25e-05	4.06e-03	1.01e-01	4.55e-01	3.16e-01	1.03e-01	1.54e-02	4.45e-03	1.79e-03	5.73e-05	5.83e-07
 9.72013e+22	1.14e-24	1.81e-11	2.26e-09	4.09e-08	3.77e-05	4.51e-03	1.08e-01	4.68e-01	3.06e-01	9.46e-02	1.37e-02	3.91e-03	1.51e-03	4.58e-05	4.44e-07
 9.77937e+22	1.49e-24	2.41e-11	2.88e-09	5.05e-08	4.40e-05	5.03e-03	1.15e-01	4.81e-01	2.95e-01	8.68e-02	1.20e-02	3.40e-03	1.25e-03	3.62e-05	3.33e-07
 9.83450e+22	1.87e-24	3.03e-11	3.50e-09	5.98e-08	4.99e-05	5.49e-03	1.21e-01	4.91e-01	2.86e-01	8.08e-02	1.08e-02	3.04e-03	1.08e-03	2.98e-05	2.64e-07
 9.89120e+22	2.48e-24	4.06e-11	4.50e-09	7.45e-08	5.87e-05	6.13e-03	1.30e-01	5.03e-01	2.74e-01	7.36e-02	9.46e-03	2.62e-03	8.84e-04	2.32e-05	1.95e-07
 9.94882e+22	3.13e-24	5.10e-11	5.48e-09	8.86e-08	6.67e-05	6.69e-03	1.37e-01	5.12e-01	2.65e-01	6.82e-02	8.49e-03	2.33e-03	7.56e-04	1.91e-05	1.53e-07
 1.00079e+23	4.25e-24	6.86e-11	7.08e-09	1.11e-07	7.88e-05	7.49e-03	1.46e-01	5.23e-01	2.52e-01	6.16e-02	7.34e-03	1.99e-03	6.14e-04	1.47e-05	0.00e+00
 1.00673e+23	5.39e-24	8.54e-11	8.57e-09	1.32e-07	8.92e-05	8.15e-03	1.53e-01	5.30e-01	2.43e-01	5.71e-02	6.59e-03	1.77e-03	5.26e-04	1.20e-05	0.00e+00
 1.01271e+23	7.35e-24	1.14e-10	1.10e-08	1.64e-07	1.05e-04	9.09e-03	1.63e-01	5.38e-01	2.30e-01	5.14e-02	5.69e-03	1.51e-03	4.27e-04	9.26e-06	0.00e+00
 1.01873e+23	9.38e-24	1.41e-10	1.33e-08	1.95e-07	1.19e-04	9.87e-03	1.71e-01	5.44e-01	2.21e-01	4.75e-02	5.09e-03	1.34e-03	3.64e-04	7.58e-06	0.00e+00
 1.02479e+23	1.29e-23	1.87e-10	1.70e-08	2.42e-07	1.40e-04	1.10e-02	1.81e-01	5.50e-01	2.09e-01	4.27e-02	4.39e-03	1.14e-03	2.95e-04	5.82e-06	0.00e+00
 1.03090e+23	1.65e-23	2.31e-10	2.06e-08	2.87e-07	1.58e-04	1.19e-02	1.89e-01	5.54e-01	2.00e-01	3.94e-02	3.92e-03	1.01e-03	2.51e-04	4.75e-06	0.00e+00
 1.03708e+23	2.27e-23	3.03e-10	2.62e-08	3.56e-07	1.85e-04	1.32e-02	2.00e-01	5.59e-01	1.88e-01	3.53e-02	3.37e-03	8.56e-04	2.03e-04	3.64e-06	0.00e+00
 1.04333e+23	2.92e-23	3.74e-10	3.16e-08	4.22e-07	2.09e-04	1.43e-02	2.09e-01	5.61e-01	1.79e-01	3.24e-02	3.00e-03	7.53e-04	1.72e-04	2.95e-06	0.00e+00
 1.04969e+23	4.03e-23	4.89e-10	4.02e-08	5.25e-07	2.45e-04	1.59e-02	2.20e-01	5.63e-01	1.68e-01	2.90e-02	2.58e-03	6.36e-04	1.39e-04	2.25e-06	0.00e+00
 1.05616e+23	5.21e-23	6.04e-10	4.86e-08	6.22e-07	2.78e-04	1.72e-02	2.29e-01	5.64e-01	1.60e-01	2.65e-02	2.28e-03	5.57e-04	1.17e-04	1.82e-06	0.00e+00
 1.06276e+23	7.25e-23	7.90e-10	6.20e-08	7.76e-07	3.26e-04	1.91e-02	2.41e-01	5.64e-01	1.49e-01	2.36e-02	1.95e-03	4.68e-04	9.35e-05	1.37e-06	0.00e+00
 1.06949e+23	9.44e-23	9.76e-10	7.52e-08	9.23e-07	3.69e-04	2.06e-02	2.51e-01	5.63e-01	1.41e-01	2.15e-02	1.72e-03	4.08e-04	7.84e-05	1.10e-06	0.00e+00
 1.07641e+23	1.32e-22	1.28e-09	9.63e-08	1.16e-06	4.35e-04	2.29e-02	2.64e-01	5.61e-01	1.31e-01	1.90e-02	1.46e-03	3.40e-04	6.21e-05	8.24e-07	0.00e+00
 1.08350e+23	1.74e-22	1.59e-09	1.17e-07	1.38e-06	4.95e-04	2.48e-02	2.74e-01	5.59e-01	1.23e-01	1.73e-02	1.28e-03	2.94e-04	5.17e-05	6.54e-07	0.00e+00
 1.09082e+23	2.46e-22	2.09e-09	1.52e-07	1.75e-06	5.86e-04	2.76e-02	2.88e-01	5.54e-01	1.13e-01	1.52e-02	1.08e-03	2.43e-04	4.04e-05	4.81e-07	0.00e+00
 1.09771e+23	3.09e-22	2.50e-09	1.79e-07	2.03e-06	6.52e-04	2.95e-02	2.96e-01	5.51e-01	1.08e-01	1.40e-02	9.63e-04	2.15e-04	3.46e-05	3.96e-07	0.00e+00
 1.10404e+23	4.15e-22	3.15e-09	2.21e-07	2.47e-06	7.50e-04	3.22e-02	3.08e-01	5.45e-01	1.00e-01	1.25e-02	8.31e-04	1.82e-04	2.81e-05	3.06e-07	0.00e+00
 1.11032e+23	5.16e-22	3.74e-09	2.59e-07	2.85e-06	8.32e-04	3.43e-02	3.17e-01	5.41e-01	9.49e-02	1.15e-02	7.45e-04	1.61e-04	2.41e-05	2.53e-07	0.00e+00
 1.11652e+23	6.82e-22	4.67e-09	3.19e-07	3.46e-06	9.54e-04	3.73e-02	3.28e-01	5.34e-01	8.81e-02	1.03e-02	6.43e-04	1.37e-04	1.96e-05	1.95e-07	0.00e+00
 1.12276e+23	8.48e-22	5.53e-09	3.73e-07	3.99e-06	1.06e-03	3.97e-02	3.37e-01	5.29e-01	8.34e-02	9.49e-03	5.77e-04	1.21e-04	1.68e-05	1.61e-07	0.00e+00
 1.12905e+23	1.12e-21	6.87e-09	4.58e-07	4.81e-06	1.21e-03	4.31e-02	3.48e-01	5.21e-01	7.74e-02	8.50e-03	4.99e-04	1.03e-04	1.37e-05	1.25e-07	0.00e+00
 1.13546e+23	1.39e-21	8.16e-09	5.37e-07	5.56e-06	1.34e-03	4.58e-02	3.57e-01	5.14e-01	7.31e-02	7.81e-03	4.46e-04	9.10e-05	1.17e-05	0.00e+00	0.00e+00
 1.14201e+23	1.84e-21	1.02e-08	6.62e-07	6.75e-06	1.53e-03	4.98e-02	3.69e-01	5.05e-01	6.74e-02	6.96e-03	3.83e-04	7.69e-05	9.47e-06	0.00e+00	0.00e+00
 1.14866e+23	2.31e-21	1.21e-08	7.78e-07	7.81e-06	1.70e-03	5.29e-02	3.77e-01	4.98e-01	6.35e-02	6.38e-03	3.41e-04	6.76e-05	8.06e-06	0.00e+00	0.00e+00
 1.15542e+23	3.06e-21	1.51e-08	9.61e-07	9.51e-06	1.95e-03	5.74e-02	3.89e-01	4.87e-01	5.84e-02	5.66e-03	2.92e-04	5.69e-05	6.48e-06	0.00e+00	0.00e+00
 1.16231e+23	3.85e-21	1.80e-08	1.13e-06	1.10e-05	2.17e-03	6.11e-02	3.98e-01	4.79e-01	5.47e-02	5.17e-03	2.59e-04	4.98e-05	5.49e-06	0.00e+00	0.00e+00
 1.16937e+23	5.13e-21	2.26e-08	1.41e-06	1.35e-05	2.50e-03	6.64e-02	4.09e-01	4.67e-01	5.00e-02	4.57e-03	2.20e-04	4.16e-05	4.38e-06	0.00e+00	0.00e+00
 1.17660e+23	6.51e-21	2.70e-08	1.67e-06	1.57e-05	2.78e-03	7.07e-02	4.18e-01	4.58e-01	4.67e-02	4.16e-03	1.94e-04	3.62e-05	3.68e-06	0.00e+00	0.00e+00
 1.18402e+23	8.74e-21	3.41e-08	2.08e-06	1.94e-05	3.21e-03	7.68e-02	4.29e-01	4.44e-01	4.24e-02	3.65e-03	1.64e-04	3.00e-05	2.90e-06	0.00e+00	0.00e+00
 1.19162e+23	1.11e-20	4.11e-08	2.48e-06	2.27e-05	3.59e-03	8.19e-02	4.38e-01	4.34e-01	3.94e-02	3.30e-03	1.44e-04	2.58e-05	2.41e-06	0.00e+00	0.00e+00
 1.19942e+23	1.51e-20	5.21e-08	3.12e-06	2.80e-05	4.15e-03	8.90e-02	4.49e-01	4.20e-01	3.56e-02	2.89e-03	1.20e-04	2.13e-05	1.89e-06	0.00e+00	0.00e+00
 1.20732e+23	1.93e-20	6.28e-08	3.72e-06	3.29e-05	4.64e-03	9.47e-02	4.56e-01	4.08e-01	3.29e-02	2.61e-03	1.05e-04	1.83e-05	1.57e-06	0.00e+00	0.00e+00
 1.21534e+23	2.62e-20	7.97e-08	4.68e-06	4.07e-05	5.37e-03	1.03e-01	4.67e-01	3.93e-01	2.96e-02	2.27e-03	8.77e-05	1.50e-05	1.22e-06	0.00e+00	0.00e+00
 1.22344e+23	3.36e-20	9.63e-08	5.59e-06	4.77e-05	6.00e-03	1.09e-01	4.74e-01	3.82e-01	2.73e-02	2.04e-03	7.64e-05	1.29e-05	1.01e-06	0.00e+00	0.00e+00
 1.23167e+23	4.56e-20	1.22e-07	7.03e-06	5.91e-05	6.94e-03	1.18e-01	4.83e-01	3.66e-01	2.44e-02	1.77e-03	6.34e-05	1.05e-05	7.81e-07	0.00e+00	0.00e+00
 1.23971e+23	5.75e-20	1.46e-07	8.29e-06	6.85e-05	7.67e-03	1.25e-01	4.88e-01	3.55e-01	2.26e-02	1.60e-03	5.57e-05	9.09e-06	6.53e-07	0.00e+00	0.00e+00
 1.24751e+23	7.65e-20	1.82e-07	1.03e-05	8.36e-05	8.78e-03	1.35e-01	4.95e-01	3.40e-01	2.03e-02	1.40e-03	4.66e-05	7.49e-06	5.12e-07	0.00e+00	0.00e+00
 1.25559e+23	9.81e-20	2.19e-07	1.22e-05	9.77e-05	9.76e-03	1.42e-01	5.00e-01	3.28e-01	1.86e-02	1.26e-03	4.05e-05	6.41e-06	4.22e-07	0.00e+00	0.00e+00
 1.26250e+23	1.21e-19	2.58e-07	1.43e-05	1.12e-04	1.07e-02	1.50e-01	5.04e-01	3.17e-01	1.72e-02	1.14e-03	3.56e-05	5.58e-06	3.55e-07	0.00e+00	0.00e+00
 1.26991e+23	1.58e-19	3.16e-07	1.74e-05	1.35e-04	1.21e-02	1.60e-01	5.09e-01	3.03e-01	1.55e-02	1.01e-03	3.01e-05	4.65e-06	2.82e-07	0.00e+00	0.00e+00
 1.27733e+23	1.94e-19	3.71e-07	2.02e-05	1.55e-04	1.33e-02	1.67e-01	5.12e-01	2.92e-01	1.43e-02	9.11e-04	2.65e-05	4.04e-06	2.36e-07	0.00e+00	0.00e+00
 1.28477e+23	2.52e-19	4.53e-07	2.44e-05	1.84e-04	1.49e-02	1.77e-01	5.14e-01	2.79e-01	1.29e-02	8.06e-04	2.25e-05	3.39e-06	1.90e-07	0.00e+00	0.00e+00
 1.29250e+23	3.16e-19	5.40e-07	2.89e-05	2.15e-04	1.65e-02	1.87e-01	5.16e-01	2.67e-01	1.17e-02	7.19e-04	1.94e-05	2.89e-06	1.55e-07	0.00e+00	0.00e+00
 1.29941e+23	3.93e-19	6.36e-07	3.37e-05	2.47e-04	1.81e-02	1.96e-01	5.18e-01	2.57e-01	1.08e-02	6.50e-04	1.70e-05	2.50e-06	1.30e-07	0.00e+00	0.00e+00
 1.30718e+23	5.13e-19	7.79e-07	4.09e-05	2.94e-04	2.03e-02	2.07e-01	5.18e-01	2.44e-01	9.66e-03	5.71e-04	1.43e-05	2.08e-06	0.00e+00	0.00e+00	0.00e+00
 1.31535e+23	6.53e-19	9.35e-07	4.87e-05	3.44e-04	2.25e-02	2.18e-01	5.18e-01	2.32e-01	8.72e-03	5.07e-04	1.22e-05	1.76e-06	0.00e+00	0.00e+00	0.00e+00
 1.32277e+23	8.18e-19	1.11e-06	5.72e-05	3.99e-04	2.47e-02	2.28e-01	5.17e-01	2.21e-01	7.92e-03	4.53e-04	1.06e-05	1.50e-06	0.00e+00	0.00e+00	0.00e+00
 1.33116e+23	1.09e-18	1.37e-06	7.01e-05	4.79e-04	2.78e-02	2.41e-01	5.15e-01	2.08e-01	7.01e-03	3.93e-04	8.77e-06	1.23e-06	0.00e+00	0.00e+00	0.00e+00
 1.33980e+23	1.38e-18	1.65e-06	8.36e-05	5.62e-04	3.09e-02	2.52e-01	5.13e-01	1.97e-01	6.28e-03	3.46e-04	7.43e-06	1.03e-06	0.00e+00	0.00e+00	0.00e+00
 1.34747e+23	1.74e-18	1.97e-06	9.84e-05	6.52e-04	3.39e-02	2.63e-01	5.09e-01	1.87e-01	5.67e-03	3.08e-04	6.36e-06	8.74e-07	0.00e+00	0.00e+00	0.00e+00
 1.35616e+23	2.32e-18	2.44e-06	1.21e-04	7.84e-04	3.81e-02	2.77e-01	5.04e-01	1.74e-01	4.97e-03	2.65e-04	5.23e-06	7.10e-07	0.00e+00	0.00e+00	0.00e+00
 1.36516e+23	2.98e-18	2.95e-06	1.44e-04	9.23e-04	4.22e-02	2.90e-01	4.99e-01	1.63e-01	4.41e-03	2.32e-04	4.38e-06	5.89e-07	0.00e+00	0.00e+00	0.00e+00
 1.37324e+23	3.78e-18	3.53e-06	1.71e-04	1.07e-03	4.64e-02	3.02e-01	4.93e-01	1.54e-01	3.94e-03	2.04e-04	3.71e-06	4.94e-07	0.00e+00	0.00e+00	0.00e+00
 1.38240e+23	5.11e-18	4.42e-06	2.11e-04	1.30e-03	5.22e-02	3.17e-01	4.84e-01	1.42e-01	3.41e-03	1.73e-04	3.00e-06	3.95e-07	0.00e+00	0.00e+00	0.00e+00
 1.39186e+23	6.49e-18	5.35e-06	2.53e-04	1.53e-03	5.77e-02	3.29e-01	4.76e-01	1.32e-01	3.00e-03	1.50e-04	2.49e-06	3.25e-07	0.00e+00	0.00e+00	0.00e+00
 1.40170e+23	8.93e-18	6.79e-06	3.16e-04	1.87e-03	6.52e-02	3.45e-01	4.65e-01	1.20e-01	2.56e-03	1.26e-04	1.97e-06	2.54e-07	0.00e+00	0.00e+00	0.00e+00
 1.41164e+23	1.16e-17	8.23e-06	3.78e-04	2.20e-03	7.19e-02	3.58e-01	4.54e-01	1.11e-01	2.23e-03	1.08e-04	1.63e-06	2.08e-07	0.00e+00	0.00e+00	0.00e+00
 1.42038e+23	1.48e-17	9.92e-06	4.50e-04	2.57e-03	7.89e-02	3.70e-01	4.44e-01	1.03e-01	1.96e-03	9.38e-05	1.34e-06	1.71e-07	0.00e+00	0.00e+00	0.00e+00
 1.43040e+23	2.05e-17	1.26e-05	5.61e-04	3.14e-03	8.88e-02	3.85e-01	4.29e-01	9.26e-02	1.65e-03	7.76e-05	1.05e-06	1.32e-07	0.00e+00	0.00e+00	0.00e+00
 1.44054e+23	2.63e-17	1.52e-05	6.69e-04	3.69e-03	9.75e-02	3.96e-01	4.16e-01	8.48e-02	1.42e-03	6.63e-05	8.57e-07	0.00e+00	0.00e+00	0.00e+00	0.00e+00
 1.45085e+23	3.67e-17	1.93e-05	8.35e-04	4.49e-03	1.09e-01	4.09e-01	3.99e-01	7.59e-02	1.19e-03	5.45e-05	6.65e-07	0.00e+00	0.00e+00	0.00e+00	0.00e+00
 1.46131e+23	4.79e-17	2.35e-05	1.00e-03	5.28e-03	1.20e-01	4.20e-01	3.84e-01	6.89e-02	1.02e-03	4.61e-05	5.37e-07	0.00e+00	0.00e+00	0.00e+00	0.00e+00
 1.47198e+23	6.75e-17	3.01e-05	1.25e-03	6.46e-03	1.34e-01	4.32e-01	3.65e-01	6.08e-02	8.39e-04	3.73e-05	4.08e-07	0.00e+00	0.00e+00	0.00e+00	0.00e+00
 1.48275e+23	8.79e-17	3.65e-05	1.49e-03	7.56e-03	1.46e-01	4.40e-01	3.49e-01	5.48e-02	7.15e-04	3.14e-05	3.27e-07	0.00e+00	0.00e+00	0.00e+00	0.00e+00
 1.49363e+23	1.25e-16	4.68e-05	1.87e-03	9.24e-03	1.63e-01	4.49e-01	3.29e-01	4.78e-02	5.81e-04	2.51e-05	2.45e-07	0.00e+00	0.00e+00	0.00e+00	0.00e+00
 1.50463e+23	1.64e-16	5.69e-05	2.23e-03	1.08e-02	1.77e-01	4.55e-01	3.12e-01	4.27e-02	4.91e-04	2.09e-05	1.95e-07	0.00e+00	0.00e+00	0.00e+00	0.00e+00
 1.51579e+23	2.36e-16	7.31e-05	2.79e-03	1.32e-02	1.96e-01	4.61e-01	2.90e-01	3.68e-02	3.94e-04	1.65e-05	1.44e-07	0.00e+00	0.00e+00	0.00e+00	0.00e+00
 1.52710e+23	3.15e-16	8.92e-05	3.32e-03	1.54e-02	2.12e-01	4.63e-01	2.73e-01	3.26e-02	3.29e-04	1.36e-05	1.13e-07	0.00e+00	0.00e+00	0.00e+00	0.00e+00
 1.53693e+23	4.15e-16	1.08e-04	3.93e-03	1.78e-02	2.28e-01	4.65e-01	2.56e-01	2.88e-02	2.76e-04	1.12e-05	0.00e+00	0.00e+00	0.00e+00	0.00e+00	0.00e+00
 1.54801e+23	5.99e-16	1.37e-04	4.85e-03	2.14e-02	2.49e-01	4.64e-01	2.36e-01	2.46e-02	2.20e-04	8.83e-06	0.00e+00	0.00e+00	0.00e+00	0.00e+00	0.00e+00
 1.55861e+23	7.81e-16	1.63e-04	5.63e-03	2.43e-02	2.64e-01	4.62e-01	2.21e-01	2.18e-02	1.87e-04	7.39e-06	0.00e+00	0.00e+00	0.00e+00	0.00e+00	0.00e+00
 1.56857e+23	1.09e-15	2.03e-04	6.78e-03	2.85e-02	2.85e-01	4.58e-01	2.03e-01	1.87e-02	1.51e-04	5.87e-06	0.00e+00	0.00e+00	0.00e+00	0.00e+00	0.00e+00
 1.57854e+23	1.44e-15	2.40e-04	7.82e-03	3.22e-02	3.00e-01	4.53e-01	1.90e-01	1.66e-02	1.28e-04	4.90e-06	0.00e+00	0.00e+00	0.00e+00	0.00e+00	0.00e+00
 1.58853e+23	2.01e-15	2.97e-04	9.35e-03	3.75e-02	3.21e-01	4.45e-01	1.73e-01	1.41e-02	1.03e-04	3.87e-06	0.00e+00	0.00e+00	0.00e+00	0.00e+00	0.00e+00
 1.59877e+23	2.70e-15	3.54e-04	1.08e-02	4.24e-02	3.38e-01	4.37e-01	1.59e-01	1.23e-02	8.52e-05	3.17e-06	0.00e+00	0.00e+00	0.00e+00	0.00e+00	0.00e+00
 1.60933e+23	3.89e-15	4.42e-04	1.30e-02	4.94e-02	3.59e-01	4.25e-01	1.43e-01	1.03e-02	6.73e-05	2.45e-06	0.00e+00	0.00e+00	0.00e+00	0.00e+00	0.00e+00
 1.61999e+23	5.31e-15	5.29e-04	1.51e-02	5.56e-02	3.75e-01	4.14e-01	1.30e-01	8.85e-03	5.53e-05	1.98e-06	0.00e+00	0.00e+00	0.00e+00	0.00e+00	0.00e+00
 1.62935e+23	7.15e-15	6.29e-04	1.73e-02	6.24e-02	3.91e-01	4.02e-01	1.19e-01	7.61e-03	4.55e-05	1.61e-06	0.00e+00	0.00e+00	0.00e+00	0.00e+00	0.00e+00
 1.64011e+23	1.05e-14	7.85e-04	2.07e-02	7.19e-02	4.10e-01	3.85e-01	1.05e-01	6.25e-03	3.53e-05	1.22e-06	0.00e+00	0.00e+00	0.00e+00	0.00e+00	0.00e+00
 1.65053e+23	1.43e-14	9.24e-04	2.35e-02	7.96e-02	4.24e-01	3.72e-01	9.51e-02	5.38e-03	2.92e-05	9.92e-07	0.00e+00	0.00e+00	0.00e+00	0.00e+00	0.00e+00
 1.65885e+23	1.87e-14	1.07e-03	2.64e-02	8.71e-02	4.35e-01	3.59e-01	8.68e-02	4.68e-03	2.45e-05	8.19e-07	0.00e+00	0.00e+00	0.00e+00	0.00e+00	0.00e+00
 1.66797e+23	2.61e-14	1.28e-03	3.04e-02	9.70e-02	4.48e-01	3.42e-01	7.72e-02	3.93e-03	1.97e-05	6.44e-07	0.00e+00	0.00e+00	0.00e+00	0.00e+00	0.00e+00
 1.67726e+23	3.52e-14	1.49e-03	3.41e-02	1.06e-01	4.58e-01	3.28e-01	6.97e-02	3.38e-03	1.63e-05	5.25e-07	0.00e+00	0.00e+00	0.00e+00	0.00e+00	0.00e+00
 1.68548e+23	4.65e-14	1.72e-03	3.80e-02	1.15e-01	4.66e-01	3.13e-01	6.30e-02	2.90e-03	1.35e-05	4.28e-07	0.00e+00	0.00e+00	0.00e+00	0.00e+00	0.00e+00
 1.69487e+23	6.80e-14	2.06e-03	4.36e-02	1.27e-01	4.75e-01	2.94e-01	5.51e-02	2.39e-03	1.07e-05	3.31e-07	0.00e+00	0.00e+00	0.00e+00	0.00e+00	0.00e+00
 1.70439e+23	9.50e-14	2.39e-03	4.87e-02	1.38e-01	4.81e-01	2.79e-01	4.91e-02	2.03e-03	8.74e-06	2.65e-07	0.00e+00	0.00e+00	0.00e+00	0.00e+00	0.00e+00
 1.71273e+23	1.28e-13	2.76e-03	5.41e-02	1.48e-01	4.86e-01	2.63e-01	4.38e-02	1.72e-03	7.18e-06	2.14e-07	0.00e+00	0.00e+00	0.00e+00	0.00e+00	0.00e+00
 1.72227e+23	1.92e-13	3.29e-03	6.15e-02	1.62e-01	4.89e-01	2.44e-01	3.77e-02	1.40e-03	5.60e-06	1.62e-07	0.00e+00	0.00e+00	0.00e+00	0.00e+00	0.00e+00
 1.73196e+23	2.76e-13	3.81e-03	6.83e-02	1.74e-01	4.91e-01	2.28e-01	3.32e-02	1.17e-03	4.52e-06	1.28e-07	0.00e+00	0.00e+00	0.00e+00	0.00e+00	0.00e+00
 1.74055e+23	3.81e-13	4.39e-03	7.54e-02	1.86e-01	4.90e-01	2.13e-01	2.91e-02	9.77e-04	3.66e-06	0.00e+00	0.00e+00	0.00e+00	0.00e+00	0.00e+00	0.00e+00
 1.75039e+23	6.14e-13	5.22e-03	8.53e-02	2.02e-01	4.88e-01	1.95e-01	2.46e-02	7.76e-04	2.79e-06	0.00e+00	0.00e+00	0.00e+00	0.00e+00	0.00e+00	0.00e+00
 1.76038e+23	9.74e-13	6.03e-03	9.41e-02	2.15e-01	4.84e-01	1.79e-01	2.13e-02	6.38e-04	2.22e-06	0.00e+00	0.00e+00	0.00e+00	0.00e+00	0.00e+00	0.00e+00
 1.77058e+23	1.73e-12	7.18e-03	1.06e-01	2.31e-01	4.76e-01	1.61e-01	1.77e-02	4.97e-04	1.67e-06	0.00e+00	0.00e+00	0.00e+00	0.00e+00	0.00e+00	0.00e+00
 1.78088e+23	3.19e-12	8.30e-03	1.16e-01	2.44e-01	4.68e-01	1.47e-01	1.51e-02	4.02e-04	1.30e-06	0.00e+00	0.00e+00	0.00e+00	0.00e+00	0.00e+00	0.00e+00
 1.78992e+23	5.55e-12	9.50e-03	1.27e-01	2.57e-01	4.59e-01	1.34e-01	1.29e-02	3.27e-04	1.03e-06	0.00e+00	0.00e+00	0.00e+00	0.00e+00	0.00e+00	0.00e+00
 1.80028e+23	1.58e-11	1.13e-02	1.42e-01	2.73e-01	4.45e-01	1.18e-01	1.05e-02	2.50e-04	7.55e-07	0.00e+00	0.00e+00	0.00e+00	0.00e+00	0.00e+00	0.00e+00
 1.81083e+23	3.19e-11	1.29e-02	1.54e-01	2.85e-01	4.33e-01	1.06e-01	8.77e-03	1.99e-04	5.83e-07	0.00e+00	0.00e+00	0.00e+00	0.00e+00	0.00e+00	0.00e+00
 1.82161e+23	8.75e-11	1.53e-02	1.71e-01	3.00e-01	4.15e-01	9.23e-02	7.00e-03	1.49e-04	4.20e-07	0.00e+00	0.00e+00	0.00e+00	0.00e+00	0.00e+00	0.00e+00
 1.82923e+23	1.99e-10	1.60e-02	1.75e-01	3.03e-01	4.10e-01	8.87e-02	6.56e-03	1.37e-04	3.83e-07	0.00e+00	0.00e+00	0.00e+00	0.00e+00	0.00e+00	0.00e+00
 1.83273e+23	2.49e-10	1.70e-02	1.82e-01	3.08e-01	4.03e-01	8.41e-02	6.03e-03	1.23e-04	3.39e-07	0.00e+00	0.00e+00	0.00e+00	0.00e+00	0.00e+00	0.00e+00
 1.83729e+23	3.25e-10	1.81e-02	1.89e-01	3.13e-01	3.95e-01	7.92e-02	5.49e-03	1.09e-04	2.96e-07	0.00e+00	0.00e+00	0.00e+00	0.00e+00	0.00e+00	0.00e+00
 1.84321e+23	4.15e-10	1.97e-02	1.98e-01	3.20e-01	3.84e-01	7.31e-02	4.84e-03	9.35e-05	2.49e-07	0.00e+00	0.00e+00	0.00e+00	0.00e+00	0.00e+00	0.00e+00
 1.85090e+23	7.50e-10	2.22e-02	2.12e-01	3.28e-01	3.68e-01	6.49e-02	4.03e-03	7.41e-05	1.92e-07	0.00e+00	0.00e+00	0.00e+00	0.00e+00	0.00e+00	0.00e+00
 1.86091e+23	1.39e-09	2.57e-02	2.30e-01	3.38e-01	3.48e-01	5.58e-02	3.19e-03	5.54e-05	1.38e-07	0.00e+00	0.00e+00	0.00e+00	0.00e+00	0.00e+00	0.00e+00
 1.87136e+23	2.07e-09	2.89e-02	2.45e-01	3.45e-01	3.30e-01	4.89e-02	2.61e-03	4.33e-05	0.00e+00	0.00e+00	0.00e+00	0.00e+00	0.00e+00	0.00e+00	0.00e+00
 1.88000e+23	3.49e-09	3.19e-02	2.57e-01	3.49e-01	3.15e-01	4.37e-02	2.20e-03	3.51e-05	0.00e+00	0.00e+00	0.00e+00	0.00e+00	0.00e+00	0.00e+00	0.00e+00
 1.88757e+23	5.54e-09	3.50e-02	2.69e-01	3.53e-01	3.01e-01	3.92e-02	1.87e-03	2.87e-05	0.00e+00	0.00e+00	0.00e+00	0.00e+00	0.00e+00	0.00e+00	0.00e+00
 1.89618e+23	8.54e-09	3.90e-02	2.84e-01	3.57e-01	2.84e-01	3.41e-02	1.52e-03	2.24e-05	0.00e+00	0.00e+00	0.00e+00	0.00e+00	0.00e+00	0.00e+00	0.00e+00
 1.90505e+23	1.35e-08	4.29e-02	2.97e-01	3.59e-01	2.69e-01	3.01e-02	1.27e-03	1.79e-05	0.00e+00	0.00e+00	0.00e+00	0.00e+00	0.00e+00	0.00e+00	0.00e+00
 1.91301e+23	2.06e-08	4.70e-02	3.10e-01	3.61e-01	2.55e-01	2.67e-02	1.06e-03	1.44e-05	0.00e+00	0.00e+00	0.00e+00	0.00e+00	0.00e+00	0.00e+00	0.00e+00
 1.92210e+23	3.23e-08	5.25e-02	3.25e-01	3.61e-01	2.37e-01	2.28e-02	8.43e-04	1.09e-05	0.00e+00	0.00e+00	0.00e+00	0.00e+00	0.00e+00	0.00e+00	0.00e+00
 1.93135e+23	4.73e-08	5.75e-02	3.38e-01	3.61e-01	2.23e-01	1.99e-02	6.94e-04	8.64e-06	0.00e+00	0.00e+00	0.00e+00	0.00e+00	0.00e+00	0.00e+00	0.00e+00
 1.94080e+23	8.13e-08	6.45e-02	3.54e-01	3.59e-01	2.05e-01	1.67e-02	5.41e-04	6.41e-06	0.00e+00	0.00e+00	0.00e+00	0.00e+00	0.00e+00	0.00e+00	0.00e+00
 1.95027e+23	1.37e-07	7.05e-02	3.66e-01	3.57e-01	1.92e-01	1.45e-02	4.42e-04	5.04e-06	0.00e+00	0.00e+00	0.00e+00	0.00e+00	0.00e+00	0.00e+00	0.00e+00
 1.95976e+23	2.77e-07	7.83e-02	3.80e-01	3.53e-01	1.76e-01	1.22e-02	3.44e-04	3.75e-06	0.00e+00	0.00e+00	0.00e+00	0.00e+00	0.00e+00	0.00e+00	0.00e+00
 1.96956e+23	5.86e-07	8.58e-02	3.92e-01	3.48e-01	1.63e-01	1.04e-02	2.77e-04	2.89e-06	0.00e+00	0.00e+00	0.00e+00	0.00e+00	0.00e+00	0.00e+00	0.00e+00
 1.97973e+23	9.96e-07	9.59e-02	4.06e-01	3.42e-01	1.47e-01	8.56e-03	2.09e-04	2.09e-06	0.00e+00	0.00e+00	0.00e+00	0.00e+00	0.00e+00	0.00e+00	0.00e+00
 1.98999e+23	1.36e-06	1.04e-01	4.17e-01	3.36e-01	1.36e-01	7.30e-03	1.68e-04	1.60e-06	0.00e+00	0.00e+00	0.00e+00	0.00e+00	0.00e+00	0.00e+00	0.00e+00
 2.00035e+23	1.96e-06	1.16e-01	4.29e-01	3.27e-01	1.22e-01	5.93e-03	1.26e-04	1.15e-06	0.00e+00	0.00e+00	0.00e+00	0.00e+00	0.00e+00	0.00e+00	0.00e+00
 2.01097e+23	2.52e-06	1.27e-01	4.38e-01	3.19e-01	1.11e-01	4.98e-03	9.87e-05	8.64e-07	0.00e+00	0.00e+00	0.00e+00	0.00e+00	0.00e+00	0.00e+00	0.00e+00
 2.02190e+23	3.42e-06	1.42e-01	4.48e-01	3.08e-01	9.87e-02	3.96e-03	7.23e-05	6.02e-07	0.00e+00	0.00e+00	0.00e+00	0.00e+00	0.00e+00	0.00e+00	0.00e+00
 2.03293e+23	4.18e-06	1.54e-01	4.55e-01	2.98e-01	8.96e-02	3.31e-03	5.66e-05	4.53e-07	0.00e+00	0.00e+00	0.00e+00	0.00e+00	0.00e+00	0.00e+00	0.00e+00
 2.04408e+23	5.38e-06	1.70e-01	4.62e-01	2.86e-01	7.88e-02	2.62e-03	4.13e-05	3.14e-07	0.00e+00	0.00e+00	0.00e+00	0.00e+00	0.00e+00	0.00e+00	0.00e+00
 2.05545e+23	6.55e-06	1.85e-01	4.66e-01	2.75e-01	7.09e-02	2.16e-03	3.18e-05	2.32e-07	0.00e+00	0.00e+00	0.00e+00	0.00e+00	0.00e+00	0.00e+00	0.00e+00
 2.06712e+23	8.19e-06	2.05e-01	4.71e-01	2.61e-01	6.15e-02	1.68e-03	2.27e-05	1.57e-07	0.00e+00	0.00e+00	0.00e+00	0.00e+00	0.00e+00	0.00e+00	0.00e+00
 2.07889e+23	9.80e-06	2.22e-01	4.72e-01	2.50e-01	5.49e-02	1.37e-03	1.74e-05	0.00e+00	0.00e+00	0.00e+00	0.00e+00	0.00e+00	0.00e+00	0.00e+00	0.00e+00
 2.09079e+23	1.20e-05	2.45e-01	4.72e-01	2.35e-01	4.71e-02	1.05e-03	1.23e-05	0.00e+00	0.00e+00	0.00e+00	0.00e+00	0.00e+00	0.00e+00	0.00e+00	0.00e+00
 2.10283e+23	1.42e-05	2.65e-01	4.69e-01	2.23e-01	4.16e-02	8.48e-04	9.29e-06	0.00e+00	0.00e+00	0.00e+00	0.00e+00	0.00e+00	0.00e+00	0.00e+00	0.00e+00
