#depth	N	N+	N+2	N+3	N+4	N+5	N+6	N+7
 4.62852e+21	0.00e+00	2.29e-29	3.85e-23	6.68e-18	4.13e-13	5.83e-08	4.88e-04	1.00e+00
 1.05404e+22	0.00e+00	1.93e-28	2.30e-22	2.87e-17	1.26e-12	1.20e-07	6.96e-04	9.99e-01
 1.26972e+22	0.00e+00	8.15e-28	7.72e-22	7.66e-17	2.67e-12	1.97e-07	8.84e-04	9.99e-01
 1.42694e+22	0.00e+00	2.56e-27	2.02e-21	1.68e-16	4.87e-12	2.91e-07	1.07e-03	9.99e-01
 1.51429e+22	0.00e+00	3.41e-27	2.58e-21	2.04e-16	5.67e-12	3.21e-07	1.12e-03	9.99e-01
 1.54640e+22	0.00e+00	4.34e-27	3.15e-21	2.41e-16	6.43e-12	3.49e-07	1.17e-03	9.99e-01
 1.58009e+22	0.00e+00	5.88e-27	4.07e-21	2.97e-16	7.57e-12	3.88e-07	1.23e-03	9.99e-01
 1.61430e+22	0.00e+00	7.57e-27	5.04e-21	3.53e-16	8.64e-12	4.23e-07	1.28e-03	9.99e-01
 1.64458e+22	0.00e+00	9.64e-27	6.18e-21	4.18e-16	9.84e-12	4.60e-07	1.33e-03	9.99e-01
 1.67477e+22	0.00e+00	1.23e-26	7.60e-21	4.95e-16	1.12e-11	5.01e-07	1.39e-03	9.99e-01
 1.70486e+22	0.00e+00	1.56e-26	9.28e-21	5.83e-16	1.27e-11	5.44e-07	1.45e-03	9.99e-01
 1.73939e+22	0.00e+00	2.10e-26	1.19e-20	7.15e-16	1.49e-11	6.02e-07	1.52e-03	9.98e-01
 1.77519e+22	0.00e+00	2.77e-26	1.50e-20	8.65e-16	1.72e-11	6.63e-07	1.59e-03	9.98e-01
 1.80534e+22	0.00e+00	3.53e-26	1.84e-20	1.02e-15	1.96e-11	7.20e-07	1.66e-03	9.98e-01
 1.83136e+22	2.18e-33	4.35e-26	2.19e-20	1.18e-15	2.19e-11	7.74e-07	1.72e-03	9.98e-01
 1.85936e+22	2.86e-33	5.50e-26	2.67e-20	1.39e-15	2.48e-11	8.40e-07	1.79e-03	9.98e-01
 1.88992e+22	3.77e-33	6.97e-26	3.27e-20	1.63e-15	2.81e-11	9.12e-07	1.86e-03	9.98e-01
 1.91825e+22	4.89e-33	8.73e-26	3.95e-20	1.90e-15	3.17e-11	9.85e-07	1.93e-03	9.98e-01
 1.94534e+22	6.32e-33	1.09e-25	4.75e-20	2.22e-15	3.56e-11	1.06e-06	2.00e-03	9.98e-01
 1.97184e+22	8.07e-33	1.34e-25	5.68e-20	2.56e-15	3.99e-11	1.14e-06	2.07e-03	9.98e-01
 2.00177e+22	1.08e-32	1.73e-25	7.03e-20	3.05e-15	4.57e-11	1.25e-06	2.16e-03	9.98e-01
 2.03301e+22	1.44e-32	2.21e-25	8.63e-20	3.60e-15	5.19e-11	1.36e-06	2.25e-03	9.98e-01
 2.06009e+22	1.85e-32	2.75e-25	1.04e-19	4.18e-15	5.82e-11	1.47e-06	2.34e-03	9.98e-01
 2.08942e+22	2.47e-32	3.53e-25	1.28e-19	4.98e-15	6.67e-11	1.60e-06	2.44e-03	9.98e-01
 2.11857e+22	3.20e-32	4.40e-25	1.54e-19	5.78e-15	7.47e-11	1.73e-06	2.53e-03	9.97e-01
 2.14221e+22	3.97e-32	5.30e-25	1.80e-19	6.57e-15	8.25e-11	1.84e-06	2.61e-03	9.97e-01
 2.16770e+22	5.10e-32	6.58e-25	2.16e-19	7.63e-15	9.27e-11	1.99e-06	2.71e-03	9.97e-01
 2.19545e+22	6.53e-32	8.14e-25	2.58e-19	8.83e-15	1.04e-10	2.14e-06	2.81e-03	9.97e-01
 2.22145e+22	8.35e-32	1.01e-24	3.08e-19	1.02e-14	1.16e-10	2.30e-06	2.91e-03	9.97e-01
 2.24637e+22	1.05e-31	1.22e-24	3.64e-19	1.17e-14	1.29e-10	2.47e-06	3.01e-03	9.97e-01
 2.27078e+22	1.32e-31	1.49e-24	4.29e-19	1.34e-14	1.43e-10	2.64e-06	3.11e-03	9.97e-01
 2.29504e+22	1.65e-31	1.81e-24	5.05e-19	1.53e-14	1.58e-10	2.83e-06	3.21e-03	9.97e-01
 2.32291e+22	2.16e-31	2.28e-24	6.16e-19	1.80e-14	1.80e-10	3.07e-06	3.34e-03	9.97e-01
 2.35187e+22	2.80e-31	2.85e-24	7.42e-19	2.09e-14	2.02e-10	3.32e-06	3.47e-03	9.97e-01
 2.37689e+22	3.55e-31	3.49e-24	8.79e-19	2.40e-14	2.25e-10	3.56e-06	3.59e-03	9.96e-01
 2.39942e+22	4.36e-31	4.17e-24	1.02e-18	2.71e-14	2.47e-10	3.79e-06	3.70e-03	9.96e-01
 2.42405e+22	5.55e-31	5.13e-24	1.22e-18	3.13e-14	2.76e-10	4.07e-06	3.84e-03	9.96e-01
 2.45067e+22	7.09e-31	6.33e-24	1.45e-18	3.61e-14	3.08e-10	4.39e-06	3.98e-03	9.96e-01
 2.47484e+22	8.80e-31	7.63e-24	1.69e-18	4.10e-14	3.40e-10	4.68e-06	4.11e-03	9.96e-01
 2.50121e+22	1.14e-30	9.53e-24	2.04e-18	4.78e-14	3.83e-10	5.07e-06	4.26e-03	9.96e-01
 2.52931e+22	1.47e-30	1.19e-23	2.45e-18	5.55e-14	4.29e-10	5.47e-06	4.43e-03	9.96e-01
 2.55372e+22	1.84e-30	1.43e-23	2.88e-18	6.32e-14	4.74e-10	5.84e-06	4.58e-03	9.95e-01
 2.57576e+22	2.26e-30	1.71e-23	3.34e-18	7.13e-14	5.21e-10	6.22e-06	4.72e-03	9.95e-01
 2.60066e+22	2.88e-30	2.11e-23	3.98e-18	8.23e-14	5.82e-10	6.70e-06	4.89e-03	9.95e-01
 2.62752e+22	3.67e-30	2.60e-23	4.73e-18	9.47e-14	6.48e-10	7.20e-06	5.07e-03	9.95e-01
 2.65204e+22	4.61e-30	3.16e-23	5.57e-18	1.08e-13	7.17e-10	7.71e-06	5.24e-03	9.95e-01
 2.67549e+22	5.76e-30	3.82e-23	6.53e-18	1.23e-13	7.92e-10	8.25e-06	5.42e-03	9.95e-01
 2.70243e+22	7.52e-30	4.79e-23	7.91e-18	1.44e-13	8.94e-10	8.94e-06	5.64e-03	9.94e-01
 2.72965e+22	9.59e-30	5.90e-23	9.39e-18	1.65e-13	9.93e-10	9.61e-06	5.85e-03	9.94e-01
 2.75224e+22	1.19e-29	7.07e-23	1.09e-17	1.87e-13	1.09e-09	1.02e-05	6.04e-03	9.94e-01
 2.77661e+22	1.52e-29	8.72e-23	1.30e-17	2.15e-13	1.21e-09	1.10e-05	6.26e-03	9.94e-01
 2.80281e+22	1.94e-29	1.07e-22	1.55e-17	2.47e-13	1.35e-09	1.19e-05	6.50e-03	9.93e-01
 2.82663e+22	2.41e-29	1.29e-22	1.81e-17	2.80e-13	1.48e-09	1.27e-05	6.71e-03	9.93e-01
 2.85283e+22	3.15e-29	1.63e-22	2.18e-17	3.27e-13	1.67e-09	1.37e-05	6.99e-03	9.93e-01
 2.87905e+22	4.00e-29	1.99e-22	2.58e-17	3.73e-13	1.84e-09	1.47e-05	7.24e-03	9.93e-01
 2.90075e+22	4.92e-29	2.37e-22	2.98e-17	4.19e-13	2.01e-09	1.56e-05	7.48e-03	9.93e-01
 2.92444e+22	6.32e-29	2.93e-22	3.56e-17	4.83e-13	2.23e-09	1.68e-05	7.76e-03	9.92e-01
 2.94953e+22	7.96e-29	3.56e-22	4.18e-17	5.49e-13	2.46e-09	1.80e-05	8.04e-03	9.92e-01
 2.97269e+22	9.96e-29	4.31e-22	4.88e-17	6.22e-13	2.70e-09	1.92e-05	8.32e-03	9.92e-01
 2.99904e+22	1.32e-28	5.46e-22	5.93e-17	7.26e-13	3.02e-09	2.09e-05	8.68e-03	9.91e-01
 3.02501e+22	1.68e-28	6.69e-22	7.00e-17	8.27e-13	3.33e-09	2.24e-05	9.00e-03	9.91e-01
 3.04584e+22	2.06e-28	7.96e-22	8.08e-17	9.27e-13	3.61e-09	2.37e-05	9.29e-03	9.91e-01
 3.06828e+22	2.64e-28	9.80e-22	9.58e-17	1.06e-12	3.99e-09	2.55e-05	9.65e-03	9.90e-01
 3.09217e+22	3.32e-28	1.19e-21	1.12e-16	1.20e-12	4.36e-09	2.72e-05	9.99e-03	9.90e-01
 3.11436e+22	4.16e-28	1.43e-21	1.31e-16	1.35e-12	4.76e-09	2.90e-05	1.03e-02	9.90e-01
 3.13963e+22	5.54e-28	1.83e-21	1.59e-16	1.58e-12	5.32e-09	3.15e-05	1.08e-02	9.89e-01
 3.16412e+22	6.96e-28	2.21e-21	1.86e-16	1.78e-12	5.79e-09	3.36e-05	1.12e-02	9.89e-01
 3.18386e+22	8.49e-28	2.61e-21	2.13e-16	1.98e-12	6.24e-09	3.55e-05	1.15e-02	9.88e-01
 3.20579e+22	1.10e-27	3.23e-21	2.53e-16	2.26e-12	6.86e-09	3.81e-05	1.20e-02	9.88e-01
 3.22863e+22	1.38e-27	3.91e-21	2.95e-16	2.55e-12	7.46e-09	4.07e-05	1.24e-02	9.88e-01
 3.24917e+22	1.73e-27	4.71e-21	3.43e-16	2.86e-12	8.09e-09	4.33e-05	1.29e-02	9.87e-01
 3.27236e+22	2.28e-27	5.95e-21	4.13e-16	3.31e-12	8.95e-09	4.67e-05	1.34e-02	9.87e-01
 3.29522e+22	2.84e-27	7.15e-21	4.80e-16	3.71e-12	9.71e-09	4.97e-05	1.39e-02	9.86e-01
 3.31438e+22	3.54e-27	8.56e-21	5.54e-16	4.14e-12	1.05e-08	5.27e-05	1.44e-02	9.86e-01
 3.33318e+22	4.32e-27	1.01e-20	6.34e-16	4.60e-12	1.13e-08	5.58e-05	1.48e-02	9.85e-01
 3.35480e+22	5.63e-27	1.26e-20	7.57e-16	5.26e-12	1.24e-08	6.00e-05	1.54e-02	9.85e-01
 3.37705e+22	7.13e-27	1.53e-20	8.85e-16	5.93e-12	1.34e-08	6.40e-05	1.60e-02	9.84e-01
 3.39660e+22	8.91e-27	1.84e-20	1.03e-15	6.64e-12	1.45e-08	6.80e-05	1.65e-02	9.83e-01
 3.41519e+22	1.10e-26	2.20e-20	1.18e-15	7.40e-12	1.56e-08	7.20e-05	1.71e-02	9.83e-01
 3.43605e+22	1.43e-26	2.73e-20	1.41e-15	8.44e-12	1.71e-08	7.73e-05	1.77e-02	9.82e-01
 3.45772e+22	1.81e-26	3.32e-20	1.65e-15	9.52e-12	1.85e-08	8.25e-05	1.84e-02	9.82e-01
 3.47665e+22	2.25e-26	3.97e-20	1.90e-15	1.06e-11	1.99e-08	8.75e-05	1.90e-02	9.81e-01
 3.49746e+22	2.94e-26	4.96e-20	2.27e-15	1.22e-11	2.19e-08	9.41e-05	1.98e-02	9.80e-01
 3.51884e+22	3.73e-26	6.05e-20	2.66e-15	1.37e-11	2.37e-08	1.00e-04	2.05e-02	9.79e-01
 3.53760e+22	4.68e-26	7.30e-20	3.09e-15	1.54e-11	2.56e-08	1.07e-04	2.12e-02	9.79e-01
 3.55865e+22	6.17e-26	9.18e-20	3.72e-15	1.77e-11	2.81e-08	1.15e-04	2.21e-02	9.78e-01
 3.58001e+22	7.86e-26	1.12e-19	4.36e-15	2.00e-11	3.05e-08	1.23e-04	2.29e-02	9.77e-01
 3.59851e+22	9.86e-26	1.35e-19	5.07e-15	2.24e-11	3.30e-08	1.31e-04	2.37e-02	9.76e-01
 3.61928e+22	1.31e-25	1.71e-19	6.12e-15	2.59e-11	3.63e-08	1.41e-04	2.47e-02	9.75e-01
 3.64088e+22	1.69e-25	2.12e-19	7.27e-15	2.95e-11	3.96e-08	1.51e-04	2.56e-02	9.74e-01
 3.66018e+22	2.14e-25	2.57e-19	8.51e-15	3.32e-11	4.30e-08	1.61e-04	2.65e-02	9.73e-01
 3.67906e+22	2.75e-25	3.17e-19	1.01e-14	3.77e-11	4.67e-08	1.72e-04	2.75e-02	9.72e-01
 3.69703e+22	3.43e-25	3.80e-19	1.16e-14	4.21e-11	5.04e-08	1.82e-04	2.84e-02	9.71e-01
 3.71671e+22	4.58e-25	4.84e-19	1.41e-14	4.88e-11	5.55e-08	1.97e-04	2.96e-02	9.70e-01
 3.73675e+22	5.90e-25	5.97e-19	1.67e-14	5.54e-11	6.05e-08	2.11e-04	3.07e-02	9.69e-01
 3.75285e+22	7.21e-25	7.05e-19	1.91e-14	6.14e-11	6.47e-08	2.22e-04	3.16e-02	9.68e-01
 3.76937e+22	9.28e-25	8.70e-19	2.26e-14	6.98e-11	7.05e-08	2.37e-04	3.27e-02	9.67e-01
 3.78532e+22	1.12e-24	1.02e-18	2.58e-14	7.70e-11	7.53e-08	2.50e-04	3.36e-02	9.66e-01
 3.79835e+22	1.35e-24	1.19e-18	2.92e-14	8.46e-11	8.02e-08	2.62e-04	3.45e-02	9.65e-01
 3.81313e+22	1.71e-24	1.45e-18	3.42e-14	9.54e-11	8.69e-08	2.79e-04	3.56e-02	9.64e-01
 3.82753e+22	2.06e-24	1.69e-18	3.87e-14	1.05e-10	9.24e-08	2.92e-04	3.65e-02	9.63e-01
 3.83948e+22	2.47e-24	1.97e-18	4.37e-14	1.15e-10	9.83e-08	3.06e-04	3.74e-02	9.62e-01
 3.85307e+22	3.08e-24	2.37e-18	5.07e-14	1.29e-10	1.06e-07	3.24e-04	3.85e-02	9.61e-01
 3.86640e+22	3.69e-24	2.75e-18	5.72e-14	1.41e-10	1.13e-07	3.40e-04	3.94e-02	9.60e-01
 3.87750e+22	4.40e-24	3.18e-18	6.45e-14	1.55e-10	1.20e-07	3.55e-04	4.04e-02	9.59e-01
 3.88833e+22	5.22e-24	3.67e-18	7.24e-14	1.69e-10	1.27e-07	3.71e-04	4.13e-02	9.58e-01
 3.90073e+22	6.49e-24	4.41e-18	8.39e-14	1.89e-10	1.37e-07	3.92e-04	4.25e-02	9.57e-01
 3.91342e+22	7.81e-24	5.15e-18	9.51e-14	2.08e-10	1.46e-07	4.11e-04	4.35e-02	9.56e-01
 3.92471e+22	9.34e-24	5.98e-18	1.07e-13	2.28e-10	1.55e-07	4.30e-04	4.45e-02	9.55e-01
 3.93541e+22	1.12e-23	6.97e-18	1.22e-13	2.51e-10	1.65e-07	4.50e-04	4.56e-02	9.54e-01
 3.94530e+22	1.33e-23	8.02e-18	1.36e-13	2.73e-10	1.75e-07	4.69e-04	4.65e-02	9.53e-01
 3.95631e+22	1.64e-23	9.57e-18	1.57e-13	3.05e-10	1.88e-07	4.94e-04	4.78e-02	9.52e-01
 3.96762e+22	1.98e-23	1.12e-17	1.79e-13	3.37e-10	2.01e-07	5.18e-04	4.89e-02	9.51e-01
 3.97747e+22	2.36e-23	1.30e-17	2.02e-13	3.69e-10	2.14e-07	5.40e-04	5.00e-02	9.49e-01
 3.98845e+22	2.97e-23	1.58e-17	2.37e-13	4.16e-10	2.31e-07	5.71e-04	5.14e-02	9.48e-01
 3.99962e+22	3.61e-23	1.86e-17	2.70e-13	4.60e-10	2.48e-07	5.99e-04	5.26e-02	9.47e-01
 4.00952e+22	4.38e-23	2.19e-17	3.09e-13	5.09e-10	2.65e-07	6.27e-04	5.38e-02	9.46e-01
 4.02086e+22	5.66e-23	2.72e-17	3.68e-13	5.82e-10	2.89e-07	6.66e-04	5.55e-02	9.44e-01
 4.03224e+22	6.95e-23	3.23e-17	4.24e-13	6.48e-10	3.11e-07	7.00e-04	5.68e-02	9.42e-01
 4.04184e+22	8.37e-23	3.78e-17	4.82e-13	7.15e-10	3.32e-07	7.31e-04	5.81e-02	9.41e-01
 4.05252e+22	1.11e-22	4.79e-17	5.84e-13	8.28e-10	3.66e-07	7.80e-04	5.99e-02	9.39e-01
 4.06300e+22	1.33e-22	5.59e-17	6.64e-13	9.12e-10	3.90e-07	8.14e-04	6.12e-02	9.38e-01
 4.07322e+22	1.75e-22	7.05e-17	8.02e-13	1.05e-09	4.29e-07	8.67e-04	6.31e-02	9.36e-01
 4.08325e+22	2.10e-22	8.22e-17	9.10e-13	1.16e-09	4.58e-07	9.04e-04	6.44e-02	9.35e-01
 4.09302e+22	2.76e-22	1.04e-16	1.10e-12	1.34e-09	5.04e-07	9.63e-04	6.64e-02	9.33e-01
 4.10278e+22	3.35e-22	1.22e-16	1.26e-12	1.49e-09	5.40e-07	1.01e-03	6.78e-02	9.31e-01
 4.11253e+22	4.46e-22	1.56e-16	1.54e-12	1.73e-09	5.96e-07	1.07e-03	6.99e-02	9.29e-01
 4.12235e+22	5.48e-22	1.86e-16	1.77e-12	1.93e-09	6.42e-07	1.12e-03	7.15e-02	9.27e-01
 4.13228e+22	7.41e-22	2.40e-16	2.19e-12	2.26e-09	7.14e-07	1.20e-03	7.38e-02	9.25e-01
 4.14228e+22	9.18e-22	2.88e-16	2.54e-12	2.54e-09	7.70e-07	1.26e-03	7.56e-02	9.23e-01
 4.15238e+22	1.24e-21	3.72e-16	3.14e-12	2.98e-09	8.57e-07	1.35e-03	7.80e-02	9.21e-01
 4.16240e+22	1.56e-21	4.52e-16	3.68e-12	3.36e-09	9.30e-07	1.42e-03	7.99e-02	9.19e-01
 4.17232e+22	2.11e-21	5.86e-16	4.56e-12	3.96e-09	1.04e-06	1.52e-03	8.25e-02	9.16e-01
 4.18243e+22	2.69e-21	7.21e-16	5.41e-12	4.51e-09	1.13e-06	1.60e-03	8.46e-02	9.14e-01
 4.19278e+22	3.72e-21	9.50e-16	6.78e-12	5.36e-09	1.27e-06	1.72e-03	8.75e-02	9.11e-01
 4.20319e+22	4.77e-21	1.18e-15	8.08e-12	6.12e-09	1.39e-06	1.82e-03	8.98e-02	9.08e-01
 4.21367e+22	6.64e-21	1.56e-15	1.02e-11	7.31e-09	1.56e-06	1.96e-03	9.30e-02	9.05e-01
 4.22422e+22	8.56e-21	1.94e-15	1.22e-11	8.38e-09	1.71e-06	2.07e-03	9.55e-02	9.02e-01
 4.23336e+22	1.10e-20	2.39e-15	1.45e-11	9.57e-09	1.87e-06	2.19e-03	9.79e-02	9.00e-01
 4.24373e+22	1.51e-20	3.15e-15	1.82e-11	1.14e-08	2.10e-06	2.35e-03	1.01e-01	8.96e-01
 4.25411e+22	1.93e-20	3.88e-15	2.17e-11	1.30e-08	2.29e-06	2.48e-03	1.04e-01	8.94e-01
 4.26451e+22	2.67e-20	5.11e-15	2.72e-11	1.54e-08	2.57e-06	2.66e-03	1.07e-01	8.90e-01
 4.27502e+22	3.38e-20	6.26e-15	3.22e-11	1.76e-08	2.81e-06	2.81e-03	1.10e-01	8.87e-01
 4.28569e+22	4.66e-20	8.25e-15	4.04e-11	2.09e-08	3.16e-06	3.02e-03	1.14e-01	8.83e-01
 4.29655e+22	5.92e-20	1.01e-14	4.79e-11	2.38e-08	3.45e-06	3.19e-03	1.17e-01	8.80e-01
 4.30768e+22	8.16e-20	1.33e-14	6.01e-11	2.83e-08	3.88e-06	3.43e-03	1.21e-01	8.76e-01
 4.31909e+22	1.04e-19	1.64e-14	7.14e-11	3.24e-08	4.25e-06	3.63e-03	1.24e-01	8.72e-01
 4.33088e+22	1.43e-19	2.16e-14	8.97e-11	3.85e-08	4.79e-06	3.91e-03	1.28e-01	8.68e-01
 4.34290e+22	1.83e-19	2.67e-14	1.07e-10	4.41e-08	5.25e-06	4.14e-03	1.32e-01	8.64e-01
 4.35521e+22	2.52e-19	3.51e-14	1.34e-10	5.26e-08	5.92e-06	4.46e-03	1.36e-01	8.59e-01
 4.36761e+22	3.21e-19	4.31e-14	1.59e-10	6.00e-08	6.48e-06	4.71e-03	1.40e-01	8.56e-01
 4.38012e+22	4.38e-19	5.64e-14	1.99e-10	7.12e-08	7.29e-06	5.07e-03	1.44e-01	8.51e-01
 4.39222e+22	5.38e-19	6.72e-14	2.30e-10	7.98e-08	7.88e-06	5.33e-03	1.48e-01	8.47e-01
 4.40381e+22	7.09e-19	8.52e-14	2.81e-10	9.30e-08	8.76e-06	5.69e-03	1.52e-01	8.42e-01
 4.41570e+22	8.76e-19	1.02e-13	3.27e-10	1.05e-07	9.51e-06	5.99e-03	1.56e-01	8.38e-01
 4.42799e+22	1.17e-18	1.31e-13	4.01e-10	1.23e-07	1.06e-05	6.41e-03	1.60e-01	8.33e-01
 4.44042e+22	1.43e-18	1.56e-13	4.64e-10	1.38e-07	1.15e-05	6.74e-03	1.64e-01	8.29e-01
 4.45306e+22	1.88e-18	1.97e-13	5.65e-10	1.60e-07	1.28e-05	7.20e-03	1.69e-01	8.24e-01
 4.46559e+22	2.30e-18	2.34e-13	6.53e-10	1.79e-07	1.38e-05	7.57e-03	1.73e-01	8.20e-01
 4.47800e+22	3.00e-18	2.95e-13	7.92e-10	2.08e-07	1.54e-05	8.08e-03	1.78e-01	8.14e-01
 4.49053e+22	3.63e-18	3.47e-13	9.08e-10	2.32e-07	1.66e-05	8.47e-03	1.81e-01	8.10e-01
 4.50321e+22	4.72e-18	4.35e-13	1.10e-09	2.69e-07	1.84e-05	9.03e-03	1.87e-01	8.04e-01
 4.51615e+22	5.72e-18	5.14e-13	1.26e-09	3.00e-07	1.98e-05	9.48e-03	1.91e-01	8.00e-01
 4.52940e+22	7.44e-18	6.45e-13	1.52e-09	3.48e-07	2.20e-05	1.01e-02	1.96e-01	7.94e-01
 4.54289e+22	9.04e-18	7.63e-13	1.75e-09	3.89e-07	2.38e-05	1.06e-02	2.00e-01	7.89e-01
 4.55669e+22	1.18e-17	9.57e-13	2.12e-09	4.52e-07	2.64e-05	1.13e-02	2.06e-01	7.82e-01
 4.57076e+22	1.43e-17	1.13e-12	2.45e-09	5.05e-07	2.86e-05	1.19e-02	2.11e-01	7.77e-01
 4.58516e+22	1.86e-17	1.42e-12	2.96e-09	5.87e-07	3.18e-05	1.27e-02	2.17e-01	7.71e-01
 4.59923e+22	2.21e-17	1.65e-12	3.35e-09	6.48e-07	3.42e-05	1.33e-02	2.21e-01	7.66e-01
 4.61288e+22	2.84e-17	2.05e-12	4.02e-09	7.48e-07	3.78e-05	1.42e-02	2.27e-01	7.59e-01
 4.62675e+22	3.38e-17	2.38e-12	4.55e-09	8.26e-07	4.06e-05	1.48e-02	2.31e-01	7.54e-01
 4.64089e+22	4.30e-17	2.92e-12	5.42e-09	9.48e-07	4.47e-05	1.57e-02	2.37e-01	7.47e-01
 4.65548e+22	5.21e-17	3.45e-12	6.23e-09	1.06e-06	4.84e-05	1.65e-02	2.42e-01	7.42e-01
 4.67064e+22	6.62e-17	4.24e-12	7.42e-09	1.22e-06	5.34e-05	1.76e-02	2.48e-01	7.34e-01
 4.68629e+22	8.10e-17	5.05e-12	8.59e-09	1.37e-06	5.80e-05	1.85e-02	2.53e-01	7.28e-01
 4.70260e+22	1.04e-16	6.26e-12	1.03e-08	1.58e-06	6.43e-05	1.97e-02	2.60e-01	7.20e-01
 4.71935e+22	1.28e-16	7.49e-12	1.20e-08	1.78e-06	7.00e-05	2.08e-02	2.66e-01	7.13e-01
 4.73668e+22	1.65e-16	9.34e-12	1.44e-08	2.06e-06	7.78e-05	2.22e-02	2.73e-01	7.05e-01
 4.75459e+22	2.05e-16	1.13e-11	1.69e-08	2.33e-06	8.51e-05	2.34e-02	2.79e-01	6.97e-01
 4.77324e+22	2.67e-16	1.42e-11	2.05e-08	2.72e-06	9.50e-05	2.51e-02	2.87e-01	6.88e-01
 4.79239e+22	3.34e-16	1.72e-11	2.41e-08	3.10e-06	1.04e-04	2.66e-02	2.93e-01	6.80e-01
 4.80959e+22	4.12e-16	2.06e-11	2.80e-08	3.50e-06	1.14e-04	2.80e-02	2.99e-01	6.73e-01
 4.82935e+22	5.50e-16	2.64e-11	3.46e-08	4.14e-06	1.28e-04	3.02e-02	3.08e-01	6.62e-01
 4.84922e+22	6.78e-16	3.16e-11	4.02e-08	4.66e-06	1.40e-04	3.18e-02	3.14e-01	6.54e-01
 4.86926e+22	8.98e-16	4.03e-11	4.93e-08	5.49e-06	1.57e-04	3.41e-02	3.23e-01	6.43e-01
 4.88972e+22	1.13e-15	4.90e-11	5.82e-08	6.26e-06	1.72e-04	3.61e-02	3.30e-01	6.34e-01
 4.91073e+22	1.50e-15	6.29e-11	7.18e-08	7.41e-06	1.94e-04	3.89e-02	3.39e-01	6.22e-01
 4.93208e+22	1.90e-15	7.70e-11	8.52e-08	8.49e-06	2.14e-04	4.12e-02	3.46e-01	6.13e-01
 4.95384e+22	2.58e-15	1.00e-10	1.06e-07	1.01e-05	2.43e-04	4.45e-02	3.56e-01	6.00e-01
 4.97441e+22	3.15e-15	1.19e-10	1.23e-07	1.14e-05	2.64e-04	4.68e-02	3.62e-01	5.91e-01
 4.99343e+22	4.12e-15	1.51e-10	1.50e-07	1.33e-05	2.96e-04	5.00e-02	3.70e-01	5.79e-01
 5.01261e+22	5.04e-15	1.79e-10	1.74e-07	1.50e-05	3.22e-04	5.26e-02	3.77e-01	5.70e-01
 5.03200e+22	6.65e-15	2.27e-10	2.13e-07	1.77e-05	3.61e-04	5.63e-02	3.86e-01	5.58e-01
 5.05157e+22	8.19e-15	2.73e-10	2.48e-07	2.00e-05	3.95e-04	5.93e-02	3.92e-01	5.48e-01
 5.07138e+22	1.09e-14	3.48e-10	3.05e-07	2.36e-05	4.45e-04	6.37e-02	4.01e-01	5.35e-01
 5.09145e+22	1.35e-14	4.20e-10	3.58e-07	2.68e-05	4.87e-04	6.71e-02	4.08e-01	5.25e-01
 5.11187e+22	1.80e-14	5.40e-10	4.44e-07	3.19e-05	5.52e-04	7.22e-02	4.17e-01	5.10e-01
 5.13256e+22	2.24e-14	6.54e-10	5.22e-07	3.64e-05	6.06e-04	7.62e-02	4.24e-01	4.99e-01
 5.15361e+22	3.01e-14	8.46e-10	6.50e-07	4.35e-05	6.88e-04	8.20e-02	4.33e-01	4.84e-01
 5.17510e+22	3.81e-14	1.04e-09	7.74e-07	5.02e-05	7.62e-04	8.70e-02	4.40e-01	4.72e-01
 5.19716e+22	5.16e-14	1.35e-09	9.73e-07	6.05e-05	8.72e-04	9.39e-02	4.49e-01	4.56e-01
 5.21969e+22	6.57e-14	1.67e-09	1.17e-06	7.04e-05	9.71e-04	9.98e-02	4.56e-01	4.43e-01
 5.24211e+22	8.83e-14	2.17e-09	1.46e-06	8.47e-05	1.11e-03	1.08e-01	4.64e-01	4.27e-01
 5.26351e+22	1.09e-13	2.61e-09	1.72e-06	9.68e-05	1.22e-03	1.13e-01	4.70e-01	4.15e-01
 5.28428e+22	1.43e-13	3.32e-09	2.12e-06	1.16e-04	1.39e-03	1.22e-01	4.78e-01	3.99e-01
 5.30532e+22	1.77e-13	4.00e-09	2.50e-06	1.33e-04	1.53e-03	1.29e-01	4.83e-01	3.87e-01
 5.32589e+22	2.28e-13	5.01e-09	3.04e-06	1.57e-04	1.73e-03	1.37e-01	4.89e-01	3.72e-01
 5.34689e+22	2.82e-13	6.05e-09	3.60e-06	1.81e-04	1.92e-03	1.45e-01	4.94e-01	3.59e-01
 5.36733e+22	3.55e-13	7.42e-09	4.32e-06	2.12e-04	2.15e-03	1.55e-01	4.99e-01	3.44e-01
 5.38820e+22	4.39e-13	8.97e-09	5.12e-06	2.45e-04	2.40e-03	1.64e-01	5.03e-01	3.31e-01
 5.40886e+22	5.43e-13	1.09e-08	6.08e-06	2.84e-04	2.68e-03	1.73e-01	5.07e-01	3.17e-01
 5.42962e+22	6.64e-13	1.30e-08	7.17e-06	3.29e-04	2.98e-03	1.83e-01	5.10e-01	3.04e-01
 5.45016e+22	8.07e-13	1.55e-08	8.42e-06	3.79e-04	3.31e-03	1.94e-01	5.12e-01	2.91e-01
 5.47064e+22	9.73e-13	1.84e-08	9.86e-06	4.36e-04	3.67e-03	2.04e-01	5.14e-01	2.78e-01
 5.49117e+22	1.17e-12	2.18e-08	1.15e-05	5.01e-04	4.07e-03	2.15e-01	5.15e-01	2.65e-01
 5.51178e+22	1.39e-12	2.56e-08	1.34e-05	5.73e-04	4.51e-03	2.26e-01	5.16e-01	2.53e-01
 5.53251e+22	1.65e-12	2.99e-08	1.55e-05	6.56e-04	4.98e-03	2.38e-01	5.16e-01	2.41e-01
 5.55342e+22	1.95e-12	3.49e-08	1.79e-05	7.49e-04	5.51e-03	2.49e-01	5.15e-01	2.29e-01
 5.57459e+22	2.29e-12	4.06e-08	2.07e-05	8.54e-04	6.09e-03	2.62e-01	5.14e-01	2.17e-01
 5.59586e+22	2.67e-12	4.69e-08	2.38e-05	9.71e-04	6.71e-03	2.74e-01	5.12e-01	2.06e-01
 5.61747e+22	3.12e-12	5.43e-08	2.73e-05	1.11e-03	7.40e-03	2.87e-01	5.09e-01	1.95e-01
 5.63933e+22	3.61e-12	6.24e-08	3.13e-05	1.25e-03	8.14e-03	3.00e-01	5.06e-01	1.85e-01
 5.66162e+22	4.19e-12	7.18e-08	3.59e-05	1.42e-03	8.98e-03	3.13e-01	5.02e-01	1.74e-01
 5.68235e+22	4.70e-12	8.03e-08	4.00e-05	1.58e-03	9.71e-03	3.24e-01	4.99e-01	1.66e-01
 5.70369e+22	5.43e-12	9.22e-08	4.59e-05	1.79e-03	1.07e-02	3.39e-01	4.93e-01	1.55e-01
 5.72537e+22	6.08e-12	1.03e-07	5.11e-05	1.98e-03	1.16e-02	3.50e-01	4.89e-01	1.47e-01
 5.74756e+22	6.98e-12	1.18e-07	5.86e-05	2.26e-03	1.28e-02	3.66e-01	4.82e-01	1.38e-01
 5.76986e+22	7.80e-12	1.31e-07	6.50e-05	2.48e-03	1.38e-02	3.77e-01	4.76e-01	1.30e-01
 5.79232e+22	8.90e-12	1.49e-07	7.41e-05	2.81e-03	1.52e-02	3.92e-01	4.69e-01	1.21e-01
 5.81491e+22	9.87e-12	1.65e-07	8.20e-05	3.09e-03	1.63e-02	4.03e-01	4.62e-01	1.15e-01
 5.83767e+22	1.12e-11	1.87e-07	9.31e-05	3.48e-03	1.79e-02	4.18e-01	4.53e-01	1.07e-01
 5.86061e+22	1.24e-11	2.07e-07	1.03e-04	3.81e-03	1.92e-02	4.30e-01	4.46e-01	1.01e-01
 5.88380e+22	1.40e-11	2.34e-07	1.16e-04	4.28e-03	2.10e-02	4.44e-01	4.37e-01	9.33e-02
 5.90729e+22	1.55e-11	2.58e-07	1.28e-04	4.68e-03	2.26e-02	4.56e-01	4.29e-01	8.79e-02
 5.93114e+22	1.75e-11	2.91e-07	1.46e-04	5.25e-03	2.47e-02	4.70e-01	4.19e-01	8.11e-02
 5.95539e+22	1.93e-11	3.22e-07	1.61e-04	5.74e-03	2.64e-02	4.82e-01	4.10e-01	7.61e-02
 5.98015e+22	2.18e-11	3.64e-07	1.82e-04	6.43e-03	2.88e-02	4.96e-01	3.99e-01	6.99e-02
 6.00542e+22	2.41e-11	4.02e-07	2.01e-04	7.03e-03	3.09e-02	5.07e-01	3.90e-01	6.53e-02
 6.03136e+22	2.73e-11	4.56e-07	2.29e-04	7.88e-03	3.37e-02	5.21e-01	3.77e-01	5.96e-02
 6.05796e+22	3.04e-11	5.06e-07	2.54e-04	8.62e-03	3.61e-02	5.32e-01	3.68e-01	5.54e-02
 6.08539e+22	3.44e-11	5.76e-07	2.90e-04	9.68e-03	3.95e-02	5.46e-01	3.54e-01	5.02e-02
 6.11121e+22	3.79e-11	6.31e-07	3.17e-04	1.04e-02	4.18e-02	5.54e-01	3.46e-01	4.72e-02
 6.13492e+22	4.23e-11	7.06e-07	3.55e-04	1.15e-02	4.49e-02	5.65e-01	3.35e-01	4.33e-02
 6.15843e+22	4.63e-11	7.71e-07	3.87e-04	1.23e-02	4.74e-02	5.73e-01	3.26e-01	4.06e-02
 6.18168e+22	5.12e-11	8.56e-07	4.32e-04	1.35e-02	5.08e-02	5.83e-01	3.15e-01	3.73e-02
 6.20507e+22	5.62e-11	9.36e-07	4.71e-04	1.45e-02	5.35e-02	5.90e-01	3.07e-01	3.49e-02
 6.22865e+22	6.26e-11	1.04e-06	5.25e-04	1.58e-02	5.72e-02	5.99e-01	2.96e-01	3.20e-02
 6.25265e+22	6.90e-11	1.15e-06	5.75e-04	1.70e-02	6.02e-02	6.05e-01	2.87e-01	2.99e-02
 6.27719e+22	7.71e-11	1.28e-06	6.44e-04	1.86e-02	6.44e-02	6.13e-01	2.76e-01	2.72e-02
 6.30209e+22	8.55e-11	1.41e-06	7.06e-04	1.99e-02	6.77e-02	6.19e-01	2.67e-01	2.53e-02
 6.32744e+22	9.58e-11	1.59e-06	7.93e-04	2.18e-02	7.24e-02	6.26e-01	2.56e-01	2.30e-02
 6.35324e+22	1.07e-10	1.76e-06	8.72e-04	2.35e-02	7.61e-02	6.31e-01	2.47e-01	2.13e-02
 6.37963e+22	1.21e-10	1.98e-06	9.84e-04	2.57e-02	8.13e-02	6.37e-01	2.36e-01	1.92e-02
 6.40663e+22	1.35e-10	2.21e-06	1.09e-03	2.76e-02	8.55e-02	6.41e-01	2.27e-01	1.77e-02
 6.43444e+22	1.54e-10	2.51e-06	1.23e-03	3.03e-02	9.14e-02	6.45e-01	2.16e-01	1.59e-02
 6.46285e+22	1.73e-10	2.81e-06	1.37e-03	3.27e-02	9.61e-02	6.48e-01	2.07e-01	1.46e-02
 6.49204e+22	2.00e-10	3.23e-06	1.56e-03	3.59e-02	1.03e-01	6.51e-01	1.96e-01	1.30e-02
 6.52158e+22	2.27e-10	3.62e-06	1.74e-03	3.87e-02	1.08e-01	6.53e-01	1.87e-01	1.18e-02
 6.55158e+22	2.64e-10	4.18e-06	1.99e-03	4.26e-02	1.15e-01	6.54e-01	1.76e-01	1.05e-02
 6.58193e+22	3.01e-10	4.72e-06	2.22e-03	4.58e-02	1.21e-01	6.54e-01	1.68e-01	9.53e-03
 6.61275e+22	3.52e-10	5.46e-06	2.55e-03	5.04e-02	1.28e-01	6.53e-01	1.57e-01	8.39e-03
 6.64284e+22	3.98e-10	6.12e-06	2.82e-03	5.39e-02	1.34e-01	6.51e-01	1.50e-01	7.65e-03
 6.67197e+22	4.65e-10	7.07e-06	3.21e-03	5.88e-02	1.41e-01	6.49e-01	1.41e-01	6.79e-03
 6.70248e+22	5.33e-10	8.00e-06	3.59e-03	6.33e-02	1.48e-01	6.46e-01	1.33e-01	6.11e-03
 6.72826e+22	5.98e-10	8.88e-06	3.95e-03	6.72e-02	1.54e-01	6.42e-01	1.27e-01	5.59e-03
 6.75524e+22	6.92e-10	1.01e-05	4.44e-03	7.25e-02	1.61e-01	6.38e-01	1.20e-01	5.00e-03
 6.78304e+22	7.82e-10	1.13e-05	4.90e-03	7.72e-02	1.67e-01	6.33e-01	1.14e-01	4.53e-03
 6.80788e+22	8.84e-10	1.27e-05	5.39e-03	8.20e-02	1.73e-01	6.28e-01	1.08e-01	4.12e-03
 6.83613e+22	1.03e-09	1.45e-05	6.08e-03	8.84e-02	1.80e-01	6.21e-01	1.01e-01	3.66e-03
 6.86558e+22	1.19e-09	1.64e-05	6.77e-03	9.45e-02	1.87e-01	6.13e-01	9.51e-02	3.28e-03
 6.89210e+22	1.35e-09	1.85e-05	7.48e-03	1.00e-01	1.93e-01	6.06e-01	8.98e-02	2.96e-03
 6.92208e+22	1.60e-09	2.14e-05	8.47e-03	1.08e-01	2.01e-01	5.96e-01	8.33e-02	2.59e-03
 6.95323e+22	1.85e-09	2.44e-05	9.46e-03	1.16e-01	2.08e-01	5.86e-01	7.78e-02	2.30e-03
 6.98115e+22	2.13e-09	2.75e-05	1.05e-02	1.23e-01	2.15e-01	5.77e-01	7.29e-02	2.06e-03
 7.01273e+22	2.55e-09	3.21e-05	1.19e-02	1.33e-01	2.23e-01	5.63e-01	6.71e-02	1.78e-03
 7.04533e+22	2.97e-09	3.67e-05	1.33e-02	1.42e-01	2.30e-01	5.51e-01	6.22e-02	1.57e-03
 7.07442e+22	3.45e-09	4.17e-05	1.48e-02	1.50e-01	2.36e-01	5.39e-01	5.78e-02	1.39e-03
 7.10738e+22	4.16e-09	4.90e-05	1.68e-02	1.62e-01	2.44e-01	5.23e-01	5.27e-02	1.19e-03
 7.14153e+22	4.89e-09	5.63e-05	1.89e-02	1.72e-01	2.51e-01	5.08e-01	4.83e-02	1.03e-03
 7.17215e+22	5.74e-09	6.44e-05	2.10e-02	1.83e-01	2.57e-01	4.94e-01	4.46e-02	9.00e-04
 7.20687e+22	7.03e-09	7.63e-05	2.40e-02	1.96e-01	2.64e-01	4.75e-01	4.00e-02	7.56e-04
 7.24270e+22	8.34e-09	8.81e-05	2.68e-02	2.08e-01	2.69e-01	4.58e-01	3.64e-02	6.50e-04
 7.27505e+22	9.88e-09	1.01e-04	2.99e-02	2.20e-01	2.74e-01	4.42e-01	3.32e-02	5.59e-04
 7.31220e+22	1.23e-08	1.21e-04	3.43e-02	2.37e-01	2.80e-01	4.20e-01	2.92e-02	4.59e-04
 7.34960e+22	1.46e-08	1.40e-04	3.82e-02	2.50e-01	2.84e-01	4.02e-01	2.64e-02	3.90e-04
 7.38733e+22	1.82e-08	1.67e-04	4.36e-02	2.66e-01	2.87e-01	3.79e-01	2.32e-02	3.19e-04
 7.42592e+22	2.19e-08	1.94e-04	4.88e-02	2.81e-01	2.90e-01	3.60e-01	2.06e-02	2.66e-04
 7.45991e+22	2.62e-08	2.24e-04	5.40e-02	2.94e-01	2.92e-01	3.42e-01	1.84e-02	2.24e-04
 7.49836e+22	3.28e-08	2.68e-04	6.15e-02	3.12e-01	2.92e-01	3.18e-01	1.59e-02	1.79e-04
 7.53772e+22	3.96e-08	3.11e-04	6.83e-02	3.26e-01	2.92e-01	2.99e-01	1.40e-02	1.48e-04
 7.57826e+22	5.02e-08	3.75e-04	7.76e-02	3.44e-01	2.91e-01	2.76e-01	1.19e-02	1.16e-04
 7.61943e+22	6.11e-08	4.36e-04	8.60e-02	3.58e-01	2.89e-01	2.57e-01	1.03e-02	9.47e-05
 7.65594e+22	7.40e-08	5.06e-04	9.50e-02	3.71e-01	2.86e-01	2.38e-01	8.97e-03	7.70e-05
 7.69793e+22	9.48e-08	6.10e-04	1.07e-01	3.88e-01	2.80e-01	2.16e-01	7.46e-03	5.90e-05
 7.74056e+22	1.16e-07	7.10e-04	1.18e-01	4.01e-01	2.75e-01	1.99e-01	6.39e-03	4.72e-05
 7.77758e+22	1.40e-07	8.18e-04	1.29e-01	4.12e-01	2.69e-01	1.83e-01	5.50e-03	3.80e-05
 7.81281e+22	1.67e-07	9.33e-04	1.40e-01	4.22e-01	2.63e-01	1.69e-01	4.77e-03	3.10e-05
 7.84633e+22	1.98e-07	1.06e-03	1.51e-01	4.31e-01	2.57e-01	1.56e-01	4.14e-03	2.53e-05
 7.88408e+22	2.46e-07	1.24e-03	1.66e-01	4.41e-01	2.48e-01	1.40e-01	3.44e-03	1.95e-05
 7.92187e+22	2.93e-07	1.41e-03	1.79e-01	4.48e-01	2.41e-01	1.28e-01	2.96e-03	1.58e-05
 7.95972e+22	3.64e-07	1.65e-03	1.96e-01	4.55e-01	2.31e-01	1.14e-01	2.44e-03	1.21e-05
 7.99817e+22	4.34e-07	1.87e-03	2.10e-01	4.60e-01	2.22e-01	1.04e-01	2.07e-03	9.62e-06
 8.03741e+22	5.41e-07	2.18e-03	2.29e-01	4.65e-01	2.11e-01	9.18e-02	1.68e-03	7.21e-06
 8.07695e+22	6.46e-07	2.48e-03	2.44e-01	4.68e-01	2.02e-01	8.27e-02	1.42e-03	5.69e-06
 8.11691e+22	8.07e-07	2.89e-03	2.64e-01	4.69e-01	1.90e-01	7.23e-02	1.14e-03	4.21e-06
 8.15732e+22	9.66e-07	3.27e-03	2.81e-01	4.69e-01	1.80e-01	6.47e-02	9.49e-04	3.28e-06
 8.18964e+22	1.12e-06	3.62e-03	2.96e-01	4.69e-01	1.72e-01	5.89e-02	8.16e-04	2.66e-06
 8.22300e+22	1.34e-06	4.09e-03	3.13e-01	4.67e-01	1.63e-01	5.24e-02	6.75e-04	2.06e-06
 8.25711e+22	1.56e-06	4.53e-03	3.29e-01	4.64e-01	1.55e-01	4.73e-02	5.74e-04	1.65e-06
 8.28734e+22	1.79e-06	4.99e-03	3.44e-01	4.61e-01	1.47e-01	4.29e-02	4.91e-04	1.33e-06
 8.32178e+22	2.15e-06	5.64e-03	3.63e-01	4.56e-01	1.38e-01	3.77e-02	4.01e-04	1.01e-06
 8.35669e+22	2.50e-06	6.24e-03	3.79e-01	4.51e-01	1.30e-01	3.38e-02	3.37e-04	8.04e-07
 8.38731e+22	2.88e-06	6.86e-03	3.94e-01	4.45e-01	1.23e-01	3.04e-02	2.85e-04	6.42e-07
 8.42224e+22	3.46e-06	7.75e-03	4.14e-01	4.37e-01	1.14e-01	2.65e-02	2.29e-04	4.78e-07
 8.45745e+22	3.99e-06	8.51e-03	4.30e-01	4.30e-01	1.07e-01	2.37e-02	1.93e-04	3.80e-07
 8.49302e+22	4.78e-06	9.58e-03	4.50e-01	4.21e-01	9.91e-02	2.05e-02	1.55e-04	2.82e-07
 8.52915e+22	5.55e-06	1.06e-02	4.66e-01	4.12e-01	9.25e-02	1.82e-02	1.28e-04	2.19e-07
 8.56096e+22	6.40e-06	1.16e-02	4.82e-01	4.04e-01	8.65e-02	1.62e-02	1.07e-04	1.71e-07
 8.59726e+22	7.65e-06	1.30e-02	5.02e-01	3.92e-01	7.93e-02	1.39e-02	8.46e-05	1.26e-07
 8.63434e+22	8.89e-06	1.43e-02	5.18e-01	3.82e-01	7.35e-02	1.22e-02	6.93e-05	0.00e+00
 8.66744e+22	1.03e-05	1.57e-02	5.34e-01	3.72e-01	6.82e-02	1.08e-02	5.70e-05	0.00e+00
 8.70547e+22	1.23e-05	1.77e-02	5.53e-01	3.58e-01	6.18e-02	9.13e-03	4.42e-05	0.00e+00
 8.74408e+22	1.44e-05	1.94e-02	5.69e-01	3.47e-01	5.68e-02	7.95e-03	3.58e-05	0.00e+00
 8.78345e+22	1.72e-05	2.18e-02	5.88e-01	3.33e-01	5.13e-02	6.71e-03	2.76e-05	0.00e+00
 8.82384e+22	2.03e-05	2.41e-02	6.04e-01	3.20e-01	4.66e-02	5.75e-03	2.18e-05	0.00e+00
 8.85950e+22	2.35e-05	2.65e-02	6.18e-01	3.08e-01	4.27e-02	4.98e-03	1.75e-05	0.00e+00
 8.89979e+22	2.83e-05	2.98e-02	6.35e-01	2.93e-01	3.81e-02	4.15e-03	1.32e-05	0.00e+00
 8.94133e+22	3.32e-05	3.28e-02	6.49e-01	2.80e-01	3.45e-02	3.54e-03	1.04e-05	0.00e+00
 8.98449e+22	4.04e-05	3.71e-02	6.66e-01	2.64e-01	3.03e-02	2.90e-03	7.66e-06	0.00e+00
 9.02194e+22	4.56e-05	3.99e-02	6.75e-01	2.54e-01	2.80e-02	2.56e-03	6.36e-06	0.00e+00
 9.04785e+22	5.04e-05	4.25e-02	6.83e-01	2.46e-01	2.62e-02	2.31e-03	5.42e-06	0.00e+00
 9.07742e+22	5.76e-05	4.61e-02	6.93e-01	2.35e-01	2.40e-02	2.00e-03	4.38e-06	0.00e+00
 9.10837e+22	6.47e-05	4.95e-02	7.00e-01	2.26e-01	2.22e-02	1.77e-03	3.63e-06	0.00e+00
 9.14111e+22	7.53e-05	5.43e-02	7.10e-01	2.14e-01	1.99e-02	1.50e-03	2.83e-06	0.00e+00
 9.17362e+22	8.43e-05	5.81e-02	7.16e-01	2.06e-01	1.84e-02	1.33e-03	2.35e-06	0.00e+00
 9.20584e+22	9.68e-05	6.33e-02	7.24e-01	1.95e-01	1.66e-02	1.14e-03	1.86e-06	0.00e+00
 9.23918e+22	1.10e-04	6.83e-02	7.30e-01	1.86e-01	1.52e-02	9.90e-04	1.50e-06	0.00e+00
 9.25567e+22	1.11e-04	6.87e-02	7.30e-01	1.85e-01	1.51e-02	9.78e-04	1.48e-06	0.00e+00
