#depth	O	O+	O+2	O+3	O+4	O+5	O+6	O+7	O+8	O[1]	O[2]	O[3]
 4.62852e+21	4.84e-10	8.55e-06	4.60e-03	1.28e-01	2.95e-01	2.89e-01	2.69e-01	1.43e-02	1.86e-04	4.84e-10	1.21e-18	1.48e-18
 1.04728e+22	2.00e-09	2.66e-05	1.04e-02	2.04e-01	3.41e-01	2.63e-01	1.75e-01	6.47e-03	5.88e-05	2.00e-09	5.36e-18	6.53e-18
 1.22965e+22	4.08e-09	4.57e-05	1.51e-02	2.49e-01	3.55e-01	2.40e-01	1.36e-01	4.20e-03	3.19e-05	4.08e-09	1.14e-17	1.39e-17
 1.33323e+22	6.71e-09	6.63e-05	1.95e-02	2.83e-01	3.59e-01	2.22e-01	1.12e-01	3.05e-03	2.04e-05	6.71e-09	1.96e-17	2.37e-17
 1.39413e+22	8.29e-09	7.75e-05	2.16e-02	2.98e-01	3.60e-01	2.14e-01	1.03e-01	2.65e-03	1.68e-05	8.29e-09	2.46e-17	2.98e-17
 1.43579e+22	1.09e-08	9.45e-05	2.46e-02	3.17e-01	3.60e-01	2.04e-01	9.23e-02	2.21e-03	1.31e-05	1.09e-08	3.30e-17	4.00e-17
 1.48005e+22	1.38e-08	1.12e-04	2.76e-02	3.34e-01	3.59e-01	1.94e-01	8.33e-02	1.87e-03	1.04e-05	1.38e-08	4.29e-17	5.20e-17
 1.52767e+22	1.87e-08	1.40e-04	3.18e-02	3.56e-01	3.56e-01	1.82e-01	7.28e-02	1.51e-03	7.78e-06	1.87e-08	6.00e-17	7.25e-17
 1.57594e+22	2.40e-08	1.67e-04	3.56e-02	3.73e-01	3.53e-01	1.72e-01	6.49e-02	1.26e-03	6.08e-06	2.40e-08	7.90e-17	9.56e-17
 1.61854e+22	3.06e-08	1.98e-04	3.97e-02	3.91e-01	3.49e-01	1.62e-01	5.79e-02	1.05e-03	4.76e-06	3.06e-08	1.04e-16	1.25e-16
 1.66742e+22	4.16e-08	2.46e-04	4.54e-02	4.12e-01	3.42e-01	1.49e-01	4.98e-02	8.34e-04	3.48e-06	4.16e-08	1.46e-16	1.77e-16
 1.71714e+22	5.34e-08	2.93e-04	5.06e-02	4.29e-01	3.36e-01	1.39e-01	4.39e-02	6.86e-04	2.68e-06	5.34e-08	1.94e-16	2.34e-16
 1.76022e+22	6.74e-08	3.44e-04	5.59e-02	4.45e-01	3.29e-01	1.30e-01	3.89e-02	5.70e-04	2.09e-06	6.74e-08	2.52e-16	3.04e-16
 1.80848e+22	9.10e-08	4.23e-04	6.33e-02	4.64e-01	3.20e-01	1.19e-01	3.32e-02	4.46e-04	1.51e-06	9.10e-08	3.54e-16	4.28e-16
 1.85458e+22	1.12e-07	4.86e-04	6.88e-02	4.77e-01	3.12e-01	1.11e-01	2.96e-02	3.77e-04	1.20e-06	1.12e-07	4.47e-16	5.39e-16
 1.89787e+22	1.46e-07	5.84e-04	7.66e-02	4.93e-01	3.02e-01	1.02e-01	2.55e-02	3.00e-04	8.86e-07	1.46e-07	6.06e-16	7.31e-16
 1.94119e+22	1.79e-07	6.70e-04	8.30e-02	5.04e-01	2.94e-01	9.48e-02	2.26e-02	2.51e-04	7.02e-07	1.79e-07	7.63e-16	9.20e-16
 1.98452e+22	2.30e-07	7.94e-04	9.16e-02	5.18e-01	2.84e-01	8.65e-02	1.95e-02	2.01e-04	5.22e-07	2.30e-07	1.02e-15	1.23e-15
 2.02943e+22	2.88e-07	9.24e-04	9.98e-02	5.29e-01	2.74e-01	7.95e-02	1.70e-02	1.64e-04	3.99e-07	2.88e-07	1.31e-15	1.58e-15
 2.06972e+22	3.53e-07	1.06e-03	1.08e-01	5.38e-01	2.64e-01	7.34e-02	1.50e-02	1.35e-04	3.11e-07	3.53e-07	1.65e-15	1.99e-15
 2.11541e+22	4.60e-07	1.26e-03	1.19e-01	5.49e-01	2.52e-01	6.59e-02	1.26e-02	1.06e-04	2.24e-07	4.60e-07	2.23e-15	2.68e-15
 2.16182e+22	5.71e-07	1.46e-03	1.29e-01	5.57e-01	2.42e-01	6.02e-02	1.10e-02	8.56e-05	1.70e-07	5.71e-07	2.85e-15	3.42e-15
 2.20299e+22	7.02e-07	1.67e-03	1.39e-01	5.63e-01	2.32e-01	5.50e-02	9.54e-03	6.98e-05	1.30e-07	7.02e-07	3.60e-15	4.32e-15
 2.24289e+22	8.53e-07	1.90e-03	1.48e-01	5.68e-01	2.22e-01	5.04e-02	8.35e-03	5.74e-05	0.00e+00	8.53e-07	4.49e-15	5.39e-15
 2.27972e+22	1.02e-06	2.14e-03	1.58e-01	5.72e-01	2.14e-01	4.64e-02	7.37e-03	4.79e-05	0.00e+00	1.02e-06	5.50e-15	6.59e-15
 2.31998e+22	1.27e-06	2.48e-03	1.70e-01	5.76e-01	2.03e-01	4.18e-02	6.30e-03	3.80e-05	0.00e+00	1.27e-06	7.08e-15	8.47e-15
 2.36046e+22	1.52e-06	2.77e-03	1.81e-01	5.78e-01	1.94e-01	3.84e-02	5.55e-03	3.16e-05	0.00e+00	1.52e-06	8.63e-15	1.03e-14
 2.40125e+22	1.89e-06	3.20e-03	1.94e-01	5.79e-01	1.84e-01	3.44e-02	4.73e-03	2.51e-05	0.00e+00	1.89e-06	1.11e-14	1.32e-14
 2.44244e+22	2.26e-06	3.60e-03	2.06e-01	5.80e-01	1.75e-01	3.13e-02	4.12e-03	2.06e-05	0.00e+00	2.26e-06	1.36e-14	1.62e-14
 2.47827e+22	2.67e-06	4.01e-03	2.18e-01	5.79e-01	1.67e-01	2.86e-02	3.62e-03	1.70e-05	0.00e+00	2.67e-06	1.65e-14	1.97e-14
 2.51896e+22	3.31e-06	4.61e-03	2.33e-01	5.77e-01	1.57e-01	2.55e-02	3.06e-03	1.34e-05	0.00e+00	3.31e-06	2.11e-14	2.52e-14
 2.56033e+22	3.94e-06	5.15e-03	2.46e-01	5.74e-01	1.49e-01	2.31e-02	2.66e-03	1.09e-05	0.00e+00	3.94e-06	2.58e-14	3.07e-14
 2.60257e+22	4.88e-06	5.92e-03	2.63e-01	5.70e-01	1.39e-01	2.05e-02	2.23e-03	8.50e-06	0.00e+00	4.88e-06	3.31e-14	3.93e-14
 2.64524e+22	5.83e-06	6.63e-03	2.77e-01	5.65e-01	1.31e-01	1.84e-02	1.93e-03	6.86e-06	0.00e+00	5.83e-06	4.07e-14	4.83e-14
 2.68250e+22	6.89e-06	7.38e-03	2.91e-01	5.59e-01	1.24e-01	1.66e-02	1.67e-03	5.59e-06	0.00e+00	6.89e-06	4.94e-14	5.86e-14
 2.72499e+22	8.50e-06	8.44e-03	3.09e-01	5.51e-01	1.15e-01	1.46e-02	1.39e-03	4.31e-06	0.00e+00	8.50e-06	6.32e-14	7.49e-14
 2.76846e+22	1.01e-05	9.44e-03	3.25e-01	5.43e-01	1.08e-01	1.30e-02	1.19e-03	3.44e-06	0.00e+00	1.01e-05	7.75e-14	9.19e-14
 2.80733e+22	1.20e-05	1.05e-02	3.41e-01	5.35e-01	1.01e-01	1.17e-02	1.02e-03	2.77e-06	0.00e+00	1.20e-05	9.46e-14	1.12e-13
 2.85199e+22	1.49e-05	1.21e-02	3.61e-01	5.23e-01	9.27e-02	1.01e-02	8.36e-04	2.08e-06	0.00e+00	1.49e-05	1.22e-13	1.45e-13
 2.89728e+22	1.77e-05	1.34e-02	3.79e-01	5.12e-01	8.62e-02	8.93e-03	7.07e-04	1.64e-06	0.00e+00	1.77e-05	1.50e-13	1.78e-13
 2.94339e+22	2.21e-05	1.55e-02	4.01e-01	4.97e-01	7.84e-02	7.62e-03	5.71e-04	1.21e-06	0.00e+00	2.21e-05	1.96e-13	2.31e-13
 2.98986e+22	2.62e-05	1.72e-02	4.18e-01	4.85e-01	7.25e-02	6.71e-03	4.81e-04	9.48e-07	0.00e+00	2.62e-05	2.40e-13	2.83e-13
 3.03677e+22	3.24e-05	1.96e-02	4.40e-01	4.68e-01	6.57e-02	5.71e-03	3.87e-04	6.98e-07	0.00e+00	3.24e-05	3.10e-13	3.65e-13
 3.08527e+22	3.88e-05	2.19e-02	4.60e-01	4.53e-01	6.01e-02	4.94e-03	3.20e-04	5.32e-07	0.00e+00	3.88e-05	3.86e-13	4.54e-13
 3.11276e+22	4.05e-05	2.26e-02	4.65e-01	4.49e-01	5.86e-02	4.76e-03	3.04e-04	4.95e-07	0.00e+00	4.05e-05	4.07e-13	4.79e-13
 3.12342e+22	4.21e-05	2.31e-02	4.69e-01	4.45e-01	5.75e-02	4.61e-03	2.92e-04	4.67e-07	0.00e+00	4.21e-05	4.27e-13	5.02e-13
 3.13529e+22	4.46e-05	2.40e-02	4.75e-01	4.40e-01	5.58e-02	4.40e-03	2.74e-04	4.28e-07	0.00e+00	4.46e-05	4.58e-13	5.38e-13
 3.15071e+22	4.75e-05	2.49e-02	4.82e-01	4.35e-01	5.41e-02	4.18e-03	2.56e-04	3.89e-07	0.00e+00	4.75e-05	4.96e-13	5.82e-13
 3.17077e+22	5.23e-05	2.65e-02	4.92e-01	4.26e-01	5.15e-02	3.87e-03	2.31e-04	3.36e-07	0.00e+00	5.23e-05	5.57e-13	6.53e-13
 3.19684e+22	5.88e-05	2.84e-02	5.04e-01	4.15e-01	4.84e-02	3.51e-03	2.03e-04	2.81e-07	0.00e+00	5.88e-05	6.43e-13	7.52e-13
 3.23073e+22	6.80e-05	3.12e-02	5.19e-01	4.01e-01	4.47e-02	3.10e-03	1.73e-04	2.23e-07	0.00e+00	6.80e-05	7.72e-13	9.00e-13
 3.26665e+22	7.78e-05	3.38e-02	5.34e-01	3.88e-01	4.14e-02	2.75e-03	1.48e-04	1.80e-07	0.00e+00	7.78e-05	9.11e-13	1.06e-12
 3.29978e+22	8.84e-05	3.66e-02	5.47e-01	3.75e-01	3.85e-02	2.45e-03	1.28e-04	1.46e-07	0.00e+00	8.84e-05	1.07e-12	1.24e-12
 3.33741e+22	1.04e-04	4.05e-02	5.64e-01	3.59e-01	3.49e-02	2.11e-03	1.05e-04	0.00e+00	0.00e+00	1.04e-04	1.31e-12	1.52e-12
 3.37528e+22	1.18e-04	4.37e-02	5.76e-01	3.46e-01	3.23e-02	1.88e-03	9.01e-05	0.00e+00	0.00e+00	1.18e-04	1.54e-12	1.77e-12
 3.41348e+22	1.39e-04	4.83e-02	5.92e-01	3.29e-01	2.92e-02	1.61e-03	7.39e-05	0.00e+00	0.00e+00	1.39e-04	1.89e-12	2.17e-12
 3.45223e+22	1.57e-04	5.21e-02	6.04e-01	3.15e-01	2.68e-02	1.42e-03	6.27e-05	0.00e+00	0.00e+00	1.57e-04	2.23e-12	2.54e-12
 3.49168e+22	1.85e-04	5.75e-02	6.19e-01	2.98e-01	2.41e-02	1.20e-03	5.10e-05	0.00e+00	0.00e+00	1.85e-04	2.75e-12	3.11e-12
 3.53183e+22	2.10e-04	6.21e-02	6.31e-01	2.84e-01	2.20e-02	1.05e-03	4.29e-05	0.00e+00	0.00e+00	2.10e-04	3.25e-12	3.66e-12
 3.57290e+22	2.48e-04	6.86e-02	6.44e-01	2.66e-01	1.95e-02	8.82e-04	3.44e-05	0.00e+00	0.00e+00	2.48e-04	4.04e-12	4.51e-12
 3.61453e+22	2.82e-04	7.41e-02	6.55e-01	2.52e-01	1.77e-02	7.62e-04	2.86e-05	0.00e+00	0.00e+00	2.82e-04	4.81e-12	5.32e-12
 3.65687e+22	3.33e-04	8.18e-02	6.66e-01	2.35e-01	1.56e-02	6.34e-04	2.27e-05	0.00e+00	0.00e+00	3.33e-04	6.00e-12	6.57e-12
 3.69999e+22	3.80e-04	8.84e-02	6.75e-01	2.21e-01	1.40e-02	5.43e-04	1.87e-05	0.00e+00	0.00e+00	3.80e-04	7.18e-12	7.77e-12
 3.74409e+22	4.49e-04	9.76e-02	6.85e-01	2.04e-01	1.23e-02	4.45e-04	1.46e-05	0.00e+00	0.00e+00	4.49e-04	9.04e-12	9.65e-12
 3.78911e+22	5.13e-04	1.05e-01	6.92e-01	1.91e-01	1.09e-02	3.76e-04	1.19e-05	0.00e+00	0.00e+00	5.13e-04	1.09e-11	1.15e-11
 3.83530e+22	6.08e-04	1.17e-01	6.99e-01	1.74e-01	9.42e-03	3.04e-04	9.10e-06	0.00e+00	0.00e+00	6.08e-04	1.38e-11	1.43e-11
 3.88241e+22	6.95e-04	1.26e-01	7.04e-01	1.61e-01	8.31e-03	2.54e-04	7.30e-06	0.00e+00	0.00e+00	6.95e-04	1.67e-11	1.71e-11
 3.93069e+22	8.22e-04	1.39e-01	7.07e-01	1.46e-01	7.11e-03	2.03e-04	5.54e-06	0.00e+00	0.00e+00	8.22e-04	2.14e-11	2.13e-11
 3.98006e+22	9.44e-04	1.50e-01	7.09e-01	1.33e-01	6.19e-03	1.66e-04	4.35e-06	0.00e+00	0.00e+00	9.44e-04	2.62e-11	2.56e-11
 4.03084e+22	1.13e-03	1.66e-01	7.09e-01	1.19e-01	5.20e-03	1.29e-04	3.21e-06	0.00e+00	0.00e+00	1.13e-03	3.38e-11	3.24e-11
 4.08175e+22	1.28e-03	1.78e-01	7.08e-01	1.08e-01	4.52e-03	1.06e-04	2.53e-06	0.00e+00	0.00e+00	1.28e-03	4.10e-11	3.84e-11
 4.13285e+22	1.52e-03	1.96e-01	7.03e-01	9.52e-02	3.77e-03	8.16e-05	1.85e-06	0.00e+00	0.00e+00	1.52e-03	5.28e-11	4.83e-11
 4.18500e+22	1.74e-03	2.11e-01	6.99e-01	8.57e-02	3.24e-03	6.57e-05	1.43e-06	0.00e+00	0.00e+00	1.74e-03	6.44e-11	5.77e-11
 4.23852e+22	2.07e-03	2.32e-01	6.89e-01	7.43e-02	2.66e-03	4.96e-05	1.03e-06	0.00e+00	0.00e+00	2.07e-03	8.36e-11	7.28e-11
 4.29318e+22	2.36e-03	2.49e-01	6.80e-01	6.59e-02	2.26e-03	3.92e-05	7.78e-07	0.00e+00	0.00e+00	2.36e-03	1.03e-10	8.74e-11
 4.34932e+22	2.83e-03	2.74e-01	6.65e-01	5.61e-02	1.83e-03	2.88e-05	5.45e-07	0.00e+00	0.00e+00	2.83e-03	1.34e-10	1.11e-10
 4.40655e+22	3.22e-03	2.94e-01	6.52e-01	4.91e-02	1.54e-03	2.24e-05	4.09e-07	0.00e+00	0.00e+00	3.22e-03	1.65e-10	1.34e-10
 4.46521e+22	3.88e-03	3.24e-01	6.31e-01	4.07e-02	1.22e-03	1.59e-05	2.78e-07	0.00e+00	0.00e+00	3.88e-03	2.18e-10	1.72e-10
 4.52498e+22	4.44e-03	3.46e-01	6.13e-01	3.50e-02	1.01e-03	1.21e-05	2.05e-07	0.00e+00	0.00e+00	4.44e-03	2.68e-10	2.07e-10
 4.58621e+22	5.37e-03	3.81e-01	5.84e-01	2.83e-02	7.90e-04	8.32e-06	1.36e-07	0.00e+00	0.00e+00	5.37e-03	3.56e-10	2.69e-10
 4.64934e+22	6.16e-03	4.08e-01	5.61e-01	2.37e-02	6.47e-04	6.15e-06	0.00e+00	0.00e+00	0.00e+00	6.16e-03	4.41e-10	3.27e-10
 4.71496e+22	7.54e-03	4.49e-01	5.24e-01	1.84e-02	4.90e-04	4.00e-06	0.00e+00	0.00e+00	0.00e+00	7.54e-03	5.95e-10	4.31e-10
 4.78253e+22	8.78e-03	4.82e-01	4.94e-01	1.48e-02	3.90e-04	2.80e-06	0.00e+00	0.00e+00	0.00e+00	8.78e-03	7.48e-10	5.34e-10
 4.85264e+22	1.08e-02	5.30e-01	4.48e-01	1.09e-02	2.87e-04	1.70e-06	0.00e+00	0.00e+00	0.00e+00	1.08e-02	1.02e-09	7.13e-10
 4.92470e+22	1.28e-02	5.68e-01	4.11e-01	8.31e-03	2.22e-04	1.12e-06	0.00e+00	0.00e+00	0.00e+00	1.28e-02	1.30e-09	8.98e-10
 4.98052e+22	1.44e-02	5.96e-01	3.82e-01	6.76e-03	1.84e-04	8.13e-07	0.00e+00	0.00e+00	0.00e+00	1.44e-02	1.55e-09	1.06e-09
 5.03432e+22	1.69e-02	6.34e-01	3.44e-01	5.09e-03	1.43e-04	5.28e-07	0.00e+00	0.00e+00	0.00e+00	1.69e-02	1.95e-09	1.32e-09
 5.08975e+22	1.95e-02	6.65e-01	3.11e-01	3.92e-03	1.14e-04	3.59e-07	0.00e+00	0.00e+00	0.00e+00	1.95e-02	2.38e-09	1.60e-09
 5.14732e+22	2.33e-02	7.04e-01	2.70e-01	2.77e-03	8.58e-05	2.15e-07	0.00e+00	0.00e+00	0.00e+00	2.33e-02	3.05e-09	2.03e-09
 5.20665e+22	2.73e-02	7.36e-01	2.34e-01	1.99e-03	6.58e-05	1.34e-07	0.00e+00	0.00e+00	0.00e+00	2.73e-02	3.79e-09	2.51e-09
 5.26004e+22	3.20e-02	7.66e-01	2.01e-01	1.42e-03	5.03e-05	0.00e+00	0.00e+00	0.00e+00	0.00e+00	3.20e-02	4.71e-09	3.10e-09
 5.30839e+22	3.69e-02	7.89e-01	1.73e-01	1.03e-03	3.94e-05	0.00e+00	0.00e+00	0.00e+00	0.00e+00	3.69e-02	5.68e-09	3.71e-09
 5.35105e+22	4.24e-02	8.08e-01	1.49e-01	7.53e-04	3.10e-05	0.00e+00	0.00e+00	0.00e+00	0.00e+00	4.24e-02	6.81e-09	4.42e-09
 5.39913e+22	5.08e-02	8.28e-01	1.20e-01	4.94e-04	2.25e-05	0.00e+00	0.00e+00	0.00e+00	0.00e+00	5.08e-02	8.63e-09	5.56e-09
 5.44925e+22	6.09e-02	8.43e-01	9.61e-02	3.22e-04	1.63e-05	0.00e+00	0.00e+00	0.00e+00	0.00e+00	6.09e-02	1.08e-08	6.96e-09
 5.49319e+22	7.27e-02	8.51e-01	7.62e-02	2.13e-04	1.18e-05	0.00e+00	0.00e+00	0.00e+00	0.00e+00	7.27e-02	1.35e-08	8.64e-09
 5.53422e+22	8.72e-02	8.53e-01	5.94e-02	1.39e-04	8.45e-06	0.00e+00	0.00e+00	0.00e+00	0.00e+00	8.72e-02	1.69e-08	1.08e-08
 5.57270e+22	1.05e-01	8.50e-01	4.56e-02	9.05e-05	5.97e-06	0.00e+00	0.00e+00	0.00e+00	0.00e+00	1.05e-01	2.10e-08	1.34e-08
 5.60824e+22	1.26e-01	8.39e-01	3.45e-02	5.93e-05	4.15e-06	0.00e+00	0.00e+00	0.00e+00	0.00e+00	1.26e-01	2.60e-08	1.66e-08
 5.64071e+22	1.52e-01	8.22e-01	2.58e-02	3.94e-05	2.86e-06	0.00e+00	0.00e+00	0.00e+00	0.00e+00	1.52e-01	3.19e-08	2.04e-08
 5.66995e+22	1.81e-01	8.00e-01	1.93e-02	2.69e-05	1.97e-06	0.00e+00	0.00e+00	0.00e+00	0.00e+00	1.81e-01	3.86e-08	2.46e-08
 5.69644e+22	2.14e-01	7.71e-01	1.44e-02	1.88e-05	1.35e-06	0.00e+00	0.00e+00	0.00e+00	0.00e+00	2.14e-01	4.60e-08	2.92e-08
 5.72060e+22	2.52e-01	7.38e-01	1.07e-02	1.34e-05	9.23e-07	0.00e+00	0.00e+00	0.00e+00	0.00e+00	2.52e-01	5.38e-08	3.42e-08
 5.74263e+22	2.92e-01	7.00e-01	8.03e-03	9.82e-06	6.33e-07	0.00e+00	0.00e+00	0.00e+00	0.00e+00	2.92e-01	6.18e-08	3.91e-08
 5.75668e+22	3.20e-01	6.74e-01	6.71e-03	8.19e-06	5.04e-07	0.00e+00	0.00e+00	0.00e+00	0.00e+00	3.20e-01	6.64e-08	4.20e-08
 5.76225e+22	3.31e-01	6.63e-01	6.23e-03	7.60e-06	4.58e-07	0.00e+00	0.00e+00	0.00e+00	0.00e+00	3.31e-01	6.84e-08	4.33e-08
 5.76687e+22	3.42e-01	6.52e-01	5.81e-03	7.09e-06	4.19e-07	0.00e+00	0.00e+00	0.00e+00	0.00e+00	3.42e-01	7.02e-08	4.44e-08
 5.77283e+22	3.55e-01	6.39e-01	5.31e-03	6.50e-06	3.72e-07	0.00e+00	0.00e+00	0.00e+00	0.00e+00	3.55e-01	7.26e-08	4.59e-08
 5.77996e+22	3.73e-01	6.23e-01	4.77e-03	5.86e-06	3.24e-07	0.00e+00	0.00e+00	0.00e+00	0.00e+00	3.73e-01	7.53e-08	4.76e-08
 5.78715e+22	3.90e-01	6.05e-01	4.27e-03	5.29e-06	2.81e-07	0.00e+00	0.00e+00	0.00e+00	0.00e+00	3.90e-01	7.80e-08	4.93e-08
 5.79381e+22	4.06e-01	5.90e-01	3.87e-03	4.83e-06	2.47e-07	0.00e+00	0.00e+00	0.00e+00	0.00e+00	4.06e-01	8.03e-08	5.07e-08
 5.80063e+22	4.25e-01	5.72e-01	3.47e-03	4.36e-06	2.14e-07	0.00e+00	0.00e+00	0.00e+00	0.00e+00	4.25e-01	8.28e-08	5.22e-08
 5.80772e+22	4.42e-01	5.54e-01	3.11e-03	3.96e-06	1.86e-07	0.00e+00	0.00e+00	0.00e+00	0.00e+00	4.42e-01	8.51e-08	5.37e-08
 5.81502e+22	4.62e-01	5.35e-01	2.75e-03	3.56e-06	1.59e-07	0.00e+00	0.00e+00	0.00e+00	0.00e+00	4.62e-01	8.75e-08	5.51e-08
 5.82251e+22	4.82e-01	5.16e-01	2.45e-03	3.22e-06	1.37e-07	0.00e+00	0.00e+00	0.00e+00	0.00e+00	4.82e-01	8.96e-08	5.64e-08
 5.83018e+22	5.03e-01	4.95e-01	2.15e-03	2.88e-06	0.00e+00	0.00e+00	0.00e+00	0.00e+00	0.00e+00	5.03e-01	9.16e-08	5.77e-08
 5.83802e+22	5.23e-01	4.75e-01	1.89e-03	2.59e-06	0.00e+00	0.00e+00	0.00e+00	0.00e+00	0.00e+00	5.23e-01	9.35e-08	5.88e-08
 5.84603e+22	5.45e-01	4.53e-01	1.66e-03	2.32e-06	0.00e+00	0.00e+00	0.00e+00	0.00e+00	0.00e+00	5.45e-01	9.51e-08	5.97e-08
 5.85454e+22	5.68e-01	4.31e-01	1.44e-03	2.07e-06	0.00e+00	0.00e+00	0.00e+00	0.00e+00	0.00e+00	5.68e-01	9.65e-08	6.06e-08
 5.86309e+22	5.90e-01	4.09e-01	1.24e-03	1.84e-06	0.00e+00	0.00e+00	0.00e+00	0.00e+00	0.00e+00	5.90e-01	9.76e-08	6.12e-08
 5.86968e+22	6.05e-01	3.94e-01	1.13e-03	1.71e-06	0.00e+00	0.00e+00	0.00e+00	0.00e+00	0.00e+00	6.05e-01	9.81e-08	6.15e-08
 5.87405e+22	6.16e-01	3.83e-01	1.05e-03	1.62e-06	0.00e+00	0.00e+00	0.00e+00	0.00e+00	0.00e+00	6.16e-01	9.83e-08	6.16e-08
 5.87830e+22	6.26e-01	3.73e-01	9.77e-04	1.53e-06	0.00e+00	0.00e+00	0.00e+00	0.00e+00	0.00e+00	6.26e-01	9.86e-08	6.18e-08
 5.88330e+22	6.38e-01	3.61e-01	8.99e-04	1.44e-06	0.00e+00	0.00e+00	0.00e+00	0.00e+00	0.00e+00	6.38e-01	9.89e-08	6.19e-08
 5.88876e+22	6.51e-01	3.48e-01	8.22e-04	1.34e-06	0.00e+00	0.00e+00	0.00e+00	0.00e+00	0.00e+00	6.51e-01	9.90e-08	6.19e-08
 5.89405e+22	6.62e-01	3.38e-01	7.56e-04	1.26e-06	0.00e+00	0.00e+00	0.00e+00	0.00e+00	0.00e+00	6.62e-01	9.91e-08	6.20e-08
 5.89926e+22	6.73e-01	3.26e-01	6.95e-04	1.19e-06	0.00e+00	0.00e+00	0.00e+00	0.00e+00	0.00e+00	6.73e-01	9.90e-08	6.19e-08
 5.90466e+22	6.84e-01	3.15e-01	6.38e-04	1.11e-06	0.00e+00	0.00e+00	0.00e+00	0.00e+00	0.00e+00	6.84e-01	9.89e-08	6.18e-08
 5.91012e+22	6.95e-01	3.05e-01	5.86e-04	1.05e-06	0.00e+00	0.00e+00	0.00e+00	0.00e+00	0.00e+00	6.95e-01	9.87e-08	6.17e-08
 5.91565e+22	7.06e-01	2.94e-01	5.36e-04	9.83e-07	0.00e+00	0.00e+00	0.00e+00	0.00e+00	0.00e+00	7.06e-01	9.84e-08	6.14e-08
 5.92119e+22	7.16e-01	2.84e-01	4.93e-04	9.27e-07	0.00e+00	0.00e+00	0.00e+00	0.00e+00	0.00e+00	7.16e-01	9.82e-08	6.13e-08
 5.92692e+22	7.26e-01	2.74e-01	4.51e-04	8.71e-07	0.00e+00	0.00e+00	0.00e+00	0.00e+00	0.00e+00	7.26e-01	9.78e-08	6.10e-08
 5.93289e+22	7.36e-01	2.63e-01	4.12e-04	8.17e-07	0.00e+00	0.00e+00	0.00e+00	0.00e+00	0.00e+00	7.36e-01	9.74e-08	6.07e-08
 5.93886e+22	7.46e-01	2.54e-01	3.77e-04	7.69e-07	0.00e+00	0.00e+00	0.00e+00	0.00e+00	0.00e+00	7.46e-01	9.69e-08	6.04e-08
 5.94490e+22	7.55e-01	2.45e-01	3.45e-04	7.24e-07	0.00e+00	0.00e+00	0.00e+00	0.00e+00	0.00e+00	7.55e-01	9.64e-08	6.00e-08
 5.95118e+22	7.64e-01	2.36e-01	3.15e-04	6.81e-07	0.00e+00	0.00e+00	0.00e+00	0.00e+00	0.00e+00	7.64e-01	9.59e-08	5.97e-08
 5.95770e+22	7.73e-01	2.26e-01	2.87e-04	6.39e-07	0.00e+00	0.00e+00	0.00e+00	0.00e+00	0.00e+00	7.73e-01	9.53e-08	5.92e-08
 5.96431e+22	7.82e-01	2.18e-01	2.61e-04	6.01e-07	0.00e+00	0.00e+00	0.00e+00	0.00e+00	0.00e+00	7.82e-01	9.47e-08	5.88e-08
 5.97103e+22	7.90e-01	2.10e-01	2.38e-04	5.66e-07	0.00e+00	0.00e+00	0.00e+00	0.00e+00	0.00e+00	7.90e-01	9.41e-08	5.84e-08
 5.97800e+22	7.98e-01	2.01e-01	2.17e-04	5.32e-07	0.00e+00	0.00e+00	0.00e+00	0.00e+00	0.00e+00	7.98e-01	9.34e-08	5.80e-08
 5.98521e+22	8.06e-01	1.93e-01	1.97e-04	5.00e-07	0.00e+00	0.00e+00	0.00e+00	0.00e+00	0.00e+00	8.06e-01	9.28e-08	5.75e-08
 5.99257e+22	8.14e-01	1.86e-01	1.79e-04	4.70e-07	0.00e+00	0.00e+00	0.00e+00	0.00e+00	0.00e+00	8.14e-01	9.21e-08	5.71e-08
 6.00010e+22	8.22e-01	1.78e-01	1.63e-04	4.42e-07	0.00e+00	0.00e+00	0.00e+00	0.00e+00	0.00e+00	8.22e-01	9.14e-08	5.66e-08
 6.00787e+22	8.29e-01	1.71e-01	1.48e-04	4.16e-07	0.00e+00	0.00e+00	0.00e+00	0.00e+00	0.00e+00	8.29e-01	9.07e-08	5.61e-08
 6.01593e+22	8.36e-01	1.64e-01	1.34e-04	3.90e-07	0.00e+00	0.00e+00	0.00e+00	0.00e+00	0.00e+00	8.36e-01	8.99e-08	5.54e-08
 6.02421e+22	8.43e-01	1.57e-01	1.21e-04	3.67e-07	0.00e+00	0.00e+00	0.00e+00	0.00e+00	0.00e+00	8.43e-01	8.92e-08	5.48e-08
 6.03267e+22	8.49e-01	1.51e-01	1.10e-04	3.45e-07	0.00e+00	0.00e+00	0.00e+00	0.00e+00	0.00e+00	8.49e-01	8.84e-08	5.41e-08
 6.04139e+22	8.55e-01	1.45e-01	9.99e-05	3.24e-07	0.00e+00	0.00e+00	0.00e+00	0.00e+00	0.00e+00	8.55e-01	8.76e-08	5.35e-08
 6.05042e+22	8.62e-01	1.38e-01	9.06e-05	3.04e-07	0.00e+00	0.00e+00	0.00e+00	0.00e+00	0.00e+00	8.62e-01	8.69e-08	5.28e-08
 6.05967e+22	8.67e-01	1.33e-01	8.24e-05	2.87e-07	0.00e+00	0.00e+00	0.00e+00	0.00e+00	0.00e+00	8.67e-01	8.63e-08	5.23e-08
 6.06896e+22	8.73e-01	1.27e-01	7.51e-05	2.70e-07	0.00e+00	0.00e+00	0.00e+00	0.00e+00	0.00e+00	8.73e-01	8.55e-08	5.16e-08
 6.07842e+22	8.78e-01	1.22e-01	6.86e-05	2.54e-07	0.00e+00	0.00e+00	0.00e+00	0.00e+00	0.00e+00	8.78e-01	8.49e-08	5.10e-08
 6.08824e+22	8.83e-01	1.17e-01	6.27e-05	2.39e-07	0.00e+00	0.00e+00	0.00e+00	0.00e+00	0.00e+00	8.83e-01	8.42e-08	5.04e-08
 6.09815e+22	8.88e-01	1.12e-01	5.76e-05	2.25e-07	0.00e+00	0.00e+00	0.00e+00	0.00e+00	0.00e+00	8.88e-01	8.36e-08	4.98e-08
 6.10804e+22	8.92e-01	1.08e-01	5.31e-05	2.13e-07	0.00e+00	0.00e+00	0.00e+00	0.00e+00	0.00e+00	8.92e-01	8.31e-08	4.93e-08
 6.11816e+22	8.96e-01	1.03e-01	4.90e-05	2.01e-07	0.00e+00	0.00e+00	0.00e+00	0.00e+00	0.00e+00	8.96e-01	8.26e-08	4.88e-08
 6.12860e+22	9.01e-01	9.94e-02	4.54e-05	1.90e-07	0.00e+00	0.00e+00	0.00e+00	0.00e+00	0.00e+00	9.01e-01	8.21e-08	4.83e-08
 6.13917e+22	9.04e-01	9.57e-02	4.22e-05	1.80e-07	0.00e+00	0.00e+00	0.00e+00	0.00e+00	0.00e+00	9.04e-01	8.17e-08	4.79e-08
 6.14990e+22	9.08e-01	9.20e-02	3.93e-05	1.70e-07	0.00e+00	0.00e+00	0.00e+00	0.00e+00	0.00e+00	9.08e-01	8.13e-08	4.74e-08
 6.16099e+22	9.12e-01	8.84e-02	3.67e-05	1.61e-07	0.00e+00	0.00e+00	0.00e+00	0.00e+00	0.00e+00	9.12e-01	8.10e-08	4.70e-08
 6.17237e+22	9.15e-01	8.50e-02	3.44e-05	1.52e-07	0.00e+00	0.00e+00	0.00e+00	0.00e+00	0.00e+00	9.15e-01	8.07e-08	4.66e-08
 6.18393e+22	9.18e-01	8.17e-02	3.24e-05	1.44e-07	0.00e+00	0.00e+00	0.00e+00	0.00e+00	0.00e+00	9.18e-01	8.03e-08	4.62e-08
 6.19582e+22	9.21e-01	7.85e-02	3.05e-05	1.36e-07	0.00e+00	0.00e+00	0.00e+00	0.00e+00	0.00e+00	9.21e-01	8.01e-08	4.58e-08
 6.20805e+22	9.24e-01	7.55e-02	2.89e-05	1.29e-07	0.00e+00	0.00e+00	0.00e+00	0.00e+00	0.00e+00	9.24e-01	7.99e-08	4.54e-08
 6.22016e+22	9.27e-01	7.27e-02	2.75e-05	0.00e+00	0.00e+00	0.00e+00	0.00e+00	0.00e+00	0.00e+00	9.27e-01	7.97e-08	4.51e-08
 6.23173e+22	9.30e-01	7.02e-02	2.63e-05	0.00e+00	0.00e+00	0.00e+00	0.00e+00	0.00e+00	0.00e+00	9.30e-01	7.95e-08	4.48e-08
 6.24254e+22	9.32e-01	6.80e-02	2.53e-05	0.00e+00	0.00e+00	0.00e+00	0.00e+00	0.00e+00	0.00e+00	9.32e-01	7.93e-08	4.45e-08
 6.25260e+22	9.34e-01	6.60e-02	2.46e-05	0.00e+00	0.00e+00	0.00e+00	0.00e+00	0.00e+00	0.00e+00	9.34e-01	7.91e-08	4.42e-08
 6.26183e+22	9.36e-01	6.43e-02	2.39e-05	0.00e+00	0.00e+00	0.00e+00	0.00e+00	0.00e+00	0.00e+00	9.36e-01	7.89e-08	4.39e-08
 6.27072e+22	9.37e-01	6.27e-02	2.33e-05	0.00e+00	0.00e+00	0.00e+00	0.00e+00	0.00e+00	0.00e+00	9.37e-01	7.88e-08	4.37e-08
 6.27963e+22	9.39e-01	6.11e-02	2.28e-05	0.00e+00	0.00e+00	0.00e+00	0.00e+00	0.00e+00	0.00e+00	9.39e-01	7.87e-08	4.35e-08
 6.28832e+22	9.40e-01	5.95e-02	2.23e-05	0.00e+00	0.00e+00	0.00e+00	0.00e+00	0.00e+00	0.00e+00	9.40e-01	7.85e-08	4.33e-08
 6.29651e+22	9.42e-01	5.81e-02	2.18e-05	0.00e+00	0.00e+00	0.00e+00	0.00e+00	0.00e+00	0.00e+00	9.42e-01	7.84e-08	4.31e-08
 6.30430e+22	9.43e-01	5.68e-02	2.15e-05	0.00e+00	0.00e+00	0.00e+00	0.00e+00	0.00e+00	0.00e+00	9.43e-01	7.83e-08	4.29e-08
 6.31210e+22	9.45e-01	5.54e-02	2.11e-05	0.00e+00	0.00e+00	0.00e+00	0.00e+00	0.00e+00	0.00e+00	9.45e-01	7.82e-08	4.28e-08
 6.31957e+22	9.46e-01	5.42e-02	2.08e-05	0.00e+00	0.00e+00	0.00e+00	0.00e+00	0.00e+00	0.00e+00	9.46e-01	7.81e-08	4.26e-08
 6.32664e+22	9.47e-01	5.31e-02	2.05e-05	0.00e+00	0.00e+00	0.00e+00	0.00e+00	0.00e+00	0.00e+00	9.47e-01	7.81e-08	4.24e-08
 6.33365e+22	9.48e-01	5.19e-02	2.02e-05	0.00e+00	0.00e+00	0.00e+00	0.00e+00	0.00e+00	0.00e+00	9.48e-01	7.80e-08	4.23e-08
 6.34037e+22	9.49e-01	5.08e-02	2.00e-05	0.00e+00	0.00e+00	0.00e+00	0.00e+00	0.00e+00	0.00e+00	9.49e-01	7.79e-08	4.21e-08
 6.34671e+22	9.50e-01	4.98e-02	1.97e-05	0.00e+00	0.00e+00	0.00e+00	0.00e+00	0.00e+00	0.00e+00	9.50e-01	7.78e-08	4.20e-08
 6.35303e+22	9.51e-01	4.87e-02	1.95e-05	0.00e+00	0.00e+00	0.00e+00	0.00e+00	0.00e+00	0.00e+00	9.51e-01	7.77e-08	4.18e-08
 6.35910e+22	9.52e-01	4.78e-02	1.93e-05	0.00e+00	0.00e+00	0.00e+00	0.00e+00	0.00e+00	0.00e+00	9.52e-01	7.76e-08	4.17e-08
 6.36482e+22	9.53e-01	4.69e-02	1.91e-05	0.00e+00	0.00e+00	0.00e+00	0.00e+00	0.00e+00	0.00e+00	9.53e-01	7.75e-08	4.15e-08
 6.37023e+22	9.54e-01	4.60e-02	1.90e-05	0.00e+00	0.00e+00	0.00e+00	0.00e+00	0.00e+00	0.00e+00	9.54e-01	7.74e-08	4.14e-08
 6.37515e+22	9.55e-01	4.52e-02	1.88e-05	0.00e+00	0.00e+00	0.00e+00	0.00e+00	0.00e+00	0.00e+00	9.55e-01	7.72e-08	4.12e-08
 6.37963e+22	9.55e-01	4.46e-02	1.87e-05	0.00e+00	0.00e+00	0.00e+00	0.00e+00	0.00e+00	0.00e+00	9.55e-01	7.71e-08	4.11e-08
 6.38370e+22	9.56e-01	4.39e-02	1.86e-05	0.00e+00	0.00e+00	0.00e+00	0.00e+00	0.00e+00	0.00e+00	9.56e-01	7.70e-08	4.10e-08
 6.38741e+22	9.57e-01	4.33e-02	1.85e-05	0.00e+00	0.00e+00	0.00e+00	0.00e+00	0.00e+00	0.00e+00	9.57e-01	7.69e-08	4.08e-08
 6.39078e+22	9.57e-01	4.28e-02	1.84e-05	0.00e+00	0.00e+00	0.00e+00	0.00e+00	0.00e+00	0.00e+00	9.57e-01	7.68e-08	4.07e-08
 6.39385e+22	9.58e-01	4.23e-02	1.83e-05	0.00e+00	0.00e+00	0.00e+00	0.00e+00	0.00e+00	0.00e+00	9.58e-01	7.65e-08	4.06e-08
 6.39665e+22	9.58e-01	4.20e-02	1.82e-05	0.00e+00	0.00e+00	0.00e+00	0.00e+00	0.00e+00	0.00e+00	9.58e-01	7.64e-08	4.05e-08
 6.39971e+22	9.59e-01	4.15e-02	1.81e-05	0.00e+00	0.00e+00	0.00e+00	0.00e+00	0.00e+00	0.00e+00	9.59e-01	7.61e-08	4.05e-08
 6.40369e+22	9.59e-01	4.08e-02	1.79e-05	0.00e+00	0.00e+00	0.00e+00	0.00e+00	0.00e+00	0.00e+00	9.59e-01	7.58e-08	4.03e-08
 6.40799e+22	9.60e-01	4.00e-02	1.78e-05	0.00e+00	0.00e+00	0.00e+00	0.00e+00	0.00e+00	0.00e+00	9.60e-01	7.54e-08	4.02e-08
 6.41190e+22	9.61e-01	3.94e-02	1.77e-05	0.00e+00	0.00e+00	0.00e+00	0.00e+00	0.00e+00	0.00e+00	9.61e-01	7.51e-08	4.00e-08
 6.41546e+22	9.61e-01	3.89e-02	1.75e-05	0.00e+00	0.00e+00	0.00e+00	0.00e+00	0.00e+00	0.00e+00	9.61e-01	7.48e-08	3.99e-08
 6.41870e+22	9.62e-01	3.84e-02	1.74e-05	0.00e+00	0.00e+00	0.00e+00	0.00e+00	0.00e+00	0.00e+00	9.62e-01	7.46e-08	3.98e-08
 6.42164e+22	9.62e-01	3.80e-02	1.73e-05	0.00e+00	0.00e+00	0.00e+00	0.00e+00	0.00e+00	0.00e+00	9.62e-01	7.44e-08	3.97e-08
 6.42487e+22	9.63e-01	3.74e-02	1.72e-05	0.00e+00	0.00e+00	0.00e+00	0.00e+00	0.00e+00	0.00e+00	9.63e-01	7.41e-08	3.96e-08
 6.42836e+22	9.63e-01	3.69e-02	1.71e-05	0.00e+00	0.00e+00	0.00e+00	0.00e+00	0.00e+00	0.00e+00	9.63e-01	7.39e-08	3.95e-08
 6.43153e+22	9.63e-01	3.65e-02	1.70e-05	0.00e+00	0.00e+00	0.00e+00	0.00e+00	0.00e+00	0.00e+00	9.63e-01	7.37e-08	3.94e-08
 6.43442e+22	9.64e-01	3.62e-02	1.69e-05	0.00e+00	0.00e+00	0.00e+00	0.00e+00	0.00e+00	0.00e+00	9.64e-01	7.37e-08	3.94e-08
 6.43758e+22	9.64e-01	3.58e-02	1.68e-05	0.00e+00	0.00e+00	0.00e+00	0.00e+00	0.00e+00	0.00e+00	9.64e-01	7.35e-08	3.94e-08
 6.44100e+22	9.65e-01	3.54e-02	1.66e-05	0.00e+00	0.00e+00	0.00e+00	0.00e+00	0.00e+00	0.00e+00	9.65e-01	7.34e-08	3.93e-08
 6.44474e+22	9.65e-01	3.48e-02	1.65e-05	0.00e+00	0.00e+00	0.00e+00	0.00e+00	0.00e+00	0.00e+00	9.65e-01	7.33e-08	3.92e-08
 6.44878e+22	9.66e-01	3.43e-02	1.63e-05	0.00e+00	0.00e+00	0.00e+00	0.00e+00	0.00e+00	0.00e+00	9.66e-01	7.31e-08	3.92e-08
 6.45246e+22	9.66e-01	3.38e-02	1.62e-05	0.00e+00	0.00e+00	0.00e+00	0.00e+00	0.00e+00	0.00e+00	9.66e-01	7.30e-08	3.91e-08
 6.45649e+22	9.67e-01	3.33e-02	1.60e-05	0.00e+00	0.00e+00	0.00e+00	0.00e+00	0.00e+00	0.00e+00	9.67e-01	7.29e-08	3.90e-08
 6.46084e+22	9.67e-01	3.27e-02	1.58e-05	0.00e+00	0.00e+00	0.00e+00	0.00e+00	0.00e+00	0.00e+00	9.67e-01	7.27e-08	3.89e-08
 6.46480e+22	9.68e-01	3.23e-02	1.57e-05	0.00e+00	0.00e+00	0.00e+00	0.00e+00	0.00e+00	0.00e+00	9.68e-01	7.26e-08	3.89e-08
 6.46840e+22	9.68e-01	3.19e-02	1.56e-05	0.00e+00	0.00e+00	0.00e+00	0.00e+00	0.00e+00	0.00e+00	9.68e-01	7.24e-08	3.88e-08
 6.47167e+22	9.68e-01	3.16e-02	1.55e-05	0.00e+00	0.00e+00	0.00e+00	0.00e+00	0.00e+00	0.00e+00	9.68e-01	7.23e-08	3.87e-08
 6.47527e+22	9.69e-01	3.11e-02	1.53e-05	0.00e+00	0.00e+00	0.00e+00	0.00e+00	0.00e+00	0.00e+00	9.69e-01	7.22e-08	3.87e-08
 6.47994e+22	9.69e-01	3.05e-02	1.51e-05	0.00e+00	0.00e+00	0.00e+00	0.00e+00	0.00e+00	0.00e+00	9.69e-01	7.20e-08	3.85e-08
 6.48498e+22	9.70e-01	2.98e-02	1.48e-05	0.00e+00	0.00e+00	0.00e+00	0.00e+00	0.00e+00	0.00e+00	9.70e-01	7.18e-08	3.84e-08
 6.48956e+22	9.71e-01	2.93e-02	1.46e-05	0.00e+00	0.00e+00	0.00e+00	0.00e+00	0.00e+00	0.00e+00	9.71e-01	7.16e-08	3.83e-08
 6.49374e+22	9.71e-01	2.88e-02	1.44e-05	0.00e+00	0.00e+00	0.00e+00	0.00e+00	0.00e+00	0.00e+00	9.71e-01	7.15e-08	3.82e-08
 6.49754e+22	9.72e-01	2.84e-02	1.43e-05	0.00e+00	0.00e+00	0.00e+00	0.00e+00	0.00e+00	0.00e+00	9.72e-01	7.13e-08	3.81e-08
 6.50099e+22	9.72e-01	2.80e-02	1.41e-05	0.00e+00	0.00e+00	0.00e+00	0.00e+00	0.00e+00	0.00e+00	9.72e-01	7.12e-08	3.80e-08
 6.50414e+22	9.72e-01	2.77e-02	1.40e-05	0.00e+00	0.00e+00	0.00e+00	0.00e+00	0.00e+00	0.00e+00	9.72e-01	7.09e-08	3.78e-08
 6.50700e+22	9.73e-01	2.75e-02	1.39e-05	0.00e+00	0.00e+00	0.00e+00	0.00e+00	0.00e+00	0.00e+00	9.73e-01	7.09e-08	3.77e-08
 6.51014e+22	9.73e-01	2.71e-02	1.38e-05	0.00e+00	0.00e+00	0.00e+00	0.00e+00	0.00e+00	0.00e+00	9.73e-01	7.08e-08	3.77e-08
 6.51422e+22	9.73e-01	2.65e-02	1.36e-05	0.00e+00	0.00e+00	0.00e+00	0.00e+00	0.00e+00	0.00e+00	9.73e-01	7.06e-08	3.75e-08
 6.51862e+22	9.74e-01	2.61e-02	1.34e-05	0.00e+00	0.00e+00	0.00e+00	0.00e+00	0.00e+00	0.00e+00	9.74e-01	7.04e-08	3.74e-08
 6.52262e+22	9.74e-01	2.57e-02	1.33e-05	0.00e+00	0.00e+00	0.00e+00	0.00e+00	0.00e+00	0.00e+00	9.74e-01	7.03e-08	3.73e-08
 6.52627e+22	9.75e-01	2.53e-02	1.31e-05	0.00e+00	0.00e+00	0.00e+00	0.00e+00	0.00e+00	0.00e+00	9.75e-01	7.01e-08	3.71e-08
 6.52959e+22	9.75e-01	2.50e-02	1.30e-05	0.00e+00	0.00e+00	0.00e+00	0.00e+00	0.00e+00	0.00e+00	9.75e-01	7.00e-08	3.70e-08
 6.53322e+22	9.75e-01	2.46e-02	1.29e-05	0.00e+00	0.00e+00	0.00e+00	0.00e+00	0.00e+00	0.00e+00	9.75e-01	6.99e-08	3.69e-08
 6.53715e+22	9.76e-01	2.42e-02	1.27e-05	0.00e+00	0.00e+00	0.00e+00	0.00e+00	0.00e+00	0.00e+00	9.76e-01	6.97e-08	3.68e-08
 6.54072e+22	9.76e-01	2.39e-02	1.26e-05	0.00e+00	0.00e+00	0.00e+00	0.00e+00	0.00e+00	0.00e+00	9.76e-01	6.96e-08	3.66e-08
 6.54397e+22	9.76e-01	2.35e-02	1.25e-05	0.00e+00	0.00e+00	0.00e+00	0.00e+00	0.00e+00	0.00e+00	9.76e-01	6.91e-08	3.64e-08
 6.54693e+22	9.77e-01	2.34e-02	1.24e-05	0.00e+00	0.00e+00	0.00e+00	0.00e+00	0.00e+00	0.00e+00	9.77e-01	6.90e-08	3.63e-08
 6.55017e+22	9.77e-01	2.31e-02	1.23e-05	0.00e+00	0.00e+00	0.00e+00	0.00e+00	0.00e+00	0.00e+00	9.77e-01	6.84e-08	3.61e-08
 6.55438e+22	9.77e-01	2.27e-02	1.22e-05	0.00e+00	0.00e+00	0.00e+00	0.00e+00	0.00e+00	0.00e+00	9.77e-01	6.78e-08	3.57e-08
 6.55893e+22	9.78e-01	2.23e-02	1.20e-05	0.00e+00	0.00e+00	0.00e+00	0.00e+00	0.00e+00	0.00e+00	9.78e-01	6.71e-08	3.54e-08
 6.56307e+22	9.78e-01	2.20e-02	1.19e-05	0.00e+00	0.00e+00	0.00e+00	0.00e+00	0.00e+00	0.00e+00	9.78e-01	6.67e-08	3.52e-08
 6.56760e+22	9.78e-01	2.16e-02	1.18e-05	0.00e+00	0.00e+00	0.00e+00	0.00e+00	0.00e+00	0.00e+00	9.78e-01	6.60e-08	3.48e-08
 6.57250e+22	9.79e-01	2.12e-02	1.16e-05	0.00e+00	0.00e+00	0.00e+00	0.00e+00	0.00e+00	0.00e+00	9.79e-01	6.54e-08	3.44e-08
 6.57695e+22	9.79e-01	2.09e-02	1.15e-05	0.00e+00	0.00e+00	0.00e+00	0.00e+00	0.00e+00	0.00e+00	9.79e-01	6.49e-08	3.40e-08
 6.58184e+22	9.79e-01	2.05e-02	1.14e-05	0.00e+00	0.00e+00	0.00e+00	0.00e+00	0.00e+00	0.00e+00	9.79e-01	6.42e-08	3.36e-08
 6.58711e+22	9.80e-01	2.01e-02	1.12e-05	0.00e+00	0.00e+00	0.00e+00	0.00e+00	0.00e+00	0.00e+00	9.80e-01	6.36e-08	3.31e-08
 6.59190e+22	9.80e-01	1.98e-02	1.11e-05	0.00e+00	0.00e+00	0.00e+00	0.00e+00	0.00e+00	0.00e+00	9.80e-01	6.30e-08	3.28e-08
 6.59627e+22	9.81e-01	1.94e-02	1.10e-05	0.00e+00	0.00e+00	0.00e+00	0.00e+00	0.00e+00	0.00e+00	9.81e-01	6.23e-08	3.23e-08
 6.60024e+22	9.81e-01	1.93e-02	1.09e-05	0.00e+00	0.00e+00	0.00e+00	0.00e+00	0.00e+00	0.00e+00	9.81e-01	6.20e-08	3.20e-08
 6.60459e+22	9.81e-01	1.89e-02	1.08e-05	0.00e+00	0.00e+00	0.00e+00	0.00e+00	0.00e+00	0.00e+00	9.81e-01	6.16e-08	3.18e-08
 6.61025e+22	9.81e-01	1.85e-02	1.06e-05	0.00e+00	0.00e+00	0.00e+00	0.00e+00	0.00e+00	0.00e+00	9.81e-01	6.09e-08	3.13e-08
 6.61636e+22	9.82e-01	1.81e-02	1.05e-05	0.00e+00	0.00e+00	0.00e+00	0.00e+00	0.00e+00	0.00e+00	9.82e-01	6.03e-08	3.09e-08
 6.62192e+22	9.82e-01	1.77e-02	1.04e-05	0.00e+00	0.00e+00	0.00e+00	0.00e+00	0.00e+00	0.00e+00	9.82e-01	5.95e-08	3.04e-08
 6.62698e+22	9.83e-01	1.74e-02	1.02e-05	0.00e+00	0.00e+00	0.00e+00	0.00e+00	0.00e+00	0.00e+00	9.83e-01	5.89e-08	3.00e-08
 6.63158e+22	9.83e-01	1.72e-02	1.01e-05	0.00e+00	0.00e+00	0.00e+00	0.00e+00	0.00e+00	0.00e+00	9.83e-01	5.83e-08	2.96e-08
 6.63662e+22	9.83e-01	1.69e-02	1.00e-05	0.00e+00	0.00e+00	0.00e+00	0.00e+00	0.00e+00	0.00e+00	9.83e-01	5.76e-08	2.92e-08
 6.64207e+22	9.83e-01	1.65e-02	9.91e-06	0.00e+00	0.00e+00	0.00e+00	0.00e+00	0.00e+00	0.00e+00	9.83e-01	5.69e-08	2.87e-08
 6.64703e+22	9.84e-01	1.62e-02	9.80e-06	0.00e+00	0.00e+00	0.00e+00	0.00e+00	0.00e+00	0.00e+00	9.84e-01	5.60e-08	2.82e-08
 6.65154e+22	9.84e-01	1.60e-02	9.72e-06	0.00e+00	0.00e+00	0.00e+00	0.00e+00	0.00e+00	0.00e+00	9.84e-01	5.58e-08	2.80e-08
 6.65648e+22	9.84e-01	1.57e-02	9.61e-06	0.00e+00	0.00e+00	0.00e+00	0.00e+00	0.00e+00	0.00e+00	9.84e-01	5.51e-08	2.76e-08
 6.66181e+22	9.85e-01	1.54e-02	9.50e-06	0.00e+00	0.00e+00	0.00e+00	0.00e+00	0.00e+00	0.00e+00	9.85e-01	5.44e-08	2.71e-08
 6.66667e+22	9.85e-01	1.52e-02	9.42e-06	0.00e+00	0.00e+00	0.00e+00	0.00e+00	0.00e+00	0.00e+00	9.85e-01	5.40e-08	2.68e-08
 6.67199e+22	9.85e-01	1.49e-02	9.30e-06	0.00e+00	0.00e+00	0.00e+00	0.00e+00	0.00e+00	0.00e+00	9.85e-01	5.31e-08	2.63e-08
 6.67773e+22	9.85e-01	1.46e-02	9.19e-06	0.00e+00	0.00e+00	0.00e+00	0.00e+00	0.00e+00	0.00e+00	9.85e-01	5.24e-08	2.58e-08
 6.68296e+22	9.86e-01	1.43e-02	9.09e-06	0.00e+00	0.00e+00	0.00e+00	0.00e+00	0.00e+00	0.00e+00	9.86e-01	5.16e-08	2.53e-08
 6.68771e+22	9.86e-01	1.41e-02	9.02e-06	0.00e+00	0.00e+00	0.00e+00	0.00e+00	0.00e+00	0.00e+00	9.86e-01	5.14e-08	2.51e-08
 6.69292e+22	9.86e-01	1.39e-02	8.92e-06	0.00e+00	0.00e+00	0.00e+00	0.00e+00	0.00e+00	0.00e+00	9.86e-01	5.07e-08	2.47e-08
 6.69855e+22	9.86e-01	1.36e-02	8.81e-06	0.00e+00	0.00e+00	0.00e+00	0.00e+00	0.00e+00	0.00e+00	9.86e-01	4.99e-08	2.42e-08
 6.70367e+22	9.87e-01	1.34e-02	8.74e-06	0.00e+00	0.00e+00	0.00e+00	0.00e+00	0.00e+00	0.00e+00	9.87e-01	4.96e-08	2.40e-08
 6.70928e+22	9.87e-01	1.31e-02	8.63e-06	0.00e+00	0.00e+00	0.00e+00	0.00e+00	0.00e+00	0.00e+00	9.87e-01	4.90e-08	2.36e-08
 6.71534e+22	9.87e-01	1.28e-02	8.53e-06	0.00e+00	0.00e+00	0.00e+00	0.00e+00	0.00e+00	0.00e+00	9.87e-01	4.82e-08	2.32e-08
 6.72085e+22	9.87e-01	1.26e-02	8.45e-06	0.00e+00	0.00e+00	0.00e+00	0.00e+00	0.00e+00	0.00e+00	9.87e-01	4.79e-08	2.30e-08
 6.72689e+22	9.88e-01	1.24e-02	8.34e-06	0.00e+00	0.00e+00	0.00e+00	0.00e+00	0.00e+00	0.00e+00	9.88e-01	4.73e-08	2.26e-08
 6.73341e+22	9.88e-01	1.21e-02	8.25e-06	0.00e+00	0.00e+00	0.00e+00	0.00e+00	0.00e+00	0.00e+00	9.88e-01	4.67e-08	2.22e-08
 6.73934e+22	9.88e-01	1.19e-02	8.16e-06	0.00e+00	0.00e+00	0.00e+00	0.00e+00	0.00e+00	0.00e+00	9.88e-01	4.61e-08	2.18e-08
 6.74474e+22	9.88e-01	1.17e-02	8.08e-06	0.00e+00	0.00e+00	0.00e+00	0.00e+00	0.00e+00	0.00e+00	9.88e-01	4.57e-08	2.15e-08
 6.75066e+22	9.89e-01	1.15e-02	7.99e-06	0.00e+00	0.00e+00	0.00e+00	0.00e+00	0.00e+00	0.00e+00	9.89e-01	4.51e-08	2.10e-08
 6.75704e+22	9.89e-01	1.12e-02	7.89e-06	0.00e+00	0.00e+00	0.00e+00	0.00e+00	0.00e+00	0.00e+00	9.89e-01	4.44e-08	2.05e-08
 6.76286e+22	9.89e-01	1.10e-02	7.82e-06	0.00e+00	0.00e+00	0.00e+00	0.00e+00	0.00e+00	0.00e+00	9.89e-01	4.41e-08	2.03e-08
 6.76923e+22	9.89e-01	1.08e-02	7.72e-06	0.00e+00	0.00e+00	0.00e+00	0.00e+00	0.00e+00	0.00e+00	9.89e-01	4.34e-08	1.99e-08
 6.77610e+22	9.89e-01	1.05e-02	7.62e-06	0.00e+00	0.00e+00	0.00e+00	0.00e+00	0.00e+00	0.00e+00	9.89e-01	4.26e-08	1.94e-08
 6.78236e+22	9.90e-01	1.03e-02	7.55e-06	0.00e+00	0.00e+00	0.00e+00	0.00e+00	0.00e+00	0.00e+00	9.90e-01	4.22e-08	1.92e-08
 6.78922e+22	9.90e-01	1.01e-02	7.45e-06	0.00e+00	0.00e+00	0.00e+00	0.00e+00	0.00e+00	0.00e+00	9.90e-01	4.16e-08	1.88e-08
 6.79662e+22	9.90e-01	9.83e-03	7.35e-06	0.00e+00	0.00e+00	0.00e+00	0.00e+00	0.00e+00	0.00e+00	9.90e-01	4.08e-08	1.83e-08
 6.80336e+22	9.90e-01	9.67e-03	7.27e-06	0.00e+00	0.00e+00	0.00e+00	0.00e+00	0.00e+00	0.00e+00	9.90e-01	4.04e-08	1.81e-08
 6.81074e+22	9.91e-01	9.44e-03	7.17e-06	0.00e+00	0.00e+00	0.00e+00	0.00e+00	0.00e+00	0.00e+00	9.91e-01	3.98e-08	1.77e-08
 6.81871e+22	9.91e-01	9.20e-03	7.08e-06	0.00e+00	0.00e+00	0.00e+00	0.00e+00	0.00e+00	0.00e+00	9.91e-01	3.92e-08	1.73e-08
 6.82596e+22	9.91e-01	9.00e-03	7.00e-06	0.00e+00	0.00e+00	0.00e+00	0.00e+00	0.00e+00	0.00e+00	9.91e-01	3.86e-08	1.69e-08
 6.83256e+22	9.91e-01	8.84e-03	6.92e-06	0.00e+00	0.00e+00	0.00e+00	0.00e+00	0.00e+00	0.00e+00	9.91e-01	3.82e-08	1.67e-08
 6.83979e+22	9.91e-01	8.63e-03	6.83e-06	0.00e+00	0.00e+00	0.00e+00	0.00e+00	0.00e+00	0.00e+00	9.91e-01	3.76e-08	1.63e-08
 6.84760e+22	9.92e-01	8.39e-03	6.74e-06	0.00e+00	0.00e+00	0.00e+00	0.00e+00	0.00e+00	0.00e+00	9.92e-01	3.68e-08	1.59e-08
 6.85470e+22	9.92e-01	8.24e-03	6.67e-06	0.00e+00	0.00e+00	0.00e+00	0.00e+00	0.00e+00	0.00e+00	9.92e-01	3.65e-08	1.56e-08
 6.86248e+22	9.92e-01	8.04e-03	6.58e-06	0.00e+00	0.00e+00	0.00e+00	0.00e+00	0.00e+00	0.00e+00	9.92e-01	3.59e-08	1.53e-08
 6.87089e+22	9.92e-01	7.81e-03	6.49e-06	0.00e+00	0.00e+00	0.00e+00	0.00e+00	0.00e+00	0.00e+00	9.92e-01	3.52e-08	1.48e-08
 6.87854e+22	9.92e-01	7.66e-03	6.42e-06	0.00e+00	0.00e+00	0.00e+00	0.00e+00	0.00e+00	0.00e+00	9.92e-01	3.49e-08	1.46e-08
 6.88692e+22	9.93e-01	7.46e-03	6.32e-06	0.00e+00	0.00e+00	0.00e+00	0.00e+00	0.00e+00	0.00e+00	9.93e-01	3.43e-08	1.43e-08
 6.89597e+22	9.93e-01	7.23e-03	6.23e-06	0.00e+00	0.00e+00	0.00e+00	0.00e+00	0.00e+00	0.00e+00	9.93e-01	3.36e-08	1.38e-08
 6.90420e+22	9.93e-01	7.08e-03	6.16e-06	0.00e+00	0.00e+00	0.00e+00	0.00e+00	0.00e+00	0.00e+00	9.93e-01	3.33e-08	1.36e-08
 6.91322e+22	9.93e-01	6.88e-03	6.06e-06	0.00e+00	0.00e+00	0.00e+00	0.00e+00	0.00e+00	0.00e+00	9.93e-01	3.27e-08	1.32e-08
 6.92296e+22	9.93e-01	6.68e-03	5.97e-06	0.00e+00	0.00e+00	0.00e+00	0.00e+00	0.00e+00	0.00e+00	9.93e-01	3.22e-08	1.29e-08
 6.93182e+22	9.93e-01	6.51e-03	5.89e-06	0.00e+00	0.00e+00	0.00e+00	0.00e+00	0.00e+00	0.00e+00	9.93e-01	3.17e-08	1.26e-08
 6.93989e+22	9.94e-01	6.37e-03	5.82e-06	0.00e+00	0.00e+00	0.00e+00	0.00e+00	0.00e+00	0.00e+00	9.94e-01	3.12e-08	1.23e-08
 6.94873e+22	9.94e-01	6.21e-03	5.74e-06	0.00e+00	0.00e+00	0.00e+00	0.00e+00	0.00e+00	0.00e+00	9.94e-01	3.07e-08	1.20e-08
 6.95827e+22	9.94e-01	6.02e-03	5.66e-06	0.00e+00	0.00e+00	0.00e+00	0.00e+00	0.00e+00	0.00e+00	9.94e-01	3.01e-08	1.16e-08
 6.96695e+22	9.94e-01	5.89e-03	5.59e-06	0.00e+00	0.00e+00	0.00e+00	0.00e+00	0.00e+00	0.00e+00	9.94e-01	2.98e-08	1.14e-08
 6.97647e+22	9.94e-01	5.73e-03	5.50e-06	0.00e+00	0.00e+00	0.00e+00	0.00e+00	0.00e+00	0.00e+00	9.94e-01	2.93e-08	1.11e-08
 6.98674e+22	9.94e-01	5.56e-03	5.42e-06	0.00e+00	0.00e+00	0.00e+00	0.00e+00	0.00e+00	0.00e+00	9.94e-01	2.88e-08	1.08e-08
 6.99609e+22	9.95e-01	5.42e-03	5.34e-06	0.00e+00	0.00e+00	0.00e+00	0.00e+00	0.00e+00	0.00e+00	9.95e-01	2.83e-08	1.05e-08
 7.00633e+22	9.95e-01	5.26e-03	5.25e-06	0.00e+00	0.00e+00	0.00e+00	0.00e+00	0.00e+00	0.00e+00	9.95e-01	2.77e-08	1.02e-08
 7.01739e+22	9.95e-01	5.09e-03	5.17e-06	0.00e+00	0.00e+00	0.00e+00	0.00e+00	0.00e+00	0.00e+00	9.95e-01	2.73e-08	9.88e-09
 7.02745e+22	9.95e-01	4.95e-03	5.10e-06	0.00e+00	0.00e+00	0.00e+00	0.00e+00	0.00e+00	0.00e+00	9.95e-01	2.68e-08	9.58e-09
 7.03661e+22	9.95e-01	4.84e-03	5.03e-06	0.00e+00	0.00e+00	0.00e+00	0.00e+00	0.00e+00	0.00e+00	9.95e-01	2.64e-08	9.37e-09
 7.04664e+22	9.95e-01	4.56e-03	4.95e-06	0.00e+00	0.00e+00	0.00e+00	0.00e+00	0.00e+00	0.00e+00	9.95e-01	2.59e-08	9.06e-09
 7.05969e+22	9.96e-01	4.20e-03	4.84e-06	0.00e+00	0.00e+00	0.00e+00	0.00e+00	0.00e+00	0.00e+00	9.96e-01	2.52e-08	8.65e-09
 7.07456e+22	9.96e-01	3.97e-03	4.74e-06	0.00e+00	0.00e+00	0.00e+00	0.00e+00	0.00e+00	0.00e+00	9.96e-01	2.45e-08	8.25e-09
 7.08957e+22	9.96e-01	3.75e-03	4.63e-06	0.00e+00	0.00e+00	0.00e+00	0.00e+00	0.00e+00	0.00e+00	9.96e-01	2.39e-08	7.86e-09
 7.10473e+22	9.96e-01	3.54e-03	4.53e-06	0.00e+00	0.00e+00	0.00e+00	0.00e+00	0.00e+00	0.00e+00	9.96e-01	2.33e-08	7.48e-09
 7.12020e+22	9.97e-01	3.33e-03	4.43e-06	0.00e+00	0.00e+00	0.00e+00	0.00e+00	0.00e+00	0.00e+00	9.97e-01	2.26e-08	7.11e-09
 7.13593e+22	9.97e-01	3.13e-03	4.33e-06	0.00e+00	0.00e+00	0.00e+00	0.00e+00	0.00e+00	0.00e+00	9.97e-01	2.20e-08	6.75e-09
 7.15185e+22	9.97e-01	2.94e-03	4.23e-06	0.00e+00	0.00e+00	0.00e+00	0.00e+00	0.00e+00	0.00e+00	9.97e-01	2.14e-08	6.40e-09
 7.16794e+22	9.97e-01	2.75e-03	4.14e-06	0.00e+00	0.00e+00	0.00e+00	0.00e+00	0.00e+00	0.00e+00	9.97e-01	2.08e-08	6.06e-09
 7.18424e+22	9.97e-01	2.58e-03	4.04e-06	0.00e+00	0.00e+00	0.00e+00	0.00e+00	0.00e+00	0.00e+00	9.97e-01	2.01e-08	5.73e-09
 7.20073e+22	9.98e-01	2.41e-03	3.95e-06	0.00e+00	0.00e+00	0.00e+00	0.00e+00	0.00e+00	0.00e+00	9.98e-01	1.95e-08	5.42e-09
 7.21741e+22	9.98e-01	2.25e-03	3.86e-06	0.00e+00	0.00e+00	0.00e+00	0.00e+00	0.00e+00	0.00e+00	9.98e-01	1.89e-08	5.12e-09
 7.23427e+22	9.98e-01	2.09e-03	3.77e-06	0.00e+00	0.00e+00	0.00e+00	0.00e+00	0.00e+00	0.00e+00	9.98e-01	1.83e-08	4.84e-09
 7.25129e+22	9.98e-01	1.94e-03	3.68e-06	0.00e+00	0.00e+00	0.00e+00	0.00e+00	0.00e+00	0.00e+00	9.98e-01	1.77e-08	4.55e-09
 7.26850e+22	9.98e-01	1.80e-03	3.59e-06	0.00e+00	0.00e+00	0.00e+00	0.00e+00	0.00e+00	0.00e+00	9.98e-01	1.70e-08	4.28e-09
 7.28586e+22	9.98e-01	1.67e-03	3.50e-06	0.00e+00	0.00e+00	0.00e+00	0.00e+00	0.00e+00	0.00e+00	9.98e-01	1.64e-08	4.02e-09
 7.30336e+22	9.98e-01	1.54e-03	3.42e-06	0.00e+00	0.00e+00	0.00e+00	0.00e+00	0.00e+00	0.00e+00	9.98e-01	1.58e-08	3.76e-09
 7.32100e+22	9.99e-01	1.42e-03	3.34e-06	0.00e+00	0.00e+00	0.00e+00	0.00e+00	0.00e+00	0.00e+00	9.99e-01	1.53e-08	3.52e-09
 7.33879e+22	9.99e-01	1.31e-03	3.26e-06	0.00e+00	0.00e+00	0.00e+00	0.00e+00	0.00e+00	0.00e+00	9.99e-01	1.47e-08	3.28e-09
 7.35676e+22	9.99e-01	1.20e-03	3.18e-06	0.00e+00	0.00e+00	0.00e+00	0.00e+00	0.00e+00	0.00e+00	9.99e-01	1.41e-08	3.06e-09
 7.37490e+22	9.99e-01	1.10e-03	3.10e-06	0.00e+00	0.00e+00	0.00e+00	0.00e+00	0.00e+00	0.00e+00	9.99e-01	1.35e-08	2.84e-09
 7.39317e+22	9.99e-01	1.01e-03	3.02e-06	0.00e+00	0.00e+00	0.00e+00	0.00e+00	0.00e+00	0.00e+00	9.99e-01	1.30e-08	2.63e-09
 7.41159e+22	9.99e-01	9.22e-04	2.94e-06	0.00e+00	0.00e+00	0.00e+00	0.00e+00	0.00e+00	0.00e+00	9.99e-01	1.24e-08	2.44e-09
