#depth	Cl	Cl+	Cl+2	Cl+3	Cl+4	Cl+5	Cl+6	Cl+7	Cl+8	Cl+9	Cl+10	Cl+11	Cl+12	Cl+13	Cl+14	Cl+15	Cl+16	Cl+17
 4.62852e+21	2.43e-30	4.21e-17	2.18e-14	3.21e-12	1.00e-10	1.89e-09	3.94e-08	2.66e-05	1.54e-03	2.52e-02	1.12e-01	2.46e-01	2.67e-01	1.40e-01	8.01e-02	1.11e-01	1.63e-02	8.01e-04
 1.02325e+22	3.11e-28	3.51e-15	1.14e-12	9.58e-11	1.80e-09	2.02e-08	2.61e-07	1.12e-04	5.11e-03	6.71e-02	2.19e-01	3.17e-01	2.38e-01	8.41e-02	3.43e-02	3.28e-02	3.01e-03	9.25e-05
 1.16578e+22	1.91e-27	1.82e-14	5.04e-12	3.49e-10	5.51e-09	5.15e-08	5.62e-07	1.99e-04	7.98e-03	9.32e-02	2.65e-01	3.21e-01	2.07e-01	6.25e-02	2.25e-02	1.86e-02	1.41e-03	3.60e-05
 1.23325e+22	4.44e-27	3.88e-14	1.01e-11	6.39e-10	9.31e-09	8.02e-08	8.09e-07	2.61e-04	9.82e-03	1.08e-01	2.87e-01	3.19e-01	1.90e-01	5.34e-02	1.82e-02	1.40e-02	9.73e-04	2.26e-05
 1.26196e+22	5.64e-27	4.83e-14	1.23e-11	7.61e-10	1.08e-08	9.12e-08	8.98e-07	2.83e-04	1.04e-02	1.12e-01	2.93e-01	3.17e-01	1.85e-01	5.09e-02	1.71e-02	1.29e-02	8.71e-04	1.98e-05
 1.27626e+22	7.47e-27	6.18e-14	1.54e-11	9.29e-10	1.29e-08	1.06e-07	1.01e-06	3.10e-04	1.11e-02	1.18e-01	2.99e-01	3.15e-01	1.80e-01	4.82e-02	1.58e-02	1.17e-02	7.68e-04	1.69e-05
 1.29485e+22	1.09e-26	8.64e-14	2.09e-11	1.21e-09	1.63e-08	1.29e-07	1.19e-06	3.50e-04	1.22e-02	1.25e-01	3.08e-01	3.12e-01	1.72e-01	4.46e-02	1.43e-02	1.03e-02	6.46e-04	1.37e-05
 1.31346e+22	1.44e-26	1.11e-13	2.63e-11	1.49e-09	1.94e-08	1.50e-07	1.35e-06	3.84e-04	1.31e-02	1.31e-01	3.15e-01	3.09e-01	1.66e-01	4.20e-02	1.32e-02	9.27e-03	5.65e-04	1.16e-05
 1.33210e+22	2.08e-26	1.54e-13	3.54e-11	1.93e-09	2.44e-08	1.81e-07	1.58e-06	4.33e-04	1.43e-02	1.39e-01	3.23e-01	3.05e-01	1.59e-01	3.88e-02	1.19e-02	8.12e-03	4.76e-04	9.37e-06
 1.35135e+22	2.81e-26	2.01e-13	4.53e-11	2.40e-09	2.95e-08	2.13e-07	1.80e-06	4.78e-04	1.53e-02	1.45e-01	3.30e-01	3.02e-01	1.53e-01	3.63e-02	1.09e-02	7.26e-03	4.12e-04	7.85e-06
 1.37140e+22	4.16e-26	2.87e-13	6.24e-11	3.18e-09	3.76e-08	2.62e-07	2.14e-06	5.42e-04	1.68e-02	1.54e-01	3.38e-01	2.96e-01	1.44e-01	3.32e-02	9.73e-03	6.26e-03	3.40e-04	6.20e-06
 1.39163e+22	5.65e-26	3.77e-13	8.01e-11	3.96e-09	4.56e-08	3.08e-07	2.45e-06	5.99e-04	1.81e-02	1.62e-01	3.44e-01	2.92e-01	1.38e-01	3.09e-02	8.87e-03	5.56e-03	2.92e-04	5.14e-06
 1.41211e+22	8.35e-26	5.36e-13	1.10e-10	5.24e-09	5.82e-08	3.79e-07	2.90e-06	6.80e-04	1.98e-02	1.71e-01	3.52e-01	2.85e-01	1.30e-01	2.81e-02	7.87e-03	4.77e-03	2.39e-04	4.04e-06
 1.43292e+22	1.14e-25	7.11e-13	1.43e-10	6.58e-09	7.10e-08	4.48e-07	3.34e-06	7.53e-04	2.13e-02	1.79e-01	3.57e-01	2.80e-01	1.24e-01	2.59e-02	7.13e-03	4.21e-03	2.03e-04	3.31e-06
 1.45417e+22	1.72e-25	1.03e-12	2.00e-10	8.81e-09	9.17e-08	5.57e-07	3.99e-06	8.59e-04	2.33e-02	1.90e-01	3.64e-01	2.72e-01	1.16e-01	2.34e-02	6.25e-03	3.56e-03	1.64e-04	2.55e-06
 1.47418e+22	2.24e-25	1.31e-12	2.49e-10	1.07e-08	1.08e-07	6.42e-07	4.49e-06	9.37e-04	2.48e-02	1.97e-01	3.68e-01	2.67e-01	1.11e-01	2.18e-02	5.73e-03	3.19e-03	1.42e-04	2.14e-06
 1.49258e+22	3.19e-25	1.82e-12	3.33e-10	1.38e-08	1.35e-07	7.77e-07	5.25e-06	1.05e-03	2.69e-02	2.07e-01	3.74e-01	2.60e-01	1.04e-01	1.98e-02	5.09e-03	2.74e-03	1.17e-04	1.69e-06
 1.51123e+22	4.16e-25	2.32e-12	4.16e-10	1.67e-08	1.61e-07	8.98e-07	5.93e-06	1.15e-03	2.86e-02	2.14e-01	3.77e-01	2.54e-01	9.93e-02	1.84e-02	4.64e-03	2.44e-03	1.01e-04	1.41e-06
 1.53020e+22	5.97e-25	3.26e-12	5.63e-10	2.18e-08	2.03e-07	1.09e-06	6.99e-06	1.29e-03	3.10e-02	2.25e-01	3.82e-01	2.45e-01	9.27e-02	1.65e-02	4.09e-03	2.07e-03	8.19e-05	1.09e-06
 1.54923e+22	1.01e-24	4.19e-12	7.06e-10	2.65e-08	2.41e-07	1.27e-06	7.91e-06	1.41e-03	3.30e-02	2.33e-01	3.85e-01	2.39e-01	8.78e-02	1.52e-02	3.70e-03	1.83e-03	6.99e-05	9.02e-07
 1.56836e+22	1.44e-24	5.90e-12	9.57e-10	3.46e-08	3.05e-07	1.55e-06	9.36e-06	1.59e-03	3.58e-02	2.44e-01	3.88e-01	2.30e-01	8.14e-02	1.36e-02	3.24e-03	1.54e-03	5.62e-05	6.92e-07
 1.58766e+22	1.89e-24	7.64e-12	1.21e-09	4.23e-08	3.64e-07	1.81e-06	1.06e-05	1.75e-03	3.81e-02	2.53e-01	3.90e-01	2.23e-01	7.67e-02	1.25e-02	2.92e-03	1.35e-03	4.75e-05	5.64e-07
 1.60719e+22	2.68e-24	1.08e-11	1.64e-09	5.52e-08	4.62e-07	2.22e-06	1.27e-05	1.98e-03	4.14e-02	2.65e-01	3.93e-01	2.13e-01	7.06e-02	1.11e-02	2.53e-03	1.13e-03	3.77e-05	4.27e-07
 1.62699e+22	3.53e-24	1.41e-11	2.08e-09	6.81e-08	5.58e-07	2.62e-06	1.45e-05	2.18e-03	4.42e-02	2.75e-01	3.94e-01	2.05e-01	6.60e-02	1.00e-02	2.26e-03	9.73e-04	3.13e-05	3.41e-07
 1.64714e+22	4.99e-24	2.01e-11	2.83e-09	8.93e-08	7.13e-07	3.24e-06	1.74e-05	2.48e-03	4.81e-02	2.88e-01	3.95e-01	1.95e-01	6.02e-02	8.78e-03	1.94e-03	8.00e-04	2.44e-05	2.52e-07
 1.66756e+22	6.53e-24	2.65e-11	3.61e-09	1.11e-07	8.66e-07	3.84e-06	2.02e-05	2.75e-03	5.15e-02	2.98e-01	3.95e-01	1.87e-01	5.58e-02	7.89e-03	1.71e-03	6.83e-04	2.00e-05	1.98e-07
 1.68468e+22	8.25e-24	3.38e-11	4.47e-09	1.34e-07	1.03e-06	4.47e-06	2.30e-05	3.01e-03	5.47e-02	3.08e-01	3.94e-01	1.79e-01	5.20e-02	7.14e-03	1.53e-03	5.91e-04	1.67e-05	1.59e-07
 1.70324e+22	1.11e-23	4.62e-11	5.89e-09	1.71e-07	1.29e-06	5.46e-06	2.74e-05	3.40e-03	5.92e-02	3.20e-01	3.93e-01	1.69e-01	4.72e-02	6.25e-03	1.31e-03	4.86e-04	1.30e-05	1.18e-07
 1.72188e+22	1.38e-23	5.87e-11	7.26e-09	2.06e-07	1.54e-06	6.38e-06	3.13e-05	3.74e-03	6.29e-02	3.30e-01	3.91e-01	1.62e-01	4.38e-02	5.62e-03	1.16e-03	4.17e-04	1.07e-05	0.00e+00
 1.73982e+22	1.77e-23	7.78e-11	9.30e-09	2.58e-07	1.90e-06	7.70e-06	3.70e-05	4.20e-03	6.77e-02	3.42e-01	3.88e-01	1.52e-01	3.98e-02	4.92e-03	1.00e-03	3.45e-04	8.47e-06	0.00e+00
 1.75819e+22	2.18e-23	9.89e-11	1.15e-08	3.13e-07	2.28e-06	9.07e-06	4.28e-05	4.65e-03	7.22e-02	3.52e-01	3.84e-01	1.44e-01	3.65e-02	4.37e-03	8.77e-04	2.92e-04	6.86e-06	0.00e+00
 1.77590e+22	2.68e-23	1.27e-10	1.43e-08	3.83e-07	2.77e-06	1.08e-05	5.00e-05	5.18e-03	7.73e-02	3.64e-01	3.80e-01	1.36e-01	3.31e-02	3.84e-03	7.59e-04	2.43e-04	5.45e-06	0.00e+00
 1.79388e+22	3.24e-23	1.60e-10	1.76e-08	4.65e-07	3.33e-06	1.28e-05	5.83e-05	5.75e-03	8.26e-02	3.74e-01	3.75e-01	1.28e-01	3.01e-02	3.38e-03	6.59e-04	2.03e-04	4.35e-06	0.00e+00
 1.81142e+22	3.86e-23	2.00e-10	2.14e-08	5.60e-07	3.99e-06	1.51e-05	6.78e-05	6.38e-03	8.80e-02	3.85e-01	3.70e-01	1.20e-01	2.74e-02	2.97e-03	5.71e-04	1.69e-04	3.47e-06	0.00e+00
 1.82868e+22	4.54e-23	2.46e-10	2.58e-08	6.70e-07	4.76e-06	1.78e-05	7.87e-05	7.07e-03	9.37e-02	3.95e-01	3.64e-01	1.12e-01	2.49e-02	2.61e-03	4.96e-04	1.41e-04	2.78e-06	0.00e+00
 1.84575e+22	5.27e-23	3.00e-10	3.08e-08	7.98e-07	5.66e-06	2.08e-05	9.13e-05	7.82e-03	9.97e-02	4.04e-01	3.57e-01	1.05e-01	2.25e-02	2.30e-03	4.30e-04	1.18e-04	2.22e-06	0.00e+00
 1.86266e+22	6.08e-23	3.62e-10	3.66e-08	9.45e-07	6.70e-06	2.44e-05	1.06e-04	8.64e-03	1.06e-01	4.13e-01	3.50e-01	9.86e-02	2.04e-02	2.02e-03	3.73e-04	9.87e-05	1.78e-06	0.00e+00
 1.87957e+22	6.93e-23	4.34e-10	4.33e-08	1.12e-06	7.92e-06	2.85e-05	1.22e-04	9.55e-03	1.12e-01	4.22e-01	3.43e-01	9.20e-02	1.85e-02	1.77e-03	3.22e-04	8.23e-05	1.42e-06	0.00e+00
 1.89653e+22	7.89e-23	5.15e-10	5.08e-08	1.31e-06	9.34e-06	3.32e-05	1.42e-04	1.05e-02	1.19e-01	4.31e-01	3.35e-01	8.58e-02	1.67e-02	1.55e-03	2.79e-04	6.86e-05	1.13e-06	0.00e+00
 1.91356e+22	8.92e-23	6.07e-10	5.95e-08	1.54e-06	1.10e-05	3.88e-05	1.64e-04	1.16e-02	1.26e-01	4.39e-01	3.27e-01	7.98e-02	1.50e-02	1.35e-03	2.40e-04	5.70e-05	8.99e-07	0.00e+00
 1.93073e+22	1.01e-22	7.11e-10	6.94e-08	1.80e-06	1.29e-05	4.51e-05	1.89e-04	1.28e-02	1.34e-01	4.46e-01	3.18e-01	7.42e-02	1.35e-02	1.18e-03	2.07e-04	4.74e-05	7.15e-07	0.00e+00
 1.94816e+22	1.14e-22	8.29e-10	8.08e-08	2.11e-06	1.52e-05	5.26e-05	2.20e-04	1.42e-02	1.41e-01	4.53e-01	3.09e-01	6.87e-02	1.22e-02	1.03e-03	1.78e-04	3.92e-05	5.66e-07	0.00e+00
 1.96593e+22	1.28e-22	9.61e-10	9.39e-08	2.47e-06	1.78e-05	6.12e-05	2.55e-04	1.57e-02	1.49e-01	4.59e-01	3.00e-01	6.36e-02	1.09e-02	8.95e-04	1.53e-04	3.24e-05	4.47e-07	0.00e+00
 1.98377e+22	1.45e-22	1.11e-09	1.09e-07	2.88e-06	2.09e-05	7.11e-05	2.94e-04	1.72e-02	1.58e-01	4.65e-01	2.90e-01	5.87e-02	9.78e-03	7.79e-04	1.31e-04	2.68e-05	3.54e-07	0.00e+00
 2.00201e+22	1.62e-22	1.28e-09	1.26e-07	3.36e-06	2.45e-05	8.29e-05	3.42e-04	1.91e-02	1.67e-01	4.70e-01	2.80e-01	5.41e-02	8.72e-03	6.74e-04	1.12e-04	2.20e-05	2.77e-07	0.00e+00
 2.02037e+22	1.84e-22	1.46e-09	1.45e-07	3.90e-06	2.86e-05	9.58e-05	3.94e-04	2.09e-02	1.75e-01	4.74e-01	2.70e-01	4.99e-02	7.81e-03	5.86e-04	9.58e-05	1.82e-05	2.20e-07	0.00e+00
 2.03922e+22	2.12e-22	1.67e-09	1.69e-07	4.57e-06	3.37e-05	1.12e-04	4.59e-04	2.32e-02	1.85e-01	4.78e-01	2.60e-01	4.56e-02	6.93e-03	5.04e-04	8.11e-05	1.48e-05	1.71e-07	0.00e+00
 2.05690e+22	2.40e-22	1.86e-09	1.91e-07	5.18e-06	3.83e-05	1.26e-04	5.17e-04	2.51e-02	1.93e-01	4.80e-01	2.52e-01	4.25e-02	6.30e-03	4.47e-04	7.10e-05	1.26e-05	1.40e-07	0.00e+00
 2.07494e+22	2.80e-22	2.12e-09	2.22e-07	6.08e-06	4.52e-05	1.48e-04	6.04e-04	2.78e-02	2.04e-01	4.83e-01	2.40e-01	3.87e-02	5.56e-03	3.82e-04	5.97e-05	1.02e-05	0.00e+00	0.00e+00
 2.09316e+22	3.20e-22	2.37e-09	2.52e-07	6.89e-06	5.13e-05	1.66e-04	6.78e-04	2.99e-02	2.12e-01	4.84e-01	2.32e-01	3.60e-02	5.06e-03	3.39e-04	5.24e-05	8.65e-06	0.00e+00	0.00e+00
 2.11163e+22	3.79e-22	2.71e-09	2.94e-07	8.09e-06	6.04e-05	1.94e-04	7.90e-04	3.31e-02	2.23e-01	4.85e-01	2.21e-01	3.27e-02	4.45e-03	2.89e-04	4.40e-05	6.98e-06	0.00e+00	0.00e+00
 2.13054e+22	4.41e-22	3.03e-09	3.34e-07	9.21e-06	6.87e-05	2.19e-04	8.88e-04	3.57e-02	2.31e-01	4.84e-01	2.13e-01	3.03e-02	4.03e-03	2.56e-04	3.84e-05	5.91e-06	0.00e+00	0.00e+00
 2.15000e+22	5.35e-22	3.48e-09	3.94e-07	1.09e-05	8.12e-05	2.56e-04	1.03e-03	3.94e-02	2.42e-01	4.84e-01	2.02e-01	2.74e-02	3.54e-03	2.17e-04	3.21e-05	4.74e-06	0.00e+00	0.00e+00
 2.16990e+22	6.30e-22	3.90e-09	4.50e-07	1.24e-05	9.28e-05	2.90e-04	1.17e-03	4.26e-02	2.52e-01	4.82e-01	1.94e-01	2.52e-02	3.18e-03	1.90e-04	2.77e-05	3.98e-06	0.00e+00	0.00e+00
 2.19039e+22	7.81e-22	4.52e-09	5.35e-07	1.48e-05	1.10e-04	3.39e-04	1.36e-03	4.70e-02	2.64e-01	4.79e-01	1.83e-01	2.26e-02	2.78e-03	1.61e-04	2.30e-05	3.17e-06	0.00e+00	0.00e+00
 2.21100e+22	9.27e-22	5.07e-09	6.13e-07	1.69e-05	1.25e-04	3.83e-04	1.54e-03	5.07e-02	2.73e-01	4.77e-01	1.74e-01	2.08e-02	2.49e-03	1.41e-04	1.99e-05	2.65e-06	0.00e+00	0.00e+00
 2.23179e+22	1.16e-21	5.87e-09	7.30e-07	2.01e-05	1.49e-04	4.48e-04	1.79e-03	5.58e-02	2.85e-01	4.72e-01	1.64e-01	1.86e-02	2.17e-03	1.18e-04	1.64e-05	2.10e-06	0.00e+00	0.00e+00
 2.25273e+22	1.40e-21	6.64e-09	8.41e-07	2.30e-05	1.69e-04	5.04e-04	2.01e-03	6.00e-02	2.94e-01	4.68e-01	1.56e-01	1.71e-02	1.95e-03	1.04e-04	1.42e-05	1.77e-06	0.00e+00	0.00e+00
 2.27384e+22	1.77e-21	7.73e-09	1.01e-06	2.73e-05	2.00e-04	5.88e-04	2.33e-03	6.58e-02	3.06e-01	4.62e-01	1.46e-01	1.53e-02	1.69e-03	8.74e-05	1.17e-05	1.40e-06	0.00e+00	0.00e+00
 2.29532e+22	2.16e-21	8.80e-09	1.17e-06	3.15e-05	2.29e-04	6.62e-04	2.61e-03	7.06e-02	3.15e-01	4.57e-01	1.39e-01	1.40e-02	1.51e-03	7.63e-05	1.01e-05	1.17e-06	0.00e+00	0.00e+00
 2.31726e+22	2.79e-21	1.04e-08	1.41e-06	3.77e-05	2.71e-04	7.73e-04	3.03e-03	7.74e-02	3.27e-01	4.49e-01	1.29e-01	1.24e-02	1.31e-03	6.37e-05	8.29e-06	9.20e-07	0.00e+00	0.00e+00
 2.33959e+22	3.45e-21	1.19e-08	1.65e-06	4.36e-05	3.10e-04	8.72e-04	3.39e-03	8.30e-02	3.36e-01	4.42e-01	1.22e-01	1.13e-02	1.17e-03	5.54e-05	7.09e-06	7.63e-07	0.00e+00	0.00e+00
 2.36243e+22	4.53e-21	1.42e-08	2.01e-06	5.26e-05	3.69e-04	1.02e-03	3.94e-03	9.08e-02	3.47e-01	4.33e-01	1.13e-01	9.97e-03	1.00e-03	4.60e-05	5.78e-06	5.96e-07	0.00e+00	0.00e+00
 2.38578e+22	5.70e-21	1.65e-08	2.38e-06	6.12e-05	4.24e-04	1.15e-03	4.42e-03	9.73e-02	3.56e-01	4.25e-01	1.06e-01	9.03e-03	8.86e-04	3.97e-05	4.91e-06	4.90e-07	0.00e+00	0.00e+00
 2.40544e+22	7.00e-21	1.88e-08	2.75e-06	7.00e-05	4.80e-04	1.28e-03	4.89e-03	1.03e-01	3.63e-01	4.17e-01	1.00e-01	8.26e-03	7.95e-04	3.48e-05	4.25e-06	4.12e-07	0.00e+00	0.00e+00
 2.42669e+22	9.08e-21	2.22e-08	3.32e-06	8.33e-05	5.62e-04	1.48e-03	5.58e-03	1.12e-01	3.73e-01	4.07e-01	9.31e-02	7.32e-03	6.88e-04	2.92e-05	3.51e-06	3.27e-07	0.00e+00	0.00e+00
 2.44801e+22	1.13e-20	2.57e-08	3.86e-06	9.55e-05	6.34e-04	1.64e-03	6.14e-03	1.18e-01	3.79e-01	3.99e-01	8.79e-02	6.70e-03	6.19e-04	2.56e-05	3.04e-06	2.76e-07	0.00e+00	0.00e+00
 2.46946e+22	1.48e-20	3.06e-08	4.67e-06	1.14e-04	7.42e-04	1.88e-03	6.98e-03	1.27e-01	3.88e-01	3.87e-01	8.12e-02	5.94e-03	5.35e-04	2.15e-05	2.51e-06	2.19e-07	0.00e+00	0.00e+00
 2.49075e+22	1.84e-20	3.54e-08	5.42e-06	1.30e-04	8.35e-04	2.08e-03	7.64e-03	1.34e-01	3.94e-01	3.79e-01	7.66e-02	5.43e-03	4.81e-04	1.89e-05	2.18e-06	1.85e-07	0.00e+00	0.00e+00
 2.51184e+22	2.42e-20	4.23e-08	6.56e-06	1.55e-04	9.72e-04	2.37e-03	8.63e-03	1.44e-01	4.01e-01	3.67e-01	7.07e-02	4.82e-03	4.17e-04	1.59e-05	1.80e-06	1.47e-07	0.00e+00	0.00e+00
 2.53317e+22	3.02e-20	4.92e-08	7.65e-06	1.77e-04	1.09e-03	2.63e-03	9.44e-03	1.51e-01	4.06e-01	3.58e-01	6.64e-02	4.39e-03	3.73e-04	1.39e-05	1.56e-06	0.00e+00	0.00e+00	0.00e+00
 2.55483e+22	4.03e-20	5.97e-08	9.32e-06	2.12e-04	1.27e-03	2.99e-03	1.06e-02	1.62e-01	4.12e-01	3.46e-01	6.11e-02	3.89e-03	3.23e-04	1.17e-05	1.28e-06	0.00e+00	0.00e+00	0.00e+00
 2.57688e+22	5.12e-20	7.00e-08	1.10e-05	2.44e-04	1.44e-03	3.32e-03	1.16e-02	1.70e-01	4.16e-01	3.36e-01	5.70e-02	3.52e-03	2.87e-04	1.02e-05	1.10e-06	0.00e+00	0.00e+00	0.00e+00
 2.59946e+22	6.95e-20	8.59e-08	1.35e-05	2.94e-04	1.69e-03	3.80e-03	1.31e-02	1.82e-01	4.21e-01	3.23e-01	5.21e-02	3.09e-03	2.46e-04	8.43e-06	8.98e-07	0.00e+00	0.00e+00	0.00e+00
 2.62220e+22	8.92e-20	1.02e-07	1.59e-05	3.39e-04	1.91e-03	4.21e-03	1.43e-02	1.90e-01	4.24e-01	3.13e-01	4.86e-02	2.80e-03	2.19e-04	7.34e-06	7.71e-07	0.00e+00	0.00e+00	0.00e+00
 2.64517e+22	1.22e-19	1.26e-07	1.96e-05	4.09e-04	2.23e-03	4.81e-03	1.61e-02	2.03e-01	4.27e-01	3.00e-01	4.41e-02	2.44e-03	1.86e-04	6.05e-06	6.25e-07	0.00e+00	0.00e+00	0.00e+00
 2.66836e+22	1.58e-19	1.50e-07	2.32e-05	4.74e-04	2.52e-03	5.32e-03	1.76e-02	2.12e-01	4.29e-01	2.89e-01	4.10e-02	2.20e-03	1.65e-04	5.24e-06	5.34e-07	0.00e+00	0.00e+00	0.00e+00
 2.69187e+22	2.19e-19	1.87e-07	2.88e-05	5.73e-04	2.96e-03	6.08e-03	1.97e-02	2.25e-01	4.31e-01	2.76e-01	3.70e-02	1.91e-03	1.40e-04	4.30e-06	4.31e-07	0.00e+00	0.00e+00	0.00e+00
 2.71591e+22	2.88e-19	2.27e-07	3.44e-05	6.68e-04	3.36e-03	6.75e-03	2.15e-02	2.35e-01	4.32e-01	2.65e-01	3.42e-02	1.71e-03	1.23e-04	3.70e-06	3.64e-07	0.00e+00	0.00e+00	0.00e+00
 2.74065e+22	4.08e-19	2.88e-07	4.32e-05	8.16e-04	3.96e-03	7.74e-03	2.42e-02	2.49e-01	4.31e-01	2.51e-01	3.06e-02	1.47e-03	1.03e-04	3.00e-06	2.90e-07	0.00e+00	0.00e+00	0.00e+00
 2.76589e+22	5.44e-19	3.52e-07	5.19e-05	9.56e-04	4.51e-03	8.60e-03	2.63e-02	2.60e-01	4.30e-01	2.40e-01	2.81e-02	1.31e-03	9.02e-05	2.55e-06	2.43e-07	0.00e+00	0.00e+00	0.00e+00
 2.79178e+22	7.88e-19	4.53e-07	6.58e-05	1.18e-03	5.34e-03	9.88e-03	2.96e-02	2.75e-01	4.28e-01	2.25e-01	2.49e-02	1.12e-03	7.48e-05	2.05e-06	1.91e-07	0.00e+00	0.00e+00	0.00e+00
 2.81788e+22	1.06e-18	5.57e-07	7.94e-05	1.38e-03	6.07e-03	1.10e-02	3.22e-02	2.86e-01	4.26e-01	2.14e-01	2.28e-02	9.90e-04	6.51e-05	1.74e-06	1.60e-07	0.00e+00	0.00e+00	0.00e+00
 2.84424e+22	1.55e-18	7.23e-07	1.01e-04	1.70e-03	7.18e-03	1.26e-02	3.60e-02	3.01e-01	4.21e-01	2.00e-01	2.01e-02	8.39e-04	5.37e-05	1.38e-06	1.25e-07	0.00e+00	0.00e+00	0.00e+00
 2.86932e+22	2.04e-18	8.72e-07	1.20e-04	1.97e-03	8.07e-03	1.38e-02	3.88e-02	3.11e-01	4.17e-01	1.90e-01	1.84e-02	7.47e-04	4.70e-05	1.18e-06	0.00e+00	0.00e+00	0.00e+00	0.00e+00
 2.89273e+22	2.83e-18	1.10e-06	1.47e-04	2.34e-03	9.27e-03	1.54e-02	4.23e-02	3.23e-01	4.12e-01	1.79e-01	1.65e-02	6.50e-04	4.00e-05	9.78e-07	0.00e+00	0.00e+00	0.00e+00	0.00e+00
 2.91775e+22	3.86e-18	1.36e-06	1.78e-04	2.76e-03	1.06e-02	1.71e-02	4.59e-02	3.34e-01	4.06e-01	1.69e-01	1.49e-02	5.69e-04	3.42e-05	8.16e-07	0.00e+00	0.00e+00	0.00e+00	0.00e+00
 2.94105e+22	3.57e-18	1.67e-06	2.13e-04	3.22e-03	1.19e-02	1.88e-02	4.96e-02	3.44e-01	3.99e-01	1.59e-01	1.34e-02	5.00e-04	2.95e-05	6.86e-07	0.00e+00	0.00e+00	0.00e+00	0.00e+00
 2.96294e+22	4.67e-18	2.01e-06	2.52e-04	3.71e-03	1.33e-02	2.06e-02	5.31e-02	3.53e-01	3.93e-01	1.50e-01	1.22e-02	4.43e-04	2.57e-05	5.83e-07	0.00e+00	0.00e+00	0.00e+00	0.00e+00
 2.98367e+22	6.09e-18	2.42e-06	2.97e-04	4.26e-03	1.48e-02	2.24e-02	5.67e-02	3.62e-01	3.86e-01	1.42e-01	1.11e-02	3.93e-04	2.24e-05	4.97e-07	0.00e+00	0.00e+00	0.00e+00	0.00e+00
 3.00749e+22	8.64e-18	3.08e-06	3.65e-04	5.08e-03	1.70e-02	2.49e-02	6.15e-02	3.72e-01	3.77e-01	1.32e-01	9.84e-03	3.38e-04	1.88e-05	4.05e-07	0.00e+00	0.00e+00	0.00e+00	0.00e+00
 3.03173e+22	1.14e-17	3.73e-06	4.32e-04	5.85e-03	1.90e-02	2.72e-02	6.56e-02	3.80e-01	3.68e-01	1.24e-01	8.88e-03	2.97e-04	1.62e-05	3.41e-07	0.00e+00	0.00e+00	0.00e+00	0.00e+00
 3.05652e+22	1.62e-17	4.76e-06	5.34e-04	6.98e-03	2.18e-02	3.02e-02	7.09e-02	3.90e-01	3.58e-01	1.14e-01	7.81e-03	2.53e-04	1.35e-05	2.76e-07	0.00e+00	0.00e+00	0.00e+00	0.00e+00
 3.08192e+22	2.21e-17	5.86e-06	6.39e-04	8.12e-03	2.44e-02	3.30e-02	7.57e-02	3.97e-01	3.47e-01	1.06e-01	6.96e-03	2.20e-04	1.15e-05	2.29e-07	0.00e+00	0.00e+00	0.00e+00	0.00e+00
 3.10432e+22	2.94e-17	7.13e-06	7.57e-04	9.34e-03	2.72e-02	3.58e-02	8.04e-02	4.04e-01	3.37e-01	9.89e-02	6.23e-03	1.92e-04	9.81e-06	1.91e-07	0.00e+00	0.00e+00	0.00e+00	0.00e+00
 3.12965e+22	4.22e-17	9.11e-06	9.33e-04	1.11e-02	3.10e-02	3.96e-02	8.63e-02	4.11e-01	3.25e-01	9.04e-02	5.43e-03	1.62e-04	8.09e-06	1.53e-07	0.00e+00	0.00e+00	0.00e+00	0.00e+00
 3.15613e+22	5.86e-17	1.13e-05	1.12e-03	1.30e-02	3.47e-02	4.32e-02	9.18e-02	4.16e-01	3.12e-01	8.30e-02	4.77e-03	1.39e-04	6.77e-06	1.25e-07	0.00e+00	0.00e+00	0.00e+00	0.00e+00
 3.18020e+22	7.97e-17	1.39e-05	1.34e-03	1.50e-02	3.87e-02	4.69e-02	9.71e-02	4.20e-01	3.01e-01	7.64e-02	4.21e-03	1.20e-04	5.71e-06	0.00e+00	0.00e+00	0.00e+00	0.00e+00	0.00e+00
 3.20755e+22	1.17e-16	1.81e-05	1.67e-03	1.79e-02	4.42e-02	5.18e-02	1.04e-01	4.23e-01	2.85e-01	6.85e-02	3.59e-03	9.89e-05	4.58e-06	0.00e+00	0.00e+00	0.00e+00	0.00e+00	0.00e+00
 3.23560e+22	1.66e-16	2.26e-05	2.01e-03	2.09e-02	4.94e-02	5.63e-02	1.10e-01	4.25e-01	2.71e-01	6.21e-02	3.11e-03	8.35e-05	3.78e-06	0.00e+00	0.00e+00	0.00e+00	0.00e+00	0.00e+00
 3.26046e+22	2.28e-16	2.78e-05	2.39e-03	2.40e-02	5.48e-02	6.07e-02	1.15e-01	4.25e-01	2.58e-01	5.65e-02	2.71e-03	7.10e-05	3.14e-06	0.00e+00	0.00e+00	0.00e+00	0.00e+00	0.00e+00
 3.28868e+22	3.39e-16	3.61e-05	2.97e-03	2.86e-02	6.21e-02	6.65e-02	1.22e-01	4.24e-01	2.42e-01	4.98e-02	2.27e-03	5.78e-05	2.48e-06	0.00e+00	0.00e+00	0.00e+00	0.00e+00	0.00e+00
 3.31780e+22	4.89e-16	4.52e-05	3.58e-03	3.32e-02	6.91e-02	7.17e-02	1.28e-01	4.21e-01	2.27e-01	4.45e-02	1.93e-03	4.80e-05	2.01e-06	0.00e+00	0.00e+00	0.00e+00	0.00e+00	0.00e+00
 3.34387e+22	6.80e-16	5.58e-05	4.26e-03	3.82e-02	7.61e-02	7.68e-02	1.33e-01	4.17e-01	2.13e-01	3.98e-02	1.66e-03	4.01e-05	1.64e-06	0.00e+00	0.00e+00	0.00e+00	0.00e+00	0.00e+00
 3.37354e+22	1.04e-15	7.27e-05	5.28e-03	4.52e-02	8.57e-02	8.34e-02	1.40e-01	4.09e-01	1.96e-01	3.44e-02	1.36e-03	3.19e-05	1.26e-06	0.00e+00	0.00e+00	0.00e+00	0.00e+00	0.00e+00
 3.40355e+22	1.52e-15	9.03e-05	6.31e-03	5.20e-02	9.42e-02	8.90e-02	1.45e-01	4.01e-01	1.81e-01	3.02e-02	1.14e-03	2.61e-05	1.00e-06	0.00e+00	0.00e+00	0.00e+00	0.00e+00	0.00e+00
 3.42982e+22	2.09e-15	1.11e-04	7.44e-03	5.91e-02	1.03e-01	9.43e-02	1.49e-01	3.92e-01	1.68e-01	2.67e-02	9.62e-04	2.15e-05	8.07e-07	0.00e+00	0.00e+00	0.00e+00	0.00e+00	0.00e+00
 3.45982e+22	3.26e-15	1.43e-04	9.12e-03	6.91e-02	1.14e-01	1.01e-01	1.54e-01	3.79e-01	1.51e-01	2.26e-02	7.74e-04	1.68e-05	6.11e-07	0.00e+00	0.00e+00	0.00e+00	0.00e+00	0.00e+00
 3.49051e+22	4.93e-15	1.77e-04	1.08e-02	7.86e-02	1.24e-01	1.06e-01	1.57e-01	3.66e-01	1.38e-01	1.95e-02	6.38e-04	1.35e-05	4.77e-07	0.00e+00	0.00e+00	0.00e+00	0.00e+00	0.00e+00
 3.51783e+22	7.00e-15	2.16e-04	1.27e-02	8.85e-02	1.33e-01	1.11e-01	1.59e-01	3.52e-01	1.25e-01	1.69e-02	5.28e-04	1.09e-05	3.76e-07	0.00e+00	0.00e+00	0.00e+00	0.00e+00	0.00e+00
 3.54906e+22	1.11e-14	2.77e-04	1.54e-02	1.02e-01	1.46e-01	1.17e-01	1.61e-01	3.33e-01	1.10e-01	1.39e-02	4.13e-04	8.32e-06	2.76e-07	0.00e+00	0.00e+00	0.00e+00	0.00e+00	0.00e+00
 3.58098e+22	1.79e-14	3.40e-04	1.81e-02	1.15e-01	1.56e-01	1.22e-01	1.62e-01	3.16e-01	9.81e-02	1.18e-02	3.32e-04	6.53e-06	2.10e-07	0.00e+00	0.00e+00	0.00e+00	0.00e+00	0.00e+00
 3.60923e+22	2.64e-14	4.12e-04	2.10e-02	1.28e-01	1.66e-01	1.26e-01	1.62e-01	2.99e-01	8.75e-02	9.94e-03	2.69e-04	5.17e-06	1.61e-07	0.00e+00	0.00e+00	0.00e+00	0.00e+00	0.00e+00
 3.63684e+22	3.90e-14	4.96e-04	2.42e-02	1.41e-01	1.75e-01	1.29e-01	1.61e-01	2.81e-01	7.78e-02	8.40e-03	2.18e-04	4.09e-06	1.24e-07	0.00e+00	0.00e+00	0.00e+00	0.00e+00	0.00e+00
 3.66822e+22	6.44e-14	6.21e-04	2.87e-02	1.59e-01	1.87e-01	1.33e-01	1.59e-01	2.59e-01	6.66e-02	6.75e-03	1.66e-04	3.03e-06	0.00e+00	0.00e+00	0.00e+00	0.00e+00	0.00e+00	0.00e+00
 3.69996e+22	1.19e-13	7.46e-04	3.29e-02	1.75e-01	1.95e-01	1.35e-01	1.56e-01	2.41e-01	5.81e-02	5.58e-03	1.31e-04	2.34e-06	0.00e+00	0.00e+00	0.00e+00	0.00e+00	0.00e+00	0.00e+00
 3.72753e+22	1.79e-13	8.84e-04	3.74e-02	1.90e-01	2.03e-01	1.36e-01	1.53e-01	2.23e-01	5.09e-02	4.64e-03	1.05e-04	1.83e-06	0.00e+00	0.00e+00	0.00e+00	0.00e+00	0.00e+00	0.00e+00
 3.75877e+22	3.18e-13	1.09e-03	4.35e-02	2.10e-01	2.12e-01	1.37e-01	1.48e-01	2.02e-01	4.27e-02	3.65e-03	7.86e-05	1.33e-06	0.00e+00	0.00e+00	0.00e+00	0.00e+00	0.00e+00	0.00e+00
 3.78956e+22	5.65e-13	1.27e-03	4.88e-02	2.25e-01	2.18e-01	1.37e-01	1.44e-01	1.86e-01	3.70e-02	3.01e-03	6.23e-05	1.03e-06	0.00e+00	0.00e+00	0.00e+00	0.00e+00	0.00e+00	0.00e+00
 3.81578e+22	9.47e-13	1.48e-03	5.44e-02	2.41e-01	2.23e-01	1.37e-01	1.39e-01	1.70e-01	3.21e-02	2.48e-03	4.94e-05	8.04e-07	0.00e+00	0.00e+00	0.00e+00	0.00e+00	0.00e+00	0.00e+00
 3.84587e+22	2.73e-12	1.79e-03	6.22e-02	2.60e-01	2.28e-01	1.36e-01	1.32e-01	1.52e-01	2.65e-02	1.93e-03	3.66e-05	5.80e-07	0.00e+00	0.00e+00	0.00e+00	0.00e+00	0.00e+00	0.00e+00
 3.87634e+22	5.13e-12	2.06e-03	6.88e-02	2.76e-01	2.31e-01	1.34e-01	1.26e-01	1.38e-01	2.28e-02	1.58e-03	2.88e-05	4.47e-07	0.00e+00	0.00e+00	0.00e+00	0.00e+00	0.00e+00	0.00e+00
 3.90092e+22	1.48e-11	2.32e-03	7.46e-02	2.88e-01	2.33e-01	1.32e-01	1.21e-01	1.27e-01	1.99e-02	1.33e-03	2.35e-05	3.58e-07	0.00e+00	0.00e+00	0.00e+00	0.00e+00	0.00e+00	0.00e+00
 3.92651e+22	4.06e-11	2.68e-03	8.25e-02	3.04e-01	2.35e-01	1.30e-01	1.15e-01	1.14e-01	1.68e-02	1.06e-03	1.81e-05	2.69e-07	0.00e+00	0.00e+00	0.00e+00	0.00e+00	0.00e+00	0.00e+00
 3.95218e+22	9.39e-11	3.01e-03	8.92e-02	3.17e-01	2.35e-01	1.27e-01	1.10e-01	1.04e-01	1.46e-02	8.84e-04	1.46e-05	2.13e-07	0.00e+00	0.00e+00	0.00e+00	0.00e+00	0.00e+00	0.00e+00
 3.97796e+22	2.56e-10	3.45e-03	9.78e-02	3.31e-01	2.35e-01	1.24e-01	1.03e-01	9.25e-02	1.22e-02	7.05e-04	1.12e-05	1.60e-07	0.00e+00	0.00e+00	0.00e+00	0.00e+00	0.00e+00	0.00e+00
 4.00428e+22	1.11e-09	3.88e-03	1.06e-01	3.43e-01	2.34e-01	1.21e-01	9.78e-02	8.35e-02	1.05e-02	5.78e-04	8.89e-06	1.25e-07	0.00e+00	0.00e+00	0.00e+00	0.00e+00	0.00e+00	0.00e+00
 4.02735e+22	5.42e-09	4.31e-03	1.13e-01	3.54e-01	2.33e-01	1.17e-01	9.27e-02	7.58e-02	9.05e-03	4.79e-04	7.15e-06	0.00e+00	0.00e+00	0.00e+00	0.00e+00	0.00e+00	0.00e+00	0.00e+00
 4.05340e+22	4.34e-08	4.92e-03	1.23e-01	3.67e-01	2.30e-01	1.13e-01	8.62e-02	6.66e-02	7.47e-03	3.75e-04	5.39e-06	0.00e+00	0.00e+00	0.00e+00	0.00e+00	0.00e+00	0.00e+00	0.00e+00
 4.07982e+22	2.00e-07	5.46e-03	1.32e-01	3.77e-01	2.28e-01	1.10e-01	8.11e-02	6.00e-02	6.39e-03	3.08e-04	4.29e-06	0.00e+00	0.00e+00	0.00e+00	0.00e+00	0.00e+00	0.00e+00	0.00e+00
 4.10674e+22	6.95e-07	6.22e-03	1.43e-01	3.89e-01	2.24e-01	1.05e-01	7.48e-02	5.23e-02	5.21e-03	2.38e-04	3.20e-06	0.00e+00	0.00e+00	0.00e+00	0.00e+00	0.00e+00	0.00e+00	0.00e+00
 4.13397e+22	1.31e-06	6.90e-03	1.53e-01	3.98e-01	2.20e-01	1.01e-01	6.99e-02	4.67e-02	4.41e-03	1.93e-04	2.52e-06	0.00e+00	0.00e+00	0.00e+00	0.00e+00	0.00e+00	0.00e+00	0.00e+00
 4.16162e+22	1.84e-06	7.84e-03	1.65e-01	4.08e-01	2.15e-01	9.58e-02	6.40e-02	4.03e-02	3.57e-03	1.48e-04	1.85e-06	0.00e+00	0.00e+00	0.00e+00	0.00e+00	0.00e+00	0.00e+00	0.00e+00
 4.18964e+22	2.26e-06	8.67e-03	1.76e-01	4.15e-01	2.10e-01	9.17e-02	5.94e-02	3.58e-02	2.99e-03	1.19e-04	1.45e-06	0.00e+00	0.00e+00	0.00e+00	0.00e+00	0.00e+00	0.00e+00	0.00e+00
 4.21816e+22	2.82e-06	9.83e-03	1.89e-01	4.23e-01	2.04e-01	8.65e-02	5.39e-02	3.06e-02	2.39e-03	8.97e-05	1.05e-06	0.00e+00	0.00e+00	0.00e+00	0.00e+00	0.00e+00	0.00e+00	0.00e+00
 4.24705e+22	3.36e-06	1.09e-02	2.01e-01	4.29e-01	1.98e-01	8.23e-02	4.97e-02	2.69e-02	1.99e-03	7.15e-05	8.12e-07	0.00e+00	0.00e+00	0.00e+00	0.00e+00	0.00e+00	0.00e+00	0.00e+00
 4.27644e+22	4.12e-06	1.23e-02	2.16e-01	4.35e-01	1.91e-01	7.71e-02	4.47e-02	2.28e-02	1.57e-03	5.32e-05	5.81e-07	0.00e+00	0.00e+00	0.00e+00	0.00e+00	0.00e+00	0.00e+00	0.00e+00
 4.30610e+22	4.82e-06	1.36e-02	2.28e-01	4.38e-01	1.85e-01	7.29e-02	4.10e-02	1.99e-02	1.29e-03	4.21e-05	4.46e-07	0.00e+00	0.00e+00	0.00e+00	0.00e+00	0.00e+00	0.00e+00	0.00e+00
 4.33611e+22	5.82e-06	1.53e-02	2.45e-01	4.41e-01	1.77e-01	6.78e-02	3.66e-02	1.67e-02	1.01e-03	3.11e-05	3.16e-07	0.00e+00	0.00e+00	0.00e+00	0.00e+00	0.00e+00	0.00e+00	0.00e+00
 4.36669e+22	6.76e-06	1.69e-02	2.58e-01	4.43e-01	1.70e-01	6.38e-02	3.33e-02	1.45e-02	8.26e-04	2.43e-05	2.40e-07	0.00e+00	0.00e+00	0.00e+00	0.00e+00	0.00e+00	0.00e+00	0.00e+00
 4.39801e+22	8.04e-06	1.90e-02	2.75e-01	4.43e-01	1.62e-01	5.90e-02	2.95e-02	1.21e-02	6.40e-04	1.78e-05	1.69e-07	0.00e+00	0.00e+00	0.00e+00	0.00e+00	0.00e+00	0.00e+00	0.00e+00
 4.43042e+22	9.36e-06	2.11e-02	2.90e-01	4.42e-01	1.54e-01	5.49e-02	2.65e-02	1.03e-02	5.11e-04	1.35e-05	1.24e-07	0.00e+00	0.00e+00	0.00e+00	0.00e+00	0.00e+00	0.00e+00	0.00e+00
 4.45603e+22	1.04e-05	2.27e-02	3.02e-01	4.41e-01	1.49e-01	5.20e-02	2.44e-02	9.15e-03	4.33e-04	1.11e-05	0.00e+00	0.00e+00	0.00e+00	0.00e+00	0.00e+00	0.00e+00	0.00e+00	0.00e+00
 4.48112e+22	1.19e-05	2.49e-02	3.16e-01	4.39e-01	1.42e-01	4.85e-02	2.20e-02	7.87e-03	3.51e-04	8.57e-06	0.00e+00	0.00e+00	0.00e+00	0.00e+00	0.00e+00	0.00e+00	0.00e+00	0.00e+00
 4.50672e+22	1.32e-05	2.68e-02	3.28e-01	4.36e-01	1.36e-01	4.58e-02	2.02e-02	6.95e-03	2.95e-04	6.97e-06	0.00e+00	0.00e+00	0.00e+00	0.00e+00	0.00e+00	0.00e+00	0.00e+00	0.00e+00
 4.53299e+22	1.49e-05	2.92e-02	3.42e-01	4.32e-01	1.30e-01	4.25e-02	1.81e-02	5.94e-03	2.38e-04	5.37e-06	0.00e+00	0.00e+00	0.00e+00	0.00e+00	0.00e+00	0.00e+00	0.00e+00	0.00e+00
 4.55980e+22	1.66e-05	3.15e-02	3.55e-01	4.28e-01	1.24e-01	3.99e-02	1.65e-02	5.20e-03	1.98e-04	4.30e-06	0.00e+00	0.00e+00	0.00e+00	0.00e+00	0.00e+00	0.00e+00	0.00e+00	0.00e+00
 4.58731e+22	1.89e-05	3.46e-02	3.71e-01	4.22e-01	1.17e-01	3.67e-02	1.47e-02	4.38e-03	1.56e-04	3.24e-06	0.00e+00	0.00e+00	0.00e+00	0.00e+00	0.00e+00	0.00e+00	0.00e+00	0.00e+00
 4.61478e+22	2.08e-05	3.72e-02	3.83e-01	4.16e-01	1.12e-01	3.43e-02	1.33e-02	3.84e-03	1.30e-04	2.60e-06	0.00e+00	0.00e+00	0.00e+00	0.00e+00	0.00e+00	0.00e+00	0.00e+00	0.00e+00
 4.64219e+22	2.35e-05	4.05e-02	3.99e-01	4.09e-01	1.05e-01	3.16e-02	1.18e-02	3.24e-03	1.03e-04	1.98e-06	0.00e+00	0.00e+00	0.00e+00	0.00e+00	0.00e+00	0.00e+00	0.00e+00	0.00e+00
 4.67031e+22	2.59e-05	4.36e-02	4.12e-01	4.02e-01	9.99e-02	2.94e-02	1.07e-02	2.81e-03	8.50e-05	1.57e-06	0.00e+00	0.00e+00	0.00e+00	0.00e+00	0.00e+00	0.00e+00	0.00e+00	0.00e+00
 4.69937e+22	2.93e-05	4.77e-02	4.28e-01	3.92e-01	9.33e-02	2.67e-02	9.36e-03	2.34e-03	6.62e-05	1.16e-06	0.00e+00	0.00e+00	0.00e+00	0.00e+00	0.00e+00	0.00e+00	0.00e+00	0.00e+00
 4.72863e+22	3.21e-05	5.11e-02	4.40e-01	3.85e-01	8.84e-02	2.48e-02	8.44e-03	2.03e-03	5.46e-05	9.27e-07	0.00e+00	0.00e+00	0.00e+00	0.00e+00	0.00e+00	0.00e+00	0.00e+00	0.00e+00
 4.75816e+22	3.60e-05	5.57e-02	4.56e-01	3.74e-01	8.24e-02	2.25e-02	7.38e-03	1.69e-03	4.26e-05	6.90e-07	0.00e+00	0.00e+00	0.00e+00	0.00e+00	0.00e+00	0.00e+00	0.00e+00	0.00e+00
 4.78856e+22	3.97e-05	5.98e-02	4.69e-01	3.65e-01	7.76e-02	2.07e-02	6.59e-03	1.45e-03	3.46e-05	5.39e-07	0.00e+00	0.00e+00	0.00e+00	0.00e+00	0.00e+00	0.00e+00	0.00e+00	0.00e+00
 4.81241e+22	4.23e-05	6.29e-02	4.78e-01	3.58e-01	7.43e-02	1.95e-02	6.07e-03	1.30e-03	2.98e-05	4.52e-07	0.00e+00	0.00e+00	0.00e+00	0.00e+00	0.00e+00	0.00e+00	0.00e+00	0.00e+00
 4.83035e+22	4.47e-05	6.55e-02	4.85e-01	3.53e-01	7.16e-02	1.86e-02	5.68e-03	1.19e-03	2.64e-05	3.92e-07	0.00e+00	0.00e+00	0.00e+00	0.00e+00	0.00e+00	0.00e+00	0.00e+00	0.00e+00
 4.84827e+22	4.77e-05	6.87e-02	4.93e-01	3.45e-01	6.85e-02	1.75e-02	5.22e-03	1.06e-03	2.27e-05	3.29e-07	0.00e+00	0.00e+00	0.00e+00	0.00e+00	0.00e+00	0.00e+00	0.00e+00	0.00e+00
 4.87157e+22	5.16e-05	7.30e-02	5.04e-01	3.36e-01	6.46e-02	1.62e-02	4.69e-03	9.20e-04	1.88e-05	2.62e-07	0.00e+00	0.00e+00	0.00e+00	0.00e+00	0.00e+00	0.00e+00	0.00e+00	0.00e+00
 4.90186e+22	5.80e-05	7.95e-02	5.19e-01	3.22e-01	5.94e-02	1.44e-02	4.03e-03	7.51e-04	1.43e-05	1.91e-07	0.00e+00	0.00e+00	0.00e+00	0.00e+00	0.00e+00	0.00e+00	0.00e+00	0.00e+00
 4.92591e+22	6.02e-05	8.20e-02	5.24e-01	3.18e-01	5.77e-02	1.39e-02	3.82e-03	7.02e-04	1.31e-05	1.71e-07	0.00e+00	0.00e+00	0.00e+00	0.00e+00	0.00e+00	0.00e+00	0.00e+00	0.00e+00
 4.94184e+22	6.32e-05	8.51e-02	5.31e-01	3.12e-01	5.54e-02	1.31e-02	3.55e-03	6.37e-04	1.15e-05	1.47e-07	0.00e+00	0.00e+00	0.00e+00	0.00e+00	0.00e+00	0.00e+00	0.00e+00	0.00e+00
 4.96255e+22	6.80e-05	8.98e-02	5.40e-01	3.02e-01	5.23e-02	1.22e-02	3.20e-03	5.57e-04	9.58e-06	0.00e+00	0.00e+00	0.00e+00	0.00e+00	0.00e+00	0.00e+00	0.00e+00	0.00e+00	0.00e+00
 4.98947e+22	7.41e-05	9.60e-02	5.51e-01	2.90e-01	4.86e-02	1.10e-02	2.81e-03	4.71e-04	7.65e-06	0.00e+00	0.00e+00	0.00e+00	0.00e+00	0.00e+00	0.00e+00	0.00e+00	0.00e+00	0.00e+00
 5.01658e+22	7.94e-05	1.01e-01	5.58e-01	2.81e-01	4.59e-02	1.02e-02	2.53e-03	4.13e-04	6.42e-06	0.00e+00	0.00e+00	0.00e+00	0.00e+00	0.00e+00	0.00e+00	0.00e+00	0.00e+00	0.00e+00
 5.03892e+22	8.44e-05	1.06e-01	5.65e-01	2.73e-01	4.35e-02	9.51e-03	2.31e-03	3.67e-04	5.49e-06	0.00e+00	0.00e+00	0.00e+00	0.00e+00	0.00e+00	0.00e+00	0.00e+00	0.00e+00	0.00e+00
 5.06295e+22	9.08e-05	1.12e-01	5.74e-01	2.63e-01	4.07e-02	8.69e-03	2.05e-03	3.15e-04	4.49e-06	0.00e+00	0.00e+00	0.00e+00	0.00e+00	0.00e+00	0.00e+00	0.00e+00	0.00e+00	0.00e+00
 5.09419e+22	1.00e-04	1.21e-01	5.84e-01	2.48e-01	3.71e-02	7.69e-03	1.74e-03	2.57e-04	3.42e-06	0.00e+00	0.00e+00	0.00e+00	0.00e+00	0.00e+00	0.00e+00	0.00e+00	0.00e+00	0.00e+00
 5.12454e+22	1.07e-04	1.27e-01	5.90e-01	2.39e-01	3.49e-02	7.08e-03	1.57e-03	2.26e-04	2.87e-06	0.00e+00	0.00e+00	0.00e+00	0.00e+00	0.00e+00	0.00e+00	0.00e+00	0.00e+00	0.00e+00
 5.15372e+22	1.16e-04	1.35e-01	5.98e-01	2.27e-01	3.20e-02	6.31e-03	1.35e-03	1.87e-04	2.24e-06	0.00e+00	0.00e+00	0.00e+00	0.00e+00	0.00e+00	0.00e+00	0.00e+00	0.00e+00	0.00e+00
 5.19166e+22	1.30e-04	1.47e-01	6.08e-01	2.10e-01	2.85e-02	5.41e-03	1.10e-03	1.47e-04	1.62e-06	0.00e+00	0.00e+00	0.00e+00	0.00e+00	0.00e+00	0.00e+00	0.00e+00	0.00e+00	0.00e+00
 5.22950e+22	1.41e-04	1.56e-01	6.13e-01	1.98e-01	2.61e-02	4.82e-03	9.49e-04	1.23e-04	1.27e-06	0.00e+00	0.00e+00	0.00e+00	0.00e+00	0.00e+00	0.00e+00	0.00e+00	0.00e+00	0.00e+00
 5.26722e+22	1.57e-04	1.69e-01	6.21e-01	1.82e-01	2.31e-02	4.11e-03	7.71e-04	9.64e-05	9.19e-07	0.00e+00	0.00e+00	0.00e+00	0.00e+00	0.00e+00	0.00e+00	0.00e+00	0.00e+00	0.00e+00
 5.30522e+22	1.70e-04	1.79e-01	6.24e-01	1.71e-01	2.10e-02	3.62e-03	6.57e-04	8.01e-05	7.16e-07	0.00e+00	0.00e+00	0.00e+00	0.00e+00	0.00e+00	0.00e+00	0.00e+00	0.00e+00	0.00e+00
 5.34357e+22	1.88e-04	1.93e-01	6.29e-01	1.55e-01	1.85e-02	3.07e-03	5.29e-04	6.26e-05	5.12e-07	0.00e+00	0.00e+00	0.00e+00	0.00e+00	0.00e+00	0.00e+00	0.00e+00	0.00e+00	0.00e+00
 5.38231e+22	2.05e-04	2.06e-01	6.30e-01	1.44e-01	1.67e-02	2.67e-03	4.43e-04	5.13e-05	3.90e-07	0.00e+00	0.00e+00	0.00e+00	0.00e+00	0.00e+00	0.00e+00	0.00e+00	0.00e+00	0.00e+00
 5.42154e+22	2.27e-04	2.22e-01	6.32e-01	1.29e-01	1.45e-02	2.22e-03	3.49e-04	3.96e-05	2.73e-07	0.00e+00	0.00e+00	0.00e+00	0.00e+00	0.00e+00	0.00e+00	0.00e+00	0.00e+00	0.00e+00
 5.45614e+22	2.41e-04	2.32e-01	6.31e-01	1.21e-01	1.34e-02	2.00e-03	3.05e-04	3.42e-05	2.23e-07	0.00e+00	0.00e+00	0.00e+00	0.00e+00	0.00e+00	0.00e+00	0.00e+00	0.00e+00	0.00e+00
 5.48474e+22	2.59e-04	2.45e-01	6.30e-01	1.10e-01	1.20e-02	1.73e-03	2.54e-04	2.81e-05	1.69e-07	0.00e+00	0.00e+00	0.00e+00	0.00e+00	0.00e+00	0.00e+00	0.00e+00	0.00e+00	0.00e+00
 5.51400e+22	2.76e-04	2.56e-01	6.29e-01	1.02e-01	1.09e-02	1.53e-03	2.17e-04	2.39e-05	1.34e-07	0.00e+00	0.00e+00	0.00e+00	0.00e+00	0.00e+00	0.00e+00	0.00e+00	0.00e+00	0.00e+00
 5.53976e+22	2.93e-04	2.67e-01	6.26e-01	9.45e-02	9.95e-03	1.36e-03	1.85e-04	2.04e-05	0.00e+00	0.00e+00	0.00e+00	0.00e+00	0.00e+00	0.00e+00	0.00e+00	0.00e+00	0.00e+00	0.00e+00
 5.56889e+22	3.16e-04	2.82e-01	6.23e-01	8.48e-02	8.77e-03	1.15e-03	1.50e-04	1.65e-05	0.00e+00	0.00e+00	0.00e+00	0.00e+00	0.00e+00	0.00e+00	0.00e+00	0.00e+00	0.00e+00	0.00e+00
 5.59815e+22	3.37e-04	2.95e-01	6.19e-01	7.71e-02	7.88e-03	1.01e-03	1.26e-04	1.39e-05	0.00e+00	0.00e+00	0.00e+00	0.00e+00	0.00e+00	0.00e+00	0.00e+00	0.00e+00	0.00e+00	0.00e+00
 5.62332e+22	3.58e-04	3.07e-01	6.14e-01	7.02e-02	7.09e-03	8.78e-04	1.06e-04	1.17e-05	0.00e+00	0.00e+00	0.00e+00	0.00e+00	0.00e+00	0.00e+00	0.00e+00	0.00e+00	0.00e+00	0.00e+00
 5.65177e+22	3.85e-04	3.24e-01	6.07e-01	6.18e-02	6.16e-03	7.33e-04	8.35e-05	9.37e-06	0.00e+00	0.00e+00	0.00e+00	0.00e+00	0.00e+00	0.00e+00	0.00e+00	0.00e+00	0.00e+00	0.00e+00
 5.68123e+22	4.12e-04	3.39e-01	6.00e-01	5.47e-02	5.39e-03	6.20e-04	6.73e-05	7.66e-06	0.00e+00	0.00e+00	0.00e+00	0.00e+00	0.00e+00	0.00e+00	0.00e+00	0.00e+00	0.00e+00	0.00e+00
 5.70745e+22	4.38e-04	3.54e-01	5.92e-01	4.84e-02	4.72e-03	5.25e-04	5.42e-05	6.29e-06	0.00e+00	0.00e+00	0.00e+00	0.00e+00	0.00e+00	0.00e+00	0.00e+00	0.00e+00	0.00e+00	0.00e+00
 5.73699e+22	4.72e-04	3.73e-01	5.81e-01	4.11e-02	3.96e-03	4.23e-04	4.10e-05	4.89e-06	0.00e+00	0.00e+00	0.00e+00	0.00e+00	0.00e+00	0.00e+00	0.00e+00	0.00e+00	0.00e+00	0.00e+00
 5.76856e+22	5.07e-04	3.92e-01	5.69e-01	3.46e-02	3.30e-03	3.38e-04	3.08e-05	3.80e-06	0.00e+00	0.00e+00	0.00e+00	0.00e+00	0.00e+00	0.00e+00	0.00e+00	0.00e+00	0.00e+00	0.00e+00
 5.79640e+22	5.39e-04	4.09e-01	5.58e-01	2.93e-02	2.77e-03	2.74e-04	2.36e-05	3.01e-06	0.00e+00	0.00e+00	0.00e+00	0.00e+00	0.00e+00	0.00e+00	0.00e+00	0.00e+00	0.00e+00	0.00e+00
 5.82175e+22	5.70e-04	4.26e-01	5.46e-01	2.48e-02	2.33e-03	2.23e-04	1.81e-05	2.40e-06	0.00e+00	0.00e+00	0.00e+00	0.00e+00	0.00e+00	0.00e+00	0.00e+00	0.00e+00	0.00e+00	0.00e+00
 5.84617e+22	6.06e-04	4.43e-01	5.33e-01	2.07e-02	1.93e-03	1.79e-04	1.38e-05	1.90e-06	0.00e+00	0.00e+00	0.00e+00	0.00e+00	0.00e+00	0.00e+00	0.00e+00	0.00e+00	0.00e+00	0.00e+00
 5.86211e+22	6.16e-04	4.50e-01	5.29e-01	1.89e-02	1.76e-03	1.61e-04	1.21e-05	1.70e-06	0.00e+00	0.00e+00	0.00e+00	0.00e+00	0.00e+00	0.00e+00	0.00e+00	0.00e+00	0.00e+00	0.00e+00
 5.86833e+22	6.26e-04	4.54e-01	5.25e-01	1.81e-02	1.68e-03	1.52e-04	1.13e-05	1.60e-06	0.00e+00	0.00e+00	0.00e+00	0.00e+00	0.00e+00	0.00e+00	0.00e+00	0.00e+00	0.00e+00	0.00e+00
 5.87315e+22	6.33e-04	4.58e-01	5.22e-01	1.74e-02	1.61e-03	1.45e-04	1.06e-05	1.52e-06	0.00e+00	0.00e+00	0.00e+00	0.00e+00	0.00e+00	0.00e+00	0.00e+00	0.00e+00	0.00e+00	0.00e+00
 5.87888e+22	6.38e-04	4.62e-01	5.19e-01	1.66e-02	1.54e-03	1.38e-04	9.96e-06	1.44e-06	0.00e+00	0.00e+00	0.00e+00	0.00e+00	0.00e+00	0.00e+00	0.00e+00	0.00e+00	0.00e+00	0.00e+00
 5.88602e+22	6.49e-04	4.67e-01	5.15e-01	1.56e-02	1.44e-03	1.28e-04	9.11e-06	1.34e-06	0.00e+00	0.00e+00	0.00e+00	0.00e+00	0.00e+00	0.00e+00	0.00e+00	0.00e+00	0.00e+00	0.00e+00
 5.89323e+22	6.57e-04	4.72e-01	5.11e-01	1.48e-02	1.36e-03	1.20e-04	8.40e-06	1.25e-06	0.00e+00	0.00e+00	0.00e+00	0.00e+00	0.00e+00	0.00e+00	0.00e+00	0.00e+00	0.00e+00	0.00e+00
 5.89967e+22	6.68e-04	4.77e-01	5.07e-01	1.40e-02	1.28e-03	1.12e-04	7.76e-06	1.16e-06	0.00e+00	0.00e+00	0.00e+00	0.00e+00	0.00e+00	0.00e+00	0.00e+00	0.00e+00	0.00e+00	0.00e+00
 5.90568e+22	6.74e-04	4.81e-01	5.04e-01	1.33e-02	1.22e-03	1.06e-04	7.25e-06	1.10e-06	0.00e+00	0.00e+00	0.00e+00	0.00e+00	0.00e+00	0.00e+00	0.00e+00	0.00e+00	0.00e+00	0.00e+00
 5.91175e+22	6.84e-04	4.85e-01	5.00e-01	1.26e-02	1.15e-03	9.95e-05	6.72e-06	1.03e-06	0.00e+00	0.00e+00	0.00e+00	0.00e+00	0.00e+00	0.00e+00	0.00e+00	0.00e+00	0.00e+00	0.00e+00
 5.91792e+22	6.93e-04	4.90e-01	4.96e-01	1.19e-02	1.09e-03	9.34e-05	6.23e-06	9.64e-07	0.00e+00	0.00e+00	0.00e+00	0.00e+00	0.00e+00	0.00e+00	0.00e+00	0.00e+00	0.00e+00	0.00e+00
 5.92380e+22	7.01e-04	4.94e-01	4.93e-01	1.13e-02	1.03e-03	8.79e-05	5.80e-06	9.06e-07	0.00e+00	0.00e+00	0.00e+00	0.00e+00	0.00e+00	0.00e+00	0.00e+00	0.00e+00	0.00e+00	0.00e+00
 5.92961e+22	7.09e-04	4.98e-01	4.89e-01	1.07e-02	9.74e-04	8.27e-05	5.40e-06	8.51e-07	0.00e+00	0.00e+00	0.00e+00	0.00e+00	0.00e+00	0.00e+00	0.00e+00	0.00e+00	0.00e+00	0.00e+00
 5.93540e+22	7.17e-04	5.02e-01	4.86e-01	1.02e-02	9.23e-04	7.78e-05	5.03e-06	8.00e-07	0.00e+00	0.00e+00	0.00e+00	0.00e+00	0.00e+00	0.00e+00	0.00e+00	0.00e+00	0.00e+00	0.00e+00
 5.94114e+22	7.24e-04	5.07e-01	4.82e-01	9.65e-03	8.72e-04	7.32e-05	4.68e-06	7.52e-07	0.00e+00	0.00e+00	0.00e+00	0.00e+00	0.00e+00	0.00e+00	0.00e+00	0.00e+00	0.00e+00	0.00e+00
 5.94679e+22	7.29e-04	5.10e-01	4.79e-01	9.18e-03	8.29e-04	6.92e-05	4.38e-06	7.10e-07	0.00e+00	0.00e+00	0.00e+00	0.00e+00	0.00e+00	0.00e+00	0.00e+00	0.00e+00	0.00e+00	0.00e+00
 5.95257e+22	7.39e-04	5.14e-01	4.75e-01	8.67e-03	7.81e-04	6.48e-05	4.07e-06	6.65e-07	0.00e+00	0.00e+00	0.00e+00	0.00e+00	0.00e+00	0.00e+00	0.00e+00	0.00e+00	0.00e+00	0.00e+00
 5.95829e+22	7.46e-04	5.18e-01	4.72e-01	8.22e-03	7.39e-04	6.10e-05	3.79e-06	6.25e-07	0.00e+00	0.00e+00	0.00e+00	0.00e+00	0.00e+00	0.00e+00	0.00e+00	0.00e+00	0.00e+00	0.00e+00
 5.96367e+22	7.53e-04	5.22e-01	4.69e-01	7.81e-03	7.01e-04	5.76e-05	3.55e-06	5.90e-07	0.00e+00	0.00e+00	0.00e+00	0.00e+00	0.00e+00	0.00e+00	0.00e+00	0.00e+00	0.00e+00	0.00e+00
 5.96904e+22	7.61e-04	5.26e-01	4.65e-01	7.41e-03	6.64e-04	5.42e-05	3.32e-06	5.56e-07	0.00e+00	0.00e+00	0.00e+00	0.00e+00	0.00e+00	0.00e+00	0.00e+00	0.00e+00	0.00e+00	0.00e+00
 5.97444e+22	7.68e-04	5.30e-01	4.62e-01	7.03e-03	6.29e-04	5.12e-05	3.11e-06	5.24e-07	0.00e+00	0.00e+00	0.00e+00	0.00e+00	0.00e+00	0.00e+00	0.00e+00	0.00e+00	0.00e+00	0.00e+00
 5.97980e+22	7.75e-04	5.33e-01	4.59e-01	6.68e-03	5.96e-04	4.83e-05	2.91e-06	4.95e-07	0.00e+00	0.00e+00	0.00e+00	0.00e+00	0.00e+00	0.00e+00	0.00e+00	0.00e+00	0.00e+00	0.00e+00
 5.98515e+22	7.82e-04	5.37e-01	4.56e-01	6.34e-03	5.65e-04	4.55e-05	2.73e-06	4.67e-07	0.00e+00	0.00e+00	0.00e+00	0.00e+00	0.00e+00	0.00e+00	0.00e+00	0.00e+00	0.00e+00	0.00e+00
 5.99046e+22	7.89e-04	5.40e-01	4.53e-01	6.02e-03	5.36e-04	4.30e-05	2.56e-06	4.40e-07	0.00e+00	0.00e+00	0.00e+00	0.00e+00	0.00e+00	0.00e+00	0.00e+00	0.00e+00	0.00e+00	0.00e+00
 5.99572e+22	7.96e-04	5.43e-01	4.50e-01	5.72e-03	5.08e-04	4.06e-05	2.40e-06	4.16e-07	0.00e+00	0.00e+00	0.00e+00	0.00e+00	0.00e+00	0.00e+00	0.00e+00	0.00e+00	0.00e+00	0.00e+00
 6.00097e+22	8.02e-04	5.47e-01	4.47e-01	5.43e-03	4.82e-04	3.84e-05	2.26e-06	3.93e-07	0.00e+00	0.00e+00	0.00e+00	0.00e+00	0.00e+00	0.00e+00	0.00e+00	0.00e+00	0.00e+00	0.00e+00
 6.00620e+22	8.09e-04	5.50e-01	4.44e-01	5.16e-03	4.57e-04	3.63e-05	2.12e-06	3.72e-07	0.00e+00	0.00e+00	0.00e+00	0.00e+00	0.00e+00	0.00e+00	0.00e+00	0.00e+00	0.00e+00	0.00e+00
 6.01143e+22	8.15e-04	5.53e-01	4.41e-01	4.90e-03	4.34e-04	3.43e-05	2.00e-06	3.52e-07	0.00e+00	0.00e+00	0.00e+00	0.00e+00	0.00e+00	0.00e+00	0.00e+00	0.00e+00	0.00e+00	0.00e+00
 6.01665e+22	8.21e-04	5.56e-01	4.38e-01	4.66e-03	4.12e-04	3.25e-05	1.88e-06	3.33e-07	0.00e+00	0.00e+00	0.00e+00	0.00e+00	0.00e+00	0.00e+00	0.00e+00	0.00e+00	0.00e+00	0.00e+00
 6.02187e+22	8.27e-04	5.59e-01	4.36e-01	4.43e-03	3.92e-04	3.07e-05	1.77e-06	3.15e-07	0.00e+00	0.00e+00	0.00e+00	0.00e+00	0.00e+00	0.00e+00	0.00e+00	0.00e+00	0.00e+00	0.00e+00
 6.02710e+22	8.31e-04	5.61e-01	4.34e-01	4.22e-03	3.73e-04	2.92e-05	1.68e-06	3.00e-07	0.00e+00	0.00e+00	0.00e+00	0.00e+00	0.00e+00	0.00e+00	0.00e+00	0.00e+00	0.00e+00	0.00e+00
 6.03245e+22	8.36e-04	5.64e-01	4.31e-01	4.01e-03	3.54e-04	2.76e-05	1.58e-06	2.83e-07	0.00e+00	0.00e+00	0.00e+00	0.00e+00	0.00e+00	0.00e+00	0.00e+00	0.00e+00	0.00e+00	0.00e+00
 6.03787e+22	8.45e-04	5.67e-01	4.28e-01	3.80e-03	3.35e-04	2.61e-05	1.48e-06	2.68e-07	0.00e+00	0.00e+00	0.00e+00	0.00e+00	0.00e+00	0.00e+00	0.00e+00	0.00e+00	0.00e+00	0.00e+00
 6.04302e+22	8.45e-04	5.68e-01	4.27e-01	3.64e-03	3.21e-04	2.49e-05	1.41e-06	2.56e-07	0.00e+00	0.00e+00	0.00e+00	0.00e+00	0.00e+00	0.00e+00	0.00e+00	0.00e+00	0.00e+00	0.00e+00
 6.04836e+22	8.51e-04	5.71e-01	4.25e-01	3.46e-03	3.05e-04	2.36e-05	1.33e-06	2.42e-07	0.00e+00	0.00e+00	0.00e+00	0.00e+00	0.00e+00	0.00e+00	0.00e+00	0.00e+00	0.00e+00	0.00e+00
 6.05398e+22	8.57e-04	5.73e-01	4.23e-01	3.28e-03	2.90e-04	2.23e-05	1.26e-06	2.30e-07	0.00e+00	0.00e+00	0.00e+00	0.00e+00	0.00e+00	0.00e+00	0.00e+00	0.00e+00	0.00e+00	0.00e+00
