#depth	He	He+	He+2
 1.54284e+22	2.39e-08	1.18e-03	9.99e-01
 3.41171e+22	4.03e-08	2.12e-03	9.98e-01
 3.87452e+22	6.01e-08	2.65e-03	9.97e-01
 4.07967e+22	7.41e-08	2.96e-03	9.97e-01
 4.17468e+22	8.04e-08	3.08e-03	9.97e-01
 4.23591e+22	8.94e-08	3.25e-03	9.97e-01
 4.30235e+22	9.86e-08	3.42e-03	9.97e-01
 4.36156e+22	1.07e-07	3.56e-03	9.96e-01
 4.42451e+22	1.20e-07	3.76e-03	9.96e-01
 4.48624e+22	1.29e-07	3.91e-03	9.96e-01
 4.54636e+22	1.44e-07	4.12e-03	9.96e-01
 4.60697e+22	1.55e-07	4.28e-03	9.96e-01
 4.66819e+22	1.73e-07	4.51e-03	9.95e-01
 4.73026e+22	1.87e-07	4.69e-03	9.95e-01
 4.79342e+22	2.08e-07	4.94e-03	9.95e-01
 4.85749e+22	2.26e-07	5.15e-03	9.95e-01
 4.92275e+22	2.53e-07	5.43e-03	9.95e-01
 4.98904e+22	2.75e-07	5.66e-03	9.94e-01
 5.05666e+22	3.07e-07	5.98e-03	9.94e-01
 5.12607e+22	3.36e-07	6.25e-03	9.94e-01
 5.19781e+22	3.78e-07	6.61e-03	9.93e-01
 5.27130e+22	4.15e-07	6.92e-03	9.93e-01
 5.34706e+22	4.68e-07	7.35e-03	9.93e-01
 5.42363e+22	5.14e-07	7.69e-03	9.92e-01
 5.50122e+22	5.82e-07	8.17e-03	9.92e-01
 5.57957e+22	6.38e-07	8.55e-03	9.91e-01
 5.65888e+22	7.25e-07	9.10e-03	9.91e-01
 5.73935e+22	7.96e-07	9.53e-03	9.90e-01
 5.81052e+22	8.79e-07	1.00e-02	9.90e-01
 5.88136e+22	9.67e-07	1.05e-02	9.90e-01
 5.96255e+22	1.09e-06	1.11e-02	9.89e-01
 6.03924e+22	1.19e-06	1.16e-02	9.88e-01
 6.11008e+22	1.32e-06	1.22e-02	9.88e-01
 6.18204e+22	1.44e-06	1.28e-02	9.87e-01
 6.25545e+22	1.60e-06	1.34e-02	9.87e-01
 6.33161e+22	1.76e-06	1.41e-02	9.86e-01
 6.39973e+22	1.92e-06	1.47e-02	9.85e-01
 6.47667e+22	2.14e-06	1.55e-02	9.84e-01
 6.55712e+22	2.37e-06	1.63e-02	9.84e-01
 6.62972e+22	2.60e-06	1.71e-02	9.83e-01
 6.71167e+22	2.92e-06	1.81e-02	9.82e-01
 6.79621e+22	3.24e-06	1.90e-02	9.81e-01
 6.87143e+22	3.56e-06	1.99e-02	9.80e-01
 6.95651e+22	4.01e-06	2.11e-02	9.79e-01
 7.04479e+22	4.46e-06	2.23e-02	9.78e-01
 7.12403e+22	4.93e-06	2.34e-02	9.77e-01
 7.21382e+22	5.60e-06	2.49e-02	9.75e-01
 7.30654e+22	6.24e-06	2.62e-02	9.74e-01
 7.40306e+22	7.15e-06	2.81e-02	9.72e-01
 7.50054e+22	7.99e-06	2.96e-02	9.70e-01
 7.58618e+22	8.90e-06	3.12e-02	9.69e-01
 7.68439e+22	1.02e-05	3.34e-02	9.67e-01
 7.78382e+22	1.14e-05	3.53e-02	9.65e-01
 7.88482e+22	1.32e-05	3.78e-02	9.62e-01
 7.98740e+22	1.48e-05	4.00e-02	9.60e-01
 8.09201e+22	1.71e-05	4.30e-02	9.57e-01
 8.19752e+22	1.92e-05	4.55e-02	9.54e-01
 8.30422e+22	2.23e-05	4.89e-02	9.51e-01
 8.41210e+22	2.51e-05	5.18e-02	9.48e-01
 8.52149e+22	2.92e-05	5.58e-02	9.44e-01
 8.63238e+22	3.30e-05	5.91e-02	9.41e-01
 8.72872e+22	3.70e-05	6.25e-02	9.37e-01
 8.83747e+22	4.30e-05	6.72e-02	9.33e-01
 8.94108e+22	4.76e-05	7.05e-02	9.29e-01
 9.03799e+22	5.44e-05	7.53e-02	9.25e-01
 9.13497e+22	6.02e-05	7.90e-02	9.21e-01
 9.23203e+22	6.83e-05	8.39e-02	9.16e-01
 9.33271e+22	7.67e-05	8.86e-02	9.11e-01
 9.42304e+22	8.50e-05	9.31e-02	9.07e-01
 9.52541e+22	9.72e-05	9.92e-02	9.01e-01
 9.62944e+22	1.09e-04	1.05e-01	8.95e-01
 9.73562e+22	1.24e-04	1.11e-01	8.89e-01
 9.83894e+22	1.38e-04	1.17e-01	8.83e-01
 9.92028e+22	1.51e-04	1.22e-01	8.78e-01
 1.00078e+23	1.68e-04	1.28e-01	8.71e-01
 1.00978e+23	1.85e-04	1.34e-01	8.66e-01
 1.01786e+23	2.02e-04	1.40e-01	8.60e-01
 1.02710e+23	2.27e-04	1.47e-01	8.53e-01
 1.03643e+23	2.49e-04	1.54e-01	8.46e-01
 1.04459e+23	2.72e-04	1.60e-01	8.39e-01
 1.05392e+23	3.05e-04	1.69e-01	8.31e-01
 1.06341e+23	3.35e-04	1.76e-01	8.24e-01
 1.07183e+23	3.66e-04	1.83e-01	8.16e-01
 1.08148e+23	4.10e-04	1.93e-01	8.07e-01
 1.09128e+23	4.50e-04	2.01e-01	7.98e-01
 1.10126e+23	5.05e-04	2.12e-01	7.88e-01
 1.11136e+23	5.57e-04	2.21e-01	7.79e-01
 1.12021e+23	6.10e-04	2.30e-01	7.69e-01
 1.13034e+23	6.85e-04	2.42e-01	7.58e-01
 1.14066e+23	7.52e-04	2.52e-01	7.47e-01
 1.15123e+23	8.46e-04	2.65e-01	7.35e-01
 1.16201e+23	9.35e-04	2.76e-01	7.23e-01
 1.17156e+23	1.02e-03	2.87e-01	7.12e-01
 1.18247e+23	1.15e-03	3.01e-01	6.98e-01
 1.19369e+23	1.27e-03	3.14e-01	6.85e-01
 1.20231e+23	1.36e-03	3.23e-01	6.76e-01
 1.21050e+23	1.49e-03	3.34e-01	6.64e-01
 1.21628e+23	1.52e-03	3.37e-01	6.62e-01
 1.21782e+23	1.53e-03	3.38e-01	6.61e-01
 1.21869e+23	1.55e-03	3.39e-01	6.59e-01
 1.21982e+23	1.56e-03	3.41e-01	6.58e-01
 1.22129e+23	1.58e-03	3.43e-01	6.56e-01
 1.22320e+23	1.61e-03	3.45e-01	6.53e-01
 1.22568e+23	1.66e-03	3.49e-01	6.49e-01
 1.22891e+23	1.71e-03	3.53e-01	6.45e-01
 1.23311e+23	1.80e-03	3.60e-01	6.38e-01
 1.23857e+23	1.90e-03	3.68e-01	6.30e-01
 1.24566e+23	2.05e-03	3.79e-01	6.19e-01
 1.25353e+23	2.19e-03	3.89e-01	6.09e-01
 1.26241e+23	2.40e-03	4.03e-01	5.94e-01
 1.27131e+23	2.58e-03	4.14e-01	5.83e-01
 1.28025e+23	2.81e-03	4.28e-01	5.70e-01
 1.28959e+23	3.03e-03	4.40e-01	5.57e-01
 1.29947e+23	3.32e-03	4.55e-01	5.42e-01
 1.30951e+23	3.60e-03	4.69e-01	5.28e-01
 1.31977e+23	3.97e-03	4.85e-01	5.11e-01
 1.33011e+23	4.29e-03	4.99e-01	4.97e-01
 1.34056e+23	4.72e-03	5.16e-01	4.79e-01
 1.35127e+23	5.12e-03	5.30e-01	4.64e-01
 1.36230e+23	5.67e-03	5.49e-01	4.46e-01
 1.37338e+23	6.13e-03	5.64e-01	4.30e-01
 1.38454e+23	6.77e-03	5.82e-01	4.11e-01
 1.39588e+23	7.34e-03	5.97e-01	3.95e-01
 1.40748e+23	8.13e-03	6.17e-01	3.75e-01
 1.41919e+23	8.83e-03	6.33e-01	3.58e-01
 1.43104e+23	9.80e-03	6.52e-01	3.38e-01
 1.44267e+23	1.06e-02	6.68e-01	3.21e-01
 1.45399e+23	1.17e-02	6.87e-01	3.02e-01
 1.46584e+23	1.28e-02	7.03e-01	2.84e-01
 1.47837e+23	1.43e-02	7.23e-01	2.62e-01
 1.49095e+23	1.56e-02	7.40e-01	2.45e-01
 1.50359e+23	1.75e-02	7.59e-01	2.24e-01
 1.51638e+23	1.92e-02	7.75e-01	2.06e-01
 1.52936e+23	2.17e-02	7.93e-01	1.85e-01
 1.54249e+23	2.39e-02	8.08e-01	1.68e-01
 1.55580e+23	2.71e-02	8.24e-01	1.49e-01
 1.56936e+23	3.02e-02	8.37e-01	1.33e-01
 1.57967e+23	3.27e-02	8.46e-01	1.21e-01
 1.58820e+23	3.52e-02	8.53e-01	1.12e-01
 1.59798e+23	3.88e-02	8.61e-01	1.01e-01
 1.60834e+23	4.26e-02	8.67e-01	9.06e-02
 1.61786e+23	4.68e-02	8.72e-01	8.17e-02
 1.62865e+23	5.27e-02	8.75e-01	7.18e-02
 1.63978e+23	5.91e-02	8.77e-01	6.35e-02
 1.64883e+23	6.51e-02	8.77e-01	5.76e-02
 1.65666e+23	7.16e-02	8.76e-01	5.26e-02
 1.66413e+23	7.88e-02	8.73e-01	4.83e-02
 1.67122e+23	8.68e-02	8.69e-01	4.46e-02
 1.67765e+23	9.52e-02	8.63e-01	4.17e-02
 1.68335e+23	1.04e-01	8.57e-01	3.93e-02
 1.68845e+23	1.13e-01	8.49e-01	3.74e-02
 1.69305e+23	1.23e-01	8.41e-01	3.59e-02
 1.69728e+23	1.33e-01	8.32e-01	3.47e-02
 1.70118e+23	1.44e-01	8.23e-01	3.37e-02
 1.70472e+23	1.55e-01	8.13e-01	3.29e-02
 1.70797e+23	1.66e-01	8.02e-01	3.24e-02
 1.71091e+23	1.77e-01	7.91e-01	3.20e-02
 1.71290e+23	1.84e-01	7.84e-01	3.21e-02
 1.71397e+23	1.88e-01	7.80e-01	3.20e-02
 1.71498e+23	1.93e-01	7.75e-01	3.19e-02
 1.71622e+23	1.98e-01	7.70e-01	3.18e-02
 1.71767e+23	2.06e-01	7.62e-01	3.17e-02
 1.71916e+23	2.13e-01	7.56e-01	3.18e-02
 1.72063e+23	2.20e-01	7.48e-01	3.18e-02
 1.72218e+23	2.29e-01	7.40e-01	3.17e-02
 1.72379e+23	2.38e-01	7.31e-01	3.18e-02
 1.72536e+23	2.46e-01	7.22e-01	3.19e-02
 1.72657e+23	2.52e-01	7.15e-01	3.21e-02
 1.72737e+23	2.57e-01	7.11e-01	3.21e-02
 1.72815e+23	2.62e-01	7.06e-01	3.21e-02
 1.72907e+23	2.69e-01	6.99e-01	3.20e-02
 1.73008e+23	2.75e-01	6.93e-01	3.20e-02
 1.73108e+23	2.82e-01	6.86e-01	3.21e-02
 1.73207e+23	2.88e-01	6.79e-01	3.20e-02
 1.73308e+23	2.96e-01	6.72e-01	3.20e-02
 1.73409e+23	3.03e-01	6.65e-01	3.19e-02
 1.73513e+23	3.11e-01	6.57e-01	3.18e-02
 1.73621e+23	3.19e-01	6.49e-01	3.17e-02
 1.73732e+23	3.27e-01	6.41e-01	3.16e-02
 1.73845e+23	3.36e-01	6.32e-01	3.14e-02
 1.73959e+23	3.45e-01	6.23e-01	3.13e-02
 1.74076e+23	3.55e-01	6.14e-01	3.11e-02
 1.74198e+23	3.65e-01	6.04e-01	3.08e-02
 1.74325e+23	3.76e-01	5.94e-01	3.05e-02
 1.74453e+23	3.87e-01	5.83e-01	3.02e-02
 1.74584e+23	3.98e-01	5.72e-01	2.99e-02
 1.74720e+23	4.10e-01	5.61e-01	2.95e-02
 1.74861e+23	4.22e-01	5.48e-01	2.90e-02
 1.75005e+23	4.35e-01	5.36e-01	2.86e-02
 1.75154e+23	4.48e-01	5.24e-01	2.80e-02
 1.75307e+23	4.62e-01	5.10e-01	2.75e-02
 1.75467e+23	4.76e-01	4.97e-01	2.69e-02
 1.75631e+23	4.91e-01	4.83e-01	2.62e-02
 1.75801e+23	5.06e-01	4.69e-01	2.55e-02
 1.75976e+23	5.21e-01	4.54e-01	2.48e-02
 1.76157e+23	5.37e-01	4.39e-01	2.40e-02
 1.76343e+23	5.52e-01	4.25e-01	2.33e-02
 1.76530e+23	5.68e-01	4.10e-01	2.24e-02
 1.76722e+23	5.83e-01	3.95e-01	2.15e-02
 1.76923e+23	5.99e-01	3.81e-01	2.07e-02
 1.77128e+23	6.14e-01	3.66e-01	1.98e-02
 1.77336e+23	6.29e-01	3.52e-01	1.89e-02
 1.77549e+23	6.44e-01	3.38e-01	1.80e-02
 1.77772e+23	6.58e-01	3.25e-01	1.71e-02
 1.78002e+23	6.72e-01	3.12e-01	1.63e-02
 1.78239e+23	6.86e-01	2.99e-01	1.54e-02
 1.78486e+23	6.99e-01	2.86e-01	1.45e-02
 1.78743e+23	7.13e-01	2.74e-01	1.36e-02
 1.79009e+23	7.25e-01	2.62e-01	1.27e-02
 1.79285e+23	7.38e-01	2.50e-01	1.19e-02
 1.79561e+23	7.49e-01	2.40e-01	1.11e-02
 1.79828e+23	7.59e-01	2.31e-01	1.04e-02
 1.80086e+23	7.68e-01	2.22e-01	9.78e-03
 1.80335e+23	7.76e-01	2.14e-01	9.19e-03
 1.80575e+23	7.84e-01	2.07e-01	8.66e-03
 1.80802e+23	7.91e-01	2.01e-01	8.18e-03
 1.81014e+23	7.97e-01	1.95e-01	7.76e-03
 1.81220e+23	8.03e-01	1.90e-01	7.36e-03
 1.81426e+23	8.08e-01	1.85e-01	6.99e-03
 1.81627e+23	8.13e-01	1.80e-01	6.65e-03
 1.81820e+23	8.18e-01	1.76e-01	6.33e-03
 1.82006e+23	8.22e-01	1.72e-01	6.03e-03
 1.82187e+23	8.27e-01	1.68e-01	5.76e-03
 1.82361e+23	8.30e-01	1.64e-01	5.50e-03
 1.82530e+23	8.34e-01	1.60e-01	5.26e-03
 1.82693e+23	8.38e-01	1.57e-01	5.04e-03
 1.82851e+23	8.41e-01	1.54e-01	4.83e-03
 1.83003e+23	8.45e-01	1.51e-01	4.64e-03
 1.83147e+23	8.48e-01	1.48e-01	4.46e-03
 1.83289e+23	8.51e-01	1.45e-01	4.28e-03
 1.83426e+23	8.53e-01	1.43e-01	4.12e-03
 1.83552e+23	8.56e-01	1.40e-01	3.98e-03
 1.83667e+23	8.58e-01	1.38e-01	3.84e-03
 1.83771e+23	8.60e-01	1.36e-01	3.72e-03
 1.83866e+23	8.62e-01	1.34e-01	3.62e-03
 1.83952e+23	8.64e-01	1.32e-01	3.52e-03
 1.84031e+23	8.66e-01	1.31e-01	3.43e-03
 1.84102e+23	8.67e-01	1.29e-01	3.36e-03
 1.84180e+23	8.69e-01	1.27e-01	3.26e-03
 1.84265e+23	8.71e-01	1.26e-01	3.18e-03
 1.84342e+23	8.72e-01	1.25e-01	3.11e-03
 1.84412e+23	8.74e-01	1.23e-01	3.05e-03
 1.84476e+23	8.75e-01	1.22e-01	3.00e-03
 1.84545e+23	8.76e-01	1.21e-01	2.91e-03
 1.84636e+23	8.78e-01	1.19e-01	2.83e-03
 1.84734e+23	8.80e-01	1.18e-01	2.76e-03
 1.84823e+23	8.81e-01	1.16e-01	2.68e-03
 1.84905e+23	8.83e-01	1.15e-01	2.62e-03
 1.84978e+23	8.84e-01	1.13e-01	2.56e-03
 1.85046e+23	8.85e-01	1.13e-01	2.52e-03
 1.85119e+23	8.86e-01	1.11e-01	2.45e-03
 1.85199e+23	8.87e-01	1.10e-01	2.41e-03
 1.85286e+23	8.89e-01	1.09e-01	2.34e-03
 1.85380e+23	8.90e-01	1.07e-01	2.29e-03
 1.85465e+23	8.92e-01	1.06e-01	2.23e-03
 1.85543e+23	8.93e-01	1.05e-01	2.19e-03
 1.85629e+23	8.94e-01	1.04e-01	2.12e-03
 1.85740e+23	8.96e-01	1.02e-01	2.06e-03
 1.85859e+23	8.97e-01	1.01e-01	2.00e-03
 1.85968e+23	8.99e-01	9.91e-02	1.94e-03
 1.86067e+23	9.00e-01	9.78e-02	1.89e-03
 1.86158e+23	9.02e-01	9.65e-02	1.83e-03
 1.86240e+23	9.03e-01	9.53e-02	1.79e-03
 1.86315e+23	9.04e-01	9.42e-02	1.74e-03
 1.86383e+23	9.05e-01	9.31e-02	1.71e-03
 1.86444e+23	9.06e-01	9.23e-02	1.68e-03
 1.86512e+23	9.07e-01	9.12e-02	1.63e-03
 1.86585e+23	9.08e-01	9.02e-02	1.60e-03
 1.86652e+23	9.09e-01	8.93e-02	1.56e-03
 1.86713e+23	9.10e-01	8.86e-02	1.54e-03
 1.86779e+23	9.11e-01	8.77e-02	1.51e-03
 1.86866e+23	9.12e-01	8.65e-02	1.47e-03
 1.86959e+23	9.13e-01	8.56e-02	1.43e-03
 1.87044e+23	9.14e-01	8.45e-02	1.40e-03
 1.87121e+23	9.15e-01	8.36e-02	1.37e-03
 1.87191e+23	9.16e-01	8.28e-02	1.34e-03
 1.87268e+23	9.17e-01	8.16e-02	1.30e-03
 1.87368e+23	9.18e-01	8.04e-02	1.27e-03
 1.87476e+23	9.19e-01	7.94e-02	1.23e-03
 1.87575e+23	9.20e-01	7.83e-02	1.20e-03
 1.87664e+23	9.21e-01	7.74e-02	1.17e-03
 1.87762e+23	9.23e-01	7.63e-02	1.14e-03
 1.87868e+23	9.24e-01	7.53e-02	1.11e-03
 1.87964e+23	9.25e-01	7.43e-02	1.08e-03
 1.88052e+23	9.25e-01	7.36e-02	1.06e-03
 1.88148e+23	9.27e-01	7.25e-02	1.02e-03
 1.88252e+23	9.27e-01	7.16e-02	9.99e-04
 1.88346e+23	9.28e-01	7.06e-02	9.72e-04
 1.88432e+23	9.29e-01	7.00e-02	9.55e-04
 1.88526e+23	9.30e-01	6.89e-02	9.26e-04
 1.88628e+23	9.31e-01	6.81e-02	9.04e-04
 1.88720e+23	9.32e-01	6.74e-02	8.85e-04
 1.88821e+23	9.33e-01	6.63e-02	8.57e-04
 1.88931e+23	9.34e-01	6.55e-02	8.36e-04
 1.89030e+23	9.35e-01	6.46e-02	8.14e-04
 1.89121e+23	9.35e-01	6.40e-02	7.98e-04
 1.89220e+23	9.36e-01	6.30e-02	7.74e-04
 1.89327e+23	9.37e-01	6.23e-02	7.55e-04
 1.89425e+23	9.38e-01	6.16e-02	7.39e-04
 1.89531e+23	9.39e-01	6.06e-02	7.15e-04
 1.89647e+23	9.39e-01	5.99e-02	6.97e-04
 1.89752e+23	9.40e-01	5.90e-02	6.78e-04
 1.89847e+23	9.41e-01	5.84e-02	6.65e-04
 1.89952e+23	9.42e-01	5.75e-02	6.44e-04
 1.90065e+23	9.43e-01	5.68e-02	6.28e-04
 1.90168e+23	9.43e-01	5.62e-02	6.14e-04
 1.90280e+23	9.44e-01	5.53e-02	5.94e-04
 1.90402e+23	9.45e-01	5.46e-02	5.79e-04
 1.90513e+23	9.46e-01	5.39e-02	5.65e-04
 1.90634e+23	9.46e-01	5.30e-02	5.46e-04
 1.90765e+23	9.47e-01	5.22e-02	5.31e-04
 1.90884e+23	9.48e-01	5.16e-02	5.17e-04
 1.91015e+23	9.49e-01	5.06e-02	4.98e-04
 1.91156e+23	9.50e-01	5.00e-02	4.85e-04
 1.91284e+23	9.50e-01	4.92e-02	4.70e-04
 1.91401e+23	9.51e-01	4.85e-02	4.58e-04
 1.91529e+23	9.52e-01	4.77e-02	4.42e-04
 1.91667e+23	9.53e-01	4.70e-02	4.29e-04
 1.91792e+23	9.53e-01	4.64e-02	4.19e-04
 1.91930e+23	9.54e-01	4.55e-02	4.04e-04
 1.92079e+23	9.55e-01	4.48e-02	3.91e-04
 1.92214e+23	9.55e-01	4.43e-02	3.81e-04
 1.92362e+23	9.56e-01	4.34e-02	3.66e-04
 1.92522e+23	9.57e-01	4.27e-02	3.54e-04
 1.92668e+23	9.58e-01	4.21e-02	3.45e-04
 1.92828e+23	9.58e-01	4.12e-02	3.31e-04
 1.93000e+23	9.59e-01	4.06e-02	3.21e-04
 1.93157e+23	9.60e-01	3.99e-02	3.09e-04
 1.93299e+23	9.60e-01	3.93e-02	3.00e-04
 1.93456e+23	9.61e-01	3.85e-02	2.89e-04
 1.93624e+23	9.62e-01	3.79e-02	2.79e-04
 1.93778e+23	9.62e-01	3.73e-02	2.71e-04
 1.93946e+23	9.63e-01	3.66e-02	2.60e-04
 1.94128e+23	9.64e-01	3.59e-02	2.51e-04
 1.94293e+23	9.64e-01	3.54e-02	2.43e-04
 1.94474e+23	9.65e-01	3.46e-02	2.33e-04
 1.94670e+23	9.66e-01	3.39e-02	2.24e-04
 1.94848e+23	9.66e-01	3.34e-02	2.17e-04
 1.95043e+23	9.67e-01	3.26e-02	2.07e-04
 1.95254e+23	9.68e-01	3.20e-02	2.00e-04
 1.95445e+23	9.68e-01	3.14e-02	1.92e-04
 1.95620e+23	9.69e-01	3.09e-02	1.86e-04
 1.95811e+23	9.70e-01	3.02e-02	1.78e-04
 1.96017e+23	9.70e-01	2.96e-02	1.71e-04
 1.96205e+23	9.71e-01	2.91e-02	1.65e-04
 1.96411e+23	9.71e-01	2.84e-02	1.58e-04
 1.96633e+23	9.72e-01	2.78e-02	1.51e-04
 1.96835e+23	9.73e-01	2.73e-02	1.46e-04
 1.97056e+23	9.73e-01	2.67e-02	1.39e-04
 1.97295e+23	9.74e-01	2.61e-02	1.33e-04
 1.97513e+23	9.74e-01	2.56e-02	1.28e-04
 1.97711e+23	9.75e-01	2.51e-02	1.23e-04
 1.97928e+23	9.75e-01	2.46e-02	1.18e-04
 1.98162e+23	9.76e-01	2.41e-02	1.13e-04
 1.98375e+23	9.76e-01	2.36e-02	1.09e-04
 1.98609e+23	9.77e-01	2.31e-02	1.04e-04
 1.98861e+23	9.77e-01	2.25e-02	9.92e-05
 1.99090e+23	9.78e-01	2.20e-02	9.49e-05
 1.99299e+23	9.78e-01	2.16e-02	9.15e-05
 1.99528e+23	9.79e-01	2.12e-02	8.74e-05
 1.99825e+23	9.79e-01	2.05e-02	8.25e-05
 2.00169e+23	9.80e-01	1.99e-02	7.74e-05
 2.00524e+23	9.81e-01	1.93e-02	7.25e-05
 2.00886e+23	9.81e-01	1.86e-02	6.78e-05
 2.01255e+23	9.82e-01	1.80e-02	6.34e-05
 2.01628e+23	9.83e-01	1.74e-02	5.93e-05
 2.02004e+23	9.83e-01	1.68e-02	5.54e-05
 2.02384e+23	9.84e-01	1.62e-02	5.17e-05
 2.02769e+23	9.84e-01	1.57e-02	4.82e-05
 2.03158e+23	9.85e-01	1.52e-02	4.50e-05
 2.03551e+23	9.85e-01	1.46e-02	4.19e-05
 2.03948e+23	9.86e-01	1.41e-02	3.91e-05
 2.04348e+23	9.86e-01	1.36e-02	3.64e-05
 2.04752e+23	9.87e-01	1.31e-02	3.39e-05
 2.05159e+23	9.87e-01	1.27e-02	3.16e-05
 2.05569e+23	9.88e-01	1.22e-02	2.94e-05
 2.05982e+23	9.88e-01	1.18e-02	2.73e-05
 2.06397e+23	9.89e-01	1.14e-02	2.54e-05
 2.06816e+23	9.89e-01	1.10e-02	2.36e-05
 2.07239e+23	9.89e-01	1.06e-02	2.19e-05
 2.07664e+23	9.90e-01	1.02e-02	2.04e-05
 2.08092e+23	9.90e-01	9.81e-03	1.89e-05
 2.08524e+23	9.91e-01	9.46e-03	1.76e-05
 2.08958e+23	9.91e-01	9.11e-03	1.63e-05
 2.09401e+23	9.91e-01	8.77e-03	1.51e-05
 2.09854e+23	9.92e-01	8.44e-03	1.40e-05
 2.10311e+23	9.92e-01	8.12e-03	1.30e-05
 2.10775e+23	9.92e-01	7.80e-03	1.20e-05
 2.11242e+23	9.92e-01	7.50e-03	1.11e-05
 2.11715e+23	9.93e-01	7.21e-03	1.02e-05
 2.12193e+23	9.93e-01	6.93e-03	9.46e-06
 2.12676e+23	9.93e-01	6.65e-03	8.73e-06
 2.13168e+23	9.94e-01	6.39e-03	8.04e-06
 2.13667e+23	9.94e-01	6.13e-03	7.41e-06
 2.14179e+23	9.94e-01	5.88e-03	6.81e-06
 2.14704e+23	9.94e-01	5.63e-03	6.25e-06
 2.15237e+23	9.95e-01	5.39e-03	5.73e-06
 2.15780e+23	9.95e-01	5.16e-03	5.25e-06
 2.16333e+23	9.95e-01	4.94e-03	4.80e-06
 2.16895e+23	9.95e-01	4.72e-03	4.39e-06
 2.17468e+23	9.95e-01	4.51e-03	4.01e-06
 2.18053e+23	9.96e-01	4.30e-03	3.65e-06
 2.18653e+23	9.96e-01	4.10e-03	3.32e-06
 2.19268e+23	9.96e-01	3.91e-03	3.02e-06
 2.19896e+23	9.96e-01	3.72e-03	2.73e-06
 2.20539e+23	9.96e-01	3.54e-03	2.47e-06
 2.21197e+23	9.97e-01	3.36e-03	2.23e-06
 2.21871e+23	9.97e-01	3.20e-03	2.01e-06
 2.22560e+23	9.97e-01	3.03e-03	1.81e-06
 2.23261e+23	9.97e-01	2.88e-03	1.63e-06
 2.23968e+23	9.97e-01	2.73e-03	1.47e-06
 2.24683e+23	9.97e-01	2.58e-03	1.32e-06
 2.25406e+23	9.98e-01	2.45e-03	1.18e-06
 2.26136e+23	9.98e-01	2.32e-03	1.06e-06
 2.26873e+23	9.98e-01	2.20e-03	9.50e-07
 2.27619e+23	9.98e-01	2.08e-03	8.51e-07
 2.28372e+23	9.98e-01	1.97e-03	7.62e-07
 2.29134e+23	9.98e-01	1.86e-03	6.82e-07
 2.29902e+23	9.98e-01	1.76e-03	6.10e-07
 2.30674e+23	9.98e-01	1.66e-03	5.45e-07
 2.31458e+23	9.98e-01	1.57e-03	4.87e-07
 2.32250e+23	9.99e-01	1.49e-03	4.34e-07
 2.33051e+23	9.99e-01	1.40e-03	3.87e-07
 2.33863e+23	9.99e-01	1.32e-03	3.44e-07
 2.34683e+23	9.99e-01	1.25e-03	3.06e-07
 2.35513e+23	9.99e-01	1.18e-03	2.72e-07
 2.36347e+23	9.99e-01	1.11e-03	2.41e-07
 2.37159e+23	9.99e-01	1.05e-03	2.16e-07
 2.37921e+23	9.99e-01	9.94e-04	1.94e-07
 2.38628e+23	9.99e-01	9.46e-04	1.76e-07
 2.39294e+23	9.99e-01	9.04e-04	1.60e-07
 2.39929e+23	9.99e-01	8.65e-04	1.47e-07
 2.40537e+23	9.99e-01	8.29e-04	1.35e-07
 2.41114e+23	9.99e-01	7.96e-04	1.25e-07
 2.41661e+23	9.99e-01	7.67e-04	1.15e-07
 2.42178e+23	9.99e-01	7.40e-04	1.07e-07
 2.42669e+23	9.99e-01	7.15e-04	1.00e-07
 2.43137e+23	9.99e-01	6.92e-04	9.41e-08
 2.43583e+23	9.99e-01	6.72e-04	8.86e-08
 2.44004e+23	9.99e-01	6.53e-04	8.37e-08
 2.44401e+23	9.99e-01	6.35e-04	7.92e-08
 2.44782e+23	9.99e-01	6.19e-04	7.51e-08
 2.45150e+23	9.99e-01	6.03e-04	7.14e-08
 2.45505e+23	9.99e-01	5.88e-04	6.79e-08
 2.45842e+23	9.99e-01	5.75e-04	6.48e-08
 2.46163e+23	9.99e-01	5.62e-04	6.20e-08
 2.46470e+23	9.99e-01	5.50e-04	5.94e-08
 2.46766e+23	9.99e-01	5.38e-04	5.69e-08
 2.47053e+23	9.99e-01	5.28e-04	5.46e-08
 2.47332e+23	9.99e-01	5.17e-04	5.25e-08
 2.47600e+23	9.99e-01	5.08e-04	5.06e-08
 2.47857e+23	1.00e+00	4.99e-04	4.88e-08
 2.48106e+23	1.00e+00	4.90e-04	4.71e-08
 2.48350e+23	1.00e+00	4.82e-04	4.55e-08
 2.48589e+23	1.00e+00	4.74e-04	4.40e-08
 2.48824e+23	1.00e+00	4.66e-04	4.26e-08
 2.49055e+23	1.00e+00	4.58e-04	4.12e-08
 2.49282e+23	1.00e+00	4.51e-04	3.99e-08
 2.49506e+23	1.00e+00	4.44e-04	3.86e-08
 2.49729e+23	1.00e+00	4.37e-04	3.74e-08
 2.49953e+23	1.00e+00	4.30e-04	3.63e-08
 2.50176e+23	1.00e+00	4.23e-04	3.51e-08
 2.50401e+23	1.00e+00	4.16e-04	3.40e-08
 2.50630e+23	1.00e+00	4.09e-04	3.28e-08
 2.50863e+23	1.00e+00	4.02e-04	3.18e-08
 2.51102e+23	1.00e+00	3.95e-04	3.07e-08
 2.51346e+23	1.00e+00	3.88e-04	2.96e-08
 2.51599e+23	1.00e+00	3.81e-04	2.85e-08
 2.51862e+23	1.00e+00	3.74e-04	2.74e-08
 2.52136e+23	1.00e+00	3.66e-04	2.63e-08
 2.52423e+23	1.00e+00	3.58e-04	2.52e-08
 2.52723e+23	1.00e+00	3.50e-04	2.41e-08
 2.53040e+23	1.00e+00	3.42e-04	2.30e-08
 2.53375e+23	1.00e+00	3.34e-04	2.19e-08
 2.53729e+23	1.00e+00	3.25e-04	2.07e-08
 2.54104e+23	1.00e+00	3.16e-04	1.96e-08
 2.54501e+23	1.00e+00	3.07e-04	1.85e-08
 2.54923e+23	1.00e+00	2.97e-04	1.73e-08
 2.55373e+23	1.00e+00	2.87e-04	1.62e-08
 2.55854e+23	1.00e+00	2.77e-04	1.50e-08
 2.56366e+23	1.00e+00	2.66e-04	1.39e-08
 2.56911e+23	1.00e+00	2.55e-04	1.28e-08
 2.57493e+23	1.00e+00	2.44e-04	1.17e-08
 2.58116e+23	1.00e+00	2.32e-04	1.06e-08
 2.58787e+23	1.00e+00	2.20e-04	9.52e-09
 2.59510e+23	1.00e+00	2.08e-04	8.51e-09
 2.60287e+23	1.00e+00	1.96e-04	7.52e-09
 2.61125e+23	1.00e+00	1.83e-04	6.58e-09
 2.62037e+23	1.00e+00	1.70e-04	5.67e-09
 2.63032e+23	1.00e+00	1.57e-04	4.82e-09
 2.64115e+23	1.00e+00	1.43e-04	4.03e-09
 2.65290e+23	1.00e+00	1.30e-04	3.32e-09
 2.66561e+23	1.00e+00	1.17e-04	2.68e-09
 2.67928e+23	1.00e+00	1.04e-04	2.12e-09
 2.69374e+23	1.00e+00	9.17e-05	1.66e-09
 2.70865e+23	1.00e+00	8.07e-05	1.29e-09
 2.72317e+23	1.00e+00	7.14e-05	1.01e-09
 2.73600e+23	1.00e+00	6.43e-05	8.20e-10
 2.74659e+23	1.00e+00	5.90e-05	6.90e-10
 2.75542e+23	1.00e+00	5.49e-05	5.97e-10
 2.76306e+23	1.00e+00	5.15e-05	5.25e-10
 2.76985e+23	1.00e+00	4.86e-05	4.69e-10
 2.77550e+23	1.00e+00	4.64e-05	4.28e-10
 2.77971e+23	1.00e+00	4.49e-05	4.01e-10
 2.78282e+23	1.00e+00	4.38e-05	3.81e-10
 2.78533e+23	1.00e+00	4.29e-05	3.66e-10
 2.78754e+23	1.00e+00	4.21e-05	3.52e-10
 2.78953e+23	1.00e+00	4.14e-05	3.41e-10
 2.79135e+23	1.00e+00	4.08e-05	3.31e-10
 2.79303e+23	1.00e+00	4.02e-05	3.22e-10
 2.79461e+23	1.00e+00	3.98e-05	3.15e-10
 2.79610e+23	1.00e+00	3.93e-05	3.08e-10
 2.79754e+23	1.00e+00	3.89e-05	3.02e-10
 2.79893e+23	1.00e+00	3.86e-05	2.97e-10
 2.80029e+23	1.00e+00	3.83e-05	2.93e-10
 2.80163e+23	1.00e+00	3.81e-05	2.89e-10
 2.80297e+23	1.00e+00	3.79e-05	2.86e-10
 2.80430e+23	1.00e+00	3.77e-05	2.84e-10
 2.80565e+23	1.00e+00	3.76e-05	2.82e-10
 2.80702e+23	1.00e+00	3.75e-05	2.81e-10
 2.80841e+23	1.00e+00	3.74e-05	2.80e-10
 2.80985e+23	1.00e+00	3.74e-05	2.80e-10
 2.81134e+23	1.00e+00	3.74e-05	2.80e-10
 2.81290e+23	1.00e+00	3.75e-05	2.81e-10
 2.81453e+23	1.00e+00	3.75e-05	2.82e-10
 2.81629e+23	1.00e+00	3.75e-05	2.82e-10
 2.81816e+23	1.00e+00	3.76e-05	2.83e-10
 2.82017e+23	1.00e+00	3.75e-05	2.83e-10
 2.82234e+23	1.00e+00	3.74e-05	2.81e-10
 2.82481e+23	1.00e+00	3.72e-05	2.77e-10
 2.82780e+23	1.00e+00	3.67e-05	2.70e-10
 2.83160e+23	1.00e+00	3.58e-05	2.57e-10
 2.83654e+23	1.00e+00	3.45e-05	2.39e-10
 2.84296e+23	1.00e+00	3.27e-05	2.15e-10
 2.85044e+23	1.00e+00	3.08e-05	1.91e-10
 2.85746e+23	1.00e+00	2.92e-05	1.72e-10
 2.86326e+23	1.00e+00	2.80e-05	1.58e-10
 2.86836e+23	1.00e+00	2.69e-05	1.46e-10
 2.87308e+23	1.00e+00	2.59e-05	1.35e-10
 2.87743e+23	1.00e+00	2.50e-05	1.26e-10
 2.88146e+23	1.00e+00	2.43e-05	1.19e-10
 2.88525e+23	1.00e+00	2.35e-05	1.12e-10
 2.88895e+23	1.00e+00	2.28e-05	1.05e-10
 2.89195e+23	1.00e+00	2.24e-05	1.01e-10
 2.89378e+23	1.00e+00	2.21e-05	9.86e-11
 2.89519e+23	1.00e+00	2.19e-05	9.65e-11
 2.89668e+23	1.00e+00	2.16e-05	9.42e-11
 2.89833e+23	1.00e+00	2.13e-05	9.16e-11
 2.89994e+23	1.00e+00	2.10e-05	8.94e-11
 2.90140e+23	1.00e+00	2.08e-05	8.74e-11
 2.90278e+23	1.00e+00	2.06e-05	8.56e-11
 2.90394e+23	1.00e+00	2.04e-05	8.41e-11
 2.90514e+23	1.00e+00	2.02e-05	8.24e-11
 2.90656e+23	1.00e+00	1.99e-05	8.04e-11
 2.90800e+23	1.00e+00	1.97e-05	7.87e-11
 2.90931e+23	1.00e+00	1.95e-05	7.71e-11
 2.91074e+23	1.00e+00	1.93e-05	7.51e-11
 2.91222e+23	1.00e+00	1.90e-05	7.34e-11
 2.91365e+23	1.00e+00	1.88e-05	7.17e-11
 2.91509e+23	1.00e+00	1.86e-05	7.01e-11
 2.91651e+23	1.00e+00	1.84e-05	6.85e-11
 2.91802e+23	1.00e+00	1.82e-05	6.68e-11
 2.91954e+23	1.00e+00	1.79e-05	6.52e-11
 2.92105e+23	1.00e+00	1.77e-05	6.36e-11
 2.92249e+23	1.00e+00	1.75e-05	6.22e-11
 2.92403e+23	1.00e+00	1.73e-05	6.05e-11
 2.92569e+23	1.00e+00	1.71e-05	5.89e-11
 2.92729e+23	1.00e+00	1.68e-05	5.74e-11
 2.92888e+23	1.00e+00	1.66e-05	5.60e-11
 2.93048e+23	1.00e+00	1.64e-05	5.45e-11
 2.93215e+23	1.00e+00	1.62e-05	5.31e-11
 2.93379e+23	1.00e+00	1.60e-05	5.17e-11
 2.93547e+23	1.00e+00	1.57e-05	5.02e-11
 2.93719e+23	1.00e+00	1.55e-05	4.89e-11
 2.93894e+23	1.00e+00	1.53e-05	4.74e-11
 2.94074e+23	1.00e+00	1.51e-05	4.61e-11
 2.94246e+23	1.00e+00	1.49e-05	4.48e-11
 2.94427e+23	1.00e+00	1.46e-05	4.34e-11
 2.94625e+23	1.00e+00	1.44e-05	4.21e-11
 2.94813e+23	1.00e+00	1.42e-05	4.08e-11
 2.95001e+23	1.00e+00	1.39e-05	3.95e-11
 2.95194e+23	1.00e+00	1.37e-05	3.83e-11
 2.95392e+23	1.00e+00	1.35e-05	3.70e-11
 2.95597e+23	1.00e+00	1.33e-05	3.58e-11
 2.95800e+23	1.00e+00	1.31e-05	3.47e-11
 2.96001e+23	1.00e+00	1.28e-05	3.35e-11
 2.96211e+23	1.00e+00	1.26e-05	3.24e-11
 2.96425e+23	1.00e+00	1.24e-05	3.13e-11
 2.96642e+23	1.00e+00	1.22e-05	3.01e-11
 2.96866e+23	1.00e+00	1.19e-05	2.90e-11
 2.97087e+23	1.00e+00	1.17e-05	2.80e-11
 2.97311e+23	1.00e+00	1.15e-05	2.70e-11
 2.97535e+23	1.00e+00	1.13e-05	2.60e-11
 2.97763e+23	1.00e+00	1.11e-05	2.50e-11
 2.98004e+23	1.00e+00	1.08e-05	2.40e-11
 2.98246e+23	1.00e+00	1.06e-05	2.30e-11
 2.98486e+23	1.00e+00	1.04e-05	2.21e-11
 2.98729e+23	1.00e+00	1.02e-05	2.13e-11
 2.98977e+23	1.00e+00	9.98e-06	2.04e-11
 2.99228e+23	1.00e+00	9.77e-06	1.95e-11
 2.99480e+23	1.00e+00	9.56e-06	1.87e-11
 2.99737e+23	1.00e+00	9.35e-06	1.79e-11
 2.99999e+23	1.00e+00	9.14e-06	1.72e-11
 3.00261e+23	1.00e+00	8.94e-06	1.64e-11
 3.00527e+23	1.00e+00	8.74e-06	1.57e-11
 3.00796e+23	1.00e+00	8.53e-06	1.50e-11
 3.01068e+23	1.00e+00	8.34e-06	1.43e-11
 3.01344e+23	1.00e+00	8.14e-06	1.36e-11
 3.01624e+23	1.00e+00	7.94e-06	1.30e-11
 3.01905e+23	1.00e+00	7.75e-06	1.24e-11
 3.02190e+23	1.00e+00	7.56e-06	1.18e-11
 3.02477e+23	1.00e+00	7.37e-06	1.12e-11
 3.02767e+23	1.00e+00	7.18e-06	1.06e-11
 3.03061e+23	1.00e+00	6.99e-06	1.01e-11
 3.03359e+23	1.00e+00	6.81e-06	9.59e-12
 3.03659e+23	1.00e+00	6.63e-06	9.08e-12
 3.03963e+23	1.00e+00	6.45e-06	8.61e-12
 3.04269e+23	1.00e+00	6.27e-06	8.14e-12
 3.04579e+23	1.00e+00	6.09e-06	7.70e-12
 3.04892e+23	1.00e+00	5.92e-06	7.27e-12
 3.05210e+23	1.00e+00	5.75e-06	6.86e-12
 3.05530e+23	1.00e+00	5.58e-06	6.47e-12
 3.05855e+23	1.00e+00	5.41e-06	6.08e-12
 3.06184e+23	1.00e+00	5.24e-06	5.72e-12
 3.06517e+23	1.00e+00	5.07e-06	5.36e-12
 3.06855e+23	1.00e+00	4.90e-06	5.02e-12
 3.07198e+23	1.00e+00	4.74e-06	4.68e-12
 3.07546e+23	1.00e+00	4.57e-06	4.36e-12
 3.07902e+23	1.00e+00	4.40e-06	4.05e-12
 3.08265e+23	1.00e+00	4.23e-06	3.74e-12
 3.08508e+23	1.00e+00	4.12e-06	3.56e-12
