#depth	O	O+	O+2	O+3	O+4	O+5	O+6	O+7	O+8	O[1]	O[2]	O[3]
 4.62852e+21	1.08e-13	2.27e-08	1.03e-04	1.77e-02	1.51e-01	3.42e-01	4.81e-01	8.04e-03	2.56e-05	1.08e-13	2.11e-23	2.51e-23
 1.04100e+22	5.87e-13	9.82e-08	3.15e-04	3.74e-02	2.22e-01	3.75e-01	3.61e-01	4.11e-03	8.97e-06	5.87e-13	1.29e-22	1.52e-22
 1.21393e+22	1.36e-12	1.99e-07	5.35e-04	5.27e-02	2.62e-01	3.80e-01	3.03e-01	2.86e-03	5.16e-06	1.36e-12	3.19e-22	3.76e-22
 1.31770e+22	2.66e-12	3.45e-07	8.03e-04	6.81e-02	2.93e-01	3.77e-01	2.59e-01	2.10e-03	3.26e-06	2.66e-12	6.61e-22	7.77e-22
 1.37800e+22	3.28e-12	4.09e-07	9.10e-04	7.37e-02	3.03e-01	3.75e-01	2.46e-01	1.90e-03	2.82e-06	3.28e-12	8.31e-22	9.76e-22
 1.41062e+22	4.26e-12	5.05e-07	1.06e-03	8.11e-02	3.15e-01	3.71e-01	2.30e-01	1.67e-03	2.34e-06	4.26e-12	1.10e-21	1.29e-21
 1.44740e+22	5.52e-12	6.23e-07	1.24e-03	8.90e-02	3.27e-01	3.67e-01	2.14e-01	1.47e-03	1.94e-06	5.52e-12	1.47e-21	1.72e-21
 1.48114e+22	6.91e-12	7.45e-07	1.41e-03	9.63e-02	3.37e-01	3.63e-01	2.01e-01	1.31e-03	1.64e-06	6.91e-12	1.88e-21	2.20e-21
 1.51657e+22	9.16e-12	9.31e-07	1.65e-03	1.06e-01	3.50e-01	3.56e-01	1.85e-01	1.13e-03	1.33e-06	9.16e-12	2.56e-21	3.00e-21
 1.55256e+22	1.15e-11	1.12e-06	1.88e-03	1.15e-01	3.59e-01	3.50e-01	1.73e-01	1.00e-03	1.12e-06	1.15e-11	3.30e-21	3.87e-21
 1.58926e+22	1.54e-11	1.41e-06	2.22e-03	1.26e-01	3.71e-01	3.42e-01	1.58e-01	8.56e-04	8.92e-07	1.54e-11	4.56e-21	5.33e-21
 1.62656e+22	1.96e-11	1.69e-06	2.53e-03	1.36e-01	3.80e-01	3.35e-01	1.46e-01	7.51e-04	7.40e-07	1.96e-11	5.92e-21	6.93e-21
 1.65900e+22	2.44e-11	2.01e-06	2.85e-03	1.46e-01	3.88e-01	3.27e-01	1.36e-01	6.62e-04	6.20e-07	2.44e-11	7.59e-21	8.87e-21
 1.69552e+22	3.23e-11	2.49e-06	3.32e-03	1.59e-01	3.97e-01	3.17e-01	1.23e-01	5.64e-04	4.95e-07	3.23e-11	1.04e-20	1.21e-20
 1.73283e+22	4.10e-11	2.99e-06	3.77e-03	1.71e-01	4.04e-01	3.08e-01	1.13e-01	4.89e-04	4.06e-07	4.10e-11	1.35e-20	1.58e-20
 1.76570e+22	5.14e-11	3.56e-06	4.25e-03	1.83e-01	4.10e-01	2.99e-01	1.04e-01	4.27e-04	3.36e-07	5.14e-11	1.74e-20	2.03e-20
 1.80297e+22	6.81e-11	4.40e-06	4.92e-03	1.98e-01	4.16e-01	2.87e-01	9.39e-02	3.59e-04	2.64e-07	6.81e-11	2.40e-20	2.79e-20
 1.84119e+22	8.69e-11	5.29e-06	5.58e-03	2.12e-01	4.21e-01	2.76e-01	8.54e-02	3.08e-04	2.13e-07	8.69e-11	3.15e-20	3.67e-20
 1.87500e+22	1.09e-10	6.28e-06	6.27e-03	2.25e-01	4.25e-01	2.66e-01	7.79e-02	2.65e-04	1.74e-07	1.09e-10	4.08e-20	4.75e-20
 1.91331e+22	1.45e-10	7.76e-06	7.23e-03	2.42e-01	4.28e-01	2.53e-01	6.93e-02	2.20e-04	1.35e-07	1.45e-10	5.64e-20	6.57e-20
 1.95287e+22	1.87e-10	9.34e-06	8.19e-03	2.58e-01	4.30e-01	2.41e-01	6.22e-02	1.86e-04	0.00e+00	1.87e-10	7.50e-20	8.73e-20
 1.98810e+22	2.36e-10	1.11e-05	9.18e-03	2.73e-01	4.31e-01	2.30e-01	5.62e-02	1.58e-04	0.00e+00	2.36e-10	9.78e-20	1.14e-19
 2.02796e+22	3.16e-10	1.37e-05	1.06e-02	2.93e-01	4.31e-01	2.16e-01	4.93e-02	1.29e-04	0.00e+00	3.16e-10	1.37e-19	1.59e-19
 2.06935e+22	4.10e-10	1.66e-05	1.20e-02	3.11e-01	4.30e-01	2.04e-01	4.36e-02	1.07e-04	0.00e+00	4.10e-10	1.84e-19	2.14e-19
 2.10651e+22	5.22e-10	1.97e-05	1.34e-02	3.27e-01	4.27e-01	1.93e-01	3.89e-02	8.98e-05	0.00e+00	5.22e-10	2.43e-19	2.83e-19
 2.14859e+22	7.11e-10	2.46e-05	1.54e-02	3.49e-01	4.23e-01	1.79e-01	3.34e-02	7.13e-05	0.00e+00	7.11e-10	3.47e-19	4.04e-19
 2.19212e+22	9.25e-10	2.96e-05	1.74e-02	3.68e-01	4.18e-01	1.67e-01	2.93e-02	5.83e-05	0.00e+00	9.25e-10	4.71e-19	5.48e-19
 2.23136e+22	1.19e-09	3.54e-05	1.95e-02	3.86e-01	4.13e-01	1.56e-01	2.57e-02	4.79e-05	0.00e+00	1.19e-09	6.32e-19	7.35e-19
 2.26756e+22	1.48e-09	4.12e-05	2.14e-02	4.02e-01	4.07e-01	1.46e-01	2.29e-02	4.04e-05	0.00e+00	1.48e-09	8.11e-19	9.44e-19
 2.30600e+22	1.95e-09	4.99e-05	2.41e-02	4.22e-01	3.99e-01	1.35e-01	1.97e-02	3.23e-05	0.00e+00	1.95e-09	1.12e-18	1.30e-18
 2.34864e+22	2.55e-09	6.01e-05	2.71e-02	4.41e-01	3.90e-01	1.24e-01	1.69e-02	2.59e-05	0.00e+00	2.55e-09	1.54e-18	1.79e-18
 2.39036e+22	3.32e-09	7.21e-05	3.03e-02	4.60e-01	3.81e-01	1.14e-01	1.46e-02	2.07e-05	0.00e+00	3.32e-09	2.09e-18	2.44e-18
 2.42785e+22	4.09e-09	8.31e-05	3.30e-02	4.75e-01	3.73e-01	1.07e-01	1.29e-02	1.73e-05	0.00e+00	4.09e-09	2.68e-18	3.12e-18
 2.46627e+22	5.37e-09	9.99e-05	3.68e-02	4.93e-01	3.62e-01	9.71e-02	1.10e-02	1.37e-05	0.00e+00	5.37e-09	3.69e-18	4.30e-18
 2.50479e+22	6.62e-09	1.15e-04	4.01e-02	5.07e-01	3.53e-01	9.01e-02	9.67e-03	1.14e-05	0.00e+00	6.62e-09	4.73e-18	5.51e-18
 2.54345e+22	8.59e-09	1.37e-04	4.44e-02	5.25e-01	3.41e-01	8.19e-02	8.23e-03	9.02e-06	0.00e+00	8.59e-09	6.46e-18	7.53e-18
 2.58286e+22	1.07e-08	1.59e-04	4.85e-02	5.39e-01	3.30e-01	7.53e-02	7.15e-03	7.36e-06	0.00e+00	1.07e-08	8.41e-18	9.80e-18
 2.61711e+22	1.31e-08	1.82e-04	5.24e-02	5.51e-01	3.20e-01	6.96e-02	6.27e-03	6.10e-06	0.00e+00	1.31e-08	1.07e-17	1.25e-17
 2.65551e+22	1.69e-08	2.15e-04	5.77e-02	5.66e-01	3.08e-01	6.29e-02	5.32e-03	4.82e-06	0.00e+00	1.69e-08	1.46e-17	1.70e-17
 2.69494e+22	2.11e-08	2.49e-04	6.26e-02	5.78e-01	2.97e-01	5.75e-02	4.59e-03	3.90e-06	0.00e+00	2.11e-08	1.89e-17	2.21e-17
 2.72982e+22	2.58e-08	2.84e-04	6.75e-02	5.89e-01	2.86e-01	5.28e-02	4.00e-03	3.21e-06	0.00e+00	2.58e-08	2.42e-17	2.82e-17
 2.76924e+22	3.33e-08	3.35e-04	7.40e-02	6.02e-01	2.73e-01	4.73e-02	3.36e-03	2.51e-06	0.00e+00	3.33e-08	3.29e-17	3.84e-17
 2.80994e+22	4.15e-08	3.86e-04	8.01e-02	6.12e-01	2.62e-01	4.29e-02	2.88e-03	2.01e-06	0.00e+00	4.15e-08	4.30e-17	5.03e-17
 2.84621e+22	5.10e-08	4.42e-04	8.62e-02	6.21e-01	2.51e-01	3.90e-02	2.48e-03	1.63e-06	0.00e+00	5.10e-08	5.54e-17	6.47e-17
 2.88728e+22	6.60e-08	5.21e-04	9.42e-02	6.31e-01	2.38e-01	3.46e-02	2.06e-03	1.26e-06	0.00e+00	6.60e-08	7.60e-17	8.87e-17
 2.92982e+22	8.27e-08	6.02e-04	1.02e-01	6.38e-01	2.27e-01	3.11e-02	1.75e-03	9.93e-07	0.00e+00	8.27e-08	1.00e-16	1.17e-16
 2.96793e+22	1.02e-07	6.87e-04	1.09e-01	6.45e-01	2.16e-01	2.80e-02	1.49e-03	7.98e-07	0.00e+00	1.02e-07	1.29e-16	1.51e-16
 3.01113e+22	1.34e-07	8.19e-04	1.20e-01	6.52e-01	2.02e-01	2.44e-02	1.21e-03	5.94e-07	0.00e+00	1.34e-07	1.82e-16	2.12e-16
 3.05458e+22	1.65e-07	9.33e-04	1.28e-01	6.56e-01	1.92e-01	2.19e-02	1.03e-03	4.76e-07	0.00e+00	1.65e-07	2.34e-16	2.74e-16
 3.09834e+22	2.16e-07	1.10e-03	1.40e-01	6.60e-01	1.79e-01	1.90e-02	8.38e-04	3.55e-07	0.00e+00	2.16e-07	3.26e-16	3.82e-16
 3.14324e+22	2.68e-07	1.26e-03	1.50e-01	6.62e-01	1.69e-01	1.69e-02	7.06e-04	2.80e-07	0.00e+00	2.68e-07	4.26e-16	4.99e-16
 3.18155e+22	3.27e-07	1.43e-03	1.59e-01	6.63e-01	1.60e-01	1.52e-02	6.01e-04	2.24e-07	0.00e+00	3.27e-07	5.46e-16	6.39e-16
 3.21750e+22	3.97e-07	1.61e-03	1.69e-01	6.63e-01	1.52e-01	1.36e-02	5.13e-04	1.80e-07	0.00e+00	3.97e-07	6.93e-16	8.11e-16
 3.25845e+22	5.00e-07	1.86e-03	1.81e-01	6.63e-01	1.42e-01	1.19e-02	4.24e-04	1.38e-07	0.00e+00	5.00e-07	9.27e-16	1.08e-15
 3.30071e+22	6.15e-07	2.12e-03	1.93e-01	6.61e-01	1.33e-01	1.05e-02	3.56e-04	0.00e+00	0.00e+00	6.15e-07	1.20e-15	1.40e-15
 3.33770e+22	7.46e-07	2.38e-03	2.04e-01	6.58e-01	1.26e-01	9.39e-03	3.03e-04	0.00e+00	0.00e+00	7.46e-07	1.52e-15	1.78e-15
 3.37881e+22	9.47e-07	2.76e-03	2.19e-01	6.54e-01	1.16e-01	8.12e-03	2.46e-04	0.00e+00	0.00e+00	9.47e-07	2.06e-15	2.40e-15
 3.42067e+22	1.15e-06	3.11e-03	2.31e-01	6.49e-01	1.09e-01	7.18e-03	2.08e-04	0.00e+00	0.00e+00	1.15e-06	2.62e-15	3.07e-15
 3.46354e+22	1.46e-06	3.60e-03	2.47e-01	6.42e-01	1.01e-01	6.17e-03	1.68e-04	0.00e+00	0.00e+00	1.46e-06	3.55e-15	4.14e-15
 3.50706e+22	1.78e-06	4.05e-03	2.61e-01	6.35e-01	9.41e-02	5.42e-03	1.41e-04	0.00e+00	0.00e+00	1.78e-06	4.54e-15	5.31e-15
 3.54552e+22	2.16e-06	4.56e-03	2.75e-01	6.27e-01	8.78e-02	4.77e-03	1.18e-04	0.00e+00	0.00e+00	2.16e-06	5.80e-15	6.77e-15
 3.58959e+22	2.75e-06	5.29e-03	2.94e-01	6.16e-01	8.02e-02	4.04e-03	9.45e-05	0.00e+00	0.00e+00	2.75e-06	7.91e-15	9.24e-15
 3.63397e+22	3.35e-06	5.96e-03	3.10e-01	6.07e-01	7.43e-02	3.52e-03	7.85e-05	0.00e+00	0.00e+00	3.35e-06	1.01e-14	1.18e-14
 3.67876e+22	4.29e-06	6.92e-03	3.30e-01	5.93e-01	6.74e-02	2.95e-03	6.20e-05	0.00e+00	0.00e+00	4.29e-06	1.39e-14	1.62e-14
 3.72378e+22	5.21e-06	7.78e-03	3.47e-01	5.81e-01	6.22e-02	2.55e-03	5.13e-05	0.00e+00	0.00e+00	5.21e-06	1.78e-14	2.08e-14
 3.76911e+22	6.62e-06	8.99e-03	3.68e-01	5.65e-01	5.62e-02	2.13e-03	4.05e-05	0.00e+00	0.00e+00	6.62e-06	2.42e-14	2.83e-14
 3.81531e+22	8.02e-06	1.01e-02	3.85e-01	5.51e-01	5.17e-02	1.84e-03	3.33e-05	0.00e+00	0.00e+00	8.02e-06	3.10e-14	3.62e-14
 3.86263e+22	1.03e-05	1.17e-02	4.09e-01	5.32e-01	4.60e-02	1.50e-03	2.57e-05	0.00e+00	0.00e+00	1.03e-05	4.30e-14	5.01e-14
 3.89606e+22	1.10e-05	1.22e-02	4.15e-01	5.27e-01	4.46e-02	1.42e-03	2.39e-05	0.00e+00	0.00e+00	1.10e-05	4.66e-14	5.44e-14
 3.91144e+22	1.20e-05	1.28e-02	4.23e-01	5.20e-01	4.28e-02	1.33e-03	2.19e-05	0.00e+00	0.00e+00	1.20e-05	5.19e-14	6.05e-14
 3.93144e+22	1.33e-05	1.36e-02	4.33e-01	5.11e-01	4.08e-02	1.22e-03	1.96e-05	0.00e+00	0.00e+00	1.33e-05	5.92e-14	6.91e-14
 3.95743e+22	1.51e-05	1.47e-02	4.46e-01	5.00e-01	3.83e-02	1.09e-03	1.71e-05	0.00e+00	0.00e+00	1.51e-05	6.99e-14	8.16e-14
 3.99122e+22	1.80e-05	1.64e-02	4.63e-01	4.85e-01	3.51e-02	9.40e-04	1.41e-05	0.00e+00	0.00e+00	1.80e-05	8.78e-14	1.02e-13
 4.03514e+22	2.26e-05	1.87e-02	4.85e-01	4.64e-01	3.12e-02	7.72e-04	1.10e-05	0.00e+00	0.00e+00	2.26e-05	1.17e-13	1.37e-13
 4.07997e+22	2.69e-05	2.07e-02	5.03e-01	4.47e-01	2.84e-02	6.58e-04	9.03e-06	0.00e+00	0.00e+00	2.69e-05	1.47e-13	1.71e-13
 4.12597e+22	3.39e-05	2.38e-02	5.26e-01	4.24e-01	2.50e-02	5.31e-04	6.92e-06	0.00e+00	0.00e+00	3.39e-05	1.99e-13	2.32e-13
 4.17233e+22	4.04e-05	2.64e-02	5.44e-01	4.07e-01	2.25e-02	4.49e-04	5.61e-06	0.00e+00	0.00e+00	4.04e-05	2.51e-13	2.92e-13
 4.21915e+22	5.10e-05	3.03e-02	5.67e-01	3.83e-01	1.96e-02	3.58e-04	4.25e-06	0.00e+00	0.00e+00	5.10e-05	3.40e-13	3.95e-13
 4.26042e+22	5.82e-05	3.27e-02	5.80e-01	3.69e-01	1.80e-02	3.13e-04	3.60e-06	0.00e+00	0.00e+00	5.82e-05	4.04e-13	4.68e-13
 4.29448e+22	6.85e-05	3.60e-02	5.95e-01	3.52e-01	1.63e-02	2.65e-04	2.94e-06	0.00e+00	0.00e+00	6.85e-05	5.01e-13	5.79e-13
 4.32985e+22	7.86e-05	3.90e-02	6.09e-01	3.37e-01	1.49e-02	2.29e-04	2.47e-06	0.00e+00	0.00e+00	7.86e-05	6.01e-13	6.93e-13
 4.36693e+22	9.29e-05	4.31e-02	6.24e-01	3.20e-01	1.33e-02	1.92e-04	1.99e-06	0.00e+00	0.00e+00	9.29e-05	7.53e-13	8.66e-13
 4.40475e+22	1.08e-04	4.69e-02	6.37e-01	3.04e-01	1.20e-02	1.63e-04	1.64e-06	0.00e+00	0.00e+00	1.08e-04	9.15e-13	1.05e-12
 4.43764e+22	1.23e-04	5.07e-02	6.48e-01	2.90e-01	1.09e-02	1.40e-04	1.37e-06	0.00e+00	0.00e+00	1.23e-04	1.09e-12	1.25e-12
 4.47450e+22	1.45e-04	5.58e-02	6.62e-01	2.72e-01	9.68e-03	1.16e-04	1.09e-06	0.00e+00	0.00e+00	1.45e-04	1.37e-12	1.56e-12
 4.51260e+22	1.67e-04	6.06e-02	6.73e-01	2.58e-01	8.68e-03	9.83e-05	8.93e-07	0.00e+00	0.00e+00	1.67e-04	1.66e-12	1.88e-12
 4.54693e+22	1.92e-04	6.56e-02	6.83e-01	2.43e-01	7.79e-03	8.32e-05	7.32e-07	0.00e+00	0.00e+00	1.92e-04	2.01e-12	2.26e-12
 4.58063e+22	2.19e-04	7.08e-02	6.92e-01	2.30e-01	7.00e-03	7.07e-05	6.03e-07	0.00e+00	0.00e+00	2.19e-04	2.41e-12	2.69e-12
 4.61886e+22	2.58e-04	7.79e-02	7.02e-01	2.14e-01	6.13e-03	5.76e-05	4.74e-07	0.00e+00	0.00e+00	2.58e-04	3.03e-12	3.35e-12
 4.65891e+22	2.98e-04	8.46e-02	7.10e-01	1.99e-01	5.40e-03	4.77e-05	3.79e-07	0.00e+00	0.00e+00	2.98e-04	3.72e-12	4.07e-12
 4.69561e+22	3.44e-04	9.17e-02	7.17e-01	1.86e-01	4.77e-03	3.95e-05	3.04e-07	0.00e+00	0.00e+00	3.44e-04	4.54e-12	4.92e-12
 4.73761e+22	4.12e-04	1.02e-01	7.25e-01	1.69e-01	4.05e-03	3.10e-05	2.28e-07	0.00e+00	0.00e+00	4.12e-04	5.87e-12	6.28e-12
 4.77998e+22	4.73e-04	1.10e-01	7.30e-01	1.57e-01	3.54e-03	2.54e-05	1.81e-07	0.00e+00	0.00e+00	4.73e-04	7.18e-12	7.58e-12
 4.82283e+22	5.63e-04	1.21e-01	7.34e-01	1.42e-01	2.99e-03	1.98e-05	1.35e-07	0.00e+00	0.00e+00	5.63e-04	9.27e-12	9.63e-12
 4.86661e+22	6.50e-04	1.31e-01	7.36e-01	1.30e-01	2.58e-03	1.60e-05	0.00e+00	0.00e+00	0.00e+00	6.50e-04	1.15e-11	1.17e-11
 4.91159e+22	7.84e-04	1.46e-01	7.36e-01	1.15e-01	2.12e-03	1.21e-05	0.00e+00	0.00e+00	0.00e+00	7.84e-04	1.51e-11	1.51e-11
 4.95618e+22	8.95e-04	1.57e-01	7.35e-01	1.05e-01	1.83e-03	9.74e-06	0.00e+00	0.00e+00	0.00e+00	8.95e-04	1.84e-11	1.81e-11
 5.00025e+22	1.07e-03	1.73e-01	7.32e-01	9.29e-02	1.50e-03	7.37e-06	0.00e+00	0.00e+00	0.00e+00	1.07e-03	2.40e-11	2.31e-11
 5.04543e+22	1.22e-03	1.86e-01	7.27e-01	8.37e-02	1.27e-03	5.83e-06	0.00e+00	0.00e+00	0.00e+00	1.22e-03	2.97e-11	2.79e-11
 5.09203e+22	1.46e-03	2.05e-01	7.19e-01	7.29e-02	1.03e-03	4.31e-06	0.00e+00	0.00e+00	0.00e+00	1.46e-03	3.91e-11	3.58e-11
 5.13936e+22	1.67e-03	2.21e-01	7.12e-01	6.50e-02	8.59e-04	3.37e-06	0.00e+00	0.00e+00	0.00e+00	1.67e-03	4.83e-11	4.34e-11
 5.18762e+22	2.02e-03	2.44e-01	6.98e-01	5.55e-02	6.75e-04	2.42e-06	0.00e+00	0.00e+00	0.00e+00	2.02e-03	6.43e-11	5.62e-11
 5.23624e+22	2.30e-03	2.61e-01	6.87e-01	4.90e-02	5.60e-04	1.87e-06	0.00e+00	0.00e+00	0.00e+00	2.30e-03	7.92e-11	6.77e-11
 5.28533e+22	2.77e-03	2.88e-01	6.68e-01	4.12e-02	4.33e-04	1.32e-06	0.00e+00	0.00e+00	0.00e+00	2.77e-03	1.05e-10	8.77e-11
 5.33556e+22	3.18e-03	3.09e-01	6.52e-01	3.56e-02	3.50e-04	9.92e-07	0.00e+00	0.00e+00	0.00e+00	3.18e-03	1.31e-10	1.07e-10
 5.38726e+22	3.82e-03	3.39e-01	6.27e-01	2.93e-02	2.65e-04	6.82e-07	0.00e+00	0.00e+00	0.00e+00	3.82e-03	1.75e-10	1.39e-10
 5.44066e+22	4.38e-03	3.63e-01	6.07e-01	2.49e-02	2.10e-04	5.01e-07	0.00e+00	0.00e+00	0.00e+00	4.38e-03	2.18e-10	1.70e-10
 5.48327e+22	4.91e-03	3.84e-01	5.89e-01	2.17e-02	1.73e-04	3.88e-07	0.00e+00	0.00e+00	0.00e+00	4.91e-03	2.60e-10	1.99e-10
 5.51976e+22	5.47e-03	4.05e-01	5.70e-01	1.89e-02	1.43e-04	3.02e-07	0.00e+00	0.00e+00	0.00e+00	5.47e-03	3.08e-10	2.33e-10
 5.56126e+22	6.28e-03	4.33e-01	5.45e-01	1.58e-02	1.13e-04	2.20e-07	0.00e+00	0.00e+00	0.00e+00	6.28e-03	3.82e-10	2.84e-10
 5.60363e+22	7.03e-03	4.56e-01	5.23e-01	1.35e-02	9.10e-05	1.67e-07	0.00e+00	0.00e+00	0.00e+00	7.03e-03	4.53e-10	3.33e-10
 5.64135e+22	7.85e-03	4.80e-01	5.00e-01	1.16e-02	7.39e-05	1.27e-07	0.00e+00	0.00e+00	0.00e+00	7.85e-03	5.37e-10	3.89e-10
 5.68461e+22	9.04e-03	5.12e-01	4.70e-01	9.37e-03	5.64e-05	0.00e+00	0.00e+00	0.00e+00	0.00e+00	9.04e-03	6.66e-10	4.74e-10
 5.72892e+22	1.02e-02	5.38e-01	4.44e-01	7.78e-03	4.45e-05	0.00e+00	0.00e+00	0.00e+00	0.00e+00	1.02e-02	7.94e-10	5.57e-10
 5.76848e+22	1.14e-02	5.65e-01	4.17e-01	6.44e-03	3.51e-05	0.00e+00	0.00e+00	0.00e+00	0.00e+00	1.14e-02	9.44e-10	6.55e-10
 5.81378e+22	1.32e-02	5.99e-01	3.83e-01	5.00e-03	2.58e-05	0.00e+00	0.00e+00	0.00e+00	0.00e+00	1.32e-02	1.18e-09	8.04e-10
 5.86026e+22	1.49e-02	6.28e-01	3.53e-01	3.96e-03	1.96e-05	0.00e+00	0.00e+00	0.00e+00	0.00e+00	1.49e-02	1.41e-09	9.55e-10
 5.89989e+22	1.66e-02	6.53e-01	3.27e-01	3.20e-03	1.53e-05	0.00e+00	0.00e+00	0.00e+00	0.00e+00	1.66e-02	1.66e-09	1.11e-09
 5.94303e+22	1.92e-02	6.85e-01	2.93e-01	2.41e-03	1.11e-05	0.00e+00	0.00e+00	0.00e+00	0.00e+00	1.92e-02	2.05e-09	1.36e-09
 5.98816e+22	2.17e-02	7.12e-01	2.64e-01	1.84e-03	8.31e-06	0.00e+00	0.00e+00	0.00e+00	0.00e+00	2.17e-02	2.46e-09	1.61e-09
 6.02823e+22	2.44e-02	7.36e-01	2.38e-01	1.42e-03	6.30e-06	0.00e+00	0.00e+00	0.00e+00	0.00e+00	2.44e-02	2.91e-09	1.89e-09
 6.07267e+22	2.83e-02	7.65e-01	2.06e-01	1.00e-03	4.43e-06	0.00e+00	0.00e+00	0.00e+00	0.00e+00	2.83e-02	3.62e-09	2.32e-09
 6.11850e+22	3.26e-02	7.89e-01	1.78e-01	7.13e-04	3.19e-06	0.00e+00	0.00e+00	0.00e+00	0.00e+00	3.26e-02	4.39e-09	2.80e-09
 6.15714e+22	3.69e-02	8.07e-01	1.56e-01	5.25e-04	2.40e-06	0.00e+00	0.00e+00	0.00e+00	0.00e+00	3.69e-02	5.20e-09	3.30e-09
 6.19833e+22	4.31e-02	8.27e-01	1.30e-01	3.50e-04	1.67e-06	0.00e+00	0.00e+00	0.00e+00	0.00e+00	4.31e-02	6.46e-09	4.07e-09
 6.23933e+22	4.95e-02	8.41e-01	1.09e-01	2.42e-04	1.22e-06	0.00e+00	0.00e+00	0.00e+00	0.00e+00	4.95e-02	7.78e-09	4.88e-09
 6.27266e+22	5.61e-02	8.50e-01	9.32e-02	1.72e-04	9.21e-07	0.00e+00	0.00e+00	0.00e+00	0.00e+00	5.61e-02	9.20e-09	5.75e-09
 6.30858e+22	6.58e-02	8.59e-01	7.52e-02	1.11e-04	6.45e-07	0.00e+00	0.00e+00	0.00e+00	0.00e+00	6.58e-02	1.14e-08	7.09e-09
 6.34589e+22	7.77e-02	8.62e-01	5.99e-02	7.00e-05	4.53e-07	0.00e+00	0.00e+00	0.00e+00	0.00e+00	7.77e-02	1.40e-08	8.73e-09
 6.36778e+22	8.44e-02	8.62e-01	5.35e-02	5.61e-05	3.87e-07	0.00e+00	0.00e+00	0.00e+00	0.00e+00	8.44e-02	1.54e-08	9.64e-09
 6.37544e+22	8.73e-02	8.62e-01	5.09e-02	5.11e-05	3.61e-07	0.00e+00	0.00e+00	0.00e+00	0.00e+00	8.73e-02	1.61e-08	1.01e-08
 6.38174e+22	9.04e-02	8.61e-01	4.84e-02	4.63e-05	3.35e-07	0.00e+00	0.00e+00	0.00e+00	0.00e+00	9.04e-02	1.68e-08	1.05e-08
 6.38926e+22	9.41e-02	8.60e-01	4.57e-02	4.13e-05	3.08e-07	0.00e+00	0.00e+00	0.00e+00	0.00e+00	9.41e-02	1.77e-08	1.10e-08
 6.39736e+22	9.83e-02	8.59e-01	4.28e-02	3.65e-05	2.80e-07	0.00e+00	0.00e+00	0.00e+00	0.00e+00	9.83e-02	1.86e-08	1.17e-08
 6.40533e+22	1.03e-01	8.57e-01	4.01e-02	3.23e-05	2.56e-07	0.00e+00	0.00e+00	0.00e+00	0.00e+00	1.03e-01	1.96e-08	1.23e-08
 6.41293e+22	1.07e-01	8.55e-01	3.76e-02	2.86e-05	2.34e-07	0.00e+00	0.00e+00	0.00e+00	0.00e+00	1.07e-01	2.07e-08	1.29e-08
 6.42029e+22	1.12e-01	8.53e-01	3.54e-02	2.54e-05	2.14e-07	0.00e+00	0.00e+00	0.00e+00	0.00e+00	1.12e-01	2.17e-08	1.36e-08
 6.42772e+22	1.17e-01	8.50e-01	3.30e-02	2.24e-05	1.95e-07	0.00e+00	0.00e+00	0.00e+00	0.00e+00	1.17e-01	2.29e-08	1.44e-08
 6.43504e+22	1.22e-01	8.47e-01	3.09e-02	1.98e-05	1.78e-07	0.00e+00	0.00e+00	0.00e+00	0.00e+00	1.22e-01	2.41e-08	1.51e-08
 6.44206e+22	1.27e-01	8.44e-01	2.89e-02	1.75e-05	1.62e-07	0.00e+00	0.00e+00	0.00e+00	0.00e+00	1.27e-01	2.54e-08	1.59e-08
 6.44899e+22	1.32e-01	8.41e-01	2.70e-02	1.55e-05	1.48e-07	0.00e+00	0.00e+00	0.00e+00	0.00e+00	1.32e-01	2.66e-08	1.67e-08
 6.45597e+22	1.39e-01	8.36e-01	2.52e-02	1.36e-05	1.34e-07	0.00e+00	0.00e+00	0.00e+00	0.00e+00	1.39e-01	2.81e-08	1.77e-08
 6.46275e+22	1.44e-01	8.32e-01	2.35e-02	1.21e-05	0.00e+00	0.00e+00	0.00e+00	0.00e+00	0.00e+00	1.44e-01	2.95e-08	1.86e-08
 6.46945e+22	1.51e-01	8.27e-01	2.18e-02	1.06e-05	0.00e+00	0.00e+00	0.00e+00	0.00e+00	0.00e+00	1.51e-01	3.10e-08	1.96e-08
 6.47612e+22	1.58e-01	8.22e-01	2.03e-02	9.31e-06	0.00e+00	0.00e+00	0.00e+00	0.00e+00	0.00e+00	1.58e-01	3.26e-08	2.06e-08
 6.48244e+22	1.65e-01	8.16e-01	1.89e-02	8.19e-06	0.00e+00	0.00e+00	0.00e+00	0.00e+00	0.00e+00	1.65e-01	3.43e-08	2.16e-08
 6.48849e+22	1.72e-01	8.11e-01	1.76e-02	7.28e-06	0.00e+00	0.00e+00	0.00e+00	0.00e+00	0.00e+00	1.72e-01	3.58e-08	2.27e-08
 6.49477e+22	1.80e-01	8.04e-01	1.63e-02	6.36e-06	0.00e+00	0.00e+00	0.00e+00	0.00e+00	0.00e+00	1.80e-01	3.77e-08	2.39e-08
 6.50118e+22	1.88e-01	7.97e-01	1.51e-02	5.58e-06	0.00e+00	0.00e+00	0.00e+00	0.00e+00	0.00e+00	1.88e-01	3.96e-08	2.51e-08
 6.50718e+22	1.97e-01	7.89e-01	1.40e-02	4.90e-06	0.00e+00	0.00e+00	0.00e+00	0.00e+00	0.00e+00	1.97e-01	4.15e-08	2.63e-08
 6.51298e+22	2.05e-01	7.82e-01	1.30e-02	4.33e-06	0.00e+00	0.00e+00	0.00e+00	0.00e+00	0.00e+00	2.05e-01	4.34e-08	2.76e-08
 6.51873e+22	2.15e-01	7.73e-01	1.20e-02	3.79e-06	0.00e+00	0.00e+00	0.00e+00	0.00e+00	0.00e+00	2.15e-01	4.55e-08	2.89e-08
 6.52433e+22	2.24e-01	7.65e-01	1.11e-02	3.36e-06	0.00e+00	0.00e+00	0.00e+00	0.00e+00	0.00e+00	2.24e-01	4.75e-08	3.02e-08
 6.52994e+22	2.34e-01	7.56e-01	1.02e-02	2.94e-06	0.00e+00	0.00e+00	0.00e+00	0.00e+00	0.00e+00	2.34e-01	4.97e-08	3.16e-08
 6.53565e+22	2.45e-01	7.46e-01	9.41e-03	2.57e-06	0.00e+00	0.00e+00	0.00e+00	0.00e+00	0.00e+00	2.45e-01	5.20e-08	3.31e-08
 6.54099e+22	2.55e-01	7.36e-01	8.70e-03	2.27e-06	0.00e+00	0.00e+00	0.00e+00	0.00e+00	0.00e+00	2.55e-01	5.42e-08	3.45e-08
 6.54619e+22	2.66e-01	7.26e-01	8.03e-03	2.01e-06	0.00e+00	0.00e+00	0.00e+00	0.00e+00	0.00e+00	2.66e-01	5.64e-08	3.60e-08
 6.55153e+22	2.77e-01	7.16e-01	7.42e-03	1.78e-06	0.00e+00	0.00e+00	0.00e+00	0.00e+00	0.00e+00	2.77e-01	5.86e-08	3.75e-08
 6.55720e+22	2.90e-01	7.03e-01	6.76e-03	1.54e-06	0.00e+00	0.00e+00	0.00e+00	0.00e+00	0.00e+00	2.90e-01	6.12e-08	3.92e-08
 6.56279e+22	3.02e-01	6.91e-01	6.19e-03	1.35e-06	0.00e+00	0.00e+00	0.00e+00	0.00e+00	0.00e+00	3.02e-01	6.37e-08	4.08e-08
 6.56803e+22	3.15e-01	6.79e-01	5.67e-03	1.19e-06	0.00e+00	0.00e+00	0.00e+00	0.00e+00	0.00e+00	3.15e-01	6.61e-08	4.24e-08
 6.57321e+22	3.29e-01	6.66e-01	5.18e-03	1.04e-06	0.00e+00	0.00e+00	0.00e+00	0.00e+00	0.00e+00	3.29e-01	6.86e-08	4.40e-08
 6.57824e+22	3.42e-01	6.53e-01	4.75e-03	9.23e-07	0.00e+00	0.00e+00	0.00e+00	0.00e+00	0.00e+00	3.42e-01	7.10e-08	4.55e-08
 6.58325e+22	3.56e-01	6.39e-01	4.35e-03	8.14e-07	0.00e+00	0.00e+00	0.00e+00	0.00e+00	0.00e+00	3.56e-01	7.33e-08	4.70e-08
 6.58838e+22	3.71e-01	6.25e-01	3.96e-03	7.17e-07	0.00e+00	0.00e+00	0.00e+00	0.00e+00	0.00e+00	3.71e-01	7.57e-08	4.86e-08
 6.59354e+22	3.86e-01	6.11e-01	3.61e-03	6.31e-07	0.00e+00	0.00e+00	0.00e+00	0.00e+00	0.00e+00	3.86e-01	7.81e-08	5.01e-08
 6.59871e+22	4.02e-01	5.95e-01	3.27e-03	5.55e-07	0.00e+00	0.00e+00	0.00e+00	0.00e+00	0.00e+00	4.02e-01	8.05e-08	5.17e-08
 6.60381e+22	4.17e-01	5.80e-01	2.97e-03	4.89e-07	0.00e+00	0.00e+00	0.00e+00	0.00e+00	0.00e+00	4.17e-01	8.27e-08	5.31e-08
 6.60887e+22	4.33e-01	5.64e-01	2.70e-03	4.32e-07	0.00e+00	0.00e+00	0.00e+00	0.00e+00	0.00e+00	4.33e-01	8.49e-08	5.45e-08
 6.61400e+22	4.50e-01	5.48e-01	2.44e-03	3.81e-07	0.00e+00	0.00e+00	0.00e+00	0.00e+00	0.00e+00	4.50e-01	8.70e-08	5.58e-08
 6.61921e+22	4.67e-01	5.31e-01	2.20e-03	3.35e-07	0.00e+00	0.00e+00	0.00e+00	0.00e+00	0.00e+00	4.67e-01	8.89e-08	5.71e-08
 6.62444e+22	4.84e-01	5.14e-01	1.98e-03	2.96e-07	0.00e+00	0.00e+00	0.00e+00	0.00e+00	0.00e+00	4.84e-01	9.08e-08	5.82e-08
 6.62971e+22	5.02e-01	4.96e-01	1.78e-03	2.61e-07	0.00e+00	0.00e+00	0.00e+00	0.00e+00	0.00e+00	5.02e-01	9.25e-08	5.93e-08
 6.63503e+22	5.20e-01	4.78e-01	1.60e-03	2.30e-07	0.00e+00	0.00e+00	0.00e+00	0.00e+00	0.00e+00	5.20e-01	9.41e-08	6.03e-08
 6.64046e+22	5.38e-01	4.60e-01	1.43e-03	2.02e-07	0.00e+00	0.00e+00	0.00e+00	0.00e+00	0.00e+00	5.38e-01	9.55e-08	6.11e-08
 6.64599e+22	5.57e-01	4.42e-01	1.27e-03	1.78e-07	0.00e+00	0.00e+00	0.00e+00	0.00e+00	0.00e+00	5.57e-01	9.67e-08	6.18e-08
 6.65164e+22	5.76e-01	4.23e-01	1.13e-03	1.57e-07	0.00e+00	0.00e+00	0.00e+00	0.00e+00	0.00e+00	5.76e-01	9.77e-08	6.24e-08
 6.65740e+22	5.94e-01	4.05e-01	1.00e-03	1.38e-07	0.00e+00	0.00e+00	0.00e+00	0.00e+00	0.00e+00	5.94e-01	9.85e-08	6.28e-08
 6.66226e+22	6.09e-01	3.90e-01	9.10e-04	1.25e-07	0.00e+00	0.00e+00	0.00e+00	0.00e+00	0.00e+00	6.09e-01	9.89e-08	6.31e-08
 6.66587e+22	6.20e-01	3.79e-01	8.45e-04	0.00e+00	0.00e+00	0.00e+00	0.00e+00	0.00e+00	0.00e+00	6.20e-01	9.92e-08	6.32e-08
 6.66933e+22	6.31e-01	3.68e-01	7.85e-04	0.00e+00	0.00e+00	0.00e+00	0.00e+00	0.00e+00	0.00e+00	6.31e-01	9.93e-08	6.32e-08
 6.67313e+22	6.43e-01	3.57e-01	7.24e-04	0.00e+00	0.00e+00	0.00e+00	0.00e+00	0.00e+00	0.00e+00	6.43e-01	9.95e-08	6.32e-08
 6.67719e+22	6.55e-01	3.44e-01	6.64e-04	0.00e+00	0.00e+00	0.00e+00	0.00e+00	0.00e+00	0.00e+00	6.55e-01	9.94e-08	6.31e-08
 6.68122e+22	6.67e-01	3.33e-01	6.10e-04	0.00e+00	0.00e+00	0.00e+00	0.00e+00	0.00e+00	0.00e+00	6.67e-01	9.93e-08	6.30e-08
 6.68512e+22	6.77e-01	3.22e-01	5.63e-04	0.00e+00	0.00e+00	0.00e+00	0.00e+00	0.00e+00	0.00e+00	6.77e-01	9.92e-08	6.29e-08
 6.68910e+22	6.89e-01	3.11e-01	5.17e-04	0.00e+00	0.00e+00	0.00e+00	0.00e+00	0.00e+00	0.00e+00	6.89e-01	9.90e-08	6.26e-08
 6.69321e+22	7.00e-01	3.00e-01	4.74e-04	0.00e+00	0.00e+00	0.00e+00	0.00e+00	0.00e+00	0.00e+00	7.00e-01	9.86e-08	6.23e-08
 6.69727e+22	7.10e-01	2.89e-01	4.36e-04	0.00e+00	0.00e+00	0.00e+00	0.00e+00	0.00e+00	0.00e+00	7.10e-01	9.82e-08	6.19e-08
 6.70135e+22	7.20e-01	2.79e-01	4.01e-04	0.00e+00	0.00e+00	0.00e+00	0.00e+00	0.00e+00	0.00e+00	7.20e-01	9.78e-08	6.16e-08
 6.70554e+22	7.30e-01	2.69e-01	3.67e-04	0.00e+00	0.00e+00	0.00e+00	0.00e+00	0.00e+00	0.00e+00	7.30e-01	9.73e-08	6.11e-08
 6.70982e+22	7.40e-01	2.59e-01	3.37e-04	0.00e+00	0.00e+00	0.00e+00	0.00e+00	0.00e+00	0.00e+00	7.40e-01	9.67e-08	6.07e-08
 6.71418e+22	7.50e-01	2.50e-01	3.08e-04	0.00e+00	0.00e+00	0.00e+00	0.00e+00	0.00e+00	0.00e+00	7.50e-01	9.60e-08	6.01e-08
 6.71857e+22	7.60e-01	2.40e-01	2.81e-04	0.00e+00	0.00e+00	0.00e+00	0.00e+00	0.00e+00	0.00e+00	7.60e-01	9.53e-08	5.96e-08
 6.72295e+22	7.69e-01	2.31e-01	2.58e-04	0.00e+00	0.00e+00	0.00e+00	0.00e+00	0.00e+00	0.00e+00	7.69e-01	9.46e-08	5.90e-08
 6.72740e+22	7.77e-01	2.22e-01	2.36e-04	0.00e+00	0.00e+00	0.00e+00	0.00e+00	0.00e+00	0.00e+00	7.77e-01	9.39e-08	5.84e-08
 6.73201e+22	7.86e-01	2.14e-01	2.15e-04	0.00e+00	0.00e+00	0.00e+00	0.00e+00	0.00e+00	0.00e+00	7.86e-01	9.31e-08	5.78e-08
 6.73674e+22	7.94e-01	2.05e-01	1.96e-04	0.00e+00	0.00e+00	0.00e+00	0.00e+00	0.00e+00	0.00e+00	7.94e-01	9.22e-08	5.72e-08
 6.74153e+22	8.03e-01	1.97e-01	1.78e-04	0.00e+00	0.00e+00	0.00e+00	0.00e+00	0.00e+00	0.00e+00	8.03e-01	9.13e-08	5.65e-08
 6.74632e+22	8.11e-01	1.89e-01	1.63e-04	0.00e+00	0.00e+00	0.00e+00	0.00e+00	0.00e+00	0.00e+00	8.11e-01	9.04e-08	5.58e-08
 6.75118e+22	8.18e-01	1.82e-01	1.48e-04	0.00e+00	0.00e+00	0.00e+00	0.00e+00	0.00e+00	0.00e+00	8.18e-01	8.96e-08	5.51e-08
 6.75622e+22	8.26e-01	1.74e-01	1.34e-04	0.00e+00	0.00e+00	0.00e+00	0.00e+00	0.00e+00	0.00e+00	8.26e-01	8.87e-08	5.44e-08
 6.76138e+22	8.33e-01	1.67e-01	1.22e-04	0.00e+00	0.00e+00	0.00e+00	0.00e+00	0.00e+00	0.00e+00	8.33e-01	8.77e-08	5.37e-08
 6.76658e+22	8.40e-01	1.60e-01	1.10e-04	0.00e+00	0.00e+00	0.00e+00	0.00e+00	0.00e+00	0.00e+00	8.40e-01	8.68e-08	5.30e-08
 6.77184e+22	8.46e-01	1.53e-01	1.00e-04	0.00e+00	0.00e+00	0.00e+00	0.00e+00	0.00e+00	0.00e+00	8.46e-01	8.59e-08	5.22e-08
 6.77721e+22	8.53e-01	1.47e-01	9.07e-05	0.00e+00	0.00e+00	0.00e+00	0.00e+00	0.00e+00	0.00e+00	8.53e-01	8.50e-08	5.15e-08
 6.78273e+22	8.59e-01	1.41e-01	8.20e-05	0.00e+00	0.00e+00	0.00e+00	0.00e+00	0.00e+00	0.00e+00	8.59e-01	8.40e-08	5.08e-08
 6.78835e+22	8.65e-01	1.35e-01	7.41e-05	0.00e+00	0.00e+00	0.00e+00	0.00e+00	0.00e+00	0.00e+00	8.65e-01	8.32e-08	5.01e-08
 6.79404e+22	8.71e-01	1.29e-01	6.69e-05	0.00e+00	0.00e+00	0.00e+00	0.00e+00	0.00e+00	0.00e+00	8.71e-01	8.23e-08	4.94e-08
 6.79977e+22	8.77e-01	1.23e-01	6.04e-05	0.00e+00	0.00e+00	0.00e+00	0.00e+00	0.00e+00	0.00e+00	8.77e-01	8.14e-08	4.87e-08
 6.80556e+22	8.82e-01	1.18e-01	5.45e-05	0.00e+00	0.00e+00	0.00e+00	0.00e+00	0.00e+00	0.00e+00	8.82e-01	8.05e-08	4.80e-08
 6.81144e+22	8.87e-01	1.13e-01	4.92e-05	0.00e+00	0.00e+00	0.00e+00	0.00e+00	0.00e+00	0.00e+00	8.87e-01	7.96e-08	4.73e-08
 6.81737e+22	8.92e-01	1.08e-01	4.44e-05	0.00e+00	0.00e+00	0.00e+00	0.00e+00	0.00e+00	0.00e+00	8.92e-01	7.88e-08	4.66e-08
 6.82329e+22	8.97e-01	1.03e-01	4.02e-05	0.00e+00	0.00e+00	0.00e+00	0.00e+00	0.00e+00	0.00e+00	8.97e-01	7.80e-08	4.60e-08
 6.82917e+22	9.01e-01	9.87e-02	3.64e-05	0.00e+00	0.00e+00	0.00e+00	0.00e+00	0.00e+00	0.00e+00	9.01e-01	7.72e-08	4.54e-08
 6.83504e+22	9.06e-01	9.45e-02	3.30e-05	0.00e+00	0.00e+00	0.00e+00	0.00e+00	0.00e+00	0.00e+00	9.06e-01	7.65e-08	4.48e-08
 6.84101e+22	9.10e-01	9.04e-02	2.99e-05	0.00e+00	0.00e+00	0.00e+00	0.00e+00	0.00e+00	0.00e+00	9.10e-01	7.58e-08	4.43e-08
 6.84706e+22	9.14e-01	8.64e-02	2.71e-05	0.00e+00	0.00e+00	0.00e+00	0.00e+00	0.00e+00	0.00e+00	9.14e-01	7.51e-08	4.37e-08
 6.85308e+22	9.17e-01	8.27e-02	2.46e-05	0.00e+00	0.00e+00	0.00e+00	0.00e+00	0.00e+00	0.00e+00	9.17e-01	7.45e-08	4.32e-08
 6.85900e+22	9.21e-01	7.92e-02	2.24e-05	0.00e+00	0.00e+00	0.00e+00	0.00e+00	0.00e+00	0.00e+00	9.21e-01	7.38e-08	4.26e-08
 6.86490e+22	9.24e-01	7.59e-02	2.04e-05	0.00e+00	0.00e+00	0.00e+00	0.00e+00	0.00e+00	0.00e+00	9.24e-01	7.32e-08	4.21e-08
 6.87084e+22	9.27e-01	7.26e-02	1.86e-05	0.00e+00	0.00e+00	0.00e+00	0.00e+00	0.00e+00	0.00e+00	9.27e-01	7.25e-08	4.16e-08
 6.87677e+22	9.30e-01	6.95e-02	1.70e-05	0.00e+00	0.00e+00	0.00e+00	0.00e+00	0.00e+00	0.00e+00	9.30e-01	7.19e-08	4.12e-08
 6.88265e+22	9.33e-01	6.66e-02	1.56e-05	0.00e+00	0.00e+00	0.00e+00	0.00e+00	0.00e+00	0.00e+00	9.33e-01	7.13e-08	4.07e-08
 6.88847e+22	9.36e-01	6.38e-02	1.43e-05	0.00e+00	0.00e+00	0.00e+00	0.00e+00	0.00e+00	0.00e+00	9.36e-01	7.07e-08	4.02e-08
 6.89424e+22	9.39e-01	6.11e-02	1.32e-05	0.00e+00	0.00e+00	0.00e+00	0.00e+00	0.00e+00	0.00e+00	9.39e-01	7.01e-08	3.98e-08
 6.89984e+22	9.41e-01	5.87e-02	1.22e-05	0.00e+00	0.00e+00	0.00e+00	0.00e+00	0.00e+00	0.00e+00	9.41e-01	6.96e-08	3.94e-08
 6.90512e+22	9.44e-01	5.65e-02	1.13e-05	0.00e+00	0.00e+00	0.00e+00	0.00e+00	0.00e+00	0.00e+00	9.44e-01	6.91e-08	3.90e-08
 6.91009e+22	9.46e-01	5.45e-02	1.06e-05	0.00e+00	0.00e+00	0.00e+00	0.00e+00	0.00e+00	0.00e+00	9.46e-01	6.87e-08	3.87e-08
 6.91478e+22	9.47e-01	5.26e-02	9.95e-06	0.00e+00	0.00e+00	0.00e+00	0.00e+00	0.00e+00	0.00e+00	9.47e-01	6.83e-08	3.84e-08
 6.91925e+22	9.49e-01	5.09e-02	9.39e-06	0.00e+00	0.00e+00	0.00e+00	0.00e+00	0.00e+00	0.00e+00	9.49e-01	6.79e-08	3.81e-08
 6.92351e+22	9.51e-01	4.93e-02	8.89e-06	0.00e+00	0.00e+00	0.00e+00	0.00e+00	0.00e+00	0.00e+00	9.51e-01	6.76e-08	3.78e-08
 6.92758e+22	9.52e-01	4.78e-02	8.44e-06	0.00e+00	0.00e+00	0.00e+00	0.00e+00	0.00e+00	0.00e+00	9.52e-01	6.72e-08	3.75e-08
 6.93139e+22	9.54e-01	4.65e-02	8.05e-06	0.00e+00	0.00e+00	0.00e+00	0.00e+00	0.00e+00	0.00e+00	9.54e-01	6.69e-08	3.73e-08
 6.93495e+22	9.55e-01	4.52e-02	7.70e-06	0.00e+00	0.00e+00	0.00e+00	0.00e+00	0.00e+00	0.00e+00	9.55e-01	6.66e-08	3.70e-08
 6.93844e+22	9.56e-01	4.40e-02	7.38e-06	0.00e+00	0.00e+00	0.00e+00	0.00e+00	0.00e+00	0.00e+00	9.56e-01	6.63e-08	3.68e-08
 6.94189e+22	9.57e-01	4.28e-02	7.07e-06	0.00e+00	0.00e+00	0.00e+00	0.00e+00	0.00e+00	0.00e+00	9.57e-01	6.61e-08	3.66e-08
 6.94520e+22	9.58e-01	4.17e-02	6.79e-06	0.00e+00	0.00e+00	0.00e+00	0.00e+00	0.00e+00	0.00e+00	9.58e-01	6.58e-08	3.64e-08
 6.94828e+22	9.59e-01	4.07e-02	6.54e-06	0.00e+00	0.00e+00	0.00e+00	0.00e+00	0.00e+00	0.00e+00	9.59e-01	6.55e-08	3.62e-08
 6.95109e+22	9.60e-01	3.98e-02	6.33e-06	0.00e+00	0.00e+00	0.00e+00	0.00e+00	0.00e+00	0.00e+00	9.60e-01	6.52e-08	3.60e-08
 6.95364e+22	9.61e-01	3.90e-02	6.14e-06	0.00e+00	0.00e+00	0.00e+00	0.00e+00	0.00e+00	0.00e+00	9.61e-01	6.50e-08	3.58e-08
 6.95596e+22	9.62e-01	3.83e-02	5.98e-06	0.00e+00	0.00e+00	0.00e+00	0.00e+00	0.00e+00	0.00e+00	9.62e-01	6.48e-08	3.56e-08
 6.95807e+22	9.62e-01	3.76e-02	5.83e-06	0.00e+00	0.00e+00	0.00e+00	0.00e+00	0.00e+00	0.00e+00	9.62e-01	6.46e-08	3.55e-08
 6.95999e+22	9.63e-01	3.70e-02	5.70e-06	0.00e+00	0.00e+00	0.00e+00	0.00e+00	0.00e+00	0.00e+00	9.63e-01	6.44e-08	3.53e-08
 6.96174e+22	9.63e-01	3.65e-02	5.59e-06	0.00e+00	0.00e+00	0.00e+00	0.00e+00	0.00e+00	0.00e+00	9.63e-01	6.42e-08	3.52e-08
 6.96366e+22	9.64e-01	3.59e-02	5.46e-06	0.00e+00	0.00e+00	0.00e+00	0.00e+00	0.00e+00	0.00e+00	9.64e-01	6.39e-08	3.51e-08
 6.96573e+22	9.65e-01	3.53e-02	5.32e-06	0.00e+00	0.00e+00	0.00e+00	0.00e+00	0.00e+00	0.00e+00	9.65e-01	6.35e-08	3.49e-08
 6.96761e+22	9.65e-01	3.47e-02	5.20e-06	0.00e+00	0.00e+00	0.00e+00	0.00e+00	0.00e+00	0.00e+00	9.65e-01	6.32e-08	3.48e-08
 6.96932e+22	9.66e-01	3.42e-02	5.10e-06	0.00e+00	0.00e+00	0.00e+00	0.00e+00	0.00e+00	0.00e+00	9.66e-01	6.29e-08	3.47e-08
 6.97088e+22	9.66e-01	3.38e-02	5.00e-06	0.00e+00	0.00e+00	0.00e+00	0.00e+00	0.00e+00	0.00e+00	9.66e-01	6.27e-08	3.46e-08
 6.97259e+22	9.67e-01	3.32e-02	4.89e-06	0.00e+00	0.00e+00	0.00e+00	0.00e+00	0.00e+00	0.00e+00	9.67e-01	6.24e-08	3.44e-08
 6.97443e+22	9.67e-01	3.27e-02	4.79e-06	0.00e+00	0.00e+00	0.00e+00	0.00e+00	0.00e+00	0.00e+00	9.67e-01	6.21e-08	3.43e-08
 6.97611e+22	9.68e-01	3.22e-02	4.69e-06	0.00e+00	0.00e+00	0.00e+00	0.00e+00	0.00e+00	0.00e+00	9.68e-01	6.18e-08	3.42e-08
 6.97764e+22	9.68e-01	3.18e-02	4.60e-06	0.00e+00	0.00e+00	0.00e+00	0.00e+00	0.00e+00	0.00e+00	9.68e-01	6.16e-08	3.41e-08
 6.97931e+22	9.69e-01	3.13e-02	4.50e-06	0.00e+00	0.00e+00	0.00e+00	0.00e+00	0.00e+00	0.00e+00	9.69e-01	6.13e-08	3.39e-08
 6.98112e+22	9.69e-01	3.08e-02	4.40e-06	0.00e+00	0.00e+00	0.00e+00	0.00e+00	0.00e+00	0.00e+00	9.69e-01	6.11e-08	3.38e-08
 6.98276e+22	9.70e-01	3.04e-02	4.32e-06	0.00e+00	0.00e+00	0.00e+00	0.00e+00	0.00e+00	0.00e+00	9.70e-01	6.08e-08	3.37e-08
 6.98426e+22	9.70e-01	3.01e-02	4.25e-06	0.00e+00	0.00e+00	0.00e+00	0.00e+00	0.00e+00	0.00e+00	9.70e-01	6.08e-08	3.37e-08
 6.98590e+22	9.70e-01	2.97e-02	4.16e-06	0.00e+00	0.00e+00	0.00e+00	0.00e+00	0.00e+00	0.00e+00	9.70e-01	6.06e-08	3.36e-08
 6.98767e+22	9.71e-01	2.93e-02	4.07e-06	0.00e+00	0.00e+00	0.00e+00	0.00e+00	0.00e+00	0.00e+00	9.71e-01	6.04e-08	3.35e-08
 6.98961e+22	9.71e-01	2.89e-02	3.98e-06	0.00e+00	0.00e+00	0.00e+00	0.00e+00	0.00e+00	0.00e+00	9.71e-01	6.03e-08	3.34e-08
 6.99213e+22	9.72e-01	2.82e-02	3.85e-06	0.00e+00	0.00e+00	0.00e+00	0.00e+00	0.00e+00	0.00e+00	9.72e-01	6.00e-08	3.33e-08
 6.99485e+22	9.72e-01	2.75e-02	3.72e-06	0.00e+00	0.00e+00	0.00e+00	0.00e+00	0.00e+00	0.00e+00	9.72e-01	5.98e-08	3.31e-08
 6.99733e+22	9.73e-01	2.70e-02	3.61e-06	0.00e+00	0.00e+00	0.00e+00	0.00e+00	0.00e+00	0.00e+00	9.73e-01	5.95e-08	3.30e-08
 6.99959e+22	9.73e-01	2.65e-02	3.52e-06	0.00e+00	0.00e+00	0.00e+00	0.00e+00	0.00e+00	0.00e+00	9.73e-01	5.93e-08	3.29e-08
 7.00164e+22	9.74e-01	2.61e-02	3.43e-06	0.00e+00	0.00e+00	0.00e+00	0.00e+00	0.00e+00	0.00e+00	9.74e-01	5.91e-08	3.28e-08
 7.00350e+22	9.74e-01	2.57e-02	3.36e-06	0.00e+00	0.00e+00	0.00e+00	0.00e+00	0.00e+00	0.00e+00	9.74e-01	5.89e-08	3.27e-08
 7.00520e+22	9.75e-01	2.53e-02	3.28e-06	0.00e+00	0.00e+00	0.00e+00	0.00e+00	0.00e+00	0.00e+00	9.75e-01	5.87e-08	3.25e-08
 7.00675e+22	9.75e-01	2.51e-02	3.23e-06	0.00e+00	0.00e+00	0.00e+00	0.00e+00	0.00e+00	0.00e+00	9.75e-01	5.86e-08	3.25e-08
 7.00844e+22	9.75e-01	2.48e-02	3.16e-06	0.00e+00	0.00e+00	0.00e+00	0.00e+00	0.00e+00	0.00e+00	9.75e-01	5.85e-08	3.24e-08
 7.01065e+22	9.76e-01	2.42e-02	3.06e-06	0.00e+00	0.00e+00	0.00e+00	0.00e+00	0.00e+00	0.00e+00	9.76e-01	5.82e-08	3.22e-08
 7.01302e+22	9.76e-01	2.37e-02	2.97e-06	0.00e+00	0.00e+00	0.00e+00	0.00e+00	0.00e+00	0.00e+00	9.76e-01	5.80e-08	3.21e-08
 7.01519e+22	9.77e-01	2.33e-02	2.89e-06	0.00e+00	0.00e+00	0.00e+00	0.00e+00	0.00e+00	0.00e+00	9.77e-01	5.78e-08	3.19e-08
 7.01716e+22	9.77e-01	2.29e-02	2.82e-06	0.00e+00	0.00e+00	0.00e+00	0.00e+00	0.00e+00	0.00e+00	9.77e-01	5.75e-08	3.18e-08
 7.01895e+22	9.77e-01	2.26e-02	2.76e-06	0.00e+00	0.00e+00	0.00e+00	0.00e+00	0.00e+00	0.00e+00	9.77e-01	5.74e-08	3.17e-08
 7.02091e+22	9.78e-01	2.22e-02	2.69e-06	0.00e+00	0.00e+00	0.00e+00	0.00e+00	0.00e+00	0.00e+00	9.78e-01	5.72e-08	3.15e-08
 7.02303e+22	9.78e-01	2.18e-02	2.62e-06	0.00e+00	0.00e+00	0.00e+00	0.00e+00	0.00e+00	0.00e+00	9.78e-01	5.69e-08	3.14e-08
 7.02496e+22	9.79e-01	2.15e-02	2.55e-06	0.00e+00	0.00e+00	0.00e+00	0.00e+00	0.00e+00	0.00e+00	9.79e-01	5.67e-08	3.13e-08
 7.02671e+22	9.79e-01	2.12e-02	2.51e-06	0.00e+00	0.00e+00	0.00e+00	0.00e+00	0.00e+00	0.00e+00	9.79e-01	5.66e-08	3.11e-08
 7.02864e+22	9.79e-01	2.08e-02	2.44e-06	0.00e+00	0.00e+00	0.00e+00	0.00e+00	0.00e+00	0.00e+00	9.79e-01	5.64e-08	3.10e-08
 7.03071e+22	9.80e-01	2.05e-02	2.39e-06	0.00e+00	0.00e+00	0.00e+00	0.00e+00	0.00e+00	0.00e+00	9.80e-01	5.62e-08	3.08e-08
 7.03260e+22	9.80e-01	2.02e-02	2.33e-06	0.00e+00	0.00e+00	0.00e+00	0.00e+00	0.00e+00	0.00e+00	9.80e-01	5.60e-08	3.07e-08
 7.03432e+22	9.80e-01	1.99e-02	2.29e-06	0.00e+00	0.00e+00	0.00e+00	0.00e+00	0.00e+00	0.00e+00	9.80e-01	5.58e-08	3.06e-08
 7.03621e+22	9.80e-01	1.96e-02	2.24e-06	0.00e+00	0.00e+00	0.00e+00	0.00e+00	0.00e+00	0.00e+00	9.80e-01	5.56e-08	3.04e-08
 7.03824e+22	9.81e-01	1.92e-02	2.19e-06	0.00e+00	0.00e+00	0.00e+00	0.00e+00	0.00e+00	0.00e+00	9.81e-01	5.54e-08	3.03e-08
 7.04009e+22	9.81e-01	1.90e-02	2.14e-06	0.00e+00	0.00e+00	0.00e+00	0.00e+00	0.00e+00	0.00e+00	9.81e-01	5.52e-08	3.01e-08
 7.04178e+22	9.81e-01	1.87e-02	2.10e-06	0.00e+00	0.00e+00	0.00e+00	0.00e+00	0.00e+00	0.00e+00	9.81e-01	5.48e-08	2.99e-08
 7.04331e+22	9.81e-01	1.85e-02	2.07e-06	0.00e+00	0.00e+00	0.00e+00	0.00e+00	0.00e+00	0.00e+00	9.81e-01	5.47e-08	2.98e-08
 7.04499e+22	9.82e-01	1.83e-02	2.04e-06	0.00e+00	0.00e+00	0.00e+00	0.00e+00	0.00e+00	0.00e+00	9.82e-01	5.42e-08	2.96e-08
 7.04717e+22	9.82e-01	1.80e-02	1.99e-06	0.00e+00	0.00e+00	0.00e+00	0.00e+00	0.00e+00	0.00e+00	9.82e-01	5.35e-08	2.93e-08
 7.04953e+22	9.82e-01	1.77e-02	1.94e-06	0.00e+00	0.00e+00	0.00e+00	0.00e+00	0.00e+00	0.00e+00	9.82e-01	5.29e-08	2.90e-08
 7.05167e+22	9.83e-01	1.74e-02	1.90e-06	0.00e+00	0.00e+00	0.00e+00	0.00e+00	0.00e+00	0.00e+00	9.83e-01	5.25e-08	2.88e-08
 7.05402e+22	9.83e-01	1.71e-02	1.86e-06	0.00e+00	0.00e+00	0.00e+00	0.00e+00	0.00e+00	0.00e+00	9.83e-01	5.19e-08	2.84e-08
 7.05656e+22	9.83e-01	1.68e-02	1.81e-06	0.00e+00	0.00e+00	0.00e+00	0.00e+00	0.00e+00	0.00e+00	9.83e-01	5.13e-08	2.80e-08
 7.05887e+22	9.83e-01	1.65e-02	1.77e-06	0.00e+00	0.00e+00	0.00e+00	0.00e+00	0.00e+00	0.00e+00	9.83e-01	5.08e-08	2.77e-08
 7.06097e+22	9.84e-01	1.63e-02	1.73e-06	0.00e+00	0.00e+00	0.00e+00	0.00e+00	0.00e+00	0.00e+00	9.84e-01	5.02e-08	2.73e-08
 7.06289e+22	9.84e-01	1.61e-02	1.71e-06	0.00e+00	0.00e+00	0.00e+00	0.00e+00	0.00e+00	0.00e+00	9.84e-01	4.99e-08	2.71e-08
 7.06498e+22	9.84e-01	1.58e-02	1.67e-06	0.00e+00	0.00e+00	0.00e+00	0.00e+00	0.00e+00	0.00e+00	9.84e-01	4.95e-08	2.68e-08
 7.06724e+22	9.84e-01	1.56e-02	1.64e-06	0.00e+00	0.00e+00	0.00e+00	0.00e+00	0.00e+00	0.00e+00	9.84e-01	4.90e-08	2.65e-08
 7.06972e+22	9.85e-01	1.53e-02	1.60e-06	0.00e+00	0.00e+00	0.00e+00	0.00e+00	0.00e+00	0.00e+00	9.85e-01	4.84e-08	2.61e-08
 7.07240e+22	9.85e-01	1.50e-02	1.56e-06	0.00e+00	0.00e+00	0.00e+00	0.00e+00	0.00e+00	0.00e+00	9.85e-01	4.79e-08	2.58e-08
 7.07483e+22	9.85e-01	1.48e-02	1.53e-06	0.00e+00	0.00e+00	0.00e+00	0.00e+00	0.00e+00	0.00e+00	9.85e-01	4.72e-08	2.53e-08
 7.07705e+22	9.85e-01	1.46e-02	1.51e-06	0.00e+00	0.00e+00	0.00e+00	0.00e+00	0.00e+00	0.00e+00	9.85e-01	4.70e-08	2.52e-08
 7.07948e+22	9.86e-01	1.43e-02	1.47e-06	0.00e+00	0.00e+00	0.00e+00	0.00e+00	0.00e+00	0.00e+00	9.86e-01	4.65e-08	2.48e-08
 7.08210e+22	9.86e-01	1.41e-02	1.44e-06	0.00e+00	0.00e+00	0.00e+00	0.00e+00	0.00e+00	0.00e+00	9.86e-01	4.60e-08	2.45e-08
 7.08449e+22	9.86e-01	1.39e-02	1.42e-06	0.00e+00	0.00e+00	0.00e+00	0.00e+00	0.00e+00	0.00e+00	9.86e-01	4.56e-08	2.42e-08
 7.08710e+22	9.86e-01	1.36e-02	1.38e-06	0.00e+00	0.00e+00	0.00e+00	0.00e+00	0.00e+00	0.00e+00	9.86e-01	4.48e-08	2.38e-08
 7.08992e+22	9.87e-01	1.34e-02	1.35e-06	0.00e+00	0.00e+00	0.00e+00	0.00e+00	0.00e+00	0.00e+00	9.87e-01	4.43e-08	2.34e-08
 7.09249e+22	9.87e-01	1.31e-02	1.32e-06	0.00e+00	0.00e+00	0.00e+00	0.00e+00	0.00e+00	0.00e+00	9.87e-01	4.35e-08	2.30e-08
 7.09483e+22	9.87e-01	1.30e-02	1.31e-06	0.00e+00	0.00e+00	0.00e+00	0.00e+00	0.00e+00	0.00e+00	9.87e-01	4.33e-08	2.28e-08
 7.09739e+22	9.87e-01	1.28e-02	1.28e-06	0.00e+00	0.00e+00	0.00e+00	0.00e+00	0.00e+00	0.00e+00	9.87e-01	4.28e-08	2.25e-08
 7.10015e+22	9.87e-01	1.25e-02	1.25e-06	0.00e+00	0.00e+00	0.00e+00	0.00e+00	0.00e+00	0.00e+00	9.87e-01	4.22e-08	2.21e-08
 7.10267e+22	9.88e-01	1.24e-02	1.23e-06	0.00e+00	0.00e+00	0.00e+00	0.00e+00	0.00e+00	0.00e+00	9.88e-01	4.18e-08	2.19e-08
 7.10543e+22	9.88e-01	1.21e-02	1.21e-06	0.00e+00	0.00e+00	0.00e+00	0.00e+00	0.00e+00	0.00e+00	9.88e-01	4.11e-08	2.14e-08
 7.10840e+22	9.88e-01	1.19e-02	1.18e-06	0.00e+00	0.00e+00	0.00e+00	0.00e+00	0.00e+00	0.00e+00	9.88e-01	4.05e-08	2.11e-08
 7.11111e+22	9.88e-01	1.17e-02	1.16e-06	0.00e+00	0.00e+00	0.00e+00	0.00e+00	0.00e+00	0.00e+00	9.88e-01	3.98e-08	2.06e-08
 7.11358e+22	9.88e-01	1.16e-02	1.14e-06	0.00e+00	0.00e+00	0.00e+00	0.00e+00	0.00e+00	0.00e+00	9.88e-01	3.95e-08	2.05e-08
 7.11628e+22	9.89e-01	1.14e-02	1.12e-06	0.00e+00	0.00e+00	0.00e+00	0.00e+00	0.00e+00	0.00e+00	9.89e-01	3.90e-08	2.01e-08
 7.11920e+22	9.89e-01	1.12e-02	1.10e-06	0.00e+00	0.00e+00	0.00e+00	0.00e+00	0.00e+00	0.00e+00	9.89e-01	3.84e-08	1.97e-08
 7.12185e+22	9.89e-01	1.10e-02	1.08e-06	0.00e+00	0.00e+00	0.00e+00	0.00e+00	0.00e+00	0.00e+00	9.89e-01	3.80e-08	1.95e-08
 7.12476e+22	9.89e-01	1.08e-02	1.06e-06	0.00e+00	0.00e+00	0.00e+00	0.00e+00	0.00e+00	0.00e+00	9.89e-01	3.74e-08	1.91e-08
 7.12790e+22	9.89e-01	1.06e-02	1.04e-06	0.00e+00	0.00e+00	0.00e+00	0.00e+00	0.00e+00	0.00e+00	9.89e-01	3.69e-08	1.88e-08
 7.13075e+22	9.90e-01	1.04e-02	1.02e-06	0.00e+00	0.00e+00	0.00e+00	0.00e+00	0.00e+00	0.00e+00	9.90e-01	3.65e-08	1.86e-08
 7.13388e+22	9.90e-01	1.02e-02	9.99e-07	0.00e+00	0.00e+00	0.00e+00	0.00e+00	0.00e+00	0.00e+00	9.90e-01	3.59e-08	1.82e-08
 7.13726e+22	9.90e-01	1.00e-02	9.79e-07	0.00e+00	0.00e+00	0.00e+00	0.00e+00	0.00e+00	0.00e+00	9.90e-01	3.54e-08	1.79e-08
 7.14034e+22	9.90e-01	9.88e-03	9.63e-07	0.00e+00	0.00e+00	0.00e+00	0.00e+00	0.00e+00	0.00e+00	9.90e-01	3.50e-08	1.77e-08
 7.14371e+22	9.90e-01	9.67e-03	9.43e-07	0.00e+00	0.00e+00	0.00e+00	0.00e+00	0.00e+00	0.00e+00	9.90e-01	3.44e-08	1.73e-08
 7.14735e+22	9.91e-01	9.47e-03	9.23e-07	0.00e+00	0.00e+00	0.00e+00	0.00e+00	0.00e+00	0.00e+00	9.91e-01	3.39e-08	1.70e-08
 7.15066e+22	9.91e-01	9.32e-03	9.08e-07	0.00e+00	0.00e+00	0.00e+00	0.00e+00	0.00e+00	0.00e+00	9.91e-01	3.35e-08	1.67e-08
 7.15428e+22	9.91e-01	9.11e-03	8.88e-07	0.00e+00	0.00e+00	0.00e+00	0.00e+00	0.00e+00	0.00e+00	9.91e-01	3.29e-08	1.63e-08
 7.15820e+22	9.91e-01	8.91e-03	8.70e-07	0.00e+00	0.00e+00	0.00e+00	0.00e+00	0.00e+00	0.00e+00	9.91e-01	3.24e-08	1.59e-08
