#depth	O	O+	O+2	O+3	O+4	O+5	O+6	O+7	O+8	O[1]	O[2]	O[3]
 1.54284e+22	2.99e-08	1.95e-04	3.92e-02	3.89e-01	3.49e-01	1.63e-01	5.84e-02	1.07e-03	4.88e-06	2.99e-08	1.02e-16	1.23e-16
 3.51285e+22	1.20e-07	5.10e-04	7.12e-02	4.82e-01	3.09e-01	1.08e-01	2.82e-02	3.50e-04	1.09e-06	1.20e-07	4.76e-16	5.75e-16
 4.15361e+22	2.31e-07	7.95e-04	9.25e-02	5.19e-01	2.82e-01	8.57e-02	1.92e-02	1.97e-04	5.08e-07	2.31e-07	1.00e-15	1.21e-15
 4.52253e+22	3.67e-07	1.08e-03	1.11e-01	5.41e-01	2.61e-01	7.15e-02	1.44e-02	1.28e-04	2.88e-07	3.67e-07	1.70e-15	2.05e-15
 4.74236e+22	4.43e-07	1.23e-03	1.19e-01	5.49e-01	2.52e-01	6.61e-02	1.27e-02	1.06e-04	2.27e-07	4.43e-07	2.10e-15	2.53e-15
 4.89072e+22	5.64e-07	1.44e-03	1.30e-01	5.57e-01	2.41e-01	5.97e-02	1.08e-02	8.42e-05	1.67e-07	5.64e-07	2.76e-15	3.32e-15
 5.04862e+22	7.02e-07	1.67e-03	1.41e-01	5.64e-01	2.30e-01	5.42e-02	9.34e-03	6.77e-05	1.25e-07	7.02e-07	3.53e-15	4.24e-15
 5.18890e+22	8.47e-07	1.89e-03	1.50e-01	5.69e-01	2.21e-01	4.97e-02	8.19e-03	5.59e-05	0.00e+00	8.47e-07	4.37e-15	5.25e-15
 5.31674e+22	1.01e-06	2.12e-03	1.60e-01	5.73e-01	2.12e-01	4.58e-02	7.23e-03	4.65e-05	0.00e+00	1.01e-06	5.34e-15	6.41e-15
 5.43981e+22	1.19e-06	2.36e-03	1.70e-01	5.76e-01	2.04e-01	4.22e-02	6.41e-03	3.91e-05	0.00e+00	1.19e-06	6.45e-15	7.73e-15
 5.58121e+22	1.48e-06	2.71e-03	1.82e-01	5.78e-01	1.93e-01	3.80e-02	5.47e-03	3.11e-05	0.00e+00	1.48e-06	8.24e-15	9.87e-15
 5.72490e+22	1.77e-06	3.05e-03	1.94e-01	5.79e-01	1.84e-01	3.47e-02	4.78e-03	2.55e-05	0.00e+00	1.77e-06	1.01e-14	1.21e-14
 5.85108e+22	2.10e-06	3.40e-03	2.05e-01	5.80e-01	1.76e-01	3.17e-02	4.19e-03	2.11e-05	0.00e+00	2.10e-06	1.22e-14	1.46e-14
 5.99460e+22	2.59e-06	3.90e-03	2.20e-01	5.79e-01	1.65e-01	2.83e-02	3.55e-03	1.66e-05	0.00e+00	2.59e-06	1.56e-14	1.87e-14
 6.14068e+22	3.08e-06	4.36e-03	2.33e-01	5.77e-01	1.57e-01	2.56e-02	3.09e-03	1.35e-05	0.00e+00	3.08e-06	1.91e-14	2.27e-14
 6.27017e+22	3.66e-06	4.86e-03	2.46e-01	5.74e-01	1.49e-01	2.33e-02	2.68e-03	1.11e-05	0.00e+00	3.66e-06	2.32e-14	2.76e-14
 6.41860e+22	4.53e-06	5.58e-03	2.63e-01	5.70e-01	1.39e-01	2.06e-02	2.25e-03	8.61e-06	0.00e+00	4.53e-06	2.97e-14	3.54e-14
 6.56858e+22	5.39e-06	6.24e-03	2.78e-01	5.65e-01	1.31e-01	1.85e-02	1.94e-03	6.95e-06	0.00e+00	5.39e-06	3.63e-14	4.32e-14
 6.70030e+22	6.39e-06	6.95e-03	2.92e-01	5.59e-01	1.23e-01	1.67e-02	1.68e-03	5.64e-06	0.00e+00	6.39e-06	4.42e-14	5.26e-14
 6.85125e+22	7.89e-06	7.96e-03	3.11e-01	5.51e-01	1.14e-01	1.46e-02	1.39e-03	4.33e-06	0.00e+00	7.89e-06	5.66e-14	6.73e-14
 7.00481e+22	9.38e-06	8.88e-03	3.27e-01	5.43e-01	1.07e-01	1.30e-02	1.19e-03	3.46e-06	0.00e+00	9.38e-06	6.93e-14	8.23e-14
 7.14128e+22	1.11e-05	9.89e-03	3.43e-01	5.34e-01	1.00e-01	1.16e-02	1.02e-03	2.77e-06	0.00e+00	1.11e-05	8.46e-14	1.00e-13
 7.29822e+22	1.38e-05	1.13e-02	3.64e-01	5.22e-01	9.20e-02	1.01e-02	8.35e-04	2.09e-06	0.00e+00	1.38e-05	1.09e-13	1.29e-13
 7.45777e+22	1.64e-05	1.26e-02	3.81e-01	5.11e-01	8.53e-02	8.90e-03	7.05e-04	1.64e-06	0.00e+00	1.64e-05	1.34e-13	1.58e-13
 7.62070e+22	2.03e-05	1.45e-02	4.04e-01	4.96e-01	7.76e-02	7.61e-03	5.71e-04	1.22e-06	0.00e+00	2.03e-05	1.73e-13	2.05e-13
 7.78596e+22	2.42e-05	1.62e-02	4.22e-01	4.83e-01	7.15e-02	6.66e-03	4.77e-04	9.42e-07	0.00e+00	2.42e-05	2.14e-13	2.52e-13
 7.95424e+22	3.01e-05	1.85e-02	4.46e-01	4.65e-01	6.44e-02	5.64e-03	3.81e-04	6.87e-07	0.00e+00	3.01e-05	2.78e-13	3.28e-13
 8.12610e+22	3.59e-05	2.07e-02	4.66e-01	4.50e-01	5.88e-02	4.88e-03	3.14e-04	5.23e-07	0.00e+00	3.59e-05	3.45e-13	4.06e-13
 8.27888e+22	4.26e-05	2.30e-02	4.84e-01	4.34e-01	5.37e-02	4.23e-03	2.61e-04	4.03e-07	0.00e+00	4.26e-05	4.24e-13	4.99e-13
 8.37393e+22	4.43e-05	2.35e-02	4.90e-01	4.30e-01	5.23e-02	4.06e-03	2.47e-04	3.72e-07	0.00e+00	4.43e-05	4.46e-13	5.24e-13
 8.40407e+22	4.51e-05	2.38e-02	4.92e-01	4.28e-01	5.18e-02	4.00e-03	2.42e-04	3.62e-07	0.00e+00	4.51e-05	4.57e-13	5.36e-13
 8.42968e+22	4.68e-05	2.43e-02	4.96e-01	4.24e-01	5.07e-02	3.88e-03	2.32e-04	3.41e-07	0.00e+00	4.68e-05	4.77e-13	5.60e-13
 8.46297e+22	4.86e-05	2.49e-02	5.01e-01	4.21e-01	4.97e-02	3.76e-03	2.22e-04	3.22e-07	0.00e+00	4.86e-05	5.00e-13	5.86e-13
 8.50625e+22	5.11e-05	2.57e-02	5.06e-01	4.16e-01	4.84e-02	3.60e-03	2.10e-04	2.97e-07	0.00e+00	5.11e-05	5.33e-13	6.24e-13
 8.56252e+22	5.47e-05	2.68e-02	5.14e-01	4.09e-01	4.66e-02	3.39e-03	1.94e-04	2.67e-07	0.00e+00	5.47e-05	5.80e-13	6.79e-13
 8.63566e+22	6.00e-05	2.84e-02	5.24e-01	4.00e-01	4.42e-02	3.13e-03	1.75e-04	2.30e-07	0.00e+00	6.00e-05	6.50e-13	7.60e-13
 8.73075e+22	6.76e-05	3.06e-02	5.37e-01	3.88e-01	4.12e-02	2.81e-03	1.52e-04	1.89e-07	0.00e+00	6.76e-05	7.54e-13	8.79e-13
 8.85436e+22	7.83e-05	3.34e-02	5.53e-01	3.73e-01	3.77e-02	2.46e-03	1.28e-04	1.48e-07	0.00e+00	7.83e-05	9.07e-13	1.05e-12
 8.98451e+22	8.90e-05	3.62e-02	5.68e-01	3.59e-01	3.47e-02	2.17e-03	1.09e-04	0.00e+00	0.00e+00	8.90e-05	1.07e-12	1.24e-12
 9.12316e+22	1.05e-04	4.00e-02	5.85e-01	3.41e-01	3.13e-02	1.85e-03	8.87e-05	0.00e+00	0.00e+00	1.05e-04	1.31e-12	1.51e-12
 9.26192e+22	1.19e-04	4.30e-02	5.99e-01	3.27e-01	2.87e-02	1.63e-03	7.51e-05	0.00e+00	0.00e+00	1.19e-04	1.54e-12	1.77e-12
 9.40084e+22	1.39e-04	4.73e-02	6.16e-01	3.10e-01	2.58e-02	1.39e-03	6.13e-05	0.00e+00	0.00e+00	1.39e-04	1.88e-12	2.15e-12
 9.54334e+22	1.57e-04	5.10e-02	6.29e-01	2.95e-01	2.34e-02	1.21e-03	5.13e-05	0.00e+00	0.00e+00	1.57e-04	2.22e-12	2.52e-12
 9.69050e+22	1.85e-04	5.62e-02	6.45e-01	2.77e-01	2.08e-02	1.02e-03	4.12e-05	0.00e+00	0.00e+00	1.85e-04	2.74e-12	3.09e-12
 9.83964e+22	2.10e-04	6.05e-02	6.58e-01	2.62e-01	1.87e-02	8.76e-04	3.40e-05	0.00e+00	0.00e+00	2.10e-04	3.25e-12	3.64e-12
 9.99138e+22	2.46e-04	6.67e-02	6.72e-01	2.44e-01	1.65e-02	7.28e-04	2.70e-05	0.00e+00	0.00e+00	2.46e-04	4.03e-12	4.48e-12
 1.01452e+23	2.80e-04	7.18e-02	6.84e-01	2.29e-01	1.48e-02	6.21e-04	2.21e-05	0.00e+00	0.00e+00	2.80e-04	4.79e-12	5.27e-12
 1.03018e+23	3.29e-04	7.91e-02	6.96e-01	2.11e-01	1.29e-02	5.10e-04	1.73e-05	0.00e+00	0.00e+00	3.29e-04	5.98e-12	6.51e-12
 1.04614e+23	3.74e-04	8.50e-02	7.06e-01	1.97e-01	1.14e-02	4.31e-04	1.40e-05	0.00e+00	0.00e+00	3.74e-04	7.13e-12	7.68e-12
 1.06247e+23	4.41e-04	9.38e-02	7.16e-01	1.80e-01	9.81e-03	3.48e-04	1.07e-05	0.00e+00	0.00e+00	4.41e-04	8.99e-12	9.54e-12
 1.07913e+23	5.02e-04	1.01e-01	7.24e-01	1.65e-01	8.58e-03	2.90e-04	8.55e-06	0.00e+00	0.00e+00	5.02e-04	1.08e-11	1.13e-11
 1.09624e+23	5.98e-04	1.12e-01	7.31e-01	1.49e-01	7.26e-03	2.29e-04	6.40e-06	0.00e+00	0.00e+00	5.98e-04	1.38e-11	1.42e-11
 1.11337e+23	6.77e-04	1.20e-01	7.37e-01	1.36e-01	6.33e-03	1.89e-04	5.08e-06	0.00e+00	0.00e+00	6.77e-04	1.66e-11	1.68e-11
 1.13053e+23	8.06e-04	1.33e-01	7.40e-01	1.21e-01	5.31e-03	1.48e-04	3.77e-06	0.00e+00	0.00e+00	8.06e-04	2.12e-11	2.10e-11
 1.14777e+23	9.11e-04	1.42e-01	7.42e-01	1.10e-01	4.60e-03	1.22e-04	2.97e-06	0.00e+00	0.00e+00	9.11e-04	2.54e-11	2.47e-11
 1.16512e+23	1.08e-03	1.57e-01	7.41e-01	9.66e-02	3.85e-03	9.43e-05	2.20e-06	0.00e+00	0.00e+00	1.08e-03	3.26e-11	3.09e-11
 1.18276e+23	1.23e-03	1.69e-01	7.40e-01	8.63e-02	3.28e-03	7.58e-05	1.70e-06	0.00e+00	0.00e+00	1.23e-03	3.96e-11	3.68e-11
 1.20076e+23	1.48e-03	1.88e-01	7.34e-01	7.43e-02	2.69e-03	5.71e-05	1.22e-06	0.00e+00	0.00e+00	1.48e-03	5.17e-11	4.66e-11
 1.21865e+23	1.69e-03	2.02e-01	7.28e-01	6.57e-02	2.29e-03	4.55e-05	9.37e-07	0.00e+00	0.00e+00	1.69e-03	6.29e-11	5.55e-11
 1.23639e+23	2.04e-03	2.25e-01	7.16e-01	5.57e-02	1.86e-03	3.38e-05	6.68e-07	0.00e+00	0.00e+00	2.04e-03	8.25e-11	7.05e-11
 1.25414e+23	2.34e-03	2.43e-01	7.05e-01	4.85e-02	1.57e-03	2.65e-05	5.08e-07	0.00e+00	0.00e+00	2.34e-03	1.01e-10	8.44e-11
 1.27191e+23	2.83e-03	2.70e-01	6.86e-01	4.02e-02	1.27e-03	1.92e-05	3.57e-07	0.00e+00	0.00e+00	2.83e-03	1.34e-10	1.08e-10
 1.28968e+23	3.28e-03	2.93e-01	6.69e-01	3.44e-02	1.07e-03	1.48e-05	2.69e-07	0.00e+00	0.00e+00	3.28e-03	1.65e-10	1.30e-10
 1.30744e+23	4.02e-03	3.26e-01	6.41e-01	2.77e-02	8.49e-04	1.04e-05	1.85e-07	0.00e+00	0.00e+00	4.02e-03	2.21e-10	1.68e-10
 1.32518e+23	4.69e-03	3.54e-01	6.17e-01	2.31e-02	7.07e-04	7.77e-06	1.37e-07	0.00e+00	0.00e+00	4.69e-03	2.75e-10	2.05e-10
 1.34287e+23	5.76e-03	3.94e-01	5.81e-01	1.81e-02	5.60e-04	5.29e-06	0.00e+00	0.00e+00	0.00e+00	5.76e-03	3.68e-10	2.66e-10
 1.36073e+23	6.84e-03	4.29e-01	5.49e-01	1.45e-02	4.58e-04	3.78e-06	0.00e+00	0.00e+00	0.00e+00	6.84e-03	4.65e-10	3.28e-10
 1.37881e+23	8.52e-03	4.76e-01	5.04e-01	1.09e-02	3.56e-04	2.43e-06	0.00e+00	0.00e+00	0.00e+00	8.52e-03	6.28e-10	4.32e-10
 1.39710e+23	1.03e-02	5.19e-01	4.63e-01	8.29e-03	2.85e-04	1.64e-06	0.00e+00	0.00e+00	0.00e+00	1.03e-02	8.06e-10	5.44e-10
 1.41292e+23	1.24e-02	5.61e-01	4.21e-01	6.29e-03	2.29e-04	1.09e-06	0.00e+00	0.00e+00	0.00e+00	1.24e-02	1.03e-09	6.82e-10
 1.42825e+23	1.49e-02	6.02e-01	3.78e-01	4.71e-03	1.85e-04	7.24e-07	0.00e+00	0.00e+00	0.00e+00	1.49e-02	1.30e-09	8.51e-10
 1.44197e+23	1.75e-02	6.37e-01	3.42e-01	3.62e-03	1.53e-04	5.00e-07	0.00e+00	0.00e+00	0.00e+00	1.75e-02	1.59e-09	1.03e-09
 1.45614e+23	2.13e-02	6.79e-01	2.97e-01	2.57e-03	1.19e-04	3.09e-07	0.00e+00	0.00e+00	0.00e+00	2.13e-02	2.04e-09	1.31e-09
 1.47081e+23	2.58e-02	7.17e-01	2.55e-01	1.82e-03	9.34e-05	1.92e-07	0.00e+00	0.00e+00	0.00e+00	2.58e-02	2.59e-09	1.64e-09
 1.48372e+23	3.11e-02	7.50e-01	2.18e-01	1.29e-03	7.35e-05	1.20e-07	0.00e+00	0.00e+00	0.00e+00	3.11e-02	3.24e-09	2.04e-09
 1.49611e+23	3.76e-02	7.79e-01	1.82e-01	8.95e-04	5.69e-05	0.00e+00	0.00e+00	0.00e+00	0.00e+00	3.76e-02	4.08e-09	2.54e-09
 1.50813e+23	4.58e-02	8.04e-01	1.49e-01	6.06e-04	4.32e-05	0.00e+00	0.00e+00	0.00e+00	0.00e+00	4.58e-02	5.16e-09	3.20e-09
 1.51937e+23	5.58e-02	8.23e-01	1.21e-01	4.09e-04	3.25e-05	0.00e+00	0.00e+00	0.00e+00	0.00e+00	5.58e-02	6.48e-09	4.00e-09
 1.52968e+23	6.80e-02	8.36e-01	9.59e-02	2.75e-04	2.42e-05	0.00e+00	0.00e+00	0.00e+00	0.00e+00	6.80e-02	8.12e-09	4.99e-09
 1.53915e+23	8.23e-02	8.42e-01	7.55e-02	1.86e-04	1.78e-05	0.00e+00	0.00e+00	0.00e+00	0.00e+00	8.23e-02	1.01e-08	6.16e-09
 1.54791e+23	1.00e-01	8.41e-01	5.85e-02	1.26e-04	1.29e-05	0.00e+00	0.00e+00	0.00e+00	0.00e+00	1.00e-01	1.25e-08	7.61e-09
 1.55585e+23	1.21e-01	8.34e-01	4.50e-02	8.64e-05	9.29e-06	0.00e+00	0.00e+00	0.00e+00	0.00e+00	1.21e-01	1.53e-08	9.28e-09
 1.56284e+23	1.44e-01	8.21e-01	3.48e-02	6.12e-05	6.71e-06	0.00e+00	0.00e+00	0.00e+00	0.00e+00	1.44e-01	1.84e-08	1.11e-08
 1.56910e+23	1.70e-01	8.03e-01	2.69e-02	4.43e-05	4.85e-06	0.00e+00	0.00e+00	0.00e+00	0.00e+00	1.70e-01	2.17e-08	1.31e-08
 1.57482e+23	2.00e-01	7.79e-01	2.07e-02	3.27e-05	3.48e-06	0.00e+00	0.00e+00	0.00e+00	0.00e+00	2.00e-01	2.54e-08	1.53e-08
 1.58003e+23	2.32e-01	7.52e-01	1.61e-02	2.47e-05	2.52e-06	0.00e+00	0.00e+00	0.00e+00	0.00e+00	2.32e-01	2.91e-08	1.75e-08
 1.58482e+23	2.66e-01	7.21e-01	1.24e-02	1.90e-05	1.82e-06	0.00e+00	0.00e+00	0.00e+00	0.00e+00	2.66e-01	3.30e-08	1.98e-08
 1.58929e+23	3.03e-01	6.88e-01	9.67e-03	1.48e-05	1.32e-06	0.00e+00	0.00e+00	0.00e+00	0.00e+00	3.03e-01	3.68e-08	2.21e-08
 1.59345e+23	3.41e-01	6.51e-01	7.53e-03	1.17e-05	9.54e-07	0.00e+00	0.00e+00	0.00e+00	0.00e+00	3.41e-01	4.04e-08	2.42e-08
 1.59726e+23	3.79e-01	6.15e-01	5.93e-03	9.42e-06	7.04e-07	0.00e+00	0.00e+00	0.00e+00	0.00e+00	3.79e-01	4.36e-08	2.61e-08
 1.60054e+23	4.14e-01	5.82e-01	4.80e-03	7.84e-06	5.38e-07	0.00e+00	0.00e+00	0.00e+00	0.00e+00	4.14e-01	4.61e-08	2.76e-08
 1.60291e+23	4.39e-01	5.57e-01	4.12e-03	6.89e-06	4.44e-07	0.00e+00	0.00e+00	0.00e+00	0.00e+00	4.39e-01	4.77e-08	2.85e-08
 1.60453e+23	4.56e-01	5.40e-01	3.71e-03	6.32e-06	3.88e-07	0.00e+00	0.00e+00	0.00e+00	0.00e+00	4.56e-01	4.88e-08	2.91e-08
 1.60621e+23	4.75e-01	5.22e-01	3.31e-03	5.75e-06	3.36e-07	0.00e+00	0.00e+00	0.00e+00	0.00e+00	4.75e-01	4.98e-08	2.97e-08
 1.60826e+23	4.98e-01	4.99e-01	2.87e-03	5.13e-06	2.81e-07	0.00e+00	0.00e+00	0.00e+00	0.00e+00	4.98e-01	5.09e-08	3.04e-08
 1.61046e+23	5.22e-01	4.75e-01	2.47e-03	4.56e-06	2.33e-07	0.00e+00	0.00e+00	0.00e+00	0.00e+00	5.22e-01	5.19e-08	3.10e-08
 1.61263e+23	5.45e-01	4.53e-01	2.13e-03	4.08e-06	1.94e-07	0.00e+00	0.00e+00	0.00e+00	0.00e+00	5.45e-01	5.27e-08	3.14e-08
 1.61475e+23	5.67e-01	4.31e-01	1.85e-03	3.66e-06	1.63e-07	0.00e+00	0.00e+00	0.00e+00	0.00e+00	5.67e-01	5.33e-08	3.17e-08
 1.61678e+23	5.88e-01	4.10e-01	1.61e-03	3.30e-06	1.37e-07	0.00e+00	0.00e+00	0.00e+00	0.00e+00	5.88e-01	5.37e-08	3.19e-08
 1.61841e+23	6.03e-01	3.95e-01	1.45e-03	3.06e-06	0.00e+00	0.00e+00	0.00e+00	0.00e+00	0.00e+00	6.03e-01	5.39e-08	3.20e-08
 1.61954e+23	6.13e-01	3.85e-01	1.35e-03	2.91e-06	0.00e+00	0.00e+00	0.00e+00	0.00e+00	0.00e+00	6.13e-01	5.40e-08	3.21e-08
 1.62066e+23	6.24e-01	3.75e-01	1.25e-03	2.76e-06	0.00e+00	0.00e+00	0.00e+00	0.00e+00	0.00e+00	6.24e-01	5.40e-08	3.21e-08
 1.62200e+23	6.36e-01	3.63e-01	1.15e-03	2.60e-06	0.00e+00	0.00e+00	0.00e+00	0.00e+00	0.00e+00	6.36e-01	5.41e-08	3.21e-08
 1.62342e+23	6.48e-01	3.51e-01	1.04e-03	2.44e-06	0.00e+00	0.00e+00	0.00e+00	0.00e+00	0.00e+00	6.48e-01	5.41e-08	3.21e-08
 1.62482e+23	6.60e-01	3.39e-01	9.56e-04	2.29e-06	0.00e+00	0.00e+00	0.00e+00	0.00e+00	0.00e+00	6.60e-01	5.40e-08	3.20e-08
 1.62621e+23	6.71e-01	3.28e-01	8.76e-04	2.16e-06	0.00e+00	0.00e+00	0.00e+00	0.00e+00	0.00e+00	6.71e-01	5.39e-08	3.19e-08
 1.62763e+23	6.81e-01	3.18e-01	8.01e-04	2.04e-06	0.00e+00	0.00e+00	0.00e+00	0.00e+00	0.00e+00	6.81e-01	5.37e-08	3.18e-08
 1.62912e+23	6.93e-01	3.07e-01	7.30e-04	1.92e-06	0.00e+00	0.00e+00	0.00e+00	0.00e+00	0.00e+00	6.93e-01	5.35e-08	3.17e-08
 1.63062e+23	7.03e-01	2.96e-01	6.66e-04	1.80e-06	0.00e+00	0.00e+00	0.00e+00	0.00e+00	0.00e+00	7.03e-01	5.33e-08	3.16e-08
 1.63214e+23	7.13e-01	2.86e-01	6.08e-04	1.70e-06	0.00e+00	0.00e+00	0.00e+00	0.00e+00	0.00e+00	7.13e-01	5.31e-08	3.14e-08
 1.63372e+23	7.24e-01	2.76e-01	5.53e-04	1.60e-06	0.00e+00	0.00e+00	0.00e+00	0.00e+00	0.00e+00	7.24e-01	5.28e-08	3.12e-08
 1.63536e+23	7.34e-01	2.66e-01	5.02e-04	1.51e-06	0.00e+00	0.00e+00	0.00e+00	0.00e+00	0.00e+00	7.34e-01	5.25e-08	3.10e-08
 1.63702e+23	7.43e-01	2.56e-01	4.57e-04	1.42e-06	0.00e+00	0.00e+00	0.00e+00	0.00e+00	0.00e+00	7.43e-01	5.21e-08	3.08e-08
 1.63871e+23	7.53e-01	2.47e-01	4.15e-04	1.34e-06	0.00e+00	0.00e+00	0.00e+00	0.00e+00	0.00e+00	7.53e-01	5.18e-08	3.06e-08
 1.64046e+23	7.62e-01	2.38e-01	3.77e-04	1.26e-06	0.00e+00	0.00e+00	0.00e+00	0.00e+00	0.00e+00	7.62e-01	5.14e-08	3.03e-08
 1.64227e+23	7.71e-01	2.29e-01	3.41e-04	1.19e-06	0.00e+00	0.00e+00	0.00e+00	0.00e+00	0.00e+00	7.71e-01	5.10e-08	3.01e-08
 1.64414e+23	7.80e-01	2.20e-01	3.09e-04	1.12e-06	0.00e+00	0.00e+00	0.00e+00	0.00e+00	0.00e+00	7.80e-01	5.06e-08	2.98e-08
 1.64605e+23	7.88e-01	2.12e-01	2.80e-04	1.06e-06	0.00e+00	0.00e+00	0.00e+00	0.00e+00	0.00e+00	7.88e-01	5.01e-08	2.95e-08
 1.64801e+23	7.96e-01	2.03e-01	2.53e-04	9.97e-07	0.00e+00	0.00e+00	0.00e+00	0.00e+00	0.00e+00	7.96e-01	4.97e-08	2.92e-08
 1.65005e+23	8.04e-01	1.95e-01	2.29e-04	9.40e-07	0.00e+00	0.00e+00	0.00e+00	0.00e+00	0.00e+00	8.04e-01	4.93e-08	2.90e-08
 1.65216e+23	8.12e-01	1.88e-01	2.07e-04	8.85e-07	0.00e+00	0.00e+00	0.00e+00	0.00e+00	0.00e+00	8.12e-01	4.88e-08	2.87e-08
 1.65434e+23	8.20e-01	1.80e-01	1.87e-04	8.34e-07	0.00e+00	0.00e+00	0.00e+00	0.00e+00	0.00e+00	8.20e-01	4.83e-08	2.84e-08
 1.65658e+23	8.27e-01	1.73e-01	1.70e-04	7.86e-07	0.00e+00	0.00e+00	0.00e+00	0.00e+00	0.00e+00	8.27e-01	4.79e-08	2.81e-08
 1.65891e+23	8.34e-01	1.66e-01	1.53e-04	7.41e-07	0.00e+00	0.00e+00	0.00e+00	0.00e+00	0.00e+00	8.34e-01	4.75e-08	2.78e-08
 1.66133e+23	8.41e-01	1.59e-01	1.39e-04	6.98e-07	0.00e+00	0.00e+00	0.00e+00	0.00e+00	0.00e+00	8.41e-01	4.70e-08	2.75e-08
 1.66384e+23	8.47e-01	1.53e-01	1.26e-04	6.58e-07	0.00e+00	0.00e+00	0.00e+00	0.00e+00	0.00e+00	8.47e-01	4.66e-08	2.73e-08
 1.66644e+23	8.53e-01	1.47e-01	1.15e-04	6.20e-07	0.00e+00	0.00e+00	0.00e+00	0.00e+00	0.00e+00	8.53e-01	4.62e-08	2.70e-08
 1.66909e+23	8.59e-01	1.41e-01	1.05e-04	5.86e-07	0.00e+00	0.00e+00	0.00e+00	0.00e+00	0.00e+00	8.59e-01	4.57e-08	2.67e-08
 1.67181e+23	8.65e-01	1.35e-01	9.58e-05	5.54e-07	0.00e+00	0.00e+00	0.00e+00	0.00e+00	0.00e+00	8.65e-01	4.53e-08	2.64e-08
 1.67460e+23	8.70e-01	1.30e-01	8.80e-05	5.24e-07	0.00e+00	0.00e+00	0.00e+00	0.00e+00	0.00e+00	8.70e-01	4.49e-08	2.60e-08
 1.67751e+23	8.75e-01	1.25e-01	8.11e-05	4.96e-07	0.00e+00	0.00e+00	0.00e+00	0.00e+00	0.00e+00	8.75e-01	4.45e-08	2.57e-08
 1.68055e+23	8.80e-01	1.20e-01	7.49e-05	4.69e-07	0.00e+00	0.00e+00	0.00e+00	0.00e+00	0.00e+00	8.80e-01	4.41e-08	2.53e-08
 1.68366e+23	8.84e-01	1.16e-01	6.96e-05	4.44e-07	0.00e+00	0.00e+00	0.00e+00	0.00e+00	0.00e+00	8.84e-01	4.37e-08	2.50e-08
 1.68685e+23	8.89e-01	1.11e-01	6.50e-05	4.21e-07	0.00e+00	0.00e+00	0.00e+00	0.00e+00	0.00e+00	8.89e-01	4.34e-08	2.47e-08
 1.69021e+23	8.93e-01	1.07e-01	6.08e-05	4.00e-07	0.00e+00	0.00e+00	0.00e+00	0.00e+00	0.00e+00	8.93e-01	4.31e-08	2.44e-08
 1.69375e+23	8.96e-01	1.03e-01	5.71e-05	3.79e-07	0.00e+00	0.00e+00	0.00e+00	0.00e+00	0.00e+00	8.96e-01	4.29e-08	2.42e-08
 1.69743e+23	9.00e-01	9.97e-02	5.38e-05	3.60e-07	0.00e+00	0.00e+00	0.00e+00	0.00e+00	0.00e+00	9.00e-01	4.26e-08	2.39e-08
 1.70126e+23	9.04e-01	9.62e-02	5.10e-05	3.42e-07	0.00e+00	0.00e+00	0.00e+00	0.00e+00	0.00e+00	9.04e-01	4.24e-08	2.36e-08
 1.70533e+23	9.07e-01	9.27e-02	4.83e-05	3.24e-07	0.00e+00	0.00e+00	0.00e+00	0.00e+00	0.00e+00	9.07e-01	4.22e-08	2.34e-08
 1.70962e+23	9.11e-01	8.94e-02	4.60e-05	3.07e-07	0.00e+00	0.00e+00	0.00e+00	0.00e+00	0.00e+00	9.11e-01	4.21e-08	2.32e-08
 1.71412e+23	9.14e-01	8.60e-02	4.39e-05	2.91e-07	0.00e+00	0.00e+00	0.00e+00	0.00e+00	0.00e+00	9.14e-01	4.19e-08	2.29e-08
 1.71861e+23	9.17e-01	8.31e-02	4.22e-05	2.76e-07	0.00e+00	0.00e+00	0.00e+00	0.00e+00	0.00e+00	9.17e-01	4.18e-08	2.28e-08
 1.72293e+23	9.19e-01	8.06e-02	4.08e-05	2.64e-07	0.00e+00	0.00e+00	0.00e+00	0.00e+00	0.00e+00	9.19e-01	4.18e-08	2.26e-08
 1.72713e+23	9.22e-01	7.82e-02	3.96e-05	2.52e-07	0.00e+00	0.00e+00	0.00e+00	0.00e+00	0.00e+00	9.22e-01	4.17e-08	2.24e-08
 1.73123e+23	9.24e-01	7.60e-02	3.85e-05	2.42e-07	0.00e+00	0.00e+00	0.00e+00	0.00e+00	0.00e+00	9.24e-01	4.17e-08	2.23e-08
 1.73523e+23	9.26e-01	7.39e-02	3.76e-05	2.32e-07	0.00e+00	0.00e+00	0.00e+00	0.00e+00	0.00e+00	9.26e-01	4.17e-08	2.22e-08
 1.73911e+23	9.28e-01	7.19e-02	3.67e-05	2.23e-07	0.00e+00	0.00e+00	0.00e+00	0.00e+00	0.00e+00	9.28e-01	4.16e-08	2.20e-08
 1.74281e+23	9.30e-01	7.01e-02	3.61e-05	2.15e-07	0.00e+00	0.00e+00	0.00e+00	0.00e+00	0.00e+00	9.30e-01	4.16e-08	2.19e-08
 1.74625e+23	9.32e-01	6.84e-02	3.54e-05	2.07e-07	0.00e+00	0.00e+00	0.00e+00	0.00e+00	0.00e+00	9.32e-01	4.15e-08	2.18e-08
 1.74960e+23	9.33e-01	6.68e-02	3.49e-05	2.00e-07	0.00e+00	0.00e+00	0.00e+00	0.00e+00	0.00e+00	9.33e-01	4.15e-08	2.17e-08
 1.75295e+23	9.35e-01	6.52e-02	3.44e-05	1.93e-07	0.00e+00	0.00e+00	0.00e+00	0.00e+00	0.00e+00	9.35e-01	4.14e-08	2.16e-08
 1.75620e+23	9.36e-01	6.37e-02	3.39e-05	1.87e-07	0.00e+00	0.00e+00	0.00e+00	0.00e+00	0.00e+00	9.36e-01	4.14e-08	2.15e-08
 1.75933e+23	9.38e-01	6.23e-02	3.35e-05	1.81e-07	0.00e+00	0.00e+00	0.00e+00	0.00e+00	0.00e+00	9.38e-01	4.14e-08	2.14e-08
 1.76235e+23	9.39e-01	6.09e-02	3.31e-05	1.76e-07	0.00e+00	0.00e+00	0.00e+00	0.00e+00	0.00e+00	9.39e-01	4.14e-08	2.13e-08
 1.76527e+23	9.40e-01	5.96e-02	3.27e-05	1.70e-07	0.00e+00	0.00e+00	0.00e+00	0.00e+00	0.00e+00	9.40e-01	4.13e-08	2.12e-08
 1.76810e+23	9.42e-01	5.83e-02	3.24e-05	1.65e-07	0.00e+00	0.00e+00	0.00e+00	0.00e+00	0.00e+00	9.42e-01	4.13e-08	2.12e-08
 1.77083e+23	9.43e-01	5.71e-02	3.21e-05	1.60e-07	0.00e+00	0.00e+00	0.00e+00	0.00e+00	0.00e+00	9.43e-01	4.13e-08	2.11e-08
 1.77346e+23	9.44e-01	5.59e-02	3.18e-05	1.56e-07	0.00e+00	0.00e+00	0.00e+00	0.00e+00	0.00e+00	9.44e-01	4.12e-08	2.10e-08
 1.77599e+23	9.45e-01	5.48e-02	3.16e-05	1.52e-07	0.00e+00	0.00e+00	0.00e+00	0.00e+00	0.00e+00	9.45e-01	4.12e-08	2.09e-08
 1.77844e+23	9.46e-01	5.37e-02	3.13e-05	1.48e-07	0.00e+00	0.00e+00	0.00e+00	0.00e+00	0.00e+00	9.46e-01	4.12e-08	2.08e-08
 1.78076e+23	9.47e-01	5.26e-02	3.11e-05	1.44e-07	0.00e+00	0.00e+00	0.00e+00	0.00e+00	0.00e+00	9.47e-01	4.11e-08	2.08e-08
 1.78304e+23	9.48e-01	5.16e-02	3.09e-05	1.40e-07	0.00e+00	0.00e+00	0.00e+00	0.00e+00	0.00e+00	9.48e-01	4.11e-08	2.07e-08
 1.78525e+23	9.49e-01	5.06e-02	3.07e-05	1.37e-07	0.00e+00	0.00e+00	0.00e+00	0.00e+00	0.00e+00	9.49e-01	4.10e-08	2.06e-08
 1.78727e+23	9.50e-01	4.97e-02	3.05e-05	1.34e-07	0.00e+00	0.00e+00	0.00e+00	0.00e+00	0.00e+00	9.50e-01	4.10e-08	2.05e-08
 1.78911e+23	9.51e-01	4.89e-02	3.04e-05	1.31e-07	0.00e+00	0.00e+00	0.00e+00	0.00e+00	0.00e+00	9.51e-01	4.10e-08	2.05e-08
 1.79079e+23	9.52e-01	4.82e-02	3.02e-05	1.29e-07	0.00e+00	0.00e+00	0.00e+00	0.00e+00	0.00e+00	9.52e-01	4.09e-08	2.04e-08
 1.79231e+23	9.52e-01	4.75e-02	3.01e-05	1.27e-07	0.00e+00	0.00e+00	0.00e+00	0.00e+00	0.00e+00	9.52e-01	4.09e-08	2.03e-08
 1.79370e+23	9.53e-01	4.70e-02	3.00e-05	1.25e-07	0.00e+00	0.00e+00	0.00e+00	0.00e+00	0.00e+00	9.53e-01	4.08e-08	2.03e-08
 1.79496e+23	9.54e-01	4.64e-02	2.99e-05	0.00e+00	0.00e+00	0.00e+00	0.00e+00	0.00e+00	0.00e+00	9.54e-01	4.08e-08	2.02e-08
 1.79611e+23	9.54e-01	4.59e-02	2.98e-05	0.00e+00	0.00e+00	0.00e+00	0.00e+00	0.00e+00	0.00e+00	9.54e-01	4.07e-08	2.02e-08
 1.79737e+23	9.55e-01	4.53e-02	2.97e-05	0.00e+00	0.00e+00	0.00e+00	0.00e+00	0.00e+00	0.00e+00	9.55e-01	4.05e-08	2.01e-08
 1.79872e+23	9.55e-01	4.46e-02	2.95e-05	0.00e+00	0.00e+00	0.00e+00	0.00e+00	0.00e+00	0.00e+00	9.55e-01	4.03e-08	2.00e-08
 1.79996e+23	9.56e-01	4.41e-02	2.94e-05	0.00e+00	0.00e+00	0.00e+00	0.00e+00	0.00e+00	0.00e+00	9.56e-01	4.02e-08	2.00e-08
 1.80108e+23	9.56e-01	4.36e-02	2.93e-05	0.00e+00	0.00e+00	0.00e+00	0.00e+00	0.00e+00	0.00e+00	9.56e-01	4.00e-08	1.99e-08
 1.80211e+23	9.57e-01	4.33e-02	2.92e-05	0.00e+00	0.00e+00	0.00e+00	0.00e+00	0.00e+00	0.00e+00	9.57e-01	4.00e-08	1.99e-08
 1.80323e+23	9.57e-01	4.27e-02	2.91e-05	0.00e+00	0.00e+00	0.00e+00	0.00e+00	0.00e+00	0.00e+00	9.57e-01	3.98e-08	1.99e-08
 1.80469e+23	9.58e-01	4.19e-02	2.89e-05	0.00e+00	0.00e+00	0.00e+00	0.00e+00	0.00e+00	0.00e+00	9.58e-01	3.97e-08	1.98e-08
 1.80626e+23	9.59e-01	4.12e-02	2.87e-05	0.00e+00	0.00e+00	0.00e+00	0.00e+00	0.00e+00	0.00e+00	9.59e-01	3.95e-08	1.97e-08
 1.80769e+23	9.60e-01	4.04e-02	2.85e-05	0.00e+00	0.00e+00	0.00e+00	0.00e+00	0.00e+00	0.00e+00	9.60e-01	3.93e-08	1.96e-08
 1.80900e+23	9.60e-01	4.00e-02	2.84e-05	0.00e+00	0.00e+00	0.00e+00	0.00e+00	0.00e+00	0.00e+00	9.60e-01	3.93e-08	1.96e-08
 1.81043e+23	9.61e-01	3.94e-02	2.82e-05	0.00e+00	0.00e+00	0.00e+00	0.00e+00	0.00e+00	0.00e+00	9.61e-01	3.92e-08	1.96e-08
 1.81197e+23	9.61e-01	3.87e-02	2.80e-05	0.00e+00	0.00e+00	0.00e+00	0.00e+00	0.00e+00	0.00e+00	9.61e-01	3.91e-08	1.95e-08
 1.81337e+23	9.62e-01	3.82e-02	2.78e-05	0.00e+00	0.00e+00	0.00e+00	0.00e+00	0.00e+00	0.00e+00	9.62e-01	3.89e-08	1.95e-08
 1.81465e+23	9.62e-01	3.79e-02	2.76e-05	0.00e+00	0.00e+00	0.00e+00	0.00e+00	0.00e+00	0.00e+00	9.62e-01	3.89e-08	1.95e-08
 1.81605e+23	9.63e-01	3.73e-02	2.74e-05	0.00e+00	0.00e+00	0.00e+00	0.00e+00	0.00e+00	0.00e+00	9.63e-01	3.89e-08	1.94e-08
 1.81756e+23	9.63e-01	3.67e-02	2.72e-05	0.00e+00	0.00e+00	0.00e+00	0.00e+00	0.00e+00	0.00e+00	9.63e-01	3.88e-08	1.94e-08
 1.81893e+23	9.64e-01	3.62e-02	2.70e-05	0.00e+00	0.00e+00	0.00e+00	0.00e+00	0.00e+00	0.00e+00	9.64e-01	3.87e-08	1.94e-08
 1.82044e+23	9.64e-01	3.57e-02	2.68e-05	0.00e+00	0.00e+00	0.00e+00	0.00e+00	0.00e+00	0.00e+00	9.64e-01	3.86e-08	1.93e-08
 1.82207e+23	9.65e-01	3.50e-02	2.65e-05	0.00e+00	0.00e+00	0.00e+00	0.00e+00	0.00e+00	0.00e+00	9.65e-01	3.86e-08	1.93e-08
 1.82355e+23	9.65e-01	3.46e-02	2.63e-05	0.00e+00	0.00e+00	0.00e+00	0.00e+00	0.00e+00	0.00e+00	9.65e-01	3.85e-08	1.92e-08
 1.82517e+23	9.66e-01	3.40e-02	2.60e-05	0.00e+00	0.00e+00	0.00e+00	0.00e+00	0.00e+00	0.00e+00	9.66e-01	3.85e-08	1.92e-08
 1.82692e+23	9.67e-01	3.33e-02	2.58e-05	0.00e+00	0.00e+00	0.00e+00	0.00e+00	0.00e+00	0.00e+00	9.67e-01	3.84e-08	1.91e-08
 1.82851e+23	9.67e-01	3.28e-02	2.55e-05	0.00e+00	0.00e+00	0.00e+00	0.00e+00	0.00e+00	0.00e+00	9.67e-01	3.83e-08	1.91e-08
 1.82996e+23	9.68e-01	3.24e-02	2.53e-05	0.00e+00	0.00e+00	0.00e+00	0.00e+00	0.00e+00	0.00e+00	9.68e-01	3.82e-08	1.91e-08
 1.83128e+23	9.68e-01	3.19e-02	2.50e-05	0.00e+00	0.00e+00	0.00e+00	0.00e+00	0.00e+00	0.00e+00	9.68e-01	3.82e-08	1.90e-08
 1.83248e+23	9.68e-01	3.16e-02	2.48e-05	0.00e+00	0.00e+00	0.00e+00	0.00e+00	0.00e+00	0.00e+00	9.68e-01	3.81e-08	1.90e-08
 1.83380e+23	9.69e-01	3.11e-02	2.46e-05	0.00e+00	0.00e+00	0.00e+00	0.00e+00	0.00e+00	0.00e+00	9.69e-01	3.80e-08	1.89e-08
 1.83522e+23	9.69e-01	3.06e-02	2.43e-05	0.00e+00	0.00e+00	0.00e+00	0.00e+00	0.00e+00	0.00e+00	9.69e-01	3.79e-08	1.88e-08
 1.83651e+23	9.70e-01	3.02e-02	2.41e-05	0.00e+00	0.00e+00	0.00e+00	0.00e+00	0.00e+00	0.00e+00	9.70e-01	3.79e-08	1.88e-08
 1.83793e+23	9.70e-01	2.97e-02	2.38e-05	0.00e+00	0.00e+00	0.00e+00	0.00e+00	0.00e+00	0.00e+00	9.70e-01	3.78e-08	1.87e-08
 1.83946e+23	9.71e-01	2.92e-02	2.36e-05	0.00e+00	0.00e+00	0.00e+00	0.00e+00	0.00e+00	0.00e+00	9.71e-01	3.77e-08	1.87e-08
 1.84085e+23	9.71e-01	2.88e-02	2.34e-05	0.00e+00	0.00e+00	0.00e+00	0.00e+00	0.00e+00	0.00e+00	9.71e-01	3.77e-08	1.86e-08
 1.84211e+23	9.72e-01	2.84e-02	2.32e-05	0.00e+00	0.00e+00	0.00e+00	0.00e+00	0.00e+00	0.00e+00	9.72e-01	3.76e-08	1.86e-08
 1.84327e+23	9.72e-01	2.81e-02	2.30e-05	0.00e+00	0.00e+00	0.00e+00	0.00e+00	0.00e+00	0.00e+00	9.72e-01	3.76e-08	1.85e-08
 1.84453e+23	9.72e-01	2.77e-02	2.28e-05	0.00e+00	0.00e+00	0.00e+00	0.00e+00	0.00e+00	0.00e+00	9.72e-01	3.75e-08	1.85e-08
 1.84589e+23	9.73e-01	2.72e-02	2.26e-05	0.00e+00	0.00e+00	0.00e+00	0.00e+00	0.00e+00	0.00e+00	9.73e-01	3.75e-08	1.84e-08
 1.84713e+23	9.73e-01	2.68e-02	2.24e-05	0.00e+00	0.00e+00	0.00e+00	0.00e+00	0.00e+00	0.00e+00	9.73e-01	3.73e-08	1.83e-08
 1.84826e+23	9.73e-01	2.66e-02	2.22e-05	0.00e+00	0.00e+00	0.00e+00	0.00e+00	0.00e+00	0.00e+00	9.73e-01	3.74e-08	1.83e-08
 1.84950e+23	9.74e-01	2.63e-02	2.20e-05	0.00e+00	0.00e+00	0.00e+00	0.00e+00	0.00e+00	0.00e+00	9.74e-01	3.73e-08	1.83e-08
 1.85083e+23	9.74e-01	2.59e-02	2.18e-05	0.00e+00	0.00e+00	0.00e+00	0.00e+00	0.00e+00	0.00e+00	9.74e-01	3.73e-08	1.82e-08
 1.85230e+23	9.75e-01	2.54e-02	2.16e-05	0.00e+00	0.00e+00	0.00e+00	0.00e+00	0.00e+00	0.00e+00	9.75e-01	3.72e-08	1.82e-08
 1.85388e+23	9.75e-01	2.50e-02	2.14e-05	0.00e+00	0.00e+00	0.00e+00	0.00e+00	0.00e+00	0.00e+00	9.75e-01	3.69e-08	1.80e-08
 1.85531e+23	9.75e-01	2.46e-02	2.12e-05	0.00e+00	0.00e+00	0.00e+00	0.00e+00	0.00e+00	0.00e+00	9.75e-01	3.66e-08	1.79e-08
 1.85662e+23	9.76e-01	2.44e-02	2.11e-05	0.00e+00	0.00e+00	0.00e+00	0.00e+00	0.00e+00	0.00e+00	9.76e-01	3.65e-08	1.78e-08
 1.85805e+23	9.76e-01	2.40e-02	2.09e-05	0.00e+00	0.00e+00	0.00e+00	0.00e+00	0.00e+00	0.00e+00	9.76e-01	3.62e-08	1.77e-08
 1.85960e+23	9.76e-01	2.36e-02	2.07e-05	0.00e+00	0.00e+00	0.00e+00	0.00e+00	0.00e+00	0.00e+00	9.76e-01	3.59e-08	1.75e-08
 1.86101e+23	9.77e-01	2.33e-02	2.05e-05	0.00e+00	0.00e+00	0.00e+00	0.00e+00	0.00e+00	0.00e+00	9.77e-01	3.57e-08	1.74e-08
 1.86255e+23	9.77e-01	2.30e-02	2.03e-05	0.00e+00	0.00e+00	0.00e+00	0.00e+00	0.00e+00	0.00e+00	9.77e-01	3.54e-08	1.72e-08
 1.86422e+23	9.77e-01	2.25e-02	2.01e-05	0.00e+00	0.00e+00	0.00e+00	0.00e+00	0.00e+00	0.00e+00	9.77e-01	3.51e-08	1.70e-08
 1.86574e+23	9.78e-01	2.22e-02	1.99e-05	0.00e+00	0.00e+00	0.00e+00	0.00e+00	0.00e+00	0.00e+00	9.78e-01	3.48e-08	1.68e-08
 1.86711e+23	9.78e-01	2.20e-02	1.98e-05	0.00e+00	0.00e+00	0.00e+00	0.00e+00	0.00e+00	0.00e+00	9.78e-01	3.47e-08	1.68e-08
 1.86863e+23	9.78e-01	2.17e-02	1.96e-05	0.00e+00	0.00e+00	0.00e+00	0.00e+00	0.00e+00	0.00e+00	9.78e-01	3.44e-08	1.66e-08
 1.87026e+23	9.79e-01	2.13e-02	1.94e-05	0.00e+00	0.00e+00	0.00e+00	0.00e+00	0.00e+00	0.00e+00	9.79e-01	3.42e-08	1.64e-08
 1.87174e+23	9.79e-01	2.10e-02	1.92e-05	0.00e+00	0.00e+00	0.00e+00	0.00e+00	0.00e+00	0.00e+00	9.79e-01	3.40e-08	1.63e-08
 1.87337e+23	9.79e-01	2.07e-02	1.90e-05	0.00e+00	0.00e+00	0.00e+00	0.00e+00	0.00e+00	0.00e+00	9.79e-01	3.37e-08	1.61e-08
 1.87513e+23	9.80e-01	2.03e-02	1.88e-05	0.00e+00	0.00e+00	0.00e+00	0.00e+00	0.00e+00	0.00e+00	9.80e-01	3.34e-08	1.59e-08
 1.87673e+23	9.80e-01	1.99e-02	1.87e-05	0.00e+00	0.00e+00	0.00e+00	0.00e+00	0.00e+00	0.00e+00	9.80e-01	3.31e-08	1.57e-08
 1.87818e+23	9.80e-01	1.98e-02	1.85e-05	0.00e+00	0.00e+00	0.00e+00	0.00e+00	0.00e+00	0.00e+00	9.80e-01	3.31e-08	1.56e-08
 1.87978e+23	9.81e-01	1.94e-02	1.84e-05	0.00e+00	0.00e+00	0.00e+00	0.00e+00	0.00e+00	0.00e+00	9.81e-01	3.28e-08	1.55e-08
 1.88150e+23	9.81e-01	1.91e-02	1.82e-05	0.00e+00	0.00e+00	0.00e+00	0.00e+00	0.00e+00	0.00e+00	9.81e-01	3.25e-08	1.53e-08
 1.88306e+23	9.81e-01	1.89e-02	1.80e-05	0.00e+00	0.00e+00	0.00e+00	0.00e+00	0.00e+00	0.00e+00	9.81e-01	3.23e-08	1.52e-08
 1.88478e+23	9.81e-01	1.85e-02	1.79e-05	0.00e+00	0.00e+00	0.00e+00	0.00e+00	0.00e+00	0.00e+00	9.81e-01	3.20e-08	1.50e-08
 1.88663e+23	9.82e-01	1.82e-02	1.77e-05	0.00e+00	0.00e+00	0.00e+00	0.00e+00	0.00e+00	0.00e+00	9.82e-01	3.17e-08	1.48e-08
 1.88832e+23	9.82e-01	1.79e-02	1.75e-05	0.00e+00	0.00e+00	0.00e+00	0.00e+00	0.00e+00	0.00e+00	9.82e-01	3.15e-08	1.46e-08
 1.89017e+23	9.82e-01	1.76e-02	1.73e-05	0.00e+00	0.00e+00	0.00e+00	0.00e+00	0.00e+00	0.00e+00	9.82e-01	3.11e-08	1.44e-08
 1.89216e+23	9.83e-01	1.72e-02	1.71e-05	0.00e+00	0.00e+00	0.00e+00	0.00e+00	0.00e+00	0.00e+00	9.83e-01	3.07e-08	1.42e-08
 1.89398e+23	9.83e-01	1.70e-02	1.70e-05	0.00e+00	0.00e+00	0.00e+00	0.00e+00	0.00e+00	0.00e+00	9.83e-01	3.06e-08	1.41e-08
 1.89597e+23	9.83e-01	1.66e-02	1.68e-05	0.00e+00	0.00e+00	0.00e+00	0.00e+00	0.00e+00	0.00e+00	9.83e-01	3.02e-08	1.38e-08
 1.89811e+23	9.84e-01	1.63e-02	1.66e-05	0.00e+00	0.00e+00	0.00e+00	0.00e+00	0.00e+00	0.00e+00	9.84e-01	2.98e-08	1.36e-08
 1.90007e+23	9.84e-01	1.60e-02	1.65e-05	0.00e+00	0.00e+00	0.00e+00	0.00e+00	0.00e+00	0.00e+00	9.84e-01	2.96e-08	1.34e-08
 1.90221e+23	9.84e-01	1.57e-02	1.63e-05	0.00e+00	0.00e+00	0.00e+00	0.00e+00	0.00e+00	0.00e+00	9.84e-01	2.92e-08	1.32e-08
 1.90452e+23	9.85e-01	1.53e-02	1.61e-05	0.00e+00	0.00e+00	0.00e+00	0.00e+00	0.00e+00	0.00e+00	9.85e-01	2.89e-08	1.30e-08
 1.90662e+23	9.85e-01	1.51e-02	1.59e-05	0.00e+00	0.00e+00	0.00e+00	0.00e+00	0.00e+00	0.00e+00	9.85e-01	2.86e-08	1.28e-08
 1.90854e+23	9.85e-01	1.48e-02	1.58e-05	0.00e+00	0.00e+00	0.00e+00	0.00e+00	0.00e+00	0.00e+00	9.85e-01	2.82e-08	1.25e-08
 1.91028e+23	9.85e-01	1.46e-02	1.56e-05	0.00e+00	0.00e+00	0.00e+00	0.00e+00	0.00e+00	0.00e+00	9.85e-01	2.81e-08	1.24e-08
 1.91219e+23	9.86e-01	1.44e-02	1.55e-05	0.00e+00	0.00e+00	0.00e+00	0.00e+00	0.00e+00	0.00e+00	9.86e-01	2.78e-08	1.23e-08
 1.91425e+23	9.86e-01	1.41e-02	1.53e-05	0.00e+00	0.00e+00	0.00e+00	0.00e+00	0.00e+00	0.00e+00	9.86e-01	2.75e-08	1.21e-08
 1.91613e+23	9.86e-01	1.39e-02	1.52e-05	0.00e+00	0.00e+00	0.00e+00	0.00e+00	0.00e+00	0.00e+00	9.86e-01	2.73e-08	1.20e-08
 1.91818e+23	9.86e-01	1.36e-02	1.50e-05	0.00e+00	0.00e+00	0.00e+00	0.00e+00	0.00e+00	0.00e+00	9.86e-01	2.70e-08	1.18e-08
 1.92040e+23	9.87e-01	1.33e-02	1.49e-05	0.00e+00	0.00e+00	0.00e+00	0.00e+00	0.00e+00	0.00e+00	9.87e-01	2.67e-08	1.16e-08
 1.92242e+23	9.87e-01	1.31e-02	1.47e-05	0.00e+00	0.00e+00	0.00e+00	0.00e+00	0.00e+00	0.00e+00	9.87e-01	2.66e-08	1.15e-08
 1.92463e+23	9.87e-01	1.28e-02	1.46e-05	0.00e+00	0.00e+00	0.00e+00	0.00e+00	0.00e+00	0.00e+00	9.87e-01	2.63e-08	1.13e-08
 1.92702e+23	9.87e-01	1.25e-02	1.44e-05	0.00e+00	0.00e+00	0.00e+00	0.00e+00	0.00e+00	0.00e+00	9.87e-01	2.59e-08	1.11e-08
 1.92919e+23	9.88e-01	1.23e-02	1.43e-05	0.00e+00	0.00e+00	0.00e+00	0.00e+00	0.00e+00	0.00e+00	9.88e-01	2.58e-08	1.10e-08
 1.93157e+23	9.88e-01	1.21e-02	1.41e-05	0.00e+00	0.00e+00	0.00e+00	0.00e+00	0.00e+00	0.00e+00	9.88e-01	2.55e-08	1.07e-08
 1.93414e+23	9.88e-01	1.18e-02	1.39e-05	0.00e+00	0.00e+00	0.00e+00	0.00e+00	0.00e+00	0.00e+00	9.88e-01	2.51e-08	1.05e-08
 1.93648e+23	9.88e-01	1.16e-02	1.38e-05	0.00e+00	0.00e+00	0.00e+00	0.00e+00	0.00e+00	0.00e+00	9.88e-01	2.50e-08	1.04e-08
 1.93905e+23	9.89e-01	1.13e-02	1.36e-05	0.00e+00	0.00e+00	0.00e+00	0.00e+00	0.00e+00	0.00e+00	9.89e-01	2.46e-08	1.01e-08
 1.94182e+23	9.89e-01	1.10e-02	1.34e-05	0.00e+00	0.00e+00	0.00e+00	0.00e+00	0.00e+00	0.00e+00	9.89e-01	2.42e-08	9.91e-09
 1.94433e+23	9.89e-01	1.08e-02	1.33e-05	0.00e+00	0.00e+00	0.00e+00	0.00e+00	0.00e+00	0.00e+00	9.89e-01	2.41e-08	9.79e-09
 1.94709e+23	9.89e-01	1.05e-02	1.31e-05	0.00e+00	0.00e+00	0.00e+00	0.00e+00	0.00e+00	0.00e+00	9.89e-01	2.37e-08	9.58e-09
 1.95007e+23	9.90e-01	1.03e-02	1.29e-05	0.00e+00	0.00e+00	0.00e+00	0.00e+00	0.00e+00	0.00e+00	9.90e-01	2.33e-08	9.34e-09
 1.95279e+23	9.90e-01	1.01e-02	1.28e-05	0.00e+00	0.00e+00	0.00e+00	0.00e+00	0.00e+00	0.00e+00	9.90e-01	2.32e-08	9.22e-09
 1.95576e+23	9.90e-01	9.80e-03	1.26e-05	0.00e+00	0.00e+00	0.00e+00	0.00e+00	0.00e+00	0.00e+00	9.90e-01	2.28e-08	9.01e-09
 1.95896e+23	9.90e-01	9.55e-03	1.24e-05	0.00e+00	0.00e+00	0.00e+00	0.00e+00	0.00e+00	0.00e+00	9.90e-01	2.26e-08	8.83e-09
 1.96188e+23	9.91e-01	9.33e-03	1.23e-05	0.00e+00	0.00e+00	0.00e+00	0.00e+00	0.00e+00	0.00e+00	9.91e-01	2.23e-08	8.65e-09
 1.96454e+23	9.91e-01	9.16e-03	1.21e-05	0.00e+00	0.00e+00	0.00e+00	0.00e+00	0.00e+00	0.00e+00	9.91e-01	2.21e-08	8.52e-09
 1.96745e+23	9.91e-01	8.91e-03	1.20e-05	0.00e+00	0.00e+00	0.00e+00	0.00e+00	0.00e+00	0.00e+00	9.91e-01	2.18e-08	8.31e-09
 1.97059e+23	9.91e-01	8.67e-03	1.18e-05	0.00e+00	0.00e+00	0.00e+00	0.00e+00	0.00e+00	0.00e+00	9.91e-01	2.14e-08	8.11e-09
 1.97345e+23	9.91e-01	8.50e-03	1.17e-05	0.00e+00	0.00e+00	0.00e+00	0.00e+00	0.00e+00	0.00e+00	9.91e-01	2.13e-08	8.00e-09
 1.97659e+23	9.92e-01	8.27e-03	1.15e-05	0.00e+00	0.00e+00	0.00e+00	0.00e+00	0.00e+00	0.00e+00	9.92e-01	2.10e-08	7.80e-09
 1.97997e+23	9.92e-01	8.03e-03	1.13e-05	0.00e+00	0.00e+00	0.00e+00	0.00e+00	0.00e+00	0.00e+00	9.92e-01	2.06e-08	7.60e-09
 1.98305e+23	9.92e-01	7.86e-03	1.12e-05	0.00e+00	0.00e+00	0.00e+00	0.00e+00	0.00e+00	0.00e+00	9.92e-01	2.05e-08	7.48e-09
 1.98642e+23	9.92e-01	7.64e-03	1.10e-05	0.00e+00	0.00e+00	0.00e+00	0.00e+00	0.00e+00	0.00e+00	9.92e-01	2.02e-08	7.30e-09
 1.99006e+23	9.93e-01	7.43e-03	1.08e-05	0.00e+00	0.00e+00	0.00e+00	0.00e+00	0.00e+00	0.00e+00	9.93e-01	2.00e-08	7.13e-09
 1.99338e+23	9.93e-01	7.23e-03	1.07e-05	0.00e+00	0.00e+00	0.00e+00	0.00e+00	0.00e+00	0.00e+00	9.93e-01	1.97e-08	6.97e-09
 1.99639e+23	9.93e-01	7.08e-03	1.06e-05	0.00e+00	0.00e+00	0.00e+00	0.00e+00	0.00e+00	0.00e+00	9.93e-01	1.96e-08	6.84e-09
 1.99970e+23	9.93e-01	6.88e-03	1.04e-05	0.00e+00	0.00e+00	0.00e+00	0.00e+00	0.00e+00	0.00e+00	9.93e-01	1.93e-08	6.67e-09
 2.00327e+23	9.93e-01	6.69e-03	1.03e-05	0.00e+00	0.00e+00	0.00e+00	0.00e+00	0.00e+00	0.00e+00	9.93e-01	1.91e-08	6.52e-09
 2.00651e+23	9.93e-01	6.53e-03	1.01e-05	0.00e+00	0.00e+00	0.00e+00	0.00e+00	0.00e+00	0.00e+00	9.93e-01	1.89e-08	6.38e-09
 2.01007e+23	9.94e-01	6.34e-03	9.97e-06	0.00e+00	0.00e+00	0.00e+00	0.00e+00	0.00e+00	0.00e+00	9.94e-01	1.86e-08	6.20e-09
 2.01391e+23	9.94e-01	6.16e-03	9.82e-06	0.00e+00	0.00e+00	0.00e+00	0.00e+00	0.00e+00	0.00e+00	9.94e-01	1.83e-08	6.04e-09
 2.01741e+23	9.94e-01	6.01e-03	9.69e-06	0.00e+00	0.00e+00	0.00e+00	0.00e+00	0.00e+00	0.00e+00	9.94e-01	1.81e-08	5.90e-09
 2.02124e+23	9.94e-01	5.82e-03	9.52e-06	0.00e+00	0.00e+00	0.00e+00	0.00e+00	0.00e+00	0.00e+00	9.94e-01	1.78e-08	5.73e-09
 2.02537e+23	9.94e-01	5.65e-03	9.37e-06	0.00e+00	0.00e+00	0.00e+00	0.00e+00	0.00e+00	0.00e+00	9.94e-01	1.76e-08	5.58e-09
 2.02913e+23	9.94e-01	5.50e-03	9.23e-06	0.00e+00	0.00e+00	0.00e+00	0.00e+00	0.00e+00	0.00e+00	9.94e-01	1.74e-08	5.43e-09
 2.03256e+23	9.95e-01	5.36e-03	9.11e-06	0.00e+00	0.00e+00	0.00e+00	0.00e+00	0.00e+00	0.00e+00	9.95e-01	1.72e-08	5.31e-09
 2.03631e+23	9.95e-01	5.21e-03	8.96e-06	0.00e+00	0.00e+00	0.00e+00	0.00e+00	0.00e+00	0.00e+00	9.95e-01	1.70e-08	5.16e-09
 2.04036e+23	9.95e-01	5.05e-03	8.82e-06	0.00e+00	0.00e+00	0.00e+00	0.00e+00	0.00e+00	0.00e+00	9.95e-01	1.68e-08	5.02e-09
 2.04404e+23	9.95e-01	4.91e-03	8.69e-06	0.00e+00	0.00e+00	0.00e+00	0.00e+00	0.00e+00	0.00e+00	9.95e-01	1.65e-08	4.88e-09
 2.04808e+23	9.95e-01	4.66e-03	8.54e-06	0.00e+00	0.00e+00	0.00e+00	0.00e+00	0.00e+00	0.00e+00	9.95e-01	1.63e-08	4.72e-09
 2.05333e+23	9.96e-01	4.26e-03	8.33e-06	0.00e+00	0.00e+00	0.00e+00	0.00e+00	0.00e+00	0.00e+00	9.96e-01	1.59e-08	4.49e-09
 2.05902e+23	9.96e-01	4.03e-03	8.15e-06	0.00e+00	0.00e+00	0.00e+00	0.00e+00	0.00e+00	0.00e+00	9.96e-01	1.56e-08	4.31e-09
 2.06475e+23	9.96e-01	3.80e-03	7.96e-06	0.00e+00	0.00e+00	0.00e+00	0.00e+00	0.00e+00	0.00e+00	9.96e-01	1.53e-08	4.10e-09
 2.07072e+23	9.96e-01	3.58e-03	7.78e-06	0.00e+00	0.00e+00	0.00e+00	0.00e+00	0.00e+00	0.00e+00	9.96e-01	1.50e-08	3.91e-09
 2.07668e+23	9.97e-01	3.37e-03	7.59e-06	0.00e+00	0.00e+00	0.00e+00	0.00e+00	0.00e+00	0.00e+00	9.97e-01	1.46e-08	3.72e-09
 2.08271e+23	9.97e-01	3.16e-03	7.41e-06	0.00e+00	0.00e+00	0.00e+00	0.00e+00	0.00e+00	0.00e+00	9.97e-01	1.43e-08	3.53e-09
 2.08880e+23	9.97e-01	2.97e-03	7.24e-06	0.00e+00	0.00e+00	0.00e+00	0.00e+00	0.00e+00	0.00e+00	9.97e-01	1.40e-08	3.35e-09
 2.09495e+23	9.97e-01	2.78e-03	7.06e-06	0.00e+00	0.00e+00	0.00e+00	0.00e+00	0.00e+00	0.00e+00	9.97e-01	1.37e-08	3.18e-09
 2.10114e+23	9.97e-01	2.60e-03	6.89e-06	0.00e+00	0.00e+00	0.00e+00	0.00e+00	0.00e+00	0.00e+00	9.97e-01	1.34e-08	3.01e-09
 2.10739e+23	9.98e-01	2.43e-03	6.72e-06	0.00e+00	0.00e+00	0.00e+00	0.00e+00	0.00e+00	0.00e+00	9.98e-01	1.31e-08	2.85e-09
 2.11372e+23	9.98e-01	2.26e-03	6.56e-06	0.00e+00	0.00e+00	0.00e+00	0.00e+00	0.00e+00	0.00e+00	9.98e-01	1.27e-08	2.69e-09
 2.12011e+23	9.98e-01	2.10e-03	6.39e-06	0.00e+00	0.00e+00	0.00e+00	0.00e+00	0.00e+00	0.00e+00	9.98e-01	1.24e-08	2.54e-09
 2.12655e+23	9.98e-01	1.95e-03	6.23e-06	0.00e+00	0.00e+00	0.00e+00	0.00e+00	0.00e+00	0.00e+00	9.98e-01	1.21e-08	2.40e-09
 2.13304e+23	9.98e-01	1.81e-03	6.08e-06	0.00e+00	0.00e+00	0.00e+00	0.00e+00	0.00e+00	0.00e+00	9.98e-01	1.18e-08	2.25e-09
 2.13958e+23	9.98e-01	1.68e-03	5.92e-06	0.00e+00	0.00e+00	0.00e+00	0.00e+00	0.00e+00	0.00e+00	9.98e-01	1.14e-08	2.12e-09
 2.14617e+23	9.98e-01	1.55e-03	5.77e-06	0.00e+00	0.00e+00	0.00e+00	0.00e+00	0.00e+00	0.00e+00	9.98e-01	1.11e-08	1.98e-09
 2.15280e+23	9.99e-01	1.43e-03	5.62e-06	0.00e+00	0.00e+00	0.00e+00	0.00e+00	0.00e+00	0.00e+00	9.99e-01	1.08e-08	1.86e-09
 2.15948e+23	9.99e-01	1.32e-03	5.48e-06	0.00e+00	0.00e+00	0.00e+00	0.00e+00	0.00e+00	0.00e+00	9.99e-01	1.05e-08	1.73e-09
 2.16621e+23	9.99e-01	1.21e-03	5.34e-06	0.00e+00	0.00e+00	0.00e+00	0.00e+00	0.00e+00	0.00e+00	9.99e-01	1.01e-08	1.62e-09
 2.17300e+23	9.99e-01	1.11e-03	5.20e-06	0.00e+00	0.00e+00	0.00e+00	0.00e+00	0.00e+00	0.00e+00	9.99e-01	9.80e-09	1.50e-09
 2.17984e+23	9.99e-01	1.01e-03	5.06e-06	0.00e+00	0.00e+00	0.00e+00	0.00e+00	0.00e+00	0.00e+00	9.99e-01	9.47e-09	1.39e-09
 2.18672e+23	9.99e-01	9.26e-04	4.93e-06	0.00e+00	0.00e+00	0.00e+00	0.00e+00	0.00e+00	0.00e+00	9.99e-01	9.15e-09	1.29e-09
 2.19366e+23	9.99e-01	8.43e-04	4.79e-06	0.00e+00	0.00e+00	0.00e+00	0.00e+00	0.00e+00	0.00e+00	9.99e-01	8.82e-09	1.19e-09
 2.20064e+23	9.99e-01	7.69e-04	4.66e-06	0.00e+00	0.00e+00	0.00e+00	0.00e+00	0.00e+00	0.00e+00	9.99e-01	8.52e-09	1.10e-09
 2.20780e+23	9.99e-01	6.96e-04	4.53e-06	0.00e+00	0.00e+00	0.00e+00	0.00e+00	0.00e+00	0.00e+00	9.99e-01	8.19e-09	1.01e-09
 2.21510e+23	9.99e-01	6.30e-04	4.41e-06	0.00e+00	0.00e+00	0.00e+00	0.00e+00	0.00e+00	0.00e+00	9.99e-01	7.88e-09	9.24e-10
 2.22247e+23	9.99e-01	5.69e-04	4.28e-06	0.00e+00	0.00e+00	0.00e+00	0.00e+00	0.00e+00	0.00e+00	9.99e-01	7.57e-09	8.44e-10
 2.22993e+23	9.99e-01	5.12e-04	4.16e-06	0.00e+00	0.00e+00	0.00e+00	0.00e+00	0.00e+00	0.00e+00	9.99e-01	7.26e-09	7.69e-10
 2.23746e+23	1.00e+00	4.60e-04	4.04e-06	0.00e+00	0.00e+00	0.00e+00	0.00e+00	0.00e+00	0.00e+00	1.00e+00	6.96e-09	6.99e-10
 2.24507e+23	1.00e+00	4.12e-04	3.92e-06	0.00e+00	0.00e+00	0.00e+00	0.00e+00	0.00e+00	0.00e+00	1.00e+00	6.66e-09	6.33e-10
 2.25277e+23	1.00e+00	3.68e-04	3.80e-06	0.00e+00	0.00e+00	0.00e+00	0.00e+00	0.00e+00	0.00e+00	1.00e+00	6.37e-09	5.72e-10
 2.26058e+23	1.00e+00	3.28e-04	3.69e-06	0.00e+00	0.00e+00	0.00e+00	0.00e+00	0.00e+00	0.00e+00	1.00e+00	6.08e-09	5.16e-10
 2.26851e+23	1.00e+00	2.91e-04	3.57e-06	0.00e+00	0.00e+00	0.00e+00	0.00e+00	0.00e+00	0.00e+00	1.00e+00	5.80e-09	4.64e-10
 2.27657e+23	1.00e+00	2.59e-04	3.46e-06	0.00e+00	0.00e+00	0.00e+00	0.00e+00	0.00e+00	0.00e+00	1.00e+00	5.54e-09	4.17e-10
 2.28486e+23	1.00e+00	2.28e-04	3.35e-06	0.00e+00	0.00e+00	0.00e+00	0.00e+00	0.00e+00	0.00e+00	1.00e+00	5.27e-09	3.72e-10
 2.29335e+23	1.00e+00	2.01e-04	3.24e-06	0.00e+00	0.00e+00	0.00e+00	0.00e+00	0.00e+00	0.00e+00	1.00e+00	5.02e-09	3.32e-10
 2.30197e+23	1.00e+00	1.77e-04	3.13e-06	0.00e+00	0.00e+00	0.00e+00	0.00e+00	0.00e+00	0.00e+00	1.00e+00	4.78e-09	2.95e-10
 2.31074e+23	1.00e+00	1.55e-04	3.02e-06	0.00e+00	0.00e+00	0.00e+00	0.00e+00	0.00e+00	0.00e+00	1.00e+00	4.54e-09	2.61e-10
 2.31967e+23	1.00e+00	1.35e-04	2.92e-06	0.00e+00	0.00e+00	0.00e+00	0.00e+00	0.00e+00	0.00e+00	1.00e+00	4.31e-09	2.30e-10
