#depth	S	S+	S+2	S+3	S+4	S+5	S+6	S+7	S+8	S+9	S+10	S+11	S+12	S+13	S+14	S+15	S+16
 4.62852e+21	0.00e+00	0.00e+00	0.00e+00	0.00e+00	0.00e+00	0.00e+00	0.00e+00	0.00e+00	2.12e-25	1.24e-21	4.38e-18	8.05e-15	9.26e-12	1.12e-08	2.70e-05	9.22e-03	9.91e-01
 1.05242e+22	0.00e+00	0.00e+00	0.00e+00	0.00e+00	0.00e+00	0.00e+00	0.00e+00	3.74e-28	3.72e-24	1.52e-20	3.79e-17	4.86e-14	3.90e-11	3.29e-08	5.52e-05	1.32e-02	9.87e-01
 1.26345e+22	0.00e+00	0.00e+00	0.00e+00	0.00e+00	0.00e+00	0.00e+00	0.00e+00	3.18e-27	2.49e-23	7.98e-20	1.57e-16	1.58e-13	1.00e-10	6.68e-08	8.85e-05	1.66e-02	9.83e-01
 1.41520e+22	0.00e+00	0.00e+00	0.00e+00	0.00e+00	0.00e+00	0.00e+00	1.07e-30	1.76e-26	1.13e-22	3.00e-19	4.87e-16	4.05e-13	2.13e-10	1.17e-07	1.29e-04	2.00e-02	9.80e-01
 1.50315e+22	0.00e+00	0.00e+00	0.00e+00	0.00e+00	0.00e+00	0.00e+00	1.90e-30	2.93e-26	1.78e-22	4.49e-19	6.87e-16	5.40e-13	2.67e-10	1.39e-07	1.44e-04	2.12e-02	9.79e-01
 1.55031e+22	0.00e+00	0.00e+00	0.00e+00	0.00e+00	0.00e+00	0.00e+00	3.95e-30	5.66e-26	3.19e-22	7.47e-19	1.06e-15	7.75e-13	3.57e-10	1.73e-07	1.67e-04	2.28e-02	9.77e-01
 1.60176e+22	0.00e+00	0.00e+00	0.00e+00	0.00e+00	0.00e+00	0.00e+00	7.84e-30	1.05e-25	5.51e-22	1.20e-18	1.60e-15	1.09e-12	4.68e-10	2.12e-07	1.91e-04	2.43e-02	9.75e-01
 1.65877e+22	0.00e+00	0.00e+00	0.00e+00	0.00e+00	0.00e+00	0.00e+00	1.99e-29	2.42e-25	1.16e-21	2.30e-18	2.77e-15	1.72e-12	6.75e-10	2.79e-07	2.29e-04	2.66e-02	9.73e-01
 1.71381e+22	0.00e+00	0.00e+00	0.00e+00	0.00e+00	0.00e+00	0.00e+00	3.62e-29	4.14e-25	1.86e-21	3.48e-18	3.95e-15	2.31e-12	8.55e-10	3.33e-07	2.57e-04	2.82e-02	9.72e-01
 1.76630e+22	0.00e+00	0.00e+00	0.00e+00	0.00e+00	0.00e+00	0.00e+00	8.20e-29	8.62e-25	3.57e-21	6.14e-18	6.41e-15	3.45e-12	1.18e-09	4.23e-07	3.02e-04	3.05e-02	9.69e-01
 1.81537e+22	0.00e+00	0.00e+00	0.00e+00	0.00e+00	0.00e+00	0.00e+00	1.47e-28	1.45e-24	5.67e-21	9.19e-18	9.05e-15	4.60e-12	1.48e-09	5.03e-07	3.38e-04	3.23e-02	9.67e-01
 1.85356e+22	0.00e+00	0.00e+00	0.00e+00	0.00e+00	0.00e+00	0.00e+00	2.47e-28	2.32e-24	8.60e-21	1.32e-17	1.23e-14	5.95e-12	1.82e-09	5.86e-07	3.75e-04	3.40e-02	9.66e-01
 1.89675e+22	0.00e+00	0.00e+00	0.00e+00	0.00e+00	0.00e+00	0.00e+00	4.81e-28	4.22e-24	1.46e-20	2.10e-17	1.83e-14	8.24e-12	2.36e-09	7.13e-07	4.27e-04	3.62e-02	9.63e-01
 1.94130e+22	0.00e+00	0.00e+00	0.00e+00	0.00e+00	0.00e+00	0.00e+00	8.45e-28	6.99e-24	2.28e-20	3.10e-17	2.55e-14	1.09e-11	2.95e-09	8.41e-07	4.76e-04	3.82e-02	9.61e-01
 1.98152e+22	0.00e+00	0.00e+00	0.00e+00	0.00e+00	0.00e+00	4.87e-32	1.48e-27	1.15e-23	3.55e-20	4.56e-17	3.55e-14	1.43e-11	3.67e-09	9.90e-07	5.31e-04	4.03e-02	9.59e-01
 2.02770e+22	0.00e+00	0.00e+00	0.00e+00	0.00e+00	0.00e+00	1.07e-31	3.02e-27	2.19e-23	6.28e-20	7.49e-17	5.42e-14	2.03e-11	4.85e-09	1.22e-06	6.10e-04	4.31e-02	9.56e-01
 2.07352e+22	0.00e+00	0.00e+00	0.00e+00	0.00e+00	0.00e+00	1.99e-31	5.28e-27	3.62e-23	9.79e-20	1.10e-16	7.54e-14	2.67e-11	6.04e-09	1.44e-06	6.80e-04	4.55e-02	9.54e-01
 2.11887e+22	0.00e+00	0.00e+00	0.00e+00	0.00e+00	0.00e+00	4.31e-31	1.06e-26	6.78e-23	1.71e-19	1.79e-16	1.14e-13	3.76e-11	7.94e-09	1.77e-06	7.79e-04	4.86e-02	9.51e-01
 2.16493e+22	0.00e+00	0.00e+00	0.00e+00	0.00e+00	0.00e+00	8.09e-31	1.88e-26	1.13e-22	2.69e-19	2.66e-16	1.60e-13	4.98e-11	9.94e-09	2.09e-06	8.70e-04	5.13e-02	9.48e-01
 2.20575e+22	0.00e+00	0.00e+00	0.00e+00	0.00e+00	0.00e+00	1.50e-30	3.30e-26	1.87e-22	4.20e-19	3.92e-16	2.22e-13	6.54e-11	1.24e-08	2.46e-06	9.69e-04	5.40e-02	9.45e-01
 2.24312e+22	0.00e+00	0.00e+00	0.00e+00	0.00e+00	0.00e+00	2.61e-30	5.43e-26	2.92e-22	6.24e-19	5.54e-16	2.98e-13	8.35e-11	1.50e-08	2.84e-06	1.07e-03	5.66e-02	9.42e-01
 2.27625e+22	0.00e+00	0.00e+00	0.00e+00	0.00e+00	0.00e+00	4.32e-30	8.57e-26	4.40e-22	8.96e-19	7.60e-16	3.90e-13	1.04e-10	1.80e-08	3.25e-06	1.17e-03	5.91e-02	9.40e-01
 2.31338e+22	0.00e+00	0.00e+00	0.00e+00	0.00e+00	0.00e+00	7.84e-30	1.47e-25	7.14e-22	1.37e-18	1.10e-15	5.36e-13	1.36e-10	2.21e-08	3.80e-06	1.29e-03	6.21e-02	9.37e-01
 2.35321e+22	0.00e+00	0.00e+00	0.00e+00	0.00e+00	0.00e+00	1.42e-29	2.52e-25	1.16e-21	2.11e-18	1.60e-15	7.37e-13	1.77e-10	2.73e-08	4.44e-06	1.43e-03	6.53e-02	9.33e-01
 2.38833e+22	0.00e+00	0.00e+00	0.00e+00	0.00e+00	0.00e+00	2.37e-29	4.00e-25	1.75e-21	3.04e-18	2.20e-15	9.66e-13	2.21e-10	3.27e-08	5.08e-06	1.57e-03	6.82e-02	9.30e-01
 2.42576e+22	0.00e+00	0.00e+00	0.00e+00	0.00e+00	0.00e+00	4.34e-29	6.92e-25	2.86e-21	4.69e-18	3.21e-15	1.33e-12	2.88e-10	4.04e-08	5.95e-06	1.74e-03	7.17e-02	9.27e-01
 2.46539e+22	0.00e+00	0.00e+00	0.00e+00	0.00e+00	0.00e+00	7.72e-29	1.17e-24	4.57e-21	7.10e-18	4.61e-15	1.81e-12	3.72e-10	4.95e-08	6.93e-06	1.92e-03	7.52e-02	9.23e-01
 2.50095e+22	0.00e+00	0.00e+00	0.00e+00	0.00e+00	0.00e+00	1.31e-28	1.89e-24	7.02e-21	1.04e-17	6.43e-15	2.40e-12	4.70e-10	5.97e-08	7.96e-06	2.11e-03	7.86e-02	9.19e-01
 2.53485e+22	0.00e+00	0.00e+00	0.00e+00	0.00e+00	2.36e-32	2.20e-28	3.01e-24	1.07e-20	1.51e-17	8.88e-15	3.17e-12	5.91e-10	7.15e-08	9.12e-06	2.30e-03	8.20e-02	9.16e-01
 2.56605e+22	0.00e+00	0.00e+00	0.00e+00	0.00e+00	3.84e-32	3.45e-28	4.53e-24	1.54e-20	2.08e-17	1.18e-14	4.02e-12	7.20e-10	8.38e-08	1.03e-05	2.49e-03	8.51e-02	9.12e-01
 2.59912e+22	0.00e+00	0.00e+00	0.00e+00	0.00e+00	6.79e-32	5.83e-28	7.28e-24	2.35e-20	3.03e-17	1.63e-14	5.31e-12	9.05e-10	1.01e-07	1.18e-05	2.72e-03	8.88e-02	9.08e-01
 2.63396e+22	0.00e+00	0.00e+00	0.00e+00	0.00e+00	1.17e-31	9.62e-28	1.15e-23	3.53e-20	4.34e-17	2.23e-14	6.93e-12	1.13e-09	1.20e-07	1.34e-05	2.97e-03	9.26e-02	9.04e-01
 2.66483e+22	0.00e+00	0.00e+00	0.00e+00	0.00e+00	1.92e-31	1.52e-27	1.73e-23	5.12e-20	6.02e-17	2.97e-14	8.83e-12	1.38e-09	1.41e-07	1.51e-05	3.21e-03	9.61e-02	9.01e-01
 2.69866e+22	0.00e+00	0.00e+00	0.00e+00	0.00e+00	3.46e-31	2.62e-27	2.83e-23	7.95e-20	8.88e-17	4.16e-14	1.18e-11	1.75e-09	1.70e-07	1.74e-05	3.52e-03	1.00e-01	8.96e-01
 2.73345e+22	0.00e+00	0.00e+00	0.00e+00	0.00e+00	5.93e-31	4.30e-27	4.44e-23	1.19e-19	1.27e-16	5.68e-14	1.53e-11	2.18e-09	2.02e-07	1.98e-05	3.83e-03	1.04e-01	8.92e-01
 2.76321e+22	0.00e+00	0.00e+00	0.00e+00	0.00e+00	9.58e-31	6.68e-27	6.62e-23	1.70e-19	1.74e-16	7.48e-14	1.94e-11	2.64e-09	2.36e-07	2.22e-05	4.13e-03	1.08e-01	8.88e-01
 2.79561e+22	0.00e+00	0.00e+00	0.00e+00	0.00e+00	1.68e-30	1.12e-26	1.06e-22	2.59e-19	2.53e-16	1.03e-13	2.55e-11	3.31e-09	2.83e-07	2.54e-05	4.51e-03	1.13e-01	8.83e-01
 2.83014e+22	0.00e+00	0.00e+00	0.00e+00	0.00e+00	2.88e-30	1.85e-26	1.66e-22	3.88e-19	3.61e-16	1.41e-13	3.32e-11	4.12e-09	3.36e-07	2.89e-05	4.91e-03	1.17e-01	8.78e-01
 2.86076e+22	0.00e+00	0.00e+00	0.00e+00	0.00e+00	4.71e-30	2.90e-26	2.50e-22	5.60e-19	4.99e-16	1.87e-13	4.22e-11	5.03e-09	3.94e-07	3.24e-05	5.30e-03	1.22e-01	8.73e-01
 2.88765e+22	0.00e+00	0.00e+00	0.00e+00	0.00e+00	7.22e-30	4.30e-26	3.57e-22	7.71e-19	6.63e-16	2.39e-13	5.20e-11	5.98e-09	4.52e-07	3.59e-05	5.66e-03	1.25e-01	8.69e-01
 2.91640e+22	0.00e+00	0.00e+00	0.00e+00	0.00e+00	1.18e-29	6.75e-26	5.38e-22	1.11e-18	9.15e-16	3.16e-13	6.60e-11	7.27e-09	5.28e-07	4.03e-05	6.10e-03	1.30e-01	8.64e-01
 2.94723e+22	0.00e+00	0.00e+00	0.00e+00	0.00e+00	1.90e-29	1.05e-25	8.02e-22	1.59e-18	1.26e-15	4.17e-13	8.34e-11	8.82e-09	6.16e-07	4.52e-05	6.58e-03	1.34e-01	8.59e-01
 2.97510e+22	0.00e+00	0.00e+00	0.00e+00	0.00e+00	2.96e-29	1.58e-25	1.16e-21	2.21e-18	1.68e-15	5.38e-13	1.04e-10	1.05e-08	7.10e-07	5.02e-05	7.04e-03	1.39e-01	8.54e-01
 3.00568e+22	0.00e+00	0.00e+00	0.00e+00	0.00e+00	5.02e-29	2.57e-25	1.81e-21	3.29e-18	2.39e-15	7.28e-13	1.34e-10	1.30e-08	8.40e-07	5.69e-05	7.64e-03	1.44e-01	8.48e-01
 3.03762e+22	0.00e+00	0.00e+00	0.00e+00	8.71e-33	8.25e-29	4.06e-25	2.73e-21	4.77e-18	3.32e-15	9.70e-13	1.71e-10	1.59e-08	9.85e-07	6.40e-05	8.25e-03	1.49e-01	8.43e-01
 3.06476e+22	0.00e+00	0.00e+00	0.00e+00	1.38e-32	1.27e-28	6.04e-25	3.92e-21	6.58e-18	4.41e-15	1.24e-12	2.11e-10	1.90e-08	1.13e-06	7.09e-05	8.81e-03	1.54e-01	8.38e-01
 3.09349e+22	0.00e+00	0.00e+00	0.00e+00	2.35e-32	2.08e-28	9.54e-25	5.93e-21	9.53e-18	6.11e-15	1.65e-12	2.68e-10	2.31e-08	1.32e-06	7.97e-05	9.50e-03	1.59e-01	8.31e-01
 3.12412e+22	0.00e+00	0.00e+00	0.00e+00	3.93e-32	3.35e-28	1.48e-24	8.82e-21	1.36e-17	8.37e-15	2.17e-12	3.38e-10	2.80e-08	1.54e-06	8.92e-05	1.02e-02	1.64e-01	8.25e-01
 3.15179e+22	0.00e+00	0.00e+00	0.00e+00	6.30e-32	5.20e-28	2.22e-24	1.27e-20	1.89e-17	1.12e-14	2.79e-12	4.19e-10	3.34e-08	1.77e-06	9.89e-05	1.09e-02	1.69e-01	8.20e-01
 3.17674e+22	0.00e+00	0.00e+00	0.00e+00	9.65e-32	7.73e-28	3.19e-24	1.77e-20	2.54e-17	1.46e-14	3.51e-12	5.09e-10	3.92e-08	2.01e-06	1.09e-04	1.16e-02	1.74e-01	8.14e-01
 3.19996e+22	0.00e+00	0.00e+00	0.00e+00	1.43e-31	1.12e-27	4.48e-24	2.41e-20	3.35e-17	1.86e-14	4.33e-12	6.09e-10	4.54e-08	2.26e-06	1.18e-04	1.23e-02	1.78e-01	8.09e-01
 3.22654e+22	0.00e+00	0.00e+00	0.00e+00	2.31e-31	1.74e-27	6.76e-24	3.50e-20	4.67e-17	2.49e-14	5.59e-12	7.55e-10	5.43e-08	2.60e-06	1.31e-04	1.31e-02	1.84e-01	8.03e-01
 3.25509e+22	0.00e+00	0.00e+00	0.00e+00	3.72e-31	2.71e-27	1.02e-23	5.07e-20	6.51e-17	3.34e-14	7.22e-12	9.38e-10	6.49e-08	3.00e-06	1.46e-04	1.40e-02	1.89e-01	7.97e-01
 3.28082e+22	0.00e+00	0.00e+00	0.00e+00	3.10e-31	2.19e-27	7.96e-24	7.15e-20	8.85e-17	4.38e-14	9.14e-12	1.15e-09	7.66e-08	3.42e-06	1.60e-04	1.49e-02	1.94e-01	7.91e-01
 3.30521e+22	0.00e+00	0.00e+00	0.00e+00	4.76e-31	3.27e-27	1.15e-23	9.98e-20	1.19e-16	5.70e-14	1.15e-11	1.39e-09	8.98e-08	3.88e-06	1.76e-04	1.58e-02	1.99e-01	7.85e-01
 3.32928e+22	0.00e+00	0.00e+00	0.00e+00	7.18e-31	4.80e-27	1.64e-23	1.37e-19	1.59e-16	7.35e-14	1.43e-11	1.68e-09	1.05e-07	4.38e-06	1.93e-04	1.68e-02	2.04e-01	7.79e-01
 3.35660e+22	0.00e+00	0.00e+00	0.00e+00	1.17e-30	7.59e-27	2.50e-23	2.02e-19	2.24e-16	9.94e-14	1.86e-11	2.09e-09	1.26e-07	5.06e-06	2.14e-04	1.80e-02	2.10e-01	7.71e-01
 3.38531e+22	0.00e+00	0.00e+00	0.00e+00	1.90e-30	1.19e-26	3.78e-23	2.93e-19	3.13e-16	1.34e-13	2.41e-11	2.61e-09	1.51e-07	5.84e-06	2.38e-04	1.92e-02	2.17e-01	7.64e-01
 3.41018e+22	0.00e+00	0.00e+00	0.00e+00	2.90e-30	1.76e-26	5.43e-23	4.07e-19	4.20e-16	1.73e-13	3.02e-11	3.16e-09	1.76e-07	6.61e-06	2.60e-04	2.03e-02	2.22e-01	7.57e-01
 3.43684e+22	0.00e+00	0.00e+00	0.00e+00	4.75e-30	2.78e-26	8.30e-23	5.97e-19	5.92e-16	2.35e-13	3.93e-11	3.94e-09	2.12e-07	7.63e-06	2.89e-04	2.18e-02	2.28e-01	7.50e-01
 3.46524e+22	0.00e+00	0.00e+00	0.00e+00	7.68e-30	4.35e-26	1.25e-22	8.68e-19	8.27e-16	3.16e-13	5.08e-11	4.90e-09	2.53e-07	8.79e-06	3.21e-04	2.32e-02	2.35e-01	7.42e-01
 3.48947e+22	0.00e+00	0.00e+00	0.00e+00	1.14e-29	6.30e-26	1.76e-22	1.18e-18	1.09e-15	4.03e-13	6.27e-11	5.87e-09	2.93e-07	9.88e-06	3.49e-04	2.45e-02	2.40e-01	7.35e-01
 3.51453e+22	0.00e+00	0.00e+00	0.00e+00	1.80e-29	9.65e-26	2.61e-22	1.69e-18	1.50e-15	5.34e-13	8.01e-11	7.21e-09	3.48e-07	1.13e-05	3.85e-04	2.61e-02	2.46e-01	7.27e-01
 3.54142e+22	0.00e+00	0.00e+00	0.00e+00	2.82e-29	1.46e-25	3.82e-22	2.39e-18	2.05e-15	7.02e-13	1.02e-10	8.83e-09	4.10e-07	1.29e-05	4.24e-04	2.77e-02	2.53e-01	7.19e-01
 3.56600e+22	0.00e+00	0.00e+00	4.66e-33	4.27e-29	2.15e-25	5.46e-22	3.30e-18	2.73e-15	9.07e-13	1.27e-10	1.07e-08	4.79e-07	1.45e-05	4.63e-04	2.93e-02	2.58e-01	7.12e-01
 3.59329e+22	0.00e+00	0.00e+00	7.92e-33	7.02e-29	3.42e-25	8.40e-22	4.86e-18	3.87e-15	1.23e-12	1.66e-10	1.33e-08	5.76e-07	1.68e-05	5.15e-04	3.13e-02	2.65e-01	7.03e-01
 3.62198e+22	0.00e+00	0.00e+00	1.32e-32	1.13e-28	5.33e-25	1.26e-21	7.04e-18	5.39e-15	1.65e-12	2.14e-10	1.66e-08	6.88e-07	1.93e-05	5.70e-04	3.34e-02	2.72e-01	6.94e-01
 3.64606e+22	0.00e+00	0.00e+00	2.03e-32	1.70e-28	7.77e-25	1.79e-21	9.65e-18	7.15e-15	2.12e-12	2.65e-10	1.99e-08	8.00e-07	2.18e-05	6.21e-04	3.52e-02	2.78e-01	6.86e-01
 3.66760e+22	0.00e+00	0.00e+00	2.99e-32	2.44e-28	1.09e-24	2.44e-21	1.28e-17	9.22e-15	2.65e-12	3.22e-10	2.35e-08	9.16e-07	2.42e-05	6.71e-04	3.70e-02	2.83e-01	6.79e-01
 3.69224e+22	0.00e+00	0.00e+00	4.79e-32	3.80e-28	1.65e-24	3.58e-21	1.81e-17	1.26e-14	3.49e-12	4.08e-10	2.87e-08	1.08e-06	2.75e-05	7.37e-04	3.92e-02	2.90e-01	6.70e-01
 3.71910e+22	0.00e+00	0.00e+00	7.76e-32	5.98e-28	2.52e-24	5.27e-21	2.58e-17	1.72e-14	4.61e-12	5.21e-10	3.52e-08	1.28e-06	3.14e-05	8.11e-04	4.16e-02	2.97e-01	6.61e-01
 3.74385e+22	0.00e+00	0.00e+00	1.21e-31	9.08e-28	3.71e-24	7.55e-21	3.57e-17	2.30e-14	5.96e-12	6.50e-10	4.25e-08	1.49e-06	3.55e-05	8.85e-04	4.39e-02	3.03e-01	6.52e-01
 3.77104e+22	0.00e+00	0.00e+00	2.08e-31	1.51e-27	5.96e-24	1.17e-20	5.30e-17	3.28e-14	8.15e-12	8.53e-10	5.35e-08	1.80e-06	4.11e-05	9.85e-04	4.69e-02	3.10e-01	6.42e-01
 3.79798e+22	0.00e+00	0.00e+00	2.08e-31	1.47e-27	5.61e-24	1.69e-20	7.44e-17	4.45e-14	1.07e-11	1.08e-09	6.53e-08	2.12e-06	4.67e-05	1.08e-03	4.97e-02	3.17e-01	6.32e-01
 3.82000e+22	0.00e+00	0.00e+00	3.12e-31	2.15e-27	8.00e-24	2.35e-20	1.00e-16	5.81e-14	1.35e-11	1.32e-09	7.77e-08	2.45e-06	5.22e-05	1.17e-03	5.22e-02	3.23e-01	6.24e-01
 3.84404e+22	0.00e+00	0.00e+00	5.00e-31	3.35e-27	1.21e-23	3.43e-20	1.41e-16	7.91e-14	1.77e-11	1.67e-09	9.48e-08	2.88e-06	5.93e-05	1.28e-03	5.52e-02	3.29e-01	6.14e-01
 3.87015e+22	0.00e+00	0.00e+00	8.07e-31	5.24e-27	1.83e-23	5.02e-20	2.00e-16	1.08e-13	2.33e-11	2.13e-09	1.16e-07	3.40e-06	6.76e-05	1.41e-03	5.84e-02	3.36e-01	6.04e-01
 3.89421e+22	0.00e+00	0.00e+00	1.24e-30	7.85e-27	2.67e-23	7.09e-20	2.73e-16	1.43e-13	2.99e-11	2.64e-09	1.40e-07	3.96e-06	7.59e-05	1.53e-03	6.15e-02	3.42e-01	5.95e-01
 3.92071e+22	0.00e+00	0.00e+00	2.11e-30	1.29e-26	4.25e-23	1.08e-19	4.02e-16	2.02e-13	4.07e-11	3.45e-09	1.75e-07	4.76e-06	8.77e-05	1.70e-03	6.54e-02	3.50e-01	5.83e-01
 3.94703e+22	0.00e+00	0.00e+00	3.34e-30	1.98e-26	6.32e-23	1.56e-19	5.60e-16	2.72e-13	5.29e-11	4.33e-09	2.12e-07	5.58e-06	9.92e-05	1.85e-03	6.90e-02	3.56e-01	5.73e-01
 3.96875e+22	0.00e+00	0.00e+00	5.03e-30	2.91e-26	9.03e-23	2.16e-19	7.54e-16	3.55e-13	6.69e-11	5.31e-09	2.53e-07	6.44e-06	1.11e-04	2.01e-03	7.24e-02	3.62e-01	5.64e-01
 3.99261e+22	0.00e+00	0.00e+00	8.08e-30	4.55e-26	1.37e-22	3.15e-19	1.06e-15	4.84e-13	8.80e-11	6.74e-09	3.09e-07	7.59e-06	1.26e-04	2.20e-03	7.65e-02	3.68e-01	5.53e-01
 4.01827e+22	0.00e+00	0.00e+00	1.31e-29	7.16e-26	2.08e-22	4.62e-19	1.51e-15	6.63e-13	1.16e-10	8.58e-09	3.80e-07	8.99e-06	1.44e-04	2.41e-03	8.08e-02	3.75e-01	5.42e-01
 4.04131e+22	0.00e+00	0.00e+00	1.98e-29	1.05e-25	2.98e-22	6.42e-19	2.04e-15	8.67e-13	1.47e-10	1.05e-08	4.53e-07	1.04e-05	1.61e-04	2.61e-03	8.47e-02	3.80e-01	5.33e-01
 4.06629e+22	0.00e+00	0.00e+00	3.35e-29	1.72e-25	4.69e-22	9.71e-19	2.97e-15	1.22e-12	1.99e-10	1.37e-08	5.65e-07	1.25e-05	1.85e-04	2.89e-03	8.99e-02	3.87e-01	5.20e-01
 4.09135e+22	0.00e+00	0.00e+00	5.20e-29	2.59e-25	6.86e-22	1.37e-18	4.08e-15	1.62e-12	2.56e-10	1.71e-08	6.81e-07	1.45e-05	2.08e-04	3.14e-03	9.44e-02	3.92e-01	5.10e-01
 4.11246e+22	0.00e+00	1.52e-33	7.81e-29	3.80e-25	9.75e-22	1.89e-18	5.46e-15	2.10e-12	3.24e-10	2.09e-08	8.10e-07	1.67e-05	2.32e-04	3.39e-03	9.87e-02	3.97e-01	5.00e-01
 4.13588e+22	0.00e+00	2.60e-33	1.29e-28	6.06e-25	1.50e-21	2.80e-18	7.83e-15	2.91e-12	4.31e-10	2.68e-08	1.00e-06	1.99e-05	2.65e-04	3.72e-03	1.04e-01	4.04e-01	4.88e-01
 4.16012e+22	0.00e+00	4.13e-33	1.98e-28	9.06e-25	2.18e-21	3.92e-18	1.07e-14	3.84e-12	5.52e-10	3.32e-08	1.20e-06	2.31e-05	2.98e-04	4.04e-03	1.09e-01	4.09e-01	4.78e-01
 4.18208e+22	0.00e+00	6.55e-33	3.05e-28	1.35e-24	3.16e-21	5.48e-18	1.45e-14	5.07e-12	7.05e-10	4.12e-08	1.44e-06	2.69e-05	3.34e-04	4.38e-03	1.15e-01	4.14e-01	4.67e-01
 4.20726e+22	0.00e+00	1.18e-32	5.26e-28	2.25e-24	5.05e-21	8.39e-18	2.14e-14	7.20e-12	9.63e-10	5.40e-08	1.82e-06	3.25e-05	3.86e-04	4.84e-03	1.21e-01	4.20e-01	4.54e-01
 4.23174e+22	0.00e+00	1.87e-32	8.09e-28	3.36e-24	7.30e-21	1.17e-17	2.91e-14	9.49e-12	1.23e-09	6.69e-08	2.18e-06	3.78e-05	4.33e-04	5.25e-03	1.27e-01	4.24e-01	4.43e-01
 4.25159e+22	0.00e+00	2.88e-32	1.21e-27	4.88e-24	1.03e-20	1.60e-17	3.87e-14	1.23e-11	1.55e-09	8.16e-08	2.59e-06	4.34e-05	4.82e-04	5.65e-03	1.32e-01	4.28e-01	4.33e-01
 4.27372e+22	0.00e+00	4.85e-32	1.96e-27	7.67e-24	1.56e-20	2.32e-17	5.47e-14	1.67e-11	2.04e-09	1.04e-07	3.18e-06	5.14e-05	5.48e-04	6.17e-03	1.39e-01	4.33e-01	4.21e-01
 4.29673e+22	0.00e+00	7.63e-32	2.99e-27	1.13e-23	2.23e-20	3.22e-17	7.37e-14	2.19e-11	2.59e-09	1.28e-07	3.80e-06	5.95e-05	6.13e-04	6.67e-03	1.45e-01	4.37e-01	4.11e-01
 4.31767e+22	0.00e+00	1.21e-31	4.60e-27	1.69e-23	3.22e-20	4.47e-17	9.99e-14	2.89e-11	3.31e-09	1.58e-07	4.56e-06	6.91e-05	6.86e-04	7.21e-03	1.52e-01	4.40e-01	4.00e-01
 4.33829e+22	0.00e+00	1.89e-31	6.94e-27	2.48e-23	4.58e-20	6.14e-17	1.34e-13	3.76e-11	4.18e-09	1.94e-07	5.42e-06	7.96e-05	7.65e-04	7.77e-03	1.58e-01	4.44e-01	3.90e-01
 4.35832e+22	0.00e+00	2.93e-31	1.04e-26	3.61e-23	6.47e-20	8.37e-17	1.78e-13	4.86e-11	5.26e-09	2.37e-07	6.44e-06	9.17e-05	8.51e-04	8.36e-03	1.65e-01	4.47e-01	3.79e-01
 4.37795e+22	0.00e+00	4.50e-31	1.55e-26	5.22e-23	9.07e-20	1.13e-16	2.36e-13	6.26e-11	6.59e-09	2.88e-07	7.62e-06	1.05e-04	9.44e-04	8.97e-03	1.71e-01	4.49e-01	3.69e-01
 4.40045e+22	0.00e+00	7.93e-31	2.62e-26	8.49e-23	1.42e-19	1.69e-16	3.41e-13	8.75e-11	8.88e-09	3.74e-07	9.51e-06	1.26e-04	1.08e-03	9.85e-03	1.80e-01	4.52e-01	3.56e-01
 4.42270e+22	0.00e+00	1.22e-30	3.91e-26	1.23e-22	1.99e-19	2.29e-16	4.51e-13	1.13e-10	1.11e-08	4.55e-07	1.13e-05	1.45e-04	1.20e-03	1.06e-02	1.87e-01	4.55e-01	3.46e-01
 4.44463e+22	0.00e+00	2.09e-30	6.43e-26	1.95e-22	3.03e-19	3.34e-16	6.40e-13	1.55e-10	1.47e-08	5.82e-07	1.39e-05	1.72e-04	1.37e-03	1.15e-02	1.96e-01	4.57e-01	3.34e-01
 4.46708e+22	0.00e+00	3.37e-30	1.00e-25	2.94e-22	4.40e-19	4.66e-16	8.71e-13	2.05e-10	1.89e-08	7.24e-07	1.67e-05	2.00e-04	1.53e-03	1.25e-02	2.04e-01	4.59e-01	3.23e-01
 4.48585e+22	0.00e+00	5.01e-30	1.44e-25	4.12e-22	5.99e-19	6.14e-16	1.13e-12	2.58e-10	2.33e-08	8.66e-07	1.95e-05	2.27e-04	1.69e-03	1.33e-02	2.11e-01	4.60e-01	3.14e-01
 4.50590e+22	0.00e+00	8.24e-30	2.29e-25	6.30e-22	8.83e-19	8.68e-16	1.55e-12	3.45e-10	3.02e-08	1.09e-06	2.37e-05	2.66e-04	1.90e-03	1.44e-02	2.20e-01	4.61e-01	3.03e-01
 4.52693e+22	0.00e+00	1.28e-29	3.43e-25	9.16e-22	1.24e-18	1.18e-15	2.06e-12	4.46e-10	3.79e-08	1.33e-06	2.81e-05	3.06e-04	2.11e-03	1.54e-02	2.28e-01	4.61e-01	2.93e-01
 4.54925e+22	0.00e+00	2.23e-29	5.75e-25	1.48e-21	1.92e-18	1.73e-15	2.95e-12	6.18e-10	5.08e-08	1.71e-06	3.49e-05	3.65e-04	2.40e-03	1.68e-02	2.38e-01	4.61e-01	2.81e-01
 4.57126e+22	0.00e+00	3.53e-29	8.77e-25	2.18e-21	2.73e-18	2.37e-15	3.95e-12	8.07e-10	6.44e-08	2.10e-06	4.17e-05	4.22e-04	2.68e-03	1.80e-02	2.46e-01	4.61e-01	2.71e-01
 4.58950e+22	0.00e+00	5.36e-29	1.29e-24	3.11e-21	3.77e-18	3.16e-15	5.16e-12	1.03e-09	8.00e-08	2.54e-06	4.91e-05	4.82e-04	2.95e-03	1.92e-02	2.54e-01	4.61e-01	2.62e-01
 4.60983e+22	0.00e+00	8.91e-29	2.06e-24	4.79e-21	5.59e-18	4.48e-15	7.15e-12	1.38e-09	1.04e-07	3.20e-06	5.97e-05	5.66e-04	3.32e-03	2.08e-02	2.64e-01	4.60e-01	2.51e-01
 4.63114e+22	0.00e+00	1.40e-28	3.13e-24	7.03e-21	7.92e-18	6.10e-15	9.54e-12	1.80e-09	1.32e-07	3.92e-06	7.12e-05	6.52e-04	3.69e-03	2.22e-02	2.73e-01	4.58e-01	2.42e-01
 4.65013e+22	0.00e+00	2.15e-28	4.65e-24	1.01e-20	1.10e-17	8.17e-15	1.25e-11	2.30e-09	1.64e-07	4.76e-06	8.40e-05	7.46e-04	4.08e-03	2.37e-02	2.82e-01	4.57e-01	2.33e-01
 4.67124e+22	0.00e+00	3.65e-28	7.58e-24	1.58e-20	1.66e-17	1.17e-14	1.76e-11	3.13e-09	2.16e-07	6.04e-06	1.03e-04	8.80e-04	4.60e-03	2.56e-02	2.92e-01	4.54e-01	2.22e-01
 4.69288e+22	0.00e+00	5.83e-28	1.17e-23	2.35e-20	2.37e-17	1.61e-14	2.36e-11	4.10e-09	2.75e-07	7.45e-06	1.23e-04	1.02e-03	5.13e-03	2.74e-02	3.02e-01	4.52e-01	2.13e-01
 4.71186e+22	0.00e+00	8.90e-28	1.72e-23	3.37e-20	3.28e-17	2.14e-14	3.09e-11	5.24e-09	3.43e-07	9.01e-06	1.45e-04	1.16e-03	5.64e-03	2.92e-02	3.10e-01	4.49e-01	2.05e-01
 4.73317e+22	0.00e+00	1.56e-27	2.88e-23	5.40e-20	5.01e-17	3.11e-14	4.39e-11	7.22e-09	4.57e-07	1.16e-05	1.80e-04	1.38e-03	6.41e-03	3.16e-02	3.22e-01	4.45e-01	1.94e-01
 4.75421e+22	0.00e+00	2.37e-27	4.24e-23	7.69e-20	6.91e-17	4.13e-14	5.73e-11	9.20e-09	5.68e-07	1.40e-05	2.11e-04	1.57e-03	7.04e-03	3.35e-02	3.30e-01	4.41e-01	1.86e-01
 4.77212e+22	0.00e+00	3.64e-27	6.30e-23	1.10e-19	9.55e-17	5.48e-14	7.48e-11	1.18e-08	7.08e-07	1.69e-05	2.49e-04	1.80e-03	7.76e-03	3.56e-02	3.39e-01	4.38e-01	1.78e-01
 4.78971e+22	0.00e+00	5.47e-27	9.16e-23	1.55e-19	1.30e-16	7.18e-14	9.66e-11	1.48e-08	8.73e-07	2.03e-05	2.91e-04	2.04e-03	8.49e-03	3.76e-02	3.47e-01	4.34e-01	1.71e-01
 4.80964e+22	8.01e-34	9.16e-27	1.47e-22	2.39e-19	1.91e-16	1.01e-13	1.33e-10	1.99e-08	1.14e-06	2.56e-05	3.53e-04	2.39e-03	9.52e-03	4.04e-02	3.58e-01	4.28e-01	1.62e-01
 4.82860e+22	1.21e-33	1.33e-26	2.08e-22	3.28e-19	2.54e-16	1.29e-13	1.69e-10	2.47e-08	1.38e-06	3.02e-05	4.08e-04	2.68e-03	1.03e-02	4.25e-02	3.65e-01	4.24e-01	1.55e-01
 4.84378e+22	1.82e-33	1.93e-26	2.92e-22	4.46e-19	3.35e-16	1.64e-13	2.12e-10	3.05e-08	1.67e-06	3.56e-05	4.70e-04	3.00e-03	1.12e-02	4.46e-02	3.72e-01	4.19e-01	1.49e-01
 4.85762e+22	2.61e-33	2.67e-26	3.92e-22	5.84e-19	4.26e-16	2.02e-13	2.58e-10	3.66e-08	1.96e-06	4.11e-05	5.31e-04	3.31e-03	1.20e-02	4.66e-02	3.79e-01	4.15e-01	1.44e-01
 4.87026e+22	3.63e-33	3.61e-26	5.17e-22	7.51e-19	5.33e-16	2.46e-13	3.11e-10	4.35e-08	2.29e-06	4.70e-05	5.95e-04	3.63e-03	1.29e-02	4.84e-02	3.85e-01	4.11e-01	1.39e-01
 4.88471e+22	5.58e-33	5.34e-26	7.39e-22	1.04e-18	7.10e-16	3.15e-13	3.94e-10	5.41e-08	2.79e-06	5.58e-05	6.89e-04	4.08e-03	1.40e-02	5.09e-02	3.92e-01	4.06e-01	1.33e-01
 4.89891e+22	7.66e-33	7.11e-26	9.61e-22	1.32e-18	8.79e-16	3.79e-13	4.71e-10	6.37e-08	3.24e-06	6.34e-05	7.68e-04	4.45e-03	1.49e-02	5.28e-02	3.97e-01	4.01e-01	1.28e-01
 4.91280e+22	1.17e-32	1.04e-25	1.36e-21	1.81e-18	1.16e-15	4.83e-13	5.95e-10	7.91e-08	3.93e-06	7.51e-05	8.87e-04	4.99e-03	1.61e-02	5.54e-02	4.04e-01	3.96e-01	1.23e-01
 4.92665e+22	1.63e-32	1.41e-25	1.80e-21	2.32e-18	1.45e-15	5.85e-13	7.15e-10	9.37e-08	4.58e-06	8.58e-05	9.94e-04	5.47e-03	1.72e-02	5.75e-02	4.10e-01	3.91e-01	1.18e-01
 4.93809e+22	2.24e-32	1.88e-25	2.33e-21	2.93e-18	1.79e-15	6.98e-13	8.49e-10	1.10e-07	5.30e-06	9.73e-05	1.11e-03	5.96e-03	1.83e-02	5.96e-02	4.15e-01	3.86e-01	1.14e-01
 4.94883e+22	3.01e-32	2.45e-25	2.97e-21	3.65e-18	2.17e-15	8.25e-13	9.98e-10	1.28e-07	6.06e-06	1.09e-04	1.22e-03	6.45e-03	1.93e-02	6.15e-02	4.19e-01	3.82e-01	1.10e-01
 4.96102e+22	4.33e-32	3.40e-25	4.01e-21	4.78e-18	2.75e-15	1.01e-12	1.22e-09	1.53e-07	7.16e-06	1.26e-04	1.38e-03	7.12e-03	2.07e-02	6.40e-02	4.25e-01	3.76e-01	1.06e-01
 4.97373e+22	5.97e-32	4.56e-25	5.23e-21	6.07e-18	3.40e-15	1.21e-12	1.45e-09	1.81e-07	8.29e-06	1.43e-04	1.54e-03	7.76e-03	2.20e-02	6.62e-02	4.29e-01	3.71e-01	1.02e-01
 4.98521e+22	8.16e-32	6.04e-25	6.77e-21	7.65e-18	4.17e-15	1.44e-12	1.72e-09	2.12e-07	9.57e-06	1.62e-04	1.71e-03	8.43e-03	2.33e-02	6.84e-02	4.34e-01	3.66e-01	9.80e-02
 4.99822e+22	1.24e-31	8.84e-25	9.57e-21	1.04e-17	5.47e-15	1.81e-12	2.15e-09	2.61e-07	1.16e-05	1.92e-04	1.97e-03	9.44e-03	2.53e-02	7.15e-02	4.40e-01	3.59e-01	9.31e-02
 5.01033e+22	1.66e-31	1.15e-24	1.21e-20	1.29e-17	6.57e-15	2.12e-12	2.51e-09	3.01e-07	1.32e-05	2.15e-04	2.17e-03	1.02e-02	2.66e-02	7.36e-02	4.43e-01	3.54e-01	8.98e-02
 5.02127e+22	2.36e-31	1.57e-24	1.61e-20	1.66e-17	8.21e-15	2.56e-12	3.02e-09	3.59e-07	1.55e-05	2.46e-04	2.44e-03	1.12e-02	2.84e-02	7.62e-02	4.48e-01	3.48e-01	8.60e-02
 5.03249e+22	3.18e-31	2.06e-24	2.06e-20	2.06e-17	9.92e-15	3.00e-12	3.54e-09	4.16e-07	1.77e-05	2.76e-04	2.69e-03	1.21e-02	3.00e-02	7.85e-02	4.51e-01	3.43e-01	8.27e-02
 5.04246e+22	4.21e-31	2.65e-24	2.59e-20	2.53e-17	1.19e-14	3.49e-12	4.11e-09	4.79e-07	2.01e-05	3.09e-04	2.95e-03	1.30e-02	3.15e-02	8.06e-02	4.54e-01	3.38e-01	7.98e-02
 5.05381e+22	6.20e-31	3.76e-24	3.55e-20	3.34e-17	1.51e-14	4.26e-12	5.02e-09	5.79e-07	2.39e-05	3.59e-04	3.36e-03	1.44e-02	3.38e-02	8.37e-02	4.58e-01	3.31e-01	7.58e-02
 5.06506e+22	8.36e-31	4.91e-24	4.52e-20	4.14e-17	1.81e-14	4.97e-12	5.87e-09	6.70e-07	2.73e-05	4.02e-04	3.70e-03	1.55e-02	3.56e-02	8.60e-02	4.61e-01	3.25e-01	7.28e-02
 5.07619e+22	1.22e-30	6.91e-24	6.14e-20	5.43e-17	2.29e-14	6.04e-12	7.14e-09	8.07e-07	3.24e-05	4.66e-04	4.19e-03	1.71e-02	3.81e-02	8.90e-02	4.64e-01	3.18e-01	6.92e-02
 5.08747e+22	1.67e-30	9.14e-24	7.91e-20	6.78e-17	2.77e-14	7.08e-12	8.38e-09	9.39e-07	3.72e-05	5.25e-04	4.64e-03	1.86e-02	4.02e-02	9.15e-02	4.67e-01	3.12e-01	6.62e-02
 5.09744e+22	2.28e-30	1.21e-23	1.02e-19	8.47e-17	3.35e-14	8.27e-12	9.83e-09	1.09e-06	4.27e-05	5.92e-04	5.14e-03	2.01e-02	4.25e-02	9.41e-02	4.69e-01	3.05e-01	6.34e-02
 5.10890e+22	3.47e-30	1.76e-23	1.42e-19	1.13e-16	4.30e-14	1.01e-11	1.21e-08	1.34e-06	5.14e-05	6.94e-04	5.88e-03	2.23e-02	4.56e-02	9.75e-02	4.71e-01	2.97e-01	5.97e-02
 5.11987e+22	4.58e-30	2.26e-23	1.78e-19	1.38e-16	5.08e-14	1.16e-11	1.40e-08	1.53e-06	5.81e-05	7.71e-04	6.42e-03	2.40e-02	4.78e-02	9.97e-02	4.73e-01	2.91e-01	5.73e-02
 5.13018e+22	6.78e-30	3.20e-23	2.44e-19	1.81e-16	6.39e-14	1.40e-11	1.70e-08	1.84e-06	6.90e-05	8.94e-04	7.28e-03	2.64e-02	5.10e-02	1.03e-01	4.74e-01	2.83e-01	5.40e-02
 5.14056e+22	9.02e-30	4.14e-23	3.07e-19	2.21e-16	7.58e-14	1.61e-11	1.96e-08	2.12e-06	7.83e-05	9.96e-04	7.97e-03	2.84e-02	5.35e-02	1.05e-01	4.75e-01	2.77e-01	5.17e-02
 5.15103e+22	1.35e-29	5.93e-23	4.22e-19	2.92e-16	9.55e-14	1.94e-11	2.39e-08	2.56e-06	9.33e-05	1.16e-03	9.05e-03	3.13e-02	5.71e-02	1.08e-01	4.75e-01	2.69e-01	4.86e-02
 5.16124e+22	1.78e-29	7.61e-23	5.27e-19	3.54e-16	1.12e-13	2.21e-11	2.74e-08	2.92e-06	1.05e-04	1.28e-03	9.87e-03	3.35e-02	5.97e-02	1.11e-01	4.75e-01	2.63e-01	4.65e-02
 5.17111e+22	2.65e-29	1.08e-22	7.21e-19	4.63e-16	1.40e-13	2.63e-11	3.31e-08	3.51e-06	1.25e-04	1.49e-03	1.12e-02	3.68e-02	6.36e-02	1.14e-01	4.75e-01	2.55e-01	4.36e-02
 5.18097e+22	3.50e-29	1.39e-22	9.00e-19	5.61e-16	1.65e-13	3.00e-11	3.80e-08	4.01e-06	1.41e-04	1.65e-03	1.22e-02	3.94e-02	6.64e-02	1.16e-01	4.74e-01	2.49e-01	4.17e-02
 5.19081e+22	5.23e-29	1.99e-22	1.24e-18	7.34e-16	2.05e-13	3.57e-11	4.60e-08	4.83e-06	1.68e-04	1.91e-03	1.38e-02	4.33e-02	7.07e-02	1.19e-01	4.73e-01	2.40e-01	3.89e-02
 5.20068e+22	7.01e-29	2.58e-22	1.56e-18	8.95e-16	2.42e-13	4.06e-11	5.30e-08	5.54e-06	1.90e-04	2.12e-03	1.50e-02	4.64e-02	7.38e-02	1.21e-01	4.71e-01	2.33e-01	3.70e-02
 5.21061e+22	1.06e-28	3.72e-22	2.15e-18	1.18e-15	3.02e-13	4.83e-11	6.42e-08	6.69e-06	2.26e-04	2.46e-03	1.70e-02	5.10e-02	7.85e-02	1.24e-01	4.68e-01	2.24e-01	3.44e-02
 5.22062e+22	1.43e-28	4.86e-22	2.73e-18	1.44e-15	3.57e-13	5.50e-11	7.41e-08	7.69e-06	2.57e-04	2.74e-03	1.86e-02	5.46e-02	8.19e-02	1.26e-01	4.66e-01	2.18e-01	3.26e-02
 5.23074e+22	2.15e-28	6.99e-22	3.76e-18	1.89e-15	4.44e-13	6.52e-11	8.96e-08	9.27e-06	3.05e-04	3.16e-03	2.09e-02	5.98e-02	8.68e-02	1.29e-01	4.61e-01	2.08e-01	3.02e-02
 5.24079e+22	2.93e-28	9.20e-22	4.79e-18	2.32e-15	5.24e-13	7.41e-11	1.03e-07	1.07e-05	3.47e-04	3.53e-03	2.29e-02	6.40e-02	9.06e-02	1.31e-01	4.58e-01	2.02e-01	2.85e-02
 5.25074e+22	4.41e-28	1.32e-21	6.58e-18	3.03e-15	6.50e-13	8.74e-11	1.25e-07	1.28e-05	4.10e-04	4.06e-03	2.57e-02	6.99e-02	9.56e-02	1.33e-01	4.52e-01	1.92e-01	2.63e-02
 5.26087e+22	6.10e-28	1.76e-21	8.47e-18	3.74e-15	7.71e-13	9.96e-11	1.44e-07	1.48e-05	4.69e-04	4.54e-03	2.82e-02	7.49e-02	9.98e-02	1.35e-01	4.47e-01	1.85e-01	2.46e-02
 5.27125e+22	9.36e-28	2.57e-21	1.18e-17	4.94e-15	9.62e-13	1.18e-10	1.75e-07	1.79e-05	5.58e-04	5.25e-03	3.17e-02	8.19e-02	1.05e-01	1.37e-01	4.40e-01	1.76e-01	2.25e-02
 5.28169e+22	1.30e-27	3.45e-21	1.53e-17	6.12e-15	1.14e-12	1.34e-10	2.03e-07	2.07e-05	6.37e-04	5.85e-03	3.47e-02	8.75e-02	1.10e-01	1.38e-01	4.34e-01	1.68e-01	2.10e-02
 5.29220e+22	2.00e-27	5.06e-21	2.13e-17	8.09e-15	1.42e-12	1.58e-10	2.45e-07	2.49e-05	7.56e-04	6.75e-03	3.89e-02	9.54e-02	1.15e-01	1.40e-01	4.25e-01	1.59e-01	1.91e-02
 5.30279e+22	2.79e-27	6.78e-21	2.76e-17	1.00e-14	1.69e-12	1.80e-10	2.83e-07	2.88e-05	8.61e-04	7.51e-03	4.24e-02	1.02e-01	1.19e-01	1.41e-01	4.18e-01	1.52e-01	1.78e-02
 5.31198e+22	3.87e-27	9.05e-21	3.55e-17	1.23e-14	1.99e-12	2.04e-10	3.25e-07	3.30e-05	9.77e-04	8.33e-03	4.61e-02	1.08e-01	1.24e-01	1.42e-01	4.10e-01	1.45e-01	1.65e-02
 5.32243e+22	5.93e-27	1.32e-20	4.93e-17	1.62e-14	2.46e-12	2.39e-10	3.90e-07	3.95e-05	1.15e-03	9.52e-03	5.13e-02	1.17e-01	1.29e-01	1.42e-01	3.99e-01	1.36e-01	1.49e-02
 5.33277e+22	8.01e-27	1.73e-20	6.23e-17	1.97e-14	2.87e-12	2.68e-10	4.43e-07	4.48e-05	1.29e-03	1.04e-02	5.52e-02	1.23e-01	1.33e-01	1.43e-01	3.91e-01	1.29e-01	1.38e-02
 5.34296e+22	1.20e-26	2.48e-20	8.52e-17	2.55e-14	3.52e-12	3.12e-10	5.23e-07	5.29e-05	1.50e-03	1.18e-02	6.08e-02	1.32e-01	1.38e-01	1.43e-01	3.79e-01	1.21e-01	1.25e-02
 5.35336e+22	1.64e-26	3.26e-20	1.08e-16	3.11e-14	4.12e-12	3.51e-10	5.95e-07	6.00e-05	1.68e-03	1.29e-02	6.53e-02	1.39e-01	1.42e-01	1.43e-01	3.70e-01	1.15e-01	1.16e-02
 5.36403e+22	2.47e-26	4.68e-20	1.49e-16	4.04e-14	5.05e-12	4.10e-10	7.02e-07	7.07e-05	1.94e-03	1.46e-02	7.16e-02	1.48e-01	1.46e-01	1.42e-01	3.57e-01	1.07e-01	1.04e-02
 5.37497e+22	3.39e-26	6.21e-20	1.90e-16	4.96e-14	5.94e-12	4.63e-10	7.98e-07	8.02e-05	2.18e-03	1.59e-02	7.68e-02	1.56e-01	1.50e-01	1.41e-01	3.47e-01	1.01e-01	9.52e-03
 5.38624e+22	5.15e-26	8.99e-20	2.63e-16	6.48e-14	7.32e-12	5.41e-10	9.40e-07	9.42e-05	2.52e-03	1.79e-02	8.39e-02	1.66e-01	1.54e-01	1.40e-01	3.34e-01	9.35e-02	8.49e-03
 5.39776e+22	7.11e-26	1.20e-19	3.37e-16	7.98e-14	8.63e-12	6.14e-10	1.07e-06	1.07e-04	2.81e-03	1.95e-02	8.97e-02	1.73e-01	1.57e-01	1.39e-01	3.23e-01	8.79e-02	7.75e-03
 5.40961e+22	1.08e-25	1.73e-19	4.66e-16	1.04e-13	1.07e-11	7.20e-10	1.25e-06	1.25e-04	3.24e-03	2.18e-02	9.75e-02	1.83e-01	1.61e-01	1.37e-01	3.09e-01	8.08e-02	6.86e-03
 5.42167e+22	1.49e-25	2.31e-19	6.00e-16	1.29e-13	1.26e-11	8.17e-10	1.42e-06	1.41e-04	3.61e-03	2.38e-02	1.04e-01	1.91e-01	1.63e-01	1.35e-01	2.97e-01	7.56e-02	6.23e-03
 5.43402e+22	2.27e-25	3.35e-19	8.30e-16	1.69e-13	1.56e-11	9.61e-10	1.66e-06	1.64e-04	4.13e-03	2.64e-02	1.12e-01	2.01e-01	1.66e-01	1.33e-01	2.83e-01	6.91e-02	5.48e-03
 5.44645e+22	3.11e-25	4.44e-19	1.06e-15	2.07e-13	1.84e-11	1.09e-09	1.86e-06	1.84e-04	4.57e-03	2.85e-02	1.19e-01	2.08e-01	1.68e-01	1.31e-01	2.72e-01	6.45e-02	4.97e-03
 5.45897e+22	4.67e-25	6.39e-19	1.46e-15	2.70e-13	2.27e-11	1.28e-09	2.16e-06	2.13e-04	5.19e-03	3.15e-02	1.27e-01	2.18e-01	1.70e-01	1.28e-01	2.57e-01	5.87e-02	4.36e-03
 5.47110e+22	6.14e-25	8.15e-19	1.81e-15	3.23e-13	2.62e-11	1.43e-09	2.39e-06	2.35e-04	5.65e-03	3.36e-02	1.33e-01	2.24e-01	1.71e-01	1.26e-01	2.48e-01	5.51e-02	3.98e-03
 5.48272e+22	8.83e-25	1.13e-18	2.40e-15	4.10e-13	3.16e-11	1.65e-09	2.73e-06	2.66e-04	6.31e-03	3.66e-02	1.41e-01	2.32e-01	1.72e-01	1.23e-01	2.35e-01	5.05e-02	3.53e-03
 5.49464e+22	1.17e-24	1.45e-18	3.00e-15	4.93e-13	3.67e-11	1.86e-09	3.02e-06	2.94e-04	6.87e-03	3.90e-02	1.48e-01	2.38e-01	1.73e-01	1.20e-01	2.25e-01	4.71e-02	3.20e-03
 5.50695e+22	1.70e-24	2.03e-18	4.02e-15	6.30e-13	4.46e-11	2.16e-09	3.44e-06	3.34e-04	7.67e-03	4.24e-02	1.56e-01	2.45e-01	1.73e-01	1.17e-01	2.13e-01	4.28e-02	2.81e-03
 5.51942e+22	2.23e-24	2.59e-18	4.99e-15	7.57e-13	5.17e-11	2.42e-09	3.80e-06	3.67e-04	8.32e-03	4.50e-02	1.63e-01	2.51e-01	1.73e-01	1.14e-01	2.03e-01	3.99e-02	2.55e-03
 5.53208e+22	3.20e-24	3.58e-18	6.63e-15	9.61e-13	6.27e-11	2.81e-09	4.32e-06	4.14e-04	9.23e-03	4.86e-02	1.71e-01	2.58e-01	1.73e-01	1.10e-01	1.91e-01	3.62e-02	2.24e-03
 5.54464e+22	4.19e-24	4.55e-18	8.20e-15	1.15e-12	7.23e-11	3.14e-09	4.74e-06	4.52e-04	9.97e-03	5.14e-02	1.78e-01	2.62e-01	1.72e-01	1.07e-01	1.83e-01	3.37e-02	2.02e-03
 5.55707e+22	5.95e-24	6.23e-18	1.08e-14	1.45e-12	8.71e-11	3.63e-09	5.35e-06	5.07e-04	1.10e-02	5.53e-02	1.86e-01	2.68e-01	1.71e-01	1.04e-01	1.72e-01	3.06e-02	1.77e-03
 5.56963e+22	7.69e-24	7.84e-18	1.32e-14	1.72e-12	1.00e-10	4.05e-09	5.86e-06	5.52e-04	1.18e-02	5.82e-02	1.92e-01	2.72e-01	1.70e-01	1.01e-01	1.64e-01	2.84e-02	1.61e-03
 5.58234e+22	1.09e-23	1.07e-17	1.74e-14	2.16e-12	1.20e-10	4.68e-09	6.58e-06	6.16e-04	1.30e-02	6.23e-02	2.00e-01	2.77e-01	1.69e-01	9.71e-02	1.53e-01	2.57e-02	1.41e-03
 5.59530e+22	9.78e-26	1.35e-17	2.14e-14	2.58e-12	1.39e-10	5.24e-09	7.22e-06	6.70e-04	1.39e-02	6.56e-02	2.06e-01	2.81e-01	1.68e-01	9.42e-02	1.46e-01	2.38e-02	1.27e-03
 5.60858e+22	1.40e-25	1.84e-17	2.81e-14	3.25e-12	1.67e-10	6.07e-09	8.11e-06	7.48e-04	1.53e-02	7.00e-02	2.15e-01	2.85e-01	1.65e-01	9.03e-02	1.36e-01	2.14e-02	1.10e-03
 5.62210e+22	1.84e-25	2.33e-17	3.47e-14	3.88e-12	1.94e-10	6.81e-09	8.90e-06	8.13e-04	1.64e-02	7.36e-02	2.21e-01	2.88e-01	1.64e-01	8.74e-02	1.29e-01	1.98e-02	9.90e-04
 5.63593e+22	6.84e-26	3.19e-17	4.57e-14	4.90e-12	2.34e-10	7.90e-09	1.00e-05	9.07e-04	1.79e-02	7.84e-02	2.29e-01	2.91e-01	1.61e-01	8.34e-02	1.20e-01	1.77e-02	8.56e-04
 5.65002e+22	9.01e-26	4.05e-17	5.65e-14	5.87e-12	2.71e-10	8.88e-09	1.10e-05	9.86e-04	1.92e-02	8.22e-02	2.35e-01	2.94e-01	1.59e-01	8.05e-02	1.13e-01	1.63e-02	7.65e-04
 5.66445e+22	1.30e-25	5.56e-17	7.46e-14	7.44e-12	3.29e-10	1.03e-08	1.24e-05	1.10e-03	2.10e-02	8.74e-02	2.43e-01	2.96e-01	1.55e-01	7.65e-02	1.05e-01	1.45e-02	6.58e-04
 5.67855e+22	1.66e-25	6.86e-17	9.01e-14	8.75e-12	3.76e-10	1.15e-08	1.35e-05	1.18e-03	2.23e-02	9.11e-02	2.48e-01	2.97e-01	1.53e-01	7.39e-02	9.92e-02	1.34e-02	5.94e-04
 5.69222e+22	2.35e-25	9.24e-17	1.17e-13	1.09e-11	4.50e-10	1.33e-08	1.50e-05	1.31e-03	2.42e-02	9.63e-02	2.55e-01	2.99e-01	1.50e-01	7.03e-02	9.19e-02	1.20e-02	5.13e-04
 5.70611e+22	3.01e-25	1.14e-16	1.42e-13	1.29e-11	5.16e-10	1.48e-08	1.64e-05	1.41e-03	2.57e-02	1.00e-01	2.60e-01	2.99e-01	1.47e-01	6.77e-02	8.69e-02	1.11e-02	4.62e-04
 5.72028e+22	4.21e-25	1.53e-16	1.83e-13	1.60e-11	6.17e-10	1.71e-08	1.83e-05	1.55e-03	2.78e-02	1.06e-01	2.67e-01	3.00e-01	1.43e-01	6.43e-02	8.04e-02	9.90e-03	3.99e-04
 5.73489e+22	5.53e-25	1.93e-16	2.25e-13	1.91e-11	7.14e-10	1.92e-08	2.00e-05	1.68e-03	2.96e-02	1.10e-01	2.72e-01	3.00e-01	1.40e-01	6.16e-02	7.54e-02	9.03e-03	3.54e-04
 5.75007e+22	7.77e-25	2.58e-16	2.92e-13	2.39e-11	8.58e-10	2.23e-08	2.24e-05	1.86e-03	3.21e-02	1.16e-01	2.78e-01	2.99e-01	1.36e-01	5.82e-02	6.96e-02	8.04e-03	3.05e-04
 5.76575e+22	1.04e-24	3.31e-16	3.64e-13	2.88e-11	1.00e-09	2.52e-08	2.47e-05	2.02e-03	3.42e-02	1.21e-01	2.84e-01	2.99e-01	1.33e-01	5.55e-02	6.48e-02	7.28e-03	2.68e-04
 5.78207e+22	1.48e-24	4.48e-16	4.77e-13	3.64e-11	1.22e-09	2.95e-08	2.79e-05	2.24e-03	3.71e-02	1.27e-01	2.90e-01	2.97e-01	1.28e-01	5.22e-02	5.94e-02	6.43e-03	2.28e-04
 5.79884e+22	1.99e-24	5.77e-16	5.99e-13	4.43e-11	1.43e-09	3.36e-08	3.08e-05	2.44e-03	3.96e-02	1.33e-01	2.94e-01	2.96e-01	1.25e-01	4.95e-02	5.51e-02	5.78e-03	1.99e-04
 5.81618e+22	2.88e-24	7.90e-16	7.92e-13	5.63e-11	1.75e-09	3.96e-08	3.49e-05	2.71e-03	4.30e-02	1.39e-01	3.00e-01	2.93e-01	1.20e-01	4.63e-02	5.01e-02	5.06e-03	1.68e-04
 5.83410e+22	3.93e-24	1.03e-15	1.00e-12	6.91e-11	2.07e-09	4.54e-08	3.88e-05	2.96e-03	4.60e-02	1.45e-01	3.05e-01	2.91e-01	1.16e-01	4.36e-02	4.62e-02	4.52e-03	1.45e-04
 5.85276e+22	5.78e-24	1.43e-15	1.35e-12	8.91e-11	2.56e-09	5.39e-08	4.43e-05	3.30e-03	5.00e-02	1.53e-01	3.10e-01	2.87e-01	1.11e-01	4.05e-02	4.17e-02	3.92e-03	1.21e-04
 5.87194e+22	7.99e-24	1.88e-15	1.72e-12	1.10e-10	3.06e-09	6.22e-08	4.95e-05	3.62e-03	5.35e-02	1.59e-01	3.14e-01	2.84e-01	1.07e-01	3.80e-02	3.82e-02	3.47e-03	1.03e-04
 5.88917e+22	1.08e-23	2.44e-15	2.17e-12	1.35e-10	3.63e-09	7.15e-08	5.51e-05	3.95e-03	5.71e-02	1.65e-01	3.17e-01	2.80e-01	1.03e-01	3.57e-02	3.51e-02	3.09e-03	8.92e-05
 5.90898e+22	1.64e-23	3.47e-15	2.98e-12	1.77e-10	4.54e-09	8.58e-08	6.32e-05	4.42e-03	6.21e-02	1.73e-01	3.21e-01	2.75e-01	9.72e-02	3.28e-02	3.12e-02	2.63e-03	7.27e-05
 5.92890e+22	2.23e-23	4.50e-15	3.76e-12	2.17e-10	5.39e-09	9.86e-08	7.04e-05	4.82e-03	6.62e-02	1.80e-01	3.24e-01	2.71e-01	9.32e-02	3.07e-02	2.86e-02	2.33e-03	6.25e-05
 5.94898e+22	3.35e-23	6.35e-15	5.11e-12	2.83e-10	6.73e-09	1.18e-07	8.07e-05	5.39e-03	7.17e-02	1.88e-01	3.26e-01	2.65e-01	8.81e-02	2.82e-02	2.54e-02	1.99e-03	5.10e-05
 5.96948e+22	4.65e-23	8.39e-15	6.56e-12	3.51e-10	8.05e-09	1.37e-07	9.01e-05	5.89e-03	7.65e-02	1.95e-01	3.28e-01	2.60e-01	8.40e-02	2.62e-02	2.31e-02	1.74e-03	4.32e-05
 5.99054e+22	7.07e-23	1.20e-14	9.02e-12	4.62e-10	1.01e-08	1.64e-07	1.04e-04	6.59e-03	8.29e-02	2.03e-01	3.30e-01	2.53e-01	7.89e-02	2.38e-02	2.04e-02	1.47e-03	3.48e-05
 6.01194e+22	9.93e-23	1.60e-14	1.17e-11	5.77e-10	1.22e-08	1.91e-07	1.16e-04	7.21e-03	8.84e-02	2.10e-01	3.31e-01	2.47e-01	7.49e-02	2.20e-02	1.84e-02	1.28e-03	2.92e-05
 6.03376e+22	1.54e-22	2.32e-14	1.63e-11	7.69e-10	1.55e-08	2.32e-07	1.34e-04	8.09e-03	9.59e-02	2.19e-01	3.31e-01	2.39e-01	6.98e-02	1.99e-02	1.60e-02	1.06e-03	2.31e-05
 6.05568e+22	2.16e-22	3.09e-14	2.10e-11	9.58e-10	1.86e-08	2.69e-07	1.50e-04	8.83e-03	1.02e-01	2.26e-01	3.31e-01	2.33e-01	6.61e-02	1.84e-02	1.44e-02	9.20e-04	1.93e-05
 6.07387e+22	2.93e-22	4.00e-14	2.65e-11	1.17e-09	2.19e-08	3.08e-07	1.66e-04	9.55e-03	1.08e-01	2.31e-01	3.30e-01	2.27e-01	6.28e-02	1.71e-02	1.31e-02	8.07e-04	1.64e-05
 6.09367e+22	4.38e-22	5.64e-14	3.59e-11	1.52e-09	2.72e-08	3.67e-07	1.89e-04	1.06e-02	1.15e-01	2.39e-01	3.29e-01	2.19e-01	5.86e-02	1.55e-02	1.15e-02	6.78e-04	1.32e-05
 6.11338e+22	5.91e-22	7.27e-14	4.51e-11	1.85e-09	3.21e-08	4.19e-07	2.09e-04	1.14e-02	1.21e-01	2.45e-01	3.28e-01	2.13e-01	5.56e-02	1.43e-02	1.04e-02	5.94e-04	1.12e-05
 6.13300e+22	8.83e-22	1.02e-13	6.11e-11	2.40e-09	3.98e-08	4.99e-07	2.38e-04	1.26e-02	1.30e-01	2.52e-01	3.25e-01	2.06e-01	5.17e-02	1.30e-02	9.12e-03	4.97e-04	8.94e-06
 6.15287e+22	1.20e-21	1.33e-13	7.73e-11	2.93e-09	4.71e-08	5.73e-07	2.63e-04	1.36e-02	1.37e-01	2.58e-01	3.23e-01	1.99e-01	4.88e-02	1.20e-02	8.22e-03	4.33e-04	7.52e-06
 6.17307e+22	1.82e-21	1.90e-13	1.06e-10	3.84e-09	5.89e-08	6.88e-07	3.01e-04	1.51e-02	1.46e-01	2.65e-01	3.19e-01	1.91e-01	4.52e-02	1.08e-02	7.14e-03	3.58e-04	5.93e-06
 6.19352e+22	2.51e-21	2.49e-13	1.35e-10	4.73e-09	7.01e-08	7.93e-07	3.34e-04	1.63e-02	1.54e-01	2.70e-01	3.16e-01	1.85e-01	4.24e-02	9.88e-03	6.39e-03	3.09e-04	4.94e-06
 6.21430e+22	3.84e-21	3.59e-13	1.86e-10	6.25e-09	8.83e-08	9.58e-07	3.84e-04	1.81e-02	1.64e-01	2.76e-01	3.11e-01	1.76e-01	3.90e-02	8.82e-03	5.51e-03	2.54e-04	3.86e-06
 6.23547e+22	5.39e-21	4.79e-13	2.41e-10	7.80e-09	1.06e-07	1.12e-06	4.29e-04	1.97e-02	1.73e-01	2.81e-01	3.07e-01	1.70e-01	3.64e-02	8.03e-03	4.88e-03	2.16e-04	3.15e-06
 6.25717e+22	8.42e-21	7.01e-13	3.38e-10	1.04e-08	1.36e-07	1.36e-06	4.98e-04	2.20e-02	1.85e-01	2.87e-01	3.00e-01	1.61e-01	3.31e-02	7.10e-03	4.15e-03	1.74e-04	2.42e-06
 6.27930e+22	1.20e-20	9.51e-13	4.44e-10	1.32e-08	1.65e-07	1.61e-06	5.61e-04	2.40e-02	1.95e-01	2.92e-01	2.95e-01	1.54e-01	3.07e-02	6.41e-03	3.64e-03	1.46e-04	1.95e-06
 6.30199e+22	1.92e-20	1.42e-12	6.33e-10	1.79e-08	2.14e-07	1.99e-06	6.56e-04	2.69e-02	2.08e-01	2.97e-01	2.87e-01	1.45e-01	2.77e-02	5.60e-03	3.05e-03	1.16e-04	1.46e-06
 6.32488e+22	2.76e-20	1.93e-12	8.34e-10	2.28e-08	2.62e-07	2.36e-06	7.43e-04	2.94e-02	2.19e-01	3.00e-01	2.80e-01	1.38e-01	2.54e-02	5.03e-03	2.66e-03	9.65e-05	1.16e-06
 6.34411e+22	3.85e-20	2.56e-12	1.07e-09	2.84e-08	3.16e-07	2.76e-06	8.34e-04	3.20e-02	2.29e-01	3.03e-01	2.73e-01	1.31e-01	2.35e-02	4.55e-03	2.33e-03	8.13e-05	9.39e-07
 6.36496e+22	5.88e-20	3.66e-12	1.48e-09	3.76e-08	4.02e-07	3.39e-06	9.67e-04	3.56e-02	2.43e-01	3.06e-01	2.65e-01	1.23e-01	2.12e-02	3.99e-03	1.97e-03	6.51e-05	7.14e-07
 6.38597e+22	8.24e-20	4.86e-12	1.91e-09	4.71e-08	4.87e-07	3.99e-06	1.09e-03	3.87e-02	2.54e-01	3.07e-01	2.57e-01	1.17e-01	1.95e-02	3.59e-03	1.72e-03	5.44e-05	5.72e-07
 6.40652e+22	1.23e-19	6.81e-12	2.58e-09	6.16e-08	6.14e-07	4.86e-06	1.26e-03	4.30e-02	2.68e-01	3.09e-01	2.48e-01	1.09e-01	1.75e-02	3.15e-03	1.45e-03	4.36e-05	4.36e-07
 6.42749e+22	1.75e-19	9.09e-12	3.35e-09	7.78e-08	7.52e-07	5.79e-06	1.43e-03	4.70e-02	2.80e-01	3.09e-01	2.40e-01	1.03e-01	1.60e-02	2.80e-03	1.25e-03	3.59e-05	3.43e-07
 6.44803e+22	2.57e-19	1.25e-11	4.47e-09	1.01e-07	9.41e-07	7.03e-06	1.65e-03	5.19e-02	2.93e-01	3.09e-01	2.30e-01	9.58e-02	1.43e-02	2.45e-03	1.05e-03	2.88e-05	2.62e-07
 6.46901e+22	3.69e-19	1.67e-11	5.83e-09	1.28e-07	1.16e-06	8.45e-06	1.89e-03	5.70e-02	3.06e-01	3.08e-01	2.21e-01	8.94e-02	1.29e-02	2.16e-03	8.96e-04	2.34e-05	2.03e-07
 6.48974e+22	5.37e-19	2.25e-11	7.65e-09	1.64e-07	1.44e-06	1.02e-05	2.17e-03	6.28e-02	3.20e-01	3.07e-01	2.11e-01	8.30e-02	1.15e-02	1.89e-03	7.55e-04	1.88e-05	1.55e-07
 6.51059e+22	7.73e-19	2.98e-11	9.93e-09	2.08e-07	1.78e-06	1.23e-05	2.49e-03	6.90e-02	3.33e-01	3.05e-01	2.01e-01	7.69e-02	1.03e-02	1.65e-03	6.37e-04	1.51e-05	1.19e-07
 6.53119e+22	1.11e-18	3.93e-11	1.28e-08	2.63e-07	2.20e-06	1.48e-05	2.85e-03	7.57e-02	3.46e-01	3.02e-01	1.92e-01	7.11e-02	9.20e-03	1.44e-03	5.36e-04	1.21e-05	0.00e+00
 6.55174e+22	1.61e-18	5.12e-11	1.64e-08	3.32e-07	2.71e-06	1.78e-05	3.27e-03	8.29e-02	3.59e-01	2.98e-01	1.82e-01	6.55e-02	8.18e-03	1.25e-03	4.50e-04	9.67e-06	0.00e+00
 6.57234e+22	2.34e-18	6.64e-11	2.10e-08	4.17e-07	3.32e-06	2.15e-05	3.73e-03	9.08e-02	3.71e-01	2.94e-01	1.72e-01	6.02e-02	7.25e-03	1.08e-03	3.76e-04	7.71e-06	0.00e+00
