#depth	Ne	Ne+	Ne+2	Ne+3	Ne+4	Ne+5	Ne+6	Ne+7	Ne+8	Ne+9	Ne+10
 4.62852e+21	0.00e+00	0.00e+00	0.00e+00	0.00e+00	6.44e-26	4.67e-21	1.28e-16	2.31e-12	1.44e-07	7.56e-04	9.99e-01
 1.05242e+22	0.00e+00	0.00e+00	0.00e+00	2.57e-30	5.35e-25	2.71e-20	5.42e-16	6.81e-12	2.96e-07	1.08e-03	9.99e-01
 1.26345e+22	0.00e+00	0.00e+00	0.00e+00	1.34e-29	2.21e-24	8.84e-20	1.40e-15	1.39e-11	4.75e-07	1.37e-03	9.99e-01
 1.41520e+22	0.00e+00	0.00e+00	0.00e+00	5.01e-29	6.83e-24	2.27e-19	2.97e-15	2.44e-11	6.94e-07	1.66e-03	9.98e-01
 1.50315e+22	0.00e+00	0.00e+00	0.00e+00	7.48e-29	9.63e-24	3.02e-19	3.73e-15	2.90e-11	7.78e-07	1.76e-03	9.98e-01
 1.55031e+22	0.00e+00	0.00e+00	0.00e+00	1.24e-28	1.49e-23	4.33e-19	4.99e-15	3.61e-11	9.00e-07	1.89e-03	9.98e-01
 1.60176e+22	0.00e+00	0.00e+00	0.00e+00	1.99e-28	2.23e-23	6.08e-19	6.55e-15	4.43e-11	1.03e-06	2.02e-03	9.98e-01
 1.65877e+22	0.00e+00	0.00e+00	0.00e+00	3.74e-28	3.82e-23	9.62e-19	9.46e-15	5.84e-11	1.24e-06	2.22e-03	9.98e-01
 1.71381e+22	0.00e+00	0.00e+00	0.00e+00	5.66e-28	5.45e-23	1.29e-18	1.20e-14	6.98e-11	1.40e-06	2.35e-03	9.98e-01
 1.76630e+22	0.00e+00	0.00e+00	0.00e+00	9.92e-28	8.82e-23	1.93e-18	1.66e-14	8.90e-11	1.64e-06	2.55e-03	9.97e-01
 1.81537e+22	0.00e+00	0.00e+00	0.00e+00	1.48e-27	1.24e-22	2.58e-18	2.08e-14	1.06e-10	1.84e-06	2.70e-03	9.97e-01
 1.85356e+22	0.00e+00	0.00e+00	0.00e+00	2.13e-27	1.70e-22	3.33e-18	2.56e-14	1.24e-10	2.04e-06	2.85e-03	9.97e-01
 1.89675e+22	0.00e+00	0.00e+00	1.02e-32	3.35e-27	2.51e-22	4.62e-18	3.33e-14	1.51e-10	2.33e-06	3.04e-03	9.97e-01
 1.94130e+22	0.00e+00	0.00e+00	1.60e-32	4.94e-27	3.50e-22	6.10e-18	4.16e-14	1.78e-10	2.61e-06	3.22e-03	9.97e-01
 1.98152e+22	0.00e+00	0.00e+00	2.47e-32	7.24e-27	4.86e-22	8.02e-18	5.18e-14	2.10e-10	2.91e-06	3.40e-03	9.97e-01
 2.02770e+22	0.00e+00	0.00e+00	4.32e-32	1.18e-26	7.41e-22	1.14e-17	6.87e-14	2.60e-10	3.36e-06	3.65e-03	9.96e-01
 2.07352e+22	0.00e+00	0.00e+00	6.71e-32	1.74e-26	1.03e-21	1.50e-17	8.57e-14	3.07e-10	3.75e-06	3.85e-03	9.96e-01
 2.11887e+22	0.00e+00	0.00e+00	1.16e-31	2.80e-26	1.55e-21	2.11e-17	1.13e-13	3.77e-10	4.30e-06	4.13e-03	9.96e-01
 2.16493e+22	0.00e+00	0.00e+00	1.82e-31	4.16e-26	2.18e-21	2.80e-17	1.42e-13	4.47e-10	4.82e-06	4.37e-03	9.96e-01
 2.20575e+22	0.00e+00	0.00e+00	2.81e-31	6.10e-26	3.02e-21	3.68e-17	1.76e-13	5.28e-10	5.39e-06	4.62e-03	9.95e-01
 2.24312e+22	0.00e+00	0.00e+00	4.15e-31	8.59e-26	4.06e-21	4.71e-17	2.15e-13	6.12e-10	5.95e-06	4.85e-03	9.95e-01
 2.27625e+22	0.00e+00	0.00e+00	5.93e-31	1.17e-25	5.31e-21	5.89e-17	2.57e-13	7.01e-10	6.51e-06	5.08e-03	9.95e-01
 2.31338e+22	0.00e+00	0.00e+00	9.01e-31	1.70e-25	7.27e-21	7.66e-17	3.18e-13	8.22e-10	7.24e-06	5.35e-03	9.95e-01
 2.35321e+22	0.00e+00	0.00e+00	1.38e-30	2.46e-25	9.99e-21	9.99e-17	3.93e-13	9.66e-10	8.05e-06	5.65e-03	9.94e-01
 2.38833e+22	0.00e+00	0.00e+00	1.97e-30	3.37e-25	1.31e-20	1.25e-16	4.71e-13	1.11e-09	8.82e-06	5.91e-03	9.94e-01
 2.42576e+22	0.00e+00	0.00e+00	3.01e-30	4.88e-25	1.80e-20	1.64e-16	5.84e-13	1.30e-09	9.83e-06	6.24e-03	9.94e-01
 2.46539e+22	0.00e+00	0.00e+00	4.54e-30	6.99e-25	2.45e-20	2.11e-16	7.18e-13	1.52e-09	1.09e-05	6.57e-03	9.93e-01
 2.50095e+22	0.00e+00	0.00e+00	6.60e-30	9.70e-25	3.25e-20	2.68e-16	8.67e-13	1.75e-09	1.20e-05	6.88e-03	9.93e-01
 2.53485e+22	0.00e+00	0.00e+00	9.51e-30	1.34e-24	4.28e-20	3.37e-16	1.04e-12	2.01e-09	1.32e-05	7.21e-03	9.93e-01
 2.56605e+22	0.00e+00	0.00e+00	1.31e-29	1.77e-24	5.43e-20	4.11e-16	1.22e-12	2.27e-09	1.43e-05	7.51e-03	9.92e-01
 2.59912e+22	0.00e+00	0.00e+00	1.88e-29	2.44e-24	7.16e-20	5.17e-16	1.47e-12	2.62e-09	1.57e-05	7.86e-03	9.92e-01
 2.63396e+22	0.00e+00	0.00e+00	2.69e-29	3.32e-24	9.35e-20	6.47e-16	1.76e-12	2.99e-09	1.71e-05	8.22e-03	9.92e-01
 2.66483e+22	0.00e+00	0.00e+00	3.71e-29	4.41e-24	1.19e-19	7.92e-16	2.07e-12	3.38e-09	1.86e-05	8.57e-03	9.91e-01
 2.69866e+22	0.00e+00	0.00e+00	5.40e-29	6.13e-24	1.59e-19	1.01e-15	2.51e-12	3.91e-09	2.05e-05	8.99e-03	9.91e-01
 2.73345e+22	0.00e+00	0.00e+00	7.69e-29	8.36e-24	2.07e-19	1.26e-15	3.01e-12	4.48e-09	2.24e-05	9.40e-03	9.91e-01
 2.76321e+22	0.00e+00	0.00e+00	1.05e-28	1.10e-23	2.62e-19	1.53e-15	3.52e-12	5.04e-09	2.42e-05	9.78e-03	9.90e-01
 2.79561e+22	0.00e+00	0.00e+00	1.51e-28	1.51e-23	3.44e-19	1.92e-15	4.23e-12	5.79e-09	2.66e-05	1.02e-02	9.90e-01
 2.83014e+22	0.00e+00	0.00e+00	2.15e-28	2.05e-23	4.48e-19	2.40e-15	5.05e-12	6.62e-09	2.91e-05	1.07e-02	9.89e-01
 2.86076e+22	0.00e+00	0.00e+00	2.95e-28	2.72e-23	5.70e-19	2.93e-15	5.94e-12	7.48e-09	3.15e-05	1.11e-02	9.89e-01
 2.88765e+22	0.00e+00	0.00e+00	3.90e-28	3.47e-23	7.04e-19	3.49e-15	6.84e-12	8.32e-09	3.39e-05	1.15e-02	9.88e-01
 2.91640e+22	0.00e+00	0.00e+00	5.34e-28	4.57e-23	8.92e-19	4.25e-15	8.02e-12	9.39e-09	3.67e-05	1.20e-02	9.88e-01
 2.94723e+22	0.00e+00	0.00e+00	7.31e-28	6.02e-23	1.13e-18	5.18e-15	9.40e-12	1.06e-08	3.98e-05	1.25e-02	9.87e-01
 2.97510e+22	0.00e+00	1.70e-33	9.75e-28	7.75e-23	1.40e-18	6.21e-15	1.09e-11	1.18e-08	4.28e-05	1.30e-02	9.87e-01
 3.00568e+22	0.00e+00	2.49e-33	1.37e-27	1.04e-22	1.81e-18	7.70e-15	1.29e-11	1.35e-08	4.67e-05	1.35e-02	9.86e-01
 3.03762e+22	0.00e+00	3.60e-33	1.90e-27	1.39e-22	2.32e-18	9.46e-15	1.53e-11	1.53e-08	5.07e-05	1.41e-02	9.86e-01
 3.06476e+22	0.00e+00	4.93e-33	2.52e-27	1.78e-22	2.87e-18	1.13e-14	1.76e-11	1.70e-08	5.45e-05	1.46e-02	9.85e-01
 3.09349e+22	0.00e+00	7.06e-33	3.46e-27	2.36e-22	3.65e-18	1.38e-14	2.07e-11	1.92e-08	5.91e-05	1.52e-02	9.85e-01
 3.12412e+22	0.00e+00	1.00e-32	4.73e-27	3.10e-22	4.61e-18	1.68e-14	2.42e-11	2.16e-08	6.40e-05	1.58e-02	9.84e-01
 3.15179e+22	0.00e+00	1.38e-32	6.30e-27	3.98e-22	5.73e-18	2.01e-14	2.80e-11	2.41e-08	6.89e-05	1.64e-02	9.84e-01
 3.17674e+22	0.00e+00	1.85e-32	8.18e-27	5.01e-22	6.97e-18	2.37e-14	3.20e-11	2.67e-08	7.36e-05	1.70e-02	9.83e-01
 3.19996e+22	0.00e+00	2.42e-32	1.04e-26	6.17e-22	8.34e-18	2.76e-14	3.61e-11	2.92e-08	7.82e-05	1.75e-02	9.82e-01
 3.22654e+22	0.00e+00	3.34e-32	1.38e-26	7.94e-22	1.04e-17	3.31e-14	4.18e-11	3.27e-08	8.42e-05	1.82e-02	9.82e-01
 3.25509e+22	0.00e+00	4.63e-32	1.85e-26	1.03e-21	1.29e-17	3.98e-14	4.85e-11	3.65e-08	9.07e-05	1.88e-02	9.81e-01
 3.28082e+22	0.00e+00	6.27e-32	2.42e-26	1.30e-21	1.58e-17	4.71e-14	5.56e-11	4.05e-08	9.72e-05	1.95e-02	9.80e-01
 3.30521e+22	0.00e+00	8.39e-32	3.14e-26	1.63e-21	1.92e-17	5.55e-14	6.34e-11	4.47e-08	1.04e-04	2.01e-02	9.80e-01
 3.32928e+22	0.00e+00	1.11e-31	4.04e-26	2.03e-21	2.32e-17	6.50e-14	7.20e-11	4.92e-08	1.11e-04	2.08e-02	9.79e-01
 3.35660e+22	0.00e+00	1.55e-31	5.43e-26	2.64e-21	2.91e-17	7.84e-14	8.38e-11	5.52e-08	1.20e-04	2.16e-02	9.78e-01
 3.38531e+22	0.00e+00	2.16e-31	7.31e-26	3.42e-21	3.64e-17	9.46e-14	9.74e-11	6.18e-08	1.29e-04	2.24e-02	9.77e-01
 3.41018e+22	0.00e+00	2.89e-31	9.45e-26	4.29e-21	4.42e-17	1.11e-13	1.11e-10	6.83e-08	1.38e-04	2.32e-02	9.77e-01
 3.43684e+22	0.00e+00	4.04e-31	1.27e-25	5.57e-21	5.53e-17	1.34e-13	1.29e-10	7.66e-08	1.49e-04	2.40e-02	9.76e-01
 3.46524e+22	0.00e+00	5.63e-31	1.71e-25	7.22e-21	6.91e-17	1.62e-13	1.50e-10	8.58e-08	1.60e-04	2.50e-02	9.75e-01
 3.48947e+22	0.00e+00	7.39e-31	2.18e-25	8.94e-21	8.31e-17	1.89e-13	1.70e-10	9.41e-08	1.71e-04	2.57e-02	9.74e-01
 3.51453e+22	0.00e+00	1.01e-30	2.88e-25	1.14e-20	1.02e-16	2.25e-13	1.96e-10	1.05e-07	1.83e-04	2.67e-02	9.73e-01
 3.54142e+22	0.00e+00	1.37e-30	3.79e-25	1.45e-20	1.26e-16	2.68e-13	2.25e-10	1.16e-07	1.97e-04	2.76e-02	9.72e-01
 3.56600e+22	0.00e+00	1.83e-30	4.89e-25	1.81e-20	1.53e-16	3.15e-13	2.56e-10	1.28e-07	2.10e-04	2.85e-02	9.71e-01
 3.59329e+22	0.00e+00	2.57e-30	6.63e-25	2.37e-20	1.92e-16	3.81e-13	2.99e-10	1.44e-07	2.27e-04	2.96e-02	9.70e-01
 3.62198e+22	0.00e+00	3.59e-30	8.91e-25	3.07e-20	2.40e-16	4.59e-13	3.48e-10	1.62e-07	2.45e-04	3.07e-02	9.69e-01
 3.64606e+22	0.00e+00	4.76e-30	1.15e-24	3.83e-20	2.90e-16	5.39e-13	3.95e-10	1.78e-07	2.61e-04	3.17e-02	9.68e-01
 3.66760e+22	0.00e+00	6.12e-30	1.43e-24	4.66e-20	3.44e-16	6.20e-13	4.43e-10	1.94e-07	2.76e-04	3.26e-02	9.67e-01
 3.69224e+22	0.00e+00	8.30e-30	1.88e-24	5.92e-20	4.22e-16	7.37e-13	5.09e-10	2.16e-07	2.96e-04	3.38e-02	9.66e-01
 3.71910e+22	0.00e+00	1.14e-29	2.50e-24	7.59e-20	5.23e-16	8.82e-13	5.88e-10	2.40e-07	3.19e-04	3.50e-02	9.65e-01
 3.74385e+22	0.00e+00	1.53e-29	3.23e-24	9.51e-20	6.35e-16	1.04e-12	6.71e-10	2.65e-07	3.40e-04	3.62e-02	9.64e-01
 3.77104e+22	0.00e+00	2.18e-29	4.44e-24	1.26e-19	8.07e-16	1.27e-12	7.88e-10	2.99e-07	3.69e-04	3.76e-02	9.62e-01
 3.79798e+22	0.00e+00	2.97e-29	5.85e-24	1.60e-19	9.94e-16	1.51e-12	9.06e-10	3.33e-07	3.96e-04	3.89e-02	9.61e-01
 3.82000e+22	0.00e+00	3.90e-29	7.44e-24	1.98e-19	1.19e-15	1.76e-12	1.02e-09	3.65e-07	4.21e-04	4.01e-02	9.59e-01
 3.84404e+22	0.00e+00	5.32e-29	9.81e-24	2.52e-19	1.47e-15	2.09e-12	1.18e-09	4.05e-07	4.52e-04	4.15e-02	9.58e-01
 3.87015e+22	0.00e+00	7.34e-29	1.31e-23	3.24e-19	1.82e-15	2.51e-12	1.36e-09	4.52e-07	4.85e-04	4.30e-02	9.56e-01
 3.89421e+22	0.00e+00	9.77e-29	1.68e-23	4.05e-19	2.21e-15	2.94e-12	1.55e-09	4.98e-07	5.18e-04	4.44e-02	9.55e-01
 3.92071e+22	0.00e+00	1.40e-28	2.31e-23	5.35e-19	2.80e-15	3.60e-12	1.82e-09	5.62e-07	5.61e-04	4.62e-02	9.53e-01
 3.94703e+22	0.00e+00	1.90e-28	3.04e-23	6.79e-19	3.44e-15	4.27e-12	2.09e-09	6.23e-07	6.01e-04	4.78e-02	9.52e-01
 3.96875e+22	0.00e+00	2.51e-28	3.90e-23	8.45e-19	4.15e-15	5.00e-12	2.37e-09	6.84e-07	6.40e-04	4.92e-02	9.50e-01
 3.99261e+22	0.00e+00	3.46e-28	5.18e-23	1.08e-18	5.14e-15	5.98e-12	2.73e-09	7.62e-07	6.88e-04	5.10e-02	9.48e-01
 4.01827e+22	0.00e+00	4.84e-28	6.98e-23	1.41e-18	6.43e-15	7.21e-12	3.17e-09	8.51e-07	7.41e-04	5.29e-02	9.46e-01
 4.04131e+22	2.98e-34	6.41e-28	8.96e-23	1.75e-18	7.77e-15	8.44e-12	3.60e-09	9.36e-07	7.89e-04	5.45e-02	9.45e-01
 4.06629e+22	4.46e-34	9.20e-28	1.23e-22	2.32e-18	9.89e-15	1.03e-11	4.23e-09	1.06e-06	8.55e-04	5.67e-02	9.42e-01
 4.09135e+22	6.29e-34	1.25e-27	1.62e-22	2.94e-18	1.21e-14	1.23e-11	4.85e-09	1.17e-06	9.14e-04	5.85e-02	9.41e-01
 4.11246e+22	8.66e-34	1.67e-27	2.09e-22	3.67e-18	1.47e-14	1.44e-11	5.50e-09	1.28e-06	9.73e-04	6.03e-02	9.39e-01
 4.13588e+22	1.28e-33	2.37e-27	2.85e-22	4.82e-18	1.86e-14	1.75e-11	6.43e-09	1.44e-06	1.05e-03	6.26e-02	9.36e-01
 4.16012e+22	1.80e-33	3.21e-27	3.74e-22	6.11e-18	2.27e-14	2.07e-11	7.36e-09	1.59e-06	1.12e-03	6.47e-02	9.34e-01
 4.18208e+22	2.53e-33	4.36e-27	4.91e-22	7.75e-18	2.79e-14	2.45e-11	8.43e-09	1.76e-06	1.20e-03	6.68e-02	9.32e-01
 4.20726e+22	3.91e-33	6.43e-27	6.92e-22	1.05e-17	3.61e-14	3.05e-11	1.00e-08	2.00e-06	1.31e-03	6.95e-02	9.29e-01
 4.23174e+22	5.55e-33	8.80e-27	9.14e-22	1.33e-17	4.45e-14	3.62e-11	1.15e-08	2.21e-06	1.40e-03	7.18e-02	9.27e-01
 4.25159e+22	7.68e-33	1.18e-26	1.18e-21	1.67e-17	5.39e-14	4.26e-11	1.30e-08	2.43e-06	1.49e-03	7.40e-02	9.25e-01
 4.27372e+22	1.14e-32	1.68e-26	1.62e-21	2.20e-17	6.82e-14	5.18e-11	1.52e-08	2.73e-06	1.60e-03	7.67e-02	9.22e-01
 4.29673e+22	1.61e-32	2.28e-26	2.13e-21	2.79e-17	8.37e-14	6.14e-11	1.74e-08	3.01e-06	1.71e-03	7.92e-02	9.19e-01
 4.31767e+22	2.30e-32	3.15e-26	2.82e-21	3.58e-17	1.04e-13	7.33e-11	2.00e-08	3.34e-06	1.83e-03	8.18e-02	9.16e-01
 4.33829e+22	3.23e-32	4.26e-26	3.69e-21	4.52e-17	1.27e-13	8.67e-11	2.29e-08	3.68e-06	1.95e-03	8.43e-02	9.14e-01
 4.35832e+22	4.55e-32	5.79e-26	4.84e-21	5.72e-17	1.55e-13	1.03e-10	2.61e-08	4.06e-06	2.08e-03	8.69e-02	9.11e-01
 4.37795e+22	6.33e-32	7.78e-26	6.29e-21	7.20e-17	1.89e-13	1.21e-10	2.97e-08	4.46e-06	2.22e-03	8.95e-02	9.08e-01
 4.40045e+22	9.87e-32	1.16e-25	8.94e-21	9.78e-17	2.45e-13	1.50e-10	3.53e-08	5.06e-06	2.41e-03	9.31e-02	9.04e-01
 4.42270e+22	1.39e-31	1.57e-25	1.17e-20	1.24e-16	3.00e-13	1.78e-10	4.03e-08	5.57e-06	2.57e-03	9.59e-02	9.01e-01
 4.44463e+22	2.12e-31	2.29e-25	1.64e-20	1.66e-16	3.86e-13	2.19e-10	4.75e-08	6.29e-06	2.78e-03	9.96e-02	8.98e-01
 4.46708e+22	3.11e-31	3.23e-25	2.22e-20	2.16e-16	4.84e-13	2.65e-10	5.51e-08	7.01e-06	2.98e-03	1.03e-01	8.94e-01
 4.48585e+22	4.26e-31	4.28e-25	2.84e-20	2.69e-16	5.84e-13	3.09e-10	6.23e-08	7.66e-06	3.16e-03	1.06e-01	8.91e-01
 4.50590e+22	6.35e-31	6.13e-25	3.90e-20	3.54e-16	7.39e-13	3.76e-10	7.27e-08	8.57e-06	3.40e-03	1.09e-01	8.87e-01
 4.52693e+22	9.02e-31	8.38e-25	5.15e-20	4.51e-16	9.10e-13	4.47e-10	8.32e-08	9.46e-06	3.62e-03	1.13e-01	8.84e-01
 4.54925e+22	1.42e-30	1.26e-24	7.38e-20	6.17e-16	1.19e-12	5.59e-10	9.92e-08	1.07e-05	3.93e-03	1.17e-01	8.79e-01
 4.57126e+22	2.07e-30	1.76e-24	9.92e-20	7.99e-16	1.49e-12	6.72e-10	1.15e-07	1.19e-05	4.21e-03	1.21e-01	8.75e-01
 4.58950e+22	2.91e-30	2.39e-24	1.30e-19	1.01e-15	1.82e-12	7.96e-10	1.31e-07	1.31e-05	4.48e-03	1.24e-01	8.71e-01
 4.60983e+22	4.42e-30	3.47e-24	1.81e-19	1.35e-15	2.33e-12	9.76e-10	1.53e-07	1.47e-05	4.83e-03	1.29e-01	8.66e-01
 4.63114e+22	6.44e-30	4.87e-24	2.44e-19	1.75e-15	2.91e-12	1.17e-09	1.77e-07	1.64e-05	5.16e-03	1.33e-01	8.62e-01
 4.65013e+22	9.19e-30	6.69e-24	3.23e-19	2.24e-15	3.59e-12	1.40e-09	2.03e-07	1.81e-05	5.50e-03	1.37e-01	8.58e-01
 4.67124e+22	1.42e-29	9.91e-24	4.57e-19	3.03e-15	4.66e-12	1.73e-09	2.40e-07	2.04e-05	5.95e-03	1.42e-01	8.52e-01
 4.69288e+22	2.11e-29	1.41e-23	6.24e-19	3.97e-15	5.88e-12	2.10e-09	2.79e-07	2.28e-05	6.38e-03	1.46e-01	8.47e-01
 4.71186e+22	3.01e-29	1.93e-23	8.25e-19	5.07e-15	7.24e-12	2.50e-09	3.20e-07	2.51e-05	6.79e-03	1.51e-01	8.43e-01
 4.73317e+22	4.85e-29	2.97e-23	1.20e-18	7.05e-15	9.60e-12	3.16e-09	3.84e-07	2.86e-05	7.39e-03	1.56e-01	8.36e-01
 4.75421e+22	6.92e-29	4.07e-23	1.59e-18	9.00e-15	1.18e-11	3.76e-09	4.40e-07	3.16e-05	7.86e-03	1.61e-01	8.31e-01
 4.77212e+22	1.00e-28	5.68e-23	2.14e-18	1.16e-14	1.47e-11	4.51e-09	5.06e-07	3.49e-05	8.38e-03	1.66e-01	8.26e-01
 4.78971e+22	1.42e-28	7.77e-23	2.82e-18	1.48e-14	1.81e-11	5.35e-09	5.78e-07	3.84e-05	8.91e-03	1.70e-01	8.21e-01
 4.80964e+22	2.22e-28	1.16e-22	4.01e-18	2.01e-14	2.36e-11	6.65e-09	6.84e-07	4.33e-05	9.62e-03	1.76e-01	8.14e-01
 4.82860e+22	3.08e-28	1.55e-22	5.18e-18	2.51e-14	2.85e-11	7.80e-09	7.74e-07	4.74e-05	1.02e-02	1.80e-01	8.09e-01
 4.84378e+22	4.27e-28	2.08e-22	6.72e-18	3.15e-14	3.46e-11	9.15e-09	8.76e-07	5.17e-05	1.08e-02	1.85e-01	8.04e-01
 4.85762e+22	5.69e-28	2.69e-22	8.42e-18	3.84e-14	4.10e-11	1.05e-08	9.75e-07	5.58e-05	1.13e-02	1.89e-01	8.00e-01
 4.87026e+22	7.41e-28	3.40e-22	1.04e-17	4.60e-14	4.79e-11	1.20e-08	1.08e-06	6.00e-05	1.18e-02	1.93e-01	7.96e-01
 4.88471e+22	1.05e-27	4.65e-22	1.37e-17	5.84e-14	5.87e-11	1.42e-08	1.23e-06	6.58e-05	1.25e-02	1.97e-01	7.90e-01
 4.89891e+22	1.35e-27	5.82e-22	1.67e-17	6.95e-14	6.81e-11	1.60e-08	1.35e-06	7.04e-05	1.31e-02	2.01e-01	7.86e-01
 4.91280e+22	1.90e-27	7.91e-22	2.18e-17	8.79e-14	8.33e-11	1.89e-08	1.53e-06	7.71e-05	1.38e-02	2.06e-01	7.80e-01
 4.92665e+22	2.50e-27	1.01e-21	2.71e-17	1.06e-13	9.77e-11	2.16e-08	1.70e-06	8.29e-05	1.45e-02	2.10e-01	7.75e-01
 4.93809e+22	3.24e-27	1.27e-21	3.32e-17	1.27e-13	1.14e-10	2.45e-08	1.87e-06	8.88e-05	1.51e-02	2.14e-01	7.71e-01
 4.94883e+22	4.12e-27	1.58e-21	4.02e-17	1.49e-13	1.31e-10	2.75e-08	2.05e-06	9.46e-05	1.57e-02	2.18e-01	7.66e-01
 4.96102e+22	5.55e-27	2.06e-21	5.09e-17	1.83e-13	1.56e-10	3.18e-08	2.29e-06	1.02e-04	1.65e-02	2.22e-01	7.61e-01
 4.97373e+22	7.23e-27	2.62e-21	6.27e-17	2.20e-13	1.82e-10	3.61e-08	2.53e-06	1.10e-04	1.72e-02	2.26e-01	7.56e-01
 4.98521e+22	9.35e-27	3.29e-21	7.67e-17	2.62e-13	2.12e-10	4.09e-08	2.78e-06	1.17e-04	1.79e-02	2.30e-01	7.52e-01
 4.99822e+22	1.33e-26	4.51e-21	1.01e-16	3.34e-13	2.60e-10	4.84e-08	3.16e-06	1.29e-04	1.90e-02	2.36e-01	7.45e-01
 5.01033e+22	1.69e-26	5.60e-21	1.23e-16	3.94e-13	3.00e-10	5.44e-08	3.46e-06	1.37e-04	1.97e-02	2.40e-01	7.40e-01
 5.02127e+22	2.27e-26	7.28e-21	1.54e-16	4.81e-13	3.56e-10	6.26e-08	3.85e-06	1.48e-04	2.07e-02	2.44e-01	7.35e-01
 5.03249e+22	2.92e-26	9.12e-21	1.88e-16	5.71e-13	4.12e-10	7.06e-08	4.23e-06	1.58e-04	2.15e-02	2.48e-01	7.30e-01
 5.04246e+22	3.69e-26	1.13e-20	2.26e-16	6.71e-13	4.72e-10	7.91e-08	4.61e-06	1.68e-04	2.24e-02	2.52e-01	7.25e-01
 5.05381e+22	5.13e-26	1.51e-20	2.94e-16	8.40e-13	5.72e-10	9.26e-08	5.20e-06	1.82e-04	2.35e-02	2.58e-01	7.19e-01
 5.06506e+22	6.62e-26	1.90e-20	3.58e-16	9.98e-13	6.63e-10	1.05e-07	5.71e-06	1.95e-04	2.45e-02	2.62e-01	7.13e-01
 5.07619e+22	9.14e-26	2.53e-20	4.62e-16	1.24e-12	8.00e-10	1.22e-07	6.42e-06	2.11e-04	2.58e-02	2.67e-01	7.07e-01
 5.08747e+22	1.19e-25	3.22e-20	5.70e-16	1.49e-12	9.35e-10	1.39e-07	7.08e-06	2.26e-04	2.69e-02	2.72e-01	7.01e-01
 5.09744e+22	1.56e-25	4.10e-20	7.05e-16	1.79e-12	1.09e-09	1.58e-07	7.81e-06	2.42e-04	2.80e-02	2.76e-01	6.96e-01
 5.10890e+22	2.24e-25	5.66e-20	9.36e-16	2.29e-12	1.35e-09	1.87e-07	8.90e-06	2.65e-04	2.96e-02	2.82e-01	6.88e-01
 5.11987e+22	2.84e-25	7.00e-20	1.13e-15	2.69e-12	1.55e-09	2.10e-07	9.71e-06	2.82e-04	3.07e-02	2.86e-01	6.83e-01
 5.13018e+22	4.00e-25	9.51e-20	1.48e-15	3.40e-12	1.88e-09	2.47e-07	1.10e-05	3.07e-04	3.23e-02	2.92e-01	6.75e-01
 5.14056e+22	5.12e-25	1.19e-19	1.79e-15	4.02e-12	2.17e-09	2.78e-07	1.20e-05	3.27e-04	3.36e-02	2.96e-01	6.70e-01
 5.15103e+22	7.29e-25	1.63e-19	2.36e-15	5.10e-12	2.66e-09	3.28e-07	1.37e-05	3.57e-04	3.54e-02	3.02e-01	6.62e-01
 5.16124e+22	9.27e-25	2.02e-19	2.85e-15	6.01e-12	3.06e-09	3.68e-07	1.49e-05	3.79e-04	3.67e-02	3.07e-01	6.56e-01
 5.17111e+22	1.31e-24	2.75e-19	3.75e-15	7.60e-12	3.74e-09	4.34e-07	1.69e-05	4.13e-04	3.87e-02	3.13e-01	6.48e-01
 5.18097e+22	1.67e-24	3.42e-19	4.54e-15	8.96e-12	4.30e-09	4.87e-07	1.85e-05	4.39e-04	4.01e-02	3.17e-01	6.42e-01
 5.19081e+22	2.39e-24	4.70e-19	6.00e-15	1.14e-11	5.28e-09	5.77e-07	2.10e-05	4.80e-04	4.23e-02	3.23e-01	6.34e-01
 5.20068e+22	3.08e-24	5.91e-19	7.33e-15	1.35e-11	6.12e-09	6.51e-07	2.30e-05	5.12e-04	4.40e-02	3.28e-01	6.28e-01
 5.21061e+22	4.44e-24	8.20e-19	9.76e-15	1.73e-11	7.55e-09	7.75e-07	2.63e-05	5.60e-04	4.64e-02	3.34e-01	6.19e-01
 5.22062e+22	5.77e-24	1.04e-18	1.20e-14	2.07e-11	8.78e-09	8.78e-07	2.89e-05	5.98e-04	4.82e-02	3.39e-01	6.12e-01
 5.23074e+22	8.27e-24	1.43e-18	1.59e-14	2.64e-11	1.08e-08	1.04e-06	3.30e-05	6.55e-04	5.09e-02	3.45e-01	6.03e-01
 5.24079e+22	1.09e-23	1.83e-18	1.97e-14	3.18e-11	1.26e-08	1.19e-06	3.64e-05	7.01e-04	5.30e-02	3.50e-01	5.96e-01
 5.25074e+22	1.55e-23	2.52e-18	2.61e-14	4.05e-11	1.56e-08	1.41e-06	4.15e-05	7.67e-04	5.59e-02	3.57e-01	5.87e-01
 5.26087e+22	2.07e-23	3.25e-18	3.26e-14	4.91e-11	1.84e-08	1.62e-06	4.61e-05	8.24e-04	5.83e-02	3.62e-01	5.79e-01
 5.27125e+22	3.01e-23	4.56e-18	4.38e-14	6.33e-11	2.28e-08	1.93e-06	5.30e-05	9.06e-04	6.16e-02	3.69e-01	5.69e-01
 5.28169e+22	4.01e-23	5.90e-18	5.50e-14	7.69e-11	2.69e-08	2.22e-06	5.89e-05	9.74e-04	6.43e-02	3.74e-01	5.61e-01
 5.29220e+22	5.86e-23	8.28e-18	7.40e-14	9.94e-11	3.36e-08	2.67e-06	6.78e-05	1.07e-03	6.80e-02	3.80e-01	5.50e-01
 5.30279e+22	7.81e-23	1.07e-17	9.28e-14	1.21e-10	3.97e-08	3.07e-06	7.55e-05	1.15e-03	7.10e-02	3.86e-01	5.42e-01
 5.31198e+22	1.04e-22	1.38e-17	1.16e-13	1.46e-10	4.68e-08	3.52e-06	8.40e-05	1.24e-03	7.41e-02	3.91e-01	5.34e-01
 5.32243e+22	1.50e-22	1.93e-17	1.55e-13	1.88e-10	5.81e-08	4.22e-06	9.66e-05	1.36e-03	7.83e-02	3.97e-01	5.23e-01
 5.33277e+22	1.95e-22	2.43e-17	1.90e-13	2.25e-10	6.76e-08	4.79e-06	1.07e-04	1.46e-03	8.14e-02	4.02e-01	5.15e-01
 5.34296e+22	2.76e-22	3.33e-17	2.51e-13	2.85e-10	8.30e-08	5.69e-06	1.22e-04	1.60e-03	8.57e-02	4.08e-01	5.04e-01
 5.35336e+22	3.59e-22	4.22e-17	3.09e-13	3.41e-10	9.69e-08	6.48e-06	1.35e-04	1.71e-03	8.92e-02	4.13e-01	4.96e-01
 5.36403e+22	5.08e-22	5.76e-17	4.06e-13	4.32e-10	1.19e-07	7.69e-06	1.54e-04	1.87e-03	9.39e-02	4.19e-01	4.85e-01
 5.37497e+22	6.64e-22	7.34e-17	5.03e-13	5.19e-10	1.39e-07	8.80e-06	1.71e-04	2.01e-03	9.78e-02	4.23e-01	4.77e-01
 5.38624e+22	9.43e-22	1.01e-16	6.64e-13	6.61e-10	1.72e-07	1.05e-05	1.96e-04	2.21e-03	1.03e-01	4.29e-01	4.65e-01
 5.39776e+22	1.23e-21	1.28e-16	8.22e-13	7.94e-10	2.01e-07	1.20e-05	2.17e-04	2.37e-03	1.07e-01	4.34e-01	4.57e-01
 5.40961e+22	1.74e-21	1.75e-16	1.08e-12	1.01e-09	2.48e-07	1.43e-05	2.49e-04	2.60e-03	1.13e-01	4.39e-01	4.45e-01
 5.42167e+22	2.28e-21	2.23e-16	1.34e-12	1.21e-09	2.91e-07	1.63e-05	2.77e-04	2.79e-03	1.18e-01	4.43e-01	4.36e-01
 5.43402e+22	3.20e-21	3.04e-16	1.76e-12	1.54e-09	3.57e-07	1.94e-05	3.17e-04	3.06e-03	1.24e-01	4.49e-01	4.24e-01
 5.44645e+22	4.14e-21	3.83e-16	2.16e-12	1.84e-09	4.17e-07	2.22e-05	3.51e-04	3.28e-03	1.29e-01	4.52e-01	4.15e-01
 5.45897e+22	5.76e-21	5.16e-16	2.82e-12	2.31e-09	5.09e-07	2.63e-05	4.01e-04	3.59e-03	1.35e-01	4.57e-01	4.04e-01
 5.47110e+22	7.18e-21	6.30e-16	3.36e-12	2.70e-09	5.82e-07	2.94e-05	4.38e-04	3.81e-03	1.40e-01	4.60e-01	3.96e-01
 5.48272e+22	9.62e-21	8.21e-16	4.25e-12	3.30e-09	6.95e-07	3.42e-05	4.93e-04	4.13e-03	1.46e-01	4.64e-01	3.85e-01
 5.49464e+22	1.21e-20	1.01e-15	5.10e-12	3.87e-09	7.98e-07	3.84e-05	5.40e-04	4.39e-03	1.51e-01	4.67e-01	3.77e-01
 5.50695e+22	1.63e-20	1.32e-15	6.49e-12	4.77e-09	9.58e-07	4.48e-05	6.10e-04	4.77e-03	1.58e-01	4.70e-01	3.67e-01
 5.51942e+22	2.02e-20	1.61e-15	7.74e-12	5.56e-09	1.09e-06	5.01e-05	6.66e-04	5.07e-03	1.63e-01	4.72e-01	3.59e-01
 5.53208e+22	2.70e-20	2.09e-15	9.75e-12	6.81e-09	1.30e-06	5.82e-05	7.49e-04	5.48e-03	1.70e-01	4.75e-01	3.48e-01
 5.54464e+22	3.33e-20	2.54e-15	1.16e-11	7.90e-09	1.49e-06	6.50e-05	8.16e-04	5.81e-03	1.76e-01	4.77e-01	3.41e-01
 5.55707e+22	4.39e-20	3.26e-15	1.45e-11	9.61e-09	1.76e-06	7.51e-05	9.15e-04	6.27e-03	1.83e-01	4.80e-01	3.30e-01
 5.56963e+22	5.38e-20	3.92e-15	1.71e-11	1.11e-08	2.00e-06	8.34e-05	9.93e-04	6.63e-03	1.88e-01	4.81e-01	3.23e-01
 5.58234e+22	7.04e-20	5.01e-15	2.13e-11	1.34e-08	2.36e-06	9.61e-05	1.11e-03	7.15e-03	1.96e-01	4.83e-01	3.13e-01
 5.59530e+22	8.64e-20	6.03e-15	2.51e-11	1.55e-08	2.68e-06	1.07e-04	1.21e-03	7.56e-03	2.02e-01	4.84e-01	3.06e-01
 5.60858e+22	1.13e-19	7.72e-15	3.13e-11	1.88e-08	3.17e-06	1.23e-04	1.35e-03	8.15e-03	2.10e-01	4.85e-01	2.96e-01
 5.62210e+22	1.39e-19	9.30e-15	3.69e-11	2.17e-08	3.59e-06	1.37e-04	1.47e-03	8.62e-03	2.16e-01	4.86e-01	2.88e-01
 5.63593e+22	1.82e-19	1.19e-14	4.61e-11	2.63e-08	4.25e-06	1.58e-04	1.64e-03	9.29e-03	2.24e-01	4.87e-01	2.78e-01
 5.65002e+22	2.24e-19	1.44e-14	5.45e-11	3.05e-08	4.83e-06	1.76e-04	1.78e-03	9.83e-03	2.30e-01	4.87e-01	2.71e-01
 5.66445e+22	2.93e-19	1.84e-14	6.80e-11	3.70e-08	5.72e-06	2.03e-04	2.00e-03	1.06e-02	2.39e-01	4.87e-01	2.61e-01
 5.67855e+22	3.53e-19	2.17e-14	7.89e-11	4.21e-08	6.40e-06	2.23e-04	2.15e-03	1.11e-02	2.45e-01	4.87e-01	2.55e-01
 5.69222e+22	4.54e-19	2.74e-14	9.71e-11	5.05e-08	7.50e-06	2.55e-04	2.39e-03	1.19e-02	2.54e-01	4.86e-01	2.46e-01
 5.70611e+22	5.46e-19	3.24e-14	1.13e-10	5.75e-08	8.40e-06	2.81e-04	2.57e-03	1.25e-02	2.60e-01	4.85e-01	2.39e-01
 5.72028e+22	6.98e-19	4.06e-14	1.38e-10	6.86e-08	9.79e-06	3.19e-04	2.84e-03	1.34e-02	2.69e-01	4.84e-01	2.31e-01
 5.73489e+22	8.53e-19	4.87e-14	1.63e-10	7.91e-08	1.11e-05	3.54e-04	3.08e-03	1.41e-02	2.76e-01	4.83e-01	2.24e-01
 5.75007e+22	1.09e-18	6.12e-14	1.99e-10	9.45e-08	1.29e-05	4.03e-04	3.41e-03	1.51e-02	2.84e-01	4.81e-01	2.15e-01
 5.76575e+22	1.35e-18	7.41e-14	2.37e-10	1.10e-07	1.47e-05	4.50e-04	3.71e-03	1.60e-02	2.92e-01	4.80e-01	2.08e-01
 5.78207e+22	1.75e-18	9.39e-14	2.93e-10	1.32e-07	1.73e-05	5.14e-04	4.11e-03	1.71e-02	3.01e-01	4.77e-01	2.00e-01
 5.79884e+22	2.17e-18	1.14e-13	3.49e-10	1.54e-07	1.98e-05	5.75e-04	4.48e-03	1.81e-02	3.09e-01	4.75e-01	1.93e-01
 5.81618e+22	2.84e-18	1.46e-13	4.35e-10	1.86e-07	2.33e-05	6.60e-04	4.98e-03	1.94e-02	3.19e-01	4.71e-01	1.84e-01
 5.83410e+22	3.56e-18	1.80e-13	5.23e-10	2.19e-07	2.68e-05	7.40e-04	5.45e-03	2.05e-02	3.28e-01	4.68e-01	1.77e-01
 5.85276e+22	4.71e-18	2.32e-13	6.57e-10	2.67e-07	3.17e-05	8.53e-04	6.08e-03	2.20e-02	3.38e-01	4.64e-01	1.69e-01
 5.87194e+22	5.95e-18	2.87e-13	7.95e-10	3.15e-07	3.66e-05	9.61e-04	6.66e-03	2.34e-02	3.47e-01	4.60e-01	1.62e-01
 5.88917e+22	7.44e-18	3.52e-13	9.54e-10	3.69e-07	4.20e-05	1.08e-03	7.25e-03	2.47e-02	3.55e-01	4.56e-01	1.55e-01
 5.90898e+22	9.98e-18	4.60e-13	1.21e-09	4.55e-07	5.03e-05	1.25e-03	8.14e-03	2.66e-02	3.67e-01	4.50e-01	1.47e-01
 5.92890e+22	1.25e-17	5.64e-13	1.46e-09	5.32e-07	5.75e-05	1.40e-03	8.85e-03	2.81e-02	3.75e-01	4.46e-01	1.41e-01
 5.94898e+22	1.66e-17	7.34e-13	1.84e-09	6.54e-07	6.87e-05	1.62e-03	9.90e-03	3.02e-02	3.86e-01	4.39e-01	1.33e-01
 5.96948e+22	2.10e-17	9.07e-13	2.23e-09	7.71e-07	7.92e-05	1.82e-03	1.08e-02	3.19e-02	3.95e-01	4.34e-01	1.27e-01
 5.99054e+22	2.81e-17	1.19e-12	2.84e-09	9.51e-07	9.48e-05	2.11e-03	1.21e-02	3.43e-02	4.06e-01	4.26e-01	1.19e-01
 6.01194e+22	3.56e-17	1.47e-12	3.44e-09	1.13e-06	1.10e-04	2.38e-03	1.33e-02	3.63e-02	4.15e-01	4.20e-01	1.13e-01
 6.03376e+22	4.80e-17	1.94e-12	4.41e-09	1.40e-06	1.32e-04	2.78e-03	1.49e-02	3.91e-02	4.27e-01	4.11e-01	1.05e-01
 6.05568e+22	6.03e-17	2.39e-12	5.33e-09	1.65e-06	1.52e-04	3.13e-03	1.63e-02	4.13e-02	4.35e-01	4.04e-01	9.98e-02
 6.07387e+22	7.39e-17	2.89e-12	6.31e-09	1.91e-06	1.73e-04	3.48e-03	1.77e-02	4.34e-02	4.43e-01	3.97e-01	9.49e-02
 6.09367e+22	9.57e-17	3.67e-12	7.85e-09	2.31e-06	2.04e-04	4.00e-03	1.97e-02	4.64e-02	4.53e-01	3.88e-01	8.86e-02
 6.11338e+22	1.16e-16	4.39e-12	9.24e-09	2.66e-06	2.31e-04	4.43e-03	2.12e-02	4.87e-02	4.60e-01	3.81e-01	8.42e-02
 6.13300e+22	1.49e-16	5.53e-12	1.14e-08	3.20e-06	2.72e-04	5.07e-03	2.36e-02	5.19e-02	4.69e-01	3.72e-01	7.84e-02
 6.15287e+22	1.81e-16	6.62e-12	1.34e-08	3.69e-06	3.08e-04	5.63e-03	2.55e-02	5.44e-02	4.76e-01	3.64e-01	7.41e-02
 6.17307e+22	2.30e-16	8.32e-12	1.66e-08	4.45e-06	3.63e-04	6.46e-03	2.83e-02	5.81e-02	4.85e-01	3.53e-01	6.86e-02
 6.19352e+22	2.78e-16	9.95e-12	1.95e-08	5.13e-06	4.11e-04	7.17e-03	3.06e-02	6.09e-02	4.91e-01	3.45e-01	6.46e-02
 6.21430e+22	3.52e-16	1.24e-11	2.40e-08	6.17e-06	4.84e-04	8.24e-03	3.40e-02	6.50e-02	5.00e-01	3.33e-01	5.94e-02
 6.23547e+22	4.24e-16	1.48e-11	2.83e-08	7.13e-06	5.51e-04	9.19e-03	3.70e-02	6.83e-02	5.06e-01	3.24e-01	5.55e-02
 6.25717e+22	5.32e-16	1.85e-11	3.48e-08	8.58e-06	6.50e-04	1.06e-02	4.11e-02	7.29e-02	5.13e-01	3.11e-01	5.06e-02
 6.27930e+22	6.34e-16	2.19e-11	4.09e-08	9.92e-06	7.40e-04	1.18e-02	4.47e-02	7.67e-02	5.18e-01	3.01e-01	4.69e-02
 6.30199e+22	7.86e-16	2.71e-11	5.01e-08	1.19e-05	8.74e-04	1.36e-02	4.99e-02	8.19e-02	5.24e-01	2.88e-01	4.23e-02
 6.32488e+22	9.22e-16	3.18e-11	5.85e-08	1.37e-05	9.93e-04	1.52e-02	5.42e-02	8.61e-02	5.28e-01	2.77e-01	3.89e-02
 6.34411e+22	1.06e-15	3.66e-11	6.71e-08	1.55e-05	1.11e-03	1.68e-02	5.84e-02	9.01e-02	5.30e-01	2.67e-01	3.60e-02
 6.36496e+22	1.24e-15	4.32e-11	7.92e-08	1.81e-05	1.28e-03	1.90e-02	6.41e-02	9.53e-02	5.33e-01	2.54e-01	3.26e-02
 6.38597e+22	1.40e-15	4.90e-11	9.00e-08	2.04e-05	1.43e-03	2.09e-02	6.90e-02	9.95e-02	5.35e-01	2.44e-01	3.00e-02
 6.40652e+22	1.59e-15	5.65e-11	1.04e-07	2.34e-05	1.63e-03	2.35e-02	7.51e-02	1.05e-01	5.36e-01	2.32e-01	2.71e-02
 6.42749e+22	1.77e-15	6.36e-11	1.18e-07	2.63e-05	1.83e-03	2.58e-02	8.07e-02	1.09e-01	5.36e-01	2.22e-01	2.47e-02
 6.44803e+22	1.96e-15	7.16e-11	1.34e-07	2.98e-05	2.06e-03	2.87e-02	8.73e-02	1.15e-01	5.35e-01	2.11e-01	2.23e-02
 6.46901e+22	2.13e-15	7.97e-11	1.51e-07	3.34e-05	2.30e-03	3.16e-02	9.37e-02	1.19e-01	5.33e-01	2.00e-01	2.02e-02
 6.48974e+22	2.31e-15	8.82e-11	1.69e-07	3.75e-05	2.56e-03	3.48e-02	1.01e-01	1.25e-01	5.30e-01	1.89e-01	1.82e-02
 6.51059e+22	2.46e-15	9.67e-11	1.89e-07	4.18e-05	2.85e-03	3.81e-02	1.08e-01	1.30e-01	5.26e-01	1.79e-01	1.64e-02
 6.53119e+22	2.61e-15	1.05e-10	2.10e-07	4.64e-05	3.16e-03	4.17e-02	1.15e-01	1.35e-01	5.22e-01	1.69e-01	1.47e-02
 6.55174e+22	2.74e-15	1.14e-10	2.32e-07	5.15e-05	3.50e-03	4.55e-02	1.22e-01	1.40e-01	5.17e-01	1.59e-01	1.33e-02
 6.57234e+22	2.85e-15	1.23e-10	2.56e-07	5.70e-05	3.86e-03	4.96e-02	1.30e-01	1.45e-01	5.10e-01	1.50e-01	1.19e-02
 6.59300e+22	2.95e-15	1.32e-10	2.81e-07	6.30e-05	4.26e-03	5.39e-02	1.37e-01	1.49e-01	5.04e-01	1.41e-01	1.06e-02
 6.61379e+22	3.04e-15	1.42e-10	3.09e-07	6.96e-05	4.70e-03	5.84e-02	1.45e-01	1.54e-01	4.96e-01	1.32e-01	9.51e-03
 6.63476e+22	3.12e-15	1.52e-10	3.40e-07	7.70e-05	5.18e-03	6.33e-02	1.53e-01	1.59e-01	4.88e-01	1.24e-01	8.48e-03
 6.65596e+22	3.19e-15	1.62e-10	3.74e-07	8.52e-05	5.71e-03	6.86e-02	1.61e-01	1.63e-01	4.78e-01	1.15e-01	7.54e-03
 6.67728e+22	3.26e-15	1.73e-10	4.12e-07	9.43e-05	6.28e-03	7.40e-02	1.69e-01	1.68e-01	4.69e-01	1.08e-01	6.70e-03
 6.69894e+22	3.33e-15	1.85e-10	4.55e-07	1.05e-04	6.94e-03	8.00e-02	1.77e-01	1.72e-01	4.58e-01	1.00e-01	5.92e-03
 6.72084e+22	3.40e-15	1.99e-10	5.03e-07	1.16e-04	7.64e-03	8.62e-02	1.85e-01	1.76e-01	4.47e-01	9.29e-02	5.24e-03
 6.74316e+22	3.48e-15	2.14e-10	5.60e-07	1.30e-04	8.46e-03	9.31e-02	1.93e-01	1.80e-01	4.35e-01	8.58e-02	4.60e-03
 6.76589e+22	3.57e-15	2.31e-10	6.24e-07	1.46e-04	9.34e-03	1.00e-01	2.02e-01	1.83e-01	4.22e-01	7.93e-02	4.04e-03
 6.78674e+22	3.65e-15	2.47e-10	6.86e-07	1.60e-04	1.02e-02	1.07e-01	2.08e-01	1.86e-01	4.11e-01	7.41e-02	3.62e-03
 6.80851e+22	3.76e-15	2.70e-10	7.74e-07	1.81e-04	1.13e-02	1.15e-01	2.16e-01	1.89e-01	3.97e-01	6.77e-02	3.14e-03
 6.83059e+22	3.90e-15	2.92e-10	8.58e-07	2.01e-04	1.23e-02	1.22e-01	2.23e-01	1.91e-01	3.86e-01	6.30e-02	2.80e-03
 6.85325e+22	4.09e-15	3.24e-10	9.83e-07	2.30e-04	1.38e-02	1.32e-01	2.31e-01	1.93e-01	3.70e-01	5.73e-02	2.41e-03
 6.87596e+22	4.27e-15	3.53e-10	1.09e-06	2.55e-04	1.50e-02	1.40e-01	2.37e-01	1.94e-01	3.59e-01	5.31e-02	2.14e-03
 6.89873e+22	4.52e-15	3.95e-10	1.26e-06	2.92e-04	1.67e-02	1.50e-01	2.44e-01	1.96e-01	3.43e-01	4.81e-02	1.83e-03
 6.92160e+22	4.79e-15	4.35e-10	1.42e-06	3.25e-04	1.82e-02	1.58e-01	2.50e-01	1.96e-01	3.31e-01	4.45e-02	1.63e-03
 6.94460e+22	5.17e-15	4.93e-10	1.65e-06	3.74e-04	2.03e-02	1.70e-01	2.57e-01	1.97e-01	3.15e-01	4.01e-02	1.39e-03
 6.96785e+22	5.56e-15	5.49e-10	1.86e-06	4.18e-04	2.21e-02	1.79e-01	2.61e-01	1.96e-01	3.02e-01	3.69e-02	1.23e-03
 6.99143e+22	6.12e-15	6.33e-10	2.19e-06	4.84e-04	2.46e-02	1.92e-01	2.67e-01	1.96e-01	2.86e-01	3.31e-02	1.04e-03
 7.01534e+22	6.69e-15	7.14e-10	2.49e-06	5.43e-04	2.68e-02	2.02e-01	2.71e-01	1.95e-01	2.74e-01	3.03e-02	9.14e-04
 7.03968e+22	7.54e-15	8.37e-10	2.96e-06	6.31e-04	3.00e-02	2.15e-01	2.76e-01	1.93e-01	2.58e-01	2.69e-02	7.69e-04
 7.06448e+22	8.42e-15	9.58e-10	3.40e-06	7.12e-04	3.27e-02	2.26e-01	2.79e-01	1.91e-01	2.45e-01	2.45e-02	6.70e-04
 7.08988e+22	9.76e-15	1.15e-09	4.09e-06	8.32e-04	3.65e-02	2.41e-01	2.83e-01	1.88e-01	2.29e-01	2.16e-02	5.58e-04
 7.11588e+22	1.12e-14	1.33e-09	4.75e-06	9.43e-04	3.99e-02	2.53e-01	2.85e-01	1.85e-01	2.16e-01	1.95e-02	4.81e-04
 7.14266e+22	1.33e-14	1.63e-09	5.78e-06	1.11e-03	4.46e-02	2.69e-01	2.87e-01	1.81e-01	2.00e-01	1.70e-02	3.95e-04
 7.16987e+22	1.56e-14	1.92e-09	6.76e-06	1.26e-03	4.87e-02	2.81e-01	2.88e-01	1.77e-01	1.88e-01	1.52e-02	3.38e-04
 7.19280e+22	1.81e-14	2.23e-09	7.79e-06	1.41e-03	5.26e-02	2.93e-01	2.89e-01	1.73e-01	1.77e-01	1.38e-02	2.93e-04
 7.21778e+22	2.20e-14	2.72e-09	9.37e-06	1.64e-03	5.80e-02	3.08e-01	2.89e-01	1.68e-01	1.64e-01	1.21e-02	2.43e-04
 7.24197e+22	2.54e-14	3.15e-09	1.07e-05	1.82e-03	6.21e-02	3.18e-01	2.88e-01	1.64e-01	1.55e-01	1.10e-02	2.13e-04
 7.26511e+22	3.09e-14	3.81e-09	1.27e-05	2.08e-03	6.78e-02	3.32e-01	2.87e-01	1.59e-01	1.43e-01	9.65e-03	1.78e-04
 7.28851e+22	3.63e-14	4.43e-09	1.45e-05	2.30e-03	7.24e-02	3.42e-01	2.85e-01	1.54e-01	1.35e-01	8.75e-03	1.55e-04
 7.31224e+22	4.48e-14	5.40e-09	1.73e-05	2.63e-03	7.89e-02	3.55e-01	2.83e-01	1.48e-01	1.24e-01	7.66e-03	1.29e-04
 7.33633e+22	5.33e-14	6.33e-09	1.98e-05	2.91e-03	8.42e-02	3.66e-01	2.80e-01	1.44e-01	1.17e-01	6.90e-03	1.12e-04
 7.36090e+22	6.70e-14	7.80e-09	2.36e-05	3.33e-03	9.17e-02	3.79e-01	2.76e-01	1.37e-01	1.07e-01	5.98e-03	9.21e-05
 7.38579e+22	8.06e-14	9.18e-09	2.71e-05	3.69e-03	9.76e-02	3.89e-01	2.73e-01	1.32e-01	9.94e-02	5.36e-03	7.94e-05
 7.41112e+22	1.03e-13	1.14e-08	3.25e-05	4.23e-03	1.06e-01	4.01e-01	2.68e-01	1.26e-01	9.03e-02	4.61e-03	6.47e-05
 7.43694e+22	1.25e-13	1.35e-08	3.75e-05	4.68e-03	1.13e-01	4.10e-01	2.63e-01	1.21e-01	8.37e-02	4.10e-03	5.53e-05
 7.46338e+22	1.63e-13	1.70e-08	4.52e-05	5.36e-03	1.22e-01	4.22e-01	2.57e-01	1.14e-01	7.54e-02	3.50e-03	4.46e-05
 7.49042e+22	2.01e-13	2.03e-08	5.23e-05	5.96e-03	1.30e-01	4.31e-01	2.52e-01	1.09e-01	6.94e-02	3.08e-03	3.76e-05
 7.51823e+22	2.66e-13	2.58e-08	6.33e-05	6.83e-03	1.41e-01	4.42e-01	2.44e-01	1.02e-01	6.20e-02	2.60e-03	3.00e-05
 7.54674e+22	3.33e-13	3.12e-08	7.36e-05	7.60e-03	1.50e-01	4.49e-01	2.38e-01	9.62e-02	5.66e-02	2.27e-03	2.50e-05
 7.57617e+22	4.48e-13	3.99e-08	8.96e-05	8.73e-03	1.62e-01	4.59e-01	2.29e-01	8.93e-02	5.01e-02	1.89e-03	1.96e-05
 7.60586e+22	5.63e-13	4.82e-08	1.04e-04	9.68e-03	1.72e-01	4.65e-01	2.22e-01	8.41e-02	4.55e-02	1.64e-03	1.63e-05
 7.63591e+22	7.65e-13	6.21e-08	1.27e-04	1.11e-02	1.85e-01	4.72e-01	2.13e-01	7.75e-02	3.99e-02	1.35e-03	1.26e-05
 7.66627e+22	9.62e-13	7.49e-08	1.47e-04	1.23e-02	1.95e-01	4.77e-01	2.06e-01	7.27e-02	3.62e-02	1.17e-03	1.04e-05
 7.69704e+22	1.32e-12	9.67e-08	1.79e-04	1.40e-02	2.10e-01	4.82e-01	1.95e-01	6.66e-02	3.15e-02	9.57e-04	8.01e-06
 7.72700e+22	1.63e-12	1.15e-07	2.05e-04	1.54e-02	2.20e-01	4.84e-01	1.88e-01	6.24e-02	2.86e-02	8.31e-04	6.66e-06
 7.75590e+22	2.17e-12	1.45e-07	2.44e-04	1.73e-02	2.34e-01	4.86e-01	1.79e-01	5.74e-02	2.51e-02	6.91e-04	5.24e-06
 7.78637e+22	2.78e-12	1.77e-07	2.84e-04	1.91e-02	2.46e-01	4.87e-01	1.71e-01	5.31e-02	2.24e-02	5.85e-04	4.22e-06
 7.81215e+22	3.40e-12	2.08e-07	3.21e-04	2.08e-02	2.56e-01	4.88e-01	1.65e-01	4.98e-02	2.04e-02	5.11e-04	3.54e-06
 7.83894e+22	4.38e-12	2.55e-07	3.74e-04	2.29e-02	2.69e-01	4.87e-01	1.57e-01	4.59e-02	1.80e-02	4.30e-04	2.83e-06
 7.86665e+22	5.45e-12	3.04e-07	4.27e-04	2.50e-02	2.80e-01	4.86e-01	1.50e-01	4.27e-02	1.62e-02	3.70e-04	2.33e-06
 7.89163e+22	6.72e-12	3.59e-07	4.84e-04	2.71e-02	2.91e-01	4.84e-01	1.43e-01	3.98e-02	1.46e-02	3.20e-04	1.93e-06
 7.92018e+22	8.73e-12	4.42e-07	5.66e-04	3.00e-02	3.04e-01	4.81e-01	1.35e-01	3.64e-02	1.28e-02	2.66e-04	1.52e-06
 7.94974e+22	1.11e-11	5.33e-07	6.51e-04	3.28e-02	3.17e-01	4.77e-01	1.28e-01	3.35e-02	1.14e-02	2.24e-04	1.22e-06
 7.97604e+22	1.37e-11	6.31e-07	7.37e-04	3.55e-02	3.28e-01	4.73e-01	1.21e-01	3.10e-02	1.02e-02	1.92e-04	1.00e-06
 8.00565e+22	1.78e-11	7.79e-07	8.61e-04	3.91e-02	3.42e-01	4.67e-01	1.14e-01	2.81e-02	8.88e-03	1.58e-04	7.83e-07
 8.03665e+22	2.28e-11	9.45e-07	9.93e-04	4.28e-02	3.55e-01	4.61e-01	1.07e-01	2.57e-02	7.80e-03	1.32e-04	6.20e-07
 8.06469e+22	2.85e-11	1.12e-06	1.13e-03	4.63e-02	3.67e-01	4.54e-01	1.01e-01	2.36e-02	6.92e-03	1.12e-04	5.01e-07
 8.09637e+22	3.76e-11	1.40e-06	1.32e-03	5.11e-02	3.81e-01	4.46e-01	9.35e-02	2.12e-02	5.94e-03	9.05e-05	3.83e-07
 8.12903e+22	4.83e-11	1.70e-06	1.53e-03	5.57e-02	3.94e-01	4.37e-01	8.71e-02	1.92e-02	5.17e-03	7.46e-05	2.99e-07
 8.15808e+22	6.05e-11	2.03e-06	1.74e-03	6.02e-02	4.05e-01	4.29e-01	8.16e-02	1.75e-02	4.55e-03	6.26e-05	2.39e-07
 8.19097e+22	8.02e-11	2.53e-06	2.04e-03	6.63e-02	4.19e-01	4.18e-01	7.50e-02	1.56e-02	3.86e-03	5.00e-05	1.80e-07
 8.22511e+22	1.04e-10	3.09e-06	2.35e-03	7.22e-02	4.32e-01	4.07e-01	6.93e-02	1.40e-02	3.33e-03	4.07e-05	1.38e-07
 8.25576e+22	1.31e-10	3.70e-06	2.68e-03	7.79e-02	4.43e-01	3.97e-01	6.44e-02	1.27e-02	2.90e-03	3.37e-05	0.00e+00
 8.29051e+22	1.75e-10	4.64e-06	3.15e-03	8.57e-02	4.56e-01	3.83e-01	5.86e-02	1.11e-02	2.43e-03	2.65e-05	0.00e+00
 8.32660e+22	2.28e-10	5.68e-06	3.65e-03	9.31e-02	4.67e-01	3.71e-01	5.36e-02	9.92e-03	2.07e-03	2.12e-05	0.00e+00
 8.35893e+22	2.90e-10	6.85e-06	4.16e-03	1.00e-01	4.77e-01	3.59e-01	4.93e-02	8.89e-03	1.78e-03	1.73e-05	0.00e+00
 8.39546e+22	3.94e-10	8.67e-06	4.92e-03	1.10e-01	4.88e-01	3.43e-01	4.42e-02	7.72e-03	1.46e-03	1.33e-05	0.00e+00
 8.43275e+22	5.09e-10	1.06e-05	5.65e-03	1.19e-01	4.97e-01	3.30e-01	4.02e-02	6.84e-03	1.24e-03	1.06e-05	0.00e+00
 8.47102e+22	6.97e-10	1.34e-05	6.70e-03	1.31e-01	5.07e-01	3.13e-01	3.57e-02	5.88e-03	1.01e-03	8.00e-06	0.00e+00
 8.50965e+22	9.01e-10	1.63e-05	7.69e-03	1.41e-01	5.14e-01	2.99e-01	3.22e-02	5.19e-03	8.46e-04	6.33e-06	0.00e+00
 8.54877e+22	1.24e-09	2.09e-05	9.12e-03	1.54e-01	5.22e-01	2.81e-01	2.83e-02	4.42e-03	6.79e-04	4.71e-06	0.00e+00
 8.58823e+22	1.60e-09	2.53e-05	1.04e-02	1.66e-01	5.27e-01	2.68e-01	2.55e-02	3.88e-03	5.68e-04	3.71e-06	0.00e+00
 8.62814e+22	2.21e-09	3.23e-05	1.23e-02	1.81e-01	5.31e-01	2.50e-01	2.22e-02	3.28e-03	4.51e-04	2.72e-06	0.00e+00
 8.66851e+22	2.85e-09	3.92e-05	1.41e-02	1.93e-01	5.33e-01	2.36e-01	1.98e-02	2.87e-03	3.75e-04	2.13e-06	0.00e+00
 8.70948e+22	3.96e-09	5.02e-05	1.67e-02	2.10e-01	5.35e-01	2.19e-01	1.71e-02	2.40e-03	2.94e-04	1.54e-06	0.00e+00
 8.75094e+22	5.11e-09	6.08e-05	1.90e-02	2.24e-01	5.34e-01	2.05e-01	1.51e-02	2.08e-03	2.42e-04	1.19e-06	0.00e+00
 8.79303e+22	7.10e-09	7.78e-05	2.25e-02	2.42e-01	5.32e-01	1.88e-01	1.29e-02	1.73e-03	1.87e-04	8.46e-07	0.00e+00
 8.83423e+22	9.01e-09	9.31e-05	2.53e-02	2.56e-01	5.29e-01	1.76e-01	1.15e-02	1.50e-03	1.55e-04	6.58e-07	0.00e+00
 8.87428e+22	1.23e-08	1.17e-04	2.95e-02	2.75e-01	5.23e-01	1.61e-01	9.78e-03	1.25e-03	1.21e-04	4.73e-07	0.00e+00
 8.91301e+22	1.52e-08	1.37e-04	3.29e-02	2.88e-01	5.18e-01	1.51e-01	8.74e-03	1.10e-03	1.01e-04	3.74e-07	0.00e+00
 8.95001e+22	2.00e-08	1.68e-04	3.76e-02	3.05e-01	5.10e-01	1.39e-01	7.54e-03	9.26e-04	8.02e-05	2.76e-07	0.00e+00
 8.98760e+22	2.50e-08	1.99e-04	4.19e-02	3.19e-01	5.03e-01	1.29e-01	6.66e-03	8.04e-04	6.62e-05	2.15e-07	0.00e+00
 9.02082e+22	3.10e-08	2.33e-04	4.65e-02	3.33e-01	4.94e-01	1.20e-01	5.89e-03	6.99e-04	5.48e-05	1.67e-07	0.00e+00
 9.05887e+22	4.08e-08	2.84e-04	5.29e-02	3.50e-01	4.82e-01	1.09e-01	5.03e-03	5.84e-04	4.29e-05	1.22e-07	0.00e+00
 9.09751e+22	5.10e-08	3.35e-04	5.88e-02	3.64e-01	4.71e-01	1.00e-01	4.40e-03	5.02e-04	3.50e-05	0.00e+00	0.00e+00
 9.13693e+22	6.72e-08	4.10e-04	6.70e-02	3.82e-01	4.57e-01	8.99e-02	3.71e-03	4.14e-04	2.70e-05	0.00e+00	0.00e+00
 9.17665e+22	8.39e-08	4.82e-04	7.42e-02	3.96e-01	4.44e-01	8.22e-02	3.23e-03	3.53e-04	2.18e-05	0.00e+00	0.00e+00
 9.21678e+22	1.11e-07	5.88e-04	8.42e-02	4.12e-01	4.27e-01	7.32e-02	2.70e-03	2.89e-04	1.67e-05	0.00e+00	0.00e+00
 9.24825e+22	1.25e-07	6.41e-04	8.88e-02	4.19e-01	4.19e-01	6.95e-02	2.50e-03	2.65e-04	1.48e-05	0.00e+00	0.00e+00
