#depth	C	C+	C+2	C+3	C+4	C+5	C+6	C[1]	C[2]	C[3]	C+[1]	C+[2]	CO
 4.62852e+21	0.00e+00	0.00e+00	8.09e-26	9.59e-19	1.24e-11	6.60e-06	1.00e+00	0.00e+00	0.00e+00	0.00e+00	0.00e+00	0.00e+00	1.79e-132
 1.05195e+22	0.00e+00	0.00e+00	3.46e-25	2.86e-18	2.56e-11	9.48e-06	1.00e+00	0.00e+00	0.00e+00	0.00e+00	0.00e+00	0.00e+00	2.10e-132
 1.26132e+22	0.00e+00	0.00e+00	8.97e-25	5.85e-18	4.12e-11	1.20e-05	1.00e+00	0.00e+00	0.00e+00	0.00e+00	0.00e+00	0.00e+00	5.18e-133
 1.41097e+22	0.00e+00	2.99e-32	1.92e-24	1.04e-17	6.03e-11	1.45e-05	1.00e+00	0.00e+00	0.00e+00	0.00e+00	0.00e+00	0.00e+00	1.29e-134
 1.50718e+22	0.00e+00	4.53e-32	2.67e-24	1.33e-17	7.12e-11	1.58e-05	1.00e+00	0.00e+00	0.00e+00	0.00e+00	0.00e+00	0.00e+00	1.53e-135
 1.57551e+22	0.00e+00	7.94e-32	4.19e-24	1.86e-17	8.91e-11	1.76e-05	1.00e+00	0.00e+00	0.00e+00	0.00e+00	0.00e+00	0.00e+00	1.67e-135
 1.64580e+22	0.00e+00	1.25e-31	6.02e-24	2.45e-17	1.07e-10	1.93e-05	1.00e+00	0.00e+00	0.00e+00	0.00e+00	0.00e+00	0.00e+00	1.99e-135
 1.71866e+22	0.00e+00	2.15e-31	9.25e-24	3.49e-17	1.35e-10	2.17e-05	1.00e+00	0.00e+00	0.00e+00	0.00e+00	0.00e+00	0.00e+00	2.52e-135
 1.79202e+22	0.00e+00	3.41e-31	1.34e-23	4.59e-17	1.62e-10	2.38e-05	1.00e+00	0.00e+00	0.00e+00	0.00e+00	0.00e+00	0.00e+00	2.60e-135
 1.86604e+22	0.00e+00	6.17e-31	2.15e-23	6.58e-17	2.06e-10	2.68e-05	1.00e+00	0.00e+00	0.00e+00	0.00e+00	0.00e+00	0.00e+00	3.30e-135
 1.94003e+22	0.00e+00	9.75e-31	3.11e-23	8.69e-17	2.48e-10	2.93e-05	1.00e+00	0.00e+00	0.00e+00	0.00e+00	0.00e+00	0.00e+00	4.09e-135
 2.01400e+22	0.00e+00	1.76e-30	5.00e-23	1.24e-16	3.15e-10	3.30e-05	1.00e+00	0.00e+00	0.00e+00	0.00e+00	0.00e+00	0.00e+00	5.07e-135
 2.08793e+22	0.00e+00	2.79e-30	7.22e-23	1.64e-16	3.78e-10	3.61e-05	1.00e+00	0.00e+00	0.00e+00	0.00e+00	0.00e+00	0.00e+00	5.44e-129
 2.14288e+22	0.00e+00	3.78e-30	9.21e-23	1.97e-16	4.27e-10	3.84e-05	1.00e+00	0.00e+00	0.00e+00	0.00e+00	0.00e+00	0.00e+00	1.01e-127
 2.19539e+22	0.00e+00	5.73e-30	1.29e-22	2.54e-16	5.05e-10	4.17e-05	1.00e+00	0.00e+00	0.00e+00	0.00e+00	0.00e+00	0.00e+00	1.18e-127
 2.24906e+22	0.00e+00	8.13e-30	1.70e-22	3.14e-16	5.81e-10	4.47e-05	1.00e+00	0.00e+00	0.00e+00	0.00e+00	0.00e+00	0.00e+00	3.93e-127
 2.29631e+22	0.00e+00	1.13e-29	2.23e-22	3.84e-16	6.64e-10	4.77e-05	1.00e+00	0.00e+00	0.00e+00	0.00e+00	0.00e+00	0.00e+00	4.46e-127
 2.34979e+22	0.00e+00	1.72e-29	3.11e-22	4.94e-16	7.85e-10	5.18e-05	1.00e+00	0.00e+00	0.00e+00	0.00e+00	0.00e+00	0.00e+00	4.11e-126
 2.40422e+22	0.00e+00	2.44e-29	4.13e-22	6.12e-16	9.05e-10	5.56e-05	1.00e+00	0.00e+00	0.00e+00	0.00e+00	0.00e+00	0.00e+00	4.70e-126
 2.45172e+22	0.00e+00	3.40e-29	5.39e-22	7.49e-16	1.03e-09	5.93e-05	1.00e+00	0.00e+00	0.00e+00	0.00e+00	0.00e+00	0.00e+00	5.33e-126
 2.50530e+22	0.00e+00	5.16e-29	7.53e-22	9.65e-16	1.22e-09	6.44e-05	1.00e+00	0.00e+00	0.00e+00	0.00e+00	0.00e+00	0.00e+00	6.27e-126
 2.55986e+22	0.00e+00	7.34e-29	1.00e-21	1.20e-15	1.41e-09	6.91e-05	1.00e+00	0.00e+00	0.00e+00	0.00e+00	0.00e+00	0.00e+00	6.60e-124
 2.60768e+22	0.00e+00	1.03e-28	1.32e-21	1.47e-15	1.62e-09	7.39e-05	1.00e+00	0.00e+00	0.00e+00	0.00e+00	0.00e+00	0.00e+00	7.36e-124
 2.66184e+22	0.00e+00	1.56e-28	1.84e-21	1.90e-15	1.91e-09	8.02e-05	1.00e+00	0.00e+00	0.00e+00	0.00e+00	0.00e+00	0.00e+00	8.53e-124
 2.71734e+22	0.00e+00	2.24e-28	2.46e-21	2.36e-15	2.21e-09	8.62e-05	1.00e+00	0.00e+00	0.00e+00	0.00e+00	0.00e+00	0.00e+00	9.86e-124
 2.76585e+22	0.00e+00	3.13e-28	3.22e-21	2.90e-15	2.53e-09	9.20e-05	1.00e+00	0.00e+00	0.00e+00	0.00e+00	0.00e+00	0.00e+00	1.16e-123
 2.82016e+22	0.00e+00	4.89e-28	4.61e-21	3.81e-15	3.03e-09	1.01e-04	1.00e+00	0.00e+00	0.00e+00	0.00e+00	0.00e+00	0.00e+00	1.32e-123
 2.86914e+22	0.00e+00	6.31e-28	5.66e-21	4.45e-15	3.36e-09	1.06e-04	1.00e+00	0.00e+00	0.00e+00	0.00e+00	0.00e+00	0.00e+00	1.38e-123
 2.91118e+22	0.00e+00	8.62e-28	7.29e-21	5.40e-15	3.81e-09	1.12e-04	1.00e+00	0.00e+00	0.00e+00	0.00e+00	0.00e+00	0.00e+00	1.60e-123
 2.95670e+22	0.00e+00	1.17e-27	9.33e-21	6.52e-15	4.32e-09	1.19e-04	1.00e+00	0.00e+00	0.00e+00	0.00e+00	0.00e+00	0.00e+00	1.86e-120
 2.99802e+22	0.00e+00	1.56e-27	1.17e-20	7.76e-15	4.85e-09	1.26e-04	1.00e+00	0.00e+00	0.00e+00	0.00e+00	0.00e+00	0.00e+00	2.07e-120
 3.04302e+22	0.00e+00	2.22e-27	1.56e-20	9.66e-15	5.59e-09	1.35e-04	1.00e+00	0.00e+00	0.00e+00	0.00e+00	0.00e+00	0.00e+00	2.29e-120
 3.08864e+22	0.00e+00	2.95e-27	1.97e-20	1.15e-14	6.28e-09	1.43e-04	1.00e+00	0.00e+00	0.00e+00	0.00e+00	0.00e+00	0.00e+00	2.40e-120
 3.12868e+22	0.00e+00	3.90e-27	2.47e-20	1.37e-14	7.04e-09	1.51e-04	1.00e+00	0.00e+00	0.00e+00	0.00e+00	0.00e+00	0.00e+00	2.75e-120
 3.17434e+22	0.00e+00	5.57e-27	3.29e-20	1.71e-14	8.13e-09	1.62e-04	1.00e+00	0.00e+00	0.00e+00	0.00e+00	0.00e+00	0.00e+00	3.32e-120
 3.22067e+22	0.00e+00	7.45e-27	4.16e-20	2.04e-14	9.15e-09	1.72e-04	1.00e+00	0.00e+00	0.00e+00	0.00e+00	0.00e+00	0.00e+00	6.69e-117
 3.25728e+22	0.00e+00	9.48e-27	5.05e-20	2.36e-14	1.01e-08	1.80e-04	1.00e+00	0.00e+00	0.00e+00	0.00e+00	0.00e+00	0.00e+00	7.27e-97
 3.28938e+22	0.00e+00	1.19e-26	6.08e-20	2.72e-14	1.11e-08	1.89e-04	1.00e+00	0.00e+00	0.00e+00	0.00e+00	0.00e+00	0.00e+00	1.72e-96
 3.32618e+22	0.00e+00	1.57e-26	7.61e-20	3.23e-14	1.24e-08	1.99e-04	1.00e+00	0.00e+00	0.00e+00	0.00e+00	0.00e+00	0.00e+00	4.05e-96
 3.36496e+22	0.00e+00	2.03e-26	9.35e-20	3.78e-14	1.37e-08	2.09e-04	1.00e+00	0.00e+00	0.00e+00	0.00e+00	0.00e+00	0.00e+00	9.78e-96
 3.39952e+22	0.00e+00	2.57e-26	1.13e-19	4.37e-14	1.51e-08	2.19e-04	1.00e+00	0.00e+00	0.00e+00	0.00e+00	0.00e+00	0.00e+00	2.53e-95
 3.43765e+22	0.00e+00	3.41e-26	1.42e-19	5.22e-14	1.70e-08	2.32e-04	1.00e+00	0.00e+00	0.00e+00	0.00e+00	0.00e+00	0.00e+00	5.38e-95
 3.47736e+22	0.00e+00	4.43e-26	1.76e-19	6.13e-14	1.89e-08	2.44e-04	1.00e+00	0.00e+00	0.00e+00	0.00e+00	0.00e+00	0.00e+00	4.57e-95
 3.51217e+22	0.00e+00	5.64e-26	2.14e-19	7.11e-14	2.08e-08	2.56e-04	1.00e+00	0.00e+00	0.00e+00	0.00e+00	0.00e+00	0.00e+00	1.69e-94
 3.54531e+22	0.00e+00	7.12e-26	2.58e-19	8.21e-14	2.29e-08	2.68e-04	1.00e+00	0.00e+00	0.00e+00	0.00e+00	0.00e+00	0.00e+00	3.70e-94
 3.58325e+22	0.00e+00	9.49e-26	3.26e-19	9.82e-14	2.58e-08	2.83e-04	1.00e+00	0.00e+00	0.00e+00	0.00e+00	0.00e+00	0.00e+00	2.78e-94
 3.61950e+22	2.19e-34	1.18e-25	3.89e-19	1.12e-13	2.82e-08	2.96e-04	1.00e+00	0.00e+00	0.00e+00	0.00e+00	0.00e+00	0.00e+00	2.04e-93
 3.64807e+22	2.77e-34	1.44e-25	4.56e-19	1.27e-13	3.05e-08	3.07e-04	1.00e+00	0.00e+00	0.00e+00	0.00e+00	0.00e+00	0.00e+00	4.04e-93
 3.67976e+22	3.66e-34	1.82e-25	5.51e-19	1.47e-13	3.36e-08	3.22e-04	1.00e+00	0.00e+00	0.00e+00	0.00e+00	0.00e+00	0.00e+00	7.02e-93
 3.71382e+22	4.82e-34	2.29e-25	6.65e-19	1.70e-13	3.69e-08	3.37e-04	1.00e+00	0.00e+00	0.00e+00	0.00e+00	0.00e+00	0.00e+00	9.11e-93
 3.74466e+22	6.15e-34	2.81e-25	7.84e-19	1.93e-13	4.01e-08	3.51e-04	1.00e+00	0.00e+00	0.00e+00	0.00e+00	0.00e+00	0.00e+00	1.61e-92
 3.77843e+22	8.25e-34	3.60e-25	9.61e-19	2.25e-13	4.44e-08	3.68e-04	1.00e+00	0.00e+00	0.00e+00	0.00e+00	0.00e+00	0.00e+00	3.81e-92
 3.81331e+22	1.09e-33	4.53e-25	1.16e-18	2.59e-13	4.88e-08	3.85e-04	1.00e+00	0.00e+00	0.00e+00	0.00e+00	0.00e+00	0.00e+00	1.14e-91
 3.84333e+22	1.39e-33	5.56e-25	1.36e-18	2.94e-13	5.30e-08	4.01e-04	1.00e+00	0.00e+00	0.00e+00	0.00e+00	0.00e+00	0.00e+00	1.96e-91
 3.87604e+22	1.85e-33	7.09e-25	1.66e-18	3.42e-13	5.86e-08	4.21e-04	1.00e+00	0.00e+00	0.00e+00	0.00e+00	0.00e+00	0.00e+00	3.41e-91
 3.91003e+22	2.41e-33	8.86e-25	1.99e-18	3.93e-13	6.41e-08	4.39e-04	1.00e+00	0.00e+00	0.00e+00	0.00e+00	0.00e+00	0.00e+00	6.44e-91
 3.93791e+22	3.01e-33	1.07e-24	2.31e-18	4.40e-13	6.91e-08	4.56e-04	1.00e+00	0.00e+00	0.00e+00	0.00e+00	0.00e+00	0.00e+00	1.05e-90
 3.96253e+22	3.65e-33	1.25e-24	2.64e-18	4.87e-13	7.39e-08	4.71e-04	1.00e+00	0.00e+00	0.00e+00	0.00e+00	0.00e+00	0.00e+00	5.95e-91
 3.99070e+22	4.68e-33	1.54e-24	3.12e-18	5.55e-13	8.05e-08	4.90e-04	1.00e+00	0.00e+00	0.00e+00	0.00e+00	0.00e+00	0.00e+00	4.31e-90
 4.02086e+22	5.94e-33	1.89e-24	3.67e-18	6.28e-13	8.74e-08	5.10e-04	9.99e-01	0.00e+00	0.00e+00	0.00e+00	0.00e+00	0.00e+00	3.87e-90
 4.04839e+22	7.45e-33	2.28e-24	4.28e-18	7.06e-13	9.44e-08	5.29e-04	9.99e-01	0.00e+00	0.00e+00	0.00e+00	0.00e+00	0.00e+00	9.39e-90
 4.07437e+22	9.25e-33	2.73e-24	4.96e-18	7.90e-13	1.02e-07	5.49e-04	9.99e-01	0.00e+00	0.00e+00	0.00e+00	0.00e+00	0.00e+00	1.94e-89
 4.10357e+22	1.19e-32	3.39e-24	5.90e-18	9.03e-13	1.11e-07	5.72e-04	9.99e-01	0.00e+00	0.00e+00	0.00e+00	0.00e+00	0.00e+00	3.41e-89
 4.13434e+22	1.52e-32	4.15e-24	6.95e-18	1.02e-12	1.21e-07	5.96e-04	9.99e-01	0.00e+00	0.00e+00	0.00e+00	0.00e+00	0.00e+00	8.01e-89
 4.16140e+22	1.90e-32	5.00e-24	8.07e-18	1.15e-12	1.30e-07	6.18e-04	9.99e-01	0.00e+00	0.00e+00	0.00e+00	0.00e+00	0.00e+00	1.49e-88
 4.19084e+22	2.46e-32	6.21e-24	9.63e-18	1.31e-12	1.42e-07	6.45e-04	9.99e-01	0.00e+00	0.00e+00	0.00e+00	0.00e+00	0.00e+00	1.01e-88
 4.21986e+22	3.07e-32	7.48e-24	1.12e-17	1.47e-12	1.53e-07	6.69e-04	9.99e-01	0.00e+00	0.00e+00	0.00e+00	0.00e+00	0.00e+00	1.15e-88
 4.24323e+22	3.71e-32	8.77e-24	1.27e-17	1.62e-12	1.64e-07	6.91e-04	9.99e-01	0.00e+00	0.00e+00	0.00e+00	0.00e+00	0.00e+00	5.97e-88
 4.26850e+22	4.62e-32	1.05e-23	1.48e-17	1.82e-12	1.77e-07	7.16e-04	9.99e-01	0.00e+00	0.00e+00	0.00e+00	0.00e+00	0.00e+00	9.29e-88
 4.29601e+22	5.74e-32	1.26e-23	1.71e-17	2.04e-12	1.90e-07	7.42e-04	9.99e-01	0.00e+00	0.00e+00	0.00e+00	0.00e+00	0.00e+00	2.20e-87
 4.32179e+22	7.10e-32	1.51e-23	1.97e-17	2.28e-12	2.05e-07	7.69e-04	9.99e-01	0.00e+00	0.00e+00	0.00e+00	0.00e+00	0.00e+00	3.17e-87
 4.34665e+22	8.72e-32	1.79e-23	2.27e-17	2.53e-12	2.19e-07	7.96e-04	9.99e-01	0.00e+00	0.00e+00	0.00e+00	0.00e+00	0.00e+00	2.17e-87
 4.37085e+22	1.06e-31	2.12e-23	2.59e-17	2.80e-12	2.35e-07	8.22e-04	9.99e-01	0.00e+00	0.00e+00	0.00e+00	0.00e+00	0.00e+00	6.21e-87
 4.39819e+22	1.35e-31	2.58e-23	3.05e-17	3.17e-12	2.55e-07	8.55e-04	9.99e-01	0.00e+00	0.00e+00	0.00e+00	0.00e+00	0.00e+00	9.01e-87
 4.42670e+22	1.69e-31	3.12e-23	3.54e-17	3.56e-12	2.75e-07	8.88e-04	9.99e-01	0.00e+00	0.00e+00	0.00e+00	0.00e+00	0.00e+00	6.81e-87
 4.45134e+22	2.06e-31	3.69e-23	4.06e-17	3.95e-12	2.95e-07	9.18e-04	9.99e-01	0.00e+00	0.00e+00	0.00e+00	0.00e+00	0.00e+00	4.23e-86
 4.47800e+22	2.61e-31	4.49e-23	4.76e-17	4.46e-12	3.20e-07	9.55e-04	9.99e-01	0.00e+00	0.00e+00	0.00e+00	0.00e+00	0.00e+00	3.55e-86
 4.50493e+22	3.21e-31	5.35e-23	5.47e-17	4.96e-12	3.43e-07	9.88e-04	9.99e-01	0.00e+00	0.00e+00	0.00e+00	0.00e+00	0.00e+00	8.77e-86
 4.52758e+22	3.87e-31	6.24e-23	6.20e-17	5.45e-12	3.65e-07	1.02e-03	9.99e-01	0.00e+00	0.00e+00	0.00e+00	0.00e+00	0.00e+00	1.18e-85
 4.55241e+22	4.80e-31	7.48e-23	7.18e-17	6.10e-12	3.94e-07	1.06e-03	9.99e-01	0.00e+00	0.00e+00	0.00e+00	0.00e+00	0.00e+00	1.90e-85
 4.57914e+22	5.96e-31	8.96e-23	8.29e-17	6.80e-12	4.23e-07	1.10e-03	9.99e-01	0.00e+00	0.00e+00	0.00e+00	0.00e+00	0.00e+00	1.88e-85
 4.60346e+22	7.24e-31	1.05e-22	9.45e-17	7.52e-12	4.53e-07	1.13e-03	9.99e-01	0.00e+00	0.00e+00	0.00e+00	0.00e+00	0.00e+00	5.49e-85
 4.63020e+22	9.17e-31	1.28e-22	1.11e-16	8.49e-12	4.91e-07	1.18e-03	9.99e-01	0.00e+00	0.00e+00	0.00e+00	0.00e+00	0.00e+00	3.64e-85
 4.65756e+22	1.14e-30	1.54e-22	1.28e-16	9.48e-12	5.28e-07	1.22e-03	9.99e-01	0.00e+00	0.00e+00	0.00e+00	0.00e+00	0.00e+00	8.06e-85
 4.68030e+22	1.37e-30	1.79e-22	1.45e-16	1.04e-11	5.62e-07	1.26e-03	9.99e-01	0.00e+00	0.00e+00	0.00e+00	0.00e+00	0.00e+00	4.60e-84
 4.70443e+22	1.69e-30	2.14e-22	1.67e-16	1.16e-11	6.04e-07	1.31e-03	9.99e-01	0.00e+00	0.00e+00	0.00e+00	0.00e+00	0.00e+00	7.97e-84
 4.73058e+22	2.10e-30	2.56e-22	1.92e-16	1.29e-11	6.49e-07	1.35e-03	9.99e-01	0.00e+00	0.00e+00	0.00e+00	0.00e+00	0.00e+00	7.89e-84
 4.75472e+22	2.54e-30	3.00e-22	2.19e-16	1.42e-11	6.94e-07	1.40e-03	9.99e-01	0.00e+00	0.00e+00	0.00e+00	0.00e+00	0.00e+00	3.42e-83
 4.78147e+22	3.23e-30	3.66e-22	2.57e-16	1.60e-11	7.52e-07	1.45e-03	9.99e-01	0.00e+00	0.00e+00	0.00e+00	0.00e+00	0.00e+00	6.23e-83
 4.80945e+22	4.07e-30	4.43e-22	2.99e-16	1.80e-11	8.12e-07	1.51e-03	9.98e-01	0.00e+00	0.00e+00	0.00e+00	0.00e+00	0.00e+00	1.11e-82
 4.83271e+22	4.89e-30	5.17e-22	3.37e-16	1.97e-11	8.64e-07	1.56e-03	9.98e-01	0.00e+00	0.00e+00	0.00e+00	0.00e+00	0.00e+00	1.75e-82
 4.85663e+22	6.08e-30	6.19e-22	3.90e-16	2.20e-11	9.30e-07	1.62e-03	9.98e-01	0.00e+00	0.00e+00	0.00e+00	0.00e+00	0.00e+00	3.03e-82
 4.88220e+22	7.45e-30	7.32e-22	4.45e-16	2.43e-11	9.95e-07	1.68e-03	9.98e-01	0.00e+00	0.00e+00	0.00e+00	0.00e+00	0.00e+00	5.03e-82
 4.90616e+22	9.09e-30	8.64e-22	5.07e-16	2.67e-11	1.06e-06	1.73e-03	9.98e-01	0.00e+00	0.00e+00	0.00e+00	0.00e+00	0.00e+00	8.32e-82
 4.93353e+22	1.17e-29	1.07e-21	6.00e-16	3.03e-11	1.16e-06	1.81e-03	9.98e-01	0.00e+00	0.00e+00	0.00e+00	0.00e+00	0.00e+00	1.58e-81
 4.96106e+22	1.46e-29	1.27e-21	6.89e-16	3.36e-11	1.24e-06	1.88e-03	9.98e-01	0.00e+00	0.00e+00	0.00e+00	0.00e+00	0.00e+00	2.72e-81
 4.98359e+22	1.75e-29	1.48e-21	7.78e-16	3.68e-11	1.32e-06	1.94e-03	9.98e-01	0.00e+00	0.00e+00	0.00e+00	0.00e+00	0.00e+00	4.32e-81
 5.00768e+22	2.19e-29	1.78e-21	8.98e-16	4.08e-11	1.42e-06	2.02e-03	9.98e-01	0.00e+00	0.00e+00	0.00e+00	0.00e+00	0.00e+00	7.59e-81
 5.03306e+22	2.69e-29	2.11e-21	1.03e-15	4.51e-11	1.52e-06	2.09e-03	9.98e-01	0.00e+00	0.00e+00	0.00e+00	0.00e+00	0.00e+00	1.28e-80
 5.05609e+22	3.28e-29	2.48e-21	1.16e-15	4.93e-11	1.62e-06	2.16e-03	9.98e-01	0.00e+00	0.00e+00	0.00e+00	0.00e+00	0.00e+00	2.10e-80
 5.08202e+22	4.15e-29	3.01e-21	1.36e-15	5.53e-11	1.75e-06	2.25e-03	9.98e-01	0.00e+00	0.00e+00	0.00e+00	0.00e+00	0.00e+00	3.83e-80
 5.10913e+22	5.24e-29	3.64e-21	1.57e-15	6.14e-11	1.89e-06	2.35e-03	9.98e-01	0.00e+00	0.00e+00	0.00e+00	0.00e+00	0.00e+00	6.88e-80
 5.13155e+22	6.32e-29	4.23e-21	1.76e-15	6.68e-11	2.00e-06	2.42e-03	9.98e-01	0.00e+00	0.00e+00	0.00e+00	0.00e+00	0.00e+00	1.11e-79
 5.15447e+22	7.86e-29	5.06e-21	2.03e-15	7.38e-11	2.15e-06	2.52e-03	9.97e-01	0.00e+00	0.00e+00	0.00e+00	0.00e+00	0.00e+00	1.93e-79
 5.17870e+22	9.60e-29	5.95e-21	2.30e-15	8.07e-11	2.29e-06	2.61e-03	9.97e-01	0.00e+00	0.00e+00	0.00e+00	0.00e+00	0.00e+00	3.21e-79
 5.20091e+22	1.17e-28	6.96e-21	2.59e-15	8.80e-11	2.43e-06	2.70e-03	9.97e-01	0.00e+00	0.00e+00	0.00e+00	0.00e+00	0.00e+00	5.27e-79
 5.22609e+22	1.49e-28	8.50e-21	3.02e-15	9.81e-11	2.63e-06	2.82e-03	9.97e-01	0.00e+00	0.00e+00	0.00e+00	0.00e+00	0.00e+00	9.91e-79
 5.25158e+22	1.84e-28	1.01e-20	3.44e-15	1.07e-10	2.81e-06	2.93e-03	9.97e-01	0.00e+00	0.00e+00	0.00e+00	0.00e+00	0.00e+00	1.70e-78
 5.27263e+22	2.22e-28	1.17e-20	3.85e-15	1.16e-10	2.97e-06	3.03e-03	9.97e-01	0.00e+00	0.00e+00	0.00e+00	0.00e+00	0.00e+00	2.74e-78
 5.29516e+22	2.77e-28	1.40e-20	4.41e-15	1.28e-10	3.18e-06	3.15e-03	9.97e-01	0.00e+00	0.00e+00	0.00e+00	0.00e+00	0.00e+00	4.87e-78
 5.31853e+22	3.37e-28	1.64e-20	4.97e-15	1.39e-10	3.38e-06	3.26e-03	9.97e-01	0.00e+00	0.00e+00	0.00e+00	0.00e+00	0.00e+00	8.07e-78
 5.33951e+22	4.08e-28	1.91e-20	5.57e-15	1.50e-10	3.58e-06	3.38e-03	9.97e-01	0.00e+00	0.00e+00	0.00e+00	0.00e+00	0.00e+00	1.32e-77
 5.36329e+22	5.23e-28	2.32e-20	6.46e-15	1.66e-10	3.86e-06	3.53e-03	9.96e-01	0.00e+00	0.00e+00	0.00e+00	0.00e+00	0.00e+00	2.51e-77
 5.38700e+22	6.33e-28	2.71e-20	7.25e-15	1.80e-10	4.09e-06	3.65e-03	9.96e-01	0.00e+00	0.00e+00	0.00e+00	0.00e+00	0.00e+00	4.11e-77
 5.40720e+22	7.65e-28	3.15e-20	8.11e-15	1.94e-10	4.33e-06	3.78e-03	9.96e-01	0.00e+00	0.00e+00	0.00e+00	0.00e+00	0.00e+00	6.74e-77
 5.42695e+22	9.14e-28	3.63e-20	9.03e-15	2.09e-10	4.58e-06	3.91e-03	9.96e-01	0.00e+00	0.00e+00	0.00e+00	0.00e+00	0.00e+00	1.07e-76
 5.44954e+22	1.15e-27	4.35e-20	1.03e-14	2.29e-10	4.90e-06	4.07e-03	9.96e-01	0.00e+00	0.00e+00	0.00e+00	0.00e+00	0.00e+00	1.96e-76
 5.47239e+22	1.40e-27	5.09e-20	1.16e-14	2.47e-10	5.19e-06	4.23e-03	9.96e-01	0.00e+00	0.00e+00	0.00e+00	0.00e+00	0.00e+00	3.30e-76
 5.49198e+22	1.68e-27	5.88e-20	1.29e-14	2.65e-10	5.49e-06	4.37e-03	9.96e-01	0.00e+00	0.00e+00	0.00e+00	0.00e+00	0.00e+00	5.30e-76
 5.51383e+22	2.10e-27	7.01e-20	1.47e-14	2.89e-10	5.86e-06	4.55e-03	9.95e-01	0.00e+00	0.00e+00	0.00e+00	0.00e+00	0.00e+00	9.58e-76
 5.53594e+22	2.55e-27	8.16e-20	1.65e-14	3.11e-10	6.21e-06	4.71e-03	9.95e-01	0.00e+00	0.00e+00	0.00e+00	0.00e+00	0.00e+00	1.58e-75
 5.55503e+22	3.07e-27	9.43e-20	1.83e-14	3.33e-10	6.55e-06	4.88e-03	9.95e-01	0.00e+00	0.00e+00	0.00e+00	0.00e+00	0.00e+00	2.58e-75
 5.57649e+22	3.85e-27	1.13e-19	2.09e-14	3.63e-10	7.00e-06	5.09e-03	9.95e-01	0.00e+00	0.00e+00	0.00e+00	0.00e+00	0.00e+00	4.70e-75
 5.59860e+22	4.65e-27	1.31e-19	2.33e-14	3.91e-10	7.41e-06	5.27e-03	9.95e-01	0.00e+00	0.00e+00	0.00e+00	0.00e+00	0.00e+00	7.79e-75
 5.61822e+22	5.62e-27	1.52e-19	2.60e-14	4.19e-10	7.83e-06	5.46e-03	9.95e-01	0.00e+00	0.00e+00	0.00e+00	0.00e+00	0.00e+00	1.29e-74
 5.63731e+22	6.74e-27	1.75e-19	2.88e-14	4.48e-10	8.26e-06	5.64e-03	9.94e-01	0.00e+00	0.00e+00	0.00e+00	0.00e+00	0.00e+00	2.08e-74
 5.65905e+22	8.47e-27	2.10e-19	3.28e-14	4.88e-10	8.83e-06	5.89e-03	9.94e-01	0.00e+00	0.00e+00	0.00e+00	0.00e+00	0.00e+00	3.84e-74
 5.68133e+22	1.04e-26	2.45e-19	3.68e-14	5.24e-10	9.36e-06	6.11e-03	9.94e-01	0.00e+00	0.00e+00	0.00e+00	0.00e+00	0.00e+00	6.58e-74
 5.70083e+22	1.25e-26	2.85e-19	4.10e-14	5.61e-10	9.90e-06	6.33e-03	9.94e-01	0.00e+00	0.00e+00	0.00e+00	0.00e+00	0.00e+00	1.10e-73
 5.71968e+22	1.51e-26	3.29e-19	4.55e-14	6.00e-10	1.04e-05	6.56e-03	9.93e-01	0.00e+00	0.00e+00	0.00e+00	0.00e+00	0.00e+00	1.79e-73
 5.74119e+22	1.90e-26	3.93e-19	5.18e-14	6.52e-10	1.12e-05	6.84e-03	9.93e-01	0.00e+00	0.00e+00	0.00e+00	0.00e+00	0.00e+00	3.33e-73
 5.76346e+22	2.32e-26	4.61e-19	5.81e-14	7.00e-10	1.19e-05	7.11e-03	9.93e-01	0.00e+00	0.00e+00	0.00e+00	0.00e+00	0.00e+00	5.75e-73
 5.78348e+22	2.83e-26	5.37e-19	6.49e-14	7.51e-10	1.26e-05	7.37e-03	9.93e-01	0.00e+00	0.00e+00	0.00e+00	0.00e+00	0.00e+00	9.77e-73
 5.80626e+22	3.62e-26	6.52e-19	7.46e-14	8.20e-10	1.35e-05	7.72e-03	9.92e-01	0.00e+00	0.00e+00	0.00e+00	0.00e+00	0.00e+00	1.91e-72
 5.82973e+22	4.52e-26	7.74e-19	8.44e-14	8.85e-10	1.44e-05	8.05e-03	9.92e-01	0.00e+00	0.00e+00	0.00e+00	0.00e+00	0.00e+00	3.47e-72
 5.84889e+22	5.39e-26	8.87e-19	9.31e-14	9.40e-10	1.51e-05	8.32e-03	9.92e-01	0.00e+00	0.00e+00	0.00e+00	0.00e+00	0.00e+00	5.59e-72
 5.86858e+22	6.72e-26	1.05e-18	1.05e-13	1.01e-09	1.62e-05	8.67e-03	9.91e-01	0.00e+00	0.00e+00	0.00e+00	0.00e+00	0.00e+00	1.02e-71
 5.88902e+22	8.11e-26	1.22e-18	1.17e-13	1.08e-09	1.71e-05	8.98e-03	9.91e-01	0.00e+00	0.00e+00	0.00e+00	0.00e+00	0.00e+00	1.69e-71
 5.90621e+22	9.59e-26	1.39e-18	1.28e-13	1.14e-09	1.79e-05	9.26e-03	9.91e-01	0.00e+00	0.00e+00	0.00e+00	0.00e+00	0.00e+00	2.68e-71
 5.92165e+22	1.13e-25	1.57e-18	1.40e-13	1.21e-09	1.88e-05	9.55e-03	9.90e-01	0.00e+00	0.00e+00	0.00e+00	0.00e+00	0.00e+00	4.16e-71
 5.93906e+22	1.37e-25	1.83e-18	1.56e-13	1.29e-09	1.99e-05	9.90e-03	9.90e-01	0.00e+00	0.00e+00	0.00e+00	0.00e+00	0.00e+00	7.10e-71
 5.95584e+22	1.60e-25	2.06e-18	1.70e-13	1.36e-09	2.08e-05	1.02e-02	9.90e-01	0.00e+00	0.00e+00	0.00e+00	0.00e+00	0.00e+00	1.08e-70
 5.96917e+22	1.85e-25	2.30e-18	1.84e-13	1.42e-09	2.17e-05	1.05e-02	9.90e-01	0.00e+00	0.00e+00	0.00e+00	0.00e+00	0.00e+00	1.60e-70
 5.98384e+22	2.18e-25	2.62e-18	2.02e-13	1.50e-09	2.28e-05	1.08e-02	9.89e-01	0.00e+00	0.00e+00	0.00e+00	0.00e+00	0.00e+00	2.53e-70
 5.99934e+22	2.55e-25	2.95e-18	2.20e-13	1.58e-09	2.38e-05	1.11e-02	9.89e-01	0.00e+00	0.00e+00	0.00e+00	0.00e+00	0.00e+00	3.87e-70
 6.01268e+22	2.93e-25	3.29e-18	2.37e-13	1.66e-09	2.48e-05	1.14e-02	9.89e-01	0.00e+00	0.00e+00	0.00e+00	0.00e+00	0.00e+00	5.65e-70
 6.02484e+22	3.36e-25	3.65e-18	2.55e-13	1.73e-09	2.58e-05	1.17e-02	9.88e-01	0.00e+00	0.00e+00	0.00e+00	0.00e+00	0.00e+00	8.21e-70
 6.03869e+22	3.98e-25	4.16e-18	2.80e-13	1.83e-09	2.71e-05	1.21e-02	9.88e-01	0.00e+00	0.00e+00	0.00e+00	0.00e+00	0.00e+00	1.31e-69
 6.05274e+22	4.58e-25	4.64e-18	3.03e-13	1.91e-09	2.83e-05	1.24e-02	9.88e-01	0.00e+00	0.00e+00	0.00e+00	0.00e+00	0.00e+00	1.92e-69
 6.06706e+22	5.47e-25	5.32e-18	3.34e-13	2.03e-09	2.98e-05	1.28e-02	9.87e-01	0.00e+00	0.00e+00	0.00e+00	0.00e+00	0.00e+00	3.11e-69
 6.08091e+22	6.27e-25	5.91e-18	3.60e-13	2.12e-09	3.10e-05	1.31e-02	9.87e-01	0.00e+00	0.00e+00	0.00e+00	0.00e+00	0.00e+00	4.51e-69
 6.09222e+22	7.17e-25	6.56e-18	3.87e-13	2.21e-09	3.22e-05	1.34e-02	9.87e-01	0.00e+00	0.00e+00	0.00e+00	0.00e+00	0.00e+00	6.51e-69
 6.10333e+22	8.19e-25	7.27e-18	4.16e-13	2.31e-09	3.35e-05	1.38e-02	9.86e-01	0.00e+00	0.00e+00	0.00e+00	0.00e+00	0.00e+00	9.35e-69
 6.11610e+22	9.68e-25	8.27e-18	4.56e-13	2.43e-09	3.52e-05	1.42e-02	9.86e-01	0.00e+00	0.00e+00	0.00e+00	0.00e+00	0.00e+00	1.47e-68
 6.12917e+22	1.13e-24	9.28e-18	4.95e-13	2.55e-09	3.68e-05	1.46e-02	9.85e-01	0.00e+00	0.00e+00	0.00e+00	0.00e+00	0.00e+00	2.21e-68
 6.14047e+22	1.29e-24	1.03e-17	5.33e-13	2.67e-09	3.82e-05	1.49e-02	9.85e-01	0.00e+00	0.00e+00	0.00e+00	0.00e+00	0.00e+00	3.18e-68
 6.15298e+22	1.53e-24	1.18e-17	5.87e-13	2.82e-09	4.03e-05	1.54e-02	9.85e-01	0.00e+00	0.00e+00	0.00e+00	0.00e+00	0.00e+00	5.11e-68
 6.16579e+22	1.79e-24	1.33e-17	6.38e-13	2.96e-09	4.21e-05	1.58e-02	9.84e-01	0.00e+00	0.00e+00	0.00e+00	0.00e+00	0.00e+00	7.73e-68
 6.17642e+22	2.04e-24	1.47e-17	6.86e-13	3.09e-09	4.37e-05	1.62e-02	9.84e-01	0.00e+00	0.00e+00	0.00e+00	0.00e+00	0.00e+00	1.09e-67
 6.18767e+22	2.41e-24	1.67e-17	7.52e-13	3.26e-09	4.59e-05	1.66e-02	9.83e-01	0.00e+00	0.00e+00	0.00e+00	0.00e+00	0.00e+00	1.71e-67
 6.19920e+22	2.78e-24	1.87e-17	8.15e-13	3.42e-09	4.79e-05	1.71e-02	9.83e-01	0.00e+00	0.00e+00	0.00e+00	0.00e+00	0.00e+00	2.51e-67
 6.20945e+22	3.21e-24	2.09e-17	8.82e-13	3.58e-09	5.00e-05	1.75e-02	9.82e-01	0.00e+00	0.00e+00	0.00e+00	0.00e+00	0.00e+00	3.66e-67
 6.22113e+22	3.87e-24	2.42e-17	9.80e-13	3.81e-09	5.28e-05	1.80e-02	9.82e-01	0.00e+00	0.00e+00	0.00e+00	0.00e+00	0.00e+00	6.01e-67
 6.23289e+22	4.50e-24	2.72e-17	1.07e-12	4.01e-09	5.52e-05	1.85e-02	9.81e-01	0.00e+00	0.00e+00	0.00e+00	0.00e+00	0.00e+00	8.97e-67
 6.24477e+22	5.54e-24	3.20e-17	1.20e-12	4.29e-09	5.86e-05	1.91e-02	9.81e-01	0.00e+00	0.00e+00	0.00e+00	0.00e+00	0.00e+00	1.54e-66
 6.25644e+22	6.41e-24	3.59e-17	1.30e-12	4.52e-09	6.11e-05	1.96e-02	9.80e-01	0.00e+00	0.00e+00	0.00e+00	0.00e+00	0.00e+00	2.24e-66
 6.26782e+22	7.91e-24	4.23e-17	1.47e-12	4.85e-09	6.50e-05	2.03e-02	9.80e-01	0.00e+00	0.00e+00	0.00e+00	0.00e+00	0.00e+00	3.87e-66
 6.27916e+22	9.18e-24	4.77e-17	1.60e-12	5.12e-09	6.79e-05	2.08e-02	9.79e-01	0.00e+00	0.00e+00	0.00e+00	4.77e-17	5.35e-25	5.67e-66
 6.29046e+22	1.15e-23	5.68e-17	1.82e-12	5.53e-09	7.24e-05	2.15e-02	9.78e-01	0.00e+00	0.00e+00	0.00e+00	5.68e-17	1.91e-22	1.00e-65
 6.30175e+22	1.35e-23	6.45e-17	2.00e-12	5.86e-09	7.58e-05	2.21e-02	9.78e-01	0.00e+00	0.00e+00	0.00e+00	6.45e-17	2.17e-22	1.50e-65
 6.31301e+22	1.70e-23	7.75e-17	2.29e-12	6.37e-09	8.10e-05	2.29e-02	9.77e-01	0.00e+00	0.00e+00	0.00e+00	7.75e-17	2.60e-22	2.69e-65
 6.32414e+22	2.00e-23	8.83e-17	2.52e-12	6.77e-09	8.49e-05	2.34e-02	9.76e-01	0.00e+00	0.00e+00	0.00e+00	8.83e-17	2.97e-22	4.04e-65
 6.33511e+22	2.52e-23	1.06e-16	2.89e-12	7.37e-09	9.07e-05	2.43e-02	9.76e-01	0.00e+00	0.00e+00	0.00e+00	1.06e-16	3.56e-22	7.13e-65
 6.34596e+22	3.00e-23	1.22e-16	3.20e-12	7.87e-09	9.53e-05	2.49e-02	9.75e-01	0.00e+00	0.00e+00	0.00e+00	1.22e-16	4.09e-22	1.09e-64
 6.35667e+22	3.79e-23	1.47e-16	3.69e-12	8.60e-09	1.02e-04	2.58e-02	9.74e-01	0.00e+00	0.00e+00	0.00e+00	1.47e-16	4.94e-22	1.93e-64
 6.36754e+22	4.57e-23	1.71e-16	4.13e-12	9.26e-09	1.07e-04	2.65e-02	9.73e-01	0.00e+00	0.00e+00	0.00e+00	1.71e-16	5.75e-22	3.05e-64
 6.37864e+22	5.88e-23	2.09e-16	4.81e-12	1.02e-08	1.15e-04	2.75e-02	9.72e-01	0.00e+00	0.00e+00	0.00e+00	2.09e-16	7.04e-22	5.60e-64
 6.38994e+22	7.22e-23	2.47e-16	5.45e-12	1.11e-08	1.22e-04	2.83e-02	9.72e-01	0.00e+00	0.00e+00	0.00e+00	2.47e-16	8.30e-22	9.11e-64
 6.40150e+22	9.47e-23	3.08e-16	6.45e-12	1.24e-08	1.32e-04	2.94e-02	9.71e-01	0.00e+00	0.00e+00	0.00e+00	3.08e-16	1.03e-21	1.74e-63
 6.41308e+22	1.17e-22	3.65e-16	7.34e-12	1.35e-08	1.40e-04	3.02e-02	9.70e-01	0.00e+00	0.00e+00	0.00e+00	3.65e-16	1.23e-21	2.85e-63
 6.42307e+22	1.44e-22	4.33e-16	8.36e-12	1.47e-08	1.48e-04	3.11e-02	9.69e-01	0.00e+00	0.00e+00	0.00e+00	4.33e-16	1.45e-21	4.66e-63
 6.43442e+22	1.90e-22	5.42e-16	9.94e-12	1.64e-08	1.60e-04	3.23e-02	9.67e-01	0.00e+00	0.00e+00	0.00e+00	5.42e-16	1.82e-21	8.89e-63
 6.44576e+22	2.34e-22	6.42e-16	1.13e-11	1.79e-08	1.70e-04	3.33e-02	9.67e-01	0.00e+00	0.00e+00	0.00e+00	6.42e-16	2.16e-21	1.44e-62
 6.45707e+22	3.10e-22	8.07e-16	1.35e-11	2.02e-08	1.83e-04	3.46e-02	9.65e-01	0.00e+00	0.00e+00	0.00e+00	8.07e-16	2.71e-21	2.75e-62
 6.46834e+22	3.78e-22	9.51e-16	1.53e-11	2.20e-08	1.94e-04	3.55e-02	9.64e-01	0.00e+00	0.00e+00	0.00e+00	9.51e-16	3.20e-21	4.36e-62
 6.47955e+22	2.60e-23	1.19e-15	1.82e-11	2.47e-08	2.09e-04	3.69e-02	9.63e-01	0.00e+00	0.00e+00	0.00e+00	1.19e-15	4.00e-21	1.92e-62
 6.49099e+22	3.22e-23	1.41e-15	2.08e-11	2.70e-08	2.22e-04	3.80e-02	9.62e-01	0.00e+00	0.00e+00	0.00e+00	1.41e-15	4.75e-21	3.08e-62
 6.50271e+22	4.30e-23	1.78e-15	2.49e-11	3.05e-08	2.40e-04	3.95e-02	9.60e-01	0.00e+00	0.00e+00	0.00e+00	1.78e-15	5.99e-21	5.79e-62
 6.51469e+22	5.35e-23	2.13e-15	2.86e-11	3.35e-08	2.55e-04	4.06e-02	9.59e-01	0.00e+00	0.00e+00	0.00e+00	2.13e-15	7.15e-21	9.38e-62
 6.52700e+22	7.15e-23	2.69e-15	3.43e-11	3.79e-08	2.76e-04	4.22e-02	9.57e-01	0.00e+00	0.00e+00	0.00e+00	2.69e-15	9.03e-21	1.77e-61
 6.53965e+22	9.00e-23	3.23e-15	3.97e-11	4.19e-08	2.95e-04	4.36e-02	9.56e-01	0.00e+00	0.00e+00	0.00e+00	3.23e-15	1.09e-20	2.93e-61
 6.55084e+22	1.12e-22	3.86e-15	4.56e-11	4.60e-08	3.13e-04	4.49e-02	9.55e-01	0.00e+00	0.00e+00	0.00e+00	3.86e-15	1.30e-20	4.73e-61
 6.56347e+22	1.49e-22	4.85e-15	5.45e-11	5.20e-08	3.39e-04	4.66e-02	9.53e-01	0.00e+00	0.00e+00	0.00e+00	4.85e-15	1.63e-20	8.77e-61
 6.57625e+22	1.85e-22	5.78e-15	6.25e-11	5.72e-08	3.60e-04	4.80e-02	9.52e-01	0.00e+00	0.00e+00	0.00e+00	5.78e-15	1.94e-20	1.41e-60
 6.58924e+22	2.44e-22	7.25e-15	7.46e-11	6.47e-08	3.89e-04	4.98e-02	9.50e-01	0.00e+00	0.00e+00	0.00e+00	7.25e-15	2.44e-20	2.58e-60
 6.60261e+22	3.06e-22	8.69e-15	8.61e-11	7.14e-08	4.14e-04	5.14e-02	9.48e-01	0.00e+00	0.00e+00	0.00e+00	8.69e-15	2.92e-20	4.21e-60
 6.61462e+22	3.81e-22	1.04e-14	9.90e-11	7.86e-08	4.41e-04	5.29e-02	9.47e-01	0.00e+00	0.00e+00	0.00e+00	1.04e-14	3.49e-20	6.79e-60
 6.62837e+22	5.05e-22	1.30e-14	1.18e-10	8.91e-08	4.77e-04	5.50e-02	9.45e-01	0.00e+00	0.00e+00	0.00e+00	1.30e-14	4.39e-20	1.25e-59
 6.64222e+22	6.26e-22	1.55e-14	1.36e-10	9.80e-08	5.07e-04	5.66e-02	9.43e-01	0.00e+00	0.00e+00	0.00e+00	1.55e-14	5.22e-20	1.99e-59
 6.65619e+22	8.30e-22	1.95e-14	1.63e-10	1.11e-07	5.50e-04	5.88e-02	9.41e-01	0.00e+00	0.00e+00	0.00e+00	1.95e-14	6.55e-20	3.67e-59
 6.67037e+22	1.03e-21	2.31e-14	1.86e-10	1.22e-07	5.84e-04	6.06e-02	9.39e-01	0.00e+00	0.00e+00	0.00e+00	2.31e-14	7.77e-20	5.78e-59
 6.68481e+22	1.01e-21	2.90e-14	2.23e-10	1.38e-07	6.32e-04	6.29e-02	9.36e-01	0.00e+00	0.00e+00	0.00e+00	2.90e-14	9.76e-20	1.00e-58
 6.69874e+22	1.22e-21	3.37e-14	2.51e-10	1.50e-07	6.67e-04	6.46e-02	9.35e-01	0.00e+00	0.00e+00	0.00e+00	3.37e-14	1.13e-19	1.50e-58
 6.71199e+22	1.57e-21	4.13e-14	2.94e-10	1.68e-07	7.17e-04	6.68e-02	9.32e-01	0.00e+00	0.00e+00	0.00e+00	4.13e-14	1.39e-19	2.56e-58
 6.72557e+22	1.91e-21	4.84e-14	3.34e-10	1.84e-07	7.59e-04	6.86e-02	9.31e-01	0.00e+00	0.00e+00	0.00e+00	4.84e-14	1.63e-19	3.91e-58
 6.73957e+22	2.49e-21	5.97e-14	3.94e-10	2.07e-07	8.18e-04	7.11e-02	9.28e-01	0.00e+00	0.00e+00	0.00e+00	5.97e-14	2.01e-19	6.84e-58
 6.75371e+22	3.01e-21	6.96e-14	4.46e-10	2.25e-07	8.64e-04	7.30e-02	9.26e-01	0.00e+00	0.00e+00	0.00e+00	6.96e-14	2.34e-19	1.03e-57
 6.76802e+22	3.91e-21	8.59e-14	5.27e-10	2.54e-07	9.32e-04	7.57e-02	9.23e-01	0.00e+00	0.00e+00	0.00e+00	8.59e-14	2.89e-19	1.80e-57
 6.78255e+22	4.75e-21	1.00e-13	5.95e-10	2.77e-07	9.85e-04	7.77e-02	9.21e-01	0.00e+00	0.00e+00	0.00e+00	1.00e-13	3.37e-19	2.72e-57
 6.79537e+22	5.78e-21	1.17e-13	6.75e-10	3.02e-07	1.04e-03	7.99e-02	9.19e-01	0.00e+00	0.00e+00	0.00e+00	1.17e-13	3.95e-19	4.12e-57
 6.80808e+22	7.01e-21	1.37e-13	7.63e-10	3.30e-07	1.10e-03	8.20e-02	9.17e-01	0.00e+00	0.00e+00	0.00e+00	1.37e-13	4.61e-19	6.21e-57
 6.82269e+22	8.97e-21	1.67e-13	8.93e-10	3.69e-07	1.18e-03	8.48e-02	9.14e-01	0.00e+00	0.00e+00	0.00e+00	1.67e-13	5.61e-19	1.05e-56
 6.83740e+22	1.09e-20	1.95e-13	1.01e-09	4.02e-07	1.25e-03	8.71e-02	9.12e-01	0.00e+00	0.00e+00	0.00e+00	1.95e-13	6.55e-19	1.58e-56
 6.85224e+22	1.40e-20	2.38e-13	1.18e-09	4.51e-07	1.35e-03	9.01e-02	9.09e-01	0.00e+00	0.00e+00	0.00e+00	2.38e-13	8.00e-19	2.67e-56
 6.86724e+22	1.68e-20	2.75e-13	1.33e-09	4.90e-07	1.42e-03	9.25e-02	9.06e-01	0.00e+00	0.00e+00	0.00e+00	2.75e-13	9.27e-19	3.96e-56
 6.88245e+22	2.16e-20	3.36e-13	1.56e-09	5.49e-07	1.53e-03	9.57e-02	9.03e-01	0.00e+00	0.00e+00	0.00e+00	3.36e-13	1.13e-18	6.70e-56
 6.89797e+22	2.61e-20	3.91e-13	1.76e-09	5.99e-07	1.62e-03	9.82e-02	9.00e-01	0.00e+00	0.00e+00	0.00e+00	3.91e-13	1.32e-18	1.00e-55
 6.91388e+22	3.36e-20	4.78e-13	2.07e-09	6.72e-07	1.74e-03	1.02e-01	8.97e-01	0.00e+00	0.00e+00	0.00e+00	4.78e-13	1.61e-18	1.71e-55
 6.93015e+22	4.09e-20	5.58e-13	2.34e-09	7.35e-07	1.84e-03	1.04e-01	8.94e-01	0.00e+00	0.00e+00	0.00e+00	5.58e-13	1.88e-18	2.58e-55
 6.94688e+22	5.27e-20	6.81e-13	2.75e-09	8.24e-07	1.98e-03	1.08e-01	8.90e-01	0.00e+00	0.00e+00	0.00e+00	6.81e-13	2.30e-18	4.39e-55
 6.96413e+22	6.47e-20	8.04e-13	3.14e-09	9.07e-07	2.11e-03	1.11e-01	8.87e-01	0.00e+00	0.00e+00	0.00e+00	8.04e-13	2.71e-18	6.81e-55
 6.97903e+22	7.75e-20	9.27e-13	3.52e-09	9.85e-07	2.22e-03	1.14e-01	8.84e-01	0.00e+00	0.00e+00	0.00e+00	9.27e-13	3.12e-18	9.97e-55
 6.99538e+22	9.95e-20	1.13e-12	4.12e-09	1.10e-06	2.39e-03	1.18e-01	8.80e-01	0.00e+00	0.00e+00	0.00e+00	1.13e-12	3.80e-18	1.68e-54
 7.01195e+22	1.20e-19	1.31e-12	4.64e-09	1.20e-06	2.52e-03	1.21e-01	8.77e-01	0.00e+00	0.00e+00	0.00e+00	1.31e-12	4.40e-18	2.48e-54
 7.02880e+22	1.51e-19	1.57e-12	5.36e-09	1.33e-06	2.70e-03	1.25e-01	8.73e-01	0.00e+00	0.00e+00	0.00e+00	1.57e-12	5.28e-18	4.04e-54
 7.04661e+22	1.87e-19	1.85e-12	6.14e-09	1.47e-06	2.88e-03	1.28e-01	8.69e-01	0.00e+00	0.00e+00	0.00e+00	1.85e-12	6.25e-18	6.33e-54
 7.06295e+22	2.28e-19	2.17e-12	6.96e-09	1.61e-06	3.05e-03	1.32e-01	8.65e-01	0.00e+00	0.00e+00	0.00e+00	2.17e-12	7.31e-18	9.61e-54
 7.08151e+22	2.93e-19	2.63e-12	8.14e-09	1.80e-06	3.28e-03	1.36e-01	8.60e-01	0.00e+00	0.00e+00	0.00e+00	2.63e-12	8.87e-18	1.62e-53
 7.10114e+22	3.68e-19	3.15e-12	9.41e-09	2.01e-06	3.51e-03	1.41e-01	8.56e-01	0.00e+00	0.00e+00	0.00e+00	3.15e-12	1.06e-17	2.62e-53
 7.11931e+22	4.57e-19	3.73e-12	1.08e-08	2.21e-06	3.73e-03	1.45e-01	8.51e-01	0.00e+00	0.00e+00	0.00e+00	3.73e-12	1.26e-17	4.12e-53
 7.14005e+22	6.03e-19	4.63e-12	1.28e-08	2.51e-06	4.05e-03	1.50e-01	8.46e-01	0.00e+00	0.00e+00	0.00e+00	4.63e-12	1.56e-17	7.33e-53
 7.16051e+22	7.42e-19	5.44e-12	1.46e-08	2.76e-06	4.30e-03	1.54e-01	8.41e-01	0.00e+00	0.00e+00	0.00e+00	5.44e-12	1.84e-17	1.13e-52
 7.18061e+22	9.69e-19	6.71e-12	1.73e-08	3.12e-06	4.65e-03	1.60e-01	8.35e-01	0.00e+00	0.00e+00	0.00e+00	6.71e-12	2.27e-17	1.98e-52
 7.20095e+22	1.20e-18	7.90e-12	1.97e-08	3.43e-06	4.94e-03	1.64e-01	8.31e-01	0.00e+00	0.00e+00	0.00e+00	7.90e-12	2.67e-17	3.07e-52
 7.22159e+22	1.57e-18	9.77e-12	2.34e-08	3.89e-06	5.35e-03	1.70e-01	8.24e-01	0.00e+00	0.00e+00	0.00e+00	9.77e-12	3.30e-17	5.40e-52
 7.24250e+22	1.95e-18	1.15e-11	2.68e-08	4.29e-06	5.69e-03	1.75e-01	8.19e-01	0.00e+00	0.00e+00	0.00e+00	1.15e-11	3.90e-17	8.45e-52
 7.26376e+22	2.58e-18	1.44e-11	3.19e-08	4.87e-06	6.18e-03	1.82e-01	8.12e-01	0.00e+00	0.00e+00	0.00e+00	1.44e-11	4.86e-17	1.51e-51
 7.28529e+22	3.21e-18	1.71e-11	3.66e-08	5.39e-06	6.58e-03	1.87e-01	8.07e-01	0.00e+00	0.00e+00	0.00e+00	1.71e-11	5.77e-17	2.38e-51
 7.30717e+22	4.31e-18	2.15e-11	4.41e-08	6.16e-06	7.17e-03	1.94e-01	7.99e-01	0.00e+00	0.00e+00	0.00e+00	2.15e-11	7.26e-17	4.35e-51
 7.32918e+22	5.39e-18	2.56e-11	5.09e-08	6.83e-06	7.65e-03	2.00e-01	7.93e-01	0.00e+00	0.00e+00	0.00e+00	2.56e-11	8.66e-17	6.92e-51
 7.35139e+22	7.23e-18	3.22e-11	6.12e-08	7.82e-06	8.33e-03	2.07e-01	7.85e-01	0.00e+00	0.00e+00	0.00e+00	3.22e-11	1.09e-16	1.26e-50
 7.37396e+22	9.10e-18	3.86e-11	7.09e-08	8.70e-06	8.91e-03	2.13e-01	7.78e-01	0.00e+00	0.00e+00	0.00e+00	3.86e-11	1.31e-16	2.03e-50
 7.39701e+22	1.25e-17	4.93e-11	8.65e-08	1.01e-05	9.76e-03	2.22e-01	7.68e-01	0.00e+00	0.00e+00	0.00e+00	4.93e-11	1.67e-16	3.82e-50
 7.42013e+22	1.57e-17	5.92e-11	1.00e-07	1.12e-05	1.04e-02	2.28e-01	7.61e-01	0.00e+00	0.00e+00	0.00e+00	5.92e-11	2.01e-16	6.14e-50
 7.44332e+22	2.14e-17	7.59e-11	1.23e-07	1.30e-05	1.14e-02	2.37e-01	7.51e-01	0.00e+00	0.00e+00	0.00e+00	7.59e-11	2.58e-16	1.16e-49
 7.46571e+22	2.66e-17	8.99e-11	1.41e-07	1.43e-05	1.22e-02	2.44e-01	7.44e-01	0.00e+00	0.00e+00	0.00e+00	8.99e-11	3.05e-16	1.79e-49
 7.48707e+22	3.56e-17	1.13e-10	1.70e-07	1.64e-05	1.33e-02	2.52e-01	7.34e-01	0.00e+00	0.00e+00	0.00e+00	1.13e-10	3.85e-16	3.19e-49
 7.50826e+22	4.39e-17	1.34e-10	1.95e-07	1.81e-05	1.41e-02	2.59e-01	7.27e-01	0.00e+00	0.00e+00	0.00e+00	1.34e-10	4.55e-16	4.88e-49
 7.52924e+22	5.86e-17	1.68e-10	2.34e-07	2.08e-05	1.53e-02	2.68e-01	7.17e-01	5.86e-17	5.41e-22	1.29e-22	1.68e-10	5.71e-16	8.60e-49
 7.55057e+22	7.29e-17	2.00e-10	2.70e-07	2.30e-05	1.63e-02	2.75e-01	7.09e-01	7.29e-17	5.67e-20	8.61e-21	2.00e-10	6.79e-16	1.33e-48
 7.57236e+22	9.82e-17	2.53e-10	3.28e-07	2.65e-05	1.78e-02	2.85e-01	6.97e-01	9.81e-17	7.64e-20	1.16e-20	2.53e-10	8.61e-16	2.37e-48
 7.59452e+22	1.25e-16	3.05e-10	3.82e-07	2.96e-05	1.91e-02	2.93e-01	6.88e-01	1.24e-16	9.69e-20	1.47e-20	3.05e-10	1.04e-15	3.76e-48
 7.61718e+22	1.70e-16	3.89e-10	4.67e-07	3.43e-05	2.09e-02	3.04e-01	6.76e-01	1.70e-16	1.32e-19	2.01e-20	3.89e-10	1.33e-15	6.80e-48
 7.64035e+22	2.18e-16	4.74e-10	5.50e-07	3.86e-05	2.25e-02	3.12e-01	6.65e-01	2.17e-16	1.69e-19	2.57e-20	4.74e-10	1.62e-15	1.09e-47
 7.66418e+22	3.03e-16	6.12e-10	6.80e-07	4.52e-05	2.47e-02	3.24e-01	6.51e-01	3.03e-16	2.36e-19	3.59e-20	6.12e-10	2.09e-15	2.02e-47
 7.68838e+22	3.93e-16	7.49e-10	8.05e-07	5.11e-05	2.67e-02	3.33e-01	6.40e-01	3.92e-16	3.06e-19	4.65e-20	7.49e-10	2.56e-15	3.27e-47
 7.71260e+22	5.50e-16	9.67e-10	9.96e-07	5.98e-05	2.93e-02	3.45e-01	6.25e-01	5.49e-16	4.29e-19	6.52e-20	9.67e-10	3.31e-15	5.96e-47
 7.73701e+22	7.20e-16	1.19e-09	1.18e-06	6.78e-05	3.16e-02	3.55e-01	6.13e-01	7.20e-16	5.62e-19	8.54e-20	1.19e-09	4.06e-15	9.63e-47
 7.76098e+22	1.00e-15	1.51e-09	1.45e-06	7.90e-05	3.47e-02	3.67e-01	5.98e-01	9.99e-16	7.80e-19	1.19e-19	1.51e-09	5.19e-15	1.69e-46
 7.78519e+22	1.33e-15	1.86e-09	1.73e-06	8.98e-05	3.74e-02	3.77e-01	5.85e-01	1.33e-15	1.04e-18	1.58e-19	1.86e-09	6.37e-15	2.73e-46
 7.80631e+22	1.71e-15	2.23e-09	2.01e-06	1.01e-04	4.01e-02	3.86e-01	5.74e-01	1.70e-15	1.33e-18	2.03e-19	2.23e-09	7.64e-15	4.14e-46
 7.82873e+22	2.38e-15	2.79e-09	2.44e-06	1.16e-04	4.36e-02	3.97e-01	5.59e-01	2.38e-15	1.86e-18	2.83e-19	2.79e-09	9.59e-15	6.98e-46
 7.85136e+22	3.11e-15	3.33e-09	2.85e-06	1.30e-04	4.67e-02	4.07e-01	5.47e-01	3.10e-15	2.43e-18	3.70e-19	3.33e-09	1.15e-14	1.06e-45
 7.87149e+22	4.10e-15	3.97e-09	3.31e-06	1.46e-04	4.99e-02	4.15e-01	5.35e-01	4.09e-15	3.20e-18	4.88e-19	3.97e-09	1.37e-14	1.59e-45
 7.89390e+22	5.83e-15	4.92e-09	3.98e-06	1.68e-04	5.41e-02	4.26e-01	5.19e-01	5.82e-15	4.56e-18	6.95e-19	4.92e-09	1.70e-14	2.64e-45
 7.91607e+22	7.65e-15	5.80e-09	4.59e-06	1.87e-04	5.76e-02	4.35e-01	5.07e-01	7.64e-15	5.98e-18	9.12e-19	5.80e-09	2.00e-14	3.90e-45
 7.93856e+22	1.13e-14	7.17e-09	5.53e-06	2.15e-04	6.25e-02	4.45e-01	4.92e-01	1.12e-14	8.81e-18	1.34e-18	7.17e-09	2.48e-14	6.52e-45
 7.96104e+22	1.51e-14	8.39e-09	6.35e-06	2.38e-04	6.64e-02	4.53e-01	4.80e-01	1.50e-14	1.18e-17	1.80e-18	8.39e-09	2.91e-14	9.64e-45
 7.98352e+22	2.23e-14	1.03e-08	7.59e-06	2.73e-04	7.18e-02	4.64e-01	4.64e-01	2.23e-14	1.75e-17	2.67e-18	1.03e-08	3.57e-14	1.60e-44
 8.00613e+22	2.99e-14	1.20e-08	8.70e-06	3.03e-04	7.61e-02	4.71e-01	4.53e-01	2.99e-14	2.35e-17	3.58e-18	1.20e-08	4.17e-14	2.37e-44
 8.02889e+22	4.41e-14	1.46e-08	1.04e-05	3.46e-04	8.21e-02	4.81e-01	4.37e-01	4.40e-14	3.46e-17	5.28e-18	1.46e-08	5.09e-14	3.92e-44
 8.05183e+22	5.80e-14	1.70e-08	1.19e-05	3.83e-04	8.70e-02	4.88e-01	4.25e-01	5.79e-14	4.55e-17	6.96e-18	1.70e-08	5.93e-14	5.71e-44
 8.07500e+22	8.22e-14	2.06e-08	1.41e-05	4.37e-04	9.37e-02	4.97e-01	4.09e-01	8.21e-14	6.46e-17	9.88e-18	2.06e-08	7.21e-14	9.21e-44
 8.09847e+22	1.05e-13	2.39e-08	1.61e-05	4.84e-04	9.91e-02	5.03e-01	3.97e-01	1.05e-13	8.25e-17	1.26e-17	2.39e-08	8.38e-14	1.32e-43
 8.12234e+22	1.44e-13	2.90e-08	1.91e-05	5.53e-04	1.07e-01	5.11e-01	3.81e-01	1.43e-13	1.13e-16	1.73e-17	2.90e-08	1.02e-13	2.07e-43
 8.14660e+22	1.80e-13	3.36e-08	2.19e-05	6.12e-04	1.13e-01	5.17e-01	3.69e-01	1.79e-13	1.41e-16	2.17e-17	3.36e-08	1.18e-13	2.93e-43
 8.17138e+22	2.39e-13	4.06e-08	2.60e-05	6.99e-04	1.21e-01	5.25e-01	3.53e-01	2.39e-13	1.88e-16	2.89e-17	4.06e-08	1.43e-13	4.51e-43
 8.19670e+22	2.95e-13	4.71e-08	2.97e-05	7.75e-04	1.28e-01	5.30e-01	3.41e-01	2.94e-13	2.33e-16	3.56e-17	4.71e-08	1.66e-13	6.35e-43
 8.22275e+22	3.85e-13	5.70e-08	3.54e-05	8.87e-04	1.38e-01	5.36e-01	3.25e-01	3.85e-13	3.04e-16	4.66e-17	5.70e-08	2.02e-13	9.69e-43
 8.24896e+22	4.66e-13	6.59e-08	4.04e-05	9.81e-04	1.46e-01	5.40e-01	3.13e-01	4.65e-13	3.68e-16	5.65e-17	6.59e-08	2.34e-13	1.34e-42
 8.27123e+22	5.55e-13	7.54e-08	4.56e-05	1.08e-03	1.53e-01	5.44e-01	3.02e-01	5.55e-13	4.39e-16	6.75e-17	7.54e-08	2.68e-13	1.80e-42
 8.29602e+22	7.99e-13	8.94e-08	5.34e-05	1.22e-03	1.63e-01	5.48e-01	2.88e-01	7.98e-13	6.33e-16	9.73e-17	8.94e-08	3.19e-13	2.91e-42
 8.31972e+22	9.11e-13	1.00e-07	5.94e-05	1.32e-03	1.70e-01	5.50e-01	2.78e-01	9.10e-13	7.22e-16	1.11e-16	1.00e-07	3.59e-13	3.72e-42
 8.34200e+22	1.08e-12	1.16e-07	6.81e-05	1.47e-03	1.80e-01	5.53e-01	2.66e-01	1.08e-12	8.60e-16	1.32e-16	1.16e-07	4.18e-13	5.10e-42
 8.36461e+22	1.23e-12	1.31e-07	7.57e-05	1.59e-03	1.87e-01	5.54e-01	2.57e-01	1.23e-12	9.81e-16	1.51e-16	1.31e-07	4.70e-13	6.53e-42
 8.38763e+22	1.46e-12	1.51e-07	8.69e-05	1.77e-03	1.98e-01	5.56e-01	2.45e-01	1.46e-12	1.16e-15	1.79e-16	1.51e-07	5.46e-13	8.91e-42
 8.41079e+22	1.66e-12	1.70e-07	9.64e-05	1.92e-03	2.06e-01	5.56e-01	2.36e-01	1.66e-12	1.33e-15	2.04e-16	1.70e-07	6.14e-13	1.15e-41
 8.43414e+22	1.96e-12	1.96e-07	1.10e-04	2.14e-03	2.17e-01	5.57e-01	2.24e-01	1.96e-12	1.57e-15	2.42e-16	1.96e-07	7.12e-13	1.56e-41
 8.45779e+22	2.23e-12	2.20e-07	1.23e-04	2.31e-03	2.26e-01	5.57e-01	2.15e-01	2.23e-12	1.78e-15	2.75e-16	2.20e-07	8.00e-13	2.02e-41
 8.48183e+22	2.63e-12	2.54e-07	1.40e-04	2.57e-03	2.37e-01	5.56e-01	2.04e-01	2.62e-12	2.10e-15	3.24e-16	2.54e-07	9.28e-13	2.75e-41
 8.50625e+22	2.98e-12	2.84e-07	1.56e-04	2.78e-03	2.47e-01	5.55e-01	1.96e-01	2.98e-12	2.39e-15	3.69e-16	2.84e-07	1.04e-12	3.58e-41
 8.53115e+22	3.51e-12	3.28e-07	1.78e-04	3.09e-03	2.60e-01	5.52e-01	1.85e-01	3.50e-12	2.81e-15	4.35e-16	3.28e-07	1.21e-12	4.92e-41
 8.55650e+22	3.99e-12	3.69e-07	1.98e-04	3.35e-03	2.70e-01	5.50e-01	1.77e-01	3.98e-12	3.20e-15	4.96e-16	3.69e-07	1.36e-12	6.45e-41
 8.58245e+22	4.69e-12	4.26e-07	2.27e-04	3.73e-03	2.83e-01	5.47e-01	1.66e-01	4.68e-12	3.77e-15	5.85e-16	4.26e-07	1.58e-12	8.93e-41
 8.60891e+22	5.35e-12	4.79e-07	2.53e-04	4.04e-03	2.94e-01	5.44e-01	1.58e-01	5.34e-12	4.31e-15	6.69e-16	4.79e-07	1.79e-12	1.19e-40
 8.63604e+22	6.27e-12	5.54e-07	2.91e-04	4.51e-03	3.09e-01	5.39e-01	1.48e-01	6.27e-12	5.07e-15	7.88e-16	5.54e-07	2.08e-12	1.65e-40
 8.66329e+22	7.12e-12	6.22e-07	3.23e-04	4.88e-03	3.20e-01	5.34e-01	1.41e-01	7.11e-12	5.77e-15	8.97e-16	6.22e-07	2.35e-12	2.20e-40
 8.69071e+22	8.34e-12	7.17e-07	3.70e-04	5.43e-03	3.35e-01	5.28e-01	1.31e-01	8.33e-12	6.77e-15	1.05e-15	7.17e-07	2.72e-12	3.09e-40
 8.71853e+22	9.48e-12	8.05e-07	4.11e-04	5.87e-03	3.47e-01	5.23e-01	1.24e-01	9.47e-12	7.71e-15	1.20e-15	8.05e-07	3.07e-12	4.15e-40
 8.74274e+22	1.07e-11	8.97e-07	4.55e-04	6.35e-03	3.58e-01	5.17e-01	1.18e-01	1.06e-11	8.68e-15	1.35e-15	8.97e-07	3.44e-12	5.40e-40
 8.77009e+22	1.24e-11	1.03e-06	5.18e-04	7.02e-03	3.74e-01	5.09e-01	1.10e-01	1.24e-11	1.01e-14	1.58e-15	1.03e-06	3.97e-12	7.62e-40
 8.79770e+22	1.40e-11	1.15e-06	5.72e-04	7.56e-03	3.85e-01	5.03e-01	1.04e-01	1.39e-11	1.14e-14	1.79e-15	1.15e-06	4.46e-12	1.01e-39
 8.82058e+22	1.55e-11	1.26e-06	6.24e-04	8.08e-03	3.96e-01	4.97e-01	9.84e-02	1.54e-11	1.27e-14	1.99e-15	1.26e-06	4.92e-12	1.29e-39
 8.84529e+22	1.77e-11	1.42e-06	6.97e-04	8.79e-03	4.10e-01	4.89e-01	9.22e-02	1.77e-11	1.45e-14	2.28e-15	1.42e-06	5.59e-12	1.78e-39
 8.87021e+22	1.97e-11	1.57e-06	7.61e-04	9.38e-03	4.20e-01	4.82e-01	8.75e-02	1.96e-11	1.62e-14	2.55e-15	1.57e-06	6.19e-12	2.32e-39
 8.89540e+22	2.24e-11	1.76e-06	8.50e-04	1.02e-02	4.34e-01	4.73e-01	8.16e-02	2.23e-11	1.85e-14	2.91e-15	1.76e-06	7.02e-12	3.18e-39
