#depth	Ne	Ne+	Ne+2	Ne+3	Ne+4	Ne+5	Ne+6	Ne+7	Ne+8	Ne+9	Ne+10
 4.62852e+21	0.00e+00	0.00e+00	0.00e+00	0.00e+00	0.00e+00	2.18e-25	6.70e-20	1.22e-14	6.79e-09	1.65e-04	1.00e+00
 1.05195e+22	0.00e+00	0.00e+00	0.00e+00	0.00e+00	2.40e-30	1.34e-24	2.86e-19	3.61e-14	1.40e-08	2.38e-04	1.00e+00
 1.26132e+22	0.00e+00	0.00e+00	0.00e+00	0.00e+00	9.95e-30	4.38e-24	7.37e-19	7.36e-14	2.25e-08	3.01e-04	1.00e+00
 1.41097e+22	0.00e+00	0.00e+00	0.00e+00	0.00e+00	3.09e-29	1.13e-23	1.57e-18	1.30e-13	3.29e-08	3.64e-04	1.00e+00
 1.50718e+22	0.00e+00	0.00e+00	0.00e+00	0.00e+00	5.09e-29	1.70e-23	2.19e-18	1.66e-13	3.88e-08	3.96e-04	1.00e+00
 1.57551e+22	0.00e+00	0.00e+00	0.00e+00	0.00e+00	9.74e-29	2.92e-23	3.42e-18	2.33e-13	4.85e-08	4.42e-04	1.00e+00
 1.64580e+22	0.00e+00	0.00e+00	0.00e+00	0.00e+00	1.67e-28	4.58e-23	4.90e-18	3.05e-13	5.81e-08	4.84e-04	1.00e+00
 1.71866e+22	0.00e+00	0.00e+00	0.00e+00	0.00e+00	3.36e-28	8.20e-23	7.81e-18	4.32e-13	7.34e-08	5.44e-04	9.99e-01
 1.79202e+22	0.00e+00	0.00e+00	0.00e+00	0.00e+00	5.83e-28	1.30e-22	1.13e-17	5.70e-13	8.82e-08	5.96e-04	9.99e-01
 1.86604e+22	0.00e+00	0.00e+00	0.00e+00	0.00e+00	1.18e-27	2.34e-22	1.81e-17	8.12e-13	1.12e-07	6.71e-04	9.99e-01
 1.94003e+22	0.00e+00	0.00e+00	0.00e+00	0.00e+00	2.04e-27	3.68e-22	2.60e-17	1.07e-12	1.34e-07	7.35e-04	9.99e-01
 2.01400e+22	0.00e+00	0.00e+00	0.00e+00	6.18e-33	4.13e-27	6.64e-22	4.17e-17	1.52e-12	1.70e-07	8.27e-04	9.99e-01
 2.08793e+22	0.00e+00	0.00e+00	0.00e+00	1.17e-32	7.15e-27	1.05e-21	6.01e-17	2.00e-12	2.04e-07	9.06e-04	9.99e-01
 2.14288e+22	0.00e+00	0.00e+00	0.00e+00	1.78e-32	1.02e-26	1.41e-21	7.63e-17	2.39e-12	2.30e-07	9.62e-04	9.99e-01
 2.19539e+22	0.00e+00	0.00e+00	0.00e+00	3.17e-32	1.68e-26	2.14e-21	1.06e-16	3.07e-12	2.71e-07	1.04e-03	9.99e-01
 2.24906e+22	0.00e+00	0.00e+00	0.00e+00	5.16e-32	2.55e-26	3.02e-21	1.40e-16	3.78e-12	3.11e-07	1.12e-03	9.99e-01
 2.29631e+22	0.00e+00	0.00e+00	0.00e+00	8.18e-32	3.78e-26	4.20e-21	1.83e-16	4.61e-12	3.55e-07	1.20e-03	9.99e-01
 2.34979e+22	0.00e+00	0.00e+00	0.00e+00	1.45e-31	6.18e-26	6.33e-21	2.53e-16	5.89e-12	4.19e-07	1.30e-03	9.99e-01
 2.40422e+22	0.00e+00	0.00e+00	0.00e+00	2.37e-31	9.40e-26	8.98e-21	3.35e-16	7.27e-12	4.82e-07	1.39e-03	9.99e-01
 2.45172e+22	0.00e+00	0.00e+00	0.00e+00	3.74e-31	1.39e-25	1.25e-20	4.36e-16	8.86e-12	5.49e-07	1.49e-03	9.99e-01
 2.50530e+22	0.00e+00	0.00e+00	0.00e+00	6.64e-31	2.28e-25	1.88e-20	6.06e-16	1.13e-11	6.48e-07	1.62e-03	9.98e-01
 2.55986e+22	0.00e+00	0.00e+00	0.00e+00	1.08e-30	3.46e-25	2.66e-20	8.01e-16	1.40e-11	7.45e-07	1.73e-03	9.98e-01
 2.60768e+22	0.00e+00	0.00e+00	0.00e+00	1.73e-30	5.19e-25	3.73e-20	1.05e-15	1.71e-11	8.53e-07	1.85e-03	9.98e-01
 2.66184e+22	0.00e+00	0.00e+00	0.00e+00	3.06e-30	8.43e-25	5.59e-20	1.45e-15	2.19e-11	1.00e-06	2.01e-03	9.98e-01
 2.71734e+22	0.00e+00	0.00e+00	0.00e+00	5.03e-30	1.29e-24	7.98e-20	1.93e-15	2.71e-11	1.16e-06	2.16e-03	9.98e-01
 2.76585e+22	0.00e+00	0.00e+00	0.00e+00	7.97e-30	1.92e-24	1.11e-19	2.51e-15	3.31e-11	1.32e-06	2.31e-03	9.98e-01
 2.82016e+22	0.00e+00	0.00e+00	0.00e+00	1.47e-29	3.25e-24	1.72e-19	3.57e-15	4.30e-11	1.58e-06	2.52e-03	9.97e-01
 2.86914e+22	0.00e+00	0.00e+00	0.00e+00	2.08e-29	4.36e-24	2.21e-19	4.37e-15	5.01e-11	1.74e-06	2.65e-03	9.97e-01
 2.91118e+22	0.00e+00	0.00e+00	0.00e+00	3.19e-29	6.29e-24	3.00e-19	5.58e-15	6.02e-11	1.97e-06	2.82e-03	9.97e-01
 2.95670e+22	0.00e+00	0.00e+00	0.00e+00	4.87e-29	9.06e-24	4.07e-19	7.12e-15	7.23e-11	2.23e-06	2.99e-03	9.97e-01
 2.99802e+22	0.00e+00	0.00e+00	0.00e+00	7.17e-29	1.26e-23	5.36e-19	8.89e-15	8.54e-11	2.49e-06	3.16e-03	9.97e-01
 3.04302e+22	0.00e+00	0.00e+00	0.00e+00	1.17e-28	1.91e-23	7.59e-19	1.17e-14	1.05e-10	2.86e-06	3.39e-03	9.97e-01
 3.08864e+22	0.00e+00	0.00e+00	0.00e+00	1.72e-28	2.68e-23	1.00e-18	1.47e-14	1.25e-10	3.20e-06	3.59e-03	9.96e-01
 3.12868e+22	0.00e+00	0.00e+00	0.00e+00	2.53e-28	3.72e-23	1.32e-18	1.83e-14	1.47e-10	3.57e-06	3.79e-03	9.96e-01
 3.17434e+22	0.00e+00	0.00e+00	0.00e+00	4.10e-28	5.63e-23	1.87e-18	2.42e-14	1.81e-10	4.11e-06	4.06e-03	9.96e-01
 3.22067e+22	0.00e+00	0.00e+00	9.85e-34	6.13e-28	7.95e-23	2.49e-18	3.04e-14	2.16e-10	4.61e-06	4.31e-03	9.96e-01
 3.25728e+22	0.00e+00	0.00e+00	1.43e-33	8.51e-28	1.05e-22	3.14e-18	3.67e-14	2.48e-10	5.07e-06	4.51e-03	9.95e-01
 3.28938e+22	0.00e+00	0.00e+00	2.05e-33	1.16e-27	1.38e-22	3.93e-18	4.40e-14	2.84e-10	5.54e-06	4.72e-03	9.95e-01
 3.32618e+22	0.00e+00	0.00e+00	3.15e-33	1.70e-27	1.90e-22	5.16e-18	5.46e-14	3.35e-10	6.18e-06	4.98e-03	9.95e-01
 3.36496e+22	0.00e+00	0.00e+00	4.69e-33	2.41e-27	2.57e-22	6.62e-18	6.67e-14	3.89e-10	6.83e-06	5.24e-03	9.95e-01
 3.39952e+22	0.00e+00	0.00e+00	6.75e-33	3.31e-27	3.38e-22	8.31e-18	8.01e-14	4.47e-10	7.49e-06	5.49e-03	9.95e-01
 3.43765e+22	0.00e+00	0.00e+00	1.05e-32	4.86e-27	4.69e-22	1.09e-17	9.99e-14	5.27e-10	8.37e-06	5.80e-03	9.94e-01
 3.47736e+22	0.00e+00	0.00e+00	1.58e-32	6.97e-27	6.39e-22	1.42e-17	1.23e-13	6.16e-10	9.28e-06	6.10e-03	9.94e-01
 3.51217e+22	0.00e+00	0.00e+00	2.29e-32	9.66e-27	8.46e-22	1.79e-17	1.48e-13	7.10e-10	1.02e-05	6.40e-03	9.94e-01
 3.54531e+22	0.00e+00	0.00e+00	3.30e-32	1.33e-26	1.11e-21	2.25e-17	1.78e-13	8.14e-10	1.12e-05	6.70e-03	9.93e-01
 3.58325e+22	0.00e+00	0.00e+00	5.15e-32	1.96e-26	1.55e-21	2.97e-17	2.23e-13	9.64e-10	1.25e-05	7.08e-03	9.93e-01
 3.61950e+22	0.00e+00	0.00e+00	7.26e-32	2.65e-26	2.01e-21	3.69e-17	2.65e-13	1.10e-09	1.36e-05	7.40e-03	9.93e-01
 3.64807e+22	0.00e+00	0.00e+00	9.86e-32	3.47e-26	2.53e-21	4.47e-17	3.09e-13	1.23e-09	1.47e-05	7.69e-03	9.92e-01
 3.67976e+22	0.00e+00	0.00e+00	1.41e-31	4.75e-26	3.32e-21	5.60e-17	3.70e-13	1.41e-09	1.61e-05	8.04e-03	9.92e-01
 3.71382e+22	0.00e+00	0.00e+00	2.03e-31	6.52e-26	4.35e-21	7.02e-17	4.44e-13	1.62e-09	1.77e-05	8.42e-03	9.92e-01
 3.74466e+22	0.00e+00	0.00e+00	2.78e-31	8.61e-26	5.53e-21	8.57e-17	5.21e-13	1.83e-09	1.92e-05	8.76e-03	9.91e-01
 3.77843e+22	0.00e+00	0.00e+00	4.08e-31	1.20e-25	7.37e-21	1.09e-16	6.32e-13	2.11e-09	2.11e-05	9.19e-03	9.91e-01
 3.81331e+22	0.00e+00	0.00e+00	5.85e-31	1.65e-25	9.67e-21	1.37e-16	7.58e-13	2.42e-09	2.31e-05	9.62e-03	9.90e-01
 3.84333e+22	0.00e+00	0.00e+00	8.05e-31	2.18e-25	1.23e-20	1.67e-16	8.90e-13	2.73e-09	2.51e-05	1.00e-02	9.90e-01
 3.87604e+22	0.00e+00	0.00e+00	1.17e-30	3.03e-25	1.63e-20	2.11e-16	1.07e-12	3.15e-09	2.75e-05	1.05e-02	9.89e-01
 3.91003e+22	0.00e+00	0.00e+00	1.66e-30	4.11e-25	2.12e-20	2.63e-16	1.28e-12	3.60e-09	3.01e-05	1.10e-02	9.89e-01
 3.93791e+22	0.00e+00	0.00e+00	2.22e-30	5.30e-25	2.63e-20	3.15e-16	1.48e-12	4.01e-09	3.24e-05	1.14e-02	9.89e-01
 3.96253e+22	0.00e+00	0.00e+00	2.84e-30	6.59e-25	3.17e-20	3.68e-16	1.68e-12	4.41e-09	3.45e-05	1.17e-02	9.88e-01
 3.99070e+22	0.00e+00	0.00e+00	3.92e-30	8.73e-25	4.04e-20	4.51e-16	1.98e-12	4.99e-09	3.74e-05	1.22e-02	9.88e-01
 4.02086e+22	0.00e+00	0.00e+00	5.36e-30	1.15e-24	5.12e-20	5.49e-16	2.31e-12	5.62e-09	4.05e-05	1.27e-02	9.87e-01
 4.04839e+22	0.00e+00	0.00e+00	7.21e-30	1.49e-24	6.39e-20	6.61e-16	2.69e-12	6.28e-09	4.36e-05	1.32e-02	9.87e-01
 4.07437e+22	0.00e+00	0.00e+00	9.55e-30	1.91e-24	7.90e-20	7.89e-16	3.10e-12	6.99e-09	4.68e-05	1.37e-02	9.86e-01
 4.10357e+22	0.00e+00	0.00e+00	1.33e-29	2.54e-24	1.01e-19	9.69e-16	3.65e-12	7.92e-09	5.09e-05	1.42e-02	9.86e-01
 4.13434e+22	0.00e+00	0.00e+00	1.83e-29	3.37e-24	1.29e-19	1.19e-15	4.29e-12	8.95e-09	5.52e-05	1.48e-02	9.85e-01
 4.16140e+22	0.00e+00	0.00e+00	2.44e-29	4.33e-24	1.60e-19	1.42e-15	4.96e-12	9.98e-09	5.93e-05	1.54e-02	9.85e-01
 4.19084e+22	0.00e+00	0.00e+00	3.42e-29	5.82e-24	2.06e-19	1.75e-15	5.89e-12	1.13e-08	6.46e-05	1.60e-02	9.84e-01
 4.21986e+22	0.00e+00	0.00e+00	4.58e-29	7.52e-24	2.57e-19	2.11e-15	6.82e-12	1.27e-08	6.95e-05	1.66e-02	9.83e-01
 4.24323e+22	0.00e+00	0.00e+00	5.86e-29	9.34e-24	3.09e-19	2.46e-15	7.72e-12	1.39e-08	7.40e-05	1.71e-02	9.83e-01
 4.26850e+22	0.00e+00	0.00e+00	7.80e-29	1.20e-23	3.83e-19	2.95e-15	8.92e-12	1.55e-08	7.95e-05	1.78e-02	9.82e-01
 4.29601e+22	0.00e+00	0.00e+00	1.04e-28	1.54e-23	4.74e-19	3.52e-15	1.03e-11	1.73e-08	8.54e-05	1.84e-02	9.82e-01
 4.32179e+22	0.00e+00	0.00e+00	1.37e-28	1.96e-23	5.85e-19	4.19e-15	1.18e-11	1.92e-08	9.17e-05	1.91e-02	9.81e-01
 4.34665e+22	0.00e+00	0.00e+00	1.79e-28	2.48e-23	7.15e-19	4.96e-15	1.35e-11	2.12e-08	9.81e-05	1.97e-02	9.80e-01
 4.37085e+22	0.00e+00	2.00e-34	2.31e-28	3.11e-23	8.68e-19	5.83e-15	1.54e-11	2.34e-08	1.05e-04	2.04e-02	9.80e-01
 4.39819e+22	0.00e+00	2.83e-34	3.15e-28	4.07e-23	1.09e-18	7.07e-15	1.80e-11	2.63e-08	1.13e-04	2.11e-02	9.79e-01
 4.42670e+22	0.00e+00	3.96e-34	4.24e-28	5.29e-23	1.37e-18	8.53e-15	2.09e-11	2.95e-08	1.22e-04	2.19e-02	9.78e-01
 4.45134e+22	0.00e+00	5.32e-34	5.52e-28	6.67e-23	1.67e-18	1.01e-14	2.39e-11	3.26e-08	1.30e-04	2.27e-02	9.77e-01
 4.47800e+22	0.00e+00	7.51e-34	7.51e-28	8.72e-23	2.10e-18	1.22e-14	2.79e-11	3.66e-08	1.41e-04	2.36e-02	9.76e-01
 4.50493e+22	0.00e+00	1.02e-33	9.88e-28	1.11e-22	2.58e-18	1.45e-14	3.20e-11	4.06e-08	1.51e-04	2.44e-02	9.75e-01
 4.52758e+22	0.00e+00	1.34e-33	1.26e-27	1.37e-22	3.10e-18	1.69e-14	3.62e-11	4.45e-08	1.60e-04	2.51e-02	9.75e-01
 4.55241e+22	0.00e+00	1.85e-33	1.67e-27	1.76e-22	3.84e-18	2.02e-14	4.18e-11	4.95e-08	1.72e-04	2.60e-02	9.74e-01
 4.57914e+22	0.00e+00	2.55e-33	2.23e-27	2.26e-22	4.76e-18	2.41e-14	4.82e-11	5.52e-08	1.85e-04	2.70e-02	9.73e-01
 4.60346e+22	0.00e+00	3.40e-33	2.87e-27	2.82e-22	5.76e-18	2.83e-14	5.48e-11	6.08e-08	1.97e-04	2.78e-02	9.72e-01
 4.63020e+22	0.00e+00	4.82e-33	3.92e-27	3.71e-22	7.28e-18	3.44e-14	6.41e-11	6.83e-08	2.13e-04	2.89e-02	9.71e-01
 4.65756e+22	0.00e+00	6.69e-33	5.24e-27	4.78e-22	9.06e-18	4.13e-14	7.41e-11	7.62e-08	2.29e-04	3.00e-02	9.70e-01
 4.68030e+22	0.00e+00	8.75e-33	6.66e-27	5.90e-22	1.08e-17	4.80e-14	8.36e-11	8.35e-08	2.44e-04	3.09e-02	9.69e-01
 4.70443e+22	0.00e+00	1.20e-32	8.81e-27	7.54e-22	1.34e-17	5.72e-14	9.63e-11	9.28e-08	2.61e-04	3.20e-02	9.68e-01
 4.73058e+22	0.00e+00	1.65e-32	1.17e-26	9.66e-22	1.66e-17	6.83e-14	1.11e-10	1.03e-07	2.81e-04	3.31e-02	9.67e-01
 4.75472e+22	0.00e+00	2.20e-32	1.51e-26	1.21e-21	2.00e-17	8.01e-14	1.26e-10	1.14e-07	2.99e-04	3.42e-02	9.66e-01
 4.78147e+22	0.00e+00	3.14e-32	2.07e-26	1.59e-21	2.54e-17	9.77e-14	1.48e-10	1.28e-07	3.24e-04	3.55e-02	9.64e-01
 4.80945e+22	0.00e+00	4.45e-32	2.82e-26	2.09e-21	3.21e-17	1.19e-13	1.73e-10	1.44e-07	3.50e-04	3.69e-02	9.63e-01
 4.83271e+22	0.00e+00	5.88e-32	3.62e-26	2.59e-21	3.86e-17	1.38e-13	1.95e-10	1.58e-07	3.72e-04	3.80e-02	9.62e-01
 4.85663e+22	0.00e+00	8.16e-32	4.84e-26	3.35e-21	4.80e-17	1.66e-13	2.26e-10	1.76e-07	4.00e-04	3.94e-02	9.60e-01
 4.88220e+22	0.00e+00	1.11e-31	6.34e-26	4.24e-21	5.89e-17	1.97e-13	2.59e-10	1.95e-07	4.28e-04	4.07e-02	9.59e-01
 4.90616e+22	0.00e+00	1.50e-31	8.31e-26	5.37e-21	7.20e-17	2.33e-13	2.96e-10	2.15e-07	4.57e-04	4.21e-02	9.57e-01
 4.93353e+22	0.00e+00	2.21e-31	1.17e-25	7.26e-21	9.33e-17	2.89e-13	3.52e-10	2.45e-07	4.98e-04	4.39e-02	9.56e-01
 4.96106e+22	0.00e+00	3.08e-31	1.57e-25	9.38e-21	1.16e-16	3.47e-13	4.07e-10	2.73e-07	5.36e-04	4.54e-02	9.54e-01
 4.98359e+22	0.00e+00	4.08e-31	2.02e-25	1.17e-20	1.40e-16	4.06e-13	4.61e-10	3.00e-07	5.70e-04	4.68e-02	9.53e-01
 5.00768e+22	0.00e+00	5.76e-31	2.74e-25	1.52e-20	1.76e-16	4.90e-13	5.36e-10	3.35e-07	6.14e-04	4.86e-02	9.51e-01
 5.03306e+22	0.00e+00	7.91e-31	3.63e-25	1.95e-20	2.17e-16	5.85e-13	6.17e-10	3.72e-07	6.58e-04	5.02e-02	9.49e-01
 5.05609e+22	0.00e+00	1.08e-30	4.77e-25	2.48e-20	2.67e-16	6.93e-13	7.06e-10	4.12e-07	7.04e-04	5.19e-02	9.47e-01
 5.08202e+22	0.00e+00	1.55e-30	6.59e-25	3.28e-20	3.40e-16	8.48e-13	8.29e-10	4.64e-07	7.62e-04	5.39e-02	9.45e-01
 5.10913e+22	0.00e+00	2.23e-30	9.11e-25	4.35e-20	4.33e-16	1.04e-12	9.73e-10	5.22e-07	8.24e-04	5.60e-02	9.43e-01
 5.13155e+22	0.00e+00	3.01e-30	1.19e-24	5.48e-20	5.27e-16	1.22e-12	1.11e-09	5.75e-07	8.78e-04	5.78e-02	9.41e-01
 5.15447e+22	0.00e+00	4.24e-30	1.61e-24	7.14e-20	6.61e-16	1.48e-12	1.29e-09	6.43e-07	9.45e-04	5.99e-02	9.39e-01
 5.17870e+22	0.00e+00	5.83e-30	2.13e-24	9.14e-20	8.16e-16	1.76e-12	1.48e-09	7.12e-07	1.01e-03	6.19e-02	9.37e-01
 5.20091e+22	0.00e+00	7.96e-30	2.81e-24	1.16e-19	1.00e-15	2.08e-12	1.69e-09	7.87e-07	1.08e-03	6.39e-02	9.35e-01
 5.22609e+22	0.00e+00	1.18e-29	3.98e-24	1.57e-19	1.30e-15	2.59e-12	2.01e-09	8.93e-07	1.18e-03	6.65e-02	9.32e-01
 5.25158e+22	0.00e+00	1.66e-29	5.38e-24	2.05e-19	1.63e-15	3.12e-12	2.33e-09	9.96e-07	1.26e-03	6.89e-02	9.30e-01
 5.27263e+22	0.00e+00	2.25e-29	7.04e-24	2.59e-19	1.99e-15	3.69e-12	2.66e-09	1.10e-06	1.35e-03	7.10e-02	9.28e-01
 5.29516e+22	0.00e+00	3.24e-29	9.70e-24	3.42e-19	2.53e-15	4.49e-12	3.11e-09	1.23e-06	1.45e-03	7.37e-02	9.25e-01
 5.31853e+22	0.00e+00	4.46e-29	1.29e-23	4.38e-19	3.12e-15	5.35e-12	3.57e-09	1.36e-06	1.55e-03	7.61e-02	9.22e-01
 5.33951e+22	0.00e+00	6.10e-29	1.70e-23	5.58e-19	3.84e-15	6.36e-12	4.09e-09	1.51e-06	1.66e-03	7.85e-02	9.20e-01
 5.36329e+22	0.00e+00	9.21e-29	2.44e-23	7.66e-19	5.03e-15	7.96e-12	4.88e-09	1.71e-06	1.81e-03	8.18e-02	9.16e-01
 5.38700e+22	0.00e+00	1.26e-28	3.22e-23	9.75e-19	6.18e-15	9.45e-12	5.58e-09	1.89e-06	1.93e-03	8.44e-02	9.14e-01
 5.40720e+22	0.00e+00	1.73e-28	4.27e-23	1.25e-18	7.62e-15	1.12e-11	6.40e-09	2.09e-06	2.06e-03	8.70e-02	9.11e-01
 5.42695e+22	5.24e-35	2.32e-28	5.53e-23	1.56e-18	9.24e-15	1.32e-11	7.26e-09	2.30e-06	2.19e-03	8.96e-02	9.08e-01
 5.44954e+22	8.10e-35	3.43e-28	7.81e-23	2.10e-18	1.19e-14	1.63e-11	8.58e-09	2.59e-06	2.37e-03	9.30e-02	9.05e-01
 5.47239e+22	1.18e-34	4.81e-28	1.05e-22	2.73e-18	1.49e-14	1.96e-11	9.91e-09	2.88e-06	2.54e-03	9.61e-02	9.01e-01
 5.49198e+22	1.66e-34	6.52e-28	1.38e-22	3.45e-18	1.82e-14	2.31e-11	1.13e-08	3.17e-06	2.70e-03	9.90e-02	8.98e-01
 5.51383e+22	2.54e-34	9.54e-28	1.93e-22	4.62e-18	2.34e-14	2.85e-11	1.33e-08	3.57e-06	2.92e-03	1.03e-01	8.94e-01
 5.53594e+22	3.65e-34	1.32e-27	2.56e-22	5.92e-18	2.89e-14	3.39e-11	1.53e-08	3.95e-06	3.12e-03	1.06e-01	8.91e-01
 5.55503e+22	5.21e-34	1.81e-27	3.39e-22	7.56e-18	3.56e-14	4.03e-11	1.75e-08	4.36e-06	3.33e-03	1.09e-01	8.88e-01
 5.57649e+22	8.04e-34	2.67e-27	4.78e-22	1.02e-17	4.59e-14	4.98e-11	2.06e-08	4.92e-06	3.60e-03	1.13e-01	8.83e-01
 5.59860e+22	1.16e-33	3.69e-27	6.36e-22	1.31e-17	5.68e-14	5.95e-11	2.37e-08	5.44e-06	3.84e-03	1.17e-01	8.79e-01
 5.61822e+22	1.67e-33	5.12e-27	8.49e-22	1.68e-17	7.04e-14	7.10e-11	2.72e-08	6.02e-06	4.10e-03	1.20e-01	8.76e-01
 5.63731e+22	2.36e-33	6.98e-27	1.12e-21	2.13e-17	8.62e-14	8.40e-11	3.10e-08	6.63e-06	4.37e-03	1.24e-01	8.72e-01
 5.65905e+22	3.66e-33	1.04e-26	1.58e-21	2.88e-17	1.12e-13	1.04e-10	3.67e-08	7.49e-06	4.73e-03	1.28e-01	8.67e-01
 5.68133e+22	5.41e-33	1.47e-26	2.15e-21	3.77e-17	1.40e-13	1.26e-10	4.26e-08	8.34e-06	5.07e-03	1.33e-01	8.62e-01
 5.70083e+22	7.85e-33	2.05e-26	2.88e-21	4.86e-17	1.74e-13	1.51e-10	4.90e-08	9.23e-06	5.41e-03	1.37e-01	8.58e-01
 5.71968e+22	1.12e-32	2.81e-26	3.81e-21	6.20e-17	2.15e-13	1.79e-10	5.61e-08	1.02e-05	5.76e-03	1.41e-01	8.54e-01
 5.74119e+22	1.75e-32	4.19e-26	5.42e-21	8.41e-17	2.79e-13	2.22e-10	6.65e-08	1.15e-05	6.23e-03	1.46e-01	8.48e-01
 5.76346e+22	2.60e-32	5.97e-26	7.40e-21	1.10e-16	3.51e-13	2.69e-10	7.72e-08	1.28e-05	6.68e-03	1.50e-01	8.43e-01
 5.78348e+22	3.81e-32	8.41e-26	1.00e-20	1.43e-16	4.40e-13	3.24e-10	8.92e-08	1.42e-05	7.15e-03	1.55e-01	8.38e-01
 5.80626e+22	6.16e-32	1.29e-25	1.46e-20	1.99e-16	5.83e-13	4.10e-10	1.07e-07	1.63e-05	7.78e-03	1.61e-01	8.31e-01
 5.82973e+22	9.52e-32	1.91e-25	2.06e-20	2.68e-16	7.52e-13	5.06e-10	1.26e-07	1.83e-05	8.38e-03	1.67e-01	8.25e-01
 5.84889e+22	1.34e-31	2.59e-25	2.70e-20	3.40e-16	9.19e-13	5.97e-10	1.44e-07	2.01e-05	8.90e-03	1.71e-01	8.20e-01
 5.86858e+22	2.06e-31	3.80e-25	3.78e-20	4.56e-16	1.18e-12	7.35e-10	1.69e-07	2.26e-05	9.58e-03	1.77e-01	8.14e-01
 5.88902e+22	2.97e-31	5.27e-25	5.04e-20	5.85e-16	1.46e-12	8.77e-10	1.94e-07	2.49e-05	1.02e-02	1.82e-01	8.08e-01
 5.90621e+22	4.14e-31	7.09e-25	6.55e-20	7.34e-16	1.77e-12	1.03e-09	2.19e-07	2.72e-05	1.08e-02	1.86e-01	8.03e-01
 5.92165e+22	5.69e-31	9.42e-25	8.41e-20	9.12e-16	2.14e-12	1.20e-09	2.47e-07	2.97e-05	1.14e-02	1.91e-01	7.98e-01
 5.93906e+22	8.33e-31	1.32e-24	1.13e-19	1.18e-15	2.67e-12	1.44e-09	2.85e-07	3.29e-05	1.22e-02	1.96e-01	7.91e-01
 5.95584e+22	1.13e-30	1.74e-24	1.44e-19	1.46e-15	3.19e-12	1.67e-09	3.20e-07	3.57e-05	1.28e-02	2.01e-01	7.86e-01
 5.96917e+22	1.50e-30	2.23e-24	1.80e-19	1.76e-15	3.75e-12	1.91e-09	3.55e-07	3.85e-05	1.34e-02	2.05e-01	7.82e-01
 5.98384e+22	2.07e-30	2.98e-24	2.32e-19	2.20e-15	4.54e-12	2.24e-09	4.01e-07	4.20e-05	1.42e-02	2.10e-01	7.76e-01
 5.99934e+22	2.80e-30	3.91e-24	2.95e-19	2.71e-15	5.41e-12	2.59e-09	4.49e-07	4.55e-05	1.49e-02	2.14e-01	7.71e-01
 6.01268e+22	3.67e-30	4.98e-24	3.64e-19	3.26e-15	6.34e-12	2.95e-09	4.97e-07	4.89e-05	1.56e-02	2.19e-01	7.66e-01
 6.02484e+22	4.79e-30	6.32e-24	4.49e-19	3.91e-15	7.40e-12	3.35e-09	5.48e-07	5.24e-05	1.63e-02	2.23e-01	7.61e-01
 6.03869e+22	6.68e-30	8.50e-24	5.83e-19	4.90e-15	8.98e-12	3.94e-09	6.21e-07	5.73e-05	1.72e-02	2.28e-01	7.55e-01
 6.05274e+22	8.75e-30	1.08e-23	7.21e-19	5.89e-15	1.05e-11	4.48e-09	6.86e-07	6.15e-05	1.80e-02	2.32e-01	7.50e-01
 6.06706e+22	1.23e-29	1.46e-23	9.41e-19	7.42e-15	1.28e-11	5.28e-09	7.79e-07	6.73e-05	1.90e-02	2.38e-01	7.43e-01
 6.08091e+22	1.59e-29	1.85e-23	1.15e-18	8.86e-15	1.49e-11	5.98e-09	8.58e-07	7.21e-05	1.99e-02	2.42e-01	7.38e-01
 6.09222e+22	2.07e-29	2.33e-23	1.42e-18	1.06e-14	1.73e-11	6.78e-09	9.44e-07	7.71e-05	2.07e-02	2.46e-01	7.33e-01
 6.10333e+22	2.66e-29	2.92e-23	1.73e-18	1.26e-14	2.01e-11	7.66e-09	1.04e-06	8.25e-05	2.16e-02	2.50e-01	7.28e-01
 6.11610e+22	3.65e-29	3.88e-23	2.21e-18	1.56e-14	2.41e-11	8.91e-09	1.17e-06	8.96e-05	2.27e-02	2.56e-01	7.22e-01
 6.12917e+22	4.86e-29	5.00e-23	2.77e-18	1.89e-14	2.84e-11	1.02e-08	1.30e-06	9.65e-05	2.38e-02	2.60e-01	7.16e-01
 6.14047e+22	6.26e-29	6.27e-23	3.38e-18	2.25e-14	3.29e-11	1.15e-08	1.42e-06	1.03e-04	2.48e-02	2.65e-01	7.10e-01
 6.15298e+22	8.68e-29	8.39e-23	4.36e-18	2.80e-14	3.98e-11	1.35e-08	1.61e-06	1.12e-04	2.61e-02	2.70e-01	7.03e-01
 6.16579e+22	1.15e-28	1.08e-22	5.46e-18	3.41e-14	4.70e-11	1.55e-08	1.78e-06	1.21e-04	2.73e-02	2.75e-01	6.97e-01
 6.17642e+22	1.47e-28	1.34e-22	6.58e-18	4.00e-14	5.39e-11	1.73e-08	1.95e-06	1.28e-04	2.84e-02	2.79e-01	6.92e-01
 6.18767e+22	1.99e-28	1.76e-22	8.36e-18	4.92e-14	6.44e-11	2.01e-08	2.18e-06	1.39e-04	2.98e-02	2.85e-01	6.85e-01
 6.19920e+22	2.59e-28	2.22e-22	1.03e-17	5.88e-14	7.50e-11	2.28e-08	2.40e-06	1.49e-04	3.10e-02	2.89e-01	6.79e-01
 6.20945e+22	3.34e-28	2.79e-22	1.25e-17	7.00e-14	8.69e-11	2.57e-08	2.64e-06	1.59e-04	3.23e-02	2.94e-01	6.74e-01
 6.22113e+22	4.66e-28	3.76e-22	1.63e-17	8.77e-14	1.05e-10	3.02e-08	2.98e-06	1.73e-04	3.40e-02	3.00e-01	6.66e-01
 6.23289e+22	6.09e-28	4.78e-22	2.01e-17	1.05e-13	1.23e-10	3.43e-08	3.29e-06	1.85e-04	3.55e-02	3.05e-01	6.60e-01
 6.24477e+22	8.71e-28	6.58e-22	2.66e-17	1.34e-13	1.52e-10	4.07e-08	3.75e-06	2.03e-04	3.75e-02	3.11e-01	6.51e-01
 6.25644e+22	1.12e-27	8.23e-22	3.24e-17	1.59e-13	1.75e-10	4.59e-08	4.12e-06	2.17e-04	3.90e-02	3.16e-01	6.45e-01
 6.26782e+22	1.60e-27	1.13e-21	4.28e-17	2.02e-13	2.15e-10	5.45e-08	4.69e-06	2.37e-04	4.11e-02	3.22e-01	6.37e-01
 6.27916e+22	2.05e-27	1.41e-21	5.20e-17	2.40e-13	2.49e-10	6.15e-08	5.15e-06	2.53e-04	4.28e-02	3.27e-01	6.30e-01
 6.29046e+22	2.97e-27	1.96e-21	6.94e-17	3.07e-13	3.08e-10	7.33e-08	5.89e-06	2.78e-04	4.52e-02	3.33e-01	6.21e-01
 6.30175e+22	3.85e-27	2.48e-21	8.51e-17	3.67e-13	3.58e-10	8.31e-08	6.48e-06	2.97e-04	4.70e-02	3.38e-01	6.15e-01
 6.31301e+22	5.57e-27	3.45e-21	1.14e-16	4.71e-13	4.44e-10	9.93e-08	7.43e-06	3.26e-04	4.97e-02	3.45e-01	6.05e-01
 6.32414e+22	7.20e-27	4.34e-21	1.39e-16	5.61e-13	5.15e-10	1.12e-07	8.17e-06	3.49e-04	5.17e-02	3.49e-01	5.98e-01
 6.33511e+22	1.03e-26	5.96e-21	1.84e-16	7.13e-13	6.34e-10	1.33e-07	9.33e-06	3.82e-04	5.46e-02	3.56e-01	5.89e-01
 6.34596e+22	1.34e-26	7.55e-21	2.26e-16	8.54e-13	7.39e-10	1.52e-07	1.03e-05	4.08e-04	5.68e-02	3.61e-01	5.82e-01
 6.35667e+22	1.90e-26	1.03e-20	2.98e-16	1.08e-12	9.07e-10	1.80e-07	1.17e-05	4.47e-04	5.99e-02	3.67e-01	5.72e-01
 6.36754e+22	2.51e-26	1.33e-20	3.71e-16	1.31e-12	1.07e-09	2.06e-07	1.30e-05	4.80e-04	6.24e-02	3.72e-01	5.65e-01
 6.37864e+22	3.63e-26	1.84e-20	4.94e-16	1.68e-12	1.32e-09	2.46e-07	1.49e-05	5.27e-04	6.60e-02	3.79e-01	5.54e-01
 6.38994e+22	4.86e-26	2.39e-20	6.21e-16	2.05e-12	1.57e-09	2.84e-07	1.67e-05	5.68e-04	6.89e-02	3.84e-01	5.46e-01
 6.40150e+22	7.12e-26	3.36e-20	8.39e-16	2.65e-12	1.96e-09	3.42e-07	1.92e-05	6.27e-04	7.30e-02	3.91e-01	5.35e-01
 6.41308e+22	9.53e-26	4.37e-20	1.06e-15	3.24e-12	2.33e-09	3.95e-07	2.15e-05	6.76e-04	7.62e-02	3.97e-01	5.26e-01
 6.42307e+22	1.27e-25	5.64e-20	1.32e-15	3.94e-12	2.75e-09	4.55e-07	2.40e-05	7.29e-04	7.96e-02	4.02e-01	5.18e-01
 6.43442e+22	1.84e-25	7.88e-20	1.77e-15	5.07e-12	3.43e-09	5.47e-07	2.76e-05	8.03e-04	8.41e-02	4.08e-01	5.07e-01
 6.44576e+22	2.43e-25	1.01e-19	2.21e-15	6.13e-12	4.04e-09	6.27e-07	3.07e-05	8.63e-04	8.77e-02	4.13e-01	4.98e-01
 6.45707e+22	3.51e-25	1.40e-19	2.95e-15	7.89e-12	5.02e-09	7.53e-07	3.54e-05	9.50e-04	9.26e-02	4.20e-01	4.87e-01
 6.46834e+22	4.56e-25	1.78e-19	3.63e-15	9.44e-12	5.86e-09	8.58e-07	3.91e-05	1.02e-03	9.63e-02	4.24e-01	4.78e-01
 6.47955e+22	6.49e-25	2.44e-19	4.80e-15	1.20e-11	7.23e-09	1.02e-06	4.49e-05	1.12e-03	1.02e-01	4.30e-01	4.67e-01
 6.49099e+22	8.49e-25	3.10e-19	5.93e-15	1.45e-11	8.49e-09	1.17e-06	4.99e-05	1.20e-03	1.06e-01	4.35e-01	4.58e-01
 6.50271e+22	1.21e-24	4.27e-19	7.86e-15	1.85e-11	1.05e-08	1.40e-06	5.73e-05	1.32e-03	1.11e-01	4.40e-01	4.47e-01
 6.51469e+22	1.58e-24	5.44e-19	9.74e-15	2.23e-11	1.23e-08	1.61e-06	6.37e-05	1.42e-03	1.16e-01	4.45e-01	4.38e-01
 6.52700e+22	2.25e-24	7.46e-19	1.29e-14	2.84e-11	1.53e-08	1.92e-06	7.33e-05	1.56e-03	1.22e-01	4.50e-01	4.26e-01
 6.53965e+22	2.97e-24	9.59e-19	1.61e-14	3.44e-11	1.81e-08	2.21e-06	8.18e-05	1.68e-03	1.27e-01	4.54e-01	4.17e-01
 6.55084e+22	3.87e-24	1.22e-18	1.99e-14	4.14e-11	2.12e-08	2.54e-06	9.09e-05	1.80e-03	1.32e-01	4.58e-01	4.08e-01
 6.56347e+22	5.42e-24	1.65e-18	2.60e-14	5.23e-11	2.60e-08	3.01e-06	1.04e-04	1.97e-03	1.39e-01	4.63e-01	3.96e-01
 6.57625e+22	7.01e-24	2.08e-18	3.20e-14	6.26e-11	3.04e-08	3.44e-06	1.15e-04	2.12e-03	1.45e-01	4.66e-01	3.87e-01
 6.58924e+22	9.74e-24	2.80e-18	4.16e-14	7.87e-11	3.71e-08	4.08e-06	1.32e-04	2.32e-03	1.52e-01	4.70e-01	3.76e-01
 6.60261e+22	1.27e-23	3.55e-18	5.14e-14	9.47e-11	4.36e-08	4.67e-06	1.47e-04	2.49e-03	1.58e-01	4.73e-01	3.66e-01
 6.61462e+22	1.63e-23	4.47e-18	6.31e-14	1.13e-10	5.10e-08	5.33e-06	1.63e-04	2.67e-03	1.64e-01	4.76e-01	3.57e-01
 6.62837e+22	2.26e-23	6.00e-18	8.20e-14	1.42e-10	6.23e-08	6.31e-06	1.86e-04	2.92e-03	1.72e-01	4.79e-01	3.46e-01
 6.64222e+22	2.90e-23	7.51e-18	1.00e-13	1.69e-10	7.25e-08	7.18e-06	2.05e-04	3.12e-03	1.78e-01	4.82e-01	3.37e-01
 6.65619e+22	3.99e-23	1.00e-17	1.30e-13	2.12e-10	8.84e-08	8.49e-06	2.34e-04	3.41e-03	1.86e-01	4.84e-01	3.26e-01
 6.67037e+22	5.08e-23	1.25e-17	1.57e-13	2.52e-10	1.03e-07	9.63e-06	2.58e-04	3.64e-03	1.93e-01	4.86e-01	3.17e-01
 6.68481e+22	6.96e-23	1.66e-17	2.03e-13	3.15e-10	1.25e-07	1.14e-05	2.94e-04	3.98e-03	2.02e-01	4.88e-01	3.06e-01
 6.69874e+22	8.60e-23	2.02e-17	2.42e-13	3.66e-10	1.42e-07	1.27e-05	3.21e-04	4.21e-03	2.08e-01	4.89e-01	2.98e-01
 6.71199e+22	1.14e-22	2.59e-17	3.03e-13	4.46e-10	1.69e-07	1.47e-05	3.60e-04	4.55e-03	2.16e-01	4.90e-01	2.89e-01
 6.72557e+22	1.41e-22	3.17e-17	3.62e-13	5.21e-10	1.94e-07	1.65e-05	3.94e-04	4.83e-03	2.23e-01	4.91e-01	2.81e-01
 6.73957e+22	1.88e-22	4.10e-17	4.56e-13	6.38e-10	2.31e-07	1.92e-05	4.44e-04	5.23e-03	2.32e-01	4.92e-01	2.71e-01
 6.75371e+22	2.32e-22	4.98e-17	5.42e-13	7.42e-10	2.64e-07	2.14e-05	4.84e-04	5.54e-03	2.39e-01	4.92e-01	2.63e-01
 6.76802e+22	3.07e-22	6.43e-17	6.83e-13	9.08e-10	3.15e-07	2.49e-05	5.44e-04	6.00e-03	2.48e-01	4.92e-01	2.54e-01
 6.78255e+22	3.80e-22	7.80e-17	8.12e-13	1.06e-09	3.59e-07	2.78e-05	5.94e-04	6.35e-03	2.55e-01	4.92e-01	2.46e-01
 6.79537e+22	4.69e-22	9.45e-17	9.64e-13	1.23e-09	4.10e-07	3.11e-05	6.48e-04	6.73e-03	2.62e-01	4.91e-01	2.39e-01
 6.80808e+22	5.76e-22	1.14e-16	1.14e-12	1.42e-09	4.67e-07	3.47e-05	7.06e-04	7.13e-03	2.70e-01	4.90e-01	2.32e-01
 6.82269e+22	7.49e-22	1.45e-16	1.42e-12	1.72e-09	5.51e-07	3.99e-05	7.87e-04	7.66e-03	2.79e-01	4.89e-01	2.23e-01
 6.83740e+22	9.18e-22	1.75e-16	1.67e-12	1.99e-09	6.26e-07	4.45e-05	8.57e-04	8.11e-03	2.87e-01	4.88e-01	2.16e-01
 6.85224e+22	1.19e-21	2.22e-16	2.08e-12	2.40e-09	7.38e-07	5.12e-05	9.56e-04	8.72e-03	2.96e-01	4.86e-01	2.08e-01
 6.86724e+22	1.45e-21	2.66e-16	2.44e-12	2.77e-09	8.36e-07	5.68e-05	1.04e-03	9.19e-03	3.04e-01	4.85e-01	2.01e-01
 6.88245e+22	1.88e-21	3.37e-16	3.02e-12	3.34e-09	9.84e-07	6.52e-05	1.16e-03	9.87e-03	3.14e-01	4.82e-01	1.93e-01
 6.89797e+22	2.30e-21	4.04e-16	3.57e-12	3.86e-09	1.12e-06	7.25e-05	1.25e-03	1.04e-02	3.22e-01	4.80e-01	1.87e-01
 6.91388e+22	2.98e-21	5.14e-16	4.42e-12	4.66e-09	1.32e-06	8.33e-05	1.40e-03	1.12e-02	3.32e-01	4.77e-01	1.79e-01
 6.93015e+22	3.66e-21	6.20e-16	5.23e-12	5.40e-09	1.50e-06	9.27e-05	1.52e-03	1.18e-02	3.40e-01	4.74e-01	1.72e-01
 6.94688e+22	4.76e-21	7.88e-16	6.50e-12	6.53e-09	1.76e-06	1.06e-04	1.69e-03	1.27e-02	3.51e-01	4.70e-01	1.65e-01
 6.96413e+22	5.90e-21	9.60e-16	7.76e-12	7.62e-09	2.02e-06	1.19e-04	1.85e-03	1.34e-02	3.60e-01	4.67e-01	1.58e-01
 6.97903e+22	7.15e-21	1.14e-15	9.08e-12	8.74e-09	2.27e-06	1.32e-04	1.99e-03	1.41e-02	3.67e-01	4.64e-01	1.53e-01
 6.99538e+22	9.17e-21	1.44e-15	1.12e-11	1.05e-08	2.66e-06	1.50e-04	2.21e-03	1.51e-02	3.78e-01	4.59e-01	1.46e-01
 7.01195e+22	1.11e-20	1.72e-15	1.31e-11	1.20e-08	3.00e-06	1.66e-04	2.39e-03	1.59e-02	3.86e-01	4.55e-01	1.40e-01
 7.02880e+22	1.42e-20	2.14e-15	1.60e-11	1.43e-08	3.49e-06	1.88e-04	2.62e-03	1.69e-02	3.96e-01	4.50e-01	1.34e-01
 7.04661e+22	1.77e-20	2.62e-15	1.91e-11	1.68e-08	4.00e-06	2.11e-04	2.87e-03	1.78e-02	4.05e-01	4.46e-01	1.28e-01
 7.06295e+22	2.17e-20	3.16e-15	2.27e-11	1.94e-08	4.54e-06	2.35e-04	3.11e-03	1.88e-02	4.13e-01	4.41e-01	1.23e-01
 7.08151e+22	2.80e-20	4.00e-15	2.80e-11	2.33e-08	5.32e-06	2.67e-04	3.44e-03	2.00e-02	4.24e-01	4.35e-01	1.17e-01
 7.10114e+22	3.55e-20	4.96e-15	3.40e-11	2.76e-08	6.16e-06	3.02e-04	3.77e-03	2.13e-02	4.34e-01	4.30e-01	1.11e-01
 7.11931e+22	4.43e-20	6.08e-15	4.08e-11	3.24e-08	7.06e-06	3.38e-04	4.11e-03	2.25e-02	4.43e-01	4.24e-01	1.06e-01
 7.14005e+22	5.88e-20	7.87e-15	5.14e-11	3.97e-08	8.40e-06	3.90e-04	4.58e-03	2.41e-02	4.54e-01	4.17e-01	1.00e-01
 7.16051e+22	7.29e-20	9.58e-15	6.13e-11	4.62e-08	9.58e-06	4.35e-04	4.97e-03	2.53e-02	4.63e-01	4.11e-01	9.56e-02
 7.18061e+22	9.54e-20	1.23e-14	7.66e-11	5.61e-08	1.13e-05	4.99e-04	5.52e-03	2.71e-02	4.74e-01	4.03e-01	8.99e-02
 7.20095e+22	1.18e-19	1.49e-14	9.14e-11	6.54e-08	1.29e-05	5.56e-04	5.99e-03	2.85e-02	4.82e-01	3.97e-01	8.57e-02
 7.22159e+22	1.55e-19	1.91e-14	1.14e-10	7.94e-08	1.53e-05	6.39e-04	6.65e-03	3.04e-02	4.93e-01	3.89e-01	8.04e-02
 7.24250e+22	1.93e-19	2.34e-14	1.37e-10	9.28e-08	1.74e-05	7.13e-04	7.22e-03	3.20e-02	5.02e-01	3.82e-01	7.64e-02
 7.26376e+22	2.53e-19	3.00e-14	1.71e-10	1.13e-07	2.07e-05	8.20e-04	8.03e-03	3.42e-02	5.12e-01	3.73e-01	7.14e-02
 7.28529e+22	3.16e-19	3.67e-14	2.05e-10	1.32e-07	2.37e-05	9.16e-04	8.72e-03	3.60e-02	5.21e-01	3.66e-01	6.76e-02
 7.30717e+22	4.16e-19	4.74e-14	2.59e-10	1.62e-07	2.82e-05	1.06e-03	9.73e-03	3.85e-02	5.31e-01	3.56e-01	6.29e-02
 7.32918e+22	5.15e-19	5.77e-14	3.09e-10	1.89e-07	3.22e-05	1.18e-03	1.06e-02	4.05e-02	5.39e-01	3.49e-01	5.94e-02
 7.35139e+22	6.76e-19	7.42e-14	3.89e-10	2.31e-07	3.83e-05	1.36e-03	1.18e-02	4.32e-02	5.50e-01	3.39e-01	5.50e-02
 7.37396e+22	8.41e-19	9.08e-14	4.67e-10	2.71e-07	4.40e-05	1.53e-03	1.28e-02	4.55e-02	5.57e-01	3.31e-01	5.18e-02
 7.39701e+22	1.10e-18	1.17e-13	5.89e-10	3.32e-07	5.26e-05	1.77e-03	1.43e-02	4.88e-02	5.67e-01	3.20e-01	4.76e-02
 7.42013e+22	1.36e-18	1.42e-13	7.04e-10	3.88e-07	6.01e-05	1.98e-03	1.56e-02	5.13e-02	5.74e-01	3.12e-01	4.47e-02
 7.44332e+22	1.77e-18	1.82e-13	8.83e-10	4.74e-07	7.17e-05	2.30e-03	1.74e-02	5.49e-02	5.83e-01	3.01e-01	4.09e-02
 7.46571e+22	2.13e-18	2.17e-13	1.04e-09	5.46e-07	8.11e-05	2.54e-03	1.88e-02	5.75e-02	5.89e-01	2.93e-01	3.85e-02
 7.48707e+22	2.67e-18	2.70e-13	1.27e-09	6.54e-07	9.51e-05	2.91e-03	2.08e-02	6.11e-02	5.97e-01	2.83e-01	3.54e-02
 7.50826e+22	3.18e-18	3.18e-13	1.48e-09	7.48e-07	1.07e-04	3.21e-03	2.23e-02	6.38e-02	6.02e-01	2.75e-01	3.32e-02
 7.52924e+22	3.92e-18	3.90e-13	1.79e-09	8.88e-07	1.25e-04	3.65e-03	2.46e-02	6.77e-02	6.08e-01	2.65e-01	3.05e-02
 7.55057e+22	4.66e-18	4.60e-13	2.09e-09	1.02e-06	1.40e-04	4.03e-03	2.65e-02	7.08e-02	6.13e-01	2.57e-01	2.85e-02
 7.57236e+22	5.72e-18	5.62e-13	2.53e-09	1.21e-06	1.64e-04	4.60e-03	2.93e-02	7.52e-02	6.18e-01	2.47e-01	2.60e-02
 7.59452e+22	6.71e-18	6.58e-13	2.94e-09	1.39e-06	1.85e-04	5.10e-03	3.17e-02	7.88e-02	6.22e-01	2.38e-01	2.41e-02
 7.61718e+22	8.16e-18	8.01e-13	3.56e-09	1.65e-06	2.17e-04	5.83e-03	3.50e-02	8.37e-02	6.26e-01	2.27e-01	2.18e-02
 7.64035e+22	9.50e-18	9.35e-13	4.14e-09	1.89e-06	2.46e-04	6.48e-03	3.79e-02	8.78e-02	6.29e-01	2.18e-01	2.01e-02
 7.66418e+22	1.14e-17	1.13e-12	5.00e-09	2.25e-06	2.88e-04	7.43e-03	4.20e-02	9.34e-02	6.32e-01	2.07e-01	1.80e-02
 7.68838e+22	1.31e-17	1.31e-12	5.79e-09	2.58e-06	3.27e-04	8.27e-03	4.55e-02	9.80e-02	6.33e-01	1.98e-01	1.64e-02
 7.71260e+22	1.54e-17	1.56e-12	6.92e-09	3.05e-06	3.81e-04	9.45e-03	5.02e-02	1.04e-01	6.34e-01	1.87e-01	1.47e-02
 7.73701e+22	1.74e-17	1.79e-12	7.96e-09	3.48e-06	4.31e-04	1.05e-02	5.43e-02	1.09e-01	6.34e-01	1.78e-01	1.33e-02
 7.76098e+22	1.98e-17	2.08e-12	9.35e-09	4.06e-06	4.98e-04	1.19e-02	5.95e-02	1.15e-01	6.33e-01	1.68e-01	1.19e-02
 7.78519e+22	2.20e-17	2.35e-12	1.07e-08	4.62e-06	5.63e-04	1.32e-02	6.42e-02	1.21e-01	6.31e-01	1.60e-01	1.07e-02
 7.80631e+22	2.40e-17	2.62e-12	1.20e-08	5.17e-06	6.26e-04	1.44e-02	6.86e-02	1.26e-01	6.29e-01	1.52e-01	9.81e-03
 7.82873e+22	2.65e-17	2.97e-12	1.39e-08	5.94e-06	7.14e-04	1.62e-02	7.44e-02	1.32e-01	6.25e-01	1.43e-01	8.74e-03
 7.85136e+22	2.86e-17	3.28e-12	1.55e-08	6.65e-06	7.94e-04	1.77e-02	7.93e-02	1.37e-01	6.21e-01	1.36e-01	7.95e-03
 7.87149e+22	3.06e-17	3.61e-12	1.73e-08	7.42e-06	8.81e-04	1.93e-02	8.43e-02	1.42e-01	6.17e-01	1.29e-01	7.23e-03
 7.89390e+22	3.30e-17	4.03e-12	1.98e-08	8.48e-06	1.00e-03	2.14e-02	9.08e-02	1.49e-01	6.10e-01	1.21e-01	6.42e-03
 7.91607e+22	3.52e-17	4.42e-12	2.20e-08	9.43e-06	1.10e-03	2.33e-02	9.60e-02	1.54e-01	6.05e-01	1.15e-01	5.85e-03
 7.93856e+22	3.78e-17	4.93e-12	2.52e-08	1.08e-05	1.25e-03	2.58e-02	1.03e-01	1.60e-01	5.97e-01	1.08e-01	5.16e-03
 7.96104e+22	4.02e-17	5.40e-12	2.80e-08	1.20e-05	1.38e-03	2.80e-02	1.09e-01	1.65e-01	5.90e-01	1.02e-01	4.70e-03
 7.98352e+22	4.29e-17	6.02e-12	3.21e-08	1.38e-05	1.57e-03	3.09e-02	1.16e-01	1.72e-01	5.81e-01	9.49e-02	4.14e-03
 8.00613e+22	4.55e-17	6.59e-12	3.58e-08	1.53e-05	1.73e-03	3.34e-02	1.22e-01	1.76e-01	5.73e-01	8.98e-02	3.76e-03
 8.02889e+22	4.86e-17	7.36e-12	4.11e-08	1.76e-05	1.96e-03	3.69e-02	1.30e-01	1.83e-01	5.62e-01	8.33e-02	3.30e-03
 8.05183e+22	5.17e-17	8.09e-12	4.60e-08	1.97e-05	2.17e-03	3.98e-02	1.36e-01	1.87e-01	5.53e-01	7.86e-02	2.99e-03
 8.07500e+22	5.55e-17	9.10e-12	5.31e-08	2.28e-05	2.46e-03	4.39e-02	1.45e-01	1.93e-01	5.40e-01	7.27e-02	2.61e-03
 8.09847e+22	5.92e-17	1.01e-11	5.98e-08	2.56e-05	2.72e-03	4.73e-02	1.52e-01	1.98e-01	5.30e-01	6.83e-02	2.35e-03
 8.12234e+22	6.39e-17	1.14e-11	6.97e-08	2.97e-05	3.10e-03	5.22e-02	1.60e-01	2.04e-01	5.16e-01	6.28e-02	2.05e-03
 8.14660e+22	6.90e-17	1.27e-11	7.92e-08	3.36e-05	3.44e-03	5.63e-02	1.68e-01	2.08e-01	5.04e-01	5.88e-02	1.83e-03
 8.17138e+22	7.52e-17	1.46e-11	9.34e-08	3.94e-05	3.93e-03	6.21e-02	1.77e-01	2.13e-01	4.88e-01	5.37e-02	1.58e-03
 8.19670e+22	8.24e-17	1.65e-11	1.07e-07	4.49e-05	4.38e-03	6.70e-02	1.84e-01	2.17e-01	4.76e-01	5.00e-02	1.41e-03
 8.22275e+22	9.15e-17	1.93e-11	1.29e-07	5.33e-05	5.04e-03	7.39e-02	1.94e-01	2.22e-01	4.58e-01	4.54e-02	1.21e-03
 8.24896e+22	1.01e-16	2.21e-11	1.49e-07	6.09e-05	5.62e-03	7.97e-02	2.02e-01	2.25e-01	4.45e-01	4.21e-02	1.07e-03
 8.27123e+22	1.11e-16	2.50e-11	1.71e-07	6.91e-05	6.21e-03	8.54e-02	2.09e-01	2.28e-01	4.32e-01	3.91e-02	9.53e-04
 8.29602e+22	1.26e-16	2.95e-11	2.04e-07	8.15e-05	7.08e-03	9.33e-02	2.18e-01	2.31e-01	4.14e-01	3.56e-02	8.19e-04
 8.31972e+22	1.39e-16	3.32e-11	2.32e-07	9.14e-05	7.74e-03	9.91e-02	2.25e-01	2.32e-01	4.02e-01	3.33e-02	7.38e-04
 8.34200e+22	1.57e-16	3.88e-11	2.74e-07	1.06e-04	8.69e-03	1.07e-01	2.33e-01	2.34e-01	3.87e-01	3.04e-02	6.43e-04
 8.36461e+22	1.74e-16	4.41e-11	3.13e-07	1.19e-04	9.51e-03	1.13e-01	2.39e-01	2.35e-01	3.74e-01	2.83e-02	5.76e-04
 8.38763e+22	2.00e-16	5.20e-11	3.72e-07	1.39e-04	1.07e-02	1.22e-01	2.47e-01	2.36e-01	3.58e-01	2.57e-02	4.97e-04
 8.41079e+22	2.26e-16	5.97e-11	4.27e-07	1.57e-04	1.17e-02	1.30e-01	2.53e-01	2.36e-01	3.45e-01	2.39e-02	4.45e-04
 8.43414e+22	2.62e-16	7.12e-11	5.11e-07	1.83e-04	1.31e-02	1.40e-01	2.60e-01	2.36e-01	3.29e-01	2.16e-02	3.82e-04
 8.45779e+22	3.00e-16	8.24e-11	5.89e-07	2.07e-04	1.44e-02	1.48e-01	2.66e-01	2.36e-01	3.16e-01	2.00e-02	3.40e-04
 8.48183e+22	3.56e-16	9.95e-11	7.10e-07	2.43e-04	1.62e-02	1.59e-01	2.73e-01	2.35e-01	2.99e-01	1.80e-02	2.90e-04
 8.50625e+22	4.13e-16	1.16e-10	8.24e-07	2.75e-04	1.77e-02	1.68e-01	2.78e-01	2.33e-01	2.86e-01	1.65e-02	2.57e-04
 8.53115e+22	4.99e-16	1.42e-10	1.00e-06	3.23e-04	1.99e-02	1.80e-01	2.84e-01	2.31e-01	2.69e-01	1.47e-02	2.17e-04
 8.55650e+22	5.89e-16	1.68e-10	1.17e-06	3.67e-04	2.18e-02	1.90e-01	2.89e-01	2.29e-01	2.57e-01	1.35e-02	1.90e-04
 8.58245e+22	7.28e-16	2.09e-10	1.43e-06	4.34e-04	2.46e-02	2.04e-01	2.94e-01	2.25e-01	2.40e-01	1.19e-02	1.59e-04
 8.60891e+22	8.75e-16	2.50e-10	1.69e-06	4.94e-04	2.69e-02	2.15e-01	2.98e-01	2.22e-01	2.27e-01	1.08e-02	1.39e-04
 8.63604e+22	1.11e-15	3.16e-10	2.09e-06	5.88e-04	3.04e-02	2.30e-01	3.02e-01	2.17e-01	2.10e-01	9.45e-03	1.14e-04
 8.66329e+22	1.34e-15	3.79e-10	2.45e-06	6.69e-04	3.32e-02	2.42e-01	3.05e-01	2.12e-01	1.98e-01	8.53e-03	9.91e-05
 8.69071e+22	1.73e-15	4.82e-10	3.04e-06	7.92e-04	3.73e-02	2.57e-01	3.08e-01	2.07e-01	1.83e-01	7.42e-03	8.14e-05
 8.71853e+22	2.13e-15	5.83e-10	3.59e-06	9.01e-04	4.07e-02	2.70e-01	3.10e-01	2.01e-01	1.71e-01	6.66e-03	6.99e-05
 8.74274e+22	2.60e-15	7.02e-10	4.22e-06	1.02e-03	4.43e-02	2.82e-01	3.10e-01	1.96e-01	1.60e-01	5.97e-03	6.00e-05
 8.77009e+22	3.39e-15	8.94e-10	5.20e-06	1.20e-03	4.93e-02	2.98e-01	3.11e-01	1.89e-01	1.47e-01	5.16e-03	4.91e-05
 8.79770e+22	4.20e-15	1.08e-09	6.10e-06	1.36e-03	5.35e-02	3.10e-01	3.11e-01	1.83e-01	1.37e-01	4.61e-03	4.20e-05
 8.82058e+22	5.07e-15	1.28e-09	7.04e-06	1.51e-03	5.75e-02	3.21e-01	3.10e-01	1.78e-01	1.28e-01	4.16e-03	3.65e-05
 8.84529e+22	6.48e-15	1.59e-09	8.44e-06	1.74e-03	6.28e-02	3.35e-01	3.08e-01	1.71e-01	1.18e-01	3.64e-03	3.04e-05
 8.87021e+22	7.90e-15	1.88e-09	9.72e-06	1.93e-03	6.73e-02	3.46e-01	3.07e-01	1.65e-01	1.10e-01	3.27e-03	2.63e-05
 8.89540e+22	1.02e-14	2.35e-09	1.17e-05	2.22e-03	7.35e-02	3.59e-01	3.04e-01	1.58e-01	1.01e-01	2.84e-03	2.17e-05
 8.92077e+22	1.25e-14	2.80e-09	1.35e-05	2.46e-03	7.85e-02	3.70e-01	3.01e-01	1.52e-01	9.36e-02	2.54e-03	1.87e-05
 8.94638e+22	1.62e-14	3.50e-09	1.62e-05	2.82e-03	8.54e-02	3.83e-01	2.97e-01	1.45e-01	8.50e-02	2.19e-03	1.53e-05
 8.97259e+22	2.01e-14	4.19e-09	1.87e-05	3.14e-03	9.13e-02	3.94e-01	2.93e-01	1.38e-01	7.86e-02	1.95e-03	1.31e-05
 8.99958e+22	2.65e-14	5.31e-09	2.27e-05	3.60e-03	9.94e-02	4.07e-01	2.87e-01	1.31e-01	7.07e-02	1.66e-03	1.06e-05
 9.02698e+22	3.30e-14	6.38e-09	2.62e-05	4.01e-03	1.06e-01	4.17e-01	2.82e-01	1.24e-01	6.50e-02	1.46e-03	8.92e-06
 9.05491e+22	4.40e-14	8.11e-09	3.18e-05	4.60e-03	1.15e-01	4.29e-01	2.75e-01	1.17e-01	5.80e-02	1.24e-03	7.14e-06
 9.08327e+22	5.52e-14	9.79e-09	3.69e-05	5.11e-03	1.23e-01	4.38e-01	2.70e-01	1.10e-01	5.30e-02	1.08e-03	5.98e-06
 9.11219e+22	7.42e-14	1.25e-08	4.48e-05	5.86e-03	1.33e-01	4.49e-01	2.62e-01	1.03e-01	4.70e-02	9.05e-04	4.73e-06
 9.14136e+22	9.33e-14	1.51e-08	5.19e-05	6.51e-03	1.41e-01	4.57e-01	2.55e-01	9.69e-02	4.27e-02	7.88e-04	3.94e-06
 9.17085e+22	1.26e-13	1.93e-08	6.27e-05	7.43e-03	1.52e-01	4.66e-01	2.46e-01	8.96e-02	3.77e-02	6.56e-04	3.10e-06
 9.20081e+22	1.59e-13	2.34e-08	7.29e-05	8.25e-03	1.61e-01	4.73e-01	2.39e-01	8.40e-02	3.40e-02	5.66e-04	2.56e-06
 9.23136e+22	2.16e-13	3.00e-08	8.85e-05	9.43e-03	1.74e-01	4.81e-01	2.29e-01	7.71e-02	2.97e-02	4.66e-04	1.99e-06
 9.25283e+22	2.35e-13	3.21e-08	9.32e-05	9.77e-03	1.77e-01	4.82e-01	2.26e-01	7.53e-02	2.86e-02	4.42e-04	1.85e-06
