#depth	Ne	Ne+	Ne+2	Ne+3	Ne+4	Ne+5	Ne+6	Ne+7	Ne+8	Ne+9	Ne+10
 1.54284e+22	0.00e+00	0.00e+00	5.15e-29	5.88e-24	1.52e-19	9.72e-16	2.45e-12	3.83e-09	2.02e-05	8.93e-03	9.91e-01
 3.57881e+22	0.00e+00	0.00e+00	6.69e-28	5.57e-23	1.06e-18	4.90e-15	8.99e-12	1.02e-08	3.88e-05	1.24e-02	9.88e-01
 4.43468e+22	0.00e+00	8.77e-33	4.22e-27	2.80e-22	4.23e-18	1.56e-14	2.29e-11	2.07e-08	6.22e-05	1.56e-02	9.84e-01
 5.08761e+22	0.00e+00	4.56e-32	1.83e-26	1.01e-21	1.28e-17	3.95e-14	4.82e-11	3.63e-08	9.05e-05	1.88e-02	9.81e-01
 5.45035e+22	0.00e+00	6.95e-32	2.67e-26	1.41e-21	1.70e-17	5.00e-14	5.83e-11	4.20e-08	9.96e-05	1.97e-02	9.80e-01
 5.57284e+22	0.00e+00	9.22e-32	3.43e-26	1.76e-21	2.05e-17	5.86e-14	6.63e-11	4.62e-08	1.06e-04	2.04e-02	9.80e-01
 5.68771e+22	0.00e+00	1.31e-31	4.69e-26	2.32e-21	2.61e-17	7.16e-14	7.79e-11	5.22e-08	1.15e-04	2.12e-02	9.79e-01
 5.80425e+22	0.00e+00	1.76e-31	6.10e-26	2.92e-21	3.18e-17	8.45e-14	8.90e-11	5.78e-08	1.23e-04	2.19e-02	9.78e-01
 5.90706e+22	0.00e+00	2.38e-31	7.98e-26	3.69e-21	3.89e-17	1.00e-13	1.02e-10	6.40e-08	1.32e-04	2.27e-02	9.77e-01
 6.00887e+22	0.00e+00	3.18e-31	1.03e-25	4.63e-21	4.72e-17	1.18e-13	1.16e-10	7.06e-08	1.41e-04	2.34e-02	9.76e-01
 6.12529e+22	0.00e+00	4.52e-31	1.41e-25	6.10e-21	5.98e-17	1.44e-13	1.36e-10	7.97e-08	1.53e-04	2.44e-02	9.75e-01
 6.24638e+22	0.00e+00	6.22e-31	1.88e-25	7.82e-21	7.41e-17	1.72e-13	1.57e-10	8.88e-08	1.64e-04	2.53e-02	9.75e-01
 6.34927e+22	0.00e+00	8.28e-31	2.42e-25	9.79e-21	8.98e-17	2.02e-13	1.79e-10	9.80e-08	1.75e-04	2.61e-02	9.74e-01
 6.44359e+22	0.00e+00	1.08e-30	3.08e-25	1.21e-20	1.08e-16	2.35e-13	2.03e-10	1.07e-07	1.86e-04	2.69e-02	9.73e-01
 6.55107e+22	0.00e+00	1.48e-30	4.06e-25	1.54e-20	1.33e-16	2.80e-13	2.33e-10	1.20e-07	2.00e-04	2.78e-02	9.72e-01
 6.66780e+22	0.00e+00	2.04e-30	5.41e-25	1.98e-20	1.65e-16	3.35e-13	2.70e-10	1.33e-07	2.15e-04	2.89e-02	9.71e-01
 6.77472e+22	0.00e+00	2.76e-30	7.08e-25	2.51e-20	2.02e-16	3.97e-13	3.09e-10	1.48e-07	2.31e-04	2.99e-02	9.70e-01
 6.87312e+22	0.00e+00	3.66e-30	9.08e-25	3.12e-20	2.44e-16	4.65e-13	3.51e-10	1.63e-07	2.46e-04	3.08e-02	9.69e-01
 6.96719e+22	0.00e+00	4.76e-30	1.15e-24	3.84e-20	2.91e-16	5.40e-13	3.96e-10	1.78e-07	2.61e-04	3.17e-02	9.68e-01
 7.07438e+22	0.00e+00	6.52e-30	1.52e-24	4.91e-20	3.60e-16	6.45e-13	4.57e-10	1.99e-07	2.81e-04	3.29e-02	9.67e-01
 7.18859e+22	0.00e+00	8.97e-30	2.02e-24	6.30e-20	4.46e-16	7.71e-13	5.28e-10	2.21e-07	3.02e-04	3.41e-02	9.66e-01
 7.29054e+22	0.00e+00	1.20e-29	2.62e-24	7.91e-20	5.42e-16	9.08e-13	6.02e-10	2.44e-07	3.22e-04	3.52e-02	9.64e-01
 7.40170e+22	0.00e+00	1.68e-29	3.53e-24	1.03e-19	6.80e-16	1.10e-12	7.02e-10	2.74e-07	3.48e-04	3.66e-02	9.63e-01
 7.51925e+22	0.00e+00	2.34e-29	4.74e-24	1.33e-19	8.49e-16	1.32e-12	8.15e-10	3.07e-07	3.75e-04	3.79e-02	9.62e-01
 7.61922e+22	0.00e+00	3.11e-29	6.10e-24	1.66e-19	1.03e-15	1.55e-12	9.25e-10	3.38e-07	4.00e-04	3.91e-02	9.60e-01
 7.72329e+22	0.00e+00	4.29e-29	8.13e-24	2.14e-19	1.27e-15	1.86e-12	1.07e-09	3.77e-07	4.31e-04	4.06e-02	9.59e-01
 7.83342e+22	0.00e+00	5.88e-29	1.07e-23	2.73e-19	1.57e-15	2.22e-12	1.23e-09	4.19e-07	4.62e-04	4.20e-02	9.58e-01
 7.93246e+22	0.00e+00	7.80e-29	1.38e-23	3.40e-19	1.90e-15	2.60e-12	1.40e-09	4.62e-07	4.93e-04	4.33e-02	9.56e-01
 8.04224e+22	0.00e+00	1.12e-28	1.90e-23	4.51e-19	2.42e-15	3.18e-12	1.65e-09	5.21e-07	5.34e-04	4.51e-02	9.54e-01
 8.15529e+22	0.00e+00	1.52e-28	2.50e-23	5.72e-19	2.97e-15	3.78e-12	1.89e-09	5.78e-07	5.73e-04	4.66e-02	9.53e-01
 8.25212e+22	0.00e+00	2.03e-28	3.24e-23	7.18e-19	3.61e-15	4.45e-12	2.16e-09	6.38e-07	6.11e-04	4.81e-02	9.51e-01
 8.34297e+22	0.00e+00	2.68e-28	4.14e-23	8.89e-19	4.34e-15	5.19e-12	2.44e-09	7.00e-07	6.50e-04	4.96e-02	9.50e-01
 8.44648e+22	0.00e+00	3.78e-28	5.61e-23	1.16e-18	5.47e-15	6.29e-12	2.85e-09	7.85e-07	7.02e-04	5.15e-02	9.48e-01
 8.55436e+22	0.00e+00	5.13e-28	7.36e-23	1.47e-18	6.70e-15	7.46e-12	3.26e-09	8.69e-07	7.51e-04	5.32e-02	9.46e-01
 8.65232e+22	3.27e-34	6.97e-28	9.67e-23	1.87e-18	8.23e-15	8.86e-12	3.74e-09	9.63e-07	8.04e-04	5.50e-02	9.44e-01
 8.74931e+22	4.60e-34	9.47e-28	1.27e-22	2.37e-18	1.01e-14	1.05e-11	4.29e-09	1.07e-06	8.60e-04	5.68e-02	9.42e-01
 8.84294e+22	6.38e-34	1.27e-27	1.64e-22	2.98e-18	1.23e-14	1.24e-11	4.88e-09	1.17e-06	9.17e-04	5.86e-02	9.40e-01
 8.93268e+22	8.76e-34	1.69e-27	2.12e-22	3.71e-18	1.48e-14	1.45e-11	5.54e-09	1.29e-06	9.76e-04	6.04e-02	9.39e-01
 9.03508e+22	1.33e-33	2.45e-27	2.95e-22	4.96e-18	1.90e-14	1.78e-11	6.53e-09	1.46e-06	1.06e-03	6.28e-02	9.36e-01
 9.13863e+22	1.84e-33	3.28e-27	3.82e-22	6.22e-18	2.31e-14	2.10e-11	7.44e-09	1.61e-06	1.13e-03	6.48e-02	9.34e-01
 9.24365e+22	2.84e-33	4.84e-27	5.39e-22	8.41e-18	2.99e-14	2.60e-11	8.83e-09	1.82e-06	1.23e-03	6.75e-02	9.31e-01
 9.34919e+22	4.11e-33	6.73e-27	7.22e-22	1.09e-17	3.73e-14	3.13e-11	1.02e-08	2.03e-06	1.32e-03	6.99e-02	9.29e-01
 9.43580e+22	5.69e-33	9.01e-27	9.35e-22	1.36e-17	4.52e-14	3.67e-11	1.16e-08	2.23e-06	1.40e-03	7.20e-02	9.27e-01
 9.52884e+22	8.27e-33	1.26e-26	1.26e-21	1.76e-17	5.65e-14	4.42e-11	1.34e-08	2.49e-06	1.51e-03	7.45e-02	9.24e-01
 9.62763e+22	1.20e-32	1.76e-26	1.69e-21	2.29e-17	7.06e-14	5.32e-11	1.56e-08	2.77e-06	1.62e-03	7.71e-02	9.21e-01
 9.71553e+22	1.66e-32	2.35e-26	2.19e-21	2.86e-17	8.55e-14	6.25e-11	1.77e-08	3.04e-06	1.72e-03	7.94e-02	9.19e-01
 9.81145e+22	2.52e-32	3.42e-26	3.04e-21	3.82e-17	1.10e-13	7.68e-11	2.08e-08	3.43e-06	1.87e-03	8.25e-02	9.16e-01
 9.91023e+22	3.68e-32	4.79e-26	4.10e-21	4.96e-17	1.37e-13	9.25e-11	2.41e-08	3.82e-06	2.00e-03	8.53e-02	9.13e-01
 9.99407e+22	5.08e-32	6.39e-26	5.30e-21	6.19e-17	1.66e-13	1.09e-10	2.73e-08	4.19e-06	2.13e-03	8.78e-02	9.10e-01
 1.00844e+23	7.59e-32	9.15e-26	7.28e-21	8.17e-17	2.10e-13	1.32e-10	3.19e-08	4.70e-06	2.29e-03	9.10e-02	9.07e-01
 1.01781e+23	1.08e-31	1.26e-25	9.64e-21	1.04e-16	2.60e-13	1.58e-10	3.67e-08	5.20e-06	2.45e-03	9.39e-02	9.04e-01
 1.02615e+23	1.54e-31	1.72e-25	1.27e-20	1.33e-16	3.20e-13	1.87e-10	4.20e-08	5.75e-06	2.62e-03	9.68e-02	9.01e-01
 1.03428e+23	2.16e-31	2.33e-25	1.67e-20	1.68e-16	3.91e-13	2.22e-10	4.79e-08	6.33e-06	2.79e-03	9.98e-02	8.97e-01
 1.04362e+23	3.30e-31	3.41e-25	2.33e-20	2.26e-16	5.03e-13	2.73e-10	5.65e-08	7.14e-06	3.02e-03	1.04e-01	8.93e-01
 1.05292e+23	4.79e-31	4.76e-25	3.13e-20	2.92e-16	6.27e-13	3.28e-10	6.52e-08	7.92e-06	3.23e-03	1.07e-01	8.90e-01
 1.06069e+23	6.61e-31	6.35e-25	4.04e-20	3.65e-16	7.59e-13	3.84e-10	7.39e-08	8.67e-06	3.42e-03	1.10e-01	8.87e-01
 1.06929e+23	9.96e-31	9.17e-25	5.58e-20	4.84e-16	9.67e-13	4.70e-10	8.66e-08	9.73e-06	3.69e-03	1.14e-01	8.83e-01
 1.07830e+23	1.42e-30	1.26e-24	7.40e-20	6.19e-16	1.19e-12	5.61e-10	9.94e-08	1.08e-05	3.94e-03	1.17e-01	8.79e-01
 1.08648e+23	2.05e-30	1.75e-24	9.88e-20	7.96e-16	1.48e-12	6.70e-10	1.14e-07	1.19e-05	4.21e-03	1.21e-01	8.75e-01
 1.09442e+23	2.91e-30	2.39e-24	1.30e-19	1.01e-15	1.82e-12	7.96e-10	1.31e-07	1.31e-05	4.48e-03	1.25e-01	8.71e-01
 1.10341e+23	4.50e-30	3.53e-24	1.84e-19	1.37e-15	2.36e-12	9.87e-10	1.55e-07	1.48e-05	4.85e-03	1.29e-01	8.66e-01
 1.11261e+23	6.58e-30	4.96e-24	2.49e-19	1.78e-15	2.95e-12	1.19e-09	1.79e-07	1.65e-05	5.19e-03	1.33e-01	8.62e-01
 1.12055e+23	9.45e-30	6.86e-24	3.31e-19	2.29e-15	3.66e-12	1.42e-09	2.06e-07	1.82e-05	5.53e-03	1.37e-01	8.57e-01
 1.12933e+23	1.44e-29	1.00e-23	4.63e-19	3.06e-15	4.70e-12	1.75e-09	2.42e-07	2.05e-05	5.97e-03	1.42e-01	8.52e-01
 1.13848e+23	2.15e-29	1.43e-23	6.34e-19	4.03e-15	5.94e-12	2.12e-09	2.82e-07	2.29e-05	6.40e-03	1.47e-01	8.47e-01
 1.14663e+23	3.07e-29	1.97e-23	8.40e-19	5.15e-15	7.34e-12	2.53e-09	3.23e-07	2.53e-05	6.82e-03	1.51e-01	8.42e-01
 1.15574e+23	4.96e-29	3.03e-23	1.23e-18	7.18e-15	9.75e-12	3.20e-09	3.88e-07	2.88e-05	7.42e-03	1.57e-01	8.36e-01
 1.16471e+23	7.08e-29	4.16e-23	1.63e-18	9.17e-15	1.20e-11	3.81e-09	4.44e-07	3.18e-05	7.90e-03	1.61e-01	8.31e-01
 1.17230e+23	1.03e-28	5.80e-23	2.18e-18	1.18e-14	1.50e-11	4.57e-09	5.11e-07	3.52e-05	8.42e-03	1.66e-01	8.26e-01
 1.17976e+23	1.46e-28	7.94e-23	2.88e-18	1.51e-14	1.84e-11	5.42e-09	5.84e-07	3.87e-05	8.95e-03	1.70e-01	8.21e-01
 1.18823e+23	2.27e-28	1.18e-22	4.09e-18	2.05e-14	2.39e-11	6.74e-09	6.91e-07	4.37e-05	9.66e-03	1.76e-01	8.14e-01
 1.19628e+23	3.15e-28	1.58e-22	5.30e-18	2.56e-14	2.90e-11	7.91e-09	7.82e-07	4.77e-05	1.02e-02	1.81e-01	8.09e-01
 1.20273e+23	4.38e-28	2.13e-22	6.87e-18	3.21e-14	3.52e-11	9.27e-09	8.85e-07	5.21e-05	1.08e-02	1.85e-01	8.04e-01
 1.20860e+23	5.84e-28	2.75e-22	8.61e-18	3.91e-14	4.17e-11	1.07e-08	9.86e-07	5.63e-05	1.13e-02	1.89e-01	7.99e-01
 1.21396e+23	7.61e-28	3.48e-22	1.06e-17	4.70e-14	4.87e-11	1.21e-08	1.09e-06	6.04e-05	1.19e-02	1.93e-01	7.95e-01
 1.22009e+23	1.07e-27	4.73e-22	1.39e-17	5.93e-14	5.95e-11	1.43e-08	1.24e-06	6.62e-05	1.26e-02	1.98e-01	7.90e-01
 1.22617e+23	1.41e-27	6.04e-22	1.72e-17	7.16e-14	6.99e-11	1.63e-08	1.37e-06	7.12e-05	1.31e-02	2.02e-01	7.85e-01
 1.23131e+23	1.83e-27	7.64e-22	2.12e-17	8.58e-14	8.16e-11	1.86e-08	1.51e-06	7.64e-05	1.37e-02	2.06e-01	7.81e-01
 1.23713e+23	2.57e-27	1.04e-21	2.78e-17	1.08e-13	9.96e-11	2.19e-08	1.72e-06	8.36e-05	1.45e-02	2.11e-01	7.75e-01
 1.24275e+23	3.31e-27	1.30e-21	3.39e-17	1.29e-13	1.15e-10	2.48e-08	1.89e-06	8.94e-05	1.51e-02	2.14e-01	7.70e-01
 1.24739e+23	4.23e-27	1.62e-21	4.11e-17	1.52e-13	1.33e-10	2.79e-08	2.07e-06	9.53e-05	1.58e-02	2.18e-01	7.66e-01
 1.25272e+23	5.75e-27	2.13e-21	5.24e-17	1.88e-13	1.60e-10	3.23e-08	2.32e-06	1.03e-04	1.66e-02	2.23e-01	7.60e-01
 1.25819e+23	7.55e-27	2.72e-21	6.50e-17	2.27e-13	1.87e-10	3.69e-08	2.57e-06	1.11e-04	1.73e-02	2.27e-01	7.55e-01
 1.26300e+23	9.70e-27	3.40e-21	7.92e-17	2.69e-13	2.17e-10	4.16e-08	2.82e-06	1.19e-04	1.81e-02	2.31e-01	7.51e-01
 1.26837e+23	1.36e-26	4.59e-21	1.03e-16	3.39e-13	2.64e-10	4.89e-08	3.19e-06	1.29e-04	1.91e-02	2.36e-01	7.45e-01
 1.27349e+23	1.74e-26	5.73e-21	1.25e-16	4.01e-13	3.05e-10	5.51e-08	3.50e-06	1.38e-04	1.98e-02	2.40e-01	7.40e-01
 1.27760e+23	2.20e-26	7.09e-21	1.51e-16	4.72e-13	3.50e-10	6.18e-08	3.81e-06	1.47e-04	2.06e-02	2.44e-01	7.35e-01
 1.28225e+23	2.95e-26	9.22e-21	1.90e-16	5.77e-13	4.15e-10	7.11e-08	4.25e-06	1.58e-04	2.16e-02	2.49e-01	7.30e-01
 1.28704e+23	3.83e-26	1.16e-20	2.34e-16	6.89e-13	4.83e-10	8.06e-08	4.68e-06	1.69e-04	2.25e-02	2.53e-01	7.24e-01
 1.29127e+23	4.84e-26	1.44e-20	2.81e-16	8.09e-13	5.54e-10	9.02e-08	5.10e-06	1.80e-04	2.33e-02	2.57e-01	7.20e-01
 1.29603e+23	6.76e-26	1.94e-20	3.66e-16	1.02e-12	6.73e-10	1.06e-07	5.76e-06	1.96e-04	2.46e-02	2.62e-01	7.13e-01
 1.30077e+23	8.70e-26	2.42e-20	4.45e-16	1.21e-12	7.79e-10	1.19e-07	6.31e-06	2.09e-04	2.56e-02	2.66e-01	7.08e-01
 1.30547e+23	1.20e-25	3.24e-20	5.75e-16	1.50e-12	9.40e-10	1.39e-07	7.11e-06	2.27e-04	2.69e-02	2.72e-01	7.01e-01
 1.31026e+23	1.58e-25	4.15e-20	7.14e-16	1.81e-12	1.10e-09	1.59e-07	7.86e-06	2.43e-04	2.81e-02	2.76e-01	6.95e-01
 1.31452e+23	2.08e-25	5.29e-20	8.84e-16	2.18e-12	1.29e-09	1.81e-07	8.67e-06	2.60e-04	2.93e-02	2.81e-01	6.89e-01
 1.31863e+23	2.66e-25	6.60e-20	1.07e-15	2.58e-12	1.49e-09	2.04e-07	9.49e-06	2.77e-04	3.04e-02	2.85e-01	6.84e-01
 1.32321e+23	3.81e-25	9.09e-20	1.42e-15	3.29e-12	1.83e-09	2.41e-07	1.08e-05	3.03e-04	3.21e-02	2.91e-01	6.76e-01
 1.32771e+23	4.88e-25	1.14e-19	1.73e-15	3.90e-12	2.12e-09	2.72e-07	1.18e-05	3.23e-04	3.33e-02	2.96e-01	6.71e-01
 1.33213e+23	6.92e-25	1.55e-19	2.27e-15	4.93e-12	2.59e-09	3.21e-07	1.34e-05	3.52e-04	3.51e-02	3.02e-01	6.63e-01
 1.33645e+23	8.81e-25	1.93e-19	2.75e-15	5.81e-12	2.98e-09	3.60e-07	1.46e-05	3.75e-04	3.65e-02	3.06e-01	6.57e-01
 1.34065e+23	1.24e-24	2.62e-19	3.60e-15	7.33e-12	3.63e-09	4.23e-07	1.66e-05	4.08e-04	3.84e-02	3.12e-01	6.49e-01
 1.34487e+23	1.59e-24	3.27e-19	4.37e-15	8.67e-12	4.18e-09	4.76e-07	1.81e-05	4.34e-04	3.98e-02	3.16e-01	6.44e-01
 1.34911e+23	2.27e-24	4.50e-19	5.78e-15	1.10e-11	5.13e-09	5.64e-07	2.06e-05	4.74e-04	4.20e-02	3.22e-01	6.35e-01
 1.35335e+23	2.93e-24	5.66e-19	7.07e-15	1.31e-11	5.96e-09	6.37e-07	2.27e-05	5.06e-04	4.37e-02	3.27e-01	6.29e-01
 1.35760e+23	4.23e-24	7.86e-19	9.42e-15	1.68e-11	7.35e-09	7.58e-07	2.59e-05	5.54e-04	4.61e-02	3.33e-01	6.20e-01
 1.36188e+23	5.50e-24	9.93e-19	1.16e-14	2.01e-11	8.55e-09	8.59e-07	2.85e-05	5.92e-04	4.79e-02	3.38e-01	6.13e-01
 1.36619e+23	7.88e-24	1.37e-18	1.53e-14	2.56e-11	1.05e-08	1.02e-06	3.24e-05	6.47e-04	5.06e-02	3.44e-01	6.04e-01
 1.37048e+23	1.03e-23	1.75e-18	1.90e-14	3.08e-11	1.23e-08	1.16e-06	3.58e-05	6.93e-04	5.26e-02	3.49e-01	5.97e-01
 1.37472e+23	1.48e-23	2.41e-18	2.51e-14	3.92e-11	1.51e-08	1.38e-06	4.08e-05	7.58e-04	5.55e-02	3.56e-01	5.88e-01
 1.37903e+23	1.97e-23	3.11e-18	3.15e-14	4.76e-11	1.79e-08	1.58e-06	4.53e-05	8.14e-04	5.79e-02	3.61e-01	5.80e-01
 1.38346e+23	2.86e-23	4.35e-18	4.22e-14	6.12e-11	2.22e-08	1.89e-06	5.20e-05	8.95e-04	6.12e-02	3.68e-01	5.70e-01
 1.38791e+23	3.82e-23	5.64e-18	5.30e-14	7.45e-11	2.62e-08	2.17e-06	5.79e-05	9.63e-04	6.39e-02	3.73e-01	5.62e-01
 1.39240e+23	5.58e-23	7.93e-18	7.13e-14	9.63e-11	3.27e-08	2.61e-06	6.67e-05	1.06e-03	6.76e-02	3.80e-01	5.52e-01
 1.39692e+23	7.44e-23	1.03e-17	8.95e-14	1.17e-10	3.86e-08	3.00e-06	7.42e-05	1.14e-03	7.05e-02	3.85e-01	5.43e-01
 1.40083e+23	9.87e-23	1.32e-17	1.12e-13	1.42e-10	4.55e-08	3.44e-06	8.25e-05	1.23e-03	7.36e-02	3.90e-01	5.35e-01
 1.40526e+23	1.43e-22	1.84e-17	1.49e-13	1.82e-10	5.65e-08	4.12e-06	9.48e-05	1.35e-03	7.77e-02	3.96e-01	5.24e-01
 1.40966e+23	1.85e-22	2.33e-17	1.83e-13	2.17e-10	6.58e-08	4.68e-06	1.05e-04	1.44e-03	8.08e-02	4.01e-01	5.17e-01
 1.41401e+23	2.63e-22	3.19e-17	2.42e-13	2.76e-10	8.07e-08	5.56e-06	1.20e-04	1.58e-03	8.51e-02	4.07e-01	5.06e-01
 1.41845e+23	3.42e-22	4.04e-17	2.98e-13	3.30e-10	9.43e-08	6.33e-06	1.32e-04	1.69e-03	8.85e-02	4.12e-01	4.98e-01
 1.42300e+23	4.84e-22	5.52e-17	3.92e-13	4.19e-10	1.16e-07	7.52e-06	1.51e-04	1.85e-03	9.33e-02	4.18e-01	4.87e-01
 1.42766e+23	6.33e-22	7.03e-17	4.85e-13	5.03e-10	1.36e-07	8.60e-06	1.68e-04	1.99e-03	9.71e-02	4.23e-01	4.78e-01
 1.43246e+23	8.98e-22	9.64e-17	6.40e-13	6.40e-10	1.67e-07	1.02e-05	1.92e-04	2.18e-03	1.02e-01	4.28e-01	4.67e-01
 1.43736e+23	1.18e-21	1.23e-16	7.93e-13	7.70e-10	1.96e-07	1.17e-05	2.13e-04	2.34e-03	1.07e-01	4.33e-01	4.58e-01
 1.44242e+23	1.66e-21	1.68e-16	1.04e-12	9.78e-10	2.41e-07	1.40e-05	2.45e-04	2.57e-03	1.12e-01	4.38e-01	4.46e-01
 1.44756e+23	2.17e-21	2.14e-16	1.29e-12	1.18e-09	2.83e-07	1.60e-05	2.72e-04	2.76e-03	1.17e-01	4.43e-01	4.37e-01
 1.45283e+23	3.06e-21	2.91e-16	1.70e-12	1.49e-09	3.48e-07	1.90e-05	3.12e-04	3.03e-03	1.23e-01	4.48e-01	4.26e-01
 1.45813e+23	3.96e-21	3.68e-16	2.09e-12	1.78e-09	4.06e-07	2.17e-05	3.45e-04	3.25e-03	1.28e-01	4.52e-01	4.17e-01
 1.46348e+23	5.51e-21	4.96e-16	2.72e-12	2.24e-09	4.96e-07	2.57e-05	3.94e-04	3.55e-03	1.34e-01	4.56e-01	4.05e-01
 1.46894e+23	7.10e-21	6.24e-16	3.34e-12	2.68e-09	5.79e-07	2.92e-05	4.36e-04	3.80e-03	1.40e-01	4.60e-01	3.96e-01
 1.47370e+23	9.01e-21	7.74e-16	4.04e-12	3.16e-09	6.69e-07	3.31e-05	4.80e-04	4.06e-03	1.45e-01	4.63e-01	3.88e-01
 1.47903e+23	1.22e-20	1.02e-15	5.17e-12	3.92e-09	8.06e-07	3.87e-05	5.44e-04	4.42e-03	1.52e-01	4.67e-01	3.77e-01
 1.48437e+23	1.53e-20	1.25e-15	6.19e-12	4.58e-09	9.24e-07	4.35e-05	5.95e-04	4.70e-03	1.57e-01	4.69e-01	3.69e-01
 1.48972e+23	2.05e-20	1.63e-15	7.84e-12	5.63e-09	1.11e-06	5.06e-05	6.71e-04	5.09e-03	1.64e-01	4.73e-01	3.58e-01
 1.49519e+23	2.58e-20	2.01e-15	9.42e-12	6.60e-09	1.27e-06	5.69e-05	7.36e-04	5.42e-03	1.69e-01	4.75e-01	3.50e-01
 1.50001e+23	3.21e-20	2.45e-15	1.12e-11	7.71e-09	1.45e-06	6.38e-05	8.05e-04	5.75e-03	1.75e-01	4.77e-01	3.42e-01
 1.50548e+23	4.26e-20	3.17e-15	1.42e-11	9.42e-09	1.73e-06	7.40e-05	9.04e-04	6.23e-03	1.82e-01	4.79e-01	3.31e-01
 1.51093e+23	5.22e-20	3.81e-15	1.67e-11	1.09e-08	1.96e-06	8.22e-05	9.82e-04	6.58e-03	1.88e-01	4.81e-01	3.24e-01
 1.51636e+23	6.84e-20	4.88e-15	2.08e-11	1.32e-08	2.32e-06	9.47e-05	1.10e-03	7.09e-03	1.95e-01	4.83e-01	3.14e-01
 1.52189e+23	8.38e-20	5.87e-15	2.45e-11	1.52e-08	2.63e-06	1.05e-04	1.19e-03	7.50e-03	2.01e-01	4.84e-01	3.07e-01
 1.52756e+23	1.10e-19	7.51e-15	3.05e-11	1.84e-08	3.11e-06	1.21e-04	1.33e-03	8.09e-03	2.09e-01	4.85e-01	2.97e-01
 1.53335e+23	1.35e-19	9.06e-15	3.61e-11	2.13e-08	3.53e-06	1.35e-04	1.45e-03	8.56e-03	2.15e-01	4.86e-01	2.89e-01
 1.53927e+23	1.77e-19	1.16e-14	4.50e-11	2.58e-08	4.18e-06	1.56e-04	1.62e-03	9.22e-03	2.23e-01	4.86e-01	2.79e-01
 1.54530e+23	2.18e-19	1.40e-14	5.33e-11	2.99e-08	4.75e-06	1.74e-04	1.77e-03	9.76e-03	2.30e-01	4.87e-01	2.72e-01
 1.55147e+23	2.85e-19	1.79e-14	6.65e-11	3.63e-08	5.62e-06	2.00e-04	1.97e-03	1.05e-02	2.38e-01	4.87e-01	2.62e-01
 1.55751e+23	3.43e-19	2.12e-14	7.73e-11	4.14e-08	6.30e-06	2.20e-04	2.13e-03	1.10e-02	2.44e-01	4.87e-01	2.56e-01
 1.56337e+23	4.41e-19	2.67e-14	9.51e-11	4.96e-08	7.38e-06	2.52e-04	2.36e-03	1.18e-02	2.53e-01	4.86e-01	2.47e-01
 1.56931e+23	5.31e-19	3.16e-14	1.11e-10	5.65e-08	8.27e-06	2.77e-04	2.54e-03	1.24e-02	2.59e-01	4.85e-01	2.40e-01
 1.57538e+23	6.79e-19	3.96e-14	1.35e-10	6.74e-08	9.64e-06	3.15e-04	2.81e-03	1.33e-02	2.68e-01	4.84e-01	2.32e-01
 1.58163e+23	8.30e-19	4.75e-14	1.59e-10	7.77e-08	1.09e-05	3.50e-04	3.05e-03	1.40e-02	2.75e-01	4.83e-01	2.25e-01
 1.58813e+23	1.06e-18	5.97e-14	1.95e-10	9.29e-08	1.27e-05	3.98e-04	3.37e-03	1.50e-02	2.84e-01	4.82e-01	2.16e-01
 1.59485e+23	1.31e-18	7.24e-14	2.32e-10	1.08e-07	1.45e-05	4.44e-04	3.67e-03	1.59e-02	2.91e-01	4.80e-01	2.09e-01
 1.60184e+23	1.70e-18	9.17e-14	2.87e-10	1.30e-07	1.70e-05	5.08e-04	4.07e-03	1.70e-02	3.01e-01	4.77e-01	2.01e-01
 1.60902e+23	2.12e-18	1.12e-13	3.42e-10	1.51e-07	1.95e-05	5.68e-04	4.44e-03	1.80e-02	3.08e-01	4.75e-01	1.94e-01
 1.61644e+23	2.76e-18	1.43e-13	4.26e-10	1.83e-07	2.29e-05	6.51e-04	4.94e-03	1.93e-02	3.18e-01	4.72e-01	1.85e-01
 1.62412e+23	3.46e-18	1.75e-13	5.12e-10	2.15e-07	2.64e-05	7.31e-04	5.40e-03	2.04e-02	3.27e-01	4.69e-01	1.78e-01
 1.63211e+23	4.58e-18	2.26e-13	6.43e-10	2.62e-07	3.13e-05	8.43e-04	6.02e-03	2.19e-02	3.37e-01	4.64e-01	1.70e-01
 1.64032e+23	5.79e-18	2.80e-13	7.79e-10	3.10e-07	3.61e-05	9.49e-04	6.59e-03	2.32e-02	3.46e-01	4.61e-01	1.62e-01
 1.64771e+23	7.24e-18	3.43e-13	9.35e-10	3.62e-07	4.13e-05	1.06e-03	7.18e-03	2.45e-02	3.54e-01	4.57e-01	1.56e-01
 1.65618e+23	9.70e-18	4.48e-13	1.19e-09	4.47e-07	4.95e-05	1.23e-03	8.06e-03	2.64e-02	3.66e-01	4.51e-01	1.48e-01
 1.66472e+23	1.21e-17	5.50e-13	1.42e-09	5.23e-07	5.66e-05	1.38e-03	8.76e-03	2.79e-02	3.74e-01	4.46e-01	1.41e-01
 1.67334e+23	1.62e-17	7.15e-13	1.80e-09	6.42e-07	6.76e-05	1.60e-03	9.80e-03	3.00e-02	3.85e-01	4.40e-01	1.33e-01
 1.68215e+23	2.04e-17	8.85e-13	2.18e-09	7.57e-07	7.80e-05	1.80e-03	1.07e-02	3.17e-02	3.94e-01	4.34e-01	1.27e-01
 1.69120e+23	2.74e-17	1.16e-12	2.78e-09	9.34e-07	9.34e-05	2.09e-03	1.20e-02	3.41e-02	4.05e-01	4.27e-01	1.20e-01
 1.70039e+23	3.46e-17	1.44e-12	3.37e-09	1.11e-06	1.08e-04	2.35e-03	1.32e-02	3.61e-02	4.14e-01	4.21e-01	1.14e-01
 1.70978e+23	4.67e-17	1.89e-12	4.32e-09	1.37e-06	1.30e-04	2.75e-03	1.48e-02	3.89e-02	4.26e-01	4.12e-01	1.06e-01
 1.71921e+23	5.88e-17	2.34e-12	5.23e-09	1.62e-06	1.50e-04	3.09e-03	1.62e-02	4.11e-02	4.34e-01	4.05e-01	1.00e-01
 1.72702e+23	7.20e-17	2.82e-12	6.19e-09	1.87e-06	1.70e-04	3.43e-03	1.75e-02	4.32e-02	4.42e-01	3.98e-01	9.55e-02
 1.73549e+23	9.32e-17	3.58e-12	7.68e-09	2.27e-06	2.01e-04	3.94e-03	1.95e-02	4.61e-02	4.52e-01	3.89e-01	8.92e-02
 1.74396e+23	1.13e-16	4.29e-12	9.05e-09	2.61e-06	2.28e-04	4.37e-03	2.10e-02	4.84e-02	4.59e-01	3.82e-01	8.47e-02
 1.75242e+23	1.45e-16	5.40e-12	1.12e-08	3.15e-06	2.68e-04	5.01e-03	2.33e-02	5.16e-02	4.68e-01	3.72e-01	7.89e-02
 1.76098e+23	1.76e-16	6.48e-12	1.32e-08	3.63e-06	3.03e-04	5.56e-03	2.52e-02	5.41e-02	4.75e-01	3.65e-01	7.46e-02
 1.76968e+23	2.25e-16	8.14e-12	1.63e-08	4.37e-06	3.57e-04	6.38e-03	2.80e-02	5.77e-02	4.84e-01	3.54e-01	6.91e-02
 1.77849e+23	2.72e-16	9.73e-12	1.92e-08	5.05e-06	4.05e-04	7.09e-03	3.04e-02	6.06e-02	4.91e-01	3.46e-01	6.50e-02
 1.78744e+23	3.45e-16	1.22e-11	2.36e-08	6.07e-06	4.77e-04	8.14e-03	3.37e-02	6.46e-02	4.99e-01	3.34e-01	5.98e-02
 1.79656e+23	4.15e-16	1.45e-11	2.78e-08	7.02e-06	5.43e-04	9.08e-03	3.66e-02	6.79e-02	5.05e-01	3.25e-01	5.59e-02
 1.80590e+23	5.21e-16	1.81e-11	3.42e-08	8.45e-06	6.41e-04	1.05e-02	4.08e-02	7.25e-02	5.12e-01	3.12e-01	5.10e-02
 1.81543e+23	6.22e-16	2.15e-11	4.02e-08	9.77e-06	7.30e-04	1.17e-02	4.44e-02	7.63e-02	5.17e-01	3.02e-01	4.72e-02
 1.82521e+23	7.71e-16	2.66e-11	4.93e-08	1.17e-05	8.62e-04	1.35e-02	4.94e-02	8.15e-02	5.23e-01	2.89e-01	4.26e-02
 1.83507e+23	9.06e-16	3.13e-11	5.76e-08	1.35e-05	9.81e-04	1.51e-02	5.37e-02	8.57e-02	5.27e-01	2.78e-01	3.93e-02
 1.84335e+23	1.04e-15	3.59e-11	6.60e-08	1.53e-05	1.10e-03	1.66e-02	5.79e-02	8.96e-02	5.30e-01	2.68e-01	3.64e-02
 1.85234e+23	1.22e-15	4.25e-11	7.80e-08	1.79e-05	1.27e-03	1.88e-02	6.36e-02	9.48e-02	5.33e-01	2.56e-01	3.29e-02
 1.86142e+23	1.38e-15	4.83e-11	8.88e-08	2.01e-05	1.42e-03	2.07e-02	6.84e-02	9.90e-02	5.35e-01	2.46e-01	3.03e-02
 1.87030e+23	1.57e-15	5.58e-11	1.03e-07	2.31e-05	1.62e-03	2.32e-02	7.46e-02	1.04e-01	5.36e-01	2.33e-01	2.73e-02
 1.87936e+23	1.75e-15	6.27e-11	1.16e-07	2.60e-05	1.81e-03	2.56e-02	8.02e-02	1.09e-01	5.36e-01	2.23e-01	2.50e-02
 1.88823e+23	1.93e-15	7.07e-11	1.33e-07	2.95e-05	2.03e-03	2.84e-02	8.67e-02	1.14e-01	5.35e-01	2.12e-01	2.25e-02
 1.89729e+23	2.11e-15	7.88e-11	1.49e-07	3.31e-05	2.27e-03	3.13e-02	9.31e-02	1.19e-01	5.33e-01	2.01e-01	2.04e-02
 1.90626e+23	2.29e-15	8.73e-11	1.68e-07	3.71e-05	2.54e-03	3.45e-02	1.00e-01	1.24e-01	5.30e-01	1.90e-01	1.84e-02
 1.91529e+23	2.44e-15	9.58e-11	1.87e-07	4.14e-05	2.82e-03	3.78e-02	1.07e-01	1.29e-01	5.27e-01	1.80e-01	1.66e-02
 1.92418e+23	2.59e-15	1.04e-10	2.08e-07	4.60e-05	3.13e-03	4.14e-02	1.14e-01	1.34e-01	5.22e-01	1.70e-01	1.49e-02
 1.93306e+23	2.72e-15	1.13e-10	2.30e-07	5.10e-05	3.46e-03	4.52e-02	1.21e-01	1.39e-01	5.17e-01	1.60e-01	1.34e-02
 1.94195e+23	2.83e-15	1.22e-10	2.53e-07	5.64e-05	3.83e-03	4.92e-02	1.29e-01	1.44e-01	5.11e-01	1.51e-01	1.20e-02
 1.95088e+23	2.94e-15	1.31e-10	2.79e-07	6.24e-05	4.22e-03	5.34e-02	1.37e-01	1.49e-01	5.04e-01	1.42e-01	1.08e-02
 1.95986e+23	3.03e-15	1.41e-10	3.07e-07	6.90e-05	4.66e-03	5.80e-02	1.44e-01	1.54e-01	4.97e-01	1.33e-01	9.61e-03
 1.96891e+23	3.11e-15	1.50e-10	3.37e-07	7.62e-05	5.13e-03	6.29e-02	1.52e-01	1.58e-01	4.88e-01	1.24e-01	8.57e-03
 1.97807e+23	3.18e-15	1.61e-10	3.71e-07	8.44e-05	5.66e-03	6.80e-02	1.60e-01	1.63e-01	4.79e-01	1.16e-01	7.62e-03
 1.98728e+23	3.25e-15	1.72e-10	4.08e-07	9.34e-05	6.23e-03	7.35e-02	1.68e-01	1.67e-01	4.70e-01	1.08e-01	6.77e-03
 1.99664e+23	3.32e-15	1.84e-10	4.51e-07	1.04e-04	6.87e-03	7.94e-02	1.76e-01	1.72e-01	4.59e-01	1.01e-01	5.99e-03
 2.00610e+23	3.39e-15	1.97e-10	4.98e-07	1.15e-04	7.57e-03	8.56e-02	1.84e-01	1.76e-01	4.48e-01	9.36e-02	5.30e-03
 2.01575e+23	3.46e-15	2.12e-10	5.54e-07	1.29e-04	8.38e-03	9.24e-02	1.93e-01	1.79e-01	4.36e-01	8.65e-02	4.65e-03
 2.02557e+23	3.55e-15	2.29e-10	6.17e-07	1.44e-04	9.25e-03	9.95e-02	2.01e-01	1.83e-01	4.24e-01	7.99e-02	4.09e-03
 2.03458e+23	3.64e-15	2.45e-10	6.78e-07	1.59e-04	1.01e-02	1.06e-01	2.07e-01	1.85e-01	4.13e-01	7.46e-02	3.66e-03
 2.04398e+23	3.74e-15	2.67e-10	7.65e-07	1.79e-04	1.12e-02	1.14e-01	2.16e-01	1.89e-01	3.99e-01	6.83e-02	3.18e-03
 2.05353e+23	3.88e-15	2.89e-10	8.48e-07	1.99e-04	1.22e-02	1.21e-01	2.22e-01	1.91e-01	3.87e-01	6.36e-02	2.83e-03
 2.06337e+23	4.06e-15	3.20e-10	9.71e-07	2.27e-04	1.36e-02	1.31e-01	2.30e-01	1.93e-01	3.72e-01	5.77e-02	2.44e-03
 2.07323e+23	4.24e-15	3.49e-10	1.08e-06	2.52e-04	1.48e-02	1.39e-01	2.36e-01	1.94e-01	3.60e-01	5.36e-02	2.17e-03
 2.08312e+23	4.48e-15	3.90e-10	1.25e-06	2.89e-04	1.66e-02	1.49e-01	2.44e-01	1.96e-01	3.44e-01	4.85e-02	1.86e-03
 2.09304e+23	4.76e-15	4.30e-10	1.40e-06	3.22e-04	1.80e-02	1.58e-01	2.49e-01	1.96e-01	3.32e-01	4.48e-02	1.65e-03
 2.10303e+23	5.12e-15	4.87e-10	1.62e-06	3.70e-04	2.01e-02	1.69e-01	2.56e-01	1.97e-01	3.16e-01	4.04e-02	1.41e-03
 2.11312e+23	5.51e-15	5.43e-10	1.84e-06	4.14e-04	2.19e-02	1.78e-01	2.61e-01	1.96e-01	3.04e-01	3.72e-02	1.24e-03
 2.12336e+23	6.05e-15	6.25e-10	2.16e-06	4.78e-04	2.44e-02	1.91e-01	2.67e-01	1.96e-01	2.88e-01	3.34e-02	1.05e-03
 2.13374e+23	6.62e-15	7.05e-10	2.46e-06	5.37e-04	2.66e-02	2.01e-01	2.71e-01	1.95e-01	2.75e-01	3.06e-02	9.26e-04
 2.14431e+23	7.46e-15	8.25e-10	2.92e-06	6.24e-04	2.97e-02	2.14e-01	2.76e-01	1.93e-01	2.59e-01	2.72e-02	7.80e-04
 2.15507e+23	8.32e-15	9.44e-10	3.35e-06	7.04e-04	3.24e-02	2.25e-01	2.79e-01	1.91e-01	2.46e-01	2.48e-02	6.79e-04
 2.16610e+23	9.63e-15	1.13e-09	4.03e-06	8.22e-04	3.62e-02	2.40e-01	2.83e-01	1.88e-01	2.30e-01	2.18e-02	5.66e-04
 2.17739e+23	1.10e-14	1.31e-09	4.68e-06	9.32e-04	3.95e-02	2.52e-01	2.85e-01	1.85e-01	2.18e-01	1.97e-02	4.88e-04
 2.18902e+23	1.31e-14	1.60e-09	5.70e-06	1.10e-03	4.43e-02	2.68e-01	2.87e-01	1.81e-01	2.01e-01	1.72e-02	4.01e-04
 2.20085e+23	1.54e-14	1.89e-09	6.66e-06	1.24e-03	4.82e-02	2.80e-01	2.88e-01	1.77e-01	1.89e-01	1.54e-02	3.44e-04
 2.21087e+23	1.78e-14	2.20e-09	7.69e-06	1.40e-03	5.22e-02	2.92e-01	2.89e-01	1.73e-01	1.78e-01	1.39e-02	2.97e-04
 2.22183e+23	2.16e-14	2.69e-09	9.26e-06	1.62e-03	5.77e-02	3.07e-01	2.89e-01	1.68e-01	1.65e-01	1.22e-02	2.46e-04
 2.23240e+23	2.51e-14	3.11e-09	1.06e-05	1.80e-03	6.18e-02	3.17e-01	2.88e-01	1.64e-01	1.56e-01	1.11e-02	2.15e-04
 2.24248e+23	3.04e-14	3.76e-09	1.26e-05	2.06e-03	6.75e-02	3.31e-01	2.87e-01	1.59e-01	1.44e-01	9.74e-03	1.80e-04
 2.25267e+23	3.57e-14	4.37e-09	1.43e-05	2.28e-03	7.21e-02	3.41e-01	2.85e-01	1.55e-01	1.36e-01	8.82e-03	1.57e-04
 2.26301e+23	4.41e-14	5.33e-09	1.71e-05	2.61e-03	7.85e-02	3.54e-01	2.83e-01	1.49e-01	1.25e-01	7.72e-03	1.31e-04
 2.27350e+23	5.25e-14	6.24e-09	1.95e-05	2.89e-03	8.38e-02	3.65e-01	2.80e-01	1.44e-01	1.17e-01	6.95e-03	1.13e-04
 2.28420e+23	6.59e-14	7.69e-09	2.34e-05	3.31e-03	9.12e-02	3.78e-01	2.76e-01	1.38e-01	1.07e-01	6.03e-03	9.32e-05
 2.29504e+23	7.93e-14	9.06e-09	2.68e-05	3.66e-03	9.72e-02	3.88e-01	2.73e-01	1.33e-01	9.99e-02	5.40e-03	8.02e-05
 2.30607e+23	1.01e-13	1.13e-08	3.22e-05	4.19e-03	1.06e-01	4.00e-01	2.68e-01	1.26e-01	9.08e-02	4.66e-03	6.56e-05
 2.31734e+23	1.23e-13	1.34e-08	3.71e-05	4.65e-03	1.12e-01	4.10e-01	2.64e-01	1.21e-01	8.42e-02	4.14e-03	5.59e-05
 2.32891e+23	1.60e-13	1.68e-08	4.47e-05	5.33e-03	1.22e-01	4.22e-01	2.57e-01	1.14e-01	7.58e-02	3.53e-03	4.51e-05
 2.34072e+23	1.98e-13	2.01e-08	5.18e-05	5.92e-03	1.30e-01	4.30e-01	2.52e-01	1.09e-01	6.98e-02	3.11e-03	3.80e-05
 2.35284e+23	2.62e-13	2.54e-08	6.26e-05	6.78e-03	1.40e-01	4.41e-01	2.45e-01	1.02e-01	6.24e-02	2.62e-03	3.03e-05
 2.36527e+23	3.28e-13	3.08e-08	7.29e-05	7.55e-03	1.49e-01	4.49e-01	2.38e-01	9.65e-02	5.69e-02	2.29e-03	2.53e-05
 2.37813e+23	4.41e-13	3.94e-08	8.88e-05	8.67e-03	1.62e-01	4.58e-01	2.30e-01	8.96e-02	5.04e-02	1.90e-03	1.98e-05
 2.39110e+23	5.55e-13	4.77e-08	1.03e-04	9.63e-03	1.71e-01	4.65e-01	2.23e-01	8.44e-02	4.57e-02	1.65e-03	1.64e-05
 2.40423e+23	7.52e-13	6.12e-08	1.26e-04	1.10e-02	1.84e-01	4.72e-01	2.13e-01	7.79e-02	4.02e-02	1.36e-03	1.28e-05
 2.41754e+23	9.51e-13	7.42e-08	1.46e-04	1.22e-02	1.95e-01	4.76e-01	2.06e-01	7.29e-02	3.63e-02	1.18e-03	1.05e-05
 2.43107e+23	1.30e-12	9.57e-08	1.77e-04	1.40e-02	2.09e-01	4.81e-01	1.96e-01	6.68e-02	3.17e-02	9.63e-04	8.09e-06
 2.44424e+23	1.61e-12	1.14e-07	2.03e-04	1.53e-02	2.20e-01	4.84e-01	1.89e-01	6.26e-02	2.87e-02	8.36e-04	6.72e-06
 2.45696e+23	2.16e-12	1.44e-07	2.43e-04	1.73e-02	2.33e-01	4.86e-01	1.79e-01	5.74e-02	2.52e-02	6.91e-04	5.24e-06
 2.47018e+23	2.72e-12	1.74e-07	2.81e-04	1.90e-02	2.45e-01	4.87e-01	1.72e-01	5.34e-02	2.26e-02	5.92e-04	4.28e-06
 2.48148e+23	3.35e-12	2.06e-07	3.19e-04	2.06e-02	2.55e-01	4.88e-01	1.65e-01	5.00e-02	2.05e-02	5.15e-04	3.57e-06
 2.49359e+23	4.39e-12	2.56e-07	3.75e-04	2.30e-02	2.69e-01	4.87e-01	1.56e-01	4.58e-02	1.80e-02	4.28e-04	2.82e-06
 2.50574e+23	5.41e-12	3.02e-07	4.26e-04	2.50e-02	2.80e-01	4.86e-01	1.50e-01	4.28e-02	1.63e-02	3.71e-04	2.34e-06
 2.51792e+23	7.00e-12	3.71e-07	4.96e-04	2.76e-02	2.93e-01	4.83e-01	1.42e-01	3.92e-02	1.43e-02	3.10e-04	1.86e-06
 2.53059e+23	8.84e-12	4.47e-07	5.71e-04	3.01e-02	3.05e-01	4.80e-01	1.35e-01	3.62e-02	1.27e-02	2.63e-04	1.50e-06
 2.54189e+23	1.09e-11	5.27e-07	6.45e-04	3.26e-02	3.16e-01	4.77e-01	1.28e-01	3.36e-02	1.15e-02	2.27e-04	1.24e-06
 2.55458e+23	1.41e-11	6.48e-07	7.53e-04	3.59e-02	3.30e-01	4.72e-01	1.20e-01	3.06e-02	1.00e-02	1.88e-04	9.72e-07
 2.56797e+23	1.80e-11	7.84e-07	8.66e-04	3.93e-02	3.43e-01	4.67e-01	1.13e-01	2.80e-02	8.83e-03	1.57e-04	7.75e-07
 2.58015e+23	2.25e-11	9.35e-07	9.86e-04	4.26e-02	3.54e-01	4.61e-01	1.07e-01	2.58e-02	7.84e-03	1.33e-04	6.27e-07
 2.59390e+23	2.97e-11	1.16e-06	1.16e-03	4.70e-02	3.69e-01	4.53e-01	9.96e-02	2.32e-02	6.75e-03	1.08e-04	4.80e-07
 2.60807e+23	3.80e-11	1.41e-06	1.33e-03	5.13e-02	3.82e-01	4.45e-01	9.32e-02	2.11e-02	5.90e-03	8.96e-05	3.78e-07
 2.62066e+23	4.76e-11	1.68e-06	1.52e-03	5.55e-02	3.93e-01	4.38e-01	8.74e-02	1.93e-02	5.20e-03	7.53e-05	3.02e-07
 2.63488e+23	6.31e-11	2.10e-06	1.78e-03	6.11e-02	4.08e-01	4.27e-01	8.06e-02	1.72e-02	4.43e-03	6.04e-05	2.29e-07
 2.64965e+23	8.11e-11	2.55e-06	2.05e-03	6.66e-02	4.20e-01	4.17e-01	7.47e-02	1.55e-02	3.84e-03	4.95e-05	1.77e-07
 2.66289e+23	1.02e-10	3.06e-06	2.34e-03	7.19e-02	4.31e-01	4.07e-01	6.96e-02	1.40e-02	3.35e-03	4.11e-05	1.40e-07
 2.67790e+23	1.37e-10	3.85e-06	2.76e-03	7.93e-02	4.45e-01	3.94e-01	6.33e-02	1.24e-02	2.81e-03	3.23e-05	0.00e+00
 2.69340e+23	1.77e-10	4.67e-06	3.17e-03	8.60e-02	4.56e-01	3.83e-01	5.83e-02	1.11e-02	2.41e-03	2.62e-05	0.00e+00
 2.70954e+23	2.41e-10	5.94e-06	3.77e-03	9.49e-02	4.70e-01	3.68e-01	5.25e-02	9.65e-03	1.99e-03	2.02e-05	0.00e+00
 2.72587e+23	3.11e-10	7.23e-06	4.33e-03	1.03e-01	4.80e-01	3.55e-01	4.80e-02	8.60e-03	1.70e-03	1.62e-05	0.00e+00
 2.74024e+23	3.98e-10	8.74e-06	4.95e-03	1.11e-01	4.89e-01	3.42e-01	4.40e-02	7.68e-03	1.45e-03	1.31e-05	0.00e+00
 2.75669e+23	5.44e-10	1.11e-05	5.87e-03	1.22e-01	5.00e-01	3.26e-01	3.92e-02	6.62e-03	1.18e-03	9.96e-06	0.00e+00
 2.77337e+23	7.03e-10	1.35e-05	6.74e-03	1.31e-01	5.08e-01	3.12e-01	3.55e-02	5.86e-03	9.99e-04	7.92e-06	0.00e+00
 2.79032e+23	9.58e-10	1.71e-05	7.96e-03	1.44e-01	5.16e-01	2.95e-01	3.14e-02	5.03e-03	8.10e-04	5.97e-06	0.00e+00
 2.80753e+23	1.24e-09	2.09e-05	9.13e-03	1.54e-01	5.22e-01	2.81e-01	2.83e-02	4.41e-03	6.78e-04	4.70e-06	0.00e+00
 2.82279e+23	1.60e-09	2.53e-05	1.04e-02	1.66e-01	5.27e-01	2.67e-01	2.54e-02	3.88e-03	5.67e-04	3.70e-06	0.00e+00
 2.84033e+23	2.19e-09	3.22e-05	1.23e-02	1.80e-01	5.31e-01	2.50e-01	2.22e-02	3.29e-03	4.53e-04	2.74e-06	0.00e+00
 2.85821e+23	2.85e-09	3.92e-05	1.41e-02	1.93e-01	5.34e-01	2.36e-01	1.98e-02	2.86e-03	3.74e-04	2.12e-06	0.00e+00
 2.87414e+23	3.69e-09	4.77e-05	1.61e-02	2.07e-01	5.35e-01	2.22e-01	1.76e-02	2.49e-03	3.09e-04	1.64e-06	0.00e+00
 2.89245e+23	5.09e-09	6.07e-05	1.90e-02	2.24e-01	5.34e-01	2.05e-01	1.51e-02	2.08e-03	2.42e-04	1.19e-06	0.00e+00
 2.91106e+23	6.62e-09	7.39e-05	2.17e-02	2.38e-01	5.33e-01	1.92e-01	1.33e-02	1.79e-03	1.97e-04	9.07e-07	0.00e+00
 2.92708e+23	8.42e-09	8.85e-05	2.45e-02	2.52e-01	5.30e-01	1.80e-01	1.18e-02	1.56e-03	1.63e-04	7.05e-07	0.00e+00
 2.94491e+23	1.15e-08	1.12e-04	2.87e-02	2.71e-01	5.25e-01	1.64e-01	1.01e-02	1.30e-03	1.27e-04	5.06e-07	0.00e+00
 2.96243e+23	1.44e-08	1.32e-04	3.20e-02	2.84e-01	5.19e-01	1.54e-01	8.99e-03	1.13e-03	1.06e-04	3.97e-07	0.00e+00
 2.97712e+23	1.79e-08	1.55e-04	3.57e-02	2.98e-01	5.13e-01	1.43e-01	7.98e-03	9.90e-04	8.78e-05	3.11e-07	0.00e+00
 2.99383e+23	2.37e-08	1.91e-04	4.09e-02	3.16e-01	5.04e-01	1.31e-01	6.85e-03	8.31e-04	6.92e-05	2.28e-07	0.00e+00
 3.01056e+23	2.95e-08	2.24e-04	4.54e-02	3.30e-01	4.96e-01	1.22e-01	6.05e-03	7.22e-04	5.71e-05	1.77e-07	0.00e+00
 3.02731e+23	3.87e-08	2.74e-04	5.18e-02	3.47e-01	4.84e-01	1.11e-01	5.17e-03	6.03e-04	4.48e-05	1.29e-07	0.00e+00
 3.04436e+23	4.85e-08	3.23e-04	5.76e-02	3.61e-01	4.74e-01	1.02e-01	4.53e-03	5.19e-04	3.66e-05	0.00e+00	0.00e+00
 3.06182e+23	6.40e-08	3.96e-04	6.56e-02	3.79e-01	4.59e-01	9.15e-02	3.82e-03	4.28e-04	2.83e-05	0.00e+00	0.00e+00
 3.07868e+23	7.82e-08	4.58e-04	7.20e-02	3.91e-01	4.48e-01	8.45e-02	3.37e-03	3.72e-04	2.33e-05	0.00e+00	0.00e+00
