#depth	Fe	Fe+	Fe+2	Fe+3	Fe+4	Fe+5	Fe+6	Fe+7	Fe+8	Fe+9	Fe+10	Fe+11	Fe+12	Fe+13	Fe+14	Fe+15	Fe+16	Fe+17	Fe+18	Fe+19	Fe+20	Fe+21	Fe+22	Fe+23	Fe+24	Fe+25	Fe+26
 1.54284e+22	0.00e+00	0.00e+00	0.00e+00	0.00e+00	0.00e+00	0.00e+00	0.00e+00	0.00e+00	0.00e+00	0.00e+00	2.13e-25	2.54e-23	3.00e-21	2.42e-19	1.57e-17	3.30e-15	5.35e-12	7.45e-10	5.18e-08	1.69e-06	3.25e-05	3.47e-04	2.79e-03	2.05e-02	2.23e-01	4.40e-01	3.13e-01
 3.57881e+22	0.00e+00	0.00e+00	0.00e+00	0.00e+00	0.00e+00	0.00e+00	0.00e+00	0.00e+00	0.00e+00	2.82e-26	3.50e-24	3.04e-22	4.29e-20	4.79e-18	5.94e-16	8.97e-14	1.01e-10	9.91e-09	4.91e-07	1.15e-05	1.60e-04	1.23e-03	7.14e-03	3.82e-02	3.03e-01	4.30e-01	2.20e-01
 4.43468e+22	0.00e+00	0.00e+00	0.00e+00	0.00e+00	0.00e+00	0.00e+00	0.00e+00	0.00e+00	8.15e-27	1.12e-24	1.11e-22	7.65e-21	8.60e-19	7.64e-17	7.56e-15	9.08e-13	7.91e-10	6.07e-08	2.35e-06	4.36e-05	4.76e-04	2.91e-03	1.34e-02	5.68e-02	3.60e-01	4.03e-01	1.63e-01
 5.08761e+22	0.00e+00	0.00e+00	0.00e+00	0.00e+00	0.00e+00	0.00e+00	0.00e+00	3.67e-28	1.26e-25	1.45e-23	1.19e-21	9.87e-20	9.21e-18	6.81e-16	5.61e-14	5.60e-12	3.97e-09	2.50e-07	7.97e-06	1.22e-04	1.10e-03	5.59e-03	2.13e-02	7.55e-02	4.01e-01	3.71e-01	1.24e-01
 5.45035e+22	0.00e+00	0.00e+00	0.00e+00	0.00e+00	0.00e+00	0.00e+00	1.24e-30	6.66e-28	2.18e-25	2.39e-23	2.40e-21	1.90e-19	1.69e-17	1.19e-15	9.34e-14	8.89e-12	5.98e-09	3.57e-07	1.08e-05	1.58e-04	1.36e-03	6.57e-03	2.39e-02	8.07e-02	4.10e-01	3.62e-01	1.15e-01
 5.57284e+22	0.00e+00	0.00e+00	0.00e+00	0.00e+00	0.00e+00	0.00e+00	2.24e-30	1.16e-27	3.69e-25	3.91e-23	3.81e-21	2.92e-19	2.52e-17	1.72e-15	1.31e-13	1.21e-11	7.86e-09	4.54e-07	1.33e-05	1.88e-04	1.57e-03	7.32e-03	2.58e-02	8.44e-02	4.16e-01	3.55e-01	1.09e-01
 5.68771e+22	0.00e+00	0.00e+00	0.00e+00	0.00e+00	0.00e+00	0.00e+00	4.71e-30	2.35e-27	7.20e-25	7.33e-23	6.86e-21	5.06e-19	4.20e-17	2.76e-15	2.02e-13	1.79e-11	1.11e-08	6.12e-07	1.72e-05	2.33e-04	1.87e-03	8.37e-03	2.83e-02	8.91e-02	4.23e-01	3.47e-01	1.02e-01
 5.80425e+22	0.00e+00	0.00e+00	0.00e+00	0.00e+00	0.00e+00	4.58e-33	8.71e-30	4.21e-27	1.25e-24	1.23e-22	1.11e-20	7.94e-19	6.37e-17	4.05e-15	2.86e-13	2.45e-11	1.47e-08	7.83e-07	2.13e-05	2.78e-04	2.15e-03	9.34e-03	3.06e-02	9.31e-02	4.28e-01	3.39e-01	9.68e-02
 5.90706e+22	0.00e+00	0.00e+00	0.00e+00	0.00e+00	0.00e+00	8.80e-33	1.62e-29	7.58e-27	2.17e-24	2.07e-22	1.81e-20	1.25e-18	9.69e-17	5.95e-15	4.07e-13	3.37e-11	1.95e-08	1.00e-06	2.63e-05	3.32e-04	2.49e-03	1.04e-02	3.30e-02	9.72e-02	4.33e-01	3.32e-01	9.15e-02
 6.00887e+22	0.00e+00	0.00e+00	0.00e+00	0.00e+00	0.00e+00	1.66e-32	2.96e-29	1.34e-26	3.72e-24	3.43e-22	2.91e-20	1.94e-18	1.46e-16	8.66e-15	5.73e-13	4.60e-11	2.57e-08	1.27e-06	3.23e-05	3.95e-04	2.86e-03	1.16e-02	3.55e-02	1.01e-01	4.38e-01	3.24e-01	8.64e-02
 6.12529e+22	0.00e+00	0.00e+00	0.00e+00	0.00e+00	0.00e+00	3.60e-32	6.16e-29	2.69e-26	7.17e-24	6.36e-22	5.18e-20	3.32e-18	2.40e-16	1.37e-14	8.72e-13	6.72e-11	3.59e-08	1.71e-06	4.15e-05	4.86e-04	3.38e-03	1.32e-02	3.88e-02	1.06e-01	4.43e-01	3.14e-01	8.05e-02
 6.24638e+22	0.00e+00	0.00e+00	0.00e+00	0.00e+00	0.00e+00	5.97e-32	9.88e-29	4.16e-26	1.07e-23	1.11e-21	8.69e-20	5.38e-18	3.75e-16	2.07e-14	1.27e-12	9.43e-11	4.84e-08	2.21e-06	5.18e-05	5.86e-04	3.93e-03	1.47e-02	4.19e-02	1.11e-01	4.47e-01	3.06e-01	7.55e-02
 6.34927e+22	0.00e+00	0.00e+00	0.00e+00	0.00e+00	0.00e+00	1.11e-31	1.78e-28	7.29e-26	1.82e-23	1.82e-21	1.38e-19	8.28e-18	5.59e-16	2.98e-14	1.77e-12	1.27e-10	6.32e-08	2.80e-06	6.33e-05	6.92e-04	4.49e-03	1.63e-02	4.48e-02	1.15e-01	4.50e-01	2.98e-01	7.11e-02
 6.44359e+22	0.00e+00	0.00e+00	0.00e+00	0.00e+00	0.00e+00	2.00e-31	3.12e-28	1.24e-25	2.99e-23	2.90e-21	2.14e-19	1.24e-17	8.14e-16	4.21e-14	2.43e-12	1.69e-10	8.13e-08	3.48e-06	7.63e-05	8.09e-04	5.09e-03	1.79e-02	4.78e-02	1.19e-01	4.52e-01	2.90e-01	6.72e-02
 6.55107e+22	0.00e+00	0.00e+00	0.00e+00	0.00e+00	0.00e+00	3.94e-31	5.93e-28	2.27e-25	5.32e-23	4.98e-21	3.55e-19	1.99e-17	1.26e-15	6.29e-14	3.50e-12	2.36e-10	1.09e-07	4.48e-06	9.47e-05	9.67e-04	5.87e-03	2.00e-02	5.14e-02	1.23e-01	4.54e-01	2.81e-01	6.28e-02
 6.66780e+22	0.00e+00	0.00e+00	0.00e+00	0.00e+00	0.00e+00	7.90e-31	1.15e-27	4.25e-25	9.61e-23	8.68e-21	5.96e-19	3.23e-17	1.97e-15	9.47e-14	5.08e-12	3.30e-10	1.46e-07	5.81e-06	1.18e-04	1.16e-03	6.79e-03	2.23e-02	5.52e-02	1.28e-01	4.56e-01	2.72e-01	5.85e-02
 6.77472e+22	0.00e+00	0.00e+00	0.00e+00	0.00e+00	0.00e+00	1.51e-30	2.13e-27	7.63e-25	1.67e-22	1.46e-20	9.67e-19	5.06e-17	2.98e-15	1.39e-13	7.19e-12	4.51e-10	1.93e-07	7.38e-06	1.45e-04	1.38e-03	7.78e-03	2.46e-02	5.90e-02	1.32e-01	4.57e-01	2.63e-01	5.46e-02
 6.87312e+22	0.00e+00	0.00e+00	0.00e+00	0.00e+00	0.00e+00	2.77e-30	3.78e-27	1.31e-24	2.78e-22	2.36e-20	1.52e-18	7.68e-17	4.38e-15	1.97e-13	9.92e-12	6.03e-10	2.49e-07	9.23e-06	1.75e-04	1.61e-03	8.81e-03	2.70e-02	6.27e-02	1.36e-01	4.57e-01	2.55e-01	5.12e-02
 6.96719e+22	0.00e+00	0.00e+00	0.00e+00	0.00e+00	0.00e+00	4.89e-30	6.49e-27	2.19e-24	4.51e-22	3.70e-20	2.31e-18	1.14e-16	6.30e-15	2.76e-13	1.34e-11	7.92e-10	3.17e-07	1.14e-05	2.09e-04	1.87e-03	9.90e-03	2.94e-02	6.64e-02	1.40e-01	4.57e-01	2.47e-01	4.82e-02
 7.07438e+22	0.00e+00	0.00e+00	0.00e+00	0.00e+00	3.39e-33	9.65e-30	1.24e-26	4.03e-24	8.03e-22	6.36e-20	3.83e-18	1.82e-16	9.72e-15	4.10e-13	1.93e-11	1.10e-09	4.23e-07	1.46e-05	2.58e-04	2.22e-03	1.14e-02	3.26e-02	7.09e-02	1.44e-01	4.56e-01	2.38e-01	4.46e-02
 7.18859e+22	0.00e+00	0.00e+00	0.00e+00	0.00e+00	6.39e-33	1.76e-29	2.18e-26	6.87e-24	1.43e-21	1.09e-19	6.34e-18	2.90e-16	1.49e-14	6.09e-13	2.76e-11	1.51e-09	5.61e-07	1.87e-05	3.19e-04	2.64e-03	1.30e-02	3.60e-02	7.55e-02	1.49e-01	4.54e-01	2.28e-01	4.13e-02
 7.29054e+22	0.00e+00	0.00e+00	0.00e+00	0.00e+00	1.23e-32	3.27e-29	3.93e-26	1.20e-23	2.41e-21	1.78e-19	1.00e-17	4.44e-16	2.21e-14	8.72e-13	3.83e-11	2.03e-09	7.27e-07	2.34e-05	3.86e-04	3.09e-03	1.47e-02	3.94e-02	8.00e-02	1.52e-01	4.52e-01	2.20e-01	3.84e-02
 7.40170e+22	0.00e+00	0.00e+00	0.00e+00	0.00e+00	2.61e-32	6.73e-29	7.78e-26	2.29e-23	4.44e-21	3.16e-19	1.71e-17	7.29e-16	3.50e-14	1.33e-12	5.60e-11	2.86e-09	9.82e-07	3.03e-05	4.81e-04	3.70e-03	1.70e-02	4.37e-02	8.53e-02	1.56e-01	4.49e-01	2.10e-01	3.53e-02
 7.51925e+22	0.00e+00	0.00e+00	0.00e+00	0.00e+00	5.44e-32	1.35e-28	1.51e-25	4.28e-23	8.00e-21	5.49e-19	2.86e-17	1.17e-15	5.42e-14	1.98e-12	8.05e-11	3.96e-09	1.31e-06	3.89e-05	5.94e-04	4.41e-03	1.94e-02	4.82e-02	9.06e-02	1.60e-01	4.44e-01	2.00e-01	3.24e-02
 7.61922e+22	0.00e+00	0.00e+00	0.00e+00	0.00e+00	1.01e-31	2.45e-28	2.65e-25	7.29e-23	1.32e-20	8.78e-19	4.43e-17	1.76e-15	7.88e-14	2.79e-12	1.10e-10	5.21e-09	1.67e-06	4.81e-05	7.10e-04	5.10e-03	2.18e-02	5.23e-02	9.52e-02	1.63e-01	4.40e-01	1.91e-01	3.00e-02
 7.72329e+22	0.00e+00	0.00e+00	0.00e+00	0.00e+00	2.07e-31	4.83e-28	5.05e-25	1.34e-22	2.35e-20	1.50e-18	7.32e-17	2.80e-15	1.21e-13	4.12e-12	1.56e-10	7.16e-09	2.21e-06	6.12e-05	8.71e-04	6.03e-03	2.48e-02	5.73e-02	1.01e-01	1.66e-01	4.34e-01	1.82e-01	2.75e-02
 7.83342e+22	0.00e+00	0.00e+00	0.00e+00	0.00e+00	4.12e-31	9.28e-28	9.38e-25	2.41e-22	4.07e-20	2.52e-18	1.18e-16	4.37e-15	1.82e-13	5.97e-12	2.19e-10	9.66e-09	2.88e-06	7.70e-05	1.06e-03	7.06e-03	2.80e-02	6.25e-02	1.06e-01	1.69e-01	4.28e-01	1.73e-01	2.52e-02
 7.93246e+22	0.00e+00	0.00e+00	0.00e+00	0.00e+00	7.65e-31	1.67e-27	1.64e-24	4.09e-22	6.70e-20	4.01e-18	1.83e-16	6.53e-15	2.63e-13	8.36e-12	2.96e-10	1.27e-08	3.66e-06	9.47e-05	1.26e-03	8.13e-03	3.12e-02	6.75e-02	1.11e-01	1.71e-01	4.22e-01	1.65e-01	2.33e-02
 8.04224e+22	0.00e+00	0.00e+00	0.00e+00	0.00e+00	1.67e-30	3.52e-27	3.32e-24	7.97e-22	1.25e-19	7.21e-18	3.15e-16	1.08e-14	4.17e-13	1.27e-11	4.33e-10	1.78e-08	4.93e-06	1.23e-04	1.56e-03	9.70e-03	3.58e-02	7.41e-02	1.17e-01	1.74e-01	4.13e-01	1.55e-01	2.10e-02
 8.15529e+22	0.00e+00	0.00e+00	0.00e+00	0.00e+00	3.15e-30	6.42e-27	5.86e-24	1.41e-21	2.14e-19	1.19e-17	5.01e-16	1.66e-14	6.19e-13	1.82e-11	5.98e-10	2.37e-08	6.36e-06	1.53e-04	1.88e-03	1.12e-02	4.00e-02	8.01e-02	1.22e-01	1.75e-01	4.04e-01	1.46e-01	1.91e-02
 8.25212e+22	0.00e+00	0.00e+00	0.00e+00	0.00e+00	5.87e-30	1.16e-26	1.03e-23	2.39e-21	3.52e-19	1.89e-17	7.72e-16	2.47e-14	8.92e-13	2.54e-11	8.06e-10	3.09e-08	8.04e-06	1.87e-04	2.23e-03	1.29e-02	4.44e-02	8.60e-02	1.27e-01	1.76e-01	3.95e-01	1.39e-01	1.75e-02
 8.34297e+22	0.00e+00	0.00e+00	0.00e+00	1.76e-33	1.06e-29	2.03e-26	1.75e-23	3.94e-21	5.64e-19	2.94e-17	1.16e-15	3.61e-14	1.26e-12	3.48e-11	1.07e-09	3.97e-08	1.00e-05	2.26e-04	2.61e-03	1.47e-02	4.89e-02	9.18e-02	1.31e-01	1.77e-01	3.87e-01	1.31e-01	1.61e-02
 8.44648e+22	0.00e+00	0.00e+00	0.00e+00	3.78e-33	2.20e-29	4.08e-26	3.37e-23	7.35e-21	1.01e-18	5.07e-17	1.93e-15	5.75e-14	1.93e-12	5.12e-11	1.51e-09	5.40e-08	1.32e-05	2.86e-04	3.18e-03	1.72e-02	5.51e-02	9.93e-02	1.36e-01	1.77e-01	3.75e-01	1.22e-01	1.44e-02
 8.55436e+22	0.00e+00	0.00e+00	0.00e+00	7.43e-33	4.19e-29	7.53e-26	6.03e-23	1.27e-20	1.69e-18	8.20e-17	3.01e-15	8.67e-14	2.81e-12	7.19e-11	2.05e-09	7.06e-08	1.67e-05	3.50e-04	3.77e-03	1.97e-02	6.09e-02	1.06e-01	1.41e-01	1.77e-01	3.64e-01	1.15e-01	1.30e-02
 8.65232e+22	0.00e+00	0.00e+00	0.00e+00	1.46e-32	7.96e-29	1.39e-25	1.08e-22	2.19e-20	2.83e-18	1.32e-16	4.68e-15	1.30e-13	4.07e-12	1.01e-10	2.77e-09	9.20e-08	2.11e-05	4.29e-04	4.46e-03	2.25e-02	6.73e-02	1.13e-01	1.45e-01	1.76e-01	3.52e-01	1.07e-01	1.18e-02
 8.74931e+22	0.00e+00	0.00e+00	0.00e+00	2.84e-32	1.51e-28	2.54e-25	1.91e-22	3.77e-20	4.70e-18	2.12e-16	7.26e-15	1.95e-13	5.88e-12	1.40e-10	3.72e-09	1.19e-07	2.65e-05	5.23e-04	5.26e-03	2.56e-02	7.40e-02	1.20e-01	1.49e-01	1.75e-01	3.40e-01	9.99e-02	1.06e-02
 8.84294e+22	0.00e+00	0.00e+00	0.00e+00	5.34e-32	2.75e-28	4.51e-25	3.28e-22	6.28e-20	7.58e-18	3.31e-16	1.10e-14	2.85e-13	8.30e-12	1.91e-10	4.91e-09	1.52e-07	3.29e-05	6.29e-04	6.14e-03	2.89e-02	8.08e-02	1.27e-01	1.52e-01	1.73e-01	3.28e-01	9.32e-02	9.57e-03
 8.93268e+22	0.00e+00	0.00e+00	0.00e+00	9.86e-32	4.94e-28	7.87e-25	5.56e-22	1.03e-19	1.21e-17	5.10e-16	1.63e-14	4.11e-13	1.16e-11	2.59e-10	6.41e-09	1.93e-07	4.05e-05	7.52e-04	7.12e-03	3.24e-02	8.79e-02	1.34e-01	1.55e-01	1.71e-01	3.15e-01	8.69e-02	8.64e-03
 9.03508e+22	0.00e+00	0.00e+00	0.00e+00	2.17e-31	1.05e-27	1.61e-24	1.10e-21	1.95e-19	2.19e-17	8.89e-16	2.73e-14	6.57e-13	1.78e-11	3.79e-10	9.00e-09	2.59e-07	5.26e-05	9.42e-04	8.58e-03	3.75e-02	9.76e-02	1.42e-01	1.59e-01	1.68e-01	2.99e-01	7.91e-02	7.54e-03
 9.13863e+22	0.00e+00	0.00e+00	0.00e+00	4.03e-31	1.89e-27	2.82e-24	1.88e-21	3.25e-19	3.53e-17	1.38e-15	4.11e-14	9.56e-13	2.50e-11	5.15e-10	1.18e-08	3.29e-07	6.49e-05	1.13e-03	9.93e-03	4.20e-02	1.06e-01	1.49e-01	1.61e-01	1.65e-01	2.86e-01	7.31e-02	6.74e-03
 9.24365e+22	0.00e+00	0.00e+00	0.00e+00	9.10e-31	4.11e-27	5.89e-24	3.77e-21	6.26e-19	6.51e-17	2.45e-15	6.94e-14	1.54e-12	3.86e-11	7.61e-10	1.67e-08	4.43e-07	8.45e-05	1.41e-03	1.20e-02	4.85e-02	1.17e-01	1.58e-01	1.63e-01	1.60e-01	2.68e-01	6.57e-02	5.80e-03
 9.34919e+22	0.00e+00	0.00e+00	0.00e+00	1.80e-30	7.90e-27	1.09e-23	6.77e-21	1.08e-18	1.09e-16	3.94e-15	1.08e-13	2.30e-12	5.54e-11	1.05e-09	2.22e-08	5.67e-07	1.05e-04	1.70e-03	1.39e-02	5.45e-02	1.26e-01	1.65e-01	1.64e-01	1.56e-01	2.53e-01	5.98e-02	5.09e-03
 9.43580e+22	0.00e+00	0.00e+00	0.00e+00	3.28e-30	1.40e-26	1.88e-23	1.13e-20	1.75e-18	1.71e-16	5.97e-15	1.58e-13	3.26e-12	7.58e-11	1.39e-09	2.84e-08	7.02e-07	1.27e-04	2.00e-03	1.59e-02	6.02e-02	1.35e-01	1.71e-01	1.65e-01	1.52e-01	2.40e-01	5.49e-02	4.53e-03
 9.52884e+22	0.00e+00	0.00e+00	0.00e+00	6.52e-30	2.69e-26	3.50e-23	2.03e-20	3.04e-18	2.85e-16	9.61e-15	2.44e-13	4.87e-12	1.09e-10	1.92e-09	3.76e-08	8.96e-07	1.57e-04	2.40e-03	1.84e-02	6.73e-02	1.46e-01	1.77e-01	1.65e-01	1.46e-01	2.25e-01	4.95e-02	3.94e-03
 9.62763e+22	0.00e+00	0.00e+00	0.00e+00	1.28e-29	5.12e-26	6.46e-23	3.61e-20	5.23e-18	4.73e-16	1.53e-14	3.75e-13	7.19e-12	1.54e-10	2.62e-09	4.94e-08	1.13e-06	1.93e-04	2.86e-03	2.12e-02	7.48e-02	1.56e-01	1.83e-01	1.64e-01	1.40e-01	2.10e-01	4.46e-02	3.41e-03
 9.71553e+22	0.00e+00	0.00e+00	9.08e-34	2.31e-29	8.96e-26	1.10e-22	5.96e-20	8.37e-18	7.33e-16	2.30e-14	5.44e-13	1.01e-11	2.09e-10	3.43e-09	6.26e-08	1.39e-06	2.31e-04	3.32e-03	2.40e-02	8.18e-02	1.65e-01	1.87e-01	1.63e-01	1.35e-01	1.97e-01	4.05e-02	3.01e-03
 9.81145e+22	0.00e+00	0.00e+00	1.99e-33	4.86e-29	1.82e-25	2.15e-22	1.12e-19	1.52e-17	1.27e-15	3.83e-14	8.68e-13	1.54e-11	3.07e-10	4.81e-09	8.39e-08	1.78e-06	2.88e-04	4.00e-03	2.78e-02	9.12e-02	1.77e-01	1.92e-01	1.60e-01	1.28e-01	1.81e-01	3.57e-02	2.54e-03
 9.91023e+22	0.00e+00	0.00e+00	3.99e-33	9.45e-29	3.43e-25	3.92e-22	1.97e-19	2.57e-17	2.08e-15	6.03e-14	1.31e-12	2.24e-11	4.29e-10	6.48e-09	1.09e-07	2.22e-06	3.49e-04	4.71e-03	3.17e-02	1.00e-01	1.87e-01	1.96e-01	1.58e-01	1.21e-01	1.67e-01	3.18e-02	2.18e-03
 9.99407e+22	0.00e+00	0.00e+00	7.25e-33	1.67e-28	5.88e-25	6.55e-22	3.20e-19	4.05e-17	3.17e-15	8.89e-14	1.88e-12	3.10e-11	5.72e-10	8.35e-09	1.35e-07	2.67e-06	4.12e-04	5.40e-03	3.53e-02	1.08e-01	1.96e-01	1.99e-01	1.55e-01	1.16e-01	1.55e-01	2.86e-02	1.91e-03
 1.00844e+23	0.00e+00	0.00e+00	1.51e-32	3.35e-28	1.14e-24	1.23e-21	5.77e-19	7.03e-17	5.30e-15	1.43e-13	2.89e-12	4.57e-11	8.11e-10	1.13e-08	1.76e-07	3.34e-06	5.00e-04	6.37e-03	4.02e-02	1.18e-01	2.06e-01	2.01e-01	1.51e-01	1.08e-01	1.42e-01	2.51e-02	1.61e-03
 1.01781e+23	0.00e+00	0.00e+00	2.86e-32	6.16e-28	2.04e-24	2.14e-21	9.73e-19	1.15e-16	8.35e-15	2.17e-13	4.23e-12	6.46e-11	1.10e-09	1.49e-08	2.23e-07	4.07e-06	5.94e-04	7.34e-03	4.49e-02	1.28e-01	2.15e-01	2.03e-01	1.47e-01	1.02e-01	1.30e-01	2.22e-02	1.38e-03
 1.02615e+23	0.00e+00	0.00e+00	5.38e-32	1.12e-27	3.61e-24	3.67e-21	1.62e-18	1.84e-16	1.30e-14	3.25e-13	6.11e-12	9.00e-11	1.48e-09	1.93e-08	2.78e-07	4.90e-06	6.99e-04	8.40e-03	4.99e-02	1.37e-01	2.23e-01	2.03e-01	1.42e-01	9.58e-02	1.19e-01	1.97e-02	1.18e-03
 1.03428e+23	0.00e+00	0.00e+00	9.88e-32	2.00e-27	6.25e-24	6.17e-21	2.64e-18	2.91e-16	1.98e-14	4.79e-13	8.72e-12	1.24e-10	1.97e-09	2.47e-08	3.44e-07	5.86e-06	8.16e-04	9.55e-03	5.50e-02	1.47e-01	2.30e-01	2.03e-01	1.38e-01	8.98e-02	1.09e-01	1.74e-02	1.01e-03
 1.04362e+23	0.00e+00	0.00e+00	2.11e-31	4.11e-27	1.24e-23	1.18e-20	4.84e-18	5.14e-16	3.35e-14	7.77e-13	1.35e-11	1.84e-10	2.80e-09	3.36e-08	4.47e-07	7.29e-06	9.86e-04	1.12e-02	6.20e-02	1.59e-01	2.39e-01	2.02e-01	1.31e-01	8.24e-02	9.70e-02	1.49e-02	8.28e-04
 1.05292e+23	0.00e+00	0.00e+00	4.03e-31	7.62e-27	2.22e-23	2.05e-20	8.15e-18	8.36e-16	5.26e-14	1.17e-12	1.97e-11	2.57e-10	3.77e-09	4.35e-08	5.57e-07	8.73e-06	1.15e-03	1.27e-02	6.84e-02	1.69e-01	2.45e-01	2.00e-01	1.26e-01	7.62e-02	8.75e-02	1.30e-02	6.96e-04
 1.06069e+23	0.00e+00	0.00e+00	7.10e-31	1.30e-26	3.70e-23	3.32e-20	1.28e-17	1.28e-15	7.77e-14	1.68e-12	2.72e-11	3.45e-10	4.88e-09	5.45e-08	6.74e-07	1.02e-05	1.32e-03	1.42e-02	7.43e-02	1.78e-01	2.50e-01	1.98e-01	1.21e-01	7.10e-02	7.97e-02	1.15e-02	5.97e-04
 1.06929e+23	0.00e+00	0.00e+00	1.44e-30	2.56e-26	7.03e-23	6.10e-20	2.26e-17	2.17e-15	1.27e-13	2.63e-12	4.09e-11	4.97e-10	6.73e-09	7.21e-08	8.55e-07	1.24e-05	1.56e-03	1.62e-02	8.22e-02	1.89e-01	2.56e-01	1.95e-01	1.14e-01	6.47e-02	7.06e-02	9.76e-03	4.89e-04
 1.07830e+23	0.00e+00	0.00e+00	2.68e-30	4.61e-26	1.23e-22	1.03e-19	3.71e-17	3.44e-15	1.94e-13	3.89e-12	5.83e-11	6.82e-10	8.91e-09	9.19e-08	1.05e-06	1.47e-05	1.80e-03	1.82e-02	8.95e-02	1.99e-01	2.60e-01	1.91e-01	1.08e-01	5.94e-02	6.33e-02	8.46e-03	4.09e-04
 1.08648e+23	0.00e+00	0.00e+00	4.99e-30	8.31e-26	2.15e-22	1.75e-19	6.09e-17	5.46e-15	2.98e-13	5.74e-12	8.29e-11	9.35e-10	1.18e-08	1.17e-07	1.28e-06	1.74e-05	2.08e-03	2.04e-02	9.71e-02	2.09e-01	2.63e-01	1.87e-01	1.02e-01	5.43e-02	5.65e-02	7.30e-03	3.41e-04
 1.09442e+23	0.00e+00	0.00e+00	9.08e-30	1.47e-25	3.68e-22	2.91e-19	9.80e-17	8.51e-15	4.48e-13	8.34e-12	1.16e-10	1.26e-09	1.53e-08	1.47e-07	1.56e-06	2.03e-05	2.37e-03	2.27e-02	1.05e-01	2.18e-01	2.66e-01	1.82e-01	9.66e-02	4.97e-02	5.05e-02	6.31e-03	2.85e-04
 1.10341e+23	0.00e+00	0.00e+00	1.90e-29	2.96e-25	7.16e-22	5.46e-19	1.77e-16	1.47e-14	7.44e-13	1.32e-11	1.76e-10	1.84e-09	2.13e-08	1.95e-07	1.97e-06	2.46e-05	2.79e-03	2.58e-02	1.15e-01	2.30e-01	2.68e-01	1.76e-01	8.96e-02	4.43e-02	4.38e-02	5.24e-03	2.27e-04
 1.11261e+23	0.00e+00	0.00e+00	3.60e-29	5.42e-25	1.27e-21	9.38e-19	2.93e-16	2.36e-14	1.15e-12	1.97e-11	2.52e-10	2.52e-09	2.81e-08	2.48e-07	2.41e-06	2.89e-05	3.19e-03	2.87e-02	1.24e-01	2.39e-01	2.68e-01	1.70e-01	8.36e-02	3.99e-02	3.86e-02	4.45e-03	1.86e-04
 1.12055e+23	0.00e+00	6.74e-34	6.56e-29	9.57e-25	2.18e-21	1.56e-18	4.72e-16	3.67e-14	1.73e-12	2.85e-11	3.53e-10	3.40e-09	3.65e-08	3.10e-07	2.90e-06	3.36e-05	3.62e-03	3.17e-02	1.33e-01	2.47e-01	2.68e-01	1.64e-01	7.81e-02	3.61e-02	3.41e-02	3.80e-03	1.54e-04
 1.12933e+23	0.00e+00	1.42e-33	1.33e-28	1.87e-24	4.10e-21	2.84e-18	8.27e-16	6.19e-14	2.79e-12	4.42e-11	5.23e-10	4.83e-09	4.97e-08	4.03e-07	3.62e-06	4.01e-05	4.19e-03	3.55e-02	1.43e-01	2.56e-01	2.67e-01	1.57e-01	7.18e-02	3.20e-02	2.94e-02	3.15e-03	1.22e-04
 1.13848e+23	0.00e+00	2.83e-33	2.55e-28	3.47e-24	7.37e-21	4.94e-18	1.39e-15	1.00e-13	4.34e-12	6.61e-11	7.51e-10	6.67e-09	6.58e-08	5.13e-07	4.41e-06	4.69e-05	4.77e-03	3.92e-02	1.53e-01	2.64e-01	2.65e-01	1.50e-01	6.62e-02	2.84e-02	2.55e-02	2.63e-03	9.86e-05
 1.14663e+23	0.00e+00	5.27e-33	4.59e-28	6.05e-24	1.25e-20	8.12e-18	2.21e-15	1.54e-13	6.45e-12	9.49e-11	1.04e-09	8.90e-09	8.47e-08	6.36e-07	5.27e-06	5.41e-05	5.37e-03	4.29e-02	1.63e-01	2.71e-01	2.62e-01	1.44e-01	6.13e-02	2.55e-02	2.24e-02	2.23e-03	8.09e-05
 1.15574e+23	0.00e+00	1.20e-32	1.00e-27	1.27e-23	2.51e-20	1.57e-17	4.08e-15	2.73e-13	1.09e-11	1.53e-10	1.60e-09	1.30e-08	1.18e-07	8.43e-07	6.65e-06	6.50e-05	6.23e-03	4.81e-02	1.75e-01	2.79e-01	2.58e-01	1.35e-01	5.52e-02	2.20e-02	1.88e-02	1.79e-03	6.20e-05
 1.16471e+23	0.00e+00	2.22e-32	1.79e-27	2.19e-23	4.21e-20	2.56e-17	6.45e-15	4.17e-13	1.61e-11	2.18e-10	2.20e-09	1.73e-08	1.51e-07	1.04e-06	7.90e-06	7.45e-05	6.96e-03	5.22e-02	1.85e-01	2.85e-01	2.54e-01	1.29e-01	5.08e-02	1.97e-02	1.64e-02	1.51e-03	5.07e-05
 1.17230e+23	0.00e+00	4.15e-32	3.23e-27	3.84e-23	7.15e-20	4.21e-17	1.03e-14	6.43e-13	2.39e-11	3.12e-10	3.03e-09	2.30e-08	1.93e-07	1.28e-06	9.38e-06	8.52e-05	7.76e-03	5.67e-02	1.95e-01	2.90e-01	2.49e-01	1.22e-01	4.66e-02	1.75e-02	1.43e-02	1.27e-03	4.12e-05
 1.17976e+23	0.00e+00	7.52e-32	5.67e-27	6.53e-23	1.18e-19	6.75e-17	1.60e-14	9.68e-13	3.48e-11	4.39e-10	4.11e-09	3.01e-08	2.44e-07	1.56e-06	1.10e-05	9.68e-05	8.60e-03	6.11e-02	2.04e-01	2.94e-01	2.45e-01	1.16e-01	4.29e-02	1.56e-02	1.25e-02	1.08e-03	3.37e-05
 1.18823e+23	0.00e+00	1.59e-31	1.15e-26	1.28e-22	2.22e-19	1.22e-16	2.78e-14	1.62e-12	5.59e-11	6.74e-10	6.04e-09	4.23e-08	3.28e-07	2.01e-06	1.35e-05	1.13e-04	9.76e-03	6.71e-02	2.16e-01	2.98e-01	2.38e-01	1.08e-01	3.84e-02	1.34e-02	1.05e-02	8.68e-04	2.61e-05
 1.19628e+23	0.00e+00	2.76e-31	1.93e-26	2.09e-22	3.53e-19	1.89e-16	4.18e-14	2.37e-12	7.90e-11	9.22e-10	8.01e-09	5.42e-08	4.07e-07	2.41e-06	1.57e-05	1.27e-04	1.07e-02	7.17e-02	2.24e-01	3.01e-01	2.32e-01	1.02e-01	3.54e-02	1.20e-02	9.22e-03	7.39e-04	2.16e-05
 1.20273e+23	0.00e+00	4.75e-31	3.23e-26	3.38e-22	5.57e-19	2.91e-16	6.24e-14	3.43e-12	1.11e-10	1.25e-09	1.05e-08	6.91e-08	5.01e-07	2.87e-06	1.81e-05	1.42e-04	1.17e-02	7.64e-02	2.33e-01	3.03e-01	2.27e-01	9.70e-02	3.26e-02	1.08e-02	8.10e-03	6.30e-04	1.78e-05
 1.20860e+23	0.00e+00	7.62e-31	5.04e-26	5.16e-22	8.29e-19	4.23e-16	8.85e-14	4.74e-12	1.49e-10	1.64e-09	1.34e-08	8.53e-08	6.01e-07	3.35e-06	2.05e-05	1.57e-04	1.26e-02	8.06e-02	2.40e-01	3.04e-01	2.22e-01	9.24e-02	3.02e-02	9.77e-03	7.23e-03	5.48e-04	1.51e-05
 1.21396e+23	0.00e+00	1.18e-30	7.63e-26	7.62e-22	1.20e-18	5.98e-16	1.22e-13	6.39e-12	1.96e-10	2.10e-09	1.67e-08	1.04e-07	7.12e-07	3.86e-06	2.30e-05	1.71e-04	1.35e-02	8.47e-02	2.47e-01	3.05e-01	2.17e-01	8.82e-02	2.82e-02	8.91e-03	6.50e-03	4.80e-04	1.29e-05
 1.22009e+23	0.00e+00	2.07e-30	1.29e-25	1.25e-21	1.92e-18	9.30e-16	1.84e-13	9.36e-12	2.78e-10	2.88e-09	2.22e-08	1.33e-07	8.83e-07	4.63e-06	2.66e-05	1.91e-04	1.47e-02	9.00e-02	2.56e-01	3.06e-01	2.10e-01	8.29e-02	2.58e-02	7.91e-03	5.66e-03	4.05e-04	1.06e-05
 1.22617e+23	0.00e+00	3.23e-30	1.97e-25	1.87e-21	2.79e-18	1.32e-15	2.56e-13	1.27e-11	3.67e-10	3.71e-09	2.78e-08	1.62e-07	1.05e-06	5.34e-06	2.99e-05	2.09e-04	1.57e-02	9.44e-02	2.62e-01	3.07e-01	2.05e-01	7.89e-02	2.39e-02	7.18e-03	5.06e-03	3.54e-04	8.99e-06
 1.23131e+23	0.00e+00	4.97e-30	2.95e-25	2.74e-21	3.99e-18	1.85e-15	3.51e-13	1.70e-11	4.79e-10	4.72e-09	3.45e-08	1.96e-07	1.23e-06	6.13e-06	3.34e-05	2.27e-04	1.68e-02	9.88e-02	2.69e-01	3.07e-01	2.00e-01	7.51e-02	2.23e-02	6.53e-03	4.54e-03	3.10e-04	7.69e-06
 1.23713e+23	0.00e+00	8.63e-30	4.97e-25	4.47e-21	6.33e-18	2.86e-15	5.26e-13	2.47e-11	6.74e-10	6.43e-09	4.54e-08	2.50e-07	1.52e-06	7.30e-06	3.84e-05	2.53e-04	1.82e-02	1.05e-01	2.77e-01	3.06e-01	1.93e-01	7.03e-02	2.03e-02	5.78e-03	3.95e-03	2.61e-04	6.28e-06
 1.24275e+23	0.00e+00	1.30e-29	7.29e-25	6.42e-21	8.90e-18	3.94e-15	7.09e-13	3.26e-11	8.67e-10	8.08e-09	5.57e-08	2.99e-07	1.77e-06	8.31e-06	4.26e-05	2.74e-04	1.93e-02	1.09e-01	2.83e-01	3.05e-01	1.88e-01	6.70e-02	1.89e-02	5.28e-03	3.55e-03	2.29e-04	5.40e-06
 1.24739e+23	0.00e+00	1.92e-29	1.06e-24	9.11e-21	1.24e-17	5.37e-15	9.47e-13	4.26e-11	1.11e-09	1.01e-08	6.78e-08	3.56e-07	2.06e-06	9.41e-06	4.71e-05	2.96e-04	2.05e-02	1.13e-01	2.88e-01	3.05e-01	1.83e-01	6.38e-02	1.76e-02	4.82e-03	3.21e-03	2.03e-04	4.66e-06
 1.25272e+23	0.00e+00	3.15e-29	1.68e-24	1.41e-20	1.86e-17	7.90e-15	1.36e-12	5.93e-11	1.50e-09	1.33e-08	8.66e-08	4.42e-07	2.48e-06	1.10e-05	5.33e-05	3.25e-04	2.20e-02	1.19e-01	2.95e-01	3.03e-01	1.77e-01	6.00e-02	1.61e-02	4.31e-03	2.82e-03	1.73e-04	3.87e-06
 1.25819e+23	0.00e+00	4.86e-29	2.53e-24	2.07e-20	2.68e-17	1.11e-14	1.86e-12	7.96e-11	1.96e-09	1.69e-08	1.08e-07	5.34e-07	2.92e-06	1.26e-05	5.94e-05	3.52e-04	2.33e-02	1.24e-01	3.01e-01	3.02e-01	1.72e-01	5.67e-02	1.49e-02	3.90e-03	2.51e-03	1.51e-04	3.29e-06
 1.26300e+23	0.00e+00	7.25e-29	3.68e-24	2.95e-20	3.73e-17	1.52e-14	2.49e-12	1.04e-10	2.50e-09	2.11e-08	1.31e-07	6.35e-07	3.39e-06	1.43e-05	6.56e-05	3.80e-04	2.47e-02	1.28e-01	3.06e-01	3.00e-01	1.67e-01	5.39e-02	1.39e-02	3.55e-03	2.26e-03	1.32e-04	2.82e-06
 1.26837e+23	0.00e+00	1.23e-28	6.06e-24	4.71e-20	5.79e-17	2.29e-14	3.65e-12	1.49e-10	3.46e-09	2.82e-08	1.70e-07	7.99e-07	4.12e-06	1.68e-05	7.47e-05	4.19e-04	2.65e-02	1.35e-01	3.13e-01	2.97e-01	1.60e-01	5.02e-02	1.26e-02	3.13e-03	1.96e-03	1.11e-04	2.30e-06
 1.27349e+23	0.00e+00	1.81e-28	8.72e-24	6.64e-20	7.98e-17	3.09e-14	4.84e-12	1.93e-10	4.39e-09	3.50e-08	2.06e-07	9.45e-07	4.76e-06	1.89e-05	8.21e-05	4.49e-04	2.79e-02	1.39e-01	3.18e-01	2.95e-01	1.55e-01	4.76e-02	1.17e-02	2.86e-03	1.77e-03	9.80e-05	1.98e-06
 1.27760e+23	0.00e+00	2.62e-28	1.23e-23	9.21e-20	1.08e-16	4.12e-14	6.32e-12	2.47e-10	5.50e-09	4.29e-08	2.47e-07	1.11e-06	5.46e-06	2.12e-05	8.99e-05	4.81e-04	2.93e-02	1.44e-01	3.22e-01	2.93e-01	1.51e-01	4.53e-02	1.09e-02	2.61e-03	1.60e-03	8.67e-05	1.72e-06
 1.28225e+23	0.00e+00	4.15e-28	1.90e-23	1.38e-19	1.58e-16	5.89e-14	8.81e-12	3.36e-10	7.28e-09	5.53e-08	3.10e-07	1.35e-06	6.46e-06	2.44e-05	1.00e-04	5.23e-04	3.11e-02	1.49e-01	3.28e-01	2.90e-01	1.45e-01	4.25e-02	9.98e-03	2.34e-03	1.41e-03	7.44e-05	1.44e-06
 1.28704e+23	0.00e+00	6.21e-28	2.77e-23	1.97e-19	2.21e-16	8.04e-14	1.18e-11	4.40e-10	9.30e-09	6.90e-08	3.77e-07	1.61e-06	7.50e-06	2.76e-05	1.11e-04	5.62e-04	3.28e-02	1.54e-01	3.32e-01	2.87e-01	1.40e-01	4.01e-02	9.23e-03	2.12e-03	1.26e-03	6.50e-05	1.23e-06
 1.29127e+23	0.00e+00	8.94e-28	3.90e-23	2.71e-19	2.98e-16	1.07e-13	1.53e-11	5.61e-10	1.16e-08	8.44e-08	4.51e-07	1.88e-06	8.58e-06	3.09e-05	1.21e-04	6.00e-04	3.43e-02	1.59e-01	3.36e-01	2.84e-01	1.36e-01	3.81e-02	8.59e-03	1.93e-03	1.14e-03	5.75e-05	1.06e-06
 1.29603e+23	0.00e+00	1.49e-27	6.29e-23	4.25e-19	4.53e-16	1.58e-13	2.21e-11	7.87e-10	1.58e-08	1.12e-07	5.79e-07	2.34e-06	1.03e-05	3.60e-05	1.37e-04	6.56e-04	3.66e-02	1.66e-01	3.41e-01	2.80e-01	1.29e-01	3.53e-02	7.77e-03	1.70e-03	9.85e-04	4.83e-05	8.67e-07
 1.30077e+23	3.20e-34	2.18e-27	9.01e-23	5.95e-19	6.21e-16	2.12e-13	2.91e-11	1.02e-09	1.99e-08	1.38e-07	6.98e-07	2.76e-06	1.19e-05	4.05e-05	1.50e-04	7.02e-04	3.84e-02	1.71e-01	3.45e-01	2.77e-01	1.25e-01	3.34e-02	7.19e-03	1.55e-03	8.83e-04	4.24e-05	7.43e-07
 1.30547e+23	5.41e-34	3.57e-27	1.43e-22	9.17e-19	9.30e-16	3.10e-13	4.14e-11	1.41e-09	2.69e-08	1.80e-07	8.88e-07	3.40e-06	1.42e-05	4.70e-05	1.68e-04	7.66e-04	4.08e-02	1.77e-01	3.50e-01	2.73e-01	1.19e-01	3.10e-02	6.50e-03	1.36e-03	7.67e-04	3.57e-05	6.09e-07
 1.31026e+23	8.40e-34	5.40e-27	2.10e-22	1.32e-18	1.30e-15	4.25e-13	5.57e-11	1.85e-09	3.45e-08	2.26e-07	1.09e-06	4.06e-06	1.66e-05	5.32e-05	1.86e-04	8.23e-04	4.28e-02	1.82e-01	3.53e-01	2.69e-01	1.15e-01	2.91e-02	5.97e-03	1.23e-03	6.81e-04	3.09e-05	5.14e-07
 1.31452e+23	1.30e-33	8.11e-27	3.08e-22	1.88e-18	1.82e-15	5.81e-13	7.45e-11	2.43e-09	4.41e-08	2.83e-07	1.32e-06	4.83e-06	1.92e-05	6.02e-05	2.04e-04	8.83e-04	4.49e-02	1.88e-01	3.57e-01	2.65e-01	1.10e-01	2.73e-02	5.49e-03	1.10e-03	6.04e-04	2.68e-05	4.35e-07
 1.31863e+23	1.92e-33	1.18e-26	4.36e-22	2.61e-18	2.46e-15	7.71e-13	9.72e-11	3.11e-09	5.52e-08	3.46e-07	1.59e-06	5.67e-06	2.20e-05	6.73e-05	2.23e-04	9.42e-04	4.70e-02	1.93e-01	3.59e-01	2.61e-01	1.06e-01	2.57e-02	5.08e-03	1.00e-03	5.42e-04	2.35e-05	3.73e-07
 1.32321e+23	3.37e-33	1.99e-26	7.12e-22	4.12e-18	3.77e-15	1.15e-12	1.41e-10	4.39e-09	7.57e-08	4.61e-07	2.05e-06	7.09e-06	2.66e-05	7.88e-05	2.52e-04	1.03e-03	4.99e-02	2.00e-01	3.63e-01	2.56e-01	1.00e-01	2.36e-02	4.54e-03	8.71e-04	4.64e-04	1.95e-05	3.00e-07
 1.32771e+23	4.99e-33	2.87e-26	1.00e-21	5.68e-18	5.08e-15	1.52e-12	1.83e-10	5.61e-09	9.45e-08	5.64e-07	2.45e-06	8.29e-06	3.04e-05	8.80e-05	2.75e-04	1.10e-03	5.20e-02	2.05e-01	3.66e-01	2.52e-01	9.64e-02	2.23e-02	4.19e-03	7.89e-04	4.15e-04	1.71e-05	2.57e-07
 1.33213e+23	8.56e-33	4.76e-26	1.61e-21	8.82e-18	7.65e-15	2.23e-12	2.62e-10	7.83e-09	1.28e-07	7.43e-07	3.14e-06	1.03e-05	3.66e-05	1.02e-04	3.10e-04	1.20e-03	5.51e-02	2.12e-01	3.69e-01	2.46e-01	9.12e-02	2.05e-02	3.75e-03	6.88e-04	3.56e-04	1.42e-05	2.07e-07
 1.33645e+23	1.25e-32	6.77e-26	2.24e-21	1.20e-17	1.02e-14	2.92e-12	3.37e-10	9.88e-09	1.58e-07	9.02e-07	3.73e-06	1.20e-05	4.16e-05	1.14e-04	3.36e-04	1.27e-03	5.73e-02	2.16e-01	3.71e-01	2.42e-01	8.76e-02	1.93e-02	3.47e-03	6.25e-04	3.20e-04	1.25e-05	1.78e-07
 1.34065e+23	2.11e-32	1.11e-25	3.53e-21	1.83e-17	1.51e-14	4.22e-12	4.76e-10	1.36e-08	2.13e-07	1.18e-06	4.73e-06	1.48e-05	4.97e-05	1.32e-04	3.77e-04	1.38e-03	6.05e-02	2.23e-01	3.73e-01	2.37e-01	8.28e-02	1.77e-02	3.11e-03	5.46e-04	2.75e-04	1.04e-05	1.44e-07
 1.34487e+23	3.09e-32	1.58e-25	4.92e-21	2.50e-17	2.01e-14	5.52e-12	6.13e-10	1.73e-08	2.64e-07	1.43e-06	5.64e-06	1.72e-05	5.67e-05	1.47e-04	4.10e-04	1.47e-03	6.29e-02	2.28e-01	3.75e-01	2.32e-01	7.94e-02	1.66e-02	2.87e-03	4.94e-04	2.46e-04	9.07e-06	1.23e-07
 1.34911e+23	5.28e-32	2.60e-25	7.82e-21	3.85e-17	3.00e-14	8.03e-12	8.72e-10	2.40e-08	3.57e-07	1.89e-06	7.20e-06	2.13e-05	6.81e-05	1.71e-04	4.61e-04	1.60e-03	6.63e-02	2.35e-01	3.77e-01	2.26e-01	7.47e-02	1.52e-02	2.55e-03	4.28e-04	2.10e-04	7.50e-06	0.00e+00
 1.35335e+23	7.80e-32	3.74e-25	1.10e-20	5.27e-17	4.01e-14	1.06e-11	1.13e-09	3.06e-08	4.44e-07	2.30e-06	8.61e-06	2.50e-05	7.78e-05	1.91e-04	5.02e-04	1.70e-03	6.90e-02	2.40e-01	3.78e-01	2.22e-01	7.15e-02	1.42e-02	2.35e-03	3.86e-04	1.87e-04	6.52e-06	0.00e+00
 1.35760e+23	1.34e-31	6.20e-25	1.75e-20	8.13e-17	5.99e-14	1.54e-11	1.61e-09	4.26e-08	6.03e-07	3.04e-06	1.10e-05	3.11e-05	9.37e-05	2.22e-04	5.65e-04	1.85e-03	7.28e-02	2.47e-01	3.80e-01	2.16e-01	6.70e-02	1.30e-02	2.08e-03	3.33e-04	1.58e-04	5.35e-06	0.00e+00
 1.36188e+23	1.99e-31	8.93e-25	2.46e-20	1.11e-16	8.02e-14	2.02e-11	2.08e-09	5.43e-08	7.52e-07	3.72e-06	1.32e-05	3.64e-05	1.07e-04	2.48e-04	6.16e-04	1.97e-03	7.56e-02	2.52e-01	3.80e-01	2.11e-01	6.39e-02	1.21e-02	1.90e-03	2.99e-04	1.40e-04	4.63e-06	0.00e+00
 1.36619e+23	3.38e-31	1.46e-24	3.87e-20	1.70e-16	1.18e-13	2.91e-11	2.94e-09	7.52e-08	1.01e-06	4.89e-06	1.69e-05	4.51e-05	1.29e-04	2.88e-04	6.92e-04	2.14e-03	7.96e-02	2.59e-01	3.81e-01	2.05e-01	5.98e-02	1.10e-02	1.69e-03	2.58e-04	1.19e-04	3.80e-06	0.00e+00
 1.37048e+23	5.03e-31	2.11e-24	5.45e-20	2.33e-16	1.58e-13	3.83e-11	3.81e-09	9.61e-08	1.27e-06	6.01e-06	2.03e-05	5.30e-05	1.48e-04	3.23e-04	7.55e-04	2.28e-03	8.27e-02	2.64e-01	3.81e-01	2.00e-01	5.69e-02	1.02e-02	1.54e-03	2.30e-04	1.05e-04	3.26e-06	0.00e+00
 1.37472e+23	8.45e-31	3.41e-24	8.49e-20	3.51e-16	2.31e-13	5.46e-11	5.33e-09	1.32e-07	1.70e-06	7.86e-06	2.58e-05	6.55e-05	1.77e-04	3.74e-04	8.46e-04	2.47e-03	8.70e-02	2.70e-01	3.81e-01	1.93e-01	5.31e-02	9.30e-03	1.36e-03	1.99e-04	8.89e-05	2.68e-06	0.00e+00
 1.37903e+23	1.28e-30	4.98e-24	1.21e-19	4.85e-16	3.12e-13	7.24e-11	6.97e-09	1.70e-07	2.15e-06	9.74e-06	3.13e-05	7.75e-05	2.04e-04	4.21e-04	9.27e-04	2.64e-03	9.04e-02	2.75e-01	3.81e-01	1.88e-01	5.03e-02	8.59e-03	1.23e-03	1.76e-04	7.77e-05	2.28e-06	0.00e+00
 1.38346e+23	2.17e-30	8.14e-24	1.90e-19	7.36e-16	4.57e-13	1.04e-10	9.84e-09	2.37e-07	2.91e-06	1.29e-05	4.01e-05	9.65e-05	2.46e-04	4.91e-04	1.04e-03	2.88e-03	9.51e-02	2.82e-01	3.81e-01	1.82e-01	4.67e-02	7.75e-03	1.08e-03	1.50e-04	6.51e-05	1.84e-06	0.00e+00
 1.38791e+23	3.27e-30	1.19e-23	2.68e-19	1.01e-15	6.14e-13	1.37e-10	1.28e-08	3.05e-07	3.67e-06	1.59e-05	4.87e-05	1.14e-04	2.84e-04	5.53e-04	1.14e-03	3.08e-03	9.89e-02	2.87e-01	3.80e-01	1.76e-01	4.41e-02	7.14e-03	9.76e-04	1.33e-04	5.67e-05	1.56e-06	0.00e+00
 1.39240e+23	5.56e-30	1.93e-23	4.19e-19	1.53e-15	8.96e-13	1.96e-10	1.81e-08	4.23e-07	4.97e-06	2.11e-05	6.25e-05	1.43e-04	3.42e-04	6.45e-04	1.29e-03	3.35e-03	1.04e-01	2.94e-01	3.79e-01	1.70e-01	4.08e-02	6.40e-03	8.52e-04	1.13e-04	4.73e-05	1.25e-06	0.00e+00
 1.39692e+23	8.30e-30	2.78e-23	5.87e-19	2.08e-15	1.19e-12	2.57e-10	2.34e-08	5.44e-07	6.26e-06	2.61e-05	7.57e-05	1.69e-04	3.95e-04	7.26e-04	1.41e-03	3.58e-03	1.08e-01	2.99e-01	3.77e-01	1.64e-01	3.83e-02	5.88e-03	7.67e-04	9.94e-05	4.10e-05	1.06e-06	0.00e+00
 1.40083e+23	1.22e-29	3.97e-23	8.14e-19	2.81e-15	1.57e-12	3.33e-10	3.01e-08	6.93e-07	7.84e-06	3.21e-05	9.12e-05	1.99e-04	4.54e-04	8.14e-04	1.54e-03	3.82e-03	1.12e-01	3.04e-01	3.76e-01	1.59e-01	3.61e-02	5.41e-03	6.91e-04	8.77e-05	3.57e-05	8.97e-07	0.00e+00
 1.40526e+23	2.02e-29	6.26e-23	1.24e-18	4.12e-15	2.23e-12	4.65e-10	4.17e-08	9.48e-07	1.05e-05	4.20e-05	1.16e-04	2.46e-04	5.45e-04	9.46e-04	1.73e-03	4.15e-03	1.17e-01	3.10e-01	3.74e-01	1.53e-01	3.33e-02	4.84e-03	6.02e-04	7.44e-05	2.97e-05	7.19e-07	0.00e+00
 1.40966e+23	2.89e-29	8.66e-23	1.66e-18	5.42e-15	2.87e-12	5.90e-10	5.25e-08	1.19e-06	1.29e-05	5.09e-05	1.38e-04	2.87e-04	6.20e-04	1.05e-03	1.88e-03	4.41e-03	1.22e-01	3.14e-01	3.72e-01	1.48e-01	3.14e-02	4.47e-03	5.46e-04	6.61e-05	2.60e-05	6.14e-07	0.00e+00
 1.41401e+23	4.61e-29	1.32e-22	2.45e-18	7.72e-15	3.97e-12	8.04e-10	7.11e-08	1.59e-06	1.70e-05	6.57e-05	1.74e-04	3.51e-04	7.36e-04	1.21e-03	2.10e-03	4.78e-03	1.27e-01	3.20e-01	3.69e-01	1.42e-01	2.90e-02	4.01e-03	4.77e-04	5.63e-05	2.18e-05	4.96e-07	0.00e+00
 1.41845e+23	6.57e-29	1.83e-22	3.29e-18	1.01e-14	5.09e-12	1.02e-09	8.96e-08	2.00e-06	2.10e-05	7.97e-05	2.07e-04	4.09e-04	8.39e-04	1.35e-03	2.28e-03	5.08e-03	1.32e-01	3.24e-01	3.66e-01	1.37e-01	2.72e-02	3.68e-03	4.30e-04	4.98e-05	1.90e-05	4.21e-07	0.00e+00
 1.42300e+23	1.04e-28	2.77e-22	4.80e-18	1.43e-14	7.00e-12	1.38e-09	1.21e-07	2.68e-06	2.76e-05	1.03e-04	2.60e-04	5.00e-04	9.96e-04	1.55e-03	2.54e-03	5.50e-03	1.38e-01	3.29e-01	3.62e-01	1.31e-01	2.50e-02	3.29e-03	3.74e-04	4.23e-05	1.58e-05	3.38e-07	0.00e+00
 1.42766e+23	2.05e-30	3.82e-22	6.45e-18	1.87e-14	8.98e-12	1.75e-09	1.53e-07	3.37e-06	3.41e-05	1.25e-04	3.11e-04	5.86e-04	1.14e-03	1.74e-03	2.77e-03	5.86e-03	1.42e-01	3.33e-01	3.59e-01	1.26e-01	2.34e-02	3.00e-03	3.36e-04	3.72e-05	1.37e-05	2.84e-07	0.00e+00
 1.43246e+23	3.25e-30	5.76e-22	9.37e-18	2.63e-14	1.23e-11	2.36e-09	2.06e-07	4.53e-06	4.50e-05	1.62e-04	3.92e-04	7.18e-04	1.35e-03	2.00e-03	3.09e-03	6.36e-03	1.49e-01	3.38e-01	3.54e-01	1.20e-01	2.14e-02	2.67e-03	2.90e-04	3.13e-05	1.13e-05	2.27e-07	0.00e+00
 1.43736e+23	4.66e-30	7.93e-22	1.25e-17	3.44e-14	1.57e-11	2.99e-09	2.60e-07	5.70e-06	5.57e-05	1.98e-04	4.69e-04	8.40e-04	1.55e-03	2.23e-03	3.37e-03	6.78e-03	1.54e-01	3.42e-01	3.51e-01	1.15e-01	2.00e-02	2.43e-03	2.59e-04	2.74e-05	9.75e-06	1.90e-07	0.00e+00
 1.44242e+23	7.34e-30	1.19e-21	1.81e-17	4.80e-14	2.14e-11	4.02e-09	3.49e-07	7.65e-06	7.33e-05	2.55e-04	5.90e-04	1.03e-03	1.83e-03	2.57e-03	3.76e-03	7.35e-03	1.61e-01	3.46e-01	3.45e-01	1.09e-01	1.82e-02	2.15e-03	2.23e-04	2.30e-05	8.03e-06	1.50e-07	0.00e+00
 1.44756e+23	1.05e-29	1.62e-21	2.41e-17	6.24e-14	2.72e-11	5.07e-09	4.41e-07	9.63e-06	9.09e-05	3.12e-04	7.06e-04	1.20e-03	2.10e-03	2.87e-03	4.10e-03	7.84e-03	1.67e-01	3.50e-01	3.40e-01	1.05e-01	1.69e-02	1.95e-03	1.99e-04	2.01e-05	6.88e-06	1.25e-07	0.00e+00
 1.45283e+23	1.63e-29	2.41e-21	3.44e-17	8.64e-14	3.68e-11	6.78e-09	5.90e-07	1.29e-05	1.19e-04	4.02e-04	8.87e-04	1.47e-03	2.49e-03	3.31e-03	4.57e-03	8.50e-03	1.74e-01	3.54e-01	3.34e-01	9.90e-02	1.54e-02	1.71e-03	1.70e-04	1.68e-05	5.64e-06	0.00e+00	0.00e+00
 1.45813e+23	2.29e-29	3.25e-21	4.52e-17	1.11e-13	4.63e-11	8.47e-09	7.38e-07	1.61e-05	1.47e-04	4.87e-04	1.05e-03	1.71e-03	2.83e-03	3.68e-03	4.96e-03	9.04e-03	1.80e-01	3.56e-01	3.29e-01	9.47e-02	1.42e-02	1.55e-03	1.51e-04	1.46e-05	4.84e-06	0.00e+00	0.00e+00
 1.46348e+23	3.52e-29	4.73e-21	6.36e-17	1.51e-13	6.18e-11	1.12e-08	9.80e-07	2.14e-05	1.91e-04	6.23e-04	1.32e-03	2.08e-03	3.33e-03	4.21e-03	5.51e-03	9.79e-03	1.88e-01	3.60e-01	3.22e-01	8.93e-02	1.29e-02	1.37e-03	1.30e-04	1.22e-05	3.97e-06	0.00e+00	0.00e+00
 1.46894e+23	4.92e-29	6.36e-21	8.31e-17	1.94e-13	7.76e-11	1.40e-08	1.22e-06	2.67e-05	2.35e-04	7.55e-04	1.56e-03	2.42e-03	3.78e-03	4.67e-03	5.98e-03	1.04e-02	1.94e-01	3.62e-01	3.16e-01	8.52e-02	1.19e-02	1.24e-03	1.15e-04	1.06e-05	3.40e-06	0.00e+00	0.00e+00
 1.47370e+23	6.73e-29	8.35e-21	1.07e-16	2.43e-13	9.57e-11	1.71e-08	1.50e-06	3.28e-05	2.85e-04	9.03e-04	1.84e-03	2.78e-03	4.26e-03	5.15e-03	6.45e-03	1.10e-02	2.00e-01	3.64e-01	3.10e-01	8.14e-02	1.11e-02	1.12e-03	1.03e-04	9.32e-06	2.93e-06	0.00e+00	0.00e+00
 1.47903e+23	1.00e-28	1.18e-20	1.46e-16	3.24e-13	1.25e-10	2.22e-08	1.96e-06	4.28e-05	3.65e-04	1.14e-03	2.26e-03	3.33e-03	4.95e-03	5.83e-03	7.10e-03	1.18e-02	2.07e-01	3.66e-01	3.03e-01	7.65e-02	1.00e-02	9.87e-04	8.82e-05	7.83e-06	2.41e-06	0.00e+00	0.00e+00
 1.48437e+23	1.35e-28	1.53e-20	1.85e-16	4.02e-13	1.53e-10	2.70e-08	2.39e-06	5.22e-05	4.39e-04	1.35e-03	2.63e-03	3.81e-03	5.54e-03	6.39e-03	7.63e-03	1.25e-02	2.13e-01	3.67e-01	2.97e-01	7.31e-02	9.32e-03	8.97e-04	7.88e-05	6.87e-06	2.09e-06	0.00e+00	0.00e+00
 1.48972e+23	1.98e-28	2.14e-20	2.50e-16	5.29e-13	1.97e-10	3.46e-08	3.08e-06	6.74e-05	5.58e-04	1.68e-03	3.20e-03	4.52e-03	6.40e-03	7.19e-03	8.36e-03	1.34e-02	2.20e-01	3.68e-01	2.89e-01	6.86e-02	8.44e-03	7.90e-04	6.78e-05	5.78e-06	1.72e-06	0.00e+00	0.00e+00
 1.49519e+23	2.68e-28	2.77e-20	3.17e-16	6.58e-13	2.42e-10	4.22e-08	3.77e-06	8.24e-05	6.72e-04	2.00e-03	3.74e-03	5.17e-03	7.16e-03	7.88e-03	8.97e-03	1.41e-02	2.26e-01	3.68e-01	2.82e-01	6.53e-02	7.81e-03	7.15e-04	6.02e-05	5.05e-06	1.48e-06	0.00e+00	0.00e+00
 1.50001e+23	3.57e-28	3.56e-20	3.98e-16	8.10e-13	2.94e-10	5.10e-08	4.58e-06	1.00e-04	8.05e-04	2.36e-03	4.34e-03	5.89e-03	7.98e-03	8.61e-03	9.60e-03	1.49e-02	2.32e-01	3.68e-01	2.76e-01	6.20e-02	7.22e-03	6.47e-04	5.36e-05	4.42e-06	1.28e-06	0.00e+00	0.00e+00
 1.50548e+23	5.17e-28	4.90e-20	5.30e-16	1.05e-12	3.75e-10	6.49e-08	5.87e-06	1.29e-04	1.02e-03	2.93e-03	5.25e-03	6.95e-03	9.17e-03	9.64e-03	1.05e-02	1.59e-02	2.39e-01	3.67e-01	2.67e-01	5.80e-02	6.50e-03	5.67e-04	4.59e-05	3.70e-06	1.05e-06	0.00e+00	0.00e+00
 1.51093e+23	6.81e-28	6.22e-20	6.59e-16	1.29e-12	4.52e-10	7.77e-08	7.05e-06	1.54e-04	1.20e-03	3.43e-03	6.03e-03	7.83e-03	1.01e-02	1.04e-02	1.11e-02	1.66e-02	2.44e-01	3.67e-01	2.60e-01	5.52e-02	6.03e-03	5.16e-04	4.11e-05	3.26e-06	9.12e-07	0.00e+00	0.00e+00
 1.51636e+23	9.70e-28	8.42e-20	8.66e-16	1.65e-12	5.72e-10	9.79e-08	8.94e-06	1.96e-04	1.50e-03	4.21e-03	7.23e-03	9.16e-03	1.15e-02	1.16e-02	1.21e-02	1.77e-02	2.51e-01	3.65e-01	2.51e-01	5.15e-02	5.44e-03	4.53e-04	3.53e-05	2.74e-06	7.52e-07	0.00e+00	0.00e+00
 1.52189e+23	1.28e-27	1.07e-19	1.08e-15	2.02e-12	6.91e-10	1.18e-07	1.08e-05	2.36e-04	1.78e-03	4.92e-03	8.31e-03	1.03e-02	1.27e-02	1.26e-02	1.28e-02	1.85e-02	2.56e-01	3.63e-01	2.44e-01	4.88e-02	5.02e-03	4.10e-04	3.14e-05	2.40e-06	6.49e-07	0.00e+00	0.00e+00
 1.52756e+23	1.83e-27	1.45e-19	1.42e-15	2.60e-12	8.75e-10	1.48e-07	1.37e-05	3.00e-04	2.22e-03	6.04e-03	9.96e-03	1.21e-02	1.45e-02	1.39e-02	1.39e-02	1.96e-02	2.63e-01	3.60e-01	2.35e-01	4.53e-02	4.50e-03	3.57e-04	2.68e-05	2.00e-06	5.32e-07	0.00e+00	0.00e+00
 1.53335e+23	2.43e-27	1.85e-19	1.77e-15	3.19e-12	1.06e-09	1.78e-07	1.65e-05	3.62e-04	2.64e-03	7.06e-03	1.14e-02	1.36e-02	1.60e-02	1.51e-02	1.47e-02	2.05e-02	2.67e-01	3.57e-01	2.27e-01	4.27e-02	4.13e-03	3.22e-04	2.37e-05	1.74e-06	4.56e-07	0.00e+00	0.00e+00
 1.53927e+23	3.47e-27	2.51e-19	2.34e-15	4.11e-12	1.34e-09	2.25e-07	2.11e-05	4.61e-04	3.30e-03	8.66e-03	1.37e-02	1.58e-02	1.81e-02	1.67e-02	1.59e-02	2.16e-02	2.73e-01	3.52e-01	2.17e-01	3.94e-02	3.67e-03	2.78e-04	2.00e-05	1.44e-06	3.71e-07	0.00e+00	0.00e+00
 1.54530e+23	4.62e-27	3.20e-19	2.92e-15	5.05e-12	1.63e-09	2.72e-07	2.55e-05	5.57e-04	3.91e-03	1.01e-02	1.57e-02	1.78e-02	1.99e-02	1.80e-02	1.68e-02	2.25e-02	2.77e-01	3.48e-01	2.09e-01	3.69e-02	3.35e-03	2.49e-04	1.76e-05	1.25e-06	3.16e-07	0.00e+00	0.00e+00
 1.55147e+23	1.59e-27	4.36e-19	3.86e-15	6.52e-12	2.07e-09	3.44e-07	3.25e-05	7.09e-04	4.88e-03	1.24e-02	1.87e-02	2.06e-02	2.25e-02	1.98e-02	1.80e-02	2.37e-02	2.81e-01	3.42e-01	1.98e-01	3.38e-02	2.96e-03	2.14e-04	1.48e-05	1.03e-06	2.55e-07	0.00e+00	0.00e+00
 1.55751e+23	2.07e-27	5.46e-19	4.75e-15	7.89e-12	2.48e-09	4.09e-07	3.86e-05	8.39e-04	5.69e-03	1.42e-02	2.11e-02	2.28e-02	2.44e-02	2.11e-02	1.89e-02	2.45e-02	2.84e-01	3.37e-01	1.91e-01	3.18e-02	2.72e-03	1.93e-04	1.31e-05	8.99e-07	2.20e-07	0.00e+00	0.00e+00
 1.56337e+23	2.90e-27	7.22e-19	6.11e-15	9.96e-12	3.08e-09	5.07e-07	4.82e-05	1.05e-03	6.97e-03	1.71e-02	2.48e-02	2.61e-02	2.72e-02	2.29e-02	2.01e-02	2.56e-02	2.87e-01	3.29e-01	1.81e-01	2.90e-02	2.40e-03	1.66e-04	1.11e-05	7.41e-07	1.78e-07	0.00e+00	0.00e+00
 1.56931e+23	3.78e-27	9.06e-19	7.52e-15	1.21e-11	3.68e-09	6.02e-07	5.73e-05	1.24e-03	8.10e-03	1.96e-02	2.79e-02	2.88e-02	2.94e-02	2.43e-02	2.09e-02	2.63e-02	2.88e-01	3.22e-01	1.73e-01	2.72e-02	2.20e-03	1.49e-04	9.77e-06	6.45e-07	1.53e-07	0.00e+00	0.00e+00
 1.57538e+23	5.28e-27	1.20e-18	9.70e-15	1.52e-11	4.59e-09	7.46e-07	7.14e-05	1.54e-03	9.86e-03	2.34e-02	3.25e-02	3.27e-02	3.25e-02	2.63e-02	2.21e-02	2.73e-02	2.89e-01	3.13e-01	1.63e-01	2.47e-02	1.93e-03	1.28e-04	8.21e-06	5.31e-07	1.24e-07	0.00e+00	0.00e+00
 1.58163e+23	6.97e-27	1.51e-18	1.20e-14	1.85e-11	5.51e-09	8.92e-07	8.55e-05	1.84e-03	1.16e-02	2.70e-02	3.67e-02	3.62e-02	3.52e-02	2.79e-02	2.30e-02	2.80e-02	2.89e-01	3.05e-01	1.54e-01	2.28e-02	1.74e-03	1.13e-04	7.11e-06	4.52e-07	0.00e+00	0.00e+00	0.00e+00
 1.58813e+23	9.85e-27	2.02e-18	1.56e-14	2.36e-11	6.92e-09	1.11e-06	1.07e-04	2.28e-03	1.40e-02	3.21e-02	4.26e-02	4.08e-02	3.87e-02	2.99e-02	2.41e-02	2.88e-02	2.88e-01	2.93e-01	1.44e-01	2.05e-02	1.51e-03	9.58e-05	5.91e-06	3.69e-07	0.00e+00	0.00e+00	0.00e+00
 1.59485e+23	1.32e-26	2.58e-18	1.95e-14	2.89e-11	8.37e-09	1.34e-06	1.29e-04	2.73e-03	1.65e-02	3.71e-02	4.81e-02	4.51e-02	4.17e-02	3.16e-02	2.49e-02	2.94e-02	2.85e-01	2.82e-01	1.35e-01	1.87e-02	1.34e-03	8.31e-05	5.04e-06	3.08e-07	0.00e+00	0.00e+00	0.00e+00
 1.60184e+23	1.89e-26	3.49e-18	2.56e-14	3.72e-11	1.06e-08	1.68e-06	1.61e-04	3.40e-03	2.00e-02	4.40e-02	5.56e-02	5.06e-02	4.56e-02	3.36e-02	2.59e-02	2.99e-02	2.81e-01	2.68e-01	1.24e-01	1.66e-02	1.15e-03	6.94e-05	4.11e-06	2.47e-07	0.00e+00	0.00e+00	0.00e+00
 1.60902e+23	2.54e-26	4.47e-18	3.21e-14	4.57e-11	1.29e-08	2.02e-06	1.95e-04	4.08e-03	2.35e-02	5.06e-02	6.25e-02	5.56e-02	4.89e-02	3.53e-02	2.66e-02	3.03e-02	2.76e-01	2.56e-01	1.15e-01	1.49e-02	1.00e-03	5.93e-05	3.45e-06	2.03e-07	0.00e+00	0.00e+00	0.00e+00
 1.61644e+23	3.67e-26	6.07e-18	4.24e-14	5.90e-11	1.63e-08	2.54e-06	2.44e-04	5.06e-03	2.84e-02	5.97e-02	7.16e-02	6.19e-02	5.29e-02	3.71e-02	2.73e-02	3.05e-02	2.68e-01	2.40e-01	1.04e-01	1.30e-02	8.45e-04	4.86e-05	2.76e-06	1.59e-07	0.00e+00	0.00e+00	0.00e+00
 1.62412e+23	4.99e-26	7.83e-18	5.34e-14	7.29e-11	1.99e-08	3.06e-06	2.95e-04	6.05e-03	3.32e-02	6.84e-02	8.00e-02	6.74e-02	5.62e-02	3.85e-02	2.77e-02	3.05e-02	2.60e-01	2.25e-01	9.43e-02	1.15e-02	7.25e-04	4.07e-05	2.27e-06	1.28e-07	0.00e+00	0.00e+00	0.00e+00
