#depth	H	H+	H2
 4.62852e+21	1.91e-05	1.00e+00	1.68e-27
 1.02837e+22	2.88e-05	1.00e+00	1.06e-26
 1.18237e+22	3.50e-05	1.00e+00	2.59e-26
 1.25937e+22	3.86e-05	1.00e+00	4.01e-26
 1.29750e+22	4.04e-05	1.00e+00	4.96e-26
 1.32617e+22	4.29e-05	1.00e+00	6.52e-26
 1.35532e+22	4.50e-05	1.00e+00	8.11e-26
 1.38509e+22	4.77e-05	1.00e+00	1.07e-25
 1.41636e+22	5.04e-05	1.00e+00	1.37e-25
 1.44201e+22	5.25e-05	1.00e+00	1.66e-25
 1.46778e+22	5.53e-05	1.00e+00	2.10e-25
 1.49482e+22	5.79e-05	1.00e+00	2.59e-25
 1.51974e+22	6.05e-05	1.00e+00	3.18e-25
 1.54834e+22	6.40e-05	1.00e+00	4.12e-25
 1.57784e+22	6.73e-05	1.00e+00	5.18e-25
 1.60396e+22	7.04e-05	1.00e+00	6.39e-25
 1.63333e+22	7.45e-05	1.00e+00	8.31e-25
 1.66402e+22	7.85e-05	1.00e+00	1.06e-24
 1.69173e+22	8.23e-05	1.00e+00	1.32e-24
 1.72305e+22	8.74e-05	1.00e+00	1.74e-24
 1.75536e+22	9.23e-05	1.00e+00	2.23e-24
 1.78413e+22	9.69e-05	1.00e+00	2.80e-24
 1.81671e+22	1.03e-04	1.00e+00	3.74e-24
 1.85056e+22	1.09e-04	1.00e+00	4.84e-24
 1.88101e+22	1.15e-04	1.00e+00	6.17e-24
 1.91559e+22	1.23e-04	1.00e+00	8.42e-24
 1.95110e+22	1.30e-04	1.00e+00	1.09e-23
 1.98302e+22	1.37e-04	1.00e+00	1.41e-23
 2.01968e+22	1.47e-04	1.00e+00	1.97e-23
 2.05663e+22	1.56e-04	1.00e+00	2.57e-23
 2.09395e+22	1.67e-04	1.00e+00	3.56e-23
 2.13213e+22	1.78e-04	1.00e+00	4.73e-23
 2.16577e+22	1.88e-04	1.00e+00	6.18e-23
 2.20384e+22	2.03e-04	1.00e+00	8.73e-23
 2.24279e+22	2.16e-04	1.00e+00	1.13e-22
 2.28290e+22	2.33e-04	1.00e+00	1.61e-22
 2.32365e+22	2.48e-04	1.00e+00	2.17e-22
 2.36524e+22	2.69e-04	1.00e+00	3.18e-22
 2.40707e+22	2.86e-04	1.00e+00	4.28e-22
 2.44315e+22	3.04e-04	1.00e+00	5.72e-22
 2.47765e+22	3.21e-04	1.00e+00	7.49e-22
 2.51049e+22	3.40e-04	1.00e+00	9.77e-22
 2.54747e+22	3.64e-04	1.00e+00	1.38e-21
 2.58437e+22	3.85e-04	1.00e+00	1.80e-21
 2.62115e+22	4.13e-04	1.00e+00	2.55e-21
 2.65865e+22	4.37e-04	1.00e+00	3.41e-21
 2.69706e+22	4.70e-04	1.00e+00	4.94e-21
 2.73585e+22	4.98e-04	1.00e+00	6.73e-21
 2.76998e+22	5.27e-04	9.99e-01	9.14e-21
 2.80920e+22	5.67e-04	9.99e-01	1.37e-20
 2.84717e+22	5.98e-04	9.99e-01	1.87e-20
 2.87741e+22	6.29e-04	9.99e-01	2.47e-20
 2.91061e+22	6.67e-04	9.99e-01	3.49e-20
 2.94439e+22	7.02e-04	9.99e-01	4.70e-20
 2.97419e+22	7.37e-04	9.99e-01	6.35e-20
 3.00821e+22	7.83e-04	9.99e-01	9.46e-20
 3.04264e+22	8.25e-04	9.99e-01	1.34e-19
 3.07282e+22	8.66e-04	9.99e-01	1.85e-19
 3.10729e+22	9.23e-04	9.99e-01	2.99e-19
 3.14204e+22	9.69e-04	9.99e-01	4.10e-19
 3.17718e+22	1.03e-03	9.99e-01	6.50e-19
 3.21287e+22	1.09e-03	9.99e-01	9.92e-19
 3.24432e+22	1.14e-03	9.99e-01	1.44e-18
 3.28023e+22	1.22e-03	9.99e-01	2.54e-18
 3.31692e+22	1.29e-03	9.99e-01	4.12e-18
 3.35463e+22	1.37e-03	9.99e-01	7.66e-18
 3.39307e+22	1.45e-03	9.99e-01	1.52e-17
 3.42663e+22	1.53e-03	9.98e-01	3.62e-17
 3.46439e+22	1.63e-03	9.98e-01	8.71e-17
 3.50354e+22	1.73e-03	9.98e-01	1.62e-16
 3.54450e+22	1.86e-03	9.98e-01	3.50e-16
 3.58557e+22	1.96e-03	9.98e-01	5.13e-16
 3.62678e+22	2.11e-03	9.98e-01	8.22e-16
 3.65589e+22	2.15e-03	9.98e-01	9.67e-16
 3.66929e+22	2.20e-03	9.98e-01	1.10e-15
 3.68670e+22	2.27e-03	9.98e-01	1.29e-15
 3.70933e+22	2.35e-03	9.98e-01	1.54e-15
 3.73876e+22	2.48e-03	9.98e-01	2.04e-15
 3.76856e+22	2.58e-03	9.97e-01	2.46e-15
 3.79886e+22	2.72e-03	9.97e-01	3.15e-15
 3.83022e+22	2.84e-03	9.97e-01	3.86e-15
 3.86295e+22	3.01e-03	9.97e-01	4.93e-15
 3.89614e+22	3.14e-03	9.97e-01	6.01e-15
 3.92993e+22	3.32e-03	9.97e-01	7.58e-15
 3.96450e+22	3.49e-03	9.97e-01	9.27e-15
 3.99529e+22	3.65e-03	9.96e-01	1.12e-14
 4.03054e+22	3.87e-03	9.96e-01	1.41e-14
 4.06690e+22	4.07e-03	9.96e-01	1.73e-14
 4.09960e+22	4.27e-03	9.96e-01	2.10e-14
 4.13698e+22	4.54e-03	9.95e-01	2.68e-14
 4.17540e+22	4.78e-03	9.95e-01	3.30e-14
 4.21516e+22	5.11e-03	9.95e-01	4.32e-14
 4.25530e+22	5.38e-03	9.95e-01	5.35e-14
 4.29593e+22	5.75e-03	9.94e-01	6.93e-14
 4.33727e+22	6.06e-03	9.94e-01	8.54e-14
 4.37954e+22	6.49e-03	9.94e-01	1.12e-13
 4.42250e+22	6.86e-03	9.93e-01	1.39e-13
 4.46634e+22	7.37e-03	9.93e-01	1.83e-13
 4.50745e+22	7.72e-03	9.92e-01	2.20e-13
 4.54501e+22	8.19e-03	9.92e-01	2.78e-13
 4.59384e+22	8.89e-03	9.91e-01	3.80e-13
 4.64237e+22	9.40e-03	9.91e-01	4.78e-13
 4.69052e+22	1.02e-02	9.90e-01	6.51e-13
 4.74031e+22	1.08e-02	9.89e-01	8.33e-13
 4.79225e+22	1.18e-02	9.88e-01	1.17e-12
 4.84565e+22	1.27e-02	9.87e-01	1.53e-12
 4.90096e+22	1.39e-02	9.86e-01	2.20e-12
 4.95846e+22	1.50e-02	9.85e-01	2.97e-12
 5.01883e+22	1.68e-02	9.83e-01	4.46e-12
 5.08064e+22	1.83e-02	9.82e-01	6.21e-12
 5.12847e+22	1.96e-02	9.80e-01	7.93e-12
 5.17480e+22	2.14e-02	9.79e-01	1.10e-11
 5.22257e+22	2.33e-02	9.77e-01	1.47e-11
 5.27219e+22	2.60e-02	9.74e-01	2.15e-11
 5.32288e+22	2.87e-02	9.71e-01	2.98e-11
 5.37497e+22	3.29e-02	9.67e-01	4.61e-11
 5.42300e+22	3.65e-02	9.64e-01	6.37e-11
 5.45872e+22	4.02e-02	9.60e-01	8.52e-11
 5.49814e+22	4.57e-02	9.54e-01	1.24e-10
 5.54052e+22	5.27e-02	9.47e-01	1.85e-10
 5.57963e+22	6.10e-02	9.39e-01	2.75e-10
 5.61712e+22	7.16e-02	9.28e-01	4.16e-10
 5.65278e+22	8.47e-02	9.15e-01	6.34e-10
 5.68565e+22	1.01e-01	8.99e-01	9.65e-10
 5.71560e+22	1.20e-01	8.80e-01	1.46e-09
 5.74285e+22	1.44e-01	8.56e-01	2.18e-09
 5.76768e+22	1.71e-01	8.29e-01	3.20e-09
 5.79030e+22	2.03e-01	7.97e-01	4.62e-09
 5.81088e+22	2.38e-01	7.62e-01	6.49e-09
 5.82387e+22	2.62e-01	7.38e-01	7.86e-09
 5.82881e+22	2.72e-01	7.28e-01	8.51e-09
 5.83274e+22	2.81e-01	7.19e-01	9.10e-09
 5.83774e+22	2.92e-01	7.08e-01	9.89e-09
 5.84380e+22	3.07e-01	6.93e-01	1.10e-08
 5.84999e+22	3.22e-01	6.78e-01	1.21e-08
 5.85588e+22	3.37e-01	6.63e-01	1.34e-08
 5.86176e+22	3.53e-01	6.47e-01	1.47e-08
 5.86767e+22	3.69e-01	6.31e-01	1.61e-08
 5.87375e+22	3.86e-01	6.14e-01	1.77e-08
 5.88004e+22	4.03e-01	5.97e-01	1.95e-08
 5.88651e+22	4.23e-01	5.77e-01	2.15e-08
 5.89304e+22	4.42e-01	5.58e-01	2.35e-08
 5.89969e+22	4.62e-01	5.38e-01	2.57e-08
 5.90665e+22	4.83e-01	5.17e-01	2.82e-08
 5.91395e+22	5.05e-01	4.95e-01	3.08e-08
 5.92128e+22	5.27e-01	4.73e-01	3.36e-08
 5.92701e+22	5.43e-01	4.57e-01	3.54e-08
 5.93087e+22	5.54e-01	4.46e-01	3.69e-08
 5.93460e+22	5.65e-01	4.35e-01	3.83e-08
 5.93893e+22	5.77e-01	4.23e-01	4.01e-08
 5.94364e+22	5.91e-01	4.09e-01	4.20e-08
 5.94820e+22	6.02e-01	3.98e-01	4.35e-08
 5.95270e+22	6.14e-01	3.86e-01	4.53e-08
 5.95735e+22	6.26e-01	3.74e-01	4.71e-08
 5.96204e+22	6.38e-01	3.62e-01	4.89e-08
 5.96678e+22	6.50e-01	3.50e-01	5.08e-08
 5.97152e+22	6.61e-01	3.39e-01	5.24e-08
 5.97640e+22	6.72e-01	3.28e-01	5.42e-08
 5.98149e+22	6.84e-01	3.16e-01	5.61e-08
 5.98658e+22	6.94e-01	3.06e-01	5.79e-08
 5.99171e+22	7.05e-01	2.95e-01	5.96e-08
 5.99702e+22	7.15e-01	2.85e-01	6.14e-08
 6.00253e+22	7.25e-01	2.75e-01	6.33e-08
 6.00811e+22	7.35e-01	2.65e-01	6.50e-08
 6.01378e+22	7.44e-01	2.56e-01	6.68e-08
 6.01965e+22	7.54e-01	2.46e-01	6.86e-08
 6.02571e+22	7.63e-01	2.37e-01	7.05e-08
 6.03190e+22	7.72e-01	2.28e-01	7.23e-08
 6.03822e+22	7.81e-01	2.19e-01	7.42e-08
 6.04473e+22	7.89e-01	2.11e-01	7.60e-08
 6.05147e+22	7.97e-01	2.03e-01	7.79e-08
 6.05839e+22	8.05e-01	1.95e-01	7.99e-08
 6.06548e+22	8.13e-01	1.87e-01	8.18e-08
 6.07276e+22	8.20e-01	1.80e-01	8.38e-08
 6.08028e+22	8.27e-01	1.73e-01	8.59e-08
 6.08804e+22	8.34e-01	1.66e-01	8.80e-08
 6.09597e+22	8.41e-01	1.59e-01	8.99e-08
 6.10392e+22	8.47e-01	1.53e-01	9.21e-08
 6.11203e+22	8.53e-01	1.47e-01	9.44e-08
 6.12045e+22	8.59e-01	1.41e-01	9.68e-08
 6.12893e+22	8.65e-01	1.35e-01	9.91e-08
 6.13728e+22	8.70e-01	1.30e-01	1.02e-07
 6.14585e+22	8.75e-01	1.25e-01	1.04e-07
 6.15474e+22	8.80e-01	1.20e-01	1.07e-07
 6.16372e+22	8.84e-01	1.16e-01	1.09e-07
 6.17284e+22	8.88e-01	1.12e-01	1.13e-07
 6.18220e+22	8.93e-01	1.07e-01	1.16e-07
 6.19174e+22	8.97e-01	1.03e-01	1.19e-07
 6.20143e+22	9.00e-01	9.95e-02	1.23e-07
 6.21138e+22	9.04e-01	9.58e-02	1.28e-07
 6.22157e+22	9.08e-01	9.22e-02	1.32e-07
 6.23166e+22	9.11e-01	8.90e-02	1.37e-07
 6.24133e+22	9.14e-01	8.60e-02	1.41e-07
 6.25029e+22	9.17e-01	8.34e-02	1.45e-07
 6.25859e+22	9.19e-01	8.11e-02	1.50e-07
 6.26624e+22	9.21e-01	7.92e-02	1.53e-07
 6.27360e+22	9.23e-01	7.73e-02	1.58e-07
 6.28099e+22	9.25e-01	7.55e-02	1.62e-07
 6.28825e+22	9.27e-01	7.35e-02	1.68e-07
 6.29504e+22	9.28e-01	7.19e-02	1.72e-07
 6.30137e+22	9.30e-01	7.04e-02	1.77e-07
 6.30773e+22	9.31e-01	6.89e-02	1.83e-07
 6.31387e+22	9.33e-01	6.74e-02	1.88e-07
 6.31966e+22	9.34e-01	6.61e-02	1.93e-07
 6.32542e+22	9.35e-01	6.48e-02	1.99e-07
 6.33093e+22	9.36e-01	6.35e-02	2.05e-07
 6.33612e+22	9.38e-01	6.24e-02	2.11e-07
 6.34120e+22	9.39e-01	6.13e-02	2.17e-07
 6.34614e+22	9.40e-01	6.01e-02	2.23e-07
 6.35079e+22	9.41e-01	5.91e-02	2.30e-07
 6.35502e+22	9.42e-01	5.82e-02	2.36e-07
 6.35887e+22	9.43e-01	5.74e-02	2.41e-07
 6.36238e+22	9.43e-01	5.67e-02	2.46e-07
 6.36557e+22	9.44e-01	5.60e-02	2.51e-07
 6.36847e+22	9.45e-01	5.54e-02	2.55e-07
 6.37111e+22	9.45e-01	5.49e-02	2.59e-07
 6.37401e+22	9.46e-01	5.42e-02	2.64e-07
 6.37713e+22	9.47e-01	5.35e-02	2.68e-07
 6.37997e+22	9.47e-01	5.29e-02	2.72e-07
 6.38256e+22	9.48e-01	5.24e-02	2.77e-07
 6.38491e+22	9.48e-01	5.20e-02	2.80e-07
 6.38749e+22	9.49e-01	5.14e-02	2.82e-07
 6.39085e+22	9.49e-01	5.06e-02	2.87e-07
 6.39447e+22	9.50e-01	4.98e-02	2.91e-07
 6.39776e+22	9.51e-01	4.90e-02	2.94e-07
 6.40076e+22	9.51e-01	4.85e-02	2.97e-07
 6.40349e+22	9.52e-01	4.80e-02	2.99e-07
 6.40597e+22	9.52e-01	4.77e-02	3.00e-07
 6.40869e+22	9.53e-01	4.72e-02	3.02e-07
 6.41163e+22	9.53e-01	4.67e-02	3.04e-07
 6.41485e+22	9.54e-01	4.60e-02	3.05e-07
 6.41832e+22	9.55e-01	4.54e-02	3.07e-07
 6.42149e+22	9.55e-01	4.49e-02	3.08e-07
 6.42436e+22	9.56e-01	4.44e-02	3.09e-07
 6.42698e+22	9.56e-01	4.42e-02	3.10e-07
 6.42985e+22	9.56e-01	4.36e-02	3.09e-07
 6.43358e+22	9.57e-01	4.29e-02	3.09e-07
 6.43761e+22	9.58e-01	4.22e-02	3.09e-07
 6.44127e+22	9.58e-01	4.16e-02	3.10e-07
 6.44461e+22	9.59e-01	4.11e-02	3.09e-07
 6.44764e+22	9.59e-01	4.07e-02	3.08e-07
 6.45041e+22	9.60e-01	4.03e-02	3.07e-07
 6.45292e+22	9.60e-01	3.99e-02	3.06e-07
 6.45520e+22	9.60e-01	3.97e-02	3.06e-07
 6.45771e+22	9.61e-01	3.92e-02	3.04e-07
 6.46097e+22	9.61e-01	3.86e-02	3.02e-07
 6.46449e+22	9.62e-01	3.81e-02	3.02e-07
 6.46769e+22	9.62e-01	3.76e-02	3.01e-07
 6.47060e+22	9.63e-01	3.72e-02	2.99e-07
 6.47325e+22	9.63e-01	3.69e-02	2.98e-07
 6.47615e+22	9.64e-01	3.65e-02	2.96e-07
 6.47929e+22	9.64e-01	3.60e-02	2.94e-07
 6.48214e+22	9.64e-01	3.56e-02	2.93e-07
 6.48474e+22	9.65e-01	3.53e-02	2.91e-07
 6.48710e+22	9.65e-01	3.50e-02	2.90e-07
 6.48969e+22	9.65e-01	3.47e-02	2.89e-07
 6.49248e+22	9.66e-01	3.43e-02	2.88e-07
 6.49555e+22	9.66e-01	3.39e-02	2.86e-07
 6.49885e+22	9.67e-01	3.35e-02	2.85e-07
 6.50186e+22	9.67e-01	3.32e-02	2.84e-07
 6.50516e+22	9.67e-01	3.28e-02	2.83e-07
 6.50872e+22	9.68e-01	3.24e-02	2.82e-07
 6.51196e+22	9.68e-01	3.20e-02	2.80e-07
 6.51490e+22	9.68e-01	3.18e-02	2.80e-07
 6.51813e+22	9.69e-01	3.14e-02	2.78e-07
 6.52162e+22	9.69e-01	3.10e-02	2.77e-07
 6.52480e+22	9.69e-01	3.07e-02	2.76e-07
 6.52768e+22	9.70e-01	3.05e-02	2.75e-07
 6.53085e+22	9.70e-01	3.01e-02	2.73e-07
 6.53426e+22	9.70e-01	2.98e-02	2.73e-07
 6.53801e+22	9.71e-01	2.94e-02	2.72e-07
 6.54205e+22	9.71e-01	2.90e-02	2.71e-07
 6.54573e+22	9.71e-01	2.86e-02	2.69e-07
 6.54907e+22	9.72e-01	2.84e-02	2.69e-07
 6.55274e+22	9.72e-01	2.80e-02	2.68e-07
 6.55670e+22	9.72e-01	2.77e-02	2.67e-07
 6.56030e+22	9.73e-01	2.74e-02	2.66e-07
 6.56425e+22	9.73e-01	2.70e-02	2.64e-07
 6.56851e+22	9.73e-01	2.67e-02	2.64e-07
 6.57239e+22	9.74e-01	2.63e-02	2.63e-07
 6.57592e+22	9.74e-01	2.61e-02	2.62e-07
 6.57978e+22	9.74e-01	2.58e-02	2.61e-07
 6.58396e+22	9.75e-01	2.54e-02	2.60e-07
 6.58776e+22	9.75e-01	2.52e-02	2.60e-07
 6.59192e+22	9.75e-01	2.49e-02	2.58e-07
 6.59642e+22	9.76e-01	2.45e-02	2.58e-07
 6.60051e+22	9.76e-01	2.42e-02	2.57e-07
 6.60423e+22	9.76e-01	2.40e-02	2.57e-07
 6.60831e+22	9.76e-01	2.37e-02	2.56e-07
 6.61271e+22	9.77e-01	2.34e-02	2.56e-07
 6.61672e+22	9.77e-01	2.32e-02	2.56e-07
 6.62111e+22	9.77e-01	2.28e-02	2.55e-07
 6.62585e+22	9.78e-01	2.25e-02	2.55e-07
 6.63016e+22	9.78e-01	2.23e-02	2.55e-07
 6.63489e+22	9.78e-01	2.19e-02	2.54e-07
 6.63999e+22	9.78e-01	2.16e-02	2.54e-07
 6.64464e+22	9.79e-01	2.14e-02	2.54e-07
 6.64972e+22	9.79e-01	2.10e-02	2.53e-07
 6.65522e+22	9.79e-01	2.07e-02	2.53e-07
 6.66022e+22	9.80e-01	2.04e-02	2.52e-07
 6.66477e+22	9.80e-01	2.02e-02	2.52e-07
 6.66975e+22	9.80e-01	2.00e-02	2.51e-07
 6.67513e+22	9.80e-01	1.96e-02	2.51e-07
 6.68003e+22	9.81e-01	1.94e-02	2.51e-07
 6.68540e+22	9.81e-01	1.91e-02	2.50e-07
 6.69119e+22	9.81e-01	1.88e-02	2.50e-07
 6.69646e+22	9.81e-01	1.86e-02	2.50e-07
 6.70224e+22	9.82e-01	1.83e-02	2.49e-07
 6.70847e+22	9.82e-01	1.80e-02	2.49e-07
 6.71415e+22	9.82e-01	1.78e-02	2.49e-07
 6.72037e+22	9.83e-01	1.75e-02	2.49e-07
 6.72708e+22	9.83e-01	1.72e-02	2.49e-07
 6.73319e+22	9.83e-01	1.69e-02	2.48e-07
 6.73875e+22	9.83e-01	1.67e-02	2.48e-07
 6.74485e+22	9.84e-01	1.65e-02	2.47e-07
 6.75142e+22	9.84e-01	1.62e-02	2.47e-07
 6.75741e+22	9.84e-01	1.60e-02	2.47e-07
 6.76397e+22	9.84e-01	1.57e-02	2.47e-07
 6.77105e+22	9.85e-01	1.54e-02	2.47e-07
 6.77749e+22	9.85e-01	1.52e-02	2.47e-07
 6.78455e+22	9.85e-01	1.50e-02	2.46e-07
 6.79218e+22	9.85e-01	1.47e-02	2.47e-07
 6.79911e+22	9.86e-01	1.45e-02	2.46e-07
 6.80542e+22	9.86e-01	1.43e-02	2.46e-07
 6.81234e+22	9.86e-01	1.40e-02	2.45e-07
 6.81981e+22	9.86e-01	1.38e-02	2.46e-07
 6.82660e+22	9.86e-01	1.36e-02	2.46e-07
 6.83405e+22	9.87e-01	1.34e-02	2.45e-07
 6.84209e+22	9.87e-01	1.31e-02	2.46e-07
 6.84941e+22	9.87e-01	1.29e-02	2.45e-07
 6.85742e+22	9.87e-01	1.27e-02	2.45e-07
 6.86608e+22	9.88e-01	1.24e-02	2.46e-07
 6.87395e+22	9.88e-01	1.22e-02	2.46e-07
 6.88258e+22	9.88e-01	1.20e-02	2.46e-07
 6.89190e+22	9.88e-01	1.18e-02	2.46e-07
 6.90038e+22	9.88e-01	1.16e-02	2.46e-07
 6.90809e+22	9.89e-01	1.14e-02	2.46e-07
 6.91654e+22	9.89e-01	1.12e-02	2.46e-07
 6.92753e+22	9.89e-01	1.09e-02	2.46e-07
 6.93995e+22	9.89e-01	1.06e-02	2.47e-07
 6.95230e+22	9.90e-01	1.03e-02	2.47e-07
 6.96478e+22	9.90e-01	1.00e-02	2.47e-07
 6.97757e+22	9.90e-01	9.78e-03	2.47e-07
 6.99055e+22	9.90e-01	9.52e-03	2.47e-07
 7.00366e+22	9.91e-01	9.27e-03	2.47e-07
 7.01694e+22	9.91e-01	9.02e-03	2.47e-07
 7.03039e+22	9.91e-01	8.77e-03	2.47e-07
 7.04399e+22	9.91e-01	8.53e-03	2.47e-07
 7.05775e+22	9.92e-01	8.30e-03	2.47e-07
 7.07166e+22	9.92e-01	8.07e-03	2.47e-07
 7.08572e+22	9.92e-01	7.84e-03	2.48e-07
 7.09992e+22	9.92e-01	7.62e-03	2.48e-07
 7.11425e+22	9.93e-01	7.40e-03	2.48e-07
 7.12871e+22	9.93e-01	7.19e-03	2.48e-07
 7.14328e+22	9.93e-01	6.99e-03	2.48e-07
 7.15800e+22	9.93e-01	6.78e-03	2.49e-07
 7.17288e+22	9.93e-01	6.59e-03	2.49e-07
 7.18788e+22	9.94e-01	6.39e-03	2.49e-07
 7.20300e+22	9.94e-01	6.20e-03	2.50e-07
 7.21826e+22	9.94e-01	6.02e-03	2.50e-07
 7.23365e+22	9.94e-01	5.84e-03	2.51e-07
 7.24931e+22	9.94e-01	5.66e-03	2.51e-07
 7.26536e+22	9.95e-01	5.49e-03	2.52e-07
 7.28165e+22	9.95e-01	5.32e-03	2.52e-07
 7.29812e+22	9.95e-01	5.15e-03	2.53e-07
 7.31478e+22	9.95e-01	4.99e-03	2.54e-07
 7.33161e+22	9.95e-01	4.83e-03	2.55e-07
 7.34864e+22	9.95e-01	4.68e-03	2.55e-07
 7.36587e+22	9.95e-01	4.52e-03	2.56e-07
 7.38338e+22	9.96e-01	4.38e-03	2.57e-07
 7.40119e+22	9.96e-01	4.23e-03	2.59e-07
 7.41940e+22	9.96e-01	4.09e-03	2.60e-07
 7.43810e+22	9.96e-01	3.95e-03	2.61e-07
 7.45715e+22	9.96e-01	3.81e-03	2.63e-07
 7.47652e+22	9.96e-01	3.68e-03	2.65e-07
 7.49621e+22	9.96e-01	3.54e-03	2.66e-07
 7.51626e+22	9.97e-01	3.42e-03	2.68e-07
 7.53669e+22	9.97e-01	3.29e-03	2.71e-07
 7.55751e+22	9.97e-01	3.17e-03	2.73e-07
 7.57884e+22	9.97e-01	3.05e-03	2.76e-07
 7.60071e+22	9.97e-01	2.93e-03	2.79e-07
 7.62302e+22	9.97e-01	2.81e-03	2.82e-07
 7.64584e+22	9.97e-01	2.70e-03	2.85e-07
 7.66922e+22	9.97e-01	2.59e-03	2.89e-07
 7.69314e+22	9.98e-01	2.48e-03	2.93e-07
 7.71750e+22	9.98e-01	2.38e-03	2.98e-07
 7.74208e+22	9.98e-01	2.28e-03	3.03e-07
 7.76688e+22	9.98e-01	2.18e-03	3.09e-07
 7.79198e+22	9.98e-01	2.09e-03	3.15e-07
 7.81733e+22	9.98e-01	2.00e-03	3.22e-07
 7.84291e+22	9.98e-01	1.92e-03	3.30e-07
 7.86875e+22	9.98e-01	1.83e-03	3.38e-07
 7.89485e+22	9.98e-01	1.75e-03	3.47e-07
 7.92122e+22	9.98e-01	1.68e-03	3.57e-07
 7.94789e+22	9.98e-01	1.60e-03	3.69e-07
 7.97485e+22	9.98e-01	1.53e-03	3.82e-07
 8.00200e+22	9.99e-01	1.46e-03	3.96e-07
 8.02943e+22	9.99e-01	1.39e-03	4.12e-07
 8.05715e+22	9.99e-01	1.33e-03	4.30e-07
 8.08518e+22	9.99e-01	1.27e-03	4.50e-07
 8.11360e+22	9.99e-01	1.21e-03	4.73e-07
 8.14234e+22	9.99e-01	1.15e-03	5.00e-07
 8.17141e+22	9.99e-01	1.10e-03	5.31e-07
 8.20082e+22	9.99e-01	1.05e-03	5.67e-07
 8.23021e+22	9.99e-01	9.96e-04	6.09e-07
 8.25857e+22	9.99e-01	9.51e-04	6.57e-07
 8.28503e+22	9.99e-01	9.11e-04	7.10e-07
 8.30964e+22	9.99e-01	8.76e-04	7.67e-07
 8.33286e+22	9.99e-01	8.43e-04	8.30e-07
 8.35505e+22	9.99e-01	8.13e-04	9.00e-07
 8.37627e+22	9.99e-01	7.85e-04	9.77e-07
 8.39644e+22	9.99e-01	7.59e-04	1.06e-06
 8.41552e+22	9.99e-01	7.36e-04	1.16e-06
 8.43357e+22	9.99e-01	7.14e-04	1.26e-06
 8.45076e+22	9.99e-01	6.94e-04	1.38e-06
 8.46717e+22	9.99e-01	6.73e-04	1.51e-06
 8.48268e+22	9.99e-01	6.56e-04	1.65e-06
 8.49733e+22	9.99e-01	6.40e-04	1.81e-06
 8.51139e+22	9.99e-01	6.25e-04	1.98e-06
 8.52499e+22	9.99e-01	6.12e-04	2.17e-06
 8.53807e+22	9.99e-01	5.98e-04	2.38e-06
 8.55055e+22	9.99e-01	5.86e-04	2.61e-06
 8.56245e+22	9.99e-01	5.74e-04	2.87e-06
 8.57385e+22	9.99e-01	5.64e-04	3.15e-06
 8.58485e+22	9.99e-01	5.53e-04	3.46e-06
 8.59552e+22	9.99e-01	5.43e-04	3.80e-06
 8.60587e+22	9.99e-01	5.33e-04	4.17e-06
 8.61593e+22	9.99e-01	5.24e-04	4.59e-06
 8.62563e+22	9.99e-01	5.16e-04	5.05e-06
 8.63503e+22	9.99e-01	5.08e-04	5.55e-06
 8.64421e+22	9.99e-01	5.00e-04	6.10e-06
 8.65324e+22	9.99e-01	4.92e-04	6.71e-06
 8.66216e+22	1.00e+00	4.84e-04	7.37e-06
 8.67097e+22	1.00e+00	4.77e-04	8.10e-06
 8.67969e+22	1.00e+00	4.70e-04	8.90e-06
 8.68833e+22	1.00e+00	4.63e-04	9.76e-06
 8.69698e+22	1.00e+00	4.56e-04	1.07e-05
 8.70568e+22	1.00e+00	4.49e-04	1.17e-05
 8.71445e+22	1.00e+00	4.42e-04	1.29e-05
 8.72335e+22	1.00e+00	4.35e-04	1.41e-05
 8.73247e+22	1.00e+00	4.28e-04	1.54e-05
 8.74184e+22	1.00e+00	4.21e-04	1.68e-05
 8.75148e+22	1.00e+00	4.13e-04	1.84e-05
 8.76144e+22	1.00e+00	4.06e-04	2.00e-05
 8.77181e+22	1.00e+00	3.98e-04	2.18e-05
 8.78268e+22	1.00e+00	3.90e-04	2.37e-05
 8.79414e+22	1.00e+00	3.82e-04	2.58e-05
 8.80620e+22	1.00e+00	3.74e-04	2.80e-05
 8.81900e+22	1.00e+00	3.65e-04	3.03e-05
 8.83270e+22	1.00e+00	3.56e-04	3.28e-05
 8.84729e+22	1.00e+00	3.46e-04	3.54e-05
 8.86277e+22	1.00e+00	3.36e-04	3.82e-05
 8.87931e+22	1.00e+00	3.26e-04	4.11e-05
 8.89712e+22	1.00e+00	3.15e-04	4.42e-05
 8.91631e+22	1.00e+00	3.03e-04	4.74e-05
 8.93693e+22	1.00e+00	2.92e-04	5.07e-05
 8.95904e+22	1.00e+00	2.80e-04	5.42e-05
 8.98277e+22	1.00e+00	2.67e-04	5.77e-05
 9.00839e+22	1.00e+00	2.54e-04	6.12e-05
 9.03623e+22	1.00e+00	2.40e-04	6.48e-05
 9.06646e+22	1.00e+00	2.26e-04	6.83e-05
 9.09927e+22	1.00e+00	2.11e-04	7.18e-05
 9.13482e+22	1.00e+00	1.96e-04	7.51e-05
 9.17332e+22	1.00e+00	1.81e-04	7.83e-05
 9.21515e+22	1.00e+00	1.65e-04	8.12e-05
 9.24699e+22	1.00e+00	1.57e-04	8.44e-05
