#depth	O	O+	O+2	O+3	O+4	O+5	O+6	O+7	O+8	O[1]	O[2]	O[3]
 1.54284e+22	8.91e-17	4.69e-12	9.60e-09	1.81e-06	7.12e-05	1.03e-03	8.75e-02	4.27e-01	4.84e-01	8.91e-17	2.62e-27	2.78e-27
 3.43128e+22	8.28e-16	3.27e-11	5.11e-08	7.39e-06	2.19e-04	2.26e-03	1.36e-01	4.75e-01	3.86e-01	8.28e-16	1.57e-24	1.98e-24
 3.94968e+22	2.38e-15	8.23e-11	1.13e-07	1.45e-05	3.75e-04	3.29e-03	1.67e-01	4.92e-01	3.37e-01	2.38e-15	4.55e-24	5.73e-24
 4.20888e+22	4.02e-15	1.30e-10	1.68e-07	2.02e-05	4.93e-04	3.98e-03	1.85e-01	4.98e-01	3.13e-01	4.02e-15	7.69e-24	9.66e-24
 4.32885e+22	4.93e-15	1.55e-10	1.96e-07	2.31e-05	5.48e-04	4.28e-03	1.92e-01	5.00e-01	3.03e-01	4.93e-15	9.42e-24	1.18e-23
 4.40605e+22	6.37e-15	1.94e-10	2.38e-07	2.72e-05	6.28e-04	4.71e-03	2.02e-01	5.02e-01	2.91e-01	6.37e-15	1.22e-23	1.53e-23
 4.48955e+22	8.04e-15	2.38e-10	2.84e-07	3.17e-05	7.11e-04	5.14e-03	2.11e-01	5.03e-01	2.80e-01	8.04e-15	1.54e-23	1.93e-23
 4.58122e+22	1.08e-14	3.08e-10	3.56e-07	3.85e-05	8.35e-04	5.75e-03	2.23e-01	5.04e-01	2.66e-01	1.08e-14	2.07e-23	2.60e-23
 4.67433e+22	1.37e-14	3.79e-10	4.28e-07	4.51e-05	9.51e-04	6.30e-03	2.34e-01	5.04e-01	2.55e-01	1.37e-14	2.62e-23	3.29e-23
 4.76738e+22	1.83e-14	4.88e-10	5.34e-07	5.48e-05	1.12e-03	7.05e-03	2.47e-01	5.04e-01	2.41e-01	1.83e-14	3.50e-23	4.40e-23
 4.86097e+22	2.30e-14	5.96e-10	6.38e-07	6.39e-05	1.27e-03	7.71e-03	2.58e-01	5.03e-01	2.30e-01	2.30e-14	4.40e-23	5.53e-23
 4.94065e+22	2.82e-14	7.13e-10	7.48e-07	7.35e-05	1.43e-03	8.37e-03	2.69e-01	5.02e-01	2.20e-01	2.82e-14	5.39e-23	6.77e-23
 5.02677e+22	3.63e-14	8.90e-10	9.12e-07	8.76e-05	1.66e-03	9.29e-03	2.82e-01	4.99e-01	2.07e-01	3.63e-14	6.95e-23	8.72e-23
 5.11378e+22	4.42e-14	1.06e-09	1.07e-06	1.01e-04	1.86e-03	1.01e-02	2.93e-01	4.97e-01	1.98e-01	4.42e-14	8.46e-23	1.06e-22
 5.19874e+22	5.56e-14	1.30e-09	1.28e-06	1.18e-04	2.14e-03	1.11e-02	3.07e-01	4.93e-01	1.86e-01	5.56e-14	1.06e-22	1.34e-22
 5.28544e+22	6.75e-14	1.54e-09	1.50e-06	1.36e-04	2.41e-03	1.21e-02	3.19e-01	4.90e-01	1.77e-01	6.75e-14	1.29e-22	1.62e-22
 5.37043e+22	8.28e-14	1.85e-09	1.77e-06	1.59e-04	2.75e-03	1.33e-02	3.33e-01	4.85e-01	1.66e-01	8.28e-14	1.59e-22	1.99e-22
 5.45719e+22	9.99e-14	2.18e-09	2.07e-06	1.83e-04	3.11e-03	1.45e-02	3.45e-01	4.80e-01	1.57e-01	9.99e-14	1.91e-22	2.40e-22
 5.54303e+22	1.20e-13	2.58e-09	2.41e-06	2.11e-04	3.52e-03	1.59e-02	3.59e-01	4.74e-01	1.48e-01	1.20e-13	2.30e-22	2.89e-22
 5.62932e+22	1.43e-13	3.01e-09	2.79e-06	2.42e-04	3.96e-03	1.73e-02	3.72e-01	4.68e-01	1.39e-01	1.43e-13	2.74e-22	3.44e-22
 5.71462e+22	1.69e-13	3.50e-09	3.22e-06	2.76e-04	4.46e-03	1.89e-02	3.85e-01	4.61e-01	1.30e-01	1.69e-13	3.23e-22	4.06e-22
 5.79977e+22	1.97e-13	4.03e-09	3.70e-06	3.15e-04	4.99e-03	2.05e-02	3.98e-01	4.54e-01	1.22e-01	1.97e-13	3.79e-22	4.75e-22
 5.88507e+22	2.29e-13	4.63e-09	4.22e-06	3.57e-04	5.59e-03	2.23e-02	4.11e-01	4.46e-01	1.14e-01	2.29e-13	4.40e-22	5.51e-22
 5.97071e+22	2.64e-13	5.28e-09	4.81e-06	4.04e-04	6.23e-03	2.41e-02	4.24e-01	4.38e-01	1.07e-01	2.64e-13	5.07e-22	6.36e-22
 6.05685e+22	3.03e-13	5.99e-09	5.45e-06	4.57e-04	6.94e-03	2.61e-02	4.37e-01	4.30e-01	9.99e-02	3.03e-13	5.81e-22	7.29e-22
 6.14379e+22	3.45e-13	6.77e-09	6.17e-06	5.15e-04	7.72e-03	2.83e-02	4.50e-01	4.21e-01	9.32e-02	3.45e-13	6.63e-22	8.30e-22
 6.23175e+22	3.90e-13	7.62e-09	6.96e-06	5.80e-04	8.57e-03	3.06e-02	4.62e-01	4.11e-01	8.68e-02	3.90e-13	7.51e-22	9.41e-22
 6.32017e+22	4.39e-13	8.53e-09	7.82e-06	6.51e-04	9.49e-03	3.30e-02	4.74e-01	4.02e-01	8.07e-02	4.39e-13	8.45e-22	1.06e-21
 6.41003e+22	4.93e-13	9.54e-09	8.78e-06	7.32e-04	1.05e-02	3.57e-02	4.87e-01	3.92e-01	7.48e-02	4.93e-13	9.49e-22	1.19e-21
 6.50094e+22	5.49e-13	1.06e-08	9.82e-06	8.18e-04	1.16e-02	3.84e-02	4.98e-01	3.82e-01	6.94e-02	5.49e-13	1.06e-21	1.33e-21
 6.59361e+22	6.11e-13	1.18e-08	1.10e-05	9.18e-04	1.28e-02	4.14e-02	5.10e-01	3.71e-01	6.41e-02	6.11e-13	1.18e-21	1.48e-21
 6.67985e+22	6.65e-13	1.28e-08	1.21e-05	1.01e-03	1.39e-02	4.40e-02	5.19e-01	3.62e-01	6.00e-02	6.65e-13	1.28e-21	1.61e-21
 6.76843e+22	7.35e-13	1.42e-08	1.35e-05	1.13e-03	1.53e-02	4.75e-02	5.31e-01	3.50e-01	5.51e-02	7.35e-13	1.42e-21	1.78e-21
 6.85850e+22	7.98e-13	1.55e-08	1.48e-05	1.24e-03	1.66e-02	5.04e-02	5.39e-01	3.41e-01	5.14e-02	7.98e-13	1.54e-21	1.93e-21
 6.95100e+22	8.82e-13	1.72e-08	1.66e-05	1.39e-03	1.83e-02	5.44e-02	5.50e-01	3.29e-01	4.70e-02	8.82e-13	1.71e-21	2.13e-21
 7.04440e+22	9.51e-13	1.86e-08	1.81e-05	1.53e-03	1.97e-02	5.76e-02	5.58e-01	3.20e-01	4.37e-02	9.51e-13	1.84e-21	2.30e-21
 7.13898e+22	1.04e-12	2.05e-08	2.02e-05	1.71e-03	2.17e-02	6.21e-02	5.67e-01	3.08e-01	3.98e-02	1.04e-12	2.02e-21	2.52e-21
 7.23367e+22	1.12e-12	2.22e-08	2.21e-05	1.87e-03	2.33e-02	6.55e-02	5.74e-01	2.98e-01	3.70e-02	1.12e-12	2.18e-21	2.73e-21
 7.32849e+22	1.23e-12	2.44e-08	2.46e-05	2.09e-03	2.55e-02	7.03e-02	5.82e-01	2.86e-01	3.37e-02	1.23e-12	2.38e-21	2.98e-21
 7.42423e+22	1.32e-12	2.64e-08	2.69e-05	2.28e-03	2.73e-02	7.41e-02	5.88e-01	2.77e-01	3.13e-02	1.32e-12	2.57e-21	3.21e-21
 7.52117e+22	1.44e-12	2.91e-08	3.00e-05	2.55e-03	2.98e-02	7.92e-02	5.95e-01	2.65e-01	2.83e-02	1.44e-12	2.81e-21	3.50e-21
 7.61931e+22	1.55e-12	3.16e-08	3.28e-05	2.79e-03	3.18e-02	8.34e-02	5.99e-01	2.56e-01	2.62e-02	1.55e-12	3.02e-21	3.77e-21
 7.71904e+22	1.69e-12	3.48e-08	3.66e-05	3.12e-03	3.47e-02	8.91e-02	6.05e-01	2.45e-01	2.37e-02	1.69e-12	3.30e-21	4.12e-21
 7.82040e+22	1.82e-12	3.79e-08	4.01e-05	3.41e-03	3.70e-02	9.37e-02	6.09e-01	2.35e-01	2.18e-02	1.82e-12	3.57e-21	4.45e-21
 7.92389e+22	1.99e-12	4.20e-08	4.50e-05	3.82e-03	4.03e-02	9.99e-02	6.13e-01	2.24e-01	1.96e-02	1.99e-12	3.91e-21	4.88e-21
 8.02958e+22	2.16e-12	4.59e-08	4.96e-05	4.18e-03	4.30e-02	1.05e-01	6.15e-01	2.15e-01	1.80e-02	2.16e-12	4.25e-21	5.29e-21
 8.13813e+22	2.38e-12	5.13e-08	5.60e-05	4.70e-03	4.68e-02	1.12e-01	6.17e-01	2.03e-01	1.60e-02	2.38e-12	4.68e-21	5.83e-21
 8.24944e+22	2.60e-12	5.65e-08	6.20e-05	5.17e-03	5.00e-02	1.17e-01	6.18e-01	1.94e-01	1.46e-02	2.60e-12	5.12e-21	6.39e-21
 8.36434e+22	2.88e-12	6.36e-08	7.05e-05	5.84e-03	5.43e-02	1.25e-01	6.19e-01	1.83e-01	1.29e-02	2.88e-12	5.69e-21	7.09e-21
 8.47248e+22	3.14e-12	6.96e-08	7.72e-05	6.34e-03	5.74e-02	1.30e-01	6.19e-01	1.75e-01	1.20e-02	3.14e-12	6.20e-21	7.72e-21
 8.57181e+22	3.45e-12	7.76e-08	8.65e-05	7.02e-03	6.15e-02	1.37e-01	6.17e-01	1.66e-01	1.07e-02	3.45e-12	6.84e-21	8.52e-21
 8.67033e+22	3.76e-12	8.49e-08	9.45e-05	7.60e-03	6.48e-02	1.42e-01	6.16e-01	1.59e-01	9.93e-03	3.76e-12	7.45e-21	9.27e-21
 8.76777e+22	4.10e-12	9.42e-08	1.06e-04	8.39e-03	6.91e-02	1.49e-01	6.14e-01	1.51e-01	8.92e-03	4.10e-12	8.16e-21	1.01e-20
 8.86581e+22	4.49e-12	1.04e-07	1.16e-04	9.07e-03	7.27e-02	1.54e-01	6.11e-01	1.45e-01	8.23e-03	4.49e-12	8.94e-21	1.11e-20
 8.96462e+22	4.97e-12	1.16e-07	1.30e-04	1.00e-02	7.75e-02	1.61e-01	6.07e-01	1.36e-01	7.38e-03	4.97e-12	9.92e-21	1.23e-20
 9.06522e+22	5.48e-12	1.28e-07	1.43e-04	1.09e-02	8.15e-02	1.67e-01	6.04e-01	1.30e-01	6.78e-03	5.48e-12	1.10e-20	1.36e-20
 9.16813e+22	6.11e-12	1.45e-07	1.61e-04	1.20e-02	8.68e-02	1.74e-01	5.98e-01	1.22e-01	6.04e-03	6.11e-12	1.23e-20	1.53e-20
 9.27247e+22	6.80e-12	1.62e-07	1.78e-04	1.30e-02	9.13e-02	1.80e-01	5.93e-01	1.17e-01	5.53e-03	6.80e-12	1.37e-20	1.70e-20
 9.37866e+22	7.66e-12	1.84e-07	2.02e-04	1.45e-02	9.72e-02	1.88e-01	5.86e-01	1.09e-01	4.90e-03	7.66e-12	1.55e-20	1.92e-20
 9.48696e+22	8.61e-12	2.07e-07	2.24e-04	1.57e-02	1.02e-01	1.94e-01	5.80e-01	1.04e-01	4.46e-03	8.61e-12	1.74e-20	2.16e-20
 9.59802e+22	9.82e-12	2.39e-07	2.56e-04	1.75e-02	1.09e-01	2.02e-01	5.71e-01	9.64e-02	3.93e-03	9.82e-12	1.99e-20	2.48e-20
 9.71150e+22	1.12e-11	2.71e-07	2.87e-04	1.90e-02	1.14e-01	2.08e-01	5.64e-01	9.11e-02	3.56e-03	1.12e-11	2.27e-20	2.82e-20
 9.82814e+22	1.29e-11	3.17e-07	3.30e-04	2.12e-02	1.22e-01	2.16e-01	5.53e-01	8.43e-02	3.10e-03	1.29e-11	2.64e-20	3.28e-20
 9.94744e+22	1.48e-11	3.62e-07	3.71e-04	2.32e-02	1.28e-01	2.22e-01	5.44e-01	7.92e-02	2.79e-03	1.48e-11	3.04e-20	3.76e-20
 1.00702e+23	1.75e-11	4.30e-07	4.31e-04	2.60e-02	1.37e-01	2.30e-01	5.31e-01	7.28e-02	2.41e-03	1.75e-11	3.61e-20	4.47e-20
 1.01944e+23	2.03e-11	4.96e-07	4.86e-04	2.84e-02	1.44e-01	2.36e-01	5.21e-01	6.81e-02	2.16e-03	2.03e-11	4.20e-20	5.21e-20
 1.03205e+23	2.43e-11	5.93e-07	5.67e-04	3.18e-02	1.53e-01	2.44e-01	5.07e-01	6.23e-02	1.85e-03	2.43e-11	5.05e-20	6.25e-20
 1.04480e+23	2.84e-11	6.88e-07	6.42e-04	3.47e-02	1.60e-01	2.50e-01	4.95e-01	5.80e-02	1.65e-03	2.84e-11	5.94e-20	7.34e-20
 1.05774e+23	3.45e-11	8.30e-07	7.51e-04	3.89e-02	1.70e-01	2.57e-01	4.79e-01	5.28e-02	1.41e-03	3.45e-11	7.24e-20	8.95e-20
 1.07038e+23	4.03e-11	9.58e-07	8.44e-04	4.22e-02	1.78e-01	2.62e-01	4.67e-01	4.92e-02	1.26e-03	4.03e-11	8.50e-20	1.05e-19
 1.08264e+23	4.86e-11	1.15e-06	9.79e-04	4.68e-02	1.87e-01	2.68e-01	4.51e-01	4.48e-02	1.08e-03	4.86e-11	1.03e-19	1.28e-19
 1.09536e+23	5.78e-11	1.34e-06	1.11e-03	5.10e-02	1.96e-01	2.72e-01	4.38e-01	4.15e-02	9.54e-04	5.78e-11	1.23e-19	1.52e-19
 1.10621e+23	6.69e-11	1.54e-06	1.24e-03	5.49e-02	2.03e-01	2.76e-01	4.26e-01	3.86e-02	8.52e-04	6.69e-11	1.43e-19	1.77e-19
 1.11785e+23	8.08e-11	1.83e-06	1.42e-03	6.02e-02	2.12e-01	2.80e-01	4.10e-01	3.52e-02	7.35e-04	8.08e-11	1.74e-19	2.15e-19
 1.12958e+23	9.46e-11	2.10e-06	1.58e-03	6.48e-02	2.20e-01	2.83e-01	3.97e-01	3.27e-02	6.54e-04	9.46e-11	2.05e-19	2.53e-19
 1.14143e+23	1.15e-10	2.50e-06	1.82e-03	7.09e-02	2.30e-01	2.86e-01	3.81e-01	2.97e-02	5.63e-04	1.15e-10	2.51e-19	3.09e-19
 1.15363e+23	1.36e-10	2.92e-06	2.05e-03	7.67e-02	2.38e-01	2.88e-01	3.67e-01	2.73e-02	4.93e-04	1.36e-10	2.99e-19	3.68e-19
 1.16444e+23	1.61e-10	3.36e-06	2.28e-03	8.23e-02	2.46e-01	2.90e-01	3.54e-01	2.52e-02	4.36e-04	1.61e-10	3.55e-19	4.37e-19
 1.17663e+23	1.98e-10	4.02e-06	2.62e-03	8.99e-02	2.56e-01	2.91e-01	3.38e-01	2.27e-02	3.72e-04	1.98e-10	4.41e-19	5.42e-19
 1.18949e+23	2.39e-10	4.74e-06	2.97e-03	9.73e-02	2.64e-01	2.92e-01	3.23e-01	2.06e-02	3.21e-04	2.39e-10	5.37e-19	6.59e-19
 1.20120e+23	2.86e-10	5.52e-06	3.33e-03	1.05e-01	2.73e-01	2.92e-01	3.09e-01	1.88e-02	2.80e-04	2.86e-10	6.48e-19	7.95e-19
 1.21441e+23	3.61e-10	6.70e-06	3.84e-03	1.14e-01	2.83e-01	2.91e-01	2.91e-01	1.67e-02	2.35e-04	3.61e-10	8.23e-19	1.01e-18
 1.22802e+23	4.41e-10	7.92e-06	4.36e-03	1.23e-01	2.91e-01	2.90e-01	2.76e-01	1.50e-02	2.00e-04	4.41e-10	1.02e-18	1.24e-18
 1.24012e+23	5.33e-10	9.27e-06	4.89e-03	1.32e-01	2.99e-01	2.88e-01	2.62e-01	1.36e-02	1.72e-04	5.33e-10	1.24e-18	1.52e-18
 1.25379e+23	6.79e-10	1.13e-05	5.64e-03	1.44e-01	3.08e-01	2.85e-01	2.45e-01	1.19e-02	1.43e-04	6.79e-10	1.59e-18	1.95e-18
 1.26797e+23	8.41e-10	1.34e-05	6.40e-03	1.55e-01	3.16e-01	2.82e-01	2.30e-01	1.06e-02	1.20e-04	8.41e-10	1.99e-18	2.44e-18
 1.28071e+23	1.03e-09	1.58e-05	7.19e-03	1.66e-01	3.22e-01	2.78e-01	2.16e-01	9.48e-03	1.02e-04	1.03e-09	2.47e-18	3.01e-18
 1.29514e+23	1.34e-09	1.94e-05	8.33e-03	1.80e-01	3.31e-01	2.73e-01	2.00e-01	8.18e-03	8.23e-05	1.34e-09	3.24e-18	3.96e-18
 1.31004e+23	1.67e-09	2.31e-05	9.42e-03	1.93e-01	3.37e-01	2.67e-01	1.86e-01	7.20e-03	6.84e-05	1.67e-09	4.10e-18	5.00e-18
 1.32557e+23	2.21e-09	2.86e-05	1.10e-02	2.10e-01	3.44e-01	2.60e-01	1.69e-01	6.10e-03	5.41e-05	2.21e-09	5.52e-18	6.72e-18
 1.34126e+23	2.78e-09	3.42e-05	1.24e-02	2.25e-01	3.48e-01	2.53e-01	1.56e-01	5.32e-03	4.45e-05	2.78e-09	7.03e-18	8.56e-18
 1.35505e+23	3.46e-09	4.04e-05	1.39e-02	2.39e-01	3.52e-01	2.46e-01	1.44e-01	4.65e-03	3.68e-05	3.46e-09	8.90e-18	1.08e-17
 1.37084e+23	4.63e-09	5.04e-05	1.62e-02	2.58e-01	3.56e-01	2.36e-01	1.30e-01	3.86e-03	2.84e-05	4.63e-09	1.21e-17	1.47e-17
 1.38681e+23	5.82e-09	5.97e-05	1.82e-02	2.74e-01	3.58e-01	2.28e-01	1.19e-01	3.34e-03	2.32e-05	5.82e-09	1.55e-17	1.88e-17
 1.40301e+23	7.78e-09	7.39e-05	2.10e-02	2.94e-01	3.60e-01	2.17e-01	1.06e-01	2.76e-03	1.78e-05	7.78e-09	2.12e-17	2.57e-17
 1.41949e+23	9.89e-09	8.82e-05	2.36e-02	3.10e-01	3.60e-01	2.07e-01	9.59e-02	2.35e-03	1.43e-05	9.89e-09	2.75e-17	3.33e-17
 1.43416e+23	1.25e-08	1.05e-04	2.64e-02	3.27e-01	3.59e-01	1.98e-01	8.68e-02	2.00e-03	1.14e-05	1.25e-08	3.55e-17	4.30e-17
 1.45102e+23	1.69e-08	1.30e-04	3.04e-02	3.49e-01	3.57e-01	1.86e-01	7.61e-02	1.62e-03	8.56e-06	1.69e-08	4.93e-17	5.97e-17
 1.46814e+23	2.15e-08	1.55e-04	3.40e-02	3.66e-01	3.54e-01	1.76e-01	6.81e-02	1.36e-03	6.75e-06	2.15e-08	6.45e-17	7.80e-17
 1.48561e+23	2.94e-08	1.93e-04	3.91e-02	3.88e-01	3.49e-01	1.63e-01	5.89e-02	1.08e-03	4.95e-06	2.94e-08	9.10e-17	1.10e-16
 1.50326e+23	3.75e-08	2.29e-04	4.35e-02	4.05e-01	3.44e-01	1.53e-01	5.23e-02	9.00e-04	3.86e-06	3.75e-08	1.19e-16	1.44e-16
 1.52113e+23	5.12e-08	2.84e-04	4.98e-02	4.27e-01	3.37e-01	1.41e-01	4.47e-02	7.06e-04	2.78e-06	5.12e-08	1.70e-16	2.05e-16
 1.53865e+23	6.43e-08	3.33e-04	5.49e-02	4.42e-01	3.30e-01	1.32e-01	3.97e-02	5.89e-04	2.18e-06	6.43e-08	2.19e-16	2.65e-16
 1.55571e+23	8.64e-08	4.08e-04	6.22e-02	4.61e-01	3.21e-01	1.21e-01	3.40e-02	4.63e-04	1.58e-06	8.64e-08	3.06e-16	3.70e-16
 1.57222e+23	1.06e-07	4.70e-04	6.77e-02	4.74e-01	3.14e-01	1.13e-01	3.03e-02	3.90e-04	1.26e-06	1.06e-07	3.86e-16	4.67e-16
 1.58798e+23	1.38e-07	5.63e-04	7.53e-02	4.90e-01	3.04e-01	1.03e-01	2.61e-02	3.11e-04	9.33e-07	1.38e-07	5.22e-16	6.30e-16
 1.60375e+23	1.69e-07	6.46e-04	8.17e-02	5.02e-01	2.96e-01	9.62e-02	2.32e-02	2.61e-04	7.38e-07	1.69e-07	6.57e-16	7.93e-16
 1.61953e+23	2.20e-07	7.71e-04	9.05e-02	5.16e-01	2.85e-01	8.75e-02	1.99e-02	2.07e-04	5.43e-07	2.20e-07	8.85e-16	1.07e-15
 1.63569e+23	2.72e-07	8.89e-04	9.83e-02	5.27e-01	2.76e-01	8.08e-02	1.75e-02	1.70e-04	4.21e-07	2.72e-07	1.12e-15	1.36e-15
 1.65234e+23	3.55e-07	1.06e-03	1.09e-01	5.39e-01	2.63e-01	7.28e-02	1.48e-02	1.33e-04	3.04e-07	3.55e-07	1.52e-15	1.83e-15
 1.66919e+23	4.41e-07	1.23e-03	1.18e-01	5.48e-01	2.53e-01	6.66e-02	1.29e-02	1.08e-04	2.32e-07	4.41e-07	1.94e-15	2.33e-15
 1.68404e+23	5.43e-07	1.41e-03	1.27e-01	5.56e-01	2.43e-01	6.10e-02	1.12e-02	8.85e-05	1.78e-07	5.43e-07	2.45e-15	2.95e-15
 1.70109e+23	7.07e-07	1.68e-03	1.40e-01	5.64e-01	2.31e-01	5.43e-02	9.38e-03	6.81e-05	1.26e-07	7.07e-07	3.31e-15	3.98e-15
 1.71842e+23	8.78e-07	1.93e-03	1.51e-01	5.70e-01	2.20e-01	4.92e-02	8.06e-03	5.46e-05	0.00e+00	8.78e-07	4.22e-15	5.07e-15
 1.73233e+23	1.05e-06	2.17e-03	1.61e-01	5.73e-01	2.11e-01	4.53e-02	7.12e-03	4.55e-05	0.00e+00	1.05e-06	5.14e-15	6.17e-15
 1.74666e+23	1.29e-06	2.49e-03	1.73e-01	5.77e-01	2.01e-01	4.10e-02	6.12e-03	3.65e-05	0.00e+00	1.29e-06	6.52e-15	7.82e-15
 1.76142e+23	1.54e-06	2.79e-03	1.84e-01	5.79e-01	1.92e-01	3.75e-02	5.36e-03	3.02e-05	0.00e+00	1.54e-06	7.98e-15	9.56e-15
 1.77465e+23	1.83e-06	3.12e-03	1.95e-01	5.80e-01	1.83e-01	3.43e-02	4.71e-03	2.50e-05	0.00e+00	1.83e-06	9.71e-15	1.16e-14
 1.78974e+23	2.27e-06	3.59e-03	2.10e-01	5.80e-01	1.73e-01	3.06e-02	3.99e-03	1.96e-05	0.00e+00	2.27e-06	1.24e-14	1.49e-14
 1.80497e+23	2.71e-06	4.02e-03	2.22e-01	5.79e-01	1.64e-01	2.78e-02	3.47e-03	1.60e-05	0.00e+00	2.71e-06	1.52e-14	1.82e-14
 1.81827e+23	3.21e-06	4.48e-03	2.35e-01	5.77e-01	1.56e-01	2.53e-02	3.03e-03	1.32e-05	0.00e+00	3.21e-06	1.84e-14	2.20e-14
 1.83348e+23	3.96e-06	5.13e-03	2.51e-01	5.73e-01	1.46e-01	2.24e-02	2.55e-03	1.03e-05	0.00e+00	3.96e-06	2.35e-14	2.81e-14
 1.84896e+23	4.70e-06	5.72e-03	2.65e-01	5.69e-01	1.38e-01	2.02e-02	2.20e-03	8.31e-06	0.00e+00	4.70e-06	2.87e-14	3.42e-14
 1.86271e+23	5.58e-06	6.38e-03	2.79e-01	5.64e-01	1.30e-01	1.82e-02	1.90e-03	6.74e-06	0.00e+00	5.58e-06	3.49e-14	4.17e-14
 1.87852e+23	6.91e-06	7.32e-03	2.98e-01	5.57e-01	1.21e-01	1.60e-02	1.58e-03	5.17e-06	0.00e+00	6.91e-06	4.49e-14	5.35e-14
 1.89446e+23	8.22e-06	8.18e-03	3.14e-01	5.50e-01	1.13e-01	1.43e-02	1.35e-03	4.14e-06	0.00e+00	8.22e-06	5.49e-14	6.54e-14
 1.90846e+23	9.74e-06	9.10e-03	3.29e-01	5.42e-01	1.06e-01	1.28e-02	1.16e-03	3.33e-06	0.00e+00	9.74e-06	6.69e-14	7.97e-14
 1.92456e+23	1.20e-05	1.04e-02	3.49e-01	5.31e-01	9.76e-02	1.11e-02	9.55e-04	2.52e-06	0.00e+00	1.20e-05	8.59e-14	1.02e-13
 1.94094e+23	1.43e-05	1.16e-02	3.67e-01	5.20e-01	9.08e-02	9.85e-03	8.09e-04	1.99e-06	0.00e+00	1.43e-05	1.05e-13	1.25e-13
 1.95771e+23	1.78e-05	1.33e-02	3.88e-01	5.06e-01	8.28e-02	8.45e-03	6.57e-04	1.48e-06	0.00e+00	1.78e-05	1.36e-13	1.62e-13
 1.97467e+23	2.12e-05	1.49e-02	4.07e-01	4.94e-01	7.64e-02	7.42e-03	5.51e-04	1.16e-06	0.00e+00	2.12e-05	1.68e-13	1.99e-13
 1.99191e+23	2.63e-05	1.70e-02	4.30e-01	4.77e-01	6.92e-02	6.31e-03	4.43e-04	8.49e-07	0.00e+00	2.63e-05	2.17e-13	2.58e-13
 2.00948e+23	3.14e-05	1.90e-02	4.49e-01	4.63e-01	6.34e-02	5.48e-03	3.67e-04	6.51e-07	0.00e+00	3.14e-05	2.69e-13	3.19e-13
 2.02749e+23	3.91e-05	2.18e-02	4.73e-01	4.43e-01	5.67e-02	4.59e-03	2.91e-04	4.68e-07	0.00e+00	3.91e-05	3.51e-13	4.16e-13
 2.04581e+23	4.67e-05	2.43e-02	4.93e-01	4.27e-01	5.15e-02	3.95e-03	2.38e-04	3.53e-07	0.00e+00	4.67e-05	4.35e-13	5.16e-13
 2.06209e+23	5.54e-05	2.71e-02	5.13e-01	4.10e-01	4.67e-02	3.40e-03	1.95e-04	2.68e-07	0.00e+00	5.54e-05	5.37e-13	6.37e-13
 2.07613e+23	6.25e-05	2.91e-02	5.27e-01	3.97e-01	4.35e-02	3.05e-03	1.69e-04	2.19e-07	0.00e+00	6.25e-05	6.23e-13	7.39e-13
 2.08972e+23	7.33e-05	3.21e-02	5.44e-01	3.81e-01	3.96e-02	2.64e-03	1.40e-04	1.69e-07	0.00e+00	7.33e-05	7.58e-13	8.98e-13
 2.10353e+23	8.30e-05	3.47e-02	5.58e-01	3.68e-01	3.66e-02	2.34e-03	1.20e-04	1.36e-07	0.00e+00	8.30e-05	8.85e-13	1.05e-12
 2.11762e+23	9.74e-05	3.83e-02	5.76e-01	3.51e-01	3.31e-02	2.01e-03	9.87e-05	0.00e+00	0.00e+00	9.74e-05	1.08e-12	1.28e-12
 2.13187e+23	1.10e-04	4.12e-02	5.90e-01	3.37e-01	3.04e-02	1.77e-03	8.38e-05	0.00e+00	0.00e+00	1.10e-04	1.26e-12	1.49e-12
 2.14635e+23	1.30e-04	4.55e-02	6.07e-01	3.19e-01	2.73e-02	1.51e-03	6.81e-05	0.00e+00	0.00e+00	1.30e-04	1.54e-12	1.83e-12
 2.16092e+23	1.46e-04	4.89e-02	6.20e-01	3.05e-01	2.49e-02	1.32e-03	5.76e-05	0.00e+00	0.00e+00	1.46e-04	1.80e-12	2.13e-12
 2.17562e+23	1.71e-04	5.38e-02	6.35e-01	2.87e-01	2.23e-02	1.12e-03	4.65e-05	0.00e+00	0.00e+00	1.71e-04	2.20e-12	2.60e-12
 2.19063e+23	1.94e-04	5.79e-02	6.48e-01	2.73e-01	2.02e-02	9.72e-04	3.89e-05	0.00e+00	0.00e+00	1.94e-04	2.58e-12	3.04e-12
 2.20604e+23	2.27e-04	6.37e-02	6.63e-01	2.55e-01	1.79e-02	8.14e-04	3.10e-05	0.00e+00	0.00e+00	2.27e-04	3.16e-12	3.73e-12
 2.22179e+23	2.58e-04	6.86e-02	6.74e-01	2.40e-01	1.60e-02	6.96e-04	2.55e-05	0.00e+00	0.00e+00	2.58e-04	3.72e-12	4.40e-12
 2.23798e+23	3.04e-04	7.57e-02	6.88e-01	2.22e-01	1.40e-02	5.73e-04	2.00e-05	0.00e+00	0.00e+00	3.04e-04	4.60e-12	5.43e-12
 2.25440e+23	3.45e-04	8.15e-02	6.98e-01	2.07e-01	1.24e-02	4.86e-04	1.62e-05	0.00e+00	0.00e+00	3.45e-04	5.44e-12	6.41e-12
 2.27110e+23	4.09e-04	9.00e-02	7.09e-01	1.90e-01	1.07e-02	3.93e-04	1.25e-05	0.00e+00	0.00e+00	4.09e-04	6.77e-12	7.97e-12
 2.28800e+23	4.64e-04	9.67e-02	7.17e-01	1.76e-01	9.45e-03	3.30e-04	1.00e-05	0.00e+00	0.00e+00	4.64e-04	8.00e-12	9.41e-12
 2.30518e+23	5.46e-04	1.07e-01	7.25e-01	1.59e-01	8.11e-03	2.65e-04	7.69e-06	0.00e+00	0.00e+00	5.46e-04	9.93e-12	1.17e-11
 2.32279e+23	6.24e-04	1.15e-01	7.31e-01	1.46e-01	7.05e-03	2.19e-04	6.06e-06	0.00e+00	0.00e+00	6.24e-04	1.18e-11	1.39e-11
 2.34096e+23	7.41e-04	1.27e-01	7.36e-01	1.30e-01	5.94e-03	1.72e-04	4.52e-06	0.00e+00	0.00e+00	7.41e-04	1.48e-11	1.74e-11
 2.35923e+23	8.45e-04	1.37e-01	7.39e-01	1.18e-01	5.12e-03	1.40e-04	3.53e-06	0.00e+00	0.00e+00	8.45e-04	1.76e-11	2.07e-11
 2.37761e+23	1.01e-03	1.51e-01	7.39e-01	1.04e-01	4.26e-03	1.08e-04	2.59e-06	0.00e+00	0.00e+00	1.01e-03	2.22e-11	2.60e-11
 2.39593e+23	1.15e-03	1.63e-01	7.39e-01	9.34e-02	3.66e-03	8.79e-05	2.02e-06	0.00e+00	0.00e+00	1.15e-03	2.62e-11	3.08e-11
 2.41418e+23	1.37e-03	1.80e-01	7.34e-01	8.12e-02	3.03e-03	6.70e-05	1.47e-06	0.00e+00	0.00e+00	1.37e-03	3.31e-11	3.88e-11
 2.43254e+23	1.56e-03	1.94e-01	7.30e-01	7.21e-02	2.58e-03	5.37e-05	1.13e-06	0.00e+00	0.00e+00	1.56e-03	3.93e-11	4.61e-11
 2.45105e+23	1.87e-03	2.15e-01	7.19e-01	6.15e-02	2.11e-03	4.01e-05	8.10e-07	0.00e+00	0.00e+00	1.87e-03	4.99e-11	5.84e-11
 2.46959e+23	2.15e-03	2.32e-01	7.10e-01	5.38e-02	1.78e-03	3.16e-05	6.18e-07	0.00e+00	0.00e+00	2.15e-03	5.96e-11	6.98e-11
 2.48819e+23	2.59e-03	2.58e-01	6.93e-01	4.50e-02	1.44e-03	2.31e-05	4.35e-07	0.00e+00	0.00e+00	2.59e-03	7.62e-11	8.91e-11
 2.50681e+23	2.99e-03	2.79e-01	6.78e-01	3.87e-02	1.21e-03	1.79e-05	3.29e-07	0.00e+00	0.00e+00	2.99e-03	9.17e-11	1.07e-10
 2.52546e+23	3.65e-03	3.11e-01	6.53e-01	3.15e-02	9.66e-04	1.26e-05	2.26e-07	0.00e+00	0.00e+00	3.65e-03	1.18e-10	1.38e-10
 2.54408e+23	4.25e-03	3.37e-01	6.32e-01	2.65e-02	8.06e-04	9.55e-06	1.69e-07	0.00e+00	0.00e+00	4.25e-03	1.43e-10	1.68e-10
 2.56268e+23	5.20e-03	3.75e-01	5.99e-01	2.10e-02	6.39e-04	6.57e-06	0.00e+00	0.00e+00	0.00e+00	5.20e-03	1.86e-10	2.17e-10
 2.58145e+23	6.14e-03	4.07e-01	5.69e-01	1.70e-02	5.24e-04	4.75e-06	0.00e+00	0.00e+00	0.00e+00	6.14e-03	2.28e-10	2.67e-10
 2.60045e+23	7.61e-03	4.53e-01	5.27e-01	1.29e-02	4.09e-04	3.11e-06	0.00e+00	0.00e+00	0.00e+00	7.61e-03	3.00e-10	3.50e-10
 2.61965e+23	9.14e-03	4.92e-01	4.88e-01	1.00e-02	3.29e-04	2.13e-06	0.00e+00	0.00e+00	0.00e+00	9.14e-03	3.75e-10	4.38e-10
 2.63651e+23	1.10e-02	5.33e-01	4.48e-01	7.67e-03	2.65e-04	1.44e-06	0.00e+00	0.00e+00	0.00e+00	1.10e-02	4.70e-10	5.49e-10
 2.65325e+23	1.32e-02	5.76e-01	4.05e-01	5.77e-03	2.12e-04	9.51e-07	0.00e+00	0.00e+00	0.00e+00	1.32e-02	5.91e-10	6.89e-10
 2.66793e+23	1.54e-02	6.10e-01	3.70e-01	4.51e-03	1.76e-04	6.69e-07	0.00e+00	0.00e+00	0.00e+00	1.54e-02	7.10e-10	8.28e-10
 2.68253e+23	1.86e-02	6.51e-01	3.27e-01	3.30e-03	1.40e-04	4.29e-07	0.00e+00	0.00e+00	0.00e+00	1.86e-02	8.92e-10	1.04e-09
 2.69775e+23	2.23e-02	6.88e-01	2.87e-01	2.40e-03	1.12e-04	2.76e-07	0.00e+00	0.00e+00	0.00e+00	2.23e-02	1.11e-09	1.29e-09
 2.71137e+23	2.66e-02	7.22e-01	2.49e-01	1.74e-03	8.94e-05	1.77e-07	0.00e+00	0.00e+00	0.00e+00	2.66e-02	1.36e-09	1.59e-09
 2.72668e+23	3.33e-02	7.61e-01	2.05e-01	1.14e-03	6.62e-05	0.00e+00	0.00e+00	0.00e+00	0.00e+00	3.33e-02	1.78e-09	2.08e-09
 2.74225e+23	4.16e-02	7.92e-01	1.65e-01	7.38e-04	4.90e-05	0.00e+00	0.00e+00	0.00e+00	0.00e+00	4.16e-02	2.31e-09	2.69e-09
 2.75468e+23	5.07e-02	8.14e-01	1.35e-01	4.99e-04	3.71e-05	0.00e+00	0.00e+00	0.00e+00	0.00e+00	5.07e-02	2.89e-09	3.37e-09
 2.76524e+23	6.06e-02	8.29e-01	1.10e-01	3.47e-04	2.85e-05	0.00e+00	0.00e+00	0.00e+00	0.00e+00	6.06e-02	3.55e-09	4.12e-09
 2.77492e+23	7.27e-02	8.38e-01	8.87e-02	2.41e-04	2.16e-05	0.00e+00	0.00e+00	0.00e+00	0.00e+00	7.27e-02	4.34e-09	5.05e-09
 2.78420e+23	8.75e-02	8.42e-01	7.02e-02	1.65e-04	1.60e-05	0.00e+00	0.00e+00	0.00e+00	0.00e+00	8.75e-02	5.33e-09	6.19e-09
 2.79324e+23	1.06e-01	8.40e-01	5.42e-02	1.12e-04	1.15e-05	0.00e+00	0.00e+00	0.00e+00	0.00e+00	1.06e-01	6.57e-09	7.63e-09
 2.80154e+23	1.29e-01	8.30e-01	4.14e-02	7.63e-05	8.22e-06	0.00e+00	0.00e+00	0.00e+00	0.00e+00	1.29e-01	8.04e-09	9.32e-09
 2.80877e+23	1.53e-01	8.15e-01	3.18e-02	5.40e-05	5.90e-06	0.00e+00	0.00e+00	0.00e+00	0.00e+00	1.53e-01	9.63e-09	1.12e-08
 2.81509e+23	1.80e-01	7.95e-01	2.47e-02	3.95e-05	4.27e-06	0.00e+00	0.00e+00	0.00e+00	0.00e+00	1.80e-01	1.13e-08	1.31e-08
 2.82086e+23	2.10e-01	7.70e-01	1.91e-02	2.94e-05	3.08e-06	0.00e+00	0.00e+00	0.00e+00	0.00e+00	2.10e-01	1.31e-08	1.52e-08
 2.82621e+23	2.43e-01	7.42e-01	1.48e-02	2.23e-05	2.23e-06	0.00e+00	0.00e+00	0.00e+00	0.00e+00	2.43e-01	1.50e-08	1.73e-08
 2.83121e+23	2.79e-01	7.10e-01	1.15e-02	1.71e-05	1.60e-06	0.00e+00	0.00e+00	0.00e+00	0.00e+00	2.79e-01	1.69e-08	1.95e-08
 2.83586e+23	3.17e-01	6.75e-01	8.88e-03	1.34e-05	1.16e-06	0.00e+00	0.00e+00	0.00e+00	0.00e+00	3.17e-01	1.87e-08	2.16e-08
 2.84015e+23	3.55e-01	6.38e-01	6.93e-03	1.06e-05	8.42e-07	0.00e+00	0.00e+00	0.00e+00	0.00e+00	3.55e-01	2.04e-08	2.35e-08
 2.84398e+23	3.92e-01	6.02e-01	5.51e-03	8.65e-06	6.28e-07	0.00e+00	0.00e+00	0.00e+00	0.00e+00	3.92e-01	2.19e-08	2.52e-08
 2.84723e+23	4.25e-01	5.71e-01	4.51e-03	7.29e-06	4.87e-07	0.00e+00	0.00e+00	0.00e+00	0.00e+00	4.25e-01	2.30e-08	2.65e-08
 2.84967e+23	4.49e-01	5.47e-01	3.89e-03	6.43e-06	4.04e-07	0.00e+00	0.00e+00	0.00e+00	0.00e+00	4.49e-01	2.37e-08	2.73e-08
 2.85147e+23	4.68e-01	5.28e-01	3.47e-03	5.86e-06	3.50e-07	0.00e+00	0.00e+00	0.00e+00	0.00e+00	4.68e-01	2.42e-08	2.79e-08
 2.85331e+23	4.88e-01	5.09e-01	3.08e-03	5.31e-06	3.01e-07	0.00e+00	0.00e+00	0.00e+00	0.00e+00	4.88e-01	2.47e-08	2.84e-08
 2.85542e+23	5.10e-01	4.87e-01	2.68e-03	4.76e-06	2.53e-07	0.00e+00	0.00e+00	0.00e+00	0.00e+00	5.10e-01	2.52e-08	2.90e-08
 2.85776e+23	5.34e-01	4.64e-01	2.30e-03	4.23e-06	2.09e-07	0.00e+00	0.00e+00	0.00e+00	0.00e+00	5.34e-01	2.57e-08	2.95e-08
 2.86015e+23	5.58e-01	4.40e-01	1.97e-03	3.76e-06	1.73e-07	0.00e+00	0.00e+00	0.00e+00	0.00e+00	5.58e-01	2.60e-08	2.99e-08
 2.86243e+23	5.80e-01	4.18e-01	1.71e-03	3.38e-06	1.45e-07	0.00e+00	0.00e+00	0.00e+00	0.00e+00	5.80e-01	2.63e-08	3.01e-08
 2.86416e+23	5.95e-01	4.03e-01	1.54e-03	3.13e-06	1.28e-07	0.00e+00	0.00e+00	0.00e+00	0.00e+00	5.95e-01	2.64e-08	3.02e-08
 2.86533e+23	6.06e-01	3.93e-01	1.43e-03	2.97e-06	0.00e+00	0.00e+00	0.00e+00	0.00e+00	0.00e+00	6.06e-01	2.64e-08	3.03e-08
 2.86648e+23	6.16e-01	3.83e-01	1.33e-03	2.82e-06	0.00e+00	0.00e+00	0.00e+00	0.00e+00	0.00e+00	6.16e-01	2.65e-08	3.03e-08
 2.86785e+23	6.28e-01	3.71e-01	1.22e-03	2.66e-06	0.00e+00	0.00e+00	0.00e+00	0.00e+00	0.00e+00	6.28e-01	2.65e-08	3.04e-08
 2.86936e+23	6.40e-01	3.58e-01	1.11e-03	2.49e-06	0.00e+00	0.00e+00	0.00e+00	0.00e+00	0.00e+00	6.40e-01	2.65e-08	3.03e-08
 2.87084e+23	6.52e-01	3.47e-01	1.02e-03	2.34e-06	0.00e+00	0.00e+00	0.00e+00	0.00e+00	0.00e+00	6.52e-01	2.65e-08	3.03e-08
 2.87229e+23	6.63e-01	3.36e-01	9.32e-04	2.21e-06	0.00e+00	0.00e+00	0.00e+00	0.00e+00	0.00e+00	6.63e-01	2.64e-08	3.03e-08
 2.87378e+23	6.75e-01	3.25e-01	8.51e-04	2.08e-06	0.00e+00	0.00e+00	0.00e+00	0.00e+00	0.00e+00	6.75e-01	2.64e-08	3.02e-08
 2.87530e+23	6.85e-01	3.14e-01	7.78e-04	1.96e-06	0.00e+00	0.00e+00	0.00e+00	0.00e+00	0.00e+00	6.85e-01	2.63e-08	3.01e-08
 2.87685e+23	6.96e-01	3.03e-01	7.11e-04	1.84e-06	0.00e+00	0.00e+00	0.00e+00	0.00e+00	0.00e+00	6.96e-01	2.62e-08	3.00e-08
 2.87845e+23	7.07e-01	2.93e-01	6.48e-04	1.74e-06	0.00e+00	0.00e+00	0.00e+00	0.00e+00	0.00e+00	7.07e-01	2.61e-08	2.98e-08
 2.88010e+23	7.17e-01	2.82e-01	5.90e-04	1.64e-06	0.00e+00	0.00e+00	0.00e+00	0.00e+00	0.00e+00	7.17e-01	2.59e-08	2.96e-08
 2.88179e+23	7.27e-01	2.72e-01	5.36e-04	1.54e-06	0.00e+00	0.00e+00	0.00e+00	0.00e+00	0.00e+00	7.27e-01	2.58e-08	2.95e-08
 2.88350e+23	7.37e-01	2.63e-01	4.88e-04	1.45e-06	0.00e+00	0.00e+00	0.00e+00	0.00e+00	0.00e+00	7.37e-01	2.56e-08	2.93e-08
 2.88525e+23	7.46e-01	2.53e-01	4.43e-04	1.37e-06	0.00e+00	0.00e+00	0.00e+00	0.00e+00	0.00e+00	7.46e-01	2.55e-08	2.91e-08
 2.88708e+23	7.56e-01	2.44e-01	4.02e-04	1.29e-06	0.00e+00	0.00e+00	0.00e+00	0.00e+00	0.00e+00	7.56e-01	2.53e-08	2.88e-08
 2.88895e+23	7.65e-01	2.35e-01	3.64e-04	1.21e-06	0.00e+00	0.00e+00	0.00e+00	0.00e+00	0.00e+00	7.65e-01	2.51e-08	2.86e-08
 2.89087e+23	7.74e-01	2.26e-01	3.30e-04	1.14e-06	0.00e+00	0.00e+00	0.00e+00	0.00e+00	0.00e+00	7.74e-01	2.49e-08	2.84e-08
 2.89283e+23	7.82e-01	2.17e-01	2.99e-04	1.08e-06	0.00e+00	0.00e+00	0.00e+00	0.00e+00	0.00e+00	7.82e-01	2.47e-08	2.81e-08
 2.89487e+23	7.91e-01	2.09e-01	2.70e-04	1.02e-06	0.00e+00	0.00e+00	0.00e+00	0.00e+00	0.00e+00	7.91e-01	2.45e-08	2.79e-08
 2.89697e+23	7.99e-01	2.01e-01	2.45e-04	9.58e-07	0.00e+00	0.00e+00	0.00e+00	0.00e+00	0.00e+00	7.99e-01	2.43e-08	2.76e-08
 2.89915e+23	8.07e-01	1.93e-01	2.21e-04	9.03e-07	0.00e+00	0.00e+00	0.00e+00	0.00e+00	0.00e+00	8.07e-01	2.40e-08	2.73e-08
 2.90142e+23	8.15e-01	1.85e-01	1.99e-04	8.49e-07	0.00e+00	0.00e+00	0.00e+00	0.00e+00	0.00e+00	8.15e-01	2.38e-08	2.71e-08
 2.90372e+23	8.22e-01	1.78e-01	1.80e-04	8.00e-07	0.00e+00	0.00e+00	0.00e+00	0.00e+00	0.00e+00	8.22e-01	2.36e-08	2.68e-08
 2.90606e+23	8.29e-01	1.71e-01	1.64e-04	7.55e-07	0.00e+00	0.00e+00	0.00e+00	0.00e+00	0.00e+00	8.29e-01	2.33e-08	2.65e-08
 2.90850e+23	8.36e-01	1.64e-01	1.48e-04	7.12e-07	0.00e+00	0.00e+00	0.00e+00	0.00e+00	0.00e+00	8.36e-01	2.31e-08	2.63e-08
 2.91109e+23	8.43e-01	1.57e-01	1.34e-04	6.70e-07	0.00e+00	0.00e+00	0.00e+00	0.00e+00	0.00e+00	8.43e-01	2.29e-08	2.60e-08
 2.91376e+23	8.49e-01	1.50e-01	1.21e-04	6.31e-07	0.00e+00	0.00e+00	0.00e+00	0.00e+00	0.00e+00	8.49e-01	2.27e-08	2.57e-08
 2.91648e+23	8.55e-01	1.44e-01	1.11e-04	5.95e-07	0.00e+00	0.00e+00	0.00e+00	0.00e+00	0.00e+00	8.55e-01	2.25e-08	2.55e-08
 2.91926e+23	8.61e-01	1.39e-01	1.01e-04	5.63e-07	0.00e+00	0.00e+00	0.00e+00	0.00e+00	0.00e+00	8.61e-01	2.23e-08	2.52e-08
 2.92211e+23	8.67e-01	1.33e-01	9.25e-05	5.32e-07	0.00e+00	0.00e+00	0.00e+00	0.00e+00	0.00e+00	8.67e-01	2.20e-08	2.48e-08
 2.92507e+23	8.72e-01	1.28e-01	8.50e-05	5.03e-07	0.00e+00	0.00e+00	0.00e+00	0.00e+00	0.00e+00	8.72e-01	2.18e-08	2.45e-08
 2.92815e+23	8.77e-01	1.23e-01	7.84e-05	4.75e-07	0.00e+00	0.00e+00	0.00e+00	0.00e+00	0.00e+00	8.77e-01	2.16e-08	2.42e-08
 2.93132e+23	8.82e-01	1.18e-01	7.25e-05	4.50e-07	0.00e+00	0.00e+00	0.00e+00	0.00e+00	0.00e+00	8.82e-01	2.14e-08	2.39e-08
 2.93456e+23	8.86e-01	1.14e-01	6.75e-05	4.27e-07	0.00e+00	0.00e+00	0.00e+00	0.00e+00	0.00e+00	8.86e-01	2.13e-08	2.36e-08
 2.93793e+23	8.90e-01	1.10e-01	6.30e-05	4.05e-07	0.00e+00	0.00e+00	0.00e+00	0.00e+00	0.00e+00	8.90e-01	2.11e-08	2.33e-08
 2.94147e+23	8.94e-01	1.06e-01	5.90e-05	3.83e-07	0.00e+00	0.00e+00	0.00e+00	0.00e+00	0.00e+00	8.94e-01	2.09e-08	2.30e-08
 2.94517e+23	8.98e-01	1.02e-01	5.54e-05	3.64e-07	0.00e+00	0.00e+00	0.00e+00	0.00e+00	0.00e+00	8.98e-01	2.08e-08	2.28e-08
 2.94902e+23	9.02e-01	9.83e-02	5.23e-05	3.46e-07	0.00e+00	0.00e+00	0.00e+00	0.00e+00	0.00e+00	9.02e-01	2.07e-08	2.25e-08
 2.95304e+23	9.05e-01	9.48e-02	4.95e-05	3.28e-07	0.00e+00	0.00e+00	0.00e+00	0.00e+00	0.00e+00	9.05e-01	2.06e-08	2.23e-08
 2.95730e+23	9.09e-01	9.14e-02	4.70e-05	3.11e-07	0.00e+00	0.00e+00	0.00e+00	0.00e+00	0.00e+00	9.09e-01	2.05e-08	2.21e-08
 2.96180e+23	9.12e-01	8.81e-02	4.48e-05	2.95e-07	0.00e+00	0.00e+00	0.00e+00	0.00e+00	0.00e+00	9.12e-01	2.04e-08	2.18e-08
 2.96647e+23	9.15e-01	8.48e-02	4.28e-05	2.79e-07	0.00e+00	0.00e+00	0.00e+00	0.00e+00	0.00e+00	9.15e-01	2.03e-08	2.16e-08
 2.97108e+23	9.18e-01	8.20e-02	4.12e-05	2.66e-07	0.00e+00	0.00e+00	0.00e+00	0.00e+00	0.00e+00	9.18e-01	2.03e-08	2.15e-08
 2.97549e+23	9.20e-01	7.95e-02	3.98e-05	2.54e-07	0.00e+00	0.00e+00	0.00e+00	0.00e+00	0.00e+00	9.20e-01	2.02e-08	2.13e-08
 2.97979e+23	9.23e-01	7.72e-02	3.87e-05	2.43e-07	0.00e+00	0.00e+00	0.00e+00	0.00e+00	0.00e+00	9.23e-01	2.02e-08	2.12e-08
 2.98399e+23	9.25e-01	7.50e-02	3.77e-05	2.33e-07	0.00e+00	0.00e+00	0.00e+00	0.00e+00	0.00e+00	9.25e-01	2.02e-08	2.11e-08
 2.98809e+23	9.27e-01	7.30e-02	3.68e-05	2.23e-07	0.00e+00	0.00e+00	0.00e+00	0.00e+00	0.00e+00	9.27e-01	2.01e-08	2.09e-08
 2.99203e+23	9.29e-01	7.11e-02	3.60e-05	2.15e-07	0.00e+00	0.00e+00	0.00e+00	0.00e+00	0.00e+00	9.29e-01	2.01e-08	2.08e-08
 2.99579e+23	9.31e-01	6.93e-02	3.53e-05	2.07e-07	0.00e+00	0.00e+00	0.00e+00	0.00e+00	0.00e+00	9.31e-01	2.00e-08	2.07e-08
 2.99931e+23	9.32e-01	6.77e-02	3.48e-05	2.00e-07	0.00e+00	0.00e+00	0.00e+00	0.00e+00	0.00e+00	9.32e-01	2.00e-08	2.06e-08
 3.00273e+23	9.34e-01	6.61e-02	3.42e-05	1.94e-07	0.00e+00	0.00e+00	0.00e+00	0.00e+00	0.00e+00	9.34e-01	2.00e-08	2.05e-08
 3.00616e+23	9.35e-01	6.45e-02	3.37e-05	1.87e-07	0.00e+00	0.00e+00	0.00e+00	0.00e+00	0.00e+00	9.35e-01	2.00e-08	2.04e-08
 3.00949e+23	9.37e-01	6.30e-02	3.33e-05	1.81e-07	0.00e+00	0.00e+00	0.00e+00	0.00e+00	0.00e+00	9.37e-01	1.99e-08	2.03e-08
 3.01269e+23	9.38e-01	6.16e-02	3.29e-05	1.75e-07	0.00e+00	0.00e+00	0.00e+00	0.00e+00	0.00e+00	9.38e-01	1.99e-08	2.02e-08
 3.01578e+23	9.40e-01	6.03e-02	3.25e-05	1.70e-07	0.00e+00	0.00e+00	0.00e+00	0.00e+00	0.00e+00	9.40e-01	1.99e-08	2.01e-08
 3.01876e+23	9.41e-01	5.90e-02	3.21e-05	1.65e-07	0.00e+00	0.00e+00	0.00e+00	0.00e+00	0.00e+00	9.41e-01	1.98e-08	2.01e-08
 3.02165e+23	9.42e-01	5.77e-02	3.18e-05	1.60e-07	0.00e+00	0.00e+00	0.00e+00	0.00e+00	0.00e+00	9.42e-01	1.98e-08	2.00e-08
 3.02444e+23	9.43e-01	5.65e-02	3.15e-05	1.55e-07	0.00e+00	0.00e+00	0.00e+00	0.00e+00	0.00e+00	9.43e-01	1.98e-08	1.99e-08
 3.02713e+23	9.45e-01	5.54e-02	3.13e-05	1.51e-07	0.00e+00	0.00e+00	0.00e+00	0.00e+00	0.00e+00	9.45e-01	1.98e-08	1.98e-08
 3.02973e+23	9.46e-01	5.42e-02	3.10e-05	1.47e-07	0.00e+00	0.00e+00	0.00e+00	0.00e+00	0.00e+00	9.46e-01	1.97e-08	1.98e-08
 3.03223e+23	9.47e-01	5.31e-02	3.08e-05	1.43e-07	0.00e+00	0.00e+00	0.00e+00	0.00e+00	0.00e+00	9.47e-01	1.97e-08	1.97e-08
 3.03461e+23	9.48e-01	5.21e-02	3.06e-05	1.40e-07	0.00e+00	0.00e+00	0.00e+00	0.00e+00	0.00e+00	9.48e-01	1.97e-08	1.96e-08
 3.03694e+23	9.49e-01	5.11e-02	3.04e-05	1.36e-07	0.00e+00	0.00e+00	0.00e+00	0.00e+00	0.00e+00	9.49e-01	1.96e-08	1.95e-08
 3.03920e+23	9.50e-01	5.01e-02	3.02e-05	1.33e-07	0.00e+00	0.00e+00	0.00e+00	0.00e+00	0.00e+00	9.50e-01	1.96e-08	1.95e-08
 3.04126e+23	9.51e-01	4.93e-02	3.00e-05	1.30e-07	0.00e+00	0.00e+00	0.00e+00	0.00e+00	0.00e+00	9.51e-01	1.96e-08	1.94e-08
 3.04313e+23	9.51e-01	4.85e-02	2.99e-05	1.27e-07	0.00e+00	0.00e+00	0.00e+00	0.00e+00	0.00e+00	9.51e-01	1.95e-08	1.93e-08
 3.04484e+23	9.52e-01	4.78e-02	2.97e-05	1.25e-07	0.00e+00	0.00e+00	0.00e+00	0.00e+00	0.00e+00	9.52e-01	1.95e-08	1.93e-08
 3.04639e+23	9.53e-01	4.71e-02	2.96e-05	0.00e+00	0.00e+00	0.00e+00	0.00e+00	0.00e+00	0.00e+00	9.53e-01	1.95e-08	1.92e-08
 3.04780e+23	9.53e-01	4.66e-02	2.95e-05	0.00e+00	0.00e+00	0.00e+00	0.00e+00	0.00e+00	0.00e+00	9.53e-01	1.94e-08	1.91e-08
 3.04908e+23	9.54e-01	4.60e-02	2.94e-05	0.00e+00	0.00e+00	0.00e+00	0.00e+00	0.00e+00	0.00e+00	9.54e-01	1.94e-08	1.91e-08
 3.05025e+23	9.54e-01	4.56e-02	2.93e-05	0.00e+00	0.00e+00	0.00e+00	0.00e+00	0.00e+00	0.00e+00	9.54e-01	1.94e-08	1.91e-08
 3.05153e+23	9.55e-01	4.50e-02	2.92e-05	0.00e+00	0.00e+00	0.00e+00	0.00e+00	0.00e+00	0.00e+00	9.55e-01	1.93e-08	1.90e-08
 3.05292e+23	9.56e-01	4.43e-02	2.90e-05	0.00e+00	0.00e+00	0.00e+00	0.00e+00	0.00e+00	0.00e+00	9.56e-01	1.92e-08	1.89e-08
 3.05417e+23	9.56e-01	4.38e-02	2.89e-05	0.00e+00	0.00e+00	0.00e+00	0.00e+00	0.00e+00	0.00e+00	9.56e-01	1.91e-08	1.89e-08
 3.05555e+23	9.57e-01	4.31e-02	2.88e-05	0.00e+00	0.00e+00	0.00e+00	0.00e+00	0.00e+00	0.00e+00	9.57e-01	1.90e-08	1.88e-08
 3.05704e+23	9.58e-01	4.24e-02	2.86e-05	0.00e+00	0.00e+00	0.00e+00	0.00e+00	0.00e+00	0.00e+00	9.58e-01	1.89e-08	1.88e-08
 3.05840e+23	9.58e-01	4.18e-02	2.85e-05	0.00e+00	0.00e+00	0.00e+00	0.00e+00	0.00e+00	0.00e+00	9.58e-01	1.89e-08	1.87e-08
 3.05963e+23	9.59e-01	4.13e-02	2.84e-05	0.00e+00	0.00e+00	0.00e+00	0.00e+00	0.00e+00	0.00e+00	9.59e-01	1.88e-08	1.86e-08
 3.06075e+23	9.59e-01	4.09e-02	2.82e-05	0.00e+00	0.00e+00	0.00e+00	0.00e+00	0.00e+00	0.00e+00	9.59e-01	1.87e-08	1.86e-08
 3.06198e+23	9.60e-01	4.04e-02	2.81e-05	0.00e+00	0.00e+00	0.00e+00	0.00e+00	0.00e+00	0.00e+00	9.60e-01	1.86e-08	1.86e-08
 3.06331e+23	9.60e-01	3.99e-02	2.79e-05	0.00e+00	0.00e+00	0.00e+00	0.00e+00	0.00e+00	0.00e+00	9.60e-01	1.86e-08	1.85e-08
 3.06476e+23	9.61e-01	3.92e-02	2.77e-05	0.00e+00	0.00e+00	0.00e+00	0.00e+00	0.00e+00	0.00e+00	9.61e-01	1.85e-08	1.85e-08
 3.06633e+23	9.61e-01	3.86e-02	2.75e-05	0.00e+00	0.00e+00	0.00e+00	0.00e+00	0.00e+00	0.00e+00	9.61e-01	1.85e-08	1.85e-08
 3.06776e+23	9.62e-01	3.81e-02	2.73e-05	0.00e+00	0.00e+00	0.00e+00	0.00e+00	0.00e+00	0.00e+00	9.62e-01	1.84e-08	1.84e-08
 3.06906e+23	9.62e-01	3.78e-02	2.72e-05	0.00e+00	0.00e+00	0.00e+00	0.00e+00	0.00e+00	0.00e+00	9.62e-01	1.84e-08	1.84e-08
 3.07049e+23	9.63e-01	3.71e-02	2.69e-05	0.00e+00	0.00e+00	0.00e+00	0.00e+00	0.00e+00	0.00e+00	9.63e-01	1.84e-08	1.84e-08
 3.07234e+23	9.64e-01	3.64e-02	2.67e-05	0.00e+00	0.00e+00	0.00e+00	0.00e+00	0.00e+00	0.00e+00	9.64e-01	1.83e-08	1.83e-08
 3.07434e+23	9.64e-01	3.56e-02	2.64e-05	0.00e+00	0.00e+00	0.00e+00	0.00e+00	0.00e+00	0.00e+00	9.64e-01	1.83e-08	1.83e-08
 3.07616e+23	9.65e-01	3.50e-02	2.61e-05	0.00e+00	0.00e+00	0.00e+00	0.00e+00	0.00e+00	0.00e+00	9.65e-01	1.82e-08	1.82e-08
 3.07782e+23	9.65e-01	3.45e-02	2.59e-05	0.00e+00	0.00e+00	0.00e+00	0.00e+00	0.00e+00	0.00e+00	9.65e-01	1.82e-08	1.82e-08
 3.07932e+23	9.66e-01	3.40e-02	2.57e-05	0.00e+00	0.00e+00	0.00e+00	0.00e+00	0.00e+00	0.00e+00	9.66e-01	1.81e-08	1.82e-08
 3.08069e+23	9.66e-01	3.36e-02	2.55e-05	0.00e+00	0.00e+00	0.00e+00	0.00e+00	0.00e+00	0.00e+00	9.66e-01	1.81e-08	1.81e-08
 3.08220e+23	9.67e-01	3.31e-02	2.53e-05	0.00e+00	0.00e+00	0.00e+00	0.00e+00	0.00e+00	0.00e+00	9.67e-01	1.81e-08	1.81e-08
 3.08382e+23	9.68e-01	3.24e-02	2.50e-05	0.00e+00	0.00e+00	0.00e+00	0.00e+00	0.00e+00	0.00e+00	9.68e-01	1.80e-08	1.80e-08
 3.08513e+23	9.68e-01	3.19e-02	2.47e-05	0.00e+00	0.00e+00	0.00e+00	0.00e+00	0.00e+00	0.00e+00	9.68e-01	1.79e-08	1.80e-08
