#depth	Ne	Ne+	Ne+2	Ne+3	Ne+4	Ne+5	Ne+6	Ne+7	Ne+8	Ne+9	Ne+10
 4.62852e+21	1.66e-20	2.47e-15	1.83e-11	1.61e-08	3.87e-06	2.05e-04	2.80e-03	1.76e-02	4.03e-01	4.47e-01	1.30e-01
 1.02475e+22	1.97e-19	2.39e-14	1.41e-10	9.51e-08	1.78e-05	7.26e-04	7.33e-03	3.23e-02	5.03e-01	3.81e-01	7.57e-02
 1.17332e+22	6.13e-19	6.79e-14	3.61e-10	2.17e-07	3.63e-05	1.30e-03	1.14e-02	4.23e-02	5.46e-01	3.42e-01	5.64e-02
 1.24761e+22	1.05e-18	1.12e-13	5.70e-10	3.23e-07	5.12e-05	1.74e-03	1.41e-02	4.83e-02	5.66e-01	3.22e-01	4.82e-02
 1.28119e+22	1.27e-18	1.34e-13	6.69e-10	3.71e-07	5.79e-05	1.92e-03	1.52e-02	5.06e-02	5.72e-01	3.14e-01	4.55e-02
 1.30148e+22	1.61e-18	1.67e-13	8.20e-10	4.44e-07	6.77e-05	2.19e-03	1.68e-02	5.37e-02	5.80e-01	3.05e-01	4.21e-02
 1.32337e+22	1.99e-18	2.04e-13	9.85e-10	5.22e-07	7.80e-05	2.46e-03	1.83e-02	5.66e-02	5.88e-01	2.96e-01	3.92e-02
 1.34275e+22	2.37e-18	2.41e-13	1.15e-09	5.99e-07	8.79e-05	2.72e-03	1.98e-02	5.92e-02	5.93e-01	2.88e-01	3.69e-02
 1.36335e+22	2.95e-18	2.97e-13	1.40e-09	7.14e-07	1.03e-04	3.10e-03	2.18e-02	6.29e-02	6.00e-01	2.78e-01	3.39e-02
 1.38403e+22	3.51e-18	3.51e-13	1.63e-09	8.17e-07	1.16e-04	3.42e-03	2.35e-02	6.58e-02	6.05e-01	2.70e-01	3.18e-02
 1.40481e+22	4.32e-18	4.29e-13	1.98e-09	9.70e-07	1.35e-04	3.90e-03	2.59e-02	6.98e-02	6.11e-01	2.60e-01	2.91e-02
 1.42591e+22	5.13e-18	5.06e-13	2.30e-09	1.11e-06	1.52e-04	4.31e-03	2.79e-02	7.29e-02	6.16e-01	2.52e-01	2.72e-02
 1.44744e+22	6.27e-18	6.17e-13	2.79e-09	1.32e-06	1.77e-04	4.92e-03	3.08e-02	7.75e-02	6.21e-01	2.41e-01	2.47e-02
 1.46935e+22	7.34e-18	7.21e-13	3.24e-09	1.51e-06	2.01e-04	5.46e-03	3.33e-02	8.12e-02	6.24e-01	2.33e-01	2.29e-02
 1.49177e+22	8.90e-18	8.76e-13	3.91e-09	1.80e-06	2.35e-04	6.24e-03	3.68e-02	8.63e-02	6.28e-01	2.22e-01	2.07e-02
 1.51475e+22	1.03e-17	1.02e-12	4.55e-09	2.06e-06	2.66e-04	6.94e-03	3.99e-02	9.05e-02	6.31e-01	2.13e-01	1.90e-02
 1.53847e+22	1.24e-17	1.23e-12	5.50e-09	2.46e-06	3.12e-04	7.97e-03	4.42e-02	9.63e-02	6.33e-01	2.01e-01	1.70e-02
 1.56245e+22	1.42e-17	1.43e-12	6.36e-09	2.81e-06	3.54e-04	8.86e-03	4.78e-02	1.01e-01	6.34e-01	1.93e-01	1.55e-02
 1.58628e+22	1.65e-17	1.69e-12	7.57e-09	3.32e-06	4.13e-04	1.01e-02	5.28e-02	1.07e-01	6.34e-01	1.82e-01	1.38e-02
 1.61031e+22	1.85e-17	1.92e-12	8.69e-09	3.78e-06	4.66e-04	1.12e-02	5.70e-02	1.12e-01	6.33e-01	1.73e-01	1.25e-02
 1.63373e+22	2.09e-17	2.22e-12	1.02e-08	4.40e-06	5.37e-04	1.27e-02	6.23e-02	1.19e-01	6.32e-01	1.63e-01	1.12e-02
 1.65685e+22	2.31e-17	2.50e-12	1.15e-08	4.97e-06	6.03e-04	1.40e-02	6.70e-02	1.24e-01	6.30e-01	1.55e-01	1.01e-02
 1.67720e+22	2.51e-17	2.78e-12	1.30e-08	5.57e-06	6.71e-04	1.53e-02	7.16e-02	1.29e-01	6.27e-01	1.48e-01	9.23e-03
 1.69921e+22	2.75e-17	3.13e-12	1.49e-08	6.38e-06	7.64e-04	1.71e-02	7.75e-02	1.35e-01	6.23e-01	1.39e-01	8.22e-03
 1.72093e+22	2.95e-17	3.45e-12	1.66e-08	7.11e-06	8.46e-04	1.86e-02	8.23e-02	1.40e-01	6.19e-01	1.32e-01	7.50e-03
 1.74290e+22	3.20e-17	3.87e-12	1.90e-08	8.15e-06	9.63e-04	2.08e-02	8.88e-02	1.47e-01	6.12e-01	1.24e-01	6.65e-03
 1.76485e+22	3.42e-17	4.24e-12	2.12e-08	9.06e-06	1.06e-03	2.26e-02	9.40e-02	1.52e-01	6.07e-01	1.18e-01	6.06e-03
 1.78685e+22	3.67e-17	4.74e-12	2.42e-08	1.04e-05	1.21e-03	2.51e-02	1.01e-01	1.58e-01	5.99e-01	1.10e-01	5.35e-03
 1.80888e+22	3.89e-17	5.18e-12	2.69e-08	1.15e-05	1.33e-03	2.71e-02	1.07e-01	1.63e-01	5.93e-01	1.04e-01	4.87e-03
 1.83093e+22	4.16e-17	5.78e-12	3.08e-08	1.32e-05	1.51e-03	3.00e-02	1.14e-01	1.70e-01	5.84e-01	9.69e-02	4.30e-03
 1.85308e+22	4.41e-17	6.32e-12	3.43e-08	1.47e-05	1.67e-03	3.25e-02	1.20e-01	1.75e-01	5.76e-01	9.17e-02	3.90e-03
 1.87534e+22	4.71e-17	7.06e-12	3.94e-08	1.69e-05	1.89e-03	3.58e-02	1.28e-01	1.81e-01	5.65e-01	8.52e-02	3.43e-03
 1.89776e+22	5.01e-17	7.75e-12	4.40e-08	1.89e-05	2.09e-03	3.87e-02	1.34e-01	1.86e-01	5.56e-01	8.04e-02	3.10e-03
 1.92038e+22	5.37e-17	8.72e-12	5.08e-08	2.18e-05	2.37e-03	4.26e-02	1.42e-01	1.92e-01	5.44e-01	7.44e-02	2.72e-03
 1.94330e+22	5.73e-17	9.61e-12	5.72e-08	2.45e-05	2.62e-03	4.60e-02	1.49e-01	1.96e-01	5.34e-01	6.99e-02	2.45e-03
 1.96660e+22	6.17e-17	1.09e-11	6.65e-08	2.84e-05	2.98e-03	5.07e-02	1.58e-01	2.02e-01	5.20e-01	6.44e-02	2.13e-03
 1.99024e+22	6.65e-17	1.21e-11	7.55e-08	3.21e-05	3.31e-03	5.47e-02	1.65e-01	2.06e-01	5.09e-01	6.03e-02	1.91e-03
 2.01434e+22	7.23e-17	1.39e-11	8.87e-08	3.75e-05	3.78e-03	6.03e-02	1.74e-01	2.12e-01	4.93e-01	5.52e-02	1.65e-03
 2.03894e+22	7.91e-17	1.57e-11	1.02e-07	4.27e-05	4.21e-03	6.51e-02	1.82e-01	2.16e-01	4.81e-01	5.14e-02	1.48e-03
 2.06420e+22	8.75e-17	1.83e-11	1.21e-07	5.05e-05	4.83e-03	7.18e-02	1.91e-01	2.20e-01	4.64e-01	4.67e-02	1.26e-03
 2.08971e+22	9.68e-17	2.08e-11	1.40e-07	5.78e-05	5.38e-03	7.74e-02	1.99e-01	2.24e-01	4.50e-01	4.34e-02	1.12e-03
 2.11139e+22	1.06e-16	2.35e-11	1.61e-07	6.54e-05	5.95e-03	8.29e-02	2.06e-01	2.26e-01	4.37e-01	4.04e-02	1.00e-03
 2.13539e+22	1.19e-16	2.76e-11	1.92e-07	7.70e-05	6.77e-03	9.05e-02	2.15e-01	2.30e-01	4.20e-01	3.68e-02	8.63e-04
 2.15844e+22	1.31e-16	3.11e-11	2.17e-07	8.63e-05	7.40e-03	9.61e-02	2.21e-01	2.31e-01	4.08e-01	3.44e-02	7.78e-04
 2.18025e+22	1.48e-16	3.62e-11	2.56e-07	1.00e-04	8.31e-03	1.04e-01	2.29e-01	2.33e-01	3.93e-01	3.15e-02	6.78e-04
 2.20235e+22	1.64e-16	4.11e-11	2.93e-07	1.13e-04	9.09e-03	1.10e-01	2.36e-01	2.35e-01	3.80e-01	2.93e-02	6.08e-04
 2.22482e+22	1.87e-16	4.84e-11	3.48e-07	1.31e-04	1.02e-02	1.19e-01	2.44e-01	2.36e-01	3.64e-01	2.67e-02	5.26e-04
 2.24742e+22	2.11e-16	5.54e-11	3.98e-07	1.48e-04	1.12e-02	1.26e-01	2.50e-01	2.36e-01	3.51e-01	2.48e-02	4.71e-04
 2.27020e+22	2.44e-16	6.59e-11	4.76e-07	1.73e-04	1.26e-02	1.36e-01	2.57e-01	2.36e-01	3.35e-01	2.25e-02	4.05e-04
 2.29325e+22	2.79e-16	7.62e-11	5.49e-07	1.95e-04	1.38e-02	1.44e-01	2.63e-01	2.36e-01	3.22e-01	2.08e-02	3.61e-04
 2.31668e+22	3.29e-16	9.17e-11	6.60e-07	2.28e-04	1.55e-02	1.54e-01	2.70e-01	2.35e-01	3.06e-01	1.87e-02	3.09e-04
 2.34045e+22	3.81e-16	1.07e-10	7.65e-07	2.58e-04	1.69e-02	1.63e-01	2.75e-01	2.34e-01	2.93e-01	1.72e-02	2.73e-04
 2.36469e+22	4.58e-16	1.31e-10	9.28e-07	3.04e-04	1.90e-02	1.75e-01	2.82e-01	2.32e-01	2.76e-01	1.54e-02	2.32e-04
 2.38935e+22	5.39e-16	1.54e-10	1.08e-06	3.45e-04	2.09e-02	1.85e-01	2.87e-01	2.30e-01	2.63e-01	1.41e-02	2.03e-04
 2.41456e+22	6.63e-16	1.91e-10	1.33e-06	4.07e-04	2.35e-02	1.99e-01	2.92e-01	2.26e-01	2.46e-01	1.25e-02	1.71e-04
 2.44031e+22	7.93e-16	2.28e-10	1.56e-06	4.64e-04	2.58e-02	2.09e-01	2.96e-01	2.23e-01	2.33e-01	1.13e-02	1.48e-04
 2.46676e+22	1.00e-15	2.87e-10	1.92e-06	5.51e-04	2.90e-02	2.24e-01	3.01e-01	2.19e-01	2.17e-01	9.94e-03	1.23e-04
 2.49346e+22	1.21e-15	3.44e-10	2.27e-06	6.27e-04	3.18e-02	2.36e-01	3.04e-01	2.15e-01	2.04e-01	8.98e-03	1.06e-04
 2.52050e+22	1.56e-15	4.38e-10	2.81e-06	7.45e-04	3.58e-02	2.52e-01	3.07e-01	2.09e-01	1.88e-01	7.81e-03	8.74e-05
 2.54775e+22	1.91e-15	5.29e-10	3.31e-06	8.48e-04	3.90e-02	2.64e-01	3.09e-01	2.04e-01	1.77e-01	7.01e-03	7.52e-05
 2.57529e+22	2.50e-15	6.78e-10	4.12e-06	1.00e-03	4.38e-02	2.80e-01	3.10e-01	1.97e-01	1.62e-01	6.06e-03	6.13e-05
 2.60214e+22	3.04e-15	8.10e-10	4.79e-06	1.13e-03	4.73e-02	2.92e-01	3.11e-01	1.92e-01	1.52e-01	5.47e-03	5.32e-05
 2.62809e+22	3.95e-15	1.03e-09	5.88e-06	1.32e-03	5.25e-02	3.07e-01	3.11e-01	1.85e-01	1.39e-01	4.73e-03	4.36e-05
 2.65268e+22	4.73e-15	1.20e-09	6.73e-06	1.46e-03	5.62e-02	3.17e-01	3.10e-01	1.80e-01	1.31e-01	4.30e-03	3.81e-05
 2.67551e+22	5.93e-15	1.47e-09	7.95e-06	1.66e-03	6.10e-02	3.30e-01	3.09e-01	1.73e-01	1.21e-01	3.80e-03	3.23e-05
 2.69945e+22	7.27e-15	1.76e-09	9.22e-06	1.86e-03	6.56e-02	3.42e-01	3.07e-01	1.67e-01	1.13e-01	3.40e-03	2.78e-05
 2.72134e+22	8.88e-15	2.09e-09	1.07e-05	2.07e-03	7.03e-02	3.52e-01	3.05e-01	1.62e-01	1.05e-01	3.05e-03	2.39e-05
 2.74631e+22	1.15e-14	2.61e-09	1.28e-05	2.37e-03	7.66e-02	3.66e-01	3.02e-01	1.54e-01	9.61e-02	2.65e-03	1.97e-05
 2.77172e+22	1.42e-14	3.13e-09	1.48e-05	2.65e-03	8.21e-02	3.77e-01	2.99e-01	1.48e-01	8.90e-02	2.35e-03	1.68e-05
 2.79771e+22	1.85e-14	3.93e-09	1.79e-05	3.03e-03	8.94e-02	3.90e-01	2.94e-01	1.40e-01	8.06e-02	2.02e-03	1.37e-05
 2.82420e+22	2.32e-14	4.74e-09	2.08e-05	3.39e-03	9.57e-02	4.01e-01	2.90e-01	1.34e-01	7.42e-02	1.78e-03	1.16e-05
 2.85133e+22	3.07e-14	6.01e-09	2.51e-05	3.89e-03	1.04e-01	4.14e-01	2.84e-01	1.26e-01	6.66e-02	1.52e-03	9.37e-06
 2.87900e+22	3.87e-14	7.30e-09	2.94e-05	4.35e-03	1.11e-01	4.24e-01	2.78e-01	1.20e-01	6.08e-02	1.32e-03	7.82e-06
 2.90365e+22	4.86e-14	8.82e-09	3.42e-05	4.84e-03	1.19e-01	4.33e-01	2.73e-01	1.14e-01	5.56e-02	1.16e-03	6.55e-06
 2.93196e+22	6.50e-14	1.12e-08	4.13e-05	5.54e-03	1.28e-01	4.45e-01	2.65e-01	1.06e-01	4.94e-02	9.75e-04	5.22e-06
 2.96067e+22	8.24e-14	1.37e-08	4.82e-05	6.18e-03	1.37e-01	4.53e-01	2.58e-01	9.98e-02	4.48e-02	8.44e-04	4.32e-06
 2.98608e+22	1.04e-13	1.65e-08	5.59e-05	6.86e-03	1.45e-01	4.61e-01	2.52e-01	9.40e-02	4.06e-02	7.33e-04	3.59e-06
 3.01527e+22	1.40e-13	2.10e-08	6.75e-05	7.83e-03	1.57e-01	4.70e-01	2.43e-01	8.69e-02	3.58e-02	6.10e-04	2.82e-06
 3.04497e+22	1.78e-13	2.57e-08	7.88e-05	8.71e-03	1.66e-01	4.76e-01	2.35e-01	8.12e-02	3.22e-02	5.24e-04	2.31e-06
 3.07533e+22	2.41e-13	3.28e-08	9.53e-05	9.92e-03	1.79e-01	4.83e-01	2.25e-01	7.45e-02	2.82e-02	4.32e-04	1.80e-06
 3.10612e+22	3.09e-13	4.01e-08	1.11e-04	1.10e-02	1.89e-01	4.88e-01	2.17e-01	6.92e-02	2.52e-02	3.68e-04	1.46e-06
 3.13747e+22	4.18e-13	5.12e-08	1.34e-04	1.25e-02	2.02e-01	4.93e-01	2.07e-01	6.31e-02	2.19e-02	3.01e-04	1.13e-06
 3.16961e+22	5.47e-13	6.36e-08	1.58e-04	1.40e-02	2.15e-01	4.96e-01	1.97e-01	5.80e-02	1.93e-02	2.52e-04	8.95e-07
 3.19743e+22	6.90e-13	7.67e-08	1.82e-04	1.54e-02	2.25e-01	4.98e-01	1.90e-01	5.38e-02	1.72e-02	2.15e-04	7.30e-07
 3.22823e+22	9.32e-13	9.75e-08	2.19e-04	1.74e-02	2.40e-01	5.00e-01	1.79e-01	4.87e-02	1.49e-02	1.75e-04	5.60e-07
 3.26072e+22	1.20e-12	1.19e-07	2.55e-04	1.92e-02	2.52e-01	5.00e-01	1.71e-01	4.46e-02	1.31e-02	1.47e-04	4.47e-07
 3.29542e+22	1.67e-12	1.55e-07	3.10e-04	2.19e-02	2.68e-01	4.99e-01	1.60e-01	3.97e-02	1.11e-02	1.16e-04	3.31e-07
 3.32701e+22	2.08e-12	1.85e-07	3.53e-04	2.38e-02	2.80e-01	4.97e-01	1.52e-01	3.67e-02	9.89e-03	9.92e-05	2.71e-07
 3.35084e+22	2.51e-12	2.15e-07	3.95e-04	2.56e-02	2.89e-01	4.95e-01	1.46e-01	3.42e-02	8.95e-03	8.63e-05	2.27e-07
 3.37811e+22	3.23e-12	2.62e-07	4.59e-04	2.82e-02	3.02e-01	4.92e-01	1.38e-01	3.12e-02	7.83e-03	7.17e-05	1.79e-07
 3.40690e+22	4.03e-12	3.13e-07	5.22e-04	3.06e-02	3.14e-01	4.88e-01	1.31e-01	2.86e-02	6.95e-03	6.09e-05	1.45e-07
 3.43766e+22	5.37e-12	3.92e-07	6.17e-04	3.41e-02	3.29e-01	4.83e-01	1.22e-01	2.56e-02	5.94e-03	4.90e-05	0.00e+00
 3.46859e+22	6.73e-12	4.69e-07	7.04e-04	3.70e-02	3.41e-01	4.77e-01	1.15e-01	2.34e-02	5.23e-03	4.12e-05	0.00e+00
 3.49976e+22	8.86e-12	5.82e-07	8.25e-04	4.09e-02	3.55e-01	4.70e-01	1.07e-01	2.09e-02	4.48e-03	3.33e-05	0.00e+00
 3.53138e+22	1.12e-11	6.99e-07	9.45e-04	4.45e-02	3.68e-01	4.63e-01	1.01e-01	1.89e-02	3.91e-03	2.77e-05	0.00e+00
 3.55892e+22	1.39e-11	8.30e-07	1.07e-03	4.80e-02	3.79e-01	4.56e-01	9.49e-02	1.73e-02	3.45e-03	2.33e-05	0.00e+00
 3.59002e+22	1.84e-11	1.03e-06	1.25e-03	5.29e-02	3.93e-01	4.47e-01	8.77e-02	1.53e-02	2.93e-03	1.87e-05	0.00e+00
 3.62196e+22	2.30e-11	1.23e-06	1.42e-03	5.71e-02	4.05e-01	4.38e-01	8.21e-02	1.39e-02	2.56e-03	1.56e-05	0.00e+00
 3.65499e+22	3.08e-11	1.54e-06	1.68e-03	6.30e-02	4.19e-01	4.26e-01	7.51e-02	1.22e-02	2.14e-03	1.22e-05	0.00e+00
 3.68820e+22	3.87e-11	1.84e-06	1.90e-03	6.80e-02	4.31e-01	4.17e-01	6.99e-02	1.10e-02	1.86e-03	1.01e-05	0.00e+00
 3.72163e+22	5.12e-11	2.29e-06	2.23e-03	7.46e-02	4.44e-01	4.04e-01	6.38e-02	9.62e-03	1.56e-03	7.96e-06	0.00e+00
 3.75627e+22	6.58e-11	2.77e-06	2.56e-03	8.09e-02	4.56e-01	3.92e-01	5.87e-02	8.54e-03	1.33e-03	6.42e-06	0.00e+00
 3.78719e+22	8.29e-11	3.32e-06	2.91e-03	8.72e-02	4.66e-01	3.81e-01	5.42e-02	7.64e-03	1.14e-03	5.25e-06	0.00e+00
 3.82212e+22	1.11e-10	4.15e-06	3.40e-03	9.55e-02	4.78e-01	3.67e-01	4.89e-02	6.63e-03	9.46e-04	4.07e-06	0.00e+00
 3.85796e+22	1.42e-10	5.03e-06	3.90e-03	1.03e-01	4.88e-01	3.54e-01	4.46e-02	5.84e-03	8.00e-04	3.25e-06	0.00e+00
 3.88961e+22	1.80e-10	6.02e-06	4.43e-03	1.11e-01	4.97e-01	3.41e-01	4.09e-02	5.19e-03	6.83e-04	2.63e-06	0.00e+00
 3.92535e+22	2.40e-10	7.51e-06	5.18e-03	1.21e-01	5.06e-01	3.26e-01	3.66e-02	4.47e-03	5.60e-04	2.02e-06	0.00e+00
 3.96215e+22	3.09e-10	9.12e-06	5.93e-03	1.30e-01	5.14e-01	3.12e-01	3.31e-02	3.91e-03	4.69e-04	1.59e-06	0.00e+00
 3.99480e+22	3.91e-10	1.09e-05	6.72e-03	1.39e-01	5.21e-01	2.99e-01	3.01e-02	3.44e-03	3.97e-04	1.28e-06	0.00e+00
 4.03173e+22	5.28e-10	1.37e-05	7.86e-03	1.52e-01	5.28e-01	2.83e-01	2.66e-02	2.93e-03	3.20e-04	9.61e-07	0.00e+00
 4.06953e+22	6.77e-10	1.65e-05	8.96e-03	1.62e-01	5.33e-01	2.69e-01	2.39e-02	2.55e-03	2.67e-04	7.54e-07	0.00e+00
 4.10848e+22	9.22e-10	2.09e-05	1.05e-02	1.77e-01	5.38e-01	2.52e-01	2.08e-02	2.14e-03	2.12e-04	5.56e-07	0.00e+00
 4.14795e+22	1.19e-09	2.54e-05	1.20e-02	1.89e-01	5.40e-01	2.38e-01	1.85e-02	1.85e-03	1.74e-04	4.30e-07	0.00e+00
 4.18813e+22	1.62e-09	3.19e-05	1.41e-02	2.04e-01	5.42e-01	2.22e-01	1.60e-02	1.54e-03	1.38e-04	3.16e-07	0.00e+00
 4.22935e+22	2.12e-09	3.91e-05	1.61e-02	2.19e-01	5.42e-01	2.08e-01	1.41e-02	1.31e-03	1.11e-04	2.39e-07	0.00e+00
 4.26587e+22	2.72e-09	4.72e-05	1.83e-02	2.32e-01	5.41e-01	1.94e-01	1.24e-02	1.13e-03	9.10e-05	1.83e-07	0.00e+00
 4.30726e+22	3.72e-09	5.96e-05	2.14e-02	2.50e-01	5.38e-01	1.79e-01	1.06e-02	9.29e-04	7.05e-05	1.31e-07	0.00e+00
 4.34988e+22	4.84e-09	7.26e-05	2.44e-02	2.66e-01	5.34e-01	1.66e-01	9.21e-03	7.85e-04	5.65e-05	0.00e+00	0.00e+00
 4.38783e+22	6.24e-09	8.77e-05	2.77e-02	2.81e-01	5.29e-01	1.54e-01	8.02e-03	6.66e-04	4.55e-05	0.00e+00	0.00e+00
 4.43089e+22	8.55e-09	1.11e-04	3.22e-02	3.01e-01	5.20e-01	1.39e-01	6.73e-03	5.41e-04	3.46e-05	0.00e+00	0.00e+00
 4.47452e+22	1.11e-08	1.34e-04	3.66e-02	3.17e-01	5.12e-01	1.28e-01	5.80e-03	4.54e-04	2.75e-05	0.00e+00	0.00e+00
 4.51150e+22	1.40e-08	1.59e-04	4.09e-02	3.32e-01	5.03e-01	1.18e-01	5.06e-03	3.88e-04	2.23e-05	0.00e+00	0.00e+00
 4.54574e+22	1.73e-08	1.86e-04	4.52e-02	3.46e-01	4.94e-01	1.10e-01	4.45e-03	3.34e-04	1.83e-05	0.00e+00	0.00e+00
 4.58384e+22	2.25e-08	2.26e-04	5.12e-02	3.63e-01	4.82e-01	9.97e-02	3.78e-03	2.77e-04	1.43e-05	0.00e+00	0.00e+00
 4.62245e+22	2.82e-08	2.66e-04	5.69e-02	3.77e-01	4.71e-01	9.14e-02	3.27e-03	2.35e-04	1.15e-05	0.00e+00	0.00e+00
 4.65613e+22	3.47e-08	3.10e-04	6.26e-02	3.90e-01	4.59e-01	8.43e-02	2.86e-03	2.01e-04	9.41e-06	0.00e+00	0.00e+00
 4.69430e+22	4.48e-08	3.73e-04	7.05e-02	4.06e-01	4.44e-01	7.58e-02	2.41e-03	1.66e-04	7.29e-06	0.00e+00	0.00e+00
 4.73360e+22	5.60e-08	4.39e-04	7.80e-02	4.20e-01	4.30e-01	6.89e-02	2.06e-03	1.39e-04	5.80e-06	0.00e+00	0.00e+00
 4.76868e+22	6.90e-08	5.10e-04	8.57e-02	4.33e-01	4.17e-01	6.28e-02	1.78e-03	1.18e-04	4.67e-06	0.00e+00	0.00e+00
 4.80859e+22	9.01e-08	6.18e-04	9.65e-02	4.48e-01	3.98e-01	5.56e-02	1.47e-03	9.54e-05	3.53e-06	0.00e+00	0.00e+00
 4.84916e+22	1.12e-07	7.22e-04	1.06e-01	4.59e-01	3.82e-01	5.01e-02	1.25e-03	7.97e-05	2.79e-06	0.00e+00	0.00e+00
 4.88271e+22	1.35e-07	8.24e-04	1.15e-01	4.69e-01	3.69e-01	4.57e-02	1.09e-03	6.82e-05	2.27e-06	0.00e+00	0.00e+00
 4.91844e+22	1.69e-07	9.68e-04	1.27e-01	4.79e-01	3.51e-01	4.07e-02	9.15e-04	5.62e-05	1.76e-06	0.00e+00	0.00e+00
 4.95473e+22	2.04e-07	1.11e-03	1.37e-01	4.87e-01	3.37e-01	3.68e-02	7.88e-04	4.76e-05	1.42e-06	0.00e+00	0.00e+00
 4.98684e+22	2.44e-07	1.26e-03	1.48e-01	4.94e-01	3.22e-01	3.34e-02	6.80e-04	4.04e-05	1.15e-06	0.00e+00	0.00e+00
 5.02366e+22	3.06e-07	1.47e-03	1.62e-01	5.02e-01	3.04e-01	2.94e-02	5.65e-04	3.29e-05	8.79e-07	0.00e+00	0.00e+00
 5.06086e+22	3.69e-07	1.68e-03	1.75e-01	5.07e-01	2.89e-01	2.63e-02	4.81e-04	2.76e-05	6.99e-07	0.00e+00	0.00e+00
 5.09347e+22	4.41e-07	1.90e-03	1.88e-01	5.11e-01	2.74e-01	2.36e-02	4.12e-04	2.32e-05	5.59e-07	0.00e+00	0.00e+00
 5.13078e+22	5.49e-07	2.22e-03	2.05e-01	5.15e-01	2.57e-01	2.06e-02	3.39e-04	1.87e-05	4.23e-07	0.00e+00	0.00e+00
 5.16862e+22	6.59e-07	2.52e-03	2.21e-01	5.17e-01	2.42e-01	1.82e-02	2.86e-04	1.55e-05	3.33e-07	0.00e+00	0.00e+00
 5.20212e+22	7.87e-07	2.85e-03	2.36e-01	5.17e-01	2.27e-01	1.62e-02	2.42e-04	1.29e-05	2.63e-07	0.00e+00	0.00e+00
 5.24062e+22	9.78e-07	3.31e-03	2.56e-01	5.16e-01	2.10e-01	1.39e-02	1.96e-04	1.02e-05	1.95e-07	0.00e+00	0.00e+00
 5.27962e+22	1.17e-06	3.76e-03	2.74e-01	5.14e-01	1.96e-01	1.22e-02	1.64e-04	8.37e-06	1.51e-07	0.00e+00	0.00e+00
 5.31927e+22	1.46e-06	4.36e-03	2.97e-01	5.09e-01	1.79e-01	1.03e-02	1.31e-04	6.54e-06	0.00e+00	0.00e+00	0.00e+00
 5.35931e+22	1.75e-06	4.93e-03	3.17e-01	5.04e-01	1.65e-01	8.95e-03	1.09e-04	5.30e-06	0.00e+00	0.00e+00	0.00e+00
 5.39987e+22	2.18e-06	5.72e-03	3.41e-01	4.96e-01	1.49e-01	7.50e-03	8.60e-05	4.08e-06	0.00e+00	0.00e+00	0.00e+00
 5.44097e+22	2.61e-06	6.47e-03	3.63e-01	4.87e-01	1.37e-01	6.42e-03	7.02e-05	3.26e-06	0.00e+00	0.00e+00	0.00e+00
 5.48277e+22	3.24e-06	7.47e-03	3.90e-01	4.75e-01	1.22e-01	5.31e-03	5.50e-05	2.47e-06	0.00e+00	0.00e+00	0.00e+00
 5.52530e+22	3.88e-06	8.44e-03	4.13e-01	4.63e-01	1.11e-01	4.49e-03	4.44e-05	1.94e-06	0.00e+00	0.00e+00	0.00e+00
 5.56879e+22	4.83e-06	9.76e-03	4.42e-01	4.47e-01	9.75e-02	3.65e-03	3.41e-05	1.44e-06	0.00e+00	0.00e+00	0.00e+00
 5.61312e+22	5.80e-06	1.10e-02	4.67e-01	4.32e-01	8.70e-02	3.03e-03	2.71e-05	1.11e-06	0.00e+00	0.00e+00	0.00e+00
 5.65854e+22	7.26e-06	1.28e-02	4.97e-01	4.12e-01	7.52e-02	2.41e-03	2.03e-05	8.01e-07	0.00e+00	0.00e+00	0.00e+00
 5.70054e+22	8.41e-06	1.41e-02	5.18e-01	3.98e-01	6.79e-02	2.05e-03	1.67e-05	6.40e-07	0.00e+00	0.00e+00	0.00e+00
 5.72614e+22	9.12e-06	1.49e-02	5.30e-01	3.89e-01	6.40e-02	1.87e-03	1.49e-05	5.63e-07	0.00e+00	0.00e+00	0.00e+00
 5.74256e+22	9.65e-06	1.55e-02	5.38e-01	3.83e-01	6.13e-02	1.75e-03	1.38e-05	5.15e-07	0.00e+00	0.00e+00	0.00e+00
 5.75904e+22	1.05e-05	1.63e-02	5.50e-01	3.75e-01	5.78e-02	1.59e-03	1.23e-05	4.53e-07	0.00e+00	0.00e+00	0.00e+00
 5.78046e+22	1.15e-05	1.74e-02	5.63e-01	3.64e-01	5.37e-02	1.43e-03	1.08e-05	3.88e-07	0.00e+00	0.00e+00	0.00e+00
 5.80831e+22	1.33e-05	1.90e-02	5.83e-01	3.49e-01	4.82e-02	1.21e-03	8.83e-06	3.09e-07	0.00e+00	0.00e+00	0.00e+00
 5.83667e+22	1.47e-05	2.04e-02	5.97e-01	3.37e-01	4.43e-02	1.07e-03	7.60e-06	2.60e-07	0.00e+00	0.00e+00	0.00e+00
 5.86570e+22	1.68e-05	2.22e-02	6.15e-01	3.22e-01	3.96e-02	9.04e-04	6.26e-06	2.08e-07	0.00e+00	0.00e+00	0.00e+00
 5.89767e+22	1.91e-05	2.41e-02	6.33e-01	3.07e-01	3.54e-02	7.65e-04	5.14e-06	1.66e-07	0.00e+00	0.00e+00	0.00e+00
 5.93345e+22	2.26e-05	2.68e-02	6.55e-01	2.87e-01	3.06e-02	6.17e-04	4.01e-06	1.24e-07	0.00e+00	0.00e+00	0.00e+00
 5.96865e+22	2.57e-05	2.91e-02	6.71e-01	2.72e-01	2.71e-02	5.18e-04	3.26e-06	0.00e+00	0.00e+00	0.00e+00	0.00e+00
 6.00308e+22	3.01e-05	3.21e-02	6.91e-01	2.54e-01	2.33e-02	4.18e-04	2.55e-06	0.00e+00	0.00e+00	0.00e+00	0.00e+00
 6.03787e+22	3.42e-05	3.48e-02	7.06e-01	2.38e-01	2.05e-02	3.49e-04	2.08e-06	0.00e+00	0.00e+00	0.00e+00	0.00e+00
 6.07314e+22	4.01e-05	3.84e-02	7.24e-01	2.20e-01	1.74e-02	2.78e-04	1.60e-06	0.00e+00	0.00e+00	0.00e+00	0.00e+00
 6.10858e+22	4.60e-05	4.18e-02	7.38e-01	2.05e-01	1.51e-02	2.27e-04	1.28e-06	0.00e+00	0.00e+00	0.00e+00	0.00e+00
 6.14425e+22	5.41e-05	4.61e-02	7.54e-01	1.87e-01	1.26e-02	1.78e-04	9.72e-07	0.00e+00	0.00e+00	0.00e+00	0.00e+00
 6.17985e+22	6.22e-05	5.02e-02	7.66e-01	1.72e-01	1.08e-02	1.44e-04	7.66e-07	0.00e+00	0.00e+00	0.00e+00	0.00e+00
 6.21536e+22	7.35e-05	5.54e-02	7.80e-01	1.56e-01	8.91e-03	1.11e-04	5.74e-07	0.00e+00	0.00e+00	0.00e+00	0.00e+00
 6.25064e+22	8.46e-05	6.02e-02	7.90e-01	1.42e-01	7.55e-03	8.93e-05	4.49e-07	0.00e+00	0.00e+00	0.00e+00	0.00e+00
 6.28560e+22	1.00e-04	6.61e-02	8.00e-01	1.27e-01	6.14e-03	6.81e-05	3.32e-07	0.00e+00	0.00e+00	0.00e+00	0.00e+00
 6.32011e+22	1.15e-04	7.17e-02	8.08e-01	1.15e-01	5.15e-03	5.41e-05	2.58e-07	0.00e+00	0.00e+00	0.00e+00	0.00e+00
 6.34936e+22	1.31e-04	7.70e-02	8.14e-01	1.05e-01	4.36e-03	4.37e-05	2.03e-07	0.00e+00	0.00e+00	0.00e+00	0.00e+00
 6.38272e+22	1.55e-04	8.44e-02	8.20e-01	9.22e-02	3.48e-03	3.26e-05	1.47e-07	0.00e+00	0.00e+00	0.00e+00	0.00e+00
 6.41528e+22	1.78e-04	9.09e-02	8.23e-01	8.28e-02	2.89e-03	2.58e-05	0.00e+00	0.00e+00	0.00e+00	0.00e+00	0.00e+00
 6.44266e+22	2.02e-04	9.72e-02	8.26e-01	7.45e-02	2.42e-03	2.06e-05	0.00e+00	0.00e+00	0.00e+00	0.00e+00	0.00e+00
 6.47412e+22	2.37e-04	1.06e-01	8.27e-01	6.50e-02	1.91e-03	1.53e-05	0.00e+00	0.00e+00	0.00e+00	0.00e+00	0.00e+00
 6.50538e+22	2.70e-04	1.13e-01	8.27e-01	5.76e-02	1.56e-03	1.20e-05	0.00e+00	0.00e+00	0.00e+00	0.00e+00	0.00e+00
 6.53201e+22	3.08e-04	1.21e-01	8.27e-01	5.11e-02	1.28e-03	9.37e-06	0.00e+00	0.00e+00	0.00e+00	0.00e+00	0.00e+00
 6.55811e+22	3.48e-04	1.28e-01	8.25e-01	4.54e-02	1.06e-03	7.37e-06	0.00e+00	0.00e+00	0.00e+00	0.00e+00	0.00e+00
 6.58785e+22	4.05e-04	1.38e-01	8.22e-01	3.89e-02	8.21e-04	5.41e-06	0.00e+00	0.00e+00	0.00e+00	0.00e+00	0.00e+00
 6.61761e+22	4.62e-04	1.47e-01	8.18e-01	3.38e-02	6.57e-04	4.12e-06	0.00e+00	0.00e+00	0.00e+00	0.00e+00	0.00e+00
 6.64266e+22	5.19e-04	1.55e-01	8.14e-01	2.97e-02	5.36e-04	3.22e-06	0.00e+00	0.00e+00	0.00e+00	0.00e+00	0.00e+00
 6.67052e+22	5.99e-04	1.66e-01	8.08e-01	2.52e-02	4.13e-04	2.35e-06	0.00e+00	0.00e+00	0.00e+00	0.00e+00	0.00e+00
 6.69881e+22	6.80e-04	1.75e-01	8.02e-01	2.16e-02	3.27e-04	1.77e-06	0.00e+00	0.00e+00	0.00e+00	0.00e+00	0.00e+00
 6.72292e+22	7.60e-04	1.84e-01	7.96e-01	1.88e-02	2.64e-04	1.36e-06	0.00e+00	0.00e+00	0.00e+00	0.00e+00	0.00e+00
 6.74952e+22	8.74e-04	1.95e-01	7.88e-01	1.57e-02	2.01e-04	9.77e-07	0.00e+00	0.00e+00	0.00e+00	0.00e+00	0.00e+00
 6.77658e+22	9.85e-04	2.05e-01	7.80e-01	1.32e-02	1.57e-04	7.22e-07	0.00e+00	0.00e+00	0.00e+00	0.00e+00	0.00e+00
 6.79933e+22	1.10e-03	2.15e-01	7.73e-01	1.13e-02	1.26e-04	5.46e-07	0.00e+00	0.00e+00	0.00e+00	0.00e+00	0.00e+00
 6.82399e+22	1.25e-03	2.26e-01	7.63e-01	9.26e-03	9.57e-05	3.85e-07	0.00e+00	0.00e+00	0.00e+00	0.00e+00	0.00e+00
 6.84939e+22	1.41e-03	2.37e-01	7.54e-01	7.60e-03	7.34e-05	2.73e-07	0.00e+00	0.00e+00	0.00e+00	0.00e+00	0.00e+00
 6.87027e+22	1.56e-03	2.45e-01	7.47e-01	6.38e-03	5.85e-05	2.02e-07	0.00e+00	0.00e+00	0.00e+00	0.00e+00	0.00e+00
 6.88877e+22	1.74e-03	2.55e-01	7.38e-01	5.35e-03	4.68e-05	1.49e-07	0.00e+00	0.00e+00	0.00e+00	0.00e+00	0.00e+00
 6.90664e+22	1.91e-03	2.63e-01	7.31e-01	4.48e-03	3.77e-05	0.00e+00	0.00e+00	0.00e+00	0.00e+00	0.00e+00	0.00e+00
 6.92418e+22	2.12e-03	2.72e-01	7.22e-01	3.70e-03	2.99e-05	0.00e+00	0.00e+00	0.00e+00	0.00e+00	0.00e+00	0.00e+00
 6.94094e+22	2.35e-03	2.80e-01	7.14e-01	3.04e-03	2.39e-05	0.00e+00	0.00e+00	0.00e+00	0.00e+00	0.00e+00	0.00e+00
 6.95643e+22	2.60e-03	2.89e-01	7.06e-01	2.49e-03	1.91e-05	0.00e+00	0.00e+00	0.00e+00	0.00e+00	0.00e+00	0.00e+00
 6.97084e+22	2.87e-03	2.96e-01	6.99e-01	2.04e-03	1.54e-05	0.00e+00	0.00e+00	0.00e+00	0.00e+00	0.00e+00	0.00e+00
 6.98443e+22	3.18e-03	3.04e-01	6.91e-01	1.66e-03	1.24e-05	0.00e+00	0.00e+00	0.00e+00	0.00e+00	0.00e+00	0.00e+00
 6.99738e+22	3.52e-03	3.11e-01	6.84e-01	1.35e-03	9.95e-06	0.00e+00	0.00e+00	0.00e+00	0.00e+00	0.00e+00	0.00e+00
 7.00945e+22	3.93e-03	3.19e-01	6.76e-01	1.09e-03	7.99e-06	0.00e+00	0.00e+00	0.00e+00	0.00e+00	0.00e+00	0.00e+00
 7.02014e+22	4.34e-03	3.26e-01	6.69e-01	8.90e-04	6.53e-06	0.00e+00	0.00e+00	0.00e+00	0.00e+00	0.00e+00	0.00e+00
 7.02935e+22	4.75e-03	3.31e-01	6.63e-01	7.40e-04	5.44e-06	0.00e+00	0.00e+00	0.00e+00	0.00e+00	0.00e+00	0.00e+00
 7.03768e+22	5.20e-03	3.37e-01	6.57e-01	6.18e-04	4.57e-06	0.00e+00	0.00e+00	0.00e+00	0.00e+00	0.00e+00	0.00e+00
 7.04542e+22	5.68e-03	3.42e-01	6.52e-01	5.20e-04	3.86e-06	0.00e+00	0.00e+00	0.00e+00	0.00e+00	0.00e+00	0.00e+00
 7.05253e+22	6.18e-03	3.46e-01	6.47e-01	4.41e-04	3.29e-06	0.00e+00	0.00e+00	0.00e+00	0.00e+00	0.00e+00	0.00e+00
 7.05907e+22	6.71e-03	3.50e-01	6.43e-01	3.77e-04	2.83e-06	0.00e+00	0.00e+00	0.00e+00	0.00e+00	0.00e+00	0.00e+00
 7.06517e+22	7.25e-03	3.53e-01	6.39e-01	3.24e-04	2.46e-06	0.00e+00	0.00e+00	0.00e+00	0.00e+00	0.00e+00	0.00e+00
 7.07089e+22	7.83e-03	3.56e-01	6.36e-01	2.81e-04	2.15e-06	0.00e+00	0.00e+00	0.00e+00	0.00e+00	0.00e+00	0.00e+00
 7.07631e+22	8.37e-03	3.58e-01	6.33e-01	2.47e-04	1.90e-06	0.00e+00	0.00e+00	0.00e+00	0.00e+00	0.00e+00	0.00e+00
 7.08157e+22	9.00e-03	3.61e-01	6.30e-01	2.17e-04	1.68e-06	0.00e+00	0.00e+00	0.00e+00	0.00e+00	0.00e+00	0.00e+00
 7.08667e+22	9.66e-03	3.63e-01	6.27e-01	1.92e-04	1.50e-06	0.00e+00	0.00e+00	0.00e+00	0.00e+00	0.00e+00	0.00e+00
 7.09148e+22	1.03e-02	3.64e-01	6.25e-01	1.71e-04	1.35e-06	0.00e+00	0.00e+00	0.00e+00	0.00e+00	0.00e+00	0.00e+00
 7.09587e+22	1.10e-02	3.66e-01	6.23e-01	1.55e-04	1.24e-06	0.00e+00	0.00e+00	0.00e+00	0.00e+00	0.00e+00	0.00e+00
 7.09982e+22	1.16e-02	3.68e-01	6.21e-01	1.43e-04	1.14e-06	0.00e+00	0.00e+00	0.00e+00	0.00e+00	0.00e+00	0.00e+00
 7.10345e+22	1.22e-02	3.69e-01	6.18e-01	1.32e-04	1.07e-06	0.00e+00	0.00e+00	0.00e+00	0.00e+00	0.00e+00	0.00e+00
 7.10693e+22	1.29e-02	3.71e-01	6.16e-01	1.24e-04	1.01e-06	0.00e+00	0.00e+00	0.00e+00	0.00e+00	0.00e+00	0.00e+00
 7.11034e+22	1.36e-02	3.73e-01	6.13e-01	1.16e-04	9.48e-07	0.00e+00	0.00e+00	0.00e+00	0.00e+00	0.00e+00	0.00e+00
 7.11371e+22	1.44e-02	3.75e-01	6.11e-01	1.09e-04	8.98e-07	0.00e+00	0.00e+00	0.00e+00	0.00e+00	0.00e+00	0.00e+00
 7.11698e+22	1.51e-02	3.77e-01	6.08e-01	1.03e-04	8.55e-07	0.00e+00	0.00e+00	0.00e+00	0.00e+00	0.00e+00	0.00e+00
 7.11951e+22	1.56e-02	3.78e-01	6.06e-01	9.92e-05	8.27e-07	0.00e+00	0.00e+00	0.00e+00	0.00e+00	0.00e+00	0.00e+00
 7.12126e+22	1.61e-02	3.79e-01	6.04e-01	9.65e-05	8.07e-07	0.00e+00	0.00e+00	0.00e+00	0.00e+00	0.00e+00	0.00e+00
 7.12298e+22	1.66e-02	3.81e-01	6.02e-01	9.38e-05	7.88e-07	0.00e+00	0.00e+00	0.00e+00	0.00e+00	0.00e+00	0.00e+00
 7.12499e+22	1.72e-02	3.83e-01	6.00e-01	9.10e-05	7.67e-07	0.00e+00	0.00e+00	0.00e+00	0.00e+00	0.00e+00	0.00e+00
 7.12720e+22	1.78e-02	3.85e-01	5.97e-01	8.80e-05	7.45e-07	0.00e+00	0.00e+00	0.00e+00	0.00e+00	0.00e+00	0.00e+00
 7.12940e+22	1.84e-02	3.87e-01	5.95e-01	8.53e-05	7.25e-07	0.00e+00	0.00e+00	0.00e+00	0.00e+00	0.00e+00	0.00e+00
 7.13153e+22	1.91e-02	3.89e-01	5.91e-01	8.27e-05	7.06e-07	0.00e+00	0.00e+00	0.00e+00	0.00e+00	0.00e+00	0.00e+00
 7.13362e+22	1.98e-02	3.91e-01	5.89e-01	8.04e-05	6.89e-07	0.00e+00	0.00e+00	0.00e+00	0.00e+00	0.00e+00	0.00e+00
 7.13580e+22	2.05e-02	3.94e-01	5.86e-01	7.80e-05	6.72e-07	0.00e+00	0.00e+00	0.00e+00	0.00e+00	0.00e+00	0.00e+00
 7.13808e+22	2.14e-02	3.96e-01	5.82e-01	7.56e-05	6.54e-07	0.00e+00	0.00e+00	0.00e+00	0.00e+00	0.00e+00	0.00e+00
 7.14032e+22	2.22e-02	3.99e-01	5.79e-01	7.35e-05	6.39e-07	0.00e+00	0.00e+00	0.00e+00	0.00e+00	0.00e+00	0.00e+00
 7.14254e+22	2.30e-02	4.01e-01	5.76e-01	7.15e-05	6.24e-07	0.00e+00	0.00e+00	0.00e+00	0.00e+00	0.00e+00	0.00e+00
 7.14487e+22	2.40e-02	4.04e-01	5.72e-01	6.94e-05	6.09e-07	0.00e+00	0.00e+00	0.00e+00	0.00e+00	0.00e+00	0.00e+00
 7.14724e+22	2.48e-02	4.07e-01	5.68e-01	6.75e-05	5.95e-07	0.00e+00	0.00e+00	0.00e+00	0.00e+00	0.00e+00	0.00e+00
 7.14963e+22	2.59e-02	4.10e-01	5.64e-01	6.56e-05	5.81e-07	0.00e+00	0.00e+00	0.00e+00	0.00e+00	0.00e+00	0.00e+00
 7.15207e+22	2.69e-02	4.13e-01	5.60e-01	6.37e-05	5.67e-07	0.00e+00	0.00e+00	0.00e+00	0.00e+00	0.00e+00	0.00e+00
 7.15453e+22	2.80e-02	4.16e-01	5.56e-01	6.20e-05	5.54e-07	0.00e+00	0.00e+00	0.00e+00	0.00e+00	0.00e+00	0.00e+00
 7.15701e+22	2.92e-02	4.19e-01	5.52e-01	6.03e-05	5.42e-07	0.00e+00	0.00e+00	0.00e+00	0.00e+00	0.00e+00	0.00e+00
 7.15958e+22	3.04e-02	4.23e-01	5.47e-01	5.87e-05	5.30e-07	0.00e+00	0.00e+00	0.00e+00	0.00e+00	0.00e+00	0.00e+00
 7.16222e+22	3.16e-02	4.26e-01	5.42e-01	5.71e-05	5.18e-07	0.00e+00	0.00e+00	0.00e+00	0.00e+00	0.00e+00	0.00e+00
 7.16490e+22	3.30e-02	4.29e-01	5.38e-01	5.56e-05	5.06e-07	0.00e+00	0.00e+00	0.00e+00	0.00e+00	0.00e+00	0.00e+00
 7.16761e+22	3.43e-02	4.33e-01	5.33e-01	5.41e-05	4.95e-07	0.00e+00	0.00e+00	0.00e+00	0.00e+00	0.00e+00	0.00e+00
 7.17040e+22	3.58e-02	4.37e-01	5.28e-01	5.27e-05	4.85e-07	0.00e+00	0.00e+00	0.00e+00	0.00e+00	0.00e+00	0.00e+00
 7.17330e+22	3.73e-02	4.40e-01	5.22e-01	5.13e-05	4.74e-07	0.00e+00	0.00e+00	0.00e+00	0.00e+00	0.00e+00	0.00e+00
 7.17627e+22	3.88e-02	4.44e-01	5.17e-01	4.99e-05	4.64e-07	0.00e+00	0.00e+00	0.00e+00	0.00e+00	0.00e+00	0.00e+00
 7.17932e+22	4.05e-02	4.48e-01	5.12e-01	4.86e-05	4.54e-07	0.00e+00	0.00e+00	0.00e+00	0.00e+00	0.00e+00	0.00e+00
 7.18244e+22	4.22e-02	4.52e-01	5.06e-01	4.73e-05	4.44e-07	0.00e+00	0.00e+00	0.00e+00	0.00e+00	0.00e+00	0.00e+00
 7.18564e+22	4.38e-02	4.55e-01	5.01e-01	4.61e-05	4.35e-07	0.00e+00	0.00e+00	0.00e+00	0.00e+00	0.00e+00	0.00e+00
 7.18889e+22	4.56e-02	4.59e-01	4.95e-01	4.50e-05	4.26e-07	0.00e+00	0.00e+00	0.00e+00	0.00e+00	0.00e+00	0.00e+00
 7.19222e+22	4.75e-02	4.63e-01	4.90e-01	4.38e-05	4.17e-07	0.00e+00	0.00e+00	0.00e+00	0.00e+00	0.00e+00	0.00e+00
 7.19568e+22	4.94e-02	4.67e-01	4.84e-01	4.27e-05	4.09e-07	0.00e+00	0.00e+00	0.00e+00	0.00e+00	0.00e+00	0.00e+00
 7.19925e+22	5.13e-02	4.71e-01	4.78e-01	4.17e-05	4.01e-07	0.00e+00	0.00e+00	0.00e+00	0.00e+00	0.00e+00	0.00e+00
 7.20289e+22	5.33e-02	4.74e-01	4.72e-01	4.07e-05	3.93e-07	0.00e+00	0.00e+00	0.00e+00	0.00e+00	0.00e+00	0.00e+00
 7.20666e+22	5.54e-02	4.78e-01	4.66e-01	3.97e-05	3.85e-07	0.00e+00	0.00e+00	0.00e+00	0.00e+00	0.00e+00	0.00e+00
 7.21063e+22	5.75e-02	4.82e-01	4.60e-01	3.87e-05	3.77e-07	0.00e+00	0.00e+00	0.00e+00	0.00e+00	0.00e+00	0.00e+00
 7.21483e+22	5.97e-02	4.86e-01	4.55e-01	3.77e-05	3.69e-07	0.00e+00	0.00e+00	0.00e+00	0.00e+00	0.00e+00	0.00e+00
 7.21921e+22	6.19e-02	4.89e-01	4.49e-01	3.68e-05	3.61e-07	0.00e+00	0.00e+00	0.00e+00	0.00e+00	0.00e+00	0.00e+00
 7.22385e+22	6.44e-02	4.93e-01	4.42e-01	3.58e-05	3.53e-07	0.00e+00	0.00e+00	0.00e+00	0.00e+00	0.00e+00	0.00e+00
 7.22888e+22	6.70e-02	4.97e-01	4.36e-01	3.48e-05	3.45e-07	0.00e+00	0.00e+00	0.00e+00	0.00e+00	0.00e+00	0.00e+00
 7.23431e+22	6.98e-02	5.02e-01	4.29e-01	3.38e-05	3.36e-07	0.00e+00	0.00e+00	0.00e+00	0.00e+00	0.00e+00	0.00e+00
 7.24016e+22	7.28e-02	5.06e-01	4.21e-01	3.27e-05	3.27e-07	0.00e+00	0.00e+00	0.00e+00	0.00e+00	0.00e+00	0.00e+00
 7.24650e+22	7.60e-02	5.10e-01	4.14e-01	3.16e-05	3.18e-07	0.00e+00	0.00e+00	0.00e+00	0.00e+00	0.00e+00	0.00e+00
 7.25319e+22	7.94e-02	5.14e-01	4.06e-01	3.06e-05	3.09e-07	0.00e+00	0.00e+00	0.00e+00	0.00e+00	0.00e+00	0.00e+00
 7.25998e+22	8.30e-02	5.19e-01	3.98e-01	2.95e-05	2.99e-07	0.00e+00	0.00e+00	0.00e+00	0.00e+00	0.00e+00	0.00e+00
 7.26675e+22	8.65e-02	5.23e-01	3.91e-01	2.85e-05	2.90e-07	0.00e+00	0.00e+00	0.00e+00	0.00e+00	0.00e+00	0.00e+00
 7.27352e+22	9.00e-02	5.27e-01	3.83e-01	2.75e-05	2.81e-07	0.00e+00	0.00e+00	0.00e+00	0.00e+00	0.00e+00	0.00e+00
 7.28051e+22	9.37e-02	5.30e-01	3.76e-01	2.63e-05	2.72e-07	0.00e+00	0.00e+00	0.00e+00	0.00e+00	0.00e+00	0.00e+00
 7.28773e+22	9.76e-02	5.34e-01	3.68e-01	2.50e-05	2.63e-07	0.00e+00	0.00e+00	0.00e+00	0.00e+00	0.00e+00	0.00e+00
 7.29497e+22	1.02e-01	5.38e-01	3.61e-01	2.38e-05	2.54e-07	0.00e+00	0.00e+00	0.00e+00	0.00e+00	0.00e+00	0.00e+00
 7.30189e+22	1.06e-01	5.41e-01	3.54e-01	2.27e-05	2.46e-07	0.00e+00	0.00e+00	0.00e+00	0.00e+00	0.00e+00	0.00e+00
 7.30871e+22	1.10e-01	5.44e-01	3.46e-01	2.16e-05	2.37e-07	0.00e+00	0.00e+00	0.00e+00	0.00e+00	0.00e+00	0.00e+00
 7.31565e+22	1.14e-01	5.47e-01	3.39e-01	2.06e-05	2.29e-07	0.00e+00	0.00e+00	0.00e+00	0.00e+00	0.00e+00	0.00e+00
 7.32248e+22	1.18e-01	5.50e-01	3.32e-01	1.96e-05	2.21e-07	0.00e+00	0.00e+00	0.00e+00	0.00e+00	0.00e+00	0.00e+00
 7.32914e+22	1.23e-01	5.52e-01	3.25e-01	1.87e-05	2.14e-07	0.00e+00	0.00e+00	0.00e+00	0.00e+00	0.00e+00	0.00e+00
 7.33563e+22	1.27e-01	5.55e-01	3.18e-01	1.78e-05	2.06e-07	0.00e+00	0.00e+00	0.00e+00	0.00e+00	0.00e+00	0.00e+00
 7.34196e+22	1.32e-01	5.57e-01	3.12e-01	1.70e-05	1.99e-07	0.00e+00	0.00e+00	0.00e+00	0.00e+00	0.00e+00	0.00e+00
 7.34812e+22	1.36e-01	5.59e-01	3.05e-01	1.63e-05	1.92e-07	0.00e+00	0.00e+00	0.00e+00	0.00e+00	0.00e+00	0.00e+00
 7.35409e+22	1.41e-01	5.61e-01	2.98e-01	1.56e-05	1.85e-07	0.00e+00	0.00e+00	0.00e+00	0.00e+00	0.00e+00	0.00e+00
 7.35988e+22	1.45e-01	5.62e-01	2.92e-01	1.49e-05	1.79e-07	0.00e+00	0.00e+00	0.00e+00	0.00e+00	0.00e+00	0.00e+00
 7.36548e+22	1.50e-01	5.64e-01	2.86e-01	1.43e-05	1.73e-07	0.00e+00	0.00e+00	0.00e+00	0.00e+00	0.00e+00	0.00e+00
 7.37091e+22	1.55e-01	5.65e-01	2.80e-01	1.37e-05	1.67e-07	0.00e+00	0.00e+00	0.00e+00	0.00e+00	0.00e+00	0.00e+00
 7.37618e+22	1.60e-01	5.67e-01	2.74e-01	1.31e-05	1.61e-07	0.00e+00	0.00e+00	0.00e+00	0.00e+00	0.00e+00	0.00e+00
 7.38120e+22	1.65e-01	5.68e-01	2.68e-01	1.26e-05	1.56e-07	0.00e+00	0.00e+00	0.00e+00	0.00e+00	0.00e+00	0.00e+00
 7.38612e+22	1.70e-01	5.69e-01	2.62e-01	1.21e-05	1.51e-07	0.00e+00	0.00e+00	0.00e+00	0.00e+00	0.00e+00	0.00e+00
 7.39092e+22	1.75e-01	5.69e-01	2.56e-01	1.17e-05	1.46e-07	0.00e+00	0.00e+00	0.00e+00	0.00e+00	0.00e+00	0.00e+00
 7.39528e+22	1.79e-01	5.70e-01	2.51e-01	1.12e-05	1.41e-07	0.00e+00	0.00e+00	0.00e+00	0.00e+00	0.00e+00	0.00e+00
 7.39925e+22	1.84e-01	5.70e-01	2.46e-01	1.09e-05	1.37e-07	0.00e+00	0.00e+00	0.00e+00	0.00e+00	0.00e+00	0.00e+00
 7.40286e+22	1.88e-01	5.71e-01	2.41e-01	1.05e-05	1.34e-07	0.00e+00	0.00e+00	0.00e+00	0.00e+00	0.00e+00	0.00e+00
 7.40615e+22	1.92e-01	5.71e-01	2.37e-01	1.02e-05	1.30e-07	0.00e+00	0.00e+00	0.00e+00	0.00e+00	0.00e+00	0.00e+00
 7.40914e+22	1.96e-01	5.71e-01	2.33e-01	9.97e-06	1.27e-07	0.00e+00	0.00e+00	0.00e+00	0.00e+00	0.00e+00	0.00e+00
 7.41186e+22	1.99e-01	5.71e-01	2.30e-01	9.73e-06	1.25e-07	0.00e+00	0.00e+00	0.00e+00	0.00e+00	0.00e+00	0.00e+00
 7.41485e+22	2.04e-01	5.71e-01	2.25e-01	9.43e-06	0.00e+00	0.00e+00	0.00e+00	0.00e+00	0.00e+00	0.00e+00	0.00e+00
 7.41807e+22	2.08e-01	5.71e-01	2.22e-01	9.17e-06	0.00e+00	0.00e+00	0.00e+00	0.00e+00	0.00e+00	0.00e+00	0.00e+00
 7.42100e+22	2.11e-01	5.71e-01	2.18e-01	8.95e-06	0.00e+00	0.00e+00	0.00e+00	0.00e+00	0.00e+00	0.00e+00	0.00e+00
 7.42367e+22	2.15e-01	5.70e-01	2.15e-01	8.73e-06	0.00e+00	0.00e+00	0.00e+00	0.00e+00	0.00e+00	0.00e+00	0.00e+00
 7.42609e+22	2.18e-01	5.70e-01	2.12e-01	8.53e-06	0.00e+00	0.00e+00	0.00e+00	0.00e+00	0.00e+00	0.00e+00	0.00e+00
 7.42875e+22	2.22e-01	5.70e-01	2.08e-01	8.30e-06	0.00e+00	0.00e+00	0.00e+00	0.00e+00	0.00e+00	0.00e+00	0.00e+00
 7.43162e+22	2.26e-01	5.69e-01	2.04e-01	8.08e-06	0.00e+00	0.00e+00	0.00e+00	0.00e+00	0.00e+00	0.00e+00	0.00e+00
 7.43424e+22	2.30e-01	5.69e-01	2.01e-01	7.87e-06	0.00e+00	0.00e+00	0.00e+00	0.00e+00	0.00e+00	0.00e+00	0.00e+00
 7.43661e+22	2.33e-01	5.68e-01	1.99e-01	7.73e-06	0.00e+00	0.00e+00	0.00e+00	0.00e+00	0.00e+00	0.00e+00	0.00e+00
 7.43922e+22	2.36e-01	5.68e-01	1.96e-01	7.54e-06	0.00e+00	0.00e+00	0.00e+00	0.00e+00	0.00e+00	0.00e+00	0.00e+00
 7.44203e+22	2.40e-01	5.67e-01	1.93e-01	7.36e-06	0.00e+00	0.00e+00	0.00e+00	0.00e+00	0.00e+00	0.00e+00	0.00e+00
 7.44511e+22	2.44e-01	5.67e-01	1.89e-01	7.13e-06	0.00e+00	0.00e+00	0.00e+00	0.00e+00	0.00e+00	0.00e+00	0.00e+00
 7.44844e+22	2.48e-01	5.66e-01	1.86e-01	6.95e-06	0.00e+00	0.00e+00	0.00e+00	0.00e+00	0.00e+00	0.00e+00	0.00e+00
 7.45209e+22	2.53e-01	5.65e-01	1.82e-01	6.70e-06	0.00e+00	0.00e+00	0.00e+00	0.00e+00	0.00e+00	0.00e+00	0.00e+00
 7.45602e+22	2.57e-01	5.64e-01	1.79e-01	6.50e-06	0.00e+00	0.00e+00	0.00e+00	0.00e+00	0.00e+00	0.00e+00	0.00e+00
 7.45961e+22	2.62e-01	5.63e-01	1.75e-01	6.30e-06	0.00e+00	0.00e+00	0.00e+00	0.00e+00	0.00e+00	0.00e+00	0.00e+00
 7.46287e+22	2.67e-01	5.62e-01	1.72e-01	6.11e-06	0.00e+00	0.00e+00	0.00e+00	0.00e+00	0.00e+00	0.00e+00	0.00e+00
 7.46583e+22	2.71e-01	5.60e-01	1.69e-01	5.94e-06	0.00e+00	0.00e+00	0.00e+00	0.00e+00	0.00e+00	0.00e+00	0.00e+00
 7.46853e+22	2.74e-01	5.60e-01	1.66e-01	5.82e-06	0.00e+00	0.00e+00	0.00e+00	0.00e+00	0.00e+00	0.00e+00	0.00e+00
 7.47149e+22	2.79e-01	5.58e-01	1.63e-01	5.63e-06	0.00e+00	0.00e+00	0.00e+00	0.00e+00	0.00e+00	0.00e+00	0.00e+00
 7.47468e+22	2.83e-01	5.57e-01	1.60e-01	5.49e-06	0.00e+00	0.00e+00	0.00e+00	0.00e+00	0.00e+00	0.00e+00	0.00e+00
 7.47818e+22	2.89e-01	5.55e-01	1.56e-01	5.29e-06	0.00e+00	0.00e+00	0.00e+00	0.00e+00	0.00e+00	0.00e+00	0.00e+00
 7.48196e+22	2.93e-01	5.53e-01	1.53e-01	5.12e-06	0.00e+00	0.00e+00	0.00e+00	0.00e+00	0.00e+00	0.00e+00	0.00e+00
 7.48540e+22	2.98e-01	5.52e-01	1.50e-01	4.97e-06	0.00e+00	0.00e+00	0.00e+00	0.00e+00	0.00e+00	0.00e+00	0.00e+00
 7.48853e+22	3.03e-01	5.50e-01	1.47e-01	4.83e-06	0.00e+00	0.00e+00	0.00e+00	0.00e+00	0.00e+00	0.00e+00	0.00e+00
 7.49137e+22	3.08e-01	5.48e-01	1.44e-01	4.69e-06	0.00e+00	0.00e+00	0.00e+00	0.00e+00	0.00e+00	0.00e+00	0.00e+00
 7.49396e+22	3.11e-01	5.47e-01	1.42e-01	4.59e-06	0.00e+00	0.00e+00	0.00e+00	0.00e+00	0.00e+00	0.00e+00	0.00e+00
 7.49680e+22	3.16e-01	5.45e-01	1.39e-01	4.44e-06	0.00e+00	0.00e+00	0.00e+00	0.00e+00	0.00e+00	0.00e+00	0.00e+00
 7.49987e+22	3.21e-01	5.43e-01	1.36e-01	4.32e-06	0.00e+00	0.00e+00	0.00e+00	0.00e+00	0.00e+00	0.00e+00	0.00e+00
 7.50266e+22	3.25e-01	5.41e-01	1.34e-01	4.20e-06	0.00e+00	0.00e+00	0.00e+00	0.00e+00	0.00e+00	0.00e+00	0.00e+00
 7.50519e+22	3.28e-01	5.40e-01	1.32e-01	4.11e-06	0.00e+00	0.00e+00	0.00e+00	0.00e+00	0.00e+00	0.00e+00	0.00e+00
 7.50798e+22	3.33e-01	5.38e-01	1.29e-01	3.99e-06	0.00e+00	0.00e+00	0.00e+00	0.00e+00	0.00e+00	0.00e+00	0.00e+00
 7.51098e+22	3.37e-01	5.36e-01	1.27e-01	3.89e-06	0.00e+00	0.00e+00	0.00e+00	0.00e+00	0.00e+00	0.00e+00	0.00e+00
 7.51427e+22	3.43e-01	5.33e-01	1.24e-01	3.75e-06	0.00e+00	0.00e+00	0.00e+00	0.00e+00	0.00e+00	0.00e+00	0.00e+00
 7.51782e+22	3.48e-01	5.31e-01	1.21e-01	3.64e-06	0.00e+00	0.00e+00	0.00e+00	0.00e+00	0.00e+00	0.00e+00	0.00e+00
 7.52105e+22	3.53e-01	5.29e-01	1.19e-01	3.53e-06	0.00e+00	0.00e+00	0.00e+00	0.00e+00	0.00e+00	0.00e+00	0.00e+00
 7.52399e+22	3.57e-01	5.27e-01	1.17e-01	3.44e-06	0.00e+00	0.00e+00	0.00e+00	0.00e+00	0.00e+00	0.00e+00	0.00e+00
 7.52722e+22	3.63e-01	5.24e-01	1.14e-01	3.32e-06	0.00e+00	0.00e+00	0.00e+00	0.00e+00	0.00e+00	0.00e+00	0.00e+00
 7.53070e+22	3.68e-01	5.21e-01	1.11e-01	3.22e-06	0.00e+00	0.00e+00	0.00e+00	0.00e+00	0.00e+00	0.00e+00	0.00e+00
 7.53386e+22	3.73e-01	5.18e-01	1.09e-01	3.12e-06	0.00e+00	0.00e+00	0.00e+00	0.00e+00	0.00e+00	0.00e+00	0.00e+00
 7.53674e+22	3.76e-01	5.17e-01	1.07e-01	3.05e-06	0.00e+00	0.00e+00	0.00e+00	0.00e+00	0.00e+00	0.00e+00	0.00e+00
 7.53990e+22	3.82e-01	5.14e-01	1.05e-01	2.95e-06	0.00e+00	0.00e+00	0.00e+00	0.00e+00	0.00e+00	0.00e+00	0.00e+00
 7.54331e+22	3.86e-01	5.12e-01	1.03e-01	2.87e-06	0.00e+00	0.00e+00	0.00e+00	0.00e+00	0.00e+00	0.00e+00	0.00e+00
 7.54641e+22	3.89e-01	5.10e-01	1.01e-01	2.80e-06	0.00e+00	0.00e+00	0.00e+00	0.00e+00	0.00e+00	0.00e+00	0.00e+00
 7.54981e+22	3.95e-01	5.06e-01	9.84e-02	2.70e-06	0.00e+00	0.00e+00	0.00e+00	0.00e+00	0.00e+00	0.00e+00	0.00e+00
 7.55348e+22	4.00e-01	5.04e-01	9.65e-02	2.62e-06	0.00e+00	0.00e+00	0.00e+00	0.00e+00	0.00e+00	0.00e+00	0.00e+00
 7.55750e+22	4.06e-01	5.00e-01	9.39e-02	2.52e-06	0.00e+00	0.00e+00	0.00e+00	0.00e+00	0.00e+00	0.00e+00	0.00e+00
 7.56184e+22	4.11e-01	4.97e-01	9.18e-02	2.44e-06	0.00e+00	0.00e+00	0.00e+00	0.00e+00	0.00e+00	0.00e+00	0.00e+00
 7.56579e+22	4.17e-01	4.94e-01	8.94e-02	2.35e-06	0.00e+00	0.00e+00	0.00e+00	0.00e+00	0.00e+00	0.00e+00	0.00e+00
 7.56939e+22	4.20e-01	4.92e-01	8.80e-02	2.29e-06	0.00e+00	0.00e+00	0.00e+00	0.00e+00	0.00e+00	0.00e+00	0.00e+00
 7.57333e+22	4.27e-01	4.88e-01	8.54e-02	2.20e-06	0.00e+00	0.00e+00	0.00e+00	0.00e+00	0.00e+00	0.00e+00	0.00e+00
 7.57758e+22	4.32e-01	4.85e-01	8.35e-02	2.13e-06	0.00e+00	0.00e+00	0.00e+00	0.00e+00	0.00e+00	0.00e+00	0.00e+00
 7.58145e+22	4.36e-01	4.82e-01	8.19e-02	2.07e-06	0.00e+00	0.00e+00	0.00e+00	0.00e+00	0.00e+00	0.00e+00	0.00e+00
 7.58569e+22	4.43e-01	4.78e-01	7.93e-02	1.98e-06	0.00e+00	0.00e+00	0.00e+00	0.00e+00	0.00e+00	0.00e+00	0.00e+00
 7.59027e+22	4.48e-01	4.74e-01	7.74e-02	1.91e-06	0.00e+00	0.00e+00	0.00e+00	0.00e+00	0.00e+00	0.00e+00	0.00e+00
 7.59443e+22	4.54e-01	4.70e-01	7.53e-02	1.84e-06	0.00e+00	0.00e+00	0.00e+00	0.00e+00	0.00e+00	0.00e+00	0.00e+00
 7.59822e+22	4.58e-01	4.68e-01	7.41e-02	1.79e-06	0.00e+00	0.00e+00	0.00e+00	0.00e+00	0.00e+00	0.00e+00	0.00e+00
 7.60238e+22	4.64e-01	4.64e-01	7.19e-02	1.72e-06	0.00e+00	0.00e+00	0.00e+00	0.00e+00	0.00e+00	0.00e+00	0.00e+00
 7.60686e+22	4.69e-01	4.60e-01	7.02e-02	1.66e-06	0.00e+00	0.00e+00	0.00e+00	0.00e+00	0.00e+00	0.00e+00	0.00e+00
 7.61094e+22	4.74e-01	4.58e-01	6.88e-02	1.61e-06	0.00e+00	0.00e+00	0.00e+00	0.00e+00	0.00e+00	0.00e+00	0.00e+00
 7.61542e+22	4.80e-01	4.53e-01	6.66e-02	1.54e-06	0.00e+00	0.00e+00	0.00e+00	0.00e+00	0.00e+00	0.00e+00	0.00e+00
 7.62024e+22	4.86e-01	4.49e-01	6.50e-02	1.49e-06	0.00e+00	0.00e+00	0.00e+00	0.00e+00	0.00e+00	0.00e+00	0.00e+00
 7.62464e+22	4.91e-01	4.45e-01	6.32e-02	1.44e-06	0.00e+00	0.00e+00	0.00e+00	0.00e+00	0.00e+00	0.00e+00	0.00e+00
 7.62864e+22	4.95e-01	4.43e-01	6.21e-02	1.40e-06	0.00e+00	0.00e+00	0.00e+00	0.00e+00	0.00e+00	0.00e+00	0.00e+00
