#depth	N	N+	N+2	N+3	N+4	N+5	N+6	N+7
 4.62852e+21	3.68e-18	5.45e-13	2.34e-09	7.07e-07	4.78e-05	2.30e-02	2.93e-01	6.84e-01
 1.02475e+22	4.07e-17	4.33e-12	1.35e-08	2.89e-06	1.32e-04	4.26e-02	3.70e-01	5.88e-01
 1.17332e+22	1.28e-16	1.16e-11	3.11e-08	5.67e-06	2.13e-04	5.68e-02	4.07e-01	5.36e-01
 1.24761e+22	2.22e-16	1.90e-11	4.72e-08	7.95e-06	2.72e-04	6.54e-02	4.25e-01	5.09e-01
 1.28119e+22	2.70e-16	2.26e-11	5.48e-08	8.97e-06	2.96e-04	6.88e-02	4.32e-01	4.99e-01
 1.30148e+22	3.50e-16	2.83e-11	6.64e-08	1.05e-05	3.32e-04	7.34e-02	4.40e-01	4.86e-01
 1.32337e+22	4.43e-16	3.48e-11	7.91e-08	1.21e-05	3.67e-04	7.79e-02	4.48e-01	4.74e-01
 1.34275e+22	5.41e-16	4.14e-11	9.19e-08	1.37e-05	4.01e-04	8.19e-02	4.54e-01	4.64e-01
 1.36335e+22	7.06e-16	5.22e-11	1.12e-07	1.61e-05	4.50e-04	8.75e-02	4.62e-01	4.50e-01
 1.38403e+22	8.61e-16	6.21e-11	1.30e-07	1.82e-05	4.91e-04	9.19e-02	4.68e-01	4.40e-01
 1.40481e+22	1.12e-15	7.83e-11	1.59e-07	2.14e-05	5.53e-04	9.82e-02	4.76e-01	4.25e-01
 1.42591e+22	1.37e-15	9.34e-11	1.85e-07	2.43e-05	6.04e-04	1.03e-01	4.82e-01	4.15e-01
 1.44744e+22	1.80e-15	1.18e-10	2.27e-07	2.88e-05	6.83e-04	1.11e-01	4.89e-01	4.00e-01
 1.46935e+22	2.22e-15	1.42e-10	2.67e-07	3.29e-05	7.52e-04	1.17e-01	4.95e-01	3.88e-01
 1.49177e+22	2.91e-15	1.81e-10	3.29e-07	3.92e-05	8.53e-04	1.25e-01	5.02e-01	3.73e-01
 1.51475e+22	3.62e-15	2.20e-10	3.89e-07	4.51e-05	9.44e-04	1.32e-01	5.07e-01	3.60e-01
 1.53847e+22	4.79e-15	2.81e-10	4.84e-07	5.43e-05	1.08e-03	1.42e-01	5.13e-01	3.44e-01
 1.56245e+22	5.94e-15	3.41e-10	5.74e-07	6.26e-05	1.20e-03	1.50e-01	5.18e-01	3.31e-01
 1.58628e+22	7.75e-15	4.32e-10	7.09e-07	7.51e-05	1.36e-03	1.61e-01	5.23e-01	3.15e-01
 1.61031e+22	9.56e-15	5.22e-10	8.39e-07	8.67e-05	1.52e-03	1.70e-01	5.26e-01	3.03e-01
 1.63373e+22	1.22e-14	6.50e-10	1.02e-06	1.03e-04	1.71e-03	1.81e-01	5.29e-01	2.88e-01
 1.65685e+22	1.48e-14	7.75e-10	1.20e-06	1.18e-04	1.89e-03	1.91e-01	5.32e-01	2.76e-01
 1.67720e+22	1.77e-14	9.12e-10	1.39e-06	1.34e-04	2.08e-03	2.00e-01	5.33e-01	2.65e-01
 1.69921e+22	2.19e-14	1.11e-09	1.66e-06	1.57e-04	2.34e-03	2.12e-01	5.35e-01	2.51e-01
 1.72093e+22	2.58e-14	1.29e-09	1.90e-06	1.77e-04	2.55e-03	2.21e-01	5.35e-01	2.41e-01
 1.74290e+22	3.18e-14	1.56e-09	2.26e-06	2.06e-04	2.86e-03	2.34e-01	5.35e-01	2.28e-01
 1.76485e+22	3.71e-14	1.79e-09	2.58e-06	2.32e-04	3.12e-03	2.44e-01	5.34e-01	2.18e-01
 1.78685e+22	4.50e-14	2.15e-09	3.05e-06	2.70e-04	3.49e-03	2.58e-01	5.33e-01	2.06e-01
 1.80888e+22	5.21e-14	2.46e-09	3.46e-06	3.02e-04	3.79e-03	2.68e-01	5.31e-01	1.97e-01
 1.83093e+22	6.26e-14	2.92e-09	4.06e-06	3.49e-04	4.23e-03	2.82e-01	5.28e-01	1.85e-01
 1.85308e+22	7.19e-14	3.33e-09	4.59e-06	3.89e-04	4.58e-03	2.92e-01	5.26e-01	1.77e-01
 1.87534e+22	8.56e-14	3.92e-09	5.36e-06	4.47e-04	5.09e-03	3.07e-01	5.22e-01	1.66e-01
 1.89776e+22	9.78e-14	4.44e-09	6.03e-06	4.97e-04	5.51e-03	3.18e-01	5.18e-01	1.58e-01
 1.92038e+22	1.16e-13	5.20e-09	7.00e-06	5.70e-04	6.11e-03	3.33e-01	5.13e-01	1.48e-01
 1.94330e+22	1.32e-13	5.89e-09	7.87e-06	6.34e-04	6.61e-03	3.44e-01	5.08e-01	1.40e-01
 1.96660e+22	1.55e-13	6.87e-09	9.13e-06	7.26e-04	7.32e-03	3.60e-01	5.01e-01	1.31e-01
 1.99024e+22	1.76e-13	7.76e-09	1.02e-05	8.05e-04	7.91e-03	3.71e-01	4.96e-01	1.24e-01
 2.01434e+22	2.06e-13	9.03e-09	1.19e-05	9.21e-04	8.76e-03	3.87e-01	4.88e-01	1.15e-01
 2.03894e+22	2.34e-13	1.02e-08	1.33e-05	1.02e-03	9.47e-03	4.00e-01	4.81e-01	1.09e-01
 2.06420e+22	2.74e-13	1.19e-08	1.54e-05	1.17e-03	1.05e-02	4.16e-01	4.72e-01	1.00e-01
 2.08971e+22	3.12e-13	1.34e-08	1.73e-05	1.29e-03	1.13e-02	4.29e-01	4.64e-01	9.45e-02
 2.11139e+22	3.49e-13	1.50e-08	1.92e-05	1.42e-03	1.21e-02	4.40e-01	4.57e-01	8.92e-02
 2.13539e+22	4.02e-13	1.72e-08	2.20e-05	1.60e-03	1.33e-02	4.55e-01	4.47e-01	8.26e-02
 2.15844e+22	4.45e-13	1.89e-08	2.41e-05	1.74e-03	1.41e-02	4.66e-01	4.40e-01	7.83e-02
 2.18025e+22	5.04e-13	2.14e-08	2.71e-05	1.93e-03	1.53e-02	4.79e-01	4.31e-01	7.30e-02
 2.20235e+22	5.58e-13	2.35e-08	2.98e-05	2.10e-03	1.63e-02	4.89e-01	4.23e-01	6.90e-02
 2.22482e+22	6.30e-13	2.65e-08	3.35e-05	2.33e-03	1.76e-02	5.03e-01	4.13e-01	6.40e-02
 2.24742e+22	6.99e-13	2.93e-08	3.67e-05	2.53e-03	1.87e-02	5.13e-01	4.05e-01	6.05e-02
 2.27020e+22	7.89e-13	3.30e-08	4.13e-05	2.80e-03	2.02e-02	5.26e-01	3.95e-01	5.60e-02
 2.29325e+22	8.76e-13	3.64e-08	4.53e-05	3.03e-03	2.14e-02	5.36e-01	3.87e-01	5.27e-02
 2.31668e+22	9.89e-13	4.10e-08	5.10e-05	3.36e-03	2.31e-02	5.49e-01	3.76e-01	4.87e-02
 2.34045e+22	1.10e-12	4.54e-08	5.61e-05	3.64e-03	2.45e-02	5.58e-01	3.68e-01	4.57e-02
 2.36469e+22	1.25e-12	5.12e-08	6.32e-05	4.04e-03	2.65e-02	5.71e-01	3.56e-01	4.20e-02
 2.38935e+22	1.39e-12	5.68e-08	6.97e-05	4.37e-03	2.81e-02	5.81e-01	3.48e-01	3.94e-02
 2.41456e+22	1.58e-12	6.44e-08	7.88e-05	4.85e-03	3.04e-02	5.93e-01	3.36e-01	3.60e-02
 2.44031e+22	1.76e-12	7.16e-08	8.71e-05	5.27e-03	3.22e-02	6.02e-01	3.27e-01	3.35e-02
 2.46676e+22	2.01e-12	8.15e-08	9.89e-05	5.85e-03	3.48e-02	6.14e-01	3.15e-01	3.05e-02
 2.49346e+22	2.26e-12	9.09e-08	1.10e-04	6.35e-03	3.69e-02	6.23e-01	3.05e-01	2.84e-02
 2.52050e+22	2.58e-12	1.04e-07	1.25e-04	7.05e-03	3.99e-02	6.34e-01	2.93e-01	2.57e-02
 2.54775e+22	2.90e-12	1.16e-07	1.38e-04	7.65e-03	4.22e-02	6.42e-01	2.84e-01	2.39e-02
 2.57529e+22	3.32e-12	1.32e-07	1.57e-04	8.48e-03	4.56e-02	6.52e-01	2.72e-01	2.16e-02
 2.60214e+22	3.73e-12	1.47e-07	1.73e-04	9.13e-03	4.79e-02	6.59e-01	2.64e-01	2.01e-02
 2.62809e+22	4.21e-12	1.66e-07	1.95e-04	1.00e-02	5.14e-02	6.67e-01	2.53e-01	1.82e-02
 2.65268e+22	4.65e-12	1.82e-07	2.13e-04	1.07e-02	5.38e-02	6.72e-01	2.46e-01	1.71e-02
 2.67551e+22	5.23e-12	2.03e-07	2.36e-04	1.16e-02	5.68e-02	6.79e-01	2.37e-01	1.57e-02
 2.69945e+22	5.82e-12	2.25e-07	2.59e-04	1.24e-02	5.97e-02	6.84e-01	2.29e-01	1.46e-02
 2.72134e+22	6.41e-12	2.47e-07	2.84e-04	1.33e-02	6.26e-02	6.89e-01	2.22e-01	1.36e-02
 2.74631e+22	7.31e-12	2.79e-07	3.18e-04	1.45e-02	6.64e-02	6.94e-01	2.12e-01	1.24e-02
 2.77172e+22	8.13e-12	3.09e-07	3.50e-04	1.55e-02	6.97e-02	6.98e-01	2.05e-01	1.14e-02
 2.79771e+22	9.33e-12	3.52e-07	3.95e-04	1.70e-02	7.40e-02	7.03e-01	1.96e-01	1.04e-02
 2.82420e+22	1.05e-11	3.92e-07	4.36e-04	1.82e-02	7.76e-02	7.06e-01	1.88e-01	9.57e-03
 2.85133e+22	1.21e-11	4.48e-07	4.94e-04	1.99e-02	8.24e-02	7.09e-01	1.79e-01	8.63e-03
 2.87900e+22	1.36e-11	5.01e-07	5.48e-04	2.14e-02	8.65e-02	7.12e-01	1.72e-01	7.92e-03
 2.90365e+22	1.53e-11	5.59e-07	6.06e-04	2.30e-02	9.07e-02	7.13e-01	1.65e-01	7.27e-03
 2.93196e+22	1.79e-11	6.45e-07	6.90e-04	2.52e-02	9.62e-02	7.15e-01	1.56e-01	6.52e-03
 2.96067e+22	2.03e-11	7.24e-07	7.67e-04	2.71e-02	1.01e-01	7.16e-01	1.49e-01	5.96e-03
 2.98608e+22	2.30e-11	8.13e-07	8.51e-04	2.91e-02	1.06e-01	7.16e-01	1.43e-01	5.45e-03
 3.01527e+22	2.71e-11	9.43e-07	9.73e-04	3.18e-02	1.12e-01	7.16e-01	1.35e-01	4.86e-03
 3.04497e+22	3.10e-11	1.07e-06	1.09e-03	3.42e-02	1.17e-01	7.15e-01	1.29e-01	4.42e-03
 3.07533e+22	3.69e-11	1.25e-06	1.25e-03	3.75e-02	1.24e-01	7.13e-01	1.21e-01	3.92e-03
 3.10612e+22	4.25e-11	1.41e-06	1.39e-03	4.04e-02	1.30e-01	7.10e-01	1.15e-01	3.54e-03
 3.13747e+22	5.09e-11	1.66e-06	1.60e-03	4.43e-02	1.37e-01	7.07e-01	1.08e-01	3.13e-03
 3.16961e+22	5.89e-11	1.90e-06	1.81e-03	4.79e-02	1.44e-01	7.03e-01	1.01e-01	2.80e-03
 3.19743e+22	6.82e-11	2.16e-06	2.02e-03	5.14e-02	1.49e-01	6.98e-01	9.62e-02	2.54e-03
 3.22823e+22	8.15e-11	2.53e-06	2.31e-03	5.61e-02	1.57e-01	6.92e-01	8.98e-02	2.23e-03
 3.26072e+22	9.59e-11	2.91e-06	2.61e-03	6.05e-02	1.64e-01	6.86e-01	8.46e-02	2.00e-03
 3.29542e+22	1.18e-10	3.49e-06	3.04e-03	6.66e-02	1.73e-01	6.77e-01	7.81e-02	1.73e-03
 3.32701e+22	1.35e-10	3.92e-06	3.36e-03	7.09e-02	1.79e-01	6.71e-01	7.40e-02	1.57e-03
 3.35084e+22	1.53e-10	4.38e-06	3.68e-03	7.51e-02	1.85e-01	6.65e-01	7.05e-02	1.44e-03
 3.37811e+22	1.80e-10	5.04e-06	4.14e-03	8.07e-02	1.92e-01	6.56e-01	6.61e-02	1.28e-03
 3.40690e+22	2.08e-10	5.70e-06	4.59e-03	8.59e-02	1.98e-01	6.48e-01	6.23e-02	1.15e-03
 3.43766e+22	2.51e-10	6.70e-06	5.25e-03	9.32e-02	2.07e-01	6.36e-01	5.76e-02	1.00e-03
 3.46859e+22	2.92e-10	7.62e-06	5.84e-03	9.94e-02	2.14e-01	6.26e-01	5.41e-02	8.99e-04
 3.49976e+22	3.53e-10	8.95e-06	6.66e-03	1.07e-01	2.22e-01	6.13e-01	5.00e-02	7.85e-04
 3.53138e+22	4.13e-10	1.02e-05	7.43e-03	1.15e-01	2.29e-01	6.02e-01	4.67e-02	6.97e-04
 3.55892e+22	4.80e-10	1.16e-05	8.23e-03	1.22e-01	2.35e-01	5.91e-01	4.37e-02	6.23e-04
 3.59002e+22	5.80e-10	1.36e-05	9.36e-03	1.31e-01	2.43e-01	5.76e-01	4.01e-02	5.40e-04
 3.62196e+22	6.82e-10	1.56e-05	1.04e-02	1.39e-01	2.49e-01	5.63e-01	3.74e-02	4.79e-04
 3.65499e+22	8.39e-10	1.85e-05	1.19e-02	1.50e-01	2.57e-01	5.46e-01	3.40e-02	4.09e-04
 3.68820e+22	9.87e-10	2.12e-05	1.33e-02	1.60e-01	2.64e-01	5.32e-01	3.15e-02	3.60e-04
 3.72163e+22	1.21e-09	2.50e-05	1.51e-02	1.72e-01	2.71e-01	5.14e-01	2.86e-02	3.07e-04
 3.75627e+22	1.45e-09	2.90e-05	1.69e-02	1.83e-01	2.77e-01	4.97e-01	2.61e-02	2.66e-04
 3.78719e+22	1.72e-09	3.33e-05	1.88e-02	1.93e-01	2.82e-01	4.81e-01	2.40e-02	2.32e-04
 3.82212e+22	2.13e-09	3.96e-05	2.15e-02	2.07e-01	2.89e-01	4.61e-01	2.15e-02	1.95e-04
 3.85796e+22	2.56e-09	4.60e-05	2.40e-02	2.20e-01	2.94e-01	4.43e-01	1.95e-02	1.67e-04
 3.88961e+22	3.04e-09	5.28e-05	2.67e-02	2.32e-01	2.98e-01	4.26e-01	1.78e-02	1.44e-04
 3.92535e+22	3.79e-09	6.30e-05	3.03e-02	2.47e-01	3.02e-01	4.04e-01	1.58e-02	1.19e-04
 3.96215e+22	4.58e-09	7.32e-05	3.39e-02	2.61e-01	3.05e-01	3.85e-01	1.41e-02	1.01e-04
 3.99480e+22	5.48e-09	8.43e-05	3.75e-02	2.74e-01	3.08e-01	3.68e-01	1.28e-02	8.62e-05
 4.03173e+22	6.89e-09	1.01e-04	4.27e-02	2.92e-01	3.10e-01	3.45e-01	1.11e-02	7.02e-05
 4.06953e+22	8.34e-09	1.17e-04	4.74e-02	3.06e-01	3.10e-01	3.26e-01	9.91e-03	5.88e-05
 4.10848e+22	1.06e-08	1.41e-04	5.40e-02	3.24e-01	3.10e-01	3.03e-01	8.53e-03	4.70e-05
 4.14795e+22	1.29e-08	1.64e-04	6.00e-02	3.39e-01	3.10e-01	2.84e-01	7.50e-03	3.88e-05
 4.18813e+22	1.65e-08	1.97e-04	6.79e-02	3.57e-01	3.07e-01	2.62e-01	6.40e-03	3.07e-05
 4.22935e+22	2.04e-08	2.31e-04	7.55e-02	3.72e-01	3.04e-01	2.43e-01	5.54e-03	2.48e-05
 4.26587e+22	2.49e-08	2.68e-04	8.33e-02	3.86e-01	3.00e-01	2.25e-01	4.82e-03	2.03e-05
 4.30726e+22	3.21e-08	3.24e-04	9.39e-02	4.04e-01	2.94e-01	2.04e-01	4.03e-03	1.57e-05
 4.34988e+22	3.97e-08	3.78e-04	1.04e-01	4.17e-01	2.88e-01	1.87e-01	3.44e-03	1.25e-05
 4.38783e+22	4.86e-08	4.39e-04	1.14e-01	4.30e-01	2.81e-01	1.71e-01	2.95e-03	1.00e-05
 4.43089e+22	6.30e-08	5.29e-04	1.28e-01	4.45e-01	2.72e-01	1.53e-01	2.41e-03	7.53e-06
 4.47452e+22	7.77e-08	6.14e-04	1.40e-01	4.56e-01	2.63e-01	1.39e-01	2.03e-03	5.92e-06
 4.51150e+22	9.39e-08	7.03e-04	1.51e-01	4.65e-01	2.55e-01	1.26e-01	1.74e-03	4.75e-06
 4.54574e+22	1.12e-07	7.95e-04	1.63e-01	4.72e-01	2.47e-01	1.16e-01	1.50e-03	3.87e-06
 4.58384e+22	1.39e-07	9.27e-04	1.77e-01	4.80e-01	2.37e-01	1.03e-01	1.24e-03	2.97e-06
 4.62245e+22	1.68e-07	1.05e-03	1.91e-01	4.86e-01	2.27e-01	9.36e-02	1.05e-03	2.36e-06
 4.65613e+22	1.99e-07	1.19e-03	2.04e-01	4.91e-01	2.18e-01	8.51e-02	9.00e-04	1.91e-06
 4.69430e+22	2.46e-07	1.37e-03	2.20e-01	4.95e-01	2.07e-01	7.53e-02	7.37e-04	1.45e-06
 4.73360e+22	2.96e-07	1.56e-03	2.35e-01	4.98e-01	1.97e-01	6.75e-02	6.17e-04	1.13e-06
 4.76868e+22	3.52e-07	1.75e-03	2.50e-01	4.99e-01	1.88e-01	6.07e-02	5.20e-04	8.99e-07
 4.80859e+22	4.41e-07	2.03e-03	2.70e-01	4.99e-01	1.76e-01	5.27e-02	4.16e-04	6.64e-07
 4.84916e+22	5.29e-07	2.29e-03	2.86e-01	4.98e-01	1.66e-01	4.69e-02	3.45e-04	5.15e-07
 4.88271e+22	6.17e-07	2.54e-03	3.01e-01	4.96e-01	1.58e-01	4.23e-02	2.94e-04	4.13e-07
 4.91844e+22	7.47e-07	2.88e-03	3.19e-01	4.93e-01	1.48e-01	3.72e-02	2.39e-04	3.14e-07
 4.95473e+22	8.75e-07	3.19e-03	3.35e-01	4.89e-01	1.39e-01	3.33e-02	2.01e-04	2.49e-07
 4.98684e+22	1.02e-06	3.53e-03	3.50e-01	4.85e-01	1.32e-01	2.98e-02	1.70e-04	1.97e-07
 5.02366e+22	1.23e-06	4.00e-03	3.70e-01	4.78e-01	1.22e-01	2.59e-02	1.36e-04	1.48e-07
 5.06086e+22	1.45e-06	4.42e-03	3.86e-01	4.72e-01	1.14e-01	2.30e-02	1.13e-04	0.00e+00
 5.09347e+22	1.68e-06	4.88e-03	4.02e-01	4.65e-01	1.07e-01	2.05e-02	9.48e-05	0.00e+00
 5.13078e+22	2.03e-06	5.50e-03	4.23e-01	4.56e-01	9.86e-02	1.76e-02	7.55e-05	0.00e+00
 5.16862e+22	2.37e-06	6.07e-03	4.39e-01	4.47e-01	9.18e-02	1.56e-02	6.22e-05	0.00e+00
 5.20212e+22	2.75e-06	6.68e-03	4.56e-01	4.38e-01	8.54e-02	1.37e-02	5.15e-05	0.00e+00
 5.24062e+22	3.32e-06	7.53e-03	4.77e-01	4.26e-01	7.78e-02	1.17e-02	4.04e-05	0.00e+00
 5.27962e+22	3.87e-06	8.29e-03	4.94e-01	4.16e-01	7.19e-02	1.02e-02	3.29e-05	0.00e+00
 5.31927e+22	4.68e-06	9.34e-03	5.15e-01	4.02e-01	6.50e-02	8.65e-03	2.55e-05	0.00e+00
 5.35931e+22	5.46e-06	1.03e-02	5.32e-01	3.91e-01	5.96e-02	7.52e-03	2.06e-05	0.00e+00
 5.39987e+22	6.60e-06	1.16e-02	5.53e-01	3.76e-01	5.35e-02	6.30e-03	1.58e-05	0.00e+00
 5.44097e+22	7.70e-06	1.27e-02	5.70e-01	3.63e-01	4.88e-02	5.43e-03	1.26e-05	0.00e+00
 5.48277e+22	9.31e-06	1.43e-02	5.91e-01	3.47e-01	4.34e-02	4.51e-03	9.57e-06	0.00e+00
 5.52530e+22	1.09e-05	1.57e-02	6.08e-01	3.33e-01	3.92e-02	3.86e-03	7.55e-06	0.00e+00
 5.56879e+22	1.32e-05	1.77e-02	6.28e-01	3.16e-01	3.46e-02	3.17e-03	5.63e-06	0.00e+00
 5.61312e+22	1.55e-05	1.94e-02	6.45e-01	3.02e-01	3.09e-02	2.68e-03	4.38e-06	0.00e+00
 5.65854e+22	1.90e-05	2.20e-02	6.65e-01	2.84e-01	2.69e-02	2.16e-03	3.18e-06	0.00e+00
 5.70054e+22	2.14e-05	2.36e-02	6.78e-01	2.72e-01	2.44e-02	1.88e-03	2.58e-06	0.00e+00
 5.72614e+22	2.29e-05	2.45e-02	6.85e-01	2.65e-01	2.31e-02	1.73e-03	2.29e-06	0.00e+00
 5.74256e+22	2.41e-05	2.52e-02	6.90e-01	2.61e-01	2.22e-02	1.64e-03	2.11e-06	0.00e+00
 5.75904e+22	2.59e-05	2.64e-02	6.97e-01	2.54e-01	2.10e-02	1.51e-03	1.87e-06	0.00e+00
 5.78046e+22	2.83e-05	2.78e-02	7.05e-01	2.46e-01	1.97e-02	1.37e-03	1.61e-06	0.00e+00
 5.80831e+22	3.23e-05	3.01e-02	7.17e-01	2.34e-01	1.78e-02	1.18e-03	1.30e-06	0.00e+00
 5.83667e+22	3.53e-05	3.17e-02	7.25e-01	2.26e-01	1.65e-02	1.06e-03	1.11e-06	0.00e+00
 5.86570e+22	3.99e-05	3.41e-02	7.35e-01	2.15e-01	1.50e-02	9.20e-04	9.00e-07	0.00e+00
 5.89767e+22	4.49e-05	3.65e-02	7.45e-01	2.04e-01	1.35e-02	7.98e-04	7.31e-07	0.00e+00
 5.93345e+22	5.24e-05	4.01e-02	7.57e-01	1.91e-01	1.19e-02	6.65e-04	5.58e-07	0.00e+00
 5.96865e+22	5.88e-05	4.28e-02	7.65e-01	1.80e-01	1.07e-02	5.75e-04	4.52e-07	0.00e+00
 6.00308e+22	6.82e-05	4.68e-02	7.75e-01	1.68e-01	9.44e-03	4.81e-04	3.48e-07	0.00e+00
 6.03787e+22	7.66e-05	5.00e-02	7.83e-01	1.58e-01	8.48e-03	4.14e-04	2.81e-07	0.00e+00
 6.07314e+22	8.94e-05	5.48e-02	7.91e-01	1.46e-01	7.41e-03	3.43e-04	2.14e-07	0.00e+00
 6.10858e+22	1.01e-04	5.89e-02	7.98e-01	1.36e-01	6.59e-03	2.92e-04	1.69e-07	0.00e+00
 6.14425e+22	1.19e-04	6.48e-02	8.04e-01	1.25e-01	5.72e-03	2.39e-04	1.27e-07	0.00e+00
 6.17985e+22	1.35e-04	6.98e-02	8.09e-01	1.16e-01	5.06e-03	2.02e-04	0.00e+00	0.00e+00
 6.21536e+22	1.60e-04	7.72e-02	8.13e-01	1.05e-01	4.36e-03	1.64e-04	0.00e+00	0.00e+00
 6.25064e+22	1.84e-04	8.36e-02	8.16e-01	9.68e-02	3.85e-03	1.38e-04	0.00e+00	0.00e+00
 6.28560e+22	2.19e-04	9.27e-02	8.17e-01	8.72e-02	3.31e-03	1.11e-04	0.00e+00	0.00e+00
 6.32011e+22	2.53e-04	1.01e-01	8.16e-01	7.96e-02	2.92e-03	9.23e-05	0.00e+00	0.00e+00
 6.34936e+22	2.89e-04	1.09e-01	8.15e-01	7.31e-02	2.60e-03	7.78e-05	0.00e+00	0.00e+00
 6.38272e+22	3.49e-04	1.21e-01	8.11e-01	6.51e-02	2.23e-03	6.16e-05	0.00e+00	0.00e+00
 6.41528e+22	4.03e-04	1.32e-01	8.07e-01	5.91e-02	1.97e-03	5.14e-05	0.00e+00	0.00e+00
 6.44266e+22	4.66e-04	1.43e-01	8.01e-01	5.38e-02	1.75e-03	4.29e-05	0.00e+00	0.00e+00
 6.47412e+22	5.60e-04	1.59e-01	7.91e-01	4.77e-02	1.51e-03	3.38e-05	0.00e+00	0.00e+00
 6.50538e+22	6.53e-04	1.74e-01	7.81e-01	4.29e-02	1.34e-03	2.78e-05	0.00e+00	0.00e+00
 6.53201e+22	7.61e-04	1.89e-01	7.70e-01	3.87e-02	1.19e-03	2.29e-05	0.00e+00	0.00e+00
 6.55811e+22	8.83e-04	2.06e-01	7.58e-01	3.48e-02	1.06e-03	1.88e-05	0.00e+00	0.00e+00
 6.58785e+22	1.07e-03	2.29e-01	7.39e-01	3.04e-02	9.09e-04	1.46e-05	0.00e+00	0.00e+00
 6.61761e+22	1.26e-03	2.50e-01	7.21e-01	2.69e-02	7.98e-04	1.16e-05	0.00e+00	0.00e+00
 6.64266e+22	1.47e-03	2.71e-01	7.02e-01	2.39e-02	7.07e-04	9.42e-06	0.00e+00	0.00e+00
 6.67052e+22	1.78e-03	3.01e-01	6.76e-01	2.06e-02	6.05e-04	7.16e-06	0.00e+00	0.00e+00
 6.69881e+22	2.11e-03	3.29e-01	6.51e-01	1.79e-02	5.26e-04	5.57e-06	0.00e+00	0.00e+00
 6.72292e+22	2.46e-03	3.56e-01	6.25e-01	1.56e-02	4.60e-04	4.38e-06	0.00e+00	0.00e+00
 6.74952e+22	3.00e-03	3.94e-01	5.90e-01	1.31e-02	3.85e-04	3.19e-06	0.00e+00	0.00e+00
 6.77658e+22	3.58e-03	4.30e-01	5.56e-01	1.10e-02	3.26e-04	2.37e-06	0.00e+00	0.00e+00
 6.79933e+22	4.20e-03	4.64e-01	5.22e-01	9.31e-03	2.77e-04	1.78e-06	0.00e+00	0.00e+00
 6.82399e+22	5.11e-03	5.09e-01	4.79e-01	7.47e-03	2.24e-04	1.23e-06	0.00e+00	0.00e+00
 6.84939e+22	6.19e-03	5.54e-01	4.34e-01	5.93e-03	1.80e-04	8.39e-07	0.00e+00	0.00e+00
 6.87027e+22	7.28e-03	5.93e-01	3.95e-01	4.78e-03	1.46e-04	5.92e-07	0.00e+00	0.00e+00
 6.88877e+22	8.56e-03	6.32e-01	3.55e-01	3.81e-03	1.18e-04	4.11e-07	0.00e+00	0.00e+00
 6.90664e+22	9.99e-03	6.70e-01	3.17e-01	3.00e-03	9.35e-05	2.82e-07	0.00e+00	0.00e+00
 6.92418e+22	1.18e-02	7.09e-01	2.77e-01	2.29e-03	7.19e-05	1.84e-07	0.00e+00	0.00e+00
 6.94094e+22	1.39e-02	7.46e-01	2.39e-01	1.72e-03	5.44e-05	0.00e+00	0.00e+00	0.00e+00
 6.95643e+22	1.63e-02	7.80e-01	2.03e-01	1.28e-03	4.03e-05	0.00e+00	0.00e+00	0.00e+00
 6.97084e+22	1.90e-02	8.09e-01	1.71e-01	9.38e-04	2.95e-05	0.00e+00	0.00e+00	0.00e+00
 6.98443e+22	2.24e-02	8.36e-01	1.41e-01	6.77e-04	2.10e-05	0.00e+00	0.00e+00	0.00e+00
 6.99738e+22	2.62e-02	8.58e-01	1.15e-01	4.84e-04	1.47e-05	0.00e+00	0.00e+00	0.00e+00
 7.00945e+22	3.10e-02	8.76e-01	9.25e-02	3.42e-04	1.00e-05	0.00e+00	0.00e+00	0.00e+00
 7.02014e+22	3.63e-02	8.89e-01	7.43e-02	2.47e-04	6.89e-06	0.00e+00	0.00e+00	0.00e+00
 7.02935e+22	4.20e-02	8.97e-01	6.03e-02	1.84e-04	4.84e-06	0.00e+00	0.00e+00	0.00e+00
 7.03768e+22	4.86e-02	9.02e-01	4.88e-02	1.39e-04	3.40e-06	0.00e+00	0.00e+00	0.00e+00
 7.04542e+22	5.60e-02	9.04e-01	3.95e-02	1.06e-04	2.39e-06	0.00e+00	0.00e+00	0.00e+00
 7.05253e+22	6.45e-02	9.04e-01	3.19e-02	8.28e-05	1.69e-06	0.00e+00	0.00e+00	0.00e+00
 7.05907e+22	7.40e-02	9.00e-01	2.59e-02	6.58e-05	1.20e-06	0.00e+00	0.00e+00	0.00e+00
 7.06517e+22	8.47e-02	8.94e-01	2.10e-02	5.32e-05	8.62e-07	0.00e+00	0.00e+00	0.00e+00
 7.07089e+22	9.67e-02	8.86e-01	1.70e-02	4.36e-05	6.22e-07	0.00e+00	0.00e+00	0.00e+00
 7.07631e+22	1.10e-01	8.76e-01	1.39e-02	3.64e-05	4.54e-07	0.00e+00	0.00e+00	0.00e+00
 7.08157e+22	1.25e-01	8.63e-01	1.13e-02	3.06e-05	3.30e-07	0.00e+00	0.00e+00	0.00e+00
 7.08667e+22	1.42e-01	8.48e-01	9.10e-03	2.60e-05	2.41e-07	0.00e+00	0.00e+00	0.00e+00
 7.09148e+22	1.61e-01	8.32e-01	7.41e-03	2.25e-05	1.79e-07	0.00e+00	0.00e+00	0.00e+00
 7.09587e+22	1.80e-01	8.14e-01	6.11e-03	1.97e-05	1.36e-07	0.00e+00	0.00e+00	0.00e+00
 7.09982e+22	1.99e-01	7.96e-01	5.12e-03	1.76e-05	0.00e+00	0.00e+00	0.00e+00	0.00e+00
 7.10345e+22	2.17e-01	7.78e-01	4.34e-03	1.60e-05	0.00e+00	0.00e+00	0.00e+00	0.00e+00
 7.10693e+22	2.36e-01	7.60e-01	3.69e-03	1.46e-05	0.00e+00	0.00e+00	0.00e+00	0.00e+00
 7.11034e+22	2.56e-01	7.40e-01	3.15e-03	1.34e-05	0.00e+00	0.00e+00	0.00e+00	0.00e+00
 7.11371e+22	2.77e-01	7.20e-01	2.69e-03	1.23e-05	0.00e+00	0.00e+00	0.00e+00	0.00e+00
 7.11698e+22	2.98e-01	7.00e-01	2.30e-03	1.14e-05	0.00e+00	0.00e+00	0.00e+00	0.00e+00
 7.11951e+22	3.13e-01	6.85e-01	2.06e-03	1.08e-05	0.00e+00	0.00e+00	0.00e+00	0.00e+00
 7.12126e+22	3.24e-01	6.74e-01	1.90e-03	1.04e-05	0.00e+00	0.00e+00	0.00e+00	0.00e+00
 7.12298e+22	3.36e-01	6.62e-01	1.75e-03	9.97e-06	0.00e+00	0.00e+00	0.00e+00	0.00e+00
 7.12499e+22	3.49e-01	6.49e-01	1.58e-03	9.54e-06	0.00e+00	0.00e+00	0.00e+00	0.00e+00
 7.12720e+22	3.65e-01	6.34e-01	1.43e-03	9.09e-06	0.00e+00	0.00e+00	0.00e+00	0.00e+00
 7.12940e+22	3.80e-01	6.19e-01	1.28e-03	8.67e-06	0.00e+00	0.00e+00	0.00e+00	0.00e+00
 7.13153e+22	3.95e-01	6.04e-01	1.16e-03	8.29e-06	0.00e+00	0.00e+00	0.00e+00	0.00e+00
 7.13362e+22	4.09e-01	5.90e-01	1.05e-03	7.93e-06	0.00e+00	0.00e+00	0.00e+00	0.00e+00
 7.13580e+22	4.25e-01	5.74e-01	9.46e-04	7.58e-06	0.00e+00	0.00e+00	0.00e+00	0.00e+00
 7.13808e+22	4.41e-01	5.58e-01	8.47e-04	7.22e-06	0.00e+00	0.00e+00	0.00e+00	0.00e+00
 7.14032e+22	4.57e-01	5.42e-01	7.62e-04	6.90e-06	0.00e+00	0.00e+00	0.00e+00	0.00e+00
 7.14254e+22	4.72e-01	5.27e-01	6.86e-04	6.59e-06	0.00e+00	0.00e+00	0.00e+00	0.00e+00
 7.14487e+22	4.89e-01	5.10e-01	6.14e-04	6.28e-06	0.00e+00	0.00e+00	0.00e+00	0.00e+00
 7.14724e+22	5.05e-01	4.94e-01	5.50e-04	5.99e-06	0.00e+00	0.00e+00	0.00e+00	0.00e+00
 7.14963e+22	5.22e-01	4.78e-01	4.92e-04	5.71e-06	0.00e+00	0.00e+00	0.00e+00	0.00e+00
 7.15207e+22	5.38e-01	4.61e-01	4.39e-04	5.44e-06	0.00e+00	0.00e+00	0.00e+00	0.00e+00
 7.15453e+22	5.55e-01	4.45e-01	3.93e-04	5.18e-06	0.00e+00	0.00e+00	0.00e+00	0.00e+00
 7.15701e+22	5.71e-01	4.29e-01	3.51e-04	4.94e-06	0.00e+00	0.00e+00	0.00e+00	0.00e+00
 7.15958e+22	5.87e-01	4.13e-01	3.14e-04	4.70e-06	0.00e+00	0.00e+00	0.00e+00	0.00e+00
 7.16222e+22	6.03e-01	3.96e-01	2.80e-04	4.47e-06	0.00e+00	0.00e+00	0.00e+00	0.00e+00
 7.16490e+22	6.20e-01	3.80e-01	2.50e-04	4.25e-06	0.00e+00	0.00e+00	0.00e+00	0.00e+00
 7.16761e+22	6.35e-01	3.64e-01	2.23e-04	4.04e-06	0.00e+00	0.00e+00	0.00e+00	0.00e+00
 7.17040e+22	6.51e-01	3.49e-01	2.00e-04	3.84e-06	0.00e+00	0.00e+00	0.00e+00	0.00e+00
 7.17330e+22	6.66e-01	3.33e-01	1.78e-04	3.64e-06	0.00e+00	0.00e+00	0.00e+00	0.00e+00
 7.17627e+22	6.82e-01	3.18e-01	1.60e-04	3.45e-06	0.00e+00	0.00e+00	0.00e+00	0.00e+00
 7.17932e+22	6.97e-01	3.03e-01	1.43e-04	3.28e-06	0.00e+00	0.00e+00	0.00e+00	0.00e+00
 7.18244e+22	7.11e-01	2.89e-01	1.29e-04	3.11e-06	0.00e+00	0.00e+00	0.00e+00	0.00e+00
 7.18564e+22	7.25e-01	2.75e-01	1.17e-04	2.95e-06	0.00e+00	0.00e+00	0.00e+00	0.00e+00
 7.18889e+22	7.38e-01	2.62e-01	1.06e-04	2.81e-06	0.00e+00	0.00e+00	0.00e+00	0.00e+00
 7.19222e+22	7.51e-01	2.49e-01	9.63e-05	2.67e-06	0.00e+00	0.00e+00	0.00e+00	0.00e+00
 7.19568e+22	7.63e-01	2.37e-01	8.80e-05	2.54e-06	0.00e+00	0.00e+00	0.00e+00	0.00e+00
 7.19925e+22	7.75e-01	2.25e-01	8.08e-05	2.42e-06	0.00e+00	0.00e+00	0.00e+00	0.00e+00
 7.20289e+22	7.86e-01	2.14e-01	7.46e-05	2.30e-06	0.00e+00	0.00e+00	0.00e+00	0.00e+00
 7.20666e+22	7.97e-01	2.03e-01	6.91e-05	2.20e-06	0.00e+00	0.00e+00	0.00e+00	0.00e+00
 7.21063e+22	8.07e-01	1.93e-01	6.43e-05	2.10e-06	0.00e+00	0.00e+00	0.00e+00	0.00e+00
 7.21483e+22	8.17e-01	1.83e-01	6.01e-05	2.00e-06	0.00e+00	0.00e+00	0.00e+00	0.00e+00
 7.21921e+22	8.26e-01	1.74e-01	5.65e-05	1.92e-06	0.00e+00	0.00e+00	0.00e+00	0.00e+00
 7.22385e+22	8.35e-01	1.65e-01	5.32e-05	1.83e-06	0.00e+00	0.00e+00	0.00e+00	0.00e+00
 7.22888e+22	8.44e-01	1.56e-01	5.03e-05	1.75e-06	0.00e+00	0.00e+00	0.00e+00	0.00e+00
 7.23431e+22	8.52e-01	1.48e-01	4.76e-05	1.67e-06	0.00e+00	0.00e+00	0.00e+00	0.00e+00
 7.24016e+22	8.60e-01	1.40e-01	4.53e-05	1.60e-06	0.00e+00	0.00e+00	0.00e+00	0.00e+00
 7.24650e+22	8.68e-01	1.32e-01	4.32e-05	1.53e-06	0.00e+00	0.00e+00	0.00e+00	0.00e+00
 7.25319e+22	8.75e-01	1.25e-01	4.14e-05	1.47e-06	0.00e+00	0.00e+00	0.00e+00	0.00e+00
 7.25998e+22	8.81e-01	1.19e-01	3.98e-05	1.41e-06	0.00e+00	0.00e+00	0.00e+00	0.00e+00
 7.26675e+22	8.87e-01	1.13e-01	3.85e-05	1.36e-06	0.00e+00	0.00e+00	0.00e+00	0.00e+00
 7.27352e+22	8.92e-01	1.08e-01	3.73e-05	1.31e-06	0.00e+00	0.00e+00	0.00e+00	0.00e+00
 7.28051e+22	8.97e-01	1.03e-01	3.62e-05	1.27e-06	0.00e+00	0.00e+00	0.00e+00	0.00e+00
 7.28773e+22	9.02e-01	9.81e-02	3.51e-05	1.23e-06	0.00e+00	0.00e+00	0.00e+00	0.00e+00
 7.29497e+22	9.06e-01	9.36e-02	3.42e-05	1.19e-06	0.00e+00	0.00e+00	0.00e+00	0.00e+00
 7.30189e+22	9.10e-01	8.98e-02	3.34e-05	1.15e-06	0.00e+00	0.00e+00	0.00e+00	0.00e+00
 7.30871e+22	9.14e-01	8.60e-02	3.26e-05	1.12e-06	0.00e+00	0.00e+00	0.00e+00	0.00e+00
 7.31565e+22	9.17e-01	8.25e-02	3.19e-05	1.09e-06	0.00e+00	0.00e+00	0.00e+00	0.00e+00
 7.32248e+22	9.21e-01	7.91e-02	3.12e-05	1.06e-06	0.00e+00	0.00e+00	0.00e+00	0.00e+00
 7.32914e+22	9.24e-01	7.61e-02	3.06e-05	1.03e-06	0.00e+00	0.00e+00	0.00e+00	0.00e+00
 7.33563e+22	9.27e-01	7.32e-02	3.00e-05	1.01e-06	0.00e+00	0.00e+00	0.00e+00	0.00e+00
 7.34196e+22	9.29e-01	7.05e-02	2.95e-05	9.87e-07	0.00e+00	0.00e+00	0.00e+00	0.00e+00
 7.34812e+22	9.32e-01	6.80e-02	2.90e-05	9.67e-07	0.00e+00	0.00e+00	0.00e+00	0.00e+00
 7.35409e+22	9.34e-01	6.57e-02	2.86e-05	9.49e-07	0.00e+00	0.00e+00	0.00e+00	0.00e+00
 7.35988e+22	9.36e-01	6.36e-02	2.81e-05	9.33e-07	0.00e+00	0.00e+00	0.00e+00	0.00e+00
 7.36548e+22	9.38e-01	6.16e-02	2.77e-05	9.18e-07	0.00e+00	0.00e+00	0.00e+00	0.00e+00
 7.37091e+22	9.40e-01	5.98e-02	2.74e-05	9.05e-07	0.00e+00	0.00e+00	0.00e+00	0.00e+00
 7.37618e+22	9.42e-01	5.81e-02	2.70e-05	8.95e-07	0.00e+00	0.00e+00	0.00e+00	0.00e+00
 7.38120e+22	9.43e-01	5.67e-02	2.67e-05	8.86e-07	0.00e+00	0.00e+00	0.00e+00	0.00e+00
 7.38612e+22	9.45e-01	5.52e-02	2.64e-05	8.78e-07	0.00e+00	0.00e+00	0.00e+00	0.00e+00
 7.39092e+22	9.46e-01	5.39e-02	2.62e-05	8.73e-07	0.00e+00	0.00e+00	0.00e+00	0.00e+00
 7.39528e+22	9.47e-01	5.29e-02	2.59e-05	8.69e-07	0.00e+00	0.00e+00	0.00e+00	0.00e+00
 7.39925e+22	9.48e-01	5.20e-02	2.57e-05	8.67e-07	0.00e+00	0.00e+00	0.00e+00	0.00e+00
 7.40286e+22	9.49e-01	5.12e-02	2.55e-05	8.66e-07	0.00e+00	0.00e+00	0.00e+00	0.00e+00
 7.40615e+22	9.49e-01	5.05e-02	2.54e-05	8.66e-07	0.00e+00	0.00e+00	0.00e+00	0.00e+00
 7.40914e+22	9.50e-01	5.00e-02	2.52e-05	8.67e-07	0.00e+00	0.00e+00	0.00e+00	0.00e+00
 7.41186e+22	9.50e-01	4.95e-02	2.51e-05	8.69e-07	0.00e+00	0.00e+00	0.00e+00	0.00e+00
 7.41485e+22	9.51e-01	4.88e-02	2.49e-05	8.70e-07	0.00e+00	0.00e+00	0.00e+00	0.00e+00
 7.41807e+22	9.52e-01	4.82e-02	2.48e-05	8.71e-07	0.00e+00	0.00e+00	0.00e+00	0.00e+00
 7.42100e+22	9.52e-01	4.78e-02	2.47e-05	8.72e-07	0.00e+00	0.00e+00	0.00e+00	0.00e+00
 7.42367e+22	9.53e-01	4.74e-02	2.46e-05	8.77e-07	0.00e+00	0.00e+00	0.00e+00	0.00e+00
 7.42609e+22	9.53e-01	4.71e-02	2.45e-05	8.79e-07	0.00e+00	0.00e+00	0.00e+00	0.00e+00
 7.42875e+22	9.53e-01	4.66e-02	2.43e-05	8.81e-07	0.00e+00	0.00e+00	0.00e+00	0.00e+00
 7.43162e+22	9.54e-01	4.62e-02	2.42e-05	8.84e-07	0.00e+00	0.00e+00	0.00e+00	0.00e+00
 7.43424e+22	9.54e-01	4.59e-02	2.41e-05	8.92e-07	0.00e+00	0.00e+00	0.00e+00	0.00e+00
 7.43661e+22	9.54e-01	4.57e-02	2.40e-05	8.90e-07	0.00e+00	0.00e+00	0.00e+00	0.00e+00
 7.43922e+22	9.55e-01	4.53e-02	2.39e-05	8.98e-07	0.00e+00	0.00e+00	0.00e+00	0.00e+00
 7.44203e+22	9.55e-01	4.49e-02	2.38e-05	8.94e-07	0.00e+00	0.00e+00	0.00e+00	0.00e+00
 7.44511e+22	9.55e-01	4.45e-02	2.36e-05	8.96e-07	0.00e+00	0.00e+00	0.00e+00	0.00e+00
 7.44844e+22	9.56e-01	4.41e-02	2.35e-05	8.96e-07	0.00e+00	0.00e+00	0.00e+00	0.00e+00
 7.45209e+22	9.56e-01	4.37e-02	2.33e-05	8.99e-07	0.00e+00	0.00e+00	0.00e+00	0.00e+00
 7.45602e+22	9.57e-01	4.33e-02	2.32e-05	9.00e-07	0.00e+00	0.00e+00	0.00e+00	0.00e+00
 7.45961e+22	9.57e-01	4.30e-02	2.30e-05	9.03e-07	0.00e+00	0.00e+00	0.00e+00	0.00e+00
 7.46287e+22	9.57e-01	4.27e-02	2.29e-05	9.07e-07	0.00e+00	0.00e+00	0.00e+00	0.00e+00
 7.46583e+22	9.57e-01	4.25e-02	2.28e-05	9.15e-07	0.00e+00	0.00e+00	0.00e+00	0.00e+00
 7.46853e+22	9.58e-01	4.23e-02	2.27e-05	9.14e-07	0.00e+00	0.00e+00	0.00e+00	0.00e+00
 7.47149e+22	9.58e-01	4.21e-02	2.26e-05	9.19e-07	0.00e+00	0.00e+00	0.00e+00	0.00e+00
 7.47468e+22	9.58e-01	4.18e-02	2.25e-05	9.21e-07	0.00e+00	0.00e+00	0.00e+00	0.00e+00
 7.47818e+22	9.59e-01	4.14e-02	2.23e-05	9.25e-07	0.00e+00	0.00e+00	0.00e+00	0.00e+00
 7.48196e+22	9.59e-01	4.11e-02	2.22e-05	9.28e-07	0.00e+00	0.00e+00	0.00e+00	0.00e+00
 7.48540e+22	9.59e-01	4.09e-02	2.21e-05	9.33e-07	0.00e+00	0.00e+00	0.00e+00	0.00e+00
 7.48853e+22	9.59e-01	4.07e-02	2.21e-05	9.38e-07	0.00e+00	0.00e+00	0.00e+00	0.00e+00
 7.49137e+22	9.59e-01	4.06e-02	2.21e-05	9.49e-07	0.00e+00	0.00e+00	0.00e+00	0.00e+00
 7.49396e+22	9.59e-01	4.05e-02	2.20e-05	9.52e-07	0.00e+00	0.00e+00	0.00e+00	0.00e+00
 7.49680e+22	9.60e-01	4.02e-02	2.20e-05	9.55e-07	0.00e+00	0.00e+00	0.00e+00	0.00e+00
 7.49987e+22	9.60e-01	4.00e-02	2.19e-05	9.60e-07	0.00e+00	0.00e+00	0.00e+00	0.00e+00
 7.50266e+22	9.60e-01	3.99e-02	2.19e-05	9.69e-07	0.00e+00	0.00e+00	0.00e+00	0.00e+00
 7.50519e+22	9.60e-01	3.97e-02	2.18e-05	9.70e-07	0.00e+00	0.00e+00	0.00e+00	0.00e+00
 7.50798e+22	9.60e-01	3.95e-02	2.18e-05	9.76e-07	0.00e+00	0.00e+00	0.00e+00	0.00e+00
 7.51098e+22	9.61e-01	3.93e-02	2.17e-05	9.77e-07	0.00e+00	0.00e+00	0.00e+00	0.00e+00
 7.51427e+22	9.61e-01	3.90e-02	2.17e-05	9.82e-07	0.00e+00	0.00e+00	0.00e+00	0.00e+00
 7.51782e+22	9.61e-01	3.88e-02	2.16e-05	9.87e-07	0.00e+00	0.00e+00	0.00e+00	0.00e+00
 7.52105e+22	9.61e-01	3.86e-02	2.16e-05	9.95e-07	0.00e+00	0.00e+00	0.00e+00	0.00e+00
 7.52399e+22	9.61e-01	3.85e-02	2.15e-05	9.99e-07	0.00e+00	0.00e+00	0.00e+00	0.00e+00
 7.52722e+22	9.62e-01	3.82e-02	2.14e-05	1.00e-06	0.00e+00	0.00e+00	0.00e+00	0.00e+00
 7.53070e+22	9.62e-01	3.80e-02	2.14e-05	1.01e-06	0.00e+00	0.00e+00	0.00e+00	0.00e+00
 7.53386e+22	9.62e-01	3.79e-02	2.14e-05	1.01e-06	0.00e+00	0.00e+00	0.00e+00	0.00e+00
 7.53674e+22	9.62e-01	3.77e-02	2.13e-05	1.01e-06	0.00e+00	0.00e+00	0.00e+00	0.00e+00
 7.53990e+22	9.63e-01	3.75e-02	2.12e-05	1.02e-06	0.00e+00	0.00e+00	0.00e+00	0.00e+00
 7.54331e+22	9.63e-01	3.72e-02	2.12e-05	1.02e-06	0.00e+00	0.00e+00	0.00e+00	0.00e+00
 7.54641e+22	9.63e-01	3.71e-02	2.11e-05	1.02e-06	0.00e+00	0.00e+00	0.00e+00	0.00e+00
 7.54981e+22	9.63e-01	3.68e-02	2.10e-05	1.02e-06	0.00e+00	0.00e+00	0.00e+00	0.00e+00
 7.55348e+22	9.63e-01	3.65e-02	2.10e-05	1.02e-06	0.00e+00	0.00e+00	0.00e+00	0.00e+00
 7.55750e+22	9.64e-01	3.62e-02	2.09e-05	1.02e-06	0.00e+00	0.00e+00	0.00e+00	0.00e+00
 7.56184e+22	9.64e-01	3.59e-02	2.08e-05	1.02e-06	0.00e+00	0.00e+00	0.00e+00	0.00e+00
 7.56579e+22	9.64e-01	3.57e-02	2.07e-05	1.03e-06	0.00e+00	0.00e+00	0.00e+00	0.00e+00
 7.56939e+22	9.64e-01	3.55e-02	2.06e-05	1.02e-06	0.00e+00	0.00e+00	0.00e+00	0.00e+00
 7.57333e+22	9.65e-01	3.52e-02	2.06e-05	1.02e-06	0.00e+00	0.00e+00	0.00e+00	0.00e+00
 7.57758e+22	9.65e-01	3.49e-02	2.05e-05	1.03e-06	0.00e+00	0.00e+00	0.00e+00	0.00e+00
 7.58145e+22	9.65e-01	3.47e-02	2.04e-05	1.02e-06	0.00e+00	0.00e+00	0.00e+00	0.00e+00
 7.58569e+22	9.66e-01	3.44e-02	2.03e-05	1.02e-06	0.00e+00	0.00e+00	0.00e+00	0.00e+00
 7.59027e+22	9.66e-01	3.41e-02	2.02e-05	1.02e-06	0.00e+00	0.00e+00	0.00e+00	0.00e+00
 7.59443e+22	9.66e-01	3.39e-02	2.02e-05	1.03e-06	0.00e+00	0.00e+00	0.00e+00	0.00e+00
 7.59822e+22	9.66e-01	3.37e-02	2.01e-05	1.02e-06	0.00e+00	0.00e+00	0.00e+00	0.00e+00
 7.60238e+22	9.67e-01	3.34e-02	2.00e-05	1.02e-06	0.00e+00	0.00e+00	0.00e+00	0.00e+00
 7.60686e+22	9.67e-01	3.31e-02	1.99e-05	1.02e-06	0.00e+00	0.00e+00	0.00e+00	0.00e+00
 7.61094e+22	9.67e-01	3.29e-02	1.98e-05	1.02e-06	0.00e+00	0.00e+00	0.00e+00	0.00e+00
 7.61542e+22	9.67e-01	3.25e-02	1.97e-05	1.02e-06	0.00e+00	0.00e+00	0.00e+00	0.00e+00
 7.62024e+22	9.68e-01	3.22e-02	1.96e-05	1.01e-06	0.00e+00	0.00e+00	0.00e+00	0.00e+00
 7.62464e+22	9.68e-01	3.21e-02	1.96e-05	1.02e-06	0.00e+00	0.00e+00	0.00e+00	0.00e+00
 7.62864e+22	9.68e-01	3.19e-02	1.95e-05	1.01e-06	0.00e+00	0.00e+00	0.00e+00	0.00e+00
 7.63302e+22	9.68e-01	3.15e-02	1.94e-05	1.01e-06	0.00e+00	0.00e+00	0.00e+00	0.00e+00
 7.63775e+22	9.69e-01	3.12e-02	1.93e-05	1.01e-06	0.00e+00	0.00e+00	0.00e+00	0.00e+00
 7.64205e+22	9.69e-01	3.10e-02	1.92e-05	1.00e-06	0.00e+00	0.00e+00	0.00e+00	0.00e+00
 7.64677e+22	9.69e-01	3.06e-02	1.91e-05	1.00e-06	0.00e+00	0.00e+00	0.00e+00	0.00e+00
 7.65186e+22	9.70e-01	3.04e-02	1.90e-05	9.96e-07	0.00e+00	0.00e+00	0.00e+00	0.00e+00
 7.65649e+22	9.70e-01	3.02e-02	1.89e-05	9.92e-07	0.00e+00	0.00e+00	0.00e+00	0.00e+00
 7.66157e+22	9.70e-01	2.98e-02	1.88e-05	9.88e-07	0.00e+00	0.00e+00	0.00e+00	0.00e+00
 7.66705e+22	9.70e-01	2.95e-02	1.87e-05	9.84e-07	0.00e+00	0.00e+00	0.00e+00	0.00e+00
 7.67204e+22	9.71e-01	2.93e-02	1.86e-05	9.79e-07	0.00e+00	0.00e+00	0.00e+00	0.00e+00
 7.67751e+22	9.71e-01	2.88e-02	1.85e-05	9.73e-07	0.00e+00	0.00e+00	0.00e+00	0.00e+00
 7.68341e+22	9.71e-01	2.85e-02	1.84e-05	9.69e-07	0.00e+00	0.00e+00	0.00e+00	0.00e+00
 7.68878e+22	9.72e-01	2.83e-02	1.83e-05	9.64e-07	0.00e+00	0.00e+00	0.00e+00	0.00e+00
 7.69466e+22	9.72e-01	2.78e-02	1.82e-05	9.55e-07	0.00e+00	0.00e+00	0.00e+00	0.00e+00
 7.70101e+22	9.72e-01	2.75e-02	1.80e-05	9.48e-07	0.00e+00	0.00e+00	0.00e+00	0.00e+00
 7.70679e+22	9.73e-01	2.73e-02	1.79e-05	9.43e-07	0.00e+00	0.00e+00	0.00e+00	0.00e+00
 7.71205e+22	9.73e-01	2.71e-02	1.78e-05	9.39e-07	0.00e+00	0.00e+00	0.00e+00	0.00e+00
 7.71782e+22	9.73e-01	2.66e-02	1.77e-05	9.28e-07	0.00e+00	0.00e+00	0.00e+00	0.00e+00
 7.72404e+22	9.74e-01	2.64e-02	1.76e-05	9.25e-07	0.00e+00	0.00e+00	0.00e+00	0.00e+00
 7.72970e+22	9.74e-01	2.61e-02	1.75e-05	9.16e-07	0.00e+00	0.00e+00	0.00e+00	0.00e+00
 7.73591e+22	9.74e-01	2.57e-02	1.73e-05	9.05e-07	0.00e+00	0.00e+00	0.00e+00	0.00e+00
 7.74261e+22	9.75e-01	2.54e-02	1.72e-05	8.97e-07	0.00e+00	0.00e+00	0.00e+00	0.00e+00
 7.74871e+22	9.75e-01	2.52e-02	1.71e-05	8.91e-07	0.00e+00	0.00e+00	0.00e+00	0.00e+00
 7.75425e+22	9.75e-01	2.49e-02	1.70e-05	8.85e-07	0.00e+00	0.00e+00	0.00e+00	0.00e+00
 7.76033e+22	9.75e-01	2.45e-02	1.69e-05	8.73e-07	0.00e+00	0.00e+00	0.00e+00	0.00e+00
 7.76690e+22	9.76e-01	2.42e-02	1.67e-05	8.67e-07	0.00e+00	0.00e+00	0.00e+00	0.00e+00
 7.77287e+22	9.76e-01	2.40e-02	1.66e-05	8.59e-07	0.00e+00	0.00e+00	0.00e+00	0.00e+00
 7.77941e+22	9.76e-01	2.36e-02	1.65e-05	8.45e-07	0.00e+00	0.00e+00	0.00e+00	0.00e+00
 7.78648e+22	9.77e-01	2.33e-02	1.64e-05	8.39e-07	0.00e+00	0.00e+00	0.00e+00	0.00e+00
 7.79291e+22	9.77e-01	2.31e-02	1.62e-05	8.30e-07	0.00e+00	0.00e+00	0.00e+00	0.00e+00
 7.79995e+22	9.77e-01	2.26e-02	1.61e-05	8.14e-07	0.00e+00	0.00e+00	0.00e+00	0.00e+00
 7.80756e+22	9.78e-01	2.23e-02	1.59e-05	8.05e-07	0.00e+00	0.00e+00	0.00e+00	0.00e+00
 7.81448e+22	9.78e-01	2.21e-02	1.58e-05	7.98e-07	0.00e+00	0.00e+00	0.00e+00	0.00e+00
 7.82078e+22	9.78e-01	2.19e-02	1.57e-05	7.91e-07	0.00e+00	0.00e+00	0.00e+00	0.00e+00
 7.82768e+22	9.79e-01	2.14e-02	1.55e-05	7.76e-07	0.00e+00	0.00e+00	0.00e+00	0.00e+00
 7.83513e+22	9.79e-01	2.12e-02	1.54e-05	7.67e-07	0.00e+00	0.00e+00	0.00e+00	0.00e+00
 7.84191e+22	9.79e-01	2.09e-02	1.53e-05	7.59e-07	0.00e+00	0.00e+00	0.00e+00	0.00e+00
 7.84934e+22	9.80e-01	2.05e-02	1.51e-05	7.43e-07	0.00e+00	0.00e+00	0.00e+00	0.00e+00
 7.85737e+22	9.80e-01	2.02e-02	1.50e-05	7.34e-07	0.00e+00	0.00e+00	0.00e+00	0.00e+00
 7.86466e+22	9.80e-01	2.00e-02	1.49e-05	7.26e-07	0.00e+00	0.00e+00	0.00e+00	0.00e+00
 7.87131e+22	9.80e-01	1.98e-02	1.47e-05	7.18e-07	0.00e+00	0.00e+00	0.00e+00	0.00e+00
 7.87859e+22	9.81e-01	1.94e-02	1.46e-05	7.02e-07	0.00e+00	0.00e+00	0.00e+00	0.00e+00
 7.88644e+22	9.81e-01	1.91e-02	1.45e-05	6.93e-07	0.00e+00	0.00e+00	0.00e+00	0.00e+00
 7.89360e+22	9.81e-01	1.89e-02	1.43e-05	6.85e-07	0.00e+00	0.00e+00	0.00e+00	0.00e+00
 7.90143e+22	9.82e-01	1.85e-02	1.42e-05	6.68e-07	0.00e+00	0.00e+00	0.00e+00	0.00e+00
 7.90989e+22	9.82e-01	1.82e-02	1.40e-05	6.59e-07	0.00e+00	0.00e+00	0.00e+00	0.00e+00
 7.91759e+22	9.82e-01	1.80e-02	1.39e-05	6.50e-07	0.00e+00	0.00e+00	0.00e+00	0.00e+00
 7.92602e+22	9.82e-01	1.76e-02	1.37e-05	6.32e-07	0.00e+00	0.00e+00	0.00e+00	0.00e+00
 7.93513e+22	9.83e-01	1.73e-02	1.36e-05	6.22e-07	0.00e+00	0.00e+00	0.00e+00	0.00e+00
 7.94342e+22	9.83e-01	1.71e-02	1.34e-05	6.13e-07	0.00e+00	0.00e+00	0.00e+00	0.00e+00
 7.95250e+22	9.83e-01	1.66e-02	1.33e-05	5.95e-07	0.00e+00	0.00e+00	0.00e+00	0.00e+00
 7.96230e+22	9.84e-01	1.64e-02	1.31e-05	5.84e-07	0.00e+00	0.00e+00	0.00e+00	0.00e+00
 7.97123e+22	9.84e-01	1.62e-02	1.30e-05	5.75e-07	0.00e+00	0.00e+00	0.00e+00	0.00e+00
 7.97934e+22	9.84e-01	1.60e-02	1.28e-05	5.66e-07	0.00e+00	0.00e+00	0.00e+00	0.00e+00
 7.98824e+22	9.84e-01	1.56e-02	1.26e-05	5.49e-07	0.00e+00	0.00e+00	0.00e+00	0.00e+00
 7.99949e+22	9.85e-01	1.51e-02	1.24e-05	5.31e-07	0.00e+00	0.00e+00	0.00e+00	0.00e+00
 8.01188e+22	9.85e-01	1.47e-02	1.22e-05	5.16e-07	0.00e+00	0.00e+00	0.00e+00	0.00e+00
 8.02447e+22	9.86e-01	1.44e-02	1.20e-05	5.00e-07	0.00e+00	0.00e+00	0.00e+00	0.00e+00
 8.03733e+22	9.86e-01	1.40e-02	1.18e-05	4.85e-07	0.00e+00	0.00e+00	0.00e+00	0.00e+00
 8.05037e+22	9.86e-01	1.37e-02	1.16e-05	4.70e-07	0.00e+00	0.00e+00	0.00e+00	0.00e+00
 8.06358e+22	9.87e-01	1.33e-02	1.14e-05	4.56e-07	0.00e+00	0.00e+00	0.00e+00	0.00e+00
 8.07691e+22	9.87e-01	1.30e-02	1.12e-05	4.41e-07	0.00e+00	0.00e+00	0.00e+00	0.00e+00
 8.09036e+22	9.87e-01	1.27e-02	1.10e-05	4.27e-07	0.00e+00	0.00e+00	0.00e+00	0.00e+00
 8.10394e+22	9.88e-01	1.23e-02	1.08e-05	4.13e-07	0.00e+00	0.00e+00	0.00e+00	0.00e+00
 8.11763e+22	9.88e-01	1.20e-02	1.06e-05	4.00e-07	0.00e+00	0.00e+00	0.00e+00	0.00e+00
 8.13143e+22	9.88e-01	1.17e-02	1.04e-05	3.86e-07	0.00e+00	0.00e+00	0.00e+00	0.00e+00
 8.14534e+22	9.89e-01	1.14e-02	1.02e-05	3.74e-07	0.00e+00	0.00e+00	0.00e+00	0.00e+00
 8.15934e+22	9.89e-01	1.11e-02	1.00e-05	3.61e-07	0.00e+00	0.00e+00	0.00e+00	0.00e+00
 8.17345e+22	9.89e-01	1.08e-02	9.80e-06	3.49e-07	0.00e+00	0.00e+00	0.00e+00	0.00e+00
 8.18765e+22	9.89e-01	1.05e-02	9.60e-06	3.36e-07	0.00e+00	0.00e+00	0.00e+00	0.00e+00
 8.20192e+22	9.90e-01	1.03e-02	9.41e-06	3.25e-07	0.00e+00	0.00e+00	0.00e+00	0.00e+00
 8.21628e+22	9.90e-01	9.99e-03	9.22e-06	3.13e-07	0.00e+00	0.00e+00	0.00e+00	0.00e+00
 8.23071e+22	9.90e-01	9.72e-03	9.03e-06	3.02e-07	0.00e+00	0.00e+00	0.00e+00	0.00e+00
 8.24526e+22	9.91e-01	9.47e-03	8.84e-06	2.91e-07	0.00e+00	0.00e+00	0.00e+00	0.00e+00
 8.25989e+22	9.91e-01	9.21e-03	8.66e-06	2.81e-07	0.00e+00	0.00e+00	0.00e+00	0.00e+00
 8.27461e+22	9.91e-01	8.97e-03	8.47e-06	2.70e-07	0.00e+00	0.00e+00	0.00e+00	0.00e+00
 8.28941e+22	9.91e-01	8.73e-03	8.29e-06	2.60e-07	0.00e+00	0.00e+00	0.00e+00	0.00e+00
 8.30430e+22	9.91e-01	8.49e-03	8.11e-06	2.51e-07	0.00e+00	0.00e+00	0.00e+00	0.00e+00
 8.31932e+22	9.92e-01	8.26e-03	7.93e-06	2.41e-07	0.00e+00	0.00e+00	0.00e+00	0.00e+00
 8.33467e+22	9.92e-01	8.02e-03	7.75e-06	2.31e-07	0.00e+00	0.00e+00	0.00e+00	0.00e+00
 8.35028e+22	9.92e-01	7.80e-03	7.57e-06	2.22e-07	0.00e+00	0.00e+00	0.00e+00	0.00e+00
 8.36601e+22	9.92e-01	7.58e-03	7.39e-06	2.13e-07	0.00e+00	0.00e+00	0.00e+00	0.00e+00
 8.38192e+22	9.93e-01	7.36e-03	7.21e-06	2.04e-07	0.00e+00	0.00e+00	0.00e+00	0.00e+00
 8.39795e+22	9.93e-01	7.15e-03	7.04e-06	1.95e-07	0.00e+00	0.00e+00	0.00e+00	0.00e+00
 8.41415e+22	9.93e-01	6.94e-03	6.86e-06	1.87e-07	0.00e+00	0.00e+00	0.00e+00	0.00e+00
 8.43049e+22	9.93e-01	6.74e-03	6.69e-06	1.79e-07	0.00e+00	0.00e+00	0.00e+00	0.00e+00
 8.44705e+22	9.93e-01	6.54e-03	6.51e-06	1.71e-07	0.00e+00	0.00e+00	0.00e+00	0.00e+00
 8.46385e+22	9.94e-01	6.34e-03	6.34e-06	1.63e-07	0.00e+00	0.00e+00	0.00e+00	0.00e+00
 8.48093e+22	9.94e-01	6.14e-03	6.17e-06	1.55e-07	0.00e+00	0.00e+00	0.00e+00	0.00e+00
 8.49844e+22	9.94e-01	5.94e-03	5.99e-06	1.47e-07	0.00e+00	0.00e+00	0.00e+00	0.00e+00
 8.51631e+22	9.94e-01	5.75e-03	5.82e-06	1.40e-07	0.00e+00	0.00e+00	0.00e+00	0.00e+00
 8.53443e+22	9.94e-01	5.56e-03	5.65e-06	1.33e-07	0.00e+00	0.00e+00	0.00e+00	0.00e+00
 8.55286e+22	9.95e-01	5.38e-03	5.47e-06	0.00e+00	0.00e+00	0.00e+00	0.00e+00	0.00e+00
 8.57158e+22	9.95e-01	5.20e-03	5.30e-06	0.00e+00	0.00e+00	0.00e+00	0.00e+00	0.00e+00
 8.59061e+22	9.95e-01	5.02e-03	5.13e-06	0.00e+00	0.00e+00	0.00e+00	0.00e+00	0.00e+00
 8.60997e+22	9.95e-01	4.84e-03	4.96e-06	0.00e+00	0.00e+00	0.00e+00	0.00e+00	0.00e+00
 8.62975e+22	9.95e-01	4.66e-03	4.79e-06	0.00e+00	0.00e+00	0.00e+00	0.00e+00	0.00e+00
 8.64998e+22	9.96e-01	4.49e-03	4.62e-06	0.00e+00	0.00e+00	0.00e+00	0.00e+00	0.00e+00
 8.67064e+22	9.96e-01	4.32e-03	4.46e-06	0.00e+00	0.00e+00	0.00e+00	0.00e+00	0.00e+00
 8.69174e+22	9.96e-01	4.15e-03	4.29e-06	0.00e+00	0.00e+00	0.00e+00	0.00e+00	0.00e+00
 8.71328e+22	9.96e-01	3.99e-03	4.12e-06	0.00e+00	0.00e+00	0.00e+00	0.00e+00	0.00e+00
 8.73529e+22	9.96e-01	3.82e-03	3.96e-06	0.00e+00	0.00e+00	0.00e+00	0.00e+00	0.00e+00
 8.75785e+22	9.96e-01	3.66e-03	3.79e-06	0.00e+00	0.00e+00	0.00e+00	0.00e+00	0.00e+00
 8.78102e+22	9.96e-01	3.50e-03	3.63e-06	0.00e+00	0.00e+00	0.00e+00	0.00e+00	0.00e+00
 8.80459e+22	9.97e-01	3.35e-03	3.46e-06	0.00e+00	0.00e+00	0.00e+00	0.00e+00	0.00e+00
 8.82827e+22	9.97e-01	3.20e-03	3.31e-06	0.00e+00	0.00e+00	0.00e+00	0.00e+00	0.00e+00
 8.85209e+22	9.97e-01	3.05e-03	3.15e-06	0.00e+00	0.00e+00	0.00e+00	0.00e+00	0.00e+00
 8.87615e+22	9.97e-01	2.91e-03	3.01e-06	0.00e+00	0.00e+00	0.00e+00	0.00e+00	0.00e+00
 8.90041e+22	9.97e-01	2.78e-03	2.86e-06	0.00e+00	0.00e+00	0.00e+00	0.00e+00	0.00e+00
 8.92484e+22	9.97e-01	2.64e-03	2.72e-06	0.00e+00	0.00e+00	0.00e+00	0.00e+00	0.00e+00
 8.94948e+22	9.97e-01	2.52e-03	2.58e-06	0.00e+00	0.00e+00	0.00e+00	0.00e+00	0.00e+00
 8.97433e+22	9.98e-01	2.39e-03	2.45e-06	0.00e+00	0.00e+00	0.00e+00	0.00e+00	0.00e+00
 8.99929e+22	9.98e-01	2.27e-03	2.32e-06	0.00e+00	0.00e+00	0.00e+00	0.00e+00	0.00e+00
 9.02436e+22	9.98e-01	2.15e-03	2.20e-06	0.00e+00	0.00e+00	0.00e+00	0.00e+00	0.00e+00
 9.04973e+22	9.98e-01	2.04e-03	2.08e-06	0.00e+00	0.00e+00	0.00e+00	0.00e+00	0.00e+00
