#depth	C	C+	C+2	C+3	C+4	C+5	C+6	C[1]	C[2]	C[3]	C+[1]	C+[2]	CO
 4.62852e+21	0.00e+00	1.62e-26	4.53e-20	1.46e-14	5.94e-09	1.34e-04	1.00e+00	0.00e+00	0.00e+00	0.00e+00	0.00e+00	0.00e+00	2.25e-125
 1.05336e+22	0.00e+00	9.92e-26	1.96e-19	4.47e-14	1.24e-08	1.91e-04	1.00e+00	0.00e+00	0.00e+00	0.00e+00	0.00e+00	0.00e+00	7.35e-122
 1.26725e+22	0.00e+00	3.33e-25	5.23e-19	9.47e-14	2.03e-08	2.42e-04	1.00e+00	0.00e+00	0.00e+00	0.00e+00	0.00e+00	0.00e+00	5.68e-117
 1.42246e+22	5.92e-33	8.76e-25	1.14e-18	1.73e-13	3.01e-08	2.93e-04	1.00e+00	0.00e+00	0.00e+00	0.00e+00	0.00e+00	0.00e+00	2.43e-93
 1.50869e+22	7.91e-33	1.12e-24	1.39e-18	2.01e-13	3.33e-08	3.07e-04	1.00e+00	0.00e+00	0.00e+00	0.00e+00	0.00e+00	0.00e+00	4.74e-91
 1.54310e+22	1.05e-32	1.42e-24	1.69e-18	2.34e-13	3.67e-08	3.22e-04	1.00e+00	0.00e+00	0.00e+00	0.00e+00	0.00e+00	0.00e+00	4.62e-91
 1.58258e+22	1.51e-32	1.92e-24	2.16e-18	2.82e-13	4.16e-08	3.42e-04	1.00e+00	0.00e+00	0.00e+00	0.00e+00	0.00e+00	0.00e+00	4.40e-90
 1.62276e+22	2.03e-32	2.47e-24	2.65e-18	3.30e-13	4.61e-08	3.59e-04	1.00e+00	0.00e+00	0.00e+00	0.00e+00	0.00e+00	0.00e+00	1.65e-89
 1.65748e+22	2.70e-32	3.13e-24	3.23e-18	3.84e-13	5.08e-08	3.76e-04	1.00e+00	0.00e+00	0.00e+00	0.00e+00	0.00e+00	0.00e+00	1.73e-89
 1.69622e+22	3.79e-32	4.17e-24	4.08e-18	4.60e-13	5.72e-08	3.98e-04	1.00e+00	0.00e+00	0.00e+00	0.00e+00	0.00e+00	0.00e+00	8.96e-90
 1.73664e+22	5.20e-32	5.44e-24	5.05e-18	5.43e-13	6.38e-08	4.19e-04	1.00e+00	0.00e+00	0.00e+00	0.00e+00	0.00e+00	0.00e+00	2.56e-88
 1.77140e+22	6.85e-32	6.86e-24	6.10e-18	6.29e-13	7.03e-08	4.39e-04	1.00e+00	0.00e+00	0.00e+00	0.00e+00	0.00e+00	0.00e+00	5.27e-88
 1.80875e+22	9.52e-32	9.06e-24	7.65e-18	7.50e-13	7.89e-08	4.64e-04	1.00e+00	0.00e+00	0.00e+00	0.00e+00	0.00e+00	0.00e+00	5.03e-88
 1.84516e+22	1.25e-31	1.14e-23	9.21e-18	8.65e-13	8.66e-08	4.85e-04	1.00e+00	0.00e+00	0.00e+00	0.00e+00	0.00e+00	0.00e+00	2.72e-87
 1.87401e+22	1.58e-31	1.39e-23	1.08e-17	9.78e-13	9.39e-08	5.04e-04	9.99e-01	0.00e+00	0.00e+00	0.00e+00	0.00e+00	0.00e+00	2.15e-87
 1.90519e+22	2.06e-31	1.73e-23	1.30e-17	1.13e-12	1.03e-07	5.27e-04	9.99e-01	0.00e+00	0.00e+00	0.00e+00	0.00e+00	0.00e+00	3.05e-87
 1.93919e+22	2.69e-31	2.17e-23	1.56e-17	1.30e-12	1.13e-07	5.51e-04	9.99e-01	0.00e+00	0.00e+00	0.00e+00	0.00e+00	0.00e+00	8.52e-87
 1.97111e+22	3.48e-31	2.69e-23	1.85e-17	1.49e-12	1.24e-07	5.75e-04	9.99e-01	0.00e+00	0.00e+00	0.00e+00	0.00e+00	0.00e+00	2.89e-86
 2.00137e+22	4.46e-31	3.31e-23	2.19e-17	1.70e-12	1.35e-07	5.99e-04	9.99e-01	0.00e+00	0.00e+00	0.00e+00	0.00e+00	0.00e+00	6.30e-86
 2.03069e+22	5.64e-31	4.04e-23	2.58e-17	1.93e-12	1.47e-07	6.23e-04	9.99e-01	0.00e+00	0.00e+00	0.00e+00	0.00e+00	0.00e+00	1.15e-85
 2.06430e+22	7.52e-31	5.15e-23	3.14e-17	2.25e-12	1.62e-07	6.53e-04	9.99e-01	0.00e+00	0.00e+00	0.00e+00	0.00e+00	0.00e+00	8.41e-86
 2.09965e+22	9.94e-31	6.50e-23	3.79e-17	2.61e-12	1.79e-07	6.84e-04	9.99e-01	0.00e+00	0.00e+00	0.00e+00	0.00e+00	0.00e+00	3.84e-85
 2.13005e+22	1.27e-30	7.98e-23	4.48e-17	2.96e-12	1.95e-07	7.13e-04	9.99e-01	0.00e+00	0.00e+00	0.00e+00	0.00e+00	0.00e+00	8.49e-85
 2.15636e+22	1.57e-30	9.52e-23	5.17e-17	3.31e-12	2.09e-07	7.38e-04	9.99e-01	0.00e+00	0.00e+00	0.00e+00	0.00e+00	0.00e+00	6.64e-85
 2.18457e+22	1.99e-30	1.17e-22	6.11e-17	3.77e-12	2.28e-07	7.68e-04	9.99e-01	0.00e+00	0.00e+00	0.00e+00	0.00e+00	0.00e+00	8.95e-85
 2.21519e+22	2.53e-30	1.43e-22	7.19e-17	4.28e-12	2.48e-07	7.99e-04	9.99e-01	0.00e+00	0.00e+00	0.00e+00	0.00e+00	0.00e+00	2.42e-84
 2.24335e+22	3.16e-30	1.72e-22	8.38e-17	4.82e-12	2.68e-07	8.29e-04	9.99e-01	0.00e+00	0.00e+00	0.00e+00	0.00e+00	0.00e+00	6.36e-84
 2.27435e+22	4.14e-30	2.16e-22	1.01e-16	5.57e-12	2.95e-07	8.67e-04	9.99e-01	0.00e+00	0.00e+00	0.00e+00	0.00e+00	0.00e+00	1.33e-83
 2.30575e+22	5.27e-30	2.64e-22	1.19e-16	6.32e-12	3.20e-07	9.03e-04	9.99e-01	0.00e+00	0.00e+00	0.00e+00	0.00e+00	0.00e+00	1.08e-83
 2.33180e+22	6.50e-30	3.15e-22	1.37e-16	7.05e-12	3.44e-07	9.35e-04	9.99e-01	0.00e+00	0.00e+00	0.00e+00	0.00e+00	0.00e+00	1.62e-83
 2.35980e+22	8.28e-30	3.86e-22	1.62e-16	8.03e-12	3.75e-07	9.73e-04	9.99e-01	0.00e+00	0.00e+00	0.00e+00	0.00e+00	0.00e+00	5.91e-83
 2.39005e+22	1.06e-29	4.74e-22	1.91e-16	9.13e-12	4.08e-07	1.01e-03	9.99e-01	0.00e+00	0.00e+00	0.00e+00	0.00e+00	0.00e+00	3.50e-83
 2.41755e+22	1.31e-29	5.67e-22	2.21e-16	1.02e-11	4.40e-07	1.05e-03	9.99e-01	0.00e+00	0.00e+00	0.00e+00	0.00e+00	0.00e+00	2.20e-82
 2.44254e+22	1.60e-29	6.70e-22	2.53e-16	1.14e-11	4.72e-07	1.09e-03	9.99e-01	0.00e+00	0.00e+00	0.00e+00	0.00e+00	0.00e+00	1.83e-82
 2.46628e+22	1.93e-29	7.85e-22	2.88e-16	1.26e-11	5.04e-07	1.12e-03	9.99e-01	0.00e+00	0.00e+00	0.00e+00	0.00e+00	0.00e+00	3.93e-82
 2.49349e+22	2.42e-29	9.52e-22	3.37e-16	1.42e-11	5.47e-07	1.16e-03	9.99e-01	0.00e+00	0.00e+00	0.00e+00	0.00e+00	0.00e+00	1.07e-81
 2.52247e+22	3.04e-29	1.15e-21	3.92e-16	1.60e-11	5.92e-07	1.21e-03	9.99e-01	0.00e+00	0.00e+00	0.00e+00	0.00e+00	0.00e+00	9.48e-82
 2.54807e+22	3.73e-29	1.37e-21	4.51e-16	1.78e-11	6.36e-07	1.25e-03	9.99e-01	0.00e+00	0.00e+00	0.00e+00	0.00e+00	0.00e+00	2.76e-81
 2.57567e+22	4.73e-29	1.67e-21	5.31e-16	2.02e-11	6.92e-07	1.30e-03	9.99e-01	0.00e+00	0.00e+00	0.00e+00	0.00e+00	0.00e+00	1.94e-81
 2.60387e+22	5.88e-29	2.00e-21	6.15e-16	2.27e-11	7.46e-07	1.35e-03	9.99e-01	0.00e+00	0.00e+00	0.00e+00	0.00e+00	0.00e+00	2.13e-80
 2.62778e+22	7.11e-29	2.35e-21	7.00e-16	2.50e-11	7.98e-07	1.39e-03	9.99e-01	0.00e+00	0.00e+00	0.00e+00	0.00e+00	0.00e+00	3.42e-80
 2.65379e+22	8.89e-29	2.83e-21	8.15e-16	2.82e-11	8.63e-07	1.45e-03	9.99e-01	0.00e+00	0.00e+00	0.00e+00	0.00e+00	0.00e+00	5.94e-80
 2.68177e+22	1.11e-28	3.40e-21	9.46e-16	3.17e-11	9.33e-07	1.50e-03	9.98e-01	0.00e+00	0.00e+00	0.00e+00	0.00e+00	0.00e+00	1.03e-79
 2.70707e+22	1.35e-28	4.01e-21	1.08e-15	3.51e-11	1.00e-06	1.55e-03	9.98e-01	0.00e+00	0.00e+00	0.00e+00	0.00e+00	0.00e+00	1.57e-79
 2.73047e+22	1.63e-28	4.70e-21	1.23e-15	3.88e-11	1.07e-06	1.60e-03	9.98e-01	0.00e+00	0.00e+00	0.00e+00	0.00e+00	0.00e+00	2.68e-79
 2.75311e+22	1.95e-28	5.46e-21	1.39e-15	4.27e-11	1.14e-06	1.65e-03	9.98e-01	0.00e+00	0.00e+00	0.00e+00	0.00e+00	0.00e+00	4.19e-79
 2.77905e+22	2.43e-28	6.56e-21	1.61e-15	4.79e-11	1.23e-06	1.72e-03	9.98e-01	0.00e+00	0.00e+00	0.00e+00	0.00e+00	0.00e+00	7.22e-79
 2.80662e+22	3.01e-28	7.84e-21	1.86e-15	5.35e-11	1.33e-06	1.78e-03	9.98e-01	0.00e+00	0.00e+00	0.00e+00	0.00e+00	0.00e+00	1.23e-78
 2.83122e+22	3.67e-28	9.25e-21	2.13e-15	5.93e-11	1.42e-06	1.84e-03	9.98e-01	0.00e+00	0.00e+00	0.00e+00	0.00e+00	0.00e+00	2.01e-78
 2.85813e+22	4.62e-28	1.12e-20	2.49e-15	6.71e-11	1.54e-06	1.91e-03	9.98e-01	0.00e+00	0.00e+00	0.00e+00	0.00e+00	0.00e+00	3.58e-78
 2.88667e+22	5.78e-28	1.35e-20	2.89e-15	7.52e-11	1.67e-06	1.99e-03	9.98e-01	0.00e+00	0.00e+00	0.00e+00	0.00e+00	0.00e+00	6.25e-78
 2.91083e+22	6.98e-28	1.58e-20	3.28e-15	8.29e-11	1.78e-06	2.05e-03	9.98e-01	0.00e+00	0.00e+00	0.00e+00	0.00e+00	0.00e+00	9.98e-78
 2.93573e+22	8.64e-28	1.89e-20	3.79e-15	9.28e-11	1.92e-06	2.13e-03	9.98e-01	0.00e+00	0.00e+00	0.00e+00	0.00e+00	0.00e+00	1.70e-77
 2.96230e+22	1.06e-27	2.24e-20	4.34e-15	1.03e-10	2.06e-06	2.21e-03	9.98e-01	0.00e+00	0.00e+00	0.00e+00	0.00e+00	0.00e+00	2.85e-77
 2.98655e+22	1.29e-27	2.63e-20	4.94e-15	1.14e-10	2.21e-06	2.28e-03	9.98e-01	0.00e+00	0.00e+00	0.00e+00	0.00e+00	0.00e+00	4.61e-77
 3.01357e+22	1.62e-27	3.19e-20	5.77e-15	1.29e-10	2.40e-06	2.37e-03	9.98e-01	0.00e+00	0.00e+00	0.00e+00	0.00e+00	0.00e+00	8.24e-77
 3.04195e+22	2.04e-27	3.85e-20	6.70e-15	1.44e-10	2.59e-06	2.47e-03	9.98e-01	0.00e+00	0.00e+00	0.00e+00	0.00e+00	0.00e+00	1.46e-76
 3.06538e+22	2.43e-27	4.46e-20	7.54e-15	1.58e-10	2.76e-06	2.55e-03	9.97e-01	0.00e+00	0.00e+00	0.00e+00	0.00e+00	0.00e+00	2.25e-76
 3.08911e+22	3.00e-27	5.30e-20	8.65e-15	1.75e-10	2.96e-06	2.64e-03	9.97e-01	0.00e+00	0.00e+00	0.00e+00	0.00e+00	0.00e+00	3.82e-76
 3.11463e+22	3.66e-27	6.24e-20	9.86e-15	1.94e-10	3.17e-06	2.73e-03	9.97e-01	0.00e+00	0.00e+00	0.00e+00	0.00e+00	0.00e+00	6.28e-76
 3.13852e+22	4.43e-27	7.32e-20	1.12e-14	2.13e-10	3.39e-06	2.83e-03	9.97e-01	0.00e+00	0.00e+00	0.00e+00	0.00e+00	0.00e+00	1.02e-75
 3.16560e+22	5.61e-27	8.88e-20	1.31e-14	2.40e-10	3.68e-06	2.95e-03	9.97e-01	0.00e+00	0.00e+00	0.00e+00	0.00e+00	0.00e+00	1.84e-75
 3.19363e+22	7.04e-27	1.07e-19	1.51e-14	2.68e-10	3.97e-06	3.07e-03	9.97e-01	0.00e+00	0.00e+00	0.00e+00	0.00e+00	0.00e+00	3.27e-75
 3.21629e+22	8.38e-27	1.23e-19	1.69e-14	2.92e-10	4.22e-06	3.16e-03	9.97e-01	0.00e+00	0.00e+00	0.00e+00	0.00e+00	0.00e+00	5.06e-75
 3.23915e+22	1.03e-26	1.46e-19	1.93e-14	3.22e-10	4.52e-06	3.28e-03	9.97e-01	0.00e+00	0.00e+00	0.00e+00	0.00e+00	0.00e+00	8.52e-75
 3.26377e+22	1.25e-26	1.71e-19	2.19e-14	3.54e-10	4.83e-06	3.40e-03	9.97e-01	0.00e+00	0.00e+00	0.00e+00	0.00e+00	0.00e+00	1.38e-74
 3.28712e+22	1.52e-26	2.00e-19	2.48e-14	3.88e-10	5.16e-06	3.52e-03	9.96e-01	0.00e+00	0.00e+00	0.00e+00	0.00e+00	0.00e+00	2.27e-74
 3.31025e+22	1.84e-26	2.34e-19	2.80e-14	4.26e-10	5.51e-06	3.64e-03	9.96e-01	0.00e+00	0.00e+00	0.00e+00	0.00e+00	0.00e+00	3.71e-74
 3.33670e+22	2.35e-26	2.86e-19	3.27e-14	4.78e-10	5.98e-06	3.80e-03	9.96e-01	0.00e+00	0.00e+00	0.00e+00	0.00e+00	0.00e+00	6.90e-74
 3.36250e+22	2.86e-26	3.35e-19	3.70e-14	5.23e-10	6.38e-06	3.94e-03	9.96e-01	0.00e+00	0.00e+00	0.00e+00	0.00e+00	0.00e+00	1.14e-73
 3.38333e+22	3.42e-26	3.87e-19	4.14e-14	5.67e-10	6.76e-06	4.07e-03	9.96e-01	0.00e+00	0.00e+00	0.00e+00	0.00e+00	0.00e+00	1.79e-73
 3.40628e+22	4.20e-26	4.57e-19	4.71e-14	6.24e-10	7.25e-06	4.23e-03	9.96e-01	0.00e+00	0.00e+00	0.00e+00	0.00e+00	0.00e+00	3.05e-73
 3.43087e+22	5.17e-26	5.40e-19	5.35e-14	6.83e-10	7.75e-06	4.39e-03	9.96e-01	0.00e+00	0.00e+00	0.00e+00	0.00e+00	0.00e+00	5.19e-73
 3.45302e+22	6.21e-26	6.25e-19	5.99e-14	7.42e-10	8.23e-06	4.54e-03	9.95e-01	0.00e+00	0.00e+00	0.00e+00	0.00e+00	0.00e+00	8.32e-73
 3.47360e+22	7.42e-26	7.22e-19	6.68e-14	8.02e-10	8.71e-06	4.69e-03	9.95e-01	0.00e+00	0.00e+00	0.00e+00	0.00e+00	0.00e+00	1.32e-72
 3.49369e+22	8.80e-26	8.28e-19	7.42e-14	8.65e-10	9.21e-06	4.84e-03	9.95e-01	0.00e+00	0.00e+00	0.00e+00	0.00e+00	0.00e+00	2.05e-72
 3.51674e+22	1.10e-25	9.86e-19	8.48e-14	9.51e-10	9.89e-06	5.04e-03	9.95e-01	0.00e+00	0.00e+00	0.00e+00	0.00e+00	0.00e+00	3.63e-72
 3.54029e+22	1.33e-25	1.15e-18	9.53e-14	1.03e-09	1.05e-05	5.23e-03	9.95e-01	0.00e+00	0.00e+00	0.00e+00	0.00e+00	0.00e+00	5.99e-72
 3.56065e+22	1.59e-25	1.33e-18	1.06e-13	1.11e-09	1.11e-05	5.41e-03	9.95e-01	0.00e+00	0.00e+00	0.00e+00	0.00e+00	0.00e+00	9.60e-72
 3.58328e+22	1.99e-25	1.58e-18	1.21e-13	1.22e-09	1.19e-05	5.64e-03	9.94e-01	0.00e+00	0.00e+00	0.00e+00	0.00e+00	0.00e+00	1.71e-71
 3.60664e+22	2.41e-25	1.84e-18	1.36e-13	1.32e-09	1.27e-05	5.84e-03	9.94e-01	0.00e+00	0.00e+00	0.00e+00	0.00e+00	0.00e+00	2.82e-71
 3.62685e+22	2.89e-25	2.12e-18	1.51e-13	1.42e-09	1.34e-05	6.05e-03	9.94e-01	0.00e+00	0.00e+00	0.00e+00	0.00e+00	0.00e+00	4.54e-71
 3.64587e+22	3.42e-25	2.42e-18	1.67e-13	1.52e-09	1.41e-05	6.24e-03	9.94e-01	0.00e+00	0.00e+00	0.00e+00	0.00e+00	0.00e+00	7.07e-71
 3.66743e+22	4.22e-25	2.86e-18	1.89e-13	1.65e-09	1.51e-05	6.50e-03	9.93e-01	0.00e+00	0.00e+00	0.00e+00	0.00e+00	0.00e+00	1.24e-70
 3.68971e+22	5.11e-25	3.32e-18	2.11e-13	1.78e-09	1.60e-05	6.74e-03	9.93e-01	0.00e+00	0.00e+00	0.00e+00	0.00e+00	0.00e+00	2.05e-70
 3.70930e+22	6.11e-25	3.82e-18	2.33e-13	1.91e-09	1.69e-05	6.97e-03	9.93e-01	0.00e+00	0.00e+00	0.00e+00	0.00e+00	0.00e+00	3.29e-70
 3.73115e+22	7.63e-25	4.54e-18	2.65e-13	2.08e-09	1.81e-05	7.28e-03	9.93e-01	0.00e+00	0.00e+00	0.00e+00	0.00e+00	0.00e+00	5.96e-70
 3.75285e+22	9.11e-25	5.22e-18	2.94e-13	2.23e-09	1.91e-05	7.53e-03	9.92e-01	0.00e+00	0.00e+00	0.00e+00	0.00e+00	0.00e+00	9.58e-70
 3.77137e+22	1.08e-24	5.98e-18	3.25e-13	2.38e-09	2.01e-05	7.78e-03	9.92e-01	0.00e+00	0.00e+00	0.00e+00	0.00e+00	0.00e+00	1.52e-69
 3.79249e+22	1.34e-24	7.06e-18	3.67e-13	2.58e-09	2.15e-05	8.11e-03	9.92e-01	0.00e+00	0.00e+00	0.00e+00	0.00e+00	0.00e+00	2.70e-69
 3.81399e+22	1.62e-24	8.16e-18	4.07e-13	2.76e-09	2.27e-05	8.41e-03	9.92e-01	0.00e+00	0.00e+00	0.00e+00	0.00e+00	0.00e+00	4.46e-69
 3.83254e+22	1.92e-24	9.31e-18	4.49e-13	2.94e-09	2.39e-05	8.69e-03	9.91e-01	0.00e+00	0.00e+00	0.00e+00	0.00e+00	0.00e+00	7.04e-69
 3.85322e+22	2.37e-24	1.10e-17	5.06e-13	3.18e-09	2.55e-05	9.05e-03	9.91e-01	0.00e+00	0.00e+00	0.00e+00	0.00e+00	0.00e+00	1.25e-68
 3.87465e+22	2.86e-24	1.27e-17	5.63e-13	3.41e-09	2.70e-05	9.39e-03	9.91e-01	0.00e+00	0.00e+00	0.00e+00	0.00e+00	0.00e+00	2.09e-68
 3.89371e+22	3.43e-24	1.46e-17	6.23e-13	3.63e-09	2.85e-05	9.72e-03	9.90e-01	0.00e+00	0.00e+00	0.00e+00	0.00e+00	0.00e+00	3.41e-68
 3.91220e+22	4.10e-24	1.68e-17	6.88e-13	3.87e-09	3.01e-05	1.01e-02	9.90e-01	0.00e+00	0.00e+00	0.00e+00	0.00e+00	0.00e+00	5.57e-68
 3.93329e+22	5.13e-24	2.00e-17	7.80e-13	4.19e-09	3.22e-05	1.05e-02	9.89e-01	0.00e+00	0.00e+00	0.00e+00	0.00e+00	0.00e+00	1.03e-67
 3.95479e+22	6.18e-24	2.30e-17	8.65e-13	4.48e-09	3.40e-05	1.09e-02	9.89e-01	0.00e+00	0.00e+00	0.00e+00	0.00e+00	0.00e+00	1.71e-67
 3.97682e+22	7.81e-24	2.76e-17	9.86e-13	4.86e-09	3.65e-05	1.14e-02	9.89e-01	0.00e+00	0.00e+00	0.00e+00	0.00e+00	0.00e+00	3.25e-67
 3.99930e+22	9.60e-24	3.23e-17	1.10e-12	5.21e-09	3.88e-05	1.19e-02	9.88e-01	0.00e+00	0.00e+00	0.00e+00	0.00e+00	0.00e+00	5.72e-67
 4.01760e+22	1.13e-23	3.67e-17	1.21e-12	5.52e-09	4.08e-05	1.23e-02	9.88e-01	0.00e+00	0.00e+00	0.00e+00	0.00e+00	0.00e+00	9.03e-67
 4.03667e+22	1.40e-23	4.32e-17	1.36e-12	5.93e-09	4.34e-05	1.28e-02	9.87e-01	0.00e+00	0.00e+00	0.00e+00	0.00e+00	0.00e+00	1.61e-66
 4.05640e+22	1.68e-23	4.97e-17	1.50e-12	6.30e-09	4.58e-05	1.32e-02	9.87e-01	0.00e+00	0.00e+00	0.00e+00	4.97e-17	5.48e-26	2.69e-66
 4.07275e+22	1.96e-23	5.59e-17	1.63e-12	6.63e-09	4.80e-05	1.36e-02	9.86e-01	0.00e+00	0.00e+00	0.00e+00	5.59e-17	6.74e-24	4.10e-66
 4.08976e+22	2.37e-23	6.47e-17	1.81e-12	7.07e-09	5.08e-05	1.41e-02	9.86e-01	0.00e+00	0.00e+00	0.00e+00	6.47e-17	7.81e-24	6.98e-66
 4.10597e+22	2.73e-23	7.22e-17	1.96e-12	7.40e-09	5.29e-05	1.45e-02	9.85e-01	0.00e+00	0.00e+00	0.00e+00	7.22e-17	8.72e-24	1.04e-65
 4.11894e+22	3.15e-23	8.03e-17	2.11e-12	7.74e-09	5.52e-05	1.49e-02	9.85e-01	0.00e+00	0.00e+00	0.00e+00	8.03e-17	9.70e-24	1.53e-65
 4.13163e+22	3.59e-23	8.89e-17	2.27e-12	8.09e-09	5.74e-05	1.53e-02	9.85e-01	0.00e+00	0.00e+00	0.00e+00	8.89e-17	1.07e-23	2.22e-65
 4.14406e+22	4.06e-23	9.76e-17	2.43e-12	8.42e-09	5.95e-05	1.57e-02	9.84e-01	0.00e+00	0.00e+00	0.00e+00	9.76e-17	1.18e-23	3.11e-65
 4.15814e+22	4.78e-23	1.11e-16	2.66e-12	8.88e-09	6.25e-05	1.62e-02	9.84e-01	0.00e+00	0.00e+00	0.00e+00	1.11e-16	1.34e-23	4.92e-65
 4.17230e+22	5.52e-23	1.24e-16	2.87e-12	9.29e-09	6.51e-05	1.66e-02	9.83e-01	0.00e+00	0.00e+00	0.00e+00	1.24e-16	1.49e-23	7.33e-65
 4.18425e+22	6.28e-23	1.36e-16	3.08e-12	9.68e-09	6.76e-05	1.70e-02	9.83e-01	0.00e+00	0.00e+00	0.00e+00	1.36e-16	1.65e-23	1.05e-64
 4.19543e+22	7.14e-23	1.50e-16	3.30e-12	1.01e-08	7.02e-05	1.75e-02	9.82e-01	0.00e+00	0.00e+00	0.00e+00	1.50e-16	1.82e-23	1.50e-64
 4.20622e+22	7.98e-23	1.64e-16	3.50e-12	1.04e-08	7.26e-05	1.78e-02	9.82e-01	0.00e+00	0.00e+00	0.00e+00	1.64e-16	1.98e-23	2.05e-64
 4.21850e+22	9.30e-23	1.84e-16	3.81e-12	1.10e-08	7.59e-05	1.83e-02	9.82e-01	0.00e+00	0.00e+00	0.00e+00	1.84e-16	2.23e-23	3.14e-64
 4.23114e+22	1.07e-22	2.05e-16	4.11e-12	1.14e-08	7.90e-05	1.88e-02	9.81e-01	0.00e+00	0.00e+00	0.00e+00	2.05e-16	2.48e-23	4.63e-64
 4.24214e+22	1.21e-22	2.26e-16	4.40e-12	1.19e-08	8.20e-05	1.93e-02	9.81e-01	0.00e+00	0.00e+00	0.00e+00	2.26e-16	2.73e-23	6.58e-64
 4.25433e+22	1.43e-22	2.56e-16	4.80e-12	1.25e-08	8.60e-05	1.99e-02	9.80e-01	0.00e+00	0.00e+00	0.00e+00	2.56e-16	3.09e-23	1.03e-63
 4.26621e+22	1.61e-22	2.81e-16	5.13e-12	1.30e-08	8.91e-05	2.03e-02	9.80e-01	0.00e+00	0.00e+00	0.00e+00	2.81e-16	3.40e-23	1.44e-63
 4.27614e+22	1.83e-22	3.10e-16	5.50e-12	1.35e-08	9.24e-05	2.08e-02	9.79e-01	0.00e+00	0.00e+00	0.00e+00	3.10e-16	3.75e-23	2.05e-63
 4.28591e+22	2.06e-22	3.39e-16	5.87e-12	1.41e-08	9.57e-05	2.12e-02	9.79e-01	0.00e+00	0.00e+00	0.00e+00	3.39e-16	4.11e-23	2.85e-63
 4.29704e+22	2.42e-22	3.84e-16	6.40e-12	1.48e-08	1.00e-04	2.18e-02	9.78e-01	0.00e+00	0.00e+00	0.00e+00	3.84e-16	4.65e-23	4.42e-63
 4.30832e+22	2.78e-22	4.27e-16	6.91e-12	1.54e-08	1.04e-04	2.24e-02	9.78e-01	0.00e+00	0.00e+00	0.00e+00	4.27e-16	5.17e-23	6.48e-63
 4.31805e+22	3.15e-22	4.71e-16	7.40e-12	1.61e-08	1.08e-04	2.29e-02	9.77e-01	0.00e+00	0.00e+00	0.00e+00	4.71e-16	5.70e-23	9.13e-63
 4.32894e+22	3.73e-22	5.36e-16	8.13e-12	1.69e-08	1.14e-04	2.36e-02	9.76e-01	0.00e+00	0.00e+00	0.00e+00	5.36e-16	6.50e-23	1.45e-62
 4.34003e+22	4.30e-22	5.99e-16	8.79e-12	1.77e-08	1.18e-04	2.41e-02	9.76e-01	0.00e+00	0.00e+00	0.00e+00	5.99e-16	7.26e-23	2.13e-62
 4.35140e+22	9.71e-26	6.92e-16	9.75e-12	1.88e-08	1.25e-04	2.49e-02	9.75e-01	0.00e+00	0.00e+00	0.00e+00	6.92e-16	8.39e-23	1.22e-62
 4.36280e+22	1.14e-25	7.77e-16	1.06e-11	1.97e-08	1.30e-04	2.55e-02	9.74e-01	0.00e+00	0.00e+00	0.00e+00	7.77e-16	9.42e-23	8.83e-63
 4.37242e+22	1.31e-25	8.65e-16	1.15e-11	2.06e-08	1.36e-04	2.61e-02	9.74e-01	0.00e+00	0.00e+00	0.00e+00	8.65e-16	1.05e-22	1.26e-62
 4.38312e+22	1.62e-25	1.01e-15	1.28e-11	2.20e-08	1.43e-04	2.70e-02	9.73e-01	0.00e+00	0.00e+00	0.00e+00	1.01e-15	1.23e-22	2.14e-62
 4.39361e+22	1.87e-25	1.13e-15	1.39e-11	2.31e-08	1.49e-04	2.76e-02	9.72e-01	0.00e+00	0.00e+00	0.00e+00	1.13e-15	1.37e-22	3.04e-62
 4.40383e+22	2.31e-25	1.32e-15	1.56e-11	2.47e-08	1.58e-04	2.85e-02	9.71e-01	0.00e+00	0.00e+00	0.00e+00	1.32e-15	1.60e-22	5.10e-62
 4.41386e+22	2.65e-25	1.47e-15	1.68e-11	2.59e-08	1.64e-04	2.91e-02	9.71e-01	0.00e+00	0.00e+00	0.00e+00	1.47e-15	1.79e-22	7.18e-62
 4.42364e+22	3.29e-25	1.73e-15	1.90e-11	2.77e-08	1.74e-04	3.01e-02	9.70e-01	0.00e+00	0.00e+00	0.00e+00	1.73e-15	2.11e-22	1.22e-61
 4.43338e+22	3.82e-25	1.95e-15	2.07e-11	2.92e-08	1.81e-04	3.07e-02	9.69e-01	0.00e+00	0.00e+00	0.00e+00	1.95e-15	2.36e-22	1.75e-61
 4.44308e+22	4.76e-25	2.31e-15	2.35e-11	3.15e-08	1.92e-04	3.17e-02	9.68e-01	0.00e+00	0.00e+00	0.00e+00	2.31e-15	2.81e-22	2.99e-61
 4.45288e+22	5.60e-25	2.62e-15	2.58e-11	3.34e-08	2.01e-04	3.25e-02	9.67e-01	0.00e+00	0.00e+00	0.00e+00	2.62e-15	3.19e-22	4.43e-61
 4.46279e+22	7.10e-25	3.16e-15	2.96e-11	3.63e-08	2.14e-04	3.36e-02	9.66e-01	0.00e+00	0.00e+00	0.00e+00	3.16e-15	3.84e-22	7.83e-61
 4.47279e+22	8.44e-25	3.62e-15	3.28e-11	3.86e-08	2.24e-04	3.44e-02	9.65e-01	0.00e+00	0.00e+00	0.00e+00	3.62e-15	4.40e-22	1.18e-60
 4.48290e+22	1.07e-24	4.38e-15	3.78e-11	4.22e-08	2.40e-04	3.56e-02	9.64e-01	0.00e+00	0.00e+00	0.00e+00	4.38e-15	5.34e-22	2.09e-60
 4.49293e+22	1.29e-24	5.08e-15	4.23e-11	4.53e-08	2.52e-04	3.65e-02	9.63e-01	0.00e+00	0.00e+00	0.00e+00	5.08e-15	6.18e-22	3.24e-60
 4.50284e+22	1.66e-24	6.19e-15	4.91e-11	4.97e-08	2.69e-04	3.78e-02	9.62e-01	0.00e+00	0.00e+00	0.00e+00	6.19e-15	7.54e-22	5.78e-60
 4.51294e+22	2.03e-24	7.27e-15	5.55e-11	5.37e-08	2.84e-04	3.88e-02	9.61e-01	0.00e+00	0.00e+00	0.00e+00	7.27e-15	8.85e-22	9.20e-60
 4.52328e+22	2.65e-24	9.02e-15	6.53e-11	5.96e-08	3.05e-04	4.02e-02	9.59e-01	0.00e+00	0.00e+00	0.00e+00	9.02e-15	1.10e-21	1.71e-59
 4.53369e+22	3.27e-24	1.07e-14	7.43e-11	6.47e-08	3.22e-04	4.14e-02	9.58e-01	0.00e+00	0.00e+00	0.00e+00	1.07e-14	1.30e-21	2.76e-59
 4.54417e+22	4.32e-24	1.34e-14	8.84e-11	7.23e-08	3.47e-04	4.29e-02	9.57e-01	0.00e+00	0.00e+00	0.00e+00	1.34e-14	1.63e-21	5.23e-59
 4.55472e+22	5.37e-24	1.59e-14	1.01e-10	7.89e-08	3.67e-04	4.41e-02	9.56e-01	0.00e+00	0.00e+00	0.00e+00	1.59e-14	1.95e-21	8.52e-59
 4.56388e+22	6.65e-24	1.90e-14	1.16e-10	8.61e-08	3.88e-04	4.54e-02	9.54e-01	0.00e+00	0.00e+00	0.00e+00	1.90e-14	2.32e-21	1.38e-58
 4.57430e+22	8.87e-24	2.40e-14	1.38e-10	9.68e-08	4.19e-04	4.71e-02	9.53e-01	0.00e+00	0.00e+00	0.00e+00	2.40e-14	2.93e-21	2.63e-58
 4.58460e+22	1.08e-23	2.82e-14	1.57e-10	1.05e-07	4.41e-04	4.83e-02	9.51e-01	0.00e+00	0.00e+00	0.00e+00	2.82e-14	3.45e-21	4.12e-58
 4.59476e+22	1.42e-23	3.52e-14	1.86e-10	1.18e-07	4.74e-04	5.00e-02	9.50e-01	0.00e+00	0.00e+00	0.00e+00	3.52e-14	4.30e-21	7.49e-58
 4.60522e+22	1.77e-23	4.21e-14	2.14e-10	1.29e-07	5.02e-04	5.14e-02	9.48e-01	0.00e+00	0.00e+00	0.00e+00	4.21e-14	5.14e-21	1.22e-57
 4.61608e+22	2.35e-23	5.30e-14	2.56e-10	1.45e-07	5.41e-04	5.33e-02	9.46e-01	0.00e+00	0.00e+00	0.00e+00	5.30e-14	6.48e-21	2.28e-57
 4.62714e+22	2.95e-23	6.37e-14	2.95e-10	1.59e-07	5.74e-04	5.48e-02	9.45e-01	0.00e+00	0.00e+00	0.00e+00	6.37e-14	7.79e-21	3.73e-57
 4.63846e+22	3.95e-23	8.07e-14	3.55e-10	1.80e-07	6.19e-04	5.69e-02	9.42e-01	0.00e+00	0.00e+00	0.00e+00	8.07e-14	9.87e-21	7.04e-57
 4.65002e+22	4.95e-23	9.69e-14	4.10e-10	1.98e-07	6.57e-04	5.85e-02	9.41e-01	0.00e+00	0.00e+00	0.00e+00	9.69e-14	1.19e-20	1.15e-56
 4.66188e+22	6.63e-23	1.23e-13	4.93e-10	2.25e-07	7.10e-04	6.08e-02	9.39e-01	0.00e+00	0.00e+00	0.00e+00	1.23e-13	1.51e-20	2.17e-56
 4.67394e+22	8.31e-23	1.48e-13	5.70e-10	2.47e-07	7.54e-04	6.25e-02	9.37e-01	0.00e+00	0.00e+00	0.00e+00	1.48e-13	1.81e-20	3.54e-56
 4.68626e+22	1.11e-22	1.88e-13	6.86e-10	2.80e-07	8.16e-04	6.49e-02	9.34e-01	0.00e+00	0.00e+00	0.00e+00	1.88e-13	2.30e-20	6.66e-56
 4.69865e+22	1.39e-22	2.24e-13	7.90e-10	3.08e-07	8.65e-04	6.68e-02	9.32e-01	0.00e+00	0.00e+00	0.00e+00	2.24e-13	2.75e-20	1.07e-55
 4.71114e+22	1.85e-22	2.84e-13	9.50e-10	3.49e-07	9.35e-04	6.93e-02	9.30e-01	0.00e+00	0.00e+00	0.00e+00	2.84e-13	3.48e-20	2.00e-55
 4.72321e+22	2.23e-22	3.30e-13	1.07e-09	3.79e-07	9.84e-04	7.10e-02	9.28e-01	0.00e+00	0.00e+00	0.00e+00	3.30e-13	4.05e-20	2.98e-55
 4.73473e+22	2.89e-22	4.06e-13	1.26e-09	4.23e-07	1.05e-03	7.33e-02	9.26e-01	0.00e+00	0.00e+00	0.00e+00	4.06e-13	4.99e-20	5.16e-55
 4.74658e+22	3.52e-22	4.77e-13	1.43e-09	4.61e-07	1.11e-03	7.52e-02	9.24e-01	0.00e+00	0.00e+00	0.00e+00	4.77e-13	5.86e-20	7.89e-55
 4.75886e+22	4.61e-22	5.92e-13	1.69e-09	5.18e-07	1.20e-03	7.79e-02	9.21e-01	0.00e+00	0.00e+00	0.00e+00	5.92e-13	7.28e-20	1.40e-54
 4.77130e+22	5.59e-22	6.91e-13	1.92e-09	5.64e-07	1.26e-03	7.98e-02	9.19e-01	0.00e+00	0.00e+00	0.00e+00	6.91e-13	8.50e-20	2.11e-54
 4.78393e+22	7.23e-22	8.51e-13	2.26e-09	6.30e-07	1.35e-03	8.25e-02	9.16e-01	0.00e+00	0.00e+00	0.00e+00	8.51e-13	1.05e-19	3.64e-54
 4.79646e+22	8.77e-22	9.93e-13	2.55e-09	6.85e-07	1.42e-03	8.46e-02	9.14e-01	0.00e+00	0.00e+00	0.00e+00	9.93e-13	1.22e-19	5.46e-54
 4.80886e+22	1.13e-21	1.22e-12	2.99e-09	7.66e-07	1.53e-03	8.74e-02	9.11e-01	0.00e+00	0.00e+00	0.00e+00	1.22e-12	1.50e-19	9.34e-54
 4.82138e+22	1.36e-21	1.41e-12	3.36e-09	8.29e-07	1.60e-03	8.95e-02	9.09e-01	0.00e+00	0.00e+00	0.00e+00	1.41e-12	1.74e-19	1.37e-53
 4.83406e+22	1.74e-21	1.72e-12	3.94e-09	9.25e-07	1.72e-03	9.25e-02	9.06e-01	0.00e+00	0.00e+00	0.00e+00	1.72e-12	2.12e-19	2.32e-53
 4.84699e+22	2.10e-21	2.00e-12	4.43e-09	1.00e-06	1.81e-03	9.47e-02	9.03e-01	0.00e+00	0.00e+00	0.00e+00	2.00e-12	2.46e-19	3.44e-53
 4.86023e+22	2.71e-21	2.44e-12	5.20e-09	1.12e-06	1.94e-03	9.79e-02	9.00e-01	0.00e+00	0.00e+00	0.00e+00	2.44e-12	3.02e-19	5.85e-53
 4.87371e+22	3.28e-21	2.84e-12	5.85e-09	1.22e-06	2.04e-03	1.00e-01	8.98e-01	0.00e+00	0.00e+00	0.00e+00	2.84e-12	3.51e-19	8.70e-53
 4.88751e+22	5.81e-22	3.48e-12	6.88e-09	1.36e-06	2.19e-03	1.04e-01	8.94e-01	0.00e+00	0.00e+00	0.00e+00	3.48e-12	4.30e-19	1.48e-52
 4.90156e+22	7.01e-22	4.05e-12	7.76e-09	1.48e-06	2.31e-03	1.06e-01	8.91e-01	0.00e+00	0.00e+00	0.00e+00	4.05e-12	5.01e-19	2.21e-52
 4.91595e+22	9.17e-22	4.97e-12	9.12e-09	1.66e-06	2.48e-03	1.10e-01	8.88e-01	0.00e+00	0.00e+00	0.00e+00	4.97e-12	6.15e-19	3.78e-52
 4.93001e+22	1.10e-21	5.67e-12	1.01e-08	1.79e-06	2.60e-03	1.12e-01	8.85e-01	0.00e+00	0.00e+00	0.00e+00	5.67e-12	7.02e-19	5.38e-52
 4.94365e+22	1.42e-21	6.89e-12	1.18e-08	1.99e-06	2.79e-03	1.16e-01	8.81e-01	0.00e+00	0.00e+00	0.00e+00	6.89e-12	8.54e-19	8.94e-52
 4.95750e+22	1.69e-21	7.86e-12	1.32e-08	2.15e-06	2.92e-03	1.18e-01	8.79e-01	0.00e+00	0.00e+00	0.00e+00	7.86e-12	9.76e-19	1.28e-51
 4.97163e+22	2.17e-21	9.48e-12	1.53e-08	2.38e-06	3.12e-03	1.22e-01	8.75e-01	0.00e+00	0.00e+00	0.00e+00	9.48e-12	1.18e-18	2.08e-51
 4.98620e+22	2.66e-21	1.10e-11	1.72e-08	2.59e-06	3.29e-03	1.25e-01	8.72e-01	0.00e+00	0.00e+00	0.00e+00	1.10e-11	1.37e-18	3.09e-51
 5.00134e+22	3.41e-21	1.32e-11	1.99e-08	2.88e-06	3.52e-03	1.29e-01	8.67e-01	0.00e+00	0.00e+00	0.00e+00	1.32e-11	1.65e-18	5.06e-51
 5.01698e+22	4.23e-21	1.55e-11	2.26e-08	3.15e-06	3.72e-03	1.32e-01	8.64e-01	0.00e+00	0.00e+00	0.00e+00	1.55e-11	1.93e-18	7.68e-51
 5.03325e+22	5.47e-21	1.88e-11	2.64e-08	3.51e-06	3.99e-03	1.37e-01	8.59e-01	0.00e+00	0.00e+00	0.00e+00	1.88e-11	2.34e-18	1.28e-50
 5.04997e+22	6.83e-21	2.21e-11	3.00e-08	3.85e-06	4.23e-03	1.40e-01	8.55e-01	0.00e+00	0.00e+00	0.00e+00	2.21e-11	2.76e-18	1.96e-50
 5.06727e+22	8.93e-21	2.69e-11	3.52e-08	4.31e-06	4.54e-03	1.45e-01	8.50e-01	0.00e+00	0.00e+00	0.00e+00	2.69e-11	3.36e-18	3.33e-50
 5.08514e+22	1.13e-20	3.19e-11	4.02e-08	4.74e-06	4.83e-03	1.49e-01	8.46e-01	0.00e+00	0.00e+00	0.00e+00	3.19e-11	3.98e-18	5.20e-50
 5.10375e+22	1.49e-20	3.92e-11	4.75e-08	5.34e-06	5.20e-03	1.54e-01	8.41e-01	0.00e+00	0.00e+00	0.00e+00	3.92e-11	4.90e-18	9.03e-50
 5.12287e+22	1.89e-20	4.66e-11	5.46e-08	5.89e-06	5.54e-03	1.59e-01	8.36e-01	0.00e+00	0.00e+00	0.00e+00	4.66e-11	5.84e-18	1.44e-49
 5.14006e+22	2.36e-20	5.48e-11	6.22e-08	6.47e-06	5.88e-03	1.63e-01	8.31e-01	0.00e+00	0.00e+00	0.00e+00	5.48e-11	6.88e-18	2.22e-49
 5.15981e+22	3.21e-20	6.88e-11	7.45e-08	7.37e-06	6.38e-03	1.69e-01	8.25e-01	0.00e+00	0.00e+00	0.00e+00	6.88e-11	8.65e-18	4.04e-49
 5.17968e+22	4.00e-20	8.08e-11	8.48e-08	8.08e-06	6.77e-03	1.74e-01	8.20e-01	0.00e+00	0.00e+00	0.00e+00	8.08e-11	1.02e-17	6.23e-49
 5.19971e+22	5.40e-20	1.01e-10	1.01e-07	9.18e-06	7.33e-03	1.80e-01	8.13e-01	0.00e+00	0.00e+00	0.00e+00	1.01e-10	1.27e-17	1.12e-48
 5.22016e+22	6.88e-20	1.20e-10	1.17e-07	1.02e-05	7.82e-03	1.85e-01	8.07e-01	0.00e+00	0.00e+00	0.00e+00	1.20e-10	1.52e-17	1.79e-48
 5.24117e+22	9.36e-20	1.51e-10	1.40e-07	1.16e-05	8.49e-03	1.92e-01	8.00e-01	0.00e+00	0.00e+00	0.00e+00	1.51e-10	1.91e-17	3.27e-48
 5.26250e+22	1.20e-19	1.82e-10	1.63e-07	1.29e-05	9.07e-03	1.98e-01	7.93e-01	0.00e+00	0.00e+00	0.00e+00	1.82e-10	2.31e-17	5.32e-48
 5.28427e+22	1.67e-19	2.32e-10	1.98e-07	1.48e-05	9.90e-03	2.05e-01	7.85e-01	0.00e+00	0.00e+00	0.00e+00	2.32e-10	2.95e-17	1.00e-47
 5.30613e+22	2.14e-19	2.79e-10	2.29e-07	1.64e-05	1.06e-02	2.11e-01	7.78e-01	0.00e+00	0.00e+00	0.00e+00	2.79e-10	3.55e-17	1.63e-47
 5.32428e+22	2.68e-19	3.30e-10	2.62e-07	1.81e-05	1.12e-02	2.17e-01	7.72e-01	0.00e+00	0.00e+00	0.00e+00	3.30e-10	4.21e-17	2.53e-47
 5.34402e+22	3.62e-19	4.14e-10	3.15e-07	2.06e-05	1.22e-02	2.24e-01	7.63e-01	0.00e+00	0.00e+00	0.00e+00	4.14e-10	5.29e-17	4.53e-47
 5.36369e+22	4.52e-19	4.89e-10	3.60e-07	2.27e-05	1.29e-02	2.30e-01	7.57e-01	0.00e+00	0.00e+00	0.00e+00	4.89e-10	6.26e-17	6.96e-47
 5.38326e+22	6.10e-19	6.14e-10	4.32e-07	2.58e-05	1.40e-02	2.38e-01	7.48e-01	0.00e+00	0.00e+00	0.00e+00	6.14e-10	7.88e-17	1.24e-46
 5.40308e+22	7.68e-19	7.30e-10	4.97e-07	2.85e-05	1.49e-02	2.44e-01	7.41e-01	0.00e+00	0.00e+00	0.00e+00	7.30e-10	9.39e-17	1.94e-46
 5.42323e+22	1.05e-18	9.27e-10	6.02e-07	3.27e-05	1.62e-02	2.53e-01	7.31e-01	0.00e+00	0.00e+00	0.00e+00	9.27e-10	1.20e-16	3.53e-46
 5.44363e+22	1.33e-18	1.11e-09	6.96e-07	3.62e-05	1.73e-02	2.60e-01	7.23e-01	0.00e+00	0.00e+00	0.00e+00	1.11e-09	1.44e-16	5.58e-46
 5.46435e+22	1.83e-18	1.42e-09	8.47e-07	4.17e-05	1.88e-02	2.69e-01	7.12e-01	0.00e+00	0.00e+00	0.00e+00	1.42e-09	1.84e-16	1.03e-45
 5.48547e+22	2.36e-18	1.72e-09	9.92e-07	4.66e-05	2.02e-02	2.77e-01	7.03e-01	0.00e+00	0.00e+00	0.00e+00	1.72e-09	2.24e-16	1.67e-45
 5.50710e+22	3.29e-18	2.23e-09	1.22e-06	5.41e-05	2.21e-02	2.87e-01	6.91e-01	0.00e+00	0.00e+00	0.00e+00	2.23e-09	2.91e-16	3.14e-45
 5.52917e+22	4.30e-18	2.74e-09	1.44e-06	6.09e-05	2.38e-02	2.95e-01	6.81e-01	0.00e+00	0.00e+00	0.00e+00	2.74e-09	3.59e-16	5.20e-45
 5.55180e+22	6.10e-18	3.60e-09	1.80e-06	7.13e-05	2.62e-02	3.06e-01	6.67e-01	0.00e+00	0.00e+00	0.00e+00	3.60e-09	4.73e-16	1.00e-44
 5.57463e+22	8.00e-18	4.45e-09	2.13e-06	8.06e-05	2.82e-02	3.15e-01	6.57e-01	0.00e+00	0.00e+00	0.00e+00	4.45e-09	5.86e-16	1.67e-44
 5.59381e+22	1.03e-17	5.40e-09	2.50e-06	9.02e-05	3.02e-02	3.24e-01	6.46e-01	0.00e+00	0.00e+00	0.00e+00	5.40e-09	7.14e-16	2.64e-44
 5.61460e+22	1.40e-17	6.91e-09	3.05e-06	1.04e-04	3.29e-02	3.34e-01	6.33e-01	0.00e+00	0.00e+00	0.00e+00	6.91e-09	9.18e-16	4.73e-44
 5.63556e+22	1.80e-17	8.41e-09	3.59e-06	1.17e-04	3.53e-02	3.43e-01	6.22e-01	0.00e+00	0.00e+00	0.00e+00	8.41e-09	1.12e-15	7.47e-44
 5.65607e+22	2.43e-17	1.06e-08	4.35e-06	1.35e-04	3.84e-02	3.53e-01	6.08e-01	0.00e+00	0.00e+00	0.00e+00	1.06e-08	1.43e-15	1.29e-43
 5.67699e+22	3.14e-17	1.30e-08	5.14e-06	1.52e-04	4.12e-02	3.63e-01	5.96e-01	0.00e+00	0.00e+00	0.00e+00	1.30e-08	1.75e-15	2.05e-43
 5.69749e+22	4.16e-17	1.63e-08	6.18e-06	1.74e-04	4.47e-02	3.73e-01	5.82e-01	0.00e+00	0.00e+00	0.00e+00	1.63e-08	2.21e-15	3.40e-43
 5.71842e+22	5.40e-17	2.00e-08	7.34e-06	1.97e-04	4.81e-02	3.82e-01	5.69e-01	5.40e-17	1.01e-22	2.42e-23	2.00e-08	2.73e-15	5.42e-43
 5.73911e+22	7.05e-17	2.47e-08	8.76e-06	2.24e-04	5.19e-02	3.92e-01	5.55e-01	7.05e-17	2.52e-21	3.97e-22	2.47e-08	3.40e-15	8.70e-43
 5.75990e+22	9.13e-17	3.04e-08	1.04e-05	2.54e-04	5.59e-02	4.02e-01	5.42e-01	9.13e-17	3.27e-21	5.15e-22	3.04e-08	4.20e-15	1.37e-42
 5.78045e+22	1.18e-16	3.71e-08	1.23e-05	2.88e-04	6.02e-02	4.11e-01	5.28e-01	1.18e-16	4.22e-21	6.64e-22	3.71e-08	5.18e-15	2.12e-42
 5.80097e+22	1.51e-16	4.52e-08	1.46e-05	3.26e-04	6.47e-02	4.21e-01	5.14e-01	1.51e-16	5.42e-21	8.54e-22	4.52e-08	6.36e-15	3.25e-42
 5.82151e+22	1.93e-16	5.48e-08	1.72e-05	3.68e-04	6.94e-02	4.30e-01	5.00e-01	1.93e-16	6.93e-21	1.09e-21	5.48e-08	7.79e-15	4.93e-42
 5.84212e+22	2.45e-16	6.63e-08	2.02e-05	4.16e-04	7.45e-02	4.39e-01	4.86e-01	2.45e-16	8.84e-21	1.40e-21	6.63e-08	9.51e-15	7.40e-42
 5.86285e+22	3.11e-16	8.00e-08	2.38e-05	4.70e-04	7.98e-02	4.47e-01	4.72e-01	3.11e-16	1.12e-20	1.78e-21	8.00e-08	1.16e-14	1.10e-41
 5.88377e+22	3.94e-16	9.62e-08	2.79e-05	5.30e-04	8.55e-02	4.56e-01	4.58e-01	3.94e-16	1.43e-20	2.26e-21	9.62e-08	1.41e-14	1.62e-41
 5.90492e+22	4.98e-16	1.15e-07	3.28e-05	5.98e-04	9.16e-02	4.64e-01	4.44e-01	4.98e-16	1.81e-20	2.86e-21	1.15e-07	1.71e-14	2.38e-41
 5.92618e+22	6.26e-16	1.38e-07	3.83e-05	6.73e-04	9.79e-02	4.72e-01	4.29e-01	6.26e-16	2.27e-20	3.60e-21	1.38e-07	2.07e-14	3.45e-41
 5.94779e+22	7.89e-16	1.65e-07	4.49e-05	7.60e-04	1.05e-01	4.80e-01	4.15e-01	7.89e-16	2.87e-20	4.56e-21	1.65e-07	2.50e-14	4.99e-41
 5.96963e+22	9.88e-16	1.96e-07	5.24e-05	8.54e-04	1.12e-01	4.87e-01	4.01e-01	9.88e-16	3.60e-20	5.73e-21	1.96e-07	3.00e-14	7.12e-41
 5.99189e+22	1.24e-15	2.34e-07	6.14e-05	9.64e-04	1.19e-01	4.94e-01	3.86e-01	1.24e-15	4.55e-20	7.24e-21	2.34e-07	3.62e-14	1.02e-40
 6.01456e+22	1.56e-15	2.77e-07	7.15e-05	1.08e-03	1.27e-01	5.00e-01	3.72e-01	1.56e-15	5.71e-20	9.08e-21	2.77e-07	4.34e-14	1.45e-40
 6.03535e+22	1.87e-15	3.18e-07	8.12e-05	1.19e-03	1.34e-01	5.05e-01	3.60e-01	1.87e-15	6.89e-20	1.10e-20	3.18e-07	5.03e-14	1.93e-40
 6.05706e+22	2.36e-15	3.79e-07	9.52e-05	1.35e-03	1.44e-01	5.11e-01	3.44e-01	2.36e-15	8.71e-20	1.39e-20	3.79e-07	6.06e-14	2.75e-40
 6.07907e+22	2.03e-14	4.34e-07	1.08e-04	1.49e-03	1.51e-01	5.15e-01	3.33e-01	2.03e-14	7.49e-19	1.20e-19	4.34e-07	7.01e-14	3.67e-40
 6.10168e+22	2.78e-14	5.16e-07	1.27e-04	1.68e-03	1.61e-01	5.19e-01	3.18e-01	2.78e-14	1.03e-18	1.65e-19	5.16e-07	8.43e-14	5.25e-40
 6.12434e+22	3.59e-14	5.88e-07	1.43e-04	1.85e-03	1.69e-01	5.22e-01	3.06e-01	3.59e-14	1.33e-18	2.14e-19	5.88e-07	9.68e-14	6.88e-40
 6.14705e+22	5.04e-14	6.93e-07	1.67e-04	2.09e-03	1.80e-01	5.26e-01	2.91e-01	5.04e-14	1.88e-18	3.01e-19	6.93e-07	1.15e-13	9.66e-40
 6.16986e+22	6.76e-14	7.85e-07	1.87e-04	2.28e-03	1.89e-01	5.28e-01	2.81e-01	6.76e-14	2.53e-18	4.06e-19	7.85e-07	1.32e-13	1.26e-39
 6.19280e+22	1.01e-13	9.20e-07	2.17e-04	2.56e-03	2.01e-01	5.30e-01	2.67e-01	1.01e-13	3.77e-18	6.07e-19	9.20e-07	1.56e-13	1.76e-39
 6.21599e+22	1.46e-13	1.04e-06	2.44e-04	2.80e-03	2.10e-01	5.31e-01	2.56e-01	1.46e-13	5.49e-18	8.85e-19	1.04e-06	1.78e-13	2.29e-39
 6.23951e+22	2.47e-13	1.21e-06	2.82e-04	3.14e-03	2.22e-01	5.32e-01	2.43e-01	2.47e-13	9.32e-18	1.50e-18	1.21e-06	2.10e-13	3.20e-39
 6.26335e+22	4.31e-13	1.37e-06	3.16e-04	3.43e-03	2.32e-01	5.32e-01	2.32e-01	4.31e-13	1.63e-17	2.64e-18	1.37e-06	2.39e-13	4.21e-39
 6.28763e+22	9.84e-13	1.59e-06	3.66e-04	3.85e-03	2.45e-01	5.31e-01	2.19e-01	9.84e-13	3.74e-17	6.06e-18	1.59e-06	2.81e-13	6.04e-39
 6.31236e+22	2.61e-12	1.79e-06	4.09e-04	4.20e-03	2.56e-01	5.30e-01	2.09e-01	2.61e-12	9.95e-17	1.61e-17	1.79e-06	3.20e-13	8.56e-39
 6.33768e+22	8.50e-12	2.08e-06	4.74e-04	4.71e-03	2.71e-01	5.28e-01	1.97e-01	8.50e-12	3.26e-16	5.30e-17	2.08e-06	3.77e-13	1.48e-38
 6.36360e+22	1.91e-11	2.35e-06	5.31e-04	5.15e-03	2.82e-01	5.25e-01	1.87e-01	1.91e-11	7.37e-16	1.20e-16	2.35e-06	4.29e-13	2.50e-38
 6.39030e+22	3.16e-11	2.74e-06	6.16e-04	5.79e-03	2.98e-01	5.21e-01	1.75e-01	3.16e-11	1.22e-15	2.00e-16	2.74e-06	5.07e-13	4.09e-38
 6.41743e+22	4.33e-11	3.08e-06	6.90e-04	6.32e-03	3.10e-01	5.18e-01	1.66e-01	4.33e-11	1.68e-15	2.75e-16	3.08e-06	5.77e-13	5.93e-38
 6.44030e+22	5.40e-11	3.43e-06	7.63e-04	6.84e-03	3.21e-01	5.14e-01	1.58e-01	5.40e-11	2.11e-15	3.46e-16	3.43e-06	6.48e-13	8.00e-38
 6.46521e+22	6.95e-11	3.92e-06	8.68e-04	7.57e-03	3.36e-01	5.08e-01	1.48e-01	6.94e-11	2.73e-15	4.48e-16	3.92e-06	7.51e-13	1.15e-37
 6.48933e+22	8.28e-11	4.30e-06	9.50e-04	8.12e-03	3.46e-01	5.04e-01	1.41e-01	8.28e-11	3.27e-15	5.37e-16	4.30e-06	8.34e-13	1.50e-37
 6.51242e+22	1.01e-10	4.84e-06	1.07e-03	8.91e-03	3.60e-01	4.98e-01	1.32e-01	1.01e-10	4.00e-15	6.59e-16	4.84e-06	9.51e-13	2.05e-37
 6.53576e+22	1.18e-10	5.33e-06	1.17e-03	9.53e-03	3.71e-01	4.93e-01	1.26e-01	1.18e-10	4.71e-15	7.77e-16	5.33e-06	1.06e-12	2.67e-37
 6.55943e+22	1.41e-10	5.99e-06	1.31e-03	1.04e-02	3.85e-01	4.86e-01	1.18e-01	1.41e-10	5.67e-15	9.38e-16	5.99e-06	1.21e-12	3.66e-37
 6.58346e+22	1.64e-10	6.59e-06	1.43e-03	1.12e-02	3.96e-01	4.80e-01	1.12e-01	1.64e-10	6.60e-15	1.09e-15	6.59e-06	1.34e-12	4.78e-37
 6.60796e+22	1.94e-10	7.41e-06	1.61e-03	1.22e-02	4.10e-01	4.71e-01	1.04e-01	1.94e-10	7.86e-15	1.31e-15	7.41e-06	1.53e-12	6.55e-37
 6.63281e+22	2.23e-10	8.16e-06	1.76e-03	1.31e-02	4.22e-01	4.65e-01	9.88e-02	2.23e-10	9.10e-15	1.51e-15	8.16e-06	1.71e-12	8.63e-37
 6.65810e+22	2.62e-10	9.19e-06	1.97e-03	1.43e-02	4.36e-01	4.56e-01	9.17e-02	2.62e-10	1.07e-14	1.79e-15	9.19e-06	1.96e-12	1.19e-36
 6.68386e+22	3.00e-10	1.01e-05	2.16e-03	1.53e-02	4.48e-01	4.48e-01	8.65e-02	3.00e-10	1.24e-14	2.08e-15	1.01e-05	2.19e-12	1.58e-36
 6.71023e+22	3.51e-10	1.14e-05	2.42e-03	1.68e-02	4.63e-01	4.38e-01	7.99e-02	3.51e-10	1.46e-14	2.45e-15	1.14e-05	2.51e-12	2.20e-36
 6.73719e+22	4.00e-10	1.26e-05	2.66e-03	1.80e-02	4.75e-01	4.29e-01	7.50e-02	4.00e-10	1.68e-14	2.82e-15	1.26e-05	2.82e-12	2.95e-36
 6.76492e+22	4.69e-10	1.43e-05	2.99e-03	1.97e-02	4.90e-01	4.18e-01	6.89e-02	4.69e-10	1.98e-14	3.35e-15	1.43e-05	3.26e-12	4.22e-36
 6.79335e+22	5.35e-10	1.58e-05	3.29e-03	2.12e-02	5.02e-01	4.09e-01	6.44e-02	5.35e-10	2.28e-14	3.86e-15	1.58e-05	3.67e-12	5.74e-36
 6.82269e+22	6.28e-10	1.80e-05	3.71e-03	2.32e-02	5.18e-01	3.96e-01	5.87e-02	6.28e-10	2.70e-14	4.59e-15	1.80e-05	4.27e-12	8.43e-36
 6.85231e+22	7.17e-10	2.00e-05	4.07e-03	2.49e-02	5.30e-01	3.87e-01	5.47e-02	7.17e-10	3.11e-14	5.30e-15	2.00e-05	4.83e-12	1.16e-35
 6.88228e+22	8.37e-10	2.27e-05	4.59e-03	2.72e-02	5.45e-01	3.74e-01	4.97e-02	8.37e-10	3.67e-14	6.28e-15	2.27e-05	5.63e-12	1.72e-35
 6.91261e+22	9.56e-10	2.53e-05	5.04e-03	2.91e-02	5.56e-01	3.64e-01	4.61e-02	9.56e-10	4.23e-14	7.26e-15	2.53e-05	6.38e-12	2.40e-35
 6.94341e+22	1.11e-09	2.88e-05	5.68e-03	3.19e-02	5.71e-01	3.50e-01	4.17e-02	1.11e-09	4.99e-14	8.60e-15	2.88e-05	7.45e-12	3.60e-35
 6.97344e+22	1.26e-09	3.18e-05	6.19e-03	3.39e-02	5.80e-01	3.41e-01	3.88e-02	1.26e-09	5.70e-14	9.85e-15	3.18e-05	8.39e-12	4.96e-35
 7.00247e+22	1.45e-09	3.58e-05	6.90e-03	3.68e-02	5.93e-01	3.28e-01	3.52e-02	1.45e-09	6.64e-14	1.15e-14	3.58e-05	9.71e-12	7.30e-35
 7.03259e+22	1.65e-09	3.99e-05	7.55e-03	3.92e-02	6.03e-01	3.18e-01	3.26e-02	1.65e-09	7.65e-14	1.33e-14	3.99e-05	1.10e-11	1.04e-34
 7.05833e+22	1.84e-09	4.37e-05	8.17e-03	4.15e-02	6.12e-01	3.09e-01	3.03e-02	1.84e-09	8.60e-14	1.50e-14	4.37e-05	1.23e-11	1.39e-34
 7.08602e+22	2.10e-09	4.89e-05	9.02e-03	4.46e-02	6.22e-01	2.97e-01	2.76e-02	2.10e-09	9.93e-14	1.74e-14	4.89e-05	1.42e-11	2.03e-34
 7.11374e+22	2.33e-09	5.35e-05	9.75e-03	4.72e-02	6.30e-01	2.87e-01	2.56e-02	2.33e-09	1.11e-13	1.96e-14	5.35e-05	1.58e-11	2.74e-34
 7.14147e+22	2.67e-09	5.99e-05	1.07e-02	5.05e-02	6.39e-01	2.76e-01	2.33e-02	2.67e-09	1.29e-13	2.28e-14	5.99e-05	1.82e-11	4.03e-34
 7.17036e+22	2.99e-09	6.61e-05	1.17e-02	5.36e-02	6.47e-01	2.66e-01	2.14e-02	2.99e-09	1.47e-13	2.60e-14	6.61e-05	2.06e-11	5.64e-34
 7.19631e+22	3.34e-09	7.26e-05	1.26e-02	5.66e-02	6.54e-01	2.57e-01	1.98e-02	3.34e-09	1.65e-13	2.94e-14	7.26e-05	2.31e-11	7.77e-34
 7.22562e+22	3.84e-09	8.18e-05	1.39e-02	6.06e-02	6.62e-01	2.46e-01	1.79e-02	3.84e-09	1.93e-13	3.45e-14	8.18e-05	2.68e-11	1.17e-33
 7.25626e+22	4.32e-09	9.07e-05	1.52e-02	6.44e-02	6.68e-01	2.36e-01	1.63e-02	4.32e-09	2.20e-13	3.94e-14	9.07e-05	3.05e-11	1.68e-33
 7.28390e+22	4.85e-09	1.00e-04	1.65e-02	6.81e-02	6.74e-01	2.27e-01	1.49e-02	4.85e-09	2.51e-13	4.50e-14	1.00e-04	3.46e-11	2.37e-33
 7.31511e+22	5.62e-09	1.14e-04	1.82e-02	7.29e-02	6.80e-01	2.15e-01	1.34e-02	5.62e-09	2.96e-13	5.34e-14	1.14e-04	4.05e-11	3.69e-33
 7.34728e+22	6.33e-09	1.26e-04	1.99e-02	7.74e-02	6.85e-01	2.05e-01	1.21e-02	6.33e-09	3.39e-13	6.14e-14	1.26e-04	4.64e-11	5.37e-33
 7.37590e+22	7.15e-09	1.40e-04	2.15e-02	8.17e-02	6.89e-01	1.97e-01	1.10e-02	7.15e-09	3.88e-13	7.05e-14	1.40e-04	5.29e-11	7.72e-33
 7.40829e+22	8.32e-09	1.59e-04	2.38e-02	8.73e-02	6.93e-01	1.86e-01	9.79e-03	8.32e-09	4.60e-13	8.42e-14	1.59e-04	6.24e-11	1.22e-32
 7.44186e+22	9.46e-09	1.78e-04	2.60e-02	9.27e-02	6.96e-01	1.76e-01	8.79e-03	9.46e-09	5.33e-13	9.78e-14	1.78e-04	7.22e-11	1.83e-32
 7.47197e+22	1.07e-08	1.98e-04	2.83e-02	9.78e-02	6.98e-01	1.68e-01	7.94e-03	1.07e-08	6.13e-13	1.13e-13	1.98e-04	8.28e-11	2.68e-32
 7.50610e+22	1.25e-08	2.28e-04	3.14e-02	1.05e-01	7.00e-01	1.57e-01	6.96e-03	1.25e-08	7.35e-13	1.36e-13	2.28e-04	9.89e-11	4.38e-32
 7.54130e+22	1.43e-08	2.55e-04	3.42e-02	1.11e-01	7.00e-01	1.48e-01	6.21e-03	1.43e-08	8.56e-13	1.59e-13	2.55e-04	1.15e-10	6.64e-32
 7.57790e+22	1.70e-08	2.96e-04	3.82e-02	1.19e-01	7.00e-01	1.38e-01	5.37e-03	1.70e-08	1.04e-12	1.95e-13	2.96e-04	1.39e-10	1.13e-31
 7.61491e+22	1.94e-08	3.33e-04	4.17e-02	1.25e-01	6.98e-01	1.29e-01	4.76e-03	1.94e-08	1.22e-12	2.29e-13	3.33e-04	1.63e-10	1.73e-31
 7.64750e+22	2.22e-08	3.74e-04	4.53e-02	1.32e-01	6.96e-01	1.22e-01	4.23e-03	2.22e-08	1.42e-12	2.69e-13	3.74e-04	1.90e-10	2.63e-31
 7.68491e+22	2.64e-08	4.34e-04	5.05e-02	1.41e-01	6.92e-01	1.12e-01	3.62e-03	2.64e-08	1.74e-12	3.31e-13	4.34e-04	2.31e-10	4.53e-31
 7.72271e+22	3.01e-08	4.88e-04	5.50e-02	1.49e-01	6.88e-01	1.05e-01	3.18e-03	3.01e-08	2.04e-12	3.88e-13	4.88e-04	2.70e-10	6.98e-31
 7.76104e+22	3.61e-08	5.69e-04	6.12e-02	1.58e-01	6.81e-01	9.60e-02	2.71e-03	3.61e-08	2.52e-12	4.83e-13	5.69e-04	3.32e-10	1.22e-30
 7.79996e+22	3.82e-08	6.44e-04	6.68e-02	1.67e-01	6.74e-01	8.91e-02	2.36e-03	3.82e-08	2.73e-12	5.26e-13	6.44e-04	3.92e-10	1.84e-30
 7.83964e+22	4.63e-08	7.54e-04	7.44e-02	1.77e-01	6.65e-01	8.09e-02	1.98e-03	4.62e-08	3.42e-12	6.63e-13	7.54e-04	4.83e-10	3.29e-30
 7.87972e+22	5.40e-08	8.55e-04	8.10e-02	1.86e-01	6.56e-01	7.48e-02	1.71e-03	5.40e-08	4.10e-12	7.98e-13	8.55e-04	5.72e-10	5.22e-30
 7.92031e+22	6.58e-08	1.01e-03	9.03e-02	1.97e-01	6.43e-01	6.73e-02	1.42e-03	6.58e-08	5.18e-12	1.01e-12	1.01e-03	7.10e-10	9.43e-30
 7.96128e+22	7.69e-08	1.14e-03	9.82e-02	2.06e-01	6.31e-01	6.18e-02	1.22e-03	7.69e-08	6.24e-12	1.22e-12	1.14e-03	8.43e-10	1.50e-29
 8.00274e+22	9.42e-08	1.35e-03	1.09e-01	2.18e-01	6.15e-01	5.52e-02	1.00e-03	9.42e-08	7.94e-12	1.57e-12	1.35e-03	1.05e-09	2.74e-29
 8.04477e+22	1.11e-07	1.53e-03	1.19e-01	2.27e-01	6.01e-01	5.03e-02	8.54e-04	1.11e-07	9.61e-12	1.90e-12	1.53e-03	1.26e-09	4.41e-29
 8.08118e+22	1.29e-07	1.74e-03	1.29e-01	2.36e-01	5.87e-01	4.59e-02	7.31e-04	1.29e-07	1.16e-11	2.30e-12	1.74e-03	1.49e-09	6.94e-29
 8.12217e+22	1.58e-07	2.04e-03	1.42e-01	2.47e-01	5.68e-01	4.07e-02	5.95e-04	1.58e-07	1.48e-11	2.95e-12	2.04e-03	1.85e-09	1.25e-28
 8.16131e+22	1.82e-07	2.28e-03	1.52e-01	2.54e-01	5.54e-01	3.73e-02	5.15e-04	1.82e-07	1.75e-11	3.50e-12	2.28e-03	2.16e-09	1.87e-28
 8.19805e+22	2.17e-07	2.62e-03	1.66e-01	2.63e-01	5.34e-01	3.32e-02	4.25e-04	2.17e-07	2.17e-11	4.36e-12	2.62e-03	2.62e-09	3.16e-28
