#depth	H	H+	H2
 1.54284e+22	2.47e-04	1.00e+00	2.88e-22
 3.53422e+22	3.47e-04	1.00e+00	1.24e-21
 4.20703e+22	4.10e-04	1.00e+00	2.93e-21
 4.60149e+22	4.64e-04	1.00e+00	5.66e-21
 4.84241e+22	4.89e-04	1.00e+00	7.52e-21
 5.00507e+22	5.22e-04	9.99e-01	1.07e-20
 5.17755e+22	5.54e-04	9.99e-01	1.50e-20
 5.36277e+22	5.97e-04	9.99e-01	2.26e-20
 5.53355e+22	6.27e-04	9.99e-01	3.06e-20
 5.68555e+22	6.66e-04	9.99e-01	4.33e-20
 5.84063e+22	7.01e-04	9.99e-01	5.94e-20
 5.97829e+22	7.35e-04	9.99e-01	7.91e-20
 6.13583e+22	7.83e-04	9.99e-01	1.22e-19
 6.29467e+22	8.22e-04	9.99e-01	1.65e-19
 6.45520e+22	8.74e-04	9.99e-01	2.51e-19
 6.61795e+22	9.21e-04	9.99e-01	3.65e-19
 6.76042e+22	9.68e-04	9.99e-01	5.05e-19
 6.92244e+22	1.03e-03	9.99e-01	8.45e-19
 7.08655e+22	1.08e-03	9.99e-01	1.18e-18
 7.25334e+22	1.15e-03	9.99e-01	1.99e-18
 7.42290e+22	1.22e-03	9.99e-01	3.37e-18
 7.57307e+22	1.28e-03	9.99e-01	5.39e-18
 7.74529e+22	1.37e-03	9.99e-01	1.13e-17
 7.92113e+22	1.44e-03	9.99e-01	2.40e-17
 8.10168e+22	1.54e-03	9.98e-01	5.52e-17
 8.28476e+22	1.63e-03	9.98e-01	1.24e-16
 8.47112e+22	1.74e-03	9.98e-01	2.26e-16
 8.66143e+22	1.85e-03	9.98e-01	3.88e-16
 8.76830e+22	1.88e-03	9.98e-01	4.58e-16
 8.81868e+22	1.91e-03	9.98e-01	5.13e-16
 8.88417e+22	1.96e-03	9.98e-01	5.92e-16
 8.96931e+22	2.01e-03	9.98e-01	6.97e-16
 9.07999e+22	2.10e-03	9.98e-01	9.07e-16
 9.22387e+22	2.22e-03	9.98e-01	1.26e-15
 9.36783e+22	2.30e-03	9.98e-01	1.53e-15
 9.51190e+22	2.43e-03	9.98e-01	2.08e-15
 9.65811e+22	2.53e-03	9.97e-01	2.53e-15
 9.80711e+22	2.66e-03	9.97e-01	3.24e-15
 9.96128e+22	2.79e-03	9.97e-01	4.04e-15
 1.01011e+23	2.91e-03	9.97e-01	4.98e-15
 1.02617e+23	3.08e-03	9.97e-01	6.36e-15
 1.04247e+23	3.22e-03	9.97e-01	7.74e-15
 1.05905e+23	3.41e-03	9.97e-01	9.91e-15
 1.07570e+23	3.57e-03	9.96e-01	1.20e-14
 1.09243e+23	3.77e-03	9.96e-01	1.51e-14
 1.10971e+23	3.96e-03	9.96e-01	1.83e-14
 1.12768e+23	4.21e-03	9.96e-01	2.32e-14
 1.14579e+23	4.42e-03	9.96e-01	2.81e-14
 1.16409e+23	4.71e-03	9.95e-01	3.58e-14
 1.18251e+23	4.94e-03	9.95e-01	4.35e-14
 1.20111e+23	5.26e-03	9.95e-01	5.56e-14
 1.21999e+23	5.53e-03	9.94e-01	6.80e-14
 1.23923e+23	5.92e-03	9.94e-01	8.83e-14
 1.25845e+23	6.22e-03	9.94e-01	1.08e-13
 1.27766e+23	6.67e-03	9.93e-01	1.41e-13
 1.29687e+23	7.03e-03	9.93e-01	1.74e-13
 1.31610e+23	7.56e-03	9.92e-01	2.29e-13
 1.33530e+23	7.99e-03	9.92e-01	2.83e-13
 1.35447e+23	8.65e-03	9.91e-01	3.79e-13
 1.37354e+23	9.17e-03	9.91e-01	4.72e-13
 1.39245e+23	9.98e-03	9.90e-01	6.38e-13
 1.41140e+23	1.07e-02	9.89e-01	8.11e-13
 1.43041e+23	1.17e-02	9.88e-01	1.11e-12
 1.44953e+23	1.27e-02	9.87e-01	1.46e-12
 1.46879e+23	1.41e-02	9.86e-01	2.06e-12
 1.48823e+23	1.55e-02	9.85e-01	2.80e-12
 1.50515e+23	1.71e-02	9.83e-01	3.82e-12
 1.52172e+23	1.90e-02	9.81e-01	5.24e-12
 1.53644e+23	2.08e-02	9.79e-01	6.87e-12
 1.55141e+23	2.35e-02	9.76e-01	9.77e-12
 1.56690e+23	2.67e-02	9.73e-01	1.38e-11
 1.58063e+23	3.02e-02	9.70e-01	1.93e-11
 1.59604e+23	3.57e-02	9.64e-01	3.01e-11
 1.61160e+23	4.27e-02	9.57e-01	4.67e-11
 1.62382e+23	5.02e-02	9.50e-01	6.91e-11
 1.63416e+23	5.85e-02	9.41e-01	9.96e-11
 1.64358e+23	6.84e-02	9.32e-01	1.43e-10
 1.65200e+23	7.97e-02	9.20e-01	2.02e-10
 1.65957e+23	9.25e-02	9.07e-01	2.83e-10
 1.66652e+23	1.07e-01	8.93e-01	3.93e-10
 1.67298e+23	1.25e-01	8.75e-01	5.44e-10
 1.67898e+23	1.44e-01	8.56e-01	7.38e-10
 1.68468e+23	1.67e-01	8.33e-01	1.01e-09
 1.69023e+23	1.93e-01	8.07e-01	1.36e-09
 1.69557e+23	2.24e-01	7.76e-01	1.84e-09
 1.70047e+23	2.57e-01	7.43e-01	2.43e-09
 1.70488e+23	2.91e-01	7.09e-01	3.10e-09
 1.70892e+23	3.25e-01	6.75e-01	3.85e-09
 1.71252e+23	3.58e-01	6.42e-01	4.63e-09
 1.71563e+23	3.87e-01	6.13e-01	5.38e-09
 1.71806e+23	4.11e-01	5.89e-01	5.99e-09
 1.71997e+23	4.30e-01	5.70e-01	6.50e-09
 1.72200e+23	4.50e-01	5.50e-01	7.10e-09
 1.72431e+23	4.74e-01	5.26e-01	7.80e-09
 1.72676e+23	4.98e-01	5.02e-01	8.55e-09
 1.72918e+23	5.21e-01	4.79e-01	9.22e-09
 1.73141e+23	5.42e-01	4.58e-01	9.86e-09
 1.73308e+23	5.58e-01	4.42e-01	1.03e-08
 1.73426e+23	5.68e-01	4.32e-01	1.06e-08
 1.73546e+23	5.78e-01	4.22e-01	1.10e-08
 1.73693e+23	5.91e-01	4.09e-01	1.14e-08
 1.73853e+23	6.04e-01	3.96e-01	1.18e-08
 1.74007e+23	6.16e-01	3.84e-01	1.22e-08
 1.74157e+23	6.27e-01	3.73e-01	1.25e-08
 1.74313e+23	6.39e-01	3.61e-01	1.29e-08
 1.74472e+23	6.50e-01	3.50e-01	1.33e-08
 1.74636e+23	6.62e-01	3.38e-01	1.37e-08
 1.74804e+23	6.73e-01	3.27e-01	1.40e-08
 1.74978e+23	6.84e-01	3.16e-01	1.44e-08
 1.75155e+23	6.95e-01	3.05e-01	1.47e-08
 1.75336e+23	7.05e-01	2.95e-01	1.50e-08
 1.75522e+23	7.15e-01	2.85e-01	1.54e-08
 1.75715e+23	7.25e-01	2.75e-01	1.57e-08
 1.75914e+23	7.35e-01	2.65e-01	1.60e-08
 1.76117e+23	7.45e-01	2.55e-01	1.63e-08
 1.76327e+23	7.54e-01	2.46e-01	1.66e-08
 1.76544e+23	7.63e-01	2.37e-01	1.69e-08
 1.76768e+23	7.72e-01	2.28e-01	1.72e-08
 1.76999e+23	7.80e-01	2.20e-01	1.74e-08
 1.77237e+23	7.89e-01	2.11e-01	1.77e-08
 1.77485e+23	7.97e-01	2.03e-01	1.80e-08
 1.77744e+23	8.05e-01	1.95e-01	1.82e-08
 1.78011e+23	8.12e-01	1.88e-01	1.85e-08
 1.78286e+23	8.20e-01	1.80e-01	1.87e-08
 1.78571e+23	8.27e-01	1.73e-01	1.90e-08
 1.78862e+23	8.33e-01	1.67e-01	1.92e-08
 1.79161e+23	8.39e-01	1.61e-01	1.95e-08
 1.79474e+23	8.45e-01	1.55e-01	1.98e-08
 1.79799e+23	8.51e-01	1.49e-01	2.01e-08
 1.80131e+23	8.56e-01	1.44e-01	2.04e-08
 1.80473e+23	8.61e-01	1.39e-01	2.07e-08
 1.80834e+23	8.66e-01	1.34e-01	2.11e-08
 1.81218e+23	8.71e-01	1.29e-01	2.15e-08
 1.81614e+23	8.75e-01	1.25e-01	2.19e-08
 1.82026e+23	8.79e-01	1.21e-01	2.24e-08
 1.82466e+23	8.84e-01	1.16e-01	2.30e-08
 1.82934e+23	8.88e-01	1.12e-01	2.37e-08
 1.83424e+23	8.91e-01	1.09e-01	2.45e-08
 1.83926e+23	8.95e-01	1.05e-01	2.54e-08
 1.84414e+23	8.98e-01	1.02e-01	2.63e-08
 1.84883e+23	9.01e-01	9.89e-02	2.73e-08
 1.85342e+23	9.04e-01	9.63e-02	2.83e-08
 1.85793e+23	9.06e-01	9.38e-02	2.95e-08
 1.86233e+23	9.09e-01	9.14e-02	3.05e-08
 1.86656e+23	9.11e-01	8.91e-02	3.14e-08
 1.87058e+23	9.13e-01	8.71e-02	3.25e-08
 1.87436e+23	9.15e-01	8.52e-02	3.35e-08
 1.87803e+23	9.17e-01	8.34e-02	3.46e-08
 1.88169e+23	9.18e-01	8.15e-02	3.59e-08
 1.88525e+23	9.20e-01	7.98e-02	3.72e-08
 1.88867e+23	9.22e-01	7.82e-02	3.85e-08
 1.89197e+23	9.23e-01	7.66e-02	4.00e-08
 1.89516e+23	9.25e-01	7.51e-02	4.15e-08
 1.89824e+23	9.26e-01	7.36e-02	4.31e-08
 1.90121e+23	9.28e-01	7.22e-02	4.47e-08
 1.90408e+23	9.29e-01	7.09e-02	4.65e-08
 1.90684e+23	9.30e-01	6.96e-02	4.84e-08
 1.90951e+23	9.32e-01	6.83e-02	5.05e-08
 1.91205e+23	9.33e-01	6.72e-02	5.25e-08
 1.91453e+23	9.34e-01	6.60e-02	5.50e-08
 1.91694e+23	9.35e-01	6.48e-02	5.74e-08
 1.91913e+23	9.36e-01	6.39e-02	5.97e-08
 1.92112e+23	9.37e-01	6.30e-02	6.20e-08
 1.92294e+23	9.38e-01	6.22e-02	6.42e-08
 1.92459e+23	9.39e-01	6.15e-02	6.63e-08
 1.92610e+23	9.39e-01	6.08e-02	6.83e-08
 1.92746e+23	9.40e-01	6.02e-02	7.02e-08
 1.92871e+23	9.40e-01	5.97e-02	7.19e-08
 1.93007e+23	9.41e-01	5.90e-02	7.42e-08
 1.93155e+23	9.42e-01	5.82e-02	7.63e-08
 1.93289e+23	9.42e-01	5.76e-02	7.82e-08
 1.93436e+23	9.43e-01	5.69e-02	8.06e-08
 1.93594e+23	9.44e-01	5.60e-02	8.30e-08
 1.93739e+23	9.45e-01	5.54e-02	8.50e-08
 1.93870e+23	9.45e-01	5.49e-02	8.73e-08
 1.93989e+23	9.46e-01	5.44e-02	8.86e-08
 1.94120e+23	9.46e-01	5.38e-02	9.04e-08
 1.94262e+23	9.47e-01	5.32e-02	9.20e-08
 1.94417e+23	9.47e-01	5.25e-02	9.37e-08
 1.94584e+23	9.48e-01	5.18e-02	9.55e-08
 1.94736e+23	9.49e-01	5.12e-02	9.71e-08
 1.94875e+23	9.49e-01	5.09e-02	9.84e-08
 1.95026e+23	9.50e-01	5.01e-02	9.90e-08
 1.95224e+23	9.51e-01	4.93e-02	1.01e-07
 1.95437e+23	9.52e-01	4.84e-02	1.02e-07
 1.95630e+23	9.52e-01	4.76e-02	1.03e-07
 1.95807e+23	9.53e-01	4.71e-02	1.04e-07
 1.95967e+23	9.53e-01	4.66e-02	1.05e-07
 1.96113e+23	9.54e-01	4.62e-02	1.05e-07
 1.96273e+23	9.54e-01	4.56e-02	1.05e-07
 1.96446e+23	9.55e-01	4.49e-02	1.06e-07
 1.96603e+23	9.56e-01	4.44e-02	1.06e-07
 1.96746e+23	9.56e-01	4.39e-02	1.06e-07
 1.96877e+23	9.56e-01	4.36e-02	1.06e-07
 1.97019e+23	9.57e-01	4.31e-02	1.06e-07
 1.97173e+23	9.58e-01	4.24e-02	1.05e-07
 1.97314e+23	9.58e-01	4.20e-02	1.05e-07
 1.97467e+23	9.58e-01	4.15e-02	1.05e-07
 1.97633e+23	9.59e-01	4.09e-02	1.05e-07
 1.97784e+23	9.60e-01	4.05e-02	1.05e-07
 1.97949e+23	9.60e-01	3.99e-02	1.04e-07
 1.98128e+23	9.61e-01	3.93e-02	1.04e-07
 1.98290e+23	9.61e-01	3.89e-02	1.04e-07
 1.98438e+23	9.62e-01	3.85e-02	1.03e-07
 1.98573e+23	9.62e-01	3.81e-02	1.03e-07
 1.98695e+23	9.62e-01	3.79e-02	1.02e-07
 1.98829e+23	9.63e-01	3.75e-02	1.02e-07
 1.99003e+23	9.63e-01	3.69e-02	1.01e-07
 1.99192e+23	9.64e-01	3.63e-02	1.01e-07
 1.99363e+23	9.64e-01	3.58e-02	1.01e-07
 1.99519e+23	9.65e-01	3.55e-02	1.01e-07
 1.99661e+23	9.65e-01	3.53e-02	1.00e-07
 1.99816e+23	9.65e-01	3.49e-02	9.97e-08
 1.99984e+23	9.66e-01	3.44e-02	9.97e-08
 2.00137e+23	9.66e-01	3.41e-02	9.94e-08
 2.00304e+23	9.66e-01	3.37e-02	9.88e-08
 2.00485e+23	9.67e-01	3.32e-02	9.87e-08
 2.00649e+23	9.67e-01	3.29e-02	9.83e-08
 2.00799e+23	9.67e-01	3.27e-02	9.82e-08
 2.00963e+23	9.68e-01	3.23e-02	9.76e-08
 2.01140e+23	9.68e-01	3.18e-02	9.75e-08
 2.01301e+23	9.68e-01	3.16e-02	9.74e-08
 2.01477e+23	9.69e-01	3.12e-02	9.68e-08
 2.01668e+23	9.69e-01	3.07e-02	9.67e-08
 2.01841e+23	9.70e-01	3.05e-02	9.67e-08
 2.02031e+23	9.70e-01	3.00e-02	9.60e-08
 2.02236e+23	9.70e-01	2.96e-02	9.60e-08
 2.02423e+23	9.71e-01	2.92e-02	9.56e-08
 2.02593e+23	9.71e-01	2.90e-02	9.55e-08
 2.02779e+23	9.71e-01	2.87e-02	9.49e-08
 2.02980e+23	9.72e-01	2.83e-02	9.50e-08
 2.03163e+23	9.72e-01	2.80e-02	9.48e-08
 2.03363e+23	9.72e-01	2.76e-02	9.42e-08
 2.03580e+23	9.73e-01	2.72e-02	9.43e-08
 2.03776e+23	9.73e-01	2.69e-02	9.41e-08
 2.03992e+23	9.73e-01	2.65e-02	9.37e-08
 2.04225e+23	9.74e-01	2.61e-02	9.39e-08
 2.04437e+23	9.74e-01	2.58e-02	9.38e-08
 2.04669e+23	9.75e-01	2.54e-02	9.35e-08
 2.04920e+23	9.75e-01	2.50e-02	9.37e-08
 2.05148e+23	9.75e-01	2.47e-02	9.37e-08
 2.05398e+23	9.76e-01	2.43e-02	9.34e-08
 2.05668e+23	9.76e-01	2.40e-02	9.37e-08
 2.05913e+23	9.76e-01	2.36e-02	9.34e-08
 2.06137e+23	9.77e-01	2.34e-02	9.34e-08
 2.06382e+23	9.77e-01	2.30e-02	9.31e-08
 2.06646e+23	9.77e-01	2.26e-02	9.32e-08
 2.06887e+23	9.78e-01	2.24e-02	9.32e-08
 2.07151e+23	9.78e-01	2.21e-02	9.30e-08
 2.07435e+23	9.78e-01	2.16e-02	9.31e-08
 2.07694e+23	9.79e-01	2.14e-02	9.32e-08
 2.07978e+23	9.79e-01	2.11e-02	9.29e-08
 2.08284e+23	9.79e-01	2.07e-02	9.32e-08
 2.08563e+23	9.80e-01	2.04e-02	9.30e-08
 2.08817e+23	9.80e-01	2.02e-02	9.30e-08
 2.09095e+23	9.80e-01	1.99e-02	9.28e-08
 2.09395e+23	9.80e-01	1.95e-02	9.29e-08
 2.09668e+23	9.81e-01	1.93e-02	9.29e-08
 2.09968e+23	9.81e-01	1.90e-02	9.28e-08
 2.10291e+23	9.81e-01	1.86e-02	9.28e-08
 2.10585e+23	9.82e-01	1.84e-02	9.29e-08
 2.10907e+23	9.82e-01	1.81e-02	9.28e-08
 2.11255e+23	9.82e-01	1.77e-02	9.28e-08
 2.11572e+23	9.83e-01	1.75e-02	9.29e-08
 2.11918e+23	9.83e-01	1.72e-02	9.28e-08
 2.12293e+23	9.83e-01	1.68e-02	9.28e-08
 2.12634e+23	9.83e-01	1.66e-02	9.29e-08
 2.13007e+23	9.84e-01	1.63e-02	9.29e-08
 2.13410e+23	9.84e-01	1.60e-02	9.30e-08
 2.13777e+23	9.84e-01	1.57e-02	9.28e-08
 2.14111e+23	9.85e-01	1.55e-02	9.29e-08
 2.14477e+23	9.85e-01	1.52e-02	9.29e-08
 2.14872e+23	9.85e-01	1.49e-02	9.30e-08
 2.15231e+23	9.85e-01	1.47e-02	9.29e-08
 2.15558e+23	9.86e-01	1.45e-02	9.29e-08
 2.15917e+23	9.86e-01	1.42e-02	9.29e-08
 2.16304e+23	9.86e-01	1.40e-02	9.30e-08
 2.16728e+23	9.86e-01	1.37e-02	9.30e-08
 2.17185e+23	9.87e-01	1.34e-02	9.32e-08
 2.17602e+23	9.87e-01	1.32e-02	9.32e-08
 2.17981e+23	9.87e-01	1.29e-02	9.32e-08
 2.18396e+23	9.87e-01	1.27e-02	9.33e-08
 2.18845e+23	9.88e-01	1.25e-02	9.34e-08
 2.19253e+23	9.88e-01	1.22e-02	9.34e-08
 2.19700e+23	9.88e-01	1.20e-02	9.36e-08
 2.20182e+23	9.88e-01	1.17e-02	9.36e-08
 2.20622e+23	9.88e-01	1.15e-02	9.36e-08
 2.21103e+23	9.89e-01	1.13e-02	9.36e-08
 2.21697e+23	9.89e-01	1.10e-02	9.39e-08
 2.22341e+23	9.89e-01	1.07e-02	9.40e-08
 2.22988e+23	9.90e-01	1.04e-02	9.40e-08
 2.23643e+23	9.90e-01	1.01e-02	9.41e-08
 2.24308e+23	9.90e-01	9.82e-03	9.42e-08
 2.24979e+23	9.90e-01	9.54e-03	9.43e-08
 2.25656e+23	9.91e-01	9.27e-03	9.44e-08
 2.26338e+23	9.91e-01	9.02e-03	9.45e-08
 2.27028e+23	9.91e-01	8.76e-03	9.47e-08
 2.27725e+23	9.91e-01	8.51e-03	9.48e-08
 2.28429e+23	9.92e-01	8.27e-03	9.49e-08
 2.29139e+23	9.92e-01	8.03e-03	9.50e-08
 2.29855e+23	9.92e-01	7.80e-03	9.51e-08
 2.30577e+23	9.92e-01	7.57e-03	9.53e-08
 2.31303e+23	9.93e-01	7.35e-03	9.54e-08
 2.32035e+23	9.93e-01	7.14e-03	9.56e-08
 2.32771e+23	9.93e-01	6.93e-03	9.57e-08
 2.33514e+23	9.93e-01	6.72e-03	9.59e-08
 2.34263e+23	9.93e-01	6.53e-03	9.60e-08
 2.35017e+23	9.94e-01	6.33e-03	9.62e-08
 2.35776e+23	9.94e-01	6.14e-03	9.64e-08
 2.36541e+23	9.94e-01	5.96e-03	9.66e-08
 2.37312e+23	9.94e-01	5.78e-03	9.68e-08
 2.38097e+23	9.94e-01	5.60e-03	9.71e-08
 2.38899e+23	9.95e-01	5.43e-03	9.73e-08
 2.39711e+23	9.95e-01	5.26e-03	9.76e-08
 2.40532e+23	9.95e-01	5.10e-03	9.79e-08
 2.41362e+23	9.95e-01	4.93e-03	9.83e-08
 2.42201e+23	9.95e-01	4.78e-03	9.86e-08
 2.43050e+23	9.95e-01	4.62e-03	9.90e-08
 2.43908e+23	9.96e-01	4.48e-03	9.95e-08
 2.44781e+23	9.96e-01	4.33e-03	9.99e-08
 2.45668e+23	9.96e-01	4.19e-03	1.00e-07
 2.46576e+23	9.96e-01	4.05e-03	1.01e-07
 2.47507e+23	9.96e-01	3.91e-03	1.02e-07
 2.48455e+23	9.96e-01	3.77e-03	1.02e-07
 2.49420e+23	9.96e-01	3.64e-03	1.03e-07
 2.50402e+23	9.96e-01	3.51e-03	1.04e-07
 2.51402e+23	9.97e-01	3.38e-03	1.05e-07
 2.52421e+23	9.97e-01	3.26e-03	1.06e-07
 2.53461e+23	9.97e-01	3.14e-03	1.07e-07
 2.54527e+23	9.97e-01	3.02e-03	1.08e-07
 2.55620e+23	9.97e-01	2.91e-03	1.09e-07
 2.56738e+23	9.97e-01	2.79e-03	1.10e-07
 2.57881e+23	9.97e-01	2.68e-03	1.12e-07
 2.59052e+23	9.97e-01	2.57e-03	1.14e-07
 2.60251e+23	9.98e-01	2.47e-03	1.15e-07
 2.61483e+23	9.98e-01	2.36e-03	1.17e-07
 2.62743e+23	9.98e-01	2.26e-03	1.20e-07
 2.64012e+23	9.98e-01	2.17e-03	1.22e-07
 2.65293e+23	9.98e-01	2.07e-03	1.25e-07
 2.66589e+23	9.98e-01	1.98e-03	1.28e-07
 2.67899e+23	9.98e-01	1.90e-03	1.31e-07
 2.69222e+23	9.98e-01	1.81e-03	1.35e-07
 2.70559e+23	9.98e-01	1.73e-03	1.39e-07
 2.71910e+23	9.98e-01	1.66e-03	1.43e-07
 2.73276e+23	9.98e-01	1.58e-03	1.48e-07
 2.74656e+23	9.98e-01	1.51e-03	1.54e-07
 2.76046e+23	9.99e-01	1.44e-03	1.60e-07
 2.77449e+23	9.99e-01	1.38e-03	1.67e-07
 2.78872e+23	9.99e-01	1.31e-03	1.75e-07
 2.80297e+23	9.99e-01	1.25e-03	1.84e-07
 2.81734e+23	9.99e-01	1.19e-03	1.95e-07
 2.83200e+23	9.99e-01	1.13e-03	2.07e-07
 2.84683e+23	9.99e-01	1.08e-03	2.21e-07
 2.86156e+23	9.99e-01	1.03e-03	2.37e-07
 2.87567e+23	9.99e-01	9.82e-04	2.56e-07
 2.88885e+23	9.99e-01	9.40e-04	2.76e-07
 2.90116e+23	9.99e-01	9.03e-04	2.98e-07
 2.91282e+23	9.99e-01	8.69e-04	3.23e-07
 2.92397e+23	9.99e-01	8.37e-04	3.50e-07
 2.93460e+23	9.99e-01	8.08e-04	3.80e-07
 2.94469e+23	9.99e-01	7.82e-04	4.13e-07
 2.95423e+23	9.99e-01	7.57e-04	4.50e-07
 2.96327e+23	9.99e-01	7.35e-04	4.90e-07
 2.97186e+23	9.99e-01	7.11e-04	5.36e-07
 2.97997e+23	9.99e-01	6.92e-04	5.86e-07
 2.98765e+23	9.99e-01	6.75e-04	6.40e-07
 2.99502e+23	9.99e-01	6.58e-04	7.00e-07
 3.00211e+23	9.99e-01	6.42e-04	7.67e-07
 3.00888e+23	9.99e-01	6.28e-04	8.42e-07
 3.01531e+23	9.99e-01	6.14e-04	9.24e-07
 3.02141e+23	9.99e-01	6.02e-04	1.01e-06
 3.02725e+23	9.99e-01	5.90e-04	1.11e-06
 3.03286e+23	9.99e-01	5.78e-04	1.22e-06
 3.03825e+23	9.99e-01	5.68e-04	1.35e-06
 3.04344e+23	9.99e-01	5.57e-04	1.48e-06
 3.04844e+23	9.99e-01	5.48e-04	1.63e-06
 3.05326e+23	9.99e-01	5.38e-04	1.80e-06
 3.05790e+23	9.99e-01	5.30e-04	1.98e-06
 3.06237e+23	9.99e-01	5.22e-04	2.18e-06
 3.06671e+23	9.99e-01	5.14e-04	2.40e-06
 3.07094e+23	9.99e-01	5.06e-04	2.64e-06
 3.07508e+23	9.99e-01	4.99e-04	2.90e-06
 3.07914e+23	1.00e+00	4.91e-04	3.20e-06
 3.08310e+23	1.00e+00	4.84e-04	3.52e-06
 3.08537e+23	1.00e+00	4.85e-04	3.85e-06
