#depth	O	O+	O+2	O+3	O+4	O+5	O+6	O+7	O+8	O[1]	O[2]	O[3]
 1.54284e+22	3.11e-08	2.01e-04	3.99e-02	3.92e-01	3.49e-01	1.61e-01	5.73e-02	1.04e-03	4.69e-06	3.11e-08	1.06e-16	1.28e-16
 3.53422e+22	1.17e-07	5.02e-04	7.05e-02	4.81e-01	3.10e-01	1.09e-01	2.86e-02	3.58e-04	1.12e-06	1.17e-07	4.63e-16	5.59e-16
 4.20703e+22	2.19e-07	7.67e-04	9.07e-02	5.16e-01	2.85e-01	8.74e-02	1.98e-02	2.06e-04	5.41e-07	2.19e-07	9.45e-16	1.14e-15
 4.60149e+22	3.48e-07	1.05e-03	1.08e-01	5.39e-01	2.64e-01	7.30e-02	1.49e-02	1.34e-04	3.07e-07	3.48e-07	1.60e-15	1.92e-15
 4.84241e+22	4.20e-07	1.19e-03	1.17e-01	5.47e-01	2.55e-01	6.76e-02	1.31e-02	1.12e-04	2.42e-07	4.20e-07	1.98e-15	2.38e-15
 5.00507e+22	5.35e-07	1.39e-03	1.27e-01	5.56e-01	2.43e-01	6.10e-02	1.12e-02	8.85e-05	1.78e-07	5.35e-07	2.60e-15	3.13e-15
 5.17755e+22	6.62e-07	1.60e-03	1.38e-01	5.63e-01	2.33e-01	5.56e-02	9.70e-03	7.16e-05	1.35e-07	6.62e-07	3.30e-15	3.98e-15
 5.36277e+22	8.66e-07	1.91e-03	1.52e-01	5.70e-01	2.20e-01	4.92e-02	8.06e-03	5.46e-05	0.00e+00	8.66e-07	4.48e-15	5.38e-15
 5.53355e+22	1.03e-06	2.14e-03	1.61e-01	5.73e-01	2.11e-01	4.53e-02	7.11e-03	4.55e-05	0.00e+00	1.03e-06	5.45e-15	6.54e-15
 5.68555e+22	1.28e-06	2.46e-03	1.74e-01	5.77e-01	2.00e-01	4.08e-02	6.09e-03	3.63e-05	0.00e+00	1.28e-06	6.94e-15	8.33e-15
 5.84063e+22	1.52e-06	2.76e-03	1.85e-01	5.79e-01	1.91e-01	3.74e-02	5.34e-03	2.99e-05	0.00e+00	1.52e-06	8.49e-15	1.02e-14
 5.97829e+22	1.80e-06	3.08e-03	1.96e-01	5.80e-01	1.83e-01	3.43e-02	4.70e-03	2.49e-05	0.00e+00	1.80e-06	1.03e-14	1.23e-14
 6.13583e+22	2.24e-06	3.55e-03	2.10e-01	5.80e-01	1.72e-01	3.05e-02	3.97e-03	1.95e-05	0.00e+00	2.24e-06	1.32e-14	1.58e-14
 6.29467e+22	2.64e-06	3.94e-03	2.22e-01	5.79e-01	1.64e-01	2.78e-02	3.48e-03	1.61e-05	0.00e+00	2.64e-06	1.59e-14	1.91e-14
 6.45520e+22	3.27e-06	4.53e-03	2.38e-01	5.76e-01	1.54e-01	2.47e-02	2.93e-03	1.26e-05	0.00e+00	3.27e-06	2.04e-14	2.43e-14
 6.61795e+22	3.91e-06	5.07e-03	2.52e-01	5.73e-01	1.45e-01	2.23e-02	2.53e-03	1.02e-05	0.00e+00	3.91e-06	2.50e-14	2.98e-14
 6.76042e+22	4.62e-06	5.65e-03	2.65e-01	5.69e-01	1.38e-01	2.02e-02	2.20e-03	8.34e-06	0.00e+00	4.62e-06	3.03e-14	3.61e-14
 6.92244e+22	5.73e-06	6.48e-03	2.83e-01	5.63e-01	1.28e-01	1.78e-02	1.84e-03	6.43e-06	0.00e+00	5.73e-06	3.89e-14	4.63e-14
 7.08655e+22	6.76e-06	7.21e-03	2.98e-01	5.57e-01	1.21e-01	1.60e-02	1.59e-03	5.22e-06	0.00e+00	6.76e-06	4.72e-14	5.61e-14
 7.25334e+22	8.36e-06	8.25e-03	3.17e-01	5.48e-01	1.12e-01	1.40e-02	1.32e-03	3.99e-06	0.00e+00	8.36e-06	6.04e-14	7.19e-14
 7.42290e+22	9.96e-06	9.21e-03	3.33e-01	5.40e-01	1.04e-01	1.25e-02	1.12e-03	3.18e-06	0.00e+00	9.96e-06	7.41e-14	8.81e-14
 7.57307e+22	1.18e-05	1.02e-02	3.49e-01	5.31e-01	9.76e-02	1.12e-02	9.60e-04	2.55e-06	0.00e+00	1.18e-05	9.03e-14	1.07e-13
 7.74529e+22	1.45e-05	1.17e-02	3.70e-01	5.18e-01	8.95e-02	9.64e-03	7.87e-04	1.92e-06	0.00e+00	1.45e-05	1.16e-13	1.38e-13
 7.92113e+22	1.73e-05	1.31e-02	3.88e-01	5.07e-01	8.29e-02	8.51e-03	6.63e-04	1.51e-06	0.00e+00	1.73e-05	1.43e-13	1.69e-13
 8.10168e+22	2.15e-05	1.50e-02	4.11e-01	4.91e-01	7.53e-02	7.26e-03	5.35e-04	1.11e-06	0.00e+00	2.15e-05	1.85e-13	2.19e-13
 8.28476e+22	2.56e-05	1.67e-02	4.30e-01	4.78e-01	6.92e-02	6.34e-03	4.46e-04	8.59e-07	0.00e+00	2.56e-05	2.28e-13	2.69e-13
 8.47112e+22	3.18e-05	1.91e-02	4.53e-01	4.60e-01	6.23e-02	5.35e-03	3.56e-04	6.25e-07	0.00e+00	3.18e-05	2.97e-13	3.50e-13
 8.66143e+22	3.80e-05	2.14e-02	4.73e-01	4.44e-01	5.67e-02	4.62e-03	2.93e-04	4.75e-07	0.00e+00	3.80e-05	3.68e-13	4.33e-13
 8.76830e+22	3.96e-05	2.19e-02	4.79e-01	4.39e-01	5.52e-02	4.43e-03	2.77e-04	4.38e-07	0.00e+00	3.96e-05	3.88e-13	4.56e-13
 8.81868e+22	4.17e-05	2.26e-02	4.85e-01	4.34e-01	5.37e-02	4.24e-03	2.61e-04	4.04e-07	0.00e+00	4.17e-05	4.14e-13	4.87e-13
 8.88417e+22	4.51e-05	2.37e-02	4.93e-01	4.27e-01	5.15e-02	3.98e-03	2.40e-04	3.59e-07	0.00e+00	4.51e-05	4.55e-13	5.34e-13
 8.96931e+22	4.92e-05	2.51e-02	5.03e-01	4.18e-01	4.91e-02	3.69e-03	2.17e-04	3.12e-07	0.00e+00	4.92e-05	5.08e-13	5.96e-13
 9.07999e+22	5.61e-05	2.72e-02	5.18e-01	4.06e-01	4.56e-02	3.29e-03	1.87e-04	2.53e-07	0.00e+00	5.61e-05	5.96e-13	6.98e-13
 9.22387e+22	6.61e-05	3.01e-02	5.36e-01	3.89e-01	4.15e-02	2.85e-03	1.55e-04	1.94e-07	0.00e+00	6.61e-05	7.31e-13	8.53e-13
 9.36783e+22	7.43e-05	3.23e-02	5.50e-01	3.77e-01	3.85e-02	2.55e-03	1.34e-04	1.58e-07	0.00e+00	7.43e-05	8.47e-13	9.86e-13
 9.51190e+22	8.71e-05	3.56e-02	5.67e-01	3.60e-01	3.49e-02	2.19e-03	1.10e-04	0.00e+00	0.00e+00	8.71e-05	1.03e-12	1.20e-12
 9.65811e+22	9.81e-05	3.83e-02	5.81e-01	3.46e-01	3.22e-02	1.94e-03	9.43e-05	0.00e+00	0.00e+00	9.81e-05	1.20e-12	1.39e-12
 9.80711e+22	1.14e-04	4.20e-02	5.98e-01	3.29e-01	2.91e-02	1.67e-03	7.77e-05	0.00e+00	0.00e+00	1.14e-04	1.46e-12	1.68e-12
 9.96128e+22	1.30e-04	4.53e-02	6.12e-01	3.15e-01	2.65e-02	1.46e-03	6.52e-05	0.00e+00	0.00e+00	1.30e-04	1.73e-12	1.98e-12
 1.01011e+23	1.47e-04	4.89e-02	6.25e-01	3.00e-01	2.42e-02	1.28e-03	5.49e-05	0.00e+00	0.00e+00	1.47e-04	2.03e-12	2.32e-12
 1.02617e+23	1.73e-04	5.38e-02	6.41e-01	2.82e-01	2.15e-02	1.07e-03	4.42e-05	0.00e+00	0.00e+00	1.73e-04	2.51e-12	2.84e-12
 1.04247e+23	1.96e-04	5.79e-02	6.54e-01	2.67e-01	1.94e-02	9.28e-04	3.67e-05	0.00e+00	0.00e+00	1.96e-04	2.96e-12	3.33e-12
 1.05905e+23	2.31e-04	6.40e-02	6.69e-01	2.49e-01	1.71e-02	7.70e-04	2.90e-05	0.00e+00	0.00e+00	2.31e-04	3.68e-12	4.11e-12
 1.07570e+23	2.61e-04	6.86e-02	6.81e-01	2.34e-01	1.53e-02	6.61e-04	2.39e-05	0.00e+00	0.00e+00	2.61e-04	4.34e-12	4.81e-12
 1.09243e+23	3.05e-04	7.54e-02	6.94e-01	2.17e-01	1.34e-02	5.47e-04	1.88e-05	0.00e+00	0.00e+00	3.05e-04	5.37e-12	5.89e-12
 1.10971e+23	3.46e-04	8.11e-02	7.04e-01	2.02e-01	1.19e-02	4.62e-04	1.53e-05	0.00e+00	0.00e+00	3.46e-04	6.41e-12	6.96e-12
 1.12768e+23	4.10e-04	8.97e-02	7.15e-01	1.84e-01	1.02e-02	3.73e-04	1.17e-05	0.00e+00	0.00e+00	4.10e-04	8.09e-12	8.67e-12
 1.14579e+23	4.65e-04	9.63e-02	7.24e-01	1.70e-01	8.99e-03	3.12e-04	9.37e-06	0.00e+00	0.00e+00	4.65e-04	9.67e-12	1.02e-11
 1.16409e+23	5.52e-04	1.06e-01	7.31e-01	1.54e-01	7.64e-03	2.48e-04	7.08e-06	0.00e+00	0.00e+00	5.52e-04	1.23e-11	1.28e-11
 1.18251e+23	6.23e-04	1.14e-01	7.37e-01	1.41e-01	6.68e-03	2.06e-04	5.64e-06	0.00e+00	0.00e+00	6.23e-04	1.47e-11	1.50e-11
 1.20111e+23	7.38e-04	1.26e-01	7.42e-01	1.26e-01	5.64e-03	1.63e-04	4.23e-06	0.00e+00	0.00e+00	7.38e-04	1.86e-11	1.87e-11
 1.21999e+23	8.37e-04	1.35e-01	7.45e-01	1.14e-01	4.87e-03	1.33e-04	3.32e-06	0.00e+00	0.00e+00	8.37e-04	2.23e-11	2.21e-11
 1.23923e+23	9.99e-04	1.50e-01	7.45e-01	1.00e-01	4.05e-03	1.03e-04	2.44e-06	0.00e+00	0.00e+00	9.99e-04	2.88e-11	2.78e-11
 1.25845e+23	1.13e-03	1.61e-01	7.44e-01	8.99e-02	3.48e-03	8.34e-05	1.90e-06	0.00e+00	0.00e+00	1.13e-03	3.47e-11	3.29e-11
 1.27766e+23	1.36e-03	1.79e-01	7.39e-01	7.77e-02	2.87e-03	6.33e-05	1.38e-06	0.00e+00	0.00e+00	1.36e-03	4.51e-11	4.15e-11
 1.29687e+23	1.55e-03	1.93e-01	7.35e-01	6.89e-02	2.44e-03	5.07e-05	1.06e-06	0.00e+00	0.00e+00	1.55e-03	5.47e-11	4.93e-11
 1.31610e+23	1.87e-03	2.14e-01	7.24e-01	5.86e-02	2.00e-03	3.78e-05	7.62e-07	0.00e+00	0.00e+00	1.87e-03	7.16e-11	6.26e-11
 1.33530e+23	2.14e-03	2.31e-01	7.14e-01	5.11e-02	1.69e-03	2.98e-05	5.83e-07	0.00e+00	0.00e+00	2.14e-03	8.75e-11	7.47e-11
 1.35447e+23	2.60e-03	2.58e-01	6.96e-01	4.25e-02	1.36e-03	2.17e-05	4.10e-07	0.00e+00	0.00e+00	2.60e-03	1.16e-10	9.58e-11
 1.37354e+23	3.00e-03	2.79e-01	6.80e-01	3.65e-02	1.15e-03	1.69e-05	3.12e-07	0.00e+00	0.00e+00	3.00e-03	1.42e-10	1.15e-10
 1.39245e+23	3.66e-03	3.11e-01	6.55e-01	2.97e-02	9.24e-04	1.20e-05	2.17e-07	0.00e+00	0.00e+00	3.66e-03	1.89e-10	1.48e-10
 1.41140e+23	4.27e-03	3.38e-01	6.32e-01	2.49e-02	7.72e-04	9.03e-06	1.62e-07	0.00e+00	0.00e+00	4.27e-03	2.35e-10	1.79e-10
 1.43041e+23	5.25e-03	3.76e-01	5.98e-01	1.97e-02	6.14e-04	6.21e-06	0.00e+00	0.00e+00	0.00e+00	5.25e-03	3.13e-10	2.32e-10
 1.44953e+23	6.22e-03	4.10e-01	5.67e-01	1.59e-02	5.06e-04	4.49e-06	0.00e+00	0.00e+00	0.00e+00	6.22e-03	3.95e-10	2.86e-10
 1.46879e+23	7.74e-03	4.56e-01	5.24e-01	1.20e-02	3.97e-04	2.94e-06	0.00e+00	0.00e+00	0.00e+00	7.74e-03	5.30e-10	3.75e-10
 1.48823e+23	9.32e-03	4.97e-01	4.85e-01	9.29e-03	3.21e-04	2.01e-06	0.00e+00	0.00e+00	0.00e+00	9.32e-03	6.78e-10	4.70e-10
 1.50515e+23	1.12e-02	5.38e-01	4.44e-01	7.12e-03	2.60e-04	1.36e-06	0.00e+00	0.00e+00	0.00e+00	1.12e-02	8.62e-10	5.88e-10
 1.52172e+23	1.35e-02	5.79e-01	4.02e-01	5.38e-03	2.10e-04	9.11e-07	0.00e+00	0.00e+00	0.00e+00	1.35e-02	1.09e-09	7.33e-10
 1.53644e+23	1.58e-02	6.14e-01	3.66e-01	4.19e-03	1.75e-04	6.41e-07	0.00e+00	0.00e+00	0.00e+00	1.58e-02	1.33e-09	8.83e-10
 1.55141e+23	1.91e-02	6.56e-01	3.22e-01	3.04e-03	1.39e-04	4.07e-07	0.00e+00	0.00e+00	0.00e+00	1.91e-02	1.70e-09	1.11e-09
 1.56690e+23	2.31e-02	6.94e-01	2.81e-01	2.20e-03	1.11e-04	2.60e-07	0.00e+00	0.00e+00	0.00e+00	2.31e-02	2.13e-09	1.39e-09
 1.58063e+23	2.76e-02	7.28e-01	2.43e-01	1.59e-03	8.84e-05	1.66e-07	0.00e+00	0.00e+00	0.00e+00	2.76e-02	2.66e-09	1.71e-09
 1.59604e+23	3.46e-02	7.66e-01	1.98e-01	1.04e-03	6.55e-05	0.00e+00	0.00e+00	0.00e+00	0.00e+00	3.46e-02	3.51e-09	2.24e-09
 1.61160e+23	4.35e-02	7.97e-01	1.59e-01	6.70e-04	4.84e-05	0.00e+00	0.00e+00	0.00e+00	0.00e+00	4.35e-02	4.58e-09	2.90e-09
 1.62382e+23	5.29e-02	8.17e-01	1.29e-01	4.57e-04	3.68e-05	0.00e+00	0.00e+00	0.00e+00	0.00e+00	5.29e-02	5.74e-09	3.62e-09
 1.63416e+23	6.34e-02	8.31e-01	1.05e-01	3.18e-04	2.82e-05	0.00e+00	0.00e+00	0.00e+00	0.00e+00	6.34e-02	7.06e-09	4.43e-09
 1.64358e+23	7.57e-02	8.39e-01	8.52e-02	2.23e-04	2.15e-05	0.00e+00	0.00e+00	0.00e+00	0.00e+00	7.57e-02	8.61e-09	5.39e-09
 1.65200e+23	8.97e-02	8.41e-01	6.88e-02	1.60e-04	1.64e-05	0.00e+00	0.00e+00	0.00e+00	0.00e+00	8.97e-02	1.04e-08	6.47e-09
 1.65957e+23	1.05e-01	8.39e-01	5.54e-02	1.16e-04	1.25e-05	0.00e+00	0.00e+00	0.00e+00	0.00e+00	1.05e-01	1.24e-08	7.69e-09
 1.66652e+23	1.24e-01	8.32e-01	4.44e-02	8.47e-05	9.46e-06	0.00e+00	0.00e+00	0.00e+00	0.00e+00	1.24e-01	1.46e-08	9.08e-09
 1.67298e+23	1.44e-01	8.20e-01	3.54e-02	6.27e-05	7.10e-06	0.00e+00	0.00e+00	0.00e+00	0.00e+00	1.44e-01	1.72e-08	1.06e-08
 1.67898e+23	1.67e-01	8.04e-01	2.81e-02	4.72e-05	5.33e-06	0.00e+00	0.00e+00	0.00e+00	0.00e+00	1.67e-01	2.00e-08	1.23e-08
 1.68468e+23	1.94e-01	7.84e-01	2.22e-02	3.56e-05	3.93e-06	0.00e+00	0.00e+00	0.00e+00	0.00e+00	1.94e-01	2.31e-08	1.42e-08
 1.69023e+23	2.25e-01	7.58e-01	1.72e-02	2.70e-05	2.86e-06	0.00e+00	0.00e+00	0.00e+00	0.00e+00	2.25e-01	2.65e-08	1.63e-08
 1.69557e+23	2.60e-01	7.27e-01	1.33e-02	2.05e-05	2.05e-06	0.00e+00	0.00e+00	0.00e+00	0.00e+00	2.60e-01	3.02e-08	1.85e-08
 1.70047e+23	2.97e-01	6.93e-01	1.03e-02	1.59e-05	1.47e-06	0.00e+00	0.00e+00	0.00e+00	0.00e+00	2.97e-01	3.38e-08	2.07e-08
 1.70488e+23	3.34e-01	6.58e-01	8.03e-03	1.26e-05	1.08e-06	0.00e+00	0.00e+00	0.00e+00	0.00e+00	3.34e-01	3.71e-08	2.27e-08
 1.70892e+23	3.71e-01	6.22e-01	6.35e-03	1.02e-05	7.97e-07	0.00e+00	0.00e+00	0.00e+00	0.00e+00	3.71e-01	4.01e-08	2.45e-08
 1.71252e+23	4.06e-01	5.88e-01	5.12e-03	8.46e-06	6.05e-07	0.00e+00	0.00e+00	0.00e+00	0.00e+00	4.06e-01	4.25e-08	2.60e-08
 1.71563e+23	4.38e-01	5.58e-01	4.23e-03	7.21e-06	4.75e-07	0.00e+00	0.00e+00	0.00e+00	0.00e+00	4.38e-01	4.45e-08	2.72e-08
 1.71806e+23	4.62e-01	5.34e-01	3.64e-03	6.38e-06	3.94e-07	0.00e+00	0.00e+00	0.00e+00	0.00e+00	4.62e-01	4.58e-08	2.79e-08
 1.71997e+23	4.82e-01	5.15e-01	3.23e-03	5.79e-06	3.39e-07	0.00e+00	0.00e+00	0.00e+00	0.00e+00	4.82e-01	4.67e-08	2.85e-08
 1.72200e+23	5.03e-01	4.94e-01	2.84e-03	5.22e-06	2.88e-07	0.00e+00	0.00e+00	0.00e+00	0.00e+00	5.03e-01	4.76e-08	2.90e-08
 1.72431e+23	5.26e-01	4.71e-01	2.45e-03	4.65e-06	2.39e-07	0.00e+00	0.00e+00	0.00e+00	0.00e+00	5.26e-01	4.85e-08	2.95e-08
 1.72676e+23	5.51e-01	4.47e-01	2.09e-03	4.12e-06	1.97e-07	0.00e+00	0.00e+00	0.00e+00	0.00e+00	5.51e-01	4.92e-08	3.00e-08
 1.72918e+23	5.74e-01	4.24e-01	1.79e-03	3.69e-06	1.64e-07	0.00e+00	0.00e+00	0.00e+00	0.00e+00	5.74e-01	4.98e-08	3.03e-08
 1.73141e+23	5.95e-01	4.04e-01	1.56e-03	3.33e-06	1.38e-07	0.00e+00	0.00e+00	0.00e+00	0.00e+00	5.95e-01	5.01e-08	3.04e-08
 1.73308e+23	6.09e-01	3.89e-01	1.41e-03	3.10e-06	0.00e+00	0.00e+00	0.00e+00	0.00e+00	0.00e+00	6.09e-01	5.02e-08	3.05e-08
 1.73426e+23	6.19e-01	3.79e-01	1.32e-03	2.95e-06	0.00e+00	0.00e+00	0.00e+00	0.00e+00	0.00e+00	6.19e-01	5.02e-08	3.05e-08
 1.73546e+23	6.29e-01	3.69e-01	1.22e-03	2.80e-06	0.00e+00	0.00e+00	0.00e+00	0.00e+00	0.00e+00	6.29e-01	5.03e-08	3.05e-08
 1.73693e+23	6.41e-01	3.58e-01	1.12e-03	2.63e-06	0.00e+00	0.00e+00	0.00e+00	0.00e+00	0.00e+00	6.41e-01	5.03e-08	3.05e-08
 1.73853e+23	6.54e-01	3.45e-01	1.01e-03	2.46e-06	0.00e+00	0.00e+00	0.00e+00	0.00e+00	0.00e+00	6.54e-01	5.02e-08	3.05e-08
 1.74007e+23	6.65e-01	3.34e-01	9.28e-04	2.32e-06	0.00e+00	0.00e+00	0.00e+00	0.00e+00	0.00e+00	6.65e-01	5.02e-08	3.04e-08
 1.74157e+23	6.76e-01	3.23e-01	8.49e-04	2.19e-06	0.00e+00	0.00e+00	0.00e+00	0.00e+00	0.00e+00	6.76e-01	5.00e-08	3.03e-08
 1.74313e+23	6.87e-01	3.12e-01	7.75e-04	2.06e-06	0.00e+00	0.00e+00	0.00e+00	0.00e+00	0.00e+00	6.87e-01	4.99e-08	3.02e-08
 1.74472e+23	6.98e-01	3.01e-01	7.07e-04	1.94e-06	0.00e+00	0.00e+00	0.00e+00	0.00e+00	0.00e+00	6.98e-01	4.97e-08	3.00e-08
 1.74636e+23	7.08e-01	2.91e-01	6.45e-04	1.83e-06	0.00e+00	0.00e+00	0.00e+00	0.00e+00	0.00e+00	7.08e-01	4.94e-08	2.99e-08
 1.74804e+23	7.19e-01	2.81e-01	5.87e-04	1.73e-06	0.00e+00	0.00e+00	0.00e+00	0.00e+00	0.00e+00	7.19e-01	4.92e-08	2.97e-08
 1.74978e+23	7.29e-01	2.71e-01	5.34e-04	1.63e-06	0.00e+00	0.00e+00	0.00e+00	0.00e+00	0.00e+00	7.29e-01	4.89e-08	2.95e-08
 1.75155e+23	7.39e-01	2.61e-01	4.85e-04	1.53e-06	0.00e+00	0.00e+00	0.00e+00	0.00e+00	0.00e+00	7.39e-01	4.86e-08	2.93e-08
 1.75336e+23	7.48e-01	2.51e-01	4.40e-04	1.44e-06	0.00e+00	0.00e+00	0.00e+00	0.00e+00	0.00e+00	7.48e-01	4.82e-08	2.91e-08
 1.75522e+23	7.57e-01	2.42e-01	4.00e-04	1.36e-06	0.00e+00	0.00e+00	0.00e+00	0.00e+00	0.00e+00	7.57e-01	4.79e-08	2.89e-08
 1.75715e+23	7.66e-01	2.33e-01	3.62e-04	1.28e-06	0.00e+00	0.00e+00	0.00e+00	0.00e+00	0.00e+00	7.66e-01	4.75e-08	2.86e-08
 1.75914e+23	7.75e-01	2.24e-01	3.28e-04	1.21e-06	0.00e+00	0.00e+00	0.00e+00	0.00e+00	0.00e+00	7.75e-01	4.71e-08	2.84e-08
 1.76117e+23	7.84e-01	2.16e-01	2.97e-04	1.14e-06	0.00e+00	0.00e+00	0.00e+00	0.00e+00	0.00e+00	7.84e-01	4.67e-08	2.81e-08
 1.76327e+23	7.92e-01	2.08e-01	2.69e-04	1.07e-06	0.00e+00	0.00e+00	0.00e+00	0.00e+00	0.00e+00	7.92e-01	4.63e-08	2.79e-08
 1.76544e+23	8.00e-01	1.99e-01	2.43e-04	1.01e-06	0.00e+00	0.00e+00	0.00e+00	0.00e+00	0.00e+00	8.00e-01	4.59e-08	2.76e-08
 1.76768e+23	8.08e-01	1.91e-01	2.19e-04	9.54e-07	0.00e+00	0.00e+00	0.00e+00	0.00e+00	0.00e+00	8.08e-01	4.55e-08	2.73e-08
 1.76999e+23	8.16e-01	1.84e-01	1.99e-04	9.00e-07	0.00e+00	0.00e+00	0.00e+00	0.00e+00	0.00e+00	8.16e-01	4.50e-08	2.71e-08
 1.77237e+23	8.23e-01	1.77e-01	1.80e-04	8.49e-07	0.00e+00	0.00e+00	0.00e+00	0.00e+00	0.00e+00	8.23e-01	4.46e-08	2.68e-08
 1.77485e+23	8.30e-01	1.70e-01	1.63e-04	8.00e-07	0.00e+00	0.00e+00	0.00e+00	0.00e+00	0.00e+00	8.30e-01	4.42e-08	2.65e-08
 1.77744e+23	8.37e-01	1.63e-01	1.47e-04	7.53e-07	0.00e+00	0.00e+00	0.00e+00	0.00e+00	0.00e+00	8.37e-01	4.38e-08	2.62e-08
 1.78011e+23	8.44e-01	1.56e-01	1.33e-04	7.10e-07	0.00e+00	0.00e+00	0.00e+00	0.00e+00	0.00e+00	8.44e-01	4.34e-08	2.60e-08
 1.78286e+23	8.50e-01	1.50e-01	1.21e-04	6.70e-07	0.00e+00	0.00e+00	0.00e+00	0.00e+00	0.00e+00	8.50e-01	4.30e-08	2.57e-08
 1.78571e+23	8.56e-01	1.44e-01	1.11e-04	6.32e-07	0.00e+00	0.00e+00	0.00e+00	0.00e+00	0.00e+00	8.56e-01	4.26e-08	2.55e-08
 1.78862e+23	8.62e-01	1.38e-01	1.01e-04	5.98e-07	0.00e+00	0.00e+00	0.00e+00	0.00e+00	0.00e+00	8.62e-01	4.22e-08	2.52e-08
 1.79161e+23	8.67e-01	1.33e-01	9.28e-05	5.65e-07	0.00e+00	0.00e+00	0.00e+00	0.00e+00	0.00e+00	8.67e-01	4.18e-08	2.48e-08
 1.79474e+23	8.72e-01	1.28e-01	8.54e-05	5.35e-07	0.00e+00	0.00e+00	0.00e+00	0.00e+00	0.00e+00	8.72e-01	4.14e-08	2.45e-08
 1.79799e+23	8.77e-01	1.23e-01	7.89e-05	5.06e-07	0.00e+00	0.00e+00	0.00e+00	0.00e+00	0.00e+00	8.77e-01	4.10e-08	2.42e-08
 1.80131e+23	8.82e-01	1.18e-01	7.33e-05	4.80e-07	0.00e+00	0.00e+00	0.00e+00	0.00e+00	0.00e+00	8.82e-01	4.07e-08	2.39e-08
 1.80473e+23	8.86e-01	1.14e-01	6.84e-05	4.55e-07	0.00e+00	0.00e+00	0.00e+00	0.00e+00	0.00e+00	8.86e-01	4.04e-08	2.36e-08
 1.80834e+23	8.90e-01	1.10e-01	6.39e-05	4.31e-07	0.00e+00	0.00e+00	0.00e+00	0.00e+00	0.00e+00	8.90e-01	4.01e-08	2.33e-08
 1.81218e+23	8.94e-01	1.06e-01	6.00e-05	4.10e-07	0.00e+00	0.00e+00	0.00e+00	0.00e+00	0.00e+00	8.94e-01	3.99e-08	2.30e-08
 1.81614e+23	8.98e-01	1.02e-01	5.65e-05	3.89e-07	0.00e+00	0.00e+00	0.00e+00	0.00e+00	0.00e+00	8.98e-01	3.96e-08	2.28e-08
 1.82026e+23	9.02e-01	9.83e-02	5.35e-05	3.69e-07	0.00e+00	0.00e+00	0.00e+00	0.00e+00	0.00e+00	9.02e-01	3.94e-08	2.25e-08
 1.82466e+23	9.05e-01	9.47e-02	5.07e-05	3.50e-07	0.00e+00	0.00e+00	0.00e+00	0.00e+00	0.00e+00	9.05e-01	3.92e-08	2.23e-08
 1.82934e+23	9.09e-01	9.13e-02	4.83e-05	3.32e-07	0.00e+00	0.00e+00	0.00e+00	0.00e+00	0.00e+00	9.09e-01	3.91e-08	2.21e-08
 1.83424e+23	9.12e-01	8.81e-02	4.61e-05	3.15e-07	0.00e+00	0.00e+00	0.00e+00	0.00e+00	0.00e+00	9.12e-01	3.89e-08	2.19e-08
 1.83926e+23	9.15e-01	8.49e-02	4.42e-05	2.98e-07	0.00e+00	0.00e+00	0.00e+00	0.00e+00	0.00e+00	9.15e-01	3.88e-08	2.17e-08
 1.84414e+23	9.18e-01	8.22e-02	4.26e-05	2.84e-07	0.00e+00	0.00e+00	0.00e+00	0.00e+00	0.00e+00	9.18e-01	3.88e-08	2.15e-08
 1.84883e+23	9.20e-01	7.98e-02	4.13e-05	2.72e-07	0.00e+00	0.00e+00	0.00e+00	0.00e+00	0.00e+00	9.20e-01	3.87e-08	2.13e-08
 1.85342e+23	9.22e-01	7.75e-02	4.02e-05	2.60e-07	0.00e+00	0.00e+00	0.00e+00	0.00e+00	0.00e+00	9.22e-01	3.87e-08	2.12e-08
 1.85793e+23	9.25e-01	7.53e-02	3.92e-05	2.50e-07	0.00e+00	0.00e+00	0.00e+00	0.00e+00	0.00e+00	9.25e-01	3.87e-08	2.11e-08
 1.86233e+23	9.27e-01	7.33e-02	3.83e-05	2.39e-07	0.00e+00	0.00e+00	0.00e+00	0.00e+00	0.00e+00	9.27e-01	3.87e-08	2.10e-08
 1.86656e+23	9.29e-01	7.14e-02	3.75e-05	2.30e-07	0.00e+00	0.00e+00	0.00e+00	0.00e+00	0.00e+00	9.29e-01	3.86e-08	2.09e-08
 1.87058e+23	9.30e-01	6.96e-02	3.69e-05	2.22e-07	0.00e+00	0.00e+00	0.00e+00	0.00e+00	0.00e+00	9.30e-01	3.85e-08	2.07e-08
 1.87436e+23	9.32e-01	6.80e-02	3.63e-05	2.15e-07	0.00e+00	0.00e+00	0.00e+00	0.00e+00	0.00e+00	9.32e-01	3.85e-08	2.06e-08
 1.87803e+23	9.34e-01	6.64e-02	3.58e-05	2.07e-07	0.00e+00	0.00e+00	0.00e+00	0.00e+00	0.00e+00	9.34e-01	3.85e-08	2.05e-08
 1.88169e+23	9.35e-01	6.48e-02	3.52e-05	2.00e-07	0.00e+00	0.00e+00	0.00e+00	0.00e+00	0.00e+00	9.35e-01	3.84e-08	2.04e-08
 1.88525e+23	9.37e-01	6.33e-02	3.48e-05	1.94e-07	0.00e+00	0.00e+00	0.00e+00	0.00e+00	0.00e+00	9.37e-01	3.84e-08	2.04e-08
 1.88867e+23	9.38e-01	6.19e-02	3.44e-05	1.88e-07	0.00e+00	0.00e+00	0.00e+00	0.00e+00	0.00e+00	9.38e-01	3.84e-08	2.03e-08
 1.89197e+23	9.39e-01	6.06e-02	3.40e-05	1.82e-07	0.00e+00	0.00e+00	0.00e+00	0.00e+00	0.00e+00	9.39e-01	3.84e-08	2.02e-08
 1.89516e+23	9.41e-01	5.93e-02	3.37e-05	1.76e-07	0.00e+00	0.00e+00	0.00e+00	0.00e+00	0.00e+00	9.41e-01	3.83e-08	2.01e-08
 1.89824e+23	9.42e-01	5.80e-02	3.33e-05	1.71e-07	0.00e+00	0.00e+00	0.00e+00	0.00e+00	0.00e+00	9.42e-01	3.83e-08	2.00e-08
 1.90121e+23	9.43e-01	5.68e-02	3.31e-05	1.66e-07	0.00e+00	0.00e+00	0.00e+00	0.00e+00	0.00e+00	9.43e-01	3.83e-08	2.00e-08
 1.90408e+23	9.44e-01	5.56e-02	3.28e-05	1.62e-07	0.00e+00	0.00e+00	0.00e+00	0.00e+00	0.00e+00	9.44e-01	3.83e-08	1.99e-08
 1.90684e+23	9.45e-01	5.45e-02	3.25e-05	1.58e-07	0.00e+00	0.00e+00	0.00e+00	0.00e+00	0.00e+00	9.45e-01	3.82e-08	1.98e-08
 1.90951e+23	9.47e-01	5.34e-02	3.23e-05	1.53e-07	0.00e+00	0.00e+00	0.00e+00	0.00e+00	0.00e+00	9.47e-01	3.82e-08	1.97e-08
 1.91205e+23	9.48e-01	5.24e-02	3.21e-05	1.50e-07	0.00e+00	0.00e+00	0.00e+00	0.00e+00	0.00e+00	9.48e-01	3.82e-08	1.97e-08
 1.91453e+23	9.49e-01	5.13e-02	3.19e-05	1.46e-07	0.00e+00	0.00e+00	0.00e+00	0.00e+00	0.00e+00	9.49e-01	3.81e-08	1.96e-08
 1.91694e+23	9.50e-01	5.03e-02	3.17e-05	1.42e-07	0.00e+00	0.00e+00	0.00e+00	0.00e+00	0.00e+00	9.50e-01	3.81e-08	1.95e-08
 1.91913e+23	9.50e-01	4.95e-02	3.15e-05	1.39e-07	0.00e+00	0.00e+00	0.00e+00	0.00e+00	0.00e+00	9.50e-01	3.80e-08	1.94e-08
 1.92112e+23	9.51e-01	4.87e-02	3.14e-05	1.36e-07	0.00e+00	0.00e+00	0.00e+00	0.00e+00	0.00e+00	9.51e-01	3.80e-08	1.94e-08
 1.92294e+23	9.52e-01	4.80e-02	3.12e-05	1.34e-07	0.00e+00	0.00e+00	0.00e+00	0.00e+00	0.00e+00	9.52e-01	3.79e-08	1.93e-08
 1.92459e+23	9.53e-01	4.73e-02	3.11e-05	1.32e-07	0.00e+00	0.00e+00	0.00e+00	0.00e+00	0.00e+00	9.53e-01	3.79e-08	1.92e-08
 1.92610e+23	9.53e-01	4.68e-02	3.10e-05	1.30e-07	0.00e+00	0.00e+00	0.00e+00	0.00e+00	0.00e+00	9.53e-01	3.79e-08	1.92e-08
 1.92746e+23	9.54e-01	4.62e-02	3.09e-05	1.28e-07	0.00e+00	0.00e+00	0.00e+00	0.00e+00	0.00e+00	9.54e-01	3.78e-08	1.91e-08
 1.92871e+23	9.54e-01	4.58e-02	3.08e-05	1.26e-07	0.00e+00	0.00e+00	0.00e+00	0.00e+00	0.00e+00	9.54e-01	3.77e-08	1.91e-08
 1.93007e+23	9.55e-01	4.52e-02	3.07e-05	1.24e-07	0.00e+00	0.00e+00	0.00e+00	0.00e+00	0.00e+00	9.55e-01	3.75e-08	1.90e-08
 1.93155e+23	9.56e-01	4.45e-02	3.06e-05	0.00e+00	0.00e+00	0.00e+00	0.00e+00	0.00e+00	0.00e+00	9.56e-01	3.74e-08	1.90e-08
 1.93289e+23	9.56e-01	4.40e-02	3.04e-05	0.00e+00	0.00e+00	0.00e+00	0.00e+00	0.00e+00	0.00e+00	9.56e-01	3.73e-08	1.89e-08
 1.93436e+23	9.57e-01	4.33e-02	3.03e-05	0.00e+00	0.00e+00	0.00e+00	0.00e+00	0.00e+00	0.00e+00	9.57e-01	3.71e-08	1.89e-08
 1.93594e+23	9.57e-01	4.26e-02	3.01e-05	0.00e+00	0.00e+00	0.00e+00	0.00e+00	0.00e+00	0.00e+00	9.57e-01	3.69e-08	1.88e-08
 1.93739e+23	9.58e-01	4.20e-02	3.00e-05	0.00e+00	0.00e+00	0.00e+00	0.00e+00	0.00e+00	0.00e+00	9.58e-01	3.68e-08	1.88e-08
 1.93870e+23	9.58e-01	4.15e-02	2.99e-05	0.00e+00	0.00e+00	0.00e+00	0.00e+00	0.00e+00	0.00e+00	9.58e-01	3.67e-08	1.87e-08
 1.93989e+23	9.59e-01	4.11e-02	2.97e-05	0.00e+00	0.00e+00	0.00e+00	0.00e+00	0.00e+00	0.00e+00	9.59e-01	3.66e-08	1.87e-08
 1.94120e+23	9.59e-01	4.06e-02	2.96e-05	0.00e+00	0.00e+00	0.00e+00	0.00e+00	0.00e+00	0.00e+00	9.59e-01	3.65e-08	1.86e-08
 1.94262e+23	9.60e-01	4.00e-02	2.94e-05	0.00e+00	0.00e+00	0.00e+00	0.00e+00	0.00e+00	0.00e+00	9.60e-01	3.64e-08	1.86e-08
 1.94417e+23	9.61e-01	3.94e-02	2.92e-05	0.00e+00	0.00e+00	0.00e+00	0.00e+00	0.00e+00	0.00e+00	9.61e-01	3.63e-08	1.85e-08
 1.94584e+23	9.61e-01	3.88e-02	2.90e-05	0.00e+00	0.00e+00	0.00e+00	0.00e+00	0.00e+00	0.00e+00	9.61e-01	3.62e-08	1.85e-08
 1.94736e+23	9.62e-01	3.83e-02	2.88e-05	0.00e+00	0.00e+00	0.00e+00	0.00e+00	0.00e+00	0.00e+00	9.62e-01	3.61e-08	1.85e-08
 1.94875e+23	9.62e-01	3.80e-02	2.86e-05	0.00e+00	0.00e+00	0.00e+00	0.00e+00	0.00e+00	0.00e+00	9.62e-01	3.61e-08	1.84e-08
 1.95026e+23	9.63e-01	3.73e-02	2.84e-05	0.00e+00	0.00e+00	0.00e+00	0.00e+00	0.00e+00	0.00e+00	9.63e-01	3.61e-08	1.84e-08
 1.95224e+23	9.63e-01	3.66e-02	2.81e-05	0.00e+00	0.00e+00	0.00e+00	0.00e+00	0.00e+00	0.00e+00	9.63e-01	3.60e-08	1.84e-08
 1.95437e+23	9.64e-01	3.58e-02	2.78e-05	0.00e+00	0.00e+00	0.00e+00	0.00e+00	0.00e+00	0.00e+00	9.64e-01	3.59e-08	1.83e-08
 1.95630e+23	9.65e-01	3.52e-02	2.75e-05	0.00e+00	0.00e+00	0.00e+00	0.00e+00	0.00e+00	0.00e+00	9.65e-01	3.58e-08	1.83e-08
 1.95807e+23	9.65e-01	3.47e-02	2.73e-05	0.00e+00	0.00e+00	0.00e+00	0.00e+00	0.00e+00	0.00e+00	9.65e-01	3.58e-08	1.83e-08
 1.95967e+23	9.66e-01	3.42e-02	2.71e-05	0.00e+00	0.00e+00	0.00e+00	0.00e+00	0.00e+00	0.00e+00	9.66e-01	3.57e-08	1.82e-08
 1.96113e+23	9.66e-01	3.38e-02	2.69e-05	0.00e+00	0.00e+00	0.00e+00	0.00e+00	0.00e+00	0.00e+00	9.66e-01	3.57e-08	1.82e-08
 1.96273e+23	9.67e-01	3.33e-02	2.67e-05	0.00e+00	0.00e+00	0.00e+00	0.00e+00	0.00e+00	0.00e+00	9.67e-01	3.56e-08	1.81e-08
 1.96446e+23	9.67e-01	3.27e-02	2.64e-05	0.00e+00	0.00e+00	0.00e+00	0.00e+00	0.00e+00	0.00e+00	9.67e-01	3.55e-08	1.81e-08
 1.96603e+23	9.68e-01	3.22e-02	2.61e-05	0.00e+00	0.00e+00	0.00e+00	0.00e+00	0.00e+00	0.00e+00	9.68e-01	3.55e-08	1.80e-08
 1.96746e+23	9.68e-01	3.18e-02	2.59e-05	0.00e+00	0.00e+00	0.00e+00	0.00e+00	0.00e+00	0.00e+00	9.68e-01	3.54e-08	1.80e-08
 1.96877e+23	9.68e-01	3.15e-02	2.57e-05	0.00e+00	0.00e+00	0.00e+00	0.00e+00	0.00e+00	0.00e+00	9.68e-01	3.53e-08	1.79e-08
 1.97019e+23	9.69e-01	3.11e-02	2.54e-05	0.00e+00	0.00e+00	0.00e+00	0.00e+00	0.00e+00	0.00e+00	9.69e-01	3.53e-08	1.79e-08
 1.97173e+23	9.69e-01	3.05e-02	2.52e-05	0.00e+00	0.00e+00	0.00e+00	0.00e+00	0.00e+00	0.00e+00	9.69e-01	3.52e-08	1.79e-08
 1.97314e+23	9.70e-01	3.01e-02	2.50e-05	0.00e+00	0.00e+00	0.00e+00	0.00e+00	0.00e+00	0.00e+00	9.70e-01	3.52e-08	1.78e-08
 1.97467e+23	9.70e-01	2.97e-02	2.47e-05	0.00e+00	0.00e+00	0.00e+00	0.00e+00	0.00e+00	0.00e+00	9.70e-01	3.51e-08	1.78e-08
 1.97633e+23	9.71e-01	2.91e-02	2.44e-05	0.00e+00	0.00e+00	0.00e+00	0.00e+00	0.00e+00	0.00e+00	9.71e-01	3.50e-08	1.77e-08
 1.97784e+23	9.71e-01	2.88e-02	2.42e-05	0.00e+00	0.00e+00	0.00e+00	0.00e+00	0.00e+00	0.00e+00	9.71e-01	3.50e-08	1.77e-08
 1.97949e+23	9.72e-01	2.83e-02	2.39e-05	0.00e+00	0.00e+00	0.00e+00	0.00e+00	0.00e+00	0.00e+00	9.72e-01	3.49e-08	1.76e-08
 1.98128e+23	9.72e-01	2.77e-02	2.37e-05	0.00e+00	0.00e+00	0.00e+00	0.00e+00	0.00e+00	0.00e+00	9.72e-01	3.48e-08	1.75e-08
 1.98290e+23	9.73e-01	2.73e-02	2.35e-05	0.00e+00	0.00e+00	0.00e+00	0.00e+00	0.00e+00	0.00e+00	9.73e-01	3.48e-08	1.75e-08
 1.98438e+23	9.73e-01	2.70e-02	2.33e-05	0.00e+00	0.00e+00	0.00e+00	0.00e+00	0.00e+00	0.00e+00	9.73e-01	3.48e-08	1.74e-08
 1.98573e+23	9.73e-01	2.66e-02	2.31e-05	0.00e+00	0.00e+00	0.00e+00	0.00e+00	0.00e+00	0.00e+00	9.73e-01	3.47e-08	1.74e-08
 1.98695e+23	9.74e-01	2.64e-02	2.29e-05	0.00e+00	0.00e+00	0.00e+00	0.00e+00	0.00e+00	0.00e+00	9.74e-01	3.46e-08	1.73e-08
 1.98829e+23	9.74e-01	2.60e-02	2.27e-05	0.00e+00	0.00e+00	0.00e+00	0.00e+00	0.00e+00	0.00e+00	9.74e-01	3.46e-08	1.73e-08
 1.99003e+23	9.74e-01	2.55e-02	2.25e-05	0.00e+00	0.00e+00	0.00e+00	0.00e+00	0.00e+00	0.00e+00	9.74e-01	3.45e-08	1.72e-08
 1.99192e+23	9.75e-01	2.50e-02	2.22e-05	0.00e+00	0.00e+00	0.00e+00	0.00e+00	0.00e+00	0.00e+00	9.75e-01	3.43e-08	1.71e-08
 1.99363e+23	9.75e-01	2.46e-02	2.20e-05	0.00e+00	0.00e+00	0.00e+00	0.00e+00	0.00e+00	0.00e+00	9.75e-01	3.40e-08	1.70e-08
 1.99519e+23	9.76e-01	2.43e-02	2.18e-05	0.00e+00	0.00e+00	0.00e+00	0.00e+00	0.00e+00	0.00e+00	9.76e-01	3.37e-08	1.68e-08
 1.99661e+23	9.76e-01	2.41e-02	2.17e-05	0.00e+00	0.00e+00	0.00e+00	0.00e+00	0.00e+00	0.00e+00	9.76e-01	3.36e-08	1.68e-08
 1.99816e+23	9.76e-01	2.37e-02	2.15e-05	0.00e+00	0.00e+00	0.00e+00	0.00e+00	0.00e+00	0.00e+00	9.76e-01	3.34e-08	1.66e-08
 1.99984e+23	9.77e-01	2.34e-02	2.13e-05	0.00e+00	0.00e+00	0.00e+00	0.00e+00	0.00e+00	0.00e+00	9.77e-01	3.31e-08	1.65e-08
 2.00137e+23	9.77e-01	2.31e-02	2.11e-05	0.00e+00	0.00e+00	0.00e+00	0.00e+00	0.00e+00	0.00e+00	9.77e-01	3.30e-08	1.64e-08
 2.00304e+23	9.77e-01	2.27e-02	2.09e-05	0.00e+00	0.00e+00	0.00e+00	0.00e+00	0.00e+00	0.00e+00	9.77e-01	3.27e-08	1.62e-08
 2.00485e+23	9.78e-01	2.23e-02	2.07e-05	0.00e+00	0.00e+00	0.00e+00	0.00e+00	0.00e+00	0.00e+00	9.78e-01	3.24e-08	1.60e-08
 2.00649e+23	9.78e-01	2.20e-02	2.05e-05	0.00e+00	0.00e+00	0.00e+00	0.00e+00	0.00e+00	0.00e+00	9.78e-01	3.21e-08	1.58e-08
 2.00799e+23	9.78e-01	2.18e-02	2.04e-05	0.00e+00	0.00e+00	0.00e+00	0.00e+00	0.00e+00	0.00e+00	9.78e-01	3.21e-08	1.58e-08
 2.00963e+23	9.79e-01	2.15e-02	2.02e-05	0.00e+00	0.00e+00	0.00e+00	0.00e+00	0.00e+00	0.00e+00	9.79e-01	3.18e-08	1.56e-08
 2.01140e+23	9.79e-01	2.11e-02	2.00e-05	0.00e+00	0.00e+00	0.00e+00	0.00e+00	0.00e+00	0.00e+00	9.79e-01	3.15e-08	1.54e-08
 2.01301e+23	9.79e-01	2.09e-02	1.99e-05	0.00e+00	0.00e+00	0.00e+00	0.00e+00	0.00e+00	0.00e+00	9.79e-01	3.15e-08	1.53e-08
 2.01477e+23	9.79e-01	2.05e-02	1.97e-05	0.00e+00	0.00e+00	0.00e+00	0.00e+00	0.00e+00	0.00e+00	9.79e-01	3.12e-08	1.52e-08
 2.01668e+23	9.80e-01	2.01e-02	1.95e-05	0.00e+00	0.00e+00	0.00e+00	0.00e+00	0.00e+00	0.00e+00	9.80e-01	3.09e-08	1.50e-08
 2.01841e+23	9.80e-01	1.99e-02	1.93e-05	0.00e+00	0.00e+00	0.00e+00	0.00e+00	0.00e+00	0.00e+00	9.80e-01	3.08e-08	1.49e-08
 2.02031e+23	9.80e-01	1.95e-02	1.91e-05	0.00e+00	0.00e+00	0.00e+00	0.00e+00	0.00e+00	0.00e+00	9.80e-01	3.05e-08	1.47e-08
 2.02236e+23	9.81e-01	1.91e-02	1.89e-05	0.00e+00	0.00e+00	0.00e+00	0.00e+00	0.00e+00	0.00e+00	9.81e-01	3.03e-08	1.45e-08
 2.02423e+23	9.81e-01	1.88e-02	1.88e-05	0.00e+00	0.00e+00	0.00e+00	0.00e+00	0.00e+00	0.00e+00	9.81e-01	2.99e-08	1.43e-08
 2.02593e+23	9.81e-01	1.86e-02	1.86e-05	0.00e+00	0.00e+00	0.00e+00	0.00e+00	0.00e+00	0.00e+00	9.81e-01	2.98e-08	1.42e-08
 2.02779e+23	9.82e-01	1.83e-02	1.84e-05	0.00e+00	0.00e+00	0.00e+00	0.00e+00	0.00e+00	0.00e+00	9.82e-01	2.95e-08	1.41e-08
 2.02980e+23	9.82e-01	1.80e-02	1.83e-05	0.00e+00	0.00e+00	0.00e+00	0.00e+00	0.00e+00	0.00e+00	9.82e-01	2.92e-08	1.39e-08
 2.03163e+23	9.82e-01	1.77e-02	1.81e-05	0.00e+00	0.00e+00	0.00e+00	0.00e+00	0.00e+00	0.00e+00	9.82e-01	2.91e-08	1.38e-08
 2.03363e+23	9.83e-01	1.74e-02	1.79e-05	0.00e+00	0.00e+00	0.00e+00	0.00e+00	0.00e+00	0.00e+00	9.83e-01	2.87e-08	1.35e-08
 2.03580e+23	9.83e-01	1.70e-02	1.77e-05	0.00e+00	0.00e+00	0.00e+00	0.00e+00	0.00e+00	0.00e+00	9.83e-01	2.84e-08	1.33e-08
 2.03776e+23	9.83e-01	1.68e-02	1.76e-05	0.00e+00	0.00e+00	0.00e+00	0.00e+00	0.00e+00	0.00e+00	9.83e-01	2.83e-08	1.32e-08
 2.03992e+23	9.84e-01	1.65e-02	1.74e-05	0.00e+00	0.00e+00	0.00e+00	0.00e+00	0.00e+00	0.00e+00	9.84e-01	2.79e-08	1.30e-08
 2.04225e+23	9.84e-01	1.61e-02	1.72e-05	0.00e+00	0.00e+00	0.00e+00	0.00e+00	0.00e+00	0.00e+00	9.84e-01	2.75e-08	1.28e-08
 2.04437e+23	9.84e-01	1.59e-02	1.70e-05	0.00e+00	0.00e+00	0.00e+00	0.00e+00	0.00e+00	0.00e+00	9.84e-01	2.74e-08	1.27e-08
 2.04669e+23	9.84e-01	1.56e-02	1.68e-05	0.00e+00	0.00e+00	0.00e+00	0.00e+00	0.00e+00	0.00e+00	9.84e-01	2.70e-08	1.24e-08
 2.04920e+23	9.85e-01	1.52e-02	1.66e-05	0.00e+00	0.00e+00	0.00e+00	0.00e+00	0.00e+00	0.00e+00	9.85e-01	2.66e-08	1.22e-08
 2.05148e+23	9.85e-01	1.50e-02	1.65e-05	0.00e+00	0.00e+00	0.00e+00	0.00e+00	0.00e+00	0.00e+00	9.85e-01	2.65e-08	1.21e-08
 2.05398e+23	9.85e-01	1.46e-02	1.63e-05	0.00e+00	0.00e+00	0.00e+00	0.00e+00	0.00e+00	0.00e+00	9.85e-01	2.61e-08	1.18e-08
 2.05668e+23	9.86e-01	1.43e-02	1.61e-05	0.00e+00	0.00e+00	0.00e+00	0.00e+00	0.00e+00	0.00e+00	9.86e-01	2.58e-08	1.16e-08
 2.05913e+23	9.86e-01	1.40e-02	1.59e-05	0.00e+00	0.00e+00	0.00e+00	0.00e+00	0.00e+00	0.00e+00	9.86e-01	2.56e-08	1.15e-08
 2.06137e+23	9.86e-01	1.38e-02	1.58e-05	0.00e+00	0.00e+00	0.00e+00	0.00e+00	0.00e+00	0.00e+00	9.86e-01	2.54e-08	1.13e-08
 2.06382e+23	9.86e-01	1.35e-02	1.56e-05	0.00e+00	0.00e+00	0.00e+00	0.00e+00	0.00e+00	0.00e+00	9.86e-01	2.51e-08	1.12e-08
 2.06646e+23	9.87e-01	1.32e-02	1.54e-05	0.00e+00	0.00e+00	0.00e+00	0.00e+00	0.00e+00	0.00e+00	9.87e-01	2.47e-08	1.09e-08
 2.06887e+23	9.87e-01	1.30e-02	1.53e-05	0.00e+00	0.00e+00	0.00e+00	0.00e+00	0.00e+00	0.00e+00	9.87e-01	2.47e-08	1.09e-08
 2.07151e+23	9.87e-01	1.27e-02	1.51e-05	0.00e+00	0.00e+00	0.00e+00	0.00e+00	0.00e+00	0.00e+00	9.87e-01	2.43e-08	1.06e-08
 2.07435e+23	9.88e-01	1.24e-02	1.49e-05	0.00e+00	0.00e+00	0.00e+00	0.00e+00	0.00e+00	0.00e+00	9.88e-01	2.40e-08	1.04e-08
 2.07694e+23	9.88e-01	1.22e-02	1.47e-05	0.00e+00	0.00e+00	0.00e+00	0.00e+00	0.00e+00	0.00e+00	9.88e-01	2.39e-08	1.03e-08
 2.07978e+23	9.88e-01	1.19e-02	1.45e-05	0.00e+00	0.00e+00	0.00e+00	0.00e+00	0.00e+00	0.00e+00	9.88e-01	2.36e-08	1.01e-08
 2.08284e+23	9.88e-01	1.16e-02	1.44e-05	0.00e+00	0.00e+00	0.00e+00	0.00e+00	0.00e+00	0.00e+00	9.88e-01	2.33e-08	9.88e-09
 2.08563e+23	9.89e-01	1.14e-02	1.42e-05	0.00e+00	0.00e+00	0.00e+00	0.00e+00	0.00e+00	0.00e+00	9.89e-01	2.31e-08	9.71e-09
 2.08817e+23	9.89e-01	1.12e-02	1.41e-05	0.00e+00	0.00e+00	0.00e+00	0.00e+00	0.00e+00	0.00e+00	9.89e-01	2.29e-08	9.57e-09
 2.09095e+23	9.89e-01	1.09e-02	1.39e-05	0.00e+00	0.00e+00	0.00e+00	0.00e+00	0.00e+00	0.00e+00	9.89e-01	2.25e-08	9.37e-09
 2.09395e+23	9.89e-01	1.07e-02	1.37e-05	0.00e+00	0.00e+00	0.00e+00	0.00e+00	0.00e+00	0.00e+00	9.89e-01	2.22e-08	9.16e-09
 2.09668e+23	9.90e-01	1.05e-02	1.36e-05	0.00e+00	0.00e+00	0.00e+00	0.00e+00	0.00e+00	0.00e+00	9.90e-01	2.21e-08	9.05e-09
 2.09968e+23	9.90e-01	1.02e-02	1.34e-05	0.00e+00	0.00e+00	0.00e+00	0.00e+00	0.00e+00	0.00e+00	9.90e-01	2.18e-08	8.86e-09
 2.10291e+23	9.90e-01	9.95e-03	1.32e-05	0.00e+00	0.00e+00	0.00e+00	0.00e+00	0.00e+00	0.00e+00	9.90e-01	2.14e-08	8.65e-09
 2.10585e+23	9.90e-01	9.77e-03	1.31e-05	0.00e+00	0.00e+00	0.00e+00	0.00e+00	0.00e+00	0.00e+00	9.90e-01	2.13e-08	8.54e-09
 2.10907e+23	9.90e-01	9.51e-03	1.29e-05	0.00e+00	0.00e+00	0.00e+00	0.00e+00	0.00e+00	0.00e+00	9.90e-01	2.10e-08	8.34e-09
 2.11255e+23	9.91e-01	9.25e-03	1.27e-05	0.00e+00	0.00e+00	0.00e+00	0.00e+00	0.00e+00	0.00e+00	9.91e-01	2.06e-08	8.13e-09
 2.11572e+23	9.91e-01	9.07e-03	1.26e-05	0.00e+00	0.00e+00	0.00e+00	0.00e+00	0.00e+00	0.00e+00	9.91e-01	2.05e-08	8.02e-09
 2.11918e+23	9.91e-01	8.82e-03	1.24e-05	0.00e+00	0.00e+00	0.00e+00	0.00e+00	0.00e+00	0.00e+00	9.91e-01	2.02e-08	7.83e-09
 2.12293e+23	9.91e-01	8.56e-03	1.22e-05	0.00e+00	0.00e+00	0.00e+00	0.00e+00	0.00e+00	0.00e+00	9.91e-01	1.98e-08	7.62e-09
 2.12634e+23	9.92e-01	8.38e-03	1.20e-05	0.00e+00	0.00e+00	0.00e+00	0.00e+00	0.00e+00	0.00e+00	9.92e-01	1.97e-08	7.51e-09
 2.13007e+23	9.92e-01	8.15e-03	1.18e-05	0.00e+00	0.00e+00	0.00e+00	0.00e+00	0.00e+00	0.00e+00	9.92e-01	1.94e-08	7.33e-09
 2.13410e+23	9.92e-01	7.92e-03	1.17e-05	0.00e+00	0.00e+00	0.00e+00	0.00e+00	0.00e+00	0.00e+00	9.92e-01	1.92e-08	7.16e-09
 2.13777e+23	9.92e-01	7.71e-03	1.15e-05	0.00e+00	0.00e+00	0.00e+00	0.00e+00	0.00e+00	0.00e+00	9.92e-01	1.90e-08	7.00e-09
 2.14111e+23	9.92e-01	7.54e-03	1.14e-05	0.00e+00	0.00e+00	0.00e+00	0.00e+00	0.00e+00	0.00e+00	9.92e-01	1.88e-08	6.86e-09
 2.14477e+23	9.93e-01	7.33e-03	1.12e-05	0.00e+00	0.00e+00	0.00e+00	0.00e+00	0.00e+00	0.00e+00	9.93e-01	1.85e-08	6.70e-09
 2.14872e+23	9.93e-01	7.13e-03	1.10e-05	0.00e+00	0.00e+00	0.00e+00	0.00e+00	0.00e+00	0.00e+00	9.93e-01	1.83e-08	6.55e-09
 2.15231e+23	9.93e-01	6.95e-03	1.09e-05	0.00e+00	0.00e+00	0.00e+00	0.00e+00	0.00e+00	0.00e+00	9.93e-01	1.81e-08	6.40e-09
 2.15558e+23	9.93e-01	6.81e-03	1.08e-05	0.00e+00	0.00e+00	0.00e+00	0.00e+00	0.00e+00	0.00e+00	9.93e-01	1.79e-08	6.29e-09
 2.15917e+23	9.93e-01	6.62e-03	1.06e-05	0.00e+00	0.00e+00	0.00e+00	0.00e+00	0.00e+00	0.00e+00	9.93e-01	1.77e-08	6.13e-09
 2.16304e+23	9.94e-01	6.45e-03	1.05e-05	0.00e+00	0.00e+00	0.00e+00	0.00e+00	0.00e+00	0.00e+00	9.94e-01	1.75e-08	5.99e-09
 2.16728e+23	9.94e-01	6.24e-03	1.03e-05	0.00e+00	0.00e+00	0.00e+00	0.00e+00	0.00e+00	0.00e+00	9.94e-01	1.72e-08	5.81e-09
 2.17185e+23	9.94e-01	6.06e-03	1.01e-05	0.00e+00	0.00e+00	0.00e+00	0.00e+00	0.00e+00	0.00e+00	9.94e-01	1.70e-08	5.66e-09
 2.17602e+23	9.94e-01	5.89e-03	9.96e-06	0.00e+00	0.00e+00	0.00e+00	0.00e+00	0.00e+00	0.00e+00	9.94e-01	1.68e-08	5.51e-09
 2.17981e+23	9.94e-01	5.75e-03	9.83e-06	0.00e+00	0.00e+00	0.00e+00	0.00e+00	0.00e+00	0.00e+00	9.94e-01	1.66e-08	5.39e-09
 2.18396e+23	9.94e-01	5.58e-03	9.66e-06	0.00e+00	0.00e+00	0.00e+00	0.00e+00	0.00e+00	0.00e+00	9.94e-01	1.64e-08	5.24e-09
 2.18845e+23	9.95e-01	5.41e-03	9.51e-06	0.00e+00	0.00e+00	0.00e+00	0.00e+00	0.00e+00	0.00e+00	9.95e-01	1.61e-08	5.09e-09
 2.19253e+23	9.95e-01	5.27e-03	9.38e-06	0.00e+00	0.00e+00	0.00e+00	0.00e+00	0.00e+00	0.00e+00	9.95e-01	1.59e-08	4.96e-09
 2.19700e+23	9.95e-01	5.10e-03	9.21e-06	0.00e+00	0.00e+00	0.00e+00	0.00e+00	0.00e+00	0.00e+00	9.95e-01	1.57e-08	4.81e-09
 2.20182e+23	9.95e-01	4.94e-03	9.05e-06	0.00e+00	0.00e+00	0.00e+00	0.00e+00	0.00e+00	0.00e+00	9.95e-01	1.55e-08	4.66e-09
 2.20622e+23	9.95e-01	4.73e-03	8.92e-06	0.00e+00	0.00e+00	0.00e+00	0.00e+00	0.00e+00	0.00e+00	9.95e-01	1.53e-08	4.53e-09
 2.21103e+23	9.96e-01	4.41e-03	8.74e-06	0.00e+00	0.00e+00	0.00e+00	0.00e+00	0.00e+00	0.00e+00	9.96e-01	1.50e-08	4.36e-09
 2.21697e+23	9.96e-01	4.11e-03	8.54e-06	0.00e+00	0.00e+00	0.00e+00	0.00e+00	0.00e+00	0.00e+00	9.96e-01	1.47e-08	4.16e-09
 2.22341e+23	9.96e-01	3.88e-03	8.34e-06	0.00e+00	0.00e+00	0.00e+00	0.00e+00	0.00e+00	0.00e+00	9.96e-01	1.44e-08	3.97e-09
 2.22988e+23	9.96e-01	3.66e-03	8.15e-06	0.00e+00	0.00e+00	0.00e+00	0.00e+00	0.00e+00	0.00e+00	9.96e-01	1.41e-08	3.78e-09
 2.23643e+23	9.97e-01	3.44e-03	7.96e-06	0.00e+00	0.00e+00	0.00e+00	0.00e+00	0.00e+00	0.00e+00	9.97e-01	1.38e-08	3.60e-09
 2.24308e+23	9.97e-01	3.24e-03	7.77e-06	0.00e+00	0.00e+00	0.00e+00	0.00e+00	0.00e+00	0.00e+00	9.97e-01	1.35e-08	3.42e-09
 2.24979e+23	9.97e-01	3.04e-03	7.58e-06	0.00e+00	0.00e+00	0.00e+00	0.00e+00	0.00e+00	0.00e+00	9.97e-01	1.32e-08	3.25e-09
 2.25656e+23	9.97e-01	2.84e-03	7.40e-06	0.00e+00	0.00e+00	0.00e+00	0.00e+00	0.00e+00	0.00e+00	9.97e-01	1.29e-08	3.08e-09
 2.26338e+23	9.97e-01	2.66e-03	7.22e-06	0.00e+00	0.00e+00	0.00e+00	0.00e+00	0.00e+00	0.00e+00	9.97e-01	1.26e-08	2.92e-09
 2.27028e+23	9.98e-01	2.49e-03	7.04e-06	0.00e+00	0.00e+00	0.00e+00	0.00e+00	0.00e+00	0.00e+00	9.98e-01	1.23e-08	2.76e-09
 2.27725e+23	9.98e-01	2.32e-03	6.87e-06	0.00e+00	0.00e+00	0.00e+00	0.00e+00	0.00e+00	0.00e+00	9.98e-01	1.20e-08	2.61e-09
 2.28429e+23	9.98e-01	2.16e-03	6.70e-06	0.00e+00	0.00e+00	0.00e+00	0.00e+00	0.00e+00	0.00e+00	9.98e-01	1.17e-08	2.47e-09
 2.29139e+23	9.98e-01	2.01e-03	6.53e-06	0.00e+00	0.00e+00	0.00e+00	0.00e+00	0.00e+00	0.00e+00	9.98e-01	1.14e-08	2.33e-09
 2.29855e+23	9.98e-01	1.86e-03	6.37e-06	0.00e+00	0.00e+00	0.00e+00	0.00e+00	0.00e+00	0.00e+00	9.98e-01	1.11e-08	2.19e-09
 2.30577e+23	9.98e-01	1.73e-03	6.21e-06	0.00e+00	0.00e+00	0.00e+00	0.00e+00	0.00e+00	0.00e+00	9.98e-01	1.08e-08	2.06e-09
 2.31303e+23	9.98e-01	1.60e-03	6.05e-06	0.00e+00	0.00e+00	0.00e+00	0.00e+00	0.00e+00	0.00e+00	9.98e-01	1.05e-08	1.93e-09
 2.32035e+23	9.99e-01	1.47e-03	5.89e-06	0.00e+00	0.00e+00	0.00e+00	0.00e+00	0.00e+00	0.00e+00	9.99e-01	1.02e-08	1.81e-09
 2.32771e+23	9.99e-01	1.36e-03	5.74e-06	0.00e+00	0.00e+00	0.00e+00	0.00e+00	0.00e+00	0.00e+00	9.99e-01	9.86e-09	1.69e-09
 2.33514e+23	9.99e-01	1.25e-03	5.59e-06	0.00e+00	0.00e+00	0.00e+00	0.00e+00	0.00e+00	0.00e+00	9.99e-01	9.55e-09	1.58e-09
 2.34263e+23	9.99e-01	1.14e-03	5.44e-06	0.00e+00	0.00e+00	0.00e+00	0.00e+00	0.00e+00	0.00e+00	9.99e-01	9.24e-09	1.47e-09
 2.35017e+23	9.99e-01	1.05e-03	5.30e-06	0.00e+00	0.00e+00	0.00e+00	0.00e+00	0.00e+00	0.00e+00	9.99e-01	8.94e-09	1.36e-09
 2.35776e+23	9.99e-01	9.58e-04	5.16e-06	0.00e+00	0.00e+00	0.00e+00	0.00e+00	0.00e+00	0.00e+00	9.99e-01	8.63e-09	1.26e-09
 2.36541e+23	9.99e-01	8.73e-04	5.02e-06	0.00e+00	0.00e+00	0.00e+00	0.00e+00	0.00e+00	0.00e+00	9.99e-01	8.33e-09	1.17e-09
 2.37312e+23	9.99e-01	7.96e-04	4.88e-06	0.00e+00	0.00e+00	0.00e+00	0.00e+00	0.00e+00	0.00e+00	9.99e-01	8.03e-09	1.08e-09
 2.38097e+23	9.99e-01	7.22e-04	4.75e-06	0.00e+00	0.00e+00	0.00e+00	0.00e+00	0.00e+00	0.00e+00	9.99e-01	7.73e-09	9.90e-10
 2.38899e+23	9.99e-01	6.54e-04	4.61e-06	0.00e+00	0.00e+00	0.00e+00	0.00e+00	0.00e+00	0.00e+00	9.99e-01	7.43e-09	9.08e-10
 2.39711e+23	9.99e-01	5.91e-04	4.48e-06	0.00e+00	0.00e+00	0.00e+00	0.00e+00	0.00e+00	0.00e+00	9.99e-01	7.14e-09	8.30e-10
 2.40532e+23	9.99e-01	5.33e-04	4.35e-06	0.00e+00	0.00e+00	0.00e+00	0.00e+00	0.00e+00	0.00e+00	9.99e-01	6.84e-09	7.57e-10
 2.41362e+23	1.00e+00	4.79e-04	4.23e-06	0.00e+00	0.00e+00	0.00e+00	0.00e+00	0.00e+00	0.00e+00	1.00e+00	6.56e-09	6.89e-10
 2.42201e+23	1.00e+00	4.29e-04	4.10e-06	0.00e+00	0.00e+00	0.00e+00	0.00e+00	0.00e+00	0.00e+00	1.00e+00	6.27e-09	6.25e-10
 2.43050e+23	1.00e+00	3.84e-04	3.98e-06	0.00e+00	0.00e+00	0.00e+00	0.00e+00	0.00e+00	0.00e+00	1.00e+00	5.99e-09	5.65e-10
 2.43908e+23	1.00e+00	3.43e-04	3.86e-06	0.00e+00	0.00e+00	0.00e+00	0.00e+00	0.00e+00	0.00e+00	1.00e+00	5.72e-09	5.10e-10
 2.44781e+23	1.00e+00	3.05e-04	3.74e-06	0.00e+00	0.00e+00	0.00e+00	0.00e+00	0.00e+00	0.00e+00	1.00e+00	5.45e-09	4.59e-10
 2.45668e+23	1.00e+00	2.71e-04	3.62e-06	0.00e+00	0.00e+00	0.00e+00	0.00e+00	0.00e+00	0.00e+00	1.00e+00	5.20e-09	4.13e-10
 2.46576e+23	1.00e+00	2.39e-04	3.51e-06	0.00e+00	0.00e+00	0.00e+00	0.00e+00	0.00e+00	0.00e+00	1.00e+00	4.94e-09	3.69e-10
 2.47507e+23	1.00e+00	2.11e-04	3.39e-06	0.00e+00	0.00e+00	0.00e+00	0.00e+00	0.00e+00	0.00e+00	1.00e+00	4.70e-09	3.30e-10
 2.48455e+23	1.00e+00	1.86e-04	3.28e-06	0.00e+00	0.00e+00	0.00e+00	0.00e+00	0.00e+00	0.00e+00	1.00e+00	4.47e-09	2.93e-10
 2.49420e+23	1.00e+00	1.63e-04	3.17e-06	0.00e+00	0.00e+00	0.00e+00	0.00e+00	0.00e+00	0.00e+00	1.00e+00	4.24e-09	2.60e-10
 2.50402e+23	1.00e+00	1.42e-04	3.06e-06	0.00e+00	0.00e+00	0.00e+00	0.00e+00	0.00e+00	0.00e+00	1.00e+00	4.02e-09	2.29e-10
 2.51402e+23	1.00e+00	1.24e-04	2.95e-06	0.00e+00	0.00e+00	0.00e+00	0.00e+00	0.00e+00	0.00e+00	1.00e+00	3.80e-09	2.02e-10
 2.52421e+23	1.00e+00	1.08e-04	2.84e-06	0.00e+00	0.00e+00	0.00e+00	0.00e+00	0.00e+00	0.00e+00	1.00e+00	3.59e-09	1.77e-10
 2.53461e+23	1.00e+00	9.32e-05	2.74e-06	0.00e+00	0.00e+00	0.00e+00	0.00e+00	0.00e+00	0.00e+00	1.00e+00	3.39e-09	1.55e-10
 2.54527e+23	1.00e+00	8.04e-05	2.63e-06	0.00e+00	0.00e+00	0.00e+00	0.00e+00	0.00e+00	0.00e+00	1.00e+00	3.20e-09	1.35e-10
