#depth	He	He+	He+2
 1.54284e+22	2.21e-10	1.62e-05	1.00e+00
 3.49857e+22	6.54e-10	2.97e-05	1.00e+00
 4.09531e+22	1.09e-09	4.08e-05	1.00e+00
 4.37107e+22	1.37e-09	4.75e-05	1.00e+00
 4.48597e+22	1.45e-09	4.94e-05	1.00e+00
 4.53882e+22	1.55e-09	5.17e-05	1.00e+00
 4.59438e+22	1.64e-09	5.38e-05	1.00e+00
 4.64561e+22	1.74e-09	5.59e-05	1.00e+00
 4.70436e+22	1.86e-09	5.87e-05	1.00e+00
 4.76337e+22	1.96e-09	6.10e-05	1.00e+00
 4.82272e+22	2.10e-09	6.39e-05	1.00e+00
 4.88355e+22	2.21e-09	6.64e-05	1.00e+00
 4.93602e+22	2.32e-09	6.87e-05	1.00e+00
 4.99396e+22	2.46e-09	7.18e-05	1.00e+00
 5.05218e+22	2.57e-09	7.41e-05	1.00e+00
 5.11077e+22	2.73e-09	7.74e-05	1.00e+00
 5.17100e+22	2.85e-09	8.00e-05	1.00e+00
 5.22431e+22	2.98e-09	8.27e-05	1.00e+00
 5.28459e+22	3.15e-09	8.63e-05	1.00e+00
 5.34478e+22	3.28e-09	8.90e-05	1.00e+00
 5.40485e+22	3.45e-09	9.27e-05	1.00e+00
 5.46609e+22	3.60e-09	9.56e-05	1.00e+00
 5.52884e+22	3.79e-09	9.97e-05	1.00e+00
 5.59278e+22	3.95e-09	1.03e-04	1.00e+00
 5.65825e+22	4.16e-09	1.07e-04	1.00e+00
 5.72493e+22	4.33e-09	1.11e-04	1.00e+00
 5.79319e+22	4.56e-09	1.15e-04	1.00e+00
 5.85991e+22	4.73e-09	1.19e-04	1.00e+00
 5.92464e+22	4.96e-09	1.24e-04	1.00e+00
 5.99035e+22	5.15e-09	1.27e-04	1.00e+00
 6.05733e+22	5.40e-09	1.32e-04	1.00e+00
 6.12638e+22	5.61e-09	1.36e-04	1.00e+00
 6.19812e+22	5.89e-09	1.42e-04	1.00e+00
 6.27218e+22	6.13e-09	1.46e-04	1.00e+00
 6.34925e+22	6.45e-09	1.52e-04	1.00e+00
 6.42836e+22	6.73e-09	1.57e-04	1.00e+00
 6.51012e+22	7.09e-09	1.64e-04	1.00e+00
 6.59451e+22	7.41e-09	1.70e-04	1.00e+00
 6.68229e+22	7.83e-09	1.77e-04	1.00e+00
 6.77295e+22	8.20e-09	1.84e-04	1.00e+00
 6.85476e+22	8.57e-09	1.90e-04	1.00e+00
 6.94853e+22	9.08e-09	2.00e-04	1.00e+00
 7.04306e+22	9.50e-09	2.07e-04	1.00e+00
 7.13861e+22	1.01e-08	2.17e-04	1.00e+00
 7.23618e+22	1.05e-08	2.25e-04	1.00e+00
 7.33640e+22	1.12e-08	2.36e-04	1.00e+00
 7.43872e+22	1.17e-08	2.46e-04	1.00e+00
 7.52974e+22	1.22e-08	2.55e-04	1.00e+00
 7.63402e+22	1.30e-08	2.69e-04	1.00e+00
 7.73309e+22	1.35e-08	2.78e-04	1.00e+00
 7.82538e+22	1.42e-08	2.92e-04	1.00e+00
 7.91788e+22	1.47e-08	3.03e-04	1.00e+00
 8.01065e+22	1.54e-08	3.17e-04	1.00e+00
 8.10558e+22	1.60e-08	3.30e-04	1.00e+00
 8.20330e+22	1.68e-08	3.48e-04	1.00e+00
 8.30157e+22	1.74e-08	3.62e-04	1.00e+00
 8.40053e+22	1.81e-08	3.82e-04	1.00e+00
 8.50139e+22	1.87e-08	3.99e-04	1.00e+00
 8.60470e+22	1.95e-08	4.22e-04	1.00e+00
 8.70998e+22	2.01e-08	4.42e-04	1.00e+00
 8.81783e+22	2.08e-08	4.69e-04	1.00e+00
 8.92702e+22	2.13e-08	4.93e-04	1.00e+00
 9.01909e+22	2.17e-08	5.15e-04	9.99e-01
 9.11993e+22	2.22e-08	5.46e-04	9.99e-01
 9.22136e+22	2.26e-08	5.71e-04	9.99e-01
 9.32024e+22	2.29e-08	6.04e-04	9.99e-01
 9.42113e+22	2.32e-08	6.33e-04	9.99e-01
 9.52036e+22	2.34e-08	6.69e-04	9.99e-01
 9.62160e+22	2.36e-08	7.04e-04	9.99e-01
 9.72090e+22	2.37e-08	7.42e-04	9.99e-01
 9.82128e+22	2.38e-08	7.82e-04	9.99e-01
 9.92045e+22	2.39e-08	8.23e-04	9.99e-01
 1.00194e+23	2.39e-08	8.66e-04	9.99e-01
 1.01185e+23	2.40e-08	9.12e-04	9.99e-01
 1.02179e+23	2.42e-08	9.60e-04	9.99e-01
 1.03177e+23	2.44e-08	1.01e-03	9.99e-01
 1.04183e+23	2.46e-08	1.06e-03	9.99e-01
 1.05198e+23	2.50e-08	1.12e-03	9.99e-01
 1.06226e+23	2.54e-08	1.18e-03	9.99e-01
 1.07259e+23	2.60e-08	1.24e-03	9.99e-01
 1.08310e+23	2.68e-08	1.31e-03	9.99e-01
 1.09374e+23	2.78e-08	1.38e-03	9.99e-01
 1.10459e+23	2.90e-08	1.45e-03	9.99e-01
 1.11469e+23	3.02e-08	1.52e-03	9.98e-01
 1.12510e+23	3.19e-08	1.61e-03	9.98e-01
 1.13571e+23	3.36e-08	1.68e-03	9.98e-01
 1.14658e+23	3.60e-08	1.78e-03	9.98e-01
 1.15748e+23	3.82e-08	1.86e-03	9.98e-01
 1.16840e+23	4.14e-08	1.96e-03	9.98e-01
 1.17940e+23	4.42e-08	2.05e-03	9.98e-01
 1.19051e+23	4.82e-08	2.17e-03	9.98e-01
 1.20172e+23	5.18e-08	2.27e-03	9.98e-01
 1.21306e+23	5.70e-08	2.40e-03	9.98e-01
 1.22455e+23	6.15e-08	2.50e-03	9.97e-01
 1.23624e+23	6.81e-08	2.65e-03	9.97e-01
 1.24813e+23	7.38e-08	2.77e-03	9.97e-01
 1.26029e+23	8.22e-08	2.94e-03	9.97e-01
 1.27273e+23	8.97e-08	3.08e-03	9.97e-01
 1.28552e+23	1.01e-07	3.27e-03	9.97e-01
 1.29859e+23	1.10e-07	3.43e-03	9.97e-01
 1.30959e+23	1.19e-07	3.58e-03	9.96e-01
 1.32144e+23	1.33e-07	3.78e-03	9.96e-01
 1.33301e+23	1.43e-07	3.93e-03	9.96e-01
 1.34421e+23	1.58e-07	4.14e-03	9.96e-01
 1.35552e+23	1.71e-07	4.30e-03	9.96e-01
 1.36698e+23	1.89e-07	4.53e-03	9.95e-01
 1.37860e+23	2.04e-07	4.71e-03	9.95e-01
 1.39042e+23	2.27e-07	4.97e-03	9.95e-01
 1.40242e+23	2.46e-07	5.17e-03	9.95e-01
 1.41465e+23	2.73e-07	5.46e-03	9.95e-01
 1.42708e+23	2.96e-07	5.69e-03	9.94e-01
 1.43977e+23	3.31e-07	6.01e-03	9.94e-01
 1.45274e+23	3.60e-07	6.27e-03	9.94e-01
 1.46604e+23	4.04e-07	6.65e-03	9.93e-01
 1.47970e+23	4.42e-07	6.95e-03	9.93e-01
 1.49380e+23	4.97e-07	7.38e-03	9.93e-01
 1.50810e+23	5.45e-07	7.72e-03	9.92e-01
 1.52265e+23	6.15e-07	8.21e-03	9.92e-01
 1.53737e+23	6.74e-07	8.60e-03	9.91e-01
 1.55231e+23	7.63e-07	9.15e-03	9.91e-01
 1.56747e+23	8.38e-07	9.59e-03	9.90e-01
 1.58080e+23	9.21e-07	1.00e-02	9.90e-01
 1.59598e+23	1.04e-06	1.07e-02	9.89e-01
 1.61129e+23	1.15e-06	1.12e-02	9.89e-01
 1.62389e+23	1.24e-06	1.17e-02	9.88e-01
 1.63736e+23	1.38e-06	1.23e-02	9.88e-01
 1.65115e+23	1.51e-06	1.29e-02	9.87e-01
 1.66342e+23	1.64e-06	1.34e-02	9.87e-01
 1.67746e+23	1.83e-06	1.41e-02	9.86e-01
 1.69204e+23	2.01e-06	1.48e-02	9.85e-01
 1.70506e+23	2.20e-06	1.55e-02	9.84e-01
 1.71972e+23	2.45e-06	1.64e-02	9.84e-01
 1.73503e+23	2.71e-06	1.72e-02	9.83e-01
 1.74884e+23	2.97e-06	1.80e-02	9.82e-01
 1.76442e+23	3.33e-06	1.91e-02	9.81e-01
 1.78053e+23	3.70e-06	2.01e-02	9.80e-01
 1.79489e+23	4.07e-06	2.11e-02	9.79e-01
 1.81112e+23	4.58e-06	2.23e-02	9.78e-01
 1.82801e+23	5.11e-06	2.36e-02	9.76e-01
 1.84321e+23	5.64e-06	2.48e-02	9.75e-01
 1.86042e+23	6.42e-06	2.64e-02	9.74e-01
 1.87818e+23	7.16e-06	2.79e-02	9.72e-01
 1.89418e+23	7.96e-06	2.94e-02	9.71e-01
 1.91251e+23	9.12e-06	3.14e-02	9.69e-01
 1.93109e+23	1.02e-05	3.32e-02	9.67e-01
 1.94752e+23	1.14e-05	3.50e-02	9.65e-01
 1.96640e+23	1.31e-05	3.75e-02	9.62e-01
 1.98551e+23	1.47e-05	3.97e-02	9.60e-01
 2.00493e+23	1.69e-05	4.25e-02	9.57e-01
 2.02476e+23	1.90e-05	4.50e-02	9.55e-01
 2.04242e+23	2.14e-05	4.77e-02	9.52e-01
 2.06267e+23	2.47e-05	5.12e-02	9.49e-01
 2.08325e+23	2.79e-05	5.43e-02	9.46e-01
 2.10427e+23	3.25e-05	5.85e-02	9.41e-01
 2.12482e+23	3.64e-05	6.18e-02	9.38e-01
 2.14475e+23	4.21e-05	6.63e-02	9.34e-01
 2.16403e+23	4.66e-05	6.96e-02	9.30e-01
 2.18246e+23	5.31e-05	7.42e-02	9.26e-01
 2.20093e+23	5.89e-05	7.80e-02	9.22e-01
 2.21947e+23	6.71e-05	8.30e-02	9.17e-01
 2.23846e+23	7.48e-05	8.74e-02	9.12e-01
 2.25546e+23	8.32e-05	9.19e-02	9.08e-01
 2.27501e+23	9.52e-05	9.81e-02	9.02e-01
 2.29478e+23	1.06e-04	1.03e-01	8.97e-01
 2.31485e+23	1.22e-04	1.10e-01	8.90e-01
 2.33538e+23	1.37e-04	1.16e-01	8.84e-01
 2.35173e+23	1.49e-04	1.21e-01	8.79e-01
 2.36820e+23	1.66e-04	1.28e-01	8.72e-01
 2.38523e+23	1.83e-04	1.33e-01	8.67e-01
 2.40059e+23	2.00e-04	1.39e-01	8.61e-01
 2.41818e+23	2.24e-04	1.46e-01	8.53e-01
 2.43594e+23	2.46e-04	1.53e-01	8.47e-01
 2.45149e+23	2.69e-04	1.59e-01	8.40e-01
 2.46927e+23	3.01e-04	1.68e-01	8.32e-01
 2.48736e+23	3.30e-04	1.75e-01	8.25e-01
 2.50332e+23	3.62e-04	1.82e-01	8.17e-01
 2.52154e+23	4.05e-04	1.92e-01	8.08e-01
 2.54004e+23	4.45e-04	2.00e-01	8.00e-01
 2.55642e+23	4.88e-04	2.08e-01	7.91e-01
 2.57521e+23	5.46e-04	2.19e-01	7.81e-01
 2.59433e+23	6.01e-04	2.28e-01	7.71e-01
 2.61387e+23	6.75e-04	2.40e-01	7.59e-01
 2.63365e+23	7.44e-04	2.50e-01	7.49e-01
 2.65374e+23	8.37e-04	2.63e-01	7.36e-01
 2.67420e+23	9.23e-04	2.74e-01	7.25e-01
 2.69239e+23	1.02e-03	2.85e-01	7.14e-01
 2.71327e+23	1.14e-03	3.00e-01	6.99e-01
 2.73467e+23	1.26e-03	3.13e-01	6.86e-01
 2.75099e+23	1.36e-03	3.22e-01	6.77e-01
 2.76643e+23	1.48e-03	3.33e-01	6.65e-01
 2.78224e+23	1.59e-03	3.43e-01	6.56e-01
 2.79853e+23	1.73e-03	3.55e-01	6.43e-01
 2.81515e+23	1.87e-03	3.66e-01	6.33e-01
 2.82984e+23	2.01e-03	3.76e-01	6.22e-01
 2.84656e+23	2.19e-03	3.89e-01	6.09e-01
 2.86364e+23	2.37e-03	4.01e-01	5.97e-01
 2.87878e+23	2.55e-03	4.12e-01	5.85e-01
 2.89605e+23	2.79e-03	4.27e-01	5.70e-01
 2.91371e+23	3.01e-03	4.39e-01	5.58e-01
 2.93189e+23	3.32e-03	4.55e-01	5.41e-01
 2.95009e+23	3.59e-03	4.69e-01	5.28e-01
 2.96833e+23	3.94e-03	4.85e-01	5.11e-01
 2.98704e+23	4.29e-03	4.99e-01	4.96e-01
 3.00373e+23	4.64e-03	5.13e-01	4.82e-01
 3.02277e+23	5.12e-03	5.31e-01	4.64e-01
 3.04202e+23	5.59e-03	5.46e-01	4.48e-01
 3.05857e+23	6.06e-03	5.61e-01	4.33e-01
 3.07616e+23	6.64e-03	5.77e-01	4.16e-01
