#depth	N	N+	N+2	N+3	N+4	N+5	N+6	N+7
 1.54284e+22	3.46e-23	1.79e-17	2.62e-13	4.50e-10	2.44e-07	5.93e-04	5.23e-02	9.47e-01
 3.49857e+22	2.35e-21	6.43e-16	4.92e-12	4.20e-09	1.08e-06	1.55e-03	8.34e-02	9.15e-01
 4.09531e+22	2.00e-20	4.01e-15	2.22e-11	1.32e-08	2.32e-06	2.50e-03	1.04e-01	8.93e-01
 4.37107e+22	5.56e-20	9.60e-15	4.58e-11	2.30e-08	3.37e-06	3.14e-03	1.16e-01	8.81e-01
 4.48597e+22	7.14e-20	1.19e-14	5.47e-11	2.64e-08	3.70e-06	3.33e-03	1.19e-01	8.78e-01
 4.53882e+22	9.67e-20	1.54e-14	6.78e-11	3.11e-08	4.14e-06	3.57e-03	1.23e-01	8.73e-01
 4.59438e+22	1.26e-19	1.93e-14	8.19e-11	3.59e-08	4.56e-06	3.79e-03	1.26e-01	8.70e-01
 4.64561e+22	1.62e-19	2.40e-14	9.79e-11	4.12e-08	5.01e-06	4.02e-03	1.30e-01	8.66e-01
 4.70436e+22	2.23e-19	3.16e-14	1.23e-10	4.91e-08	5.65e-06	4.33e-03	1.34e-01	8.61e-01
 4.76337e+22	2.84e-19	3.89e-14	1.46e-10	5.62e-08	6.19e-06	4.58e-03	1.38e-01	8.58e-01
 4.82272e+22	3.86e-19	5.06e-14	1.82e-10	6.65e-08	6.95e-06	4.93e-03	1.42e-01	8.53e-01
 4.88355e+22	4.93e-19	6.24e-14	2.17e-10	7.61e-08	7.63e-06	5.22e-03	1.46e-01	8.49e-01
 4.93602e+22	6.15e-19	7.54e-14	2.54e-10	8.60e-08	8.30e-06	5.50e-03	1.50e-01	8.45e-01
 4.99396e+22	8.22e-19	9.68e-14	3.12e-10	1.01e-07	9.27e-06	5.90e-03	1.54e-01	8.40e-01
 5.05218e+22	1.01e-18	1.15e-13	3.62e-10	1.13e-07	1.00e-05	6.20e-03	1.58e-01	8.36e-01
 5.11077e+22	1.33e-18	1.46e-13	4.40e-10	1.32e-07	1.12e-05	6.62e-03	1.63e-01	8.31e-01
 5.17100e+22	1.65e-18	1.76e-13	5.14e-10	1.49e-07	1.22e-05	6.98e-03	1.67e-01	8.26e-01
 5.22431e+22	2.03e-18	2.11e-13	5.97e-10	1.67e-07	1.32e-05	7.34e-03	1.70e-01	8.22e-01
 5.28459e+22	2.67e-18	2.66e-13	7.27e-10	1.95e-07	1.47e-05	7.85e-03	1.76e-01	8.17e-01
 5.34478e+22	3.23e-18	3.14e-13	8.34e-10	2.17e-07	1.58e-05	8.23e-03	1.79e-01	8.13e-01
 5.40485e+22	4.19e-18	3.93e-13	1.01e-09	2.52e-07	1.75e-05	8.77e-03	1.84e-01	8.07e-01
 5.46609e+22	5.09e-18	4.65e-13	1.16e-09	2.81e-07	1.89e-05	9.21e-03	1.88e-01	8.02e-01
 5.52884e+22	6.61e-18	5.82e-13	1.40e-09	3.26e-07	2.10e-05	9.82e-03	1.94e-01	7.96e-01
 5.59278e+22	8.04e-18	6.89e-13	1.61e-09	3.64e-07	2.27e-05	1.03e-02	1.98e-01	7.92e-01
 5.65825e+22	1.05e-17	8.65e-13	1.95e-09	4.23e-07	2.52e-05	1.10e-02	2.04e-01	7.85e-01
 5.72493e+22	1.27e-17	1.02e-12	2.25e-09	4.73e-07	2.73e-05	1.16e-02	2.08e-01	7.80e-01
 5.79319e+22	1.66e-17	1.29e-12	2.72e-09	5.50e-07	3.04e-05	1.24e-02	2.14e-01	7.74e-01
 5.85991e+22	1.97e-17	1.49e-12	3.08e-09	6.07e-07	3.26e-05	1.29e-02	2.18e-01	7.69e-01
 5.92464e+22	2.53e-17	1.85e-12	3.69e-09	7.00e-07	3.61e-05	1.38e-02	2.24e-01	7.62e-01
 5.99035e+22	3.01e-17	2.15e-12	4.19e-09	7.73e-07	3.87e-05	1.44e-02	2.28e-01	7.57e-01
 6.05733e+22	3.82e-17	2.64e-12	4.98e-09	8.87e-07	4.27e-05	1.53e-02	2.34e-01	7.51e-01
 6.12638e+22	4.63e-17	3.12e-12	5.73e-09	9.91e-07	4.62e-05	1.60e-02	2.39e-01	7.45e-01
 6.19812e+22	5.88e-17	3.83e-12	6.81e-09	1.14e-06	5.09e-05	1.71e-02	2.45e-01	7.38e-01
 6.27218e+22	7.20e-17	4.56e-12	7.89e-09	1.28e-06	5.53e-05	1.80e-02	2.50e-01	7.32e-01
 6.34925e+22	9.22e-17	5.65e-12	9.44e-09	1.47e-06	6.12e-05	1.91e-02	2.57e-01	7.24e-01
 6.42836e+22	1.13e-16	6.75e-12	1.10e-08	1.66e-06	6.67e-05	2.02e-02	2.63e-01	7.17e-01
 6.51012e+22	1.46e-16	8.40e-12	1.32e-08	1.92e-06	7.40e-05	2.15e-02	2.69e-01	7.09e-01
 6.59451e+22	1.81e-16	1.01e-11	1.54e-08	2.17e-06	8.09e-05	2.27e-02	2.76e-01	7.02e-01
 6.68229e+22	2.35e-16	1.27e-11	1.86e-08	2.53e-06	9.02e-05	2.43e-02	2.83e-01	6.93e-01
 6.77295e+22	2.94e-16	1.54e-11	2.19e-08	2.88e-06	9.89e-05	2.57e-02	2.89e-01	6.85e-01
 6.85476e+22	3.62e-16	1.84e-11	2.55e-08	3.25e-06	1.08e-04	2.71e-02	2.96e-01	6.77e-01
 6.94853e+22	4.82e-16	2.36e-11	3.14e-08	3.84e-06	1.21e-04	2.92e-02	3.04e-01	6.67e-01
 7.04306e+22	5.94e-16	2.82e-11	3.66e-08	4.33e-06	1.32e-04	3.08e-02	3.10e-01	6.59e-01
 7.13861e+22	7.85e-16	3.59e-11	4.48e-08	5.09e-06	1.49e-04	3.30e-02	3.19e-01	6.48e-01
 7.23618e+22	9.84e-16	4.37e-11	5.28e-08	5.80e-06	1.63e-04	3.50e-02	3.26e-01	6.39e-01
 7.33640e+22	1.31e-15	5.58e-11	6.49e-08	6.84e-06	1.84e-04	3.76e-02	3.34e-01	6.28e-01
 7.43872e+22	1.66e-15	6.86e-11	7.73e-08	7.86e-06	2.03e-04	3.99e-02	3.42e-01	6.18e-01
 7.52974e+22	2.09e-15	8.38e-11	9.15e-08	9.00e-06	2.23e-04	4.23e-02	3.49e-01	6.08e-01
 7.63402e+22	2.84e-15	1.09e-10	1.14e-07	1.07e-05	2.54e-04	4.56e-02	3.59e-01	5.95e-01
 7.73309e+22	3.46e-15	1.29e-10	1.32e-07	1.21e-05	2.75e-04	4.79e-02	3.65e-01	5.87e-01
 7.82538e+22	4.56e-15	1.65e-10	1.62e-07	1.42e-05	3.09e-04	5.13e-02	3.74e-01	5.75e-01
 7.91788e+22	5.58e-15	1.96e-10	1.87e-07	1.60e-05	3.36e-04	5.40e-02	3.80e-01	5.66e-01
 8.01065e+22	7.29e-15	2.47e-10	2.28e-07	1.87e-05	3.76e-04	5.77e-02	3.89e-01	5.53e-01
 8.10558e+22	9.09e-15	2.99e-10	2.68e-07	2.13e-05	4.13e-04	6.09e-02	3.96e-01	5.43e-01
 8.20330e+22	1.21e-14	3.84e-10	3.32e-07	2.53e-05	4.67e-04	6.55e-02	4.05e-01	5.29e-01
 8.30157e+22	1.51e-14	4.63e-10	3.89e-07	2.87e-05	5.12e-04	6.91e-02	4.11e-01	5.19e-01
 8.40053e+22	2.01e-14	5.95e-10	4.82e-07	3.41e-05	5.79e-04	7.42e-02	4.20e-01	5.05e-01
 8.50139e+22	2.53e-14	7.27e-10	5.71e-07	3.92e-05	6.39e-04	7.86e-02	4.28e-01	4.93e-01
 8.60470e+22	3.40e-14	9.43e-10	7.14e-07	4.70e-05	7.27e-04	8.47e-02	4.37e-01	4.78e-01
 8.70998e+22	4.31e-14	1.16e-09	8.52e-07	5.43e-05	8.07e-04	8.99e-02	4.44e-01	4.65e-01
 8.81783e+22	5.86e-14	1.52e-09	1.07e-06	6.57e-05	9.25e-04	9.71e-02	4.53e-01	4.49e-01
 8.92702e+22	7.45e-14	1.87e-09	1.29e-06	7.63e-05	1.03e-03	1.03e-01	4.60e-01	4.36e-01
 9.01909e+22	9.24e-14	2.26e-09	1.52e-06	8.75e-05	1.14e-03	1.09e-01	4.66e-01	4.24e-01
 9.11993e+22	1.22e-13	2.89e-09	1.88e-06	1.04e-04	1.29e-03	1.17e-01	4.73e-01	4.08e-01
 9.22136e+22	1.51e-13	3.48e-09	2.21e-06	1.20e-04	1.42e-03	1.24e-01	4.79e-01	3.96e-01
 9.32024e+22	1.95e-13	4.37e-09	2.70e-06	1.42e-04	1.61e-03	1.32e-01	4.85e-01	3.81e-01
 9.42113e+22	2.41e-13	5.28e-09	3.19e-06	1.63e-04	1.78e-03	1.40e-01	4.91e-01	3.68e-01
 9.52036e+22	3.06e-13	6.52e-09	3.85e-06	1.92e-04	2.01e-03	1.49e-01	4.96e-01	3.53e-01
 9.62160e+22	3.78e-13	7.89e-09	4.56e-06	2.22e-04	2.23e-03	1.57e-01	5.00e-01	3.40e-01
 9.72090e+22	4.70e-13	9.58e-09	5.43e-06	2.58e-04	2.49e-03	1.67e-01	5.04e-01	3.26e-01
 9.82128e+22	5.76e-13	1.15e-08	6.42e-06	2.99e-04	2.77e-03	1.77e-01	5.08e-01	3.13e-01
 9.92045e+22	7.03e-13	1.38e-08	7.57e-06	3.45e-04	3.09e-03	1.87e-01	5.11e-01	2.99e-01
 1.00194e+23	8.51e-13	1.64e-08	8.87e-06	3.97e-04	3.43e-03	1.97e-01	5.13e-01	2.86e-01
 1.01185e+23	1.02e-12	1.95e-08	1.04e-05	4.57e-04	3.80e-03	2.08e-01	5.14e-01	2.74e-01
 1.02179e+23	1.23e-12	2.29e-08	1.21e-05	5.24e-04	4.21e-03	2.19e-01	5.16e-01	2.61e-01
 1.03177e+23	1.46e-12	2.69e-08	1.40e-05	6.00e-04	4.66e-03	2.30e-01	5.16e-01	2.49e-01
 1.04183e+23	1.72e-12	3.15e-08	1.63e-05	6.86e-04	5.15e-03	2.41e-01	5.16e-01	2.37e-01
 1.05198e+23	2.03e-12	3.67e-08	1.88e-05	7.83e-04	5.70e-03	2.53e-01	5.15e-01	2.25e-01
 1.06226e+23	2.38e-12	4.26e-08	2.17e-05	8.92e-04	6.29e-03	2.66e-01	5.13e-01	2.14e-01
 1.07259e+23	2.77e-12	4.92e-08	2.49e-05	1.01e-03	6.93e-03	2.78e-01	5.11e-01	2.03e-01
 1.08310e+23	3.23e-12	5.68e-08	2.86e-05	1.15e-03	7.65e-03	2.91e-01	5.08e-01	1.92e-01
 1.09374e+23	3.73e-12	6.52e-08	3.27e-05	1.31e-03	8.41e-03	3.04e-01	5.05e-01	1.81e-01
 1.10459e+23	4.31e-12	7.50e-08	3.75e-05	1.49e-03	9.28e-03	3.18e-01	5.01e-01	1.70e-01
 1.11469e+23	4.91e-12	8.39e-08	4.18e-05	1.64e-03	1.00e-02	3.29e-01	4.97e-01	1.62e-01
 1.12510e+23	5.67e-12	9.63e-08	4.79e-05	1.87e-03	1.11e-02	3.44e-01	4.91e-01	1.52e-01
 1.13571e+23	6.35e-12	1.07e-07	5.34e-05	2.07e-03	1.20e-02	3.55e-01	4.86e-01	1.44e-01
 1.14658e+23	7.28e-12	1.23e-07	6.12e-05	2.35e-03	1.32e-02	3.70e-01	4.79e-01	1.34e-01
 1.15748e+23	8.13e-12	1.37e-07	6.78e-05	2.59e-03	1.42e-02	3.82e-01	4.74e-01	1.27e-01
 1.16840e+23	9.26e-12	1.56e-07	7.73e-05	2.93e-03	1.57e-02	3.97e-01	4.66e-01	1.19e-01
 1.17940e+23	1.03e-11	1.72e-07	8.55e-05	3.21e-03	1.68e-02	4.08e-01	4.59e-01	1.12e-01
 1.19051e+23	1.17e-11	1.95e-07	9.70e-05	3.62e-03	1.85e-02	4.23e-01	4.50e-01	1.04e-01
 1.20172e+23	1.29e-11	2.15e-07	1.07e-04	3.97e-03	1.98e-02	4.35e-01	4.43e-01	9.82e-02
 1.21306e+23	1.46e-11	2.44e-07	1.21e-04	4.45e-03	2.17e-02	4.49e-01	4.33e-01	9.09e-02
 1.22455e+23	1.61e-11	2.69e-07	1.34e-04	4.87e-03	2.33e-02	4.61e-01	4.26e-01	8.55e-02
 1.23624e+23	1.82e-11	3.04e-07	1.52e-04	5.46e-03	2.54e-02	4.75e-01	4.15e-01	7.89e-02
 1.24813e+23	2.01e-11	3.35e-07	1.68e-04	5.97e-03	2.72e-02	4.86e-01	4.06e-01	7.39e-02
 1.26029e+23	2.27e-11	3.79e-07	1.90e-04	6.69e-03	2.97e-02	5.01e-01	3.95e-01	6.78e-02
 1.27273e+23	2.52e-11	4.20e-07	2.10e-04	7.31e-03	3.18e-02	5.12e-01	3.85e-01	6.33e-02
 1.28552e+23	2.85e-11	4.76e-07	2.39e-04	8.20e-03	3.48e-02	5.26e-01	3.73e-01	5.77e-02
 1.29859e+23	3.17e-11	5.29e-07	2.66e-04	8.97e-03	3.72e-02	5.37e-01	3.63e-01	5.36e-02
 1.30959e+23	3.48e-11	5.80e-07	2.91e-04	9.70e-03	3.95e-02	5.46e-01	3.54e-01	5.02e-02
 1.32144e+23	3.90e-11	6.50e-07	3.27e-04	1.07e-02	4.27e-02	5.58e-01	3.43e-01	4.60e-02
 1.33301e+23	4.25e-11	7.09e-07	3.56e-04	1.15e-02	4.50e-02	5.66e-01	3.34e-01	4.32e-02
 1.34421e+23	4.70e-11	7.87e-07	3.97e-04	1.26e-02	4.83e-02	5.76e-01	3.23e-01	3.97e-02
 1.35552e+23	5.17e-11	8.61e-07	4.33e-04	1.35e-02	5.09e-02	5.83e-01	3.15e-01	3.72e-02
 1.36698e+23	5.75e-11	9.59e-07	4.83e-04	1.48e-02	5.45e-02	5.92e-01	3.04e-01	3.41e-02
 1.37860e+23	6.32e-11	1.05e-06	5.28e-04	1.59e-02	5.73e-02	5.99e-01	2.95e-01	3.19e-02
 1.39042e+23	7.06e-11	1.17e-06	5.91e-04	1.74e-02	6.13e-02	6.08e-01	2.84e-01	2.91e-02
 1.40242e+23	7.80e-11	1.29e-06	6.48e-04	1.87e-02	6.45e-02	6.14e-01	2.75e-01	2.71e-02
 1.41465e+23	8.74e-11	1.45e-06	7.26e-04	2.04e-02	6.90e-02	6.21e-01	2.64e-01	2.46e-02
 1.42708e+23	9.73e-11	1.60e-06	7.98e-04	2.20e-02	7.25e-02	6.26e-01	2.56e-01	2.29e-02
 1.43977e+23	1.09e-10	1.80e-06	8.99e-04	2.40e-02	7.76e-02	6.33e-01	2.44e-01	2.07e-02
 1.45274e+23	1.22e-10	2.01e-06	9.92e-04	2.58e-02	8.15e-02	6.37e-01	2.35e-01	1.91e-02
 1.46604e+23	1.39e-10	2.27e-06	1.12e-03	2.83e-02	8.72e-02	6.42e-01	2.24e-01	1.72e-02
 1.47970e+23	1.56e-10	2.54e-06	1.24e-03	3.05e-02	9.17e-02	6.46e-01	2.15e-01	1.58e-02
 1.49380e+23	1.80e-10	2.91e-06	1.42e-03	3.36e-02	9.80e-02	6.49e-01	2.04e-01	1.41e-02
 1.50810e+23	2.03e-10	3.26e-06	1.58e-03	3.62e-02	1.03e-01	6.51e-01	1.95e-01	1.29e-02
 1.52265e+23	2.35e-10	3.75e-06	1.80e-03	3.98e-02	1.10e-01	6.53e-01	1.84e-01	1.14e-02
 1.53737e+23	2.68e-10	4.23e-06	2.01e-03	4.29e-02	1.15e-01	6.54e-01	1.76e-01	1.04e-02
 1.55231e+23	3.12e-10	4.89e-06	2.31e-03	4.71e-02	1.23e-01	6.54e-01	1.65e-01	9.18e-03
 1.56747e+23	3.58e-10	5.54e-06	2.58e-03	5.07e-02	1.29e-01	6.53e-01	1.57e-01	8.32e-03
 1.58080e+23	4.07e-10	6.24e-06	2.87e-03	5.45e-02	1.35e-01	6.51e-01	1.49e-01	7.55e-03
 1.59598e+23	4.76e-10	7.23e-06	3.29e-03	5.98e-02	1.43e-01	6.48e-01	1.39e-01	6.62e-03
 1.61129e+23	5.47e-10	8.19e-06	3.67e-03	6.42e-02	1.49e-01	6.45e-01	1.32e-01	5.98e-03
 1.62389e+23	6.14e-10	9.10e-06	4.04e-03	6.82e-02	1.55e-01	6.41e-01	1.26e-01	5.47e-03
 1.63736e+23	7.13e-10	1.04e-05	4.55e-03	7.37e-02	1.62e-01	6.36e-01	1.18e-01	4.88e-03
 1.65115e+23	8.08e-10	1.17e-05	5.02e-03	7.85e-02	1.68e-01	6.32e-01	1.12e-01	4.42e-03
 1.66342e+23	9.14e-10	1.30e-05	5.53e-03	8.34e-02	1.74e-01	6.26e-01	1.06e-01	4.01e-03
 1.67746e+23	1.07e-09	1.50e-05	6.25e-03	9.00e-02	1.82e-01	6.19e-01	9.96e-02	3.56e-03
 1.69204e+23	1.22e-09	1.69e-05	6.95e-03	9.61e-02	1.89e-01	6.11e-01	9.35e-02	3.18e-03
 1.70506e+23	1.40e-09	1.90e-05	7.68e-03	1.02e-01	1.95e-01	6.04e-01	8.83e-02	2.87e-03
 1.71972e+23	1.65e-09	2.20e-05	8.69e-03	1.10e-01	2.03e-01	5.94e-01	8.20e-02	2.52e-03
 1.73503e+23	1.91e-09	2.50e-05	9.70e-03	1.18e-01	2.10e-01	5.84e-01	7.65e-02	2.23e-03
 1.74884e+23	2.20e-09	2.83e-05	1.07e-02	1.25e-01	2.17e-01	5.74e-01	7.17e-02	1.99e-03
 1.76442e+23	2.64e-09	3.31e-05	1.22e-02	1.35e-01	2.25e-01	5.61e-01	6.59e-02	1.73e-03
 1.78053e+23	3.07e-09	3.78e-05	1.37e-02	1.44e-01	2.32e-01	5.48e-01	6.10e-02	1.51e-03
 1.79489e+23	3.56e-09	4.30e-05	1.52e-02	1.53e-01	2.38e-01	5.36e-01	5.67e-02	1.34e-03
 1.81112e+23	4.31e-09	5.05e-05	1.73e-02	1.64e-01	2.46e-01	5.20e-01	5.17e-02	1.15e-03
 1.82801e+23	5.09e-09	5.81e-05	1.94e-02	1.75e-01	2.52e-01	5.05e-01	4.74e-02	9.95e-04
 1.84321e+23	5.96e-09	6.64e-05	2.15e-02	1.85e-01	2.58e-01	4.90e-01	4.36e-02	8.69e-04
 1.86042e+23	7.30e-09	7.87e-05	2.46e-02	1.99e-01	2.65e-01	4.71e-01	3.91e-02	7.29e-04
 1.87818e+23	8.67e-09	9.09e-05	2.75e-02	2.11e-01	2.71e-01	4.54e-01	3.56e-02	6.26e-04
 1.89418e+23	1.03e-08	1.05e-04	3.07e-02	2.24e-01	2.75e-01	4.37e-01	3.24e-02	5.38e-04
 1.91251e+23	1.27e-08	1.25e-04	3.51e-02	2.40e-01	2.81e-01	4.15e-01	2.86e-02	4.42e-04
 1.93109e+23	1.52e-08	1.44e-04	3.92e-02	2.53e-01	2.85e-01	3.97e-01	2.57e-02	3.74e-04
 1.94752e+23	1.81e-08	1.67e-04	4.36e-02	2.66e-01	2.88e-01	3.79e-01	2.31e-02	3.18e-04
 1.96640e+23	2.27e-08	2.00e-04	4.98e-02	2.84e-01	2.90e-01	3.56e-01	2.01e-02	2.56e-04
 1.98551e+23	2.71e-08	2.31e-04	5.53e-02	2.98e-01	2.92e-01	3.37e-01	1.79e-02	2.14e-04
 2.00493e+23	3.42e-08	2.77e-04	6.30e-02	3.15e-01	2.93e-01	3.13e-01	1.54e-02	1.71e-04
 2.02476e+23	4.14e-08	3.22e-04	7.00e-02	3.30e-01	2.92e-01	2.94e-01	1.35e-02	1.41e-04
 2.04242e+23	4.99e-08	3.73e-04	7.75e-02	3.44e-01	2.91e-01	2.75e-01	1.18e-02	1.16e-04
 2.06267e+23	6.35e-08	4.49e-04	8.79e-02	3.61e-01	2.88e-01	2.52e-01	9.99e-03	9.02e-05
 2.08325e+23	7.73e-08	5.22e-04	9.71e-02	3.75e-01	2.85e-01	2.34e-01	8.66e-03	7.31e-05
 2.10427e+23	9.92e-08	6.31e-04	1.10e-01	3.92e-01	2.79e-01	2.11e-01	7.16e-03	5.56e-05
 2.12482e+23	1.19e-07	7.25e-04	1.20e-01	4.03e-01	2.74e-01	1.96e-01	6.21e-03	4.52e-05
 2.14475e+23	1.51e-07	8.65e-04	1.34e-01	4.17e-01	2.67e-01	1.76e-01	5.14e-03	3.45e-05
 2.16403e+23	1.78e-07	9.79e-04	1.45e-01	4.26e-01	2.61e-01	1.63e-01	4.48e-03	2.84e-05
 2.18246e+23	2.21e-07	1.15e-03	1.59e-01	4.37e-01	2.52e-01	1.47e-01	3.74e-03	2.20e-05
 2.20093e+23	2.62e-07	1.30e-03	1.71e-01	4.44e-01	2.45e-01	1.35e-01	3.23e-03	1.79e-05
 2.21947e+23	3.24e-07	1.51e-03	1.87e-01	4.52e-01	2.36e-01	1.21e-01	2.68e-03	1.38e-05
 2.23846e+23	3.87e-07	1.72e-03	2.01e-01	4.58e-01	2.27e-01	1.10e-01	2.28e-03	1.10e-05
 2.25546e+23	4.59e-07	1.94e-03	2.15e-01	4.62e-01	2.19e-01	1.00e-01	1.94e-03	8.79e-06
 2.27501e+23	5.72e-07	2.27e-03	2.34e-01	4.67e-01	2.07e-01	8.82e-02	1.58e-03	6.58e-06
 2.29478e+23	6.84e-07	2.57e-03	2.50e-01	4.69e-01	1.98e-01	7.93e-02	1.32e-03	5.16e-06
 2.31485e+23	8.50e-07	2.99e-03	2.70e-01	4.70e-01	1.86e-01	6.94e-02	1.06e-03	3.83e-06
 2.33538e+23	1.02e-06	3.40e-03	2.88e-01	4.70e-01	1.76e-01	6.16e-02	8.77e-04	2.94e-06
 2.35173e+23	1.18e-06	3.75e-03	3.02e-01	4.69e-01	1.68e-01	5.61e-02	7.54e-04	2.39e-06
 2.36820e+23	1.41e-06	4.22e-03	3.20e-01	4.66e-01	1.59e-01	4.99e-02	6.25e-04	1.85e-06
 2.38523e+23	1.63e-06	4.67e-03	3.35e-01	4.63e-01	1.51e-01	4.50e-02	5.30e-04	1.48e-06
 2.40059e+23	1.89e-06	5.14e-03	3.51e-01	4.60e-01	1.43e-01	4.06e-02	4.51e-04	1.19e-06
 2.41818e+23	2.26e-06	5.81e-03	3.70e-01	4.54e-01	1.34e-01	3.56e-02	3.66e-04	8.99e-07
 2.43594e+23	2.63e-06	6.41e-03	3.86e-01	4.49e-01	1.26e-01	3.19e-02	3.08e-04	7.09e-07
 2.45149e+23	3.03e-06	7.05e-03	4.02e-01	4.43e-01	1.19e-01	2.86e-02	2.59e-04	5.63e-07
 2.46927e+23	3.63e-06	7.92e-03	4.22e-01	4.35e-01	1.10e-01	2.49e-02	2.09e-04	4.21e-07
 2.48736e+23	4.21e-06	8.74e-03	4.39e-01	4.27e-01	1.03e-01	2.21e-02	1.73e-04	3.28e-07
 2.50332e+23	4.87e-06	9.60e-03	4.55e-01	4.19e-01	9.66e-02	1.97e-02	1.45e-04	2.57e-07
 2.52154e+23	5.83e-06	1.08e-02	4.75e-01	4.09e-01	8.88e-02	1.70e-02	1.15e-04	1.89e-07
 2.54004e+23	6.76e-06	1.19e-02	4.91e-01	3.99e-01	8.26e-02	1.50e-02	9.47e-05	1.46e-07
 2.55642e+23	7.82e-06	1.30e-02	5.07e-01	3.90e-01	7.68e-02	1.32e-02	7.82e-05	0.00e+00
 2.57521e+23	9.37e-06	1.46e-02	5.27e-01	3.77e-01	6.99e-02	1.13e-02	6.13e-05	0.00e+00
 2.59433e+23	1.09e-05	1.61e-02	5.43e-01	3.66e-01	6.45e-02	9.87e-03	4.99e-05	0.00e+00
 2.61387e+23	1.31e-05	1.81e-02	5.63e-01	3.52e-01	5.83e-02	8.34e-03	3.85e-05	0.00e+00
 2.63365e+23	1.53e-05	1.99e-02	5.79e-01	3.40e-01	5.34e-02	7.24e-03	3.10e-05	0.00e+00
 2.65374e+23	1.84e-05	2.24e-02	5.98e-01	3.26e-01	4.79e-02	6.06e-03	2.37e-05	0.00e+00
 2.67420e+23	2.15e-05	2.46e-02	6.13e-01	3.13e-01	4.36e-02	5.22e-03	1.88e-05	0.00e+00
 2.69239e+23	2.50e-05	2.70e-02	6.28e-01	3.01e-01	3.98e-02	4.50e-03	1.50e-05	0.00e+00
 2.71327e+23	3.02e-05	3.04e-02	6.45e-01	2.85e-01	3.53e-02	3.73e-03	1.13e-05	0.00e+00
 2.73467e+23	3.55e-05	3.35e-02	6.59e-01	2.72e-01	3.18e-02	3.17e-03	8.79e-06	0.00e+00
 2.75099e+23	3.96e-05	3.58e-02	6.69e-01	2.63e-01	2.96e-02	2.82e-03	7.38e-06	0.00e+00
 2.76643e+23	4.56e-05	3.90e-02	6.80e-01	2.52e-01	2.69e-02	2.44e-03	5.93e-06	0.00e+00
 2.78224e+23	5.10e-05	4.17e-02	6.89e-01	2.42e-01	2.49e-02	2.17e-03	4.95e-06	0.00e+00
 2.79853e+23	5.87e-05	4.55e-02	6.99e-01	2.31e-01	2.26e-02	1.87e-03	3.94e-06	0.00e+00
 2.81515e+23	6.62e-05	4.89e-02	7.07e-01	2.21e-01	2.08e-02	1.64e-03	3.23e-06	0.00e+00
 2.82984e+23	7.44e-05	5.24e-02	7.15e-01	2.12e-01	1.91e-02	1.44e-03	2.67e-06	0.00e+00
 2.84656e+23	8.58e-05	5.72e-02	7.23e-01	2.01e-01	1.72e-02	1.23e-03	2.10e-06	0.00e+00
 2.86364e+23	9.72e-05	6.15e-02	7.30e-01	1.92e-01	1.57e-02	1.07e-03	1.70e-06	0.00e+00
 2.87878e+23	1.09e-04	6.60e-02	7.36e-01	1.83e-01	1.44e-02	9.38e-04	1.40e-06	0.00e+00
 2.89605e+23	1.27e-04	7.21e-02	7.42e-01	1.72e-01	1.29e-02	7.92e-04	1.08e-06	0.00e+00
 2.91371e+23	1.44e-04	7.76e-02	7.47e-01	1.63e-01	1.17e-02	6.86e-04	8.71e-07	0.00e+00
 2.93189e+23	1.68e-04	8.53e-02	7.52e-01	1.52e-01	1.03e-02	5.69e-04	6.59e-07	0.00e+00
 2.95009e+23	1.92e-04	9.19e-02	7.55e-01	1.43e-01	9.32e-03	4.90e-04	5.26e-07	0.00e+00
 2.96833e+23	2.24e-04	1.01e-01	7.57e-01	1.33e-01	8.23e-03	4.07e-04	3.99e-07	0.00e+00
 2.98704e+23	2.57e-04	1.09e-01	7.58e-01	1.25e-01	7.37e-03	3.46e-04	3.13e-07	0.00e+00
 3.00373e+23	2.94e-04	1.18e-01	7.58e-01	1.17e-01	6.62e-03	2.95e-04	2.47e-07	0.00e+00
 3.02277e+23	3.47e-04	1.30e-01	7.56e-01	1.07e-01	5.78e-03	2.41e-04	1.83e-07	0.00e+00
 3.04202e+23	4.02e-04	1.42e-01	7.53e-01	9.94e-02	5.14e-03	2.02e-04	1.41e-07	0.00e+00
 3.05857e+23	4.62e-04	1.54e-01	7.49e-01	9.23e-02	4.60e-03	1.71e-04	0.00e+00	0.00e+00
 3.07616e+23	5.44e-04	1.69e-01	7.42e-01	8.45e-02	4.03e-03	1.41e-04	0.00e+00	0.00e+00
