#depth	O	O+	O+2	O+3	O+4	O+5	O+6	O+7	O+8	O[1]	O[2]	O[3]
 4.62852e+21	2.10e-10	4.24e-06	2.72e-03	9.21e-02	2.58e-01	2.91e-01	3.33e-01	2.21e-02	3.56e-04	2.10e-10	5.05e-19	6.21e-19
 1.05730e+22	7.47e-10	1.22e-05	5.97e-03	1.49e-01	3.11e-01	2.84e-01	2.38e-01	1.13e-02	1.32e-04	7.47e-10	1.89e-18	2.31e-18
 1.25470e+22	1.42e-09	2.03e-05	8.62e-03	1.84e-01	3.32e-01	2.71e-01	1.96e-01	7.90e-03	7.82e-05	1.42e-09	3.73e-18	4.55e-18
 1.37050e+22	2.32e-09	2.98e-05	1.13e-02	2.13e-01	3.45e-01	2.58e-01	1.66e-01	5.93e-03	5.19e-05	2.32e-09	6.27e-18	7.64e-18
 1.44101e+22	2.84e-09	3.48e-05	1.25e-02	2.26e-01	3.49e-01	2.52e-01	1.55e-01	5.25e-03	4.37e-05	2.84e-09	7.78e-18	9.46e-18
 1.48821e+22	3.69e-09	4.24e-05	1.44e-02	2.43e-01	3.53e-01	2.44e-01	1.41e-01	4.47e-03	3.48e-05	3.69e-09	1.03e-17	1.25e-17
 1.53820e+22	4.63e-09	5.03e-05	1.62e-02	2.58e-01	3.56e-01	2.36e-01	1.30e-01	3.87e-03	2.85e-05	4.63e-09	1.31e-17	1.59e-17
 1.59182e+22	6.21e-09	6.26e-05	1.87e-02	2.78e-01	3.59e-01	2.25e-01	1.16e-01	3.21e-03	2.20e-05	6.21e-09	1.80e-17	2.18e-17
 1.64605e+22	7.88e-09	7.46e-05	2.11e-02	2.94e-01	3.60e-01	2.16e-01	1.05e-01	2.74e-03	1.77e-05	7.88e-09	2.32e-17	2.82e-17
 1.69383e+22	9.94e-09	8.85e-05	2.36e-02	3.11e-01	3.60e-01	2.07e-01	9.58e-02	2.35e-03	1.42e-05	9.94e-09	2.99e-17	3.62e-17
 1.74868e+22	1.34e-08	1.10e-04	2.72e-02	3.32e-01	3.59e-01	1.95e-01	8.43e-02	1.91e-03	1.07e-05	1.34e-08	4.15e-17	5.03e-17
 1.80431e+22	1.71e-08	1.31e-04	3.05e-02	3.49e-01	3.57e-01	1.86e-01	7.59e-02	1.61e-03	8.50e-06	1.71e-08	5.40e-17	6.54e-17
 1.86093e+22	2.30e-08	1.62e-04	3.49e-02	3.70e-01	3.54e-01	1.73e-01	6.62e-02	1.30e-03	6.34e-06	2.30e-08	7.53e-17	9.11e-17
 1.91863e+22	2.96e-08	1.94e-04	3.91e-02	3.88e-01	3.49e-01	1.63e-01	5.88e-02	1.08e-03	4.93e-06	2.96e-08	9.95e-17	1.20e-16
 1.97000e+22	3.78e-08	2.30e-04	4.36e-02	4.05e-01	3.44e-01	1.53e-01	5.23e-02	8.97e-04	3.84e-06	3.78e-08	1.31e-16	1.58e-16
 2.02907e+22	5.15e-08	2.86e-04	4.98e-02	4.27e-01	3.37e-01	1.41e-01	4.47e-02	7.06e-04	2.78e-06	5.15e-08	1.86e-16	2.24e-16
 2.08718e+22	6.50e-08	3.36e-04	5.50e-02	4.43e-01	3.30e-01	1.32e-01	3.97e-02	5.87e-04	2.17e-06	6.50e-08	2.42e-16	2.92e-16
 2.14401e+22	8.75e-08	4.12e-04	6.23e-02	4.62e-01	3.21e-01	1.20e-01	3.38e-02	4.61e-04	1.57e-06	8.75e-08	3.39e-16	4.09e-16
 2.19857e+22	1.07e-07	4.74e-04	6.77e-02	4.75e-01	3.14e-01	1.13e-01	3.03e-02	3.89e-04	1.25e-06	1.07e-07	4.27e-16	5.15e-16
 2.25016e+22	1.40e-07	5.69e-04	7.55e-02	4.91e-01	3.04e-01	1.03e-01	2.60e-02	3.09e-04	9.25e-07	1.40e-07	5.79e-16	6.99e-16
 2.30167e+22	1.72e-07	6.53e-04	8.18e-02	5.02e-01	2.96e-01	9.61e-02	2.31e-02	2.60e-04	7.33e-07	1.72e-07	7.28e-16	8.79e-16
 2.35307e+22	2.21e-07	7.74e-04	9.02e-02	5.16e-01	2.85e-01	8.77e-02	1.99e-02	2.08e-04	5.47e-07	2.21e-07	9.70e-16	1.17e-15
 2.40640e+22	2.77e-07	9.00e-04	9.84e-02	5.27e-01	2.75e-01	8.07e-02	1.74e-02	1.69e-04	4.17e-07	2.77e-07	1.25e-15	1.51e-15
 2.45431e+22	3.40e-07	1.03e-03	1.06e-01	5.36e-01	2.66e-01	7.45e-02	1.53e-02	1.40e-04	3.25e-07	3.40e-07	1.58e-15	1.90e-15
 2.50865e+22	4.42e-07	1.23e-03	1.17e-01	5.47e-01	2.54e-01	6.69e-02	1.29e-02	1.09e-04	2.35e-07	4.42e-07	2.13e-15	2.56e-15
 2.56384e+22	5.49e-07	1.42e-03	1.27e-01	5.55e-01	2.44e-01	6.12e-02	1.12e-02	8.88e-05	1.78e-07	5.49e-07	2.72e-15	3.27e-15
 2.61278e+22	6.75e-07	1.63e-03	1.37e-01	5.62e-01	2.34e-01	5.59e-02	9.79e-03	7.25e-05	1.37e-07	6.75e-07	3.43e-15	4.13e-15
 2.66023e+22	8.21e-07	1.85e-03	1.47e-01	5.67e-01	2.24e-01	5.12e-02	8.57e-03	5.97e-05	0.00e+00	8.21e-07	4.28e-15	5.14e-15
 2.70405e+22	9.81e-07	2.09e-03	1.56e-01	5.72e-01	2.16e-01	4.72e-02	7.57e-03	4.98e-05	0.00e+00	9.81e-07	5.24e-15	6.29e-15
 2.75196e+22	1.23e-06	2.41e-03	1.68e-01	5.76e-01	2.05e-01	4.25e-02	6.47e-03	3.96e-05	0.00e+00	1.23e-06	6.75e-15	8.09e-15
 2.80011e+22	1.46e-06	2.70e-03	1.79e-01	5.78e-01	1.96e-01	3.91e-02	5.70e-03	3.29e-05	0.00e+00	1.46e-06	8.23e-15	9.85e-15
 2.84855e+22	1.81e-06	3.12e-03	1.92e-01	5.79e-01	1.86e-01	3.51e-02	4.86e-03	2.61e-05	0.00e+00	1.81e-06	1.06e-14	1.26e-14
 2.89757e+22	2.17e-06	3.50e-03	2.04e-01	5.80e-01	1.77e-01	3.19e-02	4.24e-03	2.14e-05	0.00e+00	2.17e-06	1.30e-14	1.55e-14
 2.94028e+22	2.57e-06	3.91e-03	2.15e-01	5.79e-01	1.69e-01	2.92e-02	3.72e-03	1.77e-05	0.00e+00	2.57e-06	1.57e-14	1.88e-14
 2.98873e+22	3.18e-06	4.49e-03	2.30e-01	5.77e-01	1.59e-01	2.60e-02	3.15e-03	1.39e-05	0.00e+00	3.18e-06	2.01e-14	2.40e-14
 3.03801e+22	3.79e-06	5.02e-03	2.43e-01	5.75e-01	1.50e-01	2.36e-02	2.74e-03	1.14e-05	0.00e+00	3.79e-06	2.46e-14	2.92e-14
 3.08835e+22	4.70e-06	5.77e-03	2.60e-01	5.70e-01	1.41e-01	2.09e-02	2.30e-03	8.86e-06	0.00e+00	4.70e-06	3.15e-14	3.75e-14
 3.13916e+22	5.60e-06	6.46e-03	2.74e-01	5.66e-01	1.33e-01	1.88e-02	1.98e-03	7.16e-06	0.00e+00	5.60e-06	3.87e-14	4.60e-14
 3.18352e+22	6.63e-06	7.19e-03	2.88e-01	5.61e-01	1.25e-01	1.70e-02	1.72e-03	5.83e-06	0.00e+00	6.63e-06	4.70e-14	5.58e-14
 3.23413e+22	8.17e-06	8.22e-03	3.06e-01	5.53e-01	1.16e-01	1.49e-02	1.43e-03	4.50e-06	0.00e+00	8.17e-06	6.00e-14	7.13e-14
 3.28590e+22	9.73e-06	9.19e-03	3.22e-01	5.45e-01	1.09e-01	1.33e-02	1.23e-03	3.60e-06	0.00e+00	9.73e-06	7.36e-14	8.74e-14
 3.33218e+22	1.15e-05	1.02e-02	3.38e-01	5.37e-01	1.02e-01	1.19e-02	1.05e-03	2.89e-06	0.00e+00	1.15e-05	8.98e-14	1.07e-13
 3.36950e+22	1.28e-05	1.09e-02	3.48e-01	5.31e-01	9.81e-02	1.11e-02	9.54e-04	2.51e-06	0.00e+00	1.28e-05	1.01e-13	1.20e-13
 3.40217e+22	1.46e-05	1.19e-02	3.61e-01	5.23e-01	9.30e-02	1.01e-02	8.43e-04	2.10e-06	0.00e+00	1.46e-05	1.19e-13	1.41e-13
 3.44464e+22	1.73e-05	1.32e-02	3.77e-01	5.13e-01	8.66e-02	9.01e-03	7.16e-04	1.67e-06	0.00e+00	1.73e-05	1.46e-13	1.73e-13
 3.49984e+22	2.15e-05	1.52e-02	3.99e-01	4.98e-01	7.89e-02	7.71e-03	5.80e-04	1.24e-06	0.00e+00	2.15e-05	1.89e-13	2.23e-13
 3.55583e+22	2.55e-05	1.69e-02	4.17e-01	4.86e-01	7.29e-02	6.78e-03	4.88e-04	9.67e-07	0.00e+00	2.55e-05	2.32e-13	2.74e-13
 3.61283e+22	3.19e-05	1.94e-02	4.40e-01	4.68e-01	6.58e-02	5.73e-03	3.89e-04	7.04e-07	0.00e+00	3.19e-05	3.03e-13	3.58e-13
 3.67063e+22	3.81e-05	2.17e-02	4.59e-01	4.53e-01	6.02e-02	4.97e-03	3.22e-04	5.39e-07	0.00e+00	3.81e-05	3.76e-13	4.44e-13
 3.72172e+22	4.54e-05	2.42e-02	4.78e-01	4.38e-01	5.52e-02	4.33e-03	2.68e-04	4.15e-07	0.00e+00	4.54e-05	4.64e-13	5.47e-13
 3.78039e+22	5.64e-05	2.77e-02	5.01e-01	4.18e-01	4.93e-02	3.61e-03	2.11e-04	2.97e-07	0.00e+00	5.64e-05	6.07e-13	7.14e-13
 3.84060e+22	6.76e-05	3.10e-02	5.20e-01	4.01e-01	4.46e-02	3.09e-03	1.72e-04	2.22e-07	0.00e+00	6.76e-05	7.57e-13	8.90e-13
 3.88650e+22	7.67e-05	3.35e-02	5.34e-01	3.88e-01	4.14e-02	2.76e-03	1.49e-04	1.81e-07	0.00e+00	7.67e-05	8.85e-13	1.04e-12
 3.92987e+22	8.95e-05	3.68e-02	5.50e-01	3.73e-01	3.79e-02	2.40e-03	1.24e-04	1.41e-07	0.00e+00	8.95e-05	1.07e-12	1.26e-12
 3.97454e+22	1.02e-04	3.99e-02	5.63e-01	3.59e-01	3.50e-02	2.13e-03	1.06e-04	0.00e+00	0.00e+00	1.02e-04	1.26e-12	1.47e-12
 4.02091e+22	1.19e-04	4.40e-02	5.79e-01	3.43e-01	3.18e-02	1.83e-03	8.75e-05	0.00e+00	0.00e+00	1.19e-04	1.55e-12	1.80e-12
 4.06800e+22	1.36e-04	4.77e-02	5.93e-01	3.29e-01	2.91e-02	1.61e-03	7.39e-05	0.00e+00	0.00e+00	1.36e-04	1.83e-12	2.12e-12
 4.10929e+22	1.55e-04	5.15e-02	6.05e-01	3.15e-01	2.68e-02	1.42e-03	6.28e-05	0.00e+00	0.00e+00	1.55e-04	2.15e-12	2.49e-12
 4.15625e+22	1.82e-04	5.69e-02	6.20e-01	2.98e-01	2.40e-02	1.20e-03	5.10e-05	0.00e+00	0.00e+00	1.82e-04	2.65e-12	3.05e-12
 4.20398e+22	2.07e-04	6.14e-02	6.32e-01	2.84e-01	2.19e-02	1.05e-03	4.29e-05	0.00e+00	0.00e+00	2.07e-04	3.12e-12	3.58e-12
 4.25271e+22	2.44e-04	6.78e-02	6.45e-01	2.66e-01	1.95e-02	8.82e-04	3.44e-05	0.00e+00	0.00e+00	2.44e-04	3.86e-12	4.41e-12
 4.30199e+22	2.77e-04	7.31e-02	6.56e-01	2.52e-01	1.77e-02	7.65e-04	2.87e-05	0.00e+00	0.00e+00	2.77e-04	4.56e-12	5.19e-12
 4.35197e+22	3.26e-04	8.06e-02	6.68e-01	2.35e-01	1.56e-02	6.37e-04	2.28e-05	0.00e+00	0.00e+00	3.26e-04	5.66e-12	6.39e-12
 4.40314e+22	3.71e-04	8.70e-02	6.77e-01	2.21e-01	1.40e-02	5.45e-04	1.88e-05	0.00e+00	0.00e+00	3.71e-04	6.72e-12	7.55e-12
 4.45585e+22	4.39e-04	9.61e-02	6.87e-01	2.04e-01	1.22e-02	4.47e-04	1.47e-05	0.00e+00	0.00e+00	4.39e-04	8.42e-12	9.38e-12
 4.50959e+22	5.01e-04	1.04e-01	6.94e-01	1.91e-01	1.09e-02	3.78e-04	1.19e-05	0.00e+00	0.00e+00	5.01e-04	1.01e-11	1.11e-11
 4.56465e+22	5.94e-04	1.15e-01	7.01e-01	1.74e-01	9.40e-03	3.05e-04	9.14e-06	0.00e+00	0.00e+00	5.94e-04	1.27e-11	1.39e-11
 4.62082e+22	6.77e-04	1.24e-01	7.06e-01	1.61e-01	8.29e-03	2.55e-04	7.33e-06	0.00e+00	0.00e+00	6.77e-04	1.52e-11	1.65e-11
 4.67846e+22	8.01e-04	1.36e-01	7.10e-01	1.46e-01	7.09e-03	2.03e-04	5.56e-06	0.00e+00	0.00e+00	8.01e-04	1.93e-11	2.07e-11
 4.73737e+22	9.19e-04	1.47e-01	7.12e-01	1.33e-01	6.17e-03	1.67e-04	4.37e-06	0.00e+00	0.00e+00	9.19e-04	2.34e-11	2.48e-11
 4.79796e+22	1.10e-03	1.63e-01	7.12e-01	1.18e-01	5.17e-03	1.30e-04	3.22e-06	0.00e+00	0.00e+00	1.10e-03	2.99e-11	3.13e-11
 4.85867e+22	1.25e-03	1.75e-01	7.12e-01	1.08e-01	4.50e-03	1.06e-04	2.53e-06	0.00e+00	0.00e+00	1.25e-03	3.59e-11	3.71e-11
 4.91954e+22	1.48e-03	1.92e-01	7.07e-01	9.50e-02	3.75e-03	8.18e-05	1.85e-06	0.00e+00	0.00e+00	1.48e-03	4.57e-11	4.67e-11
 4.98162e+22	1.69e-03	2.07e-01	7.03e-01	8.54e-02	3.22e-03	6.59e-05	1.43e-06	0.00e+00	0.00e+00	1.69e-03	5.51e-11	5.56e-11
 5.04526e+22	2.01e-03	2.27e-01	6.94e-01	7.41e-02	2.65e-03	4.97e-05	1.03e-06	0.00e+00	0.00e+00	2.01e-03	7.06e-11	7.03e-11
 5.11016e+22	2.30e-03	2.44e-01	6.85e-01	6.57e-02	2.25e-03	3.93e-05	7.81e-07	0.00e+00	0.00e+00	2.30e-03	8.56e-11	8.42e-11
 5.17670e+22	2.75e-03	2.69e-01	6.70e-01	5.58e-02	1.82e-03	2.89e-05	5.47e-07	0.00e+00	0.00e+00	2.75e-03	1.11e-10	1.07e-10
 5.24439e+22	3.14e-03	2.89e-01	6.58e-01	4.88e-02	1.53e-03	2.25e-05	4.10e-07	0.00e+00	0.00e+00	3.14e-03	1.34e-10	1.29e-10
 5.31358e+22	3.78e-03	3.18e-01	6.36e-01	4.05e-02	1.21e-03	1.60e-05	2.80e-07	0.00e+00	0.00e+00	3.78e-03	1.75e-10	1.65e-10
 5.38410e+22	4.32e-03	3.41e-01	6.19e-01	3.48e-02	1.01e-03	1.22e-05	2.06e-07	0.00e+00	0.00e+00	4.32e-03	2.13e-10	2.00e-10
 5.45637e+22	5.24e-03	3.76e-01	5.90e-01	2.80e-02	7.86e-04	8.35e-06	1.37e-07	0.00e+00	0.00e+00	5.24e-03	2.80e-10	2.59e-10
 5.53046e+22	6.04e-03	4.03e-01	5.67e-01	2.34e-02	6.43e-04	6.16e-06	0.00e+00	0.00e+00	0.00e+00	6.04e-03	3.44e-10	3.16e-10
 5.60691e+22	7.38e-03	4.44e-01	5.30e-01	1.82e-02	4.89e-04	4.02e-06	0.00e+00	0.00e+00	0.00e+00	7.38e-03	4.58e-10	4.15e-10
 5.68549e+22	8.62e-03	4.78e-01	4.98e-01	1.46e-02	3.90e-04	2.81e-06	0.00e+00	0.00e+00	0.00e+00	8.62e-03	5.72e-10	5.15e-10
 5.76684e+22	1.07e-02	5.26e-01	4.52e-01	1.07e-02	2.88e-04	1.72e-06	0.00e+00	0.00e+00	0.00e+00	1.07e-02	7.72e-10	6.88e-10
 5.85053e+22	1.27e-02	5.66e-01	4.13e-01	8.11e-03	2.23e-04	1.12e-06	0.00e+00	0.00e+00	0.00e+00	1.27e-02	9.81e-10	8.69e-10
 5.91513e+22	1.43e-02	5.95e-01	3.84e-01	6.56e-03	1.84e-04	8.11e-07	0.00e+00	0.00e+00	0.00e+00	1.43e-02	1.17e-09	1.03e-09
 5.97695e+22	1.69e-02	6.33e-01	3.45e-01	4.92e-03	1.44e-04	5.26e-07	0.00e+00	0.00e+00	0.00e+00	1.69e-02	1.46e-09	1.29e-09
 6.04066e+22	1.95e-02	6.65e-01	3.11e-01	3.78e-03	1.15e-04	3.56e-07	0.00e+00	0.00e+00	0.00e+00	1.95e-02	1.78e-09	1.55e-09
 6.10685e+22	2.34e-02	7.05e-01	2.69e-01	2.65e-03	8.62e-05	2.12e-07	0.00e+00	0.00e+00	0.00e+00	2.34e-02	2.28e-09	1.98e-09
 6.17493e+22	2.77e-02	7.38e-01	2.32e-01	1.89e-03	6.61e-05	1.30e-07	0.00e+00	0.00e+00	0.00e+00	2.77e-02	2.83e-09	2.46e-09
 6.23596e+22	3.27e-02	7.68e-01	1.98e-01	1.33e-03	5.04e-05	0.00e+00	0.00e+00	0.00e+00	0.00e+00	3.27e-02	3.52e-09	3.05e-09
 6.29131e+22	3.80e-02	7.91e-01	1.70e-01	9.55e-04	3.93e-05	0.00e+00	0.00e+00	0.00e+00	0.00e+00	3.80e-02	4.26e-09	3.68e-09
 6.34064e+22	4.40e-02	8.11e-01	1.44e-01	6.86e-04	3.07e-05	0.00e+00	0.00e+00	0.00e+00	0.00e+00	4.40e-02	5.14e-09	4.42e-09
 6.39662e+22	5.34e-02	8.31e-01	1.15e-01	4.40e-04	2.20e-05	0.00e+00	0.00e+00	0.00e+00	0.00e+00	5.34e-02	6.57e-09	5.63e-09
 6.45506e+22	6.50e-02	8.45e-01	8.99e-02	2.79e-04	1.56e-05	0.00e+00	0.00e+00	0.00e+00	0.00e+00	6.50e-02	8.37e-09	7.15e-09
 6.50480e+22	7.84e-02	8.51e-01	7.04e-02	1.82e-04	1.12e-05	0.00e+00	0.00e+00	0.00e+00	0.00e+00	7.84e-02	1.05e-08	8.94e-09
 6.54875e+22	9.39e-02	8.51e-01	5.48e-02	1.20e-04	8.08e-06	0.00e+00	0.00e+00	0.00e+00	0.00e+00	9.39e-02	1.30e-08	1.11e-08
 6.58985e+22	1.13e-01	8.45e-01	4.19e-02	7.90e-05	5.69e-06	0.00e+00	0.00e+00	0.00e+00	0.00e+00	1.13e-01	1.61e-08	1.37e-08
 6.62829e+22	1.36e-01	8.32e-01	3.16e-02	5.23e-05	3.95e-06	0.00e+00	0.00e+00	0.00e+00	0.00e+00	1.36e-01	1.98e-08	1.69e-08
 6.66304e+22	1.64e-01	8.13e-01	2.36e-02	3.52e-05	2.72e-06	0.00e+00	0.00e+00	0.00e+00	0.00e+00	1.64e-01	2.41e-08	2.05e-08
 6.69395e+22	1.94e-01	7.88e-01	1.78e-02	2.46e-05	1.89e-06	0.00e+00	0.00e+00	0.00e+00	0.00e+00	1.94e-01	2.87e-08	2.45e-08
 6.72204e+22	2.28e-01	7.58e-01	1.33e-02	1.75e-05	1.31e-06	0.00e+00	0.00e+00	0.00e+00	0.00e+00	2.28e-01	3.38e-08	2.88e-08
 6.74801e+22	2.67e-01	7.23e-01	1.00e-02	1.27e-05	9.00e-07	0.00e+00	0.00e+00	0.00e+00	0.00e+00	2.67e-01	3.92e-08	3.33e-08
 6.77168e+22	3.07e-01	6.85e-01	7.53e-03	9.45e-06	6.23e-07	0.00e+00	0.00e+00	0.00e+00	0.00e+00	3.07e-01	4.45e-08	3.77e-08
 6.78697e+22	3.35e-01	6.59e-01	6.30e-03	7.93e-06	4.98e-07	0.00e+00	0.00e+00	0.00e+00	0.00e+00	3.35e-01	4.76e-08	4.03e-08
 6.79337e+22	3.48e-01	6.46e-01	5.82e-03	7.34e-06	4.49e-07	0.00e+00	0.00e+00	0.00e+00	0.00e+00	3.48e-01	4.90e-08	4.15e-08
 6.79868e+22	3.59e-01	6.36e-01	5.42e-03	6.86e-06	4.10e-07	0.00e+00	0.00e+00	0.00e+00	0.00e+00	3.59e-01	5.02e-08	4.25e-08
 6.80539e+22	3.73e-01	6.22e-01	4.95e-03	6.30e-06	3.64e-07	0.00e+00	0.00e+00	0.00e+00	0.00e+00	3.73e-01	5.18e-08	4.38e-08
 6.81350e+22	3.91e-01	6.05e-01	4.43e-03	5.67e-06	3.15e-07	0.00e+00	0.00e+00	0.00e+00	0.00e+00	3.91e-01	5.36e-08	4.54e-08
 6.82179e+22	4.09e-01	5.87e-01	3.96e-03	5.13e-06	2.73e-07	0.00e+00	0.00e+00	0.00e+00	0.00e+00	4.09e-01	5.54e-08	4.68e-08
 6.82977e+22	4.27e-01	5.69e-01	3.55e-03	4.64e-06	2.37e-07	0.00e+00	0.00e+00	0.00e+00	0.00e+00	4.27e-01	5.70e-08	4.82e-08
 6.83778e+22	4.46e-01	5.51e-01	3.17e-03	4.19e-06	2.05e-07	0.00e+00	0.00e+00	0.00e+00	0.00e+00	4.46e-01	5.86e-08	4.95e-08
 6.84588e+22	4.65e-01	5.32e-01	2.82e-03	3.79e-06	1.77e-07	0.00e+00	0.00e+00	0.00e+00	0.00e+00	4.65e-01	6.01e-08	5.07e-08
 6.85430e+22	4.85e-01	5.12e-01	2.50e-03	3.42e-06	1.51e-07	0.00e+00	0.00e+00	0.00e+00	0.00e+00	4.85e-01	6.15e-08	5.19e-08
 6.86315e+22	5.06e-01	4.92e-01	2.20e-03	3.07e-06	1.28e-07	0.00e+00	0.00e+00	0.00e+00	0.00e+00	5.06e-01	6.29e-08	5.30e-08
 6.87234e+22	5.28e-01	4.70e-01	1.92e-03	2.75e-06	0.00e+00	0.00e+00	0.00e+00	0.00e+00	0.00e+00	5.28e-01	6.41e-08	5.40e-08
 6.88190e+22	5.51e-01	4.48e-01	1.67e-03	2.45e-06	0.00e+00	0.00e+00	0.00e+00	0.00e+00	0.00e+00	5.51e-01	6.52e-08	5.49e-08
 6.89180e+22	5.73e-01	4.25e-01	1.44e-03	2.18e-06	0.00e+00	0.00e+00	0.00e+00	0.00e+00	0.00e+00	5.73e-01	6.61e-08	5.56e-08
 6.90146e+22	5.95e-01	4.04e-01	1.25e-03	1.95e-06	0.00e+00	0.00e+00	0.00e+00	0.00e+00	0.00e+00	5.95e-01	6.67e-08	5.61e-08
 6.90887e+22	6.10e-01	3.89e-01	1.13e-03	1.81e-06	0.00e+00	0.00e+00	0.00e+00	0.00e+00	0.00e+00	6.10e-01	6.70e-08	5.63e-08
 6.91388e+22	6.20e-01	3.78e-01	1.05e-03	1.71e-06	0.00e+00	0.00e+00	0.00e+00	0.00e+00	0.00e+00	6.20e-01	6.71e-08	5.64e-08
 6.91877e+22	6.31e-01	3.68e-01	9.82e-04	1.62e-06	0.00e+00	0.00e+00	0.00e+00	0.00e+00	0.00e+00	6.31e-01	6.73e-08	5.65e-08
 6.92448e+22	6.42e-01	3.57e-01	9.03e-04	1.52e-06	0.00e+00	0.00e+00	0.00e+00	0.00e+00	0.00e+00	6.42e-01	6.74e-08	5.66e-08
 6.93069e+22	6.55e-01	3.44e-01	8.27e-04	1.43e-06	0.00e+00	0.00e+00	0.00e+00	0.00e+00	0.00e+00	6.55e-01	6.74e-08	5.66e-08
 6.93683e+22	6.66e-01	3.33e-01	7.58e-04	1.34e-06	0.00e+00	0.00e+00	0.00e+00	0.00e+00	0.00e+00	6.66e-01	6.74e-08	5.66e-08
 6.94287e+22	6.77e-01	3.22e-01	6.97e-04	1.26e-06	0.00e+00	0.00e+00	0.00e+00	0.00e+00	0.00e+00	6.77e-01	6.74e-08	5.65e-08
 6.94900e+22	6.88e-01	3.11e-01	6.40e-04	1.19e-06	0.00e+00	0.00e+00	0.00e+00	0.00e+00	0.00e+00	6.88e-01	6.73e-08	5.64e-08
 6.95536e+22	6.99e-01	3.01e-01	5.86e-04	1.11e-06	0.00e+00	0.00e+00	0.00e+00	0.00e+00	0.00e+00	6.99e-01	6.71e-08	5.62e-08
 6.96188e+22	7.10e-01	2.90e-01	5.36e-04	1.04e-06	0.00e+00	0.00e+00	0.00e+00	0.00e+00	0.00e+00	7.10e-01	6.69e-08	5.60e-08
 6.96836e+22	7.19e-01	2.80e-01	4.92e-04	9.85e-07	0.00e+00	0.00e+00	0.00e+00	0.00e+00	0.00e+00	7.19e-01	6.67e-08	5.58e-08
 6.97502e+22	7.30e-01	2.70e-01	4.50e-04	9.26e-07	0.00e+00	0.00e+00	0.00e+00	0.00e+00	0.00e+00	7.30e-01	6.64e-08	5.55e-08
 6.98198e+22	7.40e-01	2.60e-01	4.10e-04	8.69e-07	0.00e+00	0.00e+00	0.00e+00	0.00e+00	0.00e+00	7.40e-01	6.60e-08	5.52e-08
 6.98894e+22	7.49e-01	2.50e-01	3.75e-04	8.18e-07	0.00e+00	0.00e+00	0.00e+00	0.00e+00	0.00e+00	7.49e-01	6.57e-08	5.49e-08
 6.99599e+22	7.58e-01	2.41e-01	3.43e-04	7.70e-07	0.00e+00	0.00e+00	0.00e+00	0.00e+00	0.00e+00	7.58e-01	6.53e-08	5.46e-08
 7.00335e+22	7.67e-01	2.32e-01	3.12e-04	7.25e-07	0.00e+00	0.00e+00	0.00e+00	0.00e+00	0.00e+00	7.67e-01	6.50e-08	5.42e-08
 7.01097e+22	7.76e-01	2.23e-01	2.84e-04	6.81e-07	0.00e+00	0.00e+00	0.00e+00	0.00e+00	0.00e+00	7.76e-01	6.45e-08	5.38e-08
 7.01872e+22	7.85e-01	2.15e-01	2.59e-04	6.41e-07	0.00e+00	0.00e+00	0.00e+00	0.00e+00	0.00e+00	7.85e-01	6.41e-08	5.34e-08
 7.02661e+22	7.93e-01	2.07e-01	2.35e-04	6.03e-07	0.00e+00	0.00e+00	0.00e+00	0.00e+00	0.00e+00	7.93e-01	6.37e-08	5.30e-08
 7.03480e+22	8.01e-01	1.98e-01	2.14e-04	5.67e-07	0.00e+00	0.00e+00	0.00e+00	0.00e+00	0.00e+00	8.01e-01	6.32e-08	5.26e-08
 7.04327e+22	8.09e-01	1.91e-01	1.94e-04	5.33e-07	0.00e+00	0.00e+00	0.00e+00	0.00e+00	0.00e+00	8.09e-01	6.27e-08	5.22e-08
 7.05192e+22	8.17e-01	1.83e-01	1.76e-04	5.01e-07	0.00e+00	0.00e+00	0.00e+00	0.00e+00	0.00e+00	8.17e-01	6.22e-08	5.18e-08
 7.06078e+22	8.24e-01	1.76e-01	1.60e-04	4.72e-07	0.00e+00	0.00e+00	0.00e+00	0.00e+00	0.00e+00	8.24e-01	6.18e-08	5.13e-08
 7.06994e+22	8.31e-01	1.69e-01	1.45e-04	4.43e-07	0.00e+00	0.00e+00	0.00e+00	0.00e+00	0.00e+00	8.31e-01	6.13e-08	5.09e-08
 7.07945e+22	8.38e-01	1.62e-01	1.31e-04	4.17e-07	0.00e+00	0.00e+00	0.00e+00	0.00e+00	0.00e+00	8.38e-01	6.08e-08	5.03e-08
 7.08921e+22	8.45e-01	1.55e-01	1.19e-04	3.92e-07	0.00e+00	0.00e+00	0.00e+00	0.00e+00	0.00e+00	8.45e-01	6.02e-08	4.97e-08
 7.09920e+22	8.51e-01	1.48e-01	1.08e-04	3.68e-07	0.00e+00	0.00e+00	0.00e+00	0.00e+00	0.00e+00	8.51e-01	5.97e-08	4.91e-08
 7.10949e+22	8.58e-01	1.42e-01	9.79e-05	3.46e-07	0.00e+00	0.00e+00	0.00e+00	0.00e+00	0.00e+00	8.58e-01	5.91e-08	4.85e-08
 7.12012e+22	8.64e-01	1.36e-01	8.90e-05	3.26e-07	0.00e+00	0.00e+00	0.00e+00	0.00e+00	0.00e+00	8.64e-01	5.86e-08	4.79e-08
 7.13087e+22	8.69e-01	1.31e-01	8.11e-05	3.07e-07	0.00e+00	0.00e+00	0.00e+00	0.00e+00	0.00e+00	8.69e-01	5.82e-08	4.74e-08
 7.14172e+22	8.74e-01	1.25e-01	7.40e-05	2.89e-07	0.00e+00	0.00e+00	0.00e+00	0.00e+00	0.00e+00	8.74e-01	5.77e-08	4.68e-08
 7.15297e+22	8.80e-01	1.20e-01	6.76e-05	2.72e-07	0.00e+00	0.00e+00	0.00e+00	0.00e+00	0.00e+00	8.80e-01	5.72e-08	4.62e-08
 7.16461e+22	8.85e-01	1.15e-01	6.20e-05	2.57e-07	0.00e+00	0.00e+00	0.00e+00	0.00e+00	0.00e+00	8.85e-01	5.68e-08	4.57e-08
 7.17616e+22	8.89e-01	1.11e-01	5.71e-05	2.43e-07	0.00e+00	0.00e+00	0.00e+00	0.00e+00	0.00e+00	8.89e-01	5.64e-08	4.52e-08
 7.18768e+22	8.93e-01	1.07e-01	5.28e-05	2.29e-07	0.00e+00	0.00e+00	0.00e+00	0.00e+00	0.00e+00	8.93e-01	5.60e-08	4.47e-08
 7.19982e+22	8.98e-01	1.02e-01	4.88e-05	2.17e-07	0.00e+00	0.00e+00	0.00e+00	0.00e+00	0.00e+00	8.98e-01	5.56e-08	4.42e-08
 7.21237e+22	9.02e-01	9.84e-02	4.53e-05	2.05e-07	0.00e+00	0.00e+00	0.00e+00	0.00e+00	0.00e+00	9.02e-01	5.53e-08	4.38e-08
 7.22494e+22	9.05e-01	9.46e-02	4.22e-05	1.94e-07	0.00e+00	0.00e+00	0.00e+00	0.00e+00	0.00e+00	9.05e-01	5.50e-08	4.33e-08
 7.23780e+22	9.09e-01	9.11e-02	3.95e-05	1.83e-07	0.00e+00	0.00e+00	0.00e+00	0.00e+00	0.00e+00	9.09e-01	5.48e-08	4.29e-08
 7.25113e+22	9.12e-01	8.76e-02	3.70e-05	1.74e-07	0.00e+00	0.00e+00	0.00e+00	0.00e+00	0.00e+00	9.12e-01	5.45e-08	4.25e-08
 7.26480e+22	9.16e-01	8.42e-02	3.48e-05	1.64e-07	0.00e+00	0.00e+00	0.00e+00	0.00e+00	0.00e+00	9.16e-01	5.43e-08	4.22e-08
 7.27874e+22	9.19e-01	8.10e-02	3.28e-05	1.55e-07	0.00e+00	0.00e+00	0.00e+00	0.00e+00	0.00e+00	9.19e-01	5.41e-08	4.18e-08
 7.29310e+22	9.22e-01	7.79e-02	3.11e-05	1.47e-07	0.00e+00	0.00e+00	0.00e+00	0.00e+00	0.00e+00	9.22e-01	5.39e-08	4.14e-08
 7.30765e+22	9.25e-01	7.50e-02	2.96e-05	1.39e-07	0.00e+00	0.00e+00	0.00e+00	0.00e+00	0.00e+00	9.25e-01	5.38e-08	4.11e-08
 7.32173e+22	9.28e-01	7.24e-02	2.83e-05	1.32e-07	0.00e+00	0.00e+00	0.00e+00	0.00e+00	0.00e+00	9.28e-01	5.37e-08	4.08e-08
 7.33504e+22	9.30e-01	7.00e-02	2.72e-05	1.26e-07	0.00e+00	0.00e+00	0.00e+00	0.00e+00	0.00e+00	9.30e-01	5.35e-08	4.05e-08
 7.34747e+22	9.32e-01	6.80e-02	2.64e-05	0.00e+00	0.00e+00	0.00e+00	0.00e+00	0.00e+00	0.00e+00	9.32e-01	5.34e-08	4.03e-08
 7.35914e+22	9.34e-01	6.61e-02	2.56e-05	0.00e+00	0.00e+00	0.00e+00	0.00e+00	0.00e+00	0.00e+00	9.34e-01	5.32e-08	4.00e-08
 7.36999e+22	9.36e-01	6.45e-02	2.50e-05	0.00e+00	0.00e+00	0.00e+00	0.00e+00	0.00e+00	0.00e+00	9.36e-01	5.31e-08	3.98e-08
 7.38049e+22	9.37e-01	6.29e-02	2.45e-05	0.00e+00	0.00e+00	0.00e+00	0.00e+00	0.00e+00	0.00e+00	9.37e-01	5.31e-08	3.96e-08
 7.39102e+22	9.39e-01	6.13e-02	2.39e-05	0.00e+00	0.00e+00	0.00e+00	0.00e+00	0.00e+00	0.00e+00	9.39e-01	5.30e-08	3.94e-08
 7.40107e+22	9.40e-01	5.98e-02	2.35e-05	0.00e+00	0.00e+00	0.00e+00	0.00e+00	0.00e+00	0.00e+00	9.40e-01	5.29e-08	3.92e-08
 7.41085e+22	9.42e-01	5.84e-02	2.30e-05	0.00e+00	0.00e+00	0.00e+00	0.00e+00	0.00e+00	0.00e+00	9.42e-01	5.28e-08	3.91e-08
 7.42044e+22	9.43e-01	5.70e-02	2.27e-05	0.00e+00	0.00e+00	0.00e+00	0.00e+00	0.00e+00	0.00e+00	9.43e-01	5.27e-08	3.89e-08
 7.42950e+22	9.44e-01	5.58e-02	2.23e-05	0.00e+00	0.00e+00	0.00e+00	0.00e+00	0.00e+00	0.00e+00	9.44e-01	5.27e-08	3.88e-08
 7.43830e+22	9.45e-01	5.45e-02	2.20e-05	0.00e+00	0.00e+00	0.00e+00	0.00e+00	0.00e+00	0.00e+00	9.45e-01	5.26e-08	3.86e-08
 7.44694e+22	9.47e-01	5.33e-02	2.17e-05	0.00e+00	0.00e+00	0.00e+00	0.00e+00	0.00e+00	0.00e+00	9.47e-01	5.25e-08	3.84e-08
 7.45507e+22	9.48e-01	5.23e-02	2.15e-05	0.00e+00	0.00e+00	0.00e+00	0.00e+00	0.00e+00	0.00e+00	9.48e-01	5.25e-08	3.83e-08
 7.46298e+22	9.49e-01	5.12e-02	2.12e-05	0.00e+00	0.00e+00	0.00e+00	0.00e+00	0.00e+00	0.00e+00	9.49e-01	5.24e-08	3.82e-08
 7.47067e+22	9.50e-01	5.01e-02	2.10e-05	0.00e+00	0.00e+00	0.00e+00	0.00e+00	0.00e+00	0.00e+00	9.50e-01	5.23e-08	3.80e-08
 7.47796e+22	9.51e-01	4.92e-02	2.08e-05	0.00e+00	0.00e+00	0.00e+00	0.00e+00	0.00e+00	0.00e+00	9.51e-01	5.23e-08	3.79e-08
 7.48509e+22	9.52e-01	4.82e-02	2.06e-05	0.00e+00	0.00e+00	0.00e+00	0.00e+00	0.00e+00	0.00e+00	9.52e-01	5.22e-08	3.78e-08
 7.49205e+22	9.53e-01	4.72e-02	2.04e-05	0.00e+00	0.00e+00	0.00e+00	0.00e+00	0.00e+00	0.00e+00	9.53e-01	5.21e-08	3.76e-08
 7.49858e+22	9.54e-01	4.64e-02	2.02e-05	0.00e+00	0.00e+00	0.00e+00	0.00e+00	0.00e+00	0.00e+00	9.54e-01	5.20e-08	3.75e-08
 7.50453e+22	9.54e-01	4.56e-02	2.01e-05	0.00e+00	0.00e+00	0.00e+00	0.00e+00	0.00e+00	0.00e+00	9.54e-01	5.19e-08	3.74e-08
 7.50994e+22	9.55e-01	4.49e-02	1.99e-05	0.00e+00	0.00e+00	0.00e+00	0.00e+00	0.00e+00	0.00e+00	9.55e-01	5.19e-08	3.72e-08
 7.51487e+22	9.56e-01	4.43e-02	1.98e-05	0.00e+00	0.00e+00	0.00e+00	0.00e+00	0.00e+00	0.00e+00	9.56e-01	5.18e-08	3.71e-08
 7.51935e+22	9.56e-01	4.37e-02	1.97e-05	0.00e+00	0.00e+00	0.00e+00	0.00e+00	0.00e+00	0.00e+00	9.56e-01	5.17e-08	3.70e-08
 7.52343e+22	9.57e-01	4.32e-02	1.96e-05	0.00e+00	0.00e+00	0.00e+00	0.00e+00	0.00e+00	0.00e+00	9.57e-01	5.16e-08	3.69e-08
 7.52714e+22	9.57e-01	4.27e-02	1.95e-05	0.00e+00	0.00e+00	0.00e+00	0.00e+00	0.00e+00	0.00e+00	9.57e-01	5.15e-08	3.68e-08
 7.53121e+22	9.58e-01	4.21e-02	1.94e-05	0.00e+00	0.00e+00	0.00e+00	0.00e+00	0.00e+00	0.00e+00	9.58e-01	5.12e-08	3.67e-08
 7.53560e+22	9.58e-01	4.15e-02	1.93e-05	0.00e+00	0.00e+00	0.00e+00	0.00e+00	0.00e+00	0.00e+00	9.58e-01	5.10e-08	3.66e-08
 7.53960e+22	9.59e-01	4.10e-02	1.92e-05	0.00e+00	0.00e+00	0.00e+00	0.00e+00	0.00e+00	0.00e+00	9.59e-01	5.08e-08	3.65e-08
 7.54323e+22	9.59e-01	4.05e-02	1.91e-05	0.00e+00	0.00e+00	0.00e+00	0.00e+00	0.00e+00	0.00e+00	9.59e-01	5.06e-08	3.64e-08
 7.54654e+22	9.60e-01	4.02e-02	1.90e-05	0.00e+00	0.00e+00	0.00e+00	0.00e+00	0.00e+00	0.00e+00	9.60e-01	5.05e-08	3.63e-08
 7.55017e+22	9.60e-01	3.97e-02	1.89e-05	0.00e+00	0.00e+00	0.00e+00	0.00e+00	0.00e+00	0.00e+00	9.60e-01	5.03e-08	3.62e-08
 7.55488e+22	9.61e-01	3.90e-02	1.87e-05	0.00e+00	0.00e+00	0.00e+00	0.00e+00	0.00e+00	0.00e+00	9.61e-01	5.01e-08	3.61e-08
 7.55997e+22	9.62e-01	3.83e-02	1.86e-05	0.00e+00	0.00e+00	0.00e+00	0.00e+00	0.00e+00	0.00e+00	9.62e-01	4.99e-08	3.60e-08
 7.56460e+22	9.62e-01	3.77e-02	1.84e-05	0.00e+00	0.00e+00	0.00e+00	0.00e+00	0.00e+00	0.00e+00	9.62e-01	4.97e-08	3.59e-08
 7.56882e+22	9.63e-01	3.72e-02	1.83e-05	0.00e+00	0.00e+00	0.00e+00	0.00e+00	0.00e+00	0.00e+00	9.63e-01	4.95e-08	3.58e-08
 7.57265e+22	9.63e-01	3.69e-02	1.82e-05	0.00e+00	0.00e+00	0.00e+00	0.00e+00	0.00e+00	0.00e+00	9.63e-01	4.95e-08	3.58e-08
 7.57685e+22	9.64e-01	3.63e-02	1.80e-05	0.00e+00	0.00e+00	0.00e+00	0.00e+00	0.00e+00	0.00e+00	9.64e-01	4.94e-08	3.57e-08
 7.58232e+22	9.64e-01	3.56e-02	1.78e-05	0.00e+00	0.00e+00	0.00e+00	0.00e+00	0.00e+00	0.00e+00	9.64e-01	4.93e-08	3.56e-08
 7.58822e+22	9.65e-01	3.50e-02	1.76e-05	0.00e+00	0.00e+00	0.00e+00	0.00e+00	0.00e+00	0.00e+00	9.65e-01	4.92e-08	3.56e-08
 7.59358e+22	9.66e-01	3.44e-02	1.75e-05	0.00e+00	0.00e+00	0.00e+00	0.00e+00	0.00e+00	0.00e+00	9.66e-01	4.90e-08	3.55e-08
 7.59847e+22	9.66e-01	3.40e-02	1.73e-05	0.00e+00	0.00e+00	0.00e+00	0.00e+00	0.00e+00	0.00e+00	9.66e-01	4.89e-08	3.54e-08
 7.60291e+22	9.66e-01	3.35e-02	1.72e-05	0.00e+00	0.00e+00	0.00e+00	0.00e+00	0.00e+00	0.00e+00	9.66e-01	4.88e-08	3.54e-08
 7.60696e+22	9.67e-01	3.32e-02	1.71e-05	0.00e+00	0.00e+00	0.00e+00	0.00e+00	0.00e+00	0.00e+00	9.67e-01	4.88e-08	3.53e-08
 7.61139e+22	9.67e-01	3.27e-02	1.69e-05	0.00e+00	0.00e+00	0.00e+00	0.00e+00	0.00e+00	0.00e+00	9.67e-01	4.87e-08	3.52e-08
 7.61617e+22	9.68e-01	3.22e-02	1.67e-05	0.00e+00	0.00e+00	0.00e+00	0.00e+00	0.00e+00	0.00e+00	9.68e-01	4.85e-08	3.52e-08
 7.62053e+22	9.68e-01	3.17e-02	1.66e-05	0.00e+00	0.00e+00	0.00e+00	0.00e+00	0.00e+00	0.00e+00	9.68e-01	4.84e-08	3.50e-08
 7.62449e+22	9.69e-01	3.14e-02	1.65e-05	0.00e+00	0.00e+00	0.00e+00	0.00e+00	0.00e+00	0.00e+00	9.69e-01	4.84e-08	3.50e-08
 7.62883e+22	9.69e-01	3.10e-02	1.63e-05	0.00e+00	0.00e+00	0.00e+00	0.00e+00	0.00e+00	0.00e+00	9.69e-01	4.83e-08	3.49e-08
 7.63352e+22	9.70e-01	3.04e-02	1.61e-05	0.00e+00	0.00e+00	0.00e+00	0.00e+00	0.00e+00	0.00e+00	9.70e-01	4.82e-08	3.48e-08
 7.63778e+22	9.70e-01	3.00e-02	1.59e-05	0.00e+00	0.00e+00	0.00e+00	0.00e+00	0.00e+00	0.00e+00	9.70e-01	4.80e-08	3.47e-08
 7.64166e+22	9.70e-01	2.96e-02	1.58e-05	0.00e+00	0.00e+00	0.00e+00	0.00e+00	0.00e+00	0.00e+00	9.70e-01	4.79e-08	3.46e-08
 7.64519e+22	9.71e-01	2.94e-02	1.56e-05	0.00e+00	0.00e+00	0.00e+00	0.00e+00	0.00e+00	0.00e+00	9.71e-01	4.78e-08	3.46e-08
 7.64907e+22	9.71e-01	2.90e-02	1.55e-05	0.00e+00	0.00e+00	0.00e+00	0.00e+00	0.00e+00	0.00e+00	9.71e-01	4.78e-08	3.45e-08
 7.65410e+22	9.72e-01	2.84e-02	1.53e-05	0.00e+00	0.00e+00	0.00e+00	0.00e+00	0.00e+00	0.00e+00	9.72e-01	4.76e-08	3.44e-08
 7.65953e+22	9.72e-01	2.78e-02	1.50e-05	0.00e+00	0.00e+00	0.00e+00	0.00e+00	0.00e+00	0.00e+00	9.72e-01	4.75e-08	3.43e-08
 7.66447e+22	9.73e-01	2.74e-02	1.49e-05	0.00e+00	0.00e+00	0.00e+00	0.00e+00	0.00e+00	0.00e+00	9.73e-01	4.74e-08	3.42e-08
 7.66897e+22	9.73e-01	2.70e-02	1.47e-05	0.00e+00	0.00e+00	0.00e+00	0.00e+00	0.00e+00	0.00e+00	9.73e-01	4.73e-08	3.41e-08
 7.67306e+22	9.73e-01	2.67e-02	1.46e-05	0.00e+00	0.00e+00	0.00e+00	0.00e+00	0.00e+00	0.00e+00	9.73e-01	4.72e-08	3.40e-08
 7.67679e+22	9.74e-01	2.64e-02	1.45e-05	0.00e+00	0.00e+00	0.00e+00	0.00e+00	0.00e+00	0.00e+00	9.74e-01	4.71e-08	3.39e-08
 7.68087e+22	9.74e-01	2.60e-02	1.43e-05	0.00e+00	0.00e+00	0.00e+00	0.00e+00	0.00e+00	0.00e+00	9.74e-01	4.70e-08	3.38e-08
 7.68528e+22	9.74e-01	2.56e-02	1.42e-05	0.00e+00	0.00e+00	0.00e+00	0.00e+00	0.00e+00	0.00e+00	9.74e-01	4.69e-08	3.36e-08
 7.68929e+22	9.75e-01	2.52e-02	1.40e-05	0.00e+00	0.00e+00	0.00e+00	0.00e+00	0.00e+00	0.00e+00	9.75e-01	4.67e-08	3.35e-08
 7.69294e+22	9.75e-01	2.50e-02	1.39e-05	0.00e+00	0.00e+00	0.00e+00	0.00e+00	0.00e+00	0.00e+00	9.75e-01	4.67e-08	3.34e-08
 7.69694e+22	9.75e-01	2.46e-02	1.38e-05	0.00e+00	0.00e+00	0.00e+00	0.00e+00	0.00e+00	0.00e+00	9.75e-01	4.66e-08	3.33e-08
 7.70125e+22	9.76e-01	2.42e-02	1.37e-05	0.00e+00	0.00e+00	0.00e+00	0.00e+00	0.00e+00	0.00e+00	9.76e-01	4.64e-08	3.32e-08
 7.70518e+22	9.76e-01	2.40e-02	1.36e-05	0.00e+00	0.00e+00	0.00e+00	0.00e+00	0.00e+00	0.00e+00	9.76e-01	4.64e-08	3.31e-08
 7.70949e+22	9.76e-01	2.37e-02	1.34e-05	0.00e+00	0.00e+00	0.00e+00	0.00e+00	0.00e+00	0.00e+00	9.76e-01	4.60e-08	3.29e-08
 7.71413e+22	9.77e-01	2.33e-02	1.33e-05	0.00e+00	0.00e+00	0.00e+00	0.00e+00	0.00e+00	0.00e+00	9.77e-01	4.56e-08	3.26e-08
 7.71923e+22	9.77e-01	2.29e-02	1.31e-05	0.00e+00	0.00e+00	0.00e+00	0.00e+00	0.00e+00	0.00e+00	9.77e-01	4.52e-08	3.23e-08
 7.72472e+22	9.77e-01	2.25e-02	1.30e-05	0.00e+00	0.00e+00	0.00e+00	0.00e+00	0.00e+00	0.00e+00	9.77e-01	4.48e-08	3.21e-08
 7.72973e+22	9.78e-01	2.21e-02	1.29e-05	0.00e+00	0.00e+00	0.00e+00	0.00e+00	0.00e+00	0.00e+00	9.78e-01	4.43e-08	3.17e-08
 7.73428e+22	9.78e-01	2.19e-02	1.28e-05	0.00e+00	0.00e+00	0.00e+00	0.00e+00	0.00e+00	0.00e+00	9.78e-01	4.41e-08	3.16e-08
 7.73927e+22	9.78e-01	2.16e-02	1.26e-05	0.00e+00	0.00e+00	0.00e+00	0.00e+00	0.00e+00	0.00e+00	9.78e-01	4.37e-08	3.12e-08
 7.74465e+22	9.79e-01	2.12e-02	1.25e-05	0.00e+00	0.00e+00	0.00e+00	0.00e+00	0.00e+00	0.00e+00	9.79e-01	4.33e-08	3.08e-08
 7.74955e+22	9.79e-01	2.08e-02	1.24e-05	0.00e+00	0.00e+00	0.00e+00	0.00e+00	0.00e+00	0.00e+00	9.79e-01	4.28e-08	3.04e-08
 7.75401e+22	9.79e-01	2.07e-02	1.23e-05	0.00e+00	0.00e+00	0.00e+00	0.00e+00	0.00e+00	0.00e+00	9.79e-01	4.27e-08	3.03e-08
 7.75890e+22	9.80e-01	2.03e-02	1.21e-05	0.00e+00	0.00e+00	0.00e+00	0.00e+00	0.00e+00	0.00e+00	9.80e-01	4.24e-08	3.00e-08
 7.76418e+22	9.80e-01	2.00e-02	1.20e-05	0.00e+00	0.00e+00	0.00e+00	0.00e+00	0.00e+00	0.00e+00	9.80e-01	4.20e-08	2.96e-08
 7.76898e+22	9.80e-01	1.97e-02	1.19e-05	0.00e+00	0.00e+00	0.00e+00	0.00e+00	0.00e+00	0.00e+00	9.80e-01	4.15e-08	2.92e-08
 7.77335e+22	9.80e-01	1.95e-02	1.18e-05	0.00e+00	0.00e+00	0.00e+00	0.00e+00	0.00e+00	0.00e+00	9.80e-01	4.14e-08	2.91e-08
 7.77814e+22	9.81e-01	1.92e-02	1.17e-05	0.00e+00	0.00e+00	0.00e+00	0.00e+00	0.00e+00	0.00e+00	9.81e-01	4.11e-08	2.88e-08
 7.78436e+22	9.81e-01	1.88e-02	1.15e-05	0.00e+00	0.00e+00	0.00e+00	0.00e+00	0.00e+00	0.00e+00	9.81e-01	4.06e-08	2.84e-08
 7.79108e+22	9.82e-01	1.84e-02	1.14e-05	0.00e+00	0.00e+00	0.00e+00	0.00e+00	0.00e+00	0.00e+00	9.82e-01	4.02e-08	2.81e-08
 7.79719e+22	9.82e-01	1.81e-02	1.13e-05	0.00e+00	0.00e+00	0.00e+00	0.00e+00	0.00e+00	0.00e+00	9.82e-01	3.98e-08	2.77e-08
 7.80276e+22	9.82e-01	1.77e-02	1.12e-05	0.00e+00	0.00e+00	0.00e+00	0.00e+00	0.00e+00	0.00e+00	9.82e-01	3.92e-08	2.72e-08
 7.80782e+22	9.82e-01	1.76e-02	1.11e-05	0.00e+00	0.00e+00	0.00e+00	0.00e+00	0.00e+00	0.00e+00	9.82e-01	3.90e-08	2.70e-08
 7.81337e+22	9.83e-01	1.73e-02	1.09e-05	0.00e+00	0.00e+00	0.00e+00	0.00e+00	0.00e+00	0.00e+00	9.83e-01	3.86e-08	2.67e-08
 7.81936e+22	9.83e-01	1.69e-02	1.08e-05	0.00e+00	0.00e+00	0.00e+00	0.00e+00	0.00e+00	0.00e+00	9.83e-01	3.81e-08	2.63e-08
 7.82481e+22	9.83e-01	1.67e-02	1.07e-05	0.00e+00	0.00e+00	0.00e+00	0.00e+00	0.00e+00	0.00e+00	9.83e-01	3.79e-08	2.61e-08
 7.83079e+22	9.84e-01	1.64e-02	1.06e-05	0.00e+00	0.00e+00	0.00e+00	0.00e+00	0.00e+00	0.00e+00	9.84e-01	3.73e-08	2.56e-08
 7.83723e+22	9.84e-01	1.61e-02	1.05e-05	0.00e+00	0.00e+00	0.00e+00	0.00e+00	0.00e+00	0.00e+00	9.84e-01	3.69e-08	2.52e-08
 7.84310e+22	9.84e-01	1.58e-02	1.04e-05	0.00e+00	0.00e+00	0.00e+00	0.00e+00	0.00e+00	0.00e+00	9.84e-01	3.63e-08	2.48e-08
 7.84844e+22	9.84e-01	1.56e-02	1.03e-05	0.00e+00	0.00e+00	0.00e+00	0.00e+00	0.00e+00	0.00e+00	9.84e-01	3.62e-08	2.46e-08
 7.85429e+22	9.85e-01	1.53e-02	1.02e-05	0.00e+00	0.00e+00	0.00e+00	0.00e+00	0.00e+00	0.00e+00	9.85e-01	3.57e-08	2.42e-08
 7.86061e+22	9.85e-01	1.50e-02	1.01e-05	0.00e+00	0.00e+00	0.00e+00	0.00e+00	0.00e+00	0.00e+00	9.85e-01	3.52e-08	2.38e-08
 7.86636e+22	9.85e-01	1.48e-02	9.99e-06	0.00e+00	0.00e+00	0.00e+00	0.00e+00	0.00e+00	0.00e+00	9.85e-01	3.49e-08	2.35e-08
 7.87266e+22	9.85e-01	1.45e-02	9.87e-06	0.00e+00	0.00e+00	0.00e+00	0.00e+00	0.00e+00	0.00e+00	9.85e-01	3.44e-08	2.31e-08
 7.87946e+22	9.86e-01	1.42e-02	9.76e-06	0.00e+00	0.00e+00	0.00e+00	0.00e+00	0.00e+00	0.00e+00	9.86e-01	3.40e-08	2.27e-08
 7.88565e+22	9.86e-01	1.40e-02	9.67e-06	0.00e+00	0.00e+00	0.00e+00	0.00e+00	0.00e+00	0.00e+00	9.86e-01	3.37e-08	2.24e-08
 7.89243e+22	9.86e-01	1.37e-02	9.55e-06	0.00e+00	0.00e+00	0.00e+00	0.00e+00	0.00e+00	0.00e+00	9.86e-01	3.31e-08	2.20e-08
 7.89975e+22	9.87e-01	1.34e-02	9.44e-06	0.00e+00	0.00e+00	0.00e+00	0.00e+00	0.00e+00	0.00e+00	9.87e-01	3.26e-08	2.16e-08
 7.90641e+22	9.87e-01	1.32e-02	9.35e-06	0.00e+00	0.00e+00	0.00e+00	0.00e+00	0.00e+00	0.00e+00	9.87e-01	3.24e-08	2.14e-08
 7.91372e+22	9.87e-01	1.29e-02	9.23e-06	0.00e+00	0.00e+00	0.00e+00	0.00e+00	0.00e+00	0.00e+00	9.87e-01	3.19e-08	2.10e-08
 7.92160e+22	9.87e-01	1.26e-02	9.12e-06	0.00e+00	0.00e+00	0.00e+00	0.00e+00	0.00e+00	0.00e+00	9.87e-01	3.15e-08	2.07e-08
 7.92877e+22	9.88e-01	1.24e-02	9.02e-06	0.00e+00	0.00e+00	0.00e+00	0.00e+00	0.00e+00	0.00e+00	9.88e-01	3.12e-08	2.04e-08
 7.93530e+22	9.88e-01	1.22e-02	8.94e-06	0.00e+00	0.00e+00	0.00e+00	0.00e+00	0.00e+00	0.00e+00	9.88e-01	3.08e-08	2.01e-08
 7.94245e+22	9.88e-01	1.19e-02	8.83e-06	0.00e+00	0.00e+00	0.00e+00	0.00e+00	0.00e+00	0.00e+00	9.88e-01	3.04e-08	1.97e-08
 7.95017e+22	9.88e-01	1.16e-02	8.72e-06	0.00e+00	0.00e+00	0.00e+00	0.00e+00	0.00e+00	0.00e+00	9.88e-01	2.99e-08	1.92e-08
 7.95720e+22	9.89e-01	1.15e-02	8.64e-06	0.00e+00	0.00e+00	0.00e+00	0.00e+00	0.00e+00	0.00e+00	9.89e-01	2.97e-08	1.90e-08
 7.96489e+22	9.89e-01	1.12e-02	8.53e-06	0.00e+00	0.00e+00	0.00e+00	0.00e+00	0.00e+00	0.00e+00	9.89e-01	2.93e-08	1.86e-08
 7.97321e+22	9.89e-01	1.09e-02	8.42e-06	0.00e+00	0.00e+00	0.00e+00	0.00e+00	0.00e+00	0.00e+00	9.89e-01	2.87e-08	1.81e-08
 7.98077e+22	9.89e-01	1.08e-02	8.34e-06	0.00e+00	0.00e+00	0.00e+00	0.00e+00	0.00e+00	0.00e+00	9.89e-01	2.84e-08	1.79e-08
 7.98906e+22	9.89e-01	1.05e-02	8.23e-06	0.00e+00	0.00e+00	0.00e+00	0.00e+00	0.00e+00	0.00e+00	9.89e-01	2.80e-08	1.75e-08
 7.99801e+22	9.90e-01	1.02e-02	8.12e-06	0.00e+00	0.00e+00	0.00e+00	0.00e+00	0.00e+00	0.00e+00	9.90e-01	2.74e-08	1.71e-08
 8.00615e+22	9.90e-01	1.01e-02	8.03e-06	0.00e+00	0.00e+00	0.00e+00	0.00e+00	0.00e+00	0.00e+00	9.90e-01	2.72e-08	1.69e-08
 8.01507e+22	9.90e-01	9.81e-03	7.92e-06	0.00e+00	0.00e+00	0.00e+00	0.00e+00	0.00e+00	0.00e+00	9.90e-01	2.67e-08	1.65e-08
 8.02471e+22	9.90e-01	9.56e-03	7.81e-06	0.00e+00	0.00e+00	0.00e+00	0.00e+00	0.00e+00	0.00e+00	9.90e-01	2.63e-08	1.61e-08
 8.03347e+22	9.91e-01	9.35e-03	7.72e-06	0.00e+00	0.00e+00	0.00e+00	0.00e+00	0.00e+00	0.00e+00	9.91e-01	2.59e-08	1.58e-08
 8.04145e+22	9.91e-01	9.19e-03	7.64e-06	0.00e+00	0.00e+00	0.00e+00	0.00e+00	0.00e+00	0.00e+00	9.91e-01	2.56e-08	1.55e-08
 8.05019e+22	9.91e-01	8.97e-03	7.54e-06	0.00e+00	0.00e+00	0.00e+00	0.00e+00	0.00e+00	0.00e+00	9.91e-01	2.51e-08	1.52e-08
 8.05963e+22	9.91e-01	8.71e-03	7.44e-06	0.00e+00	0.00e+00	0.00e+00	0.00e+00	0.00e+00	0.00e+00	9.91e-01	2.46e-08	1.48e-08
 8.06821e+22	9.91e-01	8.56e-03	7.36e-06	0.00e+00	0.00e+00	0.00e+00	0.00e+00	0.00e+00	0.00e+00	9.91e-01	2.44e-08	1.46e-08
 8.07763e+22	9.92e-01	8.35e-03	7.25e-06	0.00e+00	0.00e+00	0.00e+00	0.00e+00	0.00e+00	0.00e+00	9.92e-01	2.40e-08	1.43e-08
 8.08778e+22	9.92e-01	8.10e-03	7.16e-06	0.00e+00	0.00e+00	0.00e+00	0.00e+00	0.00e+00	0.00e+00	9.92e-01	2.35e-08	1.39e-08
 8.09703e+22	9.92e-01	7.95e-03	7.07e-06	0.00e+00	0.00e+00	0.00e+00	0.00e+00	0.00e+00	0.00e+00	9.92e-01	2.32e-08	1.36e-08
 8.10716e+22	9.92e-01	7.73e-03	6.97e-06	0.00e+00	0.00e+00	0.00e+00	0.00e+00	0.00e+00	0.00e+00	9.92e-01	2.28e-08	1.33e-08
 8.11810e+22	9.92e-01	7.52e-03	6.87e-06	0.00e+00	0.00e+00	0.00e+00	0.00e+00	0.00e+00	0.00e+00	9.92e-01	2.25e-08	1.30e-08
 8.12805e+22	9.93e-01	7.34e-03	6.78e-06	0.00e+00	0.00e+00	0.00e+00	0.00e+00	0.00e+00	0.00e+00	9.93e-01	2.21e-08	1.27e-08
 8.13710e+22	9.93e-01	7.19e-03	6.71e-06	0.00e+00	0.00e+00	0.00e+00	0.00e+00	0.00e+00	0.00e+00	9.93e-01	2.18e-08	1.25e-08
 8.14703e+22	9.93e-01	7.01e-03	6.61e-06	0.00e+00	0.00e+00	0.00e+00	0.00e+00	0.00e+00	0.00e+00	9.93e-01	2.14e-08	1.22e-08
 8.15774e+22	9.93e-01	6.80e-03	6.52e-06	0.00e+00	0.00e+00	0.00e+00	0.00e+00	0.00e+00	0.00e+00	9.93e-01	2.10e-08	1.18e-08
 8.16749e+22	9.93e-01	6.66e-03	6.44e-06	0.00e+00	0.00e+00	0.00e+00	0.00e+00	0.00e+00	0.00e+00	9.93e-01	2.08e-08	1.16e-08
 8.17818e+22	9.94e-01	6.48e-03	6.35e-06	0.00e+00	0.00e+00	0.00e+00	0.00e+00	0.00e+00	0.00e+00	9.94e-01	2.04e-08	1.13e-08
 8.18971e+22	9.94e-01	6.30e-03	6.26e-06	0.00e+00	0.00e+00	0.00e+00	0.00e+00	0.00e+00	0.00e+00	9.94e-01	2.00e-08	1.10e-08
 8.20021e+22	9.94e-01	6.15e-03	6.18e-06	0.00e+00	0.00e+00	0.00e+00	0.00e+00	0.00e+00	0.00e+00	9.94e-01	1.97e-08	1.08e-08
 8.21171e+22	9.94e-01	5.98e-03	6.08e-06	0.00e+00	0.00e+00	0.00e+00	0.00e+00	0.00e+00	0.00e+00	9.94e-01	1.93e-08	1.05e-08
 8.22412e+22	9.94e-01	5.80e-03	5.99e-06	0.00e+00	0.00e+00	0.00e+00	0.00e+00	0.00e+00	0.00e+00	9.94e-01	1.90e-08	1.02e-08
 8.23542e+22	9.94e-01	5.65e-03	5.91e-06	0.00e+00	0.00e+00	0.00e+00	0.00e+00	0.00e+00	0.00e+00	9.94e-01	1.86e-08	9.92e-09
 8.24570e+22	9.94e-01	5.53e-03	5.84e-06	0.00e+00	0.00e+00	0.00e+00	0.00e+00	0.00e+00	0.00e+00	9.94e-01	1.84e-08	9.71e-09
 8.25697e+22	9.95e-01	5.38e-03	5.75e-06	0.00e+00	0.00e+00	0.00e+00	0.00e+00	0.00e+00	0.00e+00	9.95e-01	1.81e-08	9.45e-09
 8.26914e+22	9.95e-01	5.22e-03	5.66e-06	0.00e+00	0.00e+00	0.00e+00	0.00e+00	0.00e+00	0.00e+00	9.95e-01	1.77e-08	9.18e-09
 8.28020e+22	9.95e-01	5.09e-03	5.59e-06	0.00e+00	0.00e+00	0.00e+00	0.00e+00	0.00e+00	0.00e+00	9.95e-01	1.74e-08	8.93e-09
 8.29233e+22	9.95e-01	4.94e-03	5.50e-06	0.00e+00	0.00e+00	0.00e+00	0.00e+00	0.00e+00	0.00e+00	9.95e-01	1.71e-08	8.68e-09
 8.30543e+22	9.95e-01	4.72e-03	5.41e-06	0.00e+00	0.00e+00	0.00e+00	0.00e+00	0.00e+00	0.00e+00	9.95e-01	1.67e-08	8.41e-09
 8.31978e+22	9.96e-01	4.39e-03	5.30e-06	0.00e+00	0.00e+00	0.00e+00	0.00e+00	0.00e+00	0.00e+00	9.96e-01	1.63e-08	8.07e-09
 8.33704e+22	9.96e-01	4.09e-03	5.19e-06	0.00e+00	0.00e+00	0.00e+00	0.00e+00	0.00e+00	0.00e+00	9.96e-01	1.58e-08	7.70e-09
 8.35532e+22	9.96e-01	3.87e-03	5.07e-06	0.00e+00	0.00e+00	0.00e+00	0.00e+00	0.00e+00	0.00e+00	9.96e-01	1.54e-08	7.34e-09
 8.37366e+22	9.96e-01	3.65e-03	4.96e-06	0.00e+00	0.00e+00	0.00e+00	0.00e+00	0.00e+00	0.00e+00	9.96e-01	1.49e-08	6.99e-09
 8.39223e+22	9.97e-01	3.44e-03	4.85e-06	0.00e+00	0.00e+00	0.00e+00	0.00e+00	0.00e+00	0.00e+00	9.97e-01	1.44e-08	6.65e-09
 8.41109e+22	9.97e-01	3.23e-03	4.74e-06	0.00e+00	0.00e+00	0.00e+00	0.00e+00	0.00e+00	0.00e+00	9.97e-01	1.40e-08	6.32e-09
 8.43024e+22	9.97e-01	3.04e-03	4.63e-06	0.00e+00	0.00e+00	0.00e+00	0.00e+00	0.00e+00	0.00e+00	9.97e-01	1.36e-08	6.00e-09
 8.44960e+22	9.97e-01	2.85e-03	4.53e-06	0.00e+00	0.00e+00	0.00e+00	0.00e+00	0.00e+00	0.00e+00	9.97e-01	1.31e-08	5.68e-09
 8.46920e+22	9.97e-01	2.67e-03	4.42e-06	0.00e+00	0.00e+00	0.00e+00	0.00e+00	0.00e+00	0.00e+00	9.97e-01	1.27e-08	5.38e-09
 8.48902e+22	9.98e-01	2.49e-03	4.32e-06	0.00e+00	0.00e+00	0.00e+00	0.00e+00	0.00e+00	0.00e+00	9.98e-01	1.22e-08	5.09e-09
 8.50906e+22	9.98e-01	2.33e-03	4.22e-06	0.00e+00	0.00e+00	0.00e+00	0.00e+00	0.00e+00	0.00e+00	9.98e-01	1.18e-08	4.81e-09
 8.52932e+22	9.98e-01	2.17e-03	4.12e-06	0.00e+00	0.00e+00	0.00e+00	0.00e+00	0.00e+00	0.00e+00	9.98e-01	1.13e-08	4.55e-09
 8.54977e+22	9.98e-01	2.02e-03	4.02e-06	0.00e+00	0.00e+00	0.00e+00	0.00e+00	0.00e+00	0.00e+00	9.98e-01	1.09e-08	4.29e-09
 8.57043e+22	9.98e-01	1.87e-03	3.92e-06	0.00e+00	0.00e+00	0.00e+00	0.00e+00	0.00e+00	0.00e+00	9.98e-01	1.05e-08	4.03e-09
 8.59129e+22	9.98e-01	1.73e-03	3.83e-06	0.00e+00	0.00e+00	0.00e+00	0.00e+00	0.00e+00	0.00e+00	9.98e-01	1.01e-08	3.79e-09
 8.61231e+22	9.98e-01	1.60e-03	3.74e-06	0.00e+00	0.00e+00	0.00e+00	0.00e+00	0.00e+00	0.00e+00	9.98e-01	9.63e-09	3.55e-09
 8.63349e+22	9.99e-01	1.48e-03	3.64e-06	0.00e+00	0.00e+00	0.00e+00	0.00e+00	0.00e+00	0.00e+00	9.99e-01	9.22e-09	3.32e-09
 8.65483e+22	9.99e-01	1.36e-03	3.56e-06	0.00e+00	0.00e+00	0.00e+00	0.00e+00	0.00e+00	0.00e+00	9.99e-01	8.81e-09	3.11e-09
 8.67637e+22	9.99e-01	1.25e-03	3.47e-06	0.00e+00	0.00e+00	0.00e+00	0.00e+00	0.00e+00	0.00e+00	9.99e-01	8.40e-09	2.90e-09
 8.69811e+22	9.99e-01	1.15e-03	3.38e-06	0.00e+00	0.00e+00	0.00e+00	0.00e+00	0.00e+00	0.00e+00	9.99e-01	8.00e-09	2.69e-09
 8.72002e+22	9.99e-01	1.05e-03	3.30e-06	0.00e+00	0.00e+00	0.00e+00	0.00e+00	0.00e+00	0.00e+00	9.99e-01	7.61e-09	2.50e-09
