#depth	Ar	Ar+	Ar+2	Ar+3	Ar+4	Ar+5	Ar+6	Ar+7	Ar+8	Ar+9	Ar+10	Ar+11	Ar+12	Ar+13	Ar+14	Ar+15	Ar+16	Ar+17	Ar+18
 4.62852e+21	0.00e+00	0.00e+00	0.00e+00	0.00e+00	0.00e+00	0.00e+00	2.32e-26	6.27e-23	2.44e-19	2.64e-16	1.28e-13	2.75e-11	3.64e-09	2.34e-07	9.32e-06	3.73e-04	2.53e-02	2.39e-01	7.35e-01
 1.05514e+22	0.00e+00	0.00e+00	0.00e+00	0.00e+00	0.00e+00	2.13e-28	6.48e-25	1.24e-21	8.36e-18	6.18e-15	2.06e-12	3.05e-10	2.80e-08	1.25e-06	3.47e-05	9.71e-04	4.61e-02	3.03e-01	6.50e-01
 1.27154e+22	0.00e+00	0.00e+00	0.00e+00	0.00e+00	1.07e-30	4.53e-27	1.09e-23	1.65e-20	8.68e-17	4.99e-14	1.30e-11	1.50e-09	1.07e-07	3.74e-06	8.18e-05	1.80e-03	6.72e-02	3.47e-01	5.84e-01
 1.42808e+22	0.00e+00	0.00e+00	0.00e+00	0.00e+00	7.07e-30	2.49e-26	4.99e-23	1.30e-19	5.57e-16	2.62e-13	5.58e-11	5.29e-09	3.10e-07	8.90e-06	1.60e-04	2.91e-03	8.96e-02	3.81e-01	5.27e-01
 1.51505e+22	0.00e+00	0.00e+00	0.00e+00	0.00e+00	1.37e-29	4.59e-26	8.78e-23	2.17e-19	8.88e-16	3.97e-13	8.04e-11	7.25e-09	4.04e-07	1.11e-05	1.89e-04	3.27e-03	9.61e-02	3.89e-01	5.12e-01
 1.54317e+22	0.00e+00	0.00e+00	0.00e+00	0.00e+00	2.04e-29	6.66e-26	1.24e-22	2.98e-19	1.18e-15	5.12e-13	1.00e-10	8.78e-09	4.75e-07	1.26e-05	2.10e-04	3.52e-03	1.00e-01	3.93e-01	5.03e-01
 1.56783e+22	0.00e+00	0.00e+00	0.00e+00	4.29e-33	3.43e-29	1.08e-25	1.93e-22	4.48e-19	1.71e-15	7.11e-13	1.34e-10	1.13e-08	5.85e-07	1.49e-05	2.39e-04	3.86e-03	1.06e-01	3.99e-01	4.91e-01
 1.59341e+22	0.00e+00	0.00e+00	0.00e+00	6.88e-33	5.33e-29	1.62e-25	2.82e-22	6.31e-19	2.33e-15	9.38e-13	1.71e-10	1.39e-08	6.99e-07	1.73e-05	2.67e-04	4.17e-03	1.11e-01	4.04e-01	4.81e-01
 1.62020e+22	0.00e+00	0.00e+00	0.00e+00	1.25e-32	9.30e-29	2.72e-25	4.53e-22	9.73e-19	3.44e-15	1.33e-12	2.33e-10	1.82e-08	8.75e-07	2.07e-05	3.07e-04	4.60e-03	1.17e-01	4.10e-01	4.68e-01
 1.64736e+22	0.00e+00	0.00e+00	0.00e+00	2.08e-32	1.49e-28	4.22e-25	6.79e-22	1.41e-18	4.81e-15	1.79e-12	3.03e-10	2.28e-08	1.06e-06	2.42e-05	3.46e-04	5.00e-03	1.23e-01	4.15e-01	4.56e-01
 1.67105e+22	0.00e+00	0.00e+00	0.00e+00	3.34e-32	2.32e-28	6.36e-25	9.90e-22	1.99e-18	6.56e-15	2.37e-12	3.87e-10	2.81e-08	1.27e-06	2.79e-05	3.87e-04	5.41e-03	1.29e-01	4.20e-01	4.46e-01
 1.69389e+22	0.00e+00	0.00e+00	0.00e+00	5.29e-32	3.57e-28	9.46e-25	1.43e-21	2.77e-18	8.87e-15	3.10e-12	4.90e-10	3.45e-08	1.50e-06	3.21e-05	4.30e-04	5.82e-03	1.34e-01	4.24e-01	4.36e-01
 1.71961e+22	0.00e+00	0.00e+00	0.00e+00	9.11e-32	5.92e-28	1.51e-24	2.20e-21	4.11e-18	1.27e-14	4.26e-12	6.48e-10	4.39e-08	1.84e-06	3.79e-05	4.88e-04	6.36e-03	1.41e-01	4.28e-01	4.24e-01
 1.74652e+22	0.00e+00	0.00e+00	0.00e+00	1.56e-31	9.75e-28	2.40e-24	3.36e-21	6.04e-18	1.80e-14	5.83e-12	8.54e-10	5.58e-08	2.25e-06	4.46e-05	5.53e-04	6.93e-03	1.48e-01	4.33e-01	4.12e-01
 1.76975e+22	0.00e+00	0.00e+00	0.00e+00	2.43e-31	1.47e-27	3.52e-24	4.78e-21	8.33e-18	2.40e-14	7.55e-12	1.07e-09	6.79e-08	2.65e-06	5.09e-05	6.12e-04	7.43e-03	1.54e-01	4.36e-01	4.02e-01
 1.79473e+22	0.00e+00	0.00e+00	0.00e+00	4.20e-31	2.46e-27	5.65e-24	7.38e-21	1.24e-17	3.44e-14	1.04e-11	1.42e-09	8.66e-08	3.26e-06	6.01e-05	6.95e-04	8.11e-03	1.61e-01	4.40e-01	3.90e-01
 1.82119e+22	0.00e+00	0.00e+00	0.00e+00	7.07e-31	3.99e-27	8.83e-24	1.11e-20	1.79e-17	4.82e-14	1.41e-11	1.86e-09	1.09e-07	3.96e-06	7.04e-05	7.83e-04	8.80e-03	1.69e-01	4.43e-01	3.78e-01
 1.84405e+22	0.00e+00	0.00e+00	0.00e+00	1.11e-30	6.06e-27	1.30e-23	1.59e-20	2.48e-17	6.46e-14	1.83e-11	2.34e-09	1.33e-07	4.68e-06	8.06e-05	8.67e-04	9.44e-03	1.75e-01	4.46e-01	3.69e-01
 1.86823e+22	0.00e+00	0.00e+00	0.00e+00	1.91e-30	1.00e-26	2.07e-23	2.43e-20	3.65e-17	9.18e-14	2.51e-11	3.09e-09	1.69e-07	5.72e-06	9.48e-05	9.81e-04	1.03e-02	1.84e-01	4.48e-01	3.57e-01
 1.89335e+22	0.00e+00	0.00e+00	0.00e+00	3.09e-30	1.57e-26	3.14e-23	3.55e-20	5.14e-17	1.25e-13	3.32e-11	3.95e-09	2.09e-07	6.85e-06	1.10e-04	1.10e-03	1.11e-02	1.91e-01	4.51e-01	3.46e-01
 1.91591e+22	0.00e+00	0.00e+00	0.00e+00	4.89e-30	2.41e-26	4.65e-23	5.09e-20	7.13e-17	1.69e-13	4.33e-11	5.00e-09	2.56e-07	8.12e-06	1.26e-04	1.22e-03	1.19e-02	1.98e-01	4.52e-01	3.36e-01
 1.94144e+22	0.00e+00	0.00e+00	0.00e+00	8.83e-30	4.16e-26	7.68e-23	8.05e-20	1.08e-16	2.46e-13	6.08e-11	6.75e-09	3.32e-07	1.01e-05	1.50e-04	1.39e-03	1.30e-02	2.08e-01	4.54e-01	3.23e-01
 1.96729e+22	0.00e+00	0.00e+00	0.00e+00	1.42e-29	6.47e-26	1.16e-22	1.17e-19	1.51e-16	3.35e-13	8.00e-11	8.60e-09	4.09e-07	1.21e-05	1.73e-04	1.54e-03	1.40e-02	2.16e-01	4.56e-01	3.13e-01
 1.98952e+22	0.00e+00	0.00e+00	3.27e-33	2.26e-29	9.96e-26	1.72e-22	1.68e-19	2.09e-16	4.51e-13	1.05e-10	1.09e-08	5.02e-07	1.43e-05	1.99e-04	1.71e-03	1.50e-02	2.24e-01	4.56e-01	3.03e-01
 2.01065e+22	0.00e+00	0.00e+00	5.25e-33	3.52e-29	1.50e-25	2.50e-22	2.37e-19	2.86e-16	5.99e-13	1.35e-10	1.36e-08	6.11e-07	1.69e-05	2.27e-04	1.89e-03	1.60e-02	2.32e-01	4.57e-01	2.93e-01
 2.03437e+22	0.00e+00	0.00e+00	9.37e-33	6.05e-29	2.48e-25	3.96e-22	3.60e-19	4.16e-16	8.45e-13	1.84e-10	1.79e-08	7.74e-07	2.06e-05	2.67e-04	2.14e-03	1.73e-02	2.41e-01	4.57e-01	2.82e-01
 2.05897e+22	0.00e+00	0.00e+00	1.55e-32	9.69e-29	3.83e-25	5.93e-22	5.19e-19	5.79e-16	1.14e-12	2.41e-10	2.28e-08	9.51e-07	2.46e-05	3.07e-04	2.37e-03	1.86e-02	2.50e-01	4.57e-01	2.72e-01
 2.08118e+22	0.00e+00	0.00e+00	2.59e-32	1.56e-28	5.96e-25	8.88e-22	7.50e-19	8.05e-16	1.54e-12	3.17e-10	2.90e-08	1.17e-06	2.93e-05	3.54e-04	2.64e-03	1.99e-02	2.59e-01	4.56e-01	2.62e-01
 2.10291e+22	0.00e+00	0.00e+00	4.25e-32	2.48e-28	9.14e-25	1.31e-21	1.07e-18	1.11e-15	2.07e-12	4.12e-10	3.67e-08	1.44e-06	3.48e-05	4.06e-04	2.92e-03	2.13e-02	2.67e-01	4.55e-01	2.53e-01
 2.12366e+22	0.00e+00	0.00e+00	6.76e-32	3.83e-28	1.36e-24	1.89e-21	1.49e-18	1.49e-15	2.72e-12	5.28e-10	4.56e-08	1.73e-06	4.08e-05	4.62e-04	3.21e-03	2.26e-02	2.75e-01	4.54e-01	2.44e-01
 2.14677e+22	0.00e+00	0.00e+00	1.21e-31	6.60e-28	2.25e-24	3.00e-21	2.26e-18	2.16e-15	3.83e-12	7.19e-10	6.00e-08	2.20e-06	4.99e-05	5.43e-04	3.61e-03	2.45e-02	2.86e-01	4.52e-01	2.33e-01
 2.17017e+22	0.00e+00	0.00e+00	1.97e-31	1.04e-27	3.42e-24	4.40e-21	3.20e-18	2.95e-15	5.09e-12	9.30e-10	7.54e-08	2.68e-06	5.89e-05	6.20e-04	3.99e-03	2.61e-02	2.94e-01	4.50e-01	2.25e-01
 2.19069e+22	0.00e+00	0.00e+00	3.20e-31	1.63e-27	5.18e-24	6.42e-21	4.50e-18	4.00e-15	6.75e-12	1.20e-09	9.46e-08	3.26e-06	6.96e-05	7.08e-04	4.40e-03	2.77e-02	3.03e-01	4.48e-01	2.16e-01
 2.21097e+22	0.00e+00	0.00e+00	5.12e-31	2.52e-27	7.76e-24	9.28e-21	6.28e-18	5.39e-15	8.88e-12	1.54e-09	1.18e-07	3.94e-06	8.17e-05	8.06e-04	4.83e-03	2.95e-02	3.12e-01	4.45e-01	2.08e-01
 2.23419e+22	0.00e+00	0.00e+00	9.20e-31	4.35e-27	1.28e-23	1.47e-20	9.50e-18	7.80e-15	1.25e-11	2.09e-09	1.55e-07	5.00e-06	9.98e-05	9.46e-04	5.43e-03	3.17e-02	3.22e-01	4.42e-01	1.97e-01
 2.25737e+22	0.00e+00	0.00e+00	1.52e-30	6.94e-27	1.97e-23	2.17e-20	1.35e-17	1.06e-14	1.66e-11	2.72e-09	1.96e-07	6.12e-06	1.19e-04	1.09e-03	6.01e-03	3.38e-02	3.32e-01	4.38e-01	1.89e-01
 2.27672e+22	0.00e+00	0.00e+00	2.36e-30	1.05e-26	2.87e-23	3.06e-20	1.84e-17	1.40e-14	2.15e-11	3.43e-09	2.41e-07	7.31e-06	1.38e-04	1.22e-03	6.55e-03	3.57e-02	3.40e-01	4.35e-01	1.82e-01
 2.29812e+22	0.00e+00	0.00e+00	4.14e-30	1.76e-26	4.63e-23	4.72e-20	2.72e-17	1.98e-14	2.96e-11	4.60e-09	3.12e-07	9.17e-06	1.67e-04	1.43e-03	7.32e-03	3.83e-02	3.50e-01	4.30e-01	1.73e-01
 2.32003e+22	0.00e+00	0.00e+00	6.61e-30	2.72e-26	6.91e-23	6.80e-20	3.77e-17	2.65e-14	3.88e-11	5.87e-09	3.88e-07	1.11e-05	1.95e-04	1.62e-03	8.02e-03	4.05e-02	3.58e-01	4.26e-01	1.65e-01
 2.34261e+22	0.00e+00	0.00e+00	1.19e-29	4.69e-26	1.14e-22	1.07e-19	5.68e-17	3.81e-14	5.44e-11	7.97e-09	5.09e-07	1.40e-05	2.38e-04	1.89e-03	8.98e-03	4.34e-02	3.69e-01	4.20e-01	1.56e-01
 2.36547e+22	0.00e+00	0.00e+00	1.98e-29	7.52e-26	1.76e-22	1.58e-19	8.06e-17	5.19e-14	7.26e-11	1.04e-08	6.44e-07	1.71e-05	2.83e-04	2.17e-03	9.91e-03	4.61e-02	3.78e-01	4.15e-01	1.49e-01
 2.38499e+22	0.00e+00	0.00e+00	3.11e-29	1.15e-25	2.58e-22	2.25e-19	1.10e-16	6.87e-14	9.40e-11	1.31e-08	7.94e-07	2.05e-05	3.30e-04	2.45e-03	1.08e-02	4.86e-02	3.86e-01	4.10e-01	1.42e-01
 2.40668e+22	0.00e+00	0.00e+00	5.43e-29	1.92e-25	4.15e-22	3.45e-19	1.62e-16	9.63e-14	1.29e-10	1.75e-08	1.03e-06	2.57e-05	3.97e-04	2.84e-03	1.20e-02	5.18e-02	3.96e-01	4.03e-01	1.34e-01
 2.42892e+22	0.00e+00	0.00e+00	8.83e-29	3.02e-25	6.28e-22	5.03e-19	2.27e-16	1.30e-13	1.70e-10	2.25e-08	1.28e-06	3.11e-05	4.68e-04	3.23e-03	1.32e-02	5.48e-02	4.04e-01	3.97e-01	1.28e-01
 2.44854e+22	0.00e+00	0.00e+00	1.42e-28	4.69e-25	9.40e-22	7.25e-19	3.14e-16	1.73e-13	2.23e-10	2.88e-08	1.60e-06	3.76e-05	5.49e-04	3.67e-03	1.44e-02	5.78e-02	4.12e-01	3.91e-01	1.21e-01
 2.46732e+22	0.00e+00	0.00e+00	2.22e-28	7.08e-25	1.37e-21	1.02e-18	4.27e-16	2.26e-13	2.86e-10	3.63e-08	1.96e-06	4.49e-05	6.36e-04	4.12e-03	1.56e-02	6.06e-02	4.19e-01	3.85e-01	1.16e-01
 2.48837e+22	0.00e+00	0.00e+00	3.82e-28	1.17e-24	2.18e-21	1.55e-18	6.20e-16	3.14e-13	3.89e-10	4.80e-08	2.52e-06	5.57e-05	7.63e-04	4.75e-03	1.73e-02	6.43e-02	4.27e-01	3.77e-01	1.09e-01
 2.51023e+22	0.00e+00	0.00e+00	6.26e-28	1.85e-24	3.30e-21	2.26e-18	8.67e-16	4.21e-13	5.13e-10	6.18e-08	3.16e-06	6.76e-05	8.98e-04	5.40e-03	1.89e-02	6.77e-02	4.35e-01	3.69e-01	1.03e-01
 2.52958e+22	0.00e+00	0.00e+00	9.95e-28	2.84e-24	4.89e-21	3.22e-18	1.19e-15	5.55e-13	6.65e-10	7.84e-08	3.90e-06	8.11e-05	1.05e-03	6.09e-03	2.06e-02	7.11e-02	4.41e-01	3.62e-01	9.75e-02
 2.55119e+22	0.00e+00	1.43e-33	1.75e-27	4.81e-24	7.89e-21	4.96e-18	1.75e-15	7.78e-13	9.14e-10	1.05e-07	5.05e-06	1.01e-04	1.26e-03	7.05e-03	2.28e-02	7.53e-02	4.49e-01	3.53e-01	9.11e-02
 2.57310e+22	0.00e+00	2.39e-33	2.85e-27	7.53e-24	1.19e-20	7.18e-18	2.43e-15	1.04e-12	1.20e-09	1.34e-07	6.31e-06	1.23e-04	1.48e-03	7.99e-03	2.48e-02	7.91e-02	4.55e-01	3.45e-01	8.59e-02
 2.59209e+22	0.00e+00	3.90e-33	4.52e-27	1.15e-23	1.76e-20	1.02e-17	3.31e-15	1.36e-12	1.55e-09	1.70e-07	7.78e-06	1.47e-04	1.72e-03	8.99e-03	2.70e-02	8.27e-02	4.61e-01	3.38e-01	8.11e-02
 2.61348e+22	0.00e+00	7.04e-33	7.90e-27	1.94e-23	2.81e-20	1.56e-17	4.83e-15	1.89e-12	2.11e-09	2.26e-07	1.00e-05	1.83e-04	2.07e-03	1.03e-02	2.97e-02	8.72e-02	4.67e-01	3.28e-01	7.55e-02
 2.63589e+22	0.00e+00	1.23e-32	1.34e-26	3.14e-23	4.37e-20	2.31e-17	6.85e-15	2.56e-12	2.82e-09	2.95e-07	1.27e-05	2.24e-04	2.45e-03	1.18e-02	3.25e-02	9.16e-02	4.72e-01	3.19e-01	7.05e-02
 2.65586e+22	0.00e+00	2.00e-32	2.12e-26	4.82e-23	6.46e-20	3.29e-17	9.36e-15	3.36e-12	3.65e-09	3.74e-07	1.57e-05	2.68e-04	2.85e-03	1.33e-02	3.52e-02	9.55e-02	4.76e-01	3.10e-01	6.63e-02
 2.67507e+22	0.00e+00	3.24e-32	3.35e-26	7.35e-23	9.49e-20	4.65e-17	1.27e-14	4.39e-12	4.70e-09	4.71e-07	1.93e-05	3.20e-04	3.30e-03	1.48e-02	3.79e-02	9.94e-02	4.80e-01	3.02e-01	6.23e-02
 2.69385e+22	0.00e+00	5.20e-32	5.23e-26	1.11e-22	1.38e-19	6.51e-17	1.71e-14	5.68e-12	6.01e-09	5.90e-07	2.35e-05	3.80e-04	3.80e-03	1.66e-02	4.09e-02	1.03e-01	4.83e-01	2.93e-01	5.86e-02
 2.71223e+22	0.00e+00	8.45e-32	8.28e-26	1.69e-22	2.03e-19	9.17e-17	2.31e-14	7.36e-12	7.70e-09	7.43e-07	2.89e-05	4.53e-04	4.41e-03	1.86e-02	4.41e-02	1.07e-01	4.86e-01	2.85e-01	5.49e-02
 2.73020e+22	0.00e+00	1.34e-31	1.28e-25	2.53e-22	2.91e-19	1.27e-16	3.08e-14	9.43e-12	9.76e-09	9.24e-07	3.52e-05	5.35e-04	5.06e-03	2.06e-02	4.73e-02	1.11e-01	4.87e-01	2.76e-01	5.15e-02
 2.75049e+22	0.00e+00	2.37e-31	2.20e-25	4.16e-22	4.59e-19	1.91e-16	4.40e-14	1.28e-11	1.31e-08	1.21e-06	4.48e-05	6.57e-04	6.00e-03	2.35e-02	5.15e-02	1.16e-01	4.89e-01	2.66e-01	4.75e-02
 2.76979e+22	0.00e+00	3.62e-31	3.28e-25	6.02e-22	6.41e-19	2.57e-16	5.73e-14	1.61e-11	1.63e-08	1.48e-06	5.35e-05	7.65e-04	6.81e-03	2.58e-02	5.49e-02	1.19e-01	4.90e-01	2.58e-01	4.47e-02
 2.78518e+22	0.00e+00	5.44e-31	4.82e-25	8.57e-22	8.82e-19	3.42e-16	7.34e-14	1.99e-11	2.00e-08	1.80e-06	6.35e-05	8.86e-04	7.69e-03	2.83e-02	5.82e-02	1.23e-01	4.90e-01	2.50e-01	4.21e-02
 2.79919e+22	0.00e+00	7.77e-31	6.75e-25	1.17e-21	1.17e-18	4.39e-16	9.12e-14	2.40e-11	2.40e-08	2.12e-06	7.38e-05	1.01e-03	8.54e-03	3.07e-02	6.13e-02	1.26e-01	4.89e-01	2.43e-01	3.99e-02
 2.81200e+22	0.00e+00	1.07e-30	9.16e-25	1.55e-21	1.51e-18	5.51e-16	1.11e-13	2.85e-11	2.83e-08	2.47e-06	8.45e-05	1.13e-03	9.39e-03	3.29e-02	6.42e-02	1.28e-01	4.89e-01	2.37e-01	3.80e-02
 2.82664e+22	0.00e+00	1.64e-30	1.37e-24	2.24e-21	2.10e-18	7.41e-16	1.44e-13	3.55e-11	3.51e-08	3.02e-06	1.01e-04	1.31e-03	1.06e-02	3.62e-02	6.81e-02	1.32e-01	4.87e-01	2.29e-01	3.55e-02
 2.84175e+22	0.00e+00	2.37e-30	1.94e-24	3.08e-21	2.80e-18	9.57e-16	1.80e-13	4.29e-11	4.22e-08	3.58e-06	1.18e-04	1.49e-03	1.18e-02	3.91e-02	7.17e-02	1.35e-01	4.86e-01	2.22e-01	3.35e-02
 2.85460e+22	0.00e+00	3.32e-30	2.67e-24	4.13e-21	3.65e-18	1.21e-15	2.20e-13	5.10e-11	5.00e-08	4.19e-06	1.35e-04	1.68e-03	1.30e-02	4.21e-02	7.50e-02	1.37e-01	4.84e-01	2.16e-01	3.17e-02
 2.86643e+22	0.00e+00	4.45e-30	3.53e-24	5.33e-21	4.60e-18	1.48e-15	2.64e-13	5.94e-11	5.80e-08	4.81e-06	1.53e-04	1.87e-03	1.42e-02	4.48e-02	7.80e-02	1.39e-01	4.81e-01	2.10e-01	3.02e-02
 2.87978e+22	0.00e+00	6.58e-30	5.10e-24	7.48e-21	6.24e-18	1.94e-15	3.33e-13	7.24e-11	7.05e-08	5.77e-06	1.80e-04	2.14e-03	1.59e-02	4.87e-02	8.21e-02	1.42e-01	4.78e-01	2.02e-01	2.83e-02
 2.89360e+22	0.00e+00	9.32e-30	7.09e-24	1.01e-20	8.19e-18	2.47e-15	4.10e-13	8.62e-11	8.38e-08	6.77e-06	2.07e-04	2.41e-03	1.75e-02	5.24e-02	8.59e-02	1.44e-01	4.75e-01	1.96e-01	2.66e-02
 2.90580e+22	0.00e+00	1.29e-29	9.66e-24	1.34e-20	1.05e-17	3.09e-15	4.97e-13	1.01e-10	9.84e-08	7.87e-06	2.37e-04	2.70e-03	1.92e-02	5.60e-02	8.95e-02	1.47e-01	4.71e-01	1.89e-01	2.51e-02
 2.91945e+22	0.00e+00	1.93e-29	1.42e-23	1.90e-20	1.44e-17	4.08e-15	6.31e-13	1.24e-10	1.20e-07	9.48e-06	2.80e-04	3.10e-03	2.15e-02	6.09e-02	9.40e-02	1.49e-01	4.66e-01	1.82e-01	2.34e-02
 2.93283e+22	0.00e+00	2.64e-29	1.90e-23	2.49e-20	1.84e-17	5.05e-15	7.60e-13	1.45e-10	1.40e-07	1.09e-05	3.18e-04	3.46e-03	2.35e-02	6.48e-02	9.76e-02	1.51e-01	4.62e-01	1.76e-01	2.21e-02
 2.94404e+22	0.00e+00	3.61e-29	2.56e-23	3.26e-20	2.34e-17	6.24e-15	9.09e-13	1.68e-10	1.63e-07	1.26e-05	3.60e-04	3.84e-03	2.56e-02	6.90e-02	1.01e-01	1.53e-01	4.57e-01	1.70e-01	2.08e-02
 2.95508e+22	0.00e+00	4.89e-29	3.41e-23	4.24e-20	2.96e-17	7.67e-15	1.08e-12	1.95e-10	1.89e-07	1.45e-05	4.08e-04	4.26e-03	2.78e-02	7.33e-02	1.05e-01	1.54e-01	4.52e-01	1.64e-01	1.96e-02
 2.96774e+22	0.00e+00	7.13e-29	4.88e-23	5.88e-20	3.97e-17	9.91e-15	1.35e-12	2.34e-10	2.27e-07	1.72e-05	4.75e-04	4.84e-03	3.08e-02	7.89e-02	1.09e-01	1.56e-01	4.45e-01	1.57e-01	1.82e-02
 2.98070e+22	0.00e+00	9.99e-29	6.73e-23	7.86e-20	5.14e-17	1.24e-14	1.64e-12	2.74e-10	2.67e-07	2.00e-05	5.43e-04	5.42e-03	3.37e-02	8.42e-02	1.14e-01	1.57e-01	4.38e-01	1.50e-01	1.70e-02
 2.99188e+22	0.00e+00	1.35e-28	8.93e-23	1.02e-19	6.47e-17	1.52e-14	1.94e-12	3.16e-10	3.08e-07	2.29e-05	6.12e-04	5.98e-03	3.65e-02	8.90e-02	1.17e-01	1.58e-01	4.32e-01	1.45e-01	1.60e-02
 3.00425e+22	0.00e+00	1.98e-28	1.28e-22	1.41e-19	8.67e-17	1.96e-14	2.41e-12	3.78e-10	3.69e-07	2.72e-05	7.13e-04	6.79e-03	4.04e-02	9.56e-02	1.22e-01	1.59e-01	4.24e-01	1.37e-01	1.47e-02
 3.01627e+22	0.00e+00	2.62e-28	1.68e-22	1.80e-19	1.08e-16	2.37e-14	2.83e-12	4.31e-10	4.23e-07	3.08e-05	7.97e-04	7.45e-03	4.35e-02	1.01e-01	1.25e-01	1.60e-01	4.17e-01	1.32e-01	1.39e-02
 3.02783e+22	0.00e+00	3.84e-28	2.41e-22	2.50e-19	1.44e-16	3.04e-14	3.49e-12	5.11e-10	5.05e-07	3.65e-05	9.25e-04	8.43e-03	4.80e-02	1.08e-01	1.30e-01	1.60e-01	4.07e-01	1.25e-01	1.27e-02
 3.03919e+22	0.00e+00	5.07e-28	3.14e-22	3.17e-19	1.78e-16	3.65e-14	4.07e-12	5.79e-10	5.75e-07	4.12e-05	1.03e-03	9.22e-03	5.16e-02	1.13e-01	1.33e-01	1.60e-01	4.00e-01	1.20e-01	1.20e-02
 3.05031e+22	0.00e+00	7.20e-28	4.38e-22	4.29e-19	2.32e-16	4.60e-14	4.93e-12	6.77e-10	6.76e-07	4.80e-05	1.18e-03	1.03e-02	5.64e-02	1.20e-01	1.37e-01	1.60e-01	3.90e-01	1.14e-01	1.10e-02
 3.06179e+22	0.00e+00	9.80e-28	5.88e-22	5.58e-19	2.93e-16	5.63e-14	5.83e-12	7.75e-10	7.79e-07	5.49e-05	1.33e-03	1.14e-02	6.09e-02	1.27e-01	1.40e-01	1.60e-01	3.81e-01	1.08e-01	1.02e-02
 3.07202e+22	0.00e+00	1.32e-27	7.77e-22	7.18e-19	3.66e-16	6.81e-14	6.83e-12	8.80e-10	8.91e-07	6.24e-05	1.49e-03	1.25e-02	6.54e-02	1.33e-01	1.44e-01	1.59e-01	3.72e-01	1.03e-01	9.51e-03
 3.08361e+22	0.00e+00	1.94e-27	1.13e-21	1.00e-18	4.90e-16	8.74e-14	8.40e-12	1.04e-09	1.06e-06	7.37e-05	1.73e-03	1.41e-02	7.19e-02	1.41e-01	1.48e-01	1.58e-01	3.59e-01	9.66e-02	8.61e-03
 3.09507e+22	0.00e+00	2.58e-27	1.47e-21	1.27e-18	6.06e-16	1.05e-13	9.78e-12	1.17e-09	1.21e-06	8.31e-05	1.92e-03	1.53e-02	7.69e-02	1.48e-01	1.51e-01	1.57e-01	3.50e-01	9.19e-02	8.00e-03
 3.10638e+22	0.00e+00	3.80e-27	2.13e-21	1.77e-18	8.08e-16	1.34e-13	1.20e-11	1.37e-09	1.43e-06	9.79e-05	2.22e-03	1.73e-02	8.41e-02	1.57e-01	1.54e-01	1.56e-01	3.37e-01	8.55e-02	7.21e-03
 3.11766e+22	4.67e-34	5.04e-27	2.79e-21	2.25e-18	9.99e-16	1.61e-13	1.39e-11	1.54e-09	1.62e-06	1.10e-04	2.46e-03	1.88e-02	8.97e-02	1.63e-01	1.57e-01	1.54e-01	3.27e-01	8.11e-02	6.68e-03
 3.12893e+22	7.05e-34	7.47e-27	4.05e-21	3.15e-18	1.34e-15	2.06e-13	1.70e-11	1.80e-09	1.92e-06	1.30e-04	2.84e-03	2.11e-02	9.80e-02	1.72e-01	1.60e-01	1.52e-01	3.13e-01	7.50e-02	5.97e-03
 3.14020e+22	9.54e-34	9.96e-27	5.32e-21	4.02e-18	1.65e-15	2.47e-13	1.97e-11	2.03e-09	2.18e-06	1.46e-04	3.14e-03	2.29e-02	1.04e-01	1.79e-01	1.62e-01	1.50e-01	3.03e-01	7.07e-02	5.49e-03
 3.15147e+22	1.45e-33	1.48e-26	7.78e-21	5.62e-18	2.22e-15	3.16e-13	2.40e-11	2.36e-09	2.58e-06	1.71e-04	3.62e-03	2.56e-02	1.14e-01	1.89e-01	1.64e-01	1.47e-01	2.88e-01	6.49e-02	4.87e-03
 3.16277e+22	1.97e-33	1.99e-26	1.03e-20	7.20e-18	2.75e-15	3.80e-13	2.78e-11	2.65e-09	2.92e-06	1.93e-04	4.01e-03	2.78e-02	1.21e-01	1.95e-01	1.66e-01	1.44e-01	2.77e-01	6.09e-02	4.45e-03
 3.17412e+22	2.99e-33	2.96e-26	1.50e-20	1.01e-17	3.68e-15	4.85e-13	3.39e-11	3.08e-09	3.44e-06	2.25e-04	4.60e-03	3.10e-02	1.31e-01	2.05e-01	1.67e-01	1.40e-01	2.62e-01	5.56e-02	3.93e-03
 3.18508e+22	4.00e-33	3.91e-26	1.95e-20	1.27e-17	4.51e-15	5.76e-13	3.89e-11	3.42e-09	3.85e-06	2.51e-04	5.05e-03	3.34e-02	1.38e-01	2.11e-01	1.68e-01	1.37e-01	2.52e-01	5.20e-02	3.59e-03
 3.19553e+22	5.89e-33	5.65e-26	2.77e-20	1.74e-17	5.90e-15	7.21e-13	4.65e-11	3.92e-09	4.46e-06	2.89e-04	5.71e-03	3.67e-02	1.48e-01	2.19e-01	1.69e-01	1.33e-01	2.38e-01	4.75e-02	3.17e-03
 3.20617e+22	8.01e-33	7.57e-26	3.67e-20	2.22e-17	7.30e-15	8.63e-13	5.37e-11	4.37e-09	5.01e-06	3.23e-04	6.28e-03	3.96e-02	1.56e-01	2.25e-01	1.69e-01	1.30e-01	2.27e-01	4.41e-02	2.87e-03
 3.21705e+22	1.20e-32	1.11e-25	5.29e-20	3.07e-17	9.66e-15	1.09e-12	6.46e-11	5.03e-09	5.83e-06	3.73e-04	7.10e-03	4.35e-02	1.67e-01	2.33e-01	1.69e-01	1.25e-01	2.12e-01	3.99e-02	2.51e-03
 3.22810e+22	1.65e-32	1.51e-25	7.07e-20	3.97e-17	1.21e-14	1.31e-12	7.49e-11	5.61e-09	6.55e-06	4.17e-04	7.82e-03	4.69e-02	1.76e-01	2.39e-01	1.68e-01	1.21e-01	2.01e-01	3.68e-02	2.24e-03
 3.23940e+22	2.52e-32	2.26e-25	1.04e-19	5.55e-17	1.61e-14	1.67e-12	9.08e-11	6.48e-09	7.62e-06	4.82e-04	8.84e-03	5.15e-02	1.88e-01	2.46e-01	1.67e-01	1.16e-01	1.87e-01	3.29e-02	1.94e-03
 3.25077e+22	3.49e-32	3.08e-25	1.39e-19	7.20e-17	2.02e-14	2.02e-12	1.05e-10	7.25e-09	8.55e-06	5.38e-04	9.71e-03	5.53e-02	1.97e-01	2.52e-01	1.66e-01	1.12e-01	1.76e-01	3.01e-02	1.72e-03
 3.26225e+22	5.36e-32	4.63e-25	2.05e-19	1.01e-16	2.71e-14	2.58e-12	1.28e-10	8.38e-09	9.92e-06	6.19e-04	1.09e-02	6.05e-02	2.09e-01	2.58e-01	1.64e-01	1.06e-01	1.63e-01	2.67e-02	1.47e-03
 3.27346e+22	7.28e-32	6.20e-25	2.71e-19	1.29e-16	3.34e-14	3.08e-12	1.47e-10	9.30e-09	1.10e-05	6.83e-04	1.19e-02	6.44e-02	2.18e-01	2.62e-01	1.62e-01	1.03e-01	1.53e-01	2.45e-02	1.31e-03
 3.28432e+22	1.09e-31	9.12e-25	3.90e-19	1.78e-16	4.41e-14	3.89e-12	1.77e-10	1.07e-08	1.26e-05	7.76e-04	1.32e-02	6.98e-02	2.29e-01	2.67e-01	1.59e-01	9.72e-02	1.41e-01	2.17e-02	1.12e-03
 3.29538e+22	1.49e-31	1.23e-24	5.18e-19	2.29e-16	5.48e-14	4.66e-12	2.04e-10	1.19e-08	1.40e-05	8.56e-04	1.44e-02	7.41e-02	2.38e-01	2.70e-01	1.56e-01	9.32e-02	1.32e-01	1.98e-02	9.94e-04
 3.30670e+22	2.26e-31	1.83e-24	7.55e-19	3.19e-16	7.29e-14	5.92e-12	2.47e-10	1.37e-08	1.60e-05	9.71e-04	1.59e-02	8.01e-02	2.50e-01	2.74e-01	1.53e-01	8.78e-02	1.21e-01	1.74e-02	8.43e-04
 3.31800e+22	3.08e-31	2.45e-24	9.96e-19	4.07e-16	9.01e-14	7.08e-12	2.85e-10	1.53e-08	1.77e-05	1.06e-03	1.72e-02	8.46e-02	2.58e-01	2.76e-01	1.50e-01	8.39e-02	1.13e-01	1.58e-02	7.45e-04
 3.32928e+22	4.64e-31	3.62e-24	1.44e-18	5.63e-16	1.19e-13	8.97e-12	3.44e-10	1.76e-08	2.01e-05	1.20e-03	1.90e-02	9.08e-02	2.69e-01	2.78e-01	1.46e-01	7.88e-02	1.03e-01	1.39e-02	6.30e-04
 3.34073e+22	6.31e-31	4.84e-24	1.90e-18	7.19e-16	1.48e-13	1.07e-11	3.97e-10	1.96e-08	2.21e-05	1.31e-03	2.04e-02	9.56e-02	2.77e-01	2.79e-01	1.42e-01	7.51e-02	9.63e-02	1.26e-02	5.55e-04
 3.35240e+22	9.53e-31	7.16e-24	2.75e-18	9.97e-16	1.96e-13	1.36e-11	4.81e-10	2.27e-08	2.51e-05	1.47e-03	2.24e-02	1.02e-01	2.87e-01	2.80e-01	1.38e-01	7.02e-02	8.75e-02	1.10e-02	4.67e-04
 3.36432e+22	1.31e-30	9.67e-24	3.65e-18	1.28e-15	2.44e-13	1.64e-11	5.59e-10	2.55e-08	2.77e-05	1.61e-03	2.40e-02	1.07e-01	2.95e-01	2.80e-01	1.34e-01	6.66e-02	8.12e-02	9.92e-03	4.08e-04
 3.37659e+22	1.98e-30	1.43e-23	5.29e-18	1.78e-15	3.25e-13	2.10e-11	6.80e-10	2.96e-08	3.14e-05	1.80e-03	2.63e-02	1.14e-01	3.05e-01	2.80e-01	1.29e-01	6.21e-02	7.34e-02	8.62e-03	3.41e-04
 3.38924e+22	2.76e-30	1.96e-23	7.11e-18	2.31e-15	4.09e-13	2.55e-11	7.97e-10	3.34e-08	3.47e-05	1.97e-03	2.82e-02	1.20e-01	3.12e-01	2.79e-01	1.25e-01	5.85e-02	6.76e-02	7.70e-03	2.95e-04
 3.40047e+22	3.79e-30	2.65e-23	9.44e-18	2.97e-15	5.10e-13	3.07e-11	9.29e-10	3.76e-08	3.82e-05	2.15e-03	3.02e-02	1.25e-01	3.19e-01	2.77e-01	1.21e-01	5.53e-02	6.24e-02	6.90e-03	2.57e-04
 3.41317e+22	5.69e-30	3.89e-23	1.36e-17	4.10e-15	6.76e-13	3.91e-11	1.13e-09	4.38e-08	4.31e-05	2.39e-03	3.28e-02	1.33e-01	3.27e-01	2.75e-01	1.16e-01	5.13e-02	5.63e-02	5.98e-03	2.14e-04
 3.42601e+22	7.79e-30	5.23e-23	1.79e-17	5.26e-15	8.41e-13	4.72e-11	1.32e-09	4.93e-08	4.73e-05	2.59e-03	3.49e-02	1.38e-01	3.33e-01	2.73e-01	1.12e-01	4.83e-02	5.19e-02	5.34e-03	1.86e-04
 3.43906e+22	1.17e-29	7.65e-23	2.56e-17	7.23e-15	1.11e-12	6.00e-11	1.60e-09	5.75e-08	5.34e-05	2.88e-03	3.78e-02	1.46e-01	3.40e-01	2.70e-01	1.07e-01	4.47e-02	4.66e-02	4.62e-03	1.55e-04
 3.45213e+22	1.58e-29	1.02e-22	3.35e-17	9.18e-15	1.37e-12	7.20e-11	1.86e-09	6.47e-08	5.85e-05	3.11e-03	4.01e-02	1.51e-01	3.46e-01	2.67e-01	1.03e-01	4.21e-02	4.30e-02	4.13e-03	1.34e-04
 3.46523e+22	2.33e-29	1.47e-22	4.73e-17	1.25e-14	1.80e-12	9.09e-11	2.25e-09	7.52e-08	6.57e-05	3.44e-03	4.32e-02	1.59e-01	3.52e-01	2.63e-01	9.85e-02	3.89e-02	3.86e-02	3.58e-03	1.12e-04
 3.47862e+22	3.19e-29	1.97e-22	6.22e-17	1.60e-14	2.24e-12	1.10e-10	2.63e-09	8.49e-08	7.21e-05	3.72e-03	4.58e-02	1.64e-01	3.56e-01	2.60e-01	9.47e-02	3.65e-02	3.54e-02	3.18e-03	9.67e-05
 3.49241e+22	4.76e-29	2.87e-22	8.84e-17	2.18e-14	2.96e-12	1.40e-10	3.21e-09	9.93e-08	8.13e-05	4.11e-03	4.92e-02	1.72e-01	3.62e-01	2.55e-01	8.98e-02	3.36e-02	3.17e-02	2.73e-03	7.99e-05
 3.50638e+22	6.46e-29	3.83e-22	1.16e-16	2.78e-14	3.66e-12	1.68e-10	3.74e-09	1.12e-07	8.91e-05	4.43e-03	5.21e-02	1.78e-01	3.65e-01	2.51e-01	8.61e-02	3.15e-02	2.90e-02	2.43e-03	6.89e-05
 3.52061e+22	9.61e-29	5.56e-22	1.64e-16	3.79e-14	4.83e-12	2.13e-10	4.56e-09	1.31e-07	1.00e-04	4.89e-03	5.59e-02	1.86e-01	3.70e-01	2.45e-01	8.13e-02	2.89e-02	2.59e-02	2.08e-03	5.68e-05
 3.53437e+22	1.27e-28	7.21e-22	2.08e-16	4.72e-14	5.86e-12	2.52e-10	5.25e-09	1.47e-07	1.09e-04	5.23e-03	5.87e-02	1.91e-01	3.72e-01	2.41e-01	7.81e-02	2.72e-02	2.39e-02	1.87e-03	4.96e-05
 3.54752e+22	1.81e-28	1.01e-21	2.85e-16	6.24e-14	7.53e-12	3.14e-10	6.28e-09	1.70e-07	1.22e-04	5.71e-03	6.24e-02	1.98e-01	3.75e-01	2.36e-01	7.40e-02	2.51e-02	2.14e-02	1.62e-03	4.15e-05
 3.56092e+22	2.40e-28	1.31e-21	3.63e-16	7.77e-14	9.15e-12	3.72e-10	7.24e-09	1.90e-07	1.32e-04	6.11e-03	6.55e-02	2.04e-01	3.77e-01	2.31e-01	7.09e-02	2.35e-02	1.97e-02	1.45e-03	3.61e-05
 3.57465e+22	3.46e-28	1.84e-21	4.99e-16	1.03e-13	1.18e-11	4.64e-10	8.72e-09	2.20e-07	1.48e-04	6.67e-03	6.96e-02	2.11e-01	3.80e-01	2.25e-01	6.69e-02	2.16e-02	1.76e-02	1.25e-03	2.99e-05
 3.58853e+22	4.56e-28	2.38e-21	6.34e-16	1.28e-13	1.43e-11	5.50e-10	1.00e-08	2.47e-07	1.61e-04	7.13e-03	7.29e-02	2.17e-01	3.81e-01	2.21e-01	6.40e-02	2.03e-02	1.62e-02	1.11e-03	2.60e-05
 3.60262e+22	6.58e-28	3.36e-21	8.70e-16	1.71e-13	1.85e-11	6.88e-10	1.21e-08	2.87e-07	1.80e-04	7.78e-03	7.74e-02	2.24e-01	3.82e-01	2.14e-01	6.02e-02	1.86e-02	1.44e-02	9.56e-04	2.15e-05
 3.61692e+22	8.68e-28	4.35e-21	1.10e-15	2.12e-13	2.24e-11	8.15e-10	1.39e-08	3.21e-07	1.96e-04	8.32e-03	8.10e-02	2.29e-01	3.83e-01	2.09e-01	5.74e-02	1.74e-02	1.32e-02	8.52e-04	1.86e-05
 3.63147e+22	1.25e-27	6.12e-21	1.52e-15	2.82e-13	2.90e-11	1.02e-09	1.68e-08	3.74e-07	2.20e-04	9.07e-03	8.59e-02	2.37e-01	3.83e-01	2.03e-01	5.38e-02	1.59e-02	1.18e-02	7.28e-04	1.53e-05
 3.64568e+22	1.62e-27	7.76e-21	1.89e-15	3.44e-13	3.47e-11	1.19e-09	1.92e-08	4.16e-07	2.38e-04	9.64e-03	8.94e-02	2.42e-01	3.83e-01	1.98e-01	5.14e-02	1.49e-02	1.08e-02	6.54e-04	1.34e-05
 3.65945e+22	2.27e-27	1.06e-20	2.53e-15	4.48e-13	4.40e-11	1.47e-09	2.29e-08	4.79e-07	2.64e-04	1.04e-02	9.42e-02	2.48e-01	3.83e-01	1.92e-01	4.83e-02	1.36e-02	9.68e-03	5.64e-04	1.12e-05
 3.67349e+22	2.95e-27	1.35e-20	3.16e-15	5.48e-13	5.27e-11	1.72e-09	2.62e-08	5.35e-07	2.86e-04	1.11e-02	9.81e-02	2.53e-01	3.82e-01	1.87e-01	4.60e-02	1.28e-02	8.89e-03	5.04e-04	9.72e-06
 3.68788e+22	4.16e-27	1.86e-20	4.24e-15	7.16e-13	6.70e-11	2.13e-09	3.13e-08	6.17e-07	3.19e-04	1.20e-02	1.03e-01	2.60e-01	3.81e-01	1.80e-01	4.31e-02	1.17e-02	7.92e-03	4.33e-04	8.05e-06
 3.70253e+22	5.43e-27	2.39e-20	5.32e-15	8.80e-13	8.07e-11	2.51e-09	3.59e-08	6.91e-07	3.46e-04	1.28e-02	1.08e-01	2.65e-01	3.79e-01	1.75e-01	4.09e-02	1.09e-02	7.24e-03	3.85e-04	6.96e-06
 3.71754e+22	7.70e-27	3.30e-20	7.16e-15	1.15e-12	1.03e-10	3.11e-09	4.30e-08	8.00e-07	3.86e-04	1.39e-02	1.13e-01	2.72e-01	3.77e-01	1.69e-01	3.81e-02	9.91e-03	6.42e-03	3.29e-04	5.73e-06
 3.73282e+22	1.01e-26	4.23e-20	9.01e-15	1.42e-12	1.24e-10	3.67e-09	4.95e-08	8.97e-07	4.21e-04	1.48e-02	1.18e-01	2.77e-01	3.75e-01	1.64e-01	3.61e-02	9.21e-03	5.85e-03	2.91e-04	4.94e-06
 3.74846e+22	1.44e-26	5.87e-20	1.22e-14	1.87e-12	1.59e-10	4.56e-09	5.95e-08	1.04e-06	4.70e-04	1.60e-02	1.24e-01	2.83e-01	3.72e-01	1.57e-01	3.35e-02	8.35e-03	5.16e-03	2.47e-04	4.04e-06
 3.76444e+22	1.90e-26	7.59e-20	1.54e-14	2.31e-12	1.93e-10	5.41e-09	6.87e-08	1.17e-06	5.13e-04	1.70e-02	1.29e-01	2.88e-01	3.69e-01	1.52e-01	3.16e-02	7.73e-03	4.68e-03	2.18e-04	3.46e-06
 3.78084e+22	2.71e-26	1.05e-19	2.08e-14	3.04e-12	2.47e-10	6.73e-09	8.27e-08	1.36e-06	5.74e-04	1.85e-02	1.36e-01	2.94e-01	3.66e-01	1.45e-01	2.93e-02	7.00e-03	4.12e-03	1.85e-04	2.82e-06
 3.79775e+22	3.64e-26	1.38e-19	2.66e-14	3.81e-12	3.03e-10	8.06e-09	9.63e-08	1.54e-06	6.29e-04	1.98e-02	1.41e-01	2.99e-01	3.62e-01	1.40e-01	2.75e-02	6.43e-03	3.71e-03	1.61e-04	2.38e-06
 3.81532e+22	5.27e-26	1.95e-19	3.63e-14	5.07e-12	3.92e-10	1.01e-08	1.17e-07	1.81e-06	7.07e-04	2.15e-02	1.49e-01	3.05e-01	3.57e-01	1.33e-01	2.53e-02	5.78e-03	3.24e-03	1.35e-04	1.92e-06
 3.83236e+22	6.87e-26	2.48e-19	4.54e-14	6.21e-12	4.71e-10	1.19e-08	1.34e-07	2.02e-06	7.69e-04	2.28e-02	1.54e-01	3.09e-01	3.53e-01	1.28e-01	2.38e-02	5.35e-03	2.94e-03	1.19e-04	1.65e-06
 3.84873e+22	9.71e-26	3.41e-19	6.06e-14	8.09e-12	5.99e-10	1.47e-08	1.60e-07	2.34e-06	8.57e-04	2.46e-02	1.61e-01	3.14e-01	3.48e-01	1.22e-01	2.20e-02	4.82e-03	2.58e-03	1.01e-04	1.34e-06
 3.86543e+22	1.27e-25	4.38e-19	7.61e-14	9.96e-12	7.23e-10	1.73e-08	1.84e-07	2.63e-06	9.33e-04	2.61e-02	1.67e-01	3.18e-01	3.44e-01	1.17e-01	2.06e-02	4.45e-03	2.33e-03	8.85e-05	1.15e-06
 3.88258e+22	1.78e-25	5.96e-19	1.01e-13	1.29e-11	9.11e-10	2.13e-08	2.19e-07	3.03e-06	1.04e-03	2.81e-02	1.74e-01	3.22e-01	3.38e-01	1.11e-01	1.90e-02	4.02e-03	2.05e-03	7.52e-05	9.41e-07
 3.90071e+22	2.43e-25	7.93e-19	1.31e-13	1.63e-11	1.13e-09	2.57e-08	2.57e-07	3.46e-06	1.14e-03	3.01e-02	1.81e-01	3.26e-01	3.32e-01	1.06e-01	1.76e-02	3.65e-03	1.82e-03	6.46e-05	7.81e-07
 3.91738e+22	3.26e-25	1.03e-18	1.66e-13	2.04e-11	1.38e-09	3.07e-08	2.99e-07	3.91e-06	1.25e-03	3.20e-02	1.88e-01	3.30e-01	3.27e-01	1.01e-01	1.64e-02	3.34e-03	1.63e-03	5.59e-05	6.56e-07
 3.93632e+22	4.71e-25	1.45e-18	2.26e-13	2.69e-11	1.78e-09	3.84e-08	3.61e-07	4.56e-06	1.40e-03	3.47e-02	1.96e-01	3.34e-01	3.19e-01	9.56e-02	1.50e-02	2.97e-03	1.41e-03	4.66e-05	5.25e-07
 3.95624e+22	6.52e-25	1.95e-18	2.96e-13	3.45e-11	2.22e-09	4.67e-08	4.27e-07	5.23e-06	1.55e-03	3.71e-02	2.04e-01	3.37e-01	3.12e-01	9.05e-02	1.38e-02	2.68e-03	1.24e-03	3.95e-05	4.30e-07
 3.97744e+22	9.77e-25	2.83e-18	4.13e-13	4.68e-11	2.93e-09	5.96e-08	5.25e-07	6.20e-06	1.76e-03	4.04e-02	2.14e-01	3.40e-01	3.04e-01	8.45e-02	1.24e-02	2.35e-03	1.06e-03	3.22e-05	3.36e-07
 3.99808e+22	1.32e-24	3.72e-18	5.30e-13	5.87e-11	3.59e-09	7.14e-08	6.11e-07	7.02e-06	1.93e-03	4.30e-02	2.21e-01	3.42e-01	2.97e-01	8.02e-02	1.15e-02	2.13e-03	9.39e-04	2.77e-05	2.79e-07
 4.01800e+22	1.92e-24	5.25e-18	7.24e-13	7.81e-11	4.65e-09	8.97e-08	7.41e-07	8.23e-06	2.17e-03	4.65e-02	2.30e-01	3.45e-01	2.88e-01	7.49e-02	1.04e-02	1.88e-03	8.04e-04	2.27e-05	2.20e-07
 4.03813e+22	2.60e-24	6.91e-18	9.26e-13	9.79e-11	5.70e-09	1.07e-07	8.63e-07	9.32e-06	2.37e-03	4.94e-02	2.38e-01	3.46e-01	2.81e-01	7.09e-02	9.55e-03	1.70e-03	7.12e-04	1.95e-05	1.82e-07
 4.05853e+22	3.80e-24	9.77e-18	1.27e-12	1.30e-10	7.39e-09	1.35e-07	1.05e-06	1.09e-05	2.66e-03	5.34e-02	2.47e-01	3.48e-01	2.72e-01	6.59e-02	8.58e-03	1.50e-03	6.07e-04	1.59e-05	1.43e-07
 4.07922e+22	5.16e-24	1.29e-17	1.63e-12	1.64e-10	9.10e-09	1.62e-07	1.22e-06	1.24e-05	2.92e-03	5.67e-02	2.55e-01	3.49e-01	2.65e-01	6.22e-02	7.87e-03	1.35e-03	5.34e-04	1.35e-05	0.00e+00
 4.10027e+22	7.61e-24	1.84e-17	2.24e-12	2.20e-10	1.19e-08	2.05e-07	1.49e-06	1.46e-05	3.29e-03	6.13e-02	2.65e-01	3.49e-01	2.55e-01	5.75e-02	7.03e-03	1.17e-03	4.51e-04	1.09e-05	0.00e+00
 4.12159e+22	1.04e-23	2.44e-17	2.89e-12	2.77e-10	1.46e-08	2.47e-07	1.74e-06	1.66e-05	3.61e-03	6.51e-02	2.73e-01	3.50e-01	2.47e-01	5.40e-02	6.42e-03	1.05e-03	3.95e-04	9.25e-06	0.00e+00
 4.14325e+22	1.55e-23	3.51e-17	4.00e-12	3.75e-10	1.93e-08	3.15e-07	2.14e-06	1.97e-05	4.08e-03	7.05e-02	2.83e-01	3.49e-01	2.37e-01	4.95e-02	5.68e-03	9.07e-04	3.29e-04	7.36e-06	0.00e+00
 4.16497e+22	2.10e-23	4.62e-17	5.13e-12	4.70e-10	2.37e-08	3.77e-07	2.50e-06	2.23e-05	4.46e-03	7.47e-02	2.90e-01	3.48e-01	2.29e-01	4.64e-02	5.18e-03	8.13e-04	2.88e-04	6.22e-06	0.00e+00
 4.18677e+22	3.12e-23	6.63e-17	7.08e-12	6.34e-10	3.11e-08	4.80e-07	3.07e-06	2.64e-05	5.04e-03	8.06e-02	3.01e-01	3.47e-01	2.19e-01	4.24e-02	4.56e-03	6.98e-04	2.39e-04	4.92e-06	0.00e+00
 4.20883e+22	4.25e-23	8.77e-17	9.11e-12	7.98e-10	3.83e-08	5.79e-07	3.59e-06	3.01e-05	5.53e-03	8.54e-02	3.08e-01	3.45e-01	2.11e-01	3.95e-02	4.13e-03	6.20e-04	2.07e-04	4.11e-06	0.00e+00
 4.23123e+22	6.33e-23	1.26e-16	1.26e-11	1.08e-09	5.04e-08	7.38e-07	4.41e-06	3.56e-05	6.24e-03	9.21e-02	3.18e-01	3.43e-01	2.00e-01	3.59e-02	3.61e-03	5.30e-04	1.71e-04	3.24e-06	0.00e+00
 4.25403e+22	8.71e-23	1.68e-16	1.63e-11	1.36e-09	6.26e-08	8.94e-07	5.19e-06	4.07e-05	6.86e-03	9.77e-02	3.26e-01	3.40e-01	1.92e-01	3.32e-02	3.25e-03	4.67e-04	1.47e-04	2.67e-06	0.00e+00
 4.27737e+22	1.31e-22	2.43e-16	2.26e-11	1.86e-09	8.33e-08	1.16e-06	6.45e-06	4.88e-05	7.79e-03	1.06e-01	3.36e-01	3.36e-01	1.81e-01	2.98e-02	2.80e-03	3.93e-04	1.19e-04	2.05e-06	0.00e+00
 4.29968e+22	1.74e-22	3.14e-16	2.84e-11	2.29e-09	1.01e-07	1.37e-06	7.45e-06	5.50e-05	8.48e-03	1.11e-01	3.43e-01	3.33e-01	1.74e-01	2.77e-02	2.54e-03	3.50e-04	1.03e-04	1.72e-06	0.00e+00
 4.32063e+22	2.50e-22	4.34e-16	3.79e-11	3.00e-09	1.30e-07	1.72e-06	9.04e-06	6.46e-05	9.49e-03	1.19e-01	3.51e-01	3.28e-01	1.64e-01	2.51e-02	2.21e-03	2.98e-04	8.52e-05	1.35e-06	0.00e+00
 4.34149e+22	3.28e-22	5.55e-16	4.71e-11	3.68e-09	1.56e-07	2.03e-06	1.04e-05	7.27e-05	1.03e-02	1.25e-01	3.57e-01	3.24e-01	1.57e-01	2.33e-02	2.00e-03	2.65e-04	7.39e-05	1.13e-06	0.00e+00
 4.36223e+22	4.65e-22	7.59e-16	6.21e-11	4.78e-09	2.00e-07	2.54e-06	1.26e-05	8.53e-05	1.15e-02	1.33e-01	3.65e-01	3.19e-01	1.48e-01	2.09e-02	1.74e-03	2.25e-04	6.06e-05	8.86e-07	0.00e+00
 4.38327e+22	6.13e-22	9.72e-16	7.73e-11	5.87e-09	2.42e-07	3.01e-06	1.46e-05	9.64e-05	1.25e-02	1.40e-01	3.71e-01	3.14e-01	1.41e-01	1.93e-02	1.56e-03	1.99e-04	5.21e-05	7.34e-07	0.00e+00
 4.40471e+22	8.72e-22	1.33e-15	1.02e-10	7.66e-09	3.12e-07	3.79e-06	1.77e-05	1.14e-04	1.41e-02	1.49e-01	3.78e-01	3.08e-01	1.32e-01	1.72e-02	1.34e-03	1.67e-04	4.21e-05	5.64e-07	0.00e+00
 4.42648e+22	1.15e-21	1.71e-15	1.27e-10	9.43e-09	3.79e-07	4.53e-06	2.06e-05	1.29e-04	1.53e-02	1.57e-01	3.83e-01	3.02e-01	1.25e-01	1.57e-02	1.19e-03	1.46e-04	3.58e-05	4.60e-07	0.00e+00
 4.44870e+22	1.64e-21	2.34e-15	1.67e-10	1.23e-08	4.88e-07	5.71e-06	2.52e-05	1.53e-04	1.72e-02	1.68e-01	3.90e-01	2.94e-01	1.16e-01	1.39e-02	1.01e-03	1.21e-04	2.87e-05	3.50e-07	0.00e+00
 4.47151e+22	2.19e-21	3.02e-15	2.09e-10	1.53e-08	5.99e-07	6.88e-06	2.96e-05	1.76e-04	1.89e-02	1.77e-01	3.94e-01	2.87e-01	1.09e-01	1.26e-02	8.85e-04	1.04e-04	2.39e-05	2.79e-07	0.00e+00
 4.49509e+22	3.14e-21	4.17e-15	2.76e-10	2.00e-08	7.80e-07	8.77e-06	3.64e-05	2.11e-04	2.14e-02	1.89e-01	4.00e-01	2.78e-01	1.00e-01	1.10e-02	7.41e-04	8.53e-05	1.87e-05	2.07e-07	0.00e+00
 4.51904e+22	4.17e-21	5.35e-15	3.43e-10	2.48e-08	9.59e-07	1.06e-05	4.30e-05	2.43e-04	2.35e-02	1.99e-01	4.03e-01	2.70e-01	9.33e-02	9.82e-03	6.42e-04	7.25e-05	1.54e-05	1.63e-07	0.00e+00
 4.54303e+22	5.91e-21	7.27e-15	4.46e-10	3.23e-08	1.24e-06	1.35e-05	5.28e-05	2.91e-04	2.66e-02	2.12e-01	4.07e-01	2.60e-01	8.51e-02	8.49e-03	5.33e-04	5.87e-05	1.19e-05	1.19e-07	0.00e+00
 4.56722e+22	7.79e-21	9.26e-15	5.49e-10	3.98e-08	1.52e-06	1.63e-05	6.23e-05	3.36e-04	2.93e-02	2.23e-01	4.09e-01	2.52e-01	7.87e-02	7.54e-03	4.58e-04	4.95e-05	9.72e-06	0.00e+00	0.00e+00
 4.59096e+22	1.07e-20	1.22e-14	6.96e-10	5.07e-08	1.94e-06	2.05e-05	7.58e-05	4.00e-04	3.29e-02	2.36e-01	4.11e-01	2.41e-01	7.15e-02	6.51e-03	3.80e-04	4.01e-05	7.56e-06	0.00e+00	0.00e+00
 4.61494e+22	1.41e-20	1.55e-14	8.49e-10	6.22e-08	2.37e-06	2.48e-05	8.94e-05	4.64e-04	3.62e-02	2.48e-01	4.12e-01	2.32e-01	6.57e-02	5.73e-03	3.23e-04	3.35e-05	6.09e-06	0.00e+00	0.00e+00
 4.63583e+22	1.78e-20	1.89e-14	1.01e-09	7.43e-08	2.83e-06	2.93e-05	1.03e-04	5.28e-04	3.94e-02	2.59e-01	4.11e-01	2.24e-01	6.08e-02	5.11e-03	2.79e-04	2.85e-05	5.02e-06	0.00e+00	0.00e+00
 4.65802e+22	2.36e-20	2.42e-14	1.24e-09	9.23e-08	3.53e-06	3.61e-05	1.24e-04	6.22e-04	4.39e-02	2.72e-01	4.10e-01	2.13e-01	5.50e-02	4.41e-03	2.32e-04	2.31e-05	3.91e-06	0.00e+00	0.00e+00
 4.68041e+22	2.97e-20	2.95e-14	1.46e-09	1.10e-07	4.20e-06	4.26e-05	1.43e-04	7.08e-04	4.78e-02	2.83e-01	4.09e-01	2.04e-01	5.06e-02	3.90e-03	1.99e-04	1.95e-05	3.20e-06	0.00e+00	0.00e+00
 4.70034e+22	3.71e-20	3.57e-14	1.71e-09	1.30e-07	4.98e-06	5.00e-05	1.64e-04	8.04e-04	5.19e-02	2.94e-01	4.07e-01	1.96e-01	4.65e-02	3.46e-03	1.71e-04	1.65e-05	2.62e-06	0.00e+00	0.00e+00
 4.72251e+22	4.84e-20	4.48e-14	2.06e-09	1.59e-07	6.12e-06	6.09e-05	1.94e-04	9.41e-04	5.74e-02	3.08e-01	4.03e-01	1.85e-01	4.18e-02	2.96e-03	1.42e-04	1.33e-05	2.04e-06	0.00e+00	0.00e+00
 4.74446e+22	5.98e-20	5.36e-14	2.39e-09	1.86e-07	7.19e-06	7.08e-05	2.22e-04	1.06e-03	6.19e-02	3.18e-01	4.00e-01	1.77e-01	3.84e-02	2.63e-03	1.22e-04	1.13e-05	1.67e-06	0.00e+00	0.00e+00
 4.76671e+22	7.79e-20	6.71e-14	2.87e-09	2.28e-07	8.81e-06	8.60e-05	2.62e-04	1.24e-03	6.84e-02	3.32e-01	3.95e-01	1.67e-01	3.43e-02	2.24e-03	1.00e-04	9.06e-06	1.29e-06	0.00e+00	0.00e+00
 4.78896e+22	9.57e-20	7.99e-14	3.31e-09	2.66e-07	1.03e-05	9.95e-05	2.97e-04	1.39e-03	7.35e-02	3.42e-01	3.90e-01	1.59e-01	3.14e-02	1.98e-03	8.65e-05	7.67e-06	1.06e-06	0.00e+00	0.00e+00
 4.81121e+22	1.24e-19	9.94e-14	3.96e-09	3.23e-07	1.25e-05	1.20e-04	3.48e-04	1.62e-03	8.08e-02	3.55e-01	3.83e-01	1.49e-01	2.79e-02	1.69e-03	7.09e-05	6.15e-06	8.20e-07	0.00e+00	0.00e+00
 4.83357e+22	1.52e-19	1.18e-13	4.56e-09	3.76e-07	1.46e-05	1.38e-04	3.93e-04	1.81e-03	8.66e-02	3.65e-01	3.78e-01	1.42e-01	2.55e-02	1.49e-03	6.09e-05	5.19e-06	6.72e-07	0.00e+00	0.00e+00
 4.85609e+22	1.97e-19	1.47e-13	5.44e-09	4.55e-07	1.77e-05	1.66e-04	4.58e-04	2.10e-03	9.48e-02	3.77e-01	3.69e-01	1.32e-01	2.26e-02	1.26e-03	4.98e-05	4.14e-06	5.17e-07	0.00e+00	0.00e+00
 4.87878e+22	2.42e-19	1.75e-13	6.27e-09	5.30e-07	2.06e-05	1.91e-04	5.15e-04	2.34e-03	1.01e-01	3.86e-01	3.63e-01	1.25e-01	2.06e-02	1.11e-03	4.27e-05	3.48e-06	4.22e-07	0.00e+00	0.00e+00
 4.90169e+22	3.14e-19	2.18e-13	7.50e-09	6.43e-07	2.49e-05	2.29e-04	5.99e-04	2.70e-03	1.10e-01	3.98e-01	3.53e-01	1.16e-01	1.81e-02	9.36e-04	3.48e-05	2.77e-06	3.24e-07	0.00e+00	0.00e+00
 4.92490e+22	3.88e-19	2.60e-13	8.67e-09	7.49e-07	2.89e-05	2.63e-04	6.72e-04	3.01e-03	1.18e-01	4.06e-01	3.45e-01	1.09e-01	1.64e-02	8.20e-04	2.96e-05	2.32e-06	2.63e-07	0.00e+00	0.00e+00
 4.94851e+22	5.08e-19	3.27e-13	1.04e-08	9.12e-07	3.50e-05	3.14e-04	7.78e-04	3.47e-03	1.28e-01	4.16e-01	3.35e-01	1.01e-01	1.44e-02	6.87e-04	2.40e-05	1.83e-06	2.00e-07	0.00e+00	0.00e+00
 4.97249e+22	6.34e-19	3.94e-13	1.22e-08	1.07e-06	4.08e-05	3.61e-04	8.72e-04	3.87e-03	1.36e-01	4.24e-01	3.26e-01	9.47e-02	1.29e-02	5.99e-04	2.04e-05	1.52e-06	1.62e-07	0.00e+00	0.00e+00
 4.99696e+22	8.39e-19	5.00e-13	1.47e-08	1.31e-06	4.95e-05	4.31e-04	1.01e-03	4.45e-03	1.48e-01	4.33e-01	3.15e-01	8.68e-02	1.13e-02	4.99e-04	1.63e-05	1.19e-06	1.22e-07	0.00e+00	0.00e+00
 5.02195e+22	1.06e-18	6.11e-13	1.74e-08	1.55e-06	5.79e-05	4.96e-04	1.13e-03	4.95e-03	1.57e-01	4.39e-01	3.05e-01	8.11e-02	1.01e-02	4.32e-04	1.38e-05	9.85e-07	0.00e+00	0.00e+00	0.00e+00
 5.04763e+22	1.44e-18	7.89e-13	2.14e-08	1.91e-06	7.07e-05	5.94e-04	1.30e-03	5.69e-03	1.70e-01	4.47e-01	2.93e-01	7.38e-02	8.69e-03	3.57e-04	1.10e-05	7.63e-07	0.00e+00	0.00e+00	0.00e+00
 5.07351e+22	1.83e-18	9.71e-13	2.55e-08	2.27e-06	8.26e-05	6.83e-04	1.46e-03	6.31e-03	1.80e-01	4.52e-01	2.83e-01	6.87e-02	7.76e-03	3.08e-04	9.22e-06	6.28e-07	0.00e+00	0.00e+00	0.00e+00
 5.09551e+22	2.30e-18	1.18e-12	2.99e-08	2.65e-06	9.54e-05	7.76e-04	1.61e-03	6.95e-03	1.90e-01	4.56e-01	2.74e-01	6.40e-02	6.96e-03	2.68e-04	7.82e-06	5.23e-07	0.00e+00	0.00e+00	0.00e+00
 5.11997e+22	3.09e-18	1.52e-12	3.68e-08	3.26e-06	1.15e-04	9.15e-04	1.83e-03	7.85e-03	2.03e-01	4.60e-01	2.62e-01	5.84e-02	6.04e-03	2.24e-04	6.31e-06	4.11e-07	0.00e+00	0.00e+00	0.00e+00
 5.14339e+22	3.82e-18	1.82e-12	4.28e-08	3.76e-06	1.31e-04	1.02e-03	2.00e-03	8.52e-03	2.12e-01	4.63e-01	2.53e-01	5.48e-02	5.48e-03	1.98e-04	5.45e-06	3.49e-07	0.00e+00	0.00e+00	0.00e+00
 5.16543e+22	5.01e-18	2.29e-12	5.19e-08	4.53e-06	1.54e-04	1.18e-03	2.24e-03	9.48e-03	2.24e-01	4.65e-01	2.43e-01	5.03e-02	4.81e-03	1.68e-04	4.49e-06	2.81e-07	0.00e+00	0.00e+00	0.00e+00
 5.18779e+22	6.24e-18	2.77e-12	6.08e-08	5.26e-06	1.76e-04	1.33e-03	2.44e-03	1.03e-02	2.33e-01	4.67e-01	2.34e-01	4.70e-02	4.34e-03	1.48e-04	3.86e-06	2.38e-07	0.00e+00	0.00e+00	0.00e+00
 5.21056e+22	8.28e-18	3.53e-12	7.44e-08	6.37e-06	2.08e-04	1.53e-03	2.72e-03	1.14e-02	2.46e-01	4.68e-01	2.23e-01	4.29e-02	3.79e-03	1.25e-04	3.15e-06	1.90e-07	0.00e+00	0.00e+00	0.00e+00
 5.23347e+22	1.04e-17	4.30e-12	8.78e-08	7.42e-06	2.38e-04	1.72e-03	2.97e-03	1.24e-02	2.56e-01	4.68e-01	2.15e-01	4.00e-02	3.42e-03	1.10e-04	2.71e-06	1.61e-07	0.00e+00	0.00e+00	0.00e+00
 5.25656e+22	1.39e-17	5.53e-12	1.08e-07	9.03e-06	2.81e-04	1.98e-03	3.30e-03	1.37e-02	2.69e-01	4.67e-01	2.05e-01	3.65e-02	2.98e-03	9.22e-05	2.21e-06	1.28e-07	0.00e+00	0.00e+00	0.00e+00
 5.27994e+22	1.77e-17	6.80e-12	1.29e-07	1.06e-05	3.22e-04	2.22e-03	3.60e-03	1.48e-02	2.79e-01	4.66e-01	1.97e-01	3.39e-02	2.68e-03	8.08e-05	1.89e-06	0.00e+00	0.00e+00	0.00e+00	0.00e+00
 5.30370e+22	2.40e-17	8.86e-12	1.61e-07	1.29e-05	3.83e-04	2.57e-03	4.00e-03	1.64e-02	2.93e-01	4.64e-01	1.86e-01	3.07e-02	2.32e-03	6.77e-05	1.54e-06	0.00e+00	0.00e+00	0.00e+00	0.00e+00
 5.32784e+22	3.08e-17	1.10e-11	1.93e-07	1.53e-05	4.39e-04	2.88e-03	4.36e-03	1.77e-02	3.04e-01	4.62e-01	1.78e-01	2.84e-02	2.07e-03	5.91e-05	1.31e-06	0.00e+00	0.00e+00	0.00e+00	0.00e+00
 5.35245e+22	4.26e-17	1.45e-11	2.45e-07	1.88e-05	5.25e-04	3.34e-03	4.85e-03	1.95e-02	3.18e-01	4.58e-01	1.68e-01	2.56e-02	1.78e-03	4.92e-05	1.05e-06	0.00e+00	0.00e+00	0.00e+00	0.00e+00
 5.37751e+22	5.53e-17	1.83e-11	2.97e-07	2.24e-05	6.05e-04	3.76e-03	5.28e-03	2.10e-02	3.29e-01	4.55e-01	1.60e-01	2.36e-02	1.59e-03	4.26e-05	8.92e-07	0.00e+00	0.00e+00	0.00e+00	0.00e+00
 5.40315e+22	7.78e-17	2.45e-11	3.81e-07	2.79e-05	7.27e-04	4.37e-03	5.89e-03	2.32e-02	3.44e-01	4.49e-01	1.50e-01	2.12e-02	1.36e-03	3.52e-05	7.12e-07	0.00e+00	0.00e+00	0.00e+00	0.00e+00
 5.42933e+22	1.03e-16	3.12e-11	4.68e-07	3.34e-05	8.43e-04	4.92e-03	6.41e-03	2.50e-02	3.55e-01	4.45e-01	1.43e-01	1.94e-02	1.20e-03	3.04e-05	5.99e-07	0.00e+00	0.00e+00	0.00e+00	0.00e+00
