#depth	C	C+	C+2	C+3	C+4	C+5	C+6	C[1]	C[2]	C[3]	C+[1]	C+[2]	CO
 4.62852e+21	0.00e+00	2.15e-24	4.06e-18	6.88e-13	9.28e-08	5.25e-04	9.99e-01	0.00e+00	0.00e+00	0.00e+00	0.00e+00	0.00e+00	2.22e-92
 1.05514e+22	6.07e-32	1.32e-23	1.77e-17	2.13e-12	1.95e-07	7.52e-04	9.99e-01	0.00e+00	0.00e+00	0.00e+00	0.00e+00	0.00e+00	3.91e-89
 1.27154e+22	2.59e-31	4.46e-23	4.72e-17	4.50e-12	3.21e-07	9.58e-04	9.99e-01	0.00e+00	0.00e+00	0.00e+00	0.00e+00	0.00e+00	4.33e-87
 1.42808e+22	1.09e-36	1.18e-22	1.03e-16	8.17e-12	4.78e-07	1.16e-03	9.99e-01	0.00e+00	0.00e+00	0.00e+00	0.00e+00	0.00e+00	3.98e-86
 1.51505e+22	0.00e+00	1.51e-22	1.26e-16	9.48e-12	5.28e-07	1.22e-03	9.99e-01	0.00e+00	0.00e+00	0.00e+00	0.00e+00	0.00e+00	1.46e-86
 1.54317e+22	0.00e+00	1.75e-22	1.42e-16	1.04e-11	5.62e-07	1.26e-03	9.99e-01	0.00e+00	0.00e+00	0.00e+00	0.00e+00	0.00e+00	2.63e-84
 1.56783e+22	0.00e+00	2.12e-22	1.66e-16	1.17e-11	6.08e-07	1.31e-03	9.99e-01	0.00e+00	0.00e+00	0.00e+00	0.00e+00	0.00e+00	3.88e-84
 1.59341e+22	0.00e+00	2.50e-22	1.89e-16	1.29e-11	6.50e-07	1.35e-03	9.99e-01	0.00e+00	0.00e+00	0.00e+00	0.00e+00	0.00e+00	7.21e-84
 1.62020e+22	0.00e+00	3.08e-22	2.23e-16	1.46e-11	7.07e-07	1.41e-03	9.99e-01	0.00e+00	0.00e+00	0.00e+00	0.00e+00	0.00e+00	1.25e-83
 1.64736e+22	0.00e+00	3.67e-22	2.56e-16	1.63e-11	7.59e-07	1.46e-03	9.99e-01	0.00e+00	0.00e+00	0.00e+00	0.00e+00	0.00e+00	2.24e-83
 1.67105e+22	0.00e+00	4.33e-22	2.92e-16	1.80e-11	8.11e-07	1.51e-03	9.98e-01	0.00e+00	0.00e+00	0.00e+00	0.00e+00	0.00e+00	3.71e-83
 1.69389e+22	0.00e+00	5.07e-22	3.32e-16	1.98e-11	8.65e-07	1.56e-03	9.98e-01	0.00e+00	0.00e+00	0.00e+00	0.00e+00	0.00e+00	6.03e-83
 1.71961e+22	0.00e+00	6.13e-22	3.86e-16	2.21e-11	9.35e-07	1.62e-03	9.98e-01	0.00e+00	0.00e+00	0.00e+00	0.00e+00	0.00e+00	1.03e-82
 1.74652e+22	0.00e+00	7.38e-22	4.47e-16	2.47e-11	1.01e-06	1.69e-03	9.98e-01	0.00e+00	0.00e+00	0.00e+00	0.00e+00	0.00e+00	1.79e-82
 1.76975e+22	0.00e+00	8.61e-22	5.05e-16	2.71e-11	1.07e-06	1.74e-03	9.98e-01	0.00e+00	0.00e+00	0.00e+00	0.00e+00	0.00e+00	3.01e-82
 1.79473e+22	0.00e+00	1.04e-21	5.87e-16	3.03e-11	1.16e-06	1.81e-03	9.98e-01	0.00e+00	0.00e+00	0.00e+00	0.00e+00	0.00e+00	5.17e-82
 1.82119e+22	0.00e+00	1.25e-21	6.77e-16	3.36e-11	1.24e-06	1.88e-03	9.98e-01	0.00e+00	0.00e+00	0.00e+00	0.00e+00	0.00e+00	9.01e-82
 1.84405e+22	2.85e-35	1.46e-21	7.66e-16	3.69e-11	1.32e-06	1.94e-03	9.98e-01	0.00e+00	0.00e+00	0.00e+00	0.00e+00	0.00e+00	1.47e-81
 1.86823e+22	3.65e-35	1.76e-21	8.88e-16	4.11e-11	1.43e-06	2.02e-03	9.98e-01	0.00e+00	0.00e+00	0.00e+00	0.00e+00	0.00e+00	2.61e-81
 1.89335e+22	4.55e-35	2.08e-21	1.01e-15	4.53e-11	1.53e-06	2.09e-03	9.98e-01	0.00e+00	0.00e+00	0.00e+00	0.00e+00	0.00e+00	4.39e-81
 1.91591e+22	5.62e-35	2.44e-21	1.15e-15	4.96e-11	1.63e-06	2.17e-03	9.98e-01	0.00e+00	0.00e+00	0.00e+00	0.00e+00	0.00e+00	7.15e-81
 1.94144e+22	7.37e-35	2.99e-21	1.34e-15	5.56e-11	1.76e-06	2.26e-03	9.98e-01	0.00e+00	0.00e+00	0.00e+00	0.00e+00	0.00e+00	1.35e-80
 1.96729e+22	9.20e-35	3.53e-21	1.53e-15	6.12e-11	1.88e-06	2.34e-03	9.98e-01	0.00e+00	0.00e+00	0.00e+00	0.00e+00	0.00e+00	2.23e-80
 1.98952e+22	1.14e-34	4.14e-21	1.73e-15	6.69e-11	2.00e-06	2.42e-03	9.98e-01	0.00e+00	0.00e+00	0.00e+00	0.00e+00	0.00e+00	3.67e-80
 2.01065e+22	1.40e-34	4.83e-21	1.95e-15	7.28e-11	2.13e-06	2.51e-03	9.97e-01	0.00e+00	0.00e+00	0.00e+00	0.00e+00	0.00e+00	5.92e-80
 2.03437e+22	1.80e-34	5.81e-21	2.25e-15	8.06e-11	2.29e-06	2.61e-03	9.97e-01	0.00e+00	0.00e+00	0.00e+00	0.00e+00	0.00e+00	1.06e-79
 2.05897e+22	2.24e-34	6.84e-21	2.55e-15	8.83e-11	2.44e-06	2.70e-03	9.97e-01	0.00e+00	0.00e+00	0.00e+00	0.00e+00	0.00e+00	1.77e-79
 2.08118e+22	2.80e-34	8.06e-21	2.89e-15	9.64e-11	2.60e-06	2.80e-03	9.97e-01	0.00e+00	0.00e+00	0.00e+00	0.00e+00	0.00e+00	2.97e-79
 2.10291e+22	3.48e-34	9.45e-21	3.26e-15	1.05e-10	2.76e-06	2.90e-03	9.97e-01	0.00e+00	0.00e+00	0.00e+00	0.00e+00	0.00e+00	4.89e-79
 2.12366e+22	4.27e-34	1.10e-20	3.65e-15	1.14e-10	2.92e-06	3.00e-03	9.97e-01	0.00e+00	0.00e+00	0.00e+00	0.00e+00	0.00e+00	7.84e-79
 2.14677e+22	5.50e-34	1.32e-20	4.21e-15	1.25e-10	3.14e-06	3.13e-03	9.97e-01	0.00e+00	0.00e+00	0.00e+00	0.00e+00	0.00e+00	1.42e-78
 2.17017e+22	6.82e-34	1.55e-20	4.74e-15	1.36e-10	3.34e-06	3.24e-03	9.97e-01	0.00e+00	0.00e+00	0.00e+00	0.00e+00	0.00e+00	2.34e-78
 2.19069e+22	8.43e-34	1.80e-20	5.32e-15	1.47e-10	3.54e-06	3.35e-03	9.97e-01	0.00e+00	0.00e+00	0.00e+00	0.00e+00	0.00e+00	3.83e-78
 2.21097e+22	1.04e-33	2.09e-20	5.96e-15	1.60e-10	3.74e-06	3.47e-03	9.97e-01	0.00e+00	0.00e+00	0.00e+00	0.00e+00	0.00e+00	6.21e-78
 2.23419e+22	1.34e-33	2.53e-20	6.86e-15	1.76e-10	4.02e-06	3.62e-03	9.96e-01	0.00e+00	0.00e+00	0.00e+00	0.00e+00	0.00e+00	1.14e-77
 2.25737e+22	1.68e-33	2.96e-20	7.71e-15	1.90e-10	4.27e-06	3.75e-03	9.96e-01	0.00e+00	0.00e+00	0.00e+00	0.00e+00	0.00e+00	1.91e-77
 2.27672e+22	2.04e-33	3.41e-20	8.57e-15	2.04e-10	4.50e-06	3.87e-03	9.96e-01	0.00e+00	0.00e+00	0.00e+00	0.00e+00	0.00e+00	3.01e-77
 2.29812e+22	2.62e-33	4.07e-20	9.78e-15	2.23e-10	4.81e-06	4.03e-03	9.96e-01	0.00e+00	0.00e+00	0.00e+00	0.00e+00	0.00e+00	5.40e-77
 2.32003e+22	3.22e-33	4.72e-20	1.09e-14	2.40e-10	5.09e-06	4.17e-03	9.96e-01	0.00e+00	0.00e+00	0.00e+00	0.00e+00	0.00e+00	8.76e-77
 2.34261e+22	4.18e-33	5.69e-20	1.26e-14	2.64e-10	5.46e-06	4.36e-03	9.96e-01	0.00e+00	0.00e+00	0.00e+00	0.00e+00	0.00e+00	1.62e-76
 2.36547e+22	5.25e-33	6.68e-20	1.41e-14	2.85e-10	5.80e-06	4.52e-03	9.95e-01	0.00e+00	0.00e+00	0.00e+00	0.00e+00	0.00e+00	2.75e-76
 2.38499e+22	6.44e-33	7.72e-20	1.57e-14	3.06e-10	6.13e-06	4.68e-03	9.95e-01	0.00e+00	0.00e+00	0.00e+00	0.00e+00	0.00e+00	4.42e-76
 2.40668e+22	8.25e-33	9.21e-20	1.79e-14	3.33e-10	6.54e-06	4.88e-03	9.95e-01	0.00e+00	0.00e+00	0.00e+00	0.00e+00	0.00e+00	7.99e-76
 2.42892e+22	1.03e-32	1.08e-19	2.01e-14	3.59e-10	6.94e-06	5.06e-03	9.95e-01	0.00e+00	0.00e+00	0.00e+00	0.00e+00	0.00e+00	1.33e-75
 2.44854e+22	1.27e-32	1.25e-19	2.24e-14	3.85e-10	7.34e-06	5.24e-03	9.95e-01	0.00e+00	0.00e+00	0.00e+00	0.00e+00	0.00e+00	2.21e-75
 2.46732e+22	1.56e-32	1.44e-19	2.49e-14	4.13e-10	7.74e-06	5.42e-03	9.95e-01	0.00e+00	0.00e+00	0.00e+00	0.00e+00	0.00e+00	3.54e-75
 2.48837e+22	1.99e-32	1.71e-19	2.82e-14	4.48e-10	8.26e-06	5.64e-03	9.94e-01	0.00e+00	0.00e+00	0.00e+00	0.00e+00	0.00e+00	6.36e-75
 2.51023e+22	2.49e-32	2.00e-19	3.17e-14	4.82e-10	8.75e-06	5.86e-03	9.94e-01	0.00e+00	0.00e+00	0.00e+00	0.00e+00	0.00e+00	1.08e-74
 2.52958e+22	3.08e-32	2.32e-19	3.52e-14	5.16e-10	9.24e-06	6.07e-03	9.94e-01	0.00e+00	0.00e+00	0.00e+00	0.00e+00	0.00e+00	1.77e-74
 2.55119e+22	3.99e-32	2.79e-19	4.02e-14	5.62e-10	9.90e-06	6.33e-03	9.94e-01	0.00e+00	0.00e+00	0.00e+00	0.00e+00	0.00e+00	3.28e-74
 2.57310e+22	4.98e-32	3.25e-19	4.50e-14	6.03e-10	1.05e-05	6.57e-03	9.93e-01	0.00e+00	0.00e+00	0.00e+00	0.00e+00	0.00e+00	5.54e-74
 2.59209e+22	6.15e-32	3.77e-19	5.00e-14	6.44e-10	1.11e-05	6.81e-03	9.93e-01	0.00e+00	0.00e+00	0.00e+00	0.00e+00	0.00e+00	9.16e-74
 2.61348e+22	7.96e-32	4.51e-19	5.70e-14	7.01e-10	1.19e-05	7.11e-03	9.93e-01	0.00e+00	0.00e+00	0.00e+00	0.00e+00	0.00e+00	1.69e-73
 2.63589e+22	1.01e-31	5.33e-19	6.43e-14	7.54e-10	1.26e-05	7.40e-03	9.93e-01	0.00e+00	0.00e+00	0.00e+00	0.00e+00	0.00e+00	3.01e-73
 2.65586e+22	1.26e-31	6.20e-19	7.17e-14	8.08e-10	1.33e-05	7.67e-03	9.92e-01	0.00e+00	0.00e+00	0.00e+00	0.00e+00	0.00e+00	5.02e-73
 2.67507e+22	1.56e-31	7.18e-19	7.98e-14	8.65e-10	1.41e-05	7.95e-03	9.92e-01	0.00e+00	0.00e+00	0.00e+00	0.00e+00	0.00e+00	8.30e-73
 2.69385e+22	1.92e-31	8.30e-19	8.86e-14	9.24e-10	1.49e-05	8.23e-03	9.92e-01	0.00e+00	0.00e+00	0.00e+00	0.00e+00	0.00e+00	1.37e-72
 2.71223e+22	2.38e-31	9.63e-19	9.84e-14	9.84e-10	1.57e-05	8.53e-03	9.91e-01	0.00e+00	0.00e+00	0.00e+00	0.00e+00	0.00e+00	2.29e-72
 2.73020e+22	7.63e-32	1.11e-18	1.09e-13	1.05e-09	1.66e-05	8.82e-03	9.91e-01	0.00e+00	0.00e+00	0.00e+00	0.00e+00	0.00e+00	3.65e-72
 2.75049e+22	9.86e-32	1.32e-18	1.24e-13	1.13e-09	1.78e-05	9.21e-03	9.91e-01	0.00e+00	0.00e+00	0.00e+00	0.00e+00	0.00e+00	6.90e-72
 2.76979e+22	1.19e-31	1.51e-18	1.36e-13	1.20e-09	1.87e-05	9.50e-03	9.90e-01	0.00e+00	0.00e+00	0.00e+00	0.00e+00	0.00e+00	1.09e-71
 2.78518e+22	1.44e-31	1.71e-18	1.49e-13	1.27e-09	1.96e-05	9.80e-03	9.90e-01	0.00e+00	0.00e+00	0.00e+00	0.00e+00	0.00e+00	1.69e-71
 2.79919e+22	1.69e-31	1.92e-18	1.61e-13	1.33e-09	2.04e-05	1.01e-02	9.90e-01	0.00e+00	0.00e+00	0.00e+00	0.00e+00	0.00e+00	2.50e-71
 2.81200e+22	1.96e-31	2.12e-18	1.73e-13	1.39e-09	2.12e-05	1.03e-02	9.90e-01	0.00e+00	0.00e+00	0.00e+00	0.00e+00	0.00e+00	3.55e-71
 2.82664e+22	2.38e-31	2.43e-18	1.90e-13	1.47e-09	2.23e-05	1.07e-02	9.89e-01	0.00e+00	0.00e+00	0.00e+00	0.00e+00	0.00e+00	5.68e-71
 2.84175e+22	2.82e-31	2.73e-18	2.07e-13	1.54e-09	2.33e-05	1.10e-02	9.89e-01	0.00e+00	0.00e+00	0.00e+00	0.00e+00	0.00e+00	8.51e-71
 2.85460e+22	3.30e-31	3.04e-18	2.23e-13	1.61e-09	2.42e-05	1.12e-02	9.89e-01	0.00e+00	0.00e+00	0.00e+00	0.00e+00	0.00e+00	1.24e-70
 2.86643e+22	3.79e-31	3.34e-18	2.39e-13	1.68e-09	2.51e-05	1.15e-02	9.88e-01	0.00e+00	0.00e+00	0.00e+00	0.00e+00	0.00e+00	1.73e-70
 2.87978e+22	4.56e-31	3.79e-18	2.61e-13	1.77e-09	2.64e-05	1.19e-02	9.88e-01	0.00e+00	0.00e+00	0.00e+00	0.00e+00	0.00e+00	2.68e-70
 2.89360e+22	5.38e-31	4.24e-18	2.83e-13	1.86e-09	2.75e-05	1.22e-02	9.88e-01	0.00e+00	0.00e+00	0.00e+00	0.00e+00	0.00e+00	3.98e-70
 2.90580e+22	6.28e-31	4.72e-18	3.05e-13	1.94e-09	2.87e-05	1.25e-02	9.87e-01	0.00e+00	0.00e+00	0.00e+00	0.00e+00	0.00e+00	5.77e-70
 2.91945e+22	7.63e-31	5.39e-18	3.35e-13	2.05e-09	3.01e-05	1.29e-02	9.87e-01	0.00e+00	0.00e+00	0.00e+00	0.00e+00	0.00e+00	9.18e-70
 2.93283e+22	8.88e-31	5.99e-18	3.61e-13	2.15e-09	3.14e-05	1.32e-02	9.87e-01	0.00e+00	0.00e+00	0.00e+00	0.00e+00	0.00e+00	1.32e-69
 2.94404e+22	1.03e-30	6.65e-18	3.89e-13	2.24e-09	3.26e-05	1.35e-02	9.86e-01	0.00e+00	0.00e+00	0.00e+00	0.00e+00	0.00e+00	1.90e-69
 2.95508e+22	1.20e-30	7.37e-18	4.18e-13	2.34e-09	3.39e-05	1.39e-02	9.86e-01	0.00e+00	0.00e+00	0.00e+00	0.00e+00	0.00e+00	2.71e-69
 2.96774e+22	1.45e-30	8.39e-18	4.59e-13	2.47e-09	3.56e-05	1.43e-02	9.86e-01	0.00e+00	0.00e+00	0.00e+00	0.00e+00	0.00e+00	4.25e-69
 2.98070e+22	1.72e-30	9.43e-18	4.98e-13	2.59e-09	3.72e-05	1.47e-02	9.85e-01	0.00e+00	0.00e+00	0.00e+00	0.00e+00	0.00e+00	6.36e-69
 2.99188e+22	2.00e-30	1.05e-17	5.37e-13	2.70e-09	3.88e-05	1.50e-02	9.85e-01	0.00e+00	0.00e+00	0.00e+00	0.00e+00	0.00e+00	9.10e-69
 3.00425e+22	2.44e-30	1.20e-17	5.92e-13	2.86e-09	4.08e-05	1.55e-02	9.84e-01	0.00e+00	0.00e+00	0.00e+00	0.00e+00	0.00e+00	1.45e-68
 3.01627e+22	2.82e-30	1.33e-17	6.37e-13	2.99e-09	4.24e-05	1.59e-02	9.84e-01	0.00e+00	0.00e+00	0.00e+00	0.00e+00	0.00e+00	2.05e-68
 3.02783e+22	3.45e-30	1.53e-17	7.03e-13	3.16e-09	4.47e-05	1.64e-02	9.84e-01	0.00e+00	0.00e+00	0.00e+00	0.00e+00	0.00e+00	3.30e-68
 3.03919e+22	4.00e-30	1.69e-17	7.56e-13	3.30e-09	4.65e-05	1.68e-02	9.83e-01	0.00e+00	0.00e+00	0.00e+00	0.00e+00	0.00e+00	4.68e-68
 3.05031e+22	4.84e-30	1.94e-17	8.32e-13	3.49e-09	4.89e-05	1.73e-02	9.83e-01	0.00e+00	0.00e+00	0.00e+00	0.00e+00	0.00e+00	7.30e-68
 3.06179e+22	5.73e-30	2.18e-17	9.06e-13	3.67e-09	5.11e-05	1.77e-02	9.82e-01	0.00e+00	0.00e+00	0.00e+00	0.00e+00	0.00e+00	1.08e-67
 3.07202e+22	6.74e-30	2.44e-17	9.83e-13	3.86e-09	5.33e-05	1.82e-02	9.82e-01	0.00e+00	0.00e+00	0.00e+00	0.00e+00	0.00e+00	1.59e-67
 3.08361e+22	8.40e-30	2.85e-17	1.10e-12	4.12e-09	5.65e-05	1.88e-02	9.81e-01	0.00e+00	0.00e+00	0.00e+00	0.00e+00	0.00e+00	2.65e-67
 3.09507e+22	9.88e-30	3.20e-17	1.19e-12	4.33e-09	5.90e-05	1.92e-02	9.81e-01	0.00e+00	0.00e+00	0.00e+00	0.00e+00	0.00e+00	3.84e-67
 3.10638e+22	1.24e-29	3.76e-17	1.34e-12	4.64e-09	6.26e-05	1.99e-02	9.80e-01	0.00e+00	0.00e+00	0.00e+00	0.00e+00	0.00e+00	6.48e-67
 3.11766e+22	1.46e-29	4.24e-17	1.46e-12	4.90e-09	6.54e-05	2.04e-02	9.80e-01	0.00e+00	0.00e+00	0.00e+00	0.00e+00	0.00e+00	9.53e-67
 3.12893e+22	1.85e-29	5.03e-17	1.66e-12	5.28e-09	6.96e-05	2.11e-02	9.79e-01	0.00e+00	0.00e+00	0.00e+00	5.03e-17	5.82e-25	1.64e-66
 3.14020e+22	2.21e-29	5.70e-17	1.82e-12	5.59e-09	7.30e-05	2.16e-02	9.78e-01	0.00e+00	0.00e+00	0.00e+00	5.70e-17	1.96e-22	2.44e-66
 3.15147e+22	2.83e-29	6.84e-17	2.08e-12	6.06e-09	7.79e-05	2.24e-02	9.78e-01	0.00e+00	0.00e+00	0.00e+00	6.84e-17	2.35e-22	4.30e-66
 3.16277e+22	3.40e-29	7.83e-17	2.30e-12	6.45e-09	8.18e-05	2.30e-02	9.77e-01	0.00e+00	0.00e+00	0.00e+00	7.83e-17	2.68e-22	6.51e-66
 3.17412e+22	4.40e-29	9.45e-17	2.64e-12	7.04e-09	8.76e-05	2.38e-02	9.76e-01	0.00e+00	0.00e+00	0.00e+00	9.45e-17	3.24e-22	1.16e-65
 3.18508e+22	5.27e-29	1.08e-16	2.92e-12	7.50e-09	9.19e-05	2.44e-02	9.75e-01	0.00e+00	0.00e+00	0.00e+00	1.08e-16	3.71e-22	1.74e-65
 3.19553e+22	6.72e-29	1.30e-16	3.35e-12	8.17e-09	9.80e-05	2.53e-02	9.75e-01	0.00e+00	0.00e+00	0.00e+00	1.30e-16	4.45e-22	3.00e-65
 3.20617e+22	8.19e-29	1.50e-16	3.74e-12	8.77e-09	1.03e-04	2.60e-02	9.74e-01	0.00e+00	0.00e+00	0.00e+00	1.50e-16	5.16e-22	4.66e-65
 3.21705e+22	1.06e-28	1.83e-16	4.34e-12	9.66e-09	1.11e-04	2.69e-02	9.73e-01	0.00e+00	0.00e+00	0.00e+00	1.83e-16	6.29e-22	8.35e-65
 3.22810e+22	1.32e-28	2.15e-16	4.90e-12	1.04e-08	1.17e-04	2.77e-02	9.72e-01	0.00e+00	0.00e+00	0.00e+00	2.15e-16	7.39e-22	1.33e-64
 3.23940e+22	1.74e-28	2.67e-16	5.77e-12	1.16e-08	1.26e-04	2.87e-02	9.71e-01	0.00e+00	0.00e+00	0.00e+00	2.67e-16	9.16e-22	2.48e-64
 3.25077e+22	2.17e-28	3.16e-16	6.56e-12	1.26e-08	1.34e-04	2.96e-02	9.70e-01	0.00e+00	0.00e+00	0.00e+00	3.16e-16	1.08e-21	4.02e-64
 3.26225e+22	2.91e-28	3.96e-16	7.80e-12	1.41e-08	1.45e-04	3.08e-02	9.69e-01	0.00e+00	0.00e+00	0.00e+00	3.96e-16	1.36e-21	7.62e-64
 3.27346e+22	3.60e-28	4.66e-16	8.83e-12	1.54e-08	1.53e-04	3.16e-02	9.68e-01	0.00e+00	0.00e+00	0.00e+00	4.66e-16	1.60e-21	1.20e-63
 3.28432e+22	4.77e-28	5.81e-16	1.05e-11	1.72e-08	1.65e-04	3.28e-02	9.67e-01	0.00e+00	0.00e+00	0.00e+00	5.81e-16	1.99e-21	2.22e-63
 3.29538e+22	5.94e-28	6.89e-16	1.19e-11	1.87e-08	1.75e-04	3.38e-02	9.66e-01	0.00e+00	0.00e+00	0.00e+00	6.89e-16	2.36e-21	3.57e-63
 3.30670e+22	7.95e-28	8.66e-16	1.42e-11	2.11e-08	1.89e-04	3.51e-02	9.65e-01	0.00e+00	0.00e+00	0.00e+00	8.66e-16	2.97e-21	6.72e-63
 3.31800e+22	9.87e-28	1.03e-15	1.62e-11	2.30e-08	2.00e-04	3.61e-02	9.64e-01	0.00e+00	0.00e+00	0.00e+00	1.03e-15	3.52e-21	1.07e-62
 3.32928e+22	1.32e-27	1.29e-15	1.94e-11	2.60e-08	2.16e-04	3.75e-02	9.62e-01	0.00e+00	0.00e+00	0.00e+00	1.29e-15	4.43e-21	2.00e-62
 3.34073e+22	1.64e-27	1.53e-15	2.21e-11	2.84e-08	2.29e-04	3.86e-02	9.61e-01	0.00e+00	0.00e+00	0.00e+00	1.53e-15	5.25e-21	3.19e-62
 3.35240e+22	2.19e-27	1.93e-15	2.65e-11	3.21e-08	2.48e-04	4.01e-02	9.60e-01	0.00e+00	0.00e+00	0.00e+00	1.93e-15	6.62e-21	5.99e-62
 3.36432e+22	2.74e-27	2.30e-15	3.04e-11	3.52e-08	2.64e-04	4.13e-02	9.58e-01	0.00e+00	0.00e+00	0.00e+00	2.30e-15	7.90e-21	9.64e-62
 3.37659e+22	3.67e-27	2.91e-15	3.65e-11	3.99e-08	2.86e-04	4.29e-02	9.57e-01	0.00e+00	0.00e+00	0.00e+00	2.91e-15	9.98e-21	1.81e-61
 3.38924e+22	4.63e-27	3.50e-15	4.22e-11	4.41e-08	3.04e-04	4.43e-02	9.55e-01	0.00e+00	0.00e+00	0.00e+00	3.50e-15	1.20e-20	2.99e-61
 3.40047e+22	5.78e-27	4.19e-15	4.85e-11	4.85e-08	3.24e-04	4.56e-02	9.54e-01	0.00e+00	0.00e+00	0.00e+00	4.19e-15	1.44e-20	4.84e-61
 3.41317e+22	7.68e-27	5.27e-15	5.81e-11	5.49e-08	3.50e-04	4.74e-02	9.52e-01	0.00e+00	0.00e+00	0.00e+00	5.27e-15	1.81e-20	8.96e-61
 3.42601e+22	9.55e-27	6.30e-15	6.67e-11	6.04e-08	3.73e-04	4.88e-02	9.51e-01	0.00e+00	0.00e+00	0.00e+00	6.30e-15	2.16e-20	1.44e-60
 3.43906e+22	1.27e-26	7.91e-15	7.98e-11	6.84e-08	4.03e-04	5.07e-02	9.49e-01	0.00e+00	0.00e+00	0.00e+00	7.91e-15	2.71e-20	2.65e-60
 3.45213e+22	1.56e-26	9.38e-15	9.13e-11	7.50e-08	4.28e-04	5.22e-02	9.47e-01	0.00e+00	0.00e+00	0.00e+00	9.38e-15	3.22e-20	4.18e-60
 3.46523e+22	2.04e-26	1.17e-14	1.09e-10	8.46e-08	4.62e-04	5.41e-02	9.45e-01	0.00e+00	0.00e+00	0.00e+00	1.17e-14	4.01e-20	7.52e-60
 3.47862e+22	2.54e-26	1.40e-14	1.25e-10	9.32e-08	4.91e-04	5.58e-02	9.44e-01	0.00e+00	0.00e+00	0.00e+00	1.40e-14	4.79e-20	1.20e-59
 3.49241e+22	3.35e-26	1.75e-14	1.49e-10	1.06e-07	5.32e-04	5.79e-02	9.42e-01	0.00e+00	0.00e+00	0.00e+00	1.75e-14	6.01e-20	2.20e-59
 3.50638e+22	4.13e-26	2.08e-14	1.71e-10	1.16e-07	5.65e-04	5.96e-02	9.40e-01	0.00e+00	0.00e+00	0.00e+00	2.08e-14	7.13e-20	3.47e-59
 3.52061e+22	5.42e-26	2.60e-14	2.04e-10	1.31e-07	6.12e-04	6.19e-02	9.37e-01	0.00e+00	0.00e+00	0.00e+00	2.60e-14	8.93e-20	6.30e-59
 3.53437e+22	6.57e-26	3.04e-14	2.31e-10	1.43e-07	6.47e-04	6.36e-02	9.36e-01	0.00e+00	0.00e+00	0.00e+00	3.04e-14	1.04e-19	9.55e-59
 3.54752e+22	8.40e-26	3.73e-14	2.71e-10	1.60e-07	6.95e-04	6.58e-02	9.33e-01	0.00e+00	0.00e+00	0.00e+00	3.73e-14	1.28e-19	1.64e-58
 3.56092e+22	1.02e-25	4.36e-14	3.07e-10	1.75e-07	7.35e-04	6.76e-02	9.32e-01	0.00e+00	0.00e+00	0.00e+00	4.36e-14	1.50e-19	2.48e-58
 3.57465e+22	1.31e-25	5.38e-14	3.63e-10	1.97e-07	7.92e-04	7.01e-02	9.29e-01	0.00e+00	0.00e+00	0.00e+00	5.38e-14	1.85e-19	4.31e-58
 3.58853e+22	1.58e-25	6.28e-14	4.10e-10	2.15e-07	8.37e-04	7.19e-02	9.27e-01	0.00e+00	0.00e+00	0.00e+00	6.28e-14	2.16e-19	6.49e-58
 3.60262e+22	2.03e-25	7.75e-14	4.84e-10	2.41e-07	9.03e-04	7.46e-02	9.25e-01	0.00e+00	0.00e+00	0.00e+00	7.75e-14	2.66e-19	1.13e-57
 3.61692e+22	2.45e-25	9.05e-14	5.48e-10	2.63e-07	9.54e-04	7.66e-02	9.22e-01	0.00e+00	0.00e+00	0.00e+00	9.05e-14	3.11e-19	1.70e-57
 3.63147e+22	3.16e-25	1.12e-13	6.48e-10	2.96e-07	1.03e-03	7.94e-02	9.20e-01	0.00e+00	0.00e+00	0.00e+00	1.12e-13	3.84e-19	2.96e-57
 3.64568e+22	3.74e-25	1.29e-13	7.25e-10	3.21e-07	1.08e-03	8.13e-02	9.18e-01	0.00e+00	0.00e+00	0.00e+00	1.29e-13	4.42e-19	4.32e-57
 3.65945e+22	4.73e-25	1.57e-13	8.47e-10	3.59e-07	1.16e-03	8.41e-02	9.15e-01	0.00e+00	0.00e+00	0.00e+00	1.57e-13	5.37e-19	7.20e-57
 3.67349e+22	5.63e-25	1.81e-13	9.51e-10	3.89e-07	1.23e-03	8.62e-02	9.13e-01	0.00e+00	0.00e+00	0.00e+00	1.81e-13	6.21e-19	1.06e-56
 3.68788e+22	7.12e-25	2.20e-13	1.11e-09	4.35e-07	1.32e-03	8.92e-02	9.09e-01	0.00e+00	0.00e+00	0.00e+00	2.20e-13	7.56e-19	1.77e-56
 3.70253e+22	8.49e-25	2.56e-13	1.25e-09	4.74e-07	1.39e-03	9.15e-02	9.07e-01	0.00e+00	0.00e+00	0.00e+00	2.56e-13	8.78e-19	2.63e-56
 3.71754e+22	1.08e-24	3.12e-13	1.47e-09	5.31e-07	1.50e-03	9.47e-02	9.04e-01	0.00e+00	0.00e+00	0.00e+00	3.12e-13	1.07e-18	4.43e-56
 3.73282e+22	1.29e-24	3.63e-13	1.66e-09	5.78e-07	1.58e-03	9.72e-02	9.01e-01	0.00e+00	0.00e+00	0.00e+00	3.63e-13	1.25e-18	6.60e-56
 3.74846e+22	1.63e-24	4.43e-13	1.95e-09	6.49e-07	1.70e-03	1.01e-01	8.98e-01	0.00e+00	0.00e+00	0.00e+00	4.43e-13	1.52e-18	1.12e-55
 3.76444e+22	1.96e-24	5.17e-13	2.20e-09	7.09e-07	1.80e-03	1.03e-01	8.95e-01	0.00e+00	0.00e+00	0.00e+00	5.17e-13	1.78e-18	1.68e-55
 3.78084e+22	2.49e-24	6.31e-13	2.58e-09	7.95e-07	1.94e-03	1.07e-01	8.91e-01	0.00e+00	0.00e+00	0.00e+00	6.31e-13	2.17e-18	2.85e-55
 3.79775e+22	3.02e-24	7.44e-13	2.95e-09	8.74e-07	2.06e-03	1.10e-01	8.88e-01	0.00e+00	0.00e+00	0.00e+00	7.44e-13	2.56e-18	4.39e-55
 3.81532e+22	3.86e-24	9.15e-13	3.48e-09	9.85e-07	2.22e-03	1.14e-01	8.84e-01	0.00e+00	0.00e+00	0.00e+00	9.15e-13	3.15e-18	7.58e-55
 3.83236e+22	4.58e-24	1.06e-12	3.90e-09	1.07e-06	2.35e-03	1.17e-01	8.81e-01	0.00e+00	0.00e+00	0.00e+00	1.06e-12	3.63e-18	1.11e-54
 3.84873e+22	5.79e-24	1.29e-12	4.57e-09	1.20e-06	2.52e-03	1.21e-01	8.77e-01	0.00e+00	0.00e+00	0.00e+00	1.29e-12	4.42e-18	1.86e-54
 3.86543e+22	6.91e-24	1.49e-12	5.15e-09	1.31e-06	2.67e-03	1.24e-01	8.73e-01	0.00e+00	0.00e+00	0.00e+00	1.49e-12	5.13e-18	2.76e-54
 3.88258e+22	8.60e-24	1.79e-12	5.97e-09	1.46e-06	2.86e-03	1.28e-01	8.69e-01	0.00e+00	0.00e+00	0.00e+00	1.79e-12	6.17e-18	4.51e-54
 3.90071e+22	1.06e-23	2.13e-12	6.86e-09	1.61e-06	3.05e-03	1.32e-01	8.65e-01	0.00e+00	0.00e+00	0.00e+00	2.13e-12	7.33e-18	7.10e-54
 3.91738e+22	1.28e-23	2.50e-12	7.80e-09	1.77e-06	3.23e-03	1.36e-01	8.61e-01	0.00e+00	0.00e+00	0.00e+00	2.50e-12	8.60e-18	1.08e-53
 3.93632e+22	1.64e-23	3.06e-12	9.17e-09	1.99e-06	3.49e-03	1.40e-01	8.56e-01	0.00e+00	0.00e+00	0.00e+00	3.06e-12	1.05e-17	1.86e-53
 3.95624e+22	2.02e-23	3.66e-12	1.06e-08	2.21e-06	3.73e-03	1.45e-01	8.52e-01	0.00e+00	0.00e+00	0.00e+00	3.66e-12	1.26e-17	2.98e-53
 3.97744e+22	2.64e-23	4.56e-12	1.26e-08	2.51e-06	4.05e-03	1.50e-01	8.46e-01	0.00e+00	0.00e+00	0.00e+00	4.56e-12	1.57e-17	5.35e-53
 3.99808e+22	3.21e-23	5.36e-12	1.44e-08	2.76e-06	4.30e-03	1.54e-01	8.41e-01	0.00e+00	0.00e+00	0.00e+00	5.36e-12	1.85e-17	8.24e-53
 4.01800e+22	4.13e-23	6.62e-12	1.71e-08	3.12e-06	4.65e-03	1.60e-01	8.35e-01	0.00e+00	0.00e+00	0.00e+00	6.62e-12	2.28e-17	1.43e-52
 4.03813e+22	5.02e-23	7.79e-12	1.95e-08	3.43e-06	4.94e-03	1.64e-01	8.31e-01	0.00e+00	0.00e+00	0.00e+00	7.79e-12	2.68e-17	2.21e-52
 4.05853e+22	6.48e-23	9.63e-12	2.31e-08	3.88e-06	5.35e-03	1.70e-01	8.24e-01	0.00e+00	0.00e+00	0.00e+00	9.63e-12	3.32e-17	3.87e-52
 4.07922e+22	7.91e-23	1.14e-11	2.64e-08	4.28e-06	5.69e-03	1.75e-01	8.19e-01	0.00e+00	0.00e+00	0.00e+00	1.14e-11	3.92e-17	6.02e-52
 4.10027e+22	1.03e-22	1.42e-11	3.15e-08	4.87e-06	6.18e-03	1.82e-01	8.12e-01	0.00e+00	0.00e+00	0.00e+00	1.42e-11	4.89e-17	1.07e-51
 4.12159e+22	1.26e-22	1.68e-11	3.62e-08	5.39e-06	6.58e-03	1.87e-01	8.07e-01	0.00e+00	0.00e+00	0.00e+00	1.68e-11	5.80e-17	1.68e-51
 4.14325e+22	1.65e-22	2.12e-11	4.37e-08	6.17e-06	7.18e-03	1.94e-01	7.99e-01	0.00e+00	0.00e+00	0.00e+00	2.12e-11	7.32e-17	3.07e-51
 4.16497e+22	2.02e-22	2.51e-11	5.00e-08	6.81e-06	7.64e-03	1.99e-01	7.93e-01	0.00e+00	0.00e+00	0.00e+00	2.51e-11	8.66e-17	4.78e-51
 4.18677e+22	2.65e-22	3.17e-11	6.04e-08	7.82e-06	8.33e-03	2.07e-01	7.85e-01	0.00e+00	0.00e+00	0.00e+00	3.17e-11	1.10e-16	8.73e-51
 4.20883e+22	3.25e-22	3.79e-11	6.97e-08	8.68e-06	8.90e-03	2.13e-01	7.78e-01	0.00e+00	0.00e+00	0.00e+00	3.79e-11	1.31e-16	1.38e-50
 4.23123e+22	4.26e-22	4.79e-11	8.44e-08	9.96e-06	9.70e-03	2.21e-01	7.69e-01	0.00e+00	0.00e+00	0.00e+00	4.79e-11	1.66e-16	2.53e-50
 4.25403e+22	5.26e-22	5.77e-11	9.81e-08	1.11e-05	1.04e-02	2.28e-01	7.62e-01	0.00e+00	0.00e+00	0.00e+00	5.77e-11	2.00e-16	4.08e-50
 4.27737e+22	7.02e-22	7.45e-11	1.21e-07	1.29e-05	1.14e-02	2.37e-01	7.51e-01	0.00e+00	0.00e+00	0.00e+00	7.45e-11	2.58e-16	7.78e-50
 4.29968e+22	8.43e-22	8.80e-11	1.38e-07	1.43e-05	1.21e-02	2.43e-01	7.44e-01	0.00e+00	0.00e+00	0.00e+00	8.80e-11	3.05e-16	1.19e-49
 4.32063e+22	1.09e-21	1.11e-10	1.67e-07	1.63e-05	1.32e-02	2.52e-01	7.35e-01	0.00e+00	0.00e+00	0.00e+00	1.11e-10	3.84e-16	2.11e-49
 4.34149e+22	1.30e-21	1.30e-10	1.91e-07	1.80e-05	1.40e-02	2.59e-01	7.27e-01	0.00e+00	0.00e+00	0.00e+00	1.30e-10	4.53e-16	3.19e-49
 4.36223e+22	1.66e-21	1.64e-10	2.30e-07	2.06e-05	1.53e-02	2.68e-01	7.17e-01	0.00e+00	0.00e+00	0.00e+00	1.64e-10	5.70e-16	5.61e-49
 4.38327e+22	2.00e-21	1.95e-10	2.65e-07	2.29e-05	1.63e-02	2.75e-01	7.09e-01	0.00e+00	0.00e+00	0.00e+00	1.95e-10	6.77e-16	8.63e-49
 4.40471e+22	2.56e-21	2.48e-10	3.22e-07	2.64e-05	1.78e-02	2.85e-01	6.98e-01	0.00e+00	0.00e+00	0.00e+00	2.48e-10	8.61e-16	1.54e-48
 4.42648e+22	3.09e-21	2.97e-10	3.74e-07	2.94e-05	1.90e-02	2.92e-01	6.89e-01	0.00e+00	0.00e+00	0.00e+00	2.97e-10	1.03e-15	2.40e-48
 4.44870e+22	3.95e-21	3.78e-10	4.56e-07	3.40e-05	2.08e-02	3.03e-01	6.76e-01	0.00e+00	0.00e+00	0.00e+00	3.78e-10	1.32e-15	4.29e-48
 4.47151e+22	4.81e-21	4.60e-10	5.36e-07	3.83e-05	2.24e-02	3.12e-01	6.66e-01	0.00e+00	0.00e+00	0.00e+00	4.60e-10	1.60e-15	6.86e-48
 4.49509e+22	6.17e-21	5.94e-10	6.63e-07	4.47e-05	2.46e-02	3.23e-01	6.52e-01	0.00e+00	0.00e+00	0.00e+00	5.94e-10	2.07e-15	1.26e-47
 4.51904e+22	7.48e-21	7.28e-10	7.85e-07	5.06e-05	2.65e-02	3.33e-01	6.41e-01	0.00e+00	0.00e+00	0.00e+00	7.28e-10	2.54e-15	2.02e-47
 4.54303e+22	9.44e-21	9.40e-10	9.72e-07	5.92e-05	2.92e-02	3.45e-01	6.26e-01	0.00e+00	0.00e+00	0.00e+00	9.40e-10	3.29e-15	3.66e-47
 4.56722e+22	1.14e-20	1.15e-09	1.15e-06	6.72e-05	3.15e-02	3.54e-01	6.14e-01	0.00e+00	0.00e+00	0.00e+00	1.15e-09	4.04e-15	5.86e-47
 4.59096e+22	1.41e-20	1.47e-09	1.42e-06	7.82e-05	3.45e-02	3.66e-01	5.99e-01	0.00e+00	0.00e+00	0.00e+00	1.47e-09	5.16e-15	1.02e-46
 4.61494e+22	1.69e-20	1.81e-09	1.69e-06	8.90e-05	3.72e-02	3.76e-01	5.86e-01	0.00e+00	0.00e+00	0.00e+00	1.81e-09	6.35e-15	1.62e-46
 4.63583e+22	1.98e-20	2.17e-09	1.97e-06	9.97e-05	3.98e-02	3.85e-01	5.75e-01	0.00e+00	0.00e+00	0.00e+00	2.17e-09	7.62e-15	2.44e-46
 4.65802e+22	2.40e-20	2.71e-09	2.38e-06	1.15e-04	4.34e-02	3.97e-01	5.60e-01	0.00e+00	0.00e+00	0.00e+00	2.71e-09	9.58e-15	4.02e-46
 4.68041e+22	2.80e-20	3.25e-09	2.78e-06	1.29e-04	4.64e-02	4.06e-01	5.48e-01	0.00e+00	0.00e+00	0.00e+00	3.25e-09	1.15e-14	5.97e-46
 4.70034e+22	3.25e-20	3.87e-09	3.23e-06	1.45e-04	4.96e-02	4.15e-01	5.36e-01	0.00e+00	0.00e+00	0.00e+00	3.87e-09	1.37e-14	8.76e-46
 4.72251e+22	3.90e-20	4.79e-09	3.89e-06	1.66e-04	5.39e-02	4.26e-01	5.20e-01	0.00e+00	0.00e+00	0.00e+00	4.79e-09	1.71e-14	1.40e-45
 4.74446e+22	4.51e-20	5.65e-09	4.49e-06	1.85e-04	5.73e-02	4.34e-01	5.09e-01	0.00e+00	0.00e+00	0.00e+00	5.65e-09	2.02e-14	2.00e-45
 4.76671e+22	5.41e-20	6.99e-09	5.41e-06	2.13e-04	6.22e-02	4.45e-01	4.93e-01	0.00e+00	0.00e+00	0.00e+00	6.99e-09	2.51e-14	3.15e-45
 4.78896e+22	6.23e-20	8.18e-09	6.20e-06	2.36e-04	6.60e-02	4.53e-01	4.81e-01	0.00e+00	0.00e+00	0.00e+00	8.18e-09	2.95e-14	4.43e-45
 4.81121e+22	7.47e-20	1.00e-08	7.43e-06	2.71e-04	7.14e-02	4.63e-01	4.65e-01	0.00e+00	0.00e+00	0.00e+00	1.00e-08	3.63e-14	6.84e-45
 4.83357e+22	8.61e-20	1.17e-08	8.51e-06	3.00e-04	7.57e-02	4.70e-01	4.54e-01	0.00e+00	0.00e+00	0.00e+00	1.17e-08	4.26e-14	9.53e-45
 4.85609e+22	1.04e-19	1.43e-08	1.01e-05	3.43e-04	8.17e-02	4.80e-01	4.38e-01	0.00e+00	0.00e+00	0.00e+00	1.43e-08	5.24e-14	1.45e-44
 4.87878e+22	1.20e-19	1.66e-08	1.16e-05	3.80e-04	8.65e-02	4.87e-01	4.26e-01	0.00e+00	0.00e+00	0.00e+00	1.66e-08	6.13e-14	2.00e-44
 4.90169e+22	1.45e-19	2.01e-08	1.38e-05	4.33e-04	9.32e-02	4.96e-01	4.10e-01	0.00e+00	0.00e+00	0.00e+00	2.01e-08	7.51e-14	3.01e-44
 4.92490e+22	1.68e-19	2.34e-08	1.58e-05	4.80e-04	9.87e-02	5.03e-01	3.98e-01	0.00e+00	0.00e+00	0.00e+00	2.34e-08	8.79e-14	4.15e-44
 4.94851e+22	2.05e-19	2.83e-08	1.87e-05	5.48e-04	1.06e-01	5.11e-01	3.83e-01	0.00e+00	0.00e+00	0.00e+00	2.83e-08	1.08e-13	6.20e-44
 4.97249e+22	2.40e-19	3.28e-08	2.14e-05	6.06e-04	1.12e-01	5.17e-01	3.70e-01	0.00e+00	0.00e+00	0.00e+00	3.28e-08	1.26e-13	8.54e-44
 4.99696e+22	2.95e-19	3.96e-08	2.54e-05	6.93e-04	1.21e-01	5.24e-01	3.54e-01	0.00e+00	0.00e+00	0.00e+00	3.96e-08	1.55e-13	1.27e-43
 5.02195e+22	3.49e-19	4.60e-08	2.91e-05	7.67e-04	1.28e-01	5.29e-01	3.42e-01	0.00e+00	0.00e+00	0.00e+00	4.60e-08	1.82e-13	1.76e-43
 5.04763e+22	4.34e-19	5.56e-08	3.46e-05	8.78e-04	1.37e-01	5.36e-01	3.26e-01	0.00e+00	0.00e+00	0.00e+00	5.56e-08	2.24e-13	2.65e-43
 5.07351e+22	5.15e-19	6.43e-08	3.95e-05	9.71e-04	1.45e-01	5.40e-01	3.14e-01	0.00e+00	0.00e+00	0.00e+00	6.43e-08	2.63e-13	3.65e-43
 5.09551e+22	6.04e-19	7.35e-08	4.46e-05	1.07e-03	1.52e-01	5.43e-01	3.03e-01	0.00e+00	0.00e+00	0.00e+00	7.35e-08	3.05e-13	4.88e-43
 5.11997e+22	7.43e-19	8.71e-08	5.22e-05	1.21e-03	1.62e-01	5.48e-01	2.89e-01	0.00e+00	0.00e+00	0.00e+00	8.71e-08	3.68e-13	7.09e-43
 5.14339e+22	8.58e-19	9.79e-08	5.80e-05	1.31e-03	1.69e-01	5.50e-01	2.80e-01	0.00e+00	0.00e+00	0.00e+00	9.79e-08	4.19e-13	9.19e-43
 5.16543e+22	1.03e-18	1.14e-07	6.66e-05	1.45e-03	1.79e-01	5.52e-01	2.67e-01	0.00e+00	0.00e+00	0.00e+00	1.13e-07	4.95e-13	1.28e-42
 5.18779e+22	1.20e-18	1.27e-07	7.40e-05	1.58e-03	1.86e-01	5.54e-01	2.58e-01	0.00e+00	0.00e+00	0.00e+00	1.27e-07	5.64e-13	1.66e-42
 5.21056e+22	1.44e-18	1.48e-07	8.50e-05	1.76e-03	1.97e-01	5.56e-01	2.46e-01	0.00e+00	0.00e+00	0.00e+00	1.48e-07	6.66e-13	2.30e-42
 5.23347e+22	1.68e-18	1.66e-07	9.43e-05	1.90e-03	2.05e-01	5.56e-01	2.37e-01	0.00e+00	0.00e+00	0.00e+00	1.66e-07	7.56e-13	3.00e-42
 5.25656e+22	2.03e-18	1.91e-07	1.08e-04	2.11e-03	2.16e-01	5.57e-01	2.25e-01	0.00e+00	0.00e+00	0.00e+00	1.91e-07	8.90e-13	4.15e-42
 5.27994e+22	2.36e-18	2.14e-07	1.20e-04	2.29e-03	2.25e-01	5.57e-01	2.16e-01	0.00e+00	0.00e+00	0.00e+00	2.14e-07	1.01e-12	5.44e-42
 5.30370e+22	2.87e-18	2.47e-07	1.37e-04	2.54e-03	2.36e-01	5.56e-01	2.05e-01	0.00e+00	0.00e+00	0.00e+00	2.47e-07	1.19e-12	7.57e-42
 5.32784e+22	3.35e-18	2.77e-07	1.52e-04	2.75e-03	2.46e-01	5.55e-01	1.97e-01	0.00e+00	0.00e+00	0.00e+00	2.77e-07	1.35e-12	9.99e-42
 5.35245e+22	4.08e-18	3.20e-07	1.75e-04	3.06e-03	2.58e-01	5.53e-01	1.86e-01	0.00e+00	0.00e+00	0.00e+00	3.20e-07	1.58e-12	1.40e-41
 5.37751e+22	4.79e-18	3.60e-07	1.94e-04	3.32e-03	2.68e-01	5.51e-01	1.78e-01	0.00e+00	0.00e+00	0.00e+00	3.60e-07	1.80e-12	1.86e-41
 5.40315e+22	5.85e-18	4.16e-07	2.23e-04	3.69e-03	2.82e-01	5.47e-01	1.67e-01	0.00e+00	0.00e+00	0.00e+00	4.16e-07	2.11e-12	2.64e-41
 5.42933e+22	6.93e-18	4.68e-07	2.48e-04	4.00e-03	2.93e-01	5.44e-01	1.59e-01	0.00e+00	0.00e+00	0.00e+00	4.68e-07	2.40e-12	3.58e-41
 5.45620e+22	8.49e-18	5.41e-07	2.85e-04	4.47e-03	3.08e-01	5.39e-01	1.49e-01	0.00e+00	0.00e+00	0.00e+00	5.41e-07	2.82e-12	5.10e-41
 5.48317e+22	1.00e-17	6.07e-07	3.16e-04	4.84e-03	3.19e-01	5.35e-01	1.41e-01	0.00e+00	0.00e+00	0.00e+00	6.07e-07	3.19e-12	6.89e-41
 5.51028e+22	1.23e-17	7.00e-07	3.62e-04	5.37e-03	3.34e-01	5.29e-01	1.32e-01	0.00e+00	0.00e+00	0.00e+00	7.00e-07	3.73e-12	9.93e-41
 5.53779e+22	1.46e-17	7.86e-07	4.02e-04	5.82e-03	3.45e-01	5.23e-01	1.25e-01	0.00e+00	0.00e+00	0.00e+00	7.86e-07	4.22e-12	1.35e-40
 5.56168e+22	1.70e-17	8.75e-07	4.45e-04	6.29e-03	3.57e-01	5.18e-01	1.18e-01	0.00e+00	0.00e+00	0.00e+00	8.75e-07	4.74e-12	1.80e-40
 5.58860e+22	2.08e-17	1.00e-06	5.06e-04	6.94e-03	3.72e-01	5.10e-01	1.10e-01	0.00e+00	0.00e+00	0.00e+00	1.00e-06	5.50e-12	2.59e-40
 5.61579e+22	2.45e-17	1.12e-06	5.59e-04	7.48e-03	3.84e-01	5.04e-01	1.04e-01	0.00e+00	0.00e+00	0.00e+00	1.12e-06	6.18e-12	3.52e-40
 5.63849e+22	2.82e-17	1.23e-06	6.10e-04	8.00e-03	3.94e-01	4.98e-01	9.92e-02	0.00e+00	0.00e+00	0.00e+00	1.23e-06	6.85e-12	4.58e-40
 5.66315e+22	3.37e-17	1.39e-06	6.84e-04	8.73e-03	4.08e-01	4.89e-01	9.27e-02	0.00e+00	0.00e+00	0.00e+00	1.39e-06	7.78e-12	6.37e-40
 5.68760e+22	3.88e-17	1.52e-06	7.44e-04	9.31e-03	4.19e-01	4.83e-01	8.81e-02	0.00e+00	0.00e+00	0.00e+00	1.52e-06	8.60e-12	8.31e-40
 5.71178e+22	4.61e-17	1.71e-06	8.26e-04	1.01e-02	4.32e-01	4.75e-01	8.26e-02	4.61e-17	3.07e-21	7.14e-22	1.71e-06	9.72e-12	1.16e-39
 5.73697e+22	5.34e-17	1.88e-06	9.07e-04	1.08e-02	4.44e-01	4.67e-01	7.77e-02	5.33e-17	4.52e-20	7.11e-21	1.88e-06	1.08e-11	1.54e-39
 5.75940e+22	6.17e-17	2.07e-06	9.87e-04	1.15e-02	4.54e-01	4.60e-01	7.36e-02	6.17e-17	5.23e-20	8.25e-21	2.07e-06	1.19e-11	2.03e-39
 5.78450e+22	7.38e-17	2.32e-06	1.10e-03	1.25e-02	4.67e-01	4.50e-01	6.87e-02	7.37e-17	6.28e-20	9.91e-21	2.32e-06	1.35e-11	2.88e-39
 5.81099e+22	8.68e-17	2.58e-06	1.21e-03	1.34e-02	4.80e-01	4.41e-01	6.44e-02	8.67e-17	7.40e-20	1.17e-20	2.58e-06	1.51e-11	3.94e-39
 5.83511e+22	1.01e-16	2.84e-06	1.32e-03	1.43e-02	4.91e-01	4.33e-01	6.06e-02	1.01e-16	8.63e-20	1.37e-20	2.84e-06	1.67e-11	5.30e-39
 5.86229e+22	1.22e-16	3.22e-06	1.47e-03	1.55e-02	5.05e-01	4.22e-01	5.60e-02	1.22e-16	1.05e-19	1.67e-20	3.22e-06	1.91e-11	7.79e-39
 5.89026e+22	1.44e-16	3.57e-06	1.61e-03	1.66e-02	5.17e-01	4.13e-01	5.23e-02	1.44e-16	1.24e-19	1.98e-20	3.57e-06	2.14e-11	1.07e-38
 5.91541e+22	1.69e-16	3.94e-06	1.77e-03	1.78e-02	5.28e-01	4.04e-01	4.89e-02	1.69e-16	1.46e-19	2.33e-20	3.94e-06	2.38e-11	1.48e-38
 5.94424e+22	2.08e-16	4.49e-06	1.98e-03	1.93e-02	5.42e-01	3.92e-01	4.49e-02	2.08e-16	1.81e-19	2.88e-20	4.49e-06	2.73e-11	2.24e-38
 5.97351e+22	2.46e-16	4.98e-06	2.17e-03	2.07e-02	5.54e-01	3.82e-01	4.18e-02	2.46e-16	2.15e-19	3.43e-20	4.98e-06	3.06e-11	3.13e-38
 5.99944e+22	2.91e-16	5.52e-06	2.37e-03	2.21e-02	5.65e-01	3.72e-01	3.89e-02	2.91e-16	2.55e-19	4.08e-20	5.52e-06	3.41e-11	4.37e-38
 6.02926e+22	3.61e-16	6.29e-06	2.66e-03	2.40e-02	5.78e-01	3.59e-01	3.55e-02	3.60e-16	3.18e-19	5.10e-20	6.29e-06	3.93e-11	6.74e-38
 6.05963e+22	4.31e-16	7.00e-06	2.92e-03	2.57e-02	5.89e-01	3.49e-01	3.29e-02	4.31e-16	3.82e-19	6.13e-20	7.00e-06	4.41e-11	9.62e-38
 6.09073e+22	5.40e-16	8.01e-06	3.27e-03	2.79e-02	6.03e-01	3.36e-01	2.99e-02	5.39e-16	4.81e-19	7.75e-20	8.01e-06	5.11e-11	1.52e-37
 6.12230e+22	6.52e-16	8.94e-06	3.60e-03	2.98e-02	6.13e-01	3.26e-01	2.75e-02	6.51e-16	5.84e-19	9.43e-20	8.94e-06	5.76e-11	2.20e-37
 6.15450e+22	8.23e-16	1.03e-05	4.03e-03	3.23e-02	6.26e-01	3.13e-01	2.49e-02	8.22e-16	7.42e-19	1.20e-19	1.03e-05	6.68e-11	3.52e-37
 6.18757e+22	1.01e-15	1.15e-05	4.45e-03	3.47e-02	6.37e-01	3.01e-01	2.27e-02	1.00e-15	9.12e-19	1.48e-19	1.15e-05	7.58e-11	5.23e-37
 6.21644e+22	1.22e-15	1.28e-05	4.87e-03	3.69e-02	6.46e-01	2.91e-01	2.10e-02	1.22e-15	1.11e-18	1.81e-19	1.28e-05	8.55e-11	7.64e-37
 6.24861e+22	1.55e-15	1.47e-05	5.44e-03	3.99e-02	6.57e-01	2.79e-01	1.89e-02	1.55e-15	1.43e-18	2.33e-19	1.47e-05	9.93e-11	1.23e-36
 6.28277e+22	1.95e-15	1.67e-05	6.03e-03	4.28e-02	6.67e-01	2.67e-01	1.71e-02	1.95e-15	1.80e-18	2.95e-19	1.67e-05	1.14e-10	1.89e-36
 6.31061e+22	2.31e-15	1.83e-05	6.51e-03	4.52e-02	6.74e-01	2.59e-01	1.59e-02	2.31e-15	2.15e-18	3.53e-19	1.83e-05	1.26e-10	2.63e-36
 6.33790e+22	2.84e-15	2.05e-05	7.13e-03	4.81e-02	6.81e-01	2.49e-01	1.45e-02	2.84e-15	2.67e-18	4.39e-19	2.05e-05	1.43e-10	3.92e-36
 6.36698e+22	3.46e-15	2.27e-05	7.74e-03	5.08e-02	6.88e-01	2.40e-01	1.34e-02	3.46e-15	3.27e-18	5.40e-19	2.27e-05	1.61e-10	5.66e-36
 6.39405e+22	4.16e-15	2.51e-05	8.39e-03	5.37e-02	6.94e-01	2.31e-01	1.23e-02	4.15e-15	3.95e-18	6.54e-19	2.51e-05	1.80e-10	8.09e-36
 6.42490e+22	5.39e-15	2.86e-05	9.30e-03	5.75e-02	7.02e-01	2.20e-01	1.11e-02	5.39e-15	5.18e-18	8.59e-19	2.86e-05	2.08e-10	1.29e-35
 6.45611e+22	6.65e-15	3.18e-05	1.01e-02	6.08e-02	7.07e-01	2.12e-01	1.02e-02	6.64e-15	6.43e-18	1.07e-18	3.18e-05	2.34e-10	1.88e-35
 6.48776e+22	8.69e-15	3.63e-05	1.12e-02	6.50e-02	7.13e-01	2.01e-01	9.11e-03	8.68e-15	8.49e-18	1.42e-18	3.63e-05	2.72e-10	3.02e-35
 6.51969e+22	1.10e-14	4.04e-05	1.22e-02	6.88e-02	7.18e-01	1.93e-01	8.29e-03	1.10e-14	1.08e-17	1.82e-18	4.04e-05	3.08e-10	4.45e-35
 6.54734e+22	1.35e-14	4.48e-05	1.32e-02	7.25e-02	7.22e-01	1.85e-01	7.59e-03	1.34e-14	1.34e-17	2.25e-18	4.48e-05	3.46e-10	6.44e-35
 6.57863e+22	1.83e-14	5.10e-05	1.45e-02	7.73e-02	7.26e-01	1.75e-01	6.78e-03	1.82e-14	1.83e-17	3.10e-18	5.10e-05	4.01e-10	1.03e-34
 6.61081e+22	2.32e-14	5.70e-05	1.58e-02	8.15e-02	7.29e-01	1.67e-01	6.18e-03	2.32e-14	2.35e-17	3.99e-18	5.70e-05	4.55e-10	1.53e-34
 6.64416e+22	3.30e-14	6.56e-05	1.75e-02	8.72e-02	7.32e-01	1.57e-01	5.45e-03	3.29e-14	3.39e-17	5.76e-18	6.56e-05	5.35e-10	2.54e-34
 6.67765e+22	4.30e-14	7.32e-05	1.90e-02	9.19e-02	7.34e-01	1.50e-01	4.94e-03	4.30e-14	4.47e-17	7.63e-18	7.32e-05	6.08e-10	3.79e-34
 6.71132e+22	5.97e-14	8.41e-05	2.11e-02	9.79e-02	7.35e-01	1.41e-01	4.37e-03	5.96e-14	6.28e-17	1.08e-17	8.41e-05	7.14e-10	6.26e-34
 6.74622e+22	8.82e-14	9.49e-05	2.30e-02	1.04e-01	7.36e-01	1.33e-01	3.90e-03	8.81e-14	9.40e-17	1.62e-17	9.49e-05	8.23e-10	9.70e-34
 6.77741e+22	1.17e-13	1.06e-04	2.50e-02	1.09e-01	7.36e-01	1.26e-01	3.51e-03	1.17e-13	1.26e-16	2.18e-17	1.06e-04	9.40e-10	1.47e-33
 6.81266e+22	1.73e-13	1.23e-04	2.77e-02	1.16e-01	7.35e-01	1.18e-01	3.07e-03	1.73e-13	1.89e-16	3.29e-17	1.23e-04	1.11e-09	2.48e-33
 6.84882e+22	2.79e-13	1.39e-04	3.03e-02	1.23e-01	7.33e-01	1.11e-01	2.73e-03	2.79e-13	3.11e-16	5.42e-17	1.39e-04	1.29e-09	3.89e-33
 6.88074e+22	3.82e-13	1.56e-04	3.29e-02	1.29e-01	7.31e-01	1.05e-01	2.44e-03	3.82e-13	4.31e-16	7.54e-17	1.56e-04	1.48e-09	5.93e-33
 6.91679e+22	5.87e-13	1.81e-04	3.65e-02	1.37e-01	7.27e-01	9.74e-02	2.12e-03	5.86e-13	6.74e-16	1.19e-16	1.81e-04	1.77e-09	1.01e-32
 6.95390e+22	9.65e-13	2.06e-04	3.99e-02	1.45e-01	7.22e-01	9.11e-02	1.87e-03	9.63e-13	1.12e-15	1.99e-16	2.06e-04	2.06e-09	1.60e-32
 6.98683e+22	1.34e-12	2.32e-04	4.33e-02	1.52e-01	7.18e-01	8.55e-02	1.66e-03	1.34e-12	1.59e-15	2.83e-16	2.32e-04	2.38e-09	2.47e-32
 7.02408e+22	2.16e-12	2.70e-04	4.81e-02	1.61e-01	7.10e-01	7.87e-02	1.42e-03	2.15e-12	2.61e-15	4.65e-16	2.70e-04	2.87e-09	4.32e-32
 7.06220e+22	3.38e-12	3.07e-04	5.25e-02	1.69e-01	7.03e-01	7.32e-02	1.24e-03	3.38e-12	4.16e-15	7.45e-16	3.07e-04	3.35e-09	6.85e-32
 7.10147e+22	5.33e-12	3.61e-04	5.85e-02	1.80e-01	6.93e-01	6.68e-02	1.05e-03	5.33e-12	6.71e-15	1.21e-15	3.61e-04	4.08e-09	1.23e-31
 7.14127e+22	8.57e-12	4.12e-04	6.39e-02	1.89e-01	6.84e-01	6.18e-02	9.14e-04	8.55e-12	1.10e-14	1.99e-15	4.12e-04	4.80e-09	1.98e-31
 7.18177e+22	1.38e-11	4.86e-04	7.11e-02	2.00e-01	6.72e-01	5.61e-02	7.70e-04	1.37e-11	1.81e-14	3.30e-15	4.86e-04	5.88e-09	3.56e-31
 7.22333e+22	2.60e-11	5.60e-04	7.80e-02	2.10e-01	6.60e-01	5.14e-02	6.59e-04	2.60e-11	3.50e-14	6.41e-15	5.60e-04	7.01e-09	5.90e-31
 7.26013e+22	4.81e-11	6.40e-04	8.49e-02	2.19e-01	6.48e-01	4.73e-02	5.68e-04	4.80e-11	6.60e-14	1.21e-14	6.40e-04	8.27e-09	9.51e-31
 7.30183e+22	9.96e-11	7.59e-04	9.47e-02	2.31e-01	6.31e-01	4.24e-02	4.70e-04	9.94e-11	1.41e-13	2.61e-14	7.59e-04	1.02e-08	1.75e-30
 7.34478e+22	3.13e-10	8.75e-04	1.04e-01	2.41e-01	6.16e-01	3.85e-02	3.98e-04	3.12e-10	4.53e-13	8.43e-14	8.75e-04	1.23e-08	2.91e-30
 7.38306e+22	1.28e-09	1.00e-03	1.13e-01	2.50e-01	6.00e-01	3.50e-02	3.38e-04	1.27e-09	1.90e-12	3.55e-13	1.00e-03	1.46e-08	4.79e-30
 7.42652e+22	4.20e-09	1.20e-03	1.26e-01	2.62e-01	5.80e-01	3.10e-02	2.75e-04	4.19e-09	6.45e-12	1.21e-12	1.20e-03	1.82e-08	9.07e-30
 7.47050e+22	1.45e-08	1.38e-03	1.37e-01	2.72e-01	5.62e-01	2.79e-02	2.31e-04	1.45e-08	2.29e-11	4.33e-12	1.38e-03	2.18e-08	1.58e-29
 7.50915e+22	2.29e-08	1.58e-03	1.49e-01	2.81e-01	5.43e-01	2.51e-02	1.94e-04	2.29e-08	3.72e-11	7.07e-12	1.58e-03	2.61e-08	2.63e-29
 7.54493e+22	2.99e-08	1.77e-03	1.60e-01	2.88e-01	5.27e-01	2.29e-02	1.67e-04	2.98e-08	4.97e-11	9.47e-12	1.77e-03	3.04e-08	4.03e-29
 7.58304e+22	4.10e-08	2.05e-03	1.74e-01	2.97e-01	5.06e-01	2.04e-02	1.38e-04	4.09e-08	7.04e-11	1.35e-11	2.05e-03	3.67e-08	6.89e-29
 7.62180e+22	5.32e-08	2.32e-03	1.87e-01	3.04e-01	4.88e-01	1.84e-02	1.16e-04	5.31e-08	9.39e-11	1.81e-11	2.32e-03	4.32e-08	1.08e-28
 7.65583e+22	6.63e-08	2.60e-03	2.00e-01	3.10e-01	4.71e-01	1.66e-02	9.92e-05	6.62e-08	1.20e-10	2.32e-11	2.60e-03	5.03e-08	1.64e-28
 7.69448e+22	8.66e-08	3.01e-03	2.17e-01	3.17e-01	4.47e-01	1.46e-02	8.04e-05	8.64e-08	1.63e-10	3.16e-11	3.01e-03	6.10e-08	2.80e-28
 7.73389e+22	1.07e-07	3.39e-03	2.33e-01	3.23e-01	4.28e-01	1.30e-02	6.73e-05	1.07e-07	2.07e-10	4.03e-11	3.39e-03	7.16e-08	4.32e-28
 7.77428e+22	1.37e-07	3.93e-03	2.52e-01	3.28e-01	4.04e-01	1.13e-02	5.40e-05	1.37e-07	2.76e-10	5.40e-11	3.93e-03	8.72e-08	7.41e-28
 7.81558e+22	1.69e-07	4.45e-03	2.70e-01	3.32e-01	3.83e-01	9.98e-03	4.43e-05	1.69e-07	3.52e-10	6.91e-11	4.45e-03	1.03e-07	1.17e-27
 7.85173e+22	2.04e-07	4.98e-03	2.87e-01	3.35e-01	3.64e-01	8.87e-03	3.69e-05	2.04e-07	4.38e-10	8.64e-11	4.98e-03	1.21e-07	1.79e-27
 7.88530e+22	2.42e-07	5.52e-03	3.03e-01	3.37e-01	3.47e-01	7.93e-03	3.10e-05	2.42e-07	5.34e-10	1.06e-10	5.52e-03	1.39e-07	2.62e-27
 7.91695e+22	2.83e-07	6.06e-03	3.18e-01	3.38e-01	3.31e-01	7.13e-03	2.64e-05	2.82e-07	6.41e-10	1.27e-10	6.06e-03	1.59e-07	3.76e-27
 7.95321e+22	3.44e-07	6.85e-03	3.39e-01	3.38e-01	3.09e-01	6.17e-03	2.12e-05	3.43e-07	8.10e-10	1.62e-10	6.85e-03	1.88e-07	6.00e-27
 7.99007e+22	4.05e-07	7.58e-03	3.57e-01	3.38e-01	2.92e-01	5.45e-03	1.76e-05	4.04e-07	9.85e-10	1.97e-10	7.58e-03	2.17e-07	8.81e-27
 8.02245e+22	4.73e-07	8.34e-03	3.75e-01	3.37e-01	2.75e-01	4.82e-03	1.47e-05	4.71e-07	1.18e-09	2.38e-10	8.34e-03	2.48e-07	1.27e-26
 8.05932e+22	5.71e-07	9.38e-03	3.97e-01	3.35e-01	2.55e-01	4.13e-03	1.16e-05	5.69e-07	1.49e-09	3.00e-10	9.38e-03	2.94e-07	2.02e-26
 8.09677e+22	6.68e-07	1.03e-02	4.16e-01	3.32e-01	2.38e-01	3.60e-03	9.51e-06	6.66e-07	1.80e-09	3.63e-10	1.03e-02	3.38e-07	2.97e-26
 8.12976e+22	7.73e-07	1.13e-02	4.34e-01	3.28e-01	2.23e-01	3.17e-03	7.85e-06	7.71e-07	2.15e-09	4.36e-10	1.13e-02	3.86e-07	4.26e-26
 8.16743e+22	9.28e-07	1.27e-02	4.57e-01	3.23e-01	2.05e-01	2.67e-03	6.13e-06	9.25e-07	2.70e-09	5.48e-10	1.27e-02	4.55e-07	6.75e-26
 8.20574e+22	1.08e-06	1.39e-02	4.76e-01	3.18e-01	1.90e-01	2.31e-03	4.95e-06	1.07e-06	3.24e-09	6.61e-10	1.39e-02	5.22e-07	9.81e-26
 8.24488e+22	1.29e-06	1.56e-02	5.00e-01	3.10e-01	1.72e-01	1.92e-03	3.79e-06	1.29e-06	4.08e-09	8.34e-10	1.56e-02	6.16e-07	1.57e-25
 8.28426e+22	1.50e-06	1.70e-02	5.19e-01	3.04e-01	1.59e-01	1.65e-03	3.04e-06	1.49e-06	4.89e-09	1.00e-09	1.70e-02	7.04e-07	2.28e-25
 8.32395e+22	1.79e-06	1.90e-02	5.42e-01	2.94e-01	1.43e-01	1.36e-03	2.30e-06	1.78e-06	6.14e-09	1.26e-09	1.90e-02	8.29e-07	3.64e-25
 8.36404e+22	2.07e-06	2.07e-02	5.61e-01	2.86e-01	1.31e-01	1.15e-03	1.82e-06	2.06e-06	7.36e-09	1.52e-09	2.07e-02	9.46e-07	5.28e-25
 8.40464e+22	2.46e-06	2.30e-02	5.84e-01	2.75e-01	1.17e-01	9.39e-04	1.36e-06	2.45e-06	9.22e-09	1.91e-09	2.30e-02	1.11e-06	8.44e-25
 8.44579e+22	2.84e-06	2.50e-02	6.02e-01	2.66e-01	1.06e-01	7.89e-04	1.06e-06	2.83e-06	1.11e-08	2.30e-09	2.50e-02	1.27e-06	1.23e-24
