#depth	O	O+	O+2	O+3	O+4	O+5	O+6	O+7	O+8	O[1]	O[2]	O[3]
 4.62852e+21	0.00e+00	5.82e-31	1.30e-24	1.78e-19	5.93e-15	8.26e-11	3.02e-06	3.66e-03	9.96e-01	0.00e+00	0.00e+00	0.00e+00
 1.05514e+22	0.00e+00	7.05e-30	1.11e-23	1.07e-18	2.53e-14	2.49e-10	6.24e-06	5.24e-03	9.95e-01	0.00e+00	0.00e+00	0.00e+00
 1.27154e+22	0.00e+00	3.75e-29	4.65e-23	3.57e-18	6.69e-14	5.20e-10	1.01e-05	6.66e-03	9.93e-01	0.00e+00	0.00e+00	0.00e+00
 1.42808e+22	0.00e+00	1.44e-28	1.47e-22	9.38e-18	1.46e-13	9.38e-10	1.50e-05	8.08e-03	9.92e-01	0.00e+00	0.00e+00	0.00e+00
 1.51505e+22	0.00e+00	2.02e-28	1.97e-22	1.20e-17	1.77e-13	1.09e-09	1.66e-05	8.49e-03	9.91e-01	0.00e+00	0.00e+00	0.00e+00
 1.54317e+22	0.00e+00	2.48e-28	2.35e-22	1.39e-17	1.99e-13	1.19e-09	1.76e-05	8.74e-03	9.91e-01	0.00e+00	0.00e+00	0.00e+00
 1.56783e+22	0.00e+00	3.24e-28	2.96e-22	1.68e-17	2.33e-13	1.34e-09	1.90e-05	9.09e-03	9.91e-01	0.00e+00	0.00e+00	0.00e+00
 1.59341e+22	0.00e+00	4.06e-28	3.60e-22	1.98e-17	2.66e-13	1.48e-09	2.03e-05	9.39e-03	9.91e-01	0.00e+00	0.00e+00	0.00e+00
 1.62020e+22	2.14e-35	5.44e-28	4.61e-22	2.43e-17	3.14e-13	1.68e-09	2.21e-05	9.79e-03	9.90e-01	0.00e+00	0.00e+00	0.00e+00
 1.64736e+22	2.84e-35	6.96e-28	5.70e-22	2.90e-17	3.61e-13	1.86e-09	2.37e-05	1.02e-02	9.90e-01	0.00e+00	0.00e+00	0.00e+00
 1.67105e+22	3.70e-35	8.77e-28	6.95e-22	3.43e-17	4.12e-13	2.06e-09	2.54e-05	1.05e-02	9.89e-01	0.00e+00	0.00e+00	0.00e+00
 1.69389e+22	4.79e-35	1.10e-27	8.42e-22	4.02e-17	4.69e-13	2.27e-09	2.71e-05	1.08e-02	9.89e-01	0.00e+00	0.00e+00	0.00e+00
 1.71961e+22	6.49e-35	1.43e-27	1.06e-21	4.86e-17	5.46e-13	2.54e-09	2.92e-05	1.13e-02	9.89e-01	0.00e+00	0.00e+00	0.00e+00
 1.74652e+22	8.78e-35	1.86e-27	1.32e-21	5.86e-17	6.33e-13	2.84e-09	3.15e-05	1.17e-02	9.88e-01	0.00e+00	0.00e+00	0.00e+00
 1.76975e+22	1.13e-34	2.32e-27	1.59e-21	6.84e-17	7.17e-13	3.12e-09	3.36e-05	1.21e-02	9.88e-01	0.00e+00	0.00e+00	0.00e+00
 1.79473e+22	1.54e-34	3.04e-27	2.01e-21	8.29e-17	8.37e-13	3.50e-09	3.63e-05	1.25e-02	9.87e-01	0.00e+00	0.00e+00	0.00e+00
 1.82119e+22	2.07e-34	3.93e-27	2.50e-21	9.95e-17	9.67e-13	3.90e-09	3.91e-05	1.30e-02	9.87e-01	0.00e+00	0.00e+00	0.00e+00
 1.84405e+22	2.67e-34	4.91e-27	3.03e-21	1.17e-16	1.10e-12	4.28e-09	4.16e-05	1.34e-02	9.87e-01	0.00e+00	0.00e+00	0.00e+00
 1.86823e+22	3.65e-34	6.44e-27	3.81e-21	1.41e-16	1.28e-12	4.79e-09	4.50e-05	1.40e-02	9.86e-01	0.00e+00	0.00e+00	0.00e+00
 1.89335e+22	4.82e-34	8.21e-27	4.68e-21	1.67e-16	1.46e-12	5.30e-09	4.82e-05	1.45e-02	9.85e-01	0.00e+00	0.00e+00	0.00e+00
 1.91591e+22	6.28e-34	1.03e-26	5.70e-21	1.97e-16	1.66e-12	5.83e-09	5.15e-05	1.50e-02	9.85e-01	0.00e+00	0.00e+00	0.00e+00
 1.94144e+22	8.87e-34	1.39e-26	7.34e-21	2.43e-16	1.96e-12	6.58e-09	5.60e-05	1.56e-02	9.84e-01	0.00e+00	0.00e+00	0.00e+00
 1.96729e+22	1.17e-33	1.77e-26	8.99e-21	2.88e-16	2.25e-12	7.27e-09	6.00e-05	1.62e-02	9.84e-01	0.00e+00	0.00e+00	0.00e+00
 1.98952e+22	1.53e-33	2.24e-26	1.10e-20	3.39e-16	2.56e-12	8.00e-09	6.41e-05	1.67e-02	9.83e-01	0.00e+00	0.00e+00	0.00e+00
 2.01065e+22	1.99e-33	2.81e-26	1.33e-20	3.98e-16	2.90e-12	8.76e-09	6.83e-05	1.73e-02	9.83e-01	0.00e+00	0.00e+00	0.00e+00
 2.03437e+22	2.74e-33	3.71e-26	1.69e-20	4.83e-16	3.38e-12	9.79e-09	7.39e-05	1.80e-02	9.82e-01	0.00e+00	0.00e+00	0.00e+00
 2.05897e+22	3.63e-33	4.73e-26	2.07e-20	5.72e-16	3.86e-12	1.08e-08	7.91e-05	1.86e-02	9.81e-01	0.00e+00	0.00e+00	0.00e+00
 2.08118e+22	4.84e-33	6.06e-26	2.56e-20	6.81e-16	4.42e-12	1.19e-08	8.48e-05	1.93e-02	9.81e-01	0.00e+00	0.00e+00	0.00e+00
 2.10291e+22	6.38e-33	7.71e-26	3.14e-20	8.05e-16	5.04e-12	1.31e-08	9.06e-05	1.99e-02	9.80e-01	0.00e+00	0.00e+00	0.00e+00
 2.12366e+22	8.30e-33	9.68e-26	3.80e-20	9.42e-16	5.70e-12	1.43e-08	9.65e-05	2.06e-02	9.79e-01	0.00e+00	0.00e+00	0.00e+00
 2.14677e+22	1.16e-32	1.29e-25	4.84e-20	1.15e-15	6.66e-12	1.60e-08	1.05e-04	2.15e-02	9.78e-01	0.00e+00	0.00e+00	0.00e+00
 2.17017e+22	1.52e-32	1.64e-25	5.92e-20	1.36e-15	7.59e-12	1.76e-08	1.12e-04	2.22e-02	9.78e-01	0.00e+00	0.00e+00	0.00e+00
 2.19069e+22	2.01e-32	2.08e-25	7.25e-20	1.60e-15	8.63e-12	1.93e-08	1.19e-04	2.30e-02	9.77e-01	0.00e+00	0.00e+00	0.00e+00
 2.21097e+22	2.64e-32	2.63e-25	8.84e-20	1.88e-15	9.80e-12	2.11e-08	1.27e-04	2.37e-02	9.76e-01	0.00e+00	0.00e+00	0.00e+00
 2.23419e+22	3.70e-32	3.52e-25	1.13e-19	2.31e-15	1.15e-11	2.36e-08	1.38e-04	2.47e-02	9.75e-01	0.00e+00	0.00e+00	0.00e+00
 2.25737e+22	4.98e-32	4.55e-25	1.40e-19	2.75e-15	1.31e-11	2.60e-08	1.48e-04	2.56e-02	9.74e-01	0.00e+00	0.00e+00	0.00e+00
 2.27672e+22	6.44e-32	5.68e-25	1.69e-19	3.21e-15	1.48e-11	2.84e-08	1.57e-04	2.64e-02	9.73e-01	0.00e+00	0.00e+00	0.00e+00
 2.29812e+22	8.98e-32	7.56e-25	2.15e-19	3.91e-15	1.73e-11	3.16e-08	1.70e-04	2.75e-02	9.72e-01	0.00e+00	0.00e+00	0.00e+00
 2.32003e+22	1.18e-31	9.58e-25	2.63e-19	4.61e-15	1.96e-11	3.46e-08	1.81e-04	2.84e-02	9.71e-01	0.00e+00	0.00e+00	0.00e+00
 2.34261e+22	1.67e-31	1.29e-24	3.39e-19	5.67e-15	2.30e-11	3.89e-08	1.97e-04	2.96e-02	9.70e-01	0.00e+00	0.00e+00	0.00e+00
 2.36547e+22	2.28e-31	1.69e-24	4.23e-19	6.80e-15	2.65e-11	4.29e-08	2.11e-04	3.07e-02	9.69e-01	0.00e+00	0.00e+00	0.00e+00
 2.38499e+22	2.98e-31	2.13e-24	5.16e-19	8.00e-15	3.01e-11	4.70e-08	2.25e-04	3.17e-02	9.68e-01	0.00e+00	0.00e+00	0.00e+00
 2.40668e+22	4.19e-31	2.85e-24	6.60e-19	9.78e-15	3.52e-11	5.24e-08	2.43e-04	3.30e-02	9.67e-01	0.00e+00	0.00e+00	0.00e+00
 2.42892e+22	5.62e-31	3.68e-24	8.17e-19	1.17e-14	4.03e-11	5.78e-08	2.61e-04	3.42e-02	9.66e-01	0.00e+00	0.00e+00	0.00e+00
 2.44854e+22	7.54e-31	4.74e-24	1.01e-18	1.39e-14	4.61e-11	6.36e-08	2.79e-04	3.54e-02	9.64e-01	0.00e+00	0.00e+00	0.00e+00
 2.46732e+22	9.90e-31	6.00e-24	1.23e-18	1.63e-14	5.24e-11	6.95e-08	2.97e-04	3.65e-02	9.63e-01	0.00e+00	0.00e+00	0.00e+00
 2.48837e+22	1.39e-30	8.02e-24	1.58e-18	2.00e-14	6.12e-11	7.77e-08	3.21e-04	3.80e-02	9.62e-01	0.00e+00	0.00e+00	0.00e+00
 2.51023e+22	1.89e-30	1.05e-23	1.97e-18	2.40e-14	7.05e-11	8.59e-08	3.45e-04	3.94e-02	9.60e-01	0.00e+00	0.00e+00	0.00e+00
 2.52958e+22	2.52e-30	1.34e-23	2.44e-18	2.85e-14	8.06e-11	9.44e-08	3.69e-04	4.07e-02	9.59e-01	0.00e+00	0.00e+00	0.00e+00
 2.55119e+22	3.60e-30	1.83e-23	3.16e-18	3.53e-14	9.51e-11	1.06e-07	4.00e-04	4.24e-02	9.57e-01	0.00e+00	0.00e+00	0.00e+00
 2.57310e+22	4.90e-30	2.38e-23	3.95e-18	4.24e-14	1.10e-10	1.17e-07	4.30e-04	4.39e-02	9.56e-01	0.00e+00	0.00e+00	0.00e+00
 2.59209e+22	6.59e-30	3.08e-23	4.90e-18	5.06e-14	1.26e-10	1.29e-07	4.60e-04	4.54e-02	9.54e-01	0.00e+00	0.00e+00	0.00e+00
 2.61348e+22	9.41e-30	4.19e-23	6.35e-18	6.27e-14	1.48e-10	1.46e-07	4.99e-04	4.73e-02	9.52e-01	0.00e+00	0.00e+00	0.00e+00
 2.63589e+22	1.33e-29	5.63e-23	8.15e-18	7.69e-14	1.74e-10	1.63e-07	5.39e-04	4.92e-02	9.50e-01	0.00e+00	0.00e+00	0.00e+00
 2.65586e+22	1.79e-29	7.29e-23	1.01e-17	9.20e-14	2.00e-10	1.80e-07	5.77e-04	5.09e-02	9.49e-01	0.00e+00	0.00e+00	0.00e+00
 2.67507e+22	2.40e-29	9.41e-23	1.26e-17	1.10e-13	2.30e-10	1.98e-07	6.18e-04	5.26e-02	9.47e-01	0.00e+00	0.00e+00	0.00e+00
 2.69385e+22	3.22e-29	1.21e-22	1.56e-17	1.31e-13	2.63e-10	2.19e-07	6.60e-04	5.43e-02	9.45e-01	0.00e+00	0.00e+00	0.00e+00
 2.71223e+22	4.39e-29	1.58e-22	1.95e-17	1.58e-13	3.03e-10	2.42e-07	7.07e-04	5.62e-02	9.43e-01	0.00e+00	0.00e+00	0.00e+00
 2.73020e+22	5.87e-29	2.03e-22	2.41e-17	1.88e-13	3.47e-10	2.66e-07	7.55e-04	5.80e-02	9.41e-01	0.00e+00	0.00e+00	0.00e+00
 2.75049e+22	8.44e-29	2.78e-22	3.15e-17	2.33e-13	4.11e-10	3.00e-07	8.19e-04	6.04e-02	9.39e-01	0.00e+00	0.00e+00	0.00e+00
 2.76979e+22	1.11e-28	3.51e-22	3.83e-17	2.74e-13	4.67e-10	3.28e-07	8.70e-04	6.22e-02	9.37e-01	0.00e+00	0.00e+00	0.00e+00
 2.78518e+22	1.44e-28	4.42e-22	4.65e-17	3.22e-13	5.28e-10	3.58e-07	9.23e-04	6.40e-02	9.35e-01	0.00e+00	0.00e+00	0.00e+00
 2.79919e+22	1.83e-28	5.42e-22	5.52e-17	3.71e-13	5.89e-10	3.86e-07	9.72e-04	6.57e-02	9.33e-01	0.00e+00	0.00e+00	0.00e+00
 2.81200e+22	2.25e-28	6.49e-22	6.44e-17	4.21e-13	6.49e-10	4.14e-07	1.02e-03	6.72e-02	9.32e-01	0.00e+00	0.00e+00	0.00e+00
 2.82664e+22	2.98e-28	8.28e-22	7.90e-17	4.98e-13	7.40e-10	4.54e-07	1.08e-03	6.92e-02	9.30e-01	0.00e+00	0.00e+00	0.00e+00
 2.84175e+22	3.80e-28	1.02e-21	9.44e-17	5.76e-13	8.29e-10	4.92e-07	1.14e-03	7.10e-02	9.28e-01	0.00e+00	0.00e+00	0.00e+00
 2.85460e+22	4.78e-28	1.24e-21	1.12e-16	6.61e-13	9.22e-10	5.30e-07	1.20e-03	7.28e-02	9.26e-01	0.00e+00	0.00e+00	0.00e+00
 2.86643e+22	5.81e-28	1.47e-21	1.29e-16	7.44e-13	1.01e-09	5.66e-07	1.25e-03	7.43e-02	9.24e-01	0.00e+00	0.00e+00	0.00e+00
 2.87978e+22	7.57e-28	1.85e-21	1.56e-16	8.72e-13	1.14e-09	6.17e-07	1.33e-03	7.64e-02	9.22e-01	0.00e+00	0.00e+00	0.00e+00
 2.89360e+22	9.61e-28	2.28e-21	1.86e-16	1.01e-12	1.28e-09	6.68e-07	1.40e-03	7.83e-02	9.20e-01	0.00e+00	0.00e+00	0.00e+00
 2.90580e+22	1.20e-27	2.76e-21	2.19e-16	1.15e-12	1.42e-09	7.19e-07	1.47e-03	8.02e-02	9.18e-01	0.00e+00	0.00e+00	0.00e+00
 2.91945e+22	1.59e-27	3.52e-21	2.69e-16	1.36e-12	1.62e-09	7.88e-07	1.56e-03	8.25e-02	9.16e-01	0.00e+00	0.00e+00	0.00e+00
 2.93283e+22	1.98e-27	4.25e-21	3.15e-16	1.56e-12	1.79e-09	8.46e-07	1.64e-03	8.44e-02	9.14e-01	0.00e+00	0.00e+00	0.00e+00
 2.94404e+22	2.47e-27	5.15e-21	3.71e-16	1.78e-12	1.98e-09	9.10e-07	1.71e-03	8.63e-02	9.12e-01	0.00e+00	0.00e+00	0.00e+00
 2.95508e+22	3.07e-27	6.21e-21	4.35e-16	2.03e-12	2.19e-09	9.76e-07	1.80e-03	8.82e-02	9.10e-01	0.00e+00	0.00e+00	0.00e+00
 2.96774e+22	4.02e-27	7.84e-21	5.29e-16	2.38e-12	2.49e-09	1.07e-06	1.90e-03	9.07e-02	9.07e-01	0.00e+00	0.00e+00	0.00e+00
 2.98070e+22	5.13e-27	9.68e-21	6.33e-16	2.76e-12	2.79e-09	1.16e-06	2.00e-03	9.29e-02	9.05e-01	0.00e+00	0.00e+00	0.00e+00
 2.99188e+22	6.38e-27	1.17e-20	7.42e-16	3.15e-12	3.08e-09	1.24e-06	2.10e-03	9.49e-02	9.03e-01	0.00e+00	0.00e+00	0.00e+00
 3.00425e+22	8.46e-27	1.49e-20	9.13e-16	3.73e-12	3.51e-09	1.36e-06	2.23e-03	9.76e-02	9.00e-01	0.00e+00	0.00e+00	0.00e+00
 3.01627e+22	1.04e-26	1.78e-20	1.06e-15	4.23e-12	3.87e-09	1.45e-06	2.33e-03	9.97e-02	8.98e-01	0.00e+00	0.00e+00	0.00e+00
 3.02783e+22	1.39e-26	2.29e-20	1.31e-15	5.03e-12	4.43e-09	1.60e-06	2.47e-03	1.03e-01	8.95e-01	0.00e+00	0.00e+00	0.00e+00
 3.03919e+22	1.71e-26	2.75e-20	1.53e-15	5.71e-12	4.88e-09	1.71e-06	2.58e-03	1.05e-01	8.93e-01	0.00e+00	0.00e+00	0.00e+00
 3.05031e+22	2.24e-26	3.46e-20	1.86e-15	6.71e-12	5.53e-09	1.86e-06	2.73e-03	1.07e-01	8.90e-01	0.00e+00	0.00e+00	0.00e+00
 3.06179e+22	2.84e-26	4.25e-20	2.22e-15	7.75e-12	6.17e-09	2.01e-06	2.86e-03	1.10e-01	8.87e-01	0.00e+00	0.00e+00	0.00e+00
 3.07202e+22	3.58e-26	5.19e-20	2.62e-15	8.90e-12	6.86e-09	2.17e-06	3.00e-03	1.12e-01	8.85e-01	0.00e+00	0.00e+00	0.00e+00
 3.08361e+22	4.87e-26	6.77e-20	3.29e-15	1.07e-11	7.92e-09	2.39e-06	3.20e-03	1.16e-01	8.81e-01	0.00e+00	0.00e+00	0.00e+00
 3.09507e+22	6.08e-26	8.20e-20	3.87e-15	1.23e-11	8.78e-09	2.57e-06	3.35e-03	1.18e-01	8.79e-01	0.00e+00	0.00e+00	0.00e+00
 3.10638e+22	8.32e-26	1.08e-19	4.87e-15	1.48e-11	1.01e-08	2.84e-06	3.57e-03	1.22e-01	8.75e-01	0.00e+00	0.00e+00	0.00e+00
 3.11766e+22	1.04e-25	1.31e-19	5.74e-15	1.70e-11	1.13e-08	3.06e-06	3.73e-03	1.24e-01	8.72e-01	0.00e+00	0.00e+00	0.00e+00
 3.12893e+22	1.44e-25	1.73e-19	7.29e-15	2.06e-11	1.31e-08	3.39e-06	3.99e-03	1.28e-01	8.68e-01	0.00e+00	0.00e+00	0.00e+00
 3.14020e+22	1.82e-25	2.12e-19	8.65e-15	2.38e-11	1.46e-08	3.66e-06	4.18e-03	1.31e-01	8.65e-01	0.00e+00	0.00e+00	0.00e+00
 3.15147e+22	2.55e-25	2.83e-19	1.11e-14	2.91e-11	1.70e-08	4.07e-06	4.47e-03	1.35e-01	8.61e-01	0.00e+00	0.00e+00	0.00e+00
 3.16277e+22	3.25e-25	3.49e-19	1.32e-14	3.37e-11	1.91e-08	4.41e-06	4.70e-03	1.38e-01	8.57e-01	0.00e+00	0.00e+00	0.00e+00
 3.17412e+22	4.56e-25	4.68e-19	1.69e-14	4.13e-11	2.23e-08	4.91e-06	5.02e-03	1.42e-01	8.53e-01	0.00e+00	0.00e+00	0.00e+00
 3.18508e+22	5.77e-25	5.74e-19	2.01e-14	4.76e-11	2.49e-08	5.29e-06	5.27e-03	1.45e-01	8.49e-01	0.00e+00	0.00e+00	0.00e+00
 3.19553e+22	7.93e-25	7.55e-19	2.54e-14	5.77e-11	2.88e-08	5.86e-06	5.61e-03	1.50e-01	8.45e-01	0.00e+00	0.00e+00	0.00e+00
 3.20617e+22	1.02e-24	9.39e-19	3.06e-14	6.72e-11	3.24e-08	6.35e-06	5.90e-03	1.53e-01	8.41e-01	0.00e+00	0.00e+00	0.00e+00
 3.21705e+22	1.43e-24	1.26e-18	3.91e-14	8.23e-11	3.79e-08	7.07e-06	6.31e-03	1.58e-01	8.36e-01	0.00e+00	0.00e+00	0.00e+00
 3.22810e+22	1.87e-24	1.58e-18	4.75e-14	9.67e-11	4.29e-08	7.70e-06	6.66e-03	1.61e-01	8.32e-01	0.00e+00	0.00e+00	0.00e+00
 3.23940e+22	2.66e-24	2.14e-18	6.15e-14	1.20e-10	5.05e-08	8.62e-06	7.14e-03	1.67e-01	8.26e-01	0.00e+00	0.00e+00	0.00e+00
 3.25077e+22	3.49e-24	2.72e-18	7.52e-14	1.41e-10	5.74e-08	9.42e-06	7.54e-03	1.71e-01	8.22e-01	0.00e+00	0.00e+00	0.00e+00
 3.26225e+22	5.01e-24	3.71e-18	9.80e-14	1.76e-10	6.79e-08	1.06e-05	8.11e-03	1.76e-01	8.16e-01	0.00e+00	0.00e+00	0.00e+00
 3.27346e+22	6.48e-24	4.63e-18	1.18e-13	2.06e-10	7.65e-08	1.15e-05	8.54e-03	1.80e-01	8.11e-01	0.00e+00	0.00e+00	0.00e+00
 3.28432e+22	9.13e-24	6.23e-18	1.52e-13	2.53e-10	8.98e-08	1.28e-05	9.15e-03	1.86e-01	8.05e-01	0.00e+00	0.00e+00	0.00e+00
 3.29538e+22	1.19e-23	7.82e-18	1.85e-13	2.97e-10	1.02e-07	1.40e-05	9.65e-03	1.90e-01	8.00e-01	0.00e+00	0.00e+00	0.00e+00
 3.30670e+22	1.69e-23	1.06e-17	2.39e-13	3.68e-10	1.20e-07	1.57e-05	1.04e-02	1.96e-01	7.94e-01	0.00e+00	0.00e+00	0.00e+00
 3.31800e+22	2.18e-23	1.32e-17	2.89e-13	4.30e-10	1.35e-07	1.70e-05	1.09e-02	2.01e-01	7.89e-01	0.00e+00	0.00e+00	0.00e+00
 3.32928e+22	3.08e-23	1.78e-17	3.72e-13	5.31e-10	1.59e-07	1.91e-05	1.17e-02	2.07e-01	7.82e-01	0.00e+00	0.00e+00	0.00e+00
 3.34073e+22	3.97e-23	2.22e-17	4.49e-13	6.20e-10	1.80e-07	2.07e-05	1.23e-02	2.11e-01	7.76e-01	0.00e+00	0.00e+00	0.00e+00
 3.35240e+22	5.61e-23	2.99e-17	5.78e-13	7.66e-10	2.12e-07	2.32e-05	1.32e-02	2.18e-01	7.69e-01	0.00e+00	0.00e+00	0.00e+00
 3.36432e+22	7.27e-23	3.74e-17	7.00e-13	8.98e-10	2.40e-07	2.53e-05	1.39e-02	2.23e-01	7.63e-01	0.00e+00	0.00e+00	0.00e+00
 3.37659e+22	1.02e-22	5.03e-17	9.01e-13	1.11e-09	2.82e-07	2.84e-05	1.50e-02	2.29e-01	7.56e-01	0.00e+00	0.00e+00	0.00e+00
 3.38924e+22	1.34e-22	6.35e-17	1.10e-12	1.31e-09	3.22e-07	3.11e-05	1.58e-02	2.35e-01	7.49e-01	0.00e+00	0.00e+00	0.00e+00
 3.40047e+22	1.74e-22	7.95e-17	1.33e-12	1.54e-09	3.64e-07	3.39e-05	1.67e-02	2.40e-01	7.43e-01	0.00e+00	0.00e+00	0.00e+00
 3.41317e+22	2.42e-22	1.06e-16	1.70e-12	1.88e-09	4.28e-07	3.80e-05	1.79e-02	2.47e-01	7.35e-01	0.00e+00	0.00e+00	0.00e+00
 3.42601e+22	3.12e-22	1.32e-16	2.05e-12	2.20e-09	4.84e-07	4.14e-05	1.89e-02	2.53e-01	7.28e-01	0.00e+00	0.00e+00	0.00e+00
 3.43906e+22	4.33e-22	1.75e-16	2.61e-12	2.70e-09	5.67e-07	4.62e-05	2.02e-02	2.60e-01	7.20e-01	0.00e+00	0.00e+00	0.00e+00
 3.45213e+22	5.51e-22	2.16e-16	3.13e-12	3.14e-09	6.38e-07	5.03e-05	2.13e-02	2.65e-01	7.13e-01	0.00e+00	0.00e+00	0.00e+00
 3.46523e+22	7.54e-22	2.83e-16	3.94e-12	3.81e-09	7.44e-07	5.60e-05	2.27e-02	2.72e-01	7.05e-01	0.00e+00	0.00e+00	0.00e+00
 3.47862e+22	9.66e-22	3.51e-16	4.74e-12	4.45e-09	8.40e-07	6.10e-05	2.39e-02	2.78e-01	6.98e-01	0.00e+00	0.00e+00	0.00e+00
 3.49241e+22	1.33e-21	4.62e-16	6.01e-12	5.43e-09	9.83e-07	6.81e-05	2.56e-02	2.86e-01	6.89e-01	0.00e+00	0.00e+00	0.00e+00
 3.50638e+22	1.69e-21	5.70e-16	7.18e-12	6.31e-09	1.11e-06	7.41e-05	2.70e-02	2.92e-01	6.81e-01	0.00e+00	0.00e+00	0.00e+00
 3.52061e+22	2.31e-21	7.47e-16	9.07e-12	7.67e-09	1.29e-06	8.26e-05	2.88e-02	2.99e-01	6.72e-01	0.00e+00	0.00e+00	0.00e+00
 3.53437e+22	2.88e-21	9.03e-16	1.07e-11	8.80e-09	1.44e-06	8.92e-05	3.02e-02	3.05e-01	6.65e-01	0.00e+00	0.00e+00	0.00e+00
 3.54752e+22	3.81e-21	1.15e-15	1.32e-11	1.05e-08	1.66e-06	9.85e-05	3.21e-02	3.12e-01	6.56e-01	0.00e+00	0.00e+00	0.00e+00
 3.56092e+22	4.74e-21	1.39e-15	1.55e-11	1.20e-08	1.85e-06	1.06e-04	3.36e-02	3.17e-01	6.49e-01	0.00e+00	0.00e+00	0.00e+00
 3.57465e+22	6.32e-21	1.78e-15	1.92e-11	1.44e-08	2.14e-06	1.18e-04	3.57e-02	3.25e-01	6.40e-01	0.00e+00	0.00e+00	0.00e+00
 3.58853e+22	7.82e-21	2.15e-15	2.25e-11	1.65e-08	2.38e-06	1.27e-04	3.74e-02	3.30e-01	6.32e-01	0.00e+00	0.00e+00	0.00e+00
 3.60262e+22	1.04e-20	2.75e-15	2.78e-11	1.98e-08	2.75e-06	1.41e-04	3.98e-02	3.38e-01	6.22e-01	0.00e+00	0.00e+00	0.00e+00
 3.61692e+22	1.29e-20	3.31e-15	3.26e-11	2.26e-08	3.05e-06	1.52e-04	4.16e-02	3.43e-01	6.15e-01	0.00e+00	0.00e+00	0.00e+00
 3.63147e+22	1.72e-20	4.24e-15	4.04e-11	2.71e-08	3.53e-06	1.68e-04	4.42e-02	3.51e-01	6.05e-01	0.00e+00	0.00e+00	0.00e+00
 3.64568e+22	2.08e-20	5.02e-15	4.67e-11	3.06e-08	3.89e-06	1.80e-04	4.61e-02	3.56e-01	5.98e-01	0.00e+00	0.00e+00	0.00e+00
 3.65945e+22	2.71e-20	6.31e-15	5.68e-11	3.61e-08	4.45e-06	1.98e-04	4.88e-02	3.63e-01	5.88e-01	0.00e+00	0.00e+00	0.00e+00
 3.67349e+22	3.30e-20	7.49e-15	6.59e-11	4.09e-08	4.92e-06	2.12e-04	5.09e-02	3.68e-01	5.81e-01	0.00e+00	0.00e+00	0.00e+00
 3.68788e+22	4.29e-20	9.42e-15	8.03e-11	4.84e-08	5.62e-06	2.33e-04	5.38e-02	3.75e-01	5.70e-01	0.00e+00	0.00e+00	0.00e+00
 3.70253e+22	5.25e-20	1.12e-14	9.33e-11	5.50e-08	6.23e-06	2.51e-04	5.62e-02	3.81e-01	5.63e-01	0.00e+00	0.00e+00	0.00e+00
 3.71754e+22	6.85e-20	1.41e-14	1.14e-10	6.51e-08	7.13e-06	2.76e-04	5.95e-02	3.88e-01	5.52e-01	0.00e+00	0.00e+00	0.00e+00
 3.73282e+22	8.40e-20	1.69e-14	1.33e-10	7.40e-08	7.91e-06	2.97e-04	6.21e-02	3.94e-01	5.44e-01	0.00e+00	0.00e+00	0.00e+00
 3.74846e+22	1.10e-19	2.13e-14	1.62e-10	8.78e-08	9.06e-06	3.27e-04	6.57e-02	4.01e-01	5.33e-01	0.00e+00	0.00e+00	0.00e+00
 3.76444e+22	1.35e-19	2.55e-14	1.89e-10	1.00e-07	1.01e-05	3.53e-04	6.86e-02	4.06e-01	5.25e-01	0.00e+00	0.00e+00	0.00e+00
 3.78084e+22	1.76e-19	3.21e-14	2.31e-10	1.18e-07	1.15e-05	3.88e-04	7.26e-02	4.13e-01	5.14e-01	0.00e+00	0.00e+00	0.00e+00
 3.79775e+22	2.19e-19	3.88e-14	2.73e-10	1.36e-07	1.29e-05	4.20e-04	7.60e-02	4.19e-01	5.05e-01	0.00e+00	0.00e+00	0.00e+00
 3.81532e+22	2.89e-19	4.94e-14	3.35e-10	1.62e-07	1.48e-05	4.64e-04	8.05e-02	4.26e-01	4.93e-01	0.00e+00	0.00e+00	0.00e+00
 3.83236e+22	3.51e-19	5.84e-14	3.87e-10	1.83e-07	1.64e-05	4.97e-04	8.37e-02	4.31e-01	4.85e-01	0.00e+00	0.00e+00	0.00e+00
 3.84873e+22	4.54e-19	7.31e-14	4.70e-10	2.16e-07	1.87e-05	5.46e-04	8.84e-02	4.37e-01	4.74e-01	0.00e+00	0.00e+00	0.00e+00
 3.86543e+22	5.54e-19	8.69e-14	5.46e-10	2.45e-07	2.06e-05	5.86e-04	9.20e-02	4.42e-01	4.65e-01	0.00e+00	0.00e+00	0.00e+00
 3.88258e+22	7.08e-19	1.08e-13	6.56e-10	2.86e-07	2.34e-05	6.39e-04	9.67e-02	4.48e-01	4.55e-01	0.00e+00	0.00e+00	0.00e+00
 3.90071e+22	8.89e-19	1.31e-13	7.78e-10	3.30e-07	2.62e-05	6.94e-04	1.01e-01	4.53e-01	4.45e-01	0.00e+00	0.00e+00	0.00e+00
 3.91738e+22	1.10e-18	1.58e-13	9.12e-10	3.77e-07	2.92e-05	7.48e-04	1.06e-01	4.58e-01	4.35e-01	0.00e+00	0.00e+00	0.00e+00
 3.93632e+22	1.44e-18	1.99e-13	1.11e-09	4.47e-07	3.34e-05	8.22e-04	1.11e-01	4.64e-01	4.24e-01	0.00e+00	0.00e+00	0.00e+00
 3.95624e+22	1.82e-18	2.44e-13	1.33e-09	5.19e-07	3.76e-05	8.94e-04	1.17e-01	4.69e-01	4.13e-01	0.00e+00	0.00e+00	0.00e+00
 3.97744e+22	2.44e-18	3.15e-13	1.65e-09	6.23e-07	4.35e-05	9.91e-04	1.24e-01	4.75e-01	4.00e-01	0.00e+00	0.00e+00	0.00e+00
 3.99808e+22	3.02e-18	3.80e-13	1.94e-09	7.13e-07	4.85e-05	1.07e-03	1.29e-01	4.79e-01	3.91e-01	0.00e+00	0.00e+00	0.00e+00
 4.01800e+22	3.98e-18	4.82e-13	2.39e-09	8.48e-07	5.57e-05	1.18e-03	1.36e-01	4.84e-01	3.79e-01	0.00e+00	0.00e+00	0.00e+00
 4.03813e+22	4.93e-18	5.81e-13	2.80e-09	9.70e-07	6.20e-05	1.27e-03	1.42e-01	4.88e-01	3.69e-01	0.00e+00	0.00e+00	0.00e+00
 4.05853e+22	6.50e-18	7.38e-13	3.44e-09	1.15e-06	7.12e-05	1.40e-03	1.49e-01	4.92e-01	3.57e-01	0.00e+00	0.00e+00	0.00e+00
 4.07922e+22	8.09e-18	8.92e-13	4.06e-09	1.32e-06	7.94e-05	1.51e-03	1.56e-01	4.96e-01	3.47e-01	0.00e+00	0.00e+00	0.00e+00
 4.10027e+22	1.07e-17	1.14e-12	5.01e-09	1.58e-06	9.15e-05	1.66e-03	1.64e-01	5.00e-01	3.35e-01	0.00e+00	0.00e+00	0.00e+00
 4.12159e+22	1.34e-17	1.38e-12	5.91e-09	1.82e-06	1.02e-04	1.80e-03	1.71e-01	5.02e-01	3.25e-01	0.00e+00	0.00e+00	0.00e+00
 4.14325e+22	1.79e-17	1.78e-12	7.37e-09	2.19e-06	1.19e-04	1.99e-03	1.80e-01	5.06e-01	3.12e-01	0.00e+00	0.00e+00	0.00e+00
 4.16497e+22	2.23e-17	2.15e-12	8.66e-09	2.51e-06	1.32e-04	2.15e-03	1.87e-01	5.08e-01	3.03e-01	0.00e+00	0.00e+00	0.00e+00
 4.18677e+22	2.98e-17	2.77e-12	1.08e-08	3.01e-06	1.53e-04	2.38e-03	1.98e-01	5.10e-01	2.90e-01	2.98e-17	7.59e-27	7.98e-27
 4.20883e+22	3.72e-17	3.36e-12	1.27e-08	3.47e-06	1.71e-04	2.57e-03	2.06e-01	5.11e-01	2.80e-01	3.72e-17	2.09e-24	2.63e-24
 4.23123e+22	4.96e-17	4.32e-12	1.58e-08	4.17e-06	1.99e-04	2.85e-03	2.17e-01	5.13e-01	2.67e-01	4.96e-17	2.79e-24	3.51e-24
 4.25403e+22	6.24e-17	5.27e-12	1.88e-08	4.82e-06	2.23e-04	3.08e-03	2.26e-01	5.13e-01	2.58e-01	6.24e-17	3.51e-24	4.42e-24
 4.27737e+22	8.45e-17	6.86e-12	2.37e-08	5.87e-06	2.62e-04	3.44e-03	2.38e-01	5.14e-01	2.44e-01	8.45e-17	4.74e-24	5.98e-24
 4.29968e+22	1.03e-16	8.17e-12	2.75e-08	6.67e-06	2.90e-04	3.69e-03	2.47e-01	5.13e-01	2.36e-01	1.03e-16	5.80e-24	7.32e-24
 4.32063e+22	1.35e-16	1.03e-11	3.37e-08	7.93e-06	3.34e-04	4.07e-03	2.59e-01	5.13e-01	2.24e-01	1.35e-16	7.57e-24	9.54e-24
 4.34149e+22	1.64e-16	1.22e-11	3.91e-08	8.99e-06	3.69e-04	4.36e-03	2.67e-01	5.12e-01	2.16e-01	1.64e-16	9.20e-24	1.16e-23
 4.36223e+22	2.12e-16	1.53e-11	4.76e-08	1.07e-05	4.25e-04	4.80e-03	2.80e-01	5.10e-01	2.05e-01	2.12e-16	1.19e-23	1.50e-23
 4.38327e+22	2.59e-16	1.82e-11	5.54e-08	1.21e-05	4.71e-04	5.16e-03	2.89e-01	5.08e-01	1.97e-01	2.59e-16	1.45e-23	1.83e-23
 4.40471e+22	3.35e-16	2.28e-11	6.77e-08	1.44e-05	5.44e-04	5.70e-03	3.03e-01	5.05e-01	1.86e-01	3.35e-16	1.88e-23	2.37e-23
 4.42648e+22	4.09e-16	2.72e-11	7.90e-08	1.65e-05	6.07e-04	6.14e-03	3.14e-01	5.02e-01	1.78e-01	4.09e-16	2.30e-23	2.90e-23
 4.44870e+22	5.29e-16	3.40e-11	9.65e-08	1.96e-05	7.00e-04	6.79e-03	3.28e-01	4.97e-01	1.67e-01	5.29e-16	2.97e-23	3.75e-23
 4.47151e+22	6.51e-16	4.08e-11	1.13e-07	2.26e-05	7.87e-04	7.36e-03	3.40e-01	4.93e-01	1.59e-01	6.51e-16	3.65e-23	4.61e-23
 4.49509e+22	8.45e-16	5.13e-11	1.39e-07	2.71e-05	9.15e-04	8.17e-03	3.56e-01	4.87e-01	1.48e-01	8.45e-16	4.75e-23	5.98e-23
 4.51904e+22	1.04e-15	6.14e-11	1.64e-07	3.12e-05	1.03e-03	8.87e-03	3.68e-01	4.82e-01	1.40e-01	1.04e-15	5.81e-23	7.33e-23
 4.54303e+22	1.33e-15	7.65e-11	2.00e-07	3.73e-05	1.20e-03	9.85e-03	3.85e-01	4.74e-01	1.30e-01	1.33e-15	7.45e-23	9.39e-23
 4.56722e+22	1.61e-15	9.09e-11	2.34e-07	4.29e-05	1.35e-03	1.07e-02	3.98e-01	4.68e-01	1.22e-01	1.61e-15	9.05e-23	1.14e-22
 4.59096e+22	2.02e-15	1.11e-10	2.81e-07	5.07e-05	1.55e-03	1.18e-02	4.14e-01	4.59e-01	1.13e-01	2.02e-15	1.13e-22	1.43e-22
 4.61494e+22	2.43e-15	1.31e-10	3.28e-07	5.82e-05	1.74e-03	1.28e-02	4.28e-01	4.52e-01	1.06e-01	2.43e-15	1.36e-22	1.72e-22
 4.63583e+22	2.84e-15	1.51e-10	3.74e-07	6.57e-05	1.93e-03	1.38e-02	4.40e-01	4.45e-01	1.00e-01	2.84e-15	1.60e-22	2.01e-22
 4.65802e+22	3.44e-15	1.79e-10	4.40e-07	7.63e-05	2.20e-03	1.51e-02	4.55e-01	4.35e-01	9.27e-02	3.44e-15	1.93e-22	2.44e-22
 4.68041e+22	4.00e-15	2.06e-10	5.01e-07	8.59e-05	2.43e-03	1.63e-02	4.67e-01	4.27e-01	8.71e-02	4.00e-15	2.25e-22	2.83e-22
 4.70034e+22	4.61e-15	2.34e-10	5.67e-07	9.64e-05	2.69e-03	1.74e-02	4.79e-01	4.19e-01	8.18e-02	4.61e-15	2.59e-22	3.27e-22
 4.72251e+22	5.46e-15	2.73e-10	6.58e-07	1.11e-04	3.03e-03	1.90e-02	4.94e-01	4.09e-01	7.55e-02	5.46e-15	3.07e-22	3.87e-22
 4.74446e+22	6.22e-15	3.08e-10	7.38e-07	1.24e-04	3.32e-03	2.03e-02	5.05e-01	4.00e-01	7.10e-02	6.22e-15	3.50e-22	4.40e-22
 4.76671e+22	7.28e-15	3.57e-10	8.53e-07	1.42e-04	3.74e-03	2.22e-02	5.19e-01	3.89e-01	6.53e-02	7.28e-15	4.10e-22	5.16e-22
 4.78896e+22	8.22e-15	3.99e-10	9.52e-07	1.57e-04	4.08e-03	2.36e-02	5.30e-01	3.81e-01	6.13e-02	8.22e-15	4.63e-22	5.83e-22
 4.81121e+22	9.52e-15	4.58e-10	1.09e-06	1.79e-04	4.57e-03	2.56e-02	5.44e-01	3.70e-01	5.63e-02	9.52e-15	5.36e-22	6.75e-22
 4.83357e+22	1.07e-14	5.10e-10	1.21e-06	1.98e-04	4.98e-03	2.73e-02	5.54e-01	3.61e-01	5.27e-02	1.07e-14	6.00e-22	7.56e-22
 4.85609e+22	1.22e-14	5.81e-10	1.39e-06	2.26e-04	5.55e-03	2.95e-02	5.67e-01	3.50e-01	4.83e-02	1.22e-14	6.88e-22	8.67e-22
 4.87878e+22	1.36e-14	6.44e-10	1.54e-06	2.49e-04	6.03e-03	3.14e-02	5.76e-01	3.41e-01	4.52e-02	1.36e-14	7.67e-22	9.66e-22
 4.90169e+22	1.55e-14	7.31e-10	1.75e-06	2.82e-04	6.71e-03	3.39e-02	5.89e-01	3.29e-01	4.13e-02	1.55e-14	8.74e-22	1.10e-21
 4.92490e+22	1.72e-14	8.08e-10	1.94e-06	3.12e-04	7.28e-03	3.60e-02	5.98e-01	3.20e-01	3.85e-02	1.72e-14	9.70e-22	1.22e-21
 4.94851e+22	1.95e-14	9.14e-10	2.20e-06	3.53e-04	8.08e-03	3.89e-02	6.09e-01	3.08e-01	3.50e-02	1.95e-14	1.10e-21	1.38e-21
 4.97249e+22	2.17e-14	1.01e-09	2.44e-06	3.90e-04	8.76e-03	4.12e-02	6.18e-01	2.99e-01	3.26e-02	2.17e-14	1.22e-21	1.54e-21
 4.99696e+22	2.44e-14	1.14e-09	2.77e-06	4.42e-04	9.71e-03	4.46e-02	6.29e-01	2.87e-01	2.95e-02	2.44e-14	1.38e-21	1.73e-21
 5.02195e+22	2.72e-14	1.27e-09	3.08e-06	4.89e-04	1.05e-02	4.72e-02	6.36e-01	2.78e-01	2.73e-02	2.72e-14	1.53e-21	1.93e-21
 5.04763e+22	3.07e-14	1.43e-09	3.51e-06	5.57e-04	1.17e-02	5.10e-02	6.46e-01	2.66e-01	2.46e-02	3.07e-14	1.73e-21	2.18e-21
 5.07351e+22	3.41e-14	1.59e-09	3.90e-06	6.15e-04	1.26e-02	5.40e-02	6.53e-01	2.57e-01	2.27e-02	3.41e-14	1.92e-21	2.42e-21
 5.09551e+22	3.73e-14	1.74e-09	4.29e-06	6.75e-04	1.36e-02	5.69e-02	6.59e-01	2.48e-01	2.11e-02	3.73e-14	2.10e-21	2.65e-21
 5.11997e+22	4.18e-14	1.96e-09	4.86e-06	7.60e-04	1.49e-02	6.09e-02	6.67e-01	2.38e-01	1.91e-02	4.18e-14	2.36e-21	2.97e-21
 5.14339e+22	4.55e-14	2.13e-09	5.29e-06	8.26e-04	1.58e-02	6.37e-02	6.71e-01	2.30e-01	1.78e-02	4.55e-14	2.57e-21	3.23e-21
 5.16543e+22	5.03e-14	2.37e-09	5.91e-06	9.17e-04	1.71e-02	6.76e-02	6.77e-01	2.21e-01	1.63e-02	5.03e-14	2.84e-21	3.57e-21
 5.18779e+22	5.47e-14	2.58e-09	6.45e-06	9.97e-04	1.82e-02	7.07e-02	6.81e-01	2.14e-01	1.51e-02	5.47e-14	3.09e-21	3.89e-21
 5.21056e+22	6.03e-14	2.86e-09	7.21e-06	1.11e-03	1.98e-02	7.50e-02	6.86e-01	2.05e-01	1.38e-02	6.03e-14	3.41e-21	4.29e-21
 5.23347e+22	6.60e-14	3.13e-09	7.90e-06	1.21e-03	2.10e-02	7.84e-02	6.89e-01	1.98e-01	1.28e-02	6.60e-14	3.73e-21	4.70e-21
 5.25656e+22	7.29e-14	3.48e-09	8.83e-06	1.34e-03	2.27e-02	8.30e-02	6.92e-01	1.89e-01	1.16e-02	7.29e-14	4.12e-21	5.19e-21
 5.27994e+22	8.01e-14	3.83e-09	9.70e-06	1.46e-03	2.41e-02	8.67e-02	6.95e-01	1.82e-01	1.08e-02	8.01e-14	4.53e-21	5.70e-21
 5.30370e+22	8.88e-14	4.28e-09	1.09e-05	1.63e-03	2.61e-02	9.17e-02	6.97e-01	1.74e-01	9.76e-03	8.88e-14	5.02e-21	6.32e-21
 5.32784e+22	9.78e-14	4.72e-09	1.20e-05	1.78e-03	2.77e-02	9.57e-02	6.99e-01	1.67e-01	9.03e-03	9.78e-14	5.54e-21	6.96e-21
 5.35245e+22	1.09e-13	5.30e-09	1.35e-05	1.99e-03	3.00e-02	1.01e-01	7.00e-01	1.59e-01	8.13e-03	1.09e-13	6.17e-21	7.76e-21
 5.37751e+22	1.21e-13	5.88e-09	1.50e-05	2.18e-03	3.19e-02	1.06e-01	7.01e-01	1.52e-01	7.49e-03	1.21e-13	6.84e-21	8.60e-21
 5.40315e+22	1.35e-13	6.65e-09	1.70e-05	2.44e-03	3.45e-02	1.12e-01	7.01e-01	1.44e-01	6.70e-03	1.35e-13	7.67e-21	9.65e-21
 5.42933e+22	1.52e-13	7.45e-09	1.89e-05	2.68e-03	3.67e-02	1.17e-01	7.00e-01	1.38e-01	6.16e-03	1.52e-13	8.61e-21	1.08e-20
 5.45620e+22	1.70e-13	8.48e-09	2.16e-05	3.01e-03	3.97e-02	1.23e-01	6.99e-01	1.30e-01	5.47e-03	1.70e-13	9.67e-21	1.22e-20
 5.48317e+22	1.91e-13	9.51e-09	2.41e-05	3.31e-03	4.22e-02	1.29e-01	6.97e-01	1.24e-01	5.01e-03	1.91e-13	1.08e-20	1.36e-20
 5.51028e+22	2.17e-13	1.09e-08	2.76e-05	3.72e-03	4.56e-02	1.36e-01	6.94e-01	1.17e-01	4.45e-03	2.17e-13	1.23e-20	1.55e-20
 5.53779e+22	2.45e-13	1.23e-08	3.09e-05	4.09e-03	4.85e-02	1.41e-01	6.91e-01	1.11e-01	4.06e-03	2.45e-13	1.39e-20	1.75e-20
 5.56168e+22	2.72e-13	1.38e-08	3.44e-05	4.48e-03	5.14e-02	1.47e-01	6.88e-01	1.06e-01	3.70e-03	2.72e-13	1.55e-20	1.94e-20
 5.58860e+22	3.11e-13	1.59e-08	3.95e-05	5.02e-03	5.53e-02	1.54e-01	6.83e-01	9.94e-02	3.29e-03	3.11e-13	1.77e-20	2.23e-20
 5.61579e+22	3.52e-13	1.80e-08	4.42e-05	5.51e-03	5.86e-02	1.60e-01	6.78e-01	9.46e-02	3.00e-03	3.52e-13	2.01e-20	2.53e-20
 5.63849e+22	3.91e-13	2.00e-08	4.88e-05	5.97e-03	6.16e-02	1.65e-01	6.74e-01	9.04e-02	2.76e-03	3.91e-13	2.23e-20	2.80e-20
 5.66315e+22	4.44e-13	2.29e-08	5.55e-05	6.63e-03	6.57e-02	1.73e-01	6.68e-01	8.51e-02	2.46e-03	4.44e-13	2.54e-20	3.18e-20
 5.68760e+22	4.95e-13	2.56e-08	6.13e-05	7.17e-03	6.90e-02	1.78e-01	6.62e-01	8.13e-02	2.27e-03	4.95e-13	2.83e-20	3.56e-20
 5.71178e+22	5.68e-13	2.94e-08	6.94e-05	7.92e-03	7.33e-02	1.85e-01	6.55e-01	7.67e-02	2.04e-03	5.68e-13	3.25e-20	4.08e-20
 5.73697e+22	6.35e-13	3.31e-08	7.75e-05	8.64e-03	7.72e-02	1.91e-01	6.49e-01	7.27e-02	1.85e-03	6.35e-13	3.64e-20	4.57e-20
 5.75940e+22	7.16e-13	3.73e-08	8.60e-05	9.36e-03	8.11e-02	1.96e-01	6.42e-01	6.92e-02	1.70e-03	7.16e-13	4.11e-20	5.15e-20
 5.78450e+22	8.32e-13	4.33e-08	9.80e-05	1.04e-02	8.61e-02	2.03e-01	6.33e-01	6.50e-02	1.52e-03	8.32e-13	4.78e-20	6.00e-20
 5.81099e+22	9.51e-13	4.96e-08	1.10e-04	1.13e-02	9.08e-02	2.10e-01	6.25e-01	6.13e-02	1.37e-03	9.51e-13	5.47e-20	6.86e-20
 5.83511e+22	1.08e-12	5.65e-08	1.24e-04	1.24e-02	9.55e-02	2.16e-01	6.17e-01	5.80e-02	1.24e-03	1.08e-12	6.23e-20	7.81e-20
 5.86229e+22	1.28e-12	6.68e-08	1.43e-04	1.38e-02	1.02e-01	2.24e-01	6.05e-01	5.40e-02	1.10e-03	1.28e-12	7.39e-20	9.27e-20
 5.89026e+22	1.48e-12	7.70e-08	1.61e-04	1.51e-02	1.07e-01	2.30e-01	5.96e-01	5.08e-02	9.87e-04	1.48e-12	8.54e-20	1.07e-19
 5.91541e+22	1.71e-12	8.86e-08	1.82e-04	1.65e-02	1.13e-01	2.37e-01	5.85e-01	4.78e-02	8.89e-04	1.71e-12	9.87e-20	1.24e-19
 5.94424e+22	2.06e-12	1.06e-07	2.12e-04	1.84e-02	1.20e-01	2.44e-01	5.72e-01	4.41e-02	7.76e-04	2.06e-12	1.19e-19	1.50e-19
 5.97351e+22	2.41e-12	1.24e-07	2.40e-04	2.02e-02	1.26e-01	2.51e-01	5.61e-01	4.13e-02	6.94e-04	2.41e-12	1.40e-19	1.75e-19
 5.99944e+22	2.81e-12	1.43e-07	2.72e-04	2.20e-02	1.33e-01	2.57e-01	5.49e-01	3.87e-02	6.21e-04	2.81e-12	1.63e-19	2.05e-19
 6.02926e+22	3.44e-12	1.74e-07	3.18e-04	2.47e-02	1.41e-01	2.64e-01	5.34e-01	3.55e-02	5.39e-04	3.44e-12	2.00e-19	2.51e-19
 6.05963e+22	4.07e-12	2.04e-07	3.62e-04	2.70e-02	1.48e-01	2.70e-01	5.20e-01	3.30e-02	4.78e-04	4.07e-12	2.37e-19	2.97e-19
 6.09073e+22	5.05e-12	2.49e-07	4.26e-04	3.03e-02	1.58e-01	2.77e-01	5.04e-01	3.01e-02	4.11e-04	5.05e-12	2.95e-19	3.70e-19
 6.12230e+22	6.04e-12	2.95e-07	4.87e-04	3.33e-02	1.66e-01	2.83e-01	4.89e-01	2.78e-02	3.62e-04	6.04e-12	3.54e-19	4.43e-19
 6.15450e+22	7.58e-12	3.62e-07	5.75e-04	3.73e-02	1.76e-01	2.89e-01	4.71e-01	2.52e-02	3.09e-04	7.58e-12	4.45e-19	5.57e-19
 6.18757e+22	9.19e-12	4.34e-07	6.63e-04	4.11e-02	1.85e-01	2.95e-01	4.55e-01	2.31e-02	2.68e-04	9.19e-12	5.40e-19	6.76e-19
 6.21644e+22	1.11e-11	5.12e-07	7.55e-04	4.49e-02	1.94e-01	2.99e-01	4.41e-01	2.13e-02	2.36e-04	1.11e-11	6.52e-19	8.16e-19
 6.24861e+22	1.39e-11	6.29e-07	8.87e-04	5.00e-02	2.04e-01	3.03e-01	4.22e-01	1.92e-02	2.01e-04	1.39e-11	8.25e-19	1.03e-18
 6.28277e+22	1.73e-11	7.63e-07	1.03e-03	5.52e-02	2.15e-01	3.07e-01	4.05e-01	1.74e-02	1.72e-04	1.73e-11	1.02e-18	1.28e-18
 6.31061e+22	2.04e-11	8.83e-07	1.15e-03	5.95e-02	2.22e-01	3.10e-01	3.91e-01	1.61e-02	1.53e-04	2.04e-11	1.21e-18	1.51e-18
 6.33790e+22	2.48e-11	1.05e-06	1.32e-03	6.48e-02	2.32e-01	3.12e-01	3.75e-01	1.47e-02	1.33e-04	2.48e-11	1.48e-18	1.85e-18
 6.36698e+22	2.98e-11	1.23e-06	1.48e-03	7.01e-02	2.40e-01	3.14e-01	3.61e-01	1.35e-02	1.17e-04	2.98e-11	1.78e-18	2.23e-18
 6.39405e+22	3.56e-11	1.43e-06	1.67e-03	7.56e-02	2.49e-01	3.15e-01	3.47e-01	1.24e-02	1.02e-04	3.56e-11	2.13e-18	2.67e-18
 6.42490e+22	4.50e-11	1.75e-06	1.94e-03	8.32e-02	2.60e-01	3.16e-01	3.28e-01	1.11e-02	8.63e-05	4.50e-11	2.70e-18	3.38e-18
 6.45611e+22	5.44e-11	2.05e-06	2.19e-03	8.98e-02	2.68e-01	3.16e-01	3.14e-01	1.01e-02	7.51e-05	5.44e-11	3.28e-18	4.09e-18
 6.48776e+22	6.90e-11	2.51e-06	2.54e-03	9.85e-02	2.79e-01	3.15e-01	2.96e-01	9.01e-03	6.31e-05	6.90e-11	4.17e-18	5.21e-18
 6.51969e+22	8.40e-11	2.96e-06	2.87e-03	1.06e-01	2.88e-01	3.14e-01	2.81e-01	8.14e-03	5.42e-05	8.40e-11	5.10e-18	6.37e-18
 6.54734e+22	1.01e-10	3.45e-06	3.22e-03	1.14e-01	2.96e-01	3.12e-01	2.67e-01	7.40e-03	4.70e-05	1.01e-10	6.18e-18	7.70e-18
 6.57863e+22	1.29e-10	4.20e-06	3.71e-03	1.24e-01	3.06e-01	3.09e-01	2.50e-01	6.53e-03	3.92e-05	1.29e-10	7.87e-18	9.81e-18
 6.61081e+22	1.57e-10	4.93e-06	4.17e-03	1.33e-01	3.14e-01	3.06e-01	2.37e-01	5.88e-03	3.36e-05	1.57e-10	9.64e-18	1.20e-17
 6.64416e+22	2.03e-10	6.07e-06	4.85e-03	1.46e-01	3.23e-01	3.02e-01	2.19e-01	5.11e-03	2.74e-05	2.03e-10	1.26e-17	1.56e-17
 6.67765e+22	2.49e-10	7.14e-06	5.45e-03	1.56e-01	3.31e-01	2.97e-01	2.06e-01	4.57e-03	2.33e-05	2.49e-10	1.54e-17	1.92e-17
 6.71132e+22	3.20e-10	8.71e-06	6.28e-03	1.69e-01	3.39e-01	2.91e-01	1.90e-01	3.96e-03	1.91e-05	3.20e-10	2.00e-17	2.49e-17
 6.74622e+22	4.01e-10	1.04e-05	7.12e-03	1.82e-01	3.46e-01	2.85e-01	1.77e-01	3.48e-03	1.58e-05	4.01e-10	2.51e-17	3.13e-17
 6.77741e+22	4.94e-10	1.22e-05	7.98e-03	1.94e-01	3.52e-01	2.79e-01	1.65e-01	3.08e-03	1.33e-05	4.94e-10	3.12e-17	3.87e-17
 6.81266e+22	6.44e-10	1.50e-05	9.20e-03	2.10e-01	3.58e-01	2.70e-01	1.50e-01	2.63e-03	1.07e-05	6.44e-10	4.09e-17	5.08e-17
 6.84882e+22	8.10e-10	1.79e-05	1.04e-02	2.24e-01	3.63e-01	2.63e-01	1.38e-01	2.28e-03	8.74e-06	8.10e-10	5.18e-17	6.43e-17
 6.88074e+22	1.00e-09	2.10e-05	1.16e-02	2.38e-01	3.67e-01	2.55e-01	1.27e-01	2.00e-03	7.25e-06	1.00e-09	6.45e-17	8.00e-17
 6.91679e+22	1.31e-09	2.57e-05	1.33e-02	2.55e-01	3.70e-01	2.45e-01	1.15e-01	1.68e-03	5.72e-06	1.31e-09	8.51e-17	1.06e-16
 6.95390e+22	1.66e-09	3.07e-05	1.50e-02	2.71e-01	3.73e-01	2.35e-01	1.05e-01	1.44e-03	4.63e-06	1.66e-09	1.08e-16	1.34e-16
 6.98683e+22	2.07e-09	3.60e-05	1.68e-02	2.86e-01	3.74e-01	2.26e-01	9.56e-02	1.25e-03	3.79e-06	2.07e-09	1.36e-16	1.68e-16
 7.02408e+22	2.74e-09	4.42e-05	1.92e-02	3.06e-01	3.74e-01	2.15e-01	8.48e-02	1.03e-03	2.92e-06	2.74e-09	1.81e-16	2.25e-16
 7.06220e+22	3.45e-09	5.24e-05	2.15e-02	3.22e-01	3.74e-01	2.05e-01	7.66e-02	8.78e-04	2.34e-06	3.45e-09	2.31e-16	2.86e-16
 7.10147e+22	4.62e-09	6.46e-05	2.46e-02	3.44e-01	3.72e-01	1.92e-01	6.71e-02	7.14e-04	1.77e-06	4.62e-09	3.12e-16	3.86e-16
 7.14127e+22	5.88e-09	7.67e-05	2.76e-02	3.61e-01	3.69e-01	1.82e-01	6.00e-02	5.99e-04	1.39e-06	5.88e-09	4.01e-16	4.96e-16
 7.18177e+22	7.86e-09	9.42e-05	3.14e-02	3.82e-01	3.65e-01	1.69e-01	5.21e-02	4.82e-04	1.04e-06	7.86e-09	5.43e-16	6.70e-16
 7.22333e+22	1.01e-08	1.13e-04	3.52e-02	4.00e-01	3.60e-01	1.58e-01	4.59e-02	3.97e-04	8.03e-07	1.01e-08	7.06e-16	8.72e-16
 7.26013e+22	1.28e-08	1.33e-04	3.91e-02	4.17e-01	3.54e-01	1.48e-01	4.07e-02	3.30e-04	6.26e-07	1.28e-08	9.05e-16	1.12e-15
 7.30183e+22	1.73e-08	1.63e-04	4.44e-02	4.39e-01	3.46e-01	1.36e-01	3.47e-02	2.60e-04	4.56e-07	1.73e-08	1.24e-15	1.53e-15
 7.34478e+22	2.23e-08	1.94e-04	4.95e-02	4.56e-01	3.38e-01	1.26e-01	3.03e-02	2.11e-04	3.47e-07	2.23e-08	1.61e-15	1.99e-15
 7.38306e+22	2.83e-08	2.29e-04	5.47e-02	4.72e-01	3.30e-01	1.17e-01	2.64e-02	1.73e-04	2.65e-07	2.83e-08	2.08e-15	2.56e-15
 7.42652e+22	3.83e-08	2.80e-04	6.19e-02	4.92e-01	3.18e-01	1.05e-01	2.22e-02	1.33e-04	1.88e-07	3.83e-08	2.86e-15	3.53e-15
 7.47050e+22	4.90e-08	3.31e-04	6.84e-02	5.07e-01	3.08e-01	9.65e-02	1.91e-02	1.07e-04	1.42e-07	4.90e-08	3.71e-15	4.57e-15
 7.50915e+22	6.22e-08	3.88e-04	7.52e-02	5.21e-01	2.98e-01	8.84e-02	1.65e-02	8.65e-05	0.00e+00	6.22e-08	4.78e-15	5.88e-15
 7.54493e+22	7.61e-08	4.43e-04	8.14e-02	5.32e-01	2.89e-01	8.18e-02	1.46e-02	7.18e-05	0.00e+00	7.61e-08	5.93e-15	7.29e-15
 7.58304e+22	9.80e-08	5.24e-04	8.97e-02	5.46e-01	2.78e-01	7.40e-02	1.24e-02	5.68e-05	0.00e+00	9.80e-08	7.78e-15	9.55e-15
 7.62180e+22	1.21e-07	6.02e-04	9.72e-02	5.56e-01	2.68e-01	6.79e-02	1.08e-02	4.63e-05	0.00e+00	1.21e-07	9.75e-15	1.20e-14
 7.65583e+22	1.48e-07	6.85e-04	1.05e-01	5.65e-01	2.58e-01	6.24e-02	9.43e-03	3.81e-05	0.00e+00	1.48e-07	1.21e-14	1.48e-14
 7.69448e+22	1.90e-07	8.08e-04	1.15e-01	5.75e-01	2.45e-01	5.58e-02	7.92e-03	2.97e-05	0.00e+00	1.90e-07	1.59e-14	1.95e-14
 7.73389e+22	2.34e-07	9.24e-04	1.24e-01	5.82e-01	2.35e-01	5.08e-02	6.84e-03	2.40e-05	0.00e+00	2.34e-07	1.98e-14	2.43e-14
 7.77428e+22	3.01e-07	1.09e-03	1.36e-01	5.90e-01	2.22e-01	4.51e-02	5.70e-03	1.85e-05	0.00e+00	3.01e-07	2.62e-14	3.20e-14
 7.81558e+22	3.76e-07	1.25e-03	1.47e-01	5.95e-01	2.11e-01	4.06e-02	4.85e-03	1.46e-05	0.00e+00	3.76e-07	3.33e-14	4.07e-14
 7.85173e+22	4.59e-07	1.43e-03	1.58e-01	5.99e-01	2.01e-01	3.67e-02	4.18e-03	1.18e-05	0.00e+00	4.59e-07	4.14e-14	5.05e-14
 7.88530e+22	5.51e-07	1.60e-03	1.68e-01	6.02e-01	1.92e-01	3.35e-02	3.63e-03	9.70e-06	0.00e+00	5.51e-07	5.06e-14	6.17e-14
 7.91695e+22	6.53e-07	1.79e-03	1.78e-01	6.04e-01	1.83e-01	3.06e-02	3.19e-03	8.05e-06	0.00e+00	6.53e-07	6.10e-14	7.44e-14
 7.95321e+22	8.15e-07	2.06e-03	1.91e-01	6.04e-01	1.73e-01	2.72e-02	2.68e-03	6.29e-06	0.00e+00	8.15e-07	7.80e-14	9.50e-14
 7.99007e+22	9.79e-07	2.31e-03	2.03e-01	6.04e-01	1.64e-01	2.46e-02	2.31e-03	5.09e-06	0.00e+00	9.79e-07	9.56e-14	1.16e-13
 8.02245e+22	1.17e-06	2.58e-03	2.15e-01	6.03e-01	1.55e-01	2.23e-02	2.00e-03	4.16e-06	0.00e+00	1.17e-06	1.16e-13	1.41e-13
 8.05932e+22	1.45e-06	2.97e-03	2.31e-01	6.00e-01	1.45e-01	1.96e-02	1.67e-03	3.22e-06	0.00e+00	1.45e-06	1.49e-13	1.80e-13
 8.09677e+22	1.75e-06	3.33e-03	2.44e-01	5.97e-01	1.37e-01	1.76e-02	1.43e-03	2.58e-06	0.00e+00	1.75e-06	1.82e-13	2.21e-13
 8.12976e+22	2.07e-06	3.71e-03	2.58e-01	5.93e-01	1.29e-01	1.58e-02	1.23e-03	2.09e-06	0.00e+00	2.07e-06	2.21e-13	2.68e-13
 8.16743e+22	2.58e-06	4.25e-03	2.75e-01	5.86e-01	1.19e-01	1.38e-02	1.02e-03	1.60e-06	0.00e+00	2.58e-06	2.83e-13	3.43e-13
 8.20574e+22	3.08e-06	4.75e-03	2.91e-01	5.79e-01	1.12e-01	1.23e-02	8.63e-04	1.27e-06	0.00e+00	3.08e-06	3.46e-13	4.19e-13
 8.24488e+22	3.85e-06	5.46e-03	3.11e-01	5.70e-01	1.03e-01	1.06e-02	7.04e-04	9.58e-07	0.00e+00	3.85e-06	4.47e-13	5.40e-13
 8.28426e+22	4.59e-06	6.10e-03	3.27e-01	5.61e-01	9.56e-02	9.39e-03	5.95e-04	7.56e-07	0.00e+00	4.59e-06	5.47e-13	6.60e-13
 8.32395e+22	5.74e-06	7.00e-03	3.49e-01	5.48e-01	8.73e-02	8.04e-03	4.81e-04	5.63e-07	0.00e+00	5.74e-06	7.06e-13	8.52e-13
 8.36404e+22	6.84e-06	7.81e-03	3.67e-01	5.37e-01	8.07e-02	7.06e-03	4.03e-04	4.39e-07	0.00e+00	6.84e-06	8.65e-13	1.04e-12
 8.40464e+22	8.53e-06	8.95e-03	3.90e-01	5.22e-01	7.31e-02	5.99e-03	3.23e-04	3.23e-07	0.00e+00	8.53e-06	1.12e-12	1.35e-12
 8.44579e+22	1.02e-05	9.98e-03	4.10e-01	5.08e-01	6.70e-02	5.21e-03	2.68e-04	2.49e-07	0.00e+00	1.02e-05	1.38e-12	1.66e-12
 8.48766e+22	1.27e-05	1.14e-02	4.34e-01	4.90e-01	6.01e-02	4.37e-03	2.12e-04	1.81e-07	0.00e+00	1.27e-05	1.78e-12	2.15e-12
 8.53018e+22	1.52e-05	1.28e-02	4.55e-01	4.74e-01	5.46e-02	3.76e-03	1.74e-04	1.37e-07	0.00e+00	1.52e-05	2.20e-12	2.64e-12
 8.57356e+22	1.90e-05	1.46e-02	4.81e-01	4.52e-01	4.84e-02	3.11e-03	1.36e-04	0.00e+00	0.00e+00	1.90e-05	2.87e-12	3.45e-12
 8.61766e+22	2.27e-05	1.63e-02	5.04e-01	4.34e-01	4.34e-02	2.64e-03	1.09e-04	0.00e+00	0.00e+00	2.27e-05	3.56e-12	4.27e-12
 8.66272e+22	2.85e-05	1.88e-02	5.31e-01	4.10e-01	3.79e-02	2.14e-03	8.38e-05	0.00e+00	0.00e+00	2.85e-05	4.68e-12	5.61e-12
 8.70766e+22	3.39e-05	2.09e-02	5.54e-01	3.89e-01	3.38e-02	1.80e-03	6.71e-05	0.00e+00	0.00e+00	3.39e-05	5.77e-12	6.91e-12
 8.75243e+22	4.24e-05	2.39e-02	5.81e-01	3.64e-01	2.92e-02	1.45e-03	5.09e-05	0.00e+00	0.00e+00	4.24e-05	7.56e-12	9.05e-12
 8.79770e+22	5.05e-05	2.66e-02	6.04e-01	3.43e-01	2.56e-02	1.21e-03	4.02e-05	0.00e+00	0.00e+00	5.05e-05	9.35e-12	1.12e-11
 8.83196e+22	5.70e-05	2.87e-02	6.20e-01	3.27e-01	2.33e-02	1.06e-03	3.39e-05	0.00e+00	0.00e+00	5.70e-05	1.09e-11	1.30e-11
 8.86485e+22	6.73e-05	3.18e-02	6.39e-01	3.08e-01	2.06e-02	8.88e-04	2.73e-05	0.00e+00	0.00e+00	6.73e-05	1.33e-11	1.59e-11
 8.89780e+22	7.60e-05	3.43e-02	6.54e-01	2.92e-01	1.87e-02	7.73e-04	2.29e-05	0.00e+00	0.00e+00	7.60e-05	1.54e-11	1.85e-11
 8.93081e+22	8.93e-05	3.79e-02	6.72e-01	2.73e-01	1.65e-02	6.48e-04	1.84e-05	0.00e+00	0.00e+00	8.93e-05	1.88e-11	2.25e-11
 8.96427e+22	1.02e-04	4.12e-02	6.87e-01	2.56e-01	1.47e-02	5.55e-04	1.52e-05	0.00e+00	0.00e+00	1.02e-04	2.22e-11	2.66e-11
 8.99357e+22	1.16e-04	4.46e-02	7.00e-01	2.41e-01	1.32e-02	4.78e-04	1.26e-05	0.00e+00	0.00e+00	1.16e-04	2.60e-11	3.11e-11
 9.02690e+22	1.38e-04	4.96e-02	7.16e-01	2.22e-01	1.14e-02	3.93e-04	9.91e-06	0.00e+00	0.00e+00	1.38e-04	3.21e-11	3.83e-11
 9.06013e+22	1.58e-04	5.41e-02	7.29e-01	2.06e-01	1.01e-02	3.34e-04	8.10e-06	0.00e+00	0.00e+00	1.58e-04	3.79e-11	4.52e-11
 9.08878e+22	1.80e-04	5.89e-02	7.40e-01	1.92e-01	8.94e-03	2.85e-04	6.68e-06	0.00e+00	0.00e+00	1.80e-04	4.44e-11	5.30e-11
 9.12159e+22	2.15e-04	6.58e-02	7.52e-01	1.74e-01	7.63e-03	2.31e-04	5.17e-06	0.00e+00	0.00e+00	2.15e-04	5.50e-11	6.57e-11
 9.15427e+22	2.50e-04	7.26e-02	7.60e-01	1.60e-01	6.65e-03	1.94e-04	4.17e-06	0.00e+00	0.00e+00	2.50e-04	6.57e-11	7.84e-11
 9.18182e+22	2.88e-04	7.94e-02	7.67e-01	1.47e-01	5.85e-03	1.64e-04	3.41e-06	0.00e+00	0.00e+00	2.88e-04	7.75e-11	9.25e-11
 9.21268e+22	3.45e-04	8.92e-02	7.73e-01	1.32e-01	4.97e-03	1.32e-04	2.63e-06	0.00e+00	0.00e+00	3.45e-04	9.61e-11	1.15e-10
 9.24358e+22	4.08e-04	9.97e-02	7.76e-01	1.19e-01	4.29e-03	1.10e-04	2.10e-06	0.00e+00	0.00e+00	4.08e-04	1.17e-10	1.39e-10
