#depth	O	O+	O+2	O+3	O+4	O+5	O+6	O+7	O+8	O[1]	O[2]	O[3]
 1.99597e+21	3.79e-07	1.11e-03	1.10e-01	5.41e-01	2.62e-01	7.14e-02	1.43e-02	1.27e-04	2.87e-07	3.79e-07	1.82e-15	2.18e-15
 5.63046e+21	5.52e-07	1.43e-03	1.27e-01	5.56e-01	2.44e-01	6.10e-02	1.12e-02	8.85e-05	1.78e-07	5.52e-07	2.77e-15	3.33e-15
 8.89744e+21	7.96e-07	1.82e-03	1.45e-01	5.67e-01	2.26e-01	5.18e-02	8.73e-03	6.13e-05	1.10e-07	7.96e-07	4.19e-15	5.03e-15
 1.21542e+22	1.14e-06	2.30e-03	1.65e-01	5.75e-01	2.08e-01	4.38e-02	6.76e-03	4.22e-05	0.00e+00	1.14e-06	6.28e-15	7.53e-15
 1.45080e+22	1.34e-06	2.55e-03	1.75e-01	5.77e-01	1.99e-01	4.04e-02	5.99e-03	3.54e-05	0.00e+00	1.34e-06	7.52e-15	9.01e-15
 1.61767e+22	1.63e-06	2.90e-03	1.87e-01	5.79e-01	1.89e-01	3.66e-02	5.17e-03	2.86e-05	0.00e+00	1.63e-06	9.41e-15	1.13e-14
 1.79434e+22	1.94e-06	3.25e-03	1.99e-01	5.80e-01	1.81e-01	3.33e-02	4.52e-03	2.35e-05	0.00e+00	1.94e-06	1.15e-14	1.38e-14
 1.95788e+22	2.29e-06	3.61e-03	2.10e-01	5.80e-01	1.72e-01	3.05e-02	3.97e-03	1.95e-05	0.00e+00	2.29e-06	1.39e-14	1.66e-14
 2.14459e+22	2.84e-06	4.14e-03	2.25e-01	5.78e-01	1.62e-01	2.71e-02	3.35e-03	1.52e-05	0.00e+00	2.84e-06	1.77e-14	2.12e-14
 2.33377e+22	3.37e-06	4.63e-03	2.39e-01	5.76e-01	1.53e-01	2.46e-02	2.90e-03	1.24e-05	0.00e+00	3.37e-06	2.16e-14	2.58e-14
 2.50051e+22	3.99e-06	5.15e-03	2.52e-01	5.73e-01	1.45e-01	2.22e-02	2.52e-03	1.01e-05	0.00e+00	3.99e-06	2.62e-14	3.13e-14
 2.69162e+22	4.93e-06	5.89e-03	2.69e-01	5.68e-01	1.35e-01	1.96e-02	2.11e-03	7.82e-06	0.00e+00	4.93e-06	3.35e-14	3.99e-14
 2.88520e+22	5.86e-06	6.58e-03	2.84e-01	5.62e-01	1.27e-01	1.76e-02	1.81e-03	6.30e-06	0.00e+00	5.86e-06	4.10e-14	4.88e-14
 3.05558e+22	6.94e-06	7.33e-03	2.99e-01	5.56e-01	1.20e-01	1.58e-02	1.56e-03	5.09e-06	0.00e+00	6.94e-06	4.98e-14	5.93e-14
 3.25065e+22	8.57e-06	8.39e-03	3.18e-01	5.47e-01	1.11e-01	1.38e-02	1.29e-03	3.89e-06	0.00e+00	8.57e-06	6.38e-14	7.59e-14
 3.44890e+22	1.02e-05	9.35e-03	3.35e-01	5.39e-01	1.04e-01	1.23e-02	1.10e-03	3.10e-06	0.00e+00	1.02e-05	7.81e-14	9.28e-14
 3.65129e+22	1.26e-05	1.07e-02	3.56e-01	5.27e-01	9.50e-02	1.07e-02	9.02e-04	2.33e-06	0.00e+00	1.26e-05	1.01e-13	1.19e-13
 3.85571e+22	1.50e-05	1.20e-02	3.74e-01	5.16e-01	8.82e-02	9.42e-03	7.62e-04	1.83e-06	0.00e+00	1.50e-05	1.23e-13	1.46e-13
 4.06276e+22	1.86e-05	1.37e-02	3.96e-01	5.02e-01	8.03e-02	8.07e-03	6.18e-04	1.36e-06	0.00e+00	1.86e-05	1.60e-13	1.89e-13
 4.27319e+22	2.21e-05	1.52e-02	4.15e-01	4.89e-01	7.40e-02	7.07e-03	5.17e-04	1.06e-06	0.00e+00	2.21e-05	1.96e-13	2.32e-13
 4.48799e+22	2.75e-05	1.75e-02	4.38e-01	4.71e-01	6.68e-02	5.99e-03	4.14e-04	7.73e-07	0.00e+00	2.75e-05	2.55e-13	3.01e-13
 4.70691e+22	3.27e-05	1.95e-02	4.58e-01	4.56e-01	6.10e-02	5.19e-03	3.42e-04	5.90e-07	0.00e+00	3.27e-05	3.15e-13	3.71e-13
 4.93121e+22	4.07e-05	2.23e-02	4.82e-01	4.36e-01	5.44e-02	4.34e-03	2.69e-04	4.22e-07	0.00e+00	4.07e-05	4.12e-13	4.84e-13
 5.10005e+22	4.37e-05	2.33e-02	4.92e-01	4.29e-01	5.19e-02	4.04e-03	2.45e-04	3.70e-07	0.00e+00	4.37e-05	4.49e-13	5.27e-13
 5.18403e+22	4.67e-05	2.42e-02	5.00e-01	4.22e-01	5.00e-02	3.81e-03	2.27e-04	3.32e-07	0.00e+00	4.67e-05	4.88e-13	5.73e-13
 5.28042e+22	5.14e-05	2.57e-02	5.11e-01	4.13e-01	4.74e-02	3.51e-03	2.04e-04	2.85e-07	0.00e+00	5.14e-05	5.49e-13	6.44e-13
 5.40573e+22	5.77e-05	2.76e-02	5.24e-01	4.01e-01	4.43e-02	3.17e-03	1.78e-04	2.36e-07	0.00e+00	5.77e-05	6.35e-13	7.42e-13
 5.56863e+22	6.76e-05	3.05e-02	5.42e-01	3.85e-01	4.04e-02	2.74e-03	1.48e-04	1.82e-07	0.00e+00	6.76e-05	7.73e-13	9.01e-13
 5.73412e+22	7.59e-05	3.27e-02	5.56e-01	3.72e-01	3.74e-02	2.45e-03	1.27e-04	1.48e-07	0.00e+00	7.59e-05	8.93e-13	1.04e-12
 5.90298e+22	8.87e-05	3.59e-02	5.73e-01	3.55e-01	3.39e-02	2.11e-03	1.05e-04	0.00e+00	0.00e+00	8.87e-05	1.09e-12	1.26e-12
 6.07534e+22	1.00e-04	3.86e-02	5.87e-01	3.41e-01	3.12e-02	1.86e-03	8.94e-05	0.00e+00	0.00e+00	1.00e-04	1.27e-12	1.47e-12
 6.25224e+22	1.17e-04	4.25e-02	6.05e-01	3.23e-01	2.80e-02	1.59e-03	7.29e-05	0.00e+00	0.00e+00	1.17e-04	1.55e-12	1.79e-12
 6.43197e+22	1.32e-04	4.57e-02	6.19e-01	3.09e-01	2.55e-02	1.39e-03	6.14e-05	0.00e+00	0.00e+00	1.32e-04	1.82e-12	2.08e-12
 6.61537e+22	1.54e-04	5.02e-02	6.35e-01	2.91e-01	2.28e-02	1.18e-03	4.97e-05	0.00e+00	0.00e+00	1.54e-04	2.23e-12	2.54e-12
 6.80280e+22	1.75e-04	5.41e-02	6.49e-01	2.75e-01	2.06e-02	1.02e-03	4.12e-05	0.00e+00	0.00e+00	1.75e-04	2.63e-12	2.97e-12
 6.99547e+22	2.06e-04	5.96e-02	6.64e-01	2.57e-01	1.81e-02	8.46e-04	3.27e-05	0.00e+00	0.00e+00	2.06e-04	3.26e-12	3.66e-12
 7.18887e+22	2.33e-04	6.39e-02	6.77e-01	2.42e-01	1.62e-02	7.27e-04	2.69e-05	0.00e+00	0.00e+00	2.33e-04	3.84e-12	4.28e-12
 7.38323e+22	2.72e-04	7.02e-02	6.90e-01	2.24e-01	1.42e-02	6.03e-04	2.13e-05	0.00e+00	0.00e+00	2.72e-04	4.74e-12	5.24e-12
 7.58298e+22	3.08e-04	7.55e-02	7.02e-01	2.09e-01	1.26e-02	5.10e-04	1.73e-05	0.00e+00	0.00e+00	3.08e-04	5.64e-12	6.17e-12
 7.78975e+22	3.65e-04	8.34e-02	7.14e-01	1.91e-01	1.09e-02	4.13e-04	1.33e-05	0.00e+00	0.00e+00	3.65e-04	7.10e-12	7.67e-12
 7.99783e+22	4.12e-04	8.94e-02	7.23e-01	1.77e-01	9.57e-03	3.47e-04	1.07e-05	0.00e+00	0.00e+00	4.12e-04	8.44e-12	9.02e-12
 8.20764e+22	4.87e-04	9.87e-02	7.32e-01	1.60e-01	8.17e-03	2.78e-04	8.13e-06	0.00e+00	0.00e+00	4.87e-04	1.07e-11	1.12e-11
 8.42095e+22	5.52e-04	1.06e-01	7.39e-01	1.47e-01	7.12e-03	2.30e-04	6.47e-06	0.00e+00	0.00e+00	5.52e-04	1.27e-11	1.32e-11
 8.63882e+22	6.57e-04	1.17e-01	7.45e-01	1.31e-01	5.99e-03	1.81e-04	4.82e-06	0.00e+00	0.00e+00	6.57e-04	1.62e-11	1.65e-11
 8.85713e+22	7.45e-04	1.26e-01	7.49e-01	1.19e-01	5.18e-03	1.49e-04	3.80e-06	0.00e+00	0.00e+00	7.45e-04	1.94e-11	1.95e-11
 9.07602e+22	8.88e-04	1.40e-01	7.51e-01	1.04e-01	4.32e-03	1.15e-04	2.80e-06	0.00e+00	0.00e+00	8.88e-04	2.49e-11	2.44e-11
 9.29485e+22	1.01e-03	1.50e-01	7.51e-01	9.37e-02	3.71e-03	9.37e-05	2.19e-06	0.00e+00	0.00e+00	1.01e-03	3.00e-11	2.89e-11
 9.51359e+22	1.21e-03	1.67e-01	7.48e-01	8.13e-02	3.07e-03	7.15e-05	1.60e-06	0.00e+00	0.00e+00	1.21e-03	3.89e-11	3.64e-11
 9.73184e+22	1.38e-03	1.80e-01	7.44e-01	7.21e-02	2.62e-03	5.75e-05	1.24e-06	0.00e+00	0.00e+00	1.38e-03	4.71e-11	4.31e-11
 9.94944e+22	1.66e-03	2.00e-01	7.34e-01	6.14e-02	2.14e-03	4.31e-05	8.90e-07	0.00e+00	0.00e+00	1.66e-03	6.16e-11	5.47e-11
 1.01658e+23	1.91e-03	2.17e-01	7.26e-01	5.37e-02	1.82e-03	3.41e-05	6.85e-07	0.00e+00	0.00e+00	1.91e-03	7.52e-11	6.53e-11
 1.03807e+23	2.31e-03	2.42e-01	7.09e-01	4.49e-02	1.48e-03	2.51e-05	4.88e-07	0.00e+00	0.00e+00	2.31e-03	9.90e-11	8.32e-11
 1.05945e+23	2.68e-03	2.63e-01	6.95e-01	3.86e-02	1.25e-03	1.95e-05	3.71e-07	0.00e+00	0.00e+00	2.68e-03	1.22e-10	1.00e-10
 1.08069e+23	3.27e-03	2.93e-01	6.71e-01	3.16e-02	1.01e-03	1.40e-05	2.61e-07	0.00e+00	0.00e+00	3.27e-03	1.62e-10	1.28e-10
 1.10188e+23	3.82e-03	3.19e-01	6.50e-01	2.65e-02	8.46e-04	1.06e-05	1.96e-07	0.00e+00	0.00e+00	3.82e-03	2.01e-10	1.56e-10
 1.12298e+23	4.70e-03	3.56e-01	6.17e-01	2.11e-02	6.79e-04	7.41e-06	1.36e-07	0.00e+00	0.00e+00	4.70e-03	2.68e-10	2.01e-10
 1.14411e+23	5.56e-03	3.89e-01	5.88e-01	1.72e-02	5.63e-04	5.42e-06	0.00e+00	0.00e+00	0.00e+00	5.56e-03	3.37e-10	2.47e-10
 1.16248e+23	6.60e-03	4.23e-01	5.56e-01	1.39e-02	4.68e-04	3.93e-06	0.00e+00	0.00e+00	0.00e+00	6.60e-03	4.24e-10	3.04e-10
 1.18358e+23	8.22e-03	4.69e-01	5.12e-01	1.05e-02	3.70e-04	2.57e-06	0.00e+00	0.00e+00	0.00e+00	8.22e-03	5.68e-10	3.97e-10
 1.20503e+23	9.97e-03	5.12e-01	4.70e-01	8.01e-03	3.00e-04	1.74e-06	0.00e+00	0.00e+00	0.00e+00	9.97e-03	7.29e-10	5.00e-10
 1.22349e+23	1.20e-02	5.52e-01	4.29e-01	6.13e-03	2.45e-04	1.19e-06	0.00e+00	0.00e+00	0.00e+00	1.20e-02	9.22e-10	6.22e-10
 1.24129e+23	1.44e-02	5.94e-01	3.87e-01	4.62e-03	2.00e-04	7.96e-07	0.00e+00	0.00e+00	0.00e+00	1.44e-02	1.17e-09	7.75e-10
 1.25739e+23	1.70e-02	6.30e-01	3.50e-01	3.55e-03	1.66e-04	5.50e-07	0.00e+00	0.00e+00	0.00e+00	1.70e-02	1.43e-09	9.40e-10
 1.27175e+23	2.00e-02	6.63e-01	3.14e-01	2.72e-03	1.38e-04	3.80e-07	0.00e+00	0.00e+00	0.00e+00	2.00e-02	1.74e-09	1.13e-09
 1.28812e+23	2.45e-02	7.04e-01	2.69e-01	1.91e-03	1.08e-04	2.33e-07	0.00e+00	0.00e+00	0.00e+00	2.45e-02	2.24e-09	1.44e-09
 1.30555e+23	3.04e-02	7.42e-01	2.26e-01	1.31e-03	8.32e-05	1.39e-07	0.00e+00	0.00e+00	0.00e+00	3.04e-02	2.89e-09	1.84e-09
 1.32059e+23	3.70e-02	7.73e-01	1.89e-01	9.11e-04	6.50e-05	0.00e+00	0.00e+00	0.00e+00	0.00e+00	3.70e-02	3.64e-09	2.31e-09
 1.33377e+23	4.46e-02	7.97e-01	1.58e-01	6.38e-04	5.06e-05	0.00e+00	0.00e+00	0.00e+00	0.00e+00	4.46e-02	4.54e-09	2.86e-09
 1.34617e+23	5.38e-02	8.16e-01	1.29e-01	4.44e-04	3.91e-05	0.00e+00	0.00e+00	0.00e+00	0.00e+00	5.38e-02	5.63e-09	3.53e-09
 1.35818e+23	6.57e-02	8.31e-01	1.03e-01	3.02e-04	2.93e-05	0.00e+00	0.00e+00	0.00e+00	0.00e+00	6.57e-02	7.05e-09	4.39e-09
 1.36948e+23	7.99e-02	8.38e-01	8.15e-02	2.05e-04	2.17e-05	0.00e+00	0.00e+00	0.00e+00	0.00e+00	7.99e-02	8.77e-09	5.44e-09
 1.37976e+23	9.73e-02	8.39e-01	6.35e-02	1.40e-04	1.58e-05	0.00e+00	0.00e+00	0.00e+00	0.00e+00	9.73e-02	1.08e-08	6.71e-09
 1.38895e+23	1.17e-01	8.33e-01	4.93e-02	9.78e-05	1.15e-05	0.00e+00	0.00e+00	0.00e+00	0.00e+00	1.17e-01	1.32e-08	8.15e-09
 1.39704e+23	1.40e-01	8.22e-01	3.83e-02	6.99e-05	8.39e-06	0.00e+00	0.00e+00	0.00e+00	0.00e+00	1.40e-01	1.59e-08	9.76e-09
 1.40426e+23	1.65e-01	8.05e-01	2.99e-02	5.13e-05	6.14e-06	0.00e+00	0.00e+00	0.00e+00	0.00e+00	1.65e-01	1.87e-08	1.15e-08
 1.41080e+23	1.92e-01	7.84e-01	2.34e-02	3.85e-05	4.51e-06	0.00e+00	0.00e+00	0.00e+00	0.00e+00	1.92e-01	2.17e-08	1.33e-08
 1.41694e+23	2.23e-01	7.59e-01	1.82e-02	2.92e-05	3.28e-06	0.00e+00	0.00e+00	0.00e+00	0.00e+00	2.23e-01	2.49e-08	1.52e-08
 1.42268e+23	2.57e-01	7.29e-01	1.41e-02	2.25e-05	2.37e-06	0.00e+00	0.00e+00	0.00e+00	0.00e+00	2.57e-01	2.83e-08	1.73e-08
 1.42793e+23	2.92e-01	6.97e-01	1.10e-02	1.76e-05	1.73e-06	0.00e+00	0.00e+00	0.00e+00	0.00e+00	2.92e-01	3.16e-08	1.92e-08
 1.43276e+23	3.29e-01	6.63e-01	8.63e-03	1.40e-05	1.27e-06	0.00e+00	0.00e+00	0.00e+00	0.00e+00	3.29e-01	3.47e-08	2.11e-08
 1.43727e+23	3.66e-01	6.27e-01	6.81e-03	1.13e-05	9.35e-07	0.00e+00	0.00e+00	0.00e+00	0.00e+00	3.66e-01	3.75e-08	2.28e-08
 1.44136e+23	4.02e-01	5.92e-01	5.45e-03	9.32e-06	7.04e-07	0.00e+00	0.00e+00	0.00e+00	0.00e+00	4.02e-01	3.99e-08	2.42e-08
 1.44489e+23	4.34e-01	5.61e-01	4.47e-03	7.91e-06	5.49e-07	0.00e+00	0.00e+00	0.00e+00	0.00e+00	4.34e-01	4.18e-08	2.54e-08
 1.44795e+23	4.63e-01	5.33e-01	3.76e-03	6.86e-06	4.41e-07	0.00e+00	0.00e+00	0.00e+00	0.00e+00	4.63e-01	4.33e-08	2.62e-08
 1.45054e+23	4.87e-01	5.10e-01	3.25e-03	6.10e-06	3.67e-07	0.00e+00	0.00e+00	0.00e+00	0.00e+00	4.87e-01	4.43e-08	2.68e-08
 1.45280e+23	5.08e-01	4.89e-01	2.85e-03	5.51e-06	3.12e-07	0.00e+00	0.00e+00	0.00e+00	0.00e+00	5.08e-01	4.51e-08	2.73e-08
 1.45524e+23	5.30e-01	4.68e-01	2.47e-03	4.95e-06	2.62e-07	0.00e+00	0.00e+00	0.00e+00	0.00e+00	5.30e-01	4.58e-08	2.77e-08
 1.45794e+23	5.55e-01	4.43e-01	2.11e-03	4.39e-06	2.15e-07	0.00e+00	0.00e+00	0.00e+00	0.00e+00	5.55e-01	4.65e-08	2.81e-08
 1.46064e+23	5.78e-01	4.20e-01	1.81e-03	3.92e-06	1.78e-07	0.00e+00	0.00e+00	0.00e+00	0.00e+00	5.78e-01	4.69e-08	2.83e-08
 1.46316e+23	5.99e-01	4.00e-01	1.57e-03	3.54e-06	1.50e-07	0.00e+00	0.00e+00	0.00e+00	0.00e+00	5.99e-01	4.72e-08	2.85e-08
 1.46509e+23	6.13e-01	3.86e-01	1.42e-03	3.30e-06	1.33e-07	0.00e+00	0.00e+00	0.00e+00	0.00e+00	6.13e-01	4.73e-08	2.85e-08
 1.46646e+23	6.23e-01	3.75e-01	1.32e-03	3.14e-06	0.00e+00	0.00e+00	0.00e+00	0.00e+00	0.00e+00	6.23e-01	4.73e-08	2.85e-08
 1.46785e+23	6.33e-01	3.65e-01	1.22e-03	2.98e-06	0.00e+00	0.00e+00	0.00e+00	0.00e+00	0.00e+00	6.33e-01	4.73e-08	2.85e-08
 1.46948e+23	6.45e-01	3.54e-01	1.12e-03	2.80e-06	0.00e+00	0.00e+00	0.00e+00	0.00e+00	0.00e+00	6.45e-01	4.73e-08	2.85e-08
 1.47125e+23	6.58e-01	3.41e-01	1.01e-03	2.62e-06	0.00e+00	0.00e+00	0.00e+00	0.00e+00	0.00e+00	6.58e-01	4.72e-08	2.84e-08
 1.47296e+23	6.69e-01	3.30e-01	9.26e-04	2.48e-06	0.00e+00	0.00e+00	0.00e+00	0.00e+00	0.00e+00	6.69e-01	4.71e-08	2.84e-08
 1.47466e+23	6.80e-01	3.19e-01	8.46e-04	2.33e-06	0.00e+00	0.00e+00	0.00e+00	0.00e+00	0.00e+00	6.80e-01	4.70e-08	2.83e-08
 1.47640e+23	6.90e-01	3.09e-01	7.74e-04	2.20e-06	0.00e+00	0.00e+00	0.00e+00	0.00e+00	0.00e+00	6.90e-01	4.68e-08	2.82e-08
 1.47824e+23	7.01e-01	2.98e-01	7.04e-04	2.07e-06	0.00e+00	0.00e+00	0.00e+00	0.00e+00	0.00e+00	7.01e-01	4.66e-08	2.80e-08
 1.48015e+23	7.12e-01	2.87e-01	6.38e-04	1.95e-06	0.00e+00	0.00e+00	0.00e+00	0.00e+00	0.00e+00	7.12e-01	4.63e-08	2.78e-08
 1.48203e+23	7.22e-01	2.77e-01	5.81e-04	1.84e-06	0.00e+00	0.00e+00	0.00e+00	0.00e+00	0.00e+00	7.22e-01	4.61e-08	2.77e-08
 1.48393e+23	7.32e-01	2.68e-01	5.29e-04	1.74e-06	0.00e+00	0.00e+00	0.00e+00	0.00e+00	0.00e+00	7.32e-01	4.58e-08	2.75e-08
 1.48594e+23	7.42e-01	2.58e-01	4.80e-04	1.64e-06	0.00e+00	0.00e+00	0.00e+00	0.00e+00	0.00e+00	7.42e-01	4.55e-08	2.73e-08
 1.48804e+23	7.51e-01	2.48e-01	4.35e-04	1.54e-06	0.00e+00	0.00e+00	0.00e+00	0.00e+00	0.00e+00	7.51e-01	4.52e-08	2.71e-08
 1.49018e+23	7.61e-01	2.39e-01	3.93e-04	1.45e-06	0.00e+00	0.00e+00	0.00e+00	0.00e+00	0.00e+00	7.61e-01	4.48e-08	2.68e-08
 1.49233e+23	7.69e-01	2.30e-01	3.57e-04	1.37e-06	0.00e+00	0.00e+00	0.00e+00	0.00e+00	0.00e+00	7.69e-01	4.45e-08	2.66e-08
 1.49456e+23	7.78e-01	2.22e-01	3.23e-04	1.29e-06	0.00e+00	0.00e+00	0.00e+00	0.00e+00	0.00e+00	7.78e-01	4.41e-08	2.64e-08
 1.49692e+23	7.87e-01	2.13e-01	2.91e-04	1.22e-06	0.00e+00	0.00e+00	0.00e+00	0.00e+00	0.00e+00	7.87e-01	4.37e-08	2.61e-08
 1.49930e+23	7.95e-01	2.05e-01	2.64e-04	1.15e-06	0.00e+00	0.00e+00	0.00e+00	0.00e+00	0.00e+00	7.95e-01	4.33e-08	2.59e-08
 1.50173e+23	8.03e-01	1.97e-01	2.39e-04	1.08e-06	0.00e+00	0.00e+00	0.00e+00	0.00e+00	0.00e+00	8.03e-01	4.29e-08	2.56e-08
 1.50427e+23	8.11e-01	1.89e-01	2.16e-04	1.02e-06	0.00e+00	0.00e+00	0.00e+00	0.00e+00	0.00e+00	8.11e-01	4.25e-08	2.53e-08
 1.50694e+23	8.18e-01	1.81e-01	1.95e-04	9.63e-07	0.00e+00	0.00e+00	0.00e+00	0.00e+00	0.00e+00	8.18e-01	4.20e-08	2.51e-08
 1.50967e+23	8.26e-01	1.74e-01	1.76e-04	9.08e-07	0.00e+00	0.00e+00	0.00e+00	0.00e+00	0.00e+00	8.26e-01	4.16e-08	2.48e-08
 1.51248e+23	8.33e-01	1.67e-01	1.60e-04	8.57e-07	0.00e+00	0.00e+00	0.00e+00	0.00e+00	0.00e+00	8.33e-01	4.12e-08	2.46e-08
 1.51542e+23	8.39e-01	1.61e-01	1.45e-04	8.08e-07	0.00e+00	0.00e+00	0.00e+00	0.00e+00	0.00e+00	8.39e-01	4.08e-08	2.43e-08
 1.51851e+23	8.46e-01	1.54e-01	1.31e-04	7.61e-07	0.00e+00	0.00e+00	0.00e+00	0.00e+00	0.00e+00	8.46e-01	4.04e-08	2.40e-08
 1.52169e+23	8.52e-01	1.48e-01	1.20e-04	7.18e-07	0.00e+00	0.00e+00	0.00e+00	0.00e+00	0.00e+00	8.52e-01	4.01e-08	2.38e-08
 1.52493e+23	8.58e-01	1.42e-01	1.09e-04	6.79e-07	0.00e+00	0.00e+00	0.00e+00	0.00e+00	0.00e+00	8.58e-01	3.97e-08	2.36e-08
 1.52826e+23	8.63e-01	1.37e-01	1.00e-04	6.43e-07	0.00e+00	0.00e+00	0.00e+00	0.00e+00	0.00e+00	8.63e-01	3.94e-08	2.34e-08
 1.53171e+23	8.69e-01	1.31e-01	9.25e-05	6.08e-07	0.00e+00	0.00e+00	0.00e+00	0.00e+00	0.00e+00	8.69e-01	3.90e-08	2.30e-08
 1.53533e+23	8.74e-01	1.26e-01	8.54e-05	5.76e-07	0.00e+00	0.00e+00	0.00e+00	0.00e+00	0.00e+00	8.74e-01	3.86e-08	2.27e-08
 1.53912e+23	8.78e-01	1.21e-01	7.91e-05	5.45e-07	0.00e+00	0.00e+00	0.00e+00	0.00e+00	0.00e+00	8.78e-01	3.83e-08	2.24e-08
 1.54299e+23	8.83e-01	1.17e-01	7.38e-05	5.18e-07	0.00e+00	0.00e+00	0.00e+00	0.00e+00	0.00e+00	8.83e-01	3.80e-08	2.21e-08
 1.54703e+23	8.87e-01	1.13e-01	6.90e-05	4.92e-07	0.00e+00	0.00e+00	0.00e+00	0.00e+00	0.00e+00	8.87e-01	3.77e-08	2.18e-08
 1.55132e+23	8.91e-01	1.09e-01	6.48e-05	4.66e-07	0.00e+00	0.00e+00	0.00e+00	0.00e+00	0.00e+00	8.91e-01	3.74e-08	2.16e-08
 1.55586e+23	8.95e-01	1.05e-01	6.10e-05	4.43e-07	0.00e+00	0.00e+00	0.00e+00	0.00e+00	0.00e+00	8.95e-01	3.72e-08	2.13e-08
 1.56060e+23	8.99e-01	1.01e-01	5.77e-05	4.21e-07	0.00e+00	0.00e+00	0.00e+00	0.00e+00	0.00e+00	8.99e-01	3.70e-08	2.11e-08
 1.56560e+23	9.02e-01	9.77e-02	5.48e-05	4.00e-07	0.00e+00	0.00e+00	0.00e+00	0.00e+00	0.00e+00	9.02e-01	3.68e-08	2.09e-08
 1.57096e+23	9.06e-01	9.42e-02	5.21e-05	3.79e-07	0.00e+00	0.00e+00	0.00e+00	0.00e+00	0.00e+00	9.06e-01	3.67e-08	2.07e-08
 1.57666e+23	9.09e-01	9.08e-02	4.98e-05	3.59e-07	0.00e+00	0.00e+00	0.00e+00	0.00e+00	0.00e+00	9.09e-01	3.65e-08	2.05e-08
 1.58262e+23	9.12e-01	8.75e-02	4.77e-05	3.40e-07	0.00e+00	0.00e+00	0.00e+00	0.00e+00	0.00e+00	9.12e-01	3.64e-08	2.03e-08
 1.58851e+23	9.15e-01	8.46e-02	4.59e-05	3.24e-07	0.00e+00	0.00e+00	0.00e+00	0.00e+00	0.00e+00	9.15e-01	3.64e-08	2.01e-08
 1.59419e+23	9.18e-01	8.21e-02	4.45e-05	3.09e-07	0.00e+00	0.00e+00	0.00e+00	0.00e+00	0.00e+00	9.18e-01	3.63e-08	2.00e-08
 1.59975e+23	9.20e-01	7.97e-02	4.32e-05	2.96e-07	0.00e+00	0.00e+00	0.00e+00	0.00e+00	0.00e+00	9.20e-01	3.63e-08	1.98e-08
 1.60521e+23	9.22e-01	7.75e-02	4.21e-05	2.83e-07	0.00e+00	0.00e+00	0.00e+00	0.00e+00	0.00e+00	9.22e-01	3.63e-08	1.97e-08
 1.61055e+23	9.25e-01	7.53e-02	4.12e-05	2.71e-07	0.00e+00	0.00e+00	0.00e+00	0.00e+00	0.00e+00	9.25e-01	3.63e-08	1.96e-08
 1.61576e+23	9.27e-01	7.33e-02	4.03e-05	2.61e-07	0.00e+00	0.00e+00	0.00e+00	0.00e+00	0.00e+00	9.27e-01	3.63e-08	1.95e-08
 1.62072e+23	9.29e-01	7.14e-02	3.96e-05	2.51e-07	0.00e+00	0.00e+00	0.00e+00	0.00e+00	0.00e+00	9.29e-01	3.62e-08	1.94e-08
 1.62532e+23	9.30e-01	6.97e-02	3.90e-05	2.42e-07	0.00e+00	0.00e+00	0.00e+00	0.00e+00	0.00e+00	9.30e-01	3.62e-08	1.93e-08
 1.62977e+23	9.32e-01	6.81e-02	3.84e-05	2.34e-07	0.00e+00	0.00e+00	0.00e+00	0.00e+00	0.00e+00	9.32e-01	3.61e-08	1.92e-08
 1.63423e+23	9.34e-01	6.65e-02	3.78e-05	2.26e-07	0.00e+00	0.00e+00	0.00e+00	0.00e+00	0.00e+00	9.34e-01	3.61e-08	1.91e-08
 1.63854e+23	9.35e-01	6.49e-02	3.73e-05	2.18e-07	0.00e+00	0.00e+00	0.00e+00	0.00e+00	0.00e+00	9.35e-01	3.61e-08	1.90e-08
 1.64269e+23	9.37e-01	6.34e-02	3.69e-05	2.11e-07	0.00e+00	0.00e+00	0.00e+00	0.00e+00	0.00e+00	9.37e-01	3.61e-08	1.89e-08
 1.64669e+23	9.38e-01	6.20e-02	3.65e-05	2.04e-07	0.00e+00	0.00e+00	0.00e+00	0.00e+00	0.00e+00	9.38e-01	3.61e-08	1.89e-08
 1.65055e+23	9.39e-01	6.07e-02	3.61e-05	1.98e-07	0.00e+00	0.00e+00	0.00e+00	0.00e+00	0.00e+00	9.39e-01	3.60e-08	1.88e-08
 1.65429e+23	9.41e-01	5.93e-02	3.58e-05	1.92e-07	0.00e+00	0.00e+00	0.00e+00	0.00e+00	0.00e+00	9.41e-01	3.60e-08	1.87e-08
 1.65789e+23	9.42e-01	5.81e-02	3.54e-05	1.87e-07	0.00e+00	0.00e+00	0.00e+00	0.00e+00	0.00e+00	9.42e-01	3.60e-08	1.86e-08
 1.66137e+23	9.43e-01	5.69e-02	3.51e-05	1.81e-07	0.00e+00	0.00e+00	0.00e+00	0.00e+00	0.00e+00	9.43e-01	3.60e-08	1.86e-08
 1.66472e+23	9.44e-01	5.57e-02	3.49e-05	1.76e-07	0.00e+00	0.00e+00	0.00e+00	0.00e+00	0.00e+00	9.44e-01	3.59e-08	1.85e-08
 1.66795e+23	9.45e-01	5.46e-02	3.46e-05	1.72e-07	0.00e+00	0.00e+00	0.00e+00	0.00e+00	0.00e+00	9.45e-01	3.59e-08	1.84e-08
 1.67107e+23	9.46e-01	5.35e-02	3.44e-05	1.67e-07	0.00e+00	0.00e+00	0.00e+00	0.00e+00	0.00e+00	9.46e-01	3.59e-08	1.84e-08
 1.67403e+23	9.47e-01	5.25e-02	3.42e-05	1.63e-07	0.00e+00	0.00e+00	0.00e+00	0.00e+00	0.00e+00	9.47e-01	3.59e-08	1.83e-08
 1.67693e+23	9.49e-01	5.14e-02	3.40e-05	1.59e-07	0.00e+00	0.00e+00	0.00e+00	0.00e+00	0.00e+00	9.49e-01	3.58e-08	1.82e-08
 1.67974e+23	9.50e-01	5.04e-02	3.38e-05	1.55e-07	0.00e+00	0.00e+00	0.00e+00	0.00e+00	0.00e+00	9.50e-01	3.58e-08	1.81e-08
 1.68231e+23	9.50e-01	4.95e-02	3.36e-05	1.51e-07	0.00e+00	0.00e+00	0.00e+00	0.00e+00	0.00e+00	9.50e-01	3.57e-08	1.81e-08
 1.68464e+23	9.51e-01	4.88e-02	3.35e-05	1.48e-07	0.00e+00	0.00e+00	0.00e+00	0.00e+00	0.00e+00	9.51e-01	3.57e-08	1.80e-08
 1.68676e+23	9.52e-01	4.81e-02	3.33e-05	1.46e-07	0.00e+00	0.00e+00	0.00e+00	0.00e+00	0.00e+00	9.52e-01	3.56e-08	1.80e-08
 1.68869e+23	9.53e-01	4.74e-02	3.32e-05	1.43e-07	0.00e+00	0.00e+00	0.00e+00	0.00e+00	0.00e+00	9.53e-01	3.56e-08	1.79e-08
 1.69045e+23	9.53e-01	4.68e-02	3.31e-05	1.41e-07	0.00e+00	0.00e+00	0.00e+00	0.00e+00	0.00e+00	9.53e-01	3.56e-08	1.79e-08
 1.69205e+23	9.54e-01	4.63e-02	3.30e-05	1.39e-07	0.00e+00	0.00e+00	0.00e+00	0.00e+00	0.00e+00	9.54e-01	3.55e-08	1.78e-08
 1.69351e+23	9.54e-01	4.58e-02	3.30e-05	1.38e-07	0.00e+00	0.00e+00	0.00e+00	0.00e+00	0.00e+00	9.54e-01	3.53e-08	1.77e-08
 1.69483e+23	9.54e-01	4.55e-02	3.29e-05	1.36e-07	0.00e+00	0.00e+00	0.00e+00	0.00e+00	0.00e+00	9.54e-01	3.53e-08	1.77e-08
 1.69628e+23	9.55e-01	4.49e-02	3.27e-05	1.34e-07	0.00e+00	0.00e+00	0.00e+00	0.00e+00	0.00e+00	9.55e-01	3.52e-08	1.77e-08
 1.69817e+23	9.56e-01	4.41e-02	3.25e-05	1.31e-07	0.00e+00	0.00e+00	0.00e+00	0.00e+00	0.00e+00	9.56e-01	3.50e-08	1.76e-08
 1.70021e+23	9.57e-01	4.33e-02	3.23e-05	1.29e-07	0.00e+00	0.00e+00	0.00e+00	0.00e+00	0.00e+00	9.57e-01	3.49e-08	1.76e-08
 1.70206e+23	9.57e-01	4.26e-02	3.22e-05	1.26e-07	0.00e+00	0.00e+00	0.00e+00	0.00e+00	0.00e+00	9.57e-01	3.47e-08	1.75e-08
 1.70375e+23	9.58e-01	4.21e-02	3.20e-05	1.24e-07	0.00e+00	0.00e+00	0.00e+00	0.00e+00	0.00e+00	9.58e-01	3.46e-08	1.75e-08
 1.70528e+23	9.58e-01	4.16e-02	3.19e-05	0.00e+00	0.00e+00	0.00e+00	0.00e+00	0.00e+00	0.00e+00	9.58e-01	3.45e-08	1.74e-08
 1.70668e+23	9.59e-01	4.11e-02	3.18e-05	0.00e+00	0.00e+00	0.00e+00	0.00e+00	0.00e+00	0.00e+00	9.59e-01	3.43e-08	1.73e-08
 1.70795e+23	9.59e-01	4.08e-02	3.17e-05	0.00e+00	0.00e+00	0.00e+00	0.00e+00	0.00e+00	0.00e+00	9.59e-01	3.43e-08	1.73e-08
 1.70935e+23	9.60e-01	4.03e-02	3.15e-05	0.00e+00	0.00e+00	0.00e+00	0.00e+00	0.00e+00	0.00e+00	9.60e-01	3.42e-08	1.73e-08
 1.71116e+23	9.60e-01	3.96e-02	3.13e-05	0.00e+00	0.00e+00	0.00e+00	0.00e+00	0.00e+00	0.00e+00	9.60e-01	3.41e-08	1.73e-08
 1.71311e+23	9.61e-01	3.90e-02	3.11e-05	0.00e+00	0.00e+00	0.00e+00	0.00e+00	0.00e+00	0.00e+00	9.61e-01	3.41e-08	1.72e-08
 1.71489e+23	9.62e-01	3.84e-02	3.09e-05	0.00e+00	0.00e+00	0.00e+00	0.00e+00	0.00e+00	0.00e+00	9.62e-01	3.40e-08	1.72e-08
 1.71651e+23	9.62e-01	3.81e-02	3.07e-05	0.00e+00	0.00e+00	0.00e+00	0.00e+00	0.00e+00	0.00e+00	9.62e-01	3.40e-08	1.72e-08
 1.71828e+23	9.62e-01	3.75e-02	3.05e-05	0.00e+00	0.00e+00	0.00e+00	0.00e+00	0.00e+00	0.00e+00	9.62e-01	3.39e-08	1.72e-08
 1.72020e+23	9.63e-01	3.69e-02	3.02e-05	0.00e+00	0.00e+00	0.00e+00	0.00e+00	0.00e+00	0.00e+00	9.63e-01	3.38e-08	1.71e-08
 1.72194e+23	9.64e-01	3.64e-02	3.00e-05	0.00e+00	0.00e+00	0.00e+00	0.00e+00	0.00e+00	0.00e+00	9.64e-01	3.37e-08	1.71e-08
 1.72353e+23	9.64e-01	3.61e-02	2.99e-05	0.00e+00	0.00e+00	0.00e+00	0.00e+00	0.00e+00	0.00e+00	9.64e-01	3.38e-08	1.71e-08
 1.72527e+23	9.64e-01	3.56e-02	2.96e-05	0.00e+00	0.00e+00	0.00e+00	0.00e+00	0.00e+00	0.00e+00	9.64e-01	3.37e-08	1.70e-08
 1.72714e+23	9.65e-01	3.50e-02	2.94e-05	0.00e+00	0.00e+00	0.00e+00	0.00e+00	0.00e+00	0.00e+00	9.65e-01	3.36e-08	1.70e-08
 1.72885e+23	9.65e-01	3.45e-02	2.92e-05	0.00e+00	0.00e+00	0.00e+00	0.00e+00	0.00e+00	0.00e+00	9.65e-01	3.35e-08	1.69e-08
 1.73040e+23	9.66e-01	3.43e-02	2.90e-05	0.00e+00	0.00e+00	0.00e+00	0.00e+00	0.00e+00	0.00e+00	9.66e-01	3.36e-08	1.69e-08
 1.73211e+23	9.66e-01	3.38e-02	2.88e-05	0.00e+00	0.00e+00	0.00e+00	0.00e+00	0.00e+00	0.00e+00	9.66e-01	3.35e-08	1.69e-08
 1.73395e+23	9.67e-01	3.32e-02	2.85e-05	0.00e+00	0.00e+00	0.00e+00	0.00e+00	0.00e+00	0.00e+00	9.67e-01	3.35e-08	1.69e-08
 1.73562e+23	9.67e-01	3.28e-02	2.83e-05	0.00e+00	0.00e+00	0.00e+00	0.00e+00	0.00e+00	0.00e+00	9.67e-01	3.34e-08	1.68e-08
 1.73745e+23	9.68e-01	3.23e-02	2.80e-05	0.00e+00	0.00e+00	0.00e+00	0.00e+00	0.00e+00	0.00e+00	9.68e-01	3.34e-08	1.68e-08
 1.73943e+23	9.68e-01	3.17e-02	2.77e-05	0.00e+00	0.00e+00	0.00e+00	0.00e+00	0.00e+00	0.00e+00	9.68e-01	3.33e-08	1.67e-08
 1.74123e+23	9.69e-01	3.13e-02	2.74e-05	0.00e+00	0.00e+00	0.00e+00	0.00e+00	0.00e+00	0.00e+00	9.69e-01	3.32e-08	1.67e-08
 1.74320e+23	9.69e-01	3.07e-02	2.71e-05	0.00e+00	0.00e+00	0.00e+00	0.00e+00	0.00e+00	0.00e+00	9.69e-01	3.32e-08	1.66e-08
 1.74533e+23	9.70e-01	3.01e-02	2.68e-05	0.00e+00	0.00e+00	0.00e+00	0.00e+00	0.00e+00	0.00e+00	9.70e-01	3.31e-08	1.66e-08
 1.74727e+23	9.70e-01	2.97e-02	2.65e-05	0.00e+00	0.00e+00	0.00e+00	0.00e+00	0.00e+00	0.00e+00	9.70e-01	3.31e-08	1.66e-08
 1.74904e+23	9.71e-01	2.93e-02	2.63e-05	0.00e+00	0.00e+00	0.00e+00	0.00e+00	0.00e+00	0.00e+00	9.71e-01	3.30e-08	1.65e-08
 1.75064e+23	9.71e-01	2.89e-02	2.61e-05	0.00e+00	0.00e+00	0.00e+00	0.00e+00	0.00e+00	0.00e+00	9.71e-01	3.29e-08	1.64e-08
 1.75210e+23	9.71e-01	2.87e-02	2.59e-05	0.00e+00	0.00e+00	0.00e+00	0.00e+00	0.00e+00	0.00e+00	9.71e-01	3.29e-08	1.64e-08
 1.75370e+23	9.72e-01	2.83e-02	2.57e-05	0.00e+00	0.00e+00	0.00e+00	0.00e+00	0.00e+00	0.00e+00	9.72e-01	3.29e-08	1.64e-08
 1.75543e+23	9.72e-01	2.78e-02	2.54e-05	0.00e+00	0.00e+00	0.00e+00	0.00e+00	0.00e+00	0.00e+00	9.72e-01	3.28e-08	1.63e-08
 1.75700e+23	9.73e-01	2.74e-02	2.52e-05	0.00e+00	0.00e+00	0.00e+00	0.00e+00	0.00e+00	0.00e+00	9.73e-01	3.27e-08	1.63e-08
 1.75844e+23	9.73e-01	2.72e-02	2.51e-05	0.00e+00	0.00e+00	0.00e+00	0.00e+00	0.00e+00	0.00e+00	9.73e-01	3.27e-08	1.62e-08
 1.76000e+23	9.73e-01	2.68e-02	2.49e-05	0.00e+00	0.00e+00	0.00e+00	0.00e+00	0.00e+00	0.00e+00	9.73e-01	3.27e-08	1.62e-08
 1.76170e+23	9.74e-01	2.64e-02	2.47e-05	0.00e+00	0.00e+00	0.00e+00	0.00e+00	0.00e+00	0.00e+00	9.74e-01	3.27e-08	1.62e-08
 1.76355e+23	9.74e-01	2.60e-02	2.44e-05	0.00e+00	0.00e+00	0.00e+00	0.00e+00	0.00e+00	0.00e+00	9.74e-01	3.26e-08	1.61e-08
 1.76555e+23	9.75e-01	2.55e-02	2.42e-05	0.00e+00	0.00e+00	0.00e+00	0.00e+00	0.00e+00	0.00e+00	9.75e-01	3.25e-08	1.60e-08
 1.76738e+23	9.75e-01	2.51e-02	2.39e-05	0.00e+00	0.00e+00	0.00e+00	0.00e+00	0.00e+00	0.00e+00	9.75e-01	3.23e-08	1.59e-08
 1.76904e+23	9.75e-01	2.49e-02	2.38e-05	0.00e+00	0.00e+00	0.00e+00	0.00e+00	0.00e+00	0.00e+00	9.75e-01	3.22e-08	1.59e-08
 1.77085e+23	9.75e-01	2.45e-02	2.36e-05	0.00e+00	0.00e+00	0.00e+00	0.00e+00	0.00e+00	0.00e+00	9.75e-01	3.18e-08	1.57e-08
 1.77282e+23	9.76e-01	2.42e-02	2.34e-05	0.00e+00	0.00e+00	0.00e+00	0.00e+00	0.00e+00	0.00e+00	9.76e-01	3.17e-08	1.56e-08
 1.77497e+23	9.76e-01	2.37e-02	2.31e-05	0.00e+00	0.00e+00	0.00e+00	0.00e+00	0.00e+00	0.00e+00	9.76e-01	3.14e-08	1.55e-08
 1.77729e+23	9.77e-01	2.33e-02	2.29e-05	0.00e+00	0.00e+00	0.00e+00	0.00e+00	0.00e+00	0.00e+00	9.77e-01	3.11e-08	1.53e-08
 1.77940e+23	9.77e-01	2.29e-02	2.26e-05	0.00e+00	0.00e+00	0.00e+00	0.00e+00	0.00e+00	0.00e+00	9.77e-01	3.09e-08	1.52e-08
 1.78132e+23	9.77e-01	2.27e-02	2.25e-05	0.00e+00	0.00e+00	0.00e+00	0.00e+00	0.00e+00	0.00e+00	9.77e-01	3.08e-08	1.51e-08
 1.78343e+23	9.78e-01	2.23e-02	2.22e-05	0.00e+00	0.00e+00	0.00e+00	0.00e+00	0.00e+00	0.00e+00	9.78e-01	3.05e-08	1.49e-08
 1.78570e+23	9.78e-01	2.19e-02	2.20e-05	0.00e+00	0.00e+00	0.00e+00	0.00e+00	0.00e+00	0.00e+00	9.78e-01	3.03e-08	1.47e-08
 1.78777e+23	9.78e-01	2.16e-02	2.18e-05	0.00e+00	0.00e+00	0.00e+00	0.00e+00	0.00e+00	0.00e+00	9.78e-01	3.02e-08	1.46e-08
 1.79004e+23	9.79e-01	2.12e-02	2.16e-05	0.00e+00	0.00e+00	0.00e+00	0.00e+00	0.00e+00	0.00e+00	9.79e-01	2.99e-08	1.44e-08
 1.79249e+23	9.79e-01	2.08e-02	2.14e-05	0.00e+00	0.00e+00	0.00e+00	0.00e+00	0.00e+00	0.00e+00	9.79e-01	2.96e-08	1.43e-08
 1.79471e+23	9.80e-01	2.04e-02	2.12e-05	0.00e+00	0.00e+00	0.00e+00	0.00e+00	0.00e+00	0.00e+00	9.80e-01	2.93e-08	1.41e-08
 1.79674e+23	9.80e-01	2.02e-02	2.10e-05	0.00e+00	0.00e+00	0.00e+00	0.00e+00	0.00e+00	0.00e+00	9.80e-01	2.93e-08	1.40e-08
 1.79896e+23	9.80e-01	1.99e-02	2.08e-05	0.00e+00	0.00e+00	0.00e+00	0.00e+00	0.00e+00	0.00e+00	9.80e-01	2.90e-08	1.39e-08
 1.80136e+23	9.81e-01	1.95e-02	2.06e-05	0.00e+00	0.00e+00	0.00e+00	0.00e+00	0.00e+00	0.00e+00	9.81e-01	2.88e-08	1.37e-08
 1.80354e+23	9.81e-01	1.92e-02	2.04e-05	0.00e+00	0.00e+00	0.00e+00	0.00e+00	0.00e+00	0.00e+00	9.81e-01	2.87e-08	1.36e-08
 1.80593e+23	9.81e-01	1.88e-02	2.02e-05	0.00e+00	0.00e+00	0.00e+00	0.00e+00	0.00e+00	0.00e+00	9.81e-01	2.84e-08	1.34e-08
 1.80851e+23	9.82e-01	1.85e-02	2.00e-05	0.00e+00	0.00e+00	0.00e+00	0.00e+00	0.00e+00	0.00e+00	9.82e-01	2.80e-08	1.32e-08
 1.81086e+23	9.82e-01	1.82e-02	1.98e-05	0.00e+00	0.00e+00	0.00e+00	0.00e+00	0.00e+00	0.00e+00	9.82e-01	2.79e-08	1.31e-08
 1.81344e+23	9.82e-01	1.78e-02	1.96e-05	0.00e+00	0.00e+00	0.00e+00	0.00e+00	0.00e+00	0.00e+00	9.82e-01	2.75e-08	1.29e-08
 1.81622e+23	9.82e-01	1.75e-02	1.93e-05	0.00e+00	0.00e+00	0.00e+00	0.00e+00	0.00e+00	0.00e+00	9.82e-01	2.73e-08	1.27e-08
 1.81875e+23	9.83e-01	1.72e-02	1.92e-05	0.00e+00	0.00e+00	0.00e+00	0.00e+00	0.00e+00	0.00e+00	9.83e-01	2.71e-08	1.25e-08
 1.82105e+23	9.83e-01	1.69e-02	1.90e-05	0.00e+00	0.00e+00	0.00e+00	0.00e+00	0.00e+00	0.00e+00	9.83e-01	2.68e-08	1.23e-08
 1.82314e+23	9.83e-01	1.67e-02	1.88e-05	0.00e+00	0.00e+00	0.00e+00	0.00e+00	0.00e+00	0.00e+00	9.83e-01	2.67e-08	1.23e-08
 1.82544e+23	9.84e-01	1.64e-02	1.87e-05	0.00e+00	0.00e+00	0.00e+00	0.00e+00	0.00e+00	0.00e+00	9.84e-01	2.64e-08	1.21e-08
 1.82791e+23	9.84e-01	1.61e-02	1.85e-05	0.00e+00	0.00e+00	0.00e+00	0.00e+00	0.00e+00	0.00e+00	9.84e-01	2.61e-08	1.19e-08
 1.83017e+23	9.84e-01	1.59e-02	1.83e-05	0.00e+00	0.00e+00	0.00e+00	0.00e+00	0.00e+00	0.00e+00	9.84e-01	2.59e-08	1.18e-08
 1.83264e+23	9.84e-01	1.56e-02	1.81e-05	0.00e+00	0.00e+00	0.00e+00	0.00e+00	0.00e+00	0.00e+00	9.84e-01	2.56e-08	1.16e-08
 1.83531e+23	9.85e-01	1.52e-02	1.79e-05	0.00e+00	0.00e+00	0.00e+00	0.00e+00	0.00e+00	0.00e+00	9.85e-01	2.53e-08	1.14e-08
 1.83773e+23	9.85e-01	1.51e-02	1.78e-05	0.00e+00	0.00e+00	0.00e+00	0.00e+00	0.00e+00	0.00e+00	9.85e-01	2.52e-08	1.13e-08
 1.84039e+23	9.85e-01	1.47e-02	1.76e-05	0.00e+00	0.00e+00	0.00e+00	0.00e+00	0.00e+00	0.00e+00	9.85e-01	2.49e-08	1.11e-08
 1.84326e+23	9.86e-01	1.44e-02	1.74e-05	0.00e+00	0.00e+00	0.00e+00	0.00e+00	0.00e+00	0.00e+00	9.86e-01	2.46e-08	1.09e-08
 1.84588e+23	9.86e-01	1.42e-02	1.72e-05	0.00e+00	0.00e+00	0.00e+00	0.00e+00	0.00e+00	0.00e+00	9.86e-01	2.44e-08	1.08e-08
 1.84874e+23	9.86e-01	1.39e-02	1.70e-05	0.00e+00	0.00e+00	0.00e+00	0.00e+00	0.00e+00	0.00e+00	9.86e-01	2.41e-08	1.06e-08
 1.85183e+23	9.86e-01	1.36e-02	1.68e-05	0.00e+00	0.00e+00	0.00e+00	0.00e+00	0.00e+00	0.00e+00	9.86e-01	2.38e-08	1.04e-08
 1.85464e+23	9.87e-01	1.34e-02	1.67e-05	0.00e+00	0.00e+00	0.00e+00	0.00e+00	0.00e+00	0.00e+00	9.87e-01	2.37e-08	1.03e-08
 1.85773e+23	9.87e-01	1.31e-02	1.65e-05	0.00e+00	0.00e+00	0.00e+00	0.00e+00	0.00e+00	0.00e+00	9.87e-01	2.34e-08	1.02e-08
 1.86105e+23	9.87e-01	1.27e-02	1.63e-05	0.00e+00	0.00e+00	0.00e+00	0.00e+00	0.00e+00	0.00e+00	9.87e-01	2.31e-08	9.94e-09
 1.86408e+23	9.87e-01	1.25e-02	1.61e-05	0.00e+00	0.00e+00	0.00e+00	0.00e+00	0.00e+00	0.00e+00	9.87e-01	2.30e-08	9.85e-09
 1.86740e+23	9.88e-01	1.22e-02	1.59e-05	0.00e+00	0.00e+00	0.00e+00	0.00e+00	0.00e+00	0.00e+00	9.88e-01	2.27e-08	9.63e-09
 1.87098e+23	9.88e-01	1.20e-02	1.57e-05	0.00e+00	0.00e+00	0.00e+00	0.00e+00	0.00e+00	0.00e+00	9.88e-01	2.25e-08	9.46e-09
 1.87424e+23	9.88e-01	1.17e-02	1.55e-05	0.00e+00	0.00e+00	0.00e+00	0.00e+00	0.00e+00	0.00e+00	9.88e-01	2.23e-08	9.29e-09
 1.87721e+23	9.88e-01	1.15e-02	1.54e-05	0.00e+00	0.00e+00	0.00e+00	0.00e+00	0.00e+00	0.00e+00	9.88e-01	2.21e-08	9.15e-09
 1.88046e+23	9.89e-01	1.12e-02	1.52e-05	0.00e+00	0.00e+00	0.00e+00	0.00e+00	0.00e+00	0.00e+00	9.89e-01	2.18e-08	8.96e-09
 1.88397e+23	9.89e-01	1.10e-02	1.50e-05	0.00e+00	0.00e+00	0.00e+00	0.00e+00	0.00e+00	0.00e+00	9.89e-01	2.15e-08	8.76e-09
 1.88716e+23	9.89e-01	1.08e-02	1.48e-05	0.00e+00	0.00e+00	0.00e+00	0.00e+00	0.00e+00	0.00e+00	9.89e-01	2.14e-08	8.66e-09
 1.89066e+23	9.89e-01	1.05e-02	1.46e-05	0.00e+00	0.00e+00	0.00e+00	0.00e+00	0.00e+00	0.00e+00	9.89e-01	2.11e-08	8.48e-09
 1.89444e+23	9.90e-01	1.02e-02	1.44e-05	0.00e+00	0.00e+00	0.00e+00	0.00e+00	0.00e+00	0.00e+00	9.90e-01	2.07e-08	8.28e-09
 1.89788e+23	9.90e-01	1.01e-02	1.43e-05	0.00e+00	0.00e+00	0.00e+00	0.00e+00	0.00e+00	0.00e+00	9.90e-01	2.06e-08	8.18e-09
 1.90164e+23	9.90e-01	9.79e-03	1.41e-05	0.00e+00	0.00e+00	0.00e+00	0.00e+00	0.00e+00	0.00e+00	9.90e-01	2.03e-08	7.99e-09
 1.90571e+23	9.90e-01	9.52e-03	1.39e-05	0.00e+00	0.00e+00	0.00e+00	0.00e+00	0.00e+00	0.00e+00	9.90e-01	2.00e-08	7.79e-09
 1.90941e+23	9.91e-01	9.34e-03	1.37e-05	0.00e+00	0.00e+00	0.00e+00	0.00e+00	0.00e+00	0.00e+00	9.91e-01	1.99e-08	7.69e-09
 1.91347e+23	9.91e-01	9.07e-03	1.35e-05	0.00e+00	0.00e+00	0.00e+00	0.00e+00	0.00e+00	0.00e+00	9.91e-01	1.96e-08	7.50e-09
 1.91784e+23	9.91e-01	8.81e-03	1.33e-05	0.00e+00	0.00e+00	0.00e+00	0.00e+00	0.00e+00	0.00e+00	9.91e-01	1.92e-08	7.30e-09
 1.92183e+23	9.91e-01	8.63e-03	1.32e-05	0.00e+00	0.00e+00	0.00e+00	0.00e+00	0.00e+00	0.00e+00	9.91e-01	1.91e-08	7.20e-09
 1.92619e+23	9.92e-01	8.39e-03	1.30e-05	0.00e+00	0.00e+00	0.00e+00	0.00e+00	0.00e+00	0.00e+00	9.92e-01	1.89e-08	7.02e-09
 1.93091e+23	9.92e-01	8.15e-03	1.28e-05	0.00e+00	0.00e+00	0.00e+00	0.00e+00	0.00e+00	0.00e+00	9.92e-01	1.86e-08	6.87e-09
 1.93520e+23	9.92e-01	7.94e-03	1.26e-05	0.00e+00	0.00e+00	0.00e+00	0.00e+00	0.00e+00	0.00e+00	9.92e-01	1.84e-08	6.71e-09
 1.93910e+23	9.92e-01	7.77e-03	1.24e-05	0.00e+00	0.00e+00	0.00e+00	0.00e+00	0.00e+00	0.00e+00	9.92e-01	1.83e-08	6.59e-09
 1.94338e+23	9.92e-01	7.55e-03	1.22e-05	0.00e+00	0.00e+00	0.00e+00	0.00e+00	0.00e+00	0.00e+00	9.92e-01	1.80e-08	6.43e-09
 1.94799e+23	9.93e-01	7.35e-03	1.21e-05	0.00e+00	0.00e+00	0.00e+00	0.00e+00	0.00e+00	0.00e+00	9.93e-01	1.78e-08	6.29e-09
 1.95220e+23	9.93e-01	7.16e-03	1.19e-05	0.00e+00	0.00e+00	0.00e+00	0.00e+00	0.00e+00	0.00e+00	9.93e-01	1.76e-08	6.15e-09
 1.95602e+23	9.93e-01	7.01e-03	1.18e-05	0.00e+00	0.00e+00	0.00e+00	0.00e+00	0.00e+00	0.00e+00	9.93e-01	1.75e-08	6.04e-09
 1.96021e+23	9.93e-01	6.82e-03	1.16e-05	0.00e+00	0.00e+00	0.00e+00	0.00e+00	0.00e+00	0.00e+00	9.93e-01	1.72e-08	5.89e-09
 1.96473e+23	9.93e-01	6.64e-03	1.14e-05	0.00e+00	0.00e+00	0.00e+00	0.00e+00	0.00e+00	0.00e+00	9.93e-01	1.70e-08	5.75e-09
 1.96885e+23	9.94e-01	6.48e-03	1.13e-05	0.00e+00	0.00e+00	0.00e+00	0.00e+00	0.00e+00	0.00e+00	9.94e-01	1.69e-08	5.64e-09
 1.97336e+23	9.94e-01	6.30e-03	1.11e-05	0.00e+00	0.00e+00	0.00e+00	0.00e+00	0.00e+00	0.00e+00	9.94e-01	1.66e-08	5.49e-09
 1.97823e+23	9.94e-01	6.12e-03	1.10e-05	0.00e+00	0.00e+00	0.00e+00	0.00e+00	0.00e+00	0.00e+00	9.94e-01	1.64e-08	5.34e-09
 1.98266e+23	9.94e-01	5.98e-03	1.08e-05	0.00e+00	0.00e+00	0.00e+00	0.00e+00	0.00e+00	0.00e+00	9.94e-01	1.63e-08	5.23e-09
 1.98751e+23	9.94e-01	5.79e-03	1.06e-05	0.00e+00	0.00e+00	0.00e+00	0.00e+00	0.00e+00	0.00e+00	9.94e-01	1.60e-08	5.08e-09
 1.99276e+23	9.94e-01	5.63e-03	1.05e-05	0.00e+00	0.00e+00	0.00e+00	0.00e+00	0.00e+00	0.00e+00	9.94e-01	1.59e-08	4.95e-09
 1.99753e+23	9.95e-01	5.48e-03	1.03e-05	0.00e+00	0.00e+00	0.00e+00	0.00e+00	0.00e+00	0.00e+00	9.95e-01	1.57e-08	4.82e-09
 2.00275e+23	9.95e-01	5.30e-03	1.01e-05	0.00e+00	0.00e+00	0.00e+00	0.00e+00	0.00e+00	0.00e+00	9.95e-01	1.54e-08	4.67e-09
 2.00840e+23	9.95e-01	5.14e-03	9.95e-06	0.00e+00	0.00e+00	0.00e+00	0.00e+00	0.00e+00	0.00e+00	9.95e-01	1.52e-08	4.54e-09
 2.01353e+23	9.95e-01	4.99e-03	9.80e-06	0.00e+00	0.00e+00	0.00e+00	0.00e+00	0.00e+00	0.00e+00	9.95e-01	1.50e-08	4.41e-09
 2.01821e+23	9.95e-01	4.87e-03	9.67e-06	0.00e+00	0.00e+00	0.00e+00	0.00e+00	0.00e+00	0.00e+00	9.95e-01	1.49e-08	4.32e-09
 2.02333e+23	9.95e-01	4.58e-03	9.49e-06	0.00e+00	0.00e+00	0.00e+00	0.00e+00	0.00e+00	0.00e+00	9.95e-01	1.47e-08	4.16e-09
 2.02980e+23	9.96e-01	4.23e-03	9.28e-06	0.00e+00	0.00e+00	0.00e+00	0.00e+00	0.00e+00	0.00e+00	9.96e-01	1.44e-08	3.98e-09
 2.03709e+23	9.96e-01	3.99e-03	9.07e-06	0.00e+00	0.00e+00	0.00e+00	0.00e+00	0.00e+00	0.00e+00	9.96e-01	1.41e-08	3.80e-09
 2.04458e+23	9.96e-01	3.77e-03	8.86e-06	0.00e+00	0.00e+00	0.00e+00	0.00e+00	0.00e+00	0.00e+00	9.96e-01	1.38e-08	3.63e-09
 2.05221e+23	9.96e-01	3.55e-03	8.65e-06	0.00e+00	0.00e+00	0.00e+00	0.00e+00	0.00e+00	0.00e+00	9.96e-01	1.35e-08	3.46e-09
 2.05997e+23	9.97e-01	3.34e-03	8.45e-06	0.00e+00	0.00e+00	0.00e+00	0.00e+00	0.00e+00	0.00e+00	9.97e-01	1.33e-08	3.29e-09
 2.06781e+23	9.97e-01	3.14e-03	8.25e-06	0.00e+00	0.00e+00	0.00e+00	0.00e+00	0.00e+00	0.00e+00	9.97e-01	1.30e-08	3.12e-09
 2.07574e+23	9.97e-01	2.94e-03	8.05e-06	0.00e+00	0.00e+00	0.00e+00	0.00e+00	0.00e+00	0.00e+00	9.97e-01	1.27e-08	2.96e-09
 2.08375e+23	9.97e-01	2.75e-03	7.85e-06	0.00e+00	0.00e+00	0.00e+00	0.00e+00	0.00e+00	0.00e+00	9.97e-01	1.25e-08	2.81e-09
 2.09183e+23	9.97e-01	2.57e-03	7.66e-06	0.00e+00	0.00e+00	0.00e+00	0.00e+00	0.00e+00	0.00e+00	9.97e-01	1.22e-08	2.66e-09
 2.09997e+23	9.98e-01	2.40e-03	7.47e-06	0.00e+00	0.00e+00	0.00e+00	0.00e+00	0.00e+00	0.00e+00	9.98e-01	1.19e-08	2.52e-09
 2.10819e+23	9.98e-01	2.24e-03	7.28e-06	0.00e+00	0.00e+00	0.00e+00	0.00e+00	0.00e+00	0.00e+00	9.98e-01	1.16e-08	2.38e-09
 2.11651e+23	9.98e-01	2.09e-03	7.10e-06	0.00e+00	0.00e+00	0.00e+00	0.00e+00	0.00e+00	0.00e+00	9.98e-01	1.13e-08	2.25e-09
 2.12489e+23	9.98e-01	1.94e-03	6.92e-06	0.00e+00	0.00e+00	0.00e+00	0.00e+00	0.00e+00	0.00e+00	9.98e-01	1.10e-08	2.12e-09
 2.13335e+23	9.98e-01	1.80e-03	6.74e-06	0.00e+00	0.00e+00	0.00e+00	0.00e+00	0.00e+00	0.00e+00	9.98e-01	1.07e-08	1.99e-09
 2.14187e+23	9.98e-01	1.66e-03	6.57e-06	0.00e+00	0.00e+00	0.00e+00	0.00e+00	0.00e+00	0.00e+00	9.98e-01	1.04e-08	1.87e-09
 2.15045e+23	9.98e-01	1.54e-03	6.40e-06	0.00e+00	0.00e+00	0.00e+00	0.00e+00	0.00e+00	0.00e+00	9.98e-01	1.02e-08	1.75e-09
 2.15908e+23	9.99e-01	1.42e-03	6.23e-06	0.00e+00	0.00e+00	0.00e+00	0.00e+00	0.00e+00	0.00e+00	9.99e-01	9.87e-09	1.64e-09
 2.16778e+23	9.99e-01	1.30e-03	6.07e-06	0.00e+00	0.00e+00	0.00e+00	0.00e+00	0.00e+00	0.00e+00	9.99e-01	9.57e-09	1.53e-09
 2.17655e+23	9.99e-01	1.20e-03	5.91e-06	0.00e+00	0.00e+00	0.00e+00	0.00e+00	0.00e+00	0.00e+00	9.99e-01	9.28e-09	1.43e-09
 2.18538e+23	9.99e-01	1.10e-03	5.75e-06	0.00e+00	0.00e+00	0.00e+00	0.00e+00	0.00e+00	0.00e+00	9.99e-01	8.99e-09	1.33e-09
 2.19429e+23	9.99e-01	1.00e-03	5.60e-06	0.00e+00	0.00e+00	0.00e+00	0.00e+00	0.00e+00	0.00e+00	9.99e-01	8.69e-09	1.23e-09
 2.20325e+23	9.99e-01	9.17e-04	5.45e-06	0.00e+00	0.00e+00	0.00e+00	0.00e+00	0.00e+00	0.00e+00	9.99e-01	8.40e-09	1.14e-09
 2.21229e+23	9.99e-01	8.35e-04	5.30e-06	0.00e+00	0.00e+00	0.00e+00	0.00e+00	0.00e+00	0.00e+00	9.99e-01	8.11e-09	1.05e-09
 2.22140e+23	9.99e-01	7.61e-04	5.15e-06	0.00e+00	0.00e+00	0.00e+00	0.00e+00	0.00e+00	0.00e+00	9.99e-01	7.83e-09	9.69e-10
 2.23074e+23	9.99e-01	6.89e-04	5.01e-06	0.00e+00	0.00e+00	0.00e+00	0.00e+00	0.00e+00	0.00e+00	9.99e-01	7.54e-09	8.89e-10
 2.24027e+23	9.99e-01	6.24e-04	4.86e-06	0.00e+00	0.00e+00	0.00e+00	0.00e+00	0.00e+00	0.00e+00	9.99e-01	7.26e-09	8.15e-10
 2.24987e+23	9.99e-01	5.63e-04	4.72e-06	0.00e+00	0.00e+00	0.00e+00	0.00e+00	0.00e+00	0.00e+00	9.99e-01	6.97e-09	7.44e-10
 2.25960e+23	9.99e-01	5.06e-04	4.58e-06	0.00e+00	0.00e+00	0.00e+00	0.00e+00	0.00e+00	0.00e+00	9.99e-01	6.69e-09	6.78e-10
 2.26942e+23	1.00e+00	4.55e-04	4.45e-06	0.00e+00	0.00e+00	0.00e+00	0.00e+00	0.00e+00	0.00e+00	1.00e+00	6.41e-09	6.16e-10
 2.27935e+23	1.00e+00	4.07e-04	4.31e-06	0.00e+00	0.00e+00	0.00e+00	0.00e+00	0.00e+00	0.00e+00	1.00e+00	6.14e-09	5.58e-10
 2.28940e+23	1.00e+00	3.64e-04	4.18e-06	0.00e+00	0.00e+00	0.00e+00	0.00e+00	0.00e+00	0.00e+00	1.00e+00	5.87e-09	5.04e-10
 2.29958e+23	1.00e+00	3.24e-04	4.05e-06	0.00e+00	0.00e+00	0.00e+00	0.00e+00	0.00e+00	0.00e+00	1.00e+00	5.61e-09	4.54e-10
 2.30994e+23	1.00e+00	2.88e-04	3.93e-06	0.00e+00	0.00e+00	0.00e+00	0.00e+00	0.00e+00	0.00e+00	1.00e+00	5.35e-09	4.09e-10
 2.32048e+23	1.00e+00	2.56e-04	3.80e-06	0.00e+00	0.00e+00	0.00e+00	0.00e+00	0.00e+00	0.00e+00	1.00e+00	5.11e-09	3.67e-10
 2.33131e+23	1.00e+00	2.26e-04	3.67e-06	0.00e+00	0.00e+00	0.00e+00	0.00e+00	0.00e+00	0.00e+00	1.00e+00	4.86e-09	3.28e-10
 2.34239e+23	1.00e+00	1.99e-04	3.55e-06	0.00e+00	0.00e+00	0.00e+00	0.00e+00	0.00e+00	0.00e+00	1.00e+00	4.63e-09	2.92e-10
 2.35364e+23	1.00e+00	1.75e-04	3.43e-06	0.00e+00	0.00e+00	0.00e+00	0.00e+00	0.00e+00	0.00e+00	1.00e+00	4.40e-09	2.59e-10
 2.36511e+23	1.00e+00	1.53e-04	3.31e-06	0.00e+00	0.00e+00	0.00e+00	0.00e+00	0.00e+00	0.00e+00	1.00e+00	4.18e-09	2.29e-10
 2.37677e+23	1.00e+00	1.33e-04	3.19e-06	0.00e+00	0.00e+00	0.00e+00	0.00e+00	0.00e+00	0.00e+00	1.00e+00	3.97e-09	2.02e-10
 2.38866e+23	1.00e+00	1.16e-04	3.08e-06	0.00e+00	0.00e+00	0.00e+00	0.00e+00	0.00e+00	0.00e+00	1.00e+00	3.76e-09	1.78e-10
 2.40078e+23	1.00e+00	1.01e-04	2.96e-06	0.00e+00	0.00e+00	0.00e+00	0.00e+00	0.00e+00	0.00e+00	1.00e+00	3.55e-09	1.56e-10
 2.41318e+23	1.00e+00	8.71e-05	2.85e-06	0.00e+00	0.00e+00	0.00e+00	0.00e+00	0.00e+00	0.00e+00	1.00e+00	3.36e-09	1.36e-10
 2.42589e+23	1.00e+00	7.51e-05	2.74e-06	0.00e+00	0.00e+00	0.00e+00	0.00e+00	0.00e+00	0.00e+00	1.00e+00	3.16e-09	1.19e-10
 2.43890e+23	1.00e+00	6.46e-05	2.63e-06	0.00e+00	0.00e+00	0.00e+00	0.00e+00	0.00e+00	0.00e+00	1.00e+00	2.98e-09	1.03e-10
 2.45221e+23	1.00e+00	5.53e-05	2.52e-06	0.00e+00	0.00e+00	0.00e+00	0.00e+00	0.00e+00	0.00e+00	1.00e+00	2.80e-09	8.88e-11
 2.46583e+23	1.00e+00	4.73e-05	2.41e-06	0.00e+00	0.00e+00	0.00e+00	0.00e+00	0.00e+00	0.00e+00	1.00e+00	2.62e-09	7.64e-11
 2.47977e+23	1.00e+00	4.03e-05	2.31e-06	0.00e+00	0.00e+00	0.00e+00	0.00e+00	0.00e+00	0.00e+00	1.00e+00	2.46e-09	6.56e-11
 2.49408e+23	1.00e+00	3.43e-05	2.20e-06	0.00e+00	0.00e+00	0.00e+00	0.00e+00	0.00e+00	0.00e+00	1.00e+00	2.30e-09	5.63e-11
