#depth	H	H+	H2
 1.99597e+21	4.74e-04	1.00e+00	8.52e-21
 5.63046e+21	5.25e-04	9.99e-01	9.78e-21
 8.89744e+21	5.81e-04	9.99e-01	1.80e-20
 1.21542e+22	6.42e-04	9.99e-01	3.34e-20
 1.45080e+22	6.73e-04	9.99e-01	4.43e-20
 1.61767e+22	7.11e-04	9.99e-01	6.34e-20
 1.79434e+22	7.49e-04	9.99e-01	8.79e-20
 1.95788e+22	7.85e-04	9.99e-01	1.21e-19
 2.14459e+22	8.35e-04	9.99e-01	1.81e-19
 2.33377e+22	8.80e-04	9.99e-01	2.62e-19
 2.50051e+22	9.25e-04	9.99e-01	3.64e-19
 2.69162e+22	9.84e-04	9.99e-01	5.76e-19
 2.88520e+22	1.04e-03	9.99e-01	8.67e-19
 3.05558e+22	1.09e-03	9.99e-01	1.25e-18
 3.25065e+22	1.16e-03	9.99e-01	2.14e-18
 3.44890e+22	1.22e-03	9.99e-01	3.63e-18
 3.65129e+22	1.31e-03	9.99e-01	6.99e-18
 3.85571e+22	1.38e-03	9.99e-01	1.79e-17
 4.06276e+22	1.47e-03	9.99e-01	3.53e-17
 4.27319e+22	1.56e-03	9.98e-01	8.42e-17
 4.48799e+22	1.67e-03	9.98e-01	1.48e-16
 4.70691e+22	1.76e-03	9.98e-01	2.50e-16
 4.93121e+22	1.89e-03	9.98e-01	4.13e-16
 5.10005e+22	1.94e-03	9.98e-01	5.37e-16
 5.18403e+22	1.98e-03	9.98e-01	6.30e-16
 5.28042e+22	2.04e-03	9.98e-01	7.54e-16
 5.40573e+22	2.12e-03	9.98e-01	9.39e-16
 5.56863e+22	2.24e-03	9.98e-01	1.30e-15
 5.73412e+22	2.32e-03	9.98e-01	1.58e-15
 5.90298e+22	2.45e-03	9.98e-01	2.09e-15
 6.07534e+22	2.55e-03	9.97e-01	2.63e-15
 6.25224e+22	2.69e-03	9.97e-01	3.45e-15
 6.43197e+22	2.81e-03	9.97e-01	4.29e-15
 6.61537e+22	2.97e-03	9.97e-01	5.47e-15
 6.80280e+22	3.10e-03	9.97e-01	6.71e-15
 6.99547e+22	3.29e-03	9.97e-01	8.58e-15
 7.18887e+22	3.44e-03	9.97e-01	1.04e-14
 7.38323e+22	3.63e-03	9.96e-01	1.31e-14
 7.58298e+22	3.81e-03	9.96e-01	1.58e-14
 7.78975e+22	4.05e-03	9.96e-01	2.01e-14
 7.99783e+22	4.24e-03	9.96e-01	2.42e-14
 8.20764e+22	4.51e-03	9.95e-01	3.06e-14
 8.42095e+22	4.73e-03	9.95e-01	3.71e-14
 8.63882e+22	5.05e-03	9.95e-01	4.78e-14
 8.85713e+22	5.30e-03	9.95e-01	5.82e-14
 9.07602e+22	5.66e-03	9.94e-01	7.53e-14
 9.29485e+22	5.95e-03	9.94e-01	9.18e-14
 9.51359e+22	6.37e-03	9.94e-01	1.19e-13
 9.73184e+22	6.70e-03	9.93e-01	1.46e-13
 9.94944e+22	7.21e-03	9.93e-01	1.92e-13
 1.01658e+23	7.62e-03	9.92e-01	2.36e-13
 1.03807e+23	8.22e-03	9.92e-01	3.12e-13
 1.05945e+23	8.73e-03	9.91e-01	3.89e-13
 1.08069e+23	9.48e-03	9.91e-01	5.21e-13
 1.10188e+23	1.01e-02	9.90e-01	6.61e-13
 1.12298e+23	1.11e-02	9.89e-01	9.00e-13
 1.14411e+23	1.20e-02	9.88e-01	1.17e-12
 1.16248e+23	1.30e-02	9.87e-01	1.52e-12
 1.18358e+23	1.45e-02	9.86e-01	2.16e-12
 1.20503e+23	1.60e-02	9.84e-01	2.95e-12
 1.22349e+23	1.78e-02	9.82e-01	4.01e-12
 1.24129e+23	1.98e-02	9.80e-01	5.49e-12
 1.25739e+23	2.19e-02	9.78e-01	7.34e-12
 1.27175e+23	2.43e-02	9.76e-01	9.77e-12
 1.28812e+23	2.79e-02	9.72e-01	1.42e-11
 1.30555e+23	3.25e-02	9.67e-01	2.12e-11
 1.32059e+23	3.77e-02	9.62e-01	3.08e-11
 1.33377e+23	4.38e-02	9.56e-01	4.45e-11
 1.34617e+23	5.11e-02	9.49e-01	6.43e-11
 1.35818e+23	6.05e-02	9.39e-01	9.59e-11
 1.36948e+23	7.20e-02	9.28e-01	1.43e-10
 1.37976e+23	8.60e-02	9.14e-01	2.13e-10
 1.38895e+23	1.02e-01	8.98e-01	3.12e-10
 1.39704e+23	1.21e-01	8.79e-01	4.49e-10
 1.40426e+23	1.42e-01	8.58e-01	6.30e-10
 1.41080e+23	1.65e-01	8.35e-01	8.63e-10
 1.41694e+23	1.92e-01	8.08e-01	1.17e-09
 1.42268e+23	2.21e-01	7.79e-01	1.57e-09
 1.42793e+23	2.53e-01	7.47e-01	2.05e-09
 1.43276e+23	2.86e-01	7.14e-01	2.61e-09
 1.43727e+23	3.20e-01	6.80e-01	3.25e-09
 1.44136e+23	3.54e-01	6.46e-01	3.94e-09
 1.44489e+23	3.84e-01	6.16e-01	4.58e-09
 1.44795e+23	4.12e-01	5.88e-01	5.21e-09
 1.45054e+23	4.35e-01	5.65e-01	5.77e-09
 1.45280e+23	4.55e-01	5.45e-01	6.26e-09
 1.45524e+23	4.77e-01	5.23e-01	6.81e-09
 1.45794e+23	5.02e-01	4.98e-01	7.44e-09
 1.46064e+23	5.25e-01	4.75e-01	8.05e-09
 1.46316e+23	5.47e-01	4.53e-01	8.59e-09
 1.46509e+23	5.61e-01	4.39e-01	8.94e-09
 1.46646e+23	5.72e-01	4.28e-01	9.23e-09
 1.46785e+23	5.82e-01	4.18e-01	9.51e-09
 1.46948e+23	5.95e-01	4.05e-01	9.85e-09
 1.47125e+23	6.08e-01	3.92e-01	1.02e-08
 1.47296e+23	6.20e-01	3.80e-01	1.05e-08
 1.47466e+23	6.31e-01	3.69e-01	1.08e-08
 1.47640e+23	6.42e-01	3.58e-01	1.11e-08
 1.47824e+23	6.54e-01	3.46e-01	1.14e-08
 1.48015e+23	6.66e-01	3.34e-01	1.18e-08
 1.48203e+23	6.77e-01	3.23e-01	1.20e-08
 1.48393e+23	6.87e-01	3.13e-01	1.23e-08
 1.48594e+23	6.98e-01	3.02e-01	1.26e-08
 1.48804e+23	7.08e-01	2.92e-01	1.29e-08
 1.49018e+23	7.19e-01	2.81e-01	1.31e-08
 1.49233e+23	7.28e-01	2.72e-01	1.34e-08
 1.49456e+23	7.38e-01	2.62e-01	1.36e-08
 1.49692e+23	7.48e-01	2.52e-01	1.39e-08
 1.49930e+23	7.57e-01	2.43e-01	1.41e-08
 1.50173e+23	7.66e-01	2.34e-01	1.43e-08
 1.50427e+23	7.75e-01	2.25e-01	1.45e-08
 1.50694e+23	7.83e-01	2.17e-01	1.48e-08
 1.50967e+23	7.92e-01	2.08e-01	1.50e-08
 1.51248e+23	7.99e-01	2.01e-01	1.52e-08
 1.51542e+23	8.07e-01	1.93e-01	1.54e-08
 1.51851e+23	8.15e-01	1.85e-01	1.56e-08
 1.52169e+23	8.22e-01	1.78e-01	1.58e-08
 1.52493e+23	8.29e-01	1.71e-01	1.60e-08
 1.52826e+23	8.35e-01	1.65e-01	1.61e-08
 1.53171e+23	8.41e-01	1.59e-01	1.64e-08
 1.53533e+23	8.47e-01	1.53e-01	1.66e-08
 1.53912e+23	8.52e-01	1.48e-01	1.68e-08
 1.54299e+23	8.58e-01	1.42e-01	1.71e-08
 1.54703e+23	8.62e-01	1.38e-01	1.73e-08
 1.55132e+23	8.67e-01	1.33e-01	1.76e-08
 1.55586e+23	8.72e-01	1.28e-01	1.80e-08
 1.56060e+23	8.76e-01	1.24e-01	1.84e-08
 1.56560e+23	8.80e-01	1.20e-01	1.88e-08
 1.57096e+23	8.84e-01	1.16e-01	1.94e-08
 1.57666e+23	8.88e-01	1.12e-01	2.00e-08
 1.58262e+23	8.92e-01	1.08e-01	2.07e-08
 1.58851e+23	8.95e-01	1.05e-01	2.14e-08
 1.59419e+23	8.98e-01	1.02e-01	2.22e-08
 1.59975e+23	9.01e-01	9.89e-02	2.31e-08
 1.60521e+23	9.04e-01	9.63e-02	2.40e-08
 1.61055e+23	9.06e-01	9.38e-02	2.50e-08
 1.61576e+23	9.09e-01	9.14e-02	2.58e-08
 1.62072e+23	9.11e-01	8.92e-02	2.67e-08
 1.62532e+23	9.13e-01	8.73e-02	2.75e-08
 1.62977e+23	9.15e-01	8.54e-02	2.84e-08
 1.63423e+23	9.17e-01	8.35e-02	2.94e-08
 1.63854e+23	9.18e-01	8.17e-02	3.05e-08
 1.64269e+23	9.20e-01	8.00e-02	3.16e-08
 1.64669e+23	9.22e-01	7.83e-02	3.28e-08
 1.65055e+23	9.23e-01	7.68e-02	3.41e-08
 1.65429e+23	9.25e-01	7.52e-02	3.54e-08
 1.65789e+23	9.26e-01	7.38e-02	3.68e-08
 1.66137e+23	9.28e-01	7.24e-02	3.82e-08
 1.66472e+23	9.29e-01	7.10e-02	3.98e-08
 1.66795e+23	9.30e-01	6.97e-02	4.15e-08
 1.67107e+23	9.32e-01	6.85e-02	4.33e-08
 1.67403e+23	9.33e-01	6.73e-02	4.51e-08
 1.67693e+23	9.34e-01	6.61e-02	4.72e-08
 1.67974e+23	9.35e-01	6.49e-02	4.94e-08
 1.68231e+23	9.36e-01	6.40e-02	5.15e-08
 1.68464e+23	9.37e-01	6.31e-02	5.36e-08
 1.68676e+23	9.38e-01	6.23e-02	5.55e-08
 1.68869e+23	9.38e-01	6.16e-02	5.74e-08
 1.69045e+23	9.39e-01	6.09e-02	5.92e-08
 1.69205e+23	9.40e-01	6.03e-02	6.09e-08
 1.69351e+23	9.40e-01	5.98e-02	6.30e-08
 1.69483e+23	9.41e-01	5.94e-02	6.42e-08
 1.69628e+23	9.41e-01	5.87e-02	6.57e-08
 1.69817e+23	9.42e-01	5.78e-02	6.83e-08
 1.70021e+23	9.43e-01	5.69e-02	7.05e-08
 1.70206e+23	9.44e-01	5.61e-02	7.26e-08
 1.70375e+23	9.44e-01	5.55e-02	7.44e-08
 1.70528e+23	9.45e-01	5.50e-02	7.61e-08
 1.70668e+23	9.46e-01	5.44e-02	7.80e-08
 1.70795e+23	9.46e-01	5.41e-02	7.90e-08
 1.70935e+23	9.46e-01	5.36e-02	8.00e-08
 1.71116e+23	9.47e-01	5.28e-02	8.19e-08
 1.71311e+23	9.48e-01	5.21e-02	8.37e-08
 1.71489e+23	9.49e-01	5.14e-02	8.51e-08
 1.71651e+23	9.49e-01	5.11e-02	8.61e-08
 1.71828e+23	9.50e-01	5.04e-02	8.69e-08
 1.72020e+23	9.50e-01	4.97e-02	8.83e-08
 1.72194e+23	9.51e-01	4.91e-02	8.94e-08
 1.72353e+23	9.51e-01	4.88e-02	9.00e-08
 1.72527e+23	9.52e-01	4.83e-02	9.07e-08
 1.72714e+23	9.52e-01	4.76e-02	9.15e-08
 1.72885e+23	9.53e-01	4.70e-02	9.21e-08
 1.73040e+23	9.53e-01	4.67e-02	9.25e-08
 1.73211e+23	9.54e-01	4.62e-02	9.28e-08
 1.73395e+23	9.54e-01	4.55e-02	9.32e-08
 1.73562e+23	9.55e-01	4.51e-02	9.35e-08
 1.73745e+23	9.56e-01	4.45e-02	9.36e-08
 1.73943e+23	9.56e-01	4.38e-02	9.38e-08
 1.74123e+23	9.57e-01	4.33e-02	9.39e-08
 1.74320e+23	9.57e-01	4.27e-02	9.38e-08
 1.74533e+23	9.58e-01	4.20e-02	9.38e-08
 1.74727e+23	9.58e-01	4.16e-02	9.37e-08
 1.74904e+23	9.59e-01	4.11e-02	9.34e-08
 1.75064e+23	9.59e-01	4.07e-02	9.31e-08
 1.75210e+23	9.60e-01	4.05e-02	9.29e-08
 1.75370e+23	9.60e-01	4.00e-02	9.23e-08
 1.75543e+23	9.61e-01	3.94e-02	9.20e-08
 1.75700e+23	9.61e-01	3.90e-02	9.16e-08
 1.75844e+23	9.61e-01	3.88e-02	9.14e-08
 1.76000e+23	9.62e-01	3.84e-02	9.11e-08
 1.76170e+23	9.62e-01	3.79e-02	9.09e-08
 1.76355e+23	9.63e-01	3.74e-02	9.04e-08
 1.76555e+23	9.63e-01	3.68e-02	9.02e-08
 1.76738e+23	9.64e-01	3.64e-02	8.98e-08
 1.76904e+23	9.64e-01	3.62e-02	8.96e-08
 1.77085e+23	9.64e-01	3.57e-02	8.91e-08
 1.77282e+23	9.65e-01	3.54e-02	8.94e-08
 1.77497e+23	9.65e-01	3.49e-02	8.88e-08
 1.77729e+23	9.66e-01	3.44e-02	8.88e-08
 1.77940e+23	9.66e-01	3.39e-02	8.83e-08
 1.78132e+23	9.66e-01	3.37e-02	8.82e-08
 1.78343e+23	9.67e-01	3.32e-02	8.77e-08
 1.78570e+23	9.67e-01	3.28e-02	8.76e-08
 1.78777e+23	9.68e-01	3.25e-02	8.75e-08
 1.79004e+23	9.68e-01	3.20e-02	8.68e-08
 1.79249e+23	9.69e-01	3.15e-02	8.68e-08
 1.79471e+23	9.69e-01	3.11e-02	8.63e-08
 1.79674e+23	9.69e-01	3.09e-02	8.62e-08
 1.79896e+23	9.70e-01	3.05e-02	8.57e-08
 1.80136e+23	9.70e-01	3.00e-02	8.57e-08
 1.80354e+23	9.70e-01	2.97e-02	8.56e-08
 1.80593e+23	9.71e-01	2.93e-02	8.50e-08
 1.80851e+23	9.71e-01	2.88e-02	8.50e-08
 1.81086e+23	9.71e-01	2.85e-02	8.49e-08
 1.81344e+23	9.72e-01	2.81e-02	8.44e-08
 1.81622e+23	9.72e-01	2.77e-02	8.45e-08
 1.81875e+23	9.73e-01	2.73e-02	8.41e-08
 1.82105e+23	9.73e-01	2.70e-02	8.36e-08
 1.82314e+23	9.73e-01	2.68e-02	8.36e-08
 1.82544e+23	9.74e-01	2.65e-02	8.33e-08
 1.82791e+23	9.74e-01	2.61e-02	8.35e-08
 1.83017e+23	9.74e-01	2.58e-02	8.34e-08
 1.83264e+23	9.75e-01	2.55e-02	8.32e-08
 1.83531e+23	9.75e-01	2.51e-02	8.33e-08
 1.83773e+23	9.75e-01	2.49e-02	8.34e-08
 1.84039e+23	9.76e-01	2.45e-02	8.31e-08
 1.84326e+23	9.76e-01	2.41e-02	8.33e-08
 1.84588e+23	9.76e-01	2.38e-02	8.32e-08
 1.84874e+23	9.77e-01	2.35e-02	8.30e-08
 1.85183e+23	9.77e-01	2.31e-02	8.31e-08
 1.85464e+23	9.77e-01	2.28e-02	8.32e-08
 1.85773e+23	9.78e-01	2.25e-02	8.30e-08
 1.86105e+23	9.78e-01	2.21e-02	8.31e-08
 1.86408e+23	9.78e-01	2.18e-02	8.31e-08
 1.86740e+23	9.79e-01	2.15e-02	8.29e-08
 1.87098e+23	9.79e-01	2.11e-02	8.32e-08
 1.87424e+23	9.79e-01	2.08e-02	8.30e-08
 1.87721e+23	9.79e-01	2.06e-02	8.30e-08
 1.88046e+23	9.80e-01	2.02e-02	8.28e-08
 1.88397e+23	9.80e-01	1.99e-02	8.29e-08
 1.88716e+23	9.80e-01	1.97e-02	8.29e-08
 1.89066e+23	9.81e-01	1.93e-02	8.28e-08
 1.89444e+23	9.81e-01	1.90e-02	8.29e-08
 1.89788e+23	9.81e-01	1.87e-02	8.29e-08
 1.90164e+23	9.82e-01	1.84e-02	8.28e-08
 1.90571e+23	9.82e-01	1.81e-02	8.28e-08
 1.90941e+23	9.82e-01	1.78e-02	8.29e-08
 1.91347e+23	9.83e-01	1.75e-02	8.28e-08
 1.91784e+23	9.83e-01	1.71e-02	8.28e-08
 1.92183e+23	9.83e-01	1.69e-02	8.29e-08
 1.92619e+23	9.83e-01	1.66e-02	8.30e-08
 1.93091e+23	9.84e-01	1.63e-02	8.30e-08
 1.93520e+23	9.84e-01	1.60e-02	8.29e-08
 1.93910e+23	9.84e-01	1.58e-02	8.29e-08
 1.94338e+23	9.85e-01	1.55e-02	8.30e-08
 1.94799e+23	9.85e-01	1.52e-02	8.30e-08
 1.95220e+23	9.85e-01	1.49e-02	8.29e-08
 1.95602e+23	9.85e-01	1.47e-02	8.29e-08
 1.96021e+23	9.86e-01	1.45e-02	8.30e-08
 1.96473e+23	9.86e-01	1.42e-02	8.31e-08
 1.96885e+23	9.86e-01	1.40e-02	8.30e-08
 1.97336e+23	9.86e-01	1.37e-02	8.31e-08
 1.97823e+23	9.87e-01	1.35e-02	8.32e-08
 1.98266e+23	9.87e-01	1.33e-02	8.32e-08
 1.98751e+23	9.87e-01	1.30e-02	8.32e-08
 1.99276e+23	9.87e-01	1.28e-02	8.34e-08
 1.99753e+23	9.87e-01	1.25e-02	8.34e-08
 2.00275e+23	9.88e-01	1.23e-02	8.34e-08
 2.00840e+23	9.88e-01	1.20e-02	8.35e-08
 2.01353e+23	9.88e-01	1.18e-02	8.36e-08
 2.01821e+23	9.88e-01	1.16e-02	8.37e-08
 2.02333e+23	9.89e-01	1.14e-02	8.36e-08
 2.02980e+23	9.89e-01	1.11e-02	8.39e-08
 2.03709e+23	9.89e-01	1.08e-02	8.39e-08
 2.04458e+23	9.89e-01	1.05e-02	8.40e-08
 2.05221e+23	9.90e-01	1.02e-02	8.41e-08
 2.05997e+23	9.90e-01	9.95e-03	8.42e-08
 2.06781e+23	9.90e-01	9.67e-03	8.43e-08
 2.07574e+23	9.91e-01	9.40e-03	8.44e-08
 2.08375e+23	9.91e-01	9.14e-03	8.45e-08
 2.09183e+23	9.91e-01	8.88e-03	8.46e-08
 2.09997e+23	9.91e-01	8.63e-03	8.47e-08
 2.10819e+23	9.92e-01	8.38e-03	8.48e-08
 2.11651e+23	9.92e-01	8.14e-03	8.50e-08
 2.12489e+23	9.92e-01	7.91e-03	8.51e-08
 2.13335e+23	9.92e-01	7.68e-03	8.52e-08
 2.14187e+23	9.93e-01	7.46e-03	8.53e-08
 2.15045e+23	9.93e-01	7.24e-03	8.55e-08
 2.15908e+23	9.93e-01	7.03e-03	8.56e-08
 2.16778e+23	9.93e-01	6.82e-03	8.58e-08
 2.17655e+23	9.93e-01	6.62e-03	8.59e-08
 2.18538e+23	9.94e-01	6.43e-03	8.61e-08
 2.19429e+23	9.94e-01	6.23e-03	8.63e-08
 2.20325e+23	9.94e-01	6.05e-03	8.65e-08
 2.21229e+23	9.94e-01	5.87e-03	8.66e-08
 2.22140e+23	9.94e-01	5.69e-03	8.69e-08
 2.23074e+23	9.94e-01	5.52e-03	8.71e-08
 2.24027e+23	9.95e-01	5.34e-03	8.74e-08
 2.24987e+23	9.95e-01	5.18e-03	8.77e-08
 2.25960e+23	9.95e-01	5.02e-03	8.80e-08
 2.26942e+23	9.95e-01	4.86e-03	8.83e-08
 2.27935e+23	9.95e-01	4.70e-03	8.87e-08
 2.28940e+23	9.95e-01	4.55e-03	8.91e-08
 2.29958e+23	9.96e-01	4.40e-03	8.95e-08
 2.30994e+23	9.96e-01	4.26e-03	8.99e-08
 2.32048e+23	9.96e-01	4.12e-03	9.04e-08
 2.33131e+23	9.96e-01	3.98e-03	9.10e-08
 2.34239e+23	9.96e-01	3.84e-03	9.16e-08
 2.35364e+23	9.96e-01	3.71e-03	9.22e-08
 2.36511e+23	9.96e-01	3.58e-03	9.29e-08
 2.37677e+23	9.97e-01	3.45e-03	9.37e-08
 2.38866e+23	9.97e-01	3.33e-03	9.45e-08
 2.40078e+23	9.97e-01	3.20e-03	9.54e-08
 2.41318e+23	9.97e-01	3.08e-03	9.64e-08
 2.42589e+23	9.97e-01	2.97e-03	9.75e-08
 2.43890e+23	9.97e-01	2.85e-03	9.87e-08
 2.45221e+23	9.97e-01	2.74e-03	1.00e-07
 2.46583e+23	9.97e-01	2.63e-03	1.01e-07
 2.47977e+23	9.97e-01	2.52e-03	1.03e-07
 2.49408e+23	9.98e-01	2.42e-03	1.05e-07
 2.50877e+23	9.98e-01	2.32e-03	1.07e-07
 2.52372e+23	9.98e-01	2.22e-03	1.09e-07
 2.53877e+23	9.98e-01	2.12e-03	1.11e-07
 2.55396e+23	9.98e-01	2.03e-03	1.14e-07
 2.56934e+23	9.98e-01	1.94e-03	1.17e-07
 2.58488e+23	9.98e-01	1.86e-03	1.20e-07
 2.60057e+23	9.98e-01	1.78e-03	1.24e-07
 2.61642e+23	9.98e-01	1.70e-03	1.27e-07
 2.63245e+23	9.98e-01	1.62e-03	1.32e-07
 2.64865e+23	9.98e-01	1.55e-03	1.37e-07
 2.66502e+23	9.99e-01	1.48e-03	1.42e-07
 2.68149e+23	9.99e-01	1.41e-03	1.48e-07
 2.69811e+23	9.99e-01	1.35e-03	1.55e-07
 2.71497e+23	9.99e-01	1.28e-03	1.63e-07
 2.73194e+23	9.99e-01	1.22e-03	1.72e-07
 2.74896e+23	9.99e-01	1.16e-03	1.82e-07
 2.76622e+23	9.99e-01	1.11e-03	1.94e-07
 2.78372e+23	9.99e-01	1.05e-03	2.08e-07
 2.80083e+23	9.99e-01	1.00e-03	2.24e-07
 2.81684e+23	9.99e-01	9.61e-04	2.42e-07
 2.83170e+23	9.99e-01	9.22e-04	2.61e-07
 2.84568e+23	9.99e-01	8.86e-04	2.82e-07
 2.85904e+23	9.99e-01	8.54e-04	3.06e-07
 2.87183e+23	9.99e-01	8.23e-04	3.32e-07
 2.88400e+23	9.99e-01	7.95e-04	3.61e-07
 2.89550e+23	9.99e-01	7.70e-04	3.93e-07
 2.90638e+23	9.99e-01	7.46e-04	4.28e-07
 2.91670e+23	9.99e-01	7.22e-04	4.68e-07
 2.92645e+23	9.99e-01	7.03e-04	5.10e-07
 2.93568e+23	9.99e-01	6.84e-04	5.57e-07
 2.94455e+23	9.99e-01	6.67e-04	6.10e-07
 2.95307e+23	9.99e-01	6.51e-04	6.68e-07
 2.96120e+23	9.99e-01	6.36e-04	7.33e-07
 2.96890e+23	9.99e-01	6.22e-04	8.04e-07
 2.97622e+23	9.99e-01	6.09e-04	8.83e-07
 2.98322e+23	9.99e-01	5.96e-04	9.69e-07
 2.98994e+23	9.99e-01	5.85e-04	1.07e-06
 2.99640e+23	9.99e-01	5.74e-04	1.17e-06
 3.00260e+23	9.99e-01	5.63e-04	1.29e-06
 3.00856e+23	9.99e-01	5.53e-04	1.42e-06
 3.01431e+23	9.99e-01	5.44e-04	1.56e-06
 3.01984e+23	9.99e-01	5.35e-04	1.72e-06
 3.02517e+23	9.99e-01	5.26e-04	1.89e-06
 3.03032e+23	9.99e-01	5.18e-04	2.08e-06
 3.03534e+23	9.99e-01	5.11e-04	2.29e-06
 3.04024e+23	9.99e-01	5.03e-04	2.53e-06
 3.04502e+23	9.99e-01	4.96e-04	2.78e-06
 3.04970e+23	1.00e+00	4.89e-04	3.06e-06
 3.05429e+23	1.00e+00	4.82e-04	3.37e-06
 3.05882e+23	1.00e+00	4.75e-04	3.71e-06
 3.06331e+23	1.00e+00	4.69e-04	4.08e-06
 3.06779e+23	1.00e+00	4.62e-04	4.49e-06
 3.07225e+23	1.00e+00	4.56e-04	4.93e-06
 3.07671e+23	1.00e+00	4.50e-04	5.41e-06
 3.08121e+23	1.00e+00	4.44e-04	5.95e-06
 3.08457e+23	1.00e+00	4.41e-04	6.51e-06
