#depth	He	He+	He+2
 1.54284e+22	1.67e-08	3.53e-04	1.00e+00
 3.45637e+22	2.12e-08	5.48e-04	9.99e-01
 4.01240e+22	2.22e-08	6.86e-04	9.99e-01
 4.29042e+22	2.23e-08	7.68e-04	9.99e-01
 4.42070e+22	2.23e-08	8.04e-04	9.99e-01
 4.50149e+22	2.23e-08	8.48e-04	9.99e-01
 4.58626e+22	2.23e-08	8.92e-04	9.99e-01
 4.67035e+22	2.23e-08	9.39e-04	9.99e-01
 4.75537e+22	2.23e-08	9.88e-04	9.99e-01
 4.84119e+22	2.25e-08	1.04e-03	9.99e-01
 4.92782e+22	2.27e-08	1.09e-03	9.99e-01
 5.01537e+22	2.30e-08	1.15e-03	9.99e-01
 5.10353e+22	2.34e-08	1.21e-03	9.99e-01
 5.19303e+22	2.40e-08	1.28e-03	9.99e-01
 5.28355e+22	2.47e-08	1.35e-03	9.99e-01
 5.37583e+22	2.57e-08	1.42e-03	9.99e-01
 5.46170e+22	2.66e-08	1.48e-03	9.99e-01
 5.54988e+22	2.81e-08	1.57e-03	9.98e-01
 5.63952e+22	2.95e-08	1.64e-03	9.98e-01
 5.73158e+22	3.15e-08	1.73e-03	9.98e-01
 5.82422e+22	3.34e-08	1.81e-03	9.98e-01
 5.91763e+22	3.61e-08	1.92e-03	9.98e-01
 6.01157e+22	3.86e-08	2.00e-03	9.98e-01
 6.10622e+22	4.21e-08	2.12e-03	9.98e-01
 6.20166e+22	4.53e-08	2.21e-03	9.98e-01
 6.29811e+22	4.99e-08	2.34e-03	9.98e-01
 6.39579e+22	5.39e-08	2.44e-03	9.98e-01
 6.49506e+22	5.98e-08	2.59e-03	9.97e-01
 6.59595e+22	6.49e-08	2.70e-03	9.97e-01
 6.69894e+22	7.25e-08	2.87e-03	9.97e-01
 6.80410e+22	7.91e-08	3.00e-03	9.97e-01
 6.91210e+22	8.89e-08	3.19e-03	9.97e-01
 7.02289e+22	9.76e-08	3.34e-03	9.97e-01
 7.13731e+22	1.10e-07	3.56e-03	9.96e-01
 7.24492e+22	1.20e-07	3.70e-03	9.96e-01
 7.34368e+22	1.33e-07	3.90e-03	9.96e-01
 7.44168e+22	1.44e-07	4.06e-03	9.96e-01
 7.53870e+22	1.60e-07	4.28e-03	9.96e-01
 7.63631e+22	1.73e-07	4.45e-03	9.96e-01
 7.73467e+22	1.91e-07	4.68e-03	9.95e-01
 7.83480e+22	2.07e-07	4.87e-03	9.95e-01
 7.93721e+22	2.31e-07	5.14e-03	9.95e-01
 8.04108e+22	2.51e-07	5.35e-03	9.95e-01
 8.14685e+22	2.80e-07	5.65e-03	9.94e-01
 8.25457e+22	3.04e-07	5.89e-03	9.94e-01
 8.36483e+22	3.41e-07	6.23e-03	9.94e-01
 8.47760e+22	3.72e-07	6.50e-03	9.93e-01
 8.59363e+22	4.19e-07	6.90e-03	9.93e-01
 8.71239e+22	4.59e-07	7.22e-03	9.93e-01
 8.83468e+22	5.19e-07	7.66e-03	9.92e-01
 8.95837e+22	5.69e-07	8.02e-03	9.92e-01
 9.08386e+22	6.44e-07	8.53e-03	9.91e-01
 9.21077e+22	7.08e-07	8.93e-03	9.91e-01
 9.33949e+22	8.02e-07	9.51e-03	9.90e-01
 9.46524e+22	8.77e-07	9.93e-03	9.90e-01
 9.58711e+22	9.84e-07	1.05e-02	9.89e-01
 9.71474e+22	1.09e-06	1.10e-02	9.89e-01
 9.82250e+22	1.18e-06	1.15e-02	9.88e-01
 9.93523e+22	1.31e-06	1.21e-02	9.88e-01
 1.00516e+23	1.43e-06	1.26e-02	9.87e-01
 1.01560e+23	1.56e-06	1.32e-02	9.87e-01
 1.02752e+23	1.73e-06	1.39e-02	9.86e-01
 1.03989e+23	1.91e-06	1.46e-02	9.85e-01
 1.05091e+23	2.08e-06	1.52e-02	9.85e-01
 1.06331e+23	2.32e-06	1.61e-02	9.84e-01
 1.07630e+23	2.57e-06	1.69e-02	9.83e-01
 1.08805e+23	2.82e-06	1.77e-02	9.82e-01
 1.10131e+23	3.16e-06	1.87e-02	9.81e-01
 1.11500e+23	3.51e-06	1.97e-02	9.80e-01
 1.12720e+23	3.86e-06	2.07e-02	9.79e-01
 1.14100e+23	4.35e-06	2.19e-02	9.78e-01
 1.15534e+23	4.85e-06	2.31e-02	9.77e-01
 1.16821e+23	5.36e-06	2.43e-02	9.76e-01
 1.18281e+23	6.09e-06	2.59e-02	9.74e-01
 1.19789e+23	6.80e-06	2.73e-02	9.73e-01
 1.21152e+23	7.56e-06	2.88e-02	9.71e-01
 1.22713e+23	8.68e-06	3.08e-02	9.69e-01
 1.24288e+23	9.70e-06	3.25e-02	9.67e-01
 1.25882e+23	1.11e-05	3.47e-02	9.65e-01
 1.27511e+23	1.25e-05	3.68e-02	9.63e-01
 1.28944e+23	1.39e-05	3.88e-02	9.61e-01
 1.30562e+23	1.60e-05	4.16e-02	9.58e-01
 1.32221e+23	1.81e-05	4.41e-02	9.56e-01
 1.33934e+23	2.09e-05	4.73e-02	9.53e-01
 1.35674e+23	2.36e-05	5.01e-02	9.50e-01
 1.37215e+23	2.65e-05	5.31e-02	9.47e-01
 1.38983e+23	3.09e-05	5.72e-02	9.43e-01
 1.40777e+23	3.48e-05	6.06e-02	9.39e-01
 1.42341e+23	3.91e-05	6.41e-02	9.36e-01
 1.43841e+23	4.37e-05	6.76e-02	9.32e-01
 1.45271e+23	4.85e-05	7.11e-02	9.29e-01
 1.46883e+23	5.55e-05	7.59e-02	9.24e-01
 1.48491e+23	6.17e-05	7.98e-02	9.20e-01
 1.50092e+23	7.04e-05	8.50e-02	9.15e-01
 1.51723e+23	7.85e-05	8.95e-02	9.10e-01
 1.53393e+23	8.99e-05	9.55e-02	9.04e-01
 1.55076e+23	1.00e-04	1.01e-01	8.99e-01
 1.56778e+23	1.15e-04	1.07e-01	8.93e-01
 1.58500e+23	1.29e-04	1.13e-01	8.87e-01
 1.59880e+23	1.41e-04	1.18e-01	8.82e-01
 1.61307e+23	1.57e-04	1.24e-01	8.76e-01
 1.62766e+23	1.73e-04	1.30e-01	8.70e-01
 1.64066e+23	1.89e-04	1.35e-01	8.64e-01
 1.65553e+23	2.11e-04	1.43e-01	8.57e-01
 1.67058e+23	2.32e-04	1.49e-01	8.51e-01
 1.68378e+23	2.54e-04	1.55e-01	8.44e-01
 1.69887e+23	2.84e-04	1.63e-01	8.36e-01
 1.71421e+23	3.12e-04	1.71e-01	8.29e-01
 1.72780e+23	3.42e-04	1.78e-01	8.22e-01
 1.74337e+23	3.83e-04	1.87e-01	8.12e-01
 1.75911e+23	4.21e-04	1.95e-01	8.04e-01
 1.77298e+23	4.61e-04	2.03e-01	7.96e-01
 1.78891e+23	5.16e-04	2.14e-01	7.86e-01
 1.80511e+23	5.68e-04	2.23e-01	7.77e-01
 1.82167e+23	6.38e-04	2.34e-01	7.65e-01
 1.83842e+23	7.02e-04	2.44e-01	7.55e-01
 1.85542e+23	7.89e-04	2.57e-01	7.42e-01
 1.87273e+23	8.70e-04	2.68e-01	7.31e-01
 1.89045e+23	9.81e-04	2.82e-01	7.17e-01
 1.90850e+23	1.08e-03	2.94e-01	7.05e-01
 1.92455e+23	1.19e-03	3.06e-01	6.93e-01
 1.94297e+23	1.35e-03	3.21e-01	6.77e-01
 1.95916e+23	1.45e-03	3.31e-01	6.67e-01
 1.97244e+23	1.57e-03	3.43e-01	6.56e-01
 1.98631e+23	1.70e-03	3.53e-01	6.45e-01
 1.99895e+23	1.82e-03	3.63e-01	6.35e-01
 2.01342e+23	1.99e-03	3.76e-01	6.22e-01
 2.02814e+23	2.14e-03	3.87e-01	6.10e-01
 2.04320e+23	2.35e-03	4.02e-01	5.96e-01
 2.05837e+23	2.53e-03	4.14e-01	5.84e-01
 2.07368e+23	2.78e-03	4.29e-01	5.68e-01
 2.08924e+23	3.00e-03	4.42e-01	5.55e-01
 2.10512e+23	3.30e-03	4.58e-01	5.39e-01
 2.12129e+23	3.56e-03	4.71e-01	5.25e-01
 2.13785e+23	3.93e-03	4.89e-01	5.07e-01
 2.15472e+23	4.26e-03	5.04e-01	4.92e-01
 2.17199e+23	4.70e-03	5.22e-01	4.74e-01
 2.18961e+23	5.11e-03	5.38e-01	4.57e-01
 2.20769e+23	5.66e-03	5.57e-01	4.37e-01
 2.22583e+23	6.15e-03	5.74e-01	4.20e-01
 2.24404e+23	6.83e-03	5.95e-01	3.98e-01
 2.26223e+23	7.41e-03	6.12e-01	3.81e-01
 2.28039e+23	8.22e-03	6.33e-01	3.59e-01
 2.29866e+23	8.93e-03	6.50e-01	3.41e-01
 2.31709e+23	9.93e-03	6.71e-01	3.19e-01
 2.33554e+23	1.08e-02	6.89e-01	3.00e-01
 2.35405e+23	1.20e-02	7.10e-01	2.78e-01
 2.37257e+23	1.31e-02	7.28e-01	2.59e-01
 2.39112e+23	1.47e-02	7.48e-01	2.37e-01
 2.40970e+23	1.60e-02	7.65e-01	2.19e-01
 2.42832e+23	1.80e-02	7.85e-01	1.97e-01
 2.44695e+23	1.97e-02	8.00e-01	1.80e-01
 2.46559e+23	2.20e-02	8.17e-01	1.61e-01
 2.48451e+23	2.43e-02	8.31e-01	1.44e-01
 2.50124e+23	2.68e-02	8.44e-01	1.30e-01
 2.52046e+23	3.02e-02	8.56e-01	1.13e-01
 2.53767e+23	3.29e-02	8.65e-01	1.02e-01
 2.54985e+23	3.53e-02	8.71e-01	9.38e-02
 2.56323e+23	3.88e-02	8.77e-01	8.45e-02
 2.57783e+23	4.25e-02	8.81e-01	7.60e-02
 2.59179e+23	4.68e-02	8.85e-01	6.84e-02
 2.60527e+23	5.15e-02	8.87e-01	6.18e-02
 2.61795e+23	5.67e-02	8.87e-01	5.61e-02
 2.62971e+23	6.24e-02	8.86e-01	5.13e-02
 2.64056e+23	6.85e-02	8.84e-01	4.74e-02
 2.65061e+23	7.52e-02	8.81e-01	4.40e-02
 2.65988e+23	8.25e-02	8.76e-01	4.13e-02
 2.66821e+23	9.02e-02	8.71e-01	3.90e-02
 2.67563e+23	9.83e-02	8.65e-01	3.72e-02
 2.68226e+23	1.07e-01	8.57e-01	3.57e-02
 2.68821e+23	1.15e-01	8.50e-01	3.46e-02
 2.69372e+23	1.25e-01	8.42e-01	3.37e-02
 2.69893e+23	1.35e-01	8.32e-01	3.29e-02
 2.70368e+23	1.45e-01	8.23e-01	3.24e-02
 2.70802e+23	1.55e-01	8.13e-01	3.20e-02
 2.71200e+23	1.66e-01	8.03e-01	3.18e-02
 2.71547e+23	1.75e-01	7.93e-01	3.18e-02
 2.71798e+23	1.82e-01	7.86e-01	3.19e-02
 2.71967e+23	1.87e-01	7.81e-01	3.19e-02
 2.72142e+23	1.93e-01	7.75e-01	3.19e-02
 2.72355e+23	2.01e-01	7.67e-01	3.19e-02
 2.72588e+23	2.10e-01	7.58e-01	3.19e-02
 2.72821e+23	2.18e-01	7.50e-01	3.20e-02
 2.73047e+23	2.27e-01	7.41e-01	3.21e-02
 2.73263e+23	2.36e-01	7.32e-01	3.23e-02
 2.73435e+23	2.42e-01	7.25e-01	3.25e-02
 2.73553e+23	2.47e-01	7.20e-01	3.25e-02
 2.73670e+23	2.53e-01	7.14e-01	3.25e-02
 2.73807e+23	2.59e-01	7.08e-01	3.25e-02
 2.73956e+23	2.66e-01	7.01e-01	3.25e-02
 2.74106e+23	2.74e-01	6.94e-01	3.25e-02
 2.74253e+23	2.81e-01	6.87e-01	3.25e-02
 2.74401e+23	2.88e-01	6.79e-01	3.24e-02
 2.74554e+23	2.96e-01	6.71e-01	3.24e-02
 2.74714e+23	3.05e-01	6.63e-01	3.23e-02
 2.74875e+23	3.14e-01	6.54e-01	3.22e-02
 2.75038e+23	3.23e-01	6.45e-01	3.21e-02
 2.75207e+23	3.32e-01	6.36e-01	3.19e-02
 2.75383e+23	3.43e-01	6.26e-01	3.17e-02
 2.75561e+23	3.53e-01	6.15e-01	3.15e-02
 2.75743e+23	3.64e-01	6.05e-01	3.12e-02
 2.75932e+23	3.76e-01	5.94e-01	3.09e-02
 2.76127e+23	3.88e-01	5.82e-01	3.06e-02
 2.76327e+23	4.00e-01	5.70e-01	3.02e-02
 2.76532e+23	4.13e-01	5.57e-01	2.98e-02
 2.76744e+23	4.26e-01	5.44e-01	2.93e-02
 2.76964e+23	4.40e-01	5.31e-01	2.88e-02
 2.77191e+23	4.55e-01	5.17e-01	2.83e-02
 2.77425e+23	4.69e-01	5.03e-01	2.77e-02
 2.77666e+23	4.85e-01	4.88e-01	2.70e-02
 2.77917e+23	5.00e-01	4.73e-01	2.63e-02
 2.78178e+23	5.16e-01	4.58e-01	2.56e-02
 2.78448e+23	5.33e-01	4.43e-01	2.48e-02
 2.78723e+23	5.49e-01	4.27e-01	2.40e-02
 2.79005e+23	5.65e-01	4.12e-01	2.32e-02
 2.79293e+23	5.81e-01	3.97e-01	2.23e-02
 2.79594e+23	5.97e-01	3.81e-01	2.14e-02
 2.79908e+23	6.13e-01	3.66e-01	2.05e-02
 2.80228e+23	6.29e-01	3.51e-01	1.95e-02
 2.80558e+23	6.44e-01	3.37e-01	1.86e-02
 2.80904e+23	6.60e-01	3.23e-01	1.76e-02
 2.81268e+23	6.74e-01	3.09e-01	1.67e-02
 2.81645e+23	6.88e-01	2.96e-01	1.58e-02
 2.82038e+23	7.02e-01	2.83e-01	1.49e-02
 2.82455e+23	7.15e-01	2.71e-01	1.39e-02
 2.82895e+23	7.28e-01	2.59e-01	1.30e-02
 2.83356e+23	7.41e-01	2.47e-01	1.21e-02
 2.83817e+23	7.52e-01	2.37e-01	1.13e-02
 2.84263e+23	7.62e-01	2.27e-01	1.06e-02
 2.84698e+23	7.71e-01	2.19e-01	9.90e-03
 2.85122e+23	7.79e-01	2.12e-01	9.30e-03
 2.85534e+23	7.86e-01	2.05e-01	8.74e-03
 2.85934e+23	7.93e-01	1.99e-01	8.24e-03
 2.86315e+23	7.99e-01	1.93e-01	7.78e-03
 2.86671e+23	8.05e-01	1.88e-01	7.38e-03
 2.87017e+23	8.10e-01	1.83e-01	6.99e-03
 2.87363e+23	8.15e-01	1.78e-01	6.64e-03
 2.87698e+23	8.20e-01	1.74e-01	6.31e-03
 2.88022e+23	8.24e-01	1.70e-01	6.01e-03
 2.88333e+23	8.28e-01	1.66e-01	5.73e-03
 2.88635e+23	8.32e-01	1.62e-01	5.47e-03
 2.88927e+23	8.36e-01	1.59e-01	5.22e-03
 2.89209e+23	8.40e-01	1.55e-01	4.99e-03
 2.89480e+23	8.43e-01	1.52e-01	4.78e-03
 2.89743e+23	8.46e-01	1.49e-01	4.58e-03
 2.89996e+23	8.49e-01	1.46e-01	4.39e-03
 2.90236e+23	8.52e-01	1.44e-01	4.23e-03
 2.90471e+23	8.55e-01	1.41e-01	4.05e-03
 2.90700e+23	8.58e-01	1.38e-01	3.90e-03
 2.90909e+23	8.60e-01	1.36e-01	3.77e-03
 2.91099e+23	8.63e-01	1.34e-01	3.64e-03
 2.91272e+23	8.65e-01	1.32e-01	3.52e-03
 2.91430e+23	8.67e-01	1.30e-01	3.42e-03
 2.91573e+23	8.68e-01	1.28e-01	3.33e-03
 2.91704e+23	8.70e-01	1.27e-01	3.25e-03
 2.91822e+23	8.71e-01	1.25e-01	3.17e-03
 2.91952e+23	8.73e-01	1.24e-01	3.08e-03
 2.92093e+23	8.75e-01	1.22e-01	3.01e-03
 2.92221e+23	8.76e-01	1.21e-01	2.94e-03
 2.92337e+23	8.77e-01	1.20e-01	2.88e-03
 2.92443e+23	8.78e-01	1.19e-01	2.83e-03
 2.92559e+23	8.80e-01	1.17e-01	2.75e-03
 2.92709e+23	8.82e-01	1.16e-01	2.67e-03
 2.92872e+23	8.83e-01	1.14e-01	2.61e-03
 2.93020e+23	8.85e-01	1.13e-01	2.53e-03
 2.93155e+23	8.86e-01	1.11e-01	2.48e-03
 2.93303e+23	8.88e-01	1.10e-01	2.40e-03
 2.93462e+23	8.89e-01	1.09e-01	2.34e-03
 2.93607e+23	8.91e-01	1.07e-01	2.28e-03
 2.93739e+23	8.91e-01	1.06e-01	2.24e-03
 2.93884e+23	8.93e-01	1.05e-01	2.18e-03
 2.94040e+23	8.95e-01	1.03e-01	2.12e-03
 2.94182e+23	8.96e-01	1.02e-01	2.07e-03
 2.94338e+23	8.97e-01	1.01e-01	2.01e-03
 2.94506e+23	8.99e-01	9.95e-02	1.96e-03
 2.94659e+23	9.00e-01	9.83e-02	1.91e-03
 2.94827e+23	9.01e-01	9.67e-02	1.85e-03
 2.95008e+23	9.03e-01	9.54e-02	1.79e-03
 2.95173e+23	9.04e-01	9.41e-02	1.75e-03
 2.95323e+23	9.05e-01	9.29e-02	1.70e-03
 2.95459e+23	9.07e-01	9.17e-02	1.66e-03
 2.95583e+23	9.08e-01	9.07e-02	1.62e-03
 2.95719e+23	9.09e-01	8.93e-02	1.57e-03
 2.95866e+23	9.10e-01	8.82e-02	1.53e-03
 2.96000e+23	9.11e-01	8.73e-02	1.50e-03
 2.96146e+23	9.13e-01	8.60e-02	1.45e-03
 2.96304e+23	9.14e-01	8.49e-02	1.41e-03
 2.96448e+23	9.15e-01	8.39e-02	1.38e-03
 2.96579e+23	9.16e-01	8.29e-02	1.35e-03
 2.96698e+23	9.17e-01	8.21e-02	1.32e-03
 2.96829e+23	9.18e-01	8.10e-02	1.28e-03
 2.96970e+23	9.19e-01	8.00e-02	1.25e-03
 2.97098e+23	9.20e-01	7.90e-02	1.22e-03
 2.97214e+23	9.20e-01	7.84e-02	1.20e-03
 2.97342e+23	9.21e-01	7.74e-02	1.17e-03
 2.97480e+23	9.22e-01	7.66e-02	1.15e-03
 2.97632e+23	9.23e-01	7.54e-02	1.11e-03
 2.97795e+23	9.24e-01	7.47e-02	1.09e-03
 2.97944e+23	9.25e-01	7.37e-02	1.06e-03
 2.98079e+23	9.26e-01	7.30e-02	1.04e-03
 2.98227e+23	9.27e-01	7.20e-02	1.01e-03
 2.98387e+23	9.28e-01	7.12e-02	9.88e-04
 2.98533e+23	9.29e-01	7.04e-02	9.68e-04
 2.98692e+23	9.30e-01	6.94e-02	9.38e-04
 2.98865e+23	9.31e-01	6.85e-02	9.16e-04
 2.99021e+23	9.31e-01	6.77e-02	8.92e-04
 2.99164e+23	9.32e-01	6.70e-02	8.75e-04
 2.99320e+23	9.33e-01	6.60e-02	8.49e-04
 2.99489e+23	9.34e-01	6.52e-02	8.29e-04
 2.99643e+23	9.35e-01	6.46e-02	8.13e-04
 2.99811e+23	9.36e-01	6.35e-02	7.86e-04
 2.99992e+23	9.36e-01	6.28e-02	7.67e-04
 3.00158e+23	9.37e-01	6.19e-02	7.47e-04
 3.00308e+23	9.38e-01	6.13e-02	7.32e-04
 3.00473e+23	9.39e-01	6.04e-02	7.09e-04
 3.00651e+23	9.40e-01	5.97e-02	6.93e-04
 3.00813e+23	9.40e-01	5.90e-02	6.78e-04
 3.00990e+23	9.41e-01	5.81e-02	6.56e-04
 3.01182e+23	9.42e-01	5.73e-02	6.40e-04
 3.01356e+23	9.43e-01	5.67e-02	6.25e-04
 3.01547e+23	9.44e-01	5.57e-02	6.03e-04
 3.01754e+23	9.44e-01	5.50e-02	5.87e-04
 3.01941e+23	9.45e-01	5.43e-02	5.73e-04
 3.02147e+23	9.46e-01	5.33e-02	5.52e-04
 3.02369e+23	9.47e-01	5.25e-02	5.37e-04
 3.02571e+23	9.48e-01	5.18e-02	5.22e-04
 3.02792e+23	9.49e-01	5.08e-02	5.02e-04
 3.03031e+23	9.49e-01	5.01e-02	4.89e-04
 3.03249e+23	9.50e-01	4.93e-02	4.73e-04
 3.03447e+23	9.51e-01	4.86e-02	4.58e-04
 3.03627e+23	9.52e-01	4.80e-02	4.48e-04
 3.03824e+23	9.52e-01	4.72e-02	4.33e-04
 3.04037e+23	9.53e-01	4.66e-02	4.22e-04
 3.04231e+23	9.54e-01	4.60e-02	4.12e-04
 3.04444e+23	9.54e-01	4.52e-02	3.97e-04
 3.04673e+23	9.55e-01	4.46e-02	3.86e-04
 3.04882e+23	9.56e-01	4.40e-02	3.77e-04
 3.05111e+23	9.56e-01	4.32e-02	3.63e-04
 3.05358e+23	9.57e-01	4.25e-02	3.52e-04
 3.05582e+23	9.58e-01	4.20e-02	3.42e-04
 3.05828e+23	9.59e-01	4.12e-02	3.29e-04
 3.06094e+23	9.59e-01	4.05e-02	3.19e-04
 3.06336e+23	9.60e-01	3.99e-02	3.10e-04
 3.06601e+23	9.61e-01	3.91e-02	2.97e-04
 3.06887e+23	9.61e-01	3.84e-02	2.87e-04
 3.07148e+23	9.62e-01	3.78e-02	2.78e-04
 3.07433e+23	9.63e-01	3.70e-02	2.67e-04
 3.07741e+23	9.63e-01	3.63e-02	2.57e-04
 3.08022e+23	9.64e-01	3.57e-02	2.48e-04
 3.08329e+23	9.65e-01	3.49e-02	2.38e-04
 3.08535e+23	9.65e-01	3.48e-02	2.36e-04
