#depth	H	H+	H2
 1.54284e+22	3.77e-04	1.00e+00	2.53e-21
 3.54721e+22	5.24e-04	9.99e-01	1.12e-20
 4.23950e+22	6.16e-04	9.99e-01	2.83e-20
 4.65488e+22	6.99e-04	9.99e-01	6.18e-20
 4.90199e+22	7.31e-04	9.99e-01	8.08e-20
 5.04572e+22	7.72e-04	9.99e-01	1.10e-19
 5.20075e+22	8.12e-04	9.99e-01	1.53e-19
 5.34715e+22	8.50e-04	9.99e-01	2.10e-19
 5.51417e+22	9.04e-04	9.99e-01	3.22e-19
 5.68381e+22	9.53e-04	9.99e-01	4.68e-19
 5.83315e+22	1.00e-03	9.99e-01	6.52e-19
 6.00363e+22	1.07e-03	9.99e-01	1.05e-18
 6.17703e+22	1.12e-03	9.99e-01	1.63e-18
 6.33104e+22	1.18e-03	9.99e-01	2.45e-18
 6.50803e+22	1.26e-03	9.99e-01	4.58e-18
 6.68799e+22	1.33e-03	9.99e-01	8.68e-18
 6.87181e+22	1.42e-03	9.99e-01	1.88e-17
 7.05793e+22	1.50e-03	9.99e-01	4.49e-17
 7.24706e+22	1.60e-03	9.98e-01	9.46e-17
 7.43982e+22	1.69e-03	9.98e-01	1.83e-16
 7.63728e+22	1.82e-03	9.98e-01	3.14e-16
 7.77679e+22	1.85e-03	9.98e-01	4.07e-16
 7.82606e+22	1.87e-03	9.98e-01	4.50e-16
 7.87519e+22	1.91e-03	9.98e-01	5.06e-16
 7.93907e+22	1.95e-03	9.98e-01	5.68e-16
 8.02211e+22	2.00e-03	9.98e-01	6.83e-16
 8.13006e+22	2.08e-03	9.98e-01	8.58e-16
 8.27040e+22	2.20e-03	9.98e-01	1.19e-15
 8.41393e+22	2.28e-03	9.98e-01	1.46e-15
 8.56164e+22	2.40e-03	9.98e-01	1.90e-15
 8.71364e+22	2.50e-03	9.97e-01	2.38e-15
 8.87122e+22	2.64e-03	9.97e-01	3.07e-15
 9.03248e+22	2.76e-03	9.97e-01	3.85e-15
 9.19852e+22	2.92e-03	9.97e-01	5.05e-15
 9.36449e+22	3.05e-03	9.97e-01	6.15e-15
 9.53038e+22	3.22e-03	9.97e-01	7.80e-15
 9.69972e+22	3.37e-03	9.97e-01	9.55e-15
 9.87356e+22	3.56e-03	9.96e-01	1.20e-14
 1.00513e+23	3.73e-03	9.96e-01	1.46e-14
 1.02343e+23	3.96e-03	9.96e-01	1.83e-14
 1.04205e+23	4.16e-03	9.96e-01	2.23e-14
 1.06110e+23	4.44e-03	9.96e-01	2.84e-14
 1.08017e+23	4.65e-03	9.95e-01	3.43e-14
 1.09928e+23	4.95e-03	9.95e-01	4.37e-14
 1.11871e+23	5.20e-03	9.95e-01	5.34e-14
 1.13854e+23	5.55e-03	9.94e-01	6.90e-14
 1.15838e+23	5.83e-03	9.94e-01	8.44e-14
 1.17823e+23	6.25e-03	9.94e-01	1.10e-13
 1.19810e+23	6.57e-03	9.93e-01	1.34e-13
 1.21799e+23	7.06e-03	9.93e-01	1.76e-13
 1.23785e+23	7.44e-03	9.93e-01	2.17e-13
 1.25764e+23	8.04e-03	9.92e-01	2.88e-13
 1.27734e+23	8.51e-03	9.91e-01	3.57e-13
 1.29690e+23	9.22e-03	9.91e-01	4.77e-13
 1.31647e+23	9.82e-03	9.90e-01	6.03e-13
 1.33608e+23	1.07e-02	9.89e-01	8.19e-13
 1.35571e+23	1.15e-02	9.88e-01	1.06e-12
 1.37537e+23	1.27e-02	9.87e-01	1.47e-12
 1.39513e+23	1.39e-02	9.86e-01	1.95e-12
 1.41237e+23	1.52e-02	9.85e-01	2.61e-12
 1.43209e+23	1.72e-02	9.83e-01	3.82e-12
 1.45196e+23	1.93e-02	9.81e-01	5.38e-12
 1.46701e+23	2.12e-02	9.79e-01	7.08e-12
 1.48153e+23	2.38e-02	9.76e-01	9.81e-12
 1.49715e+23	2.70e-02	9.73e-01	1.39e-11
 1.51157e+23	3.08e-02	9.69e-01	1.97e-11
 1.52542e+23	3.55e-02	9.65e-01	2.85e-11
 1.53881e+23	4.13e-02	9.59e-01	4.19e-11
 1.55134e+23	4.84e-02	9.52e-01	6.17e-11
 1.56290e+23	5.72e-02	9.43e-01	9.17e-11
 1.57357e+23	6.76e-02	9.32e-01	1.35e-10
 1.58349e+23	8.08e-02	9.19e-01	2.03e-10
 1.59257e+23	9.65e-02	9.04e-01	3.01e-10
 1.60058e+23	1.15e-01	8.85e-01	4.38e-10
 1.60765e+23	1.35e-01	8.65e-01	6.25e-10
 1.61400e+23	1.57e-01	8.43e-01	8.57e-10
 1.61996e+23	1.83e-01	8.17e-01	1.18e-09
 1.62558e+23	2.13e-01	7.87e-01	1.60e-09
 1.63066e+23	2.44e-01	7.56e-01	2.12e-09
 1.63524e+23	2.77e-01	7.23e-01	2.72e-09
 1.63954e+23	3.11e-01	6.89e-01	3.42e-09
 1.64350e+23	3.45e-01	6.55e-01	4.18e-09
 1.64691e+23	3.77e-01	6.23e-01	4.92e-09
 1.64984e+23	4.05e-01	5.95e-01	5.62e-09
 1.65226e+23	4.28e-01	5.72e-01	6.22e-09
 1.65434e+23	4.48e-01	5.52e-01	6.77e-09
 1.65655e+23	4.70e-01	5.30e-01	7.40e-09
 1.65904e+23	4.94e-01	5.06e-01	8.10e-09
 1.66156e+23	5.18e-01	4.82e-01	8.79e-09
 1.66390e+23	5.40e-01	4.60e-01	9.41e-09
 1.66567e+23	5.55e-01	4.45e-01	9.81e-09
 1.66692e+23	5.65e-01	4.35e-01	1.01e-08
 1.66817e+23	5.76e-01	4.24e-01	1.04e-08
 1.66966e+23	5.88e-01	4.12e-01	1.08e-08
 1.67129e+23	6.02e-01	3.98e-01	1.13e-08
 1.67285e+23	6.13e-01	3.87e-01	1.16e-08
 1.67439e+23	6.25e-01	3.75e-01	1.19e-08
 1.67601e+23	6.37e-01	3.63e-01	1.23e-08
 1.67765e+23	6.48e-01	3.52e-01	1.27e-08
 1.67931e+23	6.59e-01	3.41e-01	1.30e-08
 1.68105e+23	6.70e-01	3.30e-01	1.33e-08
 1.68286e+23	6.82e-01	3.18e-01	1.37e-08
 1.68466e+23	6.92e-01	3.08e-01	1.40e-08
 1.68649e+23	7.03e-01	2.97e-01	1.43e-08
 1.68841e+23	7.13e-01	2.87e-01	1.46e-08
 1.69041e+23	7.23e-01	2.77e-01	1.50e-08
 1.69244e+23	7.33e-01	2.67e-01	1.52e-08
 1.69451e+23	7.43e-01	2.57e-01	1.55e-08
 1.69666e+23	7.52e-01	2.48e-01	1.58e-08
 1.69890e+23	7.61e-01	2.39e-01	1.61e-08
 1.70120e+23	7.70e-01	2.30e-01	1.63e-08
 1.70355e+23	7.79e-01	2.21e-01	1.66e-08
 1.70600e+23	7.87e-01	2.13e-01	1.68e-08
 1.70856e+23	7.95e-01	2.05e-01	1.71e-08
 1.71120e+23	8.03e-01	1.97e-01	1.73e-08
 1.71393e+23	8.11e-01	1.89e-01	1.76e-08
 1.71676e+23	8.18e-01	1.82e-01	1.78e-08
 1.71969e+23	8.25e-01	1.75e-01	1.80e-08
 1.72269e+23	8.32e-01	1.68e-01	1.83e-08
 1.72576e+23	8.38e-01	1.62e-01	1.85e-08
 1.72893e+23	8.44e-01	1.56e-01	1.88e-08
 1.73228e+23	8.50e-01	1.50e-01	1.90e-08
 1.73578e+23	8.55e-01	1.45e-01	1.93e-08
 1.73933e+23	8.60e-01	1.40e-01	1.96e-08
 1.74301e+23	8.65e-01	1.35e-01	2.00e-08
 1.74692e+23	8.70e-01	1.30e-01	2.04e-08
 1.75106e+23	8.74e-01	1.26e-01	2.08e-08
 1.75536e+23	8.78e-01	1.22e-01	2.12e-08
 1.75987e+23	8.82e-01	1.18e-01	2.18e-08
 1.76469e+23	8.86e-01	1.14e-01	2.24e-08
 1.76980e+23	8.90e-01	1.10e-01	2.32e-08
 1.77507e+23	8.94e-01	1.06e-01	2.40e-08
 1.78022e+23	8.97e-01	1.03e-01	2.49e-08
 1.78515e+23	9.00e-01	9.97e-02	2.58e-08
 1.78999e+23	9.03e-01	9.70e-02	2.68e-08
 1.79473e+23	9.05e-01	9.45e-02	2.78e-08
 1.79937e+23	9.08e-01	9.21e-02	2.89e-08
 1.80385e+23	9.10e-01	8.98e-02	2.98e-08
 1.80811e+23	9.12e-01	8.77e-02	3.08e-08
 1.81210e+23	9.14e-01	8.58e-02	3.17e-08
 1.81596e+23	9.16e-01	8.40e-02	3.28e-08
 1.81983e+23	9.18e-01	8.21e-02	3.40e-08
 1.82357e+23	9.20e-01	8.04e-02	3.52e-08
 1.82718e+23	9.21e-01	7.87e-02	3.65e-08
 1.83066e+23	9.23e-01	7.71e-02	3.79e-08
 1.83402e+23	9.24e-01	7.56e-02	3.93e-08
 1.83727e+23	9.26e-01	7.41e-02	4.08e-08
 1.84040e+23	9.27e-01	7.27e-02	4.24e-08
 1.84342e+23	9.29e-01	7.13e-02	4.41e-08
 1.84634e+23	9.30e-01	7.00e-02	4.59e-08
 1.84915e+23	9.31e-01	6.87e-02	4.79e-08
 1.85182e+23	9.32e-01	6.76e-02	4.98e-08
 1.85443e+23	9.34e-01	6.64e-02	5.21e-08
 1.85697e+23	9.35e-01	6.52e-02	5.44e-08
 1.85929e+23	9.36e-01	6.42e-02	5.66e-08
 1.86140e+23	9.37e-01	6.33e-02	5.88e-08
 1.86332e+23	9.37e-01	6.25e-02	6.10e-08
 1.86507e+23	9.38e-01	6.18e-02	6.30e-08
 1.86666e+23	9.39e-01	6.11e-02	6.50e-08
 1.86810e+23	9.39e-01	6.05e-02	6.68e-08
 1.86942e+23	9.40e-01	6.00e-02	6.85e-08
 1.87086e+23	9.41e-01	5.93e-02	7.07e-08
 1.87242e+23	9.42e-01	5.85e-02	7.28e-08
 1.87384e+23	9.42e-01	5.79e-02	7.47e-08
 1.87539e+23	9.43e-01	5.72e-02	7.71e-08
 1.87706e+23	9.44e-01	5.63e-02	7.94e-08
 1.87859e+23	9.44e-01	5.57e-02	8.14e-08
 1.87998e+23	9.45e-01	5.51e-02	8.31e-08
 1.88150e+23	9.46e-01	5.44e-02	8.54e-08
 1.88314e+23	9.46e-01	5.36e-02	8.75e-08
 1.88464e+23	9.47e-01	5.31e-02	8.89e-08
 1.88628e+23	9.48e-01	5.25e-02	9.07e-08
 1.88804e+23	9.48e-01	5.17e-02	9.24e-08
 1.88965e+23	9.49e-01	5.10e-02	9.40e-08
 1.89112e+23	9.49e-01	5.08e-02	9.51e-08
 1.89272e+23	9.50e-01	5.01e-02	9.61e-08
 1.89445e+23	9.51e-01	4.93e-02	9.73e-08
 1.89603e+23	9.51e-01	4.88e-02	9.84e-08
 1.89746e+23	9.52e-01	4.85e-02	9.90e-08
 1.89904e+23	9.52e-01	4.79e-02	9.97e-08
 1.90073e+23	9.53e-01	4.72e-02	1.01e-07
 1.90228e+23	9.53e-01	4.66e-02	1.01e-07
 1.90368e+23	9.54e-01	4.63e-02	1.01e-07
 1.90522e+23	9.54e-01	4.58e-02	1.02e-07
 1.90688e+23	9.55e-01	4.51e-02	1.02e-07
 1.90840e+23	9.55e-01	4.47e-02	1.02e-07
 1.90977e+23	9.56e-01	4.42e-02	1.02e-07
 1.91103e+23	9.56e-01	4.40e-02	1.03e-07
 1.91240e+23	9.57e-01	4.35e-02	1.02e-07
 1.91418e+23	9.57e-01	4.27e-02	1.02e-07
 1.91611e+23	9.58e-01	4.20e-02	1.02e-07
 1.91786e+23	9.59e-01	4.14e-02	1.02e-07
 1.91946e+23	9.59e-01	4.10e-02	1.02e-07
 1.92121e+23	9.60e-01	4.05e-02	1.01e-07
 1.92309e+23	9.60e-01	3.98e-02	1.01e-07
 1.92481e+23	9.61e-01	3.94e-02	1.01e-07
 1.92637e+23	9.61e-01	3.90e-02	1.00e-07
 1.92780e+23	9.61e-01	3.86e-02	1.00e-07
 1.92935e+23	9.62e-01	3.81e-02	9.92e-08
 1.93104e+23	9.62e-01	3.76e-02	9.90e-08
 1.93257e+23	9.63e-01	3.72e-02	9.85e-08
 1.93396e+23	9.63e-01	3.69e-02	9.82e-08
 1.93549e+23	9.64e-01	3.65e-02	9.76e-08
 1.93714e+23	9.64e-01	3.62e-02	9.79e-08
 1.93894e+23	9.64e-01	3.57e-02	9.73e-08
 1.94089e+23	9.65e-01	3.51e-02	9.72e-08
 1.94267e+23	9.65e-01	3.47e-02	9.68e-08
 1.94428e+23	9.66e-01	3.45e-02	9.67e-08
 1.94605e+23	9.66e-01	3.41e-02	9.61e-08
 1.94796e+23	9.66e-01	3.36e-02	9.60e-08
 1.94970e+23	9.67e-01	3.33e-02	9.58e-08
 1.95160e+23	9.67e-01	3.28e-02	9.52e-08
 1.95366e+23	9.68e-01	3.23e-02	9.51e-08
 1.95553e+23	9.68e-01	3.19e-02	9.46e-08
 1.95723e+23	9.68e-01	3.17e-02	9.46e-08
 1.95910e+23	9.69e-01	3.13e-02	9.40e-08
 1.96111e+23	9.69e-01	3.09e-02	9.39e-08
 1.96295e+23	9.69e-01	3.06e-02	9.38e-08
 1.96496e+23	9.70e-01	3.02e-02	9.32e-08
 1.96712e+23	9.70e-01	2.97e-02	9.31e-08
 1.96910e+23	9.71e-01	2.94e-02	9.30e-08
 1.97126e+23	9.71e-01	2.90e-02	9.24e-08
 1.97359e+23	9.71e-01	2.85e-02	9.24e-08
 1.97572e+23	9.72e-01	2.82e-02	9.22e-08
 1.97805e+23	9.72e-01	2.78e-02	9.17e-08
 1.98056e+23	9.73e-01	2.74e-02	9.18e-08
 1.98285e+23	9.73e-01	2.70e-02	9.13e-08
 1.98493e+23	9.73e-01	2.67e-02	9.09e-08
 1.98682e+23	9.73e-01	2.65e-02	9.09e-08
 1.98890e+23	9.74e-01	2.62e-02	9.06e-08
 1.99114e+23	9.74e-01	2.58e-02	9.08e-08
 1.99318e+23	9.74e-01	2.55e-02	9.08e-08
 1.99541e+23	9.75e-01	2.52e-02	9.05e-08
 1.99782e+23	9.75e-01	2.48e-02	9.06e-08
 2.00002e+23	9.75e-01	2.45e-02	9.07e-08
 2.00242e+23	9.76e-01	2.42e-02	9.04e-08
 2.00502e+23	9.76e-01	2.38e-02	9.05e-08
 2.00738e+23	9.76e-01	2.35e-02	9.05e-08
 2.00997e+23	9.77e-01	2.32e-02	9.03e-08
 2.01277e+23	9.77e-01	2.28e-02	9.04e-08
 2.01531e+23	9.77e-01	2.25e-02	9.05e-08
 2.01810e+23	9.78e-01	2.22e-02	9.02e-08
 2.02111e+23	9.78e-01	2.18e-02	9.03e-08
 2.02385e+23	9.78e-01	2.15e-02	9.04e-08
 2.02685e+23	9.79e-01	2.12e-02	9.02e-08
 2.03009e+23	9.79e-01	2.08e-02	9.04e-08
 2.03303e+23	9.79e-01	2.05e-02	9.02e-08
 2.03572e+23	9.80e-01	2.03e-02	9.02e-08
 2.03866e+23	9.80e-01	1.99e-02	9.00e-08
 2.04183e+23	9.80e-01	1.96e-02	9.01e-08
 2.04472e+23	9.81e-01	1.94e-02	9.01e-08
 2.04788e+23	9.81e-01	1.90e-02	9.00e-08
 2.05130e+23	9.81e-01	1.87e-02	9.01e-08
 2.05441e+23	9.82e-01	1.85e-02	9.01e-08
 2.05781e+23	9.82e-01	1.81e-02	9.00e-08
 2.06149e+23	9.82e-01	1.78e-02	9.00e-08
 2.06484e+23	9.82e-01	1.75e-02	9.01e-08
 2.06851e+23	9.83e-01	1.72e-02	9.00e-08
 2.07247e+23	9.83e-01	1.69e-02	9.02e-08
 2.07607e+23	9.83e-01	1.66e-02	9.01e-08
 2.07935e+23	9.84e-01	1.64e-02	9.01e-08
 2.08294e+23	9.84e-01	1.61e-02	9.00e-08
 2.08682e+23	9.84e-01	1.58e-02	9.00e-08
 2.09035e+23	9.84e-01	1.56e-02	9.01e-08
 2.09422e+23	9.85e-01	1.53e-02	9.01e-08
 2.09839e+23	9.85e-01	1.50e-02	9.02e-08
 2.10219e+23	9.85e-01	1.48e-02	9.01e-08
 2.10565e+23	9.85e-01	1.45e-02	9.01e-08
 2.10944e+23	9.86e-01	1.43e-02	9.02e-08
 2.11353e+23	9.86e-01	1.40e-02	9.03e-08
 2.11801e+23	9.86e-01	1.37e-02	9.04e-08
 2.12285e+23	9.87e-01	1.35e-02	9.04e-08
 2.12725e+23	9.87e-01	1.32e-02	9.04e-08
 2.13126e+23	9.87e-01	1.30e-02	9.04e-08
 2.13565e+23	9.87e-01	1.28e-02	9.06e-08
 2.14039e+23	9.87e-01	1.25e-02	9.06e-08
 2.14471e+23	9.88e-01	1.23e-02	9.06e-08
 2.14943e+23	9.88e-01	1.20e-02	9.07e-08
 2.15454e+23	9.88e-01	1.18e-02	9.08e-08
 2.15918e+23	9.88e-01	1.16e-02	9.08e-08
 2.16427e+23	9.89e-01	1.13e-02	9.09e-08
 2.17050e+23	9.89e-01	1.10e-02	9.11e-08
 2.17722e+23	9.89e-01	1.07e-02	9.12e-08
 2.18398e+23	9.90e-01	1.04e-02	9.13e-08
 2.19082e+23	9.90e-01	1.01e-02	9.13e-08
 2.19774e+23	9.90e-01	9.84e-03	9.14e-08
 2.20475e+23	9.90e-01	9.57e-03	9.15e-08
 2.21181e+23	9.91e-01	9.30e-03	9.16e-08
 2.21895e+23	9.91e-01	9.04e-03	9.18e-08
 2.22614e+23	9.91e-01	8.79e-03	9.19e-08
 2.23340e+23	9.91e-01	8.54e-03	9.20e-08
 2.24075e+23	9.92e-01	8.29e-03	9.21e-08
 2.24815e+23	9.92e-01	8.05e-03	9.22e-08
 2.25562e+23	9.92e-01	7.82e-03	9.24e-08
 2.26316e+23	9.92e-01	7.60e-03	9.25e-08
 2.27074e+23	9.93e-01	7.37e-03	9.26e-08
 2.27838e+23	9.93e-01	7.16e-03	9.28e-08
 2.28606e+23	9.93e-01	6.95e-03	9.29e-08
 2.29381e+23	9.93e-01	6.74e-03	9.31e-08
 2.30162e+23	9.93e-01	6.55e-03	9.32e-08
 2.30949e+23	9.94e-01	6.35e-03	9.34e-08
 2.31742e+23	9.94e-01	6.16e-03	9.36e-08
 2.32540e+23	9.94e-01	5.98e-03	9.38e-08
 2.33344e+23	9.94e-01	5.80e-03	9.40e-08
 2.34162e+23	9.94e-01	5.62e-03	9.42e-08
 2.34997e+23	9.95e-01	5.45e-03	9.45e-08
 2.35845e+23	9.95e-01	5.28e-03	9.48e-08
 2.36702e+23	9.95e-01	5.11e-03	9.51e-08
 2.37568e+23	9.95e-01	4.95e-03	9.54e-08
 2.38443e+23	9.95e-01	4.79e-03	9.58e-08
 2.39329e+23	9.95e-01	4.64e-03	9.62e-08
 2.40224e+23	9.96e-01	4.49e-03	9.66e-08
 2.41134e+23	9.96e-01	4.34e-03	9.70e-08
 2.42059e+23	9.96e-01	4.20e-03	9.75e-08
 2.43005e+23	9.96e-01	4.06e-03	9.81e-08
 2.43975e+23	9.96e-01	3.92e-03	9.87e-08
 2.44963e+23	9.96e-01	3.79e-03	9.93e-08
 2.45969e+23	9.96e-01	3.65e-03	1.00e-07
 2.46993e+23	9.96e-01	3.53e-03	1.01e-07
 2.48036e+23	9.97e-01	3.40e-03	1.02e-07
 2.49098e+23	9.97e-01	3.28e-03	1.03e-07
 2.50182e+23	9.97e-01	3.15e-03	1.04e-07
 2.51293e+23	9.97e-01	3.04e-03	1.05e-07
 2.52432e+23	9.97e-01	2.92e-03	1.06e-07
 2.53596e+23	9.97e-01	2.81e-03	1.07e-07
 2.54788e+23	9.97e-01	2.69e-03	1.09e-07
 2.56008e+23	9.97e-01	2.59e-03	1.10e-07
 2.57257e+23	9.98e-01	2.48e-03	1.12e-07
 2.58542e+23	9.98e-01	2.38e-03	1.14e-07
 2.59858e+23	9.98e-01	2.27e-03	1.16e-07
 2.61186e+23	9.98e-01	2.18e-03	1.19e-07
 2.62523e+23	9.98e-01	2.08e-03	1.21e-07
 2.63874e+23	9.98e-01	1.99e-03	1.24e-07
 2.65242e+23	9.98e-01	1.91e-03	1.27e-07
 2.66624e+23	9.98e-01	1.82e-03	1.31e-07
 2.68019e+23	9.98e-01	1.74e-03	1.35e-07
 2.69429e+23	9.98e-01	1.67e-03	1.39e-07
 2.70855e+23	9.98e-01	1.59e-03	1.44e-07
 2.72297e+23	9.98e-01	1.52e-03	1.49e-07
 2.73748e+23	9.99e-01	1.45e-03	1.55e-07
 2.75213e+23	9.99e-01	1.38e-03	1.62e-07
 2.76698e+23	9.99e-01	1.32e-03	1.70e-07
 2.78193e+23	9.99e-01	1.26e-03	1.79e-07
 2.79694e+23	9.99e-01	1.20e-03	1.89e-07
 2.81215e+23	9.99e-01	1.14e-03	2.00e-07
 2.82761e+23	9.99e-01	1.09e-03	2.14e-07
 2.84304e+23	9.99e-01	1.03e-03	2.30e-07
 2.85787e+23	9.99e-01	9.86e-04	2.47e-07
 2.87171e+23	9.99e-01	9.45e-04	2.67e-07
 2.88463e+23	9.99e-01	9.07e-04	2.89e-07
 2.89686e+23	9.99e-01	8.73e-04	3.12e-07
 2.90855e+23	9.99e-01	8.41e-04	3.38e-07
 2.91970e+23	9.99e-01	8.11e-04	3.67e-07
 2.93029e+23	9.99e-01	7.85e-04	3.99e-07
 2.94030e+23	9.99e-01	7.60e-04	4.35e-07
 2.94979e+23	9.99e-01	7.37e-04	4.74e-07
 2.95880e+23	9.99e-01	7.14e-04	5.18e-07
 2.96731e+23	9.99e-01	6.94e-04	5.66e-07
 2.97536e+23	9.99e-01	6.77e-04	6.18e-07
 2.98309e+23	9.99e-01	6.60e-04	6.76e-07
 2.99052e+23	9.99e-01	6.44e-04	7.41e-07
 2.99763e+23	9.99e-01	6.30e-04	8.13e-07
 3.00437e+23	9.99e-01	6.16e-04	8.93e-07
 3.01077e+23	9.99e-01	6.03e-04	9.80e-07
 3.01688e+23	9.99e-01	5.91e-04	1.08e-06
 3.02276e+23	9.99e-01	5.80e-04	1.18e-06
 3.02842e+23	9.99e-01	5.69e-04	1.30e-06
 3.03385e+23	9.99e-01	5.58e-04	1.43e-06
 3.03908e+23	9.99e-01	5.49e-04	1.57e-06
 3.04413e+23	9.99e-01	5.40e-04	1.73e-06
 3.04899e+23	9.99e-01	5.31e-04	1.91e-06
 3.05367e+23	9.99e-01	5.23e-04	2.10e-06
 3.05821e+23	9.99e-01	5.15e-04	2.31e-06
 3.06263e+23	9.99e-01	5.07e-04	2.55e-06
 3.06696e+23	9.99e-01	5.00e-04	2.80e-06
 3.07119e+23	1.00e+00	4.92e-04	3.09e-06
 3.07534e+23	1.00e+00	4.85e-04	3.40e-06
 3.07940e+23	1.00e+00	4.79e-04	3.74e-06
 3.08342e+23	1.00e+00	4.72e-04	4.11e-06
 3.08555e+23	1.00e+00	4.74e-04	4.50e-06
