#depth	Cl	Cl+	Cl+2	Cl+3	Cl+4	Cl+5	Cl+6	Cl+7	Cl+8	Cl+9	Cl+10	Cl+11	Cl+12	Cl+13	Cl+14	Cl+15	Cl+16	Cl+17
 1.54284e+22	0.00e+00	1.33e-27	1.00e-23	2.30e-20	1.35e-17	4.88e-15	1.51e-12	1.16e-09	1.06e-07	4.05e-06	7.00e-05	7.35e-04	4.20e-03	1.42e-02	5.40e-02	3.95e-01	4.00e-01	1.31e-01
 3.53741e+22	0.00e+00	1.85e-25	9.71e-22	1.55e-18	6.00e-16	1.41e-13	2.77e-11	1.86e-08	1.38e-06	4.07e-05	5.18e-04	3.96e-03	1.58e-02	3.56e-02	9.09e-02	4.63e-01	3.19e-01	7.15e-02
 4.21501e+22	0.00e+00	2.40e-24	1.03e-20	1.32e-17	4.02e-15	7.35e-13	1.13e-10	7.42e-08	5.03e-06	1.31e-04	1.42e-03	9.18e-03	3.02e-02	5.48e-02	1.13e-01	4.76e-01	2.67e-01	4.88e-02
 4.55381e+22	0.00e+00	9.32e-24	3.55e-20	4.05e-17	1.07e-14	1.70e-12	2.27e-10	1.50e-07	9.81e-06	2.41e-04	2.39e-03	1.41e-02	4.18e-02	6.76e-02	1.24e-01	4.73e-01	2.38e-01	3.90e-02
 4.69497e+22	0.00e+00	1.33e-23	4.92e-20	5.43e-17	1.38e-14	2.11e-12	2.71e-10	1.80e-07	1.17e-05	2.82e-04	2.73e-03	1.57e-02	4.54e-02	7.13e-02	1.27e-01	4.71e-01	2.30e-01	3.67e-02
 4.74592e+22	0.00e+00	1.77e-23	6.38e-20	6.85e-17	1.69e-14	2.50e-12	3.12e-10	2.08e-07	1.34e-05	3.20e-04	3.04e-03	1.72e-02	4.85e-02	7.43e-02	1.29e-01	4.69e-01	2.24e-01	3.49e-02
 4.79816e+22	0.00e+00	2.56e-23	8.92e-20	9.24e-17	2.20e-14	3.11e-12	3.72e-10	2.51e-07	1.60e-05	3.75e-04	3.49e-03	1.92e-02	5.28e-02	7.83e-02	1.32e-01	4.66e-01	2.16e-01	3.27e-02
 4.85144e+22	0.00e+00	3.41e-23	1.16e-19	1.17e-16	2.70e-14	3.70e-12	4.29e-10	2.90e-07	1.84e-05	4.26e-04	3.89e-03	2.10e-02	5.63e-02	8.15e-02	1.33e-01	4.63e-01	2.09e-01	3.10e-02
 4.89825e+22	0.00e+00	4.62e-23	1.53e-19	1.49e-16	3.33e-14	4.41e-12	4.94e-10	3.37e-07	2.12e-05	4.86e-04	4.35e-03	2.30e-02	6.02e-02	8.49e-02	1.35e-01	4.60e-01	2.03e-01	2.92e-02
 4.94329e+22	0.00e+00	6.11e-23	1.97e-19	1.87e-16	4.04e-14	5.19e-12	5.64e-10	3.87e-07	2.42e-05	5.48e-04	4.81e-03	2.50e-02	6.40e-02	8.82e-02	1.37e-01	4.56e-01	1.97e-01	2.77e-02
 4.99389e+22	0.00e+00	8.91e-23	2.77e-19	2.53e-16	5.24e-14	6.42e-12	6.69e-10	4.65e-07	2.89e-05	6.43e-04	5.52e-03	2.79e-02	6.95e-02	9.26e-02	1.39e-01	4.51e-01	1.88e-01	2.57e-02
 5.04482e+22	0.00e+00	1.20e-22	3.64e-19	3.22e-16	6.43e-14	7.61e-12	7.66e-10	5.37e-07	3.32e-05	7.31e-04	6.15e-03	3.04e-02	7.40e-02	9.61e-02	1.41e-01	4.46e-01	1.82e-01	2.42e-02
 5.08836e+22	0.00e+00	1.60e-22	4.70e-19	4.04e-16	7.80e-14	8.92e-12	8.69e-10	6.15e-07	3.79e-05	8.24e-04	6.80e-03	3.30e-02	7.85e-02	9.95e-02	1.42e-01	4.41e-01	1.75e-01	2.29e-02
 5.13710e+22	0.00e+00	2.34e-22	6.65e-19	5.47e-16	1.01e-13	1.10e-11	1.03e-09	7.38e-07	4.52e-05	9.68e-04	7.79e-03	3.68e-02	8.50e-02	1.04e-01	1.44e-01	4.33e-01	1.67e-01	2.11e-02
 5.18511e+22	0.00e+00	3.07e-22	8.49e-19	6.79e-16	1.21e-13	1.28e-11	1.16e-09	8.39e-07	5.12e-05	1.08e-03	8.57e-03	3.96e-02	8.97e-02	1.07e-01	1.45e-01	4.28e-01	1.61e-01	1.99e-02
 5.23219e+22	0.00e+00	4.50e-22	1.20e-18	9.16e-16	1.56e-13	1.57e-11	1.35e-09	1.00e-06	6.08e-05	1.27e-03	9.78e-03	4.40e-02	9.67e-02	1.12e-01	1.46e-01	4.19e-01	1.53e-01	1.83e-02
 5.27943e+22	0.00e+00	5.93e-22	1.54e-18	1.14e-15	1.88e-13	1.82e-11	1.52e-09	1.14e-06	6.89e-05	1.42e-03	1.08e-02	4.74e-02	1.02e-01	1.15e-01	1.47e-01	4.12e-01	1.47e-01	1.72e-02
 5.32690e+22	0.00e+00	8.79e-22	2.19e-18	1.55e-15	2.43e-13	2.24e-11	1.78e-09	1.36e-06	8.20e-05	1.66e-03	1.23e-02	5.26e-02	1.10e-01	1.20e-01	1.47e-01	4.02e-01	1.39e-01	1.57e-02
 5.37464e+22	0.00e+00	1.17e-21	2.83e-18	1.94e-15	2.94e-13	2.60e-11	2.01e-09	1.55e-06	9.31e-05	1.87e-03	1.35e-02	5.67e-02	1.16e-01	1.23e-01	1.47e-01	3.95e-01	1.33e-01	1.46e-02
 5.42274e+22	0.00e+00	1.72e-21	4.00e-18	2.62e-15	3.78e-13	3.18e-11	2.34e-09	1.84e-06	1.10e-04	2.18e-03	1.54e-02	6.26e-02	1.24e-01	1.28e-01	1.47e-01	3.83e-01	1.25e-01	1.33e-02
 5.47045e+22	0.00e+00	2.31e-21	5.19e-18	3.29e-15	4.56e-13	3.70e-11	2.63e-09	2.10e-06	1.25e-04	2.44e-03	1.69e-02	6.73e-02	1.30e-01	1.31e-01	1.47e-01	3.74e-01	1.19e-01	1.24e-02
 5.51765e+22	0.00e+00	3.39e-21	7.33e-18	4.42e-15	5.84e-13	4.49e-11	3.05e-09	2.48e-06	1.47e-04	2.83e-03	1.91e-02	7.39e-02	1.39e-01	1.35e-01	1.46e-01	3.62e-01	1.11e-01	1.12e-02
 5.56563e+22	0.00e+00	4.61e-21	9.64e-18	5.60e-15	7.11e-13	5.25e-11	3.42e-09	2.83e-06	1.67e-04	3.19e-03	2.10e-02	7.95e-02	1.45e-01	1.38e-01	1.46e-01	3.52e-01	1.05e-01	1.03e-02
 5.61461e+22	0.00e+00	6.87e-21	1.38e-17	7.62e-15	9.17e-13	6.40e-11	3.98e-09	3.35e-06	1.98e-04	3.70e-03	2.38e-02	8.72e-02	1.55e-01	1.41e-01	1.44e-01	3.38e-01	9.74e-02	9.23e-03
 5.66410e+22	0.00e+00	9.41e-21	1.82e-17	9.69e-15	1.12e-12	7.48e-11	4.47e-09	3.83e-06	2.25e-04	4.16e-03	2.62e-02	9.36e-02	1.62e-01	1.44e-01	1.43e-01	3.27e-01	9.16e-02	8.45e-03
 5.71427e+22	0.00e+00	1.42e-20	2.63e-17	1.32e-14	1.45e-12	9.14e-11	5.19e-09	4.53e-06	2.65e-04	4.83e-03	2.95e-02	1.02e-01	1.71e-01	1.47e-01	1.40e-01	3.13e-01	8.42e-02	7.50e-03
 5.76471e+22	0.00e+00	1.94e-20	3.48e-17	1.68e-14	1.77e-12	1.07e-10	5.83e-09	5.14e-06	3.00e-04	5.40e-03	3.23e-02	1.09e-01	1.79e-01	1.49e-01	1.38e-01	3.01e-01	7.88e-02	6.82e-03
 5.80819e+22	0.00e+00	2.64e-20	4.57e-17	2.12e-14	2.14e-12	1.24e-10	6.51e-09	5.81e-06	3.38e-04	6.01e-03	3.53e-02	1.16e-01	1.86e-01	1.51e-01	1.36e-01	2.89e-01	7.37e-02	6.21e-03
 5.85736e+22	0.00e+00	3.90e-20	6.47e-17	2.86e-14	2.73e-12	1.49e-10	7.49e-09	6.77e-06	3.92e-04	6.88e-03	3.93e-02	1.26e-01	1.94e-01	1.53e-01	1.33e-01	2.75e-01	6.75e-02	5.49e-03
 5.90666e+22	0.00e+00	5.28e-20	8.46e-17	3.60e-14	3.30e-12	1.73e-10	8.35e-09	7.61e-06	4.39e-04	7.61e-03	4.26e-02	1.33e-01	2.01e-01	1.54e-01	1.31e-01	2.63e-01	6.29e-02	4.97e-03
 5.95613e+22	0.00e+00	7.82e-20	1.20e-16	4.84e-14	4.21e-12	2.09e-10	9.59e-09	8.82e-06	5.06e-04	8.66e-03	4.72e-02	1.43e-01	2.09e-01	1.55e-01	1.27e-01	2.48e-01	5.72e-02	4.36e-03
 6.00606e+22	0.00e+00	1.05e-19	1.56e-16	6.04e-14	5.05e-12	2.41e-10	1.07e-08	9.85e-06	5.62e-04	9.52e-03	5.09e-02	1.50e-01	2.15e-01	1.55e-01	1.24e-01	2.37e-01	5.32e-02	3.95e-03
 6.05659e+22	0.00e+00	1.55e-19	2.20e-16	8.11e-14	6.44e-12	2.90e-10	1.23e-08	1.13e-05	6.44e-04	1.08e-02	5.61e-02	1.60e-01	2.23e-01	1.55e-01	1.20e-01	2.23e-01	4.81e-02	3.45e-03
 6.10806e+22	3.54e-32	2.08e-19	2.86e-16	1.01e-13	7.75e-12	3.36e-10	1.37e-08	1.26e-05	7.14e-04	1.18e-02	6.02e-02	1.68e-01	2.28e-01	1.55e-01	1.17e-01	2.12e-01	4.45e-02	3.10e-03
 6.16075e+22	5.49e-32	3.07e-19	4.05e-16	1.36e-13	9.88e-12	4.05e-10	1.57e-08	1.45e-05	8.14e-04	1.33e-02	6.60e-02	1.78e-01	2.34e-01	1.54e-01	1.12e-01	1.98e-01	4.00e-02	2.69e-03
 6.21476e+22	7.69e-32	4.15e-19	5.29e-16	1.71e-13	1.19e-11	4.70e-10	1.76e-08	1.61e-05	9.00e-04	1.45e-02	7.07e-02	1.86e-01	2.39e-01	1.53e-01	1.09e-01	1.87e-01	3.68e-02	2.40e-03
 6.27051e+22	1.20e-31	6.13e-19	7.49e-16	2.30e-13	1.53e-11	5.70e-10	2.03e-08	1.85e-05	1.02e-03	1.62e-02	7.70e-02	1.97e-01	2.45e-01	1.52e-01	1.04e-01	1.74e-01	3.29e-02	2.07e-03
 6.32739e+22	1.69e-31	8.32e-19	9.83e-16	2.91e-13	1.85e-11	6.63e-10	2.28e-08	2.05e-05	1.13e-03	1.77e-02	8.23e-02	2.05e-01	2.49e-01	1.50e-01	1.00e-01	1.63e-01	3.00e-02	1.83e-03
 6.38577e+22	2.62e-31	1.23e-18	1.39e-15	3.91e-13	2.37e-11	8.06e-10	2.65e-08	2.34e-05	1.27e-03	1.97e-02	8.93e-02	2.15e-01	2.53e-01	1.48e-01	9.53e-02	1.51e-01	2.66e-02	1.57e-03
 6.44456e+22	3.67e-31	1.66e-18	1.82e-15	4.91e-13	2.87e-11	9.36e-10	2.97e-08	2.58e-05	1.39e-03	2.13e-02	9.48e-02	2.22e-01	2.56e-01	1.46e-01	9.15e-02	1.42e-01	2.43e-02	1.39e-03
 6.50388e+22	5.64e-31	2.42e-18	2.54e-15	6.55e-13	3.65e-11	1.13e-09	3.43e-08	2.93e-05	1.56e-03	2.36e-02	1.02e-01	2.32e-01	2.59e-01	1.43e-01	8.68e-02	1.30e-01	2.15e-02	1.18e-03
 6.56474e+22	7.93e-31	3.26e-18	3.33e-15	8.25e-13	4.42e-11	1.32e-09	3.86e-08	3.23e-05	1.71e-03	2.55e-02	1.08e-01	2.39e-01	2.60e-01	1.40e-01	8.30e-02	1.22e-01	1.95e-02	1.04e-03
 6.61741e+22	1.09e-30	4.29e-18	4.25e-15	1.02e-12	5.27e-11	1.52e-09	4.30e-08	3.53e-05	1.85e-03	2.73e-02	1.14e-01	2.46e-01	2.62e-01	1.37e-01	7.96e-02	1.14e-01	1.78e-02	9.24e-04
 6.67570e+22	1.62e-30	6.06e-18	5.79e-15	1.33e-12	6.59e-11	1.81e-09	4.93e-08	3.95e-05	2.05e-03	2.98e-02	1.21e-01	2.54e-01	2.63e-01	1.34e-01	7.54e-02	1.05e-01	1.58e-02	7.92e-04
 6.73478e+22	2.21e-30	7.96e-18	7.39e-15	1.64e-12	7.85e-11	2.09e-09	5.50e-08	4.32e-05	2.21e-03	3.18e-02	1.27e-01	2.60e-01	2.63e-01	1.31e-01	7.20e-02	9.83e-02	1.44e-02	7.01e-04
 6.79490e+22	3.31e-30	1.13e-17	1.01e-14	2.14e-12	9.83e-11	2.50e-09	6.31e-08	4.82e-05	2.44e-03	3.46e-02	1.35e-01	2.67e-01	2.63e-01	1.27e-01	6.79e-02	9.01e-02	1.27e-02	5.98e-04
 6.85593e+22	4.51e-30	1.47e-17	1.28e-14	2.62e-12	1.17e-10	2.87e-09	7.04e-08	5.25e-05	2.63e-03	3.68e-02	1.41e-01	2.73e-01	2.62e-01	1.23e-01	6.48e-02	8.41e-02	1.15e-02	5.28e-04
 6.90943e+22	6.08e-30	1.90e-17	1.61e-14	3.20e-12	1.38e-10	3.29e-09	7.82e-08	5.71e-05	2.82e-03	3.91e-02	1.47e-01	2.78e-01	2.61e-01	1.20e-01	6.18e-02	7.85e-02	1.05e-02	4.67e-04
 6.97023e+22	9.03e-30	2.66e-17	2.18e-14	4.14e-12	1.72e-10	3.92e-09	8.97e-08	6.34e-05	3.09e-03	4.22e-02	1.55e-01	2.84e-01	2.60e-01	1.16e-01	5.80e-02	7.17e-02	9.23e-03	3.97e-04
 7.03079e+22	1.20e-29	3.37e-17	2.70e-14	4.99e-12	2.01e-10	4.45e-09	9.92e-08	6.86e-05	3.31e-03	4.45e-02	1.61e-01	2.88e-01	2.58e-01	1.13e-01	5.54e-02	6.71e-02	8.42e-03	3.53e-04
 7.09103e+22	1.75e-29	4.65e-17	3.60e-14	6.39e-12	2.48e-10	5.27e-09	1.13e-07	7.58e-05	3.60e-03	4.78e-02	1.69e-01	2.94e-01	2.56e-01	1.09e-01	5.19e-02	6.13e-02	7.43e-03	3.01e-04
 7.15245e+22	2.34e-29	5.91e-17	4.46e-14	7.71e-12	2.91e-10	6.01e-09	1.25e-07	8.20e-05	3.85e-03	5.04e-02	1.75e-01	2.97e-01	2.54e-01	1.05e-01	4.94e-02	5.72e-02	6.75e-03	2.67e-04
 7.21541e+22	3.42e-29	8.15e-17	5.96e-14	9.88e-12	3.60e-10	7.13e-09	1.43e-07	9.08e-05	4.19e-03	5.40e-02	1.84e-01	3.02e-01	2.51e-01	1.01e-01	4.62e-02	5.20e-02	5.93e-03	2.26e-04
 7.27956e+22	4.61e-29	1.04e-16	7.42e-14	1.20e-11	4.23e-10	8.15e-09	1.59e-07	9.83e-05	4.47e-03	5.70e-02	1.90e-01	3.05e-01	2.48e-01	9.77e-02	4.38e-02	4.83e-02	5.36e-03	1.99e-04
 7.34525e+22	6.80e-29	1.44e-16	9.92e-14	1.54e-11	5.24e-10	9.69e-09	1.83e-07	1.09e-04	4.87e-03	6.09e-02	1.99e-01	3.09e-01	2.44e-01	9.34e-02	4.08e-02	4.38e-02	4.68e-03	1.68e-04
 7.41215e+22	5.87e-30	1.83e-16	1.24e-13	1.86e-11	6.17e-10	1.11e-08	2.03e-07	1.18e-04	5.20e-03	6.42e-02	2.05e-01	3.11e-01	2.41e-01	9.00e-02	3.86e-02	4.06e-02	4.22e-03	1.47e-04
 7.48063e+22	8.39e-30	2.53e-16	1.65e-13	2.40e-11	7.65e-10	1.32e-08	2.34e-07	1.31e-04	5.65e-03	6.85e-02	2.14e-01	3.14e-01	2.36e-01	8.56e-02	3.58e-02	3.66e-02	3.67e-03	1.24e-04
 7.54757e+22	1.07e-29	3.15e-16	2.01e-13	2.85e-11	8.88e-10	1.50e-08	2.58e-07	1.41e-04	6.00e-03	7.17e-02	2.20e-01	3.16e-01	2.32e-01	8.27e-02	3.40e-02	3.41e-02	3.34e-03	1.10e-04
 7.61250e+22	1.50e-29	4.27e-16	2.65e-13	3.61e-11	1.09e-09	1.77e-08	2.94e-07	1.55e-04	6.48e-03	7.61e-02	2.28e-01	3.18e-01	2.27e-01	7.86e-02	3.15e-02	3.08e-02	2.91e-03	9.25e-05
 7.67841e+22	1.91e-29	5.30e-16	3.23e-13	4.29e-11	1.26e-09	2.00e-08	3.25e-07	1.67e-04	6.87e-03	7.96e-02	2.34e-01	3.19e-01	2.24e-01	7.57e-02	2.99e-02	2.86e-02	2.64e-03	8.18e-05
 7.74558e+22	2.66e-29	7.12e-16	4.21e-13	5.41e-11	1.54e-09	2.35e-08	3.70e-07	1.84e-04	7.41e-03	8.43e-02	2.42e-01	3.20e-01	2.18e-01	7.19e-02	2.77e-02	2.59e-02	2.31e-03	6.91e-05
 7.81482e+22	3.47e-29	9.03e-16	5.22e-13	6.53e-11	1.81e-09	2.69e-08	4.12e-07	1.99e-04	7.89e-03	8.83e-02	2.49e-01	3.20e-01	2.14e-01	6.88e-02	2.60e-02	2.38e-02	2.07e-03	6.02e-05
 7.88675e+22	4.82e-29	1.21e-15	6.82e-13	8.25e-11	2.21e-09	3.18e-08	4.71e-07	2.20e-04	8.52e-03	9.34e-02	2.57e-01	3.20e-01	2.08e-01	6.51e-02	2.41e-02	2.15e-02	1.80e-03	5.06e-05
 7.96100e+22	6.39e-29	1.56e-15	8.56e-13	1.01e-10	2.62e-09	3.66e-08	5.27e-07	2.40e-04	9.10e-03	9.80e-02	2.64e-01	3.20e-01	2.03e-01	6.20e-02	2.25e-02	1.96e-02	1.60e-03	4.36e-05
 8.03825e+22	9.02e-29	2.12e-15	1.13e-12	1.28e-10	3.24e-09	4.36e-08	6.07e-07	2.66e-04	9.85e-03	1.04e-01	2.72e-01	3.19e-01	1.97e-01	5.83e-02	2.07e-02	1.76e-02	1.38e-03	3.63e-05
 8.11753e+22	1.21e-28	2.74e-15	1.43e-12	1.57e-10	3.86e-09	5.05e-08	6.83e-07	2.90e-04	1.05e-02	1.09e-01	2.79e-01	3.18e-01	1.91e-01	5.53e-02	1.92e-02	1.60e-02	1.21e-03	3.11e-05
 8.19944e+22	1.72e-28	3.75e-15	1.90e-12	2.02e-10	4.80e-09	6.05e-08	7.90e-07	3.23e-04	1.14e-02	1.15e-01	2.87e-01	3.17e-01	1.84e-01	5.17e-02	1.75e-02	1.42e-02	1.04e-03	2.56e-05
 8.28396e+22	2.33e-28	4.89e-15	2.42e-12	2.50e-10	5.76e-09	7.05e-08	8.94e-07	3.54e-04	1.22e-02	1.21e-01	2.94e-01	3.15e-01	1.79e-01	4.88e-02	1.62e-02	1.28e-02	9.08e-04	2.17e-05
 8.37185e+22	3.39e-28	6.78e-15	3.25e-12	3.25e-10	7.23e-09	8.52e-08	1.04e-06	3.97e-04	1.33e-02	1.28e-01	3.03e-01	3.12e-01	1.71e-01	4.53e-02	1.47e-02	1.13e-02	7.69e-04	1.77e-05
 8.46273e+22	4.66e-28	8.95e-15	4.19e-12	4.06e-10	8.77e-09	1.00e-07	1.19e-06	4.37e-04	1.43e-02	1.34e-01	3.10e-01	3.09e-01	1.65e-01	4.25e-02	1.35e-02	1.01e-02	6.65e-04	1.48e-05
 8.54486e+22	6.33e-28	1.17e-14	5.35e-12	5.03e-10	1.06e-08	1.17e-07	1.34e-06	4.79e-04	1.53e-02	1.41e-01	3.16e-01	3.06e-01	1.59e-01	3.99e-02	1.24e-02	9.06e-03	5.78e-04	1.24e-05
 8.63898e+22	9.32e-28	1.64e-14	7.27e-12	6.60e-10	1.33e-08	1.42e-07	1.57e-06	5.39e-04	1.67e-02	1.49e-01	3.24e-01	3.02e-01	1.52e-01	3.67e-02	1.11e-02	7.89e-03	4.83e-04	9.98e-06
 8.73513e+22	1.29e-27	2.17e-14	9.40e-12	8.26e-10	1.62e-08	1.67e-07	1.80e-06	5.93e-04	1.79e-02	1.56e-01	3.30e-01	2.98e-01	1.46e-01	3.43e-02	1.02e-02	7.02e-03	4.15e-04	8.28e-06
 8.82095e+22	1.75e-27	2.83e-14	1.20e-11	1.02e-09	1.95e-08	1.96e-07	2.04e-06	6.52e-04	1.92e-02	1.63e-01	3.36e-01	2.93e-01	1.40e-01	3.20e-02	9.31e-03	6.28e-03	3.59e-04	6.94e-06
 8.91952e+22	2.65e-27	4.06e-14	1.66e-11	1.36e-09	2.50e-08	2.41e-07	2.41e-06	7.36e-04	2.09e-02	1.73e-01	3.44e-01	2.87e-01	1.32e-01	2.91e-02	8.25e-03	5.38e-03	2.94e-04	5.43e-06
 9.01886e+22	3.61e-27	5.30e-14	2.12e-11	1.69e-09	3.02e-08	2.81e-07	2.73e-06	8.08e-04	2.24e-02	1.80e-01	3.49e-01	2.82e-01	1.26e-01	2.71e-02	7.53e-03	4.79e-03	2.54e-04	4.53e-06
 9.11919e+22	5.47e-27	7.60e-14	2.94e-11	2.26e-09	3.87e-08	3.47e-07	3.23e-06	9.12e-04	2.44e-02	1.90e-01	3.56e-01	2.75e-01	1.18e-01	2.46e-02	6.64e-03	4.09e-03	2.06e-04	3.52e-06
 9.22078e+22	7.53e-27	1.00e-13	3.78e-11	2.82e-09	4.69e-08	4.07e-07	3.69e-06	1.00e-03	2.61e-02	1.98e-01	3.60e-01	2.70e-01	1.13e-01	2.27e-02	6.02e-03	3.61e-03	1.76e-04	2.90e-06
 9.32400e+22	1.14e-26	1.44e-13	5.27e-11	3.76e-09	6.04e-08	5.03e-07	4.37e-06	1.13e-03	2.84e-02	2.09e-01	3.66e-01	2.62e-01	1.05e-01	2.04e-02	5.28e-03	3.06e-03	1.42e-04	2.24e-06
 9.42267e+22	1.52e-26	1.85e-13	6.60e-11	4.59e-09	7.17e-08	5.81e-07	4.91e-06	1.23e-03	3.02e-02	2.16e-01	3.69e-01	2.56e-01	1.00e-01	1.90e-02	4.82e-03	2.72e-03	1.23e-04	1.87e-06
 9.51543e+22	2.21e-26	2.56e-13	8.88e-11	5.95e-09	8.99e-08	7.02e-07	5.72e-06	1.38e-03	3.26e-02	2.26e-01	3.74e-01	2.48e-01	9.41e-02	1.72e-02	4.27e-03	2.33e-03	1.01e-04	1.47e-06
 9.60885e+22	2.93e-26	3.28e-13	1.11e-10	7.26e-09	1.07e-07	8.11e-07	6.44e-06	1.50e-03	3.45e-02	2.34e-01	3.76e-01	2.42e-01	8.94e-02	1.59e-02	3.88e-03	2.07e-03	8.66e-05	1.22e-06
 9.70311e+22	4.26e-26	4.58e-13	1.50e-10	9.44e-09	1.34e-07	9.83e-07	7.52e-06	1.67e-03	3.72e-02	2.44e-01	3.80e-01	2.34e-01	8.34e-02	1.44e-02	3.42e-03	1.76e-03	7.04e-05	9.50e-07
 9.79834e+22	5.69e-26	5.90e-13	1.89e-10	1.16e-08	1.60e-07	1.14e-06	8.49e-06	1.83e-03	3.95e-02	2.53e-01	3.82e-01	2.27e-01	7.89e-02	1.32e-02	3.09e-03	1.55e-03	6.00e-05	7.82e-07
 9.89482e+22	8.30e-26	8.27e-13	2.57e-10	1.51e-08	2.03e-07	1.39e-06	9.96e-06	2.04e-03	4.26e-02	2.64e-01	3.84e-01	2.19e-01	7.31e-02	1.18e-02	2.70e-03	1.31e-03	4.82e-05	6.00e-07
 9.99255e+22	1.11e-25	1.07e-12	3.26e-10	1.86e-08	2.43e-07	1.62e-06	1.13e-05	2.23e-03	4.52e-02	2.72e-01	3.85e-01	2.12e-01	6.88e-02	1.08e-02	2.43e-03	1.15e-03	4.07e-05	4.89e-07
 1.00919e+23	1.63e-25	1.51e-12	4.45e-10	2.44e-08	3.09e-07	1.98e-06	1.33e-05	2.51e-03	4.88e-02	2.84e-01	3.87e-01	2.02e-01	6.32e-02	9.57e-03	2.10e-03	9.55e-04	3.23e-05	3.69e-07
 1.01927e+23	2.19e-25	1.97e-12	5.66e-10	3.02e-08	3.72e-07	2.32e-06	1.52e-05	2.75e-03	5.19e-02	2.93e-01	3.87e-01	1.95e-01	5.92e-02	8.70e-03	1.88e-03	8.29e-04	2.70e-05	2.97e-07
 1.02953e+23	3.20e-25	2.79e-12	7.75e-10	3.99e-08	4.76e-07	2.86e-06	1.80e-05	3.10e-03	5.61e-02	3.05e-01	3.87e-01	1.85e-01	5.40e-02	7.64e-03	1.61e-03	6.84e-04	2.11e-05	2.21e-07
 1.04002e+23	4.36e-25	3.68e-12	9.98e-10	4.98e-08	5.80e-07	3.38e-06	2.07e-05	3.41e-03	5.97e-02	3.15e-01	3.86e-01	1.77e-01	5.00e-02	6.86e-03	1.42e-03	5.83e-04	1.73e-05	1.74e-07
 1.05082e+23	6.38e-25	5.26e-12	1.38e-09	6.64e-08	7.49e-07	4.21e-06	2.48e-05	3.87e-03	6.48e-02	3.28e-01	3.84e-01	1.66e-01	4.52e-02	5.94e-03	1.20e-03	4.73e-04	1.33e-05	1.26e-07
 1.06176e+23	8.68e-25	6.96e-12	1.78e-09	8.33e-08	9.18e-07	5.01e-06	2.87e-05	4.28e-03	6.91e-02	3.39e-01	3.82e-01	1.58e-01	4.15e-02	5.28e-03	1.05e-03	3.99e-04	1.07e-05	0.00e+00
 1.07255e+23	1.24e-24	9.74e-12	2.42e-09	1.10e-07	1.18e-06	6.20e-06	3.44e-05	4.84e-03	7.47e-02	3.51e-01	3.78e-01	1.48e-01	3.73e-02	4.56e-03	8.89e-04	3.23e-04	8.19e-06	0.00e+00
 1.08285e+23	1.61e-24	1.24e-11	3.02e-09	1.34e-07	1.41e-06	7.25e-06	3.92e-05	5.30e-03	7.91e-02	3.60e-01	3.75e-01	1.41e-01	3.44e-02	4.09e-03	7.85e-04	2.76e-04	6.72e-06	0.00e+00
 1.09288e+23	2.22e-24	1.69e-11	4.01e-09	1.73e-07	1.78e-06	8.89e-06	4.66e-05	5.97e-03	8.52e-02	3.72e-01	3.70e-01	1.31e-01	3.09e-02	3.52e-03	6.64e-04	2.23e-04	5.16e-06	0.00e+00
 1.10310e+23	2.88e-24	2.15e-11	5.02e-09	2.12e-07	2.14e-06	1.05e-05	5.35e-05	6.57e-03	9.03e-02	3.82e-01	3.65e-01	1.24e-01	2.82e-02	3.12e-03	5.80e-04	1.88e-04	4.17e-06	0.00e+00
 1.11305e+23	3.83e-24	2.84e-11	6.50e-09	2.68e-07	2.67e-06	1.27e-05	6.32e-05	7.35e-03	9.68e-02	3.93e-01	3.59e-01	1.16e-01	2.53e-02	2.70e-03	4.92e-04	1.53e-04	3.22e-06	0.00e+00
 1.12321e+23	4.85e-24	3.61e-11	8.13e-09	3.30e-07	3.23e-06	1.50e-05	7.32e-05	8.12e-03	1.03e-01	4.02e-01	3.53e-01	1.08e-01	2.29e-02	2.36e-03	4.25e-04	1.27e-04	2.56e-06	0.00e+00
 1.13312e+23	6.27e-24	4.64e-11	1.03e-08	4.10e-07	3.96e-06	1.80e-05	8.58e-05	9.05e-03	1.10e-01	4.12e-01	3.45e-01	1.01e-01	2.06e-02	2.04e-03	3.61e-04	1.04e-04	1.99e-06	0.00e+00
 1.14323e+23	7.94e-24	5.85e-11	1.28e-08	5.04e-07	4.81e-06	2.14e-05	9.98e-05	1.00e-02	1.17e-01	4.21e-01	3.38e-01	9.35e-02	1.85e-02	1.77e-03	3.09e-04	8.54e-05	1.56e-06	0.00e+00
 1.15327e+23	1.00e-23	7.35e-11	1.59e-08	6.20e-07	5.86e-06	2.55e-05	1.17e-04	1.11e-02	1.24e-01	4.30e-01	3.29e-01	8.66e-02	1.65e-02	1.53e-03	2.62e-04	6.96e-05	1.21e-06	0.00e+00
 1.16334e+23	1.25e-23	9.12e-11	1.96e-08	7.57e-07	7.09e-06	3.03e-05	1.36e-04	1.24e-02	1.32e-01	4.39e-01	3.21e-01	8.01e-02	1.47e-02	1.32e-03	2.23e-04	5.69e-05	9.41e-07	0.00e+00
 1.17332e+23	1.55e-23	1.12e-10	2.40e-08	9.19e-07	8.55e-06	3.59e-05	1.58e-04	1.37e-02	1.40e-01	4.46e-01	3.12e-01	7.40e-02	1.32e-02	1.14e-03	1.90e-04	4.64e-05	7.32e-07	0.00e+00
 1.18327e+23	1.90e-23	1.36e-10	2.92e-08	1.11e-06	1.03e-05	4.24e-05	1.84e-04	1.51e-02	1.48e-01	4.53e-01	3.02e-01	6.82e-02	1.17e-02	9.81e-04	1.61e-04	3.78e-05	5.69e-07	0.00e+00
 1.19326e+23	2.34e-23	1.65e-10	3.53e-08	1.34e-06	1.23e-05	5.00e-05	2.14e-04	1.67e-02	1.56e-01	4.60e-01	2.92e-01	6.27e-02	1.04e-02	8.43e-04	1.36e-04	3.08e-05	4.41e-07	0.00e+00
 1.20329e+23	2.87e-23	1.98e-10	4.24e-08	1.61e-06	1.47e-05	5.88e-05	2.48e-04	1.85e-02	1.65e-01	4.66e-01	2.82e-01	5.76e-02	9.25e-03	7.24e-04	1.15e-04	2.50e-05	3.42e-07	0.00e+00
 1.21339e+23	3.53e-23	2.35e-10	5.09e-08	1.92e-06	1.76e-05	6.92e-05	2.88e-04	2.04e-02	1.75e-01	4.71e-01	2.72e-01	5.27e-02	8.19e-03	6.20e-04	9.73e-05	2.03e-05	2.64e-07	0.00e+00
 1.22359e+23	4.35e-23	2.78e-10	6.07e-08	2.30e-06	2.10e-05	8.14e-05	3.35e-04	2.25e-02	1.84e-01	4.75e-01	2.62e-01	4.82e-02	7.24e-03	5.30e-04	8.20e-05	1.64e-05	2.03e-07	0.00e+00
 1.23392e+23	5.41e-23	3.28e-10	7.23e-08	2.74e-06	2.50e-05	9.56e-05	3.89e-04	2.49e-02	1.94e-01	4.79e-01	2.51e-01	4.39e-02	6.38e-03	4.52e-04	6.89e-05	1.32e-05	1.56e-07	0.00e+00
 1.24431e+23	6.75e-23	3.83e-10	8.57e-08	3.25e-06	2.96e-05	1.12e-04	4.51e-04	2.74e-02	2.04e-01	4.81e-01	2.40e-01	4.00e-02	5.63e-03	3.86e-04	5.79e-05	1.07e-05	1.20e-07	0.00e+00
 1.25486e+23	8.57e-23	4.48e-10	1.02e-07	3.86e-06	3.53e-05	1.31e-04	5.24e-04	3.02e-02	2.15e-01	4.83e-01	2.30e-01	3.63e-02	4.94e-03	3.27e-04	4.84e-05	8.57e-06	0.00e+00	0.00e+00
 1.26556e+23	1.10e-22	5.19e-10	1.20e-07	4.57e-06	4.17e-05	1.53e-04	6.07e-04	3.33e-02	2.26e-01	4.84e-01	2.19e-01	3.29e-02	4.34e-03	2.78e-04	4.05e-05	6.89e-06	0.00e+00	0.00e+00
 1.27647e+23	1.44e-22	6.01e-10	1.42e-07	5.43e-06	4.96e-05	1.80e-04	7.07e-04	3.67e-02	2.37e-01	4.84e-01	2.08e-01	2.96e-02	3.78e-03	2.34e-04	3.36e-05	5.47e-06	0.00e+00	0.00e+00
 1.28660e+23	1.88e-22	6.79e-10	1.63e-07	6.24e-06	5.70e-05	2.05e-04	7.97e-04	3.97e-02	2.46e-01	4.83e-01	1.99e-01	2.72e-02	3.39e-03	2.04e-04	2.89e-05	4.56e-06	0.00e+00	0.00e+00
 1.29705e+23	2.73e-20	7.85e-10	1.94e-07	7.44e-06	6.80e-05	2.41e-04	9.32e-04	4.39e-02	2.58e-01	4.81e-01	1.88e-01	2.44e-02	2.93e-03	1.70e-04	2.37e-05	3.59e-06	0.00e+00	0.00e+00
 1.30771e+23	3.76e-20	8.85e-10	2.23e-07	8.57e-06	7.82e-05	2.74e-04	1.05e-03	4.75e-02	2.68e-01	4.79e-01	1.79e-01	2.23e-02	2.62e-03	1.48e-04	2.03e-05	2.96e-06	0.00e+00	0.00e+00
 1.31863e+23	4.81e-20	1.02e-09	2.65e-07	1.02e-05	9.34e-05	3.23e-04	1.24e-03	5.25e-02	2.81e-01	4.75e-01	1.68e-01	1.98e-02	2.25e-03	1.22e-04	1.65e-05	2.31e-06	0.00e+00	0.00e+00
 1.32958e+23	5.89e-20	1.15e-09	3.05e-07	1.17e-05	1.07e-04	3.66e-04	1.39e-03	5.66e-02	2.90e-01	4.71e-01	1.60e-01	1.81e-02	2.01e-03	1.06e-04	1.42e-05	1.91e-06	0.00e+00	0.00e+00
 1.34055e+23	7.54e-20	1.32e-09	3.63e-07	1.40e-05	1.27e-04	4.28e-04	1.62e-03	6.23e-02	3.03e-01	4.66e-01	1.49e-01	1.60e-02	1.72e-03	8.83e-05	1.15e-05	1.49e-06	0.00e+00	0.00e+00
 1.35161e+23	9.22e-20	1.49e-09	4.17e-07	1.60e-05	1.45e-04	4.84e-04	1.82e-03	6.69e-02	3.12e-01	4.61e-01	1.42e-01	1.46e-02	1.53e-03	7.65e-05	9.86e-06	1.24e-06	0.00e+00	0.00e+00
 1.36277e+23	1.19e-19	1.71e-09	4.96e-07	1.90e-05	1.72e-04	5.65e-04	2.11e-03	7.34e-02	3.24e-01	4.53e-01	1.32e-01	1.29e-02	1.32e-03	6.33e-05	8.03e-06	9.63e-07	0.00e+00	0.00e+00
 1.37404e+23	1.46e-19	1.93e-09	5.71e-07	2.18e-05	1.97e-04	6.37e-04	2.36e-03	7.88e-02	3.34e-01	4.47e-01	1.25e-01	1.17e-02	1.17e-03	5.48e-05	6.84e-06	7.94e-07	0.00e+00	0.00e+00
 1.38544e+23	1.89e-19	2.23e-09	6.82e-07	2.60e-05	2.33e-04	7.42e-04	2.73e-03	8.62e-02	3.45e-01	4.38e-01	1.15e-01	1.03e-02	1.00e-03	4.52e-05	5.55e-06	6.17e-07	0.00e+00	0.00e+00
 1.39698e+23	2.34e-19	2.52e-09	7.88e-07	2.98e-05	2.66e-04	8.36e-04	3.06e-03	9.23e-02	3.54e-01	4.30e-01	1.09e-01	9.34e-03	8.85e-04	3.89e-05	4.72e-06	5.07e-07	0.00e+00	0.00e+00
 1.40872e+23	3.07e-19	2.92e-09	9.47e-07	3.56e-05	3.15e-04	9.72e-04	3.54e-03	1.01e-01	3.66e-01	4.20e-01	1.00e-01	8.18e-03	7.53e-04	3.20e-05	3.81e-06	3.92e-07	0.00e+00	0.00e+00
 1.42067e+23	3.87e-19	3.33e-09	1.10e-06	4.10e-05	3.60e-04	1.10e-03	3.95e-03	1.08e-01	3.74e-01	4.11e-01	9.37e-02	7.37e-03	6.64e-04	2.74e-05	3.22e-06	3.20e-07	0.00e+00	0.00e+00
 1.43289e+23	5.16e-19	3.90e-09	1.33e-06	4.92e-05	4.27e-04	1.28e-03	4.57e-03	1.17e-01	3.85e-01	3.99e-01	8.58e-02	6.41e-03	5.62e-04	2.24e-05	2.58e-06	2.45e-07	0.00e+00	0.00e+00
 1.44538e+23	6.63e-19	4.48e-09	1.56e-06	5.71e-05	4.90e-04	1.44e-03	5.11e-03	1.25e-01	3.93e-01	3.89e-01	7.99e-02	5.74e-03	4.92e-04	1.91e-05	2.16e-06	1.98e-07	0.00e+00	0.00e+00
 1.45822e+23	9.07e-19	5.33e-09	1.92e-06	6.90e-05	5.84e-04	1.68e-03	5.91e-03	1.36e-01	4.02e-01	3.75e-01	7.26e-02	4.95e-03	4.12e-04	1.54e-05	1.71e-06	1.50e-07	0.00e+00	0.00e+00
 1.47135e+23	1.19e-18	6.20e-09	2.27e-06	8.06e-05	6.72e-04	1.90e-03	6.61e-03	1.46e-01	4.09e-01	3.64e-01	6.72e-02	4.41e-03	3.59e-04	1.30e-05	1.42e-06	0.00e+00	0.00e+00	0.00e+00
 1.48239e+23	1.52e-18	7.07e-09	2.63e-06	9.23e-05	7.60e-04	2.11e-03	7.29e-03	1.54e-01	4.15e-01	3.54e-01	6.26e-02	3.97e-03	3.17e-04	1.12e-05	1.21e-06	0.00e+00	0.00e+00	0.00e+00
 1.49429e+23	2.06e-18	8.38e-09	3.19e-06	1.10e-04	8.89e-04	2.41e-03	8.26e-03	1.65e-01	4.22e-01	3.41e-01	5.71e-02	3.46e-03	2.69e-04	9.20e-06	9.77e-07	0.00e+00	0.00e+00	0.00e+00
 1.50591e+23	2.63e-18	9.55e-09	3.67e-06	1.25e-04	9.97e-04	2.66e-03	9.02e-03	1.73e-01	4.26e-01	3.31e-01	5.33e-02	3.13e-03	2.39e-04	7.99e-06	8.38e-07	0.00e+00	0.00e+00	0.00e+00
 1.51717e+23	3.56e-18	1.12e-08	4.40e-06	1.47e-04	1.15e-03	3.02e-03	1.01e-02	1.85e-01	4.31e-01	3.18e-01	4.86e-02	2.74e-03	2.05e-04	6.62e-06	6.83e-07	0.00e+00	0.00e+00	0.00e+00
 1.52854e+23	4.63e-18	1.29e-08	5.10e-06	1.68e-04	1.29e-03	3.32e-03	1.10e-02	1.94e-01	4.34e-01	3.08e-01	4.54e-02	2.48e-03	1.82e-04	5.74e-06	5.85e-07	0.00e+00	0.00e+00	0.00e+00
 1.54005e+23	6.43e-18	1.54e-08	6.14e-06	1.98e-04	1.50e-03	3.76e-03	1.23e-02	2.06e-01	4.38e-01	2.95e-01	4.12e-02	2.16e-03	1.55e-04	4.75e-06	4.76e-07	0.00e+00	0.00e+00	0.00e+00
 1.55172e+23	8.57e-18	1.78e-08	7.16e-06	2.27e-04	1.68e-03	4.13e-03	1.34e-02	2.15e-01	4.40e-01	2.85e-01	3.83e-02	1.95e-03	1.37e-04	4.10e-06	4.05e-07	0.00e+00	0.00e+00	0.00e+00
 1.56360e+23	1.23e-17	2.14e-08	8.68e-06	2.70e-04	1.95e-03	4.68e-03	1.50e-02	2.28e-01	4.42e-01	2.72e-01	3.46e-02	1.69e-03	1.16e-04	3.37e-06	3.28e-07	0.00e+00	0.00e+00	0.00e+00
 1.57565e+23	1.70e-17	2.51e-08	1.02e-05	3.10e-04	2.19e-03	5.15e-03	1.62e-02	2.38e-01	4.43e-01	2.62e-01	3.20e-02	1.52e-03	1.03e-04	2.89e-06	2.78e-07	0.00e+00	0.00e+00	0.00e+00
 1.58792e+23	2.55e-17	3.05e-08	1.24e-05	3.70e-04	2.55e-03	5.83e-03	1.81e-02	2.51e-01	4.43e-01	2.48e-01	2.87e-02	1.31e-03	8.64e-05	2.36e-06	2.23e-07	0.00e+00	0.00e+00	0.00e+00
 1.60041e+23	3.71e-17	3.62e-08	1.47e-05	4.28e-04	2.87e-03	6.43e-03	1.96e-02	2.62e-01	4.43e-01	2.38e-01	2.65e-02	1.17e-03	7.58e-05	2.02e-06	1.88e-07	0.00e+00	0.00e+00	0.00e+00
 1.61317e+23	5.99e-17	4.46e-08	1.81e-05	5.13e-04	3.34e-03	7.28e-03	2.19e-02	2.76e-01	4.41e-01	2.25e-01	2.36e-02	1.00e-03	6.33e-05	1.63e-06	1.49e-07	0.00e+00	0.00e+00	0.00e+00
 1.62619e+23	9.52e-17	5.35e-08	2.15e-05	5.96e-04	3.78e-03	8.03e-03	2.37e-02	2.87e-01	4.40e-01	2.15e-01	2.16e-02	8.89e-04	5.51e-05	1.38e-06	1.25e-07	0.00e+00	0.00e+00	0.00e+00
 1.63954e+23	1.75e-16	6.70e-08	2.67e-05	7.21e-04	4.42e-03	9.12e-03	2.64e-02	3.02e-01	4.36e-01	2.01e-01	1.91e-02	7.55e-04	4.57e-05	1.11e-06	0.00e+00	0.00e+00	0.00e+00	0.00e+00
 1.65325e+23	3.21e-16	8.13e-08	3.21e-05	8.44e-04	5.02e-03	1.01e-02	2.87e-02	3.14e-01	4.33e-01	1.91e-01	1.73e-02	6.64e-04	3.93e-05	9.26e-07	0.00e+00	0.00e+00	0.00e+00	0.00e+00
 1.66741e+23	7.87e-16	1.04e-07	4.04e-05	1.03e-03	5.91e-03	1.15e-02	3.19e-02	3.29e-01	4.27e-01	1.77e-01	1.52e-02	5.59e-04	3.22e-05	7.33e-07	0.00e+00	0.00e+00	0.00e+00	0.00e+00
 1.68177e+23	2.09e-15	1.28e-07	4.88e-05	1.21e-03	6.72e-03	1.27e-02	3.45e-02	3.41e-01	4.22e-01	1.68e-01	1.37e-02	4.89e-04	2.76e-05	6.10e-07	0.00e+00	0.00e+00	0.00e+00	0.00e+00
 1.69639e+23	8.37e-15	1.65e-07	6.19e-05	1.48e-03	7.91e-03	1.44e-02	3.83e-02	3.56e-01	4.15e-01	1.55e-01	1.19e-02	4.09e-04	2.24e-05	4.78e-07	0.00e+00	0.00e+00	0.00e+00	0.00e+00
 1.71119e+23	2.89e-15	2.04e-07	7.50e-05	1.75e-03	8.99e-03	1.59e-02	4.13e-02	3.67e-01	4.08e-01	1.46e-01	1.07e-02	3.56e-04	1.91e-05	3.97e-07	0.00e+00	0.00e+00	0.00e+00	0.00e+00
 1.72620e+23	5.36e-17	2.67e-07	9.55e-05	2.15e-03	1.06e-02	1.81e-02	4.56e-02	3.82e-01	3.98e-01	1.34e-01	9.22e-03	2.95e-04	1.54e-05	3.08e-07	0.00e+00	0.00e+00	0.00e+00	0.00e+00
 1.74144e+23	6.90e-17	3.33e-07	1.16e-04	2.53e-03	1.20e-02	1.99e-02	4.91e-02	3.93e-01	3.90e-01	1.25e-01	8.22e-03	2.56e-04	1.30e-05	2.54e-07	0.00e+00	0.00e+00	0.00e+00	0.00e+00
 1.75482e+23	9.76e-17	4.13e-07	1.40e-04	2.97e-03	1.36e-02	2.19e-02	5.27e-02	4.03e-01	3.82e-01	1.17e-01	7.33e-03	2.22e-04	1.10e-05	2.09e-07	0.00e+00	0.00e+00	0.00e+00	0.00e+00
 1.77005e+23	1.52e-16	5.43e-07	1.79e-04	3.65e-03	1.60e-02	2.47e-02	5.77e-02	4.16e-01	3.70e-01	1.06e-01	6.27e-03	1.83e-04	8.84e-06	1.61e-07	0.00e+00	0.00e+00	0.00e+00	0.00e+00
 1.78542e+23	2.19e-16	6.77e-07	2.17e-04	4.28e-03	1.80e-02	2.70e-02	6.17e-02	4.25e-01	3.60e-01	9.85e-02	5.56e-03	1.58e-04	7.45e-06	1.32e-07	0.00e+00	0.00e+00	0.00e+00	0.00e+00
 1.79806e+23	3.01e-16	8.20e-07	2.56e-04	4.92e-03	2.00e-02	2.92e-02	6.53e-02	4.32e-01	3.51e-01	9.22e-02	5.00e-03	1.38e-04	6.40e-06	0.00e+00	0.00e+00	0.00e+00	0.00e+00	0.00e+00
 1.81160e+23	4.49e-16	1.04e-06	3.15e-04	5.84e-03	2.28e-02	3.22e-02	7.00e-02	4.41e-01	3.39e-01	8.46e-02	4.36e-03	1.17e-04	5.29e-06	0.00e+00	0.00e+00	0.00e+00	0.00e+00	0.00e+00
 1.82544e+23	6.39e-16	1.28e-06	3.75e-04	6.76e-03	2.55e-02	3.49e-02	7.42e-02	4.47e-01	3.29e-01	7.85e-02	3.88e-03	1.02e-04	4.48e-06	0.00e+00	0.00e+00	0.00e+00	0.00e+00	0.00e+00
 1.83776e+23	8.99e-16	1.56e-06	4.43e-04	7.76e-03	2.83e-02	3.76e-02	7.82e-02	4.53e-01	3.19e-01	7.30e-02	3.46e-03	8.84e-05	3.82e-06	0.00e+00	0.00e+00	0.00e+00	0.00e+00	0.00e+00
 1.85185e+23	1.39e-15	2.00e-06	5.46e-04	9.22e-03	3.21e-02	4.13e-02	8.33e-02	4.59e-01	3.06e-01	6.64e-02	2.99e-03	7.43e-05	3.12e-06	0.00e+00	0.00e+00	0.00e+00	0.00e+00	0.00e+00
 1.86649e+23	2.13e-15	2.48e-06	6.57e-04	1.07e-02	3.60e-02	4.48e-02	8.81e-02	4.63e-01	2.93e-01	6.08e-02	2.61e-03	6.33e-05	2.59e-06	0.00e+00	0.00e+00	0.00e+00	0.00e+00	0.00e+00
 1.87956e+23	3.06e-15	3.04e-06	7.79e-04	1.23e-02	3.98e-02	4.81e-02	9.24e-02	4.66e-01	2.82e-01	5.60e-02	2.31e-03	5.46e-05	2.19e-06	0.00e+00	0.00e+00	0.00e+00	0.00e+00	0.00e+00
 1.89427e+23	5.08e-15	3.92e-06	9.62e-04	1.47e-02	4.51e-02	5.26e-02	9.78e-02	4.68e-01	2.68e-01	5.04e-02	1.97e-03	4.54e-05	1.77e-06	0.00e+00	0.00e+00	0.00e+00	0.00e+00	0.00e+00
 1.90965e+23	8.66e-15	4.92e-06	1.16e-03	1.71e-02	5.05e-02	5.68e-02	1.03e-01	4.69e-01	2.55e-01	4.56e-02	1.70e-03	3.81e-05	1.44e-06	0.00e+00	0.00e+00	0.00e+00	0.00e+00	0.00e+00
 1.92352e+23	1.32e-14	6.08e-06	1.38e-03	1.97e-02	5.58e-02	6.09e-02	1.07e-01	4.69e-01	2.43e-01	4.15e-02	1.48e-03	3.25e-05	1.20e-06	0.00e+00	0.00e+00	0.00e+00	0.00e+00	0.00e+00
 1.93917e+23	2.51e-14	7.91e-06	1.72e-03	2.34e-02	6.31e-02	6.61e-02	1.13e-01	4.67e-01	2.28e-01	3.68e-02	1.25e-03	2.65e-05	9.50e-07	0.00e+00	0.00e+00	0.00e+00	0.00e+00	0.00e+00
 1.95535e+23	5.99e-14	9.96e-06	2.07e-03	2.72e-02	7.01e-02	7.10e-02	1.18e-01	4.63e-01	2.14e-01	3.29e-02	1.06e-03	2.20e-05	7.65e-07	0.00e+00	0.00e+00	0.00e+00	0.00e+00	0.00e+00
 1.96977e+23	1.06e-13	1.23e-05	2.46e-03	3.12e-02	7.71e-02	7.56e-02	1.22e-01	4.59e-01	2.02e-01	2.96e-02	9.11e-04	1.85e-05	6.28e-07	0.00e+00	0.00e+00	0.00e+00	0.00e+00	0.00e+00
 1.98607e+23	2.79e-13	1.61e-05	3.04e-03	3.70e-02	8.66e-02	8.14e-02	1.27e-01	4.52e-01	1.87e-01	2.58e-02	7.53e-04	1.49e-05	4.87e-07	0.00e+00	0.00e+00	0.00e+00	0.00e+00	0.00e+00
 2.00302e+23	1.72e-12	2.03e-05	3.67e-03	4.28e-02	9.56e-02	8.68e-02	1.31e-01	4.43e-01	1.73e-01	2.27e-02	6.30e-04	1.21e-05	3.86e-07	0.00e+00	0.00e+00	0.00e+00	0.00e+00	0.00e+00
 2.01828e+23	5.92e-12	2.52e-05	4.36e-03	4.90e-02	1.05e-01	9.17e-02	1.35e-01	4.34e-01	1.61e-01	2.01e-02	5.33e-04	1.00e-05	3.10e-07	0.00e+00	0.00e+00	0.00e+00	0.00e+00	0.00e+00
 2.03557e+23	2.64e-11	3.31e-05	5.41e-03	5.78e-02	1.17e-01	9.78e-02	1.39e-01	4.20e-01	1.46e-01	1.71e-02	4.27e-04	7.81e-06	2.33e-07	0.00e+00	0.00e+00	0.00e+00	0.00e+00	0.00e+00
 2.05341e+23	6.87e-11	4.16e-05	6.47e-03	6.63e-02	1.27e-01	1.03e-01	1.42e-01	4.07e-01	1.33e-01	1.48e-02	3.53e-04	6.29e-06	1.82e-07	0.00e+00	0.00e+00	0.00e+00	0.00e+00	0.00e+00
 2.06948e+23	1.10e-10	5.17e-05	7.67e-03	7.54e-02	1.38e-01	1.08e-01	1.44e-01	3.93e-01	1.22e-01	1.28e-02	2.92e-04	5.08e-06	1.42e-07	0.00e+00	0.00e+00	0.00e+00	0.00e+00	0.00e+00
 2.08790e+23	1.96e-10	6.81e-05	9.48e-03	8.84e-02	1.52e-01	1.13e-01	1.45e-01	3.73e-01	1.08e-01	1.06e-02	2.27e-04	3.84e-06	0.00e+00	0.00e+00	0.00e+00	0.00e+00	0.00e+00	0.00e+00
 2.10657e+23	3.06e-10	8.50e-05	1.12e-02	1.00e-01	1.64e-01	1.18e-01	1.46e-01	3.55e-01	9.64e-02	8.99e-03	1.83e-04	3.03e-06	0.00e+00	0.00e+00	0.00e+00	0.00e+00	0.00e+00	0.00e+00
 2.12307e+23	4.53e-10	1.05e-04	1.32e-02	1.12e-01	1.75e-01	1.21e-01	1.46e-01	3.37e-01	8.66e-02	7.66e-03	1.49e-04	2.41e-06	0.00e+00	0.00e+00	0.00e+00	0.00e+00	0.00e+00	0.00e+00
 2.14204e+23	7.49e-10	1.37e-04	1.61e-02	1.30e-01	1.89e-01	1.25e-01	1.45e-01	3.13e-01	7.46e-02	6.16e-03	1.13e-04	1.77e-06	0.00e+00	0.00e+00	0.00e+00	0.00e+00	0.00e+00	0.00e+00
 2.16124e+23	1.09e-09	1.69e-04	1.88e-02	1.45e-01	2.01e-01	1.28e-01	1.44e-01	2.93e-01	6.57e-02	5.14e-03	8.97e-05	1.37e-06	0.00e+00	0.00e+00	0.00e+00	0.00e+00	0.00e+00	0.00e+00
 2.18074e+23	1.73e-09	2.18e-04	2.26e-02	1.65e-01	2.14e-01	1.30e-01	1.40e-01	2.68e-01	5.58e-02	4.07e-03	6.71e-05	9.97e-07	0.00e+00	0.00e+00	0.00e+00	0.00e+00	0.00e+00	0.00e+00
 2.20066e+23	2.50e-09	2.68e-04	2.63e-02	1.82e-01	2.24e-01	1.31e-01	1.37e-01	2.47e-01	4.82e-02	3.33e-03	5.22e-05	7.55e-07	0.00e+00	0.00e+00	0.00e+00	0.00e+00	0.00e+00	0.00e+00
 2.21839e+23	3.55e-09	3.27e-04	3.03e-02	2.00e-01	2.33e-01	1.31e-01	1.33e-01	2.27e-01	4.16e-02	2.71e-03	4.05e-05	5.73e-07	0.00e+00	0.00e+00	0.00e+00	0.00e+00	0.00e+00	0.00e+00
 2.23873e+23	5.47e-09	4.19e-04	3.61e-02	2.24e-01	2.43e-01	1.31e-01	1.27e-01	2.02e-01	3.42e-02	2.08e-03	2.93e-05	4.01e-07	0.00e+00	0.00e+00	0.00e+00	0.00e+00	0.00e+00	0.00e+00
 2.25940e+23	7.67e-09	5.09e-04	4.13e-02	2.43e-01	2.50e-01	1.30e-01	1.22e-01	1.83e-01	2.89e-02	1.66e-03	2.23e-05	2.98e-07	0.00e+00	0.00e+00	0.00e+00	0.00e+00	0.00e+00	0.00e+00
 2.28051e+23	1.17e-08	6.49e-04	4.88e-02	2.69e-01	2.57e-01	1.27e-01	1.14e-01	1.59e-01	2.32e-02	1.24e-03	1.56e-05	2.02e-07	0.00e+00	0.00e+00	0.00e+00	0.00e+00	0.00e+00	0.00e+00
 2.30114e+23	1.57e-08	7.71e-04	5.48e-02	2.87e-01	2.61e-01	1.24e-01	1.09e-01	1.43e-01	1.96e-02	9.91e-04	1.20e-05	1.51e-07	0.00e+00	0.00e+00	0.00e+00	0.00e+00	0.00e+00	0.00e+00
 2.32113e+23	2.28e-08	9.58e-04	6.32e-02	3.11e-01	2.64e-01	1.20e-01	1.01e-01	1.24e-01	1.57e-02	7.40e-04	8.46e-06	0.00e+00	0.00e+00	0.00e+00	0.00e+00	0.00e+00	0.00e+00	0.00e+00
 2.34049e+23	2.93e-08	1.11e-03	6.97e-02	3.27e-01	2.65e-01	1.17e-01	9.54e-02	1.12e-01	1.33e-02	6.00e-04	6.60e-06	0.00e+00	0.00e+00	0.00e+00	0.00e+00	0.00e+00	0.00e+00	0.00e+00
 2.35901e+23	4.06e-08	1.35e-03	7.88e-02	3.47e-01	2.64e-01	1.12e-01	8.83e-02	9.66e-02	1.07e-02	4.53e-04	4.74e-06	0.00e+00	0.00e+00	0.00e+00	0.00e+00	0.00e+00	0.00e+00	0.00e+00
 2.37777e+23	5.20e-08	1.56e-03	8.64e-02	3.63e-01	2.63e-01	1.08e-01	8.27e-02	8.59e-02	9.01e-03	3.62e-04	3.64e-06	0.00e+00	0.00e+00	0.00e+00	0.00e+00	0.00e+00	0.00e+00	0.00e+00
 2.39686e+23	7.07e-08	1.87e-03	9.68e-02	3.82e-01	2.60e-01	1.03e-01	7.58e-02	7.37e-02	7.16e-03	2.71e-04	2.59e-06	0.00e+00	0.00e+00	0.00e+00	0.00e+00	0.00e+00	0.00e+00	0.00e+00
 2.41618e+23	9.03e-08	2.17e-03	1.06e-01	3.97e-01	2.56e-01	9.79e-02	7.03e-02	6.47e-02	5.92e-03	2.12e-04	1.96e-06	0.00e+00	0.00e+00	0.00e+00	0.00e+00	0.00e+00	0.00e+00	0.00e+00
 2.43323e+23	1.14e-07	2.49e-03	1.15e-01	4.10e-01	2.52e-01	9.33e-02	6.51e-02	5.68e-02	4.90e-03	1.67e-04	1.48e-06	0.00e+00	0.00e+00	0.00e+00	0.00e+00	0.00e+00	0.00e+00	0.00e+00
 2.45284e+23	1.52e-07	2.97e-03	1.28e-01	4.26e-01	2.45e-01	8.74e-02	5.88e-02	4.80e-02	3.83e-03	1.23e-04	1.04e-06	0.00e+00	0.00e+00	0.00e+00	0.00e+00	0.00e+00	0.00e+00	0.00e+00
 2.47270e+23	1.92e-07	3.42e-03	1.38e-01	4.38e-01	2.39e-01	8.25e-02	5.39e-02	4.16e-02	3.11e-03	9.49e-05	7.70e-07	0.00e+00	0.00e+00	0.00e+00	0.00e+00	0.00e+00	0.00e+00	0.00e+00
 2.49288e+23	2.52e-07	4.04e-03	1.52e-01	4.50e-01	2.31e-01	7.67e-02	4.83e-02	3.48e-02	2.41e-03	6.93e-05	5.37e-07	0.00e+00	0.00e+00	0.00e+00	0.00e+00	0.00e+00	0.00e+00	0.00e+00
 2.51351e+23	3.18e-07	4.65e-03	1.65e-01	4.60e-01	2.23e-01	7.18e-02	4.38e-02	2.97e-02	1.92e-03	5.25e-05	3.90e-07	0.00e+00	0.00e+00	0.00e+00	0.00e+00	0.00e+00	0.00e+00	0.00e+00
 2.52993e+23	3.79e-07	5.18e-03	1.75e-01	4.66e-01	2.17e-01	6.80e-02	4.05e-02	2.63e-02	1.61e-03	4.23e-05	3.04e-07	0.00e+00	0.00e+00	0.00e+00	0.00e+00	0.00e+00	0.00e+00	0.00e+00
 2.54647e+23	4.67e-07	5.89e-03	1.88e-01	4.73e-01	2.09e-01	6.36e-02	3.68e-02	2.25e-02	1.30e-03	3.25e-05	2.25e-07	0.00e+00	0.00e+00	0.00e+00	0.00e+00	0.00e+00	0.00e+00	0.00e+00
 2.56357e+23	5.57e-07	6.58e-03	1.99e-01	4.78e-01	2.02e-01	5.99e-02	3.37e-02	1.97e-02	1.08e-03	2.58e-05	1.73e-07	0.00e+00	0.00e+00	0.00e+00	0.00e+00	0.00e+00	0.00e+00	0.00e+00
 2.57899e+23	6.59e-07	7.30e-03	2.10e-01	4.82e-01	1.95e-01	5.64e-02	3.10e-02	1.73e-02	8.95e-04	2.06e-05	1.34e-07	0.00e+00	0.00e+00	0.00e+00	0.00e+00	0.00e+00	0.00e+00	0.00e+00
 2.59664e+23	8.11e-07	8.31e-03	2.25e-01	4.85e-01	1.86e-01	5.22e-02	2.78e-02	1.46e-02	7.07e-04	1.55e-05	0.00e+00	0.00e+00	0.00e+00	0.00e+00	0.00e+00	0.00e+00	0.00e+00	0.00e+00
 2.61445e+23	9.61e-07	9.25e-03	2.38e-01	4.87e-01	1.78e-01	4.88e-02	2.53e-02	1.27e-02	5.79e-04	1.22e-05	0.00e+00	0.00e+00	0.00e+00	0.00e+00	0.00e+00	0.00e+00	0.00e+00	0.00e+00
 2.63004e+23	1.13e-06	1.02e-02	2.50e-01	4.88e-01	1.71e-01	4.57e-02	2.31e-02	1.10e-02	4.78e-04	9.65e-06	0.00e+00	0.00e+00	0.00e+00	0.00e+00	0.00e+00	0.00e+00	0.00e+00	0.00e+00
 2.64785e+23	1.37e-06	1.16e-02	2.66e-01	4.88e-01	1.62e-01	4.21e-02	2.06e-02	9.27e-03	3.75e-04	7.23e-06	0.00e+00	0.00e+00	0.00e+00	0.00e+00	0.00e+00	0.00e+00	0.00e+00	0.00e+00
 2.66598e+23	1.62e-06	1.28e-02	2.80e-01	4.87e-01	1.55e-01	3.92e-02	1.87e-02	7.99e-03	3.05e-04	5.65e-06	0.00e+00	0.00e+00	0.00e+00	0.00e+00	0.00e+00	0.00e+00	0.00e+00	0.00e+00
 2.68198e+23	1.89e-06	1.42e-02	2.93e-01	4.85e-01	1.47e-01	3.65e-02	1.70e-02	6.91e-03	2.50e-04	4.45e-06	0.00e+00	0.00e+00	0.00e+00	0.00e+00	0.00e+00	0.00e+00	0.00e+00	0.00e+00
 2.70024e+23	2.28e-06	1.60e-02	3.10e-01	4.81e-01	1.38e-01	3.33e-02	1.50e-02	5.76e-03	1.94e-04	3.30e-06	0.00e+00	0.00e+00	0.00e+00	0.00e+00	0.00e+00	0.00e+00	0.00e+00	0.00e+00
 2.71878e+23	2.66e-06	1.76e-02	3.25e-01	4.77e-01	1.31e-01	3.08e-02	1.35e-02	4.93e-03	1.57e-04	2.56e-06	0.00e+00	0.00e+00	0.00e+00	0.00e+00	0.00e+00	0.00e+00	0.00e+00	0.00e+00
 2.73518e+23	3.10e-06	1.94e-02	3.39e-01	4.72e-01	1.24e-01	2.85e-02	1.22e-02	4.24e-03	1.28e-04	2.00e-06	0.00e+00	0.00e+00	0.00e+00	0.00e+00	0.00e+00	0.00e+00	0.00e+00	0.00e+00
 2.75397e+23	3.72e-06	2.18e-02	3.57e-01	4.65e-01	1.16e-01	2.59e-02	1.07e-02	3.50e-03	9.81e-05	1.47e-06	0.00e+00	0.00e+00	0.00e+00	0.00e+00	0.00e+00	0.00e+00	0.00e+00	0.00e+00
 2.77310e+23	4.33e-06	2.41e-02	3.72e-01	4.58e-01	1.09e-01	2.38e-02	9.55e-03	2.98e-03	7.86e-05	1.13e-06	0.00e+00	0.00e+00	0.00e+00	0.00e+00	0.00e+00	0.00e+00	0.00e+00	0.00e+00
 2.79267e+23	5.20e-06	2.71e-02	3.91e-01	4.48e-01	1.01e-01	2.14e-02	8.30e-03	2.43e-03	5.97e-05	8.22e-07	0.00e+00	0.00e+00	0.00e+00	0.00e+00	0.00e+00	0.00e+00	0.00e+00	0.00e+00
 2.81246e+23	6.04e-06	2.98e-02	4.07e-01	4.39e-01	9.46e-02	1.95e-02	7.37e-03	2.05e-03	4.74e-05	6.28e-07	0.00e+00	0.00e+00	0.00e+00	0.00e+00	0.00e+00	0.00e+00	0.00e+00	0.00e+00
 2.83254e+23	7.23e-06	3.35e-02	4.26e-01	4.28e-01	8.70e-02	1.75e-02	6.36e-03	1.66e-03	3.57e-05	4.51e-07	0.00e+00	0.00e+00	0.00e+00	0.00e+00	0.00e+00	0.00e+00	0.00e+00	0.00e+00
 2.85298e+23	8.38e-06	3.68e-02	4.42e-01	4.17e-01	8.10e-02	1.59e-02	5.61e-03	1.40e-03	2.81e-05	3.42e-07	0.00e+00	0.00e+00	0.00e+00	0.00e+00	0.00e+00	0.00e+00	0.00e+00	0.00e+00
 2.87113e+23	9.67e-06	4.03e-02	4.58e-01	4.06e-01	7.54e-02	1.44e-02	4.96e-03	1.17e-03	2.22e-05	2.61e-07	0.00e+00	0.00e+00	0.00e+00	0.00e+00	0.00e+00	0.00e+00	0.00e+00	0.00e+00
 2.89195e+23	1.15e-05	4.51e-02	4.77e-01	3.91e-01	6.88e-02	1.28e-02	4.24e-03	9.44e-04	1.66e-05	1.86e-07	0.00e+00	0.00e+00	0.00e+00	0.00e+00	0.00e+00	0.00e+00	0.00e+00	0.00e+00
 2.91323e+23	1.33e-05	4.96e-02	4.93e-01	3.78e-01	6.35e-02	1.15e-02	3.70e-03	7.83e-04	1.29e-05	1.39e-07	0.00e+00	0.00e+00	0.00e+00	0.00e+00	0.00e+00	0.00e+00	0.00e+00	0.00e+00
 2.93206e+23	1.53e-05	5.42e-02	5.07e-01	3.65e-01	5.87e-02	1.04e-02	3.24e-03	6.55e-04	1.01e-05	0.00e+00	0.00e+00	0.00e+00	0.00e+00	0.00e+00	0.00e+00	0.00e+00	0.00e+00	0.00e+00
 2.94818e+23	1.69e-05	5.76e-02	5.18e-01	3.56e-01	5.54e-02	9.65e-03	2.94e-03	5.75e-04	8.50e-06	0.00e+00	0.00e+00	0.00e+00	0.00e+00	0.00e+00	0.00e+00	0.00e+00	0.00e+00	0.00e+00
 2.96384e+23	1.91e-05	6.25e-02	5.31e-01	3.43e-01	5.14e-02	8.75e-03	2.60e-03	4.86e-04	6.77e-06	0.00e+00	0.00e+00	0.00e+00	0.00e+00	0.00e+00	0.00e+00	0.00e+00	0.00e+00	0.00e+00
 2.97969e+23	2.11e-05	6.66e-02	5.41e-01	3.33e-01	4.83e-02	8.07e-03	2.34e-03	4.24e-04	5.64e-06	0.00e+00	0.00e+00	0.00e+00	0.00e+00	0.00e+00	0.00e+00	0.00e+00	0.00e+00	0.00e+00
 2.99579e+23	2.39e-05	7.20e-02	5.54e-01	3.20e-01	4.46e-02	7.29e-03	2.06e-03	3.58e-04	4.48e-06	0.00e+00	0.00e+00	0.00e+00	0.00e+00	0.00e+00	0.00e+00	0.00e+00	0.00e+00	0.00e+00
 3.01206e+23	2.64e-05	7.68e-02	5.64e-01	3.09e-01	4.17e-02	6.70e-03	1.85e-03	3.11e-04	3.72e-06	0.00e+00	0.00e+00	0.00e+00	0.00e+00	0.00e+00	0.00e+00	0.00e+00	0.00e+00	0.00e+00
 3.02854e+23	2.99e-05	8.31e-02	5.76e-01	2.95e-01	3.83e-02	6.02e-03	1.61e-03	2.61e-04	2.93e-06	0.00e+00	0.00e+00	0.00e+00	0.00e+00	0.00e+00	0.00e+00	0.00e+00	0.00e+00	0.00e+00
 3.04506e+23	3.30e-05	8.85e-02	5.85e-01	2.84e-01	3.58e-02	5.51e-03	1.44e-03	2.26e-04	2.42e-06	0.00e+00	0.00e+00	0.00e+00	0.00e+00	0.00e+00	0.00e+00	0.00e+00	0.00e+00	0.00e+00
 3.06161e+23	3.72e-05	9.54e-02	5.95e-01	2.70e-01	3.29e-02	4.94e-03	1.26e-03	1.90e-04	1.92e-06	0.00e+00	0.00e+00	0.00e+00	0.00e+00	0.00e+00	0.00e+00	0.00e+00	0.00e+00	0.00e+00
