#depth	S	S+	S+2	S+3	S+4	S+5	S+6	S+7	S+8	S+9	S+10	S+11	S+12	S+13	S+14	S+15	S+16
 4.62852e+21	0.00e+00	9.37e-23	4.07e-19	2.49e-16	7.24e-14	1.25e-11	1.12e-08	1.18e-06	4.60e-05	6.39e-04	5.59e-03	2.18e-02	4.55e-02	9.83e-02	4.77e-01	2.94e-01	5.75e-02
 1.02467e+22	5.58e-32	2.07e-19	3.32e-16	6.22e-14	5.42e-12	3.11e-10	4.38e-07	4.67e-05	1.40e-03	1.14e-02	6.12e-02	1.37e-01	1.44e-01	1.45e-01	3.75e-01	1.14e-01	1.12e-02
 1.15608e+22	6.25e-31	1.61e-18	1.95e-15	2.65e-13	1.67e-11	7.25e-10	1.01e-06	1.07e-04	2.96e-03	2.07e-02	9.65e-02	1.89e-01	1.67e-01	1.39e-01	3.03e-01	7.52e-02	6.05e-03
 1.20474e+22	1.79e-30	3.97e-18	4.29e-15	5.08e-13	2.78e-11	1.07e-09	1.43e-06	1.52e-04	4.04e-03	2.64e-02	1.15e-01	2.12e-01	1.74e-01	1.33e-01	2.69e-01	6.10e-02	4.48e-03
 1.22562e+22	2.40e-30	5.10e-18	5.34e-15	6.10e-13	3.21e-11	1.20e-09	1.58e-06	1.67e-04	4.39e-03	2.81e-02	1.20e-01	2.18e-01	1.76e-01	1.31e-01	2.60e-01	5.74e-02	4.11e-03
 1.23634e+22	3.47e-30	6.99e-18	7.03e-15	7.66e-13	3.85e-11	1.38e-09	1.78e-06	1.88e-04	4.87e-03	3.05e-02	1.27e-01	2.26e-01	1.77e-01	1.29e-01	2.48e-01	5.30e-02	3.67e-03
 1.24774e+22	4.76e-30	9.19e-18	8.92e-15	9.34e-13	4.50e-11	1.56e-09	1.98e-06	2.08e-04	5.32e-03	3.26e-02	1.34e-01	2.33e-01	1.78e-01	1.26e-01	2.38e-01	4.94e-02	3.33e-03
 1.26001e+22	7.14e-30	1.31e-17	1.21e-14	1.20e-12	5.51e-11	1.83e-09	2.26e-06	2.36e-04	5.96e-03	3.55e-02	1.42e-01	2.41e-01	1.79e-01	1.23e-01	2.25e-01	4.50e-02	2.93e-03
 1.27238e+22	9.66e-30	1.70e-17	1.52e-14	1.46e-12	6.42e-11	2.06e-09	2.50e-06	2.60e-04	6.47e-03	3.78e-02	1.48e-01	2.47e-01	1.80e-01	1.20e-01	2.16e-01	4.20e-02	2.65e-03
 1.28488e+22	1.43e-29	2.39e-17	2.05e-14	1.87e-12	7.83e-11	2.41e-09	2.84e-06	2.94e-04	7.20e-03	4.10e-02	1.56e-01	2.55e-01	1.80e-01	1.17e-01	2.03e-01	3.82e-02	2.33e-03
 1.29763e+22	1.94e-29	3.11e-17	2.59e-14	2.27e-12	9.15e-11	2.73e-09	3.14e-06	3.23e-04	7.82e-03	4.36e-02	1.62e-01	2.60e-01	1.80e-01	1.14e-01	1.94e-01	3.54e-02	2.10e-03
 1.30888e+22	2.61e-29	4.02e-17	3.24e-14	2.74e-12	1.06e-10	3.07e-09	3.46e-06	3.54e-04	8.46e-03	4.62e-02	1.69e-01	2.65e-01	1.80e-01	1.11e-01	1.85e-01	3.28e-02	1.90e-03
 1.32167e+22	3.80e-29	5.58e-17	4.32e-14	3.48e-12	1.29e-10	3.58e-09	3.91e-06	3.97e-04	9.35e-03	4.97e-02	1.77e-01	2.72e-01	1.79e-01	1.08e-01	1.74e-01	2.98e-02	1.66e-03
 1.33451e+22	5.06e-29	7.17e-17	5.38e-14	4.19e-12	1.50e-10	4.03e-09	4.30e-06	4.34e-04	1.01e-02	5.25e-02	1.83e-01	2.76e-01	1.78e-01	1.05e-01	1.66e-01	2.76e-02	1.50e-03
 1.34740e+22	7.36e-29	9.95e-17	7.16e-14	5.32e-12	1.81e-10	4.69e-09	4.84e-06	4.85e-04	1.11e-02	5.63e-02	1.91e-01	2.82e-01	1.77e-01	1.01e-01	1.55e-01	2.50e-02	1.31e-03
 1.36040e+22	9.58e-29	1.25e-16	8.78e-14	6.33e-12	2.09e-10	5.26e-09	5.31e-06	5.27e-04	1.19e-02	5.92e-02	1.97e-01	2.85e-01	1.75e-01	9.82e-02	1.48e-01	2.32e-02	1.19e-03
 1.37352e+22	1.38e-28	1.72e-16	1.16e-13	8.00e-12	2.53e-10	6.11e-09	5.97e-06	5.88e-04	1.30e-02	6.32e-02	2.05e-01	2.90e-01	1.74e-01	9.44e-02	1.39e-01	2.09e-02	1.03e-03
 1.38690e+22	1.81e-28	2.19e-16	1.44e-13	9.58e-12	2.93e-10	6.88e-09	6.56e-06	6.40e-04	1.40e-02	6.65e-02	2.11e-01	2.93e-01	1.72e-01	9.14e-02	1.31e-01	1.93e-02	9.29e-04
 1.40059e+22	2.61e-28	3.02e-16	1.90e-13	1.21e-11	3.55e-10	8.02e-09	7.39e-06	7.13e-04	1.53e-02	7.09e-02	2.18e-01	2.97e-01	1.69e-01	8.76e-02	1.22e-01	1.74e-02	8.05e-04
 1.41453e+22	3.44e-28	3.85e-16	2.36e-13	1.46e-11	4.12e-10	9.06e-09	8.12e-06	7.76e-04	1.64e-02	7.44e-02	2.24e-01	3.00e-01	1.67e-01	8.46e-02	1.16e-01	1.60e-02	7.21e-04
 1.42674e+22	4.49e-28	4.88e-16	2.91e-13	1.74e-11	4.76e-10	1.02e-08	8.89e-06	8.42e-04	1.76e-02	7.79e-02	2.30e-01	3.02e-01	1.65e-01	8.17e-02	1.10e-01	1.47e-02	6.47e-04
 1.44055e+22	6.36e-28	6.63e-16	3.81e-13	2.19e-11	5.74e-10	1.18e-08	9.99e-06	9.34e-04	1.91e-02	8.26e-02	2.37e-01	3.04e-01	1.62e-01	7.80e-02	1.02e-01	1.32e-02	5.60e-04
 1.45432e+22	8.11e-28	8.22e-16	4.62e-13	2.58e-11	6.59e-10	1.32e-08	1.09e-05	1.01e-03	2.03e-02	8.62e-02	2.43e-01	3.06e-01	1.59e-01	7.53e-02	9.66e-02	1.22e-02	5.06e-04
 1.46804e+22	1.14e-27	1.11e-15	6.02e-13	3.23e-11	7.92e-10	1.53e-08	1.22e-05	1.11e-03	2.21e-02	9.10e-02	2.49e-01	3.07e-01	1.56e-01	7.18e-02	8.96e-02	1.10e-02	4.38e-04
 1.48194e+22	1.46e-27	1.38e-15	7.30e-13	3.81e-11	9.10e-10	1.72e-08	1.34e-05	1.20e-03	2.34e-02	9.48e-02	2.55e-01	3.08e-01	1.53e-01	6.92e-02	8.48e-02	1.01e-02	3.94e-04
 1.49607e+22	2.03e-27	1.85e-15	9.46e-13	4.75e-11	1.09e-09	1.99e-08	1.50e-05	1.33e-03	2.54e-02	9.99e-02	2.61e-01	3.09e-01	1.50e-01	6.58e-02	7.86e-02	9.05e-03	3.41e-04
 1.51063e+22	2.62e-27	2.32e-15	1.16e-12	5.67e-11	1.26e-09	2.25e-08	1.65e-05	1.44e-03	2.70e-02	1.04e-01	2.66e-01	3.09e-01	1.47e-01	6.31e-02	7.40e-02	8.29e-03	3.04e-04
 1.52572e+22	3.70e-27	3.15e-15	1.52e-12	7.13e-11	1.53e-09	2.63e-08	1.85e-05	1.59e-03	2.93e-02	1.10e-01	2.73e-01	3.09e-01	1.42e-01	5.97e-02	6.81e-02	7.37e-03	2.61e-04
 1.54112e+22	4.81e-27	3.97e-15	1.87e-12	8.54e-11	1.78e-09	2.97e-08	2.04e-05	1.73e-03	3.12e-02	1.14e-01	2.77e-01	3.08e-01	1.39e-01	5.71e-02	6.39e-02	6.72e-03	2.32e-04
 1.55692e+22	6.79e-27	5.38e-15	2.45e-12	1.08e-10	2.16e-09	3.48e-08	2.31e-05	1.92e-03	3.38e-02	1.20e-01	2.83e-01	3.07e-01	1.35e-01	5.38e-02	5.86e-02	5.95e-03	1.98e-04
 1.57323e+22	8.96e-27	6.86e-15	3.05e-12	1.30e-10	2.53e-09	3.97e-08	2.56e-05	2.09e-03	3.60e-02	1.25e-01	2.88e-01	3.06e-01	1.31e-01	5.12e-02	5.46e-02	5.39e-03	1.74e-04
 1.59019e+22	1.28e-26	9.42e-15	4.05e-12	1.66e-10	3.10e-09	4.70e-08	2.91e-05	2.32e-03	3.91e-02	1.32e-01	2.94e-01	3.04e-01	1.26e-01	4.80e-02	4.98e-02	4.73e-03	1.47e-04
 1.60769e+22	1.72e-26	1.21e-14	5.10e-12	2.03e-10	3.67e-09	5.40e-08	3.25e-05	2.54e-03	4.18e-02	1.37e-01	2.99e-01	3.02e-01	1.22e-01	4.54e-02	4.61e-02	4.24e-03	1.28e-04
 1.62588e+22	2.51e-26	1.70e-14	6.88e-12	2.63e-10	4.56e-09	6.45e-08	3.73e-05	2.84e-03	4.55e-02	1.45e-01	3.04e-01	2.98e-01	1.17e-01	4.23e-02	4.16e-02	3.68e-03	1.07e-04
 1.64412e+22	3.33e-26	2.18e-14	8.62e-12	3.20e-10	5.38e-09	7.40e-08	4.15e-05	3.10e-03	4.86e-02	1.50e-01	3.08e-01	2.95e-01	1.13e-01	3.99e-02	3.85e-02	3.30e-03	9.30e-05
 1.66242e+22	4.83e-26	3.01e-14	1.15e-11	4.12e-10	6.65e-09	8.81e-08	4.75e-05	3.46e-03	5.26e-02	1.58e-01	3.12e-01	2.91e-01	1.08e-01	3.71e-02	3.47e-02	2.86e-03	7.75e-05
 1.68154e+22	6.56e-26	3.95e-14	1.47e-11	5.09e-10	7.96e-09	1.02e-07	5.33e-05	3.80e-03	5.63e-02	1.64e-01	3.16e-01	2.87e-01	1.04e-01	3.47e-02	3.18e-02	2.54e-03	6.65e-05
 1.70171e+22	9.86e-26	5.66e-14	2.03e-11	6.73e-10	1.00e-08	1.24e-07	6.18e-05	4.27e-03	6.14e-02	1.72e-01	3.20e-01	2.82e-01	9.82e-02	3.19e-02	2.83e-02	2.16e-03	5.41e-05
 1.72203e+22	1.35e-25	7.49e-14	2.61e-11	8.36e-10	1.21e-08	1.44e-07	6.95e-05	4.69e-03	6.57e-02	1.79e-01	3.22e-01	2.77e-01	9.39e-02	2.98e-02	2.58e-02	1.90e-03	4.60e-05
 1.74255e+22	2.03e-25	1.07e-13	3.60e-11	1.10e-09	1.52e-08	1.75e-07	8.06e-05	5.27e-03	7.14e-02	1.87e-01	3.25e-01	2.71e-01	8.85e-02	2.72e-02	2.28e-02	1.61e-03	3.73e-05
 1.76340e+22	2.81e-25	1.43e-13	4.67e-11	1.38e-09	1.84e-08	2.05e-07	9.09e-05	5.80e-03	7.64e-02	1.94e-01	3.27e-01	2.65e-01	8.43e-02	2.52e-02	2.06e-02	1.40e-03	3.14e-05
 1.78077e+22	3.73e-25	1.85e-13	5.87e-11	1.68e-09	2.17e-08	2.35e-07	1.01e-04	6.29e-03	8.09e-02	2.00e-01	3.28e-01	2.61e-01	8.06e-02	2.36e-02	1.89e-02	1.24e-03	2.69e-05
 1.79942e+22	5.38e-25	2.58e-13	7.89e-11	2.17e-09	2.68e-08	2.80e-07	1.15e-04	6.99e-03	8.70e-02	2.08e-01	3.29e-01	2.54e-01	7.60e-02	2.17e-02	1.68e-02	1.06e-03	2.21e-05
 1.81825e+22	7.20e-25	3.37e-13	9.98e-11	2.65e-09	3.18e-08	3.22e-07	1.28e-04	7.59e-03	9.22e-02	2.14e-01	3.29e-01	2.48e-01	7.25e-02	2.02e-02	1.53e-02	9.35e-04	1.88e-05
 1.83734e+22	1.06e-24	4.79e-13	1.36e-10	3.46e-09	3.97e-08	3.87e-07	1.48e-04	8.46e-03	9.92e-02	2.21e-01	3.29e-01	2.41e-01	6.79e-02	1.84e-02	1.35e-02	7.89e-04	1.52e-05
 1.85644e+22	1.41e-24	6.24e-13	1.72e-10	4.24e-09	4.71e-08	4.46e-07	1.64e-04	9.18e-03	1.05e-01	2.27e-01	3.28e-01	2.35e-01	6.46e-02	1.71e-02	1.23e-02	6.92e-04	1.29e-05
 1.87556e+22	2.19e-24	8.98e-13	2.36e-10	5.55e-09	5.90e-08	5.38e-07	1.89e-04	1.02e-02	1.13e-01	2.35e-01	3.27e-01	2.28e-01	6.03e-02	1.55e-02	1.08e-02	5.79e-04	1.03e-05
 1.89478e+22	2.92e-24	1.18e-12	3.01e-10	6.82e-09	7.02e-08	6.22e-07	2.11e-04	1.11e-02	1.19e-01	2.41e-01	3.26e-01	2.22e-01	5.70e-02	1.44e-02	9.71e-03	5.05e-04	8.67e-06
 1.91415e+22	4.29e-24	1.71e-12	4.15e-10	8.99e-09	8.85e-08	7.56e-07	2.44e-04	1.24e-02	1.28e-01	2.48e-01	3.23e-01	2.13e-01	5.30e-02	1.30e-02	8.46e-03	4.20e-04	6.86e-06
 1.93376e+22	5.80e-24	2.29e-12	5.36e-10	1.12e-08	1.06e-07	8.82e-07	2.74e-04	1.36e-02	1.35e-01	2.54e-01	3.21e-01	2.07e-01	4.99e-02	1.19e-02	7.58e-03	3.62e-04	5.70e-06
 1.95366e+22	8.58e-24	3.39e-12	7.51e-10	1.49e-08	1.36e-07	1.08e-06	3.20e-04	1.52e-02	1.45e-01	2.61e-01	3.17e-01	1.98e-01	4.59e-02	1.07e-02	6.53e-03	2.96e-04	4.43e-06
 1.97376e+22	1.16e-23	4.60e-12	9.79e-10	1.87e-08	1.65e-07	1.28e-06	3.61e-04	1.67e-02	1.54e-01	2.66e-01	3.13e-01	1.91e-01	4.30e-02	9.74e-03	5.80e-03	2.53e-04	3.63e-06
 1.99413e+22	1.72e-23	6.88e-12	1.39e-09	2.53e-08	2.13e-07	1.59e-06	4.25e-04	1.88e-02	1.65e-01	2.73e-01	3.07e-01	1.82e-01	3.93e-02	8.64e-03	4.94e-03	2.04e-04	2.78e-06
 2.01482e+22	2.34e-23	9.50e-12	1.83e-09	3.21e-08	2.61e-07	1.90e-06	4.85e-04	2.07e-02	1.75e-01	2.78e-01	3.02e-01	1.74e-01	3.65e-02	7.83e-03	4.34e-03	1.72e-04	2.24e-06
 2.03219e+22	3.06e-23	1.27e-11	2.34e-09	3.99e-08	3.15e-07	2.23e-06	5.47e-04	2.26e-02	1.84e-01	2.82e-01	2.97e-01	1.68e-01	3.40e-02	7.16e-03	3.85e-03	1.46e-04	1.84e-06
 2.05045e+22	4.24e-23	1.81e-11	3.18e-09	5.21e-08	3.97e-07	2.73e-06	6.36e-04	2.53e-02	1.96e-01	2.87e-01	2.91e-01	1.60e-01	3.12e-02	6.39e-03	3.32e-03	1.20e-04	1.44e-06
 2.06889e+22	5.52e-23	2.43e-11	4.10e-09	6.51e-08	4.83e-07	3.24e-06	7.22e-04	2.77e-02	2.06e-01	2.90e-01	2.85e-01	1.53e-01	2.89e-02	5.80e-03	2.92e-03	1.01e-04	1.16e-06
 2.08667e+22	7.31e-23	3.39e-11	5.45e-09	8.38e-08	6.02e-07	3.94e-06	8.36e-04	3.08e-02	2.18e-01	2.94e-01	2.77e-01	1.45e-01	2.64e-02	5.18e-03	2.52e-03	8.33e-05	9.13e-07
 2.10489e+22	9.41e-23	4.60e-11	7.07e-09	1.06e-07	7.41e-07	4.73e-06	9.59e-04	3.40e-02	2.30e-01	2.96e-01	2.70e-01	1.37e-01	2.43e-02	4.65e-03	2.19e-03	6.92e-05	7.27e-07
 2.12273e+22	1.22e-22	6.27e-11	9.23e-09	1.35e-07	9.19e-07	5.73e-06	1.11e-03	3.77e-02	2.42e-01	2.99e-01	2.62e-01	1.30e-01	2.22e-02	4.15e-03	1.89e-03	5.70e-05	5.72e-07
 2.14035e+22	1.52e-22	8.37e-11	1.18e-08	1.69e-07	1.13e-06	6.89e-06	1.27e-03	4.16e-02	2.54e-01	3.00e-01	2.54e-01	1.23e-01	2.03e-02	3.71e-03	1.63e-03	4.72e-05	4.54e-07
 2.15763e+22	1.91e-22	1.11e-10	1.52e-08	2.12e-07	1.38e-06	8.30e-06	1.46e-03	4.59e-02	2.67e-01	3.01e-01	2.46e-01	1.16e-01	1.85e-02	3.31e-03	1.41e-03	3.90e-05	3.58e-07
 2.17481e+22	2.36e-22	1.46e-10	1.92e-08	2.64e-07	1.69e-06	9.97e-06	1.67e-03	5.06e-02	2.79e-01	3.02e-01	2.37e-01	1.09e-01	1.68e-02	2.95e-03	1.21e-03	3.22e-05	2.83e-07
 2.19178e+22	2.87e-22	1.91e-10	2.42e-08	3.29e-07	2.06e-06	1.20e-05	1.91e-03	5.56e-02	2.91e-01	3.01e-01	2.29e-01	1.02e-01	1.53e-02	2.62e-03	1.04e-03	2.65e-05	2.23e-07
 2.20871e+22	3.47e-22	2.47e-10	3.03e-08	4.07e-07	2.51e-06	1.44e-05	2.19e-03	6.11e-02	3.04e-01	3.01e-01	2.20e-01	9.56e-02	1.38e-02	2.32e-03	8.98e-04	2.18e-05	1.76e-07
 2.22564e+22	4.15e-22	3.16e-10	3.78e-08	5.02e-07	3.05e-06	1.72e-05	2.50e-03	6.70e-02	3.16e-01	2.99e-01	2.11e-01	8.92e-02	1.25e-02	2.06e-03	7.69e-04	1.79e-05	1.38e-07
 2.24267e+22	4.96e-22	4.02e-10	4.68e-08	6.18e-07	3.70e-06	2.06e-05	2.86e-03	7.35e-02	3.28e-01	2.97e-01	2.02e-01	8.30e-02	1.13e-02	1.81e-03	6.57e-04	1.46e-05	0.00e+00
 2.25991e+22	5.88e-22	5.08e-10	5.78e-08	7.60e-07	4.48e-06	2.47e-05	3.26e-03	8.04e-02	3.40e-01	2.94e-01	1.92e-01	7.70e-02	1.01e-02	1.59e-03	5.59e-04	1.19e-05	0.00e+00
 2.27737e+22	6.95e-22	6.38e-10	7.11e-08	9.32e-07	5.42e-06	2.95e-05	3.72e-03	8.79e-02	3.52e-01	2.91e-01	1.83e-01	7.12e-02	9.06e-03	1.39e-03	4.74e-04	9.65e-06	0.00e+00
 2.29512e+22	8.21e-22	7.96e-10	8.72e-08	1.14e-06	6.56e-06	3.54e-05	4.24e-03	9.60e-02	3.64e-01	2.87e-01	1.73e-01	6.56e-02	8.08e-03	1.21e-03	4.00e-04	7.79e-06	0.00e+00
 2.31299e+22	9.65e-22	9.83e-10	1.06e-07	1.39e-06	7.89e-06	4.22e-05	4.82e-03	1.04e-01	3.75e-01	2.83e-01	1.64e-01	6.03e-02	7.20e-03	1.06e-03	3.38e-04	6.29e-06	0.00e+00
 2.33125e+22	1.12e-21	1.21e-09	1.29e-07	1.70e-06	9.54e-06	5.06e-05	5.50e-03	1.14e-01	3.86e-01	2.78e-01	1.55e-01	5.52e-02	6.37e-03	9.12e-04	2.83e-04	5.03e-06	0.00e+00
 2.34963e+22	1.31e-21	1.47e-09	1.56e-07	2.05e-06	1.14e-05	6.01e-05	6.22e-03	1.23e-01	3.95e-01	2.72e-01	1.46e-01	5.05e-02	5.65e-03	7.91e-04	2.38e-04	4.05e-06	0.00e+00
 2.36850e+22	1.55e-21	1.80e-09	1.89e-07	2.50e-06	1.38e-05	7.21e-05	7.08e-03	1.34e-01	4.05e-01	2.66e-01	1.36e-01	4.58e-02	4.96e-03	6.76e-04	1.97e-04	3.20e-06	0.00e+00
 2.38619e+22	1.78e-21	2.11e-09	2.20e-07	2.92e-06	1.60e-05	8.31e-05	7.84e-03	1.43e-01	4.12e-01	2.60e-01	1.29e-01	4.23e-02	4.46e-03	5.96e-04	1.69e-04	2.65e-06	0.00e+00
 2.40425e+22	2.12e-21	2.55e-09	2.66e-07	3.57e-06	1.93e-05	1.00e-04	8.93e-03	1.55e-01	4.21e-01	2.53e-01	1.20e-01	3.81e-02	3.88e-03	5.04e-04	1.39e-04	2.07e-06	0.00e+00
 2.42250e+22	2.45e-21	2.96e-09	3.08e-07	4.14e-06	2.22e-05	1.14e-04	9.81e-03	1.64e-01	4.26e-01	2.47e-01	1.14e-01	3.51e-02	3.49e-03	4.44e-04	1.19e-04	1.72e-06	0.00e+00
 2.44099e+22	2.92e-21	3.55e-09	3.71e-07	5.02e-06	2.67e-05	1.37e-04	1.11e-02	1.77e-01	4.33e-01	2.39e-01	1.05e-01	3.14e-02	3.02e-03	3.74e-04	9.75e-05	1.33e-06	0.00e+00
 2.45991e+22	3.40e-21	4.10e-09	4.29e-07	5.83e-06	3.07e-05	1.57e-04	1.22e-02	1.87e-01	4.37e-01	2.33e-01	9.88e-02	2.88e-02	2.70e-03	3.27e-04	8.31e-05	1.10e-06	0.00e+00
 2.47939e+22	4.10e-21	4.89e-09	5.16e-07	7.07e-06	3.69e-05	1.88e-04	1.38e-02	2.01e-01	4.42e-01	2.24e-01	9.09e-02	2.56e-02	2.32e-03	2.73e-04	6.73e-05	8.43e-07	0.00e+00
 2.49925e+22	4.79e-21	5.63e-09	5.96e-07	8.22e-06	4.24e-05	2.16e-04	1.52e-02	2.12e-01	4.45e-01	2.17e-01	8.50e-02	2.33e-02	2.06e-03	2.37e-04	5.69e-05	6.86e-07	0.00e+00
 2.51959e+22	5.80e-21	6.70e-09	7.17e-07	9.96e-06	5.09e-05	2.58e-04	1.72e-02	2.27e-01	4.48e-01	2.08e-01	7.77e-02	2.06e-02	1.75e-03	1.96e-04	4.56e-05	5.23e-07	0.00e+00
 2.54005e+22	6.79e-21	7.67e-09	8.25e-07	1.15e-05	5.83e-05	2.94e-04	1.88e-02	2.38e-01	4.49e-01	2.01e-01	7.25e-02	1.87e-02	1.55e-03	1.69e-04	3.86e-05	4.25e-07	0.00e+00
 2.56065e+22	8.23e-21	9.05e-09	9.86e-07	1.39e-05	6.95e-05	3.50e-04	2.11e-02	2.53e-01	4.50e-01	1.91e-01	6.60e-02	1.64e-02	1.32e-03	1.40e-04	3.09e-05	3.23e-07	0.00e+00
 2.58148e+22	9.66e-21	1.03e-08	1.13e-06	1.60e-05	7.93e-05	3.99e-04	2.30e-02	2.65e-01	4.50e-01	1.84e-01	6.14e-02	1.49e-02	1.16e-03	1.21e-04	2.60e-05	2.62e-07	0.00e+00
 2.60262e+22	1.18e-20	1.22e-08	1.35e-06	1.92e-05	9.42e-05	4.73e-04	2.57e-02	2.81e-01	4.48e-01	1.75e-01	5.56e-02	1.30e-02	9.85e-04	9.90e-05	2.07e-05	1.98e-07	0.00e+00
 2.62411e+22	1.39e-20	1.39e-08	1.56e-06	2.22e-05	1.08e-04	5.38e-04	2.80e-02	2.93e-01	4.46e-01	1.68e-01	5.15e-02	1.17e-02	8.64e-04	8.49e-05	1.73e-05	1.59e-07	0.00e+00
 2.64605e+22	1.70e-20	1.64e-08	1.86e-06	2.67e-05	1.28e-04	6.37e-04	3.13e-02	3.09e-01	4.43e-01	1.58e-01	4.64e-02	1.02e-02	7.27e-04	6.92e-05	1.37e-05	1.20e-07	0.00e+00
 2.66839e+22	2.01e-20	1.87e-08	2.15e-06	3.08e-05	1.46e-04	7.25e-04	3.40e-02	3.22e-01	4.40e-01	1.51e-01	4.28e-02	9.16e-03	6.34e-04	5.89e-05	1.14e-05	0.00e+00	0.00e+00
 2.69123e+22	2.49e-20	2.21e-08	2.58e-06	3.71e-05	1.73e-04	8.58e-04	3.79e-02	3.38e-01	4.34e-01	1.42e-01	3.83e-02	7.91e-03	5.28e-04	4.77e-05	8.92e-06	0.00e+00	0.00e+00
 2.71458e+22	2.97e-20	2.53e-08	2.99e-06	4.30e-05	1.97e-04	9.77e-04	4.11e-02	3.51e-01	4.29e-01	1.35e-01	3.51e-02	7.04e-03	4.57e-04	4.03e-05	7.35e-06	0.00e+00	0.00e+00
 2.73424e+22	3.47e-20	2.86e-08	3.40e-06	4.89e-05	2.22e-04	1.10e-03	4.42e-02	3.62e-01	4.24e-01	1.29e-01	3.24e-02	6.34e-03	4.02e-04	3.46e-05	6.18e-06	0.00e+00	0.00e+00
 2.75548e+22	4.19e-20	3.31e-08	4.00e-06	5.77e-05	2.58e-04	1.27e-03	4.86e-02	3.77e-01	4.17e-01	1.21e-01	2.92e-02	5.52e-03	3.39e-04	2.84e-05	4.92e-06	0.00e+00	0.00e+00
 2.77681e+22	4.95e-20	3.76e-08	4.56e-06	6.55e-05	2.88e-04	1.42e-03	5.19e-02	3.88e-01	4.11e-01	1.15e-01	2.69e-02	4.98e-03	2.98e-04	2.45e-05	4.15e-06	0.00e+00	0.00e+00
 2.79825e+22	6.01e-20	4.37e-08	5.37e-06	7.71e-05	3.34e-04	1.64e-03	5.68e-02	4.02e-01	4.03e-01	1.08e-01	2.42e-02	4.32e-03	2.51e-04	2.00e-05	3.30e-06	0.00e+00	0.00e+00
 2.81955e+22	7.07e-20	4.94e-08	6.10e-06	8.71e-05	3.72e-04	1.82e-03	6.05e-02	4.12e-01	3.96e-01	1.03e-01	2.23e-02	3.90e-03	2.21e-04	1.73e-05	2.79e-06	0.00e+00	0.00e+00
 2.84066e+22	8.59e-20	5.73e-08	7.16e-06	1.02e-04	4.28e-04	2.09e-03	6.58e-02	4.25e-01	3.87e-01	9.63e-02	2.01e-02	3.39e-03	1.86e-04	1.42e-05	2.23e-06	0.00e+00	0.00e+00
 2.86200e+22	1.01e-19	6.51e-08	8.15e-06	1.15e-04	4.77e-04	2.32e-03	7.00e-02	4.34e-01	3.80e-01	9.14e-02	1.85e-02	3.05e-03	1.63e-04	1.22e-05	1.87e-06	0.00e+00	0.00e+00
 2.88367e+22	1.25e-19	7.62e-08	9.60e-06	1.35e-04	5.47e-04	2.65e-03	7.58e-02	4.46e-01	3.70e-01	8.53e-02	1.65e-02	2.64e-03	1.38e-04	9.99e-06	1.49e-06	0.00e+00	0.00e+00
 2.90574e+22	1.48e-19	8.68e-08	1.10e-05	1.54e-04	6.12e-04	2.95e-03	8.08e-02	4.56e-01	3.62e-01	8.06e-02	1.51e-02	2.36e-03	1.20e-04	8.51e-06	1.24e-06	0.00e+00	0.00e+00
 2.92832e+22	1.84e-19	1.02e-07	1.30e-05	1.81e-04	7.04e-04	3.39e-03	8.75e-02	4.67e-01	3.51e-01	7.47e-02	1.35e-02	2.03e-03	9.96e-05	6.90e-06	9.76e-07	0.00e+00	0.00e+00
 2.95107e+22	2.22e-19	1.18e-07	1.50e-05	2.05e-04	7.84e-04	3.74e-03	9.28e-02	4.75e-01	3.42e-01	7.06e-02	1.23e-02	1.81e-03	8.68e-05	5.89e-06	8.15e-07	0.00e+00	0.00e+00
 2.97405e+22	2.75e-19	1.39e-07	1.78e-05	2.42e-04	9.03e-04	4.30e-03	1.00e-01	4.86e-01	3.30e-01	6.51e-02	1.09e-02	1.55e-03	7.18e-05	4.74e-06	6.36e-07	0.00e+00	0.00e+00
 2.99725e+22	3.35e-19	1.61e-07	2.05e-05	2.75e-04	1.01e-03	4.75e-03	1.06e-01	4.93e-01	3.22e-01	6.13e-02	9.94e-03	1.38e-03	6.23e-05	4.03e-06	5.29e-07	0.00e+00	0.00e+00
 3.02076e+22	4.21e-19	1.92e-07	2.44e-05	3.24e-04	1.16e-03	5.45e-03	1.15e-01	5.03e-01	3.09e-01	5.63e-02	8.75e-03	1.17e-03	5.13e-05	3.23e-06	4.11e-07	0.00e+00	0.00e+00
 3.04480e+22	5.19e-19	2.24e-07	2.84e-05	3.71e-04	1.29e-03	6.03e-03	1.21e-01	5.09e-01	3.00e-01	5.28e-02	7.94e-03	1.03e-03	4.41e-05	2.72e-06	3.38e-07	0.00e+00	0.00e+00
 3.06954e+22	6.64e-19	2.70e-07	3.42e-05	4.41e-04	1.49e-03	6.93e-03	1.31e-01	5.17e-01	2.87e-01	4.81e-02	6.93e-03	8.72e-04	3.59e-05	2.16e-06	2.59e-07	0.00e+00	0.00e+00
 3.09478e+22	8.30e-19	3.19e-07	4.00e-05	5.06e-04	1.67e-03	7.68e-03	1.39e-01	5.22e-01	2.77e-01	4.49e-02	6.25e-03	7.65e-04	3.07e-05	1.80e-06	2.11e-07	0.00e+00	0.00e+00
 3.12069e+22	1.08e-18	3.90e-07	4.87e-05	6.05e-04	1.94e-03	8.85e-03	1.49e-01	5.29e-01	2.64e-01	4.07e-02	5.41e-03	6.39e-04	2.47e-05	1.41e-06	1.60e-07	0.00e+00	0.00e+00
 3.14680e+22	1.36e-18	4.63e-07	5.71e-05	6.95e-04	2.17e-03	9.79e-03	1.58e-01	5.33e-01	2.54e-01	3.78e-02	4.86e-03	5.58e-04	2.10e-05	1.17e-06	1.30e-07	0.00e+00	0.00e+00
 3.17318e+22	1.80e-18	5.72e-07	6.98e-05	8.32e-04	2.51e-03	1.12e-02	1.70e-01	5.37e-01	2.40e-01	3.41e-02	4.19e-03	4.64e-04	1.68e-05	9.15e-07	0.00e+00	0.00e+00	0.00e+00
 3.19826e+22	2.22e-18	6.67e-07	8.06e-05	9.44e-04	2.78e-03	1.23e-02	1.78e-01	5.39e-01	2.31e-01	3.17e-02	3.78e-03	4.08e-04	1.45e-05	7.70e-07	0.00e+00	0.00e+00	0.00e+00
 3.22165e+22	2.87e-18	8.08e-07	9.61e-05	1.10e-03	3.14e-03	1.38e-02	1.88e-01	5.40e-01	2.21e-01	2.91e-02	3.34e-03	3.49e-04	1.20e-05	6.26e-07	0.00e+00	0.00e+00	0.00e+00
 3.24665e+22	3.65e-18	9.65e-07	1.13e-04	1.27e-03	3.51e-03	1.53e-02	1.98e-01	5.41e-01	2.11e-01	2.67e-02	2.97e-03	3.02e-04	1.01e-05	5.13e-07	0.00e+00	0.00e+00	0.00e+00
 3.26994e+22	4.13e-18	1.15e-06	1.32e-04	1.45e-03	3.91e-03	1.68e-02	2.08e-01	5.41e-01	2.01e-01	2.46e-02	2.65e-03	2.62e-04	8.52e-06	4.25e-07	0.00e+00	0.00e+00	0.00e+00
 3.29184e+22	5.10e-18	1.34e-06	1.53e-04	1.65e-03	4.32e-03	1.84e-02	2.17e-01	5.41e-01	1.93e-01	2.28e-02	2.38e-03	2.29e-04	7.29e-06	3.57e-07	0.00e+00	0.00e+00	0.00e+00
 3.31257e+22	6.30e-18	1.57e-06	1.76e-04	1.86e-03	4.75e-03	2.01e-02	2.26e-01	5.39e-01	1.84e-01	2.12e-02	2.14e-03	2.01e-04	6.25e-06	3.00e-07	0.00e+00	0.00e+00	0.00e+00
 3.33640e+22	8.37e-18	1.93e-06	2.12e-04	2.17e-03	5.37e-03	2.23e-02	2.38e-01	5.37e-01	1.74e-01	1.92e-02	1.87e-03	1.71e-04	5.13e-06	2.41e-07	0.00e+00	0.00e+00	0.00e+00
 3.36064e+22	1.04e-17	2.28e-06	2.46e-04	2.47e-03	5.92e-03	2.44e-02	2.48e-01	5.34e-01	1.66e-01	1.77e-02	1.67e-03	1.49e-04	4.36e-06	2.01e-07	0.00e+00	0.00e+00	0.00e+00
 3.38543e+22	1.40e-17	2.82e-06	2.97e-04	2.89e-03	6.69e-03	2.71e-02	2.60e-01	5.29e-01	1.56e-01	1.60e-02	1.46e-03	1.25e-04	3.56e-06	1.60e-07	0.00e+00	0.00e+00	0.00e+00
 3.41083e+22	1.81e-17	3.39e-06	3.49e-04	3.31e-03	7.43e-03	2.97e-02	2.71e-01	5.25e-01	1.48e-01	1.46e-02	1.29e-03	1.08e-04	2.98e-06	1.31e-07	0.00e+00	0.00e+00	0.00e+00
 3.43323e+22	2.28e-17	4.02e-06	4.06e-04	3.76e-03	8.19e-03	3.24e-02	2.81e-01	5.20e-01	1.40e-01	1.34e-02	1.14e-03	9.32e-05	2.52e-06	0.00e+00	0.00e+00	0.00e+00	0.00e+00
 3.45855e+22	3.11e-17	5.01e-06	4.92e-04	4.41e-03	9.24e-03	3.59e-02	2.94e-01	5.12e-01	1.31e-01	1.20e-02	9.89e-04	7.80e-05	2.04e-06	0.00e+00	0.00e+00	0.00e+00	0.00e+00
 3.48503e+22	4.12e-17	6.09e-06	5.83e-04	5.07e-03	1.03e-02	3.94e-02	3.05e-01	5.05e-01	1.23e-01	1.09e-02	8.66e-04	6.63e-05	1.69e-06	0.00e+00	0.00e+00	0.00e+00	0.00e+00
 3.50909e+22	5.36e-17	7.35e-06	6.86e-04	5.80e-03	1.14e-02	4.30e-02	3.16e-01	4.97e-01	1.15e-01	9.88e-03	7.61e-04	5.66e-05	1.40e-06	0.00e+00	0.00e+00	0.00e+00	0.00e+00
 3.53643e+22	7.53e-17	9.33e-06	8.42e-04	6.87e-03	1.29e-02	4.78e-02	3.30e-01	4.86e-01	1.07e-01	8.73e-03	6.46e-04	4.64e-05	1.11e-06	0.00e+00	0.00e+00	0.00e+00	0.00e+00
 3.56448e+22	1.02e-16	1.15e-05	1.00e-03	7.94e-03	1.44e-02	5.24e-02	3.41e-01	4.76e-01	9.92e-02	7.82e-03	5.59e-04	3.90e-05	9.08e-07	0.00e+00	0.00e+00	0.00e+00	0.00e+00
 3.58935e+22	1.35e-16	1.39e-05	1.19e-03	9.09e-03	1.59e-02	5.70e-02	3.52e-01	4.65e-01	9.25e-02	7.05e-03	4.87e-04	3.30e-05	7.48e-07	0.00e+00	0.00e+00	0.00e+00	0.00e+00
 3.61757e+22	1.94e-16	1.78e-05	1.46e-03	1.08e-02	1.81e-02	6.32e-02	3.64e-01	4.51e-01	8.45e-02	6.16e-03	4.09e-04	2.67e-05	5.86e-07	0.00e+00	0.00e+00	0.00e+00	0.00e+00
 3.64669e+22	2.71e-16	2.21e-05	1.75e-03	1.25e-02	2.01e-02	6.90e-02	3.75e-01	4.38e-01	7.79e-02	5.46e-03	3.50e-04	2.22e-05	4.71e-07	0.00e+00	0.00e+00	0.00e+00	0.00e+00
 3.67276e+22	3.67e-16	2.71e-05	2.08e-03	1.43e-02	2.22e-02	7.48e-02	3.85e-01	4.25e-01	7.19e-02	4.87e-03	3.01e-04	1.85e-05	3.83e-07	0.00e+00	0.00e+00	0.00e+00	0.00e+00
 3.70243e+22	5.45e-16	3.51e-05	2.59e-03	1.70e-02	2.52e-02	8.27e-02	3.96e-01	4.07e-01	6.48e-02	4.19e-03	2.49e-04	1.47e-05	2.94e-07	0.00e+00	0.00e+00	0.00e+00	0.00e+00
 3.73244e+22	7.80e-16	4.35e-05	3.10e-03	1.96e-02	2.79e-02	8.98e-02	4.05e-01	3.92e-01	5.91e-02	3.68e-03	2.11e-04	1.21e-05	2.34e-07	0.00e+00	0.00e+00	0.00e+00	0.00e+00
 3.75873e+22	1.06e-15	5.34e-05	3.67e-03	2.25e-02	3.08e-02	9.68e-02	4.12e-01	3.77e-01	5.41e-02	3.25e-03	1.80e-04	1.00e-05	1.89e-07	0.00e+00	0.00e+00	0.00e+00	0.00e+00
 3.78873e+22	1.63e-15	6.90e-05	4.55e-03	2.66e-02	3.47e-02	1.06e-01	4.20e-01	3.57e-01	4.82e-02	2.77e-03	1.47e-04	7.88e-06	1.44e-07	0.00e+00	0.00e+00	0.00e+00	0.00e+00
 3.81944e+22	2.46e-15	8.59e-05	5.45e-03	3.06e-02	3.83e-02	1.14e-01	4.25e-01	3.40e-01	4.35e-02	2.41e-03	1.23e-04	6.39e-06	0.00e+00	0.00e+00	0.00e+00	0.00e+00	0.00e+00
 3.84676e+22	3.48e-15	1.06e-04	6.47e-03	3.49e-02	4.20e-02	1.22e-01	4.29e-01	3.23e-01	3.92e-02	2.10e-03	1.04e-04	5.21e-06	0.00e+00	0.00e+00	0.00e+00	0.00e+00	0.00e+00
 3.87799e+22	5.55e-15	1.38e-04	8.02e-03	4.12e-02	4.71e-02	1.33e-01	4.32e-01	3.02e-01	3.43e-02	1.75e-03	8.31e-05	4.01e-06	0.00e+00	0.00e+00	0.00e+00	0.00e+00	0.00e+00
 3.90992e+22	9.07e-15	1.72e-04	9.60e-03	4.73e-02	5.17e-02	1.42e-01	4.34e-01	2.83e-01	3.05e-02	1.50e-03	6.83e-05	3.19e-06	0.00e+00	0.00e+00	0.00e+00	0.00e+00	0.00e+00
 3.93817e+22	1.36e-14	2.12e-04	1.14e-02	5.37e-02	5.63e-02	1.51e-01	4.33e-01	2.66e-01	2.71e-02	1.29e-03	5.66e-05	2.56e-06	0.00e+00	0.00e+00	0.00e+00	0.00e+00	0.00e+00
 3.96580e+22	2.04e-14	2.59e-04	1.34e-02	6.07e-02	6.11e-02	1.60e-01	4.31e-01	2.49e-01	2.41e-02	1.10e-03	4.69e-05	2.05e-06	0.00e+00	0.00e+00	0.00e+00	0.00e+00	0.00e+00
 3.99720e+22	3.46e-14	3.33e-04	1.63e-02	7.04e-02	6.74e-02	1.70e-01	4.26e-01	2.28e-01	2.07e-02	9.07e-04	3.69e-05	1.56e-06	0.00e+00	0.00e+00	0.00e+00	0.00e+00	0.00e+00
 4.02895e+22	6.72e-14	4.09e-04	1.93e-02	7.95e-02	7.28e-02	1.79e-01	4.20e-01	2.10e-01	1.81e-02	7.65e-04	3.00e-05	1.22e-06	0.00e+00	0.00e+00	0.00e+00	0.00e+00	0.00e+00
 4.05654e+22	1.05e-13	4.96e-04	2.24e-02	8.88e-02	7.81e-02	1.87e-01	4.13e-01	1.94e-01	1.59e-02	6.50e-04	2.46e-05	9.73e-07	0.00e+00	0.00e+00	0.00e+00	0.00e+00	0.00e+00
 4.08778e+22	1.95e-13	6.29e-04	2.71e-02	1.02e-01	8.49e-02	1.96e-01	4.02e-01	1.75e-01	1.34e-02	5.26e-04	1.91e-05	7.25e-07	0.00e+00	0.00e+00	0.00e+00	0.00e+00	0.00e+00
 4.11975e+22	4.14e-13	7.67e-04	3.16e-02	1.13e-01	9.06e-02	2.03e-01	3.90e-01	1.59e-01	1.15e-02	4.37e-04	1.53e-05	5.61e-07	0.00e+00	0.00e+00	0.00e+00	0.00e+00	0.00e+00
 4.14716e+22	7.26e-13	9.15e-04	3.62e-02	1.25e-01	9.58e-02	2.08e-01	3.79e-01	1.45e-01	9.98e-03	3.67e-04	1.24e-05	4.43e-07	0.00e+00	0.00e+00	0.00e+00	0.00e+00	0.00e+00
 4.17726e+22	1.75e-12	1.13e-03	4.27e-02	1.39e-01	1.02e-01	2.14e-01	3.63e-01	1.29e-01	8.34e-03	2.95e-04	9.57e-06	3.29e-07	0.00e+00	0.00e+00	0.00e+00	0.00e+00	0.00e+00
 4.20809e+22	4.53e-12	1.35e-03	4.89e-02	1.53e-01	1.07e-01	2.18e-01	3.48e-01	1.16e-01	7.12e-03	2.44e-04	7.63e-06	2.55e-07	0.00e+00	0.00e+00	0.00e+00	0.00e+00	0.00e+00
 4.23559e+22	1.06e-11	1.60e-03	5.55e-02	1.66e-01	1.12e-01	2.22e-01	3.33e-01	1.04e-01	6.07e-03	2.02e-04	6.09e-06	1.97e-07	0.00e+00	0.00e+00	0.00e+00	0.00e+00	0.00e+00
 4.26033e+22	2.62e-11	1.84e-03	6.16e-02	1.78e-01	1.16e-01	2.23e-01	3.19e-01	9.47e-02	5.30e-03	1.72e-04	5.03e-06	1.59e-07	0.00e+00	0.00e+00	0.00e+00	0.00e+00	0.00e+00
 4.28243e+22	9.07e-11	2.09e-03	6.77e-02	1.89e-01	1.20e-01	2.24e-01	3.07e-01	8.64e-02	4.65e-03	1.47e-04	4.19e-06	1.29e-07	0.00e+00	0.00e+00	0.00e+00	0.00e+00	0.00e+00
 4.30781e+22	2.75e-10	2.45e-03	7.61e-02	2.03e-01	1.24e-01	2.25e-01	2.90e-01	7.67e-02	3.93e-03	1.21e-04	3.32e-06	0.00e+00	0.00e+00	0.00e+00	0.00e+00	0.00e+00	0.00e+00
 4.33406e+22	2.75e-09	2.81e-03	8.43e-02	2.16e-01	1.27e-01	2.24e-01	2.74e-01	6.86e-02	3.35e-03	1.00e-04	2.67e-06	0.00e+00	0.00e+00	0.00e+00	0.00e+00	0.00e+00	0.00e+00
 4.35721e+22	1.34e-08	3.18e-03	9.21e-02	2.27e-01	1.30e-01	2.23e-01	2.60e-01	6.18e-02	2.90e-03	8.47e-05	2.19e-06	0.00e+00	0.00e+00	0.00e+00	0.00e+00	0.00e+00	0.00e+00
 4.38311e+22	6.91e-08	3.71e-03	1.03e-01	2.42e-01	1.33e-01	2.20e-01	2.42e-01	5.37e-02	2.39e-03	6.78e-05	1.69e-06	0.00e+00	0.00e+00	0.00e+00	0.00e+00	0.00e+00	0.00e+00
 4.40952e+22	5.43e-07	4.20e-03	1.12e-01	2.54e-01	1.34e-01	2.17e-01	2.28e-01	4.77e-02	2.03e-03	5.62e-05	1.36e-06	0.00e+00	0.00e+00	0.00e+00	0.00e+00	0.00e+00	0.00e+00
 4.43660e+22	8.11e-07	4.87e-03	1.25e-01	2.68e-01	1.36e-01	2.13e-01	2.10e-01	4.11e-02	1.67e-03	4.47e-05	1.04e-06	0.00e+00	0.00e+00	0.00e+00	0.00e+00	0.00e+00	0.00e+00
 4.46436e+22	1.11e-06	5.53e-03	1.36e-01	2.81e-01	1.38e-01	2.08e-01	1.95e-01	3.59e-02	1.39e-03	3.62e-05	8.14e-07	0.00e+00	0.00e+00	0.00e+00	0.00e+00	0.00e+00	0.00e+00
 4.48874e+22	1.42e-06	6.20e-03	1.47e-01	2.92e-01	1.38e-01	2.03e-01	1.81e-01	3.16e-02	1.17e-03	2.98e-05	6.49e-07	0.00e+00	0.00e+00	0.00e+00	0.00e+00	0.00e+00	0.00e+00
 4.51617e+22	1.87e-06	7.14e-03	1.62e-01	3.05e-01	1.39e-01	1.96e-01	1.64e-01	2.66e-02	9.33e-04	2.31e-05	4.83e-07	0.00e+00	0.00e+00	0.00e+00	0.00e+00	0.00e+00	0.00e+00
 4.54423e+22	2.34e-06	7.99e-03	1.74e-01	3.15e-01	1.38e-01	1.90e-01	1.51e-01	2.32e-02	7.76e-04	1.87e-05	3.79e-07	0.00e+00	0.00e+00	0.00e+00	0.00e+00	0.00e+00	0.00e+00
 4.57312e+22	3.03e-06	9.20e-03	1.91e-01	3.26e-01	1.37e-01	1.81e-01	1.35e-01	1.92e-02	6.07e-04	1.42e-05	2.75e-07	0.00e+00	0.00e+00	0.00e+00	0.00e+00	0.00e+00	0.00e+00
 4.60231e+22	3.71e-06	1.03e-02	2.05e-01	3.35e-01	1.36e-01	1.73e-01	1.23e-01	1.65e-02	4.99e-04	1.14e-05	2.13e-07	0.00e+00	0.00e+00	0.00e+00	0.00e+00	0.00e+00	0.00e+00
 4.63191e+22	4.75e-06	1.18e-02	2.23e-01	3.44e-01	1.34e-01	1.64e-01	1.09e-01	1.35e-02	3.84e-04	8.49e-06	1.52e-07	0.00e+00	0.00e+00	0.00e+00	0.00e+00	0.00e+00	0.00e+00
 4.66180e+22	5.77e-06	1.31e-02	2.38e-01	3.51e-01	1.32e-01	1.56e-01	9.88e-02	1.15e-02	3.13e-04	6.74e-06	0.00e+00	0.00e+00	0.00e+00	0.00e+00	0.00e+00	0.00e+00	0.00e+00
 4.69204e+22	7.15e-06	1.48e-02	2.57e-01	3.57e-01	1.29e-01	1.46e-01	8.67e-02	9.30e-03	2.40e-04	5.01e-06	0.00e+00	0.00e+00	0.00e+00	0.00e+00	0.00e+00	0.00e+00	0.00e+00
 4.72322e+22	8.68e-06	1.65e-02	2.74e-01	3.62e-01	1.26e-01	1.37e-01	7.74e-02	7.76e-03	1.90e-04	3.88e-06	0.00e+00	0.00e+00	0.00e+00	0.00e+00	0.00e+00	0.00e+00	0.00e+00
 4.75562e+22	1.08e-05	1.88e-02	2.95e-01	3.65e-01	1.22e-01	1.26e-01	6.67e-02	6.14e-03	1.42e-04	2.79e-06	0.00e+00	0.00e+00	0.00e+00	0.00e+00	0.00e+00	0.00e+00	0.00e+00
 4.78453e+22	1.22e-05	2.02e-02	3.07e-01	3.67e-01	1.19e-01	1.20e-01	6.12e-02	5.37e-03	1.20e-04	2.31e-06	0.00e+00	0.00e+00	0.00e+00	0.00e+00	0.00e+00	0.00e+00	0.00e+00
 4.80890e+22	1.44e-05	2.22e-02	3.23e-01	3.68e-01	1.16e-01	1.12e-01	5.44e-02	4.47e-03	9.53e-05	1.80e-06	0.00e+00	0.00e+00	0.00e+00	0.00e+00	0.00e+00	0.00e+00	0.00e+00
 4.83394e+22	1.63e-05	2.39e-02	3.37e-01	3.68e-01	1.12e-01	1.06e-01	4.94e-02	3.85e-03	7.91e-05	1.46e-06	0.00e+00	0.00e+00	0.00e+00	0.00e+00	0.00e+00	0.00e+00	0.00e+00
 4.85984e+22	1.91e-05	2.63e-02	3.54e-01	3.66e-01	1.09e-01	9.83e-02	4.35e-02	3.17e-03	6.21e-05	1.12e-06	0.00e+00	0.00e+00	0.00e+00	0.00e+00	0.00e+00	0.00e+00	0.00e+00
 4.88610e+22	2.16e-05	2.82e-02	3.67e-01	3.65e-01	1.05e-01	9.25e-02	3.94e-02	2.72e-03	5.13e-05	9.04e-07	0.00e+00	0.00e+00	0.00e+00	0.00e+00	0.00e+00	0.00e+00	0.00e+00
 4.91282e+22	2.52e-05	3.09e-02	3.84e-01	3.62e-01	1.01e-01	8.51e-02	3.44e-02	2.22e-03	3.99e-05	6.85e-07	0.00e+00	0.00e+00	0.00e+00	0.00e+00	0.00e+00	0.00e+00	0.00e+00
 4.93993e+22	2.85e-05	3.32e-02	3.98e-01	3.59e-01	9.75e-02	7.96e-02	3.10e-02	1.89e-03	3.27e-05	5.49e-07	0.00e+00	0.00e+00	0.00e+00	0.00e+00	0.00e+00	0.00e+00	0.00e+00
 4.96753e+22	3.33e-05	3.64e-02	4.15e-01	3.54e-01	9.30e-02	7.27e-02	2.69e-02	1.52e-03	2.52e-05	4.11e-07	0.00e+00	0.00e+00	0.00e+00	0.00e+00	0.00e+00	0.00e+00	0.00e+00
 4.99547e+22	3.75e-05	3.90e-02	4.29e-01	3.50e-01	8.94e-02	6.76e-02	2.41e-02	1.29e-03	2.05e-05	3.28e-07	0.00e+00	0.00e+00	0.00e+00	0.00e+00	0.00e+00	0.00e+00	0.00e+00
 5.02386e+22	4.36e-05	4.25e-02	4.46e-01	3.43e-01	8.50e-02	6.15e-02	2.08e-02	1.04e-03	1.58e-05	2.45e-07	0.00e+00	0.00e+00	0.00e+00	0.00e+00	0.00e+00	0.00e+00	0.00e+00
 5.05302e+22	4.93e-05	4.56e-02	4.60e-01	3.37e-01	8.13e-02	5.67e-02	1.84e-02	8.66e-04	1.26e-05	1.91e-07	0.00e+00	0.00e+00	0.00e+00	0.00e+00	0.00e+00	0.00e+00	0.00e+00
 5.08320e+22	5.74e-05	4.98e-02	4.78e-01	3.28e-01	7.66e-02	5.09e-02	1.57e-02	6.83e-04	9.49e-06	1.39e-07	0.00e+00	0.00e+00	0.00e+00	0.00e+00	0.00e+00	0.00e+00	0.00e+00
 5.11354e+22	6.48e-05	5.34e-02	4.91e-01	3.21e-01	7.30e-02	4.68e-02	1.39e-02	5.68e-04	7.60e-06	0.00e+00	0.00e+00	0.00e+00	0.00e+00	0.00e+00	0.00e+00	0.00e+00	0.00e+00
 5.13788e+22	7.10e-05	5.63e-02	5.01e-01	3.15e-01	7.02e-02	4.37e-02	1.26e-02	4.89e-04	6.34e-06	0.00e+00	0.00e+00	0.00e+00	0.00e+00	0.00e+00	0.00e+00	0.00e+00	0.00e+00
 5.15744e+22	7.65e-05	5.88e-02	5.09e-01	3.11e-01	6.80e-02	4.13e-02	1.16e-02	4.35e-04	5.50e-06	0.00e+00	0.00e+00	0.00e+00	0.00e+00	0.00e+00	0.00e+00	0.00e+00	0.00e+00
 5.17698e+22	8.37e-05	6.19e-02	5.19e-01	3.04e-01	6.53e-02	3.85e-02	1.05e-02	3.74e-04	4.59e-06	0.00e+00	0.00e+00	0.00e+00	0.00e+00	0.00e+00	0.00e+00	0.00e+00	0.00e+00
 5.20239e+22	9.41e-05	6.61e-02	5.32e-01	2.95e-01	6.19e-02	3.50e-02	9.15e-03	3.06e-04	3.63e-06	0.00e+00	0.00e+00	0.00e+00	0.00e+00	0.00e+00	0.00e+00	0.00e+00	0.00e+00
 5.22787e+22	1.03e-04	6.96e-02	5.41e-01	2.89e-01	5.92e-02	3.25e-02	8.25e-03	2.63e-04	3.02e-06	0.00e+00	0.00e+00	0.00e+00	0.00e+00	0.00e+00	0.00e+00	0.00e+00	0.00e+00
 5.24996e+22	1.13e-04	7.32e-02	5.51e-01	2.82e-01	5.67e-02	3.01e-02	7.43e-03	2.26e-04	2.52e-06	0.00e+00	0.00e+00	0.00e+00	0.00e+00	0.00e+00	0.00e+00	0.00e+00	0.00e+00
 5.26940e+22	1.21e-04	7.60e-02	5.57e-01	2.76e-01	5.48e-02	2.85e-02	6.87e-03	2.01e-04	2.19e-06	0.00e+00	0.00e+00	0.00e+00	0.00e+00	0.00e+00	0.00e+00	0.00e+00	0.00e+00
 5.28889e+22	1.31e-04	7.96e-02	5.66e-01	2.69e-01	5.25e-02	2.64e-02	6.19e-03	1.73e-04	1.83e-06	0.00e+00	0.00e+00	0.00e+00	0.00e+00	0.00e+00	0.00e+00	0.00e+00	0.00e+00
 5.31422e+22	1.46e-04	8.47e-02	5.77e-01	2.59e-01	4.95e-02	2.39e-02	5.39e-03	1.41e-04	1.45e-06	0.00e+00	0.00e+00	0.00e+00	0.00e+00	0.00e+00	0.00e+00	0.00e+00	0.00e+00
 5.33892e+22	1.59e-04	8.85e-02	5.84e-01	2.53e-01	4.74e-02	2.22e-02	4.89e-03	1.23e-04	1.22e-06	0.00e+00	0.00e+00	0.00e+00	0.00e+00	0.00e+00	0.00e+00	0.00e+00	0.00e+00
 5.36281e+22	1.75e-04	9.35e-02	5.93e-01	2.44e-01	4.48e-02	2.02e-02	4.30e-03	1.01e-04	9.80e-07	0.00e+00	0.00e+00	0.00e+00	0.00e+00	0.00e+00	0.00e+00	0.00e+00	0.00e+00
 5.38902e+22	1.93e-04	9.85e-02	6.01e-01	2.35e-01	4.24e-02	1.84e-02	3.80e-03	8.50e-05	7.96e-07	0.00e+00	0.00e+00	0.00e+00	0.00e+00	0.00e+00	0.00e+00	0.00e+00	0.00e+00
 5.41427e+22	2.11e-04	1.04e-01	6.09e-01	2.27e-01	4.02e-02	1.68e-02	3.37e-03	7.13e-05	6.49e-07	0.00e+00	0.00e+00	0.00e+00	0.00e+00	0.00e+00	0.00e+00	0.00e+00	0.00e+00
 5.44312e+22	2.38e-04	1.10e-01	6.19e-01	2.16e-01	3.74e-02	1.49e-02	2.87e-03	5.65e-05	4.95e-07	0.00e+00	0.00e+00	0.00e+00	0.00e+00	0.00e+00	0.00e+00	0.00e+00	0.00e+00
 5.47566e+22	2.67e-04	1.18e-01	6.27e-01	2.05e-01	3.48e-02	1.32e-02	2.45e-03	4.50e-05	3.79e-07	0.00e+00	0.00e+00	0.00e+00	0.00e+00	0.00e+00	0.00e+00	0.00e+00	0.00e+00
 5.51300e+22	3.10e-04	1.27e-01	6.37e-01	1.91e-01	3.16e-02	1.12e-02	1.98e-03	3.31e-05	2.67e-07	0.00e+00	0.00e+00	0.00e+00	0.00e+00	0.00e+00	0.00e+00	0.00e+00	0.00e+00
 5.55058e+22	3.48e-04	1.35e-01	6.43e-01	1.80e-01	2.92e-02	9.91e-03	1.68e-03	2.63e-05	2.04e-07	0.00e+00	0.00e+00	0.00e+00	0.00e+00	0.00e+00	0.00e+00	0.00e+00	0.00e+00
 5.58845e+22	4.03e-04	1.46e-01	6.51e-01	1.66e-01	2.64e-02	8.34e-03	1.35e-03	1.92e-05	1.42e-07	0.00e+00	0.00e+00	0.00e+00	0.00e+00	0.00e+00	0.00e+00	0.00e+00	0.00e+00
 5.62656e+22	4.52e-04	1.55e-01	6.56e-01	1.56e-01	2.43e-02	7.31e-03	1.14e-03	1.51e-05	0.00e+00	0.00e+00	0.00e+00	0.00e+00	0.00e+00	0.00e+00	0.00e+00	0.00e+00	0.00e+00
 5.66497e+22	5.25e-04	1.67e-01	6.62e-01	1.42e-01	2.18e-02	6.10e-03	9.06e-04	1.09e-05	0.00e+00	0.00e+00	0.00e+00	0.00e+00	0.00e+00	0.00e+00	0.00e+00	0.00e+00	0.00e+00
 5.70374e+22	5.92e-04	1.77e-01	6.64e-01	1.32e-01	1.99e-02	5.27e-03	7.53e-04	8.41e-06	0.00e+00	0.00e+00	0.00e+00	0.00e+00	0.00e+00	0.00e+00	0.00e+00	0.00e+00	0.00e+00
 5.74299e+22	6.91e-04	1.91e-01	6.67e-01	1.19e-01	1.76e-02	4.32e-03	5.87e-04	5.93e-06	0.00e+00	0.00e+00	0.00e+00	0.00e+00	0.00e+00	0.00e+00	0.00e+00	0.00e+00	0.00e+00
 5.78229e+22	7.79e-04	2.02e-01	6.68e-01	1.09e-01	1.60e-02	3.70e-03	4.84e-04	4.52e-06	0.00e+00	0.00e+00	0.00e+00	0.00e+00	0.00e+00	0.00e+00	0.00e+00	0.00e+00	0.00e+00
 5.81235e+22	8.53e-04	2.10e-01	6.68e-01	1.02e-01	1.49e-02	3.28e-03	4.16e-04	3.67e-06	0.00e+00	0.00e+00	0.00e+00	0.00e+00	0.00e+00	0.00e+00	0.00e+00	0.00e+00	0.00e+00
 5.84211e+22	9.71e-04	2.23e-01	6.67e-01	9.23e-02	1.34e-02	2.76e-03	3.36e-04	2.73e-06	0.00e+00	0.00e+00	0.00e+00	0.00e+00	0.00e+00	0.00e+00	0.00e+00	0.00e+00	0.00e+00
 5.87125e+22	1.06e-03	2.32e-01	6.66e-01	8.58e-02	1.24e-02	2.44e-03	2.89e-04	2.21e-06	0.00e+00	0.00e+00	0.00e+00	0.00e+00	0.00e+00	0.00e+00	0.00e+00	0.00e+00	0.00e+00
 5.89959e+22	1.20e-03	2.44e-01	6.64e-01	7.73e-02	1.11e-02	2.05e-03	2.33e-04	1.64e-06	0.00e+00	0.00e+00	0.00e+00	0.00e+00	0.00e+00	0.00e+00	0.00e+00	0.00e+00	0.00e+00
 5.92831e+22	1.33e-03	2.55e-01	6.61e-01	7.06e-02	1.01e-02	1.77e-03	1.94e-04	1.28e-06	0.00e+00	0.00e+00	0.00e+00	0.00e+00	0.00e+00	0.00e+00	0.00e+00	0.00e+00	0.00e+00
 5.95343e+22	1.47e-03	2.66e-01	6.58e-01	6.44e-02	9.22e-03	1.53e-03	1.62e-04	1.00e-06	0.00e+00	0.00e+00	0.00e+00	0.00e+00	0.00e+00	0.00e+00	0.00e+00	0.00e+00	0.00e+00
 5.98198e+22	1.68e-03	2.80e-01	6.52e-01	5.69e-02	8.14e-03	1.26e-03	1.28e-04	7.22e-07	0.00e+00	0.00e+00	0.00e+00	0.00e+00	0.00e+00	0.00e+00	0.00e+00	0.00e+00	0.00e+00
 6.01162e+22	1.90e-03	2.93e-01	6.46e-01	5.05e-02	7.22e-03	1.05e-03	1.02e-04	5.31e-07	0.00e+00	0.00e+00	0.00e+00	0.00e+00	0.00e+00	0.00e+00	0.00e+00	0.00e+00	0.00e+00
 6.03777e+22	2.13e-03	3.06e-01	6.40e-01	4.49e-02	6.43e-03	8.79e-04	8.23e-05	3.96e-07	0.00e+00	0.00e+00	0.00e+00	0.00e+00	0.00e+00	0.00e+00	0.00e+00	0.00e+00	0.00e+00
 6.06686e+22	2.47e-03	3.23e-01	6.30e-01	3.83e-02	5.50e-03	6.98e-04	6.21e-05	2.69e-07	0.00e+00	0.00e+00	0.00e+00	0.00e+00	0.00e+00	0.00e+00	0.00e+00	0.00e+00	0.00e+00
 6.09797e+22	2.86e-03	3.39e-01	6.20e-01	3.25e-02	4.67e-03	5.51e-04	4.66e-05	1.82e-07	0.00e+00	0.00e+00	0.00e+00	0.00e+00	0.00e+00	0.00e+00	0.00e+00	0.00e+00	0.00e+00
 6.12567e+22	3.28e-03	3.55e-01	6.09e-01	2.76e-02	3.98e-03	4.40e-04	3.54e-05	1.25e-07	0.00e+00	0.00e+00	0.00e+00	0.00e+00	0.00e+00	0.00e+00	0.00e+00	0.00e+00	0.00e+00
 6.15113e+22	3.72e-03	3.71e-01	5.98e-01	2.35e-02	3.38e-03	3.53e-04	2.71e-05	0.00e+00	0.00e+00	0.00e+00	0.00e+00	0.00e+00	0.00e+00	0.00e+00	0.00e+00	0.00e+00	0.00e+00
 6.17533e+22	4.21e-03	3.86e-01	5.86e-01	1.99e-02	2.87e-03	2.83e-04	2.08e-05	0.00e+00	0.00e+00	0.00e+00	0.00e+00	0.00e+00	0.00e+00	0.00e+00	0.00e+00	0.00e+00	0.00e+00
 6.19116e+22	4.45e-03	3.93e-01	5.81e-01	1.82e-02	2.63e-03	2.52e-04	1.81e-05	0.00e+00	0.00e+00	0.00e+00	0.00e+00	0.00e+00	0.00e+00	0.00e+00	0.00e+00	0.00e+00	0.00e+00
 6.19758e+22	4.60e-03	3.97e-01	5.78e-01	1.74e-02	2.51e-03	2.38e-04	1.69e-05	0.00e+00	0.00e+00	0.00e+00	0.00e+00	0.00e+00	0.00e+00	0.00e+00	0.00e+00	0.00e+00	0.00e+00
 6.20249e+22	4.72e-03	4.01e-01	5.75e-01	1.67e-02	2.42e-03	2.26e-04	1.59e-05	0.00e+00	0.00e+00	0.00e+00	0.00e+00	0.00e+00	0.00e+00	0.00e+00	0.00e+00	0.00e+00	0.00e+00
 6.20830e+22	4.86e-03	4.05e-01	5.72e-01	1.60e-02	2.31e-03	2.13e-04	1.48e-05	0.00e+00	0.00e+00	0.00e+00	0.00e+00	0.00e+00	0.00e+00	0.00e+00	0.00e+00	0.00e+00	0.00e+00
 6.21533e+22	5.05e-03	4.10e-01	5.68e-01	1.51e-02	2.18e-03	1.98e-04	1.36e-05	0.00e+00	0.00e+00	0.00e+00	0.00e+00	0.00e+00	0.00e+00	0.00e+00	0.00e+00	0.00e+00	0.00e+00
 6.22251e+22	5.24e-03	4.15e-01	5.63e-01	1.42e-02	2.06e-03	1.84e-04	1.25e-05	0.00e+00	0.00e+00	0.00e+00	0.00e+00	0.00e+00	0.00e+00	0.00e+00	0.00e+00	0.00e+00	0.00e+00
 6.22904e+22	5.41e-03	4.20e-01	5.59e-01	1.35e-02	1.95e-03	1.73e-04	1.16e-05	0.00e+00	0.00e+00	0.00e+00	0.00e+00	0.00e+00	0.00e+00	0.00e+00	0.00e+00	0.00e+00	0.00e+00
 6.23521e+22	5.58e-03	4.24e-01	5.55e-01	1.28e-02	1.85e-03	1.62e-04	1.07e-05	0.00e+00	0.00e+00	0.00e+00	0.00e+00	0.00e+00	0.00e+00	0.00e+00	0.00e+00	0.00e+00	0.00e+00
 6.24134e+22	5.75e-03	4.28e-01	5.52e-01	1.22e-02	1.76e-03	1.52e-04	9.97e-06	0.00e+00	0.00e+00	0.00e+00	0.00e+00	0.00e+00	0.00e+00	0.00e+00	0.00e+00	0.00e+00	0.00e+00
 6.24757e+22	5.94e-03	4.33e-01	5.47e-01	1.16e-02	1.66e-03	1.42e-04	9.21e-06	0.00e+00	0.00e+00	0.00e+00	0.00e+00	0.00e+00	0.00e+00	0.00e+00	0.00e+00	0.00e+00	0.00e+00
 6.25371e+22	6.12e-03	4.38e-01	5.43e-01	1.10e-02	1.57e-03	1.33e-04	8.54e-06	0.00e+00	0.00e+00	0.00e+00	0.00e+00	0.00e+00	0.00e+00	0.00e+00	0.00e+00	0.00e+00	0.00e+00
 6.25955e+22	6.30e-03	4.42e-01	5.39e-01	1.04e-02	1.49e-03	1.24e-04	7.94e-06	0.00e+00	0.00e+00	0.00e+00	0.00e+00	0.00e+00	0.00e+00	0.00e+00	0.00e+00	0.00e+00	0.00e+00
 6.26533e+22	6.46e-03	4.46e-01	5.36e-01	9.90e-03	1.42e-03	1.17e-04	7.40e-06	0.00e+00	0.00e+00	0.00e+00	0.00e+00	0.00e+00	0.00e+00	0.00e+00	0.00e+00	0.00e+00	0.00e+00
 6.27128e+22	6.67e-03	4.51e-01	5.31e-01	9.36e-03	1.34e-03	1.09e-04	6.84e-06	0.00e+00	0.00e+00	0.00e+00	0.00e+00	0.00e+00	0.00e+00	0.00e+00	0.00e+00	0.00e+00	0.00e+00
 6.27708e+22	6.82e-03	4.55e-01	5.28e-01	8.90e-03	1.27e-03	1.03e-04	6.38e-06	0.00e+00	0.00e+00	0.00e+00	0.00e+00	0.00e+00	0.00e+00	0.00e+00	0.00e+00	0.00e+00	0.00e+00
 6.28276e+22	7.02e-03	4.60e-01	5.24e-01	8.42e-03	1.20e-03	9.61e-05	5.92e-06	0.00e+00	0.00e+00	0.00e+00	0.00e+00	0.00e+00	0.00e+00	0.00e+00	0.00e+00	0.00e+00	0.00e+00
 6.28836e+22	7.17e-03	4.63e-01	5.20e-01	8.02e-03	1.14e-03	9.06e-05	5.54e-06	0.00e+00	0.00e+00	0.00e+00	0.00e+00	0.00e+00	0.00e+00	0.00e+00	0.00e+00	0.00e+00	0.00e+00
 6.29392e+22	7.37e-03	4.68e-01	5.16e-01	7.59e-03	1.08e-03	8.48e-05	5.14e-06	0.00e+00	0.00e+00	0.00e+00	0.00e+00	0.00e+00	0.00e+00	0.00e+00	0.00e+00	0.00e+00	0.00e+00
 6.29947e+22	7.51e-03	4.72e-01	5.12e-01	7.22e-03	1.03e-03	8.00e-05	4.82e-06	0.00e+00	0.00e+00	0.00e+00	0.00e+00	0.00e+00	0.00e+00	0.00e+00	0.00e+00	0.00e+00	0.00e+00
 6.30497e+22	7.72e-03	4.77e-01	5.08e-01	6.83e-03	9.69e-04	7.48e-05	4.47e-06	0.00e+00	0.00e+00	0.00e+00	0.00e+00	0.00e+00	0.00e+00	0.00e+00	0.00e+00	0.00e+00	0.00e+00
 6.31039e+22	7.84e-03	4.80e-01	5.05e-01	6.51e-03	9.22e-04	7.07e-05	4.20e-06	0.00e+00	0.00e+00	0.00e+00	0.00e+00	0.00e+00	0.00e+00	0.00e+00	0.00e+00	0.00e+00	0.00e+00
