#depth	O	O+	O+2	O+3	O+4	O+5	O+6	O+7	O+8	O[1]	O[2]	O[3]
 4.62852e+21	7.76e-24	3.47e-18	5.68e-14	8.44e-11	3.06e-08	4.71e-06	3.29e-03	1.14e-01	8.83e-01	0.00e+00	0.00e+00	0.00e+00
 1.03389e+22	4.35e-21	8.41e-16	5.99e-12	3.85e-09	5.59e-07	3.41e-05	1.12e-02	1.97e-01	7.91e-01	0.00e+00	0.00e+00	0.00e+00
 1.18121e+22	3.51e-20	5.13e-15	2.79e-11	1.37e-08	1.49e-06	6.71e-05	1.69e-02	2.36e-01	7.47e-01	0.00e+00	0.00e+00	0.00e+00
 1.23991e+22	8.81e-20	1.14e-14	5.51e-11	2.41e-08	2.31e-06	9.11e-05	2.05e-02	2.55e-01	7.25e-01	0.00e+00	0.00e+00	0.00e+00
 1.26437e+22	1.10e-19	1.38e-14	6.50e-11	2.76e-08	2.57e-06	9.82e-05	2.14e-02	2.60e-01	7.19e-01	0.00e+00	0.00e+00	0.00e+00
 1.27562e+22	1.45e-19	1.76e-14	7.98e-11	3.28e-08	2.94e-06	1.08e-04	2.27e-02	2.66e-01	7.12e-01	0.00e+00	0.00e+00	0.00e+00
 1.28744e+22	1.83e-19	2.15e-14	9.48e-11	3.78e-08	3.28e-06	1.17e-04	2.38e-02	2.71e-01	7.05e-01	0.00e+00	0.00e+00	0.00e+00
 1.30001e+22	2.48e-19	2.81e-14	1.19e-10	4.56e-08	3.81e-06	1.29e-04	2.54e-02	2.78e-01	6.97e-01	0.00e+00	0.00e+00	0.00e+00
 1.31264e+22	3.10e-19	3.40e-14	1.40e-10	5.23e-08	4.24e-06	1.40e-04	2.66e-02	2.83e-01	6.90e-01	0.00e+00	0.00e+00	0.00e+00
 1.32369e+22	3.88e-19	4.13e-14	1.65e-10	6.01e-08	4.73e-06	1.51e-04	2.78e-02	2.88e-01	6.84e-01	0.00e+00	0.00e+00	0.00e+00
 1.33638e+22	5.14e-19	5.28e-14	2.04e-10	7.16e-08	5.43e-06	1.66e-04	2.96e-02	2.95e-01	6.75e-01	0.00e+00	0.00e+00	0.00e+00
 1.34906e+22	6.37e-19	6.36e-14	2.39e-10	8.18e-08	6.04e-06	1.79e-04	3.09e-02	3.00e-01	6.69e-01	0.00e+00	0.00e+00	0.00e+00
 1.36174e+22	8.44e-19	8.11e-14	2.95e-10	9.75e-08	6.93e-06	1.97e-04	3.28e-02	3.07e-01	6.60e-01	0.00e+00	0.00e+00	0.00e+00
 1.37454e+22	1.03e-18	9.67e-14	3.43e-10	1.11e-07	7.66e-06	2.12e-04	3.42e-02	3.12e-01	6.53e-01	0.00e+00	0.00e+00	0.00e+00
 1.38749e+22	1.36e-18	1.23e-13	4.20e-10	1.31e-07	8.77e-06	2.33e-04	3.63e-02	3.19e-01	6.45e-01	0.00e+00	0.00e+00	0.00e+00
 1.40069e+22	1.67e-18	1.47e-13	4.90e-10	1.49e-07	9.71e-06	2.50e-04	3.79e-02	3.24e-01	6.38e-01	0.00e+00	0.00e+00	0.00e+00
 1.41423e+22	2.20e-18	1.86e-13	6.01e-10	1.77e-07	1.11e-05	2.76e-04	4.02e-02	3.31e-01	6.28e-01	0.00e+00	0.00e+00	0.00e+00
 1.42802e+22	2.70e-18	2.23e-13	7.02e-10	2.02e-07	1.23e-05	2.97e-04	4.20e-02	3.37e-01	6.21e-01	0.00e+00	0.00e+00	0.00e+00
 1.44214e+22	3.56e-18	2.84e-13	8.63e-10	2.40e-07	1.42e-05	3.27e-04	4.45e-02	3.44e-01	6.11e-01	0.00e+00	0.00e+00	0.00e+00
 1.45594e+22	4.27e-18	3.33e-13	9.88e-10	2.69e-07	1.55e-05	3.49e-04	4.63e-02	3.49e-01	6.05e-01	0.00e+00	0.00e+00	0.00e+00
 1.46933e+22	5.54e-18	4.17e-13	1.20e-09	3.17e-07	1.77e-05	3.83e-04	4.89e-02	3.55e-01	5.95e-01	0.00e+00	0.00e+00	0.00e+00
 1.48291e+22	6.65e-18	4.89e-13	1.38e-09	3.55e-07	1.94e-05	4.08e-04	5.09e-02	3.60e-01	5.89e-01	0.00e+00	0.00e+00	0.00e+00
 1.49676e+22	8.55e-18	6.08e-13	1.66e-09	4.16e-07	2.20e-05	4.46e-04	5.37e-02	3.67e-01	5.79e-01	0.00e+00	0.00e+00	0.00e+00
 1.51103e+22	1.05e-17	7.25e-13	1.93e-09	4.72e-07	2.43e-05	4.80e-04	5.60e-02	3.72e-01	5.71e-01	0.00e+00	0.00e+00	0.00e+00
 1.52586e+22	1.34e-17	9.02e-13	2.33e-09	5.52e-07	2.76e-05	5.24e-04	5.90e-02	3.79e-01	5.62e-01	0.00e+00	0.00e+00	0.00e+00
 1.54116e+22	1.66e-17	1.08e-12	2.73e-09	6.31e-07	3.07e-05	5.65e-04	6.17e-02	3.84e-01	5.53e-01	0.00e+00	0.00e+00	0.00e+00
 1.55709e+22	2.15e-17	1.36e-12	3.32e-09	7.43e-07	3.49e-05	6.20e-04	6.52e-02	3.91e-01	5.43e-01	0.00e+00	0.00e+00	0.00e+00
 1.57343e+22	2.68e-17	1.64e-12	3.90e-09	8.52e-07	3.90e-05	6.70e-04	6.82e-02	3.97e-01	5.34e-01	2.68e-17	6.95e-28	7.39e-28
 1.59032e+22	3.49e-17	2.07e-12	4.76e-09	1.01e-06	4.45e-05	7.36e-04	7.21e-02	4.04e-01	5.23e-01	3.49e-17	6.73e-26	8.47e-26
 1.60775e+22	4.37e-17	2.52e-12	5.63e-09	1.16e-06	4.99e-05	7.98e-04	7.56e-02	4.10e-01	5.14e-01	4.37e-17	8.42e-26	1.06e-25
 1.62587e+22	5.77e-17	3.21e-12	6.93e-09	1.38e-06	5.73e-05	8.80e-04	8.00e-02	4.17e-01	5.02e-01	5.77e-17	1.11e-25	1.40e-25
 1.64458e+22	7.30e-17	3.94e-12	8.27e-09	1.60e-06	6.45e-05	9.56e-04	8.40e-02	4.22e-01	4.93e-01	7.30e-17	1.41e-25	1.77e-25
 1.66149e+22	9.15e-17	4.80e-12	9.80e-09	1.85e-06	7.22e-05	1.04e-03	8.80e-02	4.28e-01	4.83e-01	9.15e-17	1.76e-25	2.22e-25
 1.68092e+22	1.22e-16	6.16e-12	1.21e-08	2.21e-06	8.34e-05	1.15e-03	9.32e-02	4.35e-01	4.71e-01	1.22e-16	2.35e-25	2.96e-25
 1.70071e+22	1.55e-16	7.58e-12	1.45e-08	2.57e-06	9.39e-05	1.25e-03	9.78e-02	4.41e-01	4.60e-01	1.55e-16	2.98e-25	3.75e-25
 1.72100e+22	2.07e-16	9.79e-12	1.81e-08	3.09e-06	1.09e-04	1.38e-03	1.04e-01	4.47e-01	4.47e-01	2.07e-16	4.00e-25	5.04e-25
 1.74156e+22	2.64e-16	1.21e-11	2.17e-08	3.59e-06	1.23e-04	1.51e-03	1.09e-01	4.53e-01	4.37e-01	2.64e-16	5.10e-25	6.41e-25
 1.76248e+22	3.58e-16	1.57e-11	2.72e-08	4.35e-06	1.43e-04	1.68e-03	1.16e-01	4.59e-01	4.23e-01	3.58e-16	6.91e-25	8.69e-25
 1.78361e+22	4.56e-16	1.94e-11	3.26e-08	5.06e-06	1.62e-04	1.82e-03	1.21e-01	4.64e-01	4.13e-01	4.56e-16	8.80e-25	1.11e-24
 1.80502e+22	6.23e-16	2.55e-11	4.12e-08	6.17e-06	1.89e-04	2.04e-03	1.29e-01	4.70e-01	3.98e-01	6.23e-16	1.20e-24	1.52e-24
 1.82654e+22	7.91e-16	3.14e-11	4.93e-08	7.17e-06	2.13e-04	2.22e-03	1.35e-01	4.75e-01	3.88e-01	7.91e-16	1.53e-24	1.92e-24
 1.84442e+22	9.82e-16	3.80e-11	5.80e-08	8.22e-06	2.38e-04	2.39e-03	1.41e-01	4.78e-01	3.78e-01	9.82e-16	1.90e-24	2.39e-24
 1.86388e+22	1.30e-15	4.86e-11	7.18e-08	9.84e-06	2.75e-04	2.65e-03	1.49e-01	4.83e-01	3.65e-01	1.30e-15	2.52e-24	3.17e-24
 1.88327e+22	1.61e-15	5.84e-11	8.41e-08	1.12e-05	3.06e-04	2.85e-03	1.55e-01	4.86e-01	3.55e-01	1.61e-15	3.11e-24	3.92e-24
 1.90256e+22	2.13e-15	7.45e-11	1.04e-07	1.34e-05	3.54e-04	3.16e-03	1.64e-01	4.90e-01	3.42e-01	2.13e-15	4.12e-24	5.18e-24
 1.92209e+22	2.64e-15	8.98e-11	1.22e-07	1.54e-05	3.95e-04	3.41e-03	1.71e-01	4.93e-01	3.32e-01	2.64e-15	5.11e-24	6.42e-24
 1.94194e+22	3.51e-15	1.15e-10	1.51e-07	1.85e-05	4.58e-04	3.78e-03	1.80e-01	4.96e-01	3.19e-01	3.51e-15	6.79e-24	8.54e-24
 1.96202e+22	4.36e-15	1.39e-10	1.78e-07	2.13e-05	5.13e-04	4.09e-03	1.88e-01	4.99e-01	3.09e-01	4.36e-15	8.45e-24	1.06e-23
 1.98240e+22	5.80e-15	1.79e-10	2.22e-07	2.56e-05	5.97e-04	4.55e-03	1.98e-01	5.01e-01	2.95e-01	5.80e-15	1.13e-23	1.42e-23
 2.00318e+22	7.28e-15	2.18e-10	2.63e-07	2.97e-05	6.74e-04	4.95e-03	2.07e-01	5.02e-01	2.85e-01	7.28e-15	1.41e-23	1.78e-23
 2.02447e+22	9.76e-15	2.81e-10	3.29e-07	3.60e-05	7.89e-04	5.53e-03	2.19e-01	5.04e-01	2.71e-01	9.76e-15	1.90e-23	2.38e-23
 2.04615e+22	1.23e-14	3.44e-10	3.93e-07	4.19e-05	8.95e-04	6.03e-03	2.29e-01	5.04e-01	2.60e-01	1.23e-14	2.39e-23	3.00e-23
 2.06834e+22	1.65e-14	4.46e-10	4.94e-07	5.11e-05	1.05e-03	6.77e-03	2.42e-01	5.04e-01	2.46e-01	1.65e-14	3.21e-23	4.04e-23
 2.09078e+22	2.08e-14	5.45e-10	5.89e-07	5.96e-05	1.20e-03	7.40e-03	2.53e-01	5.04e-01	2.35e-01	2.08e-14	4.04e-23	5.08e-23
 2.10976e+22	2.55e-14	6.53e-10	6.91e-07	6.86e-05	1.35e-03	8.04e-03	2.64e-01	5.02e-01	2.25e-01	2.55e-14	4.97e-23	6.24e-23
 2.13048e+22	3.30e-14	8.19e-10	8.47e-07	8.20e-05	1.57e-03	8.93e-03	2.77e-01	5.00e-01	2.12e-01	3.30e-14	6.44e-23	8.09e-23
 2.15126e+22	4.03e-14	9.75e-10	9.89e-07	9.41e-05	1.76e-03	9.70e-03	2.88e-01	4.98e-01	2.02e-01	4.03e-14	7.85e-23	9.86e-23
 2.17156e+22	5.09e-14	1.20e-09	1.19e-06	1.11e-04	2.03e-03	1.07e-02	3.02e-01	4.95e-01	1.91e-01	5.09e-14	9.93e-23	1.25e-22
 2.19227e+22	6.18e-14	1.42e-09	1.39e-06	1.28e-04	2.28e-03	1.17e-02	3.13e-01	4.91e-01	1.81e-01	6.18e-14	1.21e-22	1.52e-22
 2.21260e+22	7.64e-14	1.72e-09	1.66e-06	1.49e-04	2.61e-03	1.28e-02	3.27e-01	4.87e-01	1.70e-01	7.64e-14	1.49e-22	1.87e-22
 2.23334e+22	9.23e-14	2.03e-09	1.93e-06	1.72e-04	2.95e-03	1.40e-02	3.40e-01	4.82e-01	1.61e-01	9.23e-14	1.80e-22	2.26e-22
 2.25374e+22	1.12e-13	2.41e-09	2.26e-06	1.99e-04	3.34e-03	1.53e-02	3.53e-01	4.76e-01	1.51e-01	1.12e-13	2.18e-22	2.74e-22
 2.27432e+22	1.33e-13	2.82e-09	2.63e-06	2.28e-04	3.77e-03	1.67e-02	3.66e-01	4.70e-01	1.42e-01	1.33e-13	2.60e-22	3.27e-22
 2.29465e+22	1.57e-13	3.29e-09	3.03e-06	2.61e-04	4.24e-03	1.82e-02	3.80e-01	4.64e-01	1.34e-01	1.57e-13	3.09e-22	3.87e-22
 2.31493e+22	1.85e-13	3.80e-09	3.49e-06	2.98e-04	4.76e-03	1.98e-02	3.93e-01	4.57e-01	1.26e-01	1.85e-13	3.62e-22	4.54e-22
 2.33523e+22	2.15e-13	4.37e-09	3.99e-06	3.39e-04	5.33e-03	2.15e-02	4.06e-01	4.49e-01	1.18e-01	2.15e-13	4.23e-22	5.30e-22
 2.35560e+22	2.49e-13	5.00e-09	4.55e-06	3.84e-04	5.95e-03	2.33e-02	4.19e-01	4.42e-01	1.10e-01	2.49e-13	4.89e-22	6.13e-22
 2.37605e+22	2.86e-13	5.68e-09	5.17e-06	4.34e-04	6.63e-03	2.53e-02	4.32e-01	4.33e-01	1.03e-01	2.86e-13	5.62e-22	7.05e-22
 2.39667e+22	3.26e-13	6.43e-09	5.86e-06	4.90e-04	7.38e-03	2.74e-02	4.44e-01	4.24e-01	9.60e-02	3.26e-13	6.43e-22	8.05e-22
 2.41749e+22	3.71e-13	7.25e-09	6.61e-06	5.52e-04	8.20e-03	2.96e-02	4.57e-01	4.15e-01	8.95e-02	3.71e-13	7.30e-22	9.15e-22
 2.43843e+22	4.18e-13	8.13e-09	7.44e-06	6.20e-04	9.09e-03	3.20e-02	4.69e-01	4.06e-01	8.33e-02	4.18e-13	8.24e-22	1.03e-21
 2.45969e+22	4.70e-13	9.11e-09	8.37e-06	6.97e-04	1.01e-02	3.45e-02	4.82e-01	3.96e-01	7.73e-02	4.70e-13	9.28e-22	1.16e-21
 2.48116e+22	5.24e-13	1.01e-08	9.36e-06	7.80e-04	1.11e-02	3.72e-02	4.93e-01	3.86e-01	7.17e-02	5.24e-13	1.04e-21	1.30e-21
 2.50307e+22	5.85e-13	1.13e-08	1.05e-05	8.76e-04	1.23e-02	4.02e-02	5.05e-01	3.75e-01	6.63e-02	5.85e-13	1.16e-21	1.45e-21
 2.52534e+22	6.48e-13	1.25e-08	1.17e-05	9.78e-04	1.35e-02	4.32e-02	5.16e-01	3.65e-01	6.13e-02	6.48e-13	1.28e-21	1.61e-21
 2.54573e+22	7.04e-13	1.36e-08	1.28e-05	1.07e-03	1.46e-02	4.59e-02	5.25e-01	3.56e-01	5.73e-02	7.04e-13	1.40e-21	1.75e-21
 2.56704e+22	7.77e-13	1.51e-08	1.44e-05	1.20e-03	1.62e-02	4.95e-02	5.37e-01	3.44e-01	5.25e-02	7.77e-13	1.54e-21	1.93e-21
 2.58868e+22	8.43e-13	1.64e-08	1.57e-05	1.32e-03	1.75e-02	5.26e-02	5.45e-01	3.35e-01	4.90e-02	8.43e-13	1.68e-21	2.10e-21
 2.61093e+22	9.30e-13	1.81e-08	1.76e-05	1.48e-03	1.93e-02	5.67e-02	5.55e-01	3.23e-01	4.47e-02	9.30e-13	1.85e-21	2.32e-21
 2.63327e+22	1.00e-12	1.96e-08	1.92e-05	1.62e-03	2.07e-02	6.00e-02	5.63e-01	3.13e-01	4.16e-02	1.00e-12	2.00e-21	2.50e-21
 2.65570e+22	1.10e-12	2.16e-08	2.15e-05	1.82e-03	2.28e-02	6.45e-02	5.72e-01	3.01e-01	3.78e-02	1.10e-12	2.19e-21	2.74e-21
 2.67820e+22	1.18e-12	2.34e-08	2.34e-05	1.99e-03	2.44e-02	6.80e-02	5.78e-01	2.92e-01	3.52e-02	1.18e-12	2.36e-21	2.95e-21
 2.70079e+22	1.29e-12	2.58e-08	2.62e-05	2.22e-03	2.67e-02	7.29e-02	5.86e-01	2.80e-01	3.20e-02	1.29e-12	2.58e-21	3.23e-21
 2.72362e+22	1.39e-12	2.79e-08	2.85e-05	2.42e-03	2.86e-02	7.68e-02	5.92e-01	2.71e-01	2.97e-02	1.39e-12	2.78e-21	3.48e-21
 2.74676e+22	1.51e-12	3.07e-08	3.19e-05	2.71e-03	3.12e-02	8.21e-02	5.98e-01	2.59e-01	2.68e-02	1.51e-12	3.04e-21	3.79e-21
 2.77019e+22	1.63e-12	3.33e-08	3.48e-05	2.96e-03	3.33e-02	8.64e-02	6.02e-01	2.50e-01	2.48e-02	1.63e-12	3.28e-21	4.09e-21
 2.79400e+22	1.78e-12	3.68e-08	3.90e-05	3.31e-03	3.63e-02	9.22e-02	6.08e-01	2.38e-01	2.24e-02	1.78e-12	3.58e-21	4.47e-21
 2.81825e+22	1.92e-12	4.01e-08	4.27e-05	3.62e-03	3.87e-02	9.69e-02	6.11e-01	2.29e-01	2.06e-02	1.92e-12	3.88e-21	4.84e-21
 2.84305e+22	2.10e-12	4.45e-08	4.80e-05	4.06e-03	4.21e-02	1.03e-01	6.14e-01	2.18e-01	1.85e-02	2.10e-12	4.26e-21	5.31e-21
 2.86841e+22	2.28e-12	4.88e-08	5.29e-05	4.45e-03	4.50e-02	1.09e-01	6.16e-01	2.09e-01	1.69e-02	2.28e-12	4.64e-21	5.78e-21
 2.89449e+22	2.52e-12	5.46e-08	5.99e-05	5.01e-03	4.89e-02	1.16e-01	6.18e-01	1.97e-01	1.51e-02	2.52e-12	5.12e-21	6.39e-21
 2.92110e+22	2.77e-12	6.04e-08	6.64e-05	5.51e-03	5.22e-02	1.21e-01	6.19e-01	1.88e-01	1.38e-02	2.77e-12	5.64e-21	7.03e-21
 2.94359e+22	2.98e-12	6.57e-08	7.27e-05	5.99e-03	5.53e-02	1.27e-01	6.19e-01	1.80e-01	1.26e-02	2.98e-12	6.09e-21	7.59e-21
 2.96802e+22	3.29e-12	7.35e-08	8.18e-05	6.68e-03	5.95e-02	1.34e-01	6.18e-01	1.71e-01	1.13e-02	3.29e-12	6.75e-21	8.40e-21
 2.99172e+22	3.56e-12	8.01e-08	8.92e-05	7.21e-03	6.26e-02	1.39e-01	6.17e-01	1.64e-01	1.05e-02	3.56e-12	7.31e-21	9.10e-21
 3.01446e+22	3.89e-12	8.88e-08	9.94e-05	7.96e-03	6.68e-02	1.46e-01	6.15e-01	1.55e-01	9.42e-03	3.89e-12	8.01e-21	9.97e-21
 3.03743e+22	4.26e-12	9.76e-08	1.09e-04	8.61e-03	7.03e-02	1.51e-01	6.13e-01	1.49e-01	8.70e-03	4.26e-12	8.78e-21	1.09e-20
 3.06069e+22	4.70e-12	1.09e-07	1.22e-04	9.51e-03	7.50e-02	1.58e-01	6.09e-01	1.41e-01	7.81e-03	4.70e-12	9.73e-21	1.21e-20
 3.08428e+22	5.16e-12	1.20e-07	1.34e-04	1.03e-02	7.88e-02	1.63e-01	6.06e-01	1.34e-01	7.18e-03	5.16e-12	1.07e-20	1.33e-20
 3.10831e+22	5.75e-12	1.36e-07	1.51e-04	1.14e-02	8.40e-02	1.71e-01	6.01e-01	1.26e-01	6.41e-03	5.75e-12	1.20e-20	1.49e-20
 3.13269e+22	6.38e-12	1.51e-07	1.67e-04	1.24e-02	8.83e-02	1.76e-01	5.97e-01	1.21e-01	5.87e-03	6.38e-12	1.33e-20	1.66e-20
 3.15752e+22	7.17e-12	1.72e-07	1.89e-04	1.37e-02	9.40e-02	1.84e-01	5.90e-01	1.13e-01	5.22e-03	7.17e-12	1.50e-20	1.86e-20
 3.18277e+22	8.03e-12	1.93e-07	2.09e-04	1.49e-02	9.89e-02	1.90e-01	5.84e-01	1.07e-01	4.76e-03	8.03e-12	1.69e-20	2.10e-20
 3.20855e+22	9.12e-12	2.21e-07	2.39e-04	1.65e-02	1.05e-01	1.98e-01	5.76e-01	1.00e-01	4.20e-03	9.12e-12	1.92e-20	2.39e-20
 3.23488e+22	1.03e-11	2.50e-07	2.66e-04	1.80e-02	1.11e-01	2.04e-01	5.69e-01	9.47e-02	3.81e-03	1.03e-11	2.18e-20	2.71e-20
 3.26193e+22	1.19e-11	2.91e-07	3.06e-04	2.00e-02	1.18e-01	2.12e-01	5.59e-01	8.78e-02	3.33e-03	1.19e-11	2.53e-20	3.14e-20
 3.28969e+22	1.36e-11	3.32e-07	3.43e-04	2.19e-02	1.24e-01	2.18e-01	5.50e-01	8.26e-02	3.00e-03	1.36e-11	2.90e-20	3.59e-20
 3.31837e+22	1.60e-11	3.93e-07	3.98e-04	2.45e-02	1.32e-01	2.26e-01	5.38e-01	7.61e-02	2.60e-03	1.60e-11	3.44e-20	4.26e-20
 3.34739e+22	1.85e-11	4.52e-07	4.49e-04	2.68e-02	1.39e-01	2.32e-01	5.28e-01	7.13e-02	2.33e-03	1.85e-11	3.98e-20	4.93e-20
 3.37684e+22	2.20e-11	5.39e-07	5.23e-04	3.00e-02	1.48e-01	2.40e-01	5.14e-01	6.53e-02	2.01e-03	2.20e-11	4.78e-20	5.91e-20
 3.40664e+22	2.57e-11	6.24e-07	5.91e-04	3.27e-02	1.55e-01	2.46e-01	5.03e-01	6.09e-02	1.79e-03	2.57e-11	5.60e-20	6.93e-20
 3.43688e+22	3.11e-11	7.52e-07	6.91e-04	3.66e-02	1.65e-01	2.54e-01	4.87e-01	5.54e-02	1.53e-03	3.11e-11	6.80e-20	8.41e-20
 3.46759e+22	3.66e-11	8.77e-07	7.84e-04	4.00e-02	1.73e-01	2.59e-01	4.75e-01	5.15e-02	1.35e-03	3.66e-11	8.07e-20	9.97e-20
 3.49465e+22	4.29e-11	1.02e-06	8.87e-04	4.37e-02	1.81e-01	2.64e-01	4.62e-01	4.77e-02	1.20e-03	4.29e-11	9.49e-20	1.17e-19
 3.52560e+22	5.29e-11	1.24e-06	1.04e-03	4.87e-02	1.91e-01	2.70e-01	4.45e-01	4.32e-02	1.02e-03	5.29e-11	1.18e-19	1.46e-19
 3.55711e+22	6.27e-11	1.45e-06	1.18e-03	5.32e-02	2.00e-01	2.75e-01	4.31e-01	3.97e-02	8.89e-04	6.27e-11	1.41e-19	1.73e-19
 3.58265e+22	7.30e-11	1.67e-06	1.32e-03	5.73e-02	2.07e-01	2.78e-01	4.18e-01	3.69e-02	7.93e-04	7.30e-11	1.65e-19	2.03e-19
 3.60917e+22	8.77e-11	1.97e-06	1.50e-03	6.26e-02	2.16e-01	2.81e-01	4.04e-01	3.39e-02	6.92e-04	8.77e-11	1.99e-19	2.45e-19
 3.63703e+22	1.03e-10	2.28e-06	1.69e-03	6.75e-02	2.24e-01	2.84e-01	3.90e-01	3.13e-02	6.11e-04	1.03e-10	2.36e-19	2.91e-19
 3.66259e+22	1.22e-10	2.63e-06	1.89e-03	7.27e-02	2.32e-01	2.87e-01	3.77e-01	2.89e-02	5.40e-04	1.22e-10	2.80e-19	3.44e-19
 3.69177e+22	1.50e-10	3.16e-06	2.17e-03	7.98e-02	2.42e-01	2.89e-01	3.60e-01	2.61e-02	4.61e-04	1.50e-10	3.48e-19	4.28e-19
 3.72170e+22	1.79e-10	3.71e-06	2.46e-03	8.63e-02	2.51e-01	2.91e-01	3.45e-01	2.38e-02	4.00e-04	1.79e-10	4.19e-19	5.15e-19
 3.74796e+22	2.13e-10	4.29e-06	2.75e-03	9.27e-02	2.59e-01	2.91e-01	3.32e-01	2.19e-02	3.51e-04	2.13e-10	5.01e-19	6.16e-19
 3.77748e+22	2.65e-10	5.16e-06	3.16e-03	1.01e-01	2.69e-01	2.92e-01	3.15e-01	1.96e-02	2.98e-04	2.65e-10	6.29e-19	7.72e-19
 3.80838e+22	3.22e-10	6.10e-06	3.58e-03	1.09e-01	2.77e-01	2.92e-01	3.00e-01	1.77e-02	2.56e-04	3.22e-10	7.70e-19	9.44e-19
 3.83632e+22	3.87e-10	7.11e-06	4.02e-03	1.17e-01	2.85e-01	2.91e-01	2.86e-01	1.61e-02	2.22e-04	3.87e-10	9.34e-19	1.15e-18
 3.86790e+22	4.91e-10	8.65e-06	4.64e-03	1.28e-01	2.95e-01	2.89e-01	2.68e-01	1.42e-02	1.85e-04	4.91e-10	1.20e-18	1.47e-18
 3.90045e+22	6.03e-10	1.03e-05	5.26e-03	1.38e-01	3.03e-01	2.87e-01	2.53e-01	1.27e-02	1.56e-04	6.03e-10	1.49e-18	1.82e-18
 3.92941e+22	7.34e-10	1.20e-05	5.90e-03	1.48e-01	3.11e-01	2.84e-01	2.40e-01	1.14e-02	1.34e-04	7.34e-10	1.83e-18	2.23e-18
 3.96221e+22	9.41e-10	1.47e-05	6.81e-03	1.61e-01	3.19e-01	2.80e-01	2.23e-01	9.99e-03	1.10e-04	9.41e-10	2.37e-18	2.90e-18
 3.99629e+22	1.17e-09	1.75e-05	7.73e-03	1.73e-01	3.27e-01	2.76e-01	2.08e-01	8.82e-03	9.16e-05	1.17e-09	3.00e-18	3.66e-18
 4.02697e+22	1.45e-09	2.06e-05	8.70e-03	1.85e-01	3.33e-01	2.71e-01	1.95e-01	7.83e-03	7.72e-05	1.45e-09	3.73e-18	4.56e-18
 4.06179e+22	1.89e-09	2.54e-05	1.01e-02	2.01e-01	3.40e-01	2.64e-01	1.78e-01	6.69e-03	6.17e-05	1.89e-09	4.97e-18	6.06e-18
 4.09755e+22	2.38e-09	3.03e-05	1.14e-02	2.15e-01	3.45e-01	2.58e-01	1.65e-01	5.85e-03	5.09e-05	2.38e-09	6.32e-18	7.70e-18
 4.12969e+22	2.97e-09	3.59e-05	1.28e-02	2.29e-01	3.50e-01	2.51e-01	1.53e-01	5.11e-03	4.21e-05	2.97e-09	8.01e-18	9.74e-18
 4.16661e+22	3.96e-09	4.47e-05	1.49e-02	2.47e-01	3.54e-01	2.41e-01	1.38e-01	4.28e-03	3.28e-05	3.96e-09	1.09e-17	1.32e-17
 4.20382e+22	4.98e-09	5.32e-05	1.68e-02	2.63e-01	3.57e-01	2.34e-01	1.26e-01	3.70e-03	2.67e-05	4.98e-09	1.39e-17	1.69e-17
 4.24140e+22	6.62e-09	6.56e-05	1.93e-02	2.82e-01	3.59e-01	2.23e-01	1.13e-01	3.08e-03	2.07e-05	6.62e-09	1.89e-17	2.30e-17
 4.27985e+22	8.46e-09	7.87e-05	2.18e-02	2.99e-01	3.60e-01	2.14e-01	1.02e-01	2.62e-03	1.65e-05	8.46e-09	2.47e-17	2.99e-17
 4.31373e+22	1.06e-08	9.30e-05	2.44e-02	3.15e-01	3.60e-01	2.05e-01	9.31e-02	2.24e-03	1.34e-05	1.06e-08	3.17e-17	3.84e-17
 4.35206e+22	1.43e-08	1.15e-04	2.80e-02	3.36e-01	3.59e-01	1.93e-01	8.21e-02	1.83e-03	1.01e-05	1.43e-08	4.38e-17	5.30e-17
 4.39129e+22	1.82e-08	1.37e-04	3.14e-02	3.54e-01	3.56e-01	1.83e-01	7.36e-02	1.54e-03	7.97e-06	1.82e-08	5.72e-17	6.93e-17
 4.43167e+22	2.47e-08	1.70e-04	3.60e-02	3.75e-01	3.53e-01	1.71e-01	6.41e-02	1.24e-03	5.92e-06	2.47e-08	8.01e-17	9.68e-17
 4.47271e+22	3.17e-08	2.03e-04	4.03e-02	3.93e-01	3.48e-01	1.60e-01	5.69e-02	1.03e-03	4.60e-06	3.17e-08	1.06e-16	1.28e-16
 4.51459e+22	4.35e-08	2.54e-04	4.63e-02	4.15e-01	3.41e-01	1.48e-01	4.87e-02	8.06e-04	3.32e-06	4.35e-08	1.51e-16	1.82e-16
 4.55672e+22	5.56e-08	3.01e-04	5.15e-02	4.32e-01	3.35e-01	1.38e-01	4.30e-02	6.65e-04	2.57e-06	5.56e-08	1.99e-16	2.41e-16
 4.59305e+22	7.05e-08	3.55e-04	5.69e-02	4.48e-01	3.28e-01	1.29e-01	3.80e-02	5.50e-04	1.99e-06	7.05e-08	2.61e-16	3.15e-16
 4.62780e+22	8.76e-08	4.12e-04	6.23e-02	4.62e-01	3.21e-01	1.20e-01	3.38e-02	4.61e-04	1.57e-06	8.76e-08	3.34e-16	4.03e-16
 4.66086e+22	1.08e-07	4.77e-04	6.80e-02	4.75e-01	3.13e-01	1.12e-01	3.01e-02	3.86e-04	1.24e-06	1.08e-07	4.25e-16	5.13e-16
 4.69810e+22	1.42e-07	5.72e-04	7.57e-02	4.91e-01	3.04e-01	1.03e-01	2.59e-02	3.08e-04	9.19e-07	1.42e-07	5.76e-16	6.95e-16
 4.73526e+22	1.75e-07	6.60e-04	8.22e-02	5.03e-01	2.95e-01	9.56e-02	2.30e-02	2.56e-04	7.21e-07	1.75e-07	7.31e-16	8.81e-16
 4.77230e+22	2.27e-07	7.88e-04	9.11e-02	5.17e-01	2.84e-01	8.70e-02	1.97e-02	2.03e-04	5.31e-07	2.27e-07	9.84e-16	1.19e-15
 4.81006e+22	2.81e-07	9.10e-04	9.89e-02	5.28e-01	2.75e-01	8.02e-02	1.73e-02	1.67e-04	4.11e-07	2.81e-07	1.25e-15	1.51e-15
 4.84874e+22	3.68e-07	1.09e-03	1.09e-01	5.40e-01	2.63e-01	7.22e-02	1.46e-02	1.31e-04	2.96e-07	3.68e-07	1.70e-15	2.05e-15
 4.88780e+22	4.56e-07	1.26e-03	1.18e-01	5.49e-01	2.53e-01	6.62e-02	1.27e-02	1.07e-04	2.27e-07	4.56e-07	2.17e-15	2.61e-15
 4.92217e+22	5.62e-07	1.45e-03	1.28e-01	5.56e-01	2.43e-01	6.06e-02	1.11e-02	8.70e-05	1.74e-07	5.62e-07	2.75e-15	3.31e-15
 4.96167e+22	7.34e-07	1.72e-03	1.41e-01	5.64e-01	2.30e-01	5.40e-02	9.27e-03	6.70e-05	1.23e-07	7.34e-07	3.72e-15	4.47e-15
 4.99990e+22	8.91e-07	1.96e-03	1.51e-01	5.69e-01	2.21e-01	4.94e-02	8.12e-03	5.51e-05	0.00e+00	8.91e-07	4.63e-15	5.56e-15
 5.03035e+22	1.06e-06	2.20e-03	1.60e-01	5.73e-01	2.12e-01	4.56e-02	7.18e-03	4.60e-05	0.00e+00	1.06e-06	5.65e-15	6.78e-15
 5.06378e+22	1.32e-06	2.53e-03	1.72e-01	5.76e-01	2.01e-01	4.11e-02	6.16e-03	3.68e-05	0.00e+00	1.32e-06	7.23e-15	8.66e-15
 5.09779e+22	1.58e-06	2.85e-03	1.83e-01	5.78e-01	1.93e-01	3.77e-02	5.40e-03	3.04e-05	0.00e+00	1.58e-06	8.87e-15	1.06e-14
 5.12781e+22	1.87e-06	3.18e-03	1.94e-01	5.79e-01	1.84e-01	3.46e-02	4.76e-03	2.53e-05	0.00e+00	1.87e-06	1.08e-14	1.29e-14
 5.16206e+22	2.33e-06	3.67e-03	2.08e-01	5.80e-01	1.74e-01	3.09e-02	4.04e-03	2.00e-05	0.00e+00	2.33e-06	1.38e-14	1.65e-14
 5.19673e+22	2.78e-06	4.12e-03	2.20e-01	5.79e-01	1.65e-01	2.81e-02	3.52e-03	1.64e-05	0.00e+00	2.78e-06	1.70e-14	2.02e-14
 5.22712e+22	3.30e-06	4.60e-03	2.32e-01	5.77e-01	1.57e-01	2.56e-02	3.08e-03	1.35e-05	0.00e+00	3.30e-06	2.06e-14	2.46e-14
 5.26183e+22	4.10e-06	5.29e-03	2.49e-01	5.74e-01	1.47e-01	2.27e-02	2.59e-03	1.05e-05	0.00e+00	4.10e-06	2.65e-14	3.16e-14
 5.29682e+22	4.85e-06	5.90e-03	2.62e-01	5.70e-01	1.40e-01	2.06e-02	2.25e-03	8.61e-06	0.00e+00	4.85e-06	3.22e-14	3.83e-14
 5.32645e+22	5.67e-06	6.52e-03	2.74e-01	5.66e-01	1.33e-01	1.88e-02	1.98e-03	7.13e-06	0.00e+00	5.67e-06	3.87e-14	4.60e-14
 5.35924e+22	6.89e-06	7.39e-03	2.90e-01	5.60e-01	1.24e-01	1.67e-02	1.68e-03	5.64e-06	0.00e+00	6.89e-06	4.85e-14	5.76e-14
 5.39422e+22	8.20e-06	8.26e-03	3.05e-01	5.53e-01	1.17e-01	1.50e-02	1.44e-03	4.54e-06	0.00e+00	8.20e-06	5.95e-14	7.06e-14
 5.42693e+22	9.80e-06	9.26e-03	3.21e-01	5.45e-01	1.09e-01	1.34e-02	1.23e-03	3.62e-06	0.00e+00	9.80e-06	7.32e-14	8.69e-14
 5.45923e+22	1.16e-05	1.03e-02	3.37e-01	5.37e-01	1.03e-01	1.20e-02	1.06e-03	2.92e-06	0.00e+00	1.16e-05	8.91e-14	1.06e-13
 5.49616e+22	1.44e-05	1.18e-02	3.57e-01	5.25e-01	9.43e-02	1.04e-02	8.69e-04	2.20e-06	0.00e+00	1.44e-05	1.15e-13	1.37e-13
 5.53356e+22	1.70e-05	1.31e-02	3.74e-01	5.15e-01	8.80e-02	9.24e-03	7.41e-04	1.75e-06	0.00e+00	1.70e-05	1.40e-13	1.67e-13
 5.57158e+22	2.11e-05	1.50e-02	3.95e-01	5.01e-01	8.04e-02	7.94e-03	6.04e-04	1.31e-06	0.00e+00	2.11e-05	1.81e-13	2.15e-13
 5.61048e+22	2.52e-05	1.68e-02	4.13e-01	4.89e-01	7.43e-02	6.97e-03	5.06e-04	1.02e-06	0.00e+00	2.52e-05	2.24e-13	2.65e-13
 5.65051e+22	3.13e-05	1.93e-02	4.35e-01	4.72e-01	6.72e-02	5.91e-03	4.06e-04	7.45e-07	0.00e+00	3.13e-05	2.91e-13	3.45e-13
 5.69133e+22	3.75e-05	2.16e-02	4.54e-01	4.57e-01	6.15e-02	5.13e-03	3.36e-04	5.71e-07	0.00e+00	3.75e-05	3.61e-13	4.28e-13
 5.72763e+22	4.46e-05	2.40e-02	4.73e-01	4.42e-01	5.64e-02	4.46e-03	2.79e-04	4.39e-07	0.00e+00	4.46e-05	4.46e-13	5.28e-13
 5.76928e+22	5.55e-05	2.75e-02	4.96e-01	4.22e-01	5.04e-02	3.73e-03	2.20e-04	3.14e-07	0.00e+00	5.55e-05	5.82e-13	6.89e-13
 5.81196e+22	6.66e-05	3.08e-02	5.16e-01	4.05e-01	4.56e-02	3.19e-03	1.79e-04	2.35e-07	0.00e+00	6.66e-05	7.28e-13	8.60e-13
 5.84427e+22	7.56e-05	3.33e-02	5.29e-01	3.92e-01	4.24e-02	2.85e-03	1.55e-04	1.91e-07	0.00e+00	7.56e-05	8.50e-13	1.00e-12
 5.87458e+22	8.83e-05	3.67e-02	5.45e-01	3.77e-01	3.89e-02	2.49e-03	1.30e-04	1.49e-07	0.00e+00	8.83e-05	1.03e-12	1.22e-12
 5.90583e+22	1.00e-04	3.97e-02	5.58e-01	3.64e-01	3.60e-02	2.21e-03	1.11e-04	0.00e+00	0.00e+00	1.00e-04	1.21e-12	1.43e-12
 5.93831e+22	1.18e-04	4.39e-02	5.74e-01	3.47e-01	3.26e-02	1.90e-03	9.14e-05	0.00e+00	0.00e+00	1.18e-04	1.48e-12	1.74e-12
 5.97103e+22	1.35e-04	4.75e-02	5.87e-01	3.33e-01	3.00e-02	1.67e-03	7.78e-05	0.00e+00	0.00e+00	1.35e-04	1.74e-12	2.05e-12
 6.00409e+22	1.59e-04	5.25e-02	6.03e-01	3.16e-01	2.70e-02	1.43e-03	6.34e-05	0.00e+00	0.00e+00	1.59e-04	2.14e-12	2.51e-12
 6.03744e+22	1.81e-04	5.68e-02	6.15e-01	3.02e-01	2.47e-02	1.25e-03	5.35e-05	0.00e+00	0.00e+00	1.81e-04	2.53e-12	2.96e-12
 6.07117e+22	2.12e-04	6.26e-02	6.29e-01	2.85e-01	2.22e-02	1.06e-03	4.34e-05	0.00e+00	0.00e+00	2.12e-04	3.10e-12	3.62e-12
 6.10570e+22	2.43e-04	6.79e-02	6.40e-01	2.71e-01	2.01e-02	9.17e-04	3.61e-05	0.00e+00	0.00e+00	2.43e-04	3.68e-12	4.30e-12
 6.13639e+22	2.76e-04	7.33e-02	6.50e-01	2.57e-01	1.83e-02	7.97e-04	3.03e-05	0.00e+00	0.00e+00	2.76e-04	4.34e-12	5.06e-12
 6.17143e+22	3.24e-04	8.07e-02	6.62e-01	2.40e-01	1.62e-02	6.67e-04	2.42e-05	0.00e+00	0.00e+00	3.24e-04	5.35e-12	6.21e-12
 6.20753e+22	3.71e-04	8.74e-02	6.71e-01	2.26e-01	1.46e-02	5.70e-04	1.99e-05	0.00e+00	0.00e+00	3.71e-04	6.37e-12	7.39e-12
 6.24502e+22	4.40e-04	9.69e-02	6.81e-01	2.08e-01	1.27e-02	4.66e-04	1.55e-05	0.00e+00	0.00e+00	4.40e-04	7.98e-12	9.22e-12
 6.28278e+22	5.03e-04	1.05e-01	6.88e-01	1.95e-01	1.13e-02	3.95e-04	1.26e-05	0.00e+00	0.00e+00	5.03e-04	9.51e-12	1.10e-11
 6.32089e+22	5.94e-04	1.15e-01	6.95e-01	1.79e-01	9.84e-03	3.21e-04	9.76e-06	0.00e+00	0.00e+00	5.94e-04	1.18e-11	1.36e-11
 6.36031e+22	6.83e-04	1.25e-01	7.00e-01	1.65e-01	8.67e-03	2.68e-04	7.80e-06	0.00e+00	0.00e+00	6.83e-04	1.43e-11	1.63e-11
 6.39605e+22	7.83e-04	1.35e-01	7.04e-01	1.52e-01	7.64e-03	2.23e-04	6.23e-06	0.00e+00	0.00e+00	7.83e-04	1.71e-11	1.95e-11
 6.43713e+22	9.33e-04	1.50e-01	7.06e-01	1.37e-01	6.47e-03	1.76e-04	4.66e-06	0.00e+00	0.00e+00	9.33e-04	2.17e-11	2.46e-11
 6.47845e+22	1.06e-03	1.61e-01	7.06e-01	1.26e-01	5.67e-03	1.46e-04	3.71e-06	0.00e+00	0.00e+00	1.06e-03	2.59e-11	2.93e-11
 6.52006e+22	1.26e-03	1.77e-01	7.04e-01	1.12e-01	4.78e-03	1.14e-04	2.76e-06	0.00e+00	0.00e+00	1.26e-03	3.26e-11	3.67e-11
 6.56264e+22	1.44e-03	1.91e-01	7.02e-01	1.02e-01	4.14e-03	9.25e-05	2.15e-06	0.00e+00	0.00e+00	1.44e-03	3.91e-11	4.38e-11
 6.60648e+22	1.71e-03	2.10e-01	6.95e-01	8.91e-02	3.44e-03	7.07e-05	1.56e-06	0.00e+00	0.00e+00	1.71e-03	4.95e-11	5.52e-11
 6.65104e+22	1.95e-03	2.26e-01	6.89e-01	8.00e-02	2.95e-03	5.68e-05	1.21e-06	0.00e+00	0.00e+00	1.95e-03	5.94e-11	6.59e-11
 6.69653e+22	2.33e-03	2.49e-01	6.77e-01	6.90e-02	2.41e-03	4.24e-05	8.57e-07	0.00e+00	0.00e+00	2.33e-03	7.57e-11	8.37e-11
 6.74273e+22	2.65e-03	2.66e-01	6.68e-01	6.12e-02	2.05e-03	3.36e-05	6.53e-07	0.00e+00	0.00e+00	2.65e-03	9.08e-11	1.00e-10
 6.78986e+22	3.17e-03	2.93e-01	6.50e-01	5.19e-02	1.66e-03	2.46e-05	4.56e-07	0.00e+00	0.00e+00	3.17e-03	1.16e-10	1.27e-10
 6.83836e+22	3.62e-03	3.14e-01	6.36e-01	4.52e-02	1.39e-03	1.90e-05	3.40e-07	0.00e+00	0.00e+00	3.62e-03	1.40e-10	1.53e-10
 6.88865e+22	4.37e-03	3.45e-01	6.12e-01	3.73e-02	1.09e-03	1.34e-05	2.28e-07	0.00e+00	0.00e+00	4.37e-03	1.82e-10	1.98e-10
 6.94013e+22	4.99e-03	3.69e-01	5.93e-01	3.19e-02	9.07e-04	1.01e-05	1.68e-07	0.00e+00	0.00e+00	4.99e-03	2.20e-10	2.38e-10
 6.99317e+22	6.04e-03	4.06e-01	5.62e-01	2.56e-02	7.00e-04	6.86e-06	0.00e+00	0.00e+00	0.00e+00	6.04e-03	2.87e-10	3.10e-10
 7.04802e+22	6.97e-03	4.34e-01	5.37e-01	2.12e-02	5.67e-04	4.98e-06	0.00e+00	0.00e+00	0.00e+00	6.97e-03	3.52e-10	3.80e-10
 7.10523e+22	8.50e-03	4.77e-01	4.98e-01	1.63e-02	4.27e-04	3.19e-06	0.00e+00	0.00e+00	0.00e+00	8.50e-03	4.66e-10	5.01e-10
 7.16491e+22	9.95e-03	5.11e-01	4.65e-01	1.29e-02	3.35e-04	2.18e-06	0.00e+00	0.00e+00	0.00e+00	9.95e-03	5.83e-10	6.26e-10
 7.22674e+22	1.22e-02	5.59e-01	4.19e-01	9.38e-03	2.44e-04	1.31e-06	0.00e+00	0.00e+00	0.00e+00	1.22e-02	7.82e-10	8.38e-10
 7.28037e+22	1.36e-02	5.83e-01	3.95e-01	7.81e-03	2.05e-04	9.81e-07	0.00e+00	0.00e+00	0.00e+00	1.36e-02	9.08e-10	9.72e-10
 7.32441e+22	1.57e-02	6.18e-01	3.60e-01	6.05e-03	1.62e-04	6.61e-07	0.00e+00	0.00e+00	0.00e+00	1.57e-02	1.12e-09	1.20e-09
 7.37102e+22	1.80e-02	6.48e-01	3.29e-01	4.75e-03	1.30e-04	4.57e-07	0.00e+00	0.00e+00	0.00e+00	1.80e-02	1.35e-09	1.44e-09
 7.42094e+22	2.14e-02	6.87e-01	2.88e-01	3.42e-03	9.78e-05	2.78e-07	0.00e+00	0.00e+00	0.00e+00	2.14e-02	1.71e-09	1.83e-09
 7.47173e+22	2.46e-02	7.17e-01	2.56e-01	2.56e-03	7.69e-05	1.82e-07	0.00e+00	0.00e+00	0.00e+00	2.46e-02	2.08e-09	2.22e-09
 7.52362e+22	2.96e-02	7.53e-01	2.15e-01	1.72e-03	5.56e-05	0.00e+00	0.00e+00	0.00e+00	0.00e+00	2.96e-02	2.68e-09	2.86e-09
 7.57751e+22	3.50e-02	7.82e-01	1.82e-01	1.18e-03	4.14e-05	0.00e+00	0.00e+00	0.00e+00	0.00e+00	3.50e-02	3.35e-09	3.56e-09
 7.62042e+22	4.01e-02	8.02e-01	1.57e-01	8.66e-04	3.25e-05	0.00e+00	0.00e+00	0.00e+00	0.00e+00	4.01e-02	4.00e-09	4.23e-09
 7.65702e+22	4.60e-02	8.19e-01	1.34e-01	6.29e-04	2.54e-05	0.00e+00	0.00e+00	0.00e+00	0.00e+00	4.60e-02	4.78e-09	5.04e-09
 7.69900e+22	5.49e-02	8.37e-01	1.08e-01	4.12e-04	1.83e-05	0.00e+00	0.00e+00	0.00e+00	0.00e+00	5.49e-02	6.02e-09	6.32e-09
 7.74309e+22	6.57e-02	8.48e-01	8.56e-02	2.67e-04	1.32e-05	0.00e+00	0.00e+00	0.00e+00	0.00e+00	6.57e-02	7.55e-09	7.92e-09
 7.78186e+22	7.83e-02	8.54e-01	6.75e-02	1.75e-04	9.47e-06	0.00e+00	0.00e+00	0.00e+00	0.00e+00	7.83e-02	9.38e-09	9.83e-09
 7.81760e+22	9.37e-02	8.54e-01	5.25e-02	1.14e-04	6.73e-06	0.00e+00	0.00e+00	0.00e+00	0.00e+00	9.37e-02	1.17e-08	1.22e-08
 7.85101e+22	1.12e-01	8.48e-01	4.02e-02	7.46e-05	4.73e-06	0.00e+00	0.00e+00	0.00e+00	0.00e+00	1.12e-01	1.44e-08	1.52e-08
 7.88208e+22	1.35e-01	8.35e-01	3.03e-02	4.89e-05	3.27e-06	0.00e+00	0.00e+00	0.00e+00	0.00e+00	1.35e-01	1.79e-08	1.88e-08
 7.91063e+22	1.62e-01	8.16e-01	2.26e-02	3.25e-05	2.24e-06	0.00e+00	0.00e+00	0.00e+00	0.00e+00	1.62e-01	2.19e-08	2.32e-08
 7.93638e+22	1.93e-01	7.90e-01	1.68e-02	2.21e-05	1.52e-06	0.00e+00	0.00e+00	0.00e+00	0.00e+00	1.93e-01	2.64e-08	2.80e-08
 7.95971e+22	2.28e-01	7.59e-01	1.24e-02	1.54e-05	1.04e-06	0.00e+00	0.00e+00	0.00e+00	0.00e+00	2.28e-01	3.14e-08	3.32e-08
 7.98097e+22	2.67e-01	7.23e-01	9.24e-03	1.10e-05	7.03e-07	0.00e+00	0.00e+00	0.00e+00	0.00e+00	2.67e-01	3.66e-08	3.86e-08
 7.99432e+22	2.94e-01	6.98e-01	7.71e-03	9.10e-06	5.60e-07	0.00e+00	0.00e+00	0.00e+00	0.00e+00	2.94e-01	3.97e-08	4.18e-08
 7.99929e+22	3.04e-01	6.88e-01	7.18e-03	8.45e-06	5.11e-07	0.00e+00	0.00e+00	0.00e+00	0.00e+00	3.04e-01	4.09e-08	4.31e-08
 8.00330e+22	3.14e-01	6.79e-01	6.73e-03	7.90e-06	4.69e-07	0.00e+00	0.00e+00	0.00e+00	0.00e+00	3.14e-01	4.20e-08	4.43e-08
 8.00851e+22	3.26e-01	6.67e-01	6.18e-03	7.25e-06	4.20e-07	0.00e+00	0.00e+00	0.00e+00	0.00e+00	3.26e-01	4.35e-08	4.59e-08
 8.01473e+22	3.42e-01	6.52e-01	5.58e-03	6.55e-06	3.67e-07	0.00e+00	0.00e+00	0.00e+00	0.00e+00	3.42e-01	4.53e-08	4.77e-08
 8.02097e+22	3.58e-01	6.37e-01	5.04e-03	5.92e-06	3.21e-07	0.00e+00	0.00e+00	0.00e+00	0.00e+00	3.58e-01	4.70e-08	4.95e-08
 8.02674e+22	3.73e-01	6.22e-01	4.59e-03	5.41e-06	2.85e-07	0.00e+00	0.00e+00	0.00e+00	0.00e+00	3.73e-01	4.86e-08	5.11e-08
 8.03263e+22	3.89e-01	6.06e-01	4.14e-03	4.91e-06	2.49e-07	0.00e+00	0.00e+00	0.00e+00	0.00e+00	3.89e-01	5.02e-08	5.28e-08
 8.03880e+22	4.07e-01	5.89e-01	3.72e-03	4.44e-06	2.17e-07	0.00e+00	0.00e+00	0.00e+00	0.00e+00	4.07e-01	5.18e-08	5.45e-08
 8.04486e+22	4.24e-01	5.73e-01	3.35e-03	4.03e-06	1.89e-07	0.00e+00	0.00e+00	0.00e+00	0.00e+00	4.24e-01	5.34e-08	5.61e-08
 8.05096e+22	4.42e-01	5.55e-01	3.00e-03	3.66e-06	1.64e-07	0.00e+00	0.00e+00	0.00e+00	0.00e+00	4.42e-01	5.49e-08	5.77e-08
 8.05730e+22	4.61e-01	5.37e-01	2.68e-03	3.30e-06	1.42e-07	0.00e+00	0.00e+00	0.00e+00	0.00e+00	4.61e-01	5.64e-08	5.92e-08
 8.06386e+22	4.80e-01	5.17e-01	2.38e-03	2.98e-06	0.00e+00	0.00e+00	0.00e+00	0.00e+00	0.00e+00	4.80e-01	5.78e-08	6.06e-08
 8.07062e+22	5.01e-01	4.97e-01	2.10e-03	2.67e-06	0.00e+00	0.00e+00	0.00e+00	0.00e+00	0.00e+00	5.01e-01	5.91e-08	6.20e-08
 8.07748e+22	5.22e-01	4.76e-01	1.85e-03	2.40e-06	0.00e+00	0.00e+00	0.00e+00	0.00e+00	0.00e+00	5.22e-01	6.03e-08	6.32e-08
 8.08445e+22	5.43e-01	4.56e-01	1.62e-03	2.16e-06	0.00e+00	0.00e+00	0.00e+00	0.00e+00	0.00e+00	5.43e-01	6.14e-08	6.43e-08
 8.09180e+22	5.65e-01	4.34e-01	1.41e-03	1.92e-06	0.00e+00	0.00e+00	0.00e+00	0.00e+00	0.00e+00	5.65e-01	6.23e-08	6.53e-08
 8.09935e+22	5.87e-01	4.12e-01	1.23e-03	1.72e-06	0.00e+00	0.00e+00	0.00e+00	0.00e+00	0.00e+00	5.87e-01	6.31e-08	6.60e-08
 8.10529e+22	6.03e-01	3.96e-01	1.11e-03	1.58e-06	0.00e+00	0.00e+00	0.00e+00	0.00e+00	0.00e+00	6.03e-01	6.34e-08	6.63e-08
 8.10919e+22	6.13e-01	3.86e-01	1.03e-03	1.50e-06	0.00e+00	0.00e+00	0.00e+00	0.00e+00	0.00e+00	6.13e-01	6.36e-08	6.65e-08
 8.11286e+22	6.23e-01	3.76e-01	9.64e-04	1.42e-06	0.00e+00	0.00e+00	0.00e+00	0.00e+00	0.00e+00	6.23e-01	6.38e-08	6.67e-08
 8.11728e+22	6.35e-01	3.64e-01	8.87e-04	1.33e-06	0.00e+00	0.00e+00	0.00e+00	0.00e+00	0.00e+00	6.35e-01	6.40e-08	6.69e-08
 8.12217e+22	6.48e-01	3.51e-01	8.10e-04	1.24e-06	0.00e+00	0.00e+00	0.00e+00	0.00e+00	0.00e+00	6.48e-01	6.41e-08	6.70e-08
 8.12687e+22	6.59e-01	3.40e-01	7.45e-04	1.17e-06	0.00e+00	0.00e+00	0.00e+00	0.00e+00	0.00e+00	6.59e-01	6.42e-08	6.71e-08
 8.13145e+22	6.70e-01	3.29e-01	6.86e-04	1.10e-06	0.00e+00	0.00e+00	0.00e+00	0.00e+00	0.00e+00	6.70e-01	6.42e-08	6.70e-08
 8.13617e+22	6.82e-01	3.18e-01	6.30e-04	1.03e-06	0.00e+00	0.00e+00	0.00e+00	0.00e+00	0.00e+00	6.82e-01	6.42e-08	6.70e-08
 8.14094e+22	6.92e-01	3.07e-01	5.78e-04	9.68e-07	0.00e+00	0.00e+00	0.00e+00	0.00e+00	0.00e+00	6.92e-01	6.41e-08	6.68e-08
 8.14578e+22	7.04e-01	2.96e-01	5.30e-04	9.08e-07	0.00e+00	0.00e+00	0.00e+00	0.00e+00	0.00e+00	7.04e-01	6.39e-08	6.66e-08
 8.15062e+22	7.13e-01	2.86e-01	4.88e-04	8.55e-07	0.00e+00	0.00e+00	0.00e+00	0.00e+00	0.00e+00	7.13e-01	6.38e-08	6.65e-08
 8.15560e+22	7.24e-01	2.76e-01	4.47e-04	8.03e-07	0.00e+00	0.00e+00	0.00e+00	0.00e+00	0.00e+00	7.24e-01	6.36e-08	6.62e-08
 8.16080e+22	7.34e-01	2.66e-01	4.08e-04	7.54e-07	0.00e+00	0.00e+00	0.00e+00	0.00e+00	0.00e+00	7.34e-01	6.33e-08	6.59e-08
 8.16599e+22	7.44e-01	2.56e-01	3.74e-04	7.09e-07	0.00e+00	0.00e+00	0.00e+00	0.00e+00	0.00e+00	7.44e-01	6.30e-08	6.56e-08
 8.17123e+22	7.53e-01	2.47e-01	3.42e-04	6.67e-07	0.00e+00	0.00e+00	0.00e+00	0.00e+00	0.00e+00	7.53e-01	6.27e-08	6.52e-08
 8.17667e+22	7.62e-01	2.38e-01	3.13e-04	6.27e-07	0.00e+00	0.00e+00	0.00e+00	0.00e+00	0.00e+00	7.62e-01	6.24e-08	6.48e-08
 8.18231e+22	7.71e-01	2.28e-01	2.85e-04	5.88e-07	0.00e+00	0.00e+00	0.00e+00	0.00e+00	0.00e+00	7.71e-01	6.20e-08	6.44e-08
 8.18802e+22	7.80e-01	2.20e-01	2.60e-04	5.53e-07	0.00e+00	0.00e+00	0.00e+00	0.00e+00	0.00e+00	7.80e-01	6.17e-08	6.40e-08
 8.19382e+22	7.88e-01	2.11e-01	2.37e-04	5.21e-07	0.00e+00	0.00e+00	0.00e+00	0.00e+00	0.00e+00	7.88e-01	6.13e-08	6.36e-08
 8.19983e+22	7.97e-01	2.03e-01	2.16e-04	4.89e-07	0.00e+00	0.00e+00	0.00e+00	0.00e+00	0.00e+00	7.97e-01	6.09e-08	6.31e-08
 8.20604e+22	8.05e-01	1.95e-01	1.97e-04	4.60e-07	0.00e+00	0.00e+00	0.00e+00	0.00e+00	0.00e+00	8.05e-01	6.05e-08	6.27e-08
 8.21237e+22	8.13e-01	1.87e-01	1.79e-04	4.32e-07	0.00e+00	0.00e+00	0.00e+00	0.00e+00	0.00e+00	8.13e-01	6.00e-08	6.22e-08
 8.21884e+22	8.20e-01	1.80e-01	1.63e-04	4.06e-07	0.00e+00	0.00e+00	0.00e+00	0.00e+00	0.00e+00	8.20e-01	5.96e-08	6.16e-08
 8.22551e+22	8.27e-01	1.73e-01	1.48e-04	3.82e-07	0.00e+00	0.00e+00	0.00e+00	0.00e+00	0.00e+00	8.27e-01	5.91e-08	6.09e-08
 8.23240e+22	8.34e-01	1.66e-01	1.34e-04	3.59e-07	0.00e+00	0.00e+00	0.00e+00	0.00e+00	0.00e+00	8.34e-01	5.86e-08	6.02e-08
 8.23949e+22	8.41e-01	1.59e-01	1.22e-04	3.37e-07	0.00e+00	0.00e+00	0.00e+00	0.00e+00	0.00e+00	8.41e-01	5.81e-08	5.95e-08
 8.24675e+22	8.48e-01	1.52e-01	1.10e-04	3.16e-07	0.00e+00	0.00e+00	0.00e+00	0.00e+00	0.00e+00	8.48e-01	5.76e-08	5.89e-08
 8.25420e+22	8.54e-01	1.46e-01	1.00e-04	2.97e-07	0.00e+00	0.00e+00	0.00e+00	0.00e+00	0.00e+00	8.54e-01	5.71e-08	5.82e-08
 8.26189e+22	8.60e-01	1.40e-01	9.10e-05	2.79e-07	0.00e+00	0.00e+00	0.00e+00	0.00e+00	0.00e+00	8.60e-01	5.67e-08	5.75e-08
 8.26981e+22	8.66e-01	1.34e-01	8.27e-05	2.63e-07	0.00e+00	0.00e+00	0.00e+00	0.00e+00	0.00e+00	8.66e-01	5.62e-08	5.69e-08
 8.27780e+22	8.72e-01	1.28e-01	7.52e-05	2.47e-07	0.00e+00	0.00e+00	0.00e+00	0.00e+00	0.00e+00	8.72e-01	5.58e-08	5.62e-08
 8.28591e+22	8.77e-01	1.23e-01	6.86e-05	2.32e-07	0.00e+00	0.00e+00	0.00e+00	0.00e+00	0.00e+00	8.77e-01	5.53e-08	5.56e-08
 8.29430e+22	8.82e-01	1.18e-01	6.26e-05	2.18e-07	0.00e+00	0.00e+00	0.00e+00	0.00e+00	0.00e+00	8.82e-01	5.49e-08	5.49e-08
 8.30273e+22	8.87e-01	1.13e-01	5.74e-05	2.06e-07	0.00e+00	0.00e+00	0.00e+00	0.00e+00	0.00e+00	8.87e-01	5.45e-08	5.43e-08
 8.31113e+22	8.92e-01	1.08e-01	5.28e-05	1.94e-07	0.00e+00	0.00e+00	0.00e+00	0.00e+00	0.00e+00	8.92e-01	5.42e-08	5.38e-08
 8.31974e+22	8.96e-01	1.04e-01	4.86e-05	1.83e-07	0.00e+00	0.00e+00	0.00e+00	0.00e+00	0.00e+00	8.96e-01	5.38e-08	5.32e-08
 8.32861e+22	9.00e-01	9.99e-02	4.49e-05	1.73e-07	0.00e+00	0.00e+00	0.00e+00	0.00e+00	0.00e+00	9.00e-01	5.35e-08	5.27e-08
 8.33755e+22	9.04e-01	9.60e-02	4.16e-05	1.63e-07	0.00e+00	0.00e+00	0.00e+00	0.00e+00	0.00e+00	9.04e-01	5.32e-08	5.22e-08
 8.34656e+22	9.08e-01	9.24e-02	3.87e-05	1.55e-07	0.00e+00	0.00e+00	0.00e+00	0.00e+00	0.00e+00	9.08e-01	5.30e-08	5.18e-08
 8.35586e+22	9.11e-01	8.88e-02	3.61e-05	1.46e-07	0.00e+00	0.00e+00	0.00e+00	0.00e+00	0.00e+00	9.11e-01	5.28e-08	5.13e-08
 8.36540e+22	9.15e-01	8.53e-02	3.37e-05	1.38e-07	0.00e+00	0.00e+00	0.00e+00	0.00e+00	0.00e+00	9.15e-01	5.25e-08	5.08e-08
 8.37507e+22	9.18e-01	8.20e-02	3.16e-05	1.31e-07	0.00e+00	0.00e+00	0.00e+00	0.00e+00	0.00e+00	9.18e-01	5.23e-08	5.04e-08
 8.38486e+22	9.21e-01	7.87e-02	2.97e-05	1.23e-07	0.00e+00	0.00e+00	0.00e+00	0.00e+00	0.00e+00	9.21e-01	5.21e-08	5.00e-08
 8.39497e+22	9.24e-01	7.57e-02	2.80e-05	0.00e+00	0.00e+00	0.00e+00	0.00e+00	0.00e+00	0.00e+00	9.24e-01	5.20e-08	4.96e-08
 8.40529e+22	9.27e-01	7.27e-02	2.65e-05	0.00e+00	0.00e+00	0.00e+00	0.00e+00	0.00e+00	0.00e+00	9.27e-01	5.18e-08	4.93e-08
 8.41533e+22	9.30e-01	7.00e-02	2.52e-05	0.00e+00	0.00e+00	0.00e+00	0.00e+00	0.00e+00	0.00e+00	9.30e-01	5.17e-08	4.89e-08
 8.42474e+22	9.32e-01	6.77e-02	2.42e-05	0.00e+00	0.00e+00	0.00e+00	0.00e+00	0.00e+00	0.00e+00	9.32e-01	5.15e-08	4.86e-08
 8.43340e+22	9.34e-01	6.57e-02	2.34e-05	0.00e+00	0.00e+00	0.00e+00	0.00e+00	0.00e+00	0.00e+00	9.34e-01	5.14e-08	4.83e-08
 8.44150e+22	9.36e-01	6.38e-02	2.27e-05	0.00e+00	0.00e+00	0.00e+00	0.00e+00	0.00e+00	0.00e+00	9.36e-01	5.12e-08	4.80e-08
 8.44901e+22	9.38e-01	6.22e-02	2.21e-05	0.00e+00	0.00e+00	0.00e+00	0.00e+00	0.00e+00	0.00e+00	9.38e-01	5.11e-08	4.77e-08
 8.45628e+22	9.39e-01	6.06e-02	2.15e-05	0.00e+00	0.00e+00	0.00e+00	0.00e+00	0.00e+00	0.00e+00	9.39e-01	5.10e-08	4.75e-08
 8.46358e+22	9.41e-01	5.91e-02	2.10e-05	0.00e+00	0.00e+00	0.00e+00	0.00e+00	0.00e+00	0.00e+00	9.41e-01	5.10e-08	4.73e-08
 8.47076e+22	9.43e-01	5.75e-02	2.05e-05	0.00e+00	0.00e+00	0.00e+00	0.00e+00	0.00e+00	0.00e+00	9.43e-01	5.09e-08	4.71e-08
 8.47747e+22	9.44e-01	5.61e-02	2.01e-05	0.00e+00	0.00e+00	0.00e+00	0.00e+00	0.00e+00	0.00e+00	9.44e-01	5.08e-08	4.69e-08
 8.48372e+22	9.45e-01	5.49e-02	1.98e-05	0.00e+00	0.00e+00	0.00e+00	0.00e+00	0.00e+00	0.00e+00	9.45e-01	5.07e-08	4.67e-08
 8.49000e+22	9.46e-01	5.36e-02	1.94e-05	0.00e+00	0.00e+00	0.00e+00	0.00e+00	0.00e+00	0.00e+00	9.46e-01	5.06e-08	4.65e-08
 8.49606e+22	9.48e-01	5.24e-02	1.91e-05	0.00e+00	0.00e+00	0.00e+00	0.00e+00	0.00e+00	0.00e+00	9.48e-01	5.05e-08	4.63e-08
 8.50179e+22	9.49e-01	5.13e-02	1.89e-05	0.00e+00	0.00e+00	0.00e+00	0.00e+00	0.00e+00	0.00e+00	9.49e-01	5.05e-08	4.62e-08
 8.50747e+22	9.50e-01	5.02e-02	1.86e-05	0.00e+00	0.00e+00	0.00e+00	0.00e+00	0.00e+00	0.00e+00	9.50e-01	5.04e-08	4.60e-08
 8.51293e+22	9.51e-01	4.91e-02	1.84e-05	0.00e+00	0.00e+00	0.00e+00	0.00e+00	0.00e+00	0.00e+00	9.51e-01	5.03e-08	4.58e-08
 8.51805e+22	9.52e-01	4.81e-02	1.82e-05	0.00e+00	0.00e+00	0.00e+00	0.00e+00	0.00e+00	0.00e+00	9.52e-01	5.03e-08	4.57e-08
 8.52307e+22	9.53e-01	4.72e-02	1.80e-05	0.00e+00	0.00e+00	0.00e+00	0.00e+00	0.00e+00	0.00e+00	9.53e-01	5.02e-08	4.55e-08
 8.52797e+22	9.54e-01	4.62e-02	1.78e-05	0.00e+00	0.00e+00	0.00e+00	0.00e+00	0.00e+00	0.00e+00	9.54e-01	5.01e-08	4.53e-08
 8.53257e+22	9.55e-01	4.53e-02	1.76e-05	0.00e+00	0.00e+00	0.00e+00	0.00e+00	0.00e+00	0.00e+00	9.55e-01	5.00e-08	4.52e-08
 8.53676e+22	9.55e-01	4.46e-02	1.74e-05	0.00e+00	0.00e+00	0.00e+00	0.00e+00	0.00e+00	0.00e+00	9.55e-01	4.99e-08	4.50e-08
 8.54058e+22	9.56e-01	4.39e-02	1.73e-05	0.00e+00	0.00e+00	0.00e+00	0.00e+00	0.00e+00	0.00e+00	9.56e-01	4.98e-08	4.49e-08
 8.54405e+22	9.57e-01	4.32e-02	1.72e-05	0.00e+00	0.00e+00	0.00e+00	0.00e+00	0.00e+00	0.00e+00	9.57e-01	4.98e-08	4.47e-08
 8.54720e+22	9.57e-01	4.26e-02	1.71e-05	0.00e+00	0.00e+00	0.00e+00	0.00e+00	0.00e+00	0.00e+00	9.57e-01	4.97e-08	4.46e-08
 8.55008e+22	9.58e-01	4.21e-02	1.70e-05	0.00e+00	0.00e+00	0.00e+00	0.00e+00	0.00e+00	0.00e+00	9.58e-01	4.96e-08	4.45e-08
 8.55269e+22	9.58e-01	4.17e-02	1.69e-05	0.00e+00	0.00e+00	0.00e+00	0.00e+00	0.00e+00	0.00e+00	9.58e-01	4.95e-08	4.44e-08
 8.55556e+22	9.59e-01	4.11e-02	1.68e-05	0.00e+00	0.00e+00	0.00e+00	0.00e+00	0.00e+00	0.00e+00	9.59e-01	4.93e-08	4.42e-08
 8.55865e+22	9.60e-01	4.05e-02	1.67e-05	0.00e+00	0.00e+00	0.00e+00	0.00e+00	0.00e+00	0.00e+00	9.60e-01	4.90e-08	4.41e-08
 8.56146e+22	9.60e-01	4.00e-02	1.66e-05	0.00e+00	0.00e+00	0.00e+00	0.00e+00	0.00e+00	0.00e+00	9.60e-01	4.89e-08	4.40e-08
 8.56403e+22	9.60e-01	3.95e-02	1.65e-05	0.00e+00	0.00e+00	0.00e+00	0.00e+00	0.00e+00	0.00e+00	9.60e-01	4.86e-08	4.38e-08
 8.56636e+22	9.61e-01	3.92e-02	1.64e-05	0.00e+00	0.00e+00	0.00e+00	0.00e+00	0.00e+00	0.00e+00	9.61e-01	4.85e-08	4.38e-08
 8.56891e+22	9.61e-01	3.86e-02	1.63e-05	0.00e+00	0.00e+00	0.00e+00	0.00e+00	0.00e+00	0.00e+00	9.61e-01	4.84e-08	4.37e-08
 8.57223e+22	9.62e-01	3.79e-02	1.61e-05	0.00e+00	0.00e+00	0.00e+00	0.00e+00	0.00e+00	0.00e+00	9.62e-01	4.82e-08	4.35e-08
 8.57582e+22	9.63e-01	3.73e-02	1.60e-05	0.00e+00	0.00e+00	0.00e+00	0.00e+00	0.00e+00	0.00e+00	9.63e-01	4.80e-08	4.34e-08
