#depth	Ne	Ne+	Ne+2	Ne+3	Ne+4	Ne+5	Ne+6	Ne+7	Ne+8	Ne+9	Ne+10
 1.54284e+22	2.96e-15	1.32e-10	2.83e-07	6.32e-05	4.27e-03	5.39e-02	1.37e-01	1.49e-01	5.04e-01	1.41e-01	1.06e-02
 3.46599e+22	3.53e-15	2.30e-10	6.27e-07	1.46e-04	9.39e-03	1.01e-01	2.02e-01	1.83e-01	4.21e-01	7.89e-02	4.01e-03
 4.03647e+22	4.04e-15	3.18e-10	9.66e-07	2.26e-04	1.36e-02	1.31e-01	2.30e-01	1.93e-01	3.72e-01	5.79e-02	2.45e-03
 4.32171e+22	4.44e-15	3.83e-10	1.22e-06	2.83e-04	1.63e-02	1.47e-01	2.43e-01	1.95e-01	3.47e-01	4.92e-02	1.90e-03
 4.45818e+22	4.67e-15	4.18e-10	1.36e-06	3.12e-04	1.76e-02	1.55e-01	2.48e-01	1.96e-01	3.35e-01	4.58e-02	1.70e-03
 4.55338e+22	5.00e-15	4.69e-10	1.56e-06	3.55e-04	1.95e-02	1.66e-01	2.54e-01	1.97e-01	3.21e-01	4.17e-02	1.48e-03
 4.65406e+22	5.35e-15	5.21e-10	1.76e-06	3.97e-04	2.12e-02	1.75e-01	2.59e-01	1.97e-01	3.08e-01	3.84e-02	1.30e-03
 4.76186e+22	5.84e-15	5.97e-10	2.06e-06	4.60e-04	2.37e-02	1.87e-01	2.65e-01	1.96e-01	2.92e-01	3.43e-02	1.10e-03
 4.87019e+22	6.39e-15	6.73e-10	2.35e-06	5.15e-04	2.58e-02	1.97e-01	2.69e-01	1.95e-01	2.80e-01	3.15e-02	9.70e-04
 4.97924e+22	7.16e-15	7.86e-10	2.78e-06	5.98e-04	2.88e-02	2.10e-01	2.74e-01	1.94e-01	2.63e-01	2.81e-02	8.18e-04
 5.09053e+22	7.97e-15	8.97e-10	3.19e-06	6.74e-04	3.14e-02	2.21e-01	2.78e-01	1.92e-01	2.51e-01	2.56e-02	7.14e-04
 5.20475e+22	9.18e-15	1.07e-09	3.82e-06	7.87e-04	3.51e-02	2.36e-01	2.82e-01	1.89e-01	2.35e-01	2.26e-02	5.96e-04
 5.32159e+22	1.05e-14	1.24e-09	4.43e-06	8.91e-04	3.83e-02	2.47e-01	2.84e-01	1.86e-01	2.22e-01	2.05e-02	5.15e-04
 5.44184e+22	1.24e-14	1.51e-09	5.38e-06	1.05e-03	4.29e-02	2.63e-01	2.87e-01	1.82e-01	2.06e-01	1.79e-02	4.24e-04
 5.56450e+22	1.45e-14	1.78e-09	6.30e-06	1.19e-03	4.68e-02	2.76e-01	2.88e-01	1.78e-01	1.94e-01	1.60e-02	3.63e-04
 5.66783e+22	1.67e-14	2.06e-09	7.24e-06	1.33e-03	5.05e-02	2.87e-01	2.89e-01	1.75e-01	1.83e-01	1.45e-02	3.16e-04
 5.77965e+22	2.01e-14	2.50e-09	8.69e-06	1.54e-03	5.57e-02	3.02e-01	2.89e-01	1.70e-01	1.69e-01	1.28e-02	2.63e-04
 5.88848e+22	2.32e-14	2.89e-09	9.91e-06	1.71e-03	5.97e-02	3.12e-01	2.88e-01	1.66e-01	1.60e-01	1.16e-02	2.30e-04
 5.99342e+22	2.81e-14	3.48e-09	1.18e-05	1.96e-03	6.53e-02	3.26e-01	2.87e-01	1.61e-01	1.48e-01	1.02e-02	1.93e-04
 6.09942e+22	3.29e-14	4.05e-09	1.34e-05	2.17e-03	6.98e-02	3.36e-01	2.86e-01	1.57e-01	1.40e-01	9.26e-03	1.68e-04
 6.20680e+22	4.05e-14	4.93e-09	1.60e-05	2.48e-03	7.61e-02	3.49e-01	2.84e-01	1.51e-01	1.29e-01	8.12e-03	1.40e-04
 6.31574e+22	4.81e-14	5.77e-09	1.83e-05	2.75e-03	8.12e-02	3.60e-01	2.82e-01	1.46e-01	1.21e-01	7.32e-03	1.21e-04
 6.42672e+22	6.02e-14	7.09e-09	2.19e-05	3.15e-03	8.84e-02	3.73e-01	2.78e-01	1.40e-01	1.11e-01	6.36e-03	1.00e-04
 6.53936e+22	7.23e-14	8.35e-09	2.51e-05	3.49e-03	9.42e-02	3.83e-01	2.75e-01	1.35e-01	1.03e-01	5.70e-03	8.64e-05
 6.65416e+22	9.21e-14	1.04e-08	3.01e-05	3.99e-03	1.02e-01	3.96e-01	2.70e-01	1.29e-01	9.41e-02	4.92e-03	7.06e-05
 6.77090e+22	1.12e-13	1.23e-08	3.46e-05	4.42e-03	1.09e-01	4.05e-01	2.66e-01	1.24e-01	8.73e-02	4.38e-03	6.04e-05
 6.89016e+22	1.45e-13	1.54e-08	4.17e-05	5.07e-03	1.18e-01	4.17e-01	2.60e-01	1.17e-01	7.88e-02	3.74e-03	4.88e-05
 7.01198e+22	1.78e-13	1.84e-08	4.82e-05	5.62e-03	1.26e-01	4.26e-01	2.55e-01	1.11e-01	7.27e-02	3.31e-03	4.14e-05
 7.13715e+22	2.35e-13	2.32e-08	5.84e-05	6.45e-03	1.36e-01	4.37e-01	2.47e-01	1.05e-01	6.51e-02	2.79e-03	3.30e-05
 7.26566e+22	2.94e-13	2.80e-08	6.78e-05	7.18e-03	1.45e-01	4.45e-01	2.41e-01	9.91e-02	5.95e-02	2.44e-03	2.76e-05
 7.39853e+22	3.94e-13	3.58e-08	8.25e-05	8.24e-03	1.57e-01	4.55e-01	2.33e-01	9.22e-02	5.27e-02	2.04e-03	2.17e-05
 7.53293e+22	4.95e-13	4.34e-08	9.60e-05	9.16e-03	1.67e-01	4.62e-01	2.26e-01	8.69e-02	4.79e-02	1.77e-03	1.80e-05
 7.66934e+22	6.69e-13	5.57e-08	1.17e-04	1.05e-02	1.79e-01	4.69e-01	2.17e-01	8.03e-02	4.22e-02	1.47e-03	1.40e-05
 7.80754e+22	8.45e-13	6.74e-08	1.36e-04	1.16e-02	1.90e-01	4.74e-01	2.09e-01	7.53e-02	3.82e-02	1.27e-03	1.16e-05
 7.94808e+22	1.15e-12	8.69e-08	1.65e-04	1.33e-02	2.04e-01	4.80e-01	2.00e-01	6.90e-02	3.33e-02	1.04e-03	8.91e-06
 8.09064e+22	1.46e-12	1.06e-07	1.92e-04	1.47e-02	2.15e-01	4.83e-01	1.92e-01	6.44e-02	2.99e-02	8.89e-04	7.28e-06
 8.21604e+22	1.86e-12	1.28e-07	2.23e-04	1.63e-02	2.27e-01	4.85e-01	1.84e-01	6.00e-02	2.69e-02	7.60e-04	5.93e-06
 8.35928e+22	2.53e-12	1.64e-07	2.69e-04	1.84e-02	2.41e-01	4.87e-01	1.74e-01	5.46e-02	2.33e-02	6.21e-04	4.56e-06
 8.50541e+22	3.26e-12	2.01e-07	3.14e-04	2.04e-02	2.54e-01	4.88e-01	1.66e-01	5.05e-02	2.07e-02	5.24e-04	3.66e-06
 8.62393e+22	4.01e-12	2.38e-07	3.56e-04	2.22e-02	2.65e-01	4.87e-01	1.59e-01	4.72e-02	1.88e-02	4.55e-04	3.04e-06
 8.74663e+22	5.13e-12	2.89e-07	4.13e-04	2.45e-02	2.77e-01	4.86e-01	1.51e-01	4.35e-02	1.67e-02	3.84e-04	2.45e-06
 8.87588e+22	6.40e-12	3.46e-07	4.72e-04	2.67e-02	2.89e-01	4.84e-01	1.44e-01	4.04e-02	1.50e-02	3.29e-04	2.01e-06
 8.99462e+22	7.95e-12	4.10e-07	5.36e-04	2.90e-02	3.00e-01	4.82e-01	1.38e-01	3.75e-02	1.34e-02	2.83e-04	1.65e-06
 9.12994e+22	1.04e-11	5.09e-07	6.29e-04	3.21e-02	3.14e-01	4.78e-01	1.29e-01	3.41e-02	1.17e-02	2.33e-04	1.29e-06
 9.26894e+22	1.32e-11	6.16e-07	7.25e-04	3.51e-02	3.27e-01	4.73e-01	1.22e-01	3.13e-02	1.04e-02	1.96e-04	1.03e-06
 9.39106e+22	1.64e-11	7.29e-07	8.23e-04	3.80e-02	3.38e-01	4.69e-01	1.16e-01	2.90e-02	9.26e-03	1.68e-04	8.42e-07
 9.52816e+22	2.14e-11	9.00e-07	9.60e-04	4.19e-02	3.52e-01	4.62e-01	1.08e-01	2.62e-02	8.04e-03	1.38e-04	6.55e-07
 9.67184e+22	2.74e-11	1.09e-06	1.11e-03	4.58e-02	3.65e-01	4.55e-01	1.02e-01	2.39e-02	7.04e-03	1.15e-04	5.17e-07
 9.80181e+22	3.42e-11	1.30e-06	1.26e-03	4.95e-02	3.77e-01	4.49e-01	9.58e-02	2.19e-02	6.23e-03	9.68e-05	4.17e-07
 9.94847e+22	4.52e-11	1.62e-06	1.48e-03	5.46e-02	3.91e-01	4.39e-01	8.86e-02	1.96e-02	5.34e-03	7.81e-05	3.17e-07
 1.01000e+23	5.80e-11	1.97e-06	1.70e-03	5.95e-02	4.04e-01	4.30e-01	8.25e-02	1.78e-02	4.64e-03	6.43e-05	2.48e-07
 1.02350e+23	7.30e-11	2.35e-06	1.94e-03	6.43e-02	4.15e-01	4.21e-01	7.71e-02	1.62e-02	4.07e-03	5.37e-05	1.97e-07
 1.03878e+23	9.70e-11	2.94e-06	2.28e-03	7.08e-02	4.29e-01	4.09e-01	7.07e-02	1.43e-02	3.45e-03	4.27e-05	1.47e-07
 1.05467e+23	1.25e-10	3.58e-06	2.63e-03	7.70e-02	4.41e-01	3.98e-01	6.52e-02	1.29e-02	2.96e-03	3.47e-05	0.00e+00
 1.06898e+23	1.59e-10	4.30e-06	3.00e-03	8.32e-02	4.52e-01	3.87e-01	6.04e-02	1.16e-02	2.57e-03	2.86e-05	0.00e+00
 1.08520e+23	2.15e-10	5.44e-06	3.54e-03	9.16e-02	4.65e-01	3.73e-01	5.46e-02	1.02e-02	2.14e-03	2.22e-05	0.00e+00
 1.10188e+23	2.77e-10	6.61e-06	4.07e-03	9.92e-02	4.75e-01	3.61e-01	5.00e-02	9.06e-03	1.82e-03	1.79e-05	0.00e+00
 1.11687e+23	3.54e-10	7.99e-06	4.66e-03	1.07e-01	4.85e-01	3.48e-01	4.58e-02	8.09e-03	1.56e-03	1.45e-05	0.00e+00
 1.13406e+23	4.85e-10	1.02e-05	5.53e-03	1.18e-01	4.96e-01	3.32e-01	4.08e-02	6.98e-03	1.27e-03	1.10e-05	0.00e+00
 1.15142e+23	6.26e-10	1.24e-05	6.34e-03	1.27e-01	5.04e-01	3.18e-01	3.71e-02	6.19e-03	1.08e-03	8.77e-06	0.00e+00
 1.16902e+23	8.52e-10	1.57e-05	7.48e-03	1.39e-01	5.13e-01	3.02e-01	3.29e-02	5.32e-03	8.75e-04	6.63e-06	0.00e+00
 1.18689e+23	1.10e-09	1.91e-05	8.59e-03	1.50e-01	5.19e-01	2.87e-01	2.96e-02	4.68e-03	7.34e-04	5.23e-06	0.00e+00
 1.20275e+23	1.42e-09	2.31e-05	9.80e-03	1.60e-01	5.24e-01	2.74e-01	2.67e-02	4.12e-03	6.17e-04	4.14e-06	0.00e+00
 1.22097e+23	1.95e-09	2.95e-05	1.16e-02	1.75e-01	5.30e-01	2.56e-01	2.33e-02	3.49e-03	4.91e-04	3.05e-06	0.00e+00
 1.23944e+23	2.52e-09	3.57e-05	1.33e-02	1.87e-01	5.33e-01	2.42e-01	2.09e-02	3.05e-03	4.09e-04	2.39e-06	0.00e+00
 1.25822e+23	3.49e-09	4.57e-05	1.57e-02	2.04e-01	5.35e-01	2.25e-01	1.80e-02	2.56e-03	3.22e-04	1.73e-06	0.00e+00
 1.27724e+23	4.50e-09	5.54e-05	1.79e-02	2.17e-01	5.35e-01	2.11e-01	1.60e-02	2.23e-03	2.65e-04	1.34e-06	0.00e+00
 1.29659e+23	6.26e-09	7.09e-05	2.11e-02	2.35e-01	5.33e-01	1.94e-01	1.37e-02	1.85e-03	2.06e-04	9.58e-07	0.00e+00
 1.31619e+23	8.10e-09	8.61e-05	2.41e-02	2.50e-01	5.30e-01	1.81e-01	1.20e-02	1.59e-03	1.68e-04	7.32e-07	0.00e+00
 1.33325e+23	1.04e-08	1.04e-04	2.73e-02	2.65e-01	5.26e-01	1.69e-01	1.06e-02	1.38e-03	1.38e-04	5.63e-07	0.00e+00
 1.34961e+23	1.31e-08	1.23e-04	3.06e-02	2.79e-01	5.22e-01	1.58e-01	9.42e-03	1.20e-03	1.14e-04	4.38e-07	0.00e+00
 1.36525e+23	1.63e-08	1.45e-04	3.42e-02	2.93e-01	5.16e-01	1.47e-01	8.37e-03	1.05e-03	9.46e-05	3.43e-07	0.00e+00
 1.38289e+23	2.16e-08	1.79e-04	3.92e-02	3.10e-01	5.07e-01	1.35e-01	7.19e-03	8.78e-04	7.45e-05	2.51e-07	0.00e+00
 1.40044e+23	2.68e-08	2.10e-04	4.35e-02	3.24e-01	5.00e-01	1.25e-01	6.37e-03	7.64e-04	6.18e-05	1.96e-07	0.00e+00
 1.41788e+23	3.56e-08	2.58e-04	4.98e-02	3.42e-01	4.88e-01	1.14e-01	5.41e-03	6.36e-04	4.81e-05	1.41e-07	0.00e+00
 1.43559e+23	4.41e-08	3.02e-04	5.52e-02	3.56e-01	4.78e-01	1.05e-01	4.77e-03	5.50e-04	3.96e-05	0.00e+00	0.00e+00
 1.45365e+23	5.81e-08	3.70e-04	6.29e-02	3.73e-01	4.64e-01	9.48e-02	4.04e-03	4.56e-04	3.07e-05	0.00e+00	0.00e+00
 1.47200e+23	7.27e-08	4.36e-04	6.99e-02	3.87e-01	4.52e-01	8.67e-02	3.51e-03	3.89e-04	2.48e-05	0.00e+00	0.00e+00
 1.48827e+23	9.03e-08	5.10e-04	7.72e-02	4.01e-01	4.39e-01	7.93e-02	3.05e-03	3.33e-04	2.01e-05	0.00e+00	0.00e+00
 1.50695e+23	1.19e-07	6.23e-04	8.76e-02	4.17e-01	4.21e-01	7.04e-02	2.55e-03	2.71e-04	1.53e-05	0.00e+00	0.00e+00
 1.52500e+23	1.45e-07	7.19e-04	9.58e-02	4.29e-01	4.08e-01	6.45e-02	2.23e-03	2.33e-04	1.25e-05	0.00e+00	0.00e+00
 1.53945e+23	1.74e-07	8.20e-04	1.04e-01	4.39e-01	3.95e-01	5.92e-02	1.97e-03	2.02e-04	1.04e-05	0.00e+00	0.00e+00
 1.55547e+23	2.17e-07	9.63e-04	1.15e-01	4.51e-01	3.79e-01	5.32e-02	1.68e-03	1.70e-04	8.20e-06	0.00e+00	0.00e+00
 1.57171e+23	2.61e-07	1.10e-03	1.24e-01	4.60e-01	3.65e-01	4.86e-02	1.47e-03	1.46e-04	6.73e-06	0.00e+00	0.00e+00
 1.58601e+23	3.12e-07	1.25e-03	1.34e-01	4.68e-01	3.51e-01	4.43e-02	1.29e-03	1.26e-04	5.53e-06	0.00e+00	0.00e+00
 1.60238e+23	3.88e-07	1.46e-03	1.48e-01	4.77e-01	3.33e-01	3.94e-02	1.09e-03	1.04e-04	4.33e-06	0.00e+00	0.00e+00
 1.61896e+23	4.66e-07	1.66e-03	1.60e-01	4.84e-01	3.19e-01	3.56e-02	9.47e-04	8.87e-05	3.51e-06	0.00e+00	0.00e+00
 1.63356e+23	5.55e-07	1.88e-03	1.72e-01	4.89e-01	3.04e-01	3.22e-02	8.24e-04	7.58e-05	2.85e-06	0.00e+00	0.00e+00
 1.65027e+23	6.87e-07	2.18e-03	1.88e-01	4.95e-01	2.86e-01	2.84e-02	6.92e-04	6.20e-05	2.21e-06	0.00e+00	0.00e+00
 1.66724e+23	8.23e-07	2.48e-03	2.02e-01	4.99e-01	2.71e-01	2.54e-02	5.95e-04	5.23e-05	1.77e-06	0.00e+00	0.00e+00
 1.68220e+23	9.77e-07	2.79e-03	2.16e-01	5.01e-01	2.57e-01	2.28e-02	5.13e-04	4.42e-05	1.42e-06	0.00e+00	0.00e+00
 1.69929e+23	1.21e-06	3.24e-03	2.35e-01	5.03e-01	2.39e-01	1.98e-02	4.26e-04	3.57e-05	1.08e-06	0.00e+00	0.00e+00
 1.71663e+23	1.44e-06	3.65e-03	2.51e-01	5.03e-01	2.24e-01	1.76e-02	3.64e-04	2.97e-05	8.60e-07	0.00e+00	0.00e+00
 1.73199e+23	1.71e-06	4.11e-03	2.68e-01	5.02e-01	2.11e-01	1.56e-02	3.11e-04	2.48e-05	6.84e-07	0.00e+00	0.00e+00
 1.74964e+23	2.10e-06	4.74e-03	2.90e-01	4.99e-01	1.94e-01	1.33e-02	2.55e-04	1.97e-05	5.12e-07	0.00e+00	0.00e+00
 1.76759e+23	2.50e-06	5.33e-03	3.08e-01	4.95e-01	1.80e-01	1.17e-02	2.15e-04	1.62e-05	4.00e-07	0.00e+00	0.00e+00
 1.78591e+23	3.09e-06	6.15e-03	3.32e-01	4.88e-01	1.63e-01	9.87e-03	1.74e-04	1.26e-05	2.94e-07	0.00e+00	0.00e+00
 1.80448e+23	3.68e-06	6.92e-03	3.53e-01	4.81e-01	1.50e-01	8.54e-03	1.45e-04	1.02e-05	2.26e-07	0.00e+00	0.00e+00
 1.82336e+23	4.54e-06	7.96e-03	3.79e-01	4.71e-01	1.35e-01	7.13e-03	1.16e-04	7.86e-06	1.63e-07	0.00e+00	0.00e+00
 1.84260e+23	5.41e-06	8.94e-03	4.01e-01	4.61e-01	1.23e-01	6.09e-03	9.53e-05	6.26e-06	0.00e+00	0.00e+00	0.00e+00
 1.86233e+23	6.69e-06	1.03e-02	4.29e-01	4.47e-01	1.09e-01	5.00e-03	7.50e-05	4.71e-06	0.00e+00	0.00e+00	0.00e+00
 1.88240e+23	7.97e-06	1.15e-02	4.52e-01	4.34e-01	9.82e-02	4.22e-03	6.09e-05	3.69e-06	0.00e+00	0.00e+00	0.00e+00
 1.90292e+23	9.85e-06	1.32e-02	4.81e-01	4.17e-01	8.58e-02	3.40e-03	4.72e-05	2.72e-06	0.00e+00	0.00e+00	0.00e+00
 1.92082e+23	1.12e-05	1.44e-02	4.99e-01	4.05e-01	7.87e-02	2.97e-03	3.99e-05	2.24e-06	0.00e+00	0.00e+00	0.00e+00
 1.93533e+23	1.29e-05	1.57e-02	5.18e-01	3.92e-01	7.13e-02	2.55e-03	3.34e-05	1.81e-06	0.00e+00	0.00e+00	0.00e+00
 1.95050e+23	1.47e-05	1.71e-02	5.36e-01	3.80e-01	6.51e-02	2.21e-03	2.82e-05	1.48e-06	0.00e+00	0.00e+00	0.00e+00
 1.96436e+23	1.65e-05	1.84e-02	5.52e-01	3.68e-01	5.95e-02	1.93e-03	2.41e-05	1.22e-06	0.00e+00	0.00e+00	0.00e+00
 1.98021e+23	1.92e-05	2.02e-02	5.73e-01	3.52e-01	5.30e-02	1.62e-03	1.97e-05	9.57e-07	0.00e+00	0.00e+00	0.00e+00
 1.99635e+23	2.18e-05	2.19e-02	5.90e-01	3.38e-01	4.79e-02	1.39e-03	1.64e-05	7.72e-07	0.00e+00	0.00e+00	0.00e+00
 2.01285e+23	2.54e-05	2.41e-02	6.11e-01	3.21e-01	4.21e-02	1.15e-03	1.32e-05	5.92e-07	0.00e+00	0.00e+00	0.00e+00
 2.02947e+23	2.88e-05	2.61e-02	6.28e-01	3.07e-01	3.77e-02	9.78e-04	1.09e-05	4.72e-07	0.00e+00	0.00e+00	0.00e+00
 2.04622e+23	3.35e-05	2.86e-02	6.48e-01	2.90e-01	3.29e-02	8.02e-04	8.70e-06	3.58e-07	0.00e+00	0.00e+00	0.00e+00
 2.06324e+23	3.81e-05	3.09e-02	6.64e-01	2.75e-01	2.92e-02	6.76e-04	7.15e-06	2.83e-07	0.00e+00	0.00e+00	0.00e+00
 2.08061e+23	4.44e-05	3.39e-02	6.82e-01	2.58e-01	2.52e-02	5.48e-04	5.62e-06	2.11e-07	0.00e+00	0.00e+00	0.00e+00
 2.09829e+23	5.05e-05	3.67e-02	6.97e-01	2.43e-01	2.21e-02	4.57e-04	4.57e-06	1.64e-07	0.00e+00	0.00e+00	0.00e+00
 2.11638e+23	5.90e-05	4.02e-02	7.15e-01	2.26e-01	1.88e-02	3.65e-04	3.53e-06	0.00e+00	0.00e+00	0.00e+00	0.00e+00
 2.13480e+23	6.73e-05	4.35e-02	7.28e-01	2.11e-01	1.64e-02	3.00e-04	2.83e-06	0.00e+00	0.00e+00	0.00e+00	0.00e+00
 2.15363e+23	7.91e-05	4.78e-02	7.44e-01	1.94e-01	1.37e-02	2.35e-04	2.15e-06	0.00e+00	0.00e+00	0.00e+00	0.00e+00
 2.17266e+23	9.03e-05	5.17e-02	7.56e-01	1.80e-01	1.18e-02	1.92e-04	1.71e-06	0.00e+00	0.00e+00	0.00e+00	0.00e+00
 2.19193e+23	1.06e-04	5.66e-02	7.69e-01	1.64e-01	9.80e-03	1.50e-04	1.28e-06	0.00e+00	0.00e+00	0.00e+00	0.00e+00
 2.21149e+23	1.22e-04	6.13e-02	7.79e-01	1.51e-01	8.33e-03	1.21e-04	1.00e-06	0.00e+00	0.00e+00	0.00e+00	0.00e+00
 2.23143e+23	1.44e-04	6.73e-02	7.90e-01	1.36e-01	6.78e-03	9.19e-05	7.39e-07	0.00e+00	0.00e+00	0.00e+00	0.00e+00
 2.25127e+23	1.64e-04	7.27e-02	7.97e-01	1.24e-01	5.74e-03	7.40e-05	5.76e-07	0.00e+00	0.00e+00	0.00e+00	0.00e+00
 2.27101e+23	1.94e-04	7.97e-02	8.04e-01	1.11e-01	4.63e-03	5.61e-05	4.21e-07	0.00e+00	0.00e+00	0.00e+00	0.00e+00
 2.29082e+23	2.23e-04	8.60e-02	8.09e-01	1.01e-01	3.89e-03	4.48e-05	3.25e-07	0.00e+00	0.00e+00	0.00e+00	0.00e+00
 2.31074e+23	2.64e-04	9.42e-02	8.13e-01	8.90e-02	3.09e-03	3.35e-05	2.34e-07	0.00e+00	0.00e+00	0.00e+00	0.00e+00
 2.33067e+23	3.04e-04	1.02e-01	8.15e-01	8.01e-02	2.57e-03	2.66e-05	1.79e-07	0.00e+00	0.00e+00	0.00e+00	0.00e+00
 2.35060e+23	3.63e-04	1.11e-01	8.16e-01	6.97e-02	2.01e-03	1.96e-05	1.26e-07	0.00e+00	0.00e+00	0.00e+00	0.00e+00
 2.37046e+23	4.18e-04	1.20e-01	8.16e-01	6.22e-02	1.66e-03	1.54e-05	0.00e+00	0.00e+00	0.00e+00	0.00e+00	0.00e+00
 2.39023e+23	4.99e-04	1.31e-01	8.13e-01	5.36e-02	1.29e-03	1.13e-05	0.00e+00	0.00e+00	0.00e+00	0.00e+00	0.00e+00
 2.41006e+23	5.80e-04	1.42e-01	8.10e-01	4.71e-02	1.04e-03	8.71e-06	0.00e+00	0.00e+00	0.00e+00	0.00e+00	0.00e+00
 2.42997e+23	6.96e-04	1.55e-01	8.04e-01	3.99e-02	7.93e-04	6.25e-06	0.00e+00	0.00e+00	0.00e+00	0.00e+00	0.00e+00
 2.44995e+23	8.14e-04	1.67e-01	7.97e-01	3.45e-02	6.31e-04	4.73e-06	0.00e+00	0.00e+00	0.00e+00	0.00e+00	0.00e+00
 2.47000e+23	9.83e-04	1.83e-01	7.87e-01	2.87e-02	4.71e-04	3.31e-06	0.00e+00	0.00e+00	0.00e+00	0.00e+00	0.00e+00
 2.49021e+23	1.16e-03	1.97e-01	7.77e-01	2.42e-02	3.66e-04	2.43e-06	0.00e+00	0.00e+00	0.00e+00	0.00e+00	0.00e+00
 2.50789e+23	1.36e-03	2.12e-01	7.66e-01	2.04e-02	2.84e-04	1.78e-06	0.00e+00	0.00e+00	0.00e+00	0.00e+00	0.00e+00
 2.52815e+23	1.65e-03	2.30e-01	7.51e-01	1.63e-02	2.05e-04	1.18e-06	0.00e+00	0.00e+00	0.00e+00	0.00e+00	0.00e+00
 2.54854e+23	1.96e-03	2.48e-01	7.37e-01	1.32e-02	1.53e-04	8.19e-07	0.00e+00	0.00e+00	0.00e+00	0.00e+00	0.00e+00
 2.56394e+23	2.22e-03	2.62e-01	7.25e-01	1.12e-02	1.23e-04	6.13e-07	0.00e+00	0.00e+00	0.00e+00	0.00e+00	0.00e+00
 2.57882e+23	2.58e-03	2.78e-01	7.11e-01	9.11e-03	9.40e-05	4.30e-07	0.00e+00	0.00e+00	0.00e+00	0.00e+00	0.00e+00
 2.59478e+23	2.99e-03	2.94e-01	6.96e-01	7.35e-03	7.18e-05	2.97e-07	0.00e+00	0.00e+00	0.00e+00	0.00e+00	0.00e+00
 2.60946e+23	3.43e-03	3.09e-01	6.82e-01	5.91e-03	5.52e-05	2.05e-07	0.00e+00	0.00e+00	0.00e+00	0.00e+00	0.00e+00
 2.62344e+23	3.94e-03	3.24e-01	6.67e-01	4.71e-03	4.23e-05	1.39e-07	0.00e+00	0.00e+00	0.00e+00	0.00e+00	0.00e+00
 2.63672e+23	4.50e-03	3.39e-01	6.53e-01	3.73e-03	3.24e-05	0.00e+00	0.00e+00	0.00e+00	0.00e+00	0.00e+00	0.00e+00
 2.64907e+23	5.09e-03	3.52e-01	6.40e-01	2.94e-03	2.51e-05	0.00e+00	0.00e+00	0.00e+00	0.00e+00	0.00e+00	0.00e+00
 2.66053e+23	5.77e-03	3.64e-01	6.27e-01	2.31e-03	1.93e-05	0.00e+00	0.00e+00	0.00e+00	0.00e+00	0.00e+00	0.00e+00
 2.67111e+23	6.45e-03	3.75e-01	6.17e-01	1.81e-03	1.51e-05	0.00e+00	0.00e+00	0.00e+00	0.00e+00	0.00e+00	0.00e+00
 2.68085e+23	7.23e-03	3.85e-01	6.06e-01	1.42e-03	1.18e-05	0.00e+00	0.00e+00	0.00e+00	0.00e+00	0.00e+00	0.00e+00
 2.68966e+23	8.02e-03	3.94e-01	5.97e-01	1.12e-03	9.32e-06	0.00e+00	0.00e+00	0.00e+00	0.00e+00	0.00e+00	0.00e+00
 2.69743e+23	8.81e-03	4.00e-01	5.90e-01	8.93e-04	7.49e-06	0.00e+00	0.00e+00	0.00e+00	0.00e+00	0.00e+00	0.00e+00
 2.70438e+23	9.65e-03	4.06e-01	5.84e-01	7.21e-04	6.10e-06	0.00e+00	0.00e+00	0.00e+00	0.00e+00	0.00e+00	0.00e+00
 2.71071e+23	1.05e-02	4.11e-01	5.78e-01	5.87e-04	5.02e-06	0.00e+00	0.00e+00	0.00e+00	0.00e+00	0.00e+00	0.00e+00
 2.71644e+23	1.13e-02	4.13e-01	5.75e-01	4.88e-04	4.23e-06	0.00e+00	0.00e+00	0.00e+00	0.00e+00	0.00e+00	0.00e+00
 2.72179e+23	1.22e-02	4.16e-01	5.72e-01	4.08e-04	3.57e-06	0.00e+00	0.00e+00	0.00e+00	0.00e+00	0.00e+00	0.00e+00
 2.72687e+23	1.31e-02	4.18e-01	5.69e-01	3.43e-04	3.04e-06	0.00e+00	0.00e+00	0.00e+00	0.00e+00	0.00e+00	0.00e+00
 2.73153e+23	1.39e-02	4.18e-01	5.68e-01	2.93e-04	2.64e-06	0.00e+00	0.00e+00	0.00e+00	0.00e+00	0.00e+00	0.00e+00
 2.73572e+23	1.47e-02	4.18e-01	5.67e-01	2.56e-04	2.33e-06	0.00e+00	0.00e+00	0.00e+00	0.00e+00	0.00e+00	0.00e+00
 2.73937e+23	1.54e-02	4.17e-01	5.67e-01	2.28e-04	2.10e-06	0.00e+00	0.00e+00	0.00e+00	0.00e+00	0.00e+00	0.00e+00
 2.74254e+23	1.60e-02	4.16e-01	5.67e-01	2.07e-04	1.92e-06	0.00e+00	0.00e+00	0.00e+00	0.00e+00	0.00e+00	0.00e+00
 2.74506e+23	1.65e-02	4.15e-01	5.68e-01	1.93e-04	1.80e-06	0.00e+00	0.00e+00	0.00e+00	0.00e+00	0.00e+00	0.00e+00
 2.74707e+23	1.69e-02	4.14e-01	5.69e-01	1.82e-04	1.72e-06	0.00e+00	0.00e+00	0.00e+00	0.00e+00	0.00e+00	0.00e+00
 2.74919e+23	1.74e-02	4.14e-01	5.69e-01	1.71e-04	1.63e-06	0.00e+00	0.00e+00	0.00e+00	0.00e+00	0.00e+00	0.00e+00
 2.75164e+23	1.80e-02	4.13e-01	5.68e-01	1.60e-04	1.53e-06	0.00e+00	0.00e+00	0.00e+00	0.00e+00	0.00e+00	0.00e+00
 2.75426e+23	1.86e-02	4.12e-01	5.69e-01	1.50e-04	1.45e-06	0.00e+00	0.00e+00	0.00e+00	0.00e+00	0.00e+00	0.00e+00
 2.75678e+23	1.90e-02	4.11e-01	5.70e-01	1.41e-04	1.38e-06	0.00e+00	0.00e+00	0.00e+00	0.00e+00	0.00e+00	0.00e+00
 2.75902e+23	1.95e-02	4.10e-01	5.71e-01	1.34e-04	1.32e-06	0.00e+00	0.00e+00	0.00e+00	0.00e+00	0.00e+00	0.00e+00
 2.76075e+23	1.99e-02	4.09e-01	5.71e-01	1.29e-04	1.28e-06	0.00e+00	0.00e+00	0.00e+00	0.00e+00	0.00e+00	0.00e+00
 2.76200e+23	2.02e-02	4.09e-01	5.71e-01	1.26e-04	1.25e-06	0.00e+00	0.00e+00	0.00e+00	0.00e+00	0.00e+00	0.00e+00
 2.76328e+23	2.05e-02	4.09e-01	5.71e-01	1.23e-04	1.23e-06	0.00e+00	0.00e+00	0.00e+00	0.00e+00	0.00e+00	0.00e+00
 2.76483e+23	2.10e-02	4.09e-01	5.70e-01	1.19e-04	1.19e-06	0.00e+00	0.00e+00	0.00e+00	0.00e+00	0.00e+00	0.00e+00
 2.76653e+23	2.15e-02	4.09e-01	5.70e-01	1.15e-04	1.16e-06	0.00e+00	0.00e+00	0.00e+00	0.00e+00	0.00e+00	0.00e+00
 2.76813e+23	2.18e-02	4.08e-01	5.70e-01	1.12e-04	1.13e-06	0.00e+00	0.00e+00	0.00e+00	0.00e+00	0.00e+00	0.00e+00
 2.76970e+23	2.24e-02	4.09e-01	5.69e-01	1.08e-04	1.11e-06	0.00e+00	0.00e+00	0.00e+00	0.00e+00	0.00e+00	0.00e+00
 2.77132e+23	2.28e-02	4.09e-01	5.68e-01	1.05e-04	1.08e-06	0.00e+00	0.00e+00	0.00e+00	0.00e+00	0.00e+00	0.00e+00
 2.77303e+23	2.33e-02	4.09e-01	5.67e-01	1.02e-04	1.06e-06	0.00e+00	0.00e+00	0.00e+00	0.00e+00	0.00e+00	0.00e+00
 2.77481e+23	2.39e-02	4.10e-01	5.66e-01	9.89e-05	1.03e-06	0.00e+00	0.00e+00	0.00e+00	0.00e+00	0.00e+00	0.00e+00
 2.77656e+23	2.45e-02	4.11e-01	5.65e-01	9.61e-05	1.01e-06	0.00e+00	0.00e+00	0.00e+00	0.00e+00	0.00e+00	0.00e+00
 2.77833e+23	2.51e-02	4.11e-01	5.64e-01	9.34e-05	9.86e-07	0.00e+00	0.00e+00	0.00e+00	0.00e+00	0.00e+00	0.00e+00
 2.78019e+23	2.57e-02	4.12e-01	5.62e-01	9.06e-05	9.64e-07	0.00e+00	0.00e+00	0.00e+00	0.00e+00	0.00e+00	0.00e+00
 2.78214e+23	2.64e-02	4.13e-01	5.60e-01	8.79e-05	9.42e-07	0.00e+00	0.00e+00	0.00e+00	0.00e+00	0.00e+00	0.00e+00
 2.78413e+23	2.72e-02	4.15e-01	5.58e-01	8.53e-05	9.20e-07	0.00e+00	0.00e+00	0.00e+00	0.00e+00	0.00e+00	0.00e+00
 2.78612e+23	2.79e-02	4.16e-01	5.56e-01	8.29e-05	9.01e-07	0.00e+00	0.00e+00	0.00e+00	0.00e+00	0.00e+00	0.00e+00
 2.78819e+23	2.87e-02	4.17e-01	5.54e-01	8.04e-05	8.81e-07	0.00e+00	0.00e+00	0.00e+00	0.00e+00	0.00e+00	0.00e+00
 2.79037e+23	2.97e-02	4.19e-01	5.51e-01	7.80e-05	8.60e-07	0.00e+00	0.00e+00	0.00e+00	0.00e+00	0.00e+00	0.00e+00
 2.79257e+23	3.05e-02	4.21e-01	5.48e-01	7.57e-05	8.42e-07	0.00e+00	0.00e+00	0.00e+00	0.00e+00	0.00e+00	0.00e+00
 2.79481e+23	3.15e-02	4.23e-01	5.45e-01	7.34e-05	8.23e-07	0.00e+00	0.00e+00	0.00e+00	0.00e+00	0.00e+00	0.00e+00
 2.79716e+23	3.25e-02	4.25e-01	5.42e-01	7.11e-05	8.05e-07	0.00e+00	0.00e+00	0.00e+00	0.00e+00	0.00e+00	0.00e+00
 2.79961e+23	3.37e-02	4.28e-01	5.38e-01	6.89e-05	7.86e-07	0.00e+00	0.00e+00	0.00e+00	0.00e+00	0.00e+00	0.00e+00
 2.80212e+23	3.48e-02	4.30e-01	5.35e-01	6.68e-05	7.69e-07	0.00e+00	0.00e+00	0.00e+00	0.00e+00	0.00e+00	0.00e+00
 2.80469e+23	3.60e-02	4.33e-01	5.31e-01	6.47e-05	7.51e-07	0.00e+00	0.00e+00	0.00e+00	0.00e+00	0.00e+00	0.00e+00
 2.80738e+23	3.73e-02	4.36e-01	5.27e-01	6.26e-05	7.34e-07	0.00e+00	0.00e+00	0.00e+00	0.00e+00	0.00e+00	0.00e+00
 2.81019e+23	3.87e-02	4.39e-01	5.22e-01	6.05e-05	7.17e-07	0.00e+00	0.00e+00	0.00e+00	0.00e+00	0.00e+00	0.00e+00
 2.81310e+23	4.01e-02	4.43e-01	5.17e-01	5.85e-05	7.00e-07	0.00e+00	0.00e+00	0.00e+00	0.00e+00	0.00e+00	0.00e+00
 2.81606e+23	4.16e-02	4.46e-01	5.12e-01	5.66e-05	6.84e-07	0.00e+00	0.00e+00	0.00e+00	0.00e+00	0.00e+00	0.00e+00
 2.81908e+23	4.31e-02	4.49e-01	5.08e-01	5.47e-05	6.68e-07	0.00e+00	0.00e+00	0.00e+00	0.00e+00	0.00e+00	0.00e+00
 2.82219e+23	4.48e-02	4.53e-01	5.02e-01	5.28e-05	6.52e-07	0.00e+00	0.00e+00	0.00e+00	0.00e+00	0.00e+00	0.00e+00
 2.82546e+23	4.66e-02	4.57e-01	4.96e-01	5.10e-05	6.36e-07	0.00e+00	0.00e+00	0.00e+00	0.00e+00	0.00e+00	0.00e+00
 2.82885e+23	4.85e-02	4.61e-01	4.91e-01	4.92e-05	6.20e-07	0.00e+00	0.00e+00	0.00e+00	0.00e+00	0.00e+00	0.00e+00
 2.83231e+23	5.03e-02	4.65e-01	4.85e-01	4.75e-05	6.05e-07	0.00e+00	0.00e+00	0.00e+00	0.00e+00	0.00e+00	0.00e+00
 2.83587e+23	5.25e-02	4.69e-01	4.78e-01	4.58e-05	5.89e-07	0.00e+00	0.00e+00	0.00e+00	0.00e+00	0.00e+00	0.00e+00
 2.83961e+23	5.47e-02	4.74e-01	4.71e-01	4.41e-05	5.73e-07	0.00e+00	0.00e+00	0.00e+00	0.00e+00	0.00e+00	0.00e+00
 2.84360e+23	5.70e-02	4.78e-01	4.65e-01	4.24e-05	5.58e-07	0.00e+00	0.00e+00	0.00e+00	0.00e+00	0.00e+00	0.00e+00
 2.84773e+23	5.95e-02	4.83e-01	4.57e-01	4.08e-05	5.42e-07	0.00e+00	0.00e+00	0.00e+00	0.00e+00	0.00e+00	0.00e+00
 2.85202e+23	6.23e-02	4.88e-01	4.50e-01	3.91e-05	5.25e-07	0.00e+00	0.00e+00	0.00e+00	0.00e+00	0.00e+00	0.00e+00
 2.85658e+23	6.53e-02	4.93e-01	4.42e-01	3.74e-05	5.08e-07	0.00e+00	0.00e+00	0.00e+00	0.00e+00	0.00e+00	0.00e+00
 2.86143e+23	6.86e-02	4.98e-01	4.33e-01	3.57e-05	4.90e-07	0.00e+00	0.00e+00	0.00e+00	0.00e+00	0.00e+00	0.00e+00
 2.86652e+23	7.22e-02	5.04e-01	4.24e-01	3.41e-05	4.72e-07	0.00e+00	0.00e+00	0.00e+00	0.00e+00	0.00e+00	0.00e+00
 2.87169e+23	7.61e-02	5.09e-01	4.15e-01	3.25e-05	4.54e-07	0.00e+00	0.00e+00	0.00e+00	0.00e+00	0.00e+00	0.00e+00
 2.87668e+23	7.99e-02	5.14e-01	4.06e-01	3.10e-05	4.38e-07	0.00e+00	0.00e+00	0.00e+00	0.00e+00	0.00e+00	0.00e+00
 2.88145e+23	8.37e-02	5.19e-01	3.97e-01	2.97e-05	4.22e-07	0.00e+00	0.00e+00	0.00e+00	0.00e+00	0.00e+00	0.00e+00
 2.88613e+23	8.77e-02	5.24e-01	3.89e-01	2.84e-05	4.06e-07	0.00e+00	0.00e+00	0.00e+00	0.00e+00	0.00e+00	0.00e+00
 2.89073e+23	9.17e-02	5.28e-01	3.80e-01	2.72e-05	3.92e-07	0.00e+00	0.00e+00	0.00e+00	0.00e+00	0.00e+00	0.00e+00
 2.89523e+23	9.58e-02	5.32e-01	3.72e-01	2.57e-05	3.77e-07	0.00e+00	0.00e+00	0.00e+00	0.00e+00	0.00e+00	0.00e+00
 2.89952e+23	1.00e-01	5.36e-01	3.64e-01	2.44e-05	3.63e-07	0.00e+00	0.00e+00	0.00e+00	0.00e+00	0.00e+00	0.00e+00
 2.90349e+23	1.04e-01	5.39e-01	3.57e-01	2.33e-05	3.51e-07	0.00e+00	0.00e+00	0.00e+00	0.00e+00	0.00e+00	0.00e+00
 2.90735e+23	1.08e-01	5.42e-01	3.49e-01	2.21e-05	3.38e-07	0.00e+00	0.00e+00	0.00e+00	0.00e+00	0.00e+00	0.00e+00
 2.91121e+23	1.12e-01	5.45e-01	3.42e-01	2.11e-05	3.26e-07	0.00e+00	0.00e+00	0.00e+00	0.00e+00	0.00e+00	0.00e+00
 2.91495e+23	1.17e-01	5.48e-01	3.35e-01	2.01e-05	3.15e-07	0.00e+00	0.00e+00	0.00e+00	0.00e+00	0.00e+00	0.00e+00
 2.91856e+23	1.21e-01	5.51e-01	3.28e-01	1.92e-05	3.04e-07	0.00e+00	0.00e+00	0.00e+00	0.00e+00	0.00e+00	0.00e+00
 2.92204e+23	1.26e-01	5.53e-01	3.21e-01	1.83e-05	2.93e-07	0.00e+00	0.00e+00	0.00e+00	0.00e+00	0.00e+00	0.00e+00
 2.92540e+23	1.30e-01	5.56e-01	3.14e-01	1.75e-05	2.83e-07	0.00e+00	0.00e+00	0.00e+00	0.00e+00	0.00e+00	0.00e+00
 2.92866e+23	1.35e-01	5.58e-01	3.08e-01	1.67e-05	2.73e-07	0.00e+00	0.00e+00	0.00e+00	0.00e+00	0.00e+00	0.00e+00
 2.93180e+23	1.39e-01	5.60e-01	3.01e-01	1.60e-05	2.63e-07	0.00e+00	0.00e+00	0.00e+00	0.00e+00	0.00e+00	0.00e+00
 2.93483e+23	1.44e-01	5.61e-01	2.95e-01	1.54e-05	2.54e-07	0.00e+00	0.00e+00	0.00e+00	0.00e+00	0.00e+00	0.00e+00
 2.93775e+23	1.48e-01	5.63e-01	2.89e-01	1.48e-05	2.46e-07	0.00e+00	0.00e+00	0.00e+00	0.00e+00	0.00e+00	0.00e+00
 2.94057e+23	1.53e-01	5.64e-01	2.83e-01	1.42e-05	2.37e-07	0.00e+00	0.00e+00	0.00e+00	0.00e+00	0.00e+00	0.00e+00
 2.94330e+23	1.58e-01	5.65e-01	2.77e-01	1.36e-05	2.29e-07	0.00e+00	0.00e+00	0.00e+00	0.00e+00	0.00e+00	0.00e+00
 2.94588e+23	1.62e-01	5.66e-01	2.71e-01	1.31e-05	2.22e-07	0.00e+00	0.00e+00	0.00e+00	0.00e+00	0.00e+00	0.00e+00
 2.94841e+23	1.67e-01	5.67e-01	2.65e-01	1.26e-05	2.14e-07	0.00e+00	0.00e+00	0.00e+00	0.00e+00	0.00e+00	0.00e+00
 2.95087e+23	1.72e-01	5.68e-01	2.59e-01	1.21e-05	2.07e-07	0.00e+00	0.00e+00	0.00e+00	0.00e+00	0.00e+00	0.00e+00
 2.95311e+23	1.77e-01	5.69e-01	2.54e-01	1.17e-05	2.01e-07	0.00e+00	0.00e+00	0.00e+00	0.00e+00	0.00e+00	0.00e+00
 2.95515e+23	1.81e-01	5.69e-01	2.49e-01	1.13e-05	1.95e-07	0.00e+00	0.00e+00	0.00e+00	0.00e+00	0.00e+00	0.00e+00
 2.95701e+23	1.85e-01	5.70e-01	2.45e-01	1.10e-05	1.90e-07	0.00e+00	0.00e+00	0.00e+00	0.00e+00	0.00e+00	0.00e+00
 2.95869e+23	1.89e-01	5.70e-01	2.41e-01	1.07e-05	1.85e-07	0.00e+00	0.00e+00	0.00e+00	0.00e+00	0.00e+00	0.00e+00
 2.96023e+23	1.93e-01	5.70e-01	2.37e-01	1.04e-05	1.81e-07	0.00e+00	0.00e+00	0.00e+00	0.00e+00	0.00e+00	0.00e+00
 2.96163e+23	1.97e-01	5.70e-01	2.33e-01	1.02e-05	1.77e-07	0.00e+00	0.00e+00	0.00e+00	0.00e+00	0.00e+00	0.00e+00
 2.96290e+23	2.00e-01	5.70e-01	2.30e-01	9.96e-06	1.73e-07	0.00e+00	0.00e+00	0.00e+00	0.00e+00	0.00e+00	0.00e+00
 2.96406e+23	2.03e-01	5.70e-01	2.27e-01	9.78e-06	1.71e-07	0.00e+00	0.00e+00	0.00e+00	0.00e+00	0.00e+00	0.00e+00
 2.96532e+23	2.06e-01	5.70e-01	2.23e-01	9.54e-06	1.67e-07	0.00e+00	0.00e+00	0.00e+00	0.00e+00	0.00e+00	0.00e+00
 2.96697e+23	2.11e-01	5.70e-01	2.19e-01	9.25e-06	1.62e-07	0.00e+00	0.00e+00	0.00e+00	0.00e+00	0.00e+00	0.00e+00
 2.96875e+23	2.14e-01	5.70e-01	2.16e-01	9.01e-06	1.58e-07	0.00e+00	0.00e+00	0.00e+00	0.00e+00	0.00e+00	0.00e+00
 2.97037e+23	2.19e-01	5.69e-01	2.12e-01	8.74e-06	1.54e-07	0.00e+00	0.00e+00	0.00e+00	0.00e+00	0.00e+00	0.00e+00
 2.97185e+23	2.23e-01	5.69e-01	2.08e-01	8.53e-06	1.51e-07	0.00e+00	0.00e+00	0.00e+00	0.00e+00	0.00e+00	0.00e+00
 2.97319e+23	2.26e-01	5.69e-01	2.05e-01	8.33e-06	1.48e-07	0.00e+00	0.00e+00	0.00e+00	0.00e+00	0.00e+00	0.00e+00
 2.97441e+23	2.30e-01	5.68e-01	2.02e-01	8.14e-06	1.45e-07	0.00e+00	0.00e+00	0.00e+00	0.00e+00	0.00e+00	0.00e+00
 2.97552e+23	2.34e-01	5.67e-01	1.99e-01	7.96e-06	1.42e-07	0.00e+00	0.00e+00	0.00e+00	0.00e+00	0.00e+00	0.00e+00
 2.97653e+23	2.36e-01	5.67e-01	1.97e-01	7.85e-06	1.40e-07	0.00e+00	0.00e+00	0.00e+00	0.00e+00	0.00e+00	0.00e+00
 2.97764e+23	2.39e-01	5.67e-01	1.94e-01	7.69e-06	1.38e-07	0.00e+00	0.00e+00	0.00e+00	0.00e+00	0.00e+00	0.00e+00
 2.97908e+23	2.43e-01	5.66e-01	1.91e-01	7.49e-06	1.35e-07	0.00e+00	0.00e+00	0.00e+00	0.00e+00	0.00e+00	0.00e+00
 2.98063e+23	2.46e-01	5.65e-01	1.88e-01	7.31e-06	1.32e-07	0.00e+00	0.00e+00	0.00e+00	0.00e+00	0.00e+00	0.00e+00
 2.98204e+23	2.49e-01	5.65e-01	1.86e-01	7.15e-06	1.29e-07	0.00e+00	0.00e+00	0.00e+00	0.00e+00	0.00e+00	0.00e+00
 2.98359e+23	2.54e-01	5.64e-01	1.82e-01	6.94e-06	1.26e-07	0.00e+00	0.00e+00	0.00e+00	0.00e+00	0.00e+00	0.00e+00
 2.98527e+23	2.58e-01	5.63e-01	1.79e-01	6.76e-06	0.00e+00	0.00e+00	0.00e+00	0.00e+00	0.00e+00	0.00e+00	0.00e+00
 2.98679e+23	2.63e-01	5.62e-01	1.76e-01	6.58e-06	0.00e+00	0.00e+00	0.00e+00	0.00e+00	0.00e+00	0.00e+00	0.00e+00
 2.98818e+23	2.65e-01	5.61e-01	1.74e-01	6.45e-06	0.00e+00	0.00e+00	0.00e+00	0.00e+00	0.00e+00	0.00e+00	0.00e+00
 2.98969e+23	2.70e-01	5.60e-01	1.70e-01	6.26e-06	0.00e+00	0.00e+00	0.00e+00	0.00e+00	0.00e+00	0.00e+00	0.00e+00
 2.99133e+23	2.74e-01	5.59e-01	1.67e-01	6.09e-06	0.00e+00	0.00e+00	0.00e+00	0.00e+00	0.00e+00	0.00e+00	0.00e+00
 2.99283e+23	2.79e-01	5.57e-01	1.64e-01	5.93e-06	0.00e+00	0.00e+00	0.00e+00	0.00e+00	0.00e+00	0.00e+00	0.00e+00
 2.99418e+23	2.82e-01	5.56e-01	1.62e-01	5.81e-06	0.00e+00	0.00e+00	0.00e+00	0.00e+00	0.00e+00	0.00e+00	0.00e+00
 2.99567e+23	2.86e-01	5.55e-01	1.59e-01	5.64e-06	0.00e+00	0.00e+00	0.00e+00	0.00e+00	0.00e+00	0.00e+00	0.00e+00
 2.99728e+23	2.90e-01	5.54e-01	1.56e-01	5.50e-06	0.00e+00	0.00e+00	0.00e+00	0.00e+00	0.00e+00	0.00e+00	0.00e+00
 2.99904e+23	2.96e-01	5.52e-01	1.52e-01	5.31e-06	0.00e+00	0.00e+00	0.00e+00	0.00e+00	0.00e+00	0.00e+00	0.00e+00
 3.00094e+23	3.01e-01	5.50e-01	1.49e-01	5.15e-06	0.00e+00	0.00e+00	0.00e+00	0.00e+00	0.00e+00	0.00e+00	0.00e+00
 3.00266e+23	3.06e-01	5.48e-01	1.46e-01	5.00e-06	0.00e+00	0.00e+00	0.00e+00	0.00e+00	0.00e+00	0.00e+00	0.00e+00
 3.00424e+23	3.10e-01	5.46e-01	1.43e-01	4.86e-06	0.00e+00	0.00e+00	0.00e+00	0.00e+00	0.00e+00	0.00e+00	0.00e+00
 3.00567e+23	3.15e-01	5.45e-01	1.41e-01	4.73e-06	0.00e+00	0.00e+00	0.00e+00	0.00e+00	0.00e+00	0.00e+00	0.00e+00
 3.00697e+23	3.19e-01	5.43e-01	1.38e-01	4.62e-06	0.00e+00	0.00e+00	0.00e+00	0.00e+00	0.00e+00	0.00e+00	0.00e+00
 3.00840e+23	3.24e-01	5.41e-01	1.35e-01	4.48e-06	0.00e+00	0.00e+00	0.00e+00	0.00e+00	0.00e+00	0.00e+00	0.00e+00
 3.00994e+23	3.29e-01	5.39e-01	1.33e-01	4.36e-06	0.00e+00	0.00e+00	0.00e+00	0.00e+00	0.00e+00	0.00e+00	0.00e+00
 3.01134e+23	3.33e-01	5.37e-01	1.30e-01	4.25e-06	0.00e+00	0.00e+00	0.00e+00	0.00e+00	0.00e+00	0.00e+00	0.00e+00
 3.01262e+23	3.36e-01	5.35e-01	1.28e-01	4.16e-06	0.00e+00	0.00e+00	0.00e+00	0.00e+00	0.00e+00	0.00e+00	0.00e+00
 3.01402e+23	3.41e-01	5.33e-01	1.26e-01	4.05e-06	0.00e+00	0.00e+00	0.00e+00	0.00e+00	0.00e+00	0.00e+00	0.00e+00
 3.01553e+23	3.45e-01	5.31e-01	1.23e-01	3.94e-06	0.00e+00	0.00e+00	0.00e+00	0.00e+00	0.00e+00	0.00e+00	0.00e+00
 3.01690e+23	3.50e-01	5.29e-01	1.21e-01	3.84e-06	0.00e+00	0.00e+00	0.00e+00	0.00e+00	0.00e+00	0.00e+00	0.00e+00
 3.01815e+23	3.53e-01	5.28e-01	1.19e-01	3.77e-06	0.00e+00	0.00e+00	0.00e+00	0.00e+00	0.00e+00	0.00e+00	0.00e+00
 3.01952e+23	3.58e-01	5.25e-01	1.17e-01	3.67e-06	0.00e+00	0.00e+00	0.00e+00	0.00e+00	0.00e+00	0.00e+00	0.00e+00
 3.02100e+23	3.62e-01	5.23e-01	1.15e-01	3.58e-06	0.00e+00	0.00e+00	0.00e+00	0.00e+00	0.00e+00	0.00e+00	0.00e+00
 3.02262e+23	3.67e-01	5.21e-01	1.12e-01	3.46e-06	0.00e+00	0.00e+00	0.00e+00	0.00e+00	0.00e+00	0.00e+00	0.00e+00
 3.02437e+23	3.72e-01	5.18e-01	1.10e-01	3.36e-06	0.00e+00	0.00e+00	0.00e+00	0.00e+00	0.00e+00	0.00e+00	0.00e+00
 3.02596e+23	3.77e-01	5.15e-01	1.08e-01	3.27e-06	0.00e+00	0.00e+00	0.00e+00	0.00e+00	0.00e+00	0.00e+00	0.00e+00
 3.02741e+23	3.80e-01	5.14e-01	1.06e-01	3.20e-06	0.00e+00	0.00e+00	0.00e+00	0.00e+00	0.00e+00	0.00e+00	0.00e+00
 3.02900e+23	3.85e-01	5.11e-01	1.04e-01	3.10e-06	0.00e+00	0.00e+00	0.00e+00	0.00e+00	0.00e+00	0.00e+00	0.00e+00
 3.03071e+23	3.89e-01	5.09e-01	1.02e-01	3.02e-06	0.00e+00	0.00e+00	0.00e+00	0.00e+00	0.00e+00	0.00e+00	0.00e+00
 3.03259e+23	3.95e-01	5.06e-01	9.95e-02	2.92e-06	0.00e+00	0.00e+00	0.00e+00	0.00e+00	0.00e+00	0.00e+00	0.00e+00
 3.03462e+23	3.99e-01	5.03e-01	9.75e-02	2.84e-06	0.00e+00	0.00e+00	0.00e+00	0.00e+00	0.00e+00	0.00e+00	0.00e+00
 3.03647e+23	4.05e-01	5.00e-01	9.52e-02	2.75e-06	0.00e+00	0.00e+00	0.00e+00	0.00e+00	0.00e+00	0.00e+00	0.00e+00
 3.03814e+23	4.08e-01	4.98e-01	9.38e-02	2.69e-06	0.00e+00	0.00e+00	0.00e+00	0.00e+00	0.00e+00	0.00e+00	0.00e+00
 3.03998e+23	4.14e-01	4.94e-01	9.12e-02	2.59e-06	0.00e+00	0.00e+00	0.00e+00	0.00e+00	0.00e+00	0.00e+00	0.00e+00
 3.04197e+23	4.18e-01	4.92e-01	8.96e-02	2.52e-06	0.00e+00	0.00e+00	0.00e+00	0.00e+00	0.00e+00	0.00e+00	0.00e+00
 3.04378e+23	4.23e-01	4.89e-01	8.77e-02	2.44e-06	0.00e+00	0.00e+00	0.00e+00	0.00e+00	0.00e+00	0.00e+00	0.00e+00
 3.04542e+23	4.28e-01	4.86e-01	8.58e-02	2.38e-06	0.00e+00	0.00e+00	0.00e+00	0.00e+00	0.00e+00	0.00e+00	0.00e+00
 3.04692e+23	4.31e-01	4.84e-01	8.45e-02	2.33e-06	0.00e+00	0.00e+00	0.00e+00	0.00e+00	0.00e+00	0.00e+00	0.00e+00
 3.04856e+23	4.37e-01	4.80e-01	8.24e-02	2.25e-06	0.00e+00	0.00e+00	0.00e+00	0.00e+00	0.00e+00	0.00e+00	0.00e+00
 3.05033e+23	4.40e-01	4.78e-01	8.12e-02	2.20e-06	0.00e+00	0.00e+00	0.00e+00	0.00e+00	0.00e+00	0.00e+00	0.00e+00
 3.05227e+23	4.46e-01	4.75e-01	7.91e-02	2.12e-06	0.00e+00	0.00e+00	0.00e+00	0.00e+00	0.00e+00	0.00e+00	0.00e+00
 3.05437e+23	4.51e-01	4.72e-01	7.75e-02	2.06e-06	0.00e+00	0.00e+00	0.00e+00	0.00e+00	0.00e+00	0.00e+00	0.00e+00
 3.05627e+23	4.55e-01	4.69e-01	7.61e-02	2.01e-06	0.00e+00	0.00e+00	0.00e+00	0.00e+00	0.00e+00	0.00e+00	0.00e+00
 3.05836e+23	4.61e-01	4.65e-01	7.39e-02	1.93e-06	0.00e+00	0.00e+00	0.00e+00	0.00e+00	0.00e+00	0.00e+00	0.00e+00
 3.06062e+23	4.66e-01	4.62e-01	7.23e-02	1.87e-06	0.00e+00	0.00e+00	0.00e+00	0.00e+00	0.00e+00	0.00e+00	0.00e+00
 3.06267e+23	4.71e-01	4.58e-01	7.05e-02	1.81e-06	0.00e+00	0.00e+00	0.00e+00	0.00e+00	0.00e+00	0.00e+00	0.00e+00
 3.06454e+23	4.75e-01	4.56e-01	6.93e-02	1.77e-06	0.00e+00	0.00e+00	0.00e+00	0.00e+00	0.00e+00	0.00e+00	0.00e+00
 3.06659e+23	4.81e-01	4.52e-01	6.75e-02	1.70e-06	0.00e+00	0.00e+00	0.00e+00	0.00e+00	0.00e+00	0.00e+00	0.00e+00
 3.06879e+23	4.85e-01	4.49e-01	6.60e-02	1.65e-06	0.00e+00	0.00e+00	0.00e+00	0.00e+00	0.00e+00	0.00e+00	0.00e+00
 3.07080e+23	4.89e-01	4.46e-01	6.47e-02	1.61e-06	0.00e+00	0.00e+00	0.00e+00	0.00e+00	0.00e+00	0.00e+00	0.00e+00
 3.07301e+23	4.96e-01	4.41e-01	6.28e-02	1.55e-06	0.00e+00	0.00e+00	0.00e+00	0.00e+00	0.00e+00	0.00e+00	0.00e+00
 3.07539e+23	5.01e-01	4.38e-01	6.14e-02	1.50e-06	0.00e+00	0.00e+00	0.00e+00	0.00e+00	0.00e+00	0.00e+00	0.00e+00
 3.07755e+23	5.05e-01	4.35e-01	6.02e-02	1.45e-06	0.00e+00	0.00e+00	0.00e+00	0.00e+00	0.00e+00	0.00e+00	0.00e+00
 3.07992e+23	5.11e-01	4.30e-01	5.84e-02	1.40e-06	0.00e+00	0.00e+00	0.00e+00	0.00e+00	0.00e+00	0.00e+00	0.00e+00
 3.08248e+23	5.16e-01	4.27e-01	5.71e-02	1.35e-06	0.00e+00	0.00e+00	0.00e+00	0.00e+00	0.00e+00	0.00e+00	0.00e+00
 3.08469e+23	5.21e-01	4.24e-01	5.58e-02	1.31e-06	0.00e+00	0.00e+00	0.00e+00	0.00e+00	0.00e+00	0.00e+00	0.00e+00
