#depth	H	H+	H2
 1.54284e+22	3.69e-06	1.00e+00	1.07e-29
 3.46599e+22	5.89e-06	1.00e+00	2.84e-29
 4.03647e+22	7.27e-06	1.00e+00	5.21e-29
 4.32171e+22	8.05e-06	1.00e+00	7.27e-29
 4.45818e+22	8.41e-06	1.00e+00	8.47e-29
 4.55338e+22	8.89e-06	1.00e+00	1.03e-28
 4.65406e+22	9.33e-06	1.00e+00	1.23e-28
 4.76186e+22	9.93e-06	1.00e+00	1.55e-28
 4.87019e+22	1.04e-05	1.00e+00	1.86e-28
 4.97924e+22	1.11e-05	1.00e+00	2.36e-28
 5.09053e+22	1.16e-05	1.00e+00	2.87e-28
 5.20475e+22	1.24e-05	1.00e+00	3.69e-28
 5.32159e+22	1.30e-05	1.00e+00	4.52e-28
 5.44184e+22	1.38e-05	1.00e+00	5.91e-28
 5.56450e+22	1.46e-05	1.00e+00	7.30e-28
 5.66783e+22	1.52e-05	1.00e+00	8.82e-28
 5.77965e+22	1.61e-05	1.00e+00	1.13e-27
 5.88848e+22	1.68e-05	1.00e+00	1.35e-27
 5.99342e+22	1.78e-05	1.00e+00	1.70e-27
 6.09942e+22	1.85e-05	1.00e+00	2.03e-27
 6.20680e+22	1.95e-05	1.00e+00	2.56e-27
 6.31574e+22	2.04e-05	1.00e+00	3.07e-27
 6.42672e+22	2.15e-05	1.00e+00	3.91e-27
 6.53936e+22	2.25e-05	1.00e+00	4.71e-27
 6.65416e+22	2.38e-05	1.00e+00	6.02e-27
 6.77090e+22	2.48e-05	1.00e+00	7.29e-27
 6.89016e+22	2.63e-05	1.00e+00	9.39e-27
 7.01198e+22	2.75e-05	1.00e+00	1.15e-26
 7.13715e+22	2.92e-05	1.00e+00	1.49e-26
 7.26566e+22	3.06e-05	1.00e+00	1.84e-26
 7.39853e+22	3.26e-05	1.00e+00	2.42e-26
 7.53293e+22	3.42e-05	1.00e+00	3.00e-26
 7.66934e+22	3.64e-05	1.00e+00	3.97e-26
 7.80754e+22	3.82e-05	1.00e+00	4.93e-26
 7.94808e+22	4.07e-05	1.00e+00	6.57e-26
 8.09064e+22	4.28e-05	1.00e+00	8.21e-26
 8.21604e+22	4.49e-05	1.00e+00	9.95e-26
 8.35928e+22	4.79e-05	1.00e+00	1.32e-25
 8.50541e+22	5.04e-05	1.00e+00	1.67e-25
 8.62393e+22	5.27e-05	1.00e+00	2.03e-25
 8.74663e+22	5.54e-05	1.00e+00	2.56e-25
 8.87588e+22	5.80e-05	1.00e+00	3.15e-25
 8.99462e+22	6.07e-05	1.00e+00	3.86e-25
 9.12994e+22	6.42e-05	1.00e+00	5.14e-25
 9.26894e+22	6.76e-05	1.00e+00	6.25e-25
 9.39106e+22	7.07e-05	1.00e+00	7.67e-25
 9.52816e+22	7.47e-05	1.00e+00	1.02e-24
 9.67184e+22	7.88e-05	1.00e+00	1.26e-24
 9.80181e+22	8.26e-05	1.00e+00	1.56e-24
 9.94847e+22	8.77e-05	1.00e+00	2.05e-24
 1.01000e+23	9.25e-05	1.00e+00	2.61e-24
 1.02350e+23	9.72e-05	1.00e+00	3.28e-24
 1.03878e+23	1.03e-04	1.00e+00	4.36e-24
 1.05467e+23	1.09e-04	1.00e+00	5.61e-24
 1.06898e+23	1.15e-04	1.00e+00	7.13e-24
 1.08520e+23	1.23e-04	1.00e+00	9.70e-24
 1.10188e+23	1.30e-04	1.00e+00	1.26e-23
 1.11687e+23	1.38e-04	1.00e+00	1.62e-23
 1.13406e+23	1.48e-04	1.00e+00	2.25e-23
 1.15142e+23	1.57e-04	1.00e+00	2.93e-23
 1.16902e+23	1.68e-04	1.00e+00	4.10e-23
 1.18689e+23	1.79e-04	1.00e+00	5.40e-23
 1.20275e+23	1.89e-04	1.00e+00	7.12e-23
 1.22097e+23	2.04e-04	1.00e+00	1.02e-22
 1.23944e+23	2.17e-04	1.00e+00	1.36e-22
 1.25822e+23	2.34e-04	1.00e+00	1.99e-22
 1.27724e+23	2.49e-04	1.00e+00	2.69e-22
 1.29659e+23	2.69e-04	1.00e+00	4.01e-22
 1.31619e+23	2.87e-04	1.00e+00	5.55e-22
 1.33325e+23	3.05e-04	1.00e+00	7.57e-22
 1.34961e+23	3.23e-04	1.00e+00	1.02e-21
 1.36525e+23	3.41e-04	1.00e+00	1.36e-21
 1.38289e+23	3.66e-04	1.00e+00	1.97e-21
 1.40044e+23	3.86e-04	1.00e+00	2.66e-21
 1.41788e+23	4.15e-04	1.00e+00	3.89e-21
 1.43559e+23	4.39e-04	1.00e+00	5.29e-21
 1.45365e+23	4.71e-04	1.00e+00	7.74e-21
 1.47200e+23	5.00e-04	1.00e+00	1.09e-20
 1.48827e+23	5.29e-04	9.99e-01	1.48e-20
 1.50695e+23	5.69e-04	9.99e-01	2.22e-20
 1.52500e+23	6.00e-04	9.99e-01	2.98e-20
 1.53945e+23	6.31e-04	9.99e-01	3.90e-20
 1.55547e+23	6.70e-04	9.99e-01	5.45e-20
 1.57171e+23	7.05e-04	9.99e-01	7.29e-20
 1.58601e+23	7.41e-04	9.99e-01	9.57e-20
 1.60238e+23	7.87e-04	9.99e-01	1.39e-19
 1.61896e+23	8.29e-04	9.99e-01	1.92e-19
 1.63356e+23	8.71e-04	9.99e-01	2.58e-19
 1.65027e+23	9.27e-04	9.99e-01	3.92e-19
 1.66724e+23	9.77e-04	9.99e-01	5.71e-19
 1.68220e+23	1.03e-03	9.99e-01	8.04e-19
 1.69929e+23	1.09e-03	9.99e-01	1.34e-18
 1.71663e+23	1.15e-03	9.99e-01	2.21e-18
 1.73199e+23	1.21e-03	9.99e-01	3.48e-18
 1.74964e+23	1.29e-03	9.99e-01	7.16e-18
 1.76759e+23	1.36e-03	9.99e-01	1.55e-17
 1.78591e+23	1.46e-03	9.99e-01	3.89e-17
 1.80448e+23	1.54e-03	9.98e-01	1.27e-16
 1.82336e+23	1.65e-03	9.98e-01	2.33e-16
 1.84260e+23	1.74e-03	9.98e-01	3.91e-16
 1.86233e+23	1.87e-03	9.98e-01	6.08e-16
 1.88240e+23	1.98e-03	9.98e-01	9.13e-16
 1.90292e+23	2.13e-03	9.98e-01	1.33e-15
 1.92082e+23	2.22e-03	9.98e-01	1.68e-15
 1.93533e+23	2.33e-03	9.98e-01	2.21e-15
 1.95050e+23	2.44e-03	9.98e-01	2.70e-15
 1.96436e+23	2.54e-03	9.97e-01	3.25e-15
 1.98021e+23	2.68e-03	9.97e-01	4.02e-15
 1.99635e+23	2.80e-03	9.97e-01	4.80e-15
 2.01285e+23	2.96e-03	9.97e-01	5.95e-15
 2.02947e+23	3.10e-03	9.97e-01	7.10e-15
 2.04622e+23	3.28e-03	9.97e-01	8.81e-15
 2.06324e+23	3.43e-03	9.97e-01	1.05e-14
 2.08061e+23	3.63e-03	9.96e-01	1.32e-14
 2.09829e+23	3.81e-03	9.96e-01	1.58e-14
 2.11638e+23	4.04e-03	9.96e-01	1.99e-14
 2.13480e+23	4.24e-03	9.96e-01	2.41e-14
 2.15363e+23	4.52e-03	9.95e-01	3.07e-14
 2.17266e+23	4.74e-03	9.95e-01	3.72e-14
 2.19193e+23	5.05e-03	9.95e-01	4.76e-14
 2.21149e+23	5.32e-03	9.95e-01	5.85e-14
 2.23143e+23	5.69e-03	9.94e-01	7.60e-14
 2.25127e+23	5.98e-03	9.94e-01	9.30e-14
 2.27101e+23	6.40e-03	9.94e-01	1.21e-13
 2.29082e+23	6.74e-03	9.93e-01	1.49e-13
 2.31074e+23	7.24e-03	9.93e-01	1.95e-13
 2.33067e+23	7.64e-03	9.92e-01	2.41e-13
 2.35060e+23	8.26e-03	9.92e-01	3.21e-13
 2.37046e+23	8.74e-03	9.91e-01	4.00e-13
 2.39023e+23	9.48e-03	9.91e-01	5.36e-13
 2.41006e+23	1.01e-02	9.90e-01	6.79e-13
 2.42997e+23	1.11e-02	9.89e-01	9.28e-13
 2.44995e+23	1.19e-02	9.88e-01	1.20e-12
 2.47000e+23	1.32e-02	9.87e-01	1.68e-12
 2.49021e+23	1.44e-02	9.86e-01	2.25e-12
 2.50789e+23	1.58e-02	9.84e-01	3.04e-12
 2.52815e+23	1.79e-02	9.82e-01	4.48e-12
 2.54854e+23	2.02e-02	9.80e-01	6.40e-12
 2.56394e+23	2.23e-02	9.78e-01	8.47e-12
 2.57882e+23	2.51e-02	9.75e-01	1.19e-11
 2.59478e+23	2.87e-02	9.71e-01	1.71e-11
 2.60946e+23	3.29e-02	9.67e-01	2.46e-11
 2.62344e+23	3.81e-02	9.62e-01	3.58e-11
 2.63672e+23	4.45e-02	9.56e-01	5.29e-11
 2.64907e+23	5.22e-02	9.48e-01	7.79e-11
 2.66053e+23	6.19e-02	9.38e-01	1.17e-10
 2.67111e+23	7.35e-02	9.26e-01	1.73e-10
 2.68085e+23	8.79e-02	9.12e-01	2.59e-10
 2.68966e+23	1.05e-01	8.95e-01	3.83e-10
 2.69743e+23	1.24e-01	8.76e-01	5.51e-10
 2.70438e+23	1.46e-01	8.54e-01	7.81e-10
 2.71071e+23	1.71e-01	8.29e-01	1.09e-09
 2.71644e+23	1.98e-01	8.02e-01	1.46e-09
 2.72179e+23	2.27e-01	7.73e-01	1.95e-09
 2.72687e+23	2.61e-01	7.39e-01	2.57e-09
 2.73153e+23	2.95e-01	7.05e-01	3.29e-09
 2.73572e+23	3.30e-01	6.70e-01	4.07e-09
 2.73937e+23	3.62e-01	6.38e-01	4.86e-09
 2.74254e+23	3.91e-01	6.09e-01	5.62e-09
 2.74506e+23	4.14e-01	5.86e-01	6.26e-09
 2.74707e+23	4.33e-01	5.67e-01	6.80e-09
 2.74919e+23	4.54e-01	5.46e-01	7.41e-09
 2.75164e+23	4.78e-01	5.22e-01	8.15e-09
 2.75426e+23	5.03e-01	4.97e-01	8.92e-09
 2.75678e+23	5.25e-01	4.75e-01	9.60e-09
 2.75902e+23	5.45e-01	4.55e-01	1.02e-08
 2.76075e+23	5.60e-01	4.40e-01	1.07e-08
 2.76200e+23	5.71e-01	4.29e-01	1.10e-08
 2.76328e+23	5.81e-01	4.19e-01	1.14e-08
 2.76483e+23	5.93e-01	4.07e-01	1.18e-08
 2.76653e+23	6.07e-01	3.93e-01	1.23e-08
 2.76813e+23	6.19e-01	3.81e-01	1.26e-08
 2.76970e+23	6.30e-01	3.70e-01	1.30e-08
 2.77132e+23	6.41e-01	3.59e-01	1.34e-08
 2.77303e+23	6.53e-01	3.47e-01	1.38e-08
 2.77481e+23	6.65e-01	3.35e-01	1.42e-08
 2.77656e+23	6.76e-01	3.24e-01	1.45e-08
 2.77833e+23	6.86e-01	3.14e-01	1.49e-08
 2.78019e+23	6.97e-01	3.03e-01	1.52e-08
 2.78214e+23	7.07e-01	2.93e-01	1.56e-08
 2.78413e+23	7.18e-01	2.82e-01	1.60e-08
 2.78612e+23	7.27e-01	2.73e-01	1.62e-08
 2.78819e+23	7.37e-01	2.63e-01	1.66e-08
 2.79037e+23	7.47e-01	2.53e-01	1.69e-08
 2.79257e+23	7.56e-01	2.44e-01	1.72e-08
 2.79481e+23	7.65e-01	2.35e-01	1.75e-08
 2.79716e+23	7.74e-01	2.26e-01	1.78e-08
 2.79961e+23	7.83e-01	2.17e-01	1.81e-08
 2.80212e+23	7.91e-01	2.09e-01	1.84e-08
 2.80469e+23	7.99e-01	2.01e-01	1.86e-08
 2.80738e+23	8.07e-01	1.93e-01	1.89e-08
 2.81019e+23	8.14e-01	1.86e-01	1.92e-08
 2.81310e+23	8.22e-01	1.78e-01	1.94e-08
 2.81606e+23	8.28e-01	1.72e-01	1.97e-08
 2.81908e+23	8.35e-01	1.65e-01	1.99e-08
 2.82219e+23	8.41e-01	1.59e-01	2.02e-08
 2.82546e+23	8.47e-01	1.53e-01	2.05e-08
 2.82885e+23	8.52e-01	1.48e-01	2.08e-08
 2.83231e+23	8.58e-01	1.42e-01	2.12e-08
 2.83587e+23	8.63e-01	1.37e-01	2.15e-08
 2.83961e+23	8.68e-01	1.32e-01	2.19e-08
 2.84360e+23	8.72e-01	1.28e-01	2.23e-08
 2.84773e+23	8.76e-01	1.24e-01	2.28e-08
 2.85202e+23	8.81e-01	1.19e-01	2.34e-08
 2.85658e+23	8.85e-01	1.15e-01	2.40e-08
 2.86143e+23	8.89e-01	1.11e-01	2.47e-08
 2.86652e+23	8.92e-01	1.08e-01	2.56e-08
 2.87169e+23	8.96e-01	1.04e-01	2.65e-08
 2.87668e+23	8.99e-01	1.01e-01	2.74e-08
 2.88145e+23	9.02e-01	9.81e-02	2.85e-08
 2.88613e+23	9.05e-01	9.54e-02	2.96e-08
 2.89073e+23	9.07e-01	9.30e-02	3.08e-08
 2.89523e+23	9.09e-01	9.06e-02	3.17e-08
 2.89952e+23	9.12e-01	8.84e-02	3.28e-08
 2.90349e+23	9.14e-01	8.65e-02	3.38e-08
 2.90735e+23	9.15e-01	8.46e-02	3.49e-08
 2.91121e+23	9.17e-01	8.27e-02	3.61e-08
 2.91495e+23	9.19e-01	8.09e-02	3.74e-08
 2.91856e+23	9.21e-01	7.92e-02	3.87e-08
 2.92204e+23	9.22e-01	7.76e-02	4.02e-08
 2.92540e+23	9.24e-01	7.61e-02	4.17e-08
 2.92866e+23	9.25e-01	7.46e-02	4.33e-08
 2.93180e+23	9.27e-01	7.31e-02	4.49e-08
 2.93483e+23	9.28e-01	7.18e-02	4.66e-08
 2.93775e+23	9.30e-01	7.04e-02	4.85e-08
 2.94057e+23	9.31e-01	6.91e-02	5.05e-08
 2.94330e+23	9.32e-01	6.79e-02	5.27e-08
 2.94588e+23	9.33e-01	6.68e-02	5.48e-08
 2.94841e+23	9.34e-01	6.56e-02	5.73e-08
 2.95087e+23	9.36e-01	6.44e-02	5.99e-08
 2.95311e+23	9.37e-01	6.35e-02	6.22e-08
 2.95515e+23	9.37e-01	6.26e-02	6.46e-08
 2.95701e+23	9.38e-01	6.18e-02	6.69e-08
 2.95869e+23	9.39e-01	6.11e-02	6.91e-08
 2.96023e+23	9.40e-01	6.04e-02	7.11e-08
 2.96163e+23	9.40e-01	5.99e-02	7.30e-08
 2.96290e+23	9.41e-01	5.93e-02	7.54e-08
 2.96406e+23	9.41e-01	5.90e-02	7.68e-08
 2.96532e+23	9.42e-01	5.83e-02	7.85e-08
 2.96697e+23	9.43e-01	5.74e-02	8.13e-08
 2.96875e+23	9.43e-01	5.65e-02	8.38e-08
 2.97037e+23	9.44e-01	5.57e-02	8.61e-08
 2.97185e+23	9.45e-01	5.51e-02	8.81e-08
 2.97319e+23	9.45e-01	5.46e-02	8.98e-08
 2.97441e+23	9.46e-01	5.41e-02	9.15e-08
 2.97552e+23	9.46e-01	5.36e-02	9.33e-08
 2.97653e+23	9.47e-01	5.34e-02	9.39e-08
 2.97764e+23	9.47e-01	5.30e-02	9.50e-08
 2.97908e+23	9.48e-01	5.23e-02	9.67e-08
 2.98063e+23	9.48e-01	5.16e-02	9.86e-08
 2.98204e+23	9.49e-01	5.11e-02	9.95e-08
 2.98359e+23	9.50e-01	5.05e-02	1.01e-07
 2.98527e+23	9.50e-01	4.97e-02	1.02e-07
 2.98679e+23	9.51e-01	4.91e-02	1.04e-07
 2.98818e+23	9.51e-01	4.88e-02	1.04e-07
 2.98969e+23	9.52e-01	4.83e-02	1.05e-07
 2.99133e+23	9.52e-01	4.76e-02	1.06e-07
 2.99283e+23	9.53e-01	4.70e-02	1.07e-07
 2.99418e+23	9.53e-01	4.67e-02	1.07e-07
 2.99567e+23	9.54e-01	4.62e-02	1.07e-07
 2.99728e+23	9.54e-01	4.56e-02	1.08e-07
 2.99904e+23	9.55e-01	4.50e-02	1.08e-07
 3.00094e+23	9.56e-01	4.42e-02	1.09e-07
 3.00266e+23	9.56e-01	4.37e-02	1.09e-07
 3.00424e+23	9.57e-01	4.32e-02	1.09e-07
 3.00567e+23	9.57e-01	4.28e-02	1.08e-07
 3.00697e+23	9.58e-01	4.24e-02	1.08e-07
 3.00840e+23	9.58e-01	4.19e-02	1.08e-07
 3.00994e+23	9.59e-01	4.14e-02	1.08e-07
 3.01134e+23	9.59e-01	4.09e-02	1.07e-07
 3.01262e+23	9.59e-01	4.06e-02	1.07e-07
 3.01402e+23	9.60e-01	4.02e-02	1.07e-07
 3.01553e+23	9.60e-01	3.97e-02	1.06e-07
 3.01690e+23	9.61e-01	3.92e-02	1.06e-07
 3.01815e+23	9.61e-01	3.90e-02	1.06e-07
 3.01952e+23	9.61e-01	3.86e-02	1.05e-07
 3.02100e+23	9.62e-01	3.81e-02	1.05e-07
 3.02262e+23	9.62e-01	3.76e-02	1.04e-07
 3.02437e+23	9.63e-01	3.70e-02	1.04e-07
 3.02596e+23	9.63e-01	3.66e-02	1.04e-07
 3.02741e+23	9.64e-01	3.64e-02	1.04e-07
 3.02900e+23	9.64e-01	3.60e-02	1.03e-07
 3.03071e+23	9.64e-01	3.55e-02	1.03e-07
 3.03259e+23	9.65e-01	3.50e-02	1.02e-07
 3.03462e+23	9.66e-01	3.45e-02	1.02e-07
 3.03647e+23	9.66e-01	3.41e-02	1.02e-07
 3.03814e+23	9.66e-01	3.39e-02	1.02e-07
 3.03998e+23	9.67e-01	3.34e-02	1.01e-07
 3.04197e+23	9.67e-01	3.29e-02	1.01e-07
 3.04378e+23	9.67e-01	3.25e-02	1.01e-07
 3.04542e+23	9.68e-01	3.22e-02	1.00e-07
 3.04692e+23	9.68e-01	3.20e-02	9.99e-08
 3.04856e+23	9.68e-01	3.16e-02	9.92e-08
 3.05033e+23	9.69e-01	3.13e-02	9.93e-08
 3.05227e+23	9.69e-01	3.08e-02	9.89e-08
 3.05437e+23	9.70e-01	3.04e-02	9.89e-08
 3.05627e+23	9.70e-01	3.01e-02	9.87e-08
 3.05836e+23	9.70e-01	2.96e-02	9.81e-08
 3.06062e+23	9.71e-01	2.92e-02	9.80e-08
 3.06267e+23	9.71e-01	2.88e-02	9.76e-08
 3.06454e+23	9.71e-01	2.86e-02	9.75e-08
 3.06659e+23	9.72e-01	2.82e-02	9.69e-08
 3.06879e+23	9.72e-01	2.78e-02	9.69e-08
 3.07080e+23	9.72e-01	2.75e-02	9.68e-08
 3.07301e+23	9.73e-01	2.71e-02	9.62e-08
 3.07539e+23	9.73e-01	2.67e-02	9.62e-08
 3.07755e+23	9.74e-01	2.64e-02	9.62e-08
 3.07992e+23	9.74e-01	2.60e-02	9.59e-08
 3.08248e+23	9.74e-01	2.56e-02	9.62e-08
 3.08469e+23	9.75e-01	2.52e-02	9.60e-08
