#depth	O	O+	O+2	O+3	O+4	O+5	O+6	O+7	O+8	O[1]	O[2]	O[3]
 1.54284e+22	2.64e-13	5.28e-09	4.80e-06	4.03e-04	6.21e-03	2.41e-02	4.24e-01	4.38e-01	1.07e-01	2.64e-13	5.27e-22	6.61e-22
 3.46599e+22	6.75e-13	1.31e-08	1.23e-05	1.03e-03	1.41e-02	4.47e-02	5.21e-01	3.60e-01	5.91e-02	6.75e-13	1.32e-21	1.65e-21
 4.03647e+22	9.53e-13	1.86e-08	1.81e-05	1.53e-03	1.97e-02	5.78e-02	5.58e-01	3.19e-01	4.36e-02	9.53e-13	1.88e-21	2.35e-21
 4.32171e+22	1.11e-12	2.20e-08	2.18e-05	1.85e-03	2.31e-02	6.51e-02	5.73e-01	3.00e-01	3.74e-02	1.11e-12	2.20e-21	2.75e-21
 4.45818e+22	1.19e-12	2.36e-08	2.37e-05	2.01e-03	2.46e-02	6.84e-02	5.79e-01	2.91e-01	3.49e-02	1.19e-12	2.36e-21	2.94e-21
 4.55338e+22	1.29e-12	2.58e-08	2.62e-05	2.22e-03	2.67e-02	7.29e-02	5.86e-01	2.80e-01	3.20e-02	1.29e-12	2.56e-21	3.20e-21
 4.65406e+22	1.39e-12	2.79e-08	2.86e-05	2.43e-03	2.86e-02	7.69e-02	5.92e-01	2.71e-01	2.96e-02	1.39e-12	2.75e-21	3.44e-21
 4.76186e+22	1.51e-12	3.07e-08	3.19e-05	2.72e-03	3.12e-02	8.23e-02	5.98e-01	2.59e-01	2.68e-02	1.51e-12	2.99e-21	3.73e-21
 4.87019e+22	1.63e-12	3.34e-08	3.49e-05	2.97e-03	3.34e-02	8.65e-02	6.03e-01	2.50e-01	2.48e-02	1.63e-12	3.24e-21	4.04e-21
 4.97924e+22	1.78e-12	3.69e-08	3.90e-05	3.32e-03	3.63e-02	9.24e-02	6.08e-01	2.38e-01	2.23e-02	1.78e-12	3.54e-21	4.41e-21
 5.09053e+22	1.92e-12	4.02e-08	4.28e-05	3.63e-03	3.88e-02	9.71e-02	6.11e-01	2.29e-01	2.06e-02	1.92e-12	3.83e-21	4.77e-21
 5.20475e+22	2.10e-12	4.46e-08	4.81e-05	4.07e-03	4.22e-02	1.03e-01	6.14e-01	2.17e-01	1.84e-02	2.10e-12	4.20e-21	5.24e-21
 5.32159e+22	2.29e-12	4.89e-08	5.31e-05	4.47e-03	4.51e-02	1.09e-01	6.16e-01	2.08e-01	1.69e-02	2.29e-12	4.57e-21	5.70e-21
 5.44184e+22	2.52e-12	5.47e-08	6.00e-05	5.03e-03	4.90e-02	1.16e-01	6.18e-01	1.97e-01	1.50e-02	2.52e-12	5.05e-21	6.30e-21
 5.56450e+22	2.77e-12	6.05e-08	6.66e-05	5.53e-03	5.23e-02	1.22e-01	6.19e-01	1.88e-01	1.37e-02	2.77e-12	5.55e-21	6.92e-21
 5.66783e+22	2.99e-12	6.59e-08	7.29e-05	6.01e-03	5.54e-02	1.27e-01	6.19e-01	1.80e-01	1.26e-02	2.99e-12	6.00e-21	7.48e-21
 5.77965e+22	3.30e-12	7.37e-08	8.20e-05	6.69e-03	5.96e-02	1.34e-01	6.18e-01	1.70e-01	1.13e-02	3.30e-12	6.64e-21	8.26e-21
 5.88848e+22	3.56e-12	8.03e-08	8.94e-05	7.23e-03	6.27e-02	1.39e-01	6.17e-01	1.64e-01	1.04e-02	3.56e-12	7.19e-21	8.95e-21
 5.99342e+22	3.90e-12	8.90e-08	9.97e-05	7.98e-03	6.70e-02	1.46e-01	6.15e-01	1.55e-01	9.39e-03	3.90e-12	7.87e-21	9.80e-21
 6.09942e+22	4.26e-12	9.78e-08	1.09e-04	8.64e-03	7.05e-02	1.51e-01	6.13e-01	1.49e-01	8.67e-03	4.26e-12	8.63e-21	1.07e-20
 6.20680e+22	4.71e-12	1.09e-07	1.22e-04	9.54e-03	7.51e-02	1.58e-01	6.09e-01	1.40e-01	7.78e-03	4.71e-12	9.55e-21	1.19e-20
 6.31574e+22	5.18e-12	1.21e-07	1.35e-04	1.03e-02	7.90e-02	1.63e-01	6.06e-01	1.34e-01	7.15e-03	5.18e-12	1.05e-20	1.31e-20
 6.42672e+22	5.77e-12	1.36e-07	1.52e-04	1.14e-02	8.42e-02	1.71e-01	6.01e-01	1.26e-01	6.39e-03	5.77e-12	1.18e-20	1.46e-20
 6.53936e+22	6.40e-12	1.52e-07	1.68e-04	1.24e-02	8.85e-02	1.76e-01	5.96e-01	1.20e-01	5.85e-03	6.40e-12	1.31e-20	1.62e-20
 6.65416e+22	7.19e-12	1.73e-07	1.90e-04	1.37e-02	9.43e-02	1.84e-01	5.90e-01	1.13e-01	5.19e-03	7.19e-12	1.47e-20	1.83e-20
 6.77090e+22	8.06e-12	1.94e-07	2.11e-04	1.49e-02	9.91e-02	1.90e-01	5.84e-01	1.07e-01	4.74e-03	8.06e-12	1.66e-20	2.06e-20
 6.89016e+22	9.16e-12	2.22e-07	2.40e-04	1.66e-02	1.06e-01	1.98e-01	5.76e-01	9.98e-02	4.18e-03	9.16e-12	1.89e-20	2.34e-20
 7.01198e+22	1.04e-11	2.52e-07	2.68e-04	1.81e-02	1.11e-01	2.04e-01	5.69e-01	9.44e-02	3.79e-03	1.04e-11	2.14e-20	2.66e-20
 7.13715e+22	1.20e-11	2.93e-07	3.07e-04	2.01e-02	1.18e-01	2.12e-01	5.58e-01	8.75e-02	3.32e-03	1.20e-11	2.48e-20	3.08e-20
 7.26566e+22	1.37e-11	3.34e-07	3.45e-04	2.20e-02	1.24e-01	2.18e-01	5.50e-01	8.23e-02	2.98e-03	1.37e-11	2.84e-20	3.52e-20
 7.39853e+22	1.61e-11	3.95e-07	4.01e-04	2.46e-02	1.33e-01	2.27e-01	5.37e-01	7.58e-02	2.59e-03	1.61e-11	3.37e-20	4.17e-20
 7.53293e+22	1.86e-11	4.55e-07	4.52e-04	2.69e-02	1.39e-01	2.33e-01	5.27e-01	7.10e-02	2.31e-03	1.86e-11	3.90e-20	4.82e-20
 7.66934e+22	2.22e-11	5.43e-07	5.26e-04	3.01e-02	1.48e-01	2.41e-01	5.13e-01	6.50e-02	1.99e-03	2.22e-11	4.68e-20	5.80e-20
 7.80754e+22	2.59e-11	6.30e-07	5.96e-04	3.29e-02	1.56e-01	2.46e-01	5.02e-01	6.06e-02	1.77e-03	2.59e-11	5.49e-20	6.79e-20
 7.94808e+22	3.13e-11	7.58e-07	6.97e-04	3.69e-02	1.65e-01	2.54e-01	4.87e-01	5.52e-02	1.52e-03	3.13e-11	6.67e-20	8.25e-20
 8.09064e+22	3.70e-11	8.85e-07	7.91e-04	4.03e-02	1.73e-01	2.59e-01	4.74e-01	5.12e-02	1.34e-03	3.70e-11	7.92e-20	9.78e-20
 8.21604e+22	4.33e-11	1.03e-06	8.95e-04	4.39e-02	1.81e-01	2.64e-01	4.61e-01	4.74e-02	1.18e-03	4.33e-11	9.31e-20	1.15e-19
 8.35928e+22	5.34e-11	1.25e-06	1.05e-03	4.90e-02	1.92e-01	2.70e-01	4.44e-01	4.29e-02	1.01e-03	5.34e-11	1.16e-19	1.43e-19
 8.50541e+22	6.34e-11	1.47e-06	1.19e-03	5.36e-02	2.00e-01	2.75e-01	4.29e-01	3.94e-02	8.80e-04	6.34e-11	1.38e-19	1.70e-19
 8.62393e+22	7.38e-11	1.69e-06	1.33e-03	5.77e-02	2.08e-01	2.78e-01	4.17e-01	3.67e-02	7.85e-04	7.38e-11	1.61e-19	1.99e-19
 8.74663e+22	8.86e-11	1.99e-06	1.52e-03	6.29e-02	2.17e-01	2.82e-01	4.02e-01	3.37e-02	6.85e-04	8.86e-11	1.95e-19	2.40e-19
 8.87588e+22	1.04e-10	2.30e-06	1.70e-03	6.80e-02	2.25e-01	2.84e-01	3.89e-01	3.11e-02	6.05e-04	1.04e-10	2.31e-19	2.84e-19
 8.99462e+22	1.23e-10	2.66e-06	1.90e-03	7.32e-02	2.33e-01	2.87e-01	3.76e-01	2.87e-02	5.34e-04	1.23e-10	2.73e-19	3.37e-19
 9.12994e+22	1.52e-10	3.19e-06	2.19e-03	8.02e-02	2.43e-01	2.89e-01	3.59e-01	2.59e-02	4.57e-04	1.52e-10	3.40e-19	4.18e-19
 9.26894e+22	1.82e-10	3.75e-06	2.48e-03	8.68e-02	2.52e-01	2.91e-01	3.44e-01	2.36e-02	3.96e-04	1.82e-10	4.10e-19	5.04e-19
 9.39106e+22	2.16e-10	4.34e-06	2.78e-03	9.33e-02	2.60e-01	2.92e-01	3.31e-01	2.17e-02	3.47e-04	2.16e-10	4.90e-19	6.02e-19
 9.52816e+22	2.68e-10	5.22e-06	3.19e-03	1.02e-01	2.70e-01	2.92e-01	3.14e-01	1.95e-02	2.95e-04	2.68e-10	6.14e-19	7.53e-19
 9.67184e+22	3.26e-10	6.16e-06	3.61e-03	1.10e-01	2.78e-01	2.92e-01	2.99e-01	1.76e-02	2.53e-04	3.26e-10	7.52e-19	9.22e-19
 9.80181e+22	3.92e-10	7.19e-06	4.05e-03	1.18e-01	2.86e-01	2.91e-01	2.85e-01	1.60e-02	2.19e-04	3.92e-10	9.12e-19	1.12e-18
 9.94847e+22	4.97e-10	8.74e-06	4.68e-03	1.29e-01	2.96e-01	2.89e-01	2.67e-01	1.41e-02	1.82e-04	4.97e-10	1.17e-18	1.43e-18
 1.01000e+23	6.12e-10	1.04e-05	5.31e-03	1.39e-01	3.04e-01	2.87e-01	2.52e-01	1.26e-02	1.55e-04	6.12e-10	1.45e-18	1.77e-18
 1.02350e+23	7.44e-10	1.22e-05	5.96e-03	1.49e-01	3.11e-01	2.84e-01	2.38e-01	1.13e-02	1.32e-04	7.44e-10	1.78e-18	2.18e-18
 1.03878e+23	9.54e-10	1.48e-05	6.88e-03	1.62e-01	3.20e-01	2.80e-01	2.22e-01	9.90e-03	1.08e-04	9.54e-10	2.31e-18	2.82e-18
 1.05467e+23	1.19e-09	1.77e-05	7.81e-03	1.74e-01	3.27e-01	2.75e-01	2.07e-01	8.73e-03	9.04e-05	1.19e-09	2.92e-18	3.56e-18
 1.06898e+23	1.47e-09	2.09e-05	8.78e-03	1.86e-01	3.33e-01	2.71e-01	1.94e-01	7.75e-03	7.61e-05	1.47e-09	3.63e-18	4.43e-18
 1.08520e+23	1.92e-09	2.57e-05	1.02e-02	2.02e-01	3.40e-01	2.64e-01	1.77e-01	6.63e-03	6.08e-05	1.92e-09	4.83e-18	5.89e-18
 1.10188e+23	2.41e-09	3.07e-05	1.15e-02	2.16e-01	3.46e-01	2.57e-01	1.64e-01	5.79e-03	5.02e-05	2.41e-09	6.14e-18	7.48e-18
 1.11687e+23	3.01e-09	3.63e-05	1.29e-02	2.30e-01	3.50e-01	2.50e-01	1.52e-01	5.06e-03	4.15e-05	3.01e-09	7.77e-18	9.46e-18
 1.13406e+23	4.01e-09	4.52e-05	1.50e-02	2.49e-01	3.54e-01	2.41e-01	1.37e-01	4.23e-03	3.23e-05	4.01e-09	1.06e-17	1.28e-17
 1.15142e+23	5.05e-09	5.37e-05	1.69e-02	2.64e-01	3.57e-01	2.33e-01	1.25e-01	3.65e-03	2.63e-05	5.05e-09	1.35e-17	1.64e-17
 1.16902e+23	6.74e-09	6.65e-05	1.95e-02	2.84e-01	3.59e-01	2.22e-01	1.12e-01	3.04e-03	2.03e-05	6.74e-09	1.84e-17	2.24e-17
 1.18689e+23	8.56e-09	7.94e-05	2.20e-02	3.00e-01	3.60e-01	2.13e-01	1.02e-01	2.59e-03	1.63e-05	8.56e-09	2.38e-17	2.89e-17
 1.20275e+23	1.08e-08	9.41e-05	2.46e-02	3.17e-01	3.60e-01	2.04e-01	9.24e-02	2.21e-03	1.31e-05	1.08e-08	3.07e-17	3.72e-17
 1.22097e+23	1.46e-08	1.17e-04	2.84e-02	3.38e-01	3.59e-01	1.92e-01	8.11e-02	1.80e-03	9.85e-06	1.46e-08	4.26e-17	5.16e-17
 1.23944e+23	1.85e-08	1.39e-04	3.17e-02	3.55e-01	3.56e-01	1.82e-01	7.29e-02	1.52e-03	7.82e-06	1.85e-08	5.54e-17	6.70e-17
 1.25822e+23	2.52e-08	1.73e-04	3.65e-02	3.77e-01	3.52e-01	1.70e-01	6.33e-02	1.21e-03	5.77e-06	2.52e-08	7.77e-17	9.40e-17
 1.27724e+23	3.21e-08	2.05e-04	4.07e-02	3.94e-01	3.48e-01	1.60e-01	5.64e-02	1.01e-03	4.52e-06	3.21e-08	1.02e-16	1.23e-16
 1.29659e+23	4.38e-08	2.55e-04	4.66e-02	4.16e-01	3.41e-01	1.47e-01	4.84e-02	7.97e-04	3.28e-06	4.38e-08	1.44e-16	1.74e-16
 1.31619e+23	5.60e-08	3.03e-04	5.18e-02	4.33e-01	3.34e-01	1.37e-01	4.27e-02	6.57e-04	2.53e-06	5.60e-08	1.90e-16	2.30e-16
 1.33325e+23	7.09e-08	3.56e-04	5.73e-02	4.49e-01	3.27e-01	1.28e-01	3.77e-02	5.44e-04	1.96e-06	7.09e-08	2.48e-16	3.00e-16
 1.34961e+23	8.85e-08	4.15e-04	6.28e-02	4.63e-01	3.20e-01	1.20e-01	3.35e-02	4.54e-04	1.54e-06	8.85e-08	3.19e-16	3.85e-16
 1.36525e+23	1.09e-07	4.80e-04	6.85e-02	4.76e-01	3.13e-01	1.12e-01	2.98e-02	3.80e-04	1.22e-06	1.09e-07	4.05e-16	4.89e-16
 1.38289e+23	1.43e-07	5.76e-04	7.64e-02	4.92e-01	3.03e-01	1.02e-01	2.56e-02	3.02e-04	8.97e-07	1.43e-07	5.50e-16	6.63e-16
 1.40044e+23	1.76e-07	6.63e-04	8.30e-02	5.04e-01	2.94e-01	9.49e-02	2.27e-02	2.52e-04	7.05e-07	1.76e-07	6.95e-16	8.39e-16
 1.41788e+23	2.30e-07	7.95e-04	9.22e-02	5.19e-01	2.83e-01	8.61e-02	1.93e-02	1.98e-04	5.14e-07	2.30e-07	9.42e-16	1.14e-15
 1.43559e+23	2.83e-07	9.13e-04	9.99e-02	5.29e-01	2.74e-01	7.95e-02	1.70e-02	1.64e-04	4.00e-07	2.83e-07	1.19e-15	1.43e-15
 1.45365e+23	3.69e-07	1.09e-03	1.10e-01	5.41e-01	2.62e-01	7.16e-02	1.44e-02	1.28e-04	2.89e-07	3.69e-07	1.61e-15	1.93e-15
 1.47200e+23	4.57e-07	1.26e-03	1.20e-01	5.49e-01	2.51e-01	6.56e-02	1.25e-02	1.04e-04	2.21e-07	4.57e-07	2.04e-15	2.46e-15
 1.48827e+23	5.63e-07	1.44e-03	1.29e-01	5.57e-01	2.41e-01	6.00e-02	1.09e-02	8.51e-05	1.69e-07	5.63e-07	2.59e-15	3.11e-15
 1.50695e+23	7.36e-07	1.72e-03	1.42e-01	5.65e-01	2.28e-01	5.33e-02	9.11e-03	6.52e-05	0.00e+00	7.36e-07	3.50e-15	4.21e-15
 1.52500e+23	8.88e-07	1.95e-03	1.52e-01	5.70e-01	2.19e-01	4.89e-02	7.98e-03	5.37e-05	0.00e+00	8.88e-07	4.33e-15	5.20e-15
 1.53945e+23	1.06e-06	2.19e-03	1.62e-01	5.74e-01	2.10e-01	4.50e-02	7.04e-03	4.47e-05	0.00e+00	1.06e-06	5.28e-15	6.34e-15
 1.55547e+23	1.32e-06	2.52e-03	1.75e-01	5.77e-01	1.99e-01	4.05e-02	6.02e-03	3.56e-05	0.00e+00	1.32e-06	6.75e-15	8.10e-15
 1.57171e+23	1.57e-06	2.82e-03	1.86e-01	5.79e-01	1.91e-01	3.70e-02	5.27e-03	2.94e-05	0.00e+00	1.57e-06	8.25e-15	9.88e-15
 1.58601e+23	1.86e-06	3.15e-03	1.97e-01	5.80e-01	1.82e-01	3.39e-02	4.63e-03	2.43e-05	0.00e+00	1.86e-06	1.00e-14	1.20e-14
 1.60238e+23	2.31e-06	3.62e-03	2.11e-01	5.79e-01	1.72e-01	3.03e-02	3.92e-03	1.92e-05	0.00e+00	2.31e-06	1.28e-14	1.53e-14
 1.61896e+23	2.75e-06	4.05e-03	2.24e-01	5.78e-01	1.63e-01	2.75e-02	3.41e-03	1.56e-05	0.00e+00	2.75e-06	1.56e-14	1.87e-14
 1.63356e+23	3.25e-06	4.52e-03	2.36e-01	5.76e-01	1.55e-01	2.50e-02	2.97e-03	1.28e-05	0.00e+00	3.25e-06	1.90e-14	2.27e-14
 1.65027e+23	4.02e-06	5.17e-03	2.53e-01	5.73e-01	1.45e-01	2.21e-02	2.50e-03	9.99e-06	0.00e+00	4.02e-06	2.42e-14	2.89e-14
 1.66724e+23	4.79e-06	5.78e-03	2.67e-01	5.68e-01	1.37e-01	1.99e-02	2.15e-03	8.08e-06	0.00e+00	4.79e-06	2.96e-14	3.53e-14
 1.68220e+23	5.67e-06	6.45e-03	2.81e-01	5.63e-01	1.29e-01	1.80e-02	1.86e-03	6.56e-06	0.00e+00	5.67e-06	3.61e-14	4.30e-14
 1.69929e+23	7.01e-06	7.38e-03	3.00e-01	5.56e-01	1.20e-01	1.58e-02	1.55e-03	5.05e-06	0.00e+00	7.01e-06	4.62e-14	5.50e-14
 1.71663e+23	8.34e-06	8.24e-03	3.16e-01	5.49e-01	1.12e-01	1.41e-02	1.33e-03	4.04e-06	0.00e+00	8.34e-06	5.65e-14	6.73e-14
 1.73199e+23	9.88e-06	9.18e-03	3.31e-01	5.41e-01	1.05e-01	1.26e-02	1.14e-03	3.24e-06	0.00e+00	9.88e-06	6.88e-14	8.20e-14
 1.74964e+23	1.22e-05	1.05e-02	3.52e-01	5.29e-01	9.67e-02	1.09e-02	9.36e-04	2.45e-06	0.00e+00	1.22e-05	8.84e-14	1.05e-13
 1.76759e+23	1.45e-05	1.17e-02	3.69e-01	5.19e-01	8.98e-02	9.70e-03	7.92e-04	1.94e-06	0.00e+00	1.45e-05	1.08e-13	1.29e-13
 1.78591e+23	1.80e-05	1.34e-02	3.91e-01	5.05e-01	8.19e-02	8.32e-03	6.43e-04	1.44e-06	0.00e+00	1.80e-05	1.40e-13	1.67e-13
 1.80448e+23	2.15e-05	1.50e-02	4.10e-01	4.92e-01	7.56e-02	7.30e-03	5.39e-04	1.12e-06	0.00e+00	2.15e-05	1.72e-13	2.05e-13
 1.82336e+23	2.66e-05	1.72e-02	4.33e-01	4.75e-01	6.83e-02	6.20e-03	4.33e-04	8.22e-07	0.00e+00	2.66e-05	2.24e-13	2.66e-13
 1.84260e+23	3.18e-05	1.91e-02	4.52e-01	4.60e-01	6.25e-02	5.38e-03	3.58e-04	6.30e-07	0.00e+00	3.18e-05	2.76e-13	3.28e-13
 1.86233e+23	3.96e-05	2.20e-02	4.76e-01	4.41e-01	5.59e-02	4.51e-03	2.83e-04	4.52e-07	0.00e+00	3.96e-05	3.61e-13	4.28e-13
 1.88240e+23	4.72e-05	2.45e-02	4.96e-01	4.24e-01	5.07e-02	3.87e-03	2.32e-04	3.41e-07	0.00e+00	4.72e-05	4.47e-13	5.30e-13
 1.90292e+23	5.89e-05	2.81e-02	5.21e-01	4.03e-01	4.48e-02	3.20e-03	1.80e-04	2.40e-07	0.00e+00	5.89e-05	5.87e-13	6.95e-13
 1.92082e+23	6.68e-05	3.03e-02	5.36e-01	3.89e-01	4.14e-02	2.83e-03	1.54e-04	1.92e-07	0.00e+00	6.68e-05	6.84e-13	8.10e-13
 1.93533e+23	7.75e-05	3.32e-02	5.53e-01	3.73e-01	3.78e-02	2.47e-03	1.29e-04	1.50e-07	0.00e+00	7.75e-05	8.22e-13	9.74e-13
 1.95050e+23	8.82e-05	3.59e-02	5.68e-01	3.59e-01	3.48e-02	2.18e-03	1.09e-04	0.00e+00	0.00e+00	8.82e-05	9.65e-13	1.14e-12
 1.96436e+23	9.95e-05	3.87e-02	5.81e-01	3.46e-01	3.21e-02	1.93e-03	9.37e-05	0.00e+00	0.00e+00	9.95e-05	1.12e-12	1.33e-12
 1.98021e+23	1.16e-04	4.26e-02	5.98e-01	3.28e-01	2.90e-02	1.66e-03	7.67e-05	0.00e+00	0.00e+00	1.16e-04	1.37e-12	1.62e-12
 1.99635e+23	1.32e-04	4.59e-02	6.12e-01	3.14e-01	2.64e-02	1.45e-03	6.44e-05	0.00e+00	0.00e+00	1.32e-04	1.61e-12	1.90e-12
 2.01285e+23	1.55e-04	5.07e-02	6.29e-01	2.96e-01	2.35e-02	1.22e-03	5.19e-05	0.00e+00	0.00e+00	1.55e-04	1.98e-12	2.33e-12
 2.02947e+23	1.76e-04	5.46e-02	6.42e-01	2.81e-01	2.13e-02	1.06e-03	4.32e-05	0.00e+00	0.00e+00	1.76e-04	2.32e-12	2.74e-12
 2.04622e+23	2.07e-04	6.01e-02	6.57e-01	2.63e-01	1.88e-02	8.85e-04	3.45e-05	0.00e+00	0.00e+00	2.07e-04	2.85e-12	3.36e-12
 2.06324e+23	2.35e-04	6.47e-02	6.70e-01	2.48e-01	1.69e-02	7.60e-04	2.85e-05	0.00e+00	0.00e+00	2.35e-04	3.35e-12	3.94e-12
 2.08061e+23	2.76e-04	7.12e-02	6.83e-01	2.30e-01	1.48e-02	6.29e-04	2.24e-05	0.00e+00	0.00e+00	2.76e-04	4.13e-12	4.85e-12
 2.09829e+23	3.13e-04	7.67e-02	6.94e-01	2.15e-01	1.32e-02	5.34e-04	1.83e-05	0.00e+00	0.00e+00	3.13e-04	4.87e-12	5.72e-12
 2.11638e+23	3.69e-04	8.45e-02	7.06e-01	1.97e-01	1.15e-02	4.35e-04	1.42e-05	0.00e+00	0.00e+00	3.69e-04	6.04e-12	7.08e-12
 2.13480e+23	4.19e-04	9.09e-02	7.15e-01	1.83e-01	1.01e-02	3.65e-04	1.14e-05	0.00e+00	0.00e+00	4.19e-04	7.14e-12	8.37e-12
 2.15363e+23	4.97e-04	1.01e-01	7.24e-01	1.66e-01	8.62e-03	2.92e-04	8.66e-06	0.00e+00	0.00e+00	4.97e-04	8.94e-12	1.05e-11
 2.17266e+23	5.64e-04	1.08e-01	7.31e-01	1.52e-01	7.54e-03	2.43e-04	6.90e-06	0.00e+00	0.00e+00	5.64e-04	1.06e-11	1.24e-11
 2.19193e+23	6.68e-04	1.19e-01	7.37e-01	1.37e-01	6.39e-03	1.93e-04	5.19e-06	0.00e+00	0.00e+00	6.68e-04	1.32e-11	1.54e-11
 2.21149e+23	7.61e-04	1.28e-01	7.41e-01	1.24e-01	5.52e-03	1.58e-04	4.07e-06	0.00e+00	0.00e+00	7.61e-04	1.57e-11	1.83e-11
 2.23143e+23	9.08e-04	1.42e-01	7.43e-01	1.09e-01	4.60e-03	1.22e-04	2.99e-06	0.00e+00	0.00e+00	9.08e-04	1.98e-11	2.30e-11
 2.25127e+23	1.03e-03	1.53e-01	7.43e-01	9.86e-02	3.96e-03	9.94e-05	2.34e-06	0.00e+00	0.00e+00	1.03e-03	2.34e-11	2.71e-11
 2.27101e+23	1.23e-03	1.69e-01	7.40e-01	8.59e-02	3.28e-03	7.61e-05	1.71e-06	0.00e+00	0.00e+00	1.23e-03	2.94e-11	3.41e-11
 2.29082e+23	1.40e-03	1.82e-01	7.37e-01	7.65e-02	2.80e-03	6.12e-05	1.32e-06	0.00e+00	0.00e+00	1.40e-03	3.50e-11	4.05e-11
 2.31074e+23	1.68e-03	2.02e-01	7.28e-01	6.55e-02	2.30e-03	4.60e-05	9.51e-07	0.00e+00	0.00e+00	1.68e-03	4.44e-11	5.13e-11
 2.33067e+23	1.93e-03	2.18e-01	7.20e-01	5.76e-02	1.95e-03	3.65e-05	7.30e-07	0.00e+00	0.00e+00	1.93e-03	5.30e-11	6.11e-11
 2.35060e+23	2.33e-03	2.43e-01	7.05e-01	4.83e-02	1.58e-03	2.67e-05	5.15e-07	0.00e+00	0.00e+00	2.33e-03	6.78e-11	7.81e-11
 2.37046e+23	2.68e-03	2.63e-01	6.91e-01	4.17e-02	1.33e-03	2.09e-05	3.92e-07	0.00e+00	0.00e+00	2.68e-03	8.13e-11	9.36e-11
 2.39023e+23	3.26e-03	2.93e-01	6.69e-01	3.43e-02	1.07e-03	1.50e-05	2.75e-07	0.00e+00	0.00e+00	3.26e-03	1.04e-10	1.20e-10
 2.41006e+23	3.80e-03	3.18e-01	6.49e-01	2.89e-02	8.95e-04	1.14e-05	2.05e-07	0.00e+00	0.00e+00	3.80e-03	1.27e-10	1.45e-10
 2.42997e+23	4.65e-03	3.54e-01	6.18e-01	2.31e-02	7.14e-04	7.92e-06	1.41e-07	0.00e+00	0.00e+00	4.65e-03	1.64e-10	1.88e-10
 2.44995e+23	5.48e-03	3.85e-01	5.90e-01	1.89e-02	5.89e-04	5.80e-06	0.00e+00	0.00e+00	0.00e+00	5.48e-03	2.01e-10	2.30e-10
 2.47000e+23	6.78e-03	4.28e-01	5.50e-01	1.45e-02	4.64e-04	3.86e-06	0.00e+00	0.00e+00	0.00e+00	6.78e-03	2.63e-10	3.01e-10
 2.49021e+23	8.11e-03	4.66e-01	5.14e-01	1.14e-02	3.77e-04	2.69e-06	0.00e+00	0.00e+00	0.00e+00	8.11e-03	3.28e-10	3.74e-10
 2.50789e+23	9.72e-03	5.06e-01	4.75e-01	8.89e-03	3.06e-04	1.86e-06	0.00e+00	0.00e+00	0.00e+00	9.72e-03	4.09e-10	4.67e-10
 2.52815e+23	1.22e-02	5.57e-01	4.24e-01	6.35e-03	2.35e-04	1.14e-06	0.00e+00	0.00e+00	0.00e+00	1.22e-02	5.42e-10	6.18e-10
 2.54854e+23	1.50e-02	6.03e-01	3.77e-01	4.61e-03	1.85e-04	7.19e-07	0.00e+00	0.00e+00	0.00e+00	1.50e-02	6.92e-10	7.88e-10
 2.56394e+23	1.75e-02	6.37e-01	3.41e-01	3.56e-03	1.54e-04	5.01e-07	0.00e+00	0.00e+00	0.00e+00	1.75e-02	8.34e-10	9.49e-10
 2.57882e+23	2.11e-02	6.77e-01	2.99e-01	2.58e-03	1.22e-04	3.20e-07	0.00e+00	0.00e+00	0.00e+00	2.11e-02	1.04e-09	1.19e-09
 2.59478e+23	2.56e-02	7.14e-01	2.58e-01	1.84e-03	9.65e-05	1.99e-07	0.00e+00	0.00e+00	0.00e+00	2.56e-02	1.31e-09	1.49e-09
 2.60946e+23	3.10e-02	7.48e-01	2.20e-01	1.30e-03	7.58e-05	1.24e-07	0.00e+00	0.00e+00	0.00e+00	3.10e-02	1.64e-09	1.86e-09
 2.62344e+23	3.76e-02	7.77e-01	1.84e-01	8.97e-04	5.87e-05	0.00e+00	0.00e+00	0.00e+00	0.00e+00	3.76e-02	2.05e-09	2.32e-09
 2.63672e+23	4.57e-02	8.02e-01	1.51e-01	6.12e-04	4.48e-05	0.00e+00	0.00e+00	0.00e+00	0.00e+00	4.57e-02	2.57e-09	2.91e-09
 2.64907e+23	5.55e-02	8.21e-01	1.23e-01	4.16e-04	3.40e-05	0.00e+00	0.00e+00	0.00e+00	0.00e+00	5.55e-02	3.20e-09	3.63e-09
 2.66053e+23	6.77e-02	8.34e-01	9.79e-02	2.80e-04	2.53e-05	0.00e+00	0.00e+00	0.00e+00	0.00e+00	6.77e-02	4.00e-09	4.53e-09
 2.67111e+23	8.21e-02	8.41e-01	7.71e-02	1.90e-04	1.87e-05	0.00e+00	0.00e+00	0.00e+00	0.00e+00	8.21e-02	4.95e-09	5.60e-09
 2.68085e+23	9.98e-02	8.40e-01	5.99e-02	1.29e-04	1.36e-05	0.00e+00	0.00e+00	0.00e+00	0.00e+00	9.98e-02	6.11e-09	6.91e-09
 2.68966e+23	1.20e-01	8.33e-01	4.62e-02	8.88e-05	9.80e-06	0.00e+00	0.00e+00	0.00e+00	0.00e+00	1.20e-01	7.46e-09	8.42e-09
 2.69743e+23	1.44e-01	8.21e-01	3.57e-02	6.30e-05	7.10e-06	0.00e+00	0.00e+00	0.00e+00	0.00e+00	1.44e-01	8.94e-09	1.01e-08
 2.70438e+23	1.70e-01	8.02e-01	2.77e-02	4.57e-05	5.13e-06	0.00e+00	0.00e+00	0.00e+00	0.00e+00	1.70e-01	1.06e-08	1.19e-08
 2.71071e+23	1.99e-01	7.79e-01	2.14e-02	3.37e-05	3.69e-06	0.00e+00	0.00e+00	0.00e+00	0.00e+00	1.99e-01	1.23e-08	1.39e-08
 2.71644e+23	2.30e-01	7.54e-01	1.67e-02	2.57e-05	2.70e-06	0.00e+00	0.00e+00	0.00e+00	0.00e+00	2.30e-01	1.41e-08	1.58e-08
 2.72179e+23	2.64e-01	7.23e-01	1.30e-02	1.98e-05	1.95e-06	0.00e+00	0.00e+00	0.00e+00	0.00e+00	2.64e-01	1.59e-08	1.79e-08
 2.72687e+23	3.01e-01	6.89e-01	1.00e-02	1.53e-05	1.41e-06	0.00e+00	0.00e+00	0.00e+00	0.00e+00	3.01e-01	1.78e-08	2.00e-08
 2.73153e+23	3.39e-01	6.53e-01	7.81e-03	1.21e-05	1.02e-06	0.00e+00	0.00e+00	0.00e+00	0.00e+00	3.39e-01	1.95e-08	2.19e-08
 2.73572e+23	3.77e-01	6.17e-01	6.18e-03	9.81e-06	7.57e-07	0.00e+00	0.00e+00	0.00e+00	0.00e+00	3.77e-01	2.10e-08	2.36e-08
 2.73937e+23	4.11e-01	5.84e-01	5.00e-03	8.17e-06	5.79e-07	0.00e+00	0.00e+00	0.00e+00	0.00e+00	4.11e-01	2.23e-08	2.50e-08
 2.74254e+23	4.41e-01	5.54e-01	4.15e-03	6.98e-06	4.57e-07	0.00e+00	0.00e+00	0.00e+00	0.00e+00	4.41e-01	2.32e-08	2.60e-08
 2.74506e+23	4.66e-01	5.31e-01	3.58e-03	6.19e-06	3.80e-07	0.00e+00	0.00e+00	0.00e+00	0.00e+00	4.66e-01	2.39e-08	2.67e-08
 2.74707e+23	4.85e-01	5.11e-01	3.18e-03	5.61e-06	3.27e-07	0.00e+00	0.00e+00	0.00e+00	0.00e+00	4.85e-01	2.44e-08	2.73e-08
 2.74919e+23	5.06e-01	4.91e-01	2.79e-03	5.06e-06	2.77e-07	0.00e+00	0.00e+00	0.00e+00	0.00e+00	5.06e-01	2.48e-08	2.78e-08
 2.75164e+23	5.31e-01	4.67e-01	2.39e-03	4.50e-06	2.29e-07	0.00e+00	0.00e+00	0.00e+00	0.00e+00	5.31e-01	2.53e-08	2.83e-08
 2.75426e+23	5.55e-01	4.42e-01	2.04e-03	3.98e-06	1.88e-07	0.00e+00	0.00e+00	0.00e+00	0.00e+00	5.55e-01	2.56e-08	2.87e-08
 2.75678e+23	5.78e-01	4.20e-01	1.76e-03	3.57e-06	1.57e-07	0.00e+00	0.00e+00	0.00e+00	0.00e+00	5.78e-01	2.59e-08	2.89e-08
 2.75902e+23	5.97e-01	4.01e-01	1.54e-03	3.24e-06	1.33e-07	0.00e+00	0.00e+00	0.00e+00	0.00e+00	5.97e-01	2.60e-08	2.91e-08
 2.76075e+23	6.12e-01	3.87e-01	1.39e-03	3.02e-06	0.00e+00	0.00e+00	0.00e+00	0.00e+00	0.00e+00	6.12e-01	2.61e-08	2.91e-08
 2.76200e+23	6.22e-01	3.77e-01	1.30e-03	2.87e-06	0.00e+00	0.00e+00	0.00e+00	0.00e+00	0.00e+00	6.22e-01	2.61e-08	2.91e-08
 2.76328e+23	6.32e-01	3.67e-01	1.20e-03	2.72e-06	0.00e+00	0.00e+00	0.00e+00	0.00e+00	0.00e+00	6.32e-01	2.61e-08	2.91e-08
 2.76483e+23	6.44e-01	3.55e-01	1.10e-03	2.56e-06	0.00e+00	0.00e+00	0.00e+00	0.00e+00	0.00e+00	6.44e-01	2.61e-08	2.91e-08
 2.76653e+23	6.57e-01	3.42e-01	9.95e-04	2.39e-06	0.00e+00	0.00e+00	0.00e+00	0.00e+00	0.00e+00	6.57e-01	2.61e-08	2.91e-08
 2.76813e+23	6.68e-01	3.31e-01	9.11e-04	2.26e-06	0.00e+00	0.00e+00	0.00e+00	0.00e+00	0.00e+00	6.68e-01	2.60e-08	2.90e-08
 2.76970e+23	6.79e-01	3.20e-01	8.33e-04	2.12e-06	0.00e+00	0.00e+00	0.00e+00	0.00e+00	0.00e+00	6.79e-01	2.59e-08	2.89e-08
 2.77132e+23	6.89e-01	3.10e-01	7.62e-04	2.01e-06	0.00e+00	0.00e+00	0.00e+00	0.00e+00	0.00e+00	6.89e-01	2.59e-08	2.88e-08
 2.77303e+23	7.00e-01	2.99e-01	6.94e-04	1.89e-06	0.00e+00	0.00e+00	0.00e+00	0.00e+00	0.00e+00	7.00e-01	2.58e-08	2.87e-08
 2.77481e+23	7.11e-01	2.88e-01	6.29e-04	1.77e-06	0.00e+00	0.00e+00	0.00e+00	0.00e+00	0.00e+00	7.11e-01	2.56e-08	2.85e-08
 2.77656e+23	7.21e-01	2.78e-01	5.74e-04	1.67e-06	0.00e+00	0.00e+00	0.00e+00	0.00e+00	0.00e+00	7.21e-01	2.55e-08	2.83e-08
 2.77833e+23	7.31e-01	2.69e-01	5.23e-04	1.58e-06	0.00e+00	0.00e+00	0.00e+00	0.00e+00	0.00e+00	7.31e-01	2.53e-08	2.82e-08
 2.78019e+23	7.41e-01	2.59e-01	4.75e-04	1.49e-06	0.00e+00	0.00e+00	0.00e+00	0.00e+00	0.00e+00	7.41e-01	2.52e-08	2.80e-08
 2.78214e+23	7.50e-01	2.49e-01	4.30e-04	1.40e-06	0.00e+00	0.00e+00	0.00e+00	0.00e+00	0.00e+00	7.50e-01	2.50e-08	2.78e-08
 2.78413e+23	7.60e-01	2.40e-01	3.89e-04	1.32e-06	0.00e+00	0.00e+00	0.00e+00	0.00e+00	0.00e+00	7.60e-01	2.48e-08	2.75e-08
 2.78612e+23	7.69e-01	2.31e-01	3.54e-04	1.25e-06	0.00e+00	0.00e+00	0.00e+00	0.00e+00	0.00e+00	7.69e-01	2.46e-08	2.73e-08
 2.78819e+23	7.77e-01	2.22e-01	3.20e-04	1.17e-06	0.00e+00	0.00e+00	0.00e+00	0.00e+00	0.00e+00	7.77e-01	2.44e-08	2.71e-08
 2.79037e+23	7.86e-01	2.14e-01	2.89e-04	1.10e-06	0.00e+00	0.00e+00	0.00e+00	0.00e+00	0.00e+00	7.86e-01	2.42e-08	2.68e-08
 2.79257e+23	7.94e-01	2.05e-01	2.62e-04	1.04e-06	0.00e+00	0.00e+00	0.00e+00	0.00e+00	0.00e+00	7.94e-01	2.40e-08	2.66e-08
 2.79481e+23	8.02e-01	1.98e-01	2.37e-04	9.83e-07	0.00e+00	0.00e+00	0.00e+00	0.00e+00	0.00e+00	8.02e-01	2.37e-08	2.63e-08
 2.79716e+23	8.10e-01	1.90e-01	2.14e-04	9.26e-07	0.00e+00	0.00e+00	0.00e+00	0.00e+00	0.00e+00	8.10e-01	2.35e-08	2.61e-08
 2.79961e+23	8.18e-01	1.82e-01	1.93e-04	8.72e-07	0.00e+00	0.00e+00	0.00e+00	0.00e+00	0.00e+00	8.18e-01	2.33e-08	2.58e-08
 2.80212e+23	8.25e-01	1.75e-01	1.75e-04	8.22e-07	0.00e+00	0.00e+00	0.00e+00	0.00e+00	0.00e+00	8.25e-01	2.31e-08	2.55e-08
 2.80469e+23	8.32e-01	1.68e-01	1.58e-04	7.75e-07	0.00e+00	0.00e+00	0.00e+00	0.00e+00	0.00e+00	8.32e-01	2.28e-08	2.53e-08
 2.80738e+23	8.39e-01	1.61e-01	1.43e-04	7.30e-07	0.00e+00	0.00e+00	0.00e+00	0.00e+00	0.00e+00	8.39e-01	2.26e-08	2.50e-08
 2.81019e+23	8.45e-01	1.54e-01	1.30e-04	6.88e-07	0.00e+00	0.00e+00	0.00e+00	0.00e+00	0.00e+00	8.45e-01	2.24e-08	2.48e-08
 2.81310e+23	8.52e-01	1.48e-01	1.18e-04	6.48e-07	0.00e+00	0.00e+00	0.00e+00	0.00e+00	0.00e+00	8.52e-01	2.22e-08	2.45e-08
 2.81606e+23	8.58e-01	1.42e-01	1.08e-04	6.12e-07	0.00e+00	0.00e+00	0.00e+00	0.00e+00	0.00e+00	8.58e-01	2.20e-08	2.43e-08
 2.81908e+23	8.63e-01	1.37e-01	9.86e-05	5.80e-07	0.00e+00	0.00e+00	0.00e+00	0.00e+00	0.00e+00	8.63e-01	2.18e-08	2.40e-08
 2.82219e+23	8.69e-01	1.31e-01	9.05e-05	5.48e-07	0.00e+00	0.00e+00	0.00e+00	0.00e+00	0.00e+00	8.69e-01	2.16e-08	2.36e-08
 2.82546e+23	8.74e-01	1.26e-01	8.34e-05	5.18e-07	0.00e+00	0.00e+00	0.00e+00	0.00e+00	0.00e+00	8.74e-01	2.14e-08	2.33e-08
 2.82885e+23	8.79e-01	1.21e-01	7.70e-05	4.90e-07	0.00e+00	0.00e+00	0.00e+00	0.00e+00	0.00e+00	8.79e-01	2.12e-08	2.30e-08
 2.83231e+23	8.83e-01	1.17e-01	7.16e-05	4.65e-07	0.00e+00	0.00e+00	0.00e+00	0.00e+00	0.00e+00	8.83e-01	2.10e-08	2.27e-08
 2.83587e+23	8.87e-01	1.13e-01	6.68e-05	4.41e-07	0.00e+00	0.00e+00	0.00e+00	0.00e+00	0.00e+00	8.87e-01	2.08e-08	2.24e-08
 2.83961e+23	8.92e-01	1.08e-01	6.25e-05	4.18e-07	0.00e+00	0.00e+00	0.00e+00	0.00e+00	0.00e+00	8.92e-01	2.07e-08	2.22e-08
 2.84360e+23	8.95e-01	1.05e-01	5.87e-05	3.97e-07	0.00e+00	0.00e+00	0.00e+00	0.00e+00	0.00e+00	8.95e-01	2.05e-08	2.19e-08
 2.84773e+23	8.99e-01	1.01e-01	5.53e-05	3.77e-07	0.00e+00	0.00e+00	0.00e+00	0.00e+00	0.00e+00	8.99e-01	2.04e-08	2.17e-08
 2.85202e+23	9.03e-01	9.72e-02	5.24e-05	3.58e-07	0.00e+00	0.00e+00	0.00e+00	0.00e+00	0.00e+00	9.03e-01	2.03e-08	2.14e-08
 2.85658e+23	9.06e-01	9.38e-02	4.97e-05	3.39e-07	0.00e+00	0.00e+00	0.00e+00	0.00e+00	0.00e+00	9.06e-01	2.02e-08	2.12e-08
 2.86143e+23	9.10e-01	9.04e-02	4.73e-05	3.22e-07	0.00e+00	0.00e+00	0.00e+00	0.00e+00	0.00e+00	9.10e-01	2.01e-08	2.10e-08
 2.86652e+23	9.13e-01	8.71e-02	4.52e-05	3.05e-07	0.00e+00	0.00e+00	0.00e+00	0.00e+00	0.00e+00	9.13e-01	2.00e-08	2.08e-08
 2.87169e+23	9.16e-01	8.40e-02	4.33e-05	2.89e-07	0.00e+00	0.00e+00	0.00e+00	0.00e+00	0.00e+00	9.16e-01	2.00e-08	2.06e-08
 2.87668e+23	9.19e-01	8.14e-02	4.18e-05	2.76e-07	0.00e+00	0.00e+00	0.00e+00	0.00e+00	0.00e+00	9.19e-01	1.99e-08	2.05e-08
 2.88145e+23	9.21e-01	7.90e-02	4.06e-05	2.64e-07	0.00e+00	0.00e+00	0.00e+00	0.00e+00	0.00e+00	9.21e-01	1.99e-08	2.03e-08
 2.88613e+23	9.23e-01	7.68e-02	3.95e-05	2.53e-07	0.00e+00	0.00e+00	0.00e+00	0.00e+00	0.00e+00	9.23e-01	1.99e-08	2.02e-08
 2.89073e+23	9.25e-01	7.46e-02	3.85e-05	2.42e-07	0.00e+00	0.00e+00	0.00e+00	0.00e+00	0.00e+00	9.25e-01	1.98e-08	2.01e-08
 2.89523e+23	9.27e-01	7.26e-02	3.77e-05	2.33e-07	0.00e+00	0.00e+00	0.00e+00	0.00e+00	0.00e+00	9.27e-01	1.98e-08	2.00e-08
 2.89952e+23	9.29e-01	7.07e-02	3.70e-05	2.24e-07	0.00e+00	0.00e+00	0.00e+00	0.00e+00	0.00e+00	9.29e-01	1.97e-08	1.99e-08
 2.90349e+23	9.31e-01	6.91e-02	3.63e-05	2.16e-07	0.00e+00	0.00e+00	0.00e+00	0.00e+00	0.00e+00	9.31e-01	1.97e-08	1.98e-08
 2.90735e+23	9.32e-01	6.75e-02	3.58e-05	2.09e-07	0.00e+00	0.00e+00	0.00e+00	0.00e+00	0.00e+00	9.32e-01	1.97e-08	1.97e-08
 2.91121e+23	9.34e-01	6.58e-02	3.52e-05	2.02e-07	0.00e+00	0.00e+00	0.00e+00	0.00e+00	0.00e+00	9.34e-01	1.97e-08	1.96e-08
 2.91495e+23	9.36e-01	6.43e-02	3.47e-05	1.95e-07	0.00e+00	0.00e+00	0.00e+00	0.00e+00	0.00e+00	9.36e-01	1.96e-08	1.95e-08
 2.91856e+23	9.37e-01	6.28e-02	3.43e-05	1.89e-07	0.00e+00	0.00e+00	0.00e+00	0.00e+00	0.00e+00	9.37e-01	1.96e-08	1.94e-08
 2.92204e+23	9.39e-01	6.14e-02	3.39e-05	1.83e-07	0.00e+00	0.00e+00	0.00e+00	0.00e+00	0.00e+00	9.39e-01	1.96e-08	1.93e-08
 2.92540e+23	9.40e-01	6.01e-02	3.35e-05	1.77e-07	0.00e+00	0.00e+00	0.00e+00	0.00e+00	0.00e+00	9.40e-01	1.95e-08	1.92e-08
 2.92866e+23	9.41e-01	5.88e-02	3.32e-05	1.72e-07	0.00e+00	0.00e+00	0.00e+00	0.00e+00	0.00e+00	9.41e-01	1.95e-08	1.92e-08
 2.93180e+23	9.42e-01	5.76e-02	3.29e-05	1.67e-07	0.00e+00	0.00e+00	0.00e+00	0.00e+00	0.00e+00	9.42e-01	1.95e-08	1.91e-08
 2.93483e+23	9.44e-01	5.64e-02	3.26e-05	1.62e-07	0.00e+00	0.00e+00	0.00e+00	0.00e+00	0.00e+00	9.44e-01	1.95e-08	1.90e-08
 2.93775e+23	9.45e-01	5.52e-02	3.23e-05	1.58e-07	0.00e+00	0.00e+00	0.00e+00	0.00e+00	0.00e+00	9.45e-01	1.94e-08	1.90e-08
 2.94057e+23	9.46e-01	5.41e-02	3.21e-05	1.54e-07	0.00e+00	0.00e+00	0.00e+00	0.00e+00	0.00e+00	9.46e-01	1.94e-08	1.89e-08
 2.94330e+23	9.47e-01	5.30e-02	3.19e-05	1.50e-07	0.00e+00	0.00e+00	0.00e+00	0.00e+00	0.00e+00	9.47e-01	1.94e-08	1.88e-08
 2.94588e+23	9.48e-01	5.20e-02	3.17e-05	1.46e-07	0.00e+00	0.00e+00	0.00e+00	0.00e+00	0.00e+00	9.48e-01	1.94e-08	1.88e-08
 2.94841e+23	9.49e-01	5.10e-02	3.14e-05	1.42e-07	0.00e+00	0.00e+00	0.00e+00	0.00e+00	0.00e+00	9.49e-01	1.93e-08	1.87e-08
 2.95087e+23	9.50e-01	5.00e-02	3.13e-05	1.39e-07	0.00e+00	0.00e+00	0.00e+00	0.00e+00	0.00e+00	9.50e-01	1.93e-08	1.86e-08
 2.95311e+23	9.51e-01	4.91e-02	3.11e-05	1.36e-07	0.00e+00	0.00e+00	0.00e+00	0.00e+00	0.00e+00	9.51e-01	1.93e-08	1.85e-08
 2.95515e+23	9.52e-01	4.84e-02	3.10e-05	1.33e-07	0.00e+00	0.00e+00	0.00e+00	0.00e+00	0.00e+00	9.52e-01	1.92e-08	1.85e-08
 2.95701e+23	9.52e-01	4.77e-02	3.08e-05	1.31e-07	0.00e+00	0.00e+00	0.00e+00	0.00e+00	0.00e+00	9.52e-01	1.92e-08	1.84e-08
 2.95869e+23	9.53e-01	4.70e-02	3.07e-05	1.29e-07	0.00e+00	0.00e+00	0.00e+00	0.00e+00	0.00e+00	9.53e-01	1.92e-08	1.84e-08
 2.96023e+23	9.54e-01	4.65e-02	3.06e-05	1.27e-07	0.00e+00	0.00e+00	0.00e+00	0.00e+00	0.00e+00	9.54e-01	1.91e-08	1.83e-08
 2.96163e+23	9.54e-01	4.59e-02	3.05e-05	1.25e-07	0.00e+00	0.00e+00	0.00e+00	0.00e+00	0.00e+00	9.54e-01	1.91e-08	1.83e-08
 2.96290e+23	9.55e-01	4.54e-02	3.04e-05	1.23e-07	0.00e+00	0.00e+00	0.00e+00	0.00e+00	0.00e+00	9.55e-01	1.90e-08	1.82e-08
 2.96406e+23	9.55e-01	4.51e-02	3.03e-05	0.00e+00	0.00e+00	0.00e+00	0.00e+00	0.00e+00	0.00e+00	9.55e-01	1.89e-08	1.82e-08
 2.96532e+23	9.55e-01	4.45e-02	3.02e-05	0.00e+00	0.00e+00	0.00e+00	0.00e+00	0.00e+00	0.00e+00	9.55e-01	1.89e-08	1.81e-08
 2.96697e+23	9.56e-01	4.38e-02	3.00e-05	0.00e+00	0.00e+00	0.00e+00	0.00e+00	0.00e+00	0.00e+00	9.56e-01	1.88e-08	1.81e-08
 2.96875e+23	9.57e-01	4.30e-02	2.98e-05	0.00e+00	0.00e+00	0.00e+00	0.00e+00	0.00e+00	0.00e+00	9.57e-01	1.87e-08	1.80e-08
 2.97037e+23	9.58e-01	4.23e-02	2.97e-05	0.00e+00	0.00e+00	0.00e+00	0.00e+00	0.00e+00	0.00e+00	9.58e-01	1.86e-08	1.79e-08
 2.97185e+23	9.58e-01	4.18e-02	2.95e-05	0.00e+00	0.00e+00	0.00e+00	0.00e+00	0.00e+00	0.00e+00	9.58e-01	1.85e-08	1.79e-08
 2.97319e+23	9.59e-01	4.13e-02	2.94e-05	0.00e+00	0.00e+00	0.00e+00	0.00e+00	0.00e+00	0.00e+00	9.59e-01	1.85e-08	1.78e-08
 2.97441e+23	9.59e-01	4.08e-02	2.93e-05	0.00e+00	0.00e+00	0.00e+00	0.00e+00	0.00e+00	0.00e+00	9.59e-01	1.84e-08	1.78e-08
 2.97552e+23	9.60e-01	4.03e-02	2.92e-05	0.00e+00	0.00e+00	0.00e+00	0.00e+00	0.00e+00	0.00e+00	9.60e-01	1.83e-08	1.77e-08
 2.97653e+23	9.60e-01	4.02e-02	2.91e-05	0.00e+00	0.00e+00	0.00e+00	0.00e+00	0.00e+00	0.00e+00	9.60e-01	1.83e-08	1.77e-08
 2.97764e+23	9.60e-01	3.98e-02	2.89e-05	0.00e+00	0.00e+00	0.00e+00	0.00e+00	0.00e+00	0.00e+00	9.60e-01	1.83e-08	1.77e-08
 2.97908e+23	9.61e-01	3.92e-02	2.87e-05	0.00e+00	0.00e+00	0.00e+00	0.00e+00	0.00e+00	0.00e+00	9.61e-01	1.82e-08	1.77e-08
 2.98063e+23	9.61e-01	3.86e-02	2.85e-05	0.00e+00	0.00e+00	0.00e+00	0.00e+00	0.00e+00	0.00e+00	9.61e-01	1.82e-08	1.76e-08
 2.98204e+23	9.62e-01	3.82e-02	2.84e-05	0.00e+00	0.00e+00	0.00e+00	0.00e+00	0.00e+00	0.00e+00	9.62e-01	1.82e-08	1.76e-08
 2.98359e+23	9.62e-01	3.76e-02	2.82e-05	0.00e+00	0.00e+00	0.00e+00	0.00e+00	0.00e+00	0.00e+00	9.62e-01	1.81e-08	1.76e-08
 2.98527e+23	9.63e-01	3.70e-02	2.79e-05	0.00e+00	0.00e+00	0.00e+00	0.00e+00	0.00e+00	0.00e+00	9.63e-01	1.81e-08	1.76e-08
 2.98679e+23	9.64e-01	3.65e-02	2.78e-05	0.00e+00	0.00e+00	0.00e+00	0.00e+00	0.00e+00	0.00e+00	9.64e-01	1.80e-08	1.75e-08
 2.98818e+23	9.64e-01	3.62e-02	2.76e-05	0.00e+00	0.00e+00	0.00e+00	0.00e+00	0.00e+00	0.00e+00	9.64e-01	1.80e-08	1.75e-08
 2.98969e+23	9.64e-01	3.57e-02	2.74e-05	0.00e+00	0.00e+00	0.00e+00	0.00e+00	0.00e+00	0.00e+00	9.64e-01	1.80e-08	1.75e-08
 2.99133e+23	9.65e-01	3.51e-02	2.72e-05	0.00e+00	0.00e+00	0.00e+00	0.00e+00	0.00e+00	0.00e+00	9.65e-01	1.79e-08	1.74e-08
 2.99283e+23	9.65e-01	3.46e-02	2.70e-05	0.00e+00	0.00e+00	0.00e+00	0.00e+00	0.00e+00	0.00e+00	9.65e-01	1.79e-08	1.74e-08
 2.99418e+23	9.66e-01	3.43e-02	2.68e-05	0.00e+00	0.00e+00	0.00e+00	0.00e+00	0.00e+00	0.00e+00	9.66e-01	1.79e-08	1.74e-08
 2.99567e+23	9.66e-01	3.39e-02	2.66e-05	0.00e+00	0.00e+00	0.00e+00	0.00e+00	0.00e+00	0.00e+00	9.66e-01	1.78e-08	1.73e-08
 2.99728e+23	9.67e-01	3.33e-02	2.64e-05	0.00e+00	0.00e+00	0.00e+00	0.00e+00	0.00e+00	0.00e+00	9.67e-01	1.78e-08	1.73e-08
 2.99904e+23	9.67e-01	3.28e-02	2.60e-05	0.00e+00	0.00e+00	0.00e+00	0.00e+00	0.00e+00	0.00e+00	9.67e-01	1.77e-08	1.73e-08
 3.00094e+23	9.68e-01	3.21e-02	2.57e-05	0.00e+00	0.00e+00	0.00e+00	0.00e+00	0.00e+00	0.00e+00	9.68e-01	1.77e-08	1.72e-08
 3.00266e+23	9.68e-01	3.16e-02	2.55e-05	0.00e+00	0.00e+00	0.00e+00	0.00e+00	0.00e+00	0.00e+00	9.68e-01	1.76e-08	1.72e-08
 3.00424e+23	9.69e-01	3.12e-02	2.52e-05	0.00e+00	0.00e+00	0.00e+00	0.00e+00	0.00e+00	0.00e+00	9.69e-01	1.76e-08	1.71e-08
 3.00567e+23	9.69e-01	3.08e-02	2.50e-05	0.00e+00	0.00e+00	0.00e+00	0.00e+00	0.00e+00	0.00e+00	9.69e-01	1.76e-08	1.71e-08
 3.00697e+23	9.69e-01	3.05e-02	2.48e-05	0.00e+00	0.00e+00	0.00e+00	0.00e+00	0.00e+00	0.00e+00	9.69e-01	1.75e-08	1.70e-08
 3.00840e+23	9.70e-01	3.00e-02	2.46e-05	0.00e+00	0.00e+00	0.00e+00	0.00e+00	0.00e+00	0.00e+00	9.70e-01	1.75e-08	1.70e-08
 3.00994e+23	9.70e-01	2.95e-02	2.43e-05	0.00e+00	0.00e+00	0.00e+00	0.00e+00	0.00e+00	0.00e+00	9.70e-01	1.74e-08	1.69e-08
 3.01134e+23	9.71e-01	2.91e-02	2.41e-05	0.00e+00	0.00e+00	0.00e+00	0.00e+00	0.00e+00	0.00e+00	9.71e-01	1.74e-08	1.69e-08
 3.01262e+23	9.71e-01	2.89e-02	2.40e-05	0.00e+00	0.00e+00	0.00e+00	0.00e+00	0.00e+00	0.00e+00	9.71e-01	1.74e-08	1.69e-08
 3.01402e+23	9.71e-01	2.85e-02	2.38e-05	0.00e+00	0.00e+00	0.00e+00	0.00e+00	0.00e+00	0.00e+00	9.71e-01	1.73e-08	1.68e-08
 3.01553e+23	9.72e-01	2.80e-02	2.35e-05	0.00e+00	0.00e+00	0.00e+00	0.00e+00	0.00e+00	0.00e+00	9.72e-01	1.73e-08	1.68e-08
 3.01690e+23	9.72e-01	2.76e-02	2.33e-05	0.00e+00	0.00e+00	0.00e+00	0.00e+00	0.00e+00	0.00e+00	9.72e-01	1.72e-08	1.67e-08
 3.01815e+23	9.73e-01	2.74e-02	2.32e-05	0.00e+00	0.00e+00	0.00e+00	0.00e+00	0.00e+00	0.00e+00	9.73e-01	1.72e-08	1.67e-08
 3.01952e+23	9.73e-01	2.71e-02	2.30e-05	0.00e+00	0.00e+00	0.00e+00	0.00e+00	0.00e+00	0.00e+00	9.73e-01	1.72e-08	1.66e-08
 3.02100e+23	9.73e-01	2.66e-02	2.28e-05	0.00e+00	0.00e+00	0.00e+00	0.00e+00	0.00e+00	0.00e+00	9.73e-01	1.72e-08	1.66e-08
 3.02262e+23	9.74e-01	2.62e-02	2.25e-05	0.00e+00	0.00e+00	0.00e+00	0.00e+00	0.00e+00	0.00e+00	9.74e-01	1.71e-08	1.65e-08
 3.02437e+23	9.74e-01	2.57e-02	2.23e-05	0.00e+00	0.00e+00	0.00e+00	0.00e+00	0.00e+00	0.00e+00	9.74e-01	1.71e-08	1.65e-08
 3.02596e+23	9.75e-01	2.53e-02	2.21e-05	0.00e+00	0.00e+00	0.00e+00	0.00e+00	0.00e+00	0.00e+00	9.75e-01	1.70e-08	1.64e-08
 3.02741e+23	9.75e-01	2.51e-02	2.20e-05	0.00e+00	0.00e+00	0.00e+00	0.00e+00	0.00e+00	0.00e+00	9.75e-01	1.69e-08	1.63e-08
 3.02900e+23	9.75e-01	2.47e-02	2.18e-05	0.00e+00	0.00e+00	0.00e+00	0.00e+00	0.00e+00	0.00e+00	9.75e-01	1.68e-08	1.62e-08
 3.03071e+23	9.76e-01	2.43e-02	2.16e-05	0.00e+00	0.00e+00	0.00e+00	0.00e+00	0.00e+00	0.00e+00	9.76e-01	1.66e-08	1.61e-08
 3.03259e+23	9.76e-01	2.39e-02	2.13e-05	0.00e+00	0.00e+00	0.00e+00	0.00e+00	0.00e+00	0.00e+00	9.76e-01	1.65e-08	1.59e-08
 3.03462e+23	9.77e-01	2.34e-02	2.11e-05	0.00e+00	0.00e+00	0.00e+00	0.00e+00	0.00e+00	0.00e+00	9.77e-01	1.63e-08	1.58e-08
 3.03647e+23	9.77e-01	2.31e-02	2.09e-05	0.00e+00	0.00e+00	0.00e+00	0.00e+00	0.00e+00	0.00e+00	9.77e-01	1.61e-08	1.56e-08
 3.03814e+23	9.77e-01	2.29e-02	2.07e-05	0.00e+00	0.00e+00	0.00e+00	0.00e+00	0.00e+00	0.00e+00	9.77e-01	1.60e-08	1.55e-08
 3.03998e+23	9.78e-01	2.24e-02	2.05e-05	0.00e+00	0.00e+00	0.00e+00	0.00e+00	0.00e+00	0.00e+00	9.78e-01	1.59e-08	1.54e-08
 3.04197e+23	9.78e-01	2.21e-02	2.03e-05	0.00e+00	0.00e+00	0.00e+00	0.00e+00	0.00e+00	0.00e+00	9.78e-01	1.58e-08	1.52e-08
 3.04378e+23	9.78e-01	2.17e-02	2.01e-05	0.00e+00	0.00e+00	0.00e+00	0.00e+00	0.00e+00	0.00e+00	9.78e-01	1.56e-08	1.51e-08
 3.04542e+23	9.79e-01	2.14e-02	2.00e-05	0.00e+00	0.00e+00	0.00e+00	0.00e+00	0.00e+00	0.00e+00	9.79e-01	1.55e-08	1.49e-08
 3.04692e+23	9.79e-01	2.12e-02	1.98e-05	0.00e+00	0.00e+00	0.00e+00	0.00e+00	0.00e+00	0.00e+00	9.79e-01	1.54e-08	1.48e-08
 3.04856e+23	9.79e-01	2.09e-02	1.96e-05	0.00e+00	0.00e+00	0.00e+00	0.00e+00	0.00e+00	0.00e+00	9.79e-01	1.53e-08	1.46e-08
 3.05033e+23	9.79e-01	2.06e-02	1.95e-05	0.00e+00	0.00e+00	0.00e+00	0.00e+00	0.00e+00	0.00e+00	9.79e-01	1.52e-08	1.45e-08
 3.05227e+23	9.80e-01	2.02e-02	1.93e-05	0.00e+00	0.00e+00	0.00e+00	0.00e+00	0.00e+00	0.00e+00	9.80e-01	1.50e-08	1.44e-08
 3.05437e+23	9.80e-01	1.98e-02	1.91e-05	0.00e+00	0.00e+00	0.00e+00	0.00e+00	0.00e+00	0.00e+00	9.80e-01	1.49e-08	1.42e-08
 3.05627e+23	9.80e-01	1.96e-02	1.89e-05	0.00e+00	0.00e+00	0.00e+00	0.00e+00	0.00e+00	0.00e+00	9.80e-01	1.48e-08	1.41e-08
 3.05836e+23	9.81e-01	1.92e-02	1.87e-05	0.00e+00	0.00e+00	0.00e+00	0.00e+00	0.00e+00	0.00e+00	9.81e-01	1.46e-08	1.39e-08
 3.06062e+23	9.81e-01	1.88e-02	1.85e-05	0.00e+00	0.00e+00	0.00e+00	0.00e+00	0.00e+00	0.00e+00	9.81e-01	1.45e-08	1.37e-08
 3.06267e+23	9.82e-01	1.84e-02	1.83e-05	0.00e+00	0.00e+00	0.00e+00	0.00e+00	0.00e+00	0.00e+00	9.82e-01	1.43e-08	1.35e-08
 3.06454e+23	9.82e-01	1.83e-02	1.82e-05	0.00e+00	0.00e+00	0.00e+00	0.00e+00	0.00e+00	0.00e+00	9.82e-01	1.42e-08	1.34e-08
 3.06659e+23	9.82e-01	1.79e-02	1.80e-05	0.00e+00	0.00e+00	0.00e+00	0.00e+00	0.00e+00	0.00e+00	9.82e-01	1.40e-08	1.32e-08
 3.06879e+23	9.82e-01	1.76e-02	1.78e-05	0.00e+00	0.00e+00	0.00e+00	0.00e+00	0.00e+00	0.00e+00	9.82e-01	1.38e-08	1.30e-08
 3.07080e+23	9.83e-01	1.73e-02	1.76e-05	0.00e+00	0.00e+00	0.00e+00	0.00e+00	0.00e+00	0.00e+00	9.83e-01	1.38e-08	1.29e-08
 3.07301e+23	9.83e-01	1.70e-02	1.74e-05	0.00e+00	0.00e+00	0.00e+00	0.00e+00	0.00e+00	0.00e+00	9.83e-01	1.36e-08	1.27e-08
 3.07539e+23	9.83e-01	1.66e-02	1.72e-05	0.00e+00	0.00e+00	0.00e+00	0.00e+00	0.00e+00	0.00e+00	9.83e-01	1.34e-08	1.25e-08
 3.07755e+23	9.84e-01	1.64e-02	1.71e-05	0.00e+00	0.00e+00	0.00e+00	0.00e+00	0.00e+00	0.00e+00	9.84e-01	1.33e-08	1.24e-08
 3.07992e+23	9.84e-01	1.60e-02	1.69e-05	0.00e+00	0.00e+00	0.00e+00	0.00e+00	0.00e+00	0.00e+00	9.84e-01	1.31e-08	1.21e-08
 3.08248e+23	9.84e-01	1.57e-02	1.67e-05	0.00e+00	0.00e+00	0.00e+00	0.00e+00	0.00e+00	0.00e+00	9.84e-01	1.29e-08	1.20e-08
 3.08469e+23	9.85e-01	1.54e-02	1.66e-05	0.00e+00	0.00e+00	0.00e+00	0.00e+00	0.00e+00	0.00e+00	9.85e-01	1.28e-08	1.18e-08
