#depth	He	He+	He+2
 1.54284e+22	2.24e-08	9.89e-04	9.99e-01
 3.46599e+22	2.69e-08	1.50e-03	9.99e-01
 4.03647e+22	3.36e-08	1.82e-03	9.98e-01
 4.32171e+22	3.85e-08	2.00e-03	9.98e-01
 4.45818e+22	4.10e-08	2.08e-03	9.98e-01
 4.55338e+22	4.45e-08	2.19e-03	9.98e-01
 4.65406e+22	4.80e-08	2.29e-03	9.98e-01
 4.76186e+22	5.31e-08	2.42e-03	9.98e-01
 4.87019e+22	5.74e-08	2.53e-03	9.97e-01
 4.97924e+22	6.38e-08	2.68e-03	9.97e-01
 5.09053e+22	6.94e-08	2.80e-03	9.97e-01
 5.20475e+22	7.76e-08	2.97e-03	9.97e-01
 5.32159e+22	8.49e-08	3.11e-03	9.97e-01
 5.44184e+22	9.56e-08	3.30e-03	9.97e-01
 5.56450e+22	1.05e-07	3.46e-03	9.97e-01
 5.66783e+22	1.14e-07	3.62e-03	9.96e-01
 5.77965e+22	1.27e-07	3.82e-03	9.96e-01
 5.88848e+22	1.38e-07	3.97e-03	9.96e-01
 5.99342e+22	1.53e-07	4.18e-03	9.96e-01
 6.09942e+22	1.65e-07	4.35e-03	9.96e-01
 6.20680e+22	1.83e-07	4.58e-03	9.95e-01
 6.31574e+22	1.98e-07	4.76e-03	9.95e-01
 6.42672e+22	2.21e-07	5.02e-03	9.95e-01
 6.53936e+22	2.40e-07	5.23e-03	9.95e-01
 6.65416e+22	2.67e-07	5.52e-03	9.94e-01
 6.77090e+22	2.91e-07	5.75e-03	9.94e-01
 6.89016e+22	3.25e-07	6.08e-03	9.94e-01
 7.01198e+22	3.55e-07	6.35e-03	9.94e-01
 7.13715e+22	3.99e-07	6.73e-03	9.93e-01
 7.26566e+22	4.37e-07	7.04e-03	9.93e-01
 7.39853e+22	4.93e-07	7.47e-03	9.93e-01
 7.53293e+22	5.41e-07	7.82e-03	9.92e-01
 7.66934e+22	6.12e-07	8.31e-03	9.92e-01
 7.80754e+22	6.72e-07	8.71e-03	9.91e-01
 7.94808e+22	7.62e-07	9.27e-03	9.91e-01
 8.09064e+22	8.39e-07	9.72e-03	9.90e-01
 8.21604e+22	9.24e-07	1.02e-02	9.90e-01
 8.35928e+22	1.05e-06	1.08e-02	9.89e-01
 8.50541e+22	1.16e-06	1.14e-02	9.89e-01
 8.62393e+22	1.26e-06	1.19e-02	9.88e-01
 8.74663e+22	1.39e-06	1.25e-02	9.88e-01
 8.87588e+22	1.52e-06	1.30e-02	9.87e-01
 8.99462e+22	1.66e-06	1.36e-02	9.86e-01
 9.12994e+22	1.86e-06	1.44e-02	9.86e-01
 9.26894e+22	2.05e-06	1.51e-02	9.85e-01
 9.39106e+22	2.24e-06	1.58e-02	9.84e-01
 9.52816e+22	2.50e-06	1.67e-02	9.83e-01
 9.67184e+22	2.77e-06	1.75e-02	9.82e-01
 9.80181e+22	3.04e-06	1.84e-02	9.82e-01
 9.94847e+22	3.41e-06	1.94e-02	9.81e-01
 1.01000e+23	3.79e-06	2.05e-02	9.80e-01
 1.02350e+23	4.18e-06	2.15e-02	9.79e-01
 1.03878e+23	4.71e-06	2.28e-02	9.77e-01
 1.05467e+23	5.26e-06	2.41e-02	9.76e-01
 1.06898e+23	5.82e-06	2.53e-02	9.75e-01
 1.08520e+23	6.63e-06	2.70e-02	9.73e-01
 1.10188e+23	7.40e-06	2.85e-02	9.72e-01
 1.11687e+23	8.23e-06	3.00e-02	9.70e-01
 1.13406e+23	9.45e-06	3.21e-02	9.68e-01
 1.15142e+23	1.06e-05	3.39e-02	9.66e-01
 1.16902e+23	1.21e-05	3.63e-02	9.64e-01
 1.18689e+23	1.36e-05	3.84e-02	9.62e-01
 1.20275e+23	1.52e-05	4.05e-02	9.59e-01
 1.22097e+23	1.76e-05	4.35e-02	9.56e-01
 1.23944e+23	1.98e-05	4.60e-02	9.54e-01
 1.25822e+23	2.29e-05	4.95e-02	9.50e-01
 1.27724e+23	2.58e-05	5.24e-02	9.48e-01
 1.29659e+23	3.01e-05	5.64e-02	9.44e-01
 1.31619e+23	3.39e-05	5.98e-02	9.40e-01
 1.33325e+23	3.81e-05	6.33e-02	9.37e-01
 1.34961e+23	4.25e-05	6.67e-02	9.33e-01
 1.36525e+23	4.72e-05	7.02e-02	9.30e-01
 1.38289e+23	5.40e-05	7.49e-02	9.25e-01
 1.40044e+23	5.99e-05	7.87e-02	9.21e-01
 1.41788e+23	6.86e-05	8.40e-02	9.16e-01
 1.43559e+23	7.62e-05	8.82e-02	9.12e-01
 1.45365e+23	8.71e-05	9.41e-02	9.06e-01
 1.47200e+23	9.73e-05	9.91e-02	9.01e-01
 1.48827e+23	1.08e-04	1.04e-01	8.96e-01
 1.50695e+23	1.24e-04	1.11e-01	8.89e-01
 1.52500e+23	1.37e-04	1.17e-01	8.83e-01
 1.53945e+23	1.50e-04	1.22e-01	8.78e-01
 1.55547e+23	1.68e-04	1.28e-01	8.72e-01
 1.57171e+23	1.85e-04	1.34e-01	8.66e-01
 1.58601e+23	2.02e-04	1.40e-01	8.60e-01
 1.60238e+23	2.26e-04	1.47e-01	8.53e-01
 1.61896e+23	2.48e-04	1.54e-01	8.46e-01
 1.63356e+23	2.72e-04	1.60e-01	8.40e-01
 1.65027e+23	3.04e-04	1.69e-01	8.31e-01
 1.66724e+23	3.34e-04	1.76e-01	8.24e-01
 1.68220e+23	3.66e-04	1.83e-01	8.16e-01
 1.69929e+23	4.10e-04	1.93e-01	8.07e-01
 1.71663e+23	4.50e-04	2.01e-01	7.98e-01
 1.73199e+23	4.94e-04	2.10e-01	7.90e-01
 1.74964e+23	5.53e-04	2.20e-01	7.79e-01
 1.76759e+23	6.08e-04	2.30e-01	7.70e-01
 1.78591e+23	6.84e-04	2.42e-01	7.58e-01
 1.80448e+23	7.53e-04	2.52e-01	7.47e-01
 1.82336e+23	8.47e-04	2.65e-01	7.34e-01
 1.84260e+23	9.35e-04	2.76e-01	7.23e-01
 1.86233e+23	1.05e-03	2.91e-01	7.08e-01
 1.88240e+23	1.17e-03	3.03e-01	6.96e-01
 1.90292e+23	1.32e-03	3.19e-01	6.80e-01
 1.92082e+23	1.42e-03	3.29e-01	6.70e-01
 1.93533e+23	1.54e-03	3.40e-01	6.58e-01
 1.95050e+23	1.66e-03	3.51e-01	6.48e-01
 1.96436e+23	1.78e-03	3.61e-01	6.38e-01
 1.98021e+23	1.94e-03	3.74e-01	6.25e-01
 1.99635e+23	2.10e-03	3.85e-01	6.13e-01
 2.01285e+23	2.30e-03	3.99e-01	5.99e-01
 2.02947e+23	2.48e-03	4.11e-01	5.86e-01
 2.04622e+23	2.72e-03	4.26e-01	5.71e-01
 2.06324e+23	2.94e-03	4.39e-01	5.58e-01
 2.08061e+23	3.23e-03	4.55e-01	5.41e-01
 2.09829e+23	3.49e-03	4.69e-01	5.27e-01
 2.11638e+23	3.85e-03	4.87e-01	5.10e-01
 2.13480e+23	4.17e-03	5.02e-01	4.94e-01
 2.15363e+23	4.61e-03	5.20e-01	4.75e-01
 2.17266e+23	5.00e-03	5.36e-01	4.59e-01
 2.19193e+23	5.52e-03	5.56e-01	4.39e-01
 2.21149e+23	6.01e-03	5.73e-01	4.21e-01
 2.23143e+23	6.67e-03	5.94e-01	4.00e-01
 2.25127e+23	7.24e-03	6.11e-01	3.82e-01
 2.27101e+23	8.04e-03	6.32e-01	3.60e-01
 2.29082e+23	8.74e-03	6.50e-01	3.41e-01
 2.31074e+23	9.72e-03	6.71e-01	3.19e-01
 2.33067e+23	1.06e-02	6.89e-01	3.00e-01
 2.35060e+23	1.18e-02	7.11e-01	2.77e-01
 2.37046e+23	1.28e-02	7.29e-01	2.59e-01
 2.39023e+23	1.43e-02	7.49e-01	2.37e-01
 2.41006e+23	1.56e-02	7.66e-01	2.18e-01
 2.42997e+23	1.74e-02	7.85e-01	1.97e-01
 2.44995e+23	1.91e-02	8.01e-01	1.80e-01
 2.47000e+23	2.14e-02	8.18e-01	1.60e-01
 2.49021e+23	2.36e-02	8.33e-01	1.44e-01
 2.50789e+23	2.59e-02	8.45e-01	1.29e-01
 2.52815e+23	2.92e-02	8.57e-01	1.13e-01
 2.54854e+23	3.24e-02	8.68e-01	1.00e-01
 2.56394e+23	3.50e-02	8.74e-01	9.09e-02
 2.57882e+23	3.85e-02	8.80e-01	8.16e-02
 2.59478e+23	4.23e-02	8.84e-01	7.33e-02
 2.60946e+23	4.64e-02	8.87e-01	6.62e-02
 2.62344e+23	5.10e-02	8.89e-01	6.00e-02
 2.63672e+23	5.60e-02	8.89e-01	5.47e-02
 2.64907e+23	6.15e-02	8.88e-01	5.02e-02
 2.66053e+23	6.76e-02	8.86e-01	4.64e-02
 2.67111e+23	7.41e-02	8.83e-01	4.33e-02
 2.68085e+23	8.13e-02	8.78e-01	4.06e-02
 2.68966e+23	8.89e-02	8.73e-01	3.85e-02
 2.69743e+23	9.68e-02	8.66e-01	3.68e-02
 2.70438e+23	1.05e-01	8.59e-01	3.54e-02
 2.71071e+23	1.14e-01	8.52e-01	3.42e-02
 2.71644e+23	1.23e-01	8.44e-01	3.35e-02
 2.72179e+23	1.32e-01	8.35e-01	3.28e-02
 2.72687e+23	1.43e-01	8.25e-01	3.22e-02
 2.73153e+23	1.53e-01	8.15e-01	3.19e-02
 2.73572e+23	1.63e-01	8.05e-01	3.17e-02
 2.73937e+23	1.72e-01	7.96e-01	3.17e-02
 2.74254e+23	1.81e-01	7.87e-01	3.17e-02
 2.74506e+23	1.88e-01	7.80e-01	3.19e-02
 2.74707e+23	1.95e-01	7.73e-01	3.19e-02
 2.74919e+23	2.02e-01	7.66e-01	3.20e-02
 2.75164e+23	2.11e-01	7.57e-01	3.20e-02
 2.75426e+23	2.20e-01	7.48e-01	3.21e-02
 2.75678e+23	2.29e-01	7.39e-01	3.23e-02
 2.75902e+23	2.38e-01	7.30e-01	3.24e-02
 2.76075e+23	2.44e-01	7.23e-01	3.25e-02
 2.76200e+23	2.50e-01	7.18e-01	3.26e-02
 2.76328e+23	2.55e-01	7.12e-01	3.26e-02
 2.76483e+23	2.62e-01	7.05e-01	3.26e-02
 2.76653e+23	2.70e-01	6.97e-01	3.25e-02
 2.76813e+23	2.77e-01	6.90e-01	3.26e-02
 2.76970e+23	2.85e-01	6.82e-01	3.25e-02
 2.77132e+23	2.93e-01	6.75e-01	3.25e-02
 2.77303e+23	3.01e-01	6.66e-01	3.24e-02
 2.77481e+23	3.11e-01	6.57e-01	3.23e-02
 2.77656e+23	3.20e-01	6.48e-01	3.22e-02
 2.77833e+23	3.29e-01	6.39e-01	3.20e-02
 2.78019e+23	3.39e-01	6.29e-01	3.18e-02
 2.78214e+23	3.50e-01	6.18e-01	3.16e-02
 2.78413e+23	3.61e-01	6.07e-01	3.13e-02
 2.78612e+23	3.72e-01	5.97e-01	3.11e-02
 2.78819e+23	3.84e-01	5.85e-01	3.07e-02
 2.79037e+23	3.97e-01	5.72e-01	3.03e-02
 2.79257e+23	4.10e-01	5.60e-01	3.00e-02
 2.79481e+23	4.24e-01	5.47e-01	2.95e-02
 2.79716e+23	4.38e-01	5.33e-01	2.90e-02
 2.79961e+23	4.52e-01	5.19e-01	2.84e-02
 2.80212e+23	4.67e-01	5.05e-01	2.79e-02
 2.80469e+23	4.82e-01	4.90e-01	2.72e-02
 2.80738e+23	4.98e-01	4.75e-01	2.65e-02
 2.81019e+23	5.14e-01	4.60e-01	2.58e-02
 2.81310e+23	5.31e-01	4.44e-01	2.50e-02
 2.81606e+23	5.47e-01	4.29e-01	2.42e-02
 2.81908e+23	5.63e-01	4.13e-01	2.34e-02
 2.82219e+23	5.80e-01	3.98e-01	2.25e-02
 2.82546e+23	5.96e-01	3.82e-01	2.16e-02
 2.82885e+23	6.13e-01	3.67e-01	2.07e-02
 2.83231e+23	6.28e-01	3.52e-01	1.98e-02
 2.83587e+23	6.44e-01	3.37e-01	1.88e-02
 2.83961e+23	6.59e-01	3.23e-01	1.78e-02
 2.84360e+23	6.74e-01	3.09e-01	1.69e-02
 2.84773e+23	6.88e-01	2.96e-01	1.59e-02
 2.85202e+23	7.02e-01	2.83e-01	1.50e-02
 2.85658e+23	7.15e-01	2.71e-01	1.41e-02
 2.86143e+23	7.28e-01	2.59e-01	1.31e-02
 2.86652e+23	7.41e-01	2.47e-01	1.22e-02
 2.87169e+23	7.52e-01	2.36e-01	1.14e-02
 2.87668e+23	7.62e-01	2.27e-01	1.06e-02
 2.88145e+23	7.71e-01	2.19e-01	9.95e-03
 2.88613e+23	7.79e-01	2.11e-01	9.34e-03
 2.89073e+23	7.87e-01	2.05e-01	8.78e-03
 2.89523e+23	7.93e-01	1.98e-01	8.26e-03
 2.89952e+23	8.00e-01	1.93e-01	7.80e-03
 2.90349e+23	8.05e-01	1.87e-01	7.39e-03
 2.90735e+23	8.10e-01	1.83e-01	7.00e-03
 2.91121e+23	8.15e-01	1.78e-01	6.65e-03
 2.91495e+23	8.20e-01	1.74e-01	6.32e-03
 2.91856e+23	8.24e-01	1.70e-01	6.01e-03
 2.92204e+23	8.29e-01	1.66e-01	5.73e-03
 2.92540e+23	8.33e-01	1.62e-01	5.46e-03
 2.92866e+23	8.36e-01	1.58e-01	5.22e-03
 2.93180e+23	8.40e-01	1.55e-01	4.99e-03
 2.93483e+23	8.43e-01	1.52e-01	4.77e-03
 2.93775e+23	8.47e-01	1.49e-01	4.57e-03
 2.94057e+23	8.50e-01	1.46e-01	4.39e-03
 2.94330e+23	8.53e-01	1.43e-01	4.21e-03
 2.94588e+23	8.55e-01	1.41e-01	4.05e-03
 2.94841e+23	8.58e-01	1.38e-01	3.89e-03
 2.95087e+23	8.61e-01	1.36e-01	3.74e-03
 2.95311e+23	8.63e-01	1.33e-01	3.61e-03
 2.95515e+23	8.65e-01	1.31e-01	3.49e-03
 2.95701e+23	8.67e-01	1.29e-01	3.39e-03
 2.95869e+23	8.69e-01	1.28e-01	3.29e-03
 2.96023e+23	8.71e-01	1.26e-01	3.20e-03
 2.96163e+23	8.72e-01	1.24e-01	3.12e-03
 2.96290e+23	8.74e-01	1.23e-01	3.05e-03
 2.96406e+23	8.75e-01	1.22e-01	3.00e-03
 2.96532e+23	8.77e-01	1.20e-01	2.92e-03
 2.96697e+23	8.78e-01	1.19e-01	2.84e-03
 2.96875e+23	8.80e-01	1.18e-01	2.77e-03
 2.97037e+23	8.81e-01	1.16e-01	2.69e-03
 2.97185e+23	8.83e-01	1.15e-01	2.63e-03
 2.97319e+23	8.84e-01	1.13e-01	2.57e-03
 2.97441e+23	8.85e-01	1.12e-01	2.51e-03
 2.97552e+23	8.87e-01	1.11e-01	2.45e-03
 2.97653e+23	8.87e-01	1.10e-01	2.42e-03
 2.97764e+23	8.89e-01	1.09e-01	2.37e-03
 2.97908e+23	8.90e-01	1.08e-01	2.31e-03
 2.98063e+23	8.91e-01	1.07e-01	2.27e-03
 2.98204e+23	8.92e-01	1.06e-01	2.22e-03
 2.98359e+23	8.94e-01	1.04e-01	2.16e-03
 2.98527e+23	8.95e-01	1.03e-01	2.11e-03
 2.98679e+23	8.96e-01	1.02e-01	2.06e-03
 2.98818e+23	8.97e-01	1.01e-01	2.02e-03
 2.98969e+23	8.98e-01	9.97e-02	1.97e-03
 2.99133e+23	9.00e-01	9.85e-02	1.92e-03
 2.99283e+23	9.01e-01	9.73e-02	1.87e-03
 2.99418e+23	9.02e-01	9.65e-02	1.84e-03
 2.99567e+23	9.03e-01	9.52e-02	1.79e-03
 2.99728e+23	9.04e-01	9.41e-02	1.75e-03
 2.99904e+23	9.06e-01	9.27e-02	1.69e-03
 3.00094e+23	9.07e-01	9.15e-02	1.65e-03
 3.00266e+23	9.08e-01	9.03e-02	1.60e-03
 3.00424e+23	9.09e-01	8.92e-02	1.56e-03
 3.00567e+23	9.10e-01	8.81e-02	1.52e-03
 3.00697e+23	9.11e-01	8.71e-02	1.49e-03
 3.00840e+23	9.13e-01	8.59e-02	1.45e-03
 3.00994e+23	9.14e-01	8.49e-02	1.41e-03
 3.01134e+23	9.15e-01	8.39e-02	1.38e-03
 3.01262e+23	9.15e-01	8.32e-02	1.36e-03
 3.01402e+23	9.17e-01	8.21e-02	1.32e-03
 3.01553e+23	9.18e-01	8.12e-02	1.29e-03
 3.01690e+23	9.19e-01	8.02e-02	1.26e-03
 3.01815e+23	9.19e-01	7.96e-02	1.24e-03
 3.01952e+23	9.20e-01	7.86e-02	1.21e-03
 3.02100e+23	9.21e-01	7.78e-02	1.18e-03
 3.02262e+23	9.22e-01	7.66e-02	1.15e-03
 3.02437e+23	9.23e-01	7.57e-02	1.12e-03
 3.02596e+23	9.24e-01	7.47e-02	1.09e-03
 3.02741e+23	9.25e-01	7.41e-02	1.07e-03
 3.02900e+23	9.26e-01	7.31e-02	1.04e-03
 3.03071e+23	9.27e-01	7.23e-02	1.02e-03
 3.03259e+23	9.28e-01	7.12e-02	9.90e-04
 3.03462e+23	9.29e-01	7.03e-02	9.65e-04
 3.03647e+23	9.30e-01	6.94e-02	9.39e-04
 3.03814e+23	9.30e-01	6.87e-02	9.21e-04
 3.03998e+23	9.32e-01	6.75e-02	8.88e-04
 3.04197e+23	9.32e-01	6.68e-02	8.69e-04
 3.04378e+23	9.33e-01	6.59e-02	8.46e-04
 3.04542e+23	9.34e-01	6.50e-02	8.24e-04
 3.04692e+23	9.35e-01	6.44e-02	8.08e-04
 3.04856e+23	9.36e-01	6.34e-02	7.83e-04
 3.05033e+23	9.36e-01	6.29e-02	7.69e-04
 3.05227e+23	9.37e-01	6.19e-02	7.45e-04
 3.05437e+23	9.38e-01	6.12e-02	7.28e-04
 3.05627e+23	9.39e-01	6.04e-02	7.11e-04
 3.05836e+23	9.40e-01	5.94e-02	6.85e-04
 3.06062e+23	9.41e-01	5.86e-02	6.67e-04
 3.06267e+23	9.42e-01	5.77e-02	6.48e-04
 3.06454e+23	9.42e-01	5.71e-02	6.33e-04
 3.06659e+23	9.43e-01	5.61e-02	6.12e-04
 3.06879e+23	9.44e-01	5.54e-02	5.97e-04
 3.07080e+23	9.45e-01	5.47e-02	5.82e-04
 3.07301e+23	9.46e-01	5.37e-02	5.61e-04
 3.07539e+23	9.46e-01	5.30e-02	5.46e-04
 3.07755e+23	9.47e-01	5.23e-02	5.32e-04
 3.07992e+23	9.48e-01	5.13e-02	5.12e-04
 3.08248e+23	9.49e-01	5.06e-02	4.99e-04
 3.08469e+23	9.50e-01	4.99e-02	4.85e-04
