#depth	H	H+	H2
 1.54284e+22	1.13e-04	1.00e+00	7.02e-24
 3.53738e+22	1.58e-04	1.00e+00	2.68e-23
 4.21494e+22	1.86e-04	1.00e+00	5.77e-23
 4.61134e+22	2.10e-04	1.00e+00	1.04e-22
 4.85921e+22	2.22e-04	1.00e+00	1.37e-22
 5.03704e+22	2.39e-04	1.00e+00	1.95e-22
 5.22444e+22	2.54e-04	1.00e+00	2.64e-22
 5.42427e+22	2.74e-04	1.00e+00	3.90e-22
 5.62753e+22	2.93e-04	1.00e+00	5.42e-22
 5.80219e+22	3.11e-04	1.00e+00	7.32e-22
 5.96820e+22	3.30e-04	1.00e+00	9.81e-22
 6.12835e+22	3.48e-04	1.00e+00	1.30e-21
 6.30887e+22	3.74e-04	1.00e+00	1.86e-21
 6.48894e+22	3.95e-04	1.00e+00	2.50e-21
 6.66839e+22	4.24e-04	1.00e+00	3.60e-21
 6.85118e+22	4.49e-04	1.00e+00	4.91e-21
 7.03831e+22	4.83e-04	1.00e+00	7.22e-21
 7.22698e+22	5.12e-04	9.99e-01	1.01e-20
 7.41765e+22	5.51e-04	9.99e-01	1.51e-20
 7.61071e+22	5.84e-04	9.99e-01	2.14e-20
 7.76550e+22	6.14e-04	9.99e-01	2.85e-20
 7.92537e+22	6.51e-04	9.99e-01	4.04e-20
 8.08896e+22	6.85e-04	9.99e-01	5.53e-20
 8.23480e+22	7.19e-04	9.99e-01	7.39e-20
 8.40177e+22	7.65e-04	9.99e-01	1.10e-19
 8.57066e+22	8.05e-04	9.99e-01	1.54e-19
 8.71894e+22	8.46e-04	9.99e-01	2.10e-19
 8.88860e+22	9.00e-04	9.99e-01	3.17e-19
 9.06095e+22	9.48e-04	9.99e-01	4.57e-19
 9.21262e+22	9.97e-04	9.99e-01	6.32e-19
 9.38561e+22	1.06e-03	9.99e-01	1.02e-18
 9.56142e+22	1.12e-03	9.99e-01	1.59e-18
 9.71730e+22	1.18e-03	9.99e-01	2.40e-18
 9.89633e+22	1.25e-03	9.99e-01	4.54e-18
 1.00783e+23	1.32e-03	9.99e-01	8.82e-18
 1.02640e+23	1.41e-03	9.99e-01	2.00e-17
 1.04520e+23	1.49e-03	9.99e-01	6.52e-17
 1.05567e+23	1.52e-03	9.98e-01	1.00e-16
 1.06065e+23	1.54e-03	9.98e-01	1.34e-16
 1.06712e+23	1.58e-03	9.98e-01	1.57e-16
 1.07553e+23	1.62e-03	9.98e-01	1.97e-16
 1.08647e+23	1.69e-03	9.98e-01	2.70e-16
 1.10069e+23	1.77e-03	9.98e-01	3.76e-16
 1.11917e+23	1.90e-03	9.98e-01	6.24e-16
 1.13821e+23	2.00e-03	9.98e-01	8.22e-16
 1.15797e+23	2.14e-03	9.98e-01	1.22e-15
 1.17558e+23	2.23e-03	9.98e-01	1.55e-15
 1.19040e+23	2.34e-03	9.98e-01	2.07e-15
 1.20594e+23	2.45e-03	9.98e-01	2.53e-15
 1.22018e+23	2.55e-03	9.97e-01	3.09e-15
 1.23647e+23	2.69e-03	9.97e-01	3.88e-15
 1.25302e+23	2.81e-03	9.97e-01	4.70e-15
 1.26992e+23	2.97e-03	9.97e-01	5.93e-15
 1.28693e+23	3.11e-03	9.97e-01	7.16e-15
 1.30408e+23	3.29e-03	9.97e-01	8.94e-15
 1.32152e+23	3.45e-03	9.97e-01	1.07e-14
 1.33932e+23	3.65e-03	9.96e-01	1.34e-14
 1.35745e+23	3.82e-03	9.96e-01	1.61e-14
 1.37599e+23	4.06e-03	9.96e-01	2.04e-14
 1.39472e+23	4.26e-03	9.96e-01	2.46e-14
 1.41369e+23	4.52e-03	9.95e-01	3.10e-14
 1.43317e+23	4.76e-03	9.95e-01	3.79e-14
 1.45330e+23	5.07e-03	9.95e-01	4.87e-14
 1.47353e+23	5.34e-03	9.95e-01	5.99e-14
 1.49389e+23	5.72e-03	9.94e-01	7.80e-14
 1.51409e+23	6.01e-03	9.94e-01	9.52e-14
 1.53409e+23	6.43e-03	9.94e-01	1.24e-13
 1.55416e+23	6.77e-03	9.93e-01	1.52e-13
 1.57430e+23	7.28e-03	9.93e-01	2.00e-13
 1.59441e+23	7.68e-03	9.92e-01	2.46e-13
 1.61447e+23	8.31e-03	9.92e-01	3.28e-13
 1.63442e+23	8.79e-03	9.91e-01	4.07e-13
 1.65424e+23	9.56e-03	9.90e-01	5.48e-13
 1.67406e+23	1.02e-02	9.90e-01	6.92e-13
 1.69386e+23	1.12e-02	9.89e-01	9.44e-13
 1.71375e+23	1.20e-02	9.88e-01	1.22e-12
 1.73376e+23	1.33e-02	9.87e-01	1.72e-12
 1.75391e+23	1.46e-02	9.85e-01	2.30e-12
 1.77145e+23	1.60e-02	9.84e-01	3.10e-12
 1.78885e+23	1.77e-02	9.82e-01	4.22e-12
 1.80624e+23	1.98e-02	9.80e-01	5.85e-12
 1.82177e+23	2.19e-02	9.78e-01	7.81e-12
 1.83529e+23	2.42e-02	9.76e-01	1.04e-11
 1.85068e+23	2.77e-02	9.72e-01	1.51e-11
 1.86710e+23	3.21e-02	9.68e-01	2.23e-11
 1.88148e+23	3.72e-02	9.63e-01	3.25e-11
 1.89432e+23	4.33e-02	9.57e-01	4.73e-11
 1.90638e+23	5.05e-02	9.49e-01	6.90e-11
 1.91792e+23	5.98e-02	9.40e-01	1.03e-10
 1.92872e+23	7.11e-02	9.29e-01	1.53e-10
 1.93862e+23	8.51e-02	9.15e-01	2.30e-10
 1.94751e+23	1.01e-01	8.99e-01	3.39e-10
 1.95534e+23	1.20e-01	8.80e-01	4.88e-10
 1.96236e+23	1.41e-01	8.59e-01	6.92e-10
 1.96875e+23	1.66e-01	8.34e-01	9.69e-10
 1.97454e+23	1.92e-01	8.08e-01	1.30e-09
 1.97992e+23	2.21e-01	7.79e-01	1.74e-09
 1.98502e+23	2.53e-01	7.47e-01	2.30e-09
 1.98971e+23	2.87e-01	7.13e-01	2.95e-09
 1.99399e+23	3.22e-01	6.78e-01	3.68e-09
 1.99779e+23	3.55e-01	6.45e-01	4.44e-09
 2.00107e+23	3.85e-01	6.15e-01	5.16e-09
 2.00361e+23	4.08e-01	5.92e-01	5.75e-09
 2.00559e+23	4.27e-01	5.73e-01	6.24e-09
 2.00769e+23	4.47e-01	5.53e-01	6.82e-09
 2.01009e+23	4.71e-01	5.29e-01	7.49e-09
 2.01265e+23	4.96e-01	5.04e-01	8.22e-09
 2.01520e+23	5.19e-01	4.81e-01	8.87e-09
 2.01754e+23	5.40e-01	4.60e-01	9.50e-09
 2.01929e+23	5.55e-01	4.45e-01	9.95e-09
 2.02051e+23	5.65e-01	4.35e-01	1.02e-08
 2.02176e+23	5.76e-01	4.24e-01	1.06e-08
 2.02325e+23	5.88e-01	4.12e-01	1.09e-08
 2.02492e+23	6.01e-01	3.99e-01	1.13e-08
 2.02660e+23	6.14e-01	3.86e-01	1.17e-08
 2.02818e+23	6.25e-01	3.75e-01	1.21e-08
 2.02975e+23	6.37e-01	3.63e-01	1.25e-08
 2.03139e+23	6.48e-01	3.52e-01	1.28e-08
 2.03309e+23	6.59e-01	3.41e-01	1.32e-08
 2.03487e+23	6.71e-01	3.29e-01	1.35e-08
 2.03669e+23	6.82e-01	3.18e-01	1.39e-08
 2.03852e+23	6.92e-01	3.08e-01	1.42e-08
 2.04038e+23	7.03e-01	2.97e-01	1.45e-08
 2.04233e+23	7.13e-01	2.87e-01	1.48e-08
 2.04436e+23	7.23e-01	2.77e-01	1.51e-08
 2.04641e+23	7.33e-01	2.67e-01	1.54e-08
 2.04851e+23	7.43e-01	2.57e-01	1.57e-08
 2.05070e+23	7.52e-01	2.48e-01	1.60e-08
 2.05297e+23	7.61e-01	2.39e-01	1.63e-08
 2.05529e+23	7.70e-01	2.30e-01	1.65e-08
 2.05769e+23	7.79e-01	2.21e-01	1.68e-08
 2.06018e+23	7.87e-01	2.13e-01	1.71e-08
 2.06275e+23	7.95e-01	2.05e-01	1.73e-08
 2.06541e+23	8.03e-01	1.97e-01	1.75e-08
 2.06819e+23	8.11e-01	1.89e-01	1.78e-08
 2.07108e+23	8.18e-01	1.82e-01	1.80e-08
 2.07406e+23	8.25e-01	1.75e-01	1.83e-08
 2.07709e+23	8.32e-01	1.68e-01	1.85e-08
 2.08019e+23	8.38e-01	1.62e-01	1.87e-08
 2.08340e+23	8.44e-01	1.56e-01	1.90e-08
 2.08680e+23	8.50e-01	1.50e-01	1.93e-08
 2.09033e+23	8.55e-01	1.45e-01	1.96e-08
 2.09393e+23	8.60e-01	1.40e-01	1.99e-08
 2.09765e+23	8.65e-01	1.35e-01	2.02e-08
 2.10160e+23	8.70e-01	1.30e-01	2.06e-08
 2.10579e+23	8.74e-01	1.26e-01	2.10e-08
 2.11013e+23	8.79e-01	1.21e-01	2.15e-08
 2.11469e+23	8.83e-01	1.17e-01	2.21e-08
 2.11955e+23	8.87e-01	1.13e-01	2.27e-08
 2.12471e+23	8.90e-01	1.10e-01	2.35e-08
 2.13004e+23	8.94e-01	1.06e-01	2.43e-08
 2.13523e+23	8.97e-01	1.03e-01	2.52e-08
 2.14021e+23	9.00e-01	9.96e-02	2.61e-08
 2.14509e+23	9.03e-01	9.70e-02	2.71e-08
 2.14988e+23	9.06e-01	9.44e-02	2.82e-08
 2.15456e+23	9.08e-01	9.20e-02	2.92e-08
 2.15907e+23	9.10e-01	8.97e-02	3.01e-08
 2.16338e+23	9.12e-01	8.76e-02	3.12e-08
 2.16740e+23	9.14e-01	8.57e-02	3.21e-08
 2.17130e+23	9.16e-01	8.39e-02	3.32e-08
 2.17520e+23	9.18e-01	8.20e-02	3.44e-08
 2.17898e+23	9.20e-01	8.03e-02	3.56e-08
 2.18262e+23	9.21e-01	7.86e-02	3.70e-08
 2.18613e+23	9.23e-01	7.70e-02	3.84e-08
 2.18952e+23	9.24e-01	7.55e-02	3.98e-08
 2.19280e+23	9.26e-01	7.40e-02	4.13e-08
 2.19596e+23	9.27e-01	7.26e-02	4.29e-08
 2.19901e+23	9.29e-01	7.13e-02	4.46e-08
 2.20195e+23	9.30e-01	7.00e-02	4.65e-08
 2.20479e+23	9.31e-01	6.87e-02	4.85e-08
 2.20748e+23	9.32e-01	6.75e-02	5.04e-08
 2.21012e+23	9.34e-01	6.63e-02	5.27e-08
 2.21268e+23	9.35e-01	6.51e-02	5.51e-08
 2.21502e+23	9.36e-01	6.42e-02	5.73e-08
 2.21715e+23	9.37e-01	6.33e-02	5.95e-08
 2.21909e+23	9.38e-01	6.25e-02	6.17e-08
 2.22085e+23	9.38e-01	6.17e-02	6.38e-08
 2.22246e+23	9.39e-01	6.11e-02	6.57e-08
 2.22392e+23	9.40e-01	6.05e-02	6.76e-08
 2.22525e+23	9.40e-01	5.99e-02	6.93e-08
 2.22670e+23	9.41e-01	5.92e-02	7.15e-08
 2.22827e+23	9.42e-01	5.84e-02	7.36e-08
 2.22970e+23	9.42e-01	5.78e-02	7.55e-08
 2.23127e+23	9.43e-01	5.71e-02	7.79e-08
 2.23296e+23	9.44e-01	5.62e-02	8.02e-08
 2.23450e+23	9.44e-01	5.56e-02	8.23e-08
 2.23590e+23	9.45e-01	5.51e-02	8.40e-08
 2.23744e+23	9.46e-01	5.44e-02	8.63e-08
 2.23910e+23	9.46e-01	5.36e-02	8.84e-08
 2.24061e+23	9.47e-01	5.31e-02	8.98e-08
 2.24226e+23	9.48e-01	5.24e-02	9.16e-08
 2.24404e+23	9.48e-01	5.17e-02	9.33e-08
 2.24567e+23	9.49e-01	5.10e-02	9.49e-08
 2.24714e+23	9.49e-01	5.07e-02	9.60e-08
 2.24876e+23	9.50e-01	5.01e-02	9.70e-08
 2.25051e+23	9.51e-01	4.93e-02	9.82e-08
 2.25210e+23	9.51e-01	4.87e-02	9.94e-08
 2.25355e+23	9.52e-01	4.84e-02	1.00e-07
 2.25514e+23	9.52e-01	4.79e-02	1.01e-07
 2.25685e+23	9.53e-01	4.72e-02	1.01e-07
 2.25841e+23	9.53e-01	4.66e-02	1.02e-07
 2.25983e+23	9.54e-01	4.63e-02	1.02e-07
 2.26138e+23	9.54e-01	4.58e-02	1.03e-07
 2.26306e+23	9.55e-01	4.51e-02	1.03e-07
 2.26458e+23	9.55e-01	4.46e-02	1.03e-07
 2.26597e+23	9.56e-01	4.42e-02	1.03e-07
 2.26724e+23	9.56e-01	4.39e-02	1.03e-07
 2.26862e+23	9.57e-01	4.34e-02	1.03e-07
 2.27042e+23	9.57e-01	4.27e-02	1.03e-07
 2.27237e+23	9.58e-01	4.20e-02	1.03e-07
 2.27414e+23	9.59e-01	4.14e-02	1.03e-07
 2.27575e+23	9.59e-01	4.10e-02	1.03e-07
 2.27751e+23	9.60e-01	4.05e-02	1.02e-07
 2.27942e+23	9.60e-01	3.98e-02	1.02e-07
 2.28115e+23	9.61e-01	3.94e-02	1.02e-07
 2.28273e+23	9.61e-01	3.90e-02	1.01e-07
 2.28416e+23	9.61e-01	3.86e-02	1.01e-07
 2.28573e+23	9.62e-01	3.81e-02	1.00e-07
 2.28743e+23	9.62e-01	3.76e-02	9.98e-08
 2.28898e+23	9.63e-01	3.72e-02	9.93e-08
 2.29038e+23	9.63e-01	3.69e-02	9.91e-08
 2.29192e+23	9.64e-01	3.65e-02	9.84e-08
 2.29359e+23	9.64e-01	3.62e-02	9.87e-08
 2.29541e+23	9.64e-01	3.56e-02	9.81e-08
 2.29738e+23	9.65e-01	3.51e-02	9.81e-08
 2.29917e+23	9.65e-01	3.47e-02	9.76e-08
 2.30080e+23	9.66e-01	3.45e-02	9.75e-08
 2.30258e+23	9.66e-01	3.40e-02	9.69e-08
 2.30451e+23	9.66e-01	3.36e-02	9.68e-08
 2.30627e+23	9.67e-01	3.33e-02	9.66e-08
 2.30819e+23	9.67e-01	3.28e-02	9.60e-08
 2.31026e+23	9.68e-01	3.23e-02	9.59e-08
 2.31215e+23	9.68e-01	3.19e-02	9.55e-08
 2.31387e+23	9.68e-01	3.17e-02	9.54e-08
 2.31575e+23	9.69e-01	3.13e-02	9.48e-08
 2.31779e+23	9.69e-01	3.09e-02	9.47e-08
 2.31964e+23	9.69e-01	3.06e-02	9.46e-08
 2.32166e+23	9.70e-01	3.02e-02	9.40e-08
 2.32385e+23	9.70e-01	2.97e-02	9.39e-08
 2.32584e+23	9.71e-01	2.94e-02	9.38e-08
 2.32803e+23	9.71e-01	2.90e-02	9.32e-08
 2.33038e+23	9.71e-01	2.85e-02	9.32e-08
 2.33253e+23	9.72e-01	2.82e-02	9.30e-08
 2.33488e+23	9.72e-01	2.78e-02	9.24e-08
 2.33741e+23	9.73e-01	2.74e-02	9.26e-08
 2.33972e+23	9.73e-01	2.70e-02	9.21e-08
 2.34182e+23	9.73e-01	2.67e-02	9.16e-08
 2.34373e+23	9.73e-01	2.65e-02	9.17e-08
 2.34583e+23	9.74e-01	2.62e-02	9.13e-08
 2.34809e+23	9.74e-01	2.58e-02	9.15e-08
 2.35015e+23	9.74e-01	2.55e-02	9.15e-08
 2.35240e+23	9.75e-01	2.52e-02	9.12e-08
 2.35484e+23	9.75e-01	2.48e-02	9.13e-08
 2.35705e+23	9.75e-01	2.46e-02	9.14e-08
 2.35948e+23	9.76e-01	2.42e-02	9.11e-08
 2.36210e+23	9.76e-01	2.38e-02	9.12e-08
 2.36448e+23	9.76e-01	2.35e-02	9.13e-08
 2.36710e+23	9.77e-01	2.32e-02	9.10e-08
 2.36992e+23	9.77e-01	2.28e-02	9.11e-08
 2.37248e+23	9.77e-01	2.25e-02	9.12e-08
 2.37530e+23	9.78e-01	2.22e-02	9.10e-08
 2.37833e+23	9.78e-01	2.18e-02	9.10e-08
 2.38110e+23	9.78e-01	2.15e-02	9.11e-08
 2.38413e+23	9.79e-01	2.12e-02	9.09e-08
 2.38740e+23	9.79e-01	2.08e-02	9.12e-08
 2.39037e+23	9.79e-01	2.05e-02	9.09e-08
 2.39308e+23	9.80e-01	2.03e-02	9.09e-08
 2.39604e+23	9.80e-01	2.00e-02	9.07e-08
 2.39925e+23	9.80e-01	1.96e-02	9.08e-08
 2.40216e+23	9.81e-01	1.94e-02	9.09e-08
 2.40536e+23	9.81e-01	1.90e-02	9.07e-08
 2.40880e+23	9.81e-01	1.87e-02	9.08e-08
 2.41194e+23	9.82e-01	1.85e-02	9.08e-08
 2.41538e+23	9.82e-01	1.81e-02	9.07e-08
 2.41909e+23	9.82e-01	1.78e-02	9.08e-08
 2.42247e+23	9.82e-01	1.75e-02	9.08e-08
 2.42617e+23	9.83e-01	1.72e-02	9.07e-08
 2.43017e+23	9.83e-01	1.69e-02	9.09e-08
 2.43380e+23	9.83e-01	1.66e-02	9.08e-08
 2.43711e+23	9.84e-01	1.64e-02	9.08e-08
 2.44074e+23	9.84e-01	1.61e-02	9.07e-08
 2.44465e+23	9.84e-01	1.58e-02	9.07e-08
 2.44821e+23	9.84e-01	1.56e-02	9.08e-08
 2.45212e+23	9.85e-01	1.53e-02	9.08e-08
 2.45633e+23	9.85e-01	1.50e-02	9.09e-08
 2.46017e+23	9.85e-01	1.48e-02	9.08e-08
 2.46366e+23	9.85e-01	1.46e-02	9.08e-08
 2.46748e+23	9.86e-01	1.43e-02	9.09e-08
 2.47161e+23	9.86e-01	1.40e-02	9.10e-08
 2.47613e+23	9.86e-01	1.38e-02	9.10e-08
 2.48101e+23	9.87e-01	1.35e-02	9.11e-08
 2.48546e+23	9.87e-01	1.32e-02	9.11e-08
 2.48950e+23	9.87e-01	1.30e-02	9.11e-08
 2.49393e+23	9.87e-01	1.28e-02	9.12e-08
 2.49872e+23	9.87e-01	1.25e-02	9.13e-08
 2.50307e+23	9.88e-01	1.23e-02	9.13e-08
 2.50784e+23	9.88e-01	1.20e-02	9.13e-08
 2.51299e+23	9.88e-01	1.18e-02	9.15e-08
 2.51768e+23	9.88e-01	1.16e-02	9.15e-08
 2.52282e+23	9.89e-01	1.13e-02	9.16e-08
 2.52911e+23	9.89e-01	1.10e-02	9.18e-08
 2.53590e+23	9.89e-01	1.07e-02	9.19e-08
 2.54273e+23	9.90e-01	1.04e-02	9.19e-08
 2.54963e+23	9.90e-01	1.01e-02	9.20e-08
 2.55663e+23	9.90e-01	9.85e-03	9.21e-08
 2.56370e+23	9.90e-01	9.58e-03	9.22e-08
 2.57084e+23	9.91e-01	9.31e-03	9.23e-08
 2.57806e+23	9.91e-01	9.05e-03	9.24e-08
 2.58532e+23	9.91e-01	8.79e-03	9.25e-08
 2.59265e+23	9.91e-01	8.54e-03	9.27e-08
 2.60007e+23	9.92e-01	8.30e-03	9.28e-08
 2.60755e+23	9.92e-01	8.06e-03	9.29e-08
 2.61510e+23	9.92e-01	7.83e-03	9.30e-08
 2.62272e+23	9.92e-01	7.60e-03	9.32e-08
 2.63038e+23	9.93e-01	7.38e-03	9.33e-08
 2.63809e+23	9.93e-01	7.17e-03	9.34e-08
 2.64585e+23	9.93e-01	6.96e-03	9.36e-08
 2.65368e+23	9.93e-01	6.75e-03	9.37e-08
 2.66157e+23	9.93e-01	6.55e-03	9.39e-08
 2.66952e+23	9.94e-01	6.36e-03	9.41e-08
 2.67753e+23	9.94e-01	6.17e-03	9.43e-08
 2.68560e+23	9.94e-01	5.98e-03	9.45e-08
 2.69373e+23	9.94e-01	5.80e-03	9.47e-08
 2.70198e+23	9.94e-01	5.63e-03	9.49e-08
 2.71042e+23	9.95e-01	5.45e-03	9.52e-08
 2.71898e+23	9.95e-01	5.28e-03	9.55e-08
 2.72764e+23	9.95e-01	5.12e-03	9.58e-08
 2.73639e+23	9.95e-01	4.96e-03	9.61e-08
 2.74523e+23	9.95e-01	4.80e-03	9.65e-08
 2.75417e+23	9.95e-01	4.65e-03	9.68e-08
 2.76322e+23	9.96e-01	4.50e-03	9.73e-08
 2.77241e+23	9.96e-01	4.35e-03	9.77e-08
 2.78175e+23	9.96e-01	4.21e-03	9.82e-08
 2.79130e+23	9.96e-01	4.07e-03	9.88e-08
 2.80109e+23	9.96e-01	3.93e-03	9.94e-08
 2.81108e+23	9.96e-01	3.79e-03	1.00e-07
 2.82124e+23	9.96e-01	3.66e-03	1.01e-07
 2.83158e+23	9.96e-01	3.53e-03	1.01e-07
 2.84211e+23	9.97e-01	3.40e-03	1.02e-07
 2.85284e+23	9.97e-01	3.28e-03	1.03e-07
 2.86379e+23	9.97e-01	3.16e-03	1.04e-07
 2.87500e+23	9.97e-01	3.04e-03	1.05e-07
 2.88650e+23	9.97e-01	2.92e-03	1.07e-07
 2.89826e+23	9.97e-01	2.81e-03	1.08e-07
 2.91030e+23	9.97e-01	2.70e-03	1.09e-07
 2.92261e+23	9.97e-01	2.59e-03	1.11e-07
 2.93523e+23	9.98e-01	2.48e-03	1.13e-07
 2.94821e+23	9.98e-01	2.38e-03	1.15e-07
 2.96149e+23	9.98e-01	2.28e-03	1.17e-07
 2.97491e+23	9.98e-01	2.18e-03	1.19e-07
 2.98842e+23	9.98e-01	2.09e-03	1.22e-07
 3.00207e+23	9.98e-01	2.00e-03	1.25e-07
 3.01588e+23	9.98e-01	1.91e-03	1.28e-07
 3.02984e+23	9.98e-01	1.83e-03	1.32e-07
 3.04394e+23	9.98e-01	1.75e-03	1.35e-07
 3.05818e+23	9.98e-01	1.67e-03	1.40e-07
 3.07258e+23	9.98e-01	1.59e-03	1.45e-07
 3.08275e+23	9.98e-01	1.56e-03	1.49e-07
