#depth	N	N+	N+2	N+3	N+4	N+5	N+6	N+7
 1.54284e+22	5.58e-09	6.62e-05	2.15e-02	1.85e-01	2.58e-01	4.91e-01	4.37e-02	8.73e-04
 3.53738e+22	1.55e-08	1.55e-04	4.13e-02	2.60e-01	2.86e-01	3.88e-01	2.44e-02	3.45e-04
 4.21494e+22	2.59e-08	2.33e-04	5.58e-02	2.99e-01	2.92e-01	3.35e-01	1.77e-02	2.12e-04
 4.61134e+22	3.81e-08	3.15e-04	6.90e-02	3.28e-01	2.92e-01	2.97e-01	1.37e-02	1.44e-04
 4.85921e+22	4.54e-08	3.61e-04	7.59e-02	3.41e-01	2.91e-01	2.79e-01	1.22e-02	1.21e-04
 5.03704e+22	5.69e-08	4.30e-04	8.54e-02	3.57e-01	2.89e-01	2.57e-01	1.04e-02	9.54e-05
 5.22444e+22	6.93e-08	4.99e-04	9.44e-02	3.71e-01	2.86e-01	2.39e-01	9.01e-03	7.75e-05
 5.42427e+22	8.89e-08	6.02e-04	1.07e-01	3.88e-01	2.81e-01	2.17e-01	7.51e-03	5.95e-05
 5.62753e+22	1.09e-07	7.02e-04	1.18e-01	4.01e-01	2.75e-01	1.99e-01	6.41e-03	4.73e-05
 5.80219e+22	1.32e-07	8.07e-04	1.29e-01	4.12e-01	2.70e-01	1.83e-01	5.53e-03	3.83e-05
 5.96820e+22	1.58e-07	9.22e-04	1.40e-01	4.22e-01	2.64e-01	1.69e-01	4.78e-03	3.11e-05
 6.12835e+22	1.89e-07	1.05e-03	1.51e-01	4.31e-01	2.57e-01	1.56e-01	4.14e-03	2.54e-05
 6.30887e+22	2.35e-07	1.23e-03	1.66e-01	4.41e-01	2.48e-01	1.40e-01	3.44e-03	1.95e-05
 6.48894e+22	2.81e-07	1.39e-03	1.79e-01	4.48e-01	2.41e-01	1.28e-01	2.96e-03	1.58e-05
 6.66839e+22	3.49e-07	1.63e-03	1.95e-01	4.56e-01	2.31e-01	1.15e-01	2.44e-03	1.21e-05
 6.85118e+22	4.18e-07	1.84e-03	2.09e-01	4.61e-01	2.22e-01	1.04e-01	2.07e-03	9.61e-06
 7.03831e+22	5.23e-07	2.16e-03	2.28e-01	4.66e-01	2.11e-01	9.17e-02	1.68e-03	7.19e-06
 7.22698e+22	6.27e-07	2.44e-03	2.44e-01	4.68e-01	2.02e-01	8.26e-02	1.41e-03	5.67e-06
 7.41765e+22	7.85e-07	2.85e-03	2.64e-01	4.70e-01	1.90e-01	7.22e-02	1.13e-03	4.18e-06
 7.61071e+22	9.41e-07	3.23e-03	2.81e-01	4.70e-01	1.80e-01	6.45e-02	9.44e-04	3.25e-06
 7.76550e+22	1.09e-06	3.57e-03	2.95e-01	4.69e-01	1.72e-01	5.87e-02	8.10e-04	2.64e-06
 7.92537e+22	1.31e-06	4.03e-03	3.13e-01	4.67e-01	1.62e-01	5.21e-02	6.70e-04	2.04e-06
 8.08896e+22	1.52e-06	4.45e-03	3.29e-01	4.65e-01	1.54e-01	4.71e-02	5.69e-04	1.63e-06
 8.23480e+22	1.76e-06	4.91e-03	3.44e-01	4.62e-01	1.47e-01	4.25e-02	4.84e-04	1.31e-06
 8.40177e+22	2.11e-06	5.54e-03	3.63e-01	4.56e-01	1.37e-01	3.73e-02	3.94e-04	9.93e-07
 8.57066e+22	2.45e-06	6.12e-03	3.79e-01	4.51e-01	1.29e-01	3.34e-02	3.31e-04	7.84e-07
 8.71894e+22	2.83e-06	6.73e-03	3.95e-01	4.46e-01	1.22e-01	3.00e-02	2.79e-04	6.23e-07
 8.88860e+22	3.39e-06	7.57e-03	4.15e-01	4.38e-01	1.13e-01	2.61e-02	2.25e-04	4.66e-07
 9.06095e+22	3.93e-06	8.34e-03	4.32e-01	4.30e-01	1.06e-01	2.32e-02	1.87e-04	3.64e-07
 9.21262e+22	4.54e-06	9.17e-03	4.48e-01	4.23e-01	9.94e-02	2.07e-02	1.56e-04	2.86e-07
 9.38561e+22	5.44e-06	1.03e-02	4.68e-01	4.12e-01	9.14e-02	1.79e-02	1.25e-04	2.11e-07
 9.56142e+22	6.31e-06	1.13e-02	4.84e-01	4.03e-01	8.51e-02	1.58e-02	1.03e-04	1.63e-07
 9.71730e+22	7.29e-06	1.24e-02	5.00e-01	3.94e-01	7.92e-02	1.39e-02	8.49e-05	1.26e-07
 9.89633e+22	8.74e-06	1.40e-02	5.20e-01	3.81e-01	7.22e-02	1.19e-02	6.66e-05	0.00e+00
 1.00783e+23	1.01e-05	1.53e-02	5.37e-01	3.71e-01	6.67e-02	1.04e-02	5.43e-05	0.00e+00
 1.02640e+23	1.22e-05	1.72e-02	5.57e-01	3.57e-01	6.03e-02	8.82e-03	4.20e-05	0.00e+00
 1.04520e+23	1.42e-05	1.90e-02	5.73e-01	3.45e-01	5.53e-02	7.66e-03	3.38e-05	0.00e+00
 1.05567e+23	1.48e-05	1.94e-02	5.77e-01	3.42e-01	5.40e-02	7.36e-03	3.18e-05	0.00e+00
 1.06065e+23	1.55e-05	2.00e-02	5.82e-01	3.39e-01	5.26e-02	7.06e-03	2.98e-05	0.00e+00
 1.06712e+23	1.65e-05	2.08e-02	5.89e-01	3.33e-01	5.06e-02	6.63e-03	2.71e-05	0.00e+00
 1.07553e+23	1.79e-05	2.19e-02	5.97e-01	3.27e-01	4.83e-02	6.15e-03	2.42e-05	0.00e+00
 1.08647e+23	1.99e-05	2.34e-02	6.08e-01	3.18e-01	4.53e-02	5.54e-03	2.06e-05	0.00e+00
 1.10069e+23	2.28e-05	2.55e-02	6.21e-01	3.07e-01	4.17e-02	4.85e-03	1.68e-05	0.00e+00
 1.11917e+23	2.75e-05	2.85e-02	6.38e-01	2.92e-01	3.71e-02	4.03e-03	1.27e-05	0.00e+00
 1.13821e+23	3.16e-05	3.11e-02	6.51e-01	2.80e-01	3.38e-02	3.49e-03	1.02e-05	0.00e+00
 1.15797e+23	3.81e-05	3.49e-02	6.68e-01	2.65e-01	2.99e-02	2.88e-03	7.61e-06	0.00e+00
 1.17558e+23	4.28e-05	3.73e-02	6.78e-01	2.55e-01	2.76e-02	2.54e-03	6.29e-06	0.00e+00
 1.19040e+23	4.88e-05	4.05e-02	6.88e-01	2.44e-01	2.52e-02	2.21e-03	5.09e-06	0.00e+00
 1.20594e+23	5.49e-05	4.34e-02	6.97e-01	2.34e-01	2.32e-02	1.94e-03	4.18e-06	0.00e+00
 1.22018e+23	6.14e-05	4.64e-02	7.05e-01	2.25e-01	2.14e-02	1.71e-03	3.47e-06	0.00e+00
 1.23647e+23	7.08e-05	5.06e-02	7.15e-01	2.13e-01	1.93e-02	1.46e-03	2.73e-06	0.00e+00
 1.25302e+23	7.97e-05	5.42e-02	7.23e-01	2.04e-01	1.76e-02	1.28e-03	2.22e-06	0.00e+00
 1.26992e+23	9.25e-05	5.93e-02	7.32e-01	1.92e-01	1.57e-02	1.08e-03	1.72e-06	0.00e+00
 1.28693e+23	1.04e-04	6.35e-02	7.38e-01	1.83e-01	1.43e-02	9.34e-04	1.39e-06	0.00e+00
 1.30408e+23	1.21e-04	6.94e-02	7.46e-01	1.71e-01	1.27e-02	7.83e-04	1.06e-06	0.00e+00
 1.32152e+23	1.37e-04	7.44e-02	7.51e-01	1.62e-01	1.15e-02	6.75e-04	8.52e-07	0.00e+00
 1.33932e+23	1.59e-04	8.14e-02	7.56e-01	1.51e-01	1.02e-02	5.61e-04	6.45e-07	0.00e+00
 1.35745e+23	1.80e-04	8.73e-02	7.60e-01	1.42e-01	9.16e-03	4.80e-04	5.11e-07	0.00e+00
 1.37599e+23	2.11e-04	9.59e-02	7.64e-01	1.32e-01	8.02e-03	3.93e-04	3.79e-07	0.00e+00
 1.39472e+23	2.40e-04	1.03e-01	7.66e-01	1.23e-01	7.18e-03	3.34e-04	2.97e-07	0.00e+00
 1.41369e+23	2.81e-04	1.13e-01	7.67e-01	1.13e-01	6.26e-03	2.72e-04	2.19e-07	0.00e+00
 1.43317e+23	3.21e-04	1.22e-01	7.67e-01	1.05e-01	5.55e-03	2.28e-04	1.68e-07	0.00e+00
 1.45330e+23	3.80e-04	1.34e-01	7.66e-01	9.52e-02	4.78e-03	1.82e-04	0.00e+00	0.00e+00
 1.47353e+23	4.35e-04	1.44e-01	7.63e-01	8.77e-02	4.21e-03	1.51e-04	0.00e+00	0.00e+00
 1.49389e+23	5.19e-04	1.59e-01	7.58e-01	7.86e-02	3.59e-03	1.19e-04	0.00e+00	0.00e+00
 1.51409e+23	5.93e-04	1.71e-01	7.53e-01	7.20e-02	3.17e-03	9.85e-05	0.00e+00	0.00e+00
 1.53409e+23	7.07e-04	1.89e-01	7.43e-01	6.40e-02	2.70e-03	7.69e-05	0.00e+00	0.00e+00
 1.55416e+23	8.10e-04	2.04e-01	7.35e-01	5.81e-02	2.37e-03	6.32e-05	0.00e+00	0.00e+00
 1.57430e+23	9.74e-04	2.26e-01	7.21e-01	5.09e-02	2.00e-03	4.85e-05	0.00e+00	0.00e+00
 1.59441e+23	1.12e-03	2.43e-01	7.08e-01	4.57e-02	1.74e-03	3.93e-05	0.00e+00	0.00e+00
 1.61447e+23	1.36e-03	2.70e-01	6.88e-01	3.94e-02	1.46e-03	2.95e-05	0.00e+00	0.00e+00
 1.63442e+23	1.57e-03	2.91e-01	6.71e-01	3.49e-02	1.26e-03	2.36e-05	0.00e+00	0.00e+00
 1.65424e+23	1.91e-03	3.23e-01	6.45e-01	2.95e-02	1.05e-03	1.74e-05	0.00e+00	0.00e+00
 1.67406e+23	2.23e-03	3.49e-01	6.22e-01	2.56e-02	8.97e-04	1.35e-05	0.00e+00	0.00e+00
 1.69386e+23	2.73e-03	3.87e-01	5.89e-01	2.12e-02	7.31e-04	9.69e-06	0.00e+00	0.00e+00
 1.71375e+23	3.22e-03	4.19e-01	5.59e-01	1.80e-02	6.15e-04	7.28e-06	0.00e+00	0.00e+00
 1.73376e+23	3.96e-03	4.63e-01	5.18e-01	1.44e-02	4.89e-04	4.98e-06	0.00e+00	0.00e+00
 1.75391e+23	4.73e-03	5.02e-01	4.81e-01	1.17e-02	3.99e-04	3.56e-06	0.00e+00	0.00e+00
 1.77145e+23	5.63e-03	5.42e-01	4.42e-01	9.49e-03	3.24e-04	2.51e-06	0.00e+00	0.00e+00
 1.78885e+23	6.69e-03	5.83e-01	4.03e-01	7.56e-03	2.59e-04	1.74e-06	0.00e+00	0.00e+00
 1.80624e+23	7.98e-03	6.25e-01	3.61e-01	5.90e-03	2.03e-04	1.17e-06	0.00e+00	0.00e+00
 1.82177e+23	9.28e-03	6.61e-01	3.25e-01	4.70e-03	1.63e-04	8.14e-07	0.00e+00	0.00e+00
 1.83529e+23	1.07e-02	6.95e-01	2.91e-01	3.74e-03	1.30e-04	5.68e-07	0.00e+00	0.00e+00
 1.85068e+23	1.28e-02	7.35e-01	2.49e-01	2.75e-03	9.61e-05	3.50e-07	0.00e+00	0.00e+00
 1.86710e+23	1.53e-02	7.74e-01	2.09e-01	1.97e-03	6.90e-05	2.08e-07	0.00e+00	0.00e+00
 1.88148e+23	1.80e-02	8.06e-01	1.74e-01	1.42e-03	4.96e-05	1.26e-07	0.00e+00	0.00e+00
 1.89432e+23	2.12e-02	8.33e-01	1.44e-01	1.03e-03	3.52e-05	0.00e+00	0.00e+00	0.00e+00
 1.90638e+23	2.47e-02	8.57e-01	1.18e-01	7.33e-04	2.46e-05	0.00e+00	0.00e+00	0.00e+00
 1.91792e+23	2.91e-02	8.76e-01	9.41e-02	5.14e-04	1.66e-05	0.00e+00	0.00e+00	0.00e+00
 1.92872e+23	3.42e-02	8.91e-01	7.42e-02	3.60e-04	1.10e-05	0.00e+00	0.00e+00	0.00e+00
 1.93862e+23	4.03e-02	9.02e-01	5.78e-02	2.53e-04	7.13e-06	0.00e+00	0.00e+00	0.00e+00
 1.94751e+23	4.73e-02	9.08e-01	4.49e-02	1.81e-04	4.63e-06	0.00e+00	0.00e+00	0.00e+00
 1.95534e+23	5.53e-02	9.10e-01	3.50e-02	1.34e-04	3.04e-06	0.00e+00	0.00e+00	0.00e+00
 1.96236e+23	6.44e-02	9.08e-01	2.74e-02	1.01e-04	2.01e-06	0.00e+00	0.00e+00	0.00e+00
 1.96875e+23	7.52e-02	9.03e-01	2.14e-02	7.72e-05	1.33e-06	0.00e+00	0.00e+00	0.00e+00
 1.97454e+23	8.69e-02	8.96e-01	1.69e-02	6.09e-05	9.04e-07	0.00e+00	0.00e+00	0.00e+00
 1.97992e+23	1.01e-01	8.86e-01	1.33e-02	4.87e-05	6.14e-07	0.00e+00	0.00e+00	0.00e+00
 1.98502e+23	1.17e-01	8.72e-01	1.05e-02	3.94e-05	4.18e-07	0.00e+00	0.00e+00	0.00e+00
 1.98971e+23	1.35e-01	8.56e-01	8.28e-03	3.25e-05	2.90e-07	0.00e+00	0.00e+00	0.00e+00
 1.99399e+23	1.55e-01	8.38e-01	6.63e-03	2.74e-05	2.06e-07	0.00e+00	0.00e+00	0.00e+00
 1.99779e+23	1.75e-01	8.20e-01	5.41e-03	2.36e-05	1.52e-07	0.00e+00	0.00e+00	0.00e+00
 2.00107e+23	1.94e-01	8.01e-01	4.53e-03	2.07e-05	0.00e+00	0.00e+00	0.00e+00	0.00e+00
 2.00361e+23	2.10e-01	7.86e-01	3.95e-03	1.89e-05	0.00e+00	0.00e+00	0.00e+00	0.00e+00
 2.00559e+23	2.24e-01	7.73e-01	3.53e-03	1.75e-05	0.00e+00	0.00e+00	0.00e+00	0.00e+00
 2.00769e+23	2.39e-01	7.57e-01	3.12e-03	1.62e-05	0.00e+00	0.00e+00	0.00e+00	0.00e+00
 2.01009e+23	2.58e-01	7.39e-01	2.72e-03	1.49e-05	0.00e+00	0.00e+00	0.00e+00	0.00e+00
 2.01265e+23	2.79e-01	7.19e-01	2.34e-03	1.36e-05	0.00e+00	0.00e+00	0.00e+00	0.00e+00
 2.01520e+23	2.99e-01	6.99e-01	2.02e-03	1.25e-05	0.00e+00	0.00e+00	0.00e+00	0.00e+00
 2.01754e+23	3.19e-01	6.79e-01	1.77e-03	1.15e-05	0.00e+00	0.00e+00	0.00e+00	0.00e+00
 2.01929e+23	3.34e-01	6.65e-01	1.61e-03	1.09e-05	0.00e+00	0.00e+00	0.00e+00	0.00e+00
 2.02051e+23	3.44e-01	6.55e-01	1.50e-03	1.05e-05	0.00e+00	0.00e+00	0.00e+00	0.00e+00
 2.02176e+23	3.55e-01	6.43e-01	1.39e-03	1.01e-05	0.00e+00	0.00e+00	0.00e+00	0.00e+00
 2.02325e+23	3.68e-01	6.31e-01	1.28e-03	9.67e-06	0.00e+00	0.00e+00	0.00e+00	0.00e+00
 2.02492e+23	3.83e-01	6.16e-01	1.16e-03	9.19e-06	0.00e+00	0.00e+00	0.00e+00	0.00e+00
 2.02660e+23	3.97e-01	6.02e-01	1.06e-03	8.75e-06	0.00e+00	0.00e+00	0.00e+00	0.00e+00
 2.02818e+23	4.11e-01	5.88e-01	9.70e-04	8.36e-06	0.00e+00	0.00e+00	0.00e+00	0.00e+00
 2.02975e+23	4.25e-01	5.74e-01	8.87e-04	7.99e-06	0.00e+00	0.00e+00	0.00e+00	0.00e+00
 2.03139e+23	4.39e-01	5.60e-01	8.10e-04	7.63e-06	0.00e+00	0.00e+00	0.00e+00	0.00e+00
 2.03309e+23	4.54e-01	5.45e-01	7.37e-04	7.27e-06	0.00e+00	0.00e+00	0.00e+00	0.00e+00
 2.03487e+23	4.69e-01	5.30e-01	6.69e-04	6.93e-06	0.00e+00	0.00e+00	0.00e+00	0.00e+00
 2.03669e+23	4.85e-01	5.15e-01	6.05e-04	6.60e-06	0.00e+00	0.00e+00	0.00e+00	0.00e+00
 2.03852e+23	5.00e-01	5.00e-01	5.49e-04	6.29e-06	0.00e+00	0.00e+00	0.00e+00	0.00e+00
 2.04038e+23	5.15e-01	4.85e-01	4.97e-04	5.99e-06	0.00e+00	0.00e+00	0.00e+00	0.00e+00
 2.04233e+23	5.30e-01	4.69e-01	4.49e-04	5.70e-06	0.00e+00	0.00e+00	0.00e+00	0.00e+00
 2.04436e+23	5.46e-01	4.53e-01	4.04e-04	5.42e-06	0.00e+00	0.00e+00	0.00e+00	0.00e+00
 2.04641e+23	5.62e-01	4.38e-01	3.64e-04	5.15e-06	0.00e+00	0.00e+00	0.00e+00	0.00e+00
 2.04851e+23	5.77e-01	4.23e-01	3.28e-04	4.90e-06	0.00e+00	0.00e+00	0.00e+00	0.00e+00
 2.05070e+23	5.93e-01	4.07e-01	2.95e-04	4.65e-06	0.00e+00	0.00e+00	0.00e+00	0.00e+00
 2.05297e+23	6.08e-01	3.92e-01	2.64e-04	4.41e-06	0.00e+00	0.00e+00	0.00e+00	0.00e+00
 2.05529e+23	6.23e-01	3.76e-01	2.37e-04	4.18e-06	0.00e+00	0.00e+00	0.00e+00	0.00e+00
 2.05769e+23	6.39e-01	3.61e-01	2.13e-04	3.97e-06	0.00e+00	0.00e+00	0.00e+00	0.00e+00
 2.06018e+23	6.54e-01	3.46e-01	1.91e-04	3.76e-06	0.00e+00	0.00e+00	0.00e+00	0.00e+00
 2.06275e+23	6.69e-01	3.31e-01	1.72e-04	3.56e-06	0.00e+00	0.00e+00	0.00e+00	0.00e+00
 2.06541e+23	6.83e-01	3.17e-01	1.54e-04	3.37e-06	0.00e+00	0.00e+00	0.00e+00	0.00e+00
 2.06819e+23	6.98e-01	3.02e-01	1.39e-04	3.18e-06	0.00e+00	0.00e+00	0.00e+00	0.00e+00
 2.07108e+23	7.12e-01	2.88e-01	1.25e-04	3.01e-06	0.00e+00	0.00e+00	0.00e+00	0.00e+00
 2.07406e+23	7.25e-01	2.74e-01	1.13e-04	2.84e-06	0.00e+00	0.00e+00	0.00e+00	0.00e+00
 2.07709e+23	7.38e-01	2.62e-01	1.02e-04	2.69e-06	0.00e+00	0.00e+00	0.00e+00	0.00e+00
 2.08019e+23	7.50e-01	2.49e-01	9.33e-05	2.55e-06	0.00e+00	0.00e+00	0.00e+00	0.00e+00
 2.08340e+23	7.63e-01	2.37e-01	8.51e-05	2.42e-06	0.00e+00	0.00e+00	0.00e+00	0.00e+00
 2.08680e+23	7.75e-01	2.25e-01	7.78e-05	2.29e-06	0.00e+00	0.00e+00	0.00e+00	0.00e+00
 2.09033e+23	7.86e-01	2.14e-01	7.14e-05	2.17e-06	0.00e+00	0.00e+00	0.00e+00	0.00e+00
 2.09393e+23	7.97e-01	2.03e-01	6.60e-05	2.06e-06	0.00e+00	0.00e+00	0.00e+00	0.00e+00
 2.09765e+23	8.07e-01	1.93e-01	6.11e-05	1.95e-06	0.00e+00	0.00e+00	0.00e+00	0.00e+00
 2.10160e+23	8.17e-01	1.83e-01	5.68e-05	1.85e-06	0.00e+00	0.00e+00	0.00e+00	0.00e+00
 2.10579e+23	8.26e-01	1.73e-01	5.29e-05	1.76e-06	0.00e+00	0.00e+00	0.00e+00	0.00e+00
 2.11013e+23	8.36e-01	1.64e-01	4.95e-05	1.67e-06	0.00e+00	0.00e+00	0.00e+00	0.00e+00
 2.11469e+23	8.45e-01	1.55e-01	4.64e-05	1.58e-06	0.00e+00	0.00e+00	0.00e+00	0.00e+00
 2.11955e+23	8.54e-01	1.46e-01	4.36e-05	1.50e-06	0.00e+00	0.00e+00	0.00e+00	0.00e+00
 2.12471e+23	8.62e-01	1.38e-01	4.11e-05	1.42e-06	0.00e+00	0.00e+00	0.00e+00	0.00e+00
 2.13004e+23	8.70e-01	1.30e-01	3.88e-05	1.35e-06	0.00e+00	0.00e+00	0.00e+00	0.00e+00
 2.13523e+23	8.77e-01	1.22e-01	3.70e-05	1.29e-06	0.00e+00	0.00e+00	0.00e+00	0.00e+00
 2.14021e+23	8.84e-01	1.16e-01	3.54e-05	1.23e-06	0.00e+00	0.00e+00	0.00e+00	0.00e+00
 2.14509e+23	8.90e-01	1.10e-01	3.40e-05	1.18e-06	0.00e+00	0.00e+00	0.00e+00	0.00e+00
 2.14988e+23	8.95e-01	1.05e-01	3.27e-05	1.13e-06	0.00e+00	0.00e+00	0.00e+00	0.00e+00
 2.15456e+23	9.01e-01	9.94e-02	3.16e-05	1.09e-06	0.00e+00	0.00e+00	0.00e+00	0.00e+00
 2.15907e+23	9.05e-01	9.46e-02	3.06e-05	1.05e-06	0.00e+00	0.00e+00	0.00e+00	0.00e+00
 2.16338e+23	9.10e-01	9.01e-02	2.97e-05	1.01e-06	0.00e+00	0.00e+00	0.00e+00	0.00e+00
 2.16740e+23	9.14e-01	8.63e-02	2.89e-05	9.79e-07	0.00e+00	0.00e+00	0.00e+00	0.00e+00
 2.17130e+23	9.17e-01	8.26e-02	2.82e-05	9.48e-07	0.00e+00	0.00e+00	0.00e+00	0.00e+00
 2.17520e+23	9.21e-01	7.90e-02	2.75e-05	9.20e-07	0.00e+00	0.00e+00	0.00e+00	0.00e+00
 2.17898e+23	9.24e-01	7.57e-02	2.69e-05	8.93e-07	0.00e+00	0.00e+00	0.00e+00	0.00e+00
 2.18262e+23	9.27e-01	7.27e-02	2.63e-05	8.69e-07	0.00e+00	0.00e+00	0.00e+00	0.00e+00
 2.18613e+23	9.30e-01	6.98e-02	2.58e-05	8.48e-07	0.00e+00	0.00e+00	0.00e+00	0.00e+00
 2.18952e+23	9.33e-01	6.72e-02	2.53e-05	8.28e-07	0.00e+00	0.00e+00	0.00e+00	0.00e+00
 2.19280e+23	9.35e-01	6.48e-02	2.49e-05	8.10e-07	0.00e+00	0.00e+00	0.00e+00	0.00e+00
 2.19596e+23	9.37e-01	6.25e-02	2.45e-05	7.94e-07	0.00e+00	0.00e+00	0.00e+00	0.00e+00
 2.19901e+23	9.40e-01	6.04e-02	2.41e-05	7.79e-07	0.00e+00	0.00e+00	0.00e+00	0.00e+00
 2.20195e+23	9.41e-01	5.85e-02	2.37e-05	7.67e-07	0.00e+00	0.00e+00	0.00e+00	0.00e+00
 2.20479e+23	9.43e-01	5.67e-02	2.34e-05	7.56e-07	0.00e+00	0.00e+00	0.00e+00	0.00e+00
 2.20748e+23	9.45e-01	5.52e-02	2.31e-05	7.46e-07	0.00e+00	0.00e+00	0.00e+00	0.00e+00
 2.21012e+23	9.46e-01	5.36e-02	2.28e-05	7.38e-07	0.00e+00	0.00e+00	0.00e+00	0.00e+00
 2.21268e+23	9.48e-01	5.22e-02	2.26e-05	7.32e-07	0.00e+00	0.00e+00	0.00e+00	0.00e+00
 2.21502e+23	9.49e-01	5.11e-02	2.24e-05	7.27e-07	0.00e+00	0.00e+00	0.00e+00	0.00e+00
 2.21715e+23	9.50e-01	5.01e-02	2.22e-05	7.24e-07	0.00e+00	0.00e+00	0.00e+00	0.00e+00
 2.21909e+23	9.51e-01	4.93e-02	2.20e-05	7.22e-07	0.00e+00	0.00e+00	0.00e+00	0.00e+00
 2.22085e+23	9.51e-01	4.86e-02	2.18e-05	7.21e-07	0.00e+00	0.00e+00	0.00e+00	0.00e+00
 2.22246e+23	9.52e-01	4.79e-02	2.17e-05	7.21e-07	0.00e+00	0.00e+00	0.00e+00	0.00e+00
 2.22392e+23	9.53e-01	4.74e-02	2.16e-05	7.21e-07	0.00e+00	0.00e+00	0.00e+00	0.00e+00
 2.22525e+23	9.53e-01	4.69e-02	2.15e-05	7.22e-07	0.00e+00	0.00e+00	0.00e+00	0.00e+00
 2.22670e+23	9.54e-01	4.64e-02	2.14e-05	7.23e-07	0.00e+00	0.00e+00	0.00e+00	0.00e+00
 2.22827e+23	9.54e-01	4.58e-02	2.12e-05	7.23e-07	0.00e+00	0.00e+00	0.00e+00	0.00e+00
 2.22970e+23	9.55e-01	4.54e-02	2.11e-05	7.24e-07	0.00e+00	0.00e+00	0.00e+00	0.00e+00
 2.23127e+23	9.55e-01	4.48e-02	2.10e-05	7.26e-07	0.00e+00	0.00e+00	0.00e+00	0.00e+00
 2.23296e+23	9.56e-01	4.43e-02	2.09e-05	7.27e-07	0.00e+00	0.00e+00	0.00e+00	0.00e+00
 2.23450e+23	9.56e-01	4.39e-02	2.08e-05	7.29e-07	0.00e+00	0.00e+00	0.00e+00	0.00e+00
 2.23590e+23	9.56e-01	4.36e-02	2.07e-05	7.31e-07	0.00e+00	0.00e+00	0.00e+00	0.00e+00
 2.23744e+23	9.57e-01	4.31e-02	2.05e-05	7.35e-07	0.00e+00	0.00e+00	0.00e+00	0.00e+00
 2.23910e+23	9.57e-01	4.27e-02	2.04e-05	7.38e-07	0.00e+00	0.00e+00	0.00e+00	0.00e+00
 2.24061e+23	9.58e-01	4.24e-02	2.03e-05	7.39e-07	0.00e+00	0.00e+00	0.00e+00	0.00e+00
 2.24226e+23	9.58e-01	4.20e-02	2.02e-05	7.41e-07	0.00e+00	0.00e+00	0.00e+00	0.00e+00
 2.24404e+23	9.58e-01	4.16e-02	2.01e-05	7.42e-07	0.00e+00	0.00e+00	0.00e+00	0.00e+00
 2.24567e+23	9.59e-01	4.14e-02	2.00e-05	7.48e-07	0.00e+00	0.00e+00	0.00e+00	0.00e+00
 2.24714e+23	9.59e-01	4.11e-02	1.99e-05	7.47e-07	0.00e+00	0.00e+00	0.00e+00	0.00e+00
 2.24876e+23	9.59e-01	4.08e-02	1.98e-05	7.49e-07	0.00e+00	0.00e+00	0.00e+00	0.00e+00
 2.25051e+23	9.60e-01	4.04e-02	1.96e-05	7.51e-07	0.00e+00	0.00e+00	0.00e+00	0.00e+00
 2.25210e+23	9.60e-01	4.02e-02	1.96e-05	7.58e-07	0.00e+00	0.00e+00	0.00e+00	0.00e+00
 2.25355e+23	9.60e-01	4.00e-02	1.95e-05	7.57e-07	0.00e+00	0.00e+00	0.00e+00	0.00e+00
 2.25514e+23	9.60e-01	3.97e-02	1.94e-05	7.59e-07	0.00e+00	0.00e+00	0.00e+00	0.00e+00
 2.25685e+23	9.61e-01	3.94e-02	1.93e-05	7.62e-07	0.00e+00	0.00e+00	0.00e+00	0.00e+00
 2.25841e+23	9.61e-01	3.93e-02	1.92e-05	7.69e-07	0.00e+00	0.00e+00	0.00e+00	0.00e+00
 2.25983e+23	9.61e-01	3.91e-02	1.91e-05	7.68e-07	0.00e+00	0.00e+00	0.00e+00	0.00e+00
 2.26138e+23	9.61e-01	3.88e-02	1.90e-05	7.71e-07	0.00e+00	0.00e+00	0.00e+00	0.00e+00
 2.26306e+23	9.61e-01	3.86e-02	1.89e-05	7.75e-07	0.00e+00	0.00e+00	0.00e+00	0.00e+00
 2.26458e+23	9.62e-01	3.84e-02	1.89e-05	7.79e-07	0.00e+00	0.00e+00	0.00e+00	0.00e+00
 2.26597e+23	9.62e-01	3.82e-02	1.89e-05	7.86e-07	0.00e+00	0.00e+00	0.00e+00	0.00e+00
 2.26724e+23	9.62e-01	3.81e-02	1.88e-05	7.90e-07	0.00e+00	0.00e+00	0.00e+00	0.00e+00
 2.26862e+23	9.62e-01	3.79e-02	1.88e-05	7.92e-07	0.00e+00	0.00e+00	0.00e+00	0.00e+00
 2.27042e+23	9.62e-01	3.76e-02	1.87e-05	7.96e-07	0.00e+00	0.00e+00	0.00e+00	0.00e+00
 2.27237e+23	9.63e-01	3.73e-02	1.87e-05	7.99e-07	0.00e+00	0.00e+00	0.00e+00	0.00e+00
 2.27414e+23	9.63e-01	3.71e-02	1.86e-05	8.05e-07	0.00e+00	0.00e+00	0.00e+00	0.00e+00
 2.27575e+23	9.63e-01	3.69e-02	1.86e-05	8.08e-07	0.00e+00	0.00e+00	0.00e+00	0.00e+00
 2.27751e+23	9.63e-01	3.67e-02	1.85e-05	8.15e-07	0.00e+00	0.00e+00	0.00e+00	0.00e+00
 2.27942e+23	9.63e-01	3.65e-02	1.85e-05	8.19e-07	0.00e+00	0.00e+00	0.00e+00	0.00e+00
 2.28115e+23	9.64e-01	3.63e-02	1.84e-05	8.23e-07	0.00e+00	0.00e+00	0.00e+00	0.00e+00
 2.28273e+23	9.64e-01	3.62e-02	1.84e-05	8.31e-07	0.00e+00	0.00e+00	0.00e+00	0.00e+00
 2.28416e+23	9.64e-01	3.60e-02	1.84e-05	8.33e-07	0.00e+00	0.00e+00	0.00e+00	0.00e+00
 2.28573e+23	9.64e-01	3.58e-02	1.83e-05	8.36e-07	0.00e+00	0.00e+00	0.00e+00	0.00e+00
 2.28743e+23	9.64e-01	3.56e-02	1.83e-05	8.40e-07	0.00e+00	0.00e+00	0.00e+00	0.00e+00
 2.28898e+23	9.64e-01	3.55e-02	1.83e-05	8.48e-07	0.00e+00	0.00e+00	0.00e+00	0.00e+00
 2.29038e+23	9.65e-01	3.53e-02	1.82e-05	8.47e-07	0.00e+00	0.00e+00	0.00e+00	0.00e+00
 2.29192e+23	9.65e-01	3.52e-02	1.82e-05	8.53e-07	0.00e+00	0.00e+00	0.00e+00	0.00e+00
 2.29359e+23	9.65e-01	3.49e-02	1.81e-05	8.49e-07	0.00e+00	0.00e+00	0.00e+00	0.00e+00
 2.29541e+23	9.65e-01	3.46e-02	1.80e-05	8.51e-07	0.00e+00	0.00e+00	0.00e+00	0.00e+00
 2.29738e+23	9.66e-01	3.44e-02	1.80e-05	8.51e-07	0.00e+00	0.00e+00	0.00e+00	0.00e+00
 2.29917e+23	9.66e-01	3.42e-02	1.79e-05	8.54e-07	0.00e+00	0.00e+00	0.00e+00	0.00e+00
 2.30080e+23	9.66e-01	3.40e-02	1.79e-05	8.52e-07	0.00e+00	0.00e+00	0.00e+00	0.00e+00
 2.30258e+23	9.66e-01	3.38e-02	1.78e-05	8.54e-07	0.00e+00	0.00e+00	0.00e+00	0.00e+00
 2.30451e+23	9.66e-01	3.35e-02	1.77e-05	8.54e-07	0.00e+00	0.00e+00	0.00e+00	0.00e+00
 2.30627e+23	9.67e-01	3.33e-02	1.77e-05	8.53e-07	0.00e+00	0.00e+00	0.00e+00	0.00e+00
 2.30819e+23	9.67e-01	3.31e-02	1.76e-05	8.55e-07	0.00e+00	0.00e+00	0.00e+00	0.00e+00
 2.31026e+23	9.67e-01	3.28e-02	1.75e-05	8.55e-07	0.00e+00	0.00e+00	0.00e+00	0.00e+00
 2.31215e+23	9.67e-01	3.26e-02	1.75e-05	8.58e-07	0.00e+00	0.00e+00	0.00e+00	0.00e+00
 2.31387e+23	9.68e-01	3.24e-02	1.74e-05	8.56e-07	0.00e+00	0.00e+00	0.00e+00	0.00e+00
 2.31575e+23	9.68e-01	3.22e-02	1.74e-05	8.55e-07	0.00e+00	0.00e+00	0.00e+00	0.00e+00
 2.31779e+23	9.68e-01	3.19e-02	1.73e-05	8.57e-07	0.00e+00	0.00e+00	0.00e+00	0.00e+00
 2.31964e+23	9.68e-01	3.17e-02	1.72e-05	8.54e-07	0.00e+00	0.00e+00	0.00e+00	0.00e+00
 2.32166e+23	9.69e-01	3.15e-02	1.72e-05	8.54e-07	0.00e+00	0.00e+00	0.00e+00	0.00e+00
 2.32385e+23	9.69e-01	3.12e-02	1.71e-05	8.53e-07	0.00e+00	0.00e+00	0.00e+00	0.00e+00
 2.32584e+23	9.69e-01	3.10e-02	1.70e-05	8.50e-07	0.00e+00	0.00e+00	0.00e+00	0.00e+00
 2.32803e+23	9.69e-01	3.07e-02	1.70e-05	8.50e-07	0.00e+00	0.00e+00	0.00e+00	0.00e+00
 2.33038e+23	9.70e-01	3.04e-02	1.69e-05	8.51e-07	0.00e+00	0.00e+00	0.00e+00	0.00e+00
 2.33253e+23	9.70e-01	3.02e-02	1.68e-05	8.46e-07	0.00e+00	0.00e+00	0.00e+00	0.00e+00
 2.33488e+23	9.70e-01	2.99e-02	1.68e-05	8.45e-07	0.00e+00	0.00e+00	0.00e+00	0.00e+00
 2.33741e+23	9.70e-01	2.96e-02	1.67e-05	8.42e-07	0.00e+00	0.00e+00	0.00e+00	0.00e+00
 2.33972e+23	9.71e-01	2.94e-02	1.66e-05	8.41e-07	0.00e+00	0.00e+00	0.00e+00	0.00e+00
 2.34182e+23	9.71e-01	2.92e-02	1.66e-05	8.43e-07	0.00e+00	0.00e+00	0.00e+00	0.00e+00
 2.34373e+23	9.71e-01	2.90e-02	1.65e-05	8.39e-07	0.00e+00	0.00e+00	0.00e+00	0.00e+00
 2.34583e+23	9.71e-01	2.87e-02	1.64e-05	8.36e-07	0.00e+00	0.00e+00	0.00e+00	0.00e+00
 2.34809e+23	9.71e-01	2.85e-02	1.63e-05	8.34e-07	0.00e+00	0.00e+00	0.00e+00	0.00e+00
 2.35015e+23	9.72e-01	2.83e-02	1.63e-05	8.30e-07	0.00e+00	0.00e+00	0.00e+00	0.00e+00
 2.35240e+23	9.72e-01	2.80e-02	1.62e-05	8.27e-07	0.00e+00	0.00e+00	0.00e+00	0.00e+00
 2.35484e+23	9.72e-01	2.77e-02	1.61e-05	8.26e-07	0.00e+00	0.00e+00	0.00e+00	0.00e+00
 2.35705e+23	9.72e-01	2.75e-02	1.60e-05	8.21e-07	0.00e+00	0.00e+00	0.00e+00	0.00e+00
 2.35948e+23	9.73e-01	2.72e-02	1.60e-05	8.16e-07	0.00e+00	0.00e+00	0.00e+00	0.00e+00
 2.36210e+23	9.73e-01	2.69e-02	1.59e-05	8.15e-07	0.00e+00	0.00e+00	0.00e+00	0.00e+00
 2.36448e+23	9.73e-01	2.67e-02	1.58e-05	8.09e-07	0.00e+00	0.00e+00	0.00e+00	0.00e+00
 2.36710e+23	9.74e-01	2.64e-02	1.57e-05	8.03e-07	0.00e+00	0.00e+00	0.00e+00	0.00e+00
 2.36992e+23	9.74e-01	2.61e-02	1.56e-05	8.00e-07	0.00e+00	0.00e+00	0.00e+00	0.00e+00
 2.37248e+23	9.74e-01	2.59e-02	1.55e-05	7.94e-07	0.00e+00	0.00e+00	0.00e+00	0.00e+00
 2.37530e+23	9.74e-01	2.55e-02	1.54e-05	7.87e-07	0.00e+00	0.00e+00	0.00e+00	0.00e+00
 2.37833e+23	9.75e-01	2.52e-02	1.54e-05	7.84e-07	0.00e+00	0.00e+00	0.00e+00	0.00e+00
 2.38110e+23	9.75e-01	2.50e-02	1.53e-05	7.76e-07	0.00e+00	0.00e+00	0.00e+00	0.00e+00
 2.38413e+23	9.75e-01	2.46e-02	1.51e-05	7.69e-07	0.00e+00	0.00e+00	0.00e+00	0.00e+00
 2.38740e+23	9.76e-01	2.43e-02	1.50e-05	7.62e-07	0.00e+00	0.00e+00	0.00e+00	0.00e+00
 2.39037e+23	9.76e-01	2.41e-02	1.50e-05	7.57e-07	0.00e+00	0.00e+00	0.00e+00	0.00e+00
 2.39308e+23	9.76e-01	2.39e-02	1.49e-05	7.52e-07	0.00e+00	0.00e+00	0.00e+00	0.00e+00
 2.39604e+23	9.76e-01	2.35e-02	1.48e-05	7.44e-07	0.00e+00	0.00e+00	0.00e+00	0.00e+00
 2.39925e+23	9.77e-01	2.32e-02	1.47e-05	7.39e-07	0.00e+00	0.00e+00	0.00e+00	0.00e+00
 2.40216e+23	9.77e-01	2.30e-02	1.46e-05	7.32e-07	0.00e+00	0.00e+00	0.00e+00	0.00e+00
 2.40536e+23	9.77e-01	2.26e-02	1.45e-05	7.22e-07	0.00e+00	0.00e+00	0.00e+00	0.00e+00
 2.40880e+23	9.78e-01	2.23e-02	1.44e-05	7.16e-07	0.00e+00	0.00e+00	0.00e+00	0.00e+00
 2.41194e+23	9.78e-01	2.21e-02	1.43e-05	7.09e-07	0.00e+00	0.00e+00	0.00e+00	0.00e+00
 2.41538e+23	9.78e-01	2.17e-02	1.41e-05	6.98e-07	0.00e+00	0.00e+00	0.00e+00	0.00e+00
 2.41909e+23	9.79e-01	2.14e-02	1.40e-05	6.91e-07	0.00e+00	0.00e+00	0.00e+00	0.00e+00
 2.42247e+23	9.79e-01	2.12e-02	1.39e-05	6.83e-07	0.00e+00	0.00e+00	0.00e+00	0.00e+00
 2.42617e+23	9.79e-01	2.08e-02	1.38e-05	6.72e-07	0.00e+00	0.00e+00	0.00e+00	0.00e+00
 2.43017e+23	9.80e-01	2.05e-02	1.37e-05	6.63e-07	0.00e+00	0.00e+00	0.00e+00	0.00e+00
 2.43380e+23	9.80e-01	2.02e-02	1.36e-05	6.56e-07	0.00e+00	0.00e+00	0.00e+00	0.00e+00
 2.43711e+23	9.80e-01	2.00e-02	1.35e-05	6.49e-07	0.00e+00	0.00e+00	0.00e+00	0.00e+00
 2.44074e+23	9.80e-01	1.96e-02	1.33e-05	6.37e-07	0.00e+00	0.00e+00	0.00e+00	0.00e+00
 2.44465e+23	9.81e-01	1.94e-02	1.32e-05	6.30e-07	0.00e+00	0.00e+00	0.00e+00	0.00e+00
 2.44821e+23	9.81e-01	1.91e-02	1.31e-05	6.22e-07	0.00e+00	0.00e+00	0.00e+00	0.00e+00
 2.45212e+23	9.81e-01	1.87e-02	1.30e-05	6.09e-07	0.00e+00	0.00e+00	0.00e+00	0.00e+00
 2.45633e+23	9.82e-01	1.85e-02	1.29e-05	6.00e-07	0.00e+00	0.00e+00	0.00e+00	0.00e+00
 2.46017e+23	9.82e-01	1.82e-02	1.28e-05	5.93e-07	0.00e+00	0.00e+00	0.00e+00	0.00e+00
 2.46366e+23	9.82e-01	1.80e-02	1.27e-05	5.86e-07	0.00e+00	0.00e+00	0.00e+00	0.00e+00
 2.46748e+23	9.82e-01	1.77e-02	1.25e-05	5.74e-07	0.00e+00	0.00e+00	0.00e+00	0.00e+00
 2.47161e+23	9.83e-01	1.74e-02	1.24e-05	5.65e-07	0.00e+00	0.00e+00	0.00e+00	0.00e+00
 2.47613e+23	9.83e-01	1.70e-02	1.23e-05	5.51e-07	0.00e+00	0.00e+00	0.00e+00	0.00e+00
 2.48101e+23	9.83e-01	1.67e-02	1.21e-05	5.41e-07	0.00e+00	0.00e+00	0.00e+00	0.00e+00
 2.48546e+23	9.83e-01	1.65e-02	1.20e-05	5.33e-07	0.00e+00	0.00e+00	0.00e+00	0.00e+00
 2.48950e+23	9.84e-01	1.63e-02	1.19e-05	5.25e-07	0.00e+00	0.00e+00	0.00e+00	0.00e+00
 2.49393e+23	9.84e-01	1.59e-02	1.17e-05	5.11e-07	0.00e+00	0.00e+00	0.00e+00	0.00e+00
 2.49872e+23	9.84e-01	1.56e-02	1.16e-05	5.02e-07	0.00e+00	0.00e+00	0.00e+00	0.00e+00
 2.50307e+23	9.85e-01	1.54e-02	1.15e-05	4.94e-07	0.00e+00	0.00e+00	0.00e+00	0.00e+00
 2.50784e+23	9.85e-01	1.50e-02	1.14e-05	4.80e-07	0.00e+00	0.00e+00	0.00e+00	0.00e+00
 2.51299e+23	9.85e-01	1.48e-02	1.12e-05	4.71e-07	0.00e+00	0.00e+00	0.00e+00	0.00e+00
 2.51768e+23	9.85e-01	1.46e-02	1.11e-05	4.63e-07	0.00e+00	0.00e+00	0.00e+00	0.00e+00
 2.52282e+23	9.86e-01	1.42e-02	1.09e-05	4.48e-07	0.00e+00	0.00e+00	0.00e+00	0.00e+00
 2.52911e+23	9.86e-01	1.38e-02	1.08e-05	4.34e-07	0.00e+00	0.00e+00	0.00e+00	0.00e+00
 2.53590e+23	9.87e-01	1.34e-02	1.06e-05	4.21e-07	0.00e+00	0.00e+00	0.00e+00	0.00e+00
 2.54273e+23	9.87e-01	1.31e-02	1.04e-05	4.08e-07	0.00e+00	0.00e+00	0.00e+00	0.00e+00
 2.54963e+23	9.87e-01	1.27e-02	1.02e-05	3.95e-07	0.00e+00	0.00e+00	0.00e+00	0.00e+00
 2.55663e+23	9.88e-01	1.24e-02	1.00e-05	3.82e-07	0.00e+00	0.00e+00	0.00e+00	0.00e+00
 2.56370e+23	9.88e-01	1.21e-02	9.86e-06	3.70e-07	0.00e+00	0.00e+00	0.00e+00	0.00e+00
 2.57084e+23	9.88e-01	1.18e-02	9.69e-06	3.58e-07	0.00e+00	0.00e+00	0.00e+00	0.00e+00
 2.57806e+23	9.89e-01	1.15e-02	9.51e-06	3.46e-07	0.00e+00	0.00e+00	0.00e+00	0.00e+00
 2.58532e+23	9.89e-01	1.12e-02	9.34e-06	3.35e-07	0.00e+00	0.00e+00	0.00e+00	0.00e+00
 2.59265e+23	9.89e-01	1.09e-02	9.16e-06	3.24e-07	0.00e+00	0.00e+00	0.00e+00	0.00e+00
 2.60007e+23	9.89e-01	1.06e-02	8.99e-06	3.13e-07	0.00e+00	0.00e+00	0.00e+00	0.00e+00
 2.60755e+23	9.90e-01	1.03e-02	8.82e-06	3.02e-07	0.00e+00	0.00e+00	0.00e+00	0.00e+00
 2.61510e+23	9.90e-01	1.00e-02	8.65e-06	2.91e-07	0.00e+00	0.00e+00	0.00e+00	0.00e+00
 2.62272e+23	9.90e-01	9.74e-03	8.48e-06	2.81e-07	0.00e+00	0.00e+00	0.00e+00	0.00e+00
 2.63038e+23	9.91e-01	9.48e-03	8.32e-06	2.71e-07	0.00e+00	0.00e+00	0.00e+00	0.00e+00
 2.63809e+23	9.91e-01	9.22e-03	8.15e-06	2.61e-07	0.00e+00	0.00e+00	0.00e+00	0.00e+00
 2.64585e+23	9.91e-01	8.97e-03	7.99e-06	2.52e-07	0.00e+00	0.00e+00	0.00e+00	0.00e+00
 2.65368e+23	9.91e-01	8.72e-03	7.83e-06	2.43e-07	0.00e+00	0.00e+00	0.00e+00	0.00e+00
 2.66157e+23	9.92e-01	8.49e-03	7.67e-06	2.34e-07	0.00e+00	0.00e+00	0.00e+00	0.00e+00
 2.66952e+23	9.92e-01	8.25e-03	7.51e-06	2.25e-07	0.00e+00	0.00e+00	0.00e+00	0.00e+00
 2.67753e+23	9.92e-01	8.03e-03	7.35e-06	2.17e-07	0.00e+00	0.00e+00	0.00e+00	0.00e+00
 2.68560e+23	9.92e-01	7.80e-03	7.20e-06	2.09e-07	0.00e+00	0.00e+00	0.00e+00	0.00e+00
 2.69373e+23	9.92e-01	7.59e-03	7.04e-06	2.01e-07	0.00e+00	0.00e+00	0.00e+00	0.00e+00
 2.70198e+23	9.93e-01	7.37e-03	6.89e-06	1.93e-07	0.00e+00	0.00e+00	0.00e+00	0.00e+00
 2.71042e+23	9.93e-01	7.16e-03	6.73e-06	1.85e-07	0.00e+00	0.00e+00	0.00e+00	0.00e+00
 2.71898e+23	9.93e-01	6.95e-03	6.57e-06	1.77e-07	0.00e+00	0.00e+00	0.00e+00	0.00e+00
 2.72764e+23	9.93e-01	6.75e-03	6.42e-06	1.70e-07	0.00e+00	0.00e+00	0.00e+00	0.00e+00
 2.73639e+23	9.93e-01	6.55e-03	6.27e-06	1.63e-07	0.00e+00	0.00e+00	0.00e+00	0.00e+00
 2.74523e+23	9.94e-01	6.36e-03	6.12e-06	1.56e-07	0.00e+00	0.00e+00	0.00e+00	0.00e+00
 2.75417e+23	9.94e-01	6.17e-03	5.97e-06	1.49e-07	0.00e+00	0.00e+00	0.00e+00	0.00e+00
 2.76322e+23	9.94e-01	5.98e-03	5.82e-06	1.42e-07	0.00e+00	0.00e+00	0.00e+00	0.00e+00
 2.77241e+23	9.94e-01	5.80e-03	5.67e-06	1.36e-07	0.00e+00	0.00e+00	0.00e+00	0.00e+00
 2.78175e+23	9.94e-01	5.62e-03	5.52e-06	1.30e-07	0.00e+00	0.00e+00	0.00e+00	0.00e+00
 2.79130e+23	9.95e-01	5.44e-03	5.37e-06	0.00e+00	0.00e+00	0.00e+00	0.00e+00	0.00e+00
 2.80109e+23	9.95e-01	5.27e-03	5.22e-06	0.00e+00	0.00e+00	0.00e+00	0.00e+00	0.00e+00
 2.81108e+23	9.95e-01	5.09e-03	5.07e-06	0.00e+00	0.00e+00	0.00e+00	0.00e+00	0.00e+00
 2.82124e+23	9.95e-01	4.92e-03	4.92e-06	0.00e+00	0.00e+00	0.00e+00	0.00e+00	0.00e+00
 2.83158e+23	9.95e-01	4.76e-03	4.77e-06	0.00e+00	0.00e+00	0.00e+00	0.00e+00	0.00e+00
 2.84211e+23	9.95e-01	4.59e-03	4.62e-06	0.00e+00	0.00e+00	0.00e+00	0.00e+00	0.00e+00
 2.85284e+23	9.96e-01	4.43e-03	4.48e-06	0.00e+00	0.00e+00	0.00e+00	0.00e+00	0.00e+00
 2.86379e+23	9.96e-01	4.27e-03	4.33e-06	0.00e+00	0.00e+00	0.00e+00	0.00e+00	0.00e+00
 2.87500e+23	9.96e-01	4.12e-03	4.18e-06	0.00e+00	0.00e+00	0.00e+00	0.00e+00	0.00e+00
 2.88650e+23	9.96e-01	3.96e-03	4.04e-06	0.00e+00	0.00e+00	0.00e+00	0.00e+00	0.00e+00
 2.89826e+23	9.96e-01	3.81e-03	3.89e-06	0.00e+00	0.00e+00	0.00e+00	0.00e+00	0.00e+00
 2.91030e+23	9.96e-01	3.66e-03	3.74e-06	0.00e+00	0.00e+00	0.00e+00	0.00e+00	0.00e+00
 2.92261e+23	9.96e-01	3.51e-03	3.60e-06	0.00e+00	0.00e+00	0.00e+00	0.00e+00	0.00e+00
 2.93523e+23	9.97e-01	3.37e-03	3.46e-06	0.00e+00	0.00e+00	0.00e+00	0.00e+00	0.00e+00
 2.94821e+23	9.97e-01	3.22e-03	3.31e-06	0.00e+00	0.00e+00	0.00e+00	0.00e+00	0.00e+00
 2.96149e+23	9.97e-01	3.08e-03	3.17e-06	0.00e+00	0.00e+00	0.00e+00	0.00e+00	0.00e+00
 2.97491e+23	9.97e-01	2.95e-03	3.03e-06	0.00e+00	0.00e+00	0.00e+00	0.00e+00	0.00e+00
 2.98842e+23	9.97e-01	2.82e-03	2.90e-06	0.00e+00	0.00e+00	0.00e+00	0.00e+00	0.00e+00
 3.00207e+23	9.97e-01	2.69e-03	2.77e-06	0.00e+00	0.00e+00	0.00e+00	0.00e+00	0.00e+00
 3.01588e+23	9.97e-01	2.57e-03	2.64e-06	0.00e+00	0.00e+00	0.00e+00	0.00e+00	0.00e+00
 3.02984e+23	9.98e-01	2.45e-03	2.51e-06	0.00e+00	0.00e+00	0.00e+00	0.00e+00	0.00e+00
 3.04394e+23	9.98e-01	2.33e-03	2.39e-06	0.00e+00	0.00e+00	0.00e+00	0.00e+00	0.00e+00
 3.05818e+23	9.98e-01	2.22e-03	2.27e-06	0.00e+00	0.00e+00	0.00e+00	0.00e+00	0.00e+00
 3.07258e+23	9.98e-01	2.11e-03	2.16e-06	0.00e+00	0.00e+00	0.00e+00	0.00e+00	0.00e+00
 3.08275e+23	9.98e-01	2.11e-03	2.10e-06	0.00e+00	0.00e+00	0.00e+00	0.00e+00	0.00e+00
