#depth	H	H+	H2
 4.62852e+21	9.35e-09	1.00e+00	2.05e-37
 1.03955e+22	1.59e-08	1.00e+00	8.23e-37
 1.20872e+22	2.15e-08	1.00e+00	2.52e-36
 1.29169e+22	2.55e-08	1.00e+00	3.50e-36
 1.32626e+22	2.66e-08	1.00e+00	4.12e-36
 1.33810e+22	2.75e-08	1.00e+00	4.64e-36
 1.34943e+22	2.87e-08	1.00e+00	5.41e-36
 1.36065e+22	2.97e-08	1.00e+00	6.06e-36
 1.37020e+22	3.07e-08	1.00e+00	6.78e-36
 1.38108e+22	3.20e-08	1.00e+00	7.88e-36
 1.39191e+22	3.31e-08	1.00e+00	8.83e-36
 1.40266e+22	3.46e-08	1.00e+00	1.03e-35
 1.41360e+22	3.58e-08	1.00e+00	1.15e-35
 1.42477e+22	3.75e-08	1.00e+00	1.35e-35
 1.43603e+22	3.89e-08	1.00e+00	1.52e-35
 1.44742e+22	4.08e-08	1.00e+00	1.79e-35
 1.45853e+22	4.22e-08	1.00e+00	2.00e-35
 1.46927e+22	4.42e-08	1.00e+00	2.33e-35
 1.48021e+22	4.58e-08	1.00e+00	2.62e-35
 1.49141e+22	4.80e-08	1.00e+00	3.06e-35
 1.50260e+22	4.98e-08	1.00e+00	3.43e-35
 1.51378e+22	5.22e-08	1.00e+00	4.00e-35
 1.52511e+22	5.41e-08	1.00e+00	4.49e-35
 1.53664e+22	5.67e-08	1.00e+00	5.23e-35
 1.54843e+22	5.88e-08	1.00e+00	5.89e-35
 1.56054e+22	6.17e-08	1.00e+00	6.87e-35
 1.57302e+22	6.41e-08	1.00e+00	7.77e-35
 1.58410e+22	6.65e-08	1.00e+00	8.75e-35
 1.59663e+22	6.98e-08	1.00e+00	1.02e-34
 1.60930e+22	7.23e-08	1.00e+00	1.15e-34
 1.62216e+22	7.58e-08	1.00e+00	1.33e-34
 1.63540e+22	7.87e-08	1.00e+00	1.50e-34
 1.64728e+22	8.17e-08	1.00e+00	1.69e-34
 1.66089e+22	8.56e-08	1.00e+00	1.97e-34
 1.67458e+22	8.88e-08	1.00e+00	2.22e-34
 1.68839e+22	9.31e-08	1.00e+00	2.58e-34
 1.70242e+22	9.64e-08	1.00e+00	2.90e-34
 1.71454e+22	9.98e-08	1.00e+00	3.24e-34
 1.72808e+22	1.04e-07	1.00e+00	3.74e-34
 1.74159e+22	1.08e-07	1.00e+00	4.16e-34
 1.75505e+22	1.12e-07	1.00e+00	4.77e-34
 1.76880e+22	1.16e-07	1.00e+00	5.33e-34
 1.78292e+22	1.22e-07	1.00e+00	6.15e-34
 1.79713e+22	1.26e-07	1.00e+00	6.85e-34
 1.81147e+22	1.31e-07	1.00e+00	7.89e-34
 1.82548e+22	1.35e-07	1.00e+00	8.72e-34
 1.83906e+22	1.41e-07	1.00e+00	9.93e-34
 1.85299e+22	1.45e-07	1.00e+00	1.10e-33
 1.86740e+22	1.52e-07	1.00e+00	1.26e-33
 1.88197e+22	1.56e-07	1.00e+00	1.40e-33
 1.89675e+22	1.63e-07	1.00e+00	1.61e-33
 1.91180e+22	1.68e-07	1.00e+00	1.78e-33
 1.92721e+22	1.76e-07	1.00e+00	2.05e-33
 1.94294e+22	1.81e-07	1.00e+00	2.29e-33
 1.95909e+22	1.89e-07	1.00e+00	2.63e-33
 1.97570e+22	1.96e-07	1.00e+00	2.96e-33
 1.99290e+22	2.05e-07	1.00e+00	3.43e-33
 2.00962e+22	2.11e-07	1.00e+00	3.80e-33
 2.02570e+22	2.20e-07	1.00e+00	4.38e-33
 2.04210e+22	2.27e-07	1.00e+00	4.88e-33
 2.05891e+22	2.36e-07	1.00e+00	5.60e-33
 2.07667e+22	2.45e-07	1.00e+00	6.36e-33
 2.09298e+22	2.53e-07	1.00e+00	7.15e-33
 2.11150e+22	2.64e-07	1.00e+00	8.30e-33
 2.13112e+22	2.75e-07	1.00e+00	9.55e-33
 2.14931e+22	2.85e-07	1.00e+00	1.09e-32
 2.16701e+22	2.95e-07	1.00e+00	1.23e-32
 2.18695e+22	3.08e-07	1.00e+00	1.44e-32
 2.20716e+22	3.20e-07	1.00e+00	1.65e-32
 2.22471e+22	3.32e-07	1.00e+00	1.87e-32
 2.24451e+22	3.46e-07	1.00e+00	2.18e-32
 2.26504e+22	3.60e-07	1.00e+00	2.51e-32
 2.28345e+22	3.73e-07	1.00e+00	2.84e-32
 2.30429e+22	3.91e-07	1.00e+00	3.36e-32
 2.32561e+22	4.07e-07	1.00e+00	3.85e-32
 2.34465e+22	4.22e-07	1.00e+00	4.38e-32
 2.36651e+22	4.45e-07	1.00e+00	5.21e-32
 2.38853e+22	4.63e-07	1.00e+00	5.94e-32
 2.41077e+22	4.88e-07	1.00e+00	7.07e-32
 2.43326e+22	5.09e-07	1.00e+00	8.07e-32
 2.45609e+22	5.38e-07	1.00e+00	9.60e-32
 2.47925e+22	5.61e-07	1.00e+00	1.10e-31
 2.49871e+22	5.85e-07	1.00e+00	1.24e-31
 2.51707e+22	6.08e-07	1.00e+00	1.39e-31
 2.53810e+22	6.43e-07	1.00e+00	1.63e-31
 2.55916e+22	6.70e-07	1.00e+00	1.82e-31
 2.58025e+22	7.08e-07	1.00e+00	2.12e-31
 2.60178e+22	7.39e-07	1.00e+00	2.38e-31
 2.62390e+22	7.84e-07	1.00e+00	2.76e-31
 2.64651e+22	8.22e-07	1.00e+00	3.11e-31
 2.66979e+22	8.76e-07	1.00e+00	3.61e-31
 2.69349e+22	9.21e-07	1.00e+00	4.07e-31
 2.71768e+22	9.86e-07	1.00e+00	4.68e-31
 2.74201e+22	1.04e-06	1.00e+00	5.25e-31
 2.76565e+22	1.11e-06	1.00e+00	5.94e-31
 2.78958e+22	1.17e-06	1.00e+00	6.68e-31
 2.81130e+22	1.23e-06	1.00e+00	7.37e-31
 2.83196e+22	1.30e-06	1.00e+00	8.18e-31
 2.85412e+22	1.38e-06	1.00e+00	9.16e-31
 2.87600e+22	1.45e-06	1.00e+00	1.01e-30
 2.89803e+22	1.54e-06	1.00e+00	1.14e-30
 2.92003e+22	1.61e-06	1.00e+00	1.26e-30
 2.94212e+22	1.72e-06	1.00e+00	1.43e-30
 2.96424e+22	1.80e-06	1.00e+00	1.60e-30
 2.98638e+22	1.91e-06	1.00e+00	1.83e-30
 3.00862e+22	2.00e-06	1.00e+00	2.06e-30
 3.03098e+22	2.13e-06	1.00e+00	2.38e-30
 3.05350e+22	2.23e-06	1.00e+00	2.70e-30
 3.07623e+22	2.37e-06	1.00e+00	3.18e-30
 3.09926e+22	2.49e-06	1.00e+00	3.65e-30
 3.12267e+22	2.65e-06	1.00e+00	4.38e-30
 3.14644e+22	2.77e-06	1.00e+00	5.10e-30
 3.17068e+22	2.96e-06	1.00e+00	6.23e-30
 3.19542e+22	3.10e-06	1.00e+00	7.36e-30
 3.22084e+22	3.31e-06	1.00e+00	9.19e-30
 3.24650e+22	3.47e-06	1.00e+00	1.10e-29
 3.26829e+22	3.64e-06	1.00e+00	1.30e-29
 3.29247e+22	3.86e-06	1.00e+00	1.63e-29
 3.31565e+22	4.02e-06	1.00e+00	1.90e-29
 3.33756e+22	4.24e-06	1.00e+00	2.34e-29
 3.35975e+22	4.42e-06	1.00e+00	2.76e-29
 3.38233e+22	4.67e-06	1.00e+00	3.43e-29
 3.40505e+22	4.86e-06	1.00e+00	4.06e-29
 3.42794e+22	5.13e-06	1.00e+00	5.08e-29
 3.45112e+22	5.35e-06	1.00e+00	6.05e-29
 3.47467e+22	5.65e-06	1.00e+00	7.64e-29
 3.49858e+22	5.90e-06	1.00e+00	9.18e-29
 3.52296e+22	6.24e-06	1.00e+00	1.17e-28
 3.54777e+22	6.52e-06	1.00e+00	1.41e-28
 3.57314e+22	6.91e-06	1.00e+00	1.82e-28
 3.59907e+22	7.22e-06	1.00e+00	2.22e-28
 3.62571e+22	7.68e-06	1.00e+00	2.90e-28
 3.65248e+22	8.03e-06	1.00e+00	3.55e-28
 3.67939e+22	8.53e-06	1.00e+00	4.63e-28
 3.70668e+22	8.93e-06	1.00e+00	5.70e-28
 3.73446e+22	9.50e-06	1.00e+00	7.49e-28
 3.76151e+22	9.90e-06	1.00e+00	9.08e-28
 3.78762e+22	1.05e-05	1.00e+00	1.17e-27
 3.81235e+22	1.09e-05	1.00e+00	1.40e-27
 3.83530e+22	1.14e-05	1.00e+00	1.73e-27
 3.85937e+22	1.19e-05	1.00e+00	2.09e-27
 3.88140e+22	1.24e-05	1.00e+00	2.52e-27
 3.90651e+22	1.31e-05	1.00e+00	3.20e-27
 3.93208e+22	1.37e-05	1.00e+00	3.89e-27
 3.95824e+22	1.44e-05	1.00e+00	4.96e-27
 3.98490e+22	1.51e-05	1.00e+00	6.08e-27
 4.01221e+22	1.60e-05	1.00e+00	7.83e-27
 4.04008e+22	1.67e-05	1.00e+00	9.67e-27
 4.06487e+22	1.75e-05	1.00e+00	1.18e-26
 4.09329e+22	1.85e-05	1.00e+00	1.55e-26
 4.12187e+22	1.94e-05	1.00e+00	1.90e-26
 4.15066e+22	2.05e-05	1.00e+00	2.47e-26
 4.18006e+22	2.15e-05	1.00e+00	3.07e-26
 4.21023e+22	2.29e-05	1.00e+00	4.03e-26
 4.24078e+22	2.40e-05	1.00e+00	5.03e-26
 4.27182e+22	2.55e-05	1.00e+00	6.64e-26
 4.30335e+22	2.68e-05	1.00e+00	8.34e-26
 4.33552e+22	2.85e-05	1.00e+00	1.11e-25
 4.36831e+22	3.01e-05	1.00e+00	1.41e-25
 4.39699e+22	3.16e-05	1.00e+00	1.76e-25
 4.42936e+22	3.36e-05	1.00e+00	2.34e-25
 4.46356e+22	3.55e-05	1.00e+00	3.02e-25
 4.49133e+22	3.71e-05	1.00e+00	3.68e-25
 4.51861e+22	3.90e-05	1.00e+00	4.64e-25
 4.54771e+22	4.09e-05	1.00e+00	5.75e-25
 4.57483e+22	4.28e-05	1.00e+00	7.08e-25
 4.60574e+22	4.53e-05	1.00e+00	9.24e-25
 4.63752e+22	4.77e-05	1.00e+00	1.17e-24
 4.66561e+22	5.00e-05	1.00e+00	1.45e-24
 4.69730e+22	5.30e-05	1.00e+00	1.90e-24
 4.72948e+22	5.58e-05	1.00e+00	2.38e-24
 4.75768e+22	5.85e-05	1.00e+00	2.96e-24
 4.78972e+22	6.20e-05	1.00e+00	3.90e-24
 4.82278e+22	6.53e-05	1.00e+00	4.95e-24
 4.85232e+22	6.87e-05	1.00e+00	6.22e-24
 4.88588e+22	7.30e-05	1.00e+00	8.32e-24
 4.92058e+22	7.72e-05	1.00e+00	1.07e-23
 4.95156e+22	8.12e-05	1.00e+00	1.37e-23
 4.98663e+22	8.67e-05	1.00e+00	1.86e-23
 5.02262e+22	9.17e-05	1.00e+00	2.43e-23
 5.05441e+22	9.67e-05	1.00e+00	3.12e-23
 5.09033e+22	1.03e-04	1.00e+00	4.30e-23
 5.12731e+22	1.10e-04	1.00e+00	5.70e-23
 5.16011e+22	1.16e-04	1.00e+00	7.45e-23
 5.19723e+22	1.24e-04	1.00e+00	1.05e-22
 5.23522e+22	1.31e-04	1.00e+00	1.40e-22
 5.27437e+22	1.41e-04	1.00e+00	2.01e-22
 5.31406e+22	1.50e-04	1.00e+00	2.73e-22
 5.35445e+22	1.62e-04	1.00e+00	3.93e-22
 5.39592e+22	1.73e-04	1.00e+00	5.43e-22
 5.43265e+22	1.84e-04	1.00e+00	7.35e-22
 5.47428e+22	1.98e-04	1.00e+00	1.08e-21
 5.51714e+22	2.12e-04	1.00e+00	1.50e-21
 5.55578e+22	2.26e-04	1.00e+00	2.06e-21
 5.59437e+22	2.41e-04	1.00e+00	2.86e-21
 5.63282e+22	2.56e-04	1.00e+00	3.92e-21
 5.67690e+22	2.79e-04	1.00e+00	5.97e-21
 5.71759e+22	2.93e-04	1.00e+00	7.81e-21
 5.75388e+22	3.13e-04	1.00e+00	1.09e-20
 5.79152e+22	3.32e-04	1.00e+00	1.47e-20
 5.82559e+22	3.51e-04	1.00e+00	1.95e-20
 5.86454e+22	3.77e-04	1.00e+00	2.82e-20
 5.90401e+22	3.99e-04	1.00e+00	3.86e-20
 5.94418e+22	4.29e-04	1.00e+00	5.58e-20
 5.98531e+22	4.57e-04	1.00e+00	7.94e-20
 6.02137e+22	4.83e-04	1.00e+00	1.07e-19
 6.05485e+22	5.09e-04	9.99e-01	1.42e-19
 6.08642e+22	5.34e-04	9.99e-01	1.92e-19
 6.12258e+22	5.69e-04	9.99e-01	2.70e-19
 6.15932e+22	6.00e-04	9.99e-01	3.71e-19
 6.19162e+22	6.32e-04	9.99e-01	4.91e-19
 6.22842e+22	6.73e-04	9.99e-01	7.13e-19
 6.26580e+22	7.11e-04	9.99e-01	9.96e-19
 6.29875e+22	7.47e-04	9.99e-01	1.31e-18
 6.33640e+22	7.98e-04	9.99e-01	1.96e-18
 6.37447e+22	8.41e-04	9.99e-01	2.71e-18
 6.41306e+22	8.98e-04	9.99e-01	4.08e-18
 6.45220e+22	9.48e-04	9.99e-01	6.07e-18
 6.49203e+22	1.01e-03	9.99e-01	9.51e-18
 6.53231e+22	1.07e-03	9.99e-01	1.52e-17
 6.57318e+22	1.15e-03	9.99e-01	2.55e-17
 6.61458e+22	1.21e-03	9.99e-01	4.69e-17
 6.65665e+22	1.30e-03	9.99e-01	8.23e-17
 6.69946e+22	1.37e-03	9.99e-01	1.58e-16
 6.74324e+22	1.47e-03	9.99e-01	2.72e-16
 6.78789e+22	1.56e-03	9.98e-01	4.69e-16
 6.81400e+22	1.58e-03	9.98e-01	5.58e-16
 6.82831e+22	1.62e-03	9.98e-01	6.56e-16
 6.84690e+22	1.67e-03	9.98e-01	7.70e-16
 6.87108e+22	1.73e-03	9.98e-01	9.66e-16
 6.90251e+22	1.83e-03	9.98e-01	1.37e-15
 6.93551e+22	1.90e-03	9.98e-01	1.66e-15
 6.97057e+22	2.01e-03	9.98e-01	2.22e-15
 7.00502e+22	2.09e-03	9.98e-01	2.72e-15
 7.03865e+22	2.20e-03	9.98e-01	3.43e-15
 7.07308e+22	2.30e-03	9.98e-01	4.16e-15
 7.10855e+22	2.43e-03	9.98e-01	5.19e-15
 7.14408e+22	2.53e-03	9.97e-01	6.19e-15
 7.17969e+22	2.68e-03	9.97e-01	7.70e-15
 7.21535e+22	2.79e-03	9.97e-01	9.16e-15
 7.25109e+22	2.96e-03	9.97e-01	1.15e-14
 7.28657e+22	3.08e-03	9.97e-01	1.37e-14
 7.32172e+22	3.27e-03	9.97e-01	1.71e-14
 7.35711e+22	3.42e-03	9.97e-01	2.05e-14
 7.39281e+22	3.63e-03	9.96e-01	2.59e-14
 7.42815e+22	3.81e-03	9.96e-01	3.10e-14
 7.46303e+22	4.06e-03	9.96e-01	3.93e-14
 7.49752e+22	4.26e-03	9.96e-01	4.74e-14
 7.52678e+22	4.47e-03	9.96e-01	5.65e-14
 7.56006e+22	4.80e-03	9.95e-01	7.27e-14
 7.59262e+22	5.06e-03	9.95e-01	8.76e-14
 7.62006e+22	5.35e-03	9.95e-01	1.06e-13
 7.65154e+22	5.75e-03	9.94e-01	1.36e-13
 7.68288e+22	6.11e-03	9.94e-01	1.66e-13
 7.70962e+22	6.50e-03	9.93e-01	2.04e-13
 7.73581e+22	6.92e-03	9.93e-01	2.50e-13
 7.76571e+22	7.53e-03	9.92e-01	3.27e-13
 7.79563e+22	8.11e-03	9.92e-01	4.12e-13
 7.82080e+22	8.71e-03	9.91e-01	5.10e-13
 7.84874e+22	9.56e-03	9.90e-01	6.76e-13
 7.87711e+22	1.04e-02	9.90e-01	8.65e-13
 7.90130e+22	1.13e-02	9.89e-01	1.10e-12
 7.92801e+22	1.26e-02	9.87e-01	1.48e-12
 7.95518e+22	1.40e-02	9.86e-01	1.96e-12
 7.97797e+22	1.55e-02	9.85e-01	2.54e-12
 8.00260e+22	1.75e-02	9.82e-01	3.53e-12
 8.02790e+22	2.00e-02	9.80e-01	4.89e-12
 8.04863e+22	2.26e-02	9.77e-01	6.56e-12
 8.06676e+22	2.54e-02	9.75e-01	8.69e-12
 8.08698e+22	2.95e-02	9.71e-01	1.24e-11
 8.10767e+22	3.47e-02	9.65e-01	1.79e-11
 8.12410e+22	4.03e-02	9.60e-01	2.50e-11
 8.13777e+22	4.61e-02	9.54e-01	3.37e-11
 8.15268e+22	5.45e-02	9.46e-01	4.87e-11
 8.16840e+22	6.57e-02	9.34e-01	7.24e-11
 8.18143e+22	7.82e-02	9.22e-01	1.05e-10
 8.19191e+22	9.11e-02	9.09e-01	1.43e-10
 8.20108e+22	1.05e-01	8.95e-01	1.94e-10
 8.20973e+22	1.22e-01	8.78e-01	2.60e-10
 8.21785e+22	1.40e-01	8.60e-01	3.48e-10
 8.22526e+22	1.61e-01	8.39e-01	4.59e-10
 8.23197e+22	1.84e-01	8.16e-01	5.93e-10
 8.23815e+22	2.08e-01	7.92e-01	7.58e-10
 8.24396e+22	2.34e-01	7.66e-01	9.56e-10
 8.24944e+22	2.62e-01	7.38e-01	1.19e-09
 8.25461e+22	2.90e-01	7.10e-01	1.43e-09
 8.25963e+22	3.20e-01	6.80e-01	1.73e-09
 8.26460e+22	3.52e-01	6.48e-01	2.06e-09
 8.26928e+22	3.84e-01	6.16e-01	2.41e-09
 8.27341e+22	4.13e-01	5.87e-01	2.74e-09
 8.27709e+22	4.39e-01	5.61e-01	3.05e-09
 8.28063e+22	4.63e-01	5.37e-01	3.35e-09
 8.28413e+22	4.87e-01	5.13e-01	3.65e-09
 8.28750e+22	5.10e-01	4.90e-01	3.93e-09
 8.29072e+22	5.31e-01	4.69e-01	4.19e-09
 8.29326e+22	5.47e-01	4.53e-01	4.37e-09
 8.29502e+22	5.58e-01	4.42e-01	4.51e-09
 8.29675e+22	5.69e-01	4.31e-01	4.65e-09
 8.29877e+22	5.80e-01	4.20e-01	4.80e-09
 8.30101e+22	5.94e-01	4.06e-01	4.96e-09
 8.30323e+22	6.07e-01	3.93e-01	5.12e-09
 8.30532e+22	6.18e-01	3.82e-01	5.25e-09
 8.30742e+22	6.30e-01	3.70e-01	5.40e-09
 8.30960e+22	6.41e-01	3.59e-01	5.53e-09
 8.31185e+22	6.53e-01	3.47e-01	5.66e-09
 8.31414e+22	6.65e-01	3.35e-01	5.80e-09
 8.31640e+22	6.76e-01	3.24e-01	5.91e-09
 8.31867e+22	6.87e-01	3.13e-01	6.03e-09
 8.32102e+22	6.97e-01	3.03e-01	6.13e-09
 8.32344e+22	7.08e-01	2.92e-01	6.24e-09
 8.32587e+22	7.18e-01	2.82e-01	6.34e-09
 8.32831e+22	7.28e-01	2.72e-01	6.42e-09
 8.33082e+22	7.38e-01	2.62e-01	6.51e-09
 8.33340e+22	7.48e-01	2.52e-01	6.58e-09
 8.33601e+22	7.57e-01	2.43e-01	6.65e-09
 8.33867e+22	7.66e-01	2.34e-01	6.71e-09
 8.34140e+22	7.75e-01	2.25e-01	6.77e-09
 8.34419e+22	7.84e-01	2.16e-01	6.81e-09
 8.34707e+22	7.92e-01	2.08e-01	6.86e-09
 8.35006e+22	8.00e-01	2.00e-01	6.89e-09
 8.35311e+22	8.08e-01	1.92e-01	6.92e-09
 8.35621e+22	8.15e-01	1.85e-01	6.95e-09
 8.35940e+22	8.22e-01	1.78e-01	6.97e-09
 8.36266e+22	8.29e-01	1.71e-01	6.99e-09
 8.36602e+22	8.36e-01	1.64e-01	7.01e-09
 8.36946e+22	8.42e-01	1.58e-01	7.02e-09
 8.37297e+22	8.48e-01	1.52e-01	7.04e-09
 8.37660e+22	8.53e-01	1.47e-01	7.04e-09
 8.38034e+22	8.58e-01	1.42e-01	7.06e-09
 8.38423e+22	8.63e-01	1.37e-01	7.08e-09
 8.38838e+22	8.68e-01	1.32e-01	7.11e-09
 8.39275e+22	8.72e-01	1.28e-01	7.13e-09
 8.39731e+22	8.76e-01	1.24e-01	7.16e-09
 8.40217e+22	8.80e-01	1.20e-01	7.21e-09
 8.40745e+22	8.84e-01	1.16e-01	7.28e-09
 8.41319e+22	8.88e-01	1.12e-01	7.36e-09
 8.41940e+22	8.91e-01	1.09e-01	7.46e-09
 8.42600e+22	8.95e-01	1.05e-01	7.59e-09
 8.43276e+22	8.98e-01	1.02e-01	7.74e-09
 8.43951e+22	9.00e-01	9.98e-02	7.90e-09
 8.44645e+22	9.03e-01	9.71e-02	8.10e-09
 8.45348e+22	9.05e-01	9.49e-02	8.28e-09
 8.46056e+22	9.07e-01	9.25e-02	8.44e-09
 8.46767e+22	9.10e-01	9.04e-02	8.61e-09
 8.47463e+22	9.12e-01	8.84e-02	8.80e-09
 8.48159e+22	9.14e-01	8.65e-02	9.00e-09
 8.48853e+22	9.15e-01	8.46e-02	9.21e-09
 8.49539e+22	9.17e-01	8.28e-02	9.44e-09
 8.50212e+22	9.19e-01	8.11e-02	9.69e-09
 8.50869e+22	9.21e-01	7.94e-02	9.95e-09
 8.51510e+22	9.22e-01	7.78e-02	1.02e-08
 8.52133e+22	9.24e-01	7.63e-02	1.05e-08
 8.52738e+22	9.25e-01	7.48e-02	1.07e-08
 8.53325e+22	9.27e-01	7.33e-02	1.10e-08
 8.53893e+22	9.28e-01	7.20e-02	1.13e-08
 8.54443e+22	9.29e-01	7.06e-02	1.16e-08
 8.54977e+22	9.31e-01	6.93e-02	1.20e-08
 8.55486e+22	9.32e-01	6.81e-02	1.23e-08
 8.55985e+22	9.33e-01	6.69e-02	1.26e-08
 8.56471e+22	9.34e-01	6.57e-02	1.30e-08
 8.56913e+22	9.35e-01	6.47e-02	1.33e-08
 8.57315e+22	9.36e-01	6.38e-02	1.37e-08
 8.57681e+22	9.37e-01	6.30e-02	1.40e-08
 8.58014e+22	9.38e-01	6.22e-02	1.42e-08
 8.58317e+22	9.38e-01	6.16e-02	1.45e-08
 8.58593e+22	9.39e-01	6.10e-02	1.47e-08
 8.58895e+22	9.40e-01	6.02e-02	1.50e-08
 8.59222e+22	9.41e-01	5.93e-02	1.53e-08
 8.59519e+22	9.41e-01	5.87e-02	1.55e-08
 8.59789e+22	9.42e-01	5.81e-02	1.57e-08
 8.60035e+22	9.42e-01	5.76e-02	1.59e-08
 8.60304e+22	9.43e-01	5.70e-02	1.61e-08
 8.60595e+22	9.44e-01	5.61e-02	1.63e-08
 8.60860e+22	9.44e-01	5.56e-02	1.65e-08
 8.61150e+22	9.45e-01	5.49e-02	1.67e-08
 8.61463e+22	9.46e-01	5.41e-02	1.68e-08
 8.61748e+22	9.46e-01	5.38e-02	1.71e-08
 8.62008e+22	9.47e-01	5.31e-02	1.71e-08
 8.62292e+22	9.47e-01	5.25e-02	1.72e-08
 8.62599e+22	9.48e-01	5.20e-02	1.73e-08
 8.62935e+22	9.49e-01	5.13e-02	1.74e-08
 8.63298e+22	9.50e-01	5.04e-02	1.75e-08
 8.63628e+22	9.50e-01	4.98e-02	1.76e-08
 8.63929e+22	9.50e-01	4.95e-02	1.77e-08
 8.64258e+22	9.51e-01	4.88e-02	1.77e-08
 8.64613e+22	9.52e-01	4.81e-02	1.78e-08
 8.64937e+22	9.52e-01	4.76e-02	1.78e-08
 8.65292e+22	9.53e-01	4.69e-02	1.78e-08
 8.65674e+22	9.54e-01	4.62e-02	1.78e-08
 8.66023e+22	9.54e-01	4.56e-02	1.78e-08
 8.66340e+22	9.55e-01	4.52e-02	1.77e-08
 8.66628e+22	9.55e-01	4.47e-02	1.77e-08
 8.66891e+22	9.56e-01	4.43e-02	1.76e-08
 8.67129e+22	9.56e-01	4.40e-02	1.76e-08
 8.67391e+22	9.56e-01	4.35e-02	1.75e-08
 8.67674e+22	9.57e-01	4.31e-02	1.75e-08
 8.67983e+22	9.58e-01	4.24e-02	1.74e-08
 8.68318e+22	9.58e-01	4.18e-02	1.74e-08
 8.68622e+22	9.59e-01	4.14e-02	1.73e-08
 8.68899e+22	9.59e-01	4.11e-02	1.73e-08
 8.69202e+22	9.59e-01	4.05e-02	1.71e-08
 8.69529e+22	9.60e-01	3.99e-02	1.71e-08
 8.69827e+22	9.61e-01	3.95e-02	1.70e-08
 8.70099e+22	9.61e-01	3.92e-02	1.69e-08
 8.70396e+22	9.61e-01	3.88e-02	1.68e-08
 8.70717e+22	9.62e-01	3.83e-02	1.68e-08
 8.71008e+22	9.62e-01	3.78e-02	1.67e-08
 8.71274e+22	9.62e-01	3.75e-02	1.66e-08
 8.71565e+22	9.63e-01	3.72e-02	1.65e-08
 8.71880e+22	9.63e-01	3.67e-02	1.65e-08
 8.72224e+22	9.64e-01	3.62e-02	1.64e-08
 8.72596e+22	9.64e-01	3.57e-02	1.64e-08
 8.73003e+22	9.65e-01	3.52e-02	1.63e-08
 8.73443e+22	9.65e-01	3.46e-02	1.62e-08
 8.73843e+22	9.66e-01	3.42e-02	1.61e-08
 8.74207e+22	9.66e-01	3.39e-02	1.61e-08
 8.74607e+22	9.67e-01	3.34e-02	1.60e-08
 8.75037e+22	9.67e-01	3.29e-02	1.60e-08
 8.75429e+22	9.67e-01	3.26e-02	1.59e-08
 8.75859e+22	9.68e-01	3.21e-02	1.58e-08
 8.76323e+22	9.68e-01	3.15e-02	1.58e-08
 8.76745e+22	9.69e-01	3.11e-02	1.57e-08
 8.77129e+22	9.69e-01	3.09e-02	1.57e-08
 8.77550e+22	9.70e-01	3.04e-02	1.56e-08
 8.78005e+22	9.70e-01	2.99e-02	1.55e-08
 8.78418e+22	9.70e-01	2.96e-02	1.55e-08
 8.78871e+22	9.71e-01	2.92e-02	1.54e-08
 8.79360e+22	9.71e-01	2.87e-02	1.54e-08
 8.79805e+22	9.72e-01	2.83e-02	1.53e-08
 8.80211e+22	9.72e-01	2.81e-02	1.53e-08
 8.80654e+22	9.72e-01	2.76e-02	1.52e-08
 8.81134e+22	9.73e-01	2.72e-02	1.52e-08
 8.81570e+22	9.73e-01	2.69e-02	1.51e-08
 8.82048e+22	9.74e-01	2.65e-02	1.51e-08
 8.82564e+22	9.74e-01	2.61e-02	1.51e-08
 8.83033e+22	9.74e-01	2.58e-02	1.51e-08
 8.83547e+22	9.75e-01	2.53e-02	1.50e-08
 8.84103e+22	9.75e-01	2.49e-02	1.50e-08
 8.84608e+22	9.75e-01	2.46e-02	1.50e-08
 8.85162e+22	9.76e-01	2.42e-02	1.50e-08
 8.85760e+22	9.76e-01	2.38e-02	1.50e-08
 8.86304e+22	9.77e-01	2.34e-02	1.49e-08
 8.86900e+22	9.77e-01	2.30e-02	1.49e-08
 8.87544e+22	9.77e-01	2.26e-02	1.49e-08
 8.88130e+22	9.78e-01	2.23e-02	1.49e-08
 8.88663e+22	9.78e-01	2.20e-02	1.49e-08
 8.89247e+22	9.78e-01	2.16e-02	1.49e-08
 8.89877e+22	9.79e-01	2.12e-02	1.49e-08
 8.90451e+22	9.79e-01	2.10e-02	1.49e-08
 8.91080e+22	9.79e-01	2.06e-02	1.48e-08
 8.91758e+22	9.80e-01	2.02e-02	1.49e-08
 8.92376e+22	9.80e-01	1.99e-02	1.48e-08
 8.92938e+22	9.80e-01	1.97e-02	1.48e-08
 8.93554e+22	9.81e-01	1.93e-02	1.48e-08
 8.94219e+22	9.81e-01	1.90e-02	1.48e-08
 8.94824e+22	9.81e-01	1.87e-02	1.48e-08
 8.95487e+22	9.82e-01	1.84e-02	1.48e-08
 8.96203e+22	9.82e-01	1.81e-02	1.48e-08
 8.96855e+22	9.82e-01	1.78e-02	1.48e-08
 8.97568e+22	9.83e-01	1.75e-02	1.48e-08
 8.98339e+22	9.83e-01	1.72e-02	1.48e-08
 8.99040e+22	9.83e-01	1.69e-02	1.48e-08
 8.99679e+22	9.83e-01	1.66e-02	1.48e-08
 9.00378e+22	9.84e-01	1.63e-02	1.48e-08
 9.01133e+22	9.84e-01	1.61e-02	1.48e-08
 9.01820e+22	9.84e-01	1.58e-02	1.48e-08
 9.02445e+22	9.84e-01	1.56e-02	1.48e-08
 9.03130e+22	9.85e-01	1.53e-02	1.48e-08
 9.03870e+22	9.85e-01	1.51e-02	1.48e-08
 9.04543e+22	9.85e-01	1.48e-02	1.48e-08
 9.05280e+22	9.85e-01	1.46e-02	1.48e-08
 9.06076e+22	9.86e-01	1.43e-02	1.48e-08
 9.06801e+22	9.86e-01	1.41e-02	1.48e-08
 9.07595e+22	9.86e-01	1.38e-02	1.48e-08
 9.08452e+22	9.86e-01	1.35e-02	1.48e-08
 9.09232e+22	9.87e-01	1.33e-02	1.48e-08
 9.10087e+22	9.87e-01	1.30e-02	1.48e-08
 9.11009e+22	9.87e-01	1.28e-02	1.49e-08
 9.11849e+22	9.87e-01	1.26e-02	1.49e-08
 9.12613e+22	9.88e-01	1.24e-02	1.49e-08
 9.13450e+22	9.88e-01	1.21e-02	1.49e-08
 9.14354e+22	9.88e-01	1.19e-02	1.49e-08
 9.15177e+22	9.88e-01	1.17e-02	1.49e-08
 9.16078e+22	9.89e-01	1.14e-02	1.49e-08
 9.17210e+22	9.89e-01	1.11e-02	1.49e-08
 9.18452e+22	9.89e-01	1.09e-02	1.50e-08
 9.19712e+22	9.89e-01	1.06e-02	1.50e-08
 9.20998e+22	9.90e-01	1.03e-02	1.50e-08
 9.22301e+22	9.90e-01	1.00e-02	1.50e-08
 9.23622e+22	9.90e-01	9.72e-03	1.50e-08
 9.24955e+22	9.91e-01	9.45e-03	1.50e-08
 9.25664e+22	9.91e-01	9.46e-03	1.50e-08
