#depth	N	N+	N+2	N+3	N+4	N+5	N+6	N+7
 4.62852e+21	2.80e-27	9.69e-21	9.26e-16	7.52e-12	1.76e-08	1.27e-04	2.56e-02	9.74e-01
 1.03955e+22	8.50e-26	1.68e-19	9.19e-15	4.28e-11	5.65e-08	3.05e-04	4.04e-02	9.59e-01
 1.20872e+22	6.33e-25	9.06e-19	3.61e-14	1.21e-10	1.14e-07	5.01e-04	5.17e-02	9.48e-01
 1.29169e+22	2.00e-24	2.39e-18	7.97e-14	2.22e-10	1.72e-07	6.60e-04	5.92e-02	9.40e-01
 1.32626e+22	2.72e-24	3.10e-18	9.85e-14	2.61e-10	1.92e-07	7.10e-04	6.14e-02	9.38e-01
 1.33810e+22	3.40e-24	3.74e-18	1.15e-13	2.94e-10	2.08e-07	7.48e-04	6.29e-02	9.36e-01
 1.34943e+22	4.57e-24	4.81e-18	1.41e-13	3.44e-10	2.31e-07	8.02e-04	6.51e-02	9.34e-01
 1.36065e+22	5.71e-24	5.81e-18	1.65e-13	3.88e-10	2.51e-07	8.45e-04	6.67e-02	9.32e-01
 1.37020e+22	7.14e-24	7.01e-18	1.92e-13	4.37e-10	2.72e-07	8.90e-04	6.84e-02	9.31e-01
 1.38108e+22	9.59e-24	9.01e-18	2.36e-13	5.11e-10	3.02e-07	9.54e-04	7.07e-02	9.28e-01
 1.39191e+22	1.20e-23	1.09e-17	2.77e-13	5.77e-10	3.28e-07	1.01e-03	7.26e-02	9.26e-01
 1.40266e+22	1.62e-23	1.41e-17	3.41e-13	6.78e-10	3.66e-07	1.08e-03	7.50e-02	9.24e-01
 1.41360e+22	2.06e-23	1.72e-17	4.02e-13	7.69e-10	3.99e-07	1.14e-03	7.70e-02	9.22e-01
 1.42477e+22	2.83e-23	2.25e-17	5.03e-13	9.13e-10	4.49e-07	1.23e-03	7.98e-02	9.19e-01
 1.43603e+22	3.63e-23	2.79e-17	5.98e-13	1.04e-09	4.91e-07	1.30e-03	8.20e-02	9.17e-01
 1.44742e+22	5.04e-23	3.68e-17	7.54e-13	1.25e-09	5.55e-07	1.40e-03	8.50e-02	9.14e-01
 1.45853e+22	6.36e-23	4.49e-17	8.87e-13	1.41e-09	6.04e-07	1.48e-03	8.72e-02	9.11e-01
 1.46927e+22	8.69e-23	5.86e-17	1.10e-12	1.67e-09	6.78e-07	1.59e-03	9.02e-02	9.08e-01
 1.48021e+22	1.11e-22	7.20e-17	1.31e-12	1.91e-09	7.42e-07	1.69e-03	9.27e-02	9.06e-01
 1.49141e+22	1.53e-22	9.46e-17	1.64e-12	2.27e-09	8.36e-07	1.82e-03	9.60e-02	9.02e-01
 1.50260e+22	1.94e-22	1.16e-16	1.94e-12	2.59e-09	9.14e-07	1.92e-03	9.85e-02	9.00e-01
 1.51378e+22	2.66e-22	1.52e-16	2.43e-12	3.08e-09	1.03e-06	2.07e-03	1.02e-01	8.96e-01
 1.52511e+22	3.37e-22	1.86e-16	2.87e-12	3.50e-09	1.12e-06	2.19e-03	1.05e-01	8.93e-01
 1.53664e+22	4.64e-22	2.44e-16	3.60e-12	4.17e-09	1.27e-06	2.36e-03	1.08e-01	8.89e-01
 1.54843e+22	5.89e-22	2.99e-16	4.27e-12	4.76e-09	1.39e-06	2.51e-03	1.11e-01	8.86e-01
 1.56054e+22	8.10e-22	3.93e-16	5.35e-12	5.68e-09	1.57e-06	2.70e-03	1.15e-01	8.82e-01
 1.57302e+22	1.04e-21	4.87e-16	6.39e-12	6.52e-09	1.73e-06	2.87e-03	1.19e-01	8.78e-01
 1.58410e+22	1.33e-21	5.98e-16	7.59e-12	7.46e-09	1.90e-06	3.05e-03	1.22e-01	8.75e-01
 1.59663e+22	1.81e-21	7.79e-16	9.45e-12	8.85e-09	2.14e-06	3.28e-03	1.26e-01	8.70e-01
 1.60930e+22	2.29e-21	9.54e-16	1.12e-11	1.01e-08	2.34e-06	3.48e-03	1.30e-01	8.67e-01
 1.62216e+22	3.10e-21	1.24e-15	1.39e-11	1.20e-08	2.63e-06	3.75e-03	1.34e-01	8.62e-01
 1.63540e+22	3.95e-21	1.52e-15	1.65e-11	1.37e-08	2.90e-06	3.98e-03	1.38e-01	8.58e-01
 1.64728e+22	5.01e-21	1.87e-15	1.96e-11	1.57e-08	3.18e-06	4.22e-03	1.42e-01	8.54e-01
 1.66089e+22	6.78e-21	2.42e-15	2.44e-11	1.86e-08	3.58e-06	4.55e-03	1.46e-01	8.49e-01
 1.67458e+22	8.54e-21	2.95e-15	2.87e-11	2.12e-08	3.93e-06	4.82e-03	1.50e-01	8.45e-01
 1.68839e+22	1.15e-20	3.81e-15	3.56e-11	2.51e-08	4.42e-06	5.19e-03	1.56e-01	8.39e-01
 1.70242e+22	1.45e-20	4.63e-15	4.19e-11	2.85e-08	4.84e-06	5.50e-03	1.60e-01	8.35e-01
 1.71454e+22	1.79e-20	5.57e-15	4.90e-11	3.22e-08	5.28e-06	5.81e-03	1.63e-01	8.31e-01
 1.72808e+22	2.37e-20	7.07e-15	5.98e-11	3.78e-08	5.90e-06	6.23e-03	1.69e-01	8.25e-01
 1.74159e+22	2.91e-20	8.43e-15	6.93e-11	4.24e-08	6.41e-06	6.56e-03	1.73e-01	8.21e-01
 1.75505e+22	3.79e-20	1.06e-14	8.40e-11	4.94e-08	7.13e-06	7.02e-03	1.78e-01	8.15e-01
 1.76880e+22	4.68e-20	1.27e-14	9.78e-11	5.57e-08	7.77e-06	7.41e-03	1.82e-01	8.10e-01
 1.78292e+22	6.17e-20	1.61e-14	1.19e-10	6.54e-08	8.70e-06	7.95e-03	1.88e-01	8.04e-01
 1.79713e+22	7.54e-20	1.91e-14	1.38e-10	7.33e-08	9.44e-06	8.37e-03	1.92e-01	7.99e-01
 1.81147e+22	9.90e-20	2.42e-14	1.68e-10	8.58e-08	1.06e-05	8.98e-03	1.98e-01	7.93e-01
 1.82548e+22	1.19e-19	2.83e-14	1.92e-10	9.54e-08	1.14e-05	9.41e-03	2.02e-01	7.88e-01
 1.83906e+22	1.52e-19	3.50e-14	2.30e-10	1.10e-07	1.26e-05	1.00e-02	2.08e-01	7.82e-01
 1.85299e+22	1.84e-19	4.13e-14	2.64e-10	1.23e-07	1.36e-05	1.05e-02	2.12e-01	7.77e-01
 1.86740e+22	2.38e-19	5.14e-14	3.18e-10	1.43e-07	1.52e-05	1.13e-02	2.19e-01	7.70e-01
 1.88197e+22	2.88e-19	6.06e-14	3.65e-10	1.59e-07	1.64e-05	1.18e-02	2.23e-01	7.65e-01
 1.89675e+22	3.71e-19	7.55e-14	4.40e-10	1.85e-07	1.82e-05	1.26e-02	2.30e-01	7.58e-01
 1.91180e+22	4.50e-19	8.91e-14	5.06e-10	2.07e-07	1.98e-05	1.33e-02	2.35e-01	7.52e-01
 1.92721e+22	5.81e-19	1.11e-13	6.10e-10	2.40e-07	2.20e-05	1.42e-02	2.41e-01	7.45e-01
 1.94294e+22	7.07e-19	1.32e-13	7.04e-10	2.69e-07	2.39e-05	1.50e-02	2.46e-01	7.39e-01
 1.95909e+22	9.12e-19	1.64e-13	8.47e-10	3.13e-07	2.66e-05	1.60e-02	2.53e-01	7.31e-01
 1.97570e+22	1.12e-18	1.96e-13	9.86e-10	3.53e-07	2.90e-05	1.69e-02	2.59e-01	7.24e-01
 1.99290e+22	1.46e-18	2.46e-13	1.19e-09	4.11e-07	3.24e-05	1.81e-02	2.66e-01	7.16e-01
 2.00962e+22	1.75e-18	2.88e-13	1.36e-09	4.58e-07	3.50e-05	1.90e-02	2.72e-01	7.09e-01
 2.02570e+22	2.24e-18	3.56e-13	1.63e-09	5.30e-07	3.88e-05	2.02e-02	2.79e-01	7.01e-01
 2.04210e+22	2.71e-18	4.19e-13	1.87e-09	5.91e-07	4.20e-05	2.12e-02	2.84e-01	6.94e-01
 2.05891e+22	3.42e-18	5.12e-13	2.22e-09	6.78e-07	4.64e-05	2.26e-02	2.91e-01	6.86e-01
 2.07667e+22	4.24e-18	6.17e-13	2.60e-09	7.70e-07	5.08e-05	2.39e-02	2.98e-01	6.78e-01
 2.09298e+22	5.19e-18	7.34e-13	3.01e-09	8.65e-07	5.53e-05	2.51e-02	3.04e-01	6.71e-01
 2.11150e+22	6.65e-18	9.09e-13	3.61e-09	1.00e-06	6.14e-05	2.68e-02	3.12e-01	6.62e-01
 2.13112e+22	8.39e-18	1.11e-12	4.27e-09	1.15e-06	6.77e-05	2.85e-02	3.19e-01	6.53e-01
 2.14931e+22	1.04e-17	1.34e-12	5.00e-09	1.30e-06	7.42e-05	3.01e-02	3.26e-01	6.44e-01
 2.16701e+22	1.28e-17	1.60e-12	5.80e-09	1.47e-06	8.09e-05	3.17e-02	3.32e-01	6.36e-01
 2.18695e+22	1.66e-17	2.00e-12	7.02e-09	1.71e-06	9.03e-05	3.39e-02	3.40e-01	6.26e-01
 2.20716e+22	2.07e-17	2.42e-12	8.24e-09	1.95e-06	9.91e-05	3.59e-02	3.48e-01	6.16e-01
 2.22471e+22	2.53e-17	2.88e-12	9.55e-09	2.19e-06	1.08e-04	3.78e-02	3.54e-01	6.08e-01
 2.24451e+22	3.26e-17	3.58e-12	1.15e-08	2.54e-06	1.20e-04	4.03e-02	3.62e-01	5.97e-01
 2.26504e+22	4.07e-17	4.34e-12	1.35e-08	2.90e-06	1.32e-04	4.26e-02	3.70e-01	5.88e-01
 2.28345e+22	5.00e-17	5.18e-12	1.57e-08	3.27e-06	1.44e-04	4.49e-02	3.76e-01	5.79e-01
 2.30429e+22	6.56e-17	6.54e-12	1.91e-08	3.83e-06	1.61e-04	4.81e-02	3.85e-01	5.67e-01
 2.32561e+22	8.23e-17	7.96e-12	2.26e-08	4.38e-06	1.77e-04	5.09e-02	3.93e-01	5.56e-01
 2.34465e+22	1.02e-16	9.54e-12	2.63e-08	4.96e-06	1.94e-04	5.36e-02	4.00e-01	5.47e-01
 2.36651e+22	1.34e-16	1.22e-11	3.25e-08	5.88e-06	2.19e-04	5.76e-02	4.09e-01	5.33e-01
 2.38853e+22	1.66e-16	1.47e-11	3.81e-08	6.68e-06	2.40e-04	6.08e-02	4.16e-01	5.23e-01
 2.41077e+22	2.22e-16	1.90e-11	4.72e-08	7.95e-06	2.72e-04	6.54e-02	4.26e-01	5.09e-01
 2.43326e+22	2.77e-16	2.30e-11	5.56e-08	9.07e-06	2.99e-04	6.91e-02	4.33e-01	4.98e-01
 2.45609e+22	3.72e-16	2.97e-11	6.92e-08	1.09e-05	3.40e-04	7.44e-02	4.42e-01	4.83e-01
 2.47925e+22	4.65e-16	3.61e-11	8.17e-08	1.24e-05	3.74e-04	7.87e-02	4.49e-01	4.72e-01
 2.49871e+22	5.75e-16	4.34e-11	9.56e-08	1.41e-05	4.10e-04	8.30e-02	4.56e-01	4.61e-01
 2.51707e+22	7.02e-16	5.17e-11	1.11e-07	1.60e-05	4.47e-04	8.72e-02	4.62e-01	4.51e-01
 2.53810e+22	9.21e-16	6.55e-11	1.36e-07	1.89e-05	5.05e-04	9.34e-02	4.70e-01	4.36e-01
 2.55916e+22	1.13e-15	7.81e-11	1.58e-07	2.14e-05	5.52e-04	9.81e-02	4.76e-01	4.26e-01
 2.58025e+22	1.47e-15	9.85e-11	1.94e-07	2.52e-05	6.22e-04	1.05e-01	4.83e-01	4.11e-01
 2.60178e+22	1.80e-15	1.18e-10	2.27e-07	2.87e-05	6.82e-04	1.10e-01	4.89e-01	4.00e-01
 2.62390e+22	2.36e-15	1.50e-10	2.79e-07	3.41e-05	7.72e-04	1.18e-01	4.96e-01	3.85e-01
 2.64651e+22	2.93e-15	1.81e-10	3.29e-07	3.92e-05	8.53e-04	1.25e-01	5.02e-01	3.73e-01
 2.66979e+22	3.87e-15	2.31e-10	4.08e-07	4.69e-05	9.71e-04	1.34e-01	5.08e-01	3.57e-01
 2.69349e+22	4.81e-15	2.81e-10	4.83e-07	5.41e-05	1.08e-03	1.42e-01	5.13e-01	3.44e-01
 2.71768e+22	6.35e-15	3.60e-10	6.02e-07	6.53e-05	1.23e-03	1.52e-01	5.19e-01	3.28e-01
 2.74201e+22	7.86e-15	4.35e-10	7.12e-07	7.53e-05	1.37e-03	1.61e-01	5.23e-01	3.15e-01
 2.76565e+22	1.01e-14	5.45e-10	8.72e-07	8.97e-05	1.55e-03	1.72e-01	5.27e-01	3.00e-01
 2.78958e+22	1.24e-14	6.58e-10	1.03e-06	1.04e-04	1.73e-03	1.82e-01	5.30e-01	2.87e-01
 2.81130e+22	1.52e-14	7.87e-10	1.21e-06	1.19e-04	1.91e-03	1.91e-01	5.32e-01	2.75e-01
 2.83196e+22	1.82e-14	9.26e-10	1.41e-06	1.36e-04	2.10e-03	2.01e-01	5.33e-01	2.64e-01
 2.85412e+22	2.25e-14	1.13e-09	1.68e-06	1.59e-04	2.36e-03	2.13e-01	5.35e-01	2.50e-01
 2.87600e+22	2.65e-14	1.31e-09	1.93e-06	1.79e-04	2.58e-03	2.22e-01	5.35e-01	2.40e-01
 2.89803e+22	3.25e-14	1.58e-09	2.29e-06	2.09e-04	2.89e-03	2.35e-01	5.35e-01	2.27e-01
 2.92003e+22	3.80e-14	1.82e-09	2.62e-06	2.35e-04	3.15e-03	2.45e-01	5.34e-01	2.17e-01
 2.94212e+22	4.61e-14	2.18e-09	3.09e-06	2.73e-04	3.52e-03	2.59e-01	5.33e-01	2.05e-01
 2.96424e+22	5.33e-14	2.50e-09	3.51e-06	3.05e-04	3.83e-03	2.69e-01	5.31e-01	1.96e-01
 2.98638e+22	6.40e-14	2.96e-09	4.12e-06	3.53e-04	4.26e-03	2.83e-01	5.28e-01	1.84e-01
 3.00862e+22	7.36e-14	3.37e-09	4.65e-06	3.93e-04	4.62e-03	2.94e-01	5.26e-01	1.76e-01
 3.03098e+22	8.75e-14	3.97e-09	5.42e-06	4.53e-04	5.14e-03	3.08e-01	5.21e-01	1.65e-01
 3.05350e+22	1.00e-13	4.50e-09	6.10e-06	5.03e-04	5.56e-03	3.19e-01	5.18e-01	1.57e-01
 3.07623e+22	1.18e-13	5.27e-09	7.09e-06	5.77e-04	6.16e-03	3.34e-01	5.12e-01	1.47e-01
 3.09926e+22	1.34e-13	5.96e-09	7.97e-06	6.41e-04	6.67e-03	3.45e-01	5.08e-01	1.40e-01
 3.12267e+22	1.58e-13	6.96e-09	9.24e-06	7.34e-04	7.38e-03	3.61e-01	5.01e-01	1.30e-01
 3.14644e+22	1.80e-13	7.86e-09	1.04e-05	8.14e-04	7.98e-03	3.73e-01	4.95e-01	1.23e-01
 3.17068e+22	2.10e-13	9.14e-09	1.20e-05	9.31e-04	8.84e-03	3.89e-01	4.87e-01	1.15e-01
 3.19542e+22	2.40e-13	1.03e-08	1.35e-05	1.03e-03	9.55e-03	4.01e-01	4.80e-01	1.08e-01
 3.22084e+22	2.81e-13	1.20e-08	1.56e-05	1.18e-03	1.06e-02	4.18e-01	4.71e-01	9.98e-02
 3.24650e+22	3.19e-13	1.36e-08	1.75e-05	1.31e-03	1.14e-02	4.30e-01	4.63e-01	9.39e-02
 3.26829e+22	3.57e-13	1.52e-08	1.95e-05	1.44e-03	1.22e-02	4.42e-01	4.56e-01	8.85e-02
 3.29247e+22	4.12e-13	1.74e-08	2.23e-05	1.62e-03	1.34e-02	4.57e-01	4.46e-01	8.20e-02
 3.31565e+22	4.55e-13	1.92e-08	2.44e-05	1.76e-03	1.43e-02	4.67e-01	4.39e-01	7.77e-02
 3.33756e+22	5.16e-13	2.16e-08	2.75e-05	1.96e-03	1.54e-02	4.80e-01	4.30e-01	7.24e-02
 3.35975e+22	5.71e-13	2.38e-08	3.01e-05	2.12e-03	1.64e-02	4.91e-01	4.22e-01	6.84e-02
 3.38233e+22	6.46e-13	2.69e-08	3.39e-05	2.36e-03	1.78e-02	5.04e-01	4.12e-01	6.35e-02
 3.40505e+22	7.16e-13	2.96e-08	3.72e-05	2.55e-03	1.88e-02	5.14e-01	4.04e-01	6.00e-02
 3.42794e+22	8.09e-13	3.34e-08	4.18e-05	2.83e-03	2.04e-02	5.27e-01	3.94e-01	5.55e-02
 3.45112e+22	8.98e-13	3.69e-08	4.59e-05	3.07e-03	2.16e-02	5.37e-01	3.86e-01	5.23e-02
 3.47467e+22	1.01e-12	4.16e-08	5.17e-05	3.40e-03	2.33e-02	5.50e-01	3.75e-01	4.83e-02
 3.49858e+22	1.13e-12	4.60e-08	5.68e-05	3.68e-03	2.47e-02	5.60e-01	3.66e-01	4.53e-02
 3.52296e+22	1.28e-12	5.19e-08	6.41e-05	4.08e-03	2.67e-02	5.72e-01	3.55e-01	4.17e-02
 3.54777e+22	1.43e-12	5.76e-08	7.06e-05	4.42e-03	2.83e-02	5.82e-01	3.46e-01	3.90e-02
 3.57314e+22	1.62e-12	6.52e-08	7.98e-05	4.91e-03	3.06e-02	5.94e-01	3.35e-01	3.57e-02
 3.59907e+22	1.82e-12	7.28e-08	8.84e-05	5.33e-03	3.25e-02	6.03e-01	3.26e-01	3.33e-02
 3.62571e+22	2.07e-12	8.27e-08	1.00e-04	5.92e-03	3.51e-02	6.15e-01	3.13e-01	3.02e-02
 3.65248e+22	2.32e-12	9.21e-08	1.11e-04	6.42e-03	3.72e-02	6.24e-01	3.04e-01	2.81e-02
 3.67939e+22	2.65e-12	1.05e-07	1.26e-04	7.12e-03	4.02e-02	6.35e-01	2.92e-01	2.55e-02
 3.70668e+22	2.99e-12	1.17e-07	1.40e-04	7.72e-03	4.25e-02	6.43e-01	2.83e-01	2.36e-02
 3.73446e+22	3.43e-12	1.34e-07	1.59e-04	8.57e-03	4.59e-02	6.53e-01	2.71e-01	2.13e-02
 3.76151e+22	3.85e-12	1.49e-07	1.75e-04	9.22e-03	4.83e-02	6.60e-01	2.63e-01	1.99e-02
 3.78762e+22	4.35e-12	1.68e-07	1.98e-04	1.01e-02	5.18e-02	6.68e-01	2.52e-01	1.80e-02
 3.81235e+22	4.80e-12	1.84e-07	2.16e-04	1.08e-02	5.42e-02	6.73e-01	2.45e-01	1.69e-02
 3.83530e+22	5.41e-12	2.06e-07	2.39e-04	1.17e-02	5.73e-02	6.79e-01	2.36e-01	1.55e-02
 3.85937e+22	6.02e-12	2.28e-07	2.63e-04	1.26e-02	6.01e-02	6.85e-01	2.28e-01	1.44e-02
 3.88140e+22	6.64e-12	2.51e-07	2.88e-04	1.35e-02	6.31e-02	6.89e-01	2.21e-01	1.34e-02
 3.90651e+22	7.57e-12	2.84e-07	3.23e-04	1.47e-02	6.69e-02	6.95e-01	2.11e-01	1.22e-02
 3.93208e+22	8.43e-12	3.14e-07	3.55e-04	1.57e-02	7.02e-02	6.99e-01	2.04e-01	1.13e-02
 3.95824e+22	9.68e-12	3.57e-07	4.01e-04	1.71e-02	7.45e-02	7.03e-01	1.95e-01	1.03e-02
 3.98490e+22	1.09e-11	3.98e-07	4.43e-04	1.84e-02	7.82e-02	7.06e-01	1.87e-01	9.45e-03
 4.01221e+22	1.26e-11	4.55e-07	5.02e-04	2.01e-02	8.30e-02	7.10e-01	1.78e-01	8.52e-03
 4.04008e+22	1.42e-11	5.09e-07	5.57e-04	2.17e-02	8.72e-02	7.12e-01	1.71e-01	7.81e-03
 4.06487e+22	1.61e-11	5.71e-07	6.16e-04	2.33e-02	9.13e-02	7.14e-01	1.64e-01	7.19e-03
 4.09329e+22	1.87e-11	6.57e-07	7.02e-04	2.55e-02	9.69e-02	7.15e-01	1.55e-01	6.42e-03
 4.12187e+22	2.11e-11	7.36e-07	7.78e-04	2.73e-02	1.01e-01	7.16e-01	1.49e-01	5.89e-03
 4.15066e+22	2.48e-11	8.51e-07	8.87e-04	2.99e-02	1.07e-01	7.16e-01	1.40e-01	5.26e-03
 4.18006e+22	2.83e-11	9.61e-07	9.89e-04	3.22e-02	1.13e-01	7.16e-01	1.34e-01	4.79e-03
 4.21023e+22	3.36e-11	1.12e-06	1.13e-03	3.52e-02	1.19e-01	7.14e-01	1.26e-01	4.25e-03
 4.24078e+22	3.86e-11	1.27e-06	1.27e-03	3.80e-02	1.25e-01	7.12e-01	1.20e-01	3.86e-03
 4.27182e+22	4.61e-11	1.49e-06	1.46e-03	4.16e-02	1.32e-01	7.09e-01	1.12e-01	3.41e-03
 4.30335e+22	5.33e-11	1.70e-06	1.63e-03	4.49e-02	1.38e-01	7.06e-01	1.06e-01	3.07e-03
 4.33552e+22	6.42e-11	2.00e-06	1.88e-03	4.92e-02	1.46e-01	7.01e-01	9.95e-02	2.70e-03
 4.36831e+22	7.46e-11	2.29e-06	2.13e-03	5.31e-02	1.53e-01	6.96e-01	9.36e-02	2.41e-03
 4.39699e+22	8.69e-11	2.61e-06	2.38e-03	5.71e-02	1.59e-01	6.91e-01	8.86e-02	2.18e-03
 4.42936e+22	1.05e-10	3.09e-06	2.74e-03	6.24e-02	1.67e-01	6.83e-01	8.25e-02	1.91e-03
 4.46356e+22	1.25e-10	3.59e-06	3.12e-03	6.77e-02	1.75e-01	6.76e-01	7.71e-02	1.69e-03
 4.49133e+22	1.43e-10	4.03e-06	3.44e-03	7.20e-02	1.81e-01	6.69e-01	7.31e-02	1.53e-03
 4.51861e+22	1.67e-10	4.62e-06	3.86e-03	7.72e-02	1.88e-01	6.61e-01	6.87e-02	1.37e-03
 4.54771e+22	1.94e-10	5.25e-06	4.29e-03	8.25e-02	1.94e-01	6.53e-01	6.47e-02	1.23e-03
 4.57483e+22	2.24e-10	5.94e-06	4.76e-03	8.78e-02	2.01e-01	6.45e-01	6.10e-02	1.11e-03
 4.60574e+22	2.70e-10	6.97e-06	5.42e-03	9.50e-02	2.09e-01	6.33e-01	5.66e-02	9.74e-04
 4.63752e+22	3.17e-10	7.99e-06	6.07e-03	1.02e-01	2.16e-01	6.23e-01	5.29e-02	8.64e-04
 4.66561e+22	3.68e-10	9.08e-06	6.74e-03	1.08e-01	2.23e-01	6.12e-01	4.96e-02	7.73e-04
 4.69730e+22	4.46e-10	1.07e-05	7.68e-03	1.17e-01	2.31e-01	5.98e-01	4.57e-02	6.73e-04
 4.72948e+22	5.24e-10	1.22e-05	8.57e-03	1.25e-01	2.37e-01	5.86e-01	4.26e-02	5.96e-04
 4.75768e+22	6.11e-10	1.39e-05	9.51e-03	1.32e-01	2.44e-01	5.74e-01	3.97e-02	5.30e-04
 4.78972e+22	7.43e-10	1.64e-05	1.08e-02	1.42e-01	2.52e-01	5.58e-01	3.64e-02	4.58e-04
 4.82278e+22	8.80e-10	1.88e-05	1.21e-02	1.52e-01	2.58e-01	5.44e-01	3.36e-02	4.02e-04
 4.85232e+22	1.03e-09	2.15e-05	1.34e-02	1.61e-01	2.64e-01	5.30e-01	3.12e-02	3.54e-04
 4.88588e+22	1.27e-09	2.55e-05	1.53e-02	1.73e-01	2.72e-01	5.12e-01	2.83e-02	3.02e-04
 4.92058e+22	1.52e-09	2.95e-05	1.71e-02	1.84e-01	2.78e-01	4.95e-01	2.59e-02	2.61e-04
 4.95156e+22	1.80e-09	3.39e-05	1.91e-02	1.95e-01	2.83e-01	4.79e-01	2.37e-02	2.28e-04
 4.98663e+22	2.23e-09	4.03e-05	2.17e-02	2.09e-01	2.89e-01	4.59e-01	2.13e-02	1.91e-04
 5.02262e+22	2.68e-09	4.68e-05	2.43e-02	2.21e-01	2.94e-01	4.41e-01	1.93e-02	1.64e-04
 5.05441e+22	3.19e-09	5.37e-05	2.70e-02	2.33e-01	2.98e-01	4.24e-01	1.76e-02	1.41e-04
 5.09033e+22	3.97e-09	6.40e-05	3.07e-02	2.49e-01	3.02e-01	4.02e-01	1.56e-02	1.17e-04
 5.12731e+22	4.80e-09	7.45e-05	3.43e-02	2.63e-01	3.06e-01	3.83e-01	1.40e-02	9.91e-05
 5.16011e+22	5.74e-09	8.57e-05	3.80e-02	2.76e-01	3.08e-01	3.65e-01	1.26e-02	8.46e-05
 5.19723e+22	7.22e-09	1.03e-04	4.32e-02	2.93e-01	3.10e-01	3.43e-01	1.10e-02	6.88e-05
 5.23522e+22	8.74e-09	1.19e-04	4.80e-02	3.08e-01	3.10e-01	3.24e-01	9.78e-03	5.76e-05
 5.27437e+22	1.11e-08	1.43e-04	5.46e-02	3.26e-01	3.10e-01	3.01e-01	8.41e-03	4.60e-05
 5.31406e+22	1.36e-08	1.67e-04	6.07e-02	3.41e-01	3.09e-01	2.82e-01	7.39e-03	3.79e-05
 5.35445e+22	1.73e-08	2.01e-04	6.87e-02	3.59e-01	3.07e-01	2.59e-01	6.30e-03	3.00e-05
 5.39592e+22	2.14e-08	2.36e-04	7.64e-02	3.74e-01	3.03e-01	2.40e-01	5.45e-03	2.43e-05
 5.43265e+22	2.61e-08	2.73e-04	8.43e-02	3.88e-01	3.00e-01	2.23e-01	4.74e-03	1.98e-05
 5.47428e+22	3.35e-08	3.29e-04	9.50e-02	4.05e-01	2.93e-01	2.02e-01	3.96e-03	1.53e-05
 5.51714e+22	4.15e-08	3.85e-04	1.05e-01	4.19e-01	2.87e-01	1.85e-01	3.37e-03	1.21e-05
 5.55578e+22	5.10e-08	4.48e-04	1.15e-01	4.32e-01	2.80e-01	1.69e-01	2.88e-03	9.70e-06
 5.59437e+22	6.28e-08	5.21e-04	1.27e-01	4.44e-01	2.73e-01	1.54e-01	2.45e-03	7.69e-06
 5.63282e+22	7.68e-08	6.02e-04	1.38e-01	4.54e-01	2.65e-01	1.41e-01	2.08e-03	6.13e-06
 5.67690e+22	1.00e-07	7.28e-04	1.54e-01	4.67e-01	2.53e-01	1.23e-01	1.67e-03	4.49e-06
 5.71759e+22	1.18e-07	8.17e-04	1.65e-01	4.74e-01	2.45e-01	1.14e-01	1.45e-03	3.69e-06
 5.75388e+22	1.46e-07	9.47e-04	1.80e-01	4.82e-01	2.35e-01	1.02e-01	1.21e-03	2.86e-06
 5.79152e+22	1.75e-07	1.07e-03	1.93e-01	4.87e-01	2.26e-01	9.23e-02	1.03e-03	2.29e-06
 5.82559e+22	2.07e-07	1.21e-03	2.06e-01	4.91e-01	2.17e-01	8.38e-02	8.77e-04	1.84e-06
 5.86454e+22	2.59e-07	1.41e-03	2.23e-01	4.96e-01	2.05e-01	7.37e-02	7.12e-04	1.38e-06
 5.90401e+22	3.09e-07	1.59e-03	2.38e-01	4.98e-01	1.96e-01	6.62e-02	5.99e-04	1.09e-06
 5.94418e+22	3.85e-07	1.84e-03	2.57e-01	4.99e-01	1.84e-01	5.79e-02	4.82e-04	8.12e-07
 5.98531e+22	4.66e-07	2.09e-03	2.74e-01	4.99e-01	1.73e-01	5.12e-02	3.97e-04	6.23e-07
 6.02137e+22	5.53e-07	2.35e-03	2.90e-01	4.98e-01	1.64e-01	4.58e-02	3.33e-04	4.90e-07
 6.05485e+22	6.48e-07	2.61e-03	3.05e-01	4.96e-01	1.56e-01	4.12e-02	2.81e-04	3.90e-07
 6.08642e+22	7.50e-07	2.87e-03	3.19e-01	4.93e-01	1.48e-01	3.73e-02	2.40e-04	3.16e-07
 6.12258e+22	9.06e-07	3.26e-03	3.38e-01	4.88e-01	1.38e-01	3.26e-02	1.95e-04	2.39e-07
 6.15932e+22	1.06e-06	3.61e-03	3.54e-01	4.84e-01	1.30e-01	2.91e-02	1.63e-04	1.87e-07
 6.19162e+22	1.24e-06	3.98e-03	3.69e-01	4.78e-01	1.22e-01	2.60e-02	1.37e-04	1.49e-07
 6.22842e+22	1.49e-06	4.50e-03	3.89e-01	4.71e-01	1.13e-01	2.25e-02	1.10e-04	0.00e+00
 6.26580e+22	1.74e-06	4.98e-03	4.06e-01	4.63e-01	1.06e-01	1.99e-02	9.11e-05	0.00e+00
 6.29875e+22	2.02e-06	5.48e-03	4.22e-01	4.56e-01	9.89e-02	1.77e-02	7.61e-05	0.00e+00
 6.33640e+22	2.44e-06	6.19e-03	4.42e-01	4.45e-01	9.06e-02	1.52e-02	6.02e-05	0.00e+00
 6.37447e+22	2.83e-06	6.80e-03	4.59e-01	4.36e-01	8.43e-02	1.34e-02	4.97e-05	0.00e+00
 6.41306e+22	3.42e-06	7.66e-03	4.80e-01	4.24e-01	7.68e-02	1.14e-02	3.90e-05	0.00e+00
 6.45220e+22	3.99e-06	8.44e-03	4.97e-01	4.14e-01	7.08e-02	9.99e-03	3.17e-05	0.00e+00
 6.49203e+22	4.81e-06	9.50e-03	5.18e-01	4.00e-01	6.40e-02	8.44e-03	2.46e-05	0.00e+00
 6.53231e+22	5.61e-06	1.05e-02	5.35e-01	3.88e-01	5.87e-02	7.33e-03	1.98e-05	0.00e+00
 6.57318e+22	6.79e-06	1.18e-02	5.56e-01	3.73e-01	5.26e-02	6.14e-03	1.52e-05	0.00e+00
 6.61458e+22	7.93e-06	1.29e-02	5.73e-01	3.61e-01	4.79e-02	5.28e-03	1.21e-05	0.00e+00
 6.65665e+22	9.59e-06	1.45e-02	5.94e-01	3.45e-01	4.26e-02	4.39e-03	9.17e-06	0.00e+00
 6.69946e+22	1.12e-05	1.60e-02	6.11e-01	3.31e-01	3.85e-02	3.75e-03	7.24e-06	0.00e+00
 6.74324e+22	1.36e-05	1.80e-02	6.31e-01	3.14e-01	3.39e-02	3.07e-03	5.38e-06	0.00e+00
 6.78789e+22	1.60e-05	1.98e-02	6.48e-01	2.99e-01	3.03e-02	2.60e-03	4.18e-06	0.00e+00
 6.81400e+22	1.67e-05	2.03e-02	6.53e-01	2.95e-01	2.92e-02	2.46e-03	3.85e-06	0.00e+00
 6.82831e+22	1.77e-05	2.10e-02	6.59e-01	2.89e-01	2.81e-02	2.31e-03	3.52e-06	0.00e+00
 6.84690e+22	1.93e-05	2.21e-02	6.68e-01	2.82e-01	2.64e-02	2.11e-03	3.07e-06	0.00e+00
 6.87108e+22	2.13e-05	2.35e-02	6.78e-01	2.72e-01	2.45e-02	1.89e-03	2.60e-06	0.00e+00
 6.90251e+22	2.46e-05	2.56e-02	6.91e-01	2.59e-01	2.21e-02	1.62e-03	2.06e-06	0.00e+00
 6.93551e+22	2.75e-05	2.73e-02	7.02e-01	2.49e-01	2.02e-02	1.42e-03	1.71e-06	0.00e+00
 6.97057e+22	3.20e-05	3.00e-02	7.15e-01	2.35e-01	1.80e-02	1.20e-03	1.33e-06	0.00e+00
 7.00502e+22	3.58e-05	3.20e-02	7.26e-01	2.25e-01	1.64e-02	1.05e-03	1.09e-06	0.00e+00
 7.03865e+22	4.12e-05	3.48e-02	7.37e-01	2.12e-01	1.46e-02	8.90e-04	8.57e-07	0.00e+00
 7.07308e+22	4.63e-05	3.72e-02	7.47e-01	2.02e-01	1.32e-02	7.72e-04	6.95e-07	0.00e+00
 7.10855e+22	5.38e-05	4.07e-02	7.58e-01	1.89e-01	1.17e-02	6.46e-04	5.36e-07	0.00e+00
 7.14408e+22	6.05e-05	4.35e-02	7.67e-01	1.78e-01	1.05e-02	5.57e-04	4.32e-07	0.00e+00
 7.17969e+22	7.05e-05	4.77e-02	7.77e-01	1.66e-01	9.20e-03	4.63e-04	3.30e-07	0.00e+00
 7.21535e+22	7.94e-05	5.11e-02	7.85e-01	1.56e-01	8.23e-03	3.98e-04	2.65e-07	0.00e+00
 7.25109e+22	9.31e-05	5.62e-02	7.93e-01	1.44e-01	7.17e-03	3.27e-04	1.99e-07	0.00e+00
 7.28657e+22	1.05e-04	6.03e-02	7.99e-01	1.34e-01	6.39e-03	2.79e-04	1.59e-07	0.00e+00
 7.32172e+22	1.23e-04	6.62e-02	8.05e-01	1.23e-01	5.55e-03	2.29e-04	0.00e+00	0.00e+00
 7.35711e+22	1.41e-04	7.14e-02	8.10e-01	1.14e-01	4.92e-03	1.94e-04	0.00e+00	0.00e+00
 7.39281e+22	1.67e-04	7.91e-02	8.13e-01	1.03e-01	4.23e-03	1.57e-04	0.00e+00	0.00e+00
 7.42815e+22	1.91e-04	8.55e-02	8.16e-01	9.48e-02	3.74e-03	1.32e-04	0.00e+00	0.00e+00
 7.46303e+22	2.28e-04	9.48e-02	8.16e-01	8.55e-02	3.22e-03	1.06e-04	0.00e+00	0.00e+00
 7.49752e+22	2.63e-04	1.03e-01	8.16e-01	7.80e-02	2.84e-03	8.84e-05	0.00e+00	0.00e+00
 7.52678e+22	3.01e-04	1.11e-01	8.14e-01	7.16e-02	2.52e-03	7.45e-05	0.00e+00	0.00e+00
 7.56006e+22	3.63e-04	1.24e-01	8.09e-01	6.37e-02	2.16e-03	5.90e-05	0.00e+00	0.00e+00
 7.59262e+22	4.20e-04	1.35e-01	8.05e-01	5.78e-02	1.92e-03	4.91e-05	0.00e+00	0.00e+00
 7.62006e+22	4.84e-04	1.47e-01	7.99e-01	5.26e-02	1.70e-03	4.10e-05	0.00e+00	0.00e+00
 7.65154e+22	5.83e-04	1.63e-01	7.88e-01	4.66e-02	1.47e-03	3.23e-05	0.00e+00	0.00e+00
 7.68288e+22	6.80e-04	1.78e-01	7.78e-01	4.19e-02	1.30e-03	2.65e-05	0.00e+00	0.00e+00
 7.70962e+22	7.93e-04	1.94e-01	7.67e-01	3.77e-02	1.15e-03	2.18e-05	0.00e+00	0.00e+00
 7.73581e+22	9.19e-04	2.10e-01	7.54e-01	3.39e-02	1.03e-03	1.79e-05	0.00e+00	0.00e+00
 7.76571e+22	1.11e-03	2.34e-01	7.35e-01	2.95e-02	8.81e-04	1.38e-05	0.00e+00	0.00e+00
 7.79563e+22	1.32e-03	2.56e-01	7.16e-01	2.61e-02	7.73e-04	1.10e-05	0.00e+00	0.00e+00
 7.82080e+22	1.53e-03	2.78e-01	6.97e-01	2.32e-02	6.84e-04	8.89e-06	0.00e+00	0.00e+00
 7.84874e+22	1.86e-03	3.08e-01	6.70e-01	1.99e-02	5.84e-04	6.72e-06	0.00e+00	0.00e+00
 7.87711e+22	2.20e-03	3.36e-01	6.44e-01	1.73e-02	5.07e-04	5.22e-06	0.00e+00	0.00e+00
 7.90130e+22	2.57e-03	3.64e-01	6.18e-01	1.51e-02	4.43e-04	4.09e-06	0.00e+00	0.00e+00
 7.92801e+22	3.12e-03	4.02e-01	5.82e-01	1.26e-02	3.70e-04	2.98e-06	0.00e+00	0.00e+00
 7.95518e+22	3.74e-03	4.39e-01	5.47e-01	1.05e-02	3.12e-04	2.19e-06	0.00e+00	0.00e+00
 7.97797e+22	4.39e-03	4.74e-01	5.13e-01	8.87e-03	2.65e-04	1.64e-06	0.00e+00	0.00e+00
 8.00260e+22	5.35e-03	5.19e-01	4.68e-01	7.09e-03	2.13e-04	1.13e-06	0.00e+00	0.00e+00
 8.02790e+22	6.47e-03	5.64e-01	4.24e-01	5.60e-03	1.70e-04	7.63e-07	0.00e+00	0.00e+00
 8.04863e+22	7.64e-03	6.04e-01	3.83e-01	4.48e-03	1.38e-04	5.32e-07	0.00e+00	0.00e+00
 8.06676e+22	8.91e-03	6.42e-01	3.45e-01	3.59e-03	1.11e-04	3.72e-07	0.00e+00	0.00e+00
 8.08698e+22	1.08e-02	6.88e-01	2.99e-01	2.67e-03	8.33e-05	2.33e-07	0.00e+00	0.00e+00
 8.10767e+22	1.30e-02	7.32e-01	2.53e-01	1.93e-03	6.07e-05	1.41e-07	0.00e+00	0.00e+00
 8.12410e+22	1.53e-02	7.67e-01	2.16e-01	1.43e-03	4.51e-05	0.00e+00	0.00e+00	0.00e+00
 8.13777e+22	1.77e-02	7.96e-01	1.85e-01	1.08e-03	3.41e-05	0.00e+00	0.00e+00	0.00e+00
 8.15268e+22	2.11e-02	8.26e-01	1.52e-01	7.63e-04	2.38e-05	0.00e+00	0.00e+00	0.00e+00
 8.16840e+22	2.55e-02	8.54e-01	1.20e-01	5.16e-04	1.58e-05	0.00e+00	0.00e+00	0.00e+00
 8.18143e+22	3.03e-02	8.74e-01	9.57e-02	3.59e-04	1.06e-05	0.00e+00	0.00e+00	0.00e+00
 8.19191e+22	3.51e-02	8.87e-01	7.78e-02	2.63e-04	7.43e-06	0.00e+00	0.00e+00	0.00e+00
 8.20108e+22	4.06e-02	8.96e-01	6.34e-02	1.96e-04	5.25e-06	0.00e+00	0.00e+00	0.00e+00
 8.20973e+22	4.69e-02	9.02e-01	5.14e-02	1.47e-04	3.68e-06	0.00e+00	0.00e+00	0.00e+00
 8.21785e+22	5.43e-02	9.04e-01	4.14e-02	1.12e-04	2.57e-06	0.00e+00	0.00e+00	0.00e+00
 8.22526e+22	6.26e-02	9.04e-01	3.33e-02	8.66e-05	1.80e-06	0.00e+00	0.00e+00	0.00e+00
 8.23197e+22	7.19e-02	9.01e-01	2.70e-02	6.86e-05	1.28e-06	0.00e+00	0.00e+00	0.00e+00
 8.23815e+22	8.23e-02	8.96e-01	2.19e-02	5.53e-05	9.21e-07	0.00e+00	0.00e+00	0.00e+00
 8.24396e+22	9.41e-02	8.88e-01	1.78e-02	4.53e-05	6.64e-07	0.00e+00	0.00e+00	0.00e+00
 8.24944e+22	1.07e-01	8.78e-01	1.45e-02	3.76e-05	4.81e-07	0.00e+00	0.00e+00	0.00e+00
 8.25461e+22	1.21e-01	8.67e-01	1.18e-02	3.18e-05	3.55e-07	0.00e+00	0.00e+00	0.00e+00
 8.25963e+22	1.38e-01	8.53e-01	9.64e-03	2.70e-05	2.61e-07	0.00e+00	0.00e+00	0.00e+00
 8.26460e+22	1.56e-01	8.36e-01	7.80e-03	2.32e-05	1.92e-07	0.00e+00	0.00e+00	0.00e+00
 8.26928e+22	1.76e-01	8.18e-01	6.36e-03	2.02e-05	1.43e-07	0.00e+00	0.00e+00	0.00e+00
 8.27341e+22	1.95e-01	8.00e-01	5.30e-03	1.80e-05	0.00e+00	0.00e+00	0.00e+00	0.00e+00
 8.27709e+22	2.14e-01	7.82e-01	4.49e-03	1.63e-05	0.00e+00	0.00e+00	0.00e+00	0.00e+00
 8.28063e+22	2.33e-01	7.63e-01	3.81e-03	1.48e-05	0.00e+00	0.00e+00	0.00e+00	0.00e+00
 8.28413e+22	2.53e-01	7.44e-01	3.24e-03	1.35e-05	0.00e+00	0.00e+00	0.00e+00	0.00e+00
 8.28750e+22	2.73e-01	7.24e-01	2.77e-03	1.25e-05	0.00e+00	0.00e+00	0.00e+00	0.00e+00
 8.29072e+22	2.93e-01	7.05e-01	2.39e-03	1.16e-05	0.00e+00	0.00e+00	0.00e+00	0.00e+00
 8.29326e+22	3.08e-01	6.90e-01	2.13e-03	1.09e-05	0.00e+00	0.00e+00	0.00e+00	0.00e+00
 8.29502e+22	3.19e-01	6.79e-01	1.97e-03	1.05e-05	0.00e+00	0.00e+00	0.00e+00	0.00e+00
 8.29675e+22	3.31e-01	6.67e-01	1.81e-03	1.01e-05	0.00e+00	0.00e+00	0.00e+00	0.00e+00
 8.29877e+22	3.44e-01	6.54e-01	1.65e-03	9.68e-06	0.00e+00	0.00e+00	0.00e+00	0.00e+00
 8.30101e+22	3.59e-01	6.39e-01	1.48e-03	9.22e-06	0.00e+00	0.00e+00	0.00e+00	0.00e+00
 8.30323e+22	3.75e-01	6.24e-01	1.33e-03	8.79e-06	0.00e+00	0.00e+00	0.00e+00	0.00e+00
 8.30532e+22	3.89e-01	6.10e-01	1.21e-03	8.41e-06	0.00e+00	0.00e+00	0.00e+00	0.00e+00
 8.30742e+22	4.04e-01	5.95e-01	1.09e-03	8.05e-06	0.00e+00	0.00e+00	0.00e+00	0.00e+00
 8.30960e+22	4.19e-01	5.80e-01	9.84e-04	7.69e-06	0.00e+00	0.00e+00	0.00e+00	0.00e+00
 8.31185e+22	4.35e-01	5.64e-01	8.84e-04	7.34e-06	0.00e+00	0.00e+00	0.00e+00	0.00e+00
 8.31414e+22	4.51e-01	5.48e-01	7.92e-04	7.00e-06	0.00e+00	0.00e+00	0.00e+00	0.00e+00
 8.31640e+22	4.67e-01	5.32e-01	7.12e-04	6.68e-06	0.00e+00	0.00e+00	0.00e+00	0.00e+00
 8.31867e+22	4.83e-01	5.17e-01	6.40e-04	6.38e-06	0.00e+00	0.00e+00	0.00e+00	0.00e+00
 8.32102e+22	4.99e-01	5.00e-01	5.73e-04	6.09e-06	0.00e+00	0.00e+00	0.00e+00	0.00e+00
 8.32344e+22	5.16e-01	4.84e-01	5.12e-04	5.80e-06	0.00e+00	0.00e+00	0.00e+00	0.00e+00
 8.32587e+22	5.32e-01	4.67e-01	4.58e-04	5.53e-06	0.00e+00	0.00e+00	0.00e+00	0.00e+00
 8.32831e+22	5.48e-01	4.51e-01	4.10e-04	5.27e-06	0.00e+00	0.00e+00	0.00e+00	0.00e+00
 8.33082e+22	5.65e-01	4.35e-01	3.66e-04	5.02e-06	0.00e+00	0.00e+00	0.00e+00	0.00e+00
 8.33340e+22	5.81e-01	4.18e-01	3.26e-04	4.77e-06	0.00e+00	0.00e+00	0.00e+00	0.00e+00
 8.33601e+22	5.98e-01	4.02e-01	2.91e-04	4.54e-06	0.00e+00	0.00e+00	0.00e+00	0.00e+00
 8.33867e+22	6.14e-01	3.86e-01	2.60e-04	4.32e-06	0.00e+00	0.00e+00	0.00e+00	0.00e+00
 8.34140e+22	6.30e-01	3.70e-01	2.32e-04	4.10e-06	0.00e+00	0.00e+00	0.00e+00	0.00e+00
 8.34419e+22	6.45e-01	3.55e-01	2.08e-04	3.90e-06	0.00e+00	0.00e+00	0.00e+00	0.00e+00
 8.34707e+22	6.61e-01	3.39e-01	1.86e-04	3.70e-06	0.00e+00	0.00e+00	0.00e+00	0.00e+00
 8.35006e+22	6.76e-01	3.23e-01	1.66e-04	3.51e-06	0.00e+00	0.00e+00	0.00e+00	0.00e+00
 8.35311e+22	6.91e-01	3.08e-01	1.49e-04	3.33e-06	0.00e+00	0.00e+00	0.00e+00	0.00e+00
 8.35621e+22	7.06e-01	2.94e-01	1.34e-04	3.16e-06	0.00e+00	0.00e+00	0.00e+00	0.00e+00
 8.35940e+22	7.20e-01	2.80e-01	1.21e-04	3.00e-06	0.00e+00	0.00e+00	0.00e+00	0.00e+00
 8.36266e+22	7.34e-01	2.66e-01	1.09e-04	2.85e-06	0.00e+00	0.00e+00	0.00e+00	0.00e+00
 8.36602e+22	7.47e-01	2.53e-01	9.91e-05	2.71e-06	0.00e+00	0.00e+00	0.00e+00	0.00e+00
 8.36946e+22	7.59e-01	2.41e-01	9.04e-05	2.57e-06	0.00e+00	0.00e+00	0.00e+00	0.00e+00
 8.37297e+22	7.71e-01	2.29e-01	8.30e-05	2.45e-06	0.00e+00	0.00e+00	0.00e+00	0.00e+00
 8.37660e+22	7.82e-01	2.17e-01	7.65e-05	2.34e-06	0.00e+00	0.00e+00	0.00e+00	0.00e+00
 8.38034e+22	7.93e-01	2.06e-01	7.08e-05	2.23e-06	0.00e+00	0.00e+00	0.00e+00	0.00e+00
 8.38423e+22	8.04e-01	1.96e-01	6.58e-05	2.13e-06	0.00e+00	0.00e+00	0.00e+00	0.00e+00
 8.38838e+22	8.14e-01	1.86e-01	6.13e-05	2.03e-06	0.00e+00	0.00e+00	0.00e+00	0.00e+00
 8.39275e+22	8.23e-01	1.77e-01	5.75e-05	1.94e-06	0.00e+00	0.00e+00	0.00e+00	0.00e+00
 8.39731e+22	8.32e-01	1.68e-01	5.41e-05	1.85e-06	0.00e+00	0.00e+00	0.00e+00	0.00e+00
 8.40217e+22	8.41e-01	1.59e-01	5.11e-05	1.77e-06	0.00e+00	0.00e+00	0.00e+00	0.00e+00
 8.40745e+22	8.49e-01	1.50e-01	4.84e-05	1.70e-06	0.00e+00	0.00e+00	0.00e+00	0.00e+00
 8.41319e+22	8.58e-01	1.42e-01	4.60e-05	1.62e-06	0.00e+00	0.00e+00	0.00e+00	0.00e+00
 8.41940e+22	8.65e-01	1.35e-01	4.38e-05	1.55e-06	0.00e+00	0.00e+00	0.00e+00	0.00e+00
 8.42600e+22	8.73e-01	1.27e-01	4.19e-05	1.49e-06	0.00e+00	0.00e+00	0.00e+00	0.00e+00
 8.43276e+22	8.79e-01	1.21e-01	4.02e-05	1.43e-06	0.00e+00	0.00e+00	0.00e+00	0.00e+00
 8.43951e+22	8.85e-01	1.15e-01	3.88e-05	1.38e-06	0.00e+00	0.00e+00	0.00e+00	0.00e+00
 8.44645e+22	8.91e-01	1.09e-01	3.75e-05	1.32e-06	0.00e+00	0.00e+00	0.00e+00	0.00e+00
 8.45348e+22	8.96e-01	1.04e-01	3.64e-05	1.28e-06	0.00e+00	0.00e+00	0.00e+00	0.00e+00
 8.46056e+22	9.01e-01	9.94e-02	3.54e-05	1.24e-06	0.00e+00	0.00e+00	0.00e+00	0.00e+00
 8.46767e+22	9.05e-01	9.50e-02	3.44e-05	1.20e-06	0.00e+00	0.00e+00	0.00e+00	0.00e+00
 8.47463e+22	9.09e-01	9.10e-02	3.36e-05	1.16e-06	0.00e+00	0.00e+00	0.00e+00	0.00e+00
 8.48159e+22	9.13e-01	8.72e-02	3.28e-05	1.13e-06	0.00e+00	0.00e+00	0.00e+00	0.00e+00
 8.48853e+22	9.16e-01	8.36e-02	3.21e-05	1.10e-06	0.00e+00	0.00e+00	0.00e+00	0.00e+00
 8.49539e+22	9.20e-01	8.02e-02	3.14e-05	1.07e-06	0.00e+00	0.00e+00	0.00e+00	0.00e+00
 8.50212e+22	9.23e-01	7.70e-02	3.08e-05	1.04e-06	0.00e+00	0.00e+00	0.00e+00	0.00e+00
 8.50869e+22	9.26e-01	7.41e-02	3.02e-05	1.02e-06	0.00e+00	0.00e+00	0.00e+00	0.00e+00
 8.51510e+22	9.29e-01	7.13e-02	2.96e-05	9.92e-07	0.00e+00	0.00e+00	0.00e+00	0.00e+00
 8.52133e+22	9.31e-01	6.88e-02	2.91e-05	9.71e-07	0.00e+00	0.00e+00	0.00e+00	0.00e+00
 8.52738e+22	9.34e-01	6.64e-02	2.87e-05	9.52e-07	0.00e+00	0.00e+00	0.00e+00	0.00e+00
 8.53325e+22	9.36e-01	6.42e-02	2.82e-05	9.36e-07	0.00e+00	0.00e+00	0.00e+00	0.00e+00
 8.53893e+22	9.38e-01	6.22e-02	2.78e-05	9.21e-07	0.00e+00	0.00e+00	0.00e+00	0.00e+00
 8.54443e+22	9.40e-01	6.04e-02	2.75e-05	9.07e-07	0.00e+00	0.00e+00	0.00e+00	0.00e+00
 8.54977e+22	9.41e-01	5.86e-02	2.71e-05	8.96e-07	0.00e+00	0.00e+00	0.00e+00	0.00e+00
 8.55486e+22	9.43e-01	5.71e-02	2.68e-05	8.87e-07	0.00e+00	0.00e+00	0.00e+00	0.00e+00
 8.55985e+22	9.44e-01	5.56e-02	2.65e-05	8.79e-07	0.00e+00	0.00e+00	0.00e+00	0.00e+00
 8.56471e+22	9.46e-01	5.43e-02	2.62e-05	8.73e-07	0.00e+00	0.00e+00	0.00e+00	0.00e+00
 8.56913e+22	9.47e-01	5.32e-02	2.60e-05	8.69e-07	0.00e+00	0.00e+00	0.00e+00	0.00e+00
 8.57315e+22	9.48e-01	5.23e-02	2.58e-05	8.66e-07	0.00e+00	0.00e+00	0.00e+00	0.00e+00
 8.57681e+22	9.48e-01	5.15e-02	2.56e-05	8.65e-07	0.00e+00	0.00e+00	0.00e+00	0.00e+00
 8.58014e+22	9.49e-01	5.08e-02	2.54e-05	8.65e-07	0.00e+00	0.00e+00	0.00e+00	0.00e+00
 8.58317e+22	9.50e-01	5.02e-02	2.53e-05	8.66e-07	0.00e+00	0.00e+00	0.00e+00	0.00e+00
 8.58593e+22	9.50e-01	4.97e-02	2.51e-05	8.67e-07	0.00e+00	0.00e+00	0.00e+00	0.00e+00
 8.58895e+22	9.51e-01	4.91e-02	2.50e-05	8.68e-07	0.00e+00	0.00e+00	0.00e+00	0.00e+00
 8.59222e+22	9.52e-01	4.84e-02	2.48e-05	8.68e-07	0.00e+00	0.00e+00	0.00e+00	0.00e+00
 8.59519e+22	9.52e-01	4.80e-02	2.47e-05	8.69e-07	0.00e+00	0.00e+00	0.00e+00	0.00e+00
 8.59789e+22	9.52e-01	4.76e-02	2.46e-05	8.74e-07	0.00e+00	0.00e+00	0.00e+00	0.00e+00
 8.60035e+22	9.53e-01	4.72e-02	2.45e-05	8.76e-07	0.00e+00	0.00e+00	0.00e+00	0.00e+00
 8.60304e+22	9.53e-01	4.68e-02	2.43e-05	8.78e-07	0.00e+00	0.00e+00	0.00e+00	0.00e+00
 8.60595e+22	9.54e-01	4.63e-02	2.42e-05	8.81e-07	0.00e+00	0.00e+00	0.00e+00	0.00e+00
 8.60860e+22	9.54e-01	4.60e-02	2.41e-05	8.84e-07	0.00e+00	0.00e+00	0.00e+00	0.00e+00
 8.61150e+22	9.54e-01	4.56e-02	2.40e-05	8.88e-07	0.00e+00	0.00e+00	0.00e+00	0.00e+00
 8.61463e+22	9.55e-01	4.52e-02	2.38e-05	8.90e-07	0.00e+00	0.00e+00	0.00e+00	0.00e+00
 8.61748e+22	9.55e-01	4.49e-02	2.37e-05	8.96e-07	0.00e+00	0.00e+00	0.00e+00	0.00e+00
 8.62008e+22	9.55e-01	4.47e-02	2.36e-05	8.95e-07	0.00e+00	0.00e+00	0.00e+00	0.00e+00
 8.62292e+22	9.56e-01	4.43e-02	2.35e-05	9.00e-07	0.00e+00	0.00e+00	0.00e+00	0.00e+00
 8.62599e+22	9.56e-01	4.40e-02	2.34e-05	8.97e-07	0.00e+00	0.00e+00	0.00e+00	0.00e+00
 8.62935e+22	9.56e-01	4.35e-02	2.32e-05	8.98e-07	0.00e+00	0.00e+00	0.00e+00	0.00e+00
 8.63298e+22	9.57e-01	4.32e-02	2.31e-05	9.01e-07	0.00e+00	0.00e+00	0.00e+00	0.00e+00
 8.63628e+22	9.57e-01	4.29e-02	2.30e-05	9.09e-07	0.00e+00	0.00e+00	0.00e+00	0.00e+00
 8.63929e+22	9.57e-01	4.27e-02	2.29e-05	9.09e-07	0.00e+00	0.00e+00	0.00e+00	0.00e+00
 8.64258e+22	9.58e-01	4.24e-02	2.27e-05	9.12e-07	0.00e+00	0.00e+00	0.00e+00	0.00e+00
 8.64613e+22	9.58e-01	4.20e-02	2.26e-05	9.14e-07	0.00e+00	0.00e+00	0.00e+00	0.00e+00
 8.64937e+22	9.58e-01	4.18e-02	2.25e-05	9.17e-07	0.00e+00	0.00e+00	0.00e+00	0.00e+00
 8.65292e+22	9.59e-01	4.15e-02	2.23e-05	9.21e-07	0.00e+00	0.00e+00	0.00e+00	0.00e+00
 8.65674e+22	9.59e-01	4.11e-02	2.22e-05	9.25e-07	0.00e+00	0.00e+00	0.00e+00	0.00e+00
 8.66023e+22	9.59e-01	4.09e-02	2.21e-05	9.29e-07	0.00e+00	0.00e+00	0.00e+00	0.00e+00
 8.66340e+22	9.59e-01	4.07e-02	2.21e-05	9.35e-07	0.00e+00	0.00e+00	0.00e+00	0.00e+00
 8.66628e+22	9.59e-01	4.06e-02	2.20e-05	9.41e-07	0.00e+00	0.00e+00	0.00e+00	0.00e+00
 8.66891e+22	9.59e-01	4.05e-02	2.20e-05	9.51e-07	0.00e+00	0.00e+00	0.00e+00	0.00e+00
 8.67129e+22	9.60e-01	4.04e-02	2.19e-05	9.52e-07	0.00e+00	0.00e+00	0.00e+00	0.00e+00
 8.67391e+22	9.60e-01	4.02e-02	2.19e-05	9.57e-07	0.00e+00	0.00e+00	0.00e+00	0.00e+00
 8.67674e+22	9.60e-01	4.00e-02	2.18e-05	9.59e-07	0.00e+00	0.00e+00	0.00e+00	0.00e+00
 8.67983e+22	9.60e-01	3.97e-02	2.18e-05	9.65e-07	0.00e+00	0.00e+00	0.00e+00	0.00e+00
 8.68318e+22	9.61e-01	3.95e-02	2.17e-05	9.70e-07	0.00e+00	0.00e+00	0.00e+00	0.00e+00
 8.68622e+22	9.61e-01	3.93e-02	2.17e-05	9.77e-07	0.00e+00	0.00e+00	0.00e+00	0.00e+00
 8.68899e+22	9.61e-01	3.92e-02	2.17e-05	9.81e-07	0.00e+00	0.00e+00	0.00e+00	0.00e+00
 8.69202e+22	9.61e-01	3.89e-02	2.16e-05	9.84e-07	0.00e+00	0.00e+00	0.00e+00	0.00e+00
 8.69529e+22	9.61e-01	3.87e-02	2.15e-05	9.88e-07	0.00e+00	0.00e+00	0.00e+00	0.00e+00
 8.69827e+22	9.61e-01	3.86e-02	2.15e-05	9.97e-07	0.00e+00	0.00e+00	0.00e+00	0.00e+00
 8.70099e+22	9.62e-01	3.84e-02	2.15e-05	9.97e-07	0.00e+00	0.00e+00	0.00e+00	0.00e+00
 8.70396e+22	9.62e-01	3.82e-02	2.14e-05	1.00e-06	0.00e+00	0.00e+00	0.00e+00	0.00e+00
 8.70717e+22	9.62e-01	3.80e-02	2.13e-05	1.00e-06	0.00e+00	0.00e+00	0.00e+00	0.00e+00
 8.71008e+22	9.62e-01	3.79e-02	2.13e-05	1.01e-06	0.00e+00	0.00e+00	0.00e+00	0.00e+00
 8.71274e+22	9.62e-01	3.77e-02	2.13e-05	1.01e-06	0.00e+00	0.00e+00	0.00e+00	0.00e+00
 8.71565e+22	9.62e-01	3.75e-02	2.12e-05	1.02e-06	0.00e+00	0.00e+00	0.00e+00	0.00e+00
 8.71880e+22	9.63e-01	3.73e-02	2.11e-05	1.02e-06	0.00e+00	0.00e+00	0.00e+00	0.00e+00
 8.72224e+22	9.63e-01	3.70e-02	2.11e-05	1.02e-06	0.00e+00	0.00e+00	0.00e+00	0.00e+00
 8.72596e+22	9.63e-01	3.67e-02	2.10e-05	1.02e-06	0.00e+00	0.00e+00	0.00e+00	0.00e+00
 8.73003e+22	9.64e-01	3.64e-02	2.09e-05	1.02e-06	0.00e+00	0.00e+00	0.00e+00	0.00e+00
 8.73443e+22	9.64e-01	3.61e-02	2.08e-05	1.02e-06	0.00e+00	0.00e+00	0.00e+00	0.00e+00
 8.73843e+22	9.64e-01	3.59e-02	2.08e-05	1.02e-06	0.00e+00	0.00e+00	0.00e+00	0.00e+00
 8.74207e+22	9.64e-01	3.57e-02	2.07e-05	1.02e-06	0.00e+00	0.00e+00	0.00e+00	0.00e+00
 8.74607e+22	9.65e-01	3.54e-02	2.06e-05	1.02e-06	0.00e+00	0.00e+00	0.00e+00	0.00e+00
 8.75037e+22	9.65e-01	3.51e-02	2.05e-05	1.02e-06	0.00e+00	0.00e+00	0.00e+00	0.00e+00
 8.75429e+22	9.65e-01	3.49e-02	2.04e-05	1.02e-06	0.00e+00	0.00e+00	0.00e+00	0.00e+00
 8.75859e+22	9.65e-01	3.45e-02	2.03e-05	1.02e-06	0.00e+00	0.00e+00	0.00e+00	0.00e+00
 8.76323e+22	9.66e-01	3.43e-02	2.03e-05	1.02e-06	0.00e+00	0.00e+00	0.00e+00	0.00e+00
 8.76745e+22	9.66e-01	3.41e-02	2.02e-05	1.03e-06	0.00e+00	0.00e+00	0.00e+00	0.00e+00
 8.77129e+22	9.66e-01	3.39e-02	2.01e-05	1.02e-06	0.00e+00	0.00e+00	0.00e+00	0.00e+00
 8.77550e+22	9.66e-01	3.35e-02	2.00e-05	1.02e-06	0.00e+00	0.00e+00	0.00e+00	0.00e+00
 8.78005e+22	9.67e-01	3.33e-02	1.99e-05	1.02e-06	0.00e+00	0.00e+00	0.00e+00	0.00e+00
 8.78418e+22	9.67e-01	3.30e-02	1.98e-05	1.02e-06	0.00e+00	0.00e+00	0.00e+00	0.00e+00
 8.78871e+22	9.67e-01	3.27e-02	1.98e-05	1.02e-06	0.00e+00	0.00e+00	0.00e+00	0.00e+00
 8.79360e+22	9.68e-01	3.24e-02	1.97e-05	1.01e-06	0.00e+00	0.00e+00	0.00e+00	0.00e+00
 8.79805e+22	9.68e-01	3.22e-02	1.96e-05	1.02e-06	0.00e+00	0.00e+00	0.00e+00	0.00e+00
 8.80211e+22	9.68e-01	3.20e-02	1.95e-05	1.01e-06	0.00e+00	0.00e+00	0.00e+00	0.00e+00
 8.80654e+22	9.68e-01	3.16e-02	1.94e-05	1.01e-06	0.00e+00	0.00e+00	0.00e+00	0.00e+00
 8.81134e+22	9.69e-01	3.14e-02	1.93e-05	1.01e-06	0.00e+00	0.00e+00	0.00e+00	0.00e+00
 8.81570e+22	9.69e-01	3.12e-02	1.92e-05	1.00e-06	0.00e+00	0.00e+00	0.00e+00	0.00e+00
 8.82048e+22	9.69e-01	3.08e-02	1.91e-05	9.99e-07	0.00e+00	0.00e+00	0.00e+00	0.00e+00
 8.82564e+22	9.69e-01	3.05e-02	1.90e-05	9.96e-07	0.00e+00	0.00e+00	0.00e+00	0.00e+00
 8.83033e+22	9.70e-01	3.03e-02	1.89e-05	9.92e-07	0.00e+00	0.00e+00	0.00e+00	0.00e+00
 8.83547e+22	9.70e-01	2.99e-02	1.88e-05	9.87e-07	0.00e+00	0.00e+00	0.00e+00	0.00e+00
 8.84103e+22	9.70e-01	2.96e-02	1.87e-05	9.84e-07	0.00e+00	0.00e+00	0.00e+00	0.00e+00
 8.84608e+22	9.71e-01	2.94e-02	1.86e-05	9.79e-07	0.00e+00	0.00e+00	0.00e+00	0.00e+00
 8.85162e+22	9.71e-01	2.89e-02	1.85e-05	9.73e-07	0.00e+00	0.00e+00	0.00e+00	0.00e+00
 8.85760e+22	9.71e-01	2.86e-02	1.84e-05	9.69e-07	0.00e+00	0.00e+00	0.00e+00	0.00e+00
 8.86304e+22	9.72e-01	2.84e-02	1.83e-05	9.64e-07	0.00e+00	0.00e+00	0.00e+00	0.00e+00
 8.86900e+22	9.72e-01	2.79e-02	1.82e-05	9.54e-07	0.00e+00	0.00e+00	0.00e+00	0.00e+00
 8.87544e+22	9.72e-01	2.76e-02	1.80e-05	9.49e-07	0.00e+00	0.00e+00	0.00e+00	0.00e+00
 8.88130e+22	9.73e-01	2.74e-02	1.79e-05	9.44e-07	0.00e+00	0.00e+00	0.00e+00	0.00e+00
 8.88663e+22	9.73e-01	2.72e-02	1.78e-05	9.39e-07	0.00e+00	0.00e+00	0.00e+00	0.00e+00
 8.89247e+22	9.73e-01	2.67e-02	1.77e-05	9.29e-07	0.00e+00	0.00e+00	0.00e+00	0.00e+00
 8.89877e+22	9.74e-01	2.64e-02	1.76e-05	9.25e-07	0.00e+00	0.00e+00	0.00e+00	0.00e+00
 8.90451e+22	9.74e-01	2.62e-02	1.75e-05	9.17e-07	0.00e+00	0.00e+00	0.00e+00	0.00e+00
 8.91080e+22	9.74e-01	2.57e-02	1.73e-05	9.05e-07	0.00e+00	0.00e+00	0.00e+00	0.00e+00
 8.91758e+22	9.75e-01	2.55e-02	1.72e-05	8.97e-07	0.00e+00	0.00e+00	0.00e+00	0.00e+00
 8.92376e+22	9.75e-01	2.52e-02	1.71e-05	8.91e-07	0.00e+00	0.00e+00	0.00e+00	0.00e+00
 8.92938e+22	9.75e-01	2.50e-02	1.70e-05	8.85e-07	0.00e+00	0.00e+00	0.00e+00	0.00e+00
 8.93554e+22	9.75e-01	2.45e-02	1.69e-05	8.73e-07	0.00e+00	0.00e+00	0.00e+00	0.00e+00
 8.94219e+22	9.76e-01	2.43e-02	1.67e-05	8.67e-07	0.00e+00	0.00e+00	0.00e+00	0.00e+00
 8.94824e+22	9.76e-01	2.41e-02	1.66e-05	8.59e-07	0.00e+00	0.00e+00	0.00e+00	0.00e+00
 8.95487e+22	9.76e-01	2.36e-02	1.65e-05	8.45e-07	0.00e+00	0.00e+00	0.00e+00	0.00e+00
 8.96203e+22	9.77e-01	2.33e-02	1.64e-05	8.39e-07	0.00e+00	0.00e+00	0.00e+00	0.00e+00
 8.96855e+22	9.77e-01	2.31e-02	1.62e-05	8.30e-07	0.00e+00	0.00e+00	0.00e+00	0.00e+00
 8.97568e+22	9.77e-01	2.26e-02	1.61e-05	8.14e-07	0.00e+00	0.00e+00	0.00e+00	0.00e+00
 8.98339e+22	9.78e-01	2.23e-02	1.59e-05	8.05e-07	0.00e+00	0.00e+00	0.00e+00	0.00e+00
 8.99040e+22	9.78e-01	2.21e-02	1.58e-05	7.98e-07	0.00e+00	0.00e+00	0.00e+00	0.00e+00
 8.99679e+22	9.78e-01	2.19e-02	1.57e-05	7.90e-07	0.00e+00	0.00e+00	0.00e+00	0.00e+00
 9.00378e+22	9.79e-01	2.14e-02	1.55e-05	7.75e-07	0.00e+00	0.00e+00	0.00e+00	0.00e+00
 9.01133e+22	9.79e-01	2.12e-02	1.54e-05	7.66e-07	0.00e+00	0.00e+00	0.00e+00	0.00e+00
 9.01820e+22	9.79e-01	2.09e-02	1.53e-05	7.59e-07	0.00e+00	0.00e+00	0.00e+00	0.00e+00
 9.02445e+22	9.79e-01	2.08e-02	1.52e-05	7.52e-07	0.00e+00	0.00e+00	0.00e+00	0.00e+00
 9.03130e+22	9.80e-01	2.03e-02	1.50e-05	7.36e-07	0.00e+00	0.00e+00	0.00e+00	0.00e+00
 9.03870e+22	9.80e-01	2.01e-02	1.49e-05	7.28e-07	0.00e+00	0.00e+00	0.00e+00	0.00e+00
 9.04543e+22	9.80e-01	1.99e-02	1.48e-05	7.20e-07	0.00e+00	0.00e+00	0.00e+00	0.00e+00
