#depth	Si	Si+	Si+2	Si+3	Si+4	Si+5	Si+6	Si+7	Si+8	Si+9	Si+10	Si+11	Si+12	Si+13	Si+14
 4.62852e+21	0.00e+00	6.51e-29	2.44e-24	1.61e-20	1.87e-16	3.18e-13	1.62e-10	2.64e-08	1.75e-06	4.82e-05	6.60e-04	7.60e-03	1.91e-01	4.64e-01	3.37e-01
 1.03955e+22	0.00e+00	7.51e-27	1.66e-22	7.61e-19	8.94e-15	1.05e-11	3.67e-09	4.05e-07	1.84e-05	3.31e-04	2.75e-03	1.94e-02	3.04e-01	4.62e-01	2.11e-01
 1.20872e+22	0.00e+00	1.15e-25	1.87e-21	6.17e-18	6.48e-14	6.46e-11	1.88e-08	1.70e-06	6.38e-05	9.10e-04	5.74e-03	3.07e-02	3.71e-01	4.36e-01	1.55e-01
 1.29169e+22	0.00e+00	4.83e-25	6.59e-21	1.80e-17	1.83e-13	1.69e-10	4.51e-08	3.66e-06	1.24e-04	1.56e-03	8.47e-03	3.87e-02	4.07e-01	4.16e-01	1.28e-01
 1.32626e+22	0.00e+00	7.00e-25	9.09e-21	2.37e-17	2.38e-13	2.17e-10	5.65e-08	4.47e-06	1.48e-04	1.80e-03	9.36e-03	4.11e-02	4.16e-01	4.09e-01	1.22e-01
 1.33810e+22	0.00e+00	9.13e-25	1.15e-20	2.88e-17	2.89e-13	2.59e-10	6.66e-08	5.17e-06	1.67e-04	1.99e-03	1.01e-02	4.29e-02	4.23e-01	4.05e-01	1.17e-01
 1.34943e+22	0.00e+00	1.29e-24	1.55e-20	3.70e-17	3.70e-13	3.28e-10	8.24e-08	6.24e-06	1.97e-04	2.27e-03	1.11e-02	4.53e-02	4.31e-01	3.98e-01	1.12e-01
 1.36065e+22	0.00e+00	1.67e-24	1.93e-20	4.45e-17	4.45e-13	3.90e-10	9.67e-08	7.18e-06	2.22e-04	2.50e-03	1.19e-02	4.72e-02	4.37e-01	3.93e-01	1.07e-01
 1.37020e+22	0.00e+00	2.15e-24	2.41e-20	5.35e-17	5.35e-13	4.64e-10	1.13e-07	8.26e-06	2.51e-04	2.76e-03	1.27e-02	4.91e-02	4.43e-01	3.88e-01	1.03e-01
 1.38108e+22	0.00e+00	3.01e-24	3.21e-20	6.79e-17	6.80e-13	5.82e-10	1.40e-07	9.93e-06	2.94e-04	3.14e-03	1.39e-02	5.18e-02	4.51e-01	3.82e-01	9.81e-02
 1.39191e+22	0.00e+00	3.88e-24	3.99e-20	8.13e-17	8.16e-13	6.92e-10	1.64e-07	1.14e-05	3.32e-04	3.46e-03	1.49e-02	5.38e-02	4.57e-01	3.76e-01	9.42e-02
 1.40266e+22	0.00e+00	5.41e-24	5.30e-20	1.03e-16	1.04e-12	8.69e-10	2.02e-07	1.37e-05	3.90e-04	3.93e-03	1.64e-02	5.67e-02	4.64e-01	3.69e-01	8.92e-02
 1.41360e+22	0.00e+00	7.01e-24	6.62e-20	1.23e-16	1.25e-12	1.04e-09	2.39e-07	1.59e-05	4.42e-04	4.35e-03	1.76e-02	5.90e-02	4.70e-01	3.63e-01	8.54e-02
 1.42477e+22	0.00e+00	9.89e-24	8.88e-20	1.57e-16	1.60e-12	1.32e-09	2.97e-07	1.93e-05	5.21e-04	4.96e-03	1.93e-02	6.22e-02	4.77e-01	3.55e-01	8.05e-02
 1.43603e+22	0.00e+00	1.29e-23	1.11e-19	1.89e-16	1.94e-12	1.58e-09	3.52e-07	2.24e-05	5.93e-04	5.51e-03	2.08e-02	6.47e-02	4.83e-01	3.49e-01	7.67e-02
 1.44742e+22	0.00e+00	1.83e-23	1.49e-19	2.40e-16	2.49e-12	2.02e-09	4.41e-07	2.73e-05	7.03e-04	6.30e-03	2.28e-02	6.82e-02	4.90e-01	3.40e-01	7.20e-02
 1.45853e+22	0.00e+00	2.34e-23	1.84e-19	2.84e-16	2.98e-12	2.39e-09	5.17e-07	3.14e-05	7.92e-04	6.93e-03	2.44e-02	7.08e-02	4.94e-01	3.34e-01	6.88e-02
 1.46927e+22	0.00e+00	3.23e-23	2.42e-19	3.53e-16	3.76e-12	3.00e-09	6.38e-07	3.78e-05	9.27e-04	7.86e-03	2.67e-02	7.42e-02	5.00e-01	3.25e-01	6.47e-02
 1.48021e+22	0.00e+00	4.15e-23	2.99e-19	4.19e-16	4.51e-12	3.58e-09	7.52e-07	4.36e-05	1.05e-03	8.66e-03	2.86e-02	7.70e-02	5.04e-01	3.19e-01	6.16e-02
 1.49141e+22	0.00e+00	5.76e-23	3.93e-19	5.22e-16	5.71e-12	4.50e-09	9.32e-07	5.27e-05	1.23e-03	9.84e-03	3.12e-02	8.08e-02	5.10e-01	3.10e-01	5.76e-02
 1.50260e+22	0.00e+00	7.34e-23	4.82e-19	6.14e-16	6.81e-12	5.35e-09	1.09e-06	6.06e-05	1.39e-03	1.08e-02	3.33e-02	8.36e-02	5.13e-01	3.03e-01	5.48e-02
 1.51378e+22	0.00e+00	1.01e-22	6.29e-19	7.59e-16	8.59e-12	6.70e-09	1.35e-06	7.30e-05	1.62e-03	1.22e-02	3.64e-02	8.75e-02	5.17e-01	2.94e-01	5.12e-02
 1.52511e+22	0.00e+00	1.28e-22	7.69e-19	8.91e-16	1.02e-11	7.94e-09	1.58e-06	8.38e-05	1.82e-03	1.34e-02	3.87e-02	9.05e-02	5.20e-01	2.87e-01	4.86e-02
 1.53664e+22	0.00e+00	1.76e-22	1.00e-18	1.10e-15	1.29e-11	9.94e-09	1.95e-06	1.01e-04	2.13e-03	1.52e-02	4.22e-02	9.45e-02	5.23e-01	2.78e-01	4.52e-02
 1.54843e+22	0.00e+00	2.24e-22	1.23e-18	1.29e-15	1.53e-11	1.18e-08	2.29e-06	1.16e-04	2.39e-03	1.66e-02	4.49e-02	9.76e-02	5.25e-01	2.71e-01	4.28e-02
 1.56054e+22	0.00e+00	3.07e-22	1.59e-18	1.58e-15	1.93e-11	1.48e-08	2.82e-06	1.39e-04	2.79e-03	1.87e-02	4.88e-02	1.02e-01	5.27e-01	2.61e-01	3.97e-02
 1.57302e+22	0.00e+00	3.94e-22	1.96e-18	1.87e-15	2.31e-11	1.76e-08	3.33e-06	1.61e-04	3.14e-03	2.06e-02	5.21e-02	1.05e-01	5.28e-01	2.53e-01	3.74e-02
 1.58410e+22	0.00e+00	5.00e-22	2.40e-18	2.19e-15	2.75e-11	2.09e-08	3.90e-06	1.85e-04	3.53e-03	2.25e-02	5.54e-02	1.08e-01	5.29e-01	2.46e-01	3.52e-02
 1.59663e+22	0.00e+00	6.77e-22	3.08e-18	2.67e-15	3.42e-11	2.59e-08	4.77e-06	2.20e-04	4.08e-03	2.52e-02	5.98e-02	1.12e-01	5.29e-01	2.37e-01	3.26e-02
 1.60930e+22	2.30e-35	8.56e-22	3.75e-18	3.11e-15	4.05e-11	3.06e-08	5.56e-06	2.52e-04	4.56e-03	2.75e-02	6.34e-02	1.16e-01	5.29e-01	2.29e-01	3.07e-02
 1.62216e+22	3.31e-35	1.15e-21	4.80e-18	3.78e-15	5.03e-11	3.77e-08	6.77e-06	3.00e-04	5.26e-03	3.07e-02	6.82e-02	1.20e-01	5.27e-01	2.20e-01	2.83e-02
 1.63540e+22	4.44e-35	1.46e-21	5.86e-18	4.43e-15	5.97e-11	4.47e-08	7.92e-06	3.44e-04	5.88e-03	3.34e-02	7.23e-02	1.23e-01	5.26e-01	2.13e-01	2.65e-02
 1.64728e+22	5.91e-35	1.85e-21	7.12e-18	5.16e-15	7.06e-11	5.26e-08	9.22e-06	3.93e-04	6.56e-03	3.64e-02	7.64e-02	1.26e-01	5.24e-01	2.05e-01	2.48e-02
 1.66089e+22	8.50e-35	2.49e-21	9.12e-18	6.26e-15	8.73e-11	6.47e-08	1.12e-05	4.65e-04	7.53e-03	4.04e-02	8.19e-02	1.30e-01	5.21e-01	1.96e-01	2.28e-02
 1.67458e+22	1.12e-34	3.13e-21	1.10e-17	7.28e-15	1.03e-10	7.58e-08	1.30e-05	5.29e-04	8.36e-03	4.37e-02	8.63e-02	1.33e-01	5.18e-01	1.89e-01	2.13e-02
 1.68839e+22	1.60e-34	4.19e-21	1.41e-17	8.80e-15	1.26e-10	9.28e-08	1.57e-05	6.24e-04	9.55e-03	4.84e-02	9.22e-02	1.37e-01	5.13e-01	1.80e-01	1.95e-02
 1.70242e+22	2.11e-34	5.25e-21	1.70e-17	1.02e-14	1.48e-10	1.08e-07	1.81e-05	7.07e-04	1.06e-02	5.22e-02	9.68e-02	1.40e-01	5.09e-01	1.73e-01	1.82e-02
 1.71454e+22	2.73e-34	6.49e-21	2.03e-17	1.18e-14	1.72e-10	1.25e-07	2.07e-05	7.95e-04	1.16e-02	5.61e-02	1.01e-01	1.42e-01	5.04e-01	1.67e-01	1.70e-02
 1.72808e+22	3.80e-34	8.54e-21	2.55e-17	1.41e-14	2.08e-10	1.51e-07	2.46e-05	9.25e-04	1.31e-02	6.14e-02	1.07e-01	1.45e-01	4.98e-01	1.58e-01	1.56e-02
 1.74159e+22	4.87e-34	1.05e-20	3.03e-17	1.61e-14	2.39e-10	1.73e-07	2.79e-05	1.03e-03	1.43e-02	6.56e-02	1.12e-01	1.48e-01	4.93e-01	1.52e-01	1.46e-02
 1.75505e+22	6.68e-34	1.36e-20	3.78e-17	1.92e-14	2.86e-10	2.06e-07	3.29e-05	1.19e-03	1.60e-02	7.13e-02	1.18e-01	1.50e-01	4.85e-01	1.45e-01	1.34e-02
 1.76880e+22	8.61e-34	1.68e-20	4.50e-17	2.21e-14	3.30e-10	2.37e-07	3.74e-05	1.33e-03	1.75e-02	7.62e-02	1.22e-01	1.52e-01	4.79e-01	1.39e-01	1.24e-02
 1.78292e+22	1.19e-33	2.21e-20	5.65e-17	2.63e-14	3.97e-10	2.83e-07	4.42e-05	1.54e-03	1.96e-02	8.29e-02	1.29e-01	1.55e-01	4.70e-01	1.31e-01	1.13e-02
 1.79713e+22	1.53e-33	2.71e-20	6.72e-17	3.03e-14	4.56e-10	3.24e-07	5.00e-05	1.71e-03	2.14e-02	8.80e-02	1.34e-01	1.57e-01	4.63e-01	1.25e-01	1.05e-02
 1.81147e+22	2.11e-33	3.55e-20	8.41e-17	3.61e-14	5.45e-10	3.85e-07	5.87e-05	1.97e-03	2.38e-02	9.54e-02	1.40e-01	1.59e-01	4.53e-01	1.18e-01	9.54e-03
 1.82548e+22	2.64e-33	4.30e-20	9.89e-17	4.11e-14	6.18e-10	4.35e-07	6.56e-05	2.17e-03	2.57e-02	1.01e-01	1.44e-01	1.60e-01	4.45e-01	1.13e-01	8.91e-03
 1.83906e+22	3.55e-33	5.51e-20	1.22e-16	4.85e-14	7.27e-10	5.09e-07	7.59e-05	2.46e-03	2.83e-02	1.08e-01	1.50e-01	1.61e-01	4.35e-01	1.07e-01	8.12e-03
 1.85299e+22	4.50e-33	6.72e-20	1.44e-16	5.56e-14	8.28e-10	5.76e-07	8.51e-05	2.72e-03	3.06e-02	1.14e-01	1.55e-01	1.62e-01	4.27e-01	1.02e-01	7.53e-03
 1.86740e+22	6.12e-33	8.70e-20	1.79e-16	6.60e-14	9.77e-10	6.76e-07	9.87e-05	3.09e-03	3.37e-02	1.22e-01	1.60e-01	1.63e-01	4.15e-01	9.55e-02	6.81e-03
 1.88197e+22	7.74e-33	1.06e-19	2.12e-16	7.57e-14	1.11e-09	7.65e-07	1.10e-04	3.41e-03	3.63e-02	1.28e-01	1.65e-01	1.63e-01	4.06e-01	9.08e-02	6.30e-03
 1.89675e+22	1.05e-32	1.38e-19	2.64e-16	9.01e-14	1.31e-09	8.96e-07	1.28e-04	3.86e-03	3.99e-02	1.37e-01	1.70e-01	1.64e-01	3.94e-01	8.48e-02	5.68e-03
 1.91180e+22	1.34e-32	1.69e-19	3.15e-16	1.04e-13	1.49e-09	1.01e-06	1.43e-04	4.25e-03	4.29e-02	1.44e-01	1.75e-01	1.64e-01	3.84e-01	8.04e-02	5.23e-03
 1.92721e+22	1.82e-32	2.21e-19	3.94e-16	1.24e-13	1.76e-09	1.19e-06	1.65e-04	4.82e-03	4.71e-02	1.53e-01	1.80e-01	1.64e-01	3.71e-01	7.48e-02	4.69e-03
 1.94294e+22	2.33e-32	2.72e-19	4.71e-16	1.44e-13	2.01e-09	1.34e-06	1.85e-04	5.31e-03	5.06e-02	1.61e-01	1.84e-01	1.63e-01	3.61e-01	7.06e-02	4.30e-03
 1.95909e+22	3.20e-32	3.57e-19	5.94e-16	1.73e-13	2.38e-09	1.57e-06	2.14e-04	6.00e-03	5.54e-02	1.71e-01	1.89e-01	1.62e-01	3.47e-01	6.54e-02	3.83e-03
 1.97570e+22	4.14e-32	4.46e-19	7.17e-16	2.02e-13	2.72e-09	1.79e-06	2.40e-04	6.62e-03	5.96e-02	1.79e-01	1.93e-01	1.61e-01	3.36e-01	6.13e-02	3.48e-03
 1.99290e+22	5.75e-32	5.90e-19	9.12e-16	2.45e-13	3.24e-09	2.11e-06	2.78e-04	7.49e-03	6.52e-02	1.90e-01	1.97e-01	1.60e-01	3.21e-01	5.64e-02	3.08e-03
 2.00962e+22	7.27e-32	7.22e-19	1.09e-15	2.83e-13	3.67e-09	2.36e-06	3.08e-04	8.17e-03	6.94e-02	1.97e-01	2.00e-01	1.58e-01	3.11e-01	5.30e-02	2.82e-03
 2.02570e+22	9.90e-32	9.39e-19	1.36e-15	3.39e-13	4.29e-09	2.74e-06	3.52e-04	9.15e-03	7.53e-02	2.07e-01	2.03e-01	1.56e-01	2.97e-01	4.88e-02	2.50e-03
 2.04210e+22	1.26e-31	1.16e-18	1.62e-15	3.93e-13	4.87e-09	3.08e-06	3.91e-04	9.97e-03	8.00e-02	2.15e-01	2.06e-01	1.54e-01	2.86e-01	4.57e-02	2.27e-03
 2.05891e+22	1.70e-31	1.49e-18	2.03e-15	4.71e-13	5.70e-09	3.56e-06	4.44e-04	1.11e-02	8.62e-02	2.25e-01	2.08e-01	1.52e-01	2.73e-01	4.20e-02	2.02e-03
 2.07667e+22	2.24e-31	1.89e-18	2.49e-15	5.57e-13	6.57e-09	4.05e-06	4.99e-04	1.22e-02	9.22e-02	2.34e-01	2.10e-01	1.49e-01	2.61e-01	3.88e-02	1.80e-03
 2.09298e+22	2.90e-31	2.36e-18	3.01e-15	6.52e-13	7.51e-09	4.58e-06	5.55e-04	1.33e-02	9.81e-02	2.42e-01	2.12e-01	1.47e-01	2.50e-01	3.60e-02	1.62e-03
 2.11150e+22	4.01e-31	3.12e-18	3.83e-15	7.94e-13	8.87e-09	5.33e-06	6.34e-04	1.49e-02	1.06e-01	2.53e-01	2.13e-01	1.43e-01	2.36e-01	3.27e-02	1.42e-03
 2.13112e+22	5.42e-31	4.03e-18	4.77e-15	9.52e-13	1.03e-08	6.12e-06	7.16e-04	1.64e-02	1.13e-01	2.62e-01	2.14e-01	1.39e-01	2.23e-01	2.99e-02	1.25e-03
 2.14931e+22	7.17e-31	5.12e-18	5.88e-15	1.13e-12	1.19e-08	6.97e-06	8.02e-04	1.80e-02	1.20e-01	2.71e-01	2.14e-01	1.36e-01	2.11e-01	2.73e-02	1.11e-03
 2.16701e+22	9.40e-31	6.45e-18	7.18e-15	1.33e-12	1.37e-08	7.88e-06	8.92e-04	1.96e-02	1.27e-01	2.79e-01	2.14e-01	1.33e-01	2.01e-01	2.51e-02	9.83e-04
 2.18695e+22	1.31e-30	8.60e-18	9.22e-15	1.64e-12	1.62e-08	9.18e-06	1.02e-03	2.18e-02	1.36e-01	2.88e-01	2.14e-01	1.28e-01	1.87e-01	2.25e-02	8.45e-04
 2.20716e+22	1.75e-30	1.10e-17	1.14e-14	1.94e-12	1.87e-08	1.04e-05	1.14e-03	2.39e-02	1.44e-01	2.96e-01	2.13e-01	1.24e-01	1.76e-01	2.04e-02	7.41e-04
 2.22471e+22	2.27e-30	1.37e-17	1.38e-14	2.28e-12	2.13e-08	1.17e-05	1.26e-03	2.58e-02	1.52e-01	3.03e-01	2.12e-01	1.20e-01	1.66e-01	1.87e-02	6.56e-04
 2.24451e+22	3.15e-30	1.82e-17	1.76e-14	2.79e-12	2.51e-08	1.36e-05	1.42e-03	2.85e-02	1.62e-01	3.12e-01	2.10e-01	1.15e-01	1.54e-01	1.67e-02	5.62e-04
 2.26504e+22	4.20e-30	2.32e-17	2.18e-14	3.32e-12	2.89e-08	1.54e-05	1.59e-03	3.11e-02	1.71e-01	3.18e-01	2.07e-01	1.11e-01	1.44e-01	1.50e-02	4.89e-04
 2.28345e+22	5.48e-30	2.92e-17	2.66e-14	3.91e-12	3.31e-08	1.73e-05	1.75e-03	3.36e-02	1.79e-01	3.24e-01	2.05e-01	1.07e-01	1.35e-01	1.36e-02	4.29e-04
 2.30429e+22	7.73e-30	3.93e-17	3.43e-14	4.81e-12	3.91e-08	2.00e-05	1.99e-03	3.71e-02	1.90e-01	3.31e-01	2.01e-01	1.02e-01	1.24e-01	1.19e-02	3.60e-04
 2.32561e+22	1.03e-29	5.03e-17	4.24e-14	5.71e-12	4.47e-08	2.26e-05	2.21e-03	4.03e-02	1.99e-01	3.37e-01	1.98e-01	9.73e-02	1.15e-01	1.07e-02	3.10e-04
 2.34465e+22	1.35e-29	6.36e-17	5.20e-14	6.76e-12	5.12e-08	2.55e-05	2.44e-03	4.35e-02	2.08e-01	3.41e-01	1.94e-01	9.31e-02	1.07e-01	9.60e-03	2.69e-04
 2.36651e+22	1.93e-29	8.69e-17	6.78e-14	8.37e-12	6.06e-08	2.96e-05	2.77e-03	4.81e-02	2.21e-01	3.47e-01	1.89e-01	8.75e-02	9.68e-02	8.27e-03	2.21e-04
 2.38853e+22	2.53e-29	1.10e-16	8.33e-14	9.91e-12	6.93e-08	3.32e-05	3.05e-03	5.19e-02	2.30e-01	3.50e-01	1.85e-01	8.33e-02	8.96e-02	7.38e-03	1.90e-04
 2.41077e+22	3.62e-29	1.51e-16	1.09e-13	1.23e-11	8.19e-08	3.85e-05	3.47e-03	5.72e-02	2.42e-01	3.54e-01	1.79e-01	7.79e-02	8.04e-02	6.30e-03	1.55e-04
 2.43326e+22	4.76e-29	1.93e-16	1.34e-13	1.46e-11	9.36e-08	4.33e-05	3.82e-03	6.17e-02	2.52e-01	3.56e-01	1.74e-01	7.37e-02	7.38e-02	5.57e-03	1.32e-04
 2.45609e+22	6.83e-29	2.67e-16	1.77e-13	1.81e-11	1.11e-07	5.01e-05	4.33e-03	6.80e-02	2.65e-01	3.57e-01	1.67e-01	6.84e-02	6.57e-02	4.71e-03	1.06e-04
 2.47925e+22	9.01e-29	3.43e-16	2.19e-13	2.16e-11	1.27e-07	5.63e-05	4.77e-03	7.31e-02	2.75e-01	3.58e-01	1.61e-01	6.44e-02	6.00e-02	4.13e-03	8.94e-05
 2.49871e+22	1.16e-28	4.32e-16	2.66e-13	2.53e-11	1.43e-07	6.25e-05	5.21e-03	7.83e-02	2.84e-01	3.58e-01	1.56e-01	6.08e-02	5.49e-02	3.64e-03	7.59e-05
 2.51707e+22	1.48e-28	5.41e-16	3.22e-13	2.95e-11	1.60e-07	6.92e-05	5.66e-03	8.34e-02	2.92e-01	3.57e-01	1.50e-01	5.74e-02	5.04e-02	3.22e-03	6.48e-05
 2.53810e+22	2.05e-28	7.31e-16	4.14e-13	3.60e-11	1.86e-07	7.89e-05	6.33e-03	9.09e-02	3.04e-01	3.55e-01	1.43e-01	5.30e-02	4.47e-02	2.72e-03	5.21e-05
 2.55916e+22	2.62e-28	9.18e-16	5.03e-13	4.21e-11	2.10e-07	8.72e-05	6.88e-03	9.68e-02	3.12e-01	3.53e-01	1.38e-01	4.99e-02	4.08e-02	2.39e-03	4.42e-05
 2.58025e+22	3.60e-28	1.24e-15	6.48e-13	5.15e-11	2.44e-07	9.93e-05	7.67e-03	1.05e-01	3.23e-01	3.49e-01	1.30e-01	4.59e-02	3.60e-02	2.01e-03	3.53e-05
 2.60178e+22	4.63e-28	1.58e-15	7.93e-13	6.07e-11	2.76e-07	1.10e-04	8.36e-03	1.12e-01	3.32e-01	3.46e-01	1.25e-01	4.29e-02	3.26e-02	1.75e-03	2.95e-05
 2.62390e+22	6.39e-28	2.17e-15	1.04e-12	7.52e-11	3.23e-07	1.26e-04	9.34e-03	1.22e-01	3.42e-01	3.40e-01	1.17e-01	3.91e-02	2.85e-02	1.45e-03	2.32e-05
 2.64651e+22	8.33e-28	2.81e-15	1.29e-12	8.96e-11	3.68e-07	1.41e-04	1.02e-02	1.30e-01	3.51e-01	3.35e-01	1.11e-01	3.62e-02	2.54e-02	1.24e-03	1.91e-05
 2.66979e+22	1.16e-27	3.94e-15	1.71e-12	1.13e-10	4.36e-07	1.62e-04	1.15e-02	1.42e-01	3.61e-01	3.27e-01	1.03e-01	3.27e-02	2.19e-02	1.01e-03	1.47e-05
 2.69349e+22	1.52e-27	5.17e-15	2.15e-12	1.36e-10	5.01e-07	1.82e-04	1.26e-02	1.52e-01	3.68e-01	3.20e-01	9.68e-02	3.01e-02	1.94e-02	8.55e-04	1.19e-05
 2.71768e+22	2.13e-27	7.40e-15	2.91e-12	1.74e-10	6.00e-07	2.12e-04	1.42e-02	1.66e-01	3.77e-01	3.10e-01	8.88e-02	2.68e-02	1.65e-02	6.83e-04	8.94e-06
 2.74201e+22	2.78e-27	9.79e-15	3.68e-12	2.11e-10	6.93e-07	2.38e-04	1.55e-02	1.77e-01	3.84e-01	3.01e-01	8.28e-02	2.45e-02	1.44e-02	5.73e-04	7.16e-06
 2.76565e+22	3.79e-27	1.38e-14	4.92e-12	2.67e-10	8.27e-07	2.75e-04	1.74e-02	1.92e-01	3.90e-01	2.90e-01	7.57e-02	2.19e-02	1.23e-02	4.59e-04	5.42e-06
 2.78958e+22	4.98e-27	1.85e-14	6.30e-12	3.28e-10	9.64e-07	3.10e-04	1.91e-02	2.05e-01	3.95e-01	2.80e-01	7.00e-02	1.98e-02	1.07e-02	3.80e-04	4.28e-06
 2.81130e+22	6.42e-27	2.47e-14	8.04e-12	4.02e-10	1.12e-06	3.50e-04	2.09e-02	2.18e-01	3.99e-01	2.70e-01	6.46e-02	1.80e-02	9.28e-03	3.15e-04	3.39e-06
 2.83196e+22	8.20e-27	3.22e-14	1.01e-11	4.85e-10	1.29e-06	3.91e-04	2.27e-02	2.30e-01	4.02e-01	2.60e-01	5.98e-02	1.64e-02	8.14e-03	2.65e-04	2.72e-06
 2.85412e+22	1.09e-26	4.47e-14	1.33e-11	6.14e-10	1.54e-06	4.49e-04	2.52e-02	2.47e-01	4.04e-01	2.48e-01	5.42e-02	1.45e-02	6.89e-03	2.12e-04	2.07e-06
 2.87600e+22	1.39e-26	5.78e-14	1.66e-11	7.40e-10	1.77e-06	5.00e-04	2.73e-02	2.60e-01	4.05e-01	2.38e-01	5.01e-02	1.32e-02	6.05e-03	1.78e-04	1.67e-06
 2.89803e+22	1.86e-26	8.05e-14	2.21e-11	9.42e-10	2.13e-06	5.75e-04	3.02e-02	2.77e-01	4.05e-01	2.25e-01	4.51e-02	1.17e-02	5.09e-03	1.42e-04	1.26e-06
 2.92003e+22	2.35e-26	1.04e-13	2.75e-11	1.13e-09	2.45e-06	6.41e-04	3.26e-02	2.91e-01	4.04e-01	2.15e-01	4.15e-02	1.06e-02	4.45e-03	1.19e-04	1.01e-06
 2.94212e+22	3.15e-26	1.44e-13	3.66e-11	1.45e-09	2.95e-06	7.37e-04	3.60e-02	3.09e-01	4.02e-01	2.02e-01	3.71e-02	9.32e-03	3.72e-03	9.43e-05	7.58e-07
 2.96424e+22	3.99e-26	1.86e-13	4.55e-11	1.75e-09	3.40e-06	8.19e-04	3.88e-02	3.23e-01	4.00e-01	1.92e-01	3.40e-02	8.43e-03	3.24e-03	7.89e-05	6.08e-07
 2.98638e+22	5.38e-26	2.57e-13	6.04e-11	2.23e-09	4.09e-06	9.41e-04	4.27e-02	3.41e-01	3.95e-01	1.80e-01	3.03e-02	7.38e-03	2.70e-03	6.22e-05	4.54e-07
 3.00862e+22	6.84e-26	3.29e-13	7.50e-11	2.69e-09	4.71e-06	1.05e-03	4.58e-02	3.55e-01	3.91e-01	1.70e-01	2.76e-02	6.65e-03	2.35e-03	5.18e-05	3.63e-07
 3.03098e+22	9.29e-26	4.54e-13	9.94e-11	3.43e-09	5.68e-06	1.20e-03	5.03e-02	3.73e-01	3.85e-01	1.58e-01	2.44e-02	5.79e-03	1.95e-03	4.07e-05	2.70e-07
 3.05350e+22	1.19e-25	5.80e-13	1.23e-10	4.14e-09	6.55e-06	1.33e-03	5.39e-02	3.87e-01	3.79e-01	1.49e-01	2.22e-02	5.20e-03	1.68e-03	3.38e-05	2.15e-07
 3.07623e+22	1.62e-25	7.97e-13	1.63e-10	5.29e-09	7.88e-06	1.52e-03	5.89e-02	4.05e-01	3.71e-01	1.38e-01	1.95e-02	4.50e-03	1.39e-03	2.64e-05	1.59e-07
 3.09926e+22	2.09e-25	1.02e-12	2.03e-10	6.39e-09	9.11e-06	1.69e-03	6.31e-02	4.19e-01	3.64e-01	1.30e-01	1.77e-02	4.02e-03	1.19e-03	2.17e-05	1.25e-07
 3.12267e+22	2.91e-25	1.40e-12	2.69e-10	8.19e-09	1.10e-05	1.93e-03	6.89e-02	4.36e-01	3.54e-01	1.19e-01	1.54e-02	3.45e-03	9.77e-04	1.68e-05	0.00e+00
 3.14644e+22	3.78e-25	1.79e-12	3.34e-10	9.92e-09	1.27e-05	2.14e-03	7.36e-02	4.49e-01	3.46e-01	1.11e-01	1.39e-02	3.07e-03	8.35e-04	1.37e-05	0.00e+00
 3.17068e+22	5.32e-25	2.47e-12	4.45e-10	1.28e-08	1.54e-05	2.45e-03	8.01e-02	4.66e-01	3.34e-01	1.01e-01	1.20e-02	2.61e-03	6.76e-04	1.05e-05	0.00e+00
 3.19542e+22	7.01e-25	3.16e-12	5.55e-10	1.55e-08	1.78e-05	2.72e-03	8.55e-02	4.79e-01	3.25e-01	9.42e-02	1.07e-02	2.30e-03	5.74e-04	8.53e-06	0.00e+00
 3.22084e+22	1.00e-24	4.36e-12	7.41e-10	2.01e-08	2.16e-05	3.12e-03	9.30e-02	4.95e-01	3.12e-01	8.52e-02	9.23e-03	1.95e-03	4.60e-04	6.45e-06	0.00e+00
 3.24650e+22	1.33e-24	5.57e-12	9.24e-10	2.43e-08	2.50e-05	3.45e-03	9.89e-02	5.06e-01	3.02e-01	7.89e-02	8.22e-03	1.71e-03	3.88e-04	5.21e-06	0.00e+00
 3.26829e+22	1.73e-24	6.99e-12	1.13e-09	2.92e-08	2.87e-05	3.79e-03	1.05e-01	5.16e-01	2.93e-01	7.32e-02	7.36e-03	1.51e-03	3.31e-04	4.25e-06	0.00e+00
 3.29247e+22	2.42e-24	9.35e-12	1.47e-09	3.69e-08	3.42e-05	4.28e-03	1.13e-01	5.29e-01	2.80e-01	6.64e-02	6.36e-03	1.29e-03	2.69e-04	3.27e-06	0.00e+00
 3.31565e+22	3.07e-24	1.14e-11	1.76e-09	4.33e-08	3.85e-05	4.65e-03	1.18e-01	5.36e-01	2.72e-01	6.20e-02	5.76e-03	1.15e-03	2.33e-04	2.73e-06	0.00e+00
 3.33756e+22	4.16e-24	1.47e-11	2.22e-09	5.32e-08	4.50e-05	5.17e-03	1.26e-01	5.46e-01	2.61e-01	5.66e-02	5.04e-03	9.93e-04	1.92e-04	2.15e-06	0.00e+00
 3.35975e+22	5.29e-24	1.80e-11	2.67e-09	6.25e-08	5.08e-05	5.61e-03	1.32e-01	5.53e-01	2.52e-01	5.27e-02	4.55e-03	8.84e-04	1.66e-04	1.78e-06	0.00e+00
 3.38233e+22	7.21e-24	2.33e-11	3.37e-09	7.72e-08	5.94e-05	6.24e-03	1.40e-01	5.61e-01	2.40e-01	4.78e-02	3.96e-03	7.58e-04	1.36e-04	1.39e-06	0.00e+00
 3.40505e+22	9.18e-24	2.83e-11	4.03e-09	9.04e-08	6.69e-05	6.75e-03	1.46e-01	5.66e-01	2.32e-01	4.45e-02	3.57e-03	6.75e-04	1.17e-04	1.15e-06	0.00e+00
 3.42794e+22	1.25e-23	3.65e-11	5.08e-09	1.12e-07	7.81e-05	7.50e-03	1.55e-01	5.73e-01	2.20e-01	4.03e-02	3.10e-03	5.77e-04	9.60e-05	8.97e-07	0.00e+00
 3.45112e+22	1.60e-23	4.43e-11	6.08e-09	1.31e-07	8.79e-05	8.11e-03	1.62e-01	5.77e-01	2.12e-01	3.74e-02	2.78e-03	5.12e-04	8.24e-05	7.41e-07	0.00e+00
 3.47467e+22	2.19e-23	5.71e-11	7.68e-09	1.61e-07	1.03e-04	9.00e-03	1.71e-01	5.82e-01	2.01e-01	3.37e-02	2.41e-03	4.35e-04	6.71e-05	5.73e-07	0.00e+00
 3.49858e+22	2.82e-23	6.96e-11	9.20e-09	1.90e-07	1.16e-04	9.74e-03	1.78e-01	5.85e-01	1.93e-01	3.11e-02	2.15e-03	3.84e-04	5.73e-05	4.70e-07	0.00e+00
 3.52296e+22	3.88e-23	8.99e-11	1.17e-08	2.35e-07	1.36e-04	1.08e-02	1.89e-01	5.89e-01	1.82e-01	2.80e-02	1.85e-03	3.25e-04	4.64e-05	3.61e-07	0.00e+00
 3.54777e+22	5.01e-23	1.10e-10	1.40e-08	2.77e-07	1.53e-04	1.17e-02	1.96e-01	5.90e-01	1.74e-01	2.57e-02	1.65e-03	2.86e-04	3.94e-05	2.94e-07	0.00e+00
 3.57314e+22	6.95e-23	1.42e-10	1.78e-08	3.45e-07	1.80e-04	1.30e-02	2.07e-01	5.92e-01	1.63e-01	2.30e-02	1.41e-03	2.40e-04	3.16e-05	2.23e-07	0.00e+00
 3.59907e+22	9.06e-23	1.75e-10	2.15e-08	4.07e-07	2.03e-04	1.41e-02	2.16e-01	5.92e-01	1.55e-01	2.10e-02	1.25e-03	2.10e-04	2.67e-05	1.81e-07	0.00e+00
 3.62571e+22	1.27e-22	2.28e-10	2.76e-08	5.12e-07	2.40e-04	1.57e-02	2.28e-01	5.92e-01	1.45e-01	1.86e-02	1.06e-03	1.74e-04	2.11e-05	1.35e-07	0.00e+00
 3.65248e+22	1.65e-22	2.79e-10	3.32e-08	6.04e-07	2.71e-04	1.70e-02	2.37e-01	5.91e-01	1.37e-01	1.70e-02	9.39e-04	1.52e-04	1.78e-05	0.00e+00	0.00e+00
 3.67939e+22	2.30e-22	3.63e-10	4.24e-08	7.56e-07	3.19e-04	1.88e-02	2.49e-01	5.88e-01	1.28e-01	1.51e-02	7.95e-04	1.26e-04	1.41e-05	0.00e+00	0.00e+00
 3.70668e+22	3.00e-22	4.45e-10	5.13e-08	8.95e-07	3.61e-04	2.04e-02	2.58e-01	5.86e-01	1.21e-01	1.37e-02	7.01e-04	1.10e-04	1.18e-05	0.00e+00	0.00e+00
 3.73446e+22	4.19e-22	5.79e-10	6.56e-08	1.12e-06	4.26e-04	2.26e-02	2.71e-01	5.81e-01	1.12e-01	1.21e-02	5.91e-04	9.06e-05	9.30e-06	0.00e+00	0.00e+00
 3.76151e+22	5.36e-22	6.98e-10	7.80e-08	1.31e-06	4.76e-04	2.42e-02	2.80e-01	5.78e-01	1.06e-01	1.11e-02	5.27e-04	7.95e-05	7.90e-06	0.00e+00	0.00e+00
 3.78762e+22	7.29e-22	8.89e-10	9.81e-08	1.62e-06	5.55e-04	2.67e-02	2.92e-01	5.72e-01	9.86e-02	9.80e-03	4.47e-04	6.63e-05	6.30e-06	0.00e+00	0.00e+00
 3.81235e+22	9.04e-22	1.05e-09	1.14e-07	1.85e-06	6.13e-04	2.84e-02	3.00e-01	5.68e-01	9.38e-02	9.05e-03	4.02e-04	5.88e-05	5.43e-06	0.00e+00	0.00e+00
 3.83530e+22	1.17e-21	1.28e-09	1.38e-07	2.20e-06	6.93e-04	3.07e-02	3.10e-01	5.62e-01	8.81e-02	8.19e-03	3.52e-04	5.07e-05	4.51e-06	0.00e+00	0.00e+00
 3.85937e+22	1.48e-21	1.54e-09	1.63e-07	2.56e-06	7.74e-04	3.28e-02	3.19e-01	5.56e-01	8.33e-02	7.48e-03	3.13e-04	4.43e-05	3.82e-06	0.00e+00	0.00e+00
 3.88140e+22	1.85e-21	1.82e-09	1.92e-07	2.97e-06	8.61e-04	3.50e-02	3.28e-01	5.50e-01	7.87e-02	6.84e-03	2.78e-04	3.89e-05	3.24e-06	0.00e+00	0.00e+00
 3.90651e+22	2.45e-21	2.27e-09	2.36e-07	3.58e-06	9.84e-04	3.81e-02	3.39e-01	5.42e-01	7.32e-02	6.11e-03	2.40e-04	3.29e-05	2.64e-06	0.00e+00	0.00e+00
 3.93208e+22	3.09e-21	2.72e-09	2.80e-07	4.18e-06	1.10e-03	4.07e-02	3.49e-01	5.35e-01	6.88e-02	5.56e-03	2.12e-04	2.87e-05	2.22e-06	0.00e+00	0.00e+00
 3.95824e+22	4.12e-21	3.40e-09	3.45e-07	5.06e-06	1.26e-03	4.42e-02	3.60e-01	5.25e-01	6.37e-02	4.94e-03	1.82e-04	2.41e-05	1.80e-06	0.00e+00	0.00e+00
 3.98490e+22	5.24e-21	4.09e-09	4.10e-07	5.92e-06	1.41e-03	4.73e-02	3.70e-01	5.17e-01	5.97e-02	4.48e-03	1.60e-04	2.09e-05	1.50e-06	0.00e+00	0.00e+00
 4.01221e+22	7.04e-21	5.14e-09	5.09e-07	7.21e-06	1.62e-03	5.15e-02	3.82e-01	5.06e-01	5.50e-02	3.96e-03	1.36e-04	1.75e-05	1.20e-06	0.00e+00	0.00e+00
 4.04008e+22	9.00e-21	6.21e-09	6.08e-07	8.48e-06	1.82e-03	5.51e-02	3.91e-01	4.97e-01	5.13e-02	3.57e-03	1.19e-04	1.50e-05	1.00e-06	0.00e+00	0.00e+00
 4.06487e+22	1.14e-20	7.47e-09	7.22e-07	9.89e-06	2.03e-03	5.88e-02	4.00e-01	4.88e-01	4.80e-02	3.24e-03	1.05e-04	1.30e-05	8.39e-07	0.00e+00	0.00e+00
 4.09329e+22	1.55e-20	9.44e-09	9.02e-07	1.21e-05	2.34e-03	6.41e-02	4.12e-01	4.75e-01	4.38e-02	2.83e-03	8.83e-05	1.07e-05	6.62e-07	0.00e+00	0.00e+00
 4.12187e+22	1.96e-20	1.13e-08	1.07e-06	1.42e-05	2.62e-03	6.83e-02	4.21e-01	4.65e-01	4.08e-02	2.56e-03	7.73e-05	9.26e-06	5.51e-07	0.00e+00	0.00e+00
 4.15066e+22	2.65e-20	1.43e-08	1.33e-06	1.73e-05	3.00e-03	7.41e-02	4.32e-01	4.51e-01	3.72e-02	2.24e-03	6.53e-05	7.67e-06	4.37e-07	0.00e+00	0.00e+00
 4.18006e+22	3.40e-20	1.73e-08	1.59e-06	2.03e-05	3.37e-03	7.91e-02	4.41e-01	4.40e-01	3.45e-02	2.01e-03	5.68e-05	6.55e-06	3.60e-07	0.00e+00	0.00e+00
 4.21023e+22	4.63e-20	2.20e-08	2.00e-06	2.49e-05	3.88e-03	8.58e-02	4.51e-01	4.26e-01	3.12e-02	1.75e-03	4.76e-05	5.38e-06	2.83e-07	0.00e+00	0.00e+00
 4.24078e+22	5.96e-20	2.67e-08	2.39e-06	2.94e-05	4.35e-03	9.16e-02	4.60e-01	4.14e-01	2.88e-02	1.56e-03	4.11e-05	4.58e-06	2.32e-07	0.00e+00	0.00e+00
 4.27182e+22	8.17e-20	3.40e-08	3.00e-06	3.60e-05	5.01e-03	9.93e-02	4.70e-01	3.99e-01	2.60e-02	1.35e-03	3.43e-05	3.74e-06	1.81e-07	0.00e+00	0.00e+00
 4.30335e+22	1.06e-19	4.14e-08	3.61e-06	4.26e-05	5.63e-03	1.06e-01	4.77e-01	3.86e-01	2.38e-02	1.20e-03	2.95e-05	3.16e-06	1.47e-07	0.00e+00	0.00e+00
 4.33552e+22	1.45e-19	5.28e-08	4.53e-06	5.22e-05	6.48e-03	1.15e-01	4.86e-01	3.71e-01	2.14e-02	1.04e-03	2.45e-05	2.57e-06	0.00e+00	0.00e+00	0.00e+00
 4.36831e+22	1.89e-19	6.48e-08	5.51e-06	6.25e-05	7.32e-03	1.22e-01	4.93e-01	3.57e-01	1.94e-02	9.15e-04	2.08e-05	2.14e-06	0.00e+00	0.00e+00	0.00e+00
 4.39699e+22	2.43e-19	7.86e-08	6.58e-06	7.32e-05	8.16e-03	1.30e-01	4.99e-01	3.44e-01	1.78e-02	8.15e-04	1.80e-05	1.82e-06	0.00e+00	0.00e+00	0.00e+00
 4.42936e+22	3.33e-19	9.98e-08	8.22e-06	8.92e-05	9.34e-03	1.40e-01	5.05e-01	3.29e-01	1.60e-02	7.04e-04	1.49e-05	1.48e-06	0.00e+00	0.00e+00	0.00e+00
 4.46356e+22	4.42e-19	1.24e-07	1.01e-05	1.07e-04	1.06e-02	1.49e-01	5.11e-01	3.15e-01	1.44e-02	6.13e-04	1.25e-05	1.22e-06	0.00e+00	0.00e+00	0.00e+00
 4.49133e+22	5.48e-19	1.46e-07	1.18e-05	1.23e-04	1.16e-02	1.57e-01	5.14e-01	3.03e-01	1.32e-02	5.51e-04	1.09e-05	1.05e-06	0.00e+00	0.00e+00	0.00e+00
 4.51861e+22	7.06e-19	1.78e-07	1.41e-05	1.45e-04	1.30e-02	1.66e-01	5.17e-01	2.91e-01	1.20e-02	4.87e-04	9.34e-06	8.84e-07	0.00e+00	0.00e+00	0.00e+00
 4.54771e+22	8.94e-19	2.13e-07	1.66e-05	1.68e-04	1.43e-02	1.75e-01	5.20e-01	2.79e-01	1.10e-02	4.34e-04	8.07e-06	7.53e-07	0.00e+00	0.00e+00	0.00e+00
 4.57483e+22	1.12e-18	2.53e-07	1.95e-05	1.94e-04	1.58e-02	1.83e-01	5.22e-01	2.68e-01	1.00e-02	3.88e-04	6.99e-06	6.43e-07	0.00e+00	0.00e+00	0.00e+00
 4.60574e+22	1.50e-18	3.15e-07	2.39e-05	2.32e-04	1.77e-02	1.95e-01	5.23e-01	2.54e-01	8.96e-03	3.36e-04	5.83e-06	5.27e-07	0.00e+00	0.00e+00	0.00e+00
 4.63752e+22	1.92e-18	3.81e-07	2.85e-05	2.72e-04	1.97e-02	2.05e-01	5.24e-01	2.42e-01	8.08e-03	2.96e-04	4.95e-06	4.41e-07	0.00e+00	0.00e+00	0.00e+00
 4.66561e+22	2.42e-18	4.54e-07	3.36e-05	3.15e-04	2.17e-02	2.15e-01	5.24e-01	2.31e-01	7.34e-03	2.62e-04	4.26e-06	3.74e-07	0.00e+00	0.00e+00	0.00e+00
 4.69730e+22	3.25e-18	5.65e-07	4.11e-05	3.77e-04	2.44e-02	2.28e-01	5.23e-01	2.18e-01	6.50e-03	2.26e-04	3.53e-06	3.05e-07	0.00e+00	0.00e+00	0.00e+00
 4.72948e+22	4.14e-18	6.79e-07	4.87e-05	4.39e-04	2.69e-02	2.38e-01	5.21e-01	2.07e-01	5.86e-03	1.99e-04	3.00e-06	2.55e-07	0.00e+00	0.00e+00	0.00e+00
 4.75768e+22	5.21e-18	8.08e-07	5.73e-05	5.07e-04	2.96e-02	2.49e-01	5.19e-01	1.97e-01	5.29e-03	1.76e-04	2.57e-06	2.16e-07	0.00e+00	0.00e+00	0.00e+00
 4.78972e+22	6.98e-18	1.00e-06	7.00e-05	6.05e-04	3.31e-02	2.62e-01	5.15e-01	1.84e-01	4.66e-03	1.51e-04	2.11e-06	1.75e-07	0.00e+00	0.00e+00	0.00e+00
 4.82278e+22	8.96e-18	1.21e-06	8.32e-05	7.07e-04	3.66e-02	2.74e-01	5.11e-01	1.74e-01	4.16e-03	1.32e-04	1.78e-06	1.45e-07	0.00e+00	0.00e+00	0.00e+00
 4.85232e+22	1.14e-17	1.45e-06	9.79e-05	8.18e-04	4.01e-02	2.85e-01	5.06e-01	1.64e-01	3.72e-03	1.16e-04	1.51e-06	0.00e+00	0.00e+00	0.00e+00	0.00e+00
 4.88588e+22	1.54e-17	1.81e-06	1.20e-04	9.79e-04	4.49e-02	3.00e-01	4.99e-01	1.52e-01	3.24e-03	9.85e-05	1.23e-06	0.00e+00	0.00e+00	0.00e+00	0.00e+00
 4.92058e+22	2.01e-17	2.20e-06	1.44e-04	1.15e-03	4.96e-02	3.12e-01	4.92e-01	1.42e-01	2.86e-03	8.51e-05	1.02e-06	0.00e+00	0.00e+00	0.00e+00	0.00e+00
 4.95156e+22	2.57e-17	2.63e-06	1.70e-04	1.33e-03	5.44e-02	3.24e-01	4.85e-01	1.33e-01	2.54e-03	7.41e-05	8.54e-07	0.00e+00	0.00e+00	0.00e+00	0.00e+00
 4.98663e+22	3.52e-17	3.31e-06	2.09e-04	1.60e-03	6.09e-02	3.39e-01	4.74e-01	1.22e-01	2.18e-03	6.22e-05	6.84e-07	0.00e+00	0.00e+00	0.00e+00	0.00e+00
 5.02262e+22	4.62e-17	4.02e-06	2.50e-04	1.88e-03	6.71e-02	3.51e-01	4.64e-01	1.13e-01	1.90e-03	5.33e-05	5.62e-07	0.00e+00	0.00e+00	0.00e+00	0.00e+00
 5.05441e+22	5.96e-17	4.82e-06	2.94e-04	2.17e-03	7.33e-02	3.63e-01	4.55e-01	1.05e-01	1.67e-03	4.61e-05	4.67e-07	0.00e+00	0.00e+00	0.00e+00	0.00e+00
 5.09033e+22	8.24e-17	6.05e-06	3.62e-04	2.61e-03	8.18e-02	3.77e-01	4.41e-01	9.56e-02	1.42e-03	3.84e-05	3.70e-07	0.00e+00	0.00e+00	0.00e+00	0.00e+00
 5.12731e+22	1.09e-16	7.36e-06	4.32e-04	3.05e-03	8.98e-02	3.89e-01	4.29e-01	8.77e-02	1.23e-03	3.26e-05	3.00e-07	0.00e+00	0.00e+00	0.00e+00	0.00e+00
 5.16011e+22	1.43e-16	8.84e-06	5.10e-04	3.54e-03	9.79e-02	3.99e-01	4.17e-01	8.07e-02	1.07e-03	2.79e-05	2.47e-07	0.00e+00	0.00e+00	0.00e+00	0.00e+00
 5.19723e+22	2.01e-16	1.12e-05	6.29e-04	4.25e-03	1.09e-01	4.12e-01	4.00e-01	7.24e-02	8.94e-04	2.29e-05	1.92e-07	0.00e+00	0.00e+00	0.00e+00	0.00e+00
 5.23522e+22	2.68e-16	1.36e-05	7.48e-04	4.96e-03	1.19e-01	4.22e-01	3.86e-01	6.59e-02	7.67e-04	1.94e-05	1.55e-07	0.00e+00	0.00e+00	0.00e+00	0.00e+00
 5.27437e+22	3.83e-16	1.73e-05	9.29e-04	5.99e-03	1.32e-01	4.34e-01	3.68e-01	5.84e-02	6.31e-04	1.56e-05	1.18e-07	0.00e+00	0.00e+00	0.00e+00	0.00e+00
 5.31406e+22	5.13e-16	2.10e-05	1.11e-03	7.01e-03	1.44e-01	4.42e-01	3.52e-01	5.26e-02	5.33e-04	1.30e-05	0.00e+00	0.00e+00	0.00e+00	0.00e+00	0.00e+00
 5.35445e+22	7.41e-16	2.68e-05	1.37e-03	8.42e-03	1.60e-01	4.51e-01	3.33e-01	4.63e-02	4.36e-04	1.05e-05	0.00e+00	0.00e+00	0.00e+00	0.00e+00	0.00e+00
 5.39592e+22	1.02e-15	3.31e-05	1.65e-03	9.90e-03	1.74e-01	4.58e-01	3.15e-01	4.11e-02	3.63e-04	8.58e-06	0.00e+00	0.00e+00	0.00e+00	0.00e+00	0.00e+00
 5.43265e+22	1.36e-15	4.02e-05	1.95e-03	1.15e-02	1.88e-01	4.63e-01	2.99e-01	3.66e-02	3.04e-04	7.10e-06	0.00e+00	0.00e+00	0.00e+00	0.00e+00	0.00e+00
 5.47428e+22	1.98e-15	5.17e-05	2.43e-03	1.38e-02	2.07e-01	4.67e-01	2.78e-01	3.16e-02	2.43e-04	5.59e-06	0.00e+00	0.00e+00	0.00e+00	0.00e+00	0.00e+00
 5.51714e+22	2.73e-15	6.37e-05	2.91e-03	1.62e-02	2.24e-01	4.69e-01	2.60e-01	2.77e-02	2.00e-04	4.52e-06	0.00e+00	0.00e+00	0.00e+00	0.00e+00	0.00e+00
 5.55578e+22	3.73e-15	7.82e-05	3.46e-03	1.87e-02	2.41e-01	4.69e-01	2.44e-01	2.43e-02	1.65e-04	3.69e-06	0.00e+00	0.00e+00	0.00e+00	0.00e+00	0.00e+00
 5.59437e+22	5.09e-15	9.59e-05	4.11e-03	2.17e-02	2.59e-01	4.68e-01	2.27e-01	2.12e-02	1.35e-04	2.98e-06	0.00e+00	0.00e+00	0.00e+00	0.00e+00	0.00e+00
 5.63282e+22	6.96e-15	1.17e-04	4.87e-03	2.49e-02	2.76e-01	4.65e-01	2.11e-01	1.85e-02	1.11e-04	2.42e-06	0.00e+00	0.00e+00	0.00e+00	0.00e+00	0.00e+00
 5.67690e+22	1.04e-14	1.52e-04	6.05e-03	2.99e-02	3.00e-01	4.59e-01	1.90e-01	1.54e-02	8.49e-05	1.82e-06	0.00e+00	0.00e+00	0.00e+00	0.00e+00	0.00e+00
 5.71759e+22	1.36e-14	1.80e-04	6.94e-03	3.35e-02	3.15e-01	4.53e-01	1.78e-01	1.36e-02	7.16e-05	1.52e-06	0.00e+00	0.00e+00	0.00e+00	0.00e+00	0.00e+00
 5.75388e+22	1.87e-14	2.21e-04	8.23e-03	3.85e-02	3.34e-01	4.45e-01	1.62e-01	1.17e-02	5.76e-05	1.21e-06	0.00e+00	0.00e+00	0.00e+00	0.00e+00	0.00e+00
 5.79152e+22	2.50e-14	2.64e-04	9.51e-03	4.33e-02	3.51e-01	4.37e-01	1.49e-01	1.01e-02	4.74e-05	9.83e-07	0.00e+00	0.00e+00	0.00e+00	0.00e+00	0.00e+00
 5.82559e+22	3.28e-14	3.14e-04	1.09e-02	4.84e-02	3.66e-01	4.27e-01	1.38e-01	8.83e-03	3.93e-05	8.05e-07	0.00e+00	0.00e+00	0.00e+00	0.00e+00	0.00e+00
 5.86454e+22	4.69e-14	3.92e-04	1.30e-02	5.56e-02	3.86e-01	4.14e-01	1.23e-01	7.36e-03	3.07e-05	6.20e-07	0.00e+00	0.00e+00	0.00e+00	0.00e+00	0.00e+00
 5.90401e+22	6.31e-14	4.68e-04	1.50e-02	6.23e-02	4.02e-01	4.02e-01	1.12e-01	6.31e-03	2.49e-05	4.97e-07	0.00e+00	0.00e+00	0.00e+00	0.00e+00	0.00e+00
 5.94418e+22	9.07e-14	5.84e-04	1.79e-02	7.11e-02	4.20e-01	3.85e-01	9.95e-02	5.21e-03	1.93e-05	3.79e-07	0.00e+00	0.00e+00	0.00e+00	0.00e+00	0.00e+00
 5.98531e+22	1.26e-13	7.06e-04	2.07e-02	7.96e-02	4.36e-01	3.70e-01	8.90e-02	4.37e-03	1.53e-05	2.97e-07	0.00e+00	0.00e+00	0.00e+00	0.00e+00	0.00e+00
 6.02137e+22	1.68e-13	8.40e-04	2.36e-02	8.79e-02	4.49e-01	3.55e-01	8.02e-02	3.72e-03	1.24e-05	2.37e-07	0.00e+00	0.00e+00	0.00e+00	0.00e+00	0.00e+00
 6.05485e+22	2.23e-13	9.84e-04	2.67e-02	9.61e-02	4.59e-01	3.41e-01	7.25e-02	3.19e-03	1.01e-05	1.92e-07	0.00e+00	0.00e+00	0.00e+00	0.00e+00	0.00e+00
 6.08642e+22	2.96e-13	1.14e-03	2.99e-02	1.04e-01	4.69e-01	3.27e-01	6.59e-02	2.76e-03	8.41e-06	1.57e-07	0.00e+00	0.00e+00	0.00e+00	0.00e+00	0.00e+00
 6.12258e+22	4.13e-13	1.38e-03	3.45e-02	1.16e-01	4.79e-01	3.09e-01	5.79e-02	2.27e-03	6.56e-06	0.00e+00	0.00e+00	0.00e+00	0.00e+00	0.00e+00	0.00e+00
 6.15932e+22	5.62e-13	1.62e-03	3.88e-02	1.26e-01	4.87e-01	2.93e-01	5.16e-02	1.92e-03	5.29e-06	0.00e+00	0.00e+00	0.00e+00	0.00e+00	0.00e+00	0.00e+00
 6.19162e+22	7.38e-13	1.89e-03	4.33e-02	1.36e-01	4.93e-01	2.78e-01	4.61e-02	1.62e-03	4.30e-06	0.00e+00	0.00e+00	0.00e+00	0.00e+00	0.00e+00	0.00e+00
 6.22842e+22	1.06e-12	2.28e-03	4.98e-02	1.49e-01	4.99e-01	2.59e-01	3.99e-02	1.32e-03	3.30e-06	0.00e+00	0.00e+00	0.00e+00	0.00e+00	0.00e+00	0.00e+00
 6.26580e+22	1.47e-12	2.67e-03	5.57e-02	1.61e-01	5.02e-01	2.43e-01	3.51e-02	1.09e-03	2.63e-06	0.00e+00	0.00e+00	0.00e+00	0.00e+00	0.00e+00	0.00e+00
 6.29875e+22	1.93e-12	3.09e-03	6.19e-02	1.72e-01	5.03e-01	2.28e-01	3.10e-02	9.16e-04	2.11e-06	0.00e+00	0.00e+00	0.00e+00	0.00e+00	0.00e+00	0.00e+00
 6.33640e+22	2.88e-12	3.74e-03	7.06e-02	1.87e-01	5.03e-01	2.09e-01	2.62e-02	7.25e-04	1.59e-06	0.00e+00	0.00e+00	0.00e+00	0.00e+00	0.00e+00	0.00e+00
 6.37447e+22	3.95e-12	4.34e-03	7.83e-02	2.00e-01	5.00e-01	1.94e-01	2.28e-02	5.98e-04	1.26e-06	0.00e+00	0.00e+00	0.00e+00	0.00e+00	0.00e+00	0.00e+00
 6.41306e+22	5.91e-12	5.22e-03	8.89e-02	2.15e-01	4.95e-01	1.76e-01	1.91e-02	4.67e-04	9.35e-07	0.00e+00	0.00e+00	0.00e+00	0.00e+00	0.00e+00	0.00e+00
 6.45220e+22	8.78e-12	6.08e-03	9.83e-02	2.29e-01	4.89e-01	1.61e-01	1.64e-02	3.78e-04	7.25e-07	0.00e+00	0.00e+00	0.00e+00	0.00e+00	0.00e+00	0.00e+00
 6.49203e+22	1.37e-11	7.30e-03	1.11e-01	2.45e-01	4.79e-01	1.44e-01	1.35e-02	2.90e-04	5.30e-07	0.00e+00	0.00e+00	0.00e+00	0.00e+00	0.00e+00	0.00e+00
 6.53231e+22	2.20e-11	8.48e-03	1.22e-01	2.58e-01	4.69e-01	1.30e-01	1.14e-02	2.31e-04	4.06e-07	0.00e+00	0.00e+00	0.00e+00	0.00e+00	0.00e+00	0.00e+00
 6.57318e+22	3.70e-11	1.02e-02	1.37e-01	2.74e-01	4.55e-01	1.15e-01	9.21e-03	1.74e-04	2.91e-07	0.00e+00	0.00e+00	0.00e+00	0.00e+00	0.00e+00	0.00e+00
 6.61458e+22	7.05e-11	1.18e-02	1.50e-01	2.86e-01	4.41e-01	1.03e-01	7.67e-03	1.36e-04	2.19e-07	0.00e+00	0.00e+00	0.00e+00	0.00e+00	0.00e+00	0.00e+00
 6.65665e+22	1.28e-10	1.40e-02	1.68e-01	3.01e-01	4.22e-01	8.91e-02	6.09e-03	1.01e-04	1.55e-07	0.00e+00	0.00e+00	0.00e+00	0.00e+00	0.00e+00	0.00e+00
 6.69946e+22	2.79e-10	1.62e-02	1.82e-01	3.12e-01	4.06e-01	7.87e-02	4.99e-03	7.76e-05	0.00e+00	0.00e+00	0.00e+00	0.00e+00	0.00e+00	0.00e+00	0.00e+00
 6.74324e+22	5.40e-10	1.93e-02	2.02e-01	3.25e-01	3.83e-01	6.69e-02	3.87e-03	5.59e-05	0.00e+00	0.00e+00	0.00e+00	0.00e+00	0.00e+00	0.00e+00	0.00e+00
 6.78789e+22	1.21e-09	2.23e-02	2.19e-01	3.34e-01	3.64e-01	5.81e-02	3.10e-03	4.21e-05	0.00e+00	0.00e+00	0.00e+00	0.00e+00	0.00e+00	0.00e+00	0.00e+00
 6.81400e+22	1.67e-09	2.33e-02	2.23e-01	3.37e-01	3.58e-01	5.56e-02	2.89e-03	3.83e-05	0.00e+00	0.00e+00	0.00e+00	0.00e+00	0.00e+00	0.00e+00	0.00e+00
 6.82831e+22	2.23e-09	2.45e-02	2.30e-01	3.40e-01	3.50e-01	5.27e-02	2.67e-03	3.46e-05	0.00e+00	0.00e+00	0.00e+00	0.00e+00	0.00e+00	0.00e+00	0.00e+00
 6.84690e+22	2.79e-09	2.64e-02	2.39e-01	3.44e-01	3.39e-01	4.86e-02	2.36e-03	2.96e-05	0.00e+00	0.00e+00	0.00e+00	0.00e+00	0.00e+00	0.00e+00	0.00e+00
 6.87108e+22	4.16e-09	2.88e-02	2.51e-01	3.48e-01	3.26e-01	4.41e-02	2.03e-03	2.46e-05	0.00e+00	0.00e+00	0.00e+00	0.00e+00	0.00e+00	0.00e+00	0.00e+00
 6.90251e+22	9.50e-09	3.26e-02	2.67e-01	3.53e-01	3.07e-01	3.84e-02	1.65e-03	1.88e-05	0.00e+00	0.00e+00	0.00e+00	0.00e+00	0.00e+00	0.00e+00	0.00e+00
 6.93551e+22	1.34e-08	3.57e-02	2.80e-01	3.56e-01	2.92e-01	3.42e-02	1.39e-03	1.52e-05	0.00e+00	0.00e+00	0.00e+00	0.00e+00	0.00e+00	0.00e+00	0.00e+00
 6.97057e+22	2.69e-08	4.05e-02	2.98e-01	3.59e-01	2.72e-01	2.92e-02	1.10e-03	1.13e-05	0.00e+00	0.00e+00	0.00e+00	0.00e+00	0.00e+00	0.00e+00	0.00e+00
 7.00502e+22	4.68e-08	4.44e-02	3.11e-01	3.61e-01	2.58e-01	2.58e-02	9.15e-04	9.01e-06	0.00e+00	0.00e+00	0.00e+00	0.00e+00	0.00e+00	0.00e+00	0.00e+00
 7.03865e+22	8.49e-08	4.96e-02	3.27e-01	3.61e-01	2.40e-01	2.22e-02	7.31e-04	6.82e-06	0.00e+00	0.00e+00	0.00e+00	0.00e+00	0.00e+00	0.00e+00	0.00e+00
 7.07308e+22	1.52e-07	5.43e-02	3.40e-01	3.60e-01	2.25e-01	1.94e-02	6.02e-04	5.36e-06	0.00e+00	0.00e+00	0.00e+00	0.00e+00	0.00e+00	0.00e+00	0.00e+00
 7.10855e+22	2.28e-07	6.09e-02	3.57e-01	3.58e-01	2.07e-01	1.64e-02	4.70e-04	3.96e-06	0.00e+00	0.00e+00	0.00e+00	0.00e+00	0.00e+00	0.00e+00	0.00e+00
 7.14408e+22	3.37e-07	6.66e-02	3.70e-01	3.55e-01	1.94e-01	1.42e-02	3.84e-04	3.09e-06	0.00e+00	0.00e+00	0.00e+00	0.00e+00	0.00e+00	0.00e+00	0.00e+00
 7.17969e+22	4.54e-07	7.43e-02	3.86e-01	3.50e-01	1.77e-01	1.19e-02	2.96e-04	2.26e-06	0.00e+00	0.00e+00	0.00e+00	0.00e+00	0.00e+00	0.00e+00	0.00e+00
 7.21535e+22	6.03e-07	8.10e-02	3.98e-01	3.46e-01	1.64e-01	1.03e-02	2.41e-04	1.75e-06	0.00e+00	0.00e+00	0.00e+00	0.00e+00	0.00e+00	0.00e+00	0.00e+00
 7.25109e+22	8.05e-07	9.05e-02	4.14e-01	3.38e-01	1.49e-01	8.47e-03	1.83e-04	1.26e-06	0.00e+00	0.00e+00	0.00e+00	0.00e+00	0.00e+00	0.00e+00	0.00e+00
 7.28657e+22	9.96e-07	9.85e-02	4.25e-01	3.32e-01	1.38e-01	7.28e-03	1.48e-04	9.76e-07	0.00e+00	0.00e+00	0.00e+00	0.00e+00	0.00e+00	0.00e+00	0.00e+00
 7.32172e+22	1.29e-06	1.09e-01	4.38e-01	3.22e-01	1.24e-01	5.98e-03	1.12e-04	7.04e-07	0.00e+00	0.00e+00	0.00e+00	0.00e+00	0.00e+00	0.00e+00	0.00e+00
 7.35711e+22	1.56e-06	1.19e-01	4.48e-01	3.14e-01	1.14e-01	5.09e-03	8.96e-05	5.38e-07	0.00e+00	0.00e+00	0.00e+00	0.00e+00	0.00e+00	0.00e+00	0.00e+00
 7.39281e+22	1.98e-06	1.33e-01	4.60e-01	3.02e-01	1.02e-01	4.11e-03	6.67e-05	3.79e-07	0.00e+00	0.00e+00	0.00e+00	0.00e+00	0.00e+00	0.00e+00	0.00e+00
 7.42815e+22	2.37e-06	1.44e-01	4.67e-01	2.92e-01	9.27e-02	3.47e-03	5.28e-05	2.88e-07	0.00e+00	0.00e+00	0.00e+00	0.00e+00	0.00e+00	0.00e+00	0.00e+00
 7.46303e+22	2.93e-06	1.60e-01	4.76e-01	2.79e-01	8.21e-02	2.78e-03	3.91e-05	2.02e-07	0.00e+00	0.00e+00	0.00e+00	0.00e+00	0.00e+00	0.00e+00	0.00e+00
 7.49752e+22	3.48e-06	1.75e-01	4.81e-01	2.68e-01	7.44e-02	2.33e-03	3.06e-05	1.52e-07	0.00e+00	0.00e+00	0.00e+00	0.00e+00	0.00e+00	0.00e+00	0.00e+00
 7.52678e+22	4.03e-06	1.88e-01	4.84e-01	2.58e-01	6.76e-02	1.96e-03	2.43e-05	0.00e+00	0.00e+00	0.00e+00	0.00e+00	0.00e+00	0.00e+00	0.00e+00	0.00e+00
 7.56006e+22	4.90e-06	2.10e-01	4.87e-01	2.43e-01	5.89e-02	1.54e-03	1.75e-05	0.00e+00	0.00e+00	0.00e+00	0.00e+00	0.00e+00	0.00e+00	0.00e+00	0.00e+00
 7.59262e+22	5.67e-06	2.27e-01	4.87e-01	2.32e-01	5.30e-02	1.28e-03	1.37e-05	0.00e+00	0.00e+00	0.00e+00	0.00e+00	0.00e+00	0.00e+00	0.00e+00	0.00e+00
 7.62006e+22	6.50e-06	2.45e-01	4.86e-01	2.21e-01	4.76e-02	1.06e-03	1.07e-05	0.00e+00	0.00e+00	0.00e+00	0.00e+00	0.00e+00	0.00e+00	0.00e+00	0.00e+00
 7.65154e+22	7.69e-06	2.70e-01	4.82e-01	2.06e-01	4.12e-02	8.29e-04	7.66e-06	0.00e+00	0.00e+00	0.00e+00	0.00e+00	0.00e+00	0.00e+00	0.00e+00	0.00e+00
 7.68288e+22	8.80e-06	2.92e-01	4.76e-01	1.95e-01	3.65e-02	6.75e-04	5.84e-06	0.00e+00	0.00e+00	0.00e+00	0.00e+00	0.00e+00	0.00e+00	0.00e+00	0.00e+00
 7.70962e+22	1.00e-05	3.15e-01	4.69e-01	1.84e-01	3.22e-02	5.48e-04	4.44e-06	0.00e+00	0.00e+00	0.00e+00	0.00e+00	0.00e+00	0.00e+00	0.00e+00	0.00e+00
 7.73581e+22	1.13e-05	3.37e-01	4.60e-01	1.74e-01	2.84e-02	4.45e-04	3.38e-06	0.00e+00	0.00e+00	0.00e+00	0.00e+00	0.00e+00	0.00e+00	0.00e+00	0.00e+00
 7.76571e+22	1.31e-05	3.68e-01	4.48e-01	1.60e-01	2.40e-02	3.37e-04	2.36e-06	0.00e+00	0.00e+00	0.00e+00	0.00e+00	0.00e+00	0.00e+00	0.00e+00	0.00e+00
 7.79563e+22	1.48e-05	3.96e-01	4.33e-01	1.50e-01	2.07e-02	2.65e-04	1.73e-06	0.00e+00	0.00e+00	0.00e+00	0.00e+00	0.00e+00	0.00e+00	0.00e+00	0.00e+00
 7.82080e+22	1.64e-05	4.21e-01	4.20e-01	1.40e-01	1.80e-02	2.11e-04	1.29e-06	0.00e+00	0.00e+00	0.00e+00	0.00e+00	0.00e+00	0.00e+00	0.00e+00	0.00e+00
 7.84874e+22	1.87e-05	4.55e-01	4.02e-01	1.29e-01	1.49e-02	1.57e-04	8.81e-07	0.00e+00	0.00e+00	0.00e+00	0.00e+00	0.00e+00	0.00e+00	0.00e+00	0.00e+00
 7.87711e+22	2.07e-05	4.83e-01	3.85e-01	1.20e-01	1.27e-02	1.21e-04	6.31e-07	0.00e+00	0.00e+00	0.00e+00	0.00e+00	0.00e+00	0.00e+00	0.00e+00	0.00e+00
 7.90130e+22	2.27e-05	5.10e-01	3.68e-01	1.11e-01	1.08e-02	9.39e-05	4.58e-07	0.00e+00	0.00e+00	0.00e+00	0.00e+00	0.00e+00	0.00e+00	0.00e+00	0.00e+00
 7.92801e+22	2.53e-05	5.43e-01	3.47e-01	1.01e-01	8.76e-03	6.81e-05	3.04e-07	0.00e+00	0.00e+00	0.00e+00	0.00e+00	0.00e+00	0.00e+00	0.00e+00	0.00e+00
 7.95518e+22	2.76e-05	5.73e-01	3.27e-01	9.30e-02	7.20e-03	5.05e-05	2.08e-07	0.00e+00	0.00e+00	0.00e+00	0.00e+00	0.00e+00	0.00e+00	0.00e+00	0.00e+00
 7.97797e+22	2.97e-05	5.99e-01	3.09e-01	8.60e-02	6.01e-03	3.85e-05	1.47e-07	0.00e+00	0.00e+00	0.00e+00	0.00e+00	0.00e+00	0.00e+00	0.00e+00	0.00e+00
 8.00260e+22	3.25e-05	6.30e-01	2.87e-01	7.76e-02	4.76e-03	2.73e-05	0.00e+00	0.00e+00	0.00e+00	0.00e+00	0.00e+00	0.00e+00	0.00e+00	0.00e+00	0.00e+00
 8.02790e+22	3.49e-05	6.59e-01	2.67e-01	7.03e-02	3.78e-03	1.95e-05	0.00e+00	0.00e+00	0.00e+00	0.00e+00	0.00e+00	0.00e+00	0.00e+00	0.00e+00	0.00e+00
 8.04863e+22	3.70e-05	6.84e-01	2.48e-01	6.42e-02	3.07e-03	1.45e-05	0.00e+00	0.00e+00	0.00e+00	0.00e+00	0.00e+00	0.00e+00	0.00e+00	0.00e+00	0.00e+00
 8.06676e+22	3.90e-05	7.07e-01	2.32e-01	5.88e-02	2.50e-03	1.10e-05	0.00e+00	0.00e+00	0.00e+00	0.00e+00	0.00e+00	0.00e+00	0.00e+00	0.00e+00	0.00e+00
