#depth	S	S+	S+2	S+3	S+4	S+5	S+6	S+7	S+8	S+9	S+10	S+11	S+12	S+13	S+14	S+15	S+16
 4.62852e+21	0.00e+00	8.52e-30	3.71e-25	1.24e-21	2.05e-18	1.53e-15	4.53e-12	1.55e-09	1.86e-07	7.82e-06	1.74e-04	1.66e-03	8.40e-03	3.99e-02	3.75e-01	4.24e-01	1.51e-01
 1.03955e+22	0.00e+00	1.64e-27	4.21e-23	8.34e-20	8.02e-17	5.41e-14	1.38e-10	3.63e-08	3.19e-06	9.17e-05	1.41e-03	8.83e-03	2.73e-02	7.89e-02	4.73e-01	3.35e-01	7.51e-02
 1.20872e+22	0.00e+00	3.22e-26	6.08e-22	8.83e-19	6.17e-16	3.00e-13	7.72e-10	1.83e-07	1.39e-05	3.26e-04	4.12e-03	2.05e-02	4.85e-02	1.06e-01	4.99e-01	2.74e-01	4.76e-02
 1.29169e+22	0.00e+00	1.56e-25	2.48e-21	3.00e-18	1.74e-15	7.02e-13	1.88e-09	4.28e-07	3.03e-05	6.34e-04	7.20e-03	3.17e-02	6.47e-02	1.21e-01	5.01e-01	2.38e-01	3.61e-02
 1.32626e+22	0.00e+00	2.34e-25	3.55e-21	4.10e-18	2.26e-15	8.68e-13	2.36e-09	5.33e-07	3.70e-05	7.51e-04	8.30e-03	3.53e-02	6.95e-02	1.25e-01	4.99e-01	2.29e-01	3.35e-02
 1.33810e+22	0.00e+00	3.14e-25	4.61e-21	5.13e-18	2.73e-15	1.01e-12	2.77e-09	6.23e-07	4.27e-05	8.49e-04	9.20e-03	3.82e-02	7.32e-02	1.27e-01	4.97e-01	2.22e-01	3.16e-02
 1.34943e+22	0.00e+00	4.59e-25	6.45e-21	6.85e-18	3.47e-15	1.22e-12	3.42e-09	7.64e-07	5.15e-05	9.95e-04	1.05e-02	4.23e-02	7.81e-02	1.31e-01	4.95e-01	2.13e-01	2.93e-02
 1.36065e+22	0.00e+00	6.10e-25	8.29e-21	8.50e-18	4.15e-15	1.41e-12	4.00e-09	8.88e-07	5.92e-05	1.12e-03	1.16e-02	4.56e-02	8.19e-02	1.33e-01	4.92e-01	2.06e-01	2.77e-02
 1.37020e+22	0.00e+00	8.09e-25	1.06e-20	1.05e-17	4.96e-15	1.62e-12	4.66e-09	1.03e-06	6.79e-05	1.26e-03	1.27e-02	4.91e-02	8.59e-02	1.36e-01	4.89e-01	2.00e-01	2.61e-02
 1.38108e+22	0.00e+00	1.17e-24	1.47e-20	1.39e-17	6.24e-15	1.95e-12	5.71e-09	1.26e-06	8.12e-05	1.46e-03	1.44e-02	5.40e-02	9.12e-02	1.39e-01	4.85e-01	1.91e-01	2.41e-02
 1.39191e+22	0.00e+00	1.55e-24	1.89e-20	1.72e-17	7.43e-15	2.24e-12	6.65e-09	1.46e-06	9.31e-05	1.64e-03	1.59e-02	5.80e-02	9.54e-02	1.41e-01	4.81e-01	1.85e-01	2.27e-02
 1.40266e+22	0.00e+00	2.25e-24	2.61e-20	2.27e-17	9.32e-15	2.67e-12	8.10e-09	1.77e-06	1.11e-04	1.90e-03	1.79e-02	6.37e-02	1.01e-01	1.44e-01	4.75e-01	1.76e-01	2.09e-02
 1.41360e+22	0.00e+00	3.00e-24	3.37e-20	2.81e-17	1.11e-14	3.07e-12	9.47e-09	2.06e-06	1.28e-04	2.14e-03	1.97e-02	6.84e-02	1.06e-01	1.46e-01	4.69e-01	1.69e-01	1.96e-02
 1.42477e+22	0.00e+00	4.41e-24	4.72e-20	3.74e-17	1.40e-14	3.68e-12	1.16e-08	2.51e-06	1.53e-04	2.49e-03	2.23e-02	7.51e-02	1.12e-01	1.48e-01	4.62e-01	1.60e-01	1.79e-02
 1.43603e+22	0.00e+00	5.95e-24	6.14e-20	4.68e-17	1.68e-14	4.23e-12	1.36e-08	2.93e-06	1.77e-04	2.80e-03	2.46e-02	8.07e-02	1.17e-01	1.50e-01	4.55e-01	1.53e-01	1.66e-02
 1.44742e+22	0.00e+00	8.80e-24	8.65e-20	6.24e-17	2.13e-14	5.07e-12	1.67e-08	3.58e-06	2.12e-04	3.26e-03	2.78e-02	8.85e-02	1.23e-01	1.52e-01	4.46e-01	1.45e-01	1.50e-02
 1.45853e+22	0.00e+00	1.16e-23	1.10e-19	7.67e-17	2.51e-14	5.77e-12	1.93e-08	4.13e-06	2.41e-04	3.62e-03	3.03e-02	9.43e-02	1.28e-01	1.53e-01	4.38e-01	1.38e-01	1.40e-02
 1.46927e+22	0.00e+00	1.68e-23	1.52e-19	1.00e-16	3.12e-14	6.81e-12	2.33e-08	4.97e-06	2.85e-04	4.16e-03	3.39e-02	1.02e-01	1.34e-01	1.54e-01	4.28e-01	1.30e-01	1.27e-02
 1.48021e+22	0.00e+00	2.23e-23	1.95e-19	1.24e-16	3.71e-14	7.77e-12	2.69e-08	5.73e-06	3.25e-04	4.63e-03	3.69e-02	1.09e-01	1.39e-01	1.55e-01	4.19e-01	1.24e-01	1.18e-02
 1.49141e+22	0.00e+00	3.25e-23	2.71e-19	1.63e-16	4.63e-14	9.20e-12	3.25e-08	6.90e-06	3.84e-04	5.31e-03	4.11e-02	1.18e-01	1.45e-01	1.56e-01	4.08e-01	1.16e-01	1.06e-02
 1.50260e+22	0.00e+00	4.29e-23	3.46e-19	2.01e-16	5.46e-14	1.05e-11	3.73e-08	7.91e-06	4.35e-04	5.87e-03	4.45e-02	1.25e-01	1.50e-01	1.56e-01	3.98e-01	1.10e-01	9.79e-03
 1.51378e+22	0.00e+00	6.21e-23	4.78e-19	2.63e-16	6.79e-14	1.23e-11	4.48e-08	9.46e-06	5.11e-04	6.70e-03	4.94e-02	1.35e-01	1.56e-01	1.56e-01	3.86e-01	1.02e-01	8.78e-03
 1.52511e+22	0.00e+00	8.19e-23	6.09e-19	3.23e-16	8.02e-14	1.40e-11	5.13e-08	1.08e-05	5.76e-04	7.37e-03	5.32e-02	1.42e-01	1.60e-01	1.56e-01	3.76e-01	9.70e-02	8.08e-03
 1.53664e+22	0.00e+00	1.19e-22	8.42e-19	4.24e-16	9.97e-14	1.66e-11	6.12e-08	1.29e-05	6.74e-04	8.37e-03	5.87e-02	1.52e-01	1.66e-01	1.55e-01	3.62e-01	8.99e-02	7.20e-03
 1.54843e+22	0.00e+00	1.58e-22	1.08e-18	5.23e-16	1.18e-13	1.89e-11	7.01e-08	1.47e-05	7.58e-04	9.20e-03	6.32e-02	1.60e-01	1.70e-01	1.54e-01	3.51e-01	8.47e-02	6.59e-03
 1.56054e+22	0.00e+00	2.29e-22	1.49e-18	6.88e-16	1.48e-13	2.24e-11	8.34e-08	1.74e-05	8.83e-04	1.04e-02	6.93e-02	1.71e-01	1.75e-01	1.53e-01	3.37e-01	7.80e-02	5.84e-03
 1.57302e+22	0.00e+00	3.08e-22	1.94e-18	8.58e-16	1.76e-13	2.57e-11	9.58e-08	1.99e-05	9.95e-04	1.14e-02	7.45e-02	1.79e-01	1.79e-01	1.52e-01	3.25e-01	7.30e-02	5.30e-03
 1.58410e+22	0.00e+00	4.09e-22	2.49e-18	1.06e-15	2.09e-13	2.94e-11	1.09e-07	2.26e-05	1.11e-03	1.25e-02	7.96e-02	1.88e-01	1.82e-01	1.50e-01	3.14e-01	6.83e-02	4.81e-03
 1.59663e+22	0.00e+00	5.88e-22	3.42e-18	1.39e-15	2.61e-13	3.48e-11	1.29e-07	2.65e-05	1.28e-03	1.40e-02	8.65e-02	1.98e-01	1.86e-01	1.48e-01	2.99e-01	6.26e-02	4.25e-03
 1.60930e+22	0.00e+00	7.78e-22	4.38e-18	1.71e-15	3.09e-13	3.97e-11	1.46e-07	3.00e-05	1.43e-03	1.52e-02	9.21e-02	2.07e-01	1.89e-01	1.46e-01	2.88e-01	5.85e-02	3.85e-03
 1.62216e+22	0.00e+00	1.12e-21	6.01e-18	2.24e-15	3.84e-13	4.71e-11	1.71e-07	3.50e-05	1.64e-03	1.69e-02	9.94e-02	2.17e-01	1.92e-01	1.43e-01	2.73e-01	5.34e-02	3.38e-03
 1.63540e+22	4.37e-35	1.49e-21	7.75e-18	2.78e-15	4.59e-13	5.41e-11	1.94e-07	3.95e-05	1.82e-03	1.83e-02	1.06e-01	2.26e-01	1.94e-01	1.40e-01	2.61e-01	4.95e-02	3.04e-03
 1.64728e+22	6.08e-35	1.97e-21	9.94e-18	3.43e-15	5.45e-13	6.19e-11	2.19e-07	4.45e-05	2.02e-03	1.99e-02	1.12e-01	2.34e-01	1.96e-01	1.38e-01	2.50e-01	4.60e-02	2.74e-03
 1.66089e+22	9.28e-35	2.83e-21	1.37e-17	4.50e-15	6.80e-13	7.36e-11	2.56e-07	5.16e-05	2.30e-03	2.20e-02	1.20e-01	2.44e-01	1.98e-01	1.34e-01	2.36e-01	4.16e-02	2.38e-03
 1.67458e+22	1.28e-34	3.73e-21	1.74e-17	5.54e-15	8.07e-13	8.41e-11	2.88e-07	5.77e-05	2.54e-03	2.37e-02	1.26e-01	2.51e-01	1.99e-01	1.31e-01	2.25e-01	3.85e-02	2.14e-03
 1.68839e+22	1.94e-34	5.33e-21	2.39e-17	7.24e-15	1.00e-12	9.99e-11	3.34e-07	6.66e-05	2.88e-03	2.60e-02	1.35e-01	2.61e-01	2.00e-01	1.27e-01	2.11e-01	3.48e-02	1.86e-03
 1.70242e+22	2.67e-34	7.01e-21	3.04e-17	8.90e-15	1.19e-12	1.14e-10	3.75e-07	7.43e-05	3.16e-03	2.79e-02	1.41e-01	2.68e-01	2.00e-01	1.24e-01	2.01e-01	3.21e-02	1.67e-03
 1.71454e+22	3.60e-34	9.08e-21	3.82e-17	1.08e-14	1.40e-12	1.30e-10	4.18e-07	8.23e-05	3.45e-03	2.98e-02	1.48e-01	2.75e-01	2.00e-01	1.21e-01	1.92e-01	2.97e-02	1.50e-03
 1.72808e+22	5.29e-34	1.27e-20	5.13e-17	1.39e-14	1.72e-12	1.53e-10	4.79e-07	9.36e-05	3.86e-03	3.24e-02	1.56e-01	2.83e-01	2.00e-01	1.17e-01	1.80e-01	2.68e-02	1.30e-03
 1.74159e+22	7.04e-34	1.62e-20	6.38e-17	1.68e-14	2.01e-12	1.73e-10	5.30e-07	1.03e-04	4.19e-03	3.44e-02	1.62e-01	2.88e-01	2.00e-01	1.14e-01	1.71e-01	2.49e-02	1.17e-03
 1.75505e+22	1.02e-33	2.23e-20	8.46e-17	2.14e-14	2.45e-12	2.03e-10	6.04e-07	1.16e-04	4.65e-03	3.72e-02	1.70e-01	2.95e-01	1.99e-01	1.10e-01	1.60e-01	2.25e-02	1.02e-03
 1.76880e+22	1.36e-33	2.88e-20	1.06e-16	2.59e-14	2.88e-12	2.30e-10	6.69e-07	1.28e-04	5.05e-03	3.95e-02	1.77e-01	3.01e-01	1.98e-01	1.06e-01	1.52e-01	2.07e-02	9.15e-04
 1.78292e+22	1.99e-33	4.00e-20	1.42e-16	3.33e-14	3.54e-12	2.71e-10	7.64e-07	1.45e-04	5.60e-03	4.26e-02	1.85e-01	3.07e-01	1.96e-01	1.02e-01	1.42e-01	1.85e-02	7.89e-04
 1.79713e+22	2.64e-33	5.11e-20	1.76e-16	4.02e-14	4.14e-12	3.07e-10	8.45e-07	1.59e-04	6.06e-03	4.50e-02	1.92e-01	3.12e-01	1.94e-01	9.89e-02	1.34e-01	1.71e-02	7.07e-04
 1.81147e+22	3.84e-33	7.09e-20	2.36e-16	5.15e-14	5.08e-12	3.61e-10	9.61e-07	1.79e-04	6.70e-03	4.84e-02	2.00e-01	3.17e-01	1.92e-01	9.46e-02	1.25e-01	1.53e-02	6.09e-04
 1.82548e+22	4.97e-33	8.88e-20	2.88e-16	6.13e-14	5.87e-12	4.06e-10	1.05e-06	1.95e-04	7.19e-03	5.09e-02	2.06e-01	3.21e-01	1.90e-01	9.17e-02	1.18e-01	1.41e-02	5.49e-04
 1.83906e+22	6.98e-33	1.19e-19	3.74e-16	7.69e-14	7.08e-12	4.72e-10	1.19e-06	2.17e-04	7.87e-03	5.43e-02	2.14e-01	3.25e-01	1.87e-01	8.78e-02	1.10e-01	1.27e-02	4.77e-04
 1.85299e+22	9.15e-33	1.51e-19	4.62e-16	9.21e-14	8.24e-12	5.33e-10	1.31e-06	2.37e-04	8.45e-03	5.70e-02	2.20e-01	3.28e-01	1.85e-01	8.47e-02	1.04e-01	1.17e-02	4.27e-04
 1.86740e+22	1.30e-32	2.06e-19	6.07e-16	1.17e-13	1.00e-11	6.23e-10	1.48e-06	2.65e-04	9.27e-03	6.08e-02	2.28e-01	3.32e-01	1.81e-01	8.07e-02	9.68e-02	1.04e-02	3.68e-04
 1.88197e+22	1.70e-32	2.60e-19	7.49e-16	1.40e-13	1.17e-11	7.05e-10	1.63e-06	2.89e-04	9.94e-03	6.39e-02	2.34e-01	3.34e-01	1.79e-01	7.78e-02	9.13e-02	9.58e-03	3.28e-04
 1.89675e+22	2.41e-32	3.54e-19	9.86e-16	1.77e-13	1.42e-11	8.26e-10	1.84e-06	3.22e-04	1.09e-02	6.80e-02	2.42e-01	3.37e-01	1.75e-01	7.39e-02	8.44e-02	8.53e-03	2.82e-04
 1.91180e+22	3.15e-32	4.50e-19	1.22e-15	2.13e-13	1.66e-11	9.37e-10	2.03e-06	3.51e-04	1.17e-02	7.13e-02	2.48e-01	3.38e-01	1.72e-01	7.10e-02	7.93e-02	7.80e-03	2.51e-04
 1.92721e+22	4.49e-32	6.15e-19	1.61e-15	2.72e-13	2.03e-11	1.10e-09	2.30e-06	3.93e-04	1.28e-02	7.57e-02	2.56e-01	3.40e-01	1.68e-01	6.72e-02	7.30e-02	6.91e-03	2.14e-04
 1.94294e+22	5.92e-32	7.85e-19	2.00e-15	3.28e-13	2.38e-11	1.26e-09	2.55e-06	4.29e-04	1.37e-02	7.94e-02	2.62e-01	3.41e-01	1.64e-01	6.43e-02	6.84e-02	6.29e-03	1.89e-04
 1.95909e+22	8.45e-32	1.08e-18	2.66e-15	4.20e-13	2.93e-11	1.48e-09	2.90e-06	4.79e-04	1.50e-02	8.43e-02	2.70e-01	3.42e-01	1.60e-01	6.07e-02	6.28e-02	5.56e-03	1.61e-04
 1.97570e+22	1.13e-31	1.39e-18	3.34e-15	5.13e-13	3.47e-11	1.70e-09	3.23e-06	5.25e-04	1.61e-02	8.84e-02	2.76e-01	3.42e-01	1.56e-01	5.78e-02	5.85e-02	5.02e-03	1.41e-04
 1.99290e+22	1.63e-31	1.93e-18	4.47e-15	6.61e-13	4.30e-11	2.03e-09	3.70e-06	5.90e-04	1.76e-02	9.38e-02	2.83e-01	3.42e-01	1.51e-01	5.43e-02	5.34e-02	4.40e-03	1.19e-04
 2.00962e+22	2.12e-31	2.43e-18	5.51e-15	7.93e-13	5.01e-11	2.30e-09	4.08e-06	6.41e-04	1.88e-02	9.78e-02	2.89e-01	3.41e-01	1.47e-01	5.18e-02	5.00e-02	4.01e-03	1.05e-04
 2.02570e+22	3.00e-31	3.30e-18	7.25e-15	1.01e-12	6.13e-11	2.71e-09	4.62e-06	7.13e-04	2.04e-02	1.03e-01	2.95e-01	3.40e-01	1.42e-01	4.87e-02	4.57e-02	3.53e-03	8.93e-05
 2.04210e+22	3.93e-31	4.19e-18	8.97e-15	1.21e-12	7.18e-11	3.09e-09	5.12e-06	7.76e-04	2.18e-02	1.08e-01	3.00e-01	3.39e-01	1.38e-01	4.64e-02	4.26e-02	3.20e-03	7.86e-05
 2.05891e+22	5.48e-31	5.63e-18	1.17e-14	1.53e-12	8.74e-11	3.63e-09	5.80e-06	8.61e-04	2.36e-02	1.13e-01	3.06e-01	3.37e-01	1.34e-01	4.36e-02	3.90e-02	2.83e-03	6.71e-05
 2.07667e+22	7.48e-31	7.39e-18	1.49e-14	1.90e-12	1.05e-10	4.21e-09	6.51e-06	9.48e-04	2.54e-02	1.18e-01	3.12e-01	3.35e-01	1.29e-01	4.11e-02	3.59e-02	2.52e-03	5.78e-05
 2.09298e+22	9.96e-31	9.54e-18	1.88e-14	2.32e-12	1.24e-10	4.84e-09	7.25e-06	1.04e-03	2.72e-02	1.23e-01	3.17e-01	3.32e-01	1.25e-01	3.88e-02	3.33e-02	2.26e-03	5.02e-05
 2.11150e+22	1.43e-30	1.31e-17	2.50e-14	2.98e-12	1.54e-10	5.77e-09	8.31e-06	1.16e-03	2.96e-02	1.30e-01	3.23e-01	3.29e-01	1.20e-01	3.62e-02	3.01e-02	1.97e-03	4.22e-05
 2.13112e+22	2.00e-30	1.76e-17	3.26e-14	3.76e-12	1.87e-10	6.79e-09	9.43e-06	1.28e-03	3.19e-02	1.36e-01	3.28e-01	3.25e-01	1.15e-01	3.38e-02	2.75e-02	1.73e-03	3.57e-05
 2.14931e+22	2.73e-30	2.32e-17	4.18e-14	4.68e-12	2.26e-10	7.92e-09	1.06e-05	1.41e-03	3.43e-02	1.42e-01	3.32e-01	3.21e-01	1.11e-01	3.17e-02	2.51e-02	1.53e-03	3.06e-05
 2.16701e+22	3.69e-30	3.02e-17	5.29e-14	5.76e-12	2.70e-10	9.17e-09	1.19e-05	1.55e-03	3.67e-02	1.48e-01	3.36e-01	3.17e-01	1.06e-01	2.98e-02	2.31e-02	1.36e-03	2.63e-05
 2.18695e+22	5.37e-30	4.22e-17	7.14e-14	7.50e-12	3.37e-10	1.10e-08	1.37e-05	1.74e-03	3.99e-02	1.55e-01	3.41e-01	3.12e-01	1.01e-01	2.74e-02	2.07e-02	1.17e-03	2.18e-05
 2.20716e+22	7.41e-30	5.59e-17	9.20e-14	9.37e-12	4.08e-10	1.29e-08	1.55e-05	1.92e-03	4.29e-02	1.61e-01	3.44e-01	3.07e-01	9.67e-02	2.56e-02	1.89e-02	1.03e-03	1.85e-05
 2.22471e+22	9.94e-30	7.25e-17	1.16e-13	1.15e-11	4.86e-10	1.49e-08	1.73e-05	2.09e-03	4.57e-02	1.67e-01	3.47e-01	3.03e-01	9.27e-02	2.40e-02	1.73e-02	9.14e-04	1.59e-05
 2.24451e+22	1.43e-29	1.00e-16	1.56e-13	1.49e-11	6.05e-10	1.79e-08	1.99e-05	2.34e-03	4.95e-02	1.75e-01	3.51e-01	2.96e-01	8.78e-02	2.21e-02	1.55e-02	7.86e-04	1.31e-05
 2.26504e+22	1.98e-29	1.34e-16	2.02e-13	1.87e-11	7.34e-10	2.10e-08	2.26e-05	2.58e-03	5.30e-02	1.82e-01	3.53e-01	2.91e-01	8.36e-02	2.05e-02	1.40e-02	6.86e-04	1.11e-05
 2.28345e+22	2.68e-29	1.74e-16	2.56e-13	2.30e-11	8.78e-10	2.43e-08	2.53e-05	2.82e-03	5.65e-02	1.88e-01	3.55e-01	2.85e-01	7.97e-02	1.91e-02	1.28e-02	6.05e-04	9.43e-06
 2.30429e+22	3.95e-29	2.47e-16	3.50e-13	3.03e-11	1.11e-09	2.95e-08	2.93e-05	3.17e-03	6.14e-02	1.97e-01	3.57e-01	2.77e-01	7.49e-02	1.74e-02	1.13e-02	5.12e-04	7.63e-06
 2.32561e+22	5.46e-29	3.30e-16	4.55e-13	3.82e-11	1.35e-09	3.47e-08	3.32e-05	3.49e-03	6.56e-02	2.04e-01	3.58e-01	2.71e-01	7.10e-02	1.61e-02	1.02e-02	4.44e-04	6.38e-06
 2.34465e+22	7.41e-29	4.33e-16	5.82e-13	4.74e-11	1.62e-09	4.05e-08	3.74e-05	3.83e-03	6.99e-02	2.10e-01	3.59e-01	2.65e-01	6.73e-02	1.49e-02	9.21e-03	3.89e-04	5.39e-06
 2.36651e+22	1.11e-28	6.27e-16	8.11e-13	6.35e-11	2.08e-09	4.97e-08	4.37e-05	4.32e-03	7.60e-02	2.19e-01	3.60e-01	2.56e-01	6.27e-02	1.34e-02	8.04e-03	3.23e-04	4.28e-06
 2.38853e+22	1.52e-28	8.29e-16	1.04e-12	7.94e-11	2.52e-09	5.82e-08	4.94e-05	4.74e-03	8.10e-02	2.26e-01	3.60e-01	2.49e-01	5.92e-02	1.24e-02	7.24e-03	2.81e-04	3.58e-06
 2.41077e+22	2.29e-28	1.21e-15	1.46e-12	1.07e-10	3.25e-09	7.19e-08	5.79e-05	5.36e-03	8.79e-02	2.35e-01	3.59e-01	2.40e-01	5.48e-02	1.11e-02	6.28e-03	2.32e-04	2.82e-06
 2.43326e+22	3.13e-28	1.61e-15	1.90e-12	1.34e-10	3.95e-09	8.46e-08	6.56e-05	5.89e-03	9.36e-02	2.42e-01	3.58e-01	2.33e-01	5.16e-02	1.02e-02	5.62e-03	2.00e-04	2.34e-06
 2.45609e+22	4.73e-28	2.36e-15	2.68e-12	1.83e-10	5.13e-09	1.05e-07	7.73e-05	6.68e-03	1.02e-01	2.51e-01	3.55e-01	2.23e-01	4.74e-02	9.09e-03	4.83e-03	1.63e-04	1.82e-06
 2.47925e+22	6.48e-28	3.16e-15	3.50e-12	2.31e-10	6.27e-09	1.24e-07	8.78e-05	7.35e-03	1.08e-01	2.58e-01	3.53e-01	2.16e-01	4.44e-02	8.30e-03	4.30e-03	1.40e-04	1.49e-06
 2.49871e+22	8.67e-28	4.16e-15	4.49e-12	2.88e-10	7.58e-09	1.45e-07	9.88e-05	8.04e-03	1.15e-01	2.65e-01	3.51e-01	2.09e-01	4.17e-02	7.62e-03	3.85e-03	1.20e-04	1.24e-06
 2.51707e+22	1.15e-27	5.42e-15	5.70e-12	3.56e-10	9.08e-09	1.69e-07	1.11e-04	8.77e-03	1.21e-01	2.71e-01	3.48e-01	2.02e-01	3.92e-02	7.01e-03	3.45e-03	1.04e-04	1.04e-06
 2.53810e+22	1.66e-27	7.73e-15	7.87e-12	4.74e-10	1.16e-08	2.08e-07	1.30e-04	9.85e-03	1.30e-01	2.78e-01	3.43e-01	1.93e-01	3.60e-02	6.25e-03	2.98e-03	8.54e-05	8.09e-07
 2.55916e+22	2.18e-27	1.01e-14	1.00e-11	5.88e-10	1.40e-08	2.43e-07	1.46e-04	1.07e-02	1.37e-01	2.84e-01	3.39e-01	1.86e-01	3.37e-02	5.73e-03	2.66e-03	7.36e-05	6.72e-07
 2.58025e+22	3.12e-27	1.43e-14	1.38e-11	7.82e-10	1.79e-08	2.99e-07	1.70e-04	1.21e-02	1.47e-01	2.91e-01	3.34e-01	1.77e-01	3.08e-02	5.09e-03	2.28e-03	6.01e-05	5.22e-07
 2.60178e+22	4.13e-27	1.89e-14	1.78e-11	9.80e-10	2.17e-08	3.53e-07	1.93e-04	1.32e-02	1.56e-01	2.97e-01	3.29e-01	1.70e-01	2.87e-02	4.63e-03	2.02e-03	5.12e-05	4.28e-07
 2.62390e+22	5.91e-27	2.71e-14	2.48e-11	1.32e-09	2.81e-08	4.39e-07	2.27e-04	1.49e-02	1.67e-01	3.03e-01	3.22e-01	1.61e-01	2.60e-02	4.08e-03	1.72e-03	4.12e-05	3.27e-07
 2.64651e+22	7.89e-27	3.63e-14	3.24e-11	1.68e-09	3.47e-08	5.25e-07	2.60e-04	1.65e-02	1.77e-01	3.08e-01	3.16e-01	1.53e-01	2.40e-02	3.68e-03	1.50e-03	3.45e-05	2.63e-07
 2.66979e+22	1.13e-26	5.30e-14	4.58e-11	2.30e-09	4.56e-08	6.63e-07	3.10e-04	1.87e-02	1.90e-01	3.14e-01	3.07e-01	1.44e-01	2.15e-02	3.20e-03	1.26e-03	2.73e-05	1.97e-07
 2.69349e+22	1.51e-26	7.14e-14	6.03e-11	2.95e-09	5.67e-08	8.00e-07	3.57e-04	2.07e-02	2.01e-01	3.19e-01	3.00e-01	1.36e-01	1.96e-02	2.85e-03	1.09e-03	2.26e-05	1.55e-07
 2.71768e+22	2.13e-26	1.05e-13	8.63e-11	4.09e-09	7.56e-08	1.03e-06	4.30e-04	2.37e-02	2.16e-01	3.23e-01	2.89e-01	1.26e-01	1.74e-02	2.45e-03	8.94e-04	1.75e-05	0.00e+00
 2.74201e+22	2.79e-26	1.41e-13	1.14e-10	5.27e-09	9.44e-08	1.24e-06	4.97e-04	2.63e-02	2.28e-01	3.27e-01	2.81e-01	1.19e-01	1.58e-02	2.17e-03	7.67e-04	1.43e-05	0.00e+00
 2.76565e+22	3.80e-26	2.01e-13	1.59e-10	7.16e-09	1.24e-07	1.58e-06	5.93e-04	2.99e-02	2.44e-01	3.29e-01	2.70e-01	1.10e-01	1.40e-02	1.87e-03	6.34e-04	1.12e-05	0.00e+00
 2.78958e+22	4.94e-26	2.70e-13	2.09e-10	9.26e-09	1.56e-07	1.92e-06	6.89e-04	3.32e-02	2.57e-01	3.31e-01	2.60e-01	1.03e-01	1.26e-02	1.64e-03	5.38e-04	9.05e-06	0.00e+00
 2.81130e+22	6.25e-26	3.59e-13	2.74e-10	1.19e-08	1.94e-07	2.34e-06	7.98e-04	3.68e-02	2.71e-01	3.32e-01	2.50e-01	9.59e-02	1.13e-02	1.44e-03	4.57e-04	7.33e-06	0.00e+00
 2.83196e+22	7.82e-26	4.64e-13	3.49e-10	1.49e-08	2.38e-07	2.80e-06	9.12e-04	4.05e-02	2.83e-01	3.33e-01	2.41e-01	8.97e-02	1.02e-02	1.28e-03	3.92e-04	6.02e-06	0.00e+00
 2.85412e+22	1.01e-25	6.32e-13	4.70e-10	1.97e-08	3.06e-07	3.50e-06	1.08e-03	4.55e-02	2.99e-01	3.32e-01	2.30e-01	8.24e-02	8.99e-03	1.09e-03	3.23e-04	4.70e-06	0.00e+00
 2.87600e+22	1.24e-25	8.02e-13	5.90e-10	2.45e-08	3.72e-07	4.16e-06	1.22e-03	4.97e-02	3.11e-01	3.31e-01	2.21e-01	7.68e-02	8.12e-03	9.68e-04	2.78e-04	3.87e-06	0.00e+00
 2.89803e+22	1.58e-25	1.08e-12	7.88e-10	3.22e-08	4.76e-07	5.20e-06	1.44e-03	5.57e-02	3.27e-01	3.29e-01	2.09e-01	7.00e-02	7.09e-03	8.24e-04	2.27e-04	3.00e-06	0.00e+00
 2.92003e+22	1.91e-25	1.35e-12	9.80e-10	3.97e-08	5.74e-07	6.15e-06	1.64e-03	6.07e-02	3.39e-01	3.27e-01	2.00e-01	6.51e-02	6.38e-03	7.26e-04	1.94e-04	2.46e-06	0.00e+00
 2.94212e+22	2.41e-25	1.80e-12	1.29e-09	5.18e-08	7.32e-07	7.66e-06	1.92e-03	6.77e-02	3.54e-01	3.23e-01	1.88e-01	5.89e-02	5.54e-03	6.14e-04	1.58e-04	1.90e-06	0.00e+00
 2.96424e+22	2.91e-25	2.23e-12	1.60e-09	6.33e-08	8.78e-07	9.02e-06	2.17e-03	7.35e-02	3.66e-01	3.20e-01	1.79e-01	5.45e-02	4.97e-03	5.39e-04	1.35e-04	1.55e-06	0.00e+00
 2.98638e+22	3.64e-25	2.92e-12	2.08e-09	8.20e-08	1.11e-06	1.12e-05	2.54e-03	8.16e-02	3.80e-01	3.14e-01	1.67e-01	4.90e-02	4.29e-03	4.53e-04	1.09e-04	1.19e-06	0.00e+00
 3.00862e+22	4.38e-25	3.57e-12	2.55e-09	9.96e-08	1.33e-06	1.31e-05	2.85e-03	8.82e-02	3.91e-01	3.10e-01	1.59e-01	4.51e-02	3.83e-03	3.96e-04	9.29e-05	9.70e-07	0.00e+00
 3.03098e+22	5.46e-25	4.62e-12	3.29e-09	1.28e-07	1.67e-06	1.62e-05	3.32e-03	9.74e-02	4.05e-01	3.03e-01	1.48e-01	4.04e-02	3.29e-03	3.31e-04	7.48e-05	7.40e-07	0.00e+00
 3.05350e+22	6.56e-25	5.61e-12	4.00e-09	1.55e-07	1.98e-06	1.89e-05	3.73e-03	1.05e-01	4.15e-01	2.97e-01	1.39e-01	3.70e-02	2.92e-03	2.88e-04	6.33e-05	6.00e-07	0.00e+00
 3.07623e+22	8.21e-25	7.17e-12	5.12e-09	1.97e-07	2.47e-06	2.32e-05	4.32e-03	1.15e-01	4.27e-01	2.89e-01	1.29e-01	3.29e-02	2.49e-03	2.39e-04	5.07e-05	4.55e-07	0.00e+00
 3.09926e+22	9.89e-25	8.67e-12	6.20e-09	2.38e-07	2.93e-06	2.72e-05	4.83e-03	1.24e-01	4.36e-01	2.82e-01	1.21e-01	2.99e-02	2.20e-03	2.07e-04	4.26e-05	3.66e-07	0.00e+00
 3.12267e+22	1.24e-24	1.10e-11	7.90e-09	3.02e-07	3.66e-06	3.33e-05	5.59e-03	1.36e-01	4.46e-01	2.73e-01	1.11e-01	2.64e-02	1.86e-03	1.70e-04	3.38e-05	2.75e-07	0.00e+00
 3.14644e+22	1.51e-24	1.32e-11	9.55e-09	3.63e-07	4.33e-06	3.89e-05	6.24e-03	1.45e-01	4.53e-01	2.66e-01	1.04e-01	2.39e-02	1.63e-03	1.46e-04	2.82e-05	2.20e-07	0.00e+00
 3.17068e+22	1.91e-24	1.67e-11	1.21e-08	4.61e-07	5.39e-06	4.77e-05	7.21e-03	1.58e-01	4.62e-01	2.55e-01	9.46e-02	2.09e-02	1.37e-03	1.19e-04	2.21e-05	1.63e-07	0.00e+00
 3.19542e+22	2.33e-24	2.01e-11	1.47e-08	5.55e-07	6.37e-06	5.57e-05	8.04e-03	1.69e-01	4.68e-01	2.47e-01	8.78e-02	1.88e-02	1.19e-03	1.01e-04	1.83e-05	1.29e-07	0.00e+00
 3.22084e+22	2.99e-24	2.52e-11	1.86e-08	7.04e-07	7.93e-06	6.83e-05	9.28e-03	1.84e-01	4.74e-01	2.36e-01	7.93e-02	1.63e-02	9.92e-04	8.13e-05	1.42e-05	0.00e+00	0.00e+00
 3.24650e+22	3.67e-24	3.02e-11	2.24e-08	8.44e-07	9.35e-06	7.95e-05	1.03e-02	1.95e-01	4.78e-01	2.27e-01	7.33e-02	1.45e-02	8.60e-04	6.88e-05	1.17e-05	0.00e+00	0.00e+00
 3.26829e+22	4.42e-24	3.55e-11	2.65e-08	9.97e-07	1.09e-05	9.16e-05	1.14e-02	2.07e-01	4.81e-01	2.19e-01	6.80e-02	1.31e-02	7.50e-04	5.87e-05	9.72e-06	0.00e+00	0.00e+00
 3.29247e+22	5.60e-24	4.36e-11	3.28e-08	1.23e-06	1.32e-05	1.10e-04	1.29e-02	2.21e-01	4.83e-01	2.09e-01	6.14e-02	1.14e-02	6.28e-04	4.77e-05	7.64e-06	0.00e+00	0.00e+00
 3.31565e+22	6.65e-24	5.03e-11	3.81e-08	1.43e-06	1.51e-05	1.24e-04	1.40e-02	2.32e-01	4.84e-01	2.02e-01	5.73e-02	1.03e-02	5.55e-04	4.14e-05	6.47e-06	0.00e+00	0.00e+00
 3.33756e+22	8.22e-24	6.01e-11	4.59e-08	1.72e-06	1.79e-05	1.45e-04	1.56e-02	2.46e-01	4.85e-01	1.92e-01	5.22e-02	9.05e-03	4.72e-04	3.42e-05	5.20e-06	0.00e+00	0.00e+00
 3.35975e+22	9.77e-24	6.92e-11	5.32e-08	1.99e-06	2.04e-05	1.64e-04	1.69e-02	2.57e-01	4.84e-01	1.85e-01	4.84e-02	8.17e-03	4.15e-04	2.95e-05	4.38e-06	0.00e+00	0.00e+00
 3.38233e+22	1.21e-23	8.23e-11	6.41e-08	2.39e-06	2.41e-05	1.93e-04	1.89e-02	2.72e-01	4.83e-01	1.75e-01	4.38e-02	7.14e-03	3.50e-04	2.42e-05	3.49e-06	0.00e+00	0.00e+00
 3.40505e+22	1.45e-23	9.49e-11	7.42e-08	2.76e-06	2.74e-05	2.17e-04	2.04e-02	2.83e-01	4.81e-01	1.68e-01	4.06e-02	6.43e-03	3.08e-04	2.09e-05	2.94e-06	0.00e+00	0.00e+00
 3.42794e+22	1.80e-23	1.13e-10	8.91e-08	3.31e-06	3.23e-05	2.54e-04	2.26e-02	2.98e-01	4.78e-01	1.59e-01	3.66e-02	5.60e-03	2.59e-04	1.71e-05	2.33e-06	0.00e+00	0.00e+00
 3.45112e+22	2.16e-23	1.30e-10	1.03e-07	3.82e-06	3.67e-05	2.85e-04	2.45e-02	3.10e-01	4.75e-01	1.52e-01	3.38e-02	5.03e-03	2.27e-04	1.46e-05	1.95e-06	0.00e+00	0.00e+00
 3.47467e+22	2.69e-23	1.54e-10	1.24e-07	4.58e-06	4.32e-05	3.33e-04	2.71e-02	3.25e-01	4.69e-01	1.43e-01	3.03e-02	4.35e-03	1.89e-04	1.19e-05	1.54e-06	0.00e+00	0.00e+00
 3.49858e+22	3.25e-23	1.78e-10	1.44e-07	5.29e-06	4.91e-05	3.75e-04	2.92e-02	3.37e-01	4.65e-01	1.36e-01	2.79e-02	3.89e-03	1.65e-04	1.01e-05	1.28e-06	0.00e+00	0.00e+00
 3.52296e+22	4.08e-23	2.12e-10	1.74e-07	6.35e-06	5.78e-05	4.38e-04	3.24e-02	3.53e-01	4.58e-01	1.28e-01	2.49e-02	3.34e-03	1.37e-04	8.17e-06	1.00e-06	0.00e+00	0.00e+00
 3.54777e+22	4.96e-23	2.46e-10	2.02e-07	7.34e-06	6.57e-05	4.93e-04	3.49e-02	3.65e-01	4.52e-01	1.21e-01	2.27e-02	2.97e-03	1.18e-04	6.91e-06	8.28e-07	0.00e+00	0.00e+00
 3.57314e+22	6.26e-23	2.94e-10	2.44e-07	8.84e-06	7.75e-05	5.76e-04	3.86e-02	3.82e-01	4.44e-01	1.13e-01	2.01e-02	2.53e-03	9.74e-05	5.52e-06	6.42e-07	0.00e+00	0.00e+00
 3.59907e+22	7.72e-23	3.44e-10	2.86e-07	1.03e-05	8.82e-05	6.48e-04	4.16e-02	3.94e-01	4.37e-01	1.07e-01	1.83e-02	2.24e-03	8.37e-05	4.64e-06	5.26e-07	0.00e+00	0.00e+00
 3.62571e+22	9.77e-23	4.12e-10	3.47e-07	1.24e-05	1.04e-04	7.61e-04	4.60e-02	4.11e-01	4.26e-01	9.85e-02	1.61e-02	1.89e-03	6.80e-05	3.66e-06	4.01e-07	0.00e+00	0.00e+00
 3.65248e+22	1.20e-22	4.81e-10	4.06e-07	1.44e-05	1.18e-04	8.55e-04	4.95e-02	4.22e-01	4.18e-01	9.28e-02	1.46e-02	1.66e-03	5.82e-05	3.06e-06	3.28e-07	0.00e+00	0.00e+00
 3.67939e+22	1.54e-22	5.78e-10	4.93e-07	1.73e-05	1.39e-04	9.98e-04	5.44e-02	4.38e-01	4.06e-01	8.55e-02	1.28e-02	1.40e-03	4.73e-05	2.41e-06	2.50e-07	0.00e+00	0.00e+00
 3.70668e+22	1.90e-22	6.78e-10	5.78e-07	2.01e-05	1.58e-04	1.12e-03	5.84e-02	4.50e-01	3.97e-01	8.02e-02	1.15e-02	1.23e-03	4.03e-05	2.01e-06	2.03e-07	0.00e+00	0.00e+00
 3.73446e+22	2.44e-22	8.20e-10	7.04e-07	2.42e-05	1.86e-04	1.31e-03	6.42e-02	4.65e-01	3.84e-01	7.35e-02	1.00e-02	1.03e-03	3.25e-05	1.57e-06	1.53e-07	0.00e+00	0.00e+00
 3.76151e+22	3.01e-22	9.57e-10	8.19e-07	2.78e-05	2.09e-04	1.45e-03	6.83e-02	4.75e-01	3.76e-01	6.92e-02	9.10e-03	9.06e-04	2.79e-05	1.32e-06	1.26e-07	0.00e+00	0.00e+00
 3.78762e+22	3.78e-22	1.14e-09	9.82e-07	3.31e-05	2.42e-04	1.67e-03	7.44e-02	4.89e-01	3.63e-01	6.35e-02	7.96e-03	7.64e-04	2.27e-05	1.05e-06	0.00e+00	0.00e+00	0.00e+00
 3.81235e+22	4.53e-22	1.30e-09	1.12e-06	3.73e-05	2.68e-04	1.83e-03	7.86e-02	4.97e-01	3.54e-01	5.99e-02	7.28e-03	6.82e-04	1.98e-05	8.96e-07	0.00e+00	0.00e+00	0.00e+00
 3.83530e+22	5.62e-22	1.53e-09	1.31e-06	4.32e-05	3.03e-04	2.05e-03	8.40e-02	5.07e-01	3.44e-01	5.57e-02	6.51e-03	5.92e-04	1.67e-05	7.38e-07	0.00e+00	0.00e+00	0.00e+00
 3.85937e+22	6.82e-22	1.77e-09	1.52e-06	4.92e-05	3.38e-04	2.27e-03	8.91e-02	5.16e-01	3.34e-01	5.22e-02	5.89e-03	5.21e-04	1.44e-05	6.20e-07	0.00e+00	0.00e+00	0.00e+00
 3.88140e+22	8.17e-22	2.03e-09	1.74e-06	5.58e-05	3.75e-04	2.50e-03	9.43e-02	5.24e-01	3.24e-01	4.89e-02	5.33e-03	4.60e-04	1.23e-05	5.23e-07	0.00e+00	0.00e+00	0.00e+00
 3.90651e+22	1.04e-21	2.43e-09	2.07e-06	6.55e-05	4.28e-04	2.82e-03	1.01e-01	5.33e-01	3.12e-01	4.50e-02	4.70e-03	3.92e-04	1.02e-05	4.21e-07	0.00e+00	0.00e+00	0.00e+00
 3.93208e+22	1.26e-21	2.82e-09	2.40e-06	7.47e-05	4.77e-04	3.11e-03	1.07e-01	5.40e-01	3.02e-01	4.19e-02	4.22e-03	3.43e-04	8.69e-06	3.52e-07	0.00e+00	0.00e+00	0.00e+00
 3.95824e+22	1.62e-21	3.41e-09	2.88e-06	8.80e-05	5.45e-04	3.52e-03	1.15e-01	5.49e-01	2.90e-01	3.83e-02	3.70e-03	2.91e-04	7.12e-06	2.81e-07	0.00e+00	0.00e+00	0.00e+00
 3.98490e+22	2.00e-21	4.00e-09	3.35e-06	1.01e-04	6.08e-04	3.89e-03	1.21e-01	5.55e-01	2.80e-01	3.56e-02	3.31e-03	2.53e-04	6.03e-06	2.33e-07	0.00e+00	0.00e+00	0.00e+00
 4.01221e+22	2.61e-21	4.89e-09	4.05e-06	1.19e-04	6.97e-04	4.40e-03	1.30e-01	5.62e-01	2.67e-01	3.23e-02	2.87e-03	2.12e-04	4.89e-06	1.84e-07	0.00e+00	0.00e+00	0.00e+00
 4.04008e+22	3.26e-21	5.79e-09	4.75e-06	1.37e-04	7.79e-04	4.86e-03	1.37e-01	5.68e-01	2.57e-01	2.98e-02	2.56e-03	1.83e-04	4.11e-06	1.51e-07	0.00e+00	0.00e+00	0.00e+00
 4.06487e+22	4.09e-21	6.86e-09	5.56e-06	1.57e-04	8.68e-04	5.35e-03	1.45e-01	5.72e-01	2.47e-01	2.76e-02	2.28e-03	1.59e-04	3.48e-06	1.25e-07	0.00e+00	0.00e+00	0.00e+00
 4.09329e+22	5.40e-21	8.48e-09	6.77e-06	1.87e-04	9.97e-04	6.07e-03	1.55e-01	5.77e-01	2.34e-01	2.49e-02	1.96e-03	1.32e-04	2.78e-06	0.00e+00	0.00e+00	0.00e+00	0.00e+00
 4.12187e+22	6.77e-21	1.01e-08	7.93e-06	2.15e-04	1.11e-03	6.67e-03	1.63e-01	5.80e-01	2.24e-01	2.29e-02	1.74e-03	1.14e-04	2.34e-06	0.00e+00	0.00e+00	0.00e+00	0.00e+00
 4.15066e+22	9.05e-21	1.25e-08	9.70e-06	2.55e-04	1.27e-03	7.52e-03	1.73e-01	5.83e-01	2.12e-01	2.06e-02	1.50e-03	9.49e-05	1.88e-06	0.00e+00	0.00e+00	0.00e+00	0.00e+00
 4.18006e+22	1.15e-20	1.51e-08	1.15e-05	2.95e-04	1.42e-03	8.29e-03	1.82e-01	5.85e-01	2.02e-01	1.89e-02	1.32e-03	8.13e-05	1.56e-06	0.00e+00	0.00e+00	0.00e+00	0.00e+00
 4.21023e+22	1.57e-20	1.91e-08	1.41e-05	3.52e-04	1.63e-03	9.36e-03	1.94e-01	5.86e-01	1.90e-01	1.69e-02	1.13e-03	6.69e-05	1.24e-06	0.00e+00	0.00e+00	0.00e+00	0.00e+00
 4.24078e+22	2.03e-20	2.31e-08	1.68e-05	4.08e-04	1.82e-03	1.03e-02	2.04e-01	5.86e-01	1.81e-01	1.54e-02	9.89e-04	5.70e-05	1.02e-06	0.00e+00	0.00e+00	0.00e+00	0.00e+00
 4.27182e+22	2.80e-20	2.95e-08	2.08e-05	4.89e-04	2.09e-03	1.16e-02	2.17e-01	5.85e-01	1.69e-01	1.37e-02	8.39e-04	4.66e-05	8.07e-07	0.00e+00	0.00e+00	0.00e+00	0.00e+00
 4.30335e+22	3.65e-20	3.61e-08	2.49e-05	5.68e-04	2.34e-03	1.28e-02	2.27e-01	5.84e-01	1.60e-01	1.24e-02	7.32e-04	3.94e-05	6.62e-07	0.00e+00	0.00e+00	0.00e+00	0.00e+00
 4.33552e+22	5.11e-20	4.65e-08	3.10e-05	6.83e-04	2.69e-03	1.44e-02	2.41e-01	5.81e-01	1.49e-01	1.10e-02	6.18e-04	3.21e-05	5.19e-07	0.00e+00	0.00e+00	0.00e+00	0.00e+00
 4.36831e+22	6.76e-20	5.75e-08	3.74e-05	7.98e-04	3.02e-03	1.60e-02	2.53e-01	5.77e-01	1.40e-01	9.83e-03	5.32e-04	2.68e-05	4.19e-07	0.00e+00	0.00e+00	0.00e+00	0.00e+00
 4.39699e+22	8.90e-20	7.07e-08	4.46e-05	9.23e-04	3.37e-03	1.74e-02	2.63e-01	5.73e-01	1.32e-01	8.91e-03	4.65e-04	2.27e-05	3.45e-07	0.00e+00	0.00e+00	0.00e+00	0.00e+00
 4.42936e+22	1.25e-19	9.14e-08	5.57e-05	1.11e-03	3.85e-03	1.95e-02	2.77e-01	5.67e-01	1.23e-01	7.86e-03	3.91e-04	1.85e-05	2.70e-07	0.00e+00	0.00e+00	0.00e+00	0.00e+00
 4.46356e+22	1.72e-19	1.16e-07	6.81e-05	1.31e-03	4.35e-03	2.16e-02	2.90e-01	5.61e-01	1.14e-01	6.98e-03	3.33e-04	1.52e-05	2.15e-07	0.00e+00	0.00e+00	0.00e+00	0.00e+00
 4.49133e+22	2.19e-19	1.39e-07	7.95e-05	1.48e-03	4.77e-03	2.33e-02	3.01e-01	5.55e-01	1.08e-01	6.36e-03	2.94e-04	1.31e-05	1.80e-07	0.00e+00	0.00e+00	0.00e+00	0.00e+00
 4.51861e+22	2.91e-19	1.72e-07	9.53e-05	1.72e-03	5.31e-03	2.55e-02	3.12e-01	5.48e-01	1.01e-01	5.71e-03	2.55e-04	1.10e-05	1.47e-07	0.00e+00	0.00e+00	0.00e+00	0.00e+00
 4.54771e+22	3.81e-19	2.10e-07	1.13e-04	1.97e-03	5.86e-03	2.76e-02	3.23e-01	5.41e-01	9.53e-02	5.16e-03	2.22e-04	9.34e-06	0.00e+00	0.00e+00	0.00e+00	0.00e+00	0.00e+00
 4.57483e+22	4.94e-19	2.55e-07	1.33e-04	2.25e-03	6.44e-03	2.98e-02	3.34e-01	5.33e-01	8.95e-02	4.67e-03	1.95e-04	7.96e-06	0.00e+00	0.00e+00	0.00e+00	0.00e+00	0.00e+00
 4.60574e+22	6.91e-19	3.27e-07	1.63e-04	2.65e-03	7.26e-03	3.28e-02	3.47e-01	5.23e-01	8.27e-02	4.12e-03	1.65e-04	6.51e-06	0.00e+00	0.00e+00	0.00e+00	0.00e+00	0.00e+00
 4.63752e+22	9.24e-19	4.06e-07	1.96e-04	3.07e-03	8.04e-03	3.57e-02	3.59e-01	5.13e-01	7.69e-02	3.67e-03	1.42e-04	5.43e-06	0.00e+00	0.00e+00	0.00e+00	0.00e+00	0.00e+00
 4.66561e+22	1.21e-18	4.96e-07	2.31e-04	3.51e-03	8.84e-03	3.85e-02	3.70e-01	5.04e-01	7.19e-02	3.30e-03	1.23e-04	4.60e-06	0.00e+00	0.00e+00	0.00e+00	0.00e+00	0.00e+00
 4.69730e+22	1.71e-18	6.40e-07	2.85e-04	4.14e-03	9.94e-03	4.23e-02	3.83e-01	4.91e-01	6.60e-02	2.89e-03	1.03e-04	3.73e-06	0.00e+00	0.00e+00	0.00e+00	0.00e+00	0.00e+00
 4.72948e+22	2.29e-18	7.92e-07	3.40e-04	4.76e-03	1.10e-02	4.57e-02	3.94e-01	4.80e-01	6.12e-02	2.57e-03	8.90e-05	3.12e-06	0.00e+00	0.00e+00	0.00e+00	0.00e+00	0.00e+00
 4.75768e+22	3.02e-18	9.71e-07	4.02e-04	5.44e-03	1.20e-02	4.91e-02	4.05e-01	4.69e-01	5.69e-02	2.30e-03	7.70e-05	2.63e-06	0.00e+00	0.00e+00	0.00e+00	0.00e+00	0.00e+00
 4.78972e+22	4.29e-18	1.25e-06	4.95e-04	6.41e-03	1.35e-02	5.37e-02	4.17e-01	4.55e-01	5.19e-02	2.00e-03	6.43e-05	2.12e-06	0.00e+00	0.00e+00	0.00e+00	0.00e+00	0.00e+00
 4.82278e+22	5.82e-18	1.57e-06	5.94e-04	7.38e-03	1.48e-02	5.79e-02	4.27e-01	4.42e-01	4.77e-02	1.77e-03	5.48e-05	1.75e-06	0.00e+00	0.00e+00	0.00e+00	0.00e+00	0.00e+00
 4.85232e+22	7.78e-18	1.93e-06	7.05e-04	8.44e-03	1.63e-02	6.22e-02	4.37e-01	4.30e-01	4.40e-02	1.57e-03	4.70e-05	1.46e-06	0.00e+00	0.00e+00	0.00e+00	0.00e+00	0.00e+00
 4.88588e+22	1.12e-17	2.52e-06	8.74e-04	9.98e-03	1.82e-02	6.78e-02	4.48e-01	4.14e-01	3.98e-02	1.35e-03	3.88e-05	1.17e-06	0.00e+00	0.00e+00	0.00e+00	0.00e+00	0.00e+00
 4.92058e+22	1.55e-17	3.18e-06	1.05e-03	1.15e-02	2.01e-02	7.31e-02	4.58e-01	3.99e-01	3.62e-02	1.18e-03	3.26e-05	9.50e-07	0.00e+00	0.00e+00	0.00e+00	0.00e+00	0.00e+00
 4.95156e+22	2.11e-17	3.95e-06	1.26e-03	1.32e-02	2.20e-02	7.83e-02	4.66e-01	3.85e-01	3.31e-02	1.04e-03	2.77e-05	7.84e-07	0.00e+00	0.00e+00	0.00e+00	0.00e+00	0.00e+00
 4.98663e+22	3.09e-17	5.20e-06	1.56e-03	1.56e-02	2.46e-02	8.52e-02	4.75e-01	3.67e-01	2.95e-02	8.81e-04	2.26e-05	6.15e-07	0.00e+00	0.00e+00	0.00e+00	0.00e+00	0.00e+00
 5.02262e+22	4.32e-17	6.58e-06	1.89e-03	1.81e-02	2.71e-02	9.15e-02	4.83e-01	3.51e-01	2.66e-02	7.62e-04	1.88e-05	4.96e-07	0.00e+00	0.00e+00	0.00e+00	0.00e+00	0.00e+00
 5.05441e+22	5.90e-17	8.19e-06	2.25e-03	2.06e-02	2.95e-02	9.75e-02	4.89e-01	3.37e-01	2.42e-02	6.65e-04	1.58e-05	4.05e-07	0.00e+00	0.00e+00	0.00e+00	0.00e+00	0.00e+00
 5.09033e+22	8.75e-17	1.08e-05	2.79e-03	2.43e-02	3.28e-02	1.05e-01	4.95e-01	3.18e-01	2.13e-02	5.59e-04	1.27e-05	3.14e-07	0.00e+00	0.00e+00	0.00e+00	0.00e+00	0.00e+00
 5.12731e+22	1.23e-16	1.37e-05	3.37e-03	2.80e-02	3.60e-02	1.13e-01	4.99e-01	3.02e-01	1.90e-02	4.78e-04	1.05e-05	2.51e-07	0.00e+00	0.00e+00	0.00e+00	0.00e+00	0.00e+00
 5.16011e+22	1.70e-16	1.71e-05	4.01e-03	3.19e-02	3.91e-02	1.20e-01	5.01e-01	2.87e-01	1.71e-02	4.13e-04	8.74e-06	2.03e-07	0.00e+00	0.00e+00	0.00e+00	0.00e+00	0.00e+00
 5.19723e+22	2.57e-16	2.26e-05	5.00e-03	3.76e-02	4.33e-02	1.29e-01	5.03e-01	2.67e-01	1.48e-02	3.41e-04	6.90e-06	1.54e-07	0.00e+00	0.00e+00	0.00e+00	0.00e+00	0.00e+00
 5.23522e+22	3.63e-16	2.86e-05	5.99e-03	4.30e-02	4.70e-02	1.36e-01	5.03e-01	2.51e-01	1.31e-02	2.90e-04	5.64e-06	0.00e+00	0.00e+00	0.00e+00	0.00e+00	0.00e+00	0.00e+00
 5.27437e+22	5.61e-16	3.82e-05	7.50e-03	5.07e-02	5.20e-02	1.46e-01	5.01e-01	2.32e-01	1.12e-02	2.36e-04	4.37e-06	0.00e+00	0.00e+00	0.00e+00	0.00e+00	0.00e+00	0.00e+00
 5.31406e+22	8.04e-16	4.84e-05	9.00e-03	5.80e-02	5.63e-02	1.54e-01	4.97e-01	2.15e-01	9.76e-03	1.98e-04	3.52e-06	0.00e+00	0.00e+00	0.00e+00	0.00e+00	0.00e+00	0.00e+00
 5.35445e+22	1.25e-15	6.44e-05	1.12e-02	6.79e-02	6.18e-02	1.64e-01	4.90e-01	1.97e-01	8.27e-03	1.60e-04	2.71e-06	0.00e+00	0.00e+00	0.00e+00	0.00e+00	0.00e+00	0.00e+00
 5.39592e+22	1.84e-15	8.24e-05	1.35e-02	7.76e-02	6.68e-02	1.72e-01	4.83e-01	1.81e-01	7.09e-03	1.31e-04	2.14e-06	0.00e+00	0.00e+00	0.00e+00	0.00e+00	0.00e+00	0.00e+00
 5.43265e+22	2.64e-15	1.03e-04	1.61e-02	8.77e-02	7.15e-02	1.79e-01	4.73e-01	1.66e-01	6.11e-03	1.09e-04	1.70e-06	0.00e+00	0.00e+00	0.00e+00	0.00e+00	0.00e+00	0.00e+00
 5.47428e+22	4.19e-15	1.38e-04	1.99e-02	1.02e-01	7.76e-02	1.88e-01	4.59e-01	1.48e-01	5.04e-03	8.60e-05	1.27e-06	0.00e+00	0.00e+00	0.00e+00	0.00e+00	0.00e+00	0.00e+00
 5.51714e+22	6.23e-15	1.74e-04	2.37e-02	1.15e-01	8.28e-02	1.95e-01	4.45e-01	1.34e-01	4.25e-03	6.96e-05	9.86e-07	0.00e+00	0.00e+00	0.00e+00	0.00e+00	0.00e+00	0.00e+00
 5.55578e+22	9.16e-15	2.19e-04	2.81e-02	1.29e-01	8.78e-02	2.01e-01	4.30e-01	1.21e-01	3.59e-03	5.67e-05	7.69e-07	0.00e+00	0.00e+00	0.00e+00	0.00e+00	0.00e+00	0.00e+00
 5.59437e+22	1.36e-14	2.74e-04	3.31e-02	1.44e-01	9.26e-02	2.06e-01	4.13e-01	1.08e-01	3.00e-03	4.57e-05	5.93e-07	0.00e+00	0.00e+00	0.00e+00	0.00e+00	0.00e+00	0.00e+00
 5.63282e+22	1.99e-14	3.39e-04	3.86e-02	1.60e-01	9.72e-02	2.10e-01	3.95e-01	9.65e-02	2.52e-03	3.70e-05	4.60e-07	0.00e+00	0.00e+00	0.00e+00	0.00e+00	0.00e+00	0.00e+00
 5.67690e+22	3.32e-14	4.47e-04	4.71e-02	1.81e-01	1.03e-01	2.14e-01	3.70e-01	8.24e-02	1.97e-03	2.78e-05	3.25e-07	0.00e+00	0.00e+00	0.00e+00	0.00e+00	0.00e+00	0.00e+00
 5.71759e+22	4.61e-14	5.29e-04	5.31e-02	1.96e-01	1.06e-01	2.15e-01	3.53e-01	7.43e-02	1.68e-03	2.31e-05	2.60e-07	0.00e+00	0.00e+00	0.00e+00	0.00e+00	0.00e+00	0.00e+00
 5.75388e+22	6.90e-14	6.52e-04	6.15e-02	2.14e-01	1.10e-01	2.16e-01	3.32e-01	6.48e-02	1.37e-03	1.82e-05	1.96e-07	0.00e+00	0.00e+00	0.00e+00	0.00e+00	0.00e+00	0.00e+00
 5.79152e+22	1.00e-13	7.77e-04	6.95e-02	2.31e-01	1.12e-01	2.16e-01	3.12e-01	5.72e-02	1.14e-03	1.47e-05	1.52e-07	0.00e+00	0.00e+00	0.00e+00	0.00e+00	0.00e+00	0.00e+00
 5.82559e+22	1.41e-13	9.18e-04	7.78e-02	2.47e-01	1.15e-01	2.15e-01	2.93e-01	5.06e-02	9.53e-04	1.20e-05	0.00e+00	0.00e+00	0.00e+00	0.00e+00	0.00e+00	0.00e+00	0.00e+00
 5.86454e+22	2.25e-13	1.13e-03	8.97e-02	2.67e-01	1.17e-01	2.12e-01	2.69e-01	4.28e-02	7.50e-04	9.12e-06	0.00e+00	0.00e+00	0.00e+00	0.00e+00	0.00e+00	0.00e+00	0.00e+00
 5.90401e+22	3.39e-13	1.33e-03	1.00e-01	2.84e-01	1.18e-01	2.09e-01	2.50e-01	3.72e-02	6.13e-04	7.26e-06	0.00e+00	0.00e+00	0.00e+00	0.00e+00	0.00e+00	0.00e+00	0.00e+00
 5.94418e+22	5.38e-13	1.62e-03	1.14e-01	3.04e-01	1.19e-01	2.04e-01	2.26e-01	3.11e-02	4.77e-04	5.47e-06	0.00e+00	0.00e+00	0.00e+00	0.00e+00	0.00e+00	0.00e+00	0.00e+00
 5.98531e+22	9.08e-13	1.92e-03	1.27e-01	3.21e-01	1.19e-01	1.98e-01	2.06e-01	2.64e-02	3.79e-04	4.24e-06	0.00e+00	0.00e+00	0.00e+00	0.00e+00	0.00e+00	0.00e+00	0.00e+00
 6.02137e+22	1.31e-12	2.23e-03	1.39e-01	3.35e-01	1.19e-01	1.92e-01	1.89e-01	2.26e-02	3.07e-04	3.36e-06	0.00e+00	0.00e+00	0.00e+00	0.00e+00	0.00e+00	0.00e+00	0.00e+00
 6.05485e+22	2.01e-12	2.55e-03	1.51e-01	3.48e-01	1.18e-01	1.87e-01	1.73e-01	1.96e-02	2.52e-04	2.69e-06	0.00e+00	0.00e+00	0.00e+00	0.00e+00	0.00e+00	0.00e+00	0.00e+00
 6.08642e+22	3.80e-12	2.88e-03	1.63e-01	3.59e-01	1.17e-01	1.81e-01	1.60e-01	1.70e-02	2.09e-04	2.19e-06	0.00e+00	0.00e+00	0.00e+00	0.00e+00	0.00e+00	0.00e+00	0.00e+00
 6.12258e+22	6.57e-12	3.36e-03	1.79e-01	3.73e-01	1.15e-01	1.73e-01	1.43e-01	1.41e-02	1.62e-04	1.66e-06	0.00e+00	0.00e+00	0.00e+00	0.00e+00	0.00e+00	0.00e+00	0.00e+00
 6.15932e+22	1.42e-11	3.81e-03	1.93e-01	3.83e-01	1.14e-01	1.65e-01	1.29e-01	1.20e-02	1.31e-04	1.31e-06	0.00e+00	0.00e+00	0.00e+00	0.00e+00	0.00e+00	0.00e+00	0.00e+00
 6.19162e+22	2.60e-11	4.29e-03	2.07e-01	3.92e-01	1.11e-01	1.58e-01	1.17e-01	1.03e-02	1.06e-04	1.05e-06	0.00e+00	0.00e+00	0.00e+00	0.00e+00	0.00e+00	0.00e+00	0.00e+00
 6.22842e+22	7.46e-11	4.96e-03	2.24e-01	4.01e-01	1.08e-01	1.49e-01	1.03e-01	8.39e-03	8.13e-05	7.84e-07	0.00e+00	0.00e+00	0.00e+00	0.00e+00	0.00e+00	0.00e+00	0.00e+00
 6.26580e+22	6.24e-10	5.58e-03	2.39e-01	4.08e-01	1.06e-01	1.41e-01	9.26e-02	7.04e-03	6.46e-05	6.12e-07	0.00e+00	0.00e+00	0.00e+00	0.00e+00	0.00e+00	0.00e+00	0.00e+00
 6.29875e+22	1.33e-09	6.23e-03	2.54e-01	4.14e-01	1.03e-01	1.34e-01	8.32e-02	5.95e-03	5.19e-05	4.83e-07	0.00e+00	0.00e+00	0.00e+00	0.00e+00	0.00e+00	0.00e+00	0.00e+00
 6.33640e+22	2.39e-09	7.16e-03	2.74e-01	4.19e-01	9.87e-02	1.25e-01	7.22e-02	4.76e-03	3.89e-05	3.55e-07	0.00e+00	0.00e+00	0.00e+00	0.00e+00	0.00e+00	0.00e+00	0.00e+00
 6.37447e+22	3.27e-09	7.97e-03	2.89e-01	4.22e-01	9.54e-02	1.17e-01	6.42e-02	3.97e-03	3.08e-05	2.76e-07	0.00e+00	0.00e+00	0.00e+00	0.00e+00	0.00e+00	0.00e+00	0.00e+00
 6.41306e+22	4.63e-09	9.09e-03	3.09e-01	4.24e-01	9.11e-02	1.08e-01	5.52e-02	3.15e-03	2.29e-05	2.01e-07	0.00e+00	0.00e+00	0.00e+00	0.00e+00	0.00e+00	0.00e+00	0.00e+00
 6.45220e+22	5.19e-09	1.01e-02	3.26e-01	4.25e-01	8.74e-02	1.01e-01	4.86e-02	2.59e-03	1.78e-05	1.54e-07	0.00e+00	0.00e+00	0.00e+00	0.00e+00	0.00e+00	0.00e+00	0.00e+00
 6.49203e+22	7.53e-09	1.15e-02	3.46e-01	4.24e-01	8.28e-02	9.18e-02	4.13e-02	2.03e-03	1.31e-05	0.00e+00	0.00e+00	0.00e+00	0.00e+00	0.00e+00	0.00e+00	0.00e+00	0.00e+00
 6.53231e+22	9.56e-09	1.28e-02	3.63e-01	4.22e-01	7.89e-02	8.49e-02	3.61e-02	1.65e-03	1.01e-05	0.00e+00	0.00e+00	0.00e+00	0.00e+00	0.00e+00	0.00e+00	0.00e+00	0.00e+00
 6.57318e+22	1.51e-08	1.45e-02	3.84e-01	4.18e-01	7.42e-02	7.68e-02	3.04e-02	1.27e-03	7.29e-06	0.00e+00	0.00e+00	0.00e+00	0.00e+00	0.00e+00	0.00e+00	0.00e+00	0.00e+00
 6.61458e+22	1.81e-08	1.60e-02	4.01e-01	4.14e-01	7.04e-02	7.05e-02	2.63e-02	1.02e-03	5.54e-06	0.00e+00	0.00e+00	0.00e+00	0.00e+00	0.00e+00	0.00e+00	0.00e+00	0.00e+00
 6.65665e+22	2.87e-08	1.81e-02	4.23e-01	4.08e-01	6.57e-02	6.32e-02	2.19e-02	7.81e-04	3.97e-06	0.00e+00	0.00e+00	0.00e+00	0.00e+00	0.00e+00	0.00e+00	0.00e+00	0.00e+00
 6.69946e+22	3.86e-08	2.00e-02	4.40e-01	4.01e-01	6.19e-02	5.75e-02	1.88e-02	6.21e-04	2.99e-06	0.00e+00	0.00e+00	0.00e+00	0.00e+00	0.00e+00	0.00e+00	0.00e+00	0.00e+00
 6.74324e+22	6.99e-08	2.25e-02	4.62e-01	3.92e-01	5.73e-02	5.10e-02	1.55e-02	4.66e-04	2.10e-06	0.00e+00	0.00e+00	0.00e+00	0.00e+00	0.00e+00	0.00e+00	0.00e+00	0.00e+00
 6.78789e+22	1.10e-07	2.48e-02	4.79e-01	3.83e-01	5.36e-02	4.60e-02	1.32e-02	3.65e-04	1.56e-06	0.00e+00	0.00e+00	0.00e+00	0.00e+00	0.00e+00	0.00e+00	0.00e+00	0.00e+00
 6.81400e+22	1.35e-07	2.55e-02	4.83e-01	3.82e-01	5.24e-02	4.46e-02	1.25e-02	3.38e-04	1.41e-06	0.00e+00	0.00e+00	0.00e+00	0.00e+00	0.00e+00	0.00e+00	0.00e+00	0.00e+00
 6.82831e+22	1.57e-07	2.64e-02	4.89e-01	3.78e-01	5.12e-02	4.28e-02	1.18e-02	3.10e-04	1.27e-06	0.00e+00	0.00e+00	0.00e+00	0.00e+00	0.00e+00	0.00e+00	0.00e+00	0.00e+00
 6.84690e+22	1.99e-07	2.78e-02	4.98e-01	3.73e-01	4.93e-02	4.05e-02	1.08e-02	2.71e-04	1.08e-06	0.00e+00	0.00e+00	0.00e+00	0.00e+00	0.00e+00	0.00e+00	0.00e+00	0.00e+00
 6.87108e+22	2.47e-07	2.96e-02	5.09e-01	3.66e-01	4.72e-02	3.77e-02	9.68e-03	2.31e-04	8.93e-07	0.00e+00	0.00e+00	0.00e+00	0.00e+00	0.00e+00	0.00e+00	0.00e+00	0.00e+00
 6.90251e+22	3.41e-07	3.22e-02	5.25e-01	3.56e-01	4.42e-02	3.42e-02	8.31e-03	1.85e-04	6.82e-07	0.00e+00	0.00e+00	0.00e+00	0.00e+00	0.00e+00	0.00e+00	0.00e+00	0.00e+00
 6.93551e+22	4.58e-07	3.43e-02	5.36e-01	3.49e-01	4.19e-02	3.15e-02	7.36e-03	1.55e-04	5.50e-07	0.00e+00	0.00e+00	0.00e+00	0.00e+00	0.00e+00	0.00e+00	0.00e+00	0.00e+00
 6.97057e+22	7.34e-07	3.74e-02	5.52e-01	3.37e-01	3.90e-02	2.82e-02	6.23e-03	1.21e-04	4.11e-07	0.00e+00	0.00e+00	0.00e+00	0.00e+00	0.00e+00	0.00e+00	0.00e+00	0.00e+00
 7.00502e+22	1.04e-06	4.00e-02	5.62e-01	3.29e-01	3.69e-02	2.59e-02	5.49e-03	1.01e-04	3.28e-07	0.00e+00	0.00e+00	0.00e+00	0.00e+00	0.00e+00	0.00e+00	0.00e+00	0.00e+00
 7.03865e+22	1.52e-06	4.32e-02	5.76e-01	3.18e-01	3.44e-02	2.33e-02	4.70e-03	8.00e-05	2.51e-07	0.00e+00	0.00e+00	0.00e+00	0.00e+00	0.00e+00	0.00e+00	0.00e+00	0.00e+00
 7.07308e+22	2.03e-06	4.61e-02	5.87e-01	3.09e-01	3.24e-02	2.13e-02	4.11e-03	6.58e-05	1.99e-07	0.00e+00	0.00e+00	0.00e+00	0.00e+00	0.00e+00	0.00e+00	0.00e+00	0.00e+00
 7.10855e+22	2.61e-06	5.00e-02	6.01e-01	2.96e-01	3.01e-02	1.89e-02	3.47e-03	5.14e-05	1.49e-07	0.00e+00	0.00e+00	0.00e+00	0.00e+00	0.00e+00	0.00e+00	0.00e+00	0.00e+00
 7.14408e+22	3.24e-06	5.33e-02	6.12e-01	2.87e-01	2.82e-02	1.72e-02	3.03e-03	4.21e-05	0.00e+00	0.00e+00	0.00e+00	0.00e+00	0.00e+00	0.00e+00	0.00e+00	0.00e+00	0.00e+00
 7.17969e+22	3.94e-06	5.77e-02	6.25e-01	2.74e-01	2.61e-02	1.52e-02	2.54e-03	3.27e-05	0.00e+00	0.00e+00	0.00e+00	0.00e+00	0.00e+00	0.00e+00	0.00e+00	0.00e+00	0.00e+00
 7.21535e+22	4.67e-06	6.14e-02	6.35e-01	2.63e-01	2.44e-02	1.38e-02	2.21e-03	2.67e-05	0.00e+00	0.00e+00	0.00e+00	0.00e+00	0.00e+00	0.00e+00	0.00e+00	0.00e+00	0.00e+00
