#depth	Ar	Ar+	Ar+2	Ar+3	Ar+4	Ar+5	Ar+6	Ar+7	Ar+8	Ar+9	Ar+10	Ar+11	Ar+12	Ar+13	Ar+14	Ar+15	Ar+16	Ar+17	Ar+18
 4.62852e+21	0.00e+00	1.13e-31	1.09e-25	2.18e-22	2.55e-19	1.13e-16	2.77e-14	8.61e-12	8.96e-09	8.54e-07	3.28e-05	5.03e-04	4.81e-03	1.98e-02	4.61e-02	1.10e-01	4.87e-01	2.79e-01	5.27e-02
 1.03955e+22	0.00e+00	5.28e-29	3.67e-23	4.54e-20	3.15e-17	8.09e-15	1.14e-12	2.02e-10	1.96e-07	1.50e-05	4.20e-04	4.37e-03	2.84e-02	7.44e-02	1.06e-01	1.54e-01	4.51e-01	1.62e-01	1.93e-02
 1.20872e+22	0.00e+00	1.24e-27	7.32e-22	6.80e-19	3.49e-16	6.54e-14	6.61e-12	8.57e-10	8.66e-07	6.07e-05	1.45e-03	1.22e-02	6.44e-02	1.32e-01	1.43e-01	1.60e-01	3.74e-01	1.04e-01	9.66e-03
 1.29169e+22	6.04e-34	6.44e-27	3.52e-21	2.78e-18	1.20e-15	1.88e-13	1.57e-11	1.70e-09	1.81e-06	1.22e-04	2.69e-03	2.02e-02	9.48e-02	1.69e-01	1.59e-01	1.53e-01	3.18e-01	7.72e-02	6.23e-03
 1.32626e+22	9.42e-34	9.84e-27	5.26e-21	3.97e-18	1.64e-15	2.45e-13	1.96e-11	2.02e-09	2.17e-06	1.45e-04	3.13e-03	2.28e-02	1.04e-01	1.79e-01	1.62e-01	1.50e-01	3.03e-01	7.09e-02	5.51e-03
 1.33810e+22	1.30e-33	1.33e-26	7.03e-21	5.15e-18	2.05e-15	2.97e-13	2.28e-11	2.27e-09	2.47e-06	1.64e-04	3.49e-03	2.49e-02	1.11e-01	1.86e-01	1.64e-01	1.48e-01	2.92e-01	6.64e-02	5.03e-03
 1.34943e+22	1.97e-33	1.98e-26	1.03e-20	7.19e-18	2.75e-15	3.79e-13	2.78e-11	2.65e-09	2.91e-06	1.93e-04	4.01e-03	2.78e-02	1.21e-01	1.95e-01	1.66e-01	1.44e-01	2.77e-01	6.09e-02	4.46e-03
 1.36065e+22	2.68e-33	2.66e-26	1.36e-20	9.22e-18	3.41e-15	4.55e-13	3.22e-11	2.96e-09	3.29e-06	2.16e-04	4.43e-03	3.01e-02	1.28e-01	2.02e-01	1.67e-01	1.41e-01	2.66e-01	5.69e-02	4.06e-03
 1.37020e+22	3.64e-33	3.57e-26	1.79e-20	1.18e-17	4.23e-15	5.45e-13	3.72e-11	3.31e-09	3.71e-06	2.43e-04	4.90e-03	3.26e-02	1.36e-01	2.09e-01	1.68e-01	1.38e-01	2.55e-01	5.31e-02	3.69e-03
 1.38108e+22	5.45e-33	5.25e-26	2.59e-20	1.63e-17	5.59e-15	6.89e-13	4.49e-11	3.82e-09	4.33e-06	2.81e-04	5.57e-03	3.60e-02	1.46e-01	2.17e-01	1.69e-01	1.34e-01	2.40e-01	4.84e-02	3.25e-03
 1.39191e+22	7.41e-33	7.03e-26	3.41e-20	2.09e-17	6.92e-15	8.24e-13	5.18e-11	4.25e-09	4.87e-06	3.14e-04	6.13e-03	3.88e-02	1.54e-01	2.24e-01	1.69e-01	1.31e-01	2.29e-01	4.50e-02	2.94e-03
 1.40266e+22	1.11e-32	1.03e-25	4.91e-20	2.87e-17	9.13e-15	1.04e-12	6.23e-11	4.88e-09	5.65e-06	3.62e-04	6.93e-03	4.27e-02	1.65e-01	2.32e-01	1.69e-01	1.26e-01	2.15e-01	4.07e-02	2.58e-03
 1.41360e+22	1.52e-32	1.39e-25	6.54e-20	3.70e-17	1.14e-14	1.25e-12	7.20e-11	5.45e-09	6.35e-06	4.05e-04	7.62e-03	4.60e-02	1.73e-01	2.38e-01	1.68e-01	1.22e-01	2.04e-01	3.76e-02	2.31e-03
 1.42477e+22	2.31e-32	2.08e-25	9.56e-20	5.17e-17	1.52e-14	1.59e-12	8.72e-11	6.29e-09	7.39e-06	4.68e-04	8.62e-03	5.05e-02	1.85e-01	2.45e-01	1.67e-01	1.17e-01	1.90e-01	3.37e-02	2.00e-03
 1.43603e+22	3.20e-32	2.83e-25	1.29e-19	6.71e-17	1.90e-14	1.92e-12	1.01e-10	7.03e-09	8.29e-06	5.22e-04	9.47e-03	5.43e-02	1.94e-01	2.50e-01	1.66e-01	1.13e-01	1.79e-01	3.08e-02	1.78e-03
 1.44742e+22	4.91e-32	4.26e-25	1.89e-19	9.44e-17	2.55e-14	2.45e-12	1.23e-10	8.13e-09	9.62e-06	6.01e-04	1.07e-02	5.95e-02	2.07e-01	2.57e-01	1.64e-01	1.08e-01	1.65e-01	2.74e-02	1.52e-03
 1.45853e+22	6.65e-32	5.69e-25	2.49e-19	1.20e-16	3.14e-14	2.92e-12	1.41e-10	9.02e-09	1.07e-05	6.64e-04	1.16e-02	6.33e-02	2.15e-01	2.61e-01	1.62e-01	1.04e-01	1.56e-01	2.51e-02	1.36e-03
 1.46927e+22	9.95e-32	8.35e-25	3.59e-19	1.66e-16	4.14e-14	3.68e-12	1.70e-10	1.03e-08	1.22e-05	7.54e-04	1.29e-02	6.86e-02	2.27e-01	2.66e-01	1.59e-01	9.84e-02	1.44e-01	2.23e-02	1.16e-03
 1.48021e+22	1.36e-31	1.13e-24	4.77e-19	2.13e-16	5.14e-14	4.42e-12	1.96e-10	1.15e-08	1.36e-05	8.32e-04	1.40e-02	7.28e-02	2.35e-01	2.69e-01	1.57e-01	9.44e-02	1.35e-01	2.04e-02	1.03e-03
 1.49141e+22	2.06e-31	1.67e-24	6.93e-19	2.96e-16	6.83e-14	5.61e-12	2.37e-10	1.33e-08	1.55e-05	9.44e-04	1.56e-02	7.87e-02	2.47e-01	2.73e-01	1.54e-01	8.90e-02	1.24e-01	1.80e-02	8.75e-04
 1.50260e+22	2.80e-31	2.24e-24	9.15e-19	3.78e-16	8.45e-14	6.70e-12	2.73e-10	1.48e-08	1.71e-05	1.04e-03	1.68e-02	8.32e-02	2.55e-01	2.75e-01	1.51e-01	8.51e-02	1.16e-01	1.63e-02	7.74e-04
 1.51378e+22	4.22e-31	3.31e-24	1.32e-18	5.23e-16	1.12e-13	8.49e-12	3.29e-10	1.70e-08	1.95e-05	1.17e-03	1.85e-02	8.93e-02	2.66e-01	2.77e-01	1.47e-01	8.00e-02	1.06e-01	1.43e-02	6.55e-04
 1.52511e+22	5.74e-31	4.42e-24	1.74e-18	6.67e-16	1.38e-13	1.02e-11	3.80e-10	1.90e-08	2.15e-05	1.28e-03	1.99e-02	9.41e-02	2.74e-01	2.79e-01	1.43e-01	7.63e-02	9.85e-02	1.30e-02	5.77e-04
 1.53664e+22	8.66e-31	6.54e-24	2.52e-18	9.24e-16	1.84e-13	1.29e-11	4.60e-10	2.19e-08	2.44e-05	1.43e-03	2.19e-02	1.01e-01	2.85e-01	2.80e-01	1.39e-01	7.14e-02	8.95e-02	1.14e-02	4.86e-04
 1.54843e+22	1.19e-30	8.82e-24	3.35e-18	1.19e-15	2.29e-13	1.55e-11	5.34e-10	2.46e-08	2.69e-05	1.57e-03	2.35e-02	1.06e-01	2.93e-01	2.80e-01	1.35e-01	6.77e-02	8.31e-02	1.02e-02	4.25e-04
 1.56054e+22	1.80e-30	1.31e-23	4.85e-18	1.65e-15	3.04e-13	1.98e-11	6.50e-10	2.86e-08	3.05e-05	1.75e-03	2.57e-02	1.13e-01	3.02e-01	2.80e-01	1.30e-01	6.31e-02	7.51e-02	8.91e-03	3.56e-04
 1.57302e+22	2.50e-30	1.78e-23	6.51e-18	2.14e-15	3.82e-13	2.40e-11	7.61e-10	3.23e-08	3.37e-05	1.92e-03	2.76e-02	1.18e-01	3.10e-01	2.79e-01	1.26e-01	5.96e-02	6.93e-02	7.96e-03	3.08e-04
 1.58410e+22	3.43e-30	2.41e-23	8.64e-18	2.75e-15	4.76e-13	2.90e-11	8.85e-10	3.63e-08	3.70e-05	2.09e-03	2.95e-02	1.24e-01	3.17e-01	2.78e-01	1.23e-01	5.63e-02	6.40e-02	7.14e-03	2.68e-04
 1.59663e+22	5.14e-30	3.53e-23	1.24e-17	3.79e-15	6.31e-13	3.69e-11	1.08e-09	4.22e-08	4.18e-05	2.33e-03	3.21e-02	1.31e-01	3.25e-01	2.76e-01	1.17e-01	5.23e-02	5.77e-02	6.19e-03	2.24e-04
 1.60930e+22	7.04e-30	4.75e-23	1.64e-17	4.85e-15	7.84e-13	4.44e-11	1.25e-09	4.75e-08	4.59e-05	2.53e-03	3.42e-02	1.36e-01	3.31e-01	2.74e-01	1.14e-01	4.93e-02	5.32e-02	5.54e-03	1.95e-04
 1.62216e+22	1.05e-29	6.94e-23	2.34e-17	6.66e-15	1.04e-12	5.64e-11	1.52e-09	5.53e-08	5.18e-05	2.80e-03	3.70e-02	1.44e-01	3.39e-01	2.71e-01	1.09e-01	4.56e-02	4.79e-02	4.80e-03	1.62e-04
 1.63540e+22	1.45e-29	9.41e-23	3.11e-17	8.59e-15	1.30e-12	6.84e-11	1.78e-09	6.26e-08	5.70e-05	3.05e-03	3.94e-02	1.50e-01	3.44e-01	2.68e-01	1.04e-01	4.28e-02	4.40e-02	4.26e-03	1.40e-04
 1.64728e+22	1.99e-29	1.27e-22	4.11e-17	1.10e-14	1.61e-12	8.26e-11	2.08e-09	7.07e-08	6.26e-05	3.30e-03	4.19e-02	1.56e-01	3.49e-01	2.65e-01	1.01e-01	4.02e-02	4.04e-02	3.80e-03	1.21e-04
 1.66089e+22	2.98e-29	1.85e-22	5.86e-17	1.51e-14	2.14e-12	1.05e-10	2.54e-09	8.27e-08	7.07e-05	3.65e-03	4.52e-02	1.63e-01	3.55e-01	2.61e-01	9.55e-02	3.70e-02	3.61e-02	3.26e-03	9.98e-05
 1.67458e+22	4.06e-29	2.48e-22	7.69e-17	1.93e-14	2.65e-12	1.27e-10	2.97e-09	9.34e-08	7.75e-05	3.95e-03	4.78e-02	1.69e-01	3.60e-01	2.57e-01	9.17e-02	3.48e-02	3.31e-02	2.91e-03	8.62e-05
 1.68839e+22	6.05e-29	3.60e-22	1.09e-16	2.64e-14	3.50e-12	1.61e-10	3.62e-09	1.09e-07	8.73e-05	4.36e-03	5.14e-02	1.77e-01	3.65e-01	2.52e-01	8.68e-02	3.19e-02	2.96e-02	2.49e-03	7.11e-05
 1.70242e+22	8.22e-29	4.80e-22	1.43e-16	3.36e-14	4.34e-12	1.94e-10	4.22e-09	1.23e-07	9.58e-05	4.70e-03	5.43e-02	1.83e-01	3.68e-01	2.48e-01	8.32e-02	2.99e-02	2.71e-02	2.21e-03	6.13e-05
 1.71454e+22	1.10e-28	6.30e-22	1.84e-16	4.21e-14	5.31e-12	2.31e-10	4.88e-09	1.39e-07	1.05e-04	5.05e-03	5.72e-02	1.88e-01	3.71e-01	2.44e-01	7.98e-02	2.81e-02	2.49e-02	1.98e-03	5.32e-05
 1.72808e+22	1.60e-28	8.94e-22	2.55e-16	5.65e-14	6.89e-12	2.90e-10	5.89e-09	1.61e-07	1.17e-04	5.53e-03	6.10e-02	1.96e-01	3.74e-01	2.38e-01	7.55e-02	2.58e-02	2.23e-02	1.70e-03	4.42e-05
 1.74159e+22	2.11e-28	1.16e-21	3.24e-16	7.02e-14	8.36e-12	3.44e-10	6.78e-09	1.80e-07	1.27e-04	5.92e-03	6.40e-02	2.01e-01	3.76e-01	2.34e-01	7.23e-02	2.42e-02	2.05e-02	1.53e-03	3.85e-05
 1.75505e+22	3.02e-28	1.62e-21	4.43e-16	9.29e-14	1.07e-11	4.27e-10	8.13e-09	2.08e-07	1.42e-04	6.46e-03	6.80e-02	2.08e-01	3.79e-01	2.28e-01	6.84e-02	2.23e-02	1.84e-02	1.32e-03	3.21e-05
 1.76880e+22	4.01e-28	2.12e-21	5.67e-16	1.16e-13	1.31e-11	5.08e-10	9.40e-09	2.34e-07	1.55e-04	6.91e-03	7.14e-02	2.14e-01	3.80e-01	2.23e-01	6.53e-02	2.09e-02	1.69e-02	1.17e-03	2.78e-05
 1.78292e+22	5.82e-28	2.99e-21	7.83e-16	1.55e-13	1.70e-11	6.38e-10	1.14e-08	2.72e-07	1.73e-04	7.56e-03	7.59e-02	2.22e-01	3.82e-01	2.17e-01	6.14e-02	1.91e-02	1.50e-02	1.01e-03	2.29e-05
 1.79713e+22	7.67e-28	3.87e-21	9.93e-16	1.92e-13	2.06e-11	7.55e-10	1.31e-08	3.05e-07	1.89e-04	8.07e-03	7.94e-02	2.27e-01	3.82e-01	2.12e-01	5.86e-02	1.79e-02	1.38e-02	8.97e-04	1.99e-05
 1.81147e+22	1.11e-27	5.45e-21	1.36e-15	2.56e-13	2.66e-11	9.46e-10	1.58e-08	3.55e-07	2.11e-04	8.80e-03	8.42e-02	2.34e-01	3.83e-01	2.05e-01	5.50e-02	1.63e-02	1.22e-02	7.68e-04	1.64e-05
 1.82548e+22	1.43e-27	6.90e-21	1.70e-15	3.12e-13	3.18e-11	1.10e-09	1.80e-08	3.95e-07	2.29e-04	9.35e-03	8.76e-02	2.39e-01	3.83e-01	2.00e-01	5.26e-02	1.54e-02	1.13e-02	6.90e-04	1.43e-05
 1.83906e+22	1.99e-27	9.42e-21	2.26e-15	4.05e-13	4.01e-11	1.36e-09	2.14e-08	4.54e-07	2.54e-04	1.01e-02	9.23e-02	2.46e-01	3.83e-01	1.94e-01	4.95e-02	1.41e-02	1.01e-02	5.97e-04	1.20e-05
 1.85299e+22	2.60e-27	1.21e-20	2.84e-15	4.97e-13	4.83e-11	1.60e-09	2.45e-08	5.07e-07	2.75e-04	1.08e-02	9.62e-02	2.51e-01	3.82e-01	1.89e-01	4.71e-02	1.32e-02	9.27e-03	5.32e-04	1.04e-05
 1.86740e+22	3.68e-27	1.66e-20	3.82e-15	6.52e-13	6.16e-11	1.98e-09	2.94e-08	5.87e-07	3.07e-04	1.17e-02	1.01e-01	2.58e-01	3.81e-01	1.83e-01	4.41e-02	1.20e-02	8.25e-03	4.57e-04	8.60e-06
 1.88197e+22	4.80e-27	2.13e-20	4.79e-15	8.00e-13	7.41e-11	2.32e-09	3.37e-08	6.56e-07	3.33e-04	1.24e-02	1.06e-01	2.63e-01	3.80e-01	1.78e-01	4.19e-02	1.12e-02	7.54e-03	4.06e-04	7.45e-06
 1.89675e+22	6.80e-27	2.94e-20	6.44e-15	1.05e-12	9.45e-11	2.88e-09	4.03e-08	7.60e-07	3.72e-04	1.35e-02	1.11e-01	2.69e-01	3.78e-01	1.71e-01	3.91e-02	1.02e-02	6.70e-03	3.48e-04	6.14e-06
 1.91180e+22	8.91e-27	3.77e-20	8.10e-15	1.29e-12	1.14e-10	3.40e-09	4.64e-08	8.51e-07	4.04e-04	1.43e-02	1.16e-01	2.74e-01	3.76e-01	1.66e-01	3.70e-02	9.53e-03	6.11e-03	3.08e-04	5.29e-06
 1.92721e+22	1.27e-26	5.22e-20	1.09e-14	1.69e-12	1.46e-10	4.22e-09	5.57e-08	9.88e-07	4.52e-04	1.55e-02	1.22e-01	2.81e-01	3.73e-01	1.59e-01	3.44e-02	8.65e-03	5.40e-03	2.62e-04	4.34e-06
 1.94294e+22	1.67e-26	6.74e-20	1.38e-14	2.10e-12	1.77e-10	5.00e-09	6.43e-08	1.11e-06	4.93e-04	1.66e-02	1.27e-01	2.86e-01	3.71e-01	1.54e-01	3.25e-02	8.02e-03	4.90e-03	2.31e-04	3.72e-06
 1.95909e+22	2.38e-26	9.36e-20	1.86e-14	2.76e-12	2.26e-10	6.22e-09	7.73e-08	1.29e-06	5.51e-04	1.80e-02	1.33e-01	2.92e-01	3.67e-01	1.47e-01	3.01e-02	7.25e-03	4.32e-03	1.96e-04	3.04e-06
 1.97570e+22	3.19e-26	1.22e-19	2.38e-14	3.44e-12	2.77e-10	7.43e-09	8.99e-08	1.46e-06	6.04e-04	1.92e-02	1.39e-01	2.97e-01	3.64e-01	1.42e-01	2.83e-02	6.68e-03	3.89e-03	1.71e-04	2.57e-06
 1.99290e+22	4.60e-26	1.72e-19	3.24e-14	4.57e-12	3.57e-10	9.31e-09	1.09e-07	1.71e-06	6.78e-04	2.08e-02	1.46e-01	3.03e-01	3.59e-01	1.35e-01	2.61e-02	6.01e-03	3.40e-03	1.44e-04	2.08e-06
 2.00962e+22	5.98e-26	2.19e-19	4.04e-14	5.58e-12	4.28e-10	1.09e-08	1.25e-07	1.91e-06	7.36e-04	2.21e-02	1.51e-01	3.07e-01	3.55e-01	1.31e-01	2.46e-02	5.57e-03	3.09e-03	1.27e-04	1.79e-06
 2.02570e+22	8.44e-26	3.00e-19	5.39e-14	7.27e-12	5.44e-10	1.35e-08	1.49e-07	2.21e-06	8.20e-04	2.38e-02	1.58e-01	3.12e-01	3.50e-01	1.24e-01	2.27e-02	5.03e-03	2.72e-03	1.08e-04	1.46e-06
 2.04210e+22	1.10e-25	3.84e-19	6.76e-14	8.93e-12	6.55e-10	1.59e-08	1.71e-07	2.48e-06	8.92e-04	2.53e-02	1.64e-01	3.16e-01	3.46e-01	1.20e-01	2.13e-02	4.64e-03	2.46e-03	9.48e-05	1.25e-06
 2.05891e+22	1.54e-25	5.22e-19	8.92e-14	1.15e-11	8.24e-10	1.95e-08	2.03e-07	2.85e-06	9.91e-04	2.72e-02	1.71e-01	3.20e-01	3.40e-01	1.14e-01	1.97e-02	4.20e-03	2.17e-03	8.08e-05	1.03e-06
 2.07667e+22	2.10e-25	6.92e-19	1.15e-13	1.46e-11	1.02e-09	2.35e-08	2.38e-07	3.25e-06	1.09e-03	2.91e-02	1.78e-01	3.24e-01	3.35e-01	1.09e-01	1.83e-02	3.82e-03	1.93e-03	6.94e-05	8.53e-07
 2.09298e+22	2.80e-25	9.00e-19	1.47e-13	1.81e-11	1.24e-09	2.80e-08	2.76e-07	3.67e-06	1.19e-03	3.10e-02	1.84e-01	3.28e-01	3.29e-01	1.04e-01	1.71e-02	3.50e-03	1.73e-03	6.03e-05	7.18e-07
 2.11150e+22	4.00e-25	1.25e-18	1.97e-13	2.38e-11	1.59e-09	3.48e-08	3.32e-07	4.26e-06	1.33e-03	3.35e-02	1.92e-01	3.32e-01	3.22e-01	9.81e-02	1.56e-02	3.13e-03	1.51e-03	5.05e-05	5.79e-07
 2.13112e+22	5.58e-25	1.69e-18	2.60e-13	3.06e-11	2.00e-09	4.25e-08	3.94e-07	4.90e-06	1.48e-03	3.59e-02	2.00e-01	3.35e-01	3.16e-01	9.29e-02	1.43e-02	2.82e-03	1.32e-03	4.28e-05	4.73e-07
 2.14931e+22	7.63e-25	2.26e-18	3.37e-13	3.88e-11	2.47e-09	5.13e-08	4.62e-07	5.59e-06	1.63e-03	3.84e-02	2.08e-01	3.38e-01	3.09e-01	8.82e-02	1.32e-02	2.55e-03	1.17e-03	3.65e-05	3.91e-07
 2.16701e+22	1.03e-24	2.96e-18	4.31e-13	4.86e-11	3.03e-09	6.14e-08	5.38e-07	6.33e-06	1.79e-03	4.08e-02	2.15e-01	3.41e-01	3.03e-01	8.38e-02	1.23e-02	2.32e-03	1.04e-03	3.15e-05	3.26e-07
 2.18695e+22	1.49e-24	4.17e-18	5.87e-13	6.45e-11	3.91e-09	7.70e-08	6.51e-07	7.40e-06	2.00e-03	4.41e-02	2.24e-01	3.43e-01	2.94e-01	7.84e-02	1.11e-02	2.05e-03	8.93e-04	2.59e-05	2.58e-07
 2.20716e+22	2.05e-24	5.56e-18	7.62e-13	8.19e-11	4.85e-09	9.31e-08	7.65e-07	8.45e-06	2.21e-03	4.71e-02	2.32e-01	3.45e-01	2.87e-01	7.40e-02	1.02e-02	1.84e-03	7.84e-04	2.20e-05	2.11e-07
 2.22471e+22	2.74e-24	7.25e-18	9.69e-13	1.02e-10	5.92e-09	1.11e-07	8.88e-07	9.54e-06	2.41e-03	5.00e-02	2.39e-01	3.47e-01	2.80e-01	7.01e-02	9.40e-03	1.67e-03	6.95e-04	1.89e-05	1.76e-07
 2.24451e+22	3.94e-24	1.01e-17	1.31e-12	1.34e-10	7.58e-09	1.38e-07	1.07e-06	1.11e-05	2.69e-03	5.38e-02	2.48e-01	3.48e-01	2.71e-01	6.55e-02	8.49e-03	1.48e-03	5.97e-04	1.56e-05	1.39e-07
 2.26504e+22	5.43e-24	1.35e-17	1.70e-12	1.71e-10	9.43e-09	1.67e-07	1.26e-06	1.27e-05	2.97e-03	5.73e-02	2.56e-01	3.49e-01	2.63e-01	6.15e-02	7.75e-03	1.32e-03	5.21e-04	1.31e-05	0.00e+00
 2.28345e+22	7.32e-24	1.77e-17	2.17e-12	2.13e-10	1.15e-08	2.00e-07	1.46e-06	1.44e-05	3.25e-03	6.08e-02	2.64e-01	3.49e-01	2.56e-01	5.80e-02	7.12e-03	1.19e-03	4.59e-04	1.12e-05	0.00e+00
 2.30429e+22	1.07e-23	2.52e-17	2.97e-12	2.85e-10	1.50e-08	2.52e-07	1.78e-06	1.69e-05	3.65e-03	6.56e-02	2.73e-01	3.50e-01	2.46e-01	5.35e-02	6.35e-03	1.04e-03	3.88e-04	9.05e-06	0.00e+00
 2.32561e+22	1.48e-23	3.36e-17	3.85e-12	3.62e-10	1.87e-08	3.06e-07	2.09e-06	1.93e-05	4.02e-03	6.98e-02	2.82e-01	3.49e-01	2.38e-01	5.00e-02	5.76e-03	9.23e-04	3.36e-04	7.55e-06	0.00e+00
 2.34465e+22	2.00e-23	4.43e-17	4.94e-12	4.54e-10	2.29e-08	3.67e-07	2.44e-06	2.19e-05	4.40e-03	7.40e-02	2.89e-01	3.49e-01	2.30e-01	4.69e-02	5.25e-03	8.26e-04	2.94e-04	6.38e-06	0.00e+00
 2.36651e+22	2.99e-23	6.38e-17	6.84e-12	6.14e-10	3.02e-08	4.68e-07	3.00e-06	2.59e-05	4.97e-03	8.00e-02	3.00e-01	3.47e-01	2.20e-01	4.28e-02	4.62e-03	7.09e-04	2.44e-04	5.05e-06	0.00e+00
 2.38853e+22	4.07e-23	8.44e-17	8.79e-12	7.73e-10	3.72e-08	5.63e-07	3.51e-06	2.95e-05	5.45e-03	8.47e-02	3.07e-01	3.46e-01	2.12e-01	3.99e-02	4.19e-03	6.31e-04	2.12e-04	4.23e-06	0.00e+00
 2.41077e+22	6.08e-23	1.21e-16	1.22e-11	1.04e-09	4.90e-08	7.20e-07	4.32e-06	3.50e-05	6.16e-03	9.15e-02	3.17e-01	3.43e-01	2.01e-01	3.62e-02	3.66e-03	5.38e-04	1.74e-04	3.31e-06	0.00e+00
 2.43326e+22	8.31e-23	1.61e-16	1.57e-11	1.32e-09	6.07e-08	8.70e-07	5.07e-06	4.00e-05	6.77e-03	9.69e-02	3.25e-01	3.40e-01	1.93e-01	3.36e-02	3.30e-03	4.76e-04	1.50e-04	2.74e-06	0.00e+00
 2.45609e+22	1.25e-22	2.32e-16	2.17e-11	1.78e-09	8.02e-08	1.12e-06	6.27e-06	4.77e-05	7.66e-03	1.05e-01	3.35e-01	3.37e-01	1.83e-01	3.02e-02	2.86e-03	4.02e-04	1.22e-04	2.12e-06	0.00e+00
 2.47925e+22	1.71e-22	3.09e-16	2.80e-11	2.26e-09	9.96e-08	1.35e-06	7.37e-06	5.45e-05	8.42e-03	1.11e-01	3.42e-01	3.33e-01	1.74e-01	2.79e-02	2.56e-03	3.53e-04	1.05e-04	1.75e-06	0.00e+00
 2.49871e+22	2.27e-22	3.99e-16	3.51e-11	2.80e-09	1.21e-07	1.62e-06	8.58e-06	6.19e-05	9.21e-03	1.17e-01	3.49e-01	3.30e-01	1.67e-01	2.58e-02	2.30e-03	3.12e-04	8.98e-05	1.44e-06	0.00e+00
 2.51707e+22	3.00e-22	5.12e-16	4.39e-11	3.44e-09	1.47e-07	1.92e-06	9.92e-06	6.98e-05	1.00e-02	1.23e-01	3.55e-01	3.26e-01	1.60e-01	2.39e-02	2.07e-03	2.76e-04	7.76e-05	1.21e-06	0.00e+00
 2.53810e+22	4.29e-22	7.07e-16	5.83e-11	4.51e-09	1.89e-07	2.41e-06	1.21e-05	8.23e-05	1.12e-02	1.31e-01	3.63e-01	3.20e-01	1.50e-01	2.14e-02	1.79e-03	2.34e-04	6.34e-05	9.37e-07	0.00e+00
 2.55916e+22	5.65e-22	9.03e-16	7.24e-11	5.53e-09	2.29e-07	2.87e-06	1.40e-05	9.30e-05	1.22e-02	1.38e-01	3.69e-01	3.16e-01	1.43e-01	1.98e-02	1.61e-03	2.06e-04	5.45e-05	7.76e-07	0.00e+00
 2.58025e+22	8.01e-22	1.24e-15	9.54e-11	7.19e-09	2.94e-07	3.59e-06	1.69e-05	1.10e-04	1.37e-02	1.47e-01	3.76e-01	3.09e-01	1.34e-01	1.77e-02	1.39e-03	1.74e-04	4.43e-05	6.00e-07	0.00e+00
 2.60178e+22	1.06e-21	1.59e-15	1.19e-10	8.86e-09	3.57e-07	4.29e-06	1.97e-05	1.24e-04	1.49e-02	1.55e-01	3.82e-01	3.04e-01	1.27e-01	1.62e-02	1.23e-03	1.52e-04	3.76e-05	4.90e-07	0.00e+00
 2.62390e+22	1.51e-21	2.18e-15	1.57e-10	1.16e-08	4.61e-07	5.41e-06	2.40e-05	1.47e-04	1.68e-02	1.65e-01	3.88e-01	2.96e-01	1.18e-01	1.43e-02	1.05e-03	1.27e-04	3.02e-05	3.73e-07	0.00e+00
 2.64651e+22	2.01e-21	2.81e-15	1.96e-10	1.43e-08	5.65e-07	6.52e-06	2.82e-05	1.69e-04	1.84e-02	1.74e-01	3.93e-01	2.89e-01	1.11e-01	1.30e-02	9.20e-04	1.09e-04	2.52e-05	2.98e-07	0.00e+00
 2.66979e+22	2.89e-21	3.87e-15	2.59e-10	1.88e-08	7.34e-07	8.30e-06	3.47e-05	2.02e-04	2.08e-02	1.86e-01	3.98e-01	2.80e-01	1.02e-01	1.13e-02	7.72e-04	8.94e-05	1.98e-05	2.22e-07	0.00e+00
 2.69349e+22	3.85e-21	4.98e-15	3.22e-10	2.33e-08	9.03e-07	1.00e-05	4.09e-05	2.33e-04	2.29e-02	1.96e-01	4.02e-01	2.73e-01	9.53e-02	1.01e-02	6.70e-04	7.61e-05	1.63e-05	1.75e-07	0.00e+00
 2.71768e+22	5.51e-21	6.83e-15	4.23e-10	3.06e-08	1.18e-06	1.29e-05	5.07e-05	2.81e-04	2.59e-02	2.09e-01	4.06e-01	2.62e-01	8.67e-02	8.75e-03	5.53e-04	6.13e-05	1.26e-05	1.27e-07	0.00e+00
 2.74201e+22	7.26e-21	8.71e-15	5.21e-10	3.77e-08	1.44e-06	1.56e-05	5.97e-05	3.24e-04	2.86e-02	2.20e-01	4.09e-01	2.54e-01	8.04e-02	7.78e-03	4.76e-04	5.18e-05	1.03e-05	0.00e+00	0.00e+00
 2.76565e+22	1.01e-20	1.16e-14	6.63e-10	4.83e-08	1.84e-06	1.96e-05	7.28e-05	3.86e-04	3.21e-02	2.33e-01	4.11e-01	2.43e-01	7.30e-02	6.71e-03	3.95e-04	4.19e-05	7.97e-06	0.00e+00	0.00e+00
 2.78958e+22	1.32e-20	1.46e-14	8.09e-10	5.92e-08	2.26e-06	2.37e-05	8.59e-05	4.47e-04	3.54e-02	2.45e-01	4.11e-01	2.34e-01	6.71e-02	5.92e-03	3.36e-04	3.50e-05	6.43e-06	0.00e+00	0.00e+00
 2.81130e+22	1.70e-20	1.83e-14	9.77e-10	7.20e-08	2.75e-06	2.85e-05	1.01e-04	5.16e-04	3.89e-02	2.57e-01	4.12e-01	2.25e-01	6.16e-02	5.21e-03	2.87e-04	2.93e-05	5.19e-06	0.00e+00	0.00e+00
 2.83196e+22	2.15e-20	2.24e-14	1.16e-09	8.60e-08	3.28e-06	3.37e-05	1.17e-04	5.89e-04	4.24e-02	2.68e-01	4.11e-01	2.17e-01	5.69e-02	4.63e-03	2.47e-04	2.48e-05	4.25e-06	0.00e+00	0.00e+00
 2.85412e+22	2.85e-20	2.85e-14	1.42e-09	1.06e-07	4.07e-06	4.13e-05	1.39e-04	6.92e-04	4.70e-02	2.81e-01	4.09e-01	2.06e-01	5.14e-02	3.99e-03	2.05e-04	2.01e-05	3.32e-06	0.00e+00	0.00e+00
 2.87600e+22	3.54e-20	3.43e-14	1.65e-09	1.26e-07	4.81e-06	4.84e-05	1.59e-04	7.83e-04	5.10e-02	2.92e-01	4.07e-01	1.98e-01	4.74e-02	3.54e-03	1.77e-04	1.71e-05	2.73e-06	0.00e+00	0.00e+00
 2.89803e+22	4.65e-20	4.33e-14	2.00e-09	1.54e-07	5.94e-06	5.91e-05	1.90e-04	9.19e-04	5.65e-02	3.06e-01	4.04e-01	1.87e-01	4.25e-02	3.03e-03	1.46e-04	1.38e-05	2.12e-06	0.00e+00	0.00e+00
 2.92003e+22	5.75e-20	5.18e-14	2.32e-09	1.81e-07	6.97e-06	6.88e-05	2.16e-04	1.04e-03	6.10e-02	3.16e-01	4.01e-01	1.79e-01	3.91e-02	2.69e-03	1.26e-04	1.17e-05	1.74e-06	0.00e+00	0.00e+00
 2.94212e+22	7.49e-20	6.49e-14	2.79e-09	2.21e-07	8.55e-06	8.36e-05	2.55e-04	1.21e-03	6.74e-02	3.30e-01	3.96e-01	1.68e-01	3.49e-02	2.29e-03	1.03e-04	9.37e-06	1.34e-06	0.00e+00	0.00e+00
 2.96424e+22	9.20e-20	7.73e-14	3.23e-09	2.58e-07	9.99e-06	9.68e-05	2.90e-04	1.36e-03	7.25e-02	3.40e-01	3.91e-01	1.61e-01	3.20e-02	2.03e-03	8.90e-05	7.92e-06	1.10e-06	0.00e+00	0.00e+00
 2.98638e+22	1.19e-19	9.63e-14	3.86e-09	3.14e-07	1.22e-05	1.17e-04	3.40e-04	1.58e-03	7.97e-02	3.53e-01	3.84e-01	1.50e-01	2.84e-02	1.73e-03	7.30e-05	6.35e-06	8.52e-07	0.00e+00	0.00e+00
 3.00862e+22	1.46e-19	1.14e-13	4.44e-09	3.65e-07	1.42e-05	1.35e-04	3.84e-04	1.77e-03	8.55e-02	3.63e-01	3.79e-01	1.43e-01	2.60e-02	1.52e-03	6.27e-05	5.36e-06	6.98e-07	0.00e+00	0.00e+00
 3.03098e+22	1.89e-19	1.42e-13	5.30e-09	4.43e-07	1.72e-05	1.62e-04	4.48e-04	2.05e-03	9.36e-02	3.75e-01	3.71e-01	1.33e-01	2.30e-02	1.29e-03	5.13e-05	4.28e-06	5.37e-07	0.00e+00	0.00e+00
 3.05350e+22	2.33e-19	1.69e-13	6.10e-09	5.15e-07	2.00e-05	1.86e-04	5.04e-04	2.29e-03	1.00e-01	3.85e-01	3.64e-01	1.26e-01	2.09e-02	1.14e-03	4.40e-05	3.60e-06	4.39e-07	0.00e+00	0.00e+00
 3.07623e+22	3.02e-19	2.11e-13	7.30e-09	6.25e-07	2.42e-05	2.23e-04	5.86e-04	2.65e-03	1.09e-01	3.96e-01	3.55e-01	1.17e-01	1.85e-02	9.60e-04	3.59e-05	2.87e-06	3.37e-07	0.00e+00	0.00e+00
 3.09926e+22	3.73e-19	2.52e-13	8.44e-09	7.28e-07	2.81e-05	2.56e-04	6.57e-04	2.95e-03	1.16e-01	4.04e-01	3.47e-01	1.11e-01	1.67e-02	8.41e-04	3.06e-05	2.40e-06	2.74e-07	0.00e+00	0.00e+00
 3.12267e+22	4.88e-19	3.16e-13	1.01e-08	8.86e-07	3.41e-05	3.06e-04	7.62e-04	3.40e-03	1.27e-01	4.15e-01	3.36e-01	1.02e-01	1.46e-02	7.05e-04	2.48e-05	1.89e-06	2.08e-07	0.00e+00	0.00e+00
 3.14644e+22	6.08e-19	3.81e-13	1.18e-08	1.04e-06	3.96e-05	3.51e-04	8.53e-04	3.79e-03	1.35e-01	4.22e-01	3.28e-01	9.59e-02	1.32e-02	6.15e-04	2.10e-05	1.58e-06	1.68e-07	0.00e+00	0.00e+00
 3.17068e+22	8.04e-19	4.82e-13	1.43e-08	1.27e-06	4.81e-05	4.20e-04	9.87e-04	4.36e-03	1.46e-01	4.32e-01	3.16e-01	8.80e-02	1.15e-02	5.12e-04	1.69e-05	1.24e-06	1.27e-07	0.00e+00	0.00e+00
 3.19542e+22	1.02e-18	5.89e-13	1.69e-08	1.50e-06	5.62e-05	4.83e-04	1.10e-03	4.85e-03	1.55e-01	4.38e-01	3.07e-01	8.22e-02	1.03e-02	4.44e-04	1.42e-05	1.02e-06	0.00e+00	0.00e+00	0.00e+00
 3.22084e+22	1.37e-18	7.59e-13	2.08e-08	1.85e-06	6.86e-05	5.79e-04	1.28e-03	5.57e-03	1.68e-01	4.46e-01	2.94e-01	7.49e-02	8.89e-03	3.67e-04	1.13e-05	7.92e-07	0.00e+00	0.00e+00	0.00e+00
 3.24650e+22	1.75e-18	9.34e-13	2.47e-08	2.19e-06	8.02e-05	6.65e-04	1.43e-03	6.18e-03	1.78e-01	4.51e-01	2.85e-01	6.96e-02	7.93e-03	3.17e-04	9.54e-06	6.52e-07	0.00e+00	0.00e+00	0.00e+00
 3.26829e+22	2.19e-18	1.13e-12	2.89e-08	2.57e-06	9.26e-05	7.56e-04	1.58e-03	6.81e-03	1.88e-01	4.55e-01	2.76e-01	6.50e-02	7.12e-03	2.76e-04	8.10e-06	5.43e-07	0.00e+00	0.00e+00	0.00e+00
 3.29247e+22	2.94e-18	1.45e-12	3.55e-08	3.15e-06	1.11e-04	8.90e-04	1.79e-03	7.69e-03	2.00e-01	4.60e-01	2.64e-01	5.93e-02	6.18e-03	2.31e-04	6.54e-06	4.28e-07	0.00e+00	0.00e+00	0.00e+00
 3.31565e+22	3.63e-18	1.74e-12	4.13e-08	3.63e-06	1.27e-04	9.96e-04	1.96e-03	8.35e-03	2.09e-01	4.62e-01	2.55e-01	5.56e-02	5.61e-03	2.04e-04	5.65e-06	3.63e-07	0.00e+00	0.00e+00	0.00e+00
 3.33756e+22	4.75e-18	2.19e-12	5.00e-08	4.37e-06	1.49e-04	1.15e-03	2.19e-03	9.29e-03	2.21e-01	4.65e-01	2.45e-01	5.11e-02	4.93e-03	1.73e-04	4.65e-06	2.93e-07	0.00e+00	0.00e+00	0.00e+00
 3.35975e+22	5.92e-18	2.65e-12	5.85e-08	5.07e-06	1.70e-04	1.29e-03	2.39e-03	1.01e-02	2.31e-01	4.66e-01	2.36e-01	4.78e-02	4.45e-03	1.52e-04	4.00e-06	2.48e-07	0.00e+00	0.00e+00	0.00e+00
 3.38233e+22	7.85e-18	3.37e-12	7.16e-08	6.14e-06	2.02e-04	1.49e-03	2.67e-03	1.12e-02	2.44e-01	4.67e-01	2.25e-01	4.36e-02	3.89e-03	1.29e-04	3.27e-06	1.98e-07	0.00e+00	0.00e+00	0.00e+00
 3.40505e+22	9.85e-18	4.10e-12	8.44e-08	7.15e-06	2.30e-04	1.67e-03	2.90e-03	1.21e-02	2.54e-01	4.68e-01	2.17e-01	4.07e-02	3.51e-03	1.13e-04	2.81e-06	1.67e-07	0.00e+00	0.00e+00	0.00e+00
 3.42794e+22	1.32e-17	5.27e-12	1.04e-07	8.69e-06	2.73e-04	1.93e-03	3.24e-03	1.34e-02	2.67e-01	4.67e-01	2.07e-01	3.71e-02	3.06e-03	9.52e-05	2.30e-06	1.34e-07	0.00e+00	0.00e+00	0.00e+00
 3.45112e+22	1.67e-17	6.47e-12	1.24e-07	1.02e-05	3.12e-04	2.16e-03	3.52e-03	1.45e-02	2.77e-01	4.67e-01	1.99e-01	3.45e-02	2.75e-03	8.35e-05	1.97e-06	0.00e+00	0.00e+00	0.00e+00	0.00e+00
 3.47467e+22	2.27e-17	8.42e-12	1.54e-07	1.25e-05	3.70e-04	2.50e-03	3.92e-03	1.61e-02	2.91e-01	4.65e-01	1.88e-01	3.13e-02	2.38e-03	7.00e-05	1.60e-06	0.00e+00	0.00e+00	0.00e+00	0.00e+00
 3.49858e+22	2.90e-17	1.04e-11	1.85e-07	1.47e-05	4.25e-04	2.80e-03	4.27e-03	1.73e-02	3.01e-01	4.63e-01	1.80e-01	2.90e-02	2.13e-03	6.11e-05	1.36e-06	0.00e+00	0.00e+00	0.00e+00	0.00e+00
 3.52296e+22	4.00e-17	1.38e-11	2.34e-07	1.81e-05	5.07e-04	3.25e-03	4.75e-03	1.92e-02	3.15e-01	4.59e-01	1.70e-01	2.61e-02	1.84e-03	5.09e-05	1.10e-06	0.00e+00	0.00e+00	0.00e+00	0.00e+00
 3.54777e+22	5.20e-17	1.73e-11	2.83e-07	2.14e-05	5.85e-04	3.65e-03	5.17e-03	2.07e-02	3.26e-01	4.56e-01	1.62e-01	2.41e-02	1.63e-03	4.42e-05	9.29e-07	0.00e+00	0.00e+00	0.00e+00	0.00e+00
 3.57314e+22	7.28e-17	2.32e-11	3.63e-07	2.67e-05	7.02e-04	4.25e-03	5.77e-03	2.28e-02	3.41e-01	4.50e-01	1.52e-01	2.16e-02	1.40e-03	3.65e-05	7.43e-07	0.00e+00	0.00e+00	0.00e+00	0.00e+00
 3.59907e+22	9.61e-17	2.95e-11	4.46e-07	3.20e-05	8.13e-04	4.79e-03	6.28e-03	2.46e-02	3.52e-01	4.46e-01	1.45e-01	1.98e-02	1.24e-03	3.15e-05	6.25e-07	0.00e+00	0.00e+00	0.00e+00	0.00e+00
 3.62571e+22	1.38e-16	4.03e-11	5.80e-07	4.03e-05	9.84e-04	5.59e-03	7.01e-03	2.72e-02	3.67e-01	4.39e-01	1.35e-01	1.76e-02	1.05e-03	2.58e-05	4.93e-07	0.00e+00	0.00e+00	0.00e+00	0.00e+00
 3.65248e+22	1.82e-16	5.15e-11	7.15e-07	4.83e-05	1.14e-03	6.29e-03	7.63e-03	2.92e-02	3.78e-01	4.33e-01	1.28e-01	1.61e-02	9.23e-04	2.22e-05	4.13e-07	0.00e+00	0.00e+00	0.00e+00	0.00e+00
 3.67939e+22	2.63e-16	7.08e-11	9.38e-07	6.10e-05	1.38e-03	7.33e-03	8.49e-03	3.22e-02	3.92e-01	4.25e-01	1.18e-01	1.43e-02	7.80e-04	1.81e-05	3.26e-07	0.00e+00	0.00e+00	0.00e+00	0.00e+00
 3.70668e+22	3.52e-16	9.12e-11	1.16e-06	7.34e-05	1.60e-03	8.26e-03	9.22e-03	3.45e-02	4.03e-01	4.18e-01	1.12e-01	1.30e-02	6.84e-04	1.55e-05	2.72e-07	0.00e+00	0.00e+00	0.00e+00	0.00e+00
 3.73446e+22	5.14e-16	1.27e-10	1.54e-06	9.34e-05	1.95e-03	9.63e-03	1.03e-02	3.79e-02	4.17e-01	4.08e-01	1.03e-01	1.14e-02	5.74e-04	1.26e-05	2.13e-07	0.00e+00	0.00e+00	0.00e+00	0.00e+00
 3.76151e+22	6.76e-16	1.61e-10	1.89e-06	1.11e-04	2.24e-03	1.07e-02	1.11e-02	4.03e-02	4.26e-01	4.00e-01	9.77e-02	1.05e-02	5.08e-04	1.09e-05	1.80e-07	0.00e+00	0.00e+00	0.00e+00	0.00e+00
 3.78762e+22	9.69e-16	2.21e-10	2.47e-06	1.39e-04	2.68e-03	1.24e-02	1.22e-02	4.39e-02	4.39e-01	3.90e-01	9.03e-02	9.25e-03	4.29e-04	8.95e-06	1.42e-07	0.00e+00	0.00e+00	0.00e+00	0.00e+00
 3.81235e+22	1.24e-15	2.74e-10	2.97e-06	1.63e-04	3.03e-03	1.36e-02	1.30e-02	4.63e-02	4.47e-01	3.83e-01	8.56e-02	8.52e-03	3.84e-04	7.84e-06	1.22e-07	0.00e+00	0.00e+00	0.00e+00	0.00e+00
 3.83530e+22	1.68e-15	3.57e-10	3.73e-06	1.97e-04	3.53e-03	1.53e-02	1.41e-02	4.94e-02	4.56e-01	3.73e-01	8.01e-02	7.68e-03	3.33e-04	6.65e-06	0.00e+00	0.00e+00	0.00e+00	0.00e+00	0.00e+00
 3.85937e+22	2.21e-15	4.53e-10	4.57e-06	2.33e-04	4.04e-03	1.70e-02	1.51e-02	5.23e-02	4.64e-01	3.65e-01	7.54e-02	6.99e-03	2.94e-04	5.74e-06	0.00e+00	0.00e+00	0.00e+00	0.00e+00	0.00e+00
 3.88140e+22	2.88e-15	5.71e-10	5.56e-06	2.75e-04	4.60e-03	1.88e-02	1.62e-02	5.53e-02	4.71e-01	3.56e-01	7.09e-02	6.37e-03	2.59e-04	4.96e-06	0.00e+00	0.00e+00	0.00e+00	0.00e+00	0.00e+00
 3.90651e+22	4.03e-15	7.67e-10	7.15e-06	3.39e-04	5.43e-03	2.13e-02	1.76e-02	5.92e-02	4.79e-01	3.45e-01	6.56e-02	5.66e-03	2.21e-04	4.13e-06	0.00e+00	0.00e+00	0.00e+00	0.00e+00	0.00e+00
 3.93208e+22	5.33e-15	9.79e-10	8.81e-06	4.04e-04	6.22e-03	2.36e-02	1.88e-02	6.25e-02	4.86e-01	3.36e-01	6.14e-02	5.12e-03	1.94e-04	3.54e-06	0.00e+00	0.00e+00	0.00e+00	0.00e+00	0.00e+00
 3.95824e+22	7.57e-15	1.33e-09	1.14e-05	5.01e-04	7.36e-03	2.69e-02	2.05e-02	6.68e-02	4.93e-01	3.24e-01	5.64e-02	4.52e-03	1.64e-04	2.92e-06	0.00e+00	0.00e+00	0.00e+00	0.00e+00	0.00e+00
 3.98490e+22	1.01e-14	1.71e-09	1.42e-05	5.98e-04	8.46e-03	2.98e-02	2.19e-02	7.05e-02	4.98e-01	3.14e-01	5.25e-02	4.06e-03	1.43e-04	2.48e-06	0.00e+00	0.00e+00	0.00e+00	0.00e+00	0.00e+00
 4.01221e+22	1.45e-14	2.35e-09	1.86e-05	7.47e-04	1.01e-02	3.39e-02	2.38e-02	7.52e-02	5.04e-01	3.01e-01	4.79e-02	3.55e-03	1.20e-04	2.03e-06	0.00e+00	0.00e+00	0.00e+00	0.00e+00	0.00e+00
 4.04008e+22	1.96e-14	3.05e-09	2.32e-05	8.97e-04	1.16e-02	3.77e-02	2.55e-02	7.91e-02	5.08e-01	2.90e-01	4.43e-02	3.17e-03	1.03e-04	1.71e-06	0.00e+00	0.00e+00	0.00e+00	0.00e+00	0.00e+00
 4.06487e+22	2.62e-14	3.93e-09	2.87e-05	1.07e-03	1.33e-02	4.17e-02	2.72e-02	8.30e-02	5.10e-01	2.79e-01	4.10e-02	2.84e-03	8.94e-05	1.45e-06	0.00e+00	0.00e+00	0.00e+00	0.00e+00	0.00e+00
 4.09329e+22	3.83e-14	5.46e-09	3.80e-05	1.34e-03	1.58e-02	4.74e-02	2.95e-02	8.82e-02	5.13e-01	2.65e-01	3.70e-02	2.45e-03	7.38e-05	1.17e-06	0.00e+00	0.00e+00	0.00e+00	0.00e+00	0.00e+00
 4.12187e+22	5.14e-14	7.05e-09	4.72e-05	1.60e-03	1.81e-02	5.23e-02	3.13e-02	9.22e-02	5.13e-01	2.55e-01	3.41e-02	2.18e-03	6.36e-05	9.84e-07	0.00e+00	0.00e+00	0.00e+00	0.00e+00	0.00e+00
 4.15066e+22	7.45e-14	9.72e-09	6.20e-05	2.00e-03	2.14e-02	5.91e-02	3.38e-02	9.73e-02	5.13e-01	2.41e-01	3.06e-02	1.87e-03	5.24e-05	7.91e-07	0.00e+00	0.00e+00	0.00e+00	0.00e+00	0.00e+00
 4.18006e+22	1.01e-13	1.27e-08	7.77e-05	2.40e-03	2.46e-02	6.53e-02	3.59e-02	1.01e-01	5.11e-01	2.29e-01	2.80e-02	1.65e-03	4.46e-05	6.58e-07	0.00e+00	0.00e+00	0.00e+00	0.00e+00	0.00e+00
 4.21023e+22	1.48e-13	1.77e-08	1.03e-04	3.01e-03	2.92e-02	7.36e-02	3.86e-02	1.07e-01	5.07e-01	2.15e-01	2.49e-02	1.40e-03	3.63e-05	5.22e-07	0.00e+00	0.00e+00	0.00e+00	0.00e+00	0.00e+00
 4.24078e+22	2.02e-13	2.31e-08	1.29e-04	3.61e-03	3.35e-02	8.11e-02	4.08e-02	1.11e-01	5.03e-01	2.03e-01	2.25e-02	1.22e-03	3.06e-05	4.30e-07	0.00e+00	0.00e+00	0.00e+00	0.00e+00	0.00e+00
 4.27182e+22	2.97e-13	3.23e-08	1.70e-04	4.51e-03	3.96e-02	9.10e-02	4.37e-02	1.16e-01	4.96e-01	1.89e-01	1.98e-02	1.03e-03	2.47e-05	3.38e-07	0.00e+00	0.00e+00	0.00e+00	0.00e+00	0.00e+00
 4.30335e+22	4.07e-13	4.23e-08	2.14e-04	5.41e-03	4.53e-02	9.98e-02	4.60e-02	1.19e-01	4.88e-01	1.77e-01	1.78e-02	8.90e-04	2.06e-05	2.76e-07	0.00e+00	0.00e+00	0.00e+00	0.00e+00	0.00e+00
 4.33552e+22	5.97e-13	5.88e-08	2.82e-04	6.73e-03	5.32e-02	1.11e-01	4.88e-02	1.24e-01	4.76e-01	1.63e-01	1.55e-02	7.41e-04	1.64e-05	2.14e-07	0.00e+00	0.00e+00	0.00e+00	0.00e+00	0.00e+00
 4.36831e+22	8.31e-13	7.81e-08	3.57e-04	8.11e-03	6.10e-02	1.22e-01	5.12e-02	1.27e-01	4.65e-01	1.51e-01	1.37e-02	6.29e-04	1.34e-05	1.71e-07	0.00e+00	0.00e+00	0.00e+00	0.00e+00	0.00e+00
 4.39699e+22	1.12e-12	1.01e-07	4.42e-04	9.57e-03	6.88e-02	1.32e-01	5.33e-02	1.29e-01	4.53e-01	1.41e-01	1.22e-02	5.41e-04	1.12e-05	1.39e-07	0.00e+00	0.00e+00	0.00e+00	0.00e+00	0.00e+00
 4.42936e+22	1.62e-12	1.38e-07	5.74e-04	1.17e-02	7.97e-02	1.45e-01	5.58e-02	1.32e-01	4.36e-01	1.28e-01	1.05e-02	4.45e-04	8.81e-06	0.00e+00	0.00e+00	0.00e+00	0.00e+00	0.00e+00	0.00e+00
 4.46356e+22	2.26e-12	1.84e-07	7.28e-04	1.41e-02	9.07e-02	1.57e-01	5.79e-02	1.34e-01	4.19e-01	1.16e-01	9.12e-03	3.69e-04	7.04e-06	0.00e+00	0.00e+00	0.00e+00	0.00e+00	0.00e+00	0.00e+00
 4.49133e+22	2.93e-12	2.29e-07	8.72e-04	1.62e-02	1.00e-01	1.67e-01	5.94e-02	1.35e-01	4.05e-01	1.08e-01	8.13e-03	3.19e-04	5.90e-06	0.00e+00	0.00e+00	0.00e+00	0.00e+00	0.00e+00	0.00e+00
 4.51861e+22	3.92e-12	2.94e-07	1.07e-03	1.89e-02	1.11e-01	1.78e-01	6.09e-02	1.36e-01	3.88e-01	9.85e-02	7.10e-03	2.69e-04	4.80e-06	0.00e+00	0.00e+00	0.00e+00	0.00e+00	0.00e+00	0.00e+00
 4.54771e+22	5.13e-12	3.69e-07	1.29e-03	2.18e-02	1.23e-01	1.88e-01	6.22e-02	1.36e-01	3.72e-01	9.02e-02	6.24e-03	2.28e-04	3.95e-06	0.00e+00	0.00e+00	0.00e+00	0.00e+00	0.00e+00	0.00e+00
 4.57483e+22	6.64e-12	4.59e-07	1.54e-03	2.49e-02	1.34e-01	1.98e-01	6.32e-02	1.35e-01	3.55e-01	8.24e-02	5.48e-03	1.94e-04	3.26e-06	0.00e+00	0.00e+00	0.00e+00	0.00e+00	0.00e+00	0.00e+00
 4.60574e+22	9.15e-12	6.01e-07	1.91e-03	2.93e-02	1.50e-01	2.10e-01	6.41e-02	1.34e-01	3.33e-01	7.32e-02	4.62e-03	1.57e-04	2.54e-06	0.00e+00	0.00e+00	0.00e+00	0.00e+00	0.00e+00	0.00e+00
 4.63752e+22	1.21e-11	7.59e-07	2.31e-03	3.37e-02	1.64e-01	2.20e-01	6.47e-02	1.32e-01	3.13e-01	6.56e-02	3.96e-03	1.30e-04	2.03e-06	0.00e+00	0.00e+00	0.00e+00	0.00e+00	0.00e+00	0.00e+00
 4.66561e+22	1.56e-11	9.38e-07	2.74e-03	3.82e-02	1.78e-01	2.28e-01	6.49e-02	1.30e-01	2.95e-01	5.90e-02	3.42e-03	1.08e-04	1.64e-06	0.00e+00	0.00e+00	0.00e+00	0.00e+00	0.00e+00	0.00e+00
 4.69730e+22	2.13e-11	1.22e-06	3.36e-03	4.44e-02	1.95e-01	2.38e-01	6.49e-02	1.27e-01	2.72e-01	5.14e-02	2.83e-03	8.61e-05	1.26e-06	0.00e+00	0.00e+00	0.00e+00	0.00e+00	0.00e+00	0.00e+00
 4.72948e+22	2.76e-11	1.51e-06	3.99e-03	5.01e-02	2.10e-01	2.46e-01	6.46e-02	1.24e-01	2.53e-01	4.56e-02	2.40e-03	7.05e-05	9.97e-07	0.00e+00	0.00e+00	0.00e+00	0.00e+00	0.00e+00	0.00e+00
 4.75768e+22	3.52e-11	1.84e-06	4.68e-03	5.61e-02	2.25e-01	2.52e-01	6.40e-02	1.20e-01	2.35e-01	4.04e-02	2.05e-03	5.81e-05	7.96e-07	0.00e+00	0.00e+00	0.00e+00	0.00e+00	0.00e+00	0.00e+00
 4.78972e+22	4.74e-11	2.35e-06	5.66e-03	6.42e-02	2.43e-01	2.59e-01	6.30e-02	1.16e-01	2.13e-01	3.46e-02	1.67e-03	4.54e-05	6.00e-07	0.00e+00	0.00e+00	0.00e+00	0.00e+00	0.00e+00	0.00e+00
 4.82278e+22	6.12e-11	2.90e-06	6.66e-03	7.18e-02	2.58e-01	2.64e-01	6.18e-02	1.11e-01	1.95e-01	3.01e-02	1.39e-03	3.64e-05	4.65e-07	0.00e+00	0.00e+00	0.00e+00	0.00e+00	0.00e+00	0.00e+00
 4.85232e+22	7.77e-11	3.53e-06	7.75e-03	7.95e-02	2.73e-01	2.67e-01	6.05e-02	1.06e-01	1.78e-01	2.62e-02	1.16e-03	2.94e-05	3.64e-07	0.00e+00	0.00e+00	0.00e+00	0.00e+00	0.00e+00	0.00e+00
 4.88588e+22	1.04e-10	4.48e-06	9.30e-03	8.99e-02	2.91e-01	2.70e-01	5.85e-02	1.00e-01	1.59e-01	2.20e-02	9.20e-04	2.24e-05	2.67e-07	0.00e+00	0.00e+00	0.00e+00	0.00e+00	0.00e+00	0.00e+00
 4.92058e+22	1.34e-10	5.51e-06	1.09e-02	9.97e-02	3.06e-01	2.71e-01	5.66e-02	9.47e-02	1.42e-01	1.87e-02	7.46e-04	1.75e-05	2.01e-07	0.00e+00	0.00e+00	0.00e+00	0.00e+00	0.00e+00	0.00e+00
 4.95156e+22	1.70e-10	6.65e-06	1.25e-02	1.09e-01	3.19e-01	2.70e-01	5.46e-02	8.94e-02	1.28e-01	1.60e-02	6.11e-04	1.39e-05	1.54e-07	0.00e+00	0.00e+00	0.00e+00	0.00e+00	0.00e+00	0.00e+00
 4.98663e+22	2.27e-10	8.38e-06	1.49e-02	1.22e-01	3.35e-01	2.68e-01	5.19e-02	8.28e-02	1.11e-01	1.31e-02	4.74e-04	1.03e-05	0.00e+00	0.00e+00	0.00e+00	0.00e+00	0.00e+00	0.00e+00	0.00e+00
 5.02262e+22	2.91e-10	1.02e-05	1.73e-02	1.34e-01	3.47e-01	2.65e-01	4.95e-02	7.70e-02	9.83e-02	1.09e-02	3.77e-04	7.91e-06	0.00e+00	0.00e+00	0.00e+00	0.00e+00	0.00e+00	0.00e+00	0.00e+00
 5.05441e+22	3.65e-10	1.22e-05	1.97e-02	1.45e-01	3.58e-01	2.62e-01	4.71e-02	7.18e-02	8.71e-02	9.20e-03	3.04e-04	6.16e-06	0.00e+00	0.00e+00	0.00e+00	0.00e+00	0.00e+00	0.00e+00	0.00e+00
 5.09033e+22	4.83e-10	1.52e-05	2.31e-02	1.60e-01	3.70e-01	2.56e-01	4.42e-02	6.54e-02	7.46e-02	7.39e-03	2.31e-04	4.49e-06	0.00e+00	0.00e+00	0.00e+00	0.00e+00	0.00e+00	0.00e+00	0.00e+00
 5.12731e+22	6.14e-10	1.84e-05	2.65e-02	1.73e-01	3.79e-01	2.49e-01	4.15e-02	6.00e-02	6.48e-02	6.06e-03	1.81e-04	3.38e-06	0.00e+00	0.00e+00	0.00e+00	0.00e+00	0.00e+00	0.00e+00	0.00e+00
 5.16011e+22	7.66e-10	2.19e-05	3.00e-02	1.85e-01	3.86e-01	2.43e-01	3.91e-02	5.52e-02	5.66e-02	5.03e-03	1.43e-04	2.59e-06	0.00e+00	0.00e+00	0.00e+00	0.00e+00	0.00e+00	0.00e+00	0.00e+00
 5.19723e+22	1.01e-09	2.71e-05	3.50e-02	2.02e-01	3.93e-01	2.34e-01	3.61e-02	4.94e-02	4.75e-02	3.94e-03	1.06e-04	1.84e-06	0.00e+00	0.00e+00	0.00e+00	0.00e+00	0.00e+00	0.00e+00	0.00e+00
 5.23522e+22	1.27e-09	3.24e-05	3.96e-02	2.16e-01	3.97e-01	2.25e-01	3.36e-02	4.48e-02	4.08e-02	3.20e-03	8.21e-05	1.37e-06	0.00e+00	0.00e+00	0.00e+00	0.00e+00	0.00e+00	0.00e+00	0.00e+00
 5.27437e+22	1.68e-09	4.02e-05	4.60e-02	2.34e-01	4.00e-01	2.14e-01	3.06e-02	3.95e-02	3.36e-02	2.45e-03	5.94e-05	9.49e-07	0.00e+00	0.00e+00	0.00e+00	0.00e+00	0.00e+00	0.00e+00	0.00e+00
 5.31406e+22	2.12e-09	4.79e-05	5.19e-02	2.48e-01	4.01e-01	2.04e-01	2.82e-02	3.55e-02	2.85e-02	1.96e-03	4.52e-05	6.95e-07	0.00e+00	0.00e+00	0.00e+00	0.00e+00	0.00e+00	0.00e+00	0.00e+00
 5.35445e+22	2.79e-09	5.89e-05	5.97e-02	2.66e-01	4.01e-01	1.92e-01	2.55e-02	3.10e-02	2.33e-02	1.49e-03	3.24e-05	4.77e-07	0.00e+00	0.00e+00	0.00e+00	0.00e+00	0.00e+00	0.00e+00	0.00e+00
 5.39592e+22	3.53e-09	7.05e-05	6.73e-02	2.82e-01	3.98e-01	1.82e-01	2.32e-02	2.74e-02	1.94e-02	1.16e-03	2.41e-05	3.41e-07	0.00e+00	0.00e+00	0.00e+00	0.00e+00	0.00e+00	0.00e+00	0.00e+00
 5.43265e+22	4.39e-09	8.30e-05	7.50e-02	2.96e-01	3.95e-01	1.72e-01	2.12e-02	2.44e-02	1.63e-02	9.21e-04	1.82e-05	2.48e-07	0.00e+00	0.00e+00	0.00e+00	0.00e+00	0.00e+00	0.00e+00	0.00e+00
 5.47428e+22	5.76e-09	1.02e-04	8.56e-02	3.13e-01	3.88e-01	1.59e-01	1.89e-02	2.09e-02	1.30e-02	6.83e-04	1.27e-05	1.66e-07	0.00e+00	0.00e+00	0.00e+00	0.00e+00	0.00e+00	0.00e+00	0.00e+00
 5.51714e+22	7.25e-09	1.20e-04	9.55e-02	3.28e-01	3.81e-01	1.49e-01	1.70e-02	1.83e-02	1.07e-02	5.27e-04	9.30e-06	0.00e+00	0.00e+00	0.00e+00	0.00e+00	0.00e+00	0.00e+00	0.00e+00	0.00e+00
 5.55578e+22	9.00e-09	1.41e-04	1.06e-01	3.42e-01	3.73e-01	1.39e-01	1.54e-02	1.61e-02	8.87e-03	4.09e-04	6.89e-06	0.00e+00	0.00e+00	0.00e+00	0.00e+00	0.00e+00	0.00e+00	0.00e+00	0.00e+00
 5.59437e+22	1.12e-08	1.65e-04	1.17e-01	3.55e-01	3.64e-01	1.29e-01	1.38e-02	1.40e-02	7.29e-03	3.16e-04	5.06e-06	0.00e+00	0.00e+00	0.00e+00	0.00e+00	0.00e+00	0.00e+00	0.00e+00	0.00e+00
 5.63282e+22	1.37e-08	1.92e-04	1.28e-01	3.67e-01	3.54e-01	1.20e-01	1.25e-02	1.23e-02	6.02e-03	2.45e-04	3.75e-06	0.00e+00	0.00e+00	0.00e+00	0.00e+00	0.00e+00	0.00e+00	0.00e+00	0.00e+00
 5.67690e+22	1.80e-08	2.34e-04	1.44e-01	3.81e-01	3.40e-01	1.08e-01	1.08e-02	1.02e-02	4.65e-03	1.74e-04	2.51e-06	0.00e+00	0.00e+00	0.00e+00	0.00e+00	0.00e+00	0.00e+00	0.00e+00	0.00e+00
 5.71759e+22	2.12e-08	2.63e-04	1.55e-01	3.90e-01	3.30e-01	1.01e-01	9.88e-03	9.09e-03	3.95e-03	1.41e-04	1.95e-06	0.00e+00	0.00e+00	0.00e+00	0.00e+00	0.00e+00	0.00e+00	0.00e+00	0.00e+00
 5.75388e+22	2.62e-08	3.05e-04	1.69e-01	4.00e-01	3.18e-01	9.32e-02	8.80e-03	7.83e-03	3.21e-03	1.07e-04	1.41e-06	0.00e+00	0.00e+00	0.00e+00	0.00e+00	0.00e+00	0.00e+00	0.00e+00	0.00e+00
 5.79152e+22	3.12e-08	3.45e-04	1.82e-01	4.08e-01	3.06e-01	8.64e-02	7.94e-03	6.87e-03	2.67e-03	8.40e-05	1.07e-06	0.00e+00	0.00e+00	0.00e+00	0.00e+00	0.00e+00	0.00e+00	0.00e+00	0.00e+00
 5.82559e+22	3.69e-08	3.88e-04	1.94e-01	4.14e-01	2.95e-01	8.02e-02	7.18e-03	6.04e-03	2.24e-03	6.66e-05	8.14e-07	0.00e+00	0.00e+00	0.00e+00	0.00e+00	0.00e+00	0.00e+00	0.00e+00	0.00e+00
 5.86454e+22	4.58e-08	4.51e-04	2.11e-01	4.22e-01	2.81e-01	7.27e-02	6.30e-03	5.11e-03	1.78e-03	4.93e-05	5.73e-07	0.00e+00	0.00e+00	0.00e+00	0.00e+00	0.00e+00	0.00e+00	0.00e+00	0.00e+00
 5.90401e+22	5.43e-08	5.07e-04	2.25e-01	4.27e-01	2.68e-01	6.69e-02	5.65e-03	4.45e-03	1.47e-03	3.84e-05	4.29e-07	0.00e+00	0.00e+00	0.00e+00	0.00e+00	0.00e+00	0.00e+00	0.00e+00	0.00e+00
 5.94418e+22	6.69e-08	5.86e-04	2.44e-01	4.32e-01	2.53e-01	6.04e-02	4.94e-03	3.75e-03	1.16e-03	2.83e-05	3.02e-07	0.00e+00	0.00e+00	0.00e+00	0.00e+00	0.00e+00	0.00e+00	0.00e+00	0.00e+00
 5.98531e+22	8.02e-08	6.63e-04	2.60e-01	4.35e-01	2.40e-01	5.51e-02	4.38e-03	3.22e-03	9.44e-04	2.16e-05	2.21e-07	0.00e+00	0.00e+00	0.00e+00	0.00e+00	0.00e+00	0.00e+00	0.00e+00	0.00e+00
 6.02137e+22	9.43e-08	7.40e-04	2.76e-01	4.37e-01	2.28e-01	5.06e-02	3.92e-03	2.80e-03	7.82e-04	1.69e-05	1.66e-07	0.00e+00	0.00e+00	0.00e+00	0.00e+00	0.00e+00	0.00e+00	0.00e+00	0.00e+00
 6.05485e+22	1.09e-07	8.18e-04	2.90e-01	4.38e-01	2.18e-01	4.67e-02	3.54e-03	2.46e-03	6.55e-04	1.34e-05	1.28e-07	0.00e+00	0.00e+00	0.00e+00	0.00e+00	0.00e+00	0.00e+00	0.00e+00	0.00e+00
 6.08642e+22	1.25e-07	8.97e-04	3.04e-01	4.38e-01	2.08e-01	4.33e-02	3.21e-03	2.17e-03	5.56e-04	1.08e-05	0.00e+00	0.00e+00	0.00e+00	0.00e+00	0.00e+00	0.00e+00	0.00e+00	0.00e+00	0.00e+00
 6.12258e+22	1.50e-07	1.01e-03	3.23e-01	4.37e-01	1.95e-01	3.92e-02	2.83e-03	1.85e-03	4.48e-04	8.20e-06	0.00e+00	0.00e+00	0.00e+00	0.00e+00	0.00e+00	0.00e+00	0.00e+00	0.00e+00	0.00e+00
 6.15932e+22	1.74e-07	1.11e-03	3.38e-01	4.36e-01	1.84e-01	3.59e-02	2.54e-03	1.61e-03	3.73e-04	6.46e-06	0.00e+00	0.00e+00	0.00e+00	0.00e+00	0.00e+00	0.00e+00	0.00e+00	0.00e+00	0.00e+00
 6.19162e+22	1.99e-07	1.22e-03	3.53e-01	4.34e-01	1.75e-01	3.31e-02	2.28e-03	1.42e-03	3.13e-04	5.14e-06	0.00e+00	0.00e+00	0.00e+00	0.00e+00	0.00e+00	0.00e+00	0.00e+00	0.00e+00	0.00e+00
 6.22842e+22	2.37e-07	1.37e-03	3.73e-01	4.30e-01	1.63e-01	2.98e-02	2.00e-03	1.20e-03	2.51e-04	3.87e-06	0.00e+00	0.00e+00	0.00e+00	0.00e+00	0.00e+00	0.00e+00	0.00e+00	0.00e+00	0.00e+00
 6.26580e+22	2.74e-07	1.50e-03	3.89e-01	4.26e-01	1.53e-01	2.72e-02	1.79e-03	1.04e-03	2.08e-04	3.03e-06	0.00e+00	0.00e+00	0.00e+00	0.00e+00	0.00e+00	0.00e+00	0.00e+00	0.00e+00	0.00e+00
 6.29875e+22	3.13e-07	1.63e-03	4.04e-01	4.22e-01	1.44e-01	2.50e-02	1.61e-03	9.10e-04	1.74e-04	2.41e-06	0.00e+00	0.00e+00	0.00e+00	0.00e+00	0.00e+00	0.00e+00	0.00e+00	0.00e+00	0.00e+00
 6.33640e+22	3.72e-07	1.83e-03	4.24e-01	4.16e-01	1.34e-01	2.24e-02	1.40e-03	7.64e-04	1.38e-04	1.79e-06	0.00e+00	0.00e+00	0.00e+00	0.00e+00	0.00e+00	0.00e+00	0.00e+00	0.00e+00	0.00e+00
 6.37447e+22	4.26e-07	1.99e-03	4.40e-01	4.11e-01	1.25e-01	2.05e-02	1.25e-03	6.64e-04	1.15e-04	1.41e-06	0.00e+00	0.00e+00	0.00e+00	0.00e+00	0.00e+00	0.00e+00	0.00e+00	0.00e+00	0.00e+00
