#depth	Cl	Cl+	Cl+2	Cl+3	Cl+4	Cl+5	Cl+6	Cl+7	Cl+8	Cl+9	Cl+10	Cl+11	Cl+12	Cl+13	Cl+14	Cl+15	Cl+16	Cl+17
 4.62852e+21	0.00e+00	1.34e-29	1.91e-25	7.34e-22	7.35e-19	4.39e-16	2.50e-13	3.98e-10	6.53e-08	3.92e-06	9.18e-05	1.13e-03	6.73e-03	2.13e-02	7.12e-02	4.50e-01	3.58e-01	9.18e-02
 1.03955e+22	0.00e+00	4.91e-27	4.71e-23	1.10e-19	6.40e-17	2.20e-14	7.21e-12	1.03e-08	1.34e-06	5.91e-05	9.52e-04	7.95e-03	3.05e-02	5.91e-02	1.21e-01	4.94e-01	2.47e-01	3.99e-02
 1.20872e+22	0.00e+00	1.13e-25	8.15e-22	1.41e-18	5.99e-16	1.49e-13	3.54e-11	5.20e-08	6.17e-06	2.36e-04	3.09e-03	2.08e-02	6.27e-02	9.30e-02	1.45e-01	4.70e-01	1.82e-01	2.29e-02
 1.29169e+22	0.00e+00	6.00e-25	3.66e-21	5.34e-18	1.89e-15	3.88e-13	7.70e-11	1.19e-07	1.36e-05	4.82e-04	5.66e-03	3.38e-02	8.91e-02	1.14e-01	1.54e-01	4.39e-01	1.47e-01	1.62e-02
 1.32626e+22	0.00e+00	9.22e-25	5.38e-21	7.50e-18	2.53e-15	4.94e-13	9.34e-11	1.46e-07	1.66e-05	5.78e-04	6.59e-03	3.81e-02	9.71e-02	1.20e-01	1.55e-01	4.29e-01	1.39e-01	1.47e-02
 1.33810e+22	0.00e+00	1.26e-24	7.11e-21	9.58e-18	3.12e-15	5.87e-13	1.07e-10	1.70e-07	1.92e-05	6.59e-04	7.35e-03	4.15e-02	1.03e-01	1.24e-01	1.56e-01	4.21e-01	1.33e-01	1.37e-02
 1.34943e+22	0.00e+00	1.88e-24	1.02e-20	1.31e-17	4.08e-15	7.32e-13	1.27e-10	2.06e-07	2.31e-05	7.79e-04	8.46e-03	4.63e-02	1.11e-01	1.29e-01	1.56e-01	4.10e-01	1.25e-01	1.24e-02
 1.36065e+22	0.00e+00	2.54e-24	1.34e-20	1.66e-17	4.99e-15	8.62e-13	1.45e-10	2.37e-07	2.65e-05	8.82e-04	9.38e-03	5.02e-02	1.18e-01	1.33e-01	1.57e-01	4.02e-01	1.19e-01	1.15e-02
 1.37020e+22	0.00e+00	3.42e-24	1.74e-20	2.10e-17	6.08e-15	1.01e-12	1.64e-10	2.73e-07	3.04e-05	9.97e-04	1.04e-02	5.43e-02	1.25e-01	1.37e-01	1.57e-01	3.92e-01	1.13e-01	1.07e-02
 1.38108e+22	0.00e+00	5.06e-24	2.47e-20	2.85e-17	7.87e-15	1.25e-12	1.94e-10	3.27e-07	3.62e-05	1.17e-03	1.19e-02	6.01e-02	1.33e-01	1.41e-01	1.56e-01	3.80e-01	1.06e-01	9.66e-03
 1.39191e+22	0.00e+00	6.81e-24	3.23e-20	3.59e-17	9.58e-15	1.46e-12	2.19e-10	3.75e-07	4.13e-05	1.32e-03	1.31e-02	6.49e-02	1.40e-01	1.45e-01	1.56e-01	3.70e-01	1.00e-01	8.92e-03
 1.40266e+22	0.00e+00	1.00e-23	4.57e-20	4.86e-17	1.24e-14	1.80e-12	2.56e-10	4.48e-07	4.91e-05	1.54e-03	1.49e-02	7.15e-02	1.50e-01	1.49e-01	1.55e-01	3.57e-01	9.34e-02	8.02e-03
 1.41360e+22	0.00e+00	1.36e-23	6.00e-20	6.16e-17	1.51e-14	2.11e-12	2.90e-10	5.14e-07	5.61e-05	1.74e-03	1.64e-02	7.70e-02	1.57e-01	1.52e-01	1.54e-01	3.46e-01	8.81e-02	7.35e-03
 1.42477e+22	0.00e+00	2.05e-23	8.62e-20	8.43e-17	1.96e-14	2.60e-12	3.41e-10	6.16e-07	6.68e-05	2.03e-03	1.87e-02	8.47e-02	1.68e-01	1.56e-01	1.52e-01	3.31e-01	8.12e-02	6.54e-03
 1.43603e+22	0.00e+00	2.80e-23	1.14e-19	1.07e-16	2.41e-14	3.07e-12	3.86e-10	7.07e-07	7.64e-05	2.30e-03	2.06e-02	9.11e-02	1.76e-01	1.59e-01	1.50e-01	3.19e-01	7.60e-02	5.95e-03
 1.44742e+22	0.00e+00	4.24e-23	1.65e-19	1.48e-16	3.14e-14	3.79e-12	4.53e-10	8.45e-07	9.08e-05	2.68e-03	2.34e-02	9.99e-02	1.86e-01	1.63e-01	1.47e-01	3.03e-01	6.95e-02	5.23e-03
 1.45853e+22	0.00e+00	5.67e-23	2.14e-19	1.85e-16	3.80e-14	4.40e-12	5.08e-10	9.58e-07	1.02e-04	2.99e-03	2.55e-02	1.06e-01	1.94e-01	1.65e-01	1.45e-01	2.92e-01	6.51e-02	4.77e-03
 1.46927e+22	0.00e+00	8.35e-23	3.01e-19	2.49e-16	4.86e-14	5.36e-12	5.89e-10	1.13e-06	1.20e-04	3.44e-03	2.86e-02	1.15e-01	2.03e-01	1.67e-01	1.42e-01	2.77e-01	5.95e-02	4.20e-03
 1.48021e+22	0.00e+00	1.13e-22	3.94e-19	3.13e-16	5.90e-14	6.25e-12	6.62e-10	1.28e-06	1.35e-04	3.84e-03	3.12e-02	1.23e-01	2.11e-01	1.68e-01	1.39e-01	2.65e-01	5.53e-02	3.80e-03
 1.49141e+22	0.00e+00	1.67e-22	5.60e-19	4.24e-16	7.60e-14	7.64e-12	7.70e-10	1.50e-06	1.58e-04	4.41e-03	3.48e-02	1.33e-01	2.20e-01	1.70e-01	1.35e-01	2.50e-01	5.01e-02	3.32e-03
 1.50260e+22	0.00e+00	2.24e-22	7.27e-19	5.31e-16	9.18e-14	8.88e-12	8.63e-10	1.69e-06	1.77e-04	4.88e-03	3.77e-02	1.40e-01	2.27e-01	1.71e-01	1.32e-01	2.38e-01	4.65e-02	2.99e-03
 1.51378e+22	0.00e+00	3.31e-22	1.03e-18	7.16e-16	1.18e-13	1.08e-11	1.00e-09	1.97e-06	2.04e-04	5.56e-03	4.18e-02	1.50e-01	2.36e-01	1.71e-01	1.27e-01	2.23e-01	4.19e-02	2.60e-03
 1.52511e+22	0.00e+00	4.43e-22	1.33e-18	8.95e-16	1.42e-13	1.26e-11	1.12e-09	2.20e-06	2.28e-04	6.12e-03	4.51e-02	1.58e-01	2.42e-01	1.71e-01	1.24e-01	2.12e-01	3.87e-02	2.33e-03
 1.53664e+22	0.00e+00	6.53e-22	1.88e-18	1.21e-15	1.83e-13	1.53e-11	1.30e-09	2.56e-06	2.62e-04	6.94e-03	4.98e-02	1.69e-01	2.50e-01	1.70e-01	1.19e-01	1.98e-01	3.47e-02	2.01e-03
 1.54843e+22	0.00e+00	8.79e-22	2.45e-18	1.52e-15	2.21e-13	1.79e-11	1.47e-09	2.86e-06	2.92e-04	7.63e-03	5.36e-02	1.77e-01	2.56e-01	1.70e-01	1.15e-01	1.87e-01	3.19e-02	1.80e-03
 1.56054e+22	0.00e+00	1.30e-21	3.47e-18	2.05e-15	2.85e-13	2.19e-11	1.71e-09	3.31e-06	3.34e-04	8.60e-03	5.88e-02	1.88e-01	2.63e-01	1.68e-01	1.10e-01	1.73e-01	2.84e-02	1.54e-03
 1.57302e+22	0.00e+00	1.77e-21	4.57e-18	2.60e-15	3.49e-13	2.57e-11	1.94e-09	3.71e-06	3.71e-04	9.45e-03	6.32e-02	1.96e-01	2.68e-01	1.67e-01	1.06e-01	1.63e-01	2.59e-02	1.36e-03
 1.58410e+22	0.00e+00	2.38e-21	5.96e-18	3.27e-15	4.23e-13	3.01e-11	2.18e-09	4.13e-06	4.11e-04	1.03e-02	6.76e-02	2.04e-01	2.72e-01	1.65e-01	1.02e-01	1.53e-01	2.36e-02	1.20e-03
 1.59663e+22	0.00e+00	3.47e-21	8.36e-18	4.39e-15	5.43e-13	3.67e-11	2.54e-09	4.73e-06	4.65e-04	1.15e-02	7.35e-02	2.15e-01	2.77e-01	1.62e-01	9.74e-02	1.41e-01	2.09e-02	1.03e-03
 1.60930e+22	0.00e+00	4.64e-21	1.09e-17	5.51e-15	6.58e-13	4.29e-11	2.87e-09	5.25e-06	5.12e-04	1.25e-02	7.82e-02	2.23e-01	2.80e-01	1.60e-01	9.35e-02	1.32e-01	1.90e-02	9.07e-04
 1.62216e+22	0.00e+00	6.75e-21	1.52e-17	7.36e-15	8.42e-13	5.23e-11	3.34e-09	5.99e-06	5.77e-04	1.39e-02	8.46e-02	2.33e-01	2.84e-01	1.56e-01	8.86e-02	1.22e-01	1.68e-02	7.71e-04
 1.63540e+22	0.00e+00	9.10e-21	1.98e-17	9.30e-15	1.03e-12	6.15e-11	3.79e-09	6.65e-06	6.34e-04	1.51e-02	8.99e-02	2.41e-01	2.86e-01	1.53e-01	8.46e-02	1.13e-01	1.52e-02	6.75e-04
 1.64728e+22	0.00e+00	1.22e-20	2.58e-17	1.17e-14	1.25e-12	7.20e-11	4.28e-09	7.36e-06	6.95e-04	1.63e-02	9.52e-02	2.49e-01	2.88e-01	1.50e-01	8.08e-02	1.06e-01	1.37e-02	5.92e-04
 1.66089e+22	0.00e+00	1.77e-20	3.60e-17	1.56e-14	1.60e-12	8.81e-11	5.01e-09	8.37e-06	7.79e-04	1.80e-02	1.02e-01	2.58e-01	2.90e-01	1.46e-01	7.60e-02	9.64e-02	1.20e-02	4.99e-04
 1.67458e+22	0.00e+00	2.35e-20	4.65e-17	1.96e-14	1.93e-12	1.03e-10	5.66e-09	9.24e-06	8.50e-04	1.94e-02	1.08e-01	2.65e-01	2.90e-01	1.43e-01	7.25e-02	8.97e-02	1.09e-02	4.37e-04
 1.68839e+22	0.00e+00	3.40e-20	6.48e-17	2.61e-14	2.47e-12	1.26e-10	6.61e-09	1.05e-05	9.48e-04	2.13e-02	1.16e-01	2.74e-01	2.91e-01	1.38e-01	6.79e-02	8.16e-02	9.49e-03	3.67e-04
 1.70242e+22	0.00e+00	4.50e-20	8.34e-17	3.26e-14	2.99e-12	1.47e-10	7.47e-09	1.15e-05	1.03e-03	2.28e-02	1.22e-01	2.81e-01	2.90e-01	1.34e-01	6.46e-02	7.57e-02	8.55e-03	3.21e-04
 1.71454e+22	0.00e+00	5.86e-20	1.06e-16	4.01e-14	3.58e-12	1.70e-10	8.39e-09	1.26e-05	1.12e-03	2.44e-02	1.27e-01	2.87e-01	2.90e-01	1.31e-01	6.14e-02	7.05e-02	7.73e-03	2.82e-04
 1.72808e+22	0.00e+00	8.25e-20	1.44e-16	5.25e-14	4.51e-12	2.06e-10	9.73e-09	1.42e-05	1.23e-03	2.65e-02	1.35e-01	2.94e-01	2.88e-01	1.26e-01	5.75e-02	6.41e-02	6.77e-03	2.38e-04
 1.74159e+22	0.00e+00	1.06e-19	1.81e-16	6.42e-14	5.35e-12	2.37e-10	1.09e-08	1.54e-05	1.33e-03	2.82e-02	1.41e-01	2.99e-01	2.87e-01	1.22e-01	5.47e-02	5.97e-02	6.13e-03	2.10e-04
 1.75505e+22	0.00e+00	1.47e-19	2.43e-16	8.30e-14	6.68e-12	2.85e-10	1.26e-08	1.72e-05	1.46e-03	3.04e-02	1.49e-01	3.06e-01	2.85e-01	1.18e-01	5.13e-02	5.44e-02	5.38e-03	1.78e-04
 1.76880e+22	0.00e+00	1.91e-19	3.07e-16	1.02e-13	7.98e-12	3.30e-10	1.41e-08	1.88e-05	1.57e-03	3.23e-02	1.55e-01	3.11e-01	2.83e-01	1.14e-01	4.86e-02	5.04e-02	4.84e-03	1.55e-04
 1.78292e+22	0.00e+00	2.68e-19	4.17e-16	1.33e-13	1.00e-11	3.98e-10	1.64e-08	2.11e-05	1.72e-03	3.50e-02	1.63e-01	3.17e-01	2.79e-01	1.09e-01	4.52e-02	4.55e-02	4.21e-03	1.30e-04
 1.79713e+22	0.00e+00	3.43e-19	5.22e-16	1.63e-13	1.19e-11	4.59e-10	1.84e-08	2.30e-05	1.85e-03	3.70e-02	1.70e-01	3.21e-01	2.77e-01	1.06e-01	4.28e-02	4.22e-02	3.80e-03	1.14e-04
 1.81147e+22	4.27e-33	4.79e-19	7.05e-16	2.12e-13	1.50e-11	5.55e-10	2.13e-08	2.57e-05	2.03e-03	3.99e-02	1.78e-01	3.26e-01	2.72e-01	1.01e-01	3.97e-02	3.81e-02	3.30e-03	9.52e-05
 1.82548e+22	5.49e-33	6.02e-19	8.67e-16	2.54e-13	1.76e-11	6.33e-10	2.37e-08	2.78e-05	2.17e-03	4.20e-02	1.84e-01	3.29e-01	2.69e-01	9.73e-02	3.77e-02	3.54e-02	2.99e-03	8.42e-05
 1.83906e+22	7.62e-33	8.13e-19	1.14e-15	3.23e-13	2.16e-11	7.52e-10	2.72e-08	3.09e-05	2.36e-03	4.48e-02	1.92e-01	3.33e-01	2.65e-01	9.30e-02	3.52e-02	3.22e-02	2.62e-03	7.13e-05
 1.85299e+22	9.91e-33	1.03e-18	1.41e-15	3.92e-13	2.55e-11	8.64e-10	3.04e-08	3.35e-05	2.52e-03	4.72e-02	1.99e-01	3.35e-01	2.61e-01	8.96e-02	3.32e-02	2.98e-02	2.36e-03	6.25e-05
 1.86740e+22	1.40e-32	1.41e-18	1.88e-15	5.03e-13	3.17e-11	1.03e-09	3.51e-08	3.73e-05	2.75e-03	5.05e-02	2.07e-01	3.38e-01	2.56e-01	8.51e-02	3.08e-02	2.68e-02	2.05e-03	5.23e-05
 1.88197e+22	1.81e-32	1.79e-18	2.33e-15	6.09e-13	3.74e-11	1.19e-09	3.92e-08	4.06e-05	2.94e-03	5.32e-02	2.14e-01	3.41e-01	2.52e-01	8.18e-02	2.91e-02	2.48e-02	1.84e-03	4.57e-05
 1.89675e+22	2.54e-32	2.44e-18	3.09e-15	7.82e-13	4.65e-11	1.43e-09	4.54e-08	4.52e-05	3.20e-03	5.68e-02	2.23e-01	3.43e-01	2.46e-01	7.75e-02	2.69e-02	2.23e-02	1.60e-03	3.82e-05
 1.91180e+22	3.30e-32	3.11e-18	3.85e-15	9.49e-13	5.51e-11	1.64e-09	5.09e-08	4.92e-05	3.42e-03	5.97e-02	2.30e-01	3.44e-01	2.41e-01	7.43e-02	2.53e-02	2.05e-02	1.43e-03	3.32e-05
 1.92721e+22	4.65e-32	4.26e-18	5.12e-15	1.22e-12	6.87e-11	1.97e-09	5.90e-08	5.50e-05	3.73e-03	6.37e-02	2.39e-01	3.46e-01	2.35e-01	7.01e-02	2.33e-02	1.84e-02	1.23e-03	2.76e-05
 1.94294e+22	6.08e-32	5.45e-18	6.40e-15	1.49e-12	8.16e-11	2.28e-09	6.64e-08	6.00e-05	4.00e-03	6.70e-02	2.46e-01	3.46e-01	2.30e-01	6.70e-02	2.18e-02	1.68e-02	1.10e-03	2.39e-05
 1.95909e+22	8.59e-32	7.47e-18	8.54e-15	1.93e-12	1.02e-10	2.76e-09	7.72e-08	6.72e-05	4.36e-03	7.15e-02	2.55e-01	3.47e-01	2.23e-01	6.30e-02	2.00e-02	1.50e-02	9.40e-04	1.97e-05
 1.97570e+22	1.14e-31	9.67e-18	1.08e-14	2.37e-12	1.22e-10	3.21e-09	8.74e-08	7.36e-05	4.68e-03	7.53e-02	2.63e-01	3.47e-01	2.18e-01	5.98e-02	1.86e-02	1.37e-02	8.30e-04	1.69e-05
 1.99290e+22	1.63e-31	1.34e-17	1.45e-14	3.09e-12	1.54e-10	3.90e-09	1.02e-07	8.28e-05	5.12e-03	8.03e-02	2.72e-01	3.46e-01	2.10e-01	5.59e-02	1.70e-02	1.21e-02	7.06e-04	1.38e-05
 2.00962e+22	2.10e-31	1.69e-17	1.80e-14	3.73e-12	1.82e-10	4.48e-09	1.15e-07	9.01e-05	5.46e-03	8.40e-02	2.79e-01	3.46e-01	2.05e-01	5.33e-02	1.59e-02	1.11e-02	6.30e-04	1.20e-05
 2.02570e+22	2.94e-31	2.29e-17	2.37e-14	4.78e-12	2.26e-10	5.38e-09	1.33e-07	1.01e-04	5.93e-03	8.91e-02	2.88e-01	3.44e-01	1.98e-01	4.99e-02	1.45e-02	9.87e-03	5.39e-04	9.89e-06
 2.04210e+22	3.81e-31	2.91e-17	2.95e-14	5.80e-12	2.68e-10	6.21e-09	1.49e-07	1.10e-04	6.33e-03	9.33e-02	2.95e-01	3.43e-01	1.93e-01	4.73e-02	1.35e-02	9.01e-03	4.79e-04	8.53e-06
 2.05891e+22	5.27e-31	3.90e-17	3.85e-14	7.37e-12	3.30e-10	7.41e-09	1.72e-07	1.22e-04	6.87e-03	9.86e-02	3.03e-01	3.41e-01	1.86e-01	4.43e-02	1.24e-02	8.03e-03	4.12e-04	7.08e-06
 2.07667e+22	7.13e-31	5.12e-17	4.94e-14	9.19e-12	4.00e-10	8.72e-09	1.97e-07	1.35e-04	7.39e-03	1.04e-01	3.11e-01	3.38e-01	1.79e-01	4.16e-02	1.14e-02	7.21e-03	3.58e-04	5.95e-06
 2.09298e+22	9.42e-31	6.59e-17	6.22e-14	1.13e-11	4.80e-10	1.02e-08	2.23e-07	1.48e-04	7.92e-03	1.09e-01	3.18e-01	3.36e-01	1.73e-01	3.92e-02	1.06e-02	6.52e-03	3.13e-04	5.06e-06
 2.11150e+22	1.33e-30	9.03e-17	8.29e-14	1.46e-11	6.00e-10	1.23e-08	2.60e-07	1.66e-04	8.62e-03	1.15e-01	3.26e-01	3.32e-01	1.66e-01	3.64e-02	9.55e-03	5.74e-03	2.65e-04	4.12e-06
 2.13112e+22	1.85e-30	1.21e-16	1.08e-13	1.85e-11	7.40e-10	1.47e-08	3.01e-07	1.85e-04	9.33e-03	1.21e-01	3.34e-01	3.28e-01	1.59e-01	3.38e-02	8.70e-03	5.09e-03	2.27e-04	3.40e-06
 2.14931e+22	2.50e-30	1.59e-16	1.39e-13	2.32e-11	9.00e-10	1.73e-08	3.44e-07	2.04e-04	1.00e-02	1.27e-01	3.41e-01	3.24e-01	1.53e-01	3.16e-02	7.96e-03	4.54e-03	1.96e-04	2.84e-06
 2.16701e+22	3.36e-30	2.06e-16	1.76e-13	2.86e-11	1.08e-09	2.02e-08	3.92e-07	2.25e-04	1.08e-02	1.33e-01	3.48e-01	3.20e-01	1.47e-01	2.96e-02	7.31e-03	4.07e-03	1.70e-04	2.39e-06
 2.18695e+22	4.82e-30	2.86e-16	2.38e-13	3.74e-11	1.37e-09	2.47e-08	4.61e-07	2.54e-04	1.17e-02	1.41e-01	3.56e-01	3.15e-01	1.39e-01	2.71e-02	6.54e-03	3.54e-03	1.42e-04	1.91e-06
 2.20716e+22	6.59e-30	3.78e-16	3.07e-13	4.69e-11	1.67e-09	2.92e-08	5.28e-07	2.81e-04	1.26e-02	1.48e-01	3.62e-01	3.10e-01	1.33e-01	2.52e-02	5.95e-03	3.14e-03	1.22e-04	1.58e-06
 2.22471e+22	8.75e-30	4.87e-16	3.87e-13	5.78e-11	2.01e-09	3.41e-08	5.99e-07	3.08e-04	1.35e-02	1.54e-01	3.68e-01	3.05e-01	1.28e-01	2.35e-02	5.45e-03	2.81e-03	1.05e-04	1.33e-06
 2.24451e+22	1.24e-29	6.70e-16	5.18e-13	7.50e-11	2.52e-09	4.14e-08	7.02e-07	3.46e-04	1.47e-02	1.62e-01	3.75e-01	2.98e-01	1.21e-01	2.15e-02	4.88e-03	2.44e-03	8.78e-05	1.06e-06
 2.26504e+22	1.70e-29	8.87e-16	6.69e-13	9.43e-11	3.08e-09	4.91e-08	8.06e-07	3.84e-04	1.58e-02	1.70e-01	3.80e-01	2.92e-01	1.15e-01	1.98e-02	4.41e-03	2.15e-03	7.46e-05	8.71e-07
 2.28345e+22	2.27e-29	1.15e-15	8.49e-13	1.17e-10	3.71e-09	5.74e-08	9.17e-07	4.22e-04	1.69e-02	1.77e-01	3.85e-01	2.87e-01	1.09e-01	1.84e-02	4.02e-03	1.91e-03	6.42e-05	7.25e-07
 2.30429e+22	3.30e-29	1.61e-15	1.15e-12	1.54e-10	4.73e-09	7.05e-08	1.08e-06	4.77e-04	1.84e-02	1.86e-01	3.92e-01	2.79e-01	1.03e-01	1.67e-02	3.55e-03	1.64e-03	5.25e-05	5.68e-07
 2.32561e+22	4.50e-29	2.13e-15	1.49e-12	1.93e-10	5.79e-09	8.37e-08	1.25e-06	5.29e-04	1.98e-02	1.94e-01	3.96e-01	2.72e-01	9.70e-02	1.53e-02	3.19e-03	1.43e-03	4.43e-05	4.61e-07
 2.34465e+22	6.02e-29	2.78e-15	1.90e-12	2.40e-10	7.01e-09	9.84e-08	1.42e-06	5.82e-04	2.12e-02	2.02e-01	4.00e-01	2.65e-01	9.19e-02	1.41e-02	2.89e-03	1.26e-03	3.78e-05	3.80e-07
 2.36651e+22	8.87e-29	3.95e-15	2.63e-12	3.21e-10	9.05e-09	1.22e-07	1.70e-06	6.63e-04	2.32e-02	2.13e-01	4.05e-01	2.56e-01	8.53e-02	1.26e-02	2.52e-03	1.06e-03	3.03e-05	2.90e-07
 2.38853e+22	1.19e-28	5.17e-15	3.37e-12	4.01e-10	1.10e-08	1.44e-07	1.95e-06	7.31e-04	2.48e-02	2.22e-01	4.09e-01	2.49e-01	8.05e-02	1.15e-02	2.26e-03	9.31e-04	2.56e-05	2.37e-07
 2.41077e+22	1.75e-28	7.37e-15	4.67e-12	5.37e-10	1.42e-08	1.80e-07	2.33e-06	8.33e-04	2.71e-02	2.33e-01	4.12e-01	2.39e-01	7.42e-02	1.02e-02	1.96e-03	7.77e-04	2.03e-05	1.79e-07
 2.43326e+22	2.35e-28	9.70e-15	6.01e-12	6.73e-10	1.74e-08	2.13e-07	2.68e-06	9.21e-04	2.90e-02	2.42e-01	4.15e-01	2.32e-01	6.96e-02	9.31e-03	1.75e-03	6.75e-04	1.70e-05	1.44e-07
 2.45609e+22	3.44e-28	1.39e-14	8.35e-12	9.05e-10	2.26e-08	2.66e-07	3.23e-06	1.05e-03	3.17e-02	2.54e-01	4.17e-01	2.21e-01	6.38e-02	8.20e-03	1.51e-03	5.58e-04	1.34e-05	0.00e+00
 2.47925e+22	4.62e-28	1.83e-14	1.08e-11	1.14e-09	2.77e-08	3.16e-07	3.72e-06	1.16e-03	3.40e-02	2.64e-01	4.19e-01	2.13e-01	5.96e-02	7.42e-03	1.34e-03	4.82e-04	1.11e-05	0.00e+00
 2.49871e+22	6.03e-28	2.36e-14	1.36e-11	1.41e-09	3.35e-08	3.72e-07	4.25e-06	1.28e-03	3.62e-02	2.73e-01	4.19e-01	2.06e-01	5.57e-02	6.74e-03	1.20e-03	4.18e-04	9.27e-06	0.00e+00
 2.51707e+22	7.80e-28	3.01e-14	1.71e-11	1.73e-09	4.01e-08	4.34e-07	4.83e-06	1.40e-03	3.84e-02	2.82e-01	4.20e-01	1.99e-01	5.22e-02	6.15e-03	1.07e-03	3.65e-04	7.81e-06	0.00e+00
 2.53810e+22	1.09e-27	4.14e-14	2.30e-11	2.26e-09	5.11e-08	5.35e-07	5.74e-06	1.59e-03	4.17e-02	2.94e-01	4.20e-01	1.89e-01	4.77e-02	5.40e-03	9.23e-04	3.03e-04	6.16e-06	0.00e+00
 2.55916e+22	1.39e-27	5.28e-14	2.88e-11	2.77e-09	6.14e-08	6.25e-07	6.54e-06	1.74e-03	4.43e-02	3.03e-01	4.19e-01	1.81e-01	4.45e-02	4.90e-03	8.24e-04	2.63e-04	5.15e-06	0.00e+00
 2.58025e+22	1.91e-27	7.21e-14	3.85e-11	3.62e-09	7.80e-08	7.69e-07	7.77e-06	1.97e-03	4.79e-02	3.15e-01	4.17e-01	1.72e-01	4.05e-02	4.29e-03	7.07e-04	2.17e-04	4.04e-06	0.00e+00
 2.60178e+22	2.46e-27	9.23e-14	4.85e-11	4.46e-09	9.42e-08	9.05e-07	8.91e-06	2.16e-03	5.10e-02	3.25e-01	4.15e-01	1.64e-01	3.75e-02	3.86e-03	6.26e-04	1.86e-04	3.34e-06	0.00e+00
 2.62390e+22	3.36e-27	1.27e-13	6.54e-11	5.87e-09	1.21e-07	1.12e-06	1.07e-05	2.46e-03	5.53e-02	3.38e-01	4.12e-01	1.54e-01	3.38e-02	3.34e-03	5.31e-04	1.52e-04	2.58e-06	0.00e+00
 2.64651e+22	4.31e-27	1.63e-13	8.30e-11	7.31e-09	1.47e-07	1.33e-06	1.24e-05	2.72e-03	5.91e-02	3.48e-01	4.09e-01	1.46e-01	3.10e-02	2.97e-03	4.64e-04	1.28e-04	2.09e-06	0.00e+00
 2.66979e+22	5.86e-27	2.25e-13	1.13e-10	9.69e-09	1.91e-07	1.67e-06	1.50e-05	3.11e-03	6.43e-02	3.62e-01	4.04e-01	1.36e-01	2.76e-02	2.54e-03	3.88e-04	1.02e-04	1.58e-06	0.00e+00
 2.69349e+22	7.45e-27	2.89e-13	1.43e-10	1.21e-08	2.34e-07	2.00e-06	1.74e-05	3.46e-03	6.87e-02	3.73e-01	3.99e-01	1.28e-01	2.51e-02	2.23e-03	3.36e-04	8.55e-05	1.26e-06	0.00e+00
 2.71768e+22	9.88e-27	3.97e-13	1.94e-10	1.61e-08	3.05e-07	2.52e-06	2.13e-05	3.97e-03	7.49e-02	3.87e-01	3.92e-01	1.18e-01	2.21e-02	1.88e-03	2.77e-04	6.72e-05	9.33e-07	0.00e+00
 2.74201e+22	1.23e-26	5.05e-13	2.45e-10	2.01e-08	3.74e-07	3.02e-06	2.49e-05	4.42e-03	8.00e-02	3.97e-01	3.85e-01	1.11e-01	1.99e-02	1.64e-03	2.38e-04	5.56e-05	7.38e-07	0.00e+00
 2.76565e+22	1.57e-26	6.71e-13	3.24e-10	2.62e-08	4.79e-07	3.75e-06	3.01e-05	5.05e-03	8.67e-02	4.10e-01	3.77e-01	1.02e-01	1.75e-02	1.39e-03	1.97e-04	4.40e-05	5.51e-07	0.00e+00
 2.78958e+22	1.94e-26	8.47e-13	4.07e-10	3.26e-08	5.88e-07	4.50e-06	3.53e-05	5.63e-03	9.27e-02	4.21e-01	3.69e-01	9.48e-02	1.57e-02	1.20e-03	1.68e-04	3.61e-05	4.30e-07	0.00e+00
 2.81130e+22	2.32e-26	1.06e-12	5.08e-10	4.02e-08	7.18e-07	5.38e-06	4.13e-05	6.27e-03	9.88e-02	4.31e-01	3.61e-01	8.81e-02	1.41e-02	1.04e-03	1.43e-04	2.96e-05	3.37e-07	0.00e+00
 2.83196e+22	2.77e-26	1.29e-12	6.19e-10	4.87e-08	8.61e-07	6.33e-06	4.76e-05	6.92e-03	1.05e-01	4.39e-01	3.53e-01	8.22e-02	1.27e-02	9.09e-04	1.24e-04	2.46e-05	2.68e-07	0.00e+00
 2.85412e+22	3.35e-26	1.63e-12	7.86e-10	6.14e-08	1.08e-06	7.73e-06	5.69e-05	7.81e-03	1.13e-01	4.50e-01	3.43e-01	7.53e-02	1.12e-02	7.69e-04	1.03e-04	1.96e-05	2.02e-07	0.00e+00
 2.87600e+22	3.92e-26	1.95e-12	9.46e-10	7.35e-08	1.28e-06	9.01e-06	6.53e-05	8.58e-03	1.19e-01	4.57e-01	3.34e-01	7.02e-02	1.01e-02	6.74e-04	8.89e-05	1.64e-05	1.62e-07	0.00e+00
 2.89803e+22	4.70e-26	2.44e-12	1.19e-09	9.21e-08	1.59e-06	1.10e-05	7.80e-05	9.67e-03	1.27e-01	4.66e-01	3.23e-01	6.40e-02	8.84e-03	5.68e-04	7.36e-05	1.29e-05	1.21e-07	0.00e+00
 2.92003e+22	5.46e-26	2.89e-12	1.42e-09	1.09e-07	1.87e-06	1.27e-05	8.92e-05	1.06e-02	1.34e-01	4.73e-01	3.14e-01	5.95e-02	7.97e-03	4.97e-04	6.36e-05	1.08e-05	0.00e+00	0.00e+00
 2.94212e+22	6.51e-26	3.56e-12	1.77e-09	1.36e-07	2.32e-06	1.55e-05	1.06e-04	1.19e-02	1.43e-01	4.81e-01	3.02e-01	5.40e-02	6.95e-03	4.17e-04	5.25e-05	8.53e-06	0.00e+00	0.00e+00
 2.96424e+22	7.55e-26	4.17e-12	2.10e-09	1.61e-07	2.72e-06	1.79e-05	1.21e-04	1.30e-02	1.51e-01	4.86e-01	2.93e-01	5.01e-02	6.26e-03	3.65e-04	4.53e-05	7.13e-06	0.00e+00	0.00e+00
 2.98638e+22	8.99e-26	5.08e-12	2.60e-09	1.99e-07	3.35e-06	2.16e-05	1.44e-04	1.46e-02	1.61e-01	4.92e-01	2.81e-01	4.54e-02	5.45e-03	3.06e-04	3.73e-05	5.62e-06	0.00e+00	0.00e+00
 3.00862e+22	1.04e-25	5.92e-12	3.07e-09	2.34e-07	3.92e-06	2.49e-05	1.64e-04	1.60e-02	1.69e-01	4.96e-01	2.72e-01	4.20e-02	4.90e-03	2.68e-04	3.22e-05	4.69e-06	0.00e+00	0.00e+00
 3.03098e+22	1.25e-25	7.14e-12	3.77e-09	2.88e-07	4.79e-06	3.00e-05	1.95e-04	1.79e-02	1.79e-01	5.01e-01	2.59e-01	3.79e-02	4.25e-03	2.24e-04	2.65e-05	3.69e-06	0.00e+00	0.00e+00
 3.05350e+22	1.46e-25	8.28e-12	4.44e-09	3.38e-07	5.60e-06	3.45e-05	2.21e-04	1.95e-02	1.87e-01	5.04e-01	2.50e-01	3.50e-02	3.81e-03	1.95e-04	2.28e-05	3.07e-06	0.00e+00	0.00e+00
 3.07623e+22	1.76e-25	9.94e-12	5.45e-09	4.14e-07	6.83e-06	4.13e-05	2.62e-04	2.18e-02	1.99e-01	5.06e-01	2.38e-01	3.14e-02	3.30e-03	1.63e-04	1.87e-05	2.41e-06	0.00e+00	0.00e+00
 3.09926e+22	2.07e-25	1.15e-11	6.40e-09	4.86e-07	7.97e-06	4.76e-05	2.98e-04	2.37e-02	2.08e-01	5.08e-01	2.28e-01	2.89e-02	2.95e-03	1.42e-04	1.60e-05	2.00e-06	0.00e+00	0.00e+00
 3.12267e+22	2.54e-25	1.38e-11	7.86e-09	5.95e-07	9.73e-06	5.70e-05	3.53e-04	2.65e-02	2.20e-01	5.09e-01	2.16e-01	2.58e-02	2.54e-03	1.18e-04	1.30e-05	1.56e-06	0.00e+00	0.00e+00
 3.14644e+22	3.03e-25	1.60e-11	9.27e-09	7.00e-07	1.14e-05	6.56e-05	4.02e-04	2.89e-02	2.29e-01	5.09e-01	2.07e-01	2.36e-02	2.26e-03	1.02e-04	1.11e-05	1.29e-06	0.00e+00	0.00e+00
 3.17068e+22	3.77e-25	1.91e-11	1.14e-08	8.58e-07	1.39e-05	7.87e-05	4.77e-04	3.23e-02	2.42e-01	5.07e-01	1.95e-01	2.10e-02	1.94e-03	8.41e-05	9.01e-06	9.95e-07	0.00e+00	0.00e+00
 3.19542e+22	4.59e-25	2.23e-11	1.35e-08	1.01e-06	1.63e-05	9.07e-05	5.43e-04	3.51e-02	2.52e-01	5.06e-01	1.85e-01	1.91e-02	1.72e-03	7.24e-05	7.64e-06	8.15e-07	0.00e+00	0.00e+00
 3.22084e+22	5.84e-25	2.68e-11	1.68e-08	1.25e-06	1.99e-05	1.09e-04	6.45e-04	3.92e-02	2.66e-01	5.02e-01	1.73e-01	1.68e-02	1.46e-03	5.93e-05	6.14e-06	6.25e-07	0.00e+00	0.00e+00
 3.24650e+22	7.18e-25	3.12e-11	1.99e-08	1.47e-06	2.33e-05	1.25e-04	7.34e-04	4.26e-02	2.76e-01	4.99e-01	1.65e-01	1.53e-02	1.29e-03	5.09e-05	5.19e-06	5.10e-07	0.00e+00	0.00e+00
 3.26829e+22	8.67e-25	3.59e-11	2.33e-08	1.72e-06	2.69e-05	1.43e-04	8.28e-04	4.61e-02	2.86e-01	4.95e-01	1.56e-01	1.39e-02	1.15e-03	4.41e-05	4.43e-06	4.22e-07	0.00e+00	0.00e+00
 3.29247e+22	1.11e-24	4.28e-11	2.86e-08	2.09e-06	3.25e-05	1.69e-04	9.66e-04	5.08e-02	2.99e-01	4.90e-01	1.46e-01	1.24e-02	9.85e-04	3.65e-05	3.60e-06	3.29e-07	0.00e+00	0.00e+00
 3.31565e+22	1.33e-24	4.86e-11	3.30e-08	2.39e-06	3.69e-05	1.89e-04	1.07e-03	5.43e-02	3.07e-01	4.85e-01	1.39e-01	1.14e-02	8.87e-04	3.21e-05	3.13e-06	2.77e-07	0.00e+00	0.00e+00
 3.33756e+22	1.67e-24	5.71e-11	3.96e-08	2.84e-06	4.35e-05	2.19e-04	1.23e-03	5.91e-02	3.19e-01	4.79e-01	1.31e-01	1.02e-02	7.72e-04	2.71e-05	2.59e-06	2.22e-07	0.00e+00	0.00e+00
 3.35975e+22	2.02e-24	6.50e-11	4.59e-08	3.27e-06	4.95e-05	2.45e-04	1.37e-03	6.32e-02	3.27e-01	4.73e-01	1.24e-01	9.31e-03	6.92e-04	2.37e-05	2.24e-06	1.86e-07	0.00e+00	0.00e+00
 3.38233e+22	2.57e-24	7.64e-11	5.53e-08	3.90e-06	5.85e-05	2.85e-04	1.57e-03	6.88e-02	3.39e-01	4.65e-01	1.16e-01	8.28e-03	5.99e-04	1.99e-05	1.85e-06	1.47e-07	0.00e+00	0.00e+00
 3.40505e+22	3.14e-24	8.77e-11	6.44e-08	4.49e-06	6.65e-05	3.18e-04	1.73e-03	7.33e-02	3.47e-01	4.59e-01	1.10e-01	7.58e-03	5.37e-04	1.74e-05	1.60e-06	0.00e+00	0.00e+00	0.00e+00
 3.42794e+22	4.02e-24	1.03e-10	7.78e-08	5.36e-06	7.85e-05	3.68e-04	1.99e-03	7.96e-02	3.58e-01	4.50e-01	1.02e-01	6.72e-03	4.64e-04	1.46e-05	1.31e-06	0.00e+00	0.00e+00	0.00e+00
 3.45112e+22	4.97e-24	1.20e-10	9.09e-08	6.18e-06	8.94e-05	4.12e-04	2.20e-03	8.47e-02	3.67e-01	4.43e-01	9.68e-02	6.13e-03	4.15e-04	1.27e-05	1.13e-06	0.00e+00	0.00e+00	0.00e+00
 3.47467e+22	6.47e-24	1.42e-10	1.10e-07	7.41e-06	1.06e-04	4.77e-04	2.51e-03	9.19e-02	3.77e-01	4.32e-01	8.96e-02	5.41e-03	3.56e-04	1.06e-05	9.24e-07	0.00e+00	0.00e+00	0.00e+00
 3.49858e+22	8.08e-24	1.65e-10	1.30e-07	8.58e-06	1.21e-04	5.35e-04	2.78e-03	9.77e-02	3.85e-01	4.24e-01	8.43e-02	4.91e-03	3.17e-04	9.17e-06	7.91e-07	0.00e+00	0.00e+00	0.00e+00
 3.52296e+22	1.07e-23	1.98e-10	1.59e-07	1.03e-05	1.43e-04	6.19e-04	3.18e-03	1.06e-01	3.96e-01	4.12e-01	7.76e-02	4.31e-03	2.71e-04	7.58e-06	6.43e-07	0.00e+00	0.00e+00	0.00e+00
 3.54777e+22	1.35e-23	2.32e-10	1.88e-07	1.20e-05	1.64e-04	6.95e-04	3.52e-03	1.12e-01	4.03e-01	4.03e-01	7.28e-02	3.89e-03	2.40e-04	6.54e-06	5.47e-07	0.00e+00	0.00e+00	0.00e+00
 3.57314e+22	1.81e-23	2.82e-10	2.32e-07	1.46e-05	1.95e-04	8.07e-04	4.03e-03	1.22e-01	4.13e-01	3.90e-01	6.66e-02	3.39e-03	2.04e-04	5.36e-06	4.41e-07	0.00e+00	0.00e+00	0.00e+00
 3.59907e+22	2.34e-23	3.35e-10	2.78e-07	1.71e-05	2.24e-04	9.07e-04	4.46e-03	1.29e-01	4.20e-01	3.80e-01	6.21e-02	3.05e-03	1.79e-04	4.60e-06	3.73e-07	0.00e+00	0.00e+00	0.00e+00
 3.62571e+22	3.19e-23	4.10e-10	3.47e-07	2.09e-05	2.68e-04	1.06e-03	5.13e-03	1.40e-01	4.29e-01	3.66e-01	5.63e-02	2.63e-03	1.51e-04	3.72e-06	2.96e-07	0.00e+00	0.00e+00	0.00e+00
 3.65248e+22	4.14e-23	4.89e-10	4.15e-07	2.46e-05	3.07e-04	1.19e-03	5.66e-03	1.48e-01	4.35e-01	3.55e-01	5.23e-02	2.35e-03	1.32e-04	3.18e-06	2.50e-07	0.00e+00	0.00e+00	0.00e+00
 3.67939e+22	5.72e-23	6.06e-10	5.21e-07	3.01e-05	3.67e-04	1.38e-03	6.47e-03	1.60e-01	4.42e-01	3.41e-01	4.73e-02	2.03e-03	1.11e-04	2.58e-06	1.99e-07	0.00e+00	0.00e+00	0.00e+00
 3.70668e+22	7.50e-23	7.29e-10	6.27e-07	3.54e-05	4.22e-04	1.55e-03	7.14e-03	1.69e-01	4.47e-01	3.30e-01	4.37e-02	1.81e-03	9.70e-05	2.19e-06	1.66e-07	0.00e+00	0.00e+00	0.00e+00
 3.73446e+22	1.05e-22	9.15e-10	7.92e-07	4.36e-05	5.06e-04	1.80e-03	8.15e-03	1.82e-01	4.52e-01	3.15e-01	3.93e-02	1.55e-03	8.08e-05	1.76e-06	1.31e-07	0.00e+00	0.00e+00	0.00e+00
 3.76151e+22	1.37e-22	1.10e-09	9.45e-07	5.09e-05	5.76e-04	2.00e-03	8.89e-03	1.90e-01	4.56e-01	3.04e-01	3.65e-02	1.39e-03	7.13e-05	1.51e-06	0.00e+00	0.00e+00	0.00e+00	0.00e+00
 3.78762e+22	1.88e-22	1.36e-09	1.18e-06	6.18e-05	6.80e-04	2.30e-03	1.00e-02	2.03e-01	4.60e-01	2.90e-01	3.28e-02	1.19e-03	5.98e-05	1.23e-06	0.00e+00	0.00e+00	0.00e+00	0.00e+00
 3.81235e+22	2.38e-22	1.59e-09	1.37e-06	7.09e-05	7.62e-04	2.52e-03	1.08e-02	2.12e-01	4.62e-01	2.81e-01	3.06e-02	1.08e-03	5.33e-05	1.07e-06	0.00e+00	0.00e+00	0.00e+00	0.00e+00
 3.83530e+22	3.16e-22	1.94e-09	1.67e-06	8.38e-05	8.77e-04	2.82e-03	1.19e-02	2.23e-01	4.63e-01	2.69e-01	2.80e-02	9.54e-04	4.62e-05	8.99e-07	0.00e+00	0.00e+00	0.00e+00	0.00e+00
 3.85937e+22	4.09e-22	2.32e-09	1.98e-06	9.73e-05	9.93e-04	3.12e-03	1.30e-02	2.33e-01	4.64e-01	2.59e-01	2.58e-02	8.53e-04	4.05e-05	7.70e-07	0.00e+00	0.00e+00	0.00e+00	0.00e+00
 3.88140e+22	5.24e-22	2.75e-09	2.33e-06	1.12e-04	1.12e-03	3.44e-03	1.41e-02	2.43e-01	4.65e-01	2.49e-01	2.38e-02	7.63e-04	3.57e-05	6.61e-07	0.00e+00	0.00e+00	0.00e+00	0.00e+00
 3.90651e+22	7.21e-22	3.43e-09	2.88e-06	1.35e-04	1.30e-03	3.89e-03	1.55e-02	2.55e-01	4.65e-01	2.37e-01	2.15e-02	6.63e-04	3.03e-05	5.44e-07	0.00e+00	0.00e+00	0.00e+00	0.00e+00
 3.93208e+22	9.42e-22	4.13e-09	3.43e-06	1.57e-04	1.48e-03	4.30e-03	1.69e-02	2.66e-01	4.64e-01	2.27e-01	1.97e-02	5.89e-04	2.65e-05	4.63e-07	0.00e+00	0.00e+00	0.00e+00	0.00e+00
 3.95824e+22	1.32e-21	5.22e-09	4.28e-06	1.90e-04	1.73e-03	4.86e-03	1.87e-02	2.79e-01	4.63e-01	2.14e-01	1.77e-02	5.08e-04	2.23e-05	3.78e-07	0.00e+00	0.00e+00	0.00e+00	0.00e+00
 3.98490e+22	1.75e-21	6.35e-09	5.14e-06	2.23e-04	1.96e-03	5.39e-03	2.03e-02	2.91e-01	4.61e-01	2.04e-01	1.61e-02	4.49e-04	1.94e-05	3.19e-07	0.00e+00	0.00e+00	0.00e+00	0.00e+00
 4.01221e+22	2.48e-21	8.15e-09	6.47e-06	2.71e-04	2.30e-03	6.11e-03	2.24e-02	3.05e-01	4.57e-01	1.92e-01	1.44e-02	3.84e-04	1.62e-05	2.58e-07	0.00e+00	0.00e+00	0.00e+00	0.00e+00
 4.04008e+22	3.34e-21	1.00e-08	7.83e-06	3.20e-04	2.63e-03	6.78e-03	2.43e-02	3.17e-01	4.54e-01	1.82e-01	1.30e-02	3.37e-04	1.39e-05	2.16e-07	0.00e+00	0.00e+00	0.00e+00	0.00e+00
 4.06487e+22	4.46e-21	1.23e-08	9.43e-06	3.75e-04	2.99e-03	7.48e-03	2.62e-02	3.28e-01	4.50e-01	1.73e-01	1.18e-02	2.98e-04	1.21e-05	1.82e-07	0.00e+00	0.00e+00	0.00e+00	0.00e+00
 4.09329e+22	6.48e-21	1.60e-08	1.20e-05	4.60e-04	3.52e-03	8.50e-03	2.90e-02	3.43e-01	4.44e-01	1.61e-01	1.04e-02	2.51e-04	9.94e-06	1.45e-07	0.00e+00	0.00e+00	0.00e+00	0.00e+00
 4.12187e+22	8.71e-21	1.98e-08	1.45e-05	5.40e-04	3.99e-03	9.38e-03	3.13e-02	3.54e-01	4.39e-01	1.53e-01	9.40e-03	2.21e-04	8.55e-06	1.22e-07	0.00e+00	0.00e+00	0.00e+00	0.00e+00
 4.15066e+22	1.27e-20	2.59e-08	1.84e-05	6.62e-04	4.69e-03	1.06e-02	3.43e-02	3.68e-01	4.31e-01	1.42e-01	8.25e-03	1.87e-04	7.06e-06	0.00e+00	0.00e+00	0.00e+00	0.00e+00	0.00e+00
 4.18006e+22	1.74e-20	3.23e-08	2.24e-05	7.83e-04	5.35e-03	1.17e-02	3.70e-02	3.80e-01	4.24e-01	1.33e-01	7.40e-03	1.62e-04	6.01e-06	0.00e+00	0.00e+00	0.00e+00	0.00e+00	0.00e+00
 4.21023e+22	2.58e-20	4.29e-08	2.87e-05	9.66e-04	6.30e-03	1.33e-02	4.06e-02	3.94e-01	4.15e-01	1.23e-01	6.44e-03	1.36e-04	4.90e-06	0.00e+00	0.00e+00	0.00e+00	0.00e+00	0.00e+00
 4.24078e+22	3.56e-20	5.40e-08	3.51e-05	1.15e-03	7.20e-03	1.47e-02	4.38e-02	4.06e-01	4.07e-01	1.15e-01	5.74e-03	1.18e-04	4.15e-06	0.00e+00	0.00e+00	0.00e+00	0.00e+00	0.00e+00
 4.27182e+22	5.34e-20	7.22e-08	4.52e-05	1.42e-03	8.49e-03	1.66e-02	4.79e-02	4.19e-01	3.96e-01	1.05e-01	4.96e-03	9.79e-05	3.36e-06	0.00e+00	0.00e+00	0.00e+00	0.00e+00	0.00e+00
 4.30335e+22	7.47e-20	9.17e-08	5.55e-05	1.68e-03	9.70e-03	1.84e-02	5.15e-02	4.30e-01	3.86e-01	9.80e-02	4.39e-03	8.41e-05	2.82e-06	0.00e+00	0.00e+00	0.00e+00	0.00e+00	0.00e+00
 4.33552e+22	1.13e-19	1.23e-07	7.16e-05	2.08e-03	1.14e-02	2.07e-02	5.61e-02	4.42e-01	3.74e-01	8.94e-02	3.77e-03	6.97e-05	2.27e-06	0.00e+00	0.00e+00	0.00e+00	0.00e+00	0.00e+00
 4.36831e+22	1.61e-19	1.59e-07	8.89e-05	2.50e-03	1.31e-02	2.30e-02	6.04e-02	4.53e-01	3.63e-01	8.22e-02	3.29e-03	5.89e-05	1.87e-06	0.00e+00	0.00e+00	0.00e+00	0.00e+00	0.00e+00
 4.39699e+22	2.24e-19	2.01e-07	1.09e-04	2.95e-03	1.49e-02	2.52e-02	6.43e-02	4.61e-01	3.52e-01	7.62e-02	2.91e-03	5.07e-05	1.58e-06	0.00e+00	0.00e+00	0.00e+00	0.00e+00	0.00e+00
 4.42936e+22	3.37e-19	2.70e-07	1.40e-04	3.63e-03	1.74e-02	2.82e-02	6.95e-02	4.71e-01	3.38e-01	6.90e-02	2.48e-03	4.19e-05	1.26e-06	0.00e+00	0.00e+00	0.00e+00	0.00e+00	0.00e+00
 4.46356e+22	4.93e-19	3.54e-07	1.76e-04	4.39e-03	2.01e-02	3.12e-02	7.45e-02	4.79e-01	3.25e-01	6.28e-02	2.14e-03	3.50e-05	1.03e-06	0.00e+00	0.00e+00	0.00e+00	0.00e+00	0.00e+00
 4.49133e+22	6.59e-19	4.36e-07	2.09e-04	5.07e-03	2.23e-02	3.37e-02	7.85e-02	4.85e-01	3.15e-01	5.82e-02	1.90e-03	3.04e-05	8.73e-07	0.00e+00	0.00e+00	0.00e+00	0.00e+00	0.00e+00
 4.51861e+22	9.22e-19	5.54e-07	2.56e-04	5.98e-03	2.53e-02	3.68e-02	8.32e-02	4.90e-01	3.03e-01	5.34e-02	1.66e-03	2.58e-05	7.24e-07	0.00e+00	0.00e+00	0.00e+00	0.00e+00	0.00e+00
 4.54771e+22	1.26e-18	6.93e-07	3.08e-04	6.97e-03	2.83e-02	3.99e-02	8.75e-02	4.95e-01	2.92e-01	4.91e-02	1.46e-03	2.22e-05	6.08e-07	0.00e+00	0.00e+00	0.00e+00	0.00e+00	0.00e+00
 4.57483e+22	1.71e-18	8.61e-07	3.69e-04	8.08e-03	3.15e-02	4.30e-02	9.19e-02	4.98e-01	2.81e-01	4.52e-02	1.29e-03	1.91e-05	5.11e-07	0.00e+00	0.00e+00	0.00e+00	0.00e+00	0.00e+00
 4.60574e+22	2.51e-18	1.13e-06	4.63e-04	9.71e-03	3.60e-02	4.72e-02	9.75e-02	5.01e-01	2.67e-01	4.06e-02	1.09e-03	1.58e-05	4.10e-07	0.00e+00	0.00e+00	0.00e+00	0.00e+00	0.00e+00
 4.63752e+22	3.52e-18	1.44e-06	5.63e-04	1.14e-02	4.05e-02	5.11e-02	1.02e-01	5.02e-01	2.54e-01	3.68e-02	9.45e-04	1.33e-05	3.37e-07	0.00e+00	0.00e+00	0.00e+00	0.00e+00	0.00e+00
 4.66561e+22	4.79e-18	1.79e-06	6.74e-04	1.32e-02	4.49e-02	5.49e-02	1.07e-01	5.03e-01	2.42e-01	3.35e-02	8.24e-04	1.14e-05	2.80e-07	0.00e+00	0.00e+00	0.00e+00	0.00e+00	0.00e+00
 4.69730e+22	7.05e-18	2.35e-06	8.44e-04	1.58e-02	5.11e-02	5.99e-02	1.13e-01	5.01e-01	2.28e-01	2.98e-02	6.93e-04	9.29e-06	2.22e-07	0.00e+00	0.00e+00	0.00e+00	0.00e+00	0.00e+00
 4.72948e+22	9.77e-18	2.96e-06	1.02e-03	1.83e-02	5.68e-02	6.43e-02	1.17e-01	4.99e-01	2.16e-01	2.69e-02	5.96e-04	7.82e-06	1.82e-07	0.00e+00	0.00e+00	0.00e+00	0.00e+00	0.00e+00
 4.75768e+22	1.33e-17	3.68e-06	1.21e-03	2.11e-02	6.27e-02	6.86e-02	1.22e-01	4.96e-01	2.04e-01	2.43e-02	5.16e-04	6.61e-06	1.50e-07	0.00e+00	0.00e+00	0.00e+00	0.00e+00	0.00e+00
 4.78972e+22	1.95e-17	4.81e-06	1.51e-03	2.50e-02	7.07e-02	7.41e-02	1.27e-01	4.90e-01	1.90e-01	2.14e-02	4.30e-04	5.37e-06	0.00e+00	0.00e+00	0.00e+00	0.00e+00	0.00e+00	0.00e+00
 4.82278e+22	2.72e-17	6.07e-06	1.81e-03	2.90e-02	7.82e-02	7.90e-02	1.31e-01	4.83e-01	1.78e-01	1.90e-02	3.64e-04	4.45e-06	0.00e+00	0.00e+00	0.00e+00	0.00e+00	0.00e+00	0.00e+00
 4.85232e+22	3.73e-17	7.55e-06	2.16e-03	3.33e-02	8.59e-02	8.38e-02	1.35e-01	4.76e-01	1.67e-01	1.70e-02	3.11e-04	3.72e-06	0.00e+00	0.00e+00	0.00e+00	0.00e+00	0.00e+00	0.00e+00
 4.88588e+22	5.50e-17	9.90e-06	2.68e-03	3.93e-02	9.61e-02	8.97e-02	1.40e-01	4.64e-01	1.53e-01	1.47e-02	2.54e-04	2.96e-06	0.00e+00	0.00e+00	0.00e+00	0.00e+00	0.00e+00	0.00e+00
 4.92058e+22	7.76e-17	1.25e-05	3.23e-03	4.55e-02	1.06e-01	9.50e-02	1.43e-01	4.53e-01	1.41e-01	1.28e-02	2.11e-04	2.41e-06	0.00e+00	0.00e+00	0.00e+00	0.00e+00	0.00e+00	0.00e+00
 4.95156e+22	1.07e-16	1.56e-05	3.83e-03	5.19e-02	1.15e-01	9.99e-02	1.46e-01	4.41e-01	1.31e-01	1.13e-02	1.78e-04	1.98e-06	0.00e+00	0.00e+00	0.00e+00	0.00e+00	0.00e+00	0.00e+00
 4.98663e+22	1.58e-16	2.04e-05	4.74e-03	6.09e-02	1.28e-01	1.06e-01	1.49e-01	4.24e-01	1.18e-01	9.55e-03	1.42e-04	1.54e-06	0.00e+00	0.00e+00	0.00e+00	0.00e+00	0.00e+00	0.00e+00
 5.02262e+22	2.24e-16	2.58e-05	5.67e-03	6.97e-02	1.39e-01	1.11e-01	1.51e-01	4.08e-01	1.07e-01	8.21e-03	1.16e-04	1.24e-06	0.00e+00	0.00e+00	0.00e+00	0.00e+00	0.00e+00	0.00e+00
 5.05441e+22	3.07e-16	3.18e-05	6.67e-03	7.88e-02	1.50e-01	1.15e-01	1.52e-01	3.93e-01	9.74e-02	7.11e-03	9.60e-05	1.00e-06	0.00e+00	0.00e+00	0.00e+00	0.00e+00	0.00e+00	0.00e+00
 5.09033e+22	4.53e-16	4.14e-05	8.15e-03	9.13e-02	1.64e-01	1.20e-01	1.53e-01	3.72e-01	8.62e-02	5.91e-03	7.53e-05	7.65e-07	0.00e+00	0.00e+00	0.00e+00	0.00e+00	0.00e+00	0.00e+00
 5.12731e+22	6.38e-16	5.18e-05	9.66e-03	1.03e-01	1.76e-01	1.24e-01	1.53e-01	3.52e-01	7.70e-02	4.99e-03	6.05e-05	6.01e-07	0.00e+00	0.00e+00	0.00e+00	0.00e+00	0.00e+00	0.00e+00
 5.16011e+22	8.74e-16	6.36e-05	1.13e-02	1.15e-01	1.87e-01	1.27e-01	1.52e-01	3.34e-01	6.90e-02	4.24e-03	4.91e-05	4.78e-07	0.00e+00	0.00e+00	0.00e+00	0.00e+00	0.00e+00	0.00e+00
 5.19723e+22	1.30e-15	8.22e-05	1.37e-02	1.32e-01	2.01e-01	1.30e-01	1.50e-01	3.09e-01	5.95e-02	3.43e-03	3.74e-05	3.55e-07	0.00e+00	0.00e+00	0.00e+00	0.00e+00	0.00e+00	0.00e+00
 5.23522e+22	1.81e-15	1.01e-04	1.59e-02	1.47e-01	2.13e-01	1.33e-01	1.48e-01	2.89e-01	5.23e-02	2.85e-03	2.96e-05	2.75e-07	0.00e+00	0.00e+00	0.00e+00	0.00e+00	0.00e+00	0.00e+00
 5.27437e+22	2.71e-15	1.31e-04	1.92e-02	1.67e-01	2.26e-01	1.34e-01	1.44e-01	2.63e-01	4.42e-02	2.24e-03	2.20e-05	1.98e-07	0.00e+00	0.00e+00	0.00e+00	0.00e+00	0.00e+00	0.00e+00
 5.31406e+22	3.78e-15	1.62e-04	2.23e-02	1.85e-01	2.36e-01	1.35e-01	1.40e-01	2.42e-01	3.82e-02	1.83e-03	1.70e-05	1.50e-07	0.00e+00	0.00e+00	0.00e+00	0.00e+00	0.00e+00	0.00e+00
 5.35445e+22	5.62e-15	2.06e-04	2.66e-02	2.07e-01	2.48e-01	1.35e-01	1.34e-01	2.17e-01	3.18e-02	1.42e-03	1.25e-05	0.00e+00	0.00e+00	0.00e+00	0.00e+00	0.00e+00	0.00e+00	0.00e+00
 5.39592e+22	7.99e-15	2.55e-04	3.08e-02	2.27e-01	2.56e-01	1.34e-01	1.29e-01	1.96e-01	2.69e-02	1.13e-03	9.40e-06	0.00e+00	0.00e+00	0.00e+00	0.00e+00	0.00e+00	0.00e+00	0.00e+00
 5.43265e+22	1.10e-14	3.09e-04	3.51e-02	2.46e-01	2.63e-01	1.32e-01	1.23e-01	1.77e-01	2.28e-02	9.02e-04	7.17e-06	0.00e+00	0.00e+00	0.00e+00	0.00e+00	0.00e+00	0.00e+00	0.00e+00
 5.47428e+22	1.65e-14	3.91e-04	4.13e-02	2.70e-01	2.70e-01	1.29e-01	1.15e-01	1.55e-01	1.84e-02	6.78e-04	5.08e-06	0.00e+00	0.00e+00	0.00e+00	0.00e+00	0.00e+00	0.00e+00	0.00e+00
 5.51714e+22	2.33e-14	4.76e-04	4.71e-02	2.91e-01	2.74e-01	1.26e-01	1.09e-01	1.37e-01	1.52e-02	5.26e-04	3.75e-06	0.00e+00	0.00e+00	0.00e+00	0.00e+00	0.00e+00	0.00e+00	0.00e+00
 5.55578e+22	3.25e-14	5.72e-04	5.32e-02	3.11e-01	2.77e-01	1.22e-01	1.02e-01	1.22e-01	1.26e-02	4.11e-04	2.79e-06	0.00e+00	0.00e+00	0.00e+00	0.00e+00	0.00e+00	0.00e+00	0.00e+00
 5.59437e+22	4.54e-14	6.87e-04	5.99e-02	3.32e-01	2.78e-01	1.18e-01	9.52e-02	1.07e-01	1.04e-02	3.18e-04	2.06e-06	0.00e+00	0.00e+00	0.00e+00	0.00e+00	0.00e+00	0.00e+00	0.00e+00
 5.63282e+22	6.28e-14	8.16e-04	6.69e-02	3.50e-01	2.77e-01	1.13e-01	8.86e-02	9.39e-02	8.53e-03	2.47e-04	1.53e-06	0.00e+00	0.00e+00	0.00e+00	0.00e+00	0.00e+00	0.00e+00	0.00e+00
 5.67690e+22	9.76e-14	1.02e-03	7.70e-02	3.75e-01	2.75e-01	1.07e-01	8.02e-02	7.86e-02	6.54e-03	1.75e-04	1.02e-06	0.00e+00	0.00e+00	0.00e+00	0.00e+00	0.00e+00	0.00e+00	0.00e+00
 5.71759e+22	1.29e-13	1.17e-03	8.38e-02	3.89e-01	2.73e-01	1.03e-01	7.50e-02	7.01e-02	5.51e-03	1.41e-04	7.91e-07	0.00e+00	0.00e+00	0.00e+00	0.00e+00	0.00e+00	0.00e+00	0.00e+00
 5.75388e+22	1.82e-13	1.39e-03	9.29e-02	4.07e-01	2.68e-01	9.71e-02	6.87e-02	6.04e-02	4.43e-03	1.06e-04	5.71e-07	0.00e+00	0.00e+00	0.00e+00	0.00e+00	0.00e+00	0.00e+00	0.00e+00
 5.79152e+22	2.52e-13	1.60e-03	1.01e-01	4.21e-01	2.64e-01	9.24e-02	6.35e-02	5.29e-02	3.65e-03	8.30e-05	4.29e-07	0.00e+00	0.00e+00	0.00e+00	0.00e+00	0.00e+00	0.00e+00	0.00e+00
 5.82559e+22	3.40e-13	1.83e-03	1.10e-01	4.34e-01	2.59e-01	8.78e-02	5.86e-02	4.64e-02	3.02e-03	6.53e-05	3.25e-07	0.00e+00	0.00e+00	0.00e+00	0.00e+00	0.00e+00	0.00e+00	0.00e+00
 5.86454e+22	5.13e-13	2.17e-03	1.21e-01	4.49e-01	2.51e-01	8.19e-02	5.28e-02	3.91e-02	2.36e-03	4.78e-05	2.27e-07	0.00e+00	0.00e+00	0.00e+00	0.00e+00	0.00e+00	0.00e+00	0.00e+00
 5.90401e+22	7.41e-13	2.49e-03	1.31e-01	4.61e-01	2.44e-01	7.72e-02	4.83e-02	3.38e-02	1.92e-03	3.68e-05	1.68e-07	0.00e+00	0.00e+00	0.00e+00	0.00e+00	0.00e+00	0.00e+00	0.00e+00
 5.94418e+22	1.12e-12	2.94e-03	1.44e-01	4.73e-01	2.35e-01	7.15e-02	4.32e-02	2.83e-02	1.48e-03	2.68e-05	0.00e+00	0.00e+00	0.00e+00	0.00e+00	0.00e+00	0.00e+00	0.00e+00	0.00e+00
 5.98531e+22	1.83e-12	3.39e-03	1.56e-01	4.83e-01	2.27e-01	6.67e-02	3.91e-02	2.41e-02	1.18e-03	2.02e-05	0.00e+00	0.00e+00	0.00e+00	0.00e+00	0.00e+00	0.00e+00	0.00e+00	0.00e+00
 6.02137e+22	2.54e-12	3.85e-03	1.67e-01	4.90e-01	2.19e-01	6.25e-02	3.56e-02	2.08e-02	9.59e-04	1.56e-05	0.00e+00	0.00e+00	0.00e+00	0.00e+00	0.00e+00	0.00e+00	0.00e+00	0.00e+00
 6.05485e+22	3.79e-12	4.32e-03	1.78e-01	4.96e-01	2.11e-01	5.87e-02	3.26e-02	1.81e-02	7.88e-04	1.22e-05	0.00e+00	0.00e+00	0.00e+00	0.00e+00	0.00e+00	0.00e+00	0.00e+00	0.00e+00
 6.08642e+22	7.06e-12	4.80e-03	1.88e-01	5.01e-01	2.04e-01	5.53e-02	3.00e-02	1.59e-02	6.56e-04	9.75e-06	0.00e+00	0.00e+00	0.00e+00	0.00e+00	0.00e+00	0.00e+00	0.00e+00	0.00e+00
 6.12258e+22	1.19e-11	5.50e-03	2.02e-01	5.06e-01	1.95e-01	5.11e-02	2.68e-02	1.34e-02	5.15e-04	7.25e-06	0.00e+00	0.00e+00	0.00e+00	0.00e+00	0.00e+00	0.00e+00	0.00e+00	0.00e+00
 6.15932e+22	2.54e-11	6.16e-03	2.14e-01	5.09e-01	1.87e-01	4.77e-02	2.44e-02	1.16e-02	4.19e-04	5.63e-06	0.00e+00	0.00e+00	0.00e+00	0.00e+00	0.00e+00	0.00e+00	0.00e+00	0.00e+00
 6.19162e+22	4.58e-11	6.85e-03	2.26e-01	5.11e-01	1.79e-01	4.46e-02	2.22e-02	1.00e-02	3.43e-04	4.41e-06	0.00e+00	0.00e+00	0.00e+00	0.00e+00	0.00e+00	0.00e+00	0.00e+00	0.00e+00
 6.22842e+22	1.32e-10	7.81e-03	2.42e-01	5.12e-01	1.69e-01	4.09e-02	1.97e-02	8.37e-03	2.67e-04	3.26e-06	0.00e+00	0.00e+00	0.00e+00	0.00e+00	0.00e+00	0.00e+00	0.00e+00	0.00e+00
 6.26580e+22	1.49e-09	8.71e-03	2.55e-01	5.12e-01	1.61e-01	3.80e-02	1.78e-02	7.17e-03	2.15e-04	2.51e-06	0.00e+00	0.00e+00	0.00e+00	0.00e+00	0.00e+00	0.00e+00	0.00e+00	0.00e+00
 6.29875e+22	4.34e-09	9.64e-03	2.68e-01	5.11e-01	1.54e-01	3.53e-02	1.62e-02	6.19e-03	1.76e-04	1.96e-06	0.00e+00	0.00e+00	0.00e+00	0.00e+00	0.00e+00	0.00e+00	0.00e+00	0.00e+00
 6.33640e+22	2.63e-08	1.10e-02	2.85e-01	5.09e-01	1.44e-01	3.22e-02	1.42e-02	5.12e-03	1.35e-04	1.42e-06	0.00e+00	0.00e+00	0.00e+00	0.00e+00	0.00e+00	0.00e+00	0.00e+00	0.00e+00
 6.37447e+22	6.15e-08	1.21e-02	2.98e-01	5.06e-01	1.37e-01	2.98e-02	1.28e-02	4.38e-03	1.09e-04	1.10e-06	0.00e+00	0.00e+00	0.00e+00	0.00e+00	0.00e+00	0.00e+00	0.00e+00	0.00e+00
 6.41306e+22	1.01e-07	1.38e-02	3.16e-01	5.01e-01	1.27e-01	2.70e-02	1.12e-02	3.60e-03	8.29e-05	7.96e-07	0.00e+00	0.00e+00	0.00e+00	0.00e+00	0.00e+00	0.00e+00	0.00e+00	0.00e+00
 6.45220e+22	1.50e-07	1.53e-02	3.31e-01	4.96e-01	1.20e-01	2.48e-02	1.00e-02	3.05e-03	6.60e-05	6.06e-07	0.00e+00	0.00e+00	0.00e+00	0.00e+00	0.00e+00	0.00e+00	0.00e+00	0.00e+00
 6.49203e+22	2.27e-07	1.73e-02	3.50e-01	4.88e-01	1.11e-01	2.24e-02	8.73e-03	2.48e-03	4.98e-05	4.34e-07	0.00e+00	0.00e+00	0.00e+00	0.00e+00	0.00e+00	0.00e+00	0.00e+00	0.00e+00
 6.53231e+22	3.23e-07	1.91e-02	3.65e-01	4.81e-01	1.04e-01	2.05e-02	7.77e-03	2.09e-03	3.93e-05	3.28e-07	0.00e+00	0.00e+00	0.00e+00	0.00e+00	0.00e+00	0.00e+00	0.00e+00	0.00e+00
 6.57318e+22	4.83e-07	2.15e-02	3.84e-01	4.71e-01	9.62e-02	1.84e-02	6.71e-03	1.69e-03	2.94e-05	2.33e-07	0.00e+00	0.00e+00	0.00e+00	0.00e+00	0.00e+00	0.00e+00	0.00e+00	0.00e+00
 6.61458e+22	6.68e-07	2.38e-02	4.00e-01	4.63e-01	8.96e-02	1.67e-02	5.93e-03	1.41e-03	2.30e-05	1.75e-07	0.00e+00	0.00e+00	0.00e+00	0.00e+00	0.00e+00	0.00e+00	0.00e+00	0.00e+00
 6.65665e+22	9.82e-07	2.68e-02	4.19e-01	4.51e-01	8.21e-02	1.49e-02	5.09e-03	1.13e-03	1.71e-05	1.23e-07	0.00e+00	0.00e+00	0.00e+00	0.00e+00	0.00e+00	0.00e+00	0.00e+00	0.00e+00
 6.69946e+22	1.36e-06	2.95e-02	4.35e-01	4.41e-01	7.60e-02	1.35e-02	4.47e-03	9.41e-04	1.32e-05	0.00e+00	0.00e+00	0.00e+00	0.00e+00	0.00e+00	0.00e+00	0.00e+00	0.00e+00	0.00e+00
 6.74324e+22	2.05e-06	3.32e-02	4.55e-01	4.26e-01	6.91e-02	1.19e-02	3.80e-03	7.47e-04	9.67e-06	0.00e+00	0.00e+00	0.00e+00	0.00e+00	0.00e+00	0.00e+00	0.00e+00	0.00e+00	0.00e+00
 6.78789e+22	3.19e-06	3.66e-02	4.71e-01	4.15e-01	6.35e-02	1.07e-02	3.31e-03	6.14e-04	7.41e-06	0.00e+00	0.00e+00	0.00e+00	0.00e+00	0.00e+00	0.00e+00	0.00e+00	0.00e+00	0.00e+00
 6.81400e+22	3.61e-06	3.77e-02	4.75e-01	4.12e-01	6.18e-02	1.04e-02	3.17e-03	5.77e-04	6.80e-06	0.00e+00	0.00e+00	0.00e+00	0.00e+00	0.00e+00	0.00e+00	0.00e+00	0.00e+00	0.00e+00
