#depth	Ar	Ar+	Ar+2	Ar+3	Ar+4	Ar+5	Ar+6	Ar+7	Ar+8	Ar+9	Ar+10	Ar+11	Ar+12	Ar+13	Ar+14	Ar+15	Ar+16	Ar+17	Ar+18
 1.54284e+22	0.00e+00	0.00e+00	0.00e+00	0.00e+00	0.00e+00	0.00e+00	0.00e+00	0.00e+00	5.05e-24	1.22e-20	1.45e-17	8.12e-15	3.20e-12	6.31e-10	7.81e-08	1.02e-05	2.32e-03	8.05e-02	9.17e-01
 3.47113e+22	0.00e+00	0.00e+00	0.00e+00	0.00e+00	0.00e+00	0.00e+00	0.00e+00	5.97e-26	3.04e-22	4.77e-19	3.69e-16	1.37e-13	3.55e-11	4.63e-09	3.82e-07	3.32e-05	5.04e-03	1.16e-01	8.79e-01
 4.09139e+22	0.00e+00	0.00e+00	0.00e+00	0.00e+00	0.00e+00	0.00e+00	4.06e-28	8.94e-25	3.50e-21	4.24e-18	2.53e-15	7.33e-13	1.47e-10	1.50e-08	9.72e-07	6.66e-05	7.93e-03	1.43e-01	8.49e-01
 4.51402e+22	0.00e+00	0.00e+00	0.00e+00	0.00e+00	0.00e+00	1.55e-30	4.20e-27	7.69e-24	2.44e-20	2.40e-17	1.17e-14	2.76e-12	4.53e-10	3.80e-08	2.03e-06	1.15e-04	1.13e-02	1.68e-01	8.21e-01
 4.74881e+22	0.00e+00	0.00e+00	0.00e+00	0.00e+00	0.00e+00	2.94e-30	7.59e-27	1.33e-23	3.99e-20	3.72e-17	1.72e-14	3.86e-12	6.02e-10	4.81e-08	2.45e-06	1.32e-04	1.23e-02	1.75e-01	8.13e-01
 4.83404e+22	0.00e+00	0.00e+00	0.00e+00	0.00e+00	0.00e+00	4.91e-30	1.22e-26	2.05e-23	5.91e-20	5.28e-17	2.34e-14	5.05e-12	7.56e-10	5.80e-08	2.84e-06	1.47e-04	1.33e-02	1.80e-01	8.06e-01
 4.92205e+22	0.00e+00	0.00e+00	0.00e+00	0.00e+00	0.00e+00	9.45e-30	2.24e-26	3.59e-23	9.78e-20	8.28e-17	3.48e-14	7.13e-12	1.01e-09	7.37e-08	3.44e-06	1.69e-04	1.45e-02	1.88e-01	7.98e-01
 5.01196e+22	0.00e+00	0.00e+00	0.00e+00	0.00e+00	0.00e+00	1.63e-29	3.71e-26	5.71e-23	1.49e-19	1.20e-16	4.84e-14	9.49e-12	1.29e-09	9.00e-08	4.03e-06	1.90e-04	1.56e-02	1.94e-01	7.90e-01
 5.09220e+22	0.00e+00	0.00e+00	0.00e+00	0.00e+00	0.00e+00	2.76e-29	6.05e-26	8.97e-23	2.23e-19	1.73e-16	6.66e-14	1.25e-11	1.63e-09	1.09e-07	4.69e-06	2.13e-04	1.68e-02	2.00e-01	7.83e-01
 5.16722e+22	0.00e+00	0.00e+00	0.00e+00	0.00e+00	0.00e+00	4.48e-29	9.48e-26	1.36e-22	3.24e-19	2.41e-16	8.94e-14	1.62e-11	2.02e-09	1.30e-07	5.40e-06	2.36e-04	1.80e-02	2.06e-01	7.76e-01
 5.23558e+22	0.00e+00	0.00e+00	0.00e+00	0.00e+00	0.00e+00	3.20e-29	6.57e-26	9.10e-23	4.55e-19	3.26e-16	1.16e-13	2.03e-11	2.46e-09	1.53e-07	6.13e-06	2.59e-04	1.91e-02	2.11e-01	7.69e-01
 5.31243e+22	0.00e+00	0.00e+00	0.00e+00	0.00e+00	0.00e+00	1.18e-28	2.33e-25	3.10e-22	6.83e-19	4.69e-16	1.60e-13	2.68e-11	3.10e-09	1.85e-07	7.13e-06	2.90e-04	2.05e-02	2.18e-01	7.61e-01
 5.39489e+22	0.00e+00	0.00e+00	0.00e+00	0.00e+00	0.00e+00	9.20e-29	1.75e-25	2.24e-22	1.02e-18	6.73e-16	2.21e-13	3.53e-11	3.92e-09	2.25e-07	8.31e-06	3.24e-04	2.20e-02	2.25e-01	7.53e-01
 5.46880e+22	0.00e+00	0.00e+00	0.00e+00	0.00e+00	0.00e+00	1.49e-28	2.73e-25	3.38e-22	1.48e-18	9.35e-16	2.95e-13	4.54e-11	4.85e-09	2.68e-07	9.54e-06	3.59e-04	2.34e-02	2.31e-01	7.45e-01
 5.54905e+22	0.00e+00	0.00e+00	0.00e+00	0.00e+00	8.89e-32	2.62e-28	4.62e-25	5.49e-22	2.29e-18	1.38e-15	4.15e-13	6.10e-11	6.22e-09	3.29e-07	1.12e-05	4.04e-04	2.53e-02	2.38e-01	7.36e-01
 5.63118e+22	0.00e+00	0.00e+00	0.00e+00	0.00e+00	1.55e-31	4.38e-28	7.44e-25	8.51e-22	3.41e-18	1.96e-15	5.67e-13	8.00e-11	7.83e-09	3.97e-07	1.30e-05	4.51e-04	2.71e-02	2.45e-01	7.27e-01
 5.70073e+22	0.00e+00	0.00e+00	0.00e+00	0.00e+00	2.51e-31	6.88e-28	1.13e-24	1.25e-21	4.82e-18	2.68e-15	7.44e-13	1.01e-10	9.56e-09	4.68e-07	1.48e-05	4.95e-04	2.87e-02	2.51e-01	7.20e-01
 5.77614e+22	0.00e+00	0.00e+00	0.00e+00	0.00e+00	4.41e-31	1.17e-27	1.84e-24	1.96e-21	7.23e-18	3.84e-15	1.02e-12	1.33e-10	1.20e-08	5.65e-07	1.72e-05	5.52e-04	3.08e-02	2.58e-01	7.10e-01
 5.85719e+22	0.00e+00	0.00e+00	0.00e+00	0.00e+00	7.70e-31	1.96e-27	2.99e-24	3.06e-21	1.08e-17	5.49e-15	1.40e-12	1.75e-10	1.52e-08	6.83e-07	1.99e-05	6.16e-04	3.30e-02	2.65e-01	7.01e-01
 5.92565e+22	0.00e+00	0.00e+00	0.00e+00	0.00e+00	1.21e-30	2.98e-27	4.41e-24	4.38e-21	1.49e-17	7.33e-15	1.80e-12	2.18e-10	1.83e-08	7.96e-07	2.25e-05	6.72e-04	3.48e-02	2.71e-01	6.93e-01
 5.99472e+22	0.00e+00	0.00e+00	0.00e+00	0.00e+00	2.02e-30	4.82e-27	6.89e-24	6.60e-21	2.16e-17	1.02e-14	2.41e-12	2.80e-10	2.25e-08	9.45e-07	2.57e-05	7.41e-04	3.70e-02	2.78e-01	6.84e-01
 6.06845e+22	0.00e+00	0.00e+00	0.00e+00	0.00e+00	3.31e-30	7.65e-27	1.06e-23	9.79e-21	3.08e-17	1.40e-14	3.18e-12	3.57e-10	2.77e-08	1.12e-06	2.94e-05	8.16e-04	3.93e-02	2.85e-01	6.75e-01
 6.13504e+22	0.00e+00	0.00e+00	0.00e+00	0.00e+00	5.22e-30	1.17e-26	1.57e-23	1.41e-20	4.27e-17	1.87e-14	4.11e-12	4.45e-10	3.33e-08	1.30e-06	3.31e-05	8.90e-04	4.15e-02	2.91e-01	6.67e-01
 6.20839e+22	0.00e+00	0.00e+00	0.00e+00	0.00e+00	8.99e-30	1.94e-26	2.51e-23	2.17e-20	6.31e-17	2.65e-14	5.58e-12	5.79e-10	4.16e-08	1.56e-06	3.82e-05	9.87e-04	4.43e-02	2.98e-01	6.57e-01
 6.28543e+22	0.00e+00	0.00e+00	0.00e+00	0.00e+00	1.51e-29	3.14e-26	3.92e-23	3.27e-20	9.14e-17	3.68e-14	7.47e-12	7.45e-10	5.15e-08	1.86e-06	4.38e-05	1.09e-03	4.71e-02	3.05e-01	6.47e-01
 6.35116e+22	0.00e+00	0.00e+00	0.00e+00	0.00e+00	2.36e-29	4.78e-26	5.78e-23	4.68e-20	1.26e-16	4.91e-14	9.61e-12	9.28e-10	6.20e-08	2.16e-06	4.93e-05	1.19e-03	4.96e-02	3.11e-01	6.38e-01
 6.41137e+22	0.00e+00	0.00e+00	0.00e+00	0.00e+00	1.92e-29	3.77e-26	4.44e-23	6.52e-20	1.70e-16	6.41e-14	1.21e-11	1.13e-09	7.34e-08	2.48e-06	5.49e-05	1.28e-03	5.21e-02	3.16e-01	6.30e-01
 6.48048e+22	0.00e+00	0.00e+00	0.00e+00	0.00e+00	5.91e-29	1.13e-25	1.28e-22	9.75e-20	2.44e-16	8.84e-14	1.61e-11	1.45e-09	9.01e-08	2.94e-06	6.26e-05	1.41e-03	5.52e-02	3.23e-01	6.20e-01
 6.55512e+22	0.00e+00	0.00e+00	0.00e+00	0.00e+00	5.26e-29	9.68e-26	1.06e-22	1.46e-19	3.51e-16	1.22e-13	2.14e-11	1.85e-09	1.11e-07	3.48e-06	7.15e-05	1.55e-03	5.85e-02	3.30e-01	6.10e-01
 6.62257e+22	0.00e+00	0.00e+00	0.00e+00	0.00e+00	8.34e-29	1.49e-25	1.59e-22	2.10e-19	4.89e-16	1.64e-13	2.77e-11	2.32e-09	1.34e-07	4.06e-06	8.06e-05	1.69e-03	6.17e-02	3.36e-01	6.00e-01
 6.69590e+22	0.00e+00	0.00e+00	0.00e+00	3.42e-32	1.44e-28	2.48e-25	2.55e-22	3.25e-19	7.23e-16	2.32e-13	3.77e-11	3.01e-09	1.67e-07	4.86e-06	9.28e-05	1.87e-03	6.56e-02	3.43e-01	5.89e-01
 6.76920e+22	0.00e+00	0.00e+00	0.00e+00	5.70e-32	2.33e-28	3.88e-25	3.85e-22	4.75e-19	1.02e-15	3.16e-13	4.93e-11	3.81e-09	2.04e-07	5.71e-06	1.05e-04	2.05e-03	6.92e-02	3.50e-01	5.79e-01
 6.82931e+22	0.00e+00	0.00e+00	0.00e+00	8.84e-32	3.51e-28	5.69e-25	5.50e-22	6.58e-19	1.37e-15	4.10e-13	6.21e-11	4.65e-09	2.41e-07	6.55e-06	1.17e-04	2.21e-03	7.25e-02	3.55e-01	5.70e-01
 6.89428e+22	0.00e+00	0.00e+00	0.00e+00	1.47e-31	5.65e-28	8.87e-25	8.31e-22	9.62e-19	1.92e-15	5.56e-13	8.11e-11	5.85e-09	2.92e-07	7.67e-06	1.32e-04	2.41e-03	7.64e-02	3.61e-01	5.60e-01
 6.96533e+22	0.00e+00	0.00e+00	0.00e+00	2.47e-31	9.20e-28	1.40e-24	1.27e-21	1.42e-18	2.73e-15	7.59e-13	1.07e-10	7.41e-09	3.56e-07	9.02e-06	1.50e-04	2.64e-03	8.06e-02	3.68e-01	5.49e-01
 7.03108e+22	0.00e+00	0.00e+00	0.00e+00	3.93e-31	1.42e-27	2.10e-24	1.85e-21	2.00e-18	3.73e-15	1.00e-12	1.36e-10	9.15e-09	4.25e-07	1.04e-05	1.68e-04	2.86e-03	8.46e-02	3.73e-01	5.39e-01
 7.10338e+22	0.00e+00	0.00e+00	0.00e+00	6.90e-31	2.41e-27	3.44e-24	2.92e-21	3.05e-18	5.45e-15	1.41e-12	1.83e-10	1.18e-08	5.27e-07	1.24e-05	1.92e-04	3.15e-03	8.95e-02	3.80e-01	5.27e-01
 7.17621e+22	0.00e+00	0.00e+00	0.00e+00	1.15e-30	3.88e-27	5.36e-24	4.41e-21	4.44e-18	7.65e-15	1.90e-12	2.39e-10	1.49e-08	6.40e-07	1.45e-05	2.17e-04	3.43e-03	9.42e-02	3.86e-01	5.17e-01
 7.23643e+22	0.00e+00	0.00e+00	0.00e+00	1.78e-30	5.86e-27	7.86e-24	6.28e-21	6.15e-18	1.03e-14	2.47e-12	3.01e-10	1.81e-08	7.56e-07	1.66e-05	2.41e-04	3.70e-03	9.85e-02	3.90e-01	5.07e-01
 7.30142e+22	0.00e+00	0.00e+00	0.00e+00	2.95e-30	9.43e-27	1.23e-23	9.49e-21	8.98e-18	1.44e-14	3.35e-12	3.93e-10	2.28e-08	9.17e-07	1.94e-05	2.72e-04	4.02e-03	1.04e-01	3.96e-01	4.96e-01
 7.37185e+22	0.00e+00	0.00e+00	0.00e+00	4.92e-30	1.52e-26	1.91e-23	1.43e-20	1.31e-17	2.03e-14	4.54e-12	5.14e-10	2.88e-08	1.11e-06	2.28e-05	3.07e-04	4.39e-03	1.09e-01	4.02e-01	4.85e-01
 7.43648e+22	0.00e+00	0.00e+00	0.00e+00	7.77e-30	2.34e-26	2.86e-23	2.08e-20	1.84e-17	2.76e-14	5.97e-12	6.53e-10	3.53e-08	1.33e-06	2.62e-05	3.42e-04	4.73e-03	1.14e-01	4.06e-01	4.75e-01
 7.50760e+22	0.00e+00	0.00e+00	0.00e+00	1.39e-29	4.02e-26	4.74e-23	3.32e-20	2.82e-17	4.07e-14	8.44e-12	8.85e-10	4.60e-08	1.65e-06	3.14e-05	3.93e-04	5.21e-03	1.20e-01	4.12e-01	4.62e-01
 7.58105e+22	0.00e+00	0.00e+00	0.00e+00	2.29e-29	6.44e-26	7.34e-23	4.98e-20	4.09e-17	5.69e-14	1.14e-11	1.15e-09	5.76e-08	2.00e-06	3.66e-05	4.42e-04	5.66e-03	1.26e-01	4.17e-01	4.51e-01
 7.64388e+22	0.00e+00	0.00e+00	0.00e+00	3.62e-29	9.89e-26	1.09e-22	7.20e-20	5.73e-17	7.72e-14	1.49e-11	1.46e-09	7.09e-08	2.38e-06	4.22e-05	4.93e-04	6.11e-03	1.32e-01	4.21e-01	4.41e-01
 7.70277e+22	0.00e+00	0.00e+00	0.00e+00	5.58e-29	1.48e-25	1.60e-22	1.02e-19	7.89e-17	1.03e-13	1.94e-11	1.84e-09	8.62e-08	2.80e-06	4.82e-05	5.46e-04	6.55e-03	1.37e-01	4.25e-01	4.31e-01
 7.77019e+22	0.00e+00	0.00e+00	2.42e-32	9.39e-29	2.41e-25	2.51e-22	1.55e-19	1.16e-16	1.46e-13	2.64e-11	2.41e-09	1.09e-07	3.41e-06	5.65e-05	6.16e-04	7.13e-03	1.44e-01	4.29e-01	4.19e-01
 7.84236e+22	0.00e+00	0.00e+00	4.29e-32	1.61e-28	4.00e-25	4.02e-22	2.40e-19	1.72e-16	2.09e-13	3.64e-11	3.20e-09	1.39e-07	4.19e-06	6.67e-05	7.00e-04	7.79e-03	1.51e-01	4.33e-01	4.07e-01
 7.90576e+22	0.00e+00	0.00e+00	6.87e-32	2.52e-28	6.07e-25	5.92e-22	3.43e-19	2.38e-16	2.81e-13	4.74e-11	4.03e-09	1.70e-07	4.97e-06	7.65e-05	7.77e-04	8.37e-03	1.57e-01	4.37e-01	3.97e-01
 7.96378e+22	0.00e+00	0.00e+00	1.09e-31	3.88e-28	9.11e-25	8.63e-22	4.85e-19	3.27e-16	3.75e-13	6.12e-11	5.06e-09	2.07e-07	5.85e-06	8.73e-05	8.59e-04	8.97e-03	1.63e-01	4.40e-01	3.87e-01
 8.02974e+22	0.00e+00	0.00e+00	1.86e-31	6.47e-28	1.47e-24	1.35e-21	7.32e-19	4.76e-16	5.26e-13	8.30e-11	6.60e-09	2.60e-07	7.10e-06	1.02e-04	9.67e-04	9.73e-03	1.71e-01	4.43e-01	3.76e-01
 8.09928e+22	0.00e+00	0.00e+00	3.22e-31	1.09e-27	2.38e-24	2.11e-21	1.10e-18	6.91e-16	7.40e-13	1.13e-10	8.65e-09	3.29e-07	8.65e-06	1.20e-04	1.09e-03	1.06e-02	1.79e-01	4.46e-01	3.64e-01
 8.15929e+22	0.00e+00	0.00e+00	5.03e-31	1.66e-27	3.54e-24	3.05e-21	1.55e-18	9.41e-16	9.79e-13	1.45e-10	1.08e-08	3.97e-07	1.01e-05	1.36e-04	1.20e-03	1.13e-02	1.85e-01	4.48e-01	3.54e-01
 8.22309e+22	0.00e+00	0.00e+00	8.71e-31	2.78e-27	5.74e-24	4.77e-21	2.34e-18	1.37e-15	1.38e-12	1.96e-10	1.41e-08	5.02e-07	1.23e-05	1.60e-04	1.36e-03	1.22e-02	1.94e-01	4.50e-01	3.43e-01
 8.29112e+22	0.00e+00	0.00e+00	1.46e-30	4.53e-27	9.06e-24	7.27e-21	3.45e-18	1.95e-15	1.90e-12	2.62e-10	1.82e-08	6.24e-07	1.48e-05	1.85e-04	1.52e-03	1.32e-02	2.02e-01	4.52e-01	3.32e-01
 8.35139e+22	0.00e+00	0.00e+00	2.35e-30	7.11e-27	1.38e-23	1.07e-20	4.93e-18	2.68e-15	2.55e-12	3.41e-10	2.30e-08	7.64e-07	1.76e-05	2.12e-04	1.68e-03	1.42e-02	2.09e-01	4.53e-01	3.22e-01
 8.40718e+22	0.00e+00	0.00e+00	3.68e-30	1.09e-26	2.05e-23	1.55e-20	6.90e-18	3.64e-15	3.36e-12	4.38e-10	2.86e-08	9.24e-07	2.06e-05	2.42e-04	1.85e-03	1.51e-02	2.16e-01	4.54e-01	3.12e-01
 8.47036e+22	0.00e+00	0.00e+00	6.34e-30	1.82e-26	3.30e-23	2.40e-20	1.03e-17	5.24e-15	4.70e-12	5.91e-10	3.74e-08	1.16e-06	2.51e-05	2.83e-04	2.08e-03	1.64e-02	2.25e-01	4.55e-01	3.01e-01
 8.53627e+22	0.00e+00	0.00e+00	1.06e-29	2.94e-26	5.18e-23	3.64e-20	1.51e-17	7.39e-15	6.44e-12	7.85e-10	4.80e-08	1.44e-06	3.01e-05	3.27e-04	2.33e-03	1.76e-02	2.34e-01	4.55e-01	2.91e-01
 8.59434e+22	0.00e+00	0.00e+00	1.70e-29	4.61e-26	7.85e-23	5.35e-20	2.15e-17	1.01e-14	8.59e-12	1.02e-09	6.05e-08	1.76e-06	3.57e-05	3.75e-04	2.58e-03	1.88e-02	2.42e-01	4.55e-01	2.81e-01
 8.65841e+22	0.00e+00	0.00e+00	2.95e-29	7.76e-26	1.28e-22	8.37e-20	3.24e-17	1.47e-14	1.21e-11	1.38e-09	7.92e-08	2.23e-06	4.33e-05	4.39e-04	2.90e-03	2.03e-02	2.52e-01	4.55e-01	2.70e-01
 8.72615e+22	0.00e+00	0.00e+00	5.13e-29	1.30e-25	2.07e-22	1.30e-19	4.85e-17	2.11e-14	1.69e-11	1.87e-09	1.04e-07	2.81e-06	5.27e-05	5.14e-04	3.25e-03	2.20e-02	2.61e-01	4.54e-01	2.59e-01
 8.78295e+22	0.00e+00	0.00e+00	8.05e-29	1.99e-25	3.06e-22	1.87e-19	6.73e-17	2.83e-14	2.21e-11	2.39e-09	1.29e-07	3.39e-06	6.19e-05	5.85e-04	3.58e-03	2.34e-02	2.69e-01	4.53e-01	2.50e-01
 8.84111e+22	0.00e+00	0.00e+00	1.36e-28	3.26e-25	4.84e-22	2.85e-19	9.88e-17	3.99e-14	3.03e-11	3.18e-09	1.66e-07	4.22e-06	7.45e-05	6.78e-04	4.00e-03	2.51e-02	2.79e-01	4.51e-01	2.40e-01
 8.90252e+22	0.00e+00	0.00e+00	2.20e-28	5.14e-25	7.38e-22	4.20e-19	1.41e-16	5.48e-14	4.06e-11	4.14e-09	2.10e-07	5.17e-06	8.84e-05	7.79e-04	4.42e-03	2.68e-02	2.88e-01	4.50e-01	2.31e-01
 8.95820e+22	0.00e+00	0.00e+00	3.49e-28	7.93e-25	1.10e-21	6.07e-19	1.96e-16	7.39e-14	5.35e-11	5.31e-09	2.62e-07	6.26e-06	1.04e-04	8.87e-04	4.87e-03	2.85e-02	2.96e-01	4.48e-01	2.22e-01
 9.02060e+22	0.00e+00	0.00e+00	6.23e-28	1.37e-24	1.82e-21	9.64e-19	2.99e-16	1.07e-13	7.57e-11	7.27e-09	3.46e-07	7.97e-06	1.27e-04	1.04e-03	5.48e-03	3.08e-02	3.07e-01	4.44e-01	2.11e-01
 9.08409e+22	0.00e+00	0.00e+00	1.03e-27	2.18e-24	2.82e-21	1.43e-18	4.28e-16	1.48e-13	1.02e-10	9.52e-09	4.39e-07	9.81e-06	1.52e-04	1.20e-03	6.08e-03	3.29e-02	3.16e-01	4.41e-01	2.02e-01
 9.13736e+22	0.00e+00	0.00e+00	1.59e-27	3.29e-24	4.11e-21	2.03e-18	5.85e-16	1.96e-13	1.32e-10	1.20e-08	5.41e-07	1.18e-05	1.77e-04	1.36e-03	6.65e-03	3.48e-02	3.24e-01	4.38e-01	1.95e-01
 9.19501e+22	0.00e+00	0.00e+00	2.73e-27	5.48e-24	6.59e-21	3.12e-18	8.64e-16	2.77e-13	1.82e-10	1.61e-08	7.02e-07	1.47e-05	2.14e-04	1.58e-03	7.42e-03	3.73e-02	3.34e-01	4.34e-01	1.85e-01
 9.25398e+22	0.00e+00	9.78e-33	4.39e-27	8.54e-24	9.93e-21	4.53e-18	1.21e-15	3.73e-13	2.40e-10	2.08e-08	8.80e-07	1.79e-05	2.53e-04	1.81e-03	8.17e-03	3.96e-02	3.43e-01	4.30e-01	1.77e-01
 9.30547e+22	0.00e+00	1.55e-32	6.78e-27	1.28e-23	1.45e-20	6.40e-18	1.65e-15	4.92e-13	3.11e-10	2.63e-08	1.08e-06	2.14e-05	2.94e-04	2.04e-03	8.92e-03	4.18e-02	3.51e-01	4.26e-01	1.70e-01
 9.36323e+22	0.00e+00	2.76e-32	1.17e-26	2.14e-23	2.32e-20	9.85e-18	2.43e-15	6.94e-13	4.28e-10	3.52e-08	1.41e-06	2.69e-05	3.56e-04	2.37e-03	9.95e-03	4.47e-02	3.61e-01	4.20e-01	1.61e-01
 9.42293e+22	0.00e+00	4.63e-32	1.91e-26	3.39e-23	3.54e-20	1.44e-17	3.43e-15	9.38e-13	5.68e-10	4.56e-08	1.77e-06	3.28e-05	4.22e-04	2.71e-03	1.10e-02	4.74e-02	3.70e-01	4.15e-01	1.53e-01
 9.47403e+22	0.00e+00	7.28e-32	2.93e-26	5.05e-23	5.12e-20	2.02e-17	4.64e-15	1.23e-12	7.30e-10	5.72e-08	2.17e-06	3.91e-05	4.90e-04	3.05e-03	1.19e-02	4.99e-02	3.78e-01	4.10e-01	1.47e-01
 9.52933e+22	0.00e+00	1.28e-31	5.01e-26	8.36e-23	8.13e-20	3.08e-17	6.76e-15	1.71e-12	9.96e-10	7.61e-08	2.80e-06	4.87e-05	5.90e-04	3.54e-03	1.32e-02	5.32e-02	3.87e-01	4.04e-01	1.39e-01
 9.58636e+22	0.00e+00	2.07e-31	7.86e-26	1.27e-22	1.20e-19	4.39e-17	9.31e-15	2.27e-12	1.30e-09	9.67e-08	3.46e-06	5.86e-05	6.88e-04	4.00e-03	1.44e-02	5.60e-02	3.95e-01	3.98e-01	1.32e-01
 9.63735e+22	0.00e+00	3.35e-31	1.24e-25	1.95e-22	1.77e-19	6.25e-17	1.28e-14	2.99e-12	1.68e-09	1.23e-07	4.29e-06	7.05e-05	8.06e-04	4.53e-03	1.58e-02	5.90e-02	4.02e-01	3.92e-01	1.26e-01
 9.68704e+22	0.00e+00	5.26e-31	1.90e-25	2.91e-22	2.57e-19	8.74e-17	1.73e-14	3.90e-12	2.16e-09	1.54e-07	5.25e-06	8.39e-05	9.33e-04	5.08e-03	1.71e-02	6.19e-02	4.09e-01	3.86e-01	1.20e-01
 9.74337e+22	0.00e+00	9.32e-31	3.27e-25	4.83e-22	4.08e-19	1.33e-16	2.52e-14	5.43e-12	2.95e-09	2.05e-07	6.78e-06	1.05e-04	1.12e-03	5.88e-03	1.90e-02	6.57e-02	4.18e-01	3.78e-01	1.13e-01
 9.80129e+22	0.00e+00	1.55e-30	5.29e-25	7.57e-22	6.17e-19	1.93e-16	3.51e-14	7.26e-12	3.88e-09	2.64e-07	8.49e-06	1.27e-04	1.32e-03	6.68e-03	2.08e-02	6.92e-02	4.25e-01	3.70e-01	1.06e-01
 9.85202e+22	0.00e+00	2.48e-30	8.27e-25	1.15e-21	9.04e-19	2.73e-16	4.77e-14	9.50e-12	5.00e-09	3.33e-07	1.05e-05	1.52e-04	1.54e-03	7.53e-03	2.25e-02	7.26e-02	4.31e-01	3.63e-01	1.01e-01
 9.90114e+22	0.00e+00	3.97e-30	1.29e-24	1.74e-21	1.32e-18	3.86e-16	6.48e-14	1.24e-11	6.44e-09	4.21e-07	1.29e-05	1.82e-04	1.79e-03	8.47e-03	2.45e-02	7.61e-02	4.37e-01	3.56e-01	9.55e-02
 9.95743e+22	0.00e+00	7.12e-30	2.25e-24	2.92e-21	2.12e-18	5.92e-16	9.48e-14	1.73e-11	8.83e-09	5.62e-07	1.67e-05	2.27e-04	2.15e-03	9.79e-03	2.71e-02	8.04e-02	4.45e-01	3.47e-01	8.92e-02
 1.00151e+23	0.00e+00	1.16e-29	3.58e-24	4.50e-21	3.16e-18	8.47e-16	1.30e-13	2.28e-11	1.15e-08	7.16e-07	2.07e-05	2.74e-04	2.52e-03	1.11e-02	2.94e-02	8.42e-02	4.50e-01	3.38e-01	8.40e-02
 1.00745e+23	0.00e+00	2.18e-29	6.49e-24	7.84e-21	5.25e-18	1.34e-15	1.95e-13	3.25e-11	1.61e-08	9.74e-07	2.73e-05	3.47e-04	3.07e-03	1.29e-02	3.27e-02	8.92e-02	4.56e-01	3.28e-01	7.77e-02
 1.01344e+23	0.00e+00	3.64e-29	1.06e-23	1.23e-20	7.94e-18	1.94e-15	2.72e-13	4.32e-11	2.11e-08	1.25e-06	3.41e-05	4.21e-04	3.61e-03	1.46e-02	3.56e-02	9.34e-02	4.61e-01	3.19e-01	7.27e-02
 1.01836e+23	0.00e+00	5.65e-29	1.60e-23	1.82e-20	1.13e-17	2.67e-15	3.60e-13	5.51e-11	2.66e-08	1.55e-06	4.13e-05	4.96e-04	4.14e-03	1.63e-02	3.83e-02	9.70e-02	4.65e-01	3.11e-01	6.87e-02
 1.02361e+23	0.00e+00	9.88e-29	2.72e-23	2.97e-20	1.77e-17	3.99e-15	5.13e-13	7.49e-11	3.57e-08	2.04e-06	5.27e-05	6.11e-04	4.93e-03	1.86e-02	4.19e-02	1.02e-01	4.68e-01	3.00e-01	6.37e-02
 1.02898e+23	0.00e+00	1.59e-28	4.27e-23	4.52e-20	2.59e-17	5.62e-15	6.93e-13	9.69e-11	4.58e-08	2.57e-06	6.48e-05	7.28e-04	5.71e-03	2.08e-02	4.51e-02	1.06e-01	4.71e-01	2.91e-01	5.97e-02
 1.03334e+23	0.00e+00	2.34e-28	6.17e-23	6.36e-20	3.54e-17	7.42e-15	8.84e-13	1.20e-10	5.61e-08	3.10e-06	7.66e-05	8.41e-04	6.43e-03	2.28e-02	4.80e-02	1.09e-01	4.73e-01	2.84e-01	5.65e-02
 1.03786e+23	0.00e+00	3.80e-28	9.78e-23	9.74e-20	5.22e-17	1.05e-14	1.20e-12	1.55e-10	7.22e-08	3.91e-06	9.44e-05	1.00e-03	7.46e-03	2.55e-02	5.17e-02	1.13e-01	4.74e-01	2.75e-01	5.27e-02
 1.04218e+23	0.00e+00	5.45e-28	1.38e-22	1.34e-19	6.96e-17	1.36e-14	1.50e-12	1.88e-10	8.70e-08	4.65e-06	1.10e-04	1.15e-03	8.33e-03	2.77e-02	5.46e-02	1.16e-01	4.75e-01	2.68e-01	5.00e-02
 1.04566e+23	0.00e+00	7.76e-28	1.93e-22	1.82e-19	9.22e-17	1.74e-14	1.86e-12	2.26e-10	1.04e-07	5.51e-06	1.28e-04	1.31e-03	9.27e-03	3.01e-02	5.76e-02	1.19e-01	4.75e-01	2.61e-01	4.74e-02
 1.04907e+23	0.00e+00	1.08e-27	2.64e-22	2.44e-19	1.20e-16	2.21e-14	2.29e-12	2.70e-10	1.24e-07	6.45e-06	1.48e-04	1.47e-03	1.02e-02	3.25e-02	6.04e-02	1.21e-01	4.75e-01	2.54e-01	4.51e-02
 1.05240e+23	0.00e+00	1.48e-27	3.56e-22	3.22e-19	1.54e-16	2.76e-14	2.78e-12	3.18e-10	1.45e-07	7.49e-06	1.69e-04	1.65e-03	1.13e-02	3.48e-02	6.33e-02	1.24e-01	4.74e-01	2.48e-01	4.29e-02
 1.05617e+23	0.00e+00	2.24e-27	5.28e-22	4.63e-19	2.14e-16	3.69e-14	3.58e-12	3.95e-10	1.79e-07	9.12e-06	2.01e-04	1.92e-03	1.27e-02	3.82e-02	6.71e-02	1.27e-01	4.73e-01	2.39e-01	4.02e-02
 1.05993e+23	0.00e+00	3.13e-27	7.24e-22	6.19e-19	2.79e-16	4.66e-14	4.38e-12	4.68e-10	2.12e-07	1.07e-05	2.32e-04	2.16e-03	1.41e-02	4.11e-02	7.03e-02	1.30e-01	4.72e-01	2.33e-01	3.81e-02
 1.06316e+23	0.00e+00	4.33e-27	9.86e-22	8.23e-19	3.61e-16	5.85e-14	5.33e-12	5.52e-10	2.50e-07	1.24e-05	2.66e-04	2.42e-03	1.55e-02	4.42e-02	7.36e-02	1.32e-01	4.70e-01	2.26e-01	3.61e-02
 1.06624e+23	0.00e+00	5.88e-27	1.32e-21	1.08e-18	4.59e-16	7.24e-14	6.41e-12	6.44e-10	2.91e-07	1.44e-05	3.02e-04	2.70e-03	1.69e-02	4.72e-02	7.67e-02	1.34e-01	4.68e-01	2.20e-01	3.43e-02
 1.06920e+23	0.00e+00	7.92e-27	1.75e-21	1.40e-18	5.81e-16	8.91e-14	7.66e-12	7.49e-10	3.38e-07	1.65e-05	3.42e-04	3.00e-03	1.84e-02	5.03e-02	7.98e-02	1.36e-01	4.65e-01	2.14e-01	3.26e-02
 1.07258e+23	0.00e+00	1.17e-26	2.55e-21	1.97e-18	7.91e-16	1.17e-13	9.66e-12	9.09e-10	4.11e-07	1.98e-05	4.03e-04	3.45e-03	2.07e-02	5.47e-02	8.40e-02	1.39e-01	4.62e-01	2.06e-01	3.04e-02
 1.07596e+23	3.64e-33	1.59e-26	3.39e-21	2.56e-18	1.00e-15	1.44e-13	1.16e-11	1.06e-09	4.76e-07	2.28e-05	4.56e-04	3.83e-03	2.25e-02	5.83e-02	8.73e-02	1.41e-01	4.58e-01	1.99e-01	2.88e-02
 1.07932e+23	5.43e-33	2.32e-26	4.87e-21	3.57e-18	1.35e-15	1.87e-13	1.44e-11	1.27e-09	5.74e-07	2.71e-05	5.33e-04	4.37e-03	2.51e-02	6.30e-02	9.15e-02	1.43e-01	4.54e-01	1.92e-01	2.69e-02
 1.08257e+23	7.38e-33	3.11e-26	6.44e-21	4.60e-18	1.69e-15	2.28e-13	1.71e-11	1.46e-09	6.62e-07	3.10e-05	6.01e-04	4.83e-03	2.72e-02	6.69e-02	9.48e-02	1.45e-01	4.50e-01	1.86e-01	2.55e-02
 1.08520e+23	9.86e-33	4.10e-26	8.38e-21	5.85e-18	2.10e-15	2.75e-13	2.01e-11	1.67e-09	7.56e-07	3.52e-05	6.73e-04	5.31e-03	2.94e-02	7.08e-02	9.79e-02	1.46e-01	4.46e-01	1.80e-01	2.42e-02
 1.08815e+23	1.42e-32	5.79e-26	1.17e-20	7.91e-18	2.75e-15	3.48e-13	2.45e-11	1.97e-09	8.94e-07	4.12e-05	7.74e-04	5.98e-03	3.23e-02	7.58e-02	1.02e-01	1.48e-01	4.40e-01	1.73e-01	2.26e-02
 1.09117e+23	1.91e-32	7.70e-26	1.53e-20	1.01e-17	3.43e-15	4.22e-13	2.88e-11	2.25e-09	1.03e-06	4.68e-05	8.68e-04	6.58e-03	3.49e-02	8.01e-02	1.05e-01	1.49e-01	4.35e-01	1.67e-01	2.14e-02
 1.09426e+23	2.88e-32	1.14e-25	2.22e-20	1.42e-17	4.62e-15	5.46e-13	3.58e-11	2.68e-09	1.23e-06	5.57e-05	1.01e-03	7.49e-03	3.88e-02	8.63e-02	1.10e-01	1.50e-01	4.27e-01	1.59e-01	1.97e-02
 1.09728e+23	3.84e-32	1.50e-25	2.88e-20	1.80e-17	5.71e-15	6.56e-13	4.17e-11	3.04e-09	1.40e-06	6.30e-05	1.13e-03	8.21e-03	4.17e-02	9.09e-02	1.13e-01	1.51e-01	4.22e-01	1.54e-01	1.86e-02
 1.10020e+23	5.65e-32	2.16e-25	4.09e-20	2.48e-17	7.57e-15	8.36e-13	5.11e-11	3.58e-09	1.66e-06	7.41e-05	1.31e-03	9.26e-03	4.60e-02	9.73e-02	1.17e-01	1.52e-01	4.13e-01	1.46e-01	1.72e-02
 1.10315e+23	7.62e-32	2.88e-25	5.37e-20	3.17e-17	9.42e-15	1.01e-12	5.98e-11	4.07e-09	1.90e-06	8.40e-05	1.46e-03	1.02e-02	4.95e-02	1.02e-01	1.20e-01	1.53e-01	4.07e-01	1.41e-01	1.62e-02
 1.10614e+23	1.14e-31	4.23e-25	7.76e-20	4.41e-17	1.26e-14	1.30e-12	7.35e-11	4.80e-09	2.26e-06	9.92e-05	1.70e-03	1.15e-02	5.47e-02	1.10e-01	1.25e-01	1.53e-01	3.97e-01	1.33e-01	1.49e-02
 1.10915e+23	1.56e-31	5.72e-25	1.03e-19	5.71e-17	1.58e-14	1.58e-12	8.64e-11	5.46e-09	2.59e-06	1.13e-04	1.90e-03	1.27e-02	5.90e-02	1.16e-01	1.28e-01	1.53e-01	3.89e-01	1.27e-01	1.39e-02
 1.11171e+23	2.10e-31	7.58e-25	1.35e-19	7.27e-17	1.96e-14	1.89e-12	1.00e-10	6.15e-09	2.94e-06	1.27e-04	2.12e-03	1.38e-02	6.32e-02	1.21e-01	1.31e-01	1.53e-01	3.81e-01	1.22e-01	1.30e-02
 1.11458e+23	3.16e-31	1.12e-24	1.97e-19	1.02e-16	2.63e-14	2.43e-12	1.23e-10	7.21e-09	3.49e-06	1.50e-04	2.46e-03	1.56e-02	6.96e-02	1.29e-01	1.35e-01	1.52e-01	3.69e-01	1.14e-01	1.18e-02
 1.11741e+23	4.21e-31	1.47e-24	2.55e-19	1.28e-16	3.22e-14	2.89e-12	1.42e-10	8.07e-09	3.93e-06	1.69e-04	2.72e-03	1.70e-02	7.43e-02	1.35e-01	1.38e-01	1.52e-01	3.61e-01	1.09e-01	1.10e-02
 1.12017e+23	6.26e-31	2.16e-24	3.67e-19	1.78e-16	4.27e-14	3.66e-12	1.72e-10	9.37e-09	4.63e-06	1.97e-04	3.13e-03	1.90e-02	8.12e-02	1.43e-01	1.41e-01	1.51e-01	3.49e-01	1.02e-01	1.00e-02
 1.12288e+23	8.26e-31	2.81e-24	4.72e-19	2.23e-16	5.21e-14	4.33e-12	1.97e-10	1.04e-08	5.19e-06	2.20e-04	3.44e-03	2.06e-02	8.63e-02	1.49e-01	1.44e-01	1.50e-01	3.40e-01	9.76e-02	9.35e-03
 1.12551e+23	1.22e-30	4.07e-24	6.73e-19	3.05e-16	6.84e-14	5.45e-12	2.36e-10	1.20e-08	6.06e-06	2.56e-04	3.93e-03	2.29e-02	9.38e-02	1.57e-01	1.47e-01	1.48e-01	3.28e-01	9.11e-02	8.47e-03
 1.12816e+23	1.62e-30	5.34e-24	8.71e-19	3.84e-16	8.36e-14	6.45e-12	2.70e-10	1.33e-08	6.79e-06	2.85e-04	4.33e-03	2.48e-02	9.95e-02	1.63e-01	1.49e-01	1.46e-01	3.19e-01	8.65e-02	7.86e-03
 1.13081e+23	2.41e-30	7.82e-24	1.25e-18	5.30e-16	1.10e-13	8.13e-12	3.25e-10	1.53e-08	7.93e-06	3.31e-04	4.94e-03	2.76e-02	1.08e-01	1.71e-01	1.51e-01	1.44e-01	3.05e-01	8.02e-02	7.06e-03
 1.13347e+23	3.22e-30	1.03e-23	1.64e-18	6.71e-16	1.35e-13	9.65e-12	3.72e-10	1.70e-08	8.89e-06	3.70e-04	5.44e-03	2.98e-02	1.14e-01	1.77e-01	1.53e-01	1.42e-01	2.95e-01	7.58e-02	6.52e-03
 1.13613e+23	4.85e-30	1.53e-23	2.38e-18	9.33e-16	1.80e-13	1.22e-11	4.48e-10	1.95e-08	1.04e-05	4.29e-04	6.20e-03	3.31e-02	1.24e-01	1.86e-01	1.55e-01	1.39e-01	2.81e-01	6.97e-02	5.80e-03
 1.13882e+23	6.52e-30	2.03e-23	3.12e-18	1.18e-15	2.21e-13	1.45e-11	5.13e-10	2.17e-08	1.16e-05	4.78e-04	6.81e-03	3.56e-02	1.31e-01	1.92e-01	1.56e-01	1.36e-01	2.71e-01	6.55e-02	5.32e-03
 1.14153e+23	9.77e-30	2.98e-23	4.50e-18	1.64e-15	2.91e-13	1.82e-11	6.15e-10	2.48e-08	1.35e-05	5.52e-04	7.72e-03	3.94e-02	1.41e-01	2.00e-01	1.57e-01	1.33e-01	2.57e-01	6.01e-02	4.72e-03
 1.14421e+23	1.33e-29	4.00e-23	5.95e-18	2.09e-15	3.60e-13	2.17e-11	7.05e-10	2.75e-08	1.51e-05	6.14e-04	8.48e-03	4.24e-02	1.49e-01	2.06e-01	1.58e-01	1.30e-01	2.46e-01	5.61e-02	4.30e-03
 1.14688e+23	1.98e-29	5.87e-23	8.58e-18	2.88e-15	4.73e-13	2.72e-11	8.41e-10	3.13e-08	1.74e-05	7.05e-04	9.56e-03	4.65e-02	1.59e-01	2.14e-01	1.58e-01	1.26e-01	2.32e-01	5.11e-02	3.79e-03
 1.14959e+23	2.73e-29	7.98e-23	1.15e-17	3.73e-15	5.89e-13	3.27e-11	9.69e-10	3.48e-08	1.95e-05	7.86e-04	1.05e-02	5.00e-02	1.67e-01	2.19e-01	1.58e-01	1.22e-01	2.21e-01	4.74e-02	3.42e-03
 1.15236e+23	4.16e-29	1.19e-22	1.69e-17	5.21e-15	7.85e-13	4.13e-11	1.16e-09	3.99e-08	2.25e-05	9.03e-04	1.18e-02	5.49e-02	1.79e-01	2.27e-01	1.57e-01	1.18e-01	2.06e-01	4.27e-02	2.98e-03
 1.15516e+23	5.76e-29	1.63e-22	2.27e-17	6.75e-15	9.79e-13	4.96e-11	1.34e-09	4.43e-08	2.51e-05	1.00e-03	1.30e-02	5.89e-02	1.87e-01	2.32e-01	1.57e-01	1.14e-01	1.95e-01	3.93e-02	2.67e-03
 1.15797e+23	8.83e-29	2.45e-22	3.35e-17	9.48e-15	1.31e-12	6.30e-11	1.62e-09	5.08e-08	2.89e-05	1.15e-03	1.45e-02	6.43e-02	1.99e-01	2.38e-01	1.55e-01	1.09e-01	1.81e-01	3.52e-02	2.30e-03
 1.16080e+23	1.23e-28	3.36e-22	4.52e-17	1.23e-14	1.63e-12	7.57e-11	1.86e-09	5.64e-08	3.22e-05	1.27e-03	1.59e-02	6.86e-02	2.08e-01	2.42e-01	1.54e-01	1.05e-01	1.71e-01	3.23e-02	2.05e-03
 1.16326e+23	1.69e-28	4.57e-22	6.06e-17	1.59e-14	2.03e-12	9.06e-11	2.14e-09	6.26e-08	3.57e-05	1.40e-03	1.72e-02	7.31e-02	2.17e-01	2.46e-01	1.52e-01	1.01e-01	1.61e-01	2.96e-02	1.83e-03
 1.16605e+23	2.59e-28	6.85e-22	8.90e-17	2.22e-14	2.70e-12	1.15e-10	2.57e-09	7.16e-08	4.07e-05	1.59e-03	1.91e-02	7.91e-02	2.28e-01	2.51e-01	1.49e-01	9.60e-02	1.49e-01	2.63e-02	1.57e-03
 1.16882e+23	3.49e-28	9.12e-22	1.17e-16	2.81e-14	3.31e-12	1.36e-10	2.94e-09	7.91e-08	4.47e-05	1.74e-03	2.06e-02	8.35e-02	2.36e-01	2.53e-01	1.47e-01	9.24e-02	1.40e-01	2.41e-02	1.40e-03
 1.17154e+23	5.24e-28	1.34e-21	1.69e-16	3.87e-14	4.35e-12	1.70e-10	3.50e-09	9.01e-08	5.05e-05	1.95e-03	2.27e-02	8.96e-02	2.46e-01	2.56e-01	1.44e-01	8.75e-02	1.29e-01	2.14e-02	1.20e-03
 1.17433e+23	7.13e-28	1.80e-21	2.23e-16	4.94e-14	5.35e-12	2.02e-10	4.01e-09	1.00e-07	5.55e-05	2.13e-03	2.44e-02	9.44e-02	2.54e-01	2.58e-01	1.41e-01	8.38e-02	1.21e-01	1.96e-02	1.07e-03
 1.17718e+23	1.07e-27	2.66e-21	3.22e-16	6.80e-14	7.05e-12	2.54e-10	4.80e-09	1.14e-07	6.26e-05	2.38e-03	2.67e-02	1.01e-01	2.64e-01	2.60e-01	1.38e-01	7.90e-02	1.11e-01	1.73e-02	9.10e-04
 1.18011e+23	1.48e-27	3.60e-21	4.30e-16	8.74e-14	8.74e-12	3.04e-10	5.54e-09	1.27e-07	6.88e-05	2.60e-03	2.87e-02	1.06e-01	2.72e-01	2.61e-01	1.35e-01	7.53e-02	1.04e-01	1.57e-02	8.02e-04
 1.18312e+23	2.24e-27	5.36e-21	6.25e-16	1.21e-13	1.16e-11	3.85e-10	6.67e-09	1.47e-07	7.76e-05	2.91e-03	3.14e-02	1.13e-01	2.81e-01	2.62e-01	1.30e-01	7.06e-02	9.43e-02	1.37e-02	6.78e-04
 1.18620e+23	3.10e-27	7.28e-21	8.36e-16	1.56e-13	1.44e-11	4.62e-10	7.73e-09	1.64e-07	8.53e-05	3.16e-03	3.36e-02	1.19e-01	2.89e-01	2.62e-01	1.27e-01	6.70e-02	8.76e-02	1.24e-02	5.94e-04
 1.18937e+23	4.70e-27	1.08e-20	1.22e-15	2.17e-13	1.91e-11	5.86e-10	9.34e-09	1.90e-07	9.61e-05	3.53e-03	3.66e-02	1.26e-01	2.97e-01	2.61e-01	1.22e-01	6.25e-02	7.95e-02	1.08e-02	5.00e-04
 1.19260e+23	6.52e-27	1.48e-20	1.63e-15	2.80e-13	2.38e-11	7.06e-10	1.08e-08	2.13e-07	1.06e-04	3.84e-03	3.91e-02	1.32e-01	3.04e-01	2.60e-01	1.19e-01	5.92e-02	7.35e-02	9.71e-03	4.35e-04
 1.19591e+23	9.91e-27	2.20e-20	2.37e-15	3.88e-13	3.16e-11	8.96e-10	1.31e-08	2.47e-07	1.19e-04	4.26e-03	4.24e-02	1.39e-01	3.12e-01	2.58e-01	1.14e-01	5.50e-02	6.64e-02	8.44e-03	3.64e-04
 1.19924e+23	1.36e-26	2.97e-20	3.14e-15	4.97e-13	3.92e-11	1.08e-09	1.52e-08	2.77e-07	1.30e-04	4.62e-03	4.51e-02	1.45e-01	3.18e-01	2.56e-01	1.10e-01	5.19e-02	6.13e-02	7.57e-03	3.17e-04
 1.20259e+23	2.06e-26	4.38e-20	4.53e-15	6.86e-13	5.19e-11	1.36e-09	1.84e-08	3.21e-07	1.46e-04	5.11e-03	4.88e-02	1.52e-01	3.25e-01	2.54e-01	1.05e-01	4.82e-02	5.52e-02	6.56e-03	2.65e-04
 1.20600e+23	2.80e-26	5.87e-20	5.95e-15	8.72e-13	6.40e-11	1.63e-09	2.13e-08	3.60e-07	1.60e-04	5.51e-03	5.16e-02	1.58e-01	3.29e-01	2.51e-01	1.02e-01	4.54e-02	5.10e-02	5.88e-03	2.31e-04
 1.20900e+23	3.80e-26	7.82e-20	7.79e-15	1.11e-12	7.86e-11	1.94e-09	2.46e-08	4.03e-07	1.74e-04	5.94e-03	5.46e-02	1.64e-01	3.34e-01	2.48e-01	9.81e-02	4.28e-02	4.71e-02	5.28e-03	2.01e-04
 1.21195e+23	5.12e-26	1.04e-19	1.01e-14	1.39e-12	9.62e-11	2.31e-09	2.84e-08	4.51e-07	1.90e-04	6.38e-03	5.76e-02	1.69e-01	3.38e-01	2.45e-01	9.46e-02	4.04e-02	4.35e-02	4.74e-03	1.76e-04
 1.21534e+23	7.53e-26	1.49e-19	1.42e-14	1.88e-12	1.25e-10	2.89e-09	3.40e-08	5.20e-07	2.12e-04	7.00e-03	6.17e-02	1.77e-01	3.42e-01	2.41e-01	9.01e-02	3.74e-02	3.92e-02	4.11e-03	1.47e-04
 1.21873e+23	9.97e-26	1.94e-19	1.82e-14	2.33e-12	1.51e-10	3.40e-09	3.90e-08	5.79e-07	2.30e-04	7.49e-03	6.48e-02	1.82e-01	3.46e-01	2.38e-01	8.68e-02	3.53e-02	3.63e-02	3.70e-03	1.29e-04
 1.22212e+23	1.44e-25	2.75e-19	2.52e-14	3.11e-12	1.95e-10	4.22e-09	4.65e-08	6.66e-07	2.56e-04	8.17e-03	6.90e-02	1.89e-01	3.49e-01	2.33e-01	8.25e-02	3.27e-02	3.27e-02	3.22e-03	1.08e-04
 1.22547e+23	1.88e-25	3.52e-19	3.18e-14	3.82e-12	2.33e-10	4.93e-09	5.29e-08	7.38e-07	2.76e-04	8.70e-03	7.22e-02	1.94e-01	3.51e-01	2.29e-01	7.95e-02	3.09e-02	3.03e-02	2.91e-03	9.54e-05
 1.22876e+23	2.68e-25	4.90e-19	4.32e-14	5.01e-12	2.96e-10	6.06e-09	6.26e-08	8.44e-07	3.06e-04	9.44e-03	7.65e-02	2.01e-01	3.54e-01	2.24e-01	7.55e-02	2.86e-02	2.74e-02	2.54e-03	8.04e-05
 1.23210e+23	3.48e-25	6.26e-19	5.43e-14	6.13e-12	3.53e-10	7.06e-09	7.12e-08	9.35e-07	3.30e-04	1.00e-02	7.99e-02	2.06e-01	3.56e-01	2.21e-01	7.26e-02	2.70e-02	2.54e-02	2.29e-03	7.08e-05
 1.23551e+23	4.94e-25	8.70e-19	7.37e-14	8.03e-12	4.48e-10	8.68e-09	8.44e-08	1.07e-06	3.65e-04	1.09e-02	8.45e-02	2.13e-01	3.58e-01	2.15e-01	6.88e-02	2.49e-02	2.29e-02	2.00e-03	5.95e-05
 1.23899e+23	6.45e-25	1.12e-18	9.28e-14	9.86e-12	5.38e-10	1.02e-08	9.62e-08	1.19e-06	3.95e-04	1.16e-02	8.82e-02	2.18e-01	3.59e-01	2.11e-01	6.60e-02	2.35e-02	2.11e-02	1.80e-03	5.21e-05
 1.24254e+23	9.18e-25	1.55e-18	1.26e-13	1.29e-11	6.84e-10	1.25e-08	1.14e-07	1.37e-06	4.38e-04	1.26e-02	9.32e-02	2.25e-01	3.60e-01	2.05e-01	6.23e-02	2.16e-02	1.89e-02	1.56e-03	4.36e-05
 1.24616e+23	1.20e-24	2.00e-18	1.59e-13	1.59e-11	8.21e-10	1.47e-08	1.31e-07	1.52e-06	4.75e-04	1.34e-02	9.72e-02	2.30e-01	3.60e-01	2.01e-01	5.96e-02	2.03e-02	1.74e-02	1.39e-03	3.80e-05
 1.24987e+23	1.72e-24	2.78e-18	2.16e-13	2.09e-11	1.05e-09	1.81e-08	1.56e-07	1.75e-06	5.27e-04	1.45e-02	1.03e-01	2.36e-01	3.60e-01	1.95e-01	5.60e-02	1.86e-02	1.56e-02	1.20e-03	3.17e-05
 1.25364e+23	2.25e-24	3.59e-18	2.73e-13	2.57e-11	1.26e-09	2.13e-08	1.78e-07	1.95e-06	5.72e-04	1.54e-02	1.07e-01	2.41e-01	3.60e-01	1.90e-01	5.34e-02	1.74e-02	1.43e-02	1.07e-03	2.75e-05
 1.25751e+23	3.22e-24	5.01e-18	3.72e-13	3.39e-11	1.61e-09	2.63e-08	2.13e-07	2.25e-06	6.36e-04	1.67e-02	1.13e-01	2.48e-01	3.59e-01	1.83e-01	5.01e-02	1.59e-02	1.27e-02	9.21e-04	2.28e-05
 1.26128e+23	4.11e-24	6.28e-18	4.58e-13	4.08e-11	1.90e-09	3.04e-08	2.40e-07	2.49e-06	6.85e-04	1.77e-02	1.17e-01	2.52e-01	3.58e-01	1.79e-01	4.79e-02	1.50e-02	1.18e-02	8.30e-04	2.00e-05
 1.26495e+23	5.76e-24	8.59e-18	6.11e-13	5.28e-11	2.38e-09	3.71e-08	2.84e-07	2.85e-06	7.57e-04	1.90e-02	1.23e-01	2.58e-01	3.56e-01	1.73e-01	4.49e-02	1.37e-02	1.05e-02	7.16e-04	1.67e-05
 1.26867e+23	7.36e-24	1.08e-17	7.53e-13	6.37e-11	2.82e-09	4.29e-08	3.21e-07	3.15e-06	8.16e-04	2.01e-02	1.27e-01	2.62e-01	3.55e-01	1.68e-01	4.29e-02	1.29e-02	9.69e-03	6.44e-04	1.47e-05
 1.27246e+23	1.02e-23	1.46e-17	9.97e-13	8.19e-11	3.53e-09	5.22e-08	3.78e-07	3.59e-06	9.01e-04	2.17e-02	1.33e-01	2.68e-01	3.53e-01	1.62e-01	4.02e-02	1.18e-02	8.66e-03	5.57e-04	1.22e-05
 1.27637e+23	1.34e-23	1.88e-17	1.25e-12	1.00e-10	4.23e-09	6.13e-08	4.32e-07	4.01e-06	9.77e-04	2.30e-02	1.38e-01	2.72e-01	3.50e-01	1.57e-01	3.81e-02	1.10e-02	7.91e-03	4.94e-04	1.06e-05
 1.28044e+23	1.87e-23	2.56e-17	1.66e-12	1.29e-10	5.31e-09	7.47e-08	5.11e-07	4.59e-06	1.08e-03	2.47e-02	1.45e-01	2.78e-01	3.47e-01	1.51e-01	3.55e-02	1.00e-02	7.04e-03	4.25e-04	8.79e-06
 1.28464e+23	2.48e-23	3.32e-17	2.11e-12	1.60e-10	6.43e-09	8.84e-08	5.89e-07	5.15e-06	1.18e-03	2.63e-02	1.51e-01	2.82e-01	3.44e-01	1.46e-01	3.35e-02	9.27e-03	6.38e-03	3.74e-04	7.50e-06
 1.28901e+23	3.51e-23	4.58e-17	2.83e-12	2.09e-10	8.15e-09	1.09e-07	7.01e-07	5.94e-06	1.31e-03	2.84e-02	1.58e-01	2.87e-01	3.40e-01	1.40e-01	3.11e-02	8.40e-03	5.64e-03	3.18e-04	6.17e-06
 1.29349e+23	4.70e-23	6.00e-17	3.62e-12	2.61e-10	9.93e-09	1.29e-07	8.11e-07	6.69e-06	1.43e-03	3.03e-02	1.64e-01	2.92e-01	3.36e-01	1.34e-01	2.92e-02	7.73e-03	5.08e-03	2.78e-04	5.22e-06
 1.29814e+23	6.74e-23	8.35e-17	4.90e-12	3.42e-10	1.27e-08	1.60e-07	9.71e-07	7.75e-06	1.59e-03	3.27e-02	1.72e-01	2.96e-01	3.31e-01	1.28e-01	2.69e-02	6.97e-03	4.45e-03	2.35e-04	4.25e-06
 1.30293e+23	9.15e-23	1.11e-16	6.33e-12	4.31e-10	1.56e-08	1.92e-07	1.13e-06	8.78e-06	1.75e-03	3.49e-02	1.78e-01	3.00e-01	3.27e-01	1.22e-01	2.51e-02	6.37e-03	3.98e-03	2.03e-04	3.57e-06
 1.30792e+23	1.33e-22	1.56e-16	8.68e-12	5.73e-10	2.01e-08	2.40e-07	1.36e-06	1.02e-05	1.96e-03	3.78e-02	1.87e-01	3.05e-01	3.20e-01	1.16e-01	2.30e-02	5.70e-03	3.46e-03	1.70e-04	2.86e-06
 1.31306e+23	1.83e-22	2.09e-16	1.13e-11	7.28e-10	2.49e-08	2.89e-07	1.60e-06	1.17e-05	2.16e-03	4.04e-02	1.94e-01	3.08e-01	3.15e-01	1.11e-01	2.13e-02	5.17e-03	3.07e-03	1.46e-04	2.37e-06
 1.31768e+23	2.47e-22	2.76e-16	1.46e-11	9.14e-10	3.05e-08	3.45e-07	1.86e-06	1.32e-05	2.36e-03	4.31e-02	2.01e-01	3.11e-01	3.09e-01	1.05e-01	1.98e-02	4.72e-03	2.74e-03	1.26e-04	1.99e-06
 1.32298e+23	3.70e-22	3.99e-16	2.04e-11	1.24e-09	4.00e-08	4.38e-07	2.27e-06	1.55e-05	2.67e-03	4.68e-02	2.10e-01	3.15e-01	3.02e-01	9.89e-02	1.80e-02	4.16e-03	2.34e-03	1.03e-04	1.56e-06
 1.32833e+23	4.99e-22	5.26e-16	2.61e-11	1.55e-09	4.89e-08	5.23e-07	2.63e-06	1.75e-05	2.92e-03	4.97e-02	2.18e-01	3.17e-01	2.96e-01	9.41e-02	1.66e-02	3.78e-03	2.08e-03	8.88e-05	1.30e-06
 1.33371e+23	7.41e-22	7.56e-16	3.63e-11	2.08e-09	6.38e-08	6.60e-07	3.20e-06	2.06e-05	3.28e-03	5.39e-02	2.27e-01	3.20e-01	2.87e-01	8.80e-02	1.50e-02	3.33e-03	1.78e-03	7.27e-05	1.02e-06
 1.33922e+23	1.02e-21	1.01e-15	4.73e-11	2.65e-09	7.91e-08	7.97e-07	3.75e-06	2.34e-05	3.61e-03	5.74e-02	2.35e-01	3.22e-01	2.81e-01	8.32e-02	1.38e-02	3.00e-03	1.56e-03	6.17e-05	8.36e-07
 1.34487e+23	1.53e-21	1.46e-15	6.60e-11	3.57e-09	1.04e-07	1.01e-06	4.58e-06	2.76e-05	4.06e-03	6.22e-02	2.45e-01	3.24e-01	2.72e-01	7.73e-02	1.24e-02	2.62e-03	1.33e-03	5.00e-05	6.49e-07
 1.35064e+23	2.13e-21	1.99e-15	8.70e-11	4.59e-09	1.30e-07	1.23e-06	5.41e-06	3.16e-05	4.49e-03	6.64e-02	2.53e-01	3.25e-01	2.64e-01	7.26e-02	1.13e-02	2.34e-03	1.15e-03	4.19e-05	5.23e-07
 1.35577e+23	2.95e-21	2.67e-15	1.14e-10	5.84e-09	1.61e-07	1.49e-06	6.35e-06	3.61e-05	4.94e-03	7.07e-02	2.61e-01	3.25e-01	2.56e-01	6.82e-02	1.03e-02	2.09e-03	1.00e-03	3.52e-05	4.24e-07
 1.36166e+23	4.50e-21	3.93e-15	1.61e-10	7.99e-09	2.14e-07	1.91e-06	7.84e-06	4.28e-05	5.59e-03	7.66e-02	2.72e-01	3.26e-01	2.46e-01	6.27e-02	9.13e-03	1.80e-03	8.37e-04	2.79e-05	3.20e-07
 1.36720e+23	5.91e-21	5.04e-15	2.01e-10	9.79e-09	2.56e-07	2.24e-06	8.97e-06	4.78e-05	6.05e-03	8.07e-02	2.78e-01	3.25e-01	2.39e-01	5.93e-02	8.43e-03	1.64e-03	7.43e-04	2.40e-05	2.68e-07
 1.37229e+23	8.53e-21	7.04e-15	2.72e-10	1.28e-08	3.28e-07	2.78e-06	1.08e-05	5.57e-05	6.75e-03	8.64e-02	2.87e-01	3.25e-01	2.30e-01	5.48e-02	7.53e-03	1.43e-03	6.29e-04	1.95e-05	2.08e-07
 1.37744e+23	1.13e-20	9.08e-15	3.42e-10	1.58e-08	3.95e-07	3.28e-06	1.24e-05	6.24e-05	7.32e-03	9.10e-02	2.94e-01	3.24e-01	2.23e-01	5.16e-02	6.91e-03	1.29e-03	5.54e-04	1.66e-05	1.71e-07
 1.38267e+23	1.62e-20	1.27e-14	4.60e-10	2.06e-08	5.04e-07	4.07e-06	1.49e-05	7.25e-05	8.15e-03	9.73e-02	3.03e-01	3.22e-01	2.14e-01	4.75e-02	6.16e-03	1.12e-03	4.68e-04	1.34e-05	1.32e-07
 1.38802e+23	2.18e-20	1.66e-14	5.85e-10	2.57e-08	6.15e-07	4.86e-06	1.73e-05	8.20e-05	8.89e-03	1.03e-01	3.10e-01	3.21e-01	2.07e-01	4.44e-02	5.59e-03	9.99e-04	4.06e-04	1.12e-05	0.00e+00
 1.39352e+23	3.20e-20	2.34e-14	7.97e-10	3.40e-08	7.96e-07	6.11e-06	2.10e-05	9.64e-05	9.96e-03	1.10e-01	3.19e-01	3.18e-01	1.97e-01	4.04e-02	4.91e-03	8.57e-04	3.36e-04	8.86e-06	0.00e+00
 1.39904e+23	4.28e-20	3.05e-14	1.01e-09	4.21e-08	9.68e-07	7.27e-06	2.43e-05	1.09e-04	1.09e-02	1.16e-01	3.25e-01	3.15e-01	1.89e-01	3.76e-02	4.44e-03	7.61e-04	2.91e-04	7.40e-06	0.00e+00
 1.40461e+23	6.25e-20	4.30e-14	1.37e-09	5.56e-08	1.25e-06	9.15e-06	2.95e-05	1.28e-04	1.22e-02	1.24e-01	3.34e-01	3.12e-01	1.79e-01	3.41e-02	3.87e-03	6.49e-04	2.39e-04	5.79e-06	0.00e+00
 1.41029e+23	8.45e-20	5.64e-14	1.74e-09	6.93e-08	1.53e-06	1.10e-05	3.45e-05	1.46e-04	1.33e-02	1.31e-01	3.40e-01	3.08e-01	1.71e-01	3.14e-02	3.47e-03	5.70e-04	2.04e-04	4.75e-06	0.00e+00
 1.41611e+23	1.24e-19	7.99e-14	2.37e-09	9.20e-08	2.00e-06	1.39e-05	4.22e-05	1.73e-04	1.50e-02	1.41e-01	3.48e-01	3.03e-01	1.61e-01	2.82e-02	2.99e-03	4.79e-04	1.65e-04	3.64e-06	0.00e+00
 1.42205e+23	1.69e-19	1.05e-13	3.02e-09	1.15e-07	2.46e-06	1.69e-05	4.97e-05	1.99e-04	1.65e-02	1.49e-01	3.54e-01	2.99e-01	1.53e-01	2.57e-02	2.64e-03	4.16e-04	1.39e-04	2.94e-06	0.00e+00
 1.42814e+23	2.50e-19	1.50e-13	4.11e-09	1.53e-07	3.23e-06	2.16e-05	6.14e-05	2.38e-04	1.86e-02	1.59e-01	3.62e-01	2.92e-01	1.42e-01	2.28e-02	2.24e-03	3.44e-04	1.10e-04	2.21e-06	0.00e+00
 1.43428e+23	3.39e-19	1.96e-13	5.21e-09	1.91e-07	3.98e-06	2.62e-05	7.24e-05	2.73e-04	2.05e-02	1.68e-01	3.67e-01	2.87e-01	1.34e-01	2.06e-02	1.97e-03	2.96e-04	9.18e-05	1.76e-06	0.00e+00
 1.43948e+23	4.46e-19	2.50e-13	6.44e-09	2.34e-07	4.82e-06	3.12e-05	8.42e-05	3.11e-04	2.24e-02	1.77e-01	3.72e-01	2.81e-01	1.27e-01	1.88e-02	1.74e-03	2.57e-04	7.73e-05	1.42e-06	0.00e+00
 1.44512e+23	6.26e-19	3.38e-13	8.37e-09	3.00e-07	6.13e-06	3.89e-05	1.02e-04	3.68e-04	2.51e-02	1.88e-01	3.77e-01	2.74e-01	1.18e-01	1.67e-02	1.48e-03	2.14e-04	6.18e-05	1.08e-06	0.00e+00
 1.45079e+23	8.15e-19	4.27e-13	1.02e-08	3.64e-07	7.39e-06	4.63e-05	1.19e-04	4.19e-04	2.74e-02	1.97e-01	3.80e-01	2.67e-01	1.11e-01	1.51e-02	1.30e-03	1.84e-04	5.16e-05	8.62e-07	0.00e+00
 1.45632e+23	1.11e-18	5.62e-13	1.29e-08	4.57e-07	9.25e-06	5.71e-05	1.42e-04	4.91e-04	3.05e-02	2.09e-01	3.84e-01	2.59e-01	1.03e-01	1.33e-02	1.10e-03	1.54e-04	4.14e-05	6.56e-07	0.00e+00
 1.46197e+23	1.44e-18	7.07e-13	1.57e-08	5.55e-07	1.12e-05	6.83e-05	1.66e-04	5.64e-04	3.34e-02	2.19e-01	3.86e-01	2.52e-01	9.57e-02	1.19e-02	9.58e-04	1.31e-04	3.41e-05	5.17e-07	0.00e+00
 1.46751e+23	1.92e-18	9.05e-13	1.94e-08	6.84e-07	1.38e-05	8.32e-05	1.97e-04	6.57e-04	3.70e-02	2.30e-01	3.88e-01	2.43e-01	8.83e-02	1.05e-02	8.15e-04	1.09e-04	2.73e-05	3.94e-07	0.00e+00
 1.47316e+23	2.48e-18	1.13e-12	2.34e-08	8.27e-07	1.67e-05	9.98e-05	2.31e-04	7.58e-04	4.06e-02	2.42e-01	3.90e-01	2.35e-01	8.17e-02	9.35e-03	6.98e-04	9.18e-05	2.22e-05	3.05e-07	0.00e+00
 1.47874e+23	3.22e-18	1.42e-12	2.83e-08	1.00e-06	2.03e-05	1.20e-04	2.72e-04	8.78e-04	4.48e-02	2.54e-01	3.90e-01	2.26e-01	7.51e-02	8.23e-03	5.93e-04	7.65e-05	1.78e-05	2.33e-07	0.00e+00
 1.48436e+23	4.12e-18	1.75e-12	3.37e-08	1.21e-06	2.45e-05	1.44e-04	3.18e-04	1.01e-03	4.92e-02	2.65e-01	3.90e-01	2.17e-01	6.90e-02	7.25e-03	5.05e-04	6.39e-05	1.43e-05	1.79e-07	0.00e+00
 1.48991e+23	5.23e-18	2.15e-12	3.99e-08	1.44e-06	2.94e-05	1.72e-04	3.71e-04	1.17e-03	5.40e-02	2.77e-01	3.89e-01	2.08e-01	6.32e-02	6.37e-03	4.28e-04	5.32e-05	1.15e-05	1.37e-07	0.00e+00
 1.49545e+23	6.59e-18	2.61e-12	4.69e-08	1.71e-06	3.52e-05	2.04e-04	4.31e-04	1.35e-03	5.91e-02	2.89e-01	3.87e-01	1.99e-01	5.78e-02	5.59e-03	3.63e-04	4.42e-05	9.24e-06	0.00e+00	0.00e+00
 1.50099e+23	8.25e-18	3.16e-12	5.47e-08	2.03e-06	4.20e-05	2.42e-04	5.01e-04	1.55e-03	6.46e-02	3.01e-01	3.84e-01	1.90e-01	5.27e-02	4.89e-03	3.07e-04	3.67e-05	7.39e-06	0.00e+00	0.00e+00
 1.50656e+23	1.03e-17	3.81e-12	6.35e-08	2.39e-06	4.99e-05	2.86e-04	5.79e-04	1.77e-03	7.05e-02	3.13e-01	3.80e-01	1.81e-01	4.80e-02	4.27e-03	2.59e-04	3.04e-05	5.91e-06	0.00e+00	0.00e+00
 1.51215e+23	1.28e-17	4.56e-12	7.35e-08	2.81e-06	5.92e-05	3.38e-04	6.69e-04	2.04e-03	7.69e-02	3.24e-01	3.76e-01	1.72e-01	4.35e-02	3.72e-03	2.18e-04	2.51e-05	4.71e-06	0.00e+00	0.00e+00
 1.51779e+23	1.58e-17	5.45e-12	8.47e-08	3.30e-06	7.00e-05	3.98e-04	7.71e-04	2.33e-03	8.37e-02	3.36e-01	3.71e-01	1.63e-01	3.94e-02	3.23e-03	1.83e-04	2.07e-05	3.74e-06	0.00e+00	0.00e+00
 1.52350e+23	1.95e-17	6.50e-12	9.74e-08	3.87e-06	8.28e-05	4.67e-04	8.86e-04	2.67e-03	9.11e-02	3.47e-01	3.65e-01	1.54e-01	3.55e-02	2.79e-03	1.53e-04	1.70e-05	2.96e-06	0.00e+00	0.00e+00
 1.52923e+23	2.41e-17	7.72e-12	1.12e-07	4.53e-06	9.74e-05	5.47e-04	1.02e-03	3.04e-03	9.87e-02	3.58e-01	3.59e-01	1.45e-01	3.20e-02	2.42e-03	1.29e-04	1.39e-05	2.35e-06	0.00e+00	0.00e+00
 1.53506e+23	2.97e-17	9.20e-12	1.28e-07	5.30e-06	1.15e-04	6.42e-04	1.16e-03	3.48e-03	1.07e-01	3.69e-01	3.52e-01	1.36e-01	2.86e-02	2.08e-03	1.07e-04	1.13e-05	1.85e-06	0.00e+00	0.00e+00
