#depth	S	S+	S+2	S+3	S+4	S+5	S+6	S+7	S+8	S+9	S+10	S+11	S+12	S+13	S+14	S+15	S+16
 1.54284e+22	0.00e+00	0.00e+00	0.00e+00	0.00e+00	0.00e+00	0.00e+00	0.00e+00	3.37e-23	9.20e-20	1.04e-16	7.15e-14	2.55e-11	5.83e-09	1.40e-06	6.69e-04	4.51e-02	9.54e-01
 3.47113e+22	0.00e+00	0.00e+00	0.00e+00	0.00e+00	0.00e+00	0.00e+00	2.99e-25	1.35e-21	2.41e-18	1.80e-15	8.13e-13	1.92e-10	2.92e-08	4.66e-06	1.48e-03	6.63e-02	9.32e-01
 4.09139e+22	0.00e+00	0.00e+00	0.00e+00	0.00e+00	0.00e+00	2.56e-28	3.46e-24	1.21e-20	1.68e-17	9.77e-15	3.43e-12	6.31e-10	7.55e-08	9.49e-06	2.36e-03	8.31e-02	9.15e-01
 4.51402e+22	0.00e+00	0.00e+00	0.00e+00	0.00e+00	2.88e-31	2.21e-27	2.43e-23	6.94e-20	7.88e-17	3.75e-14	1.08e-11	1.63e-09	1.60e-07	1.66e-05	3.42e-03	9.90e-02	8.98e-01
 4.74881e+22	0.00e+00	0.00e+00	0.00e+00	0.00e+00	5.21e-31	3.81e-27	3.98e-23	1.08e-19	1.17e-16	5.27e-14	1.44e-11	2.07e-09	1.94e-07	1.92e-05	3.75e-03	1.03e-01	8.93e-01
 4.83404e+22	0.00e+00	0.00e+00	0.00e+00	0.00e+00	8.37e-31	5.90e-27	5.92e-23	1.54e-19	1.59e-16	6.92e-14	1.81e-11	2.50e-09	2.26e-07	2.15e-05	4.04e-03	1.07e-01	8.89e-01
 4.92205e+22	0.00e+00	0.00e+00	0.00e+00	0.00e+00	1.54e-30	1.03e-26	9.83e-23	2.42e-19	2.38e-16	9.82e-14	2.44e-11	3.20e-09	2.75e-07	2.48e-05	4.45e-03	1.12e-01	8.84e-01
 5.01196e+22	0.00e+00	0.00e+00	0.00e+00	0.00e+00	2.55e-30	1.65e-26	1.50e-22	3.54e-19	3.33e-16	1.31e-13	3.13e-11	3.92e-09	3.23e-07	2.80e-05	4.81e-03	1.16e-01	8.79e-01
 5.09220e+22	0.00e+00	0.00e+00	0.00e+00	0.00e+00	4.16e-30	2.58e-26	2.25e-22	5.10e-19	4.60e-16	1.74e-13	3.97e-11	4.78e-09	3.78e-07	3.15e-05	5.19e-03	1.20e-01	8.74e-01
 5.16722e+22	0.00e+00	0.00e+00	0.00e+00	0.00e+00	6.52e-30	3.91e-26	3.28e-22	7.15e-19	6.20e-16	2.26e-13	4.95e-11	5.74e-09	4.37e-07	3.51e-05	5.57e-03	1.24e-01	8.70e-01
 5.23558e+22	0.00e+00	0.00e+00	0.00e+00	0.00e+00	9.80e-30	5.70e-26	4.61e-22	9.69e-19	8.11e-16	2.85e-13	6.04e-11	6.76e-09	4.98e-07	3.86e-05	5.93e-03	1.28e-01	8.66e-01
 5.31243e+22	0.00e+00	0.00e+00	0.00e+00	0.00e+00	1.60e-29	8.96e-26	6.95e-22	1.40e-18	1.12e-15	3.77e-13	7.66e-11	8.22e-09	5.82e-07	4.34e-05	6.40e-03	1.33e-01	8.61e-01
 5.39489e+22	0.00e+00	0.00e+00	0.00e+00	0.00e+00	2.61e-29	1.41e-25	1.05e-21	2.02e-18	1.55e-15	5.01e-13	9.74e-11	1.00e-08	6.82e-07	4.88e-05	6.91e-03	1.37e-01	8.56e-01
 5.46880e+22	0.00e+00	0.00e+00	0.00e+00	0.00e+00	4.08e-29	2.12e-25	1.52e-21	2.81e-18	2.08e-15	6.47e-13	1.21e-10	1.20e-08	7.87e-07	5.42e-05	7.40e-03	1.42e-01	8.51e-01
 5.54905e+22	0.00e+00	0.00e+00	0.00e+00	7.15e-33	6.90e-29	3.45e-25	2.36e-21	4.17e-18	2.94e-15	8.74e-13	1.56e-10	1.48e-08	9.30e-07	6.14e-05	8.02e-03	1.47e-01	8.45e-01
 5.63118e+22	0.00e+00	0.00e+00	0.00e+00	1.20e-32	1.11e-28	5.36e-25	3.52e-21	5.97e-18	4.05e-15	1.15e-12	1.98e-10	1.80e-08	1.09e-06	6.88e-05	8.64e-03	1.52e-01	8.39e-01
 5.70073e+22	0.00e+00	0.00e+00	0.00e+00	1.88e-32	1.70e-28	7.89e-25	4.99e-21	8.17e-18	5.34e-15	1.47e-12	2.43e-10	2.13e-08	1.24e-06	7.59e-05	9.21e-03	1.57e-01	8.34e-01
 5.77614e+22	0.00e+00	0.00e+00	0.00e+00	3.18e-32	2.77e-28	1.24e-24	7.51e-21	1.18e-17	7.37e-15	1.94e-12	3.08e-10	2.59e-08	1.45e-06	8.52e-05	9.92e-03	1.62e-01	8.28e-01
 5.85719e+22	0.00e+00	0.00e+00	0.00e+00	5.36e-32	4.49e-28	1.94e-24	1.13e-20	1.69e-17	1.02e-14	2.57e-12	3.90e-10	3.15e-08	1.69e-06	9.55e-05	1.07e-02	1.68e-01	8.22e-01
 5.92565e+22	0.00e+00	0.00e+00	0.00e+00	8.17e-32	6.64e-28	2.78e-24	1.56e-20	2.27e-17	1.32e-14	3.22e-12	4.73e-10	3.69e-08	1.92e-06	1.05e-04	1.13e-02	1.72e-01	8.16e-01
 5.99472e+22	0.00e+00	0.00e+00	0.00e+00	1.32e-31	1.04e-27	4.19e-24	2.27e-20	3.17e-17	1.77e-14	4.15e-12	5.87e-10	4.41e-08	2.21e-06	1.16e-04	1.21e-02	1.77e-01	8.10e-01
 6.06845e+22	0.00e+00	0.00e+00	0.00e+00	2.09e-31	1.60e-27	6.23e-24	3.25e-20	4.37e-17	2.35e-14	5.32e-12	7.24e-10	5.25e-08	2.53e-06	1.29e-04	1.30e-02	1.83e-01	8.04e-01
 6.13504e+22	0.00e+00	0.00e+00	0.00e+00	3.20e-31	2.37e-27	8.97e-24	4.52e-20	5.88e-17	3.05e-14	6.67e-12	8.78e-10	6.14e-08	2.87e-06	1.41e-04	1.37e-02	1.87e-01	7.99e-01
 6.20839e+22	0.00e+00	0.00e+00	0.00e+00	2.85e-31	2.03e-27	7.44e-24	6.72e-20	8.37e-17	4.17e-14	8.76e-12	1.10e-09	7.42e-08	3.34e-06	1.58e-04	1.48e-02	1.93e-01	7.92e-01
 6.28543e+22	0.00e+00	0.00e+00	0.00e+00	8.62e-31	5.95e-27	2.10e-23	9.78e-20	1.17e-16	5.62e-14	1.13e-11	1.38e-09	8.90e-08	3.85e-06	1.75e-04	1.58e-02	1.99e-01	7.85e-01
 6.35116e+22	0.00e+00	0.00e+00	0.00e+00	7.04e-31	4.72e-27	1.61e-23	1.36e-19	1.57e-16	7.28e-14	1.42e-11	1.67e-09	1.04e-07	4.36e-06	1.92e-04	1.67e-02	2.04e-01	7.79e-01
 6.41137e+22	0.00e+00	0.00e+00	0.00e+00	1.04e-30	6.78e-27	2.26e-23	1.84e-19	2.06e-16	9.24e-14	1.75e-11	1.99e-09	1.20e-07	4.89e-06	2.09e-04	1.77e-02	2.09e-01	7.73e-01
 6.48048e+22	0.00e+00	0.00e+00	0.00e+00	1.66e-30	1.05e-26	3.38e-23	2.65e-19	2.86e-16	1.23e-13	2.25e-11	2.45e-09	1.43e-07	5.61e-06	2.31e-04	1.88e-02	2.15e-01	7.66e-01
 6.55512e+22	0.00e+00	0.00e+00	0.00e+00	2.67e-30	1.64e-26	5.08e-23	3.83e-19	3.98e-16	1.65e-13	2.90e-11	3.05e-09	1.71e-07	6.46e-06	2.56e-04	2.01e-02	2.21e-01	7.59e-01
 6.62257e+22	0.00e+00	0.00e+00	0.00e+00	4.12e-30	2.45e-26	7.36e-23	5.36e-19	5.37e-16	2.16e-13	3.65e-11	3.70e-09	2.01e-07	7.33e-06	2.81e-04	2.13e-02	2.27e-01	7.52e-01
 6.69590e+22	0.00e+00	0.00e+00	0.00e+00	6.86e-30	3.93e-26	1.14e-22	7.97e-19	7.67e-16	2.95e-13	4.79e-11	4.66e-09	2.43e-07	8.51e-06	3.13e-04	2.29e-02	2.33e-01	7.43e-01
 6.76920e+22	0.00e+00	0.00e+00	0.00e+00	1.08e-29	5.98e-26	1.68e-22	1.13e-18	1.05e-15	3.89e-13	6.09e-11	5.72e-09	2.87e-07	9.72e-06	3.45e-04	2.43e-02	2.39e-01	7.36e-01
 6.82931e+22	0.00e+00	0.00e+00	0.00e+00	1.58e-29	8.56e-26	2.34e-22	1.53e-18	1.37e-15	4.93e-13	7.48e-11	6.81e-09	3.32e-07	1.09e-05	3.75e-04	2.56e-02	2.45e-01	7.29e-01
 6.89428e+22	0.00e+00	0.00e+00	0.00e+00	2.47e-29	1.30e-25	3.43e-22	2.16e-18	1.87e-15	6.49e-13	9.49e-11	8.33e-09	3.91e-07	1.24e-05	4.12e-04	2.72e-02	2.51e-01	7.22e-01
 6.96533e+22	0.00e+00	0.00e+00	4.23e-33	3.91e-29	1.99e-25	5.08e-22	3.09e-18	2.58e-15	8.60e-13	1.21e-10	1.03e-08	4.64e-07	1.42e-05	4.55e-04	2.90e-02	2.57e-01	7.13e-01
 7.03108e+22	0.00e+00	0.00e+00	6.54e-33	5.88e-29	2.91e-25	7.22e-22	4.24e-18	3.43e-15	1.11e-12	1.51e-10	1.23e-08	5.40e-07	1.60e-05	4.96e-04	3.06e-02	2.63e-01	7.06e-01
 7.10338e+22	0.00e+00	0.00e+00	1.11e-32	9.65e-29	4.62e-25	1.11e-21	6.25e-18	4.84e-15	1.50e-12	1.97e-10	1.54e-08	6.49e-07	1.85e-05	5.51e-04	3.27e-02	2.70e-01	6.97e-01
 7.17621e+22	0.00e+00	0.00e+00	1.79e-32	1.51e-28	7.00e-25	1.62e-21	8.84e-18	6.61e-15	1.98e-12	2.50e-10	1.89e-08	7.67e-07	2.11e-05	6.07e-04	3.47e-02	2.77e-01	6.88e-01
 7.23643e+22	0.00e+00	0.00e+00	2.70e-32	2.22e-28	1.00e-24	2.26e-21	1.19e-17	8.65e-15	2.51e-12	3.07e-10	2.25e-08	8.86e-07	2.36e-05	6.58e-04	3.65e-02	2.82e-01	6.81e-01
 7.30142e+22	0.00e+00	0.00e+00	4.34e-32	3.47e-28	1.52e-24	3.32e-21	1.69e-17	1.18e-14	3.30e-12	3.90e-10	2.76e-08	1.05e-06	2.68e-05	7.23e-04	3.87e-02	2.89e-01	6.72e-01
 7.37185e+22	0.00e+00	0.00e+00	7.01e-32	5.45e-28	2.31e-24	4.88e-21	2.40e-17	1.62e-14	4.36e-12	4.96e-10	3.38e-08	1.24e-06	3.06e-05	7.96e-04	4.11e-02	2.95e-01	6.63e-01
 7.43648e+22	0.00e+00	0.00e+00	1.08e-31	8.15e-28	3.37e-24	6.90e-21	3.29e-17	2.14e-14	5.59e-12	6.15e-10	4.06e-08	1.44e-06	3.44e-05	8.66e-04	4.33e-02	3.01e-01	6.54e-01
 7.50760e+22	0.00e+00	0.00e+00	1.86e-31	1.36e-27	5.42e-24	1.07e-20	4.90e-17	3.06e-14	7.66e-12	8.09e-10	5.12e-08	1.74e-06	3.99e-05	9.65e-04	4.63e-02	3.09e-01	6.44e-01
 7.58105e+22	0.00e+00	0.00e+00	1.87e-31	1.33e-27	5.13e-24	1.56e-20	6.91e-17	4.17e-14	1.01e-11	1.03e-09	6.26e-08	2.05e-06	4.54e-05	1.06e-03	4.91e-02	3.16e-01	6.34e-01
 7.64388e+22	0.00e+00	0.00e+00	2.88e-31	2.00e-27	7.49e-24	2.21e-20	9.47e-17	5.53e-14	1.29e-11	1.27e-09	7.52e-08	2.38e-06	5.11e-05	1.15e-03	5.17e-02	3.22e-01	6.25e-01
 7.70277e+22	0.00e+00	0.00e+00	4.33e-31	2.93e-27	1.07e-23	3.07e-20	1.28e-16	7.22e-14	1.63e-11	1.56e-09	8.94e-08	2.75e-06	5.71e-05	1.25e-03	5.43e-02	3.27e-01	6.17e-01
 7.77019e+22	0.00e+00	0.00e+00	7.07e-31	4.64e-27	1.64e-23	4.54e-20	1.82e-16	9.94e-14	2.17e-11	2.00e-09	1.10e-07	3.26e-06	6.52e-05	1.37e-03	5.75e-02	3.34e-01	6.07e-01
 7.84236e+22	0.00e+00	0.00e+00	1.18e-30	7.49e-27	2.57e-23	6.83e-20	2.64e-16	1.39e-13	2.91e-11	2.58e-09	1.37e-07	3.89e-06	7.50e-05	1.52e-03	6.11e-02	3.42e-01	5.96e-01
 7.90576e+22	0.00e+00	0.00e+00	1.80e-30	1.11e-26	3.70e-23	9.55e-20	3.59e-16	1.83e-13	3.71e-11	3.18e-09	1.64e-07	4.51e-06	8.41e-05	1.65e-03	6.43e-02	3.47e-01	5.87e-01
 7.96378e+22	0.00e+00	0.00e+00	2.71e-30	1.63e-26	5.29e-23	1.32e-19	4.83e-16	2.38e-13	4.70e-11	3.91e-09	1.95e-07	5.20e-06	9.39e-05	1.78e-03	6.74e-02	3.53e-01	5.78e-01
 8.02974e+22	0.00e+00	0.00e+00	4.39e-30	2.57e-26	8.08e-23	1.95e-19	6.87e-16	3.27e-13	6.21e-11	4.98e-09	2.39e-07	6.15e-06	1.07e-04	1.96e-03	7.13e-02	3.60e-01	5.67e-01
 8.09928e+22	0.00e+00	0.00e+00	7.18e-30	4.08e-26	1.24e-22	2.88e-19	9.80e-16	4.49e-13	8.24e-11	6.37e-09	2.95e-07	7.31e-06	1.22e-04	2.15e-03	7.55e-02	3.66e-01	5.56e-01
 8.15929e+22	0.00e+00	0.00e+00	1.07e-29	5.93e-26	1.75e-22	3.96e-19	1.31e-15	5.84e-13	1.04e-10	7.78e-09	3.49e-07	8.39e-06	1.36e-04	2.32e-03	7.90e-02	3.72e-01	5.47e-01
 8.22309e+22	0.00e+00	0.00e+00	1.75e-29	9.40e-26	2.69e-22	5.84e-19	1.87e-15	8.03e-13	1.38e-10	9.95e-09	4.31e-07	9.97e-06	1.56e-04	2.55e-03	8.36e-02	3.78e-01	5.35e-01
 8.29112e+22	0.00e+00	0.00e+00	2.79e-29	1.45e-25	4.02e-22	8.43e-19	2.61e-15	1.08e-12	1.80e-10	1.25e-08	5.24e-07	1.17e-05	1.76e-04	2.79e-03	8.81e-02	3.84e-01	5.24e-01
 8.35139e+22	0.00e+00	0.00e+00	4.28e-29	2.17e-25	5.82e-22	1.18e-18	3.56e-15	1.43e-12	2.30e-10	1.55e-08	6.29e-07	1.36e-05	1.98e-04	3.03e-03	9.24e-02	3.90e-01	5.14e-01
 8.40718e+22	0.00e+00	0.00e+00	6.40e-29	3.16e-25	8.25e-22	1.62e-18	4.76e-15	1.86e-12	2.90e-10	1.90e-08	7.46e-07	1.56e-05	2.20e-04	3.27e-03	9.66e-02	3.95e-01	5.05e-01
 8.47036e+22	0.00e+00	2.07e-33	1.04e-28	4.99e-25	1.26e-21	2.38e-18	6.76e-15	2.55e-12	3.83e-10	2.42e-08	9.18e-07	1.86e-05	2.51e-04	3.58e-03	1.02e-01	4.01e-01	4.93e-01
 8.53627e+22	0.00e+00	0.00e+00	1.65e-28	7.67e-25	1.87e-21	3.42e-18	9.40e-15	3.43e-12	4.99e-10	3.05e-08	1.12e-06	2.18e-05	2.84e-04	3.91e-03	1.07e-01	4.07e-01	4.82e-01
 8.59434e+22	0.00e+00	5.38e-33	2.54e-28	1.14e-24	2.70e-21	4.76e-18	1.28e-14	4.52e-12	6.37e-10	3.77e-08	1.34e-06	2.53e-05	3.19e-04	4.23e-03	1.12e-01	4.12e-01	4.71e-01
 8.65841e+22	0.00e+00	9.16e-33	4.17e-28	1.82e-24	4.15e-21	7.04e-18	1.82e-14	6.22e-12	8.46e-10	4.82e-08	1.65e-06	3.00e-05	3.64e-04	4.64e-03	1.18e-01	4.17e-01	4.59e-01
 8.72615e+22	0.00e+00	1.56e-32	6.85e-28	2.88e-24	6.36e-21	1.03e-17	2.60e-14	8.56e-12	1.12e-09	6.17e-08	2.04e-06	3.57e-05	4.15e-04	5.09e-03	1.25e-01	4.23e-01	4.47e-01
 8.78295e+22	0.00e+00	2.42e-32	1.03e-27	4.20e-24	9.00e-21	1.41e-17	3.46e-14	1.11e-11	1.42e-09	7.55e-08	2.42e-06	4.11e-05	4.62e-04	5.49e-03	1.30e-01	4.27e-01	4.37e-01
 8.84111e+22	0.00e+00	4.01e-32	1.64e-27	6.52e-24	1.35e-20	2.04e-17	4.84e-14	1.50e-11	1.85e-09	9.53e-08	2.96e-06	4.84e-05	5.24e-04	5.98e-03	1.37e-01	4.31e-01	4.25e-01
 8.90252e+22	0.00e+00	6.42e-32	2.54e-27	9.78e-24	1.96e-20	2.85e-17	6.60e-14	1.98e-11	2.37e-09	1.18e-07	3.56e-06	5.63e-05	5.88e-04	6.48e-03	1.43e-01	4.35e-01	4.14e-01
 8.95820e+22	0.00e+00	1.00e-31	3.85e-27	1.44e-23	2.79e-20	3.92e-17	8.85e-14	2.59e-11	3.00e-09	1.45e-07	4.24e-06	6.51e-05	6.56e-04	6.99e-03	1.49e-01	4.39e-01	4.04e-01
 9.02060e+22	0.00e+00	1.76e-31	6.48e-27	2.33e-23	4.35e-20	5.85e-17	1.28e-13	3.61e-11	4.04e-09	1.88e-07	5.28e-06	7.79e-05	7.52e-04	7.68e-03	1.57e-01	4.43e-01	3.91e-01
 9.08409e+22	0.00e+00	2.85e-31	1.02e-26	3.54e-23	6.37e-20	8.25e-17	1.76e-13	4.80e-11	5.21e-09	2.35e-07	6.39e-06	9.11e-05	8.47e-04	8.33e-03	1.64e-01	4.46e-01	3.80e-01
 9.13736e+22	0.00e+00	4.35e-31	1.50e-26	5.09e-23	8.88e-20	1.11e-16	2.31e-13	6.17e-11	6.50e-09	2.85e-07	7.54e-06	1.04e-04	9.38e-04	8.93e-03	1.71e-01	4.49e-01	3.70e-01
 9.19501e+22	0.00e+00	7.38e-31	2.45e-26	8.01e-23	1.35e-19	1.62e-16	3.27e-13	8.42e-11	8.58e-09	3.63e-07	9.27e-06	1.24e-04	1.07e-03	9.74e-03	1.79e-01	4.52e-01	3.58e-01
 9.25398e+22	0.00e+00	1.17e-30	3.76e-26	1.19e-22	1.93e-19	2.23e-16	4.40e-13	1.10e-10	1.09e-08	4.48e-07	1.11e-05	1.43e-04	1.19e-03	1.05e-02	1.86e-01	4.54e-01	3.47e-01
 9.30547e+22	0.00e+00	1.78e-30	5.55e-26	1.71e-22	2.69e-19	3.00e-16	5.80e-13	1.41e-10	1.36e-08	5.43e-07	1.31e-05	1.64e-04	1.32e-03	1.13e-02	1.93e-01	4.56e-01	3.38e-01
 9.36323e+22	0.00e+00	3.04e-30	9.08e-26	2.69e-22	4.08e-19	4.36e-16	8.18e-13	1.93e-10	1.80e-08	6.92e-07	1.61e-05	1.94e-04	1.50e-03	1.23e-02	2.02e-01	4.58e-01	3.26e-01
 9.42293e+22	0.00e+00	4.88e-30	1.41e-25	4.03e-22	5.89e-19	6.05e-16	1.11e-12	2.55e-10	2.30e-08	8.58e-07	1.94e-05	2.26e-04	1.68e-03	1.32e-02	2.10e-01	4.60e-01	3.15e-01
 9.47403e+22	0.00e+00	7.39e-30	2.07e-25	5.75e-22	8.15e-19	8.09e-16	1.45e-12	3.25e-10	2.86e-08	1.04e-06	2.28e-05	2.58e-04	1.85e-03	1.41e-02	2.18e-01	4.60e-01	3.05e-01
 9.52933e+22	0.00e+00	1.25e-29	3.35e-25	8.98e-22	1.22e-18	1.16e-15	2.03e-12	4.41e-10	3.76e-08	1.31e-06	2.79e-05	3.04e-04	2.10e-03	1.53e-02	2.27e-01	4.61e-01	2.94e-01
 9.58636e+22	0.00e+00	1.93e-29	5.02e-25	1.31e-21	1.72e-18	1.57e-15	2.70e-12	5.70e-10	4.72e-08	1.60e-06	3.31e-05	3.50e-04	2.33e-03	1.64e-02	2.35e-01	4.61e-01	2.84e-01
 9.63735e+22	0.00e+00	3.01e-29	7.56e-25	1.90e-21	2.42e-18	2.13e-15	3.58e-12	7.37e-10	5.94e-08	1.96e-06	3.93e-05	4.02e-04	2.58e-03	1.76e-02	2.44e-01	4.61e-01	2.75e-01
 9.68704e+22	0.00e+00	4.55e-29	1.11e-24	2.71e-21	3.34e-18	2.84e-15	4.67e-12	9.39e-10	7.37e-08	2.36e-06	4.62e-05	4.59e-04	2.85e-03	1.88e-02	2.51e-01	4.61e-01	2.66e-01
 9.74337e+22	0.00e+00	7.70e-29	1.80e-24	4.24e-21	5.02e-18	4.08e-15	6.54e-12	1.27e-09	9.69e-08	3.00e-06	5.66e-05	5.41e-04	3.22e-03	2.03e-02	2.62e-01	4.60e-01	2.54e-01
 9.80129e+22	0.00e+00	1.23e-28	2.77e-24	6.30e-21	7.19e-18	5.60e-15	8.80e-12	1.67e-09	1.23e-07	3.70e-06	6.78e-05	6.27e-04	3.59e-03	2.18e-02	2.71e-01	4.59e-01	2.44e-01
 9.85202e+22	0.00e+00	1.89e-28	4.14e-24	9.10e-21	1.00e-17	7.53e-15	1.16e-11	2.15e-09	1.54e-07	4.50e-06	8.01e-05	7.18e-04	3.97e-03	2.33e-02	2.79e-01	4.57e-01	2.36e-01
 9.90114e+22	0.00e+00	2.92e-28	6.17e-24	1.31e-20	1.40e-17	1.01e-14	1.53e-11	2.76e-09	1.93e-07	5.47e-06	9.47e-05	8.23e-04	4.38e-03	2.48e-02	2.88e-01	4.55e-01	2.27e-01
 9.95743e+22	0.00e+00	4.99e-28	1.01e-23	2.07e-20	2.11e-17	1.45e-14	2.15e-11	3.76e-09	2.55e-07	6.97e-06	1.16e-04	9.72e-04	4.95e-03	2.68e-02	2.99e-01	4.53e-01	2.16e-01
 1.00151e+23	0.00e+00	7.85e-28	1.53e-23	3.03e-20	2.98e-17	1.97e-14	2.86e-11	4.88e-09	3.22e-07	8.54e-06	1.38e-04	1.12e-03	5.49e-03	2.87e-02	3.08e-01	4.50e-01	2.07e-01
 1.00745e+23	0.00e+00	1.40e-27	2.61e-23	4.93e-20	4.63e-17	2.90e-14	4.11e-11	6.80e-09	4.33e-07	1.11e-05	1.73e-04	1.34e-03	6.26e-03	3.11e-02	3.20e-01	4.46e-01	1.96e-01
 1.01344e+23	0.00e+00	2.24e-27	4.02e-23	7.33e-20	6.63e-17	3.98e-14	5.53e-11	8.92e-09	5.53e-07	1.37e-05	2.07e-04	1.55e-03	6.96e-03	3.33e-02	3.29e-01	4.42e-01	1.87e-01
 1.01836e+23	0.00e+00	3.35e-27	5.83e-23	1.03e-19	8.99e-17	5.20e-14	7.12e-11	1.12e-08	6.80e-07	1.64e-05	2.41e-04	1.76e-03	7.62e-03	3.52e-02	3.37e-01	4.38e-01	1.80e-01
 1.02361e+23	0.00e+00	5.60e-27	9.35e-23	1.58e-19	1.33e-16	7.31e-14	9.82e-11	1.51e-08	8.85e-07	2.06e-05	2.94e-04	2.06e-03	8.55e-03	3.78e-02	3.48e-01	4.33e-01	1.70e-01
 1.02898e+23	0.00e+00	8.66e-27	1.40e-22	2.28e-19	1.84e-16	9.73e-14	1.29e-10	1.94e-08	1.11e-06	2.50e-05	3.47e-04	2.35e-03	9.41e-03	4.01e-02	3.57e-01	4.29e-01	1.63e-01
 1.03334e+23	0.00e+00	1.24e-26	1.94e-22	3.08e-19	2.41e-16	1.23e-13	1.61e-10	2.37e-08	1.33e-06	2.93e-05	3.97e-04	2.62e-03	1.02e-02	4.21e-02	3.64e-01	4.25e-01	1.56e-01
 1.03786e+23	0.00e+00	1.93e-26	2.91e-22	4.47e-19	3.36e-16	1.64e-13	2.12e-10	3.06e-08	1.67e-06	3.57e-05	4.70e-04	3.00e-03	1.12e-02	4.47e-02	3.72e-01	4.19e-01	1.49e-01
 1.04218e+23	0.00e+00	2.69e-26	3.95e-22	5.88e-19	4.30e-16	2.04e-13	2.60e-10	3.69e-08	1.98e-06	4.14e-05	5.33e-04	3.32e-03	1.21e-02	4.66e-02	3.79e-01	4.15e-01	1.44e-01
 1.04566e+23	0.00e+00	3.73e-26	5.32e-22	7.70e-19	5.46e-16	2.51e-13	3.17e-10	4.43e-08	2.33e-06	4.78e-05	6.03e-04	3.67e-03	1.30e-02	4.87e-02	3.85e-01	4.11e-01	1.38e-01
 1.04907e+23	0.00e+00	5.06e-26	7.04e-22	9.94e-19	6.86e-16	3.06e-13	3.83e-10	5.27e-08	2.73e-06	5.47e-05	6.77e-04	4.02e-03	1.38e-02	5.06e-02	3.91e-01	4.06e-01	1.33e-01
 1.05240e+23	0.00e+00	6.75e-26	9.16e-22	1.26e-18	8.49e-16	3.68e-13	4.57e-10	6.21e-08	3.16e-06	6.21e-05	7.55e-04	4.39e-03	1.47e-02	5.25e-02	3.96e-01	4.02e-01	1.29e-01
 1.05617e+23	0.00e+00	9.88e-26	1.30e-21	1.73e-18	1.12e-15	4.69e-13	5.77e-10	7.69e-08	3.84e-06	7.35e-05	8.71e-04	4.92e-03	1.60e-02	5.51e-02	4.03e-01	3.96e-01	1.23e-01
 1.05993e+23	0.00e+00	1.34e-25	1.72e-21	2.23e-18	1.41e-15	5.68e-13	6.96e-10	9.14e-08	4.48e-06	8.41e-05	9.77e-04	5.40e-03	1.71e-02	5.72e-02	4.09e-01	3.92e-01	1.19e-01
 1.06316e+23	0.00e+00	1.81e-25	2.26e-21	2.85e-18	1.75e-15	6.85e-13	8.34e-10	1.08e-07	5.21e-06	9.60e-05	1.09e-03	5.90e-03	1.82e-02	5.93e-02	4.14e-01	3.87e-01	1.14e-01
 1.06624e+23	0.00e+00	2.40e-25	2.92e-21	3.59e-18	2.15e-15	8.17e-13	9.88e-10	1.27e-07	6.01e-06	1.09e-04	1.22e-03	6.42e-03	1.93e-02	6.14e-02	4.19e-01	3.82e-01	1.10e-01
 1.06920e+23	0.00e+00	3.16e-25	3.75e-21	4.50e-18	2.62e-15	9.69e-13	1.17e-09	1.48e-07	6.91e-06	1.23e-04	1.35e-03	6.97e-03	2.04e-02	6.34e-02	4.24e-01	3.77e-01	1.07e-01
 1.07258e+23	0.00e+00	4.54e-25	5.22e-21	6.05e-18	3.40e-15	1.21e-12	1.45e-09	1.81e-07	8.30e-06	1.44e-04	1.54e-03	7.77e-03	2.20e-02	6.62e-02	4.29e-01	3.71e-01	1.02e-01
 1.07596e+23	0.00e+00	5.99e-25	6.72e-21	7.60e-18	4.15e-15	1.44e-12	1.71e-09	2.11e-07	9.55e-06	1.62e-04	1.71e-03	8.43e-03	2.33e-02	6.84e-02	4.34e-01	3.66e-01	9.80e-02
 1.07932e+23	0.00e+00	8.51e-25	9.24e-21	1.01e-17	5.34e-15	1.78e-12	2.11e-09	2.56e-07	1.14e-05	1.89e-04	1.95e-03	9.35e-03	2.51e-02	7.12e-02	4.39e-01	3.60e-01	9.35e-02
 1.08257e+23	0.00e+00	1.12e-24	1.18e-20	1.26e-17	6.47e-15	2.09e-12	2.48e-09	2.98e-07	1.31e-05	2.13e-04	2.15e-03	1.01e-02	2.65e-02	7.34e-02	4.43e-01	3.55e-01	9.01e-02
 1.08520e+23	0.00e+00	1.44e-24	1.49e-20	1.55e-17	7.74e-15	2.43e-12	2.88e-09	3.43e-07	1.48e-05	2.37e-04	2.37e-03	1.09e-02	2.79e-02	7.55e-02	4.46e-01	3.50e-01	8.69e-02
 1.08815e+23	0.00e+00	1.98e-24	1.99e-20	2.01e-17	9.70e-15	2.95e-12	3.47e-09	4.09e-07	1.74e-05	2.73e-04	2.66e-03	1.20e-02	2.98e-02	7.82e-02	4.51e-01	3.43e-01	8.31e-02
 1.09117e+23	0.00e+00	2.58e-24	2.53e-20	2.48e-17	1.17e-14	3.45e-12	4.06e-09	4.73e-07	1.99e-05	3.06e-04	2.93e-03	1.29e-02	3.14e-02	8.05e-02	4.54e-01	3.38e-01	8.00e-02
 1.09426e+23	0.00e+00	3.71e-24	3.50e-20	3.31e-17	1.50e-14	4.24e-12	5.00e-09	5.76e-07	2.38e-05	3.57e-04	3.35e-03	1.44e-02	3.38e-02	8.36e-02	4.58e-01	3.31e-01	7.59e-02
 1.09728e+23	0.00e+00	4.78e-24	4.41e-20	4.06e-17	1.79e-14	4.92e-12	5.79e-09	6.62e-07	2.70e-05	3.99e-04	3.67e-03	1.54e-02	3.55e-02	8.58e-02	4.61e-01	3.25e-01	7.31e-02
 1.10020e+23	0.00e+00	6.73e-24	6.00e-20	5.33e-17	2.26e-14	5.97e-12	7.05e-09	7.98e-07	3.20e-05	4.62e-04	4.16e-03	1.70e-02	3.80e-02	8.89e-02	4.64e-01	3.18e-01	6.94e-02
 1.10315e+23	0.00e+00	8.78e-24	7.63e-20	6.58e-17	2.71e-14	6.94e-12	8.22e-09	9.22e-07	3.66e-05	5.17e-04	4.58e-03	1.84e-02	4.00e-02	9.12e-02	4.66e-01	3.12e-01	6.66e-02
 1.10614e+23	0.00e+00	1.26e-23	1.05e-19	8.73e-17	3.45e-14	8.46e-12	1.01e-08	1.12e-06	4.36e-05	6.03e-04	5.22e-03	2.04e-02	4.28e-02	9.45e-02	4.69e-01	3.04e-01	6.29e-02
 1.10915e+23	0.00e+00	1.66e-23	1.35e-19	1.09e-16	4.16e-14	9.88e-12	1.18e-08	1.30e-06	5.01e-05	6.79e-04	5.77e-03	2.20e-02	4.52e-02	9.70e-02	4.71e-01	2.98e-01	6.02e-02
 1.11171e+23	0.00e+00	2.16e-23	1.71e-19	1.34e-16	4.96e-14	1.14e-11	1.37e-08	1.50e-06	5.70e-05	7.59e-04	6.33e-03	2.37e-02	4.75e-02	9.94e-02	4.72e-01	2.92e-01	5.77e-02
 1.11458e+23	0.00e+00	3.12e-23	2.38e-19	1.78e-16	6.29e-14	1.38e-11	1.68e-08	1.82e-06	6.83e-05	8.86e-04	7.22e-03	2.63e-02	5.08e-02	1.03e-01	4.74e-01	2.84e-01	5.42e-02
 1.11741e+23	0.00e+00	4.02e-23	2.98e-19	2.17e-16	7.45e-14	1.59e-11	1.93e-08	2.09e-06	7.73e-05	9.85e-04	7.90e-03	2.82e-02	5.33e-02	1.05e-01	4.75e-01	2.78e-01	5.20e-02
 1.12017e+23	0.00e+00	5.74e-23	4.10e-19	2.85e-16	9.37e-14	1.91e-11	2.35e-08	2.52e-06	9.20e-05	1.14e-03	8.96e-03	3.11e-02	5.69e-02	1.08e-01	4.75e-01	2.70e-01	4.88e-02
 1.12288e+23	0.00e+00	7.36e-23	5.12e-19	3.45e-16	1.10e-13	2.18e-11	2.70e-08	2.88e-06	1.04e-04	1.27e-03	9.77e-03	3.32e-02	5.94e-02	1.10e-01	4.75e-01	2.64e-01	4.67e-02
 1.12551e+23	0.00e+00	1.04e-22	6.97e-19	4.50e-16	1.37e-13	2.59e-11	3.26e-08	3.46e-06	1.23e-04	1.47e-03	1.10e-02	3.65e-02	6.32e-02	1.14e-01	4.75e-01	2.55e-01	4.39e-02
 1.12816e+23	0.00e+00	1.34e-22	8.74e-19	5.47e-16	1.61e-13	2.95e-11	3.74e-08	3.95e-06	1.39e-04	1.63e-03	1.20e-02	3.91e-02	6.61e-02	1.16e-01	4.74e-01	2.49e-01	4.19e-02
 1.13081e+23	0.00e+00	1.92e-22	1.20e-18	7.17e-16	2.02e-13	3.51e-11	4.53e-08	4.76e-06	1.65e-04	1.89e-03	1.36e-02	4.30e-02	7.03e-02	1.19e-01	4.73e-01	2.40e-01	3.91e-02
 1.13347e+23	0.00e+00	2.50e-22	1.51e-18	8.75e-16	2.38e-13	4.01e-11	5.22e-08	5.46e-06	1.87e-04	2.10e-03	1.49e-02	4.60e-02	7.35e-02	1.21e-01	4.71e-01	2.34e-01	3.72e-02
 1.13613e+23	0.00e+00	3.61e-22	2.10e-18	1.15e-15	2.97e-13	4.77e-11	6.33e-08	6.61e-06	2.23e-04	2.43e-03	1.69e-02	5.07e-02	7.81e-02	1.24e-01	4.68e-01	2.25e-01	3.46e-02
 1.13882e+23	0.00e+00	4.71e-22	2.65e-18	1.41e-15	3.51e-13	5.43e-11	7.31e-08	7.59e-06	2.54e-04	2.71e-03	1.84e-02	5.42e-02	8.16e-02	1.26e-01	4.66e-01	2.18e-01	3.27e-02
 1.14153e+23	0.00e+00	6.78e-22	3.66e-18	1.85e-15	4.37e-13	6.44e-11	8.84e-08	9.14e-06	3.01e-04	3.13e-03	2.08e-02	5.94e-02	8.64e-02	1.29e-01	4.62e-01	2.09e-01	3.04e-02
 1.14421e+23	0.00e+00	8.92e-22	4.66e-18	2.27e-15	5.16e-13	7.32e-11	1.02e-07	1.05e-05	3.43e-04	3.49e-03	2.27e-02	6.36e-02	9.02e-02	1.31e-01	4.58e-01	2.02e-01	2.86e-02
 1.14688e+23	0.00e+00	1.28e-21	6.40e-18	2.96e-15	6.40e-13	8.63e-11	1.23e-07	1.26e-05	4.05e-04	4.02e-03	2.55e-02	6.95e-02	9.53e-02	1.33e-01	4.53e-01	1.93e-01	2.64e-02
 1.14959e+23	0.00e+00	1.71e-21	8.24e-18	3.66e-15	7.59e-13	9.84e-11	1.42e-07	1.46e-05	4.63e-04	4.49e-03	2.80e-02	7.44e-02	9.94e-02	1.35e-01	4.48e-01	1.86e-01	2.48e-02
 1.15236e+23	0.00e+00	2.49e-21	1.15e-17	4.83e-15	9.47e-13	1.16e-10	1.72e-07	1.76e-05	5.51e-04	5.19e-03	3.15e-02	8.14e-02	1.05e-01	1.37e-01	4.41e-01	1.76e-01	2.27e-02
 1.15516e+23	0.00e+00	3.34e-21	1.48e-17	5.99e-15	1.12e-12	1.33e-10	2.00e-07	2.04e-05	6.29e-04	5.80e-03	3.44e-02	8.70e-02	1.09e-01	1.38e-01	4.34e-01	1.69e-01	2.12e-02
 1.15797e+23	0.00e+00	4.90e-21	2.07e-17	7.91e-15	1.40e-12	1.57e-10	2.41e-07	2.46e-05	7.47e-04	6.68e-03	3.86e-02	9.48e-02	1.15e-01	1.40e-01	4.26e-01	1.60e-01	1.93e-02
 1.16080e+23	0.00e+00	6.57e-21	2.68e-17	9.80e-15	1.66e-12	1.78e-10	2.79e-07	2.84e-05	8.51e-04	7.44e-03	4.21e-02	1.01e-01	1.19e-01	1.41e-01	4.18e-01	1.52e-01	1.79e-02
 1.16326e+23	4.51e-34	8.77e-21	3.45e-17	1.21e-14	1.96e-12	2.01e-10	3.21e-07	3.26e-05	9.65e-04	8.25e-03	4.58e-02	1.07e-01	1.23e-01	1.42e-01	4.11e-01	1.45e-01	1.66e-02
 1.16605e+23	7.08e-34	1.28e-20	4.79e-17	1.58e-14	2.42e-12	2.36e-10	3.84e-07	3.90e-05	1.14e-03	9.43e-03	5.09e-02	1.16e-01	1.29e-01	1.42e-01	4.00e-01	1.36e-01	1.50e-02
 1.16882e+23	9.75e-34	1.67e-20	6.06e-17	1.93e-14	2.83e-12	2.65e-10	4.37e-07	4.42e-05	1.27e-03	1.04e-02	5.48e-02	1.23e-01	1.33e-01	1.43e-01	3.92e-01	1.30e-01	1.39e-02
 1.17154e+23	1.50e-33	2.40e-20	8.29e-17	2.49e-14	3.46e-12	3.08e-10	5.17e-07	5.23e-05	1.48e-03	1.17e-02	6.04e-02	1.31e-01	1.38e-01	1.43e-01	3.80e-01	1.22e-01	1.26e-02
 1.17433e+23	2.07e-33	3.15e-20	1.05e-16	3.04e-14	4.05e-12	3.47e-10	5.87e-07	5.93e-05	1.66e-03	1.28e-02	6.49e-02	1.38e-01	1.41e-01	1.43e-01	3.71e-01	1.16e-01	1.16e-02
 1.17718e+23	3.19e-33	4.53e-20	1.44e-16	3.95e-14	4.97e-12	4.05e-10	6.93e-07	6.98e-05	1.92e-03	1.44e-02	7.12e-02	1.48e-01	1.46e-01	1.42e-01	3.58e-01	1.08e-01	1.05e-02
 1.18011e+23	4.46e-33	6.01e-20	1.85e-16	4.85e-14	5.85e-12	4.57e-10	7.88e-07	7.92e-05	2.16e-03	1.58e-02	7.63e-02	1.55e-01	1.49e-01	1.41e-01	3.48e-01	1.02e-01	9.60e-03
 1.18312e+23	6.91e-33	8.70e-20	2.55e-16	6.33e-14	7.20e-12	5.35e-10	9.28e-07	9.31e-05	2.49e-03	1.78e-02	8.34e-02	1.65e-01	1.54e-01	1.40e-01	3.35e-01	9.41e-02	8.56e-03
 1.18620e+23	9.69e-33	1.16e-19	3.28e-16	7.80e-14	8.50e-12	6.06e-10	1.05e-06	1.05e-04	2.78e-03	1.94e-02	8.91e-02	1.73e-01	1.57e-01	1.39e-01	3.24e-01	8.84e-02	7.81e-03
 1.18937e+23	1.50e-32	1.68e-19	4.53e-16	1.02e-13	1.05e-11	7.11e-10	1.24e-06	1.23e-04	3.20e-03	2.17e-02	9.69e-02	1.83e-01	1.60e-01	1.37e-01	3.10e-01	8.13e-02	6.92e-03
 1.19260e+23	2.11e-32	2.24e-19	5.84e-16	1.26e-13	1.24e-11	8.08e-10	1.40e-06	1.39e-04	3.57e-03	2.36e-02	1.03e-01	1.90e-01	1.63e-01	1.36e-01	2.98e-01	7.60e-02	6.28e-03
 1.19591e+23	3.25e-32	3.25e-19	8.07e-16	1.65e-13	1.54e-11	9.50e-10	1.64e-06	1.63e-04	4.09e-03	2.62e-02	1.12e-01	2.00e-01	1.66e-01	1.33e-01	2.84e-01	6.96e-02	5.53e-03
 1.19924e+23	4.52e-32	4.31e-19	1.03e-15	2.03e-13	1.81e-11	1.08e-09	1.84e-06	1.82e-04	4.53e-03	2.83e-02	1.18e-01	2.08e-01	1.68e-01	1.31e-01	2.73e-01	6.49e-02	5.01e-03
 1.20259e+23	6.93e-32	6.21e-19	1.42e-15	2.64e-13	2.23e-11	1.26e-09	2.14e-06	2.11e-04	5.15e-03	3.13e-02	1.27e-01	2.17e-01	1.70e-01	1.28e-01	2.58e-01	5.91e-02	4.39e-03
 1.20600e+23	9.54e-32	8.16e-19	1.81e-15	3.24e-13	2.62e-11	1.43e-09	2.40e-06	2.35e-04	5.66e-03	3.37e-02	1.33e-01	2.24e-01	1.71e-01	1.26e-01	2.47e-01	5.50e-02	3.97e-03
 1.20900e+23	1.31e-31	1.07e-18	2.29e-15	3.95e-13	3.07e-11	1.62e-09	2.68e-06	2.62e-04	6.21e-03	3.61e-02	1.40e-01	2.31e-01	1.72e-01	1.23e-01	2.37e-01	5.12e-02	3.59e-03
 1.21195e+23	1.77e-31	1.39e-18	2.89e-15	4.79e-13	3.59e-11	1.82e-09	2.98e-06	2.90e-04	6.79e-03	3.86e-02	1.47e-01	2.37e-01	1.73e-01	1.20e-01	2.27e-01	4.76e-02	3.25e-03
 1.21534e+23	2.64e-31	1.96e-18	3.90e-15	6.15e-13	4.38e-11	2.13e-09	3.40e-06	3.30e-04	7.60e-03	4.21e-02	1.56e-01	2.45e-01	1.73e-01	1.17e-01	2.14e-01	4.32e-02	2.84e-03
 1.21873e+23	3.52e-31	2.51e-18	4.85e-15	7.40e-13	5.09e-11	2.39e-09	3.76e-06	3.63e-04	8.25e-03	4.47e-02	1.62e-01	2.50e-01	1.73e-01	1.14e-01	2.04e-01	4.02e-02	2.58e-03
 1.22212e+23	5.15e-31	3.48e-18	6.47e-15	9.42e-13	6.17e-11	2.78e-09	4.27e-06	4.10e-04	9.16e-03	4.84e-02	1.71e-01	2.57e-01	1.73e-01	1.10e-01	1.92e-01	3.65e-02	2.26e-03
 1.22547e+23	6.74e-31	4.39e-18	7.95e-15	1.12e-12	7.10e-11	3.10e-09	4.69e-06	4.47e-04	9.87e-03	5.11e-02	1.77e-01	2.62e-01	1.72e-01	1.08e-01	1.84e-01	3.40e-02	2.05e-03
 1.22876e+23	9.66e-31	6.00e-18	1.04e-14	1.41e-12	8.53e-11	3.57e-09	5.28e-06	5.00e-04	1.09e-02	5.48e-02	1.85e-01	2.68e-01	1.72e-01	1.04e-01	1.73e-01	3.09e-02	1.80e-03
 1.23210e+23	1.26e-30	7.55e-18	1.28e-14	1.67e-12	9.82e-11	3.99e-09	5.78e-06	5.45e-04	1.17e-02	5.78e-02	1.91e-01	2.72e-01	1.71e-01	1.01e-01	1.65e-01	2.87e-02	1.63e-03
 1.23551e+23	1.80e-30	1.03e-17	1.68e-14	2.11e-12	1.18e-10	4.61e-09	6.50e-06	6.09e-04	1.28e-02	6.19e-02	1.99e-01	2.77e-01	1.69e-01	9.75e-02	1.54e-01	2.60e-02	1.43e-03
 1.23899e+23	2.36e-30	1.30e-17	2.07e-14	2.51e-12	1.36e-10	5.16e-09	7.13e-06	6.63e-04	1.38e-02	6.51e-02	2.06e-01	2.80e-01	1.68e-01	9.46e-02	1.47e-01	2.40e-02	1.29e-03
 1.24254e+23	3.38e-30	1.78e-17	2.72e-14	3.17e-12	1.64e-10	5.97e-09	8.01e-06	7.39e-04	1.51e-02	6.95e-02	2.14e-01	2.85e-01	1.66e-01	9.07e-02	1.37e-01	2.17e-02	1.12e-03
 1.24616e+23	4.43e-30	2.25e-17	3.36e-14	3.78e-12	1.90e-10	6.70e-09	8.79e-06	8.04e-04	1.62e-02	7.31e-02	2.20e-01	2.88e-01	1.64e-01	8.78e-02	1.30e-01	2.00e-02	1.00e-03
 1.24987e+23	6.36e-30	3.08e-17	4.43e-14	4.78e-12	2.29e-10	7.78e-09	9.88e-06	8.97e-04	1.78e-02	7.79e-02	2.28e-01	2.91e-01	1.61e-01	8.38e-02	1.21e-01	1.79e-02	8.68e-04
 1.25364e+23	3.61e-30	3.91e-17	5.47e-14	5.72e-12	2.66e-10	8.75e-09	1.08e-05	9.75e-04	1.90e-02	8.17e-02	2.34e-01	2.93e-01	1.59e-01	8.08e-02	1.14e-01	1.64e-02	7.76e-04
 1.25751e+23	5.18e-30	5.36e-17	7.22e-14	7.24e-12	3.22e-10	1.02e-08	1.22e-05	1.09e-03	2.08e-02	8.69e-02	2.42e-01	2.96e-01	1.56e-01	7.69e-02	1.05e-01	1.47e-02	6.68e-04
 1.26128e+23	6.60e-30	6.62e-17	8.73e-14	8.52e-12	3.69e-10	1.13e-08	1.33e-05	1.17e-03	2.21e-02	9.06e-02	2.47e-01	2.97e-01	1.53e-01	7.43e-02	1.00e-01	1.36e-02	6.03e-04
 1.26495e+23	9.27e-30	8.92e-17	1.13e-13	1.06e-11	4.41e-10	1.31e-08	1.48e-05	1.29e-03	2.40e-02	9.57e-02	2.54e-01	2.99e-01	1.50e-01	7.07e-02	9.26e-02	1.21e-02	5.21e-04
 1.26867e+23	1.18e-29	1.10e-16	1.37e-13	1.25e-11	5.06e-10	1.46e-08	1.62e-05	1.40e-03	2.55e-02	9.97e-02	2.60e-01	2.99e-01	1.47e-01	6.81e-02	8.76e-02	1.12e-02	4.69e-04
 1.27246e+23	1.64e-29	1.47e-16	1.77e-13	1.56e-11	6.05e-10	1.68e-08	1.81e-05	1.54e-03	2.76e-02	1.05e-01	2.66e-01	3.00e-01	1.44e-01	6.47e-02	8.11e-02	1.00e-02	4.05e-04
 1.27637e+23	2.14e-29	1.86e-16	2.18e-13	1.86e-11	7.00e-10	1.89e-08	1.98e-05	1.67e-03	2.94e-02	1.09e-01	2.71e-01	3.00e-01	1.41e-01	6.19e-02	7.61e-02	9.14e-03	3.60e-04
 1.28044e+23	2.98e-29	2.49e-16	2.83e-13	2.33e-11	8.42e-10	2.19e-08	2.22e-05	1.84e-03	3.18e-02	1.15e-01	2.78e-01	2.99e-01	1.37e-01	5.86e-02	7.02e-02	8.14e-03	3.10e-04
 1.28464e+23	3.95e-29	3.19e-16	3.52e-13	2.81e-11	9.84e-10	2.48e-08	2.44e-05	2.00e-03	3.40e-02	1.20e-01	2.83e-01	2.99e-01	1.33e-01	5.58e-02	6.54e-02	7.37e-03	2.72e-04
 1.28901e+23	5.58e-29	4.32e-16	4.62e-13	3.54e-11	1.19e-09	2.90e-08	2.75e-05	2.21e-03	3.68e-02	1.26e-01	2.89e-01	2.97e-01	1.29e-01	5.25e-02	5.99e-02	6.51e-03	2.32e-04
 1.29349e+23	7.45e-29	5.57e-16	5.79e-13	4.31e-11	1.40e-09	3.31e-08	3.04e-05	2.41e-03	3.93e-02	1.32e-01	2.94e-01	2.96e-01	1.25e-01	4.98e-02	5.56e-02	5.86e-03	2.02e-04
 1.29814e+23	1.06e-28	7.61e-16	7.66e-13	5.48e-11	1.71e-09	3.89e-08	3.45e-05	2.68e-03	4.26e-02	1.39e-01	3.00e-01	2.94e-01	1.20e-01	4.66e-02	5.06e-02	5.13e-03	1.71e-04
 1.30293e+23	1.44e-28	9.92e-16	9.70e-13	6.72e-11	2.03e-09	4.46e-08	3.83e-05	2.93e-03	4.56e-02	1.45e-01	3.04e-01	2.91e-01	1.16e-01	4.39e-02	4.67e-02	4.58e-03	1.48e-04
 1.30792e+23	2.09e-28	1.37e-15	1.30e-12	8.66e-11	2.51e-09	5.30e-08	4.37e-05	3.27e-03	4.96e-02	1.52e-01	3.09e-01	2.88e-01	1.11e-01	4.08e-02	4.21e-02	3.97e-03	1.23e-04
 1.31306e+23	2.86e-28	1.81e-15	1.66e-12	1.07e-10	3.00e-09	6.12e-08	4.88e-05	3.58e-03	5.31e-02	1.58e-01	3.13e-01	2.84e-01	1.07e-01	3.83e-02	3.86e-02	3.52e-03	1.05e-04
 1.31768e+23	3.84e-28	2.35e-15	2.10e-12	1.31e-10	3.55e-09	7.03e-08	5.43e-05	3.91e-03	5.66e-02	1.64e-01	3.17e-01	2.81e-01	1.03e-01	3.60e-02	3.55e-02	3.13e-03	9.09e-05
 1.32298e+23	5.73e-28	3.34e-15	2.87e-12	1.72e-10	4.44e-09	8.42e-08	6.24e-05	4.37e-03	6.16e-02	1.73e-01	3.21e-01	2.76e-01	9.78e-02	3.31e-02	3.16e-02	2.67e-03	7.42e-05
 1.32833e+23	7.70e-28	4.32e-15	3.62e-12	2.10e-10	5.27e-09	9.68e-08	6.94e-05	4.77e-03	6.56e-02	1.79e-01	3.23e-01	2.71e-01	9.38e-02	3.10e-02	2.89e-02	2.37e-03	6.38e-05
 1.33371e+23	1.14e-27	6.10e-15	4.93e-12	2.75e-10	6.58e-09	1.16e-07	7.96e-05	5.33e-03	7.12e-02	1.87e-01	3.26e-01	2.65e-01	8.86e-02	2.84e-02	2.57e-02	2.02e-03	5.20e-05
 1.33922e+23	1.56e-27	8.06e-15	6.33e-12	3.41e-10	7.87e-09	1.34e-07	8.89e-05	5.82e-03	7.59e-02	1.94e-01	3.28e-01	2.60e-01	8.45e-02	2.64e-02	2.34e-02	1.77e-03	4.41e-05
 1.34487e+23	2.33e-27	1.15e-14	8.67e-12	4.47e-10	9.88e-09	1.61e-07	1.02e-04	6.51e-03	8.22e-02	2.02e-01	3.30e-01	2.53e-01	7.95e-02	2.41e-02	2.06e-02	1.49e-03	3.56e-05
 1.35064e+23	3.24e-27	1.54e-14	1.13e-11	5.61e-10	1.19e-08	1.88e-07	1.15e-04	7.14e-03	8.78e-02	2.09e-01	3.31e-01	2.47e-01	7.53e-02	2.22e-02	1.86e-02	1.30e-03	2.97e-05
 1.35577e+23	4.47e-27	2.05e-14	1.46e-11	7.00e-10	1.43e-08	2.18e-07	1.28e-04	7.80e-03	9.35e-02	2.16e-01	3.31e-01	2.41e-01	7.14e-02	2.06e-02	1.67e-02	1.13e-03	2.49e-05
 1.36166e+23	6.80e-27	2.98e-14	2.04e-11	9.34e-10	1.82e-08	2.65e-07	1.48e-04	8.74e-03	1.01e-01	2.25e-01	3.31e-01	2.33e-01	6.65e-02	1.85e-02	1.46e-02	9.34e-04	1.97e-05
 1.36720e+23	8.88e-27	3.79e-14	2.53e-11	1.12e-09	2.13e-08	3.01e-07	1.63e-04	9.42e-03	1.07e-01	2.30e-01	3.31e-01	2.28e-01	6.33e-02	1.73e-02	1.33e-02	8.27e-04	1.69e-05
 1.37229e+23	1.28e-26	5.30e-14	3.40e-11	1.45e-09	2.63e-08	3.56e-07	1.85e-04	1.04e-02	1.14e-01	2.38e-01	3.29e-01	2.21e-01	5.93e-02	1.57e-02	1.17e-02	6.98e-04	1.37e-05
 1.37744e+23	1.69e-26	6.80e-14	4.25e-11	1.76e-09	3.08e-08	4.06e-07	2.04e-04	1.12e-02	1.20e-01	2.43e-01	3.28e-01	2.15e-01	5.63e-02	1.46e-02	1.07e-02	6.14e-04	1.16e-05
 1.38267e+23	2.43e-26	9.49e-14	5.71e-11	2.27e-09	3.81e-08	4.82e-07	2.32e-04	1.24e-02	1.28e-01	2.51e-01	3.26e-01	2.07e-01	5.25e-02	1.32e-02	9.37e-03	5.16e-04	9.36e-06
 1.38802e+23	3.26e-26	1.25e-13	7.28e-11	2.79e-09	4.53e-08	5.55e-07	2.57e-04	1.34e-02	1.35e-01	2.56e-01	3.24e-01	2.01e-01	4.95e-02	1.22e-02	8.42e-03	4.47e-04	7.83e-06
 1.39352e+23	4.79e-26	1.78e-13	1.00e-10	3.67e-09	5.68e-08	6.67e-07	2.94e-04	1.48e-02	1.45e-01	2.63e-01	3.20e-01	1.93e-01	4.58e-02	1.09e-02	7.30e-03	3.70e-04	6.17e-06
 1.39904e+23	6.39e-26	2.34e-13	1.28e-10	4.52e-09	6.75e-08	7.69e-07	3.27e-04	1.61e-02	1.52e-01	2.69e-01	3.17e-01	1.86e-01	4.30e-02	1.01e-02	6.54e-03	3.19e-04	5.14e-06
 1.40461e+23	9.34e-26	3.36e-13	1.76e-10	5.95e-09	8.50e-08	9.28e-07	3.75e-04	1.78e-02	1.62e-01	2.75e-01	3.12e-01	1.78e-01	3.96e-02	8.99e-03	5.65e-03	2.62e-04	4.02e-06
 1.41029e+23	1.26e-25	4.49e-13	2.27e-10	7.43e-09	1.02e-07	1.08e-06	4.19e-04	1.94e-02	1.71e-01	2.80e-01	3.08e-01	1.71e-01	3.69e-02	8.19e-03	5.00e-03	2.23e-04	3.29e-06
 1.41611e+23	1.86e-25	6.56e-13	3.19e-10	9.93e-09	1.30e-07	1.32e-06	4.86e-04	2.16e-02	1.83e-01	2.86e-01	3.01e-01	1.62e-01	3.37e-02	7.24e-03	4.26e-03	1.80e-04	2.52e-06
 1.42205e+23	2.53e-25	8.88e-13	4.18e-10	1.25e-08	1.59e-07	1.55e-06	5.47e-04	2.35e-02	1.93e-01	2.91e-01	2.96e-01	1.55e-01	3.12e-02	6.55e-03	3.74e-03	1.52e-04	2.04e-06
 1.42814e+23	3.76e-25	1.32e-12	5.95e-10	1.70e-08	2.05e-07	1.92e-06	6.40e-04	2.64e-02	2.06e-01	2.96e-01	2.88e-01	1.46e-01	2.81e-02	5.73e-03	3.14e-03	1.21e-04	1.53e-06
 1.43428e+23	5.10e-25	1.80e-12	7.84e-10	2.16e-08	2.51e-07	2.28e-06	7.24e-04	2.89e-02	2.17e-01	2.99e-01	2.81e-01	1.39e-01	2.59e-02	5.15e-03	2.73e-03	1.00e-04	1.22e-06
 1.43948e+23	6.71e-25	2.39e-12	1.01e-09	2.70e-08	3.03e-07	2.67e-06	8.13e-04	3.14e-02	2.27e-01	3.02e-01	2.75e-01	1.33e-01	2.39e-02	4.65e-03	2.40e-03	8.44e-05	9.84e-07
 1.44512e+23	9.42e-25	3.43e-12	1.39e-09	3.58e-08	3.86e-07	3.27e-06	9.43e-04	3.49e-02	2.41e-01	3.05e-01	2.66e-01	1.24e-01	2.16e-02	4.08e-03	2.03e-03	6.76e-05	7.47e-07
 1.45079e+23	1.23e-24	4.55e-12	1.80e-09	4.48e-08	4.67e-07	3.85e-06	1.06e-03	3.80e-02	2.52e-01	3.07e-01	2.59e-01	1.18e-01	1.98e-02	3.67e-03	1.77e-03	5.65e-05	5.99e-07
 1.45632e+23	1.67e-24	6.39e-12	2.44e-09	5.87e-08	5.90e-07	4.70e-06	1.23e-03	4.22e-02	2.65e-01	3.09e-01	2.50e-01	1.10e-01	1.79e-02	3.22e-03	1.49e-03	4.53e-05	4.57e-07
 1.46197e+23	2.17e-24	8.53e-12	3.17e-09	7.40e-08	7.21e-07	5.59e-06	1.40e-03	4.61e-02	2.77e-01	3.09e-01	2.41e-01	1.04e-01	1.63e-02	2.87e-03	1.29e-03	3.74e-05	3.60e-07
 1.46751e+23	2.85e-24	1.17e-11	4.23e-09	9.59e-08	9.04e-07	6.79e-06	1.61e-03	5.10e-02	2.91e-01	3.09e-01	2.32e-01	9.70e-02	1.46e-02	2.51e-03	1.09e-03	3.00e-05	2.75e-07
 1.47316e+23	3.64e-24	1.57e-11	5.52e-09	1.22e-07	1.12e-06	8.15e-06	1.84e-03	5.60e-02	3.04e-01	3.09e-01	2.23e-01	9.06e-02	1.32e-02	2.21e-03	9.24e-04	2.44e-05	2.13e-07
 1.47874e+23	4.66e-24	2.12e-11	7.25e-09	1.56e-07	1.39e-06	9.87e-06	2.12e-03	6.17e-02	3.17e-01	3.07e-01	2.13e-01	8.42e-02	1.18e-02	1.94e-03	7.79e-04	1.95e-05	1.63e-07
 1.48436e+23	5.86e-24	2.81e-11	9.42e-09	1.98e-07	1.71e-06	1.19e-05	2.43e-03	6.78e-02	3.31e-01	3.05e-01	2.03e-01	7.81e-02	1.05e-02	1.69e-03	6.58e-04	1.57e-05	1.25e-07
 1.48991e+23	7.30e-24	3.71e-11	1.22e-08	2.51e-07	2.12e-06	1.43e-05	2.78e-03	7.44e-02	3.44e-01	3.02e-01	1.93e-01	7.22e-02	9.40e-03	1.48e-03	5.53e-04	1.26e-05	0.00e+00
 1.49545e+23	8.99e-24	4.85e-11	1.56e-08	3.17e-07	2.60e-06	1.72e-05	3.18e-03	8.15e-02	3.56e-01	2.99e-01	1.84e-01	6.66e-02	8.36e-03	1.28e-03	4.65e-04	1.01e-05	0.00e+00
 1.50099e+23	1.10e-23	6.30e-11	2.00e-08	3.99e-07	3.20e-06	2.07e-05	3.64e-03	8.92e-02	3.69e-01	2.95e-01	1.74e-01	6.12e-02	7.42e-03	1.11e-03	3.89e-04	8.05e-06	0.00e+00
 1.50656e+23	1.33e-23	8.11e-11	2.53e-08	4.99e-07	3.92e-06	2.49e-05	4.16e-03	9.75e-02	3.81e-01	2.90e-01	1.64e-01	5.60e-02	6.56e-03	9.62e-04	3.25e-04	6.40e-06	0.00e+00
 1.51215e+23	1.60e-23	1.04e-10	3.20e-08	6.24e-07	4.79e-06	2.99e-05	4.75e-03	1.06e-01	3.92e-01	2.84e-01	1.54e-01	5.12e-02	5.78e-03	8.28e-04	2.70e-04	5.07e-06	0.00e+00
 1.51779e+23	1.92e-23	1.32e-10	4.03e-08	7.77e-07	5.85e-06	3.58e-05	5.41e-03	1.16e-01	4.03e-01	2.78e-01	1.45e-01	4.65e-02	5.07e-03	7.10e-04	2.24e-04	4.00e-06	0.00e+00
 1.52350e+23	2.29e-23	1.66e-10	5.05e-08	9.66e-07	7.14e-06	4.29e-05	6.16e-03	1.26e-01	4.14e-01	2.71e-01	1.35e-01	4.22e-02	4.44e-03	6.07e-04	1.85e-04	3.15e-06	0.00e+00
 1.52923e+23	2.71e-23	2.08e-10	6.28e-08	1.19e-06	8.66e-06	5.13e-05	7.00e-03	1.37e-01	4.23e-01	2.64e-01	1.26e-01	3.81e-02	3.87e-03	5.17e-04	1.52e-04	2.47e-06	0.00e+00
 1.53506e+23	3.22e-23	2.60e-10	7.81e-08	1.48e-06	1.05e-05	6.14e-05	7.96e-03	1.48e-01	4.32e-01	2.56e-01	1.17e-01	3.43e-02	3.36e-03	4.38e-04	1.24e-04	1.92e-06	0.00e+00
 1.54094e+23	3.80e-23	3.20e-10	9.62e-08	1.82e-06	1.27e-05	7.32e-05	9.01e-03	1.60e-01	4.40e-01	2.48e-01	1.09e-01	3.08e-02	2.91e-03	3.71e-04	1.02e-04	1.50e-06	0.00e+00
 1.54695e+23	6.36e-23	3.96e-10	1.19e-07	2.24e-06	1.55e-05	8.77e-05	1.02e-02	1.73e-01	4.47e-01	2.39e-01	1.00e-01	2.74e-02	2.50e-03	3.11e-04	8.24e-05	1.15e-06	0.00e+00
 1.55305e+23	7.55e-23	4.83e-10	1.46e-07	2.74e-06	1.86e-05	1.04e-04	1.16e-02	1.87e-01	4.52e-01	2.30e-01	9.24e-02	2.44e-02	2.16e-03	2.61e-04	6.69e-05	8.90e-07	0.00e+00
 1.55865e+23	8.74e-23	5.69e-10	1.72e-07	3.24e-06	2.17e-05	1.20e-04	1.28e-02	1.98e-01	4.56e-01	2.22e-01	8.60e-02	2.21e-02	1.90e-03	2.24e-04	5.60e-05	7.15e-07	0.00e+00
 1.56450e+23	1.05e-22	6.94e-10	2.11e-07	3.99e-06	2.63e-05	1.45e-04	1.45e-02	2.13e-01	4.60e-01	2.12e-01	7.84e-02	1.95e-02	1.61e-03	1.85e-04	4.45e-05	5.39e-07	0.00e+00
 1.57044e+23	1.22e-22	8.12e-10	2.49e-07	4.70e-06	3.06e-05	1.67e-04	1.60e-02	2.25e-01	4.62e-01	2.04e-01	7.26e-02	1.75e-02	1.41e-03	1.58e-04	3.71e-05	4.30e-07	0.00e+00
 1.57657e+23	1.48e-22	9.87e-10	3.05e-07	5.78e-06	3.71e-05	2.00e-04	1.81e-02	2.42e-01	4.64e-01	1.94e-01	6.56e-02	1.53e-02	1.18e-03	1.29e-04	2.92e-05	3.20e-07	0.00e+00
 1.58270e+23	1.72e-22	1.14e-09	3.56e-07	6.76e-06	4.29e-05	2.29e-04	1.99e-02	2.55e-01	4.64e-01	1.86e-01	6.06e-02	1.37e-02	1.03e-03	1.10e-04	2.42e-05	2.55e-07	0.00e+00
 1.58885e+23	2.08e-22	1.37e-09	4.32e-07	8.24e-06	5.16e-05	2.73e-04	2.24e-02	2.71e-01	4.63e-01	1.76e-01	5.45e-02	1.19e-02	8.61e-04	8.92e-05	1.90e-05	1.89e-07	0.00e+00
 1.59502e+23	2.43e-22	1.57e-09	5.01e-07	9.57e-06	5.92e-05	3.12e-04	2.44e-02	2.84e-01	4.61e-01	1.68e-01	5.03e-02	1.07e-02	7.51e-04	7.60e-05	1.58e-05	1.51e-07	0.00e+00
 1.60122e+23	2.95e-22	1.87e-09	6.04e-07	1.16e-05	7.06e-05	3.69e-04	2.73e-02	3.01e-01	4.58e-01	1.58e-01	4.51e-02	9.23e-03	6.27e-04	6.16e-05	1.24e-05	0.00e+00	0.00e+00
 1.60749e+23	3.46e-22	2.14e-09	6.98e-07	1.34e-05	8.08e-05	4.20e-04	2.98e-02	3.14e-01	4.55e-01	1.51e-01	4.14e-02	8.24e-03	5.45e-04	5.23e-05	1.02e-05	0.00e+00	0.00e+00
 1.61385e+23	4.20e-22	2.52e-09	8.37e-07	1.62e-05	9.61e-05	4.96e-04	3.32e-02	3.31e-01	4.49e-01	1.41e-01	3.70e-02	7.10e-03	4.52e-04	4.21e-05	7.98e-06	0.00e+00	0.00e+00
 1.62029e+23	4.93e-22	2.87e-09	9.66e-07	1.87e-05	1.10e-04	5.63e-04	3.60e-02	3.45e-01	4.44e-01	1.34e-01	3.38e-02	6.31e-03	3.91e-04	3.55e-05	6.56e-06	0.00e+00	0.00e+00
 1.62684e+23	6.03e-22	3.38e-09	1.16e-06	2.25e-05	1.30e-04	6.63e-04	4.01e-02	3.62e-01	4.37e-01	1.25e-01	3.00e-02	5.40e-03	3.23e-04	2.84e-05	5.08e-06	0.00e+00	0.00e+00
 1.63352e+23	7.12e-22	3.86e-09	1.34e-06	2.60e-05	1.48e-04	7.53e-04	4.34e-02	3.75e-01	4.30e-01	1.18e-01	2.73e-02	4.77e-03	2.77e-04	2.38e-05	4.15e-06	0.00e+00	0.00e+00
 1.64036e+23	8.75e-22	4.54e-09	1.60e-06	3.12e-05	1.75e-04	8.87e-04	4.82e-02	3.93e-01	4.21e-01	1.09e-01	2.40e-02	4.05e-03	2.27e-04	1.89e-05	3.18e-06	0.00e+00	0.00e+00
 1.64735e+23	1.04e-21	5.20e-09	1.86e-06	3.62e-05	2.00e-04	1.01e-03	5.22e-02	4.06e-01	4.13e-01	1.03e-01	2.17e-02	3.56e-03	1.94e-04	1.57e-05	2.58e-06	0.00e+00	0.00e+00
 1.65455e+23	1.29e-21	6.13e-09	2.23e-06	4.37e-05	2.37e-04	1.19e-03	5.79e-02	4.23e-01	4.01e-01	9.42e-02	1.90e-02	2.99e-03	1.57e-04	1.23e-05	1.95e-06	0.00e+00	0.00e+00
 1.66188e+23	1.56e-21	7.08e-09	2.60e-06	5.06e-05	2.71e-04	1.34e-03	6.25e-02	4.36e-01	3.92e-01	8.82e-02	1.71e-02	2.61e-03	1.33e-04	1.02e-05	1.57e-06	0.00e+00	0.00e+00
 1.66809e+23	1.82e-21	7.96e-09	2.96e-06	5.77e-05	3.04e-04	1.51e-03	6.70e-02	4.47e-01	3.83e-01	8.28e-02	1.55e-02	2.30e-03	1.14e-04	8.53e-06	1.28e-06	0.00e+00	0.00e+00
 1.67485e+23	2.24e-21	9.29e-09	3.51e-06	6.83e-05	3.53e-04	1.74e-03	7.32e-02	4.62e-01	3.71e-01	7.63e-02	1.36e-02	1.96e-03	9.37e-05	6.79e-06	9.91e-07	0.00e+00	0.00e+00
 1.68139e+23	2.60e-21	1.04e-08	3.96e-06	7.69e-05	3.92e-04	1.93e-03	7.77e-02	4.71e-01	3.62e-01	7.20e-02	1.24e-02	1.75e-03	8.15e-05	5.79e-06	8.26e-07	0.00e+00	0.00e+00
 1.68765e+23	3.11e-21	1.19e-08	4.61e-06	8.94e-05	4.48e-04	2.20e-03	8.40e-02	4.83e-01	3.51e-01	6.65e-02	1.10e-02	1.50e-03	6.78e-05	4.68e-06	6.48e-07	0.00e+00	0.00e+00
