#depth	C	C+	C+2	C+3	C+4	C+5	C+6	C[1]	C[2]	C[3]	C+[1]	C+[2]	CO
 1.54284e+22	0.00e+00	3.15e-25	4.99e-19	9.15e-14	1.99e-08	2.40e-04	1.00e+00	0.00e+00	0.00e+00	0.00e+00	0.00e+00	0.00e+00	1.88e-124
 3.47113e+22	2.08e-32	2.52e-24	2.70e-18	3.35e-13	4.64e-08	3.60e-04	1.00e+00	0.00e+00	0.00e+00	0.00e+00	0.00e+00	0.00e+00	3.36e-107
 4.09139e+22	9.00e-32	8.63e-24	7.35e-18	7.27e-13	7.73e-08	4.59e-04	1.00e+00	0.00e+00	0.00e+00	0.00e+00	0.00e+00	0.00e+00	2.24e-95
 4.51402e+22	2.89e-31	2.30e-23	1.63e-17	1.35e-12	1.16e-07	5.57e-04	9.99e-01	0.00e+00	0.00e+00	0.00e+00	0.00e+00	0.00e+00	3.11e-93
 4.74881e+22	3.88e-31	2.95e-23	1.99e-17	1.58e-12	1.29e-07	5.85e-04	9.99e-01	0.00e+00	0.00e+00	0.00e+00	0.00e+00	0.00e+00	1.74e-87
 4.83404e+22	4.92e-31	3.60e-23	2.35e-17	1.79e-12	1.40e-07	6.09e-04	9.99e-01	0.00e+00	0.00e+00	0.00e+00	0.00e+00	0.00e+00	5.37e-87
 4.92205e+22	6.65e-31	4.64e-23	2.88e-17	2.10e-12	1.55e-07	6.40e-04	9.99e-01	0.00e+00	0.00e+00	0.00e+00	0.00e+00	0.00e+00	7.12e-86
 5.01196e+22	8.54e-31	5.72e-23	3.42e-17	2.40e-12	1.69e-07	6.67e-04	9.99e-01	0.00e+00	0.00e+00	0.00e+00	0.00e+00	0.00e+00	1.96e-85
 5.09220e+22	1.09e-30	7.03e-23	4.05e-17	2.74e-12	1.85e-07	6.95e-04	9.99e-01	0.00e+00	0.00e+00	0.00e+00	0.00e+00	0.00e+00	5.28e-85
 5.16722e+22	1.37e-30	8.48e-23	4.71e-17	3.08e-12	2.00e-07	7.21e-04	9.99e-01	0.00e+00	0.00e+00	0.00e+00	0.00e+00	0.00e+00	9.35e-85
 5.23558e+22	1.67e-30	1.01e-22	5.42e-17	3.44e-12	2.14e-07	7.46e-04	9.99e-01	0.00e+00	0.00e+00	0.00e+00	0.00e+00	0.00e+00	6.59e-85
 5.31243e+22	2.14e-30	1.24e-22	6.42e-17	3.93e-12	2.34e-07	7.77e-04	9.99e-01	0.00e+00	0.00e+00	0.00e+00	0.00e+00	0.00e+00	2.36e-84
 5.39489e+22	2.73e-30	1.52e-22	7.58e-17	4.46e-12	2.55e-07	8.09e-04	9.99e-01	0.00e+00	0.00e+00	0.00e+00	0.00e+00	0.00e+00	1.77e-84
 5.46880e+22	3.42e-30	1.84e-22	8.83e-17	5.02e-12	2.75e-07	8.40e-04	9.99e-01	0.00e+00	0.00e+00	0.00e+00	0.00e+00	0.00e+00	9.26e-84
 5.54905e+22	4.44e-30	2.29e-22	1.06e-16	5.79e-12	3.02e-07	8.77e-04	9.99e-01	0.00e+00	0.00e+00	0.00e+00	0.00e+00	0.00e+00	5.53e-84
 5.63118e+22	5.65e-30	2.80e-22	1.24e-16	6.55e-12	3.28e-07	9.13e-04	9.99e-01	0.00e+00	0.00e+00	0.00e+00	0.00e+00	0.00e+00	3.10e-83
 5.70073e+22	6.97e-30	3.34e-22	1.44e-16	7.33e-12	3.53e-07	9.46e-04	9.99e-01	0.00e+00	0.00e+00	0.00e+00	0.00e+00	0.00e+00	4.33e-83
 5.77614e+22	8.91e-30	4.11e-22	1.70e-16	8.36e-12	3.85e-07	9.85e-04	9.99e-01	0.00e+00	0.00e+00	0.00e+00	0.00e+00	0.00e+00	9.91e-83
 5.85719e+22	1.14e-29	5.04e-22	2.01e-16	9.49e-12	4.19e-07	1.03e-03	9.99e-01	0.00e+00	0.00e+00	0.00e+00	0.00e+00	0.00e+00	1.11e-82
 5.92565e+22	1.38e-29	5.93e-22	2.29e-16	1.05e-11	4.49e-07	1.06e-03	9.99e-01	0.00e+00	0.00e+00	0.00e+00	0.00e+00	0.00e+00	2.17e-82
 5.99472e+22	1.73e-29	7.16e-22	2.67e-16	1.19e-11	4.86e-07	1.10e-03	9.99e-01	0.00e+00	0.00e+00	0.00e+00	0.00e+00	0.00e+00	5.80e-82
 6.06845e+22	2.14e-29	8.58e-22	3.09e-16	1.33e-11	5.24e-07	1.14e-03	9.99e-01	0.00e+00	0.00e+00	0.00e+00	0.00e+00	0.00e+00	1.08e-81
 6.13504e+22	2.61e-29	1.01e-21	3.54e-16	1.48e-11	5.61e-07	1.18e-03	9.99e-01	0.00e+00	0.00e+00	0.00e+00	0.00e+00	0.00e+00	2.06e-81
 6.20839e+22	3.31e-29	1.24e-21	4.16e-16	1.68e-11	6.11e-07	1.23e-03	9.99e-01	0.00e+00	0.00e+00	0.00e+00	0.00e+00	0.00e+00	2.95e-81
 6.28543e+22	4.15e-29	1.49e-21	4.85e-16	1.89e-11	6.60e-07	1.27e-03	9.99e-01	0.00e+00	0.00e+00	0.00e+00	0.00e+00	0.00e+00	5.71e-81
 6.35116e+22	5.05e-29	1.76e-21	5.54e-16	2.09e-11	7.07e-07	1.32e-03	9.99e-01	0.00e+00	0.00e+00	0.00e+00	0.00e+00	0.00e+00	1.46e-80
 6.41137e+22	6.05e-29	2.05e-21	6.27e-16	2.30e-11	7.54e-07	1.36e-03	9.99e-01	0.00e+00	0.00e+00	0.00e+00	0.00e+00	0.00e+00	2.29e-80
 6.48048e+22	7.54e-29	2.47e-21	7.29e-16	2.59e-11	8.16e-07	1.41e-03	9.99e-01	0.00e+00	0.00e+00	0.00e+00	0.00e+00	0.00e+00	3.95e-80
 6.55512e+22	9.40e-29	2.97e-21	8.46e-16	2.91e-11	8.81e-07	1.46e-03	9.99e-01	0.00e+00	0.00e+00	0.00e+00	0.00e+00	0.00e+00	6.86e-80
 6.62257e+22	1.15e-28	3.51e-21	9.70e-16	3.23e-11	9.45e-07	1.51e-03	9.98e-01	0.00e+00	0.00e+00	0.00e+00	0.00e+00	0.00e+00	1.13e-79
 6.69590e+22	1.46e-28	4.29e-21	1.14e-15	3.67e-11	1.03e-06	1.57e-03	9.98e-01	0.00e+00	0.00e+00	0.00e+00	0.00e+00	0.00e+00	2.04e-79
 6.76920e+22	1.80e-28	5.11e-21	1.31e-15	4.09e-11	1.11e-06	1.63e-03	9.98e-01	0.00e+00	0.00e+00	0.00e+00	0.00e+00	0.00e+00	3.44e-79
 6.82931e+22	2.16e-28	5.94e-21	1.48e-15	4.49e-11	1.18e-06	1.68e-03	9.98e-01	0.00e+00	0.00e+00	0.00e+00	0.00e+00	0.00e+00	5.37e-79
 6.89428e+22	2.65e-28	7.07e-21	1.71e-15	5.02e-11	1.27e-06	1.74e-03	9.98e-01	0.00e+00	0.00e+00	0.00e+00	0.00e+00	0.00e+00	9.02e-79
 6.96533e+22	3.29e-28	8.45e-21	1.97e-15	5.61e-11	1.37e-06	1.81e-03	9.98e-01	0.00e+00	0.00e+00	0.00e+00	0.00e+00	0.00e+00	1.53e-78
 7.03108e+22	3.98e-28	9.91e-21	2.25e-15	6.20e-11	1.46e-06	1.87e-03	9.98e-01	0.00e+00	0.00e+00	0.00e+00	0.00e+00	0.00e+00	2.47e-78
 7.10338e+22	5.02e-28	1.20e-20	2.63e-15	7.01e-11	1.59e-06	1.94e-03	9.98e-01	0.00e+00	0.00e+00	0.00e+00	0.00e+00	0.00e+00	4.40e-78
 7.17621e+22	6.18e-28	1.43e-20	3.02e-15	7.80e-11	1.71e-06	2.01e-03	9.98e-01	0.00e+00	0.00e+00	0.00e+00	0.00e+00	0.00e+00	7.40e-78
 7.23643e+22	7.40e-28	1.66e-20	3.41e-15	8.56e-11	1.82e-06	2.08e-03	9.98e-01	0.00e+00	0.00e+00	0.00e+00	0.00e+00	0.00e+00	1.16e-77
 7.30142e+22	9.13e-28	1.98e-20	3.93e-15	9.55e-11	1.96e-06	2.15e-03	9.98e-01	0.00e+00	0.00e+00	0.00e+00	0.00e+00	0.00e+00	1.95e-77
 7.37185e+22	1.13e-27	2.36e-20	4.51e-15	1.06e-10	2.11e-06	2.23e-03	9.98e-01	0.00e+00	0.00e+00	0.00e+00	0.00e+00	0.00e+00	3.31e-77
 7.43648e+22	1.36e-27	2.76e-20	5.12e-15	1.17e-10	2.25e-06	2.30e-03	9.98e-01	0.00e+00	0.00e+00	0.00e+00	0.00e+00	0.00e+00	5.29e-77
 7.50760e+22	1.73e-27	3.36e-20	6.01e-15	1.33e-10	2.45e-06	2.40e-03	9.98e-01	0.00e+00	0.00e+00	0.00e+00	0.00e+00	0.00e+00	9.64e-77
 7.58105e+22	9.24e-36	3.99e-20	6.89e-15	1.47e-10	2.63e-06	2.49e-03	9.98e-01	0.00e+00	0.00e+00	0.00e+00	0.00e+00	0.00e+00	1.19e-76
 7.64388e+22	0.00e+00	4.66e-20	7.81e-15	1.62e-10	2.81e-06	2.57e-03	9.97e-01	0.00e+00	0.00e+00	0.00e+00	0.00e+00	0.00e+00	7.53e-77
 7.70277e+22	0.00e+00	5.41e-20	8.79e-15	1.78e-10	2.99e-06	2.65e-03	9.97e-01	0.00e+00	0.00e+00	0.00e+00	0.00e+00	0.00e+00	5.58e-77
 7.77019e+22	0.00e+00	6.46e-20	1.01e-14	1.98e-10	3.22e-06	2.75e-03	9.97e-01	0.00e+00	0.00e+00	0.00e+00	0.00e+00	0.00e+00	5.16e-77
 7.84236e+22	0.00e+00	7.76e-20	1.17e-14	2.21e-10	3.48e-06	2.86e-03	9.97e-01	0.00e+00	0.00e+00	0.00e+00	0.00e+00	0.00e+00	5.35e-77
 7.90576e+22	0.00e+00	9.04e-20	1.32e-14	2.42e-10	3.71e-06	2.96e-03	9.97e-01	0.00e+00	0.00e+00	0.00e+00	0.00e+00	0.00e+00	4.89e-76
 7.96378e+22	0.00e+00	1.05e-19	1.49e-14	2.65e-10	3.94e-06	3.05e-03	9.97e-01	0.00e+00	0.00e+00	0.00e+00	0.00e+00	0.00e+00	7.61e-76
 8.02974e+22	0.00e+00	1.25e-19	1.71e-14	2.94e-10	4.24e-06	3.17e-03	9.97e-01	0.00e+00	0.00e+00	0.00e+00	0.00e+00	0.00e+00	1.30e-75
 8.09928e+22	0.00e+00	1.49e-19	1.96e-14	3.26e-10	4.56e-06	3.29e-03	9.97e-01	0.00e+00	0.00e+00	0.00e+00	0.00e+00	0.00e+00	2.15e-75
 8.15929e+22	0.00e+00	1.72e-19	2.19e-14	3.55e-10	4.84e-06	3.40e-03	9.97e-01	0.00e+00	0.00e+00	0.00e+00	0.00e+00	0.00e+00	3.56e-75
 8.22309e+22	0.00e+00	2.04e-19	2.52e-14	3.93e-10	5.21e-06	3.53e-03	9.96e-01	0.00e+00	0.00e+00	0.00e+00	0.00e+00	0.00e+00	5.90e-75
 8.29112e+22	0.00e+00	2.41e-19	2.87e-14	4.33e-10	5.58e-06	3.66e-03	9.96e-01	0.00e+00	0.00e+00	0.00e+00	0.00e+00	0.00e+00	1.00e-74
 8.35139e+22	1.42e-34	2.81e-19	3.22e-14	4.72e-10	5.93e-06	3.79e-03	9.96e-01	0.00e+00	0.00e+00	0.00e+00	0.00e+00	0.00e+00	1.62e-74
 8.40718e+22	1.75e-34	3.24e-19	3.61e-14	5.13e-10	6.29e-06	3.91e-03	9.96e-01	0.00e+00	0.00e+00	0.00e+00	0.00e+00	0.00e+00	2.54e-74
 8.47036e+22	2.24e-34	3.85e-19	4.12e-14	5.66e-10	6.75e-06	4.07e-03	9.96e-01	0.00e+00	0.00e+00	0.00e+00	0.00e+00	0.00e+00	4.40e-74
 8.53627e+22	2.85e-34	4.53e-19	4.67e-14	6.20e-10	7.22e-06	4.22e-03	9.96e-01	0.00e+00	0.00e+00	0.00e+00	0.00e+00	0.00e+00	7.32e-74
 8.59434e+22	3.55e-34	5.26e-19	5.24e-14	6.73e-10	7.67e-06	4.37e-03	9.96e-01	0.00e+00	0.00e+00	0.00e+00	0.00e+00	0.00e+00	1.18e-73
 8.65841e+22	4.59e-34	6.27e-19	6.01e-14	7.44e-10	8.25e-06	4.54e-03	9.95e-01	0.00e+00	0.00e+00	0.00e+00	0.00e+00	0.00e+00	2.06e-73
 8.72615e+22	5.96e-34	7.46e-19	6.86e-14	8.18e-10	8.84e-06	4.73e-03	9.95e-01	0.00e+00	0.00e+00	0.00e+00	0.00e+00	0.00e+00	3.59e-73
 8.78295e+22	7.35e-34	8.59e-19	7.63e-14	8.82e-10	9.35e-06	4.89e-03	9.95e-01	0.00e+00	0.00e+00	0.00e+00	0.00e+00	0.00e+00	5.65e-73
 8.84111e+22	9.40e-34	1.01e-18	8.65e-14	9.64e-10	1.00e-05	5.08e-03	9.95e-01	0.00e+00	0.00e+00	0.00e+00	0.00e+00	0.00e+00	9.61e-73
 8.90252e+22	1.18e-33	1.18e-18	9.70e-14	1.05e-09	1.06e-05	5.26e-03	9.95e-01	0.00e+00	0.00e+00	0.00e+00	0.00e+00	0.00e+00	1.57e-72
 8.95820e+22	1.47e-33	1.36e-18	1.08e-13	1.13e-09	1.13e-05	5.44e-03	9.95e-01	0.00e+00	0.00e+00	0.00e+00	0.00e+00	0.00e+00	2.51e-72
 9.02060e+22	1.93e-33	1.63e-18	1.24e-13	1.24e-09	1.21e-05	5.68e-03	9.94e-01	0.00e+00	0.00e+00	0.00e+00	0.00e+00	0.00e+00	4.54e-72
 9.08409e+22	2.45e-33	1.91e-18	1.39e-13	1.34e-09	1.29e-05	5.90e-03	9.94e-01	0.00e+00	0.00e+00	0.00e+00	0.00e+00	0.00e+00	7.57e-72
 9.13736e+22	3.01e-33	2.18e-18	1.54e-13	1.44e-09	1.36e-05	6.09e-03	9.94e-01	0.00e+00	0.00e+00	0.00e+00	0.00e+00	0.00e+00	1.18e-71
 9.19501e+22	3.90e-33	2.59e-18	1.75e-13	1.57e-09	1.45e-05	6.34e-03	9.94e-01	0.00e+00	0.00e+00	0.00e+00	0.00e+00	0.00e+00	2.08e-71
 9.25398e+22	4.88e-33	2.99e-18	1.95e-13	1.69e-09	1.54e-05	6.57e-03	9.93e-01	0.00e+00	0.00e+00	0.00e+00	0.00e+00	0.00e+00	3.39e-71
 9.30547e+22	6.03e-33	3.43e-18	2.16e-13	1.81e-09	1.62e-05	6.79e-03	9.93e-01	0.00e+00	0.00e+00	0.00e+00	0.00e+00	0.00e+00	5.31e-71
 9.36323e+22	7.82e-33	4.06e-18	2.44e-13	1.97e-09	1.73e-05	7.08e-03	9.93e-01	0.00e+00	0.00e+00	0.00e+00	0.00e+00	0.00e+00	9.40e-71
 9.42293e+22	9.86e-33	4.72e-18	2.73e-13	2.12e-09	1.84e-05	7.35e-03	9.93e-01	0.00e+00	0.00e+00	0.00e+00	0.00e+00	0.00e+00	1.56e-70
 9.47403e+22	1.22e-32	5.39e-18	3.01e-13	2.26e-09	1.93e-05	7.59e-03	9.92e-01	0.00e+00	0.00e+00	0.00e+00	0.00e+00	0.00e+00	2.44e-70
 9.52933e+22	1.57e-32	6.36e-18	3.40e-13	2.45e-09	2.06e-05	7.91e-03	9.92e-01	0.00e+00	0.00e+00	0.00e+00	0.00e+00	0.00e+00	4.31e-70
 9.58636e+22	1.75e-32	7.33e-18	3.77e-13	2.63e-09	2.18e-05	8.19e-03	9.92e-01	0.00e+00	0.00e+00	0.00e+00	0.00e+00	0.00e+00	6.91e-70
 9.63735e+22	2.17e-32	8.43e-18	4.17e-13	2.80e-09	2.30e-05	8.48e-03	9.91e-01	0.00e+00	0.00e+00	0.00e+00	0.00e+00	0.00e+00	1.12e-69
 9.68704e+22	2.67e-32	9.63e-18	4.60e-13	2.99e-09	2.43e-05	8.76e-03	9.91e-01	0.00e+00	0.00e+00	0.00e+00	0.00e+00	0.00e+00	1.76e-69
 9.74337e+22	3.20e-32	1.14e-17	5.20e-13	3.24e-09	2.59e-05	9.14e-03	9.91e-01	0.00e+00	0.00e+00	0.00e+00	0.00e+00	0.00e+00	3.15e-69
 9.80129e+22	4.05e-32	1.32e-17	5.79e-13	3.47e-09	2.74e-05	9.48e-03	9.90e-01	0.00e+00	0.00e+00	0.00e+00	0.00e+00	0.00e+00	5.26e-69
 9.85202e+22	5.03e-32	1.52e-17	6.40e-13	3.70e-09	2.89e-05	9.82e-03	9.90e-01	0.00e+00	0.00e+00	0.00e+00	0.00e+00	0.00e+00	8.50e-69
 9.90114e+22	6.24e-32	1.74e-17	7.07e-13	3.94e-09	3.05e-05	1.02e-02	9.90e-01	0.00e+00	0.00e+00	0.00e+00	0.00e+00	0.00e+00	1.38e-68
 9.95743e+22	8.20e-32	2.07e-17	8.01e-13	4.27e-09	3.27e-05	1.06e-02	9.89e-01	0.00e+00	0.00e+00	0.00e+00	0.00e+00	0.00e+00	2.51e-68
 1.00151e+23	1.03e-31	2.39e-17	8.89e-13	4.56e-09	3.45e-05	1.10e-02	9.89e-01	0.00e+00	0.00e+00	0.00e+00	0.00e+00	0.00e+00	4.17e-68
 1.00745e+23	1.38e-31	2.88e-17	1.02e-12	4.96e-09	3.71e-05	1.15e-02	9.88e-01	0.00e+00	0.00e+00	0.00e+00	0.00e+00	0.00e+00	7.99e-68
 1.01344e+23	1.75e-31	3.35e-17	1.13e-12	5.31e-09	3.94e-05	1.20e-02	9.88e-01	0.00e+00	0.00e+00	0.00e+00	0.00e+00	0.00e+00	1.37e-67
 1.01836e+23	2.15e-31	3.82e-17	1.24e-12	5.62e-09	4.14e-05	1.24e-02	9.88e-01	0.00e+00	0.00e+00	0.00e+00	0.00e+00	0.00e+00	2.17e-67
 1.02361e+23	2.80e-31	4.52e-17	1.40e-12	6.05e-09	4.42e-05	1.29e-02	9.87e-01	0.00e+00	0.00e+00	0.00e+00	4.52e-17	4.70e-26	3.92e-67
 1.02898e+23	3.51e-31	5.21e-17	1.55e-12	6.44e-09	4.67e-05	1.34e-02	9.87e-01	0.00e+00	0.00e+00	0.00e+00	5.21e-17	6.04e-24	6.49e-67
 1.03334e+23	4.22e-31	5.85e-17	1.69e-12	6.77e-09	4.89e-05	1.38e-02	9.86e-01	0.00e+00	0.00e+00	0.00e+00	5.85e-17	6.79e-24	9.83e-67
 1.03786e+23	5.31e-31	6.78e-17	1.87e-12	7.22e-09	5.17e-05	1.43e-02	9.86e-01	0.00e+00	0.00e+00	0.00e+00	6.78e-17	7.87e-24	1.66e-66
 1.04218e+23	6.32e-31	7.56e-17	2.02e-12	7.56e-09	5.39e-05	1.47e-02	9.85e-01	0.00e+00	0.00e+00	0.00e+00	7.56e-17	8.77e-24	2.45e-66
 1.04566e+23	7.48e-31	8.42e-17	2.18e-12	7.90e-09	5.62e-05	1.51e-02	9.85e-01	0.00e+00	0.00e+00	0.00e+00	8.42e-17	9.77e-24	3.60e-66
 1.04907e+23	8.80e-31	9.33e-17	2.35e-12	8.26e-09	5.85e-05	1.55e-02	9.84e-01	0.00e+00	0.00e+00	0.00e+00	9.33e-17	1.08e-23	5.18e-66
 1.05240e+23	1.02e-30	1.03e-16	2.52e-12	8.60e-09	6.07e-05	1.59e-02	9.84e-01	0.00e+00	0.00e+00	0.00e+00	1.03e-16	1.19e-23	7.32e-66
 1.05617e+23	1.26e-30	1.17e-16	2.76e-12	9.08e-09	6.38e-05	1.64e-02	9.84e-01	0.00e+00	0.00e+00	0.00e+00	1.17e-16	1.36e-23	1.16e-65
 1.05993e+23	1.48e-30	1.30e-16	2.97e-12	9.48e-09	6.64e-05	1.68e-02	9.83e-01	0.00e+00	0.00e+00	0.00e+00	1.30e-16	1.50e-23	1.68e-65
 1.06316e+23	1.69e-30	1.44e-16	3.19e-12	9.89e-09	6.90e-05	1.73e-02	9.83e-01	0.00e+00	0.00e+00	0.00e+00	1.44e-16	1.67e-23	2.42e-65
 1.06624e+23	1.97e-30	1.58e-16	3.42e-12	1.03e-08	7.16e-05	1.77e-02	9.82e-01	0.00e+00	0.00e+00	0.00e+00	1.58e-16	1.84e-23	3.43e-65
 1.06920e+23	2.29e-30	1.74e-16	3.66e-12	1.07e-08	7.43e-05	1.81e-02	9.82e-01	0.00e+00	0.00e+00	0.00e+00	1.74e-16	2.02e-23	4.81e-65
 1.07258e+23	2.79e-30	1.98e-16	4.00e-12	1.13e-08	7.79e-05	1.87e-02	9.81e-01	0.00e+00	0.00e+00	0.00e+00	1.98e-16	2.29e-23	7.57e-65
 1.07596e+23	3.25e-30	2.18e-16	4.28e-12	1.17e-08	8.09e-05	1.91e-02	9.81e-01	0.00e+00	0.00e+00	0.00e+00	2.18e-16	2.53e-23	1.07e-64
 1.07932e+23	3.95e-30	2.47e-16	4.68e-12	1.24e-08	8.49e-05	1.97e-02	9.80e-01	0.00e+00	0.00e+00	0.00e+00	2.47e-16	2.87e-23	1.66e-64
 1.08257e+23	4.59e-30	2.72e-16	5.02e-12	1.29e-08	8.81e-05	2.02e-02	9.80e-01	0.00e+00	0.00e+00	0.00e+00	2.72e-16	3.16e-23	2.35e-64
 1.08520e+23	5.31e-30	2.99e-16	5.36e-12	1.33e-08	9.12e-05	2.06e-02	9.79e-01	0.00e+00	0.00e+00	0.00e+00	2.99e-16	3.47e-23	3.26e-64
 1.08815e+23	6.36e-30	3.36e-16	5.82e-12	1.40e-08	9.54e-05	2.12e-02	9.79e-01	0.00e+00	0.00e+00	0.00e+00	3.36e-16	3.90e-23	4.93e-64
 1.09117e+23	7.40e-30	3.70e-16	6.24e-12	1.46e-08	9.90e-05	2.17e-02	9.78e-01	0.00e+00	0.00e+00	0.00e+00	3.70e-16	4.30e-23	6.92e-64
 1.09426e+23	9.12e-30	4.24e-16	6.87e-12	1.54e-08	1.04e-04	2.24e-02	9.78e-01	0.00e+00	0.00e+00	0.00e+00	4.24e-16	4.93e-23	1.12e-63
 1.09728e+23	1.06e-29	4.68e-16	7.37e-12	1.60e-08	1.08e-04	2.28e-02	9.77e-01	0.00e+00	0.00e+00	0.00e+00	4.68e-16	5.43e-23	1.56e-63
 1.10020e+23	1.30e-29	5.34e-16	8.10e-12	1.69e-08	1.13e-04	2.35e-02	9.76e-01	0.00e+00	0.00e+00	0.00e+00	5.34e-16	6.20e-23	2.47e-63
 1.10315e+23	1.52e-29	5.93e-16	8.73e-12	1.77e-08	1.18e-04	2.41e-02	9.76e-01	0.00e+00	0.00e+00	0.00e+00	5.93e-16	6.89e-23	3.53e-63
 1.10614e+23	1.89e-29	6.85e-16	9.67e-12	1.87e-08	1.24e-04	2.49e-02	9.75e-01	0.00e+00	0.00e+00	0.00e+00	6.85e-16	7.96e-23	5.77e-63
 1.10915e+23	2.24e-29	7.68e-16	1.05e-11	1.96e-08	1.30e-04	2.55e-02	9.74e-01	0.00e+00	0.00e+00	0.00e+00	7.68e-16	8.92e-23	8.48e-63
 1.11171e+23	2.64e-29	8.55e-16	1.14e-11	2.06e-08	1.35e-04	2.61e-02	9.74e-01	0.00e+00	0.00e+00	0.00e+00	8.55e-16	9.94e-23	1.22e-62
 1.11458e+23	3.33e-29	1.00e-15	1.27e-11	2.19e-08	1.43e-04	2.69e-02	9.73e-01	0.00e+00	0.00e+00	0.00e+00	1.00e-15	1.16e-22	2.05e-62
 1.11741e+23	3.92e-29	1.12e-15	1.38e-11	2.30e-08	1.49e-04	2.75e-02	9.72e-01	0.00e+00	0.00e+00	0.00e+00	1.12e-15	1.30e-22	2.93e-62
 1.12017e+23	4.94e-29	1.31e-15	1.54e-11	2.45e-08	1.57e-04	2.84e-02	9.71e-01	0.00e+00	0.00e+00	0.00e+00	1.31e-15	1.52e-22	4.91e-62
 1.12288e+23	5.82e-29	1.46e-15	1.67e-11	2.58e-08	1.64e-04	2.91e-02	9.71e-01	0.00e+00	0.00e+00	0.00e+00	1.46e-15	1.70e-22	7.02e-62
 1.12551e+23	7.35e-29	1.72e-15	1.88e-11	2.76e-08	1.73e-04	3.00e-02	9.70e-01	0.00e+00	0.00e+00	0.00e+00	1.72e-15	2.00e-22	1.18e-61
 1.12816e+23	8.73e-29	1.93e-15	2.05e-11	2.91e-08	1.81e-04	3.07e-02	9.69e-01	0.00e+00	0.00e+00	0.00e+00	1.93e-15	2.25e-22	1.71e-61
 1.13081e+23	1.12e-28	2.30e-15	2.33e-11	3.14e-08	1.92e-04	3.17e-02	9.68e-01	0.00e+00	0.00e+00	0.00e+00	2.30e-15	2.67e-22	2.94e-61
 1.13347e+23	1.33e-28	2.61e-15	2.57e-11	3.33e-08	2.01e-04	3.25e-02	9.67e-01	0.00e+00	0.00e+00	0.00e+00	2.61e-15	3.04e-22	4.37e-61
 1.13613e+23	1.74e-28	3.15e-15	2.95e-11	3.62e-08	2.14e-04	3.36e-02	9.66e-01	0.00e+00	0.00e+00	0.00e+00	3.15e-15	3.66e-22	7.73e-61
 1.13882e+23	2.10e-28	3.60e-15	3.26e-11	3.86e-08	2.24e-04	3.44e-02	9.65e-01	0.00e+00	0.00e+00	0.00e+00	3.60e-15	4.19e-22	1.16e-60
 1.14153e+23	2.74e-28	4.36e-15	3.77e-11	4.21e-08	2.39e-04	3.56e-02	9.64e-01	0.00e+00	0.00e+00	0.00e+00	4.36e-15	5.08e-22	2.06e-60
 1.14421e+23	3.36e-28	5.05e-15	4.21e-11	4.52e-08	2.51e-04	3.65e-02	9.63e-01	0.00e+00	0.00e+00	0.00e+00	5.05e-15	5.88e-22	3.18e-60
 1.14688e+23	4.42e-28	6.15e-15	4.89e-11	4.96e-08	2.68e-04	3.78e-02	9.62e-01	0.00e+00	0.00e+00	0.00e+00	6.15e-15	7.17e-22	5.68e-60
 1.14959e+23	5.50e-28	7.23e-15	5.52e-11	5.36e-08	2.83e-04	3.88e-02	9.61e-01	0.00e+00	0.00e+00	0.00e+00	7.23e-15	8.42e-22	9.06e-60
 1.15236e+23	7.38e-28	8.97e-15	6.50e-11	5.95e-08	3.04e-04	4.02e-02	9.59e-01	0.00e+00	0.00e+00	0.00e+00	8.97e-15	1.05e-21	1.68e-59
 1.15516e+23	9.27e-28	1.06e-14	7.40e-11	6.46e-08	3.21e-04	4.13e-02	9.58e-01	0.00e+00	0.00e+00	0.00e+00	1.06e-14	1.24e-21	2.72e-59
 1.15797e+23	1.26e-27	1.33e-14	8.80e-11	7.22e-08	3.46e-04	4.29e-02	9.57e-01	0.00e+00	0.00e+00	0.00e+00	1.33e-14	1.55e-21	5.15e-59
 1.16080e+23	1.59e-27	1.59e-14	1.01e-10	7.87e-08	3.66e-04	4.41e-02	9.56e-01	0.00e+00	0.00e+00	0.00e+00	1.59e-14	1.85e-21	8.39e-59
 1.16326e+23	2.00e-27	1.89e-14	1.15e-10	8.59e-08	3.88e-04	4.53e-02	9.54e-01	0.00e+00	0.00e+00	0.00e+00	1.89e-14	2.20e-21	1.36e-58
 1.16605e+23	2.73e-27	2.38e-14	1.38e-10	9.65e-08	4.18e-04	4.70e-02	9.53e-01	0.00e+00	0.00e+00	0.00e+00	2.38e-14	2.78e-21	2.59e-58
 1.16882e+23	3.39e-27	2.81e-14	1.56e-10	1.05e-07	4.41e-04	4.83e-02	9.51e-01	0.00e+00	0.00e+00	0.00e+00	2.81e-14	3.28e-21	4.05e-58
 1.17154e+23	4.56e-27	3.52e-14	1.86e-10	1.18e-07	4.74e-04	5.00e-02	9.50e-01	0.00e+00	0.00e+00	0.00e+00	3.52e-14	4.11e-21	7.50e-58
 1.17433e+23	5.70e-27	4.17e-14	2.12e-10	1.28e-07	5.01e-04	5.13e-02	9.48e-01	0.00e+00	0.00e+00	0.00e+00	4.17e-14	4.87e-21	1.19e-57
 1.17718e+23	7.69e-27	5.25e-14	2.54e-10	1.44e-07	5.39e-04	5.32e-02	9.46e-01	0.00e+00	0.00e+00	0.00e+00	5.25e-14	6.13e-21	2.21e-57
 1.18011e+23	9.70e-27	6.27e-14	2.92e-10	1.58e-07	5.71e-04	5.47e-02	9.45e-01	0.00e+00	0.00e+00	0.00e+00	6.27e-14	7.33e-21	3.58e-57
 1.18312e+23	1.32e-26	7.94e-14	3.51e-10	1.79e-07	6.16e-04	5.68e-02	9.43e-01	0.00e+00	0.00e+00	0.00e+00	7.94e-14	9.28e-21	6.74e-57
 1.18620e+23	1.66e-26	9.52e-14	4.04e-10	1.97e-07	6.54e-04	5.84e-02	9.41e-01	0.00e+00	0.00e+00	0.00e+00	9.52e-14	1.11e-20	1.10e-56
 1.18937e+23	2.26e-26	1.21e-13	4.86e-10	2.23e-07	7.06e-04	6.06e-02	9.39e-01	0.00e+00	0.00e+00	0.00e+00	1.21e-13	1.41e-20	2.06e-56
 1.19260e+23	2.86e-26	1.45e-13	5.61e-10	2.45e-07	7.50e-04	6.24e-02	9.37e-01	0.00e+00	0.00e+00	0.00e+00	1.45e-13	1.70e-20	3.37e-56
 1.19591e+23	3.88e-26	1.84e-13	6.76e-10	2.78e-07	8.11e-04	6.47e-02	9.34e-01	0.00e+00	0.00e+00	0.00e+00	1.84e-13	2.15e-20	6.34e-56
 1.19924e+23	4.88e-26	2.20e-13	7.78e-10	3.06e-07	8.60e-04	6.66e-02	9.33e-01	0.00e+00	0.00e+00	0.00e+00	2.20e-13	2.58e-20	1.02e-55
 1.20259e+23	6.58e-26	2.79e-13	9.36e-10	3.46e-07	9.30e-04	6.91e-02	9.30e-01	0.00e+00	0.00e+00	0.00e+00	2.79e-13	3.26e-20	1.90e-55
 1.20600e+23	8.20e-26	3.31e-13	1.07e-09	3.80e-07	9.85e-04	7.10e-02	9.28e-01	0.00e+00	0.00e+00	0.00e+00	3.31e-13	3.88e-20	3.01e-55
 1.20900e+23	1.02e-25	3.94e-13	1.23e-09	4.17e-07	1.04e-03	7.30e-02	9.26e-01	0.00e+00	0.00e+00	0.00e+00	3.94e-13	4.61e-20	4.75e-55
 1.21195e+23	1.26e-25	4.66e-13	1.40e-09	4.56e-07	1.10e-03	7.50e-02	9.24e-01	0.00e+00	0.00e+00	0.00e+00	4.66e-13	5.46e-20	7.42e-55
 1.21534e+23	1.67e-25	5.81e-13	1.67e-09	5.13e-07	1.19e-03	7.77e-02	9.21e-01	0.00e+00	0.00e+00	0.00e+00	5.81e-13	6.82e-20	1.33e-54
 1.21873e+23	2.04e-25	6.80e-13	1.89e-09	5.59e-07	1.25e-03	7.96e-02	9.19e-01	0.00e+00	0.00e+00	0.00e+00	6.80e-13	7.97e-20	2.01e-54
 1.22212e+23	2.66e-25	8.40e-13	2.23e-09	6.26e-07	1.35e-03	8.24e-02	9.16e-01	0.00e+00	0.00e+00	0.00e+00	8.40e-13	9.86e-20	3.51e-54
 1.22547e+23	3.20e-25	9.74e-13	2.51e-09	6.79e-07	1.42e-03	8.44e-02	9.14e-01	0.00e+00	0.00e+00	0.00e+00	9.74e-13	1.14e-19	5.20e-54
 1.22876e+23	4.12e-25	1.19e-12	2.94e-09	7.58e-07	1.52e-03	8.72e-02	9.11e-01	0.00e+00	0.00e+00	0.00e+00	1.19e-12	1.40e-19	8.84e-54
 1.23210e+23	4.95e-25	1.38e-12	3.30e-09	8.21e-07	1.59e-03	8.92e-02	9.09e-01	0.00e+00	0.00e+00	0.00e+00	1.38e-12	1.62e-19	1.30e-53
 1.23551e+23	6.36e-25	1.69e-12	3.87e-09	9.15e-07	1.71e-03	9.22e-02	9.06e-01	0.00e+00	0.00e+00	0.00e+00	1.69e-12	1.98e-19	2.20e-53
 1.23899e+23	7.67e-25	1.96e-12	4.36e-09	9.94e-07	1.80e-03	9.44e-02	9.04e-01	0.00e+00	0.00e+00	0.00e+00	1.96e-12	2.30e-19	3.27e-53
 1.24254e+23	9.87e-25	2.40e-12	5.11e-09	1.11e-06	1.93e-03	9.76e-02	9.01e-01	0.00e+00	0.00e+00	0.00e+00	2.40e-12	2.82e-19	5.55e-53
 1.24616e+23	1.19e-24	2.78e-12	5.76e-09	1.21e-06	2.03e-03	1.00e-01	8.98e-01	0.00e+00	0.00e+00	0.00e+00	2.78e-12	3.28e-19	8.26e-53
 1.24987e+23	1.53e-24	3.41e-12	6.77e-09	1.35e-06	2.18e-03	1.03e-01	8.94e-01	0.00e+00	0.00e+00	0.00e+00	3.41e-12	4.02e-19	1.41e-52
 1.25364e+23	8.21e-25	3.97e-12	7.64e-09	1.47e-06	2.30e-03	1.06e-01	8.92e-01	0.00e+00	0.00e+00	0.00e+00	3.97e-12	4.68e-19	2.10e-52
 1.25751e+23	1.06e-24	4.87e-12	8.98e-09	1.64e-06	2.47e-03	1.10e-01	8.88e-01	0.00e+00	0.00e+00	0.00e+00	4.87e-12	5.74e-19	3.59e-52
 1.26128e+23	1.24e-24	5.56e-12	9.98e-09	1.77e-06	2.59e-03	1.12e-01	8.85e-01	0.00e+00	0.00e+00	0.00e+00	5.56e-12	6.56e-19	5.12e-52
 1.26495e+23	1.58e-24	6.75e-12	1.16e-08	1.97e-06	2.77e-03	1.16e-01	8.82e-01	0.00e+00	0.00e+00	0.00e+00	6.75e-12	7.98e-19	8.51e-52
 1.26867e+23	1.87e-24	7.71e-12	1.30e-08	2.13e-06	2.90e-03	1.18e-01	8.79e-01	0.00e+00	0.00e+00	0.00e+00	7.71e-12	9.11e-19	1.21e-51
 1.27246e+23	2.35e-24	9.30e-12	1.50e-08	2.36e-06	3.10e-03	1.22e-01	8.75e-01	0.00e+00	0.00e+00	0.00e+00	9.30e-12	1.10e-18	1.98e-51
 1.27637e+23	2.82e-24	1.08e-11	1.69e-08	2.57e-06	3.27e-03	1.25e-01	8.72e-01	0.00e+00	0.00e+00	0.00e+00	1.08e-11	1.28e-18	2.94e-51
 1.28044e+23	3.54e-24	1.30e-11	1.96e-08	2.85e-06	3.50e-03	1.29e-01	8.68e-01	0.00e+00	0.00e+00	0.00e+00	1.30e-11	1.54e-18	4.82e-51
 1.28464e+23	4.29e-24	1.52e-11	2.23e-08	3.12e-06	3.70e-03	1.32e-01	8.64e-01	0.00e+00	0.00e+00	0.00e+00	1.52e-11	1.80e-18	7.30e-51
 1.28901e+23	5.44e-24	1.84e-11	2.60e-08	3.48e-06	3.96e-03	1.36e-01	8.60e-01	0.00e+00	0.00e+00	0.00e+00	1.84e-11	2.19e-18	1.22e-50
 1.29349e+23	6.63e-24	2.17e-11	2.95e-08	3.81e-06	4.20e-03	1.40e-01	8.56e-01	0.00e+00	0.00e+00	0.00e+00	2.17e-11	2.57e-18	1.87e-50
 1.29814e+23	8.47e-24	2.64e-11	3.46e-08	4.26e-06	4.51e-03	1.45e-01	8.51e-01	0.00e+00	0.00e+00	0.00e+00	2.64e-11	3.14e-18	3.16e-50
 1.30293e+23	1.04e-23	3.12e-11	3.96e-08	4.69e-06	4.79e-03	1.49e-01	8.47e-01	0.00e+00	0.00e+00	0.00e+00	3.12e-11	3.71e-18	4.94e-50
 1.30792e+23	1.34e-23	3.84e-11	4.67e-08	5.28e-06	5.17e-03	1.54e-01	8.41e-01	0.00e+00	0.00e+00	0.00e+00	3.84e-11	4.57e-18	8.57e-50
 1.31306e+23	1.67e-23	4.57e-11	5.37e-08	5.83e-06	5.50e-03	1.58e-01	8.36e-01	0.00e+00	0.00e+00	0.00e+00	4.57e-11	5.44e-18	1.36e-49
 1.31768e+23	2.03e-23	5.37e-11	6.11e-08	6.40e-06	5.84e-03	1.63e-01	8.32e-01	0.00e+00	0.00e+00	0.00e+00	5.37e-11	6.41e-18	2.10e-49
 1.32298e+23	2.69e-23	6.73e-11	7.33e-08	7.28e-06	6.34e-03	1.69e-01	8.25e-01	0.00e+00	0.00e+00	0.00e+00	6.73e-11	8.04e-18	3.82e-49
 1.32833e+23	3.28e-23	7.91e-11	8.34e-08	8.00e-06	6.72e-03	1.73e-01	8.20e-01	0.00e+00	0.00e+00	0.00e+00	7.91e-11	9.46e-18	5.89e-49
 1.33371e+23	4.30e-23	9.86e-11	9.95e-08	9.07e-06	7.28e-03	1.79e-01	8.13e-01	0.00e+00	0.00e+00	0.00e+00	9.86e-11	1.18e-17	1.06e-48
 1.33922e+23	5.34e-23	1.18e-10	1.15e-07	1.00e-05	7.76e-03	1.84e-01	8.08e-01	0.00e+00	0.00e+00	0.00e+00	1.18e-10	1.41e-17	1.69e-48
 1.34487e+23	7.04e-23	1.47e-10	1.37e-07	1.14e-05	8.42e-03	1.91e-01	8.00e-01	0.00e+00	0.00e+00	0.00e+00	1.47e-10	1.77e-17	3.07e-48
 1.35064e+23	8.85e-23	1.78e-10	1.60e-07	1.27e-05	9.02e-03	1.97e-01	7.94e-01	0.00e+00	0.00e+00	0.00e+00	1.78e-10	2.15e-17	5.06e-48
 1.35577e+23	1.11e-22	2.15e-10	1.86e-07	1.42e-05	9.64e-03	2.03e-01	7.88e-01	0.00e+00	0.00e+00	0.00e+00	2.15e-10	2.59e-17	8.22e-48
 1.36166e+23	1.48e-22	2.74e-10	2.26e-07	1.63e-05	1.05e-02	2.11e-01	7.79e-01	0.00e+00	0.00e+00	0.00e+00	2.74e-10	3.31e-17	1.56e-47
 1.36720e+23	1.78e-22	3.20e-10	2.56e-07	1.78e-05	1.11e-02	2.16e-01	7.73e-01	0.00e+00	0.00e+00	0.00e+00	3.20e-10	3.87e-17	2.34e-47
 1.37229e+23	2.31e-22	4.00e-10	3.06e-07	2.02e-05	1.20e-02	2.23e-01	7.65e-01	0.00e+00	0.00e+00	0.00e+00	4.00e-10	4.85e-17	4.13e-47
 1.37744e+23	2.79e-22	4.70e-10	3.48e-07	2.22e-05	1.28e-02	2.29e-01	7.58e-01	0.00e+00	0.00e+00	0.00e+00	4.70e-10	5.71e-17	6.30e-47
 1.38267e+23	3.61e-22	5.86e-10	4.16e-07	2.52e-05	1.38e-02	2.36e-01	7.50e-01	0.00e+00	0.00e+00	0.00e+00	5.86e-10	7.13e-17	1.11e-46
 1.38802e+23	4.44e-22	7.02e-10	4.81e-07	2.79e-05	1.47e-02	2.43e-01	7.42e-01	0.00e+00	0.00e+00	0.00e+00	7.02e-10	8.56e-17	1.76e-46
 1.39352e+23	5.82e-22	8.93e-10	5.84e-07	3.20e-05	1.60e-02	2.52e-01	7.32e-01	0.00e+00	0.00e+00	0.00e+00	8.93e-10	1.09e-16	3.22e-46
 1.39904e+23	7.11e-22	1.07e-09	6.75e-07	3.55e-05	1.71e-02	2.58e-01	7.25e-01	0.00e+00	0.00e+00	0.00e+00	1.07e-09	1.31e-16	5.08e-46
 1.40461e+23	9.29e-22	1.36e-09	8.21e-07	4.08e-05	1.86e-02	2.68e-01	7.14e-01	0.00e+00	0.00e+00	0.00e+00	1.36e-09	1.68e-16	9.32e-46
 1.41029e+23	1.15e-21	1.66e-09	9.60e-07	4.57e-05	1.99e-02	2.75e-01	7.05e-01	0.00e+00	0.00e+00	0.00e+00	1.66e-09	2.04e-16	1.51e-45
 1.41611e+23	1.51e-21	2.14e-09	1.18e-06	5.29e-05	2.18e-02	2.85e-01	6.93e-01	0.00e+00	0.00e+00	0.00e+00	2.14e-09	2.65e-16	2.85e-45
 1.42205e+23	1.87e-21	2.63e-09	1.40e-06	5.96e-05	2.34e-02	2.94e-01	6.83e-01	0.00e+00	0.00e+00	0.00e+00	2.63e-09	3.27e-16	4.71e-45
 1.42814e+23	2.47e-21	3.45e-09	1.74e-06	6.97e-05	2.58e-02	3.05e-01	6.69e-01	0.00e+00	0.00e+00	0.00e+00	3.45e-09	4.31e-16	9.07e-45
 1.43428e+23	3.06e-21	4.27e-09	2.06e-06	7.87e-05	2.78e-02	3.14e-01	6.59e-01	0.00e+00	0.00e+00	0.00e+00	4.27e-09	5.34e-16	1.51e-44
 1.43948e+23	3.70e-21	5.19e-09	2.42e-06	8.82e-05	2.98e-02	3.22e-01	6.48e-01	0.00e+00	0.00e+00	0.00e+00	5.19e-09	6.52e-16	2.40e-44
 1.44512e+23	4.69e-21	6.65e-09	2.96e-06	1.02e-04	3.25e-02	3.33e-01	6.35e-01	0.00e+00	0.00e+00	0.00e+00	6.65e-09	8.41e-16	4.31e-44
 1.45079e+23	5.65e-21	8.08e-09	3.47e-06	1.14e-04	3.48e-02	3.41e-01	6.24e-01	0.00e+00	0.00e+00	0.00e+00	8.08e-09	1.03e-15	6.82e-44
 1.45632e+23	7.00e-21	1.02e-08	4.21e-06	1.32e-04	3.79e-02	3.52e-01	6.10e-01	0.00e+00	0.00e+00	0.00e+00	1.02e-08	1.31e-15	1.18e-43
 1.46197e+23	8.40e-21	1.25e-08	4.97e-06	1.48e-04	4.07e-02	3.61e-01	5.98e-01	0.00e+00	0.00e+00	0.00e+00	1.25e-08	1.62e-15	1.88e-43
 1.46751e+23	1.01e-20	1.57e-08	5.99e-06	1.70e-04	4.41e-02	3.71e-01	5.85e-01	0.00e+00	0.00e+00	0.00e+00	1.57e-08	2.04e-15	3.12e-43
 1.47316e+23	1.20e-20	1.93e-08	7.11e-06	1.92e-04	4.75e-02	3.81e-01	5.72e-01	0.00e+00	0.00e+00	0.00e+00	1.93e-08	2.54e-15	4.98e-43
 1.47874e+23	1.42e-20	2.38e-08	8.49e-06	2.19e-04	5.13e-02	3.91e-01	5.58e-01	0.00e+00	0.00e+00	0.00e+00	2.38e-08	3.17e-15	8.01e-43
 1.48436e+23	1.67e-20	2.93e-08	1.01e-05	2.49e-04	5.52e-02	4.00e-01	5.44e-01	0.00e+00	0.00e+00	0.00e+00	2.93e-08	3.94e-15	1.26e-42
 1.48991e+23	1.95e-20	3.58e-08	1.19e-05	2.82e-04	5.94e-02	4.10e-01	5.30e-01	0.00e+00	0.00e+00	0.00e+00	3.58e-08	4.89e-15	1.96e-42
 1.49545e+23	2.27e-20	4.36e-08	1.41e-05	3.19e-04	6.39e-02	4.19e-01	5.17e-01	0.00e+00	0.00e+00	0.00e+00	4.36e-08	6.05e-15	3.01e-42
 1.50099e+23	2.62e-20	5.29e-08	1.67e-05	3.61e-04	6.86e-02	4.28e-01	5.03e-01	0.00e+00	0.00e+00	0.00e+00	5.29e-08	7.48e-15	4.57e-42
 1.50656e+23	3.02e-20	6.40e-08	1.96e-05	4.08e-04	7.36e-02	4.37e-01	4.89e-01	0.00e+00	0.00e+00	0.00e+00	6.40e-08	9.22e-15	6.87e-42
 1.51215e+23	3.47e-20	7.73e-08	2.31e-05	4.60e-04	7.89e-02	4.46e-01	4.75e-01	0.00e+00	0.00e+00	0.00e+00	7.73e-08	1.13e-14	1.02e-41
 1.51779e+23	3.98e-20	9.30e-08	2.71e-05	5.19e-04	8.45e-02	4.54e-01	4.60e-01	0.00e+00	0.00e+00	0.00e+00	9.30e-08	1.39e-14	1.51e-41
 1.52350e+23	4.58e-20	1.12e-07	3.18e-05	5.86e-04	9.05e-02	4.63e-01	4.46e-01	0.00e+00	0.00e+00	0.00e+00	1.12e-07	1.71e-14	2.22e-41
 1.52923e+23	5.25e-20	1.33e-07	3.72e-05	6.60e-04	9.68e-02	4.71e-01	4.32e-01	0.00e+00	0.00e+00	0.00e+00	1.33e-07	2.09e-14	3.22e-41
 1.53506e+23	6.06e-20	1.60e-07	4.36e-05	7.44e-04	1.04e-01	4.78e-01	4.17e-01	0.00e+00	0.00e+00	0.00e+00	1.60e-07	2.56e-14	4.67e-41
 1.54094e+23	6.99e-20	1.90e-07	5.09e-05	8.37e-04	1.10e-01	4.85e-01	4.03e-01	0.00e+00	0.00e+00	0.00e+00	1.90e-07	3.11e-14	6.67e-41
 1.54695e+23	1.10e-19	2.26e-07	5.96e-05	9.45e-04	1.18e-01	4.92e-01	3.88e-01	0.00e+00	0.00e+00	0.00e+00	2.26e-07	3.79e-14	9.58e-41
 1.55305e+23	1.29e-19	2.68e-07	6.95e-05	1.06e-03	1.26e-01	4.99e-01	3.74e-01	0.00e+00	0.00e+00	0.00e+00	2.68e-07	4.59e-14	1.36e-40
 1.55865e+23	1.48e-19	3.08e-07	7.89e-05	1.17e-03	1.33e-01	5.04e-01	3.62e-01	0.00e+00	0.00e+00	0.00e+00	3.08e-07	5.37e-14	1.81e-40
 1.56450e+23	1.75e-19	3.67e-07	9.25e-05	1.32e-03	1.42e-01	5.10e-01	3.47e-01	0.00e+00	0.00e+00	0.00e+00	3.67e-07	6.52e-14	2.58e-40
 1.57044e+23	2.02e-19	4.21e-07	1.05e-04	1.46e-03	1.49e-01	5.14e-01	3.35e-01	0.00e+00	0.00e+00	0.00e+00	4.21e-07	7.60e-14	3.43e-40
 1.57657e+23	2.44e-19	5.01e-07	1.23e-04	1.65e-03	1.60e-01	5.19e-01	3.20e-01	0.00e+00	0.00e+00	0.00e+00	5.01e-07	9.21e-14	4.90e-40
 1.58270e+23	2.84e-19	5.71e-07	1.39e-04	1.81e-03	1.68e-01	5.22e-01	3.08e-01	0.00e+00	0.00e+00	0.00e+00	5.71e-07	1.06e-13	6.42e-40
 1.58885e+23	3.44e-19	6.74e-07	1.62e-04	2.05e-03	1.79e-01	5.25e-01	2.94e-01	0.00e+00	0.00e+00	0.00e+00	6.74e-07	1.28e-13	9.02e-40
 1.59502e+23	4.01e-19	7.64e-07	1.82e-04	2.24e-03	1.87e-01	5.28e-01	2.83e-01	0.00e+00	0.00e+00	0.00e+00	7.64e-07	1.46e-13	1.18e-39
 1.60122e+23	4.88e-19	8.95e-07	2.12e-04	2.52e-03	1.99e-01	5.30e-01	2.69e-01	0.00e+00	0.00e+00	0.00e+00	8.95e-07	1.74e-13	1.64e-39
 1.60749e+23	5.71e-19	1.01e-06	2.38e-04	2.75e-03	2.08e-01	5.31e-01	2.58e-01	0.00e+00	0.00e+00	0.00e+00	1.01e-06	1.99e-13	2.13e-39
 1.61385e+23	6.98e-19	1.18e-06	2.75e-04	3.09e-03	2.20e-01	5.32e-01	2.45e-01	0.00e+00	0.00e+00	0.00e+00	1.18e-06	2.36e-13	2.95e-39
 1.62029e+23	8.20e-19	1.33e-06	3.08e-04	3.37e-03	2.30e-01	5.32e-01	2.34e-01	0.00e+00	0.00e+00	0.00e+00	1.33e-06	2.68e-13	3.83e-39
 1.62684e+23	1.01e-18	1.55e-06	3.57e-04	3.78e-03	2.43e-01	5.31e-01	2.21e-01	0.00e+00	0.00e+00	0.00e+00	1.55e-06	3.16e-13	5.32e-39
 1.63352e+23	1.19e-18	1.75e-06	4.00e-04	4.13e-03	2.54e-01	5.30e-01	2.11e-01	0.00e+00	0.00e+00	0.00e+00	1.75e-06	3.60e-13	6.95e-39
 1.64036e+23	1.47e-18	2.03e-06	4.62e-04	4.63e-03	2.68e-01	5.28e-01	1.99e-01	0.00e+00	0.00e+00	0.00e+00	2.03e-06	4.24e-13	9.71e-39
 1.64735e+23	1.75e-18	2.29e-06	5.18e-04	5.06e-03	2.80e-01	5.26e-01	1.89e-01	0.00e+00	0.00e+00	0.00e+00	2.29e-06	4.83e-13	1.28e-38
 1.65455e+23	2.17e-18	2.67e-06	6.00e-04	5.68e-03	2.95e-01	5.22e-01	1.77e-01	0.00e+00	0.00e+00	0.00e+00	2.67e-06	5.69e-13	1.81e-38
 1.66188e+23	2.59e-18	3.01e-06	6.73e-04	6.20e-03	3.07e-01	5.18e-01	1.68e-01	0.00e+00	0.00e+00	0.00e+00	3.01e-06	6.49e-13	2.42e-38
 1.66809e+23	3.02e-18	3.34e-06	7.45e-04	6.73e-03	3.19e-01	5.15e-01	1.59e-01	0.00e+00	0.00e+00	0.00e+00	3.34e-06	7.28e-13	3.10e-38
 1.67485e+23	3.69e-18	3.82e-06	8.49e-04	7.45e-03	3.33e-01	5.09e-01	1.49e-01	0.00e+00	0.00e+00	0.00e+00	3.82e-06	8.42e-13	4.29e-38
 1.68139e+23	4.25e-18	4.20e-06	9.29e-04	7.99e-03	3.44e-01	5.05e-01	1.42e-01	0.00e+00	0.00e+00	0.00e+00	4.20e-06	9.34e-13	5.43e-38
 1.68765e+23	5.06e-18	4.73e-06	1.04e-03	8.77e-03	3.58e-01	4.99e-01	1.34e-01	0.00e+00	0.00e+00	0.00e+00	4.73e-06	1.06e-12	7.25e-38
 1.69397e+23	5.84e-18	5.20e-06	1.14e-03	9.38e-03	3.68e-01	4.94e-01	1.27e-01	0.00e+00	0.00e+00	0.00e+00	5.20e-06	1.18e-12	9.31e-38
 1.70037e+23	6.97e-18	5.85e-06	1.28e-03	1.03e-02	3.82e-01	4.87e-01	1.19e-01	0.00e+00	0.00e+00	0.00e+00	5.85e-06	1.34e-12	1.26e-37
 1.70687e+23	8.07e-18	6.44e-06	1.40e-03	1.10e-02	3.93e-01	4.81e-01	1.13e-01	0.00e+00	0.00e+00	0.00e+00	6.44e-06	1.49e-12	1.63e-37
 1.71350e+23	9.63e-18	7.24e-06	1.57e-03	1.20e-02	4.08e-01	4.73e-01	1.06e-01	0.00e+00	0.00e+00	0.00e+00	7.24e-06	1.70e-12	2.22e-37
 1.72022e+23	1.12e-17	7.98e-06	1.72e-03	1.29e-02	4.19e-01	4.66e-01	1.00e-01	0.00e+00	0.00e+00	0.00e+00	7.98e-06	1.89e-12	2.90e-37
 1.72706e+23	1.34e-17	8.97e-06	1.93e-03	1.41e-02	4.34e-01	4.57e-01	9.29e-02	0.00e+00	0.00e+00	0.00e+00	8.97e-06	2.16e-12	4.01e-37
 1.73403e+23	1.56e-17	9.90e-06	2.11e-03	1.51e-02	4.45e-01	4.50e-01	8.77e-02	0.00e+00	0.00e+00	0.00e+00	9.90e-06	2.41e-12	5.32e-37
 1.74115e+23	1.87e-17	1.12e-05	2.37e-03	1.65e-02	4.60e-01	4.40e-01	8.10e-02	0.00e+00	0.00e+00	0.00e+00	1.12e-05	2.76e-12	7.46e-37
 1.74844e+23	2.19e-17	1.23e-05	2.60e-03	1.77e-02	4.72e-01	4.31e-01	7.61e-02	0.00e+00	0.00e+00	0.00e+00	1.23e-05	3.08e-12	1.00e-36
 1.75593e+23	2.65e-17	1.39e-05	2.92e-03	1.94e-02	4.88e-01	4.20e-01	7.00e-02	0.00e+00	0.00e+00	0.00e+00	1.39e-05	3.55e-12	1.45e-36
 1.76363e+23	3.11e-17	1.55e-05	3.22e-03	2.08e-02	5.00e-01	4.11e-01	6.54e-02	0.00e+00	0.00e+00	0.00e+00	1.55e-05	3.99e-12	1.98e-36
 1.77159e+23	3.80e-17	1.76e-05	3.63e-03	2.29e-02	5.15e-01	3.99e-01	5.97e-02	0.00e+00	0.00e+00	0.00e+00	1.76e-05	4.62e-12	2.95e-36
 1.77962e+23	4.48e-17	1.95e-05	3.99e-03	2.45e-02	5.27e-01	3.89e-01	5.56e-02	0.00e+00	0.00e+00	0.00e+00	1.95e-05	5.21e-12	4.08e-36
 1.78775e+23	5.49e-17	2.22e-05	4.49e-03	2.68e-02	5.42e-01	3.76e-01	5.05e-02	5.49e-17	5.22e-22	1.21e-22	2.22e-05	6.04e-12	6.15e-36
 1.79598e+23	6.51e-17	2.47e-05	4.93e-03	2.87e-02	5.54e-01	3.66e-01	4.69e-02	6.51e-17	2.69e-21	4.60e-22	2.47e-05	6.83e-12	8.67e-36
 1.80436e+23	7.97e-17	2.81e-05	5.56e-03	3.14e-02	5.68e-01	3.52e-01	4.24e-02	7.97e-17	3.33e-21	5.73e-22	2.81e-05	7.95e-12	1.33e-35
 1.81285e+23	9.51e-17	3.13e-05	6.11e-03	3.36e-02	5.79e-01	3.42e-01	3.92e-02	9.51e-17	4.01e-21	6.92e-22	3.13e-05	9.02e-12	1.90e-35
 1.82036e+23	1.12e-16	3.47e-05	6.70e-03	3.60e-02	5.90e-01	3.31e-01	3.61e-02	1.12e-16	4.76e-21	8.25e-22	3.47e-05	1.02e-11	2.68e-35
 1.82896e+23	1.39e-16	3.97e-05	7.53e-03	3.92e-02	6.03e-01	3.18e-01	3.25e-02	1.39e-16	5.99e-21	1.04e-21	3.97e-05	1.19e-11	4.22e-35
 1.83771e+23	1.64e-16	4.40e-05	8.27e-03	4.20e-02	6.13e-01	3.06e-01	2.98e-02	1.64e-16	7.16e-21	1.25e-21	4.40e-05	1.35e-11	6.05e-35
 1.84480e+23	1.91e-16	4.83e-05	8.95e-03	4.45e-02	6.22e-01	2.97e-01	2.77e-02	1.91e-16	8.41e-21	1.47e-21	4.83e-05	1.50e-11	8.31e-35
 1.85216e+23	2.29e-16	5.40e-05	9.83e-03	4.75e-02	6.31e-01	2.86e-01	2.54e-02	2.29e-16	1.02e-20	1.80e-21	5.40e-05	1.72e-11	1.22e-34
 1.85989e+23	2.69e-16	5.94e-05	1.07e-02	5.03e-02	6.39e-01	2.77e-01	2.34e-02	2.69e-16	1.21e-20	2.14e-21	5.94e-05	1.93e-11	1.72e-34
 1.86698e+23	3.15e-16	6.54e-05	1.16e-02	5.33e-02	6.46e-01	2.67e-01	2.16e-02	3.14e-16	1.43e-20	2.54e-21	6.54e-05	2.16e-11	2.41e-34
 1.87507e+23	3.84e-16	7.38e-05	1.28e-02	5.71e-02	6.55e-01	2.56e-01	1.95e-02	3.84e-16	1.78e-20	3.16e-21	7.38e-05	2.50e-11	3.71e-34
 1.88338e+23	4.55e-16	8.16e-05	1.39e-02	6.08e-02	6.62e-01	2.45e-01	1.78e-02	4.55e-16	2.13e-20	3.80e-21	8.16e-05	2.83e-11	5.35e-34
 1.89069e+23	5.36e-16	9.00e-05	1.51e-02	6.42e-02	6.68e-01	2.36e-01	1.64e-02	5.36e-16	2.54e-20	4.55e-21	9.00e-05	3.19e-11	7.58e-34
 1.89889e+23	6.59e-16	1.02e-04	1.66e-02	6.86e-02	6.75e-01	2.25e-01	1.48e-02	6.59e-16	3.17e-20	5.71e-21	1.02e-04	3.70e-11	1.18e-33
 1.90747e+23	7.88e-16	1.13e-04	1.81e-02	7.29e-02	6.80e-01	2.15e-01	1.34e-02	7.88e-16	3.85e-20	6.96e-21	1.13e-04	4.22e-11	1.74e-33
 1.91520e+23	9.40e-16	1.25e-04	1.97e-02	7.70e-02	6.85e-01	2.06e-01	1.22e-02	9.40e-16	4.66e-20	8.44e-21	1.25e-04	4.78e-11	2.52e-33
 1.92393e+23	1.18e-15	1.42e-04	2.18e-02	8.23e-02	6.90e-01	1.95e-01	1.09e-02	1.18e-15	5.94e-20	1.08e-20	1.42e-04	5.61e-11	4.04e-33
 1.93295e+23	1.42e-15	1.59e-04	2.38e-02	8.75e-02	6.93e-01	1.86e-01	9.77e-03	1.42e-15	7.32e-20	1.34e-20	1.59e-04	6.43e-11	6.07e-33
 1.94099e+23	1.72e-15	1.76e-04	2.58e-02	9.23e-02	6.96e-01	1.77e-01	8.87e-03	1.72e-15	8.97e-20	1.65e-20	1.76e-04	7.34e-11	8.95e-33
 1.95009e+23	2.18e-15	2.01e-04	2.86e-02	9.85e-02	6.98e-01	1.66e-01	7.83e-03	2.18e-15	1.16e-19	2.15e-20	2.01e-04	8.68e-11	1.47e-32
 1.95955e+23	2.71e-15	2.26e-04	3.12e-02	1.05e-01	7.00e-01	1.57e-01	6.98e-03	2.71e-15	1.47e-19	2.73e-20	2.26e-04	1.01e-10	2.26e-32
 1.96808e+23	1.97e-15	2.53e-04	3.39e-02	1.10e-01	7.00e-01	1.49e-01	6.26e-03	1.97e-15	1.09e-19	2.03e-20	2.53e-04	1.16e-10	3.42e-32
 1.97776e+23	2.53e-15	2.91e-04	3.77e-02	1.18e-01	7.00e-01	1.39e-01	5.44e-03	2.53e-15	1.44e-19	2.69e-20	2.91e-04	1.39e-10	5.81e-32
 1.98768e+23	3.13e-15	3.28e-04	4.12e-02	1.25e-01	6.99e-01	1.30e-01	4.82e-03	3.13e-15	1.82e-19	3.41e-20	3.28e-04	1.62e-10	9.05e-32
 1.99657e+23	3.86e-15	3.68e-04	4.48e-02	1.31e-01	6.97e-01	1.23e-01	4.28e-03	3.86e-15	2.29e-19	4.32e-20	3.68e-04	1.88e-10	1.40e-31
 2.00678e+23	5.10e-15	4.27e-04	5.00e-02	1.40e-01	6.93e-01	1.13e-01	3.67e-03	5.10e-15	3.11e-19	5.90e-20	4.27e-04	2.28e-10	2.45e-31
 2.01709e+23	6.36e-15	4.81e-04	5.44e-02	1.48e-01	6.88e-01	1.05e-01	3.22e-03	6.36e-15	3.97e-19	7.57e-20	4.81e-04	2.66e-10	3.83e-31
 2.02752e+23	8.56e-15	5.60e-04	6.06e-02	1.58e-01	6.82e-01	9.68e-02	2.75e-03	8.56e-15	5.51e-19	1.06e-19	5.60e-04	3.24e-10	6.77e-31
 2.03812e+23	1.10e-14	6.34e-04	6.60e-02	1.66e-01	6.75e-01	8.99e-02	2.39e-03	1.10e-14	7.27e-19	1.40e-19	6.34e-04	3.82e-10	1.08e-30
 2.04894e+23	1.52e-14	7.42e-04	7.36e-02	1.77e-01	6.66e-01	8.16e-02	2.01e-03	1.52e-14	1.04e-18	2.01e-19	7.42e-04	4.69e-10	1.94e-30
 2.05987e+23	2.00e-14	8.42e-04	8.02e-02	1.85e-01	6.57e-01	7.54e-02	1.74e-03	2.00e-14	1.40e-18	2.73e-19	8.42e-04	5.53e-10	3.11e-30
 2.07094e+23	2.91e-14	9.89e-04	8.93e-02	1.96e-01	6.44e-01	6.79e-02	1.44e-03	2.90e-14	2.11e-18	4.12e-19	9.89e-04	6.85e-10	5.69e-30
 2.08212e+23	3.96e-14	1.12e-03	9.72e-02	2.05e-01	6.33e-01	6.24e-02	1.24e-03	3.96e-14	2.96e-18	5.80e-19	1.12e-03	8.10e-10	9.14e-30
 2.09343e+23	6.17e-14	1.32e-03	1.08e-01	2.17e-01	6.17e-01	5.57e-02	1.02e-03	6.16e-14	4.78e-18	9.43e-19	1.32e-03	1.01e-09	1.68e-29
 2.10490e+23	9.16e-14	1.51e-03	1.18e-01	2.26e-01	6.03e-01	5.08e-02	8.70e-04	9.16e-14	7.32e-18	1.45e-18	1.51e-03	1.20e-09	2.73e-29
 2.11485e+23	1.42e-13	1.71e-03	1.27e-01	2.35e-01	5.89e-01	4.64e-02	7.44e-04	1.42e-13	1.17e-17	2.33e-18	1.71e-03	1.42e-09	4.34e-29
 2.12604e+23	2.71e-13	2.00e-03	1.41e-01	2.46e-01	5.70e-01	4.11e-02	6.06e-04	2.71e-13	2.33e-17	4.64e-18	2.00e-03	1.76e-09	7.88e-29
 2.13696e+23	5.10e-13	2.25e-03	1.51e-01	2.54e-01	5.55e-01	3.76e-02	5.20e-04	5.10e-13	4.50e-17	9.02e-18	2.25e-03	2.06e-09	1.21e-28
 2.14608e+23	1.16e-12	2.52e-03	1.62e-01	2.61e-01	5.40e-01	3.43e-02	4.48e-04	1.16e-12	1.06e-16	2.13e-17	2.52e-03	2.40e-09	1.84e-28
 2.15648e+23	4.54e-12	2.92e-03	1.77e-01	2.71e-01	5.19e-01	3.03e-02	3.65e-04	4.54e-12	4.29e-16	8.66e-17	2.92e-03	2.93e-09	3.19e-28
 2.16679e+23	1.10e-11	3.26e-03	1.89e-01	2.77e-01	5.03e-01	2.76e-02	3.13e-04	1.10e-11	1.07e-15	2.16e-16	3.26e-03	3.41e-09	4.80e-28
 2.17698e+23	7.22e-11	3.74e-03	2.05e-01	2.85e-01	4.82e-01	2.44e-02	2.56e-04	7.22e-11	7.33e-15	1.49e-15	3.74e-03	4.13e-09	8.08e-28
 2.18746e+23	3.51e-09	4.20e-03	2.19e-01	2.91e-01	4.64e-01	2.20e-02	2.16e-04	3.51e-09	3.69e-13	7.51e-14	4.20e-03	4.85e-09	1.25e-27
 2.19687e+23	4.35e-08	4.71e-03	2.34e-01	2.96e-01	4.45e-01	1.97e-02	1.81e-04	4.35e-08	4.80e-12	9.77e-13	4.71e-03	5.68e-09	1.98e-27
 2.20769e+23	2.16e-07	5.43e-03	2.53e-01	3.02e-01	4.22e-01	1.71e-02	1.45e-04	2.16e-07	2.53e-11	5.15e-12	5.43e-03	6.93e-09	3.79e-27
 2.21865e+23	3.21e-07	6.10e-03	2.70e-01	3.07e-01	4.02e-01	1.52e-02	1.20e-04	3.21e-07	3.91e-11	7.95e-12	6.10e-03	8.16e-09	6.07e-27
 2.22978e+23	4.30e-07	7.02e-03	2.91e-01	3.10e-01	3.78e-01	1.31e-02	9.49e-05	4.30e-07	5.48e-11	1.12e-11	7.02e-03	9.95e-09	1.05e-26
 2.24012e+23	5.29e-07	7.72e-03	3.07e-01	3.13e-01	3.61e-01	1.17e-02	8.04e-05	5.29e-07	6.95e-11	1.42e-11	7.72e-03	1.14e-08	1.53e-26
 2.24817e+23	6.32e-07	8.46e-03	3.22e-01	3.14e-01	3.45e-01	1.06e-02	6.83e-05	6.32e-07	8.56e-11	1.76e-11	8.46e-03	1.30e-08	2.19e-26
 2.25737e+23	7.80e-07	9.45e-03	3.41e-01	3.15e-01	3.26e-01	9.24e-03	5.57e-05	7.80e-07	1.10e-10	2.26e-11	9.45e-03	1.53e-08	3.41e-26
 2.26680e+23	9.29e-07	1.04e-02	3.57e-01	3.15e-01	3.09e-01	8.23e-03	4.67e-05	9.29e-07	1.35e-10	2.79e-11	1.04e-02	1.75e-08	4.92e-26
 2.27522e+23	1.09e-06	1.13e-02	3.74e-01	3.14e-01	2.93e-01	7.34e-03	3.92e-05	1.09e-06	1.64e-10	3.40e-11	1.13e-02	1.99e-08	7.04e-26
 2.28486e+23	1.34e-06	1.27e-02	3.94e-01	3.13e-01	2.74e-01	6.33e-03	3.13e-05	1.34e-06	2.09e-10	4.33e-11	1.27e-02	2.34e-08	1.10e-25
