#depth	N	N+	N+2	N+3	N+4	N+5	N+6	N+7
 4.62852e+21	4.39e-25	4.67e-19	1.37e-14	4.77e-11	5.47e-08	1.95e-04	2.94e-02	9.70e-01
 1.04126e+22	1.54e-23	9.11e-18	1.51e-13	2.96e-10	1.84e-07	4.87e-04	4.74e-02	9.52e-01
 1.21198e+22	1.42e-22	5.92e-17	6.95e-13	9.45e-10	3.99e-07	8.27e-04	6.17e-02	9.38e-01
 1.29473e+22	5.40e-22	1.84e-16	1.76e-12	1.92e-09	6.39e-07	1.12e-03	7.14e-02	9.27e-01
 1.32920e+22	7.69e-22	2.48e-16	2.25e-12	2.31e-09	7.24e-07	1.21e-03	7.42e-02	9.25e-01
 1.34051e+22	9.80e-22	3.05e-16	2.66e-12	2.63e-09	7.89e-07	1.28e-03	7.61e-02	9.23e-01
 1.34907e+22	1.22e-21	3.66e-16	3.10e-12	2.95e-09	8.52e-07	1.34e-03	7.79e-02	9.21e-01
 1.35863e+22	1.63e-21	4.69e-16	3.80e-12	3.44e-09	9.44e-07	1.43e-03	8.03e-02	9.18e-01
 1.36844e+22	2.07e-21	5.75e-16	4.49e-12	3.91e-09	1.03e-06	1.51e-03	8.23e-02	9.16e-01
 1.37858e+22	2.83e-21	7.53e-16	5.61e-12	4.63e-09	1.15e-06	1.62e-03	8.51e-02	9.13e-01
 1.38882e+22	3.63e-21	9.30e-16	6.67e-12	5.29e-09	1.26e-06	1.71e-03	8.73e-02	9.11e-01
 1.39917e+22	5.04e-21	1.23e-15	8.40e-12	6.31e-09	1.41e-06	1.84e-03	9.04e-02	9.08e-01
 1.40957e+22	6.48e-21	1.53e-15	1.00e-11	7.22e-09	1.55e-06	1.95e-03	9.27e-02	9.05e-01
 1.42002e+22	9.05e-21	2.03e-15	1.27e-11	8.63e-09	1.74e-06	2.09e-03	9.60e-02	9.02e-01
 1.43024e+22	1.14e-20	2.48e-15	1.50e-11	9.79e-09	1.90e-06	2.21e-03	9.84e-02	8.99e-01
 1.44013e+22	1.58e-20	3.26e-15	1.88e-11	1.16e-08	2.13e-06	2.37e-03	1.02e-01	8.96e-01
 1.45010e+22	1.98e-20	3.96e-15	2.20e-11	1.32e-08	2.31e-06	2.49e-03	1.04e-01	8.93e-01
 1.46018e+22	2.70e-20	5.17e-15	2.75e-11	1.56e-08	2.59e-06	2.67e-03	1.08e-01	8.90e-01
 1.47051e+22	3.45e-20	6.37e-15	3.26e-11	1.78e-08	2.83e-06	2.82e-03	1.10e-01	8.87e-01
 1.48119e+22	4.77e-20	8.41e-15	4.10e-11	2.12e-08	3.18e-06	3.04e-03	1.14e-01	8.83e-01
 1.49204e+22	6.06e-20	1.03e-14	4.86e-11	2.41e-08	3.48e-06	3.21e-03	1.17e-01	8.80e-01
 1.50312e+22	8.34e-20	1.36e-14	6.10e-11	2.87e-08	3.91e-06	3.45e-03	1.21e-01	8.76e-01
 1.51450e+22	1.07e-19	1.68e-14	7.27e-11	3.28e-08	4.29e-06	3.65e-03	1.24e-01	8.72e-01
 1.52626e+22	1.47e-19	2.21e-14	9.14e-11	3.91e-08	4.83e-06	3.93e-03	1.29e-01	8.68e-01
 1.53801e+22	1.87e-19	2.71e-14	1.08e-10	4.46e-08	5.28e-06	4.15e-03	1.32e-01	8.64e-01
 1.54974e+22	2.55e-19	3.54e-14	1.35e-10	5.28e-08	5.94e-06	4.47e-03	1.36e-01	8.59e-01
 1.56173e+22	3.21e-19	4.32e-14	1.60e-10	6.01e-08	6.48e-06	4.72e-03	1.40e-01	8.56e-01
 1.57405e+22	4.39e-19	5.65e-14	1.99e-10	7.14e-08	7.30e-06	5.08e-03	1.44e-01	8.51e-01
 1.58597e+22	5.37e-19	6.72e-14	2.30e-10	7.98e-08	7.88e-06	5.33e-03	1.48e-01	8.47e-01
 1.59740e+22	7.07e-19	8.50e-14	2.80e-10	9.29e-08	8.76e-06	5.69e-03	1.52e-01	8.42e-01
 1.60915e+22	8.74e-19	1.02e-13	3.26e-10	1.05e-07	9.50e-06	5.99e-03	1.56e-01	8.38e-01
 1.62133e+22	1.16e-18	1.30e-13	4.00e-10	1.23e-07	1.06e-05	6.41e-03	1.60e-01	8.33e-01
 1.63366e+22	1.43e-18	1.56e-13	4.64e-10	1.37e-07	1.15e-05	6.74e-03	1.64e-01	8.29e-01
 1.64618e+22	1.87e-18	1.97e-13	5.64e-10	1.60e-07	1.28e-05	7.20e-03	1.69e-01	8.24e-01
 1.65861e+22	2.29e-18	2.34e-13	6.52e-10	1.79e-07	1.38e-05	7.57e-03	1.73e-01	8.20e-01
 1.67090e+22	3.00e-18	2.94e-13	7.91e-10	2.08e-07	1.54e-05	8.08e-03	1.78e-01	8.14e-01
 1.68331e+22	3.62e-18	3.47e-13	9.07e-10	2.32e-07	1.66e-05	8.47e-03	1.81e-01	8.10e-01
 1.69589e+22	4.71e-18	4.34e-13	1.09e-09	2.69e-07	1.83e-05	9.03e-03	1.87e-01	8.04e-01
 1.70870e+22	5.71e-18	5.13e-13	1.26e-09	3.00e-07	1.98e-05	9.48e-03	1.91e-01	8.00e-01
 1.72183e+22	7.43e-18	6.43e-13	1.52e-09	3.48e-07	2.20e-05	1.01e-02	1.96e-01	7.94e-01
 1.73520e+22	9.03e-18	7.61e-13	1.75e-09	3.89e-07	2.38e-05	1.06e-02	2.00e-01	7.89e-01
 1.74888e+22	1.17e-17	9.55e-13	2.12e-09	4.51e-07	2.64e-05	1.13e-02	2.06e-01	7.83e-01
 1.76282e+22	1.43e-17	1.13e-12	2.44e-09	5.05e-07	2.86e-05	1.19e-02	2.11e-01	7.77e-01
 1.77709e+22	1.86e-17	1.42e-12	2.96e-09	5.87e-07	3.18e-05	1.27e-02	2.17e-01	7.71e-01
 1.79103e+22	2.21e-17	1.65e-12	3.35e-09	6.48e-07	3.41e-05	1.33e-02	2.21e-01	7.66e-01
 1.80456e+22	2.84e-17	2.04e-12	4.01e-09	7.47e-07	3.78e-05	1.42e-02	2.27e-01	7.59e-01
 1.81830e+22	3.37e-17	2.37e-12	4.55e-09	8.25e-07	4.05e-05	1.48e-02	2.31e-01	7.54e-01
 1.83232e+22	4.29e-17	2.92e-12	5.41e-09	9.47e-07	4.47e-05	1.57e-02	2.37e-01	7.47e-01
 1.84677e+22	5.20e-17	3.45e-12	6.23e-09	1.06e-06	4.84e-05	1.65e-02	2.42e-01	7.42e-01
 1.86179e+22	6.60e-17	4.24e-12	7.41e-09	1.21e-06	5.34e-05	1.76e-02	2.48e-01	7.34e-01
 1.87731e+22	8.09e-17	5.05e-12	8.58e-09	1.37e-06	5.80e-05	1.85e-02	2.53e-01	7.28e-01
 1.89346e+22	1.04e-16	6.25e-12	1.03e-08	1.58e-06	6.43e-05	1.97e-02	2.60e-01	7.20e-01
 1.91006e+22	1.28e-16	7.48e-12	1.20e-08	1.78e-06	7.00e-05	2.08e-02	2.66e-01	7.13e-01
 1.92724e+22	1.64e-16	9.32e-12	1.44e-08	2.06e-06	7.78e-05	2.22e-02	2.73e-01	7.05e-01
 1.94498e+22	2.03e-16	1.12e-11	1.68e-08	2.33e-06	8.51e-05	2.34e-02	2.79e-01	6.98e-01
 1.96347e+22	2.66e-16	1.41e-11	2.04e-08	2.72e-06	9.50e-05	2.51e-02	2.87e-01	6.88e-01
 1.98244e+22	3.32e-16	1.72e-11	2.40e-08	3.10e-06	1.04e-04	2.66e-02	2.93e-01	6.80e-01
 1.99948e+22	4.09e-16	2.05e-11	2.80e-08	3.50e-06	1.14e-04	2.80e-02	2.99e-01	6.73e-01
 2.01906e+22	5.46e-16	2.64e-11	3.45e-08	4.13e-06	1.28e-04	3.01e-02	3.08e-01	6.62e-01
 2.03876e+22	6.73e-16	3.15e-11	4.01e-08	4.66e-06	1.40e-04	3.18e-02	3.14e-01	6.54e-01
 2.05861e+22	8.91e-16	4.02e-11	4.93e-08	5.49e-06	1.57e-04	3.41e-02	3.23e-01	6.43e-01
 2.07889e+22	1.12e-15	4.89e-11	5.81e-08	6.26e-06	1.72e-04	3.61e-02	3.30e-01	6.34e-01
 2.09971e+22	1.49e-15	6.28e-11	7.17e-08	7.40e-06	1.94e-04	3.89e-02	3.39e-01	6.22e-01
 2.12086e+22	1.89e-15	7.69e-11	8.50e-08	8.48e-06	2.14e-04	4.12e-02	3.46e-01	6.13e-01
 2.14243e+22	2.56e-15	1.00e-10	1.06e-07	1.01e-05	2.43e-04	4.45e-02	3.56e-01	6.00e-01
 2.16282e+22	3.12e-15	1.19e-10	1.23e-07	1.14e-05	2.64e-04	4.68e-02	3.62e-01	5.91e-01
 2.18166e+22	4.09e-15	1.50e-10	1.50e-07	1.33e-05	2.96e-04	5.00e-02	3.70e-01	5.79e-01
 2.20067e+22	4.99e-15	1.79e-10	1.73e-07	1.50e-05	3.22e-04	5.26e-02	3.77e-01	5.70e-01
 2.21989e+22	6.59e-15	2.27e-10	2.12e-07	1.76e-05	3.61e-04	5.63e-02	3.85e-01	5.58e-01
 2.23928e+22	8.12e-15	2.72e-10	2.48e-07	2.00e-05	3.95e-04	5.93e-02	3.92e-01	5.48e-01
 2.25889e+22	1.07e-14	3.47e-10	3.05e-07	2.36e-05	4.44e-04	6.36e-02	4.01e-01	5.35e-01
 2.27878e+22	1.33e-14	4.19e-10	3.57e-07	2.68e-05	4.87e-04	6.71e-02	4.08e-01	5.25e-01
 2.29902e+22	1.78e-14	5.39e-10	4.43e-07	3.19e-05	5.51e-04	7.22e-02	4.17e-01	5.10e-01
 2.31952e+22	2.22e-14	6.53e-10	5.21e-07	3.64e-05	6.05e-04	7.62e-02	4.24e-01	4.99e-01
 2.34038e+22	2.98e-14	8.44e-10	6.49e-07	4.35e-05	6.88e-04	8.20e-02	4.33e-01	4.84e-01
 2.36167e+22	3.76e-14	1.03e-09	7.73e-07	5.02e-05	7.62e-04	8.70e-02	4.40e-01	4.72e-01
 2.38353e+22	5.09e-14	1.35e-09	9.71e-07	6.05e-05	8.71e-04	9.39e-02	4.49e-01	4.56e-01
 2.40584e+22	6.48e-14	1.67e-09	1.17e-06	7.03e-05	9.70e-04	9.98e-02	4.56e-01	4.43e-01
 2.42806e+22	8.70e-14	2.16e-09	1.46e-06	8.46e-05	1.11e-03	1.08e-01	4.64e-01	4.27e-01
 2.44927e+22	1.07e-13	2.60e-09	1.71e-06	9.67e-05	1.22e-03	1.13e-01	4.70e-01	4.15e-01
 2.46985e+22	1.41e-13	3.31e-09	2.12e-06	1.15e-04	1.39e-03	1.22e-01	4.78e-01	3.99e-01
 2.49070e+22	1.74e-13	3.99e-09	2.49e-06	1.32e-04	1.53e-03	1.29e-01	4.83e-01	3.87e-01
 2.51109e+22	2.24e-13	4.99e-09	3.04e-06	1.57e-04	1.73e-03	1.37e-01	4.89e-01	3.72e-01
 2.53190e+22	2.77e-13	6.04e-09	3.59e-06	1.81e-04	1.92e-03	1.45e-01	4.94e-01	3.59e-01
 2.55216e+22	3.48e-13	7.41e-09	4.31e-06	2.11e-04	2.15e-03	1.55e-01	4.99e-01	3.44e-01
 2.57285e+22	4.29e-13	8.95e-09	5.11e-06	2.45e-04	2.40e-03	1.64e-01	5.03e-01	3.31e-01
 2.59332e+22	5.29e-13	1.08e-08	6.07e-06	2.84e-04	2.68e-03	1.73e-01	5.07e-01	3.17e-01
 2.61390e+22	6.46e-13	1.30e-08	7.16e-06	3.29e-04	2.98e-03	1.83e-01	5.10e-01	3.04e-01
 2.63424e+22	7.83e-13	1.55e-08	8.41e-06	3.79e-04	3.31e-03	1.93e-01	5.12e-01	2.91e-01
 2.65455e+22	9.43e-13	1.84e-08	9.84e-06	4.36e-04	3.67e-03	2.04e-01	5.14e-01	2.78e-01
 2.67489e+22	1.13e-12	2.17e-08	1.15e-05	5.00e-04	4.07e-03	2.15e-01	5.15e-01	2.65e-01
 2.69531e+22	1.34e-12	2.55e-08	1.33e-05	5.73e-04	4.50e-03	2.26e-01	5.16e-01	2.53e-01
 2.71585e+22	1.59e-12	2.99e-08	1.55e-05	6.55e-04	4.98e-03	2.37e-01	5.16e-01	2.41e-01
 2.73658e+22	1.87e-12	3.49e-08	1.79e-05	7.48e-04	5.51e-03	2.49e-01	5.15e-01	2.29e-01
 2.75755e+22	2.19e-12	4.05e-08	2.07e-05	8.54e-04	6.08e-03	2.62e-01	5.14e-01	2.18e-01
 2.77863e+22	2.55e-12	4.69e-08	2.37e-05	9.70e-04	6.70e-03	2.74e-01	5.12e-01	2.06e-01
 2.80005e+22	2.96e-12	5.42e-08	2.73e-05	1.10e-03	7.40e-03	2.87e-01	5.09e-01	1.95e-01
 2.82171e+22	3.47e-12	6.22e-08	3.12e-05	1.25e-03	8.14e-03	3.00e-01	5.06e-01	1.85e-01
 2.84380e+22	4.02e-12	7.17e-08	3.58e-05	1.42e-03	8.98e-03	3.13e-01	5.02e-01	1.74e-01
 2.86434e+22	4.51e-12	8.01e-08	3.99e-05	1.58e-03	9.71e-03	3.24e-01	4.99e-01	1.66e-01
 2.88549e+22	5.19e-12	9.21e-08	4.58e-05	1.79e-03	1.07e-02	3.39e-01	4.93e-01	1.55e-01
 2.90697e+22	5.81e-12	1.03e-07	5.10e-05	1.98e-03	1.16e-02	3.50e-01	4.89e-01	1.48e-01
 2.92895e+22	6.66e-12	1.18e-07	5.85e-05	2.26e-03	1.28e-02	3.65e-01	4.82e-01	1.38e-01
 2.95106e+22	7.42e-12	1.31e-07	6.49e-05	2.48e-03	1.38e-02	3.77e-01	4.76e-01	1.31e-01
 2.97332e+22	8.46e-12	1.49e-07	7.40e-05	2.81e-03	1.52e-02	3.92e-01	4.69e-01	1.22e-01
 2.99571e+22	9.38e-12	1.65e-07	8.18e-05	3.09e-03	1.63e-02	4.03e-01	4.62e-01	1.15e-01
 3.01826e+22	1.06e-11	1.87e-07	9.30e-05	3.48e-03	1.79e-02	4.18e-01	4.54e-01	1.07e-01
 3.04100e+22	1.18e-11	2.07e-07	1.03e-04	3.81e-03	1.92e-02	4.30e-01	4.46e-01	1.01e-01
 3.06398e+22	1.33e-11	2.34e-07	1.16e-04	4.28e-03	2.10e-02	4.44e-01	4.37e-01	9.34e-02
 3.08725e+22	1.47e-11	2.58e-07	1.28e-04	4.68e-03	2.25e-02	4.56e-01	4.29e-01	8.79e-02
 3.11090e+22	1.66e-11	2.91e-07	1.45e-04	5.25e-03	2.46e-02	4.70e-01	4.19e-01	8.11e-02
 3.13492e+22	1.83e-11	3.21e-07	1.60e-04	5.74e-03	2.64e-02	4.81e-01	4.10e-01	7.61e-02
 3.15946e+22	2.07e-11	3.63e-07	1.82e-04	6.43e-03	2.88e-02	4.96e-01	3.99e-01	6.99e-02
 3.18450e+22	2.29e-11	4.02e-07	2.01e-04	7.02e-03	3.09e-02	5.07e-01	3.90e-01	6.53e-02
 3.21020e+22	2.59e-11	4.55e-07	2.29e-04	7.87e-03	3.37e-02	5.21e-01	3.77e-01	5.96e-02
 3.23655e+22	2.89e-11	5.06e-07	2.54e-04	8.62e-03	3.61e-02	5.32e-01	3.68e-01	5.55e-02
 3.26374e+22	3.28e-11	5.75e-07	2.90e-04	9.67e-03	3.95e-02	5.46e-01	3.54e-01	5.03e-02
 3.28932e+22	3.61e-11	6.30e-07	3.17e-04	1.04e-02	4.17e-02	5.54e-01	3.46e-01	4.72e-02
 3.31280e+22	4.03e-11	7.05e-07	3.55e-04	1.15e-02	4.49e-02	5.65e-01	3.35e-01	4.33e-02
 3.33609e+22	4.42e-11	7.70e-07	3.87e-04	1.23e-02	4.73e-02	5.73e-01	3.26e-01	4.07e-02
 3.35913e+22	4.88e-11	8.54e-07	4.31e-04	1.35e-02	5.08e-02	5.83e-01	3.15e-01	3.73e-02
 3.38230e+22	5.37e-11	9.35e-07	4.70e-04	1.45e-02	5.34e-02	5.90e-01	3.07e-01	3.49e-02
 3.40566e+22	5.98e-11	1.04e-06	5.24e-04	1.58e-02	5.72e-02	5.99e-01	2.96e-01	3.20e-02
 3.42944e+22	6.60e-11	1.14e-06	5.74e-04	1.70e-02	6.01e-02	6.05e-01	2.87e-01	2.99e-02
 3.45376e+22	7.38e-11	1.28e-06	6.42e-04	1.86e-02	6.44e-02	6.13e-01	2.76e-01	2.72e-02
 3.47842e+22	8.17e-11	1.41e-06	7.04e-04	1.99e-02	6.77e-02	6.19e-01	2.67e-01	2.53e-02
 3.50351e+22	9.18e-11	1.58e-06	7.91e-04	2.18e-02	7.23e-02	6.26e-01	2.56e-01	2.30e-02
 3.52911e+22	1.02e-10	1.75e-06	8.71e-04	2.34e-02	7.60e-02	6.31e-01	2.47e-01	2.13e-02
 3.55533e+22	1.16e-10	1.98e-06	9.82e-04	2.57e-02	8.13e-02	6.37e-01	2.36e-01	1.92e-02
 3.58213e+22	1.30e-10	2.20e-06	1.09e-03	2.76e-02	8.54e-02	6.41e-01	2.27e-01	1.77e-02
 3.60966e+22	1.48e-10	2.51e-06	1.23e-03	3.03e-02	9.14e-02	6.45e-01	2.16e-01	1.59e-02
 3.63780e+22	1.67e-10	2.80e-06	1.37e-03	3.27e-02	9.61e-02	6.48e-01	2.07e-01	1.46e-02
 3.66673e+22	1.93e-10	3.22e-06	1.56e-03	3.59e-02	1.03e-01	6.51e-01	1.96e-01	1.30e-02
 3.69601e+22	2.19e-10	3.62e-06	1.74e-03	3.87e-02	1.08e-01	6.53e-01	1.87e-01	1.18e-02
 3.72573e+22	2.54e-10	4.17e-06	1.99e-03	4.25e-02	1.15e-01	6.54e-01	1.76e-01	1.05e-02
 3.75578e+22	2.90e-10	4.71e-06	2.22e-03	4.58e-02	1.20e-01	6.54e-01	1.68e-01	9.54e-03
 3.78626e+22	3.39e-10	5.45e-06	2.54e-03	5.03e-02	1.28e-01	6.53e-01	1.58e-01	8.40e-03
 3.81604e+22	3.85e-10	6.11e-06	2.82e-03	5.39e-02	1.34e-01	6.52e-01	1.50e-01	7.66e-03
 3.84492e+22	4.50e-10	7.05e-06	3.21e-03	5.87e-02	1.41e-01	6.49e-01	1.41e-01	6.79e-03
 3.87514e+22	5.16e-10	7.98e-06	3.59e-03	6.32e-02	1.48e-01	6.46e-01	1.34e-01	6.12e-03
 3.90068e+22	5.79e-10	8.86e-06	3.94e-03	6.71e-02	1.53e-01	6.42e-01	1.27e-01	5.60e-03
 3.92741e+22	6.71e-10	1.01e-05	4.43e-03	7.24e-02	1.60e-01	6.38e-01	1.20e-01	5.01e-03
 3.95495e+22	7.58e-10	1.13e-05	4.89e-03	7.71e-02	1.67e-01	6.33e-01	1.14e-01	4.53e-03
 3.97956e+22	8.58e-10	1.26e-05	5.38e-03	8.20e-02	1.73e-01	6.28e-01	1.08e-01	4.13e-03
 4.00756e+22	1.00e-09	1.45e-05	6.07e-03	8.84e-02	1.80e-01	6.21e-01	1.01e-01	3.66e-03
 4.03673e+22	1.15e-09	1.64e-05	6.75e-03	9.44e-02	1.87e-01	6.13e-01	9.52e-02	3.28e-03
 4.06300e+22	1.31e-09	1.84e-05	7.46e-03	1.00e-01	1.93e-01	6.06e-01	8.99e-02	2.96e-03
 4.09271e+22	1.56e-09	2.14e-05	8.45e-03	1.08e-01	2.01e-01	5.96e-01	8.34e-02	2.60e-03
 4.12357e+22	1.80e-09	2.43e-05	9.44e-03	1.16e-01	2.08e-01	5.86e-01	7.79e-02	2.30e-03
 4.15124e+22	2.07e-09	2.74e-05	1.05e-02	1.23e-01	2.15e-01	5.77e-01	7.30e-02	2.06e-03
 4.18252e+22	2.48e-09	3.20e-05	1.19e-02	1.33e-01	2.23e-01	5.64e-01	6.72e-02	1.78e-03
 4.21483e+22	2.90e-09	3.66e-05	1.33e-02	1.41e-01	2.30e-01	5.51e-01	6.23e-02	1.57e-03
 4.24365e+22	3.36e-09	4.16e-05	1.48e-02	1.50e-01	2.36e-01	5.39e-01	5.79e-02	1.39e-03
 4.27630e+22	4.07e-09	4.89e-05	1.68e-02	1.62e-01	2.44e-01	5.24e-01	5.28e-02	1.19e-03
 4.31014e+22	4.78e-09	5.62e-05	1.88e-02	1.72e-01	2.51e-01	5.09e-01	4.84e-02	1.03e-03
 4.34048e+22	5.62e-09	6.42e-05	2.09e-02	1.82e-01	2.57e-01	4.94e-01	4.46e-02	9.02e-04
 4.37487e+22	6.88e-09	7.61e-05	2.39e-02	1.96e-01	2.64e-01	4.75e-01	4.01e-02	7.58e-04
 4.41037e+22	8.18e-09	8.78e-05	2.68e-02	2.08e-01	2.69e-01	4.59e-01	3.65e-02	6.51e-04
 4.44243e+22	9.68e-09	1.01e-04	2.98e-02	2.20e-01	2.74e-01	4.42e-01	3.32e-02	5.61e-04
 4.47924e+22	1.21e-08	1.21e-04	3.43e-02	2.36e-01	2.80e-01	4.20e-01	2.93e-02	4.60e-04
 4.51630e+22	1.43e-08	1.39e-04	3.82e-02	2.49e-01	2.84e-01	4.02e-01	2.64e-02	3.91e-04
 4.55368e+22	1.79e-08	1.67e-04	4.35e-02	2.66e-01	2.87e-01	3.80e-01	2.32e-02	3.20e-04
 4.59192e+22	2.16e-08	1.94e-04	4.87e-02	2.80e-01	2.90e-01	3.60e-01	2.06e-02	2.67e-04
 4.62560e+22	2.58e-08	2.23e-04	5.39e-02	2.94e-01	2.92e-01	3.42e-01	1.84e-02	2.25e-04
 4.66369e+22	3.24e-08	2.68e-04	6.14e-02	3.11e-01	2.92e-01	3.18e-01	1.59e-02	1.80e-04
 4.70269e+22	3.85e-08	3.10e-04	6.81e-02	3.26e-01	2.92e-01	2.99e-01	1.40e-02	1.49e-04
 4.74286e+22	4.90e-08	3.74e-04	7.74e-02	3.43e-01	2.91e-01	2.76e-01	1.19e-02	1.17e-04
 4.78366e+22	5.97e-08	4.35e-04	8.59e-02	3.58e-01	2.89e-01	2.57e-01	1.03e-02	9.50e-05
 4.81984e+22	7.25e-08	5.04e-04	9.48e-02	3.71e-01	2.86e-01	2.39e-01	8.99e-03	7.73e-05
 4.86144e+22	9.30e-08	6.09e-04	1.07e-01	3.88e-01	2.80e-01	2.16e-01	7.48e-03	5.92e-05
 4.90367e+22	1.14e-07	7.08e-04	1.18e-01	4.01e-01	2.75e-01	1.99e-01	6.41e-03	4.73e-05
 4.94035e+22	1.38e-07	8.16e-04	1.29e-01	4.12e-01	2.69e-01	1.83e-01	5.51e-03	3.81e-05
 4.97526e+22	1.65e-07	9.31e-04	1.40e-01	4.22e-01	2.63e-01	1.69e-01	4.78e-03	3.11e-05
 5.00847e+22	1.96e-07	1.06e-03	1.51e-01	4.31e-01	2.57e-01	1.56e-01	4.15e-03	2.54e-05
 5.04587e+22	2.44e-07	1.24e-03	1.66e-01	4.41e-01	2.48e-01	1.40e-01	3.45e-03	1.96e-05
 5.08332e+22	2.90e-07	1.40e-03	1.79e-01	4.48e-01	2.41e-01	1.28e-01	2.97e-03	1.59e-05
 5.12082e+22	3.61e-07	1.64e-03	1.95e-01	4.55e-01	2.31e-01	1.15e-01	2.45e-03	1.21e-05
 5.15891e+22	4.32e-07	1.86e-03	2.10e-01	4.60e-01	2.22e-01	1.04e-01	2.08e-03	9.66e-06
 5.19779e+22	5.39e-07	2.18e-03	2.28e-01	4.65e-01	2.11e-01	9.20e-02	1.69e-03	7.24e-06
 5.23698e+22	6.44e-07	2.47e-03	2.44e-01	4.68e-01	2.02e-01	8.29e-02	1.42e-03	5.72e-06
 5.27657e+22	8.04e-07	2.88e-03	2.64e-01	4.69e-01	1.90e-01	7.25e-02	1.14e-03	4.23e-06
 5.31660e+22	9.62e-07	3.26e-03	2.81e-01	4.70e-01	1.80e-01	6.48e-02	9.53e-04	3.29e-06
 5.34864e+22	1.11e-06	3.61e-03	2.95e-01	4.69e-01	1.73e-01	5.90e-02	8.18e-04	2.68e-06
 5.38170e+22	1.33e-06	4.08e-03	3.13e-01	4.67e-01	1.63e-01	5.25e-02	6.78e-04	2.07e-06
 5.41550e+22	1.55e-06	4.52e-03	3.28e-01	4.64e-01	1.55e-01	4.74e-02	5.76e-04	1.66e-06
 5.44546e+22	1.79e-06	4.98e-03	3.43e-01	4.61e-01	1.47e-01	4.30e-02	4.93e-04	1.34e-06
 5.47960e+22	2.14e-06	5.63e-03	3.62e-01	4.56e-01	1.38e-01	3.78e-02	4.02e-04	1.02e-06
 5.51419e+22	2.49e-06	6.22e-03	3.78e-01	4.51e-01	1.30e-01	3.39e-02	3.39e-04	8.08e-07
 5.54455e+22	2.87e-06	6.84e-03	3.94e-01	4.46e-01	1.23e-01	3.05e-02	2.87e-04	6.45e-07
 5.57918e+22	3.43e-06	7.71e-03	4.13e-01	4.38e-01	1.14e-01	2.66e-02	2.32e-04	4.85e-07
 5.61438e+22	3.99e-06	8.50e-03	4.30e-01	4.31e-01	1.07e-01	2.37e-02	1.93e-04	3.80e-07
 5.64550e+22	4.60e-06	9.34e-03	4.45e-01	4.23e-01	1.01e-01	2.12e-02	1.62e-04	3.00e-07
 5.68109e+22	5.51e-06	1.05e-02	4.65e-01	4.13e-01	9.28e-02	1.83e-02	1.29e-04	2.21e-07
 5.71720e+22	6.39e-06	1.16e-02	4.82e-01	4.04e-01	8.65e-02	1.62e-02	1.07e-04	1.71e-07
 5.74915e+22	7.38e-06	1.27e-02	4.98e-01	3.95e-01	8.06e-02	1.43e-02	8.86e-05	1.34e-07
 5.78583e+22	8.84e-06	1.43e-02	5.17e-01	3.82e-01	7.36e-02	1.23e-02	6.96e-05	0.00e+00
 5.82311e+22	1.03e-05	1.57e-02	5.34e-01	3.72e-01	6.81e-02	1.07e-02	5.68e-05	0.00e+00
 5.86116e+22	1.23e-05	1.76e-02	5.53e-01	3.58e-01	6.18e-02	9.14e-03	4.43e-05	0.00e+00
 5.90006e+22	1.44e-05	1.95e-02	5.70e-01	3.46e-01	5.66e-02	7.90e-03	3.54e-05	0.00e+00
 5.93418e+22	1.66e-05	2.13e-02	5.85e-01	3.35e-01	5.22e-02	6.91e-03	2.88e-05	0.00e+00
 5.97267e+22	2.00e-05	2.39e-02	6.03e-01	3.21e-01	4.69e-02	5.81e-03	2.21e-05	0.00e+00
 6.01253e+22	2.33e-05	2.63e-02	6.18e-01	3.08e-01	4.27e-02	4.99e-03	1.76e-05	0.00e+00
 6.05419e+22	2.82e-05	2.97e-02	6.36e-01	2.92e-01	3.79e-02	4.12e-03	1.31e-05	0.00e+00
 6.09642e+22	3.31e-05	3.27e-02	6.50e-01	2.79e-01	3.43e-02	3.51e-03	1.03e-05	0.00e+00
 6.13355e+22	3.86e-05	3.59e-02	6.63e-01	2.67e-01	3.10e-02	3.00e-03	8.09e-06	0.00e+00
 6.16541e+22	4.30e-05	3.84e-02	6.72e-01	2.58e-01	2.89e-02	2.68e-03	6.80e-06	0.00e+00
 6.19622e+22	4.96e-05	4.20e-02	6.83e-01	2.46e-01	2.63e-02	2.31e-03	5.42e-06	0.00e+00
 6.22746e+22	5.56e-05	4.50e-02	6.92e-01	2.37e-01	2.43e-02	2.04e-03	4.51e-06	0.00e+00
 6.25923e+22	6.42e-05	4.91e-02	7.02e-01	2.25e-01	2.20e-02	1.75e-03	3.57e-06	0.00e+00
 6.29134e+22	7.20e-05	5.27e-02	7.09e-01	2.16e-01	2.03e-02	1.54e-03	2.95e-06	0.00e+00
 6.32386e+22	8.32e-05	5.75e-02	7.18e-01	2.05e-01	1.83e-02	1.32e-03	2.32e-06	0.00e+00
 6.35691e+22	9.37e-05	6.17e-02	7.24e-01	1.96e-01	1.68e-02	1.15e-03	1.89e-06	0.00e+00
 6.39063e+22	1.09e-04	6.75e-02	7.31e-01	1.85e-01	1.50e-02	9.74e-04	1.47e-06	0.00e+00
 6.42475e+22	1.23e-04	7.26e-02	7.37e-01	1.76e-01	1.37e-02	8.48e-04	1.19e-06	0.00e+00
 6.45938e+22	1.42e-04	7.94e-02	7.42e-01	1.65e-01	1.22e-02	7.11e-04	9.12e-07	0.00e+00
 6.49457e+22	1.61e-04	8.54e-02	7.46e-01	1.57e-01	1.11e-02	6.15e-04	7.32e-07	0.00e+00
 6.53047e+22	1.88e-04	9.36e-02	7.50e-01	1.46e-01	9.83e-03	5.11e-04	5.54e-07	0.00e+00
 6.56702e+22	2.13e-04	1.01e-01	7.52e-01	1.38e-01	8.87e-03	4.38e-04	4.39e-07	0.00e+00
 6.60443e+22	2.50e-04	1.11e-01	7.53e-01	1.28e-01	7.79e-03	3.60e-04	3.27e-07	0.00e+00
 6.64265e+22	2.84e-04	1.19e-01	7.53e-01	1.20e-01	6.98e-03	3.05e-04	2.55e-07	0.00e+00
 6.68191e+22	3.35e-04	1.31e-01	7.52e-01	1.10e-01	6.07e-03	2.47e-04	1.86e-07	0.00e+00
 6.72180e+22	3.82e-04	1.42e-01	7.50e-01	1.03e-01	5.41e-03	2.08e-04	1.44e-07	0.00e+00
 6.76252e+22	4.51e-04	1.56e-01	7.45e-01	9.34e-02	4.67e-03	1.66e-04	0.00e+00	0.00e+00
 6.80381e+22	5.15e-04	1.68e-01	7.41e-01	8.65e-02	4.14e-03	1.39e-04	0.00e+00	0.00e+00
 6.84585e+22	6.10e-04	1.85e-01	7.33e-01	7.81e-02	3.54e-03	1.10e-04	0.00e+00	0.00e+00
 6.88855e+22	6.98e-04	1.99e-01	7.25e-01	7.17e-02	3.11e-03	9.05e-05	0.00e+00	0.00e+00
 6.93209e+22	8.29e-04	2.19e-01	7.13e-01	6.40e-02	2.64e-03	7.04e-05	0.00e+00	0.00e+00
 6.97643e+22	9.49e-04	2.36e-01	7.02e-01	5.83e-02	2.30e-03	5.75e-05	0.00e+00	0.00e+00
 7.02178e+22	1.13e-03	2.60e-01	6.86e-01	5.13e-02	1.92e-03	4.38e-05	0.00e+00	0.00e+00
 7.06782e+22	1.30e-03	2.79e-01	6.72e-01	4.63e-02	1.67e-03	3.53e-05	0.00e+00	0.00e+00
 7.11476e+22	1.55e-03	3.07e-01	6.50e-01	4.02e-02	1.38e-03	2.64e-05	0.00e+00	0.00e+00
 7.16305e+22	1.79e-03	3.30e-01	6.32e-01	3.57e-02	1.18e-03	2.08e-05	0.00e+00	0.00e+00
 7.21309e+22	2.16e-03	3.63e-01	6.04e-01	3.02e-02	9.49e-04	1.50e-05	0.00e+00	0.00e+00
 7.26430e+22	2.49e-03	3.89e-01	5.81e-01	2.65e-02	8.03e-04	1.16e-05	0.00e+00	0.00e+00
 7.31704e+22	3.03e-03	4.27e-01	5.47e-01	2.18e-02	6.33e-04	8.08e-06	0.00e+00	0.00e+00
 7.37156e+22	3.53e-03	4.58e-01	5.19e-01	1.86e-02	5.22e-04	6.01e-06	0.00e+00	0.00e+00
 7.42839e+22	4.32e-03	5.03e-01	4.78e-01	1.48e-02	3.99e-04	3.97e-06	0.00e+00	0.00e+00
 7.48764e+22	5.11e-03	5.39e-01	4.43e-01	1.21e-02	3.18e-04	2.79e-06	0.00e+00	0.00e+00
 7.54927e+22	6.32e-03	5.88e-01	3.96e-01	9.16e-03	2.33e-04	1.72e-06	0.00e+00	0.00e+00
 7.60278e+22	7.12e-03	6.13e-01	3.71e-01	7.84e-03	1.96e-04	1.32e-06	0.00e+00	0.00e+00
 7.64653e+22	8.26e-03	6.48e-01	3.37e-01	6.28e-03	1.55e-04	9.14e-07	0.00e+00	0.00e+00
 7.69284e+22	9.48e-03	6.79e-01	3.06e-01	5.09e-03	1.24e-04	6.47e-07	0.00e+00	0.00e+00
 7.74246e+22	1.12e-02	7.17e-01	2.68e-01	3.83e-03	9.15e-05	4.07e-07	0.00e+00	0.00e+00
 7.79303e+22	1.30e-02	7.47e-01	2.37e-01	2.98e-03	7.06e-05	2.73e-07	0.00e+00	0.00e+00
 7.84483e+22	1.56e-02	7.84e-01	1.99e-01	2.11e-03	4.93e-05	1.58e-07	0.00e+00	0.00e+00
 7.89841e+22	1.83e-02	8.12e-01	1.68e-01	1.53e-03	3.55e-05	0.00e+00	0.00e+00	0.00e+00
 7.94110e+22	2.08e-02	8.33e-01	1.45e-01	1.17e-03	2.69e-05	0.00e+00	0.00e+00	0.00e+00
 7.98340e+22	2.43e-02	8.56e-01	1.19e-01	8.30e-04	1.87e-05	0.00e+00	0.00e+00	0.00e+00
 8.02738e+22	2.83e-02	8.74e-01	9.74e-02	5.89e-04	1.30e-05	0.00e+00	0.00e+00	0.00e+00
 8.06608e+22	3.26e-02	8.87e-01	7.95e-02	4.22e-04	9.04e-06	0.00e+00	0.00e+00	0.00e+00
 8.10894e+22	3.90e-02	9.00e-01	6.03e-02	2.73e-04	5.54e-06	0.00e+00	0.00e+00	0.00e+00
 8.15200e+22	4.65e-02	9.08e-01	4.53e-02	1.79e-04	3.38e-06	0.00e+00	0.00e+00	0.00e+00
 8.18616e+22	5.43e-02	9.11e-01	3.49e-02	1.24e-04	2.15e-06	0.00e+00	0.00e+00	0.00e+00
 8.21573e+22	6.31e-02	9.10e-01	2.69e-02	8.82e-05	1.37e-06	0.00e+00	0.00e+00	0.00e+00
 8.24369e+22	7.39e-02	9.06e-01	2.04e-02	6.27e-05	8.54e-07	0.00e+00	0.00e+00	0.00e+00
 8.26982e+22	8.66e-02	8.98e-01	1.54e-02	4.54e-05	5.29e-07	0.00e+00	0.00e+00	0.00e+00
 8.29365e+22	1.02e-01	8.87e-01	1.16e-02	3.35e-05	3.29e-07	0.00e+00	0.00e+00	0.00e+00
 8.31530e+22	1.20e-01	8.72e-01	8.73e-03	2.54e-05	2.06e-07	0.00e+00	0.00e+00	0.00e+00
 8.32880e+22	1.32e-01	8.61e-01	7.39e-03	2.17e-05	1.57e-07	0.00e+00	0.00e+00	0.00e+00
 8.33378e+22	1.37e-01	8.56e-01	6.93e-03	2.04e-05	1.42e-07	0.00e+00	0.00e+00	0.00e+00
 8.33778e+22	1.42e-01	8.52e-01	6.53e-03	1.94e-05	1.29e-07	0.00e+00	0.00e+00	0.00e+00
 8.34297e+22	1.48e-01	8.46e-01	6.03e-03	1.81e-05	0.00e+00	0.00e+00	0.00e+00	0.00e+00
 8.34908e+22	1.57e-01	8.38e-01	5.50e-03	1.67e-05	0.00e+00	0.00e+00	0.00e+00	0.00e+00
 8.35516e+22	1.65e-01	8.30e-01	5.03e-03	1.55e-05	0.00e+00	0.00e+00	0.00e+00	0.00e+00
 8.36110e+22	1.74e-01	8.22e-01	4.59e-03	1.43e-05	0.00e+00	0.00e+00	0.00e+00	0.00e+00
 8.36713e+22	1.83e-01	8.12e-01	4.18e-03	1.33e-05	0.00e+00	0.00e+00	0.00e+00	0.00e+00
 8.37308e+22	1.94e-01	8.03e-01	3.80e-03	1.23e-05	0.00e+00	0.00e+00	0.00e+00	0.00e+00
 8.37911e+22	2.05e-01	7.92e-01	3.45e-03	1.14e-05	0.00e+00	0.00e+00	0.00e+00	0.00e+00
 8.38533e+22	2.17e-01	7.80e-01	3.12e-03	1.06e-05	0.00e+00	0.00e+00	0.00e+00	0.00e+00
 8.39171e+22	2.30e-01	7.67e-01	2.80e-03	9.77e-06	0.00e+00	0.00e+00	0.00e+00	0.00e+00
 8.39821e+22	2.44e-01	7.54e-01	2.51e-03	9.02e-06	0.00e+00	0.00e+00	0.00e+00	0.00e+00
 8.40484e+22	2.59e-01	7.39e-01	2.25e-03	8.32e-06	0.00e+00	0.00e+00	0.00e+00	0.00e+00
 8.41164e+22	2.76e-01	7.22e-01	2.00e-03	7.66e-06	0.00e+00	0.00e+00	0.00e+00	0.00e+00
 8.41865e+22	2.94e-01	7.05e-01	1.77e-03	7.05e-06	0.00e+00	0.00e+00	0.00e+00	0.00e+00
 8.42596e+22	3.13e-01	6.85e-01	1.55e-03	6.46e-06	0.00e+00	0.00e+00	0.00e+00	0.00e+00
 8.43346e+22	3.34e-01	6.65e-01	1.36e-03	5.92e-06	0.00e+00	0.00e+00	0.00e+00	0.00e+00
 8.43944e+22	3.49e-01	6.49e-01	1.23e-03	5.56e-06	0.00e+00	0.00e+00	0.00e+00	0.00e+00
 8.44339e+22	3.61e-01	6.38e-01	1.15e-03	5.32e-06	0.00e+00	0.00e+00	0.00e+00	0.00e+00
 8.44710e+22	3.72e-01	6.27e-01	1.08e-03	5.10e-06	0.00e+00	0.00e+00	0.00e+00	0.00e+00
 8.45132e+22	3.84e-01	6.15e-01	9.97e-04	4.86e-06	0.00e+00	0.00e+00	0.00e+00	0.00e+00
 8.45602e+22	3.98e-01	6.01e-01	9.16e-04	4.61e-06	0.00e+00	0.00e+00	0.00e+00	0.00e+00
 8.46083e+22	4.12e-01	5.87e-01	8.40e-04	4.38e-06	0.00e+00	0.00e+00	0.00e+00	0.00e+00
 8.46546e+22	4.26e-01	5.73e-01	7.74e-04	4.17e-06	0.00e+00	0.00e+00	0.00e+00	0.00e+00
 8.47006e+22	4.39e-01	5.60e-01	7.13e-04	3.97e-06	0.00e+00	0.00e+00	0.00e+00	0.00e+00
 8.47477e+22	4.53e-01	5.46e-01	6.54e-04	3.77e-06	0.00e+00	0.00e+00	0.00e+00	0.00e+00
 8.47962e+22	4.68e-01	5.32e-01	6.00e-04	3.59e-06	0.00e+00	0.00e+00	0.00e+00	0.00e+00
 8.48452e+22	4.82e-01	5.17e-01	5.50e-04	3.41e-06	0.00e+00	0.00e+00	0.00e+00	0.00e+00
 8.48948e+22	4.96e-01	5.03e-01	5.03e-04	3.24e-06	0.00e+00	0.00e+00	0.00e+00	0.00e+00
 8.49455e+22	5.11e-01	4.89e-01	4.60e-04	3.08e-06	0.00e+00	0.00e+00	0.00e+00	0.00e+00
 8.49978e+22	5.26e-01	4.74e-01	4.19e-04	2.92e-06	0.00e+00	0.00e+00	0.00e+00	0.00e+00
 8.50508e+22	5.41e-01	4.59e-01	3.81e-04	2.78e-06	0.00e+00	0.00e+00	0.00e+00	0.00e+00
 8.51042e+22	5.55e-01	4.45e-01	3.47e-04	2.64e-06	0.00e+00	0.00e+00	0.00e+00	0.00e+00
 8.51592e+22	5.70e-01	4.30e-01	3.15e-04	2.50e-06	0.00e+00	0.00e+00	0.00e+00	0.00e+00
 8.52161e+22	5.85e-01	4.15e-01	2.86e-04	2.37e-06	0.00e+00	0.00e+00	0.00e+00	0.00e+00
 8.52745e+22	5.99e-01	4.00e-01	2.59e-04	2.25e-06	0.00e+00	0.00e+00	0.00e+00	0.00e+00
 8.53340e+22	6.14e-01	3.86e-01	2.34e-04	2.13e-06	0.00e+00	0.00e+00	0.00e+00	0.00e+00
 8.53947e+22	6.29e-01	3.71e-01	2.11e-04	2.01e-06	0.00e+00	0.00e+00	0.00e+00	0.00e+00
 8.54572e+22	6.43e-01	3.57e-01	1.90e-04	1.91e-06	0.00e+00	0.00e+00	0.00e+00	0.00e+00
 8.55217e+22	6.57e-01	3.42e-01	1.71e-04	1.80e-06	0.00e+00	0.00e+00	0.00e+00	0.00e+00
 8.55882e+22	6.72e-01	3.28e-01	1.53e-04	1.70e-06	0.00e+00	0.00e+00	0.00e+00	0.00e+00
 8.56562e+22	6.86e-01	3.14e-01	1.38e-04	1.61e-06	0.00e+00	0.00e+00	0.00e+00	0.00e+00
 8.57259e+22	7.00e-01	3.00e-01	1.23e-04	1.52e-06	0.00e+00	0.00e+00	0.00e+00	0.00e+00
 8.57976e+22	7.13e-01	2.86e-01	1.11e-04	1.43e-06	0.00e+00	0.00e+00	0.00e+00	0.00e+00
 8.58716e+22	7.27e-01	2.73e-01	9.88e-05	1.35e-06	0.00e+00	0.00e+00	0.00e+00	0.00e+00
 8.59478e+22	7.40e-01	2.60e-01	8.84e-05	1.27e-06	0.00e+00	0.00e+00	0.00e+00	0.00e+00
 8.60261e+22	7.53e-01	2.47e-01	7.90e-05	1.19e-06	0.00e+00	0.00e+00	0.00e+00	0.00e+00
 8.61059e+22	7.65e-01	2.35e-01	7.08e-05	1.13e-06	0.00e+00	0.00e+00	0.00e+00	0.00e+00
 8.61863e+22	7.77e-01	2.22e-01	6.36e-05	1.06e-06	0.00e+00	0.00e+00	0.00e+00	0.00e+00
 8.62681e+22	7.89e-01	2.11e-01	5.72e-05	9.98e-07	0.00e+00	0.00e+00	0.00e+00	0.00e+00
 8.63532e+22	8.01e-01	1.99e-01	5.14e-05	9.39e-07	0.00e+00	0.00e+00	0.00e+00	0.00e+00
 8.64379e+22	8.11e-01	1.89e-01	4.65e-05	8.85e-07	0.00e+00	0.00e+00	0.00e+00	0.00e+00
 8.65218e+22	8.21e-01	1.79e-01	4.22e-05	8.36e-07	0.00e+00	0.00e+00	0.00e+00	0.00e+00
 8.66093e+22	8.31e-01	1.69e-01	3.83e-05	7.88e-07	0.00e+00	0.00e+00	0.00e+00	0.00e+00
 8.66994e+22	8.41e-01	1.59e-01	3.48e-05	7.42e-07	0.00e+00	0.00e+00	0.00e+00	0.00e+00
 8.67893e+22	8.50e-01	1.50e-01	3.19e-05	7.01e-07	0.00e+00	0.00e+00	0.00e+00	0.00e+00
 8.68808e+22	8.58e-01	1.42e-01	2.93e-05	6.61e-07	0.00e+00	0.00e+00	0.00e+00	0.00e+00
 8.69753e+22	8.67e-01	1.33e-01	2.69e-05	6.23e-07	0.00e+00	0.00e+00	0.00e+00	0.00e+00
 8.70715e+22	8.75e-01	1.25e-01	2.48e-05	5.87e-07	0.00e+00	0.00e+00	0.00e+00	0.00e+00
 8.71689e+22	8.83e-01	1.17e-01	2.30e-05	5.54e-07	0.00e+00	0.00e+00	0.00e+00	0.00e+00
 8.72689e+22	8.90e-01	1.10e-01	2.13e-05	5.22e-07	0.00e+00	0.00e+00	0.00e+00	0.00e+00
 8.73715e+22	8.97e-01	1.03e-01	1.98e-05	4.92e-07	0.00e+00	0.00e+00	0.00e+00	0.00e+00
 8.74732e+22	9.04e-01	9.60e-02	1.86e-05	4.65e-07	0.00e+00	0.00e+00	0.00e+00	0.00e+00
 8.75704e+22	9.10e-01	9.00e-02	1.75e-05	4.41e-07	0.00e+00	0.00e+00	0.00e+00	0.00e+00
 8.76603e+22	9.15e-01	8.49e-02	1.66e-05	4.21e-07	0.00e+00	0.00e+00	0.00e+00	0.00e+00
 8.77436e+22	9.20e-01	8.02e-02	1.59e-05	4.04e-07	0.00e+00	0.00e+00	0.00e+00	0.00e+00
 8.78204e+22	9.24e-01	7.63e-02	1.53e-05	3.89e-07	0.00e+00	0.00e+00	0.00e+00	0.00e+00
 8.78944e+22	9.27e-01	7.25e-02	1.48e-05	3.75e-07	0.00e+00	0.00e+00	0.00e+00	0.00e+00
 8.79687e+22	9.31e-01	6.90e-02	1.43e-05	3.61e-07	0.00e+00	0.00e+00	0.00e+00	0.00e+00
 8.80417e+22	9.35e-01	6.55e-02	1.38e-05	3.49e-07	0.00e+00	0.00e+00	0.00e+00	0.00e+00
 8.81099e+22	9.37e-01	6.26e-02	1.34e-05	3.38e-07	0.00e+00	0.00e+00	0.00e+00	0.00e+00
 8.81735e+22	9.40e-01	6.00e-02	1.31e-05	3.29e-07	0.00e+00	0.00e+00	0.00e+00	0.00e+00
 8.82375e+22	9.43e-01	5.73e-02	1.27e-05	3.20e-07	0.00e+00	0.00e+00	0.00e+00	0.00e+00
 8.82992e+22	9.45e-01	5.50e-02	1.24e-05	3.11e-07	0.00e+00	0.00e+00	0.00e+00	0.00e+00
 8.83575e+22	9.47e-01	5.29e-02	1.22e-05	3.04e-07	0.00e+00	0.00e+00	0.00e+00	0.00e+00
 8.84154e+22	9.49e-01	5.09e-02	1.19e-05	2.98e-07	0.00e+00	0.00e+00	0.00e+00	0.00e+00
 8.84708e+22	9.51e-01	4.91e-02	1.17e-05	2.92e-07	0.00e+00	0.00e+00	0.00e+00	0.00e+00
 8.85230e+22	9.53e-01	4.75e-02	1.15e-05	2.87e-07	0.00e+00	0.00e+00	0.00e+00	0.00e+00
 8.85740e+22	9.54e-01	4.60e-02	1.13e-05	2.83e-07	0.00e+00	0.00e+00	0.00e+00	0.00e+00
 8.86237e+22	9.55e-01	4.46e-02	1.12e-05	2.79e-07	0.00e+00	0.00e+00	0.00e+00	0.00e+00
 8.86705e+22	9.57e-01	4.34e-02	1.10e-05	2.76e-07	0.00e+00	0.00e+00	0.00e+00	0.00e+00
 8.87131e+22	9.58e-01	4.23e-02	1.09e-05	2.74e-07	0.00e+00	0.00e+00	0.00e+00	0.00e+00
 8.87518e+22	9.59e-01	4.14e-02	1.08e-05	2.72e-07	0.00e+00	0.00e+00	0.00e+00	0.00e+00
 8.87870e+22	9.59e-01	4.07e-02	1.07e-05	2.71e-07	0.00e+00	0.00e+00	0.00e+00	0.00e+00
 8.88191e+22	9.60e-01	4.00e-02	1.06e-05	2.70e-07	0.00e+00	0.00e+00	0.00e+00	0.00e+00
 8.88483e+22	9.61e-01	3.94e-02	1.05e-05	2.70e-07	0.00e+00	0.00e+00	0.00e+00	0.00e+00
 8.88748e+22	9.61e-01	3.89e-02	1.05e-05	2.70e-07	0.00e+00	0.00e+00	0.00e+00	0.00e+00
 8.88990e+22	9.61e-01	3.85e-02	1.04e-05	2.70e-07	0.00e+00	0.00e+00	0.00e+00	0.00e+00
 8.89210e+22	9.62e-01	3.82e-02	1.03e-05	2.70e-07	0.00e+00	0.00e+00	0.00e+00	0.00e+00
 8.89451e+22	9.62e-01	3.77e-02	1.03e-05	2.70e-07	0.00e+00	0.00e+00	0.00e+00	0.00e+00
 8.89711e+22	9.63e-01	3.73e-02	1.02e-05	2.70e-07	0.00e+00	0.00e+00	0.00e+00	0.00e+00
 8.89996e+22	9.63e-01	3.68e-02	1.02e-05	2.70e-07	0.00e+00	0.00e+00	0.00e+00	0.00e+00
 8.90304e+22	9.64e-01	3.64e-02	1.01e-05	2.70e-07	0.00e+00	0.00e+00	0.00e+00	0.00e+00
 8.90584e+22	9.64e-01	3.60e-02	1.00e-05	2.71e-07	0.00e+00	0.00e+00	0.00e+00	0.00e+00
 8.90891e+22	9.64e-01	3.56e-02	9.96e-06	2.71e-07	0.00e+00	0.00e+00	0.00e+00	0.00e+00
 8.91222e+22	9.65e-01	3.51e-02	9.90e-06	2.72e-07	0.00e+00	0.00e+00	0.00e+00	0.00e+00
 8.91524e+22	9.65e-01	3.48e-02	9.84e-06	2.73e-07	0.00e+00	0.00e+00	0.00e+00	0.00e+00
 8.91798e+22	9.65e-01	3.45e-02	9.79e-06	2.74e-07	0.00e+00	0.00e+00	0.00e+00	0.00e+00
 8.92099e+22	9.66e-01	3.42e-02	9.73e-06	2.74e-07	0.00e+00	0.00e+00	0.00e+00	0.00e+00
 8.92424e+22	9.66e-01	3.39e-02	9.67e-06	2.74e-07	0.00e+00	0.00e+00	0.00e+00	0.00e+00
 8.92719e+22	9.66e-01	3.36e-02	9.62e-06	2.76e-07	0.00e+00	0.00e+00	0.00e+00	0.00e+00
 8.92988e+22	9.67e-01	3.34e-02	9.57e-06	2.75e-07	0.00e+00	0.00e+00	0.00e+00	0.00e+00
 8.93282e+22	9.67e-01	3.31e-02	9.51e-06	2.76e-07	0.00e+00	0.00e+00	0.00e+00	0.00e+00
 8.93600e+22	9.67e-01	3.28e-02	9.46e-06	2.77e-07	0.00e+00	0.00e+00	0.00e+00	0.00e+00
 8.93890e+22	9.67e-01	3.26e-02	9.41e-06	2.79e-07	0.00e+00	0.00e+00	0.00e+00	0.00e+00
 8.94153e+22	9.68e-01	3.24e-02	9.37e-06	2.78e-07	0.00e+00	0.00e+00	0.00e+00	0.00e+00
 8.94442e+22	9.68e-01	3.22e-02	9.32e-06	2.80e-07	0.00e+00	0.00e+00	0.00e+00	0.00e+00
 8.94753e+22	9.68e-01	3.19e-02	9.27e-06	2.82e-07	0.00e+00	0.00e+00	0.00e+00	0.00e+00
 8.95037e+22	9.68e-01	3.17e-02	9.22e-06	2.81e-07	0.00e+00	0.00e+00	0.00e+00	0.00e+00
 8.95347e+22	9.69e-01	3.15e-02	9.17e-06	2.82e-07	0.00e+00	0.00e+00	0.00e+00	0.00e+00
 8.95683e+22	9.69e-01	3.13e-02	9.12e-06	2.83e-07	0.00e+00	0.00e+00	0.00e+00	0.00e+00
 8.95988e+22	9.69e-01	3.11e-02	9.08e-06	2.84e-07	0.00e+00	0.00e+00	0.00e+00	0.00e+00
 8.96266e+22	9.69e-01	3.09e-02	9.07e-06	2.87e-07	0.00e+00	0.00e+00	0.00e+00	0.00e+00
 8.96518e+22	9.69e-01	3.08e-02	9.05e-06	2.88e-07	0.00e+00	0.00e+00	0.00e+00	0.00e+00
 8.96795e+22	9.69e-01	3.06e-02	9.02e-06	2.89e-07	0.00e+00	0.00e+00	0.00e+00	0.00e+00
 8.97155e+22	9.70e-01	3.04e-02	8.99e-06	2.91e-07	0.00e+00	0.00e+00	0.00e+00	0.00e+00
 8.97544e+22	9.70e-01	3.01e-02	8.97e-06	2.93e-07	0.00e+00	0.00e+00	0.00e+00	0.00e+00
 8.97898e+22	9.70e-01	2.99e-02	8.94e-06	2.94e-07	0.00e+00	0.00e+00	0.00e+00	0.00e+00
 8.98219e+22	9.70e-01	2.97e-02	8.92e-06	2.96e-07	0.00e+00	0.00e+00	0.00e+00	0.00e+00
 8.98512e+22	9.70e-01	2.96e-02	8.90e-06	2.97e-07	0.00e+00	0.00e+00	0.00e+00	0.00e+00
 8.98779e+22	9.71e-01	2.95e-02	8.89e-06	2.99e-07	0.00e+00	0.00e+00	0.00e+00	0.00e+00
 8.99071e+22	9.71e-01	2.93e-02	8.87e-06	3.01e-07	0.00e+00	0.00e+00	0.00e+00	0.00e+00
 8.99386e+22	9.71e-01	2.92e-02	8.85e-06	3.03e-07	0.00e+00	0.00e+00	0.00e+00	0.00e+00
 8.99673e+22	9.71e-01	2.90e-02	8.83e-06	3.04e-07	0.00e+00	0.00e+00	0.00e+00	0.00e+00
 8.99934e+22	9.71e-01	2.89e-02	8.82e-06	3.07e-07	0.00e+00	0.00e+00	0.00e+00	0.00e+00
 9.00172e+22	9.71e-01	2.88e-02	8.81e-06	3.08e-07	0.00e+00	0.00e+00	0.00e+00	0.00e+00
 9.00432e+22	9.71e-01	2.87e-02	8.78e-06	3.09e-07	0.00e+00	0.00e+00	0.00e+00	0.00e+00
 9.00771e+22	9.72e-01	2.85e-02	8.76e-06	3.11e-07	0.00e+00	0.00e+00	0.00e+00	0.00e+00
 9.01136e+22	9.72e-01	2.83e-02	8.74e-06	3.12e-07	0.00e+00	0.00e+00	0.00e+00	0.00e+00
 9.01468e+22	9.72e-01	2.81e-02	8.71e-06	3.13e-07	0.00e+00	0.00e+00	0.00e+00	0.00e+00
 9.01771e+22	9.72e-01	2.80e-02	8.70e-06	3.15e-07	0.00e+00	0.00e+00	0.00e+00	0.00e+00
 9.02046e+22	9.72e-01	2.78e-02	8.67e-06	3.14e-07	0.00e+00	0.00e+00	0.00e+00	0.00e+00
 9.02348e+22	9.72e-01	2.77e-02	8.65e-06	3.16e-07	0.00e+00	0.00e+00	0.00e+00	0.00e+00
 9.02674e+22	9.73e-01	2.75e-02	8.62e-06	3.15e-07	0.00e+00	0.00e+00	0.00e+00	0.00e+00
 9.03031e+22	9.73e-01	2.72e-02	8.59e-06	3.15e-07	0.00e+00	0.00e+00	0.00e+00	0.00e+00
 9.03416e+22	9.73e-01	2.70e-02	8.56e-06	3.16e-07	0.00e+00	0.00e+00	0.00e+00	0.00e+00
 9.03767e+22	9.73e-01	2.68e-02	8.53e-06	3.16e-07	0.00e+00	0.00e+00	0.00e+00	0.00e+00
 9.04151e+22	9.73e-01	2.66e-02	8.50e-06	3.16e-07	0.00e+00	0.00e+00	0.00e+00	0.00e+00
 9.04566e+22	9.74e-01	2.64e-02	8.47e-06	3.17e-07	0.00e+00	0.00e+00	0.00e+00	0.00e+00
 9.04943e+22	9.74e-01	2.62e-02	8.44e-06	3.17e-07	0.00e+00	0.00e+00	0.00e+00	0.00e+00
 9.05287e+22	9.74e-01	2.61e-02	8.42e-06	3.19e-07	0.00e+00	0.00e+00	0.00e+00	0.00e+00
 9.05600e+22	9.74e-01	2.59e-02	8.39e-06	3.18e-07	0.00e+00	0.00e+00	0.00e+00	0.00e+00
 9.05942e+22	9.74e-01	2.57e-02	8.36e-06	3.18e-07	0.00e+00	0.00e+00	0.00e+00	0.00e+00
 9.06312e+22	9.74e-01	2.55e-02	8.34e-06	3.18e-07	0.00e+00	0.00e+00	0.00e+00	0.00e+00
 9.06649e+22	9.75e-01	2.54e-02	8.31e-06	3.18e-07	0.00e+00	0.00e+00	0.00e+00	0.00e+00
 9.07017e+22	9.75e-01	2.52e-02	8.28e-06	3.18e-07	0.00e+00	0.00e+00	0.00e+00	0.00e+00
 9.07415e+22	9.75e-01	2.50e-02	8.25e-06	3.18e-07	0.00e+00	0.00e+00	0.00e+00	0.00e+00
 9.07778e+22	9.75e-01	2.48e-02	8.23e-06	3.19e-07	0.00e+00	0.00e+00	0.00e+00	0.00e+00
 9.08107e+22	9.75e-01	2.46e-02	8.20e-06	3.18e-07	0.00e+00	0.00e+00	0.00e+00	0.00e+00
 9.08469e+22	9.76e-01	2.45e-02	8.17e-06	3.18e-07	0.00e+00	0.00e+00	0.00e+00	0.00e+00
 9.08859e+22	9.76e-01	2.43e-02	8.14e-06	3.18e-07	0.00e+00	0.00e+00	0.00e+00	0.00e+00
 9.09214e+22	9.76e-01	2.41e-02	8.11e-06	3.17e-07	0.00e+00	0.00e+00	0.00e+00	0.00e+00
 9.09603e+22	9.76e-01	2.39e-02	8.08e-06	3.17e-07	0.00e+00	0.00e+00	0.00e+00	0.00e+00
 9.10022e+22	9.76e-01	2.37e-02	8.05e-06	3.16e-07	0.00e+00	0.00e+00	0.00e+00	0.00e+00
 9.10405e+22	9.76e-01	2.35e-02	8.03e-06	3.17e-07	0.00e+00	0.00e+00	0.00e+00	0.00e+00
 9.10752e+22	9.77e-01	2.33e-02	8.00e-06	3.16e-07	0.00e+00	0.00e+00	0.00e+00	0.00e+00
 9.11133e+22	9.77e-01	2.31e-02	7.97e-06	3.15e-07	0.00e+00	0.00e+00	0.00e+00	0.00e+00
 9.11545e+22	9.77e-01	2.29e-02	7.94e-06	3.14e-07	0.00e+00	0.00e+00	0.00e+00	0.00e+00
 9.11919e+22	9.77e-01	2.28e-02	7.91e-06	3.13e-07	0.00e+00	0.00e+00	0.00e+00	0.00e+00
 9.12329e+22	9.77e-01	2.26e-02	7.88e-06	3.13e-07	0.00e+00	0.00e+00	0.00e+00	0.00e+00
 9.12772e+22	9.78e-01	2.23e-02	7.84e-06	3.12e-07	0.00e+00	0.00e+00	0.00e+00	0.00e+00
 9.13175e+22	9.78e-01	2.22e-02	7.81e-06	3.10e-07	0.00e+00	0.00e+00	0.00e+00	0.00e+00
 9.13616e+22	9.78e-01	2.19e-02	7.78e-06	3.10e-07	0.00e+00	0.00e+00	0.00e+00	0.00e+00
 9.14093e+22	9.78e-01	2.17e-02	7.74e-06	3.08e-07	0.00e+00	0.00e+00	0.00e+00	0.00e+00
 9.14527e+22	9.78e-01	2.15e-02	7.71e-06	3.07e-07	0.00e+00	0.00e+00	0.00e+00	0.00e+00
 9.15002e+22	9.79e-01	2.13e-02	7.67e-06	3.06e-07	0.00e+00	0.00e+00	0.00e+00	0.00e+00
 9.15515e+22	9.79e-01	2.10e-02	7.63e-06	3.04e-07	0.00e+00	0.00e+00	0.00e+00	0.00e+00
 9.15982e+22	9.79e-01	2.08e-02	7.60e-06	3.03e-07	0.00e+00	0.00e+00	0.00e+00	0.00e+00
 9.16494e+22	9.79e-01	2.06e-02	7.55e-06	3.01e-07	0.00e+00	0.00e+00	0.00e+00	0.00e+00
 9.17046e+22	9.80e-01	2.03e-02	7.51e-06	2.98e-07	0.00e+00	0.00e+00	0.00e+00	0.00e+00
 9.17549e+22	9.80e-01	2.01e-02	7.47e-06	2.97e-07	0.00e+00	0.00e+00	0.00e+00	0.00e+00
 9.18007e+22	9.80e-01	1.99e-02	7.44e-06	2.96e-07	0.00e+00	0.00e+00	0.00e+00	0.00e+00
 9.18508e+22	9.80e-01	1.97e-02	7.40e-06	2.94e-07	0.00e+00	0.00e+00	0.00e+00	0.00e+00
 9.19049e+22	9.81e-01	1.95e-02	7.36e-06	2.92e-07	0.00e+00	0.00e+00	0.00e+00	0.00e+00
 9.19542e+22	9.81e-01	1.93e-02	7.32e-06	2.90e-07	0.00e+00	0.00e+00	0.00e+00	0.00e+00
 9.20081e+22	9.81e-01	1.90e-02	7.28e-06	2.87e-07	0.00e+00	0.00e+00	0.00e+00	0.00e+00
 9.20664e+22	9.81e-01	1.88e-02	7.24e-06	2.86e-07	0.00e+00	0.00e+00	0.00e+00	0.00e+00
 9.21194e+22	9.81e-01	1.86e-02	7.20e-06	2.83e-07	0.00e+00	0.00e+00	0.00e+00	0.00e+00
 9.21775e+22	9.82e-01	1.83e-02	7.14e-06	2.80e-07	0.00e+00	0.00e+00	0.00e+00	0.00e+00
 9.22402e+22	9.82e-01	1.80e-02	7.10e-06	2.77e-07	0.00e+00	0.00e+00	0.00e+00	0.00e+00
 9.22973e+22	9.82e-01	1.78e-02	7.06e-06	2.75e-07	0.00e+00	0.00e+00	0.00e+00	0.00e+00
 9.23492e+22	9.82e-01	1.77e-02	7.02e-06	2.73e-07	0.00e+00	0.00e+00	0.00e+00	0.00e+00
 9.24062e+22	9.83e-01	1.74e-02	6.97e-06	2.70e-07	0.00e+00	0.00e+00	0.00e+00	0.00e+00
 9.24676e+22	9.83e-01	1.72e-02	6.93e-06	2.68e-07	0.00e+00	0.00e+00	0.00e+00	0.00e+00
 9.25235e+22	9.83e-01	1.70e-02	6.89e-06	2.65e-07	0.00e+00	0.00e+00	0.00e+00	0.00e+00
 9.25602e+22	9.83e-01	1.69e-02	6.87e-06	2.65e-07	0.00e+00	0.00e+00	0.00e+00	0.00e+00
