#depth	O	O+	O+2	O+3	O+4	O+5	O+6	O+7	O+8	O[1]	O[2]	O[3]
 4.62852e+21	1.66e-23	4.38e-18	6.97e-14	1.12e-10	3.89e-08	5.55e-06	4.21e-03	1.32e-01	8.64e-01	0.00e+00	0.00e+00	0.00e+00
 1.03019e+22	1.42e-21	2.07e-16	1.88e-12	1.77e-09	3.41e-07	2.59e-05	1.11e-02	2.03e-01	7.85e-01	0.00e+00	0.00e+00	0.00e+00
 1.18017e+22	7.48e-21	8.78e-16	6.50e-12	5.02e-09	7.83e-07	4.69e-05	1.61e-02	2.38e-01	7.45e-01	0.00e+00	0.00e+00	0.00e+00
 1.24842e+22	1.63e-20	1.73e-15	1.16e-11	8.20e-09	1.16e-06	6.22e-05	1.92e-02	2.56e-01	7.24e-01	0.00e+00	0.00e+00	0.00e+00
 1.27696e+22	1.96e-20	2.03e-15	1.34e-11	9.23e-09	1.28e-06	6.66e-05	2.01e-02	2.61e-01	7.19e-01	0.00e+00	0.00e+00	0.00e+00
 1.29029e+22	2.53e-20	2.53e-15	1.62e-11	1.08e-08	1.45e-06	7.30e-05	2.12e-02	2.67e-01	7.12e-01	0.00e+00	0.00e+00	0.00e+00
 1.30495e+22	3.19e-20	3.10e-15	1.93e-11	1.26e-08	1.63e-06	7.95e-05	2.24e-02	2.73e-01	7.05e-01	0.00e+00	0.00e+00	0.00e+00
 1.32134e+22	4.26e-20	3.99e-15	2.39e-11	1.51e-08	1.89e-06	8.84e-05	2.39e-02	2.80e-01	6.96e-01	0.00e+00	0.00e+00	0.00e+00
 1.33811e+22	5.45e-20	4.95e-15	2.88e-11	1.77e-08	2.15e-06	9.67e-05	2.53e-02	2.86e-01	6.89e-01	0.00e+00	0.00e+00	0.00e+00
 1.35295e+22	6.87e-20	6.05e-15	3.42e-11	2.05e-08	2.41e-06	1.05e-04	2.66e-02	2.92e-01	6.81e-01	0.00e+00	0.00e+00	0.00e+00
 1.36702e+22	8.41e-20	7.22e-15	3.99e-11	2.33e-08	2.68e-06	1.13e-04	2.79e-02	2.97e-01	6.75e-01	0.00e+00	0.00e+00	0.00e+00
 1.38249e+22	1.11e-19	9.16e-15	4.90e-11	2.77e-08	3.08e-06	1.25e-04	2.96e-02	3.04e-01	6.66e-01	0.00e+00	0.00e+00	0.00e+00
 1.39794e+22	1.35e-19	1.09e-14	5.69e-11	3.14e-08	3.41e-06	1.35e-04	3.10e-02	3.10e-01	6.59e-01	0.00e+00	0.00e+00	0.00e+00
 1.41336e+22	1.77e-19	1.38e-14	6.98e-11	3.74e-08	3.92e-06	1.49e-04	3.29e-02	3.17e-01	6.50e-01	0.00e+00	0.00e+00	0.00e+00
 1.42884e+22	2.15e-19	1.64e-14	8.08e-11	4.23e-08	4.33e-06	1.60e-04	3.44e-02	3.22e-01	6.43e-01	0.00e+00	0.00e+00	0.00e+00
 1.44439e+22	2.78e-19	2.05e-14	9.81e-11	4.99e-08	4.95e-06	1.76e-04	3.65e-02	3.29e-01	6.34e-01	0.00e+00	0.00e+00	0.00e+00
 1.46038e+22	3.42e-19	2.45e-14	1.15e-10	5.69e-08	5.50e-06	1.90e-04	3.82e-02	3.35e-01	6.27e-01	0.00e+00	0.00e+00	0.00e+00
 1.47423e+22	4.15e-19	2.90e-14	1.32e-10	6.43e-08	6.07e-06	2.04e-04	3.98e-02	3.40e-01	6.20e-01	0.00e+00	0.00e+00	0.00e+00
 1.48954e+22	5.32e-19	3.61e-14	1.60e-10	7.55e-08	6.90e-06	2.24e-04	4.21e-02	3.47e-01	6.10e-01	0.00e+00	0.00e+00	0.00e+00
 1.50486e+22	6.46e-19	4.27e-14	1.85e-10	8.54e-08	7.62e-06	2.40e-04	4.40e-02	3.53e-01	6.03e-01	0.00e+00	0.00e+00	0.00e+00
 1.52018e+22	8.15e-19	5.23e-14	2.20e-10	9.90e-08	8.59e-06	2.62e-04	4.63e-02	3.59e-01	5.94e-01	0.00e+00	0.00e+00	0.00e+00
 1.53602e+22	9.97e-19	6.24e-14	2.57e-10	1.13e-07	9.52e-06	2.82e-04	4.84e-02	3.65e-01	5.87e-01	0.00e+00	0.00e+00	0.00e+00
 1.55019e+22	1.21e-18	7.37e-14	2.96e-10	1.27e-07	1.05e-05	3.03e-04	5.05e-02	3.70e-01	5.79e-01	0.00e+00	0.00e+00	0.00e+00
 1.56626e+22	1.54e-18	9.10e-14	3.55e-10	1.48e-07	1.19e-05	3.31e-04	5.32e-02	3.77e-01	5.70e-01	0.00e+00	0.00e+00	0.00e+00
 1.58274e+22	1.88e-18	1.09e-13	4.15e-10	1.69e-07	1.32e-05	3.56e-04	5.57e-02	3.82e-01	5.61e-01	0.00e+00	0.00e+00	0.00e+00
 1.59739e+22	2.29e-18	1.29e-13	4.80e-10	1.91e-07	1.46e-05	3.83e-04	5.81e-02	3.88e-01	5.54e-01	0.00e+00	0.00e+00	0.00e+00
 1.61408e+22	2.93e-18	1.60e-13	5.78e-10	2.24e-07	1.66e-05	4.19e-04	6.13e-02	3.95e-01	5.44e-01	0.00e+00	0.00e+00	0.00e+00
 1.63123e+22	3.57e-18	1.90e-13	6.70e-10	2.54e-07	1.83e-05	4.50e-04	6.39e-02	4.00e-01	5.36e-01	0.00e+00	0.00e+00	0.00e+00
 1.64897e+22	4.57e-18	2.36e-13	8.09e-10	2.97e-07	2.08e-05	4.93e-04	6.74e-02	4.07e-01	5.25e-01	0.00e+00	0.00e+00	0.00e+00
 1.66620e+22	5.59e-18	2.81e-13	9.41e-10	3.37e-07	2.30e-05	5.30e-04	7.04e-02	4.12e-01	5.17e-01	0.00e+00	0.00e+00	0.00e+00
 1.68014e+22	6.55e-18	3.23e-13	1.06e-09	3.73e-07	2.49e-05	5.61e-04	7.28e-02	4.16e-01	5.10e-01	0.00e+00	0.00e+00	0.00e+00
 1.69566e+22	8.11e-18	3.89e-13	1.24e-09	4.27e-07	2.78e-05	6.07e-04	7.61e-02	4.22e-01	5.01e-01	0.00e+00	0.00e+00	0.00e+00
 1.71225e+22	9.87e-18	4.62e-13	1.44e-09	4.83e-07	3.07e-05	6.51e-04	7.93e-02	4.27e-01	4.93e-01	0.00e+00	0.00e+00	0.00e+00
 1.72784e+22	1.19e-17	5.45e-13	1.66e-09	5.45e-07	3.38e-05	6.97e-04	8.25e-02	4.32e-01	4.85e-01	0.00e+00	0.00e+00	0.00e+00
 1.74569e+22	1.53e-17	6.79e-13	2.01e-09	6.39e-07	3.83e-05	7.63e-04	8.70e-02	4.38e-01	4.74e-01	0.00e+00	0.00e+00	0.00e+00
 1.76383e+22	1.86e-17	8.04e-13	2.32e-09	7.21e-07	4.23e-05	8.17e-04	9.05e-02	4.43e-01	4.65e-01	0.00e+00	0.00e+00	0.00e+00
 1.78234e+22	2.39e-17	9.99e-13	2.80e-09	8.44e-07	4.79e-05	8.93e-04	9.52e-02	4.49e-01	4.55e-01	2.39e-17	1.49e-27	1.58e-27
 1.80147e+22	2.94e-17	1.20e-12	3.28e-09	9.62e-07	5.31e-05	9.61e-04	9.93e-02	4.54e-01	4.46e-01	2.94e-17	4.70e-27	5.43e-27
 1.82141e+22	3.80e-17	1.50e-12	3.98e-09	1.13e-06	6.05e-05	1.05e-03	1.05e-01	4.60e-01	4.34e-01	3.80e-17	6.16e-27	7.12e-27
 1.84174e+22	4.76e-17	1.83e-12	4.71e-09	1.31e-06	6.78e-05	1.14e-03	1.09e-01	4.65e-01	4.24e-01	4.76e-17	7.80e-27	8.99e-27
 1.85938e+22	5.83e-17	2.18e-12	5.49e-09	1.48e-06	7.50e-05	1.23e-03	1.14e-01	4.69e-01	4.15e-01	5.83e-17	9.65e-27	1.11e-26
 1.87913e+22	7.51e-17	2.72e-12	6.63e-09	1.74e-06	8.52e-05	1.34e-03	1.20e-01	4.75e-01	4.04e-01	7.51e-17	1.26e-26	1.45e-26
 1.89967e+22	9.40e-17	3.31e-12	7.85e-09	2.00e-06	9.54e-05	1.45e-03	1.25e-01	4.79e-01	3.94e-01	9.40e-17	1.59e-26	1.83e-26
 1.91812e+22	1.17e-16	4.00e-12	9.24e-09	2.30e-06	1.06e-04	1.57e-03	1.31e-01	4.83e-01	3.84e-01	1.17e-16	2.00e-26	2.29e-26
 1.93898e+22	1.52e-16	5.04e-12	1.13e-08	2.72e-06	1.22e-04	1.72e-03	1.38e-01	4.88e-01	3.72e-01	1.52e-16	2.64e-26	3.03e-26
 1.96040e+22	1.92e-16	6.18e-12	1.34e-08	3.15e-06	1.37e-04	1.87e-03	1.44e-01	4.92e-01	3.62e-01	1.92e-16	3.38e-26	3.87e-26
 1.97926e+22	2.38e-16	7.44e-12	1.58e-08	3.61e-06	1.53e-04	2.02e-03	1.50e-01	4.96e-01	3.52e-01	2.38e-16	4.23e-26	4.84e-26
 2.00052e+22	3.14e-16	9.48e-12	1.95e-08	4.30e-06	1.76e-04	2.23e-03	1.58e-01	5.00e-01	3.40e-01	3.14e-16	5.67e-26	6.48e-26
 2.02231e+22	3.96e-16	1.16e-11	2.32e-08	5.01e-06	1.99e-04	2.43e-03	1.66e-01	5.03e-01	3.29e-01	3.96e-16	7.25e-26	8.28e-26
 2.04178e+22	4.93e-16	1.41e-11	2.74e-08	5.75e-06	2.22e-04	2.63e-03	1.73e-01	5.06e-01	3.19e-01	4.93e-16	9.14e-26	1.04e-25
 2.06408e+22	6.62e-16	1.82e-11	3.43e-08	6.96e-06	2.60e-04	2.93e-03	1.83e-01	5.09e-01	3.05e-01	6.62e-16	1.25e-25	1.42e-25
 2.08647e+22	8.27e-16	2.21e-11	4.06e-08	8.04e-06	2.91e-04	3.18e-03	1.91e-01	5.11e-01	2.95e-01	8.27e-16	1.58e-25	1.80e-25
 2.10507e+22	1.01e-15	2.63e-11	4.72e-08	9.14e-06	3.23e-04	3.42e-03	1.98e-01	5.12e-01	2.86e-01	1.01e-15	1.95e-25	2.22e-25
 2.12535e+22	1.31e-15	3.32e-11	5.79e-08	1.09e-05	3.73e-04	3.78e-03	2.08e-01	5.14e-01	2.73e-01	1.31e-15	2.58e-25	2.93e-25
 2.14540e+22	1.59e-15	3.92e-11	6.70e-08	1.23e-05	4.13e-04	4.06e-03	2.16e-01	5.15e-01	2.65e-01	1.59e-15	3.17e-25	3.59e-25
 2.16518e+22	2.05e-15	4.89e-11	8.12e-08	1.46e-05	4.74e-04	4.47e-03	2.27e-01	5.15e-01	2.53e-01	2.05e-15	4.13e-25	4.67e-25
 2.18530e+22	2.49e-15	5.80e-11	9.44e-08	1.66e-05	5.27e-04	4.81e-03	2.35e-01	5.15e-01	2.44e-01	2.49e-15	5.09e-25	5.75e-25
 2.20586e+22	3.21e-15	7.25e-11	1.15e-07	1.97e-05	6.08e-04	5.32e-03	2.47e-01	5.15e-01	2.32e-01	3.21e-15	6.68e-25	7.53e-25
 2.22665e+22	3.90e-15	8.61e-11	1.34e-07	2.25e-05	6.77e-04	5.74e-03	2.56e-01	5.14e-01	2.23e-01	3.90e-15	8.23e-25	9.27e-25
 2.24774e+22	5.02e-15	1.07e-10	1.63e-07	2.67e-05	7.82e-04	6.36e-03	2.69e-01	5.12e-01	2.11e-01	5.02e-15	1.08e-24	1.21e-24
 2.26925e+22	6.12e-15	1.28e-10	1.91e-07	3.06e-05	8.77e-04	6.89e-03	2.80e-01	5.11e-01	2.02e-01	6.12e-15	1.33e-24	1.50e-24
 2.29129e+22	7.88e-15	1.60e-10	2.33e-07	3.65e-05	1.02e-03	7.65e-03	2.94e-01	5.08e-01	1.90e-01	7.88e-15	1.75e-24	1.96e-24
 2.31378e+22	9.61e-15	1.91e-10	2.73e-07	4.21e-05	1.15e-03	8.32e-03	3.05e-01	5.04e-01	1.81e-01	9.61e-15	2.17e-24	2.43e-24
 2.33679e+22	1.23e-14	2.38e-10	3.33e-07	5.03e-05	1.33e-03	9.28e-03	3.20e-01	5.00e-01	1.69e-01	1.23e-14	2.84e-24	3.17e-24
 2.36013e+22	1.49e-14	2.82e-10	3.90e-07	5.79e-05	1.50e-03	1.01e-02	3.33e-01	4.95e-01	1.60e-01	1.49e-14	3.50e-24	3.90e-24
 2.38307e+22	1.87e-14	3.45e-10	4.69e-07	6.86e-05	1.74e-03	1.12e-02	3.48e-01	4.89e-01	1.50e-01	1.87e-14	4.47e-24	4.98e-24
 2.40515e+22	2.21e-14	4.00e-10	5.38e-07	7.77e-05	1.93e-03	1.21e-02	3.60e-01	4.84e-01	1.42e-01	2.21e-14	5.36e-24	5.96e-24
 2.42410e+22	2.59e-14	4.61e-10	6.15e-07	8.78e-05	2.15e-03	1.31e-02	3.71e-01	4.79e-01	1.34e-01	2.59e-14	6.37e-24	7.08e-24
 2.44540e+22	3.14e-14	5.48e-10	7.24e-07	1.02e-04	2.45e-03	1.43e-02	3.86e-01	4.72e-01	1.26e-01	3.14e-14	7.87e-24	8.73e-24
 2.46672e+22	3.64e-14	6.27e-10	8.22e-07	1.15e-04	2.71e-03	1.54e-02	3.98e-01	4.65e-01	1.19e-01	3.64e-14	9.27e-24	1.03e-23
 2.48827e+22	4.35e-14	7.38e-10	9.63e-07	1.33e-04	3.08e-03	1.70e-02	4.13e-01	4.57e-01	1.10e-01	4.35e-14	1.13e-23	1.25e-23
 2.50959e+22	4.98e-14	8.35e-10	1.08e-06	1.49e-04	3.38e-03	1.82e-02	4.24e-01	4.50e-01	1.04e-01	4.98e-14	1.31e-23	1.45e-23
 2.53082e+22	5.87e-14	9.72e-10	1.26e-06	1.71e-04	3.82e-03	1.99e-02	4.38e-01	4.41e-01	9.69e-02	5.87e-14	1.58e-23	1.75e-23
 2.55206e+22	6.64e-14	1.09e-09	1.40e-06	1.90e-04	4.19e-03	2.13e-02	4.49e-01	4.34e-01	9.14e-02	6.64e-14	1.82e-23	2.01e-23
 2.57331e+22	7.73e-14	1.26e-09	1.62e-06	2.18e-04	4.71e-03	2.32e-02	4.63e-01	4.24e-01	8.47e-02	7.73e-14	2.16e-23	2.38e-23
 2.59460e+22	8.67e-14	1.40e-09	1.80e-06	2.41e-04	5.14e-03	2.47e-02	4.74e-01	4.16e-01	7.98e-02	8.67e-14	2.46e-23	2.71e-23
 2.61594e+22	9.98e-14	1.60e-09	2.06e-06	2.74e-04	5.75e-03	2.69e-02	4.88e-01	4.05e-01	7.38e-02	9.98e-14	2.90e-23	3.18e-23
 2.63739e+22	1.11e-13	1.77e-09	2.28e-06	3.03e-04	6.26e-03	2.86e-02	4.98e-01	3.97e-01	6.94e-02	1.11e-13	3.28e-23	3.60e-23
 2.65898e+22	1.27e-13	2.01e-09	2.59e-06	3.44e-04	6.97e-03	3.11e-02	5.11e-01	3.86e-01	6.40e-02	1.27e-13	3.83e-23	4.19e-23
 2.68074e+22	1.41e-13	2.22e-09	2.87e-06	3.79e-04	7.57e-03	3.30e-02	5.21e-01	3.78e-01	6.00e-02	1.41e-13	4.32e-23	4.73e-23
 2.70274e+22	1.59e-13	2.50e-09	3.25e-06	4.30e-04	8.42e-03	3.58e-02	5.34e-01	3.66e-01	5.52e-02	1.59e-13	5.00e-23	5.47e-23
 2.72500e+22	1.76e-13	2.76e-09	3.60e-06	4.73e-04	9.13e-03	3.80e-02	5.43e-01	3.58e-01	5.17e-02	1.76e-13	5.63e-23	6.15e-23
 2.74762e+22	1.98e-13	3.11e-09	4.08e-06	5.36e-04	1.01e-02	4.11e-02	5.55e-01	3.46e-01	4.73e-02	1.98e-13	6.50e-23	7.08e-23
 2.77065e+22	2.19e-13	3.43e-09	4.51e-06	5.91e-04	1.10e-02	4.36e-02	5.64e-01	3.36e-01	4.41e-02	2.19e-13	7.32e-23	7.97e-23
 2.79419e+22	2.46e-13	3.85e-09	5.11e-06	6.70e-04	1.22e-02	4.72e-02	5.76e-01	3.24e-01	4.02e-02	2.46e-13	8.43e-23	9.17e-23
 2.81828e+22	2.72e-13	4.26e-09	5.67e-06	7.40e-04	1.32e-02	5.01e-02	5.84e-01	3.15e-01	3.73e-02	2.72e-13	9.53e-23	1.04e-22
 2.83869e+22	2.96e-13	4.65e-09	6.21e-06	8.09e-04	1.41e-02	5.28e-02	5.91e-01	3.06e-01	3.49e-02	2.96e-13	1.06e-22	1.15e-22
 2.86085e+22	3.30e-13	5.18e-09	6.97e-06	9.06e-04	1.55e-02	5.66e-02	6.00e-01	2.95e-01	3.19e-02	3.30e-13	1.20e-22	1.31e-22
 2.88266e+22	3.58e-13	5.63e-09	7.60e-06	9.85e-04	1.65e-02	5.94e-02	6.06e-01	2.87e-01	2.99e-02	3.58e-13	1.33e-22	1.44e-22
 2.90401e+22	3.95e-13	6.24e-09	8.48e-06	1.10e-03	1.80e-02	6.33e-02	6.14e-01	2.76e-01	2.74e-02	3.95e-13	1.51e-22	1.63e-22
 2.92556e+22	4.29e-13	6.78e-09	9.25e-06	1.19e-03	1.91e-02	6.64e-02	6.19e-01	2.68e-01	2.56e-02	4.29e-13	1.66e-22	1.80e-22
 2.94735e+22	4.71e-13	7.50e-09	1.03e-05	1.33e-03	2.08e-02	7.07e-02	6.26e-01	2.58e-01	2.34e-02	4.71e-13	1.87e-22	2.03e-22
 2.96923e+22	5.14e-13	8.19e-09	1.13e-05	1.44e-03	2.21e-02	7.39e-02	6.31e-01	2.50e-01	2.19e-02	5.14e-13	2.08e-22	2.25e-22
 2.99122e+22	5.65e-13	9.06e-09	1.26e-05	1.60e-03	2.40e-02	7.86e-02	6.36e-01	2.40e-01	1.99e-02	5.65e-13	2.34e-22	2.54e-22
 3.01346e+22	6.17e-13	9.92e-09	1.38e-05	1.75e-03	2.55e-02	8.21e-02	6.40e-01	2.32e-01	1.86e-02	6.17e-13	2.61e-22	2.83e-22
 3.03602e+22	6.80e-13	1.10e-08	1.54e-05	1.94e-03	2.76e-02	8.72e-02	6.45e-01	2.22e-01	1.69e-02	6.80e-13	2.95e-22	3.20e-22
 3.05888e+22	7.46e-13	1.21e-08	1.69e-05	2.12e-03	2.93e-02	9.11e-02	6.47e-01	2.14e-01	1.57e-02	7.46e-13	3.30e-22	3.58e-22
 3.08213e+22	8.26e-13	1.35e-08	1.90e-05	2.36e-03	3.17e-02	9.66e-02	6.51e-01	2.04e-01	1.42e-02	8.26e-13	3.75e-22	4.07e-22
 3.10575e+22	9.09e-13	1.49e-08	2.09e-05	2.58e-03	3.37e-02	1.01e-01	6.53e-01	1.97e-01	1.32e-02	9.09e-13	4.22e-22	4.58e-22
 3.12986e+22	1.01e-12	1.67e-08	2.36e-05	2.88e-03	3.64e-02	1.07e-01	6.55e-01	1.87e-01	1.18e-02	1.01e-12	4.82e-22	5.24e-22
 3.15444e+22	1.12e-12	1.86e-08	2.62e-05	3.15e-03	3.88e-02	1.12e-01	6.56e-01	1.80e-01	1.09e-02	1.12e-12	5.48e-22	5.95e-22
 3.17962e+22	1.26e-12	2.10e-08	2.97e-05	3.53e-03	4.19e-02	1.18e-01	6.56e-01	1.70e-01	9.78e-03	1.26e-12	6.32e-22	6.86e-22
 3.20528e+22	1.41e-12	2.35e-08	3.31e-05	3.88e-03	4.47e-02	1.23e-01	6.56e-01	1.63e-01	8.98e-03	1.41e-12	7.24e-22	7.87e-22
 3.23154e+22	1.59e-12	2.68e-08	3.78e-05	4.36e-03	4.83e-02	1.31e-01	6.55e-01	1.53e-01	7.98e-03	1.59e-12	8.43e-22	9.17e-22
 3.25800e+22	1.78e-12	3.01e-08	4.22e-05	4.79e-03	5.14e-02	1.36e-01	6.54e-01	1.47e-01	7.31e-03	1.78e-12	9.71e-22	1.06e-21
 3.28051e+22	1.97e-12	3.34e-08	4.66e-05	5.22e-03	5.44e-02	1.42e-01	6.52e-01	1.40e-01	6.71e-03	1.97e-12	1.10e-21	1.20e-21
 3.30556e+22	2.24e-12	3.81e-08	5.31e-05	5.83e-03	5.84e-02	1.49e-01	6.49e-01	1.32e-01	5.99e-03	2.24e-12	1.29e-21	1.40e-21
 3.33078e+22	2.51e-12	4.28e-08	5.90e-05	6.36e-03	6.18e-02	1.54e-01	6.46e-01	1.26e-01	5.50e-03	2.51e-12	1.48e-21	1.61e-21
 3.35220e+22	2.78e-12	4.74e-08	6.50e-05	6.89e-03	6.50e-02	1.60e-01	6.42e-01	1.21e-01	5.06e-03	2.78e-12	1.68e-21	1.83e-21
 3.37286e+22	3.07e-12	5.26e-08	7.16e-05	7.46e-03	6.83e-02	1.65e-01	6.39e-01	1.16e-01	4.66e-03	3.07e-12	1.90e-21	2.07e-21
 3.39660e+22	3.51e-12	6.01e-08	8.11e-05	8.26e-03	7.28e-02	1.72e-01	6.33e-01	1.09e-01	4.18e-03	3.51e-12	2.24e-21	2.44e-21
 3.42056e+22	3.90e-12	6.69e-08	8.97e-05	8.96e-03	7.66e-02	1.78e-01	6.28e-01	1.04e-01	3.82e-03	3.90e-12	2.54e-21	2.77e-21
 3.44145e+22	4.37e-12	7.49e-08	9.91e-05	9.69e-03	8.04e-02	1.84e-01	6.23e-01	9.92e-02	3.52e-03	4.37e-12	2.92e-21	3.19e-21
 3.46524e+22	5.05e-12	8.62e-08	1.12e-04	1.07e-02	8.54e-02	1.91e-01	6.17e-01	9.35e-02	3.16e-03	5.05e-12	3.48e-21	3.80e-21
 3.49004e+22	5.72e-12	9.76e-08	1.26e-04	1.17e-02	9.00e-02	1.97e-01	6.10e-01	8.85e-02	2.87e-03	5.72e-12	4.05e-21	4.42e-21
 3.51235e+22	6.46e-12	1.10e-07	1.40e-04	1.27e-02	9.45e-02	2.03e-01	6.03e-01	8.41e-02	2.62e-03	6.46e-12	4.69e-21	5.13e-21
 3.53753e+22	7.59e-12	1.28e-07	1.60e-04	1.40e-02	1.00e-01	2.10e-01	5.94e-01	7.86e-02	2.33e-03	7.59e-12	5.69e-21	6.22e-21
 3.56360e+22	8.71e-12	1.47e-07	1.79e-04	1.53e-02	1.06e-01	2.17e-01	5.86e-01	7.42e-02	2.10e-03	8.71e-12	6.72e-21	7.35e-21
 3.59082e+22	1.04e-11	1.74e-07	2.08e-04	1.71e-02	1.13e-01	2.25e-01	5.75e-01	6.88e-02	1.85e-03	1.04e-11	8.34e-21	9.14e-21
 3.61849e+22	1.21e-11	2.00e-07	2.34e-04	1.87e-02	1.19e-01	2.31e-01	5.65e-01	6.46e-02	1.66e-03	1.21e-11	9.98e-21	1.09e-20
 3.64296e+22	1.41e-11	2.31e-07	2.64e-04	2.04e-02	1.25e-01	2.37e-01	5.55e-01	6.08e-02	1.49e-03	1.41e-11	1.20e-20	1.31e-20
 3.67100e+22	1.71e-11	2.76e-07	3.07e-04	2.28e-02	1.33e-01	2.45e-01	5.41e-01	5.59e-02	1.30e-03	1.71e-11	1.51e-20	1.65e-20
 3.69917e+22	2.01e-11	3.19e-07	3.47e-04	2.48e-02	1.40e-01	2.51e-01	5.31e-01	5.24e-02	1.16e-03	2.01e-11	1.82e-20	2.00e-20
 3.72752e+22	2.46e-11	3.84e-07	4.03e-04	2.77e-02	1.48e-01	2.58e-01	5.16e-01	4.82e-02	1.01e-03	2.46e-11	2.32e-20	2.55e-20
 3.75684e+22	2.93e-11	4.50e-07	4.60e-04	3.04e-02	1.56e-01	2.65e-01	5.03e-01	4.47e-02	8.92e-04	2.93e-11	2.85e-20	3.13e-20
 3.78278e+22	3.47e-11	5.24e-07	5.19e-04	3.31e-02	1.63e-01	2.70e-01	4.91e-01	4.17e-02	7.96e-04	3.47e-11	3.49e-20	3.84e-20
 3.81186e+22	4.32e-11	6.34e-07	6.05e-04	3.68e-02	1.73e-01	2.76e-01	4.75e-01	3.81e-02	6.88e-04	4.32e-11	4.52e-20	4.98e-20
 3.84233e+22	5.24e-11	7.53e-07	6.94e-04	4.04e-02	1.82e-01	2.82e-01	4.60e-01	3.50e-02	5.99e-04	5.24e-11	5.69e-20	6.26e-20
 3.86905e+22	6.27e-11	8.78e-07	7.84e-04	4.39e-02	1.90e-01	2.86e-01	4.47e-01	3.25e-02	5.32e-04	6.27e-11	7.02e-20	7.73e-20
 3.89821e+22	7.85e-11	1.06e-06	9.11e-04	4.86e-02	2.00e-01	2.91e-01	4.30e-01	2.95e-02	4.57e-04	7.85e-11	9.16e-20	1.01e-19
 3.92937e+22	9.69e-11	1.27e-06	1.05e-03	5.34e-02	2.10e-01	2.95e-01	4.13e-01	2.69e-02	3.95e-04	9.69e-11	1.17e-19	1.29e-19
 3.95839e+22	1.19e-10	1.51e-06	1.20e-03	5.83e-02	2.19e-01	2.99e-01	3.98e-01	2.46e-02	3.44e-04	1.19e-10	1.49e-19	1.65e-19
 3.98458e+22	1.41e-10	1.75e-06	1.34e-03	6.27e-02	2.27e-01	3.01e-01	3.85e-01	2.28e-02	3.05e-04	1.41e-10	1.83e-19	2.02e-19
 4.00819e+22	1.67e-10	2.01e-06	1.49e-03	6.73e-02	2.35e-01	3.03e-01	3.72e-01	2.11e-02	2.71e-04	1.67e-10	2.23e-19	2.46e-19
 4.03526e+22	2.07e-10	2.40e-06	1.71e-03	7.34e-02	2.45e-01	3.05e-01	3.56e-01	1.92e-02	2.34e-04	2.07e-10	2.88e-19	3.18e-19
 4.06355e+22	2.52e-10	2.81e-06	1.92e-03	7.92e-02	2.53e-01	3.06e-01	3.41e-01	1.75e-02	2.04e-04	2.52e-10	3.61e-19	3.99e-19
 4.08915e+22	3.03e-10	3.27e-06	2.15e-03	8.51e-02	2.62e-01	3.07e-01	3.27e-01	1.61e-02	1.79e-04	3.03e-10	4.48e-19	4.96e-19
 4.11817e+22	3.84e-10	3.95e-06	2.48e-03	9.30e-02	2.72e-01	3.08e-01	3.10e-01	1.44e-02	1.51e-04	3.84e-10	5.93e-19	6.56e-19
 4.14825e+22	4.72e-10	4.67e-06	2.81e-03	1.00e-01	2.81e-01	3.07e-01	2.95e-01	1.30e-02	1.30e-04	4.72e-10	7.56e-19	8.37e-19
 4.17490e+22	5.73e-10	5.45e-06	3.15e-03	1.08e-01	2.90e-01	3.06e-01	2.81e-01	1.18e-02	1.13e-04	5.73e-10	9.49e-19	1.05e-18
 4.20472e+22	7.32e-10	6.60e-06	3.62e-03	1.17e-01	3.00e-01	3.04e-01	2.64e-01	1.05e-02	9.47e-05	7.32e-10	1.26e-18	1.40e-18
 4.23547e+22	9.04e-10	7.78e-06	4.09e-03	1.26e-01	3.08e-01	3.02e-01	2.50e-01	9.42e-03	8.09e-05	9.04e-10	1.62e-18	1.80e-18
 4.26295e+22	1.11e-09	9.12e-06	4.58e-03	1.35e-01	3.16e-01	3.00e-01	2.36e-01	8.47e-03	6.93e-05	1.11e-09	2.06e-18	2.29e-18
 4.29421e+22	1.43e-09	1.11e-05	5.28e-03	1.47e-01	3.26e-01	2.95e-01	2.20e-01	7.41e-03	5.70e-05	1.43e-09	2.79e-18	3.10e-18
 4.32633e+22	1.79e-09	1.32e-05	5.97e-03	1.57e-01	3.33e-01	2.91e-01	2.06e-01	6.57e-03	4.80e-05	1.79e-09	3.61e-18	4.02e-18
 4.35492e+22	2.21e-09	1.55e-05	6.69e-03	1.68e-01	3.40e-01	2.86e-01	1.93e-01	5.85e-03	4.06e-05	2.21e-09	4.63e-18	5.16e-18
 4.38743e+22	2.88e-09	1.89e-05	7.71e-03	1.82e-01	3.48e-01	2.80e-01	1.77e-01	5.04e-03	3.29e-05	2.88e-09	6.35e-18	7.07e-18
 4.42099e+22	3.64e-09	2.26e-05	8.71e-03	1.94e-01	3.55e-01	2.73e-01	1.64e-01	4.41e-03	2.72e-05	3.64e-09	8.34e-18	9.30e-18
 4.45088e+22	4.53e-09	2.66e-05	9.76e-03	2.07e-01	3.60e-01	2.67e-01	1.52e-01	3.88e-03	2.27e-05	4.53e-09	1.08e-17	1.20e-17
 4.48468e+22	5.97e-09	3.26e-05	1.12e-02	2.23e-01	3.66e-01	2.58e-01	1.38e-01	3.29e-03	1.80e-05	5.97e-09	1.50e-17	1.67e-17
 4.51932e+22	7.56e-09	3.89e-05	1.27e-02	2.37e-01	3.71e-01	2.50e-01	1.27e-01	2.84e-03	1.47e-05	7.56e-09	1.97e-17	2.21e-17
 4.54990e+22	9.43e-09	4.57e-05	1.41e-02	2.51e-01	3.74e-01	2.42e-01	1.17e-01	2.47e-03	1.21e-05	9.43e-09	2.57e-17	2.87e-17
 4.58451e+22	1.25e-08	5.61e-05	1.62e-02	2.68e-01	3.77e-01	2.31e-01	1.05e-01	2.07e-03	9.43e-06	1.25e-08	3.57e-17	4.00e-17
 4.62008e+22	1.59e-08	6.69e-05	1.82e-02	2.84e-01	3.79e-01	2.22e-01	9.50e-02	1.76e-03	7.57e-06	1.59e-08	4.75e-17	5.31e-17
 4.65166e+22	1.99e-08	7.88e-05	2.03e-02	2.99e-01	3.80e-01	2.13e-01	8.64e-02	1.51e-03	6.14e-06	1.99e-08	6.20e-17	6.95e-17
 4.68745e+22	2.64e-08	9.66e-05	2.32e-02	3.18e-01	3.80e-01	2.01e-01	7.64e-02	1.24e-03	4.69e-06	2.64e-08	8.70e-17	9.76e-17
 4.72428e+22	3.38e-08	1.15e-04	2.60e-02	3.35e-01	3.79e-01	1.91e-01	6.85e-02	1.04e-03	3.70e-06	3.38e-08	1.16e-16	1.31e-16
 4.75712e+22	4.26e-08	1.36e-04	2.89e-02	3.51e-01	3.77e-01	1.81e-01	6.16e-02	8.81e-04	2.94e-06	4.26e-08	1.53e-16	1.72e-16
 4.79448e+22	5.72e-08	1.68e-04	3.30e-02	3.71e-01	3.73e-01	1.69e-01	5.35e-02	7.06e-04	2.18e-06	5.72e-08	2.18e-16	2.45e-16
 4.83256e+22	7.29e-08	1.99e-04	3.68e-02	3.87e-01	3.69e-01	1.59e-01	4.74e-02	5.87e-04	1.70e-06	7.29e-08	2.91e-16	3.28e-16
 4.87157e+22	9.87e-08	2.47e-04	4.20e-02	4.08e-01	3.63e-01	1.46e-01	4.07e-02	4.62e-04	1.24e-06	9.87e-08	4.17e-16	4.71e-16
 4.91100e+22	1.26e-07	2.93e-04	4.67e-02	4.24e-01	3.57e-01	1.36e-01	3.58e-02	3.79e-04	9.49e-07	1.26e-07	5.59e-16	6.31e-16
 4.94500e+22	1.58e-07	3.44e-04	5.14e-02	4.39e-01	3.50e-01	1.27e-01	3.16e-02	3.14e-04	7.38e-07	1.58e-07	7.34e-16	8.30e-16
 4.97684e+22	1.95e-07	3.98e-04	5.62e-02	4.52e-01	3.44e-01	1.19e-01	2.81e-02	2.63e-04	5.83e-07	1.95e-07	9.43e-16	1.07e-15
 5.01183e+22	2.53e-07	4.76e-04	6.25e-02	4.68e-01	3.35e-01	1.09e-01	2.43e-02	2.11e-04	4.35e-07	2.53e-07	1.29e-15	1.46e-15
 5.04696e+22	3.13e-07	5.52e-04	6.83e-02	4.81e-01	3.27e-01	1.02e-01	2.14e-02	1.75e-04	3.38e-07	3.13e-07	1.66e-15	1.88e-15
 5.07725e+22	3.81e-07	6.33e-04	7.39e-02	4.92e-01	3.20e-01	9.48e-02	1.90e-02	1.46e-04	2.68e-07	3.81e-07	2.11e-15	2.39e-15
 5.11160e+22	4.90e-07	7.54e-04	8.18e-02	5.05e-01	3.09e-01	8.64e-02	1.63e-02	1.16e-04	1.97e-07	4.90e-07	2.86e-15	3.25e-15
 5.14708e+22	6.05e-07	8.72e-04	8.89e-02	5.16e-01	3.00e-01	7.96e-02	1.43e-02	9.52e-05	1.52e-07	6.05e-07	3.69e-15	4.19e-15
 5.18404e+22	7.87e-07	1.04e-03	9.85e-02	5.28e-01	2.88e-01	7.16e-02	1.21e-02	7.40e-05	0.00e+00	7.87e-07	5.08e-15	5.78e-15
 5.22155e+22	9.84e-07	1.22e-03	1.07e-01	5.38e-01	2.78e-01	6.53e-02	1.04e-02	5.95e-05	0.00e+00	9.84e-07	6.64e-15	7.56e-15
 5.25366e+22	1.20e-06	1.39e-03	1.16e-01	5.45e-01	2.68e-01	6.00e-02	9.11e-03	4.89e-05	0.00e+00	1.20e-06	8.43e-15	9.61e-15
 5.28928e+22	1.54e-06	1.66e-03	1.27e-01	5.54e-01	2.56e-01	5.36e-02	7.65e-03	3.78e-05	0.00e+00	1.54e-06	1.15e-14	1.31e-14
 5.32227e+22	1.81e-06	1.85e-03	1.35e-01	5.59e-01	2.48e-01	4.97e-02	6.82e-03	3.19e-05	0.00e+00	1.81e-06	1.40e-14	1.59e-14
 5.35183e+22	2.21e-06	2.12e-03	1.45e-01	5.63e-01	2.38e-01	4.52e-02	5.91e-03	2.59e-05	0.00e+00	2.21e-06	1.78e-14	2.03e-14
 5.38226e+22	2.62e-06	2.38e-03	1.55e-01	5.67e-01	2.29e-01	4.16e-02	5.21e-03	2.15e-05	0.00e+00	2.62e-06	2.19e-14	2.50e-14
 5.40938e+22	3.08e-06	2.66e-03	1.64e-01	5.70e-01	2.21e-01	3.83e-02	4.62e-03	1.80e-05	0.00e+00	3.08e-06	2.68e-14	3.06e-14
 5.44023e+22	3.80e-06	3.06e-03	1.76e-01	5.72e-01	2.10e-01	3.44e-02	3.94e-03	1.43e-05	0.00e+00	3.80e-06	3.46e-14	3.96e-14
 5.47116e+22	4.46e-06	3.42e-03	1.87e-01	5.73e-01	2.02e-01	3.16e-02	3.47e-03	1.19e-05	0.00e+00	4.46e-06	4.21e-14	4.82e-14
 5.50219e+22	5.49e-06	3.93e-03	2.00e-01	5.73e-01	1.91e-01	2.82e-02	2.95e-03	9.40e-06	0.00e+00	5.49e-06	5.44e-14	6.23e-14
 5.53348e+22	6.44e-06	4.38e-03	2.12e-01	5.72e-01	1.83e-01	2.58e-02	2.59e-03	7.78e-06	0.00e+00	6.44e-06	6.63e-14	7.59e-14
 5.56510e+22	7.91e-06	5.03e-03	2.27e-01	5.70e-01	1.73e-01	2.29e-02	2.19e-03	6.10e-06	0.00e+00	7.91e-06	8.55e-14	9.80e-14
 5.59174e+22	8.75e-06	5.39e-03	2.35e-01	5.69e-01	1.67e-01	2.15e-02	2.01e-03	5.37e-06	0.00e+00	8.75e-06	9.69e-14	1.11e-13
 5.61192e+22	9.96e-06	5.87e-03	2.45e-01	5.66e-01	1.61e-01	1.99e-02	1.80e-03	4.59e-06	0.00e+00	9.96e-06	1.14e-13	1.30e-13
 5.63814e+22	1.17e-05	6.54e-03	2.58e-01	5.63e-01	1.53e-01	1.80e-02	1.57e-03	3.77e-06	0.00e+00	1.17e-05	1.39e-13	1.59e-13
 5.67224e+22	1.45e-05	7.58e-03	2.77e-01	5.56e-01	1.43e-01	1.57e-02	1.30e-03	2.86e-06	0.00e+00	1.45e-05	1.82e-13	2.09e-13
 5.70577e+22	1.70e-05	8.40e-03	2.91e-01	5.50e-01	1.35e-01	1.42e-02	1.13e-03	2.33e-06	0.00e+00	1.70e-05	2.21e-13	2.54e-13
 5.73855e+22	2.07e-05	9.60e-03	3.09e-01	5.42e-01	1.26e-01	1.24e-02	9.36e-04	1.79e-06	0.00e+00	2.07e-05	2.85e-13	3.27e-13
 5.77231e+22	2.44e-05	1.07e-02	3.25e-01	5.34e-01	1.18e-01	1.10e-02	8.01e-04	1.43e-06	0.00e+00	2.44e-05	3.49e-13	4.02e-13
 5.80734e+22	3.01e-05	1.23e-02	3.46e-01	5.23e-01	1.09e-01	9.49e-03	6.56e-04	1.07e-06	0.00e+00	3.01e-05	4.55e-13	5.23e-13
 5.84293e+22	3.55e-05	1.37e-02	3.63e-01	5.12e-01	1.02e-01	8.39e-03	5.57e-04	8.49e-07	0.00e+00	3.55e-05	5.60e-13	6.44e-13
 5.87925e+22	4.39e-05	1.58e-02	3.85e-01	4.98e-01	9.32e-02	7.15e-03	4.51e-04	6.28e-07	0.00e+00	4.39e-05	7.34e-13	8.44e-13
 5.91628e+22	5.20e-05	1.77e-02	4.04e-01	4.86e-01	8.63e-02	6.25e-03	3.78e-04	4.89e-07	0.00e+00	5.20e-05	9.11e-13	1.05e-12
 5.95422e+22	6.46e-05	2.04e-02	4.27e-01	4.68e-01	7.82e-02	5.25e-03	3.02e-04	3.55e-07	0.00e+00	6.46e-05	1.20e-12	1.38e-12
 5.99288e+22	7.68e-05	2.29e-02	4.47e-01	4.54e-01	7.18e-02	4.54e-03	2.50e-04	2.71e-07	0.00e+00	7.68e-05	1.50e-12	1.72e-12
 6.02232e+22	8.67e-05	2.48e-02	4.61e-01	4.43e-01	6.74e-02	4.08e-03	2.18e-04	2.23e-07	0.00e+00	8.67e-05	1.75e-12	2.01e-12
 6.05045e+22	1.01e-04	2.74e-02	4.78e-01	4.28e-01	6.23e-02	3.57e-03	1.84e-04	1.76e-07	0.00e+00	1.01e-04	2.14e-12	2.45e-12
 6.07924e+22	1.14e-04	2.97e-02	4.92e-01	4.16e-01	5.82e-02	3.19e-03	1.60e-04	1.43e-07	0.00e+00	1.14e-04	2.51e-12	2.88e-12
 6.10890e+22	1.34e-04	3.29e-02	5.10e-01	4.01e-01	5.34e-02	2.77e-03	1.33e-04	0.00e+00	0.00e+00	1.34e-04	3.07e-12	3.52e-12
 6.13916e+22	1.52e-04	3.58e-02	5.25e-01	3.87e-01	4.95e-02	2.44e-03	1.14e-04	0.00e+00	0.00e+00	1.52e-04	3.63e-12	4.15e-12
 6.16603e+22	1.72e-04	3.88e-02	5.39e-01	3.74e-01	4.60e-02	2.16e-03	9.80e-05	0.00e+00	0.00e+00	1.72e-04	4.27e-12	4.88e-12
 6.19678e+22	2.02e-04	4.31e-02	5.56e-01	3.57e-01	4.16e-02	1.84e-03	8.04e-05	0.00e+00	0.00e+00	2.02e-04	5.28e-12	6.03e-12
 6.22760e+22	2.28e-04	4.65e-02	5.70e-01	3.43e-01	3.85e-02	1.63e-03	6.89e-05	0.00e+00	0.00e+00	2.28e-04	6.18e-12	7.04e-12
 6.25851e+22	2.66e-04	5.13e-02	5.86e-01	3.26e-01	3.48e-02	1.39e-03	5.66e-05	0.00e+00	0.00e+00	2.66e-04	7.58e-12	8.61e-12
 6.28771e+22	2.95e-04	5.48e-02	5.97e-01	3.14e-01	3.23e-02	1.23e-03	4.90e-05	0.00e+00	0.00e+00	2.95e-04	8.71e-12	9.87e-12
 6.30685e+22	3.14e-04	5.70e-02	6.04e-01	3.07e-01	3.08e-02	1.15e-03	4.47e-05	0.00e+00	0.00e+00	3.14e-04	9.48e-12	1.07e-11
 6.32393e+22	3.40e-04	6.00e-02	6.12e-01	2.97e-01	2.91e-02	1.05e-03	4.01e-05	0.00e+00	0.00e+00	3.40e-04	1.06e-11	1.20e-11
 6.34612e+22	3.78e-04	6.42e-02	6.22e-01	2.85e-01	2.70e-02	9.33e-04	3.48e-05	0.00e+00	0.00e+00	3.78e-04	1.22e-11	1.37e-11
 6.37498e+22	4.37e-04	7.03e-02	6.35e-01	2.69e-01	2.42e-02	7.90e-04	2.84e-05	0.00e+00	0.00e+00	4.37e-04	1.48e-11	1.66e-11
 6.39980e+22	4.65e-04	7.31e-02	6.42e-01	2.61e-01	2.29e-02	7.26e-04	2.56e-05	0.00e+00	0.00e+00	4.65e-04	1.61e-11	1.81e-11
 6.41938e+22	5.10e-04	7.75e-02	6.49e-01	2.51e-01	2.13e-02	6.51e-04	2.24e-05	0.00e+00	0.00e+00	5.10e-04	1.83e-11	2.05e-11
 6.44483e+22	5.73e-04	8.34e-02	6.59e-01	2.38e-01	1.94e-02	5.64e-04	1.89e-05	0.00e+00	0.00e+00	5.73e-04	2.15e-11	2.40e-11
 6.47791e+22	6.69e-04	9.18e-02	6.70e-01	2.20e-01	1.71e-02	4.65e-04	1.50e-05	0.00e+00	0.00e+00	6.69e-04	2.65e-11	2.94e-11
 6.50897e+22	7.33e-04	9.71e-02	6.77e-01	2.09e-01	1.56e-02	4.08e-04	1.28e-05	0.00e+00	0.00e+00	7.33e-04	3.02e-11	3.34e-11
 6.53740e+22	8.31e-04	1.05e-01	6.84e-01	1.96e-01	1.40e-02	3.46e-04	1.05e-05	0.00e+00	0.00e+00	8.31e-04	3.60e-11	3.96e-11
 6.57435e+22	9.79e-04	1.16e-01	6.92e-01	1.79e-01	1.21e-02	2.77e-04	8.07e-06	0.00e+00	0.00e+00	9.79e-04	4.51e-11	4.94e-11
 6.61206e+22	1.11e-03	1.25e-01	6.98e-01	1.65e-01	1.06e-02	2.31e-04	6.50e-06	0.00e+00	0.00e+00	1.11e-03	5.37e-11	5.84e-11
 6.65076e+22	1.30e-03	1.38e-01	7.02e-01	1.49e-01	9.05e-03	1.82e-04	4.90e-06	0.00e+00	0.00e+00	1.30e-03	6.78e-11	7.32e-11
 6.68996e+22	1.47e-03	1.48e-01	7.06e-01	1.37e-01	7.90e-03	1.50e-04	3.89e-06	0.00e+00	0.00e+00	1.47e-03	8.08e-11	8.67e-11
 6.72980e+22	1.73e-03	1.63e-01	7.06e-01	1.22e-01	6.67e-03	1.17e-04	2.91e-06	0.00e+00	0.00e+00	1.73e-03	1.02e-10	1.08e-10
 6.77068e+22	1.96e-03	1.76e-01	7.06e-01	1.11e-01	5.74e-03	9.48e-05	2.27e-06	0.00e+00	0.00e+00	1.96e-03	1.22e-10	1.29e-10
 6.81289e+22	2.34e-03	1.94e-01	7.02e-01	9.67e-02	4.73e-03	7.17e-05	1.64e-06	0.00e+00	0.00e+00	2.34e-03	1.56e-10	1.64e-10
 6.85529e+22	2.63e-03	2.08e-01	6.98e-01	8.69e-02	4.05e-03	5.77e-05	1.27e-06	0.00e+00	0.00e+00	2.63e-03	1.86e-10	1.95e-10
 6.89791e+22	3.13e-03	2.30e-01	6.89e-01	7.49e-02	3.30e-03	4.29e-05	9.07e-07	0.00e+00	0.00e+00	3.13e-03	2.39e-10	2.48e-10
 6.94110e+22	3.54e-03	2.46e-01	6.81e-01	6.64e-02	2.80e-03	3.40e-05	6.95e-07	0.00e+00	0.00e+00	3.54e-03	2.86e-10	2.95e-10
 6.98503e+22	4.22e-03	2.72e-01	6.66e-01	5.61e-02	2.25e-03	2.48e-05	4.85e-07	0.00e+00	0.00e+00	4.22e-03	3.66e-10	3.76e-10
 7.02994e+22	4.84e-03	2.93e-01	6.52e-01	4.86e-02	1.87e-03	1.90e-05	3.60e-07	0.00e+00	0.00e+00	4.84e-03	4.44e-10	4.53e-10
 7.06527e+22	5.34e-03	3.09e-01	6.41e-01	4.35e-02	1.62e-03	1.56e-05	2.88e-07	0.00e+00	0.00e+00	5.34e-03	5.11e-10	5.20e-10
 7.10034e+22	6.19e-03	3.34e-01	6.21e-01	3.71e-02	1.34e-03	1.18e-05	2.11e-07	0.00e+00	0.00e+00	6.19e-03	6.26e-10	6.34e-10
 7.13522e+22	6.85e-03	3.53e-01	6.07e-01	3.29e-02	1.16e-03	9.51e-06	1.68e-07	0.00e+00	0.00e+00	6.85e-03	7.22e-10	7.30e-10
 7.16987e+22	7.95e-03	3.81e-01	5.83e-01	2.77e-02	9.54e-04	7.09e-06	0.00e+00	0.00e+00	0.00e+00	7.95e-03	8.84e-10	8.90e-10
 7.20497e+22	8.91e-03	4.03e-01	5.63e-01	2.39e-02	8.11e-04	5.56e-06	0.00e+00	0.00e+00	0.00e+00	8.91e-03	1.03e-09	1.04e-09
 7.24066e+22	1.04e-02	4.36e-01	5.34e-01	1.96e-02	6.58e-04	4.02e-06	0.00e+00	0.00e+00	0.00e+00	1.04e-02	1.28e-09	1.28e-09
 7.27677e+22	1.18e-02	4.63e-01	5.09e-01	1.65e-02	5.49e-04	3.05e-06	0.00e+00	0.00e+00	0.00e+00	1.18e-02	1.51e-09	1.51e-09
 7.30826e+22	1.34e-02	4.90e-01	4.82e-01	1.38e-02	4.60e-04	2.30e-06	0.00e+00	0.00e+00	0.00e+00	1.34e-02	1.79e-09	1.78e-09
 7.34399e+22	1.58e-02	5.28e-01	4.45e-01	1.08e-02	3.66e-04	1.59e-06	0.00e+00	0.00e+00	0.00e+00	1.58e-02	2.23e-09	2.21e-09
 7.38065e+22	1.84e-02	5.61e-01	4.12e-01	8.63e-03	2.96e-04	1.12e-06	0.00e+00	0.00e+00	0.00e+00	1.84e-02	2.69e-09	2.67e-09
 7.41275e+22	2.11e-02	5.92e-01	3.79e-01	6.88e-03	2.42e-04	8.03e-07	0.00e+00	0.00e+00	0.00e+00	2.11e-02	3.23e-09	3.20e-09
 7.44872e+22	2.53e-02	6.33e-01	3.37e-01	5.06e-03	1.86e-04	5.12e-07	0.00e+00	0.00e+00	0.00e+00	2.53e-02	4.08e-09	4.03e-09
 7.48655e+22	3.02e-02	6.70e-01	2.96e-01	3.69e-03	1.44e-04	3.26e-07	0.00e+00	0.00e+00	0.00e+00	3.02e-02	5.08e-09	5.02e-09
 7.51922e+22	3.53e-02	7.01e-01	2.61e-01	2.74e-03	1.14e-04	2.15e-07	0.00e+00	0.00e+00	0.00e+00	3.53e-02	6.19e-09	6.10e-09
 7.54766e+22	4.09e-02	7.27e-01	2.30e-01	2.06e-03	9.11e-05	1.44e-07	0.00e+00	0.00e+00	0.00e+00	4.09e-02	7.40e-09	7.29e-09
 7.57386e+22	4.71e-02	7.50e-01	2.01e-01	1.54e-03	7.31e-05	0.00e+00	0.00e+00	0.00e+00	0.00e+00	4.71e-02	8.80e-09	8.66e-09
 7.60362e+22	5.63e-02	7.75e-01	1.67e-01	1.05e-03	5.46e-05	0.00e+00	0.00e+00	0.00e+00	0.00e+00	5.63e-02	1.10e-08	1.08e-08
 7.63442e+22	6.75e-02	7.94e-01	1.37e-01	7.08e-04	4.07e-05	0.00e+00	0.00e+00	0.00e+00	0.00e+00	6.75e-02	1.36e-08	1.33e-08
 7.65284e+22	7.42e-02	8.02e-01	1.24e-01	5.78e-04	3.52e-05	0.00e+00	0.00e+00	0.00e+00	0.00e+00	7.42e-02	1.50e-08	1.48e-08
 7.65987e+22	7.72e-02	8.04e-01	1.18e-01	5.28e-04	3.29e-05	0.00e+00	0.00e+00	0.00e+00	0.00e+00	7.72e-02	1.58e-08	1.55e-08
 7.66572e+22	8.02e-02	8.07e-01	1.12e-01	4.83e-04	3.07e-05	0.00e+00	0.00e+00	0.00e+00	0.00e+00	8.02e-02	1.65e-08	1.62e-08
 7.67311e+22	8.45e-02	8.10e-01	1.05e-01	4.28e-04	2.81e-05	0.00e+00	0.00e+00	0.00e+00	0.00e+00	8.45e-02	1.75e-08	1.72e-08
 7.68102e+22	8.91e-02	8.12e-01	9.87e-02	3.80e-04	2.56e-05	0.00e+00	0.00e+00	0.00e+00	0.00e+00	8.91e-02	1.86e-08	1.82e-08
 7.68828e+22	9.36e-02	8.13e-01	9.27e-02	3.39e-04	2.34e-05	0.00e+00	0.00e+00	0.00e+00	0.00e+00	9.36e-02	1.97e-08	1.93e-08
 7.69523e+22	9.81e-02	8.14e-01	8.71e-02	3.03e-04	2.15e-05	0.00e+00	0.00e+00	0.00e+00	0.00e+00	9.81e-02	2.08e-08	2.04e-08
 7.70213e+22	1.03e-01	8.15e-01	8.17e-02	2.70e-04	1.97e-05	0.00e+00	0.00e+00	0.00e+00	0.00e+00	1.03e-01	2.19e-08	2.15e-08
 7.70894e+22	1.08e-01	8.15e-01	7.67e-02	2.42e-04	1.81e-05	0.00e+00	0.00e+00	0.00e+00	0.00e+00	1.08e-01	2.31e-08	2.26e-08
 7.71595e+22	1.13e-01	8.15e-01	7.15e-02	2.14e-04	1.64e-05	0.00e+00	0.00e+00	0.00e+00	0.00e+00	1.13e-01	2.45e-08	2.40e-08
 7.72296e+22	1.19e-01	8.14e-01	6.67e-02	1.91e-04	1.49e-05	0.00e+00	0.00e+00	0.00e+00	0.00e+00	1.19e-01	2.59e-08	2.53e-08
 7.72953e+22	1.25e-01	8.12e-01	6.23e-02	1.70e-04	1.36e-05	0.00e+00	0.00e+00	0.00e+00	0.00e+00	1.25e-01	2.73e-08	2.67e-08
 7.73577e+22	1.31e-01	8.10e-01	5.83e-02	1.52e-04	1.24e-05	0.00e+00	0.00e+00	0.00e+00	0.00e+00	1.31e-01	2.87e-08	2.81e-08
 7.74188e+22	1.37e-01	8.08e-01	5.44e-02	1.36e-04	1.13e-05	0.00e+00	0.00e+00	0.00e+00	0.00e+00	1.37e-01	3.02e-08	2.95e-08
 7.74803e+22	1.44e-01	8.05e-01	5.09e-02	1.22e-04	1.04e-05	0.00e+00	0.00e+00	0.00e+00	0.00e+00	1.44e-01	3.17e-08	3.10e-08
 7.75436e+22	1.51e-01	8.02e-01	4.73e-02	1.08e-04	9.37e-06	0.00e+00	0.00e+00	0.00e+00	0.00e+00	1.51e-01	3.34e-08	3.27e-08
 7.76070e+22	1.58e-01	7.98e-01	4.39e-02	9.66e-05	8.50e-06	0.00e+00	0.00e+00	0.00e+00	0.00e+00	1.58e-01	3.51e-08	3.43e-08
 7.76678e+22	1.66e-01	7.93e-01	4.07e-02	8.59e-05	7.67e-06	0.00e+00	0.00e+00	0.00e+00	0.00e+00	1.66e-01	3.70e-08	3.61e-08
 7.77254e+22	1.73e-01	7.89e-01	3.80e-02	7.75e-05	7.01e-06	0.00e+00	0.00e+00	0.00e+00	0.00e+00	1.73e-01	3.87e-08	3.78e-08
 7.77835e+22	1.81e-01	7.84e-01	3.53e-02	6.93e-05	6.34e-06	0.00e+00	0.00e+00	0.00e+00	0.00e+00	1.81e-01	4.06e-08	3.96e-08
 7.78436e+22	1.90e-01	7.77e-01	3.26e-02	6.16e-05	5.70e-06	0.00e+00	0.00e+00	0.00e+00	0.00e+00	1.90e-01	4.26e-08	4.16e-08
 7.78996e+22	1.99e-01	7.71e-01	3.03e-02	5.54e-05	5.17e-06	0.00e+00	0.00e+00	0.00e+00	0.00e+00	1.99e-01	4.45e-08	4.35e-08
 7.79532e+22	2.07e-01	7.65e-01	2.82e-02	5.02e-05	4.71e-06	0.00e+00	0.00e+00	0.00e+00	0.00e+00	2.07e-01	4.64e-08	4.53e-08
 7.80110e+22	2.17e-01	7.57e-01	2.60e-02	4.48e-05	4.22e-06	0.00e+00	0.00e+00	0.00e+00	0.00e+00	2.17e-01	4.87e-08	4.75e-08
 7.80695e+22	2.27e-01	7.49e-01	2.39e-02	4.00e-05	3.77e-06	0.00e+00	0.00e+00	0.00e+00	0.00e+00	2.27e-01	5.09e-08	4.97e-08
 7.81221e+22	2.37e-01	7.41e-01	2.22e-02	3.62e-05	3.42e-06	0.00e+00	0.00e+00	0.00e+00	0.00e+00	2.37e-01	5.30e-08	5.17e-08
 7.81733e+22	2.46e-01	7.33e-01	2.07e-02	3.29e-05	3.11e-06	0.00e+00	0.00e+00	0.00e+00	0.00e+00	2.46e-01	5.50e-08	5.36e-08
 7.82297e+22	2.57e-01	7.24e-01	1.89e-02	2.94e-05	2.77e-06	0.00e+00	0.00e+00	0.00e+00	0.00e+00	2.57e-01	5.75e-08	5.60e-08
 7.82872e+22	2.70e-01	7.13e-01	1.74e-02	2.63e-05	2.46e-06	0.00e+00	0.00e+00	0.00e+00	0.00e+00	2.70e-01	6.00e-08	5.84e-08
 7.83386e+22	2.80e-01	7.04e-01	1.61e-02	2.39e-05	2.22e-06	0.00e+00	0.00e+00	0.00e+00	0.00e+00	2.80e-01	6.21e-08	6.06e-08
 7.83882e+22	2.90e-01	6.95e-01	1.49e-02	2.19e-05	2.02e-06	0.00e+00	0.00e+00	0.00e+00	0.00e+00	2.90e-01	6.42e-08	6.26e-08
 7.84441e+22	3.03e-01	6.83e-01	1.36e-02	1.96e-05	1.79e-06	0.00e+00	0.00e+00	0.00e+00	0.00e+00	3.03e-01	6.68e-08	6.50e-08
 7.85022e+22	3.17e-01	6.70e-01	1.24e-02	1.76e-05	1.58e-06	0.00e+00	0.00e+00	0.00e+00	0.00e+00	3.17e-01	6.94e-08	6.75e-08
 7.85545e+22	3.30e-01	6.58e-01	1.14e-02	1.59e-05	1.41e-06	0.00e+00	0.00e+00	0.00e+00	0.00e+00	3.30e-01	7.17e-08	6.98e-08
 7.86028e+22	3.41e-01	6.48e-01	1.06e-02	1.47e-05	1.28e-06	0.00e+00	0.00e+00	0.00e+00	0.00e+00	3.41e-01	7.38e-08	7.18e-08
 7.86563e+22	3.55e-01	6.35e-01	9.62e-03	1.33e-05	1.13e-06	0.00e+00	0.00e+00	0.00e+00	0.00e+00	3.55e-01	7.62e-08	7.42e-08
 7.87139e+22	3.70e-01	6.22e-01	8.75e-03	1.20e-05	9.97e-07	0.00e+00	0.00e+00	0.00e+00	0.00e+00	3.70e-01	7.87e-08	7.65e-08
 7.87684e+22	3.84e-01	6.08e-01	7.96e-03	1.09e-05	8.81e-07	0.00e+00	0.00e+00	0.00e+00	0.00e+00	3.84e-01	8.10e-08	7.88e-08
 7.88197e+22	3.97e-01	5.95e-01	7.31e-03	9.95e-06	7.88e-07	0.00e+00	0.00e+00	0.00e+00	0.00e+00	3.97e-01	8.31e-08	8.08e-08
 7.88719e+22	4.12e-01	5.82e-01	6.66e-03	9.07e-06	6.98e-07	0.00e+00	0.00e+00	0.00e+00	0.00e+00	4.12e-01	8.53e-08	8.29e-08
 7.89270e+22	4.27e-01	5.67e-01	6.04e-03	8.24e-06	6.15e-07	0.00e+00	0.00e+00	0.00e+00	0.00e+00	4.27e-01	8.74e-08	8.49e-08
 7.89807e+22	4.42e-01	5.53e-01	5.50e-03	7.53e-06	5.45e-07	0.00e+00	0.00e+00	0.00e+00	0.00e+00	4.42e-01	8.94e-08	8.68e-08
 7.90341e+22	4.56e-01	5.39e-01	5.00e-03	6.89e-06	4.82e-07	0.00e+00	0.00e+00	0.00e+00	0.00e+00	4.56e-01	9.13e-08	8.86e-08
 7.90892e+22	4.71e-01	5.24e-01	4.53e-03	6.29e-06	4.24e-07	0.00e+00	0.00e+00	0.00e+00	0.00e+00	4.71e-01	9.31e-08	9.04e-08
 7.91458e+22	4.87e-01	5.09e-01	4.10e-03	5.75e-06	3.73e-07	0.00e+00	0.00e+00	0.00e+00	0.00e+00	4.87e-01	9.49e-08	9.21e-08
 7.92041e+22	5.03e-01	4.94e-01	3.69e-03	5.24e-06	3.26e-07	0.00e+00	0.00e+00	0.00e+00	0.00e+00	5.03e-01	9.66e-08	9.37e-08
 7.92619e+22	5.18e-01	4.78e-01	3.33e-03	4.79e-06	2.86e-07	0.00e+00	0.00e+00	0.00e+00	0.00e+00	5.18e-01	9.80e-08	9.51e-08
 7.93190e+22	5.33e-01	4.64e-01	3.00e-03	4.39e-06	2.51e-07	0.00e+00	0.00e+00	0.00e+00	0.00e+00	5.33e-01	9.94e-08	9.64e-08
 7.93785e+22	5.49e-01	4.48e-01	2.69e-03	4.02e-06	2.19e-07	0.00e+00	0.00e+00	0.00e+00	0.00e+00	5.49e-01	1.01e-07	9.76e-08
 7.94403e+22	5.65e-01	4.33e-01	2.41e-03	3.68e-06	1.91e-07	0.00e+00	0.00e+00	0.00e+00	0.00e+00	5.65e-01	1.02e-07	9.86e-08
 7.95039e+22	5.81e-01	4.17e-01	2.15e-03	3.36e-06	1.65e-07	0.00e+00	0.00e+00	0.00e+00	0.00e+00	5.81e-01	1.03e-07	9.96e-08
 7.95615e+22	5.94e-01	4.04e-01	1.95e-03	3.12e-06	1.46e-07	0.00e+00	0.00e+00	0.00e+00	0.00e+00	5.94e-01	1.03e-07	1.00e-07
 7.96110e+22	6.06e-01	3.92e-01	1.78e-03	2.91e-06	1.31e-07	0.00e+00	0.00e+00	0.00e+00	0.00e+00	6.06e-01	1.04e-07	1.01e-07
 7.96601e+22	6.17e-01	3.82e-01	1.64e-03	2.74e-06	0.00e+00	0.00e+00	0.00e+00	0.00e+00	0.00e+00	6.17e-01	1.04e-07	1.01e-07
 7.97137e+22	6.29e-01	3.70e-01	1.49e-03	2.55e-06	0.00e+00	0.00e+00	0.00e+00	0.00e+00	0.00e+00	6.29e-01	1.05e-07	1.01e-07
 7.97706e+22	6.41e-01	3.57e-01	1.34e-03	2.37e-06	0.00e+00	0.00e+00	0.00e+00	0.00e+00	0.00e+00	6.41e-01	1.05e-07	1.02e-07
 7.98262e+22	6.53e-01	3.46e-01	1.22e-03	2.22e-06	0.00e+00	0.00e+00	0.00e+00	0.00e+00	0.00e+00	6.53e-01	1.05e-07	1.02e-07
 7.98811e+22	6.64e-01	3.35e-01	1.11e-03	2.08e-06	0.00e+00	0.00e+00	0.00e+00	0.00e+00	0.00e+00	6.64e-01	1.06e-07	1.02e-07
 7.99386e+22	6.75e-01	3.24e-01	1.00e-03	1.94e-06	0.00e+00	0.00e+00	0.00e+00	0.00e+00	0.00e+00	6.75e-01	1.06e-07	1.02e-07
 7.99982e+22	6.87e-01	3.12e-01	9.06e-04	1.81e-06	0.00e+00	0.00e+00	0.00e+00	0.00e+00	0.00e+00	6.87e-01	1.06e-07	1.02e-07
 8.00573e+22	6.97e-01	3.02e-01	8.20e-04	1.69e-06	0.00e+00	0.00e+00	0.00e+00	0.00e+00	0.00e+00	6.97e-01	1.06e-07	1.02e-07
 8.01168e+22	7.08e-01	2.92e-01	7.41e-04	1.59e-06	0.00e+00	0.00e+00	0.00e+00	0.00e+00	0.00e+00	7.08e-01	1.05e-07	1.02e-07
 8.01786e+22	7.18e-01	2.81e-01	6.69e-04	1.49e-06	0.00e+00	0.00e+00	0.00e+00	0.00e+00	0.00e+00	7.18e-01	1.05e-07	1.02e-07
 8.02425e+22	7.28e-01	2.71e-01	6.01e-04	1.39e-06	0.00e+00	0.00e+00	0.00e+00	0.00e+00	0.00e+00	7.28e-01	1.05e-07	1.01e-07
 8.03069e+22	7.38e-01	2.61e-01	5.40e-04	1.30e-06	0.00e+00	0.00e+00	0.00e+00	0.00e+00	0.00e+00	7.38e-01	1.05e-07	1.01e-07
 8.03715e+22	7.48e-01	2.52e-01	4.87e-04	1.22e-06	0.00e+00	0.00e+00	0.00e+00	0.00e+00	0.00e+00	7.48e-01	1.04e-07	1.00e-07
 8.04378e+22	7.57e-01	2.42e-01	4.37e-04	1.14e-06	0.00e+00	0.00e+00	0.00e+00	0.00e+00	0.00e+00	7.57e-01	1.04e-07	1.00e-07
 8.05064e+22	7.66e-01	2.33e-01	3.92e-04	1.07e-06	0.00e+00	0.00e+00	0.00e+00	0.00e+00	0.00e+00	7.66e-01	1.03e-07	9.95e-08
 8.05764e+22	7.75e-01	2.24e-01	3.51e-04	1.00e-06	0.00e+00	0.00e+00	0.00e+00	0.00e+00	0.00e+00	7.75e-01	1.03e-07	9.90e-08
 8.06474e+22	7.84e-01	2.16e-01	3.15e-04	9.38e-07	0.00e+00	0.00e+00	0.00e+00	0.00e+00	0.00e+00	7.84e-01	1.02e-07	9.85e-08
 8.07196e+22	7.92e-01	2.07e-01	2.83e-04	8.79e-07	0.00e+00	0.00e+00	0.00e+00	0.00e+00	0.00e+00	7.92e-01	1.02e-07	9.79e-08
 8.07938e+22	8.01e-01	1.99e-01	2.53e-04	8.24e-07	0.00e+00	0.00e+00	0.00e+00	0.00e+00	0.00e+00	8.01e-01	1.01e-07	9.73e-08
 8.08701e+22	8.09e-01	1.91e-01	2.27e-04	7.72e-07	0.00e+00	0.00e+00	0.00e+00	0.00e+00	0.00e+00	8.09e-01	1.01e-07	9.67e-08
 8.09482e+22	8.16e-01	1.84e-01	2.03e-04	7.23e-07	0.00e+00	0.00e+00	0.00e+00	0.00e+00	0.00e+00	8.16e-01	1.00e-07	9.61e-08
 8.10280e+22	8.24e-01	1.76e-01	1.82e-04	6.78e-07	0.00e+00	0.00e+00	0.00e+00	0.00e+00	0.00e+00	8.24e-01	9.95e-08	9.55e-08
 8.11100e+22	8.31e-01	1.69e-01	1.64e-04	6.36e-07	0.00e+00	0.00e+00	0.00e+00	0.00e+00	0.00e+00	8.31e-01	9.89e-08	9.49e-08
 8.11945e+22	8.38e-01	1.62e-01	1.47e-04	5.96e-07	0.00e+00	0.00e+00	0.00e+00	0.00e+00	0.00e+00	8.38e-01	9.83e-08	9.43e-08
 8.12817e+22	8.44e-01	1.55e-01	1.32e-04	5.59e-07	0.00e+00	0.00e+00	0.00e+00	0.00e+00	0.00e+00	8.44e-01	9.77e-08	9.37e-08
 8.13710e+22	8.51e-01	1.49e-01	1.19e-04	5.24e-07	0.00e+00	0.00e+00	0.00e+00	0.00e+00	0.00e+00	8.51e-01	9.72e-08	9.31e-08
 8.14615e+22	8.57e-01	1.43e-01	1.08e-04	4.92e-07	0.00e+00	0.00e+00	0.00e+00	0.00e+00	0.00e+00	8.57e-01	9.67e-08	9.26e-08
 8.15537e+22	8.62e-01	1.38e-01	9.78e-05	4.63e-07	0.00e+00	0.00e+00	0.00e+00	0.00e+00	0.00e+00	8.62e-01	9.63e-08	9.22e-08
 8.16476e+22	8.68e-01	1.32e-01	8.91e-05	4.36e-07	0.00e+00	0.00e+00	0.00e+00	0.00e+00	0.00e+00	8.68e-01	9.59e-08	9.17e-08
 8.17435e+22	8.73e-01	1.27e-01	8.14e-05	4.11e-07	0.00e+00	0.00e+00	0.00e+00	0.00e+00	0.00e+00	8.73e-01	9.54e-08	9.10e-08
 8.18435e+22	8.78e-01	1.22e-01	7.46e-05	3.86e-07	0.00e+00	0.00e+00	0.00e+00	0.00e+00	0.00e+00	8.78e-01	9.49e-08	9.02e-08
 8.19476e+22	8.83e-01	1.17e-01	6.85e-05	3.63e-07	0.00e+00	0.00e+00	0.00e+00	0.00e+00	0.00e+00	8.83e-01	9.44e-08	8.92e-08
