#depth	Si	Si+	Si+2	Si+3	Si+4	Si+5	Si+6	Si+7	Si+8	Si+9	Si+10	Si+11	Si+12	Si+13	Si+14
 4.62852e+21	0.00e+00	1.80e-23	8.18e-20	8.12e-17	9.56e-13	8.17e-10	1.88e-07	1.23e-05	3.57e-04	3.74e-03	1.63e-02	5.99e-02	5.26e-01	3.32e-01	6.16e-02
 1.03019e+22	0.00e+00	1.17e-21	2.82e-18	1.74e-15	2.42e-11	1.83e-08	3.32e-06	1.52e-04	2.89e-03	1.93e-02	5.14e-02	1.11e-01	5.77e-01	2.15e-01	2.38e-02
 1.18017e+22	8.32e-35	6.05e-21	1.16e-17	5.48e-15	7.90e-11	5.70e-08	9.47e-06	3.79e-04	6.08e-03	3.42e-02	7.53e-02	1.33e-01	5.65e-01	1.71e-01	1.54e-02
 1.24842e+22	2.13e-34	1.33e-20	2.27e-17	9.51e-15	1.37e-10	9.66e-08	1.54e-05	5.78e-04	8.54e-03	4.42e-02	8.90e-02	1.43e-01	5.52e-01	1.51e-01	1.23e-02
 1.27696e+22	2.68e-34	1.61e-20	2.69e-17	1.09e-14	1.57e-10	1.10e-07	1.73e-05	6.40e-04	9.26e-03	4.70e-02	9.25e-02	1.45e-01	5.48e-01	1.46e-01	1.16e-02
 1.29029e+22	3.65e-34	2.08e-20	3.35e-17	1.31e-14	1.88e-10	1.30e-07	2.02e-05	7.33e-04	1.03e-02	5.10e-02	9.74e-02	1.48e-01	5.42e-01	1.40e-01	1.07e-02
 1.30495e+22	4.84e-34	2.63e-20	4.11e-17	1.55e-14	2.21e-10	1.52e-07	2.33e-05	8.29e-04	1.14e-02	5.48e-02	1.02e-01	1.51e-01	5.36e-01	1.34e-01	1.00e-02
 1.32134e+22	6.91e-34	3.55e-20	5.33e-17	1.91e-14	2.71e-10	1.85e-07	2.79e-05	9.68e-04	1.29e-02	6.01e-02	1.08e-01	1.54e-01	5.28e-01	1.27e-01	9.12e-03
 1.33811e+22	9.33e-34	4.57e-20	6.62e-17	2.28e-14	3.22e-10	2.17e-07	3.24e-05	1.10e-03	1.43e-02	6.48e-02	1.13e-01	1.57e-01	5.21e-01	1.21e-01	8.42e-03
 1.35295e+22	1.24e-33	5.80e-20	8.13e-17	2.71e-14	3.78e-10	2.53e-07	3.72e-05	1.24e-03	1.57e-02	6.95e-02	1.18e-01	1.59e-01	5.13e-01	1.16e-01	7.80e-03
 1.36702e+22	1.60e-33	7.18e-20	9.81e-17	3.16e-14	4.37e-10	2.91e-07	4.22e-05	1.39e-03	1.71e-02	7.38e-02	1.22e-01	1.61e-01	5.06e-01	1.11e-01	7.28e-03
 1.38249e+22	2.23e-33	9.51e-20	1.25e-16	3.85e-14	5.27e-10	3.47e-07	4.96e-05	1.60e-03	1.91e-02	8.00e-02	1.28e-01	1.63e-01	4.96e-01	1.05e-01	6.63e-03
 1.39794e+22	2.86e-33	1.18e-19	1.50e-16	4.49e-14	6.08e-10	3.97e-07	5.60e-05	1.77e-03	2.07e-02	8.48e-02	1.33e-01	1.65e-01	4.88e-01	1.01e-01	6.19e-03
 1.41336e+22	3.97e-33	1.55e-19	1.91e-16	5.46e-14	7.30e-10	4.72e-07	6.57e-05	2.03e-03	2.30e-02	9.16e-02	1.39e-01	1.67e-01	4.77e-01	9.49e-02	5.61e-03
 1.42884e+22	5.07e-33	1.91e-19	2.29e-16	6.36e-14	8.39e-10	5.38e-07	7.39e-05	2.25e-03	2.49e-02	9.68e-02	1.43e-01	1.68e-01	4.69e-01	9.07e-02	5.23e-03
 1.44439e+22	6.96e-33	2.51e-19	2.90e-16	7.72e-14	1.00e-09	6.35e-07	8.60e-05	2.56e-03	2.75e-02	1.04e-01	1.49e-01	1.69e-01	4.58e-01	8.54e-02	4.75e-03
 1.46038e+22	9.03e-33	3.13e-19	3.52e-16	9.08e-14	1.16e-09	7.29e-07	9.73e-05	2.85e-03	2.98e-02	1.10e-01	1.53e-01	1.70e-01	4.48e-01	8.13e-02	4.39e-03
 1.47423e+22	1.15e-32	3.84e-19	4.21e-16	1.05e-13	1.33e-09	8.25e-07	1.09e-04	3.13e-03	3.20e-02	1.16e-01	1.58e-01	1.71e-01	4.39e-01	7.75e-02	4.08e-03
 1.48954e+22	1.56e-32	4.99e-19	5.28e-16	1.27e-13	1.57e-09	9.67e-07	1.26e-04	3.55e-03	3.52e-02	1.23e-01	1.63e-01	1.72e-01	4.27e-01	7.27e-02	3.70e-03
 1.50486e+22	1.98e-32	6.13e-19	6.32e-16	1.47e-13	1.79e-09	1.09e-06	1.41e-04	3.90e-03	3.78e-02	1.30e-01	1.67e-01	1.72e-01	4.17e-01	6.91e-02	3.42e-03
 1.52018e+22	2.66e-32	7.88e-19	7.87e-16	1.77e-13	2.10e-09	1.27e-06	1.61e-04	4.37e-03	4.12e-02	1.37e-01	1.72e-01	1.72e-01	4.05e-01	6.50e-02	3.11e-03
 1.53602e+22	3.44e-32	9.79e-19	9.53e-16	2.07e-13	2.42e-09	1.45e-06	1.81e-04	4.82e-03	4.43e-02	1.44e-01	1.76e-01	1.72e-01	3.94e-01	6.15e-02	2.86e-03
 1.55019e+22	4.37e-32	1.20e-18	1.14e-15	2.41e-13	2.76e-09	1.63e-06	2.01e-04	5.29e-03	4.75e-02	1.51e-01	1.80e-01	1.72e-01	3.84e-01	5.82e-02	2.64e-03
 1.56626e+22	5.92e-32	1.56e-18	1.43e-15	2.91e-13	3.26e-09	1.90e-06	2.31e-04	5.93e-03	5.17e-02	1.60e-01	1.85e-01	1.71e-01	3.70e-01	5.43e-02	2.38e-03
 1.58274e+22	7.66e-32	1.94e-18	1.74e-15	3.41e-13	3.75e-09	2.16e-06	2.59e-04	6.53e-03	5.55e-02	1.67e-01	1.88e-01	1.70e-01	3.59e-01	5.11e-02	2.17e-03
 1.59739e+22	9.84e-32	2.40e-18	2.09e-15	3.98e-13	4.28e-09	2.45e-06	2.89e-04	7.16e-03	5.93e-02	1.75e-01	1.92e-01	1.69e-01	3.48e-01	4.81e-02	1.99e-03
 1.61408e+22	1.34e-31	3.13e-18	2.64e-15	4.84e-13	5.07e-09	2.85e-06	3.31e-04	8.03e-03	6.45e-02	1.84e-01	1.96e-01	1.67e-01	3.34e-01	4.46e-02	1.78e-03
 1.63123e+22	1.73e-31	3.89e-18	3.21e-15	5.70e-13	5.82e-09	3.24e-06	3.69e-04	8.79e-03	6.88e-02	1.92e-01	1.99e-01	1.66e-01	3.22e-01	4.19e-02	1.63e-03
 1.64897e+22	2.39e-31	5.11e-18	4.08e-15	6.97e-13	6.92e-09	3.78e-06	4.24e-04	9.84e-03	7.46e-02	2.02e-01	2.02e-01	1.64e-01	3.08e-01	3.86e-02	1.44e-03
 1.66620e+22	3.08e-31	6.34e-18	4.93e-15	8.16e-13	7.92e-09	4.28e-06	4.72e-04	1.08e-02	7.95e-02	2.10e-01	2.04e-01	1.62e-01	2.96e-01	3.60e-02	1.31e-03
 1.68014e+22	3.79e-31	7.57e-18	5.78e-15	9.34e-13	8.88e-09	4.73e-06	5.15e-04	1.16e-02	8.36e-02	2.16e-01	2.06e-01	1.60e-01	2.87e-01	3.41e-02	1.21e-03
 1.69566e+22	4.99e-31	9.55e-18	7.09e-15	1.11e-12	1.03e-08	5.39e-06	5.77e-04	1.27e-02	8.93e-02	2.24e-01	2.08e-01	1.57e-01	2.75e-01	3.17e-02	1.09e-03
 1.71225e+22	6.44e-31	1.18e-17	8.59e-15	1.30e-12	1.18e-08	6.09e-06	6.41e-04	1.38e-02	9.47e-02	2.32e-01	2.10e-01	1.55e-01	2.64e-01	2.95e-02	9.89e-04
 1.72784e+22	8.22e-31	1.46e-17	1.03e-14	1.52e-12	1.34e-08	6.84e-06	7.09e-04	1.50e-02	1.00e-01	2.40e-01	2.11e-01	1.52e-01	2.53e-01	2.75e-02	8.97e-04
 1.74569e+22	1.14e-30	1.91e-17	1.31e-14	1.86e-12	1.59e-08	7.96e-06	8.08e-04	1.67e-02	1.08e-01	2.49e-01	2.12e-01	1.48e-01	2.39e-01	2.51e-02	7.87e-04
 1.76383e+22	1.46e-30	2.37e-17	1.59e-14	2.18e-12	1.81e-08	8.96e-06	8.94e-04	1.81e-02	1.14e-01	2.57e-01	2.13e-01	1.45e-01	2.28e-01	2.33e-02	7.10e-04
 1.78234e+22	2.01e-30	3.10e-17	2.02e-14	2.67e-12	2.15e-08	1.04e-05	1.02e-03	2.00e-02	1.22e-01	2.66e-01	2.13e-01	1.41e-01	2.15e-01	2.11e-02	6.20e-04
 1.80147e+22	2.64e-30	3.90e-17	2.48e-14	3.17e-12	2.48e-08	1.18e-05	1.13e-03	2.18e-02	1.29e-01	2.74e-01	2.13e-01	1.38e-01	2.04e-01	1.94e-02	5.54e-04
 1.82141e+22	3.67e-30	5.16e-17	3.18e-14	3.90e-12	2.95e-08	1.37e-05	1.29e-03	2.42e-02	1.38e-01	2.83e-01	2.13e-01	1.33e-01	1.90e-01	1.74e-02	4.79e-04
 1.84174e+22	4.89e-30	6.57e-17	3.94e-14	4.67e-12	3.41e-08	1.56e-05	1.44e-03	2.64e-02	1.46e-01	2.90e-01	2.12e-01	1.29e-01	1.79e-01	1.59e-02	4.21e-04
 1.85938e+22	6.35e-30	8.19e-17	4.80e-14	5.50e-12	3.91e-08	1.76e-05	1.59e-03	2.85e-02	1.53e-01	2.97e-01	2.11e-01	1.25e-01	1.69e-01	1.45e-02	3.74e-04
 1.87913e+22	8.75e-30	1.08e-16	6.11e-14	6.73e-12	4.61e-08	2.03e-05	1.79e-03	3.14e-02	1.63e-01	3.05e-01	2.09e-01	1.20e-01	1.57e-01	1.30e-02	3.22e-04
 1.89967e+22	1.16e-29	1.37e-16	7.56e-14	8.03e-12	5.32e-08	2.31e-05	2.00e-03	3.41e-02	1.72e-01	3.11e-01	2.06e-01	1.16e-01	1.47e-01	1.17e-02	2.81e-04
 1.91812e+22	1.52e-29	1.72e-16	9.25e-14	9.50e-12	6.10e-08	2.60e-05	2.21e-03	3.69e-02	1.80e-01	3.17e-01	2.04e-01	1.11e-01	1.38e-01	1.06e-02	2.46e-04
 1.93898e+22	2.13e-29	2.29e-16	1.19e-13	1.17e-11	7.22e-08	3.01e-05	2.50e-03	4.07e-02	1.91e-01	3.24e-01	2.01e-01	1.06e-01	1.26e-01	9.36e-03	2.08e-04
 1.96040e+22	2.85e-29	2.94e-16	1.48e-13	1.40e-11	8.33e-08	3.41e-05	2.78e-03	4.42e-02	2.00e-01	3.29e-01	1.97e-01	1.01e-01	1.17e-01	8.35e-03	1.79e-04
 1.97926e+22	3.71e-29	3.70e-16	1.81e-13	1.65e-11	9.52e-08	3.83e-05	3.06e-03	4.76e-02	2.09e-01	3.33e-01	1.94e-01	9.68e-02	1.09e-01	7.52e-03	1.56e-04
 2.00052e+22	5.22e-29	4.98e-16	2.34e-13	2.04e-11	1.12e-07	4.43e-05	3.46e-03	5.23e-02	2.21e-01	3.38e-01	1.89e-01	9.12e-02	9.88e-02	6.52e-03	1.29e-04
 2.02231e+22	6.95e-29	6.40e-16	2.90e-13	2.43e-11	1.29e-07	4.99e-05	3.83e-03	5.67e-02	2.30e-01	3.42e-01	1.84e-01	8.66e-02	9.07e-02	5.76e-03	1.10e-04
 2.04178e+22	9.07e-29	8.09e-16	3.57e-13	2.87e-11	1.47e-07	5.60e-05	4.21e-03	6.09e-02	2.40e-01	3.44e-01	1.80e-01	8.22e-02	8.36e-02	5.13e-03	9.44e-05
 2.06408e+22	1.30e-28	1.11e-15	4.68e-13	3.57e-11	1.74e-07	6.50e-05	4.78e-03	6.72e-02	2.52e-01	3.47e-01	1.73e-01	7.65e-02	7.45e-02	4.34e-03	7.61e-05
 2.08647e+22	1.70e-28	1.42e-15	5.76e-13	4.24e-11	1.99e-07	7.28e-05	5.25e-03	7.23e-02	2.62e-01	3.48e-01	1.68e-01	7.23e-02	6.82e-02	3.83e-03	6.46e-05
 2.10507e+22	2.17e-28	1.77e-15	6.95e-13	4.93e-11	2.23e-07	8.05e-05	5.71e-03	7.71e-02	2.70e-01	3.49e-01	1.63e-01	6.85e-02	6.28e-02	3.41e-03	5.56e-05
 2.12535e+22	2.99e-28	2.37e-15	8.89e-13	6.00e-11	2.59e-07	9.17e-05	6.38e-03	8.40e-02	2.82e-01	3.49e-01	1.56e-01	6.37e-02	5.61e-02	2.90e-03	4.51e-05
 2.14540e+22	3.77e-28	2.93e-15	1.07e-12	6.96e-11	2.90e-07	1.01e-04	6.92e-03	8.93e-02	2.90e-01	3.48e-01	1.51e-01	6.03e-02	5.16e-02	2.58e-03	3.88e-05
 2.16518e+22	5.11e-28	3.91e-15	1.36e-12	8.43e-11	3.34e-07	1.14e-04	7.68e-03	9.68e-02	3.01e-01	3.46e-01	1.44e-01	5.59e-02	4.59e-02	2.19e-03	3.15e-05
 2.18530e+22	6.49e-28	4.89e-15	1.64e-12	9.83e-11	3.75e-07	1.26e-04	8.34e-03	1.03e-01	3.09e-01	3.44e-01	1.39e-01	5.25e-02	4.19e-02	1.93e-03	2.67e-05
 2.20586e+22	8.88e-28	6.62e-15	2.11e-12	1.20e-10	4.35e-07	1.44e-04	9.28e-03	1.12e-01	3.20e-01	3.41e-01	1.32e-01	4.83e-02	3.69e-02	1.62e-03	2.14e-05
 2.22665e+22	1.13e-27	8.35e-15	2.57e-12	1.41e-10	4.90e-07	1.59e-04	1.01e-02	1.19e-01	3.27e-01	3.37e-01	1.26e-01	4.52e-02	3.35e-02	1.41e-03	1.80e-05
 2.24774e+22	1.54e-27	1.14e-14	3.33e-12	1.73e-10	5.72e-07	1.81e-04	1.12e-02	1.29e-01	3.38e-01	3.32e-01	1.18e-01	4.13e-02	2.93e-02	1.17e-03	1.42e-05
 2.26925e+22	1.99e-27	1.46e-14	4.10e-12	2.05e-10	6.48e-07	2.01e-04	1.22e-02	1.37e-01	3.45e-01	3.27e-01	1.12e-01	3.83e-02	2.62e-02	1.01e-03	1.17e-05
 2.29129e+22	2.74e-27	2.04e-14	5.40e-12	2.56e-10	7.63e-07	2.31e-04	1.37e-02	1.49e-01	3.55e-01	3.20e-01	1.05e-01	3.46e-02	2.26e-02	8.24e-04	9.07e-06
 2.31378e+22	3.54e-27	2.67e-14	6.74e-12	3.07e-10	8.72e-07	2.58e-04	1.49e-02	1.59e-01	3.62e-01	3.13e-01	9.84e-02	3.18e-02	2.00e-02	6.98e-04	7.36e-06
 2.33679e+22	4.88e-27	3.79e-14	9.02e-12	3.89e-10	1.04e-06	2.97e-04	1.67e-02	1.73e-01	3.70e-01	3.03e-01	9.05e-02	2.85e-02	1.70e-02	5.61e-04	5.59e-06
 2.36013e+22	6.34e-27	5.01e-14	1.14e-11	4.71e-10	1.20e-06	3.34e-04	1.83e-02	1.85e-01	3.76e-01	2.95e-01	8.45e-02	2.60e-02	1.49e-02	4.70e-04	4.47e-06
 2.38307e+22	8.70e-27	7.08e-14	1.52e-11	5.96e-10	1.43e-06	3.84e-04	2.04e-02	2.00e-01	3.82e-01	2.84e-01	7.73e-02	2.32e-02	1.27e-02	3.77e-04	3.39e-06
 2.40515e+22	1.10e-26	9.18e-14	1.88e-11	7.13e-10	1.63e-06	4.27e-04	2.22e-02	2.11e-01	3.86e-01	2.75e-01	7.21e-02	2.12e-02	1.12e-02	3.19e-04	2.75e-06
 2.42410e+22	1.39e-26	1.19e-13	2.34e-11	8.55e-10	1.87e-06	4.75e-04	2.40e-02	2.23e-01	3.90e-01	2.66e-01	6.71e-02	1.94e-02	9.84e-03	2.69e-04	2.23e-06
 2.44540e+22	1.84e-26	1.66e-13	3.08e-11	1.08e-09	2.21e-06	5.44e-04	2.66e-02	2.39e-01	3.93e-01	2.54e-01	6.11e-02	1.72e-02	8.35e-03	2.17e-04	1.70e-06
 2.46672e+22	2.30e-26	2.16e-13	3.84e-11	1.29e-09	2.54e-06	6.05e-04	2.88e-02	2.52e-01	3.94e-01	2.45e-01	5.65e-02	1.57e-02	7.32e-03	1.82e-04	1.37e-06
 2.48827e+22	3.08e-26	3.02e-13	5.09e-11	1.64e-09	3.04e-06	6.95e-04	3.19e-02	2.69e-01	3.95e-01	2.32e-01	5.10e-02	1.38e-02	6.16e-03	1.45e-04	1.03e-06
 2.50959e+22	3.86e-26	3.88e-13	6.30e-11	1.97e-09	3.48e-06	7.71e-04	3.43e-02	2.82e-01	3.95e-01	2.22e-01	4.71e-02	1.26e-02	5.40e-03	1.22e-04	8.37e-07
 2.53082e+22	5.10e-26	5.41e-13	8.33e-11	2.50e-09	4.17e-06	8.83e-04	3.78e-02	3.00e-01	3.94e-01	2.10e-01	4.23e-02	1.11e-02	4.53e-03	9.70e-05	6.30e-07
 2.55206e+22	6.39e-26	6.95e-13	1.03e-10	2.99e-09	4.78e-06	9.79e-04	4.07e-02	3.13e-01	3.92e-01	2.00e-01	3.89e-02	1.00e-02	3.96e-03	8.13e-05	5.08e-07
 2.57331e+22	8.46e-26	9.64e-13	1.36e-10	3.80e-09	5.72e-06	1.12e-03	4.47e-02	3.31e-01	3.89e-01	1.88e-01	3.47e-02	8.79e-03	3.30e-03	6.44e-05	3.81e-07
 2.59460e+22	1.06e-25	1.23e-12	1.68e-10	4.56e-09	6.57e-06	1.24e-03	4.80e-02	3.44e-01	3.85e-01	1.79e-01	3.18e-02	7.93e-03	2.88e-03	5.38e-05	3.06e-07
 2.61594e+22	1.41e-25	1.70e-12	2.21e-10	5.79e-09	7.86e-06	1.42e-03	5.25e-02	3.62e-01	3.80e-01	1.67e-01	2.83e-02	6.91e-03	2.39e-03	4.25e-05	2.29e-07
 2.63739e+22	1.78e-25	2.17e-12	2.73e-10	6.95e-09	9.02e-06	1.57e-03	5.62e-02	3.76e-01	3.75e-01	1.58e-01	2.58e-02	6.22e-03	2.07e-03	3.53e-05	1.83e-07
 2.65898e+22	2.39e-25	2.98e-12	3.58e-10	8.81e-09	1.08e-05	1.79e-03	6.13e-02	3.93e-01	3.68e-01	1.46e-01	2.28e-02	5.39e-03	1.72e-03	2.77e-05	1.36e-07
 2.68074e+22	3.04e-25	3.80e-12	4.42e-10	1.06e-08	1.24e-05	1.97e-03	6.55e-02	4.06e-01	3.61e-01	1.38e-01	2.07e-02	4.83e-03	1.48e-03	2.30e-05	0.00e+00
 2.70274e+22	4.13e-25	5.21e-12	5.80e-10	1.34e-08	1.49e-05	2.25e-03	7.13e-02	4.23e-01	3.52e-01	1.27e-01	1.82e-02	4.16e-03	1.22e-03	1.79e-05	0.00e+00
 2.72500e+22	5.31e-25	6.63e-12	7.16e-10	1.62e-08	1.71e-05	2.48e-03	7.60e-02	4.36e-01	3.45e-01	1.19e-01	1.64e-02	3.71e-03	1.05e-03	1.48e-05	0.00e+00
 2.74762e+22	7.34e-25	9.08e-12	9.41e-10	2.06e-08	2.05e-05	2.82e-03	8.25e-02	4.52e-01	3.35e-01	1.09e-01	1.43e-02	3.18e-03	8.54e-04	1.14e-05	0.00e+00
 2.77065e+22	9.57e-25	1.16e-11	1.16e-09	2.48e-08	2.36e-05	3.12e-03	8.78e-02	4.65e-01	3.26e-01	1.02e-01	1.29e-02	2.81e-03	7.28e-04	9.32e-06	0.00e+00
 2.79419e+22	1.35e-24	1.59e-11	1.54e-09	3.18e-08	2.84e-05	3.55e-03	9.52e-02	4.80e-01	3.14e-01	9.28e-02	1.11e-02	2.39e-03	5.88e-04	7.12e-06	0.00e+00
 2.81828e+22	1.79e-24	2.03e-11	1.91e-09	3.85e-08	3.27e-05	3.92e-03	1.01e-01	4.91e-01	3.05e-01	8.61e-02	9.92e-03	2.10e-03	4.97e-04	5.76e-06	0.00e+00
 2.83869e+22	2.30e-24	2.53e-11	2.32e-09	4.57e-08	3.72e-05	4.29e-03	1.07e-01	5.01e-01	2.96e-01	8.04e-02	8.94e-03	1.86e-03	4.27e-04	4.75e-06	0.00e+00
 2.86085e+22	3.19e-24	3.35e-11	2.97e-09	5.71e-08	4.39e-05	4.81e-03	1.14e-01	5.13e-01	2.85e-01	7.33e-02	7.79e-03	1.59e-03	3.49e-04	3.70e-06	0.00e+00
 2.88266e+22	4.07e-24	4.11e-11	3.56e-09	6.72e-08	4.95e-05	5.22e-03	1.20e-01	5.21e-01	2.76e-01	6.85e-02	7.04e-03	1.42e-03	3.01e-04	3.07e-06	0.00e+00
 2.90401e+22	5.58e-24	5.34e-11	4.50e-09	8.28e-08	5.79e-05	5.81e-03	1.28e-01	5.31e-01	2.65e-01	6.26e-02	6.16e-03	1.22e-03	2.49e-04	2.41e-06	0.00e+00
 2.92556e+22	7.13e-24	6.53e-11	5.39e-09	9.73e-08	6.53e-05	6.30e-03	1.34e-01	5.38e-01	2.56e-01	5.83e-02	5.56e-03	1.09e-03	2.14e-04	2.00e-06	0.00e+00
 2.94735e+22	9.80e-24	8.49e-11	6.82e-09	1.20e-07	7.64e-05	7.00e-03	1.42e-01	5.47e-01	2.45e-01	5.30e-02	4.83e-03	9.31e-04	1.75e-04	1.56e-06	0.00e+00
 2.96923e+22	1.25e-23	1.03e-10	8.13e-09	1.41e-07	8.57e-05	7.57e-03	1.49e-01	5.52e-01	2.36e-01	4.94e-02	4.36e-03	8.28e-04	1.51e-04	1.29e-06	0.00e+00
 2.99122e+22	1.72e-23	1.33e-10	1.02e-08	1.73e-07	1.00e-04	8.40e-03	1.58e-01	5.59e-01	2.25e-01	4.48e-02	3.79e-03	7.07e-04	1.23e-04	1.01e-06	0.00e+00
 3.01346e+22	2.20e-23	1.62e-10	1.22e-08	2.03e-07	1.12e-04	9.07e-03	1.64e-01	5.64e-01	2.17e-01	4.16e-02	3.41e-03	6.27e-04	1.06e-04	8.31e-07	0.00e+00
 3.03602e+22	3.04e-23	2.09e-10	1.54e-08	2.50e-07	1.31e-04	1.01e-02	1.74e-01	5.69e-01	2.06e-01	3.76e-02	2.95e-03	5.33e-04	8.62e-05	6.43e-07	0.00e+00
 3.05888e+22	3.91e-23	2.54e-10	1.84e-08	2.94e-07	1.47e-04	1.09e-02	1.81e-01	5.72e-01	1.98e-01	3.48e-02	2.64e-03	4.70e-04	7.37e-05	5.29e-07	0.00e+00
 3.08213e+22	5.40e-23	3.28e-10	2.32e-08	3.63e-07	1.72e-04	1.20e-02	1.91e-01	5.76e-01	1.87e-01	3.13e-02	2.28e-03	3.98e-04	5.96e-05	4.06e-07	0.00e+00
 3.10575e+22	6.97e-23	3.99e-10	2.78e-08	4.27e-07	1.94e-04	1.30e-02	1.99e-01	5.78e-01	1.79e-01	2.89e-02	2.03e-03	3.50e-04	5.07e-05	3.32e-07	0.00e+00
 3.12986e+22	9.68e-23	5.17e-10	3.53e-08	5.29e-07	2.27e-04	1.44e-02	2.10e-01	5.80e-01	1.68e-01	2.58e-02	1.74e-03	2.94e-04	4.07e-05	2.53e-07	0.00e+00
 3.15444e+22	1.26e-22	6.31e-10	4.24e-08	6.24e-07	2.56e-04	1.56e-02	2.18e-01	5.80e-01	1.60e-01	2.37e-02	1.55e-03	2.57e-04	3.44e-05	2.05e-07	0.00e+00
 3.17962e+22	1.76e-22	8.20e-10	5.40e-08	7.79e-07	3.01e-04	1.73e-02	2.30e-01	5.80e-01	1.50e-01	2.11e-02	1.31e-03	2.14e-04	2.74e-05	1.54e-07	0.00e+00
 3.20528e+22	2.30e-22	1.00e-09	6.51e-08	9.22e-07	3.40e-04	1.87e-02	2.39e-01	5.79e-01	1.43e-01	1.93e-02	1.16e-03	1.86e-04	2.30e-05	1.24e-07	0.00e+00
 3.23154e+22	3.22e-22	1.31e-09	8.34e-08	1.16e-06	4.00e-04	2.07e-02	2.51e-01	5.77e-01	1.33e-01	1.70e-02	9.81e-04	1.54e-04	1.81e-05	0.00e+00	0.00e+00
 3.25800e+22	4.20e-22	1.60e-09	1.01e-07	1.37e-06	4.52e-04	2.24e-02	2.60e-01	5.75e-01	1.26e-01	1.55e-02	8.65e-04	1.33e-04	1.52e-05	0.00e+00	0.00e+00
 3.28051e+22	5.37e-22	1.94e-09	1.20e-07	1.61e-06	5.08e-04	2.41e-02	2.69e-01	5.72e-01	1.19e-01	1.42e-02	7.66e-04	1.16e-04	1.28e-05	0.00e+00	0.00e+00
 3.30556e+22	7.34e-22	2.47e-09	1.51e-07	1.99e-06	5.90e-04	2.65e-02	2.81e-01	5.67e-01	1.11e-01	1.26e-02	6.53e-04	9.71e-05	1.02e-05	0.00e+00	0.00e+00
 3.33078e+22	9.38e-22	2.98e-09	1.79e-07	2.32e-06	6.60e-04	2.84e-02	2.90e-01	5.63e-01	1.05e-01	1.16e-02	5.79e-04	8.48e-05	8.63e-06	0.00e+00	0.00e+00
 3.35220e+22	1.18e-21	3.55e-09	2.11e-07	2.70e-06	7.34e-04	3.03e-02	2.99e-01	5.59e-01	9.99e-02	1.06e-02	5.16e-04	7.45e-05	7.34e-06	0.00e+00	0.00e+00
 3.37286e+22	1.47e-21	4.21e-09	2.48e-07	3.13e-06	8.16e-04	3.24e-02	3.07e-01	5.54e-01	9.47e-02	9.74e-03	4.60e-04	6.54e-05	6.25e-06	0.00e+00	0.00e+00
 3.39660e+22	1.94e-21	5.23e-09	3.04e-07	3.77e-06	9.33e-04	3.51e-02	3.18e-01	5.48e-01	8.85e-02	8.73e-03	3.98e-04	5.55e-05	5.10e-06	0.00e+00	0.00e+00
 3.42056e+22	2.44e-21	6.24e-09	3.60e-07	4.40e-06	1.04e-03	3.76e-02	3.27e-01	5.42e-01	8.35e-02	7.96e-03	3.52e-04	4.83e-05	4.29e-06	0.00e+00	0.00e+00
 3.44145e+22	3.04e-21	7.38e-09	4.21e-07	5.07e-06	1.15e-03	4.00e-02	3.36e-01	5.36e-01	7.91e-02	7.32e-03	3.14e-04	4.26e-05	3.67e-06	0.00e+00	0.00e+00
 3.46524e+22	3.98e-21	9.10e-09	5.13e-07	6.07e-06	1.31e-03	4.32e-02	3.46e-01	5.28e-01	7.39e-02	6.57e-03	2.73e-04	3.62e-05	3.01e-06	0.00e+00	0.00e+00
 3.49004e+22	5.07e-21	1.10e-08	6.12e-07	7.14e-06	1.47e-03	4.63e-02	3.56e-01	5.21e-01	6.93e-02	5.95e-03	2.39e-04	3.13e-05	2.51e-06	0.00e+00	0.00e+00
 3.51235e+22	6.34e-21	1.30e-08	7.21e-07	8.30e-06	1.63e-03	4.93e-02	3.65e-01	5.14e-01	6.53e-02	5.43e-03	2.12e-04	2.73e-05	2.12e-06	0.00e+00	0.00e+00
 3.53753e+22	8.43e-21	1.62e-08	8.87e-07	1.00e-05	1.86e-03	5.34e-02	3.76e-01	5.04e-01	6.05e-02	4.83e-03	1.82e-04	2.30e-05	1.71e-06	0.00e+00	0.00e+00
 3.56360e+22	1.07e-20	1.95e-08	1.06e-06	1.18e-05	2.09e-03	5.71e-02	3.85e-01	4.95e-01	5.65e-02	4.36e-03	1.59e-04	1.98e-05	1.42e-06	0.00e+00	0.00e+00
 3.59082e+22	1.45e-20	2.47e-08	1.32e-06	1.44e-05	2.40e-03	6.20e-02	3.96e-01	4.83e-01	5.19e-02	3.84e-03	1.35e-04	1.64e-05	1.13e-06	0.00e+00	0.00e+00
 3.61849e+22	1.86e-20	2.98e-08	1.58e-06	1.70e-05	2.70e-03	6.64e-02	4.06e-01	4.73e-01	4.84e-02	3.45e-03	1.17e-04	1.40e-05	9.33e-07	0.00e+00	0.00e+00
 3.64296e+22	2.37e-20	3.59e-08	1.88e-06	1.99e-05	3.00e-03	7.07e-02	4.14e-01	4.64e-01	4.52e-02	3.12e-03	1.03e-04	1.21e-05	7.78e-07	0.00e+00	0.00e+00
 3.67100e+22	3.21e-20	4.54e-08	2.36e-06	2.46e-05	3.48e-03	7.70e-02	4.25e-01	4.50e-01	4.11e-02	2.72e-03	8.61e-05	9.91e-06	6.09e-07	0.00e+00	0.00e+00
 3.69917e+22	4.09e-20	5.46e-08	2.81e-06	2.88e-05	3.88e-03	8.19e-02	4.34e-01	4.40e-01	3.82e-02	2.45e-03	7.53e-05	8.52e-06	5.06e-07	0.00e+00	0.00e+00
 3.72752e+22	5.52e-20	6.88e-08	3.50e-06	3.51e-05	4.44e-03	8.85e-02	4.44e-01	4.26e-01	3.49e-02	2.15e-03	6.36e-05	7.04e-06	4.00e-07	0.00e+00	0.00e+00
 3.75684e+22	7.13e-20	8.40e-08	4.24e-06	4.20e-05	5.02e-03	9.48e-02	4.52e-01	4.14e-01	3.20e-02	1.90e-03	5.44e-05	5.92e-06	3.23e-07	0.00e+00	0.00e+00
 3.78278e+22	9.10e-20	1.01e-07	5.05e-06	4.92e-05	5.59e-03	1.01e-01	4.59e-01	4.03e-01	2.97e-02	1.71e-03	4.74e-05	5.07e-06	2.68e-07	0.00e+00	0.00e+00
 3.81186e+22	1.23e-19	1.27e-07	6.28e-06	6.00e-05	6.39e-03	1.09e-01	4.68e-01	3.88e-01	2.70e-02	1.49e-03	3.99e-05	4.18e-06	2.11e-07	0.00e+00	0.00e+00
 3.84233e+22	1.61e-19	1.56e-07	7.66e-06	7.20e-05	7.23e-03	1.16e-01	4.75e-01	3.75e-01	2.46e-02	1.32e-03	3.39e-05	3.48e-06	1.69e-07	0.00e+00	0.00e+00
 3.86905e+22	2.05e-19	1.88e-07	9.10e-06	8.41e-05	8.04e-03	1.23e-01	4.81e-01	3.64e-01	2.27e-02	1.18e-03	2.95e-05	2.98e-06	1.39e-07	0.00e+00	0.00e+00
 3.89821e+22	2.76e-19	2.35e-07	1.13e-05	1.02e-04	9.15e-03	1.32e-01	4.88e-01	3.49e-01	2.05e-02	1.03e-03	2.48e-05	2.45e-06	0.00e+00	0.00e+00	0.00e+00
 3.92937e+22	3.63e-19	2.91e-07	1.38e-05	1.22e-04	1.03e-02	1.41e-01	4.94e-01	3.35e-01	1.86e-02	9.01e-04	2.09e-05	2.03e-06	0.00e+00	0.00e+00	0.00e+00
 3.95839e+22	4.72e-19	3.55e-07	1.66e-05	1.45e-04	1.16e-02	1.49e-01	4.99e-01	3.22e-01	1.70e-02	7.96e-04	1.79e-05	1.71e-06	0.00e+00	0.00e+00	0.00e+00
 3.98458e+22	5.89e-19	4.20e-07	1.95e-05	1.68e-04	1.28e-02	1.57e-01	5.02e-01	3.11e-01	1.57e-02	7.14e-04	1.56e-05	1.46e-06	0.00e+00	0.00e+00	0.00e+00
 4.00819e+22	7.29e-19	4.94e-07	2.28e-05	1.93e-04	1.40e-02	1.65e-01	5.05e-01	3.01e-01	1.45e-02	6.45e-04	1.37e-05	1.27e-06	0.00e+00	0.00e+00	0.00e+00
 4.03526e+22	9.52e-19	6.04e-07	2.76e-05	2.29e-04	1.56e-02	1.74e-01	5.08e-01	2.88e-01	1.31e-02	5.67e-04	1.16e-05	1.06e-06	0.00e+00	0.00e+00	0.00e+00
 4.06355e+22	1.21e-18	7.24e-07	3.27e-05	2.68e-04	1.73e-02	1.84e-01	5.10e-01	2.76e-01	1.20e-02	5.04e-04	1.00e-05	8.97e-07	0.00e+00	0.00e+00	0.00e+00
 4.08915e+22	1.51e-18	8.59e-07	3.85e-05	3.11e-04	1.91e-02	1.93e-01	5.11e-01	2.65e-01	1.10e-02	4.50e-04	8.69e-06	7.65e-07	0.00e+00	0.00e+00	0.00e+00
 4.11817e+22	2.01e-18	1.07e-06	4.72e-05	3.73e-04	2.15e-02	2.04e-01	5.12e-01	2.52e-01	9.83e-03	3.90e-04	7.26e-06	6.27e-07	0.00e+00	0.00e+00	0.00e+00
 4.14825e+22	2.58e-18	1.29e-06	5.64e-05	4.39e-04	2.38e-02	2.15e-01	5.12e-01	2.40e-01	8.89e-03	3.43e-04	6.18e-06	5.25e-07	0.00e+00	0.00e+00	0.00e+00
 4.17490e+22	3.25e-18	1.53e-06	6.65e-05	5.10e-04	2.62e-02	2.25e-01	5.11e-01	2.29e-01	8.09e-03	3.05e-04	5.32e-06	4.45e-07	0.00e+00	0.00e+00	0.00e+00
 4.20472e+22	4.35e-18	1.91e-06	8.17e-05	6.13e-04	2.95e-02	2.37e-01	5.09e-01	2.16e-01	7.19e-03	2.63e-04	4.42e-06	3.63e-07	0.00e+00	0.00e+00	0.00e+00
 4.23547e+22	5.58e-18	2.30e-06	9.74e-05	7.19e-04	3.26e-02	2.48e-01	5.07e-01	2.04e-01	6.47e-03	2.30e-04	3.75e-06	3.03e-07	0.00e+00	0.00e+00	0.00e+00
 4.26295e+22	7.06e-18	2.75e-06	1.15e-04	8.38e-04	3.59e-02	2.59e-01	5.04e-01	1.94e-01	5.84e-03	2.03e-04	3.20e-06	2.54e-07	0.00e+00	0.00e+00	0.00e+00
 4.29421e+22	9.55e-18	3.45e-06	1.42e-04	1.01e-03	4.04e-02	2.73e-01	4.99e-01	1.81e-01	5.13e-03	1.73e-04	2.62e-06	2.04e-07	0.00e+00	0.00e+00	0.00e+00
 4.32633e+22	1.23e-17	4.18e-06	1.71e-04	1.19e-03	4.47e-02	2.85e-01	4.94e-01	1.70e-01	4.57e-03	1.51e-04	2.20e-06	1.69e-07	0.00e+00	0.00e+00	0.00e+00
 4.35492e+22	1.57e-17	5.01e-06	2.02e-04	1.39e-03	4.91e-02	2.97e-01	4.88e-01	1.60e-01	4.09e-03	1.32e-04	1.86e-06	1.41e-07	0.00e+00	0.00e+00	0.00e+00
 4.38743e+22	2.15e-17	6.32e-06	2.51e-04	1.68e-03	5.52e-02	3.11e-01	4.80e-01	1.48e-01	3.55e-03	1.11e-04	1.50e-06	0.00e+00	0.00e+00	0.00e+00	0.00e+00
 4.42099e+22	2.80e-17	7.71e-06	3.02e-04	1.99e-03	6.11e-02	3.24e-01	4.72e-01	1.38e-01	3.12e-03	9.56e-05	1.24e-06	0.00e+00	0.00e+00	0.00e+00	0.00e+00
 4.45088e+22	3.61e-17	9.29e-06	3.59e-04	2.33e-03	6.71e-02	3.35e-01	4.63e-01	1.29e-01	2.77e-03	8.29e-05	1.04e-06	0.00e+00	0.00e+00	0.00e+00	0.00e+00
 4.48468e+22	4.86e-17	1.17e-05	4.47e-04	2.83e-03	7.53e-02	3.50e-01	4.51e-01	1.18e-01	2.37e-03	6.92e-05	8.30e-07	0.00e+00	0.00e+00	0.00e+00	0.00e+00
 4.51932e+22	6.37e-17	1.44e-05	5.38e-04	3.34e-03	8.31e-02	3.62e-01	4.40e-01	1.09e-01	2.07e-03	5.89e-05	6.80e-07	0.00e+00	0.00e+00	0.00e+00	0.00e+00
 4.54990e+22	8.21e-17	1.73e-05	6.39e-04	3.91e-03	9.10e-02	3.73e-01	4.29e-01	1.01e-01	1.81e-03	5.07e-05	5.63e-07	0.00e+00	0.00e+00	0.00e+00	0.00e+00
 4.58451e+22	1.14e-16	2.19e-05	7.95e-04	4.74e-03	1.02e-01	3.86e-01	4.14e-01	9.10e-02	1.53e-03	4.18e-05	4.43e-07	0.00e+00	0.00e+00	0.00e+00	0.00e+00
 4.62008e+22	1.50e-16	2.69e-05	9.56e-04	5.60e-03	1.12e-01	3.97e-01	4.00e-01	8.31e-02	1.32e-03	3.53e-05	3.59e-07	0.00e+00	0.00e+00	0.00e+00	0.00e+00
 4.65166e+22	1.94e-16	3.25e-05	1.14e-03	6.54e-03	1.22e-01	4.06e-01	3.87e-01	7.61e-02	1.14e-03	3.00e-05	2.93e-07	0.00e+00	0.00e+00	0.00e+00	0.00e+00
 4.68745e+22	2.72e-16	4.13e-05	1.41e-03	7.94e-03	1.36e-01	4.17e-01	3.69e-01	6.78e-02	9.54e-04	2.44e-05	2.27e-07	0.00e+00	0.00e+00	0.00e+00	0.00e+00
 4.72428e+22	3.62e-16	5.08e-05	1.70e-03	9.38e-03	1.49e-01	4.26e-01	3.53e-01	6.11e-02	8.09e-04	2.03e-05	1.81e-07	0.00e+00	0.00e+00	0.00e+00	0.00e+00
 4.75712e+22	4.77e-16	6.17e-05	2.03e-03	1.09e-02	1.61e-01	4.33e-01	3.37e-01	5.52e-02	6.91e-04	1.71e-05	1.46e-07	0.00e+00	0.00e+00	0.00e+00	0.00e+00
 4.79448e+22	6.82e-16	7.92e-05	2.53e-03	1.33e-02	1.79e-01	4.40e-01	3.16e-01	4.82e-02	5.62e-04	1.36e-05	0.00e+00	0.00e+00	0.00e+00	0.00e+00	0.00e+00
 4.83256e+22	9.16e-16	9.71e-05	3.03e-03	1.56e-02	1.94e-01	4.44e-01	2.99e-01	4.29e-02	4.72e-04	1.12e-05	0.00e+00	0.00e+00	0.00e+00	0.00e+00	0.00e+00
 4.87157e+22	1.34e-15	1.26e-04	3.80e-03	1.90e-02	2.15e-01	4.48e-01	2.77e-01	3.69e-02	3.77e-04	8.76e-06	0.00e+00	0.00e+00	0.00e+00	0.00e+00	0.00e+00
 4.91100e+22	1.82e-15	1.54e-04	4.55e-03	2.23e-02	2.32e-01	4.49e-01	2.60e-01	3.24e-02	3.12e-04	7.14e-06	0.00e+00	0.00e+00	0.00e+00	0.00e+00	0.00e+00
 4.94500e+22	2.46e-15	1.87e-04	5.37e-03	2.58e-02	2.49e-01	4.48e-01	2.43e-01	2.87e-02	2.61e-04	5.87e-06	0.00e+00	0.00e+00	0.00e+00	0.00e+00	0.00e+00
 4.97684e+22	3.23e-15	2.24e-04	6.26e-03	2.94e-02	2.65e-01	4.46e-01	2.28e-01	2.55e-02	2.20e-04	4.88e-06	0.00e+00	0.00e+00	0.00e+00	0.00e+00	0.00e+00
 5.01183e+22	4.57e-15	2.78e-04	7.55e-03	3.45e-02	2.84e-01	4.42e-01	2.10e-01	2.19e-02	1.78e-04	3.88e-06	0.00e+00	0.00e+00	0.00e+00	0.00e+00	0.00e+00
 5.04696e+22	6.21e-15	3.33e-04	8.77e-03	3.93e-02	3.01e-01	4.36e-01	1.94e-01	1.92e-02	1.48e-04	3.18e-06	0.00e+00	0.00e+00	0.00e+00	0.00e+00	0.00e+00
 5.07725e+22	8.25e-15	3.95e-04	1.01e-02	4.42e-02	3.17e-01	4.30e-01	1.81e-01	1.70e-02	1.25e-04	2.65e-06	0.00e+00	0.00e+00	0.00e+00	0.00e+00	0.00e+00
 5.11160e+22	1.20e-14	4.89e-04	1.21e-02	5.14e-02	3.37e-01	4.21e-01	1.64e-01	1.44e-02	9.93e-05	2.07e-06	0.00e+00	0.00e+00	0.00e+00	0.00e+00	0.00e+00
 5.14708e+22	1.65e-14	5.85e-04	1.40e-02	5.81e-02	3.54e-01	4.11e-01	1.50e-01	1.24e-02	8.16e-05	1.68e-06	0.00e+00	0.00e+00	0.00e+00	0.00e+00	0.00e+00
 5.18404e+22	2.47e-14	7.31e-04	1.68e-02	6.75e-02	3.74e-01	3.97e-01	1.34e-01	1.03e-02	6.35e-05	1.29e-06	0.00e+00	0.00e+00	0.00e+00	0.00e+00	0.00e+00
 5.22155e+22	3.69e-14	8.81e-04	1.95e-02	7.64e-02	3.90e-01	3.84e-01	1.20e-01	8.73e-03	5.09e-05	1.02e-06	0.00e+00	0.00e+00	0.00e+00	0.00e+00	0.00e+00
 5.25366e+22	4.98e-14	1.04e-03	2.22e-02	8.49e-02	4.04e-01	3.71e-01	1.09e-01	7.51e-03	4.17e-05	8.21e-07	0.00e+00	0.00e+00	0.00e+00	0.00e+00	0.00e+00
 5.28928e+22	8.16e-14	1.29e-03	2.62e-02	9.71e-02	4.21e-01	3.52e-01	9.59e-02	6.13e-03	3.20e-05	6.20e-07	0.00e+00	0.00e+00	0.00e+00	0.00e+00	0.00e+00
 5.32227e+22	1.11e-13	1.48e-03	2.92e-02	1.06e-01	4.31e-01	3.40e-01	8.77e-02	5.35e-03	2.69e-05	5.15e-07	0.00e+00	0.00e+00	0.00e+00	0.00e+00	0.00e+00
 5.35183e+22	1.55e-13	1.75e-03	3.32e-02	1.17e-01	4.42e-01	3.24e-01	7.83e-02	4.51e-03	2.16e-05	4.08e-07	0.00e+00	0.00e+00	0.00e+00	0.00e+00	0.00e+00
 5.38226e+22	2.55e-13	2.01e-03	3.70e-02	1.27e-01	4.50e-01	3.10e-01	7.07e-02	3.88e-03	1.78e-05	3.33e-07	0.00e+00	0.00e+00	0.00e+00	0.00e+00	0.00e+00
 5.40938e+22	3.35e-13	2.30e-03	4.10e-02	1.37e-01	4.57e-01	2.96e-01	6.39e-02	3.34e-03	1.48e-05	2.72e-07	0.00e+00	0.00e+00	0.00e+00	0.00e+00	0.00e+00
 5.44023e+22	5.78e-13	2.74e-03	4.66e-02	1.51e-01	4.64e-01	2.77e-01	5.57e-02	2.74e-03	1.15e-05	2.09e-07	0.00e+00	0.00e+00	0.00e+00	0.00e+00	0.00e+00
 5.47116e+22	8.65e-13	3.13e-03	5.13e-02	1.62e-01	4.68e-01	2.63e-01	4.99e-02	2.34e-03	9.49e-06	1.70e-07	0.00e+00	0.00e+00	0.00e+00	0.00e+00	0.00e+00
 5.50219e+22	1.71e-12	3.70e-03	5.80e-02	1.77e-01	4.72e-01	2.44e-01	4.32e-02	1.90e-03	7.34e-06	1.29e-07	0.00e+00	0.00e+00	0.00e+00	0.00e+00	0.00e+00
 5.53348e+22	2.95e-12	4.22e-03	6.37e-02	1.89e-01	4.73e-01	2.30e-01	3.83e-02	1.61e-03	5.97e-06	0.00e+00	0.00e+00	0.00e+00	0.00e+00	0.00e+00	0.00e+00
 5.56510e+22	6.96e-12	4.98e-03	7.16e-02	2.05e-01	4.73e-01	2.11e-01	3.27e-02	1.29e-03	4.57e-06	0.00e+00	0.00e+00	0.00e+00	0.00e+00	0.00e+00	0.00e+00
 5.59174e+22	1.69e-11	5.41e-03	7.59e-02	2.13e-01	4.72e-01	2.02e-01	3.01e-02	1.15e-03	3.98e-06	0.00e+00	0.00e+00	0.00e+00	0.00e+00	0.00e+00	0.00e+00
 5.61192e+22	3.98e-11	6.00e-03	8.15e-02	2.24e-01	4.70e-01	1.91e-01	2.71e-02	9.95e-04	3.34e-06	0.00e+00	0.00e+00	0.00e+00	0.00e+00	0.00e+00	0.00e+00
 5.63814e+22	9.07e-11	6.80e-03	8.89e-02	2.37e-01	4.66e-01	1.77e-01	2.37e-02	8.27e-04	2.68e-06	0.00e+00	0.00e+00	0.00e+00	0.00e+00	0.00e+00	0.00e+00
 5.67224e+22	6.64e-10	8.08e-03	9.97e-02	2.55e-01	4.58e-01	1.59e-01	1.96e-02	6.37e-04	1.96e-06	0.00e+00	0.00e+00	0.00e+00	0.00e+00	0.00e+00	0.00e+00
 5.70577e+22	2.09e-09	9.13e-03	1.08e-01	2.68e-01	4.51e-01	1.46e-01	1.69e-02	5.24e-04	1.56e-06	0.00e+00	0.00e+00	0.00e+00	0.00e+00	0.00e+00	0.00e+00
 5.73855e+22	9.71e-09	1.07e-02	1.19e-01	2.85e-01	4.40e-01	1.31e-01	1.40e-02	4.06e-04	1.15e-06	0.00e+00	0.00e+00	0.00e+00	0.00e+00	0.00e+00	0.00e+00
 5.77231e+22	2.86e-08	1.21e-02	1.29e-01	2.98e-01	4.30e-01	1.18e-01	1.19e-02	3.26e-04	8.93e-07	0.00e+00	0.00e+00	0.00e+00	0.00e+00	0.00e+00	0.00e+00
 5.80734e+22	5.79e-08	1.42e-02	1.43e-01	3.15e-01	4.15e-01	1.04e-01	9.59e-03	2.46e-04	6.43e-07	0.00e+00	0.00e+00	0.00e+00	0.00e+00	0.00e+00	0.00e+00
 5.84293e+22	8.50e-08	1.60e-02	1.54e-01	3.27e-01	4.02e-01	9.34e-02	8.04e-03	1.95e-04	4.91e-07	0.00e+00	0.00e+00	0.00e+00	0.00e+00	0.00e+00	0.00e+00
 5.87925e+22	1.30e-07	1.87e-02	1.68e-01	3.42e-01	3.83e-01	8.08e-02	6.37e-03	1.44e-04	3.46e-07	0.00e+00	0.00e+00	0.00e+00	0.00e+00	0.00e+00	0.00e+00
 5.91628e+22	1.91e-07	2.12e-02	1.81e-01	3.53e-01	3.68e-01	7.14e-02	5.24e-03	1.11e-04	2.59e-07	0.00e+00	0.00e+00	0.00e+00	0.00e+00	0.00e+00	0.00e+00
 5.95422e+22	2.97e-07	2.48e-02	1.97e-01	3.67e-01	3.46e-01	6.07e-02	4.06e-03	8.01e-05	1.78e-07	0.00e+00	0.00e+00	0.00e+00	0.00e+00	0.00e+00	0.00e+00
 5.99288e+22	4.46e-07	2.80e-02	2.11e-01	3.76e-01	3.29e-01	5.30e-02	3.28e-03	6.09e-05	1.31e-07	0.00e+00	0.00e+00	0.00e+00	0.00e+00	0.00e+00	0.00e+00
 6.02232e+22	6.08e-07	3.06e-02	2.21e-01	3.82e-01	3.16e-01	4.79e-02	2.81e-03	4.99e-05	0.00e+00	0.00e+00	0.00e+00	0.00e+00	0.00e+00	0.00e+00	0.00e+00
 6.05045e+22	8.47e-07	3.40e-02	2.33e-01	3.88e-01	3.00e-01	4.21e-02	2.31e-03	3.88e-05	0.00e+00	0.00e+00	0.00e+00	0.00e+00	0.00e+00	0.00e+00	0.00e+00
 6.07924e+22	1.11e-06	3.71e-02	2.43e-01	3.93e-01	2.87e-01	3.78e-02	1.95e-03	3.14e-05	0.00e+00	0.00e+00	0.00e+00	0.00e+00	0.00e+00	0.00e+00	0.00e+00
 6.10890e+22	1.53e-06	4.12e-02	2.56e-01	3.98e-01	2.71e-01	3.29e-02	1.58e-03	2.41e-05	0.00e+00	0.00e+00	0.00e+00	0.00e+00	0.00e+00	0.00e+00	0.00e+00
 6.13916e+22	2.10e-06	4.50e-02	2.67e-01	4.00e-01	2.57e-01	2.92e-02	1.32e-03	1.92e-05	0.00e+00	0.00e+00	0.00e+00	0.00e+00	0.00e+00	0.00e+00	0.00e+00
 6.16603e+22	2.84e-06	4.90e-02	2.78e-01	4.03e-01	2.44e-01	2.59e-02	1.11e-03	1.53e-05	0.00e+00	0.00e+00	0.00e+00	0.00e+00	0.00e+00	0.00e+00	0.00e+00
 6.19678e+22	4.45e-06	5.46e-02	2.91e-01	4.04e-01	2.27e-01	2.21e-02	8.75e-04	1.14e-05	0.00e+00	0.00e+00	0.00e+00	0.00e+00	0.00e+00	0.00e+00	0.00e+00
 6.22760e+22	5.64e-06	5.92e-02	3.01e-01	4.05e-01	2.15e-01	1.96e-02	7.31e-04	9.13e-06	0.00e+00	0.00e+00	0.00e+00	0.00e+00	0.00e+00	0.00e+00	0.00e+00
 6.25851e+22	7.74e-06	6.54e-02	3.14e-01	4.04e-01	1.99e-01	1.67e-02	5.78e-04	6.83e-06	0.00e+00	0.00e+00	0.00e+00	0.00e+00	0.00e+00	0.00e+00	0.00e+00
 6.28771e+22	1.06e-05	7.02e-02	3.23e-01	4.03e-01	1.89e-01	1.49e-02	4.89e-04	5.54e-06	0.00e+00	0.00e+00	0.00e+00	0.00e+00	0.00e+00	0.00e+00	0.00e+00
 6.30685e+22	1.29e-05	7.34e-02	3.28e-01	4.02e-01	1.83e-01	1.39e-02	4.41e-04	4.87e-06	0.00e+00	0.00e+00	0.00e+00	0.00e+00	0.00e+00	0.00e+00	0.00e+00
 6.32393e+22	1.56e-05	7.72e-02	3.34e-01	4.00e-01	1.75e-01	1.27e-02	3.87e-04	4.15e-06	0.00e+00	0.00e+00	0.00e+00	0.00e+00	0.00e+00	0.00e+00	0.00e+00
 6.34612e+22	1.88e-05	8.25e-02	3.43e-01	3.98e-01	1.65e-01	1.13e-02	3.26e-04	3.36e-06	0.00e+00	0.00e+00	0.00e+00	0.00e+00	0.00e+00	0.00e+00	0.00e+00
 6.37498e+22	2.76e-05	9.05e-02	3.54e-01	3.93e-01	1.52e-01	9.60e-03	2.57e-04	2.51e-06	0.00e+00	0.00e+00	0.00e+00	0.00e+00	0.00e+00	0.00e+00	0.00e+00
 6.39980e+22	3.22e-05	9.46e-02	3.59e-01	3.91e-01	1.47e-01	8.86e-03	2.29e-04	2.17e-06	0.00e+00	0.00e+00	0.00e+00	0.00e+00	0.00e+00	0.00e+00	0.00e+00
 6.41938e+22	3.88e-05	1.00e-01	3.66e-01	3.87e-01	1.39e-01	7.94e-03	1.95e-04	1.79e-06	0.00e+00	0.00e+00	0.00e+00	0.00e+00	0.00e+00	0.00e+00	0.00e+00
 6.44483e+22	4.77e-05	1.08e-01	3.74e-01	3.82e-01	1.29e-01	6.89e-03	1.59e-04	1.40e-06	0.00e+00	0.00e+00	0.00e+00	0.00e+00	0.00e+00	0.00e+00	0.00e+00
 6.47791e+22	6.59e-05	1.19e-01	3.84e-01	3.74e-01	1.17e-01	5.69e-03	1.21e-04	1.00e-06	0.00e+00	0.00e+00	0.00e+00	0.00e+00	0.00e+00	0.00e+00	0.00e+00
 6.50897e+22	7.93e-05	1.26e-01	3.90e-01	3.68e-01	1.10e-01	5.02e-03	1.01e-04	8.03e-07	0.00e+00	0.00e+00	0.00e+00	0.00e+00	0.00e+00	0.00e+00	0.00e+00
 6.53740e+22	9.80e-05	1.36e-01	3.98e-01	3.61e-01	1.01e-01	4.26e-03	8.03e-05	6.07e-07	0.00e+00	0.00e+00	0.00e+00	0.00e+00	0.00e+00	0.00e+00	0.00e+00
 6.57435e+22	1.28e-04	1.50e-01	4.07e-01	3.50e-01	8.99e-02	3.43e-03	5.90e-05	4.19e-07	0.00e+00	0.00e+00	0.00e+00	0.00e+00	0.00e+00	0.00e+00	0.00e+00
 6.61206e+22	1.57e-04	1.62e-01	4.13e-01	3.40e-01	8.19e-02	2.88e-03	4.61e-05	3.11e-07	0.00e+00	0.00e+00	0.00e+00	0.00e+00	0.00e+00	0.00e+00	0.00e+00
 6.65076e+22	1.97e-04	1.79e-01	4.19e-01	3.27e-01	7.23e-02	2.28e-03	3.32e-05	2.10e-07	0.00e+00	0.00e+00	0.00e+00	0.00e+00	0.00e+00	0.00e+00	0.00e+00
 6.68996e+22	2.35e-04	1.94e-01	4.23e-01	3.16e-01	6.53e-02	1.89e-03	2.56e-05	1.54e-07	0.00e+00	0.00e+00	0.00e+00	0.00e+00	0.00e+00	0.00e+00	0.00e+00
 6.72980e+22	2.85e-04	2.12e-01	4.27e-01	3.02e-01	5.72e-02	1.48e-03	1.83e-05	0.00e+00	0.00e+00	0.00e+00	0.00e+00	0.00e+00	0.00e+00	0.00e+00	0.00e+00
 6.77068e+22	3.36e-04	2.29e-01	4.29e-01	2.89e-01	5.12e-02	1.21e-03	1.39e-05	0.00e+00	0.00e+00	0.00e+00	0.00e+00	0.00e+00	0.00e+00	0.00e+00	0.00e+00
 6.81289e+22	4.06e-04	2.52e-01	4.30e-01	2.73e-01	4.40e-02	9.24e-04	9.57e-06	0.00e+00	0.00e+00	0.00e+00	0.00e+00	0.00e+00	0.00e+00	0.00e+00	0.00e+00
 6.85529e+22	4.66e-04	2.71e-01	4.29e-01	2.61e-01	3.92e-02	7.52e-04	7.23e-06	0.00e+00	0.00e+00	0.00e+00	0.00e+00	0.00e+00	0.00e+00	0.00e+00	0.00e+00
 6.89791e+22	5.52e-04	2.96e-01	4.26e-01	2.44e-01	3.33e-02	5.67e-04	4.94e-06	0.00e+00	0.00e+00	0.00e+00	0.00e+00	0.00e+00	0.00e+00	0.00e+00	0.00e+00
 6.94110e+22	6.26e-04	3.17e-01	4.21e-01	2.31e-01	2.94e-02	4.56e-04	3.68e-06	0.00e+00	0.00e+00	0.00e+00	0.00e+00	0.00e+00	0.00e+00	0.00e+00	0.00e+00
 6.98503e+22	7.29e-04	3.46e-01	4.14e-01	2.14e-01	2.47e-02	3.39e-04	2.47e-06	0.00e+00	0.00e+00	0.00e+00	0.00e+00	0.00e+00	0.00e+00	0.00e+00	0.00e+00
 7.02994e+22	8.25e-04	3.72e-01	4.06e-01	2.00e-01	2.14e-02	2.65e-04	1.79e-06	0.00e+00	0.00e+00	0.00e+00	0.00e+00	0.00e+00	0.00e+00	0.00e+00	0.00e+00
 7.06527e+22	8.96e-04	3.90e-01	4.00e-01	1.90e-01	1.92e-02	2.21e-04	1.41e-06	0.00e+00	0.00e+00	0.00e+00	0.00e+00	0.00e+00	0.00e+00	0.00e+00	0.00e+00
 7.10034e+22	1.00e-03	4.17e-01	3.89e-01	1.77e-01	1.64e-02	1.71e-04	1.00e-06	0.00e+00	0.00e+00	0.00e+00	0.00e+00	0.00e+00	0.00e+00	0.00e+00	0.00e+00
 7.13522e+22	1.08e-03	4.36e-01	3.81e-01	1.67e-01	1.46e-02	1.42e-04	7.82e-07	0.00e+00	0.00e+00	0.00e+00	0.00e+00	0.00e+00	0.00e+00	0.00e+00	0.00e+00
 7.16987e+22	1.20e-03	4.64e-01	3.67e-01	1.55e-01	1.24e-02	1.09e-04	5.54e-07	0.00e+00	0.00e+00	0.00e+00	0.00e+00	0.00e+00	0.00e+00	0.00e+00	0.00e+00
 7.20497e+22	1.29e-03	4.87e-01	3.56e-01	1.45e-01	1.09e-02	8.78e-05	4.21e-07	0.00e+00	0.00e+00	0.00e+00	0.00e+00	0.00e+00	0.00e+00	0.00e+00	0.00e+00
 7.24066e+22	1.42e-03	5.17e-01	3.40e-01	1.33e-01	9.08e-03	6.62e-05	2.92e-07	0.00e+00	0.00e+00	0.00e+00	0.00e+00	0.00e+00	0.00e+00	0.00e+00	0.00e+00
 7.27677e+22	1.53e-03	5.42e-01	3.25e-01	1.24e-01	7.79e-03	5.23e-05	2.15e-07	0.00e+00	0.00e+00	0.00e+00	0.00e+00	0.00e+00	0.00e+00	0.00e+00	0.00e+00
 7.30826e+22	1.64e-03	5.66e-01	3.11e-01	1.15e-01	6.69e-03	4.13e-05	1.59e-07	0.00e+00	0.00e+00	0.00e+00	0.00e+00	0.00e+00	0.00e+00	0.00e+00	0.00e+00
 7.34399e+22	1.78e-03	5.97e-01	2.92e-01	1.04e-01	5.46e-03	3.04e-05	0.00e+00	0.00e+00	0.00e+00	0.00e+00	0.00e+00	0.00e+00	0.00e+00	0.00e+00	0.00e+00
 7.38065e+22	1.91e-03	6.25e-01	2.73e-01	9.48e-02	4.53e-03	2.31e-05	0.00e+00	0.00e+00	0.00e+00	0.00e+00	0.00e+00	0.00e+00	0.00e+00	0.00e+00	0.00e+00
 7.41275e+22	2.03e-03	6.51e-01	2.56e-01	8.67e-02	3.77e-03	1.77e-05	0.00e+00	0.00e+00	0.00e+00	0.00e+00	0.00e+00	0.00e+00	0.00e+00	0.00e+00	0.00e+00
 7.44872e+22	2.18e-03	6.83e-01	2.35e-01	7.71e-02	2.97e-03	1.26e-05	0.00e+00	0.00e+00	0.00e+00	0.00e+00	0.00e+00	0.00e+00	0.00e+00	0.00e+00	0.00e+00
 7.48655e+22	2.33e-03	7.13e-01	2.14e-01	6.86e-02	2.33e-03	9.09e-06	0.00e+00	0.00e+00	0.00e+00	0.00e+00	0.00e+00	0.00e+00	0.00e+00	0.00e+00	0.00e+00
 7.51922e+22	2.45e-03	7.39e-01	1.95e-01	6.16e-02	1.87e-03	6.78e-06	0.00e+00	0.00e+00	0.00e+00	0.00e+00	0.00e+00	0.00e+00	0.00e+00	0.00e+00	0.00e+00
 7.54766e+22	2.56e-03	7.61e-01	1.79e-01	5.57e-02	1.52e-03	5.18e-06	0.00e+00	0.00e+00	0.00e+00	0.00e+00	0.00e+00	0.00e+00	0.00e+00	0.00e+00	0.00e+00
 7.57386e+22	2.66e-03	7.82e-01	1.64e-01	5.03e-02	1.24e-03	4.01e-06	0.00e+00	0.00e+00	0.00e+00	0.00e+00	0.00e+00	0.00e+00	0.00e+00	0.00e+00	0.00e+00
 7.60362e+22	2.78e-03	8.07e-01	1.45e-01	4.39e-02	9.43e-04	2.89e-06	0.00e+00	0.00e+00	0.00e+00	0.00e+00	0.00e+00	0.00e+00	0.00e+00	0.00e+00	0.00e+00
 7.63442e+22	2.88e-03	8.30e-01	1.28e-01	3.82e-02	7.19e-04	2.11e-06	0.00e+00	0.00e+00	0.00e+00	0.00e+00	0.00e+00	0.00e+00	0.00e+00	0.00e+00	0.00e+00
 7.65284e+22	2.91e-03	8.40e-01	1.21e-01	3.58e-02	6.30e-04	1.82e-06	0.00e+00	0.00e+00	0.00e+00	0.00e+00	0.00e+00	0.00e+00	0.00e+00	0.00e+00	0.00e+00
 7.65987e+22	2.92e-03	8.44e-01	1.18e-01	3.47e-02	5.94e-04	1.71e-06	0.00e+00	0.00e+00	0.00e+00	0.00e+00	0.00e+00	0.00e+00	0.00e+00	0.00e+00	0.00e+00
 7.66572e+22	2.93e-03	8.48e-01	1.15e-01	3.37e-02	5.60e-04	1.60e-06	0.00e+00	0.00e+00	0.00e+00	0.00e+00	0.00e+00	0.00e+00	0.00e+00	0.00e+00	0.00e+00
 7.67311e+22	2.96e-03	8.54e-01	1.10e-01	3.22e-02	5.15e-04	1.47e-06	0.00e+00	0.00e+00	0.00e+00	0.00e+00	0.00e+00	0.00e+00	0.00e+00	0.00e+00	0.00e+00
 7.68102e+22	2.98e-03	8.60e-01	1.06e-01	3.09e-02	4.75e-04	1.34e-06	0.00e+00	0.00e+00	0.00e+00	0.00e+00	0.00e+00	0.00e+00	0.00e+00	0.00e+00	0.00e+00
 7.68828e+22	3.00e-03	8.65e-01	1.02e-01	2.96e-02	4.41e-04	1.24e-06	0.00e+00	0.00e+00	0.00e+00	0.00e+00	0.00e+00	0.00e+00	0.00e+00	0.00e+00	0.00e+00
 7.69523e+22	3.02e-03	8.70e-01	9.84e-02	2.85e-02	4.09e-04	1.15e-06	0.00e+00	0.00e+00	0.00e+00	0.00e+00	0.00e+00	0.00e+00	0.00e+00	0.00e+00	0.00e+00
 7.70213e+22	3.04e-03	8.75e-01	9.44e-02	2.73e-02	3.79e-04	1.06e-06	0.00e+00	0.00e+00	0.00e+00	0.00e+00	0.00e+00	0.00e+00	0.00e+00	0.00e+00	0.00e+00
 7.70894e+22	3.05e-03	8.79e-01	9.17e-02	2.62e-02	3.53e-04	9.89e-07	0.00e+00	0.00e+00	0.00e+00	0.00e+00	0.00e+00	0.00e+00	0.00e+00	0.00e+00	0.00e+00
 7.71595e+22	3.06e-03	8.84e-01	8.77e-02	2.51e-02	3.25e-04	9.11e-07	0.00e+00	0.00e+00	0.00e+00	0.00e+00	0.00e+00	0.00e+00	0.00e+00	0.00e+00	0.00e+00
 7.72296e+22	3.07e-03	8.88e-01	8.43e-02	2.40e-02	3.01e-04	8.44e-07	0.00e+00	0.00e+00	0.00e+00	0.00e+00	0.00e+00	0.00e+00	0.00e+00	0.00e+00	0.00e+00
 7.72953e+22	3.09e-03	8.93e-01	8.08e-02	2.30e-02	2.79e-04	7.82e-07	0.00e+00	0.00e+00	0.00e+00	0.00e+00	0.00e+00	0.00e+00	0.00e+00	0.00e+00	0.00e+00
 7.73577e+22	3.10e-03	8.97e-01	7.78e-02	2.21e-02	2.59e-04	7.29e-07	0.00e+00	0.00e+00	0.00e+00	0.00e+00	0.00e+00	0.00e+00	0.00e+00	0.00e+00	0.00e+00
 7.74188e+22	3.11e-03	9.01e-01	7.46e-02	2.11e-02	2.41e-04	6.79e-07	0.00e+00	0.00e+00	0.00e+00	0.00e+00	0.00e+00	0.00e+00	0.00e+00	0.00e+00	0.00e+00
 7.74803e+22	3.11e-03	9.04e-01	7.21e-02	2.03e-02	2.25e-04	6.35e-07	0.00e+00	0.00e+00	0.00e+00	0.00e+00	0.00e+00	0.00e+00	0.00e+00	0.00e+00	0.00e+00
 7.75436e+22	3.11e-03	9.08e-01	6.89e-02	1.94e-02	2.08e-04	5.90e-07	0.00e+00	0.00e+00	0.00e+00	0.00e+00	0.00e+00	0.00e+00	0.00e+00	0.00e+00	0.00e+00
 7.76070e+22	3.11e-03	9.12e-01	6.62e-02	1.86e-02	1.93e-04	5.50e-07	0.00e+00	0.00e+00	0.00e+00	0.00e+00	0.00e+00	0.00e+00	0.00e+00	0.00e+00	0.00e+00
 7.76678e+22	3.12e-03	9.16e-01	6.31e-02	1.77e-02	1.78e-04	5.11e-07	0.00e+00	0.00e+00	0.00e+00	0.00e+00	0.00e+00	0.00e+00	0.00e+00	0.00e+00	0.00e+00
 7.77254e+22	3.11e-03	9.19e-01	6.11e-02	1.70e-02	1.67e-04	4.81e-07	0.00e+00	0.00e+00	0.00e+00	0.00e+00	0.00e+00	0.00e+00	0.00e+00	0.00e+00	0.00e+00
 7.77835e+22	3.11e-03	9.22e-01	5.83e-02	1.63e-02	1.55e-04	4.49e-07	0.00e+00	0.00e+00	0.00e+00	0.00e+00	0.00e+00	0.00e+00	0.00e+00	0.00e+00	0.00e+00
 7.78436e+22	3.12e-03	9.26e-01	5.55e-02	1.55e-02	1.43e-04	4.19e-07	0.00e+00	0.00e+00	0.00e+00	0.00e+00	0.00e+00	0.00e+00	0.00e+00	0.00e+00	0.00e+00
 7.78996e+22	3.11e-03	9.29e-01	5.32e-02	1.49e-02	1.34e-04	3.93e-07	0.00e+00	0.00e+00	0.00e+00	0.00e+00	0.00e+00	0.00e+00	0.00e+00	0.00e+00	0.00e+00
 7.79532e+22	3.10e-03	9.31e-01	5.13e-02	1.43e-02	1.26e-04	3.71e-07	0.00e+00	0.00e+00	0.00e+00	0.00e+00	0.00e+00	0.00e+00	0.00e+00	0.00e+00	0.00e+00
 7.80110e+22	3.10e-03	9.35e-01	4.87e-02	1.36e-02	1.16e-04	3.47e-07	0.00e+00	0.00e+00	0.00e+00	0.00e+00	0.00e+00	0.00e+00	0.00e+00	0.00e+00	0.00e+00
