#depth	O	O+	O+2	O+3	O+4	O+5	O+6	O+7	O+8	O[1]	O[2]	O[3]
 4.62852e+21	4.06e-21	1.22e-15	1.38e-11	1.09e-08	1.71e-06	1.01e-04	3.25e-02	3.13e-01	6.54e-01	0.00e+00	0.00e+00	0.00e+00
 1.02526e+22	1.16e-19	2.23e-14	1.69e-10	9.08e-08	9.31e-06	3.34e-04	6.64e-02	4.02e-01	5.31e-01	0.00e+00	0.00e+00	0.00e+00
 1.17390e+22	4.67e-19	7.49e-14	4.80e-10	2.20e-07	1.89e-05	5.51e-04	8.88e-02	4.38e-01	4.73e-01	0.00e+00	0.00e+00	0.00e+00
 1.24753e+22	8.97e-19	1.32e-13	7.84e-10	3.32e-07	2.63e-05	6.96e-04	1.01e-01	4.54e-01	4.44e-01	0.00e+00	0.00e+00	0.00e+00
 1.27882e+22	1.08e-18	1.55e-13	9.01e-10	3.74e-07	2.89e-05	7.44e-04	1.05e-01	4.58e-01	4.36e-01	0.00e+00	0.00e+00	0.00e+00
 1.29436e+22	1.34e-18	1.88e-13	1.06e-09	4.28e-07	3.23e-05	8.03e-04	1.10e-01	4.63e-01	4.27e-01	0.00e+00	0.00e+00	0.00e+00
 1.31456e+22	1.79e-18	2.41e-13	1.31e-09	5.14e-07	3.73e-05	8.89e-04	1.16e-01	4.69e-01	4.14e-01	0.00e+00	0.00e+00	0.00e+00
 1.33532e+22	2.26e-18	2.95e-13	1.56e-09	5.94e-07	4.19e-05	9.65e-04	1.22e-01	4.74e-01	4.04e-01	0.00e+00	0.00e+00	0.00e+00
 1.35339e+22	2.81e-18	3.56e-13	1.84e-09	6.81e-07	4.67e-05	1.04e-03	1.27e-01	4.78e-01	3.94e-01	0.00e+00	0.00e+00	0.00e+00
 1.37347e+22	3.71e-18	4.54e-13	2.27e-09	8.12e-07	5.38e-05	1.15e-03	1.34e-01	4.83e-01	3.82e-01	0.00e+00	0.00e+00	0.00e+00
 1.39357e+22	4.60e-18	5.47e-13	2.66e-09	9.29e-07	5.98e-05	1.24e-03	1.40e-01	4.87e-01	3.72e-01	0.00e+00	0.00e+00	0.00e+00
 1.41370e+22	6.06e-18	6.94e-13	3.27e-09	1.10e-06	6.87e-05	1.36e-03	1.47e-01	4.91e-01	3.60e-01	0.00e+00	0.00e+00	0.00e+00
 1.43410e+22	7.54e-18	8.39e-13	3.85e-09	1.27e-06	7.66e-05	1.47e-03	1.53e-01	4.95e-01	3.50e-01	0.00e+00	0.00e+00	0.00e+00
 1.45487e+22	9.97e-18	1.07e-12	4.75e-09	1.51e-06	8.82e-05	1.62e-03	1.62e-01	4.99e-01	3.38e-01	0.00e+00	0.00e+00	0.00e+00
 1.47591e+22	1.24e-17	1.30e-12	5.60e-09	1.74e-06	9.85e-05	1.75e-03	1.68e-01	5.01e-01	3.28e-01	0.00e+00	0.00e+00	0.00e+00
 1.49730e+22	1.66e-17	1.67e-12	6.95e-09	2.08e-06	1.14e-04	1.94e-03	1.78e-01	5.05e-01	3.15e-01	0.00e+00	0.00e+00	0.00e+00
 1.51887e+22	2.08e-17	2.03e-12	8.23e-09	2.40e-06	1.28e-04	2.10e-03	1.85e-01	5.07e-01	3.05e-01	0.00e+00	0.00e+00	0.00e+00
 1.54069e+22	2.77e-17	2.60e-12	1.02e-08	2.88e-06	1.48e-04	2.32e-03	1.95e-01	5.09e-01	2.93e-01	2.77e-17	7.14e-27	7.52e-27
 1.56282e+22	3.48e-17	3.17e-12	1.21e-08	3.33e-06	1.66e-04	2.51e-03	2.03e-01	5.11e-01	2.83e-01	3.48e-17	1.99e-24	2.51e-24
 1.58536e+22	4.69e-17	4.11e-12	1.52e-08	4.03e-06	1.93e-04	2.79e-03	2.15e-01	5.13e-01	2.70e-01	4.69e-17	2.68e-24	3.38e-24
 1.60800e+22	5.88e-17	5.00e-12	1.80e-08	4.64e-06	2.17e-04	3.02e-03	2.23e-01	5.13e-01	2.60e-01	5.88e-17	3.36e-24	4.23e-24
 1.63075e+22	7.90e-17	6.47e-12	2.25e-08	5.62e-06	2.53e-04	3.36e-03	2.35e-01	5.14e-01	2.47e-01	7.90e-17	4.51e-24	5.69e-24
 1.65383e+22	9.92e-17	7.88e-12	2.67e-08	6.49e-06	2.84e-04	3.64e-03	2.45e-01	5.14e-01	2.38e-01	9.92e-17	5.66e-24	7.14e-24
 1.67318e+22	1.22e-16	9.45e-12	3.12e-08	7.43e-06	3.17e-04	3.92e-03	2.54e-01	5.13e-01	2.29e-01	1.22e-16	6.97e-24	8.79e-24
 1.69147e+22	1.49e-16	1.13e-11	3.64e-08	8.46e-06	3.51e-04	4.21e-03	2.63e-01	5.12e-01	2.20e-01	1.49e-16	8.52e-24	1.07e-23
 1.71249e+22	1.95e-16	1.42e-11	4.46e-08	1.01e-05	4.06e-04	4.65e-03	2.76e-01	5.10e-01	2.09e-01	1.95e-16	1.11e-23	1.40e-23
 1.73349e+22	2.37e-16	1.68e-11	5.18e-08	1.15e-05	4.50e-04	5.00e-03	2.85e-01	5.09e-01	2.01e-01	2.37e-16	1.35e-23	1.71e-23
 1.75448e+22	3.06e-16	2.11e-11	6.32e-08	1.36e-05	5.18e-04	5.51e-03	2.98e-01	5.06e-01	1.90e-01	3.06e-16	1.75e-23	2.21e-23
 1.77589e+22	3.74e-16	2.51e-11	7.36e-08	1.55e-05	5.76e-04	5.93e-03	3.09e-01	5.03e-01	1.82e-01	3.74e-16	2.14e-23	2.69e-23
 1.79784e+22	4.85e-16	3.15e-11	9.01e-08	1.85e-05	6.67e-04	6.56e-03	3.23e-01	4.99e-01	1.71e-01	4.85e-16	2.77e-23	3.49e-23
 1.82021e+22	5.95e-16	3.77e-11	1.06e-07	2.13e-05	7.48e-04	7.10e-03	3.35e-01	4.95e-01	1.62e-01	5.95e-16	3.40e-23	4.28e-23
 1.84313e+22	7.70e-16	4.73e-11	1.29e-07	2.54e-05	8.67e-04	7.87e-03	3.50e-01	4.90e-01	1.52e-01	7.70e-16	4.40e-23	5.54e-23
 1.86660e+22	9.45e-16	5.67e-11	1.52e-07	2.93e-05	9.77e-04	8.55e-03	3.63e-01	4.84e-01	1.44e-01	9.45e-16	5.40e-23	6.81e-23
 1.89043e+22	1.22e-15	7.08e-11	1.86e-07	3.50e-05	1.14e-03	9.49e-03	3.79e-01	4.77e-01	1.33e-01	1.22e-15	6.95e-23	8.76e-23
 1.91443e+22	1.48e-15	8.43e-11	2.18e-07	4.03e-05	1.28e-03	1.03e-02	3.92e-01	4.71e-01	1.26e-01	1.48e-15	8.46e-23	1.07e-22
 1.93804e+22	1.86e-15	1.03e-10	2.63e-07	4.77e-05	1.47e-03	1.14e-02	4.08e-01	4.62e-01	1.17e-01	1.86e-15	1.06e-22	1.34e-22
 1.96189e+22	2.24e-15	1.22e-10	3.07e-07	5.49e-05	1.66e-03	1.24e-02	4.22e-01	4.55e-01	1.09e-01	2.24e-15	1.28e-22	1.62e-22
 1.98347e+22	2.68e-15	1.43e-10	3.56e-07	6.27e-05	1.86e-03	1.34e-02	4.35e-01	4.47e-01	1.02e-01	2.68e-15	1.53e-22	1.93e-22
 2.00399e+22	3.13e-15	1.65e-10	4.06e-07	7.08e-05	2.06e-03	1.44e-02	4.47e-01	4.40e-01	9.64e-02	3.13e-15	1.79e-22	2.26e-22
 2.02608e+22	3.78e-15	1.95e-10	4.77e-07	8.21e-05	2.34e-03	1.58e-02	4.62e-01	4.30e-01	8.92e-02	3.78e-15	2.16e-22	2.72e-22
 2.04792e+22	4.35e-15	2.22e-10	5.39e-07	9.20e-05	2.58e-03	1.69e-02	4.74e-01	4.22e-01	8.39e-02	4.35e-15	2.49e-22	3.14e-22
 2.06988e+22	5.18e-15	2.60e-10	6.28e-07	1.06e-04	2.92e-03	1.85e-02	4.89e-01	4.12e-01	7.75e-02	5.18e-15	2.96e-22	3.73e-22
 2.09181e+22	5.91e-15	2.94e-10	7.05e-07	1.18e-04	3.20e-03	1.98e-02	5.00e-01	4.04e-01	7.28e-02	5.91e-15	3.38e-22	4.25e-22
 2.11385e+22	6.94e-15	3.41e-10	8.16e-07	1.36e-04	3.61e-03	2.16e-02	5.15e-01	3.93e-01	6.70e-02	6.94e-15	3.97e-22	5.00e-22
 2.13590e+22	7.84e-15	3.82e-10	9.11e-07	1.51e-04	3.94e-03	2.30e-02	5.25e-01	3.85e-01	6.29e-02	7.84e-15	4.48e-22	5.65e-22
 2.15797e+22	9.10e-15	4.39e-10	1.05e-06	1.72e-04	4.42e-03	2.50e-02	5.39e-01	3.73e-01	5.78e-02	9.10e-15	5.20e-22	6.55e-22
 2.18012e+22	1.02e-14	4.89e-10	1.16e-06	1.90e-04	4.81e-03	2.66e-02	5.50e-01	3.65e-01	5.42e-02	1.02e-14	5.83e-22	7.35e-22
 2.20240e+22	1.17e-14	5.58e-10	1.33e-06	2.17e-04	5.37e-03	2.88e-02	5.63e-01	3.53e-01	4.97e-02	1.17e-14	6.70e-22	8.44e-22
 2.22483e+22	1.31e-14	6.18e-10	1.47e-06	2.39e-04	5.84e-03	3.06e-02	5.72e-01	3.44e-01	4.64e-02	1.31e-14	7.48e-22	9.42e-22
 2.24747e+22	1.49e-14	7.02e-10	1.68e-06	2.71e-04	6.49e-03	3.31e-02	5.85e-01	3.33e-01	4.25e-02	1.49e-14	8.53e-22	1.07e-21
 2.27037e+22	1.65e-14	7.77e-10	1.86e-06	3.00e-04	7.04e-03	3.51e-02	5.94e-01	3.24e-01	3.96e-02	1.65e-14	9.47e-22	1.19e-21
 2.29363e+22	1.87e-14	8.78e-10	2.11e-06	3.40e-04	7.82e-03	3.80e-02	6.06e-01	3.12e-01	3.61e-02	1.87e-14	1.07e-21	1.35e-21
 2.31725e+22	2.08e-14	9.72e-10	2.34e-06	3.75e-04	8.48e-03	4.03e-02	6.14e-01	3.03e-01	3.36e-02	2.08e-14	1.19e-21	1.50e-21
 2.34134e+22	2.35e-14	1.10e-09	2.66e-06	4.25e-04	9.40e-03	4.35e-02	6.25e-01	2.91e-01	3.04e-02	2.35e-14	1.34e-21	1.69e-21
 2.36591e+22	2.61e-14	1.22e-09	2.95e-06	4.70e-04	1.02e-02	4.61e-02	6.33e-01	2.82e-01	2.82e-02	2.61e-14	1.50e-21	1.88e-21
 2.39112e+22	2.95e-14	1.38e-09	3.37e-06	5.34e-04	1.13e-02	4.98e-02	6.43e-01	2.70e-01	2.54e-02	2.95e-14	1.69e-21	2.13e-21
 2.41661e+22	3.27e-14	1.53e-09	3.74e-06	5.91e-04	1.22e-02	5.27e-02	6.50e-01	2.61e-01	2.35e-02	3.27e-14	1.88e-21	2.36e-21
 2.44247e+22	3.69e-14	1.73e-09	4.26e-06	6.72e-04	1.35e-02	5.68e-02	6.59e-01	2.49e-01	2.11e-02	3.69e-14	2.12e-21	2.66e-21
 2.46735e+22	4.06e-14	1.90e-09	4.69e-06	7.35e-04	1.45e-02	5.97e-02	6.65e-01	2.41e-01	1.96e-02	4.06e-14	2.33e-21	2.93e-21
 2.48754e+22	4.41e-14	2.07e-09	5.13e-06	8.00e-04	1.55e-02	6.26e-02	6.70e-01	2.33e-01	1.83e-02	4.41e-14	2.53e-21	3.19e-21
 2.51037e+22	4.90e-14	2.30e-09	5.75e-06	8.94e-04	1.68e-02	6.66e-02	6.76e-01	2.23e-01	1.66e-02	4.90e-14	2.82e-21	3.54e-21
 2.53300e+22	5.33e-14	2.51e-09	6.27e-06	9.71e-04	1.79e-02	6.97e-02	6.80e-01	2.16e-01	1.55e-02	5.33e-14	3.06e-21	3.85e-21
 2.55536e+22	5.86e-14	2.78e-09	7.00e-06	1.08e-03	1.94e-02	7.40e-02	6.85e-01	2.07e-01	1.41e-02	5.86e-14	3.37e-21	4.24e-21
 2.57791e+22	6.42e-14	3.04e-09	7.67e-06	1.17e-03	2.06e-02	7.72e-02	6.88e-01	2.00e-01	1.31e-02	6.42e-14	3.69e-21	4.65e-21
 2.60071e+22	7.09e-14	3.38e-09	8.58e-06	1.31e-03	2.23e-02	8.18e-02	6.92e-01	1.91e-01	1.19e-02	7.09e-14	4.08e-21	5.13e-21
 2.62380e+22	7.78e-14	3.72e-09	9.41e-06	1.42e-03	2.37e-02	8.54e-02	6.94e-01	1.84e-01	1.11e-02	7.78e-14	4.48e-21	5.63e-21
 2.64728e+22	8.62e-14	4.15e-09	1.06e-05	1.59e-03	2.56e-02	9.04e-02	6.97e-01	1.76e-01	1.00e-02	8.62e-14	4.96e-21	6.24e-21
 2.67110e+22	9.49e-14	4.57e-09	1.16e-05	1.73e-03	2.72e-02	9.44e-02	6.98e-01	1.69e-01	9.27e-03	9.49e-14	5.47e-21	6.88e-21
 2.69536e+22	1.06e-13	5.13e-09	1.31e-05	1.93e-03	2.94e-02	9.98e-02	7.00e-01	1.61e-01	8.35e-03	1.06e-13	6.09e-21	7.66e-21
 2.72006e+22	1.17e-13	5.69e-09	1.45e-05	2.11e-03	3.12e-02	1.04e-01	7.00e-01	1.54e-01	7.70e-03	1.17e-13	6.74e-21	8.48e-21
 2.74533e+22	1.31e-13	6.43e-09	1.64e-05	2.37e-03	3.38e-02	1.10e-01	7.01e-01	1.46e-01	6.90e-03	1.31e-13	7.55e-21	9.50e-21
 2.77113e+22	1.47e-13	7.20e-09	1.83e-05	2.60e-03	3.59e-02	1.15e-01	7.00e-01	1.40e-01	6.34e-03	1.47e-13	8.47e-21	1.06e-20
 2.79765e+22	1.65e-13	8.18e-09	2.09e-05	2.92e-03	3.89e-02	1.22e-01	6.99e-01	1.32e-01	5.63e-03	1.65e-13	9.50e-21	1.19e-20
 2.82429e+22	1.84e-13	9.17e-09	2.33e-05	3.21e-03	4.14e-02	1.27e-01	6.97e-01	1.26e-01	5.16e-03	1.84e-13	1.06e-20	1.34e-20
 2.85110e+22	2.09e-13	1.05e-08	2.66e-05	3.61e-03	4.47e-02	1.34e-01	6.95e-01	1.19e-01	4.58e-03	2.09e-13	1.21e-20	1.52e-20
 2.87828e+22	2.36e-13	1.19e-08	2.98e-05	3.97e-03	4.75e-02	1.39e-01	6.92e-01	1.13e-01	4.18e-03	2.36e-13	1.36e-20	1.71e-20
 2.90596e+22	2.70e-13	1.37e-08	3.43e-05	4.47e-03	5.13e-02	1.47e-01	6.88e-01	1.06e-01	3.70e-03	2.70e-13	1.56e-20	1.96e-20
 2.93289e+22	3.05e-13	1.54e-08	3.83e-05	4.89e-03	5.43e-02	1.52e-01	6.84e-01	1.01e-01	3.39e-03	3.05e-13	1.77e-20	2.22e-20
 2.95885e+22	3.45e-13	1.77e-08	4.37e-05	5.46e-03	5.83e-02	1.60e-01	6.79e-01	9.49e-02	3.01e-03	3.45e-13	2.00e-20	2.51e-20
 2.98347e+22	3.83e-13	1.97e-08	4.81e-05	5.90e-03	6.12e-02	1.65e-01	6.74e-01	9.09e-02	2.78e-03	3.83e-13	2.22e-20	2.79e-20
 3.00633e+22	4.35e-13	2.24e-08	5.41e-05	6.49e-03	6.49e-02	1.71e-01	6.69e-01	8.62e-02	2.52e-03	4.35e-13	2.53e-20	3.17e-20
 3.03031e+22	4.88e-13	2.52e-08	6.02e-05	7.07e-03	6.84e-02	1.77e-01	6.63e-01	8.21e-02	2.31e-03	4.88e-13	2.84e-20	3.56e-20
 3.05224e+22	5.42e-13	2.81e-08	6.66e-05	7.67e-03	7.18e-02	1.82e-01	6.58e-01	7.82e-02	2.11e-03	5.42e-13	3.16e-20	3.96e-20
 3.07725e+22	6.27e-13	3.26e-08	7.61e-05	8.51e-03	7.65e-02	1.90e-01	6.50e-01	7.34e-02	1.89e-03	6.27e-13	3.65e-20	4.59e-20
 3.10270e+22	7.06e-13	3.68e-08	8.48e-05	9.27e-03	8.05e-02	1.96e-01	6.43e-01	6.97e-02	1.72e-03	7.06e-13	4.12e-20	5.17e-20
 3.12874e+22	8.26e-13	4.30e-08	9.74e-05	1.03e-02	8.58e-02	2.03e-01	6.34e-01	6.52e-02	1.53e-03	8.26e-13	4.82e-20	6.05e-20
 3.15527e+22	9.41e-13	4.91e-08	1.09e-04	1.13e-02	9.04e-02	2.09e-01	6.26e-01	6.17e-02	1.38e-03	9.41e-13	5.50e-20	6.90e-20
 3.18245e+22	1.11e-12	5.79e-08	1.26e-04	1.26e-02	9.64e-02	2.17e-01	6.15e-01	5.74e-02	1.22e-03	1.11e-12	6.51e-20	8.16e-20
 3.21019e+22	1.28e-12	6.67e-08	1.43e-04	1.38e-02	1.02e-01	2.24e-01	6.06e-01	5.40e-02	1.10e-03	1.28e-12	7.50e-20	9.41e-20
 3.23489e+22	1.47e-12	7.65e-08	1.60e-04	1.50e-02	1.07e-01	2.30e-01	5.96e-01	5.09e-02	9.91e-04	1.47e-12	8.64e-20	1.08e-19
 3.26322e+22	1.77e-12	9.16e-08	1.87e-04	1.68e-02	1.14e-01	2.38e-01	5.83e-01	4.71e-02	8.68e-04	1.77e-12	1.04e-19	1.30e-19
 3.29196e+22	2.06e-12	1.06e-07	2.11e-04	1.84e-02	1.20e-01	2.44e-01	5.72e-01	4.41e-02	7.77e-04	2.06e-12	1.21e-19	1.52e-19
 3.31740e+22	2.39e-12	1.23e-07	2.39e-04	2.01e-02	1.26e-01	2.50e-01	5.61e-01	4.14e-02	6.97e-04	2.39e-12	1.41e-19	1.77e-19
 3.34663e+22	2.92e-12	1.48e-07	2.79e-04	2.25e-02	1.34e-01	2.58e-01	5.46e-01	3.81e-02	6.06e-04	2.92e-12	1.72e-19	2.16e-19
 3.37638e+22	3.43e-12	1.73e-07	3.18e-04	2.46e-02	1.41e-01	2.64e-01	5.34e-01	3.55e-02	5.39e-04	3.43e-12	2.03e-19	2.55e-19
 3.40679e+22	4.24e-12	2.12e-07	3.73e-04	2.76e-02	1.50e-01	2.72e-01	5.17e-01	3.24e-02	4.65e-04	4.24e-12	2.51e-19	3.15e-19
 3.43764e+22	5.05e-12	2.49e-07	4.26e-04	3.03e-02	1.58e-01	2.77e-01	5.04e-01	3.01e-02	4.11e-04	5.05e-12	3.00e-19	3.75e-19
 3.46903e+22	6.29e-12	3.05e-07	5.01e-04	3.39e-02	1.68e-01	2.84e-01	4.86e-01	2.74e-02	3.52e-04	6.29e-12	3.75e-19	4.69e-19
 3.50123e+22	7.58e-12	3.64e-07	5.77e-04	3.74e-02	1.76e-01	2.90e-01	4.71e-01	2.51e-02	3.07e-04	7.58e-12	4.52e-19	5.66e-19
 3.52910e+22	9.07e-12	4.28e-07	6.56e-04	4.08e-02	1.84e-01	2.94e-01	4.57e-01	2.33e-02	2.71e-04	9.07e-12	5.42e-19	6.79e-19
 3.55997e+22	1.14e-11	5.25e-07	7.70e-04	4.55e-02	1.95e-01	2.99e-01	4.38e-01	2.11e-02	2.31e-04	1.14e-11	6.81e-19	8.52e-19
 3.59254e+22	1.39e-11	6.26e-07	8.84e-04	4.99e-02	2.04e-01	3.03e-01	4.22e-01	1.93e-02	2.02e-04	1.39e-11	8.33e-19	1.04e-18
 3.62731e+22	1.80e-11	7.90e-07	1.06e-03	5.62e-02	2.16e-01	3.08e-01	4.01e-01	1.71e-02	1.68e-04	1.80e-11	1.09e-18	1.36e-18
 3.65883e+22	2.12e-11	9.15e-07	1.19e-03	6.05e-02	2.24e-01	3.10e-01	3.88e-01	1.58e-02	1.48e-04	2.12e-11	1.28e-18	1.60e-18
 3.68612e+22	2.59e-11	1.09e-06	1.35e-03	6.61e-02	2.34e-01	3.12e-01	3.72e-01	1.45e-02	1.29e-04	2.59e-11	1.57e-18	1.97e-18
 3.71502e+22	3.12e-11	1.28e-06	1.53e-03	7.16e-02	2.43e-01	3.14e-01	3.57e-01	1.32e-02	1.12e-04	3.12e-11	1.90e-18	2.37e-18
 3.74139e+22	3.71e-11	1.48e-06	1.71e-03	7.69e-02	2.51e-01	3.15e-01	3.44e-01	1.22e-02	9.94e-05	3.71e-11	2.26e-18	2.83e-18
 3.77101e+22	4.63e-11	1.79e-06	1.98e-03	8.42e-02	2.61e-01	3.16e-01	3.26e-01	1.10e-02	8.46e-05	4.63e-11	2.84e-18	3.54e-18
 3.80195e+22	5.65e-11	2.12e-06	2.24e-03	9.11e-02	2.70e-01	3.16e-01	3.11e-01	9.95e-03	7.31e-05	5.65e-11	3.47e-18	4.33e-18
 3.83014e+22	6.83e-11	2.49e-06	2.53e-03	9.83e-02	2.79e-01	3.15e-01	2.96e-01	9.04e-03	6.33e-05	6.83e-11	4.21e-18	5.25e-18
 3.85802e+22	8.28e-11	2.92e-06	2.84e-03	1.06e-01	2.87e-01	3.14e-01	2.82e-01	8.20e-03	5.48e-05	8.28e-11	5.12e-18	6.39e-18
 3.88997e+22	1.05e-10	3.56e-06	3.29e-03	1.16e-01	2.98e-01	3.12e-01	2.65e-01	7.25e-03	4.57e-05	1.05e-10	6.55e-18	8.16e-18
 3.92243e+22	1.29e-10	4.22e-06	3.72e-03	1.25e-01	3.06e-01	3.09e-01	2.50e-01	6.51e-03	3.90e-05	1.29e-10	8.07e-18	1.01e-17
 3.95076e+22	1.57e-10	4.94e-06	4.18e-03	1.34e-01	3.14e-01	3.06e-01	2.36e-01	5.87e-03	3.35e-05	1.57e-10	9.84e-18	1.23e-17
 3.98281e+22	2.01e-10	6.01e-06	4.81e-03	1.45e-01	3.23e-01	3.02e-01	2.20e-01	5.15e-03	2.77e-05	2.01e-10	1.26e-17	1.57e-17
 4.01603e+22	2.48e-10	7.13e-06	5.44e-03	1.56e-01	3.31e-01	2.97e-01	2.06e-01	4.57e-03	2.34e-05	2.48e-10	1.57e-17	1.95e-17
 4.04589e+22	3.05e-10	8.38e-06	6.11e-03	1.67e-01	3.37e-01	2.92e-01	1.93e-01	4.07e-03	1.98e-05	3.05e-10	1.93e-17	2.41e-17
 4.07982e+22	3.94e-10	1.03e-05	7.05e-03	1.81e-01	3.45e-01	2.85e-01	1.78e-01	3.52e-03	1.61e-05	3.94e-10	2.52e-17	3.13e-17
 4.11482e+22	4.94e-10	1.22e-05	7.98e-03	1.94e-01	3.52e-01	2.79e-01	1.65e-01	3.08e-03	1.33e-05	4.94e-10	3.17e-17	3.95e-17
 4.14591e+22	6.10e-10	1.44e-05	8.95e-03	2.06e-01	3.57e-01	2.72e-01	1.53e-01	2.71e-03	1.11e-05	6.10e-10	3.94e-17	4.90e-17
 4.18102e+22	7.96e-10	1.76e-05	1.03e-02	2.23e-01	3.63e-01	2.63e-01	1.39e-01	2.31e-03	8.88e-06	7.96e-10	5.18e-17	6.44e-17
 4.21711e+22	1.00e-09	2.10e-05	1.16e-02	2.38e-01	3.67e-01	2.55e-01	1.27e-01	2.00e-03	7.26e-06	1.00e-09	6.57e-17	8.16e-17
 4.24903e+22	1.24e-09	2.47e-05	1.30e-02	2.52e-01	3.70e-01	2.47e-01	1.17e-01	1.74e-03	6.00e-06	1.24e-09	8.21e-17	1.02e-16
 4.28512e+22	1.63e-09	3.02e-05	1.49e-02	2.70e-01	3.72e-01	2.36e-01	1.05e-01	1.46e-03	4.71e-06	1.63e-09	1.09e-16	1.35e-16
 4.32227e+22	2.07e-09	3.60e-05	1.68e-02	2.86e-01	3.74e-01	2.26e-01	9.56e-02	1.25e-03	3.79e-06	2.07e-09	1.39e-16	1.72e-16
 4.35526e+22	2.58e-09	4.23e-05	1.87e-02	3.02e-01	3.74e-01	2.17e-01	8.71e-02	1.08e-03	3.09e-06	2.58e-09	1.75e-16	2.16e-16
 4.39258e+22	3.41e-09	5.19e-05	2.14e-02	3.22e-01	3.74e-01	2.05e-01	7.70e-02	8.85e-04	2.37e-06	3.41e-09	2.34e-16	2.90e-16
 4.43082e+22	4.32e-09	6.15e-05	2.39e-02	3.39e-01	3.72e-01	1.95e-01	6.92e-02	7.49e-04	1.89e-06	4.32e-09	2.99e-16	3.71e-16
 4.47025e+22	5.81e-09	7.61e-05	2.74e-02	3.60e-01	3.69e-01	1.82e-01	6.03e-02	6.04e-04	1.41e-06	5.81e-09	4.09e-16	5.06e-16
 4.51008e+22	7.35e-09	8.99e-05	3.05e-02	3.77e-01	3.66e-01	1.72e-01	5.38e-02	5.07e-04	1.11e-06	7.35e-09	5.25e-16	6.49e-16
 4.55042e+22	9.92e-09	1.11e-04	3.49e-02	3.99e-01	3.60e-01	1.59e-01	4.64e-02	4.04e-04	8.20e-07	9.92e-09	7.22e-16	8.92e-16
 4.59156e+22	1.26e-08	1.31e-04	3.88e-02	4.16e-01	3.54e-01	1.49e-01	4.10e-02	3.34e-04	6.36e-07	1.26e-08	9.35e-16	1.16e-15
 4.63372e+22	1.72e-08	1.63e-04	4.44e-02	4.38e-01	3.46e-01	1.36e-01	3.48e-02	2.61e-04	4.58e-07	1.72e-08	1.31e-15	1.61e-15
 4.67642e+22	2.20e-08	1.92e-04	4.92e-02	4.55e-01	3.38e-01	1.26e-01	3.05e-02	2.14e-04	3.51e-07	2.20e-08	1.70e-15	2.10e-15
 4.71982e+22	3.01e-08	2.38e-04	5.61e-02	4.76e-01	3.28e-01	1.14e-01	2.55e-02	1.64e-04	2.48e-07	3.01e-08	2.40e-15	2.96e-15
 4.76386e+22	3.85e-08	2.81e-04	6.21e-02	4.92e-01	3.18e-01	1.05e-01	2.21e-02	1.33e-04	1.87e-07	3.85e-08	3.15e-15	3.88e-15
 4.80271e+22	4.91e-08	3.31e-04	6.85e-02	5.07e-01	3.08e-01	9.64e-02	1.91e-02	1.07e-04	1.41e-07	4.91e-08	4.13e-15	5.09e-15
 4.84719e+22	6.70e-08	4.08e-04	7.74e-02	5.25e-01	2.95e-01	8.59e-02	1.58e-02	8.08e-05	0.00e+00	6.70e-08	5.84e-15	7.20e-15
 4.88814e+22	8.12e-08	4.63e-04	8.35e-02	5.36e-01	2.86e-01	7.97e-02	1.40e-02	6.75e-05	0.00e+00	8.12e-08	7.23e-15	8.92e-15
 4.92451e+22	1.04e-07	5.45e-04	9.18e-02	5.49e-01	2.75e-01	7.22e-02	1.19e-02	5.35e-05	0.00e+00	1.04e-07	9.55e-15	1.18e-14
 4.96194e+22	1.28e-07	6.23e-04	9.93e-02	5.58e-01	2.65e-01	6.63e-02	1.04e-02	4.39e-05	0.00e+00	1.28e-07	1.20e-14	1.48e-14
 5.00076e+22	1.64e-07	7.35e-04	1.09e-01	5.69e-01	2.53e-01	5.95e-02	8.75e-03	3.43e-05	0.00e+00	1.64e-07	1.59e-14	1.96e-14
 5.04030e+22	2.03e-07	8.44e-04	1.18e-01	5.78e-01	2.42e-01	5.41e-02	7.54e-03	2.76e-05	0.00e+00	2.03e-07	2.02e-14	2.49e-14
 5.07498e+22	2.48e-07	9.58e-04	1.27e-01	5.84e-01	2.32e-01	4.94e-02	6.54e-03	2.25e-05	0.00e+00	2.48e-07	2.52e-14	3.10e-14
 5.11428e+22	3.20e-07	1.13e-03	1.39e-01	5.92e-01	2.19e-01	4.38e-02	5.45e-03	1.73e-05	0.00e+00	3.20e-07	3.35e-14	4.12e-14
 5.15455e+22	3.95e-07	1.30e-03	1.50e-01	5.97e-01	2.08e-01	3.95e-02	4.66e-03	1.38e-05	0.00e+00	3.95e-07	4.23e-14	5.20e-14
 5.19062e+22	4.84e-07	1.47e-03	1.61e-01	6.00e-01	1.98e-01	3.57e-02	4.00e-03	1.11e-05	0.00e+00	4.84e-07	5.30e-14	6.51e-14
 5.22448e+22	5.81e-07	1.66e-03	1.71e-01	6.03e-01	1.89e-01	3.25e-02	3.48e-03	9.11e-06	0.00e+00	5.81e-07	6.48e-14	7.95e-14
 5.25618e+22	6.93e-07	1.85e-03	1.81e-01	6.04e-01	1.80e-01	2.96e-02	3.03e-03	7.49e-06	0.00e+00	6.93e-07	7.87e-14	9.66e-14
 5.29262e+22	8.66e-07	2.13e-03	1.95e-01	6.04e-01	1.69e-01	2.63e-02	2.54e-03	5.85e-06	0.00e+00	8.66e-07	1.01e-13	1.23e-13
 5.32954e+22	1.04e-06	2.40e-03	2.08e-01	6.04e-01	1.60e-01	2.37e-02	2.19e-03	4.71e-06	0.00e+00	1.04e-06	1.24e-13	1.51e-13
 5.36176e+22	1.24e-06	2.68e-03	2.20e-01	6.02e-01	1.52e-01	2.15e-02	1.90e-03	3.86e-06	0.00e+00	1.24e-06	1.50e-13	1.83e-13
 5.39831e+22	1.54e-06	3.08e-03	2.35e-01	5.99e-01	1.42e-01	1.89e-02	1.58e-03	2.97e-06	0.00e+00	1.54e-06	1.91e-13	2.34e-13
 5.43534e+22	1.84e-06	3.44e-03	2.49e-01	5.95e-01	1.34e-01	1.70e-02	1.35e-03	2.40e-06	0.00e+00	1.84e-06	2.33e-13	2.84e-13
 5.47300e+22	2.30e-06	3.95e-03	2.66e-01	5.90e-01	1.24e-01	1.48e-02	1.12e-03	1.83e-06	0.00e+00	2.30e-06	2.98e-13	3.63e-13
 5.51107e+22	2.75e-06	4.41e-03	2.82e-01	5.83e-01	1.16e-01	1.32e-02	9.51e-04	1.46e-06	0.00e+00	2.75e-06	3.63e-13	4.43e-13
 5.54462e+22	3.27e-06	4.92e-03	2.97e-01	5.77e-01	1.09e-01	1.18e-02	8.11e-04	1.17e-06	0.00e+00	3.27e-06	4.42e-13	5.38e-13
 5.58315e+22	4.06e-06	5.63e-03	3.17e-01	5.67e-01	1.00e-01	1.02e-02	6.63e-04	8.80e-07	0.00e+00	4.06e-06	5.65e-13	6.87e-13
 5.62226e+22	4.85e-06	6.29e-03	3.34e-01	5.57e-01	9.30e-02	8.97e-03	5.58e-04	6.92e-07	0.00e+00	4.85e-06	6.90e-13	8.38e-13
 5.66212e+22	6.05e-06	7.21e-03	3.55e-01	5.44e-01	8.48e-02	7.66e-03	4.51e-04	5.14e-07	0.00e+00	6.05e-06	8.87e-13	1.08e-12
 5.70238e+22	7.20e-06	8.03e-03	3.74e-01	5.33e-01	7.82e-02	6.71e-03	3.76e-04	3.99e-07	0.00e+00	7.20e-06	1.08e-12	1.31e-12
 5.74316e+22	8.98e-06	9.20e-03	3.97e-01	5.17e-01	7.07e-02	5.68e-03	3.01e-04	2.93e-07	0.00e+00	8.98e-06	1.40e-12	1.69e-12
 5.78449e+22	1.07e-05	1.02e-02	4.18e-01	5.02e-01	6.47e-02	4.92e-03	2.48e-04	2.24e-07	0.00e+00	1.07e-05	1.71e-12	2.06e-12
 5.82651e+22	1.33e-05	1.17e-02	4.43e-01	4.84e-01	5.79e-02	4.11e-03	1.96e-04	1.62e-07	0.00e+00	1.33e-05	2.20e-12	2.66e-12
 5.86929e+22	1.59e-05	1.30e-02	4.64e-01	4.67e-01	5.24e-02	3.53e-03	1.60e-04	0.00e+00	0.00e+00	1.59e-05	2.70e-12	3.26e-12
 5.91304e+22	1.98e-05	1.49e-02	4.91e-01	4.45e-01	4.63e-02	2.90e-03	1.24e-04	0.00e+00	0.00e+00	1.98e-05	3.51e-12	4.22e-12
 5.95767e+22	2.36e-05	1.66e-02	5.14e-01	4.25e-01	4.14e-02	2.45e-03	9.96e-05	0.00e+00	0.00e+00	2.36e-05	4.32e-12	5.19e-12
 5.98761e+22	2.55e-05	1.73e-02	5.26e-01	4.15e-01	3.90e-02	2.24e-03	8.88e-05	0.00e+00	0.00e+00	2.55e-05	4.75e-12	5.71e-12
 6.01070e+22	2.86e-05	1.86e-02	5.41e-01	4.02e-01	3.62e-02	2.01e-03	7.72e-05	0.00e+00	0.00e+00	2.86e-05	5.45e-12	6.54e-12
 6.03411e+22	3.12e-05	1.95e-02	5.53e-01	3.92e-01	3.41e-02	1.84e-03	6.87e-05	0.00e+00	0.00e+00	3.12e-05	6.05e-12	7.24e-12
 6.05445e+22	3.38e-05	2.05e-02	5.64e-01	3.82e-01	3.22e-02	1.69e-03	6.17e-05	0.00e+00	0.00e+00	3.38e-05	6.68e-12	7.99e-12
 6.07332e+22	3.65e-05	2.15e-02	5.74e-01	3.72e-01	3.05e-02	1.56e-03	5.57e-05	0.00e+00	0.00e+00	3.65e-05	7.32e-12	8.74e-12
 6.09380e+22	4.01e-05	2.27e-02	5.86e-01	3.61e-01	2.85e-02	1.41e-03	4.92e-05	0.00e+00	0.00e+00	4.01e-05	8.22e-12	9.80e-12
 6.12041e+22	4.56e-05	2.46e-02	6.02e-01	3.46e-01	2.60e-02	1.24e-03	4.15e-05	0.00e+00	0.00e+00	4.56e-05	9.60e-12	1.14e-11
 6.14869e+22	5.09e-05	2.62e-02	6.17e-01	3.31e-01	2.38e-02	1.09e-03	3.55e-05	0.00e+00	0.00e+00	5.09e-05	1.10e-11	1.31e-11
 6.17911e+22	5.85e-05	2.85e-02	6.35e-01	3.14e-01	2.14e-02	9.36e-04	2.92e-05	0.00e+00	0.00e+00	5.85e-05	1.30e-11	1.55e-11
 6.21193e+22	6.64e-05	3.07e-02	6.52e-01	2.97e-01	1.92e-02	8.04e-04	2.41e-05	0.00e+00	0.00e+00	6.64e-05	1.53e-11	1.81e-11
 6.24787e+22	7.89e-05	3.41e-02	6.73e-01	2.76e-01	1.67e-02	6.60e-04	1.88e-05	0.00e+00	0.00e+00	7.89e-05	1.89e-11	2.23e-11
 6.28299e+22	8.83e-05	3.64e-02	6.89e-01	2.59e-01	1.49e-02	5.66e-04	1.56e-05	0.00e+00	0.00e+00	8.83e-05	2.18e-11	2.56e-11
 6.31705e+22	1.03e-04	4.01e-02	7.07e-01	2.40e-01	1.29e-02	4.68e-04	1.23e-05	0.00e+00	0.00e+00	1.03e-04	2.66e-11	3.11e-11
 6.35174e+22	1.17e-04	4.31e-02	7.22e-01	2.23e-01	1.14e-02	3.95e-04	9.96e-06	0.00e+00	0.00e+00	1.17e-04	3.11e-11	3.62e-11
 6.38727e+22	1.38e-04	4.76e-02	7.38e-01	2.04e-01	9.75e-03	3.21e-04	7.72e-06	0.00e+00	0.00e+00	1.38e-04	3.82e-11	4.43e-11
 6.42298e+22	1.56e-04	5.13e-02	7.52e-01	1.87e-01	8.48e-03	2.68e-04	6.18e-06	0.00e+00	0.00e+00	1.56e-04	4.48e-11	5.17e-11
 6.45895e+22	1.86e-04	5.71e-02	7.67e-01	1.68e-01	7.12e-03	2.13e-04	4.66e-06	0.00e+00	0.00e+00	1.86e-04	5.59e-11	6.40e-11
 6.49438e+22	2.10e-04	6.14e-02	7.78e-01	1.54e-01	6.18e-03	1.78e-04	3.74e-06	0.00e+00	0.00e+00	2.10e-04	6.51e-11	7.41e-11
 6.52913e+22	2.50e-04	6.83e-02	7.89e-01	1.37e-01	5.16e-03	1.40e-04	2.81e-06	0.00e+00	0.00e+00	2.50e-04	8.13e-11	9.17e-11
 6.56393e+22	2.86e-04	7.41e-02	7.98e-01	1.23e-01	4.40e-03	1.15e-04	2.21e-06	0.00e+00	0.00e+00	2.86e-04	9.67e-11	1.08e-10
 6.59880e+22	3.43e-04	8.27e-02	8.05e-01	1.08e-01	3.63e-03	8.95e-05	1.64e-06	0.00e+00	0.00e+00	3.43e-04	1.22e-10	1.34e-10
 6.63346e+22	3.94e-04	9.00e-02	8.10e-01	9.63e-02	3.07e-03	7.25e-05	1.27e-06	0.00e+00	0.00e+00	3.94e-04	1.45e-10	1.59e-10
 6.66786e+22	4.77e-04	1.01e-01	8.13e-01	8.31e-02	2.51e-03	5.55e-05	9.31e-07	0.00e+00	0.00e+00	4.77e-04	1.86e-10	2.00e-10
 6.70147e+22	5.49e-04	1.10e-01	8.14e-01	7.33e-02	2.12e-03	4.47e-05	7.22e-07	0.00e+00	0.00e+00	5.49e-04	2.23e-10	2.36e-10
 6.73407e+22	6.66e-04	1.24e-01	8.11e-01	6.26e-02	1.73e-03	3.41e-05	5.27e-07	0.00e+00	0.00e+00	6.66e-04	2.86e-10	2.97e-10
 6.76618e+22	7.71e-04	1.35e-01	8.08e-01	5.46e-02	1.45e-03	2.72e-05	4.08e-07	0.00e+00	0.00e+00	7.71e-04	3.46e-10	3.53e-10
 6.79766e+22	9.38e-04	1.51e-01	8.00e-01	4.61e-02	1.19e-03	2.05e-05	2.96e-07	0.00e+00	0.00e+00	9.38e-04	4.47e-10	4.45e-10
 6.82877e+22	1.09e-03	1.66e-01	7.92e-01	3.98e-02	1.00e-03	1.62e-05	2.28e-07	0.00e+00	0.00e+00	1.09e-03	5.46e-10	5.32e-10
 6.85529e+22	1.28e-03	1.81e-01	7.82e-01	3.44e-02	8.51e-04	1.28e-05	1.77e-07	0.00e+00	0.00e+00	1.28e-03	6.71e-10	6.39e-10
 6.88151e+22	1.49e-03	1.98e-01	7.70e-01	2.97e-02	7.28e-04	1.02e-05	1.38e-07	0.00e+00	0.00e+00	1.49e-03	8.18e-10	7.63e-10
 6.91142e+22	1.82e-03	2.21e-01	7.52e-01	2.45e-02	5.99e-04	7.51e-06	0.00e+00	0.00e+00	0.00e+00	1.82e-03	1.06e-09	9.62e-10
 6.94131e+22	2.16e-03	2.42e-01	7.34e-01	2.06e-02	5.07e-04	5.75e-06	0.00e+00	0.00e+00	0.00e+00	2.16e-03	1.33e-09	1.17e-09
 6.96649e+22	2.52e-03	2.63e-01	7.16e-01	1.75e-02	4.39e-04	4.50e-06	0.00e+00	0.00e+00	0.00e+00	2.52e-03	1.62e-09	1.40e-09
 6.99455e+22	3.08e-03	2.92e-01	6.91e-01	1.42e-02	3.67e-04	3.28e-06	0.00e+00	0.00e+00	0.00e+00	3.08e-03	2.10e-09	1.76e-09
 7.02308e+22	3.68e-03	3.19e-01	6.65e-01	1.17e-02	3.14e-04	2.46e-06	0.00e+00	0.00e+00	0.00e+00	3.68e-03	2.63e-09	2.15e-09
 7.04740e+22	4.35e-03	3.46e-01	6.40e-01	9.73e-03	2.74e-04	1.88e-06	0.00e+00	0.00e+00	0.00e+00	4.35e-03	3.24e-09	2.59e-09
 7.07421e+22	5.36e-03	3.81e-01	6.06e-01	7.69e-03	2.31e-04	1.33e-06	0.00e+00	0.00e+00	0.00e+00	5.36e-03	4.20e-09	3.27e-09
 7.10148e+22	6.48e-03	4.15e-01	5.72e-01	6.15e-03	1.99e-04	9.66e-07	0.00e+00	0.00e+00	0.00e+00	6.48e-03	5.29e-09	4.03e-09
 7.12445e+22	7.73e-03	4.48e-01	5.39e-01	4.98e-03	1.74e-04	7.17e-07	0.00e+00	0.00e+00	0.00e+00	7.73e-03	6.52e-09	4.88e-09
 7.14941e+22	9.59e-03	4.90e-01	4.97e-01	3.81e-03	1.46e-04	4.90e-07	0.00e+00	0.00e+00	0.00e+00	9.59e-03	8.45e-09	6.20e-09
 7.17518e+22	1.19e-02	5.32e-01	4.53e-01	2.89e-03	1.24e-04	3.35e-07	0.00e+00	0.00e+00	0.00e+00	1.19e-02	1.08e-08	7.81e-09
 7.19655e+22	1.44e-02	5.69e-01	4.14e-01	2.25e-03	1.07e-04	2.38e-07	0.00e+00	0.00e+00	0.00e+00	1.44e-02	1.34e-08	9.56e-09
 7.21553e+22	1.73e-02	6.05e-01	3.76e-01	1.74e-03	9.19e-05	1.69e-07	0.00e+00	0.00e+00	0.00e+00	1.73e-02	1.66e-08	1.17e-08
 7.23397e+22	2.09e-02	6.41e-01	3.36e-01	1.33e-03	7.82e-05	0.00e+00	0.00e+00	0.00e+00	0.00e+00	2.09e-02	2.05e-08	1.43e-08
 7.25197e+22	2.54e-02	6.77e-01	2.96e-01	9.98e-04	6.57e-05	0.00e+00	0.00e+00	0.00e+00	0.00e+00	2.54e-02	2.56e-08	1.77e-08
 7.26907e+22	3.08e-02	7.11e-01	2.58e-01	7.37e-04	5.45e-05	0.00e+00	0.00e+00	0.00e+00	0.00e+00	3.08e-02	3.19e-08	2.18e-08
 7.28499e+22	3.74e-02	7.41e-01	2.21e-01	5.40e-04	4.47e-05	0.00e+00	0.00e+00	0.00e+00	0.00e+00	3.74e-02	3.95e-08	2.69e-08
 7.29982e+22	4.54e-02	7.67e-01	1.87e-01	3.91e-04	3.62e-05	0.00e+00	0.00e+00	0.00e+00	0.00e+00	4.54e-02	4.88e-08	3.30e-08
 7.31375e+22	5.50e-02	7.88e-01	1.56e-01	2.81e-04	2.88e-05	0.00e+00	0.00e+00	0.00e+00	0.00e+00	5.50e-02	6.02e-08	4.05e-08
 7.32685e+22	6.63e-02	8.05e-01	1.29e-01	2.02e-04	2.28e-05	0.00e+00	0.00e+00	0.00e+00	0.00e+00	6.63e-02	7.35e-08	4.93e-08
 7.33938e+22	8.04e-02	8.15e-01	1.04e-01	1.42e-04	1.75e-05	0.00e+00	0.00e+00	0.00e+00	0.00e+00	8.04e-02	9.02e-08	6.03e-08
 7.35094e+22	9.72e-02	8.20e-01	8.31e-02	1.00e-04	1.32e-05	0.00e+00	0.00e+00	0.00e+00	0.00e+00	9.72e-02	1.10e-07	7.31e-08
 7.36083e+22	1.15e-01	8.18e-01	6.68e-02	7.31e-05	1.01e-05	0.00e+00	0.00e+00	0.00e+00	0.00e+00	1.15e-01	1.30e-07	8.67e-08
 7.36939e+22	1.35e-01	8.11e-01	5.42e-02	5.48e-05	7.82e-06	0.00e+00	0.00e+00	0.00e+00	0.00e+00	1.35e-01	1.52e-07	1.01e-07
 7.37726e+22	1.56e-01	8.00e-01	4.39e-02	4.17e-05	6.02e-06	0.00e+00	0.00e+00	0.00e+00	0.00e+00	1.56e-01	1.75e-07	1.16e-07
 7.38470e+22	1.80e-01	7.85e-01	3.53e-02	3.19e-05	4.58e-06	0.00e+00	0.00e+00	0.00e+00	0.00e+00	1.80e-01	2.00e-07	1.32e-07
 7.39166e+22	2.06e-01	7.66e-01	2.83e-02	2.47e-05	3.46e-06	0.00e+00	0.00e+00	0.00e+00	0.00e+00	2.06e-01	2.27e-07	1.50e-07
 7.39799e+22	2.34e-01	7.43e-01	2.27e-02	1.94e-05	2.63e-06	0.00e+00	0.00e+00	0.00e+00	0.00e+00	2.34e-01	2.54e-07	1.67e-07
 7.40382e+22	2.63e-01	7.19e-01	1.83e-02	1.55e-05	2.00e-06	0.00e+00	0.00e+00	0.00e+00	0.00e+00	2.63e-01	2.80e-07	1.85e-07
 7.40932e+22	2.94e-01	6.91e-01	1.48e-02	1.26e-05	1.52e-06	0.00e+00	0.00e+00	0.00e+00	0.00e+00	2.94e-01	3.06e-07	2.01e-07
 7.41460e+22	3.26e-01	6.62e-01	1.19e-02	1.02e-05	1.15e-06	0.00e+00	0.00e+00	0.00e+00	0.00e+00	3.26e-01	3.31e-07	2.18e-07
 7.41969e+22	3.59e-01	6.31e-01	9.53e-03	8.41e-06	8.77e-07	0.00e+00	0.00e+00	0.00e+00	0.00e+00	3.59e-01	3.55e-07	2.33e-07
 7.42460e+22	3.93e-01	5.99e-01	7.64e-03	6.97e-06	6.65e-07	0.00e+00	0.00e+00	0.00e+00	0.00e+00	3.93e-01	3.76e-07	2.47e-07
 7.42922e+22	4.27e-01	5.67e-01	6.17e-03	5.85e-06	5.09e-07	0.00e+00	0.00e+00	0.00e+00	0.00e+00	4.27e-01	3.94e-07	2.58e-07
 7.43339e+22	4.57e-01	5.38e-01	5.07e-03	5.01e-06	3.99e-07	0.00e+00	0.00e+00	0.00e+00	0.00e+00	4.57e-01	4.08e-07	2.67e-07
 7.43716e+22	4.85e-01	5.11e-01	4.23e-03	4.37e-06	3.19e-07	0.00e+00	0.00e+00	0.00e+00	0.00e+00	4.85e-01	4.19e-07	2.74e-07
 7.44075e+22	5.11e-01	4.86e-01	3.56e-03	3.85e-06	2.59e-07	0.00e+00	0.00e+00	0.00e+00	0.00e+00	5.11e-01	4.27e-07	2.79e-07
 7.44424e+22	5.35e-01	4.62e-01	3.01e-03	3.42e-06	2.11e-07	0.00e+00	0.00e+00	0.00e+00	0.00e+00	5.35e-01	4.33e-07	2.83e-07
 7.44757e+22	5.58e-01	4.39e-01	2.56e-03	3.06e-06	1.74e-07	0.00e+00	0.00e+00	0.00e+00	0.00e+00	5.58e-01	4.37e-07	2.86e-07
 7.45077e+22	5.79e-01	4.19e-01	2.19e-03	2.76e-06	1.44e-07	0.00e+00	0.00e+00	0.00e+00	0.00e+00	5.79e-01	4.40e-07	2.87e-07
 7.45331e+22	5.94e-01	4.04e-01	1.95e-03	2.56e-06	1.26e-07	0.00e+00	0.00e+00	0.00e+00	0.00e+00	5.94e-01	4.41e-07	2.88e-07
 7.45506e+22	6.05e-01	3.93e-01	1.80e-03	2.43e-06	0.00e+00	0.00e+00	0.00e+00	0.00e+00	0.00e+00	6.05e-01	4.41e-07	2.88e-07
 7.45675e+22	6.16e-01	3.83e-01	1.66e-03	2.31e-06	0.00e+00	0.00e+00	0.00e+00	0.00e+00	0.00e+00	6.16e-01	4.41e-07	2.88e-07
 7.45873e+22	6.27e-01	3.72e-01	1.51e-03	2.18e-06	0.00e+00	0.00e+00	0.00e+00	0.00e+00	0.00e+00	6.27e-01	4.41e-07	2.87e-07
 7.46095e+22	6.40e-01	3.59e-01	1.35e-03	2.04e-06	0.00e+00	0.00e+00	0.00e+00	0.00e+00	0.00e+00	6.40e-01	4.40e-07	2.87e-07
 7.46318e+22	6.53e-01	3.46e-01	1.22e-03	1.91e-06	0.00e+00	0.00e+00	0.00e+00	0.00e+00	0.00e+00	6.53e-01	4.38e-07	2.86e-07
 7.46524e+22	6.64e-01	3.35e-01	1.11e-03	1.81e-06	0.00e+00	0.00e+00	0.00e+00	0.00e+00	0.00e+00	6.64e-01	4.37e-07	2.85e-07
 7.46731e+22	6.75e-01	3.24e-01	1.00e-03	1.70e-06	0.00e+00	0.00e+00	0.00e+00	0.00e+00	0.00e+00	6.75e-01	4.35e-07	2.83e-07
 7.46947e+22	6.86e-01	3.14e-01	9.04e-04	1.61e-06	0.00e+00	0.00e+00	0.00e+00	0.00e+00	0.00e+00	6.86e-01	4.33e-07	2.82e-07
 7.47170e+22	6.97e-01	3.03e-01	8.13e-04	1.51e-06	0.00e+00	0.00e+00	0.00e+00	0.00e+00	0.00e+00	6.97e-01	4.30e-07	2.80e-07
 7.47397e+22	7.08e-01	2.92e-01	7.31e-04	1.43e-06	0.00e+00	0.00e+00	0.00e+00	0.00e+00	0.00e+00	7.08e-01	4.27e-07	2.78e-07
 7.47620e+22	7.18e-01	2.81e-01	6.59e-04	1.35e-06	0.00e+00	0.00e+00	0.00e+00	0.00e+00	0.00e+00	7.18e-01	4.24e-07	2.75e-07
 7.47845e+22	7.28e-01	2.72e-01	5.93e-04	1.27e-06	0.00e+00	0.00e+00	0.00e+00	0.00e+00	0.00e+00	7.28e-01	4.20e-07	2.73e-07
 7.48078e+22	7.38e-01	2.62e-01	5.33e-04	1.20e-06	0.00e+00	0.00e+00	0.00e+00	0.00e+00	0.00e+00	7.38e-01	4.17e-07	2.71e-07
 7.48318e+22	7.48e-01	2.52e-01	4.78e-04	1.13e-06	0.00e+00	0.00e+00	0.00e+00	0.00e+00	0.00e+00	7.48e-01	4.13e-07	2.68e-07
 7.48558e+22	7.57e-01	2.42e-01	4.29e-04	1.07e-06	0.00e+00	0.00e+00	0.00e+00	0.00e+00	0.00e+00	7.57e-01	4.08e-07	2.65e-07
 7.48799e+22	7.66e-01	2.33e-01	3.85e-04	1.01e-06	0.00e+00	0.00e+00	0.00e+00	0.00e+00	0.00e+00	7.66e-01	4.04e-07	2.62e-07
 7.49048e+22	7.75e-01	2.24e-01	3.45e-04	9.53e-07	0.00e+00	0.00e+00	0.00e+00	0.00e+00	0.00e+00	7.75e-01	4.00e-07	2.59e-07
 7.49303e+22	7.84e-01	2.16e-01	3.09e-04	8.99e-07	0.00e+00	0.00e+00	0.00e+00	0.00e+00	0.00e+00	7.84e-01	3.95e-07	2.56e-07
 7.49562e+22	7.92e-01	2.07e-01	2.77e-04	8.50e-07	0.00e+00	0.00e+00	0.00e+00	0.00e+00	0.00e+00	7.92e-01	3.91e-07	2.53e-07
 7.49827e+22	8.01e-01	1.99e-01	2.48e-04	8.03e-07	0.00e+00	0.00e+00	0.00e+00	0.00e+00	0.00e+00	8.01e-01	3.86e-07	2.50e-07
 7.50100e+22	8.09e-01	1.91e-01	2.22e-04	7.58e-07	0.00e+00	0.00e+00	0.00e+00	0.00e+00	0.00e+00	8.09e-01	3.81e-07	2.46e-07
 7.50376e+22	8.16e-01	1.83e-01	1.99e-04	7.16e-07	0.00e+00	0.00e+00	0.00e+00	0.00e+00	0.00e+00	8.16e-01	3.76e-07	2.43e-07
 7.50653e+22	8.24e-01	1.76e-01	1.79e-04	6.78e-07	0.00e+00	0.00e+00	0.00e+00	0.00e+00	0.00e+00	8.24e-01	3.71e-07	2.40e-07
 7.50941e+22	8.31e-01	1.69e-01	1.61e-04	6.41e-07	0.00e+00	0.00e+00	0.00e+00	0.00e+00	0.00e+00	8.31e-01	3.66e-07	2.36e-07
 7.51244e+22	8.38e-01	1.62e-01	1.45e-04	6.05e-07	0.00e+00	0.00e+00	0.00e+00	0.00e+00	0.00e+00	8.38e-01	3.61e-07	2.33e-07
 7.51554e+22	8.45e-01	1.55e-01	1.30e-04	5.73e-07	0.00e+00	0.00e+00	0.00e+00	0.00e+00	0.00e+00	8.44e-01	3.56e-07	2.30e-07
 7.51866e+22	8.51e-01	1.49e-01	1.18e-04	5.42e-07	0.00e+00	0.00e+00	0.00e+00	0.00e+00	0.00e+00	8.51e-01	3.52e-07	2.26e-07
 7.52185e+22	8.56e-01	1.43e-01	1.07e-04	5.15e-07	0.00e+00	0.00e+00	0.00e+00	0.00e+00	0.00e+00	8.56e-01	3.47e-07	2.23e-07
 7.52514e+22	8.62e-01	1.38e-01	9.73e-05	4.88e-07	0.00e+00	0.00e+00	0.00e+00	0.00e+00	0.00e+00	8.62e-01	3.42e-07	2.19e-07
 7.52856e+22	8.68e-01	1.32e-01	8.89e-05	4.64e-07	0.00e+00	0.00e+00	0.00e+00	0.00e+00	0.00e+00	8.68e-01	3.37e-07	2.15e-07
 7.53206e+22	8.73e-01	1.27e-01	8.15e-05	4.40e-07	0.00e+00	0.00e+00	0.00e+00	0.00e+00	0.00e+00	8.73e-01	3.33e-07	2.11e-07
 7.53561e+22	8.78e-01	1.22e-01	7.53e-05	4.20e-07	0.00e+00	0.00e+00	0.00e+00	0.00e+00	0.00e+00	8.78e-01	3.28e-07	2.07e-07
 7.53929e+22	8.82e-01	1.18e-01	6.98e-05	4.00e-07	0.00e+00	0.00e+00	0.00e+00	0.00e+00	0.00e+00	8.82e-01	3.24e-07	2.04e-07
 7.54314e+22	8.86e-01	1.14e-01	6.49e-05	3.82e-07	0.00e+00	0.00e+00	0.00e+00	0.00e+00	0.00e+00	8.86e-01	3.20e-07	2.00e-07
 7.54718e+22	8.90e-01	1.09e-01	6.06e-05	3.64e-07	0.00e+00	0.00e+00	0.00e+00	0.00e+00	0.00e+00	8.90e-01	3.16e-07	1.97e-07
 7.55142e+22	8.94e-01	1.06e-01	5.69e-05	3.48e-07	0.00e+00	0.00e+00	0.00e+00	0.00e+00	0.00e+00	8.94e-01	3.13e-07	1.94e-07
 7.55587e+22	8.98e-01	1.02e-01	5.37e-05	3.33e-07	0.00e+00	0.00e+00	0.00e+00	0.00e+00	0.00e+00	8.98e-01	3.10e-07	1.91e-07
 7.56062e+22	9.01e-01	9.87e-02	5.08e-05	3.19e-07	0.00e+00	0.00e+00	0.00e+00	0.00e+00	0.00e+00	9.01e-01	3.07e-07	1.88e-07
 7.56577e+22	9.05e-01	9.53e-02	4.83e-05	3.04e-07	0.00e+00	0.00e+00	0.00e+00	0.00e+00	0.00e+00	9.05e-01	3.04e-07	1.85e-07
 7.57133e+22	9.08e-01	9.21e-02	4.60e-05	2.91e-07	0.00e+00	0.00e+00	0.00e+00	0.00e+00	0.00e+00	9.08e-01	3.01e-07	1.82e-07
 7.57733e+22	9.11e-01	8.91e-02	4.40e-05	2.79e-07	0.00e+00	0.00e+00	0.00e+00	0.00e+00	0.00e+00	9.11e-01	2.99e-07	1.80e-07
 7.58378e+22	9.14e-01	8.62e-02	4.23e-05	2.66e-07	0.00e+00	0.00e+00	0.00e+00	0.00e+00	0.00e+00	9.14e-01	2.97e-07	1.78e-07
 7.59050e+22	9.16e-01	8.36e-02	4.09e-05	2.56e-07	0.00e+00	0.00e+00	0.00e+00	0.00e+00	0.00e+00	9.16e-01	2.95e-07	1.76e-07
 7.59732e+22	9.19e-01	8.11e-02	3.97e-05	2.45e-07	0.00e+00	0.00e+00	0.00e+00	0.00e+00	0.00e+00	9.19e-01	2.94e-07	1.74e-07
 7.60412e+22	9.21e-01	7.89e-02	3.86e-05	2.36e-07	0.00e+00	0.00e+00	0.00e+00	0.00e+00	0.00e+00	9.21e-01	2.93e-07	1.72e-07
 7.61094e+22	9.23e-01	7.69e-02	3.78e-05	2.28e-07	0.00e+00	0.00e+00	0.00e+00	0.00e+00	0.00e+00	9.23e-01	2.92e-07	1.71e-07
 7.61796e+22	9.25e-01	7.50e-02	3.70e-05	2.20e-07	0.00e+00	0.00e+00	0.00e+00	0.00e+00	0.00e+00	9.25e-01	2.91e-07	1.70e-07
 7.62517e+22	9.27e-01	7.31e-02	3.62e-05	2.12e-07	0.00e+00	0.00e+00	0.00e+00	0.00e+00	0.00e+00	9.27e-01	2.90e-07	1.68e-07
 7.63239e+22	9.29e-01	7.12e-02	3.56e-05	2.04e-07	0.00e+00	0.00e+00	0.00e+00	0.00e+00	0.00e+00	9.29e-01	2.89e-07	1.67e-07
 7.63929e+22	9.30e-01	6.96e-02	3.50e-05	1.98e-07	0.00e+00	0.00e+00	0.00e+00	0.00e+00	0.00e+00	9.30e-01	2.89e-07	1.66e-07
 7.64611e+22	9.32e-01	6.80e-02	3.45e-05	1.91e-07	0.00e+00	0.00e+00	0.00e+00	0.00e+00	0.00e+00	9.32e-01	2.88e-07	1.65e-07
 7.65303e+22	9.34e-01	6.64e-02	3.40e-05	1.85e-07	0.00e+00	0.00e+00	0.00e+00	0.00e+00	0.00e+00	9.34e-01	2.88e-07	1.64e-07
 7.65982e+22	9.35e-01	6.49e-02	3.35e-05	1.79e-07	0.00e+00	0.00e+00	0.00e+00	0.00e+00	0.00e+00	9.35e-01	2.87e-07	1.63e-07
 7.66644e+22	9.37e-01	6.34e-02	3.31e-05	1.74e-07	0.00e+00	0.00e+00	0.00e+00	0.00e+00	0.00e+00	9.37e-01	2.87e-07	1.63e-07
 7.67288e+22	9.38e-01	6.20e-02	3.27e-05	1.68e-07	0.00e+00	0.00e+00	0.00e+00	0.00e+00	0.00e+00	9.38e-01	2.87e-07	1.62e-07
 7.67917e+22	9.39e-01	6.07e-02	3.24e-05	1.63e-07	0.00e+00	0.00e+00	0.00e+00	0.00e+00	0.00e+00	9.39e-01	2.87e-07	1.61e-07
 7.68528e+22	9.41e-01	5.93e-02	3.20e-05	1.59e-07	0.00e+00	0.00e+00	0.00e+00	0.00e+00	0.00e+00	9.41e-01	2.86e-07	1.60e-07
 7.69120e+22	9.42e-01	5.81e-02	3.17e-05	1.54e-07	0.00e+00	0.00e+00	0.00e+00	0.00e+00	0.00e+00	9.42e-01	2.86e-07	1.60e-07
 7.69694e+22	9.43e-01	5.69e-02	3.15e-05	1.50e-07	0.00e+00	0.00e+00	0.00e+00	0.00e+00	0.00e+00	9.43e-01	2.86e-07	1.59e-07
 7.70249e+22	9.44e-01	5.57e-02	3.12e-05	1.46e-07	0.00e+00	0.00e+00	0.00e+00	0.00e+00	0.00e+00	9.44e-01	2.86e-07	1.58e-07
 7.70789e+22	9.45e-01	5.46e-02	3.09e-05	1.42e-07	0.00e+00	0.00e+00	0.00e+00	0.00e+00	0.00e+00	9.45e-01	2.85e-07	1.58e-07
 7.71311e+22	9.47e-01	5.35e-02	3.07e-05	1.38e-07	0.00e+00	0.00e+00	0.00e+00	0.00e+00	0.00e+00	9.47e-01	2.85e-07	1.57e-07
 7.71807e+22	9.48e-01	5.24e-02	3.05e-05	1.35e-07	0.00e+00	0.00e+00	0.00e+00	0.00e+00	0.00e+00	9.48e-01	2.85e-07	1.57e-07
 7.72264e+22	9.48e-01	5.15e-02	3.03e-05	1.32e-07	0.00e+00	0.00e+00	0.00e+00	0.00e+00	0.00e+00	9.48e-01	2.84e-07	1.56e-07
 7.72680e+22	9.49e-01	5.07e-02	3.01e-05	1.29e-07	0.00e+00	0.00e+00	0.00e+00	0.00e+00	0.00e+00	9.49e-01	2.84e-07	1.55e-07
 7.73058e+22	9.50e-01	4.99e-02	3.00e-05	1.27e-07	0.00e+00	0.00e+00	0.00e+00	0.00e+00	0.00e+00	9.50e-01	2.84e-07	1.55e-07
 7.73403e+22	9.51e-01	4.92e-02	2.99e-05	1.25e-07	0.00e+00	0.00e+00	0.00e+00	0.00e+00	0.00e+00	9.51e-01	2.83e-07	1.54e-07
 7.73716e+22	9.51e-01	4.86e-02	2.97e-05	0.00e+00	0.00e+00	0.00e+00	0.00e+00	0.00e+00	0.00e+00	9.51e-01	2.83e-07	1.54e-07
 7.74001e+22	9.52e-01	4.81e-02	2.96e-05	0.00e+00	0.00e+00	0.00e+00	0.00e+00	0.00e+00	0.00e+00	9.52e-01	2.83e-07	1.53e-07
 7.74261e+22	9.52e-01	4.75e-02	2.96e-05	0.00e+00	0.00e+00	0.00e+00	0.00e+00	0.00e+00	0.00e+00	9.52e-01	2.82e-07	1.53e-07
 7.74497e+22	9.53e-01	4.72e-02	2.95e-05	0.00e+00	0.00e+00	0.00e+00	0.00e+00	0.00e+00	0.00e+00	9.53e-01	2.82e-07	1.53e-07
 7.74756e+22	9.53e-01	4.65e-02	2.93e-05	0.00e+00	0.00e+00	0.00e+00	0.00e+00	0.00e+00	0.00e+00	9.53e-01	2.81e-07	1.52e-07
 7.75092e+22	9.54e-01	4.57e-02	2.91e-05	0.00e+00	0.00e+00	0.00e+00	0.00e+00	0.00e+00	0.00e+00	9.54e-01	2.80e-07	1.52e-07
 7.75455e+22	9.55e-01	4.48e-02	2.89e-05	0.00e+00	0.00e+00	0.00e+00	0.00e+00	0.00e+00	0.00e+00	9.55e-01	2.79e-07	1.51e-07
 7.75785e+22	9.56e-01	4.41e-02	2.88e-05	0.00e+00	0.00e+00	0.00e+00	0.00e+00	0.00e+00	0.00e+00	9.56e-01	2.78e-07	1.51e-07
 7.76086e+22	9.56e-01	4.36e-02	2.86e-05	0.00e+00	0.00e+00	0.00e+00	0.00e+00	0.00e+00	0.00e+00	9.56e-01	2.77e-07	1.50e-07
 7.76360e+22	9.57e-01	4.31e-02	2.85e-05	0.00e+00	0.00e+00	0.00e+00	0.00e+00	0.00e+00	0.00e+00	9.57e-01	2.76e-07	1.50e-07
 7.76609e+22	9.57e-01	4.26e-02	2.84e-05	0.00e+00	0.00e+00	0.00e+00	0.00e+00	0.00e+00	0.00e+00	9.57e-01	2.75e-07	1.50e-07
 7.76882e+22	9.58e-01	4.20e-02	2.82e-05	0.00e+00	0.00e+00	0.00e+00	0.00e+00	0.00e+00	0.00e+00	9.58e-01	2.74e-07	1.49e-07
 7.77176e+22	9.59e-01	4.13e-02	2.81e-05	0.00e+00	0.00e+00	0.00e+00	0.00e+00	0.00e+00	0.00e+00	9.59e-01	2.73e-07	1.48e-07
 7.77444e+22	9.59e-01	4.09e-02	2.79e-05	0.00e+00	0.00e+00	0.00e+00	0.00e+00	0.00e+00	0.00e+00	9.59e-01	2.72e-07	1.48e-07
 7.77738e+22	9.60e-01	4.03e-02	2.77e-05	0.00e+00	0.00e+00	0.00e+00	0.00e+00	0.00e+00	0.00e+00	9.60e-01	2.72e-07	1.48e-07
 7.78055e+22	9.60e-01	3.98e-02	2.75e-05	0.00e+00	0.00e+00	0.00e+00	0.00e+00	0.00e+00	0.00e+00	9.60e-01	2.71e-07	1.48e-07
 7.78403e+22	9.61e-01	3.91e-02	2.73e-05	0.00e+00	0.00e+00	0.00e+00	0.00e+00	0.00e+00	0.00e+00	9.61e-01	2.71e-07	1.47e-07
 7.78778e+22	9.62e-01	3.84e-02	2.71e-05	0.00e+00	0.00e+00	0.00e+00	0.00e+00	0.00e+00	0.00e+00	9.62e-01	2.70e-07	1.47e-07
 7.79119e+22	9.62e-01	3.79e-02	2.69e-05	0.00e+00	0.00e+00	0.00e+00	0.00e+00	0.00e+00	0.00e+00	9.62e-01	2.70e-07	1.47e-07
 7.79493e+22	9.63e-01	3.72e-02	2.66e-05	0.00e+00	0.00e+00	0.00e+00	0.00e+00	0.00e+00	0.00e+00	9.63e-01	2.69e-07	1.47e-07
 7.79897e+22	9.64e-01	3.65e-02	2.63e-05	0.00e+00	0.00e+00	0.00e+00	0.00e+00	0.00e+00	0.00e+00	9.64e-01	2.69e-07	1.46e-07
 7.80265e+22	9.64e-01	3.60e-02	2.61e-05	0.00e+00	0.00e+00	0.00e+00	0.00e+00	0.00e+00	0.00e+00	9.64e-01	2.68e-07	1.46e-07
 7.80599e+22	9.64e-01	3.55e-02	2.59e-05	0.00e+00	0.00e+00	0.00e+00	0.00e+00	0.00e+00	0.00e+00	9.64e-01	2.68e-07	1.46e-07
 7.80903e+22	9.65e-01	3.51e-02	2.57e-05	0.00e+00	0.00e+00	0.00e+00	0.00e+00	0.00e+00	0.00e+00	9.65e-01	2.68e-07	1.45e-07
 7.81237e+22	9.65e-01	3.45e-02	2.55e-05	0.00e+00	0.00e+00	0.00e+00	0.00e+00	0.00e+00	0.00e+00	9.65e-01	2.67e-07	1.45e-07
