#depth	O	O+	O+2	O+3	O+4	O+5	O+6	O+7	O+8	O[1]	O[2]	O[3]
 4.62852e+21	0.00e+00	7.25e-27	2.36e-21	6.35e-17	4.67e-13	1.53e-09	1.37e-05	7.53e-03	9.92e-01	0.00e+00	0.00e+00	0.00e+00
 1.05693e+22	1.26e-32	8.54e-26	1.96e-20	3.78e-16	1.99e-12	4.64e-09	2.86e-05	1.08e-02	9.89e-01	0.00e+00	0.00e+00	0.00e+00
 1.27604e+22	8.62e-32	4.57e-25	8.27e-20	1.26e-15	5.27e-12	9.72e-09	4.71e-05	1.39e-02	9.86e-01	0.00e+00	0.00e+00	0.00e+00
 1.43425e+22	4.26e-31	1.83e-24	2.71e-19	3.40e-15	1.17e-11	1.76e-08	7.11e-05	1.71e-02	9.83e-01	0.00e+00	0.00e+00	0.00e+00
 1.52214e+22	6.45e-31	2.62e-24	3.68e-19	4.39e-15	1.43e-11	2.05e-08	7.90e-05	1.80e-02	9.82e-01	0.00e+00	0.00e+00	0.00e+00
 1.54976e+22	8.29e-31	3.26e-24	4.43e-19	5.12e-15	1.62e-11	2.24e-08	8.42e-05	1.86e-02	9.81e-01	0.00e+00	0.00e+00	0.00e+00
 1.57285e+22	1.14e-30	4.29e-24	5.59e-19	6.22e-15	1.88e-11	2.51e-08	9.12e-05	1.94e-02	9.81e-01	0.00e+00	0.00e+00	0.00e+00
 1.59631e+22	1.46e-30	5.34e-24	6.73e-19	7.25e-15	2.13e-11	2.75e-08	9.72e-05	2.00e-02	9.80e-01	0.00e+00	0.00e+00	0.00e+00
 1.62023e+22	1.98e-30	6.94e-24	8.40e-19	8.72e-15	2.47e-11	3.06e-08	1.05e-04	2.08e-02	9.79e-01	0.00e+00	0.00e+00	0.00e+00
 1.64546e+22	2.67e-30	8.96e-24	1.04e-18	1.04e-14	2.84e-11	3.40e-08	1.13e-04	2.16e-02	9.78e-01	0.00e+00	0.00e+00	0.00e+00
 1.66692e+22	3.45e-30	1.12e-23	1.26e-18	1.22e-14	3.21e-11	3.71e-08	1.20e-04	2.23e-02	9.78e-01	0.00e+00	0.00e+00	0.00e+00
 1.68632e+22	4.34e-30	1.37e-23	1.49e-18	1.40e-14	3.59e-11	4.03e-08	1.28e-04	2.30e-02	9.77e-01	0.00e+00	0.00e+00	0.00e+00
 1.70850e+22	5.93e-30	1.79e-23	1.87e-18	1.69e-14	4.16e-11	4.48e-08	1.38e-04	2.39e-02	9.76e-01	0.00e+00	0.00e+00	0.00e+00
 1.73137e+22	7.80e-30	2.27e-23	2.29e-18	2.00e-14	4.74e-11	4.92e-08	1.47e-04	2.47e-02	9.75e-01	0.00e+00	0.00e+00	0.00e+00
 1.75164e+22	1.02e-29	2.85e-23	2.78e-18	2.35e-14	5.37e-11	5.39e-08	1.57e-04	2.56e-02	9.74e-01	0.00e+00	0.00e+00	0.00e+00
 1.77448e+22	1.42e-29	3.80e-23	3.55e-18	2.87e-14	6.29e-11	6.04e-08	1.70e-04	2.67e-02	9.73e-01	0.00e+00	0.00e+00	0.00e+00
 1.79768e+22	1.87e-29	4.82e-23	4.33e-18	3.39e-14	7.16e-11	6.63e-08	1.82e-04	2.76e-02	9.72e-01	0.00e+00	0.00e+00	0.00e+00
 1.81765e+22	2.45e-29	6.08e-23	5.28e-18	3.98e-14	8.13e-11	7.26e-08	1.95e-04	2.85e-02	9.71e-01	0.00e+00	0.00e+00	0.00e+00
 1.83669e+22	3.13e-29	7.52e-23	6.32e-18	4.62e-14	9.14e-11	7.89e-08	2.07e-04	2.94e-02	9.70e-01	0.00e+00	0.00e+00	0.00e+00
 1.85821e+22	4.32e-29	9.91e-23	7.98e-18	5.60e-14	1.06e-10	8.79e-08	2.23e-04	3.06e-02	9.69e-01	0.00e+00	0.00e+00	0.00e+00
 1.88033e+22	5.78e-29	1.27e-22	9.85e-18	6.66e-14	1.21e-10	9.67e-08	2.39e-04	3.17e-02	9.68e-01	0.00e+00	0.00e+00	0.00e+00
 1.89966e+22	7.49e-29	1.59e-22	1.19e-17	7.79e-14	1.37e-10	1.06e-07	2.55e-04	3.27e-02	9.67e-01	0.00e+00	0.00e+00	0.00e+00
 1.92119e+22	1.05e-28	2.12e-22	1.52e-17	9.52e-14	1.61e-10	1.18e-07	2.76e-04	3.41e-02	9.66e-01	0.00e+00	0.00e+00	0.00e+00
 1.94271e+22	1.39e-28	2.71e-22	1.86e-17	1.13e-13	1.83e-10	1.30e-07	2.95e-04	3.52e-02	9.64e-01	0.00e+00	0.00e+00	0.00e+00
 1.96103e+22	1.78e-28	3.37e-22	2.24e-17	1.31e-13	2.06e-10	1.41e-07	3.13e-04	3.63e-02	9.63e-01	0.00e+00	0.00e+00	0.00e+00
 1.98166e+22	2.48e-28	4.47e-22	2.85e-17	1.60e-13	2.40e-10	1.57e-07	3.39e-04	3.78e-02	9.62e-01	0.00e+00	0.00e+00	0.00e+00
 2.00272e+22	3.31e-28	5.73e-22	3.51e-17	1.90e-13	2.75e-10	1.73e-07	3.62e-04	3.91e-02	9.61e-01	0.00e+00	0.00e+00	0.00e+00
 2.02112e+22	4.31e-28	7.20e-22	4.26e-17	2.23e-13	3.11e-10	1.89e-07	3.86e-04	4.04e-02	9.59e-01	0.00e+00	0.00e+00	0.00e+00
 2.04182e+22	6.02e-28	9.61e-22	5.44e-17	2.73e-13	3.64e-10	2.11e-07	4.18e-04	4.20e-02	9.58e-01	0.00e+00	0.00e+00	0.00e+00
 2.06320e+22	8.14e-28	1.25e-21	6.78e-17	3.27e-13	4.19e-10	2.33e-07	4.48e-04	4.35e-02	9.56e-01	0.00e+00	0.00e+00	0.00e+00
 2.08214e+22	1.08e-27	1.59e-21	8.34e-17	3.88e-13	4.79e-10	2.56e-07	4.79e-04	4.50e-02	9.55e-01	0.00e+00	0.00e+00	0.00e+00
 2.10052e+22	1.43e-27	2.03e-21	1.02e-16	4.59e-13	5.46e-10	2.82e-07	5.11e-04	4.65e-02	9.53e-01	0.00e+00	0.00e+00	0.00e+00
 2.12152e+22	2.03e-27	2.75e-21	1.32e-16	5.67e-13	6.44e-10	3.16e-07	5.55e-04	4.84e-02	9.51e-01	0.00e+00	0.00e+00	0.00e+00
 2.14315e+22	2.83e-27	3.66e-21	1.69e-16	6.93e-13	7.52e-10	3.53e-07	5.98e-04	5.03e-02	9.49e-01	0.00e+00	0.00e+00	0.00e+00
 2.16192e+22	3.76e-27	4.67e-21	2.07e-16	8.22e-13	8.59e-10	3.88e-07	6.39e-04	5.19e-02	9.47e-01	0.00e+00	0.00e+00	0.00e+00
 2.18260e+22	5.35e-27	6.34e-21	2.69e-16	1.02e-12	1.01e-09	4.36e-07	6.93e-04	5.41e-02	9.45e-01	0.00e+00	0.00e+00	0.00e+00
 2.20334e+22	7.15e-27	8.14e-21	3.32e-16	1.21e-12	1.16e-09	4.81e-07	7.41e-04	5.59e-02	9.43e-01	0.00e+00	0.00e+00	0.00e+00
 2.22120e+22	9.68e-27	1.06e-20	4.14e-16	1.46e-12	1.34e-09	5.31e-07	7.93e-04	5.78e-02	9.41e-01	0.00e+00	0.00e+00	0.00e+00
 2.23856e+22	1.27e-26	1.34e-20	5.06e-16	1.72e-12	1.52e-09	5.82e-07	8.45e-04	5.96e-02	9.40e-01	0.00e+00	0.00e+00	0.00e+00
 2.25488e+22	1.65e-26	1.67e-20	6.12e-16	2.01e-12	1.72e-09	6.35e-07	8.96e-04	6.13e-02	9.38e-01	0.00e+00	0.00e+00	0.00e+00
 2.27033e+22	2.17e-26	2.12e-20	7.48e-16	2.37e-12	1.96e-09	6.94e-07	9.51e-04	6.32e-02	9.36e-01	0.00e+00	0.00e+00	0.00e+00
 2.28537e+22	2.77e-26	2.62e-20	8.96e-16	2.76e-12	2.20e-09	7.54e-07	1.01e-03	6.49e-02	9.34e-01	0.00e+00	0.00e+00	0.00e+00
 2.29944e+22	3.53e-26	3.23e-20	1.07e-15	3.19e-12	2.46e-09	8.16e-07	1.06e-03	6.66e-02	9.32e-01	0.00e+00	0.00e+00	0.00e+00
 2.31261e+22	4.44e-26	3.95e-20	1.27e-15	3.67e-12	2.74e-09	8.80e-07	1.12e-03	6.83e-02	9.31e-01	0.00e+00	0.00e+00	0.00e+00
 2.32745e+22	5.91e-26	5.05e-20	1.56e-15	4.36e-12	3.14e-09	9.68e-07	1.19e-03	7.04e-02	9.28e-01	0.00e+00	0.00e+00	0.00e+00
 2.34198e+22	7.40e-26	6.15e-20	1.84e-15	5.00e-12	3.49e-09	1.04e-06	1.25e-03	7.21e-02	9.27e-01	0.00e+00	0.00e+00	0.00e+00
 2.35402e+22	9.26e-26	7.46e-20	2.18e-15	5.73e-12	3.88e-09	1.12e-06	1.31e-03	7.38e-02	9.25e-01	0.00e+00	0.00e+00	0.00e+00
 2.36759e+22	1.22e-25	9.48e-20	2.67e-15	6.78e-12	4.42e-09	1.23e-06	1.39e-03	7.60e-02	9.23e-01	0.00e+00	0.00e+00	0.00e+00
 2.38078e+22	1.52e-25	1.15e-19	3.13e-15	7.75e-12	4.89e-09	1.32e-06	1.46e-03	7.77e-02	9.21e-01	0.00e+00	0.00e+00	0.00e+00
 2.39160e+22	1.87e-25	1.37e-19	3.65e-15	8.79e-12	5.40e-09	1.41e-06	1.53e-03	7.94e-02	9.19e-01	0.00e+00	0.00e+00	0.00e+00
 2.40379e+22	2.41e-25	1.71e-19	4.40e-15	1.03e-11	6.08e-09	1.54e-06	1.61e-03	8.15e-02	9.17e-01	0.00e+00	0.00e+00	0.00e+00
 2.41638e+22	3.06e-25	2.10e-19	5.24e-15	1.19e-11	6.79e-09	1.66e-06	1.70e-03	8.35e-02	9.15e-01	0.00e+00	0.00e+00	0.00e+00
 2.42737e+22	3.77e-25	2.52e-19	6.11e-15	1.35e-11	7.49e-09	1.78e-06	1.77e-03	8.53e-02	9.13e-01	0.00e+00	0.00e+00	0.00e+00
 2.43954e+22	4.92e-25	3.17e-19	7.44e-15	1.58e-11	8.49e-09	1.94e-06	1.88e-03	8.76e-02	9.10e-01	0.00e+00	0.00e+00	0.00e+00
 2.45141e+22	6.05e-25	3.79e-19	8.65e-15	1.79e-11	9.35e-09	2.08e-06	1.96e-03	8.95e-02	9.09e-01	0.00e+00	0.00e+00	0.00e+00
 2.46133e+22	7.50e-25	4.57e-19	1.01e-14	2.04e-11	1.03e-08	2.23e-06	2.05e-03	9.14e-02	9.07e-01	0.00e+00	0.00e+00	0.00e+00
 2.47105e+22	9.13e-25	5.42e-19	1.17e-14	2.30e-11	1.13e-08	2.37e-06	2.14e-03	9.32e-02	9.05e-01	0.00e+00	0.00e+00	0.00e+00
 2.48210e+22	1.19e-24	6.83e-19	1.43e-14	2.71e-11	1.28e-08	2.59e-06	2.26e-03	9.56e-02	9.02e-01	0.00e+00	0.00e+00	0.00e+00
 2.49330e+22	1.50e-24	8.35e-19	1.69e-14	3.12e-11	1.43e-08	2.79e-06	2.37e-03	9.78e-02	9.00e-01	0.00e+00	0.00e+00	0.00e+00
 2.50297e+22	1.83e-24	9.92e-19	1.96e-14	3.52e-11	1.57e-08	2.97e-06	2.47e-03	9.97e-02	8.98e-01	0.00e+00	0.00e+00	0.00e+00
 2.51381e+22	2.45e-24	1.28e-18	2.43e-14	4.19e-11	1.79e-08	3.26e-06	2.61e-03	1.02e-01	8.95e-01	0.00e+00	0.00e+00	0.00e+00
 2.52470e+22	3.06e-24	1.55e-18	2.86e-14	4.80e-11	1.99e-08	3.50e-06	2.73e-03	1.05e-01	8.93e-01	0.00e+00	0.00e+00	0.00e+00
 2.53566e+22	4.10e-24	2.00e-18	3.55e-14	5.73e-11	2.28e-08	3.84e-06	2.90e-03	1.08e-01	8.90e-01	0.00e+00	0.00e+00	0.00e+00
 2.54640e+22	5.10e-24	2.41e-18	4.17e-14	6.55e-11	2.52e-08	4.12e-06	3.03e-03	1.10e-01	8.87e-01	0.00e+00	0.00e+00	0.00e+00
 2.55683e+22	6.91e-24	3.14e-18	5.21e-14	7.86e-11	2.90e-08	4.54e-06	3.22e-03	1.13e-01	8.84e-01	0.00e+00	0.00e+00	0.00e+00
 2.56721e+22	8.53e-24	3.77e-18	6.09e-14	8.94e-11	3.20e-08	4.85e-06	3.36e-03	1.15e-01	8.82e-01	0.00e+00	0.00e+00	0.00e+00
 2.57754e+22	1.17e-23	4.96e-18	7.68e-14	1.08e-10	3.70e-08	5.36e-06	3.57e-03	1.18e-01	8.78e-01	0.00e+00	0.00e+00	0.00e+00
 2.58758e+22	1.44e-23	5.93e-18	8.95e-14	1.23e-10	4.07e-08	5.72e-06	3.72e-03	1.21e-01	8.76e-01	0.00e+00	0.00e+00	0.00e+00
 2.59723e+22	1.95e-23	7.73e-18	1.12e-13	1.47e-10	4.68e-08	6.29e-06	3.94e-03	1.24e-01	8.72e-01	0.00e+00	0.00e+00	0.00e+00
 2.60694e+22	2.43e-23	9.33e-18	1.32e-13	1.68e-10	5.18e-08	6.74e-06	4.12e-03	1.26e-01	8.69e-01	0.00e+00	0.00e+00	0.00e+00
 2.61672e+22	3.34e-23	1.23e-17	1.66e-13	2.04e-10	5.99e-08	7.45e-06	4.38e-03	1.30e-01	8.66e-01	0.00e+00	0.00e+00	0.00e+00
 2.62652e+22	4.20e-23	1.50e-17	1.97e-13	2.35e-10	6.66e-08	8.01e-06	4.58e-03	1.33e-01	8.63e-01	0.00e+00	0.00e+00	0.00e+00
 2.63636e+22	5.86e-23	2.01e-17	2.52e-13	2.87e-10	7.75e-08	8.87e-06	4.88e-03	1.37e-01	8.58e-01	0.00e+00	0.00e+00	0.00e+00
 2.64626e+22	7.47e-23	2.48e-17	3.01e-13	3.32e-10	8.67e-08	9.57e-06	5.11e-03	1.40e-01	8.55e-01	0.00e+00	0.00e+00	0.00e+00
 2.65623e+22	1.03e-22	3.28e-17	3.83e-13	4.04e-10	1.01e-07	1.06e-05	5.44e-03	1.44e-01	8.51e-01	0.00e+00	0.00e+00	0.00e+00
 2.66614e+22	1.33e-22	4.08e-17	4.60e-13	4.70e-10	1.13e-07	1.15e-05	5.71e-03	1.47e-01	8.48e-01	0.00e+00	0.00e+00	0.00e+00
 2.67598e+22	1.85e-22	5.45e-17	5.88e-13	5.74e-10	1.31e-07	1.27e-05	6.08e-03	1.51e-01	8.43e-01	0.00e+00	0.00e+00	0.00e+00
 2.68593e+22	2.41e-22	6.84e-17	7.13e-13	6.72e-10	1.48e-07	1.38e-05	6.40e-03	1.54e-01	8.39e-01	0.00e+00	0.00e+00	0.00e+00
 2.69603e+22	3.41e-22	9.24e-17	9.20e-13	8.28e-10	1.73e-07	1.54e-05	6.84e-03	1.59e-01	8.34e-01	0.00e+00	0.00e+00	0.00e+00
 2.70625e+22	4.47e-22	1.17e-16	1.12e-12	9.76e-10	1.97e-07	1.67e-05	7.20e-03	1.63e-01	8.30e-01	0.00e+00	0.00e+00	0.00e+00
 2.71665e+22	6.41e-22	1.60e-16	1.46e-12	1.21e-09	2.32e-07	1.87e-05	7.71e-03	1.68e-01	8.24e-01	0.00e+00	0.00e+00	0.00e+00
 2.72710e+22	8.44e-22	2.03e-16	1.79e-12	1.43e-09	2.63e-07	2.04e-05	8.13e-03	1.72e-01	8.20e-01	0.00e+00	0.00e+00	0.00e+00
 2.73761e+22	1.21e-21	2.78e-16	2.34e-12	1.78e-09	3.11e-07	2.28e-05	8.72e-03	1.77e-01	8.14e-01	0.00e+00	0.00e+00	0.00e+00
 2.74788e+22	1.57e-21	3.47e-16	2.83e-12	2.08e-09	3.49e-07	2.47e-05	9.16e-03	1.81e-01	8.10e-01	0.00e+00	0.00e+00	0.00e+00
 2.75783e+22	2.19e-21	4.64e-16	3.62e-12	2.54e-09	4.07e-07	2.75e-05	9.78e-03	1.86e-01	8.04e-01	0.00e+00	0.00e+00	0.00e+00
 2.76797e+22	2.86e-21	5.84e-16	4.40e-12	2.99e-09	4.61e-07	2.99e-05	1.03e-02	1.91e-01	7.99e-01	0.00e+00	0.00e+00	0.00e+00
 2.77836e+22	4.03e-21	7.86e-16	5.66e-12	3.68e-09	5.39e-07	3.33e-05	1.10e-02	1.96e-01	7.93e-01	0.00e+00	0.00e+00	0.00e+00
 2.78893e+22	5.25e-21	9.89e-16	6.88e-12	4.31e-09	6.10e-07	3.62e-05	1.16e-02	2.01e-01	7.88e-01	0.00e+00	0.00e+00	0.00e+00
 2.79970e+22	7.39e-21	1.33e-15	8.85e-12	5.31e-09	7.15e-07	4.04e-05	1.24e-02	2.07e-01	7.81e-01	0.00e+00	0.00e+00	0.00e+00
 2.81070e+22	9.63e-21	1.67e-15	1.08e-11	6.24e-09	8.09e-07	4.40e-05	1.31e-02	2.11e-01	7.76e-01	0.00e+00	0.00e+00	0.00e+00
 2.82197e+22	1.36e-20	2.26e-15	1.39e-11	7.69e-09	9.51e-07	4.92e-05	1.40e-02	2.17e-01	7.68e-01	0.00e+00	0.00e+00	0.00e+00
 2.83349e+22	1.77e-20	2.84e-15	1.69e-11	9.03e-09	1.08e-06	5.36e-05	1.48e-02	2.22e-01	7.63e-01	0.00e+00	0.00e+00	0.00e+00
 2.84534e+22	2.49e-20	3.82e-15	2.17e-11	1.11e-08	1.27e-06	5.99e-05	1.58e-02	2.29e-01	7.55e-01	0.00e+00	0.00e+00	0.00e+00
 2.85719e+22	3.21e-20	4.75e-15	2.61e-11	1.30e-08	1.43e-06	6.51e-05	1.66e-02	2.34e-01	7.49e-01	0.00e+00	0.00e+00	0.00e+00
 2.86902e+22	4.45e-20	6.32e-15	3.33e-11	1.59e-08	1.67e-06	7.26e-05	1.78e-02	2.40e-01	7.42e-01	0.00e+00	0.00e+00	0.00e+00
 2.88115e+22	5.74e-20	7.87e-15	4.02e-11	1.85e-08	1.88e-06	7.90e-05	1.87e-02	2.46e-01	7.36e-01	0.00e+00	0.00e+00	0.00e+00
 2.89365e+22	7.99e-20	1.05e-14	5.13e-11	2.27e-08	2.20e-06	8.81e-05	2.00e-02	2.53e-01	7.27e-01	0.00e+00	0.00e+00	0.00e+00
 2.90575e+22	9.94e-20	1.27e-14	6.03e-11	2.59e-08	2.45e-06	9.49e-05	2.10e-02	2.57e-01	7.22e-01	0.00e+00	0.00e+00	0.00e+00
 2.91735e+22	1.33e-19	1.63e-14	7.49e-11	3.11e-08	2.82e-06	1.05e-04	2.23e-02	2.64e-01	7.14e-01	0.00e+00	0.00e+00	0.00e+00
 2.92923e+22	1.67e-19	1.98e-14	8.84e-11	3.57e-08	3.14e-06	1.13e-04	2.33e-02	2.69e-01	7.08e-01	0.00e+00	0.00e+00	0.00e+00
 2.94148e+22	2.25e-19	2.58e-14	1.10e-10	4.29e-08	3.63e-06	1.25e-04	2.48e-02	2.75e-01	7.00e-01	0.00e+00	0.00e+00	0.00e+00
 2.95389e+22	2.80e-19	3.11e-14	1.30e-10	4.91e-08	4.03e-06	1.35e-04	2.60e-02	2.81e-01	6.93e-01	0.00e+00	0.00e+00	0.00e+00
 2.96653e+22	3.77e-19	4.03e-14	1.62e-10	5.91e-08	4.66e-06	1.49e-04	2.77e-02	2.87e-01	6.85e-01	0.00e+00	0.00e+00	0.00e+00
 2.97894e+22	4.59e-19	4.79e-14	1.88e-10	6.68e-08	5.14e-06	1.60e-04	2.89e-02	2.92e-01	6.79e-01	0.00e+00	0.00e+00	0.00e+00
 2.99106e+22	6.05e-19	6.08e-14	2.30e-10	7.93e-08	5.88e-06	1.76e-04	3.06e-02	2.99e-01	6.70e-01	0.00e+00	0.00e+00	0.00e+00
 3.00343e+22	7.40e-19	7.24e-14	2.67e-10	8.99e-08	6.50e-06	1.89e-04	3.19e-02	3.04e-01	6.64e-01	0.00e+00	0.00e+00	0.00e+00
 3.01612e+22	9.74e-19	9.19e-14	3.28e-10	1.07e-07	7.44e-06	2.07e-04	3.38e-02	3.11e-01	6.55e-01	0.00e+00	0.00e+00	0.00e+00
 3.02906e+22	1.20e-18	1.10e-13	3.82e-10	1.21e-07	8.24e-06	2.23e-04	3.53e-02	3.16e-01	6.49e-01	0.00e+00	0.00e+00	0.00e+00
 3.04231e+22	1.58e-18	1.40e-13	4.69e-10	1.44e-07	9.44e-06	2.45e-04	3.75e-02	3.23e-01	6.40e-01	0.00e+00	0.00e+00	0.00e+00
 3.05579e+22	1.94e-18	1.67e-13	5.47e-10	1.64e-07	1.05e-05	2.64e-04	3.91e-02	3.28e-01	6.33e-01	0.00e+00	0.00e+00	0.00e+00
 3.06958e+22	2.55e-18	2.12e-13	6.73e-10	1.95e-07	1.20e-05	2.91e-04	4.15e-02	3.35e-01	6.23e-01	0.00e+00	0.00e+00	0.00e+00
 3.08363e+22	3.14e-18	2.54e-13	7.85e-10	2.22e-07	1.33e-05	3.13e-04	4.34e-02	3.40e-01	6.16e-01	0.00e+00	0.00e+00	0.00e+00
 3.09802e+22	4.14e-18	3.23e-13	9.65e-10	2.63e-07	1.53e-05	3.45e-04	4.60e-02	3.48e-01	6.06e-01	0.00e+00	0.00e+00	0.00e+00
 3.11208e+22	4.97e-18	3.79e-13	1.11e-09	2.95e-07	1.67e-05	3.68e-04	4.78e-02	3.52e-01	5.99e-01	0.00e+00	0.00e+00	0.00e+00
 3.12572e+22	6.45e-18	4.76e-13	1.34e-09	3.48e-07	1.91e-05	4.04e-04	5.05e-02	3.59e-01	5.90e-01	0.00e+00	0.00e+00	0.00e+00
 3.13958e+22	7.75e-18	5.58e-13	1.54e-09	3.90e-07	2.09e-05	4.31e-04	5.25e-02	3.64e-01	5.83e-01	0.00e+00	0.00e+00	0.00e+00
 3.15372e+22	9.96e-18	6.95e-13	1.86e-09	4.57e-07	2.37e-05	4.71e-04	5.54e-02	3.71e-01	5.73e-01	0.00e+00	0.00e+00	0.00e+00
 3.16831e+22	1.22e-17	8.29e-13	2.17e-09	5.20e-07	2.63e-05	5.07e-04	5.78e-02	3.76e-01	5.65e-01	0.00e+00	0.00e+00	0.00e+00
 3.18347e+22	1.57e-17	1.03e-12	2.62e-09	6.09e-07	2.98e-05	5.54e-04	6.10e-02	3.83e-01	5.56e-01	0.00e+00	0.00e+00	0.00e+00
 3.19914e+22	1.94e-17	1.24e-12	3.07e-09	6.96e-07	3.32e-05	5.98e-04	6.38e-02	3.89e-01	5.47e-01	0.00e+00	0.00e+00	0.00e+00
 3.21546e+22	2.52e-17	1.56e-12	3.73e-09	8.21e-07	3.78e-05	6.56e-04	6.74e-02	3.95e-01	5.37e-01	2.52e-17	6.45e-28	6.86e-28
 3.23223e+22	3.14e-17	1.89e-12	4.40e-09	9.42e-07	4.22e-05	7.09e-04	7.06e-02	4.01e-01	5.28e-01	3.14e-17	5.99e-26	7.54e-26
 3.24959e+22	4.11e-17	2.39e-12	5.38e-09	1.12e-06	4.84e-05	7.81e-04	7.46e-02	4.08e-01	5.17e-01	4.11e-17	7.84e-26	9.88e-26
 3.26754e+22	5.17e-17	2.92e-12	6.39e-09	1.29e-06	5.42e-05	8.47e-04	7.82e-02	4.14e-01	5.07e-01	5.17e-17	9.86e-26	1.24e-25
 3.28626e+22	6.86e-17	3.73e-12	7.89e-09	1.54e-06	6.25e-05	9.35e-04	8.29e-02	4.21e-01	4.95e-01	6.86e-17	1.31e-25	1.65e-25
 3.30542e+22	8.67e-17	4.58e-12	9.41e-09	1.78e-06	7.03e-05	1.02e-03	8.70e-02	4.27e-01	4.85e-01	8.67e-17	1.65e-25	2.08e-25
 3.32258e+22	1.08e-16	5.55e-12	1.11e-08	2.05e-06	7.85e-05	1.10e-03	9.10e-02	4.32e-01	4.76e-01	1.08e-16	2.06e-25	2.60e-25
 3.34230e+22	1.46e-16	7.22e-12	1.39e-08	2.48e-06	9.14e-05	1.22e-03	9.68e-02	4.39e-01	4.63e-01	1.46e-16	2.79e-25	3.51e-25
 3.36215e+22	1.82e-16	8.75e-12	1.64e-08	2.84e-06	1.02e-04	1.32e-03	1.01e-01	4.44e-01	4.53e-01	1.82e-16	3.48e-25	4.38e-25
 3.38215e+22	2.45e-16	1.13e-11	2.05e-08	3.42e-06	1.18e-04	1.47e-03	1.07e-01	4.51e-01	4.40e-01	2.45e-16	4.67e-25	5.88e-25
 3.40257e+22	3.10e-16	1.39e-11	2.44e-08	3.97e-06	1.33e-04	1.59e-03	1.12e-01	4.56e-01	4.30e-01	3.10e-16	5.92e-25	7.45e-25
 3.42355e+22	4.19e-16	1.81e-11	3.06e-08	4.80e-06	1.55e-04	1.77e-03	1.19e-01	4.62e-01	4.16e-01	4.19e-16	8.02e-25	1.01e-24
 3.44485e+22	5.35e-16	2.24e-11	3.68e-08	5.60e-06	1.75e-04	1.93e-03	1.25e-01	4.67e-01	4.05e-01	5.35e-16	1.02e-24	1.29e-24
 3.46656e+22	7.34e-16	2.94e-11	4.66e-08	6.84e-06	2.06e-04	2.16e-03	1.33e-01	4.73e-01	3.91e-01	7.34e-16	1.40e-24	1.77e-24
 3.48709e+22	9.02e-16	3.53e-11	5.44e-08	7.79e-06	2.28e-04	2.32e-03	1.39e-01	4.77e-01	3.82e-01	9.02e-16	1.73e-24	2.17e-24
 3.50609e+22	1.19e-15	4.49e-11	6.70e-08	9.29e-06	2.63e-04	2.57e-03	1.46e-01	4.82e-01	3.69e-01	1.19e-15	2.28e-24	2.87e-24
 3.52523e+22	1.46e-15	5.37e-11	7.82e-08	1.06e-05	2.92e-04	2.76e-03	1.52e-01	4.85e-01	3.60e-01	1.46e-15	2.80e-24	3.52e-24
 3.54456e+22	1.94e-15	6.86e-11	9.67e-08	1.27e-05	3.37e-04	3.05e-03	1.61e-01	4.89e-01	3.47e-01	1.94e-15	3.71e-24	4.67e-24
 3.56408e+22	2.40e-15	8.27e-11	1.14e-07	1.45e-05	3.76e-04	3.29e-03	1.68e-01	4.92e-01	3.37e-01	2.40e-15	4.59e-24	5.78e-24
 3.58382e+22	3.18e-15	1.06e-10	1.41e-07	1.74e-05	4.36e-04	3.65e-03	1.77e-01	4.95e-01	3.24e-01	3.18e-15	6.10e-24	7.67e-24
 3.60384e+22	3.95e-15	1.28e-10	1.66e-07	2.00e-05	4.88e-04	3.95e-03	1.84e-01	4.98e-01	3.14e-01	3.95e-15	7.58e-24	9.53e-24
 3.62423e+22	5.28e-15	1.64e-10	2.06e-07	2.41e-05	5.68e-04	4.40e-03	1.95e-01	5.00e-01	3.00e-01	5.28e-15	1.01e-23	1.27e-23
 3.64490e+22	6.58e-15	1.99e-10	2.44e-07	2.78e-05	6.38e-04	4.76e-03	2.03e-01	5.02e-01	2.90e-01	6.58e-15	1.26e-23	1.59e-23
 3.66592e+22	8.78e-15	2.57e-10	3.04e-07	3.36e-05	7.45e-04	5.31e-03	2.15e-01	5.03e-01	2.76e-01	8.78e-15	1.69e-23	2.12e-23
 3.68742e+22	1.11e-14	3.14e-10	3.62e-07	3.91e-05	8.44e-04	5.79e-03	2.24e-01	5.04e-01	2.65e-01	1.11e-14	2.12e-23	2.67e-23
 3.70952e+22	1.48e-14	4.06e-10	4.54e-07	4.76e-05	9.94e-04	6.49e-03	2.37e-01	5.04e-01	2.51e-01	1.48e-14	2.86e-23	3.59e-23
 3.73194e+22	1.87e-14	4.97e-10	5.43e-07	5.55e-05	1.13e-03	7.10e-03	2.48e-01	5.04e-01	2.40e-01	1.87e-14	3.60e-23	4.52e-23
 3.75413e+22	2.47e-14	6.34e-10	6.74e-07	6.71e-05	1.32e-03	7.94e-03	2.62e-01	5.03e-01	2.26e-01	2.47e-14	4.76e-23	5.98e-23
 3.77531e+22	3.01e-14	7.54e-10	7.86e-07	7.68e-05	1.48e-03	8.59e-03	2.72e-01	5.01e-01	2.17e-01	3.01e-14	5.80e-23	7.28e-23
 3.79582e+22	3.87e-14	9.41e-10	9.59e-07	9.15e-05	1.72e-03	9.54e-03	2.86e-01	4.99e-01	2.04e-01	3.87e-14	7.46e-23	9.37e-23
 3.81672e+22	4.71e-14	1.12e-09	1.12e-06	1.05e-04	1.93e-03	1.04e-02	2.97e-01	4.96e-01	1.95e-01	4.71e-14	9.09e-23	1.14e-22
 3.83717e+22	5.91e-14	1.37e-09	1.34e-06	1.24e-04	2.22e-03	1.14e-02	3.11e-01	4.92e-01	1.83e-01	5.91e-14	1.14e-22	1.43e-22
 3.85805e+22	7.17e-14	1.62e-09	1.57e-06	1.42e-04	2.51e-03	1.25e-02	3.23e-01	4.88e-01	1.74e-01	7.17e-14	1.39e-22	1.74e-22
 3.87839e+22	8.77e-14	1.94e-09	1.85e-06	1.66e-04	2.85e-03	1.37e-02	3.36e-01	4.83e-01	1.64e-01	8.77e-14	1.70e-22	2.13e-22
 3.89913e+22	1.06e-13	2.29e-09	2.16e-06	1.91e-04	3.22e-03	1.49e-02	3.49e-01	4.78e-01	1.54e-01	1.06e-13	2.04e-22	2.56e-22
 3.91970e+22	1.27e-13	2.70e-09	2.52e-06	2.20e-04	3.64e-03	1.63e-02	3.63e-01	4.72e-01	1.45e-01	1.27e-13	2.45e-22	3.08e-22
 3.94036e+22	1.50e-13	3.15e-09	2.92e-06	2.52e-04	4.10e-03	1.78e-02	3.76e-01	4.66e-01	1.36e-01	1.50e-13	2.91e-22	3.66e-22
 3.96079e+22	1.77e-13	3.65e-09	3.36e-06	2.87e-04	4.61e-03	1.93e-02	3.89e-01	4.59e-01	1.28e-01	1.77e-13	3.43e-22	4.30e-22
 3.98119e+22	2.06e-13	4.20e-09	3.85e-06	3.27e-04	5.16e-03	2.10e-02	4.02e-01	4.52e-01	1.20e-01	2.06e-13	4.01e-22	5.03e-22
 4.00163e+22	2.39e-13	4.82e-09	4.39e-06	3.71e-04	5.77e-03	2.28e-02	4.15e-01	4.44e-01	1.12e-01	2.39e-13	4.65e-22	5.83e-22
 4.02216e+22	2.75e-13	5.48e-09	4.99e-06	4.19e-04	6.44e-03	2.47e-02	4.28e-01	4.36e-01	1.05e-01	2.75e-13	5.35e-22	6.71e-22
 4.04282e+22	3.15e-13	6.22e-09	5.66e-06	4.74e-04	7.17e-03	2.68e-02	4.41e-01	4.27e-01	9.79e-02	3.15e-13	6.13e-22	7.68e-22
 4.06369e+22	3.58e-13	7.02e-09	6.39e-06	5.34e-04	7.96e-03	2.90e-02	4.53e-01	4.18e-01	9.13e-02	3.58e-13	6.98e-22	8.74e-22
 4.08481e+22	4.05e-13	7.89e-09	7.21e-06	6.01e-04	8.84e-03	3.13e-02	4.66e-01	4.08e-01	8.49e-02	4.05e-13	7.90e-22	9.89e-22
 4.10603e+22	4.55e-13	8.82e-09	8.09e-06	6.74e-04	9.78e-03	3.38e-02	4.78e-01	3.99e-01	7.90e-02	4.55e-13	8.88e-22	1.11e-21
 4.12760e+22	5.09e-13	9.85e-09	9.09e-06	7.57e-04	1.08e-02	3.65e-02	4.90e-01	3.89e-01	7.32e-02	5.09e-13	9.96e-22	1.25e-21
 4.14943e+22	5.67e-13	1.09e-08	1.02e-05	8.46e-04	1.19e-02	3.93e-02	5.02e-01	3.78e-01	6.78e-02	5.67e-13	1.11e-21	1.39e-21
 4.17170e+22	6.29e-13	1.22e-08	1.14e-05	9.50e-04	1.32e-02	4.24e-02	5.13e-01	3.67e-01	6.25e-02	6.29e-13	1.23e-21	1.54e-21
 4.19239e+22	6.86e-13	1.32e-08	1.25e-05	1.04e-03	1.43e-02	4.50e-02	5.22e-01	3.59e-01	5.86e-02	6.86e-13	1.35e-21	1.68e-21
 4.21369e+22	7.58e-13	1.47e-08	1.40e-05	1.17e-03	1.58e-02	4.86e-02	5.34e-01	3.47e-01	5.37e-02	7.58e-13	1.49e-21	1.86e-21
 4.23538e+22	8.22e-13	1.59e-08	1.53e-05	1.28e-03	1.70e-02	5.15e-02	5.42e-01	3.38e-01	5.01e-02	8.22e-13	1.62e-21	2.02e-21
 4.25759e+22	9.02e-13	1.76e-08	1.71e-05	1.44e-03	1.88e-02	5.57e-02	5.53e-01	3.26e-01	4.57e-02	9.02e-13	1.78e-21	2.22e-21
 4.27986e+22	9.78e-13	1.91e-08	1.87e-05	1.58e-03	2.02e-02	5.88e-02	5.60e-01	3.16e-01	4.26e-02	9.78e-13	1.93e-21	2.41e-21
 4.30222e+22	1.07e-12	2.11e-08	2.09e-05	1.76e-03	2.22e-02	6.33e-02	5.70e-01	3.04e-01	3.88e-02	1.07e-12	2.11e-21	2.64e-21
 4.32473e+22	1.15e-12	2.28e-08	2.28e-05	1.93e-03	2.38e-02	6.68e-02	5.76e-01	2.95e-01	3.61e-02	1.15e-12	2.28e-21	2.85e-21
 4.34742e+22	1.26e-12	2.51e-08	2.54e-05	2.16e-03	2.61e-02	7.16e-02	5.84e-01	2.83e-01	3.28e-02	1.26e-12	2.49e-21	3.11e-21
 4.37032e+22	1.35e-12	2.72e-08	2.77e-05	2.35e-03	2.79e-02	7.54e-02	5.90e-01	2.74e-01	3.05e-02	1.35e-12	2.69e-21	3.36e-21
 4.39347e+22	1.47e-12	2.99e-08	3.09e-05	2.63e-03	3.05e-02	8.07e-02	5.96e-01	2.62e-01	2.76e-02	1.47e-12	2.93e-21	3.66e-21
 4.41692e+22	1.59e-12	3.24e-08	3.38e-05	2.87e-03	3.26e-02	8.49e-02	6.01e-01	2.53e-01	2.55e-02	1.59e-12	3.16e-21	3.95e-21
 4.44075e+22	1.73e-12	3.58e-08	3.78e-05	3.21e-03	3.54e-02	9.06e-02	6.06e-01	2.41e-01	2.30e-02	1.73e-12	3.46e-21	4.31e-21
 4.46498e+22	1.87e-12	3.90e-08	4.14e-05	3.51e-03	3.79e-02	9.53e-02	6.10e-01	2.32e-01	2.12e-02	1.87e-12	3.74e-21	4.66e-21
 4.48975e+22	2.05e-12	4.32e-08	4.65e-05	3.93e-03	4.12e-02	1.02e-01	6.13e-01	2.21e-01	1.90e-02	2.05e-12	4.10e-21	5.11e-21
 4.51504e+22	2.22e-12	4.73e-08	5.12e-05	4.31e-03	4.40e-02	1.07e-01	6.16e-01	2.12e-01	1.75e-02	2.22e-12	4.46e-21	5.56e-21
 4.54103e+22	2.45e-12	5.29e-08	5.78e-05	4.85e-03	4.78e-02	1.14e-01	6.18e-01	2.00e-01	1.56e-02	2.45e-12	4.92e-21	6.14e-21
 4.56762e+22	2.68e-12	5.83e-08	6.41e-05	5.33e-03	5.10e-02	1.19e-01	6.19e-01	1.91e-01	1.42e-02	2.68e-12	5.41e-21	6.73e-21
 4.59004e+22	2.89e-12	6.35e-08	7.01e-05	5.80e-03	5.40e-02	1.24e-01	6.19e-01	1.84e-01	1.31e-02	2.89e-12	5.84e-21	7.28e-21
 4.61425e+22	3.18e-12	7.09e-08	7.87e-05	6.45e-03	5.81e-02	1.31e-01	6.18e-01	1.74e-01	1.17e-02	3.18e-12	6.45e-21	8.04e-21
 4.63882e+22	3.46e-12	7.77e-08	8.65e-05	7.02e-03	6.15e-02	1.37e-01	6.18e-01	1.66e-01	1.08e-02	3.46e-12	7.03e-21	8.75e-21
 4.66004e+22	3.74e-12	8.47e-08	9.45e-05	7.60e-03	6.48e-02	1.42e-01	6.16e-01	1.59e-01	9.91e-03	3.74e-12	7.61e-21	9.48e-21
 4.68384e+22	4.12e-12	9.46e-08	1.06e-04	8.42e-03	6.93e-02	1.49e-01	6.13e-01	1.50e-01	8.88e-03	4.12e-12	8.41e-21	1.05e-20
 4.70753e+22	4.51e-12	1.04e-07	1.16e-04	9.11e-03	7.29e-02	1.54e-01	6.11e-01	1.44e-01	8.19e-03	4.51e-12	9.23e-21	1.15e-20
 4.73109e+22	4.99e-12	1.17e-07	1.30e-04	1.01e-02	7.77e-02	1.62e-01	6.07e-01	1.36e-01	7.34e-03	4.99e-12	1.02e-20	1.27e-20
 4.75499e+22	5.50e-12	1.29e-07	1.43e-04	1.09e-02	8.17e-02	1.67e-01	6.03e-01	1.30e-01	6.75e-03	5.50e-12	1.13e-20	1.41e-20
 4.77934e+22	6.15e-12	1.46e-07	1.62e-04	1.21e-02	8.70e-02	1.75e-01	5.98e-01	1.22e-01	6.02e-03	6.15e-12	1.27e-20	1.58e-20
 4.80411e+22	6.81e-12	1.62e-07	1.79e-04	1.31e-02	9.15e-02	1.80e-01	5.93e-01	1.16e-01	5.50e-03	6.81e-12	1.41e-20	1.75e-20
 4.82943e+22	7.72e-12	1.86e-07	2.03e-04	1.45e-02	9.74e-02	1.88e-01	5.86e-01	1.09e-01	4.88e-03	7.72e-12	1.60e-20	1.99e-20
 4.85528e+22	8.68e-12	2.09e-07	2.26e-04	1.58e-02	1.02e-01	1.94e-01	5.80e-01	1.03e-01	4.44e-03	8.68e-12	1.81e-20	2.25e-20
 4.88182e+22	9.91e-12	2.41e-07	2.58e-04	1.76e-02	1.09e-01	2.02e-01	5.71e-01	9.61e-02	3.90e-03	9.91e-12	2.07e-20	2.57e-20
 4.90883e+22	1.13e-11	2.74e-07	2.89e-04	1.91e-02	1.15e-01	2.08e-01	5.63e-01	9.08e-02	3.53e-03	1.13e-11	2.36e-20	2.93e-20
 4.93645e+22	1.30e-11	3.19e-07	3.32e-04	2.14e-02	1.22e-01	2.16e-01	5.53e-01	8.40e-02	3.08e-03	1.30e-11	2.75e-20	3.41e-20
 4.96469e+22	1.49e-11	3.65e-07	3.73e-04	2.33e-02	1.29e-01	2.23e-01	5.43e-01	7.89e-02	2.77e-03	1.49e-11	3.16e-20	3.92e-20
 4.99376e+22	1.77e-11	4.34e-07	4.34e-04	2.61e-02	1.37e-01	2.31e-01	5.31e-01	7.25e-02	2.40e-03	1.77e-11	3.76e-20	4.66e-20
 5.02317e+22	2.05e-11	5.00e-07	4.89e-04	2.85e-02	1.44e-01	2.37e-01	5.20e-01	6.79e-02	2.14e-03	2.05e-11	4.38e-20	5.42e-20
 5.05304e+22	2.45e-11	5.98e-07	5.71e-04	3.19e-02	1.53e-01	2.45e-01	5.06e-01	6.21e-02	1.84e-03	2.45e-11	5.27e-20	6.53e-20
 5.08328e+22	2.87e-11	6.94e-07	6.46e-04	3.49e-02	1.61e-01	2.50e-01	4.94e-01	5.78e-02	1.64e-03	2.87e-11	6.21e-20	7.68e-20
 5.11401e+22	3.48e-11	8.39e-07	7.57e-04	3.91e-02	1.71e-01	2.57e-01	4.78e-01	5.25e-02	1.40e-03	3.48e-11	7.58e-20	9.37e-20
 5.14398e+22	4.07e-11	9.68e-07	8.50e-04	4.24e-02	1.78e-01	2.62e-01	4.66e-01	4.90e-02	1.25e-03	4.07e-11	8.90e-20	1.10e-19
 5.17298e+22	4.92e-11	1.16e-06	9.86e-04	4.70e-02	1.88e-01	2.68e-01	4.50e-01	4.46e-02	1.07e-03	4.92e-11	1.08e-19	1.34e-19
 5.20303e+22	5.84e-11	1.36e-06	1.12e-03	5.12e-02	1.96e-01	2.72e-01	4.37e-01	4.13e-02	9.47e-04	5.84e-11	1.29e-19	1.60e-19
 5.22870e+22	6.78e-11	1.55e-06	1.24e-03	5.51e-02	2.03e-01	2.76e-01	4.25e-01	3.85e-02	8.46e-04	6.78e-11	1.51e-19	1.86e-19
 5.25633e+22	8.19e-11	1.85e-06	1.43e-03	6.06e-02	2.13e-01	2.80e-01	4.09e-01	3.50e-02	7.29e-04	8.19e-11	1.84e-19	2.26e-19
 5.28397e+22	9.55e-11	2.12e-06	1.60e-03	6.51e-02	2.21e-01	2.83e-01	3.97e-01	3.25e-02	6.49e-04	9.55e-11	2.15e-19	2.65e-19
 5.31164e+22	1.16e-10	2.52e-06	1.83e-03	7.12e-02	2.30e-01	2.86e-01	3.81e-01	2.96e-02	5.60e-04	1.16e-10	2.63e-19	3.24e-19
 5.34041e+22	1.38e-10	2.94e-06	2.06e-03	7.70e-02	2.38e-01	2.88e-01	3.67e-01	2.71e-02	4.89e-04	1.38e-10	3.15e-19	3.87e-19
 5.36611e+22	1.62e-10	3.39e-06	2.30e-03	8.26e-02	2.46e-01	2.90e-01	3.53e-01	2.51e-02	4.33e-04	1.62e-10	3.74e-19	4.60e-19
 5.39503e+22	2.00e-10	4.06e-06	2.64e-03	9.03e-02	2.56e-01	2.91e-01	3.37e-01	2.26e-02	3.70e-04	2.00e-10	4.65e-19	5.71e-19
 5.42541e+22	2.42e-10	4.79e-06	2.98e-03	9.76e-02	2.65e-01	2.92e-01	3.22e-01	2.05e-02	3.19e-04	2.42e-10	5.66e-19	6.95e-19
 5.45301e+22	2.90e-10	5.58e-06	3.35e-03	1.05e-01	2.73e-01	2.92e-01	3.08e-01	1.87e-02	2.78e-04	2.90e-10	6.84e-19	8.39e-19
 5.48419e+22	3.65e-10	6.77e-06	3.87e-03	1.15e-01	2.83e-01	2.91e-01	2.90e-01	1.66e-02	2.33e-04	3.65e-10	8.70e-19	1.07e-18
 5.51630e+22	4.47e-10	8.00e-06	4.38e-03	1.24e-01	2.91e-01	2.90e-01	2.75e-01	1.49e-02	1.98e-04	4.47e-10	1.07e-18	1.31e-18
 5.54483e+22	5.40e-10	9.36e-06	4.92e-03	1.33e-01	2.99e-01	2.88e-01	2.61e-01	1.35e-02	1.71e-04	5.40e-10	1.31e-18	1.60e-18
 5.57713e+22	6.88e-10	1.14e-05	5.68e-03	1.45e-01	3.08e-01	2.85e-01	2.44e-01	1.19e-02	1.41e-04	6.88e-10	1.69e-18	2.07e-18
 5.61060e+22	8.53e-10	1.36e-05	6.44e-03	1.56e-01	3.16e-01	2.82e-01	2.29e-01	1.05e-02	1.19e-04	8.53e-10	2.11e-18	2.59e-18
 5.64061e+22	1.04e-09	1.59e-05	7.24e-03	1.67e-01	3.23e-01	2.78e-01	2.16e-01	9.42e-03	1.01e-04	1.04e-09	2.62e-18	3.20e-18
 5.67466e+22	1.36e-09	1.96e-05	8.39e-03	1.81e-01	3.31e-01	2.72e-01	1.99e-01	8.12e-03	8.15e-05	1.36e-09	3.45e-18	4.21e-18
 5.70977e+22	1.69e-09	2.33e-05	9.49e-03	1.94e-01	3.37e-01	2.67e-01	1.85e-01	7.14e-03	6.77e-05	1.69e-09	4.36e-18	5.32e-18
 5.74628e+22	2.24e-09	2.90e-05	1.10e-02	2.11e-01	3.44e-01	2.59e-01	1.69e-01	6.06e-03	5.35e-05	2.24e-09	5.87e-18	7.15e-18
 5.78316e+22	2.82e-09	3.45e-05	1.25e-02	2.25e-01	3.49e-01	2.53e-01	1.56e-01	5.28e-03	4.40e-05	2.82e-09	7.49e-18	9.11e-18
 5.81560e+22	3.52e-09	4.09e-05	1.40e-02	2.40e-01	3.52e-01	2.45e-01	1.44e-01	4.60e-03	3.63e-05	3.52e-09	9.50e-18	1.15e-17
 5.85284e+22	4.70e-09	5.09e-05	1.63e-02	2.59e-01	3.56e-01	2.36e-01	1.29e-01	3.84e-03	2.82e-05	4.70e-09	1.29e-17	1.57e-17
 5.89049e+22	5.93e-09	6.05e-05	1.83e-02	2.75e-01	3.58e-01	2.27e-01	1.18e-01	3.31e-03	2.29e-05	5.93e-09	1.66e-17	2.01e-17
 5.92867e+22	7.93e-09	7.50e-05	2.11e-02	2.95e-01	3.60e-01	2.16e-01	1.05e-01	2.73e-03	1.76e-05	7.93e-09	2.27e-17	2.75e-17
 5.96744e+22	1.01e-08	8.94e-05	2.37e-02	3.12e-01	3.60e-01	2.07e-01	9.53e-02	2.33e-03	1.41e-05	1.01e-08	2.94e-17	3.56e-17
 6.00698e+22	1.36e-08	1.11e-04	2.74e-02	3.33e-01	3.59e-01	1.95e-01	8.38e-02	1.89e-03	1.06e-05	1.36e-08	4.09e-17	4.95e-17
 6.04692e+22	1.74e-08	1.32e-04	3.07e-02	3.50e-01	3.57e-01	1.85e-01	7.53e-02	1.59e-03	8.38e-06	1.74e-08	5.32e-17	6.44e-17
 6.08738e+22	2.36e-08	1.65e-04	3.53e-02	3.72e-01	3.53e-01	1.72e-01	6.54e-02	1.28e-03	6.18e-06	2.36e-08	7.47e-17	9.03e-17
 6.12821e+22	3.01e-08	1.96e-04	3.94e-02	3.89e-01	3.49e-01	1.63e-01	5.84e-02	1.07e-03	4.85e-06	3.01e-08	9.76e-17	1.18e-16
 6.16951e+22	4.11e-08	2.44e-04	4.51e-02	4.11e-01	3.43e-01	1.50e-01	5.02e-02	8.43e-04	3.53e-06	4.11e-08	1.38e-16	1.67e-16
 6.21140e+22	5.25e-08	2.89e-04	5.02e-02	4.28e-01	3.36e-01	1.40e-01	4.43e-02	6.96e-04	2.73e-06	5.25e-08	1.82e-16	2.19e-16
 6.24778e+22	6.64e-08	3.40e-04	5.55e-02	4.44e-01	3.30e-01	1.31e-01	3.93e-02	5.78e-04	2.13e-06	6.64e-08	2.36e-16	2.85e-16
 6.28885e+22	8.98e-08	4.19e-04	6.29e-02	4.63e-01	3.20e-01	1.19e-01	3.34e-02	4.52e-04	1.53e-06	8.98e-08	3.32e-16	4.00e-16
 6.32794e+22	1.10e-07	4.82e-04	6.84e-02	4.76e-01	3.13e-01	1.12e-01	2.99e-02	3.81e-04	1.22e-06	1.10e-07	4.17e-16	5.03e-16
 6.36448e+22	1.44e-07	5.79e-04	7.62e-02	4.92e-01	3.03e-01	1.02e-01	2.57e-02	3.03e-04	9.02e-07	1.44e-07	5.64e-16	6.80e-16
 6.40103e+22	1.76e-07	6.64e-04	8.25e-02	5.04e-01	2.95e-01	9.53e-02	2.28e-02	2.55e-04	7.15e-07	1.76e-07	7.09e-16	8.53e-16
 6.43760e+22	2.27e-07	7.87e-04	9.10e-02	5.17e-01	2.84e-01	8.70e-02	1.97e-02	2.04e-04	5.32e-07	2.27e-07	9.43e-16	1.13e-15
 6.47553e+22	2.84e-07	9.16e-04	9.92e-02	5.28e-01	2.74e-01	8.00e-02	1.72e-02	1.66e-04	4.06e-07	2.84e-07	1.21e-15	1.46e-15
 6.50956e+22	3.48e-07	1.05e-03	1.07e-01	5.37e-01	2.65e-01	7.38e-02	1.51e-02	1.37e-04	3.17e-07	3.48e-07	1.53e-15	1.84e-15
 6.54815e+22	4.54e-07	1.25e-03	1.18e-01	5.48e-01	2.53e-01	6.63e-02	1.28e-02	1.07e-04	2.28e-07	4.54e-07	2.06e-15	2.48e-15
 6.58735e+22	5.63e-07	1.45e-03	1.28e-01	5.56e-01	2.43e-01	6.06e-02	1.11e-02	8.69e-05	1.74e-07	5.63e-07	2.63e-15	3.16e-15
 6.62211e+22	6.93e-07	1.66e-03	1.38e-01	5.63e-01	2.33e-01	5.54e-02	9.65e-03	7.09e-05	1.33e-07	6.93e-07	3.33e-15	3.99e-15
 6.65580e+22	8.42e-07	1.89e-03	1.48e-01	5.68e-01	2.23e-01	5.07e-02	8.45e-03	5.84e-05	0.00e+00	8.42e-07	4.15e-15	4.97e-15
 6.68691e+22	1.01e-06	2.12e-03	1.57e-01	5.72e-01	2.15e-01	4.68e-02	7.46e-03	4.87e-05	0.00e+00	1.01e-06	5.08e-15	6.08e-15
 6.71648e+22	1.19e-06	2.37e-03	1.67e-01	5.75e-01	2.06e-01	4.31e-02	6.61e-03	4.09e-05	0.00e+00	1.19e-06	6.16e-15	7.37e-15
 6.75047e+22	1.48e-06	2.73e-03	1.79e-01	5.78e-01	1.96e-01	3.89e-02	5.66e-03	3.25e-05	0.00e+00	1.48e-06	7.90e-15	9.43e-15
 6.78496e+22	1.78e-06	3.08e-03	1.90e-01	5.79e-01	1.87e-01	3.55e-02	4.95e-03	2.68e-05	0.00e+00	1.78e-06	9.72e-15	1.16e-14
 6.81507e+22	2.11e-06	3.44e-03	2.01e-01	5.80e-01	1.79e-01	3.25e-02	4.35e-03	2.22e-05	0.00e+00	2.11e-06	1.18e-14	1.41e-14
 6.84922e+22	2.61e-06	3.95e-03	2.16e-01	5.79e-01	1.68e-01	2.91e-02	3.70e-03	1.76e-05	0.00e+00	2.61e-06	1.51e-14	1.80e-14
 6.88402e+22	3.12e-06	4.44e-03	2.28e-01	5.78e-01	1.60e-01	2.64e-02	3.22e-03	1.44e-05	0.00e+00	3.12e-06	1.86e-14	2.21e-14
 6.91481e+22	3.69e-06	4.95e-03	2.41e-01	5.75e-01	1.52e-01	2.41e-02	2.81e-03	1.18e-05	0.00e+00	3.69e-06	2.26e-14	2.68e-14
 6.94998e+22	4.58e-06	5.68e-03	2.57e-01	5.71e-01	1.42e-01	2.13e-02	2.37e-03	9.23e-06	0.00e+00	4.58e-06	2.89e-14	3.44e-14
 6.98564e+22	5.46e-06	6.36e-03	2.71e-01	5.67e-01	1.34e-01	1.92e-02	2.04e-03	7.47e-06	0.00e+00	5.46e-06	3.55e-14	4.21e-14
 7.01710e+22	6.46e-06	7.09e-03	2.85e-01	5.62e-01	1.27e-01	1.74e-02	1.77e-03	6.09e-06	0.00e+00	6.46e-06	4.32e-14	5.12e-14
 7.05316e+22	8.00e-06	8.13e-03	3.03e-01	5.54e-01	1.18e-01	1.52e-02	1.48e-03	4.69e-06	0.00e+00	8.00e-06	5.55e-14	6.58e-14
 7.08979e+22	9.53e-06	9.09e-03	3.19e-01	5.47e-01	1.11e-01	1.36e-02	1.26e-03	3.76e-06	0.00e+00	9.53e-06	6.81e-14	8.07e-14
 7.12228e+22	1.13e-05	1.01e-02	3.34e-01	5.39e-01	1.04e-01	1.22e-02	1.09e-03	3.02e-06	0.00e+00	1.13e-05	8.32e-14	9.85e-14
 7.15963e+22	1.40e-05	1.16e-02	3.54e-01	5.27e-01	9.55e-02	1.06e-02	8.93e-04	2.29e-06	0.00e+00	1.40e-05	1.07e-13	1.27e-13
 7.19759e+22	1.67e-05	1.30e-02	3.71e-01	5.17e-01	8.89e-02	9.39e-03	7.57e-04	1.81e-06	0.00e+00	1.67e-05	1.32e-13	1.56e-13
 7.23633e+22	2.06e-05	1.48e-02	3.92e-01	5.03e-01	8.13e-02	8.08e-03	6.18e-04	1.35e-06	0.00e+00	2.06e-05	1.70e-13	2.02e-13
 7.27600e+22	2.48e-05	1.67e-02	4.11e-01	4.90e-01	7.48e-02	7.06e-03	5.14e-04	1.04e-06	0.00e+00	2.48e-05	2.12e-13	2.51e-13
 7.31095e+22	2.94e-05	1.85e-02	4.29e-01	4.77e-01	6.92e-02	6.21e-03	4.34e-04	8.18e-07	0.00e+00	2.94e-05	2.60e-13	3.08e-13
 7.35045e+22	3.63e-05	2.12e-02	4.51e-01	4.60e-01	6.26e-02	5.27e-03	3.48e-04	6.00e-07	0.00e+00	3.63e-05	3.36e-13	3.98e-13
 7.39131e+22	4.34e-05	2.36e-02	4.70e-01	4.44e-01	5.72e-02	4.57e-03	2.88e-04	4.58e-07	0.00e+00	4.34e-05	4.17e-13	4.95e-13
 7.43394e+22	5.46e-05	2.72e-02	4.94e-01	4.24e-01	5.08e-02	3.78e-03	2.25e-04	3.23e-07	0.00e+00	5.46e-05	5.51e-13	6.53e-13
 7.47667e+22	6.50e-05	3.03e-02	5.13e-01	4.07e-01	4.63e-02	3.26e-03	1.85e-04	2.45e-07	0.00e+00	6.50e-05	6.83e-13	8.09e-13
 7.50876e+22	7.39e-05	3.28e-02	5.26e-01	3.95e-01	4.30e-02	2.92e-03	1.60e-04	1.99e-07	0.00e+00	7.39e-05	7.99e-13	9.46e-13
 7.53969e+22	8.65e-05	3.62e-02	5.43e-01	3.79e-01	3.94e-02	2.54e-03	1.33e-04	1.55e-07	0.00e+00	8.65e-05	9.72e-13	1.15e-12
 7.57124e+22	9.84e-05	3.92e-02	5.56e-01	3.66e-01	3.65e-02	2.26e-03	1.14e-04	0.00e+00	0.00e+00	9.84e-05	1.14e-12	1.35e-12
 7.60362e+22	1.16e-04	4.33e-02	5.72e-01	3.49e-01	3.31e-02	1.94e-03	9.42e-05	0.00e+00	0.00e+00	1.16e-04	1.39e-12	1.65e-12
 7.63632e+22	1.32e-04	4.69e-02	5.85e-01	3.36e-01	3.05e-02	1.71e-03	8.03e-05	0.00e+00	0.00e+00	1.32e-04	1.64e-12	1.94e-12
 7.66946e+22	1.55e-04	5.18e-02	6.00e-01	3.19e-01	2.75e-02	1.46e-03	6.55e-05	0.00e+00	0.00e+00	1.55e-04	2.01e-12	2.38e-12
 7.70289e+22	1.77e-04	5.61e-02	6.13e-01	3.05e-01	2.51e-02	1.28e-03	5.53e-05	0.00e+00	0.00e+00	1.77e-04	2.37e-12	2.80e-12
 7.73670e+22	2.07e-04	6.19e-02	6.26e-01	2.88e-01	2.26e-02	1.09e-03	4.49e-05	0.00e+00	0.00e+00	2.07e-04	2.90e-12	3.43e-12
 7.77129e+22	2.38e-04	6.71e-02	6.38e-01	2.73e-01	2.05e-02	9.42e-04	3.74e-05	0.00e+00	0.00e+00	2.38e-04	3.45e-12	4.08e-12
 7.80199e+22	2.70e-04	7.25e-02	6.48e-01	2.60e-01	1.86e-02	8.20e-04	3.14e-05	0.00e+00	0.00e+00	2.70e-04	4.06e-12	4.80e-12
 7.83699e+22	3.17e-04	7.99e-02	6.60e-01	2.43e-01	1.66e-02	6.87e-04	2.51e-05	0.00e+00	0.00e+00	3.17e-04	4.99e-12	5.90e-12
 7.87307e+22	3.63e-04	8.65e-02	6.69e-01	2.29e-01	1.49e-02	5.88e-04	2.07e-05	0.00e+00	0.00e+00	3.63e-04	5.93e-12	7.01e-12
 7.91057e+22	4.31e-04	9.59e-02	6.79e-01	2.11e-01	1.30e-02	4.81e-04	1.61e-05	0.00e+00	0.00e+00	4.31e-04	7.41e-12	8.75e-12
 7.94831e+22	4.93e-04	1.04e-01	6.86e-01	1.97e-01	1.16e-02	4.08e-04	1.31e-05	0.00e+00	0.00e+00	4.93e-04	8.81e-12	1.04e-11
 7.98638e+22	5.82e-04	1.14e-01	6.94e-01	1.81e-01	1.01e-02	3.33e-04	1.02e-05	0.00e+00	0.00e+00	5.82e-04	1.09e-11	1.29e-11
 8.02578e+22	6.69e-04	1.24e-01	6.99e-01	1.68e-01	8.89e-03	2.78e-04	8.15e-06	0.00e+00	0.00e+00	6.69e-04	1.31e-11	1.55e-11
 8.06146e+22	7.68e-04	1.34e-01	7.02e-01	1.55e-01	7.84e-03	2.32e-04	6.53e-06	0.00e+00	0.00e+00	7.68e-04	1.57e-11	1.86e-11
 8.10241e+22	9.15e-04	1.49e-01	7.04e-01	1.39e-01	6.66e-03	1.83e-04	4.90e-06	0.00e+00	0.00e+00	9.15e-04	1.99e-11	2.34e-11
 8.14362e+22	1.04e-03	1.60e-01	7.05e-01	1.28e-01	5.84e-03	1.52e-04	3.90e-06	0.00e+00	0.00e+00	1.04e-03	2.36e-11	2.79e-11
 8.18520e+22	1.24e-03	1.76e-01	7.03e-01	1.14e-01	4.93e-03	1.19e-04	2.90e-06	0.00e+00	0.00e+00	1.24e-03	2.96e-11	3.50e-11
 8.22770e+22	1.41e-03	1.90e-01	7.01e-01	1.04e-01	4.27e-03	9.67e-05	2.27e-06	0.00e+00	0.00e+00	1.41e-03	3.54e-11	4.18e-11
 8.27141e+22	1.68e-03	2.09e-01	6.94e-01	9.10e-02	3.55e-03	7.41e-05	1.65e-06	0.00e+00	0.00e+00	1.68e-03	4.46e-11	5.27e-11
 8.31582e+22	1.92e-03	2.25e-01	6.88e-01	8.17e-02	3.05e-03	5.96e-05	1.28e-06	0.00e+00	0.00e+00	1.92e-03	5.33e-11	6.30e-11
 8.36114e+22	2.30e-03	2.48e-01	6.76e-01	7.05e-02	2.49e-03	4.45e-05	9.07e-07	0.00e+00	0.00e+00	2.30e-03	6.78e-11	8.01e-11
 8.40707e+22	2.62e-03	2.66e-01	6.66e-01	6.27e-02	2.13e-03	3.54e-05	6.95e-07	0.00e+00	0.00e+00	2.62e-03	8.08e-11	9.55e-11
 8.45380e+22	3.12e-03	2.93e-01	6.49e-01	5.33e-02	1.72e-03	2.60e-05	4.87e-07	0.00e+00	0.00e+00	3.12e-03	1.03e-10	1.21e-10
 8.50183e+22	3.57e-03	3.14e-01	6.35e-01	4.65e-02	1.44e-03	2.02e-05	3.64e-07	0.00e+00	0.00e+00	3.57e-03	1.24e-10	1.46e-10
 8.55155e+22	4.31e-03	3.45e-01	6.11e-01	3.85e-02	1.14e-03	1.42e-05	2.46e-07	0.00e+00	0.00e+00	4.31e-03	1.59e-10	1.88e-10
 8.60257e+22	4.92e-03	3.70e-01	5.91e-01	3.30e-02	9.45e-04	1.08e-05	1.81e-07	0.00e+00	0.00e+00	4.92e-03	1.92e-10	2.28e-10
 8.65527e+22	5.96e-03	4.07e-01	5.60e-01	2.64e-02	7.31e-04	7.35e-06	0.00e+00	0.00e+00	0.00e+00	5.96e-03	2.50e-10	2.96e-10
 8.70976e+22	6.89e-03	4.36e-01	5.34e-01	2.19e-02	5.92e-04	5.34e-06	0.00e+00	0.00e+00	0.00e+00	6.89e-03	3.06e-10	3.63e-10
 8.76658e+22	8.39e-03	4.79e-01	4.96e-01	1.69e-02	4.45e-04	3.44e-06	0.00e+00	0.00e+00	0.00e+00	8.39e-03	4.03e-10	4.78e-10
 8.82589e+22	9.83e-03	5.14e-01	4.62e-01	1.34e-02	3.49e-04	2.35e-06	0.00e+00	0.00e+00	0.00e+00	9.83e-03	5.03e-10	5.97e-10
 8.88781e+22	1.21e-02	5.62e-01	4.16e-01	9.75e-03	2.54e-04	1.41e-06	0.00e+00	0.00e+00	0.00e+00	1.21e-02	6.73e-10	7.99e-10
 8.94182e+22	1.35e-02	5.88e-01	3.91e-01	8.08e-03	2.12e-04	1.05e-06	0.00e+00	0.00e+00	0.00e+00	1.35e-02	7.83e-10	9.30e-10
 8.98618e+22	1.56e-02	6.22e-01	3.56e-01	6.26e-03	1.67e-04	7.09e-07	0.00e+00	0.00e+00	0.00e+00	1.56e-02	9.63e-10	1.15e-09
 9.03310e+22	1.78e-02	6.53e-01	3.24e-01	4.90e-03	1.34e-04	4.88e-07	0.00e+00	0.00e+00	0.00e+00	1.78e-02	1.16e-09	1.38e-09
 9.08335e+22	2.11e-02	6.91e-01	2.84e-01	3.54e-03	1.00e-04	2.98e-07	0.00e+00	0.00e+00	0.00e+00	2.11e-02	1.47e-09	1.75e-09
 9.13464e+22	2.44e-02	7.23e-01	2.50e-01	2.63e-03	7.79e-05	1.93e-07	0.00e+00	0.00e+00	0.00e+00	2.44e-02	1.79e-09	2.13e-09
 9.18728e+22	2.94e-02	7.59e-01	2.10e-01	1.76e-03	5.60e-05	0.00e+00	0.00e+00	0.00e+00	0.00e+00	2.94e-02	2.31e-09	2.75e-09
 9.23703e+22	3.41e-02	7.86e-01	1.79e-01	1.26e-03	4.29e-05	0.00e+00	0.00e+00	0.00e+00	0.00e+00	3.41e-02	2.78e-09	3.31e-09
