#depth	Cl	Cl+	Cl+2	Cl+3	Cl+4	Cl+5	Cl+6	Cl+7	Cl+8	Cl+9	Cl+10	Cl+11	Cl+12	Cl+13	Cl+14	Cl+15	Cl+16	Cl+17
 4.62852e+21	0.00e+00	0.00e+00	0.00e+00	0.00e+00	0.00e+00	0.00e+00	0.00e+00	0.00e+00	0.00e+00	1.51e-22	3.65e-19	5.31e-16	4.44e-13	2.26e-10	1.27e-07	1.31e-04	2.00e-02	9.80e-01
 1.05275e+22	0.00e+00	0.00e+00	0.00e+00	0.00e+00	0.00e+00	0.00e+00	0.00e+00	0.00e+00	7.14e-25	2.60e-21	4.38e-18	4.54e-15	2.64e-12	9.40e-10	3.69e-07	2.67e-04	2.83e-02	9.71e-01
 1.26482e+22	0.00e+00	0.00e+00	0.00e+00	0.00e+00	0.00e+00	0.00e+00	0.00e+00	9.21e-28	6.10e-24	1.74e-20	2.30e-17	1.87e-14	8.59e-12	2.41e-09	7.46e-07	4.26e-04	3.57e-02	9.64e-01
 1.41786e+22	0.00e+00	0.00e+00	0.00e+00	0.00e+00	0.00e+00	0.00e+00	0.00e+00	6.14e-27	3.34e-23	7.83e-20	8.62e-17	5.79e-14	2.19e-11	5.09e-09	1.31e-06	6.17e-04	4.28e-02	9.57e-01
 1.50669e+22	0.00e+00	0.00e+00	0.00e+00	0.00e+00	0.00e+00	0.00e+00	0.00e+00	1.10e-26	5.64e-23	1.25e-19	1.29e-16	8.17e-14	2.92e-11	6.40e-09	1.55e-06	6.91e-04	4.53e-02	9.54e-01
 1.54769e+22	0.00e+00	0.00e+00	0.00e+00	0.00e+00	0.00e+00	0.00e+00	0.00e+00	1.94e-26	9.38e-23	1.96e-19	1.92e-16	1.14e-13	3.86e-11	8.00e-09	1.83e-06	7.72e-04	4.78e-02	9.51e-01
 1.58745e+22	0.00e+00	0.00e+00	0.00e+00	0.00e+00	0.00e+00	0.00e+00	0.00e+00	3.29e-26	1.50e-22	2.97e-19	2.75e-16	1.56e-13	4.99e-11	9.82e-09	2.14e-06	8.54e-04	5.02e-02	9.49e-01
 1.63249e+22	0.00e+00	0.00e+00	0.00e+00	0.00e+00	0.00e+00	0.00e+00	4.50e-30	6.69e-26	2.84e-22	5.21e-19	4.50e-16	2.37e-13	7.05e-11	1.30e-08	2.63e-06	9.80e-04	5.36e-02	9.45e-01
 1.67779e+22	0.00e+00	0.00e+00	0.00e+00	0.00e+00	0.00e+00	0.00e+00	8.22e-30	1.15e-25	4.63e-22	8.03e-19	6.56e-16	3.26e-13	9.21e-11	1.60e-08	3.08e-06	1.09e-03	5.65e-02	9.42e-01
 1.72343e+22	0.00e+00	0.00e+00	0.00e+00	0.00e+00	0.00e+00	0.00e+00	1.79e-29	2.33e-25	8.70e-22	1.40e-18	1.07e-15	4.94e-13	1.30e-10	2.11e-08	3.78e-06	1.25e-03	6.03e-02	9.38e-01
 1.76928e+22	0.00e+00	0.00e+00	0.00e+00	0.00e+00	0.00e+00	0.00e+00	3.34e-29	4.11e-25	1.45e-21	2.20e-18	1.58e-15	6.90e-13	1.71e-10	2.63e-08	4.46e-06	1.39e-03	6.36e-02	9.35e-01
 1.80923e+22	0.00e+00	0.00e+00	0.00e+00	0.00e+00	0.00e+00	0.00e+00	6.16e-29	7.13e-25	2.37e-21	3.40e-18	2.30e-15	9.52e-13	2.24e-10	3.26e-08	5.23e-06	1.54e-03	6.69e-02	9.32e-01
 1.85500e+22	0.00e+00	0.00e+00	0.00e+00	0.00e+00	0.00e+00	0.00e+00	1.35e-28	1.45e-24	4.46e-21	5.96e-18	3.76e-15	1.44e-12	3.16e-10	4.29e-08	6.42e-06	1.77e-03	7.14e-02	9.27e-01
 1.90070e+22	0.00e+00	0.00e+00	0.00e+00	0.00e+00	0.00e+00	0.00e+00	2.49e-28	2.52e-24	7.33e-21	9.27e-18	5.52e-15	2.00e-12	4.14e-10	5.33e-08	7.55e-06	1.97e-03	7.51e-02	9.23e-01
 1.93715e+22	0.00e+00	0.00e+00	0.00e+00	0.00e+00	0.00e+00	0.00e+00	4.25e-28	4.10e-24	1.13e-20	1.36e-17	7.71e-15	2.67e-12	5.25e-10	6.43e-08	8.69e-06	2.16e-03	7.85e-02	9.19e-01
 1.97016e+22	0.00e+00	0.00e+00	0.00e+00	0.00e+00	0.00e+00	0.00e+00	7.07e-28	6.48e-24	1.71e-20	1.96e-17	1.06e-14	3.49e-12	6.56e-10	7.68e-08	9.92e-06	2.36e-03	8.19e-02	9.16e-01
 2.00783e+22	0.00e+00	0.00e+00	0.00e+00	0.00e+00	0.00e+00	0.00e+00	1.29e-27	1.12e-23	2.78e-20	3.01e-17	1.54e-14	4.80e-12	8.53e-10	9.48e-08	1.16e-05	2.61e-03	8.60e-02	9.11e-01
 2.04733e+22	0.00e+00	0.00e+00	0.00e+00	0.00e+00	0.00e+00	0.00e+00	2.29e-27	1.88e-23	4.42e-20	4.54e-17	2.20e-14	6.50e-12	1.10e-09	1.16e-07	1.35e-05	2.88e-03	9.01e-02	9.07e-01
 2.08205e+22	0.00e+00	0.00e+00	0.00e+00	0.00e+00	0.00e+00	0.00e+00	3.86e-27	3.01e-23	6.74e-20	6.59e-17	3.04e-14	8.57e-12	1.38e-09	1.39e-07	1.54e-05	3.15e-03	9.40e-02	9.03e-01
 2.12004e+22	0.00e+00	0.00e+00	0.00e+00	0.00e+00	0.00e+00	1.53e-30	7.16e-27	5.26e-23	1.11e-19	1.02e-16	4.46e-14	1.19e-11	1.80e-09	1.72e-07	1.81e-05	3.50e-03	9.88e-02	8.98e-01
 2.16005e+22	0.00e+00	0.00e+00	0.00e+00	0.00e+00	0.00e+00	2.88e-30	1.28e-26	8.90e-23	1.78e-19	1.55e-16	6.41e-14	1.61e-11	2.33e-09	2.11e-07	2.11e-05	3.86e-03	1.04e-01	8.93e-01
 2.19493e+22	0.00e+00	0.00e+00	0.00e+00	0.00e+00	0.00e+00	5.05e-30	2.15e-26	1.42e-22	2.71e-19	2.25e-16	8.85e-14	2.12e-11	2.92e-09	2.53e-07	2.41e-05	4.22e-03	1.08e-01	8.88e-01
 2.23252e+22	0.00e+00	0.00e+00	0.00e+00	0.00e+00	0.00e+00	9.78e-30	3.96e-26	2.46e-22	4.42e-19	3.47e-16	1.29e-13	2.92e-11	3.81e-09	3.12e-07	2.82e-05	4.67e-03	1.13e-01	8.82e-01
 2.26918e+22	0.00e+00	0.00e+00	0.00e+00	0.00e+00	0.00e+00	1.70e-29	6.58e-26	3.91e-22	6.68e-19	5.00e-16	1.77e-13	3.83e-11	4.76e-09	3.73e-07	3.22e-05	5.10e-03	1.18e-01	8.77e-01
 2.29816e+22	0.00e+00	0.00e+00	0.00e+00	0.00e+00	0.00e+00	2.71e-29	1.01e-25	5.75e-22	9.44e-19	6.78e-16	2.31e-13	4.80e-11	5.74e-09	4.32e-07	3.59e-05	5.48e-03	1.22e-01	8.73e-01
 2.32932e+22	0.00e+00	0.00e+00	0.00e+00	0.00e+00	0.00e+00	4.65e-29	1.66e-25	9.02e-22	1.41e-18	9.67e-16	3.14e-13	6.23e-11	7.12e-09	5.13e-07	4.08e-05	5.95e-03	1.27e-01	8.67e-01
 2.36336e+22	0.00e+00	0.00e+00	0.00e+00	0.00e+00	0.00e+00	7.91e-29	2.71e-25	1.40e-21	2.10e-18	1.37e-15	4.25e-13	8.07e-11	8.81e-09	6.08e-07	4.62e-05	6.46e-03	1.32e-01	8.62e-01
 2.39477e+22	0.00e+00	0.00e+00	0.00e+00	0.00e+00	0.00e+00	1.31e-28	4.31e-25	2.13e-21	3.05e-18	1.91e-15	5.67e-13	1.03e-10	1.08e-08	7.14e-07	5.21e-05	6.98e-03	1.36e-01	8.57e-01
 2.42438e+22	0.00e+00	0.00e+00	0.00e+00	0.00e+00	0.00e+00	2.13e-28	6.74e-25	3.20e-21	4.38e-18	2.63e-15	7.49e-13	1.30e-10	1.31e-08	8.34e-07	5.84e-05	7.52e-03	1.41e-01	8.51e-01
 2.45799e+22	0.00e+00	0.00e+00	0.00e+00	0.00e+00	0.00e+00	3.80e-28	1.15e-24	5.18e-21	6.74e-18	3.84e-15	1.04e-12	1.72e-10	1.65e-08	1.00e-06	6.69e-05	8.21e-03	1.47e-01	8.45e-01
 2.49336e+22	0.00e+00	0.00e+00	0.00e+00	0.00e+00	0.00e+00	6.62e-28	1.92e-24	8.23e-21	1.02e-17	5.54e-15	1.43e-12	2.26e-10	2.06e-08	1.20e-06	7.63e-05	8.94e-03	1.53e-01	8.38e-01
 2.52431e+22	0.00e+00	0.00e+00	0.00e+00	0.00e+00	0.00e+00	1.09e-27	3.03e-24	1.25e-20	1.48e-17	7.69e-15	1.90e-12	2.88e-10	2.52e-08	1.40e-06	8.58e-05	9.65e-03	1.58e-01	8.32e-01
 2.55132e+22	0.00e+00	0.00e+00	0.00e+00	0.00e+00	0.00e+00	1.68e-27	4.52e-24	1.79e-20	2.04e-17	1.02e-14	2.44e-12	3.55e-10	3.00e-08	1.61e-06	9.50e-05	1.03e-02	1.63e-01	8.27e-01
 2.57614e+22	0.00e+00	0.00e+00	0.00e+00	0.00e+00	0.00e+00	2.50e-27	6.52e-24	2.49e-20	2.74e-17	1.33e-14	3.05e-12	4.30e-10	3.50e-08	1.82e-06	1.04e-04	1.09e-02	1.67e-01	8.22e-01
 2.60464e+22	0.00e+00	0.00e+00	0.00e+00	0.00e+00	9.24e-31	4.04e-27	1.01e-23	3.71e-20	3.92e-17	1.82e-14	4.01e-12	5.41e-10	4.24e-08	2.12e-06	1.16e-04	1.18e-02	1.73e-01	8.15e-01
 2.63556e+22	0.00e+00	0.00e+00	0.00e+00	0.00e+00	1.56e-30	6.55e-27	1.58e-23	5.55e-20	5.62e-17	2.50e-14	5.29e-12	6.85e-10	5.14e-08	2.47e-06	1.30e-04	1.26e-02	1.78e-01	8.09e-01
 2.66383e+22	0.00e+00	0.00e+00	0.00e+00	0.00e+00	2.54e-30	1.03e-26	2.41e-23	8.11e-20	7.88e-17	3.37e-14	6.85e-12	8.53e-10	6.17e-08	2.85e-06	1.45e-04	1.35e-02	1.84e-01	8.02e-01
 2.69054e+22	0.00e+00	0.00e+00	0.00e+00	0.00e+00	4.07e-30	1.60e-26	3.60e-23	1.17e-19	1.09e-16	4.49e-14	8.80e-12	1.05e-09	7.34e-08	3.27e-06	1.60e-04	1.45e-02	1.89e-01	7.96e-01
 2.71683e+22	0.00e+00	0.00e+00	0.00e+00	0.00e+00	6.44e-30	2.45e-26	5.33e-23	1.66e-19	1.50e-16	5.93e-14	1.12e-11	1.29e-09	8.69e-08	3.74e-06	1.77e-04	1.54e-02	1.95e-01	7.90e-01
 2.74686e+22	0.00e+00	0.00e+00	0.00e+00	0.00e+00	1.11e-29	4.08e-26	8.54e-23	2.55e-19	2.19e-16	8.29e-14	1.50e-11	1.65e-09	1.06e-07	4.39e-06	1.99e-04	1.66e-02	2.01e-01	7.82e-01
 2.77832e+22	0.00e+00	0.00e+00	0.00e+00	0.00e+00	1.89e-29	6.67e-26	1.34e-22	3.83e-19	3.16e-16	1.15e-13	1.98e-11	2.10e-09	1.29e-07	5.12e-06	2.23e-04	1.79e-02	2.08e-01	7.74e-01
 2.80558e+22	0.00e+00	0.00e+00	0.00e+00	0.00e+00	3.02e-29	1.03e-25	2.00e-22	5.51e-19	4.37e-16	1.52e-13	2.54e-11	2.59e-09	1.54e-07	5.87e-06	2.47e-04	1.90e-02	2.13e-01	7.67e-01
 2.82963e+22	0.00e+00	0.00e+00	0.00e+00	0.00e+00	4.58e-29	1.52e-25	2.86e-22	7.60e-19	5.82e-16	1.96e-13	3.16e-11	3.12e-09	1.79e-07	6.63e-06	2.70e-04	2.02e-02	2.19e-01	7.61e-01
 2.85559e+22	0.00e+00	0.00e+00	0.00e+00	0.00e+00	7.39e-29	2.37e-25	4.31e-22	1.10e-18	8.11e-16	2.63e-13	4.07e-11	3.86e-09	2.14e-07	7.61e-06	2.99e-04	2.15e-02	2.25e-01	7.53e-01
 2.88324e+22	0.00e+00	0.00e+00	0.00e+00	0.00e+00	1.16e-28	3.59e-25	6.33e-22	1.56e-18	1.11e-15	3.46e-13	5.17e-11	4.72e-09	2.52e-07	8.68e-06	3.29e-04	2.29e-02	2.31e-01	7.46e-01
 2.90857e+22	0.00e+00	0.00e+00	0.00e+00	0.00e+00	1.79e-28	5.37e-25	9.17e-22	2.18e-18	1.49e-15	4.51e-13	6.50e-11	5.74e-09	2.96e-07	9.84e-06	3.60e-04	2.42e-02	2.36e-01	7.39e-01
 2.93326e+22	0.00e+00	0.00e+00	0.00e+00	0.00e+00	1.34e-28	3.92e-25	6.48e-22	3.05e-18	2.01e-15	5.86e-13	8.16e-11	6.95e-09	3.46e-07	1.12e-05	3.95e-04	2.57e-02	2.42e-01	7.32e-01
 2.96163e+22	0.00e+00	0.00e+00	0.00e+00	0.00e+00	4.60e-28	1.29e-24	2.06e-21	4.54e-18	2.87e-15	8.01e-13	1.07e-10	8.74e-09	4.18e-07	1.29e-05	4.40e-04	2.75e-02	2.49e-01	7.23e-01
 2.99144e+22	0.00e+00	0.00e+00	0.00e+00	0.00e+00	3.71e-28	1.01e-24	1.55e-21	6.68e-18	4.06e-15	1.09e-12	1.39e-10	1.09e-08	5.03e-07	1.49e-05	4.89e-04	2.94e-02	2.56e-01	7.14e-01
 3.01645e+22	0.00e+00	0.00e+00	0.00e+00	0.00e+00	5.66e-28	1.49e-24	2.22e-21	9.26e-18	5.44e-15	1.41e-12	1.74e-10	1.32e-08	5.87e-07	1.69e-05	5.34e-04	3.11e-02	2.62e-01	7.07e-01
 3.04231e+22	0.00e+00	0.00e+00	0.00e+00	0.00e+00	9.14e-28	2.33e-24	3.35e-21	1.34e-17	7.57e-15	1.88e-12	2.24e-10	1.63e-08	6.98e-07	1.94e-05	5.90e-04	3.31e-02	2.68e-01	6.98e-01
 3.06996e+22	0.00e+00	0.00e+00	0.00e+00	0.00e+00	1.45e-27	3.57e-24	4.95e-21	1.91e-17	1.04e-14	2.49e-12	2.86e-10	2.01e-08	8.27e-07	2.21e-05	6.50e-04	3.52e-02	2.75e-01	6.89e-01
 3.09514e+22	0.00e+00	0.00e+00	0.00e+00	5.94e-31	2.22e-27	5.31e-24	7.14e-21	2.66e-17	1.40e-14	3.23e-12	3.58e-10	2.43e-08	9.66e-07	2.50e-05	7.11e-04	3.72e-02	2.81e-01	6.81e-01
 3.12309e+22	0.00e+00	0.00e+00	0.00e+00	1.03e-30	3.70e-27	8.54e-24	1.11e-20	3.96e-17	1.99e-14	4.40e-12	4.68e-10	3.04e-08	1.16e-06	2.89e-05	7.90e-04	3.97e-02	2.88e-01	6.71e-01
 3.15098e+22	0.00e+00	0.00e+00	0.00e+00	1.66e-30	5.80e-27	1.30e-23	1.63e-20	5.61e-17	2.71e-14	5.80e-12	5.94e-10	3.73e-08	1.37e-06	3.29e-05	8.68e-04	4.21e-02	2.95e-01	6.62e-01
 3.17372e+22	0.00e+00	0.00e+00	0.00e+00	2.51e-30	8.54e-27	1.86e-23	2.26e-20	7.56e-17	3.54e-14	7.34e-12	7.29e-10	4.43e-08	1.58e-06	3.68e-05	9.40e-04	4.43e-02	3.01e-01	6.54e-01
 3.19822e+22	0.00e+00	0.00e+00	0.00e+00	4.05e-30	1.34e-26	2.82e-23	3.32e-20	1.07e-16	4.83e-14	9.63e-12	9.22e-10	5.40e-08	1.86e-06	4.18e-05	1.03e-03	4.69e-02	3.07e-01	6.45e-01
 3.22491e+22	0.00e+00	0.00e+00	0.00e+00	6.57e-30	2.10e-26	4.29e-23	4.89e-20	1.52e-16	6.60e-14	1.27e-11	1.17e-09	6.61e-08	2.19e-06	4.75e-05	1.13e-03	4.96e-02	3.14e-01	6.36e-01
 3.24961e+22	0.00e+00	0.00e+00	0.00e+00	1.02e-29	3.16e-26	6.28e-23	6.95e-20	2.08e-16	8.76e-14	1.63e-11	1.45e-09	7.93e-08	2.55e-06	5.34e-05	1.23e-03	5.23e-02	3.20e-01	6.27e-01
 3.27688e+22	0.00e+00	0.00e+00	0.00e+00	1.73e-29	5.20e-26	9.96e-23	1.06e-19	3.06e-16	1.24e-13	2.20e-11	1.89e-09	9.88e-08	3.05e-06	6.14e-05	1.36e-03	5.56e-02	3.27e-01	6.16e-01
 3.30480e+22	0.00e+00	0.00e+00	0.00e+00	2.82e-29	8.21e-26	1.52e-22	1.57e-19	4.36e-16	1.69e-13	2.91e-11	2.40e-09	1.21e-07	3.60e-06	7.00e-05	1.50e-03	5.89e-02	3.34e-01	6.06e-01
 3.32801e+22	0.00e+00	0.00e+00	0.00e+00	4.30e-29	1.21e-25	2.19e-22	2.19e-19	5.90e-16	2.22e-13	3.69e-11	2.95e-09	1.44e-07	4.16e-06	7.83e-05	1.62e-03	6.18e-02	3.39e-01	5.97e-01
 3.35264e+22	0.00e+00	0.00e+00	0.00e+00	6.95e-29	1.90e-25	3.33e-22	3.23e-19	8.37e-16	3.03e-13	4.86e-11	3.74e-09	1.76e-07	4.89e-06	8.88e-05	1.77e-03	6.53e-02	3.46e-01	5.87e-01
 3.37918e+22	0.00e+00	0.00e+00	0.00e+00	1.11e-28	2.95e-25	5.00e-22	4.69e-19	1.17e-15	4.11e-13	6.35e-11	4.71e-09	2.14e-07	5.74e-06	1.01e-04	1.94e-03	6.90e-02	3.52e-01	5.77e-01
 3.40367e+22	0.00e+00	0.00e+00	0.00e+00	1.00e-28	2.59e-25	4.26e-22	6.69e-19	1.62e-15	5.48e-13	8.18e-11	5.87e-09	2.58e-07	6.67e-06	1.13e-04	2.11e-03	7.25e-02	3.58e-01	5.67e-01
 3.43097e+22	0.00e+00	0.00e+00	0.00e+00	1.71e-28	4.27e-25	6.78e-22	1.03e-18	2.39e-15	7.73e-13	1.11e-10	7.63e-09	3.21e-07	7.99e-06	1.30e-04	2.33e-03	7.70e-02	3.65e-01	5.55e-01
 3.45952e+22	0.00e+00	0.00e+00	0.00e+00	2.89e-28	6.97e-25	1.07e-21	1.55e-18	3.47e-15	1.08e-12	1.49e-10	9.88e-09	4.00e-07	9.56e-06	1.50e-04	2.57e-03	8.17e-02	3.72e-01	5.43e-01
 3.48293e+22	0.00e+00	0.00e+00	0.00e+00	4.31e-28	1.01e-24	1.51e-21	2.14e-18	4.64e-15	1.40e-12	1.87e-10	1.20e-08	4.72e-07	1.09e-05	1.66e-04	2.77e-03	8.54e-02	3.77e-01	5.34e-01
 3.50662e+22	0.00e+00	0.00e+00	0.00e+00	6.93e-28	1.58e-24	2.28e-21	3.11e-18	6.52e-15	1.90e-12	2.45e-10	1.52e-08	5.74e-07	1.28e-05	1.88e-04	3.03e-03	9.00e-02	3.83e-01	5.23e-01
 3.53217e+22	0.00e+00	0.00e+00	0.00e+00	1.09e-27	2.40e-24	3.37e-21	4.45e-18	9.03e-15	2.54e-12	3.17e-10	1.89e-08	6.93e-07	1.50e-05	2.11e-04	3.29e-03	9.45e-02	3.89e-01	5.13e-01
 3.55621e+22	0.00e+00	0.00e+00	2.32e-31	1.69e-27	3.63e-24	4.93e-21	6.30e-18	1.24e-14	3.38e-12	4.07e-10	2.35e-08	8.32e-07	1.74e-05	2.37e-04	3.57e-03	9.92e-02	3.94e-01	5.03e-01
 3.58350e+22	0.00e+00	0.00e+00	4.11e-31	2.90e-27	6.00e-24	7.86e-21	9.66e-18	1.83e-14	4.77e-12	5.52e-10	3.06e-08	1.04e-06	2.08e-05	2.73e-04	3.94e-03	1.05e-01	4.01e-01	4.90e-01
 3.61041e+22	0.00e+00	0.00e+00	6.85e-31	4.68e-27	9.37e-24	1.19e-20	1.40e-17	2.57e-14	6.49e-12	7.24e-10	3.88e-08	1.27e-06	2.45e-05	3.09e-04	4.30e-03	1.11e-01	4.06e-01	4.78e-01
 3.63168e+22	0.00e+00	0.00e+00	1.03e-30	6.86e-27	1.34e-23	1.65e-20	1.90e-17	3.38e-14	8.30e-12	8.99e-10	4.68e-08	1.49e-06	2.79e-05	3.42e-04	4.61e-03	1.15e-01	4.11e-01	4.69e-01
 3.65417e+22	0.00e+00	0.00e+00	1.67e-30	1.08e-26	2.05e-23	2.45e-20	2.72e-17	4.69e-14	1.11e-11	1.16e-09	5.85e-08	1.80e-06	3.25e-05	3.85e-04	5.01e-03	1.21e-01	4.16e-01	4.58e-01
 3.67868e+22	0.00e+00	0.00e+00	2.64e-30	1.67e-26	3.07e-23	3.56e-20	3.83e-17	6.40e-14	1.47e-11	1.49e-09	7.24e-08	2.15e-06	3.77e-05	4.30e-04	5.42e-03	1.26e-01	4.20e-01	4.48e-01
 3.70227e+22	0.00e+00	0.00e+00	4.27e-30	2.63e-26	4.67e-23	5.25e-20	5.45e-17	8.83e-14	1.96e-11	1.92e-09	9.03e-08	2.60e-06	4.39e-05	4.84e-04	5.88e-03	1.32e-01	4.25e-01	4.37e-01
 3.72544e+22	0.00e+00	0.00e+00	6.82e-30	4.08e-26	7.03e-23	7.65e-20	7.67e-17	1.21e-13	2.60e-11	2.47e-09	1.12e-07	3.12e-06	5.09e-05	5.42e-04	6.36e-03	1.38e-01	4.29e-01	4.26e-01
 3.74739e+22	0.00e+00	0.00e+00	1.05e-29	6.13e-26	1.03e-22	1.09e-19	1.05e-16	1.61e-13	3.37e-11	3.10e-09	1.37e-07	3.69e-06	5.84e-05	6.02e-04	6.84e-03	1.44e-01	4.32e-01	4.16e-01
 3.77168e+22	0.00e+00	0.00e+00	1.81e-29	1.02e-25	1.65e-22	1.68e-19	1.57e-16	2.32e-13	4.67e-11	4.14e-09	1.76e-07	4.56e-06	6.94e-05	6.86e-04	7.49e-03	1.52e-01	4.37e-01	4.03e-01
 3.79621e+22	0.00e+00	0.00e+00	2.86e-29	1.57e-25	2.46e-22	2.42e-19	2.18e-16	3.14e-13	6.13e-11	5.27e-09	2.17e-07	5.45e-06	8.02e-05	7.66e-04	8.08e-03	1.58e-01	4.40e-01	3.93e-01
 3.81748e+22	0.00e+00	0.00e+00	4.44e-29	2.37e-25	3.60e-22	3.44e-19	3.00e-16	4.20e-13	7.97e-11	6.65e-09	2.65e-07	6.47e-06	9.23e-05	8.52e-04	8.69e-03	1.65e-01	4.43e-01	3.83e-01
 3.84158e+22	0.00e+00	0.00e+00	7.66e-29	3.95e-25	5.79e-22	5.32e-19	4.46e-16	6.04e-13	1.10e-10	8.88e-09	3.41e-07	8.00e-06	1.10e-04	9.71e-04	9.51e-03	1.73e-01	4.46e-01	3.70e-01
 3.86632e+22	0.00e+00	0.00e+00	1.22e-28	6.13e-25	8.69e-22	7.74e-19	6.25e-16	8.23e-13	1.46e-10	1.14e-08	4.23e-07	9.60e-06	1.27e-04	1.09e-03	1.03e-02	1.80e-01	4.49e-01	3.59e-01
 3.88835e+22	0.00e+00	0.00e+00	1.95e-28	9.48e-25	1.30e-21	1.12e-18	8.71e-16	1.12e-12	1.92e-10	1.45e-08	5.23e-07	1.15e-05	1.47e-04	1.21e-03	1.11e-02	1.88e-01	4.51e-01	3.49e-01
 3.90919e+22	0.00e+00	0.00e+00	2.96e-28	1.40e-24	1.87e-21	1.56e-18	1.18e-15	1.47e-12	2.46e-10	1.81e-08	6.33e-07	1.35e-05	1.68e-04	1.34e-03	1.18e-02	1.94e-01	4.53e-01	3.39e-01
 3.93208e+22	0.00e+00	0.00e+00	5.01e-28	2.29e-24	2.94e-21	2.37e-18	1.71e-15	2.08e-12	3.37e-10	2.39e-08	8.05e-07	1.66e-05	1.98e-04	1.52e-03	1.29e-02	2.03e-01	4.55e-01	3.27e-01
 3.95546e+22	0.00e+00	0.00e+00	7.93e-28	3.53e-24	4.38e-21	3.40e-18	2.37e-15	2.81e-12	4.41e-10	3.04e-08	9.93e-07	1.98e-05	2.29e-04	1.69e-03	1.39e-02	2.11e-01	4.56e-01	3.17e-01
 3.97580e+22	0.00e+00	0.00e+00	1.22e-27	5.28e-24	6.35e-21	4.77e-18	3.22e-15	3.72e-12	5.69e-10	3.81e-08	1.21e-06	2.35e-05	2.63e-04	1.87e-03	1.48e-02	2.19e-01	4.57e-01	3.07e-01
 3.99855e+22	0.00e+00	1.49e-31	2.08e-27	8.68e-24	1.00e-20	7.25e-18	4.68e-15	5.25e-12	7.78e-10	5.03e-08	1.54e-06	2.88e-05	3.11e-04	2.12e-03	1.61e-02	2.28e-01	4.58e-01	2.95e-01
 4.02203e+22	0.00e+00	2.45e-31	3.31e-27	1.34e-23	1.50e-20	1.04e-17	6.48e-15	7.10e-12	1.02e-09	6.42e-08	1.90e-06	3.45e-05	3.59e-04	2.37e-03	1.73e-02	2.37e-01	4.58e-01	2.85e-01
 4.04223e+22	0.00e+00	3.87e-31	5.07e-27	1.99e-23	2.16e-20	1.46e-17	8.74e-15	9.36e-12	1.31e-09	8.02e-08	2.31e-06	4.07e-05	4.11e-04	2.61e-03	1.85e-02	2.45e-01	4.58e-01	2.75e-01
 4.06127e+22	0.00e+00	5.99e-31	7.62e-27	2.92e-23	3.06e-20	2.00e-17	1.16e-14	1.22e-11	1.67e-09	9.92e-08	2.78e-06	4.76e-05	4.66e-04	2.87e-03	1.97e-02	2.53e-01	4.58e-01	2.67e-01
 4.08303e+22	0.00e+00	1.04e-30	1.27e-26	4.70e-23	4.74e-20	2.98e-17	1.66e-14	1.69e-11	2.25e-09	1.29e-07	3.51e-06	5.80e-05	5.47e-04	3.23e-03	2.13e-02	2.63e-01	4.57e-01	2.56e-01
 4.10543e+22	0.00e+00	1.69e-30	2.01e-26	7.19e-23	7.00e-20	4.25e-17	2.27e-14	2.27e-11	2.93e-09	1.64e-07	4.31e-06	6.91e-05	6.31e-04	3.59e-03	2.28e-02	2.71e-01	4.56e-01	2.46e-01
 4.12502e+22	0.00e+00	2.67e-30	3.07e-26	1.07e-22	1.01e-19	5.90e-17	3.05e-14	2.98e-11	3.75e-09	2.05e-07	5.23e-06	8.14e-05	7.20e-04	3.96e-03	2.43e-02	2.80e-01	4.54e-01	2.37e-01
 4.14684e+22	0.00e+00	4.74e-30	5.25e-26	1.76e-22	1.59e-19	8.93e-17	4.40e-14	4.20e-11	5.13e-09	2.70e-07	6.66e-06	1.00e-04	8.50e-04	4.47e-03	2.63e-02	2.91e-01	4.52e-01	2.26e-01
 4.16840e+22	0.00e+00	7.38e-30	7.93e-26	2.59e-22	2.26e-19	1.23e-16	5.86e-14	5.47e-11	6.52e-09	3.35e-07	8.02e-06	1.17e-04	9.66e-04	4.91e-03	2.79e-02	2.99e-01	4.50e-01	2.18e-01
 4.18959e+22	0.00e+00	1.27e-29	1.32e-25	4.15e-22	3.49e-19	1.82e-16	8.29e-14	7.56e-11	8.76e-09	4.36e-07	1.01e-05	1.42e-04	1.13e-03	5.51e-03	3.00e-02	3.09e-01	4.46e-01	2.08e-01
 4.21137e+22	0.00e+00	2.09e-29	2.09e-25	6.37e-22	5.15e-19	2.58e-16	1.13e-13	1.01e-10	1.14e-08	5.53e-07	1.24e-05	1.70e-04	1.30e-03	6.11e-03	3.21e-02	3.18e-01	4.43e-01	1.99e-01
 4.22995e+22	0.00e+00	3.16e-29	3.08e-25	9.12e-22	7.16e-19	3.48e-16	1.47e-13	1.29e-10	1.43e-08	6.75e-07	1.48e-05	1.97e-04	1.47e-03	6.66e-03	3.39e-02	3.26e-01	4.40e-01	1.91e-01
 4.25014e+22	0.00e+00	5.33e-29	5.02e-25	1.43e-21	1.08e-18	5.05e-16	2.05e-13	1.76e-10	1.89e-08	8.68e-07	1.84e-05	2.37e-04	1.70e-03	7.42e-03	3.63e-02	3.36e-01	4.36e-01	1.82e-01
 4.27131e+22	0.00e+00	8.59e-29	7.82e-25	2.16e-21	1.58e-18	7.08e-16	2.76e-13	2.33e-10	2.44e-08	1.09e-06	2.24e-05	2.80e-04	1.95e-03	8.18e-03	3.85e-02	3.45e-01	4.32e-01	1.74e-01
 4.29039e+22	0.00e+00	1.36e-28	1.20e-24	3.21e-21	2.25e-18	9.77e-16	3.67e-13	3.04e-10	3.11e-08	1.36e-06	2.71e-05	3.29e-04	2.22e-03	8.98e-03	4.08e-02	3.54e-01	4.27e-01	1.67e-01
 4.31185e+22	0.00e+00	2.37e-28	2.01e-24	5.21e-21	3.51e-18	1.45e-15	5.21e-13	4.22e-10	4.20e-08	1.77e-06	3.42e-05	4.01e-04	2.59e-03	1.01e-02	4.38e-02	3.64e-01	4.22e-01	1.58e-01
 4.33347e+22	0.00e+00	3.83e-28	3.14e-24	7.86e-21	5.10e-18	2.03e-15	7.00e-13	5.58e-10	5.42e-08	2.23e-06	4.17e-05	4.75e-04	2.97e-03	1.11e-02	4.64e-02	3.73e-01	4.16e-01	1.50e-01
 4.35198e+22	0.00e+00	5.97e-28	4.75e-24	1.15e-20	7.21e-18	2.78e-15	9.19e-13	7.21e-10	6.86e-08	2.75e-06	5.01e-05	5.55e-04	3.36e-03	1.21e-02	4.90e-02	3.81e-01	4.11e-01	1.43e-01
 4.37275e+22	0.00e+00	1.03e-27	7.91e-24	1.85e-20	1.11e-17	4.08e-15	1.29e-12	9.92e-10	9.19e-08	3.57e-06	6.29e-05	6.72e-04	3.91e-03	1.35e-02	5.23e-02	3.90e-01	4.04e-01	1.35e-01
 4.39445e+22	0.00e+00	1.71e-27	1.26e-23	2.84e-20	1.64e-17	5.78e-15	1.75e-12	1.32e-09	1.20e-07	4.53e-06	7.73e-05	8.00e-04	4.49e-03	1.49e-02	5.55e-02	3.99e-01	3.97e-01	1.28e-01
 4.41396e+22	0.00e+00	2.69e-27	1.92e-23	4.21e-20	2.34e-17	7.97e-15	2.32e-12	1.72e-09	1.53e-07	5.63e-06	9.33e-05	9.37e-04	5.09e-03	1.63e-02	5.85e-02	4.07e-01	3.91e-01	1.21e-01
 4.43259e+22	0.00e+00	4.25e-27	2.94e-23	6.22e-20	3.33e-17	1.09e-14	3.04e-12	2.24e-09	1.94e-07	6.98e-06	1.12e-04	1.10e-03	5.77e-03	1.78e-02	6.16e-02	4.14e-01	3.84e-01	1.15e-01
 4.45027e+22	0.00e+00	6.45e-27	4.33e-23	8.90e-20	4.60e-17	1.46e-14	3.92e-12	2.84e-09	2.42e-07	8.50e-06	1.33e-04	1.27e-03	6.47e-03	1.92e-02	6.45e-02	4.21e-01	3.78e-01	1.10e-01
 4.47007e+22	0.00e+00	1.12e-26	7.25e-23	1.43e-19	7.05e-17	2.13e-14	5.44e-12	3.89e-09	3.23e-07	1.10e-05	1.67e-04	1.53e-03	7.52e-03	2.14e-02	6.85e-02	4.29e-01	3.69e-01	1.03e-01
 4.49000e+22	0.00e+00	1.76e-26	1.10e-22	2.09e-19	9.94e-17	2.88e-14	7.09e-12	5.01e-09	4.08e-07	1.36e-05	2.01e-04	1.79e-03	8.48e-03	2.32e-02	7.19e-02	4.35e-01	3.62e-01	9.73e-02
 4.50615e+22	0.00e+00	2.56e-26	1.55e-22	2.88e-19	1.32e-16	3.72e-14	8.84e-12	6.18e-09	4.95e-07	1.62e-05	2.34e-04	2.03e-03	9.38e-03	2.49e-02	7.48e-02	4.41e-01	3.55e-01	9.28e-02
 4.52009e+22	0.00e+00	3.62e-26	2.14e-22	3.87e-19	1.73e-16	4.70e-14	1.08e-11	7.51e-09	5.93e-07	1.91e-05	2.69e-04	2.29e-03	1.03e-02	2.66e-02	7.75e-02	4.45e-01	3.49e-01	8.88e-02
 4.53294e+22	0.00e+00	4.99e-26	2.88e-22	5.08e-19	2.21e-16	5.84e-14	1.30e-11	8.99e-09	7.00e-07	2.22e-05	3.06e-04	2.55e-03	1.12e-02	2.82e-02	8.01e-02	4.49e-01	3.43e-01	8.52e-02
 4.54745e+22	0.00e+00	7.41e-26	4.16e-22	7.11e-19	2.98e-16	7.61e-14	1.64e-11	1.12e-08	8.59e-07	2.66e-05	3.59e-04	2.91e-03	1.24e-02	3.03e-02	8.33e-02	4.54e-01	3.36e-01	8.09e-02
 4.56193e+22	0.00e+00	1.04e-25	5.66e-22	9.44e-19	3.84e-16	9.51e-14	1.98e-11	1.35e-08	1.02e-06	3.11e-05	4.10e-04	3.26e-03	1.36e-02	3.21e-02	8.60e-02	4.57e-01	3.30e-01	7.74e-02
 4.57406e+22	0.00e+00	1.41e-25	7.51e-22	1.22e-18	4.84e-16	1.17e-13	2.36e-11	1.60e-08	1.19e-06	3.58e-05	4.64e-04	3.61e-03	1.47e-02	3.39e-02	8.86e-02	4.60e-01	3.24e-01	7.42e-02
 4.58750e+22	0.00e+00	2.04e-25	1.06e-21	1.68e-18	6.43e-16	1.50e-13	2.93e-11	1.97e-08	1.45e-06	4.26e-05	5.39e-04	4.09e-03	1.62e-02	3.62e-02	9.17e-02	4.64e-01	3.17e-01	7.05e-02
 4.60140e+22	0.00e+00	2.86e-25	1.45e-21	2.23e-18	8.27e-16	1.86e-13	3.53e-11	2.36e-08	1.72e-06	4.97e-05	6.15e-04	4.57e-03	1.77e-02	3.84e-02	9.46e-02	4.66e-01	3.11e-01	6.72e-02
 4.61315e+22	0.00e+00	3.84e-25	1.90e-21	2.85e-18	1.03e-15	2.26e-13	4.16e-11	2.77e-08	2.00e-06	5.70e-05	6.92e-04	5.05e-03	1.91e-02	4.04e-02	9.71e-02	4.68e-01	3.05e-01	6.45e-02
 4.62403e+22	5.01e-32	5.16e-25	2.50e-21	3.66e-18	1.29e-15	2.74e-13	4.90e-11	3.25e-08	2.32e-06	6.52e-05	7.77e-04	5.56e-03	2.06e-02	4.25e-02	9.96e-02	4.70e-01	2.99e-01	6.18e-02
 4.63653e+22	7.38e-32	7.47e-25	3.50e-21	4.98e-18	1.69e-15	3.47e-13	5.99e-11	3.96e-08	2.79e-06	7.72e-05	8.99e-04	6.28e-03	2.26e-02	4.52e-02	1.03e-01	4.72e-01	2.91e-01	5.85e-02
 4.64921e+22	1.01e-31	1.01e-24	4.63e-21	6.41e-18	2.12e-15	4.22e-13	7.06e-11	4.67e-08	3.25e-06	8.86e-05	1.01e-03	6.93e-03	2.43e-02	4.76e-02	1.05e-01	4.74e-01	2.85e-01	5.59e-02
 4.66043e+22	1.39e-31	1.36e-24	6.09e-21	8.23e-18	2.64e-15	5.11e-13	8.31e-11	5.48e-08	3.78e-06	1.01e-04	1.14e-03	7.63e-03	2.62e-02	5.00e-02	1.08e-01	4.75e-01	2.79e-01	5.34e-02
 4.67332e+22	2.08e-31	2.00e-24	8.67e-21	1.13e-17	3.51e-15	6.53e-13	1.02e-10	6.72e-08	4.58e-06	1.21e-04	1.32e-03	8.64e-03	2.88e-02	5.32e-02	1.11e-01	4.75e-01	2.71e-01	5.03e-02
 4.68559e+22	2.80e-31	2.64e-24	1.12e-20	1.43e-17	4.31e-15	7.81e-13	1.19e-10	7.81e-08	5.27e-06	1.37e-04	1.47e-03	9.45e-03	3.09e-02	5.56e-02	1.14e-01	4.76e-01	2.65e-01	4.81e-02
 4.69548e+22	3.77e-31	3.51e-24	1.45e-20	1.81e-17	5.29e-15	9.30e-13	1.37e-10	9.05e-08	6.06e-06	1.56e-04	1.64e-03	1.04e-02	3.31e-02	5.82e-02	1.16e-01	4.76e-01	2.59e-01	4.60e-02
 4.70520e+22	5.02e-31	4.61e-24	1.87e-20	2.27e-17	6.44e-15	1.10e-12	1.58e-10	1.04e-07	6.93e-06	1.76e-04	1.82e-03	1.13e-02	3.53e-02	6.07e-02	1.18e-01	4.75e-01	2.53e-01	4.40e-02
 4.71628e+22	7.19e-31	6.48e-24	2.55e-20	3.00e-17	8.25e-15	1.36e-12	1.88e-10	1.25e-07	8.20e-06	2.05e-04	2.08e-03	1.26e-02	3.83e-02	6.40e-02	1.21e-01	4.74e-01	2.46e-01	4.16e-02
 4.72765e+22	9.94e-31	8.82e-24	3.38e-20	3.87e-17	1.03e-14	1.64e-12	2.20e-10	1.46e-07	9.53e-06	2.35e-04	2.34e-03	1.38e-02	4.12e-02	6.70e-02	1.24e-01	4.73e-01	2.39e-01	3.94e-02
 4.73752e+22	1.31e-30	1.15e-23	4.30e-20	4.81e-17	1.25e-14	1.93e-12	2.52e-10	1.67e-07	1.08e-05	2.64e-04	2.58e-03	1.50e-02	4.38e-02	6.97e-02	1.26e-01	4.72e-01	2.33e-01	3.77e-02
 4.74845e+22	1.96e-30	1.68e-23	6.09e-20	6.56e-17	1.63e-14	2.42e-12	3.03e-10	2.02e-07	1.30e-05	3.12e-04	2.98e-03	1.69e-02	4.79e-02	7.37e-02	1.28e-01	4.69e-01	2.25e-01	3.52e-02
 4.75932e+22	2.57e-30	2.18e-23	7.72e-20	8.12e-17	1.96e-14	2.84e-12	3.46e-10	2.32e-07	1.48e-05	3.50e-04	3.28e-03	1.83e-02	5.08e-02	7.65e-02	1.30e-01	4.67e-01	2.19e-01	3.36e-02
 4.77013e+22	3.86e-30	3.21e-23	1.10e-19	1.11e-16	2.57e-14	3.55e-12	4.14e-10	2.80e-07	1.78e-05	4.14e-04	3.79e-03	2.06e-02	5.55e-02	8.08e-02	1.33e-01	4.64e-01	2.11e-01	3.13e-02
 4.78059e+22	5.05e-30	4.15e-23	1.39e-19	1.37e-16	3.08e-14	4.13e-12	4.69e-10	3.19e-07	2.01e-05	4.63e-04	4.17e-03	2.22e-02	5.88e-02	8.37e-02	1.35e-01	4.61e-01	2.05e-01	2.99e-02
 4.79061e+22	7.27e-30	5.87e-23	1.90e-19	1.81e-16	3.92e-14	5.05e-12	5.51e-10	3.78e-07	2.37e-05	5.37e-04	4.74e-03	2.46e-02	6.34e-02	8.76e-02	1.37e-01	4.57e-01	1.98e-01	2.80e-02
 4.80096e+22	9.87e-30	7.86e-23	2.48e-19	2.29e-16	4.80e-14	5.97e-12	6.31e-10	4.37e-07	2.72e-05	6.09e-04	5.27e-03	2.69e-02	6.76e-02	9.10e-02	1.39e-01	4.53e-01	1.91e-01	2.64e-02
 4.81175e+22	1.49e-29	1.16e-22	3.53e-19	3.13e-16	6.26e-14	7.44e-12	7.52e-10	5.27e-07	3.26e-05	7.19e-04	6.06e-03	3.01e-02	7.34e-02	9.57e-02	1.41e-01	4.46e-01	1.82e-01	2.44e-02
 4.82214e+22	1.96e-29	1.52e-22	4.49e-19	3.87e-16	7.52e-14	8.66e-12	8.49e-10	6.00e-07	3.70e-05	8.05e-04	6.67e-03	3.25e-02	7.76e-02	9.88e-02	1.42e-01	4.42e-01	1.77e-01	2.31e-02
 4.83203e+22	2.91e-29	2.21e-22	6.30e-19	5.21e-16	9.67e-14	1.06e-11	9.97e-10	7.16e-07	4.39e-05	9.42e-04	7.62e-03	3.61e-02	8.39e-02	1.03e-01	1.44e-01	4.35e-01	1.68e-01	2.14e-02
 4.84189e+22	3.81e-29	2.85e-22	7.95e-19	6.41e-16	1.15e-13	1.23e-11	1.12e-09	8.11e-07	4.95e-05	1.05e-03	8.34e-03	3.88e-02	8.83e-02	1.06e-01	1.45e-01	4.29e-01	1.63e-01	2.02e-02
 4.85171e+22	5.71e-29	4.21e-22	1.13e-18	8.68e-16	1.49e-13	1.51e-11	1.31e-09	9.68e-07	5.89e-05	1.23e-03	9.54e-03	4.32e-02	9.53e-02	1.11e-01	1.46e-01	4.21e-01	1.54e-01	1.86e-02
 4.86148e+22	7.56e-29	5.50e-22	1.44e-18	1.07e-15	1.79e-13	1.75e-11	1.48e-09	1.10e-06	6.65e-05	1.37e-03	1.05e-02	4.64e-02	1.00e-01	1.14e-01	1.46e-01	4.14e-01	1.49e-01	1.75e-02
 4.87119e+22	1.13e-28	8.07e-22	2.02e-18	1.45e-15	2.29e-13	2.13e-11	1.72e-09	1.31e-06	7.88e-05	1.61e-03	1.19e-02	5.14e-02	1.08e-01	1.19e-01	1.47e-01	4.05e-01	1.40e-01	1.60e-02
 4.88105e+22	1.52e-28	1.07e-21	2.62e-18	1.81e-15	2.77e-13	2.49e-11	1.94e-09	1.49e-06	8.95e-05	1.80e-03	1.31e-02	5.54e-02	1.14e-01	1.22e-01	1.47e-01	3.97e-01	1.34e-01	1.50e-02
 4.89110e+22	2.27e-28	1.58e-21	3.69e-18	2.44e-15	3.56e-13	3.04e-11	2.26e-09	1.77e-06	1.06e-04	2.10e-03	1.49e-02	6.11e-02	1.22e-01	1.26e-01	1.47e-01	3.86e-01	1.26e-01	1.36e-02
 4.90107e+22	3.09e-28	2.11e-21	4.80e-18	3.07e-15	4.30e-13	3.53e-11	2.54e-09	2.01e-06	1.20e-04	2.36e-03	1.64e-02	6.58e-02	1.28e-01	1.30e-01	1.47e-01	3.77e-01	1.20e-01	1.27e-02
 4.91095e+22	4.61e-28	3.10e-21	6.77e-18	4.13e-15	5.51e-13	4.29e-11	2.94e-09	2.38e-06	1.42e-04	2.73e-03	1.85e-02	7.23e-02	1.36e-01	1.34e-01	1.47e-01	3.65e-01	1.13e-01	1.15e-02
 4.92096e+22	6.33e-28	4.20e-21	8.88e-18	5.21e-15	6.69e-13	5.00e-11	3.30e-09	2.72e-06	1.61e-04	3.07e-03	2.04e-02	7.77e-02	1.43e-01	1.37e-01	1.46e-01	3.55e-01	1.07e-01	1.06e-02
 4.93116e+22	9.59e-28	6.26e-21	1.27e-17	7.08e-15	8.62e-13	6.10e-11	3.84e-09	3.22e-06	1.90e-04	3.57e-03	2.31e-02	8.53e-02	1.52e-01	1.40e-01	1.44e-01	3.42e-01	9.92e-02	9.49e-03
 4.94147e+22	1.33e-27	8.55e-21	1.67e-17	9.00e-15	1.05e-12	7.12e-11	4.31e-09	3.67e-06	2.16e-04	4.01e-03	2.54e-02	9.15e-02	1.60e-01	1.43e-01	1.43e-01	3.31e-01	9.34e-02	8.69e-03
 4.95194e+22	2.04e-27	1.29e-20	2.41e-17	1.23e-14	1.36e-12	8.71e-11	5.01e-09	4.35e-06	2.55e-04	4.66e-03	2.87e-02	1.00e-01	1.69e-01	1.46e-01	1.41e-01	3.16e-01	8.60e-02	7.72e-03
 4.96247e+22	2.83e-27	1.76e-20	3.19e-17	1.56e-14	1.66e-12	1.02e-10	5.62e-09	4.94e-06	2.88e-04	5.21e-03	3.14e-02	1.07e-01	1.76e-01	1.49e-01	1.39e-01	3.05e-01	8.06e-02	7.03e-03
 4.97154e+22	3.89e-27	2.39e-20	4.19e-17	1.97e-14	2.01e-12	1.18e-10	6.27e-09	5.58e-06	3.25e-04	5.80e-03	3.43e-02	1.14e-01	1.83e-01	1.50e-01	1.37e-01	2.93e-01	7.54e-02	6.41e-03
 4.98180e+22	5.90e-27	3.57e-20	5.97e-17	2.67e-14	2.57e-12	1.43e-10	7.23e-09	6.53e-06	3.78e-04	6.66e-03	3.83e-02	1.23e-01	1.92e-01	1.52e-01	1.34e-01	2.78e-01	6.90e-02	5.65e-03
 4.99206e+22	7.99e-27	4.78e-20	7.74e-17	3.33e-14	3.09e-12	1.65e-10	8.04e-09	7.31e-06	4.22e-04	7.35e-03	4.14e-02	1.30e-01	1.99e-01	1.54e-01	1.31e-01	2.67e-01	6.45e-02	5.15e-03
 5.00230e+22	1.20e-26	7.07e-20	1.10e-16	4.47e-14	3.94e-12	1.98e-10	9.24e-09	8.48e-06	4.87e-04	8.37e-03	4.60e-02	1.40e-01	2.07e-01	1.55e-01	1.28e-01	2.52e-01	5.87e-02	4.52e-03
 5.01264e+22	1.62e-26	9.43e-20	1.42e-16	5.57e-14	4.72e-12	2.29e-10	1.03e-08	9.46e-06	5.41e-04	9.19e-03	4.95e-02	1.47e-01	2.13e-01	1.55e-01	1.25e-01	2.41e-01	5.47e-02	4.10e-03
 5.02310e+22	2.44e-26	1.39e-19	2.00e-16	7.48e-14	6.01e-12	2.75e-10	1.18e-08	1.09e-05	6.20e-04	1.04e-02	5.46e-02	1.58e-01	2.20e-01	1.55e-01	1.21e-01	2.27e-01	4.95e-02	3.58e-03
 5.03376e+22	3.31e-26	1.87e-19	2.60e-16	9.34e-14	7.23e-12	3.18e-10	1.31e-08	1.21e-05	6.87e-04	1.14e-02	5.86e-02	1.65e-01	2.26e-01	1.55e-01	1.18e-01	2.16e-01	4.59e-02	3.23e-03
 5.04467e+22	4.92e-26	2.73e-19	3.65e-16	1.25e-13	9.18e-12	3.83e-10	1.51e-08	1.39e-05	7.82e-04	1.28e-02	6.42e-02	1.75e-01	2.32e-01	1.55e-01	1.14e-01	2.02e-01	4.14e-02	2.81e-03
 5.05594e+22	6.80e-26	3.73e-19	4.81e-16	1.58e-13	1.12e-11	4.46e-10	1.69e-08	1.55e-05	8.68e-04	1.40e-02	6.89e-02	1.83e-01	2.37e-01	1.54e-01	1.10e-01	1.91e-01	3.79e-02	2.50e-03
 5.06766e+22	2.35e-29	5.54e-19	6.84e-16	2.13e-13	1.43e-11	5.41e-10	1.96e-08	1.78e-05	9.87e-04	1.57e-02	7.53e-02	1.94e-01	2.43e-01	1.52e-01	1.05e-01	1.77e-01	3.39e-02	2.15e-03
 5.07966e+22	3.28e-29	7.57e-19	9.04e-16	2.70e-13	1.74e-11	6.32e-10	2.20e-08	1.98e-05	1.09e-03	1.72e-02	8.06e-02	2.02e-01	2.47e-01	1.51e-01	1.01e-01	1.67e-01	3.09e-02	1.91e-03
 5.09034e+22	4.53e-29	1.02e-18	1.18e-15	3.40e-13	2.11e-11	7.35e-10	2.47e-08	2.20e-05	1.20e-03	1.87e-02	8.59e-02	2.10e-01	2.51e-01	1.49e-01	9.76e-02	1.57e-01	2.82e-02	1.69e-03
 5.10253e+22	6.85e-29	1.51e-18	1.67e-15	4.56e-13	2.69e-11	8.90e-10	2.86e-08	2.50e-05	1.35e-03	2.08e-02	9.29e-02	2.20e-01	2.55e-01	1.46e-01	9.28e-02	1.45e-01	2.51e-02	1.44e-03
 5.11491e+22	9.43e-29	2.03e-18	2.18e-15	5.73e-13	3.25e-11	1.03e-09	3.20e-08	2.76e-05	1.48e-03	2.25e-02	9.86e-02	2.27e-01	2.57e-01	1.44e-01	8.91e-02	1.36e-01	2.28e-02	1.28e-03
 5.12750e+22	1.42e-28	2.96e-18	3.05e-15	7.65e-13	4.15e-11	1.25e-09	3.71e-08	3.13e-05	1.66e-03	2.48e-02	1.06e-01	2.37e-01	2.60e-01	1.41e-01	8.43e-02	1.25e-01	2.02e-02	1.09e-03
 5.13974e+22	1.89e-28	3.86e-18	3.87e-15	9.37e-13	4.92e-11	1.44e-09	4.12e-08	3.41e-05	1.79e-03	2.66e-02	1.12e-01	2.43e-01	2.61e-01	1.38e-01	8.10e-02	1.17e-01	1.85e-02	9.69e-04
 5.15150e+22	2.74e-28	5.45e-18	5.26e-15	1.22e-12	6.13e-11	1.71e-09	4.71e-08	3.81e-05	1.98e-03	2.89e-02	1.19e-01	2.51e-01	2.62e-01	1.35e-01	7.67e-02	1.08e-01	1.64e-02	8.33e-04
 5.16349e+22	3.64e-28	7.07e-18	6.65e-15	1.49e-12	7.26e-11	1.96e-09	5.24e-08	4.15e-05	2.14e-03	3.09e-02	1.24e-01	2.57e-01	2.63e-01	1.32e-01	7.35e-02	1.01e-01	1.50e-02	7.41e-04
 5.17577e+22	5.33e-28	1.00e-17	9.08e-15	1.95e-12	9.08e-11	2.34e-09	6.01e-08	4.63e-05	2.36e-03	3.36e-02	1.32e-01	2.65e-01	2.63e-01	1.28e-01	6.93e-02	9.29e-02	1.33e-02	6.32e-04
 5.18822e+22	7.04e-28	1.29e-17	1.14e-14	2.37e-12	1.07e-10	2.68e-09	6.68e-08	5.04e-05	2.53e-03	3.57e-02	1.38e-01	2.70e-01	2.63e-01	1.25e-01	6.63e-02	8.70e-02	1.21e-02	5.61e-04
 5.20090e+22	1.03e-27	1.83e-17	1.55e-14	3.10e-12	1.34e-10	3.21e-09	7.67e-08	5.62e-05	2.79e-03	3.87e-02	1.46e-01	2.77e-01	2.62e-01	1.21e-01	6.23e-02	7.95e-02	1.06e-02	4.77e-04
 5.21336e+22	1.33e-27	2.31e-17	1.92e-14	3.72e-12	1.57e-10	3.64e-09	8.47e-08	6.07e-05	2.98e-03	4.08e-02	1.52e-01	2.82e-01	2.61e-01	1.18e-01	5.96e-02	7.46e-02	9.75e-03	4.26e-04
 5.22553e+22	1.89e-27	3.18e-17	2.56e-14	4.75e-12	1.93e-10	4.30e-09	9.64e-08	6.71e-05	3.25e-03	4.39e-02	1.60e-01	2.87e-01	2.59e-01	1.14e-01	5.61e-02	6.83e-02	8.63e-03	3.64e-04
 5.23795e+22	2.45e-27	4.03e-17	3.17e-14	5.72e-12	2.26e-10	4.89e-09	1.07e-07	7.25e-05	3.47e-03	4.63e-02	1.66e-01	2.91e-01	2.57e-01	1.11e-01	5.35e-02	6.39e-02	7.86e-03	3.24e-04
 5.25070e+22	3.50e-27	5.56e-17	4.22e-14	7.33e-12	2.79e-10	5.80e-09	1.22e-07	8.02e-05	3.78e-03	4.97e-02	1.74e-01	2.96e-01	2.55e-01	1.06e-01	5.01e-02	5.83e-02	6.93e-03	2.76e-04
 5.26368e+22	4.57e-27	7.08e-17	5.25e-14	8.86e-12	3.27e-10	6.61e-09	1.35e-07	8.68e-05	4.03e-03	5.24e-02	1.80e-01	3.00e-01	2.52e-01	1.03e-01	4.76e-02	5.43e-02	6.29e-03	2.44e-04
 5.27698e+22	6.53e-27	9.77e-17	7.01e-14	1.14e-11	4.04e-10	7.85e-09	1.55e-07	9.61e-05	4.39e-03	5.61e-02	1.88e-01	3.04e-01	2.49e-01	9.87e-02	4.45e-02	4.93e-02	5.51e-03	2.06e-04
 5.29052e+22	8.56e-27	1.24e-16	8.73e-14	1.37e-11	4.76e-10	8.97e-09	1.72e-07	1.04e-04	4.69e-03	5.91e-02	1.95e-01	3.07e-01	2.46e-01	9.53e-02	4.21e-02	4.58e-02	4.98e-03	1.81e-04
 5.30436e+22	2.99e-27	1.72e-16	1.17e-13	1.77e-11	5.89e-10	1.07e-08	1.97e-07	1.15e-04	5.10e-03	6.32e-02	2.03e-01	3.11e-01	2.42e-01	9.10e-02	3.92e-02	4.14e-02	4.35e-03	1.53e-04
 5.31846e+22	3.93e-27	2.19e-16	1.45e-13	2.14e-11	6.94e-10	1.22e-08	2.20e-07	1.25e-04	5.44e-03	6.65e-02	2.10e-01	3.13e-01	2.38e-01	8.76e-02	3.70e-02	3.84e-02	3.91e-03	1.34e-04
 5.33289e+22	5.65e-27	3.03e-16	1.95e-13	2.76e-11	8.62e-10	1.46e-08	2.53e-07	1.39e-04	5.92e-03	7.10e-02	2.19e-01	3.16e-01	2.33e-01	8.32e-02	3.43e-02	3.46e-02	3.40e-03	1.12e-04
 5.34700e+22	7.22e-27	3.77e-16	2.37e-13	3.27e-11	9.99e-10	1.65e-08	2.79e-07	1.49e-04	6.28e-03	7.43e-02	2.25e-01	3.17e-01	2.30e-01	8.03e-02	3.25e-02	3.22e-02	3.09e-03	9.94e-05
 5.36069e+22	1.02e-26	5.11e-16	3.12e-13	4.15e-11	1.22e-09	1.95e-08	3.18e-07	1.65e-04	6.78e-03	7.88e-02	2.33e-01	3.19e-01	2.24e-01	7.63e-02	3.02e-02	2.91e-02	2.69e-03	8.37e-05
 5.37459e+22	1.30e-26	6.35e-16	3.79e-13	4.94e-11	1.42e-09	2.20e-08	3.51e-07	1.77e-04	7.20e-03	8.24e-02	2.39e-01	3.19e-01	2.20e-01	7.34e-02	2.86e-02	2.70e-02	2.44e-03	7.40e-05
 5.38878e+22	1.82e-26	8.53e-16	4.96e-13	6.23e-11	1.73e-09	2.60e-08	4.01e-07	1.95e-04	7.77e-03	8.72e-02	2.47e-01	3.20e-01	2.15e-01	6.96e-02	2.65e-02	2.44e-02	2.13e-03	6.24e-05
 5.40341e+22	2.39e-26	1.08e-15	6.15e-13	7.52e-11	2.04e-09	2.97e-08	4.46e-07	2.12e-04	8.26e-03	9.13e-02	2.54e-01	3.20e-01	2.10e-01	6.66e-02	2.48e-02	2.24e-02	1.90e-03	5.43e-05
 5.41861e+22	3.36e-26	1.46e-15	8.05e-13	9.52e-11	2.50e-09	3.52e-08	5.11e-07	2.34e-04	8.93e-03	9.66e-02	2.62e-01	3.20e-01	2.04e-01	6.29e-02	2.29e-02	2.01e-02	1.65e-03	4.55e-05
 5.43431e+22	4.48e-26	1.87e-15	1.01e-12	1.16e-10	2.97e-09	4.06e-08	5.73e-07	2.55e-04	9.53e-03	1.01e-01	2.69e-01	3.20e-01	1.99e-01	5.98e-02	2.14e-02	1.84e-02	1.46e-03	3.92e-05
 5.45066e+22	6.38e-26	2.55e-15	1.34e-12	1.49e-10	3.67e-09	4.84e-08	6.60e-07	2.83e-04	1.03e-02	1.07e-01	2.77e-01	3.19e-01	1.93e-01	5.62e-02	1.96e-02	1.64e-02	1.26e-03	3.25e-05
 5.46746e+22	8.59e-26	3.30e-15	1.69e-12	1.82e-10	4.38e-09	5.61e-08	7.43e-07	3.09e-04	1.10e-02	1.13e-01	2.84e-01	3.17e-01	1.87e-01	5.32e-02	1.82e-02	1.49e-02	1.11e-03	2.78e-05
 5.48484e+22	1.24e-25	4.53e-15	2.26e-12	2.35e-10	5.46e-09	6.74e-08	8.62e-07	3.45e-04	1.20e-02	1.19e-01	2.92e-01	3.15e-01	1.80e-01	4.97e-02	1.66e-02	1.32e-02	9.45e-04	2.28e-05
 5.50280e+22	1.69e-25	5.93e-15	2.88e-12	2.92e-10	6.57e-09	7.87e-08	9.76e-07	3.78e-04	1.29e-02	1.25e-01	2.99e-01	3.13e-01	1.74e-01	4.68e-02	1.53e-02	1.19e-02	8.25e-04	1.93e-05
 5.52151e+22	2.48e-25	8.27e-15	3.90e-12	3.80e-10	8.27e-09	9.54e-08	1.14e-06	4.24e-04	1.40e-02	1.33e-01	3.08e-01	3.10e-01	1.67e-01	4.33e-02	1.38e-02	1.04e-02	6.95e-04	1.56e-05
 5.54071e+22	3.43e-25	1.09e-14	5.02e-12	4.75e-10	1.00e-08	1.12e-07	1.30e-06	4.67e-04	1.50e-02	1.39e-01	3.14e-01	3.07e-01	1.61e-01	4.06e-02	1.27e-02	9.33e-03	6.01e-04	1.30e-05
 5.55795e+22	4.65e-25	1.42e-14	6.38e-12	5.87e-10	1.21e-08	1.31e-07	1.47e-06	5.12e-04	1.61e-02	1.45e-01	3.21e-01	3.04e-01	1.55e-01	3.81e-02	1.17e-02	8.39e-03	5.23e-04	1.10e-05
 5.57776e+22	7.03e-25	2.02e-14	8.81e-12	7.79e-10	1.54e-08	1.60e-07	1.73e-06	5.78e-04	1.76e-02	1.54e-01	3.29e-01	2.99e-01	1.47e-01	3.49e-02	1.04e-02	7.24e-03	4.33e-04	8.70e-06
 5.59769e+22	9.53e-25	2.63e-14	1.12e-11	9.62e-10	1.85e-08	1.87e-07	1.96e-06	6.34e-04	1.88e-02	1.61e-01	3.35e-01	2.95e-01	1.41e-01	3.27e-02	9.56e-03	6.49e-03	3.76e-04	7.32e-06
 5.61778e+22	1.43e-24	3.71e-14	1.53e-11	1.27e-09	2.35e-08	2.28e-07	2.31e-06	7.13e-04	2.05e-02	1.70e-01	3.42e-01	2.89e-01	1.34e-01	2.99e-02	8.51e-03	5.60e-03	3.10e-04	5.79e-06
 5.63830e+22	1.98e-24	4.91e-14	1.98e-11	1.59e-09	2.85e-08	2.69e-07	2.63e-06	7.85e-04	2.19e-02	1.78e-01	3.47e-01	2.84e-01	1.28e-01	2.77e-02	7.74e-03	4.96e-03	2.65e-04	4.79e-06
 5.65937e+22	3.00e-24	7.01e-14	2.73e-11	2.11e-09	3.65e-08	3.30e-07	3.11e-06	8.87e-04	2.39e-02	1.88e-01	3.54e-01	2.77e-01	1.20e-01	2.51e-02	6.84e-03	4.24e-03	2.17e-04	3.74e-06
 5.68076e+22	4.19e-24	9.34e-14	3.55e-11	2.66e-09	4.46e-08	3.90e-07	3.56e-06	9.78e-04	2.56e-02	1.96e-01	3.59e-01	2.71e-01	1.14e-01	2.32e-02	6.18e-03	3.73e-03	1.84e-04	3.06e-06
 5.70259e+22	6.47e-24	1.35e-13	4.97e-11	3.57e-09	5.76e-08	4.84e-07	4.23e-06	1.11e-03	2.80e-02	2.07e-01	3.65e-01	2.63e-01	1.07e-01	2.09e-02	5.41e-03	3.15e-03	1.48e-04	2.35e-06
 5.72321e+22	8.62e-24	1.73e-13	6.21e-11	4.34e-09	6.83e-08	5.57e-07	4.75e-06	1.21e-03	2.97e-02	2.14e-01	3.68e-01	2.58e-01	1.02e-01	1.94e-02	4.95e-03	2.82e-03	1.28e-04	1.97e-06
 5.74228e+22	1.26e-23	2.39e-13	8.35e-11	5.63e-09	8.55e-08	6.73e-07	5.53e-06	1.34e-03	3.20e-02	2.24e-01	3.73e-01	2.50e-01	9.55e-02	1.76e-02	4.39e-03	2.42e-03	1.05e-04	1.55e-06
 5.76151e+22	1.68e-23	3.06e-13	1.04e-10	6.84e-09	1.01e-07	7.76e-07	6.21e-06	1.46e-03	3.39e-02	2.31e-01	3.76e-01	2.44e-01	9.08e-02	1.63e-02	4.00e-03	2.15e-03	9.08e-05	1.29e-06
 5.78095e+22	2.48e-23	4.26e-13	1.41e-10	8.90e-09	1.27e-07	9.41e-07	7.26e-06	1.63e-03	3.66e-02	2.42e-01	3.79e-01	2.36e-01	8.47e-02	1.47e-02	3.52e-03	1.83e-03	7.38e-05	1.01e-06
 5.80057e+22	3.33e-23	5.49e-13	1.77e-10	1.09e-08	1.52e-07	1.09e-06	8.18e-06	1.78e-03	3.88e-02	2.50e-01	3.81e-01	2.29e-01	8.02e-02	1.36e-02	3.19e-03	1.62e-03	6.30e-05	8.30e-07
 5.82041e+22	4.93e-23	7.67e-13	2.40e-10	1.42e-08	1.92e-07	1.33e-06	9.59e-06	1.99e-03	4.18e-02	2.61e-01	3.84e-01	2.21e-01	7.44e-02	1.21e-02	2.79e-03	1.37e-03	5.08e-05	6.39e-07
 5.84053e+22	6.68e-23	9.93e-13	3.04e-10	1.75e-08	2.29e-07	1.54e-06	1.09e-05	2.17e-03	4.44e-02	2.70e-01	3.85e-01	2.14e-01	7.01e-02	1.11e-02	2.51e-03	1.20e-03	4.29e-05	5.22e-07
 5.86100e+22	9.99e-23	1.40e-12	4.14e-10	2.29e-08	2.92e-07	1.89e-06	1.28e-05	2.44e-03	4.79e-02	2.81e-01	3.86e-01	2.04e-01	6.45e-02	9.86e-03	2.18e-03	9.98e-04	3.41e-05	3.95e-07
 5.88175e+22	1.36e-22	1.82e-12	5.26e-10	2.83e-08	3.51e-07	2.21e-06	1.46e-05	2.67e-03	5.09e-02	2.90e-01	3.87e-01	1.97e-01	6.04e-02	8.98e-03	1.95e-03	8.68e-04	2.86e-05	3.19e-07
 5.90285e+22	2.05e-22	2.57e-12	7.20e-10	3.73e-08	4.48e-07	2.72e-06	1.73e-05	3.01e-03	5.50e-02	3.02e-01	3.87e-01	1.87e-01	5.52e-02	7.89e-03	1.67e-03	7.17e-04	2.24e-05	2.38e-07
 5.92440e+22	2.83e-22	3.39e-12	9.25e-10	4.65e-08	5.45e-07	3.21e-06	1.98e-05	3.31e-03	5.86e-02	3.12e-01	3.86e-01	1.79e-01	5.13e-02	7.10e-03	1.48e-03	6.14e-04	1.84e-05	1.87e-07
 5.94652e+22	4.31e-22	4.84e-12	1.28e-09	6.19e-08	7.03e-07	3.99e-06	2.37e-05	3.75e-03	6.35e-02	3.25e-01	3.84e-01	1.69e-01	4.63e-02	6.16e-03	1.26e-03	4.99e-04	1.42e-05	1.37e-07
 5.96910e+22	6.03e-22	6.41e-12	1.65e-09	7.78e-08	8.61e-07	4.75e-06	2.75e-05	4.15e-03	6.77e-02	3.35e-01	3.82e-01	1.61e-01	4.26e-02	5.48e-03	1.10e-03	4.21e-04	1.14e-05	0.00e+00
 5.99157e+22	9.07e-22	9.02e-12	2.25e-09	1.03e-07	1.11e-06	5.89e-06	3.29e-05	4.70e-03	7.33e-02	3.48e-01	3.79e-01	1.50e-01	3.83e-02	4.73e-03	9.27e-04	3.40e-04	8.75e-06	0.00e+00
 6.01291e+22	1.21e-21	1.15e-11	2.81e-09	1.25e-07	1.32e-06	6.87e-06	3.74e-05	5.14e-03	7.76e-02	3.57e-01	3.76e-01	1.43e-01	3.54e-02	4.25e-03	8.20e-04	2.91e-04	7.21e-06	0.00e+00
 6.03348e+22	1.76e-21	1.56e-11	3.73e-09	1.62e-07	1.67e-06	8.41e-06	4.45e-05	5.78e-03	8.35e-02	3.69e-01	3.71e-01	1.34e-01	3.18e-02	3.67e-03	6.95e-04	2.36e-04	5.55e-06	0.00e+00
 6.05445e+22	2.36e-21	1.99e-11	4.66e-09	1.98e-07	2.01e-06	9.88e-06	5.10e-05	6.35e-03	8.85e-02	3.79e-01	3.67e-01	1.27e-01	2.91e-02	3.26e-03	6.08e-04	2.00e-04	4.49e-06	0.00e+00
 6.07506e+22	3.34e-21	2.64e-11	6.07e-09	2.52e-07	2.51e-06	1.20e-05	6.03e-05	7.12e-03	9.49e-02	3.90e-01	3.61e-01	1.18e-01	2.61e-02	2.81e-03	5.15e-04	1.62e-04	3.46e-06	0.00e+00
 6.09609e+22	4.50e-21	3.36e-11	7.59e-09	3.09e-07	3.03e-06	1.42e-05	6.97e-05	7.86e-03	1.01e-01	3.99e-01	3.55e-01	1.11e-01	2.37e-02	2.47e-03	4.46e-04	1.35e-04	2.76e-06	0.00e+00
