#depth	S	S+	S+2	S+3	S+4	S+5	S+6	S+7	S+8	S+9	S+10	S+11	S+12	S+13	S+14	S+15	S+16
 4.62852e+21	0.00e+00	0.00e+00	0.00e+00	0.00e+00	0.00e+00	0.00e+00	0.00e+00	0.00e+00	8.37e-26	5.52e-22	2.18e-18	4.51e-15	5.83e-12	7.92e-09	2.14e-05	8.22e-03	9.92e-01
 1.05236e+22	0.00e+00	0.00e+00	0.00e+00	0.00e+00	0.00e+00	0.00e+00	0.00e+00	1.31e-28	1.47e-24	6.74e-21	1.89e-17	2.73e-14	2.46e-11	2.33e-08	4.39e-05	1.17e-02	9.88e-01
 1.26318e+22	0.00e+00	0.00e+00	0.00e+00	0.00e+00	0.00e+00	0.00e+00	0.00e+00	1.12e-27	9.83e-24	3.55e-20	7.84e-17	8.89e-14	6.32e-11	4.73e-08	7.03e-05	1.48e-02	9.85e-01
 1.41467e+22	0.00e+00	0.00e+00	0.00e+00	0.00e+00	0.00e+00	0.00e+00	3.34e-31	6.17e-27	4.47e-23	1.33e-19	2.43e-16	2.28e-13	1.34e-10	8.31e-08	1.02e-04	1.79e-02	9.82e-01
 1.50272e+22	0.00e+00	0.00e+00	0.00e+00	0.00e+00	0.00e+00	0.00e+00	6.03e-31	1.05e-26	7.17e-23	2.01e-19	3.46e-16	3.05e-13	1.70e-10	9.91e-08	1.15e-04	1.90e-02	9.81e-01
 1.55038e+22	0.00e+00	0.00e+00	0.00e+00	0.00e+00	0.00e+00	0.00e+00	1.24e-30	2.00e-26	1.27e-22	3.32e-19	5.31e-16	4.36e-13	2.25e-10	1.23e-07	1.32e-04	2.03e-02	9.80e-01
 1.60255e+22	0.00e+00	0.00e+00	0.00e+00	0.00e+00	0.00e+00	0.00e+00	2.50e-30	3.76e-26	2.22e-22	5.44e-19	8.10e-16	6.19e-13	2.98e-10	1.51e-07	1.52e-04	2.18e-02	9.78e-01
 1.65189e+22	0.00e+00	0.00e+00	0.00e+00	0.00e+00	0.00e+00	0.00e+00	4.94e-30	6.92e-26	3.82e-22	8.72e-19	1.21e-15	8.65e-13	3.90e-10	1.85e-07	1.74e-04	2.33e-02	9.77e-01
 1.70733e+22	0.00e+00	0.00e+00	0.00e+00	0.00e+00	0.00e+00	0.00e+00	1.22e-29	1.56e-25	7.86e-22	1.64e-18	2.08e-15	1.35e-12	5.58e-10	2.42e-07	2.08e-04	2.54e-02	9.74e-01
 1.76190e+22	0.00e+00	0.00e+00	0.00e+00	0.00e+00	0.00e+00	0.00e+00	2.25e-29	2.70e-25	1.28e-21	2.51e-18	2.98e-15	1.83e-12	7.09e-10	2.89e-07	2.35e-04	2.70e-02	9.73e-01
 1.81537e+22	0.00e+00	0.00e+00	0.00e+00	0.00e+00	0.00e+00	0.00e+00	5.46e-29	5.99e-25	2.58e-21	4.63e-18	5.04e-15	2.83e-12	1.00e-09	3.76e-07	2.79e-04	2.94e-02	9.70e-01
 1.86852e+22	0.00e+00	0.00e+00	0.00e+00	0.00e+00	0.00e+00	0.00e+00	1.00e-28	1.03e-24	4.18e-21	7.05e-18	7.22e-15	3.81e-12	1.28e-09	4.49e-07	3.14e-04	3.11e-02	9.69e-01
 1.91249e+22	0.00e+00	0.00e+00	0.00e+00	0.00e+00	0.00e+00	0.00e+00	1.80e-28	1.75e-24	6.67e-21	1.06e-17	1.02e-14	5.09e-12	1.61e-09	5.34e-07	3.52e-04	3.29e-02	9.67e-01
 1.95379e+22	0.00e+00	0.00e+00	0.00e+00	0.00e+00	0.00e+00	0.00e+00	3.19e-28	2.92e-24	1.05e-20	1.58e-17	1.44e-14	6.74e-12	2.01e-09	6.32e-07	3.94e-04	3.48e-02	9.65e-01
 1.99424e+22	0.00e+00	0.00e+00	0.00e+00	0.00e+00	0.00e+00	0.00e+00	5.60e-28	4.84e-24	1.65e-20	2.33e-17	2.00e-14	8.88e-12	2.51e-09	7.45e-07	4.40e-04	3.67e-02	9.63e-01
 2.03455e+22	0.00e+00	0.00e+00	0.00e+00	0.00e+00	0.00e+00	0.00e+00	9.84e-28	8.02e-24	2.58e-20	3.44e-17	2.79e-14	1.17e-11	3.13e-09	8.80e-07	4.91e-04	3.88e-02	9.61e-01
 2.07479e+22	0.00e+00	0.00e+00	0.00e+00	0.00e+00	0.00e+00	5.76e-32	1.72e-27	1.32e-23	4.01e-20	5.07e-17	3.88e-14	1.54e-11	3.89e-09	1.04e-06	5.47e-04	4.09e-02	9.59e-01
 2.12106e+22	0.00e+00	0.00e+00	0.00e+00	0.00e+00	0.00e+00	1.27e-31	3.53e-27	2.52e-23	7.10e-20	8.33e-17	5.93e-14	2.19e-11	5.16e-09	1.28e-06	6.29e-04	4.38e-02	9.56e-01
 2.16697e+22	0.00e+00	0.00e+00	0.00e+00	0.00e+00	0.00e+00	2.36e-31	6.17e-27	4.16e-23	1.11e-19	1.23e-16	8.26e-14	2.88e-11	6.42e-09	1.51e-06	7.01e-04	4.61e-02	9.53e-01
 2.21241e+22	0.00e+00	0.00e+00	0.00e+00	0.00e+00	0.00e+00	5.11e-31	1.24e-26	7.78e-23	1.93e-19	1.99e-16	1.25e-13	4.05e-11	8.44e-09	1.85e-06	8.02e-04	4.93e-02	9.50e-01
 2.25859e+22	0.00e+00	0.00e+00	0.00e+00	0.00e+00	0.00e+00	9.63e-31	2.20e-26	1.30e-22	3.05e-19	2.97e-16	1.75e-13	5.38e-11	1.06e-08	2.19e-06	8.97e-04	5.20e-02	9.47e-01
 2.29880e+22	0.00e+00	0.00e+00	0.00e+00	0.00e+00	0.00e+00	1.76e-30	3.81e-26	2.13e-22	4.70e-19	4.33e-16	2.42e-13	7.02e-11	1.31e-08	2.56e-06	9.97e-04	5.48e-02	9.44e-01
 2.33541e+22	0.00e+00	0.00e+00	0.00e+00	0.00e+00	0.00e+00	3.03e-30	6.23e-26	3.31e-22	6.96e-19	6.10e-16	3.24e-13	8.94e-11	1.59e-08	2.96e-06	1.10e-03	5.74e-02	9.42e-01
 2.36862e+22	0.00e+00	0.00e+00	0.00e+00	0.00e+00	0.00e+00	5.03e-30	9.83e-26	4.98e-22	9.98e-19	8.35e-16	4.23e-13	1.12e-10	1.89e-08	3.38e-06	1.20e-03	5.99e-02	9.39e-01
 2.40613e+22	0.00e+00	0.00e+00	0.00e+00	0.00e+00	0.00e+00	9.19e-30	1.70e-25	8.12e-22	1.54e-18	1.22e-15	5.83e-13	1.46e-10	2.34e-08	3.96e-06	1.33e-03	6.30e-02	9.36e-01
 2.44612e+22	0.00e+00	0.00e+00	0.00e+00	0.00e+00	0.00e+00	1.64e-29	2.87e-25	1.30e-21	2.34e-18	1.75e-15	7.95e-13	1.88e-10	2.87e-08	4.61e-06	1.47e-03	6.61e-02	9.32e-01
 2.48169e+22	0.00e+00	0.00e+00	0.00e+00	0.00e+00	0.00e+00	2.79e-29	4.65e-25	2.00e-21	3.42e-18	2.44e-15	1.06e-12	2.38e-10	3.46e-08	5.31e-06	1.61e-03	6.91e-02	9.29e-01
 2.51514e+22	0.00e+00	0.00e+00	0.00e+00	0.00e+00	0.00e+00	4.67e-29	7.41e-25	3.04e-21	4.95e-18	3.37e-15	1.39e-12	2.98e-10	4.15e-08	6.07e-06	1.76e-03	7.22e-02	9.26e-01
 2.55351e+22	0.00e+00	0.00e+00	0.00e+00	0.00e+00	0.00e+00	8.82e-29	1.32e-24	5.09e-21	7.81e-18	5.01e-15	1.94e-12	3.95e-10	5.19e-08	7.17e-06	1.97e-03	7.61e-02	9.22e-01
 2.59338e+22	0.00e+00	0.00e+00	0.00e+00	0.00e+00	1.60e-32	1.54e-28	2.18e-24	7.98e-21	1.16e-17	7.09e-15	2.61e-12	5.04e-10	6.30e-08	8.30e-06	2.16e-03	7.96e-02	9.18e-01
 2.62862e+22	0.00e+00	0.00e+00	0.00e+00	0.00e+00	2.85e-32	2.62e-28	3.53e-24	1.23e-20	1.71e-17	9.90e-15	3.47e-12	6.38e-10	7.61e-08	9.54e-06	2.37e-03	8.32e-02	9.14e-01
 2.65980e+22	0.00e+00	0.00e+00	0.00e+00	0.00e+00	4.66e-32	4.12e-28	5.31e-24	1.78e-20	2.36e-17	1.31e-14	4.42e-12	7.78e-10	8.91e-08	1.07e-05	2.57e-03	8.64e-02	9.11e-01
 2.69229e+22	0.00e+00	0.00e+00	0.00e+00	0.00e+00	8.12e-32	6.87e-28	8.44e-24	2.69e-20	3.41e-17	1.81e-14	5.79e-12	9.73e-10	1.07e-07	1.23e-05	2.80e-03	9.00e-02	9.07e-01
 2.72707e+22	0.00e+00	0.00e+00	0.00e+00	0.00e+00	1.40e-31	1.14e-27	1.33e-23	4.04e-20	4.89e-17	2.47e-14	7.56e-12	1.21e-09	1.27e-07	1.40e-05	3.05e-03	9.38e-02	9.03e-01
 2.75844e+22	0.00e+00	0.00e+00	0.00e+00	0.00e+00	2.31e-31	1.80e-27	2.02e-23	5.87e-20	6.80e-17	3.30e-14	9.66e-12	1.49e-09	1.49e-07	1.58e-05	3.30e-03	9.74e-02	8.99e-01
 2.79281e+22	0.00e+00	0.00e+00	0.00e+00	0.00e+00	4.19e-31	3.12e-27	3.32e-23	9.18e-20	1.01e-16	4.65e-14	1.29e-11	1.89e-09	1.81e-07	1.82e-05	3.63e-03	1.02e-01	8.95e-01
 2.82794e+22	0.00e+00	0.00e+00	0.00e+00	0.00e+00	7.22e-31	5.15e-27	5.23e-23	1.38e-19	1.45e-16	6.36e-14	1.69e-11	2.36e-09	2.16e-07	2.07e-05	3.95e-03	1.06e-01	8.90e-01
 2.85768e+22	0.00e+00	0.00e+00	0.00e+00	0.00e+00	1.17e-30	8.01e-27	7.80e-23	1.97e-19	1.99e-16	8.38e-14	2.13e-11	2.86e-09	2.52e-07	2.33e-05	4.26e-03	1.10e-01	8.86e-01
 2.88995e+22	0.00e+00	0.00e+00	0.00e+00	0.00e+00	2.04e-30	1.34e-26	1.25e-22	3.00e-19	2.87e-16	1.16e-13	2.80e-11	3.58e-09	3.01e-07	2.66e-05	4.65e-03	1.14e-01	8.81e-01
 2.92449e+22	0.00e+00	0.00e+00	0.00e+00	0.00e+00	3.50e-30	2.21e-26	1.95e-22	4.49e-19	4.11e-16	1.58e-13	3.65e-11	4.46e-09	3.58e-07	3.02e-05	5.06e-03	1.19e-01	8.76e-01
 2.95531e+22	0.00e+00	0.00e+00	0.00e+00	0.00e+00	5.73e-30	3.47e-26	2.95e-22	6.49e-19	5.69e-16	2.09e-13	4.65e-11	5.44e-09	4.20e-07	3.40e-05	5.46e-03	1.23e-01	8.71e-01
 2.98239e+22	0.00e+00	0.00e+00	0.00e+00	0.00e+00	8.81e-30	5.16e-26	4.22e-22	8.95e-19	7.56e-16	2.68e-13	5.73e-11	6.48e-09	4.82e-07	3.77e-05	5.84e-03	1.27e-01	8.67e-01
 3.01131e+22	0.00e+00	0.00e+00	0.00e+00	0.00e+00	1.44e-29	8.13e-26	6.37e-22	1.29e-18	1.05e-15	3.55e-13	7.28e-11	7.88e-09	5.63e-07	4.23e-05	6.30e-03	1.32e-01	8.62e-01
 3.04228e+22	0.00e+00	0.00e+00	0.00e+00	0.00e+00	2.33e-29	1.27e-25	9.52e-22	1.85e-18	1.44e-15	4.69e-13	9.22e-11	9.58e-09	6.58e-07	4.75e-05	6.79e-03	1.36e-01	8.57e-01
 3.07024e+22	0.00e+00	0.00e+00	0.00e+00	0.00e+00	3.63e-29	1.91e-25	1.38e-21	2.58e-18	1.93e-15	6.05e-13	1.14e-10	1.15e-08	7.58e-07	5.27e-05	7.27e-03	1.41e-01	8.52e-01
 3.10089e+22	0.00e+00	0.00e+00	0.00e+00	0.00e+00	6.17e-29	3.11e-25	2.14e-21	3.83e-18	2.73e-15	8.20e-13	1.48e-10	1.42e-08	8.97e-07	5.97e-05	7.88e-03	1.46e-01	8.46e-01
 3.13215e+22	0.00e+00	0.00e+00	0.00e+00	1.07e-32	9.97e-29	4.84e-25	3.20e-21	5.49e-18	3.76e-15	1.08e-12	1.87e-10	1.72e-08	1.05e-06	6.70e-05	8.49e-03	1.51e-01	8.40e-01
 3.15845e+22	0.00e+00	0.00e+00	0.00e+00	1.68e-32	1.52e-28	7.12e-25	4.55e-21	7.52e-18	4.96e-15	1.38e-12	2.30e-10	2.04e-08	1.20e-06	7.40e-05	9.06e-03	1.56e-01	8.35e-01
 3.18689e+22	0.00e+00	0.00e+00	0.00e+00	2.83e-32	2.48e-28	1.12e-24	6.85e-21	1.08e-17	6.85e-15	1.82e-12	2.92e-10	2.48e-08	1.40e-06	8.30e-05	9.76e-03	1.61e-01	8.29e-01
 3.21744e+22	0.00e+00	0.00e+00	0.00e+00	4.77e-32	4.01e-28	1.75e-24	1.03e-20	1.56e-17	9.44e-15	2.41e-12	3.70e-10	3.01e-08	1.63e-06	9.30e-05	1.05e-02	1.66e-01	8.23e-01
 3.24508e+22	0.00e+00	0.00e+00	0.00e+00	7.57e-32	6.17e-28	2.60e-24	1.47e-20	2.15e-17	1.25e-14	3.08e-12	4.56e-10	3.58e-08	1.87e-06	1.03e-04	1.12e-02	1.71e-01	8.17e-01
 3.27015e+22	0.00e+00	0.00e+00	0.00e+00	1.16e-31	9.21e-28	3.75e-24	2.05e-20	2.90e-17	1.63e-14	3.88e-12	5.54e-10	4.21e-08	2.13e-06	1.13e-04	1.19e-02	1.76e-01	8.12e-01
 3.29380e+22	0.00e+00	0.00e+00	0.00e+00	1.74e-31	1.34e-27	5.31e-24	2.81e-20	3.84e-17	2.09e-14	4.81e-12	6.65e-10	4.89e-08	2.40e-06	1.24e-04	1.26e-02	1.80e-01	8.07e-01
 3.32080e+22	0.00e+00	0.00e+00	0.00e+00	2.82e-31	2.10e-27	8.05e-24	4.10e-20	5.38e-17	2.82e-14	6.23e-12	8.28e-10	5.85e-08	2.76e-06	1.37e-04	1.35e-02	1.86e-01	8.00e-01
 3.34971e+22	0.00e+00	0.00e+00	0.00e+00	4.59e-31	3.30e-27	1.22e-23	5.97e-20	7.54e-17	3.80e-14	8.08e-12	1.03e-09	7.02e-08	3.19e-06	1.53e-04	1.44e-02	1.92e-01	7.94e-01
 3.37550e+22	0.00e+00	0.00e+00	0.00e+00	3.82e-31	2.66e-27	9.52e-24	8.41e-20	1.02e-16	4.98e-14	1.02e-11	1.26e-09	8.28e-08	3.64e-06	1.68e-04	1.54e-02	1.97e-01	7.88e-01
 3.40342e+22	0.00e+00	0.00e+00	0.00e+00	6.40e-31	4.31e-27	1.49e-23	1.26e-19	1.47e-16	6.84e-14	1.35e-11	1.59e-09	1.00e-07	4.23e-06	1.88e-04	1.65e-02	2.03e-01	7.80e-01
 3.43186e+22	0.00e+00	0.00e+00	0.00e+00	1.02e-30	6.66e-27	2.22e-23	1.81e-19	2.03e-16	9.13e-14	1.73e-11	1.97e-09	1.19e-07	4.86e-06	2.08e-04	1.76e-02	2.09e-01	7.73e-01
 3.45579e+22	0.00e+00	0.00e+00	0.00e+00	1.54e-30	9.73e-27	3.15e-23	2.48e-19	2.70e-16	1.17e-13	2.15e-11	2.37e-09	1.39e-07	5.48e-06	2.27e-04	1.86e-02	2.14e-01	7.67e-01
 3.48173e+22	0.00e+00	0.00e+00	0.00e+00	2.47e-30	1.51e-26	4.73e-23	3.59e-19	3.75e-16	1.57e-13	2.77e-11	2.93e-09	1.66e-07	6.30e-06	2.51e-04	1.99e-02	2.20e-01	7.60e-01
 3.50969e+22	0.00e+00	0.00e+00	0.00e+00	3.96e-30	2.35e-26	7.10e-23	5.18e-19	5.22e-16	2.10e-13	3.56e-11	3.63e-09	1.98e-07	7.24e-06	2.78e-04	2.12e-02	2.26e-01	7.52e-01
 3.53519e+22	0.00e+00	0.00e+00	0.00e+00	6.06e-30	3.50e-26	1.02e-22	7.22e-19	7.02e-16	2.73e-13	4.48e-11	4.41e-09	2.32e-07	8.21e-06	3.05e-04	2.25e-02	2.32e-01	7.45e-01
 3.55872e+22	0.00e+00	0.00e+00	0.00e+00	9.07e-30	5.09e-26	1.45e-22	9.88e-19	9.30e-16	3.50e-13	5.55e-11	5.29e-09	2.69e-07	9.24e-06	3.33e-04	2.38e-02	2.37e-01	7.39e-01
 3.58479e+22	0.00e+00	0.00e+00	0.00e+00	1.45e-29	7.88e-26	2.17e-22	1.42e-18	1.29e-15	4.67e-13	7.13e-11	6.53e-09	3.20e-07	1.06e-05	3.68e-04	2.53e-02	2.43e-01	7.31e-01
 3.61233e+22	0.00e+00	0.00e+00	0.00e+00	2.29e-29	1.20e-25	3.20e-22	2.03e-18	1.77e-15	6.18e-13	9.10e-11	8.04e-09	3.80e-07	1.21e-05	4.06e-04	2.69e-02	2.50e-01	7.23e-01
 3.63664e+22	0.00e+00	0.00e+00	3.72e-33	3.45e-29	1.77e-25	4.56e-22	2.80e-18	2.36e-15	7.96e-13	1.13e-10	9.69e-09	4.43e-07	1.37e-05	4.43e-04	2.85e-02	2.55e-01	7.16e-01
 3.66309e+22	0.00e+00	0.00e+00	6.24e-33	5.62e-29	2.78e-25	6.93e-22	4.09e-18	3.31e-15	1.07e-12	1.47e-10	1.21e-08	5.30e-07	1.57e-05	4.91e-04	3.04e-02	2.62e-01	7.07e-01
 3.69114e+22	0.00e+00	0.00e+00	1.04e-32	9.05e-29	4.33e-25	1.04e-21	5.92e-18	4.62e-15	1.44e-12	1.90e-10	1.50e-08	6.34e-07	1.81e-05	5.44e-04	3.24e-02	2.69e-01	6.98e-01
 3.71524e+22	0.00e+00	0.00e+00	1.58e-32	1.34e-28	6.25e-25	1.46e-21	8.04e-18	6.07e-15	1.83e-12	2.34e-10	1.79e-08	7.33e-07	2.03e-05	5.91e-04	3.42e-02	2.75e-01	6.90e-01
 3.74054e+22	0.00e+00	0.00e+00	2.59e-32	2.13e-28	9.64e-25	2.18e-21	1.16e-17	8.40e-15	2.44e-12	3.00e-10	2.21e-08	8.71e-07	2.33e-05	6.52e-04	3.63e-02	2.82e-01	6.81e-01
 3.76713e+22	0.00e+00	0.00e+00	4.14e-32	3.32e-28	1.45e-24	3.18e-21	1.63e-17	1.14e-14	3.21e-12	3.80e-10	2.70e-08	1.03e-06	2.65e-05	7.16e-04	3.85e-02	2.88e-01	6.73e-01
 3.79073e+22	0.00e+00	0.00e+00	6.31e-32	4.93e-28	2.10e-24	4.46e-21	2.22e-17	1.50e-14	4.09e-12	4.69e-10	3.23e-08	1.19e-06	2.97e-05	7.79e-04	4.06e-02	2.94e-01	6.65e-01
 3.81675e+22	0.00e+00	0.00e+00	1.05e-31	7.92e-28	3.27e-24	6.72e-21	3.21e-17	2.10e-14	5.48e-12	6.05e-10	4.00e-08	1.42e-06	3.41e-05	8.60e-04	4.32e-02	3.01e-01	6.55e-01
 3.84445e+22	0.00e+00	0.00e+00	1.74e-31	1.27e-27	5.09e-24	1.01e-20	4.64e-17	2.92e-14	7.35e-12	7.80e-10	4.97e-08	1.70e-06	3.92e-05	9.51e-04	4.59e-02	3.08e-01	6.45e-01
 3.86903e+22	0.00e+00	0.00e+00	1.68e-31	1.20e-27	4.65e-24	1.43e-20	6.37e-17	3.87e-14	9.43e-12	9.69e-10	5.96e-08	1.97e-06	4.41e-05	1.04e-03	4.84e-02	3.14e-01	6.37e-01
 3.89199e+22	0.00e+00	0.00e+00	2.55e-31	1.78e-27	6.72e-24	2.00e-20	8.66e-17	5.10e-14	1.20e-11	1.20e-09	7.13e-08	2.28e-06	4.94e-05	1.12e-03	5.09e-02	3.20e-01	6.28e-01
 3.91815e+22	0.00e+00	0.00e+00	4.25e-31	2.88e-27	1.05e-23	3.02e-20	1.26e-16	7.12e-14	1.61e-11	1.54e-09	8.86e-08	2.72e-06	5.68e-05	1.24e-03	5.41e-02	3.27e-01	6.17e-01
 3.94535e+22	0.00e+00	0.00e+00	6.89e-31	4.52e-27	1.60e-23	4.43e-20	1.78e-16	9.74e-14	2.13e-11	1.97e-09	1.09e-07	3.22e-06	6.47e-05	1.37e-03	5.73e-02	3.34e-01	6.07e-01
 3.96905e+22	0.00e+00	0.00e+00	1.07e-30	6.84e-27	2.35e-23	6.30e-20	2.46e-16	1.30e-13	2.75e-11	2.45e-09	1.31e-07	3.76e-06	7.30e-05	1.49e-03	6.04e-02	3.40e-01	5.98e-01
 3.99501e+22	0.00e+00	0.00e+00	1.82e-30	1.13e-26	3.74e-23	9.64e-20	3.62e-16	1.84e-13	3.74e-11	3.20e-09	1.64e-07	4.52e-06	8.43e-05	1.65e-03	6.43e-02	3.48e-01	5.86e-01
 4.02111e+22	0.00e+00	0.00e+00	2.85e-30	1.71e-26	5.52e-23	1.38e-19	5.00e-16	2.46e-13	4.83e-11	4.00e-09	1.99e-07	5.29e-06	9.51e-05	1.80e-03	6.78e-02	3.54e-01	5.77e-01
 4.04317e+22	0.00e+00	0.00e+00	4.29e-30	2.51e-26	7.87e-23	1.90e-19	6.73e-16	3.21e-13	6.11e-11	4.91e-09	2.36e-07	6.09e-06	1.06e-04	1.95e-03	7.11e-02	3.59e-01	5.68e-01
 4.06760e+22	0.00e+00	0.00e+00	7.06e-30	4.01e-26	1.22e-22	2.83e-19	9.66e-16	4.44e-13	8.15e-11	6.30e-09	2.92e-07	7.25e-06	1.22e-04	2.14e-03	7.53e-02	3.66e-01	5.56e-01
 4.09312e+22	0.00e+00	0.00e+00	1.11e-29	6.11e-26	1.80e-22	4.04e-19	1.34e-15	5.94e-13	1.06e-10	7.89e-09	3.54e-07	8.48e-06	1.37e-04	2.34e-03	7.93e-02	3.72e-01	5.46e-01
 4.11614e+22	0.00e+00	0.00e+00	1.71e-29	9.16e-26	2.62e-22	5.70e-19	1.83e-15	7.87e-13	1.35e-10	9.79e-09	4.25e-07	9.85e-06	1.54e-04	2.54e-03	8.33e-02	3.78e-01	5.36e-01
 4.14213e+22	0.00e+00	0.00e+00	2.91e-29	1.51e-25	4.16e-22	8.69e-19	2.69e-15	1.11e-12	1.84e-10	1.28e-08	5.33e-07	1.19e-05	1.78e-04	2.81e-03	8.85e-02	3.85e-01	5.24e-01
 4.16885e+22	0.00e+00	0.00e+00	4.72e-29	2.37e-25	6.31e-22	1.27e-18	3.81e-15	1.52e-12	2.43e-10	1.63e-08	6.54e-07	1.40e-05	2.03e-04	3.08e-03	9.34e-02	3.91e-01	5.12e-01
 4.19113e+22	0.00e+00	0.00e+00	7.22e-29	3.53e-25	9.12e-22	1.78e-18	5.17e-15	2.00e-12	3.09e-10	2.01e-08	7.84e-07	1.63e-05	2.27e-04	3.34e-03	9.79e-02	3.97e-01	5.02e-01
 4.21140e+22	0.00e+00	2.09e-33	1.05e-28	5.03e-25	1.27e-21	2.39e-18	6.79e-15	2.56e-12	3.84e-10	2.43e-08	9.20e-07	1.86e-05	2.51e-04	3.59e-03	1.02e-01	4.01e-01	4.93e-01
 4.23443e+22	0.00e+00	3.54e-33	1.72e-28	7.93e-25	1.93e-21	3.51e-18	9.64e-15	3.51e-12	5.09e-10	3.10e-08	1.13e-06	2.20e-05	2.87e-04	3.93e-03	1.08e-01	4.07e-01	4.81e-01
 4.25868e+22	0.00e+00	5.73e-33	2.69e-28	1.21e-24	2.84e-21	4.98e-18	1.33e-14	4.68e-12	6.57e-10	3.87e-08	1.37e-06	2.58e-05	3.23e-04	4.28e-03	1.13e-01	4.12e-01	4.70e-01
 4.28067e+22	0.00e+00	9.14e-33	4.15e-28	1.81e-24	4.12e-21	6.98e-18	1.81e-14	6.18e-12	8.42e-10	4.80e-08	1.65e-06	3.00e-05	3.63e-04	4.64e-03	1.18e-01	4.17e-01	4.60e-01
 4.30135e+22	0.00e+00	1.40e-32	6.19e-28	2.62e-24	5.81e-21	9.53e-18	2.41e-14	8.00e-12	1.06e-09	5.86e-08	1.95e-06	3.44e-05	4.04e-04	4.99e-03	1.24e-01	4.21e-01	4.50e-01
 4.32417e+22	0.00e+00	2.38e-32	1.01e-27	4.15e-24	8.86e-21	1.40e-17	3.42e-14	1.10e-11	1.40e-09	7.48e-08	2.40e-06	4.08e-05	4.60e-04	5.47e-03	1.30e-01	4.26e-01	4.37e-01
 4.34763e+22	0.00e+00	3.81e-32	1.57e-27	6.22e-24	1.29e-20	1.96e-17	4.66e-14	1.45e-11	1.80e-09	9.29e-08	2.89e-06	4.75e-05	5.16e-04	5.93e-03	1.36e-01	4.31e-01	4.27e-01
 4.36810e+22	0.00e+00	5.93e-32	2.36e-27	9.12e-24	1.83e-20	2.68e-17	6.24e-14	1.89e-11	2.27e-09	1.14e-07	3.44e-06	5.48e-05	5.76e-04	6.39e-03	1.42e-01	4.35e-01	4.16e-01
 4.39091e+22	0.00e+00	1.02e-31	3.91e-27	1.46e-23	2.81e-20	3.96e-17	8.92e-14	2.61e-11	3.02e-09	1.46e-07	4.26e-06	6.53e-05	6.58e-04	7.00e-03	1.49e-01	4.39e-01	4.04e-01
 4.41436e+22	0.00e+00	1.64e-31	6.07e-27	2.19e-23	4.09e-20	5.55e-17	1.22e-13	3.45e-11	3.88e-09	1.82e-07	5.13e-06	7.61e-05	7.39e-04	7.58e-03	1.56e-01	4.43e-01	3.93e-01
 4.43508e+22	0.00e+00	2.58e-31	9.25e-27	3.24e-23	5.85e-20	7.65e-17	1.64e-13	4.51e-11	4.92e-09	2.24e-07	6.13e-06	8.80e-05	8.25e-04	8.18e-03	1.63e-01	4.46e-01	3.82e-01
 4.45492e+22	0.00e+00	3.96e-31	1.38e-26	4.68e-23	8.21e-20	1.04e-16	2.17e-13	5.81e-11	6.17e-09	2.72e-07	7.25e-06	1.01e-04	9.16e-04	8.78e-03	1.69e-01	4.49e-01	3.72e-01
 4.47719e+22	0.00e+00	6.75e-31	2.26e-26	7.41e-23	1.25e-19	1.51e-16	3.07e-13	7.97e-11	8.17e-09	3.48e-07	8.94e-06	1.20e-04	1.04e-03	9.59e-03	1.78e-01	4.52e-01	3.60e-01
 4.49982e+22	0.00e+00	1.08e-30	3.48e-26	1.11e-22	1.80e-19	2.10e-16	4.16e-13	1.05e-10	1.04e-08	4.30e-07	1.07e-05	1.39e-04	1.17e-03	1.04e-02	1.85e-01	4.54e-01	3.49e-01
 4.51926e+22	0.00e+00	1.65e-30	5.17e-26	1.59e-22	2.52e-19	2.83e-16	5.49e-13	1.35e-10	1.30e-08	5.23e-07	1.27e-05	1.60e-04	1.29e-03	1.11e-02	1.92e-01	4.56e-01	3.40e-01
 4.54085e+22	0.00e+00	2.80e-30	8.44e-26	2.51e-22	3.82e-19	4.11e-16	7.75e-13	1.84e-10	1.72e-08	6.66e-07	1.56e-05	1.89e-04	1.47e-03	1.21e-02	2.01e-01	4.58e-01	3.27e-01
 4.56320e+22	0.00e+00	4.50e-30	1.31e-25	3.76e-22	5.51e-19	5.70e-16	1.05e-12	2.42e-10	2.20e-08	8.26e-07	1.87e-05	2.20e-04	1.64e-03	1.30e-02	2.09e-01	4.59e-01	3.17e-01
 4.58234e+22	0.00e+00	6.82e-30	1.92e-25	5.36e-22	7.62e-19	7.62e-16	1.37e-12	3.09e-10	2.74e-08	9.97e-07	2.20e-05	2.51e-04	1.82e-03	1.39e-02	2.16e-01	4.60e-01	3.07e-01
 4.60304e+22	0.00e+00	1.15e-29	3.11e-25	8.36e-22	1.14e-18	1.09e-15	1.92e-12	4.19e-10	3.59e-08	1.26e-06	2.70e-05	2.96e-04	2.06e-03	1.51e-02	2.26e-01	4.61e-01	2.96e-01
 4.62436e+22	0.00e+00	1.77e-29	4.64e-25	1.21e-21	1.60e-18	1.48e-15	2.54e-12	5.40e-10	4.50e-08	1.54e-06	3.19e-05	3.40e-04	2.28e-03	1.62e-02	2.34e-01	4.61e-01	2.86e-01
 4.64349e+22	0.00e+00	2.77e-29	7.00e-25	1.77e-21	2.26e-18	2.01e-15	3.38e-12	7.00e-10	5.67e-08	1.88e-06	3.80e-05	3.91e-04	2.53e-03	1.74e-02	2.42e-01	4.61e-01	2.76e-01
 4.66214e+22	0.00e+00	4.21e-29	1.03e-24	2.53e-21	3.13e-18	2.68e-15	4.43e-12	8.94e-10	7.06e-08	2.28e-06	4.47e-05	4.47e-04	2.79e-03	1.85e-02	2.50e-01	4.61e-01	2.67e-01
 4.68320e+22	0.00e+00	7.06e-29	1.66e-24	3.93e-21	4.68e-18	3.83e-15	6.17e-12	1.21e-09	9.24e-08	2.88e-06	5.46e-05	5.26e-04	3.15e-03	2.00e-02	2.60e-01	4.60e-01	2.56e-01
 4.70498e+22	0.00e+00	1.13e-28	2.58e-24	5.88e-21	6.74e-18	5.29e-15	8.34e-12	1.59e-09	1.18e-07	3.56e-06	6.56e-05	6.10e-04	3.52e-03	2.15e-02	2.69e-01	4.59e-01	2.46e-01
 4.72405e+22	0.00e+00	1.76e-28	3.86e-24	8.51e-21	9.42e-18	7.11e-15	1.10e-11	2.05e-09	1.48e-07	4.34e-06	7.77e-05	7.00e-04	3.89e-03	2.30e-02	2.78e-01	4.58e-01	2.37e-01
 4.74226e+22	0.00e+00	2.67e-28	5.67e-24	1.21e-20	1.30e-17	9.45e-15	1.44e-11	2.61e-09	1.84e-07	5.24e-06	9.12e-05	7.98e-04	4.29e-03	2.45e-02	2.86e-01	4.56e-01	2.29e-01
 4.76300e+22	0.00e+00	4.52e-28	9.22e-24	1.90e-20	1.95e-17	1.35e-14	2.01e-11	3.54e-09	2.41e-07	6.65e-06	1.12e-04	9.41e-04	4.84e-03	2.64e-02	2.97e-01	4.53e-01	2.18e-01
 4.78437e+22	0.00e+00	7.06e-28	1.39e-23	2.77e-20	2.74e-17	1.83e-14	2.67e-11	4.58e-09	3.04e-07	8.12e-06	1.33e-04	1.08e-03	5.36e-03	2.82e-02	3.06e-01	4.50e-01	2.09e-01
 4.80656e+22	0.00e+00	1.25e-27	2.36e-23	4.50e-20	4.25e-17	2.69e-14	3.83e-11	6.38e-09	4.09e-07	1.05e-05	1.65e-04	1.29e-03	6.10e-03	3.06e-02	3.17e-01	4.47e-01	1.98e-01
 4.82890e+22	0.00e+00	2.01e-27	3.64e-23	6.68e-20	6.07e-17	3.69e-14	5.15e-11	8.35e-09	5.21e-07	1.30e-05	1.98e-04	1.50e-03	6.79e-03	3.27e-02	3.27e-01	4.43e-01	1.89e-01
 4.84726e+22	0.00e+00	3.00e-27	5.27e-23	9.37e-20	8.24e-17	4.82e-14	6.63e-11	1.05e-08	6.41e-07	1.55e-05	2.31e-04	1.69e-03	7.43e-03	3.47e-02	3.35e-01	4.39e-01	1.82e-01
 4.86694e+22	0.00e+00	5.01e-27	8.44e-23	1.44e-19	1.22e-16	6.77e-14	9.14e-11	1.41e-08	8.34e-07	1.95e-05	2.81e-04	1.98e-03	8.33e-03	3.72e-02	3.45e-01	4.34e-01	1.72e-01
 4.88701e+22	6.65e-34	7.74e-27	1.26e-22	2.07e-19	1.69e-16	9.01e-14	1.20e-10	1.81e-08	1.04e-06	2.37e-05	3.32e-04	2.27e-03	9.17e-03	3.95e-02	3.54e-01	4.30e-01	1.65e-01
 4.90333e+22	9.85e-34	1.11e-26	1.75e-22	2.80e-19	2.20e-16	1.14e-13	1.50e-10	2.22e-08	1.25e-06	2.78e-05	3.80e-04	2.53e-03	9.93e-03	4.14e-02	3.61e-01	4.26e-01	1.59e-01
 4.92027e+22	1.61e-33	1.72e-26	2.63e-22	4.06e-19	3.08e-16	1.52e-13	1.97e-10	2.86e-08	1.57e-06	3.39e-05	4.50e-04	2.90e-03	1.09e-02	4.40e-02	3.70e-01	4.21e-01	1.51e-01
 4.93646e+22	2.31e-33	2.40e-26	3.55e-22	5.34e-19	3.93e-16	1.89e-13	2.42e-10	3.45e-08	1.86e-06	3.92e-05	5.10e-04	3.20e-03	1.18e-02	4.59e-02	3.77e-01	4.16e-01	1.46e-01
 4.94949e+22	3.31e-33	3.32e-26	4.78e-22	6.99e-19	5.00e-16	2.32e-13	2.95e-10	4.14e-08	2.19e-06	4.53e-05	5.76e-04	3.54e-03	1.26e-02	4.79e-02	3.83e-01	4.12e-01	1.40e-01
 4.96226e+22	4.63e-33	4.51e-26	6.33e-22	9.02e-19	6.28e-16	2.83e-13	3.56e-10	4.93e-08	2.57e-06	5.19e-05	6.47e-04	3.88e-03	1.35e-02	4.98e-02	3.89e-01	4.08e-01	1.35e-01
 4.97474e+22	6.29e-33	5.95e-26	8.16e-22	1.14e-18	7.72e-16	3.39e-13	4.23e-10	5.77e-08	2.96e-06	5.86e-05	7.18e-04	4.22e-03	1.43e-02	5.16e-02	3.94e-01	4.04e-01	1.31e-01
 4.98883e+22	9.52e-33	8.66e-26	1.15e-21	1.55e-18	1.02e-15	4.30e-13	5.32e-10	7.13e-08	3.58e-06	6.92e-05	8.28e-04	4.72e-03	1.55e-02	5.41e-02	4.01e-01	3.98e-01	1.25e-01
 5.00299e+22	1.36e-32	1.19e-25	1.54e-21	2.02e-18	1.29e-15	5.27e-13	6.46e-10	8.54e-08	4.21e-06	7.97e-05	9.34e-04	5.20e-03	1.66e-02	5.63e-02	4.07e-01	3.94e-01	1.21e-01
 5.01494e+22	1.87e-32	1.60e-25	2.01e-21	2.57e-18	1.59e-15	6.32e-13	7.71e-10	1.01e-07	4.88e-06	9.07e-05	1.04e-03	5.68e-03	1.77e-02	5.84e-02	4.12e-01	3.89e-01	1.16e-01
 5.02616e+22	2.57e-32	2.13e-25	2.61e-21	3.25e-18	1.96e-15	7.55e-13	9.16e-10	1.18e-07	5.64e-06	1.03e-04	1.16e-03	6.19e-03	1.88e-02	6.05e-02	4.17e-01	3.84e-01	1.12e-01
 5.03698e+22	3.38e-32	2.73e-25	3.28e-21	3.99e-18	2.35e-15	8.83e-13	1.07e-09	1.36e-07	6.40e-06	1.15e-04	1.27e-03	6.66e-03	1.98e-02	6.23e-02	4.21e-01	3.80e-01	1.09e-01
 5.04929e+22	4.91e-32	3.82e-25	4.46e-21	5.26e-18	3.00e-15	1.09e-12	1.31e-09	1.64e-07	7.60e-06	1.33e-04	1.44e-03	7.37e-03	2.12e-02	6.49e-02	4.27e-01	3.74e-01	1.04e-01
 5.06197e+22	6.89e-32	5.19e-25	5.89e-21	6.75e-18	3.74e-15	1.31e-12	1.57e-09	1.94e-07	8.86e-06	1.52e-04	1.62e-03	8.07e-03	2.26e-02	6.72e-02	4.32e-01	3.69e-01	1.00e-01
 5.07300e+22	9.34e-32	6.83e-25	7.56e-21	8.44e-18	4.54e-15	1.55e-12	1.84e-09	2.26e-07	1.02e-05	1.71e-04	1.79e-03	8.75e-03	2.39e-02	6.94e-02	4.36e-01	3.64e-01	9.64e-02
 5.08523e+22	1.37e-31	9.64e-25	1.03e-20	1.12e-17	5.82e-15	1.91e-12	2.27e-09	2.74e-07	1.21e-05	1.99e-04	2.04e-03	9.68e-03	2.57e-02	7.22e-02	4.41e-01	3.57e-01	9.20e-02
 5.09714e+22	1.83e-31	1.25e-24	1.31e-20	1.38e-17	7.01e-15	2.24e-12	2.65e-09	3.17e-07	1.38e-05	2.23e-04	2.24e-03	1.05e-02	2.71e-02	7.43e-02	4.44e-01	3.52e-01	8.87e-02
 5.10710e+22	2.47e-31	1.64e-24	1.67e-20	1.72e-17	8.46e-15	2.62e-12	3.10e-09	3.67e-07	1.58e-05	2.51e-04	2.48e-03	1.13e-02	2.86e-02	7.66e-02	4.48e-01	3.47e-01	8.54e-02
 5.11690e+22	3.25e-31	2.10e-24	2.10e-20	2.10e-17	1.01e-14	3.05e-12	3.59e-09	4.21e-07	1.79e-05	2.79e-04	2.71e-03	1.22e-02	3.01e-02	7.87e-02	4.51e-01	3.42e-01	8.25e-02
 5.12805e+22	4.69e-31	2.92e-24	2.83e-20	2.74e-17	1.27e-14	3.69e-12	4.35e-09	5.05e-07	2.11e-05	3.22e-04	3.06e-03	1.34e-02	3.22e-02	8.15e-02	4.55e-01	3.36e-01	7.86e-02
 5.13936e+22	6.43e-31	3.88e-24	3.65e-20	3.43e-17	1.54e-14	4.35e-12	5.12e-09	5.90e-07	2.43e-05	3.64e-04	3.40e-03	1.45e-02	3.40e-02	8.40e-02	4.58e-01	3.30e-01	7.54e-02
 5.14911e+22	8.50e-31	4.99e-24	4.58e-20	4.20e-17	1.84e-14	5.03e-12	5.93e-09	6.76e-07	2.75e-05	4.05e-04	3.72e-03	1.56e-02	3.58e-02	8.62e-02	4.61e-01	3.25e-01	7.27e-02
 5.16003e+22	1.24e-30	7.02e-24	6.24e-20	5.50e-17	2.32e-14	6.10e-12	7.21e-09	8.14e-07	3.26e-05	4.69e-04	4.22e-03	1.72e-02	3.82e-02	8.92e-02	4.64e-01	3.17e-01	6.90e-02
 5.17110e+22	1.69e-30	9.25e-24	7.99e-20	6.85e-17	2.80e-14	7.12e-12	8.44e-09	9.46e-07	3.74e-05	5.28e-04	4.66e-03	1.86e-02	4.03e-02	9.17e-02	4.67e-01	3.11e-01	6.61e-02
 5.18235e+22	2.52e-30	1.32e-23	1.10e-19	9.06e-17	3.55e-14	8.68e-12	1.03e-08	1.15e-06	4.46e-05	6.14e-04	5.30e-03	2.06e-02	4.32e-02	9.49e-02	4.69e-01	3.03e-01	6.25e-02
 5.19370e+22	3.46e-30	1.76e-23	1.42e-19	1.13e-16	4.30e-14	1.02e-11	1.21e-08	1.34e-06	5.14e-05	6.93e-04	5.87e-03	2.23e-02	4.56e-02	9.75e-02	4.71e-01	2.97e-01	5.97e-02
 5.20336e+22	4.62e-30	2.28e-23	1.79e-19	1.39e-16	5.12e-14	1.17e-11	1.41e-08	1.54e-06	5.84e-05	7.74e-04	6.44e-03	2.40e-02	4.79e-02	9.98e-02	4.73e-01	2.91e-01	5.72e-02
 5.21409e+22	7.00e-30	3.30e-23	2.50e-19	1.85e-16	6.51e-14	1.42e-11	1.73e-08	1.87e-06	7.00e-05	9.05e-04	7.36e-03	2.66e-02	5.13e-02	1.03e-01	4.74e-01	2.83e-01	5.38e-02
 5.22462e+22	9.25e-30	4.23e-23	3.13e-19	2.25e-16	7.69e-14	1.63e-11	1.99e-08	2.14e-06	7.92e-05	1.01e-03	8.03e-03	2.85e-02	5.37e-02	1.05e-01	4.75e-01	2.77e-01	5.15e-02
 5.23488e+22	1.38e-29	6.05e-23	4.29e-19	2.96e-16	9.66e-14	1.96e-11	2.41e-08	2.59e-06	9.42e-05	1.17e-03	9.11e-03	3.15e-02	5.73e-02	1.09e-01	4.75e-01	2.68e-01	4.84e-02
 5.24494e+22	1.80e-29	7.67e-23	5.31e-19	3.57e-16	1.13e-13	2.23e-11	2.76e-08	2.94e-06	1.06e-04	1.29e-03	9.90e-03	3.36e-02	5.98e-02	1.11e-01	4.75e-01	2.63e-01	4.64e-02
 5.25475e+22	2.68e-29	1.10e-22	7.29e-19	4.67e-16	1.41e-13	2.65e-11	3.34e-08	3.54e-06	1.26e-04	1.49e-03	1.12e-02	3.70e-02	6.38e-02	1.14e-01	4.75e-01	2.54e-01	4.35e-02
 5.26449e+22	3.52e-29	1.40e-22	9.06e-19	5.64e-16	1.65e-13	3.01e-11	3.82e-08	4.03e-06	1.42e-04	1.65e-03	1.22e-02	3.95e-02	6.65e-02	1.16e-01	4.74e-01	2.48e-01	4.16e-02
 5.27414e+22	5.24e-29	1.99e-22	1.24e-18	7.35e-16	2.06e-13	3.57e-11	4.61e-08	4.84e-06	1.68e-04	1.91e-03	1.38e-02	4.33e-02	7.07e-02	1.19e-01	4.72e-01	2.40e-01	3.89e-02
 5.28390e+22	7.02e-29	2.58e-22	1.56e-18	8.96e-16	2.42e-13	4.06e-11	5.30e-08	5.55e-06	1.90e-04	2.12e-03	1.50e-02	4.64e-02	7.38e-02	1.21e-01	4.71e-01	2.33e-01	3.70e-02
 5.29380e+22	1.06e-28	3.72e-22	2.15e-18	1.18e-15	3.02e-13	4.83e-11	6.42e-08	6.69e-06	2.26e-04	2.46e-03	1.70e-02	5.10e-02	7.85e-02	1.24e-01	4.68e-01	2.24e-01	3.44e-02
 5.30381e+22	1.43e-28	4.86e-22	2.73e-18	1.44e-15	3.57e-13	5.50e-11	7.41e-08	7.69e-06	2.57e-04	2.74e-03	1.86e-02	5.46e-02	8.19e-02	1.26e-01	4.66e-01	2.18e-01	3.26e-02
 5.31396e+22	2.16e-28	7.00e-22	3.76e-18	1.89e-15	4.45e-13	6.53e-11	8.97e-08	9.28e-06	3.05e-04	3.17e-03	2.10e-02	5.98e-02	8.68e-02	1.29e-01	4.61e-01	2.08e-01	3.02e-02
 5.32402e+22	2.94e-28	9.22e-22	4.79e-18	2.32e-15	5.25e-13	7.42e-11	1.04e-07	1.07e-05	3.47e-04	3.53e-03	2.29e-02	6.41e-02	9.06e-02	1.31e-01	4.58e-01	2.01e-01	2.84e-02
 5.33397e+22	4.41e-28	1.32e-21	6.59e-18	3.03e-15	6.51e-13	8.75e-11	1.25e-07	1.28e-05	4.11e-04	4.06e-03	2.58e-02	7.00e-02	9.57e-02	1.33e-01	4.52e-01	1.92e-01	2.63e-02
 5.34411e+22	6.11e-28	1.77e-21	8.49e-18	3.75e-15	7.72e-13	9.97e-11	1.45e-07	1.48e-05	4.70e-04	4.54e-03	2.82e-02	7.50e-02	9.98e-02	1.35e-01	4.47e-01	1.85e-01	2.46e-02
 5.35450e+22	9.37e-28	2.58e-21	1.18e-17	4.95e-15	9.64e-13	1.18e-10	1.75e-07	1.79e-05	5.58e-04	5.25e-03	3.18e-02	8.19e-02	1.05e-01	1.37e-01	4.40e-01	1.76e-01	2.25e-02
 5.36494e+22	1.30e-27	3.45e-21	1.53e-17	6.13e-15	1.14e-12	1.34e-10	2.03e-07	2.07e-05	6.37e-04	5.86e-03	3.47e-02	8.76e-02	1.10e-01	1.38e-01	4.34e-01	1.68e-01	2.10e-02
 5.37545e+22	2.01e-27	5.07e-21	2.14e-17	8.10e-15	1.42e-12	1.59e-10	2.45e-07	2.50e-05	7.57e-04	6.75e-03	3.90e-02	9.54e-02	1.15e-01	1.40e-01	4.25e-01	1.59e-01	1.91e-02
 5.38604e+22	2.79e-27	6.80e-21	2.76e-17	1.00e-14	1.69e-12	1.80e-10	2.83e-07	2.88e-05	8.62e-04	7.52e-03	4.25e-02	1.02e-01	1.20e-01	1.41e-01	4.17e-01	1.52e-01	1.78e-02
 5.39523e+22	3.87e-27	9.07e-21	3.55e-17	1.24e-14	1.99e-12	2.04e-10	3.26e-07	3.31e-05	9.78e-04	8.34e-03	4.62e-02	1.08e-01	1.24e-01	1.42e-01	4.10e-01	1.45e-01	1.65e-02
 5.40569e+22	5.94e-27	1.32e-20	4.94e-17	1.62e-14	2.47e-12	2.39e-10	3.90e-07	3.96e-05	1.15e-03	9.53e-03	5.14e-02	1.17e-01	1.29e-01	1.42e-01	3.99e-01	1.36e-01	1.49e-02
 5.41603e+22	8.02e-27	1.73e-20	6.24e-17	1.97e-14	2.88e-12	2.69e-10	4.43e-07	4.49e-05	1.29e-03	1.05e-02	5.53e-02	1.23e-01	1.33e-01	1.43e-01	3.91e-01	1.29e-01	1.38e-02
 5.42622e+22	1.21e-26	2.48e-20	8.54e-17	2.55e-14	3.52e-12	3.12e-10	5.24e-07	5.30e-05	1.50e-03	1.18e-02	6.09e-02	1.32e-01	1.38e-01	1.43e-01	3.79e-01	1.21e-01	1.25e-02
 5.43663e+22	1.64e-26	3.26e-20	1.08e-16	3.12e-14	4.12e-12	3.52e-10	5.96e-07	6.01e-05	1.68e-03	1.30e-02	6.54e-02	1.39e-01	1.42e-01	1.43e-01	3.70e-01	1.15e-01	1.15e-02
 5.44731e+22	2.47e-26	4.69e-20	1.49e-16	4.05e-14	5.06e-12	4.10e-10	7.02e-07	7.07e-05	1.95e-03	1.46e-02	7.17e-02	1.48e-01	1.46e-01	1.42e-01	3.57e-01	1.07e-01	1.04e-02
 5.45825e+22	3.40e-26	6.22e-20	1.90e-16	4.97e-14	5.95e-12	4.63e-10	7.99e-07	8.03e-05	2.18e-03	1.60e-02	7.69e-02	1.56e-01	1.50e-01	1.41e-01	3.47e-01	1.01e-01	9.52e-03
 5.46952e+22	5.16e-26	9.01e-20	2.63e-16	6.49e-14	7.33e-12	5.42e-10	9.41e-07	9.44e-05	2.52e-03	1.79e-02	8.40e-02	1.66e-01	1.54e-01	1.40e-01	3.34e-01	9.35e-02	8.48e-03
 5.48105e+22	7.11e-26	1.20e-19	3.38e-16	7.99e-14	8.64e-12	6.14e-10	1.07e-06	1.07e-04	2.82e-03	1.96e-02	8.97e-02	1.73e-01	1.57e-01	1.39e-01	3.23e-01	8.78e-02	7.74e-03
 5.49290e+22	1.08e-25	1.74e-19	4.67e-16	1.05e-13	1.07e-11	7.21e-10	1.25e-06	1.25e-04	3.24e-03	2.18e-02	9.75e-02	1.83e-01	1.61e-01	1.37e-01	3.08e-01	8.08e-02	6.85e-03
 5.50497e+22	1.49e-25	2.32e-19	6.01e-16	1.29e-13	1.26e-11	8.18e-10	1.42e-06	1.41e-04	3.61e-03	2.38e-02	1.04e-01	1.91e-01	1.63e-01	1.35e-01	2.97e-01	7.55e-02	6.22e-03
 5.51733e+22	2.27e-25	3.36e-19	8.31e-16	1.69e-13	1.56e-11	9.62e-10	1.66e-06	1.64e-04	4.13e-03	2.64e-02	1.12e-01	2.01e-01	1.66e-01	1.33e-01	2.83e-01	6.91e-02	5.48e-03
 5.52976e+22	3.11e-25	4.45e-19	1.06e-15	2.07e-13	1.84e-11	1.09e-09	1.87e-06	1.84e-04	4.57e-03	2.86e-02	1.19e-01	2.08e-01	1.68e-01	1.31e-01	2.72e-01	6.44e-02	4.96e-03
 5.54229e+22	4.66e-25	6.39e-19	1.46e-15	2.70e-13	2.27e-11	1.28e-09	2.16e-06	2.13e-04	5.19e-03	3.15e-02	1.27e-01	2.18e-01	1.70e-01	1.28e-01	2.57e-01	5.87e-02	4.35e-03
 5.55446e+22	6.15e-25	8.18e-19	1.81e-15	3.24e-13	2.62e-11	1.43e-09	2.40e-06	2.35e-04	5.66e-03	3.37e-02	1.33e-01	2.24e-01	1.71e-01	1.26e-01	2.48e-01	5.50e-02	3.98e-03
 5.56615e+22	8.86e-25	1.13e-18	2.41e-15	4.11e-13	3.17e-11	1.66e-09	2.73e-06	2.67e-04	6.32e-03	3.66e-02	1.42e-01	2.32e-01	1.72e-01	1.22e-01	2.35e-01	5.04e-02	3.52e-03
 5.57811e+22	1.16e-24	1.46e-18	3.01e-15	4.95e-13	3.68e-11	1.86e-09	3.03e-06	2.95e-04	6.89e-03	3.91e-02	1.48e-01	2.38e-01	1.73e-01	1.20e-01	2.25e-01	4.70e-02	3.20e-03
 5.59042e+22	7.13e-27	2.04e-18	4.04e-15	6.33e-13	4.47e-11	2.16e-09	3.45e-06	3.34e-04	7.69e-03	4.24e-02	1.56e-01	2.46e-01	1.73e-01	1.16e-01	2.12e-01	4.28e-02	2.80e-03
 5.60289e+22	9.44e-27	2.60e-18	5.01e-15	7.60e-13	5.19e-11	2.43e-09	3.81e-06	3.67e-04	8.34e-03	4.51e-02	1.63e-01	2.51e-01	1.73e-01	1.14e-01	2.03e-01	3.98e-02	2.54e-03
 5.61555e+22	1.37e-26	3.59e-18	6.66e-15	9.65e-13	6.29e-11	2.82e-09	4.33e-06	4.14e-04	9.25e-03	4.87e-02	1.71e-01	2.58e-01	1.73e-01	1.10e-01	1.91e-01	3.62e-02	2.23e-03
 5.62812e+22	1.80e-26	4.57e-18	8.23e-15	1.15e-12	7.26e-11	3.15e-09	4.75e-06	4.53e-04	9.98e-03	5.15e-02	1.78e-01	2.62e-01	1.72e-01	1.07e-01	1.82e-01	3.36e-02	2.02e-03
 5.64056e+22	2.59e-26	6.26e-18	1.09e-14	1.45e-12	8.73e-11	3.64e-09	5.36e-06	5.08e-04	1.10e-02	5.53e-02	1.86e-01	2.68e-01	1.71e-01	1.04e-01	1.71e-01	3.05e-02	1.77e-03
 5.65312e+22	3.37e-26	7.88e-18	1.33e-14	1.73e-12	1.00e-10	4.06e-09	5.87e-06	5.53e-04	1.18e-02	5.83e-02	1.92e-01	2.72e-01	1.70e-01	1.01e-01	1.64e-01	2.84e-02	1.60e-03
 5.66584e+22	4.81e-26	1.07e-17	1.75e-14	2.17e-12	1.21e-10	4.69e-09	6.60e-06	6.17e-04	1.30e-02	6.24e-02	2.00e-01	2.77e-01	1.69e-01	9.71e-02	1.53e-01	2.57e-02	1.40e-03
 5.67881e+22	6.30e-26	1.36e-17	2.15e-14	2.59e-12	1.39e-10	5.25e-09	7.23e-06	6.72e-04	1.39e-02	6.56e-02	2.07e-01	2.81e-01	1.68e-01	9.41e-02	1.46e-01	2.37e-02	1.26e-03
 5.69210e+22	9.02e-26	1.85e-17	2.83e-14	3.26e-12	1.68e-10	6.08e-09	8.13e-06	7.49e-04	1.53e-02	7.01e-02	2.15e-01	2.85e-01	1.65e-01	9.03e-02	1.36e-01	2.14e-02	1.10e-03
 5.70562e+22	1.18e-25	2.35e-17	3.48e-14	3.90e-12	1.94e-10	6.82e-09	8.91e-06	8.15e-04	1.64e-02	7.36e-02	2.21e-01	2.88e-01	1.64e-01	8.73e-02	1.29e-01	1.97e-02	9.87e-04
 5.71947e+22	4.32e-26	3.21e-17	4.59e-14	4.92e-12	2.35e-10	7.92e-09	1.00e-05	9.08e-04	1.80e-02	7.85e-02	2.29e-01	2.91e-01	1.61e-01	8.34e-02	1.20e-01	1.77e-02	8.53e-04
 5.73357e+22	5.69e-26	4.07e-17	5.67e-14	5.89e-12	2.72e-10	8.91e-09	1.10e-05	9.88e-04	1.92e-02	8.23e-02	2.35e-01	2.94e-01	1.59e-01	8.04e-02	1.13e-01	1.62e-02	7.63e-04
 5.74800e+22	8.21e-26	5.58e-17	7.49e-14	7.46e-12	3.30e-10	1.04e-08	1.24e-05	1.10e-03	2.10e-02	8.75e-02	2.43e-01	2.96e-01	1.55e-01	7.65e-02	1.04e-01	1.45e-02	6.56e-04
 5.76211e+22	1.05e-25	6.90e-17	9.05e-14	8.78e-12	3.77e-10	1.16e-08	1.35e-05	1.19e-03	2.24e-02	9.12e-02	2.48e-01	2.97e-01	1.53e-01	7.38e-02	9.90e-02	1.34e-02	5.92e-04
 5.77580e+22	1.48e-25	9.29e-17	1.18e-13	1.10e-11	4.51e-10	1.33e-08	1.51e-05	1.31e-03	2.43e-02	9.64e-02	2.55e-01	2.99e-01	1.50e-01	7.02e-02	9.18e-02	1.20e-02	5.12e-04
 5.78970e+22	1.90e-25	1.15e-16	1.42e-13	1.29e-11	5.17e-10	1.49e-08	1.64e-05	1.41e-03	2.58e-02	1.00e-01	2.60e-01	2.99e-01	1.47e-01	6.76e-02	8.68e-02	1.10e-02	4.60e-04
 5.80388e+22	2.66e-25	1.53e-16	1.84e-13	1.61e-11	6.19e-10	1.71e-08	1.83e-05	1.56e-03	2.79e-02	1.06e-01	2.67e-01	3.00e-01	1.43e-01	6.42e-02	8.03e-02	9.88e-03	3.98e-04
 5.81850e+22	3.50e-25	1.94e-16	2.26e-13	1.92e-11	7.17e-10	1.93e-08	2.01e-05	1.69e-03	2.97e-02	1.10e-01	2.72e-01	3.00e-01	1.40e-01	6.15e-02	7.53e-02	9.01e-03	3.53e-04
 5.83369e+22	4.92e-25	2.60e-16	2.93e-13	2.40e-11	8.61e-10	2.23e-08	2.25e-05	1.86e-03	3.21e-02	1.16e-01	2.79e-01	2.99e-01	1.36e-01	5.82e-02	6.94e-02	8.02e-03	3.04e-04
 5.84938e+22	6.57e-25	3.32e-16	3.66e-13	2.90e-11	1.01e-09	2.53e-08	2.48e-05	2.02e-03	3.43e-02	1.21e-01	2.84e-01	2.99e-01	1.33e-01	5.54e-02	6.47e-02	7.26e-03	2.67e-04
 5.86572e+22	9.37e-25	4.50e-16	4.79e-13	3.66e-11	1.22e-09	2.96e-08	2.79e-05	2.24e-03	3.72e-02	1.27e-01	2.90e-01	2.97e-01	1.28e-01	5.21e-02	5.93e-02	6.41e-03	2.27e-04
 5.88250e+22	1.26e-24	5.80e-16	6.01e-13	4.45e-11	1.44e-09	3.37e-08	3.09e-05	2.44e-03	3.97e-02	1.33e-01	2.95e-01	2.96e-01	1.25e-01	4.94e-02	5.50e-02	5.77e-03	1.98e-04
 5.89987e+22	1.83e-24	7.94e-16	7.96e-13	5.66e-11	1.76e-09	3.97e-08	3.50e-05	2.71e-03	4.31e-02	1.40e-01	3.00e-01	2.93e-01	1.20e-01	4.62e-02	5.00e-02	5.05e-03	1.67e-04
 5.91780e+22	2.49e-24	1.04e-15	1.01e-12	6.95e-11	2.08e-09	4.55e-08	3.89e-05	2.97e-03	4.61e-02	1.45e-01	3.05e-01	2.91e-01	1.16e-01	4.36e-02	4.61e-02	4.51e-03	1.45e-04
 5.93649e+22	3.67e-24	1.44e-15	1.35e-12	8.95e-11	2.57e-09	5.41e-08	4.44e-05	3.31e-03	5.01e-02	1.53e-01	3.10e-01	2.87e-01	1.11e-01	4.05e-02	4.16e-02	3.91e-03	1.20e-04
 5.95568e+22	5.07e-24	1.89e-15	1.73e-12	1.11e-10	3.07e-09	6.25e-08	4.96e-05	3.63e-03	5.36e-02	1.59e-01	3.14e-01	2.84e-01	1.07e-01	3.79e-02	3.81e-02	3.46e-03	1.03e-04
 5.97292e+22	6.89e-24	2.45e-15	2.18e-12	1.36e-10	3.64e-09	7.18e-08	5.52e-05	3.96e-03	5.72e-02	1.65e-01	3.17e-01	2.80e-01	1.02e-01	3.57e-02	3.50e-02	3.08e-03	8.88e-05
 5.99274e+22	1.04e-23	3.49e-15	2.99e-12	1.78e-10	4.56e-09	8.61e-08	6.34e-05	4.43e-03	6.22e-02	1.74e-01	3.21e-01	2.75e-01	9.71e-02	3.27e-02	3.12e-02	2.62e-03	7.25e-05
 6.01267e+22	1.42e-23	4.52e-15	3.78e-12	2.18e-10	5.41e-09	9.89e-08	7.06e-05	4.83e-03	6.63e-02	1.80e-01	3.24e-01	2.71e-01	9.31e-02	3.07e-02	2.85e-02	2.33e-03	6.23e-05
 6.03276e+22	2.13e-23	6.39e-15	5.14e-12	2.84e-10	6.76e-09	1.18e-07	8.09e-05	5.40e-03	7.19e-02	1.88e-01	3.26e-01	2.65e-01	8.80e-02	2.81e-02	2.54e-02	1.98e-03	5.08e-05
 6.05328e+22	2.96e-23	8.44e-15	6.60e-12	3.53e-10	8.09e-09	1.37e-07	9.04e-05	5.90e-03	7.66e-02	1.95e-01	3.28e-01	2.59e-01	8.39e-02	2.61e-02	2.30e-02	1.73e-03	4.30e-05
 6.07435e+22	4.50e-23	1.20e-14	9.07e-12	4.64e-10	1.02e-08	1.65e-07	1.04e-04	6.60e-03	8.31e-02	2.03e-01	3.30e-01	2.52e-01	7.88e-02	2.38e-02	2.03e-02	1.46e-03	3.46e-05
 6.09576e+22	6.32e-23	1.61e-14	1.17e-11	5.80e-10	1.22e-08	1.92e-07	1.17e-04	7.22e-03	8.85e-02	2.10e-01	3.31e-01	2.47e-01	7.48e-02	2.20e-02	1.83e-02	1.27e-03	2.90e-05
 6.11759e+22	9.82e-23	2.34e-14	1.64e-11	7.73e-10	1.55e-08	2.33e-07	1.35e-04	8.10e-03	9.60e-02	2.19e-01	3.31e-01	2.39e-01	6.98e-02	1.99e-02	1.60e-02	1.06e-03	2.30e-05
 6.13952e+22	1.37e-22	3.11e-14	2.11e-11	9.63e-10	1.87e-08	2.70e-07	1.51e-04	8.85e-03	1.02e-01	2.26e-01	3.31e-01	2.33e-01	6.60e-02	1.83e-02	1.44e-02	9.17e-04	1.92e-05
 6.15772e+22	1.86e-22	4.03e-14	2.66e-11	1.18e-09	2.20e-08	3.09e-07	1.67e-04	9.57e-03	1.08e-01	2.32e-01	3.30e-01	2.27e-01	6.27e-02	1.70e-02	1.30e-02	8.04e-04	1.63e-05
 6.17753e+22	2.79e-22	5.68e-14	3.62e-11	1.53e-09	2.74e-08	3.69e-07	1.90e-04	1.06e-02	1.16e-01	2.39e-01	3.29e-01	2.19e-01	5.85e-02	1.54e-02	1.15e-02	6.75e-04	1.31e-05
 6.19725e+22	3.76e-22	7.32e-14	4.54e-11	1.86e-09	3.22e-08	4.21e-07	2.10e-04	1.14e-02	1.22e-01	2.45e-01	3.28e-01	2.13e-01	5.55e-02	1.43e-02	1.04e-02	5.92e-04	1.11e-05
 6.21688e+22	5.62e-22	1.03e-13	6.15e-11	2.41e-09	4.00e-08	5.01e-07	2.38e-04	1.26e-02	1.30e-01	2.52e-01	3.25e-01	2.06e-01	5.16e-02	1.29e-02	9.10e-03	4.96e-04	8.90e-06
 6.23676e+22	7.66e-22	1.34e-13	7.78e-11	2.95e-09	4.73e-08	5.75e-07	2.64e-04	1.37e-02	1.37e-01	2.58e-01	3.23e-01	1.99e-01	4.87e-02	1.19e-02	8.20e-03	4.31e-04	7.48e-06
 6.25698e+22	1.16e-21	1.91e-13	1.07e-10	3.87e-09	5.92e-08	6.90e-07	3.02e-04	1.51e-02	1.46e-01	2.65e-01	3.19e-01	1.91e-01	4.51e-02	1.07e-02	7.12e-03	3.57e-04	5.90e-06
 6.27744e+22	1.60e-21	2.51e-13	1.36e-10	4.76e-09	7.04e-08	7.96e-07	3.35e-04	1.64e-02	1.54e-01	2.70e-01	3.16e-01	1.85e-01	4.24e-02	9.86e-03	6.37e-03	3.08e-04	4.91e-06
 6.29823e+22	2.44e-21	3.61e-13	1.88e-10	6.28e-09	8.87e-08	9.62e-07	3.85e-04	1.82e-02	1.64e-01	2.76e-01	3.11e-01	1.76e-01	3.89e-02	8.79e-03	5.49e-03	2.52e-04	3.83e-06
 6.31942e+22	3.43e-21	4.83e-13	2.43e-10	7.85e-09	1.07e-07	1.12e-06	4.31e-04	1.97e-02	1.73e-01	2.81e-01	3.06e-01	1.69e-01	3.63e-02	8.01e-03	4.86e-03	2.15e-04	3.14e-06
 6.34113e+22	5.34e-21	7.07e-13	3.41e-10	1.05e-08	1.36e-07	1.37e-06	4.99e-04	2.20e-02	1.85e-01	2.87e-01	3.00e-01	1.61e-01	3.31e-02	7.08e-03	4.14e-03	1.73e-04	2.40e-06
 6.36328e+22	7.62e-21	9.59e-13	4.47e-10	1.33e-08	1.66e-07	1.61e-06	5.62e-04	2.40e-02	1.95e-01	2.92e-01	2.94e-01	1.54e-01	3.06e-02	6.40e-03	3.63e-03	1.46e-04	1.93e-06
 6.38600e+22	1.21e-20	1.43e-12	6.37e-10	1.81e-08	2.15e-07	2.00e-06	6.59e-04	2.70e-02	2.09e-01	2.97e-01	2.86e-01	1.44e-01	2.76e-02	5.59e-03	3.04e-03	1.15e-04	1.45e-06
 6.40890e+22	1.74e-20	1.95e-12	8.40e-10	2.30e-08	2.64e-07	2.37e-06	7.46e-04	2.95e-02	2.19e-01	3.00e-01	2.80e-01	1.37e-01	2.54e-02	5.02e-03	2.64e-03	9.60e-05	1.15e-06
 6.42815e+22	2.42e-20	2.58e-12	1.08e-09	2.86e-08	3.18e-07	2.78e-06	8.37e-04	3.21e-02	2.30e-01	3.03e-01	2.73e-01	1.31e-01	2.35e-02	4.54e-03	2.32e-03	8.09e-05	9.33e-07
 6.44899e+22	3.67e-20	3.69e-12	1.49e-09	3.79e-08	4.04e-07	3.40e-06	9.71e-04	3.57e-02	2.43e-01	3.06e-01	2.64e-01	1.23e-01	2.12e-02	3.98e-03	1.96e-03	6.48e-05	7.09e-07
 6.47000e+22	5.12e-20	4.90e-12	1.92e-09	4.74e-08	4.90e-07	4.01e-06	1.09e-03	3.88e-02	2.54e-01	3.07e-01	2.57e-01	1.17e-01	1.94e-02	3.58e-03	1.71e-03	5.41e-05	5.68e-07
 6.49056e+22	7.61e-20	6.86e-12	2.60e-09	6.20e-08	6.18e-07	4.89e-06	1.27e-03	4.31e-02	2.68e-01	3.09e-01	2.48e-01	1.09e-01	1.75e-02	3.14e-03	1.44e-03	4.34e-05	4.33e-07
 6.51153e+22	1.07e-19	9.16e-12	3.38e-09	7.83e-08	7.56e-07	5.82e-06	1.44e-03	4.71e-02	2.80e-01	3.09e-01	2.39e-01	1.03e-01	1.59e-02	2.79e-03	1.24e-03	3.57e-05	3.41e-07
 6.53208e+22	1.56e-19	1.26e-11	4.50e-09	1.01e-07	9.47e-07	7.07e-06	1.66e-03	5.21e-02	2.94e-01	3.09e-01	2.30e-01	9.56e-02	1.43e-02	2.45e-03	1.05e-03	2.87e-05	2.60e-07
 6.55307e+22	2.21e-19	1.68e-11	5.87e-09	1.29e-07	1.17e-06	8.49e-06	1.90e-03	5.72e-02	3.07e-01	3.08e-01	2.21e-01	8.92e-02	1.29e-02	2.15e-03	8.92e-04	2.33e-05	2.01e-07
 6.57380e+22	3.16e-19	2.26e-11	7.71e-09	1.65e-07	1.45e-06	1.03e-05	2.18e-03	6.30e-02	3.20e-01	3.07e-01	2.11e-01	8.28e-02	1.15e-02	1.88e-03	7.51e-04	1.86e-05	1.54e-07
 6.59466e+22	4.46e-19	3.00e-11	1.00e-08	2.09e-07	1.79e-06	1.24e-05	2.50e-03	6.92e-02	3.33e-01	3.05e-01	2.01e-01	7.68e-02	1.03e-02	1.64e-03	6.34e-04	1.50e-05	1.18e-07
 6.61526e+22	6.28e-19	3.95e-11	1.29e-08	2.65e-07	2.21e-06	1.49e-05	2.86e-03	7.59e-02	3.46e-01	3.02e-01	1.91e-01	7.09e-02	9.17e-03	1.43e-03	5.33e-04	1.20e-05	0.00e+00
