#depth	N	N+	N+2	N+3	N+4	N+5	N+6	N+7
 4.62852e+21	0.00e+00	0.00e+00	1.24e-26	1.04e-20	2.96e-15	2.25e-09	9.76e-05	1.00e+00
 1.05236e+22	0.00e+00	0.00e+00	7.18e-26	4.23e-20	8.86e-15	4.65e-09	1.40e-04	1.00e+00
 1.26318e+22	0.00e+00	0.00e+00	2.36e-25	1.10e-19	1.83e-14	7.50e-09	1.77e-04	1.00e+00
 1.41467e+22	0.00e+00	1.63e-31	6.11e-25	2.36e-19	3.26e-14	1.10e-08	2.14e-04	1.00e+00
 1.50272e+22	0.00e+00	2.31e-31	8.21e-25	2.99e-19	3.89e-14	1.24e-08	2.27e-04	1.00e+00
 1.55038e+22	0.00e+00	3.56e-31	1.18e-24	4.00e-19	4.85e-14	1.43e-08	2.44e-04	1.00e+00
 1.60255e+22	0.00e+00	5.44e-31	1.68e-24	5.33e-19	6.03e-14	1.65e-08	2.62e-04	1.00e+00
 1.65189e+22	0.00e+00	8.16e-31	2.36e-24	7.01e-19	7.43e-14	1.89e-08	2.80e-04	1.00e+00
 1.70733e+22	0.00e+00	1.40e-30	3.71e-24	1.01e-18	9.80e-14	2.27e-08	3.07e-04	1.00e+00
 1.76190e+22	0.00e+00	2.02e-30	5.04e-24	1.29e-18	1.18e-13	2.57e-08	3.26e-04	1.00e+00
 1.81537e+22	0.00e+00	3.43e-30	7.84e-24	1.85e-18	1.55e-13	3.07e-08	3.56e-04	1.00e+00
 1.86852e+22	0.00e+00	4.92e-30	1.06e-23	2.36e-18	1.86e-13	3.46e-08	3.78e-04	1.00e+00
 1.91249e+22	0.00e+00	6.98e-30	1.42e-23	2.99e-18	2.24e-13	3.90e-08	4.00e-04	1.00e+00
 1.95379e+22	0.00e+00	9.73e-30	1.88e-23	3.77e-18	2.67e-13	4.38e-08	4.24e-04	1.00e+00
 1.99424e+22	0.00e+00	1.36e-29	2.49e-23	4.73e-18	3.17e-13	4.90e-08	4.48e-04	1.00e+00
 2.03455e+22	0.00e+00	1.90e-29	3.29e-23	5.94e-18	3.77e-13	5.49e-08	4.74e-04	1.00e+00
 2.07479e+22	0.00e+00	2.65e-29	4.36e-23	7.45e-18	4.48e-13	6.15e-08	5.00e-04	9.99e-01
 2.12106e+22	0.00e+00	4.07e-29	6.24e-23	9.96e-18	5.60e-13	7.11e-08	5.37e-04	9.99e-01
 2.16697e+22	0.00e+00	5.69e-29	8.25e-23	1.25e-17	6.65e-13	7.96e-08	5.68e-04	9.99e-01
 2.21241e+22	0.00e+00	8.63e-29	1.17e-22	1.66e-17	8.28e-13	9.17e-08	6.09e-04	9.99e-01
 2.25859e+22	0.00e+00	1.22e-28	1.56e-22	2.09e-17	9.87e-13	1.03e-07	6.44e-04	9.99e-01
 2.29880e+22	0.00e+00	1.68e-28	2.05e-22	2.62e-17	1.17e-12	1.15e-07	6.80e-04	9.99e-01
 2.33541e+22	0.00e+00	2.26e-28	2.63e-22	3.19e-17	1.36e-12	1.27e-07	7.14e-04	9.99e-01
 2.36862e+22	0.00e+00	2.97e-28	3.30e-22	3.84e-17	1.57e-12	1.39e-07	7.47e-04	9.99e-01
 2.40613e+22	0.00e+00	4.11e-28	4.34e-22	4.80e-17	1.87e-12	1.56e-07	7.88e-04	9.99e-01
 2.44612e+22	0.00e+00	5.62e-28	5.65e-22	5.94e-17	2.20e-12	1.73e-07	8.31e-04	9.99e-01
 2.48169e+22	0.00e+00	7.48e-28	7.19e-22	7.22e-17	2.55e-12	1.91e-07	8.71e-04	9.99e-01
 2.51514e+22	0.00e+00	9.88e-28	9.08e-22	8.73e-17	2.95e-12	2.10e-07	9.12e-04	9.99e-01
 2.55351e+22	0.00e+00	1.39e-27	1.21e-21	1.10e-16	3.53e-12	2.36e-07	9.66e-04	9.99e-01
 2.59338e+22	0.00e+00	1.88e-27	1.56e-21	1.35e-16	4.14e-12	2.62e-07	1.01e-03	9.99e-01
 2.62862e+22	0.00e+00	2.50e-27	1.98e-21	1.65e-16	4.81e-12	2.89e-07	1.06e-03	9.99e-01
 2.65980e+22	0.00e+00	3.19e-27	2.43e-21	1.95e-16	5.46e-12	3.14e-07	1.11e-03	9.99e-01
 2.69229e+22	0.00e+00	4.20e-27	3.07e-21	2.35e-16	6.33e-12	3.45e-07	1.16e-03	9.99e-01
 2.72707e+22	0.00e+00	5.50e-27	3.85e-21	2.83e-16	7.29e-12	3.79e-07	1.21e-03	9.99e-01
 2.75844e+22	0.00e+00	7.05e-27	4.75e-21	3.36e-16	8.31e-12	4.12e-07	1.27e-03	9.99e-01
 2.79281e+22	0.00e+00	9.46e-27	6.08e-21	4.12e-16	9.74e-12	4.57e-07	1.33e-03	9.99e-01
 2.82794e+22	0.00e+00	1.24e-26	7.64e-21	4.95e-16	1.12e-11	5.01e-07	1.39e-03	9.99e-01
 2.85768e+22	0.00e+00	1.57e-26	9.33e-21	5.83e-16	1.27e-11	5.44e-07	1.45e-03	9.99e-01
 2.88995e+22	0.00e+00	2.08e-26	1.18e-20	7.06e-16	1.48e-11	5.98e-07	1.52e-03	9.98e-01
 2.92449e+22	0.00e+00	2.71e-26	1.48e-20	8.49e-16	1.70e-11	6.56e-07	1.59e-03	9.98e-01
 2.95531e+22	0.00e+00	3.47e-26	1.81e-20	1.00e-15	1.93e-11	7.14e-07	1.65e-03	9.98e-01
 2.98239e+22	2.15e-33	4.30e-26	2.17e-20	1.16e-15	2.16e-11	7.69e-07	1.71e-03	9.98e-01
 3.01131e+22	2.85e-33	5.48e-26	2.67e-20	1.38e-15	2.47e-11	8.37e-07	1.78e-03	9.98e-01
 3.04228e+22	3.76e-33	6.97e-26	3.26e-20	1.62e-15	2.80e-11	9.08e-07	1.86e-03	9.98e-01
 3.07024e+22	4.85e-33	8.68e-26	3.93e-20	1.88e-15	3.14e-11	9.80e-07	1.93e-03	9.98e-01
 3.10089e+22	6.58e-33	1.13e-25	4.90e-20	2.26e-15	3.62e-11	1.07e-06	2.01e-03	9.98e-01
 3.13215e+22	8.69e-33	1.43e-25	5.99e-20	2.66e-15	4.10e-11	1.17e-06	2.09e-03	9.98e-01
 3.15845e+22	1.11e-32	1.77e-25	7.14e-20	3.07e-15	4.58e-11	1.25e-06	2.17e-03	9.98e-01
 3.18689e+22	1.47e-32	2.25e-25	8.76e-20	3.63e-15	5.22e-11	1.36e-06	2.26e-03	9.98e-01
 3.21744e+22	1.94e-32	2.87e-25	1.07e-19	4.28e-15	5.92e-11	1.48e-06	2.35e-03	9.98e-01
 3.24508e+22	2.49e-32	3.55e-25	1.28e-19	4.96e-15	6.64e-11	1.60e-06	2.44e-03	9.98e-01
 3.27015e+22	3.14e-32	4.33e-25	1.52e-19	5.69e-15	7.38e-11	1.71e-06	2.52e-03	9.97e-01
 3.29380e+22	3.90e-32	5.22e-25	1.78e-19	6.47e-15	8.15e-11	1.83e-06	2.60e-03	9.97e-01
 3.32080e+22	5.04e-32	6.53e-25	2.15e-19	7.55e-15	9.20e-11	1.98e-06	2.70e-03	9.97e-01
 3.34971e+22	6.55e-32	8.18e-25	2.59e-19	8.80e-15	1.03e-10	2.14e-06	2.81e-03	9.97e-01
 3.37550e+22	8.31e-32	1.00e-24	3.08e-19	1.01e-14	1.15e-10	2.29e-06	2.90e-03	9.97e-01
 3.40342e+22	1.10e-31	1.27e-24	3.76e-19	1.19e-14	1.31e-10	2.49e-06	3.02e-03	9.97e-01
 3.43186e+22	1.41e-31	1.58e-24	4.51e-19	1.38e-14	1.47e-10	2.69e-06	3.14e-03	9.97e-01
 3.45579e+22	1.75e-31	1.91e-24	5.29e-19	1.58e-14	1.62e-10	2.87e-06	3.24e-03	9.97e-01
 3.48173e+22	2.26e-31	2.38e-24	6.36e-19	1.83e-14	1.83e-10	3.10e-06	3.36e-03	9.97e-01
 3.50969e+22	2.92e-31	2.96e-24	7.65e-19	2.13e-14	2.05e-10	3.35e-06	3.49e-03	9.97e-01
 3.53519e+22	3.67e-31	3.60e-24	9.03e-19	2.44e-14	2.27e-10	3.59e-06	3.61e-03	9.96e-01
 3.55872e+22	4.56e-31	4.34e-24	1.06e-18	2.77e-14	2.51e-10	3.83e-06	3.72e-03	9.96e-01
 3.58479e+22	5.87e-31	5.39e-24	1.27e-18	3.22e-14	2.82e-10	4.14e-06	3.86e-03	9.96e-01
 3.61233e+22	7.51e-31	6.66e-24	1.51e-18	3.72e-14	3.15e-10	4.45e-06	4.01e-03	9.96e-01
 3.63664e+22	9.38e-31	8.06e-24	1.78e-18	4.24e-14	3.49e-10	4.76e-06	4.14e-03	9.96e-01
 3.66309e+22	1.22e-30	1.01e-23	2.15e-18	4.95e-14	3.93e-10	5.15e-06	4.30e-03	9.96e-01
 3.69114e+22	1.58e-30	1.26e-23	2.58e-18	5.74e-14	4.41e-10	5.57e-06	4.47e-03	9.96e-01
 3.71524e+22	1.95e-30	1.51e-23	3.01e-18	6.51e-14	4.86e-10	5.94e-06	4.61e-03	9.95e-01
 3.74054e+22	2.51e-30	1.88e-23	3.60e-18	7.55e-14	5.44e-10	6.40e-06	4.78e-03	9.95e-01
 3.76713e+22	3.19e-30	2.30e-23	4.28e-18	8.67e-14	6.05e-10	6.88e-06	4.96e-03	9.95e-01
 3.79073e+22	3.94e-30	2.76e-23	4.98e-18	9.82e-14	6.66e-10	7.34e-06	5.12e-03	9.95e-01
 3.81675e+22	5.10e-30	3.44e-23	6.00e-18	1.14e-13	7.49e-10	7.93e-06	5.32e-03	9.95e-01
 3.84445e+22	6.61e-30	4.29e-23	7.20e-18	1.32e-13	8.37e-10	8.56e-06	5.52e-03	9.94e-01
 3.86903e+22	8.23e-30	5.18e-23	8.43e-18	1.51e-13	9.24e-10	9.15e-06	5.71e-03	9.94e-01
 3.89199e+22	1.02e-29	6.22e-23	9.82e-18	1.70e-13	1.02e-09	9.76e-06	5.89e-03	9.94e-01
 3.91815e+22	1.32e-29	7.77e-23	1.18e-17	1.98e-13	1.14e-09	1.06e-05	6.13e-03	9.94e-01
 3.94535e+22	1.69e-29	9.58e-23	1.41e-17	2.28e-13	1.27e-09	1.14e-05	6.36e-03	9.94e-01
 3.96905e+22	2.12e-29	1.16e-22	1.65e-17	2.59e-13	1.40e-09	1.21e-05	6.58e-03	9.93e-01
 3.99501e+22	2.78e-29	1.46e-22	2.00e-17	3.02e-13	1.57e-09	1.32e-05	6.85e-03	9.93e-01
 4.02111e+22	3.49e-29	1.78e-22	2.35e-17	3.44e-13	1.73e-09	1.41e-05	7.09e-03	9.93e-01
 4.04317e+22	4.30e-29	2.12e-22	2.72e-17	3.87e-13	1.89e-09	1.50e-05	7.32e-03	9.93e-01
 4.06760e+22	5.55e-29	2.63e-22	3.25e-17	4.47e-13	2.11e-09	1.62e-05	7.60e-03	9.92e-01
 4.09312e+22	7.00e-29	3.20e-22	3.82e-17	5.08e-13	2.32e-09	1.73e-05	7.87e-03	9.92e-01
 4.11614e+22	8.74e-29	3.86e-22	4.46e-17	5.76e-13	2.55e-09	1.85e-05	8.14e-03	9.92e-01
 4.14213e+22	1.15e-28	4.88e-22	5.40e-17	6.70e-13	2.85e-09	2.00e-05	8.49e-03	9.91e-01
 4.16885e+22	1.48e-28	6.02e-22	6.42e-17	7.68e-13	3.15e-09	2.15e-05	8.82e-03	9.91e-01
 4.19113e+22	1.84e-28	7.24e-22	7.47e-17	8.66e-13	3.44e-09	2.29e-05	9.12e-03	9.91e-01
 4.21140e+22	2.24e-28	8.54e-22	8.56e-17	9.65e-13	3.73e-09	2.42e-05	9.40e-03	9.91e-01
 4.23443e+22	2.88e-28	1.06e-21	1.02e-16	1.11e-12	4.12e-09	2.61e-05	9.77e-03	9.90e-01
 4.25868e+22	3.64e-28	1.29e-21	1.20e-16	1.25e-12	4.51e-09	2.79e-05	1.01e-02	9.90e-01
 4.28067e+22	4.57e-28	1.55e-21	1.39e-16	1.41e-12	4.91e-09	2.97e-05	1.05e-02	9.89e-01
 4.30135e+22	5.62e-28	1.85e-21	1.61e-16	1.58e-12	5.33e-09	3.15e-05	1.08e-02	9.89e-01
 4.32417e+22	7.27e-28	2.30e-21	1.92e-16	1.81e-12	5.87e-09	3.39e-05	1.13e-02	9.89e-01
 4.34763e+22	9.15e-28	2.78e-21	2.24e-16	2.05e-12	6.40e-09	3.62e-05	1.17e-02	9.88e-01
 4.36810e+22	1.14e-27	3.33e-21	2.59e-16	2.29e-12	6.92e-09	3.84e-05	1.20e-02	9.88e-01
 4.39091e+22	1.48e-27	4.16e-21	3.10e-16	2.63e-12	7.64e-09	4.14e-05	1.26e-02	9.87e-01
 4.41436e+22	1.87e-27	5.06e-21	3.63e-16	2.97e-12	8.32e-09	4.42e-05	1.30e-02	9.87e-01
 4.43508e+22	2.35e-27	6.09e-21	4.22e-16	3.34e-12	9.02e-09	4.70e-05	1.35e-02	9.86e-01
 4.45492e+22	2.90e-27	7.27e-21	4.86e-16	3.73e-12	9.74e-09	4.98e-05	1.39e-02	9.86e-01
 4.47719e+22	3.78e-27	9.07e-21	5.81e-16	4.28e-12	1.07e-08	5.36e-05	1.45e-02	9.85e-01
 4.49982e+22	4.78e-27	1.10e-20	6.79e-16	4.82e-12	1.16e-08	5.72e-05	1.50e-02	9.85e-01
 4.51926e+22	5.92e-27	1.32e-20	7.83e-16	5.37e-12	1.25e-08	6.06e-05	1.55e-02	9.84e-01
 4.54085e+22	7.72e-27	1.64e-20	9.35e-16	6.16e-12	1.38e-08	6.53e-05	1.61e-02	9.84e-01
 4.56320e+22	9.82e-27	2.00e-20	1.10e-15	6.95e-12	1.49e-08	6.96e-05	1.67e-02	9.83e-01
 4.58234e+22	1.21e-26	2.38e-20	1.26e-15	7.73e-12	1.61e-08	7.38e-05	1.73e-02	9.83e-01
 4.60304e+22	1.58e-26	2.97e-20	1.51e-15	8.85e-12	1.76e-08	7.93e-05	1.80e-02	9.82e-01
 4.62436e+22	1.97e-26	3.57e-20	1.75e-15	9.91e-12	1.90e-08	8.43e-05	1.86e-02	9.81e-01
 4.64349e+22	2.49e-26	4.33e-20	2.03e-15	1.11e-11	2.06e-08	8.97e-05	1.93e-02	9.81e-01
 4.66214e+22	3.09e-26	5.18e-20	2.35e-15	1.24e-11	2.22e-08	9.52e-05	1.99e-02	9.80e-01
 4.68320e+22	4.05e-26	6.48e-20	2.81e-15	1.42e-11	2.43e-08	1.02e-04	2.07e-02	9.79e-01
 4.70498e+22	5.19e-26	7.96e-20	3.32e-15	1.61e-11	2.64e-08	1.10e-04	2.15e-02	9.78e-01
 4.72405e+22	6.55e-26	9.64e-20	3.87e-15	1.81e-11	2.86e-08	1.17e-04	2.23e-02	9.78e-01
 4.74226e+22	8.17e-26	1.16e-19	4.48e-15	2.03e-11	3.08e-08	1.24e-04	2.30e-02	9.77e-01
 4.76300e+22	1.08e-25	1.46e-19	5.41e-15	2.34e-11	3.39e-08	1.34e-04	2.40e-02	9.76e-01
 4.78437e+22	1.38e-25	1.79e-19	6.35e-15	2.64e-11	3.68e-08	1.43e-04	2.49e-02	9.75e-01
 4.80656e+22	1.88e-25	2.32e-19	7.82e-15	3.10e-11	4.10e-08	1.55e-04	2.60e-02	9.74e-01
 4.82890e+22	2.44e-25	2.87e-19	9.28e-15	3.53e-11	4.47e-08	1.66e-04	2.70e-02	9.73e-01
 4.84726e+22	3.05e-25	3.45e-19	1.08e-14	3.95e-11	4.82e-08	1.76e-04	2.79e-02	9.72e-01
 4.86694e+22	4.05e-25	4.37e-19	1.30e-14	4.56e-11	5.31e-08	1.90e-04	2.91e-02	9.71e-01
 4.88701e+22	5.18e-25	5.36e-19	1.53e-14	5.17e-11	5.77e-08	2.03e-04	3.01e-02	9.70e-01
 4.90333e+22	6.35e-25	6.35e-19	1.76e-14	5.73e-11	6.18e-08	2.14e-04	3.10e-02	9.69e-01
 4.92027e+22	8.19e-25	7.85e-19	2.08e-14	6.52e-11	6.74e-08	2.29e-04	3.21e-02	9.68e-01
 4.93646e+22	9.92e-25	9.20e-19	2.37e-14	7.19e-11	7.19e-08	2.41e-04	3.30e-02	9.67e-01
 4.94949e+22	1.20e-24	1.08e-18	2.69e-14	7.92e-11	7.67e-08	2.53e-04	3.38e-02	9.66e-01
 4.96226e+22	1.44e-24	1.25e-18	3.04e-14	8.68e-11	8.15e-08	2.66e-04	3.47e-02	9.65e-01
 4.97474e+22	1.69e-24	1.44e-18	3.39e-14	9.44e-11	8.63e-08	2.77e-04	3.55e-02	9.64e-01
 4.98883e+22	2.12e-24	1.73e-18	3.94e-14	1.06e-10	9.32e-08	2.94e-04	3.66e-02	9.63e-01
 5.00299e+22	2.57e-24	2.04e-18	4.49e-14	1.17e-10	9.95e-08	3.09e-04	3.76e-02	9.62e-01
 5.01494e+22	3.07e-24	2.36e-18	5.07e-14	1.28e-10	1.06e-07	3.24e-04	3.85e-02	9.61e-01
 5.02616e+22	3.67e-24	2.74e-18	5.71e-14	1.40e-10	1.12e-07	3.38e-04	3.94e-02	9.60e-01
 5.03698e+22	4.27e-24	3.11e-18	6.33e-14	1.52e-10	1.18e-07	3.52e-04	4.02e-02	9.59e-01
 5.04929e+22	5.28e-24	3.71e-18	7.30e-14	1.69e-10	1.27e-07	3.72e-04	4.13e-02	9.58e-01
 5.06197e+22	6.41e-24	4.36e-18	8.32e-14	1.87e-10	1.36e-07	3.90e-04	4.24e-02	9.57e-01
 5.07300e+22	7.63e-24	5.05e-18	9.37e-14	2.05e-10	1.44e-07	4.08e-04	4.33e-02	9.56e-01
 5.08523e+22	9.53e-24	6.09e-18	1.09e-13	2.30e-10	1.56e-07	4.31e-04	4.46e-02	9.55e-01
 5.09714e+22	1.13e-23	7.02e-18	1.22e-13	2.51e-10	1.65e-07	4.50e-04	4.56e-02	9.54e-01
 5.10710e+22	1.35e-23	8.15e-18	1.38e-13	2.75e-10	1.76e-07	4.70e-04	4.66e-02	9.53e-01
 5.11690e+22	1.59e-23	9.35e-18	1.54e-13	2.99e-10	1.86e-07	4.90e-04	4.76e-02	9.52e-01
 5.12805e+22	1.99e-23	1.13e-17	1.80e-13	3.36e-10	2.01e-07	5.17e-04	4.89e-02	9.51e-01
 5.13936e+22	2.41e-23	1.33e-17	2.05e-13	3.72e-10	2.15e-07	5.42e-04	5.01e-02	9.49e-01
 5.14911e+22	2.86e-23	1.53e-17	2.31e-13	4.06e-10	2.28e-07	5.65e-04	5.11e-02	9.48e-01
 5.16003e+22	3.63e-23	1.87e-17	2.72e-13	4.60e-10	2.47e-07	5.99e-04	5.26e-02	9.47e-01
 5.17110e+22	4.41e-23	2.21e-17	3.11e-13	5.09e-10	2.65e-07	6.27e-04	5.38e-02	9.46e-01
 5.18235e+22	5.69e-23	2.73e-17	3.70e-13	5.82e-10	2.89e-07	6.66e-04	5.55e-02	9.44e-01
 5.19370e+22	6.98e-23	3.25e-17	4.26e-13	6.48e-10	3.11e-07	6.99e-04	5.68e-02	9.43e-01
 5.20336e+22	8.42e-23	3.81e-17	4.84e-13	7.15e-10	3.32e-07	7.31e-04	5.81e-02	9.41e-01
 5.21409e+22	1.11e-22	4.82e-17	5.87e-13	8.27e-10	3.65e-07	7.80e-04	5.99e-02	9.39e-01
 5.22462e+22	1.34e-22	5.63e-17	6.67e-13	9.12e-10	3.90e-07	8.14e-04	6.12e-02	9.38e-01
 5.23488e+22	1.76e-22	7.09e-17	8.06e-13	1.05e-09	4.29e-07	8.67e-04	6.31e-02	9.36e-01
 5.24494e+22	2.10e-22	8.24e-17	9.11e-13	1.16e-09	4.57e-07	9.03e-04	6.44e-02	9.35e-01
 5.25475e+22	2.78e-22	1.05e-16	1.11e-12	1.34e-09	5.04e-07	9.62e-04	6.64e-02	9.33e-01
 5.26449e+22	3.35e-22	1.23e-16	1.26e-12	1.48e-09	5.39e-07	1.00e-03	6.78e-02	9.31e-01
 5.27414e+22	4.45e-22	1.56e-16	1.54e-12	1.72e-09	5.95e-07	1.07e-03	6.99e-02	9.29e-01
 5.28390e+22	5.47e-22	1.86e-16	1.77e-12	1.92e-09	6.40e-07	1.12e-03	7.14e-02	9.27e-01
 5.29380e+22	7.37e-22	2.39e-16	2.18e-12	2.25e-09	7.11e-07	1.20e-03	7.37e-02	9.25e-01
 5.30381e+22	9.14e-22	2.88e-16	2.54e-12	2.52e-09	7.67e-07	1.26e-03	7.55e-02	9.23e-01
 5.31396e+22	1.24e-21	3.72e-16	3.13e-12	2.96e-09	8.54e-07	1.35e-03	7.79e-02	9.21e-01
 5.32402e+22	1.55e-21	4.51e-16	3.67e-12	3.34e-09	9.26e-07	1.42e-03	7.98e-02	9.19e-01
 5.33397e+22	2.10e-21	5.84e-16	4.54e-12	3.93e-09	1.03e-06	1.51e-03	8.24e-02	9.16e-01
 5.34411e+22	2.68e-21	7.19e-16	5.39e-12	4.48e-09	1.12e-06	1.60e-03	8.45e-02	9.14e-01
 5.35450e+22	3.70e-21	9.46e-16	6.76e-12	5.32e-09	1.26e-06	1.72e-03	8.74e-02	9.11e-01
 5.36494e+22	4.75e-21	1.17e-15	8.06e-12	6.08e-09	1.38e-06	1.81e-03	8.97e-02	9.08e-01
 5.37545e+22	6.61e-21	1.55e-15	1.02e-11	7.26e-09	1.55e-06	1.95e-03	9.29e-02	9.05e-01
 5.38604e+22	8.51e-21	1.93e-15	1.21e-11	8.32e-09	1.70e-06	2.06e-03	9.53e-02	9.03e-01
 5.39523e+22	1.09e-20	2.39e-15	1.45e-11	9.52e-09	1.86e-06	2.18e-03	9.78e-02	9.00e-01
 5.40569e+22	1.52e-20	3.17e-15	1.83e-11	1.14e-08	2.10e-06	2.35e-03	1.01e-01	8.96e-01
 5.41603e+22	1.92e-20	3.86e-15	2.16e-11	1.29e-08	2.28e-06	2.47e-03	1.04e-01	8.94e-01
 5.42622e+22	2.63e-20	5.06e-15	2.70e-11	1.53e-08	2.56e-06	2.65e-03	1.07e-01	8.90e-01
 5.43663e+22	3.33e-20	6.19e-15	3.19e-11	1.74e-08	2.79e-06	2.80e-03	1.10e-01	8.87e-01
 5.44731e+22	4.57e-20	8.12e-15	3.99e-11	2.06e-08	3.13e-06	3.00e-03	1.14e-01	8.83e-01
 5.45825e+22	5.84e-20	1.00e-14	4.74e-11	2.35e-08	3.42e-06	3.17e-03	1.16e-01	8.80e-01
 5.46952e+22	8.07e-20	1.32e-14	5.97e-11	2.81e-08	3.85e-06	3.42e-03	1.20e-01	8.76e-01
 5.48105e+22	1.03e-19	1.63e-14	7.10e-11	3.21e-08	4.22e-06	3.62e-03	1.24e-01	8.73e-01
 5.49290e+22	1.42e-19	2.15e-14	8.92e-11	3.82e-08	4.76e-06	3.89e-03	1.28e-01	8.68e-01
 5.50497e+22	1.82e-19	2.66e-14	1.06e-10	4.38e-08	5.22e-06	4.12e-03	1.31e-01	8.65e-01
 5.51733e+22	2.51e-19	3.49e-14	1.34e-10	5.22e-08	5.88e-06	4.44e-03	1.36e-01	8.60e-01
 5.52976e+22	3.18e-19	4.29e-14	1.59e-10	5.95e-08	6.44e-06	4.70e-03	1.39e-01	8.56e-01
 5.54229e+22	4.34e-19	5.59e-14	1.98e-10	7.06e-08	7.24e-06	5.05e-03	1.44e-01	8.51e-01
 5.55446e+22	5.34e-19	6.69e-14	2.30e-10	7.92e-08	7.84e-06	5.31e-03	1.47e-01	8.47e-01
 5.56615e+22	7.05e-19	8.49e-14	2.80e-10	9.24e-08	8.72e-06	5.68e-03	1.52e-01	8.42e-01
 5.57811e+22	8.72e-19	1.02e-13	3.26e-10	1.04e-07	9.47e-06	5.97e-03	1.55e-01	8.39e-01
 5.59042e+22	1.16e-18	1.30e-13	4.00e-10	1.22e-07	1.06e-05	6.40e-03	1.60e-01	8.33e-01
 5.60289e+22	1.42e-18	1.55e-13	4.63e-10	1.37e-07	1.14e-05	6.72e-03	1.64e-01	8.29e-01
 5.61555e+22	1.87e-18	1.96e-13	5.63e-10	1.59e-07	1.27e-05	7.18e-03	1.69e-01	8.24e-01
 5.62812e+22	2.29e-18	2.34e-13	6.51e-10	1.78e-07	1.38e-05	7.55e-03	1.72e-01	8.20e-01
 5.64056e+22	2.99e-18	2.94e-13	7.89e-10	2.07e-07	1.53e-05	8.05e-03	1.78e-01	8.14e-01
 5.65312e+22	3.61e-18	3.46e-13	9.05e-10	2.30e-07	1.65e-05	8.44e-03	1.81e-01	8.10e-01
 5.66584e+22	4.69e-18	4.34e-13	1.09e-09	2.67e-07	1.83e-05	9.00e-03	1.86e-01	8.05e-01
 5.67881e+22	5.70e-18	5.12e-13	1.26e-09	2.98e-07	1.97e-05	9.45e-03	1.90e-01	8.00e-01
 5.69210e+22	7.40e-18	6.42e-13	1.52e-09	3.46e-07	2.19e-05	1.01e-02	1.96e-01	7.94e-01
 5.70562e+22	9.00e-18	7.60e-13	1.75e-09	3.86e-07	2.37e-05	1.06e-02	2.00e-01	7.89e-01
 5.71947e+22	1.17e-17	9.53e-13	2.11e-09	4.49e-07	2.63e-05	1.13e-02	2.06e-01	7.83e-01
 5.73357e+22	1.42e-17	1.13e-12	2.44e-09	5.02e-07	2.85e-05	1.19e-02	2.10e-01	7.78e-01
 5.74800e+22	1.85e-17	1.42e-12	2.95e-09	5.83e-07	3.17e-05	1.27e-02	2.16e-01	7.71e-01
 5.76211e+22	2.20e-17	1.64e-12	3.34e-09	6.44e-07	3.40e-05	1.33e-02	2.20e-01	7.66e-01
 5.77580e+22	2.83e-17	2.04e-12	4.01e-09	7.43e-07	3.76e-05	1.41e-02	2.26e-01	7.59e-01
 5.78970e+22	3.36e-17	2.37e-12	4.54e-09	8.20e-07	4.04e-05	1.48e-02	2.31e-01	7.55e-01
 5.80388e+22	4.27e-17	2.91e-12	5.40e-09	9.41e-07	4.45e-05	1.57e-02	2.37e-01	7.48e-01
 5.81850e+22	5.18e-17	3.44e-12	6.21e-09	1.05e-06	4.82e-05	1.65e-02	2.42e-01	7.42e-01
 5.83369e+22	6.58e-17	4.23e-12	7.39e-09	1.21e-06	5.31e-05	1.75e-02	2.48e-01	7.35e-01
 5.84938e+22	8.06e-17	5.03e-12	8.56e-09	1.36e-06	5.77e-05	1.84e-02	2.53e-01	7.28e-01
 5.86572e+22	1.03e-16	6.24e-12	1.03e-08	1.56e-06	6.39e-05	1.96e-02	2.60e-01	7.21e-01
 5.88250e+22	1.27e-16	7.46e-12	1.19e-08	1.76e-06	6.97e-05	2.07e-02	2.65e-01	7.14e-01
 5.89987e+22	1.64e-16	9.30e-12	1.43e-08	2.04e-06	7.74e-05	2.21e-02	2.73e-01	7.05e-01
 5.91780e+22	2.04e-16	1.12e-11	1.68e-08	2.32e-06	8.46e-05	2.34e-02	2.79e-01	6.98e-01
 5.93649e+22	2.66e-16	1.41e-11	2.04e-08	2.70e-06	9.45e-05	2.50e-02	2.86e-01	6.89e-01
 5.95568e+22	3.32e-16	1.71e-11	2.40e-08	3.07e-06	1.04e-04	2.65e-02	2.93e-01	6.81e-01
 5.97292e+22	4.10e-16	2.05e-11	2.79e-08	3.47e-06	1.13e-04	2.79e-02	2.99e-01	6.73e-01
 5.99274e+22	5.47e-16	2.63e-11	3.44e-08	4.10e-06	1.27e-04	3.00e-02	3.07e-01	6.62e-01
 6.01267e+22	6.73e-16	3.14e-11	4.00e-08	4.63e-06	1.39e-04	3.17e-02	3.14e-01	6.54e-01
 6.03276e+22	8.92e-16	4.01e-11	4.91e-08	5.45e-06	1.56e-04	3.40e-02	3.22e-01	6.44e-01
 6.05328e+22	1.12e-15	4.87e-11	5.79e-08	6.21e-06	1.71e-04	3.60e-02	3.29e-01	6.35e-01
 6.07435e+22	1.49e-15	6.26e-11	7.15e-08	7.35e-06	1.93e-04	3.87e-02	3.38e-01	6.23e-01
 6.09576e+22	1.89e-15	7.66e-11	8.47e-08	8.42e-06	2.13e-04	4.11e-02	3.46e-01	6.13e-01
 6.11759e+22	2.56e-15	9.97e-11	1.06e-07	1.01e-05	2.42e-04	4.43e-02	3.55e-01	6.00e-01
 6.13952e+22	3.23e-15	1.22e-10	1.25e-07	1.15e-05	2.66e-04	4.70e-02	3.62e-01	5.90e-01
 6.15772e+22	3.98e-15	1.46e-10	1.46e-07	1.30e-05	2.91e-04	4.95e-02	3.69e-01	5.81e-01
 6.17753e+22	5.27e-15	1.86e-10	1.79e-07	1.53e-05	3.27e-04	5.31e-02	3.78e-01	5.69e-01
 6.19725e+22	6.47e-15	2.22e-10	2.09e-07	1.73e-05	3.56e-04	5.59e-02	3.84e-01	5.59e-01
 6.21688e+22	8.54e-15	2.83e-10	2.56e-07	2.04e-05	4.01e-04	5.99e-02	3.93e-01	5.47e-01
 6.23676e+22	1.06e-14	3.40e-10	2.99e-07	2.31e-05	4.38e-04	6.31e-02	4.00e-01	5.37e-01
 6.25698e+22	1.41e-14	4.36e-10	3.70e-07	2.74e-05	4.95e-04	6.78e-02	4.09e-01	5.23e-01
 6.27744e+22	1.75e-14	5.27e-10	4.34e-07	3.12e-05	5.43e-04	7.15e-02	4.16e-01	5.12e-01
 6.29823e+22	2.34e-14	6.78e-10	5.38e-07	3.72e-05	6.15e-04	7.69e-02	4.25e-01	4.98e-01
 6.31942e+22	2.94e-14	8.29e-10	6.39e-07	4.27e-05	6.79e-04	8.14e-02	4.32e-01	4.86e-01
 6.34113e+22	3.97e-14	1.08e-09	8.00e-07	5.13e-05	7.75e-04	8.78e-02	4.41e-01	4.70e-01
 6.36328e+22	5.04e-14	1.33e-09	9.56e-07	5.94e-05	8.60e-04	9.32e-02	4.48e-01	4.58e-01
 6.38600e+22	6.87e-14	1.74e-09	1.21e-06	7.20e-05	9.88e-04	1.01e-01	4.57e-01	4.41e-01
 6.40890e+22	8.71e-14	2.14e-09	1.45e-06	8.36e-05	1.10e-03	1.07e-01	4.64e-01	4.28e-01
 6.42815e+22	1.08e-13	2.59e-09	1.71e-06	9.59e-05	1.21e-03	1.13e-01	4.70e-01	4.16e-01
 6.44899e+22	1.42e-13	3.29e-09	2.10e-06	1.14e-04	1.38e-03	1.21e-01	4.77e-01	4.00e-01
 6.47000e+22	1.75e-13	3.96e-09	2.48e-06	1.31e-04	1.52e-03	1.28e-01	4.83e-01	3.88e-01
 6.49056e+22	2.25e-13	4.95e-09	3.01e-06	1.55e-04	1.72e-03	1.37e-01	4.89e-01	3.73e-01
 6.51153e+22	2.79e-13	5.98e-09	3.56e-06	1.78e-04	1.90e-03	1.45e-01	4.94e-01	3.60e-01
 6.53208e+22	3.51e-13	7.35e-09	4.28e-06	2.09e-04	2.13e-03	1.54e-01	4.99e-01	3.45e-01
 6.55307e+22	4.34e-13	8.88e-09	5.07e-06	2.42e-04	2.38e-03	1.63e-01	5.03e-01	3.32e-01
 6.57380e+22	5.37e-13	1.08e-08	6.02e-06	2.81e-04	2.65e-03	1.73e-01	5.06e-01	3.18e-01
 6.59466e+22	6.57e-13	1.29e-08	7.11e-06	3.25e-04	2.95e-03	1.82e-01	5.09e-01	3.05e-01
 6.61526e+22	7.99e-13	1.54e-08	8.35e-06	3.75e-04	3.28e-03	1.93e-01	5.12e-01	2.92e-01
 6.63583e+22	9.64e-13	1.83e-08	9.77e-06	4.31e-04	3.64e-03	2.03e-01	5.14e-01	2.79e-01
 6.65643e+22	1.16e-12	2.16e-08	1.14e-05	4.95e-04	4.04e-03	2.14e-01	5.15e-01	2.66e-01
 6.67710e+22	1.38e-12	2.54e-08	1.33e-05	5.67e-04	4.47e-03	2.25e-01	5.16e-01	2.54e-01
 6.69789e+22	1.64e-12	2.97e-08	1.54e-05	6.49e-04	4.94e-03	2.37e-01	5.16e-01	2.42e-01
 6.71887e+22	1.93e-12	3.47e-08	1.78e-05	7.41e-04	5.46e-03	2.48e-01	5.15e-01	2.30e-01
 6.74009e+22	2.27e-12	4.03e-08	2.05e-05	8.45e-04	6.04e-03	2.61e-01	5.14e-01	2.18e-01
 6.76142e+22	2.65e-12	4.66e-08	2.36e-05	9.61e-04	6.65e-03	2.73e-01	5.12e-01	2.07e-01
 6.78309e+22	3.10e-12	5.39e-08	2.71e-05	1.09e-03	7.34e-03	2.86e-01	5.10e-01	1.96e-01
 6.80501e+22	3.59e-12	6.20e-08	3.11e-05	1.24e-03	8.08e-03	2.99e-01	5.07e-01	1.86e-01
 6.82734e+22	4.16e-12	7.13e-08	3.56e-05	1.41e-03	8.91e-03	3.12e-01	5.03e-01	1.75e-01
 6.84813e+22	4.67e-12	7.98e-08	3.97e-05	1.56e-03	9.64e-03	3.23e-01	4.99e-01	1.67e-01
 6.86949e+22	5.40e-12	9.17e-08	4.56e-05	1.78e-03	1.06e-02	3.38e-01	4.94e-01	1.56e-01
 6.89120e+22	6.05e-12	1.02e-07	5.08e-05	1.96e-03	1.15e-02	3.49e-01	4.89e-01	1.48e-01
 6.91342e+22	6.94e-12	1.17e-07	5.82e-05	2.23e-03	1.27e-02	3.64e-01	4.82e-01	1.38e-01
 6.93578e+22	7.75e-12	1.30e-07	6.45e-05	2.46e-03	1.37e-02	3.76e-01	4.77e-01	1.31e-01
 6.95832e+22	8.85e-12	1.48e-07	7.36e-05	2.79e-03	1.51e-02	3.91e-01	4.69e-01	1.22e-01
 6.98098e+22	9.82e-12	1.64e-07	8.14e-05	3.06e-03	1.62e-02	4.02e-01	4.63e-01	1.16e-01
 7.00381e+22	1.11e-11	1.86e-07	9.25e-05	3.45e-03	1.78e-02	4.17e-01	4.54e-01	1.07e-01
 7.02682e+22	1.23e-11	2.06e-07	1.02e-04	3.78e-03	1.91e-02	4.28e-01	4.47e-01	1.01e-01
 7.05007e+22	1.39e-11	2.33e-07	1.16e-04	4.24e-03	2.09e-02	4.43e-01	4.38e-01	9.39e-02
 7.07361e+22	1.54e-11	2.57e-07	1.28e-04	4.64e-03	2.24e-02	4.55e-01	4.30e-01	8.84e-02
 7.09753e+22	1.74e-11	2.90e-07	1.45e-04	5.20e-03	2.45e-02	4.69e-01	4.19e-01	8.16e-02
 7.12183e+22	1.92e-11	3.20e-07	1.60e-04	5.69e-03	2.62e-02	4.80e-01	4.11e-01	7.66e-02
 7.14663e+22	2.17e-11	3.62e-07	1.81e-04	6.37e-03	2.86e-02	4.95e-01	4.00e-01	7.04e-02
 7.17195e+22	2.40e-11	4.00e-07	2.00e-04	6.96e-03	3.07e-02	5.06e-01	3.91e-01	6.58e-02
 7.19794e+22	2.72e-11	4.53e-07	2.27e-04	7.81e-03	3.35e-02	5.20e-01	3.78e-01	6.01e-02
 7.22460e+22	3.02e-11	5.04e-07	2.52e-04	8.54e-03	3.59e-02	5.31e-01	3.69e-01	5.58e-02
 7.25211e+22	3.42e-11	5.72e-07	2.88e-04	9.59e-03	3.92e-02	5.45e-01	3.55e-01	5.06e-02
 7.27798e+22	3.76e-11	6.28e-07	3.15e-04	1.03e-02	4.15e-02	5.53e-01	3.47e-01	4.75e-02
 7.30171e+22	4.21e-11	7.01e-07	3.53e-04	1.14e-02	4.46e-02	5.64e-01	3.36e-01	4.37e-02
 7.32525e+22	4.60e-11	7.66e-07	3.84e-04	1.22e-02	4.70e-02	5.72e-01	3.27e-01	4.10e-02
 7.34856e+22	5.09e-11	8.50e-07	4.28e-04	1.34e-02	5.05e-02	5.82e-01	3.16e-01	3.76e-02
 7.37201e+22	5.59e-11	9.30e-07	4.67e-04	1.43e-02	5.31e-02	5.89e-01	3.08e-01	3.52e-02
 7.39563e+22	6.22e-11	1.04e-06	5.21e-04	1.57e-02	5.68e-02	5.98e-01	2.97e-01	3.23e-02
 7.41967e+22	6.85e-11	1.14e-06	5.70e-04	1.68e-02	5.98e-02	6.04e-01	2.88e-01	3.01e-02
 7.44426e+22	7.65e-11	1.27e-06	6.38e-04	1.84e-02	6.40e-02	6.13e-01	2.77e-01	2.75e-02
 7.46920e+22	8.48e-11	1.40e-06	7.00e-04	1.98e-02	6.72e-02	6.18e-01	2.68e-01	2.56e-02
 7.49458e+22	9.51e-11	1.57e-06	7.86e-04	2.16e-02	7.19e-02	6.25e-01	2.57e-01	2.32e-02
 7.52042e+22	1.06e-10	1.74e-06	8.64e-04	2.32e-02	7.56e-02	6.30e-01	2.48e-01	2.15e-02
 7.54686e+22	1.20e-10	1.97e-06	9.75e-04	2.55e-02	8.08e-02	6.36e-01	2.37e-01	1.94e-02
 7.57390e+22	1.34e-10	2.18e-06	1.08e-03	2.74e-02	8.50e-02	6.40e-01	2.28e-01	1.79e-02
 7.60171e+22	1.53e-10	2.49e-06	1.22e-03	3.01e-02	9.08e-02	6.45e-01	2.17e-01	1.61e-02
 7.63022e+22	1.72e-10	2.78e-06	1.36e-03	3.24e-02	9.55e-02	6.48e-01	2.08e-01	1.47e-02
 7.65964e+22	1.99e-10	3.20e-06	1.55e-03	3.56e-02	1.02e-01	6.51e-01	1.97e-01	1.31e-02
 7.68934e+22	2.26e-10	3.60e-06	1.72e-03	3.84e-02	1.07e-01	6.53e-01	1.88e-01	1.20e-02
 7.71939e+22	2.61e-10	4.14e-06	1.97e-03	4.22e-02	1.14e-01	6.54e-01	1.77e-01	1.06e-02
 7.74975e+22	2.99e-10	4.68e-06	2.20e-03	4.54e-02	1.20e-01	6.54e-01	1.69e-01	9.65e-03
 7.78049e+22	3.47e-10	5.40e-06	2.52e-03	4.99e-02	1.28e-01	6.53e-01	1.58e-01	8.49e-03
 7.81043e+22	3.93e-10	6.05e-06	2.79e-03	5.34e-02	1.33e-01	6.52e-01	1.51e-01	7.76e-03
 7.83934e+22	4.58e-10	6.96e-06	3.17e-03	5.81e-02	1.40e-01	6.49e-01	1.42e-01	6.90e-03
 7.86981e+22	5.25e-10	7.89e-06	3.55e-03	6.26e-02	1.47e-01	6.46e-01	1.35e-01	6.20e-03
 7.89559e+22	5.88e-10	8.75e-06	3.89e-03	6.65e-02	1.52e-01	6.43e-01	1.28e-01	5.68e-03
 7.92237e+22	6.80e-10	9.98e-06	4.37e-03	7.16e-02	1.59e-01	6.38e-01	1.21e-01	5.09e-03
 7.95008e+22	7.69e-10	1.12e-05	4.83e-03	7.63e-02	1.66e-01	6.34e-01	1.15e-01	4.62e-03
 7.97506e+22	8.69e-10	1.25e-05	5.31e-03	8.11e-02	1.72e-01	6.29e-01	1.09e-01	4.20e-03
 8.00361e+22	1.02e-09	1.43e-05	6.00e-03	8.75e-02	1.79e-01	6.22e-01	1.02e-01	3.72e-03
 8.03317e+22	1.16e-09	1.62e-05	6.67e-03	9.35e-02	1.86e-01	6.14e-01	9.60e-02	3.33e-03
 8.05947e+22	1.32e-09	1.81e-05	7.36e-03	9.93e-02	1.92e-01	6.07e-01	9.07e-02	3.01e-03
 8.08908e+22	1.56e-09	2.10e-05	8.32e-03	1.07e-01	2.00e-01	5.98e-01	8.44e-02	2.65e-03
 8.12008e+22	1.81e-09	2.39e-05	9.29e-03	1.14e-01	2.07e-01	5.88e-01	7.88e-02	2.35e-03
 8.14814e+22	2.08e-09	2.70e-05	1.03e-02	1.22e-01	2.14e-01	5.78e-01	7.39e-02	2.10e-03
 8.17987e+22	2.49e-09	3.15e-05	1.17e-02	1.31e-01	2.22e-01	5.66e-01	6.80e-02	1.82e-03
 8.21257e+22	2.90e-09	3.60e-05	1.31e-02	1.40e-01	2.29e-01	5.53e-01	6.31e-02	1.60e-03
 8.24166e+22	3.36e-09	4.08e-05	1.45e-02	1.48e-01	2.35e-01	5.42e-01	5.87e-02	1.42e-03
 8.27461e+22	4.06e-09	4.79e-05	1.65e-02	1.60e-01	2.43e-01	5.26e-01	5.35e-02	1.22e-03
 8.30877e+22	4.77e-09	5.51e-05	1.85e-02	1.70e-01	2.50e-01	5.11e-01	4.91e-02	1.05e-03
 8.33942e+22	5.59e-09	6.29e-05	2.06e-02	1.80e-01	2.56e-01	4.97e-01	4.53e-02	9.25e-04
 8.37416e+22	6.84e-09	7.46e-05	2.35e-02	1.94e-01	2.63e-01	4.78e-01	4.07e-02	7.77e-04
 8.41005e+22	8.11e-09	8.61e-05	2.64e-02	2.06e-01	2.68e-01	4.61e-01	3.71e-02	6.68e-04
 8.44248e+22	9.60e-09	9.90e-05	2.94e-02	2.18e-01	2.73e-01	4.45e-01	3.38e-02	5.76e-04
 8.47972e+22	1.20e-08	1.19e-04	3.37e-02	2.34e-01	2.79e-01	4.23e-01	2.98e-02	4.73e-04
 8.51720e+22	1.42e-08	1.37e-04	3.76e-02	2.47e-01	2.83e-01	4.05e-01	2.69e-02	4.02e-04
 8.55501e+22	1.77e-08	1.63e-04	4.29e-02	2.64e-01	2.87e-01	3.83e-01	2.36e-02	3.29e-04
 8.59368e+22	2.13e-08	1.90e-04	4.79e-02	2.78e-01	2.90e-01	3.63e-01	2.10e-02	2.75e-04
 8.62771e+22	2.54e-08	2.19e-04	5.31e-02	2.91e-01	2.91e-01	3.45e-01	1.88e-02	2.32e-04
 8.66622e+22	3.19e-08	2.62e-04	6.04e-02	3.09e-01	2.92e-01	3.22e-01	1.62e-02	1.86e-04
 8.70563e+22	3.83e-08	3.04e-04	6.71e-02	3.23e-01	2.93e-01	3.03e-01	1.43e-02	1.53e-04
 8.74621e+22	4.87e-08	3.66e-04	7.63e-02	3.41e-01	2.91e-01	2.79e-01	1.22e-02	1.21e-04
 8.78744e+22	5.91e-08	4.25e-04	8.46e-02	3.55e-01	2.89e-01	2.60e-01	1.06e-02	9.83e-05
 8.82399e+22	7.16e-08	4.93e-04	9.34e-02	3.69e-01	2.86e-01	2.42e-01	9.21e-03	8.01e-05
 8.86601e+22	9.17e-08	5.95e-04	1.06e-01	3.86e-01	2.81e-01	2.19e-01	7.67e-03	6.14e-05
 8.90868e+22	1.12e-07	6.92e-04	1.16e-01	3.98e-01	2.76e-01	2.02e-01	6.58e-03	4.92e-05
 8.94570e+22	1.35e-07	7.98e-04	1.27e-01	4.10e-01	2.70e-01	1.86e-01	5.67e-03	3.98e-05
 8.98104e+22	1.62e-07	9.11e-04	1.38e-01	4.20e-01	2.64e-01	1.72e-01	4.92e-03	3.24e-05
 9.01475e+22	1.92e-07	1.03e-03	1.49e-01	4.29e-01	2.58e-01	1.58e-01	4.27e-03	2.65e-05
 9.05263e+22	2.38e-07	1.21e-03	1.64e-01	4.39e-01	2.50e-01	1.43e-01	3.55e-03	2.04e-05
 9.09048e+22	2.83e-07	1.37e-03	1.77e-01	4.46e-01	2.42e-01	1.31e-01	3.06e-03	1.65e-05
 9.12827e+22	3.51e-07	1.61e-03	1.93e-01	4.54e-01	2.32e-01	1.17e-01	2.52e-03	1.27e-05
 9.16672e+22	4.19e-07	1.82e-03	2.07e-01	4.59e-01	2.24e-01	1.06e-01	2.15e-03	1.01e-05
 9.20601e+22	5.23e-07	2.13e-03	2.26e-01	4.64e-01	2.13e-01	9.38e-02	1.75e-03	7.59e-06
 9.24262e+22	6.08e-07	2.37e-03	2.39e-01	4.66e-01	2.05e-01	8.60e-02	1.51e-03	6.22e-06
