#depth	Si	Si+	Si+2	Si+3	Si+4	Si+5	Si+6	Si+7	Si+8	Si+9	Si+10	Si+11	Si+12	Si+13	Si+14
 4.62852e+21	0.00e+00	0.00e+00	0.00e+00	0.00e+00	0.00e+00	0.00e+00	0.00e+00	2.85e-24	2.54e-20	1.07e-16	2.87e-13	7.76e-10	4.94e-06	4.06e-03	9.96e-01
 1.05236e+22	0.00e+00	0.00e+00	0.00e+00	0.00e+00	0.00e+00	0.00e+00	2.40e-27	3.43e-23	2.13e-19	6.47e-16	1.21e-12	2.28e-09	1.01e-05	5.81e-03	9.94e-01
 1.26318e+22	0.00e+00	0.00e+00	0.00e+00	0.00e+00	0.00e+00	4.72e-31	1.61e-26	1.81e-22	8.81e-19	2.11e-15	3.13e-12	4.65e-09	1.63e-05	7.36e-03	9.93e-01
 1.41467e+22	0.00e+00	0.00e+00	0.00e+00	0.00e+00	0.00e+00	2.55e-30	7.19e-26	6.68e-22	2.74e-18	5.42e-15	6.65e-12	8.18e-09	2.37e-05	8.88e-03	9.91e-01
 1.50272e+22	0.00e+00	0.00e+00	0.00e+00	0.00e+00	0.00e+00	4.34e-30	1.15e-25	1.01e-21	3.90e-18	7.27e-15	8.41e-12	9.76e-09	2.67e-05	9.42e-03	9.91e-01
 1.55038e+22	0.00e+00	0.00e+00	0.00e+00	0.00e+00	0.00e+00	8.27e-30	2.04e-25	1.66e-21	5.97e-18	1.04e-14	1.12e-11	1.21e-08	3.08e-05	1.01e-02	9.90e-01
 1.60255e+22	0.00e+00	0.00e+00	0.00e+00	0.00e+00	0.00e+00	1.56e-29	3.60e-25	2.73e-21	9.12e-18	1.48e-14	1.48e-11	1.49e-08	3.54e-05	1.08e-02	9.89e-01
 1.65189e+22	0.00e+00	0.00e+00	0.00e+00	0.00e+00	0.00e+00	2.87e-29	6.18e-25	4.37e-21	1.37e-17	2.06e-14	1.94e-11	1.83e-08	4.05e-05	1.16e-02	9.88e-01
 1.70733e+22	0.00e+00	0.00e+00	0.00e+00	0.00e+00	0.00e+00	6.49e-29	1.27e-24	8.23e-21	2.34e-17	3.24e-14	2.78e-11	2.39e-08	4.84e-05	1.27e-02	9.87e-01
 1.76190e+22	0.00e+00	0.00e+00	0.00e+00	0.00e+00	0.00e+00	1.12e-28	2.07e-24	1.26e-20	3.37e-17	4.37e-14	3.53e-11	2.86e-08	5.46e-05	1.35e-02	9.86e-01
 1.81537e+22	0.00e+00	0.00e+00	0.00e+00	0.00e+00	0.00e+00	2.48e-28	4.18e-24	2.33e-20	5.70e-17	6.77e-14	5.01e-11	3.72e-08	6.51e-05	1.47e-02	9.85e-01
 1.86852e+22	0.00e+00	0.00e+00	0.00e+00	0.00e+00	0.00e+00	4.26e-28	6.77e-24	3.54e-20	8.17e-17	9.13e-14	6.37e-11	4.45e-08	7.33e-05	1.56e-02	9.84e-01
 1.91249e+22	0.00e+00	0.00e+00	0.00e+00	0.00e+00	0.00e+00	7.20e-28	1.08e-23	5.32e-20	1.16e-16	1.22e-13	8.03e-11	5.30e-08	8.23e-05	1.65e-02	9.83e-01
 1.95379e+22	0.00e+00	0.00e+00	0.00e+00	0.00e+00	2.57e-32	1.20e-27	1.70e-23	7.93e-20	1.63e-16	1.62e-13	1.01e-10	6.28e-08	9.22e-05	1.74e-02	9.82e-01
 1.99424e+22	0.00e+00	0.00e+00	0.00e+00	0.00e+00	4.50e-32	1.99e-27	2.66e-23	1.17e-19	2.27e-16	2.13e-13	1.26e-10	7.41e-08	1.03e-04	1.84e-02	9.81e-01
 2.03455e+22	0.00e+00	0.00e+00	0.00e+00	0.00e+00	7.89e-32	3.30e-27	4.16e-23	1.73e-19	3.17e-16	2.82e-13	1.57e-10	8.76e-08	1.15e-04	1.95e-02	9.80e-01
 2.07479e+22	0.00e+00	0.00e+00	0.00e+00	0.00e+00	1.37e-31	5.40e-27	6.45e-23	2.55e-19	4.41e-16	3.71e-13	1.96e-10	1.03e-07	1.28e-04	2.05e-02	9.79e-01
 2.12106e+22	0.00e+00	0.00e+00	0.00e+00	0.00e+00	2.79e-31	1.03e-26	1.14e-22	4.19e-19	6.75e-16	5.28e-13	2.59e-10	1.28e-07	1.48e-04	2.20e-02	9.78e-01
 2.16697e+22	0.00e+00	0.00e+00	0.00e+00	0.00e+00	4.87e-31	1.69e-26	1.78e-22	6.18e-19	9.40e-16	6.96e-13	3.24e-10	1.50e-07	1.65e-04	2.33e-02	9.77e-01
 2.21241e+22	0.00e+00	0.00e+00	0.00e+00	0.00e+00	9.78e-31	3.17e-26	3.10e-22	1.00e-18	1.42e-15	9.81e-13	4.26e-10	1.85e-07	1.89e-04	2.49e-02	9.75e-01
 2.25859e+22	0.00e+00	0.00e+00	0.00e+00	0.00e+00	1.73e-30	5.30e-26	4.90e-22	1.50e-18	2.00e-15	1.30e-12	5.35e-10	2.19e-07	2.12e-04	2.63e-02	9.73e-01
 2.29880e+22	0.00e+00	0.00e+00	0.00e+00	0.00e+00	2.98e-30	8.64e-26	7.56e-22	2.19e-18	2.76e-15	1.70e-12	6.62e-10	2.57e-07	2.36e-04	2.77e-02	9.72e-01
 2.33541e+22	0.00e+00	0.00e+00	0.00e+00	0.00e+00	4.87e-30	1.34e-25	1.12e-21	3.08e-18	3.70e-15	2.17e-12	8.05e-10	2.98e-07	2.59e-04	2.91e-02	9.71e-01
 2.36862e+22	0.00e+00	0.00e+00	0.00e+00	0.00e+00	7.67e-30	2.02e-25	1.60e-21	4.22e-18	4.84e-15	2.71e-12	9.62e-10	3.40e-07	2.84e-04	3.04e-02	9.69e-01
 2.40613e+22	0.00e+00	0.00e+00	0.00e+00	0.00e+00	1.32e-29	3.29e-25	2.47e-21	6.16e-18	6.69e-15	3.55e-12	1.19e-09	3.99e-07	3.15e-04	3.20e-02	9.68e-01
 2.44612e+22	0.00e+00	0.00e+00	0.00e+00	0.00e+00	2.23e-29	5.26e-25	3.76e-21	8.86e-18	9.13e-15	4.59e-12	1.46e-09	4.66e-07	3.49e-04	3.37e-02	9.66e-01
 2.48169e+22	0.00e+00	0.00e+00	0.00e+00	0.00e+00	3.59e-29	8.09e-25	5.50e-21	1.24e-17	1.21e-14	5.82e-12	1.77e-09	5.37e-07	3.84e-04	3.53e-02	9.64e-01
 2.51514e+22	0.00e+00	0.00e+00	0.00e+00	0.00e+00	5.71e-29	1.23e-24	7.96e-21	1.71e-17	1.60e-14	7.31e-12	2.13e-09	6.15e-07	4.20e-04	3.69e-02	9.63e-01
 2.55351e+22	0.00e+00	0.00e+00	0.00e+00	0.00e+00	1.01e-28	2.05e-24	1.26e-20	2.54e-17	2.24e-14	9.69e-12	2.66e-09	7.28e-07	4.70e-04	3.90e-02	9.61e-01
 2.59338e+22	0.00e+00	0.00e+00	0.00e+00	0.00e+00	1.67e-28	3.21e-24	1.87e-20	3.60e-17	3.02e-14	1.24e-11	3.24e-09	8.44e-07	5.18e-04	4.09e-02	9.59e-01
 2.62862e+22	0.00e+00	0.00e+00	0.00e+00	0.00e+00	2.70e-28	4.95e-24	2.75e-20	5.03e-17	4.02e-14	1.57e-11	3.92e-09	9.73e-07	5.70e-04	4.28e-02	9.57e-01
 2.65980e+22	0.00e+00	0.00e+00	0.00e+00	0.00e+00	4.05e-28	7.14e-24	3.80e-20	6.69e-17	5.12e-14	1.92e-11	4.60e-09	1.10e-06	6.17e-04	4.45e-02	9.55e-01
 2.69229e+22	0.00e+00	0.00e+00	0.00e+00	0.00e+00	6.41e-28	1.08e-23	5.48e-20	9.20e-17	6.72e-14	2.41e-11	5.51e-09	1.26e-06	6.75e-04	4.65e-02	9.53e-01
 2.72707e+22	0.00e+00	0.00e+00	0.00e+00	1.04e-32	1.01e-27	1.62e-23	7.87e-20	1.26e-16	8.80e-14	3.01e-11	6.59e-09	1.43e-06	7.37e-04	4.86e-02	9.51e-01
 2.75844e+22	0.00e+00	0.00e+00	0.00e+00	1.65e-32	1.53e-27	2.35e-23	1.10e-19	1.68e-16	1.13e-13	3.69e-11	7.76e-09	1.62e-06	7.99e-04	5.05e-02	9.49e-01
 2.79281e+22	0.00e+00	0.00e+00	0.00e+00	2.84e-32	2.50e-27	3.67e-23	1.63e-19	2.37e-16	1.51e-13	4.71e-11	9.42e-09	1.87e-06	8.80e-04	5.29e-02	9.46e-01
 2.82794e+22	0.00e+00	0.00e+00	0.00e+00	4.68e-32	3.94e-27	5.51e-23	2.33e-19	3.26e-16	1.98e-13	5.89e-11	1.13e-08	2.14e-06	9.61e-04	5.53e-02	9.44e-01
 2.85768e+22	0.00e+00	0.00e+00	0.00e+00	7.24e-32	5.86e-27	7.88e-23	3.21e-19	4.29e-16	2.50e-13	7.17e-11	1.32e-08	2.41e-06	1.04e-03	5.74e-02	9.42e-01
 2.88995e+22	0.00e+00	0.00e+00	0.00e+00	1.21e-31	9.32e-27	1.20e-22	4.64e-19	5.93e-16	3.30e-13	9.00e-11	1.58e-08	2.76e-06	1.14e-03	5.99e-02	9.39e-01
 2.92449e+22	0.00e+00	0.00e+00	0.00e+00	1.98e-31	1.46e-26	1.79e-22	6.64e-19	8.11e-16	4.30e-13	1.12e-10	1.89e-08	3.15e-06	1.24e-03	6.25e-02	9.36e-01
 2.95531e+22	0.00e+00	0.00e+00	0.00e+00	3.10e-31	2.20e-26	2.59e-22	9.21e-19	1.08e-15	5.49e-13	1.37e-10	2.22e-08	3.55e-06	1.34e-03	6.50e-02	9.34e-01
 2.98239e+22	0.00e+00	0.00e+00	0.00e+00	4.60e-31	3.14e-26	3.57e-22	1.22e-18	1.38e-15	6.79e-13	1.64e-10	2.55e-08	3.94e-06	1.44e-03	6.72e-02	9.31e-01
 3.01131e+22	0.00e+00	0.00e+00	0.00e+00	7.20e-31	4.72e-26	5.14e-22	1.69e-18	1.84e-15	8.64e-13	2.00e-10	2.99e-08	4.44e-06	1.56e-03	6.98e-02	9.29e-01
 3.04228e+22	0.00e+00	0.00e+00	0.00e+00	1.12e-30	7.06e-26	7.38e-22	2.33e-18	2.43e-15	1.10e-12	2.44e-10	3.51e-08	5.00e-06	1.68e-03	7.24e-02	9.26e-01
 3.07024e+22	0.00e+00	0.00e+00	0.00e+00	1.68e-30	1.02e-25	1.03e-21	3.13e-18	3.14e-15	1.37e-12	2.92e-10	4.05e-08	5.57e-06	1.81e-03	7.49e-02	9.23e-01
 3.10089e+22	0.00e+00	0.00e+00	0.00e+00	2.72e-30	1.58e-25	1.53e-21	4.45e-18	4.26e-15	1.77e-12	3.63e-10	4.81e-08	6.33e-06	1.97e-03	7.80e-02	9.20e-01
 3.13215e+22	0.00e+00	0.00e+00	0.00e+00	4.23e-30	2.36e-25	2.19e-21	6.12e-18	5.63e-15	2.25e-12	4.42e-10	5.64e-08	7.12e-06	2.12e-03	8.10e-02	9.17e-01
 3.15845e+22	0.00e+00	0.00e+00	0.00e+00	6.22e-30	3.35e-25	3.00e-21	8.10e-18	7.18e-15	2.77e-12	5.25e-10	6.47e-08	7.88e-06	2.27e-03	8.36e-02	9.14e-01
 3.18689e+22	0.00e+00	0.00e+00	0.00e+00	9.72e-30	5.03e-25	4.32e-21	1.12e-17	9.53e-15	3.52e-12	6.41e-10	7.58e-08	8.88e-06	2.46e-03	8.68e-02	9.11e-01
 3.21744e+22	0.00e+00	0.00e+00	0.00e+00	1.51e-29	7.54e-25	6.20e-21	1.54e-17	1.26e-14	4.47e-12	7.82e-10	8.89e-08	9.99e-06	2.65e-03	9.01e-02	9.07e-01
 3.24508e+22	0.00e+00	0.00e+00	0.00e+00	2.25e-29	1.08e-24	8.57e-21	2.06e-17	1.62e-14	5.53e-12	9.33e-10	1.02e-07	1.11e-05	2.84e-03	9.31e-02	9.04e-01
 3.27015e+22	0.00e+00	0.00e+00	0.00e+00	3.24e-29	1.51e-24	1.16e-20	2.68e-17	2.04e-14	6.75e-12	1.10e-09	1.17e-07	1.22e-05	3.03e-03	9.59e-02	9.01e-01
 3.29380e+22	0.00e+00	0.00e+00	0.00e+00	4.57e-29	2.06e-24	1.53e-20	3.44e-17	2.54e-14	8.12e-12	1.28e-09	1.32e-07	1.34e-05	3.22e-03	9.87e-02	8.98e-01
 3.32080e+22	0.00e+00	0.00e+00	0.00e+00	6.90e-29	2.99e-24	2.14e-20	4.64e-17	3.29e-14	1.01e-11	1.54e-09	1.53e-07	1.49e-05	3.46e-03	1.02e-01	8.94e-01
 3.34971e+22	0.00e+00	0.00e+00	3.61e-33	1.04e-28	4.37e-24	3.01e-20	6.28e-17	4.29e-14	1.27e-11	1.85e-09	1.77e-07	1.67e-05	3.72e-03	1.06e-01	8.91e-01
 3.37550e+22	0.00e+00	0.00e+00	5.42e-33	1.52e-28	6.15e-24	4.09e-20	8.24e-17	5.44e-14	1.55e-11	2.19e-09	2.02e-07	1.84e-05	3.97e-03	1.09e-01	8.87e-01
 3.40342e+22	0.00e+00	0.00e+00	8.73e-33	2.36e-28	9.17e-24	5.87e-20	1.13e-16	7.18e-14	1.97e-11	2.67e-09	2.37e-07	2.07e-05	4.28e-03	1.13e-01	8.83e-01
 3.43186e+22	0.00e+00	0.00e+00	1.35e-32	3.52e-28	1.32e-23	8.14e-20	1.52e-16	9.26e-14	2.45e-11	3.20e-09	2.73e-07	2.30e-05	4.59e-03	1.17e-01	8.79e-01
 3.45579e+22	0.00e+00	0.00e+00	1.97e-32	4.99e-28	1.81e-23	1.08e-19	1.95e-16	1.15e-13	2.95e-11	3.73e-09	3.09e-07	2.52e-05	4.87e-03	1.20e-01	8.75e-01
 3.48173e+22	0.00e+00	0.00e+00	3.05e-32	7.48e-28	2.62e-23	1.51e-19	2.62e-16	1.49e-13	3.67e-11	4.47e-09	3.57e-07	2.81e-05	5.22e-03	1.24e-01	8.71e-01
 3.50969e+22	0.00e+00	0.00e+00	4.73e-32	1.12e-27	3.78e-23	2.10e-19	3.52e-16	1.93e-13	4.57e-11	5.36e-09	4.12e-07	3.12e-05	5.60e-03	1.28e-01	8.66e-01
 3.53519e+22	0.00e+00	0.00e+00	7.02e-32	1.61e-27	5.28e-23	2.83e-19	4.58e-16	2.43e-13	5.57e-11	6.31e-09	4.69e-07	3.44e-05	5.96e-03	1.32e-01	8.62e-01
 3.55872e+22	0.00e+00	0.00e+00	1.02e-31	2.28e-27	7.22e-23	3.75e-19	5.89e-16	3.02e-13	6.71e-11	7.37e-09	5.31e-07	3.77e-05	6.33e-03	1.35e-01	8.58e-01
 3.58479e+22	0.00e+00	0.00e+00	1.57e-31	3.40e-27	1.04e-22	5.21e-19	7.88e-16	3.89e-13	8.32e-11	8.80e-09	6.12e-07	4.18e-05	6.78e-03	1.40e-01	8.53e-01
 3.61233e+22	0.00e+00	0.00e+00	2.41e-31	5.03e-27	1.49e-22	7.18e-19	1.05e-15	4.99e-13	1.03e-10	1.05e-08	7.03e-07	4.64e-05	7.25e-03	1.44e-01	8.49e-01
 3.63664e+22	0.00e+00	0.00e+00	3.53e-31	7.16e-27	2.05e-22	9.59e-19	1.35e-15	6.25e-13	1.25e-10	1.23e-08	7.97e-07	5.09e-05	7.70e-03	1.48e-01	8.44e-01
 3.66309e+22	0.00e+00	0.00e+00	5.54e-31	1.09e-26	2.99e-22	1.35e-18	1.83e-15	8.13e-13	1.56e-10	1.48e-08	9.24e-07	5.68e-05	8.27e-03	1.53e-01	8.39e-01
 3.69114e+22	0.00e+00	0.00e+00	8.65e-31	1.64e-26	4.35e-22	1.89e-18	2.47e-15	1.06e-12	1.95e-10	1.78e-08	1.07e-06	6.33e-05	8.87e-03	1.58e-01	8.33e-01
 3.71524e+22	0.00e+00	0.00e+00	1.25e-30	2.29e-26	5.92e-22	2.49e-18	3.16e-15	1.31e-12	2.34e-10	2.07e-08	1.21e-06	6.91e-05	9.39e-03	1.62e-01	8.29e-01
 3.74054e+22	0.00e+00	0.00e+00	1.92e-30	3.42e-26	8.52e-22	3.45e-18	4.22e-15	1.68e-12	2.90e-10	2.48e-08	1.39e-06	7.67e-05	1.00e-02	1.67e-01	8.23e-01
 3.76713e+22	0.00e+00	0.00e+00	2.90e-30	5.00e-26	1.21e-21	4.72e-18	5.57e-15	2.15e-12	3.57e-10	2.94e-08	1.59e-06	8.48e-05	1.07e-02	1.72e-01	8.17e-01
 3.79073e+22	0.00e+00	0.00e+00	4.20e-30	7.02e-26	1.64e-21	6.23e-18	7.13e-15	2.66e-12	4.29e-10	3.42e-08	1.80e-06	9.27e-05	1.13e-02	1.76e-01	8.12e-01
 3.81675e+22	0.00e+00	0.00e+00	6.54e-30	1.06e-25	2.39e-21	8.71e-18	9.61e-15	3.45e-12	5.35e-10	4.11e-08	2.08e-06	1.03e-04	1.22e-02	1.82e-01	8.06e-01
 3.84445e+22	0.00e+00	0.00e+00	1.02e-29	1.59e-25	3.47e-21	1.22e-17	1.30e-14	4.48e-12	6.69e-10	4.94e-08	2.40e-06	1.15e-04	1.30e-02	1.88e-01	7.99e-01
 3.86903e+22	0.00e+00	0.00e+00	1.49e-29	2.26e-25	4.77e-21	1.63e-17	1.67e-14	5.60e-12	8.08e-10	5.78e-08	2.72e-06	1.26e-04	1.38e-02	1.92e-01	7.94e-01
 3.89199e+22	0.00e+00	0.00e+00	2.16e-29	3.18e-25	6.51e-21	2.15e-17	2.14e-14	6.95e-12	9.73e-10	6.73e-08	3.07e-06	1.38e-04	1.46e-02	1.97e-01	7.88e-01
 3.91815e+22	0.00e+00	0.00e+00	3.38e-29	4.80e-25	9.50e-21	3.02e-17	2.90e-14	9.04e-12	1.22e-09	8.10e-08	3.56e-06	1.53e-04	1.57e-02	2.03e-01	7.81e-01
 3.94535e+22	0.00e+00	0.00e+00	5.17e-29	7.10e-25	1.36e-20	4.16e-17	3.85e-14	1.16e-11	1.51e-09	9.67e-08	4.09e-06	1.70e-04	1.67e-02	2.09e-01	7.74e-01
 3.96905e+22	0.00e+00	1.16e-33	7.64e-29	1.02e-24	1.88e-20	5.59e-17	5.01e-14	1.46e-11	1.83e-09	1.14e-07	4.64e-06	1.86e-04	1.78e-02	2.15e-01	7.68e-01
 3.99501e+22	0.00e+00	1.91e-33	1.22e-28	1.56e-24	2.79e-20	7.97e-17	6.86e-14	1.92e-11	2.31e-09	1.38e-07	5.41e-06	2.09e-04	1.91e-02	2.21e-01	7.60e-01
 4.02111e+22	0.00e+00	2.93e-33	1.81e-28	2.25e-24	3.89e-20	1.07e-16	8.94e-14	2.42e-11	2.82e-09	1.63e-07	6.16e-06	2.29e-04	2.03e-02	2.27e-01	7.53e-01
 4.04317e+22	0.00e+00	3.11e-33	1.87e-28	2.26e-24	5.27e-20	1.41e-16	1.14e-13	2.99e-11	3.38e-09	1.89e-07	6.93e-06	2.50e-04	2.14e-02	2.32e-01	7.46e-01
 4.06760e+22	0.00e+00	4.99e-33	2.92e-28	3.39e-24	7.64e-20	1.97e-16	1.53e-13	3.87e-11	4.21e-09	2.27e-07	8.00e-06	2.78e-04	2.29e-02	2.39e-01	7.38e-01
 4.09312e+22	0.00e+00	7.69e-33	4.35e-28	4.90e-24	1.07e-19	2.66e-16	2.00e-13	4.89e-11	5.15e-09	2.68e-07	9.12e-06	3.06e-04	2.43e-02	2.45e-01	7.31e-01
 4.11614e+22	0.00e+00	1.16e-32	6.39e-28	6.97e-24	1.47e-19	3.56e-16	2.59e-13	6.12e-11	6.24e-09	3.14e-07	1.03e-05	3.35e-04	2.57e-02	2.51e-01	7.23e-01
 4.14213e+22	0.00e+00	1.94e-32	1.03e-27	1.08e-23	2.20e-19	5.10e-16	3.56e-13	8.09e-11	7.92e-09	3.82e-07	1.21e-05	3.75e-04	2.76e-02	2.58e-01	7.14e-01
 4.16885e+22	0.00e+00	3.08e-32	1.58e-27	1.60e-23	3.15e-19	7.05e-16	4.76e-13	1.04e-10	9.83e-09	4.57e-07	1.39e-05	4.15e-04	2.95e-02	2.65e-01	7.05e-01
 4.19113e+22	0.00e+00	4.65e-32	2.32e-27	2.27e-23	4.34e-19	9.40e-16	6.14e-13	1.30e-10	1.19e-08	5.35e-07	1.57e-05	4.54e-04	3.12e-02	2.71e-01	6.98e-01
 4.21140e+22	0.00e+00	6.68e-32	3.25e-27	3.10e-23	5.76e-19	1.21e-15	7.69e-13	1.58e-10	1.41e-08	6.15e-07	1.75e-05	4.92e-04	3.28e-02	2.76e-01	6.91e-01
 4.23443e+22	0.00e+00	1.07e-31	5.04e-27	4.63e-23	8.31e-19	1.69e-15	1.03e-12	2.05e-10	1.75e-08	7.38e-07	2.02e-05	5.45e-04	3.49e-02	2.83e-01	6.81e-01
 4.25868e+22	0.00e+00	1.66e-31	7.55e-27	6.70e-23	1.16e-18	2.28e-15	1.35e-12	2.59e-10	2.14e-08	8.72e-07	2.30e-05	5.99e-04	3.71e-02	2.90e-01	6.73e-01
 4.28067e+22	0.00e+00	2.52e-31	1.12e-26	9.57e-23	1.61e-18	3.06e-15	1.75e-12	3.25e-10	2.61e-08	1.03e-06	2.61e-05	6.57e-04	3.92e-02	2.96e-01	6.64e-01
 4.30135e+22	0.00e+00	3.72e-31	1.60e-26	1.33e-22	2.18e-18	4.02e-15	2.23e-12	4.01e-10	3.12e-08	1.19e-06	2.93e-05	7.14e-04	4.13e-02	3.02e-01	6.56e-01
 4.32417e+22	0.00e+00	6.00e-31	2.49e-26	2.00e-22	3.16e-18	5.60e-15	3.00e-12	5.20e-10	3.90e-08	1.43e-06	3.38e-05	7.92e-04	4.40e-02	3.09e-01	6.46e-01
 4.34763e+22	0.00e+00	9.19e-31	3.70e-26	2.86e-22	4.39e-18	7.54e-15	3.90e-12	6.54e-10	4.75e-08	1.68e-06	3.84e-05	8.68e-04	4.66e-02	3.16e-01	6.37e-01
 4.36810e+22	0.00e+00	1.37e-30	5.37e-26	4.02e-22	5.99e-18	9.97e-15	5.00e-12	8.13e-10	5.72e-08	1.96e-06	4.33e-05	9.47e-04	4.91e-02	3.22e-01	6.28e-01
 4.39091e+22	0.00e+00	2.25e-30	8.48e-26	6.09e-22	8.76e-18	1.40e-14	6.78e-12	1.06e-09	7.19e-08	2.37e-06	5.01e-05	1.05e-03	5.23e-02	3.30e-01	6.17e-01
 4.41436e+22	0.00e+00	3.46e-30	1.26e-25	8.76e-22	1.22e-17	1.89e-14	8.84e-12	1.34e-09	8.77e-08	2.80e-06	5.70e-05	1.15e-03	5.54e-02	3.36e-01	6.07e-01
 4.43508e+22	0.00e+00	5.23e-30	1.85e-25	1.24e-21	1.68e-17	2.52e-14	1.14e-11	1.67e-09	1.06e-07	3.28e-06	6.44e-05	1.26e-03	5.84e-02	3.43e-01	5.98e-01
 4.45492e+22	0.00e+00	7.74e-30	2.66e-25	1.73e-21	2.27e-17	3.31e-14	1.45e-11	2.06e-09	1.27e-07	3.81e-06	7.23e-05	1.37e-03	6.14e-02	3.49e-01	5.89e-01
 4.47719e+22	0.00e+00	1.26e-29	4.18e-25	2.60e-21	3.31e-17	4.64e-14	1.96e-11	2.68e-09	1.59e-07	4.59e-06	8.35e-05	1.52e-03	6.53e-02	3.56e-01	5.77e-01
 4.49982e+22	0.00e+00	1.93e-29	6.20e-25	3.72e-21	4.60e-17	6.24e-14	2.55e-11	3.38e-09	1.94e-07	5.41e-06	9.48e-05	1.66e-03	6.89e-02	3.62e-01	5.67e-01
 4.51926e+22	0.00e+00	2.86e-29	8.90e-25	5.17e-21	6.21e-17	8.18e-14	3.24e-11	4.17e-09	2.33e-07	6.28e-06	1.06e-04	1.80e-03	7.24e-02	3.68e-01	5.57e-01
 4.54085e+22	0.00e+00	3.79e-29	1.14e-24	7.76e-21	9.02e-17	1.14e-13	4.37e-11	5.41e-09	2.91e-07	7.55e-06	1.23e-04	1.99e-03	7.68e-02	3.75e-01	5.46e-01
 4.56320e+22	0.00e+00	5.87e-29	1.70e-24	1.12e-20	1.26e-16	1.55e-13	5.70e-11	6.83e-09	3.55e-07	8.92e-06	1.39e-04	2.18e-03	8.11e-02	3.82e-01	5.35e-01
 4.58234e+22	0.00e+00	8.59e-29	2.42e-24	1.53e-20	1.69e-16	2.01e-13	7.20e-11	8.37e-09	4.24e-07	1.03e-05	1.56e-04	2.36e-03	8.49e-02	3.87e-01	5.25e-01
 4.60304e+22	0.00e+00	1.39e-28	3.77e-24	2.29e-20	2.43e-16	2.80e-13	9.66e-11	1.08e-08	5.28e-07	1.24e-05	1.79e-04	2.61e-03	9.00e-02	3.94e-01	5.13e-01
 4.62436e+22	0.00e+00	2.07e-28	5.44e-24	3.20e-20	3.31e-16	3.69e-13	1.23e-10	1.34e-08	6.34e-07	1.44e-05	2.01e-04	2.83e-03	9.44e-02	3.99e-01	5.03e-01
 4.64349e+22	0.00e+00	3.12e-28	7.96e-24	4.50e-20	4.53e-16	4.89e-13	1.59e-10	1.67e-08	7.67e-07	1.68e-05	2.27e-04	3.08e-03	9.91e-02	4.05e-01	4.93e-01
 4.66214e+22	0.00e+00	4.60e-28	1.14e-23	6.21e-20	6.09e-16	6.39e-13	2.01e-10	2.05e-08	9.16e-07	1.95e-05	2.54e-04	3.33e-03	1.04e-01	4.10e-01	4.83e-01
 4.68320e+22	0.00e+00	7.42e-28	1.77e-23	9.26e-20	8.78e-16	8.88e-13	2.69e-10	2.65e-08	1.14e-06	2.34e-05	2.91e-04	3.66e-03	1.10e-01	4.16e-01	4.71e-01
 4.70498e+22	0.00e+00	1.15e-27	2.64e-23	1.33e-19	1.23e-15	1.20e-12	3.52e-10	3.35e-08	1.39e-06	2.76e-05	3.30e-04	4.00e-03	1.15e-01	4.21e-01	4.59e-01
 4.72405e+22	0.00e+00	1.72e-27	3.84e-23	1.86e-19	1.67e-15	1.58e-12	4.50e-10	4.15e-08	1.68e-06	3.21e-05	3.71e-04	4.34e-03	1.21e-01	4.26e-01	4.49e-01
 4.74226e+22	0.00e+00	2.54e-27	5.48e-23	2.56e-19	2.24e-15	2.06e-12	5.69e-10	5.10e-08	2.00e-06	3.72e-05	4.15e-04	4.69e-03	1.26e-01	4.30e-01	4.38e-01
 4.76300e+22	0.00e+00	4.14e-27	8.59e-23	3.84e-19	3.25e-15	2.89e-12	7.67e-10	6.62e-08	2.51e-06	4.47e-05	4.77e-04	5.16e-03	1.33e-01	4.36e-01	4.26e-01
 4.78437e+22	0.00e+00	6.25e-27	1.26e-22	5.41e-19	4.45e-15	3.83e-12	9.87e-10	8.25e-08	3.03e-06	5.23e-05	5.37e-04	5.60e-03	1.39e-01	4.40e-01	4.15e-01
 4.80656e+22	0.00e+00	1.07e-26	2.05e-22	8.39e-19	6.68e-15	5.52e-12	1.36e-09	1.10e-07	3.86e-06	6.39e-05	6.25e-04	6.22e-03	1.48e-01	4.45e-01	4.01e-01
 4.82890e+22	5.47e-34	1.65e-26	3.06e-22	1.20e-18	9.29e-15	7.44e-12	1.78e-09	1.38e-07	4.71e-06	7.53e-05	7.07e-04	6.77e-03	1.55e-01	4.49e-01	3.89e-01
 4.84726e+22	8.27e-34	2.39e-26	4.31e-22	1.63e-18	1.23e-14	9.61e-12	2.23e-09	1.68e-07	5.59e-06	8.66e-05	7.86e-04	7.28e-03	1.61e-01	4.52e-01	3.79e-01
 4.86694e+22	1.40e-33	3.85e-26	6.66e-22	2.41e-18	1.77e-14	1.33e-11	2.98e-09	2.17e-07	6.95e-06	1.04e-04	8.98e-04	7.97e-03	1.69e-01	4.55e-01	3.67e-01
 4.88701e+22	2.19e-33	5.76e-26	9.64e-22	3.36e-18	2.40e-14	1.75e-11	3.81e-09	2.69e-07	8.35e-06	1.21e-04	1.01e-03	8.61e-03	1.76e-01	4.58e-01	3.56e-01
 4.90333e+22	3.16e-33	8.01e-26	1.31e-21	4.40e-18	3.09e-14	2.20e-11	4.65e-09	3.20e-07	9.72e-06	1.36e-04	1.10e-03	9.17e-03	1.82e-01	4.60e-01	3.47e-01
 4.92027e+22	5.00e-33	1.21e-25	1.90e-21	6.17e-18	4.22e-14	2.91e-11	5.98e-09	3.98e-07	1.17e-05	1.59e-04	1.24e-03	9.92e-03	1.90e-01	4.62e-01	3.37e-01
 4.93646e+22	7.03e-33	1.64e-25	2.52e-21	7.91e-18	5.31e-14	3.59e-11	7.20e-09	4.69e-07	1.35e-05	1.79e-04	1.35e-03	1.05e-02	1.96e-01	4.63e-01	3.29e-01
 4.94949e+22	9.84e-33	2.22e-25	3.32e-21	1.01e-17	6.66e-14	4.40e-11	8.63e-09	5.50e-07	1.55e-05	2.00e-04	1.47e-03	1.11e-02	2.02e-01	4.65e-01	3.21e-01
 4.96226e+22	1.35e-32	2.95e-25	4.30e-21	1.27e-17	8.25e-14	5.34e-11	1.03e-08	6.39e-07	1.76e-05	2.23e-04	1.59e-03	1.17e-02	2.08e-01	4.66e-01	3.13e-01
 4.97474e+22	1.80e-32	3.82e-25	5.44e-21	1.57e-17	1.00e-13	6.36e-11	1.20e-08	7.32e-07	1.98e-05	2.45e-04	1.71e-03	1.23e-02	2.13e-01	4.66e-01	3.07e-01
 4.98883e+22	2.65e-32	5.41e-25	7.47e-21	2.08e-17	1.30e-13	8.07e-11	1.48e-08	8.81e-07	2.32e-05	2.79e-04	1.88e-03	1.31e-02	2.20e-01	4.67e-01	2.98e-01
 5.00299e+22	3.69e-32	7.29e-25	9.80e-21	2.64e-17	1.63e-13	9.87e-11	1.77e-08	1.03e-06	2.66e-05	3.12e-04	2.05e-03	1.38e-02	2.26e-01	4.67e-01	2.90e-01
 5.01494e+22	4.99e-32	9.55e-25	1.25e-20	3.29e-17	1.99e-13	1.19e-10	2.09e-08	1.19e-06	3.01e-05	3.45e-04	2.21e-03	1.45e-02	2.32e-01	4.68e-01	2.83e-01
 5.02616e+22	6.70e-32	1.24e-24	1.59e-20	4.06e-17	2.43e-13	1.42e-10	2.45e-08	1.37e-06	3.40e-05	3.81e-04	2.37e-03	1.53e-02	2.38e-01	4.68e-01	2.77e-01
 5.03698e+22	8.67e-32	1.57e-24	1.96e-20	4.89e-17	2.89e-13	1.66e-10	2.81e-08	1.55e-06	3.77e-05	4.16e-04	2.53e-03	1.59e-02	2.43e-01	4.67e-01	2.71e-01
 5.04929e+22	1.23e-31	2.14e-24	2.61e-20	6.28e-17	3.64e-13	2.05e-10	3.40e-08	1.82e-06	4.35e-05	4.67e-04	2.76e-03	1.68e-02	2.49e-01	4.67e-01	2.63e-01
 5.06197e+22	1.69e-31	2.84e-24	3.37e-20	7.87e-17	4.50e-13	2.48e-10	4.03e-08	2.12e-06	4.95e-05	5.19e-04	2.98e-03	1.77e-02	2.56e-01	4.67e-01	2.56e-01
 5.07300e+22	2.24e-31	3.66e-24	4.24e-20	9.62e-17	5.43e-13	2.94e-10	4.70e-08	2.42e-06	5.56e-05	5.71e-04	3.20e-03	1.85e-02	2.61e-01	4.66e-01	2.50e-01
 5.08523e+22	3.20e-31	5.03e-24	5.65e-20	1.24e-16	6.88e-13	3.65e-10	5.69e-08	2.87e-06	6.43e-05	6.43e-04	3.49e-03	1.96e-02	2.69e-01	4.65e-01	2.43e-01
 5.09714e+22	4.20e-31	6.41e-24	7.04e-20	1.50e-16	8.24e-13	4.30e-10	6.59e-08	3.26e-06	7.18e-05	7.04e-04	3.73e-03	2.05e-02	2.74e-01	4.64e-01	2.37e-01
 5.10710e+22	5.54e-31	8.21e-24	8.79e-20	1.82e-16	9.88e-13	5.08e-10	7.65e-08	3.71e-06	8.05e-05	7.72e-04	3.99e-03	2.14e-02	2.80e-01	4.63e-01	2.31e-01
 5.11690e+22	7.17e-31	1.03e-23	1.08e-19	2.19e-16	1.17e-12	5.93e-10	8.79e-08	4.19e-06	8.94e-05	8.42e-04	4.25e-03	2.22e-02	2.85e-01	4.62e-01	2.25e-01
 5.12805e+22	1.01e-30	1.40e-23	1.42e-19	2.77e-16	1.47e-12	7.27e-10	1.06e-07	4.92e-06	1.03e-04	9.43e-04	4.62e-03	2.35e-02	2.92e-01	4.60e-01	2.18e-01
 5.13936e+22	1.35e-30	1.82e-23	1.79e-19	3.39e-16	1.78e-12	8.67e-10	1.24e-07	5.65e-06	1.16e-04	1.04e-03	4.96e-03	2.45e-02	2.99e-01	4.58e-01	2.12e-01
 5.14911e+22	1.75e-30	2.29e-23	2.21e-19	4.06e-16	2.10e-12	1.01e-09	1.42e-07	6.39e-06	1.29e-04	1.13e-03	5.28e-03	2.55e-02	3.04e-01	4.57e-01	2.07e-01
 5.16003e+22	2.50e-30	3.13e-23	2.92e-19	5.17e-16	2.65e-12	1.25e-09	1.72e-07	7.54e-06	1.49e-04	1.28e-03	5.76e-03	2.69e-02	3.12e-01	4.54e-01	2.00e-01
 5.17110e+22	3.32e-30	4.03e-23	3.66e-19	6.28e-16	3.18e-12	1.48e-09	2.00e-07	8.63e-06	1.67e-04	1.40e-03	6.17e-03	2.81e-02	3.18e-01	4.52e-01	1.94e-01
 5.18235e+22	4.80e-30	5.58e-23	4.88e-19	8.06e-16	4.04e-12	1.84e-09	2.43e-07	1.03e-05	1.94e-04	1.59e-03	6.74e-03	2.97e-02	3.26e-01	4.49e-01	1.87e-01
 5.19370e+22	6.44e-30	7.24e-23	6.16e-19	9.82e-16	4.88e-12	2.19e-09	2.85e-07	1.18e-05	2.19e-04	1.75e-03	7.24e-03	3.11e-02	3.32e-01	4.46e-01	1.82e-01
 5.20336e+22	8.42e-30	9.17e-23	7.60e-19	1.18e-15	5.80e-12	2.57e-09	3.29e-07	1.34e-05	2.44e-04	1.91e-03	7.72e-03	3.23e-02	3.38e-01	4.44e-01	1.76e-01
 5.21409e+22	1.23e-29	1.28e-22	1.02e-18	1.51e-15	7.39e-12	3.22e-09	4.04e-07	1.60e-05	2.86e-04	2.17e-03	8.47e-03	3.42e-02	3.46e-01	4.40e-01	1.69e-01
 5.22462e+22	1.60e-29	1.61e-22	1.25e-18	1.80e-15	8.72e-12	3.75e-09	4.64e-07	1.81e-05	3.18e-04	2.37e-03	9.00e-03	3.55e-02	3.51e-01	4.37e-01	1.65e-01
 5.23488e+22	2.31e-29	2.23e-22	1.66e-18	2.28e-15	1.10e-11	4.65e-09	5.64e-07	2.15e-05	3.69e-04	2.68e-03	9.84e-03	3.74e-02	3.59e-01	4.32e-01	1.58e-01
 5.24494e+22	2.94e-29	2.76e-22	2.01e-18	2.69e-15	1.29e-11	5.38e-09	6.44e-07	2.41e-05	4.08e-04	2.90e-03	1.04e-02	3.88e-02	3.64e-01	4.29e-01	1.54e-01
 5.25475e+22	4.25e-29	3.81e-22	2.66e-18	3.39e-15	1.62e-11	6.67e-09	7.83e-07	2.87e-05	4.75e-04	3.28e-03	1.14e-02	4.09e-02	3.72e-01	4.25e-01	1.47e-01
 5.26449e+22	5.45e-29	4.74e-22	3.22e-18	4.00e-15	1.90e-11	7.74e-09	8.97e-07	3.23e-05	5.26e-04	3.57e-03	1.21e-02	4.24e-02	3.78e-01	4.21e-01	1.43e-01
 5.27414e+22	7.84e-29	6.51e-22	4.24e-18	5.02e-15	2.38e-11	9.57e-09	1.09e-06	3.84e-05	6.11e-04	4.03e-03	1.32e-02	4.46e-02	3.85e-01	4.16e-01	1.37e-01
 5.28390e+22	1.02e-28	8.22e-22	5.20e-18	5.95e-15	2.81e-11	1.12e-08	1.26e-06	4.35e-05	6.81e-04	4.40e-03	1.40e-02	4.63e-02	3.91e-01	4.12e-01	1.32e-01
 5.29380e+22	1.48e-28	1.14e-21	6.88e-18	7.50e-15	3.54e-11	1.39e-08	1.54e-06	5.20e-05	7.95e-04	4.98e-03	1.54e-02	4.87e-02	3.98e-01	4.06e-01	1.26e-01
 5.30381e+22	1.95e-28	1.45e-21	8.47e-18	8.91e-15	4.21e-11	1.64e-08	1.78e-06	5.93e-05	8.90e-04	5.46e-03	1.64e-02	5.06e-02	4.04e-01	4.01e-01	1.22e-01
 5.31396e+22	2.83e-28	2.00e-21	1.12e-17	1.12e-14	5.30e-11	2.04e-08	2.18e-06	7.08e-05	1.04e-03	6.18e-03	1.79e-02	5.33e-02	4.11e-01	3.95e-01	1.16e-01
 5.32402e+22	3.74e-28	2.55e-21	1.38e-17	1.33e-14	6.31e-11	2.40e-08	2.54e-06	8.09e-05	1.17e-03	6.78e-03	1.91e-02	5.53e-02	4.16e-01	3.90e-01	1.11e-01
 5.33397e+22	5.40e-28	3.50e-21	1.81e-17	1.66e-14	7.91e-11	2.98e-08	3.10e-06	9.65e-05	1.36e-03	7.66e-03	2.08e-02	5.81e-02	4.23e-01	3.83e-01	1.06e-01
 5.34411e+22	7.23e-28	4.52e-21	2.25e-17	1.98e-14	9.48e-11	3.55e-08	3.64e-06	1.11e-04	1.53e-03	8.45e-03	2.23e-02	6.04e-02	4.29e-01	3.77e-01	1.01e-01
 5.35450e+22	1.06e-27	6.29e-21	2.99e-17	2.49e-14	1.20e-10	4.45e-08	4.49e-06	1.34e-04	1.80e-03	9.59e-03	2.44e-02	6.35e-02	4.35e-01	3.69e-01	9.58e-02
 5.36494e+22	1.42e-27	8.10e-21	3.71e-17	2.96e-14	1.44e-10	5.29e-08	5.27e-06	1.54e-04	2.03e-03	1.06e-02	2.62e-02	6.60e-02	4.40e-01	3.63e-01	9.16e-02
 5.37545e+22	2.08e-27	1.13e-20	4.90e-17	3.70e-14	1.82e-10	6.64e-08	6.52e-06	1.86e-04	2.38e-03	1.20e-02	2.86e-02	6.93e-02	4.46e-01	3.55e-01	8.62e-02
 5.38604e+22	2.79e-27	1.45e-20	6.07e-17	4.39e-14	2.18e-10	7.90e-08	7.66e-06	2.14e-04	2.69e-03	1.32e-02	3.06e-02	7.19e-02	4.51e-01	3.48e-01	8.23e-02
 5.39523e+22	3.72e-27	1.86e-20	7.48e-17	5.18e-14	2.59e-10	9.37e-08	8.98e-06	2.46e-04	3.03e-03	1.45e-02	3.27e-02	7.46e-02	4.55e-01	3.41e-01	7.85e-02
 5.40569e+22	5.40e-27	2.57e-20	9.78e-17	6.40e-14	3.26e-10	1.17e-07	1.11e-05	2.95e-04	3.54e-03	1.65e-02	3.57e-02	7.81e-02	4.60e-01	3.32e-01	7.36e-02
 5.41603e+22	7.03e-27	3.22e-20	1.18e-16	7.45e-14	3.83e-10	1.37e-07	1.28e-05	3.36e-04	3.94e-03	1.79e-02	3.79e-02	8.06e-02	4.63e-01	3.26e-01	7.03e-02
 5.42622e+22	9.99e-27	4.35e-20	1.52e-16	9.07e-14	4.75e-10	1.69e-07	1.56e-05	3.99e-04	4.56e-03	2.01e-02	4.11e-02	8.41e-02	4.67e-01	3.17e-01	6.60e-02
 5.43663e+22	1.30e-26	5.48e-20	1.85e-16	1.06e-13	5.60e-10	1.98e-07	1.81e-05	4.55e-04	5.09e-03	2.19e-02	4.36e-02	8.68e-02	4.70e-01	3.10e-01	6.28e-02
 5.44731e+22	1.85e-26	7.40e-20	2.37e-16	1.28e-13	6.93e-10	2.45e-07	2.20e-05	5.40e-04	5.89e-03	2.46e-02	4.71e-02	9.03e-02	4.72e-01	3.00e-01	5.87e-02
 5.45825e+22	2.43e-26	9.35e-20	2.89e-16	1.49e-13	8.19e-10	2.88e-07	2.56e-05	6.17e-04	6.58e-03	2.68e-02	5.01e-02	9.31e-02	4.74e-01	2.93e-01	5.56e-02
 5.46952e+22	3.46e-26	1.27e-19	3.71e-16	1.82e-13	1.02e-09	3.56e-07	3.12e-05	7.34e-04	7.61e-03	3.01e-02	5.41e-02	9.68e-02	4.76e-01	2.83e-01	5.18e-02
 5.48105e+22	4.55e-26	1.60e-19	4.51e-16	2.11e-13	1.20e-09	4.19e-07	3.64e-05	8.38e-04	8.50e-03	3.27e-02	5.73e-02	9.96e-02	4.77e-01	2.75e-01	4.89e-02
 5.49290e+22	6.46e-26	2.16e-19	5.78e-16	2.56e-13	1.49e-09	5.17e-07	4.42e-05	9.95e-04	9.80e-03	3.66e-02	6.18e-02	1.03e-01	4.77e-01	2.65e-01	4.53e-02
 5.50497e+22	8.48e-26	2.73e-19	7.02e-16	2.98e-13	1.75e-09	6.08e-07	5.15e-05	1.14e-03	1.09e-02	3.98e-02	6.54e-02	1.06e-01	4.77e-01	2.57e-01	4.27e-02
 5.51733e+22	1.20e-25	3.67e-19	8.98e-16	3.60e-13	2.16e-09	7.48e-07	6.24e-05	1.34e-03	1.26e-02	4.43e-02	7.02e-02	1.10e-01	4.76e-01	2.47e-01	3.94e-02
 5.52976e+22	1.56e-25	4.60e-19	1.08e-15	4.16e-13	2.54e-09	8.74e-07	7.22e-05	1.53e-03	1.39e-02	4.79e-02	7.40e-02	1.12e-01	4.75e-01	2.39e-01	3.70e-02
 5.54229e+22	2.18e-25	6.13e-19	1.37e-15	4.99e-13	3.10e-09	1.07e-06	8.69e-05	1.79e-03	1.59e-02	5.30e-02	7.91e-02	1.16e-01	4.72e-01	2.28e-01	3.41e-02
 5.55446e+22	2.75e-25	7.47e-19	1.62e-15	5.68e-13	3.57e-09	1.22e-06	9.86e-05	2.00e-03	1.74e-02	5.67e-02	8.26e-02	1.18e-01	4.70e-01	2.21e-01	3.22e-02
 5.56615e+22	3.72e-25	9.66e-19	2.00e-15	6.68e-13	4.27e-09	1.46e-06	1.16e-04	2.31e-03	1.95e-02	6.19e-02	8.75e-02	1.21e-01	4.66e-01	2.12e-01	2.98e-02
 5.57811e+22	4.69e-25	1.18e-18	2.37e-15	7.61e-13	4.91e-09	1.67e-06	1.32e-04	2.58e-03	2.13e-02	6.62e-02	9.12e-02	1.23e-01	4.63e-01	2.05e-01	2.80e-02
 5.59042e+22	6.09e-26	1.53e-18	2.94e-15	8.97e-13	5.89e-09	2.00e-06	1.56e-04	2.98e-03	2.40e-02	7.22e-02	9.64e-02	1.26e-01	4.58e-01	1.95e-01	2.58e-02
 5.60289e+22	7.69e-26	1.87e-18	3.47e-15	1.02e-12	6.75e-09	2.28e-06	1.76e-04	3.31e-03	2.61e-02	7.69e-02	1.00e-01	1.27e-01	4.53e-01	1.88e-01	2.42e-02
 5.61555e+22	1.04e-25	2.41e-18	4.28e-15	1.20e-12	8.04e-09	2.70e-06	2.06e-04	3.80e-03	2.91e-02	8.34e-02	1.05e-01	1.30e-01	4.47e-01	1.79e-01	2.22e-02
 5.62812e+22	1.31e-25	2.91e-18	5.02e-15	1.36e-12	9.15e-09	3.07e-06	2.32e-04	4.21e-03	3.15e-02	8.84e-02	1.09e-01	1.31e-01	4.42e-01	1.72e-01	2.09e-02
 5.64056e+22	1.76e-25	3.73e-18	6.14e-15	1.58e-12	1.08e-08	3.60e-06	2.70e-04	4.80e-03	3.50e-02	9.54e-02	1.14e-01	1.33e-01	4.35e-01	1.64e-01	1.91e-02
 5.65312e+22	2.19e-25	4.48e-18	7.17e-15	1.79e-12	1.22e-08	4.07e-06	3.01e-04	5.28e-03	3.77e-02	1.01e-01	1.18e-01	1.34e-01	4.29e-01	1.57e-01	1.79e-02
 5.66584e+22	2.94e-25	5.71e-18	8.77e-15	2.09e-12	1.44e-08	4.76e-06	3.49e-04	5.99e-03	4.16e-02	1.08e-01	1.23e-01	1.36e-01	4.20e-01	1.49e-01	1.64e-02
 5.67881e+22	3.68e-25	6.89e-18	1.03e-14	2.36e-12	1.63e-08	5.37e-06	3.89e-04	6.59e-03	4.47e-02	1.14e-01	1.27e-01	1.36e-01	4.13e-01	1.43e-01	1.53e-02
 5.69210e+22	4.94e-25	8.80e-18	1.26e-14	2.76e-12	1.91e-08	6.28e-06	4.50e-04	7.46e-03	4.93e-02	1.22e-01	1.31e-01	1.37e-01	4.04e-01	1.34e-01	1.39e-02
 5.70562e+22	6.21e-25	1.06e-17	1.48e-14	3.13e-12	2.17e-08	7.08e-06	5.02e-04	8.20e-03	5.29e-02	1.28e-01	1.35e-01	1.38e-01	3.96e-01	1.28e-01	1.29e-02
 5.71947e+22	2.30e-25	1.36e-17	1.81e-14	3.67e-12	2.54e-08	8.26e-06	5.79e-04	9.27e-03	5.81e-02	1.37e-01	1.40e-01	1.38e-01	3.85e-01	1.20e-01	1.17e-02
 5.73357e+22	2.90e-25	1.65e-17	2.13e-14	4.17e-12	2.88e-08	9.30e-06	6.46e-04	1.02e-02	6.23e-02	1.44e-01	1.43e-01	1.39e-01	3.76e-01	1.14e-01	1.08e-02
 5.74800e+22	3.93e-25	2.12e-17	2.63e-14	4.90e-12	3.37e-08	1.08e-05	7.43e-04	1.15e-02	6.83e-02	1.53e-01	1.47e-01	1.38e-01	3.64e-01	1.07e-01	9.74e-03
 5.76211e+22	4.85e-25	2.53e-17	3.06e-14	5.53e-12	3.78e-08	1.21e-05	8.18e-04	1.24e-02	7.25e-02	1.59e-01	1.50e-01	1.38e-01	3.56e-01	1.02e-01	9.06e-03
 5.77580e+22	6.46e-25	3.20e-17	3.71e-14	6.42e-12	4.36e-08	1.39e-05	9.30e-04	1.39e-02	7.87e-02	1.68e-01	1.54e-01	1.38e-01	3.44e-01	9.50e-02	8.16e-03
 5.78970e+22	7.99e-25	3.81e-17	4.32e-14	7.26e-12	4.89e-08	1.54e-05	1.02e-03	1.50e-02	8.33e-02	1.74e-01	1.56e-01	1.37e-01	3.35e-01	9.03e-02	7.57e-03
 5.80388e+22	1.06e-24	4.81e-17	5.26e-14	8.46e-12	5.64e-08	1.77e-05	1.16e-03	1.67e-02	9.00e-02	1.83e-01	1.59e-01	1.36e-01	3.23e-01	8.40e-02	6.81e-03
 5.81850e+22	1.34e-24	5.82e-17	6.18e-14	9.61e-12	6.35e-08	1.97e-05	1.28e-03	1.81e-02	9.56e-02	1.90e-01	1.62e-01	1.35e-01	3.13e-01	7.92e-02	6.24e-03
 5.83369e+22	1.79e-24	7.38e-17	7.57e-14	1.13e-11	7.35e-08	2.27e-05	1.45e-03	2.01e-02	1.03e-01	1.99e-01	1.64e-01	1.33e-01	3.00e-01	7.33e-02	5.58e-03
 5.84938e+22	2.29e-24	9.03e-17	8.99e-14	1.29e-11	8.31e-08	2.54e-05	1.61e-03	2.19e-02	1.09e-01	2.06e-01	1.66e-01	1.31e-01	2.89e-01	6.86e-02	5.07e-03
 5.86572e+22	3.10e-24	1.16e-16	1.11e-13	1.53e-11	9.68e-08	2.93e-05	1.82e-03	2.43e-02	1.18e-01	2.15e-01	1.68e-01	1.29e-01	2.76e-01	6.30e-02	4.49e-03
 5.88250e+22	4.00e-24	1.43e-16	1.33e-13	1.77e-11	1.10e-07	3.29e-05	2.02e-03	2.65e-02	1.25e-01	2.23e-01	1.69e-01	1.27e-01	2.65e-01	5.86e-02	4.05e-03
 5.89987e+22	5.49e-24	1.85e-16	1.66e-13	2.11e-11	1.28e-07	3.80e-05	2.29e-03	2.94e-02	1.34e-01	2.32e-01	1.70e-01	1.24e-01	2.51e-01	5.34e-02	3.56e-03
 5.91780e+22	7.17e-24	2.30e-16	2.00e-13	2.46e-11	1.46e-07	4.29e-05	2.55e-03	3.20e-02	1.42e-01	2.39e-01	1.71e-01	1.22e-01	2.39e-01	4.93e-02	3.18e-03
 5.93649e+22	9.98e-24	3.01e-16	2.53e-13	2.96e-11	1.72e-07	4.97e-05	2.90e-03	3.55e-02	1.52e-01	2.48e-01	1.71e-01	1.18e-01	2.24e-01	4.45e-02	2.76e-03
 5.95568e+22	1.32e-23	3.78e-16	3.08e-13	3.47e-11	1.97e-07	5.61e-05	3.23e-03	3.87e-02	1.61e-01	2.55e-01	1.71e-01	1.15e-01	2.12e-01	4.07e-02	2.44e-03
 5.97292e+22	1.72e-23	4.69e-16	3.72e-13	4.04e-11	2.24e-07	6.31e-05	3.57e-03	4.19e-02	1.70e-01	2.62e-01	1.71e-01	1.12e-01	2.01e-01	3.74e-02	2.17e-03
 5.99274e+22	2.44e-23	6.25e-16	4.74e-13	4.91e-11	2.64e-07	7.32e-05	4.06e-03	4.65e-02	1.81e-01	2.70e-01	1.69e-01	1.07e-01	1.87e-01	3.32e-02	1.84e-03
 6.01267e+22	3.18e-23	7.75e-16	5.73e-13	5.72e-11	3.00e-07	8.21e-05	4.48e-03	5.02e-02	1.90e-01	2.75e-01	1.68e-01	1.04e-01	1.76e-01	3.03e-02	1.63e-03
 6.03276e+22	4.50e-23	1.03e-15	7.29e-13	6.93e-11	3.52e-07	9.47e-05	5.07e-03	5.54e-02	2.02e-01	2.82e-01	1.66e-01	9.92e-02	1.63e-01	2.68e-02	1.38e-03
 6.05328e+22	5.95e-23	1.29e-15	8.86e-13	8.09e-11	4.00e-07	1.06e-04	5.59e-03	5.98e-02	2.12e-01	2.87e-01	1.63e-01	9.54e-02	1.52e-01	2.42e-02	1.20e-03
 6.07435e+22	8.49e-23	1.72e-15	1.13e-12	9.85e-11	4.69e-07	1.23e-04	6.33e-03	6.59e-02	2.24e-01	2.92e-01	1.60e-01	9.05e-02	1.39e-01	2.11e-02	1.01e-03
 6.09576e+22	1.13e-22	2.17e-15	1.38e-12	1.15e-10	5.33e-07	1.38e-04	6.97e-03	7.10e-02	2.34e-01	2.96e-01	1.57e-01	8.65e-02	1.29e-01	1.89e-02	8.67e-04
 6.11759e+22	1.64e-22	2.92e-15	1.78e-12	1.41e-10	6.25e-07	1.59e-04	7.88e-03	7.81e-02	2.46e-01	3.00e-01	1.53e-01	8.13e-02	1.17e-01	1.63e-02	7.13e-04
 6.13952e+22	2.17e-22	3.67e-15	2.17e-12	1.64e-10	7.06e-07	1.77e-04	8.65e-03	8.38e-02	2.56e-01	3.02e-01	1.49e-01	7.74e-02	1.08e-01	1.45e-02	6.12e-04
 6.15772e+22	2.80e-22	4.51e-15	2.58e-12	1.88e-10	7.86e-07	1.95e-04	9.38e-03	8.93e-02	2.65e-01	3.03e-01	1.46e-01	7.38e-02	1.00e-01	1.30e-02	5.32e-04
 6.17753e+22	3.91e-22	5.91e-15	3.23e-12	2.24e-10	8.99e-07	2.20e-04	1.04e-02	9.67e-02	2.76e-01	3.04e-01	1.41e-01	6.93e-02	9.07e-02	1.13e-02	4.40e-04
 6.19725e+22	5.02e-22	7.23e-15	3.83e-12	2.56e-10	9.96e-07	2.41e-04	1.12e-02	1.03e-01	2.84e-01	3.05e-01	1.37e-01	6.59e-02	8.41e-02	1.01e-02	3.81e-04
 6.21688e+22	6.99e-22	9.44e-15	4.78e-12	3.03e-10	1.13e-06	2.70e-04	1.24e-02	1.11e-01	2.94e-01	3.04e-01	1.32e-01	6.16e-02	7.57e-02	8.70e-03	3.14e-04
 6.23676e+22	9.04e-22	1.16e-14	5.69e-12	3.47e-10	1.25e-06	2.95e-04	1.34e-02	1.17e-01	3.02e-01	3.04e-01	1.27e-01	5.83e-02	6.97e-02	7.73e-03	2.69e-04
 6.25698e+22	1.27e-21	1.53e-14	7.13e-12	4.11e-10	1.42e-06	3.31e-04	1.48e-02	1.26e-01	3.12e-01	3.02e-01	1.22e-01	5.41e-02	6.22e-02	6.57e-03	2.18e-04
 6.27744e+22	1.66e-21	1.90e-14	8.52e-12	4.72e-10	1.57e-06	3.62e-04	1.59e-02	1.34e-01	3.20e-01	2.99e-01	1.17e-01	5.09e-02	5.69e-02	5.79e-03	1.85e-04
 6.29823e+22	2.35e-21	2.52e-14	1.07e-11	5.62e-10	1.78e-06	4.05e-04	1.76e-02	1.44e-01	3.29e-01	2.96e-01	1.11e-01	4.69e-02	5.03e-02	4.88e-03	1.49e-04
 6.31942e+22	3.12e-21	3.16e-14	1.29e-11	6.47e-10	1.97e-06	4.43e-04	1.90e-02	1.53e-01	3.36e-01	2.92e-01	1.06e-01	4.38e-02	4.55e-02	4.24e-03	1.24e-04
 6.34113e+22	4.51e-21	4.26e-14	1.64e-11	7.76e-10	2.24e-06	4.97e-04	2.09e-02	1.64e-01	3.45e-01	2.87e-01	9.95e-02	4.00e-02	3.98e-02	3.51e-03	9.75e-05
 6.36328e+22	6.07e-21	5.42e-14	2.00e-11	8.99e-10	2.49e-06	5.44e-04	2.26e-02	1.74e-01	3.51e-01	2.82e-01	9.44e-02	3.71e-02	3.56e-02	3.01e-03	8.02e-05
 6.38600e+22	8.98e-21	7.44e-14	2.58e-11	1.09e-09	2.84e-06	6.12e-04	2.49e-02	1.87e-01	3.58e-01	2.74e-01	8.76e-02	3.35e-02	3.07e-02	2.45e-03	6.17e-05
 6.40890e+22	1.22e-20	9.55e-14	3.15e-11	1.27e-09	3.16e-06	6.70e-04	2.69e-02	1.98e-01	3.64e-01	2.68e-01	8.25e-02	3.09e-02	2.72e-02	2.08e-03	5.01e-05
 6.42815e+22	1.62e-20	1.20e-13	3.78e-11	1.46e-09	3.48e-06	7.28e-04	2.88e-02	2.09e-01	3.68e-01	2.61e-01	7.78e-02	2.86e-02	2.43e-02	1.78e-03	4.13e-05
 6.44899e+22	2.33e-20	1.61e-13	4.79e-11	1.75e-09	3.93e-06	8.09e-04	3.15e-02	2.23e-01	3.72e-01	2.53e-01	7.20e-02	2.58e-02	2.10e-02	1.46e-03	3.21e-05
 6.47000e+22	3.13e-20	2.05e-13	5.80e-11	2.02e-09	4.35e-06	8.81e-04	3.37e-02	2.34e-01	3.75e-01	2.45e-01	6.74e-02	2.38e-02	1.87e-02	1.24e-03	2.62e-05
 6.49056e+22	4.48e-20	2.74e-13	7.31e-11	2.42e-09	4.92e-06	9.76e-04	3.66e-02	2.48e-01	3.78e-01	2.36e-01	6.21e-02	2.15e-02	1.61e-02	1.02e-03	2.04e-05
 6.51153e+22	6.14e-20	3.53e-13	8.95e-11	2.83e-09	5.50e-06	1.07e-03	3.93e-02	2.61e-01	3.79e-01	2.27e-01	5.77e-02	1.96e-02	1.42e-02	8.56e-04	1.64e-05
 6.53208e+22	8.73e-20	4.70e-13	1.12e-10	3.38e-09	6.22e-06	1.18e-03	4.26e-02	2.76e-01	3.80e-01	2.17e-01	5.29e-02	1.77e-02	1.22e-02	7.02e-04	1.28e-05
 6.55307e+22	1.22e-19	6.15e-13	1.40e-10	4.02e-09	7.02e-06	1.30e-03	4.58e-02	2.90e-01	3.79e-01	2.08e-01	4.86e-02	1.60e-02	1.06e-02	5.81e-04	1.01e-05
 6.57380e+22	1.74e-19	8.16e-13	1.75e-10	4.82e-09	7.97e-06	1.44e-03	4.94e-02	3.05e-01	3.78e-01	1.98e-01	4.44e-02	1.44e-02	9.12e-03	4.76e-04	7.86e-06
 6.59466e+22	2.46e-19	1.08e-12	2.19e-10	5.77e-09	9.06e-06	1.59e-03	5.32e-02	3.20e-01	3.76e-01	1.88e-01	4.05e-02	1.30e-02	7.86e-03	3.91e-04	6.15e-06
 6.61526e+22	3.51e-19	1.42e-12	2.75e-10	6.93e-09	1.03e-05	1.76e-03	5.72e-02	3.35e-01	3.73e-01	1.78e-01	3.69e-02	1.16e-02	6.75e-03	3.20e-04	4.80e-06
 6.63583e+22	5.01e-19	1.88e-12	3.45e-10	8.34e-09	1.18e-05	1.94e-03	6.15e-02	3.50e-01	3.69e-01	1.68e-01	3.35e-02	1.04e-02	5.79e-03	2.61e-04	3.74e-06
 6.65643e+22	7.21e-19	2.49e-12	4.33e-10	1.01e-08	1.35e-05	2.15e-03	6.61e-02	3.65e-01	3.64e-01	1.58e-01	3.03e-02	9.32e-03	4.95e-03	2.13e-04	2.91e-06
 6.67710e+22	1.04e-18	3.29e-12	5.45e-10	1.22e-08	1.55e-05	2.38e-03	7.09e-02	3.80e-01	3.58e-01	1.48e-01	2.73e-02	8.32e-03	4.22e-03	1.73e-04	2.25e-06
 6.69789e+22	1.53e-18	4.35e-12	6.87e-10	1.48e-08	1.79e-05	2.65e-03	7.61e-02	3.96e-01	3.51e-01	1.39e-01	2.46e-02	7.40e-03	3.59e-03	1.40e-04	1.74e-06
 6.71887e+22	2.26e-18	5.77e-12	8.66e-10	1.80e-08	2.06e-05	2.94e-03	8.16e-02	4.11e-01	3.44e-01	1.29e-01	2.20e-02	6.56e-03	3.05e-03	1.13e-04	1.34e-06
 6.74009e+22	3.39e-18	7.65e-12	1.10e-09	2.20e-08	2.39e-05	3.26e-03	8.75e-02	4.25e-01	3.35e-01	1.20e-01	1.97e-02	5.80e-03	2.57e-03	9.11e-05	1.02e-06
 6.76142e+22	5.14e-18	1.01e-11	1.38e-09	2.68e-08	2.76e-05	3.62e-03	9.36e-02	4.40e-01	3.27e-01	1.12e-01	1.75e-02	5.12e-03	2.17e-03	7.32e-05	7.86e-07
 6.78309e+22	8.06e-18	1.34e-11	1.76e-09	3.29e-08	3.21e-05	4.03e-03	1.00e-01	4.54e-01	3.17e-01	1.03e-01	1.56e-02	4.50e-03	1.82e-03	5.84e-05	5.96e-07
 6.80501e+22	1.29e-17	1.77e-11	2.22e-09	4.02e-08	3.73e-05	4.47e-03	1.07e-01	4.67e-01	3.07e-01	9.52e-02	1.38e-02	3.95e-03	1.53e-03	4.67e-05	4.54e-07
 6.82734e+22	2.18e-17	2.36e-11	2.83e-09	4.97e-08	4.35e-05	4.99e-03	1.15e-01	4.80e-01	2.96e-01	8.74e-02	1.22e-02	3.44e-03	1.27e-03	3.68e-05	3.41e-07
 6.84813e+22	3.57e-17	2.96e-11	3.44e-09	5.89e-08	4.93e-05	5.44e-03	1.21e-01	4.90e-01	2.87e-01	8.14e-02	1.10e-02	3.07e-03	1.09e-03	3.04e-05	2.70e-07
 6.86949e+22	6.86e-17	3.97e-11	4.42e-09	7.34e-08	5.80e-05	6.08e-03	1.29e-01	5.02e-01	2.75e-01	7.41e-02	9.56e-03	2.65e-03	8.97e-04	2.37e-05	1.99e-07
 6.89120e+22	1.21e-16	4.99e-11	5.38e-09	8.72e-08	6.59e-05	6.64e-03	1.36e-01	5.11e-01	2.66e-01	6.87e-02	8.58e-03	2.36e-03	7.68e-04	1.94e-05	1.57e-07
 6.91342e+22	2.68e-16	6.72e-11	6.95e-09	1.09e-07	7.78e-05	7.43e-03	1.45e-01	5.22e-01	2.53e-01	6.21e-02	7.42e-03	2.02e-03	6.24e-04	1.49e-05	1.14e-07
 6.93578e+22	3.43e-16	8.36e-11	8.42e-09	1.29e-07	8.81e-05	8.08e-03	1.52e-01	5.29e-01	2.44e-01	5.75e-02	6.66e-03	1.79e-03	5.34e-04	1.23e-05	0.00e+00
 6.95832e+22	4.64e-16	1.11e-10	1.08e-08	1.62e-07	1.04e-04	9.02e-03	1.62e-01	5.38e-01	2.31e-01	5.19e-02	5.76e-03	1.53e-03	4.34e-04	9.45e-06	0.00e+00
 6.98098e+22	5.83e-16	1.38e-10	1.31e-08	1.91e-07	1.17e-04	9.79e-03	1.70e-01	5.43e-01	2.22e-01	4.79e-02	5.15e-03	1.36e-03	3.70e-04	7.74e-06	0.00e+00
 7.00381e+22	7.81e-16	1.83e-10	1.67e-08	2.38e-07	1.38e-04	1.09e-02	1.80e-01	5.50e-01	2.10e-01	4.31e-02	4.44e-03	1.16e-03	3.00e-04	5.94e-06	0.00e+00
 7.02682e+22	9.75e-16	2.26e-10	2.02e-08	2.82e-07	1.56e-04	1.18e-02	1.88e-01	5.54e-01	2.01e-01	3.97e-02	3.97e-03	1.02e-03	2.56e-04	4.85e-06	0.00e+00
 7.05007e+22	1.30e-15	2.97e-10	2.57e-08	3.50e-07	1.83e-04	1.31e-02	1.99e-01	5.58e-01	1.89e-01	3.56e-02	3.42e-03	8.67e-04	2.07e-04	3.72e-06	0.00e+00
 7.07361e+22	1.61e-15	3.66e-10	3.10e-08	4.14e-07	2.06e-04	1.42e-02	2.08e-01	5.61e-01	1.80e-01	3.27e-02	3.04e-03	7.63e-04	1.75e-04	3.02e-06	0.00e+00
 7.09753e+22	2.14e-15	4.79e-10	3.95e-08	5.16e-07	2.42e-04	1.57e-02	2.19e-01	5.63e-01	1.69e-01	2.92e-02	2.61e-03	6.45e-04	1.41e-04	2.30e-06	0.00e+00
 7.12183e+22	2.66e-15	5.91e-10	4.77e-08	6.11e-07	2.74e-04	1.70e-02	2.28e-01	5.64e-01	1.61e-01	2.68e-02	2.31e-03	5.65e-04	1.19e-04	1.86e-06	0.00e+00
 7.14663e+22	3.51e-15	7.73e-10	6.08e-08	7.62e-07	3.21e-04	1.89e-02	2.40e-01	5.64e-01	1.50e-01	2.38e-02	1.98e-03	4.75e-04	9.53e-05	1.41e-06	0.00e+00
 7.17195e+22	4.37e-15	9.54e-10	7.37e-08	9.06e-07	3.64e-04	2.05e-02	2.50e-01	5.64e-01	1.42e-01	2.17e-02	1.74e-03	4.14e-04	7.99e-05	1.13e-06	0.00e+00
 7.19794e+22	5.79e-15	1.25e-09	9.44e-08	1.14e-06	4.29e-04	2.27e-02	2.63e-01	5.62e-01	1.32e-01	1.92e-02	1.48e-03	3.45e-04	6.34e-05	8.44e-07	0.00e+00
 7.22460e+22	7.22e-15	1.55e-09	1.15e-07	1.36e-06	4.88e-04	2.46e-02	2.73e-01	5.59e-01	1.24e-01	1.75e-02	1.30e-03	2.99e-04	5.27e-05	6.71e-07	0.00e+00
 7.25211e+22	9.61e-15	2.05e-09	1.48e-07	1.72e-06	5.78e-04	2.74e-02	2.87e-01	5.55e-01	1.14e-01	1.53e-02	1.09e-03	2.47e-04	4.13e-05	4.94e-07	0.00e+00
 7.27798e+22	1.16e-14	2.45e-09	1.75e-07	1.99e-06	6.42e-04	2.92e-02	2.95e-01	5.51e-01	1.08e-01	1.41e-02	9.78e-04	2.18e-04	3.53e-05	4.07e-07	0.00e+00
