#depth	Si	Si+	Si+2	Si+3	Si+4	Si+5	Si+6	Si+7	Si+8	Si+9	Si+10	Si+11	Si+12	Si+13	Si+14
 4.62852e+21	0.00e+00	0.00e+00	0.00e+00	0.00e+00	0.00e+00	3.11e-26	4.63e-22	2.20e-18	4.22e-15	3.52e-12	1.64e-09	6.25e-07	5.13e-04	4.08e-02	9.59e-01
 1.05446e+22	0.00e+00	0.00e+00	0.00e+00	0.00e+00	2.27e-29	7.75e-25	8.04e-21	2.67e-17	3.55e-14	2.07e-11	6.74e-09	1.79e-06	1.03e-03	5.73e-02	9.42e-01
 1.27030e+22	0.00e+00	0.00e+00	0.00e+00	0.00e+00	2.50e-28	6.70e-24	5.45e-20	1.42e-16	1.48e-13	6.75e-11	1.73e-08	3.63e-06	1.64e-03	7.17e-02	9.27e-01
 1.42703e+22	0.00e+00	0.00e+00	0.00e+00	1.24e-32	1.70e-27	3.75e-23	2.51e-19	5.38e-16	4.61e-13	1.73e-10	3.69e-08	6.37e-06	2.38e-03	8.56e-02	9.12e-01
 1.51411e+22	0.00e+00	0.00e+00	0.00e+00	2.12e-32	2.76e-27	5.81e-23	3.71e-19	7.56e-16	6.16e-13	2.21e-10	4.47e-08	7.34e-06	2.61e-03	8.95e-02	9.08e-01
 1.54429e+22	0.00e+00	0.00e+00	0.00e+00	3.10e-32	3.90e-27	7.92e-23	4.88e-19	9.61e-16	7.56e-13	2.61e-10	5.11e-08	8.12e-06	2.79e-03	9.24e-02	9.05e-01
 1.56913e+22	0.00e+00	0.00e+00	0.00e+00	4.44e-32	5.39e-27	1.06e-22	6.32e-19	1.20e-15	9.15e-13	3.06e-10	5.80e-08	8.92e-06	2.97e-03	9.52e-02	9.02e-01
 1.59690e+22	0.00e+00	0.00e+00	0.00e+00	7.11e-32	8.28e-27	1.56e-22	8.90e-19	1.62e-15	1.18e-12	3.78e-10	6.86e-08	1.01e-05	3.22e-03	9.89e-02	8.98e-01
 1.62436e+22	0.00e+00	0.00e+00	0.00e+00	1.03e-31	1.16e-26	2.11e-22	1.17e-18	2.05e-15	1.44e-12	4.47e-10	7.84e-08	1.12e-05	3.44e-03	1.02e-01	8.95e-01
 1.64778e+22	0.00e+00	0.00e+00	0.00e+00	1.47e-31	1.60e-26	2.81e-22	1.50e-18	2.56e-15	1.75e-12	5.23e-10	8.88e-08	1.22e-05	3.65e-03	1.05e-01	8.91e-01
 1.67456e+22	0.00e+00	0.00e+00	0.00e+00	2.25e-31	2.35e-26	3.98e-22	2.05e-18	3.35e-15	2.20e-12	6.33e-10	1.03e-07	1.37e-05	3.93e-03	1.09e-01	8.87e-01
 1.70302e+22	0.00e+00	0.00e+00	0.00e+00	3.39e-31	3.42e-26	5.58e-22	2.76e-18	4.35e-15	2.74e-12	7.61e-10	1.20e-07	1.53e-05	4.22e-03	1.12e-01	8.83e-01
 1.72773e+22	0.00e+00	0.00e+00	0.00e+00	4.88e-31	4.76e-26	7.51e-22	3.59e-18	5.48e-15	3.34e-12	8.95e-10	1.36e-07	1.68e-05	4.50e-03	1.16e-01	8.80e-01
 1.75043e+22	0.00e+00	0.00e+00	0.00e+00	6.84e-31	6.47e-26	9.89e-22	4.59e-18	6.78e-15	4.00e-12	1.04e-09	1.54e-07	1.84e-05	4.77e-03	1.19e-01	8.76e-01
 1.77643e+22	0.00e+00	0.00e+00	0.00e+00	1.04e-30	9.44e-26	1.39e-21	6.20e-18	8.82e-15	5.01e-12	1.25e-09	1.78e-07	2.05e-05	5.12e-03	1.23e-01	8.72e-01
 1.80410e+22	0.00e+00	0.00e+00	0.00e+00	1.55e-30	1.36e-25	1.93e-21	8.30e-18	1.14e-14	6.23e-12	1.50e-09	2.05e-07	2.28e-05	5.49e-03	1.27e-01	8.68e-01
 1.82895e+22	0.00e+00	0.00e+00	0.00e+00	2.25e-30	1.91e-25	2.62e-21	1.09e-17	1.44e-14	7.61e-12	1.77e-09	2.35e-07	2.52e-05	5.85e-03	1.31e-01	8.63e-01
 1.85628e+22	0.00e+00	0.00e+00	0.00e+00	3.50e-30	2.85e-25	3.75e-21	1.50e-17	1.90e-14	9.64e-12	2.16e-09	2.74e-07	2.83e-05	6.31e-03	1.35e-01	8.58e-01
 1.88361e+22	0.00e+00	0.00e+00	0.00e+00	5.15e-30	4.06e-25	5.15e-21	1.98e-17	2.43e-14	1.19e-11	2.56e-09	3.15e-07	3.13e-05	6.74e-03	1.40e-01	8.54e-01
 1.90611e+22	0.00e+00	0.00e+00	0.00e+00	7.21e-30	5.50e-25	6.77e-21	2.53e-17	3.00e-14	1.43e-11	2.98e-09	3.55e-07	3.42e-05	7.14e-03	1.43e-01	8.50e-01
 1.93052e+22	0.00e+00	0.00e+00	0.00e+00	1.07e-29	7.85e-25	9.32e-21	3.35e-17	3.85e-14	1.76e-11	3.55e-09	4.07e-07	3.79e-05	7.63e-03	1.48e-01	8.45e-01
 1.95706e+22	0.00e+00	0.00e+00	0.00e+00	1.59e-29	1.13e-24	1.29e-20	4.48e-17	4.94e-14	2.18e-11	4.24e-09	4.69e-07	4.20e-05	8.16e-03	1.52e-01	8.40e-01
 1.98152e+22	0.00e+00	0.00e+00	4.22e-34	2.26e-29	1.56e-24	1.72e-20	5.79e-17	6.19e-14	2.64e-11	4.96e-09	5.32e-07	4.61e-05	8.67e-03	1.56e-01	8.35e-01
 2.00847e+22	0.00e+00	0.00e+00	6.75e-34	3.48e-29	2.30e-24	2.45e-20	7.91e-17	8.12e-14	3.33e-11	6.01e-09	6.19e-07	5.16e-05	9.32e-03	1.62e-01	8.29e-01
 2.03559e+22	0.00e+00	0.00e+00	1.03e-33	5.13e-29	3.27e-24	3.36e-20	1.05e-16	1.04e-13	4.10e-11	7.15e-09	7.10e-07	5.71e-05	9.95e-03	1.67e-01	8.23e-01
 2.05813e+22	0.00e+00	0.00e+00	1.49e-33	7.20e-29	4.46e-24	4.44e-20	1.34e-16	1.29e-13	4.93e-11	8.32e-09	8.01e-07	6.24e-05	1.05e-02	1.71e-01	8.19e-01
 2.08261e+22	0.00e+00	0.00e+00	2.29e-33	1.07e-28	6.38e-24	6.12e-20	1.78e-16	1.65e-13	6.09e-11	9.92e-09	9.20e-07	6.92e-05	1.13e-02	1.76e-01	8.13e-01
 2.10904e+22	0.00e+00	0.00e+00	3.49e-33	1.57e-28	9.07e-24	8.40e-20	2.36e-16	2.11e-13	7.51e-11	1.18e-08	1.06e-06	7.65e-05	1.20e-02	1.81e-01	8.07e-01
 2.13351e+22	0.00e+00	0.00e+00	5.22e-33	2.27e-28	1.27e-23	1.13e-19	3.08e-16	2.66e-13	9.15e-11	1.39e-08	1.20e-06	8.42e-05	1.28e-02	1.86e-01	8.01e-01
 2.16082e+22	0.00e+00	0.00e+00	8.49e-33	3.55e-28	1.90e-23	1.63e-19	4.26e-16	3.52e-13	1.16e-10	1.69e-08	1.41e-06	9.45e-05	1.38e-02	1.92e-01	7.94e-01
 2.18787e+22	0.00e+00	0.00e+00	1.30e-32	5.24e-28	2.71e-23	2.25e-19	5.64e-16	4.51e-13	1.44e-10	2.02e-08	1.61e-06	1.05e-04	1.47e-02	1.98e-01	7.87e-01
 2.20982e+22	0.00e+00	0.00e+00	1.87e-32	7.33e-28	3.68e-23	2.95e-19	7.20e-16	5.57e-13	1.72e-10	2.34e-08	1.82e-06	1.14e-04	1.55e-02	2.03e-01	7.82e-01
 2.23361e+22	0.00e+00	0.00e+00	2.88e-32	1.09e-27	5.26e-23	4.08e-19	9.57e-16	7.15e-13	2.13e-10	2.79e-08	2.09e-06	1.26e-04	1.66e-02	2.08e-01	7.75e-01
 2.25930e+22	0.00e+00	0.00e+00	4.32e-32	1.58e-27	7.39e-23	5.53e-19	1.25e-15	9.05e-13	2.60e-10	3.30e-08	2.38e-06	1.39e-04	1.76e-02	2.14e-01	7.68e-01
 2.28357e+22	0.00e+00	0.00e+00	6.57e-32	2.31e-27	1.05e-22	7.56e-19	1.66e-15	1.15e-12	3.20e-10	3.92e-08	2.73e-06	1.54e-04	1.88e-02	2.20e-01	7.61e-01
 2.30717e+22	0.00e+00	0.00e+00	9.72e-32	3.31e-27	1.45e-22	1.01e-18	2.15e-15	1.45e-12	3.89e-10	4.60e-08	3.09e-06	1.68e-04	1.99e-02	2.25e-01	7.55e-01
 2.32974e+22	0.00e+00	0.00e+00	1.42e-31	4.70e-27	1.99e-22	1.35e-18	2.77e-15	1.80e-12	4.69e-10	5.37e-08	3.50e-06	1.84e-04	2.11e-02	2.31e-01	7.48e-01
 2.35165e+22	0.00e+00	0.00e+00	2.07e-31	6.60e-27	2.72e-22	1.78e-18	3.54e-15	2.24e-12	5.64e-10	6.26e-08	3.94e-06	2.01e-04	2.23e-02	2.36e-01	7.41e-01
 2.37677e+22	0.00e+00	0.00e+00	3.26e-31	1.00e-26	3.97e-22	2.51e-18	4.79e-15	2.91e-12	7.07e-10	7.54e-08	4.57e-06	2.24e-04	2.38e-02	2.43e-01	7.33e-01
 2.40294e+22	0.00e+00	0.00e+00	5.04e-31	1.49e-26	5.70e-22	3.47e-18	6.39e-15	3.75e-12	8.76e-10	9.01e-08	5.25e-06	2.48e-04	2.54e-02	2.50e-01	7.25e-01
 2.42574e+22	0.00e+00	0.00e+00	7.46e-31	2.13e-26	7.90e-22	4.65e-18	8.29e-15	4.70e-12	1.06e-09	1.06e-07	5.95e-06	2.72e-04	2.69e-02	2.56e-01	7.17e-01
 2.45067e+22	0.00e+00	0.00e+00	1.20e-30	3.28e-26	1.17e-21	6.61e-18	1.13e-14	6.18e-12	1.34e-09	1.28e-07	6.93e-06	3.04e-04	2.88e-02	2.63e-01	7.08e-01
 2.47573e+22	0.00e+00	0.00e+00	1.80e-30	4.76e-26	1.64e-21	8.97e-18	1.49e-14	7.82e-12	1.64e-09	1.52e-07	7.90e-06	3.34e-04	3.06e-02	2.69e-01	7.00e-01
 2.49673e+22	0.00e+00	0.00e+00	2.61e-30	6.67e-26	2.23e-21	1.18e-17	1.90e-14	9.68e-12	1.97e-09	1.77e-07	8.90e-06	3.64e-04	3.23e-02	2.75e-01	6.92e-01
 2.51978e+22	0.00e+00	0.00e+00	4.08e-30	1.00e-25	3.24e-21	1.65e-17	2.55e-14	1.25e-11	2.46e-09	2.12e-07	1.03e-05	4.04e-04	3.45e-02	2.82e-01	6.83e-01
 2.54392e+22	0.00e+00	0.00e+00	6.10e-30	1.44e-25	4.51e-21	2.23e-17	3.32e-14	1.58e-11	3.00e-09	2.50e-07	1.17e-05	4.44e-04	3.65e-02	2.89e-01	6.74e-01
 2.56593e+22	0.00e+00	0.00e+00	9.04e-30	2.07e-25	6.26e-21	2.98e-17	4.31e-14	1.98e-11	3.65e-09	2.93e-07	1.32e-05	4.86e-04	3.86e-02	2.95e-01	6.66e-01
 2.59100e+22	0.00e+00	0.00e+00	1.49e-29	3.25e-25	9.46e-21	4.33e-17	6.00e-14	2.64e-11	4.66e-09	3.60e-07	1.55e-05	5.45e-04	4.15e-02	3.03e-01	6.55e-01
 2.61540e+22	0.00e+00	1.38e-34	1.60e-29	3.38e-25	1.31e-20	5.81e-17	7.79e-14	3.32e-11	5.68e-09	4.23e-07	1.76e-05	5.97e-04	4.39e-02	3.09e-01	6.46e-01
 2.63523e+22	0.00e+00	2.03e-34	2.28e-29	4.65e-25	1.76e-20	7.55e-17	9.83e-14	4.07e-11	6.75e-09	4.89e-07	1.97e-05	6.48e-04	4.61e-02	3.15e-01	6.38e-01
 2.65732e+22	0.00e+00	3.30e-34	3.57e-29	6.97e-25	2.54e-20	1.05e-16	1.32e-13	5.27e-11	8.42e-09	5.87e-07	2.27e-05	7.17e-04	4.91e-02	3.23e-01	6.28e-01
 2.68029e+22	0.00e+00	5.09e-34	5.30e-29	9.98e-25	3.53e-20	1.41e-16	1.71e-13	6.62e-11	1.02e-08	6.90e-07	2.57e-05	7.85e-04	5.18e-02	3.29e-01	6.18e-01
 2.70098e+22	0.00e+00	7.82e-34	7.85e-29	1.42e-24	4.88e-20	1.89e-16	2.22e-13	8.29e-11	1.24e-08	8.10e-07	2.92e-05	8.59e-04	5.47e-02	3.35e-01	6.09e-01
 2.72128e+22	0.00e+00	1.18e-33	1.15e-28	2.01e-24	6.68e-20	2.51e-16	2.85e-13	1.03e-10	1.50e-08	9.46e-07	3.29e-05	9.36e-04	5.77e-02	3.42e-01	6.00e-01
 2.74451e+22	0.00e+00	1.99e-33	1.85e-28	3.09e-24	9.89e-20	3.57e-16	3.90e-13	1.36e-10	1.90e-08	1.15e-06	3.82e-05	1.04e-03	6.15e-02	3.49e-01	5.88e-01
 2.76771e+22	0.00e+00	3.11e-33	2.77e-28	4.46e-24	1.38e-19	4.82e-16	5.09e-13	1.71e-10	2.32e-08	1.36e-06	4.35e-05	1.14e-03	6.50e-02	3.56e-01	5.78e-01
 2.78693e+22	0.00e+00	4.56e-33	3.94e-28	6.13e-24	1.85e-19	6.26e-16	6.41e-13	2.10e-10	2.76e-08	1.57e-06	4.85e-05	1.24e-03	6.82e-02	3.62e-01	5.69e-01
 2.80797e+22	0.00e+00	7.41e-33	6.14e-28	9.14e-24	2.66e-19	8.69e-16	8.58e-13	2.70e-10	3.43e-08	1.88e-06	5.58e-05	1.37e-03	7.23e-02	3.69e-01	5.58e-01
 2.82987e+22	0.00e+00	1.12e-32	8.97e-28	1.29e-23	3.64e-19	1.15e-15	1.10e-12	3.36e-10	4.13e-08	2.19e-06	6.29e-05	1.49e-03	7.61e-02	3.75e-01	5.48e-01
 2.85288e+22	0.00e+00	1.92e-32	1.46e-27	2.00e-23	5.45e-19	1.65e-15	1.52e-12	4.46e-10	5.26e-08	2.68e-06	7.33e-05	1.66e-03	8.11e-02	3.82e-01	5.35e-01
 2.87591e+22	0.00e+00	3.02e-32	2.21e-27	2.90e-23	7.65e-19	2.24e-15	1.99e-12	5.65e-10	6.45e-08	3.17e-06	8.35e-05	1.82e-03	8.56e-02	3.89e-01	5.24e-01
 2.89476e+22	0.00e+00	4.41e-32	3.12e-27	3.96e-23	1.02e-18	2.90e-15	2.50e-12	6.89e-10	7.65e-08	3.65e-06	9.30e-05	1.96e-03	8.95e-02	3.94e-01	5.15e-01
 2.91507e+22	0.00e+00	6.99e-32	4.76e-27	5.79e-23	1.44e-18	3.96e-15	3.30e-12	8.77e-10	9.41e-08	4.33e-06	1.06e-04	2.15e-03	9.45e-02	4.00e-01	5.03e-01
 2.93679e+22	0.00e+00	1.10e-31	7.16e-27	8.37e-23	2.01e-18	5.36e-15	4.31e-12	1.11e-09	1.15e-07	5.11e-06	1.21e-04	2.35e-03	9.95e-02	4.06e-01	4.92e-01
 2.95661e+22	0.00e+00	1.65e-31	1.04e-26	1.17e-22	2.73e-18	7.05e-15	5.51e-12	1.37e-09	1.38e-07	5.95e-06	1.35e-04	2.55e-03	1.04e-01	4.11e-01	4.82e-01
 2.97866e+22	0.00e+00	2.77e-31	1.67e-26	1.79e-22	4.03e-18	1.00e-14	7.51e-12	1.80e-09	1.75e-07	7.21e-06	1.57e-04	2.83e-03	1.11e-01	4.18e-01	4.69e-01
 3.00076e+22	0.00e+00	4.27e-31	2.47e-26	2.55e-22	5.57e-18	1.34e-14	9.73e-12	2.26e-09	2.12e-07	8.47e-06	1.77e-04	3.08e-03	1.16e-01	4.23e-01	4.58e-01
 3.01966e+22	0.00e+00	6.41e-31	3.58e-26	3.55e-22	7.55e-18	1.76e-14	1.24e-11	2.79e-09	2.55e-07	9.84e-06	1.99e-04	3.34e-03	1.22e-01	4.27e-01	4.47e-01
 3.04094e+22	0.00e+00	1.06e-30	5.64e-26	5.34e-22	1.10e-17	2.47e-14	1.67e-11	3.62e-09	3.19e-07	1.18e-05	2.29e-04	3.68e-03	1.28e-01	4.33e-01	4.35e-01
 3.06260e+22	0.00e+00	1.61e-30	8.28e-26	7.54e-22	1.51e-17	3.28e-14	2.15e-11	4.52e-09	3.85e-07	1.38e-05	2.57e-04	4.00e-03	1.34e-01	4.37e-01	4.24e-01
 3.08169e+22	0.00e+00	2.44e-30	1.21e-25	1.06e-21	2.05e-17	4.33e-14	2.76e-11	5.61e-09	4.64e-07	1.61e-05	2.89e-04	4.33e-03	1.41e-01	4.42e-01	4.13e-01
 3.10348e+22	0.00e+00	3.35e-30	1.58e-25	1.60e-21	3.00e-17	6.10e-14	3.74e-11	7.32e-09	5.83e-07	1.95e-05	3.33e-04	4.78e-03	1.48e-01	4.46e-01	4.00e-01
 3.12601e+22	0.00e+00	5.36e-30	2.42e-25	2.34e-21	4.25e-17	8.35e-14	4.94e-11	9.34e-09	7.19e-07	2.32e-05	3.80e-04	5.22e-03	1.56e-01	4.50e-01	3.88e-01
 3.14580e+22	0.00e+00	8.14e-30	3.54e-25	3.28e-21	5.81e-17	1.11e-13	6.34e-11	1.16e-08	8.67e-07	2.70e-05	4.27e-04	5.66e-03	1.63e-01	4.54e-01	3.77e-01
 3.16780e+22	0.00e+00	1.36e-29	5.65e-25	5.00e-21	8.53e-17	1.56e-13	8.62e-11	1.52e-08	1.09e-06	3.26e-05	4.92e-04	6.24e-03	1.72e-01	4.58e-01	3.64e-01
 3.18947e+22	0.00e+00	2.05e-29	8.19e-25	6.96e-21	1.16e-16	2.06e-13	1.10e-10	1.88e-08	1.31e-06	3.79e-05	5.51e-04	6.73e-03	1.79e-01	4.60e-01	3.54e-01
 3.20764e+22	0.00e+00	3.04e-29	1.17e-24	9.55e-21	1.55e-16	2.67e-13	1.39e-10	2.30e-08	1.56e-06	4.38e-05	6.14e-04	7.24e-03	1.86e-01	4.62e-01	3.44e-01
 3.22824e+22	0.00e+00	5.12e-29	1.87e-24	1.45e-20	2.28e-16	3.79e-13	1.89e-10	3.02e-08	1.97e-06	5.31e-05	7.09e-04	7.98e-03	1.96e-01	4.65e-01	3.30e-01
 3.24861e+22	0.00e+00	7.49e-29	2.64e-24	1.97e-20	3.02e-16	4.88e-13	2.37e-10	3.68e-08	2.34e-06	6.10e-05	7.87e-04	8.56e-03	2.03e-01	4.67e-01	3.21e-01
 3.26522e+22	0.00e+00	1.07e-28	3.65e-24	2.63e-20	3.94e-16	6.21e-13	2.94e-10	4.44e-08	2.74e-06	6.96e-05	8.69e-04	9.14e-03	2.10e-01	4.68e-01	3.12e-01
 3.28070e+22	0.00e+00	1.51e-28	4.98e-24	3.46e-20	5.07e-16	7.80e-13	3.60e-10	5.30e-08	3.20e-06	7.89e-05	9.54e-04	9.73e-03	2.17e-01	4.69e-01	3.03e-01
 3.29488e+22	0.00e+00	2.06e-28	6.57e-24	4.42e-20	6.36e-16	9.58e-13	4.32e-10	6.22e-08	3.67e-06	8.84e-05	1.04e-03	1.03e-02	2.23e-01	4.70e-01	2.96e-01
 3.30790e+22	0.00e+00	2.69e-28	8.39e-24	5.50e-20	7.77e-16	1.15e-12	5.08e-10	7.16e-08	4.14e-06	9.75e-05	1.12e-03	1.08e-02	2.29e-01	4.70e-01	2.89e-01
 3.32270e+22	0.00e+00	3.87e-28	1.16e-23	7.35e-20	1.02e-15	1.46e-12	6.30e-10	8.65e-08	4.87e-06	1.11e-04	1.23e-03	1.15e-02	2.36e-01	4.70e-01	2.80e-01
 3.33796e+22	0.00e+00	5.35e-28	1.56e-23	9.49e-20	1.29e-15	1.81e-12	7.63e-10	1.02e-07	5.63e-06	1.25e-04	1.35e-03	1.22e-02	2.43e-01	4.70e-01	2.73e-01
 3.35073e+22	0.00e+00	7.11e-28	2.01e-23	1.19e-19	1.59e-15	2.19e-12	9.03e-10	1.19e-07	6.40e-06	1.39e-04	1.45e-03	1.29e-02	2.50e-01	4.70e-01	2.66e-01
 3.36234e+22	0.00e+00	9.08e-28	2.51e-23	1.45e-19	1.90e-15	2.58e-12	1.04e-09	1.35e-07	7.13e-06	1.52e-04	1.55e-03	1.34e-02	2.55e-01	4.70e-01	2.60e-01
 3.37555e+22	0.00e+00	1.26e-27	3.38e-23	1.88e-19	2.43e-15	3.22e-12	1.27e-09	1.60e-07	8.28e-06	1.72e-04	1.70e-03	1.42e-02	2.62e-01	4.69e-01	2.52e-01
 3.38925e+22	0.00e+00	1.70e-27	4.40e-23	2.37e-19	3.01e-15	3.92e-12	1.52e-09	1.87e-07	9.45e-06	1.92e-04	1.84e-03	1.50e-02	2.69e-01	4.69e-01	2.45e-01
 3.40145e+22	0.00e+00	2.25e-27	5.66e-23	2.96e-19	3.70e-15	4.72e-12	1.79e-09	2.16e-07	1.07e-05	2.12e-04	1.99e-03	1.57e-02	2.75e-01	4.68e-01	2.39e-01
 3.41517e+22	0.00e+00	3.18e-27	7.72e-23	3.89e-19	4.77e-15	5.95e-12	2.20e-09	2.59e-07	1.25e-05	2.41e-04	2.18e-03	1.67e-02	2.84e-01	4.67e-01	2.31e-01
 3.42859e+22	0.00e+00	4.16e-27	9.83e-23	4.81e-19	5.82e-15	7.11e-12	2.58e-09	2.97e-07	1.41e-05	2.66e-04	2.35e-03	1.75e-02	2.90e-01	4.65e-01	2.25e-01
 3.43980e+22	0.00e+00	5.44e-27	1.25e-22	5.92e-19	7.07e-15	8.49e-12	3.03e-09	3.42e-07	1.59e-05	2.94e-04	2.52e-03	1.84e-02	2.96e-01	4.64e-01	2.19e-01
 3.45085e+22	0.00e+00	7.06e-27	1.58e-22	7.26e-19	8.56e-15	1.01e-11	3.54e-09	3.92e-07	1.79e-05	3.24e-04	2.71e-03	1.92e-02	3.02e-01	4.63e-01	2.13e-01
 3.46352e+22	0.00e+00	9.78e-27	2.11e-22	9.35e-19	1.08e-14	1.25e-11	4.30e-09	4.65e-07	2.08e-05	3.65e-04	2.95e-03	2.03e-02	3.10e-01	4.61e-01	2.06e-01
 3.47649e+22	0.00e+00	1.31e-26	2.73e-22	1.17e-18	1.34e-14	1.52e-11	5.11e-09	5.41e-07	2.37e-05	4.06e-04	3.19e-03	2.13e-02	3.17e-01	4.58e-01	1.99e-01
 3.48769e+22	0.00e+00	1.69e-26	3.43e-22	1.43e-18	1.62e-14	1.81e-11	5.96e-09	6.19e-07	2.66e-05	4.46e-04	3.42e-03	2.23e-02	3.23e-01	4.56e-01	1.94e-01
 3.50009e+22	0.00e+00	2.35e-26	4.61e-22	1.85e-18	2.06e-14	2.25e-11	7.26e-09	7.36e-07	3.09e-05	5.05e-04	3.74e-03	2.36e-02	3.32e-01	4.54e-01	1.87e-01
 3.51212e+22	0.00e+00	3.01e-26	5.73e-22	2.23e-18	2.46e-14	2.65e-11	8.41e-09	8.37e-07	3.46e-05	5.52e-04	4.00e-03	2.45e-02	3.38e-01	4.51e-01	1.82e-01
 3.52368e+22	0.00e+00	4.21e-26	7.70e-22	2.88e-18	3.13e-14	3.31e-11	1.03e-08	9.99e-07	4.03e-05	6.26e-04	4.38e-03	2.60e-02	3.46e-01	4.48e-01	1.75e-01
 3.53496e+22	0.00e+00	5.29e-26	9.44e-22	3.43e-18	3.70e-14	3.86e-11	1.18e-08	1.13e-06	4.48e-05	6.82e-04	4.66e-03	2.70e-02	3.52e-01	4.46e-01	1.70e-01
 3.54586e+22	0.00e+00	7.13e-26	1.23e-21	4.31e-18	4.60e-14	4.71e-11	1.41e-08	1.32e-06	5.13e-05	7.62e-04	5.05e-03	2.84e-02	3.59e-01	4.42e-01	1.64e-01
 3.55725e+22	0.00e+00	9.33e-26	1.56e-21	5.28e-18	5.58e-14	5.63e-11	1.66e-08	1.52e-06	5.80e-05	8.42e-04	5.43e-03	2.96e-02	3.66e-01	4.39e-01	1.59e-01
 3.56751e+22	0.00e+00	1.20e-25	1.95e-21	6.40e-18	6.71e-14	6.67e-11	1.94e-08	1.74e-06	6.52e-05	9.26e-04	5.81e-03	3.09e-02	3.72e-01	4.36e-01	1.54e-01
 3.57909e+22	0.00e+00	1.69e-25	2.62e-21	8.24e-18	8.56e-14	8.36e-11	2.37e-08	2.08e-06	7.62e-05	1.05e-03	6.37e-03	3.27e-02	3.81e-01	4.31e-01	1.48e-01
 3.59057e+22	0.00e+00	2.16e-25	3.26e-21	9.93e-18	1.02e-13	9.86e-11	2.76e-08	2.38e-06	8.54e-05	1.15e-03	6.81e-03	3.40e-02	3.87e-01	4.28e-01	1.43e-01
 3.60192e+22	0.00e+00	3.03e-25	4.38e-21	1.28e-17	1.30e-13	1.24e-10	3.39e-08	2.85e-06	9.99e-05	1.31e-03	7.46e-03	3.59e-02	3.95e-01	4.23e-01	1.37e-01
 3.61324e+22	0.00e+00	3.88e-25	5.44e-21	1.53e-17	1.56e-13	1.46e-10	3.94e-08	3.25e-06	1.12e-04	1.44e-03	7.98e-03	3.74e-02	4.02e-01	4.19e-01	1.32e-01
 3.62453e+22	0.00e+00	5.47e-25	7.33e-21	1.97e-17	1.99e-13	1.84e-10	4.86e-08	3.91e-06	1.32e-04	1.64e-03	8.76e-03	3.95e-02	4.10e-01	4.14e-01	1.26e-01
 3.63582e+22	0.00e+00	7.02e-25	9.13e-21	2.38e-17	2.39e-13	2.17e-10	5.66e-08	4.48e-06	1.48e-04	1.80e-03	9.37e-03	4.11e-02	4.16e-01	4.09e-01	1.22e-01
 3.64710e+22	0.00e+00	9.95e-25	1.23e-20	3.06e-17	3.07e-13	2.75e-10	7.02e-08	5.42e-06	1.74e-04	2.06e-03	1.03e-02	4.35e-02	4.25e-01	4.03e-01	1.16e-01
 3.65842e+22	0.00e+00	1.28e-24	1.54e-20	3.68e-17	3.69e-13	3.27e-10	8.22e-08	6.22e-06	1.96e-04	2.26e-03	1.10e-02	4.53e-02	4.31e-01	3.98e-01	1.12e-01
 3.66978e+22	0.00e+00	1.82e-24	2.08e-20	4.73e-17	4.73e-13	4.13e-10	1.02e-07	7.52e-06	2.31e-04	2.58e-03	1.21e-02	4.78e-02	4.39e-01	3.92e-01	1.06e-01
 3.68076e+22	0.00e+00	2.31e-24	2.56e-20	5.63e-17	5.63e-13	4.87e-10	1.19e-07	8.59e-06	2.60e-04	2.84e-03	1.30e-02	4.97e-02	4.45e-01	3.87e-01	1.02e-01
 3.69123e+22	0.00e+00	3.19e-24	3.37e-20	7.07e-17	7.09e-13	6.05e-10	1.45e-07	1.03e-05	3.03e-04	3.21e-03	1.42e-02	5.22e-02	4.53e-01	3.80e-01	9.72e-02
 3.70188e+22	0.00e+00	4.11e-24	4.20e-20	8.48e-17	8.51e-13	7.20e-10	1.70e-07	1.18e-05	3.42e-04	3.54e-03	1.52e-02	5.43e-02	4.58e-01	3.75e-01	9.33e-02
 3.71278e+22	0.00e+00	5.74e-24	5.58e-20	1.07e-16	1.08e-12	9.05e-10	2.10e-07	1.42e-05	4.01e-04	4.02e-03	1.66e-02	5.72e-02	4.66e-01	3.68e-01	8.83e-02
 3.72385e+22	0.00e+00	7.48e-24	7.00e-20	1.29e-16	1.31e-12	1.09e-09	2.48e-07	1.65e-05	4.55e-04	4.45e-03	1.79e-02	5.96e-02	4.72e-01	3.62e-01	8.44e-02
 3.73515e+22	0.00e+00	1.06e-23	9.38e-20	1.64e-16	1.68e-12	1.38e-09	3.10e-07	2.00e-05	5.38e-04	5.09e-03	1.96e-02	6.28e-02	4.79e-01	3.54e-01	7.95e-02
 3.74654e+22	3.32e-35	1.38e-23	1.18e-19	1.97e-16	2.03e-12	1.66e-09	3.67e-07	2.32e-05	6.12e-04	5.64e-03	2.11e-02	6.54e-02	4.84e-01	3.47e-01	7.59e-02
 3.75803e+22	5.07e-35	1.95e-23	1.58e-19	2.50e-16	2.61e-12	2.11e-09	4.60e-07	2.83e-05	7.25e-04	6.46e-03	2.32e-02	6.89e-02	4.91e-01	3.38e-01	7.12e-02
 3.76926e+22	6.84e-35	2.50e-23	1.95e-19	2.97e-16	3.12e-12	2.50e-09	5.39e-07	3.26e-05	8.17e-04	7.11e-03	2.49e-02	7.15e-02	4.96e-01	3.32e-01	6.80e-02
 3.78013e+22	1.02e-34	3.45e-23	2.56e-19	3.69e-16	3.94e-12	3.14e-09	6.66e-07	3.93e-05	9.58e-04	8.07e-03	2.72e-02	7.50e-02	5.01e-01	3.24e-01	6.38e-02
 3.79121e+22	1.38e-34	4.44e-23	3.16e-19	4.38e-16	4.73e-12	3.75e-09	7.85e-07	4.53e-05	1.08e-03	8.89e-03	2.91e-02	7.78e-02	5.05e-01	3.17e-01	6.08e-02
 3.80254e+22	2.05e-34	6.16e-23	4.16e-19	5.46e-16	6.00e-12	4.72e-09	9.74e-07	5.48e-05	1.27e-03	1.01e-02	3.18e-02	8.16e-02	5.11e-01	3.08e-01	5.68e-02
 3.81385e+22	2.76e-34	7.85e-23	5.10e-19	6.42e-16	7.15e-12	5.60e-09	1.14e-06	6.30e-05	1.43e-03	1.11e-02	3.39e-02	8.44e-02	5.14e-01	3.01e-01	5.40e-02
 3.82515e+22	4.07e-34	1.08e-22	6.65e-19	7.93e-16	9.01e-12	7.02e-09	1.41e-06	7.59e-05	1.67e-03	1.26e-02	3.70e-02	8.83e-02	5.18e-01	2.92e-01	5.04e-02
 3.83661e+22	5.44e-34	1.37e-22	8.13e-19	9.31e-16	1.07e-11	8.32e-09	1.65e-06	8.71e-05	1.88e-03	1.38e-02	3.94e-02	9.13e-02	5.21e-01	2.85e-01	4.79e-02
 3.84829e+22	7.98e-34	1.88e-22	1.06e-18	1.15e-15	1.35e-11	1.04e-08	2.04e-06	1.05e-04	2.20e-03	1.55e-02	4.29e-02	9.54e-02	5.24e-01	2.76e-01	4.45e-02
 3.86023e+22	1.07e-33	2.39e-22	1.30e-18	1.35e-15	1.61e-11	1.24e-08	2.39e-06	1.21e-04	2.47e-03	1.70e-02	4.57e-02	9.85e-02	5.26e-01	2.69e-01	4.21e-02
 3.87251e+22	1.57e-33	3.28e-22	1.68e-18	1.66e-15	2.02e-11	1.55e-08	2.95e-06	1.45e-04	2.88e-03	1.92e-02	4.97e-02	1.03e-01	5.27e-01	2.59e-01	3.91e-02
 3.88516e+22	2.12e-33	4.21e-22	2.08e-18	1.95e-15	2.43e-11	1.85e-08	3.48e-06	1.67e-04	3.25e-03	2.11e-02	5.30e-02	1.06e-01	5.28e-01	2.51e-01	3.67e-02
 3.89640e+22	2.83e-33	5.35e-22	2.53e-18	2.29e-15	2.88e-11	2.19e-08	4.08e-06	1.92e-04	3.64e-03	2.31e-02	5.63e-02	1.09e-01	5.29e-01	2.44e-01	3.46e-02
 3.90911e+22	4.09e-33	7.24e-22	3.26e-18	2.79e-15	3.59e-11	2.72e-08	4.98e-06	2.29e-04	4.22e-03	2.59e-02	6.08e-02	1.13e-01	5.29e-01	2.35e-01	3.20e-02
 3.92197e+22	5.42e-33	9.16e-22	3.97e-18	3.25e-15	4.26e-11	3.21e-08	5.82e-06	2.62e-04	4.71e-03	2.82e-02	6.45e-02	1.17e-01	5.28e-01	2.27e-01	3.01e-02
 3.93502e+22	7.77e-33	1.23e-21	5.09e-18	3.96e-15	5.28e-11	3.96e-08	7.08e-06	3.12e-04	5.43e-03	3.15e-02	6.94e-02	1.21e-01	5.27e-01	2.18e-01	2.78e-02
 3.94846e+22	1.04e-32	1.57e-21	6.21e-18	4.63e-15	6.28e-11	4.69e-08	8.29e-06	3.58e-04	6.08e-03	3.43e-02	7.35e-02	1.24e-01	5.25e-01	2.10e-01	2.60e-02
 3.96051e+22	1.37e-32	1.98e-21	7.55e-18	5.40e-15	7.42e-11	5.52e-08	9.65e-06	4.09e-04	6.77e-03	3.73e-02	7.77e-02	1.27e-01	5.23e-01	2.03e-01	2.43e-02
 3.97432e+22	1.96e-32	2.67e-21	9.67e-18	6.56e-15	9.17e-11	6.80e-08	1.17e-05	4.84e-04	7.78e-03	4.14e-02	8.33e-02	1.31e-01	5.20e-01	1.94e-01	2.23e-02
 3.98820e+22	2.58e-32	3.35e-21	1.17e-17	7.62e-15	1.08e-10	7.96e-08	1.36e-05	5.50e-04	8.63e-03	4.48e-02	8.77e-02	1.34e-01	5.17e-01	1.87e-01	2.09e-02
 4.00219e+22	3.66e-32	4.49e-21	1.49e-17	9.22e-15	1.33e-10	9.75e-08	1.64e-05	6.49e-04	9.86e-03	4.96e-02	9.36e-02	1.38e-01	5.12e-01	1.78e-01	1.91e-02
 4.01641e+22	4.79e-32	5.64e-21	1.80e-17	1.07e-14	1.56e-10	1.14e-07	1.89e-05	7.35e-04	1.09e-02	5.35e-02	9.83e-02	1.41e-01	5.07e-01	1.71e-01	1.78e-02
 4.02869e+22	6.18e-32	6.97e-21	2.16e-17	1.23e-14	1.80e-10	1.32e-07	2.16e-05	8.27e-04	1.20e-02	5.74e-02	1.03e-01	1.43e-01	5.03e-01	1.65e-01	1.66e-02
 4.04240e+22	8.54e-32	9.16e-21	2.71e-17	1.48e-14	2.18e-10	1.58e-07	2.57e-05	9.60e-04	1.35e-02	6.28e-02	1.09e-01	1.46e-01	4.96e-01	1.56e-01	1.53e-02
 4.05615e+22	1.09e-31	1.13e-20	3.22e-17	1.69e-14	2.52e-10	1.82e-07	2.92e-05	1.07e-03	1.48e-02	6.71e-02	1.13e-01	1.48e-01	4.91e-01	1.50e-01	1.42e-02
 4.06993e+22	1.50e-31	1.47e-20	4.03e-17	2.02e-14	3.02e-10	2.17e-07	3.44e-05	1.24e-03	1.65e-02	7.30e-02	1.19e-01	1.51e-01	4.83e-01	1.43e-01	1.30e-02
 4.08394e+22	1.93e-31	1.82e-20	4.80e-17	2.32e-14	3.48e-10	2.49e-07	3.92e-05	1.39e-03	1.81e-02	7.80e-02	1.24e-01	1.53e-01	4.76e-01	1.37e-01	1.21e-02
 4.09824e+22	2.66e-31	2.38e-20	6.03e-17	2.77e-14	4.18e-10	2.98e-07	4.63e-05	1.60e-03	2.03e-02	8.48e-02	1.31e-01	1.56e-01	4.67e-01	1.29e-01	1.10e-02
 4.11264e+22	3.39e-31	2.93e-20	7.17e-17	3.19e-14	4.80e-10	3.40e-07	5.23e-05	1.78e-03	2.20e-02	9.00e-02	1.35e-01	1.57e-01	4.60e-01	1.23e-01	1.02e-02
 4.12717e+22	4.67e-31	3.84e-20	8.99e-17	3.81e-14	5.73e-10	4.05e-07	6.15e-05	2.05e-03	2.46e-02	9.75e-02	1.42e-01	1.59e-01	4.50e-01	1.16e-01	9.27e-03
 4.14138e+22	5.85e-31	4.65e-20	1.06e-16	4.34e-14	6.51e-10	4.57e-07	6.87e-05	2.26e-03	2.65e-02	1.03e-01	1.46e-01	1.60e-01	4.42e-01	1.11e-01	8.66e-03
 4.15514e+22	7.86e-31	5.97e-20	1.30e-16	5.12e-14	7.66e-10	5.35e-07	7.96e-05	2.57e-03	2.92e-02	1.10e-01	1.52e-01	1.62e-01	4.32e-01	1.05e-01	7.87e-03
 4.16918e+22	9.88e-31	7.26e-20	1.54e-16	5.85e-14	8.70e-10	6.05e-07	8.90e-05	2.83e-03	3.15e-02	1.16e-01	1.56e-01	1.62e-01	4.24e-01	9.99e-02	7.31e-03
 4.18358e+22	1.33e-30	9.38e-20	1.91e-16	6.94e-14	1.02e-09	7.08e-07	1.03e-04	3.21e-03	3.47e-02	1.24e-01	1.62e-01	1.63e-01	4.12e-01	9.37e-02	6.62e-03
 4.19824e+22	1.69e-30	1.15e-19	2.26e-16	7.97e-14	1.17e-09	8.01e-07	1.15e-04	3.53e-03	3.73e-02	1.31e-01	1.66e-01	1.64e-01	4.03e-01	8.91e-02	6.12e-03
 4.21324e+22	2.29e-30	1.49e-19	2.82e-16	9.50e-14	1.37e-09	9.38e-07	1.33e-04	4.01e-03	4.10e-02	1.40e-01	1.72e-01	1.64e-01	3.91e-01	8.32e-02	5.51e-03
 4.22853e+22	2.90e-30	1.83e-19	3.36e-16	1.09e-13	1.57e-09	1.06e-06	1.49e-04	4.41e-03	4.41e-02	1.47e-01	1.76e-01	1.64e-01	3.81e-01	7.88e-02	5.07e-03
 4.24417e+22	3.96e-30	2.39e-19	4.21e-16	1.31e-13	1.85e-09	1.24e-06	1.73e-04	5.00e-03	4.84e-02	1.56e-01	1.82e-01	1.63e-01	3.67e-01	7.32e-02	4.54e-03
 4.26014e+22	5.05e-30	2.95e-19	5.05e-16	1.52e-13	2.11e-09	1.41e-06	1.93e-04	5.50e-03	5.20e-02	1.64e-01	1.85e-01	1.63e-01	3.57e-01	6.90e-02	4.16e-03
 4.27655e+22	6.93e-30	3.87e-19	6.36e-16	1.83e-13	2.50e-09	1.65e-06	2.23e-04	6.22e-03	5.69e-02	1.74e-01	1.90e-01	1.62e-01	3.43e-01	6.39e-02	3.70e-03
 4.29345e+22	8.99e-30	4.84e-19	7.70e-16	2.14e-13	2.87e-09	1.88e-06	2.51e-04	6.87e-03	6.12e-02	1.82e-01	1.94e-01	1.61e-01	3.32e-01	5.98e-02	3.36e-03
 4.31101e+22	1.25e-29	6.43e-19	9.82e-16	2.61e-13	3.41e-09	2.21e-06	2.90e-04	7.77e-03	6.70e-02	1.93e-01	1.98e-01	1.59e-01	3.17e-01	5.49e-02	2.96e-03
 4.32805e+22	1.58e-29	7.88e-19	1.17e-15	3.01e-13	3.87e-09	2.48e-06	3.22e-04	8.48e-03	7.13e-02	2.01e-01	2.01e-01	1.58e-01	3.06e-01	5.16e-02	2.71e-03
 4.34440e+22	2.15e-29	1.03e-18	1.47e-15	3.61e-13	4.53e-09	2.88e-06	3.68e-04	9.49e-03	7.73e-02	2.11e-01	2.04e-01	1.55e-01	2.92e-01	4.74e-02	2.40e-03
 4.36109e+22	2.74e-29	1.27e-18	1.76e-15	4.19e-13	5.15e-09	3.24e-06	4.09e-04	1.04e-02	8.22e-02	2.19e-01	2.07e-01	1.53e-01	2.82e-01	4.44e-02	2.18e-03
 4.37822e+22	3.69e-29	1.64e-18	2.20e-15	5.03e-13	6.03e-09	3.74e-06	4.65e-04	1.15e-02	8.85e-02	2.29e-01	2.09e-01	1.51e-01	2.68e-01	4.08e-02	1.93e-03
 4.39633e+22	4.88e-29	2.08e-18	2.70e-15	5.96e-13	6.96e-09	4.27e-06	5.22e-04	1.27e-02	9.47e-02	2.38e-01	2.11e-01	1.48e-01	2.56e-01	3.76e-02	1.72e-03
 4.41299e+22	6.32e-29	2.60e-18	3.27e-15	6.98e-13	7.96e-09	4.83e-06	5.82e-04	1.39e-02	1.01e-01	2.46e-01	2.12e-01	1.45e-01	2.45e-01	3.48e-02	1.55e-03
 4.43190e+22	8.82e-29	3.46e-18	4.19e-15	8.55e-13	9.44e-09	5.64e-06	6.66e-04	1.55e-02	1.09e-01	2.57e-01	2.14e-01	1.42e-01	2.31e-01	3.15e-02	1.35e-03
 4.45179e+22	1.18e-28	4.44e-18	5.20e-15	1.02e-12	1.10e-08	6.45e-06	7.50e-04	1.71e-02	1.16e-01	2.66e-01	2.14e-01	1.38e-01	2.18e-01	2.88e-02	1.19e-03
 4.47295e+22	1.70e-28	6.06e-18	6.80e-15	1.27e-12	1.32e-08	7.62e-06	8.67e-04	1.92e-02	1.25e-01	2.77e-01	2.14e-01	1.33e-01	2.03e-01	2.57e-02	1.01e-03
 4.49358e+22	2.22e-28	7.64e-18	8.32e-15	1.51e-12	1.51e-08	8.63e-06	9.65e-04	2.09e-02	1.33e-01	2.84e-01	2.14e-01	1.30e-01	1.93e-01	2.36e-02	9.00e-04
 4.51351e+22	3.12e-28	1.02e-17	1.07e-14	1.85e-12	1.79e-08	1.01e-05	1.10e-03	2.32e-02	1.42e-01	2.94e-01	2.13e-01	1.25e-01	1.79e-01	2.10e-02	7.70e-04
 4.53365e+22	4.08e-28	1.29e-17	1.31e-14	2.18e-12	2.06e-08	1.13e-05	1.22e-03	2.52e-02	1.50e-01	3.01e-01	2.12e-01	1.21e-01	1.69e-01	1.92e-02	6.81e-04
 4.55407e+22	5.74e-28	1.73e-17	1.68e-14	2.69e-12	2.44e-08	1.32e-05	1.39e-03	2.80e-02	1.60e-01	3.10e-01	2.10e-01	1.16e-01	1.57e-01	1.70e-02	5.79e-04
 4.57476e+22	7.54e-28	2.18e-17	2.07e-14	3.18e-12	2.80e-08	1.49e-05	1.54e-03	3.04e-02	1.68e-01	3.17e-01	2.08e-01	1.12e-01	1.47e-01	1.54e-02	5.08e-04
 4.59582e+22	1.07e-27	2.94e-17	2.67e-14	3.92e-12	3.31e-08	1.73e-05	1.76e-03	3.37e-02	1.79e-01	3.25e-01	2.05e-01	1.07e-01	1.35e-01	1.36e-02	4.27e-04
 4.61715e+22	1.41e-27	3.74e-17	3.29e-14	4.65e-12	3.81e-08	1.96e-05	1.95e-03	3.65e-02	1.88e-01	3.30e-01	2.02e-01	1.03e-01	1.26e-01	1.22e-02	3.72e-04
 4.63881e+22	2.01e-27	5.08e-17	4.28e-14	5.76e-12	4.51e-08	2.28e-05	2.22e-03	4.04e-02	2.00e-01	3.37e-01	1.98e-01	9.71e-02	1.15e-01	1.06e-02	3.08e-04
 4.66062e+22	2.65e-27	6.46e-17	5.26e-14	6.82e-12	5.16e-08	2.56e-05	2.45e-03	4.37e-02	2.09e-01	3.42e-01	1.94e-01	9.28e-02	1.07e-01	9.52e-03	2.67e-04
 4.68262e+22	3.77e-27	8.78e-17	6.85e-14	8.44e-12	6.11e-08	2.97e-05	2.78e-03	4.83e-02	2.21e-01	3.47e-01	1.89e-01	8.73e-02	9.66e-02	8.23e-03	2.20e-04
 4.70498e+22	4.99e-27	1.12e-16	8.46e-14	1.00e-11	7.00e-08	3.35e-05	3.08e-03	5.22e-02	2.31e-01	3.50e-01	1.84e-01	8.30e-02	8.90e-02	7.31e-03	1.88e-04
 4.72782e+22	7.20e-27	1.55e-16	1.11e-13	1.25e-11	8.30e-08	3.90e-05	3.50e-03	5.77e-02	2.43e-01	3.54e-01	1.78e-01	7.74e-02	7.97e-02	6.22e-03	1.52e-04
 4.75073e+22	9.49e-27	1.98e-16	1.37e-13	1.48e-11	9.48e-08	4.37e-05	3.85e-03	6.21e-02	2.53e-01	3.56e-01	1.73e-01	7.33e-02	7.32e-02	5.50e-03	1.30e-04
 4.77375e+22	1.36e-26	2.73e-16	1.80e-13	1.85e-11	1.12e-07	5.07e-05	4.37e-03	6.85e-02	2.66e-01	3.57e-01	1.66e-01	6.80e-02	6.51e-02	4.65e-03	1.04e-04
 4.79594e+22	1.75e-26	3.42e-16	2.18e-13	2.16e-11	1.26e-07	5.62e-05	4.77e-03	7.31e-02	2.75e-01	3.58e-01	1.61e-01	6.44e-02	5.99e-02	4.13e-03	8.93e-05
 4.81708e+22	2.44e-26	4.61e-16	2.81e-13	2.63e-11	1.47e-07	6.42e-05	5.33e-03	7.98e-02	2.86e-01	3.57e-01	1.54e-01	5.98e-02	5.35e-02	3.51e-03	7.24e-05
 4.83805e+22	3.10e-26	5.74e-16	3.38e-13	3.07e-11	1.65e-07	7.10e-05	5.79e-03	8.49e-02	2.95e-01	3.57e-01	1.49e-01	5.65e-02	4.92e-02	3.12e-03	6.21e-05
 4.85882e+22	4.27e-26	7.70e-16	4.33e-13	3.73e-11	1.91e-07	8.07e-05	6.45e-03	9.23e-02	3.06e-01	3.55e-01	1.42e-01	5.23e-02	4.37e-02	2.64e-03	5.01e-05
 4.87991e+22	5.47e-26	9.68e-16	5.26e-13	4.37e-11	2.16e-07	8.93e-05	7.02e-03	9.82e-02	3.14e-01	3.52e-01	1.36e-01	4.92e-02	3.99e-02	2.32e-03	4.25e-05
 4.90142e+22	7.60e-26	1.32e-15	6.80e-13	5.36e-11	2.51e-07	1.02e-04	7.83e-03	1.07e-01	3.25e-01	3.49e-01	1.29e-01	4.52e-02	3.51e-02	1.94e-03	3.38e-05
 4.92324e+22	9.80e-26	1.67e-15	8.33e-13	6.32e-11	2.84e-07	1.13e-04	8.53e-03	1.14e-01	3.34e-01	3.45e-01	1.23e-01	4.22e-02	3.18e-02	1.69e-03	2.83e-05
 4.94548e+22	1.36e-25	2.30e-15	1.09e-12	7.83e-11	3.33e-07	1.29e-04	9.53e-03	1.24e-01	3.44e-01	3.39e-01	1.16e-01	3.85e-02	2.78e-02	1.40e-03	2.22e-05
 4.96830e+22	1.79e-25	2.98e-15	1.35e-12	9.34e-11	3.79e-07	1.45e-04	1.04e-02	1.32e-01	3.52e-01	3.34e-01	1.09e-01	3.56e-02	2.48e-02	1.20e-03	1.82e-05
 4.99188e+22	2.52e-25	4.19e-15	1.80e-12	1.18e-10	4.50e-07	1.67e-04	1.17e-02	1.44e-01	3.62e-01	3.26e-01	1.02e-01	3.21e-02	2.13e-02	9.72e-04	1.40e-05
 5.01584e+22	3.32e-25	5.51e-15	2.27e-12	1.42e-10	5.17e-07	1.87e-04	1.28e-02	1.54e-01	3.70e-01	3.18e-01	9.53e-02	2.95e-02	1.88e-02	8.21e-04	1.13e-05
 5.03991e+22	4.66e-25	7.82e-15	3.04e-12	1.80e-10	6.17e-07	2.17e-04	1.44e-02	1.68e-01	3.79e-01	3.08e-01	8.76e-02	2.64e-02	1.60e-02	6.60e-04	8.56e-06
 5.06417e+22	6.15e-25	1.04e-14	3.86e-12	2.19e-10	7.14e-07	2.44e-04	1.58e-02	1.79e-01	3.85e-01	3.00e-01	8.16e-02	2.41e-02	1.41e-02	5.52e-04	6.83e-06
 5.08796e+22	8.50e-25	1.46e-14	5.16e-12	2.78e-10	8.52e-07	2.81e-04	1.77e-02	1.94e-01	3.91e-01	2.88e-01	7.46e-02	2.15e-02	1.20e-02	4.43e-04	5.19e-06
 5.11199e+22	1.13e-24	1.96e-14	6.61e-12	3.41e-10	9.93e-07	3.18e-04	1.94e-02	2.07e-01	3.96e-01	2.78e-01	6.89e-02	1.94e-02	1.04e-02	3.67e-04	4.09e-06
 5.13290e+22	1.44e-24	2.54e-14	8.25e-12	4.10e-10	1.14e-06	3.54e-04	2.11e-02	2.19e-01	3.99e-01	2.69e-01	6.41e-02	1.78e-02	9.14e-03	3.09e-04	3.30e-06
 5.15512e+22	1.96e-24	3.54e-14	1.09e-11	5.19e-10	1.36e-06	4.07e-04	2.34e-02	2.35e-01	4.03e-01	2.57e-01	5.82e-02	1.58e-02	7.76e-03	2.48e-04	2.51e-06
 5.17754e+22	2.53e-24	4.61e-14	1.37e-11	6.29e-10	1.57e-06	4.55e-04	2.54e-02	2.48e-01	4.04e-01	2.46e-01	5.37e-02	1.44e-02	6.78e-03	2.08e-04	2.01e-06
 5.19748e+22	3.23e-24	6.01e-14	1.72e-11	7.61e-10	1.81e-06	5.08e-04	2.76e-02	2.62e-01	4.05e-01	2.36e-01	4.95e-02	1.31e-02	5.93e-03	1.74e-04	1.61e-06
 5.21969e+22	4.40e-24	8.33e-14	2.28e-11	9.66e-10	2.17e-06	5.84e-04	3.05e-02	2.79e-01	4.05e-01	2.24e-01	4.46e-02	1.15e-02	5.00e-03	1.39e-04	1.22e-06
 5.24167e+22	5.61e-24	1.07e-13	2.83e-11	1.16e-09	2.50e-06	6.50e-04	3.29e-02	2.92e-01	4.04e-01	2.14e-01	4.10e-02	1.05e-02	4.37e-03	1.16e-04	9.82e-07
 5.26396e+22	7.67e-24	1.50e-13	3.77e-11	1.49e-09	3.01e-06	7.48e-04	3.64e-02	3.11e-01	4.02e-01	2.01e-01	3.67e-02	9.20e-03	3.65e-03	9.20e-05	7.35e-07
 5.28624e+22	9.78e-24	1.92e-13	4.68e-11	1.79e-09	3.46e-06	8.31e-04	3.91e-02	3.24e-01	3.99e-01	1.91e-01	3.36e-02	8.32e-03	3.19e-03	7.71e-05	5.91e-07
 5.30851e+22	1.34e-23	2.65e-13	6.21e-11	2.28e-09	4.16e-06	9.53e-04	4.31e-02	3.43e-01	3.95e-01	1.79e-01	2.99e-02	7.28e-03	2.66e-03	6.08e-05	4.42e-07
 5.33091e+22	1.71e-23	3.40e-13	7.71e-11	2.75e-09	4.80e-06	1.06e-03	4.63e-02	3.57e-01	3.91e-01	1.69e-01	2.73e-02	6.56e-03	2.31e-03	5.06e-05	3.53e-07
 5.35346e+22	2.35e-23	4.68e-13	1.02e-10	3.52e-09	5.78e-06	1.21e-03	5.07e-02	3.75e-01	3.84e-01	1.57e-01	2.41e-02	5.71e-03	1.91e-03	3.97e-05	2.62e-07
 5.37617e+22	3.02e-23	5.98e-13	1.27e-10	4.24e-09	6.67e-06	1.35e-03	5.44e-02	3.89e-01	3.79e-01	1.48e-01	2.19e-02	5.12e-03	1.65e-03	3.30e-05	2.09e-07
 5.39910e+22	4.17e-23	8.22e-13	1.68e-10	5.42e-09	8.03e-06	1.54e-03	5.95e-02	4.07e-01	3.70e-01	1.37e-01	1.93e-02	4.44e-03	1.36e-03	2.57e-05	1.54e-07
 5.42234e+22	5.41e-23	1.05e-12	2.08e-10	6.55e-09	9.27e-06	1.71e-03	6.36e-02	4.20e-01	3.63e-01	1.29e-01	1.74e-02	3.96e-03	1.17e-03	2.12e-05	1.22e-07
 5.44596e+22	7.55e-23	1.45e-12	2.76e-10	8.40e-09	1.12e-05	1.96e-03	6.94e-02	4.38e-01	3.53e-01	1.18e-01	1.52e-02	3.40e-03	9.57e-04	1.64e-05	0.00e+00
 5.46995e+22	9.87e-23	1.85e-12	3.44e-10	1.02e-08	1.29e-05	2.17e-03	7.42e-02	4.51e-01	3.45e-01	1.10e-01	1.37e-02	3.02e-03	8.18e-04	1.34e-05	0.00e+00
 5.49443e+22	1.40e-22	2.55e-12	4.58e-10	1.31e-08	1.57e-05	2.49e-03	8.08e-02	4.68e-01	3.33e-01	1.00e-01	1.18e-02	2.57e-03	6.62e-04	1.02e-05	0.00e+00
 5.51942e+22	1.85e-22	3.26e-12	5.71e-10	1.59e-08	1.82e-05	2.76e-03	8.62e-02	4.80e-01	3.24e-01	9.33e-02	1.06e-02	2.27e-03	5.62e-04	8.31e-06	0.00e+00
 5.54510e+22	2.65e-22	4.50e-12	7.63e-10	2.06e-08	2.20e-05	3.16e-03	9.37e-02	4.96e-01	3.11e-01	8.44e-02	9.09e-03	1.91e-03	4.50e-04	6.27e-06	0.00e+00
 5.57099e+22	3.52e-22	5.75e-12	9.50e-10	2.50e-08	2.55e-05	3.50e-03	9.97e-02	5.07e-01	3.01e-01	7.81e-02	8.09e-03	1.68e-03	3.80e-04	5.06e-06	0.00e+00
 5.59300e+22	4.57e-22	7.22e-12	1.17e-09	3.00e-08	2.93e-05	3.84e-03	1.06e-01	5.18e-01	2.91e-01	7.24e-02	7.24e-03	1.48e-03	3.24e-04	4.13e-06	0.00e+00
 5.61746e+22	6.43e-22	9.66e-12	1.52e-09	3.79e-08	3.49e-05	4.34e-03	1.13e-01	5.30e-01	2.79e-01	6.56e-02	6.26e-03	1.26e-03	2.62e-04	3.17e-06	0.00e+00
 5.64088e+22	8.14e-22	1.18e-11	1.82e-09	4.44e-08	3.93e-05	4.71e-03	1.19e-01	5.38e-01	2.70e-01	6.13e-02	5.66e-03	1.13e-03	2.27e-04	2.65e-06	0.00e+00
 5.66295e+22	1.10e-21	1.52e-11	2.29e-09	5.46e-08	4.59e-05	5.24e-03	1.27e-01	5.47e-01	2.59e-01	5.60e-02	4.96e-03	9.74e-04	1.88e-04	2.08e-06	0.00e+00
 5.68534e+22	1.40e-21	1.86e-11	2.74e-09	6.42e-08	5.18e-05	5.68e-03	1.33e-01	5.54e-01	2.50e-01	5.21e-02	4.47e-03	8.68e-04	1.62e-04	1.73e-06	0.00e+00
 5.70812e+22	1.92e-21	2.40e-11	3.47e-09	7.93e-08	6.06e-05	6.32e-03	1.41e-01	5.62e-01	2.39e-01	4.73e-02	3.89e-03	7.44e-04	1.33e-04	1.35e-06	0.00e+00
 5.73105e+22	2.44e-21	2.92e-11	4.15e-09	9.28e-08	6.82e-05	6.84e-03	1.47e-01	5.67e-01	2.30e-01	4.40e-02	3.51e-03	6.62e-04	1.14e-04	1.12e-06	0.00e+00
 5.75415e+22	3.34e-21	3.76e-11	5.23e-09	1.14e-07	7.97e-05	7.60e-03	1.56e-01	5.74e-01	2.19e-01	3.98e-02	3.04e-03	5.66e-04	9.36e-05	8.69e-07	0.00e+00
 5.77755e+22	4.27e-21	4.58e-11	6.26e-09	1.34e-07	8.96e-05	8.22e-03	1.63e-01	5.78e-01	2.11e-01	3.69e-02	2.73e-03	5.02e-04	8.03e-05	7.18e-07	0.00e+00
 5.80133e+22	5.87e-21	5.90e-11	7.91e-09	1.66e-07	1.05e-04	9.12e-03	1.72e-01	5.83e-01	1.99e-01	3.33e-02	2.36e-03	4.27e-04	6.54e-05	5.55e-07	0.00e+00
 5.82548e+22	7.56e-21	7.19e-11	9.47e-09	1.95e-07	1.18e-04	9.87e-03	1.80e-01	5.86e-01	1.91e-01	3.07e-02	2.11e-03	3.77e-04	5.58e-05	4.55e-07	0.00e+00
 5.85009e+22	1.05e-20	9.29e-11	1.20e-08	2.41e-07	1.38e-04	1.09e-02	1.90e-01	5.89e-01	1.80e-01	2.76e-02	1.82e-03	3.18e-04	4.51e-05	3.49e-07	0.00e+00
 5.87516e+22	1.36e-20	1.14e-10	1.44e-08	2.84e-07	1.56e-04	1.19e-02	1.98e-01	5.91e-01	1.72e-01	2.54e-02	1.62e-03	2.80e-04	3.83e-05	2.84e-07	0.00e+00
 5.90080e+22	1.90e-20	1.47e-10	1.84e-08	3.54e-07	1.83e-04	1.32e-02	2.09e-01	5.92e-01	1.62e-01	2.26e-02	1.38e-03	2.35e-04	3.07e-05	2.16e-07	0.00e+00
 5.92699e+22	2.49e-20	1.81e-10	2.22e-08	4.19e-07	2.07e-04	1.43e-02	2.17e-01	5.92e-01	1.54e-01	2.07e-02	1.23e-03	2.05e-04	2.59e-05	1.75e-07	0.00e+00
 5.95390e+22	3.53e-20	2.36e-10	2.84e-08	5.26e-07	2.45e-04	1.59e-02	2.29e-01	5.92e-01	1.43e-01	1.83e-02	1.04e-03	1.70e-04	2.05e-05	1.30e-07	0.00e+00
 5.98090e+22	4.63e-20	2.89e-10	3.43e-08	6.21e-07	2.77e-04	1.72e-02	2.38e-01	5.90e-01	1.36e-01	1.68e-02	9.20e-04	1.49e-04	1.73e-05	0.00e+00	0.00e+00
 6.00803e+22	6.56e-20	3.75e-10	4.38e-08	7.77e-07	3.26e-04	1.91e-02	2.50e-01	5.88e-01	1.27e-01	1.48e-02	7.79e-04	1.23e-04	1.37e-05	0.00e+00	0.00e+00
 6.03556e+22	8.69e-20	4.60e-10	5.28e-08	9.19e-07	3.69e-04	2.06e-02	2.60e-01	5.85e-01	1.20e-01	1.35e-02	6.87e-04	1.07e-04	1.15e-05	0.00e+00	0.00e+00
 6.05945e+22	1.13e-19	5.58e-10	6.34e-08	1.09e-06	4.16e-04	2.23e-02	2.69e-01	5.82e-01	1.13e-01	1.23e-02	6.06e-04	9.31e-05	9.63e-06	0.00e+00	0.00e+00
 6.08636e+22	1.59e-19	7.17e-10	8.02e-08	1.34e-06	4.86e-04	2.45e-02	2.81e-01	5.77e-01	1.05e-01	1.09e-02	5.15e-04	7.76e-05	7.67e-06	0.00e+00	0.00e+00
 6.11354e+22	2.10e-19	8.71e-10	9.59e-08	1.58e-06	5.46e-04	2.64e-02	2.91e-01	5.72e-01	9.95e-02	9.94e-03	4.56e-04	6.76e-05	6.46e-06	0.00e+00	0.00e+00
 6.13624e+22	2.68e-19	1.03e-09	1.13e-07	1.83e-06	6.07e-04	2.82e-02	2.99e-01	5.68e-01	9.43e-02	9.13e-03	4.07e-04	5.95e-05	5.51e-06	0.00e+00	0.00e+00
 6.16091e+22	3.67e-19	1.29e-09	1.39e-07	2.22e-06	6.98e-04	3.08e-02	3.11e-01	5.61e-01	8.78e-02	8.14e-03	3.50e-04	5.03e-05	4.47e-06	0.00e+00	0.00e+00
 6.18537e+22	4.67e-19	1.53e-09	1.63e-07	2.56e-06	7.72e-04	3.28e-02	3.19e-01	5.56e-01	8.33e-02	7.49e-03	3.13e-04	4.44e-05	3.83e-06	0.00e+00	0.00e+00
 6.20956e+22	6.29e-19	1.88e-09	1.98e-07	3.05e-06	8.77e-04	3.54e-02	3.30e-01	5.49e-01	7.79e-02	6.74e-03	2.73e-04	3.80e-05	3.16e-06	0.00e+00	0.00e+00
 6.23475e+22	8.31e-19	2.26e-09	2.36e-07	3.58e-06	9.84e-04	3.81e-02	3.40e-01	5.42e-01	7.31e-02	6.11e-03	2.40e-04	3.29e-05	2.64e-06	0.00e+00	0.00e+00
 6.25718e+22	1.06e-18	2.68e-09	2.76e-07	4.13e-06	1.09e-03	4.05e-02	3.48e-01	5.35e-01	6.91e-02	5.60e-03	2.14e-04	2.90e-05	2.25e-06	0.00e+00	0.00e+00
 6.28227e+22	1.46e-18	3.30e-09	3.36e-07	4.93e-06	1.24e-03	4.37e-02	3.59e-01	5.27e-01	6.44e-02	5.02e-03	1.86e-04	2.47e-05	1.85e-06	0.00e+00	0.00e+00
 6.30876e+22	1.99e-18	4.00e-09	4.02e-07	5.82e-06	1.39e-03	4.70e-02	3.69e-01	5.18e-01	6.02e-02	4.53e-03	1.62e-04	2.12e-05	1.54e-06	0.00e+00	0.00e+00
 6.33287e+22	2.60e-18	4.77e-09	4.75e-07	6.77e-06	1.55e-03	5.01e-02	3.78e-01	5.10e-01	5.65e-02	4.12e-03	1.43e-04	1.85e-05	1.29e-06	0.00e+00	0.00e+00
 6.36003e+22	3.73e-18	5.98e-09	5.87e-07	8.20e-06	1.78e-03	5.44e-02	3.89e-01	4.99e-01	5.20e-02	3.65e-03	1.22e-04	1.55e-05	1.04e-06	0.00e+00	0.00e+00
 6.38801e+22	5.17e-18	7.23e-09	7.01e-07	9.65e-06	1.99e-03	5.82e-02	3.99e-01	4.89e-01	4.85e-02	3.29e-03	1.07e-04	1.33e-05	8.62e-07	0.00e+00	0.00e+00
 6.41317e+22	6.91e-18	8.68e-09	8.33e-07	1.13e-05	2.23e-03	6.22e-02	4.08e-01	4.79e-01	4.52e-02	2.97e-03	9.38e-05	1.15e-05	7.19e-07	0.00e+00	0.00e+00
 6.44203e+22	1.03e-17	1.10e-08	1.04e-06	1.38e-05	2.56e-03	6.75e-02	4.19e-01	4.67e-01	4.13e-02	2.61e-03	7.93e-05	9.53e-06	5.71e-07	0.00e+00	0.00e+00
 6.47131e+22	1.47e-17	1.33e-08	1.24e-06	1.62e-05	2.87e-03	7.22e-02	4.28e-01	4.56e-01	3.84e-02	2.34e-03	6.90e-05	8.16e-06	4.71e-07	0.00e+00	0.00e+00
 6.49726e+22	2.00e-17	1.60e-08	1.48e-06	1.90e-05	3.21e-03	7.69e-02	4.37e-01	4.45e-01	3.56e-02	2.11e-03	6.03e-05	7.01e-06	3.91e-07	0.00e+00	0.00e+00
 6.52709e+22	3.04e-17	2.02e-08	1.84e-06	2.32e-05	3.69e-03	8.34e-02	4.48e-01	4.31e-01	3.24e-02	1.84e-03	5.07e-05	5.78e-06	3.08e-07	0.00e+00	0.00e+00
 6.55747e+22	4.47e-17	2.45e-08	2.21e-06	2.73e-05	4.14e-03	8.90e-02	4.56e-01	4.19e-01	2.99e-02	1.64e-03	4.39e-05	4.92e-06	2.53e-07	0.00e+00	0.00e+00
 6.58857e+22	6.79e-17	3.12e-08	2.77e-06	3.35e-05	4.77e-03	9.65e-02	4.66e-01	4.04e-01	2.70e-02	1.43e-03	3.66e-05	4.02e-06	1.98e-07	0.00e+00	0.00e+00
 6.62015e+22	1.01e-16	3.80e-08	3.33e-06	3.96e-05	5.35e-03	1.03e-01	4.74e-01	3.92e-01	2.48e-02	1.27e-03	3.15e-05	3.40e-06	1.61e-07	0.00e+00	0.00e+00
 6.65235e+22	1.51e-16	4.84e-08	4.17e-06	4.85e-05	6.15e-03	1.11e-01	4.83e-01	3.76e-01	2.23e-02	1.10e-03	2.63e-05	2.77e-06	1.25e-07	0.00e+00	0.00e+00
 6.68541e+22	2.27e-16	5.95e-08	5.08e-06	5.81e-05	6.97e-03	1.19e-01	4.90e-01	3.62e-01	2.02e-02	9.64e-04	2.22e-05	2.31e-06	0.00e+00	0.00e+00	0.00e+00
 6.71425e+22	3.10e-16	7.21e-08	6.07e-06	6.80e-05	7.76e-03	1.26e-01	4.96e-01	3.50e-01	1.86e-02	8.60e-04	1.92e-05	1.96e-06	0.00e+00	0.00e+00	0.00e+00
 6.74637e+22	4.67e-16	9.12e-08	7.56e-06	8.27e-05	8.87e-03	1.36e-01	5.03e-01	3.35e-01	1.67e-02	7.45e-04	1.60e-05	1.60e-06	0.00e+00	0.00e+00	0.00e+00
 6.78052e+22	6.92e-16	1.13e-07	9.26e-06	9.94e-05	1.00e-02	1.45e-01	5.08e-01	3.21e-01	1.50e-02	6.49e-04	1.35e-05	1.32e-06	0.00e+00	0.00e+00	0.00e+00
 6.80837e+22	9.00e-16	1.34e-07	1.08e-05	1.14e-04	1.10e-02	1.53e-01	5.12e-01	3.09e-01	1.38e-02	5.84e-04	1.17e-05	1.14e-06	0.00e+00	0.00e+00	0.00e+00
 6.83565e+22	1.24e-15	1.62e-07	1.29e-05	1.34e-04	1.23e-02	1.62e-01	5.16e-01	2.97e-01	1.26e-02	5.17e-04	1.01e-05	9.60e-07	0.00e+00	0.00e+00	0.00e+00
 6.86471e+22	1.67e-15	1.94e-07	1.52e-05	1.55e-04	1.36e-02	1.70e-01	5.19e-01	2.85e-01	1.15e-02	4.61e-04	8.72e-06	8.19e-07	0.00e+00	0.00e+00	0.00e+00
