#depth	O	O+	O+2	O+3	O+4	O+5	O+6	O+7	O+8	O[1]	O[2]	O[3]
 4.62852e+21	1.74e-13	2.73e-09	3.56e-06	4.68e-04	9.04e-03	3.77e-02	5.42e-01	3.59e-01	5.21e-02	1.74e-13	5.66e-23	6.20e-23
 1.03023e+22	4.45e-13	7.06e-09	9.66e-06	1.24e-03	1.98e-02	6.80e-02	6.22e-01	2.64e-01	2.47e-02	4.45e-13	1.77e-22	1.91e-22
 1.18703e+22	6.88e-13	1.11e-08	1.55e-05	1.95e-03	2.77e-02	8.73e-02	6.45e-01	2.22e-01	1.68e-02	6.88e-13	3.02e-22	3.28e-22
 1.26543e+22	8.57e-13	1.40e-08	1.97e-05	2.44e-03	3.24e-02	9.81e-02	6.52e-01	2.02e-01	1.38e-02	8.57e-13	3.97e-22	4.31e-22
 1.30086e+22	9.28e-13	1.52e-08	2.14e-05	2.63e-03	3.42e-02	1.02e-01	6.53e-01	1.95e-01	1.29e-02	9.28e-13	4.38e-22	4.76e-22
 1.32224e+22	1.03e-12	1.70e-08	2.39e-05	2.91e-03	3.67e-02	1.07e-01	6.55e-01	1.86e-01	1.18e-02	1.03e-12	4.98e-22	5.41e-22
 1.34551e+22	1.13e-12	1.88e-08	2.65e-05	3.19e-03	3.91e-02	1.12e-01	6.56e-01	1.79e-01	1.08e-02	1.13e-12	5.61e-22	6.10e-22
 1.37126e+22	1.29e-12	2.14e-08	3.02e-05	3.58e-03	4.23e-02	1.19e-01	6.56e-01	1.69e-01	9.68e-03	1.29e-12	6.58e-22	7.15e-22
 1.39756e+22	1.43e-12	2.39e-08	3.37e-05	3.95e-03	4.52e-02	1.25e-01	6.56e-01	1.61e-01	8.81e-03	1.43e-12	7.48e-22	8.14e-22
 1.42080e+22	1.58e-12	2.67e-08	3.75e-05	4.33e-03	4.81e-02	1.30e-01	6.55e-01	1.54e-01	8.06e-03	1.58e-12	8.50e-22	9.25e-22
 1.44725e+22	1.80e-12	3.06e-08	4.30e-05	4.88e-03	5.20e-02	1.38e-01	6.53e-01	1.45e-01	7.16e-03	1.80e-12	1.00e-21	1.09e-21
 1.47396e+22	2.04e-12	3.46e-08	4.81e-05	5.36e-03	5.53e-02	1.43e-01	6.51e-01	1.38e-01	6.54e-03	2.04e-12	1.16e-21	1.27e-21
 1.49703e+22	2.26e-12	3.85e-08	5.34e-05	5.86e-03	5.86e-02	1.49e-01	6.48e-01	1.32e-01	5.97e-03	2.26e-12	1.32e-21	1.44e-21
 1.51963e+22	2.52e-12	4.30e-08	5.94e-05	6.40e-03	6.20e-02	1.55e-01	6.45e-01	1.26e-01	5.45e-03	2.52e-12	1.51e-21	1.64e-21
 1.54100e+22	2.81e-12	4.78e-08	6.55e-05	6.93e-03	6.52e-02	1.60e-01	6.42e-01	1.21e-01	5.04e-03	2.81e-12	1.72e-21	1.87e-21
 1.56417e+22	3.17e-12	5.43e-08	7.39e-05	7.66e-03	6.95e-02	1.67e-01	6.37e-01	1.14e-01	4.53e-03	3.17e-12	2.00e-21	2.18e-21
 1.58738e+22	3.55e-12	6.06e-08	8.16e-05	8.29e-03	7.30e-02	1.72e-01	6.33e-01	1.09e-01	4.17e-03	3.55e-12	2.29e-21	2.50e-21
 1.61066e+22	4.04e-12	6.92e-08	9.23e-05	9.16e-03	7.76e-02	1.80e-01	6.27e-01	1.03e-01	3.74e-03	4.04e-12	2.68e-21	2.93e-21
 1.63428e+22	4.55e-12	7.77e-08	1.02e-04	9.92e-03	8.16e-02	1.85e-01	6.22e-01	9.79e-02	3.44e-03	4.55e-12	3.10e-21	3.38e-21
 1.65835e+22	5.24e-12	8.94e-08	1.16e-04	1.10e-02	8.68e-02	1.93e-01	6.15e-01	9.19e-02	3.07e-03	5.24e-12	3.68e-21	4.02e-21
 1.68281e+22	5.95e-12	1.01e-07	1.29e-04	1.19e-02	9.12e-02	1.98e-01	6.08e-01	8.74e-02	2.81e-03	5.95e-12	4.28e-21	4.68e-21
 1.70775e+22	6.92e-12	1.17e-07	1.48e-04	1.32e-02	9.70e-02	2.06e-01	5.99e-01	8.17e-02	2.49e-03	6.92e-12	5.15e-21	5.64e-21
 1.73316e+22	7.94e-12	1.34e-07	1.65e-04	1.44e-02	1.02e-01	2.12e-01	5.92e-01	7.74e-02	2.26e-03	7.94e-12	6.07e-21	6.64e-21
 1.75917e+22	9.36e-12	1.57e-07	1.90e-04	1.60e-02	1.09e-01	2.20e-01	5.81e-01	7.20e-02	1.99e-03	9.36e-12	7.41e-21	8.12e-21
 1.78576e+22	1.09e-11	1.80e-07	2.14e-04	1.75e-02	1.14e-01	2.26e-01	5.72e-01	6.79e-02	1.80e-03	1.09e-11	8.86e-21	9.70e-21
 1.81311e+22	1.30e-11	2.14e-07	2.48e-04	1.95e-02	1.22e-01	2.34e-01	5.60e-01	6.27e-02	1.57e-03	1.30e-11	1.10e-20	1.21e-20
 1.84072e+22	1.53e-11	2.48e-07	2.80e-04	2.13e-02	1.28e-01	2.40e-01	5.50e-01	5.89e-02	1.42e-03	1.53e-11	1.33e-20	1.46e-20
 1.86867e+22	1.85e-11	2.97e-07	3.26e-04	2.38e-02	1.36e-01	2.48e-01	5.36e-01	5.42e-02	1.23e-03	1.85e-11	1.67e-20	1.84e-20
 1.89694e+22	2.19e-11	3.45e-07	3.69e-04	2.60e-02	1.43e-01	2.54e-01	5.25e-01	5.07e-02	1.10e-03	2.19e-11	2.04e-20	2.24e-20
 1.92561e+22	2.69e-11	4.16e-07	4.31e-04	2.90e-02	1.52e-01	2.61e-01	5.10e-01	4.64e-02	9.50e-04	2.69e-11	2.61e-20	2.87e-20
 1.95466e+22	3.20e-11	4.86e-07	4.88e-04	3.17e-02	1.60e-01	2.67e-01	4.97e-01	4.33e-02	8.46e-04	3.20e-11	3.21e-20	3.53e-20
 1.98418e+22	3.99e-11	5.91e-07	5.72e-04	3.54e-02	1.69e-01	2.74e-01	4.81e-01	3.94e-02	7.26e-04	3.99e-11	4.16e-20	4.58e-20
 2.01427e+22	4.80e-11	6.96e-07	6.52e-04	3.87e-02	1.78e-01	2.79e-01	4.67e-01	3.64e-02	6.39e-04	4.80e-11	5.18e-20	5.70e-20
 2.04510e+22	6.08e-11	8.53e-07	7.66e-04	4.32e-02	1.88e-01	2.85e-01	4.49e-01	3.30e-02	5.45e-04	6.08e-11	6.85e-20	7.55e-20
 2.07627e+22	7.41e-11	1.01e-06	8.77e-04	4.74e-02	1.97e-01	2.90e-01	4.34e-01	3.02e-02	4.75e-04	7.41e-11	8.65e-20	9.53e-20
 2.10347e+22	8.97e-11	1.19e-06	9.96e-04	5.16e-02	2.06e-01	2.94e-01	4.20e-01	2.79e-02	4.18e-04	8.97e-11	1.08e-19	1.20e-19
 2.13440e+22	1.15e-10	1.47e-06	1.17e-03	5.74e-02	2.17e-01	2.98e-01	4.01e-01	2.50e-02	3.52e-04	1.15e-10	1.45e-19	1.60e-19
 2.16332e+22	1.36e-10	1.69e-06	1.31e-03	6.18e-02	2.25e-01	3.01e-01	3.88e-01	2.32e-02	3.13e-04	1.36e-10	1.77e-19	1.95e-19
 2.18961e+22	1.67e-10	2.01e-06	1.49e-03	6.73e-02	2.35e-01	3.03e-01	3.72e-01	2.11e-02	2.71e-04	1.67e-10	2.26e-19	2.50e-19
 2.21716e+22	2.03e-10	2.36e-06	1.68e-03	7.27e-02	2.43e-01	3.05e-01	3.57e-01	1.94e-02	2.37e-04	2.03e-10	2.83e-19	3.13e-19
 2.24199e+22	2.42e-10	2.72e-06	1.88e-03	7.80e-02	2.52e-01	3.06e-01	3.44e-01	1.79e-02	2.10e-04	2.42e-10	3.49e-19	3.85e-19
 2.26990e+22	3.04e-10	3.27e-06	2.16e-03	8.52e-02	2.62e-01	3.07e-01	3.27e-01	1.61e-02	1.79e-04	3.04e-10	4.55e-19	5.04e-19
 2.29898e+22	3.71e-10	3.85e-06	2.43e-03	9.19e-02	2.71e-01	3.08e-01	3.13e-01	1.46e-02	1.55e-04	3.71e-10	5.76e-19	6.38e-19
 2.32535e+22	4.51e-10	4.50e-06	2.73e-03	9.88e-02	2.79e-01	3.07e-01	2.98e-01	1.33e-02	1.35e-04	4.51e-10	7.24e-19	8.02e-19
 2.35542e+22	5.78e-10	5.48e-06	3.16e-03	1.08e-01	2.90e-01	3.06e-01	2.81e-01	1.18e-02	1.13e-04	5.78e-10	9.70e-19	1.07e-18
 2.38591e+22	7.12e-10	6.46e-06	3.57e-03	1.16e-01	2.99e-01	3.05e-01	2.66e-01	1.06e-02	9.66e-05	7.12e-10	1.24e-18	1.37e-18
 2.41257e+22	8.68e-10	7.54e-06	4.00e-03	1.24e-01	3.07e-01	3.03e-01	2.53e-01	9.61e-03	8.33e-05	8.68e-10	1.56e-18	1.73e-18
 2.44284e+22	1.11e-09	9.16e-06	4.60e-03	1.35e-01	3.16e-01	2.99e-01	2.36e-01	8.46e-03	6.91e-05	1.11e-09	2.10e-18	2.33e-18
 2.47415e+22	1.38e-09	1.08e-05	5.19e-03	1.45e-01	3.24e-01	2.96e-01	2.22e-01	7.54e-03	5.85e-05	1.38e-09	2.70e-18	3.01e-18
 2.50228e+22	1.71e-09	1.27e-05	5.82e-03	1.55e-01	3.32e-01	2.92e-01	2.09e-01	6.74e-03	4.97e-05	1.71e-09	3.46e-18	3.85e-18
 2.53431e+22	2.23e-09	1.56e-05	6.71e-03	1.68e-01	3.41e-01	2.86e-01	1.92e-01	5.83e-03	4.04e-05	2.23e-09	4.73e-18	5.27e-18
 2.56725e+22	2.80e-09	1.85e-05	7.59e-03	1.80e-01	3.48e-01	2.80e-01	1.79e-01	5.12e-03	3.36e-05	2.80e-09	6.19e-18	6.90e-18
 2.59656e+22	3.48e-09	2.18e-05	8.51e-03	1.92e-01	3.54e-01	2.75e-01	1.67e-01	4.52e-03	2.82e-05	3.48e-09	8.00e-18	8.91e-18
 2.62988e+22	4.57e-09	2.68e-05	9.80e-03	2.07e-01	3.61e-01	2.66e-01	1.52e-01	3.86e-03	2.25e-05	4.57e-09	1.11e-17	1.23e-17
 2.66401e+22	5.78e-09	3.19e-05	1.11e-02	2.21e-01	3.66e-01	2.59e-01	1.40e-01	3.35e-03	1.85e-05	5.78e-09	1.46e-17	1.63e-17
 2.69413e+22	7.21e-09	3.75e-05	1.24e-02	2.34e-01	3.70e-01	2.52e-01	1.29e-01	2.93e-03	1.53e-05	7.21e-09	1.89e-17	2.11e-17
 2.72822e+22	9.52e-09	4.60e-05	1.42e-02	2.51e-01	3.74e-01	2.42e-01	1.16e-01	2.46e-03	1.20e-05	9.52e-09	2.63e-17	2.94e-17
 2.76321e+22	1.21e-08	5.49e-05	1.60e-02	2.67e-01	3.77e-01	2.33e-01	1.06e-01	2.10e-03	9.67e-06	1.21e-08	3.49e-17	3.90e-17
 2.79419e+22	1.51e-08	6.46e-05	1.78e-02	2.81e-01	3.79e-01	2.24e-01	9.68e-02	1.82e-03	7.90e-06	1.51e-08	4.54e-17	5.08e-17
 2.82925e+22	2.01e-08	7.92e-05	2.04e-02	3.00e-01	3.80e-01	2.13e-01	8.61e-02	1.50e-03	6.10e-06	2.01e-08	6.35e-17	7.11e-17
 2.86536e+22	2.56e-08	9.45e-05	2.28e-02	3.16e-01	3.80e-01	2.03e-01	7.75e-02	1.27e-03	4.83e-06	2.56e-08	8.46e-17	9.50e-17
 2.89752e+22	3.22e-08	1.11e-04	2.54e-02	3.32e-01	3.79e-01	1.93e-01	7.00e-02	1.08e-03	3.88e-06	3.22e-08	1.11e-16	1.25e-16
 2.93403e+22	4.31e-08	1.37e-04	2.91e-02	3.51e-01	3.77e-01	1.81e-01	6.12e-02	8.73e-04	2.91e-06	4.31e-08	1.57e-16	1.77e-16
 2.97131e+22	5.49e-08	1.63e-04	3.24e-02	3.68e-01	3.74e-01	1.71e-01	5.46e-02	7.29e-04	2.28e-06	5.49e-08	2.09e-16	2.36e-16
 3.00959e+22	7.42e-08	2.02e-04	3.71e-02	3.88e-01	3.69e-01	1.58e-01	4.70e-02	5.79e-04	1.67e-06	7.42e-08	3.00e-16	3.39e-16
 3.04832e+22	9.47e-08	2.40e-04	4.12e-02	4.05e-01	3.64e-01	1.48e-01	4.15e-02	4.78e-04	1.29e-06	9.47e-08	4.01e-16	4.53e-16
 3.08762e+22	1.28e-07	2.97e-04	4.70e-02	4.25e-01	3.56e-01	1.36e-01	3.54e-02	3.74e-04	9.30e-07	1.28e-07	5.78e-16	6.54e-16
 3.12651e+22	1.62e-07	3.50e-04	5.20e-02	4.40e-01	3.50e-01	1.26e-01	3.12e-02	3.08e-04	7.18e-07	1.62e-07	7.65e-16	8.65e-16
 3.15805e+22	1.99e-07	4.04e-04	5.67e-02	4.53e-01	3.43e-01	1.18e-01	2.78e-02	2.58e-04	5.69e-07	1.99e-07	9.79e-16	1.11e-15
 3.19221e+22	2.57e-07	4.82e-04	6.30e-02	4.69e-01	3.35e-01	1.09e-01	2.40e-02	2.08e-04	4.25e-07	2.57e-07	1.33e-15	1.51e-15
 3.22674e+22	3.17e-07	5.57e-04	6.86e-02	4.81e-01	3.27e-01	1.01e-01	2.13e-02	1.73e-04	3.33e-07	3.17e-07	1.71e-15	1.94e-15
 3.25710e+22	3.88e-07	6.41e-04	7.45e-02	4.93e-01	3.19e-01	9.42e-02	1.88e-02	1.44e-04	2.62e-07	3.88e-07	2.18e-15	2.48e-15
 3.29193e+22	5.00e-07	7.64e-04	8.24e-02	5.06e-01	3.09e-01	8.57e-02	1.61e-02	1.14e-04	1.93e-07	5.00e-07	2.96e-15	3.37e-15
 3.32774e+22	6.21e-07	8.88e-04	8.99e-02	5.17e-01	2.99e-01	7.88e-02	1.40e-02	9.29e-05	1.47e-07	6.21e-07	3.85e-15	4.38e-15
 3.35969e+22	7.64e-07	1.02e-03	9.74e-02	5.27e-01	2.90e-01	7.25e-02	1.23e-02	7.62e-05	0.00e+00	7.64e-07	4.94e-15	5.63e-15
 3.39608e+22	9.88e-07	1.22e-03	1.08e-01	5.38e-01	2.78e-01	6.52e-02	1.04e-02	5.92e-05	0.00e+00	9.88e-07	6.77e-15	7.71e-15
 3.43281e+22	1.22e-06	1.41e-03	1.17e-01	5.46e-01	2.68e-01	5.94e-02	8.98e-03	4.79e-05	0.00e+00	1.22e-06	8.75e-15	9.97e-15
 3.46477e+22	1.49e-06	1.62e-03	1.26e-01	5.53e-01	2.58e-01	5.43e-02	7.81e-03	3.90e-05	0.00e+00	1.49e-06	1.12e-14	1.27e-14
 3.49353e+22	1.75e-06	1.81e-03	1.33e-01	5.58e-01	2.50e-01	5.04e-02	6.98e-03	3.30e-05	0.00e+00	1.75e-06	1.36e-14	1.55e-14
 3.52340e+22	2.15e-06	2.08e-03	1.44e-01	5.63e-01	2.39e-01	4.58e-02	6.03e-03	2.66e-05	0.00e+00	2.15e-06	1.75e-14	1.99e-14
 3.55383e+22	2.55e-06	2.34e-03	1.53e-01	5.67e-01	2.31e-01	4.21e-02	5.31e-03	2.21e-05	0.00e+00	2.55e-06	2.15e-14	2.46e-14
 3.58049e+22	3.00e-06	2.61e-03	1.62e-01	5.69e-01	2.22e-01	3.89e-02	4.71e-03	1.86e-05	0.00e+00	3.00e-06	2.62e-14	2.99e-14
 3.61063e+22	3.68e-06	3.00e-03	1.74e-01	5.72e-01	2.12e-01	3.50e-02	4.04e-03	1.48e-05	0.00e+00	3.68e-06	3.37e-14	3.85e-14
 3.64129e+22	4.34e-06	3.35e-03	1.85e-01	5.73e-01	2.03e-01	3.20e-02	3.55e-03	1.23e-05	0.00e+00	4.34e-06	4.13e-14	4.72e-14
 3.66849e+22	5.09e-06	3.74e-03	1.95e-01	5.73e-01	1.95e-01	2.94e-02	3.13e-03	1.02e-05	0.00e+00	5.09e-06	5.03e-14	5.75e-14
 3.69972e+22	6.27e-06	4.30e-03	2.10e-01	5.73e-01	1.85e-01	2.62e-02	2.65e-03	8.03e-06	0.00e+00	6.27e-06	6.50e-14	7.44e-14
 3.73110e+22	7.36e-06	4.79e-03	2.21e-01	5.71e-01	1.76e-01	2.39e-02	2.32e-03	6.64e-06	0.00e+00	7.36e-06	7.92e-14	9.06e-14
 3.76269e+22	9.02e-06	5.50e-03	2.37e-01	5.68e-01	1.66e-01	2.12e-02	1.96e-03	5.20e-06	0.00e+00	9.02e-06	1.02e-13	1.17e-13
 3.79478e+22	1.06e-05	6.13e-03	2.50e-01	5.65e-01	1.58e-01	1.91e-02	1.71e-03	4.24e-06	0.00e+00	1.06e-05	1.25e-13	1.43e-13
 3.82753e+22	1.30e-05	7.04e-03	2.67e-01	5.60e-01	1.48e-01	1.68e-02	1.43e-03	3.28e-06	0.00e+00	1.30e-05	1.61e-13	1.85e-13
 3.86062e+22	1.53e-05	7.86e-03	2.82e-01	5.54e-01	1.40e-01	1.51e-02	1.23e-03	2.65e-06	0.00e+00	1.53e-05	1.98e-13	2.27e-13
 3.89416e+22	1.89e-05	9.02e-03	3.00e-01	5.46e-01	1.30e-01	1.32e-02	1.02e-03	2.03e-06	0.00e+00	1.89e-05	2.57e-13	2.94e-13
 3.91786e+22	1.98e-05	9.29e-03	3.05e-01	5.44e-01	1.28e-01	1.27e-02	9.73e-04	1.89e-06	0.00e+00	1.98e-05	2.72e-13	3.12e-13
 3.92876e+22	2.13e-05	9.76e-03	3.12e-01	5.41e-01	1.24e-01	1.21e-02	9.08e-04	1.71e-06	0.00e+00	2.13e-05	2.98e-13	3.42e-13
 3.94293e+22	2.31e-05	1.03e-02	3.20e-01	5.37e-01	1.21e-01	1.14e-02	8.42e-04	1.54e-06	0.00e+00	2.31e-05	3.31e-13	3.79e-13
 3.96136e+22	2.56e-05	1.11e-02	3.30e-01	5.31e-01	1.16e-01	1.06e-02	7.61e-04	1.33e-06	0.00e+00	2.56e-05	3.79e-13	4.34e-13
 3.98531e+22	2.97e-05	1.22e-02	3.45e-01	5.23e-01	1.09e-01	9.55e-03	6.62e-04	1.09e-06	0.00e+00	2.97e-05	4.55e-13	5.21e-13
 4.01645e+22	3.59e-05	1.38e-02	3.64e-01	5.12e-01	1.01e-01	8.31e-03	5.50e-04	8.34e-07	0.00e+00	3.59e-05	5.80e-13	6.63e-13
 4.04981e+22	4.21e-05	1.54e-02	3.81e-01	5.01e-01	9.47e-02	7.36e-03	4.69e-04	6.64e-07	0.00e+00	4.21e-05	7.11e-13	8.12e-13
 4.08608e+22	5.21e-05	1.77e-02	4.04e-01	4.85e-01	8.63e-02	6.24e-03	3.78e-04	4.88e-07	0.00e+00	5.21e-05	9.33e-13	1.06e-12
 4.12320e+22	6.20e-05	1.99e-02	4.23e-01	4.72e-01	7.96e-02	5.42e-03	3.15e-04	3.76e-07	0.00e+00	6.20e-05	1.16e-12	1.33e-12
 4.16146e+22	7.74e-05	2.30e-02	4.48e-01	4.53e-01	7.16e-02	4.51e-03	2.49e-04	2.69e-07	0.00e+00	7.74e-05	1.55e-12	1.76e-12
 4.19467e+22	8.68e-05	2.48e-02	4.61e-01	4.42e-01	6.73e-02	4.08e-03	2.18e-04	2.23e-07	0.00e+00	8.68e-05	1.80e-12	2.04e-12
 4.22135e+22	1.00e-04	2.73e-02	4.77e-01	4.29e-01	6.25e-02	3.59e-03	1.86e-04	1.78e-07	0.00e+00	1.00e-04	2.17e-12	2.45e-12
 4.24947e+22	1.14e-04	2.96e-02	4.92e-01	4.17e-01	5.83e-02	3.20e-03	1.61e-04	1.45e-07	0.00e+00	1.14e-04	2.57e-12	2.89e-12
 4.27949e+22	1.34e-04	3.29e-02	5.10e-01	4.01e-01	5.34e-02	2.77e-03	1.33e-04	0.00e+00	0.00e+00	1.34e-04	3.17e-12	3.56e-12
 4.30957e+22	1.51e-04	3.56e-02	5.24e-01	3.88e-01	4.96e-02	2.45e-03	1.15e-04	0.00e+00	0.00e+00	1.51e-04	3.74e-12	4.17e-12
 4.33974e+22	1.77e-04	3.95e-02	5.42e-01	3.71e-01	4.52e-02	2.10e-03	9.47e-05	0.00e+00	0.00e+00	1.77e-04	4.62e-12	5.13e-12
 4.37016e+22	2.00e-04	4.28e-02	5.56e-01	3.57e-01	4.18e-02	1.86e-03	8.10e-05	0.00e+00	0.00e+00	2.00e-04	5.45e-12	6.03e-12
 4.40091e+22	2.35e-04	4.74e-02	5.73e-01	3.40e-01	3.78e-02	1.58e-03	6.64e-05	0.00e+00	0.00e+00	2.35e-04	6.75e-12	7.41e-12
 4.43212e+22	2.65e-04	5.12e-02	5.86e-01	3.26e-01	3.47e-02	1.38e-03	5.64e-05	0.00e+00	0.00e+00	2.65e-04	7.98e-12	8.70e-12
 4.46394e+22	3.11e-04	5.67e-02	6.02e-01	3.08e-01	3.12e-02	1.17e-03	4.57e-05	0.00e+00	0.00e+00	3.11e-04	9.93e-12	1.07e-11
 4.49246e+22	3.39e-04	5.99e-02	6.12e-01	2.98e-01	2.91e-02	1.05e-03	4.02e-05	0.00e+00	0.00e+00	3.39e-04	1.12e-11	1.20e-11
 4.51086e+22	3.63e-04	6.25e-02	6.19e-01	2.90e-01	2.77e-02	9.71e-04	3.65e-05	0.00e+00	0.00e+00	3.63e-04	1.23e-11	1.32e-11
 4.52894e+22	3.96e-04	6.60e-02	6.27e-01	2.80e-01	2.60e-02	8.80e-04	3.24e-05	0.00e+00	0.00e+00	3.96e-04	1.39e-11	1.48e-11
 4.55246e+22	4.41e-04	7.07e-02	6.37e-01	2.67e-01	2.40e-02	7.77e-04	2.78e-05	0.00e+00	0.00e+00	4.41e-04	1.62e-11	1.71e-11
 4.58302e+22	5.14e-04	7.78e-02	6.49e-01	2.50e-01	2.13e-02	6.48e-04	2.23e-05	0.00e+00	0.00e+00	5.14e-04	2.01e-11	2.09e-11
 4.60854e+22	5.44e-04	8.06e-02	6.55e-01	2.43e-01	2.01e-02	5.97e-04	2.02e-05	0.00e+00	0.00e+00	5.44e-04	2.19e-11	2.26e-11
 4.62749e+22	5.94e-04	8.52e-02	6.62e-01	2.33e-01	1.87e-02	5.35e-04	1.77e-05	0.00e+00	0.00e+00	5.94e-04	2.49e-11	2.55e-11
 4.65213e+22	6.65e-04	9.14e-02	6.70e-01	2.20e-01	1.71e-02	4.65e-04	1.49e-05	0.00e+00	0.00e+00	6.65e-04	2.93e-11	2.96e-11
 4.68415e+22	7.70e-04	1.00e-01	6.79e-01	2.04e-01	1.50e-02	3.84e-04	1.19e-05	0.00e+00	0.00e+00	7.70e-04	3.63e-11	3.61e-11
 4.71557e+22	8.49e-04	1.06e-01	6.86e-01	1.93e-01	1.37e-02	3.34e-04	1.01e-05	0.00e+00	0.00e+00	8.49e-04	4.21e-11	4.13e-11
 4.74621e+22	9.69e-04	1.15e-01	6.92e-01	1.79e-01	1.21e-02	2.79e-04	8.11e-06	0.00e+00	0.00e+00	9.69e-04	5.13e-11	4.94e-11
 4.78077e+22	1.11e-03	1.25e-01	6.98e-01	1.65e-01	1.06e-02	2.30e-04	6.47e-06	0.00e+00	0.00e+00	1.11e-03	6.26e-11	5.92e-11
 4.82046e+22	1.31e-03	1.39e-01	7.03e-01	1.48e-01	8.96e-03	1.80e-04	4.82e-06	0.00e+00	0.00e+00	1.31e-03	8.13e-11	7.49e-11
 4.85989e+22	1.48e-03	1.48e-01	7.06e-01	1.36e-01	7.85e-03	1.49e-04	3.86e-06	0.00e+00	0.00e+00	1.48e-03	9.74e-11	8.81e-11
 4.89898e+22	1.74e-03	1.64e-01	7.07e-01	1.21e-01	6.60e-03	1.16e-04	2.87e-06	0.00e+00	0.00e+00	1.74e-03	1.26e-10	1.11e-10
 4.93872e+22	1.96e-03	1.75e-01	7.07e-01	1.11e-01	5.74e-03	9.49e-05	2.27e-06	0.00e+00	0.00e+00	1.96e-03	1.51e-10	1.30e-10
 4.97933e+22	2.30e-03	1.93e-01	7.03e-01	9.74e-02	4.78e-03	7.28e-05	1.67e-06	0.00e+00	0.00e+00	2.30e-03	1.95e-10	1.64e-10
 5.02128e+22	2.62e-03	2.07e-01	6.99e-01	8.71e-02	4.07e-03	5.80e-05	1.28e-06	0.00e+00	0.00e+00	2.62e-03	2.39e-10	1.96e-10
 5.06499e+22	3.11e-03	2.29e-01	6.90e-01	7.50e-02	3.31e-03	4.31e-05	9.11e-07	0.00e+00	0.00e+00	3.11e-03	3.13e-10	2.50e-10
 5.10914e+22	3.55e-03	2.46e-01	6.81e-01	6.60e-02	2.78e-03	3.36e-05	6.85e-07	0.00e+00	0.00e+00	3.55e-03	3.85e-10	3.01e-10
 5.15387e+22	4.24e-03	2.72e-01	6.66e-01	5.57e-02	2.23e-03	2.44e-05	4.78e-07	0.00e+00	0.00e+00	4.24e-03	5.05e-10	3.83e-10
 5.19953e+22	4.88e-03	2.94e-01	6.52e-01	4.80e-02	1.84e-03	1.86e-05	3.50e-07	0.00e+00	0.00e+00	4.88e-03	6.25e-10	4.65e-10
 5.23473e+22	5.38e-03	3.10e-01	6.40e-01	4.30e-02	1.60e-03	1.52e-05	2.80e-07	0.00e+00	0.00e+00	5.38e-03	7.26e-10	5.32e-10
 5.26882e+22	6.21e-03	3.34e-01	6.21e-01	3.68e-02	1.33e-03	1.16e-05	2.08e-07	0.00e+00	0.00e+00	6.21e-03	8.97e-10	6.46e-10
 5.30338e+22	6.91e-03	3.54e-01	6.06e-01	3.24e-02	1.14e-03	9.30e-06	1.64e-07	0.00e+00	0.00e+00	6.91e-03	1.05e-09	7.47e-10
 5.33854e+22	8.02e-03	3.82e-01	5.82e-01	2.72e-02	9.38e-04	6.91e-06	0.00e+00	0.00e+00	0.00e+00	8.02e-03	1.31e-09	9.13e-10
 5.37401e+22	9.03e-03	4.06e-01	5.61e-01	2.34e-02	7.94e-04	5.38e-06	0.00e+00	0.00e+00	0.00e+00	9.03e-03	1.55e-09	1.07e-09
 5.40500e+22	1.02e-02	4.31e-01	5.39e-01	2.01e-02	6.73e-04	4.18e-06	0.00e+00	0.00e+00	0.00e+00	1.02e-02	1.85e-09	1.26e-09
 5.44036e+22	1.19e-02	4.64e-01	5.07e-01	1.63e-02	5.43e-04	2.98e-06	0.00e+00	0.00e+00	0.00e+00	1.19e-02	2.31e-09	1.55e-09
 5.47633e+22	1.36e-02	4.94e-01	4.79e-01	1.35e-02	4.49e-04	2.22e-06	0.00e+00	0.00e+00	0.00e+00	1.36e-02	2.78e-09	1.84e-09
 5.50770e+22	1.55e-02	5.23e-01	4.50e-01	1.11e-02	3.75e-04	1.65e-06	0.00e+00	0.00e+00	0.00e+00	1.55e-02	3.32e-09	2.18e-09
 5.54309e+22	1.84e-02	5.62e-01	4.11e-01	8.56e-03	2.95e-04	1.11e-06	0.00e+00	0.00e+00	0.00e+00	1.84e-02	4.19e-09	2.72e-09
 5.57957e+22	2.15e-02	5.96e-01	3.76e-01	6.67e-03	2.36e-04	7.68e-07	0.00e+00	0.00e+00	0.00e+00	2.15e-02	5.13e-09	3.31e-09
 5.61178e+22	2.49e-02	6.29e-01	3.41e-01	5.18e-03	1.91e-04	5.31e-07	0.00e+00	0.00e+00	0.00e+00	2.49e-02	6.25e-09	3.99e-09
 5.64793e+22	3.02e-02	6.70e-01	2.96e-01	3.68e-03	1.44e-04	3.25e-07	0.00e+00	0.00e+00	0.00e+00	3.02e-02	8.02e-09	5.09e-09
 5.68517e+22	3.62e-02	7.05e-01	2.56e-01	2.62e-03	1.10e-04	2.01e-07	0.00e+00	0.00e+00	0.00e+00	3.62e-02	1.01e-08	6.35e-09
 5.71460e+22	4.18e-02	7.31e-01	2.25e-01	1.96e-03	8.81e-05	1.35e-07	0.00e+00	0.00e+00	0.00e+00	4.18e-02	1.21e-08	7.58e-09
 5.73967e+22	4.82e-02	7.53e-01	1.97e-01	1.47e-03	7.07e-05	0.00e+00	0.00e+00	0.00e+00	0.00e+00	4.82e-02	1.44e-08	8.99e-09
 5.76832e+22	5.73e-02	7.77e-01	1.64e-01	1.01e-03	5.31e-05	0.00e+00	0.00e+00	0.00e+00	0.00e+00	5.73e-02	1.79e-08	1.11e-08
 5.79850e+22	6.87e-02	7.96e-01	1.35e-01	6.80e-04	3.95e-05	0.00e+00	0.00e+00	0.00e+00	0.00e+00	6.87e-02	2.22e-08	1.37e-08
 5.81693e+22	7.57e-02	8.03e-01	1.21e-01	5.52e-04	3.40e-05	0.00e+00	0.00e+00	0.00e+00	0.00e+00	7.57e-02	2.47e-08	1.53e-08
 5.82390e+22	7.90e-02	8.06e-01	1.15e-01	5.02e-04	3.17e-05	0.00e+00	0.00e+00	0.00e+00	0.00e+00	7.90e-02	2.59e-08	1.60e-08
 5.82931e+22	8.17e-02	8.08e-01	1.10e-01	4.63e-04	2.99e-05	0.00e+00	0.00e+00	0.00e+00	0.00e+00	8.17e-02	2.70e-08	1.67e-08
 5.83592e+22	8.56e-02	8.10e-01	1.04e-01	4.16e-04	2.75e-05	0.00e+00	0.00e+00	0.00e+00	0.00e+00	8.56e-02	2.85e-08	1.76e-08
 5.84354e+22	9.01e-02	8.12e-01	9.71e-02	3.69e-04	2.51e-05	0.00e+00	0.00e+00	0.00e+00	0.00e+00	9.01e-02	3.03e-08	1.87e-08
 5.85108e+22	9.49e-02	8.14e-01	9.08e-02	3.27e-04	2.28e-05	0.00e+00	0.00e+00	0.00e+00	0.00e+00	9.49e-02	3.22e-08	1.98e-08
 5.85810e+22	9.95e-02	8.15e-01	8.53e-02	2.92e-04	2.10e-05	0.00e+00	0.00e+00	0.00e+00	0.00e+00	9.95e-02	3.40e-08	2.09e-08
 5.86493e+22	1.05e-01	8.15e-01	7.99e-02	2.60e-04	1.91e-05	0.00e+00	0.00e+00	0.00e+00	0.00e+00	1.05e-01	3.59e-08	2.21e-08
 5.87166e+22	1.09e-01	8.15e-01	7.50e-02	2.33e-04	1.76e-05	0.00e+00	0.00e+00	0.00e+00	0.00e+00	1.09e-01	3.79e-08	2.33e-08
 5.87843e+22	1.15e-01	8.15e-01	7.00e-02	2.07e-04	1.60e-05	0.00e+00	0.00e+00	0.00e+00	0.00e+00	1.15e-01	4.01e-08	2.46e-08
 5.88524e+22	1.21e-01	8.14e-01	6.52e-02	1.84e-04	1.45e-05	0.00e+00	0.00e+00	0.00e+00	0.00e+00	1.21e-01	4.24e-08	2.60e-08
 5.89156e+22	1.27e-01	8.12e-01	6.11e-02	1.65e-04	1.33e-05	0.00e+00	0.00e+00	0.00e+00	0.00e+00	1.27e-01	4.46e-08	2.73e-08
 5.89767e+22	1.32e-01	8.10e-01	5.72e-02	1.48e-04	1.22e-05	0.00e+00	0.00e+00	0.00e+00	0.00e+00	1.32e-01	4.68e-08	2.87e-08
 5.90407e+22	1.39e-01	8.07e-01	5.31e-02	1.31e-04	1.10e-05	0.00e+00	0.00e+00	0.00e+00	0.00e+00	1.39e-01	4.95e-08	3.03e-08
 5.91038e+22	1.46e-01	8.04e-01	4.95e-02	1.17e-04	1.00e-05	0.00e+00	0.00e+00	0.00e+00	0.00e+00	1.46e-01	5.21e-08	3.18e-08
 5.91641e+22	1.53e-01	8.01e-01	4.61e-02	1.04e-04	9.08e-06	0.00e+00	0.00e+00	0.00e+00	0.00e+00	1.53e-01	5.48e-08	3.35e-08
 5.92228e+22	1.60e-01	7.97e-01	4.30e-02	9.39e-05	8.30e-06	0.00e+00	0.00e+00	0.00e+00	0.00e+00	1.60e-01	5.74e-08	3.51e-08
 5.92831e+22	1.68e-01	7.92e-01	3.99e-02	8.36e-05	7.51e-06	0.00e+00	0.00e+00	0.00e+00	0.00e+00	1.68e-01	6.04e-08	3.69e-08
 5.93449e+22	1.76e-01	7.87e-01	3.69e-02	7.42e-05	6.74e-06	0.00e+00	0.00e+00	0.00e+00	0.00e+00	1.76e-01	6.36e-08	3.88e-08
 5.94011e+22	1.84e-01	7.82e-01	3.43e-02	6.67e-05	6.13e-06	0.00e+00	0.00e+00	0.00e+00	0.00e+00	1.84e-01	6.66e-08	4.06e-08
 5.94544e+22	1.91e-01	7.76e-01	3.21e-02	6.05e-05	5.61e-06	0.00e+00	0.00e+00	0.00e+00	0.00e+00	1.91e-01	6.94e-08	4.23e-08
 5.95125e+22	2.01e-01	7.69e-01	2.96e-02	5.38e-05	5.03e-06	0.00e+00	0.00e+00	0.00e+00	0.00e+00	2.01e-01	7.29e-08	4.44e-08
 5.95717e+22	2.11e-01	7.62e-01	2.73e-02	4.79e-05	4.50e-06	0.00e+00	0.00e+00	0.00e+00	0.00e+00	2.11e-01	7.65e-08	4.66e-08
 5.96251e+22	2.20e-01	7.55e-01	2.53e-02	4.33e-05	4.08e-06	0.00e+00	0.00e+00	0.00e+00	0.00e+00	2.20e-01	7.98e-08	4.86e-08
 5.96765e+22	2.28e-01	7.48e-01	2.36e-02	3.94e-05	3.72e-06	0.00e+00	0.00e+00	0.00e+00	0.00e+00	2.28e-01	8.29e-08	5.04e-08
 5.97330e+22	2.39e-01	7.39e-01	2.17e-02	3.51e-05	3.32e-06	0.00e+00	0.00e+00	0.00e+00	0.00e+00	2.39e-01	8.68e-08	5.28e-08
 5.97904e+22	2.51e-01	7.29e-01	1.99e-02	3.14e-05	2.96e-06	0.00e+00	0.00e+00	0.00e+00	0.00e+00	2.51e-01	9.07e-08	5.51e-08
 5.98419e+22	2.61e-01	7.20e-01	1.84e-02	2.85e-05	2.67e-06	0.00e+00	0.00e+00	0.00e+00	0.00e+00	2.61e-01	9.42e-08	5.72e-08
 5.98917e+22	2.72e-01	7.11e-01	1.70e-02	2.58e-05	2.41e-06	0.00e+00	0.00e+00	0.00e+00	0.00e+00	2.72e-01	9.78e-08	5.94e-08
 5.99435e+22	2.83e-01	7.01e-01	1.57e-02	2.34e-05	2.17e-06	0.00e+00	0.00e+00	0.00e+00	0.00e+00	2.83e-01	1.02e-07	6.16e-08
 5.99966e+22	2.94e-01	6.92e-01	1.45e-02	2.12e-05	1.95e-06	0.00e+00	0.00e+00	0.00e+00	0.00e+00	2.94e-01	1.05e-07	6.38e-08
 6.00525e+22	3.07e-01	6.79e-01	1.32e-02	1.90e-05	1.73e-06	0.00e+00	0.00e+00	0.00e+00	0.00e+00	3.07e-01	1.09e-07	6.63e-08
 6.01078e+22	3.20e-01	6.68e-01	1.21e-02	1.72e-05	1.54e-06	0.00e+00	0.00e+00	0.00e+00	0.00e+00	3.20e-01	1.13e-07	6.87e-08
 6.01596e+22	3.33e-01	6.55e-01	1.11e-02	1.56e-05	1.37e-06	0.00e+00	0.00e+00	0.00e+00	0.00e+00	3.33e-01	1.17e-07	7.10e-08
 6.02092e+22	3.45e-01	6.45e-01	1.03e-02	1.43e-05	1.23e-06	0.00e+00	0.00e+00	0.00e+00	0.00e+00	3.45e-01	1.21e-07	7.31e-08
 6.02614e+22	3.59e-01	6.32e-01	9.36e-03	1.29e-05	1.09e-06	0.00e+00	0.00e+00	0.00e+00	0.00e+00	3.59e-01	1.25e-07	7.54e-08
 6.03166e+22	3.73e-01	6.19e-01	8.54e-03	1.17e-05	9.70e-07	0.00e+00	0.00e+00	0.00e+00	0.00e+00	3.73e-01	1.28e-07	7.77e-08
 6.03700e+22	3.87e-01	6.05e-01	7.78e-03	1.06e-05	8.58e-07	0.00e+00	0.00e+00	0.00e+00	0.00e+00	3.87e-01	1.32e-07	8.00e-08
 6.04220e+22	4.01e-01	5.92e-01	7.12e-03	9.73e-06	7.65e-07	0.00e+00	0.00e+00	0.00e+00	0.00e+00	4.01e-01	1.36e-07	8.20e-08
 6.04746e+22	4.16e-01	5.78e-01	6.48e-03	8.85e-06	6.75e-07	0.00e+00	0.00e+00	0.00e+00	0.00e+00	4.16e-01	1.39e-07	8.41e-08
 6.05279e+22	4.30e-01	5.64e-01	5.91e-03	8.10e-06	6.00e-07	0.00e+00	0.00e+00	0.00e+00	0.00e+00	4.30e-01	1.43e-07	8.61e-08
 6.05820e+22	4.45e-01	5.50e-01	5.36e-03	7.37e-06	5.28e-07	0.00e+00	0.00e+00	0.00e+00	0.00e+00	4.45e-01	1.46e-07	8.81e-08
 6.06379e+22	4.61e-01	5.34e-01	4.84e-03	6.71e-06	4.64e-07	0.00e+00	0.00e+00	0.00e+00	0.00e+00	4.61e-01	1.49e-07	9.00e-08
 6.06919e+22	4.76e-01	5.20e-01	4.40e-03	6.15e-06	4.10e-07	0.00e+00	0.00e+00	0.00e+00	0.00e+00	4.76e-01	1.52e-07	9.17e-08
 6.07460e+22	4.91e-01	5.05e-01	3.98e-03	5.63e-06	3.61e-07	0.00e+00	0.00e+00	0.00e+00	0.00e+00	4.91e-01	1.55e-07	9.33e-08
 6.08026e+22	5.06e-01	4.90e-01	3.60e-03	5.15e-06	3.17e-07	0.00e+00	0.00e+00	0.00e+00	0.00e+00	5.06e-01	1.57e-07	9.48e-08
 6.08608e+22	5.22e-01	4.75e-01	3.24e-03	4.71e-06	2.77e-07	0.00e+00	0.00e+00	0.00e+00	0.00e+00	5.22e-01	1.60e-07	9.62e-08
 6.09204e+22	5.38e-01	4.59e-01	2.90e-03	4.29e-06	2.41e-07	0.00e+00	0.00e+00	0.00e+00	0.00e+00	5.38e-01	1.62e-07	9.76e-08
 6.09801e+22	5.54e-01	4.44e-01	2.60e-03	3.93e-06	2.11e-07	0.00e+00	0.00e+00	0.00e+00	0.00e+00	5.54e-01	1.64e-07	9.87e-08
 6.10397e+22	5.69e-01	4.29e-01	2.34e-03	3.60e-06	1.84e-07	0.00e+00	0.00e+00	0.00e+00	0.00e+00	5.69e-01	1.66e-07	9.97e-08
 6.11015e+22	5.84e-01	4.14e-01	2.09e-03	3.30e-06	1.60e-07	0.00e+00	0.00e+00	0.00e+00	0.00e+00	5.84e-01	1.67e-07	1.01e-07
 6.11592e+22	5.98e-01	4.00e-01	1.89e-03	3.06e-06	1.41e-07	0.00e+00	0.00e+00	0.00e+00	0.00e+00	5.98e-01	1.68e-07	1.01e-07
 6.12088e+22	6.10e-01	3.89e-01	1.73e-03	2.86e-06	1.27e-07	0.00e+00	0.00e+00	0.00e+00	0.00e+00	6.10e-01	1.69e-07	1.02e-07
 6.12580e+22	6.21e-01	3.78e-01	1.58e-03	2.68e-06	0.00e+00	0.00e+00	0.00e+00	0.00e+00	0.00e+00	6.21e-01	1.70e-07	1.02e-07
 6.13113e+22	6.33e-01	3.66e-01	1.44e-03	2.50e-06	0.00e+00	0.00e+00	0.00e+00	0.00e+00	0.00e+00	6.33e-01	1.70e-07	1.02e-07
 6.13675e+22	6.45e-01	3.54e-01	1.30e-03	2.33e-06	0.00e+00	0.00e+00	0.00e+00	0.00e+00	0.00e+00	6.45e-01	1.71e-07	1.03e-07
 6.14230e+22	6.56e-01	3.43e-01	1.18e-03	2.18e-06	0.00e+00	0.00e+00	0.00e+00	0.00e+00	0.00e+00	6.56e-01	1.71e-07	1.03e-07
 6.14789e+22	6.68e-01	3.31e-01	1.07e-03	2.04e-06	0.00e+00	0.00e+00	0.00e+00	0.00e+00	0.00e+00	6.68e-01	1.72e-07	1.03e-07
 6.15365e+22	6.79e-01	3.20e-01	9.70e-04	1.90e-06	0.00e+00	0.00e+00	0.00e+00	0.00e+00	0.00e+00	6.79e-01	1.72e-07	1.03e-07
 6.15942e+22	6.90e-01	3.09e-01	8.78e-04	1.78e-06	0.00e+00	0.00e+00	0.00e+00	0.00e+00	0.00e+00	6.90e-01	1.72e-07	1.03e-07
 6.16527e+22	7.00e-01	2.99e-01	7.95e-04	1.67e-06	0.00e+00	0.00e+00	0.00e+00	0.00e+00	0.00e+00	7.00e-01	1.71e-07	1.03e-07
 6.17132e+22	7.11e-01	2.88e-01	7.17e-04	1.56e-06	0.00e+00	0.00e+00	0.00e+00	0.00e+00	0.00e+00	7.11e-01	1.71e-07	1.03e-07
 6.17754e+22	7.21e-01	2.78e-01	6.46e-04	1.46e-06	0.00e+00	0.00e+00	0.00e+00	0.00e+00	0.00e+00	7.21e-01	1.71e-07	1.02e-07
 6.18387e+22	7.32e-01	2.68e-01	5.81e-04	1.36e-06	0.00e+00	0.00e+00	0.00e+00	0.00e+00	0.00e+00	7.32e-01	1.70e-07	1.02e-07
 6.19023e+22	7.41e-01	2.58e-01	5.23e-04	1.28e-06	0.00e+00	0.00e+00	0.00e+00	0.00e+00	0.00e+00	7.41e-01	1.70e-07	1.02e-07
 6.19669e+22	7.51e-01	2.49e-01	4.71e-04	1.20e-06	0.00e+00	0.00e+00	0.00e+00	0.00e+00	0.00e+00	7.51e-01	1.69e-07	1.01e-07
 6.20339e+22	7.60e-01	2.39e-01	4.23e-04	1.12e-06	0.00e+00	0.00e+00	0.00e+00	0.00e+00	0.00e+00	7.60e-01	1.69e-07	1.01e-07
 6.21027e+22	7.69e-01	2.30e-01	3.78e-04	1.05e-06	0.00e+00	0.00e+00	0.00e+00	0.00e+00	0.00e+00	7.69e-01	1.68e-07	1.00e-07
 6.21720e+22	7.78e-01	2.21e-01	3.40e-04	9.84e-07	0.00e+00	0.00e+00	0.00e+00	0.00e+00	0.00e+00	7.78e-01	1.67e-07	9.96e-08
 6.22424e+22	7.87e-01	2.13e-01	3.05e-04	9.23e-07	0.00e+00	0.00e+00	0.00e+00	0.00e+00	0.00e+00	7.87e-01	1.66e-07	9.91e-08
 6.23153e+22	7.95e-01	2.05e-01	2.73e-04	8.64e-07	0.00e+00	0.00e+00	0.00e+00	0.00e+00	0.00e+00	7.95e-01	1.65e-07	9.85e-08
 6.23900e+22	8.03e-01	1.97e-01	2.45e-04	8.10e-07	0.00e+00	0.00e+00	0.00e+00	0.00e+00	0.00e+00	8.03e-01	1.64e-07	9.79e-08
 6.24661e+22	8.11e-01	1.89e-01	2.19e-04	7.59e-07	0.00e+00	0.00e+00	0.00e+00	0.00e+00	0.00e+00	8.11e-01	1.63e-07	9.73e-08
 6.25442e+22	8.19e-01	1.81e-01	1.97e-04	7.11e-07	0.00e+00	0.00e+00	0.00e+00	0.00e+00	0.00e+00	8.19e-01	1.63e-07	9.67e-08
 6.26243e+22	8.26e-01	1.74e-01	1.76e-04	6.67e-07	0.00e+00	0.00e+00	0.00e+00	0.00e+00	0.00e+00	8.26e-01	1.62e-07	9.61e-08
 6.27066e+22	8.33e-01	1.67e-01	1.58e-04	6.25e-07	0.00e+00	0.00e+00	0.00e+00	0.00e+00	0.00e+00	8.33e-01	1.61e-07	9.55e-08
 6.27915e+22	8.40e-01	1.60e-01	1.42e-04	5.86e-07	0.00e+00	0.00e+00	0.00e+00	0.00e+00	0.00e+00	8.40e-01	1.60e-07	9.49e-08
 6.28790e+22	8.46e-01	1.53e-01	1.28e-04	5.49e-07	0.00e+00	0.00e+00	0.00e+00	0.00e+00	0.00e+00	8.46e-01	1.59e-07	9.43e-08
 6.29682e+22	8.53e-01	1.47e-01	1.15e-04	5.16e-07	0.00e+00	0.00e+00	0.00e+00	0.00e+00	0.00e+00	8.53e-01	1.58e-07	9.37e-08
 6.30587e+22	8.59e-01	1.41e-01	1.05e-04	4.85e-07	0.00e+00	0.00e+00	0.00e+00	0.00e+00	0.00e+00	8.59e-01	1.57e-07	9.32e-08
 6.31505e+22	8.64e-01	1.36e-01	9.51e-05	4.57e-07	0.00e+00	0.00e+00	0.00e+00	0.00e+00	0.00e+00	8.64e-01	1.57e-07	9.28e-08
 6.32446e+22	8.69e-01	1.31e-01	8.67e-05	4.30e-07	0.00e+00	0.00e+00	0.00e+00	0.00e+00	0.00e+00	8.69e-01	1.56e-07	9.23e-08
 6.33425e+22	8.75e-01	1.25e-01	7.92e-05	4.04e-07	0.00e+00	0.00e+00	0.00e+00	0.00e+00	0.00e+00	8.75e-01	1.55e-07	9.15e-08
 6.34432e+22	8.80e-01	1.20e-01	7.26e-05	3.80e-07	0.00e+00	0.00e+00	0.00e+00	0.00e+00	0.00e+00	8.80e-01	1.55e-07	9.06e-08
 6.35465e+22	8.84e-01	1.16e-01	6.69e-05	3.58e-07	0.00e+00	0.00e+00	0.00e+00	0.00e+00	0.00e+00	8.84e-01	1.54e-07	8.97e-08
 6.36508e+22	8.88e-01	1.11e-01	6.20e-05	3.38e-07	0.00e+00	0.00e+00	0.00e+00	0.00e+00	0.00e+00	8.88e-01	1.53e-07	8.89e-08
 6.37570e+22	8.92e-01	1.08e-01	5.77e-05	3.20e-07	0.00e+00	0.00e+00	0.00e+00	0.00e+00	0.00e+00	8.92e-01	1.53e-07	8.83e-08
 6.38678e+22	8.96e-01	1.04e-01	5.38e-05	3.02e-07	0.00e+00	0.00e+00	0.00e+00	0.00e+00	0.00e+00	8.96e-01	1.53e-07	8.75e-08
 6.39833e+22	9.00e-01	9.97e-02	5.02e-05	2.85e-07	0.00e+00	0.00e+00	0.00e+00	0.00e+00	0.00e+00	9.00e-01	1.52e-07	8.68e-08
 6.41023e+22	9.04e-01	9.60e-02	4.71e-05	2.69e-07	0.00e+00	0.00e+00	0.00e+00	0.00e+00	0.00e+00	9.04e-01	1.52e-07	8.61e-08
 6.42245e+22	9.08e-01	9.24e-02	4.44e-05	2.54e-07	0.00e+00	0.00e+00	0.00e+00	0.00e+00	0.00e+00	9.08e-01	1.52e-07	8.55e-08
 6.43506e+22	9.11e-01	8.90e-02	4.20e-05	2.39e-07	0.00e+00	0.00e+00	0.00e+00	0.00e+00	0.00e+00	9.11e-01	1.52e-07	8.49e-08
 6.44784e+22	9.14e-01	8.56e-02	3.98e-05	2.26e-07	0.00e+00	0.00e+00	0.00e+00	0.00e+00	0.00e+00	9.14e-01	1.51e-07	8.43e-08
 6.46015e+22	9.17e-01	8.28e-02	3.80e-05	2.14e-07	0.00e+00	0.00e+00	0.00e+00	0.00e+00	0.00e+00	9.17e-01	1.52e-07	8.37e-08
 6.47181e+22	9.20e-01	8.02e-02	3.65e-05	2.04e-07	0.00e+00	0.00e+00	0.00e+00	0.00e+00	0.00e+00	9.20e-01	1.52e-07	8.33e-08
 6.48305e+22	9.22e-01	7.78e-02	3.52e-05	1.94e-07	0.00e+00	0.00e+00	0.00e+00	0.00e+00	0.00e+00	9.22e-01	1.52e-07	8.29e-08
 6.49393e+22	9.24e-01	7.55e-02	3.41e-05	1.86e-07	0.00e+00	0.00e+00	0.00e+00	0.00e+00	0.00e+00	9.24e-01	1.52e-07	8.25e-08
 6.50444e+22	9.27e-01	7.34e-02	3.31e-05	1.78e-07	0.00e+00	0.00e+00	0.00e+00	0.00e+00	0.00e+00	9.27e-01	1.52e-07	8.22e-08
 6.51459e+22	9.29e-01	7.14e-02	3.22e-05	1.71e-07	0.00e+00	0.00e+00	0.00e+00	0.00e+00	0.00e+00	9.29e-01	1.52e-07	8.18e-08
 6.52424e+22	9.30e-01	6.95e-02	3.14e-05	1.64e-07	0.00e+00	0.00e+00	0.00e+00	0.00e+00	0.00e+00	9.30e-01	1.52e-07	8.15e-08
 6.53339e+22	9.32e-01	6.78e-02	3.07e-05	1.58e-07	0.00e+00	0.00e+00	0.00e+00	0.00e+00	0.00e+00	9.32e-01	1.52e-07	8.11e-08
 6.54194e+22	9.34e-01	6.62e-02	3.01e-05	1.52e-07	0.00e+00	0.00e+00	0.00e+00	0.00e+00	0.00e+00	9.34e-01	1.52e-07	8.08e-08
 6.55019e+22	9.35e-01	6.47e-02	2.96e-05	1.47e-07	0.00e+00	0.00e+00	0.00e+00	0.00e+00	0.00e+00	9.35e-01	1.52e-07	8.05e-08
 6.55842e+22	9.37e-01	6.31e-02	2.90e-05	1.42e-07	0.00e+00	0.00e+00	0.00e+00	0.00e+00	0.00e+00	9.37e-01	1.52e-07	8.02e-08
 6.56637e+22	9.38e-01	6.17e-02	2.86e-05	1.37e-07	0.00e+00	0.00e+00	0.00e+00	0.00e+00	0.00e+00	9.38e-01	1.52e-07	8.00e-08
 6.57403e+22	9.40e-01	6.03e-02	2.81e-05	1.33e-07	0.00e+00	0.00e+00	0.00e+00	0.00e+00	0.00e+00	9.40e-01	1.52e-07	7.97e-08
 6.58140e+22	9.41e-01	5.90e-02	2.78e-05	1.29e-07	0.00e+00	0.00e+00	0.00e+00	0.00e+00	0.00e+00	9.41e-01	1.52e-07	7.94e-08
 6.58851e+22	9.42e-01	5.77e-02	2.74e-05	1.25e-07	0.00e+00	0.00e+00	0.00e+00	0.00e+00	0.00e+00	9.42e-01	1.52e-07	7.92e-08
 6.59537e+22	9.44e-01	5.65e-02	2.71e-05	0.00e+00	0.00e+00	0.00e+00	0.00e+00	0.00e+00	0.00e+00	9.44e-01	1.52e-07	7.90e-08
 6.60201e+22	9.45e-01	5.53e-02	2.67e-05	0.00e+00	0.00e+00	0.00e+00	0.00e+00	0.00e+00	0.00e+00	9.45e-01	1.52e-07	7.87e-08
 6.60841e+22	9.46e-01	5.42e-02	2.65e-05	0.00e+00	0.00e+00	0.00e+00	0.00e+00	0.00e+00	0.00e+00	9.46e-01	1.52e-07	7.85e-08
 6.61458e+22	9.47e-01	5.31e-02	2.62e-05	0.00e+00	0.00e+00	0.00e+00	0.00e+00	0.00e+00	0.00e+00	9.47e-01	1.52e-07	7.83e-08
 6.62053e+22	9.48e-01	5.20e-02	2.59e-05	0.00e+00	0.00e+00	0.00e+00	0.00e+00	0.00e+00	0.00e+00	9.48e-01	1.52e-07	7.80e-08
 6.62628e+22	9.49e-01	5.10e-02	2.57e-05	0.00e+00	0.00e+00	0.00e+00	0.00e+00	0.00e+00	0.00e+00	9.49e-01	1.52e-07	7.78e-08
 6.63184e+22	9.50e-01	5.00e-02	2.55e-05	0.00e+00	0.00e+00	0.00e+00	0.00e+00	0.00e+00	0.00e+00	9.50e-01	1.52e-07	7.76e-08
 6.63708e+22	9.51e-01	4.90e-02	2.53e-05	0.00e+00	0.00e+00	0.00e+00	0.00e+00	0.00e+00	0.00e+00	9.51e-01	1.52e-07	7.73e-08
 6.64184e+22	9.52e-01	4.82e-02	2.51e-05	0.00e+00	0.00e+00	0.00e+00	0.00e+00	0.00e+00	0.00e+00	9.52e-01	1.52e-07	7.71e-08
 6.64618e+22	9.52e-01	4.75e-02	2.49e-05	0.00e+00	0.00e+00	0.00e+00	0.00e+00	0.00e+00	0.00e+00	9.52e-01	1.52e-07	7.69e-08
 6.65012e+22	9.53e-01	4.68e-02	2.48e-05	0.00e+00	0.00e+00	0.00e+00	0.00e+00	0.00e+00	0.00e+00	9.53e-01	1.52e-07	7.66e-08
 6.65371e+22	9.54e-01	4.62e-02	2.47e-05	0.00e+00	0.00e+00	0.00e+00	0.00e+00	0.00e+00	0.00e+00	9.54e-01	1.51e-07	7.64e-08
 6.65697e+22	9.54e-01	4.57e-02	2.46e-05	0.00e+00	0.00e+00	0.00e+00	0.00e+00	0.00e+00	0.00e+00	9.54e-01	1.51e-07	7.63e-08
 6.65995e+22	9.55e-01	4.52e-02	2.45e-05	0.00e+00	0.00e+00	0.00e+00	0.00e+00	0.00e+00	0.00e+00	9.55e-01	1.51e-07	7.61e-08
 6.66265e+22	9.55e-01	4.47e-02	2.44e-05	0.00e+00	0.00e+00	0.00e+00	0.00e+00	0.00e+00	0.00e+00	9.55e-01	1.51e-07	7.58e-08
 6.66511e+22	9.56e-01	4.44e-02	2.43e-05	0.00e+00	0.00e+00	0.00e+00	0.00e+00	0.00e+00	0.00e+00	9.56e-01	1.50e-07	7.58e-08
 6.66781e+22	9.56e-01	4.37e-02	2.42e-05	0.00e+00	0.00e+00	0.00e+00	0.00e+00	0.00e+00	0.00e+00	9.56e-01	1.50e-07	7.56e-08
 6.67072e+22	9.57e-01	4.32e-02	2.40e-05	0.00e+00	0.00e+00	0.00e+00	0.00e+00	0.00e+00	0.00e+00	9.57e-01	1.49e-07	7.54e-08
 6.67337e+22	9.57e-01	4.26e-02	2.39e-05	0.00e+00	0.00e+00	0.00e+00	0.00e+00	0.00e+00	0.00e+00	9.57e-01	1.49e-07	7.51e-08
 6.67578e+22	9.58e-01	4.23e-02	2.38e-05	0.00e+00	0.00e+00	0.00e+00	0.00e+00	0.00e+00	0.00e+00	9.58e-01	1.49e-07	7.51e-08
 6.67842e+22	9.58e-01	4.19e-02	2.37e-05	0.00e+00	0.00e+00	0.00e+00	0.00e+00	0.00e+00	0.00e+00	9.58e-01	1.48e-07	7.49e-08
 6.68128e+22	9.59e-01	4.13e-02	2.36e-05	0.00e+00	0.00e+00	0.00e+00	0.00e+00	0.00e+00	0.00e+00	9.59e-01	1.48e-07	7.48e-08
 6.68440e+22	9.59e-01	4.06e-02	2.34e-05	0.00e+00	0.00e+00	0.00e+00	0.00e+00	0.00e+00	0.00e+00	9.59e-01	1.47e-07	7.45e-08
 6.68778e+22	9.60e-01	4.00e-02	2.32e-05	0.00e+00	0.00e+00	0.00e+00	0.00e+00	0.00e+00	0.00e+00	9.60e-01	1.47e-07	7.43e-08
 6.69085e+22	9.61e-01	3.95e-02	2.31e-05	0.00e+00	0.00e+00	0.00e+00	0.00e+00	0.00e+00	0.00e+00	9.61e-01	1.46e-07	7.42e-08
 6.69421e+22	9.61e-01	3.89e-02	2.29e-05	0.00e+00	0.00e+00	0.00e+00	0.00e+00	0.00e+00	0.00e+00	9.61e-01	1.46e-07	7.40e-08
 6.69784e+22	9.62e-01	3.83e-02	2.27e-05	0.00e+00	0.00e+00	0.00e+00	0.00e+00	0.00e+00	0.00e+00	9.62e-01	1.46e-07	7.39e-08
 6.70115e+22	9.62e-01	3.77e-02	2.25e-05	0.00e+00	0.00e+00	0.00e+00	0.00e+00	0.00e+00	0.00e+00	9.62e-01	1.45e-07	7.37e-08
 6.70416e+22	9.63e-01	3.74e-02	2.24e-05	0.00e+00	0.00e+00	0.00e+00	0.00e+00	0.00e+00	0.00e+00	9.63e-01	1.45e-07	7.37e-08
 6.70745e+22	9.63e-01	3.69e-02	2.22e-05	0.00e+00	0.00e+00	0.00e+00	0.00e+00	0.00e+00	0.00e+00	9.63e-01	1.45e-07	7.36e-08
 6.71101e+22	9.64e-01	3.63e-02	2.20e-05	0.00e+00	0.00e+00	0.00e+00	0.00e+00	0.00e+00	0.00e+00	9.64e-01	1.45e-07	7.35e-08
 6.71425e+22	9.64e-01	3.58e-02	2.19e-05	0.00e+00	0.00e+00	0.00e+00	0.00e+00	0.00e+00	0.00e+00	9.64e-01	1.44e-07	7.33e-08
 6.71720e+22	9.65e-01	3.54e-02	2.17e-05	0.00e+00	0.00e+00	0.00e+00	0.00e+00	0.00e+00	0.00e+00	9.65e-01	1.44e-07	7.31e-08
 6.71988e+22	9.65e-01	3.51e-02	2.16e-05	0.00e+00	0.00e+00	0.00e+00	0.00e+00	0.00e+00	0.00e+00	9.65e-01	1.44e-07	7.32e-08
 6.72282e+22	9.65e-01	3.46e-02	2.14e-05	0.00e+00	0.00e+00	0.00e+00	0.00e+00	0.00e+00	0.00e+00	9.65e-01	1.44e-07	7.30e-08
 6.72599e+22	9.66e-01	3.42e-02	2.12e-05	0.00e+00	0.00e+00	0.00e+00	0.00e+00	0.00e+00	0.00e+00	9.66e-01	1.44e-07	7.29e-08
 6.72947e+22	9.66e-01	3.36e-02	2.10e-05	0.00e+00	0.00e+00	0.00e+00	0.00e+00	0.00e+00	0.00e+00	9.66e-01	1.44e-07	7.28e-08
 6.73322e+22	9.67e-01	3.31e-02	2.08e-05	0.00e+00	0.00e+00	0.00e+00	0.00e+00	0.00e+00	0.00e+00	9.67e-01	1.43e-07	7.27e-08
 6.73663e+22	9.67e-01	3.26e-02	2.06e-05	0.00e+00	0.00e+00	0.00e+00	0.00e+00	0.00e+00	0.00e+00	9.67e-01	1.43e-07	7.25e-08
 6.73974e+22	9.68e-01	3.22e-02	2.04e-05	0.00e+00	0.00e+00	0.00e+00	0.00e+00	0.00e+00	0.00e+00	9.68e-01	1.43e-07	7.23e-08
 6.74257e+22	9.68e-01	3.18e-02	2.02e-05	0.00e+00	0.00e+00	0.00e+00	0.00e+00	0.00e+00	0.00e+00	9.68e-01	1.43e-07	7.22e-08
 6.74567e+22	9.69e-01	3.14e-02	2.00e-05	0.00e+00	0.00e+00	0.00e+00	0.00e+00	0.00e+00	0.00e+00	9.69e-01	1.42e-07	7.21e-08
 6.74901e+22	9.69e-01	3.08e-02	1.98e-05	0.00e+00	0.00e+00	0.00e+00	0.00e+00	0.00e+00	0.00e+00	9.69e-01	1.42e-07	7.18e-08
 6.75206e+22	9.70e-01	3.04e-02	1.96e-05	0.00e+00	0.00e+00	0.00e+00	0.00e+00	0.00e+00	0.00e+00	9.70e-01	1.42e-07	7.17e-08
 6.75483e+22	9.70e-01	3.01e-02	1.94e-05	0.00e+00	0.00e+00	0.00e+00	0.00e+00	0.00e+00	0.00e+00	9.70e-01	1.42e-07	7.15e-08
 6.75735e+22	9.70e-01	2.98e-02	1.93e-05	0.00e+00	0.00e+00	0.00e+00	0.00e+00	0.00e+00	0.00e+00	9.70e-01	1.42e-07	7.14e-08
 6.76011e+22	9.71e-01	2.94e-02	1.91e-05	0.00e+00	0.00e+00	0.00e+00	0.00e+00	0.00e+00	0.00e+00	9.71e-01	1.41e-07	7.12e-08
 6.76370e+22	9.71e-01	2.88e-02	1.88e-05	0.00e+00	0.00e+00	0.00e+00	0.00e+00	0.00e+00	0.00e+00	9.71e-01	1.41e-07	7.10e-08
 6.76758e+22	9.72e-01	2.83e-02	1.86e-05	0.00e+00	0.00e+00	0.00e+00	0.00e+00	0.00e+00	0.00e+00	9.72e-01	1.41e-07	7.08e-08
 6.77111e+22	9.72e-01	2.78e-02	1.84e-05	0.00e+00	0.00e+00	0.00e+00	0.00e+00	0.00e+00	0.00e+00	9.72e-01	1.41e-07	7.06e-08
 6.77432e+22	9.73e-01	2.74e-02	1.82e-05	0.00e+00	0.00e+00	0.00e+00	0.00e+00	0.00e+00	0.00e+00	9.73e-01	1.40e-07	7.03e-08
 6.77724e+22	9.73e-01	2.71e-02	1.81e-05	0.00e+00	0.00e+00	0.00e+00	0.00e+00	0.00e+00	0.00e+00	9.73e-01	1.40e-07	7.02e-08
 6.78044e+22	9.73e-01	2.67e-02	1.79e-05	0.00e+00	0.00e+00	0.00e+00	0.00e+00	0.00e+00	0.00e+00	9.73e-01	1.40e-07	7.00e-08
 6.78390e+22	9.74e-01	2.62e-02	1.77e-05	0.00e+00	0.00e+00	0.00e+00	0.00e+00	0.00e+00	0.00e+00	9.74e-01	1.40e-07	6.98e-08
 6.78705e+22	9.74e-01	2.59e-02	1.75e-05	0.00e+00	0.00e+00	0.00e+00	0.00e+00	0.00e+00	0.00e+00	9.74e-01	1.40e-07	6.96e-08
 6.79049e+22	9.74e-01	2.55e-02	1.73e-05	0.00e+00	0.00e+00	0.00e+00	0.00e+00	0.00e+00	0.00e+00	9.74e-01	1.39e-07	6.94e-08
 6.79421e+22	9.75e-01	2.50e-02	1.71e-05	0.00e+00	0.00e+00	0.00e+00	0.00e+00	0.00e+00	0.00e+00	9.75e-01	1.39e-07	6.91e-08
 6.79760e+22	9.75e-01	2.47e-02	1.70e-05	0.00e+00	0.00e+00	0.00e+00	0.00e+00	0.00e+00	0.00e+00	9.75e-01	1.39e-07	6.88e-08
 6.80131e+22	9.76e-01	2.43e-02	1.68e-05	0.00e+00	0.00e+00	0.00e+00	0.00e+00	0.00e+00	0.00e+00	9.76e-01	1.37e-07	6.82e-08
 6.80532e+22	9.76e-01	2.38e-02	1.66e-05	0.00e+00	0.00e+00	0.00e+00	0.00e+00	0.00e+00	0.00e+00	9.76e-01	1.36e-07	6.76e-08
 6.80896e+22	9.77e-01	2.35e-02	1.64e-05	0.00e+00	0.00e+00	0.00e+00	0.00e+00	0.00e+00	0.00e+00	9.77e-01	1.35e-07	6.69e-08
 6.81228e+22	9.77e-01	2.33e-02	1.63e-05	0.00e+00	0.00e+00	0.00e+00	0.00e+00	0.00e+00	0.00e+00	9.77e-01	1.34e-07	6.67e-08
 6.81591e+22	9.77e-01	2.29e-02	1.61e-05	0.00e+00	0.00e+00	0.00e+00	0.00e+00	0.00e+00	0.00e+00	9.77e-01	1.33e-07	6.61e-08
 6.81984e+22	9.78e-01	2.25e-02	1.60e-05	0.00e+00	0.00e+00	0.00e+00	0.00e+00	0.00e+00	0.00e+00	9.78e-01	1.32e-07	6.54e-08
 6.82341e+22	9.78e-01	2.21e-02	1.58e-05	0.00e+00	0.00e+00	0.00e+00	0.00e+00	0.00e+00	0.00e+00	9.78e-01	1.31e-07	6.46e-08
 6.82666e+22	9.78e-01	2.19e-02	1.57e-05	0.00e+00	0.00e+00	0.00e+00	0.00e+00	0.00e+00	0.00e+00	9.78e-01	1.31e-07	6.43e-08
 6.83022e+22	9.78e-01	2.16e-02	1.55e-05	0.00e+00	0.00e+00	0.00e+00	0.00e+00	0.00e+00	0.00e+00	9.78e-01	1.30e-07	6.37e-08
 6.83406e+22	9.79e-01	2.12e-02	1.54e-05	0.00e+00	0.00e+00	0.00e+00	0.00e+00	0.00e+00	0.00e+00	9.79e-01	1.29e-07	6.30e-08
 6.83756e+22	9.79e-01	2.10e-02	1.53e-05	0.00e+00	0.00e+00	0.00e+00	0.00e+00	0.00e+00	0.00e+00	9.79e-01	1.28e-07	6.26e-08
 6.84140e+22	9.79e-01	2.06e-02	1.51e-05	0.00e+00	0.00e+00	0.00e+00	0.00e+00	0.00e+00	0.00e+00	9.79e-01	1.27e-07	6.18e-08
