#depth	O	O+	O+2	O+3	O+4	O+5	O+6	O+7	O+8	O[1]	O[2]	O[3]
 4.62852e+21	8.94e-10	1.41e-05	6.62e-03	1.58e-01	3.18e-01	2.81e-01	2.26e-01	1.03e-02	1.14e-04	8.94e-10	2.30e-18	2.82e-18
 1.03839e+22	4.37e-09	4.82e-05	1.57e-02	2.54e-01	3.56e-01	2.38e-01	1.33e-01	4.02e-03	3.00e-05	4.37e-09	1.23e-17	1.50e-17
 1.20741e+22	9.60e-09	8.63e-05	2.32e-02	3.08e-01	3.60e-01	2.09e-01	9.72e-02	2.40e-03	1.47e-05	9.60e-09	2.89e-17	3.50e-17
 1.29933e+22	1.57e-08	1.23e-04	2.93e-02	3.43e-01	3.58e-01	1.89e-01	7.87e-02	1.71e-03	9.21e-06	1.57e-08	4.95e-17	6.00e-17
 1.35091e+22	1.96e-08	1.44e-04	3.24e-02	3.59e-01	3.56e-01	1.80e-01	7.13e-02	1.46e-03	7.45e-06	1.96e-08	6.30e-17	7.63e-17
 1.38772e+22	2.61e-08	1.77e-04	3.70e-02	3.79e-01	3.52e-01	1.68e-01	6.24e-02	1.18e-03	5.59e-06	2.61e-08	8.68e-17	1.05e-16
 1.42645e+22	3.33e-08	2.10e-04	4.12e-02	3.97e-01	3.47e-01	1.58e-01	5.56e-02	9.88e-04	4.37e-06	3.33e-08	1.14e-16	1.38e-16
 1.46769e+22	4.53e-08	2.61e-04	4.71e-02	4.18e-01	3.40e-01	1.46e-01	4.78e-02	7.81e-04	3.19e-06	4.53e-08	1.61e-16	1.95e-16
 1.50964e+22	5.84e-08	3.12e-04	5.26e-02	4.35e-01	3.33e-01	1.36e-01	4.19e-02	6.39e-04	2.43e-06	5.84e-08	2.15e-16	2.59e-16
 1.54568e+22	7.36e-08	3.66e-04	5.80e-02	4.51e-01	3.26e-01	1.27e-01	3.71e-02	5.31e-04	1.90e-06	7.36e-08	2.79e-16	3.37e-16
 1.57992e+22	9.17e-08	4.25e-04	6.35e-02	4.65e-01	3.19e-01	1.18e-01	3.30e-02	4.43e-04	1.49e-06	9.17e-08	3.59e-16	4.33e-16
 1.61286e+22	1.14e-07	4.93e-04	6.93e-02	4.78e-01	3.12e-01	1.11e-01	2.93e-02	3.71e-04	1.18e-06	1.14e-07	4.57e-16	5.51e-16
 1.64986e+22	1.48e-07	5.91e-04	7.72e-02	4.94e-01	3.02e-01	1.01e-01	2.52e-02	2.95e-04	8.69e-07	1.48e-07	6.20e-16	7.48e-16
 1.68681e+22	1.83e-07	6.82e-04	8.39e-02	5.06e-01	2.93e-01	9.40e-02	2.23e-02	2.46e-04	6.81e-07	1.83e-07	7.87e-16	9.49e-16
 1.72369e+22	2.38e-07	8.14e-04	9.29e-02	5.20e-01	2.82e-01	8.54e-02	1.91e-02	1.94e-04	5.00e-07	2.38e-07	1.06e-15	1.28e-15
 1.76122e+22	2.95e-07	9.41e-04	1.01e-01	5.30e-01	2.73e-01	7.87e-02	1.67e-02	1.60e-04	3.86e-07	2.95e-07	1.35e-15	1.63e-15
 1.79959e+22	3.86e-07	1.13e-03	1.11e-01	5.42e-01	2.60e-01	7.08e-02	1.41e-02	1.25e-04	2.79e-07	3.86e-07	1.83e-15	2.21e-15
 1.83835e+22	4.78e-07	1.30e-03	1.21e-01	5.50e-01	2.50e-01	6.48e-02	1.23e-02	1.02e-04	2.14e-07	4.78e-07	2.33e-15	2.81e-15
 1.87762e+22	6.30e-07	1.56e-03	1.33e-01	5.60e-01	2.37e-01	5.77e-02	1.03e-02	7.78e-05	1.50e-07	6.30e-07	3.19e-15	3.83e-15
 1.91682e+22	7.74e-07	1.79e-03	1.43e-01	5.66e-01	2.27e-01	5.27e-02	8.93e-03	6.34e-05	0.00e+00	7.74e-07	4.03e-15	4.84e-15
 1.94826e+22	9.25e-07	2.01e-03	1.53e-01	5.70e-01	2.19e-01	4.86e-02	7.90e-03	5.30e-05	0.00e+00	9.25e-07	4.93e-15	5.91e-15
 1.98145e+22	1.15e-06	2.31e-03	1.65e-01	5.74e-01	2.08e-01	4.39e-02	6.79e-03	4.24e-05	0.00e+00	1.15e-06	6.31e-15	7.56e-15
 2.01512e+22	1.38e-06	2.60e-03	1.75e-01	5.77e-01	1.99e-01	4.03e-02	5.97e-03	3.51e-05	0.00e+00	1.38e-06	7.74e-15	9.26e-15
 2.04474e+22	1.63e-06	2.91e-03	1.85e-01	5.79e-01	1.91e-01	3.70e-02	5.26e-03	2.92e-05	0.00e+00	1.63e-06	9.42e-15	1.13e-14
 2.07857e+22	2.03e-06	3.36e-03	1.99e-01	5.80e-01	1.80e-01	3.31e-02	4.48e-03	2.32e-05	0.00e+00	2.03e-06	1.21e-14	1.44e-14
 2.11280e+22	2.43e-06	3.77e-03	2.11e-01	5.80e-01	1.72e-01	3.02e-02	3.91e-03	1.90e-05	0.00e+00	2.43e-06	1.48e-14	1.77e-14
 2.14279e+22	2.88e-06	4.21e-03	2.23e-01	5.78e-01	1.64e-01	2.76e-02	3.42e-03	1.57e-05	0.00e+00	2.88e-06	1.80e-14	2.15e-14
 2.17700e+22	3.58e-06	4.85e-03	2.39e-01	5.76e-01	1.53e-01	2.45e-02	2.88e-03	1.22e-05	0.00e+00	3.58e-06	2.32e-14	2.76e-14
 2.21148e+22	4.24e-06	5.41e-03	2.51e-01	5.73e-01	1.46e-01	2.22e-02	2.51e-03	1.01e-05	0.00e+00	4.24e-06	2.82e-14	3.35e-14
 2.24631e+22	5.25e-06	6.21e-03	2.68e-01	5.68e-01	1.36e-01	1.96e-02	2.11e-03	7.82e-06	0.00e+00	5.25e-06	3.61e-14	4.29e-14
 2.28169e+22	6.27e-06	6.95e-03	2.83e-01	5.63e-01	1.28e-01	1.77e-02	1.82e-03	6.31e-06	0.00e+00	6.27e-06	4.44e-14	5.26e-14
 2.31282e+22	7.41e-06	7.74e-03	2.97e-01	5.57e-01	1.21e-01	1.59e-02	1.57e-03	5.14e-06	0.00e+00	7.41e-06	5.39e-14	6.39e-14
 2.34836e+22	9.15e-06	8.86e-03	3.15e-01	5.48e-01	1.12e-01	1.40e-02	1.31e-03	3.95e-06	0.00e+00	9.15e-06	6.91e-14	8.18e-14
 2.38465e+22	1.09e-05	9.91e-03	3.31e-01	5.40e-01	1.05e-01	1.25e-02	1.12e-03	3.15e-06	0.00e+00	1.09e-05	8.48e-14	1.00e-13
 2.41706e+22	1.29e-05	1.10e-02	3.47e-01	5.31e-01	9.84e-02	1.11e-02	9.59e-04	2.53e-06	0.00e+00	1.29e-05	1.04e-13	1.23e-13
 2.45431e+22	1.60e-05	1.26e-02	3.68e-01	5.19e-01	9.03e-02	9.63e-03	7.85e-04	1.90e-06	0.00e+00	1.60e-05	1.34e-13	1.58e-13
 2.49211e+22	1.91e-05	1.41e-02	3.85e-01	5.08e-01	8.38e-02	8.51e-03	6.63e-04	1.50e-06	0.00e+00	1.91e-05	1.65e-13	1.95e-13
 2.53065e+22	2.36e-05	1.61e-02	4.06e-01	4.93e-01	7.65e-02	7.30e-03	5.39e-04	1.11e-06	0.00e+00	2.36e-05	2.13e-13	2.51e-13
 2.57019e+22	2.84e-05	1.81e-02	4.26e-01	4.79e-01	7.02e-02	6.36e-03	4.47e-04	8.55e-07	0.00e+00	2.84e-05	2.65e-13	3.13e-13
 2.60517e+22	3.37e-05	2.02e-02	4.43e-01	4.66e-01	6.48e-02	5.57e-03	3.75e-04	6.67e-07	0.00e+00	3.37e-05	3.26e-13	3.84e-13
 2.64475e+22	4.17e-05	2.30e-02	4.66e-01	4.48e-01	5.83e-02	4.71e-03	3.00e-04	4.86e-07	0.00e+00	4.17e-05	4.23e-13	4.97e-13
 2.68564e+22	4.99e-05	2.57e-02	4.85e-01	4.32e-01	5.32e-02	4.06e-03	2.46e-04	3.68e-07	0.00e+00	4.99e-05	5.27e-13	6.17e-13
 2.72822e+22	6.26e-05	2.96e-02	5.09e-01	4.11e-01	4.72e-02	3.36e-03	1.92e-04	2.60e-07	0.00e+00	6.26e-05	6.97e-13	8.14e-13
 2.76516e+22	7.14e-05	3.21e-02	5.23e-01	3.98e-01	4.38e-02	2.99e-03	1.65e-04	2.09e-07	0.00e+00	7.14e-05	8.20e-13	9.54e-13
 2.79086e+22	8.01e-05	3.45e-02	5.35e-01	3.86e-01	4.10e-02	2.70e-03	1.45e-04	1.74e-07	0.00e+00	8.01e-05	9.47e-13	1.10e-12
 2.80690e+22	8.21e-05	3.50e-02	5.38e-01	3.84e-01	4.04e-02	2.64e-03	1.40e-04	1.66e-07	0.00e+00	8.21e-05	9.78e-13	1.13e-12
 2.81192e+22	8.35e-05	3.54e-02	5.40e-01	3.82e-01	4.00e-02	2.60e-03	1.37e-04	1.62e-07	0.00e+00	8.35e-05	9.99e-13	1.16e-12
 2.81611e+22	8.56e-05	3.59e-02	5.42e-01	3.79e-01	3.94e-02	2.54e-03	1.33e-04	1.55e-07	0.00e+00	8.56e-05	1.03e-12	1.19e-12
 2.82155e+22	8.77e-05	3.65e-02	5.45e-01	3.77e-01	3.88e-02	2.49e-03	1.30e-04	1.49e-07	0.00e+00	8.77e-05	1.06e-12	1.23e-12
 2.82863e+22	9.09e-05	3.73e-02	5.49e-01	3.73e-01	3.81e-02	2.41e-03	1.24e-04	1.41e-07	0.00e+00	9.09e-05	1.11e-12	1.29e-12
 2.83783e+22	9.55e-05	3.84e-02	5.54e-01	3.68e-01	3.70e-02	2.30e-03	1.17e-04	1.30e-07	0.00e+00	9.55e-05	1.18e-12	1.37e-12
 2.84978e+22	1.01e-04	3.98e-02	5.60e-01	3.62e-01	3.57e-02	2.18e-03	1.10e-04	0.00e+00	0.00e+00	1.01e-04	1.27e-12	1.47e-12
 2.86533e+22	1.11e-04	4.21e-02	5.68e-01	3.54e-01	3.39e-02	2.01e-03	9.87e-05	0.00e+00	0.00e+00	1.11e-04	1.42e-12	1.64e-12
 2.88554e+22	1.22e-04	4.46e-02	5.78e-01	3.44e-01	3.20e-02	1.84e-03	8.79e-05	0.00e+00	0.00e+00	1.22e-04	1.61e-12	1.85e-12
 2.91181e+22	1.40e-04	4.87e-02	5.92e-01	3.29e-01	2.92e-02	1.61e-03	7.38e-05	0.00e+00	0.00e+00	1.40e-04	1.93e-12	2.20e-12
 2.94036e+22	1.58e-04	5.24e-02	6.03e-01	3.16e-01	2.70e-02	1.43e-03	6.33e-05	0.00e+00	0.00e+00	1.58e-04	2.25e-12	2.56e-12
 2.97188e+22	1.85e-04	5.76e-02	6.17e-01	2.99e-01	2.43e-02	1.22e-03	5.18e-05	0.00e+00	0.00e+00	1.85e-04	2.76e-12	3.11e-12
 3.00448e+22	2.11e-04	6.23e-02	6.29e-01	2.85e-01	2.22e-02	1.06e-03	4.36e-05	0.00e+00	0.00e+00	2.11e-04	3.27e-12	3.67e-12
 3.03848e+22	2.49e-04	6.88e-02	6.42e-01	2.68e-01	1.98e-02	8.93e-04	3.50e-05	0.00e+00	0.00e+00	2.49e-04	4.07e-12	4.52e-12
 3.07292e+22	2.83e-04	7.44e-02	6.53e-01	2.54e-01	1.79e-02	7.74e-04	2.92e-05	0.00e+00	0.00e+00	2.83e-04	4.84e-12	5.33e-12
 3.10794e+22	3.34e-04	8.21e-02	6.64e-01	2.37e-01	1.58e-02	6.43e-04	2.31e-05	0.00e+00	0.00e+00	3.34e-04	6.05e-12	6.58e-12
 3.14359e+22	3.80e-04	8.87e-02	6.73e-01	2.23e-01	1.43e-02	5.52e-04	1.91e-05	0.00e+00	0.00e+00	3.80e-04	7.24e-12	7.79e-12
 3.18006e+22	4.48e-04	9.78e-02	6.82e-01	2.06e-01	1.25e-02	4.55e-04	1.50e-05	0.00e+00	0.00e+00	4.48e-04	9.08e-12	9.62e-12
 3.21768e+22	5.14e-04	1.06e-01	6.90e-01	1.92e-01	1.11e-02	3.83e-04	1.21e-05	0.00e+00	0.00e+00	5.14e-04	1.10e-11	1.15e-11
 3.25678e+22	6.13e-04	1.17e-01	6.97e-01	1.75e-01	9.56e-03	3.08e-04	9.27e-06	0.00e+00	0.00e+00	6.13e-04	1.41e-11	1.44e-11
 3.29615e+22	7.01e-04	1.27e-01	7.01e-01	1.62e-01	8.43e-03	2.57e-04	7.43e-06	0.00e+00	0.00e+00	7.01e-04	1.71e-11	1.72e-11
 3.33589e+22	8.35e-04	1.40e-01	7.05e-01	1.47e-01	7.19e-03	2.04e-04	5.60e-06	0.00e+00	0.00e+00	8.35e-04	2.20e-11	2.17e-11
 3.37605e+22	9.49e-04	1.51e-01	7.07e-01	1.35e-01	6.32e-03	1.70e-04	4.48e-06	0.00e+00	0.00e+00	9.49e-04	2.67e-11	2.58e-11
 3.41674e+22	1.12e-03	1.66e-01	7.06e-01	1.21e-01	5.37e-03	1.34e-04	3.37e-06	0.00e+00	0.00e+00	1.12e-03	3.41e-11	3.22e-11
 3.45879e+22	1.29e-03	1.79e-01	7.05e-01	1.10e-01	4.64e-03	1.09e-04	2.62e-06	0.00e+00	0.00e+00	1.29e-03	4.19e-11	3.86e-11
 3.50259e+22	1.54e-03	1.98e-01	7.00e-01	9.64e-02	3.84e-03	8.30e-05	1.89e-06	0.00e+00	0.00e+00	1.54e-03	5.48e-11	4.90e-11
 3.54620e+22	1.75e-03	2.12e-01	6.95e-01	8.71e-02	3.32e-03	6.75e-05	1.48e-06	0.00e+00	0.00e+00	1.75e-03	6.65e-11	5.81e-11
 3.58957e+22	2.07e-03	2.33e-01	6.86e-01	7.59e-02	2.75e-03	5.13e-05	1.07e-06	0.00e+00	0.00e+00	2.07e-03	8.59e-11	7.30e-11
 3.63444e+22	2.37e-03	2.50e-01	6.77e-01	6.76e-02	2.34e-03	4.08e-05	8.17e-07	0.00e+00	0.00e+00	2.37e-03	1.05e-10	8.74e-11
 3.68124e+22	2.84e-03	2.76e-01	6.62e-01	5.74e-02	1.89e-03	2.97e-05	5.67e-07	0.00e+00	0.00e+00	2.84e-03	1.39e-10	1.12e-10
 3.71899e+22	3.02e-03	2.84e-01	6.57e-01	5.37e-02	1.72e-03	2.62e-05	4.87e-07	0.00e+00	0.00e+00	3.02e-03	1.54e-10	1.22e-10
 3.74496e+22	3.32e-03	2.99e-01	6.47e-01	4.90e-02	1.53e-03	2.20e-05	4.00e-07	0.00e+00	0.00e+00	3.32e-03	1.78e-10	1.39e-10
 3.77871e+22	3.76e-03	3.19e-01	6.33e-01	4.33e-02	1.31e-03	1.75e-05	3.10e-07	0.00e+00	0.00e+00	3.76e-03	2.15e-10	1.65e-10
 3.82260e+22	4.42e-03	3.47e-01	6.11e-01	3.65e-02	1.06e-03	1.29e-05	2.19e-07	0.00e+00	0.00e+00	4.42e-03	2.76e-10	2.06e-10
 3.87081e+22	5.10e-03	3.73e-01	5.90e-01	3.10e-02	8.75e-04	9.60e-06	1.58e-07	0.00e+00	0.00e+00	5.10e-03	3.44e-10	2.51e-10
 3.92464e+22	6.19e-03	4.10e-01	5.59e-01	2.47e-02	6.72e-04	6.44e-06	0.00e+00	0.00e+00	0.00e+00	6.19e-03	4.63e-10	3.29e-10
 3.97991e+22	7.15e-03	4.39e-01	5.33e-01	2.04e-02	5.43e-04	4.65e-06	0.00e+00	0.00e+00	0.00e+00	7.15e-03	5.79e-10	4.03e-10
 4.03708e+22	8.74e-03	4.82e-01	4.93e-01	1.56e-02	4.07e-04	2.96e-06	0.00e+00	0.00e+00	0.00e+00	8.74e-03	7.83e-10	5.33e-10
 4.09668e+22	1.02e-02	5.17e-01	4.60e-01	1.23e-02	3.19e-04	2.01e-06	0.00e+00	0.00e+00	0.00e+00	1.02e-02	9.97e-10	6.67e-10
 4.15814e+22	1.26e-02	5.65e-01	4.13e-01	8.89e-03	2.32e-04	1.20e-06	0.00e+00	0.00e+00	0.00e+00	1.26e-02	1.36e-09	8.93e-10
 4.21095e+22	1.40e-02	5.89e-01	3.89e-01	7.40e-03	1.95e-04	9.02e-07	0.00e+00	0.00e+00	0.00e+00	1.40e-02	1.59e-09	1.03e-09
 4.25383e+22	1.62e-02	6.23e-01	3.54e-01	5.74e-03	1.55e-04	6.09e-07	0.00e+00	0.00e+00	0.00e+00	1.62e-02	1.97e-09	1.27e-09
 4.29936e+22	1.85e-02	6.54e-01	3.23e-01	4.50e-03	1.24e-04	4.21e-07	0.00e+00	0.00e+00	0.00e+00	1.85e-02	2.39e-09	1.52e-09
 4.34835e+22	2.20e-02	6.92e-01	2.82e-01	3.22e-03	9.34e-05	2.56e-07	0.00e+00	0.00e+00	0.00e+00	2.20e-02	3.06e-09	1.94e-09
 4.39829e+22	2.53e-02	7.22e-01	2.50e-01	2.40e-03	7.32e-05	1.66e-07	0.00e+00	0.00e+00	0.00e+00	2.53e-02	3.75e-09	2.35e-09
 4.44946e+22	3.05e-02	7.58e-01	2.09e-01	1.61e-03	5.28e-05	0.00e+00	0.00e+00	0.00e+00	0.00e+00	3.05e-02	4.88e-09	3.04e-09
 4.50269e+22	3.62e-02	7.87e-01	1.76e-01	1.10e-03	3.91e-05	0.00e+00	0.00e+00	0.00e+00	0.00e+00	3.62e-02	6.14e-09	3.78e-09
 4.54492e+22	4.15e-02	8.07e-01	1.51e-01	7.98e-04	3.06e-05	0.00e+00	0.00e+00	0.00e+00	0.00e+00	4.15e-02	7.37e-09	4.51e-09
 4.58042e+22	4.76e-02	8.23e-01	1.29e-01	5.80e-04	2.39e-05	0.00e+00	0.00e+00	0.00e+00	0.00e+00	4.76e-02	8.82e-09	5.36e-09
 4.62085e+22	5.67e-02	8.39e-01	1.04e-01	3.80e-04	1.73e-05	0.00e+00	0.00e+00	0.00e+00	0.00e+00	5.67e-02	1.11e-08	6.71e-09
 4.66372e+22	6.80e-02	8.50e-01	8.17e-02	2.45e-04	1.24e-05	0.00e+00	0.00e+00	0.00e+00	0.00e+00	6.80e-02	1.40e-08	8.41e-09
 4.70170e+22	8.12e-02	8.55e-01	6.41e-02	1.60e-04	8.85e-06	0.00e+00	0.00e+00	0.00e+00	0.00e+00	8.12e-02	1.75e-08	1.05e-08
 4.73642e+22	9.71e-02	8.53e-01	4.96e-02	1.05e-04	6.28e-06	0.00e+00	0.00e+00	0.00e+00	0.00e+00	9.71e-02	2.17e-08	1.30e-08
 4.76880e+22	1.16e-01	8.46e-01	3.79e-02	6.83e-05	4.40e-06	0.00e+00	0.00e+00	0.00e+00	0.00e+00	1.16e-01	2.70e-08	1.61e-08
 4.79884e+22	1.40e-01	8.32e-01	2.84e-02	4.49e-05	3.03e-06	0.00e+00	0.00e+00	0.00e+00	0.00e+00	1.40e-01	3.34e-08	2.00e-08
 4.82632e+22	1.68e-01	8.11e-01	2.12e-02	3.00e-05	2.07e-06	0.00e+00	0.00e+00	0.00e+00	0.00e+00	1.68e-01	4.08e-08	2.45e-08
 4.85116e+22	2.00e-01	7.85e-01	1.57e-02	2.05e-05	1.41e-06	0.00e+00	0.00e+00	0.00e+00	0.00e+00	2.00e-01	4.91e-08	2.94e-08
 4.87370e+22	2.36e-01	7.53e-01	1.17e-02	1.44e-05	9.58e-07	0.00e+00	0.00e+00	0.00e+00	0.00e+00	2.36e-01	5.82e-08	3.48e-08
 4.89422e+22	2.75e-01	7.16e-01	8.68e-03	1.04e-05	6.53e-07	0.00e+00	0.00e+00	0.00e+00	0.00e+00	2.75e-01	6.76e-08	4.03e-08
 4.90717e+22	3.02e-01	6.91e-01	7.24e-03	8.58e-06	5.19e-07	0.00e+00	0.00e+00	0.00e+00	0.00e+00	3.02e-01	7.31e-08	4.35e-08
 4.91207e+22	3.13e-01	6.80e-01	6.74e-03	7.97e-06	4.72e-07	0.00e+00	0.00e+00	0.00e+00	0.00e+00	3.13e-01	7.53e-08	4.48e-08
 4.91600e+22	3.23e-01	6.71e-01	6.31e-03	7.46e-06	4.34e-07	0.00e+00	0.00e+00	0.00e+00	0.00e+00	3.23e-01	7.74e-08	4.61e-08
 4.92107e+22	3.35e-01	6.59e-01	5.80e-03	6.85e-06	3.88e-07	0.00e+00	0.00e+00	0.00e+00	0.00e+00	3.35e-01	8.01e-08	4.76e-08
 4.92715e+22	3.51e-01	6.43e-01	5.23e-03	6.19e-06	3.40e-07	0.00e+00	0.00e+00	0.00e+00	0.00e+00	3.51e-01	8.33e-08	4.95e-08
 4.93332e+22	3.68e-01	6.27e-01	4.71e-03	5.59e-06	2.96e-07	0.00e+00	0.00e+00	0.00e+00	0.00e+00	3.68e-01	8.64e-08	5.13e-08
 4.93903e+22	3.83e-01	6.13e-01	4.29e-03	5.11e-06	2.62e-07	0.00e+00	0.00e+00	0.00e+00	0.00e+00	3.83e-01	8.92e-08	5.29e-08
 4.94486e+22	4.00e-01	5.96e-01	3.86e-03	4.63e-06	2.29e-07	0.00e+00	0.00e+00	0.00e+00	0.00e+00	4.00e-01	9.21e-08	5.47e-08
 4.95087e+22	4.17e-01	5.80e-01	3.48e-03	4.21e-06	2.00e-07	0.00e+00	0.00e+00	0.00e+00	0.00e+00	4.17e-01	9.49e-08	5.63e-08
 4.95698e+22	4.35e-01	5.62e-01	3.12e-03	3.81e-06	1.74e-07	0.00e+00	0.00e+00	0.00e+00	0.00e+00	4.35e-01	9.77e-08	5.79e-08
 4.96331e+22	4.54e-01	5.43e-01	2.77e-03	3.43e-06	1.49e-07	0.00e+00	0.00e+00	0.00e+00	0.00e+00	4.54e-01	1.01e-07	5.95e-08
 4.96956e+22	4.73e-01	5.24e-01	2.47e-03	3.11e-06	1.29e-07	0.00e+00	0.00e+00	0.00e+00	0.00e+00	4.73e-01	1.03e-07	6.10e-08
 4.97591e+22	4.93e-01	5.05e-01	2.20e-03	2.80e-06	0.00e+00	0.00e+00	0.00e+00	0.00e+00	0.00e+00	4.93e-01	1.05e-07	6.24e-08
 4.98260e+22	5.13e-01	4.85e-01	1.94e-03	2.52e-06	0.00e+00	0.00e+00	0.00e+00	0.00e+00	0.00e+00	5.13e-01	1.08e-07	6.37e-08
 4.98956e+22	5.34e-01	4.64e-01	1.70e-03	2.26e-06	0.00e+00	0.00e+00	0.00e+00	0.00e+00	0.00e+00	5.34e-01	1.10e-07	6.48e-08
 4.99675e+22	5.57e-01	4.42e-01	1.48e-03	2.02e-06	0.00e+00	0.00e+00	0.00e+00	0.00e+00	0.00e+00	5.57e-01	1.12e-07	6.59e-08
 5.00417e+22	5.79e-01	4.20e-01	1.29e-03	1.80e-06	0.00e+00	0.00e+00	0.00e+00	0.00e+00	0.00e+00	5.79e-01	1.13e-07	6.67e-08
 5.01147e+22	6.00e-01	3.99e-01	1.12e-03	1.61e-06	0.00e+00	0.00e+00	0.00e+00	0.00e+00	0.00e+00	6.00e-01	1.14e-07	6.73e-08
 5.01714e+22	6.15e-01	3.84e-01	1.01e-03	1.49e-06	0.00e+00	0.00e+00	0.00e+00	0.00e+00	0.00e+00	6.15e-01	1.15e-07	6.76e-08
 5.02102e+22	6.25e-01	3.74e-01	9.45e-04	1.41e-06	0.00e+00	0.00e+00	0.00e+00	0.00e+00	0.00e+00	6.25e-01	1.15e-07	6.77e-08
 5.02478e+22	6.36e-01	3.64e-01	8.80e-04	1.34e-06	0.00e+00	0.00e+00	0.00e+00	0.00e+00	0.00e+00	6.36e-01	1.15e-07	6.78e-08
 5.02911e+22	6.47e-01	3.52e-01	8.10e-04	1.25e-06	0.00e+00	0.00e+00	0.00e+00	0.00e+00	0.00e+00	6.47e-01	1.16e-07	6.80e-08
 5.03383e+22	6.59e-01	3.40e-01	7.43e-04	1.17e-06	0.00e+00	0.00e+00	0.00e+00	0.00e+00	0.00e+00	6.59e-01	1.16e-07	6.80e-08
 5.03850e+22	6.71e-01	3.28e-01	6.82e-04	1.10e-06	0.00e+00	0.00e+00	0.00e+00	0.00e+00	0.00e+00	6.71e-01	1.16e-07	6.80e-08
 5.04308e+22	6.82e-01	3.18e-01	6.27e-04	1.03e-06	0.00e+00	0.00e+00	0.00e+00	0.00e+00	0.00e+00	6.82e-01	1.16e-07	6.79e-08
 5.04773e+22	6.92e-01	3.07e-01	5.77e-04	9.73e-07	0.00e+00	0.00e+00	0.00e+00	0.00e+00	0.00e+00	6.92e-01	1.15e-07	6.78e-08
 5.05253e+22	7.03e-01	2.96e-01	5.29e-04	9.13e-07	0.00e+00	0.00e+00	0.00e+00	0.00e+00	0.00e+00	7.03e-01	1.15e-07	6.76e-08
 5.05743e+22	7.14e-01	2.86e-01	4.84e-04	8.57e-07	0.00e+00	0.00e+00	0.00e+00	0.00e+00	0.00e+00	7.14e-01	1.15e-07	6.74e-08
 5.06232e+22	7.24e-01	2.76e-01	4.45e-04	8.07e-07	0.00e+00	0.00e+00	0.00e+00	0.00e+00	0.00e+00	7.24e-01	1.15e-07	6.71e-08
 5.06730e+22	7.34e-01	2.66e-01	4.07e-04	7.58e-07	0.00e+00	0.00e+00	0.00e+00	0.00e+00	0.00e+00	7.34e-01	1.14e-07	6.68e-08
 5.07246e+22	7.43e-01	2.56e-01	3.73e-04	7.13e-07	0.00e+00	0.00e+00	0.00e+00	0.00e+00	0.00e+00	7.43e-01	1.14e-07	6.65e-08
 5.07777e+22	7.53e-01	2.47e-01	3.41e-04	6.70e-07	0.00e+00	0.00e+00	0.00e+00	0.00e+00	0.00e+00	7.53e-01	1.13e-07	6.61e-08
 5.08318e+22	7.63e-01	2.37e-01	3.11e-04	6.29e-07	0.00e+00	0.00e+00	0.00e+00	0.00e+00	0.00e+00	7.63e-01	1.12e-07	6.57e-08
 5.08860e+22	7.71e-01	2.28e-01	2.84e-04	5.92e-07	0.00e+00	0.00e+00	0.00e+00	0.00e+00	0.00e+00	7.71e-01	1.12e-07	6.53e-08
 5.09416e+22	7.80e-01	2.20e-01	2.60e-04	5.57e-07	0.00e+00	0.00e+00	0.00e+00	0.00e+00	0.00e+00	7.80e-01	1.11e-07	6.49e-08
 5.09995e+22	7.89e-01	2.11e-01	2.37e-04	5.23e-07	0.00e+00	0.00e+00	0.00e+00	0.00e+00	0.00e+00	7.89e-01	1.10e-07	6.44e-08
 5.10593e+22	7.97e-01	2.03e-01	2.15e-04	4.91e-07	0.00e+00	0.00e+00	0.00e+00	0.00e+00	0.00e+00	7.97e-01	1.10e-07	6.40e-08
 5.11199e+22	8.05e-01	1.95e-01	1.96e-04	4.62e-07	0.00e+00	0.00e+00	0.00e+00	0.00e+00	0.00e+00	8.05e-01	1.09e-07	6.35e-08
 5.11819e+22	8.13e-01	1.87e-01	1.79e-04	4.34e-07	0.00e+00	0.00e+00	0.00e+00	0.00e+00	0.00e+00	8.13e-01	1.08e-07	6.30e-08
 5.12464e+22	8.20e-01	1.80e-01	1.62e-04	4.08e-07	0.00e+00	0.00e+00	0.00e+00	0.00e+00	0.00e+00	8.20e-01	1.07e-07	6.24e-08
 5.13123e+22	8.27e-01	1.73e-01	1.48e-04	3.84e-07	0.00e+00	0.00e+00	0.00e+00	0.00e+00	0.00e+00	8.27e-01	1.07e-07	6.18e-08
 5.13806e+22	8.34e-01	1.66e-01	1.34e-04	3.61e-07	0.00e+00	0.00e+00	0.00e+00	0.00e+00	0.00e+00	8.34e-01	1.06e-07	6.11e-08
 5.14518e+22	8.41e-01	1.59e-01	1.21e-04	3.39e-07	0.00e+00	0.00e+00	0.00e+00	0.00e+00	0.00e+00	8.41e-01	1.05e-07	6.04e-08
 5.15244e+22	8.48e-01	1.52e-01	1.10e-04	3.18e-07	0.00e+00	0.00e+00	0.00e+00	0.00e+00	0.00e+00	8.48e-01	1.04e-07	5.97e-08
 5.15984e+22	8.54e-01	1.46e-01	9.99e-05	2.99e-07	0.00e+00	0.00e+00	0.00e+00	0.00e+00	0.00e+00	8.54e-01	1.03e-07	5.91e-08
 5.16745e+22	8.60e-01	1.40e-01	9.07e-05	2.81e-07	0.00e+00	0.00e+00	0.00e+00	0.00e+00	0.00e+00	8.60e-01	1.02e-07	5.84e-08
 5.17527e+22	8.66e-01	1.34e-01	8.23e-05	2.63e-07	0.00e+00	0.00e+00	0.00e+00	0.00e+00	0.00e+00	8.66e-01	1.01e-07	5.77e-08
 5.18322e+22	8.72e-01	1.28e-01	7.49e-05	2.48e-07	0.00e+00	0.00e+00	0.00e+00	0.00e+00	0.00e+00	8.72e-01	1.01e-07	5.70e-08
 5.19127e+22	8.77e-01	1.23e-01	6.83e-05	2.33e-07	0.00e+00	0.00e+00	0.00e+00	0.00e+00	0.00e+00	8.77e-01	9.99e-08	5.63e-08
 5.19947e+22	8.82e-01	1.18e-01	6.25e-05	2.19e-07	0.00e+00	0.00e+00	0.00e+00	0.00e+00	0.00e+00	8.82e-01	9.92e-08	5.57e-08
 5.20785e+22	8.87e-01	1.13e-01	5.72e-05	2.06e-07	0.00e+00	0.00e+00	0.00e+00	0.00e+00	0.00e+00	8.87e-01	9.85e-08	5.51e-08
 5.21628e+22	8.92e-01	1.08e-01	5.26e-05	1.95e-07	0.00e+00	0.00e+00	0.00e+00	0.00e+00	0.00e+00	8.92e-01	9.79e-08	5.45e-08
 5.22477e+22	8.96e-01	1.04e-01	4.85e-05	1.84e-07	0.00e+00	0.00e+00	0.00e+00	0.00e+00	0.00e+00	8.96e-01	9.73e-08	5.39e-08
 5.23351e+22	9.00e-01	9.98e-02	4.49e-05	1.74e-07	0.00e+00	0.00e+00	0.00e+00	0.00e+00	0.00e+00	9.00e-01	9.68e-08	5.34e-08
 5.24239e+22	9.04e-01	9.60e-02	4.16e-05	1.64e-07	0.00e+00	0.00e+00	0.00e+00	0.00e+00	0.00e+00	9.04e-01	9.63e-08	5.30e-08
 5.25139e+22	9.08e-01	9.22e-02	3.87e-05	1.55e-07	0.00e+00	0.00e+00	0.00e+00	0.00e+00	0.00e+00	9.08e-01	9.59e-08	5.25e-08
 5.26063e+22	9.11e-01	8.86e-02	3.60e-05	1.47e-07	0.00e+00	0.00e+00	0.00e+00	0.00e+00	0.00e+00	9.11e-01	9.54e-08	5.20e-08
 5.27009e+22	9.15e-01	8.52e-02	3.37e-05	1.39e-07	0.00e+00	0.00e+00	0.00e+00	0.00e+00	0.00e+00	9.15e-01	9.51e-08	5.15e-08
 5.27968e+22	9.18e-01	8.19e-02	3.16e-05	1.31e-07	0.00e+00	0.00e+00	0.00e+00	0.00e+00	0.00e+00	9.18e-01	9.48e-08	5.11e-08
 5.28943e+22	9.21e-01	7.87e-02	2.97e-05	1.24e-07	0.00e+00	0.00e+00	0.00e+00	0.00e+00	0.00e+00	9.21e-01	9.44e-08	5.07e-08
 5.29948e+22	9.24e-01	7.56e-02	2.80e-05	0.00e+00	0.00e+00	0.00e+00	0.00e+00	0.00e+00	0.00e+00	9.24e-01	9.42e-08	5.03e-08
 5.30972e+22	9.27e-01	7.26e-02	2.65e-05	0.00e+00	0.00e+00	0.00e+00	0.00e+00	0.00e+00	0.00e+00	9.27e-01	9.40e-08	4.99e-08
 5.31965e+22	9.30e-01	7.00e-02	2.53e-05	0.00e+00	0.00e+00	0.00e+00	0.00e+00	0.00e+00	0.00e+00	9.30e-01	9.37e-08	4.96e-08
 5.32894e+22	9.32e-01	6.77e-02	2.42e-05	0.00e+00	0.00e+00	0.00e+00	0.00e+00	0.00e+00	0.00e+00	9.32e-01	9.35e-08	4.93e-08
 5.33751e+22	9.34e-01	6.56e-02	2.34e-05	0.00e+00	0.00e+00	0.00e+00	0.00e+00	0.00e+00	0.00e+00	9.34e-01	9.32e-08	4.89e-08
 5.34553e+22	9.36e-01	6.38e-02	2.27e-05	0.00e+00	0.00e+00	0.00e+00	0.00e+00	0.00e+00	0.00e+00	9.36e-01	9.30e-08	4.86e-08
 5.35296e+22	9.38e-01	6.22e-02	2.21e-05	0.00e+00	0.00e+00	0.00e+00	0.00e+00	0.00e+00	0.00e+00	9.38e-01	9.28e-08	4.84e-08
 5.36016e+22	9.39e-01	6.06e-02	2.16e-05	0.00e+00	0.00e+00	0.00e+00	0.00e+00	0.00e+00	0.00e+00	9.39e-01	9.27e-08	4.82e-08
 5.36740e+22	9.41e-01	5.90e-02	2.11e-05	0.00e+00	0.00e+00	0.00e+00	0.00e+00	0.00e+00	0.00e+00	9.41e-01	9.26e-08	4.80e-08
 5.37442e+22	9.42e-01	5.75e-02	2.06e-05	0.00e+00	0.00e+00	0.00e+00	0.00e+00	0.00e+00	0.00e+00	9.42e-01	9.24e-08	4.77e-08
 5.38101e+22	9.44e-01	5.62e-02	2.02e-05	0.00e+00	0.00e+00	0.00e+00	0.00e+00	0.00e+00	0.00e+00	9.44e-01	9.23e-08	4.75e-08
 5.38727e+22	9.45e-01	5.49e-02	1.98e-05	0.00e+00	0.00e+00	0.00e+00	0.00e+00	0.00e+00	0.00e+00	9.45e-01	9.22e-08	4.74e-08
 5.39355e+22	9.46e-01	5.36e-02	1.95e-05	0.00e+00	0.00e+00	0.00e+00	0.00e+00	0.00e+00	0.00e+00	9.46e-01	9.21e-08	4.72e-08
 5.39956e+22	9.48e-01	5.24e-02	1.92e-05	0.00e+00	0.00e+00	0.00e+00	0.00e+00	0.00e+00	0.00e+00	9.48e-01	9.20e-08	4.70e-08
 5.40522e+22	9.49e-01	5.13e-02	1.89e-05	0.00e+00	0.00e+00	0.00e+00	0.00e+00	0.00e+00	0.00e+00	9.49e-01	9.19e-08	4.68e-08
 5.41085e+22	9.50e-01	5.02e-02	1.87e-05	0.00e+00	0.00e+00	0.00e+00	0.00e+00	0.00e+00	0.00e+00	9.50e-01	9.18e-08	4.66e-08
 5.41625e+22	9.51e-01	4.91e-02	1.84e-05	0.00e+00	0.00e+00	0.00e+00	0.00e+00	0.00e+00	0.00e+00	9.51e-01	9.16e-08	4.65e-08
 5.42132e+22	9.52e-01	4.82e-02	1.82e-05	0.00e+00	0.00e+00	0.00e+00	0.00e+00	0.00e+00	0.00e+00	9.52e-01	9.16e-08	4.63e-08
 5.42630e+22	9.53e-01	4.72e-02	1.80e-05	0.00e+00	0.00e+00	0.00e+00	0.00e+00	0.00e+00	0.00e+00	9.53e-01	9.14e-08	4.62e-08
 5.43114e+22	9.54e-01	4.62e-02	1.78e-05	0.00e+00	0.00e+00	0.00e+00	0.00e+00	0.00e+00	0.00e+00	9.54e-01	9.13e-08	4.60e-08
 5.43571e+22	9.55e-01	4.54e-02	1.77e-05	0.00e+00	0.00e+00	0.00e+00	0.00e+00	0.00e+00	0.00e+00	9.55e-01	9.12e-08	4.58e-08
 5.43986e+22	9.55e-01	4.46e-02	1.75e-05	0.00e+00	0.00e+00	0.00e+00	0.00e+00	0.00e+00	0.00e+00	9.55e-01	9.10e-08	4.56e-08
 5.44363e+22	9.56e-01	4.39e-02	1.74e-05	0.00e+00	0.00e+00	0.00e+00	0.00e+00	0.00e+00	0.00e+00	9.56e-01	9.09e-08	4.55e-08
 5.44707e+22	9.57e-01	4.32e-02	1.73e-05	0.00e+00	0.00e+00	0.00e+00	0.00e+00	0.00e+00	0.00e+00	9.57e-01	9.07e-08	4.54e-08
 5.45020e+22	9.57e-01	4.27e-02	1.72e-05	0.00e+00	0.00e+00	0.00e+00	0.00e+00	0.00e+00	0.00e+00	9.57e-01	9.06e-08	4.52e-08
 5.45304e+22	9.58e-01	4.21e-02	1.71e-05	0.00e+00	0.00e+00	0.00e+00	0.00e+00	0.00e+00	0.00e+00	9.58e-01	9.05e-08	4.51e-08
 5.45563e+22	9.58e-01	4.17e-02	1.70e-05	0.00e+00	0.00e+00	0.00e+00	0.00e+00	0.00e+00	0.00e+00	9.58e-01	9.03e-08	4.50e-08
 5.45847e+22	9.59e-01	4.11e-02	1.69e-05	0.00e+00	0.00e+00	0.00e+00	0.00e+00	0.00e+00	0.00e+00	9.59e-01	8.99e-08	4.49e-08
 5.46154e+22	9.59e-01	4.05e-02	1.67e-05	0.00e+00	0.00e+00	0.00e+00	0.00e+00	0.00e+00	0.00e+00	9.59e-01	8.95e-08	4.47e-08
 5.46433e+22	9.60e-01	4.00e-02	1.66e-05	0.00e+00	0.00e+00	0.00e+00	0.00e+00	0.00e+00	0.00e+00	9.60e-01	8.92e-08	4.46e-08
 5.46686e+22	9.60e-01	3.95e-02	1.65e-05	0.00e+00	0.00e+00	0.00e+00	0.00e+00	0.00e+00	0.00e+00	9.60e-01	8.88e-08	4.44e-08
 5.46917e+22	9.61e-01	3.92e-02	1.65e-05	0.00e+00	0.00e+00	0.00e+00	0.00e+00	0.00e+00	0.00e+00	9.61e-01	8.86e-08	4.44e-08
 5.47170e+22	9.61e-01	3.87e-02	1.63e-05	0.00e+00	0.00e+00	0.00e+00	0.00e+00	0.00e+00	0.00e+00	9.61e-01	8.84e-08	4.43e-08
 5.47499e+22	9.62e-01	3.80e-02	1.62e-05	0.00e+00	0.00e+00	0.00e+00	0.00e+00	0.00e+00	0.00e+00	9.62e-01	8.80e-08	4.42e-08
 5.47854e+22	9.63e-01	3.73e-02	1.60e-05	0.00e+00	0.00e+00	0.00e+00	0.00e+00	0.00e+00	0.00e+00	9.63e-01	8.76e-08	4.40e-08
 5.48178e+22	9.63e-01	3.67e-02	1.59e-05	0.00e+00	0.00e+00	0.00e+00	0.00e+00	0.00e+00	0.00e+00	9.63e-01	8.73e-08	4.39e-08
 5.48472e+22	9.64e-01	3.62e-02	1.58e-05	0.00e+00	0.00e+00	0.00e+00	0.00e+00	0.00e+00	0.00e+00	9.64e-01	8.71e-08	4.38e-08
 5.48794e+22	9.64e-01	3.57e-02	1.56e-05	0.00e+00	0.00e+00	0.00e+00	0.00e+00	0.00e+00	0.00e+00	9.64e-01	8.69e-08	4.37e-08
 5.49142e+22	9.65e-01	3.51e-02	1.55e-05	0.00e+00	0.00e+00	0.00e+00	0.00e+00	0.00e+00	0.00e+00	9.65e-01	8.67e-08	4.36e-08
 5.49458e+22	9.65e-01	3.47e-02	1.54e-05	0.00e+00	0.00e+00	0.00e+00	0.00e+00	0.00e+00	0.00e+00	9.65e-01	8.65e-08	4.36e-08
 5.49746e+22	9.66e-01	3.42e-02	1.52e-05	0.00e+00	0.00e+00	0.00e+00	0.00e+00	0.00e+00	0.00e+00	9.66e-01	8.63e-08	4.34e-08
 5.50009e+22	9.66e-01	3.40e-02	1.51e-05	0.00e+00	0.00e+00	0.00e+00	0.00e+00	0.00e+00	0.00e+00	9.66e-01	8.62e-08	4.34e-08
 5.50296e+22	9.67e-01	3.35e-02	1.50e-05	0.00e+00	0.00e+00	0.00e+00	0.00e+00	0.00e+00	0.00e+00	9.67e-01	8.61e-08	4.34e-08
 5.50669e+22	9.67e-01	3.28e-02	1.48e-05	0.00e+00	0.00e+00	0.00e+00	0.00e+00	0.00e+00	0.00e+00	9.67e-01	8.59e-08	4.33e-08
 5.51073e+22	9.68e-01	3.22e-02	1.46e-05	0.00e+00	0.00e+00	0.00e+00	0.00e+00	0.00e+00	0.00e+00	9.68e-01	8.57e-08	4.32e-08
 5.51439e+22	9.68e-01	3.17e-02	1.45e-05	0.00e+00	0.00e+00	0.00e+00	0.00e+00	0.00e+00	0.00e+00	9.68e-01	8.55e-08	4.31e-08
 5.51773e+22	9.69e-01	3.13e-02	1.43e-05	0.00e+00	0.00e+00	0.00e+00	0.00e+00	0.00e+00	0.00e+00	9.69e-01	8.54e-08	4.30e-08
 5.52077e+22	9.69e-01	3.09e-02	1.42e-05	0.00e+00	0.00e+00	0.00e+00	0.00e+00	0.00e+00	0.00e+00	9.69e-01	8.53e-08	4.29e-08
 5.52354e+22	9.69e-01	3.05e-02	1.41e-05	0.00e+00	0.00e+00	0.00e+00	0.00e+00	0.00e+00	0.00e+00	9.69e-01	8.52e-08	4.28e-08
 5.52657e+22	9.70e-01	3.00e-02	1.39e-05	0.00e+00	0.00e+00	0.00e+00	0.00e+00	0.00e+00	0.00e+00	9.70e-01	8.50e-08	4.27e-08
 5.52984e+22	9.70e-01	2.95e-02	1.37e-05	0.00e+00	0.00e+00	0.00e+00	0.00e+00	0.00e+00	0.00e+00	9.70e-01	8.47e-08	4.26e-08
 5.53281e+22	9.71e-01	2.91e-02	1.36e-05	0.00e+00	0.00e+00	0.00e+00	0.00e+00	0.00e+00	0.00e+00	9.71e-01	8.46e-08	4.25e-08
 5.53552e+22	9.71e-01	2.88e-02	1.35e-05	0.00e+00	0.00e+00	0.00e+00	0.00e+00	0.00e+00	0.00e+00	9.71e-01	8.43e-08	4.23e-08
 5.53799e+22	9.71e-01	2.85e-02	1.33e-05	0.00e+00	0.00e+00	0.00e+00	0.00e+00	0.00e+00	0.00e+00	9.71e-01	8.42e-08	4.23e-08
 5.54069e+22	9.72e-01	2.81e-02	1.32e-05	0.00e+00	0.00e+00	0.00e+00	0.00e+00	0.00e+00	0.00e+00	9.72e-01	8.41e-08	4.22e-08
 5.54420e+22	9.72e-01	2.76e-02	1.30e-05	0.00e+00	0.00e+00	0.00e+00	0.00e+00	0.00e+00	0.00e+00	9.72e-01	8.39e-08	4.20e-08
 5.54799e+22	9.73e-01	2.70e-02	1.28e-05	0.00e+00	0.00e+00	0.00e+00	0.00e+00	0.00e+00	0.00e+00	9.73e-01	8.37e-08	4.19e-08
 5.55144e+22	9.73e-01	2.66e-02	1.27e-05	0.00e+00	0.00e+00	0.00e+00	0.00e+00	0.00e+00	0.00e+00	9.73e-01	8.35e-08	4.17e-08
 5.55458e+22	9.74e-01	2.62e-02	1.25e-05	0.00e+00	0.00e+00	0.00e+00	0.00e+00	0.00e+00	0.00e+00	9.74e-01	8.33e-08	4.16e-08
 5.55743e+22	9.74e-01	2.59e-02	1.24e-05	0.00e+00	0.00e+00	0.00e+00	0.00e+00	0.00e+00	0.00e+00	9.74e-01	8.32e-08	4.15e-08
 5.56003e+22	9.74e-01	2.56e-02	1.23e-05	0.00e+00	0.00e+00	0.00e+00	0.00e+00	0.00e+00	0.00e+00	9.74e-01	8.30e-08	4.14e-08
 5.56288e+22	9.75e-01	2.52e-02	1.22e-05	0.00e+00	0.00e+00	0.00e+00	0.00e+00	0.00e+00	0.00e+00	9.75e-01	8.28e-08	4.13e-08
 5.56596e+22	9.75e-01	2.48e-02	1.20e-05	0.00e+00	0.00e+00	0.00e+00	0.00e+00	0.00e+00	0.00e+00	9.75e-01	8.26e-08	4.11e-08
 5.56875e+22	9.76e-01	2.45e-02	1.19e-05	0.00e+00	0.00e+00	0.00e+00	0.00e+00	0.00e+00	0.00e+00	9.76e-01	8.25e-08	4.10e-08
 5.57182e+22	9.76e-01	2.41e-02	1.18e-05	0.00e+00	0.00e+00	0.00e+00	0.00e+00	0.00e+00	0.00e+00	9.76e-01	8.23e-08	4.08e-08
 5.57513e+22	9.76e-01	2.37e-02	1.17e-05	0.00e+00	0.00e+00	0.00e+00	0.00e+00	0.00e+00	0.00e+00	9.76e-01	8.21e-08	4.07e-08
 5.57814e+22	9.77e-01	2.34e-02	1.16e-05	0.00e+00	0.00e+00	0.00e+00	0.00e+00	0.00e+00	0.00e+00	9.77e-01	8.20e-08	4.05e-08
 5.58088e+22	9.77e-01	2.30e-02	1.15e-05	0.00e+00	0.00e+00	0.00e+00	0.00e+00	0.00e+00	0.00e+00	9.77e-01	8.12e-08	4.02e-08
 5.58338e+22	9.77e-01	2.29e-02	1.14e-05	0.00e+00	0.00e+00	0.00e+00	0.00e+00	0.00e+00	0.00e+00	9.77e-01	8.11e-08	4.01e-08
 5.58611e+22	9.77e-01	2.26e-02	1.13e-05	0.00e+00	0.00e+00	0.00e+00	0.00e+00	0.00e+00	0.00e+00	9.77e-01	8.04e-08	3.98e-08
 5.58967e+22	9.78e-01	2.22e-02	1.11e-05	0.00e+00	0.00e+00	0.00e+00	0.00e+00	0.00e+00	0.00e+00	9.78e-01	7.96e-08	3.95e-08
 5.59350e+22	9.78e-01	2.18e-02	1.10e-05	0.00e+00	0.00e+00	0.00e+00	0.00e+00	0.00e+00	0.00e+00	9.78e-01	7.88e-08	3.91e-08
 5.59699e+22	9.79e-01	2.14e-02	1.09e-05	0.00e+00	0.00e+00	0.00e+00	0.00e+00	0.00e+00	0.00e+00	9.79e-01	7.80e-08	3.86e-08
 5.60017e+22	9.79e-01	2.12e-02	1.08e-05	0.00e+00	0.00e+00	0.00e+00	0.00e+00	0.00e+00	0.00e+00	9.79e-01	7.78e-08	3.85e-08
 5.60365e+22	9.79e-01	2.09e-02	1.07e-05	0.00e+00	0.00e+00	0.00e+00	0.00e+00	0.00e+00	0.00e+00	9.79e-01	7.70e-08	3.80e-08
 5.60741e+22	9.79e-01	2.05e-02	1.06e-05	0.00e+00	0.00e+00	0.00e+00	0.00e+00	0.00e+00	0.00e+00	9.79e-01	7.64e-08	3.76e-08
 5.61083e+22	9.80e-01	2.02e-02	1.04e-05	0.00e+00	0.00e+00	0.00e+00	0.00e+00	0.00e+00	0.00e+00	9.80e-01	7.58e-08	3.72e-08
 5.61458e+22	9.80e-01	1.99e-02	1.03e-05	0.00e+00	0.00e+00	0.00e+00	0.00e+00	0.00e+00	0.00e+00	9.80e-01	7.51e-08	3.68e-08
 5.61862e+22	9.80e-01	1.95e-02	1.02e-05	0.00e+00	0.00e+00	0.00e+00	0.00e+00	0.00e+00	0.00e+00	9.80e-01	7.44e-08	3.63e-08
 5.62231e+22	9.81e-01	1.92e-02	1.01e-05	0.00e+00	0.00e+00	0.00e+00	0.00e+00	0.00e+00	0.00e+00	9.81e-01	7.35e-08	3.58e-08
 5.62566e+22	9.81e-01	1.90e-02	1.00e-05	0.00e+00	0.00e+00	0.00e+00	0.00e+00	0.00e+00	0.00e+00	9.81e-01	7.33e-08	3.56e-08
 5.62933e+22	9.81e-01	1.86e-02	9.90e-06	0.00e+00	0.00e+00	0.00e+00	0.00e+00	0.00e+00	0.00e+00	9.81e-01	7.26e-08	3.52e-08
 5.63329e+22	9.82e-01	1.83e-02	9.79e-06	0.00e+00	0.00e+00	0.00e+00	0.00e+00	0.00e+00	0.00e+00	9.82e-01	7.19e-08	3.48e-08
 5.63690e+22	9.82e-01	1.80e-02	9.69e-06	0.00e+00	0.00e+00	0.00e+00	0.00e+00	0.00e+00	0.00e+00	9.82e-01	7.11e-08	3.43e-08
 5.64018e+22	9.82e-01	1.78e-02	9.61e-06	0.00e+00	0.00e+00	0.00e+00	0.00e+00	0.00e+00	0.00e+00	9.82e-01	7.09e-08	3.41e-08
 5.64378e+22	9.82e-01	1.76e-02	9.51e-06	0.00e+00	0.00e+00	0.00e+00	0.00e+00	0.00e+00	0.00e+00	9.82e-01	7.02e-08	3.37e-08
 5.64766e+22	9.83e-01	1.72e-02	9.41e-06	0.00e+00	0.00e+00	0.00e+00	0.00e+00	0.00e+00	0.00e+00	9.83e-01	6.94e-08	3.32e-08
 5.65119e+22	9.83e-01	1.70e-02	9.33e-06	0.00e+00	0.00e+00	0.00e+00	0.00e+00	0.00e+00	0.00e+00	9.83e-01	6.90e-08	3.30e-08
 5.65507e+22	9.83e-01	1.67e-02	9.22e-06	0.00e+00	0.00e+00	0.00e+00	0.00e+00	0.00e+00	0.00e+00	9.83e-01	6.80e-08	3.24e-08
 5.65925e+22	9.84e-01	1.64e-02	9.12e-06	0.00e+00	0.00e+00	0.00e+00	0.00e+00	0.00e+00	0.00e+00	9.84e-01	6.73e-08	3.20e-08
 5.66305e+22	9.84e-01	1.61e-02	9.03e-06	0.00e+00	0.00e+00	0.00e+00	0.00e+00	0.00e+00	0.00e+00	9.84e-01	6.64e-08	3.14e-08
 5.66651e+22	9.84e-01	1.60e-02	8.96e-06	0.00e+00	0.00e+00	0.00e+00	0.00e+00	0.00e+00	0.00e+00	9.84e-01	6.61e-08	3.12e-08
 5.67030e+22	9.84e-01	1.57e-02	8.86e-06	0.00e+00	0.00e+00	0.00e+00	0.00e+00	0.00e+00	0.00e+00	9.84e-01	6.54e-08	3.08e-08
 5.67440e+22	9.85e-01	1.54e-02	8.77e-06	0.00e+00	0.00e+00	0.00e+00	0.00e+00	0.00e+00	0.00e+00	9.85e-01	6.46e-08	3.03e-08
 5.67813e+22	9.85e-01	1.52e-02	8.69e-06	0.00e+00	0.00e+00	0.00e+00	0.00e+00	0.00e+00	0.00e+00	9.85e-01	6.41e-08	3.00e-08
 5.68221e+22	9.85e-01	1.49e-02	8.59e-06	0.00e+00	0.00e+00	0.00e+00	0.00e+00	0.00e+00	0.00e+00	9.85e-01	6.32e-08	2.95e-08
 5.68662e+22	9.85e-01	1.46e-02	8.50e-06	0.00e+00	0.00e+00	0.00e+00	0.00e+00	0.00e+00	0.00e+00	9.85e-01	6.24e-08	2.90e-08
 5.69063e+22	9.86e-01	1.44e-02	8.42e-06	0.00e+00	0.00e+00	0.00e+00	0.00e+00	0.00e+00	0.00e+00	9.86e-01	6.19e-08	2.87e-08
 5.69503e+22	9.86e-01	1.41e-02	8.32e-06	0.00e+00	0.00e+00	0.00e+00	0.00e+00	0.00e+00	0.00e+00	9.86e-01	6.09e-08	2.81e-08
 5.69977e+22	9.86e-01	1.38e-02	8.22e-06	0.00e+00	0.00e+00	0.00e+00	0.00e+00	0.00e+00	0.00e+00	9.86e-01	6.01e-08	2.76e-08
 5.70409e+22	9.86e-01	1.36e-02	8.14e-06	0.00e+00	0.00e+00	0.00e+00	0.00e+00	0.00e+00	0.00e+00	9.86e-01	5.96e-08	2.73e-08
 5.70882e+22	9.87e-01	1.33e-02	8.04e-06	0.00e+00	0.00e+00	0.00e+00	0.00e+00	0.00e+00	0.00e+00	9.87e-01	5.87e-08	2.67e-08
 5.71393e+22	9.87e-01	1.30e-02	7.94e-06	0.00e+00	0.00e+00	0.00e+00	0.00e+00	0.00e+00	0.00e+00	9.87e-01	5.79e-08	2.63e-08
 5.71858e+22	9.87e-01	1.28e-02	7.86e-06	0.00e+00	0.00e+00	0.00e+00	0.00e+00	0.00e+00	0.00e+00	9.87e-01	5.74e-08	2.60e-08
 5.72368e+22	9.87e-01	1.25e-02	7.76e-06	0.00e+00	0.00e+00	0.00e+00	0.00e+00	0.00e+00	0.00e+00	9.87e-01	5.66e-08	2.55e-08
 5.72917e+22	9.88e-01	1.23e-02	7.66e-06	0.00e+00	0.00e+00	0.00e+00	0.00e+00	0.00e+00	0.00e+00	9.88e-01	5.59e-08	2.52e-08
 5.73418e+22	9.88e-01	1.20e-02	7.58e-06	0.00e+00	0.00e+00	0.00e+00	0.00e+00	0.00e+00	0.00e+00	9.88e-01	5.52e-08	2.47e-08
 5.73873e+22	9.88e-01	1.18e-02	7.51e-06	0.00e+00	0.00e+00	0.00e+00	0.00e+00	0.00e+00	0.00e+00	9.88e-01	5.46e-08	2.43e-08
 5.74373e+22	9.88e-01	1.16e-02	7.41e-06	0.00e+00	0.00e+00	0.00e+00	0.00e+00	0.00e+00	0.00e+00	9.88e-01	5.39e-08	2.38e-08
 5.74911e+22	9.89e-01	1.13e-02	7.32e-06	0.00e+00	0.00e+00	0.00e+00	0.00e+00	0.00e+00	0.00e+00	9.89e-01	5.30e-08	2.32e-08
 5.75402e+22	9.89e-01	1.11e-02	7.25e-06	0.00e+00	0.00e+00	0.00e+00	0.00e+00	0.00e+00	0.00e+00	9.89e-01	5.27e-08	2.30e-08
 5.75939e+22	9.89e-01	1.09e-02	7.16e-06	0.00e+00	0.00e+00	0.00e+00	0.00e+00	0.00e+00	0.00e+00	9.89e-01	5.19e-08	2.25e-08
 5.76519e+22	9.89e-01	1.06e-02	7.06e-06	0.00e+00	0.00e+00	0.00e+00	0.00e+00	0.00e+00	0.00e+00	9.89e-01	5.09e-08	2.19e-08
 5.77047e+22	9.90e-01	1.04e-02	6.99e-06	0.00e+00	0.00e+00	0.00e+00	0.00e+00	0.00e+00	0.00e+00	9.90e-01	5.04e-08	2.16e-08
 5.77625e+22	9.90e-01	1.02e-02	6.90e-06	0.00e+00	0.00e+00	0.00e+00	0.00e+00	0.00e+00	0.00e+00	9.90e-01	4.96e-08	2.12e-08
 5.78250e+22	9.90e-01	9.95e-03	6.81e-06	0.00e+00	0.00e+00	0.00e+00	0.00e+00	0.00e+00	0.00e+00	9.90e-01	4.89e-08	2.08e-08
 5.78818e+22	9.90e-01	9.74e-03	6.73e-06	0.00e+00	0.00e+00	0.00e+00	0.00e+00	0.00e+00	0.00e+00	9.90e-01	4.82e-08	2.03e-08
 5.79335e+22	9.90e-01	9.58e-03	6.66e-06	0.00e+00	0.00e+00	0.00e+00	0.00e+00	0.00e+00	0.00e+00	9.90e-01	4.76e-08	2.00e-08
 5.79901e+22	9.91e-01	9.36e-03	6.58e-06	0.00e+00	0.00e+00	0.00e+00	0.00e+00	0.00e+00	0.00e+00	9.91e-01	4.69e-08	1.96e-08
 5.80513e+22	9.91e-01	9.11e-03	6.49e-06	0.00e+00	0.00e+00	0.00e+00	0.00e+00	0.00e+00	0.00e+00	9.91e-01	4.60e-08	1.91e-08
 5.81070e+22	9.91e-01	8.96e-03	6.42e-06	0.00e+00	0.00e+00	0.00e+00	0.00e+00	0.00e+00	0.00e+00	9.91e-01	4.56e-08	1.88e-08
 5.81680e+22	9.91e-01	8.75e-03	6.34e-06	0.00e+00	0.00e+00	0.00e+00	0.00e+00	0.00e+00	0.00e+00	9.91e-01	4.48e-08	1.84e-08
 5.82338e+22	9.91e-01	8.50e-03	6.25e-06	0.00e+00	0.00e+00	0.00e+00	0.00e+00	0.00e+00	0.00e+00	9.91e-01	4.40e-08	1.79e-08
 5.82938e+22	9.92e-01	8.34e-03	6.18e-06	0.00e+00	0.00e+00	0.00e+00	0.00e+00	0.00e+00	0.00e+00	9.92e-01	4.35e-08	1.76e-08
 5.83594e+22	9.92e-01	8.13e-03	6.09e-06	0.00e+00	0.00e+00	0.00e+00	0.00e+00	0.00e+00	0.00e+00	9.92e-01	4.28e-08	1.72e-08
 5.84303e+22	9.92e-01	7.92e-03	6.01e-06	0.00e+00	0.00e+00	0.00e+00	0.00e+00	0.00e+00	0.00e+00	9.92e-01	4.22e-08	1.68e-08
 5.84948e+22	9.92e-01	7.73e-03	5.94e-06	0.00e+00	0.00e+00	0.00e+00	0.00e+00	0.00e+00	0.00e+00	9.92e-01	4.15e-08	1.65e-08
 5.85535e+22	9.92e-01	7.59e-03	5.87e-06	0.00e+00	0.00e+00	0.00e+00	0.00e+00	0.00e+00	0.00e+00	9.92e-01	4.10e-08	1.61e-08
 5.86179e+22	9.93e-01	7.40e-03	5.79e-06	0.00e+00	0.00e+00	0.00e+00	0.00e+00	0.00e+00	0.00e+00	9.93e-01	4.04e-08	1.58e-08
 5.86873e+22	9.93e-01	7.19e-03	5.72e-06	0.00e+00	0.00e+00	0.00e+00	0.00e+00	0.00e+00	0.00e+00	9.93e-01	3.96e-08	1.53e-08
 5.87505e+22	9.93e-01	7.05e-03	5.65e-06	0.00e+00	0.00e+00	0.00e+00	0.00e+00	0.00e+00	0.00e+00	9.93e-01	3.92e-08	1.51e-08
 5.88198e+22	9.93e-01	6.87e-03	5.57e-06	0.00e+00	0.00e+00	0.00e+00	0.00e+00	0.00e+00	0.00e+00	9.93e-01	3.86e-08	1.47e-08
 5.88945e+22	9.93e-01	6.66e-03	5.49e-06	0.00e+00	0.00e+00	0.00e+00	0.00e+00	0.00e+00	0.00e+00	9.93e-01	3.78e-08	1.43e-08
 5.89626e+22	9.93e-01	6.52e-03	5.43e-06	0.00e+00	0.00e+00	0.00e+00	0.00e+00	0.00e+00	0.00e+00	9.93e-01	3.74e-08	1.40e-08
 5.90371e+22	9.94e-01	6.35e-03	5.34e-06	0.00e+00	0.00e+00	0.00e+00	0.00e+00	0.00e+00	0.00e+00	9.94e-01	3.67e-08	1.36e-08
 5.91176e+22	9.94e-01	6.16e-03	5.27e-06	0.00e+00	0.00e+00	0.00e+00	0.00e+00	0.00e+00	0.00e+00	9.94e-01	3.61e-08	1.33e-08
 5.91908e+22	9.94e-01	6.02e-03	5.20e-06	0.00e+00	0.00e+00	0.00e+00	0.00e+00	0.00e+00	0.00e+00	9.94e-01	3.56e-08	1.30e-08
 5.92711e+22	9.94e-01	5.85e-03	5.11e-06	0.00e+00	0.00e+00	0.00e+00	0.00e+00	0.00e+00	0.00e+00	9.94e-01	3.49e-08	1.26e-08
 5.93577e+22	9.94e-01	5.65e-03	5.03e-06	0.00e+00	0.00e+00	0.00e+00	0.00e+00	0.00e+00	0.00e+00	9.94e-01	3.41e-08	1.21e-08
 5.94366e+22	9.94e-01	5.52e-03	4.97e-06	0.00e+00	0.00e+00	0.00e+00	0.00e+00	0.00e+00	0.00e+00	9.94e-01	3.37e-08	1.19e-08
 5.95230e+22	9.95e-01	5.36e-03	4.88e-06	0.00e+00	0.00e+00	0.00e+00	0.00e+00	0.00e+00	0.00e+00	9.95e-01	3.30e-08	1.15e-08
 5.96163e+22	9.95e-01	5.18e-03	4.80e-06	0.00e+00	0.00e+00	0.00e+00	0.00e+00	0.00e+00	0.00e+00	9.95e-01	3.24e-08	1.12e-08
 5.97011e+22	9.95e-01	5.04e-03	4.74e-06	0.00e+00	0.00e+00	0.00e+00	0.00e+00	0.00e+00	0.00e+00	9.95e-01	3.19e-08	1.08e-08
 5.97784e+22	9.95e-01	4.92e-03	4.67e-06	0.00e+00	0.00e+00	0.00e+00	0.00e+00	0.00e+00	0.00e+00	9.95e-01	3.14e-08	1.06e-08
 5.98630e+22	9.95e-01	4.73e-03	4.59e-06	0.00e+00	0.00e+00	0.00e+00	0.00e+00	0.00e+00	0.00e+00	9.95e-01	3.08e-08	1.02e-08
 5.99726e+22	9.96e-01	4.35e-03	4.49e-06	0.00e+00	0.00e+00	0.00e+00	0.00e+00	0.00e+00	0.00e+00	9.96e-01	2.99e-08	9.75e-09
 6.00957e+22	9.96e-01	4.05e-03	4.39e-06	0.00e+00	0.00e+00	0.00e+00	0.00e+00	0.00e+00	0.00e+00	9.96e-01	2.91e-08	9.29e-09
 6.02179e+22	9.96e-01	3.83e-03	4.30e-06	0.00e+00	0.00e+00	0.00e+00	0.00e+00	0.00e+00	0.00e+00	9.96e-01	2.83e-08	8.86e-09
 6.03408e+22	9.96e-01	3.62e-03	4.21e-06	0.00e+00	0.00e+00	0.00e+00	0.00e+00	0.00e+00	0.00e+00	9.96e-01	2.76e-08	8.44e-09
 6.04665e+22	9.97e-01	3.41e-03	4.12e-06	0.00e+00	0.00e+00	0.00e+00	0.00e+00	0.00e+00	0.00e+00	9.97e-01	2.68e-08	8.02e-09
 6.05945e+22	9.97e-01	3.21e-03	4.02e-06	0.00e+00	0.00e+00	0.00e+00	0.00e+00	0.00e+00	0.00e+00	9.97e-01	2.61e-08	7.62e-09
 6.07240e+22	9.97e-01	3.02e-03	3.93e-06	0.00e+00	0.00e+00	0.00e+00	0.00e+00	0.00e+00	0.00e+00	9.97e-01	2.53e-08	7.23e-09
 6.08550e+22	9.97e-01	2.83e-03	3.85e-06	0.00e+00	0.00e+00	0.00e+00	0.00e+00	0.00e+00	0.00e+00	9.97e-01	2.46e-08	6.85e-09
 6.09876e+22	9.97e-01	2.65e-03	3.76e-06	0.00e+00	0.00e+00	0.00e+00	0.00e+00	0.00e+00	0.00e+00	9.97e-01	2.39e-08	6.48e-09
 6.11219e+22	9.98e-01	2.48e-03	3.67e-06	0.00e+00	0.00e+00	0.00e+00	0.00e+00	0.00e+00	0.00e+00	9.98e-01	2.32e-08	6.13e-09
 6.12577e+22	9.98e-01	2.32e-03	3.59e-06	0.00e+00	0.00e+00	0.00e+00	0.00e+00	0.00e+00	0.00e+00	9.98e-01	2.24e-08	5.79e-09
 6.13951e+22	9.98e-01	2.16e-03	3.51e-06	0.00e+00	0.00e+00	0.00e+00	0.00e+00	0.00e+00	0.00e+00	9.98e-01	2.17e-08	5.47e-09
 6.15339e+22	9.98e-01	2.01e-03	3.43e-06	0.00e+00	0.00e+00	0.00e+00	0.00e+00	0.00e+00	0.00e+00	9.98e-01	2.10e-08	5.15e-09
 6.16742e+22	9.98e-01	1.87e-03	3.35e-06	0.00e+00	0.00e+00	0.00e+00	0.00e+00	0.00e+00	0.00e+00	9.98e-01	2.02e-08	4.85e-09
 6.18160e+22	9.98e-01	1.73e-03	3.27e-06	0.00e+00	0.00e+00	0.00e+00	0.00e+00	0.00e+00	0.00e+00	9.98e-01	1.95e-08	4.55e-09
 6.19591e+22	9.98e-01	1.60e-03	3.19e-06	0.00e+00	0.00e+00	0.00e+00	0.00e+00	0.00e+00	0.00e+00	9.98e-01	1.88e-08	4.27e-09
 6.21034e+22	9.99e-01	1.48e-03	3.11e-06	0.00e+00	0.00e+00	0.00e+00	0.00e+00	0.00e+00	0.00e+00	9.99e-01	1.81e-08	3.99e-09
 6.22488e+22	9.99e-01	1.36e-03	3.04e-06	0.00e+00	0.00e+00	0.00e+00	0.00e+00	0.00e+00	0.00e+00	9.99e-01	1.75e-08	3.73e-09
 6.23958e+22	9.99e-01	1.25e-03	2.96e-06	0.00e+00	0.00e+00	0.00e+00	0.00e+00	0.00e+00	0.00e+00	9.99e-01	1.68e-08	3.48e-09
 6.25442e+22	9.99e-01	1.15e-03	2.89e-06	0.00e+00	0.00e+00	0.00e+00	0.00e+00	0.00e+00	0.00e+00	9.99e-01	1.61e-08	3.23e-09
 6.26939e+22	9.99e-01	1.05e-03	2.82e-06	0.00e+00	0.00e+00	0.00e+00	0.00e+00	0.00e+00	0.00e+00	9.99e-01	1.55e-08	3.00e-09
