#depth	H	H+	H2
 4.62852e+21	3.25e-09	1.00e+00	6.97e-38
 1.02168e+22	7.07e-09	1.00e+00	5.99e-37
 1.15323e+22	9.36e-09	1.00e+00	1.42e-36
 1.20660e+22	1.08e-08	1.00e+00	2.21e-36
 1.22937e+22	1.12e-08	1.00e+00	2.51e-36
 1.24064e+22	1.18e-08	1.00e+00	2.95e-36
 1.25286e+22	1.23e-08	1.00e+00	3.44e-36
 1.26449e+22	1.29e-08	1.00e+00	3.99e-36
 1.27639e+22	1.35e-08	1.00e+00	4.71e-36
 1.28840e+22	1.41e-08	1.00e+00	5.51e-36
 1.30038e+22	1.48e-08	1.00e+00	6.52e-36
 1.31251e+22	1.55e-08	1.00e+00	7.70e-36
 1.32460e+22	1.63e-08	1.00e+00	9.14e-36
 1.33661e+22	1.71e-08	1.00e+00	1.08e-35
 1.34856e+22	1.79e-08	1.00e+00	1.29e-35
 1.36057e+22	1.87e-08	1.00e+00	1.54e-35
 1.37253e+22	1.96e-08	1.00e+00	1.85e-35
 1.38447e+22	2.05e-08	1.00e+00	2.22e-35
 1.39634e+22	2.15e-08	1.00e+00	2.68e-35
 1.40815e+22	2.25e-08	1.00e+00	3.23e-35
 1.41989e+22	2.36e-08	1.00e+00	3.90e-35
 1.43157e+22	2.47e-08	1.00e+00	4.72e-35
 1.44318e+22	2.58e-08	1.00e+00	5.71e-35
 1.45473e+22	2.70e-08	1.00e+00	6.88e-35
 1.46620e+22	2.83e-08	1.00e+00	8.33e-35
 1.47761e+22	2.96e-08	1.00e+00	1.01e-34
 1.48897e+22	3.09e-08	1.00e+00	1.22e-34
 1.50030e+22	3.23e-08	1.00e+00	1.48e-34
 1.51161e+22	3.38e-08	1.00e+00	1.79e-34
 1.52292e+22	3.53e-08	1.00e+00	2.17e-34
 1.53423e+22	3.69e-08	1.00e+00	2.62e-34
 1.54558e+22	3.86e-08	1.00e+00	3.17e-34
 1.55698e+22	4.03e-08	1.00e+00	3.82e-34
 1.56848e+22	4.21e-08	1.00e+00	4.62e-34
 1.58009e+22	4.40e-08	1.00e+00	5.56e-34
 1.59184e+22	4.59e-08	1.00e+00	6.71e-34
 1.60375e+22	4.80e-08	1.00e+00	8.08e-34
 1.61587e+22	5.01e-08	1.00e+00	9.73e-34
 1.62823e+22	5.24e-08	1.00e+00	1.17e-33
 1.64086e+22	5.47e-08	1.00e+00	1.41e-33
 1.65323e+22	5.69e-08	1.00e+00	1.67e-33
 1.66597e+22	5.95e-08	1.00e+00	7.00e-34
 1.67892e+22	6.19e-08	1.00e+00	8.44e-34
 1.69230e+22	6.47e-08	1.00e+00	1.03e-33
 1.70591e+22	6.72e-08	1.00e+00	1.24e-33
 1.72001e+22	7.03e-08	1.00e+00	1.53e-33
 1.73439e+22	7.31e-08	1.00e+00	1.83e-33
 1.74764e+22	7.58e-08	1.00e+00	2.17e-33
 1.76272e+22	7.94e-08	1.00e+00	2.68e-33
 1.77793e+22	8.22e-08	1.00e+00	3.11e-33
 1.79334e+22	8.60e-08	1.00e+00	3.85e-33
 1.80903e+22	8.91e-08	1.00e+00	4.28e-33
 1.82508e+22	9.32e-08	1.00e+00	5.26e-33
 1.84121e+22	9.64e-08	1.00e+00	6.18e-33
 1.85742e+22	1.01e-07	1.00e+00	7.59e-33
 1.87355e+22	1.04e-07	1.00e+00	8.78e-33
 1.88956e+22	1.08e-07	1.00e+00	1.07e-32
 1.90595e+22	1.12e-07	1.00e+00	1.25e-32
 1.92281e+22	1.17e-07	1.00e+00	1.46e-32
 1.93971e+22	1.21e-07	1.00e+00	1.69e-32
 1.95664e+22	1.26e-07	1.00e+00	2.07e-32
 1.97388e+22	1.31e-07	1.00e+00	2.42e-32
 1.99151e+22	1.37e-07	1.00e+00	2.97e-32
 2.00939e+22	1.41e-07	1.00e+00	3.48e-32
 2.02493e+22	1.46e-07	1.00e+00	4.08e-32
 2.03960e+22	1.51e-07	1.00e+00	4.70e-32
 2.05581e+22	1.57e-07	1.00e+00	5.67e-32
 2.07195e+22	1.62e-07	1.00e+00	6.53e-32
 2.08502e+22	1.67e-07	1.00e+00	7.40e-32
 2.09902e+22	1.73e-07	1.00e+00	8.73e-32
 2.11289e+22	1.78e-07	1.00e+00	9.56e-32
 2.12412e+22	1.82e-07	1.00e+00	1.07e-31
 2.13626e+22	1.89e-07	1.00e+00	1.24e-31
 2.14773e+22	1.93e-07	1.00e+00	1.37e-31
 2.15835e+22	2.00e-07	1.00e+00	1.56e-31
 2.16903e+22	2.04e-07	1.00e+00	1.72e-31
 2.17980e+22	2.11e-07	1.00e+00	1.97e-31
 2.19013e+22	2.15e-07	1.00e+00	2.16e-31
 2.19986e+22	2.22e-07	1.00e+00	2.45e-31
 2.20988e+22	2.27e-07	1.00e+00	2.71e-31
 2.22026e+22	2.35e-07	1.00e+00	3.12e-31
 2.23048e+22	2.41e-07	1.00e+00	3.45e-31
 2.23902e+22	2.47e-07	1.00e+00	3.81e-31
 2.24727e+22	2.53e-07	1.00e+00	4.19e-31
 2.25658e+22	2.62e-07	1.00e+00	4.80e-31
 2.26561e+22	2.68e-07	1.00e+00	5.26e-31
 2.27430e+22	2.77e-07	1.00e+00	5.98e-31
 2.28304e+22	2.84e-07	1.00e+00	6.58e-31
 2.29186e+22	2.95e-07	1.00e+00	7.54e-31
 2.30067e+22	3.02e-07	1.00e+00	8.32e-31
 2.30947e+22	3.13e-07	1.00e+00	9.57e-31
 2.31844e+22	3.23e-07	1.00e+00	1.07e-30
 2.32627e+22	3.33e-07	1.00e+00	1.19e-30
 2.33510e+22	3.47e-07	1.00e+00	1.38e-30
 2.34389e+22	3.58e-07	1.00e+00	1.55e-30
 2.35265e+22	3.74e-07	1.00e+00	1.80e-30
 2.36112e+22	3.85e-07	1.00e+00	2.01e-30
 2.36919e+22	4.02e-07	1.00e+00	2.33e-30
 2.37729e+22	4.15e-07	1.00e+00	2.61e-30
 2.38545e+22	4.34e-07	1.00e+00	3.04e-30
 2.39373e+22	4.49e-07	1.00e+00	3.41e-30
 2.40216e+22	4.71e-07	1.00e+00	3.97e-30
 2.41078e+22	4.88e-07	1.00e+00	4.50e-30
 2.41841e+22	5.07e-07	1.00e+00	5.08e-30
 2.42680e+22	5.31e-07	1.00e+00	5.91e-30
 2.43530e+22	5.52e-07	1.00e+00	6.69e-30
 2.44378e+22	5.78e-07	1.00e+00	7.77e-30
 2.45241e+22	6.01e-07	1.00e+00	8.84e-30
 2.46107e+22	6.30e-07	1.00e+00	1.03e-29
 2.46986e+22	6.57e-07	1.00e+00	1.17e-29
 2.47872e+22	6.88e-07	1.00e+00	1.35e-29
 2.48754e+22	7.16e-07	1.00e+00	1.53e-29
 2.49655e+22	7.50e-07	1.00e+00	1.77e-29
 2.50571e+22	7.81e-07	1.00e+00	2.01e-29
 2.51511e+22	8.19e-07	1.00e+00	2.33e-29
 2.52476e+22	8.53e-07	1.00e+00	2.64e-29
 2.53469e+22	8.95e-07	1.00e+00	3.06e-29
 2.54491e+22	9.32e-07	1.00e+00	3.48e-29
 2.55553e+22	9.79e-07	1.00e+00	4.04e-29
 2.56644e+22	1.02e-06	1.00e+00	4.59e-29
 2.57779e+22	1.07e-06	1.00e+00	5.33e-29
 2.58946e+22	1.12e-06	1.00e+00	6.06e-29
 2.60184e+22	1.17e-06	1.00e+00	7.10e-29
 2.61427e+22	1.22e-06	1.00e+00	8.03e-29
 2.62693e+22	1.28e-06	1.00e+00	9.38e-29
 2.63988e+22	1.33e-06	1.00e+00	1.06e-28
 2.65109e+22	1.38e-06	1.00e+00	1.19e-28
 2.66353e+22	1.45e-06	1.00e+00	1.37e-28
 2.67607e+22	1.50e-06	1.00e+00	1.53e-28
 2.68874e+22	1.57e-06	1.00e+00	1.77e-28
 2.70163e+22	1.62e-06	1.00e+00	1.97e-28
 2.71304e+22	1.68e-06	1.00e+00	2.20e-28
 2.72610e+22	1.75e-06	1.00e+00	2.52e-28
 2.73924e+22	1.81e-06	1.00e+00	2.81e-28
 2.75250e+22	1.90e-06	1.00e+00	3.23e-28
 2.76579e+22	1.95e-06	1.00e+00	3.57e-28
 2.77910e+22	2.04e-06	1.00e+00	4.09e-28
 2.79266e+22	2.10e-06	1.00e+00	4.52e-28
 2.80653e+22	2.20e-06	1.00e+00	5.34e-28
 2.82066e+22	2.27e-06	1.00e+00	5.91e-28
 2.83304e+22	2.34e-06	1.00e+00	6.52e-28
 2.84703e+22	2.43e-06	1.00e+00	7.43e-28
 2.86099e+22	2.50e-06	1.00e+00	8.12e-28
 2.87492e+22	2.60e-06	1.00e+00	9.24e-28
 2.88904e+22	2.67e-06	1.00e+00	1.01e-27
 2.90341e+22	2.77e-06	1.00e+00	1.15e-27
 2.91828e+22	2.85e-06	1.00e+00	1.26e-27
 2.93378e+22	2.97e-06	1.00e+00	1.44e-27
 2.94953e+22	3.05e-06	1.00e+00	1.59e-27
 2.96561e+22	3.17e-06	1.00e+00	1.82e-27
 2.98225e+22	3.26e-06	1.00e+00	2.02e-27
 2.99961e+22	3.39e-06	1.00e+00	2.33e-27
 3.01753e+22	3.49e-06	1.00e+00	2.60e-27
 3.03620e+22	3.64e-06	1.00e+00	3.02e-27
 3.05492e+22	3.75e-06	1.00e+00	3.37e-27
 3.07370e+22	3.90e-06	1.00e+00	3.90e-27
 3.09325e+22	4.03e-06	1.00e+00	4.39e-27
 3.11377e+22	4.23e-06	1.00e+00	5.18e-27
 3.13429e+22	4.36e-06	1.00e+00	5.81e-27
 3.15480e+22	4.58e-06	1.00e+00	6.86e-27
 3.17562e+22	4.74e-06	1.00e+00	7.76e-27
 3.19318e+22	4.90e-06	1.00e+00	8.68e-27
 3.21233e+22	5.16e-06	1.00e+00	1.02e-26
 3.23135e+22	5.34e-06	1.00e+00	1.13e-26
 3.25019e+22	5.63e-06	1.00e+00	1.32e-26
 3.26923e+22	5.85e-06	1.00e+00	1.51e-26
 3.28852e+22	6.20e-06	1.00e+00	1.77e-26
 3.30793e+22	6.47e-06	1.00e+00	1.99e-26
 3.32747e+22	6.89e-06	1.00e+00	2.33e-26
 3.34727e+22	7.25e-06	1.00e+00	2.64e-26
 3.36740e+22	7.78e-06	1.00e+00	3.11e-26
 3.38775e+22	8.24e-06	1.00e+00	3.53e-26
 3.40809e+22	8.90e-06	1.00e+00	4.15e-26
 3.42738e+22	9.38e-06	1.00e+00	4.64e-26
 3.44563e+22	1.01e-05	1.00e+00	5.38e-26
 3.46425e+22	1.08e-05	1.00e+00	6.04e-26
 3.48232e+22	1.16e-05	1.00e+00	6.89e-26
 3.50082e+22	1.25e-05	1.00e+00	7.74e-26
 3.51860e+22	1.34e-05	1.00e+00	8.76e-26
 3.53610e+22	1.44e-05	1.00e+00	9.74e-26
 3.55361e+22	1.55e-05	1.00e+00	1.10e-25
 3.57111e+22	1.66e-05	1.00e+00	1.22e-25
 3.58820e+22	1.79e-05	1.00e+00	1.37e-25
 3.60534e+22	1.93e-05	1.00e+00	1.53e-25
 3.62234e+22	2.07e-05	1.00e+00	1.71e-25
 3.63942e+22	2.22e-05	1.00e+00	1.92e-25
 3.65666e+22	2.39e-05	1.00e+00	2.17e-25
 3.67409e+22	2.57e-05	1.00e+00	2.45e-25
 3.69180e+22	2.76e-05	1.00e+00	2.80e-25
 3.70984e+22	2.97e-05	1.00e+00	3.21e-25
 3.72792e+22	3.19e-05	1.00e+00	3.29e-25
 3.74644e+22	3.43e-05	1.00e+00	3.84e-25
 3.76512e+22	3.67e-05	1.00e+00	4.47e-25
 3.78337e+22	3.92e-05	1.00e+00	5.24e-25
 3.80053e+22	4.15e-05	1.00e+00	6.05e-25
 3.81904e+22	4.46e-05	1.00e+00	7.32e-25
 3.83783e+22	4.72e-05	1.00e+00	8.56e-25
 3.85699e+22	5.08e-05	1.00e+00	1.06e-24
 3.87649e+22	5.37e-05	1.00e+00	1.25e-24
 3.89643e+22	5.77e-05	1.00e+00	1.56e-24
 3.91659e+22	6.08e-05	1.00e+00	1.85e-24
 3.93704e+22	6.54e-05	1.00e+00	2.34e-24
 3.95767e+22	6.88e-05	1.00e+00	2.79e-24
 3.97852e+22	7.38e-05	1.00e+00	3.54e-24
 3.99964e+22	7.76e-05	1.00e+00	4.25e-24
 4.02110e+22	8.31e-05	1.00e+00	5.43e-24
 4.04292e+22	8.74e-05	1.00e+00	6.56e-24
 4.06521e+22	9.36e-05	1.00e+00	8.44e-24
 4.08794e+22	9.85e-05	1.00e+00	1.03e-23
 4.11124e+22	1.05e-04	1.00e+00	1.33e-23
 4.13508e+22	1.11e-04	1.00e+00	1.64e-23
 4.15518e+22	1.16e-04	1.00e+00	1.96e-23
 4.17688e+22	1.24e-04	1.00e+00	2.50e-23
 4.19870e+22	1.29e-04	1.00e+00	2.98e-23
 4.22065e+22	1.37e-04	1.00e+00	3.79e-23
 4.24234e+22	1.43e-04	1.00e+00	4.49e-23
 4.26368e+22	1.51e-04	1.00e+00	5.65e-23
 4.28533e+22	1.58e-04	1.00e+00	6.73e-23
 4.30739e+22	1.67e-04	1.00e+00	8.47e-23
 4.32983e+22	1.74e-04	1.00e+00	1.02e-22
 4.35279e+22	1.85e-04	1.00e+00	1.29e-22
 4.37592e+22	1.92e-04	1.00e+00	1.55e-22
 4.39927e+22	2.04e-04	1.00e+00	1.97e-22
 4.42293e+22	2.13e-04	1.00e+00	2.37e-22
 4.44698e+22	2.26e-04	1.00e+00	3.03e-22
 4.47160e+22	2.36e-04	1.00e+00	3.67e-22
 4.49696e+22	2.50e-04	1.00e+00	4.76e-22
 4.52269e+22	2.61e-04	1.00e+00	5.78e-22
 4.54888e+22	2.78e-04	1.00e+00	7.53e-22
 4.57533e+22	2.90e-04	1.00e+00	9.18e-22
 4.59787e+22	3.03e-04	1.00e+00	1.11e-21
 4.62292e+22	3.20e-04	1.00e+00	1.42e-21
 4.64821e+22	3.35e-04	1.00e+00	1.72e-21
 4.67381e+22	3.53e-04	1.00e+00	2.12e-21
 4.69870e+22	3.68e-04	1.00e+00	2.55e-21
 4.71936e+22	3.83e-04	1.00e+00	3.05e-21
 4.74292e+22	4.02e-04	1.00e+00	3.80e-21
 4.76723e+22	4.19e-04	1.00e+00	4.61e-21
 4.78906e+22	4.36e-04	1.00e+00	5.54e-21
 4.81399e+22	4.59e-04	1.00e+00	7.03e-21
 4.83971e+22	4.80e-04	1.00e+00	8.67e-21
 4.86263e+22	5.00e-04	9.99e-01	1.05e-20
 4.88860e+22	5.26e-04	9.99e-01	1.35e-20
 4.91571e+22	5.52e-04	9.99e-01	1.69e-20
 4.94019e+22	5.76e-04	9.99e-01	2.08e-20
 4.96791e+22	6.08e-04	9.99e-01	2.72e-20
 4.99638e+22	6.38e-04	9.99e-01	3.46e-20
 5.02167e+22	6.67e-04	9.99e-01	4.31e-20
 5.05039e+22	7.05e-04	9.99e-01	5.73e-20
 5.08005e+22	7.41e-04	9.99e-01	7.48e-20
 5.10627e+22	7.75e-04	9.99e-01	9.45e-20
 5.13574e+22	8.20e-04	9.99e-01	1.28e-19
 5.16585e+22	8.61e-04	9.99e-01	1.72e-19
 5.19258e+22	9.01e-04	9.99e-01	2.22e-19
 5.22311e+22	9.55e-04	9.99e-01	3.10e-19
 5.25429e+22	1.00e-03	9.99e-01	4.43e-19
 5.28198e+22	1.05e-03	9.99e-01	5.85e-19
 5.31368e+22	1.12e-03	9.99e-01	8.58e-19
 5.34610e+22	1.18e-03	9.99e-01	1.35e-18
 5.37384e+22	1.23e-03	9.99e-01	1.84e-18
 5.40430e+22	1.30e-03	9.99e-01	2.79e-18
 5.43552e+22	1.36e-03	9.99e-01	4.31e-18
 5.46334e+22	1.43e-03	9.99e-01	6.85e-18
 5.49509e+22	1.51e-03	9.98e-01	1.22e-17
 5.52735e+22	1.59e-03	9.98e-01	2.57e-17
 5.55473e+22	1.66e-03	9.98e-01	4.39e-17
 5.58478e+22	1.75e-03	9.98e-01	1.00e-16
 5.61565e+22	1.84e-03	9.98e-01	2.40e-16
 5.64327e+22	1.92e-03	9.98e-01	4.96e-16
 5.66811e+22	1.99e-03	9.98e-01	1.14e-15
 5.69028e+22	2.06e-03	9.98e-01	3.87e-15
 5.71574e+22	2.15e-03	9.98e-01	1.12e-14
 5.74206e+22	2.24e-03	9.98e-01	7.52e-14
 5.76528e+22	2.32e-03	9.98e-01	1.63e-13
 5.79125e+22	2.43e-03	9.98e-01	2.49e-13
 5.81773e+22	2.52e-03	9.97e-01	3.21e-13
 5.84488e+22	2.64e-03	9.97e-01	3.99e-13
 5.87224e+22	2.74e-03	9.97e-01	4.79e-13
 5.89988e+22	2.88e-03	9.97e-01	5.92e-13
 5.92791e+22	2.98e-03	9.97e-01	7.04e-13
 5.95644e+22	3.13e-03	9.97e-01	8.67e-13
 5.98535e+22	3.25e-03	9.97e-01	1.02e-12
 6.01474e+22	3.42e-03	9.97e-01	1.24e-12
 6.04458e+22	3.56e-03	9.96e-01	1.47e-12
 6.07500e+22	3.75e-03	9.96e-01	1.80e-12
 6.10574e+22	3.90e-03	9.96e-01	2.10e-12
 6.13687e+22	4.09e-03	9.96e-01	2.53e-12
 6.16916e+22	4.28e-03	9.96e-01	2.99e-12
 6.19480e+22	4.42e-03	9.96e-01	3.39e-12
 6.21996e+22	4.60e-03	9.95e-01	3.92e-12
 6.24562e+22	4.75e-03	9.95e-01	4.41e-12
 6.27193e+22	4.95e-03	9.95e-01	5.07e-12
 6.29877e+22	5.12e-03	9.95e-01	5.72e-12
 6.32631e+22	5.35e-03	9.95e-01	6.67e-12
 6.35381e+22	5.53e-03	9.94e-01	7.48e-12
 6.38123e+22	5.77e-03	9.94e-01	8.61e-12
 6.40937e+22	5.97e-03	9.94e-01	9.69e-12
 6.43844e+22	6.25e-03	9.94e-01	1.12e-11
 6.46769e+22	6.46e-03	9.94e-01	1.25e-11
 6.49720e+22	6.77e-03	9.93e-01	1.44e-11
 6.52728e+22	7.00e-03	9.93e-01	1.61e-11
 6.55053e+22	7.17e-03	9.93e-01	1.74e-11
 6.56998e+22	7.35e-03	9.93e-01	1.88e-11
 6.59208e+22	7.60e-03	9.92e-01	2.07e-11
 6.62081e+22	7.94e-03	9.92e-01	2.36e-11
 6.64695e+22	8.13e-03	9.92e-01	2.55e-11
 6.66615e+22	8.31e-03	9.92e-01	2.73e-11
 6.68255e+22	8.46e-03	9.92e-01	2.88e-11
 6.69885e+22	8.66e-03	9.91e-01	3.09e-11
 6.72003e+22	8.94e-03	9.91e-01	3.39e-11
 6.74758e+22	9.34e-03	9.91e-01	3.84e-11
 6.77390e+22	9.57e-03	9.90e-01	4.14e-11
 6.79863e+22	9.93e-03	9.90e-01	4.60e-11
 6.83077e+22	1.04e-02	9.90e-01	5.30e-11
 6.86340e+22	1.08e-02	9.89e-01	5.89e-11
 6.89664e+22	1.14e-02	9.89e-01	6.80e-11
 6.93228e+22	1.19e-02	9.88e-01	7.72e-11
 6.97103e+22	1.27e-02	9.87e-01	9.24e-11
 7.00924e+22	1.32e-02	9.87e-01	1.04e-10
 7.04675e+22	1.41e-02	9.86e-01	1.24e-10
 7.08499e+22	1.49e-02	9.85e-01	1.43e-10
 7.12420e+22	1.60e-02	9.84e-01	1.73e-10
 7.16360e+22	1.69e-02	9.83e-01	2.03e-10
 7.19370e+22	1.76e-02	9.82e-01	2.26e-10
 7.22328e+22	1.89e-02	9.81e-01	2.68e-10
 7.25254e+22	1.98e-02	9.80e-01	3.06e-10
 7.28138e+22	2.13e-02	9.79e-01	3.65e-10
 7.31074e+22	2.26e-02	9.77e-01	4.28e-10
 7.33646e+22	2.41e-02	9.76e-01	5.01e-10
 7.36559e+22	2.63e-02	9.74e-01	6.22e-10
 7.39516e+22	2.85e-02	9.71e-01	7.59e-10
 7.42080e+22	3.09e-02	9.69e-01	9.21e-10
 7.44960e+22	3.44e-02	9.66e-01	1.19e-09
 7.48018e+22	3.85e-02	9.62e-01	1.55e-09
 7.50814e+22	4.33e-02	9.57e-01	2.05e-09
 7.53539e+22	4.90e-02	9.51e-01	2.74e-09
 7.56240e+22	5.61e-02	9.44e-01	3.74e-09
 7.58869e+22	6.47e-02	9.35e-01	5.19e-09
 7.60576e+22	7.02e-02	9.30e-01	6.23e-09
 7.61236e+22	7.30e-02	9.27e-01	6.83e-09
 7.61727e+22	7.53e-02	9.25e-01	7.33e-09
 7.62306e+22	7.80e-02	9.22e-01	7.93e-09
 7.63022e+22	8.17e-02	9.18e-01	8.81e-09
 7.63768e+22	8.56e-02	9.14e-01	9.80e-09
 7.64449e+22	8.95e-02	9.10e-01	1.09e-08
 7.65081e+22	9.34e-02	9.07e-01	1.20e-08
 7.65696e+22	9.73e-02	9.03e-01	1.31e-08
 7.66320e+22	1.02e-01	8.98e-01	1.45e-08
 7.66947e+22	1.06e-01	8.94e-01	1.59e-08
 7.67572e+22	1.11e-01	8.89e-01	1.77e-08
 7.68178e+22	1.16e-01	8.84e-01	1.96e-08
 7.68756e+22	1.21e-01	8.79e-01	2.15e-08
 7.69331e+22	1.26e-01	8.74e-01	2.38e-08
 7.69908e+22	1.32e-01	8.68e-01	2.63e-08
 7.70476e+22	1.37e-01	8.63e-01	2.87e-08
 7.71060e+22	1.44e-01	8.56e-01	3.20e-08
 7.71638e+22	1.50e-01	8.50e-01	3.52e-08
 7.72196e+22	1.57e-01	8.43e-01	3.92e-08
 7.72742e+22	1.63e-01	8.37e-01	4.27e-08
 7.73290e+22	1.70e-01	8.30e-01	4.75e-08
 7.73846e+22	1.78e-01	8.22e-01	5.27e-08
 7.74368e+22	1.86e-01	8.14e-01	5.80e-08
 7.74881e+22	1.93e-01	8.07e-01	6.30e-08
 7.75441e+22	2.01e-01	7.99e-01	7.02e-08
 7.76016e+22	2.11e-01	7.89e-01	7.87e-08
 7.76527e+22	2.20e-01	7.80e-01	8.64e-08
 7.77016e+22	2.27e-01	7.73e-01	9.37e-08
 7.77565e+22	2.38e-01	7.62e-01	1.04e-07
 7.78134e+22	2.49e-01	7.51e-01	1.17e-07
 7.78644e+22	2.58e-01	7.42e-01	1.28e-07
 7.79138e+22	2.67e-01	7.33e-01	1.39e-07
 7.79701e+22	2.79e-01	7.21e-01	1.54e-07
 7.80293e+22	2.91e-01	7.09e-01	1.72e-07
 7.80830e+22	3.03e-01	6.97e-01	1.90e-07
 7.81337e+22	3.14e-01	6.86e-01	2.10e-07
 7.81842e+22	3.25e-01	6.75e-01	2.27e-07
 7.82404e+22	3.38e-01	6.62e-01	2.51e-07
 7.83007e+22	3.52e-01	6.48e-01	2.80e-07
 7.83573e+22	3.65e-01	6.35e-01	3.08e-07
 7.84119e+22	3.78e-01	6.22e-01	3.39e-07
 7.84673e+22	3.90e-01	6.10e-01	3.70e-07
 7.85259e+22	4.05e-01	5.95e-01	4.11e-07
 7.85849e+22	4.18e-01	5.82e-01	4.48e-07
 7.86454e+22	4.32e-01	5.68e-01	4.95e-07
 7.87085e+22	4.47e-01	5.53e-01	5.45e-07
 7.87706e+22	4.62e-01	5.38e-01	5.99e-07
 7.88332e+22	4.76e-01	5.24e-01	6.60e-07
 7.88966e+22	4.90e-01	5.10e-01	7.19e-07
 7.89634e+22	5.06e-01	4.94e-01	7.95e-07
 7.90319e+22	5.20e-01	4.80e-01	8.65e-07
 7.91030e+22	5.35e-01	4.65e-01	9.53e-07
 7.91722e+22	5.50e-01	4.50e-01	1.04e-06
 7.92318e+22	5.61e-01	4.39e-01	1.11e-06
 7.92914e+22	5.72e-01	4.28e-01	1.20e-06
 7.93567e+22	5.85e-01	4.15e-01	1.29e-06
 7.94253e+22	5.98e-01	4.02e-01	1.40e-06
 7.94935e+22	6.09e-01	3.91e-01	1.50e-06
 7.95626e+22	6.21e-01	3.79e-01	1.62e-06
 7.96348e+22	6.33e-01	3.67e-01	1.75e-06
 7.97071e+22	6.44e-01	3.56e-01	1.88e-06
 7.97807e+22	6.55e-01	3.45e-01	2.01e-06
 7.98588e+22	6.67e-01	3.33e-01	2.17e-06
 7.99391e+22	6.78e-01	3.22e-01	2.32e-06
 8.00209e+22	6.88e-01	3.12e-01	2.50e-06
 8.01055e+22	6.98e-01	3.02e-01	2.66e-06
 8.01945e+22	7.09e-01	2.91e-01	2.86e-06
 8.02882e+22	7.19e-01	2.81e-01	3.08e-06
 8.03828e+22	7.29e-01	2.71e-01	3.29e-06
 8.04812e+22	7.38e-01	2.62e-01	3.52e-06
 8.05877e+22	7.48e-01	2.52e-01	3.78e-06
 8.07004e+22	7.57e-01	2.43e-01	4.06e-06
 8.08175e+22	7.65e-01	2.35e-01	4.35e-06
 8.09423e+22	7.74e-01	2.26e-01	4.67e-06
 8.10763e+22	7.82e-01	2.18e-01	5.02e-06
 8.12172e+22	7.90e-01	2.10e-01	5.39e-06
 8.13641e+22	7.97e-01	2.03e-01	5.79e-06
 8.15193e+22	8.04e-01	1.96e-01	6.21e-06
 8.16838e+22	8.11e-01	1.89e-01	6.69e-06
 8.18572e+22	8.17e-01	1.83e-01	7.23e-06
 8.20387e+22	8.23e-01	1.77e-01	7.82e-06
 8.22244e+22	8.29e-01	1.71e-01	8.45e-06
 8.24120e+22	8.35e-01	1.65e-01	9.20e-06
 8.25964e+22	8.40e-01	1.60e-01	9.96e-06
 8.27772e+22	8.45e-01	1.55e-01	1.08e-05
 8.29583e+22	8.50e-01	1.50e-01	1.17e-05
 8.31370e+22	8.54e-01	1.46e-01	1.27e-05
 8.33120e+22	8.58e-01	1.42e-01	1.38e-05
 8.34869e+22	8.62e-01	1.37e-01	1.50e-05
 8.36588e+22	8.66e-01	1.33e-01	1.64e-05
 8.38231e+22	8.70e-01	1.30e-01	1.78e-05
 8.39833e+22	8.74e-01	1.26e-01	1.94e-05
 8.41406e+22	8.77e-01	1.23e-01	2.12e-05
 8.42948e+22	8.81e-01	1.19e-01	2.31e-05
 8.44447e+22	8.84e-01	1.16e-01	2.52e-05
 8.45899e+22	8.87e-01	1.13e-01	2.74e-05
 8.47323e+22	8.90e-01	1.10e-01	2.99e-05
 8.48738e+22	8.93e-01	1.07e-01	3.26e-05
 8.50140e+22	8.96e-01	1.04e-01	3.58e-05
 8.51493e+22	8.99e-01	1.01e-01	3.91e-05
 8.52804e+22	9.01e-01	9.88e-02	4.27e-05
 8.54086e+22	9.04e-01	9.63e-02	4.66e-05
 8.55311e+22	9.06e-01	9.39e-02	5.08e-05
 8.56458e+22	9.08e-01	9.17e-02	5.52e-05
 8.57535e+22	9.10e-01	8.96e-02	5.98e-05
 8.58565e+22	9.12e-01	8.76e-02	6.48e-05
 8.59370e+22	9.14e-01	8.64e-02	6.88e-05
 8.59854e+22	9.14e-01	8.59e-02	7.14e-05
 8.60183e+22	9.14e-01	8.56e-02	7.32e-05
 8.60501e+22	9.15e-01	8.52e-02	7.51e-05
 8.60861e+22	9.15e-01	8.45e-02	7.74e-05
 8.61232e+22	9.16e-01	8.37e-02	7.98e-05
 8.61588e+22	9.17e-01	8.29e-02	8.22e-05
 8.61935e+22	9.18e-01	8.23e-02	8.47e-05
 8.62282e+22	9.18e-01	8.16e-02	8.71e-05
 8.62640e+22	9.19e-01	8.09e-02	8.97e-05
 8.63001e+22	9.20e-01	8.02e-02	9.25e-05
 8.63356e+22	9.20e-01	7.95e-02	9.54e-05
 8.63705e+22	9.21e-01	7.89e-02	9.79e-05
 8.64069e+22	9.22e-01	7.82e-02	1.01e-04
 8.64460e+22	9.23e-01	7.73e-02	1.04e-04
 8.64852e+22	9.23e-01	7.66e-02	1.07e-04
 8.65239e+22	9.24e-01	7.59e-02	1.10e-04
 8.65634e+22	9.25e-01	7.50e-02	1.13e-04
 8.66021e+22	9.25e-01	7.44e-02	1.16e-04
 8.66411e+22	9.26e-01	7.37e-02	1.20e-04
 8.66819e+22	9.27e-01	7.28e-02	1.24e-04
 8.67221e+22	9.28e-01	7.21e-02	1.27e-04
 8.67624e+22	9.28e-01	7.13e-02	1.31e-04
 8.68033e+22	9.29e-01	7.06e-02	1.35e-04
 8.68456e+22	9.30e-01	6.97e-02	1.39e-04
 8.68890e+22	9.31e-01	6.88e-02	1.44e-04
 8.69295e+22	9.32e-01	6.80e-02	1.48e-04
 8.69657e+22	9.32e-01	6.76e-02	1.51e-04
 8.70053e+22	9.33e-01	6.68e-02	1.54e-04
 8.70481e+22	9.34e-01	6.60e-02	1.59e-04
 8.70870e+22	9.34e-01	6.53e-02	1.62e-04
 8.71288e+22	9.35e-01	6.46e-02	1.66e-04
 8.71731e+22	9.36e-01	6.37e-02	1.70e-04
 8.72135e+22	9.37e-01	6.30e-02	1.74e-04
 8.72502e+22	9.37e-01	6.26e-02	1.77e-04
 8.72905e+22	9.38e-01	6.18e-02	1.80e-04
 8.73339e+22	9.39e-01	6.09e-02	1.85e-04
 8.73735e+22	9.39e-01	6.02e-02	1.89e-04
 8.74095e+22	9.40e-01	5.98e-02	1.93e-04
 8.74489e+22	9.41e-01	5.91e-02	1.97e-04
 8.74915e+22	9.41e-01	5.83e-02	2.01e-04
 8.75302e+22	9.42e-01	5.76e-02	2.05e-04
 8.75655e+22	9.42e-01	5.73e-02	2.08e-04
 8.76041e+22	9.43e-01	5.66e-02	2.12e-04
 8.76458e+22	9.44e-01	5.58e-02	2.16e-04
 8.76838e+22	9.44e-01	5.52e-02	2.19e-04
 8.77183e+22	9.45e-01	5.49e-02	2.22e-04
 8.77561e+22	9.45e-01	5.42e-02	2.25e-04
 8.77970e+22	9.46e-01	5.35e-02	2.29e-04
 8.78418e+22	9.47e-01	5.29e-02	2.32e-04
 8.78901e+22	9.47e-01	5.22e-02	2.36e-04
 8.79341e+22	9.48e-01	5.18e-02	2.36e-04
 8.79741e+22	9.48e-01	5.12e-02	2.41e-04
 8.80180e+22	9.49e-01	5.06e-02	2.44e-04
 8.80653e+22	9.50e-01	4.99e-02	2.46e-04
 8.81084e+22	9.50e-01	4.94e-02	2.49e-04
 8.81556e+22	9.51e-01	4.87e-02	2.52e-04
 8.82066e+22	9.51e-01	4.80e-02	2.54e-04
 8.82530e+22	9.52e-01	4.75e-02	2.57e-04
 8.83038e+22	9.53e-01	4.68e-02	2.58e-04
 8.83587e+22	9.53e-01	4.61e-02	2.60e-04
 8.84086e+22	9.54e-01	4.55e-02	2.61e-04
 8.84541e+22	9.54e-01	4.52e-02	2.63e-04
 8.85039e+22	9.55e-01	4.45e-02	2.63e-04
 8.85576e+22	9.56e-01	4.38e-02	2.64e-04
 8.86065e+22	9.56e-01	4.33e-02	2.65e-04
 8.86511e+22	9.57e-01	4.27e-02	2.64e-04
 8.86916e+22	9.57e-01	4.24e-02	2.65e-04
 8.87360e+22	9.58e-01	4.19e-02	2.65e-04
 8.87839e+22	9.58e-01	4.13e-02	2.65e-04
 8.88275e+22	9.59e-01	4.08e-02	2.64e-04
 8.88672e+22	9.59e-01	4.05e-02	2.64e-04
 8.89107e+22	9.59e-01	4.00e-02	2.64e-04
 8.89576e+22	9.60e-01	3.94e-02	2.63e-04
 8.90003e+22	9.61e-01	3.90e-02	2.60e-04
 8.90392e+22	9.61e-01	3.87e-02	2.60e-04
 8.90818e+22	9.61e-01	3.82e-02	2.58e-04
 8.91278e+22	9.62e-01	3.77e-02	2.56e-04
 8.91697e+22	9.62e-01	3.73e-02	2.54e-04
 8.92077e+22	9.62e-01	3.71e-02	2.53e-04
 8.92495e+22	9.63e-01	3.66e-02	2.51e-04
 8.92945e+22	9.63e-01	3.61e-02	2.49e-04
 8.93355e+22	9.64e-01	3.58e-02	2.48e-04
 8.93805e+22	9.64e-01	3.54e-02	2.46e-04
 8.94290e+22	9.65e-01	3.50e-02	2.45e-04
 8.94821e+22	9.65e-01	3.44e-02	2.42e-04
 8.95395e+22	9.66e-01	3.39e-02	2.40e-04
 8.95917e+22	9.66e-01	3.35e-02	2.38e-04
 8.96392e+22	9.66e-01	3.32e-02	2.37e-04
 8.96913e+22	9.67e-01	3.27e-02	2.35e-04
 8.97475e+22	9.67e-01	3.23e-02	2.33e-04
 8.97987e+22	9.68e-01	3.19e-02	2.32e-04
 8.98547e+22	9.68e-01	3.14e-02	2.29e-04
 8.99152e+22	9.69e-01	3.10e-02	2.27e-04
 8.99703e+22	9.69e-01	3.06e-02	2.26e-04
 9.00306e+22	9.69e-01	3.01e-02	2.23e-04
 9.00958e+22	9.70e-01	2.97e-02	2.21e-04
 9.01551e+22	9.70e-01	2.93e-02	2.20e-04
 9.02200e+22	9.71e-01	2.87e-02	2.18e-04
 9.02902e+22	9.71e-01	2.83e-02	2.14e-04
 9.03540e+22	9.72e-01	2.79e-02	2.13e-04
 9.04121e+22	9.72e-01	2.76e-02	2.11e-04
 9.04757e+22	9.72e-01	2.71e-02	2.09e-04
 9.05444e+22	9.73e-01	2.67e-02	2.07e-04
 9.06069e+22	9.73e-01	2.64e-02	2.06e-04
 9.06754e+22	9.74e-01	2.59e-02	2.03e-04
 9.07494e+22	9.74e-01	2.55e-02	2.01e-04
 9.08167e+22	9.74e-01	2.52e-02	2.00e-04
 9.08779e+22	9.75e-01	2.49e-02	1.99e-04
 9.09450e+22	9.75e-01	2.44e-02	1.97e-04
 9.10175e+22	9.76e-01	2.40e-02	1.95e-04
 9.10834e+22	9.76e-01	2.38e-02	1.94e-04
 9.11557e+22	9.76e-01	2.33e-02	1.92e-04
 9.12337e+22	9.77e-01	2.29e-02	1.91e-04
 9.13047e+22	9.77e-01	2.26e-02	1.89e-04
 9.13824e+22	9.77e-01	2.22e-02	1.88e-04
 9.14664e+22	9.78e-01	2.18e-02	1.86e-04
 9.15428e+22	9.78e-01	2.15e-02	1.85e-04
 9.16124e+22	9.78e-01	2.12e-02	1.84e-04
 9.16886e+22	9.79e-01	2.08e-02	1.83e-04
 9.17708e+22	9.79e-01	2.05e-02	1.82e-04
 9.18457e+22	9.79e-01	2.02e-02	1.81e-04
 9.19277e+22	9.80e-01	1.98e-02	1.80e-04
 9.20163e+22	9.80e-01	1.95e-02	1.79e-04
 9.20968e+22	9.80e-01	1.92e-02	1.78e-04
 9.21851e+22	9.81e-01	1.88e-02	1.77e-04
 9.22805e+22	9.81e-01	1.85e-02	1.76e-04
 9.23672e+22	9.81e-01	1.82e-02	1.75e-04
 9.24462e+22	9.82e-01	1.79e-02	1.75e-04
 9.25271e+22	9.82e-01	1.76e-02	1.74e-04
