#depth	Cl	Cl+	Cl+2	Cl+3	Cl+4	Cl+5	Cl+6	Cl+7	Cl+8	Cl+9	Cl+10	Cl+11	Cl+12	Cl+13	Cl+14	Cl+15	Cl+16	Cl+17
 4.62852e+21	0.00e+00	0.00e+00	0.00e+00	0.00e+00	0.00e+00	6.94e-31	7.88e-27	4.88e-23	1.01e-19	9.60e-17	4.13e-14	1.02e-11	1.69e-09	2.83e-07	3.44e-05	5.09e-03	1.11e-01	8.84e-01
 1.02168e+22	0.00e+00	0.00e+00	0.00e+00	0.00e+00	2.25e-31	2.64e-27	1.57e-23	4.56e-20	4.23e-17	1.79e-14	3.49e-12	3.91e-10	2.91e-08	2.20e-06	1.34e-04	1.39e-02	1.86e-01	8.00e-01
 1.15323e+22	0.00e+00	0.00e+00	0.00e+00	0.00e+00	4.39e-30	3.78e-26	1.66e-22	5.85e-19	4.05e-16	1.28e-13	1.87e-11	1.57e-09	8.78e-08	4.95e-06	2.31e-04	2.01e-02	2.21e-01	7.59e-01
 1.20660e+22	0.00e+00	0.00e+00	0.00e+00	0.00e+00	2.44e-29	1.80e-25	6.79e-22	2.09e-18	1.25e-15	3.44e-13	4.35e-11	3.18e-09	1.54e-07	7.51e-06	3.07e-04	2.43e-02	2.40e-01	7.35e-01
 1.22937e+22	0.00e+00	0.00e+00	0.00e+00	0.00e+00	3.94e-29	2.78e-25	1.01e-21	2.99e-18	1.72e-15	4.53e-13	5.50e-11	3.87e-09	1.81e-07	8.45e-06	3.33e-04	2.56e-02	2.46e-01	7.29e-01
 1.24064e+22	0.00e+00	0.00e+00	0.00e+00	0.00e+00	7.22e-29	4.81e-25	1.65e-21	4.68e-18	2.56e-15	6.41e-13	7.42e-11	4.97e-09	2.21e-07	9.81e-06	3.70e-04	2.74e-02	2.53e-01	7.20e-01
 1.25286e+22	0.00e+00	0.00e+00	0.00e+00	1.30e-32	1.28e-28	8.08e-25	2.64e-21	7.15e-18	3.73e-15	8.91e-13	9.83e-11	6.29e-09	2.67e-07	1.13e-05	4.08e-04	2.91e-02	2.59e-01	7.11e-01
 1.26449e+22	0.00e+00	0.00e+00	0.00e+00	2.36e-32	2.21e-28	1.33e-24	4.13e-21	1.07e-17	5.35e-15	1.22e-12	1.29e-10	7.89e-09	3.21e-07	1.30e-05	4.48e-04	3.09e-02	2.66e-01	7.03e-01
 1.27639e+22	0.00e+00	0.00e+00	0.00e+00	4.51e-32	3.99e-28	2.27e-24	6.70e-21	1.66e-17	7.90e-15	1.72e-12	1.73e-10	1.01e-08	3.91e-07	1.50e-05	4.97e-04	3.30e-02	2.73e-01	6.94e-01
 1.28840e+22	0.00e+00	0.00e+00	0.00e+00	8.28e-32	6.96e-28	3.77e-24	1.06e-20	2.52e-17	1.14e-14	2.37e-12	2.28e-10	1.27e-08	4.72e-07	1.73e-05	5.49e-04	3.51e-02	2.80e-01	6.85e-01
 1.30038e+22	0.00e+00	0.00e+00	0.00e+00	1.57e-31	1.25e-27	6.40e-24	1.70e-20	3.88e-17	1.68e-14	3.32e-12	3.04e-10	1.62e-08	5.76e-07	2.00e-05	6.09e-04	3.74e-02	2.87e-01	6.75e-01
 1.31251e+22	0.00e+00	0.00e+00	0.00e+00	2.92e-31	2.21e-27	1.07e-23	2.71e-20	5.91e-17	2.44e-14	4.61e-12	4.04e-10	2.06e-08	6.98e-07	2.32e-05	6.74e-04	3.98e-02	2.94e-01	6.66e-01
 1.32460e+22	0.00e+00	0.00e+00	0.00e+00	5.49e-31	3.93e-27	1.81e-23	4.34e-20	9.07e-17	3.57e-14	6.43e-12	5.38e-10	2.62e-08	8.50e-07	2.68e-05	7.47e-04	4.24e-02	3.01e-01	6.56e-01
 1.33661e+22	0.00e+00	0.00e+00	0.00e+00	6.73e-31	4.57e-27	2.00e-23	6.84e-20	1.37e-16	5.15e-14	8.86e-12	7.10e-10	3.32e-08	1.03e-06	3.09e-05	8.27e-04	4.50e-02	3.08e-01	6.46e-01
 1.34856e+22	0.00e+00	0.00e+00	0.00e+00	1.26e-30	8.09e-27	3.35e-23	1.09e-19	2.09e-16	7.49e-14	1.23e-11	9.42e-10	4.21e-08	1.25e-06	3.58e-05	9.17e-04	4.79e-02	3.15e-01	6.36e-01
 1.36057e+22	0.00e+00	0.00e+00	0.00e+00	2.32e-30	1.42e-26	5.56e-23	1.71e-19	3.16e-16	1.08e-13	1.70e-11	1.24e-09	5.33e-08	1.51e-06	4.14e-05	1.02e-03	5.09e-02	3.22e-01	6.26e-01
 1.37253e+22	0.00e+00	0.00e+00	0.00e+00	4.30e-30	2.48e-26	9.23e-23	2.70e-19	4.77e-16	1.56e-13	2.34e-11	1.64e-09	6.75e-08	1.84e-06	4.78e-05	1.13e-03	5.41e-02	3.29e-01	6.15e-01
 1.38447e+22	0.00e+00	0.00e+00	0.00e+00	7.91e-30	4.33e-26	1.52e-22	4.23e-19	7.17e-16	2.25e-13	3.22e-11	2.17e-09	8.52e-08	2.22e-06	5.52e-05	1.25e-03	5.75e-02	3.36e-01	6.05e-01
 1.39634e+22	0.00e+00	0.00e+00	0.00e+00	1.45e-29	7.52e-26	2.51e-22	6.59e-19	1.07e-15	3.22e-13	4.42e-11	2.85e-09	1.07e-07	2.69e-06	6.37e-05	1.38e-03	6.11e-02	3.43e-01	5.94e-01
 1.40815e+22	0.00e+00	0.00e+00	0.00e+00	2.64e-29	1.30e-25	4.10e-22	1.02e-18	1.60e-15	4.59e-13	6.04e-11	3.73e-09	1.35e-07	3.25e-06	7.33e-05	1.53e-03	6.48e-02	3.50e-01	5.83e-01
 1.41989e+22	0.00e+00	0.00e+00	0.00e+00	4.77e-29	2.22e-25	6.66e-22	1.58e-18	2.37e-15	6.52e-13	8.22e-11	4.87e-09	1.70e-07	3.91e-06	8.44e-05	1.69e-03	6.87e-02	3.57e-01	5.72e-01
 1.43157e+22	0.00e+00	0.00e+00	0.00e+00	8.58e-29	3.79e-25	1.08e-21	2.42e-18	3.50e-15	9.23e-13	1.11e-10	6.34e-09	2.12e-07	4.71e-06	9.70e-05	1.86e-03	7.27e-02	3.64e-01	5.61e-01
 1.44318e+22	0.00e+00	0.00e+00	1.16e-32	1.53e-28	6.43e-25	1.73e-21	3.69e-18	5.14e-15	1.30e-12	1.51e-10	8.23e-09	2.65e-07	5.66e-06	1.11e-04	2.06e-03	7.70e-02	3.71e-01	5.50e-01
 1.45473e+22	0.00e+00	0.00e+00	2.18e-32	2.73e-28	1.08e-24	2.76e-21	5.59e-18	7.52e-15	1.82e-12	2.03e-10	1.07e-08	3.31e-07	6.79e-06	1.28e-04	2.27e-03	8.14e-02	3.77e-01	5.39e-01
 1.46620e+22	0.00e+00	0.00e+00	4.04e-32	4.82e-28	1.81e-24	4.38e-21	8.42e-18	1.09e-14	2.54e-12	2.72e-10	1.37e-08	4.11e-07	8.13e-06	1.46e-04	2.50e-03	8.61e-02	3.83e-01	5.28e-01
 1.47761e+22	0.00e+00	0.00e+00	7.44e-32	8.46e-28	3.02e-24	6.90e-21	1.26e-17	1.58e-14	3.53e-12	3.63e-10	1.77e-08	5.10e-07	9.71e-06	1.67e-04	2.75e-03	9.09e-02	3.90e-01	5.17e-01
 1.48897e+22	0.00e+00	0.00e+00	1.36e-31	1.47e-27	4.98e-24	1.08e-20	1.87e-17	2.26e-14	4.88e-12	4.83e-10	2.27e-08	6.31e-07	1.16e-05	1.91e-04	3.02e-03	9.59e-02	3.96e-01	5.05e-01
 1.50030e+22	0.00e+00	0.00e+00	2.48e-31	2.55e-27	8.18e-24	1.68e-20	2.77e-17	3.23e-14	6.71e-12	6.39e-10	2.90e-08	7.79e-07	1.38e-05	2.18e-04	3.32e-03	1.01e-01	4.01e-01	4.94e-01
 1.51161e+22	0.00e+00	0.00e+00	4.48e-31	4.40e-27	1.34e-23	2.61e-20	4.07e-17	4.60e-14	9.19e-12	8.44e-10	3.69e-08	9.60e-07	1.64e-05	2.48e-04	3.64e-03	1.07e-01	4.07e-01	4.83e-01
 1.52292e+22	0.00e+00	0.00e+00	8.06e-31	7.53e-27	2.17e-23	4.01e-20	5.95e-17	6.50e-14	1.25e-11	1.11e-09	4.69e-08	1.18e-06	1.95e-05	2.82e-04	3.99e-03	1.12e-01	4.12e-01	4.71e-01
 1.53423e+22	0.00e+00	0.00e+00	1.44e-30	1.28e-26	3.50e-23	6.13e-20	8.65e-17	9.15e-14	1.70e-11	1.45e-09	5.94e-08	1.45e-06	2.31e-05	3.20e-04	4.38e-03	1.18e-01	4.18e-01	4.60e-01
 1.54558e+22	0.00e+00	0.00e+00	2.56e-30	2.17e-26	5.61e-23	9.33e-20	1.25e-16	1.28e-13	2.30e-11	1.90e-09	7.51e-08	1.77e-06	2.74e-05	3.64e-04	4.79e-03	1.24e-01	4.22e-01	4.48e-01
 1.55698e+22	0.00e+00	0.00e+00	4.53e-30	3.66e-26	8.96e-23	1.41e-19	1.80e-16	1.79e-13	3.10e-11	2.48e-09	9.47e-08	2.17e-06	3.24e-05	4.13e-04	5.24e-03	1.30e-01	4.27e-01	4.37e-01
 1.56848e+22	0.00e+00	0.00e+00	7.98e-30	6.13e-26	1.42e-22	2.13e-19	2.57e-16	2.48e-13	4.17e-11	3.22e-09	1.19e-07	2.65e-06	3.83e-05	4.68e-04	5.73e-03	1.37e-01	4.32e-01	4.25e-01
 1.58009e+22	0.00e+00	0.00e+00	1.40e-29	1.03e-25	2.25e-22	3.19e-19	3.67e-16	3.44e-13	5.59e-11	4.17e-09	1.50e-07	3.23e-06	4.53e-05	5.30e-04	6.26e-03	1.44e-01	4.36e-01	4.14e-01
 1.59184e+22	0.00e+00	0.00e+00	2.45e-29	1.71e-25	3.56e-22	4.78e-19	5.21e-16	4.75e-13	7.47e-11	5.40e-09	1.88e-07	3.94e-06	5.35e-05	6.00e-04	6.83e-03	1.51e-01	4.40e-01	4.02e-01
 1.60375e+22	0.00e+00	0.00e+00	4.26e-29	2.83e-25	5.59e-22	7.12e-19	7.38e-16	6.53e-13	9.97e-11	6.98e-09	2.36e-07	4.80e-06	6.31e-05	6.79e-04	7.45e-03	1.58e-01	4.43e-01	3.91e-01
 1.61587e+22	0.00e+00	0.00e+00	7.41e-29	4.69e-25	8.77e-22	1.06e-18	1.04e-15	8.97e-13	1.33e-10	9.01e-09	2.96e-07	5.84e-06	7.45e-05	7.69e-04	8.13e-03	1.65e-01	4.47e-01	3.79e-01
 1.62823e+22	0.00e+00	9.86e-33	1.29e-28	7.75e-25	1.37e-21	1.57e-18	1.47e-15	1.23e-12	1.77e-10	1.16e-08	3.71e-07	7.12e-06	8.80e-05	8.70e-04	8.87e-03	1.73e-01	4.50e-01	3.67e-01
 1.64086e+22	0.00e+00	1.79e-32	2.23e-28	1.28e-24	2.15e-21	2.33e-18	2.06e-15	1.69e-12	2.35e-10	1.50e-08	4.65e-07	8.68e-06	1.04e-04	9.85e-04	9.67e-03	1.81e-01	4.53e-01	3.55e-01
 1.65323e+22	0.00e+00	3.08e-32	3.68e-28	2.02e-24	3.23e-21	3.33e-18	2.81e-15	2.24e-12	3.05e-10	1.89e-08	5.71e-07	1.04e-05	1.21e-04	1.10e-03	1.05e-02	1.89e-01	4.55e-01	3.45e-01
 1.66597e+22	0.00e+00	5.61e-32	6.40e-28	3.35e-24	5.06e-21	4.93e-18	3.95e-15	3.08e-12	4.06e-10	2.45e-08	7.18e-07	1.27e-05	1.43e-04	1.25e-03	1.14e-02	1.97e-01	4.57e-01	3.33e-01
 1.67892e+22	0.00e+00	9.54e-32	1.05e-27	5.24e-24	7.53e-21	7.00e-18	5.34e-15	4.07e-12	5.23e-10	3.08e-08	8.79e-07	1.52e-05	1.66e-04	1.40e-03	1.23e-02	2.05e-01	4.58e-01	3.22e-01
 1.69230e+22	0.00e+00	1.75e-31	1.83e-27	8.72e-24	1.19e-20	1.04e-17	7.53e-15	5.60e-12	7.00e-10	4.00e-08	1.11e-06	1.86e-05	1.97e-04	1.59e-03	1.34e-02	2.15e-01	4.60e-01	3.10e-01
 1.70591e+22	0.00e+00	2.95e-31	2.97e-27	1.36e-23	1.76e-20	1.47e-17	1.01e-14	7.38e-12	9.00e-10	5.01e-08	1.36e-06	2.22e-05	2.29e-04	1.77e-03	1.45e-02	2.23e-01	4.60e-01	3.00e-01
 1.72001e+22	0.00e+00	5.44e-31	5.23e-27	2.27e-23	2.78e-20	2.20e-17	1.43e-14	1.02e-11	1.21e-09	6.54e-08	1.72e-06	2.74e-05	2.73e-04	2.01e-03	1.58e-02	2.33e-01	4.61e-01	2.88e-01
 1.73439e+22	0.00e+00	9.15e-31	8.45e-27	3.52e-23	4.10e-20	3.09e-17	1.92e-14	1.34e-11	1.55e-09	8.20e-08	2.10e-06	3.27e-05	3.17e-04	2.25e-03	1.70e-02	2.42e-01	4.61e-01	2.78e-01
 1.74764e+22	0.00e+00	1.51e-30	1.34e-26	5.35e-23	5.96e-20	4.29e-17	2.55e-14	1.75e-11	1.98e-09	1.02e-07	2.55e-06	3.88e-05	3.65e-04	2.50e-03	1.83e-02	2.50e-01	4.60e-01	2.68e-01
 1.76272e+22	0.00e+00	2.83e-30	2.40e-26	9.11e-23	9.57e-20	6.50e-17	3.65e-14	2.44e-11	2.69e-09	1.35e-07	3.27e-06	4.81e-05	4.38e-04	2.85e-03	2.00e-02	2.61e-01	4.59e-01	2.56e-01
 1.77793e+22	0.00e+00	4.59e-30	3.76e-26	1.37e-22	1.38e-19	8.94e-17	4.80e-14	3.16e-11	3.41e-09	1.67e-07	3.95e-06	5.69e-05	5.03e-04	3.16e-03	2.14e-02	2.70e-01	4.58e-01	2.47e-01
 1.79334e+22	0.00e+00	8.50e-30	6.65e-26	2.31e-22	2.19e-19	1.34e-16	6.82e-14	4.38e-11	4.60e-09	2.19e-07	5.04e-06	7.04e-05	6.01e-04	3.59e-03	2.33e-02	2.81e-01	4.56e-01	2.35e-01
 1.80903e+22	0.00e+00	1.38e-29	1.04e-25	3.48e-22	3.16e-19	1.85e-16	8.98e-14	5.68e-11	5.84e-09	2.72e-07	6.10e-06	8.34e-05	6.92e-04	3.98e-03	2.49e-02	2.90e-01	4.54e-01	2.26e-01
 1.82508e+22	0.00e+00	2.56e-29	1.85e-25	5.88e-22	5.04e-19	2.79e-16	1.28e-13	7.90e-11	7.92e-09	3.58e-07	7.80e-06	1.03e-04	8.27e-04	4.53e-03	2.71e-02	3.01e-01	4.51e-01	2.15e-01
 1.84121e+22	0.00e+00	4.10e-29	2.86e-25	8.75e-22	7.19e-19	3.81e-16	1.67e-13	1.02e-10	9.99e-09	4.42e-07	9.41e-06	1.22e-04	9.47e-04	5.00e-03	2.89e-02	3.10e-01	4.48e-01	2.06e-01
 1.85742e+22	0.00e+00	7.59e-29	5.06e-25	1.47e-21	1.14e-18	5.70e-16	2.36e-13	1.41e-10	1.35e-08	5.82e-07	1.20e-05	1.51e-04	1.13e-03	5.69e-03	3.13e-02	3.22e-01	4.44e-01	1.96e-01
 1.87355e+22	0.00e+00	1.17e-28	7.60e-25	2.14e-21	1.59e-18	7.64e-16	3.04e-13	1.79e-10	1.68e-08	7.09e-07	1.43e-05	1.76e-04	1.28e-03	6.23e-03	3.32e-02	3.30e-01	4.41e-01	1.88e-01
 1.88956e+22	0.00e+00	2.10e-28	1.30e-24	3.49e-21	2.47e-18	1.12e-15	4.22e-13	2.44e-10	2.25e-08	9.21e-07	1.81e-05	2.16e-04	1.52e-03	7.02e-03	3.58e-02	3.41e-01	4.36e-01	1.78e-01
 1.90595e+22	0.00e+00	3.34e-28	2.00e-24	5.18e-21	3.51e-18	1.53e-15	5.50e-13	3.14e-10	2.83e-08	1.14e-06	2.18e-05	2.54e-04	1.73e-03	7.73e-03	3.81e-02	3.50e-01	4.32e-01	1.70e-01
 1.92281e+22	0.00e+00	6.09e-28	3.50e-24	8.63e-21	5.52e-18	2.27e-15	7.72e-13	4.33e-10	3.82e-08	1.49e-06	2.77e-05	3.13e-04	2.06e-03	8.75e-03	4.11e-02	3.61e-01	4.26e-01	1.61e-01
 1.93971e+22	0.00e+00	9.57e-28	5.33e-24	1.27e-20	7.78e-18	3.07e-15	9.99e-13	5.53e-10	4.79e-08	1.83e-06	3.33e-05	3.67e-04	2.34e-03	9.60e-03	4.35e-02	3.70e-01	4.21e-01	1.53e-01
 1.95664e+22	0.00e+00	1.74e-27	9.26e-24	2.10e-20	1.22e-17	4.54e-15	1.40e-12	7.61e-10	6.44e-08	2.40e-06	4.23e-05	4.52e-04	2.78e-03	1.08e-02	4.68e-02	3.81e-01	4.14e-01	1.44e-01
 1.97388e+22	0.00e+00	2.77e-27	1.43e-23	3.12e-20	1.73e-17	6.17e-15	1.82e-12	9.79e-10	8.13e-08	2.97e-06	5.10e-05	5.32e-04	3.17e-03	1.19e-02	4.96e-02	3.89e-01	4.08e-01	1.37e-01
 1.99151e+22	0.00e+00	5.11e-27	2.52e-23	5.24e-20	2.75e-17	9.23e-15	2.56e-12	1.36e-09	1.10e-07	3.92e-06	6.53e-05	6.59e-04	3.77e-03	1.34e-02	5.34e-02	4.00e-01	4.00e-01	1.28e-01
 2.00939e+22	0.00e+00	8.25e-27	3.93e-23	7.86e-20	3.94e-17	1.26e-14	3.34e-12	1.76e-09	1.40e-07	4.88e-06	7.92e-05	7.79e-04	4.32e-03	1.48e-02	5.65e-02	4.08e-01	3.94e-01	1.22e-01
 2.02493e+22	0.00e+00	1.31e-26	6.06e-23	1.17e-19	5.59e-17	1.71e-14	4.33e-12	2.25e-09	1.77e-07	6.03e-06	9.55e-05	9.16e-04	4.92e-03	1.62e-02	5.96e-02	4.16e-01	3.87e-01	1.16e-01
 2.03960e+22	0.00e+00	2.02e-26	9.01e-23	1.67e-19	7.70e-17	2.26e-14	5.48e-12	2.83e-09	2.19e-07	7.33e-06	1.13e-04	1.06e-03	5.55e-03	1.76e-02	6.26e-02	4.23e-01	3.80e-01	1.10e-01
 2.05581e+22	0.00e+00	3.53e-26	1.52e-22	2.69e-19	1.17e-16	3.25e-14	7.45e-12	3.80e-09	2.89e-07	9.45e-06	1.42e-04	1.29e-03	6.48e-03	1.96e-02	6.67e-02	4.31e-01	3.71e-01	1.03e-01
 2.07195e+22	0.00e+00	5.42e-26	2.25e-22	3.85e-19	1.61e-16	4.28e-14	9.40e-12	4.77e-09	3.57e-07	1.15e-05	1.68e-04	1.49e-03	7.30e-03	2.13e-02	6.98e-02	4.38e-01	3.64e-01	9.76e-02
 2.08502e+22	0.00e+00	7.84e-26	3.17e-22	5.26e-19	2.12e-16	5.43e-14	1.15e-11	5.80e-09	4.29e-07	1.36e-05	1.95e-04	1.70e-03	8.08e-03	2.29e-02	7.27e-02	4.43e-01	3.58e-01	9.32e-02
 2.09902e+22	0.00e+00	1.29e-25	5.01e-22	7.95e-19	3.05e-16	7.43e-14	1.49e-11	7.50e-09	5.47e-07	1.70e-05	2.38e-04	2.01e-03	9.24e-03	2.51e-02	7.65e-02	4.50e-01	3.50e-01	8.76e-02
 2.11289e+22	0.00e+00	1.86e-25	7.04e-22	1.08e-18	4.00e-16	9.40e-14	1.82e-11	9.09e-09	6.56e-07	2.00e-05	2.75e-04	2.28e-03	1.02e-02	2.69e-02	7.95e-02	4.54e-01	3.43e-01	8.35e-02
 2.12412e+22	0.00e+00	2.55e-25	9.45e-22	1.41e-18	5.06e-16	1.15e-13	2.16e-11	1.07e-08	7.68e-07	2.31e-05	3.12e-04	2.54e-03	1.11e-02	2.85e-02	8.21e-02	4.58e-01	3.37e-01	8.01e-02
 2.13626e+22	0.00e+00	3.99e-25	1.42e-21	2.05e-18	6.99e-16	1.52e-13	2.71e-11	1.35e-08	9.53e-07	2.82e-05	3.72e-04	2.95e-03	1.25e-02	3.09e-02	8.58e-02	4.63e-01	3.29e-01	7.55e-02
 2.14773e+22	0.00e+00	5.33e-25	1.86e-21	2.61e-18	8.64e-16	1.82e-13	3.15e-11	1.56e-08	1.10e-06	3.22e-05	4.17e-04	3.26e-03	1.36e-02	3.26e-02	8.82e-02	4.66e-01	3.24e-01	7.26e-02
 2.15835e+22	0.00e+00	7.92e-25	2.68e-21	3.62e-18	1.15e-15	2.31e-13	3.85e-11	1.91e-08	1.33e-06	3.83e-05	4.87e-04	3.72e-03	1.51e-02	3.50e-02	9.16e-02	4.69e-01	3.16e-01	6.88e-02
 2.16903e+22	0.00e+00	1.05e-24	3.47e-21	4.57e-18	1.41e-15	2.76e-13	4.46e-11	2.21e-08	1.53e-06	4.35e-05	5.44e-04	4.09e-03	1.62e-02	3.68e-02	9.40e-02	4.72e-01	3.11e-01	6.61e-02
 2.17980e+22	0.00e+00	1.59e-24	5.09e-21	6.45e-18	1.90e-15	3.54e-13	5.47e-11	2.72e-08	1.86e-06	5.23e-05	6.40e-04	4.70e-03	1.81e-02	3.95e-02	9.76e-02	4.75e-01	3.02e-01	6.23e-02
 2.19013e+22	0.00e+00	2.08e-24	6.50e-21	8.04e-18	2.30e-15	4.18e-13	6.27e-11	3.12e-08	2.12e-06	5.89e-05	7.10e-04	5.13e-03	1.94e-02	4.14e-02	9.99e-02	4.76e-01	2.97e-01	6.00e-02
 2.19986e+22	0.00e+00	2.99e-24	9.08e-21	1.08e-17	2.99e-15	5.20e-13	7.49e-11	3.74e-08	2.53e-06	6.92e-05	8.18e-04	5.78e-03	2.13e-02	4.41e-02	1.03e-01	4.78e-01	2.90e-01	5.68e-02
 2.20988e+22	0.00e+00	4.05e-24	1.20e-20	1.39e-17	3.70e-15	6.23e-13	8.68e-11	4.34e-08	2.92e-06	7.91e-05	9.19e-04	6.39e-03	2.30e-02	4.64e-02	1.06e-01	4.80e-01	2.84e-01	5.43e-02
 2.22026e+22	0.00e+00	6.09e-24	1.74e-20	1.94e-17	4.93e-15	7.90e-13	1.05e-10	5.30e-08	3.54e-06	9.46e-05	1.08e-03	7.29e-03	2.55e-02	4.97e-02	1.09e-01	4.81e-01	2.75e-01	5.11e-02
 2.23048e+22	0.00e+00	8.11e-24	2.26e-20	2.45e-17	6.04e-15	9.38e-13	1.21e-10	6.11e-08	4.06e-06	1.07e-04	1.20e-03	8.00e-03	2.74e-02	5.20e-02	1.12e-01	4.81e-01	2.69e-01	4.89e-02
 2.23902e+22	0.00e+00	1.09e-23	2.96e-20	3.11e-17	7.40e-15	1.11e-12	1.39e-10	7.04e-08	4.66e-06	1.22e-04	1.34e-03	8.79e-03	2.94e-02	5.46e-02	1.14e-01	4.82e-01	2.63e-01	4.67e-02
 2.24727e+22	0.00e+00	1.43e-23	3.81e-20	3.90e-17	8.99e-15	1.30e-12	1.58e-10	8.06e-08	5.31e-06	1.38e-04	1.49e-03	9.60e-03	3.15e-02	5.70e-02	1.16e-01	4.82e-01	2.58e-01	4.47e-02
 2.25658e+22	0.00e+00	2.12e-23	5.44e-20	5.34e-17	1.17e-14	1.62e-12	1.88e-10	9.70e-08	6.37e-06	1.63e-04	1.73e-03	1.09e-02	3.47e-02	6.07e-02	1.20e-01	4.81e-01	2.49e-01	4.20e-02
 2.26561e+22	0.00e+00	2.75e-23	6.90e-20	6.60e-17	1.41e-14	1.89e-12	2.12e-10	1.10e-07	7.20e-06	1.83e-04	1.91e-03	1.18e-02	3.69e-02	6.32e-02	1.22e-01	4.80e-01	2.44e-01	4.02e-02
 2.27430e+22	0.00e+00	4.01e-23	9.69e-20	8.89e-17	1.81e-14	2.32e-12	2.50e-10	1.31e-07	8.55e-06	2.14e-04	2.19e-03	1.33e-02	4.03e-02	6.69e-02	1.25e-01	4.79e-01	2.36e-01	3.78e-02
 2.28304e+22	0.00e+00	5.22e-23	1.23e-19	1.10e-16	2.18e-14	2.70e-12	2.82e-10	1.49e-07	9.68e-06	2.40e-04	2.42e-03	1.44e-02	4.29e-02	6.96e-02	1.27e-01	4.77e-01	2.30e-01	3.61e-02
 2.29186e+22	0.00e+00	7.74e-23	1.76e-19	1.50e-16	2.83e-14	3.33e-12	3.32e-10	1.78e-07	1.16e-05	2.84e-04	2.79e-03	1.62e-02	4.70e-02	7.37e-02	1.30e-01	4.75e-01	2.22e-01	3.37e-02
 2.30067e+22	0.00e+00	1.02e-22	2.27e-19	1.88e-16	3.41e-14	3.88e-12	3.75e-10	2.03e-07	1.32e-05	3.20e-04	3.09e-03	1.77e-02	5.01e-02	7.67e-02	1.32e-01	4.72e-01	2.16e-01	3.21e-02
 2.30947e+22	0.00e+00	1.51e-22	3.22e-19	2.55e-16	4.42e-14	4.77e-12	4.41e-10	2.43e-07	1.57e-05	3.76e-04	3.56e-03	1.99e-02	5.47e-02	8.09e-02	1.34e-01	4.69e-01	2.08e-01	3.00e-02
 2.31844e+22	0.00e+00	2.07e-22	4.28e-19	3.27e-16	5.44e-14	5.64e-12	5.02e-10	2.80e-07	1.81e-05	4.29e-04	3.99e-03	2.18e-02	5.87e-02	8.45e-02	1.36e-01	4.65e-01	2.01e-01	2.83e-02
 2.32627e+22	0.00e+00	2.82e-22	5.65e-19	4.17e-16	6.65e-14	6.62e-12	5.68e-10	3.22e-07	2.08e-05	4.88e-04	4.46e-03	2.39e-02	6.28e-02	8.80e-02	1.38e-01	4.61e-01	1.94e-01	2.67e-02
 2.33510e+22	0.00e+00	4.23e-22	8.15e-19	5.73e-16	8.66e-14	8.16e-12	6.66e-10	3.86e-07	2.49e-05	5.78e-04	5.15e-03	2.68e-02	6.85e-02	9.28e-02	1.41e-01	4.55e-01	1.86e-01	2.47e-02
 2.34389e+22	0.00e+00	5.80e-22	1.08e-18	7.32e-16	1.06e-13	9.58e-12	7.52e-10	4.44e-07	2.86e-05	6.57e-04	5.75e-03	2.94e-02	7.32e-02	9.65e-02	1.42e-01	4.50e-01	1.79e-01	2.32e-02
 2.35265e+22	0.00e+00	8.82e-22	1.57e-18	1.01e-15	1.39e-13	1.18e-11	8.81e-10	5.33e-07	3.43e-05	7.79e-04	6.64e-03	3.30e-02	7.98e-02	1.02e-01	1.44e-01	4.43e-01	1.70e-01	2.13e-02
 2.36112e+22	0.00e+00	1.19e-21	2.05e-18	1.27e-15	1.67e-13	1.37e-11	9.84e-10	6.06e-07	3.90e-05	8.78e-04	7.36e-03	3.58e-02	8.47e-02	1.05e-01	1.45e-01	4.37e-01	1.64e-01	2.01e-02
 2.36919e+22	0.00e+00	1.77e-21	2.93e-18	1.72e-15	2.15e-13	1.66e-11	1.14e-09	7.18e-07	4.63e-05	1.03e-03	8.42e-03	3.99e-02	9.16e-02	1.10e-01	1.47e-01	4.28e-01	1.56e-01	1.85e-02
 2.37729e+22	0.00e+00	2.41e-21	3.86e-18	2.18e-15	2.60e-13	1.92e-11	1.27e-09	8.19e-07	5.28e-05	1.16e-03	9.34e-03	4.33e-02	9.72e-02	1.14e-01	1.48e-01	4.21e-01	1.49e-01	1.73e-02
 2.38545e+22	0.00e+00	3.62e-21	5.53e-18	2.97e-15	3.34e-13	2.33e-11	1.46e-09	9.70e-07	6.26e-05	1.36e-03	1.07e-02	4.81e-02	1.05e-01	1.18e-01	1.48e-01	4.12e-01	1.41e-01	1.58e-02
 2.39373e+22	0.00e+00	4.96e-21	7.32e-18	3.77e-15	4.06e-13	2.71e-11	1.63e-09	1.11e-06	7.13e-05	1.54e-03	1.18e-02	5.22e-02	1.11e-01	1.22e-01	1.49e-01	4.03e-01	1.35e-01	1.47e-02
 2.40216e+22	0.00e+00	7.50e-21	1.06e-17	5.15e-15	5.24e-13	3.28e-11	1.88e-09	1.31e-06	8.46e-05	1.80e-03	1.35e-02	5.79e-02	1.19e-01	1.27e-01	1.49e-01	3.92e-01	1.26e-01	1.34e-02
 2.41078e+22	0.00e+00	1.04e-20	1.42e-17	6.61e-15	6.41e-13	3.83e-11	2.11e-09	1.50e-06	9.68e-05	2.04e-03	1.50e-02	6.27e-02	1.26e-01	1.30e-01	1.49e-01	3.83e-01	1.20e-01	1.23e-02
 2.41841e+22	0.00e+00	1.45e-20	1.89e-17	8.44e-15	7.82e-13	4.46e-11	2.36e-09	1.71e-06	1.10e-04	2.30e-03	1.66e-02	6.78e-02	1.33e-01	1.34e-01	1.48e-01	3.73e-01	1.14e-01	1.14e-02
 2.42680e+22	0.00e+00	2.16e-20	2.69e-17	1.14e-14	9.95e-13	5.35e-11	2.69e-09	2.00e-06	1.29e-04	2.66e-03	1.87e-02	7.43e-02	1.42e-01	1.38e-01	1.48e-01	3.60e-01	1.06e-01	1.03e-02
 2.43530e+22	1.90e-33	3.01e-20	3.61e-17	1.46e-14	1.22e-12	6.22e-11	3.01e-09	2.28e-06	1.47e-04	3.00e-03	2.06e-02	8.01e-02	1.49e-01	1.41e-01	1.47e-01	3.50e-01	1.00e-01	9.44e-03
 2.44378e+22	2.93e-33	4.46e-20	5.11e-17	1.95e-14	1.54e-12	7.43e-11	3.42e-09	2.65e-06	1.71e-04	3.45e-03	2.31e-02	8.73e-02	1.58e-01	1.45e-01	1.45e-01	3.37e-01	9.32e-02	8.50e-03
 2.45241e+22	4.27e-33	6.25e-20	6.89e-17	2.51e-14	1.88e-12	8.65e-11	3.82e-09	3.01e-06	1.94e-04	3.88e-03	2.55e-02	9.37e-02	1.65e-01	1.47e-01	1.44e-01	3.25e-01	8.74e-02	7.75e-03
 2.46107e+22	6.57e-33	9.22e-20	9.70e-17	3.34e-14	2.37e-12	1.03e-10	4.34e-09	3.48e-06	2.24e-04	4.42e-03	2.84e-02	1.01e-01	1.74e-01	1.50e-01	1.42e-01	3.11e-01	8.10e-02	6.95e-03
 2.46986e+22	9.58e-33	1.30e-19	1.31e-16	4.30e-14	2.91e-12	1.20e-10	4.86e-09	3.94e-06	2.53e-04	4.95e-03	3.12e-02	1.09e-01	1.82e-01	1.53e-01	1.40e-01	2.99e-01	7.56e-02	6.30e-03
 2.47872e+22	1.46e-32	1.89e-19	1.83e-16	5.70e-14	3.65e-12	1.43e-10	5.51e-09	4.51e-06	2.90e-04	5.61e-03	3.45e-02	1.17e-01	1.90e-01	1.55e-01	1.37e-01	2.86e-01	6.98e-02	5.63e-03
 2.48754e+22	2.09e-32	2.62e-19	2.44e-16	7.25e-14	4.44e-12	1.65e-10	6.14e-09	5.06e-06	3.25e-04	6.22e-03	3.75e-02	1.24e-01	1.97e-01	1.56e-01	1.35e-01	2.74e-01	6.51e-02	5.10e-03
 2.49655e+22	3.18e-32	3.84e-19	3.41e-16	9.61e-14	5.57e-12	1.96e-10	6.97e-09	5.78e-06	3.70e-04	7.01e-03	4.13e-02	1.33e-01	2.05e-01	1.58e-01	1.32e-01	2.61e-01	5.98e-02	4.53e-03
 2.50571e+22	4.54e-32	5.31e-19	4.54e-16	1.22e-13	6.76e-12	2.28e-10	7.78e-09	6.46e-06	4.12e-04	7.74e-03	4.47e-02	1.40e-01	2.11e-01	1.58e-01	1.29e-01	2.49e-01	5.55e-02	4.09e-03
 2.51511e+22	6.91e-32	7.76e-19	6.35e-16	1.62e-13	8.50e-12	2.71e-10	8.86e-09	7.34e-06	4.67e-04	8.67e-03	4.90e-02	1.49e-01	2.19e-01	1.59e-01	1.25e-01	2.35e-01	5.07e-02	3.61e-03
 2.52476e+22	9.90e-32	1.08e-18	8.46e-16	2.06e-13	1.04e-11	3.16e-10	9.92e-09	8.19e-06	5.18e-04	9.55e-03	5.29e-02	1.57e-01	2.25e-01	1.59e-01	1.22e-01	2.24e-01	4.68e-02	3.24e-03
 2.53469e+22	1.50e-31	1.57e-18	1.18e-15	2.73e-13	1.30e-11	3.77e-10	1.13e-08	9.28e-06	5.84e-04	1.06e-02	5.77e-02	1.66e-01	2.32e-01	1.59e-01	1.18e-01	2.11e-01	4.26e-02	2.85e-03
 2.54491e+22	2.15e-31	2.19e-18	1.58e-15	3.49e-13	1.59e-11	4.40e-10	1.27e-08	1.03e-05	6.47e-04	1.17e-02	6.20e-02	1.74e-01	2.37e-01	1.59e-01	1.15e-01	2.00e-01	3.91e-02	2.54e-03
 2.55553e+22	3.28e-31	3.21e-18	2.22e-15	4.64e-13	2.01e-11	5.29e-10	1.47e-08	1.17e-05	7.28e-04	1.30e-02	6.74e-02	1.84e-01	2.43e-01	1.58e-01	1.10e-01	1.87e-01	3.53e-02	2.21e-03
 2.56644e+22	4.71e-31	4.47e-18	2.98e-15	5.94e-13	2.47e-11	6.19e-10	1.65e-08	1.30e-05	8.04e-04	1.42e-02	7.23e-02	1.92e-01	2.48e-01	1.56e-01	1.07e-01	1.76e-01	3.22e-02	1.96e-03
 2.57779e+22	7.15e-31	6.56e-18	4.18e-15	7.92e-13	3.13e-11	7.47e-10	1.91e-08	1.47e-05	9.02e-04	1.57e-02	7.83e-02	2.01e-01	2.53e-01	1.55e-01	1.02e-01	1.64e-01	2.89e-02	1.70e-03
 2.58946e+22	1.02e-30	9.09e-18	5.59e-15	1.01e-12	3.83e-11	8.77e-10	2.16e-08	1.63e-05	9.93e-04	1.71e-02	8.36e-02	2.09e-01	2.56e-01	1.53e-01	9.84e-02	1.54e-01	2.63e-02	1.50e-03
 2.60184e+22	1.59e-30	1.36e-17	7.98e-15	1.37e-12	4.93e-11	1.07e-09	2.52e-08	1.86e-05	1.12e-03	1.90e-02	9.05e-02	2.19e-01	2.60e-01	1.50e-01	9.36e-02	1.42e-01	2.33e-02	1.28e-03
 2.61427e+22	2.23e-30	1.86e-17	1.05e-14	1.73e-12	6.00e-11	1.25e-09	2.85e-08	2.05e-05	1.22e-03	2.06e-02	9.60e-02	2.27e-01	2.63e-01	1.48e-01	8.99e-02	1.33e-01	2.12e-02	1.13e-03
 2.62693e+22	3.43e-30	2.75e-17	1.50e-14	2.33e-12	7.69e-11	1.53e-09	3.33e-08	2.32e-05	1.37e-03	2.27e-02	1.03e-01	2.36e-01	2.65e-01	1.44e-01	8.52e-02	1.22e-01	1.87e-02	9.59e-04
 2.63988e+22	4.82e-30	3.76e-17	1.97e-14	2.95e-12	9.36e-11	1.79e-09	3.77e-08	2.56e-05	1.49e-03	2.45e-02	1.09e-01	2.43e-01	2.67e-01	1.41e-01	8.15e-02	1.14e-01	1.70e-02	8.41e-04
 2.65109e+22	6.55e-30	4.98e-17	2.53e-14	3.65e-12	1.12e-10	2.06e-09	4.22e-08	2.80e-05	1.61e-03	2.62e-02	1.15e-01	2.50e-01	2.68e-01	1.38e-01	7.81e-02	1.07e-01	1.55e-02	7.46e-04
 2.66353e+22	9.74e-30	7.15e-17	3.50e-14	4.81e-12	1.41e-10	2.48e-09	4.88e-08	3.14e-05	1.78e-03	2.86e-02	1.23e-01	2.58e-01	2.69e-01	1.35e-01	7.38e-02	9.80e-02	1.37e-02	6.36e-04
 2.67607e+22	1.31e-29	9.40e-17	4.46e-14	5.92e-12	1.68e-10	2.86e-09	5.46e-08	3.43e-05	1.92e-03	3.05e-02	1.28e-01	2.63e-01	2.69e-01	1.32e-01	7.06e-02	9.17e-02	1.24e-02	5.63e-04
 2.68874e+22	1.93e-29	1.34e-16	6.12e-14	7.75e-12	2.11e-10	3.44e-09	6.32e-08	3.83e-05	2.12e-03	3.31e-02	1.36e-01	2.71e-01	2.68e-01	1.27e-01	6.66e-02	8.40e-02	1.10e-02	4.80e-04
 2.70163e+22	2.59e-29	1.75e-16	7.78e-14	9.52e-12	2.51e-10	3.97e-09	7.07e-08	4.18e-05	2.28e-03	3.52e-02	1.42e-01	2.76e-01	2.68e-01	1.24e-01	6.36e-02	7.84e-02	9.98e-03	4.24e-04
 2.71304e+22	3.47e-29	2.29e-16	9.87e-14	1.17e-11	2.98e-10	4.56e-09	7.91e-08	4.56e-05	2.45e-03	3.74e-02	1.48e-01	2.81e-01	2.67e-01	1.21e-01	6.06e-02	7.31e-02	9.05e-03	3.74e-04
 2.72610e+22	4.98e-29	3.19e-16	1.33e-13	1.50e-11	3.70e-10	5.45e-09	9.11e-08	5.07e-05	2.68e-03	4.02e-02	1.56e-01	2.87e-01	2.65e-01	1.17e-01	5.70e-02	6.69e-02	7.99e-03	3.19e-04
 2.73924e+22	6.63e-29	4.14e-16	1.68e-13	1.84e-11	4.38e-10	6.26e-09	1.02e-07	5.52e-05	2.88e-03	4.26e-02	1.63e-01	2.91e-01	2.63e-01	1.13e-01	5.42e-02	6.23e-02	7.24e-03	2.81e-04
 2.75250e+22	9.59e-29	5.80e-16	2.27e-13	2.38e-11	5.46e-10	7.49e-09	1.18e-07	6.15e-05	3.15e-03	4.59e-02	1.71e-01	2.97e-01	2.60e-01	1.09e-01	5.08e-02	5.67e-02	6.35e-03	2.38e-04
 2.76579e+22	1.25e-28	7.39e-16	2.82e-13	2.87e-11	6.40e-10	8.55e-09	1.31e-07	6.67e-05	3.37e-03	4.84e-02	1.77e-01	3.00e-01	2.58e-01	1.05e-01	4.83e-02	5.29e-02	5.77e-03	2.10e-04
 2.77910e+22	1.78e-28	1.02e-15	3.77e-13	3.68e-11	7.92e-10	1.02e-08	1.51e-07	7.41e-05	3.67e-03	5.19e-02	1.86e-01	3.05e-01	2.55e-01	1.01e-01	4.52e-02	4.81e-02	5.06e-03	1.78e-04
 2.79266e+22	2.33e-28	1.31e-15	4.69e-13	4.45e-11	9.32e-10	1.17e-08	1.68e-07	8.04e-05	3.92e-03	5.46e-02	1.92e-01	3.08e-01	2.52e-01	9.76e-02	4.29e-02	4.47e-02	4.58e-03	1.57e-04
 2.80653e+22	3.32e-28	1.81e-15	6.28e-13	5.72e-11	1.16e-09	1.39e-08	1.94e-07	8.95e-05	4.28e-03	5.85e-02	2.01e-01	3.11e-01	2.47e-01	9.32e-02	3.99e-02	4.04e-02	4.00e-03	1.32e-04
 2.82066e+22	4.34e-28	2.31e-15	7.84e-13	6.93e-11	1.36e-09	1.60e-08	2.17e-07	9.74e-05	4.58e-03	6.16e-02	2.08e-01	3.13e-01	2.44e-01	8.98e-02	3.78e-02	3.74e-02	3.60e-03	1.16e-04
 2.83304e+22	5.63e-28	2.94e-15	9.72e-13	8.35e-11	1.60e-09	1.83e-08	2.41e-07	1.06e-04	4.88e-03	6.47e-02	2.14e-01	3.15e-01	2.40e-01	8.65e-02	3.57e-02	3.47e-02	3.25e-03	1.02e-04
 2.84703e+22	7.89e-28	4.00e-15	1.28e-12	1.06e-10	1.97e-09	2.17e-08	2.77e-07	1.17e-04	5.30e-03	6.89e-02	2.23e-01	3.18e-01	2.35e-01	8.23e-02	3.32e-02	3.14e-02	2.84e-03	8.59e-05
 2.86099e+22	1.00e-27	4.98e-15	1.56e-12	1.26e-10	2.28e-09	2.46e-08	3.07e-07	1.27e-04	5.63e-03	7.21e-02	2.29e-01	3.19e-01	2.32e-01	7.93e-02	3.15e-02	2.92e-02	2.57e-03	7.61e-05
 2.87492e+22	1.40e-27	6.75e-15	2.06e-12	1.60e-10	2.80e-09	2.91e-08	3.53e-07	1.40e-04	6.10e-03	7.66e-02	2.37e-01	3.20e-01	2.26e-01	7.53e-02	2.92e-02	2.64e-02	2.25e-03	6.41e-05
 2.88904e+22	1.77e-27	8.39e-15	2.51e-12	1.90e-10	3.25e-09	3.31e-08	3.91e-07	1.52e-04	6.48e-03	8.01e-02	2.44e-01	3.21e-01	2.22e-01	7.24e-02	2.76e-02	2.45e-02	2.03e-03	5.65e-05
 2.90341e+22	2.44e-27	1.12e-14	3.26e-12	2.39e-10	3.96e-09	3.90e-08	4.48e-07	1.68e-04	7.01e-03	8.49e-02	2.52e-01	3.22e-01	2.16e-01	6.86e-02	2.56e-02	2.21e-02	1.77e-03	4.78e-05
 2.91828e+22	3.16e-27	1.42e-14	4.03e-12	2.88e-10	4.66e-09	4.47e-08	5.01e-07	1.83e-04	7.48e-03	8.89e-02	2.59e-01	3.22e-01	2.12e-01	6.56e-02	2.41e-02	2.04e-02	1.59e-03	4.16e-05
 2.93378e+22	4.43e-27	1.93e-14	5.33e-12	3.67e-10	5.74e-09	5.34e-08	5.79e-07	2.03e-04	8.12e-03	9.43e-02	2.67e-01	3.21e-01	2.05e-01	6.17e-02	2.22e-02	1.82e-02	1.37e-03	3.47e-05
 2.94953e+22	5.74e-27	2.44e-14	6.59e-12	4.42e-10	6.76e-09	6.12e-08	6.48e-07	2.21e-04	8.66e-03	9.87e-02	2.74e-01	3.21e-01	2.00e-01	5.89e-02	2.08e-02	1.67e-02	1.22e-03	3.01e-05
 2.96561e+22	8.04e-27	3.31e-14	8.69e-12	5.63e-10	8.33e-09	7.30e-08	7.49e-07	2.47e-04	9.40e-03	1.05e-01	2.82e-01	3.19e-01	1.94e-01	5.53e-02	1.90e-02	1.49e-02	1.05e-03	2.50e-05
 2.98225e+22	1.06e-26	4.23e-14	1.09e-11	6.86e-10	9.90e-09	8.45e-08	8.44e-07	2.70e-04	1.01e-02	1.10e-01	2.89e-01	3.18e-01	1.88e-01	5.24e-02	1.77e-02	1.36e-02	9.32e-04	2.15e-05
 2.99961e+22	1.50e-26	5.81e-14	1.45e-11	8.83e-10	1.23e-08	1.02e-07	9.83e-07	3.03e-04	1.10e-02	1.16e-01	2.98e-01	3.16e-01	1.81e-01	4.88e-02	1.61e-02	1.20e-02	7.93e-04	1.76e-05
 3.01753e+22	2.00e-26	7.51e-14	1.84e-11	1.09e-09	1.48e-08	1.19e-07	1.12e-06	3.33e-04	1.18e-02	1.22e-01	3.05e-01	3.14e-01	1.75e-01	4.60e-02	1.49e-02	1.09e-02	6.95e-04	1.49e-05
 3.03620e+22	2.91e-26	1.05e-13	2.50e-11	1.42e-09	1.87e-08	1.44e-07	1.31e-06	3.76e-04	1.29e-02	1.30e-01	3.13e-01	3.10e-01	1.68e-01	4.26e-02	1.35e-02	9.49e-03	5.83e-04	1.20e-05
 3.05492e+22	3.85e-26	1.35e-13	3.15e-11	1.74e-09	2.23e-08	1.68e-07	1.49e-06	4.13e-04	1.38e-02	1.36e-01	3.20e-01	3.07e-01	1.62e-01	4.01e-02	1.24e-02	8.57e-03	5.10e-04	1.02e-05
 3.07370e+22	5.56e-26	1.88e-13	4.24e-11	2.26e-09	2.80e-08	2.04e-07	1.74e-06	4.65e-04	1.50e-02	1.44e-01	3.28e-01	3.03e-01	1.54e-01	3.69e-02	1.12e-02	7.49e-03	4.28e-04	8.23e-06
 3.09325e+22	7.51e-26	2.46e-13	5.43e-11	2.82e-09	3.39e-08	2.39e-07	1.99e-06	5.14e-04	1.62e-02	1.50e-01	3.34e-01	2.99e-01	1.48e-01	3.45e-02	1.02e-02	6.68e-03	3.69e-04	6.87e-06
 3.11377e+22	1.12e-25	3.54e-13	7.55e-11	3.76e-09	4.36e-08	2.96e-07	2.37e-06	5.85e-04	1.77e-02	1.60e-01	3.43e-01	2.93e-01	1.40e-01	3.14e-02	9.07e-03	5.72e-03	3.02e-04	5.37e-06
 3.13429e+22	1.50e-25	4.60e-13	9.61e-11	4.65e-09	5.24e-08	3.47e-07	2.70e-06	6.44e-04	1.90e-02	1.67e-01	3.48e-01	2.88e-01	1.34e-01	2.92e-02	8.29e-03	5.10e-03	2.61e-04	4.49e-06
 3.15480e+22	2.23e-25	6.60e-13	1.33e-10	6.18e-09	6.73e-08	4.28e-07	3.21e-06	7.33e-04	2.08e-02	1.77e-01	3.56e-01	2.81e-01	1.26e-01	2.65e-02	7.32e-03	4.35e-03	2.12e-04	3.49e-06
 3.17562e+22	3.02e-25	8.69e-13	1.71e-10	7.71e-09	8.15e-08	5.04e-07	3.68e-06	8.09e-04	2.24e-02	1.85e-01	3.61e-01	2.76e-01	1.20e-01	2.45e-02	6.64e-03	3.85e-03	1.81e-04	2.88e-06
 3.19318e+22	3.97e-25	1.12e-12	2.15e-10	9.41e-09	9.70e-08	5.85e-07	4.15e-06	8.85e-04	2.38e-02	1.92e-01	3.66e-01	2.71e-01	1.14e-01	2.28e-02	6.07e-03	3.43e-03	1.57e-04	2.41e-06
 3.21233e+22	5.72e-25	1.56e-12	2.91e-10	1.23e-08	1.22e-07	7.12e-07	4.89e-06	9.97e-04	2.59e-02	2.02e-01	3.71e-01	2.63e-01	1.07e-01	2.07e-02	5.38e-03	2.94e-03	1.28e-04	1.88e-06
 3.23135e+22	7.46e-25	2.00e-12	3.64e-10	1.49e-08	1.45e-07	8.23e-07	5.51e-06	1.09e-03	2.75e-02	2.10e-01	3.75e-01	2.57e-01	1.02e-01	1.92e-02	4.91e-03	2.62e-03	1.11e-04	1.57e-06
 3.25019e+22	1.06e-24	2.79e-12	4.89e-10	1.93e-08	1.82e-07	9.99e-07	6.47e-06	1.22e-03	2.98e-02	2.20e-01	3.80e-01	2.49e-01	9.57e-02	1.73e-02	4.34e-03	2.23e-03	9.03e-05	1.23e-06
 3.26923e+22	2.64e-24	3.59e-12	6.15e-10	2.35e-08	2.17e-07	1.16e-06	7.33e-06	1.34e-03	3.18e-02	2.28e-01	3.83e-01	2.43e-01	9.08e-02	1.60e-02	3.93e-03	1.98e-03	7.71e-05	1.02e-06
 3.28852e+22	3.77e-24	5.06e-12	8.33e-10	3.06e-08	2.74e-07	1.42e-06	8.67e-06	1.51e-03	3.45e-02	2.39e-01	3.87e-01	2.34e-01	8.43e-02	1.43e-02	3.44e-03	1.67e-03	6.21e-05	7.81e-07
 3.30793e+22	4.93e-24	6.54e-12	1.05e-09	3.75e-08	3.27e-07	1.65e-06	9.85e-06	1.65e-03	3.67e-02	2.48e-01	3.89e-01	2.27e-01	7.95e-02	1.32e-02	3.11e-03	1.46e-03	5.26e-05	6.39e-07
 3.32747e+22	6.99e-24	9.21e-12	1.42e-09	4.88e-08	4.14e-07	2.02e-06	1.17e-05	1.87e-03	3.99e-02	2.60e-01	3.92e-01	2.18e-01	7.34e-02	1.17e-02	2.70e-03	1.22e-03	4.19e-05	4.85e-07
 3.34727e+22	9.17e-24	1.20e-11	1.80e-09	6.01e-08	4.99e-07	2.38e-06	1.34e-05	2.06e-03	4.25e-02	2.69e-01	3.93e-01	2.10e-01	6.87e-02	1.06e-02	2.42e-03	1.06e-03	3.50e-05	3.89e-07
 3.36740e+22	1.30e-23	1.71e-11	2.46e-09	7.89e-08	6.38e-07	2.94e-06	1.60e-05	2.34e-03	4.63e-02	2.82e-01	3.94e-01	2.00e-01	6.28e-02	9.33e-03	2.08e-03	8.75e-04	2.74e-05	2.89e-07
 3.38775e+22	1.69e-23	2.25e-11	3.13e-09	9.75e-08	7.72e-07	3.47e-06	1.85e-05	2.59e-03	4.95e-02	2.92e-01	3.95e-01	1.92e-01	5.84e-02	8.41e-03	1.84e-03	7.50e-04	2.25e-05	2.29e-07
 3.40809e+22	2.35e-23	3.17e-11	4.23e-09	1.27e-07	9.85e-07	4.30e-06	2.22e-05	2.94e-03	5.39e-02	3.05e-01	3.94e-01	1.81e-01	5.29e-02	7.32e-03	1.57e-03	6.13e-04	1.74e-05	1.68e-07
 3.42738e+22	2.93e-23	4.01e-11	5.21e-09	1.53e-07	1.17e-06	4.99e-06	2.53e-05	3.22e-03	5.71e-02	3.15e-01	3.93e-01	1.74e-01	4.94e-02	6.64e-03	1.41e-03	5.32e-04	1.46e-05	1.35e-07
 3.44563e+22	3.88e-23	5.44e-11	6.80e-09	1.94e-07	1.46e-06	6.07e-06	3.00e-05	3.63e-03	6.17e-02	3.27e-01	3.91e-01	1.64e-01	4.48e-02	5.81e-03	1.21e-03	4.38e-04	1.14e-05	0.00e+00
 3.46425e+22	4.81e-23	6.91e-11	8.38e-09	2.35e-07	1.74e-06	7.11e-06	3.44e-05	4.00e-03	6.56e-02	3.37e-01	3.89e-01	1.56e-01	4.14e-02	5.21e-03	1.07e-03	3.75e-04	9.38e-06	0.00e+00
 3.48232e+22	6.08e-23	9.11e-11	1.07e-08	2.93e-07	2.14e-06	8.57e-06	4.07e-05	4.49e-03	7.06e-02	3.49e-01	3.86e-01	1.47e-01	3.76e-02	4.56e-03	9.18e-04	3.09e-04	7.38e-06	0.00e+00
 3.50082e+22	7.42e-23	1.16e-10	1.32e-08	3.56e-07	2.57e-06	1.01e-05	4.72e-05	4.97e-03	7.54e-02	3.59e-01	3.82e-01	1.39e-01	3.44e-02	4.03e-03	8.02e-04	2.60e-04	5.94e-06	0.00e+00
 3.51860e+22	9.03e-23	1.47e-10	1.63e-08	4.34e-07	3.12e-06	1.20e-05	5.52e-05	5.54e-03	8.07e-02	3.70e-01	3.77e-01	1.30e-01	3.12e-02	3.54e-03	6.93e-04	2.16e-04	4.71e-06	0.00e+00
 3.53610e+22	1.07e-22	1.83e-10	1.97e-08	5.19e-07	3.71e-06	1.41e-05	6.38e-05	6.12e-03	8.58e-02	3.80e-01	3.72e-01	1.23e-01	2.85e-02	3.13e-03	6.06e-04	1.82e-04	3.81e-06	0.00e+00
 3.55361e+22	1.27e-22	2.28e-10	2.41e-08	6.28e-07	4.47e-06	1.68e-05	7.46e-05	6.81e-03	9.17e-02	3.91e-01	3.66e-01	1.15e-01	2.57e-02	2.74e-03	5.22e-04	1.51e-04	3.01e-06	0.00e+00
 3.57111e+22	1.48e-22	2.79e-10	2.88e-08	7.47e-07	5.30e-06	1.96e-05	8.63e-05	7.53e-03	9.74e-02	4.01e-01	3.60e-01	1.08e-01	2.34e-02	2.41e-03	4.54e-04	1.27e-04	2.42e-06	0.00e+00
 3.58820e+22	1.71e-22	3.38e-10	3.44e-08	8.89e-07	6.31e-06	2.30e-05	1.00e-04	8.34e-03	1.04e-01	4.10e-01	3.53e-01	1.01e-01	2.12e-02	2.11e-03	3.92e-04	1.05e-04	1.93e-06	0.00e+00
 3.60534e+22	1.95e-22	4.06e-10	4.07e-08	1.05e-06	7.46e-06	2.69e-05	1.16e-04	9.21e-03	1.10e-01	4.19e-01	3.46e-01	9.44e-02	1.92e-02	1.86e-03	3.40e-04	8.79e-05	1.54e-06	0.00e+00
 3.62234e+22	2.22e-22	4.84e-10	4.80e-08	1.24e-06	8.80e-06	3.14e-05	1.34e-04	1.02e-02	1.17e-01	4.28e-01	3.38e-01	8.81e-02	1.73e-02	1.63e-03	2.94e-04	7.33e-05	1.23e-06	0.00e+00
 3.63942e+22	2.51e-22	5.72e-10	5.62e-08	1.45e-06	1.04e-05	3.66e-05	1.55e-04	1.12e-02	1.24e-01	4.36e-01	3.30e-01	8.20e-02	1.56e-02	1.42e-03	2.54e-04	6.10e-05	9.78e-07	0.00e+00
 3.65666e+22	2.83e-22	6.72e-10	6.56e-08	1.70e-06	1.22e-05	4.27e-05	1.80e-04	1.24e-02	1.31e-01	4.43e-01	3.21e-01	7.62e-02	1.41e-02	1.24e-03	2.19e-04	5.07e-05	7.78e-07	0.00e+00
 3.67409e+22	3.18e-22	7.84e-10	7.64e-08	1.99e-06	1.43e-05	4.97e-05	2.08e-04	1.37e-02	1.38e-01	4.50e-01	3.13e-01	7.07e-02	1.27e-02	1.08e-03	1.88e-04	4.20e-05	6.17e-07	0.00e+00
 3.69180e+22	3.59e-22	9.11e-10	8.89e-08	2.33e-06	1.68e-05	5.79e-05	2.41e-04	1.51e-02	1.46e-01	4.57e-01	3.03e-01	6.54e-02	1.14e-02	9.43e-04	1.62e-04	3.47e-05	4.88e-07	0.00e+00
 3.70984e+22	4.05e-22	1.05e-09	1.03e-07	2.73e-06	1.98e-05	6.75e-05	2.80e-04	1.67e-02	1.55e-01	4.63e-01	2.94e-01	6.04e-02	1.02e-02	8.18e-04	1.38e-04	2.86e-05	3.84e-07	0.00e+00
 3.72792e+22	4.49e-22	1.21e-09	1.19e-07	3.17e-06	2.31e-05	7.82e-05	3.23e-04	1.83e-02	1.63e-01	4.68e-01	2.84e-01	5.58e-02	9.11e-03	7.12e-04	1.19e-04	2.37e-05	3.04e-07	0.00e+00
 3.74644e+22	5.12e-22	1.39e-09	1.39e-07	3.71e-06	2.72e-05	9.12e-05	3.75e-04	2.03e-02	1.72e-01	4.73e-01	2.74e-01	5.12e-02	8.11e-03	6.14e-04	1.01e-04	1.94e-05	2.38e-07	0.00e+00
 3.76512e+22	5.84e-22	1.58e-09	1.60e-07	4.30e-06	3.16e-05	1.05e-04	4.33e-04	2.23e-02	1.81e-01	4.77e-01	2.64e-01	4.72e-02	7.26e-03	5.34e-04	8.65e-05	1.60e-05	1.88e-07	0.00e+00
 3.78337e+22	6.67e-22	1.80e-09	1.83e-07	4.97e-06	3.67e-05	1.21e-04	4.97e-04	2.44e-02	1.90e-01	4.80e-01	2.54e-01	4.35e-02	6.50e-03	4.65e-04	7.42e-05	1.33e-05	1.49e-07	0.00e+00
 3.80053e+22	7.54e-22	2.00e-09	2.07e-07	5.65e-06	4.18e-05	1.37e-04	5.61e-04	2.64e-02	1.99e-01	4.82e-01	2.46e-01	4.04e-02	5.90e-03	4.11e-04	6.49e-05	1.12e-05	1.22e-07	0.00e+00
 3.81904e+22	8.88e-22	2.30e-09	2.42e-07	6.64e-06	4.94e-05	1.61e-04	6.54e-04	2.92e-02	2.09e-01	4.84e-01	2.35e-01	3.68e-02	5.21e-03	3.52e-04	5.46e-05	9.09e-06	0.00e+00	0.00e+00
 3.83783e+22	1.02e-21	2.56e-09	2.75e-07	7.55e-06	5.62e-05	1.81e-04	7.38e-04	3.16e-02	2.18e-01	4.84e-01	2.26e-01	3.41e-02	4.71e-03	3.10e-04	4.76e-05	7.68e-06	0.00e+00	0.00e+00
 3.85699e+22	1.21e-21	2.93e-09	3.22e-07	8.89e-06	6.64e-05	2.12e-04	8.63e-04	3.50e-02	2.29e-01	4.85e-01	2.15e-01	3.09e-02	4.14e-03	2.64e-04	3.97e-05	6.16e-06	0.00e+00	0.00e+00
 3.87649e+22	1.42e-21	3.29e-09	3.67e-07	1.01e-05	7.57e-05	2.40e-04	9.71e-04	3.78e-02	2.38e-01	4.84e-01	2.07e-01	2.86e-02	3.74e-03	2.33e-04	3.46e-05	5.20e-06	0.00e+00	0.00e+00
 3.89643e+22	1.72e-21	3.77e-09	4.33e-07	1.20e-05	8.96e-05	2.81e-04	1.13e-03	4.18e-02	2.49e-01	4.82e-01	1.96e-01	2.57e-02	3.27e-03	1.97e-04	2.87e-05	4.15e-06	0.00e+00	0.00e+00
 3.91659e+22	2.03e-21	4.24e-09	4.96e-07	1.37e-05	1.02e-04	3.17e-04	1.27e-03	4.50e-02	2.58e-01	4.81e-01	1.87e-01	2.37e-02	2.95e-03	1.73e-04	2.50e-05	3.50e-06	0.00e+00	0.00e+00
 3.93704e+22	2.51e-21	4.88e-09	5.88e-07	1.62e-05	1.21e-04	3.70e-04	1.49e-03	4.97e-02	2.70e-01	4.77e-01	1.77e-01	2.13e-02	2.57e-03	1.46e-04	2.07e-05	2.78e-06	0.00e+00	0.00e+00
 3.95767e+22	2.99e-21	5.50e-09	6.75e-07	1.85e-05	1.38e-04	4.17e-04	1.67e-03	5.34e-02	2.79e-01	4.74e-01	1.69e-01	1.96e-02	2.31e-03	1.28e-04	1.79e-05	2.34e-06	0.00e+00	0.00e+00
 3.97852e+22	3.74e-21	6.37e-09	8.04e-07	2.20e-05	1.63e-04	4.87e-04	1.94e-03	5.87e-02	2.91e-01	4.69e-01	1.58e-01	1.75e-02	2.01e-03	1.08e-04	1.48e-05	1.86e-06	0.00e+00	0.00e+00
 3.99964e+22	4.51e-21	7.22e-09	9.28e-07	2.52e-05	1.85e-04	5.48e-04	2.17e-03	6.30e-02	3.00e-01	4.65e-01	1.51e-01	1.61e-02	1.81e-03	9.47e-05	1.28e-05	1.56e-06	0.00e+00	0.00e+00
 4.02110e+22	5.73e-21	8.43e-09	1.11e-06	3.01e-05	2.19e-04	6.39e-04	2.52e-03	6.92e-02	3.12e-01	4.58e-01	1.41e-01	1.44e-02	1.57e-03	7.94e-05	1.06e-05	1.23e-06	0.00e+00	0.00e+00
 4.04292e+22	7.00e-21	9.62e-09	1.29e-06	3.47e-05	2.51e-04	7.20e-04	2.83e-03	7.42e-02	3.21e-01	4.53e-01	1.34e-01	1.31e-02	1.40e-03	6.93e-05	9.08e-06	1.03e-06	0.00e+00	0.00e+00
 4.06521e+22	9.07e-21	1.14e-08	1.57e-06	4.16e-05	2.97e-04	8.40e-04	3.28e-03	8.13e-02	3.33e-01	4.44e-01	1.24e-01	1.16e-02	1.21e-03	5.78e-05	7.44e-06	8.08e-07	0.00e+00	0.00e+00
 4.08794e+22	1.13e-20	1.31e-08	1.84e-06	4.82e-05	3.41e-04	9.48e-04	3.68e-03	8.71e-02	3.42e-01	4.37e-01	1.17e-01	1.06e-02	1.07e-03	5.01e-05	6.36e-06	6.69e-07	0.00e+00	0.00e+00
 4.11124e+22	1.49e-20	1.57e-08	2.25e-06	5.83e-05	4.06e-04	1.11e-03	4.27e-03	9.53e-02	3.53e-01	4.27e-01	1.08e-01	9.31e-03	9.20e-04	4.15e-05	5.16e-06	5.21e-07	0.00e+00	0.00e+00
 4.13508e+22	1.88e-20	1.83e-08	2.67e-06	6.81e-05	4.68e-04	1.26e-03	4.79e-03	1.02e-01	3.62e-01	4.19e-01	1.02e-01	8.41e-03	8.13e-04	3.57e-05	4.38e-06	4.27e-07	0.00e+00	0.00e+00
 4.15518e+22	2.32e-20	2.09e-08	3.09e-06	7.81e-05	5.29e-04	1.40e-03	5.30e-03	1.08e-01	3.69e-01	4.11e-01	9.59e-02	7.68e-03	7.29e-04	3.13e-05	3.78e-06	3.58e-07	0.00e+00	0.00e+00
 4.17688e+22	3.03e-20	2.49e-08	3.75e-06	9.31e-05	6.21e-04	1.61e-03	6.05e-03	1.17e-01	3.78e-01	4.00e-01	8.87e-02	6.79e-03	6.29e-04	2.62e-05	3.11e-06	2.83e-07	0.00e+00	0.00e+00
 4.19870e+22	3.78e-20	2.88e-08	4.37e-06	1.07e-04	7.02e-04	1.79e-03	6.66e-03	1.24e-01	3.85e-01	3.92e-01	8.36e-02	6.21e-03	5.64e-04	2.29e-05	2.69e-06	2.38e-07	0.00e+00	0.00e+00
 4.22065e+22	5.00e-20	3.46e-08	5.32e-06	1.28e-04	8.23e-04	2.06e-03	7.57e-03	1.34e-01	3.93e-01	3.80e-01	7.70e-02	5.48e-03	4.86e-04	1.92e-05	2.21e-06	1.88e-07	0.00e+00	0.00e+00
 4.24234e+22	6.22e-20	4.00e-08	6.18e-06	1.46e-04	9.26e-04	2.28e-03	8.29e-03	1.41e-01	3.98e-01	3.71e-01	7.26e-02	5.01e-03	4.37e-04	1.68e-05	1.91e-06	1.59e-07	0.00e+00	0.00e+00
 4.26368e+22	8.22e-20	4.81e-08	7.49e-06	1.74e-04	1.08e-03	2.60e-03	9.35e-03	1.51e-01	4.05e-01	3.59e-01	6.69e-02	4.44e-03	3.78e-04	1.42e-05	1.58e-06	1.26e-07	0.00e+00	0.00e+00
 4.28533e+22	1.03e-19	5.61e-08	8.76e-06	2.00e-04	1.21e-03	2.87e-03	1.02e-02	1.58e-01	4.10e-01	3.50e-01	6.27e-02	4.04e-03	3.38e-04	1.24e-05	1.37e-06	0.00e+00	0.00e+00	0.00e+00
 4.30739e+22	1.39e-19	6.83e-08	1.07e-05	2.39e-04	1.42e-03	3.28e-03	1.15e-02	1.69e-01	4.15e-01	3.38e-01	5.76e-02	3.57e-03	2.92e-04	1.04e-05	1.12e-06	0.00e+00	0.00e+00	0.00e+00
 4.32983e+22	1.77e-19	8.05e-08	1.26e-05	2.76e-04	1.60e-03	3.64e-03	1.26e-02	1.78e-01	4.19e-01	3.28e-01	5.37e-02	3.23e-03	2.59e-04	8.98e-06	9.62e-07	0.00e+00	0.00e+00	0.00e+00
 4.35279e+22	2.42e-19	9.92e-08	1.55e-05	3.33e-04	1.88e-03	4.16e-03	1.42e-02	1.90e-01	4.24e-01	3.14e-01	4.89e-02	2.82e-03	2.21e-04	7.44e-06	7.83e-07	0.00e+00	0.00e+00	0.00e+00
 4.37592e+22	3.13e-19	1.18e-07	1.83e-05	3.85e-04	2.12e-03	4.60e-03	1.55e-02	1.98e-01	4.26e-01	3.04e-01	4.56e-02	2.56e-03	1.97e-04	6.46e-06	6.71e-07	0.00e+00	0.00e+00	0.00e+00
 4.39927e+22	4.31e-19	1.46e-07	2.27e-05	4.65e-04	2.49e-03	5.27e-03	1.74e-02	2.11e-01	4.29e-01	2.90e-01	4.13e-02	2.22e-03	1.67e-04	5.31e-06	5.42e-07	0.00e+00	0.00e+00	0.00e+00
 4.42293e+22	5.62e-19	1.76e-07	2.69e-05	5.40e-04	2.82e-03	5.83e-03	1.90e-02	2.21e-01	4.30e-01	2.80e-01	3.83e-02	2.00e-03	1.48e-04	4.59e-06	4.62e-07	0.00e+00	0.00e+00	0.00e+00
 4.44698e+22	7.86e-19	2.20e-07	3.36e-05	6.55e-04	3.31e-03	6.67e-03	2.13e-02	2.34e-01	4.31e-01	2.66e-01	3.45e-02	1.73e-03	1.25e-04	3.75e-06	3.71e-07	0.00e+00	0.00e+00	0.00e+00
 4.47160e+22	1.04e-18	2.68e-07	4.02e-05	7.66e-04	3.76e-03	7.40e-03	2.32e-02	2.45e-01	4.32e-01	2.55e-01	3.18e-02	1.55e-03	1.10e-04	3.21e-06	3.13e-07	0.00e+00	0.00e+00	0.00e+00
 4.49696e+22	1.50e-18	3.42e-07	5.07e-05	9.38e-04	4.44e-03	8.50e-03	2.61e-02	2.59e-01	4.31e-01	2.41e-01	2.83e-02	1.33e-03	9.14e-05	2.59e-06	2.48e-07	0.00e+00	0.00e+00	0.00e+00
