#depth	He	He+	He+2
 4.62852e+21	6.08e-06	2.59e-02	9.74e-01
 1.03807e+22	1.32e-05	3.79e-02	9.62e-01
 1.20661e+22	1.95e-05	4.57e-02	9.54e-01
 1.29783e+22	2.47e-05	5.14e-02	9.49e-01
 1.34911e+22	2.75e-05	5.42e-02	9.46e-01
 1.38643e+22	3.18e-05	5.81e-02	9.42e-01
 1.42428e+22	3.55e-05	6.13e-02	9.39e-01
 1.46283e+22	4.11e-05	6.57e-02	9.34e-01
 1.50088e+22	4.58e-05	6.93e-02	9.31e-01
 1.53294e+22	5.08e-05	7.28e-02	9.27e-01
 1.56924e+22	5.83e-05	7.78e-02	9.22e-01
 1.60529e+22	6.46e-05	8.17e-02	9.18e-01
 1.64104e+22	7.34e-05	8.68e-02	9.13e-01
 1.67795e+22	8.22e-05	9.16e-02	9.08e-01
 1.71093e+22	9.14e-05	9.64e-02	9.04e-01
 1.74838e+22	1.05e-04	1.03e-01	8.97e-01
 1.78646e+22	1.17e-04	1.08e-01	8.92e-01
 1.82536e+22	1.34e-04	1.15e-01	8.85e-01
 1.86150e+22	1.47e-04	1.21e-01	8.79e-01
 1.88954e+22	1.61e-04	1.26e-01	8.74e-01
 1.92146e+22	1.80e-04	1.32e-01	8.67e-01
 1.95436e+22	1.97e-04	1.38e-01	8.62e-01
 1.98404e+22	2.16e-04	1.44e-01	8.56e-01
 2.01369e+22	2.37e-04	1.50e-01	8.49e-01
 2.04776e+22	2.65e-04	1.58e-01	8.41e-01
 2.08208e+22	2.92e-04	1.65e-01	8.34e-01
 2.11185e+22	3.19e-04	1.72e-01	8.27e-01
 2.14569e+22	3.57e-04	1.81e-01	8.18e-01
 2.18024e+22	3.92e-04	1.89e-01	8.11e-01
 2.21570e+22	4.40e-04	1.99e-01	8.01e-01
 2.25135e+22	4.84e-04	2.08e-01	7.92e-01
 2.28238e+22	5.29e-04	2.16e-01	7.84e-01
 2.31786e+22	5.91e-04	2.27e-01	7.73e-01
 2.35430e+22	6.50e-04	2.36e-01	7.63e-01
 2.39199e+22	7.31e-04	2.48e-01	7.51e-01
 2.43009e+22	8.06e-04	2.59e-01	7.40e-01
 2.46873e+22	9.06e-04	2.72e-01	7.27e-01
 2.50820e+22	1.00e-03	2.84e-01	7.15e-01
 2.54344e+22	1.10e-03	2.95e-01	7.04e-01
 2.58392e+22	1.24e-03	3.11e-01	6.88e-01
 2.62475e+22	1.37e-03	3.23e-01	6.76e-01
 2.65582e+22	1.46e-03	3.32e-01	6.67e-01
 2.67223e+22	1.49e-03	3.34e-01	6.65e-01
 2.67836e+22	1.51e-03	3.36e-01	6.63e-01
 2.68493e+22	1.54e-03	3.39e-01	6.60e-01
 2.69346e+22	1.58e-03	3.42e-01	6.57e-01
 2.70454e+22	1.63e-03	3.46e-01	6.52e-01
 2.71896e+22	1.69e-03	3.52e-01	6.47e-01
 2.73770e+22	1.80e-03	3.60e-01	6.38e-01
 2.76206e+22	1.92e-03	3.69e-01	6.29e-01
 2.79373e+22	2.11e-03	3.83e-01	6.15e-01
 2.82517e+22	2.26e-03	3.93e-01	6.05e-01
 2.85631e+22	2.46e-03	4.06e-01	5.92e-01
 2.88870e+22	2.65e-03	4.17e-01	5.80e-01
 2.91817e+22	2.85e-03	4.28e-01	5.69e-01
 2.95191e+22	3.13e-03	4.43e-01	5.54e-01
 2.98604e+22	3.36e-03	4.54e-01	5.43e-01
 3.02066e+22	3.67e-03	4.68e-01	5.28e-01
 3.05655e+22	3.98e-03	4.81e-01	5.15e-01
 3.09408e+22	4.38e-03	4.97e-01	4.98e-01
 3.13203e+22	4.74e-03	5.11e-01	4.85e-01
 3.17051e+22	5.22e-03	5.27e-01	4.68e-01
 3.20991e+22	5.66e-03	5.41e-01	4.54e-01
 3.25052e+22	6.26e-03	5.58e-01	4.36e-01
 3.29128e+22	6.78e-03	5.72e-01	4.22e-01
 3.33225e+22	7.50e-03	5.89e-01	4.03e-01
 3.37376e+22	8.09e-03	6.02e-01	3.90e-01
 3.41597e+22	8.94e-03	6.19e-01	3.72e-01
 3.45933e+22	9.71e-03	6.34e-01	3.57e-01
 3.50420e+22	1.08e-02	6.52e-01	3.38e-01
 3.54187e+22	1.13e-02	6.61e-01	3.28e-01
 3.57017e+22	1.21e-02	6.72e-01	3.16e-01
 3.60697e+22	1.31e-02	6.85e-01	3.02e-01
 3.65481e+22	1.47e-02	7.03e-01	2.82e-01
 3.70391e+22	1.60e-02	7.17e-01	2.67e-01
 3.75464e+22	1.80e-02	7.35e-01	2.47e-01
 3.80731e+22	1.97e-02	7.49e-01	2.31e-01
 3.86249e+22	2.23e-02	7.67e-01	2.11e-01
 3.91983e+22	2.47e-02	7.81e-01	1.94e-01
 3.97938e+22	2.83e-02	7.98e-01	1.74e-01
 4.03980e+22	3.15e-02	8.10e-01	1.58e-01
 4.08662e+22	3.41e-02	8.19e-01	1.47e-01
 4.13218e+22	3.77e-02	8.29e-01	1.34e-01
 4.17928e+22	4.13e-02	8.37e-01	1.22e-01
 4.22839e+22	4.64e-02	8.45e-01	1.09e-01
 4.27867e+22	5.12e-02	8.51e-01	9.81e-02
 4.33046e+22	5.82e-02	8.56e-01	8.59e-02
 4.37782e+22	6.36e-02	8.58e-01	7.80e-02
 4.41249e+22	6.88e-02	8.59e-01	7.18e-02
 4.45062e+22	7.61e-02	8.59e-01	6.46e-02
 4.49152e+22	8.41e-02	8.58e-01	5.82e-02
 4.52935e+22	9.28e-02	8.54e-01	5.27e-02
 4.56525e+22	1.02e-01	8.50e-01	4.80e-02
 4.59873e+22	1.13e-01	8.43e-01	4.40e-02
 4.62949e+22	1.23e-01	8.36e-01	4.08e-02
 4.65756e+22	1.35e-01	8.27e-01	3.81e-02
 4.68306e+22	1.47e-01	8.17e-01	3.59e-02
 4.70630e+22	1.59e-01	8.07e-01	3.42e-02
 4.72753e+22	1.72e-01	7.95e-01	3.28e-02
 4.74081e+22	1.79e-01	7.89e-01	3.25e-02
 4.74565e+22	1.82e-01	7.86e-01	3.23e-02
 4.74951e+22	1.85e-01	7.83e-01	3.21e-02
 4.75450e+22	1.89e-01	7.79e-01	3.18e-02
 4.76038e+22	1.94e-01	7.75e-01	3.14e-02
 4.76625e+22	1.98e-01	7.71e-01	3.12e-02
 4.77198e+22	2.03e-01	7.66e-01	3.09e-02
 4.77766e+22	2.07e-01	7.62e-01	3.08e-02
 4.78352e+22	2.12e-01	7.57e-01	3.05e-02
 4.78963e+22	2.18e-01	7.51e-01	3.03e-02
 4.79548e+22	2.23e-01	7.46e-01	3.02e-02
 4.80133e+22	2.29e-01	7.41e-01	3.00e-02
 4.80750e+22	2.35e-01	7.35e-01	2.99e-02
 4.81389e+22	2.41e-01	7.29e-01	2.98e-02
 4.82052e+22	2.49e-01	7.22e-01	2.96e-02
 4.82723e+22	2.56e-01	7.14e-01	2.95e-02
 4.83398e+22	2.64e-01	7.07e-01	2.95e-02
 4.84111e+22	2.72e-01	6.99e-01	2.94e-02
 4.84844e+22	2.80e-01	6.90e-01	2.94e-02
 4.85422e+22	2.87e-01	6.84e-01	2.95e-02
 4.85801e+22	2.91e-01	6.79e-01	2.95e-02
 4.86155e+22	2.96e-01	6.75e-01	2.94e-02
 4.86575e+22	3.01e-01	6.69e-01	2.94e-02
 4.87047e+22	3.08e-01	6.63e-01	2.93e-02
 4.87513e+22	3.14e-01	6.57e-01	2.93e-02
 4.87962e+22	3.20e-01	6.51e-01	2.93e-02
 4.88414e+22	3.27e-01	6.44e-01	2.92e-02
 4.88871e+22	3.33e-01	6.38e-01	2.91e-02
 4.89338e+22	3.40e-01	6.31e-01	2.90e-02
 4.89819e+22	3.47e-01	6.24e-01	2.89e-02
 4.90310e+22	3.55e-01	6.16e-01	2.88e-02
 4.90810e+22	3.63e-01	6.09e-01	2.86e-02
 4.91315e+22	3.71e-01	6.01e-01	2.85e-02
 4.91829e+22	3.79e-01	5.93e-01	2.83e-02
 4.92361e+22	3.88e-01	5.84e-01	2.81e-02
 4.92908e+22	3.97e-01	5.75e-01	2.78e-02
 4.93463e+22	4.07e-01	5.66e-01	2.75e-02
 4.94030e+22	4.16e-01	5.56e-01	2.72e-02
 4.94618e+22	4.27e-01	5.46e-01	2.68e-02
 4.95220e+22	4.38e-01	5.36e-01	2.64e-02
 4.95837e+22	4.49e-01	5.25e-01	2.60e-02
 4.96474e+22	4.60e-01	5.14e-01	2.55e-02
 4.97125e+22	4.72e-01	5.03e-01	2.51e-02
 4.97793e+22	4.84e-01	4.91e-01	2.45e-02
 4.98486e+22	4.97e-01	4.79e-01	2.39e-02
 4.99198e+22	5.10e-01	4.67e-01	2.34e-02
 4.99929e+22	5.23e-01	4.54e-01	2.27e-02
 5.00682e+22	5.37e-01	4.41e-01	2.20e-02
 5.01454e+22	5.51e-01	4.28e-01	2.14e-02
 5.02237e+22	5.65e-01	4.15e-01	2.06e-02
 5.03035e+22	5.79e-01	4.01e-01	1.98e-02
 5.03854e+22	5.93e-01	3.88e-01	1.91e-02
 5.04676e+22	6.07e-01	3.75e-01	1.83e-02
 5.05495e+22	6.20e-01	3.62e-01	1.76e-02
 5.06335e+22	6.34e-01	3.49e-01	1.68e-02
 5.07202e+22	6.47e-01	3.37e-01	1.61e-02
 5.08075e+22	6.60e-01	3.25e-01	1.53e-02
 5.08956e+22	6.73e-01	3.13e-01	1.46e-02
 5.09865e+22	6.86e-01	3.00e-01	1.38e-02
 5.10796e+22	6.98e-01	2.89e-01	1.31e-02
 5.11739e+22	7.11e-01	2.77e-01	1.23e-02
 5.12705e+22	7.23e-01	2.66e-01	1.16e-02
 5.13694e+22	7.34e-01	2.55e-01	1.09e-02
 5.14685e+22	7.45e-01	2.45e-01	1.02e-02
 5.15644e+22	7.55e-01	2.35e-01	9.62e-03
 5.16538e+22	7.64e-01	2.26e-01	9.07e-03
 5.17365e+22	7.73e-01	2.19e-01	8.57e-03
 5.18146e+22	7.80e-01	2.12e-01	8.11e-03
 5.18868e+22	7.87e-01	2.06e-01	7.72e-03
 5.19568e+22	7.93e-01	2.00e-01	7.33e-03
 5.20272e+22	7.99e-01	1.94e-01	6.98e-03
 5.20953e+22	8.05e-01	1.89e-01	6.64e-03
 5.21593e+22	8.10e-01	1.84e-01	6.34e-03
 5.22201e+22	8.15e-01	1.79e-01	6.06e-03
 5.22811e+22	8.19e-01	1.75e-01	5.79e-03
 5.23394e+22	8.24e-01	1.71e-01	5.55e-03
 5.23944e+22	8.28e-01	1.67e-01	5.32e-03
 5.24491e+22	8.32e-01	1.63e-01	5.09e-03
 5.25015e+22	8.35e-01	1.60e-01	4.89e-03
 5.25508e+22	8.39e-01	1.57e-01	4.70e-03
 5.25991e+22	8.42e-01	1.53e-01	4.52e-03
 5.26461e+22	8.45e-01	1.50e-01	4.35e-03
 5.26904e+22	8.48e-01	1.48e-01	4.20e-03
 5.27306e+22	8.51e-01	1.45e-01	4.06e-03
 5.27673e+22	8.53e-01	1.43e-01	3.93e-03
 5.28006e+22	8.55e-01	1.41e-01	3.82e-03
 5.28310e+22	8.58e-01	1.39e-01	3.72e-03
 5.28586e+22	8.59e-01	1.37e-01	3.63e-03
 5.28837e+22	8.61e-01	1.35e-01	3.54e-03
 5.29112e+22	8.63e-01	1.34e-01	3.45e-03
 5.29409e+22	8.65e-01	1.32e-01	3.36e-03
 5.29680e+22	8.66e-01	1.30e-01	3.28e-03
 5.29926e+22	8.68e-01	1.29e-01	3.21e-03
 5.30150e+22	8.69e-01	1.28e-01	3.16e-03
 5.30395e+22	8.71e-01	1.26e-01	3.08e-03
 5.30714e+22	8.73e-01	1.24e-01	2.98e-03
 5.31059e+22	8.75e-01	1.23e-01	2.90e-03
 5.31372e+22	8.76e-01	1.21e-01	2.83e-03
 5.31657e+22	8.78e-01	1.20e-01	2.77e-03
 5.31970e+22	8.79e-01	1.18e-01	2.69e-03
 5.32307e+22	8.81e-01	1.16e-01	2.62e-03
 5.32615e+22	8.82e-01	1.15e-01	2.56e-03
 5.32894e+22	8.84e-01	1.14e-01	2.50e-03
 5.33148e+22	8.85e-01	1.13e-01	2.46e-03
 5.33427e+22	8.87e-01	1.11e-01	2.39e-03
 5.33789e+22	8.88e-01	1.09e-01	2.31e-03
 5.34180e+22	8.90e-01	1.08e-01	2.25e-03
 5.34536e+22	8.92e-01	1.06e-01	2.19e-03
 5.34860e+22	8.93e-01	1.05e-01	2.13e-03
 5.35154e+22	8.94e-01	1.04e-01	2.08e-03
 5.35423e+22	8.95e-01	1.02e-01	2.03e-03
 5.35667e+22	8.96e-01	1.02e-01	2.00e-03
 5.35934e+22	8.98e-01	1.00e-01	1.94e-03
 5.36282e+22	9.00e-01	9.86e-02	1.88e-03
 5.36657e+22	9.01e-01	9.70e-02	1.82e-03
 5.36998e+22	9.02e-01	9.58e-02	1.78e-03
 5.37309e+22	9.04e-01	9.46e-02	1.73e-03
 5.37592e+22	9.05e-01	9.35e-02	1.69e-03
 5.37849e+22	9.06e-01	9.24e-02	1.65e-03
 5.38131e+22	9.07e-01	9.11e-02	1.61e-03
 5.38436e+22	9.08e-01	9.00e-02	1.57e-03
 5.38713e+22	9.09e-01	8.90e-02	1.53e-03
 5.38965e+22	9.10e-01	8.80e-02	1.50e-03
 5.39194e+22	9.11e-01	8.73e-02	1.48e-03
 5.39446e+22	9.12e-01	8.62e-02	1.44e-03
 5.39773e+22	9.14e-01	8.48e-02	1.39e-03
 5.40126e+22	9.15e-01	8.37e-02	1.36e-03
 5.40447e+22	9.16e-01	8.27e-02	1.32e-03
 5.40739e+22	9.17e-01	8.17e-02	1.29e-03
 5.41005e+22	9.18e-01	8.10e-02	1.27e-03
 5.41296e+22	9.19e-01	7.99e-02	1.24e-03
 5.41675e+22	9.20e-01	7.87e-02	1.20e-03
 5.42084e+22	9.21e-01	7.78e-02	1.17e-03
 5.42456e+22	9.22e-01	7.66e-02	1.14e-03
 5.42794e+22	9.23e-01	7.56e-02	1.11e-03
 5.43103e+22	9.24e-01	7.49e-02	1.09e-03
 5.43440e+22	9.25e-01	7.37e-02	1.05e-03
 5.43805e+22	9.26e-01	7.28e-02	1.03e-03
 5.44136e+22	9.27e-01	7.18e-02	9.99e-04
 5.44438e+22	9.28e-01	7.12e-02	9.81e-04
 5.44769e+22	9.29e-01	7.01e-02	9.53e-04
 5.45126e+22	9.30e-01	6.93e-02	9.30e-04
 5.45451e+22	9.31e-01	6.84e-02	9.06e-04
 5.45747e+22	9.31e-01	6.78e-02	8.90e-04
 5.46071e+22	9.32e-01	6.67e-02	8.62e-04
 5.46421e+22	9.33e-01	6.61e-02	8.47e-04
 5.46804e+22	9.34e-01	6.50e-02	8.20e-04
 5.47218e+22	9.35e-01	6.42e-02	7.99e-04
 5.47595e+22	9.36e-01	6.33e-02	7.76e-04
 5.47937e+22	9.37e-01	6.27e-02	7.61e-04
 5.48313e+22	9.38e-01	6.17e-02	7.37e-04
 5.48718e+22	9.38e-01	6.09e-02	7.18e-04
 5.49087e+22	9.39e-01	6.02e-02	7.03e-04
 5.49492e+22	9.40e-01	5.92e-02	6.78e-04
 5.49928e+22	9.41e-01	5.84e-02	6.60e-04
 5.50325e+22	9.42e-01	5.75e-02	6.41e-04
 5.50687e+22	9.42e-01	5.69e-02	6.28e-04
 5.51083e+22	9.43e-01	5.60e-02	6.08e-04
 5.51510e+22	9.44e-01	5.53e-02	5.92e-04
 5.51899e+22	9.45e-01	5.46e-02	5.79e-04
 5.52326e+22	9.46e-01	5.37e-02	5.59e-04
 5.52786e+22	9.47e-01	5.29e-02	5.43e-04
 5.53205e+22	9.47e-01	5.23e-02	5.30e-04
 5.53664e+22	9.48e-01	5.13e-02	5.11e-04
 5.54159e+22	9.49e-01	5.06e-02	4.97e-04
 5.54610e+22	9.50e-01	4.99e-02	4.84e-04
 5.55104e+22	9.51e-01	4.90e-02	4.66e-04
 5.55638e+22	9.51e-01	4.83e-02	4.53e-04
 5.56123e+22	9.52e-01	4.75e-02	4.38e-04
 5.56565e+22	9.53e-01	4.69e-02	4.26e-04
 5.57049e+22	9.54e-01	4.60e-02	4.11e-04
 5.57572e+22	9.54e-01	4.53e-02	3.98e-04
 5.58047e+22	9.55e-01	4.47e-02	3.88e-04
 5.58568e+22	9.56e-01	4.39e-02	3.74e-04
 5.59131e+22	9.56e-01	4.31e-02	3.62e-04
 5.59643e+22	9.57e-01	4.25e-02	3.52e-04
 5.60204e+22	9.58e-01	4.17e-02	3.38e-04
 5.60809e+22	9.59e-01	4.11e-02	3.28e-04
 5.61361e+22	9.59e-01	4.04e-02	3.17e-04
 5.61862e+22	9.60e-01	3.98e-02	3.08e-04
 5.62412e+22	9.61e-01	3.90e-02	2.96e-04
 5.63005e+22	9.61e-01	3.84e-02	2.86e-04
 5.63545e+22	9.62e-01	3.78e-02	2.78e-04
 5.64137e+22	9.63e-01	3.70e-02	2.67e-04
 5.64775e+22	9.63e-01	3.64e-02	2.58e-04
 5.65356e+22	9.64e-01	3.58e-02	2.50e-04
 5.65993e+22	9.65e-01	3.51e-02	2.39e-04
 5.66681e+22	9.65e-01	3.45e-02	2.32e-04
 5.67307e+22	9.66e-01	3.39e-02	2.23e-04
 5.67876e+22	9.66e-01	3.33e-02	2.16e-04
 5.68500e+22	9.67e-01	3.26e-02	2.07e-04
 5.69174e+22	9.68e-01	3.21e-02	2.00e-04
 5.69787e+22	9.68e-01	3.15e-02	1.94e-04
 5.70458e+22	9.69e-01	3.09e-02	1.86e-04
 5.71183e+22	9.70e-01	3.03e-02	1.79e-04
 5.71843e+22	9.70e-01	2.98e-02	1.73e-04
 5.72566e+22	9.71e-01	2.91e-02	1.65e-04
 5.73347e+22	9.71e-01	2.86e-02	1.59e-04
 5.74057e+22	9.72e-01	2.80e-02	1.53e-04
 5.74836e+22	9.72e-01	2.74e-02	1.46e-04
 5.75676e+22	9.73e-01	2.68e-02	1.40e-04
 5.76441e+22	9.74e-01	2.62e-02	1.35e-04
 5.77279e+22	9.74e-01	2.56e-02	1.28e-04
 5.78184e+22	9.75e-01	2.51e-02	1.23e-04
 5.79007e+22	9.75e-01	2.45e-02	1.18e-04
 5.79756e+22	9.76e-01	2.41e-02	1.13e-04
 5.80577e+22	9.76e-01	2.35e-02	1.08e-04
 5.81644e+22	9.77e-01	2.28e-02	1.02e-04
 5.82845e+22	9.78e-01	2.21e-02	9.58e-05
 5.84035e+22	9.78e-01	2.14e-02	9.00e-05
 5.85234e+22	9.79e-01	2.08e-02	8.46e-05
 5.86462e+22	9.80e-01	2.01e-02	7.93e-05
 5.87712e+22	9.80e-01	1.95e-02	7.44e-05
 5.88977e+22	9.81e-01	1.89e-02	6.97e-05
 5.90256e+22	9.82e-01	1.82e-02	6.53e-05
 5.91551e+22	9.82e-01	1.76e-02	6.11e-05
 5.92862e+22	9.83e-01	1.71e-02	5.71e-05
 5.94189e+22	9.83e-01	1.65e-02	5.34e-05
 5.95531e+22	9.84e-01	1.59e-02	4.99e-05
 5.96887e+22	9.85e-01	1.54e-02	4.66e-05
 5.98258e+22	9.85e-01	1.49e-02	4.35e-05
 5.99644e+22	9.86e-01	1.44e-02	4.06e-05
 6.01042e+22	9.86e-01	1.39e-02	3.79e-05
 6.02451e+22	9.87e-01	1.34e-02	3.53e-05
 6.03873e+22	9.87e-01	1.29e-02	3.29e-05
 6.05309e+22	9.88e-01	1.25e-02	3.06e-05
 6.06760e+22	9.88e-01	1.20e-02	2.85e-05
 6.08223e+22	9.88e-01	1.16e-02	2.65e-05
 6.09699e+22	9.89e-01	1.12e-02	2.47e-05
 6.11188e+22	9.89e-01	1.08e-02	2.30e-05
 6.12689e+22	9.90e-01	1.04e-02	2.13e-05
 6.14217e+22	9.90e-01	1.00e-02	1.98e-05
 6.15783e+22	9.90e-01	9.64e-03	1.84e-05
 6.17373e+22	9.91e-01	9.27e-03	1.70e-05
 6.18980e+22	9.91e-01	8.92e-03	1.57e-05
 6.20605e+22	9.91e-01	8.58e-03	1.46e-05
 6.22248e+22	9.92e-01	8.24e-03	1.35e-05
 6.23910e+22	9.92e-01	7.92e-03	1.24e-05
 6.25592e+22	9.92e-01	7.61e-03	1.15e-05
 6.27301e+22	9.93e-01	7.31e-03	1.06e-05
 6.29039e+22	9.93e-01	7.01e-03	9.76e-06
 6.30817e+22	9.93e-01	6.73e-03	8.97e-06
 6.32642e+22	9.94e-01	6.44e-03	8.24e-06
 6.34501e+22	9.94e-01	6.17e-03	7.56e-06
 6.36392e+22	9.94e-01	5.90e-03	6.92e-06
 6.38314e+22	9.94e-01	5.65e-03	6.33e-06
 6.40271e+22	9.95e-01	5.40e-03	5.79e-06
 6.42265e+22	9.95e-01	5.15e-03	5.28e-06
 6.44298e+22	9.95e-01	4.92e-03	4.82e-06
 6.46380e+22	9.95e-01	4.69e-03	4.38e-06
 6.48515e+22	9.96e-01	4.47e-03	3.98e-06
 6.50693e+22	9.96e-01	4.25e-03	3.60e-06
 6.52920e+22	9.96e-01	4.05e-03	3.26e-06
 6.55202e+22	9.96e-01	3.84e-03	2.94e-06
 6.57537e+22	9.96e-01	3.65e-03	2.65e-06
 6.59909e+22	9.97e-01	3.46e-03	2.39e-06
 6.62308e+22	9.97e-01	3.28e-03	2.15e-06
 6.64734e+22	9.97e-01	3.11e-03	1.93e-06
 6.67184e+22	9.97e-01	2.95e-03	1.74e-06
 6.69657e+22	9.97e-01	2.80e-03	1.56e-06
 6.72154e+22	9.97e-01	2.65e-03	1.40e-06
 6.74675e+22	9.97e-01	2.51e-03	1.25e-06
 6.77222e+22	9.98e-01	2.37e-03	1.12e-06
 6.79795e+22	9.98e-01	2.25e-03	1.01e-06
 6.82398e+22	9.98e-01	2.13e-03	9.00e-07
 6.85028e+22	9.98e-01	2.01e-03	8.05e-07
 6.87678e+22	9.98e-01	1.90e-03	7.19e-07
 6.90355e+22	9.98e-01	1.79e-03	6.42e-07
 6.93060e+22	9.98e-01	1.69e-03	5.73e-07
 6.95795e+22	9.98e-01	1.60e-03	5.10e-07
 6.98568e+22	9.98e-01	1.51e-03	4.54e-07
 7.01372e+22	9.99e-01	1.42e-03	4.03e-07
 7.04209e+22	9.99e-01	1.34e-03	3.58e-07
 7.07079e+22	9.99e-01	1.26e-03	3.17e-07
 7.09948e+22	9.99e-01	1.19e-03	2.81e-07
 7.12717e+22	9.99e-01	1.12e-03	2.51e-07
 7.15302e+22	9.99e-01	1.07e-03	2.26e-07
 7.17705e+22	9.99e-01	1.02e-03	2.05e-07
 7.19973e+22	9.99e-01	9.69e-04	1.87e-07
 7.22140e+22	9.99e-01	9.27e-04	1.71e-07
 7.24212e+22	9.99e-01	8.89e-04	1.57e-07
 7.26182e+22	9.99e-01	8.54e-04	1.45e-07
 7.28045e+22	9.99e-01	8.23e-04	1.35e-07
 7.29808e+22	9.99e-01	7.93e-04	1.25e-07
 7.31487e+22	9.99e-01	7.67e-04	1.17e-07
 7.33089e+22	9.99e-01	7.43e-04	1.10e-07
 7.34604e+22	9.99e-01	7.21e-04	1.03e-07
 7.36034e+22	9.99e-01	7.01e-04	9.76e-08
 7.37408e+22	9.99e-01	6.81e-04	9.23e-08
 7.38736e+22	9.99e-01	6.63e-04	8.74e-08
 7.40014e+22	9.99e-01	6.46e-04	8.30e-08
 7.41233e+22	9.99e-01	6.30e-04	7.90e-08
 7.42395e+22	9.99e-01	6.16e-04	7.54e-08
 7.43508e+22	9.99e-01	6.02e-04	7.20e-08
 7.44583e+22	9.99e-01	5.89e-04	6.89e-08
 7.45625e+22	9.99e-01	5.76e-04	6.59e-08
 7.46637e+22	9.99e-01	5.64e-04	6.32e-08
 7.47619e+22	9.99e-01	5.53e-04	6.08e-08
 7.48567e+22	9.99e-01	5.42e-04	5.84e-08
 7.49486e+22	9.99e-01	5.32e-04	5.63e-08
 7.50383e+22	9.99e-01	5.23e-04	5.42e-08
 7.51265e+22	9.99e-01	5.13e-04	5.23e-08
 7.52137e+22	9.99e-01	5.04e-04	5.05e-08
 7.52998e+22	1.00e+00	4.95e-04	4.87e-08
 7.53850e+22	1.00e+00	4.86e-04	4.70e-08
 7.54695e+22	1.00e+00	4.78e-04	4.54e-08
 7.55540e+22	1.00e+00	4.69e-04	4.38e-08
 7.56391e+22	1.00e+00	4.62e-04	4.23e-08
 7.57249e+22	1.00e+00	4.53e-04	4.08e-08
 7.58119e+22	1.00e+00	4.45e-04	3.93e-08
 7.59012e+22	1.00e+00	4.36e-04	3.78e-08
 7.59929e+22	1.00e+00	4.28e-04	3.64e-08
 7.60872e+22	1.00e+00	4.19e-04	3.50e-08
 7.61846e+22	1.00e+00	4.11e-04	3.35e-08
 7.62862e+22	1.00e+00	4.02e-04	3.21e-08
 7.63927e+22	1.00e+00	3.93e-04	3.07e-08
 7.65048e+22	1.00e+00	3.84e-04	2.93e-08
 7.66230e+22	1.00e+00	3.74e-04	2.78e-08
 7.67484e+22	1.00e+00	3.64e-04	2.63e-08
 7.68827e+22	1.00e+00	3.54e-04	2.48e-08
 7.70257e+22	1.00e+00	3.43e-04	2.34e-08
 7.71774e+22	1.00e+00	3.32e-04	2.19e-08
 7.73396e+22	1.00e+00	3.20e-04	2.04e-08
 7.75143e+22	1.00e+00	3.08e-04	1.89e-08
 7.77026e+22	1.00e+00	2.95e-04	1.74e-08
 7.79049e+22	1.00e+00	2.83e-04	1.59e-08
 7.81219e+22	1.00e+00	2.69e-04	1.44e-08
 7.83555e+22	1.00e+00	2.56e-04	1.30e-08
 7.86074e+22	1.00e+00	2.42e-04	1.16e-08
 7.88799e+22	1.00e+00	2.27e-04	1.03e-08
 7.91761e+22	1.00e+00	2.12e-04	8.98e-09
 7.94983e+22	1.00e+00	1.97e-04	7.76e-09
 7.98484e+22	1.00e+00	1.82e-04	6.62e-09
 8.02270e+22	1.00e+00	1.67e-04	5.56e-09
 8.06368e+22	1.00e+00	1.52e-04	4.59e-09
 8.10809e+22	1.00e+00	1.37e-04	3.72e-09
 8.15577e+22	1.00e+00	1.22e-04	2.97e-09
 8.20615e+22	1.00e+00	1.08e-04	2.34e-09
 8.25832e+22	1.00e+00	9.54e-05	1.82e-09
 8.31106e+22	1.00e+00	8.40e-05	1.41e-09
 8.36272e+22	1.00e+00	7.41e-05	1.10e-09
 8.41150e+22	1.00e+00	6.59e-05	8.71e-10
 8.45591e+22	1.00e+00	5.92e-05	7.04e-10
 8.49405e+22	1.00e+00	5.41e-05	5.89e-10
 8.52429e+22	1.00e+00	5.05e-05	5.12e-10
 8.54732e+22	1.00e+00	4.79e-05	4.61e-10
 8.56534e+22	1.00e+00	4.59e-05	4.23e-10
 8.58030e+22	1.00e+00	4.42e-05	3.94e-10
 8.59326e+22	1.00e+00	4.28e-05	3.69e-10
 8.60464e+22	1.00e+00	4.17e-05	3.50e-10
 8.61479e+22	1.00e+00	4.07e-05	3.33e-10
 8.62408e+22	1.00e+00	3.98e-05	3.19e-10
 8.63274e+22	1.00e+00	3.90e-05	3.06e-10
 8.64093e+22	1.00e+00	3.83e-05	2.95e-10
 8.64872e+22	1.00e+00	3.76e-05	2.85e-10
 8.65618e+22	1.00e+00	3.70e-05	2.76e-10
 8.66341e+22	1.00e+00	3.65e-05	2.68e-10
 8.67050e+22	1.00e+00	3.60e-05	2.61e-10
 8.67750e+22	1.00e+00	3.56e-05	2.55e-10
 8.68444e+22	1.00e+00	3.52e-05	2.49e-10
 8.69138e+22	1.00e+00	3.48e-05	2.44e-10
 8.69835e+22	1.00e+00	3.45e-05	2.40e-10
 8.70539e+22	1.00e+00	3.42e-05	2.36e-10
 8.71255e+22	1.00e+00	3.40e-05	2.33e-10
 8.71986e+22	1.00e+00	3.38e-05	2.30e-10
 8.72740e+22	1.00e+00	3.36e-05	2.28e-10
 8.73520e+22	1.00e+00	3.34e-05	2.25e-10
 8.74330e+22	1.00e+00	3.33e-05	2.23e-10
 8.75185e+22	1.00e+00	3.31e-05	2.21e-10
 8.76078e+22	1.00e+00	3.29e-05	2.19e-10
 8.76996e+22	1.00e+00	3.27e-05	2.17e-10
 8.77959e+22	1.00e+00	3.25e-05	2.14e-10
 8.79010e+22	1.00e+00	3.21e-05	2.09e-10
 8.80199e+22	1.00e+00	3.16e-05	2.03e-10
 8.81599e+22	1.00e+00	3.09e-05	1.94e-10
 8.83329e+22	1.00e+00	2.98e-05	1.80e-10
 8.84877e+22	1.00e+00	2.91e-05	1.72e-10
 8.85861e+22	1.00e+00	2.86e-05	1.66e-10
 8.86606e+22	1.00e+00	2.82e-05	1.61e-10
 8.87263e+22	1.00e+00	2.78e-05	1.56e-10
 8.87930e+22	1.00e+00	2.73e-05	1.52e-10
 8.88575e+22	1.00e+00	2.70e-05	1.47e-10
 8.89175e+22	1.00e+00	2.66e-05	1.43e-10
 8.89787e+22	1.00e+00	2.62e-05	1.39e-10
 8.90363e+22	1.00e+00	2.58e-05	1.36e-10
 8.90912e+22	1.00e+00	2.55e-05	1.32e-10
 8.91472e+22	1.00e+00	2.52e-05	1.29e-10
 8.92034e+22	1.00e+00	2.49e-05	1.25e-10
 8.92543e+22	1.00e+00	2.46e-05	1.23e-10
 8.93066e+22	1.00e+00	2.42e-05	1.19e-10
 8.93617e+22	1.00e+00	2.39e-05	1.16e-10
 8.94170e+22	1.00e+00	2.36e-05	1.13e-10
 8.94723e+22	1.00e+00	2.33e-05	1.10e-10
 8.95257e+22	1.00e+00	2.30e-05	1.07e-10
 8.95840e+22	1.00e+00	2.27e-05	1.04e-10
 8.96391e+22	1.00e+00	2.24e-05	1.02e-10
 8.96957e+22	1.00e+00	2.20e-05	9.87e-11
 8.97551e+22	1.00e+00	2.17e-05	9.61e-11
 8.98117e+22	1.00e+00	2.14e-05	9.33e-11
 8.98703e+22	1.00e+00	2.11e-05	9.07e-11
 8.99292e+22	1.00e+00	2.08e-05	8.81e-11
 8.99888e+22	1.00e+00	2.05e-05	8.56e-11
 9.00491e+22	1.00e+00	2.02e-05	8.31e-11
 9.01086e+22	1.00e+00	1.99e-05	8.08e-11
 9.01690e+22	1.00e+00	1.96e-05	7.83e-11
 9.02329e+22	1.00e+00	1.93e-05	7.59e-11
 9.02955e+22	1.00e+00	1.90e-05	7.37e-11
 9.03538e+22	1.00e+00	1.87e-05	7.16e-11
 9.04185e+22	1.00e+00	1.84e-05	6.92e-11
 9.04866e+22	1.00e+00	1.81e-05	6.69e-11
 9.05533e+22	1.00e+00	1.78e-05	6.47e-11
 9.06213e+22	1.00e+00	1.75e-05	6.26e-11
 9.06910e+22	1.00e+00	1.72e-05	6.04e-11
 9.07618e+22	1.00e+00	1.69e-05	5.83e-11
 9.08319e+22	1.00e+00	1.66e-05	5.63e-11
 9.09058e+22	1.00e+00	1.63e-05	5.42e-11
 9.09801e+22	1.00e+00	1.60e-05	5.22e-11
 9.10553e+22	1.00e+00	1.57e-05	5.02e-11
 9.11330e+22	1.00e+00	1.54e-05	4.83e-11
 9.12087e+22	1.00e+00	1.51e-05	4.65e-11
 9.12871e+22	1.00e+00	1.48e-05	4.46e-11
 9.13678e+22	1.00e+00	1.45e-05	4.28e-11
 9.14478e+22	1.00e+00	1.42e-05	4.10e-11
 9.15292e+22	1.00e+00	1.39e-05	3.94e-11
 9.16120e+22	1.00e+00	1.36e-05	3.77e-11
 9.16968e+22	1.00e+00	1.33e-05	3.60e-11
 9.17829e+22	1.00e+00	1.30e-05	3.44e-11
 9.18698e+22	1.00e+00	1.27e-05	3.29e-11
 9.19578e+22	1.00e+00	1.24e-05	3.14e-11
 9.20473e+22	1.00e+00	1.21e-05	2.99e-11
 9.21383e+22	1.00e+00	1.18e-05	2.84e-11
 9.22305e+22	1.00e+00	1.15e-05	2.70e-11
 9.23242e+22	1.00e+00	1.12e-05	2.57e-11
 9.24192e+22	1.00e+00	1.09e-05	2.43e-11
 9.25157e+22	1.00e+00	1.06e-05	2.30e-11
 9.25673e+22	1.00e+00	1.05e-05	2.27e-11
