#depth	S	S+	S+2	S+3	S+4	S+5	S+6	S+7	S+8	S+9	S+10	S+11	S+12	S+13	S+14	S+15	S+16
 4.62852e+21	0.00e+00	0.00e+00	0.00e+00	0.00e+00	0.00e+00	0.00e+00	0.00e+00	0.00e+00	1.36e-24	6.31e-21	1.76e-17	2.56e-14	2.33e-11	2.24e-08	4.28e-05	1.16e-02	9.88e-01
 1.05257e+22	0.00e+00	0.00e+00	0.00e+00	0.00e+00	0.00e+00	0.00e+00	0.00e+00	3.02e-27	2.37e-23	7.65e-20	1.51e-16	1.54e-13	9.79e-11	6.56e-08	8.74e-05	1.65e-02	9.83e-01
 1.26407e+22	0.00e+00	0.00e+00	0.00e+00	0.00e+00	0.00e+00	0.00e+00	1.64e-30	2.58e-26	1.59e-22	4.03e-19	6.27e-16	5.00e-13	2.52e-10	1.33e-07	1.40e-04	2.09e-02	9.79e-01
 1.41642e+22	0.00e+00	0.00e+00	0.00e+00	0.00e+00	0.00e+00	0.00e+00	1.10e-29	1.42e-25	7.23e-22	1.53e-18	1.95e-15	1.29e-12	5.36e-10	2.35e-07	2.04e-04	2.52e-02	9.75e-01
 1.50465e+22	0.00e+00	0.00e+00	0.00e+00	0.00e+00	0.00e+00	0.00e+00	1.93e-29	2.35e-25	1.13e-21	2.25e-18	2.72e-15	1.69e-12	6.67e-10	2.76e-07	2.27e-04	2.66e-02	9.73e-01
 1.55186e+22	0.00e+00	0.00e+00	0.00e+00	0.00e+00	0.00e+00	0.00e+00	4.04e-29	4.57e-25	2.03e-21	3.76e-18	4.22e-15	2.44e-12	8.93e-10	3.44e-07	2.63e-04	2.85e-02	9.71e-01
 1.60311e+22	0.00e+00	0.00e+00	0.00e+00	0.00e+00	0.00e+00	0.00e+00	7.97e-29	8.40e-25	3.49e-21	6.03e-18	6.31e-15	3.41e-12	1.17e-09	4.20e-07	3.01e-04	3.05e-02	9.69e-01
 1.64741e+22	0.00e+00	0.00e+00	0.00e+00	0.00e+00	0.00e+00	0.00e+00	1.39e-28	1.38e-24	5.42e-21	8.84e-18	8.75e-15	4.47e-12	1.45e-09	4.94e-07	3.35e-04	3.21e-02	9.68e-01
 1.69280e+22	0.00e+00	0.00e+00	0.00e+00	0.00e+00	0.00e+00	0.00e+00	2.81e-28	2.60e-24	9.50e-21	1.44e-17	1.33e-14	6.32e-12	1.91e-09	6.08e-07	3.84e-04	3.44e-02	9.65e-01
 1.73877e+22	0.00e+00	0.00e+00	0.00e+00	0.00e+00	0.00e+00	0.00e+00	4.98e-28	4.35e-24	1.50e-20	2.15e-17	1.87e-14	8.39e-12	2.40e-09	7.20e-07	4.30e-04	3.63e-02	9.63e-01
 1.77876e+22	0.00e+00	0.00e+00	0.00e+00	0.00e+00	0.00e+00	0.00e+00	8.64e-28	7.13e-24	2.32e-20	3.15e-17	2.59e-14	1.10e-11	2.97e-09	8.46e-07	4.78e-04	3.83e-02	9.61e-01
 1.82400e+22	0.00e+00	0.00e+00	0.00e+00	0.00e+00	0.00e+00	5.86e-32	1.74e-27	1.34e-23	4.06e-20	5.12e-17	3.92e-14	1.55e-11	3.91e-09	1.04e-06	5.48e-04	4.09e-02	9.59e-01
 1.86986e+22	0.00e+00	0.00e+00	0.00e+00	0.00e+00	0.00e+00	1.10e-31	3.08e-27	2.23e-23	6.38e-20	7.59e-17	5.48e-14	2.05e-11	4.89e-09	1.23e-06	6.13e-04	4.32e-02	9.56e-01
 1.90993e+22	0.00e+00	0.00e+00	0.00e+00	0.00e+00	0.00e+00	2.02e-31	5.36e-27	3.66e-23	9.90e-20	1.11e-16	7.60e-14	2.69e-11	6.08e-09	1.44e-06	6.82e-04	4.55e-02	9.54e-01
 1.95542e+22	0.00e+00	0.00e+00	0.00e+00	0.00e+00	0.00e+00	4.49e-31	1.10e-26	7.00e-23	1.76e-19	1.84e-16	1.16e-13	3.83e-11	8.06e-09	1.78e-06	7.84e-04	4.88e-02	9.50e-01
 2.00087e+22	0.00e+00	0.00e+00	0.00e+00	0.00e+00	0.00e+00	8.14e-31	1.89e-26	1.14e-22	2.70e-19	2.67e-16	1.60e-13	4.99e-11	9.95e-09	2.09e-06	8.71e-04	5.13e-02	9.48e-01
 2.04625e+22	0.00e+00	0.00e+00	0.00e+00	0.00e+00	0.00e+00	1.79e-30	3.87e-26	2.16e-22	4.76e-19	4.38e-16	2.44e-13	7.07e-11	1.32e-08	2.58e-06	1.00e-03	5.49e-02	9.44e-01
 2.08810e+22	0.00e+00	0.00e+00	0.00e+00	0.00e+00	0.00e+00	3.01e-30	6.19e-26	3.29e-22	6.92e-19	6.07e-16	3.22e-13	8.91e-11	1.58e-08	2.96e-06	1.09e-03	5.73e-02	9.42e-01
 2.12535e+22	0.00e+00	0.00e+00	0.00e+00	0.00e+00	0.00e+00	5.52e-30	1.07e-25	5.36e-22	1.07e-18	8.85e-16	4.44e-13	1.16e-10	1.95e-08	3.46e-06	1.22e-03	6.03e-02	9.38e-01
 2.16498e+22	0.00e+00	0.00e+00	0.00e+00	0.00e+00	0.00e+00	9.86e-30	1.81e-25	8.61e-22	1.62e-18	1.27e-15	6.07e-13	1.50e-10	2.40e-08	4.04e-06	1.35e-03	6.34e-02	9.35e-01
 2.19984e+22	0.00e+00	0.00e+00	0.00e+00	0.00e+00	0.00e+00	1.65e-29	2.88e-25	1.30e-21	2.34e-18	1.75e-15	7.96e-13	1.88e-10	2.87e-08	4.62e-06	1.47e-03	6.61e-02	9.32e-01
 2.23730e+22	0.00e+00	0.00e+00	0.00e+00	0.00e+00	0.00e+00	3.03e-29	5.00e-25	2.14e-21	3.62e-18	2.57e-15	1.10e-12	2.46e-10	3.56e-08	5.42e-06	1.63e-03	6.96e-02	9.29e-01
 2.27666e+22	0.00e+00	0.00e+00	0.00e+00	0.00e+00	0.00e+00	5.40e-29	8.44e-25	3.42e-21	5.49e-18	3.69e-15	1.50e-12	3.18e-10	4.37e-08	6.31e-06	1.81e-03	7.30e-02	9.25e-01
 2.31148e+22	0.00e+00	0.00e+00	0.00e+00	0.00e+00	0.00e+00	9.03e-29	1.35e-24	5.19e-21	7.95e-18	5.09e-15	1.97e-12	3.99e-10	5.23e-08	7.22e-06	1.98e-03	7.62e-02	9.22e-01
 2.34975e+22	0.00e+00	0.00e+00	0.00e+00	0.00e+00	1.75e-32	1.67e-28	2.35e-24	8.54e-21	1.23e-17	7.47e-15	2.73e-12	5.22e-10	6.49e-08	8.47e-06	2.19e-03	8.02e-02	9.18e-01
 2.38972e+22	0.00e+00	0.00e+00	0.00e+00	0.00e+00	3.27e-32	2.98e-28	3.96e-24	1.37e-20	1.87e-17	1.07e-14	3.72e-12	6.74e-10	7.95e-08	9.87e-06	2.43e-03	8.41e-02	9.13e-01
 2.42189e+22	0.00e+00	0.00e+00	0.00e+00	0.00e+00	5.39e-32	4.71e-28	6.00e-24	1.98e-20	2.60e-17	1.43e-14	4.75e-12	8.26e-10	9.34e-08	1.11e-05	2.63e-03	8.73e-02	9.10e-01
 2.44941e+22	0.00e+00	0.00e+00	0.00e+00	0.00e+00	8.51e-32	7.17e-28	8.78e-24	2.79e-20	3.52e-17	1.86e-14	5.93e-12	9.93e-10	1.08e-07	1.24e-05	2.82e-03	9.04e-02	9.07e-01
 2.48086e+22	0.00e+00	0.00e+00	0.00e+00	0.00e+00	1.45e-31	1.17e-27	1.37e-23	4.14e-20	4.99e-17	2.52e-14	7.68e-12	1.23e-09	1.28e-07	1.41e-05	3.07e-03	9.40e-02	9.03e-01
 2.51550e+22	0.00e+00	0.00e+00	0.00e+00	0.00e+00	2.50e-31	1.93e-27	2.16e-23	6.23e-20	7.16e-17	3.45e-14	1.00e-11	1.53e-09	1.53e-07	1.61e-05	3.34e-03	9.79e-02	8.99e-01
 2.54790e+22	0.00e+00	0.00e+00	0.00e+00	0.00e+00	4.20e-31	3.13e-27	3.33e-23	9.20e-20	1.01e-16	4.66e-14	1.30e-11	1.89e-09	1.81e-07	1.82e-05	3.63e-03	1.02e-01	8.95e-01
 2.57794e+22	0.00e+00	0.00e+00	0.00e+00	0.00e+00	6.87e-31	4.92e-27	5.02e-23	1.33e-19	1.40e-16	6.18e-14	1.65e-11	2.31e-09	2.12e-07	2.05e-05	3.92e-03	1.06e-01	8.90e-01
 2.61129e+22	0.00e+00	0.00e+00	0.00e+00	0.00e+00	1.25e-30	8.53e-27	8.26e-23	2.08e-19	2.08e-16	8.71e-14	2.21e-11	2.94e-09	2.57e-07	2.36e-05	4.30e-03	1.10e-01	8.85e-01
 2.64566e+22	0.00e+00	0.00e+00	0.00e+00	0.00e+00	2.10e-30	1.37e-26	1.27e-22	3.06e-19	2.92e-16	1.17e-13	2.84e-11	3.62e-09	3.04e-07	2.67e-05	4.67e-03	1.15e-01	8.81e-01
 2.67622e+22	0.00e+00	0.00e+00	0.00e+00	0.00e+00	3.45e-30	2.17e-26	1.93e-22	4.43e-19	4.06e-16	1.56e-13	3.62e-11	4.43e-09	3.56e-07	3.01e-05	5.04e-03	1.19e-01	8.76e-01
 2.70593e+22	0.00e+00	0.00e+00	0.00e+00	0.00e+00	5.59e-30	3.40e-26	2.89e-22	6.37e-19	5.60e-16	2.06e-13	4.59e-11	5.39e-09	4.16e-07	3.38e-05	5.44e-03	1.23e-01	8.71e-01
 2.73358e+22	0.00e+00	0.00e+00	0.00e+00	0.00e+00	8.60e-30	5.05e-26	4.14e-22	8.79e-19	7.44e-16	2.64e-13	5.67e-11	6.41e-09	4.78e-07	3.75e-05	5.82e-03	1.27e-01	8.67e-01
 2.76343e+22	0.00e+00	0.00e+00	0.00e+00	0.00e+00	1.43e-29	8.08e-26	6.33e-22	1.29e-18	1.04e-15	3.54e-13	7.26e-11	7.86e-09	5.62e-07	4.22e-05	6.29e-03	1.32e-01	8.62e-01
 2.79479e+22	0.00e+00	0.00e+00	0.00e+00	0.00e+00	2.33e-29	1.27e-25	9.50e-22	1.85e-18	1.44e-15	4.69e-13	9.21e-11	9.58e-09	6.57e-07	4.74e-05	6.79e-03	1.36e-01	8.57e-01
 2.82232e+22	0.00e+00	0.00e+00	0.00e+00	0.00e+00	3.61e-29	1.90e-25	1.37e-21	2.57e-18	1.92e-15	6.03e-13	1.14e-10	1.14e-08	7.57e-07	5.27e-05	7.26e-03	1.41e-01	8.52e-01
 2.85230e+22	0.00e+00	0.00e+00	0.00e+00	0.00e+00	6.07e-29	3.06e-25	2.12e-21	3.79e-18	2.70e-15	8.12e-13	1.47e-10	1.41e-08	8.93e-07	5.95e-05	7.86e-03	1.46e-01	8.46e-01
 2.88318e+22	0.00e+00	0.00e+00	0.00e+00	1.04e-32	9.76e-29	4.74e-25	3.15e-21	5.41e-18	3.71e-15	1.07e-12	1.85e-10	1.71e-08	1.04e-06	6.66e-05	8.46e-03	1.51e-01	8.41e-01
 2.90962e+22	0.00e+00	0.00e+00	0.00e+00	1.64e-32	1.49e-28	7.00e-25	4.48e-21	7.41e-18	4.90e-15	1.36e-12	2.28e-10	2.02e-08	1.19e-06	7.36e-05	9.03e-03	1.55e-01	8.36e-01
 2.93841e+22	0.00e+00	0.00e+00	0.00e+00	2.79e-32	2.44e-28	1.11e-24	6.77e-21	1.07e-17	6.79e-15	1.81e-12	2.90e-10	2.46e-08	1.39e-06	8.27e-05	9.74e-03	1.61e-01	8.29e-01
 2.96914e+22	0.00e+00	0.00e+00	0.00e+00	4.66e-32	3.94e-28	1.71e-24	1.01e-20	1.53e-17	9.31e-15	2.38e-12	3.66e-10	2.99e-08	1.62e-06	9.26e-05	1.05e-02	1.66e-01	8.23e-01
 2.99694e+22	0.00e+00	0.00e+00	0.00e+00	7.52e-32	6.14e-28	2.58e-24	1.46e-20	2.14e-17	1.25e-14	3.07e-12	4.55e-10	3.57e-08	1.87e-06	1.03e-04	1.12e-02	1.71e-01	8.18e-01
 3.02191e+22	0.00e+00	0.00e+00	0.00e+00	1.15e-31	9.12e-28	3.72e-24	2.04e-20	2.88e-17	1.62e-14	3.86e-12	5.52e-10	4.19e-08	2.12e-06	1.13e-04	1.19e-02	1.76e-01	8.12e-01
 3.04510e+22	0.00e+00	0.00e+00	0.00e+00	1.71e-31	1.32e-27	5.23e-24	2.77e-20	3.79e-17	2.07e-14	4.77e-12	6.60e-10	4.86e-08	2.39e-06	1.23e-04	1.26e-02	1.80e-01	8.07e-01
 3.07174e+22	0.00e+00	0.00e+00	0.00e+00	2.76e-31	2.06e-27	7.89e-24	4.03e-20	5.29e-17	2.78e-14	6.16e-12	8.19e-10	5.80e-08	2.75e-06	1.37e-04	1.35e-02	1.86e-01	8.01e-01
 3.10044e+22	0.00e+00	0.00e+00	0.00e+00	4.47e-31	3.22e-27	1.19e-23	5.85e-20	7.40e-17	3.74e-14	7.97e-12	1.02e-09	6.95e-08	3.17e-06	1.52e-04	1.44e-02	1.91e-01	7.94e-01
 3.12630e+22	0.00e+00	0.00e+00	0.00e+00	3.72e-31	2.60e-27	9.33e-24	8.25e-20	1.01e-16	4.91e-14	1.01e-11	1.25e-09	8.20e-08	3.61e-06	1.67e-04	1.53e-02	1.96e-01	7.88e-01
 3.15441e+22	0.00e+00	0.00e+00	0.00e+00	6.26e-31	4.23e-27	1.46e-23	1.24e-19	1.45e-16	6.76e-14	1.33e-11	1.58e-09	9.95e-08	4.21e-06	1.87e-04	1.65e-02	2.03e-01	7.81e-01
 3.18293e+22	0.00e+00	0.00e+00	0.00e+00	1.00e-30	6.54e-27	2.18e-23	1.78e-19	2.01e-16	9.03e-14	1.71e-11	1.95e-09	1.19e-07	4.83e-06	2.07e-04	1.76e-02	2.09e-01	7.74e-01
 3.20675e+22	0.00e+00	0.00e+00	0.00e+00	1.50e-30	9.55e-27	3.09e-23	2.44e-19	2.66e-16	1.16e-13	2.13e-11	2.35e-09	1.38e-07	5.45e-06	2.26e-04	1.86e-02	2.14e-01	7.68e-01
 3.23248e+22	0.00e+00	0.00e+00	0.00e+00	2.41e-30	1.48e-26	4.64e-23	3.53e-19	3.69e-16	1.55e-13	2.74e-11	2.90e-09	1.64e-07	6.26e-06	2.50e-04	1.98e-02	2.20e-01	7.60e-01
 3.26032e+22	0.00e+00	0.00e+00	0.00e+00	3.87e-30	2.30e-26	6.96e-23	5.10e-19	5.14e-16	2.07e-13	3.52e-11	3.60e-09	1.96e-07	7.19e-06	2.77e-04	2.12e-02	2.26e-01	7.53e-01
 3.28573e+22	0.00e+00	0.00e+00	0.00e+00	5.91e-30	3.41e-26	1.00e-22	7.08e-19	6.90e-16	2.69e-13	4.42e-11	4.36e-09	2.30e-07	8.15e-06	3.03e-04	2.24e-02	2.31e-01	7.46e-01
 3.30923e+22	0.00e+00	0.00e+00	0.00e+00	8.83e-30	4.96e-26	1.41e-22	9.68e-19	9.13e-16	3.44e-13	5.47e-11	5.23e-09	2.67e-07	9.17e-06	3.31e-04	2.37e-02	2.37e-01	7.39e-01
 3.33538e+22	0.00e+00	0.00e+00	0.00e+00	1.41e-29	7.70e-26	2.12e-22	1.40e-18	1.27e-15	4.60e-13	7.04e-11	6.46e-09	3.18e-07	1.05e-05	3.66e-04	2.52e-02	2.43e-01	7.31e-01
 3.36291e+22	0.00e+00	0.00e+00	0.00e+00	2.23e-29	1.18e-25	3.13e-22	1.99e-18	1.74e-15	6.08e-13	8.98e-11	7.95e-09	3.76e-07	1.20e-05	4.03e-04	2.69e-02	2.49e-01	7.23e-01
 3.38714e+22	0.00e+00	0.00e+00	3.62e-33	3.37e-29	1.73e-25	4.46e-22	2.74e-18	2.32e-15	7.84e-13	1.12e-10	9.58e-09	4.39e-07	1.36e-05	4.41e-04	2.84e-02	2.55e-01	7.16e-01
 3.41356e+22	0.00e+00	0.00e+00	6.06e-33	5.47e-29	2.71e-25	6.78e-22	4.01e-18	3.25e-15	1.06e-12	1.45e-10	1.19e-08	5.25e-07	1.56e-05	4.88e-04	3.03e-02	2.62e-01	7.07e-01
 3.44159e+22	0.00e+00	0.00e+00	9.95e-33	8.71e-29	4.19e-25	1.01e-21	5.75e-18	4.50e-15	1.41e-12	1.86e-10	1.47e-08	6.25e-07	1.79e-05	5.39e-04	3.23e-02	2.69e-01	6.99e-01
 3.46602e+22	0.00e+00	0.00e+00	1.55e-32	1.32e-28	6.15e-25	1.44e-21	7.94e-18	6.00e-15	1.82e-12	2.32e-10	1.78e-08	7.29e-07	2.02e-05	5.89e-04	3.41e-02	2.75e-01	6.91e-01
 3.48824e+22	0.00e+00	0.00e+00	2.32e-32	1.93e-28	8.78e-25	2.00e-21	1.07e-17	7.84e-15	2.30e-12	2.85e-10	2.11e-08	8.40e-07	2.26e-05	6.39e-04	3.59e-02	2.80e-01	6.83e-01
 3.51325e+22	0.00e+00	0.00e+00	3.79e-32	3.06e-28	1.35e-24	2.97e-21	1.53e-17	1.08e-14	3.05e-12	3.64e-10	2.60e-08	9.96e-07	2.58e-05	7.04e-04	3.81e-02	2.87e-01	6.74e-01
 3.53992e+22	0.00e+00	0.00e+00	6.02e-32	4.72e-28	2.02e-24	4.31e-21	2.15e-17	1.46e-14	3.99e-12	4.59e-10	3.17e-08	1.17e-06	2.93e-05	7.72e-04	4.03e-02	2.93e-01	6.66e-01
 3.56434e+22	0.00e+00	0.00e+00	9.40e-32	7.17e-28	2.98e-24	6.16e-21	2.97e-17	1.96e-14	5.16e-12	5.74e-10	3.83e-08	1.37e-06	3.31e-05	8.43e-04	4.26e-02	2.99e-01	6.57e-01
 3.59169e+22	0.00e+00	0.00e+00	1.60e-31	1.19e-27	4.76e-24	9.50e-21	4.40e-17	2.78e-14	7.03e-12	7.51e-10	4.80e-08	1.65e-06	3.83e-05	9.37e-04	4.55e-02	3.07e-01	6.47e-01
 3.62018e+22	0.00e+00	0.00e+00	1.70e-31	1.21e-27	4.70e-24	1.44e-20	6.42e-17	3.90e-14	9.50e-12	9.75e-10	6.00e-08	1.98e-06	4.42e-05	1.04e-03	4.85e-02	3.14e-01	6.36e-01
 3.64351e+22	0.00e+00	0.00e+00	2.53e-31	1.76e-27	6.68e-24	1.99e-20	8.60e-17	5.07e-14	1.20e-11	1.19e-09	7.11e-08	2.27e-06	4.93e-05	1.12e-03	5.09e-02	3.20e-01	6.28e-01
 3.66719e+22	0.00e+00	0.00e+00	4.06e-31	2.75e-27	1.01e-23	2.90e-20	1.21e-16	6.91e-14	1.57e-11	1.51e-09	8.69e-08	2.68e-06	5.61e-05	1.23e-03	5.38e-02	3.26e-01	6.18e-01
 3.69275e+22	0.00e+00	0.00e+00	6.39e-31	4.21e-27	1.50e-23	4.17e-20	1.69e-16	9.28e-14	2.04e-11	1.89e-09	1.05e-07	3.14e-06	6.34e-05	1.35e-03	5.68e-02	3.33e-01	6.09e-01
 3.71675e+22	0.00e+00	0.00e+00	9.93e-31	6.37e-27	2.20e-23	5.94e-20	2.33e-16	1.24e-13	2.63e-11	2.36e-09	1.27e-07	3.66e-06	7.15e-05	1.47e-03	5.99e-02	3.39e-01	6.00e-01
 3.74394e+22	0.00e+00	0.00e+00	1.70e-30	1.05e-26	3.52e-23	9.13e-20	3.44e-16	1.76e-13	3.59e-11	3.09e-09	1.59e-07	4.41e-06	8.27e-05	1.63e-03	6.38e-02	3.47e-01	5.88e-01
 3.77203e+22	0.00e+00	0.00e+00	2.84e-30	1.71e-26	5.51e-23	1.37e-19	5.00e-16	2.46e-13	4.83e-11	4.00e-09	1.99e-07	5.28e-06	9.51e-05	1.80e-03	6.78e-02	3.54e-01	5.77e-01
 3.79482e+22	0.00e+00	0.00e+00	4.29e-30	2.51e-26	7.87e-23	1.90e-19	6.73e-16	3.21e-13	6.11e-11	4.91e-09	2.36e-07	6.09e-06	1.06e-04	1.95e-03	7.11e-02	3.59e-01	5.67e-01
 3.81800e+22	0.00e+00	0.00e+00	6.82e-30	3.88e-26	1.18e-22	2.76e-19	9.43e-16	4.34e-13	7.99e-11	6.20e-09	2.88e-07	7.16e-06	1.20e-04	2.13e-03	7.50e-02	3.66e-01	5.57e-01
 3.84310e+22	0.00e+00	0.00e+00	1.08e-29	5.95e-26	1.75e-22	3.96e-19	1.31e-15	5.84e-13	1.04e-10	7.78e-09	3.49e-07	8.40e-06	1.36e-04	2.32e-03	7.90e-02	3.72e-01	5.47e-01
 3.86654e+22	0.00e+00	0.00e+00	1.67e-29	8.98e-26	2.57e-22	5.60e-19	1.80e-15	7.76e-13	1.34e-10	9.69e-09	4.21e-07	9.79e-06	1.53e-04	2.53e-03	8.31e-02	3.78e-01	5.36e-01
 3.89285e+22	0.00e+00	0.00e+00	2.92e-29	1.51e-25	4.17e-22	8.71e-19	2.69e-15	1.11e-12	1.84e-10	1.28e-08	5.34e-07	1.19e-05	1.78e-04	2.81e-03	8.85e-02	3.85e-01	5.23e-01
 3.91930e+22	0.00e+00	0.00e+00	4.61e-29	2.32e-25	6.20e-22	1.25e-18	3.75e-15	1.50e-12	2.40e-10	1.61e-08	6.48e-07	1.39e-05	2.02e-04	3.07e-03	9.32e-02	3.91e-01	5.13e-01
 3.94139e+22	0.00e+00	0.00e+00	7.06e-29	3.46e-25	8.96e-22	1.75e-18	5.09e-15	1.97e-12	3.06e-10	1.99e-08	7.77e-07	1.62e-05	2.26e-04	3.33e-03	9.77e-02	3.96e-01	5.02e-01
 3.96213e+22	0.00e+00	2.06e-33	1.04e-28	4.95e-25	1.25e-21	2.36e-18	6.71e-15	2.53e-12	3.81e-10	2.41e-08	9.14e-07	1.85e-05	2.50e-04	3.58e-03	1.02e-01	4.01e-01	4.93e-01
 3.98565e+22	0.00e+00	3.48e-33	1.69e-28	7.82e-25	1.91e-21	3.47e-18	9.54e-15	3.47e-12	5.04e-10	3.08e-08	1.13e-06	2.19e-05	2.86e-04	3.92e-03	1.07e-01	4.07e-01	4.81e-01
 4.01036e+22	0.00e+00	5.72e-33	2.69e-28	1.20e-24	2.84e-21	4.98e-18	1.33e-14	4.68e-12	6.57e-10	3.87e-08	1.37e-06	2.57e-05	3.23e-04	4.28e-03	1.13e-01	4.12e-01	4.70e-01
 4.03238e+22	0.00e+00	9.12e-33	4.15e-28	1.80e-24	4.12e-21	6.98e-18	1.81e-14	6.19e-12	8.42e-10	4.80e-08	1.65e-06	3.00e-05	3.63e-04	4.64e-03	1.18e-01	4.17e-01	4.59e-01
 4.05676e+22	0.00e+00	1.63e-32	7.12e-28	2.98e-24	6.55e-21	1.06e-17	2.66e-14	8.75e-12	1.15e-09	6.28e-08	2.07e-06	3.62e-05	4.19e-04	5.13e-03	1.25e-01	4.23e-01	4.46e-01
 4.08061e+22	0.00e+00	2.55e-32	1.08e-27	4.40e-24	9.37e-21	1.47e-17	3.58e-14	1.14e-11	1.45e-09	7.72e-08	2.47e-06	4.18e-05	4.68e-04	5.53e-03	1.31e-01	4.27e-01	4.36e-01
 4.10063e+22	0.00e+00	3.98e-32	1.63e-27	6.46e-24	1.33e-20	2.02e-17	4.80e-14	1.49e-11	1.84e-09	9.48e-08	2.94e-06	4.82e-05	5.22e-04	5.97e-03	1.37e-01	4.31e-01	4.26e-01
 4.12050e+22	0.00e+00	6.07e-32	2.42e-27	9.31e-24	1.87e-20	2.73e-17	6.35e-14	1.92e-11	2.30e-09	1.15e-07	3.47e-06	5.53e-05	5.79e-04	6.42e-03	1.42e-01	4.35e-01	4.16e-01
 4.14332e+22	0.00e+00	1.03e-31	3.95e-27	1.47e-23	2.84e-20	4.00e-17	9.00e-14	2.63e-11	3.04e-09	1.47e-07	4.28e-06	6.56e-05	6.60e-04	7.02e-03	1.50e-01	4.39e-01	4.04e-01
 4.16705e+22	0.00e+00	1.68e-31	6.23e-27	2.24e-23	4.19e-20	5.66e-17	1.24e-13	3.51e-11	3.94e-09	1.84e-07	5.19e-06	7.68e-05	7.44e-04	7.62e-03	1.57e-01	4.43e-01	3.92e-01
 4.18795e+22	0.00e+00	2.67e-31	9.54e-27	3.33e-23	6.01e-20	7.83e-17	1.67e-13	4.60e-11	5.01e-09	2.27e-07	6.21e-06	8.90e-05	8.32e-04	8.23e-03	1.63e-01	4.46e-01	3.82e-01
 4.20748e+22	0.00e+00	4.07e-31	1.41e-26	4.80e-23	8.40e-20	1.06e-16	2.21e-13	5.92e-11	6.27e-09	2.76e-07	7.33e-06	1.02e-04	9.22e-04	8.83e-03	1.70e-01	4.49e-01	3.72e-01
 4.22925e+22	0.00e+00	6.85e-31	2.29e-26	7.50e-23	1.27e-19	1.53e-16	3.10e-13	8.04e-11	8.24e-09	3.50e-07	8.99e-06	1.20e-04	1.05e-03	9.62e-03	1.78e-01	4.52e-01	3.60e-01
 4.25168e+22	0.00e+00	1.10e-30	3.54e-26	1.12e-22	1.83e-19	2.12e-16	4.21e-13	1.06e-10	1.05e-08	4.34e-07	1.08e-05	1.40e-04	1.17e-03	1.04e-02	1.85e-01	4.54e-01	3.49e-01
 4.27117e+22	0.00e+00	1.67e-30	5.23e-26	1.61e-22	2.55e-19	2.86e-16	5.54e-13	1.36e-10	1.31e-08	5.26e-07	1.27e-05	1.60e-04	1.30e-03	1.11e-02	1.92e-01	4.56e-01	3.39e-01
 4.29273e+22	0.00e+00	2.89e-30	8.66e-26	2.57e-22	3.90e-19	4.19e-16	7.89e-13	1.87e-10	1.75e-08	6.75e-07	1.58e-05	1.91e-04	1.48e-03	1.22e-02	2.01e-01	4.58e-01	3.27e-01
 4.31471e+22	0.00e+00	4.48e-30	1.30e-25	3.75e-22	5.51e-19	5.70e-16	1.05e-12	2.42e-10	2.20e-08	8.25e-07	1.87e-05	2.20e-04	1.64e-03	1.30e-02	2.09e-01	4.59e-01	3.17e-01
 4.33391e+22	0.00e+00	6.95e-30	1.95e-25	5.45e-22	7.74e-19	7.72e-16	1.39e-12	3.13e-10	2.76e-08	1.01e-06	2.22e-05	2.53e-04	1.82e-03	1.40e-02	2.17e-01	4.60e-01	3.07e-01
 4.35254e+22	0.00e+00	1.05e-29	2.87e-25	7.79e-22	1.07e-18	1.03e-15	1.82e-12	4.00e-10	3.44e-08	1.22e-06	2.61e-05	2.88e-04	2.01e-03	1.49e-02	2.24e-01	4.61e-01	2.98e-01
 4.37377e+22	0.00e+00	1.77e-29	4.64e-25	1.21e-21	1.60e-18	1.48e-15	2.54e-12	5.41e-10	4.50e-08	1.54e-06	3.19e-05	3.40e-04	2.28e-03	1.62e-02	2.34e-01	4.61e-01	2.86e-01
 4.39549e+22	0.00e+00	2.82e-29	7.12e-25	1.80e-21	2.30e-18	2.03e-15	3.42e-12	7.08e-10	5.73e-08	1.90e-06	3.83e-05	3.94e-04	2.54e-03	1.74e-02	2.42e-01	4.61e-01	2.76e-01
 4.41416e+22	0.00e+00	4.26e-29	1.04e-24	2.56e-21	3.17e-18	2.71e-15	4.47e-12	9.01e-10	7.11e-08	2.29e-06	4.49e-05	4.49e-04	2.80e-03	1.86e-02	2.50e-01	4.61e-01	2.67e-01
 4.43475e+22	0.00e+00	7.13e-29	1.68e-24	3.97e-21	4.72e-18	3.86e-15	6.21e-12	1.22e-09	9.29e-08	2.89e-06	5.48e-05	5.28e-04	3.16e-03	2.01e-02	2.60e-01	4.60e-01	2.56e-01
 4.45612e+22	0.00e+00	1.13e-28	2.56e-24	5.85e-21	6.72e-18	5.28e-15	8.32e-12	1.59e-09	1.18e-07	3.56e-06	6.55e-05	6.10e-04	3.51e-03	2.15e-02	2.69e-01	4.59e-01	2.46e-01
 4.47521e+22	0.00e+00	1.74e-28	3.83e-24	8.47e-21	9.39e-18	7.10e-15	1.10e-11	2.04e-09	1.48e-07	4.33e-06	7.75e-05	6.99e-04	3.89e-03	2.30e-02	2.78e-01	4.58e-01	2.37e-01
 4.49377e+22	0.00e+00	2.69e-28	5.72e-24	1.22e-20	1.31e-17	9.53e-15	1.45e-11	2.62e-09	1.85e-07	5.27e-06	9.16e-05	8.01e-04	4.30e-03	2.45e-02	2.86e-01	4.56e-01	2.28e-01
 4.51495e+22	0.00e+00	4.55e-28	9.27e-24	1.91e-20	1.96e-17	1.36e-14	2.02e-11	3.56e-09	2.43e-07	6.67e-06	1.12e-04	9.43e-04	4.84e-03	2.65e-02	2.97e-01	4.53e-01	2.18e-01
 4.53686e+22	0.00e+00	7.36e-28	1.44e-23	2.87e-20	2.83e-17	1.88e-14	2.74e-11	4.69e-09	3.11e-07	8.28e-06	1.35e-04	1.10e-03	5.41e-03	2.84e-02	3.06e-01	4.50e-01	2.08e-01
 4.55607e+22	0.00e+00	1.12e-27	2.14e-23	4.10e-20	3.92e-17	2.51e-14	3.58e-11	6.00e-09	3.87e-07	1.00e-05	1.59e-04	1.25e-03	5.95e-03	3.02e-02	3.15e-01	4.47e-01	2.00e-01
 4.57740e+22	0.00e+00	1.97e-27	3.59e-23	6.59e-20	6.01e-17	3.65e-14	5.10e-11	8.29e-09	5.17e-07	1.29e-05	1.97e-04	1.49e-03	6.76e-03	3.27e-02	3.27e-01	4.43e-01	1.89e-01
 4.59846e+22	0.00e+00	3.00e-27	5.28e-23	9.40e-20	8.28e-17	4.84e-14	6.66e-11	1.06e-08	6.42e-07	1.56e-05	2.31e-04	1.69e-03	7.43e-03	3.47e-02	3.35e-01	4.39e-01	1.82e-01
 4.61642e+22	0.00e+00	4.64e-27	7.86e-23	1.35e-19	1.15e-16	6.44e-14	8.71e-11	1.35e-08	8.02e-07	1.89e-05	2.73e-04	1.94e-03	8.19e-03	3.68e-02	3.44e-01	4.35e-01	1.74e-01
 4.63404e+22	5.91e-34	6.95e-27	1.14e-22	1.90e-19	1.56e-16	8.42e-14	1.12e-10	1.70e-08	9.88e-07	2.26e-05	3.18e-04	2.19e-03	8.96e-03	3.89e-02	3.52e-01	4.31e-01	1.67e-01
 4.65394e+22	1.04e-33	1.17e-26	1.84e-22	2.93e-19	2.30e-16	1.18e-13	1.55e-10	2.29e-08	1.29e-06	2.85e-05	3.88e-04	2.57e-03	1.00e-02	4.17e-02	3.62e-01	4.25e-01	1.58e-01
 4.67284e+22	1.58e-33	1.70e-26	2.59e-22	4.01e-19	3.05e-16	1.52e-13	1.96e-10	2.84e-08	1.56e-06	3.37e-05	4.47e-04	2.88e-03	1.09e-02	4.39e-02	3.70e-01	4.21e-01	1.51e-01
 4.68690e+22	2.25e-33	2.35e-26	3.48e-22	5.24e-19	3.87e-16	1.86e-13	2.39e-10	3.41e-08	1.84e-06	3.89e-05	5.06e-04	3.18e-03	1.17e-02	4.58e-02	3.76e-01	4.17e-01	1.46e-01
 4.69965e+22	3.21e-33	3.23e-26	4.67e-22	6.84e-19	4.91e-16	2.29e-13	2.90e-10	4.08e-08	2.17e-06	4.48e-05	5.71e-04	3.51e-03	1.26e-02	4.77e-02	3.82e-01	4.13e-01	1.41e-01
 4.71426e+22	4.93e-33	4.77e-26	6.67e-22	9.46e-19	6.55e-16	2.94e-13	3.69e-10	5.09e-08	2.64e-06	5.32e-05	6.61e-04	3.95e-03	1.37e-02	5.02e-02	3.90e-01	4.07e-01	1.34e-01
 4.72860e+22	6.88e-33	6.46e-26	8.80e-22	1.22e-18	8.20e-16	3.57e-13	4.44e-10	6.04e-08	3.08e-06	6.08e-05	7.41e-04	4.33e-03	1.46e-02	5.22e-02	3.96e-01	4.03e-01	1.30e-01
 4.74066e+22	9.54e-33	8.68e-26	1.15e-21	1.55e-18	1.02e-15	4.30e-13	5.32e-10	7.14e-08	3.58e-06	6.93e-05	8.29e-04	4.73e-03	1.55e-02	5.42e-02	4.01e-01	3.98e-01	1.25e-01
 4.75442e+22	1.44e-32	1.26e-25	1.62e-21	2.11e-18	1.34e-15	5.44e-13	6.67e-10	8.80e-08	4.33e-06	8.16e-05	9.53e-04	5.29e-03	1.68e-02	5.67e-02	4.08e-01	3.93e-01	1.20e-01
 4.76837e+22	2.02e-32	1.71e-25	2.14e-21	2.72e-18	1.68e-15	6.61e-13	8.05e-10	1.05e-07	5.06e-06	9.35e-05	1.07e-03	5.80e-03	1.79e-02	5.89e-02	4.13e-01	3.88e-01	1.15e-01
 4.78005e+22	2.76e-32	2.27e-25	2.77e-21	3.43e-18	2.06e-15	7.88e-13	9.54e-10	1.22e-07	5.84e-06	1.06e-04	1.19e-03	6.31e-03	1.90e-02	6.10e-02	4.18e-01	3.83e-01	1.11e-01
 4.79103e+22	3.77e-32	3.01e-25	3.59e-21	4.32e-18	2.52e-15	9.38e-13	1.13e-09	1.43e-07	6.73e-06	1.20e-04	1.32e-03	6.87e-03	2.02e-02	6.31e-02	4.23e-01	3.78e-01	1.07e-01
 4.80195e+22	5.07e-32	3.93e-25	4.57e-21	5.38e-18	3.06e-15	1.11e-12	1.33e-09	1.66e-07	7.70e-06	1.35e-04	1.46e-03	7.43e-03	2.14e-02	6.51e-02	4.27e-01	3.74e-01	1.04e-01
 4.81449e+22	7.49e-32	5.59e-25	6.31e-21	7.18e-18	3.95e-15	1.37e-12	1.64e-09	2.03e-07	9.21e-06	1.57e-04	1.66e-03	8.25e-03	2.30e-02	6.78e-02	4.33e-01	3.67e-01	9.90e-02
 4.82719e+22	1.02e-31	7.41e-25	8.15e-21	9.03e-18	4.83e-15	1.64e-12	1.94e-09	2.37e-07	1.06e-05	1.78e-04	1.85e-03	8.96e-03	2.44e-02	7.00e-02	4.37e-01	3.62e-01	9.53e-02
 4.84010e+22	1.56e-31	1.08e-24	1.15e-20	1.23e-17	6.32e-15	2.05e-12	2.43e-09	2.92e-07	1.28e-05	2.10e-04	2.13e-03	1.00e-02	2.63e-02	7.31e-02	4.42e-01	3.55e-01	9.05e-02
 4.85214e+22	2.07e-31	1.40e-24	1.45e-20	1.51e-17	7.58e-15	2.39e-12	2.83e-09	3.37e-07	1.46e-05	2.34e-04	2.34e-03	1.08e-02	2.78e-02	7.53e-02	4.46e-01	3.50e-01	8.73e-02
 4.86308e+22	2.96e-31	1.93e-24	1.94e-20	1.96e-17	9.50e-15	2.89e-12	3.41e-09	4.02e-07	1.72e-05	2.69e-04	2.63e-03	1.19e-02	2.96e-02	7.79e-02	4.50e-01	3.44e-01	8.35e-02
 4.87424e+22	3.99e-31	2.53e-24	2.48e-20	2.43e-17	1.15e-14	3.39e-12	3.99e-09	4.66e-07	1.96e-05	3.02e-04	2.91e-03	1.28e-02	3.13e-02	8.02e-02	4.54e-01	3.39e-01	8.03e-02
 4.88415e+22	5.29e-31	3.26e-24	3.12e-20	2.99e-17	1.37e-14	3.94e-12	4.64e-09	5.36e-07	2.23e-05	3.37e-04	3.19e-03	1.38e-02	3.29e-02	8.24e-02	4.57e-01	3.33e-01	7.74e-02
 4.89547e+22	7.82e-31	4.63e-24	4.28e-20	3.95e-17	1.74e-14	4.81e-12	5.68e-09	6.49e-07	2.65e-05	3.93e-04	3.63e-03	1.53e-02	3.52e-02	8.55e-02	4.60e-01	3.26e-01	7.35e-02
 4.90670e+22	1.06e-30	6.06e-24	5.46e-20	4.90e-17	2.10e-14	5.61e-12	6.63e-09	7.52e-07	3.04e-05	4.41e-04	4.00e-03	1.65e-02	3.72e-02	8.79e-02	4.63e-01	3.20e-01	7.05e-02
 4.91780e+22	1.55e-30	8.57e-24	7.46e-20	6.44e-17	2.66e-14	6.83e-12	8.08e-09	9.08e-07	3.60e-05	5.11e-04	4.54e-03	1.82e-02	3.98e-02	9.10e-02	4.66e-01	3.13e-01	6.69e-02
 4.92902e+22	2.12e-30	1.13e-23	9.58e-20	8.03e-17	3.21e-14	7.98e-12	9.47e-09	1.05e-06	4.14e-05	5.75e-04	5.01e-03	1.97e-02	4.19e-02	9.35e-02	4.68e-01	3.07e-01	6.40e-02
 4.94041e+22	3.20e-30	1.64e-23	1.34e-19	1.07e-16	4.11e-14	9.77e-12	1.17e-08	1.29e-06	4.97e-05	6.74e-04	5.73e-03	2.19e-02	4.50e-02	9.68e-02	4.71e-01	2.99e-01	6.03e-02
 4.95131e+22	4.22e-30	2.10e-23	1.67e-19	1.31e-16	4.85e-14	1.12e-11	1.34e-08	1.47e-06	5.62e-05	7.49e-04	6.26e-03	2.35e-02	4.72e-02	9.91e-02	4.72e-01	2.93e-01	5.80e-02
 4.96159e+22	6.23e-30	2.97e-23	2.28e-19	1.71e-16	6.09e-14	1.35e-11	1.63e-08	1.77e-06	6.66e-05	8.67e-04	7.09e-03	2.59e-02	5.04e-02	1.02e-01	4.74e-01	2.85e-01	5.47e-02
 4.97196e+22	8.24e-30	3.82e-23	2.85e-19	2.08e-16	7.21e-14	1.55e-11	1.88e-08	2.03e-06	7.54e-05	9.64e-04	7.75e-03	2.77e-02	5.27e-02	1.05e-01	4.74e-01	2.79e-01	5.24e-02
 4.98243e+22	1.24e-29	5.52e-23	3.96e-19	2.76e-16	9.11e-14	1.87e-11	2.30e-08	2.46e-06	9.01e-05	1.12e-03	8.82e-03	3.07e-02	5.64e-02	1.08e-01	4.75e-01	2.71e-01	4.92e-02
 4.99256e+22	1.62e-29	6.98e-23	4.88e-19	3.32e-16	1.06e-13	2.12e-11	2.62e-08	2.80e-06	1.01e-04	1.24e-03	9.58e-03	3.27e-02	5.88e-02	1.10e-01	4.75e-01	2.65e-01	4.72e-02
 5.00223e+22	2.40e-29	9.91e-23	6.67e-19	4.33e-16	1.33e-13	2.52e-11	3.16e-08	3.36e-06	1.20e-04	1.43e-03	1.08e-02	3.60e-02	6.26e-02	1.13e-01	4.75e-01	2.57e-01	4.43e-02
 5.01189e+22	3.16e-29	1.27e-22	8.31e-19	5.23e-16	1.55e-13	2.86e-11	3.62e-08	3.83e-06	1.35e-04	1.59e-03	1.18e-02	3.85e-02	6.54e-02	1.15e-01	4.74e-01	2.51e-01	4.23e-02
 5.02153e+22	4.66e-29	1.79e-22	1.13e-18	6.80e-16	1.93e-13	3.39e-11	4.36e-08	4.59e-06	1.60e-04	1.83e-03	1.33e-02	4.22e-02	6.95e-02	1.18e-01	4.73e-01	2.42e-01	3.97e-02
 5.03136e+22	6.27e-29	2.34e-22	1.43e-18	8.32e-16	2.28e-13	3.87e-11	5.03e-08	5.27e-06	1.81e-04	2.04e-03	1.45e-02	4.52e-02	7.26e-02	1.20e-01	4.72e-01	2.36e-01	3.77e-02
 5.04141e+22	9.51e-29	3.38e-22	1.98e-18	1.10e-15	2.85e-13	4.62e-11	6.11e-08	6.38e-06	2.16e-04	2.37e-03	1.65e-02	4.98e-02	7.73e-02	1.23e-01	4.69e-01	2.27e-01	3.50e-02
 5.05149e+22	1.28e-28	4.42e-22	2.51e-18	1.34e-15	3.37e-13	5.26e-11	7.05e-08	7.33e-06	2.46e-04	2.64e-03	1.80e-02	5.33e-02	8.07e-02	1.26e-01	4.66e-01	2.20e-01	3.32e-02
 5.06160e+22	1.93e-28	6.35e-22	3.45e-18	1.76e-15	4.20e-13	6.24e-11	8.53e-08	8.83e-06	2.92e-04	3.05e-03	2.03e-02	5.84e-02	8.55e-02	1.28e-01	4.63e-01	2.11e-01	3.08e-02
 5.07161e+22	2.63e-28	8.35e-22	4.39e-18	2.16e-15	4.95e-13	7.09e-11	9.84e-08	1.02e-05	3.32e-04	3.40e-03	2.22e-02	6.25e-02	8.92e-02	1.30e-01	4.59e-01	2.04e-01	2.91e-02
 5.08151e+22	3.94e-28	1.20e-21	6.03e-18	2.81e-15	6.13e-13	8.36e-11	1.18e-07	1.22e-05	3.92e-04	3.91e-03	2.49e-02	6.83e-02	9.43e-02	1.33e-01	4.54e-01	1.95e-01	2.69e-02
 5.09158e+22	5.44e-28	1.59e-21	7.75e-18	3.48e-15	7.27e-13	9.52e-11	1.37e-07	1.41e-05	4.48e-04	4.37e-03	2.73e-02	7.32e-02	9.83e-02	1.34e-01	4.49e-01	1.88e-01	2.52e-02
 5.10189e+22	8.31e-28	2.32e-21	1.08e-17	4.58e-15	9.06e-13	1.13e-10	1.66e-07	1.70e-05	5.32e-04	5.05e-03	3.07e-02	8.00e-02	1.04e-01	1.36e-01	4.42e-01	1.78e-01	2.31e-02
 5.11227e+22	1.15e-27	3.11e-21	1.39e-17	5.67e-15	1.08e-12	1.28e-10	1.92e-07	1.97e-05	6.08e-04	5.63e-03	3.36e-02	8.55e-02	1.08e-01	1.38e-01	4.36e-01	1.71e-01	2.15e-02
 5.12277e+22	1.78e-27	4.56e-21	1.95e-17	7.50e-15	1.34e-12	1.51e-10	2.33e-07	2.37e-05	7.22e-04	6.50e-03	3.78e-02	9.32e-02	1.14e-01	1.40e-01	4.27e-01	1.61e-01	1.96e-02
 5.13332e+22	2.47e-27	6.11e-21	2.51e-17	9.28e-15	1.59e-12	1.72e-10	2.69e-07	2.74e-05	8.22e-04	7.23e-03	4.12e-02	9.94e-02	1.18e-01	1.41e-01	4.20e-01	1.54e-01	1.82e-02
 5.14246e+22	3.42e-27	8.14e-21	3.23e-17	1.14e-14	1.87e-12	1.95e-10	3.09e-07	3.14e-05	9.33e-04	8.03e-03	4.48e-02	1.06e-01	1.22e-01	1.41e-01	4.13e-01	1.47e-01	1.69e-02
 5.15284e+22	5.24e-27	1.19e-20	4.49e-17	1.50e-14	2.32e-12	2.28e-10	3.70e-07	3.76e-05	1.10e-03	9.18e-03	4.98e-02	1.14e-01	1.28e-01	1.42e-01	4.02e-01	1.38e-01	1.53e-02
 5.16311e+22	7.08e-27	1.55e-20	5.67e-17	1.82e-14	2.70e-12	2.57e-10	4.21e-07	4.27e-05	1.23e-03	1.01e-02	5.37e-02	1.21e-01	1.31e-01	1.43e-01	3.94e-01	1.32e-01	1.43e-02
 5.17324e+22	1.05e-26	2.21e-20	7.71e-17	2.35e-14	3.30e-12	2.98e-10	4.97e-07	5.02e-05	1.43e-03	1.14e-02	5.90e-02	1.29e-01	1.36e-01	1.43e-01	3.83e-01	1.24e-01	1.29e-02
 5.18368e+22	2.30e-29	2.94e-20	9.90e-17	2.89e-14	3.89e-12	3.37e-10	5.68e-07	5.73e-05	1.61e-03	1.25e-02	6.37e-02	1.36e-01	1.40e-01	1.43e-01	3.73e-01	1.17e-01	1.19e-02
 5.19450e+22	3.49e-29	4.23e-20	1.36e-16	3.76e-14	4.78e-12	3.93e-10	6.71e-07	6.76e-05	1.87e-03	1.41e-02	6.99e-02	1.46e-01	1.45e-01	1.42e-01	3.61e-01	1.09e-01	1.07e-02
 5.20551e+22	4.85e-29	5.65e-20	1.75e-16	4.64e-14	5.63e-12	4.45e-10	7.65e-07	7.70e-05	2.10e-03	1.55e-02	7.51e-02	1.53e-01	1.49e-01	1.42e-01	3.51e-01	1.03e-01	9.80e-03
 5.21678e+22	7.41e-29	8.19e-20	2.42e-16	6.06e-14	6.95e-12	5.21e-10	9.02e-07	9.06e-05	2.43e-03	1.74e-02	8.21e-02	1.63e-01	1.53e-01	1.41e-01	3.37e-01	9.54e-02	8.73e-03
 5.22827e+22	1.03e-28	1.09e-19	3.11e-16	7.47e-14	8.20e-12	5.90e-10	1.03e-06	1.03e-04	2.72e-03	1.90e-02	8.79e-02	1.71e-01	1.56e-01	1.39e-01	3.26e-01	8.96e-02	7.97e-03
 5.24006e+22	1.57e-28	1.58e-19	4.30e-16	9.77e-14	1.01e-11	6.92e-10	1.20e-06	1.20e-04	3.13e-03	2.13e-02	9.56e-02	1.81e-01	1.60e-01	1.38e-01	3.12e-01	8.25e-02	7.07e-03
 5.25206e+22	2.18e-28	2.11e-19	5.54e-16	1.21e-13	1.20e-11	7.86e-10	1.36e-06	1.36e-04	3.49e-03	2.31e-02	1.02e-01	1.89e-01	1.62e-01	1.36e-01	3.01e-01	7.72e-02	6.42e-03
 5.26431e+22	3.33e-28	3.06e-19	7.66e-16	1.58e-13	1.48e-11	9.24e-10	1.60e-06	1.58e-04	4.00e-03	2.57e-02	1.10e-01	1.99e-01	1.65e-01	1.34e-01	2.86e-01	7.06e-02	5.65e-03
 5.27664e+22	4.57e-28	4.05e-19	9.79e-16	1.94e-13	1.74e-11	1.05e-09	1.80e-06	1.78e-04	4.42e-03	2.78e-02	1.17e-01	2.06e-01	1.67e-01	1.31e-01	2.75e-01	6.59e-02	5.13e-03
 5.28906e+22	6.90e-28	5.80e-19	1.34e-15	2.52e-13	2.15e-11	1.23e-09	2.08e-06	2.05e-04	5.02e-03	3.07e-02	1.25e-01	2.15e-01	1.70e-01	1.29e-01	2.61e-01	6.02e-02	4.51e-03
 5.30178e+22	9.52e-28	7.69e-19	1.72e-15	3.10e-13	2.53e-11	1.39e-09	2.34e-06	2.30e-04	5.54e-03	3.31e-02	1.32e-01	2.22e-01	1.71e-01	1.26e-01	2.50e-01	5.59e-02	4.07e-03
 5.31287e+22	1.29e-27	1.00e-18	2.17e-15	3.76e-13	2.95e-11	1.57e-09	2.60e-06	2.55e-04	6.07e-03	3.55e-02	1.38e-01	2.29e-01	1.72e-01	1.24e-01	2.40e-01	5.21e-02	3.69e-03
 5.32524e+22	1.90e-27	1.41e-18	2.92e-15	4.82e-13	3.60e-11	1.83e-09	2.98e-06	2.90e-04	6.80e-03	3.87e-02	1.47e-01	2.37e-01	1.73e-01	1.20e-01	2.26e-01	4.75e-02	3.24e-03
 5.33765e+22	2.53e-27	1.81e-18	3.64e-15	5.81e-13	4.18e-11	2.05e-09	3.30e-06	3.20e-04	7.40e-03	4.12e-02	1.53e-01	2.43e-01	1.73e-01	1.18e-01	2.17e-01	4.42e-02	2.94e-03
 5.35009e+22	3.68e-27	2.51e-18	4.85e-15	7.40e-13	5.08e-11	2.39e-09	3.76e-06	3.62e-04	8.24e-03	4.47e-02	1.62e-01	2.50e-01	1.73e-01	1.14e-01	2.04e-01	4.02e-02	2.58e-03
 5.36280e+22	4.93e-27	3.24e-18	6.07e-15	8.93e-13	5.91e-11	2.69e-09	4.16e-06	3.99e-04	8.95e-03	4.75e-02	1.69e-01	2.56e-01	1.73e-01	1.11e-01	1.95e-01	3.73e-02	2.33e-03
 5.37403e+22	6.56e-27	4.15e-18	7.56e-15	1.07e-12	6.86e-11	3.01e-09	4.58e-06	4.37e-04	9.69e-03	5.04e-02	1.75e-01	2.61e-01	1.73e-01	1.08e-01	1.86e-01	3.46e-02	2.10e-03
 5.38682e+22	9.54e-27	5.75e-18	1.01e-14	1.36e-12	8.30e-11	3.50e-09	5.18e-06	4.92e-04	1.07e-02	5.43e-02	1.84e-01	2.67e-01	1.72e-01	1.05e-01	1.74e-01	3.13e-02	1.83e-03
 5.39952e+22	1.24e-26	7.23e-18	1.23e-14	1.62e-12	9.55e-11	3.90e-09	5.68e-06	5.36e-04	1.15e-02	5.72e-02	1.90e-01	2.71e-01	1.71e-01	1.02e-01	1.66e-01	2.91e-02	1.66e-03
 5.41213e+22	1.77e-26	9.85e-18	1.62e-14	2.04e-12	1.15e-10	4.50e-09	6.38e-06	5.98e-04	1.27e-02	6.12e-02	1.98e-01	2.76e-01	1.69e-01	9.81e-02	1.56e-01	2.64e-02	1.46e-03
 5.42498e+22	2.31e-26	1.24e-17	1.99e-14	2.42e-12	1.32e-10	5.04e-09	6.99e-06	6.51e-04	1.36e-02	6.44e-02	2.04e-01	2.80e-01	1.68e-01	9.52e-02	1.48e-01	2.44e-02	1.31e-03
 5.43814e+22	3.31e-26	1.69e-17	2.61e-14	3.05e-12	1.59e-10	5.83e-09	7.86e-06	7.26e-04	1.49e-02	6.88e-02	2.12e-01	2.84e-01	1.66e-01	9.14e-02	1.39e-01	2.20e-02	1.14e-03
 5.45156e+22	4.35e-26	2.15e-17	3.22e-14	3.65e-12	1.84e-10	6.54e-09	8.62e-06	7.90e-04	1.60e-02	7.23e-02	2.19e-01	2.87e-01	1.64e-01	8.84e-02	1.31e-01	2.03e-02	1.03e-03
 5.46531e+22	1.47e-26	2.93e-17	4.24e-14	4.60e-12	2.22e-10	7.59e-09	9.69e-06	8.81e-04	1.75e-02	7.71e-02	2.27e-01	2.91e-01	1.62e-01	8.45e-02	1.22e-01	1.82e-02	8.89e-04
 5.47931e+22	1.94e-26	3.72e-17	5.24e-14	5.51e-12	2.58e-10	8.53e-09	1.06e-05	9.58e-04	1.88e-02	8.09e-02	2.33e-01	2.93e-01	1.59e-01	8.15e-02	1.15e-01	1.68e-02	7.96e-04
 5.49363e+22	2.80e-26	5.10e-17	6.92e-14	6.97e-12	3.12e-10	9.92e-09	1.20e-05	1.07e-03	2.05e-02	8.60e-02	2.41e-01	2.95e-01	1.56e-01	7.76e-02	1.07e-01	1.50e-02	6.85e-04
 5.50763e+22	3.58e-26	6.30e-17	8.35e-14	8.20e-12	3.57e-10	1.11e-08	1.30e-05	1.15e-03	2.18e-02	8.97e-02	2.46e-01	2.97e-01	1.54e-01	7.49e-02	1.01e-01	1.38e-02	6.19e-04
 5.52121e+22	5.06e-26	8.48e-17	1.09e-13	1.02e-11	4.27e-10	1.27e-08	1.45e-05	1.27e-03	2.37e-02	9.48e-02	2.53e-01	2.98e-01	1.51e-01	7.13e-02	9.39e-02	1.24e-02	5.35e-04
 5.53499e+22	6.48e-26	1.05e-16	1.31e-13	1.20e-11	4.89e-10	1.42e-08	1.59e-05	1.37e-03	2.51e-02	9.87e-02	2.58e-01	2.99e-01	1.48e-01	6.87e-02	8.89e-02	1.14e-02	4.82e-04
 5.54904e+22	9.08e-26	1.40e-16	1.69e-13	1.50e-11	5.84e-10	1.64e-08	1.77e-05	1.51e-03	2.72e-02	1.04e-01	2.65e-01	3.00e-01	1.44e-01	6.53e-02	8.23e-02	1.02e-02	4.17e-04
 5.56353e+22	1.19e-25	1.77e-16	2.08e-13	1.79e-11	6.76e-10	1.84e-08	1.94e-05	1.63e-03	2.90e-02	1.08e-01	2.70e-01	3.00e-01	1.41e-01	6.26e-02	7.73e-02	9.35e-03	3.70e-04
 5.57858e+22	1.68e-25	2.36e-16	2.70e-13	2.23e-11	8.12e-10	2.13e-08	2.17e-05	1.80e-03	3.13e-02	1.14e-01	2.77e-01	3.00e-01	1.37e-01	5.92e-02	7.13e-02	8.33e-03	3.19e-04
 5.59411e+22	2.24e-25	3.02e-16	3.36e-13	2.69e-11	9.49e-10	2.41e-08	2.39e-05	1.96e-03	3.35e-02	1.19e-01	2.82e-01	2.99e-01	1.34e-01	5.64e-02	6.65e-02	7.54e-03	2.80e-04
 5.61027e+22	3.20e-25	4.09e-16	4.40e-13	3.40e-11	1.15e-09	2.82e-08	2.69e-05	2.17e-03	3.62e-02	1.25e-01	2.88e-01	2.98e-01	1.30e-01	5.31e-02	6.09e-02	6.67e-03	2.39e-04
 5.62686e+22	4.30e-25	5.26e-16	5.51e-13	4.12e-11	1.35e-09	3.21e-08	2.97e-05	2.36e-03	3.87e-02	1.31e-01	2.93e-01	2.96e-01	1.26e-01	5.04e-02	5.66e-02	6.00e-03	2.09e-04
 5.64402e+22	6.21e-25	7.18e-16	7.28e-13	5.24e-11	1.65e-09	3.77e-08	3.37e-05	2.63e-03	4.20e-02	1.37e-01	2.98e-01	2.94e-01	1.21e-01	4.72e-02	5.15e-02	5.27e-03	1.77e-04
 5.66172e+22	8.48e-25	9.35e-16	9.20e-13	6.42e-11	1.95e-09	4.32e-08	3.74e-05	2.87e-03	4.49e-02	1.43e-01	3.03e-01	2.92e-01	1.17e-01	4.46e-02	4.76e-02	4.71e-03	1.53e-04
 5.68013e+22	1.24e-24	1.29e-15	1.23e-12	8.25e-11	2.41e-09	5.12e-08	4.26e-05	3.20e-03	4.88e-02	1.50e-01	3.08e-01	2.88e-01	1.12e-01	4.14e-02	4.30e-02	4.09e-03	1.28e-04
 5.69912e+22	1.72e-24	1.70e-15	1.57e-12	1.02e-10	2.87e-09	5.91e-08	4.76e-05	3.50e-03	5.22e-02	1.57e-01	3.12e-01	2.85e-01	1.08e-01	3.89e-02	3.94e-02	3.62e-03	1.09e-04
 5.71627e+22	2.36e-24	2.22e-15	2.00e-12	1.25e-10	3.41e-09	6.80e-08	5.29e-05	3.83e-03	5.58e-02	1.63e-01	3.16e-01	2.82e-01	1.04e-01	3.65e-02	3.62e-02	3.22e-03	9.40e-05
 5.73597e+22	3.51e-24	3.11e-15	2.70e-12	1.63e-10	4.24e-09	8.12e-08	6.07e-05	4.27e-03	6.06e-02	1.71e-01	3.20e-01	2.77e-01	9.88e-02	3.37e-02	3.24e-02	2.76e-03	7.75e-05
 5.75605e+22	4.88e-24	4.11e-15	3.47e-12	2.02e-10	5.08e-09	9.40e-08	6.78e-05	4.68e-03	6.48e-02	1.78e-01	3.23e-01	2.72e-01	9.46e-02	3.14e-02	2.95e-02	2.43e-03	6.58e-05
 5.77662e+22	7.36e-24	5.81e-15	4.73e-12	2.64e-10	6.36e-09	1.13e-07	7.80e-05	5.24e-03	7.03e-02	1.86e-01	3.26e-01	2.66e-01	8.94e-02	2.88e-02	2.62e-02	2.07e-03	5.37e-05
 5.79747e+22	1.03e-23	7.73e-15	6.10e-12	3.29e-10	7.64e-09	1.31e-07	8.73e-05	5.74e-03	7.51e-02	1.93e-01	3.28e-01	2.61e-01	8.52e-02	2.67e-02	2.37e-02	1.81e-03	4.53e-05
 5.81868e+22	1.58e-23	1.11e-14	8.40e-12	4.35e-10	9.63e-09	1.58e-07	1.01e-04	6.43e-03	8.15e-02	2.01e-01	3.30e-01	2.54e-01	8.00e-02	2.43e-02	2.09e-02	1.52e-03	3.65e-05
 5.84011e+22	2.21e-23	1.47e-14	1.09e-11	5.42e-10	1.16e-08	1.83e-07	1.13e-04	7.03e-03	8.69e-02	2.08e-01	3.31e-01	2.48e-01	7.60e-02	2.25e-02	1.89e-02	1.33e-03	3.06e-05
 5.86182e+22	3.44e-23	2.14e-14	1.51e-11	7.22e-10	1.47e-08	2.22e-07	1.30e-04	7.89e-03	9.42e-02	2.17e-01	3.31e-01	2.41e-01	7.09e-02	2.04e-02	1.65e-02	1.10e-03	2.43e-05
 5.88364e+22	4.81e-23	2.84e-14	1.95e-11	8.99e-10	1.76e-08	2.58e-07	1.46e-04	8.61e-03	1.00e-01	2.24e-01	3.31e-01	2.34e-01	6.71e-02	1.88e-02	1.49e-02	9.58e-04	2.04e-05
 5.90177e+22	6.53e-23	3.68e-14	2.46e-11	1.10e-09	2.08e-08	2.95e-07	1.61e-04	9.31e-03	1.06e-01	2.30e-01	3.31e-01	2.29e-01	6.38e-02	1.75e-02	1.35e-02	8.42e-04	1.73e-05
 5.92150e+22	9.76e-23	5.18e-14	3.33e-11	1.42e-09	2.58e-08	3.52e-07	1.83e-04	1.03e-02	1.13e-01	2.37e-01	3.30e-01	2.21e-01	5.96e-02	1.58e-02	1.19e-02	7.07e-04	1.39e-05
 5.94116e+22	1.32e-22	6.67e-14	4.18e-11	1.73e-09	3.04e-08	4.01e-07	2.02e-04	1.11e-02	1.19e-01	2.43e-01	3.28e-01	2.15e-01	5.66e-02	1.47e-02	1.08e-02	6.21e-04	1.18e-05
 5.96072e+22	1.96e-22	9.38e-14	5.65e-11	2.24e-09	3.77e-08	4.78e-07	2.30e-04	1.23e-02	1.28e-01	2.50e-01	3.26e-01	2.08e-01	5.27e-02	1.33e-02	9.43e-03	5.20e-04	9.46e-06
 5.98053e+22	2.67e-22	1.22e-13	7.14e-11	2.74e-09	4.46e-08	5.48e-07	2.55e-04	1.33e-02	1.34e-01	2.56e-01	3.24e-01	2.02e-01	4.98e-02	1.23e-02	8.51e-03	4.53e-04	7.96e-06
 6.00065e+22	4.05e-22	1.74e-13	9.78e-11	3.59e-09	5.57e-08	6.57e-07	2.91e-04	1.47e-02	1.44e-01	2.63e-01	3.20e-01	1.93e-01	4.61e-02	1.11e-02	7.40e-03	3.76e-04	6.29e-06
 6.02101e+22	5.56e-22	2.28e-13	1.24e-10	4.42e-09	6.62e-08	7.57e-07	3.23e-04	1.59e-02	1.51e-01	2.68e-01	3.17e-01	1.87e-01	4.33e-02	1.02e-02	6.63e-03	3.25e-04	5.25e-06
 6.04168e+22	8.47e-22	3.26e-13	1.71e-10	5.82e-09	8.32e-08	9.13e-07	3.71e-04	1.76e-02	1.62e-01	2.75e-01	3.12e-01	1.79e-01	3.99e-02	9.08e-03	5.72e-03	2.67e-04	4.11e-06
 6.06276e+22	1.19e-21	4.36e-13	2.22e-10	7.26e-09	1.00e-07	1.06e-06	4.14e-04	1.92e-02	1.70e-01	2.80e-01	3.08e-01	1.72e-01	3.72e-02	8.28e-03	5.07e-03	2.27e-04	3.36e-06
 6.08437e+22	1.85e-21	6.37e-13	3.11e-10	9.70e-09	1.28e-07	1.30e-06	4.80e-04	2.14e-02	1.82e-01	2.86e-01	3.02e-01	1.63e-01	3.39e-02	7.32e-03	4.32e-03	1.84e-04	2.58e-06
 6.10637e+22	2.63e-21	8.62e-13	4.07e-10	1.22e-08	1.55e-07	1.52e-06	5.40e-04	2.33e-02	1.92e-01	2.90e-01	2.96e-01	1.56e-01	3.15e-02	6.63e-03	3.80e-03	1.55e-04	2.08e-06
 6.12890e+22	4.16e-21	1.28e-12	5.78e-10	1.66e-08	2.01e-07	1.89e-06	6.31e-04	2.61e-02	2.05e-01	2.95e-01	2.89e-01	1.47e-01	2.84e-02	5.80e-03	3.19e-03	1.23e-04	1.57e-06
 6.15166e+22	5.95e-21	1.74e-12	7.62e-10	2.11e-08	2.46e-07	2.24e-06	7.14e-04	2.86e-02	2.16e-01	2.99e-01	2.82e-01	1.40e-01	2.61e-02	5.21e-03	2.78e-03	1.02e-04	1.25e-06
 6.17091e+22	8.27e-21	2.32e-12	9.82e-10	2.63e-08	2.96e-07	2.62e-06	8.01e-04	3.11e-02	2.26e-01	3.02e-01	2.76e-01	1.33e-01	2.42e-02	4.71e-03	2.44e-03	8.63e-05	1.01e-06
 6.19190e+22	1.26e-20	3.33e-12	1.36e-09	3.49e-08	3.77e-07	3.21e-06	9.30e-04	3.46e-02	2.39e-01	3.05e-01	2.67e-01	1.25e-01	2.18e-02	4.13e-03	2.06e-03	6.91e-05	7.67e-07
 6.21294e+22	1.74e-20	4.41e-12	1.75e-09	4.36e-08	4.56e-07	3.77e-06	1.05e-03	3.76e-02	2.50e-01	3.07e-01	2.60e-01	1.19e-01	2.01e-02	3.72e-03	1.80e-03	5.78e-05	6.16e-07
 6.23351e+22	2.59e-20	6.20e-12	2.38e-09	5.72e-08	5.77e-07	4.61e-06	1.21e-03	4.18e-02	2.64e-01	3.08e-01	2.50e-01	1.11e-01	1.81e-02	3.26e-03	1.52e-03	4.63e-05	4.69e-07
 6.25449e+22	3.61e-20	8.27e-12	3.08e-09	7.21e-08	7.04e-07	5.47e-06	1.37e-03	4.57e-02	2.76e-01	3.09e-01	2.42e-01	1.05e-01	1.65e-02	2.91e-03	1.31e-03	3.82e-05	3.71e-07
 6.27506e+22	5.23e-20	1.14e-11	4.12e-09	9.36e-08	8.84e-07	6.66e-06	1.59e-03	5.05e-02	2.90e-01	3.09e-01	2.33e-01	9.77e-02	1.48e-02	2.55e-03	1.10e-03	3.07e-05	2.83e-07
 6.29606e+22	7.32e-20	1.53e-11	5.38e-09	1.19e-07	1.09e-06	7.99e-06	1.81e-03	5.54e-02	3.02e-01	3.09e-01	2.24e-01	9.13e-02	1.33e-02	2.25e-03	9.41e-04	2.49e-05	2.19e-07
 6.31673e+22	1.04e-19	2.06e-11	7.07e-09	1.52e-07	1.36e-06	9.67e-06	2.09e-03	6.11e-02	3.16e-01	3.07e-01	2.14e-01	8.48e-02	1.19e-02	1.96e-03	7.94e-04	2.00e-05	1.68e-07
 6.33758e+22	1.44e-19	2.74e-11	9.18e-09	1.94e-07	1.68e-06	1.17e-05	2.39e-03	6.71e-02	3.29e-01	3.05e-01	2.04e-01	7.87e-02	1.07e-02	1.72e-03	6.70e-04	1.61e-05	1.29e-07
 6.35817e+22	2.00e-19	3.62e-11	1.19e-08	2.45e-07	2.07e-06	1.40e-05	2.74e-03	7.37e-02	3.42e-01	3.03e-01	1.94e-01	7.28e-02	9.52e-03	1.50e-03	5.64e-04	1.29e-05	0.00e+00
 6.37872e+22	2.74e-19	4.73e-11	1.52e-08	3.09e-07	2.54e-06	1.69e-05	3.14e-03	8.07e-02	3.55e-01	2.99e-01	1.85e-01	6.72e-02	8.47e-03	1.30e-03	4.74e-04	1.03e-05	0.00e+00
 6.39929e+22	3.73e-19	6.15e-11	1.95e-08	3.90e-07	3.13e-06	2.03e-05	3.59e-03	8.84e-02	3.67e-01	2.95e-01	1.75e-01	6.17e-02	7.51e-03	1.13e-03	3.97e-04	8.24e-06	0.00e+00
 6.41993e+22	5.05e-19	7.92e-11	2.48e-08	4.88e-07	3.83e-06	2.44e-05	4.10e-03	9.66e-02	3.79e-01	2.90e-01	1.65e-01	5.66e-02	6.65e-03	9.77e-04	3.31e-04	6.56e-06	0.00e+00
 6.44066e+22	6.80e-19	1.01e-10	3.13e-08	6.10e-07	4.69e-06	2.93e-05	4.68e-03	1.05e-01	3.91e-01	2.85e-01	1.55e-01	5.17e-02	5.86e-03	8.41e-04	2.75e-04	5.20e-06	0.00e+00
 6.46156e+22	9.11e-19	1.29e-10	3.94e-08	7.60e-07	5.73e-06	3.51e-05	5.34e-03	1.15e-01	4.02e-01	2.79e-01	1.46e-01	4.70e-02	5.14e-03	7.22e-04	2.28e-04	4.11e-06	0.00e+00
 6.48268e+22	1.22e-18	1.63e-10	4.94e-08	9.46e-07	6.99e-06	4.21e-05	6.08e-03	1.25e-01	4.13e-01	2.72e-01	1.36e-01	4.26e-02	4.50e-03	6.17e-04	1.89e-04	3.23e-06	0.00e+00
