#depth	N	N+	N+2	N+3	N+4	N+5	N+6	N+7
 4.62852e+21	0.00e+00	0.00e+00	6.74e-26	4.02e-20	8.53e-15	4.54e-09	1.38e-04	1.00e+00
 1.05257e+22	0.00e+00	1.01e-31	4.11e-25	1.72e-19	2.55e-14	9.36e-09	1.98e-04	1.00e+00
 1.26407e+22	0.00e+00	4.21e-31	1.35e-24	4.48e-19	5.29e-14	1.51e-08	2.51e-04	1.00e+00
 1.41642e+22	0.00e+00	1.32e-30	3.52e-24	9.67e-19	9.46e-14	2.22e-08	3.04e-04	1.00e+00
 1.50465e+22	0.00e+00	1.84e-30	4.66e-24	1.21e-18	1.13e-13	2.49e-08	3.21e-04	1.00e+00
 1.55186e+22	0.00e+00	2.86e-30	6.75e-24	1.64e-18	1.41e-13	2.89e-08	3.45e-04	1.00e+00
 1.60311e+22	0.00e+00	4.30e-30	9.48e-24	2.15e-18	1.74e-13	3.31e-08	3.69e-04	1.00e+00
 1.64741e+22	0.00e+00	5.97e-30	1.25e-23	2.69e-18	2.06e-13	3.70e-08	3.90e-04	1.00e+00
 1.69280e+22	0.00e+00	9.10e-30	1.78e-23	3.58e-18	2.56e-13	4.27e-08	4.18e-04	1.00e+00
 1.73877e+22	0.00e+00	1.27e-29	2.34e-23	4.51e-18	3.06e-13	4.79e-08	4.43e-04	1.00e+00
 1.77876e+22	0.00e+00	1.76e-29	3.09e-23	5.64e-18	3.62e-13	5.35e-08	4.68e-04	1.00e+00
 1.82400e+22	0.00e+00	2.68e-29	4.39e-23	7.49e-18	4.50e-13	6.17e-08	5.01e-04	9.99e-01
 1.86986e+22	0.00e+00	3.76e-29	5.83e-23	9.43e-18	5.37e-13	6.92e-08	5.30e-04	9.99e-01
 1.90993e+22	0.00e+00	5.23e-29	7.69e-23	1.18e-17	6.37e-13	7.73e-08	5.60e-04	9.99e-01
 1.95542e+22	0.00e+00	8.04e-29	1.10e-22	1.58e-17	7.96e-13	8.95e-08	6.02e-04	9.99e-01
 2.00087e+22	0.00e+00	1.11e-28	1.45e-22	1.97e-17	9.42e-13	9.99e-08	6.35e-04	9.99e-01
 2.04625e+22	0.00e+00	1.70e-28	2.07e-22	2.63e-17	1.18e-12	1.15e-07	6.81e-04	9.99e-01
 2.08810e+22	0.00e+00	2.25e-28	2.62e-22	3.18e-17	1.36e-12	1.27e-07	7.14e-04	9.99e-01
 2.12535e+22	0.00e+00	3.12e-28	3.45e-22	3.98e-17	1.62e-12	1.42e-07	7.53e-04	9.99e-01
 2.16498e+22	0.00e+00	4.27e-28	4.49e-22	4.92e-17	1.90e-12	1.58e-07	7.94e-04	9.99e-01
 2.19984e+22	0.00e+00	5.62e-28	5.66e-22	5.95e-17	2.20e-12	1.73e-07	8.31e-04	9.99e-01
 2.23730e+22	0.00e+00	7.81e-28	7.46e-22	7.44e-17	2.61e-12	1.94e-07	8.77e-04	9.99e-01
 2.27666e+22	0.00e+00	1.07e-27	9.70e-22	9.21e-17	3.07e-12	2.16e-07	9.24e-04	9.99e-01
 2.31148e+22	0.00e+00	1.41e-27	1.22e-21	1.11e-16	3.55e-12	2.37e-07	9.68e-04	9.99e-01
 2.34975e+22	0.00e+00	1.96e-27	1.62e-21	1.40e-16	4.24e-12	2.66e-07	1.02e-03	9.99e-01
 2.38972e+22	0.00e+00	2.67e-27	2.10e-21	1.73e-16	4.98e-12	2.96e-07	1.08e-03	9.99e-01
 2.42189e+22	0.00e+00	3.43e-27	2.58e-21	2.05e-16	5.67e-12	3.22e-07	1.12e-03	9.99e-01
 2.44941e+22	0.00e+00	4.30e-27	3.13e-21	2.39e-16	6.40e-12	3.48e-07	1.17e-03	9.99e-01
 2.48086e+22	0.00e+00	5.59e-27	3.91e-21	2.87e-16	7.36e-12	3.81e-07	1.22e-03	9.99e-01
 2.51550e+22	0.00e+00	7.31e-27	4.89e-21	3.45e-16	8.49e-12	4.18e-07	1.27e-03	9.99e-01
 2.54790e+22	0.00e+00	9.47e-27	6.09e-21	4.12e-16	9.73e-12	4.57e-07	1.33e-03	9.99e-01
 2.57794e+22	0.00e+00	1.21e-26	7.48e-21	4.87e-16	1.11e-11	4.97e-07	1.39e-03	9.99e-01
 2.61129e+22	0.00e+00	1.62e-26	9.58e-21	5.97e-16	1.30e-11	5.50e-07	1.46e-03	9.99e-01
 2.64566e+22	0.00e+00	2.10e-26	1.19e-20	7.12e-16	1.48e-11	6.01e-07	1.52e-03	9.98e-01
 2.67622e+22	0.00e+00	2.69e-26	1.46e-20	8.44e-16	1.69e-11	6.54e-07	1.58e-03	9.98e-01
 2.70593e+22	0.00e+00	3.42e-26	1.79e-20	9.95e-16	1.92e-11	7.11e-07	1.65e-03	9.98e-01
 2.73358e+22	2.11e-33	4.23e-26	2.14e-20	1.15e-15	2.15e-11	7.65e-07	1.71e-03	9.98e-01
 2.76343e+22	2.83e-33	5.45e-26	2.65e-20	1.37e-15	2.46e-11	8.36e-07	1.78e-03	9.98e-01
 2.79479e+22	3.74e-33	6.93e-26	3.25e-20	1.62e-15	2.80e-11	9.08e-07	1.86e-03	9.98e-01
 2.82232e+22	4.82e-33	8.63e-26	3.90e-20	1.88e-15	3.14e-11	9.79e-07	1.92e-03	9.98e-01
 2.85230e+22	6.49e-33	1.12e-25	4.85e-20	2.25e-15	3.60e-11	1.07e-06	2.01e-03	9.98e-01
 2.88318e+22	8.56e-33	1.41e-25	5.92e-20	2.64e-15	4.08e-11	1.16e-06	2.09e-03	9.98e-01
 2.90962e+22	1.09e-32	1.74e-25	7.06e-20	3.05e-15	4.56e-11	1.25e-06	2.17e-03	9.98e-01
 2.93841e+22	1.45e-32	2.23e-25	8.69e-20	3.62e-15	5.20e-11	1.36e-06	2.26e-03	9.98e-01
 2.96914e+22	1.91e-32	2.83e-25	1.06e-19	4.25e-15	5.90e-11	1.48e-06	2.35e-03	9.98e-01
 2.99694e+22	2.47e-32	3.53e-25	1.28e-19	4.95e-15	6.63e-11	1.60e-06	2.44e-03	9.98e-01
 3.02191e+22	3.11e-32	4.30e-25	1.51e-19	5.67e-15	7.36e-11	1.71e-06	2.52e-03	9.97e-01
 3.04510e+22	3.85e-32	5.16e-25	1.76e-19	6.43e-15	8.12e-11	1.82e-06	2.60e-03	9.97e-01
 3.07174e+22	4.97e-32	6.44e-25	2.12e-19	7.50e-15	9.15e-11	1.97e-06	2.70e-03	9.97e-01
 3.10044e+22	6.45e-32	8.06e-25	2.56e-19	8.73e-15	1.03e-10	2.13e-06	2.80e-03	9.97e-01
 3.12630e+22	8.17e-32	9.88e-25	3.04e-19	1.00e-14	1.15e-10	2.28e-06	2.90e-03	9.97e-01
 3.15441e+22	1.08e-31	1.26e-24	3.72e-19	1.19e-14	1.30e-10	2.49e-06	3.02e-03	9.97e-01
 3.18293e+22	1.39e-31	1.56e-24	4.47e-19	1.38e-14	1.46e-10	2.68e-06	3.13e-03	9.97e-01
 3.20675e+22	1.73e-31	1.88e-24	5.23e-19	1.57e-14	1.61e-10	2.86e-06	3.23e-03	9.97e-01
 3.23248e+22	2.23e-31	2.34e-24	6.29e-19	1.82e-14	1.82e-10	3.09e-06	3.35e-03	9.97e-01
 3.26032e+22	2.88e-31	2.92e-24	7.56e-19	2.11e-14	2.04e-10	3.34e-06	3.48e-03	9.97e-01
 3.28573e+22	3.61e-31	3.55e-24	8.91e-19	2.42e-14	2.26e-10	3.57e-06	3.60e-03	9.96e-01
 3.30923e+22	4.48e-31	4.27e-24	1.04e-18	2.75e-14	2.49e-10	3.81e-06	3.72e-03	9.96e-01
 3.33538e+22	5.77e-31	5.31e-24	1.25e-18	3.19e-14	2.81e-10	4.12e-06	3.86e-03	9.96e-01
 3.36291e+22	7.38e-31	6.56e-24	1.49e-18	3.69e-14	3.13e-10	4.43e-06	4.00e-03	9.96e-01
 3.38714e+22	9.23e-31	7.94e-24	1.75e-18	4.20e-14	3.46e-10	4.74e-06	4.13e-03	9.96e-01
 3.41356e+22	1.20e-30	9.94e-24	2.12e-18	4.91e-14	3.91e-10	5.13e-06	4.29e-03	9.96e-01
 3.44159e+22	1.54e-30	1.23e-23	2.54e-18	5.68e-14	4.37e-10	5.53e-06	4.46e-03	9.96e-01
 3.46602e+22	1.93e-30	1.50e-23	2.98e-18	6.47e-14	4.83e-10	5.92e-06	4.60e-03	9.95e-01
 3.48824e+22	2.37e-30	1.78e-23	3.46e-18	7.31e-14	5.31e-10	6.30e-06	4.75e-03	9.95e-01
 3.51325e+22	3.04e-30	2.21e-23	4.13e-18	8.46e-14	5.94e-10	6.79e-06	4.92e-03	9.95e-01
 3.53992e+22	3.84e-30	2.70e-23	4.89e-18	9.70e-14	6.60e-10	7.29e-06	5.10e-03	9.95e-01
 3.56434e+22	4.82e-30	3.28e-23	5.75e-18	1.11e-13	7.30e-10	7.80e-06	5.27e-03	9.95e-01
 3.59169e+22	6.33e-30	4.14e-23	6.99e-18	1.30e-13	8.26e-10	8.47e-06	5.49e-03	9.95e-01
 3.62018e+22	8.26e-30	5.19e-23	8.44e-18	1.51e-13	9.25e-10	9.16e-06	5.71e-03	9.94e-01
 3.64351e+22	1.01e-29	6.18e-23	9.77e-18	1.70e-13	1.01e-09	9.75e-06	5.89e-03	9.94e-01
 3.66719e+22	1.29e-29	7.59e-23	1.16e-17	1.95e-13	1.13e-09	1.05e-05	6.11e-03	9.94e-01
 3.69275e+22	1.62e-29	9.24e-23	1.37e-17	2.23e-13	1.25e-09	1.12e-05	6.32e-03	9.94e-01
 3.71675e+22	2.03e-29	1.12e-22	1.60e-17	2.53e-13	1.37e-09	1.20e-05	6.54e-03	9.93e-01
 3.74394e+22	2.67e-29	1.41e-22	1.94e-17	2.97e-13	1.55e-09	1.30e-05	6.81e-03	9.93e-01
 3.77203e+22	3.48e-29	1.77e-22	2.34e-17	3.44e-13	1.73e-09	1.41e-05	7.09e-03	9.93e-01
 3.79482e+22	4.29e-29	2.11e-22	2.71e-17	3.87e-13	1.89e-09	1.50e-05	7.32e-03	9.93e-01
 3.81800e+22	5.44e-29	2.59e-22	3.21e-17	4.43e-13	2.09e-09	1.61e-05	7.58e-03	9.92e-01
 3.84310e+22	6.88e-29	3.15e-22	3.78e-17	5.05e-13	2.31e-09	1.72e-05	7.86e-03	9.92e-01
 3.86654e+22	8.62e-29	3.82e-22	4.42e-17	5.72e-13	2.53e-09	1.84e-05	8.13e-03	9.92e-01
 3.89285e+22	1.15e-28	4.87e-22	5.40e-17	6.70e-13	2.85e-09	2.00e-05	8.49e-03	9.91e-01
 3.91930e+22	1.45e-28	5.94e-22	6.36e-17	7.64e-13	3.14e-09	2.14e-05	8.80e-03	9.91e-01
 3.94139e+22	1.81e-28	7.15e-22	7.40e-17	8.61e-13	3.43e-09	2.28e-05	9.11e-03	9.91e-01
 3.96213e+22	2.21e-28	8.45e-22	8.49e-17	9.60e-13	3.71e-09	2.42e-05	9.38e-03	9.91e-01
 3.98565e+22	2.85e-28	1.05e-21	1.01e-16	1.10e-12	4.10e-09	2.60e-05	9.76e-03	9.90e-01
 4.01036e+22	3.63e-28	1.28e-21	1.19e-16	1.25e-12	4.50e-09	2.79e-05	1.01e-02	9.90e-01
 4.03238e+22	4.55e-28	1.55e-21	1.39e-16	1.41e-12	4.91e-09	2.97e-05	1.05e-02	9.89e-01
 4.05676e+22	6.04e-28	1.96e-21	1.69e-16	1.64e-12	5.47e-09	3.22e-05	1.09e-02	9.89e-01
 4.08061e+22	7.50e-28	2.35e-21	1.96e-16	1.85e-12	5.95e-09	3.42e-05	1.13e-02	9.89e-01
 4.10063e+22	9.33e-28	2.82e-21	2.26e-16	2.07e-12	6.44e-09	3.64e-05	1.17e-02	9.88e-01
 4.12050e+22	1.15e-27	3.36e-21	2.61e-16	2.31e-12	6.96e-09	3.86e-05	1.21e-02	9.88e-01
 4.14332e+22	1.49e-27	4.17e-21	3.11e-16	2.65e-12	7.67e-09	4.15e-05	1.26e-02	9.87e-01
 4.16705e+22	1.89e-27	5.10e-21	3.65e-16	3.00e-12	8.37e-09	4.43e-05	1.30e-02	9.87e-01
 4.18795e+22	2.38e-27	6.16e-21	4.25e-16	3.37e-12	9.07e-09	4.72e-05	1.35e-02	9.86e-01
 4.20748e+22	2.93e-27	7.34e-21	4.90e-16	3.76e-12	9.79e-09	5.00e-05	1.39e-02	9.86e-01
 4.22925e+22	3.80e-27	9.10e-21	5.83e-16	4.29e-12	1.07e-08	5.38e-05	1.45e-02	9.85e-01
 4.25168e+22	4.81e-27	1.11e-20	6.82e-16	4.84e-12	1.16e-08	5.73e-05	1.50e-02	9.85e-01
 4.27117e+22	5.95e-27	1.32e-20	7.85e-16	5.39e-12	1.26e-08	6.08e-05	1.55e-02	9.84e-01
 4.29273e+22	7.83e-27	1.66e-20	9.43e-16	6.20e-12	1.38e-08	6.55e-05	1.62e-02	9.84e-01
 4.31471e+22	9.77e-27	1.99e-20	1.09e-15	6.95e-12	1.49e-08	6.96e-05	1.67e-02	9.83e-01
 4.33391e+22	1.22e-26	2.40e-20	1.27e-15	7.77e-12	1.61e-08	7.40e-05	1.73e-02	9.83e-01
 4.35254e+22	1.51e-26	2.86e-20	1.46e-15	8.66e-12	1.74e-08	7.84e-05	1.79e-02	9.82e-01
 4.37377e+22	1.97e-26	3.56e-20	1.74e-15	9.91e-12	1.90e-08	8.43e-05	1.86e-02	9.81e-01
 4.39549e+22	2.51e-26	4.35e-20	2.04e-15	1.12e-11	2.06e-08	8.99e-05	1.93e-02	9.81e-01
 4.41416e+22	3.10e-26	5.19e-20	2.36e-15	1.25e-11	2.22e-08	9.54e-05	1.99e-02	9.80e-01
 4.43475e+22	4.06e-26	6.49e-20	2.82e-15	1.43e-11	2.44e-08	1.03e-04	2.08e-02	9.79e-01
 4.45612e+22	5.17e-26	7.92e-20	3.31e-15	1.61e-11	2.64e-08	1.09e-04	2.15e-02	9.78e-01
 4.47521e+22	6.51e-26	9.59e-20	3.85e-15	1.81e-11	2.86e-08	1.16e-04	2.23e-02	9.78e-01
 4.49377e+22	8.20e-26	1.16e-19	4.49e-15	2.03e-11	3.09e-08	1.24e-04	2.30e-02	9.77e-01
 4.51495e+22	1.08e-25	1.46e-19	5.41e-15	2.35e-11	3.40e-08	1.34e-04	2.40e-02	9.76e-01
 4.53686e+22	1.41e-25	1.82e-19	6.43e-15	2.67e-11	3.71e-08	1.43e-04	2.49e-02	9.75e-01
 4.55607e+22	1.77e-25	2.20e-19	7.50e-15	3.01e-11	4.02e-08	1.53e-04	2.58e-02	9.74e-01
 4.57740e+22	2.41e-25	2.84e-19	9.21e-15	3.51e-11	4.46e-08	1.66e-04	2.70e-02	9.73e-01
 4.59846e+22	3.04e-25	3.44e-19	1.07e-14	3.95e-11	4.83e-08	1.76e-04	2.79e-02	9.72e-01
 4.61642e+22	3.87e-25	4.21e-19	1.26e-14	4.47e-11	5.24e-08	1.88e-04	2.89e-02	9.71e-01
 4.63404e+22	4.86e-25	5.09e-19	1.47e-14	5.01e-11	5.66e-08	2.00e-04	2.98e-02	9.70e-01
 4.65394e+22	6.53e-25	6.50e-19	1.79e-14	5.82e-11	6.25e-08	2.16e-04	3.11e-02	9.69e-01
 4.67284e+22	8.08e-25	7.76e-19	2.07e-14	6.50e-11	6.73e-08	2.29e-04	3.21e-02	9.68e-01
 4.68690e+22	9.77e-25	9.09e-19	2.34e-14	7.14e-11	7.16e-08	2.40e-04	3.29e-02	9.67e-01
 4.69965e+22	1.18e-24	1.06e-18	2.66e-14	7.86e-11	7.63e-08	2.52e-04	3.38e-02	9.66e-01
 4.71426e+22	1.48e-24	1.29e-18	3.10e-14	8.84e-11	8.25e-08	2.68e-04	3.49e-02	9.65e-01
 4.72860e+22	1.77e-24	1.49e-18	3.50e-14	9.68e-11	8.77e-08	2.81e-04	3.57e-02	9.64e-01
 4.74066e+22	2.12e-24	1.73e-18	3.94e-14	1.06e-10	9.32e-08	2.94e-04	3.66e-02	9.63e-01
 4.75442e+22	2.65e-24	2.09e-18	4.58e-14	1.19e-10	1.01e-07	3.12e-04	3.77e-02	9.62e-01
 4.76837e+22	3.20e-24	2.44e-18	5.20e-14	1.31e-10	1.07e-07	3.27e-04	3.87e-02	9.61e-01
 4.78005e+22	3.81e-24	2.82e-18	5.85e-14	1.43e-10	1.14e-07	3.42e-04	3.96e-02	9.60e-01
 4.79103e+22	4.54e-24	3.27e-18	6.59e-14	1.57e-10	1.21e-07	3.58e-04	4.05e-02	9.59e-01
 4.80195e+22	5.37e-24	3.76e-18	7.38e-14	1.71e-10	1.28e-07	3.73e-04	4.14e-02	9.58e-01
 4.81449e+22	6.71e-24	4.53e-18	8.58e-14	1.92e-10	1.38e-07	3.95e-04	4.26e-02	9.57e-01
 4.82719e+22	8.01e-24	5.26e-18	9.69e-14	2.10e-10	1.47e-07	4.13e-04	4.36e-02	9.56e-01
 4.84010e+22	1.03e-23	6.48e-18	1.15e-13	2.39e-10	1.60e-07	4.40e-04	4.50e-02	9.55e-01
 4.85214e+22	1.22e-23	7.46e-18	1.29e-13	2.61e-10	1.70e-07	4.58e-04	4.60e-02	9.54e-01
 4.86308e+22	1.50e-23	8.91e-18	1.49e-13	2.91e-10	1.82e-07	4.83e-04	4.72e-02	9.52e-01
 4.87424e+22	1.80e-23	1.04e-17	1.68e-13	3.19e-10	1.94e-07	5.05e-04	4.83e-02	9.51e-01
 4.88415e+22	2.13e-23	1.20e-17	1.89e-13	3.49e-10	2.06e-07	5.27e-04	4.93e-02	9.50e-01
 4.89547e+22	2.72e-23	1.47e-17	2.23e-13	3.96e-10	2.24e-07	5.58e-04	5.08e-02	9.49e-01
 4.90670e+22	3.28e-23	1.72e-17	2.53e-13	4.36e-10	2.39e-07	5.84e-04	5.20e-02	9.47e-01
 4.91780e+22	4.17e-23	2.10e-17	2.99e-13	4.95e-10	2.60e-07	6.19e-04	5.35e-02	9.46e-01
 4.92902e+22	5.08e-23	2.48e-17	3.42e-13	5.49e-10	2.78e-07	6.49e-04	5.47e-02	9.45e-01
 4.94041e+22	6.65e-23	3.12e-17	4.11e-13	6.32e-10	3.05e-07	6.91e-04	5.65e-02	9.43e-01
 4.95131e+22	7.94e-23	3.62e-17	4.65e-13	6.94e-10	3.25e-07	7.21e-04	5.77e-02	9.42e-01
 4.96159e+22	1.03e-22	4.51e-17	5.56e-13	7.95e-10	3.56e-07	7.66e-04	5.94e-02	9.40e-01
 4.97196e+22	1.24e-22	5.26e-17	6.31e-13	8.75e-10	3.80e-07	8.00e-04	6.07e-02	9.39e-01
 4.98243e+22	1.64e-22	6.67e-17	7.66e-13	1.01e-09	4.19e-07	8.53e-04	6.26e-02	9.37e-01
 4.99256e+22	1.95e-22	7.74e-17	8.65e-13	1.11e-09	4.46e-07	8.89e-04	6.39e-02	9.35e-01
 5.00223e+22	2.57e-22	9.78e-17	1.05e-12	1.29e-09	4.90e-07	9.46e-04	6.58e-02	9.33e-01
 5.01189e+22	3.11e-22	1.15e-16	1.20e-12	1.42e-09	5.25e-07	9.88e-04	6.72e-02	9.32e-01
 5.02153e+22	4.09e-22	1.45e-16	1.45e-12	1.65e-09	5.78e-07	1.05e-03	6.92e-02	9.30e-01
 5.03136e+22	5.04e-22	1.73e-16	1.68e-12	1.84e-09	6.22e-07	1.10e-03	7.08e-02	9.28e-01
 5.04141e+22	6.81e-22	2.24e-16	2.07e-12	2.16e-09	6.92e-07	1.18e-03	7.31e-02	9.26e-01
 5.05149e+22	8.45e-22	2.69e-16	2.40e-12	2.42e-09	7.47e-07	1.24e-03	7.49e-02	9.24e-01
 5.06160e+22	1.14e-21	3.46e-16	2.96e-12	2.84e-09	8.30e-07	1.32e-03	7.73e-02	9.21e-01
 5.07161e+22	1.43e-21	4.20e-16	3.46e-12	3.20e-09	8.99e-07	1.39e-03	7.91e-02	9.19e-01
 5.08151e+22	1.93e-21	5.43e-16	4.28e-12	3.76e-09	1.00e-06	1.49e-03	8.17e-02	9.17e-01
 5.09158e+22	2.45e-21	6.66e-16	5.07e-12	4.28e-09	1.09e-06	1.57e-03	8.38e-02	9.15e-01
 5.10189e+22	3.38e-21	8.75e-16	6.34e-12	5.07e-09	1.22e-06	1.68e-03	8.66e-02	9.12e-01
 5.11227e+22	4.33e-21	1.08e-15	7.55e-12	5.80e-09	1.34e-06	1.78e-03	8.89e-02	9.09e-01
 5.12277e+22	6.02e-21	1.43e-15	9.52e-12	6.92e-09	1.50e-06	1.91e-03	9.20e-02	9.06e-01
 5.13332e+22	7.75e-21	1.78e-15	1.14e-11	7.92e-09	1.65e-06	2.02e-03	9.44e-02	9.04e-01
 5.14246e+22	9.94e-21	2.20e-15	1.36e-11	9.05e-09	1.80e-06	2.14e-03	9.69e-02	9.01e-01
 5.15284e+22	1.38e-20	2.92e-15	1.71e-11	1.08e-08	2.03e-06	2.30e-03	1.00e-01	8.97e-01
 5.16311e+22	1.74e-20	3.55e-15	2.01e-11	1.22e-08	2.20e-06	2.42e-03	1.03e-01	8.95e-01
 5.17324e+22	2.37e-20	4.62e-15	2.50e-11	1.44e-08	2.46e-06	2.59e-03	1.06e-01	8.91e-01
 5.18368e+22	3.04e-20	5.72e-15	2.98e-11	1.65e-08	2.70e-06	2.74e-03	1.09e-01	8.88e-01
 5.19450e+22	4.17e-20	7.51e-15	3.74e-11	1.96e-08	3.03e-06	2.94e-03	1.12e-01	8.85e-01
 5.20551e+22	5.37e-20	9.32e-15	4.47e-11	2.25e-08	3.32e-06	3.12e-03	1.15e-01	8.81e-01
 5.21678e+22	7.41e-20	1.23e-14	5.62e-11	2.68e-08	3.74e-06	3.35e-03	1.19e-01	8.77e-01
 5.22827e+22	9.50e-20	1.52e-14	6.70e-11	3.07e-08	4.10e-06	3.55e-03	1.23e-01	8.74e-01
 5.24006e+22	1.31e-19	2.00e-14	8.42e-11	3.66e-08	4.62e-06	3.82e-03	1.27e-01	8.69e-01
 5.25206e+22	1.68e-19	2.48e-14	1.00e-10	4.19e-08	5.07e-06	4.05e-03	1.30e-01	8.66e-01
 5.26431e+22	2.31e-19	3.26e-14	1.26e-10	4.99e-08	5.71e-06	4.36e-03	1.35e-01	8.61e-01
 5.27664e+22	2.93e-19	4.00e-14	1.49e-10	5.69e-08	6.25e-06	4.61e-03	1.38e-01	8.57e-01
 5.28906e+22	3.99e-19	5.21e-14	1.86e-10	6.75e-08	7.02e-06	4.96e-03	1.43e-01	8.52e-01
 5.30178e+22	5.07e-19	6.39e-14	2.21e-10	7.70e-08	7.69e-06	5.25e-03	1.47e-01	8.48e-01
 5.31287e+22	6.34e-19	7.75e-14	2.59e-10	8.72e-08	8.38e-06	5.54e-03	1.50e-01	8.44e-01
 5.32524e+22	8.47e-19	9.93e-14	3.19e-10	1.02e-07	9.36e-06	5.93e-03	1.55e-01	8.39e-01
 5.33765e+22	1.04e-18	1.19e-13	3.71e-10	1.15e-07	1.02e-05	6.24e-03	1.58e-01	8.35e-01
 5.35009e+22	1.38e-18	1.51e-13	4.53e-10	1.34e-07	1.13e-05	6.68e-03	1.63e-01	8.30e-01
 5.36280e+22	1.71e-18	1.82e-13	5.28e-10	1.52e-07	1.23e-05	7.03e-03	1.67e-01	8.26e-01
 5.37403e+22	2.11e-18	2.18e-13	6.14e-10	1.70e-07	1.33e-05	7.40e-03	1.71e-01	8.22e-01
 5.38682e+22	2.78e-18	2.76e-13	7.49e-10	1.99e-07	1.49e-05	7.92e-03	1.76e-01	8.16e-01
 5.39952e+22	3.36e-18	3.25e-13	8.58e-10	2.21e-07	1.60e-05	8.30e-03	1.80e-01	8.12e-01
 5.41213e+22	4.36e-18	4.07e-13	1.04e-09	2.57e-07	1.78e-05	8.85e-03	1.85e-01	8.06e-01
 5.42498e+22	5.28e-18	4.80e-13	1.19e-09	2.86e-07	1.92e-05	9.28e-03	1.89e-01	8.02e-01
 5.43814e+22	6.86e-18	6.01e-13	1.44e-09	3.32e-07	2.13e-05	9.90e-03	1.94e-01	7.96e-01
 5.45156e+22	8.34e-18	7.12e-13	1.66e-09	3.70e-07	2.30e-05	1.04e-02	1.99e-01	7.91e-01
 5.46531e+22	1.09e-17	8.93e-13	2.00e-09	4.30e-07	2.55e-05	1.11e-02	2.04e-01	7.85e-01
 5.47931e+22	1.32e-17	1.06e-12	2.31e-09	4.81e-07	2.77e-05	1.17e-02	2.09e-01	7.80e-01
 5.49363e+22	1.72e-17	1.33e-12	2.79e-09	5.59e-07	3.07e-05	1.25e-02	2.15e-01	7.73e-01
 5.50763e+22	2.04e-17	1.54e-12	3.16e-09	6.17e-07	3.30e-05	1.30e-02	2.19e-01	7.68e-01
 5.52121e+22	2.62e-17	1.91e-12	3.79e-09	7.12e-07	3.65e-05	1.39e-02	2.25e-01	7.61e-01
 5.53499e+22	3.11e-17	2.21e-12	4.29e-09	7.85e-07	3.91e-05	1.45e-02	2.29e-01	7.57e-01
 5.54904e+22	3.96e-17	2.72e-12	5.11e-09	9.01e-07	4.32e-05	1.54e-02	2.35e-01	7.50e-01
 5.56353e+22	4.79e-17	3.21e-12	5.87e-09	1.01e-06	4.67e-05	1.62e-02	2.40e-01	7.44e-01
 5.57858e+22	6.08e-17	3.95e-12	6.98e-09	1.15e-06	5.15e-05	1.72e-02	2.46e-01	7.37e-01
 5.59411e+22	7.45e-17	4.70e-12	8.09e-09	1.30e-06	5.59e-05	1.81e-02	2.51e-01	7.31e-01
 5.61027e+22	9.53e-17	5.82e-12	9.67e-09	1.50e-06	6.19e-05	1.93e-02	2.58e-01	7.23e-01
 5.62686e+22	1.17e-16	6.95e-12	1.12e-08	1.69e-06	6.74e-05	2.03e-02	2.63e-01	7.16e-01
 5.64402e+22	1.51e-16	8.65e-12	1.35e-08	1.95e-06	7.49e-05	2.17e-02	2.70e-01	7.08e-01
 5.66172e+22	1.87e-16	1.04e-11	1.58e-08	2.21e-06	8.18e-05	2.29e-02	2.76e-01	7.01e-01
 5.68013e+22	2.44e-16	1.31e-11	1.91e-08	2.57e-06	9.12e-05	2.45e-02	2.84e-01	6.92e-01
 5.69912e+22	3.05e-16	1.59e-11	2.25e-08	2.93e-06	1.00e-04	2.59e-02	2.90e-01	6.84e-01
 5.71627e+22	3.78e-16	1.91e-11	2.63e-08	3.32e-06	1.09e-04	2.74e-02	2.97e-01	6.76e-01
 5.73597e+22	4.97e-16	2.42e-11	3.21e-08	3.88e-06	1.23e-04	2.93e-02	3.05e-01	6.66e-01
 5.75605e+22	6.23e-16	2.94e-11	3.78e-08	4.43e-06	1.35e-04	3.11e-02	3.11e-01	6.57e-01
 5.77662e+22	8.25e-16	3.75e-11	4.64e-08	5.21e-06	1.51e-04	3.34e-02	3.20e-01	6.46e-01
 5.79747e+22	1.04e-15	4.57e-11	5.49e-08	5.96e-06	1.66e-04	3.54e-02	3.27e-01	6.37e-01
 5.81868e+22	1.39e-15	5.89e-11	6.79e-08	7.06e-06	1.88e-04	3.81e-02	3.36e-01	6.26e-01
 5.84011e+22	1.76e-15	7.20e-11	8.04e-08	8.08e-06	2.07e-04	4.04e-02	3.43e-01	6.16e-01
 5.86182e+22	2.38e-15	9.36e-11	1.00e-07	9.65e-06	2.35e-04	4.35e-02	3.53e-01	6.03e-01
 5.88364e+22	3.00e-15	1.14e-10	1.19e-07	1.10e-05	2.58e-04	4.61e-02	3.60e-01	5.93e-01
 5.90177e+22	3.70e-15	1.37e-10	1.38e-07	1.25e-05	2.82e-04	4.86e-02	3.67e-01	5.84e-01
 5.92150e+22	4.88e-15	1.74e-10	1.70e-07	1.47e-05	3.17e-04	5.21e-02	3.76e-01	5.72e-01
 5.94116e+22	6.00e-15	2.08e-10	1.97e-07	1.66e-05	3.45e-04	5.48e-02	3.82e-01	5.63e-01
 5.96072e+22	7.90e-15	2.65e-10	2.42e-07	1.95e-05	3.88e-04	5.87e-02	3.91e-01	5.50e-01
 5.98053e+22	9.77e-15	3.18e-10	2.82e-07	2.21e-05	4.24e-04	6.19e-02	3.98e-01	5.40e-01
 6.00065e+22	1.30e-14	4.07e-10	3.48e-07	2.62e-05	4.79e-04	6.65e-02	4.07e-01	5.26e-01
 6.02101e+22	1.61e-14	4.91e-10	4.09e-07	2.98e-05	5.25e-04	7.01e-02	4.13e-01	5.16e-01
 6.04168e+22	2.15e-14	6.31e-10	5.06e-07	3.54e-05	5.94e-04	7.54e-02	4.22e-01	5.02e-01
 6.06276e+22	2.71e-14	7.72e-10	6.01e-07	4.07e-05	6.56e-04	7.98e-02	4.29e-01	4.90e-01
 6.08437e+22	3.66e-14	1.00e-09	7.52e-07	4.88e-05	7.48e-04	8.60e-02	4.39e-01	4.75e-01
 6.10637e+22	4.63e-14	1.23e-09	8.98e-07	5.65e-05	8.30e-04	9.13e-02	4.46e-01	4.62e-01
 6.12890e+22	6.31e-14	1.61e-09	1.13e-06	6.84e-05	9.51e-04	9.87e-02	4.55e-01	4.46e-01
 6.15166e+22	8.00e-14	1.99e-09	1.36e-06	7.94e-05	1.06e-03	1.05e-01	4.62e-01	4.33e-01
 6.17091e+22	9.95e-14	2.41e-09	1.60e-06	9.11e-05	1.17e-03	1.11e-01	4.68e-01	4.20e-01
 6.19190e+22	1.31e-13	3.06e-09	1.98e-06	1.09e-04	1.33e-03	1.19e-01	4.75e-01	4.05e-01
 6.21294e+22	1.62e-13	3.70e-09	2.33e-06	1.25e-04	1.47e-03	1.26e-01	4.81e-01	3.92e-01
 6.23351e+22	2.09e-13	4.63e-09	2.84e-06	1.47e-04	1.66e-03	1.34e-01	4.87e-01	3.77e-01
 6.25449e+22	2.58e-13	5.59e-09	3.36e-06	1.70e-04	1.83e-03	1.42e-01	4.92e-01	3.64e-01
 6.27506e+22	3.27e-13	6.89e-09	4.04e-06	1.99e-04	2.06e-03	1.51e-01	4.97e-01	3.50e-01
 6.29606e+22	4.04e-13	8.33e-09	4.79e-06	2.30e-04	2.29e-03	1.60e-01	5.01e-01	3.36e-01
 6.31673e+22	5.01e-13	1.01e-08	5.70e-06	2.68e-04	2.56e-03	1.69e-01	5.05e-01	3.22e-01
 6.33758e+22	6.15e-13	1.21e-08	6.73e-06	3.10e-04	2.85e-03	1.79e-01	5.09e-01	3.09e-01
 6.35817e+22	7.49e-13	1.45e-08	7.92e-06	3.58e-04	3.17e-03	1.89e-01	5.11e-01	2.96e-01
 6.37872e+22	9.06e-13	1.73e-08	9.28e-06	4.12e-04	3.52e-03	2.00e-01	5.13e-01	2.83e-01
 6.39929e+22	1.09e-12	2.04e-08	1.08e-05	4.73e-04	3.90e-03	2.10e-01	5.15e-01	2.70e-01
 6.41993e+22	1.30e-12	2.40e-08	1.26e-05	5.43e-04	4.32e-03	2.21e-01	5.16e-01	2.58e-01
 6.44066e+22	1.55e-12	2.82e-08	1.46e-05	6.21e-04	4.78e-03	2.33e-01	5.16e-01	2.46e-01
 6.46156e+22	1.83e-12	3.29e-08	1.70e-05	7.10e-04	5.29e-03	2.45e-01	5.16e-01	2.34e-01
 6.48268e+22	2.15e-12	3.83e-08	1.96e-05	8.10e-04	5.84e-03	2.57e-01	5.15e-01	2.22e-01
 6.50391e+22	2.52e-12	4.44e-08	2.25e-05	9.21e-04	6.44e-03	2.69e-01	5.13e-01	2.11e-01
 6.52547e+22	2.94e-12	5.14e-08	2.59e-05	1.05e-03	7.11e-03	2.82e-01	5.11e-01	2.00e-01
 6.54726e+22	3.41e-12	5.91e-08	2.97e-05	1.19e-03	7.83e-03	2.94e-01	5.08e-01	1.89e-01
 6.56947e+22	3.96e-12	6.81e-08	3.41e-05	1.35e-03	8.64e-03	3.08e-01	5.04e-01	1.78e-01
 6.59207e+22	4.56e-12	7.80e-08	3.89e-05	1.53e-03	9.49e-03	3.21e-01	5.00e-01	1.68e-01
 6.61277e+22	5.12e-12	8.72e-08	4.34e-05	1.70e-03	1.03e-02	3.32e-01	4.96e-01	1.60e-01
 6.63439e+22	5.90e-12	1.00e-07	4.97e-05	1.93e-03	1.13e-02	3.47e-01	4.90e-01	1.50e-01
 6.65636e+22	6.61e-12	1.11e-07	5.53e-05	2.13e-03	1.23e-02	3.59e-01	4.85e-01	1.42e-01
 6.67896e+22	7.60e-12	1.28e-07	6.34e-05	2.42e-03	1.35e-02	3.74e-01	4.78e-01	1.32e-01
 6.70162e+22	8.45e-12	1.42e-07	7.03e-05	2.67e-03	1.46e-02	3.85e-01	4.72e-01	1.25e-01
 6.72434e+22	9.63e-12	1.61e-07	8.01e-05	3.02e-03	1.60e-02	4.01e-01	4.64e-01	1.17e-01
 6.74715e+22	1.07e-11	1.78e-07	8.85e-05	3.31e-03	1.72e-02	4.12e-01	4.57e-01	1.10e-01
 6.77006e+22	1.21e-11	2.02e-07	1.00e-04	3.72e-03	1.89e-02	4.27e-01	4.48e-01	1.02e-01
 6.79322e+22	1.34e-11	2.23e-07	1.11e-04	4.08e-03	2.02e-02	4.38e-01	4.41e-01	9.65e-02
 6.81668e+22	1.51e-11	2.52e-07	1.26e-04	4.58e-03	2.22e-02	4.53e-01	4.31e-01	8.92e-02
 6.84046e+22	1.67e-11	2.78e-07	1.38e-04	5.00e-03	2.37e-02	4.64e-01	4.23e-01	8.39e-02
 6.86463e+22	1.88e-11	3.14e-07	1.57e-04	5.61e-03	2.59e-02	4.79e-01	4.12e-01	7.74e-02
 6.88924e+22	2.08e-11	3.47e-07	1.73e-04	6.13e-03	2.78e-02	4.90e-01	4.04e-01	7.25e-02
 6.91443e+22	2.35e-11	3.92e-07	1.97e-04	6.87e-03	3.03e-02	5.04e-01	3.92e-01	6.65e-02
 6.94019e+22	2.61e-11	4.35e-07	2.18e-04	7.51e-03	3.25e-02	5.15e-01	3.83e-01	6.20e-02
 6.96669e+22	2.95e-11	4.93e-07	2.48e-04	8.42e-03	3.55e-02	5.29e-01	3.70e-01	5.65e-02
 6.99369e+22	3.29e-11	5.48e-07	2.75e-04	9.20e-03	3.80e-02	5.40e-01	3.60e-01	5.25e-02
 7.01652e+22	3.60e-11	6.01e-07	3.02e-04	9.96e-03	4.03e-02	5.49e-01	3.51e-01	4.91e-02
 7.04135e+22	4.05e-11	6.75e-07	3.39e-04	1.10e-02	4.36e-02	5.61e-01	3.39e-01	4.49e-02
 7.06541e+22	4.41e-11	7.36e-07	3.70e-04	1.18e-02	4.60e-02	5.69e-01	3.31e-01	4.21e-02
 7.08847e+22	4.89e-11	8.17e-07	4.12e-04	1.30e-02	4.93e-02	5.79e-01	3.20e-01	3.87e-02
 7.11177e+22	5.37e-11	8.94e-07	4.49e-04	1.39e-02	5.19e-02	5.86e-01	3.12e-01	3.63e-02
 7.13537e+22	5.97e-11	9.96e-07	5.01e-04	1.52e-02	5.55e-02	5.95e-01	3.00e-01	3.32e-02
 7.15932e+22	6.57e-11	1.09e-06	5.48e-04	1.63e-02	5.84e-02	6.02e-01	2.92e-01	3.11e-02
 7.18371e+22	7.34e-11	1.22e-06	6.13e-04	1.79e-02	6.25e-02	6.10e-01	2.81e-01	2.83e-02
 7.20845e+22	8.12e-11	1.34e-06	6.72e-04	1.92e-02	6.57e-02	6.16e-01	2.72e-01	2.64e-02
 7.23364e+22	9.10e-11	1.51e-06	7.54e-04	2.10e-02	7.03e-02	6.23e-01	2.61e-01	2.40e-02
 7.25929e+22	1.01e-10	1.67e-06	8.29e-04	2.25e-02	7.39e-02	6.28e-01	2.52e-01	2.23e-02
 7.28554e+22	1.14e-10	1.88e-06	9.34e-04	2.47e-02	7.90e-02	6.34e-01	2.41e-01	2.01e-02
 7.31232e+22	1.28e-10	2.09e-06	1.03e-03	2.65e-02	8.30e-02	6.39e-01	2.32e-01	1.86e-02
 7.33980e+22	1.45e-10	2.37e-06	1.17e-03	2.91e-02	8.88e-02	6.44e-01	2.21e-01	1.67e-02
 7.36802e+22	1.63e-10	2.65e-06	1.30e-03	3.14e-02	9.34e-02	6.47e-01	2.12e-01	1.53e-02
 7.39719e+22	1.88e-10	3.04e-06	1.48e-03	3.45e-02	9.98e-02	6.50e-01	2.00e-01	1.36e-02
 7.42667e+22	2.13e-10	3.41e-06	1.64e-03	3.72e-02	1.05e-01	6.52e-01	1.92e-01	1.25e-02
 7.45655e+22	2.47e-10	3.93e-06	1.88e-03	4.09e-02	1.12e-01	6.53e-01	1.81e-01	1.10e-02
 7.48677e+22	2.82e-10	4.43e-06	2.10e-03	4.40e-02	1.17e-01	6.54e-01	1.73e-01	1.01e-02
 7.51745e+22	3.28e-10	5.13e-06	2.40e-03	4.83e-02	1.25e-01	6.53e-01	1.62e-01	8.86e-03
 7.54861e+22	3.77e-10	5.81e-06	2.69e-03	5.21e-02	1.31e-01	6.52e-01	1.54e-01	8.03e-03
 7.57613e+22	4.28e-10	6.54e-06	2.99e-03	5.60e-02	1.37e-01	6.50e-01	1.46e-01	7.26e-03
 7.60764e+22	5.06e-10	7.63e-06	3.44e-03	6.14e-02	1.45e-01	6.47e-01	1.37e-01	6.38e-03
 7.63971e+22	5.78e-10	8.64e-06	3.86e-03	6.61e-02	1.52e-01	6.43e-01	1.29e-01	5.72e-03
 7.66569e+22	6.53e-10	9.63e-06	4.25e-03	7.04e-02	1.58e-01	6.40e-01	1.23e-01	5.21e-03
 7.69262e+22	7.56e-10	1.10e-05	4.76e-03	7.57e-02	1.65e-01	6.34e-01	1.16e-01	4.68e-03
 7.72093e+22	8.60e-10	1.23e-05	5.27e-03	8.07e-02	1.71e-01	6.29e-01	1.10e-01	4.23e-03
 7.74692e+22	9.76e-10	1.38e-05	5.82e-03	8.59e-02	1.77e-01	6.23e-01	1.04e-01	3.83e-03
 7.77660e+22	1.15e-09	1.60e-05	6.60e-03	9.29e-02	1.85e-01	6.15e-01	9.67e-02	3.38e-03
 7.80704e+22	1.32e-09	1.81e-05	7.35e-03	9.92e-02	1.92e-01	6.07e-01	9.08e-02	3.02e-03
 7.83389e+22	1.51e-09	2.04e-05	8.12e-03	1.05e-01	1.99e-01	6.00e-01	8.56e-02	2.72e-03
 7.86424e+22	1.79e-09	2.36e-05	9.21e-03	1.14e-01	2.06e-01	5.89e-01	7.93e-02	2.38e-03
 7.89577e+22	2.08e-09	2.69e-05	1.03e-02	1.22e-01	2.14e-01	5.79e-01	7.39e-02	2.10e-03
 7.92407e+22	2.39e-09	3.04e-05	1.14e-02	1.29e-01	2.20e-01	5.68e-01	6.92e-02	1.88e-03
 7.95610e+22	2.87e-09	3.56e-05	1.30e-02	1.39e-01	2.28e-01	5.55e-01	6.35e-02	1.62e-03
 7.98917e+22	3.36e-09	4.08e-05	1.45e-02	1.48e-01	2.35e-01	5.42e-01	5.87e-02	1.42e-03
 8.01867e+22	3.90e-09	4.63e-05	1.61e-02	1.58e-01	2.41e-01	5.29e-01	5.45e-02	1.25e-03
 8.05211e+22	4.73e-09	5.46e-05	1.84e-02	1.70e-01	2.49e-01	5.12e-01	4.94e-02	1.07e-03
 8.08655e+22	5.56e-09	6.27e-05	2.05e-02	1.80e-01	2.55e-01	4.97e-01	4.54e-02	9.27e-04
 8.12231e+22	6.85e-09	7.46e-05	2.36e-02	1.94e-01	2.63e-01	4.78e-01	4.07e-02	7.76e-04
 8.15874e+22	8.13e-09	8.62e-05	2.64e-02	2.06e-01	2.68e-01	4.61e-01	3.70e-02	6.67e-04
 8.19110e+22	9.62e-09	9.91e-05	2.94e-02	2.18e-01	2.73e-01	4.45e-01	3.37e-02	5.74e-04
 8.22821e+22	1.19e-08	1.18e-04	3.37e-02	2.34e-01	2.79e-01	4.23e-01	2.98e-02	4.73e-04
 8.26577e+22	1.42e-08	1.37e-04	3.76e-02	2.47e-01	2.83e-01	4.05e-01	2.68e-02	4.01e-04
 8.30395e+22	1.78e-08	1.64e-04	4.31e-02	2.64e-01	2.87e-01	3.82e-01	2.35e-02	3.26e-04
 8.34252e+22	2.13e-08	1.90e-04	4.80e-02	2.78e-01	2.90e-01	3.63e-01	2.10e-02	2.74e-04
 8.38162e+22	2.69e-08	2.29e-04	5.49e-02	2.96e-01	2.92e-01	3.39e-01	1.81e-02	2.19e-04
 8.42106e+22	3.23e-08	2.65e-04	6.09e-02	3.10e-01	2.92e-01	3.20e-01	1.61e-02	1.83e-04
 8.46096e+22	4.09e-08	3.19e-04	6.94e-02	3.28e-01	2.92e-01	2.96e-01	1.37e-02	1.44e-04
 8.50133e+22	4.93e-08	3.69e-04	7.68e-02	3.42e-01	2.91e-01	2.78e-01	1.20e-02	1.19e-04
 8.54229e+22	6.29e-08	4.46e-04	8.73e-02	3.60e-01	2.88e-01	2.54e-01	1.01e-02	9.22e-05
 8.58373e+22	7.62e-08	5.17e-04	9.63e-02	3.73e-01	2.85e-01	2.36e-01	8.81e-03	7.50e-05
 8.62581e+22	9.77e-08	6.24e-04	1.09e-01	3.90e-01	2.80e-01	2.14e-01	7.31e-03	5.72e-05
 8.66702e+22	1.17e-07	7.17e-04	1.19e-01	4.01e-01	2.75e-01	1.98e-01	6.34e-03	4.67e-05
 8.70708e+22	1.48e-07	8.55e-04	1.33e-01	4.15e-01	2.67e-01	1.78e-01	5.26e-03	3.56e-05
 8.74581e+22	1.75e-07	9.68e-04	1.43e-01	4.24e-01	2.62e-01	1.65e-01	4.59e-03	2.94e-05
 8.78280e+22	2.17e-07	1.13e-03	1.58e-01	4.35e-01	2.53e-01	1.49e-01	3.84e-03	2.28e-05
 8.82039e+22	2.58e-07	1.29e-03	1.70e-01	4.43e-01	2.46e-01	1.37e-01	3.31e-03	1.85e-05
 8.85361e+22	3.06e-07	1.45e-03	1.82e-01	4.49e-01	2.39e-01	1.25e-01	2.85e-03	1.50e-05
 8.89168e+22	3.80e-07	1.70e-03	1.99e-01	4.56e-01	2.28e-01	1.12e-01	2.35e-03	1.14e-05
 8.93034e+22	4.54e-07	1.93e-03	2.14e-01	4.61e-01	2.20e-01	1.02e-01	1.99e-03	9.10e-06
 8.96977e+22	5.66e-07	2.26e-03	2.32e-01	4.66e-01	2.09e-01	8.95e-02	1.62e-03	6.82e-06
 9.00951e+22	6.76e-07	2.55e-03	2.48e-01	4.68e-01	1.99e-01	8.07e-02	1.36e-03	5.39e-06
 9.04968e+22	8.49e-07	2.99e-03	2.69e-01	4.69e-01	1.87e-01	7.02e-02	1.09e-03	3.94e-06
 9.08989e+22	1.01e-06	3.37e-03	2.86e-01	4.69e-01	1.78e-01	6.30e-02	9.11e-04	3.10e-06
 9.12218e+22	1.17e-06	3.74e-03	3.00e-01	4.68e-01	1.70e-01	5.73e-02	7.81e-04	2.51e-06
 9.15620e+22	1.40e-06	4.23e-03	3.18e-01	4.66e-01	1.60e-01	5.08e-02	6.44e-04	1.93e-06
 9.19070e+22	1.63e-06	4.68e-03	3.34e-01	4.63e-01	1.52e-01	4.59e-02	5.48e-04	1.55e-06
 9.22103e+22	1.88e-06	5.16e-03	3.49e-01	4.59e-01	1.45e-01	4.15e-02	4.67e-04	1.25e-06
 9.24655e+22	2.08e-06	5.52e-03	3.59e-01	4.57e-01	1.40e-01	3.87e-02	4.18e-04	1.07e-06
