#depth	S	S+	S+2	S+3	S+4	S+5	S+6	S+7	S+8	S+9	S+10	S+11	S+12	S+13	S+14	S+15	S+16
 4.62852e+21	0.00e+00	0.00e+00	0.00e+00	0.00e+00	0.00e+00	0.00e+00	0.00e+00	4.80e-30	1.24e-25	1.27e-21	6.84e-18	2.23e-14	6.19e-11	9.41e-08	7.58e-05	1.17e-02	9.88e-01
 1.02731e+22	0.00e+00	0.00e+00	0.00e+00	0.00e+00	0.00e+00	0.00e+00	5.54e-32	1.60e-27	2.01e-23	1.01e-19	2.71e-16	4.33e-13	6.14e-10	4.99e-07	2.37e-04	2.10e-02	9.79e-01
 1.16831e+22	0.00e+00	0.00e+00	0.00e+00	0.00e+00	0.00e+00	0.00e+00	7.82e-31	1.68e-26	1.56e-22	5.86e-19	1.18e-15	1.40e-12	1.51e-09	9.50e-07	3.71e-04	2.65e-02	9.73e-01
 1.22740e+22	0.00e+00	0.00e+00	0.00e+00	0.00e+00	0.00e+00	0.00e+00	3.00e-30	5.53e-26	4.43e-22	1.43e-18	2.46e-15	2.52e-12	2.35e-09	1.31e-06	4.64e-04	2.98e-02	9.70e-01
 1.25695e+22	0.00e+00	0.00e+00	0.00e+00	0.00e+00	0.00e+00	0.00e+00	5.91e-30	1.01e-25	7.47e-22	2.23e-18	3.57e-15	3.38e-12	2.94e-09	1.53e-06	5.19e-04	3.17e-02	9.68e-01
 1.27443e+22	0.00e+00	0.00e+00	0.00e+00	0.00e+00	0.00e+00	0.00e+00	1.00e-29	1.61e-25	1.12e-21	3.16e-18	4.76e-15	4.25e-12	3.49e-09	1.73e-06	5.66e-04	3.32e-02	9.66e-01
 1.28962e+22	0.00e+00	0.00e+00	0.00e+00	0.00e+00	0.00e+00	3.51e-34	1.69e-29	2.55e-25	1.68e-21	4.45e-18	6.32e-15	5.32e-12	4.14e-09	1.95e-06	6.16e-04	3.47e-02	9.65e-01
 1.30471e+22	0.00e+00	0.00e+00	0.00e+00	0.00e+00	0.00e+00	6.24e-34	2.84e-29	4.04e-25	2.50e-21	6.26e-18	8.37e-15	6.64e-12	4.89e-09	2.19e-06	6.70e-04	3.63e-02	9.63e-01
 1.31967e+22	0.00e+00	0.00e+00	0.00e+00	0.00e+00	0.00e+00	1.10e-33	4.74e-29	6.35e-25	3.72e-21	8.77e-18	1.11e-14	8.27e-12	5.76e-09	2.46e-06	7.28e-04	3.80e-02	9.61e-01
 1.33451e+22	0.00e+00	0.00e+00	0.00e+00	0.00e+00	0.00e+00	1.95e-33	7.91e-29	1.00e-24	5.52e-21	1.23e-17	1.46e-14	1.03e-11	6.78e-09	2.76e-06	7.90e-04	3.98e-02	9.59e-01
 1.34923e+22	0.00e+00	0.00e+00	0.00e+00	0.00e+00	0.00e+00	3.44e-33	1.32e-28	1.57e-24	8.16e-21	1.71e-17	1.92e-14	1.28e-11	7.97e-09	3.09e-06	8.57e-04	4.16e-02	9.58e-01
 1.36383e+22	0.00e+00	0.00e+00	0.00e+00	0.00e+00	0.00e+00	6.04e-33	2.18e-28	2.46e-24	1.20e-20	2.38e-17	2.52e-14	1.58e-11	9.35e-09	3.45e-06	9.29e-04	4.35e-02	9.56e-01
 1.37832e+22	0.00e+00	0.00e+00	0.00e+00	0.00e+00	0.00e+00	1.06e-32	3.61e-28	3.83e-24	1.77e-20	3.31e-17	3.30e-14	1.96e-11	1.09e-08	3.85e-06	1.01e-03	4.54e-02	9.54e-01
 1.39271e+22	0.00e+00	0.00e+00	0.00e+00	0.00e+00	0.00e+00	1.84e-32	5.96e-28	5.96e-24	2.60e-20	4.59e-17	4.32e-14	2.41e-11	1.28e-08	4.28e-06	1.09e-03	4.74e-02	9.51e-01
 1.40699e+22	0.00e+00	0.00e+00	0.00e+00	0.00e+00	0.00e+00	3.21e-32	9.80e-28	9.26e-24	3.81e-20	6.34e-17	5.64e-14	2.97e-11	1.49e-08	4.76e-06	1.18e-03	4.95e-02	9.49e-01
 1.42118e+22	0.00e+00	0.00e+00	0.00e+00	0.00e+00	0.00e+00	5.56e-32	1.61e-27	1.43e-23	5.56e-20	8.74e-17	7.34e-14	3.65e-11	1.74e-08	5.28e-06	1.27e-03	5.17e-02	9.47e-01
 1.43528e+22	0.00e+00	0.00e+00	0.00e+00	0.00e+00	0.00e+00	9.61e-32	2.63e-27	2.21e-23	8.11e-20	1.20e-16	9.54e-14	4.48e-11	2.02e-08	5.86e-06	1.37e-03	5.40e-02	9.45e-01
 1.44930e+22	0.00e+00	0.00e+00	0.00e+00	0.00e+00	0.00e+00	1.66e-31	4.29e-27	3.41e-23	1.18e-19	1.65e-16	1.24e-13	5.49e-11	2.34e-08	6.48e-06	1.48e-03	5.63e-02	9.42e-01
 1.46323e+22	0.00e+00	0.00e+00	0.00e+00	0.00e+00	0.00e+00	2.85e-31	6.98e-27	5.24e-23	1.71e-19	2.26e-16	1.60e-13	6.72e-11	2.71e-08	7.16e-06	1.59e-03	5.87e-02	9.40e-01
 1.47708e+22	0.00e+00	0.00e+00	0.00e+00	0.00e+00	0.00e+00	4.88e-31	1.13e-26	8.03e-23	2.48e-19	3.10e-16	2.07e-13	8.20e-11	3.13e-08	7.90e-06	1.71e-03	6.12e-02	9.37e-01
 1.49086e+22	0.00e+00	0.00e+00	0.00e+00	0.00e+00	0.00e+00	8.35e-31	1.83e-26	1.23e-22	3.58e-19	4.23e-16	2.67e-13	1.00e-10	3.62e-08	8.70e-06	1.84e-03	6.38e-02	9.34e-01
 1.50457e+22	0.00e+00	0.00e+00	0.00e+00	0.00e+00	0.00e+00	1.43e-30	2.96e-26	1.88e-22	5.16e-19	5.76e-16	3.44e-13	1.22e-10	4.18e-08	9.58e-06	1.98e-03	6.64e-02	9.32e-01
 1.51821e+22	0.00e+00	0.00e+00	0.00e+00	0.00e+00	0.00e+00	2.43e-30	4.78e-26	2.86e-22	7.43e-19	7.84e-16	4.42e-13	1.48e-10	4.81e-08	1.05e-05	2.13e-03	6.92e-02	9.29e-01
 1.53179e+22	0.00e+00	0.00e+00	0.00e+00	0.00e+00	0.00e+00	4.12e-30	7.68e-26	4.35e-22	1.07e-18	1.07e-15	5.68e-13	1.80e-10	5.53e-08	1.16e-05	2.29e-03	7.21e-02	9.26e-01
 1.54531e+22	0.00e+00	0.00e+00	0.00e+00	0.00e+00	1.91e-34	6.99e-30	1.23e-25	6.60e-22	1.53e-18	1.45e-15	7.29e-13	2.18e-10	6.36e-08	1.27e-05	2.45e-03	7.50e-02	9.23e-01
 1.55878e+22	0.00e+00	0.00e+00	0.00e+00	0.00e+00	3.42e-34	1.18e-29	1.98e-25	1.00e-21	2.20e-18	1.96e-15	9.34e-13	2.64e-10	7.30e-08	1.39e-05	2.63e-03	7.80e-02	9.19e-01
 1.57219e+22	0.00e+00	0.00e+00	0.00e+00	0.00e+00	6.12e-34	1.99e-29	3.16e-25	1.51e-21	3.14e-18	2.65e-15	1.20e-12	3.19e-10	8.37e-08	1.52e-05	2.82e-03	8.12e-02	9.16e-01
 1.58555e+22	0.00e+00	0.00e+00	0.00e+00	0.00e+00	1.09e-33	3.36e-29	5.05e-25	2.29e-21	4.49e-18	3.58e-15	1.53e-12	3.86e-10	9.60e-08	1.66e-05	3.02e-03	8.44e-02	9.13e-01
 1.59885e+22	0.00e+00	0.00e+00	0.00e+00	0.00e+00	1.94e-33	5.65e-29	8.06e-25	3.45e-21	6.41e-18	4.84e-15	1.95e-12	4.67e-10	1.10e-07	1.82e-05	3.24e-03	8.78e-02	9.09e-01
 1.61184e+22	0.00e+00	0.00e+00	0.00e+00	0.00e+00	3.38e-33	9.30e-29	1.26e-24	5.12e-21	9.00e-18	6.45e-15	2.47e-12	5.59e-10	1.25e-07	1.98e-05	3.46e-03	9.11e-02	9.05e-01
 1.62479e+22	0.00e+00	0.00e+00	0.00e+00	0.00e+00	5.99e-33	1.56e-28	2.00e-24	7.71e-21	1.28e-17	8.69e-15	3.15e-12	6.75e-10	1.43e-07	2.16e-05	3.70e-03	9.46e-02	9.02e-01
 1.63790e+22	0.00e+00	0.00e+00	0.00e+00	0.00e+00	1.06e-32	2.60e-28	3.17e-24	1.16e-20	1.82e-17	1.17e-14	4.00e-12	8.13e-10	1.63e-07	2.35e-05	3.96e-03	9.82e-02	8.98e-01
 1.65096e+22	0.00e+00	0.00e+00	0.00e+00	0.00e+00	1.87e-32	4.35e-28	5.03e-24	1.74e-20	2.59e-17	1.57e-14	5.10e-12	9.81e-10	1.87e-07	2.56e-05	4.23e-03	1.02e-01	8.94e-01
 1.66405e+22	0.00e+00	0.00e+00	0.00e+00	0.00e+00	3.31e-32	7.26e-28	7.98e-24	2.61e-20	3.67e-17	2.11e-14	6.50e-12	1.18e-09	2.13e-07	2.80e-05	4.52e-03	1.06e-01	8.90e-01
 1.67702e+22	0.00e+00	0.00e+00	0.00e+00	0.00e+00	5.80e-32	1.20e-27	1.26e-23	3.89e-20	5.19e-17	2.83e-14	8.25e-12	1.42e-09	2.43e-07	3.04e-05	4.83e-03	1.10e-01	8.85e-01
 1.68995e+22	0.00e+00	0.00e+00	0.00e+00	0.00e+00	1.02e-31	2.01e-27	1.99e-23	5.84e-20	7.37e-17	3.81e-14	1.05e-11	1.72e-09	2.78e-07	3.32e-05	5.17e-03	1.14e-01	8.81e-01
 1.70293e+22	0.00e+00	0.00e+00	0.00e+00	0.00e+00	1.80e-31	3.35e-27	3.15e-23	8.75e-20	1.05e-16	5.11e-14	1.34e-11	2.07e-09	3.18e-07	3.62e-05	5.52e-03	1.18e-01	8.76e-01
 1.71586e+22	0.00e+00	0.00e+00	0.00e+00	0.00e+00	3.17e-31	5.57e-27	4.97e-23	1.31e-19	1.48e-16	6.87e-14	1.70e-11	2.50e-09	3.63e-07	3.94e-05	5.90e-03	1.22e-01	8.72e-01
 1.72816e+22	0.00e+00	0.00e+00	0.00e+00	0.00e+00	5.28e-31	8.82e-27	7.52e-23	1.89e-19	2.03e-16	8.98e-14	2.12e-11	2.96e-09	4.10e-07	4.27e-05	6.27e-03	1.27e-01	8.67e-01
 1.74045e+22	0.00e+00	0.00e+00	0.00e+00	0.00e+00	9.28e-31	1.47e-26	1.19e-22	2.82e-19	2.88e-16	1.21e-13	2.70e-11	3.57e-09	4.69e-07	4.66e-05	6.70e-03	1.31e-01	8.62e-01
 1.75293e+22	0.00e+00	0.00e+00	0.00e+00	0.00e+00	1.57e-30	2.36e-26	1.82e-22	4.12e-19	4.00e-16	1.59e-13	3.39e-11	4.27e-09	5.33e-07	5.06e-05	7.13e-03	1.35e-01	8.57e-01
 1.76539e+22	0.00e+00	0.00e+00	0.00e+00	0.00e+00	2.76e-30	3.92e-26	2.88e-22	6.17e-19	5.67e-16	2.14e-13	4.32e-11	5.16e-09	6.10e-07	5.52e-05	7.62e-03	1.40e-01	8.52e-01
 1.77802e+22	0.00e+00	0.00e+00	0.00e+00	1.80e-34	4.77e-30	6.41e-26	4.48e-22	9.12e-19	7.97e-16	2.85e-13	5.47e-11	6.20e-09	6.97e-07	6.02e-05	8.13e-03	1.45e-01	8.47e-01
 1.79022e+22	0.00e+00	0.00e+00	0.00e+00	3.20e-34	8.07e-30	1.03e-25	6.87e-22	1.33e-18	1.11e-15	3.76e-13	6.87e-11	7.42e-09	7.92e-07	6.55e-05	8.65e-03	1.50e-01	8.41e-01
 1.80259e+22	0.00e+00	0.00e+00	0.00e+00	5.93e-34	1.41e-29	1.71e-25	1.08e-21	1.99e-18	1.57e-15	5.06e-13	8.77e-11	8.98e-09	9.09e-07	7.17e-05	9.25e-03	1.55e-01	8.36e-01
 1.81452e+22	0.00e+00	0.00e+00	0.00e+00	6.88e-34	1.56e-29	1.80e-25	1.61e-21	2.83e-18	2.13e-15	6.56e-13	1.09e-10	1.06e-08	1.03e-06	7.77e-05	9.80e-03	1.60e-01	8.31e-01
 1.82646e+22	0.00e+00	0.00e+00	0.00e+00	1.28e-33	2.75e-29	2.99e-25	2.54e-21	4.24e-18	3.02e-15	8.84e-13	1.39e-10	1.29e-08	1.18e-06	8.52e-05	1.05e-02	1.65e-01	8.24e-01
 1.83857e+22	0.00e+00	0.00e+00	0.00e+00	2.23e-33	4.56e-29	4.72e-25	3.84e-21	6.10e-18	4.15e-15	1.16e-12	1.74e-10	1.54e-08	1.34e-06	9.27e-05	1.11e-02	1.70e-01	8.19e-01
 1.85062e+22	0.00e+00	0.00e+00	0.00e+00	4.11e-33	7.97e-29	7.81e-25	6.04e-21	9.12e-18	5.88e-15	1.56e-12	2.22e-10	1.87e-08	1.55e-06	1.02e-04	1.19e-02	1.76e-01	8.12e-01
 1.86287e+22	0.00e+00	0.00e+00	0.00e+00	7.31e-33	1.35e-28	1.25e-24	9.26e-21	1.33e-17	8.17e-15	2.06e-12	2.80e-10	2.25e-08	1.77e-06	1.11e-04	1.27e-02	1.81e-01	8.06e-01
 1.87509e+22	0.00e+00	0.00e+00	0.00e+00	1.35e-32	2.35e-28	2.07e-24	1.46e-20	1.99e-17	1.16e-14	2.78e-12	3.58e-10	2.73e-08	2.04e-06	1.23e-04	1.36e-02	1.87e-01	7.99e-01
 1.88715e+22	0.00e+00	0.00e+00	0.00e+00	2.36e-32	3.93e-28	3.29e-24	2.21e-20	2.88e-17	1.60e-14	3.66e-12	4.51e-10	3.28e-08	2.33e-06	1.34e-04	1.44e-02	1.92e-01	7.93e-01
 1.89918e+22	0.00e+00	0.00e+00	0.00e+00	4.34e-32	6.83e-28	5.42e-24	3.47e-20	4.30e-17	2.27e-14	4.93e-12	5.77e-10	3.99e-08	2.69e-06	1.48e-04	1.54e-02	1.98e-01	7.86e-01
 1.91138e+22	0.00e+00	0.00e+00	0.00e+00	7.76e-32	1.16e-27	8.73e-24	5.33e-20	6.29e-17	3.16e-14	6.55e-12	7.32e-10	4.82e-08	3.09e-06	1.62e-04	1.64e-02	2.04e-01	7.79e-01
 1.92307e+22	0.00e+00	0.00e+00	0.00e+00	1.36e-31	1.93e-27	1.38e-23	8.08e-20	9.10e-17	4.36e-14	8.62e-12	9.20e-10	5.79e-08	3.54e-06	1.78e-04	1.75e-02	2.10e-01	7.72e-01
 1.93502e+22	0.00e+00	0.00e+00	0.00e+00	2.49e-31	3.35e-27	2.27e-23	1.27e-19	1.36e-16	6.18e-14	1.16e-11	1.18e-09	7.07e-08	4.10e-06	1.97e-04	1.87e-02	2.16e-01	7.65e-01
 1.94707e+22	0.00e+00	0.00e+00	0.00e+00	4.40e-31	5.63e-27	3.63e-23	1.93e-19	1.98e-16	8.58e-14	1.54e-11	1.49e-09	8.55e-08	4.72e-06	2.17e-04	1.99e-02	2.23e-01	7.57e-01
 1.95908e+22	0.00e+00	0.00e+00	0.00e+00	8.02e-31	9.73e-27	5.93e-23	3.02e-19	2.93e-16	1.21e-13	2.07e-11	1.91e-09	1.04e-07	5.47e-06	2.40e-04	2.13e-02	2.29e-01	7.49e-01
 1.97125e+22	0.00e+00	0.00e+00	0.00e+00	1.44e-30	1.66e-26	9.59e-23	4.66e-19	4.32e-16	1.70e-13	2.77e-11	2.44e-09	1.27e-07	6.33e-06	2.65e-04	2.27e-02	2.36e-01	7.41e-01
 1.98337e+22	0.00e+00	0.00e+00	1.31e-34	2.61e-30	2.85e-26	1.56e-22	7.25e-19	6.39e-16	2.40e-13	3.71e-11	3.13e-09	1.55e-07	7.35e-06	2.94e-04	2.42e-02	2.42e-01	7.33e-01
 1.99541e+22	0.00e+00	0.00e+00	2.45e-34	4.66e-30	4.83e-26	2.51e-22	1.11e-18	9.36e-16	3.34e-13	4.95e-11	3.98e-09	1.88e-07	8.49e-06	3.26e-04	2.58e-02	2.49e-01	7.25e-01
 2.00739e+22	0.00e+00	0.00e+00	4.64e-34	8.40e-30	8.25e-26	4.06e-22	1.72e-18	1.38e-15	4.70e-13	6.63e-11	5.09e-09	2.30e-07	9.85e-06	3.61e-04	2.76e-02	2.56e-01	7.16e-01
 2.01943e+22	0.00e+00	0.00e+00	8.74e-34	1.50e-29	1.40e-25	6.54e-22	2.65e-18	2.03e-15	6.58e-13	8.85e-11	6.49e-09	2.80e-07	1.14e-05	4.00e-04	2.94e-02	2.63e-01	7.08e-01
 2.03141e+22	0.00e+00	0.00e+00	1.18e-33	1.92e-29	1.70e-25	1.05e-21	4.08e-18	2.98e-15	9.21e-13	1.18e-10	8.28e-09	3.41e-07	1.32e-05	4.44e-04	3.14e-02	2.70e-01	6.99e-01
 2.04337e+22	0.00e+00	0.00e+00	2.21e-33	3.44e-29	2.88e-25	1.69e-21	6.27e-18	4.36e-15	1.29e-12	1.58e-10	1.06e-08	4.16e-07	1.54e-05	4.93e-04	3.34e-02	2.77e-01	6.89e-01
 2.05527e+22	0.00e+00	0.00e+00	4.14e-33	6.12e-29	4.86e-25	2.69e-21	9.59e-18	6.36e-15	1.79e-12	2.10e-10	1.34e-08	5.06e-07	1.78e-05	5.47e-04	3.56e-02	2.84e-01	6.80e-01
 2.06709e+22	0.00e+00	0.00e+00	7.72e-33	1.08e-28	8.15e-25	4.28e-21	1.46e-17	9.25e-15	2.49e-12	2.78e-10	1.71e-08	6.16e-07	2.06e-05	6.07e-04	3.80e-02	2.91e-01	6.71e-01
 2.07885e+22	0.00e+00	0.00e+00	1.43e-32	1.91e-28	1.36e-24	6.78e-21	2.22e-17	1.34e-14	3.45e-12	3.69e-10	2.17e-08	7.48e-07	2.39e-05	6.73e-04	4.04e-02	2.98e-01	6.61e-01
 2.09054e+22	0.00e+00	0.00e+00	2.64e-32	3.35e-28	2.27e-24	1.07e-20	3.35e-17	1.94e-14	4.76e-12	4.87e-10	2.75e-08	9.08e-07	2.76e-05	7.46e-04	4.30e-02	3.05e-01	6.52e-01
 2.10217e+22	0.00e+00	0.00e+00	4.85e-32	5.84e-28	3.75e-24	1.68e-20	5.04e-17	2.79e-14	6.55e-12	6.42e-10	3.47e-08	1.10e-06	3.19e-05	8.27e-04	4.57e-02	3.12e-01	6.42e-01
 2.11374e+22	0.00e+00	0.00e+00	8.87e-32	1.02e-27	6.19e-24	2.62e-20	7.57e-17	4.00e-14	8.99e-12	8.45e-10	4.38e-08	1.33e-06	3.68e-05	9.16e-04	4.86e-02	3.19e-01	6.32e-01
 2.12523e+22	0.00e+00	0.00e+00	1.61e-31	1.75e-27	1.01e-23	4.06e-20	1.13e-16	5.71e-14	1.23e-11	1.11e-09	5.51e-08	1.61e-06	4.25e-05	1.01e-03	5.16e-02	3.26e-01	6.22e-01
 2.13665e+22	0.00e+00	0.00e+00	2.91e-31	3.01e-27	1.65e-23	6.27e-20	1.67e-16	8.13e-14	1.67e-11	1.45e-09	6.92e-08	1.94e-06	4.89e-05	1.12e-03	5.48e-02	3.33e-01	6.11e-01
 2.14803e+22	0.00e+00	0.00e+00	5.23e-31	5.14e-27	2.68e-23	9.63e-20	2.47e-16	1.15e-13	2.27e-11	1.88e-09	8.68e-08	2.34e-06	5.63e-05	1.24e-03	5.81e-02	3.40e-01	6.01e-01
 2.15938e+22	0.00e+00	0.00e+00	9.33e-31	8.73e-27	4.31e-23	1.47e-19	3.64e-16	1.62e-13	3.07e-11	2.45e-09	1.09e-07	2.81e-06	6.47e-05	1.37e-03	6.16e-02	3.46e-01	5.91e-01
 2.17072e+22	0.00e+00	0.00e+00	1.66e-30	1.47e-26	6.92e-23	2.24e-19	5.33e-16	2.28e-13	4.15e-11	3.17e-09	1.36e-07	3.38e-06	7.42e-05	1.51e-03	6.52e-02	3.53e-01	5.80e-01
 2.18205e+22	0.00e+00	0.00e+00	2.93e-30	2.48e-26	1.10e-22	3.38e-19	7.76e-16	3.19e-13	5.57e-11	4.10e-09	1.69e-07	4.05e-06	8.52e-05	1.67e-03	6.90e-02	3.60e-01	5.69e-01
 2.19339e+22	0.00e+00	1.24e-34	5.16e-30	4.14e-26	1.75e-22	5.09e-19	1.13e-15	4.45e-13	7.46e-11	5.29e-09	2.10e-07	4.85e-06	9.76e-05	1.84e-03	7.30e-02	3.66e-01	5.59e-01
 2.20477e+22	0.00e+00	0.00e+00	9.02e-30	6.89e-26	2.76e-22	7.61e-19	1.63e-15	6.17e-13	9.96e-11	6.80e-09	2.61e-07	5.81e-06	1.12e-04	2.02e-03	7.72e-02	3.73e-01	5.48e-01
 2.21620e+22	0.00e+00	4.14e-34	1.57e-29	1.14e-25	4.35e-22	1.13e-18	2.34e-15	8.54e-13	1.33e-10	8.72e-09	3.23e-07	6.94e-06	1.28e-04	2.23e-03	8.16e-02	3.79e-01	5.37e-01
 2.22774e+22	0.00e+00	7.53e-34	2.72e-29	1.88e-25	6.80e-22	1.68e-18	3.36e-15	1.18e-12	1.76e-10	1.12e-08	4.00e-07	8.29e-06	1.46e-04	2.45e-03	8.62e-02	3.86e-01	5.26e-01
 2.23939e+22	0.00e+00	1.36e-33	4.71e-29	3.09e-25	1.06e-21	2.49e-18	4.80e-15	1.62e-12	2.34e-10	1.43e-08	4.94e-07	9.90e-06	1.67e-04	2.70e-03	9.10e-02	3.92e-01	5.14e-01
 2.25117e+22	0.00e+00	2.46e-33	8.11e-29	5.06e-25	1.65e-21	3.66e-18	6.84e-15	2.23e-12	3.09e-10	1.83e-08	6.11e-07	1.18e-05	1.91e-04	2.97e-03	9.60e-02	3.98e-01	5.03e-01
 2.26313e+22	0.00e+00	4.43e-33	1.39e-28	8.26e-25	2.56e-21	5.38e-18	9.72e-15	3.05e-12	4.09e-10	2.33e-08	7.54e-07	1.41e-05	2.18e-04	3.26e-03	1.01e-01	4.04e-01	4.92e-01
 2.27530e+22	0.00e+00	7.95e-33	2.39e-28	1.35e-24	3.95e-21	7.88e-18	1.38e-14	4.18e-12	5.39e-10	2.97e-08	9.31e-07	1.68e-05	2.48e-04	3.58e-03	1.07e-01	4.09e-01	4.80e-01
 2.28771e+22	0.00e+00	1.43e-32	4.08e-28	2.19e-24	6.10e-21	1.15e-17	1.95e-14	5.71e-12	7.11e-10	3.78e-08	1.15e-06	2.00e-05	2.84e-04	3.94e-03	1.13e-01	4.15e-01	4.68e-01
 2.30041e+22	0.00e+00	2.55e-32	6.99e-28	3.56e-24	9.40e-21	1.68e-17	2.76e-14	7.80e-12	9.38e-10	4.82e-08	1.42e-06	2.39e-05	3.24e-04	4.33e-03	1.19e-01	4.20e-01	4.56e-01
 2.31283e+22	0.00e+00	4.34e-32	1.14e-27	5.53e-24	1.39e-20	2.37e-17	3.79e-14	1.04e-11	1.21e-09	6.01e-08	1.72e-06	2.81e-05	3.66e-04	4.72e-03	1.24e-01	4.25e-01	4.45e-01
 2.32563e+22	0.00e+00	7.78e-32	1.95e-27	8.99e-24	2.15e-20	3.46e-17	5.37e-14	1.42e-11	1.59e-09	7.67e-08	2.13e-06	3.36e-05	4.18e-04	5.18e-03	1.31e-01	4.30e-01	4.33e-01
 2.33864e+22	0.00e+00	1.31e-31	3.14e-27	1.38e-23	3.16e-20	4.84e-17	7.31e-14	1.87e-11	2.04e-09	9.53e-08	2.57e-06	3.94e-05	4.71e-04	5.64e-03	1.37e-01	4.34e-01	4.22e-01
 2.35209e+22	0.00e+00	2.36e-31	5.40e-27	2.26e-23	4.89e-20	7.09e-17	1.04e-13	2.57e-11	2.70e-09	1.22e-07	3.19e-06	4.72e-05	5.40e-04	6.20e-03	1.45e-01	4.39e-01	4.10e-01
 2.36578e+22	0.00e+00	3.93e-31	8.65e-27	3.46e-23	7.13e-20	9.85e-17	1.41e-13	3.38e-11	3.45e-09	1.51e-07	3.85e-06	5.53e-05	6.08e-04	6.74e-03	1.51e-01	4.43e-01	3.99e-01
 2.37995e+22	0.00e+00	7.14e-31	1.50e-26	5.69e-23	1.11e-19	1.45e-16	2.01e-13	4.66e-11	4.60e-09	1.95e-07	4.80e-06	6.65e-05	6.98e-04	7.42e-03	1.59e-01	4.47e-01	3.86e-01
 2.39441e+22	0.00e+00	1.18e-30	2.38e-26	8.66e-23	1.61e-19	2.01e-16	2.71e-13	6.12e-11	5.86e-09	2.41e-07	5.79e-06	7.79e-05	7.85e-04	8.05e-03	1.67e-01	4.50e-01	3.75e-01
 2.40771e+22	0.00e+00	1.92e-30	3.73e-26	1.30e-22	2.31e-19	2.74e-16	3.62e-13	7.95e-11	7.41e-09	2.96e-07	6.94e-06	9.06e-05	8.79e-04	8.71e-03	1.74e-01	4.52e-01	3.64e-01
 2.42287e+22	0.00e+00	3.54e-30	6.55e-26	2.16e-22	3.64e-19	4.07e-16	5.23e-13	1.11e-10	9.97e-09	3.85e-07	8.72e-06	1.10e-04	1.01e-03	9.61e-03	1.83e-01	4.56e-01	3.51e-01
 2.43816e+22	0.00e+00	5.67e-30	1.01e-25	3.20e-22	5.16e-19	5.51e-16	6.93e-13	1.43e-10	1.25e-08	4.71e-07	1.04e-05	1.27e-04	1.13e-03	1.04e-02	1.90e-01	4.58e-01	3.40e-01
 2.45363e+22	0.00e+00	1.03e-29	1.75e-25	5.26e-22	8.05e-19	8.10e-16	9.91e-13	1.98e-10	1.68e-08	6.09e-07	1.30e-05	1.54e-04	1.30e-03	1.14e-02	2.00e-01	4.60e-01	3.27e-01
 2.46915e+22	0.00e+00	1.62e-29	2.67e-25	7.69e-22	1.13e-18	1.09e-15	1.30e-12	2.54e-10	2.09e-08	7.41e-07	1.55e-05	1.77e-04	1.45e-03	1.23e-02	2.08e-01	4.61e-01	3.17e-01
 2.48472e+22	0.00e+00	2.92e-29	4.58e-25	1.25e-21	1.74e-18	1.58e-15	1.85e-12	3.49e-10	2.79e-08	9.53e-07	1.93e-05	2.13e-04	1.66e-03	1.34e-02	2.18e-01	4.62e-01	3.05e-01
 2.50056e+22	0.00e+00	4.55e-29	6.90e-25	1.82e-21	2.43e-18	2.11e-15	2.42e-12	4.46e-10	3.47e-08	1.16e-06	2.29e-05	2.46e-04	1.85e-03	1.44e-02	2.26e-01	4.63e-01	2.95e-01
 2.51674e+22	0.00e+00	8.23e-29	1.19e-24	2.98e-21	3.77e-18	3.09e-15	3.45e-12	6.17e-10	4.64e-08	1.49e-06	2.86e-05	2.96e-04	2.12e-03	1.58e-02	2.36e-01	4.63e-01	2.82e-01
 2.53288e+22	0.00e+00	1.25e-28	1.76e-24	4.25e-21	5.17e-18	4.07e-15	4.47e-12	7.79e-10	5.73e-08	1.80e-06	3.37e-05	3.39e-04	2.34e-03	1.69e-02	2.44e-01	4.63e-01	2.73e-01
 2.54895e+22	0.00e+00	2.20e-28	2.95e-24	6.78e-21	7.83e-18	5.83e-15	6.26e-12	1.06e-09	7.56e-08	2.30e-06	4.17e-05	4.05e-04	2.67e-03	1.84e-02	2.55e-01	4.62e-01	2.61e-01
 2.56539e+22	0.00e+00	3.44e-28	4.46e-24	9.86e-21	1.09e-17	7.79e-15	8.21e-12	1.36e-09	9.44e-08	2.79e-06	4.95e-05	4.67e-04	2.97e-03	1.97e-02	2.64e-01	4.62e-01	2.52e-01
 2.58230e+22	0.00e+00	6.13e-28	7.61e-24	1.60e-20	1.68e-17	1.13e-14	1.16e-11	1.87e-09	1.26e-07	3.60e-06	6.18e-05	5.61e-04	3.40e-03	2.16e-02	2.75e-01	4.60e-01	2.40e-01
 2.59925e+22	0.00e+00	9.47e-28	1.14e-23	2.30e-20	2.32e-17	1.49e-14	1.51e-11	2.38e-09	1.56e-07	4.36e-06	7.30e-05	6.44e-04	3.76e-03	2.30e-02	2.84e-01	4.58e-01	2.31e-01
 2.61623e+22	0.00e+00	1.68e-27	1.93e-23	3.70e-20	3.55e-17	2.15e-14	2.14e-11	3.26e-09	2.08e-07	5.60e-06	9.09e-05	7.73e-04	4.29e-03	2.51e-02	2.95e-01	4.55e-01	2.19e-01
 2.63351e+22	0.00e+00	2.63e-27	2.91e-23	5.38e-20	4.94e-17	2.87e-14	2.80e-11	4.18e-09	2.60e-07	6.82e-06	1.08e-04	8.90e-04	4.76e-03	2.68e-02	3.04e-01	4.53e-01	2.11e-01
 2.65120e+22	0.00e+00	4.72e-27	5.01e-23	8.77e-20	7.63e-17	4.16e-14	3.98e-11	5.78e-09	3.48e-07	8.82e-06	1.35e-04	1.07e-03	5.45e-03	2.92e-02	3.16e-01	4.49e-01	1.99e-01
 2.66913e+22	0.00e+00	7.47e-27	7.65e-23	1.29e-19	1.07e-16	5.57e-14	5.25e-11	7.45e-09	4.38e-07	1.08e-05	1.61e-04	1.24e-03	6.05e-03	3.12e-02	3.26e-01	4.45e-01	1.90e-01
 2.68471e+22	0.00e+00	1.17e-26	1.15e-22	1.86e-19	1.48e-16	7.37e-14	6.86e-11	9.52e-09	5.47e-07	1.31e-05	1.91e-04	1.43e-03	6.70e-03	3.33e-02	3.35e-01	4.41e-01	1.82e-01
 2.69941e+22	0.00e+00	1.75e-26	1.68e-22	2.61e-19	2.00e-16	9.53e-14	8.75e-11	1.19e-08	6.71e-07	1.57e-05	2.24e-04	1.62e-03	7.35e-03	3.52e-02	3.43e-01	4.38e-01	1.75e-01
 2.71566e+22	0.00e+00	3.00e-26	2.75e-22	4.06e-19	2.96e-16	1.33e-13	1.20e-10	1.60e-08	8.77e-07	1.99e-05	2.75e-04	1.92e-03	8.30e-03	3.80e-02	3.54e-01	4.32e-01	1.65e-01
 2.73184e+22	0.00e+00	4.50e-26	4.00e-22	5.69e-19	3.98e-16	1.71e-13	1.53e-10	2.00e-08	1.07e-06	2.38e-05	3.21e-04	2.18e-03	9.10e-03	4.02e-02	3.62e-01	4.28e-01	1.58e-01
 2.74494e+22	0.00e+00	6.40e-26	5.52e-22	7.61e-19	5.14e-16	2.13e-13	1.89e-10	2.43e-08	1.28e-06	2.77e-05	3.68e-04	2.44e-03	9.85e-03	4.21e-02	3.69e-01	4.23e-01	1.52e-01
 2.75897e+22	0.00e+00	1.02e-25	8.49e-22	1.12e-18	7.20e-16	2.84e-13	2.49e-10	3.14e-08	1.62e-06	3.41e-05	4.40e-04	2.82e-03	1.09e-02	4.49e-02	3.79e-01	4.18e-01	1.45e-01
 2.77287e+22	0.00e+00	1.45e-25	1.17e-21	1.49e-18	9.27e-16	3.51e-13	3.06e-10	3.81e-08	1.93e-06	3.97e-05	5.03e-04	3.14e-03	1.18e-02	4.70e-02	3.86e-01	4.13e-01	1.39e-01
 2.78414e+22	0.00e+00	1.96e-25	1.54e-21	1.91e-18	1.15e-15	4.23e-13	3.65e-10	4.49e-08	2.24e-06	4.53e-05	5.64e-04	3.45e-03	1.26e-02	4.89e-02	3.92e-01	4.09e-01	1.34e-01
 2.79630e+22	0.00e+00	2.99e-25	2.27e-21	2.69e-18	1.55e-15	5.42e-13	4.66e-10	5.64e-08	2.76e-06	5.45e-05	6.62e-04	3.93e-03	1.39e-02	5.17e-02	4.00e-01	4.03e-01	1.28e-01
 2.80780e+22	0.00e+00	3.94e-25	2.92e-21	3.36e-18	1.88e-15	6.39e-13	5.47e-10	6.55e-08	3.16e-06	6.14e-05	7.35e-04	4.28e-03	1.47e-02	5.35e-02	4.05e-01	3.98e-01	1.23e-01
 2.81843e+22	0.00e+00	5.73e-25	4.10e-21	4.54e-18	2.45e-15	7.94e-13	6.76e-10	8.00e-08	3.80e-06	7.22e-05	8.46e-04	4.80e-03	1.60e-02	5.61e-02	4.12e-01	3.93e-01	1.18e-01
 2.82914e+22	0.00e+00	7.47e-25	5.24e-21	5.65e-18	2.96e-15	9.33e-13	7.91e-10	9.26e-08	4.34e-06	8.12e-05	9.36e-04	5.21e-03	1.69e-02	5.80e-02	4.16e-01	3.88e-01	1.14e-01
 2.83994e+22	0.00e+00	1.09e-24	7.40e-21	7.67e-18	3.85e-15	1.16e-12	9.81e-10	1.14e-07	5.24e-06	9.57e-05	1.08e-03	5.85e-03	1.84e-02	6.08e-02	4.23e-01	3.82e-01	1.09e-01
 2.85044e+22	0.00e+00	1.43e-24	9.44e-21	9.51e-18	4.64e-15	1.36e-12	1.14e-09	1.31e-07	5.98e-06	1.07e-04	1.19e-03	6.35e-03	1.94e-02	6.28e-02	4.27e-01	3.78e-01	1.05e-01
 2.86054e+22	0.00e+00	2.07e-24	1.32e-20	1.28e-17	5.97e-15	1.67e-12	1.41e-09	1.60e-07	7.17e-06	1.26e-04	1.37e-03	7.11e-03	2.10e-02	6.56e-02	4.34e-01	3.71e-01	1.00e-01
 2.87054e+22	0.00e+00	2.67e-24	1.67e-20	1.57e-17	7.13e-15	1.93e-12	1.63e-09	1.83e-07	8.14e-06	1.41e-04	1.51e-03	7.68e-03	2.22e-02	6.76e-02	4.38e-01	3.66e-01	9.69e-02
 2.88042e+22	0.00e+00	3.81e-24	2.30e-20	2.08e-17	9.07e-15	2.36e-12	1.99e-09	2.22e-07	9.69e-06	1.64e-04	1.73e-03	8.55e-03	2.39e-02	7.04e-02	4.43e-01	3.60e-01	9.24e-02
 2.89048e+22	0.00e+00	5.09e-24	2.99e-20	2.62e-17	1.10e-14	2.77e-12	2.33e-09	2.58e-07	1.12e-05	1.86e-04	1.92e-03	9.32e-03	2.54e-02	7.28e-02	4.47e-01	3.54e-01	8.88e-02
 2.89898e+22	0.00e+00	6.53e-24	3.75e-20	3.19e-17	1.31e-14	3.18e-12	2.69e-09	2.95e-07	1.26e-05	2.07e-04	2.11e-03	1.00e-02	2.68e-02	7.49e-02	4.51e-01	3.50e-01	8.58e-02
 2.90823e+22	0.00e+00	9.44e-24	5.22e-20	4.24e-17	1.66e-14	3.85e-12	3.27e-09	3.57e-07	1.51e-05	2.42e-04	2.42e-03	1.12e-02	2.89e-02	7.80e-02	4.55e-01	3.42e-01	8.15e-02
 2.91716e+22	0.00e+00	1.19e-23	6.43e-20	5.10e-17	1.94e-14	4.38e-12	3.73e-09	4.04e-07	1.69e-05	2.67e-04	2.64e-03	1.20e-02	3.03e-02	7.99e-02	4.58e-01	3.38e-01	7.88e-02
 2.92568e+22	0.00e+00	1.64e-23	8.59e-20	6.55e-17	2.39e-14	5.19e-12	4.44e-09	4.79e-07	1.98e-05	3.07e-04	2.97e-03	1.32e-02	3.23e-02	8.27e-02	4.62e-01	3.31e-01	7.52e-02
 2.93451e+22	0.00e+00	2.16e-23	1.10e-19	8.10e-17	2.86e-14	5.99e-12	5.15e-09	5.53e-07	2.26e-05	3.44e-04	3.28e-03	1.43e-02	3.41e-02	8.51e-02	4.65e-01	3.26e-01	7.22e-02
 2.94373e+22	0.00e+00	3.12e-23	1.53e-19	1.08e-16	3.62e-14	7.22e-12	6.27e-09	6.69e-07	2.70e-05	4.03e-04	3.76e-03	1.59e-02	3.67e-02	8.84e-02	4.69e-01	3.18e-01	6.83e-02
 2.95281e+22	0.00e+00	4.04e-23	1.93e-19	1.31e-16	4.28e-14	8.26e-12	7.21e-09	7.66e-07	3.06e-05	4.49e-04	4.13e-03	1.72e-02	3.86e-02	9.07e-02	4.71e-01	3.12e-01	6.57e-02
 2.96170e+22	0.00e+00	5.79e-23	2.65e-19	1.73e-16	5.37e-14	9.88e-12	8.72e-09	9.22e-07	3.64e-05	5.22e-04	4.70e-03	1.90e-02	4.15e-02	9.39e-02	4.74e-01	3.05e-01	6.21e-02
 2.97071e+22	0.00e+00	7.70e-23	3.42e-19	2.15e-16	6.42e-14	1.14e-11	1.01e-08	1.07e-06	4.18e-05	5.89e-04	5.21e-03	2.07e-02	4.38e-02	9.65e-02	4.76e-01	2.98e-01	5.94e-02
 2.97854e+22	0.00e+00	1.02e-22	4.39e-19	2.66e-16	7.64e-14	1.30e-11	1.17e-08	1.24e-06	4.79e-05	6.62e-04	5.76e-03	2.24e-02	4.62e-02	9.91e-02	4.77e-01	2.92e-01	5.68e-02
 2.98737e+22	0.00e+00	1.48e-22	6.11e-19	3.51e-16	9.59e-14	1.56e-11	1.42e-08	1.49e-06	5.72e-05	7.72e-04	6.57e-03	2.48e-02	4.96e-02	1.02e-01	4.79e-01	2.84e-01	5.34e-02
 2.99615e+22	3.13e-35	1.97e-22	7.85e-19	4.34e-16	1.14e-13	1.78e-11	1.65e-08	1.73e-06	6.55e-05	8.69e-04	7.27e-03	2.69e-02	5.23e-02	1.05e-01	4.80e-01	2.77e-01	5.09e-02
 3.00485e+22	4.97e-35	2.87e-22	1.10e-18	5.75e-16	1.43e-13	2.11e-11	2.00e-08	2.09e-06	7.83e-05	1.01e-03	8.30e-03	2.98e-02	5.61e-02	1.08e-01	4.80e-01	2.68e-01	4.78e-02
 3.01365e+22	7.19e-35	3.87e-22	1.43e-18	7.17e-16	1.71e-13	2.42e-11	2.33e-08	2.43e-06	9.03e-05	1.15e-03	9.21e-03	3.24e-02	5.92e-02	1.11e-01	4.80e-01	2.61e-01	4.53e-02
 3.02118e+22	1.02e-34	5.16e-22	1.84e-18	8.85e-16	2.02e-13	2.75e-11	2.69e-08	2.81e-06	1.03e-04	1.29e-03	1.02e-02	3.50e-02	6.23e-02	1.14e-01	4.80e-01	2.55e-01	4.31e-02
 3.02956e+22	1.63e-34	7.54e-22	2.56e-18	1.17e-15	2.51e-13	3.24e-11	3.25e-08	3.40e-06	1.23e-04	1.50e-03	1.16e-02	3.87e-02	6.66e-02	1.17e-01	4.79e-01	2.46e-01	4.02e-02
 3.03785e+22	2.31e-34	1.00e-21	3.29e-18	1.44e-15	2.96e-13	3.67e-11	3.75e-08	3.91e-06	1.41e-04	1.68e-03	1.27e-02	4.18e-02	7.00e-02	1.19e-01	4.77e-01	2.39e-01	3.81e-02
 3.04602e+22	3.65e-34	1.45e-21	4.55e-18	1.88e-15	3.65e-13	4.29e-11	4.50e-08	4.70e-06	1.68e-04	1.95e-03	1.44e-02	4.60e-02	7.45e-02	1.22e-01	4.75e-01	2.30e-01	3.55e-02
 3.05434e+22	5.21e-34	1.95e-21	5.86e-18	2.32e-15	4.31e-13	4.86e-11	5.20e-08	5.43e-06	1.92e-04	2.18e-03	1.59e-02	4.96e-02	7.82e-02	1.25e-01	4.73e-01	2.23e-01	3.35e-02
 3.06284e+22	8.31e-34	2.85e-21	8.18e-18	3.05e-15	5.34e-13	5.69e-11	6.26e-08	6.55e-06	2.28e-04	2.53e-03	1.80e-02	5.46e-02	8.32e-02	1.28e-01	4.69e-01	2.13e-01	3.11e-02
 3.07151e+22	1.21e-33	3.88e-21	1.07e-17	3.79e-15	6.34e-13	6.46e-11	7.27e-08	7.61e-06	2.63e-04	2.85e-03	1.98e-02	5.89e-02	8.73e-02	1.30e-01	4.66e-01	2.06e-01	2.92e-02
 3.07917e+22	1.74e-33	5.24e-21	1.39e-17	4.70e-15	7.48e-13	7.30e-11	8.39e-08	8.80e-06	3.01e-04	3.19e-03	2.18e-02	6.34e-02	9.14e-02	1.32e-01	4.62e-01	1.99e-01	2.74e-02
 3.08759e+22	2.72e-33	7.56e-21	1.91e-17	6.10e-15	9.14e-13	8.45e-11	9.99e-08	1.05e-05	3.54e-04	3.67e-03	2.45e-02	6.92e-02	9.65e-02	1.34e-01	4.56e-01	1.90e-01	2.53e-02
 3.09611e+22	3.96e-33	1.03e-20	2.49e-17	7.57e-15	1.08e-12	9.55e-11	1.15e-07	1.21e-05	4.06e-04	4.11e-03	2.69e-02	7.43e-02	1.01e-01	1.36e-01	4.51e-01	1.82e-01	2.37e-02
 3.10458e+22	6.11e-33	1.47e-20	3.39e-17	9.75e-15	1.31e-12	1.10e-10	1.36e-07	1.44e-05	4.74e-04	4.68e-03	2.99e-02	8.06e-02	1.06e-01	1.38e-01	4.44e-01	1.74e-01	2.18e-02
 3.11320e+22	8.91e-33	2.01e-20	4.44e-17	1.21e-14	1.55e-12	1.24e-10	1.58e-07	1.66e-05	5.42e-04	5.23e-03	3.28e-02	8.64e-02	1.11e-01	1.40e-01	4.38e-01	1.66e-01	2.03e-02
 3.12187e+22	1.37e-32	2.87e-20	6.04e-17	1.56e-14	1.88e-12	1.43e-10	1.85e-07	1.96e-05	6.32e-04	5.94e-03	3.63e-02	9.34e-02	1.16e-01	1.41e-01	4.30e-01	1.58e-01	1.86e-02
 3.13069e+22	2.01e-32	3.94e-20	7.94e-17	1.95e-14	2.23e-12	1.62e-10	2.14e-07	2.26e-05	7.21e-04	6.62e-03	3.97e-02	9.99e-02	1.20e-01	1.42e-01	4.22e-01	1.51e-01	1.73e-02
 3.13955e+22	3.06e-32	5.58e-20	1.07e-16	2.48e-14	2.68e-12	1.85e-10	2.49e-07	2.64e-05	8.33e-04	7.45e-03	4.37e-02	1.07e-01	1.26e-01	1.43e-01	4.13e-01	1.43e-01	1.58e-02
 3.14840e+22	4.36e-32	7.51e-20	1.38e-16	3.06e-14	3.15e-12	2.09e-10	2.85e-07	3.02e-05	9.40e-04	8.23e-03	4.73e-02	1.14e-01	1.30e-01	1.44e-01	4.05e-01	1.36e-01	1.47e-02
 3.15768e+22	6.83e-32	1.09e-19	1.91e-16	3.97e-14	3.84e-12	2.41e-10	3.34e-07	3.55e-05	1.09e-03	9.30e-03	5.21e-02	1.22e-01	1.35e-01	1.45e-01	3.94e-01	1.28e-01	1.33e-02
 3.16700e+22	9.72e-32	1.47e-19	2.46e-16	4.88e-14	4.50e-12	2.71e-10	3.79e-07	4.03e-05	1.23e-03	1.02e-02	5.62e-02	1.29e-01	1.39e-01	1.45e-01	3.86e-01	1.21e-01	1.23e-02
 3.17636e+22	1.48e-31	2.09e-19	3.34e-16	6.26e-14	5.44e-12	3.12e-10	4.40e-07	4.69e-05	1.41e-03	1.14e-02	6.13e-02	1.38e-01	1.44e-01	1.45e-01	3.74e-01	1.14e-01	1.11e-02
 3.18606e+22	2.13e-31	2.84e-19	4.36e-16	7.76e-14	6.42e-12	3.53e-10	5.00e-07	5.33e-05	1.58e-03	1.26e-02	6.60e-02	1.45e-01	1.48e-01	1.45e-01	3.64e-01	1.07e-01	1.02e-02
 3.19606e+22	3.24e-31	4.05e-19	5.92e-16	9.97e-14	7.79e-12	4.07e-10	5.79e-07	6.18e-05	1.81e-03	1.40e-02	7.17e-02	1.54e-01	1.52e-01	1.44e-01	3.52e-01	1.00e-01	9.23e-03
 3.20635e+22	4.67e-31	5.52e-19	7.74e-16	1.24e-13	9.22e-12	4.62e-10	6.57e-07	7.01e-05	2.02e-03	1.53e-02	7.69e-02	1.62e-01	1.56e-01	1.43e-01	3.42e-01	9.43e-02	8.42e-03
 3.21704e+22	7.16e-31	7.94e-19	1.06e-15	1.60e-13	1.13e-11	5.37e-10	7.61e-07	8.11e-05	2.31e-03	1.70e-02	8.33e-02	1.71e-01	1.60e-01	1.42e-01	3.29e-01	8.76e-02	7.54e-03
 3.22803e+22	1.03e-30	1.08e-18	1.39e-15	2.00e-13	1.34e-11	6.12e-10	8.61e-07	9.18e-05	2.58e-03	1.86e-02	8.90e-02	1.79e-01	1.63e-01	1.41e-01	3.18e-01	8.20e-02	6.85e-03
 3.23947e+22	1.58e-30	1.56e-18	1.91e-15	2.60e-13	1.64e-11	7.16e-10	9.96e-07	1.06e-04	2.94e-03	2.06e-02	9.60e-02	1.88e-01	1.67e-01	1.39e-01	3.04e-01	7.57e-02	6.10e-03
 3.25124e+22	2.27e-30	2.13e-18	2.50e-15	3.25e-13	1.95e-11	8.18e-10	1.13e-06	1.20e-04	3.27e-03	2.24e-02	1.02e-01	1.96e-01	1.70e-01	1.37e-01	2.93e-01	7.06e-02	5.52e-03
 3.26370e+22	3.56e-30	3.13e-18	3.49e-15	4.28e-13	2.43e-11	9.68e-10	1.31e-06	1.39e-04	3.73e-03	2.48e-02	1.10e-01	2.06e-01	1.73e-01	1.35e-01	2.78e-01	6.45e-02	4.86e-03
 3.27621e+22	5.03e-30	4.22e-18	4.52e-15	5.31e-13	2.88e-11	1.10e-09	1.47e-06	1.55e-04	4.12e-03	2.68e-02	1.16e-01	2.14e-01	1.74e-01	1.33e-01	2.67e-01	6.01e-02	4.39e-03
 3.28894e+22	7.80e-30	6.16e-18	6.29e-15	6.98e-13	3.57e-11	1.30e-09	1.70e-06	1.79e-04	4.67e-03	2.95e-02	1.25e-01	2.23e-01	1.77e-01	1.30e-01	2.53e-01	5.47e-02	3.84e-03
 3.30197e+22	1.10e-29	8.29e-18	8.15e-15	8.66e-13	4.24e-11	1.49e-09	1.90e-06	2.00e-04	5.15e-03	3.18e-02	1.31e-01	2.30e-01	1.78e-01	1.27e-01	2.42e-01	5.07e-02	3.46e-03
 3.31326e+22	1.51e-29	1.09e-17	1.03e-14	1.06e-12	4.97e-11	1.69e-09	2.11e-06	2.21e-04	5.62e-03	3.40e-02	1.37e-01	2.37e-01	1.79e-01	1.25e-01	2.32e-01	4.73e-02	3.13e-03
 3.32583e+22	2.29e-29	1.56e-17	1.42e-14	1.37e-12	6.10e-11	1.98e-09	2.41e-06	2.51e-04	6.30e-03	3.71e-02	1.46e-01	2.45e-01	1.80e-01	1.21e-01	2.19e-01	4.29e-02	2.74e-03
 3.33835e+22	3.05e-29	2.01e-17	1.76e-14	1.65e-12	7.08e-11	2.23e-09	2.66e-06	2.76e-04	6.83e-03	3.94e-02	1.52e-01	2.51e-01	1.80e-01	1.19e-01	2.10e-01	4.01e-02	2.49e-03
 3.35081e+22	4.50e-29	2.81e-17	2.37e-14	2.11e-12	8.61e-11	2.60e-09	3.02e-06	3.11e-04	7.58e-03	4.26e-02	1.60e-01	2.58e-01	1.80e-01	1.15e-01	1.98e-01	3.64e-02	2.19e-03
 3.36361e+22	6.07e-29	3.65e-17	2.98e-14	2.55e-12	1.01e-10	2.94e-09	3.33e-06	3.42e-04	8.22e-03	4.52e-02	1.66e-01	2.63e-01	1.80e-01	1.12e-01	1.89e-01	3.38e-02	1.97e-03
 3.37508e+22	8.12e-29	4.71e-17	3.72e-14	3.08e-12	1.17e-10	3.31e-09	3.67e-06	3.74e-04	8.88e-03	4.79e-02	1.73e-01	2.68e-01	1.79e-01	1.10e-01	1.80e-01	3.14e-02	1.78e-03
 3.38819e+22	1.19e-28	6.58e-17	4.99e-14	3.93e-12	1.42e-10	3.87e-09	4.16e-06	4.21e-04	9.82e-03	5.15e-02	1.81e-01	2.75e-01	1.78e-01	1.06e-01	1.69e-01	2.84e-02	1.55e-03
 3.40122e+22	1.57e-28	8.37e-17	6.17e-14	4.70e-12	1.65e-10	4.34e-09	4.56e-06	4.58e-04	1.06e-02	5.43e-02	1.87e-01	2.79e-01	1.77e-01	1.03e-01	1.61e-01	2.63e-02	1.41e-03
 3.41414e+22	2.27e-28	1.16e-16	8.17e-14	5.95e-12	1.99e-10	5.04e-09	5.13e-06	5.12e-04	1.16e-02	5.82e-02	1.95e-01	2.84e-01	1.76e-01	9.92e-02	1.51e-01	2.38e-02	1.23e-03
 3.42727e+22	2.97e-28	1.46e-16	1.01e-13	7.11e-12	2.30e-10	5.67e-09	5.63e-06	5.57e-04	1.24e-02	6.12e-02	2.01e-01	2.88e-01	1.75e-01	9.63e-02	1.43e-01	2.21e-02	1.11e-03
 3.44065e+22	4.28e-28	2.02e-16	1.33e-13	8.99e-12	2.78e-10	6.60e-09	6.34e-06	6.21e-04	1.36e-02	6.53e-02	2.08e-01	2.92e-01	1.72e-01	9.25e-02	1.34e-01	1.99e-02	9.64e-04
 3.45428e+22	5.63e-28	2.57e-16	1.65e-13	1.08e-11	3.22e-10	7.43e-09	6.96e-06	6.76e-04	1.46e-02	6.86e-02	2.14e-01	2.95e-01	1.71e-01	8.95e-02	1.27e-01	1.83e-02	8.66e-04
 3.46823e+22	8.09e-28	3.54e-16	2.19e-13	1.37e-11	3.91e-10	8.67e-09	7.85e-06	7.53e-04	1.60e-02	7.31e-02	2.22e-01	2.99e-01	1.68e-01	8.56e-02	1.18e-01	1.65e-02	7.49e-04
 3.48242e+22	1.06e-27	4.51e-16	2.71e-13	1.64e-11	4.54e-10	9.79e-09	8.63e-06	8.20e-04	1.72e-02	7.68e-02	2.28e-01	3.01e-01	1.66e-01	8.26e-02	1.12e-01	1.51e-02	6.70e-04
 3.49484e+22	1.39e-27	5.72e-16	3.35e-13	1.96e-11	5.25e-10	1.10e-08	9.46e-06	8.89e-04	1.84e-02	8.04e-02	2.34e-01	3.03e-01	1.63e-01	7.98e-02	1.06e-01	1.39e-02	6.00e-04
 3.50889e+22	1.97e-27	7.77e-16	4.38e-13	2.46e-11	6.34e-10	1.28e-08	1.06e-05	9.86e-04	2.00e-02	8.51e-02	2.41e-01	3.06e-01	1.60e-01	7.61e-02	9.80e-02	1.25e-02	5.20e-04
 3.52291e+22	2.51e-27	9.64e-16	5.32e-13	2.91e-11	7.28e-10	1.43e-08	1.16e-05	1.06e-03	2.12e-02	8.88e-02	2.46e-01	3.07e-01	1.58e-01	7.34e-02	9.28e-02	1.15e-02	4.69e-04
 3.53689e+22	3.53e-27	1.31e-15	6.94e-13	3.64e-11	8.75e-10	1.66e-08	1.30e-05	1.18e-03	2.30e-02	9.38e-02	2.53e-01	3.08e-01	1.54e-01	6.99e-02	8.61e-02	1.03e-02	4.05e-04
 3.55106e+22	4.51e-27	1.62e-15	8.43e-13	4.31e-11	1.01e-09	1.87e-08	1.42e-05	1.27e-03	2.45e-02	9.76e-02	2.58e-01	3.09e-01	1.51e-01	6.73e-02	8.13e-02	9.51e-03	3.64e-04
 3.56550e+22	6.26e-27	2.17e-15	1.09e-12	5.37e-11	1.21e-09	2.16e-08	1.60e-05	1.40e-03	2.65e-02	1.03e-01	2.65e-01	3.09e-01	1.47e-01	6.39e-02	7.53e-02	8.52e-03	3.15e-04
 3.58043e+22	8.14e-27	2.74e-15	1.34e-12	6.43e-11	1.40e-09	2.45e-08	1.76e-05	1.52e-03	2.82e-02	1.07e-01	2.70e-01	3.09e-01	1.44e-01	6.13e-02	7.07e-02	7.78e-03	2.80e-04
 3.59599e+22	1.15e-26	3.73e-15	1.77e-12	8.12e-11	1.70e-09	2.87e-08	1.99e-05	1.69e-03	3.06e-02	1.13e-01	2.76e-01	3.09e-01	1.40e-01	5.78e-02	6.50e-02	6.89e-03	2.40e-04
 3.61182e+22	1.50e-26	4.71e-15	2.18e-12	9.74e-11	1.98e-09	3.25e-08	2.19e-05	1.83e-03	3.26e-02	1.18e-01	2.81e-01	3.08e-01	1.37e-01	5.53e-02	6.09e-02	6.28e-03	2.12e-04
 3.62797e+22	2.13e-26	6.39e-15	2.86e-12	1.23e-10	2.41e-09	3.82e-08	2.48e-05	2.03e-03	3.54e-02	1.24e-01	2.87e-01	3.06e-01	1.32e-01	5.20e-02	5.58e-02	5.55e-03	1.81e-04
 3.64469e+22	2.81e-26	8.18e-15	3.58e-12	1.49e-10	2.84e-09	4.37e-08	2.75e-05	2.22e-03	3.77e-02	1.29e-01	2.92e-01	3.05e-01	1.28e-01	4.94e-02	5.19e-02	5.01e-03	1.59e-04
 3.66214e+22	4.05e-26	1.13e-14	4.76e-12	1.91e-10	3.49e-09	5.18e-08	3.14e-05	2.47e-03	4.10e-02	1.36e-01	2.97e-01	3.02e-01	1.23e-01	4.62e-02	4.72e-02	4.38e-03	1.34e-04
 3.68016e+22	5.43e-26	1.46e-14	6.02e-12	2.34e-10	4.14e-09	5.96e-08	3.51e-05	2.71e-03	4.39e-02	1.41e-01	3.02e-01	3.00e-01	1.19e-01	4.37e-02	4.36e-02	3.93e-03	1.16e-04
 3.69893e+22	7.99e-26	2.05e-14	8.16e-12	3.05e-10	5.16e-09	7.15e-08	4.04e-05	3.03e-03	4.78e-02	1.49e-01	3.07e-01	2.96e-01	1.14e-01	4.05e-02	3.92e-02	3.39e-03	9.62e-05
 3.71775e+22	1.07e-25	2.65e-14	1.03e-11	3.72e-10	6.11e-09	8.22e-08	4.50e-05	3.31e-03	5.10e-02	1.55e-01	3.10e-01	2.93e-01	1.10e-01	3.82e-02	3.62e-02	3.03e-03	8.34e-05
 3.73665e+22	1.56e-25	3.69e-14	1.38e-11	4.82e-10	7.59e-09	9.83e-08	5.17e-05	3.70e-03	5.53e-02	1.62e-01	3.15e-01	2.89e-01	1.05e-01	3.53e-02	3.26e-02	2.62e-03	6.92e-05
 3.75627e+22	2.14e-25	4.89e-14	1.78e-11	6.00e-10	9.13e-09	1.15e-07	5.81e-05	4.07e-03	5.93e-02	1.69e-01	3.18e-01	2.84e-01	1.00e-01	3.30e-02	2.97e-02	2.31e-03	5.89e-05
 3.77686e+22	3.19e-25	6.95e-14	2.44e-11	7.89e-10	1.15e-08	1.39e-07	6.74e-05	4.58e-03	6.45e-02	1.77e-01	3.21e-01	2.79e-01	9.50e-02	3.03e-02	2.64e-02	1.96e-03	4.80e-05
 3.79773e+22	4.42e-25	9.31e-14	3.17e-11	9.89e-10	1.39e-08	1.62e-07	7.61e-05	5.04e-03	6.91e-02	1.84e-01	3.24e-01	2.73e-01	9.06e-02	2.82e-02	2.39e-02	1.72e-03	4.05e-05
 3.81619e+22	6.09e-25	1.24e-13	4.10e-11	1.23e-09	1.67e-08	1.89e-07	8.56e-05	5.53e-03	7.39e-02	1.91e-01	3.26e-01	2.68e-01	8.64e-02	2.62e-02	2.17e-02	1.50e-03	3.42e-05
 3.83740e+22	9.26e-25	1.81e-13	5.74e-11	1.65e-09	2.13e-08	2.31e-07	9.97e-05	6.23e-03	8.04e-02	1.99e-01	3.28e-01	2.61e-01	8.10e-02	2.38e-02	1.91e-02	1.26e-03	2.74e-05
 3.85743e+22	1.22e-24	2.32e-13	7.16e-11	2.00e-09	2.50e-08	2.64e-07	1.10e-04	6.75e-03	8.50e-02	2.05e-01	3.29e-01	2.56e-01	7.75e-02	2.23e-02	1.75e-02	1.12e-03	2.36e-05
 3.87590e+22	1.76e-24	3.24e-13	9.64e-11	2.57e-09	3.10e-08	3.15e-07	1.26e-04	7.49e-03	9.14e-02	2.13e-01	3.29e-01	2.49e-01	7.30e-02	2.04e-02	1.55e-02	9.53e-04	1.92e-05
 3.89464e+22	2.32e-24	4.17e-13	1.21e-10	3.13e-09	3.65e-08	3.61e-07	1.40e-04	8.12e-03	9.65e-02	2.19e-01	3.29e-01	2.44e-01	6.96e-02	1.91e-02	1.42e-02	8.42e-04	1.65e-05
 3.91372e+22	3.42e-24	5.98e-13	1.65e-10	4.09e-09	4.57e-08	4.35e-07	1.61e-04	9.05e-03	1.04e-01	2.26e-01	3.29e-01	2.36e-01	6.52e-02	1.73e-02	1.25e-02	7.08e-04	1.32e-05
 3.93284e+22	5.29e-24	7.79e-13	2.09e-10	5.00e-09	5.41e-08	5.01e-07	1.79e-04	9.82e-03	1.10e-01	2.32e-01	3.28e-01	2.31e-01	6.19e-02	1.61e-02	1.13e-02	6.21e-04	1.12e-05
 3.95201e+22	7.78e-24	1.12e-12	2.88e-10	6.57e-09	6.79e-08	6.05e-07	2.07e-04	1.09e-02	1.18e-01	2.40e-01	3.26e-01	2.23e-01	5.77e-02	1.46e-02	9.90e-03	5.18e-04	8.95e-06
 3.97137e+22	1.04e-23	1.48e-12	3.67e-10	8.08e-09	8.10e-08	7.01e-07	2.31e-04	1.19e-02	1.24e-01	2.45e-01	3.24e-01	2.16e-01	5.45e-02	1.35e-02	8.93e-03	4.51e-04	7.51e-06
 3.99098e+22	1.53e-23	2.16e-12	5.08e-10	1.07e-08	1.02e-07	8.54e-07	2.67e-04	1.33e-02	1.34e-01	2.53e-01	3.21e-01	2.08e-01	5.05e-02	1.21e-02	7.75e-03	3.73e-04	5.92e-06
 4.01085e+22	2.06e-23	2.90e-12	6.58e-10	1.33e-08	1.23e-07	1.00e-06	3.01e-04	1.45e-02	1.41e-01	2.58e-01	3.18e-01	2.01e-01	4.74e-02	1.11e-02	6.92e-03	3.20e-04	4.89e-06
 4.03105e+22	3.06e-23	4.31e-12	9.27e-10	1.79e-08	1.58e-07	1.23e-06	3.52e-04	1.64e-02	1.52e-01	2.65e-01	3.14e-01	1.93e-01	4.36e-02	9.93e-03	5.94e-03	2.61e-04	3.79e-06
 4.05147e+22	4.15e-23	5.88e-12	1.21e-09	2.25e-08	1.93e-07	1.46e-06	3.99e-04	1.79e-02	1.61e-01	2.71e-01	3.10e-01	1.85e-01	4.07e-02	9.05e-03	5.26e-03	2.22e-04	3.09e-06
 4.07180e+22	6.06e-23	8.75e-12	1.70e-09	3.02e-08	2.48e-07	1.81e-06	4.69e-04	2.02e-02	1.73e-01	2.77e-01	3.04e-01	1.76e-01	3.72e-02	8.03e-03	4.49e-03	1.79e-04	2.37e-06
 4.09110e+22	7.86e-23	1.15e-11	2.16e-09	3.71e-08	2.96e-07	2.11e-06	5.26e-04	2.20e-02	1.81e-01	2.81e-01	2.99e-01	1.70e-01	3.48e-02	7.37e-03	4.01e-03	1.54e-04	1.96e-06
 4.10943e+22	1.10e-22	1.66e-11	2.96e-09	4.89e-08	3.76e-07	2.60e-06	6.13e-04	2.46e-02	1.93e-01	2.86e-01	2.92e-01	1.61e-01	3.18e-02	6.57e-03	3.44e-03	1.26e-04	1.52e-06
 4.12814e+22	1.43e-22	2.22e-11	3.80e-09	6.08e-08	4.55e-07	3.07e-06	6.95e-04	2.70e-02	2.03e-01	2.89e-01	2.87e-01	1.55e-01	2.96e-02	5.97e-03	3.03e-03	1.07e-04	1.24e-06
 4.14617e+22	1.92e-22	3.13e-11	5.08e-09	7.88e-08	5.71e-07	3.75e-06	8.07e-04	3.01e-02	2.15e-01	2.93e-01	2.79e-01	1.47e-01	2.70e-02	5.32e-03	2.61e-03	8.74e-05	9.69e-07
 4.16467e+22	2.48e-22	4.24e-11	6.60e-09	9.94e-08	7.01e-07	4.50e-06	9.24e-04	3.32e-02	2.27e-01	2.96e-01	2.72e-01	1.39e-01	2.48e-02	4.79e-03	2.27e-03	7.28e-05	7.73e-07
 4.18251e+22	3.20e-22	5.79e-11	8.62e-09	1.26e-07	8.69e-07	5.45e-06	1.07e-03	3.67e-02	2.39e-01	2.98e-01	2.64e-01	1.32e-01	2.27e-02	4.28e-03	1.96e-03	6.00e-05	6.09e-07
 4.20020e+22	4.05e-22	7.73e-11	1.11e-08	1.59e-07	1.06e-06	6.54e-06	1.22e-03	4.05e-02	2.51e-01	3.00e-01	2.57e-01	1.25e-01	2.08e-02	3.83e-03	1.70e-03	4.98e-05	4.84e-07
 4.21769e+22	5.09e-22	1.03e-10	1.42e-08	2.00e-07	1.31e-06	7.90e-06	1.41e-03	4.48e-02	2.63e-01	3.01e-01	2.48e-01	1.18e-01	1.89e-02	3.41e-03	1.46e-03	4.10e-05	3.81e-07
 4.23510e+22	6.29e-22	1.36e-10	1.81e-08	2.49e-07	1.60e-06	9.49e-06	1.61e-03	4.93e-02	2.76e-01	3.02e-01	2.40e-01	1.11e-01	1.72e-02	3.04e-03	1.26e-03	3.39e-05	3.01e-07
 4.25220e+22	7.70e-22	1.78e-10	2.28e-08	3.10e-07	1.96e-06	1.14e-05	1.85e-03	5.42e-02	2.88e-01	3.02e-01	2.31e-01	1.04e-01	1.57e-02	2.71e-03	1.09e-03	2.79e-05	2.38e-07
 4.26924e+22	9.34e-22	2.30e-10	2.86e-08	3.84e-07	2.38e-06	1.37e-05	2.11e-03	5.96e-02	3.00e-01	3.01e-01	2.22e-01	9.73e-02	1.42e-02	2.40e-03	9.35e-04	2.30e-05	1.88e-07
 4.28629e+22	1.12e-21	2.96e-10	3.56e-08	4.75e-07	2.89e-06	1.64e-05	2.41e-03	6.54e-02	3.13e-01	3.00e-01	2.13e-01	9.09e-02	1.29e-02	2.13e-03	8.02e-04	1.88e-05	1.47e-07
 4.30342e+22	1.34e-21	3.77e-10	4.42e-08	5.85e-07	3.51e-06	1.96e-05	2.76e-03	7.17e-02	3.25e-01	2.98e-01	2.04e-01	8.47e-02	1.16e-02	1.88e-03	6.85e-04	1.54e-05	0.00e+00
 4.32069e+22	1.60e-21	4.77e-10	5.46e-08	7.19e-07	4.26e-06	2.35e-05	3.15e-03	7.85e-02	3.37e-01	2.95e-01	1.95e-01	7.86e-02	1.04e-02	1.65e-03	5.84e-04	1.26e-05	0.00e+00
 4.33818e+22	1.89e-21	6.00e-10	6.73e-08	8.82e-07	5.15e-06	2.81e-05	3.59e-03	8.58e-02	3.49e-01	2.92e-01	1.85e-01	7.28e-02	9.34e-03	1.45e-03	4.96e-04	1.02e-05	0.00e+00
 4.35596e+22	2.24e-21	7.50e-10	8.25e-08	1.08e-06	6.23e-06	3.37e-05	4.10e-03	9.38e-02	3.61e-01	2.88e-01	1.76e-01	6.71e-02	8.34e-03	1.26e-03	4.19e-04	8.26e-06	0.00e+00
 4.37390e+22	2.64e-21	9.29e-10	1.01e-07	1.32e-06	7.51e-06	4.02e-05	4.66e-03	1.02e-01	3.72e-01	2.84e-01	1.67e-01	6.18e-02	7.43e-03	1.10e-03	3.54e-04	6.67e-06	0.00e+00
 4.39221e+22	3.06e-21	1.15e-09	1.23e-07	1.61e-06	9.07e-06	4.82e-05	5.31e-03	1.11e-01	3.83e-01	2.79e-01	1.57e-01	5.65e-02	6.58e-03	9.49e-04	2.96e-04	5.34e-06	0.00e+00
 4.41062e+22	3.59e-21	1.40e-09	1.48e-07	1.95e-06	1.09e-05	5.73e-05	6.01e-03	1.21e-01	3.93e-01	2.74e-01	1.48e-01	5.18e-02	5.84e-03	8.23e-04	2.50e-04	4.30e-06	0.00e+00
 4.42953e+22	4.26e-21	1.71e-09	1.80e-07	2.38e-06	1.31e-05	6.88e-05	6.85e-03	1.31e-01	4.03e-01	2.68e-01	1.39e-01	4.70e-02	5.13e-03	7.04e-04	2.07e-04	3.40e-06	0.00e+00
