#depth	O	O+	O+2	O+3	O+4	O+5	O+6	O+7	O+8	O[1]	O[2]	O[3]
 4.62852e+21	0.00e+00	0.00e+00	1.61e-30	4.64e-24	3.60e-18	8.09e-13	3.32e-08	1.83e-04	1.00e+00	0.00e+00	0.00e+00	0.00e+00
 1.02731e+22	0.00e+00	8.51e-36	9.90e-29	1.36e-22	5.26e-17	5.83e-12	1.20e-07	3.37e-04	1.00e+00	0.00e+00	0.00e+00	0.00e+00
 1.16831e+22	0.00e+00	6.29e-35	5.38e-28	5.42e-22	1.56e-16	1.30e-11	2.03e-07	4.33e-04	1.00e+00	0.00e+00	0.00e+00	0.00e+00
 1.22740e+22	0.00e+00	1.74e-34	1.27e-27	1.10e-21	2.71e-16	1.95e-11	2.65e-07	4.92e-04	1.00e+00	0.00e+00	0.00e+00	0.00e+00
 1.25695e+22	0.00e+00	2.91e-34	1.96e-27	1.56e-21	3.58e-16	2.39e-11	3.03e-07	5.24e-04	9.99e-01	0.00e+00	0.00e+00	0.00e+00
 1.27443e+22	0.00e+00	4.34e-34	2.75e-27	2.06e-21	4.45e-16	2.80e-11	3.37e-07	5.52e-04	9.99e-01	0.00e+00	0.00e+00	0.00e+00
 1.28962e+22	0.00e+00	6.46e-34	3.85e-27	2.71e-21	5.51e-16	3.28e-11	3.73e-07	5.80e-04	9.99e-01	0.00e+00	0.00e+00	0.00e+00
 1.30471e+22	0.00e+00	9.57e-34	5.36e-27	3.56e-21	6.81e-16	3.84e-11	4.14e-07	6.09e-04	9.99e-01	0.00e+00	0.00e+00	0.00e+00
 1.31967e+22	0.00e+00	1.42e-33	7.46e-27	4.66e-21	8.42e-16	4.48e-11	4.59e-07	6.41e-04	9.99e-01	0.00e+00	0.00e+00	0.00e+00
 1.33451e+22	0.00e+00	2.09e-33	1.04e-26	6.10e-21	1.04e-15	5.23e-11	5.09e-07	6.73e-04	9.99e-01	0.00e+00	0.00e+00	0.00e+00
 1.34923e+22	0.00e+00	3.09e-33	1.44e-26	7.96e-21	1.28e-15	6.10e-11	5.63e-07	7.07e-04	9.99e-01	0.00e+00	0.00e+00	0.00e+00
 1.36383e+22	0.00e+00	4.50e-33	1.98e-26	1.04e-20	1.57e-15	7.10e-11	6.23e-07	7.43e-04	9.99e-01	0.00e+00	0.00e+00	0.00e+00
 1.37832e+22	0.00e+00	6.61e-33	2.73e-26	1.35e-20	1.93e-15	8.26e-11	6.90e-07	7.80e-04	9.99e-01	0.00e+00	0.00e+00	0.00e+00
 1.39271e+22	0.00e+00	9.69e-33	3.77e-26	1.76e-20	2.37e-15	9.60e-11	7.63e-07	8.19e-04	9.99e-01	0.00e+00	0.00e+00	0.00e+00
 1.40699e+22	0.00e+00	1.42e-32	5.19e-26	2.28e-20	2.91e-15	1.11e-10	8.43e-07	8.60e-04	9.99e-01	0.00e+00	0.00e+00	0.00e+00
 1.42118e+22	0.00e+00	2.07e-32	7.14e-26	2.96e-20	3.56e-15	1.29e-10	9.31e-07	9.03e-04	9.99e-01	0.00e+00	0.00e+00	0.00e+00
 1.43528e+22	0.00e+00	3.01e-32	9.80e-26	3.83e-20	4.35e-15	1.50e-10	1.03e-06	9.48e-04	9.99e-01	0.00e+00	0.00e+00	0.00e+00
 1.44930e+22	0.00e+00	4.38e-32	1.34e-25	4.94e-20	5.31e-15	1.73e-10	1.13e-06	9.95e-04	9.99e-01	0.00e+00	0.00e+00	0.00e+00
 1.46323e+22	0.00e+00	6.35e-32	1.84e-25	6.37e-20	6.47e-15	2.01e-10	1.25e-06	1.04e-03	9.99e-01	0.00e+00	0.00e+00	0.00e+00
 1.47708e+22	0.00e+00	9.20e-32	2.51e-25	8.21e-20	7.88e-15	2.32e-10	1.38e-06	1.10e-03	9.99e-01	0.00e+00	0.00e+00	0.00e+00
 1.49086e+22	0.00e+00	1.33e-31	3.41e-25	1.06e-19	9.58e-15	2.67e-10	1.52e-06	1.15e-03	9.99e-01	0.00e+00	0.00e+00	0.00e+00
 1.50457e+22	0.00e+00	1.92e-31	4.64e-25	1.35e-19	1.16e-14	3.08e-10	1.67e-06	1.21e-03	9.99e-01	0.00e+00	0.00e+00	0.00e+00
 1.51821e+22	0.00e+00	2.76e-31	6.31e-25	1.74e-19	1.41e-14	3.55e-10	1.84e-06	1.27e-03	9.99e-01	0.00e+00	0.00e+00	0.00e+00
 1.53179e+22	0.00e+00	3.97e-31	8.55e-25	2.22e-19	1.71e-14	4.08e-10	2.02e-06	1.33e-03	9.99e-01	0.00e+00	0.00e+00	0.00e+00
 1.54531e+22	0.00e+00	5.70e-31	1.16e-24	2.84e-19	2.06e-14	4.69e-10	2.23e-06	1.39e-03	9.99e-01	0.00e+00	0.00e+00	0.00e+00
 1.55878e+22	0.00e+00	8.17e-31	1.56e-24	3.62e-19	2.49e-14	5.38e-10	2.45e-06	1.46e-03	9.99e-01	0.00e+00	0.00e+00	0.00e+00
 1.57219e+22	0.00e+00	1.17e-30	2.11e-24	4.62e-19	3.00e-14	6.17e-10	2.69e-06	1.53e-03	9.98e-01	0.00e+00	0.00e+00	0.00e+00
 1.58555e+22	0.00e+00	1.67e-30	2.84e-24	5.88e-19	3.62e-14	7.07e-10	2.95e-06	1.61e-03	9.98e-01	0.00e+00	0.00e+00	0.00e+00
 1.59885e+22	0.00e+00	2.37e-30	3.82e-24	7.46e-19	4.35e-14	8.08e-10	3.23e-06	1.68e-03	9.98e-01	0.00e+00	0.00e+00	0.00e+00
 1.61184e+22	0.00e+00	3.33e-30	5.07e-24	9.38e-19	5.18e-14	9.19e-10	3.53e-06	1.76e-03	9.98e-01	0.00e+00	0.00e+00	0.00e+00
 1.62479e+22	0.00e+00	4.72e-30	6.80e-24	1.19e-18	6.21e-14	1.05e-09	3.87e-06	1.85e-03	9.98e-01	0.00e+00	0.00e+00	0.00e+00
 1.63790e+22	0.00e+00	6.67e-30	9.07e-24	1.50e-18	7.43e-14	1.19e-09	4.24e-06	1.94e-03	9.98e-01	0.00e+00	0.00e+00	0.00e+00
 1.65096e+22	0.00e+00	9.43e-30	1.21e-23	1.89e-18	8.88e-14	1.36e-09	4.64e-06	2.03e-03	9.98e-01	0.00e+00	0.00e+00	0.00e+00
 1.66405e+22	0.00e+00	1.33e-29	1.61e-23	2.38e-18	1.06e-13	1.55e-09	5.07e-06	2.13e-03	9.98e-01	0.00e+00	0.00e+00	0.00e+00
 1.67702e+22	0.00e+00	1.87e-29	2.14e-23	2.99e-18	1.26e-13	1.75e-09	5.54e-06	2.23e-03	9.98e-01	0.00e+00	0.00e+00	0.00e+00
 1.68995e+22	0.00e+00	2.63e-29	2.85e-23	3.76e-18	1.50e-13	1.99e-09	6.05e-06	2.34e-03	9.98e-01	0.00e+00	0.00e+00	0.00e+00
 1.70293e+22	0.00e+00	3.69e-29	3.77e-23	4.71e-18	1.78e-13	2.25e-09	6.60e-06	2.45e-03	9.98e-01	0.00e+00	0.00e+00	0.00e+00
 1.71586e+22	0.00e+00	5.17e-29	5.00e-23	5.90e-18	2.12e-13	2.55e-09	7.20e-06	2.57e-03	9.97e-01	0.00e+00	0.00e+00	0.00e+00
 1.72816e+22	5.97e-36	7.01e-29	6.43e-23	7.22e-18	2.47e-13	2.84e-09	7.78e-06	2.68e-03	9.97e-01	0.00e+00	0.00e+00	0.00e+00
 1.74045e+22	8.81e-36	9.78e-29	8.49e-23	9.01e-18	2.92e-13	3.21e-09	8.48e-06	2.80e-03	9.97e-01	0.00e+00	0.00e+00	0.00e+00
 1.75293e+22	1.27e-35	1.34e-28	1.10e-22	1.11e-17	3.41e-13	3.59e-09	9.18e-06	2.93e-03	9.97e-01	0.00e+00	0.00e+00	0.00e+00
 1.76539e+22	1.86e-35	1.86e-28	1.45e-22	1.38e-17	4.02e-13	4.04e-09	9.98e-06	3.07e-03	9.97e-01	0.00e+00	0.00e+00	0.00e+00
 1.77802e+22	2.70e-35	2.56e-28	1.88e-22	1.70e-17	4.72e-13	4.52e-09	1.08e-05	3.21e-03	9.97e-01	0.00e+00	0.00e+00	0.00e+00
 1.79022e+22	3.86e-35	3.47e-28	2.43e-22	2.08e-17	5.49e-13	5.03e-09	1.17e-05	3.35e-03	9.97e-01	0.00e+00	0.00e+00	0.00e+00
 1.80259e+22	5.64e-35	4.80e-28	3.17e-22	2.57e-17	6.44e-13	5.64e-09	1.27e-05	3.51e-03	9.96e-01	0.00e+00	0.00e+00	0.00e+00
 1.81452e+22	7.84e-35	6.36e-28	4.00e-22	3.10e-17	7.39e-13	6.21e-09	1.36e-05	3.66e-03	9.96e-01	0.00e+00	0.00e+00	0.00e+00
 1.82646e+22	1.14e-34	8.78e-28	5.22e-22	3.82e-17	8.64e-13	6.94e-09	1.47e-05	3.83e-03	9.96e-01	0.00e+00	0.00e+00	0.00e+00
 1.83857e+22	1.60e-34	1.17e-27	6.62e-22	4.61e-17	9.94e-13	7.66e-09	1.58e-05	3.99e-03	9.96e-01	0.00e+00	0.00e+00	0.00e+00
 1.85062e+22	2.32e-34	1.61e-27	8.60e-22	5.67e-17	1.16e-12	8.52e-09	1.71e-05	4.18e-03	9.96e-01	0.00e+00	0.00e+00	0.00e+00
 1.86287e+22	3.29e-34	2.16e-27	1.10e-21	6.87e-17	1.34e-12	9.40e-09	1.84e-05	4.36e-03	9.96e-01	0.00e+00	0.00e+00	0.00e+00
 1.87509e+22	4.75e-34	2.96e-27	1.42e-21	8.40e-17	1.55e-12	1.04e-08	1.99e-05	4.56e-03	9.95e-01	0.00e+00	0.00e+00	0.00e+00
 1.88715e+22	6.64e-34	3.94e-27	1.79e-21	1.01e-16	1.77e-12	1.14e-08	2.13e-05	4.76e-03	9.95e-01	0.00e+00	0.00e+00	0.00e+00
 1.89918e+22	9.55e-34	5.36e-27	2.31e-21	1.23e-16	2.05e-12	1.26e-08	2.29e-05	4.98e-03	9.95e-01	0.00e+00	0.00e+00	0.00e+00
 1.91138e+22	1.34e-33	7.16e-27	2.93e-21	1.49e-16	2.35e-12	1.39e-08	2.46e-05	5.20e-03	9.95e-01	0.00e+00	0.00e+00	0.00e+00
 1.92307e+22	1.87e-33	9.49e-27	3.69e-21	1.78e-16	2.68e-12	1.51e-08	2.62e-05	5.42e-03	9.95e-01	0.00e+00	0.00e+00	0.00e+00
 1.93502e+22	2.67e-33	1.28e-26	4.73e-21	2.15e-16	3.08e-12	1.66e-08	2.82e-05	5.67e-03	9.94e-01	0.00e+00	0.00e+00	0.00e+00
 1.94707e+22	3.74e-33	1.71e-26	5.96e-21	2.58e-16	3.50e-12	1.81e-08	3.01e-05	5.91e-03	9.94e-01	0.00e+00	0.00e+00	0.00e+00
 1.95908e+22	5.31e-33	2.30e-26	7.59e-21	3.11e-16	4.01e-12	1.98e-08	3.22e-05	6.18e-03	9.94e-01	0.00e+00	0.00e+00	0.00e+00
 1.97125e+22	7.48e-33	3.07e-26	9.60e-21	3.73e-16	4.56e-12	2.16e-08	3.44e-05	6.45e-03	9.94e-01	0.00e+00	0.00e+00	0.00e+00
 1.98337e+22	1.06e-32	4.11e-26	1.22e-20	4.48e-16	5.19e-12	2.35e-08	3.67e-05	6.74e-03	9.93e-01	0.00e+00	0.00e+00	0.00e+00
 1.99541e+22	1.48e-32	5.45e-26	1.53e-20	5.35e-16	5.88e-12	2.54e-08	3.91e-05	7.03e-03	9.93e-01	0.00e+00	0.00e+00	0.00e+00
 2.00739e+22	2.08e-32	7.27e-26	1.93e-20	6.39e-16	6.67e-12	2.76e-08	4.16e-05	7.35e-03	9.93e-01	0.00e+00	0.00e+00	0.00e+00
 2.01943e+22	2.92e-32	9.66e-26	2.43e-20	7.62e-16	7.54e-12	2.98e-08	4.43e-05	7.67e-03	9.92e-01	0.00e+00	0.00e+00	0.00e+00
 2.03141e+22	4.08e-32	1.28e-25	3.06e-20	9.07e-16	8.51e-12	3.21e-08	4.70e-05	8.01e-03	9.92e-01	0.00e+00	0.00e+00	0.00e+00
 2.04337e+22	5.71e-32	1.70e-25	3.83e-20	1.08e-15	9.58e-12	3.45e-08	4.99e-05	8.36e-03	9.92e-01	0.00e+00	0.00e+00	0.00e+00
 2.05527e+22	7.95e-32	2.24e-25	4.79e-20	1.28e-15	1.08e-11	3.70e-08	5.29e-05	8.72e-03	9.91e-01	0.00e+00	0.00e+00	0.00e+00
 2.06709e+22	1.11e-31	2.95e-25	5.98e-20	1.51e-15	1.20e-11	3.96e-08	5.59e-05	9.10e-03	9.91e-01	0.00e+00	0.00e+00	0.00e+00
 2.07885e+22	1.53e-31	3.88e-25	7.44e-20	1.78e-15	1.35e-11	4.23e-08	5.91e-05	9.49e-03	9.90e-01	0.00e+00	0.00e+00	0.00e+00
 2.09054e+22	2.12e-31	5.09e-25	9.24e-20	2.09e-15	1.50e-11	4.50e-08	6.24e-05	9.89e-03	9.90e-01	0.00e+00	0.00e+00	0.00e+00
 2.10217e+22	2.92e-31	6.66e-25	1.14e-19	2.46e-15	1.67e-11	4.78e-08	6.57e-05	1.03e-02	9.90e-01	0.00e+00	0.00e+00	0.00e+00
 2.11374e+22	4.03e-31	8.69e-25	1.42e-19	2.88e-15	1.85e-11	5.06e-08	6.92e-05	1.07e-02	9.89e-01	0.00e+00	0.00e+00	0.00e+00
 2.12523e+22	5.52e-31	1.13e-24	1.75e-19	3.36e-15	2.05e-11	5.35e-08	7.28e-05	1.12e-02	9.89e-01	0.00e+00	0.00e+00	0.00e+00
 2.13665e+22	7.57e-31	1.47e-24	2.15e-19	3.92e-15	2.27e-11	5.64e-08	7.64e-05	1.17e-02	9.88e-01	0.00e+00	0.00e+00	0.00e+00
 2.14803e+22	1.03e-30	1.90e-24	2.64e-19	4.57e-15	2.50e-11	5.93e-08	8.01e-05	1.21e-02	9.88e-01	0.00e+00	0.00e+00	0.00e+00
 2.15938e+22	1.41e-30	2.46e-24	3.23e-19	5.31e-15	2.75e-11	6.23e-08	8.40e-05	1.26e-02	9.87e-01	0.00e+00	0.00e+00	0.00e+00
 2.17072e+22	1.92e-30	3.18e-24	3.96e-19	6.16e-15	3.02e-11	6.52e-08	8.79e-05	1.31e-02	9.87e-01	0.00e+00	0.00e+00	0.00e+00
 2.18205e+22	2.61e-30	4.11e-24	4.84e-19	7.13e-15	3.32e-11	6.82e-08	9.20e-05	1.37e-02	9.86e-01	0.00e+00	0.00e+00	0.00e+00
 2.19339e+22	3.55e-30	5.29e-24	5.91e-19	8.25e-15	3.64e-11	7.12e-08	9.62e-05	1.42e-02	9.86e-01	0.00e+00	0.00e+00	0.00e+00
 2.20477e+22	4.81e-30	6.80e-24	7.20e-19	9.54e-15	3.98e-11	7.42e-08	1.01e-04	1.48e-02	9.85e-01	0.00e+00	0.00e+00	0.00e+00
 2.21620e+22	6.51e-30	8.75e-24	8.78e-19	1.10e-14	4.35e-11	7.73e-08	1.05e-04	1.54e-02	9.84e-01	0.00e+00	0.00e+00	0.00e+00
 2.22774e+22	8.83e-30	1.12e-23	1.07e-18	1.27e-14	4.76e-11	8.04e-08	1.10e-04	1.60e-02	9.84e-01	0.00e+00	0.00e+00	0.00e+00
 2.23939e+22	1.20e-29	1.45e-23	1.30e-18	1.47e-14	5.20e-11	8.36e-08	1.15e-04	1.67e-02	9.83e-01	0.00e+00	0.00e+00	0.00e+00
 2.25117e+22	1.62e-29	1.86e-23	1.59e-18	1.70e-14	5.69e-11	8.69e-08	1.20e-04	1.73e-02	9.83e-01	0.00e+00	0.00e+00	0.00e+00
 2.26313e+22	2.20e-29	2.39e-23	1.94e-18	1.96e-14	6.22e-11	9.04e-08	1.26e-04	1.80e-02	9.82e-01	0.00e+00	0.00e+00	0.00e+00
 2.27530e+22	2.99e-29	3.09e-23	2.37e-18	2.27e-14	6.81e-11	9.40e-08	1.31e-04	1.87e-02	9.81e-01	0.00e+00	0.00e+00	0.00e+00
 2.28771e+22	4.08e-29	3.99e-23	2.90e-18	2.64e-14	7.47e-11	9.78e-08	1.38e-04	1.95e-02	9.80e-01	0.00e+00	0.00e+00	0.00e+00
 2.30041e+22	5.57e-29	5.16e-23	3.55e-18	3.06e-14	8.20e-11	1.02e-07	1.44e-04	2.03e-02	9.80e-01	0.00e+00	0.00e+00	0.00e+00
 2.31283e+22	7.41e-29	6.54e-23	4.29e-18	3.52e-14	8.95e-11	1.06e-07	1.51e-04	2.11e-02	9.79e-01	0.00e+00	0.00e+00	0.00e+00
 2.32563e+22	1.02e-28	8.53e-23	5.29e-18	4.11e-14	9.87e-11	1.11e-07	1.59e-04	2.19e-02	9.78e-01	0.00e+00	0.00e+00	0.00e+00
 2.33864e+22	1.36e-28	1.08e-22	6.40e-18	4.73e-14	1.08e-10	1.15e-07	1.67e-04	2.27e-02	9.77e-01	0.00e+00	0.00e+00	0.00e+00
 2.35209e+22	1.88e-28	1.42e-22	7.96e-18	5.57e-14	1.20e-10	1.21e-07	1.76e-04	2.37e-02	9.76e-01	0.00e+00	0.00e+00	0.00e+00
 2.36578e+22	2.51e-28	1.81e-22	9.65e-18	6.44e-14	1.32e-10	1.27e-07	1.85e-04	2.46e-02	9.75e-01	0.00e+00	0.00e+00	0.00e+00
 2.37995e+22	3.53e-28	2.41e-22	1.21e-17	7.65e-14	1.47e-10	1.34e-07	1.96e-04	2.57e-02	9.74e-01	0.00e+00	0.00e+00	0.00e+00
 2.39441e+22	4.72e-28	3.08e-22	1.48e-17	8.88e-14	1.63e-10	1.41e-07	2.07e-04	2.66e-02	9.73e-01	0.00e+00	0.00e+00	0.00e+00
 2.40771e+22	6.26e-28	3.90e-22	1.79e-17	1.03e-13	1.79e-10	1.48e-07	2.18e-04	2.76e-02	9.72e-01	0.00e+00	0.00e+00	0.00e+00
 2.42287e+22	8.99e-28	5.29e-22	2.29e-17	1.24e-13	2.04e-10	1.58e-07	2.33e-04	2.88e-02	9.71e-01	0.00e+00	0.00e+00	0.00e+00
 2.43816e+22	1.19e-27	6.70e-22	2.78e-17	1.44e-13	2.25e-10	1.67e-07	2.45e-04	2.99e-02	9.70e-01	0.00e+00	0.00e+00	0.00e+00
 2.45363e+22	1.71e-27	9.10e-22	3.56e-17	1.74e-13	2.57e-10	1.80e-07	2.63e-04	3.12e-02	9.69e-01	0.00e+00	0.00e+00	0.00e+00
 2.46915e+22	2.25e-27	1.15e-21	4.32e-17	2.03e-13	2.85e-10	1.91e-07	2.78e-04	3.23e-02	9.67e-01	0.00e+00	0.00e+00	0.00e+00
 2.48472e+22	3.24e-27	1.57e-21	5.56e-17	2.47e-13	3.27e-10	2.06e-07	2.98e-04	3.37e-02	9.66e-01	0.00e+00	0.00e+00	0.00e+00
 2.50056e+22	4.27e-27	1.98e-21	6.75e-17	2.87e-13	3.64e-10	2.20e-07	3.16e-04	3.49e-02	9.65e-01	0.00e+00	0.00e+00	0.00e+00
 2.51674e+22	6.22e-27	2.73e-21	8.79e-17	3.53e-13	4.22e-10	2.39e-07	3.41e-04	3.65e-02	9.63e-01	0.00e+00	0.00e+00	0.00e+00
 2.53288e+22	8.12e-27	3.44e-21	1.06e-16	4.11e-13	4.70e-10	2.55e-07	3.60e-04	3.77e-02	9.62e-01	0.00e+00	0.00e+00	0.00e+00
 2.54895e+22	1.17e-26	4.69e-21	1.37e-16	5.04e-13	5.44e-10	2.79e-07	3.88e-04	3.93e-02	9.60e-01	0.00e+00	0.00e+00	0.00e+00
 2.56539e+22	1.56e-26	6.03e-21	1.69e-16	5.95e-13	6.13e-10	3.00e-07	4.13e-04	4.07e-02	9.59e-01	0.00e+00	0.00e+00	0.00e+00
 2.58230e+22	2.29e-26	8.38e-21	2.23e-16	7.40e-13	7.19e-10	3.31e-07	4.47e-04	4.25e-02	9.57e-01	0.00e+00	0.00e+00	0.00e+00
 2.59925e+22	3.06e-26	1.08e-20	2.74e-16	8.75e-13	8.12e-10	3.58e-07	4.76e-04	4.40e-02	9.56e-01	0.00e+00	0.00e+00	0.00e+00
 2.61623e+22	4.52e-26	1.50e-20	3.63e-16	1.10e-12	9.57e-10	3.97e-07	5.16e-04	4.60e-02	9.54e-01	0.00e+00	0.00e+00	0.00e+00
 2.63351e+22	6.14e-26	1.96e-20	4.53e-16	1.31e-12	1.09e-09	4.32e-07	5.51e-04	4.76e-02	9.52e-01	0.00e+00	0.00e+00	0.00e+00
 2.65120e+22	9.24e-26	2.79e-20	6.09e-16	1.66e-12	1.30e-09	4.84e-07	6.00e-04	4.98e-02	9.50e-01	0.00e+00	0.00e+00	0.00e+00
 2.66913e+22	1.28e-25	3.69e-20	7.70e-16	2.01e-12	1.50e-09	5.30e-07	6.43e-04	5.16e-02	9.48e-01	0.00e+00	0.00e+00	0.00e+00
 2.68471e+22	1.75e-25	4.85e-20	9.71e-16	2.43e-12	1.72e-09	5.80e-07	6.87e-04	5.35e-02	9.46e-01	0.00e+00	0.00e+00	0.00e+00
 2.69941e+22	2.35e-25	6.27e-20	1.20e-15	2.89e-12	1.96e-09	6.31e-07	7.32e-04	5.52e-02	9.44e-01	0.00e+00	0.00e+00	0.00e+00
 2.71566e+22	3.48e-25	8.80e-20	1.60e-15	3.65e-12	2.34e-09	7.07e-07	7.94e-04	5.76e-02	9.42e-01	0.00e+00	0.00e+00	0.00e+00
 2.73184e+22	4.70e-25	1.14e-19	2.00e-15	4.36e-12	2.67e-09	7.73e-07	8.46e-04	5.94e-02	9.40e-01	0.00e+00	0.00e+00	0.00e+00
 2.74494e+22	6.11e-25	1.44e-19	2.43e-15	5.11e-12	3.01e-09	8.36e-07	8.93e-04	6.11e-02	9.38e-01	0.00e+00	0.00e+00	0.00e+00
 2.75897e+22	8.73e-25	1.96e-19	3.15e-15	6.32e-12	3.53e-09	9.28e-07	9.62e-04	6.34e-02	9.36e-01	0.00e+00	0.00e+00	0.00e+00
 2.77287e+22	1.14e-24	2.47e-19	3.84e-15	7.43e-12	3.98e-09	1.01e-06	1.02e-03	6.52e-02	9.34e-01	0.00e+00	0.00e+00	0.00e+00
 2.78414e+22	1.44e-24	3.02e-19	4.55e-15	8.54e-12	4.42e-09	1.08e-06	1.07e-03	6.67e-02	9.32e-01	0.00e+00	0.00e+00	0.00e+00
 2.79630e+22	2.00e-24	4.04e-19	5.82e-15	1.04e-11	5.14e-09	1.19e-06	1.14e-03	6.90e-02	9.30e-01	0.00e+00	0.00e+00	0.00e+00
 2.80780e+22	2.49e-24	4.88e-19	6.83e-15	1.19e-11	5.67e-09	1.27e-06	1.19e-03	7.05e-02	9.28e-01	0.00e+00	0.00e+00	0.00e+00
 2.81843e+22	3.37e-24	6.35e-19	8.54e-15	1.43e-11	6.50e-09	1.39e-06	1.26e-03	7.26e-02	9.26e-01	0.00e+00	0.00e+00	0.00e+00
 2.82914e+22	4.15e-24	7.62e-19	9.97e-15	1.62e-11	7.15e-09	1.49e-06	1.32e-03	7.41e-02	9.25e-01	0.00e+00	0.00e+00	0.00e+00
 2.83994e+22	5.67e-24	1.00e-18	1.26e-14	1.96e-11	8.24e-09	1.63e-06	1.40e-03	7.64e-02	9.22e-01	0.00e+00	0.00e+00	0.00e+00
 2.85044e+22	7.05e-24	1.21e-18	1.48e-14	2.23e-11	9.10e-09	1.74e-06	1.47e-03	7.80e-02	9.21e-01	0.00e+00	0.00e+00	0.00e+00
 2.86054e+22	9.67e-24	1.59e-18	1.86e-14	2.70e-11	1.05e-08	1.92e-06	1.56e-03	8.03e-02	9.18e-01	0.00e+00	0.00e+00	0.00e+00
 2.87054e+22	1.19e-23	1.91e-18	2.18e-14	3.07e-11	1.16e-08	2.04e-06	1.62e-03	8.20e-02	9.16e-01	0.00e+00	0.00e+00	0.00e+00
 2.88042e+22	1.61e-23	2.49e-18	2.72e-14	3.68e-11	1.32e-08	2.24e-06	1.72e-03	8.43e-02	9.14e-01	0.00e+00	0.00e+00	0.00e+00
 2.89048e+22	2.07e-23	3.09e-18	3.27e-14	4.27e-11	1.48e-08	2.41e-06	1.81e-03	8.62e-02	9.12e-01	0.00e+00	0.00e+00	0.00e+00
 2.89898e+22	2.56e-23	3.72e-18	3.83e-14	4.86e-11	1.63e-08	2.57e-06	1.88e-03	8.79e-02	9.10e-01	0.00e+00	0.00e+00	0.00e+00
 2.90823e+22	3.55e-23	4.95e-18	4.87e-14	5.92e-11	1.89e-08	2.84e-06	2.00e-03	9.05e-02	9.07e-01	0.00e+00	0.00e+00	0.00e+00
 2.91716e+22	4.33e-23	5.89e-18	5.65e-14	6.68e-11	2.07e-08	3.02e-06	2.08e-03	9.22e-02	9.06e-01	0.00e+00	0.00e+00	0.00e+00
 2.92568e+22	5.77e-23	7.56e-18	6.98e-14	7.94e-11	2.36e-08	3.29e-06	2.19e-03	9.45e-02	9.03e-01	0.00e+00	0.00e+00	0.00e+00
 2.93451e+22	7.36e-23	9.35e-18	8.37e-14	9.20e-11	2.63e-08	3.54e-06	2.29e-03	9.66e-02	9.01e-01	0.00e+00	0.00e+00	0.00e+00
 2.94373e+22	1.03e-22	1.26e-17	1.07e-13	1.13e-10	3.06e-08	3.91e-06	2.44e-03	9.94e-02	8.98e-01	0.00e+00	0.00e+00	0.00e+00
 2.95281e+22	1.30e-22	1.54e-17	1.27e-13	1.30e-10	3.40e-08	4.19e-06	2.55e-03	1.01e-01	8.96e-01	0.00e+00	0.00e+00	0.00e+00
 2.96170e+22	1.81e-22	2.05e-17	1.63e-13	1.58e-10	3.94e-08	4.62e-06	2.71e-03	1.04e-01	8.93e-01	0.00e+00	0.00e+00	0.00e+00
 2.97071e+22	2.36e-22	2.58e-17	1.98e-13	1.85e-10	4.43e-08	5.00e-06	2.84e-03	1.07e-01	8.90e-01	0.00e+00	0.00e+00	0.00e+00
 2.97854e+22	3.08e-22	3.25e-17	2.40e-13	2.17e-10	4.98e-08	5.40e-06	2.98e-03	1.09e-01	8.88e-01	0.00e+00	0.00e+00	0.00e+00
 2.98737e+22	4.37e-22	4.41e-17	3.11e-13	2.68e-10	5.82e-08	5.99e-06	3.17e-03	1.12e-01	8.85e-01	0.00e+00	0.00e+00	0.00e+00
 2.99615e+22	5.73e-22	5.58e-17	3.80e-13	3.15e-10	6.56e-08	6.48e-06	3.32e-03	1.15e-01	8.82e-01	0.00e+00	0.00e+00	0.00e+00
 3.00485e+22	8.24e-22	7.65e-17	4.95e-13	3.90e-10	7.70e-08	7.20e-06	3.54e-03	1.18e-01	8.78e-01	0.00e+00	0.00e+00	0.00e+00
 3.01365e+22	1.10e-21	9.84e-17	6.13e-13	4.64e-10	8.75e-08	7.84e-06	3.73e-03	1.21e-01	8.75e-01	0.00e+00	0.00e+00	0.00e+00
 3.02118e+22	1.46e-21	1.25e-16	7.52e-13	5.47e-10	9.89e-08	8.50e-06	3.92e-03	1.24e-01	8.72e-01	0.00e+00	0.00e+00	0.00e+00
 3.02956e+22	2.11e-21	1.73e-16	9.87e-13	6.82e-10	1.16e-07	9.46e-06	4.18e-03	1.28e-01	8.68e-01	0.00e+00	0.00e+00	0.00e+00
 3.03785e+22	2.80e-21	2.21e-16	1.21e-12	8.05e-10	1.31e-07	1.03e-05	4.39e-03	1.30e-01	8.65e-01	0.00e+00	0.00e+00	0.00e+00
 3.04602e+22	4.03e-21	3.03e-16	1.58e-12	9.99e-10	1.54e-07	1.14e-05	4.68e-03	1.34e-01	8.61e-01	0.00e+00	0.00e+00	0.00e+00
 3.05434e+22	5.37e-21	3.89e-16	1.95e-12	1.18e-09	1.75e-07	1.24e-05	4.92e-03	1.37e-01	8.58e-01	0.00e+00	0.00e+00	0.00e+00
 3.06284e+22	7.85e-21	5.40e-16	2.57e-12	1.48e-09	2.06e-07	1.38e-05	5.25e-03	1.42e-01	8.53e-01	0.00e+00	0.00e+00	0.00e+00
 3.07151e+22	1.06e-20	7.01e-16	3.21e-12	1.77e-09	2.35e-07	1.51e-05	5.54e-03	1.45e-01	8.50e-01	0.00e+00	0.00e+00	0.00e+00
 3.07917e+22	1.43e-20	9.08e-16	3.99e-12	2.10e-09	2.68e-07	1.64e-05	5.84e-03	1.48e-01	8.46e-01	0.00e+00	0.00e+00	0.00e+00
 3.08759e+22	2.06e-20	1.24e-15	5.19e-12	2.60e-09	3.13e-07	1.82e-05	6.22e-03	1.53e-01	8.41e-01	0.00e+00	0.00e+00	0.00e+00
 3.09611e+22	2.79e-20	1.62e-15	6.48e-12	3.11e-09	3.58e-07	1.99e-05	6.56e-03	1.56e-01	8.37e-01	0.00e+00	0.00e+00	0.00e+00
 3.10458e+22	3.98e-20	2.20e-15	8.38e-12	3.83e-09	4.17e-07	2.21e-05	6.99e-03	1.61e-01	8.32e-01	0.00e+00	0.00e+00	0.00e+00
 3.11320e+22	5.42e-20	2.87e-15	1.05e-11	4.59e-09	4.77e-07	2.42e-05	7.38e-03	1.65e-01	8.28e-01	0.00e+00	0.00e+00	0.00e+00
 3.12187e+22	7.71e-20	3.89e-15	1.35e-11	5.64e-09	5.56e-07	2.68e-05	7.86e-03	1.69e-01	8.23e-01	0.00e+00	0.00e+00	0.00e+00
 3.13069e+22	1.05e-19	5.08e-15	1.69e-11	6.76e-09	6.37e-07	2.93e-05	8.31e-03	1.74e-01	8.18e-01	0.00e+00	0.00e+00	0.00e+00
 3.13955e+22	1.48e-19	6.81e-15	2.17e-11	8.24e-09	7.39e-07	3.24e-05	8.84e-03	1.78e-01	8.13e-01	0.00e+00	0.00e+00	0.00e+00
 3.14840e+22	1.97e-19	8.72e-15	2.67e-11	9.75e-09	8.38e-07	3.53e-05	9.31e-03	1.83e-01	8.08e-01	0.00e+00	0.00e+00	0.00e+00
 3.15768e+22	2.83e-19	1.19e-14	3.47e-11	1.21e-08	9.83e-07	3.93e-05	9.95e-03	1.88e-01	8.02e-01	0.00e+00	0.00e+00	0.00e+00
 3.16700e+22	3.75e-19	1.52e-14	4.26e-11	1.42e-08	1.11e-06	4.28e-05	1.05e-02	1.92e-01	7.97e-01	0.00e+00	0.00e+00	0.00e+00
 3.17636e+22	5.25e-19	2.04e-14	5.43e-11	1.73e-08	1.29e-06	4.74e-05	1.12e-02	1.98e-01	7.91e-01	0.00e+00	0.00e+00	0.00e+00
 3.18606e+22	7.01e-19	2.61e-14	6.70e-11	2.06e-08	1.47e-06	5.18e-05	1.18e-02	2.02e-01	7.86e-01	0.00e+00	0.00e+00	0.00e+00
 3.19606e+22	9.79e-19	3.48e-14	8.53e-11	2.50e-08	1.71e-06	5.74e-05	1.26e-02	2.08e-01	7.80e-01	0.00e+00	0.00e+00	0.00e+00
 3.20635e+22	1.30e-18	4.46e-14	1.05e-10	2.96e-08	1.94e-06	6.28e-05	1.33e-02	2.13e-01	7.74e-01	0.00e+00	0.00e+00	0.00e+00
 3.21704e+22	1.82e-18	5.96e-14	1.34e-10	3.62e-08	2.26e-06	6.97e-05	1.42e-02	2.19e-01	7.67e-01	0.00e+00	0.00e+00	0.00e+00
 3.22803e+22	2.43e-18	7.63e-14	1.65e-10	4.28e-08	2.58e-06	7.63e-05	1.50e-02	2.24e-01	7.61e-01	0.00e+00	0.00e+00	0.00e+00
 3.23947e+22	3.38e-18	1.02e-13	2.10e-10	5.22e-08	3.00e-06	8.48e-05	1.60e-02	2.30e-01	7.54e-01	0.00e+00	0.00e+00	0.00e+00
 3.25124e+22	4.47e-18	1.29e-13	2.58e-10	6.17e-08	3.42e-06	9.28e-05	1.69e-02	2.36e-01	7.47e-01	0.00e+00	0.00e+00	0.00e+00
 3.26370e+22	6.30e-18	1.74e-13	3.31e-10	7.58e-08	4.01e-06	1.04e-04	1.81e-02	2.42e-01	7.39e-01	0.00e+00	0.00e+00	0.00e+00
 3.27621e+22	8.22e-18	2.19e-13	4.02e-10	8.89e-08	4.54e-06	1.13e-04	1.91e-02	2.48e-01	7.33e-01	0.00e+00	0.00e+00	0.00e+00
 3.28894e+22	1.15e-17	2.93e-13	5.14e-10	1.09e-07	5.31e-06	1.26e-04	2.05e-02	2.55e-01	7.25e-01	0.00e+00	0.00e+00	0.00e+00
 3.30197e+22	1.49e-17	3.67e-13	6.23e-10	1.27e-07	6.01e-06	1.38e-04	2.16e-02	2.60e-01	7.18e-01	0.00e+00	0.00e+00	0.00e+00
 3.31326e+22	1.89e-17	4.52e-13	7.42e-10	1.47e-07	6.73e-06	1.49e-04	2.27e-02	2.66e-01	7.12e-01	0.00e+00	0.00e+00	0.00e+00
 3.32583e+22	2.60e-17	5.95e-13	9.37e-10	1.78e-07	7.83e-06	1.66e-04	2.42e-02	2.73e-01	7.03e-01	2.60e-17	8.19e-27	8.79e-27
 3.33835e+22	3.24e-17	7.19e-13	1.10e-09	2.04e-07	8.70e-06	1.79e-04	2.53e-02	2.78e-01	6.97e-01	3.24e-17	1.29e-26	1.43e-26
 3.35081e+22	4.34e-17	9.28e-13	1.37e-09	2.44e-07	1.00e-05	1.98e-04	2.69e-02	2.85e-01	6.88e-01	4.34e-17	1.76e-26	1.94e-26
 3.36361e+22	5.44e-17	1.13e-12	1.61e-09	2.80e-07	1.12e-05	2.14e-04	2.82e-02	2.90e-01	6.82e-01	5.44e-17	2.24e-26	2.46e-26
 3.37508e+22	6.76e-17	1.36e-12	1.89e-09	3.20e-07	1.24e-05	2.30e-04	2.96e-02	2.95e-01	6.75e-01	6.76e-17	2.82e-26	3.10e-26
 3.38819e+22	9.04e-17	1.75e-12	2.35e-09	3.82e-07	1.43e-05	2.55e-04	3.14e-02	3.02e-01	6.66e-01	9.04e-17	3.83e-26	4.20e-26
 3.40122e+22	1.11e-16	2.10e-12	2.73e-09	4.34e-07	1.58e-05	2.74e-04	3.28e-02	3.07e-01	6.60e-01	1.11e-16	4.76e-26	5.22e-26
 3.41414e+22	1.46e-16	2.67e-12	3.35e-09	5.14e-07	1.81e-05	3.01e-04	3.48e-02	3.14e-01	6.51e-01	1.46e-16	6.38e-26	6.99e-26
 3.42727e+22	1.79e-16	3.18e-12	3.89e-09	5.83e-07	2.00e-05	3.24e-04	3.64e-02	3.19e-01	6.44e-01	1.79e-16	7.90e-26	8.65e-26
 3.44065e+22	2.35e-16	4.03e-12	4.77e-09	6.90e-07	2.29e-05	3.56e-04	3.85e-02	3.26e-01	6.35e-01	2.35e-16	1.06e-25	1.16e-25
 3.45428e+22	2.88e-16	4.82e-12	5.55e-09	7.84e-07	2.54e-05	3.83e-04	4.03e-02	3.32e-01	6.28e-01	2.88e-16	1.31e-25	1.43e-25
 3.46823e+22	3.79e-16	6.11e-12	6.80e-09	9.29e-07	2.91e-05	4.22e-04	4.27e-02	3.39e-01	6.18e-01	3.79e-16	1.75e-25	1.92e-25
 3.48242e+22	4.64e-16	7.31e-12	7.92e-09	1.05e-06	3.22e-05	4.54e-04	4.46e-02	3.44e-01	6.11e-01	4.64e-16	2.18e-25	2.38e-25
 3.49484e+22	5.66e-16	8.69e-12	9.18e-09	1.19e-06	3.56e-05	4.87e-04	4.66e-02	3.49e-01	6.04e-01	5.66e-16	2.70e-25	2.94e-25
 3.50889e+22	7.33e-16	1.09e-11	1.11e-08	1.40e-06	4.05e-05	5.34e-04	4.92e-02	3.56e-01	5.94e-01	7.33e-16	3.56e-25	3.88e-25
 3.52291e+22	8.77e-16	1.27e-11	1.27e-08	1.57e-06	4.44e-05	5.70e-04	5.12e-02	3.61e-01	5.87e-01	8.77e-16	4.32e-25	4.70e-25
 3.53689e+22	1.13e-15	1.59e-11	1.54e-08	1.84e-06	5.04e-05	6.25e-04	5.41e-02	3.68e-01	5.77e-01	1.13e-15	5.66e-25	6.16e-25
 3.55106e+22	1.35e-15	1.86e-11	1.76e-08	2.06e-06	5.52e-05	6.67e-04	5.62e-02	3.73e-01	5.70e-01	1.35e-15	6.87e-25	7.47e-25
 3.56550e+22	1.72e-15	2.30e-11	2.11e-08	2.40e-06	6.24e-05	7.28e-04	5.92e-02	3.79e-01	5.61e-01	1.72e-15	8.92e-25	9.69e-25
 3.58043e+22	2.09e-15	2.73e-11	2.44e-08	2.72e-06	6.88e-05	7.80e-04	6.17e-02	3.84e-01	5.53e-01	2.09e-15	1.10e-24	1.19e-24
 3.59599e+22	2.69e-15	3.41e-11	2.96e-08	3.19e-06	7.84e-05	8.56e-04	6.52e-02	3.91e-01	5.43e-01	2.69e-15	1.45e-24	1.57e-24
 3.61182e+22	3.26e-15	4.04e-11	3.42e-08	3.60e-06	8.64e-05	9.18e-04	6.79e-02	3.96e-01	5.35e-01	3.26e-15	1.78e-24	1.93e-24
 3.62797e+22	4.20e-15	5.04e-11	4.14e-08	4.23e-06	9.82e-05	1.01e-03	7.17e-02	4.03e-01	5.24e-01	4.20e-15	2.34e-24	2.53e-24
 3.64469e+22	5.14e-15	6.03e-11	4.82e-08	4.81e-06	1.09e-04	1.08e-03	7.49e-02	4.08e-01	5.15e-01	5.14e-15	2.92e-24	3.16e-24
 3.66214e+22	6.68e-15	7.60e-11	5.88e-08	5.68e-06	1.25e-04	1.19e-03	7.92e-02	4.15e-01	5.04e-01	6.68e-15	3.88e-24	4.20e-24
 3.68016e+22	8.26e-15	9.16e-11	6.91e-08	6.50e-06	1.39e-04	1.29e-03	8.28e-02	4.21e-01	4.95e-01	8.26e-15	4.89e-24	5.28e-24
 3.69893e+22	1.09e-14	1.17e-10	8.53e-08	7.75e-06	1.60e-04	1.42e-03	8.78e-02	4.28e-01	4.83e-01	1.09e-14	6.63e-24	7.15e-24
 3.71775e+22	1.34e-14	1.41e-10	9.98e-08	8.85e-06	1.78e-04	1.53e-03	9.17e-02	4.33e-01	4.74e-01	1.34e-14	8.32e-24	8.96e-24
 3.73665e+22	1.76e-14	1.79e-10	1.23e-07	1.05e-05	2.04e-04	1.69e-03	9.70e-02	4.40e-01	4.62e-01	1.76e-14	1.12e-23	1.20e-23
 3.75627e+22	2.21e-14	2.19e-10	1.46e-07	1.22e-05	2.29e-04	1.84e-03	1.02e-01	4.45e-01	4.51e-01	2.21e-14	1.44e-23	1.54e-23
 3.77686e+22	2.94e-14	2.81e-10	1.81e-07	1.46e-05	2.65e-04	2.04e-03	1.08e-01	4.52e-01	4.38e-01	2.94e-14	1.96e-23	2.11e-23
 3.79773e+22	3.72e-14	3.46e-10	2.16e-07	1.69e-05	2.99e-04	2.22e-03	1.13e-01	4.57e-01	4.27e-01	3.72e-14	2.54e-23	2.73e-23
 3.81619e+22	4.68e-14	4.24e-10	2.57e-07	1.96e-05	3.37e-04	2.41e-03	1.19e-01	4.62e-01	4.17e-01	4.68e-14	3.27e-23	3.51e-23
 3.83740e+22	6.33e-14	5.53e-10	3.23e-07	2.38e-05	3.93e-04	2.69e-03	1.26e-01	4.68e-01	4.03e-01	6.33e-14	4.55e-23	4.88e-23
 3.85743e+22	7.71e-14	6.59e-10	3.76e-07	2.70e-05	4.35e-04	2.89e-03	1.31e-01	4.72e-01	3.94e-01	7.71e-14	5.66e-23	6.06e-23
 3.87590e+22	1.00e-13	8.31e-10	4.59e-07	3.19e-05	4.99e-04	3.19e-03	1.39e-01	4.77e-01	3.81e-01	1.00e-13	7.56e-23	8.09e-23
 3.89464e+22	1.23e-13	9.91e-10	5.34e-07	3.63e-05	5.53e-04	3.42e-03	1.44e-01	4.80e-01	3.72e-01	1.23e-13	9.42e-23	1.01e-22
 3.91372e+22	1.62e-13	1.26e-09	6.57e-07	4.33e-05	6.40e-04	3.80e-03	1.53e-01	4.85e-01	3.58e-01	1.62e-13	1.28e-22	1.36e-22
 3.93284e+22	1.98e-13	1.51e-09	7.67e-07	4.94e-05	7.12e-04	4.09e-03	1.59e-01	4.88e-01	3.48e-01	1.98e-13	1.60e-22	1.70e-22
 3.95201e+22	2.61e-13	1.92e-09	9.45e-07	5.90e-05	8.25e-04	4.54e-03	1.68e-01	4.92e-01	3.35e-01	2.61e-13	2.16e-22	2.30e-22
 3.97137e+22	3.22e-13	2.31e-09	1.11e-06	6.75e-05	9.22e-04	4.91e-03	1.75e-01	4.94e-01	3.25e-01	3.22e-13	2.72e-22	2.89e-22
 3.99098e+22	4.24e-13	2.94e-09	1.36e-06	8.09e-05	1.07e-03	5.46e-03	1.85e-01	4.97e-01	3.11e-01	4.24e-13	3.68e-22	3.91e-22
 4.01085e+22	5.26e-13	3.54e-09	1.60e-06	9.32e-05	1.20e-03	5.94e-03	1.94e-01	4.99e-01	3.00e-01	5.26e-13	4.66e-22	4.95e-22
 4.03105e+22	6.96e-13	4.52e-09	1.99e-06	1.12e-04	1.41e-03	6.64e-03	2.05e-01	5.01e-01	2.86e-01	6.96e-13	6.34e-22	6.73e-22
 4.05147e+22	8.64e-13	5.45e-09	2.34e-06	1.30e-04	1.59e-03	7.24e-03	2.14e-01	5.02e-01	2.75e-01	8.64e-13	8.04e-22	8.52e-22
 4.07180e+22	1.13e-12	6.88e-09	2.87e-06	1.55e-04	1.86e-03	8.10e-03	2.27e-01	5.02e-01	2.61e-01	1.13e-12	1.08e-21	1.14e-21
 4.09110e+22	1.36e-12	8.07e-09	3.31e-06	1.76e-04	2.07e-03	8.74e-03	2.36e-01	5.02e-01	2.51e-01	1.36e-12	1.32e-21	1.40e-21
 4.10943e+22	1.72e-12	9.90e-09	3.98e-06	2.08e-04	2.38e-03	9.70e-03	2.48e-01	5.02e-01	2.38e-01	1.72e-12	1.72e-21	1.81e-21
 4.12814e+22	2.06e-12	1.16e-08	4.59e-06	2.37e-04	2.67e-03	1.05e-02	2.58e-01	5.01e-01	2.28e-01	2.06e-12	2.10e-21	2.22e-21
 4.14617e+22	2.53e-12	1.39e-08	5.41e-06	2.75e-04	3.04e-03	1.16e-02	2.70e-01	4.99e-01	2.16e-01	2.53e-12	2.65e-21	2.79e-21
 4.16467e+22	3.03e-12	1.62e-08	6.25e-06	3.14e-04	3.42e-03	1.26e-02	2.81e-01	4.96e-01	2.06e-01	3.03e-12	3.23e-21	3.41e-21
 4.18251e+22	3.62e-12	1.90e-08	7.22e-06	3.60e-04	3.86e-03	1.38e-02	2.93e-01	4.93e-01	1.95e-01	3.62e-12	3.95e-21	4.16e-21
 4.20020e+22	4.26e-12	2.18e-08	8.25e-06	4.09e-04	4.33e-03	1.50e-02	3.05e-01	4.90e-01	1.86e-01	4.26e-12	4.74e-21	4.99e-21
 4.21769e+22	4.98e-12	2.51e-08	9.42e-06	4.64e-04	4.85e-03	1.64e-02	3.17e-01	4.86e-01	1.76e-01	4.98e-12	5.66e-21	5.95e-21
 4.23510e+22	5.75e-12	2.85e-08	1.07e-05	5.23e-04	5.41e-03	1.78e-02	3.28e-01	4.81e-01	1.67e-01	5.75e-12	6.68e-21	7.01e-21
 4.25220e+22	6.59e-12	3.21e-08	1.20e-05	5.88e-04	6.02e-03	1.93e-02	3.40e-01	4.76e-01	1.58e-01	6.59e-12	7.81e-21	8.19e-21
 4.26924e+22	7.49e-12	3.60e-08	1.35e-05	6.59e-04	6.68e-03	2.09e-02	3.52e-01	4.71e-01	1.49e-01	7.49e-12	9.05e-21	9.49e-21
 4.28629e+22	8.44e-12	4.02e-08	1.51e-05	7.37e-04	7.40e-03	2.26e-02	3.63e-01	4.65e-01	1.41e-01	8.44e-12	1.04e-20	1.09e-20
 4.30342e+22	9.46e-12	4.46e-08	1.68e-05	8.22e-04	8.18e-03	2.45e-02	3.75e-01	4.59e-01	1.33e-01	9.46e-12	1.19e-20	1.25e-20
 4.32069e+22	1.05e-11	4.92e-08	1.86e-05	9.15e-04	9.02e-03	2.64e-02	3.87e-01	4.52e-01	1.25e-01	1.05e-11	1.35e-20	1.42e-20
 4.33818e+22	1.17e-11	5.41e-08	2.06e-05	1.02e-03	9.95e-03	2.85e-02	3.98e-01	4.44e-01	1.18e-01	1.17e-11	1.53e-20	1.60e-20
 4.35596e+22	1.29e-11	5.94e-08	2.28e-05	1.13e-03	1.10e-02	3.08e-02	4.10e-01	4.37e-01	1.10e-01	1.29e-11	1.73e-20	1.81e-20
 4.37390e+22	1.41e-11	6.48e-08	2.52e-05	1.25e-03	1.20e-02	3.32e-02	4.21e-01	4.28e-01	1.04e-01	1.41e-11	1.94e-20	2.02e-20
 4.39221e+22	1.54e-11	7.08e-08	2.78e-05	1.39e-03	1.32e-02	3.58e-02	4.33e-01	4.20e-01	9.69e-02	1.54e-11	2.17e-20	2.26e-20
 4.41062e+22	1.68e-11	7.68e-08	3.05e-05	1.53e-03	1.44e-02	3.84e-02	4.44e-01	4.11e-01	9.07e-02	1.68e-11	2.41e-20	2.51e-20
 4.42953e+22	1.83e-11	8.36e-08	3.36e-05	1.70e-03	1.59e-02	4.15e-02	4.55e-01	4.01e-01	8.44e-02	1.83e-11	2.68e-20	2.80e-20
 4.44867e+22	1.97e-11	9.04e-08	3.68e-05	1.88e-03	1.73e-02	4.44e-02	4.66e-01	3.92e-01	7.88e-02	1.97e-11	2.97e-20	3.09e-20
 4.46604e+22	2.11e-11	9.67e-08	3.98e-05	2.04e-03	1.86e-02	4.71e-02	4.74e-01	3.84e-01	7.43e-02	2.11e-11	3.23e-20	3.37e-20
 4.48460e+22	2.27e-11	1.05e-07	4.38e-05	2.26e-03	2.04e-02	5.08e-02	4.85e-01	3.73e-01	6.86e-02	2.27e-11	3.58e-20	3.73e-20
 4.50332e+22	2.44e-11	1.12e-07	4.74e-05	2.45e-03	2.18e-02	5.37e-02	4.93e-01	3.65e-01	6.46e-02	2.44e-11	3.91e-20	4.07e-20
 4.52225e+22	2.63e-11	1.22e-07	5.22e-05	2.72e-03	2.39e-02	5.77e-02	5.03e-01	3.53e-01	5.95e-02	2.63e-11	4.33e-20	4.51e-20
 4.54167e+22	2.82e-11	1.31e-07	5.67e-05	2.96e-03	2.56e-02	6.10e-02	5.10e-01	3.44e-01	5.58e-02	2.82e-11	4.74e-20	4.94e-20
 4.56172e+22	3.04e-11	1.42e-07	6.27e-05	3.30e-03	2.79e-02	6.56e-02	5.19e-01	3.33e-01	5.11e-02	3.04e-11	5.27e-20	5.49e-20
 4.58197e+22	3.27e-11	1.53e-07	6.81e-05	3.58e-03	2.99e-02	6.92e-02	5.26e-01	3.23e-01	4.78e-02	3.27e-11	5.79e-20	6.03e-20
 4.60245e+22	3.54e-11	1.67e-07	7.54e-05	3.98e-03	3.25e-02	7.43e-02	5.34e-01	3.11e-01	4.37e-02	3.54e-11	6.43e-20	6.71e-20
 4.62313e+22	3.80e-11	1.80e-07	8.20e-05	4.33e-03	3.47e-02	7.82e-02	5.40e-01	3.02e-01	4.08e-02	3.80e-11	7.06e-20	7.38e-20
 4.64406e+22	4.13e-11	1.97e-07	9.10e-05	4.81e-03	3.77e-02	8.37e-02	5.47e-01	2.90e-01	3.71e-02	4.13e-11	7.88e-20	8.25e-20
 4.66526e+22	4.45e-11	2.13e-07	9.91e-05	5.23e-03	4.02e-02	8.80e-02	5.51e-01	2.81e-01	3.45e-02	4.45e-11	8.70e-20	9.12e-20
 4.68683e+22	4.87e-11	2.35e-07	1.11e-04	5.83e-03	4.36e-02	9.39e-02	5.57e-01	2.69e-01	3.13e-02	4.87e-11	9.79e-20	1.03e-19
 4.70875e+22	5.28e-11	2.55e-07	1.21e-04	6.34e-03	4.65e-02	9.86e-02	5.60e-01	2.59e-01	2.90e-02	5.28e-11	1.09e-19	1.14e-19
 4.73113e+22	5.83e-11	2.83e-07	1.35e-04	7.08e-03	5.03e-02	1.05e-01	5.64e-01	2.47e-01	2.62e-02	5.83e-11	1.24e-19	1.30e-19
 4.75396e+22	6.37e-11	3.10e-07	1.49e-04	7.72e-03	5.36e-02	1.10e-01	5.67e-01	2.37e-01	2.41e-02	6.37e-11	1.38e-19	1.46e-19
 4.77738e+22	7.11e-11	3.47e-07	1.68e-04	8.64e-03	5.81e-02	1.17e-01	5.69e-01	2.25e-01	2.16e-02	7.11e-11	1.59e-19	1.69e-19
 4.80136e+22	7.84e-11	3.83e-07	1.86e-04	9.46e-03	6.19e-02	1.23e-01	5.70e-01	2.15e-01	1.98e-02	7.84e-11	1.81e-19	1.91e-19
 4.82157e+22	8.56e-11	4.18e-07	2.03e-04	1.02e-02	6.54e-02	1.28e-01	5.70e-01	2.07e-01	1.83e-02	8.56e-11	2.02e-19	2.14e-19
 4.84336e+22	9.52e-11	4.66e-07	2.27e-04	1.13e-02	7.01e-02	1.36e-01	5.70e-01	1.96e-01	1.65e-02	9.52e-11	2.31e-19	2.46e-19
 4.86528e+22	1.05e-10	5.13e-07	2.49e-04	1.23e-02	7.39e-02	1.41e-01	5.69e-01	1.88e-01	1.52e-02	1.05e-10	2.62e-19	2.79e-19
 4.88738e+22	1.19e-10	5.77e-07	2.80e-04	1.36e-02	7.91e-02	1.48e-01	5.67e-01	1.78e-01	1.36e-02	1.19e-10	3.05e-19	3.24e-19
 4.90917e+22	1.32e-10	6.37e-07	3.07e-04	1.46e-02	8.31e-02	1.53e-01	5.65e-01	1.71e-01	1.26e-02	1.32e-10	3.47e-19	3.70e-19
 4.93059e+22	1.48e-10	7.14e-07	3.43e-04	1.61e-02	8.86e-02	1.61e-01	5.62e-01	1.61e-01	1.13e-02	1.48e-10	4.02e-19	4.29e-19
 4.95212e+22	1.66e-10	7.91e-07	3.77e-04	1.74e-02	9.29e-02	1.66e-01	5.59e-01	1.54e-01	1.05e-02	1.66e-10	4.61e-19	4.92e-19
 4.97381e+22	1.89e-10	8.94e-07	4.24e-04	1.91e-02	9.88e-02	1.73e-01	5.54e-01	1.45e-01	9.35e-03	1.89e-10	5.40e-19	5.78e-19
 4.99584e+22	2.13e-10	9.97e-07	4.67e-04	2.06e-02	1.04e-01	1.79e-01	5.49e-01	1.39e-01	8.59e-03	2.13e-10	6.25e-19	6.70e-19
 5.01832e+22	2.46e-10	1.14e-06	5.28e-04	2.28e-02	1.10e-01	1.86e-01	5.43e-01	1.30e-01	7.63e-03	2.46e-10	7.45e-19	7.99e-19
 5.04113e+22	2.80e-10	1.28e-06	5.84e-04	2.46e-02	1.16e-01	1.92e-01	5.37e-01	1.23e-01	6.98e-03	2.80e-10	8.71e-19	9.35e-19
 5.06436e+22	3.27e-10	1.47e-06	6.63e-04	2.71e-02	1.23e-01	2.00e-01	5.29e-01	1.15e-01	6.16e-03	3.27e-10	1.05e-18	1.13e-18
 5.08802e+22	3.77e-10	1.66e-06	7.37e-04	2.94e-02	1.29e-01	2.05e-01	5.22e-01	1.09e-01	5.60e-03	3.77e-10	1.25e-18	1.34e-18
 5.11222e+22	4.48e-10	1.94e-06	8.43e-04	3.25e-02	1.37e-01	2.13e-01	5.11e-01	1.01e-01	4.90e-03	4.48e-10	1.53e-18	1.65e-18
 5.13695e+22	5.22e-10	2.21e-06	9.41e-04	3.52e-02	1.43e-01	2.18e-01	5.03e-01	9.48e-02	4.43e-03	5.22e-10	1.84e-18	1.99e-18
 5.16236e+22	6.32e-10	2.61e-06	1.08e-03	3.90e-02	1.52e-01	2.26e-01	4.90e-01	8.71e-02	3.84e-03	6.32e-10	2.31e-18	2.50e-18
 5.18814e+22	7.44e-10	3.00e-06	1.21e-03	4.23e-02	1.60e-01	2.32e-01	4.80e-01	8.16e-02	3.44e-03	7.44e-10	2.81e-18	3.04e-18
 5.21440e+22	9.15e-10	3.58e-06	1.41e-03	4.70e-02	1.69e-01	2.39e-01	4.66e-01	7.45e-02	2.96e-03	9.15e-10	3.59e-18	3.89e-18
 5.24093e+22	1.09e-09	4.13e-06	1.58e-03	5.09e-02	1.77e-01	2.44e-01	4.55e-01	6.94e-02	2.63e-03	1.09e-09	4.40e-18	4.77e-18
 5.26355e+22	1.28e-09	4.72e-06	1.76e-03	5.48e-02	1.84e-01	2.48e-01	4.44e-01	6.47e-02	2.35e-03	1.28e-09	5.32e-18	5.77e-18
 5.28869e+22	1.57e-09	5.60e-06	2.02e-03	6.03e-02	1.94e-01	2.54e-01	4.29e-01	5.91e-02	2.03e-03	1.57e-09	6.80e-18	7.39e-18
 5.31407e+22	1.86e-09	6.44e-06	2.26e-03	6.49e-02	2.02e-01	2.58e-01	4.16e-01	5.48e-02	1.80e-03	1.86e-09	8.30e-18	9.03e-18
 5.33976e+22	2.31e-09	7.68e-06	2.59e-03	7.12e-02	2.12e-01	2.62e-01	4.01e-01	4.98e-02	1.55e-03	2.31e-09	1.07e-17	1.17e-17
 5.36473e+22	2.73e-09	8.79e-06	2.87e-03	7.62e-02	2.19e-01	2.65e-01	3.89e-01	4.62e-02	1.38e-03	2.73e-09	1.30e-17	1.42e-17
 5.38545e+22	3.21e-09	9.99e-06	3.17e-03	8.13e-02	2.27e-01	2.68e-01	3.77e-01	4.29e-02	1.23e-03	3.21e-09	1.57e-17	1.71e-17
 5.40908e+22	3.93e-09	1.18e-05	3.60e-03	8.81e-02	2.36e-01	2.71e-01	3.61e-01	3.91e-02	1.06e-03	3.93e-09	1.99e-17	2.18e-17
 5.43346e+22	4.69e-09	1.35e-05	4.00e-03	9.43e-02	2.44e-01	2.73e-01	3.48e-01	3.60e-02	9.37e-04	4.69e-09	2.45e-17	2.67e-17
 5.45536e+22	5.57e-09	1.55e-05	4.44e-03	1.01e-01	2.51e-01	2.74e-01	3.36e-01	3.31e-02	8.26e-04	5.57e-09	2.99e-17	3.28e-17
 5.48037e+22	6.94e-09	1.85e-05	5.05e-03	1.09e-01	2.61e-01	2.75e-01	3.19e-01	2.98e-02	7.04e-04	6.94e-09	3.87e-17	4.24e-17
 5.50617e+22	8.40e-09	2.14e-05	5.64e-03	1.17e-01	2.69e-01	2.76e-01	3.05e-01	2.72e-02	6.11e-04	8.40e-09	4.83e-17	5.30e-17
 5.52917e+22	1.01e-08	2.47e-05	6.27e-03	1.24e-01	2.76e-01	2.76e-01	2.92e-01	2.48e-02	5.33e-04	1.01e-08	5.98e-17	6.56e-17
 5.55523e+22	1.27e-08	2.96e-05	7.14e-03	1.34e-01	2.86e-01	2.75e-01	2.75e-01	2.20e-02	4.48e-04	1.27e-08	7.83e-17	8.59e-17
 5.58242e+22	1.56e-08	3.47e-05	8.02e-03	1.44e-01	2.94e-01	2.73e-01	2.61e-01	1.98e-02	3.82e-04	1.56e-08	9.93e-17	1.09e-16
 5.60697e+22	1.89e-08	4.03e-05	8.93e-03	1.53e-01	3.01e-01	2.72e-01	2.47e-01	1.79e-02	3.29e-04	1.89e-08	1.25e-16	1.37e-16
 5.63476e+22	2.41e-08	4.86e-05	1.02e-02	1.65e-01	3.10e-01	2.68e-01	2.30e-01	1.56e-02	2.70e-04	2.41e-08	1.66e-16	1.83e-16
 5.66331e+22	2.98e-08	5.72e-05	1.15e-02	1.76e-01	3.17e-01	2.65e-01	2.16e-01	1.39e-02	2.28e-04	2.98e-08	2.13e-16	2.34e-16
 5.68868e+22	3.65e-08	6.67e-05	1.28e-02	1.87e-01	3.23e-01	2.61e-01	2.03e-01	1.24e-02	1.93e-04	3.65e-08	2.69e-16	2.96e-16
 5.71749e+22	4.70e-08	8.09e-05	1.46e-02	2.01e-01	3.31e-01	2.56e-01	1.87e-01	1.07e-02	1.56e-04	4.70e-08	3.62e-16	4.00e-16
 5.74724e+22	5.85e-08	9.56e-05	1.64e-02	2.13e-01	3.36e-01	2.50e-01	1.74e-01	9.34e-03	1.29e-04	5.85e-08	4.68e-16	5.17e-16
 5.77354e+22	7.18e-08	1.12e-04	1.82e-02	2.25e-01	3.41e-01	2.45e-01	1.62e-01	8.24e-03	1.08e-04	7.18e-08	5.94e-16	6.57e-16
 5.80309e+22	9.28e-08	1.35e-04	2.08e-02	2.41e-01	3.46e-01	2.37e-01	1.48e-01	7.00e-03	8.61e-05	9.28e-08	8.04e-16	8.90e-16
 5.83328e+22	1.15e-07	1.59e-04	2.32e-02	2.54e-01	3.50e-01	2.30e-01	1.36e-01	6.08e-03	7.06e-05	1.15e-07	1.04e-15	1.15e-15
 5.86008e+22	1.42e-07	1.86e-04	2.57e-02	2.67e-01	3.53e-01	2.23e-01	1.25e-01	5.30e-03	5.82e-05	1.42e-07	1.32e-15	1.47e-15
 5.89070e+22	1.85e-07	2.27e-04	2.93e-02	2.84e-01	3.56e-01	2.14e-01	1.13e-01	4.43e-03	4.54e-05	1.85e-07	1.80e-15	2.00e-15
 5.92196e+22	2.30e-07	2.68e-04	3.26e-02	2.98e-01	3.57e-01	2.05e-01	1.03e-01	3.79e-03	3.66e-05	2.30e-07	2.33e-15	2.60e-15
 5.94974e+22	2.85e-07	3.13e-04	3.61e-02	3.12e-01	3.57e-01	1.97e-01	9.37e-02	3.26e-03	2.97e-05	2.85e-07	3.00e-15	3.33e-15
 5.98155e+22	3.71e-07	3.82e-04	4.10e-02	3.29e-01	3.57e-01	1.86e-01	8.30e-02	2.68e-03	2.27e-05	3.71e-07	4.11e-15	4.57e-15
 6.01407e+22	4.65e-07	4.51e-04	4.56e-02	3.44e-01	3.56e-01	1.77e-01	7.47e-02	2.25e-03	1.79e-05	4.65e-07	5.35e-15	5.97e-15
 6.04189e+22	5.68e-07	5.23e-04	5.01e-02	3.57e-01	3.54e-01	1.69e-01	6.79e-02	1.93e-03	1.45e-05	5.68e-07	6.77e-15	7.56e-15
 6.07241e+22	7.29e-07	6.28e-04	5.62e-02	3.73e-01	3.51e-01	1.58e-01	5.99e-02	1.58e-03	1.11e-05	7.29e-07	9.11e-15	1.02e-14
 6.10372e+22	8.99e-07	7.33e-04	6.18e-02	3.86e-01	3.47e-01	1.50e-01	5.38e-02	1.33e-03	8.77e-06	8.99e-07	1.17e-14	1.30e-14
 6.13162e+22	1.10e-06	8.49e-04	6.76e-02	3.98e-01	3.43e-01	1.41e-01	4.83e-02	1.12e-03	6.98e-06	1.10e-06	1.48e-14	1.66e-14
 6.16345e+22	1.42e-06	1.02e-03	7.57e-02	4.13e-01	3.36e-01	1.31e-01	4.21e-02	9.05e-04	5.21e-06	1.42e-06	2.00e-14	2.24e-14
 6.19581e+22	1.74e-06	1.19e-03	8.30e-02	4.25e-01	3.30e-01	1.22e-01	3.74e-02	7.52e-04	4.06e-06	1.74e-06	2.57e-14	2.88e-14
 6.22329e+22	2.11e-06	1.37e-03	9.01e-02	4.35e-01	3.24e-01	1.15e-01	3.35e-02	6.34e-04	3.23e-06	2.11e-06	3.21e-14	3.60e-14
 6.25344e+22	2.65e-06	1.62e-03	9.94e-02	4.47e-01	3.16e-01	1.06e-01	2.92e-02	5.13e-04	2.43e-06	2.65e-06	4.23e-14	4.76e-14
 6.28440e+22	3.21e-06	1.86e-03	1.08e-01	4.56e-01	3.09e-01	9.86e-02	2.59e-02	4.27e-04	1.90e-06	3.21e-06	5.33e-14	5.99e-14
 6.31210e+22	3.88e-06	2.13e-03	1.17e-01	4.65e-01	3.01e-01	9.17e-02	2.30e-02	3.56e-04	1.49e-06	3.88e-06	6.68e-14	7.51e-14
 6.33701e+22	4.52e-06	2.38e-03	1.25e-01	4.71e-01	2.95e-01	8.62e-02	2.08e-02	3.05e-04	1.22e-06	4.52e-06	8.03e-14	9.04e-14
 6.35924e+22	5.22e-06	2.64e-03	1.32e-01	4.77e-01	2.88e-01	8.12e-02	1.89e-02	2.64e-04	1.00e-06	5.22e-06	9.55e-14	1.08e-13
 6.38477e+22	6.26e-06	3.01e-03	1.42e-01	4.83e-01	2.80e-01	7.51e-02	1.67e-02	2.20e-04	7.86e-07	6.26e-06	1.19e-13	1.34e-13
 6.41116e+22	7.35e-06	3.38e-03	1.52e-01	4.88e-01	2.72e-01	6.99e-02	1.50e-02	1.85e-04	6.27e-07	7.35e-06	1.44e-13	1.63e-13
 6.43444e+22	8.50e-06	3.75e-03	1.61e-01	4.92e-01	2.65e-01	6.54e-02	1.35e-02	1.59e-04	5.11e-07	8.50e-06	1.72e-13	1.95e-13
 6.46048e+22	1.02e-05	4.29e-03	1.73e-01	4.96e-01	2.55e-01	5.98e-02	1.18e-02	1.30e-04	3.91e-07	1.02e-05	2.16e-13	2.44e-13
 6.48703e+22	1.19e-05	4.76e-03	1.84e-01	4.98e-01	2.47e-01	5.56e-02	1.06e-02	1.10e-04	3.14e-07	1.19e-05	2.59e-13	2.93e-13
 6.51426e+22	1.44e-05	5.46e-03	1.98e-01	5.00e-01	2.37e-01	5.04e-02	9.15e-03	8.85e-05	2.36e-07	1.44e-05	3.26e-13	3.70e-13
 6.54171e+22	1.66e-05	6.06e-03	2.09e-01	5.02e-01	2.29e-01	4.66e-02	8.16e-03	7.45e-05	1.88e-07	1.66e-05	3.90e-13	4.43e-13
 6.56942e+22	2.01e-05	6.93e-03	2.24e-01	5.02e-01	2.18e-01	4.21e-02	7.03e-03	5.97e-05	1.41e-07	2.01e-05	4.92e-13	5.58e-13
 6.59753e+22	2.32e-05	7.68e-03	2.37e-01	5.01e-01	2.09e-01	3.86e-02	6.22e-03	4.99e-05	0.00e+00	2.32e-05	5.88e-13	6.68e-13
 6.62616e+22	2.81e-05	8.79e-03	2.54e-01	4.99e-01	1.99e-01	3.46e-02	5.31e-03	3.94e-05	0.00e+00	2.81e-05	7.44e-13	8.46e-13
 6.65504e+22	3.24e-05	9.73e-03	2.68e-01	4.96e-01	1.90e-01	3.16e-02	4.69e-03	3.28e-05	0.00e+00	3.24e-05	8.89e-13	1.01e-12
 6.68427e+22	3.93e-05	1.11e-02	2.86e-01	4.92e-01	1.79e-01	2.81e-02	3.97e-03	2.57e-05	0.00e+00	3.93e-05	1.13e-12	1.28e-12
