#depth	H	H+	H2
 4.62852e+21	2.67e-10	1.00e+00	9.19e-41
 1.02731e+22	5.52e-10	1.00e+00	6.54e-40
 1.16831e+22	7.43e-10	1.00e+00	1.45e-39
 1.22740e+22	8.65e-10	1.00e+00	2.20e-39
 1.25695e+22	9.33e-10	1.00e+00	2.61e-39
 1.27443e+22	9.91e-10	1.00e+00	3.08e-39
 1.28962e+22	1.05e-09	1.00e+00	3.61e-39
 1.30471e+22	1.11e-09	1.00e+00	4.22e-39
 1.31967e+22	1.18e-09	1.00e+00	4.93e-39
 1.33451e+22	1.25e-09	1.00e+00	5.69e-39
 1.34923e+22	1.33e-09	1.00e+00	6.63e-39
 1.36383e+22	1.41e-09	1.00e+00	7.74e-39
 1.37832e+22	1.49e-09	1.00e+00	9.02e-39
 1.39271e+22	1.58e-09	1.00e+00	1.05e-38
 1.40699e+22	1.67e-09	1.00e+00	1.22e-38
 1.42118e+22	1.77e-09	1.00e+00	1.43e-38
 1.43528e+22	1.87e-09	1.00e+00	1.66e-38
 1.44930e+22	1.98e-09	1.00e+00	1.92e-38
 1.46323e+22	2.09e-09	1.00e+00	2.24e-38
 1.47708e+22	2.21e-09	1.00e+00	2.60e-38
 1.49086e+22	2.33e-09	1.00e+00	3.02e-38
 1.50457e+22	2.47e-09	1.00e+00	3.50e-38
 1.51821e+22	2.61e-09	1.00e+00	4.06e-38
 1.53179e+22	2.75e-09	1.00e+00	4.70e-38
 1.54531e+22	2.90e-09	1.00e+00	5.44e-38
 1.55878e+22	3.07e-09	1.00e+00	6.34e-38
 1.57219e+22	3.24e-09	1.00e+00	7.30e-38
 1.58555e+22	3.41e-09	1.00e+00	8.47e-38
 1.59885e+22	3.60e-09	1.00e+00	9.82e-38
 1.61184e+22	3.79e-09	1.00e+00	1.13e-37
 1.62479e+22	4.00e-09	1.00e+00	1.31e-37
 1.63790e+22	4.21e-09	1.00e+00	1.53e-37
 1.65096e+22	4.44e-09	1.00e+00	1.77e-37
 1.66405e+22	4.68e-09	1.00e+00	2.06e-37
 1.67702e+22	4.92e-09	1.00e+00	2.37e-37
 1.68995e+22	5.19e-09	1.00e+00	2.75e-37
 1.70293e+22	5.46e-09	1.00e+00	3.18e-37
 1.71586e+22	5.75e-09	1.00e+00	3.71e-37
 1.72816e+22	6.02e-09	1.00e+00	4.24e-37
 1.74045e+22	6.34e-09	1.00e+00	4.92e-37
 1.75293e+22	6.65e-09	1.00e+00	5.68e-37
 1.76539e+22	7.00e-09	1.00e+00	6.60e-37
 1.77802e+22	7.35e-09	1.00e+00	7.66e-37
 1.79022e+22	7.70e-09	1.00e+00	8.84e-37
 1.80259e+22	8.10e-09	1.00e+00	1.03e-36
 1.81452e+22	8.46e-09	1.00e+00	1.18e-36
 1.82646e+22	8.90e-09	1.00e+00	1.38e-36
 1.83857e+22	9.31e-09	1.00e+00	1.59e-36
 1.85062e+22	9.78e-09	1.00e+00	1.86e-36
 1.86287e+22	1.02e-08	1.00e+00	2.16e-36
 1.87509e+22	1.08e-08	1.00e+00	2.53e-36
 1.88715e+22	1.13e-08	1.00e+00	2.94e-36
 1.89918e+22	1.18e-08	1.00e+00	3.46e-36
 1.91138e+22	1.24e-08	1.00e+00	4.05e-36
 1.92307e+22	1.29e-08	1.00e+00	4.72e-36
 1.93502e+22	1.36e-08	1.00e+00	5.58e-36
 1.94707e+22	1.42e-08	1.00e+00	6.55e-36
 1.95908e+22	1.49e-08	1.00e+00	7.78e-36
 1.97125e+22	1.56e-08	1.00e+00	9.22e-36
 1.98337e+22	1.64e-08	1.00e+00	1.10e-35
 1.99541e+22	1.71e-08	1.00e+00	1.31e-35
 2.00739e+22	1.80e-08	1.00e+00	1.56e-35
 2.01943e+22	1.88e-08	1.00e+00	1.87e-35
 2.03141e+22	1.97e-08	1.00e+00	2.25e-35
 2.04337e+22	2.06e-08	1.00e+00	2.71e-35
 2.05527e+22	2.16e-08	1.00e+00	3.27e-35
 2.06709e+22	2.26e-08	1.00e+00	3.95e-35
 2.07885e+22	2.37e-08	1.00e+00	4.78e-35
 2.09054e+22	2.48e-08	1.00e+00	5.77e-35
 2.10217e+22	2.60e-08	1.00e+00	6.98e-35
 2.11374e+22	2.72e-08	1.00e+00	8.41e-35
 2.12523e+22	2.84e-08	1.00e+00	1.02e-34
 2.13665e+22	2.97e-08	1.00e+00	1.23e-34
 2.14803e+22	3.11e-08	1.00e+00	1.49e-34
 2.15938e+22	3.25e-08	1.00e+00	1.80e-34
 2.17072e+22	3.40e-08	1.00e+00	2.18e-34
 2.18205e+22	3.55e-08	1.00e+00	2.62e-34
 2.19339e+22	3.71e-08	1.00e+00	3.15e-34
 2.20477e+22	3.88e-08	1.00e+00	3.80e-34
 2.21620e+22	4.05e-08	1.00e+00	4.58e-34
 2.22774e+22	4.23e-08	1.00e+00	5.51e-34
 2.23939e+22	4.42e-08	1.00e+00	6.63e-34
 2.25117e+22	4.62e-08	1.00e+00	7.96e-34
 2.26313e+22	4.82e-08	1.00e+00	9.57e-34
 2.27530e+22	5.04e-08	1.00e+00	1.15e-33
 2.28771e+22	5.26e-08	1.00e+00	1.38e-33
 2.30041e+22	5.50e-08	1.00e+00	1.66e-33
 2.31283e+22	5.72e-08	1.00e+00	1.96e-33
 2.32563e+22	5.98e-08	1.00e+00	8.52e-34
 2.33864e+22	6.22e-08	1.00e+00	1.02e-33
 2.35209e+22	6.50e-08	1.00e+00	1.25e-33
 2.36578e+22	6.75e-08	1.00e+00	1.49e-33
 2.37995e+22	7.07e-08	1.00e+00	1.83e-33
 2.39441e+22	7.34e-08	1.00e+00	2.18e-33
 2.40771e+22	7.61e-08	1.00e+00	2.58e-33
 2.42287e+22	7.97e-08	1.00e+00	3.18e-33
 2.43816e+22	8.26e-08	1.00e+00	3.70e-33
 2.45363e+22	8.64e-08	1.00e+00	4.55e-33
 2.46915e+22	8.94e-08	1.00e+00	5.13e-33
 2.48472e+22	9.35e-08	1.00e+00	6.26e-33
 2.50056e+22	9.66e-08	1.00e+00	7.32e-33
 2.51674e+22	1.01e-07	1.00e+00	8.95e-33
 2.53288e+22	1.04e-07	1.00e+00	1.03e-32
 2.54895e+22	1.09e-07	1.00e+00	1.26e-32
 2.56539e+22	1.12e-07	1.00e+00	1.47e-32
 2.58230e+22	1.17e-07	1.00e+00	1.74e-32
 2.59925e+22	1.21e-07	1.00e+00	2.02e-32
 2.61623e+22	1.27e-07	1.00e+00	2.46e-32
 2.63351e+22	1.31e-07	1.00e+00	2.87e-32
 2.65120e+22	1.37e-07	1.00e+00	3.52e-32
 2.66913e+22	1.42e-07	1.00e+00	4.12e-32
 2.68471e+22	1.47e-07	1.00e+00	4.82e-32
 2.69941e+22	1.51e-07	1.00e+00	5.54e-32
 2.71566e+22	1.58e-07	1.00e+00	6.68e-32
 2.73184e+22	1.63e-07	1.00e+00	7.69e-32
 2.74494e+22	1.67e-07	1.00e+00	8.70e-32
 2.75897e+22	1.74e-07	1.00e+00	1.03e-31
 2.77287e+22	1.79e-07	1.00e+00	1.14e-31
 2.78414e+22	1.83e-07	1.00e+00	1.27e-31
 2.79630e+22	1.89e-07	1.00e+00	1.47e-31
 2.80780e+22	1.94e-07	1.00e+00	1.62e-31
 2.81843e+22	2.00e-07	1.00e+00	1.85e-31
 2.82914e+22	2.04e-07	1.00e+00	2.03e-31
 2.83994e+22	2.11e-07	1.00e+00	2.33e-31
 2.85044e+22	2.16e-07	1.00e+00	2.56e-31
 2.86054e+22	2.23e-07	1.00e+00	2.93e-31
 2.87054e+22	2.28e-07	1.00e+00	3.22e-31
 2.88042e+22	2.35e-07	1.00e+00	3.66e-31
 2.89048e+22	2.42e-07	1.00e+00	4.06e-31
 2.89898e+22	2.47e-07	1.00e+00	4.46e-31
 2.90823e+22	2.56e-07	1.00e+00	5.09e-31
 2.91716e+22	2.61e-07	1.00e+00	5.56e-31
 2.92568e+22	2.69e-07	1.00e+00	6.26e-31
 2.93451e+22	2.77e-07	1.00e+00	6.93e-31
 2.94373e+22	2.87e-07	1.00e+00	7.96e-31
 2.95281e+22	2.94e-07	1.00e+00	8.78e-31
 2.96170e+22	3.05e-07	1.00e+00	1.01e-30
 2.97071e+22	3.14e-07	1.00e+00	1.12e-30
 2.97854e+22	3.24e-07	1.00e+00	1.25e-30
 2.98737e+22	3.37e-07	1.00e+00	1.44e-30
 2.99615e+22	3.47e-07	1.00e+00	1.61e-30
 3.00485e+22	3.62e-07	1.00e+00	1.87e-30
 3.01365e+22	3.74e-07	1.00e+00	2.10e-30
 3.02118e+22	3.86e-07	1.00e+00	2.35e-30
 3.02956e+22	4.04e-07	1.00e+00	2.74e-30
 3.03785e+22	4.17e-07	1.00e+00	3.07e-30
 3.04602e+22	4.36e-07	1.00e+00	3.57e-30
 3.05434e+22	4.51e-07	1.00e+00	4.01e-30
 3.06284e+22	4.73e-07	1.00e+00	4.68e-30
 3.07151e+22	4.91e-07	1.00e+00	5.30e-30
 3.07917e+22	5.09e-07	1.00e+00	5.99e-30
 3.08759e+22	5.33e-07	1.00e+00	6.95e-30
 3.09611e+22	5.54e-07	1.00e+00	7.89e-30
 3.10458e+22	5.80e-07	1.00e+00	9.14e-30
 3.11320e+22	6.04e-07	1.00e+00	1.04e-29
 3.12187e+22	6.33e-07	1.00e+00	1.20e-29
 3.13069e+22	6.60e-07	1.00e+00	1.37e-29
 3.13955e+22	6.91e-07	1.00e+00	1.59e-29
 3.14840e+22	7.18e-07	1.00e+00	1.79e-29
 3.15768e+22	7.55e-07	1.00e+00	2.09e-29
 3.16700e+22	7.86e-07	1.00e+00	2.37e-29
 3.17636e+22	8.24e-07	1.00e+00	2.74e-29
 3.18606e+22	8.58e-07	1.00e+00	3.11e-29
 3.19606e+22	9.00e-07	1.00e+00	3.60e-29
 3.20635e+22	9.38e-07	1.00e+00	4.09e-29
 3.21704e+22	9.85e-07	1.00e+00	4.75e-29
 3.22803e+22	1.03e-06	1.00e+00	5.40e-29
 3.23947e+22	1.08e-06	1.00e+00	6.28e-29
 3.25124e+22	1.12e-06	1.00e+00	7.13e-29
 3.26370e+22	1.18e-06	1.00e+00	8.35e-29
 3.27621e+22	1.23e-06	1.00e+00	9.44e-29
 3.28894e+22	1.29e-06	1.00e+00	1.10e-28
 3.30197e+22	1.34e-06	1.00e+00	1.25e-28
 3.31326e+22	1.39e-06	1.00e+00	1.40e-28
 3.32583e+22	1.46e-06	1.00e+00	1.62e-28
 3.33835e+22	1.51e-06	1.00e+00	1.80e-28
 3.35081e+22	1.58e-06	1.00e+00	2.07e-28
 3.36361e+22	1.63e-06	1.00e+00	2.31e-28
 3.37508e+22	1.69e-06	1.00e+00	2.57e-28
 3.38819e+22	1.76e-06	1.00e+00	2.96e-28
 3.40122e+22	1.82e-06	1.00e+00	3.27e-28
 3.41414e+22	1.90e-06	1.00e+00	3.74e-28
 3.42727e+22	1.96e-06	1.00e+00	4.14e-28
 3.44065e+22	2.05e-06	1.00e+00	4.74e-28
 3.45428e+22	2.11e-06	1.00e+00	5.24e-28
 3.46823e+22	2.20e-06	1.00e+00	6.12e-28
 3.48242e+22	2.27e-06	1.00e+00	6.77e-28
 3.49484e+22	2.34e-06	1.00e+00	7.47e-28
 3.50889e+22	2.44e-06	1.00e+00	8.51e-28
 3.52291e+22	2.51e-06	1.00e+00	9.30e-28
 3.53689e+22	2.61e-06	1.00e+00	1.06e-27
 3.55106e+22	2.68e-06	1.00e+00	1.16e-27
 3.56550e+22	2.78e-06	1.00e+00	1.31e-27
 3.58043e+22	2.86e-06	1.00e+00	1.45e-27
 3.59599e+22	2.97e-06	1.00e+00	1.65e-27
 3.61182e+22	3.06e-06	1.00e+00	1.82e-27
 3.62797e+22	3.18e-06	1.00e+00	2.08e-27
 3.64469e+22	3.27e-06	1.00e+00	2.31e-27
 3.66214e+22	3.40e-06	1.00e+00	2.66e-27
 3.68016e+22	3.50e-06	1.00e+00	2.98e-27
 3.69893e+22	3.65e-06	1.00e+00	3.46e-27
 3.71775e+22	3.76e-06	1.00e+00	3.86e-27
 3.73665e+22	3.92e-06	1.00e+00	4.47e-27
 3.75627e+22	4.05e-06	1.00e+00	5.06e-27
 3.77686e+22	4.23e-06	1.00e+00	5.91e-27
 3.79773e+22	4.39e-06	1.00e+00	6.72e-27
 3.81619e+22	4.55e-06	1.00e+00	7.62e-27
 3.83740e+22	4.78e-06	1.00e+00	9.00e-27
 3.85743e+22	4.94e-06	1.00e+00	1.00e-26
 3.87590e+22	5.18e-06	1.00e+00	1.16e-26
 3.89464e+22	5.35e-06	1.00e+00	1.30e-26
 3.91372e+22	5.65e-06	1.00e+00	1.52e-26
 3.93284e+22	5.87e-06	1.00e+00	1.73e-26
 3.95201e+22	6.23e-06	1.00e+00	2.03e-26
 3.97137e+22	6.50e-06	1.00e+00	2.28e-26
 3.99098e+22	6.93e-06	1.00e+00	2.67e-26
 4.01085e+22	7.29e-06	1.00e+00	3.03e-26
 4.03105e+22	7.83e-06	1.00e+00	3.57e-26
 4.05147e+22	8.29e-06	1.00e+00	4.06e-26
 4.07180e+22	8.95e-06	1.00e+00	4.77e-26
 4.09110e+22	9.44e-06	1.00e+00	5.33e-26
 4.10943e+22	1.02e-05	1.00e+00	6.18e-26
 4.12814e+22	1.08e-05	1.00e+00	6.95e-26
 4.14617e+22	1.17e-05	1.00e+00	7.91e-26
 4.16467e+22	1.25e-05	1.00e+00	8.89e-26
 4.18251e+22	1.35e-05	1.00e+00	1.00e-25
 4.20020e+22	1.45e-05	1.00e+00	1.13e-25
 4.21769e+22	1.56e-05	1.00e+00	1.26e-25
 4.23510e+22	1.68e-05	1.00e+00	1.41e-25
 4.25220e+22	1.80e-05	1.00e+00	1.57e-25
 4.26924e+22	1.94e-05	1.00e+00	1.76e-25
 4.28629e+22	2.08e-05	1.00e+00	1.97e-25
 4.30342e+22	2.24e-05	1.00e+00	2.22e-25
 4.32069e+22	2.41e-05	1.00e+00	2.50e-25
 4.33818e+22	2.59e-05	1.00e+00	2.84e-25
 4.35596e+22	2.78e-05	1.00e+00	3.23e-25
 4.37390e+22	2.99e-05	1.00e+00	3.71e-25
 4.39221e+22	3.21e-05	1.00e+00	3.78e-25
 4.41062e+22	3.44e-05	1.00e+00	4.39e-25
 4.42953e+22	3.70e-05	1.00e+00	5.17e-25
 4.44867e+22	3.96e-05	1.00e+00	6.09e-25
 4.46604e+22	4.19e-05	1.00e+00	7.04e-25
 4.48460e+22	4.52e-05	1.00e+00	8.57e-25
 4.50332e+22	4.76e-05	1.00e+00	9.96e-25
 4.52225e+22	5.12e-05	1.00e+00	1.23e-24
 4.54167e+22	5.41e-05	1.00e+00	1.45e-24
 4.56172e+22	5.82e-05	1.00e+00	1.81e-24
 4.58197e+22	6.13e-05	1.00e+00	2.15e-24
 4.60245e+22	6.58e-05	1.00e+00	2.71e-24
 4.62313e+22	6.93e-05	1.00e+00	3.24e-24
 4.64406e+22	7.43e-05	1.00e+00	4.11e-24
 4.66526e+22	7.81e-05	1.00e+00	4.94e-24
 4.68683e+22	8.37e-05	1.00e+00	6.31e-24
 4.70875e+22	8.80e-05	1.00e+00	7.63e-24
 4.73113e+22	9.42e-05	1.00e+00	9.82e-24
 4.75396e+22	9.92e-05	1.00e+00	1.20e-23
 4.77738e+22	1.06e-04	1.00e+00	1.55e-23
 4.80136e+22	1.12e-04	1.00e+00	1.91e-23
 4.82157e+22	1.17e-04	1.00e+00	2.29e-23
 4.84336e+22	1.25e-04	1.00e+00	2.91e-23
 4.86528e+22	1.30e-04	1.00e+00	3.48e-23
 4.88738e+22	1.38e-04	1.00e+00	4.42e-23
 4.90917e+22	1.44e-04	1.00e+00	5.23e-23
 4.93059e+22	1.53e-04	1.00e+00	6.61e-23
 4.95212e+22	1.59e-04	1.00e+00	7.81e-23
 4.97381e+22	1.68e-04	1.00e+00	9.86e-23
 4.99584e+22	1.75e-04	1.00e+00	1.17e-22
 5.01832e+22	1.85e-04	1.00e+00	1.49e-22
 5.04113e+22	1.93e-04	1.00e+00	1.77e-22
 5.06436e+22	2.05e-04	1.00e+00	2.26e-22
 5.08802e+22	2.13e-04	1.00e+00	2.72e-22
 5.11222e+22	2.26e-04	1.00e+00	3.49e-22
 5.13695e+22	2.36e-04	1.00e+00	4.22e-22
 5.16236e+22	2.51e-04	1.00e+00	5.48e-22
 5.18814e+22	2.62e-04	1.00e+00	6.66e-22
 5.21440e+22	2.79e-04	1.00e+00	8.69e-22
 5.24093e+22	2.91e-04	1.00e+00	1.06e-21
 5.26355e+22	3.04e-04	1.00e+00	1.28e-21
 5.28869e+22	3.21e-04	1.00e+00	1.64e-21
 5.31407e+22	3.36e-04	1.00e+00	2.00e-21
 5.33976e+22	3.54e-04	1.00e+00	2.46e-21
 5.36473e+22	3.69e-04	1.00e+00	2.95e-21
 5.38545e+22	3.84e-04	1.00e+00	3.54e-21
 5.40908e+22	4.03e-04	1.00e+00	4.42e-21
 5.43346e+22	4.20e-04	1.00e+00	5.36e-21
 5.45536e+22	4.38e-04	1.00e+00	6.45e-21
 5.48037e+22	4.60e-04	1.00e+00	8.21e-21
 5.50617e+22	4.81e-04	1.00e+00	1.02e-20
 5.52917e+22	5.02e-04	9.99e-01	1.23e-20
 5.55523e+22	5.28e-04	9.99e-01	1.58e-20
 5.58242e+22	5.53e-04	9.99e-01	2.00e-20
 5.60697e+22	5.78e-04	9.99e-01	2.46e-20
 5.63476e+22	6.10e-04	9.99e-01	3.23e-20
 5.66331e+22	6.40e-04	9.99e-01	4.15e-20
 5.68868e+22	6.69e-04	9.99e-01	5.18e-20
 5.71749e+22	7.07e-04	9.99e-01	6.92e-20
 5.74724e+22	7.43e-04	9.99e-01	9.16e-20
 5.77354e+22	7.77e-04	9.99e-01	1.16e-19
 5.80309e+22	8.22e-04	9.99e-01	1.59e-19
 5.83328e+22	8.63e-04	9.99e-01	2.18e-19
 5.86008e+22	9.04e-04	9.99e-01	2.83e-19
 5.89070e+22	9.58e-04	9.99e-01	4.02e-19
 5.92196e+22	1.01e-03	9.99e-01	5.98e-19
 5.94974e+22	1.06e-03	9.99e-01	8.01e-19
 5.98155e+22	1.12e-03	9.99e-01	1.20e-18
 6.01407e+22	1.18e-03	9.99e-01	2.01e-18
 6.04189e+22	1.23e-03	9.99e-01	2.81e-18
 6.07241e+22	1.31e-03	9.99e-01	4.39e-18
 6.10372e+22	1.37e-03	9.99e-01	7.02e-18
 6.13162e+22	1.43e-03	9.99e-01	1.16e-17
 6.16345e+22	1.52e-03	9.98e-01	2.16e-17
 6.19581e+22	1.60e-03	9.98e-01	4.77e-17
 6.22329e+22	1.67e-03	9.98e-01	8.37e-17
 6.25344e+22	1.76e-03	9.98e-01	1.91e-16
 6.28440e+22	1.84e-03	9.98e-01	4.46e-16
 6.31210e+22	1.93e-03	9.98e-01	9.80e-16
 6.33701e+22	2.00e-03	9.98e-01	2.39e-15
 6.35924e+22	2.07e-03	9.98e-01	8.61e-15
 6.38477e+22	2.16e-03	9.98e-01	2.50e-14
 6.41116e+22	2.25e-03	9.98e-01	1.23e-13
 6.43444e+22	2.33e-03	9.98e-01	2.02e-13
 6.46048e+22	2.44e-03	9.98e-01	2.73e-13
 6.48703e+22	2.53e-03	9.97e-01	3.40e-13
 6.51426e+22	2.65e-03	9.97e-01	4.21e-13
 6.54171e+22	2.75e-03	9.97e-01	5.03e-13
 6.56942e+22	2.89e-03	9.97e-01	6.21e-13
 6.59753e+22	3.00e-03	9.97e-01	7.36e-13
 6.62616e+22	3.15e-03	9.97e-01	9.08e-13
 6.65504e+22	3.27e-03	9.97e-01	1.06e-12
 6.68427e+22	3.43e-03	9.97e-01	1.29e-12
 6.71392e+22	3.57e-03	9.96e-01	1.52e-12
 6.74414e+22	3.75e-03	9.96e-01	1.85e-12
 6.77492e+22	3.91e-03	9.96e-01	2.16e-12
 6.80640e+22	4.11e-03	9.96e-01	2.60e-12
 6.83894e+22	4.29e-03	9.96e-01	3.07e-12
 6.86462e+22	4.43e-03	9.96e-01	3.47e-12
 6.88979e+22	4.61e-03	9.95e-01	4.01e-12
 6.91550e+22	4.76e-03	9.95e-01	4.50e-12
 6.94189e+22	4.96e-03	9.95e-01	5.18e-12
 6.96882e+22	5.13e-03	9.95e-01	5.84e-12
 6.99645e+22	5.37e-03	9.95e-01	6.80e-12
 7.02402e+22	5.55e-03	9.94e-01	7.62e-12
 7.05153e+22	5.79e-03	9.94e-01	8.76e-12
 7.07975e+22	5.99e-03	9.94e-01	9.85e-12
 7.10890e+22	6.27e-03	9.94e-01	1.14e-11
 7.13824e+22	6.48e-03	9.94e-01	1.27e-11
 7.16784e+22	6.79e-03	9.93e-01	1.47e-11
 7.19569e+22	6.97e-03	9.93e-01	1.60e-11
 7.21557e+22	7.13e-03	9.93e-01	1.72e-11
 7.23571e+22	7.35e-03	9.93e-01	1.88e-11
 7.25834e+22	7.56e-03	9.92e-01	2.05e-11
 7.28421e+22	7.86e-03	9.92e-01	2.31e-11
 7.30861e+22	8.06e-03	9.92e-01	2.49e-11
 7.32798e+22	8.24e-03	9.92e-01	2.67e-11
 7.34539e+22	8.40e-03	9.92e-01	2.83e-11
 7.36338e+22	8.63e-03	9.91e-01	3.06e-11
 7.38677e+22	8.95e-03	9.91e-01	3.39e-11
 7.41119e+22	9.19e-03	9.91e-01	3.69e-11
 7.43694e+22	9.57e-03	9.90e-01	4.13e-11
 7.46323e+22	9.84e-03	9.90e-01	4.50e-11
 7.49021e+22	1.03e-02	9.90e-01	5.06e-11
 7.52068e+22	1.07e-02	9.89e-01	5.67e-11
 7.55569e+22	1.13e-02	9.89e-01	6.61e-11
 7.59198e+22	1.18e-02	9.88e-01	7.48e-11
 7.62994e+22	1.25e-02	9.87e-01	8.86e-11
 7.66804e+22	1.31e-02	9.87e-01	1.01e-10
 7.70632e+22	1.39e-02	9.86e-01	1.20e-10
 7.74506e+22	1.47e-02	9.85e-01	1.38e-10
 7.78440e+22	1.58e-02	9.84e-01	1.67e-10
 7.82378e+22	1.66e-02	9.83e-01	1.94e-10
 7.86321e+22	1.81e-02	9.82e-01	2.40e-10
 7.89794e+22	1.89e-02	9.81e-01	2.71e-10
 7.92656e+22	2.02e-02	9.80e-01	3.22e-10
 7.95572e+22	2.14e-02	9.79e-01	3.73e-10
 7.98152e+22	2.27e-02	9.77e-01	4.33e-10
 8.01102e+22	2.47e-02	9.75e-01	5.31e-10
 8.04087e+22	2.66e-02	9.73e-01	6.39e-10
 8.06662e+22	2.86e-02	9.71e-01	7.66e-10
 8.09554e+22	3.17e-02	9.68e-01	9.80e-10
 8.12560e+22	3.51e-02	9.65e-01	1.25e-09
 8.15265e+22	3.89e-02	9.61e-01	1.59e-09
 8.18330e+22	4.45e-02	9.55e-01	2.19e-09
 8.21535e+22	5.15e-02	9.49e-01	3.06e-09
 8.24261e+22	5.89e-02	9.41e-01	4.18e-09
 8.26704e+22	6.79e-02	9.32e-01	5.80e-09
 8.28286e+22	7.30e-02	9.27e-01	6.80e-09
 8.28928e+22	7.59e-02	9.24e-01	7.45e-09
 8.29450e+22	7.86e-02	9.21e-01	8.08e-09
 8.30040e+22	8.14e-02	9.19e-01	8.73e-09
 8.30740e+22	8.53e-02	9.15e-01	9.71e-09
 8.31469e+22	8.94e-02	9.11e-01	1.08e-08
 8.32126e+22	9.33e-02	9.07e-01	1.19e-08
 8.32748e+22	9.72e-02	9.03e-01	1.31e-08
 8.33386e+22	1.02e-01	8.98e-01	1.45e-08
 8.34012e+22	1.06e-01	8.94e-01	1.60e-08
 8.34617e+22	1.11e-01	8.89e-01	1.76e-08
 8.35225e+22	1.16e-01	8.84e-01	1.95e-08
 8.35820e+22	1.21e-01	8.79e-01	2.15e-08
 8.36403e+22	1.26e-01	8.74e-01	2.36e-08
 8.36998e+22	1.32e-01	8.68e-01	2.62e-08
 8.37585e+22	1.37e-01	8.63e-01	2.88e-08
 8.38158e+22	1.44e-01	8.56e-01	3.20e-08
 8.38718e+22	1.50e-01	8.50e-01	3.53e-08
 8.39255e+22	1.56e-01	8.44e-01	3.88e-08
 8.39798e+22	1.63e-01	8.37e-01	4.28e-08
 8.40350e+22	1.70e-01	8.30e-01	4.73e-08
 8.40899e+22	1.77e-01	8.23e-01	5.22e-08
 8.41444e+22	1.85e-01	8.15e-01	5.76e-08
 8.41984e+22	1.93e-01	8.07e-01	6.35e-08
 8.42521e+22	2.01e-01	7.99e-01	6.98e-08
 8.43067e+22	2.10e-01	7.90e-01	7.74e-08
 8.43607e+22	2.19e-01	7.81e-01	8.56e-08
 8.44127e+22	2.28e-01	7.72e-01	9.43e-08
 8.44645e+22	2.37e-01	7.63e-01	1.04e-07
 8.45171e+22	2.47e-01	7.53e-01	1.14e-07
 8.45701e+22	2.57e-01	7.43e-01	1.26e-07
 8.46232e+22	2.67e-01	7.33e-01	1.39e-07
 8.46763e+22	2.77e-01	7.23e-01	1.52e-07
 8.47333e+22	2.89e-01	7.11e-01	1.69e-07
 8.47914e+22	3.01e-01	6.99e-01	1.88e-07
 8.48444e+22	3.13e-01	6.87e-01	2.08e-07
 8.48942e+22	3.23e-01	6.77e-01	2.24e-07
 8.49499e+22	3.36e-01	6.64e-01	2.49e-07
 8.50107e+22	3.50e-01	6.50e-01	2.76e-07
 8.50680e+22	3.63e-01	6.37e-01	3.04e-07
 8.51233e+22	3.76e-01	6.24e-01	3.35e-07
 8.51791e+22	3.89e-01	6.11e-01	3.68e-07
 8.52365e+22	4.03e-01	5.97e-01	4.04e-07
 8.52958e+22	4.16e-01	5.84e-01	4.45e-07
 8.53564e+22	4.30e-01	5.70e-01	4.88e-07
 8.54185e+22	4.45e-01	5.55e-01	5.40e-07
 8.54805e+22	4.59e-01	5.41e-01	5.89e-07
 8.55445e+22	4.74e-01	5.26e-01	6.49e-07
 8.56111e+22	4.89e-01	5.11e-01	7.16e-07
 8.56765e+22	5.03e-01	4.97e-01	7.84e-07
 8.57433e+22	5.18e-01	4.82e-01	8.55e-07
 8.58151e+22	5.33e-01	4.67e-01	9.42e-07
 8.58838e+22	5.47e-01	4.53e-01	1.03e-06
 8.59432e+22	5.58e-01	4.42e-01	1.10e-06
 8.60033e+22	5.70e-01	4.30e-01	1.19e-06
 8.60688e+22	5.82e-01	4.18e-01	1.28e-06
 8.61373e+22	5.95e-01	4.05e-01	1.39e-06
 8.62055e+22	6.07e-01	3.93e-01	1.48e-06
 8.62747e+22	6.19e-01	3.81e-01	1.60e-06
 8.63469e+22	6.31e-01	3.69e-01	1.73e-06
 8.64190e+22	6.42e-01	3.58e-01	1.85e-06
 8.64923e+22	6.53e-01	3.47e-01	1.98e-06
 8.65702e+22	6.65e-01	3.35e-01	2.14e-06
 8.66504e+22	6.76e-01	3.24e-01	2.29e-06
 8.67320e+22	6.87e-01	3.13e-01	2.47e-06
 8.68161e+22	6.97e-01	3.03e-01	2.64e-06
 8.69041e+22	7.07e-01	2.93e-01	2.83e-06
 8.69968e+22	7.18e-01	2.82e-01	3.04e-06
 8.70915e+22	7.27e-01	2.73e-01	3.26e-06
 8.71897e+22	7.37e-01	2.63e-01	3.48e-06
 8.72946e+22	7.46e-01	2.54e-01	3.74e-06
 8.74058e+22	7.55e-01	2.45e-01	4.01e-06
 8.75220e+22	7.64e-01	2.36e-01	4.30e-06
 8.76452e+22	7.72e-01	2.28e-01	4.61e-06
 8.77774e+22	7.81e-01	2.19e-01	4.96e-06
 8.79169e+22	7.88e-01	2.12e-01	5.32e-06
 8.80627e+22	7.96e-01	2.04e-01	5.72e-06
 8.82164e+22	8.03e-01	1.97e-01	6.15e-06
 8.83800e+22	8.10e-01	1.90e-01	6.61e-06
 8.85517e+22	8.16e-01	1.84e-01	7.13e-06
 8.87313e+22	8.22e-01	1.78e-01	7.71e-06
 8.89170e+22	8.28e-01	1.72e-01	8.34e-06
 8.91050e+22	8.34e-01	1.66e-01	9.07e-06
 8.92899e+22	8.39e-01	1.61e-01	9.82e-06
 8.94715e+22	8.44e-01	1.56e-01	1.06e-05
 8.96535e+22	8.49e-01	1.51e-01	1.16e-05
 8.98331e+22	8.53e-01	1.47e-01	1.26e-05
 9.00093e+22	8.58e-01	1.42e-01	1.36e-05
 9.01853e+22	8.62e-01	1.38e-01	1.48e-05
 9.03580e+22	8.66e-01	1.34e-01	1.62e-05
 9.05234e+22	8.70e-01	1.30e-01	1.76e-05
 9.06846e+22	8.73e-01	1.27e-01	1.91e-05
 9.08430e+22	8.77e-01	1.23e-01	2.09e-05
 9.09982e+22	8.80e-01	1.20e-01	2.28e-05
 9.11496e+22	8.83e-01	1.17e-01	2.48e-05
 9.12968e+22	8.86e-01	1.13e-01	2.70e-05
 9.14410e+22	8.89e-01	1.10e-01	2.95e-05
 9.15837e+22	8.92e-01	1.07e-01	3.22e-05
 9.17244e+22	8.95e-01	1.04e-01	3.53e-05
 9.18604e+22	8.98e-01	1.02e-01	3.85e-05
 9.19926e+22	9.01e-01	9.91e-02	4.21e-05
 9.21219e+22	9.03e-01	9.66e-02	4.60e-05
 9.22458e+22	9.06e-01	9.41e-02	5.01e-05
 9.23623e+22	9.08e-01	9.19e-02	5.45e-05
 9.24716e+22	9.10e-01	8.97e-02	5.91e-05
 9.25476e+22	9.11e-01	8.85e-02	6.24e-05
