#depth	N	N+	N+2	N+3	N+4	N+5	N+6	N+7
 4.62852e+21	0.00e+00	1.86e-33	2.98e-26	7.93e-20	6.03e-14	6.90e-09	8.05e-05	1.00e+00
 1.02731e+22	0.00e+00	1.23e-31	9.35e-25	1.19e-18	4.41e-13	2.53e-08	1.49e-04	1.00e+00
 1.16831e+22	0.00e+00	6.72e-31	3.74e-24	3.59e-18	9.93e-13	4.31e-08	1.91e-04	1.00e+00
 1.22740e+22	0.00e+00	1.61e-30	7.67e-24	6.30e-18	1.50e-12	5.65e-08	2.18e-04	1.00e+00
 1.25695e+22	0.00e+00	2.51e-30	1.10e-23	8.37e-18	1.85e-12	6.48e-08	2.32e-04	1.00e+00
 1.27443e+22	0.00e+00	3.54e-30	1.46e-23	1.04e-17	2.17e-12	7.21e-08	2.44e-04	1.00e+00
 1.28962e+22	0.00e+00	4.99e-30	1.93e-23	1.30e-17	2.55e-12	8.01e-08	2.57e-04	1.00e+00
 1.30471e+22	0.00e+00	7.00e-30	2.55e-23	1.61e-17	2.99e-12	8.90e-08	2.70e-04	1.00e+00
 1.31967e+22	0.00e+00	9.81e-30	3.36e-23	2.00e-17	3.51e-12	9.88e-08	2.84e-04	1.00e+00
 1.33451e+22	0.00e+00	1.37e-29	4.43e-23	2.49e-17	4.11e-12	1.10e-07	2.98e-04	1.00e+00
 1.34923e+22	0.00e+00	1.92e-29	5.83e-23	3.08e-17	4.81e-12	1.22e-07	3.13e-04	1.00e+00
 1.36383e+22	0.00e+00	2.68e-29	7.65e-23	3.81e-17	5.63e-12	1.35e-07	3.29e-04	1.00e+00
 1.37832e+22	0.00e+00	3.74e-29	1.00e-22	4.72e-17	6.57e-12	1.49e-07	3.46e-04	1.00e+00
 1.39271e+22	0.00e+00	5.20e-29	1.31e-22	5.82e-17	7.67e-12	1.66e-07	3.63e-04	1.00e+00
 1.40699e+22	0.00e+00	7.22e-29	1.72e-22	7.18e-17	8.95e-12	1.83e-07	3.81e-04	1.00e+00
 1.42118e+22	0.00e+00	1.00e-28	2.25e-22	8.85e-17	1.04e-11	2.03e-07	4.00e-04	1.00e+00
 1.43528e+22	0.00e+00	1.39e-28	2.93e-22	1.09e-16	1.22e-11	2.24e-07	4.20e-04	1.00e+00
 1.44930e+22	0.00e+00	1.92e-28	3.82e-22	1.34e-16	1.41e-11	2.48e-07	4.41e-04	1.00e+00
 1.46323e+22	0.00e+00	2.64e-28	4.96e-22	1.64e-16	1.64e-11	2.74e-07	4.63e-04	1.00e+00
 1.47708e+22	0.00e+00	3.65e-28	6.45e-22	2.02e-16	1.91e-11	3.03e-07	4.86e-04	1.00e+00
 1.49086e+22	0.00e+00	5.02e-28	8.37e-22	2.47e-16	2.22e-11	3.35e-07	5.10e-04	9.99e-01
 1.50457e+22	0.00e+00	6.90e-28	1.09e-21	3.03e-16	2.57e-11	3.70e-07	5.35e-04	9.99e-01
 1.51821e+22	0.00e+00	9.47e-28	1.40e-21	3.70e-16	2.98e-11	4.08e-07	5.61e-04	9.99e-01
 1.53179e+22	0.00e+00	1.30e-27	1.82e-21	4.52e-16	3.45e-11	4.50e-07	5.89e-04	9.99e-01
 1.54531e+22	0.00e+00	1.78e-27	2.35e-21	5.52e-16	3.99e-11	4.96e-07	6.18e-04	9.99e-01
 1.55878e+22	0.00e+00	2.43e-27	3.02e-21	6.73e-16	4.62e-11	5.47e-07	6.48e-04	9.99e-01
 1.57219e+22	4.63e-35	3.31e-27	3.90e-21	8.19e-16	5.33e-11	6.02e-07	6.80e-04	9.99e-01
 1.58555e+22	6.88e-35	4.52e-27	5.01e-21	9.97e-16	6.16e-11	6.63e-07	7.13e-04	9.99e-01
 1.59885e+22	1.02e-34	6.15e-27	6.44e-21	1.21e-15	7.10e-11	7.30e-07	7.48e-04	9.99e-01
 1.61184e+22	1.48e-34	8.25e-27	8.19e-21	1.46e-15	8.13e-11	8.00e-07	7.83e-04	9.99e-01
 1.62479e+22	2.19e-34	1.12e-26	1.05e-20	1.77e-15	9.37e-11	8.80e-07	8.21e-04	9.99e-01
 1.63790e+22	3.22e-34	1.51e-26	1.34e-20	2.14e-15	1.08e-10	9.66e-07	8.60e-04	9.99e-01
 1.65096e+22	4.75e-34	2.05e-26	1.71e-20	2.59e-15	1.24e-10	1.06e-06	9.02e-04	9.99e-01
 1.66405e+22	6.98e-34	2.77e-26	2.19e-20	3.13e-15	1.42e-10	1.17e-06	9.46e-04	9.99e-01
 1.67702e+22	1.02e-33	3.73e-26	2.78e-20	3.77e-15	1.63e-10	1.28e-06	9.91e-04	9.99e-01
 1.68995e+22	1.50e-33	5.02e-26	3.55e-20	4.55e-15	1.86e-10	1.40e-06	1.04e-03	9.99e-01
 1.70293e+22	2.18e-33	6.74e-26	4.51e-20	5.48e-15	2.13e-10	1.54e-06	1.09e-03	9.99e-01
 1.71586e+22	3.18e-33	9.05e-26	5.73e-20	6.59e-15	2.44e-10	1.69e-06	1.14e-03	9.99e-01
 1.72816e+22	4.47e-33	1.18e-25	7.11e-20	7.78e-15	2.75e-10	1.83e-06	1.19e-03	9.99e-01
 1.74045e+22	6.50e-33	1.58e-25	9.01e-20	9.34e-15	3.14e-10	2.01e-06	1.25e-03	9.99e-01
 1.75293e+22	9.23e-33	2.08e-25	1.12e-19	1.11e-14	3.56e-10	2.19e-06	1.31e-03	9.99e-01
 1.76539e+22	1.34e-32	2.78e-25	1.42e-19	1.33e-14	4.05e-10	2.39e-06	1.37e-03	9.99e-01
 1.77802e+22	1.92e-32	3.68e-25	1.78e-19	1.58e-14	4.59e-10	2.61e-06	1.43e-03	9.99e-01
 1.79022e+22	2.70e-32	4.82e-25	2.21e-19	1.86e-14	5.18e-10	2.83e-06	1.50e-03	9.98e-01
 1.80259e+22	3.90e-32	6.42e-25	2.79e-19	2.22e-14	5.88e-10	3.09e-06	1.57e-03	9.98e-01
 1.81452e+22	5.35e-32	8.22e-25	3.40e-19	2.59e-14	6.56e-10	3.34e-06	1.64e-03	9.98e-01
 1.82646e+22	7.70e-32	1.09e-24	4.27e-19	3.08e-14	7.44e-10	3.64e-06	1.72e-03	9.98e-01
 1.83857e+22	1.07e-31	1.41e-24	5.24e-19	3.61e-14	8.31e-10	3.94e-06	1.79e-03	9.98e-01
 1.85062e+22	1.52e-31	1.86e-24	6.56e-19	4.28e-14	9.39e-10	4.29e-06	1.88e-03	9.98e-01
 1.86287e+22	2.13e-31	2.42e-24	8.09e-19	5.02e-14	1.05e-09	4.64e-06	1.96e-03	9.98e-01
 1.87509e+22	3.03e-31	3.19e-24	1.01e-18	5.93e-14	1.18e-09	5.05e-06	2.05e-03	9.98e-01
 1.88715e+22	4.19e-31	4.11e-24	1.24e-18	6.91e-14	1.32e-09	5.45e-06	2.14e-03	9.98e-01
 1.89918e+22	5.94e-31	5.39e-24	1.54e-18	8.15e-14	1.48e-09	5.91e-06	2.25e-03	9.98e-01
 1.91138e+22	8.27e-31	6.98e-24	1.89e-18	9.52e-14	1.65e-09	6.39e-06	2.35e-03	9.98e-01
 1.92307e+22	1.14e-30	8.95e-24	2.30e-18	1.11e-13	1.83e-09	6.88e-06	2.45e-03	9.98e-01
 1.93502e+22	1.60e-30	1.17e-23	2.84e-18	1.30e-13	2.05e-09	7.45e-06	2.57e-03	9.97e-01
 1.94707e+22	2.21e-30	1.50e-23	3.47e-18	1.51e-13	2.27e-09	8.03e-06	2.68e-03	9.97e-01
 1.95908e+22	3.09e-30	1.96e-23	4.28e-18	1.76e-13	2.53e-09	8.67e-06	2.81e-03	9.97e-01
 1.97125e+22	4.29e-30	2.53e-23	5.24e-18	2.05e-13	2.81e-09	9.35e-06	2.94e-03	9.97e-01
 1.98337e+22	5.98e-30	3.27e-23	6.42e-18	2.38e-13	3.12e-09	1.01e-05	3.07e-03	9.97e-01
 1.99541e+22	8.24e-30	4.20e-23	7.83e-18	2.76e-13	3.44e-09	1.08e-05	3.21e-03	9.97e-01
 2.00739e+22	1.14e-29	5.42e-23	9.56e-18	3.19e-13	3.80e-09	1.17e-05	3.36e-03	9.97e-01
 2.01943e+22	1.57e-29	6.96e-23	1.16e-17	3.69e-13	4.19e-09	1.25e-05	3.51e-03	9.96e-01
 2.03141e+22	2.17e-29	8.93e-23	1.42e-17	4.26e-13	4.60e-09	1.34e-05	3.68e-03	9.96e-01
 2.04337e+22	2.98e-29	1.14e-22	1.72e-17	4.90e-13	5.05e-09	1.44e-05	3.84e-03	9.96e-01
 2.05527e+22	4.09e-29	1.46e-22	2.08e-17	5.63e-13	5.53e-09	1.54e-05	4.02e-03	9.96e-01
 2.06709e+22	5.58e-29	1.86e-22	2.51e-17	6.46e-13	6.04e-09	1.64e-05	4.20e-03	9.96e-01
 2.07885e+22	7.60e-29	2.37e-22	3.02e-17	7.38e-13	6.58e-09	1.75e-05	4.39e-03	9.96e-01
 2.09054e+22	1.03e-28	3.00e-22	3.63e-17	8.42e-13	7.15e-09	1.87e-05	4.58e-03	9.95e-01
 2.10217e+22	1.39e-28	3.79e-22	4.36e-17	9.57e-13	7.75e-09	1.99e-05	4.79e-03	9.95e-01
 2.11374e+22	1.88e-28	4.79e-22	5.21e-17	1.09e-12	8.38e-09	2.11e-05	5.00e-03	9.95e-01
 2.12523e+22	2.53e-28	6.02e-22	6.21e-17	1.23e-12	9.03e-09	2.24e-05	5.22e-03	9.95e-01
 2.13665e+22	3.39e-28	7.55e-22	7.39e-17	1.39e-12	9.71e-09	2.37e-05	5.44e-03	9.95e-01
 2.14803e+22	4.53e-28	9.45e-22	8.76e-17	1.56e-12	1.04e-08	2.51e-05	5.68e-03	9.94e-01
 2.15938e+22	6.03e-28	1.18e-21	1.04e-16	1.76e-12	1.11e-08	2.65e-05	5.92e-03	9.94e-01
 2.17072e+22	8.02e-28	1.47e-21	1.22e-16	1.97e-12	1.19e-08	2.80e-05	6.18e-03	9.94e-01
 2.18205e+22	1.06e-27	1.82e-21	1.44e-16	2.20e-12	1.26e-08	2.94e-05	6.44e-03	9.94e-01
 2.19339e+22	1.40e-27	2.26e-21	1.70e-16	2.45e-12	1.34e-08	3.10e-05	6.71e-03	9.93e-01
 2.20477e+22	1.85e-27	2.79e-21	1.99e-16	2.73e-12	1.42e-08	3.25e-05	7.00e-03	9.93e-01
 2.21620e+22	2.43e-27	3.45e-21	2.33e-16	3.03e-12	1.50e-08	3.41e-05	7.29e-03	9.93e-01
 2.22774e+22	3.18e-27	4.25e-21	2.72e-16	3.36e-12	1.59e-08	3.58e-05	7.60e-03	9.92e-01
 2.23939e+22	4.17e-27	5.23e-21	3.18e-16	3.72e-12	1.67e-08	3.75e-05	7.91e-03	9.92e-01
 2.25117e+22	5.45e-27	6.43e-21	3.70e-16	4.12e-12	1.76e-08	3.93e-05	8.24e-03	9.92e-01
 2.26313e+22	7.11e-27	7.89e-21	4.31e-16	4.55e-12	1.84e-08	4.11e-05	8.59e-03	9.91e-01
 2.27530e+22	9.28e-27	9.68e-21	5.02e-16	5.02e-12	1.93e-08	4.30e-05	8.95e-03	9.91e-01
 2.28771e+22	1.21e-26	1.19e-20	5.84e-16	5.54e-12	2.02e-08	4.50e-05	9.33e-03	9.91e-01
 2.30041e+22	1.58e-26	1.46e-20	6.79e-16	6.10e-12	2.12e-08	4.71e-05	9.72e-03	9.90e-01
 2.31283e+22	2.01e-26	1.76e-20	7.79e-16	6.67e-12	2.20e-08	4.90e-05	1.01e-02	9.90e-01
 2.32563e+22	2.62e-26	2.16e-20	9.07e-16	7.36e-12	2.30e-08	5.13e-05	1.05e-02	9.89e-01
 2.33864e+22	3.32e-26	2.59e-20	1.04e-15	8.03e-12	2.40e-08	5.35e-05	1.09e-02	9.89e-01
 2.35209e+22	4.36e-26	3.20e-20	1.21e-15	8.88e-12	2.51e-08	5.61e-05	1.14e-02	9.89e-01
 2.36578e+22	5.51e-26	3.84e-20	1.39e-15	9.69e-12	2.61e-08	5.85e-05	1.19e-02	9.88e-01
 2.37995e+22	7.26e-26	4.76e-20	1.63e-15	1.07e-11	2.74e-08	6.15e-05	1.24e-02	9.88e-01
 2.39441e+22	9.18e-26	5.71e-20	1.87e-15	1.17e-11	2.85e-08	6.42e-05	1.29e-02	9.87e-01
 2.40771e+22	1.15e-25	6.82e-20	2.13e-15	1.28e-11	2.96e-08	6.69e-05	1.33e-02	9.87e-01
 2.42287e+22	1.53e-25	8.53e-20	2.52e-15	1.43e-11	3.12e-08	7.07e-05	1.40e-02	9.86e-01
 2.43816e+22	1.91e-25	1.02e-19	2.87e-15	1.56e-11	3.25e-08	7.38e-05	1.45e-02	9.85e-01
 2.45363e+22	2.53e-25	1.27e-19	3.39e-15	1.74e-11	3.42e-08	7.80e-05	1.52e-02	9.85e-01
 2.46915e+22	3.14e-25	1.50e-19	3.85e-15	1.89e-11	3.57e-08	8.15e-05	1.57e-02	9.84e-01
 2.48472e+22	4.17e-25	1.88e-19	4.56e-15	2.12e-11	3.76e-08	8.63e-05	1.64e-02	9.83e-01
 2.50056e+22	5.16e-25	2.23e-19	5.18e-15	2.31e-11	3.94e-08	9.03e-05	1.70e-02	9.83e-01
 2.51674e+22	6.88e-25	2.80e-19	6.17e-15	2.60e-11	4.17e-08	9.60e-05	1.78e-02	9.82e-01
 2.53288e+22	8.45e-25	3.30e-19	7.00e-15	2.83e-11	4.36e-08	1.00e-04	1.84e-02	9.81e-01
 2.54895e+22	1.11e-24	4.12e-19	8.28e-15	3.18e-11	4.63e-08	1.07e-04	1.92e-02	9.81e-01
 2.56539e+22	1.39e-24	4.93e-19	9.50e-15	3.49e-11	4.86e-08	1.12e-04	1.99e-02	9.80e-01
 2.58230e+22	1.86e-24	6.22e-19	1.14e-14	3.95e-11	5.19e-08	1.20e-04	2.09e-02	9.79e-01
 2.59925e+22	2.32e-24	7.43e-19	1.30e-14	4.35e-11	5.47e-08	1.26e-04	2.16e-02	9.78e-01
 2.61623e+22	3.12e-24	9.42e-19	1.57e-14	4.94e-11	5.85e-08	1.35e-04	2.26e-02	9.77e-01
 2.63351e+22	3.93e-24	1.14e-18	1.81e-14	5.48e-11	6.19e-08	1.42e-04	2.34e-02	9.76e-01
 2.65120e+22	5.36e-24	1.46e-18	2.20e-14	6.28e-11	6.67e-08	1.53e-04	2.46e-02	9.75e-01
 2.66913e+22	6.84e-24	1.78e-18	2.57e-14	7.01e-11	7.09e-08	1.62e-04	2.55e-02	9.74e-01
 2.68471e+22	8.70e-24	2.17e-18	3.00e-14	7.81e-11	7.54e-08	1.72e-04	2.64e-02	9.73e-01
 2.69941e+22	1.09e-23	2.60e-18	3.46e-14	8.65e-11	7.98e-08	1.81e-04	2.73e-02	9.72e-01
 2.71566e+22	1.46e-23	3.32e-18	4.18e-14	9.91e-11	8.62e-08	1.95e-04	2.86e-02	9.71e-01
 2.73184e+22	1.84e-23	4.00e-18	4.85e-14	1.10e-10	9.16e-08	2.06e-04	2.95e-02	9.70e-01
 2.74494e+22	2.25e-23	4.72e-18	5.52e-14	1.21e-10	9.67e-08	2.16e-04	3.04e-02	9.69e-01
 2.75897e+22	2.96e-23	5.90e-18	6.59e-14	1.37e-10	1.04e-07	2.30e-04	3.16e-02	9.68e-01
 2.77287e+22	3.63e-23	7.00e-18	7.53e-14	1.51e-10	1.10e-07	2.42e-04	3.25e-02	9.67e-01
 2.78414e+22	4.34e-23	8.10e-18	8.46e-14	1.65e-10	1.16e-07	2.53e-04	3.33e-02	9.66e-01
 2.79630e+22	5.61e-23	1.00e-17	1.00e-13	1.86e-10	1.24e-07	2.69e-04	3.45e-02	9.65e-01
 2.80780e+22	6.64e-23	1.15e-17	1.12e-13	2.01e-10	1.30e-07	2.80e-04	3.53e-02	9.64e-01
 2.81843e+22	8.41e-23	1.40e-17	1.30e-13	2.25e-10	1.39e-07	2.95e-04	3.64e-02	9.63e-01
 2.82914e+22	9.91e-23	1.60e-17	1.46e-13	2.44e-10	1.46e-07	3.07e-04	3.72e-02	9.62e-01
 2.83994e+22	1.27e-22	1.96e-17	1.71e-13	2.75e-10	1.57e-07	3.25e-04	3.84e-02	9.61e-01
 2.85044e+22	1.51e-22	2.27e-17	1.92e-13	2.99e-10	1.65e-07	3.39e-04	3.93e-02	9.60e-01
 2.86054e+22	1.93e-22	2.79e-17	2.27e-13	3.37e-10	1.78e-07	3.59e-04	4.05e-02	9.59e-01
 2.87054e+22	2.29e-22	3.21e-17	2.54e-13	3.67e-10	1.87e-07	3.73e-04	4.14e-02	9.58e-01
 2.88042e+22	2.92e-22	3.93e-17	2.98e-13	4.13e-10	2.01e-07	3.95e-04	4.26e-02	9.57e-01
 2.89048e+22	3.56e-22	4.64e-17	3.41e-13	4.56e-10	2.14e-07	4.13e-04	4.36e-02	9.56e-01
 2.89898e+22	4.23e-22	5.37e-17	3.83e-13	4.97e-10	2.25e-07	4.30e-04	4.45e-02	9.55e-01
 2.90823e+22	5.53e-22	6.71e-17	4.58e-13	5.67e-10	2.44e-07	4.56e-04	4.59e-02	9.54e-01
 2.91716e+22	6.52e-22	7.70e-17	5.12e-13	6.16e-10	2.57e-07	4.73e-04	4.68e-02	9.53e-01
 2.92568e+22	8.26e-22	9.39e-17	6.01e-13	6.94e-10	2.77e-07	4.98e-04	4.81e-02	9.51e-01
 2.93451e+22	1.01e-21	1.11e-16	6.89e-13	7.68e-10	2.95e-07	5.21e-04	4.92e-02	9.50e-01
 2.94373e+22	1.34e-21	1.41e-16	8.34e-13	8.85e-10	3.22e-07	5.54e-04	5.08e-02	9.49e-01
 2.95281e+22	1.63e-21	1.66e-16	9.53e-13	9.77e-10	3.43e-07	5.78e-04	5.19e-02	9.48e-01
 2.96170e+22	2.16e-21	2.11e-16	1.15e-12	1.13e-09	3.75e-07	6.14e-04	5.35e-02	9.46e-01
 2.97071e+22	2.71e-21	2.55e-16	1.35e-12	1.26e-09	4.03e-07	6.44e-04	5.47e-02	9.45e-01
 2.97854e+22	3.40e-21	3.09e-16	1.57e-12	1.42e-09	4.33e-07	6.76e-04	5.61e-02	9.43e-01
 2.98737e+22	4.61e-21	3.99e-16	1.93e-12	1.65e-09	4.78e-07	7.20e-04	5.78e-02	9.41e-01
 2.99615e+22	5.83e-21	4.86e-16	2.27e-12	1.87e-09	5.15e-07	7.56e-04	5.92e-02	9.40e-01
 3.00485e+22	8.01e-21	6.36e-16	2.82e-12	2.19e-09	5.71e-07	8.07e-04	6.12e-02	9.38e-01
 3.01365e+22	1.03e-20	7.89e-16	3.36e-12	2.50e-09	6.21e-07	8.50e-04	6.27e-02	9.36e-01
 3.02118e+22	1.32e-20	9.73e-16	3.98e-12	2.84e-09	6.73e-07	8.94e-04	6.43e-02	9.35e-01
 3.02956e+22	1.85e-20	1.29e-15	5.00e-12	3.36e-09	7.49e-07	9.56e-04	6.64e-02	9.33e-01
 3.03785e+22	2.37e-20	1.59e-15	5.94e-12	3.82e-09	8.13e-07	1.01e-03	6.80e-02	9.31e-01
 3.04602e+22	3.30e-20	2.11e-15	7.46e-12	4.53e-09	9.06e-07	1.07e-03	7.02e-02	9.29e-01
 3.05434e+22	4.28e-20	2.63e-15	8.92e-12	5.18e-09	9.87e-07	1.13e-03	7.20e-02	9.27e-01
 3.06284e+22	6.04e-20	3.52e-15	1.13e-11	6.18e-09	1.11e-06	1.21e-03	7.44e-02	9.24e-01
 3.07151e+22	7.97e-20	4.45e-15	1.37e-11	7.12e-09	1.21e-06	1.28e-03	7.63e-02	9.22e-01
 3.07917e+22	1.05e-19	5.61e-15	1.65e-11	8.20e-09	1.33e-06	1.35e-03	7.84e-02	9.20e-01
 3.08759e+22	1.47e-19	7.46e-15	2.08e-11	9.75e-09	1.48e-06	1.45e-03	8.09e-02	9.18e-01
 3.09611e+22	1.94e-19	9.48e-15	2.53e-11	1.13e-08	1.63e-06	1.53e-03	8.31e-02	9.15e-01
 3.10458e+22	2.70e-19	1.25e-14	3.18e-11	1.34e-08	1.82e-06	1.64e-03	8.57e-02	9.13e-01
 3.11320e+22	3.60e-19	1.60e-14	3.87e-11	1.55e-08	2.00e-06	1.73e-03	8.80e-02	9.10e-01
 3.12187e+22	5.01e-19	2.12e-14	4.87e-11	1.84e-08	2.24e-06	1.85e-03	9.08e-02	9.07e-01
 3.13069e+22	6.71e-19	2.72e-14	5.95e-11	2.13e-08	2.47e-06	1.97e-03	9.34e-02	9.05e-01
 3.13955e+22	9.24e-19	3.57e-14	7.42e-11	2.52e-08	2.75e-06	2.10e-03	9.63e-02	9.02e-01
 3.14840e+22	1.21e-18	4.49e-14	8.95e-11	2.89e-08	3.01e-06	2.22e-03	9.88e-02	8.99e-01
 3.15768e+22	1.71e-18	6.02e-14	1.14e-10	3.46e-08	3.38e-06	2.38e-03	1.02e-01	8.96e-01
 3.16700e+22	2.23e-18	7.56e-14	1.37e-10	3.97e-08	3.71e-06	2.52e-03	1.05e-01	8.93e-01
 3.17636e+22	3.08e-18	9.94e-14	1.71e-10	4.69e-08	4.14e-06	2.69e-03	1.08e-01	8.89e-01
 3.18606e+22	4.05e-18	1.26e-13	2.07e-10	5.42e-08	4.55e-06	2.85e-03	1.11e-01	8.86e-01
 3.19606e+22	5.57e-18	1.65e-13	2.58e-10	6.40e-08	5.08e-06	3.05e-03	1.15e-01	8.82e-01
 3.20635e+22	7.34e-18	2.08e-13	3.13e-10	7.39e-08	5.60e-06	3.24e-03	1.18e-01	8.79e-01
 3.21704e+22	1.01e-17	2.74e-13	3.91e-10	8.75e-08	6.27e-06	3.47e-03	1.22e-01	8.75e-01
 3.22803e+22	1.33e-17	3.47e-13	4.74e-10	1.01e-07	6.91e-06	3.68e-03	1.25e-01	8.71e-01
 3.23947e+22	1.83e-17	4.55e-13	5.92e-10	1.20e-07	7.74e-06	3.95e-03	1.29e-01	8.67e-01
 3.25124e+22	2.39e-17	5.72e-13	7.14e-10	1.38e-07	8.53e-06	4.20e-03	1.33e-01	8.63e-01
 3.26370e+22	3.33e-17	7.60e-13	9.01e-10	1.65e-07	9.62e-06	4.52e-03	1.37e-01	8.58e-01
 3.27621e+22	4.30e-17	9.46e-13	1.08e-09	1.89e-07	1.06e-05	4.79e-03	1.41e-01	8.54e-01
 3.28894e+22	5.94e-17	1.25e-12	1.35e-09	2.25e-07	1.19e-05	5.16e-03	1.46e-01	8.49e-01
 3.30197e+22	7.64e-17	1.55e-12	1.62e-09	2.57e-07	1.31e-05	5.47e-03	1.50e-01	8.45e-01
 3.31326e+22	9.62e-17	1.89e-12	1.90e-09	2.91e-07	1.42e-05	5.77e-03	1.53e-01	8.41e-01
 3.32583e+22	1.31e-16	2.46e-12	2.37e-09	3.44e-07	1.60e-05	6.20e-03	1.58e-01	8.36e-01
 3.33835e+22	1.60e-16	2.94e-12	2.75e-09	3.86e-07	1.73e-05	6.52e-03	1.62e-01	8.32e-01
 3.35081e+22	2.13e-16	3.76e-12	3.36e-09	4.51e-07	1.93e-05	6.97e-03	1.67e-01	8.26e-01
 3.36361e+22	2.65e-16	4.53e-12	3.92e-09	5.08e-07	2.09e-05	7.35e-03	1.71e-01	8.22e-01
 3.37508e+22	3.27e-16	5.44e-12	4.56e-09	5.71e-07	2.27e-05	7.73e-03	1.75e-01	8.18e-01
 3.38819e+22	4.33e-16	6.93e-12	5.57e-09	6.66e-07	2.53e-05	8.27e-03	1.80e-01	8.12e-01
 3.40122e+22	5.28e-16	8.22e-12	6.42e-09	7.44e-07	2.74e-05	8.68e-03	1.84e-01	8.08e-01
 3.41414e+22	6.92e-16	1.04e-11	7.78e-09	8.64e-07	3.04e-05	9.27e-03	1.89e-01	8.02e-01
 3.42727e+22	8.40e-16	1.23e-11	8.94e-09	9.63e-07	3.28e-05	9.73e-03	1.93e-01	7.97e-01
 3.44065e+22	1.10e-15	1.54e-11	1.08e-08	1.12e-06	3.64e-05	1.04e-02	1.99e-01	7.91e-01
 3.45428e+22	1.33e-15	1.83e-11	1.25e-08	1.25e-06	3.94e-05	1.09e-02	2.03e-01	7.86e-01
 3.46823e+22	1.74e-15	2.30e-11	1.51e-08	1.45e-06	4.38e-05	1.17e-02	2.09e-01	7.79e-01
 3.48242e+22	2.12e-15	2.73e-11	1.74e-08	1.62e-06	4.74e-05	1.22e-02	2.13e-01	7.74e-01
 3.49484e+22	2.57e-15	3.23e-11	2.00e-08	1.81e-06	5.12e-05	1.29e-02	2.18e-01	7.69e-01
 3.50889e+22	3.31e-15	4.01e-11	2.40e-08	2.08e-06	5.67e-05	1.37e-02	2.24e-01	7.63e-01
 3.52291e+22	3.93e-15	4.66e-11	2.71e-08	2.30e-06	6.08e-05	1.43e-02	2.28e-01	7.58e-01
 3.53689e+22	5.03e-15	5.77e-11	3.25e-08	2.64e-06	6.72e-05	1.52e-02	2.34e-01	7.51e-01
 3.55106e+22	5.98e-15	6.71e-11	3.68e-08	2.92e-06	7.22e-05	1.59e-02	2.38e-01	7.46e-01
 3.56550e+22	7.57e-15	8.22e-11	4.36e-08	3.34e-06	7.95e-05	1.69e-02	2.44e-01	7.39e-01
 3.58043e+22	9.10e-15	9.66e-11	4.99e-08	3.72e-06	8.58e-05	1.77e-02	2.49e-01	7.33e-01
 3.59599e+22	1.17e-14	1.20e-10	5.98e-08	4.29e-06	9.51e-05	1.89e-02	2.56e-01	7.25e-01
 3.61182e+22	1.40e-14	1.41e-10	6.84e-08	4.77e-06	1.03e-04	1.98e-02	2.61e-01	7.19e-01
 3.62797e+22	1.79e-14	1.74e-10	8.18e-08	5.50e-06	1.14e-04	2.11e-02	2.68e-01	7.11e-01
 3.64469e+22	2.18e-14	2.06e-10	9.43e-08	6.15e-06	1.23e-04	2.22e-02	2.73e-01	7.04e-01
 3.66214e+22	2.81e-14	2.58e-10	1.14e-07	7.13e-06	1.37e-04	2.37e-02	2.81e-01	6.96e-01
 3.68016e+22	3.44e-14	3.07e-10	1.32e-07	8.03e-06	1.49e-04	2.50e-02	2.87e-01	6.88e-01
 3.69893e+22	4.51e-14	3.89e-10	1.61e-07	9.40e-06	1.67e-04	2.68e-02	2.95e-01	6.79e-01
 3.71775e+22	5.50e-14	4.63e-10	1.86e-07	1.06e-05	1.82e-04	2.82e-02	3.01e-01	6.71e-01
 3.73665e+22	7.15e-14	5.82e-10	2.25e-07	1.23e-05	2.03e-04	3.02e-02	3.08e-01	6.61e-01
 3.75627e+22	8.93e-14	7.07e-10	2.65e-07	1.40e-05	2.23e-04	3.20e-02	3.15e-01	6.52e-01
 3.77686e+22	1.18e-13	9.01e-10	3.25e-07	1.65e-05	2.51e-04	3.44e-02	3.24e-01	6.41e-01
 3.79773e+22	1.48e-13	1.10e-09	3.85e-07	1.89e-05	2.76e-04	3.64e-02	3.31e-01	6.32e-01
 3.81619e+22	1.86e-13	1.34e-09	4.54e-07	2.15e-05	3.03e-04	3.86e-02	3.38e-01	6.23e-01
 3.83740e+22	2.51e-13	1.74e-09	5.64e-07	2.56e-05	3.44e-04	4.17e-02	3.48e-01	6.10e-01
 3.85743e+22	3.04e-13	2.06e-09	6.51e-07	2.87e-05	3.73e-04	4.38e-02	3.54e-01	6.02e-01
 3.87590e+22	3.97e-13	2.60e-09	7.90e-07	3.35e-05	4.18e-04	4.68e-02	3.62e-01	5.90e-01
 3.89464e+22	4.84e-13	3.08e-09	9.13e-07	3.76e-05	4.54e-04	4.92e-02	3.69e-01	5.82e-01
 3.91372e+22	6.42e-13	3.94e-09	1.12e-06	4.44e-05	5.11e-04	5.28e-02	3.78e-01	5.69e-01
 3.93284e+22	7.95e-13	4.72e-09	1.31e-06	5.01e-05	5.58e-04	5.57e-02	3.84e-01	5.59e-01
 3.95201e+22	1.06e-12	6.05e-09	1.61e-06	5.93e-05	6.30e-04	5.98e-02	3.93e-01	5.46e-01
 3.97137e+22	1.31e-12	7.28e-09	1.88e-06	6.73e-05	6.91e-04	6.31e-02	4.00e-01	5.36e-01
 3.99098e+22	1.75e-12	9.37e-09	2.32e-06	8.00e-05	7.83e-04	6.79e-02	4.09e-01	5.22e-01
 4.01085e+22	2.20e-12	1.14e-08	2.75e-06	9.17e-05	8.64e-04	7.20e-02	4.17e-01	5.10e-01
 4.03105e+22	2.97e-12	1.48e-08	3.42e-06	1.10e-04	9.86e-04	7.77e-02	4.26e-01	4.95e-01
 4.05147e+22	3.75e-12	1.81e-08	4.07e-06	1.27e-04	1.09e-03	8.24e-02	4.33e-01	4.83e-01
 4.07180e+22	5.04e-12	2.34e-08	5.06e-06	1.52e-04	1.25e-03	8.90e-02	4.43e-01	4.67e-01
 4.09110e+22	6.17e-12	2.79e-08	5.88e-06	1.72e-04	1.37e-03	9.38e-02	4.49e-01	4.56e-01
 4.10943e+22	8.05e-12	3.51e-08	7.18e-06	2.04e-04	1.55e-03	1.01e-01	4.57e-01	4.41e-01
 4.12814e+22	9.91e-12	4.21e-08	8.40e-06	2.33e-04	1.71e-03	1.06e-01	4.63e-01	4.29e-01
 4.14617e+22	1.26e-11	5.20e-08	1.01e-05	2.73e-04	1.93e-03	1.14e-01	4.70e-01	4.14e-01
 4.16467e+22	1.56e-11	6.25e-08	1.19e-05	3.15e-04	2.14e-03	1.20e-01	4.76e-01	4.01e-01
 4.18251e+22	1.92e-11	7.54e-08	1.40e-05	3.65e-04	2.39e-03	1.28e-01	4.82e-01	3.87e-01
 4.20020e+22	2.34e-11	8.97e-08	1.64e-05	4.18e-04	2.65e-03	1.35e-01	4.87e-01	3.75e-01
 4.21769e+22	2.84e-11	1.07e-07	1.92e-05	4.81e-04	2.95e-03	1.43e-01	4.92e-01	3.61e-01
 4.23510e+22	3.40e-11	1.25e-07	2.22e-05	5.50e-04	3.27e-03	1.51e-01	4.96e-01	3.48e-01
 4.25220e+22	4.04e-11	1.47e-07	2.57e-05	6.28e-04	3.61e-03	1.60e-01	5.00e-01	3.36e-01
 4.26924e+22	4.77e-11	1.71e-07	2.96e-05	7.15e-04	3.99e-03	1.68e-01	5.04e-01	3.23e-01
 4.28629e+22	5.59e-11	1.97e-07	3.39e-05	8.12e-04	4.41e-03	1.77e-01	5.07e-01	3.11e-01
 4.30342e+22	6.51e-11	2.27e-07	3.88e-05	9.21e-04	4.87e-03	1.87e-01	5.09e-01	2.99e-01
 4.32069e+22	7.53e-11	2.61e-07	4.43e-05	1.04e-03	5.37e-03	1.96e-01	5.11e-01	2.87e-01
 4.33818e+22	8.68e-11	2.99e-07	5.05e-05	1.18e-03	5.92e-03	2.06e-01	5.12e-01	2.75e-01
 4.35596e+22	9.95e-11	3.41e-07	5.75e-05	1.34e-03	6.52e-03	2.16e-01	5.13e-01	2.63e-01
 4.37390e+22	1.13e-10	3.87e-07	6.52e-05	1.51e-03	7.18e-03	2.27e-01	5.13e-01	2.51e-01
 4.39221e+22	1.29e-10	4.40e-07	7.40e-05	1.70e-03	7.91e-03	2.38e-01	5.13e-01	2.40e-01
 4.41062e+22	1.46e-10	4.96e-07	8.35e-05	1.91e-03	8.68e-03	2.49e-01	5.12e-01	2.29e-01
 4.42953e+22	1.65e-10	5.62e-07	9.47e-05	2.16e-03	9.58e-03	2.60e-01	5.11e-01	2.17e-01
 4.44867e+22	1.86e-10	6.30e-07	1.06e-04	2.42e-03	1.05e-02	2.72e-01	5.09e-01	2.07e-01
 4.46604e+22	2.04e-10	6.94e-07	1.18e-04	2.66e-03	1.13e-02	2.82e-01	5.06e-01	1.98e-01
 4.48460e+22	2.31e-10	7.84e-07	1.33e-04	3.01e-03	1.25e-02	2.95e-01	5.03e-01	1.87e-01
 4.50332e+22	2.54e-10	8.62e-07	1.47e-04	3.30e-03	1.35e-02	3.04e-01	5.00e-01	1.79e-01
 4.52225e+22	2.85e-10	9.69e-07	1.66e-04	3.72e-03	1.48e-02	3.18e-01	4.95e-01	1.68e-01
 4.54167e+22	3.15e-10	1.07e-06	1.83e-04	4.07e-03	1.60e-02	3.28e-01	4.91e-01	1.60e-01
 4.56172e+22	3.54e-10	1.20e-06	2.07e-04	4.59e-03	1.76e-02	3.42e-01	4.85e-01	1.50e-01
 4.58197e+22	3.90e-10	1.32e-06	2.28e-04	5.03e-03	1.89e-02	3.53e-01	4.80e-01	1.43e-01
 4.60245e+22	4.39e-10	1.49e-06	2.58e-04	5.65e-03	2.08e-02	3.67e-01	4.73e-01	1.34e-01
 4.62313e+22	4.84e-10	1.63e-06	2.84e-04	6.17e-03	2.24e-02	3.77e-01	4.67e-01	1.27e-01
 4.64406e+22	5.44e-10	1.84e-06	3.21e-04	6.92e-03	2.46e-02	3.91e-01	4.59e-01	1.18e-01
 4.66526e+22	6.00e-10	2.02e-06	3.53e-04	7.55e-03	2.63e-02	4.02e-01	4.52e-01	1.12e-01
 4.68683e+22	6.76e-10	2.27e-06	4.00e-04	8.45e-03	2.88e-02	4.16e-01	4.43e-01	1.04e-01
 4.70875e+22	7.47e-10	2.50e-06	4.41e-04	9.22e-03	3.09e-02	4.27e-01	4.35e-01	9.78e-02
 4.73113e+22	8.44e-10	2.82e-06	4.99e-04	1.03e-02	3.38e-02	4.40e-01	4.25e-01	9.03e-02
 4.75396e+22	9.35e-10	3.11e-06	5.52e-04	1.13e-02	3.63e-02	4.51e-01	4.16e-01	8.48e-02
 4.77738e+22	1.06e-09	3.52e-06	6.27e-04	1.26e-02	3.97e-02	4.65e-01	4.04e-01	7.78e-02
 4.80136e+22	1.18e-09	3.91e-06	6.96e-04	1.38e-02	4.26e-02	4.75e-01	3.95e-01	7.27e-02
 4.82157e+22	1.30e-09	4.27e-06	7.62e-04	1.49e-02	4.53e-02	4.84e-01	3.86e-01	6.84e-02
 4.84336e+22	1.45e-09	4.78e-06	8.57e-04	1.64e-02	4.90e-02	4.96e-01	3.75e-01	6.29e-02
 4.86528e+22	1.60e-09	5.25e-06	9.39e-04	1.77e-02	5.20e-02	5.04e-01	3.66e-01	5.91e-02
 4.88738e+22	1.80e-09	5.89e-06	1.06e-03	1.95e-02	5.61e-02	5.15e-01	3.54e-01	5.42e-02
 4.90917e+22	2.00e-09	6.47e-06	1.15e-03	2.10e-02	5.91e-02	5.22e-01	3.46e-01	5.10e-02
 4.93059e+22	2.22e-09	7.20e-06	1.29e-03	2.30e-02	6.36e-02	5.32e-01	3.34e-01	4.68e-02
 4.95212e+22	2.46e-09	7.92e-06	1.41e-03	2.46e-02	6.69e-02	5.38e-01	3.25e-01	4.39e-02
 4.97381e+22	2.76e-09	8.84e-06	1.58e-03	2.69e-02	7.18e-02	5.46e-01	3.13e-01	4.02e-02
 4.99584e+22	3.07e-09	9.75e-06	1.73e-03	2.89e-02	7.56e-02	5.52e-01	3.04e-01	3.76e-02
 5.01832e+22	3.45e-09	1.09e-05	1.95e-03	3.16e-02	8.11e-02	5.59e-01	2.92e-01	3.42e-02
 5.04113e+22	3.85e-09	1.21e-05	2.14e-03	3.39e-02	8.52e-02	5.64e-01	2.83e-01	3.18e-02
 5.06436e+22	4.36e-09	1.36e-05	2.41e-03	3.71e-02	9.13e-02	5.70e-01	2.70e-01	2.88e-02
 5.08802e+22	4.89e-09	1.52e-05	2.66e-03	3.99e-02	9.60e-02	5.74e-01	2.60e-01	2.67e-02
 5.11222e+22	5.57e-09	1.72e-05	3.01e-03	4.37e-02	1.03e-01	5.79e-01	2.48e-01	2.39e-02
 5.13695e+22	6.30e-09	1.92e-05	3.33e-03	4.69e-02	1.08e-01	5.82e-01	2.38e-01	2.20e-02
 5.16236e+22	7.24e-09	2.20e-05	3.79e-03	5.15e-02	1.16e-01	5.84e-01	2.25e-01	1.96e-02
 5.18814e+22	8.22e-09	2.46e-05	4.20e-03	5.54e-02	1.21e-01	5.86e-01	2.15e-01	1.80e-02
 5.21440e+22	9.52e-09	2.83e-05	4.80e-03	6.07e-02	1.30e-01	5.86e-01	2.02e-01	1.59e-02
 5.24093e+22	1.09e-08	3.19e-05	5.32e-03	6.52e-02	1.36e-01	5.86e-01	1.93e-01	1.45e-02
 5.26355e+22	1.22e-08	3.54e-05	5.87e-03	6.97e-02	1.42e-01	5.85e-01	1.84e-01	1.32e-02
 5.28869e+22	1.41e-08	4.06e-05	6.64e-03	7.58e-02	1.50e-01	5.83e-01	1.73e-01	1.17e-02
 5.31407e+22	1.59e-08	4.53e-05	7.34e-03	8.09e-02	1.57e-01	5.80e-01	1.64e-01	1.07e-02
 5.33976e+22	1.74e-08	5.21e-05	8.30e-03	8.78e-02	1.65e-01	5.76e-01	1.54e-01	9.42e-03
 5.36473e+22	1.97e-08	5.80e-05	9.12e-03	9.33e-02	1.72e-01	5.71e-01	1.46e-01	8.57e-03
 5.38545e+22	2.20e-08	6.40e-05	9.97e-03	9.87e-02	1.78e-01	5.67e-01	1.39e-01	7.80e-03
 5.40908e+22	2.54e-08	7.29e-05	1.11e-02	1.06e-01	1.86e-01	5.60e-01	1.30e-01	6.94e-03
 5.43346e+22	2.88e-08	8.13e-05	1.23e-02	1.13e-01	1.93e-01	5.54e-01	1.22e-01	6.25e-03
 5.45536e+22	3.25e-08	9.05e-05	1.34e-02	1.19e-01	1.99e-01	5.47e-01	1.15e-01	5.64e-03
 5.48037e+22	3.81e-08	1.04e-04	1.51e-02	1.28e-01	2.07e-01	5.38e-01	1.07e-01	4.95e-03
 5.50617e+22	4.36e-08	1.17e-04	1.67e-02	1.36e-01	2.14e-01	5.29e-01	1.00e-01	4.41e-03
 5.52917e+22	4.95e-08	1.30e-04	1.83e-02	1.44e-01	2.21e-01	5.19e-01	9.37e-02	3.94e-03
 5.55523e+22	5.85e-08	1.50e-04	2.06e-02	1.54e-01	2.29e-01	5.07e-01	8.61e-02	3.42e-03
 5.58242e+22	6.76e-08	1.70e-04	2.28e-02	1.63e-01	2.36e-01	4.95e-01	7.96e-02	3.00e-03
 5.60697e+22	7.76e-08	1.92e-04	2.51e-02	1.72e-01	2.43e-01	4.83e-01	7.38e-02	2.65e-03
 5.63476e+22	9.26e-08	2.23e-04	2.83e-02	1.85e-01	2.51e-01	4.67e-01	6.69e-02	2.26e-03
 5.66331e+22	1.08e-07	2.53e-04	3.13e-02	1.95e-01	2.57e-01	4.53e-01	6.13e-02	1.96e-03
 5.68868e+22	1.24e-07	2.86e-04	3.45e-02	2.06e-01	2.63e-01	4.39e-01	5.63e-02	1.71e-03
 5.71749e+22	1.50e-07	3.34e-04	3.89e-02	2.19e-01	2.69e-01	4.21e-01	5.03e-02	1.43e-03
 5.74724e+22	1.75e-07	3.81e-04	4.31e-02	2.31e-01	2.74e-01	4.04e-01	4.56e-02	1.22e-03
 5.77354e+22	2.03e-07	4.31e-04	4.73e-02	2.42e-01	2.79e-01	3.89e-01	4.14e-02	1.05e-03
 5.80309e+22	2.46e-07	5.04e-04	5.31e-02	2.57e-01	2.83e-01	3.69e-01	3.66e-02	8.69e-04
 5.83328e+22	2.88e-07	5.75e-04	5.85e-02	2.69e-01	2.87e-01	3.52e-01	3.28e-02	7.35e-04
 5.86008e+22	3.36e-07	6.52e-04	6.41e-02	2.81e-01	2.89e-01	3.35e-01	2.95e-02	6.25e-04
 5.89070e+22	4.08e-07	7.65e-04	7.18e-02	2.95e-01	2.91e-01	3.15e-01	2.57e-02	5.06e-04
 5.92196e+22	4.81e-07	8.75e-04	7.89e-02	3.08e-01	2.92e-01	2.97e-01	2.27e-02	4.21e-04
 5.94974e+22	5.63e-07	9.94e-04	8.63e-02	3.19e-01	2.93e-01	2.80e-01	2.02e-02	3.52e-04
 5.98155e+22	6.87e-07	1.17e-03	9.63e-02	3.34e-01	2.92e-01	2.59e-01	1.72e-02	2.80e-04
 6.01407e+22	8.12e-07	1.34e-03	1.05e-01	3.46e-01	2.90e-01	2.42e-01	1.50e-02	2.28e-04
 6.04189e+22	9.43e-07	1.51e-03	1.14e-01	3.56e-01	2.88e-01	2.27e-01	1.33e-02	1.90e-04
 6.07241e+22	1.14e-06	1.76e-03	1.26e-01	3.68e-01	2.84e-01	2.09e-01	1.13e-02	1.50e-04
 6.10372e+22	1.33e-06	2.00e-03	1.36e-01	3.78e-01	2.80e-01	1.94e-01	9.82e-03	1.23e-04
 6.13162e+22	1.55e-06	2.26e-03	1.47e-01	3.86e-01	2.76e-01	1.80e-01	8.55e-03	1.01e-04
 6.16345e+22	1.88e-06	2.63e-03	1.62e-01	3.96e-01	2.69e-01	1.63e-01	7.14e-03	7.78e-05
 6.19581e+22	2.21e-06	2.99e-03	1.74e-01	4.04e-01	2.63e-01	1.50e-01	6.13e-03	6.25e-05
 6.22329e+22	2.55e-06	3.35e-03	1.86e-01	4.10e-01	2.57e-01	1.38e-01	5.32e-03	5.11e-05
 6.25344e+22	3.05e-06	3.85e-03	2.02e-01	4.16e-01	2.49e-01	1.25e-01	4.45e-03	3.97e-05
 6.28440e+22	3.55e-06	4.33e-03	2.15e-01	4.21e-01	2.41e-01	1.14e-01	3.81e-03	3.19e-05
 6.31210e+22	4.11e-06	4.85e-03	2.29e-01	4.24e-01	2.34e-01	1.05e-01	3.26e-03	2.57e-05
 6.33701e+22	4.65e-06	5.32e-03	2.41e-01	4.27e-01	2.27e-01	9.69e-02	2.87e-03	2.14e-05
 6.35924e+22	5.20e-06	5.80e-03	2.52e-01	4.28e-01	2.21e-01	9.01e-02	2.53e-03	1.80e-05
 6.38477e+22	6.01e-06	6.47e-03	2.67e-01	4.30e-01	2.13e-01	8.20e-02	2.16e-03	1.44e-05
 6.41116e+22	6.84e-06	7.13e-03	2.81e-01	4.30e-01	2.05e-01	7.52e-02	1.87e-03	1.18e-05
 6.43444e+22	7.69e-06	7.78e-03	2.93e-01	4.30e-01	1.98e-01	6.94e-02	1.63e-03	9.79e-06
 6.46048e+22	8.93e-06	8.70e-03	3.10e-01	4.29e-01	1.89e-01	6.25e-02	1.37e-03	7.69e-06
 6.48703e+22	1.01e-05	9.51e-03	3.23e-01	4.27e-01	1.82e-01	5.73e-02	1.19e-03	6.30e-06
 6.51426e+22	1.18e-05	1.07e-02	3.41e-01	4.24e-01	1.72e-01	5.11e-02	9.84e-04	4.87e-06
 6.54171e+22	1.33e-05	1.16e-02	3.55e-01	4.21e-01	1.65e-01	4.66e-02	8.47e-04	3.96e-06
 6.56942e+22	1.55e-05	1.30e-02	3.73e-01	4.16e-01	1.56e-01	4.14e-02	6.97e-04	3.04e-06
 6.59753e+22	1.75e-05	1.42e-02	3.88e-01	4.12e-01	1.48e-01	3.76e-02	5.96e-04	2.45e-06
 6.62616e+22	2.05e-05	1.59e-02	4.07e-01	4.05e-01	1.39e-01	3.30e-02	4.85e-04	1.85e-06
 6.65504e+22	2.31e-05	1.73e-02	4.22e-01	3.99e-01	1.32e-01	2.99e-02	4.12e-04	1.48e-06
 6.68427e+22	2.71e-05	1.94e-02	4.41e-01	3.91e-01	1.23e-01	2.61e-02	3.33e-04	1.11e-06
 6.71392e+22	3.08e-05	2.12e-02	4.56e-01	3.84e-01	1.16e-01	2.34e-02	2.80e-04	8.77e-07
 6.74414e+22	3.63e-05	2.38e-02	4.75e-01	3.74e-01	1.07e-01	2.03e-02	2.24e-04	6.46e-07
 6.77492e+22	4.13e-05	2.60e-02	4.90e-01	3.65e-01	1.00e-01	1.81e-02	1.86e-04	5.05e-07
 6.80640e+22	4.85e-05	2.91e-02	5.09e-01	3.54e-01	9.22e-02	1.56e-02	1.48e-04	3.68e-07
 6.83894e+22	5.58e-05	3.20e-02	5.25e-01	3.44e-01	8.55e-02	1.37e-02	1.20e-04	2.80e-07
 6.86462e+22	6.18e-05	3.42e-02	5.37e-01	3.36e-01	8.08e-02	1.24e-02	1.03e-04	2.28e-07
 6.88979e+22	7.03e-05	3.74e-02	5.51e-01	3.26e-01	7.52e-02	1.10e-02	8.53e-05	1.76e-07
 6.91550e+22	7.79e-05	4.00e-02	5.62e-01	3.17e-01	7.08e-02	9.95e-03	7.29e-05	1.42e-07
 6.94189e+22	8.87e-05	4.37e-02	5.75e-01	3.07e-01	6.56e-02	8.74e-03	5.96e-05	0.00e+00
 6.96882e+22	9.87e-05	4.68e-02	5.86e-01	2.98e-01	6.14e-02	7.84e-03	5.04e-05	0.00e+00
 6.99645e+22	1.13e-04	5.13e-02	6.00e-01	2.86e-01	5.63e-02	6.80e-03	4.05e-05	0.00e+00
 7.02402e+22	1.26e-04	5.49e-02	6.10e-01	2.77e-01	5.26e-02	6.10e-03	3.42e-05	0.00e+00
 7.05153e+22	1.44e-04	5.99e-02	6.21e-01	2.65e-01	4.83e-02	5.30e-03	2.75e-05	0.00e+00
 7.07975e+22	1.60e-04	6.41e-02	6.31e-01	2.55e-01	4.49e-02	4.71e-03	2.30e-05	0.00e+00
 7.10890e+22	1.84e-04	7.02e-02	6.42e-01	2.43e-01	4.08e-02	4.04e-03	1.82e-05	0.00e+00
 7.13824e+22	2.05e-04	7.50e-02	6.50e-01	2.34e-01	3.78e-02	3.59e-03	1.52e-05	0.00e+00
 7.16784e+22	2.35e-04	8.20e-02	6.59e-01	2.21e-01	3.42e-02	3.06e-03	1.19e-05	0.00e+00
 7.19569e+22	2.56e-04	8.63e-02	6.65e-01	2.14e-01	3.21e-02	2.77e-03	1.02e-05	0.00e+00
 7.21557e+22	2.75e-04	9.00e-02	6.69e-01	2.08e-01	3.04e-02	2.55e-03	9.01e-06	0.00e+00
 7.23571e+22	3.01e-04	9.54e-02	6.74e-01	2.00e-01	2.84e-02	2.29e-03	7.64e-06	0.00e+00
 7.25834e+22	3.28e-04	1.01e-01	6.78e-01	1.92e-01	2.65e-02	2.06e-03	6.52e-06	0.00e+00
 7.28421e+22	3.69e-04	1.08e-01	6.83e-01	1.82e-01	2.42e-02	1.78e-03	5.26e-06	0.00e+00
 7.30861e+22	3.97e-04	1.13e-01	6.86e-01	1.76e-01	2.28e-02	1.63e-03	4.57e-06	0.00e+00
 7.32798e+22	4.27e-04	1.18e-01	6.89e-01	1.70e-01	2.15e-02	1.49e-03	3.99e-06	0.00e+00
 7.34539e+22	4.52e-04	1.22e-01	6.91e-01	1.65e-01	2.05e-02	1.38e-03	3.57e-06	0.00e+00
 7.36338e+22	4.89e-04	1.28e-01	6.92e-01	1.59e-01	1.92e-02	1.25e-03	3.07e-06	0.00e+00
 7.38677e+22	5.42e-04	1.36e-01	6.94e-01	1.50e-01	1.76e-02	1.09e-03	2.51e-06	0.00e+00
 7.41119e+22	5.89e-04	1.43e-01	6.95e-01	1.44e-01	1.64e-02	9.80e-04	2.14e-06	0.00e+00
 7.43694e+22	6.60e-04	1.53e-01	6.95e-01	1.35e-01	1.49e-02	8.43e-04	1.71e-06	0.00e+00
 7.46323e+22	7.18e-04	1.61e-01	6.95e-01	1.29e-01	1.38e-02	7.51e-04	1.44e-06	0.00e+00
 7.49021e+22	8.07e-04	1.72e-01	6.94e-01	1.20e-01	1.25e-02	6.40e-04	1.13e-06	0.00e+00
 7.52068e+22	9.03e-04	1.84e-01	6.92e-01	1.12e-01	1.12e-02	5.47e-04	8.98e-07	0.00e+00
 7.55569e+22	1.05e-03	2.01e-01	6.86e-01	1.02e-01	9.79e-03	4.42e-04	6.56e-07	0.00e+00
 7.59198e+22	1.18e-03	2.14e-01	6.82e-01	9.39e-02	8.75e-03	3.71e-04	5.07e-07	0.00e+00
 7.62994e+22	1.39e-03	2.35e-01	6.72e-01	8.37e-02	7.48e-03	2.92e-04	3.56e-07	0.00e+00
 7.66804e+22	1.57e-03	2.51e-01	6.64e-01	7.67e-02	6.65e-03	2.43e-04	2.72e-07	0.00e+00
 7.70632e+22	1.85e-03	2.75e-01	6.50e-01	6.75e-02	5.64e-03	1.88e-04	1.88e-07	0.00e+00
 7.74506e+22	2.11e-03	2.95e-01	6.37e-01	6.09e-02	4.94e-03	1.53e-04	1.39e-07	0.00e+00
 7.78440e+22	2.51e-03	3.24e-01	6.17e-01	5.25e-02	4.12e-03	1.15e-04	0.00e+00	0.00e+00
 7.82378e+22	2.86e-03	3.47e-01	6.00e-01	4.66e-02	3.58e-03	9.19e-05	0.00e+00	0.00e+00
 7.86321e+22	3.44e-03	3.82e-01	5.72e-01	3.92e-02	2.92e-03	6.68e-05	0.00e+00	0.00e+00
 7.89794e+22	3.81e-03	4.01e-01	5.57e-01	3.54e-02	2.61e-03	5.57e-05	0.00e+00	0.00e+00
 7.92656e+22	4.38e-03	4.31e-01	5.32e-01	3.06e-02	2.21e-03	4.30e-05	0.00e+00	0.00e+00
 7.95572e+22	4.92e-03	4.56e-01	5.10e-01	2.70e-02	1.93e-03	3.46e-05	0.00e+00	0.00e+00
 7.98152e+22	5.51e-03	4.82e-01	4.87e-01	2.37e-02	1.67e-03	2.76e-05	0.00e+00	0.00e+00
 8.01102e+22	6.41e-03	5.18e-01	4.55e-01	1.97e-02	1.37e-03	2.02e-05	0.00e+00	0.00e+00
 8.04087e+22	7.30e-03	5.49e-01	4.26e-01	1.67e-02	1.15e-03	1.53e-05	0.00e+00	0.00e+00
 8.06662e+22	8.24e-03	5.79e-01	3.98e-01	1.42e-02	9.70e-04	1.17e-05	0.00e+00	0.00e+00
 8.09554e+22	9.66e-03	6.18e-01	3.60e-01	1.13e-02	7.63e-04	8.03e-06	0.00e+00	0.00e+00
 8.12560e+22	1.12e-02	6.54e-01	3.25e-01	9.02e-03	6.04e-04	5.60e-06	0.00e+00	0.00e+00
 8.15265e+22	1.29e-02	6.89e-01	2.90e-01	7.16e-03	4.73e-04	3.86e-06	0.00e+00	0.00e+00
 8.18330e+22	1.53e-02	7.31e-01	2.48e-01	5.26e-03	3.41e-04	2.36e-06	0.00e+00	0.00e+00
 8.21535e+22	1.82e-02	7.69e-01	2.09e-01	3.82e-03	2.41e-04	1.42e-06	0.00e+00	0.00e+00
 8.24261e+22	2.11e-02	8.00e-01	1.76e-01	2.84e-03	1.74e-04	8.87e-07	0.00e+00	0.00e+00
 8.26704e+22	2.46e-02	8.26e-01	1.47e-01	2.10e-03	1.24e-04	5.49e-07	0.00e+00	0.00e+00
 8.28286e+22	2.63e-02	8.38e-01	1.34e-01	1.81e-03	1.04e-04	4.33e-07	0.00e+00	0.00e+00
 8.28928e+22	2.73e-02	8.44e-01	1.27e-01	1.68e-03	9.53e-05	3.82e-07	0.00e+00	0.00e+00
 8.29450e+22	2.83e-02	8.48e-01	1.22e-01	1.56e-03	8.75e-05	3.41e-07	0.00e+00	0.00e+00
 8.30040e+22	2.94e-02	8.53e-01	1.16e-01	1.45e-03	7.99e-05	3.01e-07	0.00e+00	0.00e+00
 8.30740e+22	3.08e-02	8.59e-01	1.08e-01	1.31e-03	7.11e-05	2.58e-07	0.00e+00	0.00e+00
 8.31469e+22	3.23e-02	8.65e-01	1.02e-01	1.19e-03	6.31e-05	2.20e-07	0.00e+00	0.00e+00
 8.32126e+22	3.36e-02	8.70e-01	9.57e-02	1.10e-03	5.68e-05	1.92e-07	0.00e+00	0.00e+00
 8.32748e+22	3.50e-02	8.74e-01	9.02e-02	1.01e-03	5.11e-05	1.67e-07	0.00e+00	0.00e+00
 8.33386e+22	3.66e-02	8.78e-01	8.45e-02	9.23e-04	4.55e-05	1.44e-07	0.00e+00	0.00e+00
 8.34012e+22	3.82e-02	8.82e-01	7.94e-02	8.49e-04	4.08e-05	1.26e-07	0.00e+00	0.00e+00
 8.34617e+22	3.98e-02	8.85e-01	7.46e-02	7.81e-04	3.65e-05	0.00e+00	0.00e+00	0.00e+00
 8.35225e+22	4.15e-02	8.88e-01	7.00e-02	7.19e-04	3.27e-05	0.00e+00	0.00e+00	0.00e+00
 8.35820e+22	4.33e-02	8.90e-01	6.57e-02	6.63e-04	2.92e-05	0.00e+00	0.00e+00	0.00e+00
 8.36403e+22	4.51e-02	8.93e-01	6.16e-02	6.12e-04	2.62e-05	0.00e+00	0.00e+00	0.00e+00
 8.36998e+22	4.72e-02	8.95e-01	5.75e-02	5.64e-04	2.32e-05	0.00e+00	0.00e+00	0.00e+00
 8.37585e+22	4.92e-02	8.96e-01	5.39e-02	5.21e-04	2.08e-05	0.00e+00	0.00e+00	0.00e+00
 8.38158e+22	5.15e-02	8.98e-01	5.03e-02	4.81e-04	1.85e-05	0.00e+00	0.00e+00	0.00e+00
 8.38718e+22	5.38e-02	8.99e-01	4.71e-02	4.46e-04	1.65e-05	0.00e+00	0.00e+00	0.00e+00
 8.39255e+22	5.60e-02	8.99e-01	4.41e-02	4.15e-04	1.47e-05	0.00e+00	0.00e+00	0.00e+00
 8.39798e+22	5.85e-02	9.00e-01	4.12e-02	3.85e-04	1.32e-05	0.00e+00	0.00e+00	0.00e+00
 8.40350e+22	6.11e-02	9.00e-01	3.85e-02	3.58e-04	1.17e-05	0.00e+00	0.00e+00	0.00e+00
 8.40899e+22	6.39e-02	9.00e-01	3.59e-02	3.33e-04	1.04e-05	0.00e+00	0.00e+00	0.00e+00
 8.41444e+22	6.68e-02	8.99e-01	3.34e-02	3.10e-04	9.27e-06	0.00e+00	0.00e+00	0.00e+00
 8.41984e+22	6.98e-02	8.99e-01	3.12e-02	2.89e-04	8.25e-06	0.00e+00	0.00e+00	0.00e+00
 8.42521e+22	7.29e-02	8.98e-01	2.91e-02	2.70e-04	7.35e-06	0.00e+00	0.00e+00	0.00e+00
 8.43067e+22	7.64e-02	8.96e-01	2.69e-02	2.51e-04	6.50e-06	0.00e+00	0.00e+00	0.00e+00
 8.43607e+22	8.01e-02	8.95e-01	2.50e-02	2.35e-04	5.77e-06	0.00e+00	0.00e+00	0.00e+00
 8.44127e+22	8.37e-02	8.93e-01	2.33e-02	2.20e-04	5.14e-06	0.00e+00	0.00e+00	0.00e+00
 8.44645e+22	8.76e-02	8.91e-01	2.17e-02	2.06e-04	4.57e-06	0.00e+00	0.00e+00	0.00e+00
 8.45171e+22	9.17e-02	8.88e-01	2.01e-02	1.94e-04	4.06e-06	0.00e+00	0.00e+00	0.00e+00
 8.45701e+22	9.61e-02	8.85e-01	1.86e-02	1.82e-04	3.60e-06	0.00e+00	0.00e+00	0.00e+00
 8.46232e+22	1.01e-01	8.82e-01	1.73e-02	1.71e-04	3.19e-06	0.00e+00	0.00e+00	0.00e+00
 8.46763e+22	1.05e-01	8.79e-01	1.60e-02	1.61e-04	2.84e-06	0.00e+00	0.00e+00	0.00e+00
 8.47333e+22	1.11e-01	8.74e-01	1.47e-02	1.50e-04	2.49e-06	0.00e+00	0.00e+00	0.00e+00
 8.47914e+22	1.17e-01	8.69e-01	1.35e-02	1.41e-04	2.18e-06	0.00e+00	0.00e+00	0.00e+00
 8.48444e+22	1.23e-01	8.65e-01	1.25e-02	1.33e-04	1.93e-06	0.00e+00	0.00e+00	0.00e+00
 8.48942e+22	1.28e-01	8.60e-01	1.16e-02	1.26e-04	1.73e-06	0.00e+00	0.00e+00	0.00e+00
 8.49499e+22	1.35e-01	8.55e-01	1.06e-02	1.18e-04	1.52e-06	0.00e+00	0.00e+00	0.00e+00
 8.50107e+22	1.42e-01	8.48e-01	9.71e-03	1.11e-04	1.32e-06	0.00e+00	0.00e+00	0.00e+00
 8.50680e+22	1.49e-01	8.42e-01	8.91e-03	1.05e-04	1.17e-06	0.00e+00	0.00e+00	0.00e+00
 8.51233e+22	1.57e-01	8.35e-01	8.18e-03	9.90e-05	1.03e-06	0.00e+00	0.00e+00	0.00e+00
 8.51791e+22	1.65e-01	8.28e-01	7.51e-03	9.36e-05	9.09e-07	0.00e+00	0.00e+00	0.00e+00
 8.52365e+22	1.73e-01	8.20e-01	6.87e-03	8.85e-05	8.00e-07	0.00e+00	0.00e+00	0.00e+00
 8.52958e+22	1.82e-01	8.11e-01	6.27e-03	8.36e-05	7.03e-07	0.00e+00	0.00e+00	0.00e+00
 8.53564e+22	1.92e-01	8.03e-01	5.72e-03	7.90e-05	6.17e-07	0.00e+00	0.00e+00	0.00e+00
 8.54185e+22	2.02e-01	7.93e-01	5.19e-03	7.46e-05	5.39e-07	0.00e+00	0.00e+00	0.00e+00
 8.54805e+22	2.12e-01	7.83e-01	4.73e-03	7.06e-05	4.74e-07	0.00e+00	0.00e+00	0.00e+00
 8.55445e+22	2.23e-01	7.72e-01	4.28e-03	6.67e-05	4.14e-07	0.00e+00	0.00e+00	0.00e+00
 8.56111e+22	2.35e-01	7.61e-01	3.86e-03	6.30e-05	3.60e-07	0.00e+00	0.00e+00	0.00e+00
 8.56765e+22	2.47e-01	7.49e-01	3.50e-03	5.97e-05	3.16e-07	0.00e+00	0.00e+00	0.00e+00
 8.57433e+22	2.59e-01	7.37e-01	3.17e-03	5.65e-05	2.77e-07	0.00e+00	0.00e+00	0.00e+00
 8.58151e+22	2.73e-01	7.24e-01	2.84e-03	5.33e-05	2.40e-07	0.00e+00	0.00e+00	0.00e+00
 8.58838e+22	2.86e-01	7.11e-01	2.57e-03	5.05e-05	2.11e-07	0.00e+00	0.00e+00	0.00e+00
 8.59432e+22	2.98e-01	7.00e-01	2.36e-03	4.83e-05	1.89e-07	0.00e+00	0.00e+00	0.00e+00
 8.60033e+22	3.10e-01	6.88e-01	2.16e-03	4.61e-05	1.69e-07	0.00e+00	0.00e+00	0.00e+00
 8.60688e+22	3.23e-01	6.75e-01	1.97e-03	4.39e-05	1.50e-07	0.00e+00	0.00e+00	0.00e+00
 8.61373e+22	3.37e-01	6.62e-01	1.79e-03	4.18e-05	1.32e-07	0.00e+00	0.00e+00	0.00e+00
 8.62055e+22	3.50e-01	6.49e-01	1.63e-03	3.98e-05	1.18e-07	0.00e+00	0.00e+00	0.00e+00
 8.62747e+22	3.64e-01	6.35e-01	1.48e-03	3.79e-05	0.00e+00	0.00e+00	0.00e+00	0.00e+00
 8.63469e+22	3.79e-01	6.20e-01	1.34e-03	3.60e-05	0.00e+00	0.00e+00	0.00e+00	0.00e+00
 8.64190e+22	3.93e-01	6.06e-01	1.22e-03	3.43e-05	0.00e+00	0.00e+00	0.00e+00	0.00e+00
 8.64923e+22	4.07e-01	5.92e-01	1.11e-03	3.26e-05	0.00e+00	0.00e+00	0.00e+00	0.00e+00
 8.65702e+22	4.22e-01	5.77e-01	1.01e-03	3.09e-05	0.00e+00	0.00e+00	0.00e+00	0.00e+00
 8.66504e+22	4.37e-01	5.62e-01	9.17e-04	2.94e-05	0.00e+00	0.00e+00	0.00e+00	0.00e+00
 8.67320e+22	4.53e-01	5.46e-01	8.33e-04	2.79e-05	0.00e+00	0.00e+00	0.00e+00	0.00e+00
 8.68161e+22	4.68e-01	5.31e-01	7.59e-04	2.64e-05	0.00e+00	0.00e+00	0.00e+00	0.00e+00
 8.69041e+22	4.84e-01	5.16e-01	6.89e-04	2.51e-05	0.00e+00	0.00e+00	0.00e+00	0.00e+00
 8.69968e+22	5.00e-01	5.00e-01	6.26e-04	2.37e-05	0.00e+00	0.00e+00	0.00e+00	0.00e+00
 8.70915e+22	5.15e-01	4.84e-01	5.71e-04	2.24e-05	0.00e+00	0.00e+00	0.00e+00	0.00e+00
 8.71897e+22	5.30e-01	4.69e-01	5.21e-04	2.12e-05	0.00e+00	0.00e+00	0.00e+00	0.00e+00
 8.72946e+22	5.46e-01	4.53e-01	4.75e-04	2.00e-05	0.00e+00	0.00e+00	0.00e+00	0.00e+00
 8.74058e+22	5.62e-01	4.38e-01	4.34e-04	1.89e-05	0.00e+00	0.00e+00	0.00e+00	0.00e+00
 8.75220e+22	5.77e-01	4.22e-01	3.97e-04	1.78e-05	0.00e+00	0.00e+00	0.00e+00	0.00e+00
 8.76452e+22	5.93e-01	4.07e-01	3.64e-04	1.68e-05	0.00e+00	0.00e+00	0.00e+00	0.00e+00
 8.77774e+22	6.08e-01	3.92e-01	3.33e-04	1.58e-05	0.00e+00	0.00e+00	0.00e+00	0.00e+00
 8.79169e+22	6.23e-01	3.77e-01	3.06e-04	1.48e-05	0.00e+00	0.00e+00	0.00e+00	0.00e+00
 8.80627e+22	6.37e-01	3.62e-01	2.83e-04	1.39e-05	0.00e+00	0.00e+00	0.00e+00	0.00e+00
 8.82164e+22	6.51e-01	3.48e-01	2.61e-04	1.31e-05	0.00e+00	0.00e+00	0.00e+00	0.00e+00
 8.83800e+22	6.65e-01	3.35e-01	2.42e-04	1.23e-05	0.00e+00	0.00e+00	0.00e+00	0.00e+00
 8.85517e+22	6.79e-01	3.21e-01	2.24e-04	1.16e-05	0.00e+00	0.00e+00	0.00e+00	0.00e+00
 8.87313e+22	6.92e-01	3.08e-01	2.08e-04	1.08e-05	0.00e+00	0.00e+00	0.00e+00	0.00e+00
 8.89170e+22	7.05e-01	2.95e-01	1.94e-04	1.02e-05	0.00e+00	0.00e+00	0.00e+00	0.00e+00
 8.91050e+22	7.17e-01	2.83e-01	1.81e-04	9.55e-06	0.00e+00	0.00e+00	0.00e+00	0.00e+00
 8.92899e+22	7.28e-01	2.71e-01	1.70e-04	9.01e-06	0.00e+00	0.00e+00	0.00e+00	0.00e+00
 8.94715e+22	7.40e-01	2.60e-01	1.60e-04	8.50e-06	0.00e+00	0.00e+00	0.00e+00	0.00e+00
