#depth	S	S+	S+2	S+3	S+4	S+5	S+6	S+7	S+8	S+9	S+10	S+11	S+12	S+13	S+14	S+15	S+16
 1.54284e+22	0.00e+00	1.79e-23	1.45e-19	1.15e-16	4.36e-14	1.03e-11	1.24e-08	1.36e-06	5.21e-05	7.02e-04	5.93e-03	2.25e-02	4.58e-02	9.78e-02	4.71e-01	2.96e-01	5.94e-02
 3.47357e+22	2.50e-33	7.49e-21	3.00e-17	1.08e-14	1.79e-12	1.88e-10	2.96e-07	3.01e-05	8.99e-04	7.79e-03	4.37e-02	1.04e-01	1.21e-01	1.41e-01	4.15e-01	1.49e-01	1.73e-02
 4.01787e+22	3.69e-32	7.58e-20	2.26e-16	5.74e-14	6.67e-12	5.05e-10	8.73e-07	8.77e-05	2.36e-03	1.70e-02	8.07e-02	1.61e-01	1.52e-01	1.41e-01	3.40e-01	9.69e-02	8.94e-03
 4.25248e+22	1.26e-31	2.18e-19	5.70e-16	1.24e-13	1.22e-11	7.98e-10	1.38e-06	1.38e-04	3.54e-03	2.34e-02	1.03e-01	1.90e-01	1.63e-01	1.36e-01	2.99e-01	7.65e-02	6.34e-03
 4.35023e+22	1.70e-31	2.83e-19	7.16e-16	1.49e-13	1.42e-11	8.95e-10	1.55e-06	1.54e-04	3.89e-03	2.52e-02	1.08e-01	1.97e-01	1.65e-01	1.34e-01	2.89e-01	7.19e-02	5.80e-03
 4.39520e+22	2.45e-31	3.90e-19	9.47e-16	1.88e-13	1.71e-11	1.03e-09	1.77e-06	1.75e-04	4.37e-03	2.76e-02	1.16e-01	2.05e-01	1.67e-01	1.32e-01	2.77e-01	6.65e-02	5.19e-03
 4.44423e+22	3.44e-31	5.22e-19	1.22e-15	2.33e-13	2.02e-11	1.17e-09	2.00e-06	1.97e-04	4.85e-03	2.99e-02	1.23e-01	2.13e-01	1.69e-01	1.29e-01	2.65e-01	6.18e-02	4.68e-03
 4.49856e+22	5.27e-31	7.58e-19	1.70e-15	3.06e-13	2.51e-11	1.38e-09	2.33e-06	2.29e-04	5.52e-03	3.30e-02	1.32e-01	2.22e-01	1.71e-01	1.26e-01	2.50e-01	5.61e-02	4.08e-03
 4.55060e+22	7.02e-31	9.73e-19	2.11e-15	3.68e-13	2.91e-11	1.55e-09	2.58e-06	2.52e-04	6.02e-03	3.53e-02	1.38e-01	2.28e-01	1.72e-01	1.24e-01	2.41e-01	5.25e-02	3.72e-03
 4.59965e+22	1.02e-30	1.35e-18	2.82e-15	4.68e-13	3.52e-11	1.80e-09	2.94e-06	2.86e-04	6.72e-03	3.83e-02	1.46e-01	2.36e-01	1.73e-01	1.21e-01	2.28e-01	4.80e-02	3.28e-03
 4.64973e+22	1.36e-30	1.73e-18	3.51e-15	5.63e-13	4.09e-11	2.02e-09	3.25e-06	3.15e-04	7.30e-03	4.08e-02	1.52e-01	2.42e-01	1.73e-01	1.18e-01	2.18e-01	4.47e-02	2.98e-03
 4.70114e+22	1.99e-30	2.42e-18	4.69e-15	7.19e-13	4.96e-11	2.34e-09	3.70e-06	3.57e-04	8.14e-03	4.43e-02	1.61e-01	2.49e-01	1.73e-01	1.15e-01	2.06e-01	4.06e-02	2.61e-03
 4.75336e+22	2.64e-30	3.10e-18	5.84e-15	8.64e-13	5.76e-11	2.63e-09	4.09e-06	3.93e-04	8.83e-03	4.70e-02	1.68e-01	2.55e-01	1.73e-01	1.12e-01	1.96e-01	3.78e-02	2.37e-03
 4.80664e+22	3.86e-30	4.32e-18	7.82e-15	1.10e-12	7.01e-11	3.06e-09	4.64e-06	4.43e-04	9.81e-03	5.08e-02	1.76e-01	2.61e-01	1.73e-01	1.08e-01	1.84e-01	3.42e-02	2.06e-03
 4.85898e+22	5.00e-30	5.42e-18	9.56e-15	1.31e-12	8.05e-11	3.42e-09	5.09e-06	4.83e-04	1.05e-02	5.36e-02	1.82e-01	2.66e-01	1.72e-01	1.05e-01	1.76e-01	3.19e-02	1.88e-03
 4.91013e+22	7.11e-30	7.38e-18	1.25e-14	1.64e-12	9.66e-11	3.94e-09	5.72e-06	5.40e-04	1.16e-02	5.75e-02	1.90e-01	2.71e-01	1.71e-01	1.02e-01	1.66e-01	2.89e-02	1.65e-03
 4.96231e+22	9.24e-30	9.31e-18	1.54e-14	1.96e-12	1.11e-10	4.40e-09	6.27e-06	5.88e-04	1.25e-02	6.05e-02	1.97e-01	2.75e-01	1.70e-01	9.88e-02	1.58e-01	2.68e-02	1.49e-03
 5.01586e+22	1.32e-29	1.27e-17	2.02e-14	2.46e-12	1.34e-10	5.09e-09	7.04e-06	6.56e-04	1.37e-02	6.47e-02	2.05e-01	2.80e-01	1.68e-01	9.49e-02	1.48e-01	2.42e-02	1.30e-03
 5.07045e+22	1.72e-29	1.61e-17	2.49e-14	2.94e-12	1.55e-10	5.70e-09	7.72e-06	7.14e-04	1.47e-02	6.81e-02	2.11e-01	2.83e-01	1.66e-01	9.20e-02	1.40e-01	2.24e-02	1.17e-03
 5.12639e+22	2.45e-29	2.20e-17	3.28e-14	3.71e-12	1.87e-10	6.61e-09	8.68e-06	7.96e-04	1.61e-02	7.27e-02	2.19e-01	2.87e-01	1.64e-01	8.81e-02	1.31e-01	2.01e-02	1.02e-03
 5.18333e+22	8.75e-30	2.78e-17	4.05e-14	4.43e-12	2.16e-10	7.42e-09	9.53e-06	8.66e-04	1.73e-02	7.63e-02	2.25e-01	2.90e-01	1.62e-01	8.51e-02	1.24e-01	1.86e-02	9.10e-04
 5.24158e+22	1.25e-29	3.81e-17	5.34e-14	5.60e-12	2.61e-10	8.62e-09	1.07e-05	9.66e-04	1.89e-02	8.13e-02	2.33e-01	2.93e-01	1.59e-01	8.12e-02	1.15e-01	1.66e-02	7.86e-04
 5.30097e+22	1.64e-29	4.85e-17	6.61e-14	6.72e-12	3.03e-10	9.71e-09	1.18e-05	1.05e-03	2.02e-02	8.52e-02	2.40e-01	2.95e-01	1.57e-01	7.82e-02	1.08e-01	1.52e-02	7.01e-04
 5.35303e+22	2.13e-29	6.12e-17	8.13e-14	8.01e-12	3.50e-10	1.09e-08	1.29e-05	1.14e-03	2.16e-02	8.92e-02	2.45e-01	2.97e-01	1.54e-01	7.53e-02	1.02e-01	1.40e-02	6.27e-04
 5.41189e+22	3.00e-29	8.27e-17	1.06e-13	1.00e-11	4.21e-10	1.26e-08	1.44e-05	1.26e-03	2.35e-02	9.44e-02	2.53e-01	2.98e-01	1.51e-01	7.16e-02	9.45e-02	1.25e-02	5.41e-04
 5.47087e+22	3.82e-29	1.03e-16	1.29e-13	1.19e-11	4.84e-10	1.41e-08	1.57e-05	1.36e-03	2.50e-02	9.84e-02	2.58e-01	2.99e-01	1.48e-01	6.89e-02	8.93e-02	1.15e-02	4.86e-04
 5.53001e+22	5.36e-29	1.39e-16	1.68e-13	1.49e-11	5.81e-10	1.63e-08	1.76e-05	1.50e-03	2.71e-02	1.04e-01	2.65e-01	3.00e-01	1.45e-01	6.54e-02	8.25e-02	1.03e-02	4.18e-04
 5.59006e+22	6.85e-29	1.72e-16	2.04e-13	1.76e-11	6.68e-10	1.82e-08	1.92e-05	1.62e-03	2.88e-02	1.08e-01	2.70e-01	3.00e-01	1.42e-01	6.28e-02	7.77e-02	9.42e-03	3.74e-04
 5.65130e+22	9.52e-29	2.31e-16	2.64e-13	2.19e-11	8.02e-10	2.11e-08	2.15e-05	1.79e-03	3.12e-02	1.14e-01	2.76e-01	3.00e-01	1.38e-01	5.94e-02	7.17e-02	8.39e-03	3.22e-04
 5.71456e+22	1.25e-28	2.93e-16	3.27e-13	2.63e-11	9.32e-10	2.38e-08	2.36e-05	1.94e-03	3.32e-02	1.18e-01	2.81e-01	2.99e-01	1.34e-01	5.67e-02	6.70e-02	7.63e-03	2.84e-04
 5.78042e+22	1.74e-28	3.94e-16	4.26e-13	3.31e-11	1.13e-09	2.77e-08	2.66e-05	2.15e-03	3.59e-02	1.25e-01	2.87e-01	2.98e-01	1.30e-01	5.35e-02	6.15e-02	6.76e-03	2.43e-04
 5.84865e+22	2.31e-28	5.08e-16	5.34e-13	4.02e-11	1.32e-09	3.16e-08	2.94e-05	2.34e-03	3.84e-02	1.30e-01	2.92e-01	2.97e-01	1.26e-01	5.08e-02	5.71e-02	6.08e-03	2.12e-04
 5.91995e+22	3.29e-28	6.93e-16	7.05e-13	5.10e-11	1.61e-09	3.71e-08	3.32e-05	2.60e-03	4.16e-02	1.37e-01	2.98e-01	2.94e-01	1.22e-01	4.75e-02	5.20e-02	5.34e-03	1.80e-04
 5.99349e+22	4.43e-28	9.03e-16	8.92e-13	6.25e-11	1.91e-09	4.25e-08	3.69e-05	2.84e-03	4.45e-02	1.42e-01	3.02e-01	2.92e-01	1.18e-01	4.49e-02	4.80e-02	4.77e-03	1.55e-04
 6.06995e+22	6.39e-28	1.25e-15	1.19e-12	8.04e-11	2.36e-09	5.04e-08	4.21e-05	3.16e-03	4.84e-02	1.50e-01	3.08e-01	2.89e-01	1.13e-01	4.17e-02	4.34e-02	4.15e-03	1.30e-04
 6.14886e+22	8.72e-28	1.64e-15	1.53e-12	9.95e-11	2.82e-09	5.82e-08	4.70e-05	3.47e-03	5.18e-02	1.56e-01	3.12e-01	2.85e-01	1.09e-01	3.92e-02	3.98e-02	3.67e-03	1.11e-04
 6.22005e+22	1.17e-27	2.13e-15	1.92e-12	1.22e-10	3.34e-09	6.68e-08	5.23e-05	3.78e-03	5.53e-02	1.62e-01	3.15e-01	2.82e-01	1.05e-01	3.68e-02	3.66e-02	3.27e-03	9.61e-05
 6.30168e+22	1.73e-27	3.03e-15	2.63e-12	1.59e-10	4.17e-09	8.00e-08	5.99e-05	4.24e-03	6.02e-02	1.70e-01	3.20e-01	2.77e-01	9.93e-02	3.39e-02	3.26e-02	2.79e-03	7.85e-05
 6.38394e+22	2.32e-27	3.92e-15	3.32e-12	1.95e-10	4.94e-09	9.19e-08	6.67e-05	4.62e-03	6.41e-02	1.77e-01	3.22e-01	2.73e-01	9.53e-02	3.18e-02	2.99e-02	2.48e-03	6.76e-05
 6.46704e+22	3.42e-27	5.52e-15	4.51e-12	2.54e-10	6.17e-09	1.10e-07	7.65e-05	5.16e-03	6.95e-02	1.85e-01	3.25e-01	2.67e-01	9.01e-02	2.91e-02	2.66e-02	2.11e-03	5.52e-05
 6.55190e+22	4.67e-27	7.29e-15	5.79e-12	3.15e-10	7.38e-09	1.27e-07	8.54e-05	5.64e-03	7.42e-02	1.91e-01	3.27e-01	2.62e-01	8.60e-02	2.71e-02	2.42e-02	1.86e-03	4.68e-05
 6.63907e+22	6.93e-27	1.04e-14	7.92e-12	4.14e-10	9.25e-09	1.53e-07	9.82e-05	6.30e-03	8.04e-02	2.00e-01	3.29e-01	2.55e-01	8.09e-02	2.47e-02	2.14e-02	1.57e-03	3.79e-05
 6.72806e+22	9.61e-27	1.39e-14	1.03e-11	5.19e-10	1.12e-08	1.78e-07	1.10e-04	6.91e-03	8.58e-02	2.07e-01	3.30e-01	2.50e-01	7.68e-02	2.29e-02	1.93e-02	1.36e-03	3.17e-05
 6.80724e+22	1.32e-26	1.85e-14	1.33e-11	6.46e-10	1.34e-08	2.07e-07	1.23e-04	7.55e-03	9.14e-02	2.14e-01	3.31e-01	2.44e-01	7.28e-02	2.12e-02	1.74e-02	1.18e-03	2.66e-05
 6.89800e+22	2.00e-26	2.68e-14	1.85e-11	8.60e-10	1.70e-08	2.51e-07	1.42e-04	8.46e-03	9.90e-02	2.22e-01	3.31e-01	2.36e-01	6.79e-02	1.91e-02	1.52e-02	9.84e-04	2.10e-05
 6.98418e+22	2.61e-26	3.42e-14	2.31e-11	1.04e-09	2.00e-08	2.85e-07	1.57e-04	9.13e-03	1.04e-01	2.28e-01	3.31e-01	2.30e-01	6.46e-02	1.78e-02	1.38e-02	8.70e-04	1.80e-05
 7.06443e+22	3.79e-26	4.81e-14	3.12e-11	1.35e-09	2.47e-08	3.39e-07	1.78e-04	1.01e-02	1.12e-01	2.36e-01	3.30e-01	2.23e-01	6.05e-02	1.62e-02	1.22e-02	7.33e-04	1.45e-05
 7.14485e+22	4.97e-26	6.17e-14	3.90e-11	1.63e-09	2.90e-08	3.86e-07	1.97e-04	1.09e-02	1.18e-01	2.41e-01	3.29e-01	2.17e-01	5.74e-02	1.50e-02	1.11e-02	6.45e-04	1.24e-05
 7.22551e+22	7.12e-26	8.59e-14	5.23e-11	2.10e-09	3.57e-08	4.58e-07	2.23e-04	1.20e-02	1.26e-01	2.48e-01	3.27e-01	2.10e-01	5.36e-02	1.36e-02	9.75e-03	5.44e-04	9.99e-06
 7.30804e+22	9.53e-26	1.13e-13	6.66e-11	2.59e-09	4.25e-08	5.27e-07	2.48e-04	1.30e-02	1.33e-01	2.54e-01	3.24e-01	2.03e-01	5.06e-02	1.26e-02	8.76e-03	4.71e-04	8.36e-06
 7.39301e+22	1.39e-25	1.61e-13	9.14e-11	3.39e-09	5.32e-08	6.33e-07	2.83e-04	1.44e-02	1.42e-01	2.61e-01	3.21e-01	1.95e-01	4.68e-02	1.13e-02	7.61e-03	3.90e-04	6.60e-06
 7.47844e+22	1.85e-25	2.11e-13	1.16e-10	4.17e-09	6.33e-08	7.29e-07	3.14e-04	1.56e-02	1.49e-01	2.67e-01	3.18e-01	1.89e-01	4.40e-02	1.04e-02	6.82e-03	3.37e-04	5.51e-06
 7.56446e+22	2.70e-25	3.02e-13	1.60e-10	5.49e-09	7.95e-08	8.79e-07	3.60e-04	1.73e-02	1.59e-01	2.73e-01	3.13e-01	1.80e-01	4.05e-02	9.29e-03	5.90e-03	2.78e-04	4.32e-06
 7.65214e+22	3.63e-25	4.03e-13	2.07e-10	6.85e-09	9.55e-08	1.02e-06	4.03e-04	1.88e-02	1.68e-01	2.78e-01	3.09e-01	1.74e-01	3.79e-02	8.48e-03	5.23e-03	2.37e-04	3.54e-06
 7.74195e+22	5.34e-25	5.88e-13	2.89e-10	9.13e-09	1.22e-07	1.25e-06	4.65e-04	2.09e-02	1.79e-01	2.85e-01	3.03e-01	1.65e-01	3.46e-02	7.51e-03	4.47e-03	1.92e-04	2.73e-06
 7.83347e+22	7.24e-25	7.95e-13	3.78e-10	1.15e-08	1.48e-07	1.46e-06	5.24e-04	2.28e-02	1.89e-01	2.89e-01	2.98e-01	1.58e-01	3.21e-02	6.80e-03	3.93e-03	1.62e-04	2.20e-06
 7.92721e+22	1.07e-24	1.18e-12	5.37e-10	1.56e-08	1.90e-07	1.81e-06	6.11e-04	2.55e-02	2.02e-01	2.94e-01	2.90e-01	1.49e-01	2.90e-02	5.96e-03	3.31e-03	1.29e-04	1.66e-06
 8.02210e+22	1.45e-24	1.61e-12	7.08e-10	1.98e-08	2.33e-07	2.14e-06	6.92e-04	2.79e-02	2.13e-01	2.98e-01	2.84e-01	1.42e-01	2.67e-02	5.35e-03	2.88e-03	1.07e-04	1.32e-06
 8.10215e+22	1.90e-24	2.13e-12	9.10e-10	2.47e-08	2.81e-07	2.50e-06	7.75e-04	3.03e-02	2.23e-01	3.01e-01	2.77e-01	1.35e-01	2.47e-02	4.85e-03	2.53e-03	9.07e-05	1.07e-06
 8.18987e+22	2.68e-24	3.07e-12	1.26e-09	3.28e-08	3.58e-07	3.07e-06	9.00e-04	3.38e-02	2.36e-01	3.04e-01	2.69e-01	1.27e-01	2.23e-02	4.25e-03	2.14e-03	7.25e-05	8.15e-07
 8.27807e+22	3.50e-24	4.07e-12	1.62e-09	4.09e-08	4.33e-07	3.61e-06	1.01e-03	3.68e-02	2.47e-01	3.06e-01	2.62e-01	1.21e-01	2.05e-02	3.83e-03	1.87e-03	6.07e-05	6.55e-07
 8.36404e+22	4.78e-24	5.73e-12	2.21e-09	5.37e-08	5.47e-07	4.40e-06	1.17e-03	4.08e-02	2.61e-01	3.08e-01	2.53e-01	1.13e-01	1.85e-02	3.36e-03	1.58e-03	4.87e-05	4.99e-07
 8.45174e+22	6.20e-24	7.64e-12	2.87e-09	6.77e-08	6.68e-07	5.22e-06	1.33e-03	4.46e-02	2.73e-01	3.09e-01	2.45e-01	1.07e-01	1.69e-02	3.00e-03	1.36e-03	4.03e-05	3.95e-07
 8.53806e+22	8.20e-24	1.06e-11	3.85e-09	8.81e-08	8.40e-07	6.37e-06	1.54e-03	4.94e-02	2.87e-01	3.09e-01	2.35e-01	9.93e-02	1.51e-02	2.63e-03	1.15e-03	3.22e-05	3.01e-07
 8.62610e+22	1.05e-23	1.42e-11	5.02e-09	1.12e-07	1.03e-06	7.63e-06	1.75e-03	5.41e-02	2.99e-01	3.09e-01	2.26e-01	9.29e-02	1.37e-02	2.32e-03	9.80e-04	2.63e-05	2.34e-07
 8.71240e+22	1.35e-23	1.91e-11	6.60e-09	1.43e-07	1.29e-06	9.24e-06	2.02e-03	5.97e-02	3.13e-01	3.08e-01	2.16e-01	8.64e-02	1.22e-02	2.03e-03	8.27e-04	2.11e-05	1.79e-07
 8.79966e+22	1.70e-23	2.55e-11	8.59e-09	1.82e-07	1.59e-06	1.11e-05	2.31e-03	6.56e-02	3.26e-01	3.06e-01	2.07e-01	8.02e-02	1.10e-02	1.78e-03	6.99e-04	1.70e-05	1.37e-07
 8.88583e+22	2.13e-23	3.37e-11	1.11e-08	2.31e-07	1.97e-06	1.34e-05	2.65e-03	7.20e-02	3.39e-01	3.03e-01	1.97e-01	7.42e-02	9.79e-03	1.55e-03	5.88e-04	1.36e-05	0.00e+00
 8.97183e+22	2.64e-23	4.41e-11	1.43e-08	2.92e-07	2.42e-06	1.61e-05	3.03e-03	7.89e-02	3.52e-01	3.00e-01	1.87e-01	6.85e-02	8.72e-03	1.35e-03	4.95e-04	1.09e-05	0.00e+00
 9.05793e+22	3.24e-23	5.75e-11	1.83e-08	3.68e-07	2.98e-06	1.94e-05	3.47e-03	8.64e-02	3.64e-01	2.96e-01	1.77e-01	6.30e-02	7.74e-03	1.17e-03	4.14e-04	8.71e-06	0.00e+00
 9.14432e+22	3.94e-23	7.42e-11	2.33e-08	4.61e-07	3.65e-06	2.33e-05	3.97e-03	9.45e-02	3.77e-01	2.91e-01	1.68e-01	5.78e-02	6.85e-03	1.01e-03	3.46e-04	6.94e-06	0.00e+00
 9.23101e+22	4.77e-23	9.52e-11	2.95e-08	5.77e-07	4.47e-06	2.80e-05	4.53e-03	1.03e-01	3.88e-01	2.86e-01	1.58e-01	5.28e-02	6.04e-03	8.73e-04	2.88e-04	5.51e-06	0.00e+00
 9.31840e+22	5.74e-23	1.21e-10	3.72e-08	7.19e-07	5.46e-06	3.36e-05	5.17e-03	1.13e-01	3.99e-01	2.80e-01	1.48e-01	4.81e-02	5.31e-03	7.50e-04	2.39e-04	4.35e-06	0.00e+00
 9.40661e+22	6.87e-23	1.53e-10	4.66e-08	8.95e-07	6.66e-06	4.03e-05	5.89e-03	1.22e-01	4.10e-01	2.74e-01	1.39e-01	4.37e-02	4.65e-03	6.42e-04	1.98e-04	3.43e-06	0.00e+00
 9.49595e+22	8.20e-23	1.93e-10	5.83e-08	1.11e-06	8.11e-06	4.82e-05	6.70e-03	1.33e-01	4.20e-01	2.66e-01	1.29e-01	3.95e-02	4.06e-03	5.47e-04	1.63e-04	2.69e-06	0.00e+00
 9.58570e+22	9.73e-23	2.40e-10	7.22e-08	1.37e-06	9.83e-06	5.76e-05	7.60e-03	1.44e-01	4.29e-01	2.59e-01	1.21e-01	3.56e-02	3.54e-03	4.65e-04	1.34e-04	2.10e-06	0.00e+00
 9.67694e+22	1.16e-22	2.98e-10	8.96e-08	1.69e-06	1.19e-05	6.89e-05	8.64e-03	1.56e-01	4.37e-01	2.51e-01	1.12e-01	3.19e-02	3.06e-03	3.93e-04	1.09e-04	1.63e-06	0.00e+00
 9.76937e+22	4.51e-22	3.67e-10	1.10e-07	2.08e-06	1.44e-05	8.21e-05	9.77e-03	1.69e-01	4.44e-01	2.42e-01	1.03e-01	2.86e-02	2.65e-03	3.31e-04	8.91e-05	1.27e-06	0.00e+00
 9.86372e+22	5.39e-22	4.51e-10	1.36e-07	2.56e-06	1.75e-05	9.84e-05	1.11e-02	1.82e-01	4.51e-01	2.33e-01	9.50e-02	2.54e-02	2.27e-03	2.77e-04	7.18e-05	9.72e-07	0.00e+00
 9.95142e+22	6.24e-22	5.32e-10	1.61e-07	3.02e-06	2.04e-05	1.13e-04	1.23e-02	1.93e-01	4.55e-01	2.26e-01	8.87e-02	2.31e-02	2.00e-03	2.39e-04	6.04e-05	7.84e-07	0.00e+00
 1.00418e+23	7.48e-22	6.50e-10	1.98e-07	3.73e-06	2.47e-05	1.36e-04	1.39e-02	2.08e-01	4.59e-01	2.16e-01	8.08e-02	2.03e-02	1.70e-03	1.97e-04	4.80e-05	5.91e-07	0.00e+00
 1.01340e+23	8.70e-22	7.62e-10	2.33e-07	4.39e-06	2.88e-05	1.57e-04	1.54e-02	2.20e-01	4.62e-01	2.08e-01	7.50e-02	1.83e-02	1.49e-03	1.69e-04	4.00e-05	4.72e-07	0.00e+00
 1.02284e+23	1.05e-21	9.24e-10	2.86e-07	5.41e-06	3.50e-05	1.89e-04	1.74e-02	2.37e-01	4.63e-01	1.97e-01	6.77e-02	1.59e-02	1.25e-03	1.37e-04	3.14e-05	3.51e-07	0.00e+00
 1.03230e+23	1.22e-21	1.07e-09	3.34e-07	6.32e-06	4.03e-05	2.16e-04	1.91e-02	2.49e-01	4.64e-01	1.89e-01	6.27e-02	1.44e-02	1.09e-03	1.18e-04	2.62e-05	2.81e-07	0.00e+00
 1.04179e+23	1.48e-21	1.29e-09	4.05e-07	7.71e-06	4.85e-05	2.58e-04	2.15e-02	2.66e-01	4.63e-01	1.79e-01	5.65e-02	1.25e-02	9.15e-04	9.57e-05	2.06e-05	2.09e-07	0.00e+00
 1.05134e+23	1.72e-21	1.48e-09	4.70e-07	8.97e-06	5.57e-05	2.94e-04	2.35e-02	2.78e-01	4.62e-01	1.71e-01	5.21e-02	1.12e-02	7.98e-04	8.16e-05	1.71e-05	1.67e-07	0.00e+00
 1.06098e+23	2.08e-21	1.76e-09	5.67e-07	1.09e-05	6.66e-05	3.49e-04	2.63e-02	2.95e-01	4.59e-01	1.61e-01	4.68e-02	9.69e-03	6.66e-04	6.61e-05	1.34e-05	1.24e-07	0.00e+00
 1.07071e+23	2.43e-21	2.02e-09	6.56e-07	1.26e-05	7.63e-05	3.97e-04	2.87e-02	3.08e-01	4.56e-01	1.54e-01	4.30e-02	8.66e-03	5.79e-04	5.62e-05	1.11e-05	0.00e+00	0.00e+00
 1.08056e+23	2.94e-21	2.38e-09	7.87e-07	1.52e-05	9.07e-05	4.69e-04	3.20e-02	3.26e-01	4.51e-01	1.44e-01	3.84e-02	7.46e-03	4.81e-04	4.53e-05	8.67e-06	0.00e+00	0.00e+00
 1.09053e+23	3.45e-21	2.72e-09	9.09e-07	1.76e-05	1.04e-04	5.33e-04	3.48e-02	3.39e-01	4.46e-01	1.37e-01	3.51e-02	6.64e-03	4.17e-04	3.83e-05	7.14e-06	0.00e+00	0.00e+00
 1.10067e+23	4.19e-21	3.20e-09	1.09e-06	2.11e-05	1.23e-04	6.28e-04	3.87e-02	3.56e-01	4.39e-01	1.28e-01	3.12e-02	5.69e-03	3.44e-04	3.07e-05	5.54e-06	0.00e+00	0.00e+00
 1.11099e+23	4.94e-21	3.65e-09	1.26e-06	2.44e-05	1.40e-04	7.13e-04	4.19e-02	3.70e-01	4.33e-01	1.21e-01	2.84e-02	5.03e-03	2.96e-04	2.57e-05	4.53e-06	0.00e+00	0.00e+00
 1.12155e+23	6.06e-21	4.29e-09	1.51e-06	2.94e-05	1.66e-04	8.40e-04	4.66e-02	3.87e-01	4.24e-01	1.12e-01	2.51e-02	4.28e-03	2.43e-04	2.04e-05	3.48e-06	0.00e+00	0.00e+00
 1.13235e+23	7.21e-21	4.91e-09	1.74e-06	3.40e-05	1.89e-04	9.53e-04	5.04e-02	4.00e-01	4.16e-01	1.05e-01	2.27e-02	3.76e-03	2.07e-04	1.70e-05	2.82e-06	0.00e+00	0.00e+00
 1.14345e+23	8.92e-21	5.79e-09	2.09e-06	4.10e-05	2.24e-04	1.12e-03	5.59e-02	4.17e-01	4.05e-01	9.70e-02	1.99e-02	3.17e-03	1.68e-04	1.34e-05	2.14e-06	0.00e+00	0.00e+00
 1.15479e+23	1.07e-20	6.66e-09	2.44e-06	4.75e-05	2.56e-04	1.28e-03	6.05e-02	4.31e-01	3.96e-01	9.07e-02	1.79e-02	2.77e-03	1.43e-04	1.10e-05	1.72e-06	0.00e+00	0.00e+00
 1.16433e+23	1.26e-20	7.51e-09	2.77e-06	5.41e-05	2.87e-04	1.43e-03	6.47e-02	4.42e-01	3.87e-01	8.54e-02	1.63e-02	2.45e-03	1.23e-04	9.30e-06	1.42e-06	0.00e+00	0.00e+00
 1.17463e+23	1.54e-20	8.72e-09	3.27e-06	6.38e-05	3.33e-04	1.65e-03	7.06e-02	4.56e-01	3.76e-01	7.89e-02	1.43e-02	2.09e-03	1.01e-04	7.44e-06	1.10e-06	0.00e+00	0.00e+00
 1.18468e+23	1.79e-20	9.77e-09	3.70e-06	7.19e-05	3.70e-04	1.82e-03	7.51e-02	4.66e-01	3.67e-01	7.44e-02	1.31e-02	1.87e-03	8.83e-05	6.34e-06	9.16e-07	0.00e+00	0.00e+00
 1.19440e+23	2.15e-20	1.12e-08	4.30e-06	8.36e-05	4.23e-04	2.08e-03	8.12e-02	4.78e-01	3.56e-01	6.88e-02	1.16e-02	1.60e-03	7.34e-05	5.13e-06	7.20e-07	0.00e+00	0.00e+00
 1.20421e+23	2.54e-20	1.26e-08	4.88e-06	9.42e-05	4.69e-04	2.29e-03	8.61e-02	4.87e-01	3.47e-01	6.48e-02	1.06e-02	1.43e-03	6.39e-05	4.37e-06	6.00e-07	0.00e+00	0.00e+00
 1.21415e+23	3.09e-20	1.46e-08	5.69e-06	1.10e-04	5.35e-04	2.60e-03	9.29e-02	4.98e-01	3.35e-01	5.97e-02	9.38e-03	1.22e-03	5.30e-05	3.53e-06	4.70e-07	0.00e+00	0.00e+00
 1.22422e+23	3.67e-20	1.65e-08	6.46e-06	1.24e-04	5.93e-04	2.87e-03	9.83e-02	5.07e-01	3.26e-01	5.61e-02	8.53e-03	1.08e-03	4.58e-05	2.99e-06	3.89e-07	0.00e+00	0.00e+00
 1.23448e+23	4.50e-20	1.91e-08	7.57e-06	1.44e-04	6.76e-04	3.26e-03	1.06e-01	5.17e-01	3.13e-01	5.15e-02	7.50e-03	9.24e-04	3.78e-05	2.39e-06	3.03e-07	0.00e+00	0.00e+00
 1.24489e+23	5.41e-20	2.18e-08	8.64e-06	1.63e-04	7.50e-04	3.59e-03	1.12e-01	5.24e-01	3.04e-01	4.81e-02	6.80e-03	8.17e-04	3.26e-05	2.02e-06	2.50e-07	0.00e+00	0.00e+00
 1.25550e+23	6.71e-20	2.54e-08	1.02e-05	1.90e-04	8.55e-04	4.08e-03	1.20e-01	5.33e-01	2.91e-01	4.40e-02	5.95e-03	6.91e-04	2.67e-05	1.61e-06	1.93e-07	0.00e+00	0.00e+00
 1.26628e+23	8.19e-20	2.91e-08	1.17e-05	2.15e-04	9.49e-04	4.49e-03	1.27e-01	5.39e-01	2.81e-01	4.10e-02	5.37e-03	6.08e-04	2.29e-05	1.35e-06	1.58e-07	0.00e+00	0.00e+00
 1.27730e+23	1.03e-19	3.42e-08	1.38e-05	2.52e-04	1.08e-03	5.11e-03	1.36e-01	5.47e-01	2.68e-01	3.72e-02	4.67e-03	5.12e-04	1.86e-05	1.06e-06	1.21e-07	0.00e+00	0.00e+00
 1.28854e+23	1.28e-19	3.97e-08	1.59e-05	2.87e-04	1.20e-03	5.62e-03	1.44e-01	5.52e-01	2.58e-01	3.45e-02	4.19e-03	4.47e-04	1.58e-05	8.86e-07	0.00e+00	0.00e+00	0.00e+00
 1.30008e+23	1.64e-19	4.72e-08	1.89e-05	3.37e-04	1.38e-03	6.40e-03	1.54e-01	5.58e-01	2.45e-01	3.12e-02	3.62e-03	3.73e-04	1.27e-05	6.92e-07	0.00e+00	0.00e+00	0.00e+00
 1.31192e+23	2.06e-19	5.51e-08	2.20e-05	3.86e-04	1.53e-03	7.07e-03	1.63e-01	5.61e-01	2.35e-01	2.87e-02	3.22e-03	3.23e-04	1.07e-05	5.69e-07	0.00e+00	0.00e+00	0.00e+00
 1.32416e+23	2.73e-19	6.68e-08	2.66e-05	4.57e-04	1.76e-03	8.05e-03	1.74e-01	5.65e-01	2.21e-01	2.57e-02	2.76e-03	2.67e-04	8.52e-06	4.40e-07	0.00e+00	0.00e+00	0.00e+00
 1.33656e+23	3.50e-19	7.89e-08	3.10e-05	5.24e-04	1.96e-03	8.88e-03	1.83e-01	5.68e-01	2.11e-01	2.36e-02	2.45e-03	2.30e-04	7.13e-06	3.60e-07	0.00e+00	0.00e+00	0.00e+00
 1.34918e+23	4.74e-19	9.65e-08	3.77e-05	6.23e-04	2.25e-03	1.01e-02	1.96e-01	5.69e-01	1.98e-01	2.10e-02	2.08e-03	1.88e-04	5.63e-06	2.76e-07	0.00e+00	0.00e+00	0.00e+00
 1.36193e+23	6.20e-19	1.15e-07	4.42e-05	7.15e-04	2.51e-03	1.11e-02	2.06e-01	5.70e-01	1.89e-01	1.93e-02	1.84e-03	1.62e-04	4.70e-06	2.25e-07	0.00e+00	0.00e+00	0.00e+00
 1.37487e+23	8.59e-19	1.42e-07	5.39e-05	8.52e-04	2.87e-03	1.26e-02	2.19e-01	5.69e-01	1.76e-01	1.71e-02	1.56e-03	1.32e-04	3.69e-06	1.71e-07	0.00e+00	0.00e+00	0.00e+00
 1.38801e+23	1.15e-18	1.70e-07	6.36e-05	9.81e-04	3.20e-03	1.39e-02	2.30e-01	5.68e-01	1.67e-01	1.55e-02	1.37e-03	1.13e-04	3.06e-06	1.39e-07	0.00e+00	0.00e+00	0.00e+00
 1.39956e+23	1.51e-18	2.02e-07	7.45e-05	1.12e-03	3.56e-03	1.53e-02	2.41e-01	5.66e-01	1.58e-01	1.41e-02	1.20e-03	9.62e-05	2.53e-06	0.00e+00	0.00e+00	0.00e+00	0.00e+00
 1.41273e+23	2.19e-18	2.54e-07	9.14e-05	1.34e-03	4.06e-03	1.72e-02	2.55e-01	5.62e-01	1.47e-01	1.25e-02	1.02e-03	7.84e-05	1.99e-06	0.00e+00	0.00e+00	0.00e+00	0.00e+00
 1.42616e+23	2.97e-18	3.05e-07	1.08e-04	1.54e-03	4.52e-03	1.90e-02	2.67e-01	5.58e-01	1.38e-01	1.13e-02	8.85e-04	6.62e-05	1.62e-06	0.00e+00	0.00e+00	0.00e+00	0.00e+00
 1.43707e+23	6.44e-19	3.60e-07	1.25e-04	1.74e-03	4.95e-03	2.06e-02	2.77e-01	5.54e-01	1.31e-01	1.03e-02	7.87e-04	5.74e-05	1.37e-06	0.00e+00	0.00e+00	0.00e+00	0.00e+00
 1.44840e+23	8.11e-19	4.38e-07	1.48e-04	2.00e-03	5.50e-03	2.25e-02	2.88e-01	5.48e-01	1.23e-01	9.32e-03	6.86e-04	4.85e-05	1.13e-06	0.00e+00	0.00e+00	0.00e+00	0.00e+00
 1.46032e+23	1.04e-18	5.21e-07	1.72e-04	2.28e-03	6.05e-03	2.45e-02	2.99e-01	5.43e-01	1.16e-01	8.48e-03	6.05e-04	4.16e-05	9.39e-07	0.00e+00	0.00e+00	0.00e+00	0.00e+00
 1.47125e+23	1.34e-18	6.19e-07	2.00e-04	2.58e-03	6.63e-03	2.65e-02	3.10e-01	5.37e-01	1.09e-01	7.72e-03	5.34e-04	3.58e-05	7.87e-07	0.00e+00	0.00e+00	0.00e+00	0.00e+00
 1.48371e+23	6.09e-18	7.71e-07	2.42e-04	3.01e-03	7.43e-03	2.92e-02	3.23e-01	5.28e-01	1.01e-01	6.86e-03	4.57e-04	2.96e-05	6.29e-07	0.00e+00	0.00e+00	0.00e+00	0.00e+00
 1.49651e+23	2.28e-17	9.32e-07	2.85e-04	3.44e-03	8.19e-03	3.19e-02	3.35e-01	5.20e-01	9.47e-02	6.16e-03	3.97e-04	2.50e-05	5.15e-07	0.00e+00	0.00e+00	0.00e+00	0.00e+00
 1.50775e+23	3.54e-17	1.11e-06	3.32e-04	3.90e-03	8.96e-03	3.44e-02	3.45e-01	5.12e-01	8.90e-02	5.60e-03	3.49e-04	2.14e-05	4.30e-07	0.00e+00	0.00e+00	0.00e+00	0.00e+00
 1.52036e+23	6.20e-17	1.40e-06	4.01e-04	4.55e-03	1.00e-02	3.77e-02	3.58e-01	5.02e-01	8.23e-02	4.96e-03	2.98e-04	1.77e-05	3.43e-07	0.00e+00	0.00e+00	0.00e+00	0.00e+00
 1.53360e+23	1.23e-16	1.71e-06	4.76e-04	5.22e-03	1.10e-02	4.11e-02	3.70e-01	4.91e-01	7.62e-02	4.42e-03	2.56e-04	1.48e-05	2.78e-07	0.00e+00	0.00e+00	0.00e+00	0.00e+00
 1.54561e+23	1.27e-17	2.07e-06	5.58e-04	5.94e-03	1.21e-02	4.43e-02	3.81e-01	4.81e-01	7.11e-02	3.98e-03	2.24e-04	1.25e-05	2.29e-07	0.00e+00	0.00e+00	0.00e+00	0.00e+00
 1.55915e+23	1.30e-17	2.64e-06	6.84e-04	6.98e-03	1.36e-02	4.86e-02	3.94e-01	4.68e-01	6.50e-02	3.48e-03	1.88e-04	1.02e-05	1.79e-07	0.00e+00	0.00e+00	0.00e+00	0.00e+00
 1.57313e+23	1.68e-17	3.26e-06	8.16e-04	8.03e-03	1.50e-02	5.28e-02	4.05e-01	4.55e-01	5.98e-02	3.08e-03	1.61e-04	8.41e-06	1.44e-07	0.00e+00	0.00e+00	0.00e+00	0.00e+00
 1.58557e+23	2.32e-17	3.98e-06	9.61e-04	9.15e-03	1.64e-02	5.69e-02	4.15e-01	4.43e-01	5.53e-02	2.75e-03	1.39e-04	7.06e-06	0.00e+00	0.00e+00	0.00e+00	0.00e+00	0.00e+00
 1.59966e+23	3.51e-17	5.11e-06	1.18e-03	1.08e-02	1.83e-02	6.23e-02	4.27e-01	4.28e-01	5.00e-02	2.38e-03	1.15e-04	5.66e-06	0.00e+00	0.00e+00	0.00e+00	0.00e+00	0.00e+00
 1.61430e+23	5.22e-17	6.39e-06	1.42e-03	1.24e-02	2.02e-02	6.75e-02	4.37e-01	4.13e-01	4.56e-02	2.08e-03	9.74e-05	4.63e-06	0.00e+00	0.00e+00	0.00e+00	0.00e+00	0.00e+00
 1.62747e+23	7.50e-17	7.88e-06	1.68e-03	1.42e-02	2.21e-02	7.26e-02	4.46e-01	3.99e-01	4.18e-02	1.84e-03	8.32e-05	3.84e-06	0.00e+00	0.00e+00	0.00e+00	0.00e+00	0.00e+00
 1.64240e+23	1.23e-16	1.03e-05	2.09e-03	1.68e-02	2.48e-02	7.94e-02	4.57e-01	3.81e-01	3.72e-02	1.57e-03	6.78e-05	3.01e-06	0.00e+00	0.00e+00	0.00e+00	0.00e+00	0.00e+00
 1.65779e+23	1.92e-16	1.29e-05	2.51e-03	1.94e-02	2.72e-02	8.56e-02	4.65e-01	3.66e-01	3.37e-02	1.36e-03	5.68e-05	2.44e-06	0.00e+00	0.00e+00	0.00e+00	0.00e+00	0.00e+00
 1.67165e+23	2.93e-16	1.61e-05	3.00e-03	2.22e-02	2.98e-02	9.18e-02	4.71e-01	3.50e-01	3.05e-02	1.19e-03	4.78e-05	1.99e-06	0.00e+00	0.00e+00	0.00e+00	0.00e+00	0.00e+00
 1.68754e+23	5.31e-16	2.14e-05	3.76e-03	2.63e-02	3.33e-02	1.00e-01	4.79e-01	3.30e-01	2.67e-02	9.96e-04	3.82e-05	1.53e-06	0.00e+00	0.00e+00	0.00e+00	0.00e+00	0.00e+00
 1.70363e+23	9.28e-16	2.69e-05	4.51e-03	3.02e-02	3.65e-02	1.07e-01	4.83e-01	3.13e-01	2.38e-02	8.57e-04	3.16e-05	1.23e-06	0.00e+00	0.00e+00	0.00e+00	0.00e+00	0.00e+00
 1.71786e+23	1.50e-15	3.36e-05	5.38e-03	3.45e-02	3.97e-02	1.14e-01	4.87e-01	2.97e-01	2.14e-02	7.42e-04	2.64e-05	9.91e-07	0.00e+00	0.00e+00	0.00e+00	0.00e+00	0.00e+00
 1.73421e+23	3.53e-15	4.48e-05	6.74e-03	4.09e-02	4.42e-02	1.24e-01	4.89e-01	2.76e-01	1.84e-02	6.12e-04	2.07e-05	7.48e-07	0.00e+00	0.00e+00	0.00e+00	0.00e+00	0.00e+00
 1.75077e+23	7.69e-15	5.62e-05	8.05e-03	4.67e-02	4.80e-02	1.32e-01	4.89e-01	2.59e-01	1.63e-02	5.22e-04	1.70e-05	5.93e-07	0.00e+00	0.00e+00	0.00e+00	0.00e+00	0.00e+00
 1.76758e+23	1.96e-14	7.48e-05	1.00e-02	5.49e-02	5.30e-02	1.41e-01	4.87e-01	2.39e-01	1.39e-02	4.27e-04	1.32e-05	4.45e-07	0.00e+00	0.00e+00	0.00e+00	0.00e+00	0.00e+00
 1.78475e+23	5.99e-14	9.46e-05	1.20e-02	6.27e-02	5.75e-02	1.50e-01	4.84e-01	2.22e-01	1.21e-02	3.59e-04	1.07e-05	3.47e-07	0.00e+00	0.00e+00	0.00e+00	0.00e+00	0.00e+00
 1.80005e+23	3.12e-13	1.19e-04	1.43e-02	7.11e-02	6.19e-02	1.58e-01	4.78e-01	2.06e-01	1.05e-02	3.03e-04	8.63e-06	2.71e-07	0.00e+00	0.00e+00	0.00e+00	0.00e+00	0.00e+00
 1.81759e+23	2.57e-12	1.58e-04	1.79e-02	8.32e-02	6.78e-02	1.67e-01	4.69e-01	1.86e-01	8.80e-03	2.42e-04	6.55e-06	1.98e-07	0.00e+00	0.00e+00	0.00e+00	0.00e+00	0.00e+00
 1.83542e+23	8.46e-11	1.99e-04	2.13e-02	9.41e-02	7.27e-02	1.75e-01	4.59e-01	1.70e-01	7.55e-03	2.01e-04	5.20e-06	1.52e-07	0.00e+00	0.00e+00	0.00e+00	0.00e+00	0.00e+00
 1.85361e+23	1.42e-09	2.66e-04	2.64e-02	1.09e-01	7.90e-02	1.84e-01	4.44e-01	1.50e-01	6.16e-03	1.58e-04	3.85e-06	0.00e+00	0.00e+00	0.00e+00	0.00e+00	0.00e+00	0.00e+00
 1.87140e+23	2.55e-09	3.28e-04	3.09e-02	1.22e-01	8.36e-02	1.90e-01	4.31e-01	1.37e-01	5.28e-03	1.31e-04	3.08e-06	0.00e+00	0.00e+00	0.00e+00	0.00e+00	0.00e+00	0.00e+00
 1.88866e+23	4.00e-09	4.26e-04	3.75e-02	1.39e-01	8.94e-02	1.97e-01	4.13e-01	1.20e-01	4.30e-03	1.03e-04	2.28e-06	0.00e+00	0.00e+00	0.00e+00	0.00e+00	0.00e+00	0.00e+00
 1.90535e+23	5.39e-09	5.12e-04	4.29e-02	1.52e-01	9.33e-02	2.01e-01	3.98e-01	1.09e-01	3.70e-03	8.65e-05	1.85e-06	0.00e+00	0.00e+00	0.00e+00	0.00e+00	0.00e+00	0.00e+00
 1.92128e+23	7.73e-09	6.45e-04	5.07e-02	1.69e-01	9.81e-02	2.05e-01	3.78e-01	9.60e-02	3.03e-03	6.87e-05	1.39e-06	0.00e+00	0.00e+00	0.00e+00	0.00e+00	0.00e+00	0.00e+00
 1.93722e+23	1.01e-08	7.68e-04	5.75e-02	1.83e-01	1.02e-01	2.07e-01	3.61e-01	8.65e-02	2.59e-03	5.72e-05	1.11e-06	0.00e+00	0.00e+00	0.00e+00	0.00e+00	0.00e+00	0.00e+00
 1.95318e+23	1.41e-08	9.58e-04	6.72e-02	2.02e-01	1.06e-01	2.09e-01	3.38e-01	7.50e-02	2.09e-03	4.50e-05	8.30e-07	0.00e+00	0.00e+00	0.00e+00	0.00e+00	0.00e+00	0.00e+00
 1.96953e+23	1.83e-08	1.14e-03	7.60e-02	2.18e-01	1.09e-01	2.09e-01	3.19e-01	6.63e-02	1.75e-03	3.67e-05	6.49e-07	0.00e+00	0.00e+00	0.00e+00	0.00e+00	0.00e+00	0.00e+00
 1.98637e+23	2.53e-08	1.42e-03	8.83e-02	2.38e-01	1.12e-01	2.08e-01	2.95e-01	5.64e-02	1.38e-03	2.83e-05	4.72e-07	0.00e+00	0.00e+00	0.00e+00	0.00e+00	0.00e+00	0.00e+00
 2.00341e+23	3.25e-08	1.68e-03	9.93e-02	2.54e-01	1.14e-01	2.07e-01	2.74e-01	4.92e-02	1.14e-03	2.27e-05	3.62e-07	0.00e+00	0.00e+00	0.00e+00	0.00e+00	0.00e+00	0.00e+00
 2.01842e+23	4.13e-08	1.98e-03	1.11e-01	2.70e-01	1.15e-01	2.04e-01	2.55e-01	4.27e-02	9.35e-04	1.83e-05	2.79e-07	0.00e+00	0.00e+00	0.00e+00	0.00e+00	0.00e+00	0.00e+00
 2.03566e+23	5.55e-08	2.43e-03	1.27e-01	2.89e-01	1.17e-01	1.99e-01	2.30e-01	3.55e-02	7.23e-04	1.38e-05	1.98e-07	0.00e+00	0.00e+00	0.00e+00	0.00e+00	0.00e+00	0.00e+00
 2.05237e+23	6.87e-08	2.80e-03	1.39e-01	3.03e-01	1.17e-01	1.95e-01	2.13e-01	3.08e-02	5.95e-04	1.11e-05	1.53e-07	0.00e+00	0.00e+00	0.00e+00	0.00e+00	0.00e+00	0.00e+00
 2.06570e+23	8.30e-08	3.19e-03	1.51e-01	3.15e-01	1.17e-01	1.90e-01	1.97e-01	2.69e-02	4.96e-04	9.12e-06	0.00e+00	0.00e+00	0.00e+00	0.00e+00	0.00e+00	0.00e+00	0.00e+00
 2.08036e+23	1.04e-07	3.72e-03	1.66e-01	3.29e-01	1.16e-01	1.83e-01	1.78e-01	2.27e-02	3.95e-04	7.12e-06	0.00e+00	0.00e+00	0.00e+00	0.00e+00	0.00e+00	0.00e+00	0.00e+00
 2.09528e+23	1.25e-07	4.22e-03	1.80e-01	3.40e-01	1.15e-01	1.78e-01	1.63e-01	1.96e-02	3.25e-04	5.76e-06	0.00e+00	0.00e+00	0.00e+00	0.00e+00	0.00e+00	0.00e+00	0.00e+00
 2.10849e+23	1.50e-07	4.75e-03	1.93e-01	3.50e-01	1.14e-01	1.71e-01	1.50e-01	1.70e-02	2.68e-04	4.67e-06	0.00e+00	0.00e+00	0.00e+00	0.00e+00	0.00e+00	0.00e+00	0.00e+00
 2.12361e+23	1.86e-07	5.50e-03	2.11e-01	3.61e-01	1.12e-01	1.63e-01	1.33e-01	1.40e-02	2.10e-04	3.58e-06	0.00e+00	0.00e+00	0.00e+00	0.00e+00	0.00e+00	0.00e+00	0.00e+00
 2.13892e+23	2.22e-07	6.18e-03	2.26e-01	3.69e-01	1.10e-01	1.56e-01	1.21e-01	1.20e-02	1.70e-04	2.85e-06	0.00e+00	0.00e+00	0.00e+00	0.00e+00	0.00e+00	0.00e+00	0.00e+00
 2.15237e+23	2.63e-07	6.91e-03	2.40e-01	3.76e-01	1.08e-01	1.49e-01	1.09e-01	1.02e-02	1.38e-04	2.29e-06	0.00e+00	0.00e+00	0.00e+00	0.00e+00	0.00e+00	0.00e+00	0.00e+00
 2.16775e+23	3.22e-07	7.91e-03	2.59e-01	3.83e-01	1.05e-01	1.40e-01	9.62e-02	8.32e-03	1.07e-04	1.73e-06	0.00e+00	0.00e+00	0.00e+00	0.00e+00	0.00e+00	0.00e+00	0.00e+00
 2.18339e+23	3.82e-07	8.83e-03	2.75e-01	3.88e-01	1.02e-01	1.33e-01	8.61e-02	6.98e-03	8.53e-05	1.36e-06	0.00e+00	0.00e+00	0.00e+00	0.00e+00	0.00e+00	0.00e+00	0.00e+00
 2.19726e+23	4.49e-07	9.81e-03	2.91e-01	3.91e-01	9.94e-02	1.25e-01	7.70e-02	5.87e-03	6.85e-05	1.07e-06	0.00e+00	0.00e+00	0.00e+00	0.00e+00	0.00e+00	0.00e+00	0.00e+00
 2.21319e+23	5.48e-07	1.12e-02	3.12e-01	3.94e-01	9.55e-02	1.16e-01	6.67e-02	4.70e-03	5.18e-05	7.96e-07	0.00e+00	0.00e+00	0.00e+00	0.00e+00	0.00e+00	0.00e+00	0.00e+00
 2.22927e+23	6.44e-07	1.24e-02	3.28e-01	3.96e-01	9.21e-02	1.09e-01	5.90e-02	3.90e-03	4.10e-05	6.20e-07	0.00e+00	0.00e+00	0.00e+00	0.00e+00	0.00e+00	0.00e+00	0.00e+00
 2.24341e+23	7.53e-07	1.37e-02	3.45e-01	3.96e-01	8.88e-02	1.01e-01	5.23e-02	3.24e-03	3.26e-05	4.84e-07	0.00e+00	0.00e+00	0.00e+00	0.00e+00	0.00e+00	0.00e+00	0.00e+00
 2.25965e+23	9.10e-07	1.54e-02	3.66e-01	3.94e-01	8.45e-02	9.29e-02	4.47e-02	2.56e-03	2.43e-05	3.54e-07	0.00e+00	0.00e+00	0.00e+00	0.00e+00	0.00e+00	0.00e+00	0.00e+00
 2.27619e+23	1.07e-06	1.70e-02	3.83e-01	3.92e-01	8.09e-02	8.60e-02	3.91e-02	2.09e-03	1.90e-05	2.71e-07	0.00e+00	0.00e+00	0.00e+00	0.00e+00	0.00e+00	0.00e+00	0.00e+00
 2.29310e+23	1.29e-06	1.92e-02	4.04e-01	3.88e-01	7.64e-02	7.78e-02	3.31e-02	1.62e-03	1.40e-05	1.95e-07	0.00e+00	0.00e+00	0.00e+00	0.00e+00	0.00e+00	0.00e+00	0.00e+00
 2.31022e+23	1.51e-06	2.12e-02	4.22e-01	3.83e-01	7.26e-02	7.15e-02	2.87e-02	1.31e-03	1.08e-05	1.47e-07	0.00e+00	0.00e+00	0.00e+00	0.00e+00	0.00e+00	0.00e+00	0.00e+00
 2.32761e+23	1.82e-06	2.38e-02	4.43e-01	3.76e-01	6.81e-02	6.41e-02	2.40e-02	1.00e-03	7.82e-06	0.00e+00	0.00e+00	0.00e+00	0.00e+00	0.00e+00	0.00e+00	0.00e+00	0.00e+00
 2.34534e+23	2.13e-06	2.61e-02	4.60e-01	3.69e-01	6.44e-02	5.83e-02	2.06e-02	8.02e-04	5.96e-06	0.00e+00	0.00e+00	0.00e+00	0.00e+00	0.00e+00	0.00e+00	0.00e+00	0.00e+00
 2.36350e+23	2.58e-06	2.93e-02	4.82e-01	3.60e-01	6.00e-02	5.17e-02	1.70e-02	6.05e-04	4.26e-06	0.00e+00	0.00e+00	0.00e+00	0.00e+00	0.00e+00	0.00e+00	0.00e+00	0.00e+00
 2.38197e+23	3.02e-06	3.22e-02	4.99e-01	3.51e-01	5.63e-02	4.66e-02	1.45e-02	4.76e-04	3.21e-06	0.00e+00	0.00e+00	0.00e+00	0.00e+00	0.00e+00	0.00e+00	0.00e+00	0.00e+00
 2.39838e+23	3.51e-06	3.52e-02	5.15e-01	3.42e-01	5.29e-02	4.21e-02	1.23e-02	3.77e-04	2.44e-06	0.00e+00	0.00e+00	0.00e+00	0.00e+00	0.00e+00	0.00e+00	0.00e+00	0.00e+00
 2.41253e+23	3.90e-06	3.75e-02	5.26e-01	3.35e-01	5.05e-02	3.90e-02	1.10e-02	3.18e-04	2.00e-06	0.00e+00	0.00e+00	0.00e+00	0.00e+00	0.00e+00	0.00e+00	0.00e+00	0.00e+00
 2.42622e+23	4.47e-06	4.06e-02	5.41e-01	3.26e-01	4.76e-02	3.53e-02	9.46e-03	2.56e-04	1.55e-06	0.00e+00	0.00e+00	0.00e+00	0.00e+00	0.00e+00	0.00e+00	0.00e+00	0.00e+00
 2.44013e+23	5.00e-06	4.33e-02	5.52e-01	3.18e-01	4.53e-02	3.25e-02	8.36e-03	2.13e-04	1.25e-06	0.00e+00	0.00e+00	0.00e+00	0.00e+00	0.00e+00	0.00e+00	0.00e+00	0.00e+00
 2.45434e+23	5.72e-06	4.68e-02	5.66e-01	3.08e-01	4.25e-02	2.93e-02	7.15e-03	1.70e-04	9.61e-07	0.00e+00	0.00e+00	0.00e+00	0.00e+00	0.00e+00	0.00e+00	0.00e+00	0.00e+00
 2.46871e+23	6.40e-06	4.99e-02	5.77e-01	2.99e-01	4.02e-02	2.68e-02	6.29e-03	1.41e-04	7.74e-07	0.00e+00	0.00e+00	0.00e+00	0.00e+00	0.00e+00	0.00e+00	0.00e+00	0.00e+00
 2.48329e+23	7.34e-06	5.40e-02	5.91e-01	2.88e-01	3.76e-02	2.40e-02	5.34e-03	1.11e-04	5.90e-07	0.00e+00	0.00e+00	0.00e+00	0.00e+00	0.00e+00	0.00e+00	0.00e+00	0.00e+00
 2.49797e+23	8.20e-06	5.75e-02	6.01e-01	2.80e-01	3.55e-02	2.19e-02	4.69e-03	9.19e-05	4.74e-07	0.00e+00	0.00e+00	0.00e+00	0.00e+00	0.00e+00	0.00e+00	0.00e+00	0.00e+00
 2.51278e+23	9.37e-06	6.20e-02	6.13e-01	2.68e-01	3.31e-02	1.95e-02	3.97e-03	7.23e-05	3.61e-07	0.00e+00	0.00e+00	0.00e+00	0.00e+00	0.00e+00	0.00e+00	0.00e+00	0.00e+00
 2.52790e+23	1.05e-05	6.60e-02	6.22e-01	2.59e-01	3.12e-02	1.77e-02	3.46e-03	5.92e-05	2.88e-07	0.00e+00	0.00e+00	0.00e+00	0.00e+00	0.00e+00	0.00e+00	0.00e+00	0.00e+00
 2.54341e+23	1.21e-05	7.13e-02	6.34e-01	2.47e-01	2.89e-02	1.56e-02	2.90e-03	4.59e-05	2.16e-07	0.00e+00	0.00e+00	0.00e+00	0.00e+00	0.00e+00	0.00e+00	0.00e+00	0.00e+00
 2.55909e+23	1.35e-05	7.58e-02	6.43e-01	2.38e-01	2.71e-02	1.41e-02	2.52e-03	3.75e-05	1.72e-07	0.00e+00	0.00e+00	0.00e+00	0.00e+00	0.00e+00	0.00e+00	0.00e+00	0.00e+00
 2.57500e+23	1.55e-05	8.19e-02	6.53e-01	2.25e-01	2.50e-02	1.23e-02	2.10e-03	2.88e-05	1.28e-07	0.00e+00	0.00e+00	0.00e+00	0.00e+00	0.00e+00	0.00e+00	0.00e+00	0.00e+00
 2.59109e+23	1.74e-05	8.69e-02	6.61e-01	2.16e-01	2.34e-02	1.11e-02	1.82e-03	2.34e-05	0.00e+00	0.00e+00	0.00e+00	0.00e+00	0.00e+00	0.00e+00	0.00e+00	0.00e+00	0.00e+00
 2.60741e+23	1.99e-05	9.36e-02	6.70e-01	2.04e-01	2.16e-02	9.67e-03	1.51e-03	1.80e-05	0.00e+00	0.00e+00	0.00e+00	0.00e+00	0.00e+00	0.00e+00	0.00e+00	0.00e+00	0.00e+00
 2.62430e+23	2.25e-05	9.98e-02	6.77e-01	1.94e-01	2.00e-02	8.58e-03	1.29e-03	1.43e-05	0.00e+00	0.00e+00	0.00e+00	0.00e+00	0.00e+00	0.00e+00	0.00e+00	0.00e+00	0.00e+00
 2.64193e+23	2.61e-05	1.08e-01	6.85e-01	1.81e-01	1.82e-02	7.35e-03	1.05e-03	1.07e-05	0.00e+00	0.00e+00	0.00e+00	0.00e+00	0.00e+00	0.00e+00	0.00e+00	0.00e+00	0.00e+00
 2.65967e+23	2.94e-05	1.15e-01	6.90e-01	1.71e-01	1.69e-02	6.51e-03	8.94e-04	8.50e-06	0.00e+00	0.00e+00	0.00e+00	0.00e+00	0.00e+00	0.00e+00	0.00e+00	0.00e+00	0.00e+00
 2.67757e+23	3.40e-05	1.24e-01	6.96e-01	1.59e-01	1.53e-02	5.54e-03	7.26e-04	6.33e-06	0.00e+00	0.00e+00	0.00e+00	0.00e+00	0.00e+00	0.00e+00	0.00e+00	0.00e+00	0.00e+00
 2.69558e+23	3.83e-05	1.32e-01	6.99e-01	1.49e-01	1.42e-02	4.88e-03	6.16e-04	5.01e-06	0.00e+00	0.00e+00	0.00e+00	0.00e+00	0.00e+00	0.00e+00	0.00e+00	0.00e+00	0.00e+00
 2.71376e+23	4.43e-05	1.42e-01	7.03e-01	1.37e-01	1.28e-02	4.13e-03	4.98e-04	3.71e-06	0.00e+00	0.00e+00	0.00e+00	0.00e+00	0.00e+00	0.00e+00	0.00e+00	0.00e+00	0.00e+00
 2.73205e+23	4.98e-05	1.50e-01	7.05e-01	1.28e-01	1.18e-02	3.62e-03	4.21e-04	2.93e-06	0.00e+00	0.00e+00	0.00e+00	0.00e+00	0.00e+00	0.00e+00	0.00e+00	0.00e+00	0.00e+00
 2.75051e+23	5.77e-05	1.62e-01	7.07e-01	1.17e-01	1.06e-02	3.03e-03	3.37e-04	2.15e-06	0.00e+00	0.00e+00	0.00e+00	0.00e+00	0.00e+00	0.00e+00	0.00e+00	0.00e+00	0.00e+00
 2.76895e+23	6.46e-05	1.71e-01	7.07e-01	1.09e-01	9.72e-03	2.65e-03	2.85e-04	1.70e-06	0.00e+00	0.00e+00	0.00e+00	0.00e+00	0.00e+00	0.00e+00	0.00e+00	0.00e+00	0.00e+00
 2.78734e+23	7.45e-05	1.84e-01	7.07e-01	9.84e-02	8.71e-03	2.22e-03	2.28e-04	1.25e-06	0.00e+00	0.00e+00	0.00e+00	0.00e+00	0.00e+00	0.00e+00	0.00e+00	0.00e+00	0.00e+00
 2.80589e+23	8.37e-05	1.94e-01	7.05e-01	9.05e-02	7.96e-03	1.92e-03	1.91e-04	9.75e-07	0.00e+00	0.00e+00	0.00e+00	0.00e+00	0.00e+00	0.00e+00	0.00e+00	0.00e+00	0.00e+00
 2.82465e+23	9.68e-05	2.08e-01	7.02e-01	8.09e-02	7.09e-03	1.59e-03	1.51e-04	7.07e-07	0.00e+00	0.00e+00	0.00e+00	0.00e+00	0.00e+00	0.00e+00	0.00e+00	0.00e+00	0.00e+00
 2.84346e+23	1.09e-04	2.20e-01	6.98e-01	7.37e-02	6.45e-03	1.37e-03	1.26e-04	5.50e-07	0.00e+00	0.00e+00	0.00e+00	0.00e+00	0.00e+00	0.00e+00	0.00e+00	0.00e+00	0.00e+00
 2.86232e+23	1.26e-04	2.36e-01	6.92e-01	6.49e-02	5.69e-03	1.12e-03	9.80e-05	3.92e-07	0.00e+00	0.00e+00	0.00e+00	0.00e+00	0.00e+00	0.00e+00	0.00e+00	0.00e+00	0.00e+00
 2.88119e+23	1.41e-04	2.49e-01	6.86e-01	5.85e-02	5.15e-03	9.54e-04	8.10e-05	3.02e-07	0.00e+00	0.00e+00	0.00e+00	0.00e+00	0.00e+00	0.00e+00	0.00e+00	0.00e+00	0.00e+00
 2.90006e+23	1.63e-04	2.66e-01	6.77e-01	5.09e-02	4.52e-03	7.73e-04	6.29e-05	2.15e-07	0.00e+00	0.00e+00	0.00e+00	0.00e+00	0.00e+00	0.00e+00	0.00e+00	0.00e+00	0.00e+00
 2.91914e+23	1.84e-04	2.81e-01	6.69e-01	4.51e-02	4.04e-03	6.50e-04	5.11e-05	1.62e-07	0.00e+00	0.00e+00	0.00e+00	0.00e+00	0.00e+00	0.00e+00	0.00e+00	0.00e+00	0.00e+00
 2.93850e+23	2.15e-04	3.02e-01	6.56e-01	3.84e-02	3.48e-03	5.15e-04	3.87e-05	0.00e+00	0.00e+00	0.00e+00	0.00e+00	0.00e+00	0.00e+00	0.00e+00	0.00e+00	0.00e+00	0.00e+00
 2.95800e+23	2.42e-04	3.19e-01	6.44e-01	3.34e-02	3.08e-03	4.25e-04	3.09e-05	0.00e+00	0.00e+00	0.00e+00	0.00e+00	0.00e+00	0.00e+00	0.00e+00	0.00e+00	0.00e+00	0.00e+00
 2.97771e+23	2.82e-04	3.41e-01	6.28e-01	2.78e-02	2.61e-03	3.31e-04	2.30e-05	0.00e+00	0.00e+00	0.00e+00	0.00e+00	0.00e+00	0.00e+00	0.00e+00	0.00e+00	0.00e+00	0.00e+00
 2.99766e+23	3.21e-04	3.62e-01	6.12e-01	2.35e-02	2.24e-03	2.65e-04	1.78e-05	0.00e+00	0.00e+00	0.00e+00	0.00e+00	0.00e+00	0.00e+00	0.00e+00	0.00e+00	0.00e+00	0.00e+00
 3.01270e+23	3.53e-04	3.78e-01	5.99e-01	2.06e-02	1.99e-03	2.23e-04	1.46e-05	0.00e+00	0.00e+00	0.00e+00	0.00e+00	0.00e+00	0.00e+00	0.00e+00	0.00e+00	0.00e+00	0.00e+00
 3.02701e+23	3.94e-04	3.98e-01	5.83e-01	1.76e-02	1.72e-03	1.80e-04	1.15e-05	0.00e+00	0.00e+00	0.00e+00	0.00e+00	0.00e+00	0.00e+00	0.00e+00	0.00e+00	0.00e+00	0.00e+00
 3.04231e+23	4.37e-04	4.18e-01	5.65e-01	1.49e-02	1.48e-03	1.45e-04	8.98e-06	0.00e+00	0.00e+00	0.00e+00	0.00e+00	0.00e+00	0.00e+00	0.00e+00	0.00e+00	0.00e+00	0.00e+00
 3.05642e+23	4.83e-04	4.38e-01	5.48e-01	1.26e-02	1.26e-03	1.17e-04	7.05e-06	0.00e+00	0.00e+00	0.00e+00	0.00e+00	0.00e+00	0.00e+00	0.00e+00	0.00e+00	0.00e+00	0.00e+00
 3.07227e+23	5.48e-04	4.66e-01	5.23e-01	1.00e-02	1.02e-03	8.75e-05	5.13e-06	0.00e+00	0.00e+00	0.00e+00	0.00e+00	0.00e+00	0.00e+00	0.00e+00	0.00e+00	0.00e+00	0.00e+00
 3.08345e+23	5.75e-04	4.79e-01	5.11e-01	8.75e-03	9.03e-04	7.46e-05	4.31e-06	0.00e+00	0.00e+00	0.00e+00	0.00e+00	0.00e+00	0.00e+00	0.00e+00	0.00e+00	0.00e+00	0.00e+00
