#depth	Ar	Ar+	Ar+2	Ar+3	Ar+4	Ar+5	Ar+6	Ar+7	Ar+8	Ar+9	Ar+10	Ar+11	Ar+12	Ar+13	Ar+14	Ar+15	Ar+16	Ar+17	Ar+18
 1.54284e+22	1.70e-31	6.20e-25	1.12e-19	6.11e-17	1.68e-14	1.66e-12	8.98e-11	5.64e-09	2.69e-06	1.17e-04	1.97e-03	1.30e-02	6.02e-02	1.17e-01	1.29e-01	1.53e-01	3.87e-01	1.25e-01	1.36e-02
 3.47357e+22	1.42e-28	3.86e-22	5.16e-17	1.38e-14	1.80e-12	8.22e-11	1.99e-09	5.91e-08	3.36e-05	1.33e-03	1.64e-02	7.06e-02	2.12e-01	2.44e-01	1.53e-01	1.03e-01	1.67e-01	3.11e-02	1.95e-03
 4.01787e+22	1.92e-27	4.62e-21	5.44e-16	1.07e-13	1.04e-11	3.53e-10	6.23e-09	1.39e-07	7.42e-05	2.79e-03	3.03e-02	1.10e-01	2.78e-01	2.61e-01	1.32e-01	7.23e-02	9.77e-02	1.44e-02	7.22e-04
 4.25248e+22	6.33e-27	1.44e-20	1.59e-15	2.73e-13	2.34e-11	6.94e-10	1.07e-08	2.11e-07	1.05e-04	3.81e-03	3.88e-02	1.31e-01	3.03e-01	2.60e-01	1.19e-01	5.95e-02	7.40e-02	9.81e-03	4.41e-04
 4.35023e+22	8.49e-27	1.90e-20	2.06e-15	3.44e-13	2.85e-11	8.21e-10	1.22e-08	2.34e-07	1.14e-04	4.10e-03	4.12e-02	1.36e-01	3.09e-01	2.59e-01	1.16e-01	5.65e-02	6.89e-02	8.89e-03	3.89e-04
 4.39520e+22	1.22e-26	2.67e-20	2.84e-15	4.55e-13	3.64e-11	1.01e-09	1.45e-08	2.66e-07	1.26e-04	4.49e-03	4.42e-02	1.43e-01	3.16e-01	2.57e-01	1.12e-01	5.30e-02	6.31e-02	7.87e-03	3.33e-04
 4.44423e+22	1.69e-26	3.65e-20	3.81e-15	5.89e-13	4.55e-11	1.22e-09	1.69e-08	3.00e-07	1.39e-04	4.87e-03	4.70e-02	1.49e-01	3.21e-01	2.55e-01	1.08e-01	4.99e-02	5.80e-02	7.02e-03	2.88e-04
 4.49856e+22	2.58e-26	5.43e-20	5.53e-15	8.18e-13	6.05e-11	1.55e-09	2.05e-08	3.49e-07	1.56e-04	5.40e-03	5.09e-02	1.57e-01	3.28e-01	2.52e-01	1.03e-01	4.61e-02	5.21e-02	6.06e-03	2.39e-04
 4.55060e+22	3.42e-26	7.08e-20	7.10e-15	1.02e-12	7.32e-11	1.83e-09	2.34e-08	3.88e-07	1.69e-04	5.79e-03	5.36e-02	1.62e-01	3.32e-01	2.49e-01	9.94e-02	4.37e-02	4.84e-02	5.48e-03	2.11e-04
 4.59965e+22	4.95e-26	1.00e-19	9.85e-15	1.36e-12	9.41e-11	2.26e-09	2.79e-08	4.45e-07	1.88e-04	6.33e-03	5.73e-02	1.69e-01	3.37e-01	2.46e-01	9.50e-02	4.07e-02	4.39e-02	4.79e-03	1.78e-04
 4.64973e+22	6.57e-26	1.31e-19	1.26e-14	1.69e-12	1.14e-10	2.67e-09	3.19e-08	4.95e-07	2.04e-04	6.78e-03	6.02e-02	1.74e-01	3.41e-01	2.43e-01	9.17e-02	3.84e-02	4.07e-02	4.32e-03	1.57e-04
 4.70114e+22	9.57e-26	1.87e-19	1.76e-14	2.26e-12	1.47e-10	3.32e-09	3.82e-08	5.69e-07	2.27e-04	7.41e-03	6.43e-02	1.81e-01	3.45e-01	2.38e-01	8.73e-02	3.56e-02	3.67e-02	3.76e-03	1.31e-04
 4.75336e+22	1.27e-25	2.43e-19	2.25e-14	2.81e-12	1.78e-10	3.91e-09	4.37e-08	6.34e-07	2.46e-04	7.92e-03	6.75e-02	1.87e-01	3.48e-01	2.35e-01	8.40e-02	3.36e-02	3.39e-02	3.39e-03	1.15e-04
 4.80664e+22	1.84e-25	3.46e-19	3.12e-14	3.76e-12	2.30e-10	4.87e-09	5.23e-08	7.31e-07	2.74e-04	8.65e-03	7.19e-02	1.94e-01	3.51e-01	2.30e-01	7.97e-02	3.10e-02	3.05e-02	2.93e-03	9.63e-05
 4.85898e+22	2.39e-25	4.40e-19	3.91e-14	4.59e-12	2.74e-10	5.67e-09	5.93e-08	8.08e-07	2.96e-04	9.20e-03	7.51e-02	1.99e-01	3.53e-01	2.26e-01	7.68e-02	2.93e-02	2.83e-02	2.66e-03	8.50e-05
 4.91013e+22	3.39e-25	6.11e-19	5.31e-14	6.00e-12	3.47e-10	6.95e-09	7.02e-08	9.24e-07	3.27e-04	9.97e-03	7.95e-02	2.06e-01	3.56e-01	2.21e-01	7.29e-02	2.72e-02	2.56e-02	2.32e-03	7.17e-05
 4.96231e+22	4.40e-25	7.82e-19	6.67e-14	7.35e-12	4.15e-10	8.12e-09	7.99e-08	1.03e-06	3.54e-04	1.06e-02	8.30e-02	2.11e-01	3.57e-01	2.17e-01	7.00e-02	2.56e-02	2.36e-02	2.09e-03	6.30e-05
 5.01586e+22	6.26e-25	1.09e-18	9.05e-14	9.64e-12	5.27e-10	9.98e-09	9.48e-08	1.18e-06	3.92e-04	1.15e-02	8.78e-02	2.17e-01	3.59e-01	2.11e-01	6.63e-02	2.36e-02	2.13e-02	1.82e-03	5.29e-05
 5.07045e+22	8.19e-25	1.40e-18	1.14e-13	1.18e-11	6.33e-10	1.17e-08	1.08e-07	1.31e-06	4.24e-04	1.22e-02	9.16e-02	2.22e-01	3.59e-01	2.07e-01	6.35e-02	2.22e-02	1.96e-02	1.63e-03	4.62e-05
 5.12639e+22	1.17e-24	1.94e-18	1.55e-13	1.56e-11	8.05e-10	1.44e-08	1.29e-07	1.50e-06	4.70e-04	1.33e-02	9.68e-02	2.29e-01	3.60e-01	2.01e-01	5.98e-02	2.04e-02	1.76e-02	1.41e-03	3.86e-05
 5.18333e+22	1.53e-24	2.50e-18	1.96e-13	1.91e-11	9.68e-10	1.69e-08	1.47e-07	1.67e-06	5.10e-04	1.41e-02	1.01e-01	2.34e-01	3.60e-01	1.97e-01	5.72e-02	1.91e-02	1.62e-02	1.26e-03	3.36e-05
 5.24158e+22	2.19e-24	3.49e-18	2.66e-13	2.52e-11	1.23e-09	2.09e-08	1.75e-07	1.93e-06	5.67e-04	1.53e-02	1.07e-01	2.41e-01	3.60e-01	1.90e-01	5.37e-02	1.75e-02	1.44e-02	1.09e-03	2.79e-05
 5.30097e+22	2.88e-24	4.50e-18	3.37e-13	3.11e-11	1.49e-09	2.46e-08	2.01e-07	2.15e-06	6.15e-04	1.63e-02	1.11e-01	2.46e-01	3.59e-01	1.85e-01	5.11e-02	1.64e-02	1.32e-02	9.67e-04	2.42e-05
 5.35303e+22	3.75e-24	5.77e-18	4.23e-13	3.80e-11	1.78e-09	2.88e-08	2.29e-07	2.40e-06	6.66e-04	1.73e-02	1.15e-01	2.51e-01	3.58e-01	1.81e-01	4.87e-02	1.53e-02	1.21e-02	8.63e-04	2.10e-05
 5.41189e+22	5.29e-24	7.93e-18	5.68e-13	4.94e-11	2.25e-09	3.53e-08	2.72e-07	2.75e-06	7.38e-04	1.87e-02	1.21e-01	2.57e-01	3.57e-01	1.74e-01	4.57e-02	1.40e-02	1.08e-02	7.44e-04	1.75e-05
 5.47087e+22	6.78e-24	9.99e-18	7.02e-13	5.98e-11	2.66e-09	4.09e-08	3.08e-07	3.04e-06	7.96e-04	1.98e-02	1.26e-01	2.61e-01	3.55e-01	1.70e-01	4.35e-02	1.32e-02	9.96e-03	6.68e-04	1.53e-05
 5.53001e+22	9.54e-24	1.37e-17	9.39e-13	7.76e-11	3.36e-09	5.01e-08	3.65e-07	3.49e-06	8.81e-04	2.13e-02	1.32e-01	2.67e-01	3.53e-01	1.64e-01	4.07e-02	1.20e-02	8.87e-03	5.74e-04	1.27e-05
 5.59006e+22	1.23e-23	1.73e-17	1.16e-12	9.39e-11	3.99e-09	5.81e-08	4.14e-07	3.87e-06	9.52e-04	2.26e-02	1.37e-01	2.71e-01	3.51e-01	1.59e-01	3.87e-02	1.12e-02	8.15e-03	5.14e-04	1.11e-05
 5.65130e+22	1.71e-23	2.36e-17	1.54e-12	1.21e-10	5.00e-09	7.09e-08	4.89e-07	4.43e-06	1.05e-03	2.43e-02	1.43e-01	2.76e-01	3.48e-01	1.53e-01	3.62e-02	1.03e-02	7.26e-03	4.42e-04	9.22e-06
 5.71456e+22	2.25e-23	3.04e-17	1.95e-12	1.49e-10	6.02e-09	8.35e-08	5.61e-07	4.95e-06	1.14e-03	2.58e-02	1.49e-01	2.81e-01	3.45e-01	1.48e-01	3.42e-02	9.52e-03	6.60e-03	3.90e-04	7.92e-06
 5.78042e+22	3.17e-23	4.16e-17	2.59e-12	1.93e-10	7.59e-09	1.02e-07	6.65e-07	5.69e-06	1.27e-03	2.78e-02	1.56e-01	2.86e-01	3.41e-01	1.42e-01	3.18e-02	8.66e-03	5.85e-03	3.34e-04	6.54e-06
 5.84865e+22	4.24e-23	5.44e-17	3.32e-12	2.41e-10	9.25e-09	1.22e-07	7.69e-07	6.41e-06	1.39e-03	2.96e-02	1.62e-01	2.90e-01	3.38e-01	1.36e-01	2.98e-02	7.97e-03	5.27e-03	2.92e-04	5.54e-06
 5.91995e+22	6.06e-23	7.57e-17	4.48e-12	3.16e-10	1.18e-08	1.50e-07	9.20e-07	7.42e-06	1.54e-03	3.20e-02	1.69e-01	2.95e-01	3.33e-01	1.30e-01	2.76e-02	7.19e-03	4.63e-03	2.47e-04	4.52e-06
 5.99349e+22	8.21e-23	1.00e-16	5.79e-12	3.98e-10	1.45e-08	1.80e-07	1.07e-06	8.40e-06	1.69e-03	3.41e-02	1.76e-01	2.99e-01	3.28e-01	1.24e-01	2.57e-02	6.58e-03	4.14e-03	2.14e-04	3.79e-06
 6.06995e+22	1.19e-22	1.41e-16	7.91e-12	5.27e-10	1.86e-08	2.24e-07	1.29e-06	9.79e-06	1.90e-03	3.69e-02	1.84e-01	3.03e-01	3.22e-01	1.18e-01	2.36e-02	5.89e-03	3.61e-03	1.79e-04	3.05e-06
 6.14886e+22	1.64e-22	1.89e-16	1.03e-11	6.70e-10	2.31e-08	2.71e-07	1.51e-06	1.11e-05	2.09e-03	3.95e-02	1.91e-01	3.07e-01	3.17e-01	1.12e-01	2.19e-02	5.35e-03	3.20e-03	1.54e-04	2.53e-06
 6.22005e+22	2.21e-22	2.49e-16	1.33e-11	8.40e-10	2.83e-08	3.23e-07	1.76e-06	1.26e-05	2.29e-03	4.21e-02	1.98e-01	3.10e-01	3.12e-01	1.07e-01	2.04e-02	4.88e-03	2.86e-03	1.33e-04	2.12e-06
 6.30168e+22	3.30e-22	3.60e-16	1.85e-11	1.14e-09	3.71e-08	4.10e-07	2.14e-06	1.48e-05	2.58e-03	4.57e-02	2.08e-01	3.14e-01	3.04e-01	1.01e-01	1.85e-02	4.31e-03	2.45e-03	1.09e-04	1.67e-06
 6.38394e+22	4.46e-22	4.74e-16	2.38e-11	1.42e-09	4.54e-08	4.89e-07	2.49e-06	1.67e-05	2.82e-03	4.86e-02	2.15e-01	3.16e-01	2.98e-01	9.59e-02	1.71e-02	3.92e-03	2.18e-03	9.40e-05	1.39e-06
 6.46704e+22	6.61e-22	6.81e-16	3.30e-11	1.91e-09	5.91e-08	6.17e-07	3.03e-06	1.97e-05	3.17e-03	5.27e-02	2.24e-01	3.19e-01	2.90e-01	8.97e-02	1.55e-02	3.46e-03	1.86e-03	7.70e-05	1.09e-06
 6.55190e+22	9.10e-22	9.12e-16	4.30e-11	2.43e-09	7.32e-08	7.45e-07	3.55e-06	2.24e-05	3.49e-03	5.61e-02	2.32e-01	3.21e-01	2.83e-01	8.49e-02	1.42e-02	3.12e-03	1.64e-03	6.54e-05	8.98e-07
 6.63907e+22	1.36e-21	1.32e-15	6.00e-11	3.28e-09	9.58e-08	9.43e-07	4.33e-06	2.63e-05	3.93e-03	6.08e-02	2.42e-01	3.23e-01	2.74e-01	7.90e-02	1.28e-02	2.73e-03	1.39e-03	5.32e-05	6.98e-07
 6.72806e+22	1.90e-21	1.79e-15	7.90e-11	4.21e-09	1.20e-07	1.15e-06	5.11e-06	3.01e-05	4.34e-03	6.49e-02	2.50e-01	3.24e-01	2.67e-01	7.42e-02	1.17e-02	2.44e-03	1.21e-03	4.46e-05	5.64e-07
 6.80724e+22	2.62e-21	2.40e-15	1.03e-10	5.35e-09	1.49e-07	1.39e-06	5.99e-06	3.44e-05	4.77e-03	6.91e-02	2.58e-01	3.25e-01	2.59e-01	6.98e-02	1.07e-02	2.18e-03	1.06e-03	3.75e-05	4.58e-07
 6.89800e+22	3.99e-21	3.52e-15	1.46e-10	7.31e-09	1.97e-07	1.78e-06	7.39e-06	4.08e-05	5.40e-03	7.49e-02	2.69e-01	3.26e-01	2.49e-01	6.42e-02	9.45e-03	1.88e-03	8.81e-04	2.98e-05	3.47e-07
 6.98418e+22	5.27e-21	4.54e-15	1.83e-10	9.00e-09	2.38e-07	2.09e-06	8.47e-06	4.56e-05	5.86e-03	7.90e-02	2.75e-01	3.25e-01	2.42e-01	6.07e-02	8.72e-03	1.71e-03	7.82e-04	2.56e-05	2.89e-07
 7.06443e+22	7.66e-21	6.39e-15	2.49e-10	1.19e-08	3.05e-07	2.61e-06	1.02e-05	5.33e-05	6.54e-03	8.47e-02	2.85e-01	3.25e-01	2.33e-01	5.61e-02	7.78e-03	1.49e-03	6.60e-04	2.07e-05	2.23e-07
 7.14485e+22	1.01e-20	8.24e-15	3.13e-10	1.46e-08	3.68e-07	3.08e-06	1.17e-05	5.97e-05	7.09e-03	8.92e-02	2.91e-01	3.24e-01	2.26e-01	5.29e-02	7.15e-03	1.34e-03	5.82e-04	1.77e-05	1.85e-07
 7.22551e+22	1.45e-20	1.15e-14	4.21e-10	1.90e-08	4.69e-07	3.82e-06	1.41e-05	6.93e-05	7.89e-03	9.54e-02	3.00e-01	3.23e-01	2.17e-01	4.87e-02	6.37e-03	1.17e-03	4.92e-04	1.43e-05	1.43e-07
 7.30804e+22	1.96e-20	1.50e-14	5.36e-10	2.37e-08	5.72e-07	4.55e-06	1.63e-05	7.84e-05	8.61e-03	1.01e-01	3.07e-01	3.21e-01	2.09e-01	4.55e-02	5.79e-03	1.04e-03	4.28e-04	1.20e-05	0.00e+00
 7.39301e+22	2.87e-20	2.12e-14	7.30e-10	3.14e-08	7.39e-07	5.72e-06	1.98e-05	9.20e-05	9.64e-03	1.08e-01	3.16e-01	3.19e-01	1.99e-01	4.15e-02	5.09e-03	8.96e-04	3.55e-04	9.48e-06	0.00e+00
 7.47844e+22	3.84e-20	2.76e-14	9.24e-10	3.89e-08	8.99e-07	6.81e-06	2.30e-05	1.04e-04	1.05e-02	1.14e-01	3.23e-01	3.16e-01	1.92e-01	3.87e-02	4.61e-03	7.96e-04	3.07e-04	7.92e-06	0.00e+00
 7.56446e+22	5.60e-20	3.89e-14	1.25e-09	5.13e-08	1.16e-06	8.56e-06	2.79e-05	1.22e-04	1.18e-02	1.22e-01	3.31e-01	3.13e-01	1.82e-01	3.51e-02	4.03e-03	6.80e-04	2.53e-04	6.22e-06	0.00e+00
 7.65214e+22	7.57e-20	5.11e-14	1.59e-09	6.40e-08	1.42e-06	1.03e-05	3.26e-05	1.39e-04	1.29e-02	1.29e-01	3.38e-01	3.10e-01	1.74e-01	3.24e-02	3.61e-03	5.98e-04	2.16e-04	5.11e-06	0.00e+00
 7.74195e+22	1.11e-19	7.23e-14	2.17e-09	8.48e-08	1.85e-06	1.30e-05	3.99e-05	1.65e-04	1.45e-02	1.38e-01	3.46e-01	3.05e-01	1.64e-01	2.91e-02	3.12e-03	5.04e-04	1.76e-04	3.93e-06	0.00e+00
 7.83347e+22	1.51e-19	9.53e-14	2.77e-09	1.06e-07	2.28e-06	1.57e-05	4.68e-05	1.89e-04	1.59e-02	1.46e-01	3.52e-01	3.00e-01	1.56e-01	2.66e-02	2.76e-03	4.38e-04	1.48e-04	3.18e-06	0.00e+00
 7.92721e+22	2.24e-19	1.35e-13	3.77e-09	1.41e-07	2.99e-06	2.01e-05	5.78e-05	2.26e-04	1.80e-02	1.56e-01	3.60e-01	2.94e-01	1.45e-01	2.36e-02	2.35e-03	3.64e-04	1.18e-04	2.40e-06	0.00e+00
 8.02210e+22	3.03e-19	1.78e-13	4.78e-09	1.77e-07	3.69e-06	2.44e-05	6.81e-05	2.60e-04	1.98e-02	1.65e-01	3.65e-01	2.89e-01	1.37e-01	2.14e-02	2.06e-03	3.13e-04	9.82e-05	1.91e-06	0.00e+00
 8.10215e+22	3.98e-19	2.27e-13	5.91e-09	2.15e-07	4.46e-06	2.90e-05	7.91e-05	2.95e-04	2.16e-02	1.73e-01	3.70e-01	2.83e-01	1.30e-01	1.96e-02	1.83e-03	2.72e-04	8.30e-05	1.55e-06	0.00e+00
 8.18987e+22	5.63e-19	3.08e-13	7.72e-09	2.78e-07	5.69e-06	3.63e-05	9.60e-05	3.49e-04	2.42e-02	1.84e-01	3.75e-01	2.76e-01	1.21e-01	1.73e-02	1.56e-03	2.27e-04	6.63e-05	1.17e-06	0.00e+00
 8.27807e+22	7.34e-19	3.90e-13	9.45e-09	3.37e-07	6.86e-06	4.32e-05	1.12e-04	3.98e-04	2.64e-02	1.93e-01	3.79e-01	2.70e-01	1.14e-01	1.57e-02	1.37e-03	1.96e-04	5.55e-05	9.42e-07	0.00e+00
 8.36404e+22	1.01e-18	5.14e-13	1.20e-08	4.25e-07	8.60e-06	5.34e-05	1.34e-04	4.67e-04	2.94e-02	2.05e-01	3.83e-01	2.62e-01	1.05e-01	1.39e-02	1.16e-03	1.63e-04	4.45e-05	7.17e-07	0.00e+00
 8.45174e+22	1.31e-18	6.48e-13	1.46e-08	5.15e-07	1.04e-05	6.38e-05	1.56e-04	5.35e-04	3.22e-02	2.15e-01	3.86e-01	2.55e-01	9.83e-02	1.25e-02	1.01e-03	1.39e-04	3.67e-05	5.67e-07	0.00e+00
 8.53806e+22	1.75e-18	8.35e-13	1.81e-08	6.38e-07	1.29e-05	7.80e-05	1.86e-04	6.25e-04	3.58e-02	2.27e-01	3.88e-01	2.46e-01	9.07e-02	1.10e-02	8.59e-04	1.16e-04	2.94e-05	4.31e-07	0.00e+00
 8.62610e+22	2.26e-18	1.05e-12	2.19e-08	7.73e-07	1.56e-05	9.35e-05	2.18e-04	7.20e-04	3.93e-02	2.38e-01	3.89e-01	2.38e-01	8.40e-02	9.77e-03	7.38e-04	9.78e-05	2.39e-05	3.35e-07	0.00e+00
 8.71240e+22	2.95e-18	1.31e-12	2.65e-08	9.40e-07	1.90e-05	1.13e-04	2.57e-04	8.35e-04	4.33e-02	2.49e-01	3.90e-01	2.29e-01	7.73e-02	8.60e-03	6.28e-04	8.15e-05	1.92e-05	2.56e-07	0.00e+00
 8.79966e+22	3.78e-18	1.63e-12	3.17e-08	1.13e-06	2.29e-05	1.35e-04	3.01e-04	9.64e-04	4.76e-02	2.61e-01	3.90e-01	2.20e-01	7.11e-02	7.58e-03	5.34e-04	6.81e-05	1.55e-05	1.97e-07	0.00e+00
 8.88583e+22	4.81e-18	2.00e-12	3.76e-08	1.35e-06	2.76e-05	1.62e-04	3.51e-04	1.11e-03	5.22e-02	2.73e-01	3.89e-01	2.12e-01	6.52e-02	6.67e-03	4.54e-04	5.67e-05	1.24e-05	1.50e-07	0.00e+00
 8.97183e+22	6.07e-18	2.44e-12	4.43e-08	1.61e-06	3.31e-05	1.92e-04	4.09e-04	1.28e-03	5.72e-02	2.85e-01	3.87e-01	2.03e-01	5.97e-02	5.85e-03	3.85e-04	4.72e-05	9.99e-06	0.00e+00	0.00e+00
 9.05793e+22	7.63e-18	2.96e-12	5.18e-08	1.91e-06	3.95e-05	2.28e-04	4.75e-04	1.47e-03	6.26e-02	2.97e-01	3.85e-01	1.93e-01	5.45e-02	5.12e-03	3.26e-04	3.92e-05	8.00e-06	0.00e+00	0.00e+00
 9.14432e+22	9.52e-18	3.57e-12	6.03e-08	2.26e-06	4.70e-05	2.70e-04	5.50e-04	1.69e-03	6.84e-02	3.09e-01	3.82e-01	1.84e-01	4.96e-02	4.48e-03	2.75e-04	3.25e-05	6.40e-06	0.00e+00	0.00e+00
 9.23101e+22	1.18e-17	4.28e-12	6.98e-08	2.66e-06	5.58e-05	3.19e-04	6.36e-04	1.94e-03	7.46e-02	3.20e-01	3.78e-01	1.75e-01	4.50e-02	3.90e-03	2.32e-04	2.69e-05	5.10e-06	0.00e+00	0.00e+00
 9.31840e+22	1.47e-17	5.12e-12	8.06e-08	3.12e-06	6.60e-05	3.75e-04	7.33e-04	2.22e-03	8.13e-02	3.32e-01	3.73e-01	1.66e-01	4.08e-02	3.39e-03	1.95e-04	2.21e-05	4.06e-06	0.00e+00	0.00e+00
 9.40661e+22	1.81e-17	6.11e-12	9.27e-08	3.66e-06	7.80e-05	4.42e-04	8.44e-04	2.54e-03	8.84e-02	3.43e-01	3.67e-01	1.57e-01	3.68e-02	2.94e-03	1.63e-04	1.82e-05	3.22e-06	0.00e+00	0.00e+00
 9.49595e+22	2.24e-17	7.28e-12	1.07e-07	4.29e-06	9.21e-05	5.18e-04	9.69e-04	2.91e-03	9.61e-02	3.55e-01	3.61e-01	1.48e-01	3.32e-02	2.54e-03	1.37e-04	1.49e-05	2.54e-06	0.00e+00	0.00e+00
 9.58570e+22	2.76e-17	8.64e-12	1.22e-07	5.01e-06	1.08e-04	6.06e-04	1.11e-03	3.32e-03	1.04e-01	3.65e-01	3.54e-01	1.39e-01	2.98e-02	2.20e-03	1.14e-04	1.22e-05	2.01e-06	0.00e+00	0.00e+00
 9.67694e+22	3.41e-17	1.03e-11	1.40e-07	5.87e-06	1.28e-04	7.10e-04	1.27e-03	3.79e-03	1.13e-01	3.76e-01	3.46e-01	1.31e-01	2.67e-02	1.89e-03	9.49e-05	9.93e-06	1.58e-06	0.00e+00	0.00e+00
 9.76937e+22	4.20e-17	1.22e-11	1.61e-07	6.85e-06	1.50e-04	8.28e-04	1.44e-03	4.30e-03	1.22e-01	3.85e-01	3.38e-01	1.22e-01	2.38e-02	1.62e-03	7.90e-05	8.09e-06	1.24e-06	0.00e+00	0.00e+00
 9.86372e+22	5.23e-17	1.47e-11	1.85e-07	8.04e-06	1.76e-04	9.69e-04	1.65e-03	4.92e-03	1.32e-01	3.95e-01	3.29e-01	1.14e-01	2.12e-02	1.38e-03	6.50e-05	6.52e-06	9.66e-07	0.00e+00	0.00e+00
 9.95142e+22	6.26e-17	1.70e-11	2.08e-07	9.18e-06	2.01e-04	1.10e-03	1.83e-03	5.45e-03	1.40e-01	4.02e-01	3.21e-01	1.07e-01	1.92e-02	1.22e-03	5.56e-05	5.48e-06	7.89e-07	0.00e+00	0.00e+00
 1.00418e+23	7.88e-17	2.06e-11	2.42e-07	1.08e-05	2.38e-04	1.29e-03	2.09e-03	6.23e-03	1.51e-01	4.11e-01	3.11e-01	9.93e-02	1.69e-02	1.03e-03	4.53e-05	4.36e-06	6.05e-07	0.00e+00	0.00e+00
 1.01340e+23	9.53e-17	2.41e-11	2.74e-07	1.24e-05	2.73e-04	1.46e-03	2.32e-03	6.91e-03	1.60e-01	4.17e-01	3.03e-01	9.32e-02	1.53e-02	8.97e-04	3.86e-05	3.64e-06	4.91e-07	0.00e+00	0.00e+00
 1.02284e+23	1.21e-16	2.94e-11	3.21e-07	1.48e-05	3.23e-04	1.71e-03	2.64e-03	7.89e-03	1.73e-01	4.24e-01	2.91e-01	8.55e-02	1.33e-02	7.50e-04	3.11e-05	2.87e-06	3.72e-07	0.00e+00	0.00e+00
 1.03230e+23	1.48e-16	3.47e-11	3.66e-07	1.70e-05	3.69e-04	1.93e-03	2.91e-03	8.69e-03	1.82e-01	4.29e-01	2.82e-01	8.02e-02	1.20e-02	6.57e-04	2.65e-05	2.40e-06	3.03e-07	0.00e+00	0.00e+00
 1.04179e+23	1.90e-16	4.27e-11	4.33e-07	2.02e-05	4.36e-04	2.26e-03	3.30e-03	9.85e-03	1.95e-01	4.34e-01	2.71e-01	7.34e-02	1.05e-02	5.50e-04	2.15e-05	1.90e-06	2.30e-07	0.00e+00	0.00e+00
 1.05134e+23	2.32e-16	5.06e-11	4.96e-07	2.33e-05	4.97e-04	2.54e-03	3.62e-03	1.08e-02	2.05e-01	4.37e-01	2.62e-01	6.85e-02	9.42e-03	4.80e-04	1.82e-05	1.58e-06	1.87e-07	0.00e+00	0.00e+00
 1.06098e+23	3.01e-16	6.29e-11	5.92e-07	2.79e-05	5.88e-04	2.96e-03	4.08e-03	1.22e-02	2.19e-01	4.40e-01	2.50e-01	6.25e-02	8.19e-03	4.01e-04	1.47e-05	1.25e-06	1.42e-07	0.00e+00	0.00e+00
 1.07071e+23	3.72e-16	7.53e-11	6.85e-07	3.22e-05	6.70e-04	3.32e-03	4.47e-03	1.34e-02	2.29e-01	4.42e-01	2.41e-01	5.82e-02	7.34e-03	3.49e-04	1.25e-05	1.04e-06	0.00e+00	0.00e+00	0.00e+00
 1.08056e+23	4.89e-16	9.48e-11	8.27e-07	3.88e-05	7.93e-04	3.86e-03	5.01e-03	1.50e-02	2.43e-01	4.44e-01	2.29e-01	5.29e-02	6.35e-03	2.91e-04	1.00e-05	8.15e-07	0.00e+00	0.00e+00	0.00e+00
 1.09053e+23	6.12e-16	1.15e-10	9.67e-07	4.51e-05	9.06e-04	4.33e-03	5.47e-03	1.64e-02	2.54e-01	4.44e-01	2.20e-01	4.90e-02	5.67e-03	2.52e-04	8.47e-06	6.75e-07	0.00e+00	0.00e+00	0.00e+00
 1.10067e+23	8.17e-16	1.47e-10	1.18e-06	5.47e-05	1.07e-03	5.02e-03	6.12e-03	1.84e-02	2.69e-01	4.43e-01	2.08e-01	4.43e-02	4.88e-03	2.09e-04	6.78e-06	5.28e-07	0.00e+00	0.00e+00	0.00e+00
 1.11099e+23	1.04e-15	1.80e-10	1.40e-06	6.41e-05	1.23e-03	5.65e-03	6.68e-03	2.01e-02	2.80e-01	4.42e-01	1.99e-01	4.09e-02	4.34e-03	1.80e-04	5.69e-06	4.34e-07	0.00e+00	0.00e+00	0.00e+00
 1.12155e+23	1.41e-15	2.34e-10	1.74e-06	7.85e-05	1.47e-03	6.56e-03	7.47e-03	2.24e-02	2.95e-01	4.40e-01	1.87e-01	3.67e-02	3.71e-03	1.49e-04	4.52e-06	3.37e-07	0.00e+00	0.00e+00	0.00e+00
 1.13235e+23	1.83e-15	2.91e-10	2.09e-06	9.28e-05	1.69e-03	7.40e-03	8.15e-03	2.44e-02	3.07e-01	4.37e-01	1.78e-01	3.37e-02	3.27e-03	1.27e-04	3.77e-06	2.75e-07	0.00e+00	0.00e+00	0.00e+00
 1.14345e+23	2.55e-15	3.88e-10	2.66e-06	1.15e-04	2.03e-03	8.62e-03	9.11e-03	2.73e-02	3.22e-01	4.32e-01	1.66e-01	3.00e-02	2.77e-03	1.04e-04	2.96e-06	2.11e-07	0.00e+00	0.00e+00	0.00e+00
 1.15479e+23	3.35e-15	4.91e-10	3.24e-06	1.38e-04	2.35e-03	9.73e-03	9.94e-03	2.96e-02	3.34e-01	4.27e-01	1.57e-01	2.74e-02	2.43e-03	8.84e-05	2.45e-06	1.71e-07	0.00e+00	0.00e+00	0.00e+00
 1.16433e+23	4.27e-15	6.06e-10	3.86e-06	1.61e-04	2.68e-03	1.08e-02	1.07e-02	3.19e-02	3.44e-01	4.23e-01	1.50e-01	2.52e-02	2.16e-03	7.65e-05	2.07e-06	1.42e-07	0.00e+00	0.00e+00	0.00e+00
 1.17463e+23	5.86e-15	7.96e-10	4.86e-06	1.97e-04	3.16e-03	1.24e-02	1.18e-02	3.50e-02	3.57e-01	4.16e-01	1.40e-01	2.26e-02	1.85e-03	6.34e-05	1.66e-06	1.11e-07	0.00e+00	0.00e+00	0.00e+00
 1.18468e+23	7.40e-15	9.74e-10	5.76e-06	2.28e-04	3.56e-03	1.37e-02	1.26e-02	3.73e-02	3.66e-01	4.10e-01	1.33e-01	2.08e-02	1.65e-03	5.54e-05	1.41e-06	0.00e+00	0.00e+00	0.00e+00	0.00e+00
 1.19440e+23	1.00e-14	1.26e-09	7.18e-06	2.76e-04	4.16e-03	1.55e-02	1.38e-02	4.06e-02	3.78e-01	4.03e-01	1.25e-01	1.87e-02	1.42e-03	4.63e-05	1.14e-06	0.00e+00	0.00e+00	0.00e+00	0.00e+00
 1.20421e+23	1.27e-14	1.56e-09	8.56e-06	3.21e-04	4.70e-03	1.71e-02	1.47e-02	4.31e-02	3.87e-01	3.96e-01	1.18e-01	1.73e-02	1.27e-03	4.04e-05	9.74e-07	0.00e+00	0.00e+00	0.00e+00	0.00e+00
 1.21415e+23	1.74e-14	2.04e-09	1.07e-05	3.91e-04	5.49e-03	1.93e-02	1.60e-02	4.67e-02	3.98e-01	3.87e-01	1.10e-01	1.55e-02	1.09e-03	3.37e-05	7.86e-07	0.00e+00	0.00e+00	0.00e+00	0.00e+00
 1.22422e+23	2.22e-14	2.53e-09	1.29e-05	4.56e-04	6.22e-03	2.13e-02	1.71e-02	4.96e-02	4.06e-01	3.80e-01	1.04e-01	1.42e-02	9.69e-04	2.93e-05	6.66e-07	0.00e+00	0.00e+00	0.00e+00	0.00e+00
 1.23448e+23	3.07e-14	3.34e-09	1.63e-05	5.57e-04	7.29e-03	2.41e-02	1.86e-02	5.35e-02	4.16e-01	3.70e-01	9.68e-02	1.26e-02	8.27e-04	2.43e-05	5.34e-07	0.00e+00	0.00e+00	0.00e+00	0.00e+00
 1.24489e+23	3.97e-14	4.18e-09	1.97e-05	6.53e-04	8.26e-03	2.65e-02	1.99e-02	5.67e-02	4.23e-01	3.62e-01	9.12e-02	1.15e-02	7.31e-04	2.10e-05	4.50e-07	0.00e+00	0.00e+00	0.00e+00	0.00e+00
 1.25550e+23	5.54e-14	5.58e-09	2.52e-05	8.02e-04	9.71e-03	3.01e-02	2.16e-02	6.11e-02	4.32e-01	3.50e-01	8.41e-02	1.02e-02	6.19e-04	1.72e-05	3.58e-07	0.00e+00	0.00e+00	0.00e+00	0.00e+00
 1.26628e+23	7.22e-14	7.02e-09	3.07e-05	9.44e-04	1.10e-02	3.31e-02	2.31e-02	6.45e-02	4.38e-01	3.41e-01	7.88e-02	9.26e-03	5.45e-04	1.48e-05	3.00e-07	0.00e+00	0.00e+00	0.00e+00	0.00e+00
 1.27730e+23	1.02e-13	9.49e-09	3.95e-05	1.17e-03	1.30e-02	3.76e-02	2.50e-02	6.93e-02	4.45e-01	3.28e-01	7.22e-02	8.12e-03	4.57e-04	1.21e-05	2.36e-07	0.00e+00	0.00e+00	0.00e+00	0.00e+00
 1.28854e+23	1.35e-13	1.21e-08	4.84e-05	1.38e-03	1.48e-02	4.14e-02	2.67e-02	7.30e-02	4.50e-01	3.18e-01	6.73e-02	7.33e-03	3.99e-04	1.03e-05	1.96e-07	0.00e+00	0.00e+00	0.00e+00	0.00e+00
 1.30008e+23	1.93e-13	1.65e-08	6.31e-05	1.72e-03	1.75e-02	4.70e-02	2.89e-02	7.82e-02	4.55e-01	3.04e-01	6.11e-02	6.37e-03	3.31e-04	8.30e-06	1.52e-07	0.00e+00	0.00e+00	0.00e+00	0.00e+00
 1.31192e+23	2.58e-13	2.12e-08	7.81e-05	2.04e-03	2.00e-02	5.19e-02	3.08e-02	8.23e-02	4.58e-01	2.93e-01	5.64e-02	5.68e-03	2.85e-04	6.99e-06	1.25e-07	0.00e+00	0.00e+00	0.00e+00	0.00e+00
 1.32416e+23	3.76e-13	2.94e-08	1.03e-04	2.56e-03	2.38e-02	5.88e-02	3.33e-02	8.78e-02	4.60e-01	2.78e-01	5.07e-02	4.88e-03	2.34e-04	5.56e-06	0.00e+00	0.00e+00	0.00e+00	0.00e+00	0.00e+00
 1.33656e+23	5.05e-13	3.79e-08	1.28e-04	3.05e-03	2.72e-02	6.48e-02	3.53e-02	9.19e-02	4.61e-01	2.66e-01	4.66e-02	4.33e-03	2.00e-04	4.65e-06	0.00e+00	0.00e+00	0.00e+00	0.00e+00	0.00e+00
 1.34918e+23	7.41e-13	5.29e-08	1.69e-04	3.82e-03	3.22e-02	7.33e-02	3.81e-02	9.74e-02	4.60e-01	2.50e-01	4.15e-02	3.68e-03	1.62e-04	3.66e-06	0.00e+00	0.00e+00	0.00e+00	0.00e+00	0.00e+00
 1.36193e+23	9.96e-13	6.83e-08	2.10e-04	4.55e-03	3.67e-02	8.04e-02	4.02e-02	1.01e-01	4.58e-01	2.38e-01	3.78e-02	3.24e-03	1.38e-04	3.04e-06	0.00e+00	0.00e+00	0.00e+00	0.00e+00	0.00e+00
 1.37487e+23	1.46e-12	9.53e-08	2.77e-04	5.69e-03	4.34e-02	9.04e-02	4.31e-02	1.07e-01	4.53e-01	2.21e-01	3.33e-02	2.73e-03	1.11e-04	2.37e-06	0.00e+00	0.00e+00	0.00e+00	0.00e+00	0.00e+00
 1.38801e+23	1.98e-12	1.23e-07	3.44e-04	6.76e-03	4.93e-02	9.87e-02	4.53e-02	1.11e-01	4.48e-01	2.09e-01	3.01e-02	2.38e-03	9.32e-05	1.95e-06	0.00e+00	0.00e+00	0.00e+00	0.00e+00	0.00e+00
 1.39956e+23	2.66e-12	1.59e-07	4.26e-04	8.00e-03	5.58e-02	1.07e-01	4.75e-02	1.14e-01	4.41e-01	1.96e-01	2.71e-02	2.07e-03	7.82e-05	1.59e-06	0.00e+00	0.00e+00	0.00e+00	0.00e+00	0.00e+00
 1.41273e+23	3.86e-12	2.19e-07	5.56e-04	9.87e-03	6.51e-02	1.19e-01	5.02e-02	1.18e-01	4.31e-01	1.81e-01	2.37e-02	1.72e-03	6.23e-05	1.23e-06	0.00e+00	0.00e+00	0.00e+00	0.00e+00	0.00e+00
 1.42616e+23	5.23e-12	2.85e-07	6.91e-04	1.17e-02	7.36e-02	1.29e-01	5.23e-02	1.21e-01	4.21e-01	1.68e-01	2.10e-02	1.47e-03	5.13e-05	9.94e-07	0.00e+00	0.00e+00	0.00e+00	0.00e+00	0.00e+00
 1.43707e+23	6.74e-12	3.54e-07	8.27e-04	1.35e-02	8.14e-02	1.38e-01	5.41e-02	1.24e-01	4.11e-01	1.58e-01	1.90e-02	1.29e-03	4.36e-05	8.28e-07	0.00e+00	0.00e+00	0.00e+00	0.00e+00	0.00e+00
 1.44840e+23	9.07e-12	4.55e-07	1.02e-03	1.58e-02	9.13e-02	1.48e-01	5.60e-02	1.26e-01	3.98e-01	1.46e-01	1.68e-02	1.10e-03	3.58e-05	6.65e-07	0.00e+00	0.00e+00	0.00e+00	0.00e+00	0.00e+00
 1.46032e+23	1.18e-11	5.70e-07	1.23e-03	1.83e-02	1.01e-01	1.58e-01	5.76e-02	1.27e-01	3.86e-01	1.35e-01	1.50e-02	9.49e-04	2.99e-05	5.44e-07	0.00e+00	0.00e+00	0.00e+00	0.00e+00	0.00e+00
 1.47125e+23	1.52e-11	7.08e-07	1.47e-03	2.09e-02	1.11e-01	1.67e-01	5.90e-02	1.28e-01	3.73e-01	1.25e-01	1.33e-02	8.19e-04	2.50e-05	4.46e-07	0.00e+00	0.00e+00	0.00e+00	0.00e+00	0.00e+00
 1.48371e+23	2.09e-11	9.26e-07	1.83e-03	2.47e-02	1.24e-01	1.79e-01	6.05e-02	1.29e-01	3.56e-01	1.13e-01	1.15e-02	6.78e-04	1.99e-05	3.46e-07	0.00e+00	0.00e+00	0.00e+00	0.00e+00	0.00e+00
 1.49651e+23	2.76e-11	1.17e-06	2.21e-03	2.85e-02	1.37e-01	1.89e-01	6.16e-02	1.29e-01	3.40e-01	1.03e-01	1.00e-02	5.70e-04	1.62e-05	2.75e-07	0.00e+00	0.00e+00	0.00e+00	0.00e+00	0.00e+00
 1.50775e+23	3.53e-11	1.44e-06	2.61e-03	3.23e-02	1.49e-01	1.98e-01	6.24e-02	1.29e-01	3.24e-01	9.40e-02	8.81e-03	4.86e-04	1.34e-05	2.23e-07	0.00e+00	0.00e+00	0.00e+00	0.00e+00	0.00e+00
 1.52036e+23	4.77e-11	1.85e-06	3.21e-03	3.76e-02	1.64e-01	2.08e-01	6.31e-02	1.27e-01	3.05e-01	8.37e-02	7.48e-03	3.97e-04	1.05e-05	1.71e-07	0.00e+00	0.00e+00	0.00e+00	0.00e+00	0.00e+00
 1.53360e+23	6.28e-11	2.33e-06	3.86e-03	4.30e-02	1.79e-01	2.17e-01	6.34e-02	1.26e-01	2.86e-01	7.48e-02	6.39e-03	3.27e-04	8.33e-06	1.33e-07	0.00e+00	0.00e+00	0.00e+00	0.00e+00	0.00e+00
 1.54561e+23	8.04e-11	2.87e-06	4.55e-03	4.85e-02	1.93e-01	2.25e-01	6.35e-02	1.24e-01	2.69e-01	6.72e-02	5.52e-03	2.73e-04	6.73e-06	0.00e+00	0.00e+00	0.00e+00	0.00e+00	0.00e+00	0.00e+00
 1.55915e+23	1.09e-10	3.70e-06	5.56e-03	5.60e-02	2.11e-01	2.34e-01	6.32e-02	1.20e-01	2.48e-01	5.84e-02	4.55e-03	2.16e-04	5.12e-06	0.00e+00	0.00e+00	0.00e+00	0.00e+00	0.00e+00	0.00e+00
 1.57313e+23	1.43e-10	4.62e-06	6.62e-03	6.33e-02	2.26e-01	2.40e-01	6.27e-02	1.17e-01	2.29e-01	5.12e-02	3.82e-03	1.75e-04	3.99e-06	0.00e+00	0.00e+00	0.00e+00	0.00e+00	0.00e+00	0.00e+00
 1.58557e+23	1.82e-10	5.64e-06	7.75e-03	7.06e-02	2.41e-01	2.45e-01	6.19e-02	1.13e-01	2.11e-01	4.52e-02	3.23e-03	1.43e-04	3.16e-06	0.00e+00	0.00e+00	0.00e+00	0.00e+00	0.00e+00	0.00e+00
 1.59966e+23	2.46e-10	7.22e-06	9.38e-03	8.05e-02	2.59e-01	2.50e-01	6.06e-02	1.08e-01	1.91e-01	3.83e-02	2.61e-03	1.10e-04	2.34e-06	0.00e+00	0.00e+00	0.00e+00	0.00e+00	0.00e+00	0.00e+00
 1.61430e+23	3.20e-10	8.95e-06	1.11e-02	9.01e-02	2.75e-01	2.54e-01	5.91e-02	1.03e-01	1.73e-01	3.29e-02	2.14e-03	8.72e-05	1.78e-06	0.00e+00	0.00e+00	0.00e+00	0.00e+00	0.00e+00	0.00e+00
 1.62747e+23	4.08e-10	1.09e-05	1.29e-02	9.95e-02	2.89e-01	2.55e-01	5.75e-02	9.85e-02	1.57e-01	2.84e-02	1.77e-03	6.96e-05	1.37e-06	0.00e+00	0.00e+00	0.00e+00	0.00e+00	0.00e+00	0.00e+00
 1.64240e+23	5.52e-10	1.39e-05	1.55e-02	1.12e-01	3.06e-01	2.56e-01	5.52e-02	9.20e-02	1.38e-01	2.34e-02	1.38e-03	5.19e-05	9.80e-07	0.00e+00	0.00e+00	0.00e+00	0.00e+00	0.00e+00	0.00e+00
 1.65779e+23	7.10e-10	1.70e-05	1.81e-02	1.24e-01	3.20e-01	2.55e-01	5.30e-02	8.65e-02	1.23e-01	1.98e-02	1.11e-03	4.03e-05	7.32e-07	0.00e+00	0.00e+00	0.00e+00	0.00e+00	0.00e+00	0.00e+00
 1.67165e+23	9.03e-10	2.06e-05	2.08e-02	1.35e-01	3.32e-01	2.53e-01	5.08e-02	8.10e-02	1.09e-01	1.67e-02	8.94e-04	3.14e-05	5.49e-07	0.00e+00	0.00e+00	0.00e+00	0.00e+00	0.00e+00	0.00e+00
 1.68754e+23	1.22e-09	2.62e-05	2.49e-02	1.51e-01	3.46e-01	2.49e-01	4.78e-02	7.41e-02	9.35e-02	1.33e-02	6.75e-04	2.26e-05	3.78e-07	0.00e+00	0.00e+00	0.00e+00	0.00e+00	0.00e+00	0.00e+00
 1.70363e+23	1.56e-09	3.18e-05	2.87e-02	1.64e-01	3.56e-01	2.44e-01	4.52e-02	6.85e-02	8.18e-02	1.10e-02	5.32e-04	1.72e-05	2.76e-07	0.00e+00	0.00e+00	0.00e+00	0.00e+00	0.00e+00	0.00e+00
 1.71786e+23	1.96e-09	3.81e-05	3.26e-02	1.77e-01	3.64e-01	2.39e-01	4.27e-02	6.32e-02	7.17e-02	9.16e-03	4.23e-04	1.32e-05	2.04e-07	0.00e+00	0.00e+00	0.00e+00	0.00e+00	0.00e+00	0.00e+00
 1.73421e+23	2.64e-09	4.80e-05	3.85e-02	1.94e-01	3.73e-01	2.31e-01	3.95e-02	5.67e-02	6.01e-02	7.15e-03	3.11e-04	9.24e-06	1.37e-07	0.00e+00	0.00e+00	0.00e+00	0.00e+00	0.00e+00	0.00e+00
 1.75077e+23	3.33e-09	5.75e-05	4.38e-02	2.08e-01	3.78e-01	2.23e-01	3.69e-02	5.17e-02	5.19e-02	5.82e-03	2.42e-04	6.92e-06	0.00e+00	0.00e+00	0.00e+00	0.00e+00	0.00e+00	0.00e+00	0.00e+00
 1.76758e+23	4.42e-09	7.16e-05	5.11e-02	2.26e-01	3.83e-01	2.13e-01	3.38e-02	4.58e-02	4.30e-02	4.50e-03	1.76e-04	4.82e-06	0.00e+00	0.00e+00	0.00e+00	0.00e+00	0.00e+00	0.00e+00	0.00e+00
 1.78475e+23	5.59e-09	8.58e-05	5.78e-02	2.41e-01	3.85e-01	2.04e-01	3.12e-02	4.13e-02	3.66e-02	3.60e-03	1.35e-04	3.54e-06	0.00e+00	0.00e+00	0.00e+00	0.00e+00	0.00e+00	0.00e+00	0.00e+00
 1.80005e+23	7.01e-09	1.02e-04	6.51e-02	2.55e-01	3.85e-01	1.95e-01	2.88e-02	3.71e-02	3.11e-02	2.89e-03	1.03e-04	2.60e-06	0.00e+00	0.00e+00	0.00e+00	0.00e+00	0.00e+00	0.00e+00	0.00e+00
 1.81759e+23	9.29e-09	1.26e-04	7.52e-02	2.73e-01	3.83e-01	1.82e-01	2.59e-02	3.23e-02	2.52e-02	2.17e-03	7.30e-05	1.76e-06	0.00e+00	0.00e+00	0.00e+00	0.00e+00	0.00e+00	0.00e+00	0.00e+00
 1.83542e+23	1.16e-08	1.50e-04	8.43e-02	2.88e-01	3.80e-01	1.72e-01	2.37e-02	2.87e-02	2.12e-02	1.72e-03	5.49e-05	1.27e-06	0.00e+00	0.00e+00	0.00e+00	0.00e+00	0.00e+00	0.00e+00	0.00e+00
 1.85361e+23	1.55e-08	1.85e-04	9.70e-02	3.05e-01	3.74e-01	1.60e-01	2.11e-02	2.46e-02	1.69e-02	1.26e-03	3.81e-05	8.40e-07	0.00e+00	0.00e+00	0.00e+00	0.00e+00	0.00e+00	0.00e+00	0.00e+00
 1.87140e+23	1.90e-08	2.15e-04	1.07e-01	3.18e-01	3.68e-01	1.50e-01	1.92e-02	2.19e-02	1.42e-02	1.01e-03	2.90e-05	6.17e-07	0.00e+00	0.00e+00	0.00e+00	0.00e+00	0.00e+00	0.00e+00	0.00e+00
 1.88866e+23	2.46e-08	2.61e-04	1.21e-01	3.33e-01	3.59e-01	1.39e-01	1.71e-02	1.87e-02	1.14e-02	7.47e-04	2.04e-05	4.13e-07	0.00e+00	0.00e+00	0.00e+00	0.00e+00	0.00e+00	0.00e+00	0.00e+00
 1.90535e+23	2.94e-08	2.97e-04	1.31e-01	3.43e-01	3.51e-01	1.31e-01	1.57e-02	1.68e-02	9.71e-03	6.04e-04	1.58e-05	3.11e-07	0.00e+00	0.00e+00	0.00e+00	0.00e+00	0.00e+00	0.00e+00	0.00e+00
 1.92128e+23	3.70e-08	3.51e-04	1.46e-01	3.56e-01	3.41e-01	1.21e-01	1.40e-02	1.45e-02	7.89e-03	4.58e-04	1.14e-05	2.15e-07	0.00e+00	0.00e+00	0.00e+00	0.00e+00	0.00e+00	0.00e+00	0.00e+00
 1.93722e+23	4.40e-08	3.99e-04	1.58e-01	3.64e-01	3.32e-01	1.13e-01	1.28e-02	1.29e-02	6.70e-03	3.69e-04	8.85e-06	1.61e-07	0.00e+00	0.00e+00	0.00e+00	0.00e+00	0.00e+00	0.00e+00	0.00e+00
 1.95318e+23	5.50e-08	4.68e-04	1.74e-01	3.74e-01	3.20e-01	1.04e-01	1.13e-02	1.11e-02	5.42e-03	2.78e-04	6.36e-06	0.00e+00	0.00e+00	0.00e+00	0.00e+00	0.00e+00	0.00e+00	0.00e+00	0.00e+00
 1.96953e+23	6.58e-08	5.32e-04	1.87e-01	3.82e-01	3.09e-01	9.64e-02	1.03e-02	9.75e-03	4.54e-03	2.21e-04	4.84e-06	0.00e+00	0.00e+00	0.00e+00	0.00e+00	0.00e+00	0.00e+00	0.00e+00	0.00e+00
 1.98637e+23	8.22e-08	6.23e-04	2.06e-01	3.90e-01	2.95e-01	8.77e-02	9.02e-03	8.29e-03	3.63e-03	1.64e-04	3.43e-06	0.00e+00	0.00e+00	0.00e+00	0.00e+00	0.00e+00	0.00e+00	0.00e+00	0.00e+00
 2.00341e+23	9.83e-08	7.06e-04	2.21e-01	3.96e-01	2.83e-01	8.10e-02	8.11e-03	7.25e-03	3.01e-03	1.29e-04	2.58e-06	0.00e+00	0.00e+00	0.00e+00	0.00e+00	0.00e+00	0.00e+00	0.00e+00	0.00e+00
 2.01842e+23	1.17e-07	7.96e-04	2.37e-01	4.00e-01	2.71e-01	7.48e-02	7.30e-03	6.35e-03	2.51e-03	1.01e-04	1.96e-06	0.00e+00	0.00e+00	0.00e+00	0.00e+00	0.00e+00	0.00e+00	0.00e+00	0.00e+00
 2.03566e+23	1.45e-07	9.26e-04	2.57e-01	4.04e-01	2.56e-01	6.74e-02	6.38e-03	5.34e-03	1.99e-03	7.45e-05	1.37e-06	0.00e+00	0.00e+00	0.00e+00	0.00e+00	0.00e+00	0.00e+00	0.00e+00	0.00e+00
 2.05237e+23	1.69e-07	1.03e-03	2.73e-01	4.07e-01	2.45e-01	6.23e-02	5.76e-03	4.70e-03	1.67e-03	5.93e-05	1.05e-06	0.00e+00	0.00e+00	0.00e+00	0.00e+00	0.00e+00	0.00e+00	0.00e+00	0.00e+00
 2.06570e+23	1.95e-07	1.14e-03	2.87e-01	4.08e-01	2.35e-01	5.79e-02	5.24e-03	4.18e-03	1.42e-03	4.81e-05	8.29e-07	0.00e+00	0.00e+00	0.00e+00	0.00e+00	0.00e+00	0.00e+00	0.00e+00	0.00e+00
 2.08036e+23	2.32e-07	1.28e-03	3.06e-01	4.08e-01	2.22e-01	5.29e-02	4.66e-03	3.61e-03	1.17e-03	3.72e-05	6.17e-07	0.00e+00	0.00e+00	0.00e+00	0.00e+00	0.00e+00	0.00e+00	0.00e+00	0.00e+00
 2.09528e+23	2.67e-07	1.40e-03	3.21e-01	4.08e-01	2.12e-01	4.89e-02	4.22e-03	3.18e-03	9.90e-04	2.99e-05	4.80e-07	0.00e+00	0.00e+00	0.00e+00	0.00e+00	0.00e+00	0.00e+00	0.00e+00	0.00e+00
 2.10849e+23	3.06e-07	1.54e-03	3.36e-01	4.07e-01	2.02e-01	4.53e-02	3.83e-03	2.82e-03	8.42e-04	2.42e-05	3.77e-07	0.00e+00	0.00e+00	0.00e+00	0.00e+00	0.00e+00	0.00e+00	0.00e+00	0.00e+00
 2.12361e+23	3.62e-07	1.72e-03	3.56e-01	4.05e-01	1.90e-01	4.11e-02	3.39e-03	2.42e-03	6.86e-04	1.86e-05	2.78e-07	0.00e+00	0.00e+00	0.00e+00	0.00e+00	0.00e+00	0.00e+00	0.00e+00	0.00e+00
 2.13892e+23	4.16e-07	1.89e-03	3.72e-01	4.03e-01	1.80e-01	3.79e-02	3.05e-03	2.13e-03	5.78e-04	1.48e-05	2.15e-07	0.00e+00	0.00e+00	0.00e+00	0.00e+00	0.00e+00	0.00e+00	0.00e+00	0.00e+00
 2.15237e+23	4.76e-07	2.06e-03	3.87e-01	4.00e-01	1.71e-01	3.49e-02	2.76e-03	1.87e-03	4.89e-04	1.19e-05	1.68e-07	0.00e+00	0.00e+00	0.00e+00	0.00e+00	0.00e+00	0.00e+00	0.00e+00	0.00e+00
 2.16775e+23	5.60e-07	2.29e-03	4.07e-01	3.95e-01	1.60e-01	3.15e-02	2.43e-03	1.60e-03	3.97e-04	9.10e-06	1.24e-07	0.00e+00	0.00e+00	0.00e+00	0.00e+00	0.00e+00	0.00e+00	0.00e+00	0.00e+00
 2.18339e+23	6.41e-07	2.50e-03	4.23e-01	3.91e-01	1.50e-01	2.89e-02	2.18e-03	1.40e-03	3.33e-04	7.24e-06	0.00e+00	0.00e+00	0.00e+00	0.00e+00	0.00e+00	0.00e+00	0.00e+00	0.00e+00	0.00e+00
 2.19726e+23	7.32e-07	2.72e-03	4.40e-01	3.86e-01	1.42e-01	2.66e-02	1.96e-03	1.23e-03	2.80e-04	5.79e-06	0.00e+00	0.00e+00	0.00e+00	0.00e+00	0.00e+00	0.00e+00	0.00e+00	0.00e+00	0.00e+00
 2.21319e+23	8.63e-07	3.02e-03	4.61e-01	3.78e-01	1.31e-01	2.38e-02	1.72e-03	1.04e-03	2.26e-04	4.37e-06	0.00e+00	0.00e+00	0.00e+00	0.00e+00	0.00e+00	0.00e+00	0.00e+00	0.00e+00	0.00e+00
 2.22927e+23	9.87e-07	3.29e-03	4.77e-01	3.72e-01	1.23e-01	2.17e-02	1.54e-03	9.10e-04	1.89e-04	3.46e-06	0.00e+00	0.00e+00	0.00e+00	0.00e+00	0.00e+00	0.00e+00	0.00e+00	0.00e+00	0.00e+00
 2.24341e+23	1.12e-06	3.57e-03	4.94e-01	3.65e-01	1.15e-01	1.99e-02	1.38e-03	7.97e-04	1.58e-04	2.75e-06	0.00e+00	0.00e+00	0.00e+00	0.00e+00	0.00e+00	0.00e+00	0.00e+00	0.00e+00	0.00e+00
 2.25965e+23	1.32e-06	3.95e-03	5.15e-01	3.55e-01	1.06e-01	1.78e-02	1.20e-03	6.74e-04	1.27e-04	2.07e-06	0.00e+00	0.00e+00	0.00e+00	0.00e+00	0.00e+00	0.00e+00	0.00e+00	0.00e+00	0.00e+00
 2.27619e+23	1.51e-06	4.29e-03	5.31e-01	3.47e-01	9.91e-02	1.61e-02	1.07e-03	5.85e-04	1.05e-04	1.63e-06	0.00e+00	0.00e+00	0.00e+00	0.00e+00	0.00e+00	0.00e+00	0.00e+00	0.00e+00	0.00e+00
 2.29310e+23	1.77e-06	4.75e-03	5.52e-01	3.36e-01	9.07e-02	1.43e-02	9.25e-04	4.92e-04	8.37e-05	1.21e-06	0.00e+00	0.00e+00	0.00e+00	0.00e+00	0.00e+00	0.00e+00	0.00e+00	0.00e+00	0.00e+00
 2.31022e+23	2.03e-06	5.16e-03	5.69e-01	3.27e-01	8.41e-02	1.30e-02	8.19e-04	4.25e-04	6.91e-05	9.41e-07	0.00e+00	0.00e+00	0.00e+00	0.00e+00	0.00e+00	0.00e+00	0.00e+00	0.00e+00	0.00e+00
 2.32761e+23	2.39e-06	5.69e-03	5.90e-01	3.15e-01	7.66e-02	1.15e-02	7.06e-04	3.56e-04	5.46e-05	6.95e-07	0.00e+00	0.00e+00	0.00e+00	0.00e+00	0.00e+00	0.00e+00	0.00e+00	0.00e+00	0.00e+00
 2.34534e+23	2.74e-06	6.18e-03	6.06e-01	3.06e-01	7.07e-02	1.03e-02	6.23e-04	3.07e-04	4.48e-05	5.37e-07	0.00e+00	0.00e+00	0.00e+00	0.00e+00	0.00e+00	0.00e+00	0.00e+00	0.00e+00	0.00e+00
 2.36350e+23	3.23e-06	6.82e-03	6.27e-01	2.93e-01	6.39e-02	9.07e-03	5.33e-04	2.55e-04	3.51e-05	3.92e-07	0.00e+00	0.00e+00	0.00e+00	0.00e+00	0.00e+00	0.00e+00	0.00e+00	0.00e+00	0.00e+00
 2.38197e+23	3.70e-06	7.40e-03	6.43e-01	2.82e-01	5.87e-02	8.13e-03	4.68e-04	2.19e-04	2.86e-05	3.01e-07	0.00e+00	0.00e+00	0.00e+00	0.00e+00	0.00e+00	0.00e+00	0.00e+00	0.00e+00	0.00e+00
 2.39838e+23	4.22e-06	7.99e-03	6.58e-01	2.72e-01	5.40e-02	7.31e-03	4.12e-04	1.89e-04	2.34e-05	2.33e-07	0.00e+00	0.00e+00	0.00e+00	0.00e+00	0.00e+00	0.00e+00	0.00e+00	0.00e+00	0.00e+00
 2.41253e+23	4.64e-06	8.44e-03	6.68e-01	2.65e-01	5.08e-02	6.77e-03	3.76e-04	1.70e-04	2.03e-05	1.93e-07	0.00e+00	0.00e+00	0.00e+00	0.00e+00	0.00e+00	0.00e+00	0.00e+00	0.00e+00	0.00e+00
 2.42622e+23	5.23e-06	9.05e-03	6.82e-01	2.55e-01	4.69e-02	6.13e-03	3.34e-04	1.49e-04	1.69e-05	1.53e-07	0.00e+00	0.00e+00	0.00e+00	0.00e+00	0.00e+00	0.00e+00	0.00e+00	0.00e+00	0.00e+00
 2.44013e+23	5.77e-06	9.58e-03	6.93e-01	2.48e-01	4.39e-02	5.65e-03	3.03e-04	1.33e-04	1.45e-05	1.26e-07	0.00e+00	0.00e+00	0.00e+00	0.00e+00	0.00e+00	0.00e+00	0.00e+00	0.00e+00	0.00e+00
 2.45434e+23	6.51e-06	1.03e-02	7.06e-01	2.38e-01	4.05e-02	5.11e-03	2.69e-04	1.16e-04	1.20e-05	0.00e+00	0.00e+00	0.00e+00	0.00e+00	0.00e+00	0.00e+00	0.00e+00	0.00e+00	0.00e+00	0.00e+00
 2.46871e+23	7.18e-06	1.09e-02	7.16e-01	2.30e-01	3.78e-02	4.70e-03	2.43e-04	1.04e-04	1.03e-05	0.00e+00	0.00e+00	0.00e+00	0.00e+00	0.00e+00	0.00e+00	0.00e+00	0.00e+00	0.00e+00	0.00e+00
 2.48329e+23	8.13e-06	1.17e-02	7.29e-01	2.20e-01	3.47e-02	4.22e-03	2.14e-04	9.05e-05	8.45e-06	0.00e+00	0.00e+00	0.00e+00	0.00e+00	0.00e+00	0.00e+00	0.00e+00	0.00e+00	0.00e+00	0.00e+00
 2.49797e+23	8.96e-06	1.23e-02	7.39e-01	2.13e-01	3.24e-02	3.89e-03	1.94e-04	8.11e-05	7.23e-06	0.00e+00	0.00e+00	0.00e+00	0.00e+00	0.00e+00	0.00e+00	0.00e+00	0.00e+00	0.00e+00	0.00e+00
 2.51278e+23	1.01e-05	1.32e-02	7.51e-01	2.03e-01	2.97e-02	3.50e-03	1.71e-04	7.07e-05	5.95e-06	0.00e+00	0.00e+00	0.00e+00	0.00e+00	0.00e+00	0.00e+00	0.00e+00	0.00e+00	0.00e+00	0.00e+00
 2.52790e+23	1.12e-05	1.39e-02	7.60e-01	1.95e-01	2.76e-02	3.20e-03	1.54e-04	6.32e-05	5.06e-06	0.00e+00	0.00e+00	0.00e+00	0.00e+00	0.00e+00	0.00e+00	0.00e+00	0.00e+00	0.00e+00	0.00e+00
 2.54341e+23	1.27e-05	1.50e-02	7.71e-01	1.85e-01	2.52e-02	2.86e-03	1.35e-04	5.48e-05	4.12e-06	0.00e+00	0.00e+00	0.00e+00	0.00e+00	0.00e+00	0.00e+00	0.00e+00	0.00e+00	0.00e+00	0.00e+00
 2.55909e+23	1.41e-05	1.58e-02	7.80e-01	1.78e-01	2.34e-02	2.62e-03	1.22e-04	4.90e-05	3.49e-06	0.00e+00	0.00e+00	0.00e+00	0.00e+00	0.00e+00	0.00e+00	0.00e+00	0.00e+00	0.00e+00	0.00e+00
 2.57500e+23	1.60e-05	1.70e-02	7.91e-01	1.68e-01	2.12e-02	2.33e-03	1.06e-04	4.25e-05	2.82e-06	0.00e+00	0.00e+00	0.00e+00	0.00e+00	0.00e+00	0.00e+00	0.00e+00	0.00e+00	0.00e+00	0.00e+00
 2.59109e+23	1.77e-05	1.79e-02	7.99e-01	1.62e-01	1.97e-02	2.13e-03	9.56e-05	3.80e-05	2.39e-06	0.00e+00	0.00e+00	0.00e+00	0.00e+00	0.00e+00	0.00e+00	0.00e+00	0.00e+00	0.00e+00	0.00e+00
 2.60741e+23	2.01e-05	1.92e-02	8.09e-01	1.52e-01	1.79e-02	1.90e-03	8.36e-05	3.31e-05	1.94e-06	0.00e+00	0.00e+00	0.00e+00	0.00e+00	0.00e+00	0.00e+00	0.00e+00	0.00e+00	0.00e+00	0.00e+00
 2.62430e+23	2.24e-05	2.04e-02	8.16e-01	1.45e-01	1.64e-02	1.72e-03	7.42e-05	2.94e-05	1.61e-06	0.00e+00	0.00e+00	0.00e+00	0.00e+00	0.00e+00	0.00e+00	0.00e+00	0.00e+00	0.00e+00	0.00e+00
 2.64193e+23	2.58e-05	2.20e-02	8.26e-01	1.35e-01	1.47e-02	1.51e-03	6.40e-05	2.53e-05	1.28e-06	0.00e+00	0.00e+00	0.00e+00	0.00e+00	0.00e+00	0.00e+00	0.00e+00	0.00e+00	0.00e+00	0.00e+00
 2.65967e+23	2.88e-05	2.33e-02	8.33e-01	1.28e-01	1.35e-02	1.37e-03	5.69e-05	2.25e-05	1.06e-06	0.00e+00	0.00e+00	0.00e+00	0.00e+00	0.00e+00	0.00e+00	0.00e+00	0.00e+00	0.00e+00	0.00e+00
 2.67757e+23	3.31e-05	2.51e-02	8.42e-01	1.19e-01	1.21e-02	1.20e-03	4.89e-05	1.94e-05	8.40e-07	0.00e+00	0.00e+00	0.00e+00	0.00e+00	0.00e+00	0.00e+00	0.00e+00	0.00e+00	0.00e+00	0.00e+00
 2.69558e+23	3.70e-05	2.66e-02	8.49e-01	1.13e-01	1.11e-02	1.09e-03	4.34e-05	1.73e-05	6.97e-07	0.00e+00	0.00e+00	0.00e+00	0.00e+00	0.00e+00	0.00e+00	0.00e+00	0.00e+00	0.00e+00	0.00e+00
 2.71376e+23	4.27e-05	2.87e-02	8.57e-01	1.04e-01	9.95e-03	9.53e-04	3.73e-05	1.49e-05	5.48e-07	0.00e+00	0.00e+00	0.00e+00	0.00e+00	0.00e+00	0.00e+00	0.00e+00	0.00e+00	0.00e+00	0.00e+00
 2.73205e+23	4.78e-05	3.04e-02	8.62e-01	9.73e-02	9.10e-03	8.59e-04	3.30e-05	1.33e-05	4.53e-07	0.00e+00	0.00e+00	0.00e+00	0.00e+00	0.00e+00	0.00e+00	0.00e+00	0.00e+00	0.00e+00	0.00e+00
 2.75051e+23	5.54e-05	3.28e-02	8.70e-01	8.87e-02	8.11e-03	7.49e-04	2.81e-05	1.14e-05	3.53e-07	0.00e+00	0.00e+00	0.00e+00	0.00e+00	0.00e+00	0.00e+00	0.00e+00	0.00e+00	0.00e+00	0.00e+00
 2.76895e+23	6.21e-05	3.48e-02	8.74e-01	8.29e-02	7.42e-03	6.76e-04	2.49e-05	1.02e-05	2.92e-07	0.00e+00	0.00e+00	0.00e+00	0.00e+00	0.00e+00	0.00e+00	0.00e+00	0.00e+00	0.00e+00	0.00e+00
 2.78734e+23	7.20e-05	3.75e-02	8.80e-01	7.50e-02	6.61e-03	5.90e-04	2.13e-05	8.80e-06	2.28e-07	0.00e+00	0.00e+00	0.00e+00	0.00e+00	0.00e+00	0.00e+00	0.00e+00	0.00e+00	0.00e+00	0.00e+00
 2.80589e+23	8.13e-05	3.99e-02	8.84e-01	6.92e-02	6.02e-03	5.29e-04	1.87e-05	7.84e-06	1.87e-07	0.00e+00	0.00e+00	0.00e+00	0.00e+00	0.00e+00	0.00e+00	0.00e+00	0.00e+00	0.00e+00	0.00e+00
 2.82465e+23	9.49e-05	4.31e-02	8.89e-01	6.18e-02	5.34e-03	4.59e-04	1.59e-05	6.74e-06	1.44e-07	0.00e+00	0.00e+00	0.00e+00	0.00e+00	0.00e+00	0.00e+00	0.00e+00	0.00e+00	0.00e+00	0.00e+00
 2.84346e+23	1.08e-04	4.59e-02	8.92e-01	5.64e-02	4.86e-03	4.10e-04	1.40e-05	5.99e-06	0.00e+00	0.00e+00	0.00e+00	0.00e+00	0.00e+00	0.00e+00	0.00e+00	0.00e+00	0.00e+00	0.00e+00	0.00e+00
 2.86232e+23	1.27e-04	4.98e-02	8.96e-01	4.95e-02	4.28e-03	3.54e-04	1.18e-05	5.12e-06	0.00e+00	0.00e+00	0.00e+00	0.00e+00	0.00e+00	0.00e+00	0.00e+00	0.00e+00	0.00e+00	0.00e+00	0.00e+00
 2.88119e+23	1.45e-04	5.31e-02	8.98e-01	4.46e-02	3.89e-03	3.15e-04	1.03e-05	4.54e-06	0.00e+00	0.00e+00	0.00e+00	0.00e+00	0.00e+00	0.00e+00	0.00e+00	0.00e+00	0.00e+00	0.00e+00	0.00e+00
 2.90006e+23	1.72e-04	5.76e-02	9.00e-01	3.86e-02	3.42e-03	2.71e-04	8.69e-06	3.87e-06	0.00e+00	0.00e+00	0.00e+00	0.00e+00	0.00e+00	0.00e+00	0.00e+00	0.00e+00	0.00e+00	0.00e+00	0.00e+00
 2.91914e+23	1.99e-04	6.16e-02	9.01e-01	3.41e-02	3.08e-03	2.40e-04	7.55e-06	3.39e-06	0.00e+00	0.00e+00	0.00e+00	0.00e+00	0.00e+00	0.00e+00	0.00e+00	0.00e+00	0.00e+00	0.00e+00	0.00e+00
 2.93850e+23	2.40e-04	6.73e-02	9.01e-01	2.89e-02	2.68e-03	2.04e-04	6.29e-06	2.85e-06	0.00e+00	0.00e+00	0.00e+00	0.00e+00	0.00e+00	0.00e+00	0.00e+00	0.00e+00	0.00e+00	0.00e+00	0.00e+00
