#depth	Ne	Ne+	Ne+2	Ne+3	Ne+4	Ne+5	Ne+6	Ne+7	Ne+8	Ne+9	Ne+10
 1.54284e+22	2.28e-25	5.76e-20	9.55e-16	2.33e-12	1.37e-09	1.89e-07	8.98e-06	2.67e-04	2.97e-02	2.83e-01	6.87e-01
 3.47357e+22	8.55e-23	1.16e-17	1.00e-13	1.29e-10	4.20e-08	3.22e-06	7.84e-05	1.18e-03	7.20e-02	3.87e-01	5.39e-01
 4.01787e+22	8.00e-22	8.69e-17	5.86e-13	5.93e-10	1.56e-07	9.69e-06	1.84e-04	2.12e-03	1.01e-01	4.27e-01	4.70e-01
 4.25248e+22	2.15e-21	2.12e-16	1.29e-12	1.17e-09	2.82e-07	1.59e-05	2.71e-04	2.76e-03	1.17e-01	4.43e-01	4.38e-01
 4.35023e+22	2.74e-21	2.63e-16	1.56e-12	1.38e-09	3.26e-07	1.80e-05	2.98e-04	2.94e-03	1.21e-01	4.46e-01	4.29e-01
 4.39520e+22	3.66e-21	3.43e-16	1.97e-12	1.70e-09	3.89e-07	2.09e-05	3.35e-04	3.18e-03	1.27e-01	4.51e-01	4.19e-01
 4.44423e+22	4.79e-21	4.37e-16	2.44e-12	2.04e-09	4.57e-07	2.39e-05	3.73e-04	3.42e-03	1.32e-01	4.55e-01	4.10e-01
 4.49856e+22	6.71e-21	5.93e-16	3.20e-12	2.58e-09	5.61e-07	2.85e-05	4.27e-04	3.75e-03	1.39e-01	4.59e-01	3.98e-01
 4.55060e+22	8.41e-21	7.28e-16	3.84e-12	3.02e-09	6.43e-07	3.20e-05	4.68e-04	3.99e-03	1.43e-01	4.62e-01	3.90e-01
 4.59965e+22	1.13e-20	9.51e-16	4.86e-12	3.72e-09	7.70e-07	3.72e-05	5.27e-04	4.33e-03	1.50e-01	4.66e-01	3.79e-01
 4.64973e+22	1.41e-20	1.16e-15	5.82e-12	4.34e-09	8.82e-07	4.18e-05	5.77e-04	4.60e-03	1.55e-01	4.68e-01	3.71e-01
 4.70114e+22	1.90e-20	1.52e-15	7.39e-12	5.35e-09	1.06e-06	4.87e-05	6.51e-04	4.99e-03	1.62e-01	4.72e-01	3.61e-01
 4.75336e+22	2.36e-20	1.86e-15	8.82e-12	6.24e-09	1.21e-06	5.46e-05	7.12e-04	5.30e-03	1.67e-01	4.74e-01	3.53e-01
 4.80664e+22	3.17e-20	2.43e-15	1.12e-11	7.67e-09	1.45e-06	6.36e-05	8.03e-04	5.75e-03	1.75e-01	4.77e-01	3.42e-01
 4.85898e+22	3.88e-20	2.91e-15	1.32e-11	8.84e-09	1.64e-06	7.06e-05	8.71e-04	6.07e-03	1.80e-01	4.79e-01	3.35e-01
 4.91013e+22	5.08e-20	3.73e-15	1.64e-11	1.07e-08	1.94e-06	8.14e-05	9.74e-04	6.55e-03	1.87e-01	4.81e-01	3.25e-01
 4.96231e+22	6.23e-20	4.48e-15	1.93e-11	1.24e-08	2.20e-06	9.04e-05	1.06e-03	6.92e-03	1.93e-01	4.82e-01	3.17e-01
 5.01586e+22	8.16e-20	5.73e-15	2.41e-11	1.50e-08	2.59e-06	1.04e-04	1.18e-03	7.46e-03	2.00e-01	4.84e-01	3.07e-01
 5.07045e+22	1.00e-19	6.91e-15	2.85e-11	1.73e-08	2.95e-06	1.16e-04	1.29e-03	7.89e-03	2.06e-01	4.85e-01	3.00e-01
 5.12639e+22	1.31e-19	8.85e-15	3.55e-11	2.10e-08	3.49e-06	1.34e-04	1.44e-03	8.51e-03	2.14e-01	4.86e-01	2.90e-01
 5.18333e+22	1.61e-19	1.07e-14	4.20e-11	2.43e-08	3.96e-06	1.49e-04	1.56e-03	9.00e-03	2.20e-01	4.86e-01	2.83e-01
 5.24158e+22	2.12e-19	1.37e-14	5.23e-11	2.94e-08	4.69e-06	1.72e-04	1.75e-03	9.70e-03	2.29e-01	4.87e-01	2.73e-01
 5.30097e+22	2.60e-19	1.65e-14	6.20e-11	3.41e-08	5.33e-06	1.91e-04	1.90e-03	1.03e-02	2.36e-01	4.87e-01	2.65e-01
 5.35303e+22	3.18e-19	1.98e-14	7.30e-11	3.94e-08	6.03e-06	2.13e-04	2.07e-03	1.08e-02	2.42e-01	4.87e-01	2.58e-01
 5.41189e+22	4.12e-19	2.51e-14	9.01e-11	4.73e-08	7.09e-06	2.43e-04	2.30e-03	1.16e-02	2.51e-01	4.86e-01	2.49e-01
 5.47087e+22	4.97e-19	2.98e-14	1.05e-10	5.40e-08	7.95e-06	2.68e-04	2.48e-03	1.22e-02	2.57e-01	4.86e-01	2.42e-01
 5.53001e+22	6.40e-19	3.75e-14	1.29e-10	6.48e-08	9.32e-06	3.07e-04	2.75e-03	1.31e-02	2.66e-01	4.85e-01	2.33e-01
 5.59006e+22	7.73e-19	4.46e-14	1.51e-10	7.41e-08	1.05e-05	3.38e-04	2.97e-03	1.38e-02	2.72e-01	4.84e-01	2.27e-01
 5.65130e+22	9.92e-19	5.60e-14	1.85e-10	8.86e-08	1.22e-05	3.85e-04	3.28e-03	1.47e-02	2.81e-01	4.82e-01	2.18e-01
 5.71456e+22	1.22e-18	6.74e-14	2.19e-10	1.02e-07	1.39e-05	4.28e-04	3.57e-03	1.56e-02	2.88e-01	4.80e-01	2.12e-01
 5.78042e+22	1.57e-18	8.49e-14	2.69e-10	1.23e-07	1.62e-05	4.87e-04	3.95e-03	1.66e-02	2.98e-01	4.78e-01	2.03e-01
 5.84865e+22	1.94e-18	1.03e-13	3.21e-10	1.43e-07	1.85e-05	5.45e-04	4.30e-03	1.76e-02	3.06e-01	4.76e-01	1.96e-01
 5.91995e+22	2.53e-18	1.32e-13	3.99e-10	1.73e-07	2.18e-05	6.25e-04	4.78e-03	1.89e-02	3.15e-01	4.73e-01	1.88e-01
 5.99349e+22	3.17e-18	1.62e-13	4.79e-10	2.03e-07	2.50e-05	7.01e-04	5.22e-03	2.00e-02	3.24e-01	4.70e-01	1.81e-01
 6.06995e+22	4.19e-18	2.08e-13	6.00e-10	2.47e-07	2.97e-05	8.07e-04	5.82e-03	2.14e-02	3.34e-01	4.66e-01	1.72e-01
 6.14886e+22	5.29e-18	2.58e-13	7.27e-10	2.91e-07	3.43e-05	9.09e-04	6.38e-03	2.28e-02	3.43e-01	4.62e-01	1.65e-01
 6.22005e+22	6.62e-18	3.16e-13	8.72e-10	3.41e-07	3.92e-05	1.02e-03	6.94e-03	2.40e-02	3.51e-01	4.58e-01	1.59e-01
 6.30168e+22	8.86e-18	4.13e-13	1.11e-09	4.20e-07	4.70e-05	1.18e-03	7.80e-03	2.59e-02	3.62e-01	4.53e-01	1.50e-01
 6.38394e+22	1.11e-17	5.06e-13	1.33e-09	4.92e-07	5.37e-05	1.32e-03	8.48e-03	2.73e-02	3.71e-01	4.48e-01	1.44e-01
 6.46704e+22	1.48e-17	6.58e-13	1.68e-09	6.04e-07	6.41e-05	1.53e-03	9.48e-03	2.93e-02	3.82e-01	4.42e-01	1.36e-01
 6.55190e+22	1.86e-17	8.14e-13	2.03e-09	7.12e-07	7.39e-05	1.72e-03	1.04e-02	3.11e-02	3.91e-01	4.37e-01	1.30e-01
 6.63907e+22	2.49e-17	1.06e-12	2.58e-09	8.76e-07	8.84e-05	1.99e-03	1.16e-02	3.33e-02	4.02e-01	4.29e-01	1.22e-01
 6.72806e+22	3.17e-17	1.32e-12	3.15e-09	1.04e-06	1.02e-04	2.25e-03	1.27e-02	3.54e-02	4.11e-01	4.23e-01	1.16e-01
 6.80724e+22	3.99e-17	1.64e-12	3.81e-09	1.23e-06	1.18e-04	2.54e-03	1.39e-02	3.74e-02	4.20e-01	4.16e-01	1.10e-01
 6.89800e+22	5.36e-17	2.15e-12	4.87e-09	1.52e-06	1.42e-04	2.96e-03	1.57e-02	4.03e-02	4.31e-01	4.07e-01	1.02e-01
 6.98418e+22	6.55e-17	2.58e-12	5.74e-09	1.75e-06	1.61e-04	3.27e-03	1.69e-02	4.22e-02	4.38e-01	4.01e-01	9.77e-02
 7.06443e+22	8.44e-17	3.27e-12	7.11e-09	2.12e-06	1.90e-04	3.76e-03	1.88e-02	4.51e-02	4.48e-01	3.92e-01	9.14e-02
 7.14485e+22	1.03e-16	3.91e-12	8.36e-09	2.44e-06	2.14e-04	4.15e-03	2.02e-02	4.72e-02	4.56e-01	3.86e-01	8.70e-02
 7.22551e+22	1.31e-16	4.91e-12	1.03e-08	2.92e-06	2.51e-04	4.74e-03	2.24e-02	5.03e-02	4.65e-01	3.76e-01	8.12e-02
 7.30804e+22	1.60e-16	5.91e-12	1.22e-08	3.39e-06	2.85e-04	5.28e-03	2.43e-02	5.29e-02	4.72e-01	3.69e-01	7.67e-02
 7.39301e+22	2.05e-16	7.46e-12	1.51e-08	4.09e-06	3.37e-04	6.07e-03	2.70e-02	5.64e-02	4.81e-01	3.58e-01	7.10e-02
 7.47844e+22	2.48e-16	8.92e-12	1.77e-08	4.72e-06	3.82e-04	6.74e-03	2.92e-02	5.92e-02	4.88e-01	3.50e-01	6.69e-02
 7.56446e+22	3.15e-16	1.12e-11	2.19e-08	5.67e-06	4.49e-04	7.74e-03	3.24e-02	6.31e-02	4.96e-01	3.39e-01	6.17e-02
 7.65214e+22	3.79e-16	1.33e-11	2.58e-08	6.56e-06	5.11e-04	8.63e-03	3.52e-02	6.64e-02	5.02e-01	3.29e-01	5.77e-02
 7.74195e+22	4.77e-16	1.67e-11	3.17e-08	7.90e-06	6.03e-04	9.93e-03	3.92e-02	7.08e-02	5.10e-01	3.17e-01	5.27e-02
 7.83347e+22	5.71e-16	1.98e-11	3.73e-08	9.14e-06	6.87e-04	1.11e-02	4.26e-02	7.45e-02	5.15e-01	3.07e-01	4.89e-02
 7.92721e+22	7.10e-16	2.45e-11	4.58e-08	1.10e-05	8.12e-04	1.28e-02	4.75e-02	7.96e-02	5.21e-01	2.94e-01	4.43e-02
 8.02210e+22	8.37e-16	2.89e-11	5.36e-08	1.27e-05	9.24e-04	1.43e-02	5.17e-02	8.37e-02	5.25e-01	2.83e-01	4.08e-02
 8.10215e+22	9.64e-16	3.33e-11	6.15e-08	1.44e-05	1.04e-03	1.58e-02	5.57e-02	8.75e-02	5.29e-01	2.73e-01	3.79e-02
 8.18987e+22	1.14e-15	3.97e-11	7.31e-08	1.68e-05	1.20e-03	1.79e-02	6.13e-02	9.27e-02	5.32e-01	2.61e-01	3.42e-02
 8.27807e+22	1.29e-15	4.52e-11	8.33e-08	1.90e-05	1.34e-03	1.97e-02	6.60e-02	9.69e-02	5.34e-01	2.51e-01	3.15e-02
 8.36404e+22	1.49e-15	5.25e-11	9.70e-08	2.19e-05	1.53e-03	2.22e-02	7.20e-02	1.02e-01	5.35e-01	2.38e-01	2.85e-02
 8.45174e+22	1.66e-15	5.92e-11	1.10e-07	2.46e-05	1.71e-03	2.44e-02	7.74e-02	1.07e-01	5.36e-01	2.28e-01	2.61e-02
 8.53806e+22	1.85e-15	6.71e-11	1.26e-07	2.80e-05	1.94e-03	2.72e-02	8.39e-02	1.12e-01	5.35e-01	2.16e-01	2.35e-02
 8.62610e+22	2.03e-15	7.49e-11	1.42e-07	3.14e-05	2.16e-03	3.00e-02	9.02e-02	1.17e-01	5.34e-01	2.06e-01	2.13e-02
 8.71240e+22	2.20e-15	8.33e-11	1.59e-07	3.53e-05	2.42e-03	3.31e-02	9.70e-02	1.22e-01	5.32e-01	1.95e-01	1.92e-02
 8.79966e+22	2.37e-15	9.16e-11	1.78e-07	3.94e-05	2.69e-03	3.63e-02	1.04e-01	1.27e-01	5.28e-01	1.85e-01	1.73e-02
 8.88583e+22	2.51e-15	1.00e-10	1.98e-07	4.39e-05	2.99e-03	3.98e-02	1.11e-01	1.32e-01	5.24e-01	1.74e-01	1.56e-02
 8.97183e+22	2.65e-15	1.09e-10	2.19e-07	4.87e-05	3.31e-03	4.34e-02	1.18e-01	1.37e-01	5.20e-01	1.65e-01	1.41e-02
 9.05793e+22	2.77e-15	1.18e-10	2.42e-07	5.39e-05	3.66e-03	4.73e-02	1.26e-01	1.42e-01	5.14e-01	1.55e-01	1.26e-02
 9.14432e+22	2.88e-15	1.27e-10	2.67e-07	5.96e-05	4.04e-03	5.15e-02	1.33e-01	1.47e-01	5.07e-01	1.46e-01	1.13e-02
 9.23101e+22	2.98e-15	1.36e-10	2.94e-07	6.59e-05	4.46e-03	5.59e-02	1.41e-01	1.52e-01	5.00e-01	1.37e-01	1.01e-02
 9.31840e+22	3.06e-15	1.45e-10	3.23e-07	7.29e-05	4.91e-03	6.06e-02	1.49e-01	1.56e-01	4.92e-01	1.28e-01	9.02e-03
 9.40661e+22	3.14e-15	1.56e-10	3.55e-07	8.06e-05	5.41e-03	6.57e-02	1.57e-01	1.61e-01	4.83e-01	1.20e-01	8.03e-03
 9.49595e+22	3.21e-15	1.66e-10	3.91e-07	8.93e-05	5.97e-03	7.11e-02	1.65e-01	1.65e-01	4.74e-01	1.12e-01	7.14e-03
 9.58570e+22	3.28e-15	1.78e-10	4.31e-07	9.89e-05	6.57e-03	7.67e-02	1.73e-01	1.70e-01	4.64e-01	1.04e-01	6.33e-03
 9.67694e+22	3.34e-15	1.91e-10	4.77e-07	1.10e-04	7.25e-03	8.29e-02	1.81e-01	1.74e-01	4.53e-01	9.67e-02	5.59e-03
 9.76937e+22	3.42e-15	2.05e-10	5.28e-07	1.22e-04	8.00e-03	8.93e-02	1.89e-01	1.78e-01	4.41e-01	8.97e-02	4.94e-03
 9.86372e+22	3.49e-15	2.20e-10	5.88e-07	1.37e-04	8.85e-03	9.64e-02	1.97e-01	1.81e-01	4.29e-01	8.27e-02	4.33e-03
 9.95142e+22	3.58e-15	2.36e-10	6.45e-07	1.51e-04	9.62e-03	1.02e-01	2.04e-01	1.84e-01	4.19e-01	7.74e-02	3.89e-03
 1.00418e+23	3.68e-15	2.56e-10	7.26e-07	1.70e-04	1.07e-02	1.11e-01	2.12e-01	1.87e-01	4.05e-01	7.09e-02	3.37e-03
 1.01340e+23	3.80e-15	2.77e-10	8.03e-07	1.88e-04	1.17e-02	1.17e-01	2.19e-01	1.90e-01	3.93e-01	6.60e-02	3.01e-03
 1.02284e+23	3.93e-15	3.04e-10	9.15e-07	2.14e-04	1.30e-02	1.27e-01	2.27e-01	1.92e-01	3.78e-01	6.00e-02	2.59e-03
 1.03230e+23	4.13e-15	3.32e-10	1.02e-06	2.38e-04	1.42e-02	1.34e-01	2.33e-01	1.94e-01	3.66e-01	5.58e-02	2.31e-03
 1.04179e+23	4.35e-15	3.70e-10	1.17e-06	2.72e-04	1.58e-02	1.45e-01	2.41e-01	1.95e-01	3.51e-01	5.06e-02	1.99e-03
 1.05134e+23	4.60e-15	4.06e-10	1.31e-06	3.03e-04	1.72e-02	1.53e-01	2.46e-01	1.96e-01	3.39e-01	4.68e-02	1.76e-03
 1.06098e+23	4.93e-15	4.59e-10	1.52e-06	3.48e-04	1.92e-02	1.64e-01	2.53e-01	1.97e-01	3.23e-01	4.23e-02	1.51e-03
 1.07071e+23	5.28e-15	5.10e-10	1.72e-06	3.89e-04	2.09e-02	1.73e-01	2.58e-01	1.97e-01	3.11e-01	3.90e-02	1.33e-03
 1.08056e+23	5.77e-15	5.85e-10	2.01e-06	4.49e-04	2.33e-02	1.85e-01	2.64e-01	1.96e-01	2.95e-01	3.50e-02	1.13e-03
 1.09053e+23	6.29e-15	6.58e-10	2.29e-06	5.04e-04	2.54e-02	1.95e-01	2.69e-01	1.95e-01	2.82e-01	3.21e-02	9.96e-04
 1.10067e+23	7.03e-15	7.67e-10	2.71e-06	5.84e-04	2.83e-02	2.08e-01	2.74e-01	1.94e-01	2.66e-01	2.86e-02	8.40e-04
 1.11099e+23	7.81e-15	8.74e-10	3.10e-06	6.58e-04	3.09e-02	2.19e-01	2.77e-01	1.92e-01	2.53e-01	2.61e-02	7.33e-04
 1.12155e+23	8.97e-15	1.04e-09	3.72e-06	7.68e-04	3.45e-02	2.33e-01	2.81e-01	1.89e-01	2.37e-01	2.31e-02	6.13e-04
 1.13235e+23	1.02e-14	1.20e-09	4.31e-06	8.70e-04	3.76e-02	2.45e-01	2.84e-01	1.87e-01	2.25e-01	2.09e-02	5.30e-04
 1.14345e+23	1.21e-14	1.46e-09	5.22e-06	1.02e-03	4.21e-02	2.61e-01	2.86e-01	1.83e-01	2.08e-01	1.83e-02	4.37e-04
 1.15479e+23	1.41e-14	1.72e-09	6.11e-06	1.16e-03	4.60e-02	2.73e-01	2.88e-01	1.79e-01	1.96e-01	1.64e-02	3.75e-04
 1.16433e+23	1.61e-14	1.99e-09	7.01e-06	1.30e-03	4.97e-02	2.84e-01	2.88e-01	1.76e-01	1.85e-01	1.49e-02	3.26e-04
 1.17463e+23	1.94e-14	2.41e-09	8.40e-06	1.50e-03	5.48e-02	2.99e-01	2.89e-01	1.71e-01	1.72e-01	1.31e-02	2.72e-04
 1.18468e+23	2.24e-14	2.78e-09	9.58e-06	1.67e-03	5.87e-02	3.09e-01	2.89e-01	1.67e-01	1.63e-01	1.19e-02	2.38e-04
 1.19440e+23	2.70e-14	3.35e-09	1.14e-05	1.91e-03	6.42e-02	3.23e-01	2.88e-01	1.62e-01	1.51e-01	1.05e-02	1.99e-04
 1.20421e+23	3.16e-14	3.90e-09	1.30e-05	2.11e-03	6.86e-02	3.33e-01	2.86e-01	1.58e-01	1.42e-01	9.50e-03	1.74e-04
 1.21415e+23	3.89e-14	4.74e-09	1.54e-05	2.42e-03	7.48e-02	3.47e-01	2.84e-01	1.52e-01	1.31e-01	8.33e-03	1.45e-04
 1.22422e+23	4.60e-14	5.54e-09	1.77e-05	2.68e-03	7.99e-02	3.57e-01	2.82e-01	1.47e-01	1.23e-01	7.51e-03	1.26e-04
 1.23448e+23	5.76e-14	6.81e-09	2.11e-05	3.06e-03	8.70e-02	3.70e-01	2.79e-01	1.41e-01	1.13e-01	6.54e-03	1.04e-04
 1.24489e+23	6.90e-14	8.01e-09	2.42e-05	3.40e-03	9.27e-02	3.81e-01	2.76e-01	1.36e-01	1.05e-01	5.87e-03	8.97e-05
 1.25550e+23	8.78e-14	9.93e-09	2.91e-05	3.89e-03	1.01e-01	3.93e-01	2.71e-01	1.30e-01	9.59e-02	5.06e-03	7.35e-05
 1.26628e+23	1.06e-13	1.18e-08	3.34e-05	4.31e-03	1.07e-01	4.03e-01	2.67e-01	1.25e-01	8.90e-02	4.52e-03	6.29e-05
 1.27730e+23	1.38e-13	1.47e-08	4.02e-05	4.93e-03	1.16e-01	4.15e-01	2.61e-01	1.18e-01	8.05e-02	3.86e-03	5.09e-05
 1.28854e+23	1.69e-13	1.75e-08	4.64e-05	5.47e-03	1.24e-01	4.24e-01	2.56e-01	1.13e-01	7.42e-02	3.42e-03	4.32e-05
 1.30008e+23	2.22e-13	2.22e-08	5.62e-05	6.28e-03	1.34e-01	4.35e-01	2.49e-01	1.06e-01	6.65e-02	2.89e-03	3.45e-05
 1.31192e+23	2.77e-13	2.67e-08	6.53e-05	6.98e-03	1.43e-01	4.43e-01	2.43e-01	1.00e-01	6.09e-02	2.53e-03	2.89e-05
 1.32416e+23	3.71e-13	3.41e-08	7.94e-05	8.02e-03	1.55e-01	4.53e-01	2.35e-01	9.36e-02	5.40e-02	2.11e-03	2.28e-05
 1.33656e+23	4.66e-13	4.12e-08	9.22e-05	8.90e-03	1.64e-01	4.60e-01	2.28e-01	8.83e-02	4.92e-02	1.84e-03	1.89e-05
 1.34918e+23	6.30e-13	5.30e-08	1.12e-04	1.02e-02	1.77e-01	4.68e-01	2.19e-01	8.16e-02	4.33e-02	1.52e-03	1.47e-05
 1.36193e+23	7.95e-13	6.41e-08	1.30e-04	1.13e-02	1.87e-01	4.73e-01	2.11e-01	7.66e-02	3.92e-02	1.32e-03	1.22e-05
 1.37487e+23	1.08e-12	8.25e-08	1.59e-04	1.29e-02	2.01e-01	4.79e-01	2.02e-01	7.03e-02	3.43e-02	1.08e-03	9.40e-06
 1.38801e+23	1.37e-12	1.00e-07	1.84e-04	1.43e-02	2.12e-01	4.82e-01	1.94e-01	6.56e-02	3.08e-02	9.27e-04	7.69e-06
 1.39956e+23	1.74e-12	1.22e-07	2.14e-04	1.58e-02	2.23e-01	4.85e-01	1.86e-01	6.12e-02	2.77e-02	7.94e-04	6.28e-06
 1.41273e+23	2.36e-12	1.55e-07	2.58e-04	1.79e-02	2.38e-01	4.87e-01	1.76e-01	5.58e-02	2.41e-02	6.50e-04	4.84e-06
 1.42616e+23	3.03e-12	1.90e-07	3.01e-04	1.99e-02	2.50e-01	4.88e-01	1.68e-01	5.16e-02	2.14e-02	5.50e-04	3.89e-06
 1.43707e+23	3.74e-12	2.25e-07	3.41e-04	2.16e-02	2.61e-01	4.87e-01	1.62e-01	4.83e-02	1.94e-02	4.77e-04	3.24e-06
 1.44840e+23	4.77e-12	2.73e-07	3.95e-04	2.38e-02	2.73e-01	4.87e-01	1.54e-01	4.46e-02	1.73e-02	4.04e-04	2.61e-06
 1.46032e+23	5.95e-12	3.26e-07	4.51e-04	2.59e-02	2.85e-01	4.85e-01	1.47e-01	4.14e-02	1.55e-02	3.47e-04	2.14e-06
 1.47125e+23	7.38e-12	3.87e-07	5.13e-04	2.82e-02	2.96e-01	4.83e-01	1.40e-01	3.85e-02	1.39e-02	2.98e-04	1.76e-06
 1.48371e+23	9.66e-12	4.79e-07	6.02e-04	3.12e-02	3.10e-01	4.79e-01	1.32e-01	3.50e-02	1.22e-02	2.46e-04	1.38e-06
 1.49651e+23	1.23e-11	5.80e-07	6.94e-04	3.41e-02	3.23e-01	4.75e-01	1.25e-01	3.22e-02	1.08e-02	2.07e-04	1.11e-06
 1.50775e+23	1.52e-11	6.86e-07	7.86e-04	3.69e-02	3.34e-01	4.70e-01	1.18e-01	2.98e-02	9.64e-03	1.78e-04	9.06e-07
 1.52036e+23	1.98e-11	8.45e-07	9.17e-04	4.07e-02	3.48e-01	4.64e-01	1.11e-01	2.70e-02	8.38e-03	1.46e-04	7.06e-07
 1.53360e+23	2.53e-11	1.03e-06	1.06e-03	4.45e-02	3.61e-01	4.58e-01	1.04e-01	2.46e-02	7.35e-03	1.22e-04	5.58e-07
 1.54561e+23	3.16e-11	1.22e-06	1.20e-03	4.82e-02	3.73e-01	4.51e-01	9.79e-02	2.26e-02	6.51e-03	1.03e-04	4.50e-07
 1.55915e+23	4.18e-11	1.52e-06	1.41e-03	5.31e-02	3.87e-01	4.42e-01	9.06e-02	2.03e-02	5.58e-03	8.31e-05	3.43e-07
 1.57313e+23	5.35e-11	1.85e-06	1.63e-03	5.79e-02	4.00e-01	4.33e-01	8.45e-02	1.83e-02	4.86e-03	6.85e-05	2.68e-07
 1.58557e+23	6.73e-11	2.21e-06	1.85e-03	6.26e-02	4.11e-01	4.24e-01	7.90e-02	1.67e-02	4.27e-03	5.73e-05	2.14e-07
 1.59966e+23	8.94e-11	2.75e-06	2.17e-03	6.89e-02	4.25e-01	4.13e-01	7.25e-02	1.48e-02	3.62e-03	4.56e-05	1.60e-07
 1.61430e+23	1.15e-10	3.36e-06	2.51e-03	7.49e-02	4.37e-01	4.02e-01	6.69e-02	1.33e-02	3.11e-03	3.71e-05	1.23e-07
 1.62747e+23	1.46e-10	4.03e-06	2.86e-03	8.09e-02	4.48e-01	3.91e-01	6.20e-02	1.20e-02	2.70e-03	3.06e-05	0.00e+00
 1.64240e+23	1.97e-10	5.09e-06	3.38e-03	8.91e-02	4.61e-01	3.77e-01	5.62e-02	1.05e-02	2.25e-03	2.38e-05	0.00e+00
 1.65779e+23	2.54e-10	6.19e-06	3.89e-03	9.66e-02	4.72e-01	3.65e-01	5.15e-02	9.41e-03	1.92e-03	1.92e-05	0.00e+00
 1.67165e+23	3.25e-10	7.48e-06	4.44e-03	1.04e-01	4.82e-01	3.52e-01	4.72e-02	8.42e-03	1.65e-03	1.56e-05	0.00e+00
 1.68754e+23	4.44e-10	9.51e-06	5.27e-03	1.15e-01	4.93e-01	3.36e-01	4.22e-02	7.28e-03	1.35e-03	1.19e-05	0.00e+00
 1.70363e+23	5.75e-10	1.16e-05	6.06e-03	1.24e-01	5.02e-01	3.23e-01	3.83e-02	6.44e-03	1.14e-03	9.45e-06	0.00e+00
 1.71786e+23	7.33e-10	1.40e-05	6.91e-03	1.33e-01	5.09e-01	3.10e-01	3.49e-02	5.72e-03	9.68e-04	7.60e-06	0.00e+00
 1.73421e+23	1.01e-09	1.78e-05	8.18e-03	1.46e-01	5.17e-01	2.92e-01	3.08e-02	4.90e-03	7.81e-04	5.69e-06	0.00e+00
 1.75077e+23	1.30e-09	2.16e-05	9.37e-03	1.57e-01	5.23e-01	2.78e-01	2.77e-02	4.31e-03	6.55e-04	4.49e-06	0.00e+00
 1.76758e+23	1.78e-09	2.74e-05	1.10e-02	1.71e-01	5.28e-01	2.61e-01	2.43e-02	3.67e-03	5.25e-04	3.34e-06	0.00e+00
 1.78475e+23	2.31e-09	3.35e-05	1.27e-02	1.83e-01	5.32e-01	2.47e-01	2.17e-02	3.20e-03	4.35e-04	2.59e-06	0.00e+00
 1.80005e+23	2.99e-09	4.07e-05	1.45e-02	1.96e-01	5.34e-01	2.33e-01	1.93e-02	2.79e-03	3.60e-04	2.02e-06	0.00e+00
 1.81759e+23	4.12e-09	5.18e-05	1.71e-02	2.13e-01	5.35e-01	2.16e-01	1.67e-02	2.34e-03	2.84e-04	1.47e-06	0.00e+00
 1.83542e+23	5.35e-09	6.30e-05	1.95e-02	2.27e-01	5.34e-01	2.03e-01	1.48e-02	2.02e-03	2.32e-04	1.13e-06	0.00e+00
 1.85361e+23	7.45e-09	8.08e-05	2.31e-02	2.45e-01	5.31e-01	1.86e-01	1.26e-02	1.67e-03	1.80e-04	8.00e-07	0.00e+00
 1.87140e+23	9.47e-09	9.67e-05	2.61e-02	2.60e-01	5.28e-01	1.74e-01	1.11e-02	1.45e-03	1.48e-04	6.20e-07	0.00e+00
 1.88866e+23	1.29e-08	1.22e-04	3.04e-02	2.78e-01	5.22e-01	1.59e-01	9.49e-03	1.21e-03	1.15e-04	4.45e-07	0.00e+00
 1.90535e+23	1.60e-08	1.43e-04	3.38e-02	2.91e-01	5.17e-01	1.49e-01	8.47e-03	1.06e-03	9.63e-05	3.51e-07	0.00e+00
 1.92128e+23	2.11e-08	1.76e-04	3.87e-02	3.09e-01	5.08e-01	1.36e-01	7.28e-03	8.91e-04	7.61e-05	2.58e-07	0.00e+00
 1.93722e+23	2.61e-08	2.05e-04	4.29e-02	3.22e-01	5.01e-01	1.27e-01	6.47e-03	7.79e-04	6.34e-05	2.03e-07	0.00e+00
 1.95318e+23	3.43e-08	2.51e-04	4.90e-02	3.40e-01	4.90e-01	1.15e-01	5.53e-03	6.51e-04	4.98e-05	1.48e-07	0.00e+00
 1.96953e+23	4.28e-08	2.96e-04	5.44e-02	3.54e-01	4.80e-01	1.06e-01	4.86e-03	5.62e-04	4.07e-05	0.00e+00	0.00e+00
 1.98637e+23	5.65e-08	3.62e-04	6.20e-02	3.71e-01	4.66e-01	9.58e-02	4.11e-03	4.65e-04	3.15e-05	0.00e+00	0.00e+00
 2.00341e+23	7.07e-08	4.26e-04	6.89e-02	3.86e-01	4.53e-01	8.77e-02	3.57e-03	3.97e-04	2.55e-05	0.00e+00	0.00e+00
 2.01842e+23	8.78e-08	4.99e-04	7.62e-02	3.99e-01	4.41e-01	8.03e-02	3.11e-03	3.40e-04	2.07e-05	0.00e+00	0.00e+00
 2.03566e+23	1.15e-07	6.09e-04	8.64e-02	4.15e-01	4.23e-01	7.14e-02	2.60e-03	2.78e-04	1.58e-05	0.00e+00	0.00e+00
 2.05237e+23	1.41e-07	7.04e-04	9.46e-02	4.27e-01	4.10e-01	6.53e-02	2.27e-03	2.38e-04	1.29e-05	0.00e+00	0.00e+00
 2.06570e+23	1.69e-07	8.03e-04	1.03e-01	4.37e-01	3.97e-01	6.01e-02	2.01e-03	2.07e-04	1.07e-05	0.00e+00	0.00e+00
 2.08036e+23	2.11e-07	9.41e-04	1.13e-01	4.49e-01	3.81e-01	5.41e-02	1.72e-03	1.74e-04	8.49e-06	0.00e+00	0.00e+00
 2.09528e+23	2.53e-07	1.07e-03	1.23e-01	4.58e-01	3.67e-01	4.94e-02	1.51e-03	1.50e-04	6.97e-06	0.00e+00	0.00e+00
 2.10849e+23	3.02e-07	1.22e-03	1.33e-01	4.66e-01	3.53e-01	4.51e-02	1.32e-03	1.29e-04	5.74e-06	0.00e+00	0.00e+00
 2.12361e+23	3.76e-07	1.42e-03	1.46e-01	4.76e-01	3.36e-01	4.01e-02	1.12e-03	1.07e-04	4.49e-06	0.00e+00	0.00e+00
 2.13892e+23	4.52e-07	1.62e-03	1.57e-01	4.82e-01	3.21e-01	3.63e-02	9.72e-04	9.13e-05	3.64e-06	0.00e+00	0.00e+00
 2.15237e+23	5.38e-07	1.83e-03	1.69e-01	4.88e-01	3.07e-01	3.29e-02	8.47e-04	7.81e-05	2.97e-06	0.00e+00	0.00e+00
 2.16775e+23	6.66e-07	2.13e-03	1.85e-01	4.94e-01	2.89e-01	2.90e-02	7.12e-04	6.40e-05	2.30e-06	0.00e+00	0.00e+00
 2.18339e+23	7.96e-07	2.42e-03	1.99e-01	4.98e-01	2.74e-01	2.60e-02	6.13e-04	5.40e-05	1.84e-06	0.00e+00	0.00e+00
 2.19726e+23	9.47e-07	2.73e-03	2.13e-01	5.01e-01	2.60e-01	2.33e-02	5.29e-04	4.56e-05	1.48e-06	0.00e+00	0.00e+00
 2.21319e+23	1.17e-06	3.17e-03	2.32e-01	5.03e-01	2.42e-01	2.02e-02	4.39e-04	3.68e-05	1.13e-06	0.00e+00	0.00e+00
 2.22927e+23	1.40e-06	3.58e-03	2.48e-01	5.03e-01	2.27e-01	1.79e-02	3.74e-04	3.07e-05	8.96e-07	0.00e+00	0.00e+00
 2.24341e+23	1.66e-06	4.02e-03	2.65e-01	5.02e-01	2.13e-01	1.59e-02	3.20e-04	2.57e-05	7.14e-07	0.00e+00	0.00e+00
 2.25965e+23	2.04e-06	4.63e-03	2.86e-01	4.99e-01	1.96e-01	1.37e-02	2.63e-04	2.04e-05	5.35e-07	0.00e+00	0.00e+00
 2.27619e+23	2.43e-06	5.22e-03	3.05e-01	4.96e-01	1.82e-01	1.20e-02	2.22e-04	1.68e-05	4.18e-07	0.00e+00	0.00e+00
 2.29310e+23	3.00e-06	6.02e-03	3.28e-01	4.89e-01	1.66e-01	1.01e-02	1.80e-04	1.31e-05	3.08e-07	0.00e+00	0.00e+00
 2.31022e+23	3.57e-06	6.77e-03	3.49e-01	4.83e-01	1.53e-01	8.78e-03	1.50e-04	1.06e-05	2.37e-07	0.00e+00	0.00e+00
 2.32761e+23	4.41e-06	7.78e-03	3.74e-01	4.73e-01	1.38e-01	7.34e-03	1.20e-04	8.19e-06	1.72e-07	0.00e+00	0.00e+00
 2.34534e+23	5.25e-06	8.74e-03	3.96e-01	4.63e-01	1.25e-01	6.28e-03	9.90e-05	6.53e-06	1.30e-07	0.00e+00	0.00e+00
 2.36350e+23	6.48e-06	1.00e-02	4.24e-01	4.50e-01	1.11e-01	5.17e-03	7.80e-05	4.93e-06	0.00e+00	0.00e+00	0.00e+00
 2.38197e+23	7.73e-06	1.13e-02	4.47e-01	4.37e-01	1.00e-01	4.36e-03	6.35e-05	3.87e-06	0.00e+00	0.00e+00	0.00e+00
 2.39838e+23	9.14e-06	1.26e-02	4.70e-01	4.24e-01	9.03e-02	3.69e-03	5.19e-05	3.05e-06	0.00e+00	0.00e+00	0.00e+00
 2.41253e+23	1.03e-05	1.36e-02	4.86e-01	4.13e-01	8.36e-02	3.26e-03	4.48e-05	2.56e-06	0.00e+00	0.00e+00	0.00e+00
 2.42622e+23	1.20e-05	1.49e-02	5.07e-01	4.00e-01	7.55e-02	2.78e-03	3.70e-05	2.04e-06	0.00e+00	0.00e+00	0.00e+00
 2.44013e+23	1.35e-05	1.62e-02	5.24e-01	3.88e-01	6.92e-02	2.43e-03	3.15e-05	1.68e-06	0.00e+00	0.00e+00	0.00e+00
 2.45434e+23	1.58e-05	1.78e-02	5.45e-01	3.73e-01	6.19e-02	2.05e-03	2.59e-05	1.33e-06	0.00e+00	0.00e+00	0.00e+00
 2.46871e+23	1.78e-05	1.92e-02	5.62e-01	3.61e-01	5.64e-02	1.78e-03	2.19e-05	1.09e-06	0.00e+00	0.00e+00	0.00e+00
 2.48329e+23	2.08e-05	2.12e-02	5.83e-01	3.44e-01	5.00e-02	1.48e-03	1.77e-05	8.42e-07	0.00e+00	0.00e+00	0.00e+00
 2.49797e+23	2.34e-05	2.28e-02	5.99e-01	3.31e-01	4.53e-02	1.28e-03	1.49e-05	6.85e-07	0.00e+00	0.00e+00	0.00e+00
 2.51278e+23	2.72e-05	2.50e-02	6.19e-01	3.15e-01	3.99e-02	1.06e-03	1.20e-05	5.28e-07	0.00e+00	0.00e+00	0.00e+00
 2.52790e+23	3.07e-05	2.70e-02	6.35e-01	3.01e-01	3.58e-02	9.06e-04	1.00e-05	4.23e-07	0.00e+00	0.00e+00	0.00e+00
 2.54341e+23	3.58e-05	2.96e-02	6.55e-01	2.84e-01	3.11e-02	7.40e-04	7.93e-06	3.19e-07	0.00e+00	0.00e+00	0.00e+00
 2.55909e+23	4.05e-05	3.19e-02	6.70e-01	2.70e-01	2.77e-02	6.26e-04	6.55e-06	2.53e-07	0.00e+00	0.00e+00	0.00e+00
 2.57500e+23	4.73e-05	3.50e-02	6.89e-01	2.52e-01	2.38e-02	5.05e-04	5.12e-06	1.88e-07	0.00e+00	0.00e+00	0.00e+00
 2.59109e+23	5.34e-05	3.77e-02	7.03e-01	2.38e-01	2.11e-02	4.25e-04	4.20e-06	1.48e-07	0.00e+00	0.00e+00	0.00e+00
 2.60741e+23	6.21e-05	4.11e-02	7.19e-01	2.21e-01	1.80e-02	3.41e-04	3.27e-06	0.00e+00	0.00e+00	0.00e+00	0.00e+00
 2.62430e+23	7.10e-05	4.45e-02	7.33e-01	2.07e-01	1.56e-02	2.80e-04	2.62e-06	0.00e+00	0.00e+00	0.00e+00	0.00e+00
 2.64193e+23	8.36e-05	4.89e-02	7.48e-01	1.90e-01	1.30e-02	2.19e-04	1.98e-06	0.00e+00	0.00e+00	0.00e+00	0.00e+00
 2.65967e+23	9.54e-05	5.28e-02	7.59e-01	1.76e-01	1.12e-02	1.79e-04	1.57e-06	0.00e+00	0.00e+00	0.00e+00	0.00e+00
 2.67757e+23	1.12e-04	5.79e-02	7.72e-01	1.60e-01	9.26e-03	1.38e-04	1.17e-06	0.00e+00	0.00e+00	0.00e+00	0.00e+00
 2.69558e+23	1.28e-04	6.25e-02	7.82e-01	1.48e-01	7.91e-03	1.12e-04	9.22e-07	0.00e+00	0.00e+00	0.00e+00	0.00e+00
 2.71376e+23	1.51e-04	6.85e-02	7.92e-01	1.33e-01	6.45e-03	8.56e-05	6.80e-07	0.00e+00	0.00e+00	0.00e+00	0.00e+00
 2.73205e+23	1.73e-04	7.39e-02	7.99e-01	1.22e-01	5.46e-03	6.89e-05	5.31e-07	0.00e+00	0.00e+00	0.00e+00	0.00e+00
 2.75051e+23	2.05e-04	8.10e-02	8.06e-01	1.08e-01	4.39e-03	5.19e-05	3.85e-07	0.00e+00	0.00e+00	0.00e+00	0.00e+00
 2.76895e+23	2.34e-04	8.72e-02	8.10e-01	9.87e-02	3.69e-03	4.16e-05	2.99e-07	0.00e+00	0.00e+00	0.00e+00	0.00e+00
 2.78734e+23	2.77e-04	9.53e-02	8.14e-01	8.71e-02	2.94e-03	3.13e-05	2.16e-07	0.00e+00	0.00e+00	0.00e+00	0.00e+00
 2.80589e+23	3.19e-04	1.03e-01	8.16e-01	7.84e-02	2.44e-03	2.47e-05	1.64e-07	0.00e+00	0.00e+00	0.00e+00	0.00e+00
 2.82465e+23	3.80e-04	1.13e-01	8.17e-01	6.83e-02	1.91e-03	1.82e-05	0.00e+00	0.00e+00	0.00e+00	0.00e+00	0.00e+00
 2.84346e+23	4.39e-04	1.21e-01	8.16e-01	6.08e-02	1.57e-03	1.42e-05	0.00e+00	0.00e+00	0.00e+00	0.00e+00	0.00e+00
 2.86232e+23	5.28e-04	1.33e-01	8.13e-01	5.21e-02	1.20e-03	1.03e-05	0.00e+00	0.00e+00	0.00e+00	0.00e+00	0.00e+00
 2.88119e+23	6.13e-04	1.44e-01	8.09e-01	4.58e-02	9.74e-04	7.95e-06	0.00e+00	0.00e+00	0.00e+00	0.00e+00	0.00e+00
 2.90006e+23	7.36e-04	1.57e-01	8.03e-01	3.87e-02	7.40e-04	5.69e-06	0.00e+00	0.00e+00	0.00e+00	0.00e+00	0.00e+00
 2.91914e+23	8.61e-04	1.69e-01	7.96e-01	3.34e-02	5.86e-04	4.28e-06	0.00e+00	0.00e+00	0.00e+00	0.00e+00	0.00e+00
 2.93850e+23	1.05e-03	1.86e-01	7.85e-01	2.75e-02	4.31e-04	2.94e-06	0.00e+00	0.00e+00	0.00e+00	0.00e+00	0.00e+00
 2.95800e+23	1.24e-03	2.01e-01	7.74e-01	2.32e-02	3.33e-04	2.15e-06	0.00e+00	0.00e+00	0.00e+00	0.00e+00	0.00e+00
 2.97771e+23	1.51e-03	2.20e-01	7.60e-01	1.86e-02	2.40e-04	1.43e-06	0.00e+00	0.00e+00	0.00e+00	0.00e+00	0.00e+00
 2.99766e+23	1.81e-03	2.38e-01	7.45e-01	1.51e-02	1.79e-04	9.90e-07	0.00e+00	0.00e+00	0.00e+00	0.00e+00	0.00e+00
 3.01270e+23	2.06e-03	2.51e-01	7.34e-01	1.28e-02	1.43e-04	7.45e-07	0.00e+00	0.00e+00	0.00e+00	0.00e+00	0.00e+00
 3.02701e+23	2.39e-03	2.67e-01	7.20e-01	1.05e-02	1.10e-04	5.28e-07	0.00e+00	0.00e+00	0.00e+00	0.00e+00	0.00e+00
 3.04231e+23	2.77e-03	2.83e-01	7.05e-01	8.60e-03	8.45e-05	3.71e-07	0.00e+00	0.00e+00	0.00e+00	0.00e+00	0.00e+00
 3.05642e+23	3.19e-03	2.99e-01	6.91e-01	6.99e-03	6.52e-05	2.59e-07	0.00e+00	0.00e+00	0.00e+00	0.00e+00	0.00e+00
 3.07227e+23	3.81e-03	3.19e-01	6.72e-01	5.31e-03	4.67e-05	1.61e-07	0.00e+00	0.00e+00	0.00e+00	0.00e+00	0.00e+00
 3.08345e+23	4.15e-03	3.27e-01	6.65e-01	4.56e-03	3.91e-05	0.00e+00	0.00e+00	0.00e+00	0.00e+00	0.00e+00	0.00e+00
