#depth	N	N+	N+2	N+3	N+4	N+5	N+6	N+7
 4.62852e+21	2.19e-28	8.39e-22	8.43e-17	9.58e-13	3.71e-09	2.42e-05	9.38e-03	9.91e-01
 1.05387e+22	3.45e-27	8.39e-21	5.46e-16	4.10e-12	1.04e-08	5.24e-05	1.43e-02	9.86e-01
 1.25444e+22	1.83e-26	3.35e-20	1.66e-15	9.58e-12	1.86e-08	8.28e-05	1.84e-02	9.81e-01
 1.36303e+22	4.37e-26	6.89e-20	2.96e-15	1.49e-11	2.50e-08	1.05e-04	2.10e-02	9.79e-01
 1.40828e+22	5.51e-26	8.34e-20	3.44e-15	1.67e-11	2.70e-08	1.12e-04	2.17e-02	9.78e-01
 1.42610e+22	6.92e-26	1.01e-19	4.01e-15	1.87e-11	2.92e-08	1.19e-04	2.25e-02	9.77e-01
 1.44629e+22	9.05e-26	1.26e-19	4.79e-15	2.15e-11	3.20e-08	1.28e-04	2.34e-02	9.76e-01
 1.46739e+22	1.15e-25	1.53e-19	5.61e-15	2.42e-11	3.47e-08	1.36e-04	2.42e-02	9.76e-01
 1.48968e+22	1.57e-25	1.99e-19	6.92e-15	2.84e-11	3.86e-08	1.48e-04	2.54e-02	9.74e-01
 1.51187e+22	2.00e-25	2.44e-19	8.14e-15	3.21e-11	4.21e-08	1.58e-04	2.63e-02	9.74e-01
 1.53057e+22	2.56e-25	2.99e-19	9.59e-15	3.63e-11	4.56e-08	1.69e-04	2.72e-02	9.73e-01
 1.54814e+22	3.21e-25	3.60e-19	1.11e-14	4.07e-11	4.92e-08	1.79e-04	2.81e-02	9.72e-01
 1.56761e+22	4.25e-25	4.55e-19	1.34e-14	4.70e-11	5.42e-08	1.93e-04	2.93e-02	9.71e-01
 1.58762e+22	5.49e-25	5.62e-19	1.59e-14	5.34e-11	5.90e-08	2.07e-04	3.04e-02	9.69e-01
 1.60378e+22	6.71e-25	6.64e-19	1.82e-14	5.92e-11	6.32e-08	2.18e-04	3.12e-02	9.69e-01
 1.62021e+22	8.62e-25	8.18e-19	2.16e-14	6.72e-11	6.88e-08	2.33e-04	3.24e-02	9.67e-01
 1.63605e+22	1.04e-24	9.60e-19	2.45e-14	7.41e-11	7.34e-08	2.45e-04	3.32e-02	9.67e-01
 1.64899e+22	1.26e-24	1.13e-18	2.78e-14	8.17e-11	7.83e-08	2.57e-04	3.41e-02	9.66e-01
 1.66170e+22	1.52e-24	1.31e-18	3.15e-14	8.96e-11	8.33e-08	2.70e-04	3.50e-02	9.65e-01
 1.67408e+22	1.80e-24	1.51e-18	3.53e-14	9.78e-11	8.83e-08	2.82e-04	3.58e-02	9.64e-01
 1.68801e+22	2.26e-24	1.82e-18	4.11e-14	1.10e-10	9.55e-08	3.00e-04	3.69e-02	9.63e-01
 1.70195e+22	2.72e-24	2.13e-18	4.67e-14	1.21e-10	1.02e-07	3.14e-04	3.79e-02	9.62e-01
 1.71396e+22	3.27e-24	2.49e-18	5.28e-14	1.33e-10	1.08e-07	3.30e-04	3.88e-02	9.61e-01
 1.72535e+22	3.90e-24	2.88e-18	5.94e-14	1.45e-10	1.15e-07	3.44e-04	3.97e-02	9.60e-01
 1.73624e+22	4.62e-24	3.32e-18	6.67e-14	1.59e-10	1.22e-07	3.60e-04	4.06e-02	9.59e-01
 1.74876e+22	5.77e-24	3.99e-18	7.75e-14	1.78e-10	1.32e-07	3.81e-04	4.18e-02	9.58e-01
 1.76136e+22	6.88e-24	4.63e-18	8.73e-14	1.95e-10	1.40e-07	3.98e-04	4.28e-02	9.57e-01
 1.77408e+22	8.76e-24	5.67e-18	1.03e-13	2.21e-10	1.52e-07	4.23e-04	4.42e-02	9.55e-01
 1.78665e+22	1.05e-23	6.58e-18	1.16e-13	2.42e-10	1.62e-07	4.43e-04	4.52e-02	9.54e-01
 1.79701e+22	1.26e-23	7.67e-18	1.31e-13	2.66e-10	1.72e-07	4.63e-04	4.62e-02	9.53e-01
 1.80672e+22	1.49e-23	8.84e-18	1.48e-13	2.90e-10	1.82e-07	4.83e-04	4.72e-02	9.52e-01
 1.81763e+22	1.84e-23	1.06e-17	1.71e-13	3.24e-10	1.96e-07	5.09e-04	4.85e-02	9.51e-01
 1.82886e+22	2.24e-23	1.24e-17	1.95e-13	3.59e-10	2.10e-07	5.33e-04	4.96e-02	9.50e-01
 1.83865e+22	2.65e-23	1.43e-17	2.18e-13	3.92e-10	2.22e-07	5.56e-04	5.07e-02	9.49e-01
 1.84954e+22	3.38e-23	1.76e-17	2.58e-13	4.45e-10	2.42e-07	5.89e-04	5.22e-02	9.47e-01
 1.86045e+22	4.07e-23	2.06e-17	2.94e-13	4.90e-10	2.58e-07	6.16e-04	5.34e-02	9.46e-01
 1.87138e+22	5.21e-23	2.54e-17	3.48e-13	5.58e-10	2.81e-07	6.54e-04	5.49e-02	9.44e-01
 1.88249e+22	6.39e-23	3.01e-17	4.00e-13	6.21e-10	3.02e-07	6.86e-04	5.63e-02	9.43e-01
 1.89203e+22	7.69e-23	3.52e-17	4.55e-13	6.84e-10	3.22e-07	7.17e-04	5.75e-02	9.42e-01
 1.90263e+22	1.01e-22	4.45e-17	5.50e-13	7.91e-10	3.55e-07	7.64e-04	5.93e-02	9.40e-01
 1.91303e+22	1.22e-22	5.19e-17	6.24e-13	8.70e-10	3.78e-07	7.98e-04	6.06e-02	9.39e-01
 1.92317e+22	1.59e-22	6.52e-17	7.52e-13	1.00e-09	4.15e-07	8.49e-04	6.24e-02	9.37e-01
 1.93312e+22	1.90e-22	7.58e-17	8.51e-13	1.10e-09	4.43e-07	8.85e-04	6.37e-02	9.35e-01
 1.94283e+22	2.51e-22	9.57e-17	1.03e-12	1.28e-09	4.87e-07	9.42e-04	6.57e-02	9.33e-01
 1.95251e+22	3.03e-22	1.13e-16	1.18e-12	1.41e-09	5.21e-07	9.84e-04	6.71e-02	9.32e-01
 1.96217e+22	4.02e-22	1.43e-16	1.43e-12	1.64e-09	5.75e-07	1.05e-03	6.92e-02	9.30e-01
 1.97190e+22	4.94e-22	1.70e-16	1.65e-12	1.83e-09	6.19e-07	1.10e-03	7.07e-02	9.28e-01
 1.98172e+22	6.65e-22	2.19e-16	2.03e-12	2.14e-09	6.87e-07	1.17e-03	7.30e-02	9.26e-01
 1.99162e+22	8.24e-22	2.63e-16	2.36e-12	2.40e-09	7.42e-07	1.23e-03	7.47e-02	9.24e-01
 2.00162e+22	1.11e-21	3.39e-16	2.90e-12	2.81e-09	8.24e-07	1.32e-03	7.71e-02	9.22e-01
 2.01153e+22	1.39e-21	4.11e-16	3.40e-12	3.17e-09	8.93e-07	1.38e-03	7.90e-02	9.20e-01
 2.02132e+22	1.87e-21	5.30e-16	4.19e-12	3.72e-09	9.93e-07	1.48e-03	8.15e-02	9.17e-01
 2.03131e+22	2.39e-21	6.51e-16	4.97e-12	4.23e-09	1.08e-06	1.56e-03	8.36e-02	9.15e-01
 2.04156e+22	3.29e-21	8.56e-16	6.23e-12	5.02e-09	1.21e-06	1.67e-03	8.64e-02	9.12e-01
 2.05187e+22	4.22e-21	1.06e-15	7.42e-12	5.74e-09	1.33e-06	1.77e-03	8.87e-02	9.10e-01
 2.06225e+22	5.87e-21	1.40e-15	9.35e-12	6.84e-09	1.49e-06	1.90e-03	9.18e-02	9.06e-01
 2.07269e+22	7.55e-21	1.74e-15	1.12e-11	7.83e-09	1.63e-06	2.01e-03	9.42e-02	9.04e-01
 2.08173e+22	9.69e-21	2.15e-15	1.33e-11	8.95e-09	1.79e-06	2.13e-03	9.67e-02	9.01e-01
 2.09200e+22	1.33e-20	2.83e-15	1.67e-11	1.06e-08	2.01e-06	2.28e-03	1.00e-01	8.98e-01
 2.10225e+22	1.70e-20	3.49e-15	1.98e-11	1.21e-08	2.19e-06	2.41e-03	1.03e-01	8.95e-01
 2.11250e+22	2.35e-20	4.59e-15	2.49e-11	1.44e-08	2.46e-06	2.59e-03	1.06e-01	8.91e-01
 2.12286e+22	2.98e-20	5.62e-15	2.94e-11	1.64e-08	2.68e-06	2.73e-03	1.09e-01	8.89e-01
 2.13336e+22	4.07e-20	7.35e-15	3.67e-11	1.94e-08	3.01e-06	2.93e-03	1.12e-01	8.85e-01
 2.14414e+22	5.23e-20	9.11e-15	4.39e-11	2.23e-08	3.30e-06	3.10e-03	1.15e-01	8.82e-01
 2.15528e+22	7.24e-20	1.20e-14	5.52e-11	2.66e-08	3.71e-06	3.34e-03	1.19e-01	8.77e-01
 2.16662e+22	9.26e-20	1.49e-14	6.57e-11	3.04e-08	4.07e-06	3.53e-03	1.22e-01	8.74e-01
 2.17824e+22	1.28e-19	1.95e-14	8.26e-11	3.62e-08	4.58e-06	3.80e-03	1.27e-01	8.70e-01
 2.19008e+22	1.63e-19	2.42e-14	9.85e-11	4.14e-08	5.03e-06	4.03e-03	1.30e-01	8.66e-01
 2.20220e+22	2.25e-19	3.18e-14	1.24e-10	4.94e-08	5.67e-06	4.34e-03	1.34e-01	8.61e-01
 2.21438e+22	2.85e-19	3.90e-14	1.47e-10	5.63e-08	6.20e-06	4.59e-03	1.38e-01	8.57e-01
 2.22666e+22	3.88e-19	5.08e-14	1.82e-10	6.67e-08	6.96e-06	4.93e-03	1.43e-01	8.53e-01
 2.23925e+22	4.93e-19	6.24e-14	2.17e-10	7.61e-08	7.63e-06	5.22e-03	1.46e-01	8.49e-01
 2.25020e+22	6.16e-19	7.56e-14	2.54e-10	8.61e-08	8.31e-06	5.51e-03	1.50e-01	8.45e-01
 2.26240e+22	8.24e-19	9.70e-14	3.13e-10	1.01e-07	9.29e-06	5.90e-03	1.55e-01	8.40e-01
 2.27461e+22	1.01e-18	1.16e-13	3.63e-10	1.14e-07	1.01e-05	6.21e-03	1.58e-01	8.36e-01
 2.28685e+22	1.34e-18	1.47e-13	4.43e-10	1.33e-07	1.12e-05	6.64e-03	1.63e-01	8.30e-01
 2.29938e+22	1.66e-18	1.77e-13	5.17e-10	1.49e-07	1.22e-05	6.99e-03	1.67e-01	8.26e-01
 2.31048e+22	2.04e-18	2.12e-13	6.00e-10	1.68e-07	1.32e-05	7.36e-03	1.71e-01	8.22e-01
 2.32310e+22	2.69e-18	2.69e-13	7.32e-10	1.96e-07	1.47e-05	7.87e-03	1.76e-01	8.16e-01
 2.33564e+22	3.25e-18	3.16e-13	8.39e-10	2.18e-07	1.59e-05	8.24e-03	1.79e-01	8.12e-01
 2.34810e+22	4.23e-18	3.96e-13	1.01e-09	2.53e-07	1.76e-05	8.79e-03	1.84e-01	8.07e-01
 2.36080e+22	5.12e-18	4.67e-13	1.16e-09	2.82e-07	1.90e-05	9.22e-03	1.88e-01	8.02e-01
 2.37381e+22	6.65e-18	5.85e-13	1.41e-09	3.27e-07	2.11e-05	9.84e-03	1.94e-01	7.96e-01
 2.38707e+22	8.09e-18	6.93e-13	1.62e-09	3.65e-07	2.28e-05	1.03e-02	1.98e-01	7.92e-01
 2.40065e+22	1.05e-17	8.69e-13	1.96e-09	4.24e-07	2.53e-05	1.10e-02	2.04e-01	7.85e-01
 2.41448e+22	1.28e-17	1.03e-12	2.25e-09	4.74e-07	2.74e-05	1.16e-02	2.08e-01	7.80e-01
 2.42863e+22	1.67e-17	1.29e-12	2.73e-09	5.51e-07	3.04e-05	1.24e-02	2.14e-01	7.74e-01
 2.44246e+22	1.98e-17	1.50e-12	3.09e-09	6.08e-07	3.26e-05	1.29e-02	2.18e-01	7.69e-01
 2.45587e+22	2.54e-17	1.86e-12	3.70e-09	7.01e-07	3.61e-05	1.38e-02	2.24e-01	7.62e-01
 2.46949e+22	3.02e-17	2.15e-12	4.19e-09	7.74e-07	3.87e-05	1.44e-02	2.28e-01	7.57e-01
 2.48336e+22	3.83e-17	2.65e-12	4.99e-09	8.88e-07	4.27e-05	1.53e-02	2.34e-01	7.51e-01
 2.49767e+22	4.64e-17	3.13e-12	5.74e-09	9.92e-07	4.62e-05	1.61e-02	2.39e-01	7.45e-01
 2.51252e+22	5.89e-17	3.84e-12	6.82e-09	1.14e-06	5.09e-05	1.71e-02	2.45e-01	7.38e-01
 2.52786e+22	7.21e-17	4.57e-12	7.89e-09	1.28e-06	5.53e-05	1.80e-02	2.50e-01	7.32e-01
 2.54381e+22	9.23e-17	5.65e-12	9.44e-09	1.47e-06	6.12e-05	1.91e-02	2.57e-01	7.24e-01
 2.56018e+22	1.13e-16	6.75e-12	1.10e-08	1.66e-06	6.67e-05	2.02e-02	2.63e-01	7.17e-01
 2.57710e+22	1.46e-16	8.40e-12	1.32e-08	1.92e-06	7.40e-05	2.15e-02	2.69e-01	7.09e-01
 2.59455e+22	1.80e-16	1.01e-11	1.54e-08	2.17e-06	8.09e-05	2.27e-02	2.75e-01	7.02e-01
 2.61271e+22	2.34e-16	1.27e-11	1.86e-08	2.53e-06	9.01e-05	2.43e-02	2.83e-01	6.93e-01
 2.63145e+22	2.93e-16	1.54e-11	2.19e-08	2.88e-06	9.89e-05	2.57e-02	2.89e-01	6.85e-01
 2.64841e+22	3.64e-16	1.85e-11	2.56e-08	3.26e-06	1.08e-04	2.72e-02	2.96e-01	6.77e-01
 2.66788e+22	4.78e-16	2.34e-11	3.13e-08	3.82e-06	1.21e-04	2.91e-02	3.04e-01	6.67e-01
 2.68772e+22	5.99e-16	2.85e-11	3.68e-08	4.35e-06	1.33e-04	3.08e-02	3.11e-01	6.58e-01
 2.70806e+22	7.93e-16	3.63e-11	4.52e-08	5.12e-06	1.49e-04	3.31e-02	3.19e-01	6.48e-01
 2.72867e+22	9.98e-16	4.43e-11	5.34e-08	5.86e-06	1.64e-04	3.51e-02	3.26e-01	6.39e-01
 2.74964e+22	1.34e-15	5.70e-11	6.60e-08	6.93e-06	1.85e-04	3.78e-02	3.35e-01	6.27e-01
 2.77082e+22	1.68e-15	6.96e-11	7.82e-08	7.94e-06	2.04e-04	4.00e-02	3.42e-01	6.17e-01
 2.79229e+22	2.28e-15	9.05e-11	9.76e-08	9.47e-06	2.32e-04	4.32e-02	3.52e-01	6.05e-01
 2.81387e+22	2.87e-15	1.10e-10	1.15e-07	1.08e-05	2.55e-04	4.58e-02	3.59e-01	5.95e-01
 2.83179e+22	3.54e-15	1.32e-10	1.35e-07	1.22e-05	2.78e-04	4.82e-02	3.66e-01	5.86e-01
 2.85130e+22	4.67e-15	1.68e-10	1.65e-07	1.44e-05	3.13e-04	5.17e-02	3.75e-01	5.73e-01
 2.87074e+22	5.74e-15	2.01e-10	1.92e-07	1.62e-05	3.41e-04	5.44e-02	3.81e-01	5.64e-01
 2.89010e+22	7.56e-15	2.55e-10	2.35e-07	1.91e-05	3.83e-04	5.83e-02	3.90e-01	5.52e-01
 2.90968e+22	9.34e-15	3.07e-10	2.74e-07	2.17e-05	4.18e-04	6.14e-02	3.96e-01	5.42e-01
 2.92958e+22	1.24e-14	3.93e-10	3.38e-07	2.57e-05	4.72e-04	6.59e-02	4.05e-01	5.28e-01
 2.94970e+22	1.54e-14	4.74e-10	3.97e-07	2.92e-05	5.17e-04	6.95e-02	4.12e-01	5.18e-01
 2.97014e+22	2.05e-14	6.09e-10	4.91e-07	3.47e-05	5.85e-04	7.47e-02	4.21e-01	5.03e-01
 2.99096e+22	2.58e-14	7.44e-10	5.83e-07	3.98e-05	6.46e-04	7.91e-02	4.28e-01	4.92e-01
 3.01230e+22	3.48e-14	9.66e-10	7.28e-07	4.78e-05	7.36e-04	8.53e-02	4.37e-01	4.76e-01
 3.03402e+22	4.41e-14	1.19e-09	8.70e-07	5.52e-05	8.16e-04	9.05e-02	4.45e-01	4.64e-01
 3.05626e+22	5.99e-14	1.55e-09	1.10e-06	6.68e-05	9.36e-04	9.77e-02	4.54e-01	4.48e-01
 3.07875e+22	7.60e-14	1.91e-09	1.31e-06	7.76e-05	1.04e-03	1.04e-01	4.61e-01	4.35e-01
 3.09777e+22	9.44e-14	2.32e-09	1.55e-06	8.89e-05	1.15e-03	1.10e-01	4.67e-01	4.22e-01
 3.11856e+22	1.24e-13	2.95e-09	1.91e-06	1.06e-04	1.31e-03	1.18e-01	4.74e-01	4.07e-01
 3.13941e+22	1.54e-13	3.56e-09	2.26e-06	1.22e-04	1.44e-03	1.24e-01	4.80e-01	3.94e-01
 3.15979e+22	1.98e-13	4.47e-09	2.75e-06	1.44e-04	1.63e-03	1.33e-01	4.86e-01	3.79e-01
 3.18057e+22	2.45e-13	5.39e-09	3.25e-06	1.66e-04	1.80e-03	1.41e-01	4.91e-01	3.66e-01
 3.20100e+22	3.11e-13	6.67e-09	3.93e-06	1.95e-04	2.03e-03	1.50e-01	4.96e-01	3.52e-01
 3.22185e+22	3.84e-13	8.06e-09	4.65e-06	2.25e-04	2.26e-03	1.58e-01	5.01e-01	3.38e-01
 3.24230e+22	4.76e-13	9.79e-09	5.54e-06	2.62e-04	2.52e-03	1.68e-01	5.05e-01	3.24e-01
 3.26295e+22	5.83e-13	1.18e-08	6.54e-06	3.04e-04	2.81e-03	1.78e-01	5.08e-01	3.11e-01
 3.28334e+22	7.10e-13	1.41e-08	7.70e-06	3.51e-04	3.12e-03	1.88e-01	5.11e-01	2.98e-01
 3.30368e+22	8.57e-13	1.67e-08	9.03e-06	4.03e-04	3.47e-03	1.98e-01	5.13e-01	2.85e-01
 3.32405e+22	1.03e-12	1.98e-08	1.06e-05	4.64e-04	3.85e-03	2.09e-01	5.15e-01	2.72e-01
 3.34448e+22	1.23e-12	2.34e-08	1.23e-05	5.32e-04	4.26e-03	2.20e-01	5.16e-01	2.60e-01
 3.36499e+22	1.46e-12	2.74e-08	1.43e-05	6.09e-04	4.71e-03	2.31e-01	5.16e-01	2.48e-01
 3.38567e+22	1.72e-12	3.21e-08	1.65e-05	6.96e-04	5.21e-03	2.43e-01	5.16e-01	2.36e-01
 3.40654e+22	2.03e-12	3.73e-08	1.91e-05	7.95e-04	5.76e-03	2.55e-01	5.15e-01	2.24e-01
 3.42754e+22	2.36e-12	4.33e-08	2.20e-05	9.04e-04	6.35e-03	2.67e-01	5.13e-01	2.13e-01
 3.44885e+22	2.76e-12	5.01e-08	2.53e-05	1.03e-03	7.01e-03	2.80e-01	5.11e-01	2.01e-01
 3.47037e+22	3.19e-12	5.76e-08	2.90e-05	1.17e-03	7.72e-03	2.92e-01	5.08e-01	1.91e-01
 3.49233e+22	3.77e-12	6.65e-08	3.33e-05	1.33e-03	8.52e-03	3.06e-01	5.05e-01	1.80e-01
 3.51466e+22	4.34e-12	7.61e-08	3.80e-05	1.50e-03	9.36e-03	3.19e-01	5.00e-01	1.70e-01
 3.53509e+22	4.87e-12	8.51e-08	4.24e-05	1.66e-03	1.01e-02	3.30e-01	4.96e-01	1.61e-01
 3.55645e+22	5.60e-12	9.76e-08	4.85e-05	1.89e-03	1.12e-02	3.45e-01	4.91e-01	1.51e-01
 3.57813e+22	6.27e-12	1.09e-07	5.41e-05	2.09e-03	1.21e-02	3.57e-01	4.86e-01	1.43e-01
 3.60042e+22	7.21e-12	1.25e-07	6.19e-05	2.38e-03	1.33e-02	3.72e-01	4.79e-01	1.34e-01
 3.62280e+22	8.01e-12	1.38e-07	6.87e-05	2.62e-03	1.44e-02	3.83e-01	4.73e-01	1.27e-01
 3.64530e+22	9.13e-12	1.58e-07	7.83e-05	2.97e-03	1.58e-02	3.98e-01	4.65e-01	1.18e-01
 3.66787e+22	1.01e-11	1.74e-07	8.66e-05	3.25e-03	1.70e-02	4.10e-01	4.59e-01	1.11e-01
 3.69052e+22	1.15e-11	1.98e-07	9.83e-05	3.66e-03	1.86e-02	4.25e-01	4.50e-01	1.03e-01
 3.71341e+22	1.27e-11	2.18e-07	1.08e-04	4.01e-03	2.00e-02	4.36e-01	4.42e-01	9.76e-02
 3.73660e+22	1.43e-11	2.47e-07	1.23e-04	4.50e-03	2.19e-02	4.51e-01	4.32e-01	9.03e-02
 3.76008e+22	1.58e-11	2.72e-07	1.36e-04	4.92e-03	2.34e-02	4.62e-01	4.25e-01	8.49e-02
 3.78393e+22	1.78e-11	3.07e-07	1.53e-04	5.52e-03	2.56e-02	4.77e-01	4.14e-01	7.83e-02
 3.80822e+22	1.97e-11	3.39e-07	1.69e-04	6.03e-03	2.74e-02	4.88e-01	4.05e-01	7.34e-02
 3.83307e+22	2.23e-11	3.84e-07	1.92e-04	6.75e-03	3.00e-02	5.02e-01	3.94e-01	6.73e-02
 3.85847e+22	2.47e-11	4.25e-07	2.13e-04	7.38e-03	3.21e-02	5.13e-01	3.84e-01	6.28e-02
 3.88459e+22	2.80e-11	4.82e-07	2.42e-04	8.28e-03	3.50e-02	5.27e-01	3.72e-01	5.73e-02
 3.91124e+22	3.12e-11	5.35e-07	2.69e-04	9.06e-03	3.75e-02	5.38e-01	3.62e-01	5.32e-02
 3.93374e+22	3.42e-11	5.86e-07	2.95e-04	9.80e-03	3.98e-02	5.47e-01	3.53e-01	4.98e-02
 3.95812e+22	3.83e-11	6.59e-07	3.31e-04	1.08e-02	4.30e-02	5.59e-01	3.41e-01	4.56e-02
 3.98182e+22	4.18e-11	7.18e-07	3.61e-04	1.16e-02	4.54e-02	5.67e-01	3.33e-01	4.28e-02
 4.00462e+22	4.63e-11	7.97e-07	4.02e-04	1.27e-02	4.87e-02	5.77e-01	3.22e-01	3.93e-02
 4.02764e+22	5.09e-11	8.72e-07	4.38e-04	1.37e-02	5.12e-02	5.84e-01	3.14e-01	3.69e-02
 4.05096e+22	5.67e-11	9.71e-07	4.89e-04	1.50e-02	5.48e-02	5.93e-01	3.03e-01	3.38e-02
 4.07460e+22	6.24e-11	1.06e-06	5.34e-04	1.60e-02	5.77e-02	6.00e-01	2.94e-01	3.16e-02
 4.09868e+22	6.96e-11	1.19e-06	5.98e-04	1.76e-02	6.18e-02	6.08e-01	2.83e-01	2.88e-02
 4.12310e+22	7.70e-11	1.31e-06	6.55e-04	1.88e-02	6.49e-02	6.14e-01	2.74e-01	2.69e-02
 4.14796e+22	8.64e-11	1.47e-06	7.35e-04	2.06e-02	6.94e-02	6.22e-01	2.63e-01	2.44e-02
 4.17326e+22	9.58e-11	1.62e-06	8.07e-04	2.21e-02	7.30e-02	6.27e-01	2.54e-01	2.27e-02
 4.19911e+22	1.08e-10	1.83e-06	9.10e-04	2.42e-02	7.80e-02	6.33e-01	2.43e-01	2.05e-02
 4.22561e+22	1.21e-10	2.03e-06	1.00e-03	2.61e-02	8.21e-02	6.38e-01	2.34e-01	1.89e-02
 4.25295e+22	1.38e-10	2.31e-06	1.14e-03	2.86e-02	8.78e-02	6.43e-01	2.23e-01	1.70e-02
 4.28100e+22	1.55e-10	2.58e-06	1.26e-03	3.09e-02	9.24e-02	6.46e-01	2.14e-01	1.56e-02
 4.30996e+22	1.79e-10	2.96e-06	1.44e-03	3.40e-02	9.88e-02	6.50e-01	2.02e-01	1.39e-02
 4.33915e+22	2.04e-10	3.33e-06	1.60e-03	3.66e-02	1.04e-01	6.52e-01	1.94e-01	1.27e-02
 4.36866e+22	2.35e-10	3.82e-06	1.83e-03	4.02e-02	1.11e-01	6.53e-01	1.83e-01	1.12e-02
 4.39846e+22	2.68e-10	4.31e-06	2.04e-03	4.33e-02	1.16e-01	6.54e-01	1.74e-01	1.03e-02
 4.42865e+22	3.12e-10	4.98e-06	2.34e-03	4.76e-02	1.24e-01	6.54e-01	1.64e-01	9.05e-03
 4.45933e+22	3.58e-10	5.64e-06	2.62e-03	5.13e-02	1.30e-01	6.53e-01	1.56e-01	8.21e-03
 4.48644e+22	4.06e-10	6.34e-06	2.91e-03	5.51e-02	1.36e-01	6.51e-01	1.48e-01	7.43e-03
 4.51743e+22	4.81e-10	7.40e-06	3.35e-03	6.04e-02	1.44e-01	6.48e-01	1.38e-01	6.53e-03
 4.54898e+22	5.49e-10	8.36e-06	3.75e-03	6.50e-02	1.51e-01	6.44e-01	1.31e-01	5.86e-03
 4.57456e+22	6.19e-10	9.32e-06	4.13e-03	6.92e-02	1.56e-01	6.41e-01	1.24e-01	5.35e-03
 4.60112e+22	7.17e-10	1.06e-05	4.62e-03	7.44e-02	1.63e-01	6.36e-01	1.17e-01	4.80e-03
 4.62903e+22	8.15e-10	1.19e-05	5.12e-03	7.94e-02	1.69e-01	6.31e-01	1.11e-01	4.34e-03
 4.65463e+22	9.26e-10	1.33e-05	5.65e-03	8.45e-02	1.76e-01	6.25e-01	1.05e-01	3.94e-03
 4.68386e+22	1.09e-09	1.54e-05	6.40e-03	9.13e-02	1.83e-01	6.17e-01	9.83e-02	3.47e-03
 4.71383e+22	1.25e-09	1.74e-05	7.13e-03	9.76e-02	1.90e-01	6.10e-01	9.22e-02	3.10e-03
 4.74013e+22	1.43e-09	1.96e-05	7.87e-03	1.04e-01	1.97e-01	6.02e-01	8.70e-02	2.80e-03
 4.76968e+22	1.69e-09	2.27e-05	8.90e-03	1.12e-01	2.05e-01	5.92e-01	8.08e-02	2.46e-03
 4.80064e+22	1.95e-09	2.58e-05	9.94e-03	1.19e-01	2.12e-01	5.81e-01	7.53e-02	2.17e-03
 4.82864e+22	2.25e-09	2.92e-05	1.10e-02	1.27e-01	2.18e-01	5.71e-01	7.06e-02	1.94e-03
 4.86029e+22	2.71e-09	3.42e-05	1.25e-02	1.37e-01	2.26e-01	5.58e-01	6.48e-02	1.68e-03
 4.89291e+22	3.16e-09	3.90e-05	1.40e-02	1.46e-01	2.33e-01	5.45e-01	5.99e-02	1.47e-03
 4.92192e+22	3.67e-09	4.44e-05	1.56e-02	1.55e-01	2.40e-01	5.33e-01	5.57e-02	1.30e-03
 4.95478e+22	4.45e-09	5.22e-05	1.77e-02	1.66e-01	2.47e-01	5.17e-01	5.07e-02	1.11e-03
 4.98892e+22	5.26e-09	6.01e-05	1.99e-02	1.77e-01	2.54e-01	5.02e-01	4.65e-02	9.64e-04
 5.01965e+22	6.16e-09	6.87e-05	2.21e-02	1.88e-01	2.60e-01	4.87e-01	4.28e-02	8.42e-04
 5.05452e+22	7.57e-09	8.16e-05	2.53e-02	2.02e-01	2.66e-01	4.67e-01	3.83e-02	7.04e-04
 5.09036e+22	9.00e-09	9.42e-05	2.83e-02	2.14e-01	2.72e-01	4.50e-01	3.48e-02	6.04e-04
 5.12258e+22	1.07e-08	1.08e-04	3.15e-02	2.26e-01	2.76e-01	4.33e-01	3.16e-02	5.19e-04
 5.15960e+22	1.33e-08	1.30e-04	3.61e-02	2.43e-01	2.82e-01	4.11e-01	2.79e-02	4.25e-04
 5.19690e+22	1.58e-08	1.50e-04	4.03e-02	2.56e-01	2.85e-01	3.93e-01	2.51e-02	3.60e-04
 5.23456e+22	1.98e-08	1.79e-04	4.59e-02	2.73e-01	2.89e-01	3.70e-01	2.20e-02	2.94e-04
 5.27309e+22	2.39e-08	2.08e-04	5.13e-02	2.87e-01	2.91e-01	3.51e-01	1.95e-02	2.45e-04
 5.30704e+22	2.85e-08	2.40e-04	5.68e-02	3.01e-01	2.92e-01	3.32e-01	1.74e-02	2.06e-04
 5.34546e+22	3.59e-08	2.88e-04	6.46e-02	3.18e-01	2.93e-01	3.09e-01	1.49e-02	1.64e-04
 5.38481e+22	4.31e-08	3.34e-04	7.17e-02	3.33e-01	2.92e-01	2.90e-01	1.31e-02	1.35e-04
 5.42537e+22	5.47e-08	4.02e-04	8.14e-02	3.50e-01	2.90e-01	2.67e-01	1.11e-02	1.06e-04
 5.46654e+22	6.67e-08	4.68e-04	9.02e-02	3.65e-01	2.87e-01	2.48e-01	9.65e-03	8.58e-05
 5.50851e+22	8.59e-08	5.67e-04	1.02e-01	3.82e-01	2.83e-01	2.25e-01	8.02e-03	6.55e-05
 5.55072e+22	1.05e-07	6.58e-04	1.13e-01	3.95e-01	2.78e-01	2.07e-01	6.91e-03	5.27e-05
 5.58710e+22	1.26e-07	7.59e-04	1.23e-01	4.06e-01	2.73e-01	1.91e-01	5.95e-03	4.26e-05
 5.62825e+22	1.61e-07	9.08e-04	1.38e-01	4.20e-01	2.65e-01	1.72e-01	4.91e-03	3.24e-05
 5.66751e+22	1.91e-07	1.03e-03	1.49e-01	4.29e-01	2.58e-01	1.58e-01	4.27e-03	2.65e-05
 5.70431e+22	2.37e-07	1.21e-03	1.64e-01	4.39e-01	2.50e-01	1.43e-01	3.56e-03	2.05e-05
 5.74120e+22	2.80e-07	1.36e-03	1.76e-01	4.46e-01	2.42e-01	1.31e-01	3.08e-03	1.67e-05
 5.77820e+22	3.47e-07	1.59e-03	1.92e-01	4.54e-01	2.33e-01	1.17e-01	2.54e-03	1.28e-05
 5.81608e+22	4.14e-07	1.81e-03	2.06e-01	4.59e-01	2.24e-01	1.07e-01	2.16e-03	1.02e-05
 5.85511e+22	5.17e-07	2.11e-03	2.25e-01	4.64e-01	2.13e-01	9.42e-02	1.76e-03	7.66e-06
 5.89448e+22	6.17e-07	2.39e-03	2.40e-01	4.67e-01	2.04e-01	8.51e-02	1.49e-03	6.06e-06
 5.93427e+22	7.75e-07	2.81e-03	2.61e-01	4.69e-01	1.92e-01	7.41e-02	1.19e-03	4.44e-06
 5.97399e+22	9.21e-07	3.17e-03	2.77e-01	4.70e-01	1.83e-01	6.67e-02	9.97e-04	3.50e-06
 6.00584e+22	1.07e-06	3.51e-03	2.91e-01	4.69e-01	1.75e-01	6.07e-02	8.56e-04	2.84e-06
 6.03946e+22	1.28e-06	3.97e-03	3.09e-01	4.67e-01	1.65e-01	5.39e-02	7.07e-04	2.19e-06
 6.07358e+22	1.49e-06	4.40e-03	3.24e-01	4.65e-01	1.57e-01	4.87e-02	6.02e-04	1.76e-06
 6.10359e+22	1.72e-06	4.85e-03	3.39e-01	4.62e-01	1.49e-01	4.41e-02	5.14e-04	1.42e-06
 6.13786e+22	2.06e-06	5.48e-03	3.58e-01	4.57e-01	1.40e-01	3.88e-02	4.20e-04	1.08e-06
 6.17254e+22	2.39e-06	6.06e-03	3.74e-01	4.52e-01	1.32e-01	3.49e-02	3.54e-04	8.58e-07
 6.20293e+22	2.76e-06	6.67e-03	3.90e-01	4.47e-01	1.25e-01	3.14e-02	3.00e-04	6.85e-07
 6.23758e+22	3.32e-06	7.54e-03	4.10e-01	4.39e-01	1.16e-01	2.73e-02	2.41e-04	5.11e-07
 6.27250e+22	3.83e-06	8.28e-03	4.25e-01	4.33e-01	1.09e-01	2.45e-02	2.03e-04	4.06e-07
 6.30779e+22	4.58e-06	9.32e-03	4.45e-01	4.23e-01	1.01e-01	2.12e-02	1.63e-04	3.02e-07
 6.34363e+22	5.33e-06	1.03e-02	4.62e-01	4.15e-01	9.43e-02	1.88e-02	1.35e-04	2.34e-07
 6.37517e+22	6.14e-06	1.13e-02	4.77e-01	4.06e-01	8.82e-02	1.67e-02	1.12e-04	1.84e-07
 6.41117e+22	7.34e-06	1.26e-02	4.97e-01	3.95e-01	8.09e-02	1.44e-02	8.92e-05	1.35e-07
 6.44794e+22	8.52e-06	1.39e-02	5.13e-01	3.85e-01	7.50e-02	1.27e-02	7.31e-05	0.00e+00
 6.48077e+22	9.84e-06	1.53e-02	5.29e-01	3.75e-01	6.96e-02	1.12e-02	6.02e-05	0.00e+00
 6.51849e+22	1.18e-05	1.72e-02	5.49e-01	3.61e-01	6.32e-02	9.47e-03	4.68e-05	0.00e+00
 6.55679e+22	1.38e-05	1.89e-02	5.65e-01	3.50e-01	5.81e-02	8.25e-03	3.79e-05	0.00e+00
 6.59582e+22	1.65e-05	2.12e-02	5.84e-01	3.36e-01	5.25e-02	6.97e-03	2.92e-05	0.00e+00
 6.63588e+22	1.94e-05	2.34e-02	6.00e-01	3.23e-01	4.78e-02	5.98e-03	2.31e-05	0.00e+00
 6.67131e+22	2.24e-05	2.57e-02	6.14e-01	3.11e-01	4.37e-02	5.18e-03	1.86e-05	0.00e+00
 6.71139e+22	2.71e-05	2.89e-02	6.32e-01	2.96e-01	3.90e-02	4.31e-03	1.40e-05	0.00e+00
 6.75254e+22	3.15e-05	3.17e-02	6.46e-01	2.83e-01	3.54e-02	3.69e-03	1.11e-05	0.00e+00
 6.79507e+22	3.83e-05	3.58e-02	6.63e-01	2.67e-01	3.12e-02	3.02e-03	8.18e-06	0.00e+00
 6.83220e+22	4.31e-05	3.85e-02	6.72e-01	2.58e-01	2.88e-02	2.68e-03	6.79e-06	0.00e+00
 6.85828e+22	4.77e-05	4.10e-02	6.80e-01	2.49e-01	2.69e-02	2.41e-03	5.78e-06	0.00e+00
 6.88815e+22	5.46e-05	4.45e-02	6.90e-01	2.38e-01	2.46e-02	2.09e-03	4.65e-06	0.00e+00
 6.91926e+22	6.13e-05	4.77e-02	6.98e-01	2.29e-01	2.27e-02	1.84e-03	3.85e-06	0.00e+00
 6.95196e+22	7.07e-05	5.21e-02	7.08e-01	2.18e-01	2.06e-02	1.58e-03	3.04e-06	0.00e+00
 6.98517e+22	7.99e-05	5.61e-02	7.15e-01	2.08e-01	1.88e-02	1.38e-03	2.48e-06	0.00e+00
 7.01407e+22	8.96e-05	6.01e-02	7.22e-01	2.00e-01	1.73e-02	1.21e-03	2.04e-06	0.00e+00
 7.04667e+22	1.03e-04	6.55e-02	7.29e-01	1.89e-01	1.56e-02	1.03e-03	1.61e-06	0.00e+00
 7.08039e+22	1.16e-04	7.04e-02	7.34e-01	1.80e-01	1.42e-02	8.99e-04	1.30e-06	0.00e+00
 7.11095e+22	1.31e-04	7.57e-02	7.39e-01	1.71e-01	1.30e-02	7.82e-04	1.05e-06	0.00e+00
 7.14605e+22	1.53e-04	8.29e-02	7.44e-01	1.60e-01	1.16e-02	6.54e-04	8.03e-07	0.00e+00
 7.18161e+22	1.73e-04	8.91e-02	7.48e-01	1.52e-01	1.05e-02	5.65e-04	6.44e-07	0.00e+00
 7.21777e+22	2.02e-04	9.77e-02	7.51e-01	1.42e-01	9.27e-03	4.68e-04	4.86e-07	0.00e+00
 7.25462e+22	2.29e-04	1.05e-01	7.53e-01	1.33e-01	8.36e-03	4.00e-04	3.83e-07	0.00e+00
 7.29238e+22	2.68e-04	1.15e-01	7.53e-01	1.23e-01	7.35e-03	3.29e-04	2.86e-07	0.00e+00
 7.33141e+22	3.07e-04	1.25e-01	7.53e-01	1.15e-01	6.55e-03	2.77e-04	2.20e-07	0.00e+00
 7.36665e+22	3.49e-04	1.35e-01	7.51e-01	1.08e-01	5.85e-03	2.34e-04	1.71e-07	0.00e+00
 7.40703e+22	4.12e-04	1.48e-01	7.48e-01	9.83e-02	5.06e-03	1.88e-04	1.23e-07	0.00e+00
 7.44796e+22	4.72e-04	1.60e-01	7.44e-01	9.11e-02	4.49e-03	1.57e-04	0.00e+00	0.00e+00
 7.48959e+22	5.55e-04	1.76e-01	7.37e-01	8.27e-02	3.86e-03	1.25e-04	0.00e+00	0.00e+00
 7.53222e+22	6.40e-04	1.90e-01	7.30e-01	7.58e-02	3.38e-03	1.03e-04	0.00e+00	0.00e+00
 7.57617e+22	7.62e-04	2.09e-01	7.19e-01	6.78e-02	2.87e-03	8.00e-05	0.00e+00	0.00e+00
 7.62058e+22	8.70e-04	2.25e-01	7.09e-01	6.20e-02	2.51e-03	6.56e-05	0.00e+00	0.00e+00
 7.66560e+22	1.04e-03	2.48e-01	6.94e-01	5.48e-02	2.11e-03	5.03e-05	0.00e+00	0.00e+00
 7.71144e+22	1.19e-03	2.67e-01	6.81e-01	4.95e-02	1.83e-03	4.05e-05	0.00e+00	0.00e+00
 7.75835e+22	1.43e-03	2.94e-01	6.60e-01	4.31e-02	1.51e-03	3.04e-05	0.00e+00	0.00e+00
 7.80626e+22	1.64e-03	3.16e-01	6.43e-01	3.85e-02	1.30e-03	2.41e-05	0.00e+00	0.00e+00
 7.85546e+22	1.98e-03	3.47e-01	6.17e-01	3.28e-02	1.05e-03	1.76e-05	0.00e+00	0.00e+00
 7.90588e+22	2.28e-03	3.73e-01	5.95e-01	2.88e-02	8.94e-04	1.37e-05	0.00e+00	0.00e+00
 7.95789e+22	2.76e-03	4.10e-01	5.63e-01	2.40e-02	7.10e-04	9.63e-06	0.00e+00	0.00e+00
 8.01152e+22	3.21e-03	4.39e-01	5.36e-01	2.06e-02	5.90e-04	7.24e-06	0.00e+00	0.00e+00
 8.06728e+22	3.93e-03	4.82e-01	4.97e-01	1.65e-02	4.55e-04	4.86e-06	0.00e+00	0.00e+00
 8.12526e+22	4.63e-03	5.17e-01	4.64e-01	1.37e-02	3.65e-04	3.47e-06	0.00e+00	0.00e+00
 8.18600e+22	5.72e-03	5.65e-01	4.18e-01	1.05e-02	2.71e-04	2.18e-06	0.00e+00	0.00e+00
 8.24870e+22	6.81e-03	6.05e-01	3.80e-01	8.32e-03	2.09e-04	1.47e-06	0.00e+00	0.00e+00
 8.29765e+22	7.73e-03	6.33e-01	3.52e-01	6.97e-03	1.73e-04	1.09e-06	0.00e+00	0.00e+00
 8.34488e+22	9.06e-03	6.70e-01	3.15e-01	5.45e-03	1.33e-04	7.24e-07	0.00e+00	0.00e+00
 8.39359e+22	1.04e-02	7.01e-01	2.84e-01	4.36e-03	1.05e-04	5.03e-07	0.00e+00	0.00e+00
 8.44422e+22	1.24e-02	7.39e-01	2.45e-01	3.22e-03	7.63e-05	3.08e-07	0.00e+00	0.00e+00
 8.49589e+22	1.44e-02	7.69e-01	2.15e-01	2.46e-03	5.78e-05	2.01e-07	0.00e+00	0.00e+00
 8.54893e+22	1.74e-02	8.04e-01	1.77e-01	1.70e-03	3.94e-05	0.00e+00	0.00e+00	0.00e+00
 8.59807e+22	1.99e-02	8.26e-01	1.52e-01	1.29e-03	2.97e-05	0.00e+00	0.00e+00	0.00e+00
 8.63528e+22	2.26e-02	8.45e-01	1.31e-01	9.90e-04	2.25e-05	0.00e+00	0.00e+00	0.00e+00
 8.67678e+22	2.63e-02	8.65e-01	1.07e-01	6.96e-04	1.55e-05	0.00e+00	0.00e+00	0.00e+00
 8.72074e+22	3.07e-02	8.82e-01	8.68e-02	4.87e-04	1.06e-05	0.00e+00	0.00e+00	0.00e+00
 8.76082e+22	3.57e-02	8.95e-01	6.93e-02	3.39e-04	7.08e-06	0.00e+00	0.00e+00	0.00e+00
 8.79914e+22	4.17e-02	9.04e-01	5.43e-02	2.33e-04	4.61e-06	0.00e+00	0.00e+00	0.00e+00
 8.83527e+22	4.88e-02	9.09e-01	4.19e-02	1.60e-04	2.94e-06	0.00e+00	0.00e+00	0.00e+00
 8.86859e+22	5.71e-02	9.11e-01	3.20e-02	1.11e-04	1.85e-06	0.00e+00	0.00e+00	0.00e+00
 8.89900e+22	6.69e-02	9.09e-01	2.43e-02	7.75e-05	1.15e-06	0.00e+00	0.00e+00	0.00e+00
 8.92664e+22	7.83e-02	9.03e-01	1.84e-02	5.54e-05	7.15e-07	0.00e+00	0.00e+00	0.00e+00
 8.95182e+22	9.19e-02	8.94e-01	1.39e-02	4.04e-05	4.44e-07	0.00e+00	0.00e+00	0.00e+00
 8.97476e+22	1.08e-01	8.82e-01	1.05e-02	3.02e-05	2.77e-07	0.00e+00	0.00e+00	0.00e+00
 8.99561e+22	1.26e-01	8.66e-01	7.94e-03	2.31e-05	1.76e-07	0.00e+00	0.00e+00	0.00e+00
 9.00876e+22	1.39e-01	8.54e-01	6.73e-03	1.98e-05	1.34e-07	0.00e+00	0.00e+00	0.00e+00
 9.01375e+22	1.45e-01	8.49e-01	6.29e-03	1.87e-05	0.00e+00	0.00e+00	0.00e+00	0.00e+00
 9.01781e+22	1.50e-01	8.44e-01	5.92e-03	1.77e-05	0.00e+00	0.00e+00	0.00e+00	0.00e+00
 9.02305e+22	1.57e-01	8.37e-01	5.47e-03	1.65e-05	0.00e+00	0.00e+00	0.00e+00	0.00e+00
 9.02928e+22	1.66e-01	8.29e-01	4.97e-03	1.52e-05	0.00e+00	0.00e+00	0.00e+00	0.00e+00
 9.03555e+22	1.75e-01	8.20e-01	4.52e-03	1.41e-05	0.00e+00	0.00e+00	0.00e+00	0.00e+00
 9.04159e+22	1.85e-01	8.11e-01	4.11e-03	1.31e-05	0.00e+00	0.00e+00	0.00e+00	0.00e+00
 9.04760e+22	1.96e-01	8.00e-01	3.74e-03	1.21e-05	0.00e+00	0.00e+00	0.00e+00	0.00e+00
 9.05361e+22	2.07e-01	7.90e-01	3.40e-03	1.12e-05	0.00e+00	0.00e+00	0.00e+00	0.00e+00
 9.05979e+22	2.19e-01	7.78e-01	3.07e-03	1.04e-05	0.00e+00	0.00e+00	0.00e+00	0.00e+00
 9.06621e+22	2.32e-01	7.65e-01	2.76e-03	9.61e-06	0.00e+00	0.00e+00	0.00e+00	0.00e+00
 9.07278e+22	2.46e-01	7.51e-01	2.48e-03	8.88e-06	0.00e+00	0.00e+00	0.00e+00	0.00e+00
 9.07955e+22	2.62e-01	7.36e-01	2.21e-03	8.17e-06	0.00e+00	0.00e+00	0.00e+00	0.00e+00
 9.08642e+22	2.79e-01	7.19e-01	1.96e-03	7.53e-06	0.00e+00	0.00e+00	0.00e+00	0.00e+00
 9.09347e+22	2.97e-01	7.01e-01	1.73e-03	6.92e-06	0.00e+00	0.00e+00	0.00e+00	0.00e+00
 9.10090e+22	3.17e-01	6.82e-01	1.52e-03	6.34e-06	0.00e+00	0.00e+00	0.00e+00	0.00e+00
 9.10851e+22	3.38e-01	6.61e-01	1.33e-03	5.80e-06	0.00e+00	0.00e+00	0.00e+00	0.00e+00
 9.11451e+22	3.54e-01	6.45e-01	1.21e-03	5.45e-06	0.00e+00	0.00e+00	0.00e+00	0.00e+00
 9.11843e+22	3.65e-01	6.34e-01	1.13e-03	5.22e-06	0.00e+00	0.00e+00	0.00e+00	0.00e+00
 9.12213e+22	3.75e-01	6.23e-01	1.05e-03	5.01e-06	0.00e+00	0.00e+00	0.00e+00	0.00e+00
 9.12650e+22	3.88e-01	6.11e-01	9.75e-04	4.77e-06	0.00e+00	0.00e+00	0.00e+00	0.00e+00
 9.13139e+22	4.03e-01	5.96e-01	8.92e-04	4.52e-06	0.00e+00	0.00e+00	0.00e+00	0.00e+00
 9.13622e+22	4.16e-01	5.83e-01	8.21e-04	4.29e-06	0.00e+00	0.00e+00	0.00e+00	0.00e+00
 9.14088e+22	4.30e-01	5.69e-01	7.55e-04	4.08e-06	0.00e+00	0.00e+00	0.00e+00	0.00e+00
 9.14556e+22	4.44e-01	5.55e-01	6.94e-04	3.89e-06	0.00e+00	0.00e+00	0.00e+00	0.00e+00
 9.15029e+22	4.58e-01	5.41e-01	6.38e-04	3.70e-06	0.00e+00	0.00e+00	0.00e+00	0.00e+00
 9.15513e+22	4.72e-01	5.27e-01	5.85e-04	3.52e-06	0.00e+00	0.00e+00	0.00e+00	0.00e+00
 9.16010e+22	4.87e-01	5.13e-01	5.36e-04	3.34e-06	0.00e+00	0.00e+00	0.00e+00	0.00e+00
 9.16519e+22	5.01e-01	4.98e-01	4.90e-04	3.18e-06	0.00e+00	0.00e+00	0.00e+00	0.00e+00
 9.17036e+22	5.16e-01	4.83e-01	4.46e-04	3.02e-06	0.00e+00	0.00e+00	0.00e+00	0.00e+00
 9.17558e+22	5.31e-01	4.69e-01	4.07e-04	2.87e-06	0.00e+00	0.00e+00	0.00e+00	0.00e+00
 9.18090e+22	5.45e-01	4.54e-01	3.71e-04	2.72e-06	0.00e+00	0.00e+00	0.00e+00	0.00e+00
 9.18639e+22	5.60e-01	4.40e-01	3.37e-04	2.58e-06	0.00e+00	0.00e+00	0.00e+00	0.00e+00
 9.19203e+22	5.75e-01	4.25e-01	3.06e-04	2.45e-06	0.00e+00	0.00e+00	0.00e+00	0.00e+00
 9.19776e+22	5.90e-01	4.10e-01	2.77e-04	2.32e-06	0.00e+00	0.00e+00	0.00e+00	0.00e+00
 9.20360e+22	6.04e-01	3.96e-01	2.51e-04	2.20e-06	0.00e+00	0.00e+00	0.00e+00	0.00e+00
 9.20964e+22	6.19e-01	3.81e-01	2.26e-04	2.08e-06	0.00e+00	0.00e+00	0.00e+00	0.00e+00
 9.21583e+22	6.33e-01	3.66e-01	2.04e-04	1.97e-06	0.00e+00	0.00e+00	0.00e+00	0.00e+00
 9.22216e+22	6.48e-01	3.52e-01	1.84e-04	1.86e-06	0.00e+00	0.00e+00	0.00e+00	0.00e+00
 9.22867e+22	6.62e-01	3.38e-01	1.65e-04	1.76e-06	0.00e+00	0.00e+00	0.00e+00	0.00e+00
 9.23533e+22	6.76e-01	3.23e-01	1.48e-04	1.66e-06	0.00e+00	0.00e+00	0.00e+00	0.00e+00
 9.24210e+22	6.90e-01	3.09e-01	1.33e-04	1.57e-06	0.00e+00	0.00e+00	0.00e+00	0.00e+00
 9.24903e+22	7.04e-01	2.96e-01	1.19e-04	1.48e-06	0.00e+00	0.00e+00	0.00e+00	0.00e+00
 9.25478e+22	7.15e-01	2.85e-01	1.09e-04	1.41e-06	0.00e+00	0.00e+00	0.00e+00	0.00e+00
