#depth	Si	Si+	Si+2	Si+3	Si+4	Si+5	Si+6	Si+7	Si+8	Si+9	Si+10	Si+11	Si+12	Si+13	Si+14
 4.62852e+21	0.00e+00	0.00e+00	4.40e-27	4.20e-23	5.67e-19	1.19e-15	7.60e-13	1.57e-10	1.39e-08	6.10e-07	1.74e-05	4.90e-04	3.27e-02	2.76e-01	6.91e-01
 1.05387e+22	0.00e+00	1.08e-29	3.63e-25	2.29e-21	2.95e-17	4.18e-14	1.79e-11	2.48e-09	1.49e-07	4.34e-06	7.99e-05	1.47e-03	6.41e-02	3.54e-01	5.81e-01
 1.25444e+22	0.00e+00	2.23e-28	5.94e-24	2.89e-20	3.02e-16	3.39e-13	1.15e-10	1.26e-08	6.01e-07	1.38e-05	1.94e-04	2.76e-03	9.30e-02	3.98e-01	5.06e-01
 1.36303e+22	0.00e+00	8.62e-28	2.03e-23	1.05e-19	9.84e-16	9.84e-13	2.95e-10	2.87e-08	1.22e-06	2.47e-05	3.04e-04	3.78e-03	1.12e-01	4.18e-01	4.67e-01
 1.40828e+22	0.00e+00	1.29e-27	2.94e-23	1.47e-19	1.34e-15	1.30e-12	3.78e-10	3.57e-08	1.47e-06	2.88e-05	3.42e-04	4.10e-03	1.17e-01	4.23e-01	4.56e-01
 1.42610e+22	0.00e+00	1.92e-27	4.24e-23	2.04e-19	1.81e-15	1.71e-12	4.81e-10	4.41e-08	1.77e-06	3.35e-05	3.83e-04	4.44e-03	1.22e-01	4.27e-01	4.46e-01
 1.44629e+22	0.00e+00	3.07e-27	6.54e-23	3.01e-19	2.60e-15	2.36e-12	6.41e-10	5.66e-08	2.19e-06	4.00e-05	4.38e-04	4.87e-03	1.29e-01	4.32e-01	4.33e-01
 1.46739e+22	0.00e+00	4.63e-27	9.52e-23	4.22e-19	3.55e-15	3.12e-12	8.22e-10	7.04e-08	2.64e-06	4.67e-05	4.93e-04	5.28e-03	1.35e-01	4.37e-01	4.23e-01
 1.48968e+22	0.00e+00	7.92e-27	1.56e-22	6.58e-19	5.34e-15	4.52e-12	1.14e-09	9.37e-08	3.38e-06	5.72e-05	5.74e-04	5.87e-03	1.43e-01	4.42e-01	4.08e-01
 1.51187e+22	0.00e+00	1.20e-26	2.29e-22	9.30e-19	7.34e-15	6.02e-12	1.47e-09	1.17e-07	4.09e-06	6.69e-05	6.47e-04	6.37e-03	1.50e-01	4.46e-01	3.97e-01
 1.53057e+22	0.00e+00	1.81e-26	3.34e-22	1.30e-18	1.00e-14	7.97e-12	1.89e-09	1.46e-07	4.93e-06	7.82e-05	7.27e-04	6.90e-03	1.56e-01	4.49e-01	3.86e-01
 1.54814e+22	0.00e+00	2.64e-26	4.72e-22	1.77e-18	1.33e-14	1.03e-11	2.37e-09	1.78e-07	5.86e-06	9.00e-05	8.08e-04	7.42e-03	1.63e-01	4.52e-01	3.77e-01
 1.56761e+22	0.00e+00	4.22e-26	7.25e-22	2.61e-18	1.90e-14	1.42e-11	3.16e-09	2.28e-07	7.25e-06	1.07e-04	9.23e-04	8.12e-03	1.71e-01	4.56e-01	3.64e-01
 1.58762e+22	0.00e+00	6.40e-26	1.06e-21	3.67e-18	2.61e-14	1.89e-11	4.07e-09	2.84e-07	8.78e-06	1.26e-04	1.04e-03	8.79e-03	1.78e-01	4.59e-01	3.53e-01
 1.60378e+22	0.00e+00	8.87e-26	1.43e-21	4.78e-18	3.34e-14	2.36e-11	4.95e-09	3.38e-07	1.02e-05	1.42e-04	1.14e-03	9.35e-03	1.84e-01	4.60e-01	3.45e-01
 1.62021e+22	0.00e+00	1.33e-25	2.08e-21	6.67e-18	4.53e-14	3.11e-11	6.34e-09	4.19e-07	1.23e-05	1.65e-04	1.27e-03	1.01e-02	1.92e-01	4.62e-01	3.34e-01
 1.63605e+22	0.00e+00	1.81e-25	2.75e-21	8.55e-18	5.71e-14	3.83e-11	7.62e-09	4.93e-07	1.41e-05	1.85e-04	1.39e-03	1.07e-02	1.98e-01	4.64e-01	3.26e-01
 1.64899e+22	0.00e+00	2.44e-25	3.62e-21	1.09e-17	7.16e-14	4.70e-11	9.15e-09	5.78e-07	1.62e-05	2.07e-04	1.51e-03	1.13e-02	2.04e-01	4.65e-01	3.18e-01
 1.66170e+22	0.00e+00	3.25e-25	4.70e-21	1.38e-17	8.89e-14	5.71e-11	1.09e-08	6.73e-07	1.84e-05	2.31e-04	1.64e-03	1.19e-02	2.10e-01	4.66e-01	3.11e-01
 1.67408e+22	0.00e+00	4.25e-25	6.00e-21	1.71e-17	1.09e-13	6.85e-11	1.28e-08	7.76e-07	2.08e-05	2.55e-04	1.76e-03	1.25e-02	2.15e-01	4.66e-01	3.04e-01
 1.68801e+22	0.00e+00	6.04e-25	8.26e-21	2.27e-17	1.42e-13	8.70e-11	1.58e-08	9.34e-07	2.44e-05	2.91e-04	1.94e-03	1.34e-02	2.22e-01	4.67e-01	2.95e-01
 1.70195e+22	0.00e+00	8.04e-25	1.07e-20	2.86e-17	1.75e-13	1.06e-10	1.88e-08	1.09e-06	2.78e-05	3.24e-04	2.10e-03	1.41e-02	2.28e-01	4.67e-01	2.88e-01
 1.71396e+22	0.00e+00	1.06e-24	1.38e-20	3.58e-17	2.16e-13	1.28e-10	2.23e-08	1.26e-06	3.16e-05	3.60e-04	2.27e-03	1.48e-02	2.34e-01	4.68e-01	2.81e-01
 1.72535e+22	0.00e+00	1.38e-24	1.75e-20	4.41e-17	2.62e-13	1.52e-10	2.61e-08	1.44e-06	3.56e-05	3.96e-04	2.44e-03	1.55e-02	2.40e-01	4.68e-01	2.74e-01
 1.73624e+22	0.00e+00	1.78e-24	2.20e-20	5.41e-17	3.17e-13	1.81e-10	3.04e-08	1.65e-06	4.00e-05	4.36e-04	2.62e-03	1.63e-02	2.45e-01	4.67e-01	2.68e-01
 1.74876e+22	0.00e+00	2.46e-24	2.96e-20	7.03e-17	4.05e-13	2.26e-10	3.70e-08	1.97e-06	4.65e-05	4.93e-04	2.87e-03	1.73e-02	2.53e-01	4.67e-01	2.60e-01
 1.76136e+22	0.00e+00	3.19e-24	3.74e-20	8.64e-17	4.91e-13	2.69e-10	4.33e-08	2.25e-06	5.22e-05	5.42e-04	3.08e-03	1.81e-02	2.58e-01	4.66e-01	2.54e-01
 1.77408e+22	0.00e+00	4.51e-24	5.12e-20	1.14e-16	6.35e-13	3.39e-10	5.34e-08	2.71e-06	6.12e-05	6.18e-04	3.39e-03	1.92e-02	2.66e-01	4.65e-01	2.45e-01
 1.78665e+22	0.00e+00	5.83e-24	6.46e-20	1.39e-16	7.69e-13	4.04e-10	6.23e-08	3.10e-06	6.88e-05	6.80e-04	3.63e-03	2.01e-02	2.72e-01	4.64e-01	2.39e-01
 1.79701e+22	0.00e+00	7.51e-24	8.11e-20	1.70e-16	9.26e-13	4.79e-10	7.26e-08	3.54e-06	7.73e-05	7.47e-04	3.90e-03	2.10e-02	2.78e-01	4.63e-01	2.33e-01
 1.80672e+22	0.00e+00	9.49e-24	1.00e-19	2.04e-16	1.10e-12	5.60e-10	8.36e-08	4.01e-06	8.61e-05	8.16e-04	4.15e-03	2.19e-02	2.83e-01	4.62e-01	2.27e-01
 1.81763e+22	0.00e+00	1.27e-23	1.30e-19	2.57e-16	1.37e-12	6.83e-10	9.98e-08	4.69e-06	9.85e-05	9.11e-04	4.50e-03	2.31e-02	2.90e-01	4.61e-01	2.21e-01
 1.82886e+22	0.00e+00	1.66e-23	1.65e-19	3.16e-16	1.66e-12	8.15e-10	1.17e-07	5.39e-06	1.11e-04	1.01e-03	4.84e-03	2.42e-02	2.96e-01	4.59e-01	2.14e-01
 1.83865e+22	0.00e+00	2.08e-23	2.03e-19	3.78e-16	1.97e-12	9.51e-10	1.34e-07	6.08e-06	1.23e-04	1.09e-03	5.15e-03	2.51e-02	3.02e-01	4.57e-01	2.09e-01
 1.84954e+22	0.00e+00	2.87e-23	2.70e-19	4.83e-16	2.48e-12	1.18e-09	1.63e-07	7.21e-06	1.43e-04	1.24e-03	5.62e-03	2.65e-02	3.10e-01	4.55e-01	2.02e-01
 1.86045e+22	0.00e+00	3.66e-23	3.36e-19	5.84e-16	2.97e-12	1.39e-09	1.89e-07	8.21e-06	1.60e-04	1.35e-03	6.01e-03	2.77e-02	3.15e-01	4.53e-01	1.96e-01
 1.87138e+22	0.00e+00	5.04e-23	4.46e-19	7.45e-16	3.75e-12	1.72e-09	2.29e-07	9.72e-06	1.85e-04	1.53e-03	6.56e-03	2.92e-02	3.23e-01	4.50e-01	1.89e-01
 1.88249e+22	0.00e+00	6.52e-23	5.61e-19	9.08e-16	4.53e-12	2.05e-09	2.68e-07	1.12e-05	2.09e-04	1.68e-03	7.04e-03	3.05e-02	3.29e-01	4.47e-01	1.84e-01
 1.89203e+22	0.00e+00	8.26e-23	6.93e-19	1.09e-15	5.38e-12	2.40e-09	3.09e-07	1.27e-05	2.33e-04	1.84e-03	7.50e-03	3.18e-02	3.35e-01	4.45e-01	1.79e-01
 1.90263e+22	0.00e+00	1.15e-22	9.30e-19	1.40e-15	6.85e-12	3.00e-09	3.79e-07	1.51e-05	2.72e-04	2.09e-03	8.23e-03	3.36e-02	3.43e-01	4.41e-01	1.72e-01
 1.91303e+22	0.00e+00	1.45e-22	1.14e-18	1.66e-15	8.08e-12	3.49e-09	4.35e-07	1.71e-05	3.02e-04	2.27e-03	8.75e-03	3.49e-02	3.49e-01	4.38e-01	1.67e-01
 1.92317e+22	0.00e+00	1.99e-22	1.51e-18	2.11e-15	1.02e-11	4.33e-09	5.28e-07	2.03e-05	3.51e-04	2.57e-03	9.55e-03	3.68e-02	3.57e-01	4.34e-01	1.60e-01
 1.93312e+22	0.00e+00	2.48e-22	1.83e-18	2.48e-15	1.19e-11	5.01e-09	6.03e-07	2.28e-05	3.88e-04	2.79e-03	1.01e-02	3.81e-02	3.62e-01	4.31e-01	1.56e-01
 1.94283e+22	0.00e+00	3.40e-22	2.41e-18	3.13e-15	1.50e-11	6.20e-09	7.32e-07	2.70e-05	4.51e-04	3.15e-03	1.10e-02	4.02e-02	3.70e-01	4.26e-01	1.49e-01
 1.95251e+22	0.00e+00	4.26e-22	2.93e-18	3.69e-15	1.76e-11	7.20e-09	8.40e-07	3.05e-05	5.00e-04	3.42e-03	1.17e-02	4.16e-02	3.75e-01	4.23e-01	1.45e-01
 1.96217e+22	0.00e+00	5.85e-22	3.86e-18	4.64e-15	2.20e-11	8.91e-09	1.02e-06	3.62e-05	5.81e-04	3.87e-03	1.28e-02	4.38e-02	3.83e-01	4.18e-01	1.39e-01
 1.97190e+22	0.00e+00	7.39e-22	4.74e-18	5.51e-15	2.61e-11	1.04e-08	1.18e-06	4.11e-05	6.48e-04	4.22e-03	1.36e-02	4.55e-02	3.88e-01	4.14e-01	1.34e-01
 1.98172e+22	0.00e+00	1.02e-21	6.28e-18	6.95e-15	3.29e-11	1.30e-08	1.44e-06	4.91e-05	7.57e-04	4.79e-03	1.49e-02	4.79e-02	3.96e-01	4.08e-01	1.28e-01
 1.99162e+22	0.00e+00	1.30e-21	7.72e-18	8.26e-15	3.90e-11	1.53e-08	1.67e-06	5.59e-05	8.47e-04	5.24e-03	1.59e-02	4.98e-02	4.01e-01	4.03e-01	1.23e-01
 2.00162e+22	0.00e+00	1.79e-21	1.02e-17	1.04e-14	4.91e-11	1.90e-08	2.04e-06	6.67e-05	9.87e-04	5.93e-03	1.74e-02	5.24e-02	4.09e-01	3.97e-01	1.18e-01
 2.01153e+22	0.00e+00	2.29e-21	1.26e-17	1.23e-14	5.84e-11	2.24e-08	2.38e-06	7.63e-05	1.11e-03	6.51e-03	1.86e-02	5.44e-02	4.14e-01	3.92e-01	1.13e-01
 2.02132e+22	0.00e+00	3.13e-21	1.65e-17	1.54e-14	7.31e-11	2.77e-08	2.89e-06	9.08e-05	1.29e-03	7.34e-03	2.02e-02	5.71e-02	4.21e-01	3.85e-01	1.08e-01
 2.03131e+22	0.00e+00	4.04e-21	2.05e-17	1.83e-14	8.76e-11	3.29e-08	3.39e-06	1.04e-04	1.45e-03	8.09e-03	2.17e-02	5.94e-02	4.26e-01	3.80e-01	1.03e-01
 2.04156e+22	0.00e+00	5.62e-21	2.71e-17	2.30e-14	1.11e-10	4.12e-08	4.18e-06	1.26e-04	1.70e-03	9.19e-03	2.37e-02	6.25e-02	4.33e-01	3.72e-01	9.76e-02
 2.05187e+22	0.00e+00	7.24e-21	3.37e-17	2.74e-14	1.33e-10	4.90e-08	4.92e-06	1.45e-04	1.92e-03	1.01e-02	2.54e-02	6.49e-02	4.38e-01	3.66e-01	9.34e-02
 2.06225e+22	2.11e-34	1.01e-20	4.46e-17	3.43e-14	1.68e-10	6.16e-08	6.07e-06	1.74e-04	2.26e-03	1.15e-02	2.78e-02	6.82e-02	4.44e-01	3.58e-01	8.80e-02
 2.07269e+22	2.89e-34	1.30e-20	5.52e-17	4.07e-14	2.01e-10	7.32e-08	7.14e-06	2.01e-04	2.55e-03	1.27e-02	2.97e-02	7.08e-02	4.49e-01	3.51e-01	8.40e-02
 2.08173e+22	3.93e-34	1.66e-20	6.80e-17	4.81e-14	2.40e-10	8.68e-08	8.36e-06	2.31e-04	2.87e-03	1.39e-02	3.18e-02	7.34e-02	4.53e-01	3.44e-01	8.02e-02
 2.09200e+22	5.81e-34	2.28e-20	8.85e-17	5.92e-14	3.00e-10	1.08e-07	1.02e-05	2.76e-04	3.34e-03	1.57e-02	3.46e-02	7.68e-02	4.58e-01	3.36e-01	7.54e-02
 2.10225e+22	7.81e-34	2.89e-20	1.08e-16	6.94e-14	3.55e-10	1.27e-07	1.19e-05	3.16e-04	3.75e-03	1.72e-02	3.68e-02	7.94e-02	4.62e-01	3.29e-01	7.18e-02
 2.11250e+22	1.14e-33	3.93e-20	1.40e-16	8.49e-14	4.42e-10	1.58e-07	1.46e-05	3.77e-04	4.35e-03	1.94e-02	4.00e-02	8.29e-02	4.66e-01	3.20e-01	6.74e-02
 2.12286e+22	1.52e-33	4.95e-20	1.70e-16	9.88e-14	5.21e-10	1.85e-07	1.69e-05	4.29e-04	4.85e-03	2.11e-02	4.25e-02	8.56e-02	4.68e-01	3.13e-01	6.42e-02
 2.13336e+22	2.21e-33	6.68e-20	2.18e-16	1.20e-13	6.45e-10	2.28e-07	2.06e-05	5.09e-04	5.60e-03	2.37e-02	4.59e-02	8.91e-02	4.72e-01	3.04e-01	6.01e-02
 2.14414e+22	2.97e-33	8.48e-20	2.66e-16	1.40e-13	7.64e-10	2.69e-07	2.40e-05	5.84e-04	6.28e-03	2.59e-02	4.88e-02	9.20e-02	4.74e-01	2.96e-01	5.69e-02
 2.15528e+22	4.34e-33	1.15e-19	3.42e-16	1.71e-13	9.49e-10	3.33e-07	2.93e-05	6.95e-04	7.27e-03	2.90e-02	5.28e-02	9.56e-02	4.75e-01	2.86e-01	5.30e-02
 2.16662e+22	5.80e-33	1.45e-19	4.16e-16	1.99e-13	1.12e-09	3.92e-07	3.42e-05	7.94e-04	8.13e-03	3.16e-02	5.60e-02	9.85e-02	4.77e-01	2.78e-01	5.01e-02
 2.17824e+22	8.40e-33	1.96e-19	5.34e-16	2.41e-13	1.39e-09	4.84e-07	4.16e-05	9.43e-04	9.37e-03	3.53e-02	6.04e-02	1.02e-01	4.77e-01	2.68e-01	4.64e-02
 2.19008e+22	1.12e-32	2.48e-19	6.49e-16	2.80e-13	1.64e-09	5.69e-07	4.84e-05	1.08e-03	1.05e-02	3.84e-02	6.39e-02	1.05e-01	4.77e-01	2.60e-01	4.37e-02
 2.20220e+22	1.62e-32	3.34e-19	8.30e-16	3.39e-13	2.02e-09	7.00e-07	5.87e-05	1.28e-03	1.20e-02	4.28e-02	6.87e-02	1.09e-01	4.76e-01	2.50e-01	4.04e-02
 2.21438e+22	2.14e-32	4.18e-19	1.00e-15	3.91e-13	2.37e-09	8.19e-07	6.79e-05	1.45e-03	1.33e-02	4.64e-02	7.24e-02	1.11e-01	4.75e-01	2.42e-01	3.80e-02
 2.22666e+22	3.04e-32	5.56e-19	1.27e-15	4.69e-13	2.90e-09	9.98e-07	8.17e-05	1.70e-03	1.52e-02	5.13e-02	7.74e-02	1.15e-01	4.73e-01	2.32e-01	3.51e-02
 2.23925e+22	4.01e-32	6.97e-19	1.53e-15	5.43e-13	3.40e-09	1.17e-06	9.44e-05	1.93e-03	1.69e-02	5.54e-02	8.14e-02	1.17e-01	4.71e-01	2.24e-01	3.29e-02
 2.25020e+22	5.18e-32	8.59e-19	1.82e-15	6.20e-13	3.94e-09	1.35e-06	1.08e-04	2.17e-03	1.85e-02	5.95e-02	8.52e-02	1.19e-01	4.68e-01	2.16e-01	3.09e-02
 2.26240e+22	7.20e-32	1.12e-18	2.27e-15	7.35e-13	4.75e-09	1.62e-06	1.28e-04	2.51e-03	2.09e-02	6.52e-02	9.04e-02	1.22e-01	4.64e-01	2.06e-01	2.84e-02
 2.27461e+22	9.18e-32	1.37e-18	2.68e-15	8.36e-13	5.45e-09	1.85e-06	1.45e-04	2.80e-03	2.28e-02	6.95e-02	9.41e-02	1.24e-01	4.60e-01	1.99e-01	2.68e-02
 2.28685e+22	1.26e-31	1.77e-18	3.31e-15	9.85e-13	6.51e-09	2.20e-06	1.70e-04	3.22e-03	2.55e-02	7.56e-02	9.92e-02	1.27e-01	4.55e-01	1.90e-01	2.46e-02
 2.29938e+22	1.61e-31	2.17e-18	3.92e-15	1.12e-12	7.48e-09	2.52e-06	1.93e-04	3.60e-03	2.78e-02	8.06e-02	1.03e-01	1.29e-01	4.50e-01	1.83e-01	2.30e-02
 2.31048e+22	2.05e-31	2.64e-18	4.62e-15	1.27e-12	8.55e-09	2.87e-06	2.18e-04	3.99e-03	3.02e-02	8.58e-02	1.07e-01	1.30e-01	4.45e-01	1.76e-01	2.16e-02
 2.32310e+22	2.79e-31	3.40e-18	5.69e-15	1.49e-12	1.01e-08	3.40e-06	2.55e-04	4.58e-03	3.37e-02	9.28e-02	1.12e-01	1.32e-01	4.37e-01	1.67e-01	1.97e-02
 2.33564e+22	3.48e-31	4.08e-18	6.64e-15	1.69e-12	1.15e-08	3.83e-06	2.85e-04	5.03e-03	3.63e-02	9.80e-02	1.16e-01	1.34e-01	4.32e-01	1.61e-01	1.85e-02
 2.34810e+22	4.68e-31	5.20e-18	8.11e-15	1.96e-12	1.35e-08	4.49e-06	3.30e-04	5.71e-03	4.01e-02	1.05e-01	1.21e-01	1.35e-01	4.23e-01	1.52e-01	1.69e-02
 2.36080e+22	5.86e-31	6.27e-18	9.49e-15	2.22e-12	1.53e-08	5.06e-06	3.69e-04	6.28e-03	4.31e-02	1.11e-01	1.25e-01	1.36e-01	4.17e-01	1.46e-01	1.58e-02
 2.37381e+22	7.89e-31	8.00e-18	1.16e-14	2.59e-12	1.80e-08	5.91e-06	4.26e-04	7.12e-03	4.75e-02	1.19e-01	1.30e-01	1.37e-01	4.07e-01	1.38e-01	1.44e-02
 2.38707e+22	4.91e-31	9.67e-18	1.36e-14	2.94e-12	2.04e-08	6.67e-06	4.75e-04	7.82e-03	5.11e-02	1.25e-01	1.33e-01	1.38e-01	4.00e-01	1.31e-01	1.34e-02
 2.40065e+22	6.63e-31	1.24e-17	1.67e-14	3.45e-12	2.39e-08	7.79e-06	5.49e-04	8.85e-03	5.61e-02	1.34e-01	1.38e-01	1.38e-01	3.89e-01	1.23e-01	1.21e-02
 2.41448e+22	8.35e-31	1.50e-17	1.97e-14	3.91e-12	2.71e-08	8.77e-06	6.12e-04	9.71e-03	6.02e-02	1.40e-01	1.41e-01	1.39e-01	3.81e-01	1.17e-01	1.13e-02
 2.42863e+22	1.13e-30	1.93e-17	2.42e-14	4.60e-12	3.17e-08	1.02e-05	7.04e-04	1.10e-02	6.60e-02	1.49e-01	1.46e-01	1.39e-01	3.69e-01	1.10e-01	1.01e-02
 2.44246e+22	1.39e-30	2.29e-17	2.81e-14	5.19e-12	3.55e-08	1.14e-05	7.75e-04	1.19e-02	7.01e-02	1.55e-01	1.49e-01	1.38e-01	3.61e-01	1.05e-01	9.44e-03
 2.45587e+22	1.85e-30	2.89e-17	3.42e-14	6.02e-12	4.10e-08	1.31e-05	8.83e-04	1.33e-02	7.61e-02	1.64e-01	1.52e-01	1.38e-01	3.49e-01	9.77e-02	8.52e-03
 2.46949e+22	2.28e-30	3.45e-17	3.97e-14	6.79e-12	4.60e-08	1.45e-05	9.70e-04	1.44e-02	8.07e-02	1.70e-01	1.55e-01	1.37e-01	3.40e-01	9.30e-02	7.90e-03
 2.48336e+22	3.01e-30	4.35e-17	4.83e-14	7.91e-12	5.30e-08	1.67e-05	1.10e-03	1.60e-02	8.71e-02	1.79e-01	1.58e-01	1.36e-01	3.28e-01	8.66e-02	7.12e-03
 2.49767e+22	3.77e-30	5.25e-17	5.67e-14	8.98e-12	5.96e-08	1.86e-05	1.21e-03	1.74e-02	9.26e-02	1.86e-01	1.61e-01	1.35e-01	3.18e-01	8.17e-02	6.53e-03
 2.51252e+22	5.00e-30	6.66e-17	6.93e-14	1.05e-11	6.90e-08	2.14e-05	1.37e-03	1.92e-02	9.98e-02	1.95e-01	1.63e-01	1.34e-01	3.06e-01	7.58e-02	5.86e-03
 2.52786e+22	6.34e-30	8.13e-17	8.22e-14	1.21e-11	7.80e-08	2.40e-05	1.52e-03	2.10e-02	1.06e-01	2.03e-01	1.65e-01	1.32e-01	2.95e-01	7.10e-02	5.33e-03
 2.54381e+22	8.52e-30	1.04e-16	1.02e-13	1.43e-11	9.08e-08	2.76e-05	1.73e-03	2.33e-02	1.14e-01	2.12e-01	1.67e-01	1.30e-01	2.82e-01	6.54e-02	4.73e-03
 2.56018e+22	1.09e-29	1.28e-16	1.21e-13	1.64e-11	1.03e-07	3.10e-05	1.92e-03	2.54e-02	1.21e-01	2.19e-01	1.69e-01	1.28e-01	2.70e-01	6.09e-02	4.27e-03
 2.57710e+22	1.48e-29	1.65e-16	1.51e-13	1.96e-11	1.20e-07	3.58e-05	2.17e-03	2.81e-02	1.30e-01	2.28e-01	1.70e-01	1.25e-01	2.57e-01	5.56e-02	3.76e-03
 2.59455e+22	1.91e-29	2.05e-16	1.82e-13	2.27e-11	1.37e-07	4.03e-05	2.41e-03	3.06e-02	1.38e-01	2.36e-01	1.71e-01	1.23e-01	2.45e-01	5.14e-02	3.37e-03
 2.61271e+22	2.63e-29	2.68e-16	2.29e-13	2.73e-11	1.61e-07	4.67e-05	2.75e-03	3.40e-02	1.48e-01	2.44e-01	1.71e-01	1.20e-01	2.31e-01	4.65e-02	2.93e-03
 2.63145e+22	3.44e-29	3.36e-16	2.78e-13	3.20e-11	1.84e-07	5.27e-05	3.06e-03	3.71e-02	1.57e-01	2.52e-01	1.71e-01	1.16e-01	2.19e-01	4.26e-02	2.60e-03
 2.64841e+22	4.47e-29	4.18e-16	3.36e-13	3.72e-11	2.09e-07	5.93e-05	3.39e-03	4.02e-02	1.65e-01	2.58e-01	1.71e-01	1.13e-01	2.07e-01	3.91e-02	2.30e-03
 2.66788e+22	6.23e-29	5.52e-16	4.27e-13	4.52e-11	2.46e-07	6.88e-05	3.85e-03	4.45e-02	1.76e-01	2.66e-01	1.70e-01	1.09e-01	1.93e-01	3.49e-02	1.98e-03
 2.68772e+22	8.18e-29	6.94e-16	5.20e-13	5.29e-11	2.81e-07	7.75e-05	4.26e-03	4.83e-02	1.86e-01	2.72e-01	1.69e-01	1.06e-01	1.81e-01	3.17e-02	1.73e-03
 2.70806e+22	1.15e-28	9.22e-16	6.65e-13	6.44e-11	3.31e-07	8.98e-05	4.84e-03	5.34e-02	1.98e-01	2.79e-01	1.67e-01	1.01e-01	1.68e-01	2.81e-02	1.47e-03
 2.72867e+22	1.51e-28	1.16e-15	8.11e-13	7.55e-11	3.78e-07	1.01e-04	5.35e-03	5.78e-02	2.07e-01	2.85e-01	1.64e-01	9.71e-02	1.57e-01	2.53e-02	1.28e-03
 2.74964e+22	2.13e-28	1.55e-15	1.04e-12	9.21e-11	4.45e-07	1.17e-04	6.07e-03	6.37e-02	2.20e-01	2.90e-01	1.61e-01	9.22e-02	1.43e-01	2.21e-02	1.07e-03
 2.77082e+22	2.80e-28	1.96e-15	1.27e-12	1.08e-10	5.05e-07	1.31e-04	6.69e-03	6.88e-02	2.30e-01	2.94e-01	1.58e-01	8.82e-02	1.33e-01	1.98e-02	9.25e-04
 2.79229e+22	3.99e-28	2.64e-15	1.63e-12	1.31e-10	5.92e-07	1.51e-04	7.56e-03	7.57e-02	2.42e-01	2.98e-01	1.54e-01	8.31e-02	1.21e-01	1.71e-02	7.62e-04
 2.81387e+22	5.21e-28	3.31e-15	1.99e-12	1.53e-10	6.70e-07	1.69e-04	8.30e-03	8.12e-02	2.52e-01	3.01e-01	1.51e-01	7.91e-02	1.12e-01	1.53e-02	6.55e-04
 2.83179e+22	6.63e-28	4.07e-15	2.36e-12	1.76e-10	7.46e-07	1.86e-04	9.01e-03	8.65e-02	2.60e-01	3.03e-01	1.47e-01	7.56e-02	1.04e-01	1.38e-02	5.70e-04
 2.85130e+22	9.06e-28	5.32e-15	2.96e-12	2.09e-10	8.53e-07	2.10e-04	1.00e-02	9.38e-02	2.72e-01	3.04e-01	1.43e-01	7.10e-02	9.43e-02	1.19e-02	4.73e-04
 2.87074e+22	1.14e-27	6.51e-15	3.51e-12	2.39e-10	9.46e-07	2.30e-04	1.08e-02	9.95e-02	2.80e-01	3.05e-01	1.39e-01	6.76e-02	8.75e-02	1.07e-02	4.11e-04
 2.89010e+22	1.55e-27	8.49e-15	4.37e-12	2.83e-10	1.08e-06	2.58e-04	1.19e-02	1.07e-01	2.90e-01	3.05e-01	1.34e-01	6.33e-02	7.89e-02	9.23e-03	3.39e-04
 2.90968e+22	1.97e-27	1.04e-14	5.20e-12	3.24e-10	1.19e-06	2.82e-04	1.29e-02	1.14e-01	2.98e-01	3.04e-01	1.30e-01	6.00e-02	7.28e-02	8.22e-03	2.91e-04
 2.92958e+22	2.68e-27	1.37e-14	6.51e-12	3.84e-10	1.35e-06	3.16e-04	1.42e-02	1.23e-01	3.08e-01	3.02e-01	1.24e-01	5.57e-02	6.50e-02	7.00e-03	2.37e-04
 2.94970e+22	3.40e-27	1.70e-14	7.77e-12	4.40e-10	1.49e-06	3.46e-04	1.53e-02	1.30e-01	3.16e-01	3.01e-01	1.19e-01	5.25e-02	5.96e-02	6.18e-03	2.02e-04
 2.97014e+22	4.63e-27	2.25e-14	9.78e-12	5.24e-10	1.70e-06	3.87e-04	1.69e-02	1.40e-01	3.25e-01	2.97e-01	1.13e-01	4.85e-02	5.28e-02	5.22e-03	1.62e-04
 2.99096e+22	5.95e-27	2.82e-14	1.18e-11	6.02e-10	1.88e-06	4.24e-04	1.83e-02	1.48e-01	3.33e-01	2.94e-01	1.08e-01	4.54e-02	4.79e-02	4.55e-03	1.36e-04
 3.01230e+22	8.19e-27	3.79e-14	1.49e-11	7.22e-10	2.13e-06	4.75e-04	2.01e-02	1.60e-01	3.41e-01	2.89e-01	1.02e-01	4.15e-02	4.19e-02	3.78e-03	1.07e-04
 3.03402e+22	1.05e-26	4.80e-14	1.81e-11	8.35e-10	2.36e-06	5.20e-04	2.17e-02	1.69e-01	3.48e-01	2.84e-01	9.69e-02	3.85e-02	3.76e-02	3.25e-03	8.84e-05
 3.05626e+22	1.46e-26	6.56e-14	2.33e-11	1.01e-09	2.70e-06	5.84e-04	2.40e-02	1.82e-01	3.56e-01	2.77e-01	9.03e-02	3.49e-02	3.25e-02	2.66e-03	6.84e-05
 3.07875e+22	1.89e-26	8.41e-14	2.84e-11	1.17e-09	2.99e-06	6.40e-04	2.59e-02	1.93e-01	3.61e-01	2.71e-01	8.51e-02	3.22e-02	2.89e-02	2.26e-03	5.57e-05
 3.09777e+22	2.38e-26	1.06e-13	3.41e-11	1.35e-09	3.30e-06	6.96e-04	2.78e-02	2.03e-01	3.66e-01	2.65e-01	8.04e-02	2.98e-02	2.59e-02	1.94e-03	4.59e-05
 3.11856e+22	3.21e-26	1.42e-13	4.33e-11	1.62e-09	3.73e-06	7.74e-04	3.03e-02	2.17e-01	3.70e-01	2.56e-01	7.44e-02	2.70e-02	2.24e-02	1.59e-03	3.57e-05
 3.13941e+22	4.05e-26	1.80e-13	5.23e-11	1.87e-09	4.12e-06	8.42e-04	3.25e-02	2.28e-01	3.74e-01	2.49e-01	6.98e-02	2.49e-02	1.99e-02	1.36e-03	2.92e-05
 3.15979e+22	5.35e-26	2.41e-13	6.60e-11	2.23e-09	4.67e-06	9.34e-04	3.53e-02	2.42e-01	3.77e-01	2.40e-01	6.44e-02	2.25e-02	1.72e-02	1.11e-03	2.27e-05
 3.18057e+22	6.79e-26	3.09e-13	8.06e-11	2.61e-09	5.20e-06	1.02e-03	3.79e-02	2.54e-01	3.78e-01	2.32e-01	5.99e-02	2.06e-02	1.51e-02	9.37e-04	1.83e-05
 3.20100e+22	8.83e-26	4.14e-13	1.02e-10	3.12e-09	5.89e-06	1.13e-03	4.11e-02	2.69e-01	3.80e-01	2.22e-01	5.50e-02	1.85e-02	1.30e-02	7.67e-04	1.42e-05
 3.22185e+22	1.12e-25	5.40e-13	1.26e-10	3.70e-09	6.62e-06	1.24e-03	4.42e-02	2.83e-01	3.80e-01	2.12e-01	5.07e-02	1.68e-02	1.13e-02	6.37e-04	1.13e-05
 3.24230e+22	1.44e-25	7.16e-13	1.58e-10	4.43e-09	7.52e-06	1.37e-03	4.77e-02	2.98e-01	3.79e-01	2.02e-01	4.63e-02	1.51e-02	9.78e-03	5.22e-04	8.82e-06
 3.26295e+22	1.84e-25	9.44e-13	1.97e-10	5.29e-09	8.53e-06	1.52e-03	5.14e-02	3.13e-01	3.77e-01	1.93e-01	4.24e-02	1.36e-02	8.43e-03	4.29e-04	6.91e-06
 3.28334e+22	2.34e-25	1.25e-12	2.47e-10	6.35e-09	9.71e-06	1.68e-03	5.53e-02	3.28e-01	3.74e-01	1.83e-01	3.86e-02	1.22e-02	7.25e-03	3.51e-04	5.39e-06
 3.30368e+22	2.97e-25	1.65e-12	3.09e-10	7.63e-09	1.11e-05	1.85e-03	5.94e-02	3.43e-01	3.71e-01	1.73e-01	3.51e-02	1.10e-02	6.23e-03	2.88e-04	4.21e-06
 3.32405e+22	3.77e-25	2.18e-12	3.89e-10	9.20e-09	1.27e-05	2.05e-03	6.39e-02	3.58e-01	3.66e-01	1.63e-01	3.17e-02	9.83e-03	5.33e-03	2.35e-04	3.27e-06
 3.34448e+22	4.79e-25	2.88e-12	4.88e-10	1.11e-08	1.45e-05	2.27e-03	6.86e-02	3.73e-01	3.61e-01	1.53e-01	2.87e-02	8.78e-03	4.55e-03	1.91e-04	2.54e-06
 3.36499e+22	6.09e-25	3.81e-12	6.15e-10	1.35e-08	1.67e-05	2.52e-03	7.36e-02	3.89e-01	3.54e-01	1.43e-01	2.58e-02	7.82e-03	3.88e-03	1.55e-04	1.96e-06
 3.38567e+22	7.76e-25	5.05e-12	7.75e-10	1.64e-08	1.93e-05	2.79e-03	7.90e-02	4.04e-01	3.47e-01	1.34e-01	2.32e-02	6.94e-03	3.29e-03	1.25e-04	1.51e-06
 3.40654e+22	9.92e-25	6.69e-12	9.80e-10	2.00e-08	2.23e-05	3.10e-03	8.47e-02	4.18e-01	3.39e-01	1.25e-01	2.07e-02	6.15e-03	2.79e-03	1.01e-04	1.16e-06
 3.42754e+22	1.27e-24	8.84e-12	1.24e-09	2.43e-08	2.57e-05	3.45e-03	9.06e-02	4.33e-01	3.31e-01	1.16e-01	1.85e-02	5.43e-03	2.35e-03	8.13e-05	8.92e-07
 3.44885e+22	1.64e-24	1.17e-11	1.57e-09	2.99e-08	2.99e-05	3.83e-03	9.71e-02	4.47e-01	3.21e-01	1.07e-01	1.65e-02	4.78e-03	1.98e-03	6.49e-05	6.78e-07
 3.47037e+22	2.11e-24	1.55e-11	1.98e-09	3.65e-08	3.47e-05	4.26e-03	1.04e-01	4.61e-01	3.12e-01	9.90e-02	1.46e-02	4.20e-03	1.66e-03	5.20e-05	5.18e-07
 3.49233e+22	2.82e-24	2.06e-11	2.53e-09	4.50e-08	4.05e-05	4.74e-03	1.11e-01	4.74e-01	3.01e-01	9.10e-02	1.29e-02	3.67e-03	1.38e-03	4.11e-05	3.89e-07
 3.51466e+22	3.67e-24	2.72e-11	3.20e-09	5.53e-08	4.71e-05	5.27e-03	1.18e-01	4.86e-01	2.90e-01	8.36e-02	1.14e-02	3.21e-03	1.15e-03	3.27e-05	2.94e-07
 3.53509e+22	4.61e-24	3.43e-11	3.89e-09	6.57e-08	5.35e-05	5.75e-03	1.25e-01	4.96e-01	2.81e-01	7.77e-02	1.02e-02	2.86e-03	9.90e-04	2.69e-05	2.32e-07
 3.55645e+22	6.17e-24	4.59e-11	5.00e-09	8.18e-08	6.29e-05	6.43e-03	1.33e-01	5.08e-01	2.69e-01	7.06e-02	8.92e-03	2.46e-03	8.12e-04	2.09e-05	1.71e-07
 3.57813e+22	7.82e-24	5.77e-11	6.10e-09	9.73e-08	7.14e-05	7.01e-03	1.40e-01	5.16e-01	2.60e-01	6.54e-02	8.00e-03	2.19e-03	6.94e-04	1.71e-05	1.35e-07
 3.60042e+22	1.06e-23	7.73e-11	7.86e-09	1.22e-07	8.43e-05	7.84e-03	1.50e-01	5.27e-01	2.47e-01	5.91e-02	6.92e-03	1.87e-03	5.64e-04	1.32e-05	0.00e+00
 3.62280e+22	1.36e-23	9.66e-11	9.55e-09	1.45e-07	9.56e-05	8.54e-03	1.57e-01	5.34e-01	2.37e-01	5.46e-02	6.19e-03	1.66e-03	4.81e-04	1.08e-05	0.00e+00
 3.64530e+22	1.85e-23	1.29e-10	1.23e-08	1.81e-07	1.13e-04	9.53e-03	1.67e-01	5.42e-01	2.25e-01	4.92e-02	5.34e-03	1.41e-03	3.90e-04	8.26e-06	0.00e+00
 3.66787e+22	2.36e-23	1.59e-10	1.48e-08	2.14e-07	1.27e-04	1.03e-02	1.75e-01	5.47e-01	2.16e-01	4.54e-02	4.78e-03	1.25e-03	3.33e-04	6.76e-06	0.00e+00
 3.69052e+22	3.23e-23	2.10e-10	1.89e-08	2.66e-07	1.49e-04	1.15e-02	1.86e-01	5.53e-01	2.04e-01	4.08e-02	4.12e-03	1.06e-03	2.70e-04	5.19e-06	0.00e+00
 3.71341e+22	4.13e-23	2.60e-10	2.28e-08	3.15e-07	1.69e-04	1.25e-02	1.94e-01	5.56e-01	1.95e-01	3.76e-02	3.68e-03	9.40e-04	2.29e-04	4.24e-06	0.00e+00
 3.73660e+22	5.67e-23	3.41e-10	2.91e-08	3.92e-07	1.98e-04	1.38e-02	2.05e-01	5.60e-01	1.83e-01	3.37e-02	3.16e-03	7.97e-04	1.85e-04	3.24e-06	0.00e+00
 3.76008e+22	7.26e-23	4.20e-10	3.51e-08	4.63e-07	2.24e-04	1.50e-02	2.13e-01	5.62e-01	1.75e-01	3.09e-02	2.81e-03	7.01e-04	1.57e-04	2.63e-06	0.00e+00
 3.78393e+22	1.00e-22	5.49e-10	4.47e-08	5.76e-07	2.63e-04	1.66e-02	2.25e-01	5.64e-01	1.63e-01	2.76e-02	2.41e-03	5.92e-04	1.26e-04	2.00e-06	0.00e+00
 3.80822e+22	1.29e-22	6.77e-10	5.39e-08	6.83e-07	2.97e-04	1.80e-02	2.34e-01	5.64e-01	1.55e-01	2.52e-02	2.14e-03	5.18e-04	1.06e-04	1.61e-06	0.00e+00
 3.83307e+22	1.79e-22	8.87e-10	6.89e-08	8.54e-07	3.49e-04	1.99e-02	2.47e-01	5.64e-01	1.45e-01	2.24e-02	1.82e-03	4.34e-04	8.49e-05	1.22e-06	0.00e+00
 3.85847e+22	2.32e-22	1.10e-09	8.35e-08	1.02e-06	3.96e-04	2.16e-02	2.56e-01	5.63e-01	1.37e-01	2.04e-02	1.60e-03	3.78e-04	7.11e-05	9.74e-07	0.00e+00
 3.88459e+22	3.25e-22	1.44e-09	1.07e-07	1.28e-06	4.67e-04	2.39e-02	2.69e-01	5.60e-01	1.26e-01	1.80e-02	1.36e-03	3.14e-04	5.61e-05	7.26e-07	0.00e+00
 3.91124e+22	4.25e-22	1.78e-09	1.30e-07	1.52e-06	5.30e-04	2.59e-02	2.80e-01	5.57e-01	1.19e-01	1.64e-02	1.19e-03	2.72e-04	4.67e-05	5.77e-07	0.00e+00
 3.93374e+22	5.37e-22	2.15e-09	1.55e-07	1.79e-06	5.95e-04	2.79e-02	2.89e-01	5.54e-01	1.13e-01	1.50e-02	1.06e-03	2.39e-04	3.96e-05	4.69e-07	0.00e+00
 3.95812e+22	7.27e-22	2.74e-09	1.94e-07	2.19e-06	6.89e-04	3.05e-02	3.01e-01	5.49e-01	1.05e-01	1.34e-02	9.09e-04	2.01e-04	3.19e-05	3.58e-07	0.00e+00
 3.98182e+22	9.01e-22	3.25e-09	2.27e-07	2.53e-06	7.63e-04	3.25e-02	3.10e-01	5.45e-01	9.92e-02	1.23e-02	8.16e-04	1.78e-04	2.74e-05	2.96e-07	0.00e+00
 4.00462e+22	1.19e-21	4.05e-09	2.80e-07	3.06e-06	8.75e-04	3.54e-02	3.21e-01	5.39e-01	9.23e-02	1.10e-02	7.06e-04	1.52e-04	2.24e-05	2.30e-07	0.00e+00
 4.02764e+22	1.47e-21	4.80e-09	3.27e-07	3.53e-06	9.68e-04	3.76e-02	3.29e-01	5.33e-01	8.75e-02	1.02e-02	6.34e-04	1.35e-04	1.92e-05	1.90e-07	0.00e+00
 4.05096e+22	1.94e-21	5.97e-09	4.01e-07	4.26e-06	1.11e-03	4.09e-02	3.41e-01	5.26e-01	8.12e-02	9.12e-03	5.47e-04	1.15e-04	1.56e-05	1.47e-07	0.00e+00
 4.07460e+22	2.41e-21	7.08e-09	4.71e-07	4.93e-06	1.23e-03	4.35e-02	3.50e-01	5.20e-01	7.67e-02	8.39e-03	4.90e-04	1.01e-04	1.34e-05	0.00e+00	0.00e+00
 4.09868e+22	3.17e-21	8.82e-09	5.79e-07	5.97e-06	1.41e-03	4.72e-02	3.61e-01	5.11e-01	7.09e-02	7.48e-03	4.22e-04	8.56e-05	1.08e-05	0.00e+00	0.00e+00
 4.12310e+22	3.96e-21	1.05e-08	6.80e-07	6.90e-06	1.56e-03	5.02e-02	3.70e-01	5.04e-01	6.68e-02	6.87e-03	3.76e-04	7.54e-05	9.24e-06	0.00e+00	0.00e+00
 4.14796e+22	5.24e-21	1.31e-08	8.39e-07	8.39e-06	1.79e-03	5.45e-02	3.81e-01	4.94e-01	6.15e-02	6.11e-03	3.22e-04	6.35e-05	7.45e-06	0.00e+00	0.00e+00
 4.17326e+22	6.56e-21	1.56e-08	9.89e-07	9.74e-06	1.99e-03	5.80e-02	3.90e-01	4.86e-01	5.78e-02	5.58e-03	2.86e-04	5.56e-05	6.31e-06	0.00e+00	0.00e+00
 4.19911e+22	8.71e-21	1.95e-08	1.22e-06	1.19e-05	2.28e-03	6.30e-02	4.02e-01	4.75e-01	5.30e-02	4.95e-03	2.44e-04	4.67e-05	5.06e-06	0.00e+00	0.00e+00
 4.22561e+22	1.10e-20	2.33e-08	1.45e-06	1.39e-05	2.55e-03	6.71e-02	4.11e-01	4.65e-01	4.94e-02	4.50e-03	2.15e-04	4.06e-05	4.24e-06	0.00e+00	0.00e+00
 4.25295e+22	1.48e-20	2.94e-08	1.81e-06	1.70e-05	2.94e-03	7.29e-02	4.22e-01	4.53e-01	4.51e-02	3.96e-03	1.82e-04	3.37e-05	3.37e-06	0.00e+00	0.00e+00
 4.28100e+22	1.88e-20	3.55e-08	2.16e-06	2.00e-05	3.29e-03	7.78e-02	4.31e-01	4.42e-01	4.18e-02	3.58e-03	1.60e-04	2.91e-05	2.80e-06	0.00e+00	0.00e+00
 4.30996e+22	2.55e-20	4.50e-08	2.71e-06	2.47e-05	3.80e-03	8.47e-02	4.42e-01	4.28e-01	3.78e-02	3.13e-03	1.34e-04	2.39e-05	2.19e-06	0.00e+00	0.00e+00
 4.33915e+22	3.26e-20	5.43e-08	3.24e-06	2.89e-05	4.25e-03	9.01e-02	4.50e-01	4.17e-01	3.51e-02	2.83e-03	1.17e-04	2.07e-05	1.82e-06	0.00e+00	0.00e+00
 4.36866e+22	4.41e-20	6.89e-08	4.07e-06	3.58e-05	4.92e-03	9.79e-02	4.61e-01	4.02e-01	3.15e-02	2.47e-03	9.78e-05	1.69e-05	1.42e-06	0.00e+00	0.00e+00
 4.39846e+22	5.64e-20	8.31e-08	4.85e-06	4.19e-05	5.49e-03	1.04e-01	4.68e-01	3.91e-01	2.92e-02	2.22e-03	8.55e-05	1.46e-05	1.18e-06	0.00e+00	0.00e+00
 4.42865e+22	7.64e-20	1.05e-07	6.10e-06	5.19e-05	6.35e-03	1.13e-01	4.77e-01	3.75e-01	2.61e-02	1.93e-03	7.10e-05	1.19e-05	9.13e-07	0.00e+00	0.00e+00
 4.45933e+22	9.83e-20	1.28e-07	7.30e-06	6.10e-05	7.09e-03	1.20e-01	4.84e-01	3.63e-01	2.40e-02	1.73e-03	6.17e-05	1.02e-05	7.52e-07	0.00e+00	0.00e+00
 4.48644e+22	1.25e-19	1.53e-07	8.72e-06	7.18e-05	7.92e-03	1.27e-01	4.90e-01	3.51e-01	2.20e-02	1.55e-03	5.34e-05	8.68e-06	6.16e-07	0.00e+00	0.00e+00
 4.51743e+22	1.70e-19	1.94e-07	1.09e-05	8.83e-05	9.11e-03	1.37e-01	4.97e-01	3.35e-01	1.97e-02	1.35e-03	4.44e-05	7.09e-06	4.79e-07	0.00e+00	0.00e+00
 4.54898e+22	2.17e-19	2.35e-07	1.31e-05	1.05e-04	1.02e-02	1.46e-01	5.02e-01	3.22e-01	1.79e-02	1.20e-03	3.80e-05	6.00e-06	3.88e-07	0.00e+00	0.00e+00
 4.57456e+22	2.69e-19	2.77e-07	1.53e-05	1.20e-04	1.12e-02	1.53e-01	5.06e-01	3.12e-01	1.65e-02	1.09e-03	3.35e-05	5.22e-06	3.26e-07	0.00e+00	0.00e+00
 4.60112e+22	3.47e-19	3.35e-07	1.84e-05	1.42e-04	1.25e-02	1.62e-01	5.10e-01	2.99e-01	1.50e-02	9.70e-04	2.88e-05	4.42e-06	2.65e-07	0.00e+00	0.00e+00
 4.62903e+22	4.34e-19	3.97e-07	2.16e-05	1.64e-04	1.38e-02	1.71e-01	5.13e-01	2.88e-01	1.38e-02	8.74e-04	2.51e-05	3.81e-06	2.20e-07	0.00e+00	0.00e+00
 4.65463e+22	5.40e-19	4.69e-07	2.53e-05	1.90e-04	1.52e-02	1.79e-01	5.15e-01	2.77e-01	1.27e-02	7.88e-04	2.19e-05	3.29e-06	1.83e-07	0.00e+00	0.00e+00
 4.68386e+22	7.12e-19	5.78e-07	3.08e-05	2.27e-04	1.71e-02	1.90e-01	5.17e-01	2.63e-01	1.14e-02	6.92e-04	1.84e-05	2.73e-06	1.45e-07	0.00e+00	0.00e+00
 4.71383e+22	8.98e-19	6.91e-07	3.66e-05	2.66e-04	1.90e-02	2.00e-01	5.18e-01	2.51e-01	1.03e-02	6.15e-04	1.58e-05	2.31e-06	0.00e+00	0.00e+00	0.00e+00
 4.74013e+22	1.12e-18	8.16e-07	4.28e-05	3.06e-04	2.08e-02	2.10e-01	5.18e-01	2.41e-01	9.40e-03	5.53e-04	1.37e-05	1.99e-06	0.00e+00	0.00e+00	0.00e+00
 4.76968e+22	1.48e-18	1.00e-06	5.20e-05	3.65e-04	2.34e-02	2.22e-01	5.18e-01	2.28e-01	8.40e-03	4.85e-04	1.15e-05	1.65e-06	0.00e+00	0.00e+00	0.00e+00
 4.80064e+22	1.88e-18	1.20e-06	6.19e-05	4.29e-04	2.59e-02	2.33e-01	5.17e-01	2.16e-01	7.54e-03	4.28e-04	9.81e-06	1.39e-06	0.00e+00	0.00e+00	0.00e+00
 4.82864e+22	2.36e-18	1.43e-06	7.28e-05	4.97e-04	2.85e-02	2.43e-01	5.15e-01	2.06e-01	6.84e-03	3.82e-04	8.45e-06	1.18e-06	0.00e+00	0.00e+00	0.00e+00
 4.86029e+22	3.16e-18	1.78e-06	8.93e-05	5.96e-04	3.20e-02	2.57e-01	5.11e-01	1.93e-01	6.03e-03	3.31e-04	6.99e-06	9.66e-07	0.00e+00	0.00e+00	0.00e+00
 4.89291e+22	4.04e-18	2.14e-06	1.07e-04	7.03e-04	3.56e-02	2.69e-01	5.07e-01	1.81e-01	5.37e-03	2.90e-04	5.88e-06	8.04e-07	0.00e+00	0.00e+00	0.00e+00
 4.92192e+22	5.12e-18	2.55e-06	1.26e-04	8.14e-04	3.90e-02	2.80e-01	5.03e-01	1.71e-01	4.83e-03	2.57e-04	5.02e-06	6.80e-07	0.00e+00	0.00e+00	0.00e+00
 4.95478e+22	6.89e-18	3.17e-06	1.54e-04	9.79e-04	4.38e-02	2.95e-01	4.97e-01	1.59e-01	4.22e-03	2.21e-04	4.11e-06	5.50e-07	0.00e+00	0.00e+00	0.00e+00
 4.98892e+22	8.93e-18	3.84e-06	1.85e-04	1.15e-03	4.86e-02	3.07e-01	4.90e-01	1.49e-01	3.73e-03	1.92e-04	3.42e-06	4.54e-07	0.00e+00	0.00e+00	0.00e+00
 5.01965e+22	1.14e-17	4.60e-06	2.19e-04	1.35e-03	5.34e-02	3.19e-01	4.83e-01	1.39e-01	3.32e-03	1.68e-04	2.88e-06	3.79e-07	0.00e+00	0.00e+00	0.00e+00
 5.05452e+22	1.56e-17	5.80e-06	2.72e-04	1.63e-03	6.01e-02	3.35e-01	4.72e-01	1.28e-01	2.85e-03	1.42e-04	2.31e-06	3.00e-07	0.00e+00	0.00e+00	0.00e+00
 5.09036e+22	2.02e-17	7.02e-06	3.26e-04	1.92e-03	6.63e-02	3.47e-01	4.63e-01	1.19e-01	2.50e-03	1.23e-04	1.91e-06	2.46e-07	0.00e+00	0.00e+00	0.00e+00
 5.12258e+22	2.61e-17	8.46e-06	3.88e-04	2.25e-03	7.29e-02	3.59e-01	4.53e-01	1.10e-01	2.19e-03	1.06e-04	1.58e-06	2.02e-07	0.00e+00	0.00e+00	0.00e+00
 5.15960e+22	3.63e-17	1.08e-05	4.85e-04	2.75e-03	8.21e-02	3.75e-01	4.39e-01	9.93e-02	1.85e-03	8.80e-05	1.24e-06	1.57e-07	0.00e+00	0.00e+00	0.00e+00
 5.19690e+22	4.68e-17	1.30e-05	5.78e-04	3.23e-03	9.03e-02	3.87e-01	4.26e-01	9.12e-02	1.60e-03	7.55e-05	1.01e-06	1.27e-07	0.00e+00	0.00e+00	0.00e+00
 5.23456e+22	6.53e-17	1.64e-05	7.19e-04	3.92e-03	1.01e-01	4.00e-01	4.11e-01	8.21e-02	1.35e-03	6.25e-05	7.95e-07	0.00e+00	0.00e+00	0.00e+00	0.00e+00
 5.27309e+22	8.60e-17	2.01e-05	8.64e-04	4.63e-03	1.11e-01	4.12e-01	3.96e-01	7.45e-02	1.16e-03	5.28e-05	6.39e-07	0.00e+00	0.00e+00	0.00e+00	0.00e+00
 5.30704e+22	1.12e-16	2.42e-05	1.03e-03	5.40e-03	1.21e-01	4.21e-01	3.82e-01	6.80e-02	9.99e-04	4.51e-05	5.21e-07	0.00e+00	0.00e+00	0.00e+00	0.00e+00
 5.34546e+22	1.56e-16	3.07e-05	1.28e-03	6.57e-03	1.35e-01	4.33e-01	3.63e-01	6.01e-02	8.25e-04	3.66e-05	3.99e-07	0.00e+00	0.00e+00	0.00e+00	0.00e+00
 5.38481e+22	2.01e-16	3.73e-05	1.53e-03	7.72e-03	1.48e-01	4.41e-01	3.47e-01	5.41e-02	7.00e-04	3.07e-05	3.18e-07	0.00e+00	0.00e+00	0.00e+00	0.00e+00
 5.42537e+22	2.84e-16	4.79e-05	1.91e-03	9.39e-03	1.64e-01	4.50e-01	3.27e-01	4.73e-02	5.71e-04	2.46e-05	2.40e-07	0.00e+00	0.00e+00	0.00e+00	0.00e+00
 5.46654e+22	3.78e-16	5.86e-05	2.29e-03	1.10e-02	1.79e-01	4.56e-01	3.10e-01	4.21e-02	4.80e-04	2.04e-05	1.89e-07	0.00e+00	0.00e+00	0.00e+00	0.00e+00
 5.50851e+22	5.49e-16	7.56e-05	2.87e-03	1.35e-02	1.98e-01	4.61e-01	2.88e-01	3.61e-02	3.83e-04	1.60e-05	1.39e-07	0.00e+00	0.00e+00	0.00e+00	0.00e+00
 5.55072e+22	7.32e-16	9.22e-05	3.42e-03	1.57e-02	2.14e-01	4.64e-01	2.70e-01	3.19e-02	3.20e-04	1.32e-05	0.00e+00	0.00e+00	0.00e+00	0.00e+00	0.00e+00
 5.58710e+22	9.65e-16	1.11e-04	4.04e-03	1.83e-02	2.31e-01	4.65e-01	2.54e-01	2.82e-02	2.68e-04	1.09e-05	0.00e+00	0.00e+00	0.00e+00	0.00e+00	0.00e+00
 5.62825e+22	1.39e-15	1.42e-04	5.00e-03	2.19e-02	2.52e-01	4.64e-01	2.33e-01	2.40e-02	2.14e-04	8.54e-06	0.00e+00	0.00e+00	0.00e+00	0.00e+00	0.00e+00
 5.66751e+22	1.79e-15	1.69e-04	5.80e-03	2.49e-02	2.67e-01	4.62e-01	2.19e-01	2.14e-02	1.81e-04	7.15e-06	0.00e+00	0.00e+00	0.00e+00	0.00e+00	0.00e+00
 5.70431e+22	2.49e-15	2.10e-04	6.98e-03	2.92e-02	2.88e-01	4.57e-01	2.01e-01	1.83e-02	1.46e-04	5.68e-06	0.00e+00	0.00e+00	0.00e+00	0.00e+00	0.00e+00
 5.74120e+22	3.23e-15	2.48e-04	8.05e-03	3.29e-02	3.03e-01	4.52e-01	1.87e-01	1.62e-02	1.24e-04	4.74e-06	0.00e+00	0.00e+00	0.00e+00	0.00e+00	0.00e+00
 5.77820e+22	4.51e-15	3.07e-04	9.64e-03	3.83e-02	3.24e-01	4.44e-01	1.70e-01	1.38e-02	9.93e-05	3.74e-06	0.00e+00	0.00e+00	0.00e+00	0.00e+00	0.00e+00
 5.81608e+22	6.00e-15	3.67e-04	1.12e-02	4.34e-02	3.41e-01	4.36e-01	1.57e-01	1.20e-02	8.24e-05	3.05e-06	0.00e+00	0.00e+00	0.00e+00	0.00e+00	0.00e+00
 5.85511e+22	8.67e-15	4.59e-04	1.34e-02	5.05e-02	3.62e-01	4.23e-01	1.41e-01	1.00e-02	6.50e-05	2.36e-06	0.00e+00	0.00e+00	0.00e+00	0.00e+00	0.00e+00
 5.89448e+22	1.19e-14	5.48e-04	1.55e-02	5.67e-02	3.78e-01	4.12e-01	1.28e-01	8.63e-03	5.36e-05	1.92e-06	0.00e+00	0.00e+00	0.00e+00	0.00e+00	0.00e+00
 5.93427e+22	1.76e-14	6.87e-04	1.86e-02	6.60e-02	3.99e-01	3.96e-01	1.13e-01	7.06e-03	4.13e-05	1.45e-06	0.00e+00	0.00e+00	0.00e+00	0.00e+00	0.00e+00
 5.97399e+22	2.42e-14	8.17e-04	2.14e-02	7.35e-02	4.13e-01	3.82e-01	1.03e-01	6.05e-03	3.39e-05	1.17e-06	0.00e+00	0.00e+00	0.00e+00	0.00e+00	0.00e+00
 6.00584e+22	3.24e-14	9.48e-04	2.40e-02	8.06e-02	4.25e-01	3.70e-01	9.38e-02	5.28e-03	2.85e-05	9.65e-07	0.00e+00	0.00e+00	0.00e+00	0.00e+00	0.00e+00
 6.03946e+22	4.64e-14	1.14e-03	2.77e-02	9.01e-02	4.39e-01	3.54e-01	8.38e-02	4.44e-03	2.29e-05	7.62e-07	0.00e+00	0.00e+00	0.00e+00	0.00e+00	0.00e+00
 6.07358e+22	6.38e-14	1.32e-03	3.11e-02	9.84e-02	4.50e-01	3.40e-01	7.59e-02	3.83e-03	1.91e-05	6.23e-07	0.00e+00	0.00e+00	0.00e+00	0.00e+00	0.00e+00
 6.10359e+22	8.57e-14	1.52e-03	3.48e-02	1.07e-01	4.59e-01	3.26e-01	6.88e-02	3.31e-03	1.59e-05	5.11e-07	0.00e+00	0.00e+00	0.00e+00	0.00e+00	0.00e+00
 6.13786e+22	1.31e-13	1.83e-03	3.99e-02	1.19e-01	4.69e-01	3.07e-01	6.05e-02	2.74e-03	1.26e-05	3.97e-07	0.00e+00	0.00e+00	0.00e+00	0.00e+00	0.00e+00
 6.17254e+22	1.94e-13	2.12e-03	4.46e-02	1.29e-01	4.76e-01	2.92e-01	5.42e-02	2.33e-03	1.04e-05	3.20e-07	0.00e+00	0.00e+00	0.00e+00	0.00e+00	0.00e+00
 6.20293e+22	2.74e-13	2.44e-03	4.96e-02	1.39e-01	4.82e-01	2.77e-01	4.85e-02	1.99e-03	8.57e-06	2.59e-07	0.00e+00	0.00e+00	0.00e+00	0.00e+00	0.00e+00
 6.23758e+22	5.16e-13	2.93e-03	5.66e-02	1.53e-01	4.87e-01	2.57e-01	4.19e-02	1.62e-03	6.67e-06	1.97e-07	0.00e+00	0.00e+00	0.00e+00	0.00e+00	0.00e+00
 6.27250e+22	7.65e-13	3.37e-03	6.27e-02	1.64e-01	4.89e-01	2.42e-01	3.72e-02	1.37e-03	5.47e-06	1.58e-07	0.00e+00	0.00e+00	0.00e+00	0.00e+00	0.00e+00
 6.30779e+22	1.46e-12	4.02e-03	7.11e-02	1.78e-01	4.90e-01	2.23e-01	3.18e-02	1.10e-03	4.23e-06	0.00e+00	0.00e+00	0.00e+00	0.00e+00	0.00e+00	0.00e+00
 6.34363e+22	2.96e-12	4.65e-03	7.87e-02	1.91e-01	4.90e-01	2.08e-01	2.78e-02	9.15e-04	3.40e-06	0.00e+00	0.00e+00	0.00e+00	0.00e+00	0.00e+00	0.00e+00
 6.37517e+22	5.51e-12	5.33e-03	8.66e-02	2.03e-01	4.87e-01	1.93e-01	2.43e-02	7.64e-04	2.75e-06	0.00e+00	0.00e+00	0.00e+00	0.00e+00	0.00e+00	0.00e+00
 6.41117e+22	1.43e-11	6.32e-03	9.74e-02	2.18e-01	4.82e-01	1.75e-01	2.04e-02	6.04e-04	2.09e-06	0.00e+00	0.00e+00	0.00e+00	0.00e+00	0.00e+00	0.00e+00
 6.44794e+22	3.02e-11	7.28e-03	1.07e-01	2.31e-01	4.76e-01	1.61e-01	1.75e-02	4.93e-04	1.65e-06	0.00e+00	0.00e+00	0.00e+00	0.00e+00	0.00e+00	0.00e+00
 6.48077e+22	6.20e-11	8.34e-03	1.17e-01	2.44e-01	4.68e-01	1.47e-01	1.51e-02	4.04e-04	1.31e-06	0.00e+00	0.00e+00	0.00e+00	0.00e+00	0.00e+00	0.00e+00
 6.51849e+22	1.45e-10	9.89e-03	1.31e-01	2.60e-01	4.56e-01	1.31e-01	1.23e-02	3.10e-04	9.72e-07	0.00e+00	0.00e+00	0.00e+00	0.00e+00	0.00e+00	0.00e+00
 6.55679e+22	2.53e-10	1.14e-02	1.43e-01	2.72e-01	4.45e-01	1.18e-01	1.04e-02	2.49e-04	7.54e-07	0.00e+00	0.00e+00	0.00e+00	0.00e+00	0.00e+00	0.00e+00
 6.59582e+22	4.70e-10	1.34e-02	1.59e-01	2.87e-01	4.29e-01	1.03e-01	8.40e-03	1.89e-04	5.51e-07	0.00e+00	0.00e+00	0.00e+00	0.00e+00	0.00e+00	0.00e+00
 6.63588e+22	9.88e-10	1.55e-02	1.73e-01	3.00e-01	4.13e-01	9.15e-02	6.91e-03	1.47e-04	4.15e-07	0.00e+00	0.00e+00	0.00e+00	0.00e+00	0.00e+00	0.00e+00
 6.67131e+22	1.78e-09	1.76e-02	1.87e-01	3.10e-01	3.98e-01	8.13e-02	5.73e-03	1.16e-04	3.18e-07	0.00e+00	0.00e+00	0.00e+00	0.00e+00	0.00e+00	0.00e+00
 6.71139e+22	5.27e-09	2.08e-02	2.05e-01	3.23e-01	3.77e-01	6.96e-02	4.49e-03	8.52e-05	2.25e-07	0.00e+00	0.00e+00	0.00e+00	0.00e+00	0.00e+00	0.00e+00
 6.75254e+22	1.13e-08	2.37e-02	2.21e-01	3.32e-01	3.59e-01	6.08e-02	3.65e-03	6.57e-05	1.68e-07	0.00e+00	0.00e+00	0.00e+00	0.00e+00	0.00e+00	0.00e+00
 6.79507e+22	3.82e-08	2.78e-02	2.41e-01	3.42e-01	3.35e-01	5.10e-02	2.79e-03	4.70e-05	0.00e+00	0.00e+00	0.00e+00	0.00e+00	0.00e+00	0.00e+00	0.00e+00
 6.83220e+22	8.60e-08	3.07e-02	2.54e-01	3.47e-01	3.21e-01	4.57e-02	2.36e-03	3.82e-05	0.00e+00	0.00e+00	0.00e+00	0.00e+00	0.00e+00	0.00e+00	0.00e+00
 6.85828e+22	1.75e-07	3.33e-02	2.65e-01	3.50e-01	3.08e-01	4.14e-02	2.03e-03	3.19e-05	0.00e+00	0.00e+00	0.00e+00	0.00e+00	0.00e+00	0.00e+00	0.00e+00
 6.88815e+22	2.44e-07	3.71e-02	2.79e-01	3.55e-01	2.91e-01	3.62e-02	1.67e-03	2.50e-05	0.00e+00	0.00e+00	0.00e+00	0.00e+00	0.00e+00	0.00e+00	0.00e+00
 6.91926e+22	3.33e-07	4.07e-02	2.92e-01	3.57e-01	2.77e-01	3.22e-02	1.40e-03	2.02e-05	0.00e+00	0.00e+00	0.00e+00	0.00e+00	0.00e+00	0.00e+00	0.00e+00
 6.95196e+22	4.40e-07	4.54e-02	3.07e-01	3.60e-01	2.59e-01	2.77e-02	1.12e-03	1.55e-05	0.00e+00	0.00e+00	0.00e+00	0.00e+00	0.00e+00	0.00e+00	0.00e+00
 6.98517e+22	5.74e-07	5.00e-02	3.21e-01	3.60e-01	2.44e-01	2.43e-02	9.28e-04	1.23e-05	0.00e+00	0.00e+00	0.00e+00	0.00e+00	0.00e+00	0.00e+00	0.00e+00
 7.01407e+22	7.03e-07	5.45e-02	3.33e-01	3.60e-01	2.30e-01	2.15e-02	7.74e-04	9.88e-06	0.00e+00	0.00e+00	0.00e+00	0.00e+00	0.00e+00	0.00e+00	0.00e+00
 7.04667e+22	8.89e-07	6.05e-02	3.47e-01	3.59e-01	2.14e-01	1.83e-02	6.15e-04	7.51e-06	0.00e+00	0.00e+00	0.00e+00	0.00e+00	0.00e+00	0.00e+00	0.00e+00
 7.08039e+22	1.09e-06	6.61e-02	3.60e-01	3.58e-01	2.00e-01	1.59e-02	5.03e-04	5.90e-06	0.00e+00	0.00e+00	0.00e+00	0.00e+00	0.00e+00	0.00e+00	0.00e+00
 7.11095e+22	1.31e-06	7.22e-02	3.72e-01	3.55e-01	1.87e-01	1.38e-02	4.11e-04	4.64e-06	0.00e+00	0.00e+00	0.00e+00	0.00e+00	0.00e+00	0.00e+00	0.00e+00
 7.14605e+22	1.64e-06	8.04e-02	3.87e-01	3.51e-01	1.71e-01	1.15e-02	3.17e-04	3.41e-06	0.00e+00	0.00e+00	0.00e+00	0.00e+00	0.00e+00	0.00e+00	0.00e+00
 7.18161e+22	1.95e-06	8.76e-02	3.98e-01	3.46e-01	1.58e-01	9.89e-03	2.57e-04	2.66e-06	0.00e+00	0.00e+00	0.00e+00	0.00e+00	0.00e+00	0.00e+00	0.00e+00
 7.21777e+22	2.41e-06	9.74e-02	4.11e-01	3.39e-01	1.44e-01	8.14e-03	1.95e-04	1.93e-06	0.00e+00	0.00e+00	0.00e+00	0.00e+00	0.00e+00	0.00e+00	0.00e+00
 7.25462e+22	2.86e-06	1.06e-01	4.22e-01	3.33e-01	1.32e-01	6.91e-03	1.56e-04	1.48e-06	0.00e+00	0.00e+00	0.00e+00	0.00e+00	0.00e+00	0.00e+00	0.00e+00
 7.29238e+22	3.47e-06	1.18e-01	4.33e-01	3.25e-01	1.19e-01	5.62e-03	1.17e-04	1.06e-06	0.00e+00	0.00e+00	0.00e+00	0.00e+00	0.00e+00	0.00e+00	0.00e+00
 7.33141e+22	4.13e-06	1.29e-01	4.42e-01	3.16e-01	1.08e-01	4.69e-03	9.12e-05	7.91e-07	0.00e+00	0.00e+00	0.00e+00	0.00e+00	0.00e+00	0.00e+00	0.00e+00
 7.36665e+22	4.83e-06	1.40e-01	4.50e-01	3.07e-01	9.82e-02	3.93e-03	7.15e-05	5.96e-07	0.00e+00	0.00e+00	0.00e+00	0.00e+00	0.00e+00	0.00e+00	0.00e+00
 7.40703e+22	5.86e-06	1.55e-01	4.59e-01	2.96e-01	8.67e-02	3.11e-03	5.22e-05	4.14e-07	0.00e+00	0.00e+00	0.00e+00	0.00e+00	0.00e+00	0.00e+00	0.00e+00
 7.44796e+22	6.86e-06	1.69e-01	4.64e-01	2.86e-01	7.82e-02	2.57e-03	4.03e-05	3.07e-07	0.00e+00	0.00e+00	0.00e+00	0.00e+00	0.00e+00	0.00e+00	0.00e+00
 7.48959e+22	8.21e-06	1.86e-01	4.70e-01	2.73e-01	6.85e-02	2.03e-03	2.93e-05	2.12e-07	0.00e+00	0.00e+00	0.00e+00	0.00e+00	0.00e+00	0.00e+00	0.00e+00
 7.53222e+22	9.66e-06	2.04e-01	4.73e-01	2.61e-01	6.10e-02	1.64e-03	2.21e-05	1.53e-07	0.00e+00	0.00e+00	0.00e+00	0.00e+00	0.00e+00	0.00e+00	0.00e+00
