#depth	Ar	Ar+	Ar+2	Ar+3	Ar+4	Ar+5	Ar+6	Ar+7	Ar+8	Ar+9	Ar+10	Ar+11	Ar+12	Ar+13	Ar+14	Ar+15	Ar+16	Ar+17	Ar+18
 4.62852e+21	0.00e+00	0.00e+00	0.00e+00	0.00e+00	5.87e-23	4.28e-20	1.84e-17	5.18e-15	4.65e-12	5.86e-10	3.71e-08	1.15e-06	2.49e-05	2.81e-04	2.08e-03	1.63e-02	2.25e-01	4.55e-01	3.01e-01
 1.05387e+22	0.00e+00	0.00e+00	2.11e-27	4.27e-24	5.24e-21	2.53e-18	7.14e-16	2.33e-13	1.55e-10	1.40e-08	6.18e-07	1.32e-05	1.95e-04	1.47e-03	7.03e-03	3.60e-02	3.29e-01	4.36e-01	1.90e-01
 1.25444e+22	0.00e+00	1.63e-31	6.27e-26	1.03e-22	9.86e-20	3.67e-17	7.93e-15	1.97e-12	1.14e-09	8.57e-08	3.11e-06	5.34e-05	6.37e-04	3.76e-03	1.38e-02	5.46e-02	3.91e-01	4.01e-01	1.35e-01
 1.36303e+22	0.00e+00	1.01e-30	3.52e-25	5.18e-22	4.35e-19	1.41e-16	2.64e-14	5.67e-12	3.07e-09	2.13e-07	7.01e-06	1.08e-04	1.15e-03	5.99e-03	1.92e-02	6.63e-02	4.19e-01	3.77e-01	1.12e-01
 1.40828e+22	0.00e+00	1.62e-30	5.53e-25	7.88e-22	6.40e-19	2.00e-16	3.61e-14	7.44e-12	3.97e-09	2.70e-07	8.66e-06	1.29e-04	1.34e-03	6.76e-03	2.09e-02	6.96e-02	4.26e-01	3.70e-01	1.06e-01
 1.42610e+22	0.00e+00	2.59e-30	8.61e-25	1.19e-21	9.34e-19	2.81e-16	4.89e-14	9.70e-12	5.11e-09	3.40e-07	1.07e-05	1.55e-04	1.56e-03	7.61e-03	2.27e-02	7.29e-02	4.32e-01	3.63e-01	1.00e-01
 1.44629e+22	0.00e+00	4.49e-30	1.45e-24	1.94e-21	1.46e-18	4.22e-16	7.02e-14	1.33e-11	6.89e-09	4.47e-07	1.36e-05	1.91e-04	1.86e-03	8.73e-03	2.50e-02	7.70e-02	4.39e-01	3.54e-01	9.42e-02
 1.46739e+22	0.00e+00	7.27e-30	2.29e-24	2.97e-21	2.16e-18	6.01e-16	9.61e-14	1.75e-11	8.93e-09	5.67e-07	1.68e-05	2.29e-04	2.17e-03	9.84e-03	2.72e-02	8.06e-02	4.45e-01	3.46e-01	8.89e-02
 1.48968e+22	0.00e+00	1.37e-29	4.17e-24	5.19e-21	3.60e-18	9.53e-16	1.45e-13	2.50e-11	1.25e-08	7.75e-07	2.22e-05	2.91e-04	2.65e-03	1.15e-02	3.02e-02	8.55e-02	4.52e-01	3.36e-01	8.23e-02
 1.51187e+22	0.00e+00	2.23e-29	6.64e-24	8.01e-21	5.36e-18	1.36e-15	1.99e-13	3.31e-11	1.63e-08	9.87e-07	2.76e-05	3.50e-04	3.09e-03	1.30e-02	3.28e-02	8.94e-02	4.57e-01	3.27e-01	7.74e-02
 1.53057e+22	0.00e+00	3.62e-29	1.05e-23	1.23e-20	7.90e-18	1.93e-15	2.70e-13	4.30e-11	2.10e-08	1.25e-06	3.40e-05	4.19e-04	3.60e-03	1.46e-02	3.56e-02	9.33e-02	4.61e-01	3.19e-01	7.28e-02
 1.54814e+22	0.00e+00	5.61e-29	1.59e-23	1.80e-20	1.12e-17	2.65e-15	3.58e-13	5.48e-11	2.65e-08	1.55e-06	4.12e-05	4.94e-04	4.13e-03	1.62e-02	3.82e-02	9.69e-02	4.64e-01	3.11e-01	6.87e-02
 1.56761e+22	0.00e+00	9.73e-29	2.68e-23	2.93e-20	1.75e-17	3.95e-15	5.09e-13	7.43e-11	3.55e-08	2.02e-06	5.24e-05	6.07e-04	4.90e-03	1.85e-02	4.17e-02	1.01e-01	4.68e-01	3.01e-01	6.38e-02
 1.58762e+22	0.00e+00	1.59e-28	4.27e-23	4.51e-20	2.59e-17	5.61e-15	6.92e-13	9.69e-11	4.58e-08	2.57e-06	6.47e-05	7.28e-04	5.71e-03	2.08e-02	4.51e-02	1.06e-01	4.71e-01	2.91e-01	5.97e-02
 1.60378e+22	0.00e+00	2.33e-28	6.13e-23	6.32e-20	3.52e-17	7.38e-15	8.80e-13	1.19e-10	5.59e-08	3.09e-06	7.64e-05	8.38e-04	6.42e-03	2.28e-02	4.79e-02	1.09e-01	4.73e-01	2.84e-01	5.66e-02
 1.62021e+22	0.00e+00	3.74e-28	9.63e-23	9.61e-20	5.16e-17	1.04e-14	1.19e-12	1.54e-10	7.16e-08	3.88e-06	9.38e-05	9.99e-04	7.43e-03	2.54e-02	5.15e-02	1.13e-01	4.74e-01	2.75e-01	5.28e-02
 1.63605e+22	0.00e+00	5.35e-28	1.35e-22	1.32e-19	6.86e-17	1.34e-14	1.48e-12	1.86e-10	8.62e-08	4.61e-06	1.09e-04	1.14e-03	8.28e-03	2.76e-02	5.44e-02	1.16e-01	4.75e-01	2.68e-01	5.01e-02
 1.64899e+22	0.00e+00	7.63e-28	1.89e-22	1.79e-19	9.09e-17	1.72e-14	1.84e-12	2.24e-10	1.03e-07	5.46e-06	1.27e-04	1.30e-03	9.22e-03	3.00e-02	5.74e-02	1.19e-01	4.75e-01	2.61e-01	4.75e-02
 1.66170e+22	0.00e+00	1.07e-27	2.61e-22	2.41e-19	1.19e-16	2.18e-14	2.27e-12	2.68e-10	1.23e-07	6.41e-06	1.47e-04	1.46e-03	1.02e-02	3.23e-02	6.03e-02	1.21e-01	4.75e-01	2.54e-01	4.52e-02
 1.67408e+22	0.00e+00	1.46e-27	3.51e-22	3.18e-19	1.53e-16	2.73e-14	2.76e-12	3.16e-10	1.44e-07	7.44e-06	1.68e-04	1.64e-03	1.12e-02	3.47e-02	6.31e-02	1.24e-01	4.74e-01	2.48e-01	4.30e-02
 1.68801e+22	0.00e+00	2.20e-27	5.19e-22	4.56e-19	2.12e-16	3.65e-14	3.55e-12	3.91e-10	1.78e-07	9.05e-06	2.00e-04	1.90e-03	1.27e-02	3.81e-02	6.69e-02	1.27e-01	4.73e-01	2.40e-01	4.03e-02
 1.70195e+22	0.00e+00	3.08e-27	7.14e-22	6.11e-19	2.76e-16	4.61e-14	4.35e-12	4.65e-10	2.11e-07	1.06e-05	2.30e-04	2.15e-03	1.40e-02	4.10e-02	7.02e-02	1.30e-01	4.72e-01	2.33e-01	3.82e-02
 1.71396e+22	0.00e+00	4.27e-27	9.74e-22	8.14e-19	3.57e-16	5.79e-14	5.29e-12	5.49e-10	2.48e-07	1.24e-05	2.64e-04	2.41e-03	1.54e-02	4.40e-02	7.34e-02	1.32e-01	4.70e-01	2.26e-01	3.62e-02
 1.72535e+22	0.00e+00	5.79e-27	1.30e-21	1.06e-18	4.54e-16	7.16e-14	6.35e-12	6.40e-10	2.89e-07	1.43e-05	3.00e-04	2.69e-03	1.68e-02	4.71e-02	7.65e-02	1.34e-01	4.68e-01	2.20e-01	3.44e-02
 1.73624e+22	0.00e+00	7.80e-27	1.73e-21	1.38e-18	5.74e-16	8.81e-14	7.59e-12	7.43e-10	3.35e-07	1.64e-05	3.40e-04	2.99e-03	1.84e-02	5.02e-02	7.96e-02	1.36e-01	4.65e-01	2.14e-01	3.27e-02
 1.74876e+22	0.00e+00	1.15e-26	2.49e-21	1.93e-18	7.77e-16	1.15e-13	9.54e-12	9.00e-10	4.06e-07	1.96e-05	3.99e-04	3.42e-03	2.05e-02	5.44e-02	8.37e-02	1.39e-01	4.62e-01	2.06e-01	3.06e-02
 1.76136e+22	3.55e-33	1.55e-26	3.32e-21	2.51e-18	9.85e-16	1.42e-13	1.14e-11	1.05e-09	4.72e-07	2.25e-05	4.52e-04	3.80e-03	2.23e-02	5.80e-02	8.70e-02	1.41e-01	4.59e-01	2.00e-01	2.90e-02
 1.77408e+22	5.44e-33	2.33e-26	4.89e-21	3.58e-18	1.35e-15	1.87e-13	1.45e-11	1.27e-09	5.75e-07	2.72e-05	5.34e-04	4.37e-03	2.51e-02	6.31e-02	9.15e-02	1.43e-01	4.54e-01	1.92e-01	2.69e-02
 1.78665e+22	7.47e-33	3.14e-26	6.51e-21	4.65e-18	1.71e-15	2.30e-13	1.73e-11	1.48e-09	6.67e-07	3.12e-05	6.04e-04	4.85e-03	2.73e-02	6.71e-02	9.49e-02	1.45e-01	4.50e-01	1.85e-01	2.54e-02
 1.79701e+22	1.02e-32	4.23e-26	8.63e-21	6.02e-18	2.15e-15	2.81e-13	2.04e-11	1.69e-09	7.68e-07	3.57e-05	6.81e-04	5.37e-03	2.96e-02	7.12e-02	9.83e-02	1.46e-01	4.45e-01	1.79e-01	2.40e-02
 1.80672e+22	1.36e-32	5.57e-26	1.12e-20	7.64e-18	2.66e-15	3.38e-13	2.39e-11	1.93e-09	8.76e-07	4.04e-05	7.61e-04	5.90e-03	3.20e-02	7.52e-02	1.01e-01	1.48e-01	4.41e-01	1.74e-01	2.28e-02
 1.81763e+22	1.95e-32	7.86e-26	1.56e-20	1.03e-17	3.48e-15	4.27e-13	2.91e-11	2.27e-09	1.03e-06	4.72e-05	8.75e-04	6.62e-03	3.51e-02	8.04e-02	1.05e-01	1.49e-01	4.34e-01	1.67e-01	2.13e-02
 1.82886e+22	2.70e-32	1.07e-25	2.09e-20	1.35e-17	4.41e-15	5.24e-13	3.46e-11	2.61e-09	1.20e-06	5.42e-05	9.89e-04	7.34e-03	3.82e-02	8.53e-02	1.09e-01	1.50e-01	4.28e-01	1.60e-01	2.00e-02
 1.83865e+22	3.58e-32	1.40e-25	2.70e-20	1.70e-17	5.43e-15	6.28e-13	4.03e-11	2.96e-09	1.36e-06	6.11e-05	1.10e-03	8.03e-03	4.10e-02	8.98e-02	1.12e-01	1.51e-01	4.23e-01	1.55e-01	1.89e-02
 1.84954e+22	5.30e-32	2.04e-25	3.86e-20	2.35e-17	7.23e-15	8.04e-13	4.94e-11	3.49e-09	1.62e-06	7.21e-05	1.28e-03	9.08e-03	4.53e-02	9.63e-02	1.16e-01	1.52e-01	4.15e-01	1.47e-01	1.75e-02
 1.86045e+22	7.16e-32	2.72e-25	5.08e-20	3.01e-17	9.00e-15	9.71e-13	5.79e-11	3.96e-09	1.84e-06	8.18e-05	1.43e-03	9.97e-03	4.88e-02	1.01e-01	1.20e-01	1.53e-01	4.08e-01	1.42e-01	1.64e-02
 1.87138e+22	1.06e-31	3.95e-25	7.26e-20	4.16e-17	1.20e-14	1.24e-12	7.08e-11	4.66e-09	2.19e-06	9.63e-05	1.65e-03	1.12e-02	5.37e-02	1.08e-01	1.24e-01	1.53e-01	3.99e-01	1.34e-01	1.51e-02
 1.88249e+22	1.46e-31	5.35e-25	9.70e-20	5.40e-17	1.51e-14	1.51e-12	8.34e-11	5.31e-09	2.51e-06	1.10e-04	1.86e-03	1.24e-02	5.80e-02	1.14e-01	1.27e-01	1.53e-01	3.91e-01	1.28e-01	1.41e-02
 1.89203e+22	1.95e-31	7.06e-25	1.26e-19	6.85e-17	1.86e-14	1.81e-12	9.68e-11	5.98e-09	2.85e-06	1.24e-04	2.06e-03	1.35e-02	6.21e-02	1.20e-01	1.30e-01	1.53e-01	3.83e-01	1.23e-01	1.32e-02
 1.90263e+22	2.94e-31	1.05e-24	1.84e-19	9.60e-17	2.50e-14	2.32e-12	1.18e-10	7.01e-09	3.38e-06	1.46e-04	2.39e-03	1.53e-02	6.85e-02	1.28e-01	1.34e-01	1.52e-01	3.71e-01	1.16e-01	1.20e-02
 1.91303e+22	3.89e-31	1.37e-24	2.37e-19	1.21e-16	3.05e-14	2.76e-12	1.36e-10	7.84e-09	3.81e-06	1.63e-04	2.64e-03	1.66e-02	7.30e-02	1.33e-01	1.37e-01	1.52e-01	3.63e-01	1.11e-01	1.12e-02
 1.92317e+22	5.78e-31	2.00e-24	3.41e-19	1.66e-16	4.04e-14	3.49e-12	1.65e-10	9.09e-09	4.48e-06	1.91e-04	3.04e-03	1.86e-02	7.98e-02	1.41e-01	1.41e-01	1.51e-01	3.52e-01	1.04e-01	1.02e-02
 1.93312e+22	7.56e-31	2.58e-24	4.35e-19	2.07e-16	4.89e-14	4.11e-12	1.89e-10	1.01e-08	5.01e-06	2.13e-04	3.34e-03	2.01e-02	8.46e-02	1.47e-01	1.43e-01	1.50e-01	3.43e-01	9.91e-02	9.56e-03
 1.94283e+22	1.12e-30	3.75e-24	6.23e-19	2.85e-16	6.44e-14	5.18e-12	2.27e-10	1.16e-08	5.86e-06	2.47e-04	3.82e-03	2.24e-02	9.21e-02	1.55e-01	1.46e-01	1.48e-01	3.31e-01	9.25e-02	8.66e-03
 1.95251e+22	1.48e-30	4.89e-24	8.01e-19	3.57e-16	7.84e-14	6.11e-12	2.59e-10	1.29e-08	6.55e-06	2.75e-04	4.19e-03	2.41e-02	9.76e-02	1.61e-01	1.48e-01	1.47e-01	3.22e-01	8.80e-02	8.06e-03
 1.96217e+22	2.19e-30	7.12e-24	1.15e-18	4.90e-16	1.03e-13	7.68e-12	3.11e-10	1.48e-08	7.64e-06	3.19e-04	4.78e-03	2.69e-02	1.06e-01	1.69e-01	1.51e-01	1.45e-01	3.09e-01	8.17e-02	7.25e-03
 1.97190e+22	2.92e-30	9.39e-24	1.49e-18	6.20e-16	1.26e-13	9.11e-12	3.56e-10	1.64e-08	8.56e-06	3.56e-04	5.26e-03	2.90e-02	1.12e-01	1.75e-01	1.52e-01	1.43e-01	2.99e-01	7.73e-02	6.70e-03
 1.98172e+22	4.38e-30	1.39e-23	2.17e-18	8.59e-16	1.67e-13	1.15e-11	4.27e-10	1.88e-08	9.98e-06	4.13e-04	6.00e-03	3.22e-02	1.21e-01	1.84e-01	1.54e-01	1.40e-01	2.85e-01	7.12e-02	5.98e-03
 1.99162e+22	5.89e-30	1.84e-23	2.84e-18	1.09e-15	2.06e-13	1.37e-11	4.90e-10	2.09e-08	1.12e-05	4.61e-04	6.60e-03	3.47e-02	1.28e-01	1.90e-01	1.56e-01	1.37e-01	2.74e-01	6.70e-02	5.48e-03
 2.00162e+22	8.81e-30	2.71e-23	4.10e-18	1.51e-15	2.72e-13	1.72e-11	5.88e-10	2.40e-08	1.30e-05	5.32e-04	7.48e-03	3.84e-02	1.38e-01	1.98e-01	1.57e-01	1.34e-01	2.60e-01	6.14e-02	4.87e-03
 2.01153e+22	1.20e-29	3.62e-23	5.42e-18	1.93e-15	3.35e-13	2.05e-11	6.73e-10	2.65e-08	1.45e-05	5.93e-04	8.22e-03	4.13e-02	1.46e-01	2.04e-01	1.58e-01	1.31e-01	2.49e-01	5.74e-02	4.44e-03
 2.02132e+22	1.78e-29	5.29e-23	7.78e-18	2.65e-15	4.40e-13	2.56e-11	8.03e-10	3.03e-08	1.67e-05	6.80e-04	9.26e-03	4.54e-02	1.56e-01	2.12e-01	1.58e-01	1.27e-01	2.36e-01	5.24e-02	3.92e-03
 2.03131e+22	2.45e-29	7.19e-23	1.04e-17	3.42e-15	5.47e-13	3.07e-11	9.24e-10	3.36e-08	1.87e-05	7.58e-04	1.02e-02	4.88e-02	1.65e-01	2.18e-01	1.58e-01	1.24e-01	2.24e-01	4.86e-02	3.54e-03
 2.04156e+22	3.73e-29	1.08e-22	1.53e-17	4.78e-15	7.29e-13	3.89e-11	1.11e-09	3.85e-08	2.17e-05	8.72e-04	1.15e-02	5.36e-02	1.76e-01	2.25e-01	1.58e-01	1.19e-01	2.10e-01	4.39e-02	3.09e-03
 2.05187e+22	5.16e-29	1.47e-22	2.06e-17	6.19e-15	9.09e-13	4.67e-11	1.28e-09	4.28e-08	2.42e-05	9.69e-04	1.26e-02	5.75e-02	1.84e-01	2.30e-01	1.57e-01	1.15e-01	1.99e-01	4.05e-02	2.77e-03
 2.06225e+22	7.91e-29	2.21e-22	3.03e-17	8.69e-15	1.21e-12	5.92e-11	1.54e-09	4.90e-08	2.79e-05	1.11e-03	1.41e-02	6.29e-02	1.96e-01	2.36e-01	1.55e-01	1.10e-01	1.85e-01	3.63e-02	2.39e-03
 2.07269e+22	1.10e-28	3.02e-22	4.08e-17	1.13e-14	1.51e-12	7.11e-11	1.78e-09	5.45e-08	3.10e-05	1.23e-03	1.54e-02	6.71e-02	2.05e-01	2.41e-01	1.54e-01	1.06e-01	1.75e-01	3.33e-02	2.13e-03
 2.08173e+22	1.51e-28	4.10e-22	5.47e-17	1.45e-14	1.88e-12	8.51e-11	2.04e-09	6.04e-08	3.44e-05	1.36e-03	1.67e-02	7.15e-02	2.14e-01	2.45e-01	1.52e-01	1.03e-01	1.65e-01	3.05e-02	1.90e-03
 2.09200e+22	2.29e-28	6.08e-22	7.96e-17	2.01e-14	2.49e-12	1.07e-10	2.44e-09	6.89e-08	3.92e-05	1.54e-03	1.86e-02	7.73e-02	2.25e-01	2.49e-01	1.50e-01	9.75e-02	1.52e-01	2.72e-02	1.64e-03
 2.10225e+22	3.14e-28	8.23e-22	1.06e-16	2.58e-14	3.08e-12	1.28e-10	2.80e-09	7.64e-08	4.32e-05	1.69e-03	2.01e-02	8.19e-02	2.33e-01	2.52e-01	1.48e-01	9.37e-02	1.43e-01	2.49e-02	1.46e-03
 2.11250e+22	4.73e-28	1.22e-21	1.54e-16	3.57e-14	4.06e-12	1.61e-10	3.35e-09	8.72e-08	4.90e-05	1.90e-03	2.21e-02	8.80e-02	2.44e-01	2.56e-01	1.45e-01	8.87e-02	1.32e-01	2.21e-02	1.25e-03
 2.12286e+22	6.44e-28	1.63e-21	2.03e-16	4.56e-14	5.00e-12	1.91e-10	3.84e-09	9.67e-08	5.38e-05	2.07e-03	2.38e-02	9.28e-02	2.52e-01	2.58e-01	1.42e-01	8.50e-02	1.24e-01	2.02e-02	1.11e-03
 2.13336e+22	9.65e-28	2.40e-21	2.93e-16	6.26e-14	6.57e-12	2.40e-10	4.59e-09	1.11e-07	6.07e-05	2.32e-03	2.61e-02	9.92e-02	2.62e-01	2.60e-01	1.39e-01	8.02e-02	1.14e-01	1.78e-02	9.49e-04
 2.14414e+22	1.34e-27	3.28e-21	3.93e-16	8.09e-14	8.18e-12	2.88e-10	5.30e-09	1.23e-07	6.68e-05	2.53e-03	2.81e-02	1.04e-01	2.69e-01	2.61e-01	1.36e-01	7.64e-02	1.06e-01	1.62e-02	8.34e-04
 2.15528e+22	2.03e-27	4.88e-21	5.73e-16	1.12e-13	1.08e-11	3.64e-10	6.39e-09	1.42e-07	7.54e-05	2.83e-03	3.07e-02	1.11e-01	2.79e-01	2.62e-01	1.31e-01	7.17e-02	9.64e-02	1.42e-02	7.05e-04
 2.16662e+22	2.81e-27	6.64e-21	7.66e-16	1.45e-13	1.35e-11	4.37e-10	7.39e-09	1.59e-07	8.29e-05	3.08e-03	3.29e-02	1.17e-01	2.86e-01	2.62e-01	1.28e-01	6.81e-02	8.96e-02	1.28e-02	6.19e-04
 2.17824e+22	4.26e-27	9.87e-21	1.11e-15	2.01e-13	1.79e-11	5.54e-10	8.93e-09	1.83e-07	9.34e-05	3.44e-03	3.59e-02	1.24e-01	2.95e-01	2.61e-01	1.23e-01	6.36e-02	8.13e-02	1.12e-02	5.21e-04
 2.19008e+22	5.90e-27	1.34e-20	1.49e-15	2.59e-13	2.23e-11	6.67e-10	1.04e-08	2.06e-07	1.03e-04	3.74e-03	3.83e-02	1.30e-01	3.02e-01	2.60e-01	1.20e-01	6.02e-02	7.53e-02	1.00e-02	4.54e-04
 2.20220e+22	8.97e-27	2.00e-20	2.17e-15	3.59e-13	2.96e-11	8.47e-10	1.26e-08	2.38e-07	1.16e-04	4.16e-03	4.16e-02	1.37e-01	3.10e-01	2.59e-01	1.15e-01	5.60e-02	6.80e-02	8.73e-03	3.80e-04
 2.21438e+22	1.23e-26	2.70e-20	2.87e-15	4.60e-13	3.66e-11	1.01e-09	1.45e-08	2.67e-07	1.27e-04	4.50e-03	4.42e-02	1.43e-01	3.16e-01	2.57e-01	1.11e-01	5.29e-02	6.29e-02	7.84e-03	3.32e-04
 2.22666e+22	1.85e-26	3.96e-20	4.11e-15	6.30e-13	4.82e-11	1.28e-09	1.75e-08	3.09e-07	1.42e-04	4.98e-03	4.78e-02	1.50e-01	3.23e-01	2.54e-01	1.07e-01	4.91e-02	5.68e-02	6.81e-03	2.78e-04
 2.23925e+22	2.54e-26	5.35e-20	5.46e-15	8.09e-13	5.99e-11	1.54e-09	2.04e-08	3.48e-07	1.56e-04	5.38e-03	5.07e-02	1.56e-01	3.28e-01	2.52e-01	1.03e-01	4.63e-02	5.23e-02	6.09e-03	2.41e-04
 2.25020e+22	3.42e-26	7.08e-20	7.10e-15	1.02e-12	7.32e-11	1.83e-09	2.34e-08	3.88e-07	1.69e-04	5.79e-03	5.36e-02	1.62e-01	3.32e-01	2.49e-01	9.94e-02	4.37e-02	4.84e-02	5.48e-03	2.11e-04
 2.26240e+22	5.02e-26	1.02e-19	9.97e-15	1.37e-12	9.50e-11	2.28e-09	2.81e-08	4.47e-07	1.89e-04	6.35e-03	5.74e-02	1.69e-01	3.38e-01	2.45e-01	9.48e-02	4.06e-02	4.37e-02	4.77e-03	1.77e-04
 2.27461e+22	6.65e-26	1.32e-19	1.28e-14	1.71e-12	1.15e-10	2.69e-09	3.21e-08	4.97e-07	2.05e-04	6.80e-03	6.03e-02	1.74e-01	3.41e-01	2.42e-01	9.15e-02	3.83e-02	4.05e-02	4.31e-03	1.56e-04
 2.28685e+22	9.62e-26	1.88e-19	1.77e-14	2.27e-12	1.48e-10	3.33e-09	3.83e-08	5.71e-07	2.28e-04	7.42e-03	6.43e-02	1.81e-01	3.45e-01	2.38e-01	8.72e-02	3.56e-02	3.66e-02	3.75e-03	1.31e-04
 2.29938e+22	1.28e-25	2.46e-19	2.27e-14	2.84e-12	1.80e-10	3.94e-09	4.40e-08	6.38e-07	2.47e-04	7.95e-03	6.76e-02	1.87e-01	3.48e-01	2.35e-01	8.39e-02	3.35e-02	3.38e-02	3.37e-03	1.14e-04
 2.31048e+22	1.70e-25	3.21e-19	2.91e-14	3.53e-12	2.18e-10	4.65e-09	5.04e-08	7.10e-07	2.68e-04	8.50e-03	7.09e-02	1.92e-01	3.51e-01	2.31e-01	8.06e-02	3.15e-02	3.12e-02	3.03e-03	1.00e-04
 2.32310e+22	2.46e-25	4.53e-19	4.01e-14	4.69e-12	2.79e-10	5.76e-09	6.01e-08	8.17e-07	2.98e-04	9.25e-03	7.54e-02	1.99e-01	3.54e-01	2.26e-01	7.65e-02	2.91e-02	2.81e-02	2.63e-03	8.38e-05
 2.33564e+22	3.19e-25	5.77e-19	5.03e-14	5.73e-12	3.33e-10	6.71e-09	6.82e-08	9.04e-07	3.22e-04	9.84e-03	7.87e-02	2.04e-01	3.55e-01	2.22e-01	7.36e-02	2.75e-02	2.60e-02	2.38e-03	7.39e-05
 2.34810e+22	4.52e-25	8.01e-19	6.82e-14	7.50e-12	4.22e-10	8.24e-09	8.08e-08	1.03e-06	3.56e-04	1.07e-02	8.33e-02	2.11e-01	3.57e-01	2.17e-01	6.98e-02	2.55e-02	2.35e-02	2.07e-03	6.22e-05
 2.36080e+22	5.89e-25	1.03e-18	8.58e-14	9.19e-12	5.05e-10	9.63e-09	9.20e-08	1.15e-06	3.85e-04	1.13e-02	8.69e-02	2.16e-01	3.58e-01	2.12e-01	6.69e-02	2.40e-02	2.17e-02	1.86e-03	5.46e-05
 2.37381e+22	8.37e-25	1.43e-18	1.16e-13	1.21e-11	6.42e-10	1.18e-08	1.09e-07	1.32e-06	4.27e-04	1.23e-02	9.19e-02	2.23e-01	3.59e-01	2.07e-01	6.32e-02	2.21e-02	1.95e-02	1.61e-03	4.57e-05
 2.38707e+22	1.10e-24	1.83e-18	1.47e-13	1.48e-11	7.71e-10	1.39e-08	1.25e-07	1.47e-06	4.62e-04	1.31e-02	9.59e-02	2.28e-01	3.60e-01	2.02e-01	6.05e-02	2.07e-02	1.79e-02	1.45e-03	3.99e-05
 2.40065e+22	1.56e-24	2.55e-18	2.00e-13	1.95e-11	9.82e-10	1.71e-08	1.49e-07	1.69e-06	5.13e-04	1.42e-02	1.01e-01	2.35e-01	3.60e-01	1.96e-01	5.69e-02	1.90e-02	1.60e-02	1.25e-03	3.32e-05
 2.41448e+22	2.05e-24	3.29e-18	2.52e-13	2.40e-11	1.18e-09	2.01e-08	1.70e-07	1.88e-06	5.56e-04	1.51e-02	1.06e-01	2.40e-01	3.60e-01	1.91e-01	5.43e-02	1.78e-02	1.47e-02	1.12e-03	2.89e-05
 2.42863e+22	2.93e-24	4.59e-18	3.43e-13	3.15e-11	1.51e-09	2.49e-08	2.03e-07	2.17e-06	6.19e-04	1.64e-02	1.11e-01	2.46e-01	3.59e-01	1.85e-01	5.09e-02	1.63e-02	1.31e-02	9.59e-04	2.39e-05
 2.44246e+22	3.74e-24	5.75e-18	4.22e-13	3.79e-11	1.78e-09	2.87e-08	2.29e-07	2.39e-06	6.66e-04	1.73e-02	1.15e-01	2.51e-01	3.58e-01	1.81e-01	4.87e-02	1.53e-02	1.21e-02	8.65e-04	2.11e-05
 2.45587e+22	5.23e-24	7.86e-18	5.63e-13	4.91e-11	2.23e-09	3.51e-08	2.71e-07	2.74e-06	7.36e-04	1.86e-02	1.21e-01	2.57e-01	3.57e-01	1.75e-01	4.58e-02	1.41e-02	1.09e-02	7.47e-04	1.76e-05
 2.46949e+22	6.68e-24	9.85e-18	6.93e-13	5.91e-11	2.64e-09	4.05e-08	3.06e-07	3.02e-06	7.93e-04	1.97e-02	1.26e-01	2.61e-01	3.55e-01	1.70e-01	4.37e-02	1.32e-02	1.00e-02	6.72e-04	1.55e-05
 2.48336e+22	9.28e-24	1.34e-17	9.17e-13	7.60e-11	3.30e-09	4.93e-08	3.60e-07	3.45e-06	8.75e-04	2.12e-02	1.32e-01	2.66e-01	3.53e-01	1.64e-01	4.09e-02	1.21e-02	8.96e-03	5.81e-04	1.29e-05
 2.49767e+22	1.21e-23	1.71e-17	1.15e-12	9.31e-11	3.95e-09	5.77e-08	4.11e-07	3.85e-06	9.48e-04	2.25e-02	1.37e-01	2.71e-01	3.51e-01	1.59e-01	3.88e-02	1.13e-02	8.18e-03	5.16e-04	1.12e-05
 2.51252e+22	1.69e-23	2.33e-17	1.53e-12	1.20e-10	4.96e-09	7.04e-08	4.86e-07	4.41e-06	1.05e-03	2.42e-02	1.43e-01	2.76e-01	3.48e-01	1.53e-01	3.63e-02	1.03e-02	7.29e-03	4.45e-04	9.29e-06
 2.52786e+22	2.24e-23	3.02e-17	1.94e-12	1.48e-10	6.00e-09	8.32e-08	5.59e-07	4.94e-06	1.14e-03	2.58e-02	1.48e-01	2.81e-01	3.45e-01	1.48e-01	3.42e-02	9.54e-03	6.61e-03	3.92e-04	7.94e-06
 2.54381e+22	3.17e-23	4.16e-17	2.60e-12	1.93e-10	7.59e-09	1.02e-07	6.65e-07	5.69e-06	1.27e-03	2.78e-02	1.56e-01	2.86e-01	3.41e-01	1.42e-01	3.18e-02	8.66e-03	5.85e-03	3.34e-04	6.54e-06
 2.56018e+22	4.23e-23	5.44e-17	3.31e-12	2.41e-10	9.24e-09	1.21e-07	7.69e-07	6.41e-06	1.38e-03	2.96e-02	1.62e-01	2.90e-01	3.38e-01	1.36e-01	2.98e-02	7.97e-03	5.27e-03	2.92e-04	5.55e-06
 2.57710e+22	6.05e-23	7.56e-17	4.48e-12	3.16e-10	1.18e-08	1.50e-07	9.19e-07	7.42e-06	1.54e-03	3.20e-02	1.69e-01	2.95e-01	3.33e-01	1.30e-01	2.76e-02	7.19e-03	4.63e-03	2.47e-04	4.53e-06
 2.59455e+22	8.18e-23	9.98e-17	5.77e-12	3.96e-10	1.44e-08	1.80e-07	1.07e-06	8.39e-06	1.69e-03	3.41e-02	1.76e-01	2.99e-01	3.28e-01	1.24e-01	2.58e-02	6.59e-03	4.15e-03	2.15e-04	3.80e-06
 2.61271e+22	1.19e-22	1.41e-16	7.89e-12	5.26e-10	1.86e-08	2.24e-07	1.29e-06	9.77e-06	1.89e-03	3.69e-02	1.84e-01	3.03e-01	3.22e-01	1.18e-01	2.36e-02	5.90e-03	3.61e-03	1.80e-04	3.06e-06
 2.63145e+22	1.63e-22	1.88e-16	1.03e-11	6.68e-10	2.30e-08	2.70e-07	1.51e-06	1.11e-05	2.08e-03	3.95e-02	1.91e-01	3.07e-01	3.17e-01	1.12e-01	2.19e-02	5.36e-03	3.21e-03	1.54e-04	2.54e-06
 2.64841e+22	2.22e-22	2.50e-16	1.33e-11	8.41e-10	2.83e-08	3.24e-07	1.76e-06	1.26e-05	2.29e-03	4.21e-02	1.98e-01	3.10e-01	3.12e-01	1.07e-01	2.04e-02	4.88e-03	2.86e-03	1.33e-04	2.12e-06
 2.66788e+22	3.27e-22	3.56e-16	1.84e-11	1.13e-09	3.68e-08	4.07e-07	2.13e-06	1.48e-05	2.57e-03	4.56e-02	2.08e-01	3.14e-01	3.04e-01	1.01e-01	1.85e-02	4.33e-03	2.46e-03	1.10e-04	1.68e-06
 2.68772e+22	4.50e-22	4.78e-16	2.40e-11	1.43e-09	4.56e-08	4.92e-07	2.50e-06	1.68e-05	2.83e-03	4.87e-02	2.15e-01	3.16e-01	2.98e-01	9.58e-02	1.71e-02	3.91e-03	2.17e-03	9.35e-05	1.39e-06
 2.70806e+22	6.70e-22	6.89e-16	3.34e-11	1.93e-09	5.97e-08	6.22e-07	3.05e-06	1.98e-05	3.18e-03	5.28e-02	2.25e-01	3.19e-01	2.90e-01	8.95e-02	1.54e-02	3.44e-03	1.85e-03	7.65e-05	1.09e-06
 2.72867e+22	9.28e-22	9.28e-16	4.37e-11	2.47e-09	7.42e-08	7.53e-07	3.58e-06	2.25e-05	3.51e-03	5.64e-02	2.33e-01	3.21e-01	2.83e-01	8.46e-02	1.42e-02	3.10e-03	1.63e-03	6.48e-05	8.87e-07
 2.74964e+22	1.40e-21	1.35e-15	6.14e-11	3.35e-09	9.77e-08	9.59e-07	4.39e-06	2.66e-05	3.96e-03	6.11e-02	2.43e-01	3.23e-01	2.74e-01	7.86e-02	1.27e-02	2.70e-03	1.38e-03	5.24e-05	6.86e-07
 2.77082e+22	1.94e-21	1.82e-15	8.04e-11	4.27e-09	1.22e-07	1.16e-06	5.16e-06	3.04e-05	4.36e-03	6.52e-02	2.51e-01	3.24e-01	2.66e-01	7.40e-02	1.16e-02	2.42e-03	1.20e-03	4.41e-05	5.57e-07
 2.79229e+22	2.95e-21	2.67e-15	1.14e-10	5.84e-09	1.61e-07	1.49e-06	6.35e-06	3.61e-05	4.94e-03	7.07e-02	2.61e-01	3.25e-01	2.56e-01	6.82e-02	1.03e-02	2.09e-03	1.00e-03	3.52e-05	4.24e-07
 2.81387e+22	4.07e-21	3.59e-15	1.48e-10	7.42e-09	2.00e-07	1.80e-06	7.45e-06	4.11e-05	5.43e-03	7.52e-02	2.69e-01	3.26e-01	2.49e-01	6.40e-02	9.41e-03	1.87e-03	8.75e-04	2.95e-05	3.43e-07
 2.83179e+22	5.44e-21	4.67e-15	1.88e-10	9.19e-09	2.42e-07	2.13e-06	8.60e-06	4.62e-05	5.91e-03	7.94e-02	2.76e-01	3.25e-01	2.42e-01	6.03e-02	8.64e-03	1.69e-03	7.71e-04	2.52e-05	2.83e-07
 2.85130e+22	7.93e-21	6.59e-15	2.56e-10	1.22e-08	3.12e-07	2.67e-06	1.04e-05	5.40e-05	6.60e-03	8.53e-02	2.85e-01	3.25e-01	2.32e-01	5.57e-02	7.71e-03	1.47e-03	6.51e-04	2.03e-05	2.18e-07
 2.87074e+22	1.05e-20	8.53e-15	3.23e-10	1.50e-08	3.77e-07	3.15e-06	1.20e-05	6.06e-05	7.17e-03	8.99e-02	2.92e-01	3.24e-01	2.25e-01	5.24e-02	7.07e-03	1.32e-03	5.73e-04	1.73e-05	1.80e-07
 2.89010e+22	1.52e-20	1.19e-14	4.37e-10	1.97e-08	4.84e-07	3.92e-06	1.44e-05	7.07e-05	8.00e-03	9.62e-02	3.01e-01	3.23e-01	2.16e-01	4.82e-02	6.28e-03	1.15e-03	4.81e-04	1.39e-05	1.38e-07
 2.90968e+22	2.03e-20	1.55e-14	5.52e-10	2.43e-08	5.86e-07	4.65e-06	1.66e-05	7.96e-05	8.70e-03	1.01e-01	3.08e-01	3.21e-01	2.08e-01	4.51e-02	5.72e-03	1.03e-03	4.20e-04	1.17e-05	0.00e+00
 2.92958e+22	2.96e-20	2.18e-14	7.49e-10	3.21e-08	7.55e-07	5.83e-06	2.01e-05	9.33e-05	9.73e-03	1.09e-01	3.17e-01	3.19e-01	1.99e-01	4.12e-02	5.04e-03	8.84e-04	3.49e-04	9.30e-06	0.00e+00
 2.94970e+22	3.96e-20	2.84e-14	9.48e-10	3.98e-08	9.18e-07	6.94e-06	2.33e-05	1.05e-04	1.06e-02	1.14e-01	3.23e-01	3.16e-01	1.91e-01	3.84e-02	4.56e-03	7.86e-04	3.03e-04	7.77e-06	0.00e+00
 2.97014e+22	5.78e-20	4.00e-14	1.29e-09	5.25e-08	1.19e-06	8.72e-06	2.83e-05	1.24e-04	1.19e-02	1.23e-01	3.32e-01	3.13e-01	1.81e-01	3.48e-02	3.99e-03	6.71e-04	2.49e-04	6.10e-06	0.00e+00
 2.99096e+22	7.82e-20	5.26e-14	1.64e-09	6.54e-08	1.45e-06	1.05e-05	3.31e-05	1.41e-04	1.30e-02	1.29e-01	3.39e-01	3.09e-01	1.73e-01	3.21e-02	3.57e-03	5.90e-04	2.13e-04	5.00e-06	0.00e+00
 3.01230e+22	1.15e-19	7.45e-14	2.23e-09	8.69e-08	1.89e-06	1.33e-05	4.05e-05	1.67e-04	1.46e-02	1.39e-01	3.47e-01	3.04e-01	1.63e-01	2.88e-02	3.08e-03	4.97e-04	1.73e-04	3.85e-06	0.00e+00
 3.03402e+22	1.56e-19	9.80e-14	2.84e-09	1.09e-07	2.33e-06	1.60e-05	4.76e-05	1.91e-04	1.61e-02	1.46e-01	3.53e-01	3.00e-01	1.55e-01	2.64e-02	2.73e-03	4.32e-04	1.45e-04	3.11e-06	0.00e+00
 3.05626e+22	2.31e-19	1.39e-13	3.86e-09	1.45e-07	3.05e-06	2.05e-05	5.87e-05	2.29e-04	1.82e-02	1.57e-01	3.60e-01	2.94e-01	1.44e-01	2.34e-02	2.32e-03	3.58e-04	1.16e-04	2.34e-06	0.00e+00
 3.07875e+22	3.13e-19	1.83e-13	4.90e-09	1.80e-07	3.76e-06	2.48e-05	6.92e-05	2.63e-04	2.00e-02	1.66e-01	3.66e-01	2.88e-01	1.36e-01	2.12e-02	2.04e-03	3.08e-04	9.65e-05	1.87e-06	0.00e+00
 3.09777e+22	4.11e-19	2.33e-13	6.05e-09	2.20e-07	4.55e-06	2.96e-05	8.05e-05	3.00e-04	2.18e-02	1.74e-01	3.70e-01	2.83e-01	1.29e-01	1.93e-02	1.80e-03	2.68e-04	8.14e-05	1.51e-06	0.00e+00
 3.11856e+22	5.80e-19	3.16e-13	7.89e-09	2.84e-07	5.80e-06	3.70e-05	9.76e-05	3.54e-04	2.44e-02	1.85e-01	3.76e-01	2.75e-01	1.20e-01	1.71e-02	1.53e-03	2.23e-04	6.50e-05	1.15e-06	0.00e+00
 3.13941e+22	7.55e-19	4.00e-13	9.66e-09	3.44e-07	7.00e-06	4.40e-05	1.13e-04	4.03e-04	2.67e-02	1.94e-01	3.79e-01	2.69e-01	1.13e-01	1.55e-02	1.35e-03	1.93e-04	5.45e-05	9.20e-07	0.00e+00
 3.15979e+22	1.03e-18	5.27e-13	1.23e-08	4.34e-07	8.78e-06	5.44e-05	1.36e-04	4.73e-04	2.97e-02	2.06e-01	3.83e-01	2.61e-01	1.04e-01	1.37e-02	1.15e-03	1.60e-04	4.36e-05	7.00e-07	0.00e+00
 3.18057e+22	1.34e-18	6.64e-13	1.49e-08	5.26e-07	1.06e-05	6.50e-05	1.59e-04	5.42e-04	3.25e-02	2.16e-01	3.86e-01	2.54e-01	9.76e-02	1.23e-02	9.98e-04	1.37e-04	3.60e-05	5.53e-07	0.00e+00
 3.20100e+22	1.80e-18	8.55e-13	1.85e-08	6.51e-07	1.31e-05	7.95e-05	1.89e-04	6.34e-04	3.61e-02	2.28e-01	3.88e-01	2.45e-01	9.00e-02	1.09e-02	8.47e-04	1.14e-04	2.88e-05	4.20e-07	0.00e+00
 3.22185e+22	2.32e-18	1.07e-12	2.23e-08	7.88e-07	1.59e-05	9.53e-05	2.22e-04	7.30e-04	3.97e-02	2.39e-01	3.89e-01	2.37e-01	8.34e-02	9.65e-03	7.27e-04	9.61e-05	2.34e-05	3.26e-07	0.00e+00
 3.24230e+22	3.02e-18	1.34e-12	2.70e-08	9.58e-07	1.94e-05	1.15e-04	2.61e-04	8.47e-04	4.37e-02	2.51e-01	3.90e-01	2.28e-01	7.67e-02	8.50e-03	6.18e-04	8.01e-05	1.88e-05	2.49e-07	0.00e+00
 3.26295e+22	3.87e-18	1.66e-12	3.23e-08	1.15e-06	2.34e-05	1.38e-04	3.06e-04	9.78e-04	4.80e-02	2.62e-01	3.90e-01	2.20e-01	7.05e-02	7.49e-03	5.26e-04	6.69e-05	1.52e-05	1.91e-07	0.00e+00
 3.28334e+22	4.93e-18	2.04e-12	3.83e-08	1.38e-06	2.81e-05	1.64e-04	3.57e-04	1.13e-03	5.27e-02	2.74e-01	3.89e-01	2.11e-01	6.47e-02	6.58e-03	4.46e-04	5.57e-05	1.22e-05	1.47e-07	0.00e+00
 3.30368e+22	6.22e-18	2.49e-12	4.50e-08	1.64e-06	3.37e-05	1.95e-04	4.15e-04	1.30e-03	5.77e-02	2.86e-01	3.87e-01	2.02e-01	5.92e-02	5.78e-03	3.79e-04	4.64e-05	9.78e-06	0.00e+00	0.00e+00
 3.32405e+22	7.80e-18	3.02e-12	5.27e-08	1.94e-06	4.02e-05	2.32e-04	4.82e-04	1.49e-03	6.32e-02	2.98e-01	3.85e-01	1.92e-01	5.40e-02	5.06e-03	3.20e-04	3.85e-05	7.82e-06	0.00e+00	0.00e+00
 3.34448e+22	9.73e-18	3.63e-12	6.12e-08	2.30e-06	4.78e-05	2.74e-04	5.58e-04	1.71e-03	6.90e-02	3.10e-01	3.81e-01	1.83e-01	4.91e-02	4.42e-03	2.71e-04	3.19e-05	6.26e-06	0.00e+00	0.00e+00
 3.36499e+22	1.21e-17	4.36e-12	7.09e-08	2.70e-06	5.67e-05	3.24e-04	6.45e-04	1.97e-03	7.53e-02	3.22e-01	3.77e-01	1.74e-01	4.46e-02	3.85e-03	2.28e-04	2.63e-05	4.99e-06	0.00e+00	0.00e+00
 3.38567e+22	1.50e-17	5.21e-12	8.18e-08	3.17e-06	6.71e-05	3.82e-04	7.44e-04	2.25e-03	8.20e-02	3.33e-01	3.72e-01	1.65e-01	4.04e-02	3.34e-03	1.92e-04	2.17e-05	3.97e-06	0.00e+00	0.00e+00
 3.40654e+22	1.85e-17	6.22e-12	9.41e-08	3.72e-06	7.94e-05	4.49e-04	8.56e-04	2.58e-03	8.92e-02	3.45e-01	3.67e-01	1.56e-01	3.64e-02	2.90e-03	1.61e-04	1.78e-05	3.14e-06	0.00e+00	0.00e+00
 3.42754e+22	2.28e-17	7.40e-12	1.08e-07	4.35e-06	9.34e-05	5.26e-04	9.81e-04	2.94e-03	9.67e-02	3.55e-01	3.61e-01	1.47e-01	3.28e-02	2.51e-03	1.35e-04	1.46e-05	2.49e-06	0.00e+00	0.00e+00
 3.44885e+22	2.82e-17	8.81e-12	1.24e-07	5.09e-06	1.10e-04	6.17e-04	1.12e-03	3.36e-03	1.05e-01	3.66e-01	3.53e-01	1.38e-01	2.95e-02	2.16e-03	1.12e-04	1.19e-05	1.96e-06	0.00e+00	0.00e+00
 3.47037e+22	3.47e-17	1.05e-11	1.42e-07	5.95e-06	1.29e-04	7.19e-04	1.28e-03	3.83e-03	1.13e-01	3.77e-01	3.46e-01	1.30e-01	2.64e-02	1.86e-03	9.35e-05	9.77e-06	1.55e-06	0.00e+00	0.00e+00
 3.49233e+22	4.31e-17	1.25e-11	1.63e-07	6.98e-06	1.53e-04	8.43e-04	1.47e-03	4.37e-03	1.23e-01	3.87e-01	3.37e-01	1.21e-01	2.35e-02	1.59e-03	7.72e-05	7.89e-06	1.21e-06	0.00e+00	0.00e+00
 3.51466e+22	5.34e-17	1.49e-11	1.88e-07	8.16e-06	1.79e-04	9.82e-04	1.67e-03	4.96e-03	1.32e-01	3.96e-01	3.28e-01	1.13e-01	2.10e-02	1.37e-03	6.40e-05	6.41e-06	9.47e-07	0.00e+00	0.00e+00
 3.53509e+22	6.40e-17	1.73e-11	2.11e-07	9.31e-06	2.04e-04	1.11e-03	1.85e-03	5.52e-03	1.41e-01	4.03e-01	3.21e-01	1.07e-01	1.90e-02	1.20e-03	5.47e-05	5.37e-06	7.71e-07	0.00e+00	0.00e+00
 3.55645e+22	8.04e-17	2.09e-11	2.45e-07	1.10e-05	2.42e-04	1.31e-03	2.11e-03	6.30e-03	1.52e-01	4.11e-01	3.10e-01	9.86e-02	1.67e-02	1.01e-03	4.46e-05	4.28e-06	5.92e-07	0.00e+00	0.00e+00
 3.57813e+22	9.72e-17	2.45e-11	2.78e-07	1.26e-05	2.76e-04	1.48e-03	2.34e-03	6.98e-03	1.61e-01	4.17e-01	3.02e-01	9.26e-02	1.51e-02	8.85e-04	3.79e-05	3.58e-06	4.80e-07	0.00e+00	0.00e+00
 3.60042e+22	1.24e-16	3.00e-11	3.27e-07	1.50e-05	3.28e-04	1.74e-03	2.67e-03	7.95e-03	1.73e-01	4.24e-01	2.90e-01	8.51e-02	1.32e-02	7.42e-04	3.07e-05	2.83e-06	3.65e-07	0.00e+00	0.00e+00
 3.62280e+22	1.51e-16	3.53e-11	3.72e-07	1.72e-05	3.74e-04	1.96e-03	2.94e-03	8.78e-03	1.83e-01	4.29e-01	2.81e-01	7.96e-02	1.19e-02	6.47e-04	2.61e-05	2.36e-06	2.96e-07	0.00e+00	0.00e+00
 3.64530e+22	1.94e-16	4.35e-11	4.40e-07	2.06e-05	4.43e-04	2.29e-03	3.33e-03	9.97e-03	1.96e-01	4.34e-01	2.70e-01	7.28e-02	1.03e-02	5.41e-04	2.10e-05	1.86e-06	2.25e-07	0.00e+00	0.00e+00
 3.66787e+22	2.38e-16	5.16e-11	5.04e-07	2.37e-05	5.05e-04	2.58e-03	3.66e-03	1.09e-02	2.06e-01	4.37e-01	2.61e-01	6.80e-02	9.31e-03	4.73e-04	1.79e-05	1.55e-06	1.82e-07	0.00e+00	0.00e+00
 3.69052e+22	3.08e-16	6.42e-11	6.02e-07	2.83e-05	5.96e-04	2.99e-03	4.12e-03	1.23e-02	2.20e-01	4.41e-01	2.49e-01	6.21e-02	8.09e-03	3.95e-04	1.45e-05	1.22e-06	1.39e-07	0.00e+00	0.00e+00
 3.71341e+22	3.81e-16	7.68e-11	6.96e-07	3.27e-05	6.80e-04	3.36e-03	4.51e-03	1.35e-02	2.30e-01	4.42e-01	2.40e-01	5.78e-02	7.25e-03	3.44e-04	1.23e-05	1.02e-06	0.00e+00	0.00e+00	0.00e+00
 3.73660e+22	5.01e-16	9.68e-11	8.41e-07	3.94e-05	8.04e-04	3.90e-03	5.06e-03	1.52e-02	2.44e-01	4.44e-01	2.28e-01	5.25e-02	6.28e-03	2.87e-04	9.86e-06	7.99e-07	0.00e+00	0.00e+00	0.00e+00
 3.76008e+22	6.26e-16	1.17e-10	9.83e-07	4.58e-05	9.18e-04	4.38e-03	5.52e-03	1.66e-02	2.55e-01	4.44e-01	2.19e-01	4.86e-02	5.60e-03	2.49e-04	8.32e-06	6.62e-07	0.00e+00	0.00e+00	0.00e+00
 3.78393e+22	8.37e-16	1.50e-10	1.20e-06	5.56e-05	1.09e-03	5.08e-03	6.18e-03	1.86e-02	2.70e-01	4.43e-01	2.07e-01	4.40e-02	4.83e-03	2.06e-04	6.66e-06	5.17e-07	0.00e+00	0.00e+00	0.00e+00
 3.80822e+22	1.06e-15	1.83e-10	1.42e-06	6.51e-05	1.25e-03	5.72e-03	6.74e-03	2.02e-02	2.81e-01	4.42e-01	1.98e-01	4.05e-02	4.29e-03	1.78e-04	5.60e-06	4.26e-07	0.00e+00	0.00e+00	0.00e+00
 3.83307e+22	1.45e-15	2.39e-10	1.77e-06	7.98e-05	1.49e-03	6.64e-03	7.53e-03	2.26e-02	2.96e-01	4.39e-01	1.86e-01	3.64e-02	3.66e-03	1.46e-04	4.44e-06	3.30e-07	0.00e+00	0.00e+00	0.00e+00
 3.85847e+22	1.87e-15	2.98e-10	2.13e-06	9.44e-05	1.71e-03	7.48e-03	8.22e-03	2.46e-02	3.08e-01	4.36e-01	1.77e-01	3.34e-02	3.23e-03	1.25e-04	3.70e-06	2.70e-07	0.00e+00	0.00e+00	0.00e+00
 3.88459e+22	2.61e-15	3.97e-10	2.71e-06	1.17e-04	2.06e-03	8.72e-03	9.18e-03	2.75e-02	3.23e-01	4.31e-01	1.65e-01	2.98e-02	2.74e-03	1.02e-04	2.91e-06	2.07e-07	0.00e+00	0.00e+00	0.00e+00
 3.91124e+22	3.44e-15	5.02e-10	3.30e-06	1.40e-04	2.38e-03	9.84e-03	1.00e-02	2.99e-02	3.35e-01	4.27e-01	1.57e-01	2.71e-02	2.40e-03	8.71e-05	2.41e-06	1.68e-07	0.00e+00	0.00e+00	0.00e+00
 3.93374e+22	4.39e-15	6.20e-10	3.94e-06	1.64e-04	2.71e-03	1.09e-02	1.08e-02	3.21e-02	3.45e-01	4.22e-01	1.49e-01	2.49e-02	2.13e-03	7.53e-05	2.03e-06	1.39e-07	0.00e+00	0.00e+00	0.00e+00
 3.95812e+22	6.04e-15	8.17e-10	4.97e-06	2.01e-04	3.21e-03	1.25e-02	1.19e-02	3.53e-02	3.58e-01	4.15e-01	1.39e-01	2.23e-02	1.82e-03	6.23e-05	1.62e-06	0.00e+00	0.00e+00	0.00e+00	0.00e+00
 3.98182e+22	7.62e-15	9.99e-10	5.89e-06	2.32e-04	3.62e-03	1.38e-02	1.27e-02	3.76e-02	3.68e-01	4.10e-01	1.32e-01	2.06e-02	1.63e-03	5.45e-05	1.38e-06	0.00e+00	0.00e+00	0.00e+00	0.00e+00
 4.00462e+22	1.03e-14	1.30e-09	7.33e-06	2.81e-04	4.22e-03	1.57e-02	1.39e-02	4.09e-02	3.79e-01	4.02e-01	1.24e-01	1.85e-02	1.40e-03	4.55e-05	1.12e-06	0.00e+00	0.00e+00	0.00e+00	0.00e+00
 4.02764e+22	1.31e-14	1.60e-09	8.74e-06	3.27e-04	4.77e-03	1.72e-02	1.49e-02	4.34e-02	3.88e-01	3.96e-01	1.18e-01	1.71e-02	1.25e-03	3.98e-05	9.56e-07	0.00e+00	0.00e+00	0.00e+00	0.00e+00
 4.05096e+22	1.79e-14	2.09e-09	1.10e-05	3.98e-04	5.57e-03	1.95e-02	1.62e-02	4.70e-02	3.99e-01	3.87e-01	1.10e-01	1.53e-02	1.08e-03	3.32e-05	7.71e-07	0.00e+00	0.00e+00	0.00e+00	0.00e+00
 4.07460e+22	2.29e-14	2.59e-09	1.32e-05	4.64e-04	6.30e-03	2.15e-02	1.73e-02	4.99e-02	4.07e-01	3.79e-01	1.04e-01	1.40e-02	9.56e-04	2.88e-05	6.54e-07	0.00e+00	0.00e+00	0.00e+00	0.00e+00
 4.09868e+22	3.17e-14	3.43e-09	1.67e-05	5.68e-04	7.39e-03	2.44e-02	1.88e-02	5.39e-02	4.17e-01	3.69e-01	9.61e-02	1.25e-02	8.15e-04	2.38e-05	5.24e-07	0.00e+00	0.00e+00	0.00e+00	0.00e+00
 4.12310e+22	4.09e-14	4.28e-09	2.02e-05	6.65e-04	8.38e-03	2.68e-02	2.00e-02	5.70e-02	4.24e-01	3.61e-01	9.06e-02	1.14e-02	7.21e-04	2.06e-05	4.42e-07	0.00e+00	0.00e+00	0.00e+00	0.00e+00
 4.14796e+22	5.71e-14	5.73e-09	2.58e-05	8.17e-04	9.85e-03	3.04e-02	2.18e-02	6.14e-02	4.32e-01	3.49e-01	8.35e-02	1.01e-02	6.11e-04	1.70e-05	3.51e-07	0.00e+00	0.00e+00	0.00e+00	0.00e+00
 4.17326e+22	7.45e-14	7.21e-09	3.13e-05	9.62e-04	1.12e-02	3.35e-02	2.32e-02	6.49e-02	4.38e-01	3.40e-01	7.82e-02	9.15e-03	5.36e-04	1.46e-05	2.94e-07	0.00e+00	0.00e+00	0.00e+00	0.00e+00
 4.19911e+22	1.05e-13	9.74e-09	4.04e-05	1.19e-03	1.32e-02	3.80e-02	2.52e-02	6.97e-02	4.45e-01	3.27e-01	7.16e-02	8.04e-03	4.51e-04	1.19e-05	2.31e-07	0.00e+00	0.00e+00	0.00e+00	0.00e+00
 4.22561e+22	1.39e-13	1.24e-08	4.97e-05	1.41e-03	1.50e-02	4.19e-02	2.69e-02	7.35e-02	4.50e-01	3.17e-01	6.67e-02	7.23e-03	3.92e-04	1.01e-05	1.91e-07	0.00e+00	0.00e+00	0.00e+00	0.00e+00
 4.25295e+22	2.00e-13	1.70e-08	6.48e-05	1.75e-03	1.78e-02	4.76e-02	2.91e-02	7.87e-02	4.55e-01	3.03e-01	6.05e-02	6.28e-03	3.25e-04	8.13e-06	1.49e-07	0.00e+00	0.00e+00	0.00e+00	0.00e+00
 4.28100e+22	2.69e-13	2.20e-08	8.04e-05	2.09e-03	2.04e-02	5.26e-02	3.10e-02	8.29e-02	4.58e-01	2.91e-01	5.58e-02	5.59e-03	2.80e-04	6.82e-06	1.21e-07	0.00e+00	0.00e+00	0.00e+00	0.00e+00
 4.30996e+22	3.93e-13	3.05e-08	1.06e-04	2.63e-03	2.43e-02	5.97e-02	3.36e-02	8.84e-02	4.60e-01	2.76e-01	5.01e-02	4.80e-03	2.29e-04	5.42e-06	0.00e+00	0.00e+00	0.00e+00	0.00e+00	0.00e+00
 4.33915e+22	5.27e-13	3.94e-08	1.32e-04	3.12e-03	2.77e-02	6.57e-02	3.56e-02	9.25e-02	4.61e-01	2.64e-01	4.60e-02	4.25e-03	1.96e-04	4.53e-06	0.00e+00	0.00e+00	0.00e+00	0.00e+00	0.00e+00
 4.36866e+22	7.74e-13	5.49e-08	1.74e-04	3.92e-03	3.29e-02	7.43e-02	3.84e-02	9.81e-02	4.60e-01	2.48e-01	4.09e-02	3.61e-03	1.59e-04	3.56e-06	0.00e+00	0.00e+00	0.00e+00	0.00e+00	0.00e+00
 4.39846e+22	1.04e-12	7.08e-08	2.16e-04	4.65e-03	3.74e-02	8.14e-02	4.05e-02	1.02e-01	4.57e-01	2.36e-01	3.73e-02	3.18e-03	1.35e-04	2.96e-06	0.00e+00	0.00e+00	0.00e+00	0.00e+00	0.00e+00
 4.42865e+22	1.53e-12	9.88e-08	2.85e-04	5.82e-03	4.42e-02	9.15e-02	4.34e-02	1.07e-01	4.52e-01	2.20e-01	3.29e-02	2.68e-03	1.08e-04	2.31e-06	0.00e+00	0.00e+00	0.00e+00	0.00e+00	0.00e+00
 4.45933e+22	2.06e-12	1.28e-07	3.54e-04	6.91e-03	5.02e-02	9.99e-02	4.56e-02	1.11e-01	4.47e-01	2.07e-01	2.97e-02	2.33e-03	9.11e-05	1.90e-06	0.00e+00	0.00e+00	0.00e+00	0.00e+00	0.00e+00
 4.48644e+22	2.77e-12	1.65e-07	4.39e-04	8.18e-03	5.68e-02	1.09e-01	4.78e-02	1.15e-01	4.40e-01	1.95e-01	2.68e-02	2.03e-03	7.63e-05	1.55e-06	0.00e+00	0.00e+00	0.00e+00	0.00e+00	0.00e+00
 4.51743e+22	4.03e-12	2.28e-07	5.74e-04	1.01e-02	6.63e-02	1.21e-01	5.05e-02	1.19e-01	4.29e-01	1.79e-01	2.33e-02	1.68e-03	6.06e-05	1.20e-06	0.00e+00	0.00e+00	0.00e+00	0.00e+00	0.00e+00
 4.54898e+22	5.47e-12	2.96e-07	7.13e-04	1.20e-02	7.49e-02	1.31e-01	5.26e-02	1.22e-01	4.19e-01	1.66e-01	2.07e-02	1.44e-03	4.99e-05	9.63e-07	0.00e+00	0.00e+00	0.00e+00	0.00e+00	0.00e+00
 4.57456e+22	7.05e-12	3.68e-07	8.54e-04	1.38e-02	8.28e-02	1.39e-01	5.44e-02	1.24e-01	4.09e-01	1.56e-01	1.87e-02	1.26e-03	4.24e-05	8.01e-07	0.00e+00	0.00e+00	0.00e+00	0.00e+00	0.00e+00
 4.60112e+22	9.50e-12	4.74e-07	1.05e-03	1.62e-02	9.29e-02	1.50e-01	5.63e-02	1.26e-01	3.96e-01	1.44e-01	1.65e-02	1.07e-03	3.48e-05	6.43e-07	0.00e+00	0.00e+00	0.00e+00	0.00e+00	0.00e+00
 4.62903e+22	1.24e-11	5.93e-07	1.27e-03	1.87e-02	1.03e-01	1.59e-01	5.78e-02	1.27e-01	3.84e-01	1.33e-01	1.47e-02	9.26e-04	2.90e-05	5.26e-07	0.00e+00	0.00e+00	0.00e+00	0.00e+00	0.00e+00
 4.65463e+22	1.60e-11	7.36e-07	1.51e-03	2.14e-02	1.13e-01	1.69e-01	5.92e-02	1.28e-01	3.71e-01	1.23e-01	1.31e-02	7.98e-04	2.42e-05	4.30e-07	0.00e+00	0.00e+00	0.00e+00	0.00e+00	0.00e+00
 4.68386e+22	2.19e-11	9.64e-07	1.89e-03	2.53e-02	1.26e-01	1.80e-01	6.07e-02	1.29e-01	3.53e-01	1.11e-01	1.12e-02	6.59e-04	1.92e-05	3.33e-07	0.00e+00	0.00e+00	0.00e+00	0.00e+00	0.00e+00
 4.71383e+22	2.89e-11	1.22e-06	2.28e-03	2.92e-02	1.39e-01	1.90e-01	6.17e-02	1.29e-01	3.37e-01	1.01e-01	9.78e-03	5.54e-04	1.56e-05	2.64e-07	0.00e+00	0.00e+00	0.00e+00	0.00e+00	0.00e+00
 4.74013e+22	3.70e-11	1.50e-06	2.70e-03	3.31e-02	1.51e-01	1.99e-01	6.25e-02	1.28e-01	3.21e-01	9.24e-02	8.60e-03	4.71e-04	1.29e-05	2.14e-07	0.00e+00	0.00e+00	0.00e+00	0.00e+00	0.00e+00
 4.76968e+22	5.01e-11	1.93e-06	3.31e-03	3.85e-02	1.67e-01	2.10e-01	6.32e-02	1.27e-01	3.02e-01	8.21e-02	7.29e-03	3.84e-04	1.01e-05	1.63e-07	0.00e+00	0.00e+00	0.00e+00	0.00e+00	0.00e+00
 4.80064e+22	6.59e-11	2.43e-06	3.98e-03	4.40e-02	1.82e-01	2.19e-01	6.35e-02	1.25e-01	2.83e-01	7.33e-02	6.22e-03	3.16e-04	8.01e-06	1.27e-07	0.00e+00	0.00e+00	0.00e+00	0.00e+00	0.00e+00
 4.82864e+22	8.43e-11	2.99e-06	4.69e-03	4.95e-02	1.96e-01	2.26e-01	6.35e-02	1.23e-01	2.66e-01	6.58e-02	5.36e-03	2.64e-04	6.47e-06	0.00e+00	0.00e+00	0.00e+00	0.00e+00	0.00e+00	0.00e+00
 4.86029e+22	1.15e-10	3.85e-06	5.74e-03	5.72e-02	2.13e-01	2.35e-01	6.32e-02	1.20e-01	2.44e-01	5.71e-02	4.42e-03	2.08e-04	4.91e-06	0.00e+00	0.00e+00	0.00e+00	0.00e+00	0.00e+00	0.00e+00
 4.89291e+22	1.50e-10	4.81e-06	6.84e-03	6.47e-02	2.29e-01	2.41e-01	6.25e-02	1.16e-01	2.25e-01	5.00e-02	3.70e-03	1.68e-04	3.81e-06	0.00e+00	0.00e+00	0.00e+00	0.00e+00	0.00e+00	0.00e+00
 4.92192e+22	1.91e-10	5.87e-06	7.99e-03	7.21e-02	2.44e-01	2.46e-01	6.17e-02	1.13e-01	2.08e-01	4.41e-02	3.13e-03	1.37e-04	3.02e-06	0.00e+00	0.00e+00	0.00e+00	0.00e+00	0.00e+00	0.00e+00
 4.95478e+22	2.58e-10	7.50e-06	9.66e-03	8.21e-02	2.62e-01	2.51e-01	6.03e-02	1.07e-01	1.87e-01	3.74e-02	2.52e-03	1.06e-04	2.23e-06	0.00e+00	0.00e+00	0.00e+00	0.00e+00	0.00e+00	0.00e+00
 4.98892e+22	3.35e-10	9.29e-06	1.14e-02	9.18e-02	2.78e-01	2.54e-01	5.88e-02	1.02e-01	1.70e-01	3.21e-02	2.06e-03	8.37e-05	1.70e-06	0.00e+00	0.00e+00	0.00e+00	0.00e+00	0.00e+00	0.00e+00
 5.01965e+22	4.27e-10	1.13e-05	1.32e-02	1.01e-01	2.92e-01	2.56e-01	5.72e-02	9.75e-02	1.54e-01	2.76e-02	1.70e-03	6.67e-05	1.31e-06	0.00e+00	0.00e+00	0.00e+00	0.00e+00	0.00e+00	0.00e+00
 5.05452e+22	5.79e-10	1.44e-05	1.59e-02	1.14e-01	3.09e-01	2.56e-01	5.48e-02	9.10e-02	1.35e-01	2.27e-02	1.32e-03	4.96e-05	9.30e-07	0.00e+00	0.00e+00	0.00e+00	0.00e+00	0.00e+00	0.00e+00
 5.09036e+22	7.44e-10	1.77e-05	1.85e-02	1.26e-01	3.22e-01	2.55e-01	5.26e-02	8.55e-02	1.20e-01	1.92e-02	1.07e-03	3.85e-05	6.95e-07	0.00e+00	0.00e+00	0.00e+00	0.00e+00	0.00e+00	0.00e+00
 5.12258e+22	9.45e-10	2.14e-05	2.14e-02	1.37e-01	3.34e-01	2.53e-01	5.04e-02	8.00e-02	1.07e-01	1.62e-02	8.59e-04	2.99e-05	5.21e-07	0.00e+00	0.00e+00	0.00e+00	0.00e+00	0.00e+00	0.00e+00
 5.15960e+22	1.28e-09	2.73e-05	2.56e-02	1.53e-01	3.48e-01	2.48e-01	4.73e-02	7.30e-02	9.12e-02	1.29e-02	6.46e-04	2.15e-05	3.57e-07	0.00e+00	0.00e+00	0.00e+00	0.00e+00	0.00e+00	0.00e+00
 5.19690e+22	1.63e-09	3.29e-05	2.94e-02	1.66e-01	3.58e-01	2.43e-01	4.48e-02	6.75e-02	7.99e-02	1.07e-02	5.11e-04	1.64e-05	2.62e-07	0.00e+00	0.00e+00	0.00e+00	0.00e+00	0.00e+00	0.00e+00
 5.23456e+22	2.17e-09	4.12e-05	3.45e-02	1.82e-01	3.67e-01	2.36e-01	4.17e-02	6.10e-02	6.77e-02	8.45e-03	3.83e-04	1.17e-05	1.79e-07	0.00e+00	0.00e+00	0.00e+00	0.00e+00	0.00e+00	0.00e+00
 5.27309e+22	2.77e-09	5.00e-05	3.96e-02	1.97e-01	3.74e-01	2.29e-01	3.90e-02	5.56e-02	5.83e-02	6.85e-03	2.95e-04	8.70e-06	1.28e-07	0.00e+00	0.00e+00	0.00e+00	0.00e+00	0.00e+00	0.00e+00
 5.30704e+22	3.47e-09	5.95e-05	4.48e-02	2.11e-01	3.79e-01	2.22e-01	3.65e-02	5.08e-02	5.05e-02	5.62e-03	2.32e-04	6.58e-06	0.00e+00	0.00e+00	0.00e+00	0.00e+00	0.00e+00	0.00e+00	0.00e+00
 5.34546e+22	4.62e-09	7.41e-05	5.23e-02	2.28e-01	3.83e-01	2.11e-01	3.33e-02	4.50e-02	4.18e-02	4.33e-03	1.68e-04	4.57e-06	0.00e+00	0.00e+00	0.00e+00	0.00e+00	0.00e+00	0.00e+00	0.00e+00
 5.38481e+22	5.83e-09	8.86e-05	5.92e-02	2.43e-01	3.85e-01	2.02e-01	3.08e-02	4.06e-02	3.56e-02	3.47e-03	1.29e-04	3.36e-06	0.00e+00	0.00e+00	0.00e+00	0.00e+00	0.00e+00	0.00e+00	0.00e+00
 5.42537e+22	7.73e-09	1.10e-04	6.85e-02	2.61e-01	3.85e-01	1.91e-01	2.79e-02	3.54e-02	2.90e-02	2.63e-03	9.18e-05	2.29e-06	0.00e+00	0.00e+00	0.00e+00	0.00e+00	0.00e+00	0.00e+00	0.00e+00
 5.46654e+22	9.74e-09	1.31e-04	7.71e-02	2.76e-01	3.83e-01	1.81e-01	2.55e-02	3.15e-02	2.44e-02	2.08e-03	6.91e-05	1.65e-06	0.00e+00	0.00e+00	0.00e+00	0.00e+00	0.00e+00	0.00e+00	0.00e+00
 5.50851e+22	1.30e-08	1.62e-04	8.90e-02	2.94e-01	3.78e-01	1.68e-01	2.27e-02	2.71e-02	1.95e-02	1.53e-03	4.80e-05	1.09e-06	0.00e+00	0.00e+00	0.00e+00	0.00e+00	0.00e+00	0.00e+00	0.00e+00
 5.55072e+22	1.62e-08	1.92e-04	9.92e-02	3.08e-01	3.73e-01	1.58e-01	2.07e-02	2.40e-02	1.63e-02	1.21e-03	3.60e-05	7.89e-07	0.00e+00	0.00e+00	0.00e+00	0.00e+00	0.00e+00	0.00e+00	0.00e+00
 5.58710e+22	2.00e-08	2.24e-04	1.10e-01	3.21e-01	3.66e-01	1.48e-01	1.88e-02	2.13e-02	1.37e-02	9.53e-04	2.72e-05	5.74e-07	0.00e+00	0.00e+00	0.00e+00	0.00e+00	0.00e+00	0.00e+00	0.00e+00
 5.62825e+22	2.59e-08	2.71e-04	1.24e-01	3.36e-01	3.57e-01	1.37e-01	1.67e-02	1.82e-02	1.09e-02	7.06e-04	1.90e-05	3.83e-07	0.00e+00	0.00e+00	0.00e+00	0.00e+00	0.00e+00	0.00e+00	0.00e+00
