#depth	Fe	Fe+	Fe+2	Fe+3	Fe+4	Fe+5	Fe+6	Fe+7	Fe+8	Fe+9	Fe+10	Fe+11	Fe+12	Fe+13	Fe+14	Fe+15	Fe+16	Fe+17	Fe+18	Fe+19	Fe+20	Fe+21	Fe+22	Fe+23	Fe+24	Fe+25	Fe+26
 1.54284e+22	0.00e+00	0.00e+00	0.00e+00	0.00e+00	0.00e+00	0.00e+00	0.00e+00	1.85e-26	5.20e-24	4.87e-22	3.27e-20	1.53e-18	1.18e-16	7.13e-15	4.82e-13	3.95e-11	2.26e-08	1.14e-06	2.93e-05	3.64e-04	2.68e-03	1.10e-02	3.43e-02	9.94e-02	4.36e-01	3.28e-01	8.87e-02
 3.61212e+22	0.00e+00	0.00e+00	0.00e+00	0.00e+00	0.00e+00	0.00e+00	6.11e-27	2.07e-24	4.29e-22	3.53e-20	2.21e-18	1.09e-16	6.05e-15	2.65e-13	1.29e-11	7.64e-10	3.06e-07	1.10e-05	2.04e-04	1.83e-03	9.73e-03	2.91e-02	6.58e-02	1.39e-01	4.57e-01	2.48e-01	4.86e-02
 4.53166e+22	0.00e+00	0.00e+00	0.00e+00	0.00e+00	0.00e+00	3.79e-28	4.03e-25	1.09e-22	1.79e-20	1.17e-18	5.79e-17	2.26e-15	9.89e-14	3.43e-12	1.32e-10	6.17e-09	1.94e-06	5.46e-05	7.91e-04	5.57e-03	2.33e-02	5.49e-02	9.81e-02	1.65e-01	4.37e-01	1.87e-01	2.87e-02
 5.23921e+22	0.00e+00	0.00e+00	0.00e+00	0.00e+00	6.25e-30	1.23e-26	1.09e-23	2.45e-21	3.61e-19	1.94e-17	7.89e-16	2.53e-14	9.09e-13	2.59e-11	8.18e-10	3.13e-08	8.13e-06	1.89e-04	2.25e-03	1.30e-02	4.46e-02	8.63e-02	1.27e-01	1.76e-01	3.95e-01	1.38e-01	1.74e-02
 5.63230e+22	0.00e+00	0.00e+00	0.00e+00	2.66e-33	1.57e-29	2.96e-26	2.49e-23	5.53e-21	7.75e-19	3.96e-17	1.53e-15	4.66e-14	1.59e-12	4.30e-11	1.29e-09	4.70e-08	1.16e-05	2.56e-04	2.90e-03	1.59e-02	5.21e-02	9.57e-02	1.34e-01	1.77e-01	3.80e-01	1.26e-01	1.52e-02
 5.75967e+22	0.00e+00	0.00e+00	0.00e+00	5.00e-33	2.87e-29	5.26e-26	4.29e-23	9.22e-21	1.25e-18	6.19e-17	2.32e-15	6.82e-14	2.26e-12	5.90e-11	1.72e-09	6.03e-08	1.45e-05	3.11e-04	3.41e-03	1.82e-02	5.74e-02	1.02e-01	1.38e-01	1.77e-01	3.70e-01	1.19e-01	1.38e-02
 5.87179e+22	0.00e+00	0.00e+00	0.00e+00	1.18e-32	6.52e-29	1.15e-25	8.99e-23	1.85e-20	2.41e-18	1.14e-16	4.08e-15	1.15e-13	3.63e-12	9.05e-11	2.52e-09	8.46e-08	1.96e-05	4.03e-04	4.24e-03	2.16e-02	6.53e-02	1.11e-01	1.44e-01	1.77e-01	3.56e-01	1.09e-01	1.21e-02
 5.98310e+22	0.00e+00	0.00e+00	0.00e+00	2.07e-32	1.11e-28	1.91e-25	1.46e-22	2.92e-20	3.69e-18	1.70e-16	5.90e-15	1.61e-13	4.95e-12	1.20e-10	3.24e-09	1.06e-07	2.38e-05	4.76e-04	4.87e-03	2.41e-02	7.08e-02	1.17e-01	1.47e-01	1.76e-01	3.46e-01	1.03e-01	1.11e-02
 6.09336e+22	0.00e+00	0.00e+00	0.00e+00	4.33e-32	2.25e-28	3.73e-25	2.74e-22	5.31e-20	6.47e-18	2.86e-16	9.56e-15	2.51e-13	7.41e-12	1.73e-10	4.48e-09	1.41e-07	3.06e-05	5.92e-04	5.84e-03	2.78e-02	7.85e-02	1.25e-01	1.51e-01	1.74e-01	3.32e-01	9.54e-02	9.90e-03
 6.20798e+22	0.00e+00	0.00e+00	0.00e+00	8.65e-32	4.36e-28	6.99e-25	4.97e-22	9.29e-20	1.09e-17	4.66e-16	1.50e-14	3.80e-13	1.08e-11	2.43e-10	6.06e-09	1.83e-07	3.87e-05	7.24e-04	6.90e-03	3.17e-02	8.64e-02	1.32e-01	1.55e-01	1.72e-01	3.18e-01	8.82e-02	8.83e-03
 6.30721e+22	0.00e+00	0.00e+00	0.00e+00	1.59e-31	7.81e-28	1.22e-24	8.39e-22	1.52e-19	1.73e-17	7.15e-16	2.23e-14	5.47e-13	1.50e-11	3.27e-10	7.89e-09	2.31e-07	4.75e-05	8.63e-04	7.97e-03	3.55e-02	9.37e-02	1.39e-01	1.58e-01	1.70e-01	3.06e-01	8.21e-02	7.96e-03
 6.41514e+22	0.00e+00	0.00e+00	0.00e+00	3.37e-31	1.60e-27	2.40e-24	1.59e-21	2.78e-19	3.05e-17	1.21e-15	3.63e-14	8.53e-13	2.25e-11	4.70e-10	1.09e-08	3.06e-07	6.09e-05	1.07e-03	9.50e-03	4.06e-02	1.03e-01	1.47e-01	1.60e-01	1.66e-01	2.90e-01	7.49e-02	6.98e-03
 6.52762e+22	0.00e+00	0.00e+00	0.00e+00	6.53e-31	3.00e-27	4.36e-24	2.84e-21	4.79e-19	5.07e-17	1.94e-15	5.60e-14	1.27e-12	3.23e-11	6.49e-10	1.45e-08	3.92e-07	7.59e-05	1.29e-03	1.11e-02	4.58e-02	1.12e-01	1.54e-01	1.62e-01	1.62e-01	2.76e-01	6.87e-02	6.17e-03
 6.62844e+22	0.00e+00	0.00e+00	0.00e+00	1.24e-30	5.55e-27	7.83e-24	4.93e-21	8.05e-19	8.24e-17	3.04e-15	8.48e-14	1.85e-12	4.55e-11	8.81e-10	1.90e-08	4.96e-07	9.34e-05	1.54e-03	1.28e-02	5.12e-02	1.21e-01	1.61e-01	1.64e-01	1.58e-01	2.62e-01	6.30e-02	5.47e-03
 6.72355e+22	0.00e+00	0.00e+00	0.00e+00	2.25e-30	9.74e-27	1.34e-23	8.17e-21	1.29e-18	1.29e-16	4.59e-15	1.24e-13	2.62e-12	6.22e-11	1.17e-09	2.43e-08	6.14e-07	1.13e-04	1.81e-03	1.46e-02	5.66e-02	1.30e-01	1.67e-01	1.64e-01	1.54e-01	2.49e-01	5.80e-02	4.88e-03
 6.82881e+22	0.00e+00	0.00e+00	0.00e+00	4.68e-30	1.96e-26	2.60e-23	1.53e-20	2.33e-18	2.23e-16	7.64e-15	1.98e-13	4.02e-12	9.15e-11	1.65e-09	3.29e-08	7.98e-07	1.42e-04	2.20e-03	1.72e-02	6.38e-02	1.41e-01	1.74e-01	1.65e-01	1.49e-01	2.32e-01	5.21e-02	4.21e-03
 6.93681e+22	0.00e+00	0.00e+00	0.00e+00	9.00e-30	3.65e-26	4.69e-23	2.67e-20	3.94e-18	3.63e-16	1.20e-14	3.00e-13	5.86e-12	1.29e-10	2.23e-09	4.29e-08	1.00e-06	1.74e-04	2.61e-03	1.97e-02	7.08e-02	1.51e-01	1.80e-01	1.64e-01	1.43e-01	2.18e-01	4.71e-02	3.68e-03
 7.03067e+22	0.00e+00	0.00e+00	0.00e+00	1.65e-29	6.51e-26	8.12e-23	4.48e-20	6.40e-18	5.71e-16	1.82e-14	4.40e-13	8.31e-12	1.76e-10	2.94e-09	5.46e-08	1.23e-06	2.09e-04	3.05e-03	2.24e-02	7.77e-02	1.60e-01	1.85e-01	1.63e-01	1.38e-01	2.04e-01	4.28e-02	3.23e-03
 7.13499e+22	0.00e+00	0.00e+00	1.39e-33	3.46e-29	1.32e-25	1.58e-22	8.41e-20	1.16e-17	9.90e-16	3.03e-14	7.01e-13	1.27e-11	2.57e-10	4.12e-09	7.33e-08	1.59e-06	2.61e-04	3.68e-03	2.60e-02	8.68e-02	1.71e-01	1.90e-01	1.61e-01	1.31e-01	1.88e-01	3.79e-02	2.75e-03
 7.24253e+22	0.00e+00	0.00e+00	2.72e-33	6.56e-29	2.42e-25	2.82e-22	1.45e-19	1.93e-17	1.59e-15	4.70e-14	1.05e-12	1.83e-11	3.57e-10	5.51e-09	9.44e-08	1.97e-06	3.15e-04	4.31e-03	2.95e-02	9.52e-02	1.81e-01	1.94e-01	1.59e-01	1.25e-01	1.75e-01	3.39e-02	2.38e-03
 7.33858e+22	0.00e+00	0.00e+00	5.27e-33	1.23e-28	4.42e-25	4.99e-22	2.48e-19	3.18e-17	2.54e-15	7.24e-14	1.55e-12	2.61e-11	4.91e-10	7.30e-09	1.20e-07	2.42e-06	3.77e-04	5.03e-03	3.33e-02	1.04e-01	1.91e-01	1.97e-01	1.56e-01	1.19e-01	1.62e-01	3.03e-02	2.05e-03
 7.43046e+22	0.00e+00	0.00e+00	9.72e-33	2.21e-28	7.68e-25	8.43e-22	4.06e-19	5.05e-17	3.90e-15	1.08e-13	2.23e-12	3.62e-11	6.59e-10	9.46e-09	1.51e-07	2.93e-06	4.45e-04	5.77e-03	3.72e-02	1.12e-01	2.00e-01	2.00e-01	1.53e-01	1.13e-01	1.50e-01	2.72e-02	1.78e-03
 7.53257e+22	0.00e+00	0.00e+00	2.08e-32	4.56e-28	1.53e-24	1.62e-21	7.50e-19	8.99e-17	6.66e-15	1.76e-13	3.50e-12	5.44e-11	9.47e-10	1.30e-08	1.98e-07	3.69e-06	5.46e-04	6.84e-03	4.25e-02	1.23e-01	2.10e-01	2.02e-01	1.49e-01	1.05e-01	1.36e-01	2.36e-02	1.49e-03
 7.63628e+22	0.00e+00	0.00e+00	4.07e-32	8.61e-28	2.80e-24	2.89e-21	1.29e-18	1.49e-16	1.07e-14	2.71e-13	5.19e-12	7.76e-11	1.30e-09	1.72e-08	2.52e-07	4.50e-06	6.50e-04	7.91e-03	4.76e-02	1.33e-01	2.19e-01	2.03e-01	1.44e-01	9.85e-02	1.24e-01	2.08e-02	1.26e-03
 7.72480e+22	0.00e+00	0.00e+00	7.31e-32	1.51e-27	4.77e-24	4.77e-21	2.07e-18	2.32e-16	1.61e-14	3.95e-13	7.31e-12	1.06e-10	1.71e-09	2.19e-08	3.10e-07	5.36e-06	7.56e-04	8.97e-03	5.24e-02	1.42e-01	2.27e-01	2.03e-01	1.40e-01	9.27e-02	1.14e-01	1.85e-02	1.09e-03
 7.82262e+22	0.00e+00	0.00e+00	1.55e-31	3.08e-27	9.40e-24	9.08e-21	3.79e-18	4.09e-16	2.71e-14	6.39e-13	1.13e-11	1.57e-10	2.42e-09	2.96e-08	4.01e-07	6.66e-06	9.12e-04	1.05e-02	5.91e-02	1.54e-01	2.35e-01	2.03e-01	1.34e-01	8.53e-02	1.02e-01	1.59e-02	8.98e-04
 7.92368e+22	0.00e+00	0.00e+00	2.92e-31	5.61e-27	1.66e-23	1.56e-20	6.29e-18	6.56e-16	4.21e-14	9.56e-13	1.63e-11	2.18e-10	3.25e-09	3.83e-08	5.00e-07	7.99e-06	1.07e-03	1.19e-02	6.51e-02	1.64e-01	2.42e-01	2.01e-01	1.29e-01	7.93e-02	9.21e-02	1.39e-02	7.60e-04
 8.01252e+22	0.00e+00	0.00e+00	5.36e-31	9.99e-27	2.88e-23	2.62e-20	1.02e-17	1.03e-15	6.40e-14	1.41e-12	2.32e-11	2.98e-10	4.29e-09	4.88e-08	6.14e-07	9.47e-06	1.24e-03	1.34e-02	7.13e-02	1.74e-01	2.48e-01	1.99e-01	1.23e-01	7.36e-02	8.35e-02	1.22e-02	6.44e-04
 8.09855e+22	0.00e+00	0.00e+00	9.64e-31	1.75e-26	4.89e-23	4.32e-20	1.64e-17	1.60e-15	9.61e-14	2.04e-12	3.25e-11	4.04e-10	5.61e-09	6.16e-08	7.48e-07	1.11e-05	1.42e-03	1.51e-02	7.76e-02	1.83e-01	2.53e-01	1.97e-01	1.18e-01	6.82e-02	7.57e-02	1.07e-02	5.48e-04
 8.19736e+22	0.00e+00	0.00e+00	2.01e-30	3.51e-26	9.49e-23	8.09e-20	2.95e-17	2.78e-15	1.60e-13	3.25e-12	4.95e-11	5.89e-10	7.83e-09	8.22e-08	9.55e-07	1.36e-05	1.69e-03	1.73e-02	8.60e-02	1.95e-01	2.58e-01	1.93e-01	1.11e-01	6.18e-02	6.66e-02	9.04e-03	4.44e-04
 8.29764e+22	0.00e+00	0.00e+00	3.83e-30	6.47e-26	1.69e-22	1.40e-19	4.93e-17	4.48e-15	2.48e-13	4.86e-12	7.13e-11	8.17e-10	1.04e-08	1.05e-07	1.18e-06	1.62e-05	1.96e-03	1.95e-02	9.38e-02	2.05e-01	2.62e-01	1.89e-01	1.05e-01	5.64e-02	5.94e-02	7.77e-03	3.69e-04
 8.38360e+22	0.00e+00	0.00e+00	6.93e-30	1.14e-25	2.89e-22	2.32e-19	7.91e-17	6.96e-15	3.73e-13	7.05e-12	9.98e-11	1.10e-09	1.36e-08	1.33e-07	1.43e-06	1.89e-05	2.23e-03	2.16e-02	1.01e-01	2.14e-01	2.65e-01	1.85e-01	9.92e-02	5.17e-02	5.32e-02	6.74e-03	3.09e-04
 8.47911e+22	0.00e+00	0.00e+00	1.42e-29	2.25e-25	5.51e-22	4.27e-19	1.40e-16	1.19e-14	6.10e-13	1.10e-11	1.50e-10	1.59e-09	1.87e-08	1.75e-07	1.80e-06	2.28e-05	2.62e-03	2.46e-02	1.11e-01	2.25e-01	2.67e-01	1.79e-01	9.24e-02	4.63e-02	4.63e-02	5.64e-03	2.49e-04
 8.57809e+22	0.00e+00	0.00e+00	2.68e-29	4.10e-25	9.74e-22	7.31e-19	2.32e-16	1.90e-14	9.39e-13	1.64e-11	2.14e-10	2.18e-09	2.47e-08	2.22e-07	2.20e-06	2.68e-05	3.00e-03	2.73e-02	1.20e-01	2.35e-01	2.68e-01	1.73e-01	8.64e-02	4.19e-02	4.09e-02	4.80e-03	2.04e-04
 8.66680e+22	0.00e+00	4.97e-34	4.92e-29	7.30e-25	1.68e-21	1.22e-18	3.76e-16	2.97e-14	1.42e-12	2.39e-11	3.01e-10	2.95e-09	3.23e-08	2.79e-07	2.66e-06	3.13e-05	3.41e-03	3.02e-02	1.28e-01	2.43e-01	2.68e-01	1.67e-01	8.07e-02	3.79e-02	3.62e-02	4.10e-03	1.69e-04
 8.75328e+22	0.00e+00	9.34e-34	8.94e-29	1.28e-24	2.87e-21	2.03e-18	6.03e-16	4.62e-14	2.13e-12	3.46e-11	4.19e-10	3.97e-09	4.18e-08	3.48e-07	3.20e-06	3.63e-05	3.86e-03	3.33e-02	1.37e-01	2.51e-01	2.68e-01	1.61e-01	7.53e-02	3.42e-02	3.19e-02	3.50e-03	1.39e-04
 8.85162e+22	0.00e+00	2.03e-33	1.86e-28	2.57e-24	5.55e-21	3.78e-18	1.08e-15	7.93e-14	3.50e-12	5.44e-11	6.31e-10	5.71e-09	5.74e-08	4.57e-07	4.01e-06	4.35e-05	4.48e-03	3.74e-02	1.48e-01	2.61e-01	2.66e-01	1.54e-01	6.89e-02	3.01e-02	2.73e-02	2.87e-03	1.09e-04
 8.95271e+22	0.00e+00	4.17e-33	3.68e-28	4.91e-24	1.02e-20	6.73e-18	1.85e-15	1.31e-13	5.55e-12	8.27e-11	9.19e-10	7.97e-09	7.68e-08	5.85e-07	4.92e-06	5.12e-05	5.13e-03	4.15e-02	1.59e-01	2.69e-01	2.64e-01	1.46e-01	6.31e-02	2.66e-02	2.35e-02	2.38e-03	8.73e-05
 9.03996e+22	0.00e+00	7.73e-33	6.60e-28	8.54e-24	1.73e-20	1.10e-17	2.94e-15	2.01e-13	8.23e-12	1.18e-10	1.27e-09	1.06e-08	9.86e-08	7.24e-07	5.86e-06	5.89e-05	5.75e-03	4.52e-02	1.68e-01	2.75e-01	2.61e-01	1.40e-01	5.84e-02	2.38e-02	2.06e-02	2.02e-03	7.16e-05
 9.13599e+22	0.00e+00	1.65e-32	1.35e-27	1.68e-23	3.28e-20	2.02e-17	5.16e-15	3.40e-13	1.33e-11	1.83e-10	1.88e-09	1.51e-08	1.34e-07	9.39e-07	7.26e-06	6.97e-05	6.60e-03	5.02e-02	1.80e-01	2.82e-01	2.56e-01	1.32e-01	5.29e-02	2.08e-02	1.75e-02	1.64e-03	5.59e-05
 9.23254e+22	0.00e+00	3.08e-32	2.44e-27	2.94e-23	5.56e-20	3.32e-17	8.23e-15	5.23e-13	1.98e-11	2.63e-10	2.60e-09	2.01e-08	1.72e-07	1.16e-06	8.65e-06	8.00e-05	7.38e-03	5.45e-02	1.90e-01	2.87e-01	2.52e-01	1.25e-01	4.86e-02	1.85e-02	1.53e-02	1.38e-03	4.55e-05
 9.31587e+22	0.00e+00	5.79e-32	4.43e-27	5.17e-23	9.47e-20	5.48e-17	1.31e-14	8.09e-13	2.95e-11	3.78e-10	3.60e-09	2.67e-08	2.20e-07	1.43e-06	1.03e-05	9.15e-05	8.22e-03	5.91e-02	2.00e-01	2.92e-01	2.47e-01	1.19e-01	4.45e-02	1.64e-02	1.32e-02	1.16e-03	3.68e-05
 9.39677e+22	0.00e+00	1.03e-31	7.63e-27	8.66e-23	1.54e-19	8.68e-17	2.02e-14	1.20e-12	4.25e-11	5.26e-10	4.84e-09	3.48e-08	2.77e-07	1.74e-06	1.20e-05	1.04e-04	9.08e-03	6.36e-02	2.09e-01	2.96e-01	2.42e-01	1.13e-01	4.10e-02	1.47e-02	1.16e-02	9.83e-04	3.03e-05
 9.47289e+22	0.00e+00	1.77e-31	1.27e-26	1.40e-22	2.43e-19	1.33e-16	3.01e-14	1.75e-12	5.98e-11	7.16e-10	6.38e-09	4.44e-08	3.42e-07	2.08e-06	1.39e-05	1.16e-04	9.94e-03	6.80e-02	2.17e-01	2.99e-01	2.37e-01	1.07e-01	3.78e-02	1.32e-02	1.02e-02	8.41e-04	2.51e-05
 9.54492e+22	0.00e+00	3.09e-31	2.15e-26	2.31e-22	3.89e-19	2.07e-16	4.55e-14	2.56e-12	8.48e-11	9.83e-10	8.48e-09	5.70e-08	4.24e-07	2.50e-06	1.62e-05	1.30e-04	1.09e-02	7.26e-02	2.26e-01	3.01e-01	2.31e-01	1.01e-01	3.48e-02	1.18e-02	8.97e-03	7.15e-04	2.07e-05
 9.61503e+22	0.00e+00	5.13e-31	3.48e-26	3.63e-22	5.96e-19	3.10e-16	6.62e-14	3.62e-12	1.17e-10	1.31e-09	1.10e-08	7.16e-08	5.17e-07	2.95e-06	1.85e-05	1.45e-04	1.18e-02	7.71e-02	2.34e-01	3.03e-01	2.26e-01	9.62e-02	3.22e-02	1.06e-02	7.95e-03	6.16e-04	1.73e-05
 9.68073e+22	0.00e+00	8.36e-31	5.50e-26	5.60e-22	8.97e-19	4.55e-16	9.48e-14	5.05e-12	1.58e-10	1.73e-09	1.40e-08	8.90e-08	6.24e-07	3.46e-06	2.10e-05	1.60e-04	1.28e-02	8.15e-02	2.42e-01	3.05e-01	2.21e-01	9.15e-02	2.98e-02	9.58e-03	7.07e-03	5.33e-04	1.46e-05
 9.74217e+22	0.00e+00	1.33e-30	8.54e-26	8.49e-22	1.33e-18	6.58e-16	1.34e-13	6.94e-12	2.11e-10	2.25e-09	1.78e-08	1.10e-07	7.46e-07	4.02e-06	2.37e-05	1.75e-04	1.37e-02	8.58e-02	2.49e-01	3.06e-01	2.15e-01	8.70e-02	2.77e-02	8.68e-03	6.31e-03	4.63e-04	1.24e-05
 9.81137e+22	0.00e+00	2.36e-30	1.46e-25	1.41e-21	2.14e-18	1.03e-15	2.03e-13	1.02e-11	3.02e-10	3.11e-09	2.37e-08	1.41e-07	9.29e-07	4.83e-06	2.76e-05	1.97e-04	1.50e-02	9.14e-02	2.58e-01	3.06e-01	2.09e-01	8.17e-02	2.52e-02	7.68e-03	5.47e-03	3.89e-04	1.01e-05
 9.87924e+22	0.00e+00	3.71e-30	2.24e-25	2.11e-21	3.13e-18	1.48e-15	2.84e-13	1.40e-11	4.00e-10	4.01e-09	2.98e-08	1.73e-07	1.11e-06	5.59e-06	3.10e-05	2.15e-04	1.61e-02	9.59e-02	2.65e-01	3.07e-01	2.03e-01	7.76e-02	2.34e-02	6.96e-03	4.89e-03	3.39e-04	8.55e-06
 9.93546e+22	0.00e+00	5.75e-30	3.39e-25	3.12e-21	4.52e-18	2.08e-15	3.91e-13	1.88e-11	5.25e-10	5.13e-09	3.71e-08	2.10e-07	1.30e-06	6.42e-06	3.47e-05	2.34e-04	1.72e-02	1.00e-01	2.71e-01	3.06e-01	1.98e-01	7.38e-02	2.17e-02	6.32e-03	4.38e-03	2.96e-04	7.29e-06
 9.99865e+22	0.00e+00	9.87e-30	5.64e-25	5.04e-21	7.09e-18	3.18e-15	5.81e-13	2.71e-11	7.33e-10	6.94e-09	4.86e-08	2.66e-07	1.60e-06	7.63e-06	3.98e-05	2.60e-04	1.86e-02	1.06e-01	2.79e-01	3.06e-01	1.92e-01	6.92e-02	1.98e-02	5.61e-03	3.81e-03	2.50e-04	5.97e-06
 1.00602e+23	0.00e+00	1.51e-29	8.42e-25	7.36e-21	1.01e-17	4.45e-15	7.94e-13	3.62e-11	9.54e-10	8.80e-09	6.01e-08	3.20e-07	1.88e-06	8.72e-06	4.43e-05	2.82e-04	1.98e-02	1.11e-01	2.85e-01	3.05e-01	1.86e-01	6.57e-02	1.84e-02	5.10e-03	3.42e-03	2.19e-04	5.10e-06
 1.01108e+23	0.00e+00	2.28e-29	1.24e-24	1.06e-20	1.43e-17	6.14e-15	1.07e-12	4.78e-11	1.23e-09	1.11e-08	7.38e-08	3.84e-07	2.20e-06	9.93e-06	4.91e-05	3.05e-04	2.10e-02	1.15e-01	2.91e-01	3.04e-01	1.81e-01	6.25e-02	1.71e-02	4.64e-03	3.07e-03	1.92e-04	4.37e-06
 1.01601e+23	0.00e+00	3.37e-29	1.79e-24	1.50e-20	1.97e-17	8.32e-15	1.42e-12	6.21e-11	1.56e-09	1.38e-08	8.96e-08	4.55e-07	2.54e-06	1.12e-05	5.41e-05	3.29e-04	2.22e-02	1.19e-01	2.96e-01	3.03e-01	1.76e-01	5.95e-02	1.59e-02	4.24e-03	2.77e-03	1.69e-04	3.78e-06
 1.02168e+23	0.00e+00	5.41e-29	2.80e-24	2.28e-20	2.93e-17	1.21e-14	2.01e-12	8.56e-11	2.09e-09	1.79e-08	1.13e-07	5.60e-07	3.04e-06	1.30e-05	6.10e-05	3.60e-04	2.37e-02	1.25e-01	3.03e-01	3.01e-01	1.70e-01	5.59e-02	1.46e-02	3.80e-03	2.44e-03	1.45e-04	3.15e-06
 1.02762e+23	0.00e+00	8.50e-29	4.28e-24	3.40e-20	4.26e-17	1.72e-14	2.80e-12	1.16e-10	2.76e-09	2.30e-08	1.42e-07	6.81e-07	3.59e-06	1.50e-05	6.82e-05	3.91e-04	2.52e-02	1.30e-01	3.08e-01	2.99e-01	1.65e-01	5.27e-02	1.35e-02	3.42e-03	2.17e-03	1.26e-04	2.66e-06
 1.03288e+23	0.00e+00	1.26e-28	6.22e-24	4.83e-20	5.93e-17	2.34e-14	3.73e-12	1.51e-10	3.52e-09	2.87e-08	1.73e-07	8.09e-07	4.17e-06	1.69e-05	7.52e-05	4.21e-04	2.66e-02	1.35e-01	3.13e-01	2.97e-01	1.60e-01	5.00e-02	1.25e-02	3.11e-03	1.95e-03	1.10e-04	2.28e-06
 1.03777e+23	0.00e+00	1.89e-28	9.05e-24	6.88e-20	8.25e-17	3.19e-14	4.98e-12	1.98e-10	4.50e-09	3.58e-08	2.10e-07	9.62e-07	4.83e-06	1.92e-05	8.29e-05	4.53e-04	2.81e-02	1.40e-01	3.18e-01	2.95e-01	1.55e-01	4.74e-02	1.16e-02	2.83e-03	1.75e-03	9.67e-05	1.95e-06
 1.04237e+23	0.00e+00	2.73e-28	1.28e-23	9.55e-20	1.12e-16	4.26e-14	6.52e-12	2.54e-10	5.64e-09	4.39e-08	2.52e-07	1.13e-06	5.54e-06	2.15e-05	9.08e-05	4.84e-04	2.95e-02	1.44e-01	3.23e-01	2.93e-01	1.50e-01	4.50e-02	1.08e-02	2.59e-03	1.58e-03	8.55e-05	1.69e-06
 1.04752e+23	0.00e+00	4.34e-28	1.98e-23	1.44e-19	1.64e-16	6.09e-14	9.10e-12	3.46e-10	7.47e-09	5.67e-08	3.16e-07	1.38e-06	6.57e-06	2.48e-05	1.02e-04	5.27e-04	3.13e-02	1.50e-01	3.28e-01	2.90e-01	1.44e-01	4.22e-02	9.89e-03	2.31e-03	1.39e-03	7.33e-05	1.41e-06
 1.05281e+23	0.00e+00	6.56e-28	2.92e-23	2.07e-19	2.31e-16	8.40e-14	1.23e-11	4.56e-10	9.62e-09	7.12e-08	3.88e-07	1.65e-06	7.66e-06	2.81e-05	1.12e-04	5.67e-04	3.30e-02	1.55e-01	3.33e-01	2.87e-01	1.39e-01	3.98e-02	9.13e-03	2.09e-03	1.24e-03	6.38e-05	1.20e-06
 1.05740e+23	0.00e+00	9.51e-28	4.13e-23	2.87e-19	3.14e-16	1.12e-13	1.60e-11	5.84e-10	1.21e-08	8.73e-08	4.65e-07	1.93e-06	8.77e-06	3.15e-05	1.23e-04	6.06e-04	3.46e-02	1.60e-01	3.37e-01	2.84e-01	1.35e-01	3.77e-02	8.49e-03	1.90e-03	1.12e-03	5.63e-05	1.04e-06
 1.06249e+23	0.00e+00	1.53e-27	6.45e-23	4.35e-19	4.64e-16	1.61e-13	2.26e-11	8.02e-10	1.61e-08	1.13e-07	5.87e-07	2.37e-06	1.04e-05	3.63e-05	1.38e-04	6.60e-04	3.67e-02	1.66e-01	3.42e-01	2.80e-01	1.29e-01	3.52e-02	7.72e-03	1.69e-03	9.77e-04	4.79e-05	8.57e-07
 1.06771e+23	3.42e-34	2.32e-27	9.55e-23	6.29e-19	6.54e-16	2.22e-13	3.05e-11	1.06e-09	2.07e-08	1.42e-07	7.20e-07	2.83e-06	1.22e-05	4.13e-05	1.52e-04	7.10e-04	3.87e-02	1.71e-01	3.46e-01	2.77e-01	1.24e-01	3.31e-02	7.10e-03	1.52e-03	8.68e-04	4.15e-05	7.25e-07
 1.07231e+23	5.15e-34	3.41e-27	1.37e-22	8.82e-19	8.97e-16	2.99e-13	4.02e-11	1.37e-09	2.62e-08	1.76e-07	8.69e-07	3.34e-06	1.40e-05	4.64e-05	1.67e-04	7.60e-04	4.05e-02	1.76e-01	3.49e-01	2.73e-01	1.20e-01	3.12e-02	6.56e-03	1.38e-03	7.77e-04	3.63e-05	6.20e-07
 1.07747e+23	8.83e-34	5.66e-27	2.20e-22	1.38e-18	1.36e-15	4.41e-13	5.77e-11	1.91e-09	3.55e-08	2.32e-07	1.11e-06	4.15e-06	1.69e-05	5.40e-05	1.88e-04	8.30e-04	4.31e-02	1.83e-01	3.54e-01	2.68e-01	1.14e-01	2.89e-02	5.91e-03	1.21e-03	6.71e-04	3.04e-05	5.04e-07
 1.08271e+23	1.37e-33	8.54e-27	3.23e-22	1.97e-18	1.90e-15	6.04e-13	7.74e-11	2.51e-09	4.55e-08	2.91e-07	1.36e-06	4.94e-06	1.96e-05	6.12e-05	2.07e-04	8.91e-04	4.52e-02	1.89e-01	3.57e-01	2.65e-01	1.09e-01	2.71e-02	5.43e-03	1.09e-03	5.95e-04	2.63e-05	4.26e-07
 1.08718e+23	2.02e-33	1.23e-26	4.55e-22	2.72e-18	2.56e-15	8.00e-13	1.01e-10	3.21e-09	5.68e-08	3.55e-07	1.62e-06	5.78e-06	2.24e-05	6.83e-05	2.26e-04	9.50e-04	4.72e-02	1.93e-01	3.60e-01	2.61e-01	1.05e-01	2.55e-02	5.02e-03	9.89e-04	5.34e-04	2.31e-05	3.66e-07
 1.09214e+23	3.56e-33	2.09e-26	7.47e-22	4.31e-18	3.93e-15	1.20e-12	1.46e-10	4.55e-09	7.81e-08	4.75e-07	2.10e-06	7.25e-06	2.71e-05	8.01e-05	2.55e-04	1.04e-03	5.02e-02	2.00e-01	3.64e-01	2.55e-01	9.97e-02	2.34e-02	4.49e-03	8.59e-04	4.56e-04	1.91e-05	2.93e-07
 1.09700e+23	5.19e-33	2.98e-26	1.04e-21	5.87e-18	5.25e-15	1.57e-12	1.89e-10	5.75e-09	9.67e-08	5.76e-07	2.50e-06	8.43e-06	3.09e-05	8.91e-05	2.78e-04	1.10e-03	5.23e-02	2.05e-01	3.66e-01	2.51e-01	9.60e-02	2.21e-02	4.16e-03	7.81e-04	4.10e-04	1.68e-05	2.53e-07
 1.10175e+23	8.89e-33	4.93e-26	1.66e-21	9.10e-18	7.88e-15	2.29e-12	2.69e-10	8.02e-09	1.31e-07	7.58e-07	3.19e-06	1.05e-05	3.71e-05	1.04e-04	3.12e-04	1.20e-03	5.53e-02	2.12e-01	3.69e-01	2.46e-01	9.08e-02	2.03e-02	3.72e-03	6.81e-04	3.52e-04	1.40e-05	2.04e-07
 1.10641e+23	1.29e-32	6.98e-26	2.30e-21	1.23e-17	1.04e-14	2.99e-12	3.45e-10	1.01e-08	1.61e-07	9.17e-07	3.79e-06	1.21e-05	4.21e-05	1.15e-04	3.39e-04	1.28e-03	5.75e-02	2.17e-01	3.71e-01	2.42e-01	8.73e-02	1.92e-02	3.45e-03	6.20e-04	3.17e-04	1.23e-05	1.76e-07
 1.11098e+23	2.18e-32	1.14e-25	3.63e-21	1.88e-17	1.55e-14	4.32e-12	4.87e-10	1.39e-08	2.17e-07	1.20e-06	4.81e-06	1.50e-05	5.03e-05	1.33e-04	3.80e-04	1.39e-03	6.07e-02	2.24e-01	3.73e-01	2.36e-01	8.25e-02	1.76e-02	3.09e-03	5.41e-04	2.72e-04	1.03e-05	1.42e-07
 1.11555e+23	3.19e-32	1.63e-25	5.06e-21	2.56e-17	2.06e-14	5.65e-12	6.27e-10	1.76e-08	2.69e-07	1.46e-06	5.72e-06	1.74e-05	5.73e-05	1.48e-04	4.13e-04	1.47e-03	6.31e-02	2.28e-01	3.75e-01	2.32e-01	7.91e-02	1.66e-02	2.85e-03	4.90e-04	2.43e-04	8.97e-06	0.00e+00
 1.12015e+23	5.43e-32	2.67e-25	8.02e-21	3.94e-17	3.07e-14	8.20e-12	8.90e-10	2.45e-08	3.63e-07	1.91e-06	7.30e-06	2.16e-05	6.88e-05	1.72e-04	4.64e-04	1.60e-03	6.65e-02	2.35e-01	3.77e-01	2.26e-01	7.45e-02	1.51e-02	2.54e-03	4.25e-04	2.08e-04	7.42e-06	0.00e+00
 1.12476e+23	8.04e-32	3.85e-25	1.13e-20	5.40e-17	4.11e-14	1.08e-11	1.15e-09	3.11e-08	4.52e-07	2.34e-06	8.74e-06	2.53e-05	7.86e-05	1.92e-04	5.05e-04	1.71e-03	6.92e-02	2.40e-01	3.78e-01	2.22e-01	7.12e-02	1.42e-02	2.33e-03	3.83e-04	1.85e-04	6.45e-06	0.00e+00
 1.12940e+23	1.38e-31	6.38e-25	1.80e-20	8.34e-17	6.14e-14	1.57e-11	1.64e-09	4.35e-08	6.13e-07	3.09e-06	1.12e-05	3.15e-05	9.47e-05	2.24e-04	5.69e-04	1.86e-03	7.30e-02	2.47e-01	3.80e-01	2.15e-01	6.68e-02	1.29e-02	2.07e-03	3.30e-04	1.57e-04	5.29e-06	0.00e+00
 1.13408e+23	2.05e-31	9.19e-25	2.53e-20	1.14e-16	8.21e-14	2.07e-11	2.12e-09	5.54e-08	7.66e-07	3.79e-06	1.34e-05	3.69e-05	1.08e-04	2.51e-04	6.20e-04	1.98e-03	7.59e-02	2.52e-01	3.80e-01	2.11e-01	6.37e-02	1.20e-02	1.89e-03	2.96e-04	1.39e-04	4.57e-06	0.00e+00
 1.13879e+23	3.48e-31	1.50e-24	3.98e-20	1.74e-16	1.21e-13	2.98e-11	3.00e-09	7.67e-08	1.03e-06	4.97e-06	1.71e-05	4.57e-05	1.30e-04	2.91e-04	6.96e-04	2.15e-03	7.99e-02	2.59e-01	3.81e-01	2.04e-01	5.96e-02	1.09e-02	1.67e-03	2.56e-04	1.18e-04	3.75e-06	0.00e+00
 1.14346e+23	5.20e-31	2.18e-24	5.61e-20	2.39e-16	1.62e-13	3.92e-11	3.89e-09	9.81e-08	1.29e-06	6.11e-06	2.06e-05	5.37e-05	1.49e-04	3.26e-04	7.60e-04	2.29e-03	8.30e-02	2.64e-01	3.81e-01	1.99e-01	5.66e-02	1.02e-02	1.53e-03	2.28e-04	1.04e-04	3.22e-06	0.00e+00
 1.14809e+23	8.72e-31	3.51e-24	8.73e-20	3.60e-16	2.37e-13	5.59e-11	5.45e-09	1.35e-07	1.73e-06	8.00e-06	2.62e-05	6.64e-05	1.79e-04	3.78e-04	8.53e-04	2.49e-03	8.72e-02	2.71e-01	3.81e-01	1.93e-01	5.29e-02	9.24e-03	1.35e-03	1.97e-04	8.79e-05	2.64e-06	0.00e+00
 1.15281e+23	1.32e-30	5.14e-24	1.24e-19	4.98e-16	3.19e-13	7.41e-11	7.13e-09	1.74e-07	2.19e-06	9.91e-06	3.18e-05	7.86e-05	2.06e-04	4.26e-04	9.34e-04	2.66e-03	9.07e-02	2.76e-01	3.81e-01	1.88e-01	5.00e-02	8.54e-03	1.22e-03	1.74e-04	7.68e-05	2.25e-06	0.00e+00
 1.15764e+23	2.25e-30	8.39e-24	1.95e-19	7.56e-16	4.69e-13	1.06e-10	1.01e-08	2.42e-07	2.96e-06	1.31e-05	4.08e-05	9.79e-05	2.49e-04	4.96e-04	1.05e-03	2.89e-03	9.54e-02	2.82e-01	3.81e-01	1.81e-01	4.65e-02	7.69e-03	1.07e-03	1.49e-04	6.44e-05	1.82e-06	0.00e+00
 1.16250e+23	3.38e-30	1.22e-23	2.76e-19	1.04e-15	6.29e-13	1.40e-10	1.31e-08	3.12e-07	3.75e-06	1.62e-05	4.95e-05	1.16e-04	2.87e-04	5.59e-04	1.15e-03	3.09e-03	9.92e-02	2.88e-01	3.80e-01	1.76e-01	4.38e-02	7.09e-03	9.67e-04	1.31e-04	5.60e-05	1.54e-06	0.00e+00
 1.16739e+23	5.74e-30	1.99e-23	4.31e-19	1.57e-15	9.18e-13	2.00e-10	1.85e-08	4.32e-07	5.07e-06	2.15e-05	6.36e-05	1.45e-04	3.47e-04	6.52e-04	1.30e-03	3.37e-03	1.04e-01	2.94e-01	3.79e-01	1.69e-01	4.05e-02	6.36e-03	8.44e-04	1.12e-04	4.67e-05	1.24e-06	0.00e+00
 1.17233e+23	7.49e-32	2.87e-23	6.05e-19	2.14e-15	1.22e-12	2.63e-10	2.40e-08	5.56e-07	6.40e-06	2.66e-05	7.70e-05	1.71e-04	4.00e-04	7.34e-04	1.42e-03	3.60e-03	1.08e-01	2.99e-01	3.77e-01	1.64e-01	3.81e-02	5.84e-03	7.60e-04	9.82e-05	4.05e-05	1.04e-06	0.00e+00
 1.17658e+23	1.10e-31	4.08e-23	8.35e-19	2.88e-15	1.61e-12	3.40e-10	3.08e-08	7.07e-07	7.99e-06	3.26e-05	9.26e-05	2.02e-04	4.60e-04	8.22e-04	1.55e-03	3.84e-03	1.12e-01	3.04e-01	3.76e-01	1.59e-01	3.59e-02	5.37e-03	6.85e-04	8.68e-05	3.53e-05	8.84e-07	0.00e+00
 1.18140e+23	1.80e-31	6.37e-23	1.25e-18	4.18e-15	2.26e-12	4.71e-10	4.22e-08	9.59e-07	1.06e-05	4.24e-05	1.17e-04	2.48e-04	5.48e-04	9.51e-04	1.74e-03	4.17e-03	1.18e-01	3.10e-01	3.73e-01	1.52e-01	3.32e-02	4.82e-03	6.00e-04	7.40e-05	2.95e-05	7.14e-07	0.00e+00
 1.18624e+23	2.63e-31	8.96e-23	1.72e-18	5.57e-15	2.95e-12	6.05e-10	5.38e-08	1.21e-06	1.32e-05	5.19e-05	1.41e-04	2.91e-04	6.28e-04	1.06e-03	1.90e-03	4.44e-03	1.22e-01	3.14e-01	3.71e-01	1.47e-01	3.12e-02	4.43e-03	5.40e-04	6.53e-05	2.57e-05	6.04e-07	0.00e+00
 1.19112e+23	4.25e-31	1.38e-22	2.54e-18	8.00e-15	4.10e-12	8.29e-10	7.33e-08	1.64e-06	1.75e-05	6.73e-05	1.78e-04	3.58e-04	7.49e-04	1.23e-03	2.12e-03	4.82e-03	1.28e-01	3.20e-01	3.68e-01	1.41e-01	2.87e-02	3.96e-03	4.71e-04	5.55e-05	2.14e-05	4.85e-07	0.00e+00
 1.19604e+23	6.11e-31	1.91e-22	3.43e-18	1.05e-14	5.28e-12	1.05e-09	9.26e-08	2.06e-06	2.16e-05	8.20e-05	2.12e-04	4.18e-04	8.55e-04	1.37e-03	2.31e-03	5.12e-03	1.32e-01	3.24e-01	3.66e-01	1.36e-01	2.70e-02	3.64e-03	4.24e-04	4.89e-05	1.86e-05	4.11e-07	0.00e+00
 1.20103e+23	9.76e-31	2.91e-22	5.02e-18	1.49e-14	7.27e-12	1.43e-09	1.25e-07	2.78e-06	2.85e-05	1.06e-04	2.68e-04	5.13e-04	1.02e-03	1.58e-03	2.58e-03	5.56e-03	1.38e-01	3.30e-01	3.62e-01	1.30e-01	2.48e-02	3.24e-03	3.68e-04	4.14e-05	1.55e-05	3.29e-07	0.00e+00
 1.20612e+23	1.39e-30	3.99e-22	6.71e-18	1.94e-14	9.28e-12	1.81e-09	1.58e-07	3.48e-06	3.51e-05	1.29e-04	3.19e-04	5.98e-04	1.16e-03	1.76e-03	2.80e-03	5.91e-03	1.43e-01	3.34e-01	3.59e-01	1.26e-01	2.32e-02	2.97e-03	3.31e-04	3.65e-05	1.34e-05	2.78e-07	0.00e+00
 1.21132e+23	2.20e-30	6.00e-22	9.73e-18	2.73e-14	1.27e-11	2.44e-09	2.12e-07	4.67e-06	4.62e-05	1.66e-04	4.01e-04	7.33e-04	1.38e-03	2.03e-03	3.13e-03	6.41e-03	1.50e-01	3.39e-01	3.54e-01	1.19e-01	2.12e-02	2.64e-03	2.86e-04	3.08e-05	1.11e-05	2.21e-07	0.00e+00
 1.21665e+23	3.14e-30	8.23e-22	1.30e-17	3.55e-14	1.62e-11	3.07e-09	2.67e-07	5.86e-06	5.72e-05	2.03e-04	4.79e-04	8.57e-04	1.57e-03	2.26e-03	3.41e-03	6.83e-03	1.55e-01	3.42e-01	3.50e-01	1.15e-01	1.98e-02	2.40e-03	2.56e-04	2.70e-05	9.58e-06	1.86e-07	0.00e+00
 1.22215e+23	4.94e-30	1.23e-21	1.87e-17	4.95e-14	2.20e-11	4.13e-09	3.59e-07	7.86e-06	7.52e-05	2.61e-04	6.02e-04	1.05e-03	1.86e-03	2.61e-03	3.80e-03	7.41e-03	1.62e-01	3.47e-01	3.45e-01	1.09e-01	1.81e-02	2.12e-03	2.20e-04	2.27e-05	7.89e-06	1.47e-07	0.00e+00
 1.22777e+23	7.03e-30	1.68e-21	2.48e-17	6.42e-14	2.80e-11	5.21e-09	4.52e-07	9.88e-06	9.32e-05	3.19e-04	7.21e-04	1.23e-03	2.13e-03	2.91e-03	4.14e-03	7.90e-03	1.67e-01	3.50e-01	3.40e-01	1.04e-01	1.68e-02	1.93e-03	1.96e-04	1.98e-05	6.76e-06	1.23e-07	0.00e+00
 1.23352e+23	1.10e-29	2.49e-21	3.55e-17	8.90e-14	3.78e-11	6.96e-09	6.06e-07	1.32e-05	1.22e-04	4.11e-04	9.05e-04	1.50e-03	2.52e-03	3.35e-03	4.62e-03	8.56e-03	1.75e-01	3.54e-01	3.33e-01	9.85e-02	1.52e-02	1.70e-03	1.68e-04	1.65e-05	5.54e-06	0.00e+00	0.00e+00
 1.23932e+23	1.54e-29	3.36e-21	4.66e-17	1.14e-13	4.76e-11	8.69e-09	7.58e-07	1.65e-05	1.51e-04	4.99e-04	1.08e-03	1.75e-03	2.87e-03	3.72e-03	5.01e-03	9.11e-03	1.81e-01	3.57e-01	3.28e-01	9.42e-02	1.41e-02	1.54e-03	1.49e-04	1.44e-05	4.75e-06	0.00e+00	0.00e+00
 1.24517e+23	2.37e-29	4.90e-21	6.56e-17	1.56e-13	6.35e-11	1.15e-08	1.01e-06	2.20e-05	1.97e-04	6.39e-04	1.35e-03	2.12e-03	3.39e-03	4.26e-03	5.57e-03	9.86e-03	1.88e-01	3.60e-01	3.21e-01	8.88e-02	1.28e-02	1.35e-03	1.28e-04	1.20e-05	3.89e-06	0.00e+00	0.00e+00
 1.25112e+23	3.30e-29	6.56e-21	8.55e-17	1.99e-13	7.95e-11	1.43e-08	1.25e-06	2.73e-05	2.41e-04	7.71e-04	1.59e-03	2.46e-03	3.83e-03	4.72e-03	6.03e-03	1.05e-02	1.94e-01	3.62e-01	3.15e-01	8.47e-02	1.18e-02	1.22e-03	1.14e-04	1.05e-05	3.34e-06	0.00e+00	0.00e+00
 1.25634e+23	4.54e-29	8.65e-21	1.10e-16	2.50e-13	9.84e-11	1.76e-08	1.55e-06	3.37e-05	2.93e-04	9.25e-04	1.87e-03	2.84e-03	4.32e-03	5.21e-03	6.51e-03	1.11e-02	2.00e-01	3.64e-01	3.10e-01	8.09e-02	1.10e-02	1.11e-03	1.01e-04	9.15e-06	2.87e-06	0.00e+00	0.00e+00
 1.26147e+23	6.19e-29	1.13e-20	1.41e-16	3.13e-13	1.21e-10	2.15e-08	1.90e-06	4.14e-05	3.55e-04	1.11e-03	2.20e-03	3.26e-03	4.86e-03	5.74e-03	7.02e-03	1.17e-02	2.06e-01	3.65e-01	3.04e-01	7.71e-02	1.02e-02	1.00e-03	8.99e-05	8.00e-06	2.47e-06	0.00e+00	0.00e+00
 1.26737e+23	9.19e-29	1.60e-20	1.92e-16	4.16e-13	1.58e-10	2.79e-08	2.47e-06	5.41e-05	4.54e-04	1.39e-03	2.70e-03	3.90e-03	5.66e-03	6.50e-03	7.73e-03	1.26e-02	2.14e-01	3.67e-01	2.96e-01	7.24e-02	9.19e-03	8.81e-04	7.71e-05	6.70e-06	2.03e-06	0.00e+00	0.00e+00
 1.27328e+23	1.24e-28	2.07e-20	2.43e-16	5.16e-13	1.93e-10	3.38e-08	3.01e-06	6.58e-05	5.45e-04	1.65e-03	3.14e-03	4.45e-03	6.31e-03	7.11e-03	8.29e-03	1.33e-02	2.20e-01	3.68e-01	2.89e-01	6.91e-02	8.53e-03	8.01e-04	6.88e-05	5.89e-06	1.76e-06	0.00e+00	0.00e+00
 1.27921e+23	1.81e-28	2.88e-20	3.27e-16	6.78e-13	2.49e-10	4.34e-08	3.88e-06	8.49e-05	6.91e-04	2.05e-03	3.83e-03	5.28e-03	7.29e-03	8.00e-03	9.07e-03	1.42e-02	2.27e-01	3.68e-01	2.81e-01	6.47e-02	7.71e-03	7.03e-04	5.91e-05	4.94e-06	1.45e-06	0.00e+00	0.00e+00
 1.28505e+23	2.39e-28	3.66e-20	4.07e-16	8.28e-13	3.00e-10	5.20e-08	4.67e-06	1.02e-04	8.20e-04	2.41e-03	4.40e-03	5.96e-03	8.07e-03	8.69e-03	9.67e-03	1.49e-02	2.32e-01	3.68e-01	2.75e-01	6.17e-02	7.16e-03	6.41e-04	5.30e-05	4.36e-06	1.26e-06	0.00e+00	0.00e+00
 1.29079e+23	3.40e-28	4.96e-20	5.36e-16	1.07e-12	3.80e-10	6.55e-08	5.93e-06	1.30e-04	1.03e-03	2.96e-03	5.30e-03	7.00e-03	9.22e-03	9.69e-03	1.05e-02	1.59e-02	2.40e-01	3.67e-01	2.66e-01	5.78e-02	6.48e-03	5.64e-04	4.56e-05	3.68e-06	1.04e-06	0.00e+00	0.00e+00
 1.29662e+23	4.49e-28	6.30e-20	6.67e-16	1.30e-12	4.58e-10	7.86e-08	7.13e-06	1.56e-04	1.21e-03	3.46e-03	6.08e-03	7.89e-03	1.02e-02	1.05e-02	1.12e-02	1.67e-02	2.45e-01	3.67e-01	2.60e-01	5.50e-02	6.01e-03	5.13e-04	4.08e-05	3.24e-06	9.04e-07	0.00e+00	0.00e+00
 1.30257e+23	6.39e-28	8.54e-20	8.78e-16	1.68e-12	5.79e-10	9.90e-08	9.05e-06	1.98e-04	1.52e-03	4.25e-03	7.30e-03	9.23e-03	1.16e-02	1.17e-02	1.21e-02	1.77e-02	2.52e-01	3.65e-01	2.51e-01	5.13e-02	5.41e-03	4.50e-04	3.50e-05	2.72e-06	7.45e-07	0.00e+00	0.00e+00
 1.30863e+23	8.46e-28	1.09e-19	1.09e-15	2.05e-12	6.99e-10	1.19e-07	1.09e-05	2.39e-04	1.80e-03	4.97e-03	8.38e-03	1.04e-02	1.28e-02	1.26e-02	1.29e-02	1.85e-02	2.57e-01	3.63e-01	2.44e-01	4.86e-02	4.99e-03	4.07e-04	3.11e-05	2.38e-06	6.43e-07	0.00e+00	0.00e+00
 1.31484e+23	1.21e-27	1.47e-19	1.44e-15	2.64e-12	8.87e-10	1.50e-07	1.39e-05	3.04e-04	2.25e-03	6.10e-03	1.01e-02	1.22e-02	1.46e-02	1.40e-02	1.39e-02	1.97e-02	2.63e-01	3.60e-01	2.34e-01	4.51e-02	4.47e-03	3.55e-04	2.65e-05	1.98e-06	5.26e-07	0.00e+00	0.00e+00
 1.32116e+23	1.60e-27	1.88e-19	1.80e-15	3.24e-12	1.07e-09	1.81e-07	1.67e-05	3.67e-04	2.67e-03	7.14e-03	1.15e-02	1.37e-02	1.61e-02	1.52e-02	1.48e-02	2.05e-02	2.68e-01	3.57e-01	2.27e-01	4.25e-02	4.10e-03	3.19e-04	2.35e-05	1.73e-06	4.51e-07	0.00e+00	0.00e+00
 1.32763e+23	2.30e-27	2.55e-19	2.37e-15	4.17e-12	1.36e-09	2.28e-07	2.13e-05	4.67e-04	3.34e-03	8.76e-03	1.38e-02	1.59e-02	1.82e-02	1.67e-02	1.59e-02	2.17e-02	2.73e-01	3.52e-01	2.16e-01	3.92e-02	3.65e-03	2.76e-04	1.99e-05	1.43e-06	3.67e-07	0.00e+00	0.00e+00
 1.33421e+23	3.06e-27	3.26e-19	2.96e-15	5.12e-12	1.65e-09	2.75e-07	2.58e-05	5.64e-04	3.96e-03	1.02e-02	1.58e-02	1.79e-02	2.00e-02	1.81e-02	1.69e-02	2.26e-02	2.77e-01	3.48e-01	2.08e-01	3.67e-02	3.33e-03	2.47e-04	1.75e-05	1.24e-06	3.12e-07	0.00e+00	0.00e+00
 1.34096e+23	9.82e-28	4.43e-19	3.92e-15	6.62e-12	2.10e-09	3.49e-07	3.29e-05	7.19e-04	4.94e-03	1.25e-02	1.89e-02	2.08e-02	2.26e-02	1.99e-02	1.81e-02	2.38e-02	2.82e-01	3.41e-01	1.98e-01	3.36e-02	2.94e-03	2.12e-04	1.47e-05	1.02e-06	2.52e-07	0.00e+00	0.00e+00
 1.34756e+23	1.28e-27	5.55e-19	4.82e-15	8.01e-12	2.51e-09	4.14e-07	3.91e-05	8.50e-04	5.75e-03	1.44e-02	2.13e-02	2.30e-02	2.45e-02	2.12e-02	1.89e-02	2.46e-02	2.84e-01	3.36e-01	1.90e-01	3.16e-02	2.70e-03	1.91e-04	1.30e-05	8.89e-07	2.17e-07	0.00e+00	0.00e+00
 1.35396e+23	1.79e-27	7.34e-19	6.20e-15	1.01e-11	3.12e-09	5.14e-07	4.89e-05	1.06e-03	7.06e-03	1.73e-02	2.51e-02	2.63e-02	2.74e-02	2.30e-02	2.01e-02	2.57e-02	2.87e-01	3.28e-01	1.80e-01	2.89e-02	2.39e-03	1.65e-04	1.10e-05	7.33e-07	1.76e-07	0.00e+00	0.00e+00
 1.36046e+23	2.34e-27	9.22e-19	7.64e-15	1.22e-11	3.73e-09	6.10e-07	5.81e-05	1.26e-03	8.20e-03	1.98e-02	2.81e-02	2.90e-02	2.96e-02	2.45e-02	2.10e-02	2.64e-02	2.88e-01	3.22e-01	1.73e-01	2.70e-02	2.18e-03	1.48e-04	9.67e-06	6.37e-07	1.51e-07	0.00e+00	0.00e+00
 1.36709e+23	3.27e-27	1.22e-18	9.85e-15	1.55e-11	4.65e-09	7.57e-07	7.24e-05	1.56e-03	9.98e-03	2.37e-02	3.28e-02	3.30e-02	3.27e-02	2.64e-02	2.21e-02	2.73e-02	2.89e-01	3.12e-01	1.62e-01	2.46e-02	1.92e-03	1.27e-04	8.12e-06	5.25e-07	1.22e-07	0.00e+00	0.00e+00
 1.37393e+23	4.32e-27	1.54e-18	1.22e-14	1.88e-11	5.59e-09	9.04e-07	8.67e-05	1.86e-03	1.17e-02	2.73e-02	3.70e-02	3.64e-02	3.54e-02	2.80e-02	2.30e-02	2.81e-02	2.89e-01	3.04e-01	1.54e-01	2.26e-02	1.72e-03	1.12e-04	7.03e-06	4.47e-07	0.00e+00	0.00e+00	0.00e+00
 1.38103e+23	6.12e-27	2.06e-18	1.59e-14	2.40e-11	7.02e-09	1.13e-06	1.08e-04	2.31e-03	1.42e-02	3.24e-02	4.29e-02	4.11e-02	3.89e-02	3.00e-02	2.41e-02	2.89e-02	2.88e-01	2.92e-01	1.43e-01	2.04e-02	1.50e-03	9.48e-05	5.85e-06	3.64e-07	0.00e+00	0.00e+00	0.00e+00
 1.38837e+23	8.20e-27	2.63e-18	1.98e-14	2.94e-11	8.49e-09	1.36e-06	1.30e-04	2.77e-03	1.67e-02	3.75e-02	4.85e-02	4.54e-02	4.20e-02	3.17e-02	2.50e-02	2.94e-02	2.85e-01	2.82e-01	1.34e-01	1.86e-02	1.33e-03	8.22e-05	4.98e-06	3.04e-07	0.00e+00	0.00e+00	0.00e+00
 1.39602e+23	1.18e-26	3.55e-18	2.60e-14	3.78e-11	1.07e-08	1.70e-06	1.64e-04	3.45e-03	2.03e-02	4.45e-02	5.60e-02	5.10e-02	4.58e-02	3.37e-02	2.59e-02	3.00e-02	2.81e-01	2.68e-01	1.23e-01	1.64e-02	1.14e-03	6.86e-05	4.06e-06	2.43e-07	0.00e+00	0.00e+00	0.00e+00
 1.40387e+23	1.59e-26	4.55e-18	3.26e-14	4.65e-11	1.30e-08	2.05e-06	1.97e-04	4.13e-03	2.38e-02	5.11e-02	6.30e-02	5.60e-02	4.91e-02	3.54e-02	2.66e-02	3.03e-02	2.76e-01	2.55e-01	1.14e-01	1.48e-02	9.94e-04	5.86e-05	3.40e-06	2.00e-07	0.00e+00	0.00e+00	0.00e+00
 1.41200e+23	2.29e-26	6.18e-18	4.31e-14	5.99e-11	1.65e-08	2.57e-06	2.48e-04	5.13e-03	2.87e-02	6.04e-02	7.22e-02	6.23e-02	5.31e-02	3.72e-02	2.73e-02	3.05e-02	2.68e-01	2.38e-01	1.03e-01	1.29e-02	8.36e-04	4.80e-05	2.72e-06	1.57e-07	0.00e+00	0.00e+00	0.00e+00
 1.42039e+23	3.13e-26	7.98e-18	5.43e-14	7.41e-11	2.02e-08	3.11e-06	2.99e-04	6.13e-03	3.36e-02	6.91e-02	8.07e-02	6.78e-02	5.64e-02	3.86e-02	2.77e-02	3.04e-02	2.60e-01	2.24e-01	9.36e-02	1.13e-02	7.16e-04	4.02e-05	2.24e-06	1.26e-07	0.00e+00	0.00e+00	0.00e+00
 1.42913e+23	4.56e-26	1.09e-17	7.20e-14	9.60e-11	2.56e-08	3.91e-06	3.74e-04	7.59e-03	4.04e-02	8.09e-02	9.17e-02	7.47e-02	6.02e-02	4.01e-02	2.80e-02	3.01e-02	2.48e-01	2.05e-01	8.27e-02	9.64e-03	5.87e-04	3.20e-05	1.74e-06	0.00e+00	0.00e+00	0.00e+00	0.00e+00
 1.43812e+23	6.24e-26	1.41e-17	9.08e-14	1.19e-10	3.12e-08	4.71e-06	4.50e-04	9.03e-03	4.69e-02	9.19e-02	1.01e-01	8.04e-02	6.32e-02	4.10e-02	2.81e-02	2.97e-02	2.36e-01	1.89e-01	7.38e-02	8.33e-03	4.92e-04	2.63e-05	1.40e-06	0.00e+00	0.00e+00	0.00e+00	0.00e+00
 1.44619e+23	8.43e-26	1.81e-17	1.14e-13	1.45e-10	3.77e-08	5.62e-06	5.35e-04	1.06e-02	5.36e-02	1.03e-01	1.11e-01	8.56e-02	6.56e-02	4.17e-02	2.79e-02	2.90e-02	2.24e-01	1.74e-01	6.59e-02	7.22e-03	4.15e-04	2.16e-05	1.13e-06	0.00e+00	0.00e+00	0.00e+00	0.00e+00
 1.45544e+23	1.22e-25	2.43e-17	1.48e-13	1.85e-10	4.71e-08	6.96e-06	6.62e-04	1.30e-02	6.35e-02	1.18e-01	1.23e-01	9.21e-02	6.83e-02	4.21e-02	2.74e-02	2.79e-02	2.07e-01	1.54e-01	5.60e-02	5.87e-03	3.25e-04	1.64e-05	8.34e-07	0.00e+00	0.00e+00	0.00e+00	0.00e+00
 1.46477e+23	1.63e-25	3.08e-17	1.84e-13	2.25e-10	5.63e-08	8.22e-06	7.77e-04	1.50e-02	7.17e-02	1.31e-01	1.33e-01	9.66e-02	6.99e-02	4.21e-02	2.68e-02	2.68e-02	1.93e-01	1.39e-01	4.91e-02	5.00e-03	2.69e-04	1.33e-05	6.63e-07	0.00e+00	0.00e+00	0.00e+00	0.00e+00
 1.47419e+23	2.33e-25	4.09e-17	2.37e-13	2.82e-10	6.95e-08	1.00e-05	9.44e-04	1.79e-02	8.31e-02	1.47e-01	1.44e-01	1.02e-01	7.12e-02	4.16e-02	2.57e-02	2.53e-02	1.75e-01	1.21e-01	4.09e-02	3.99e-03	2.07e-04	9.94e-06	4.82e-07	0.00e+00	0.00e+00	0.00e+00	0.00e+00
 1.48382e+23	3.10e-25	5.13e-17	2.90e-13	3.39e-10	8.21e-08	1.17e-05	1.10e-03	2.06e-02	9.30e-02	1.61e-01	1.53e-01	1.05e-01	7.16e-02	4.08e-02	2.47e-02	2.39e-02	1.60e-01	1.07e-01	3.49e-02	3.29e-03	1.66e-04	7.78e-06	3.70e-07	0.00e+00	0.00e+00	0.00e+00	0.00e+00
 1.49371e+23	4.39e-25	6.75e-17	3.69e-13	4.21e-10	1.00e-07	1.41e-05	1.32e-03	2.43e-02	1.06e-01	1.78e-01	1.64e-01	1.08e-01	7.14e-02	3.94e-02	2.32e-02	2.19e-02	1.41e-01	9.01e-02	2.82e-02	2.55e-03	1.24e-04	5.63e-06	2.60e-07	0.00e+00	0.00e+00	0.00e+00	0.00e+00
 1.50376e+23	5.78e-25	8.37e-17	4.46e-13	4.99e-10	1.17e-07	1.63e-05	1.52e-03	2.76e-02	1.17e-01	1.91e-01	1.72e-01	1.10e-01	7.06e-02	3.80e-02	2.18e-02	2.03e-02	1.26e-01	7.78e-02	2.35e-02	2.06e-03	9.65e-05	4.29e-06	1.94e-07	0.00e+00	0.00e+00	0.00e+00	0.00e+00
 1.51401e+23	8.08e-25	1.08e-16	5.59e-13	6.09e-10	1.40e-07	1.94e-05	1.80e-03	3.22e-02	1.32e-01	2.08e-01	1.80e-01	1.11e-01	6.88e-02	3.58e-02	2.00e-02	1.82e-02	1.08e-01	6.37e-02	1.84e-02	1.54e-03	6.92e-05	2.98e-06	1.31e-07	0.00e+00	0.00e+00	0.00e+00	0.00e+00
 1.52431e+23	1.05e-24	1.32e-16	6.65e-13	7.10e-10	1.62e-07	2.21e-05	2.04e-03	3.60e-02	1.43e-01	2.21e-01	1.85e-01	1.11e-01	6.69e-02	3.40e-02	1.85e-02	1.66e-02	9.56e-02	5.41e-02	1.51e-02	1.22e-03	5.32e-05	2.24e-06	0.00e+00	0.00e+00	0.00e+00	0.00e+00	0.00e+00
 1.53284e+23	1.31e-24	1.56e-16	7.68e-13	8.07e-10	1.82e-07	2.46e-05	2.27e-03	3.96e-02	1.53e-01	2.31e-01	1.89e-01	1.10e-01	6.48e-02	3.22e-02	1.72e-02	1.52e-02	8.49e-02	4.65e-02	1.26e-02	9.82e-04	4.17e-05	1.72e-06	0.00e+00	0.00e+00	0.00e+00	0.00e+00	0.00e+00
 1.54210e+23	1.71e-24	1.90e-16	9.12e-13	9.39e-10	2.09e-07	2.81e-05	2.59e-03	4.45e-02	1.66e-01	2.44e-01	1.93e-01	1.09e-01	6.18e-02	2.98e-02	1.55e-02	1.35e-02	7.22e-02	3.79e-02	9.82e-03	7.34e-04	3.01e-05	1.20e-06	0.00e+00	0.00e+00	0.00e+00	0.00e+00	0.00e+00
 1.55135e+23	2.11e-24	2.23e-16	1.04e-12	1.06e-09	2.33e-07	3.11e-05	2.86e-03	4.84e-02	1.76e-01	2.53e-01	1.95e-01	1.07e-01	5.93e-02	2.79e-02	1.42e-02	1.23e-02	6.35e-02	3.22e-02	8.10e-03	5.87e-04	2.34e-05	9.13e-07	0.00e+00	0.00e+00	0.00e+00	0.00e+00	0.00e+00
 1.56059e+23	2.73e-24	2.67e-16	1.22e-12	1.21e-09	2.65e-07	3.50e-05	3.23e-03	5.38e-02	1.89e-01	2.63e-01	1.96e-01	1.04e-01	5.57e-02	2.55e-02	1.26e-02	1.07e-02	5.33e-02	2.59e-02	6.23e-03	4.32e-04	1.66e-05	6.29e-07	0.00e+00	0.00e+00	0.00e+00	0.00e+00	0.00e+00
 1.56995e+23	3.34e-24	3.10e-16	1.38e-12	1.36e-09	2.93e-07	3.86e-05	3.54e-03	5.83e-02	1.99e-01	2.71e-01	1.96e-01	1.01e-01	5.28e-02	2.36e-02	1.15e-02	9.64e-03	4.63e-02	2.17e-02	5.06e-03	3.39e-04	1.27e-05	4.69e-07	0.00e+00	0.00e+00	0.00e+00	0.00e+00	0.00e+00
 1.57946e+23	4.27e-24	3.67e-16	1.60e-12	1.54e-09	3.31e-07	4.32e-05	3.98e-03	6.44e-02	2.12e-01	2.80e-01	1.95e-01	9.70e-02	4.89e-02	2.12e-02	1.00e-02	8.32e-03	3.82e-02	1.71e-02	3.81e-03	2.44e-04	8.77e-06	3.15e-07	0.00e+00	0.00e+00	0.00e+00	0.00e+00	0.00e+00
 1.58909e+23	5.21e-24	4.23e-16	1.80e-12	1.71e-09	3.65e-07	4.74e-05	4.35e-03	6.94e-02	2.22e-01	2.86e-01	1.94e-01	9.34e-02	4.59e-02	1.94e-02	9.00e-03	7.38e-03	3.27e-02	1.41e-02	3.04e-03	1.88e-04	6.58e-06	2.31e-07	0.00e+00	0.00e+00	0.00e+00	0.00e+00	0.00e+00
 1.59888e+23	6.64e-24	5.00e-16	2.07e-12	1.94e-09	4.11e-07	5.31e-05	4.87e-03	7.62e-02	2.34e-01	2.92e-01	1.91e-01	8.85e-02	4.20e-02	1.72e-02	7.76e-03	6.29e-03	2.66e-02	1.09e-02	2.25e-03	1.33e-04	4.46e-06	1.51e-07	0.00e+00	0.00e+00	0.00e+00	0.00e+00	0.00e+00
 1.60885e+23	8.05e-24	5.70e-16	2.31e-12	2.14e-09	4.52e-07	5.81e-05	5.32e-03	8.20e-02	2.44e-01	2.97e-01	1.88e-01	8.44e-02	3.89e-02	1.55e-02	6.86e-03	5.50e-03	2.24e-02	8.84e-03	1.75e-03	9.99e-05	3.25e-06	0.00e+00	0.00e+00	0.00e+00	0.00e+00	0.00e+00	0.00e+00
 1.61907e+23	1.02e-23	6.69e-16	2.64e-12	2.41e-09	5.09e-07	6.51e-05	5.96e-03	8.99e-02	2.56e-01	3.01e-01	1.83e-01	7.89e-02	3.50e-02	1.35e-02	5.81e-03	4.61e-03	1.78e-02	6.69e-03	1.26e-03	6.85e-05	2.14e-06	0.00e+00	0.00e+00	0.00e+00	0.00e+00	0.00e+00	0.00e+00
 1.62950e+23	1.24e-23	7.60e-16	2.94e-12	2.66e-09	5.62e-07	7.14e-05	6.51e-03	9.66e-02	2.66e-01	3.04e-01	1.79e-01	7.45e-02	3.20e-02	1.20e-02	5.06e-03	3.98e-03	1.48e-02	5.31e-03	9.65e-04	5.03e-05	1.52e-06	0.00e+00	0.00e+00	0.00e+00	0.00e+00	0.00e+00	0.00e+00
 1.64020e+23	1.58e-23	8.88e-16	3.34e-12	3.00e-09	6.36e-07	8.03e-05	7.30e-03	1.06e-01	2.77e-01	3.06e-01	1.72e-01	6.87e-02	2.84e-02	1.03e-02	4.20e-03	3.28e-03	1.15e-02	3.92e-03	6.76e-04	3.34e-05	9.67e-07	0.00e+00	0.00e+00	0.00e+00	0.00e+00	0.00e+00	0.00e+00
 1.65099e+23	1.91e-23	1.00e-15	3.71e-12	3.31e-09	7.03e-07	8.83e-05	7.97e-03	1.13e-01	2.86e-01	3.07e-01	1.67e-01	6.42e-02	2.57e-02	9.06e-03	3.62e-03	2.80e-03	9.43e-03	3.07e-03	5.09e-04	2.41e-05	6.75e-07	0.00e+00	0.00e+00	0.00e+00	0.00e+00	0.00e+00	0.00e+00
 1.66004e+23	2.26e-23	1.12e-15	4.06e-12	3.61e-09	7.70e-07	9.61e-05	8.64e-03	1.21e-01	2.94e-01	3.07e-01	1.62e-01	6.02e-02	2.34e-02	8.04e-03	3.15e-03	2.43e-03	7.85e-03	2.46e-03	3.93e-04	1.79e-05	4.86e-07	0.00e+00	0.00e+00	0.00e+00	0.00e+00	0.00e+00	0.00e+00
 1.66984e+23	2.79e-23	1.28e-15	4.54e-12	4.03e-09	8.65e-07	1.07e-04	9.55e-03	1.30e-01	3.03e-01	3.06e-01	1.55e-01	5.53e-02	2.07e-02	6.88e-03	2.63e-03	2.02e-03	6.18e-03	1.84e-03	2.80e-04	1.22e-05	3.18e-07	0.00e+00	0.00e+00	0.00e+00	0.00e+00	0.00e+00	0.00e+00
 1.67975e+23	3.31e-23	1.42e-15	4.98e-12	4.42e-09	9.54e-07	1.17e-04	1.04e-02	1.38e-01	3.10e-01	3.05e-01	1.49e-01	5.14e-02	1.87e-02	6.06e-03	2.27e-03	1.73e-03	5.09e-03	1.45e-03	2.13e-04	8.88e-06	2.25e-07	0.00e+00	0.00e+00	0.00e+00	0.00e+00	0.00e+00	0.00e+00
