#depth	O	O+	O+2	O+3	O+4	O+5	O+6	O+7	O+8	O[1]	O[2]	O[3]
 1.54284e+22	1.89e-23	7.52e-18	1.09e-13	1.45e-10	4.61e-08	6.23e-06	3.93e-03	1.24e-01	8.72e-01	0.00e+00	0.00e+00	0.00e+00
 3.49766e+22	2.42e-21	5.06e-16	3.89e-12	2.70e-09	4.26e-07	2.83e-05	9.96e-03	1.88e-01	8.02e-01	0.00e+00	0.00e+00	0.00e+00
 4.08867e+22	1.68e-20	2.71e-15	1.62e-11	8.73e-09	1.05e-06	5.27e-05	1.46e-02	2.21e-01	7.64e-01	0.00e+00	0.00e+00	0.00e+00
 4.35722e+22	4.00e-20	5.76e-15	3.07e-11	1.48e-08	1.58e-06	7.00e-05	1.74e-02	2.38e-01	7.44e-01	0.00e+00	0.00e+00	0.00e+00
 4.46917e+22	4.96e-20	6.94e-15	3.60e-11	1.69e-08	1.75e-06	7.52e-05	1.82e-02	2.43e-01	7.39e-01	0.00e+00	0.00e+00	0.00e+00
 4.52080e+22	6.44e-20	8.70e-15	4.37e-11	1.99e-08	1.98e-06	8.20e-05	1.92e-02	2.48e-01	7.33e-01	0.00e+00	0.00e+00	0.00e+00
 4.58790e+22	8.97e-20	1.16e-14	5.58e-11	2.43e-08	2.33e-06	9.16e-05	2.05e-02	2.55e-01	7.24e-01	0.00e+00	0.00e+00	0.00e+00
 4.65262e+22	1.13e-19	1.41e-14	6.61e-11	2.80e-08	2.60e-06	9.89e-05	2.15e-02	2.60e-01	7.18e-01	0.00e+00	0.00e+00	0.00e+00
 4.71423e+22	1.52e-19	1.83e-14	8.23e-11	3.36e-08	3.00e-06	1.09e-04	2.29e-02	2.67e-01	7.10e-01	0.00e+00	0.00e+00	0.00e+00
 4.77700e+22	1.89e-19	2.22e-14	9.71e-11	3.86e-08	3.34e-06	1.18e-04	2.40e-02	2.72e-01	7.04e-01	0.00e+00	0.00e+00	0.00e+00
 4.84130e+22	2.56e-19	2.88e-14	1.21e-10	4.64e-08	3.86e-06	1.31e-04	2.55e-02	2.78e-01	6.96e-01	0.00e+00	0.00e+00	0.00e+00
 4.90659e+22	3.18e-19	3.48e-14	1.43e-10	5.31e-08	4.29e-06	1.41e-04	2.67e-02	2.83e-01	6.90e-01	0.00e+00	0.00e+00	0.00e+00
 4.97315e+22	4.28e-19	4.50e-14	1.78e-10	6.39e-08	4.96e-06	1.56e-04	2.84e-02	2.91e-01	6.81e-01	0.00e+00	0.00e+00	0.00e+00
 5.03856e+22	5.23e-19	5.36e-14	2.06e-10	7.24e-08	5.48e-06	1.67e-04	2.97e-02	2.95e-01	6.75e-01	0.00e+00	0.00e+00	0.00e+00
 5.10246e+22	6.89e-19	6.80e-14	2.53e-10	8.59e-08	6.27e-06	1.84e-04	3.14e-02	3.02e-01	6.66e-01	0.00e+00	0.00e+00	0.00e+00
 5.16768e+22	8.44e-19	8.12e-14	2.95e-10	9.74e-08	6.93e-06	1.97e-04	3.28e-02	3.07e-01	6.60e-01	0.00e+00	0.00e+00	0.00e+00
 5.23462e+22	1.11e-18	1.03e-13	3.61e-10	1.16e-07	7.93e-06	2.17e-04	3.48e-02	3.14e-01	6.51e-01	0.00e+00	0.00e+00	0.00e+00
 5.30285e+22	1.37e-18	1.23e-13	4.22e-10	1.32e-07	8.79e-06	2.33e-04	3.63e-02	3.19e-01	6.44e-01	0.00e+00	0.00e+00	0.00e+00
 5.37278e+22	1.80e-18	1.57e-13	5.18e-10	1.56e-07	1.01e-05	2.57e-04	3.85e-02	3.26e-01	6.35e-01	0.00e+00	0.00e+00	0.00e+00
 5.44397e+22	2.21e-18	1.88e-13	6.05e-10	1.78e-07	1.12e-05	2.77e-04	4.03e-02	3.31e-01	6.28e-01	0.00e+00	0.00e+00	0.00e+00
 5.51680e+22	2.92e-18	2.39e-13	7.43e-10	2.12e-07	1.28e-05	3.05e-04	4.27e-02	3.39e-01	6.18e-01	0.00e+00	0.00e+00	0.00e+00
 5.59108e+22	3.60e-18	2.86e-13	8.68e-10	2.41e-07	1.42e-05	3.28e-04	4.46e-02	3.44e-01	6.11e-01	0.00e+00	0.00e+00	0.00e+00
 5.65614e+22	4.41e-18	3.42e-13	1.01e-09	2.74e-07	1.58e-05	3.53e-04	4.66e-02	3.49e-01	6.04e-01	0.00e+00	0.00e+00	0.00e+00
 5.72962e+22	5.73e-18	4.29e-13	1.23e-09	3.23e-07	1.80e-05	3.87e-04	4.93e-02	3.56e-01	5.94e-01	0.00e+00	0.00e+00	0.00e+00
 5.80332e+22	6.90e-18	5.05e-13	1.41e-09	3.63e-07	1.97e-05	4.13e-04	5.13e-02	3.61e-01	5.87e-01	0.00e+00	0.00e+00	0.00e+00
 5.87733e+22	8.98e-18	6.34e-13	1.72e-09	4.28e-07	2.25e-05	4.54e-04	5.42e-02	3.68e-01	5.77e-01	0.00e+00	0.00e+00	0.00e+00
 5.95250e+22	1.08e-17	7.47e-13	1.98e-09	4.82e-07	2.47e-05	4.85e-04	5.64e-02	3.73e-01	5.70e-01	0.00e+00	0.00e+00	0.00e+00
 6.02918e+22	1.40e-17	9.32e-13	2.39e-09	5.65e-07	2.81e-05	5.31e-04	5.95e-02	3.80e-01	5.60e-01	0.00e+00	0.00e+00	0.00e+00
 6.10840e+22	1.72e-17	1.12e-12	2.79e-09	6.43e-07	3.11e-05	5.72e-04	6.21e-02	3.85e-01	5.52e-01	0.00e+00	0.00e+00	0.00e+00
 6.19091e+22	2.21e-17	1.39e-12	3.38e-09	7.56e-07	3.54e-05	6.26e-04	6.56e-02	3.92e-01	5.42e-01	0.00e+00	0.00e+00	0.00e+00
 6.27641e+22	2.76e-17	1.69e-12	3.98e-09	8.67e-07	3.95e-05	6.77e-04	6.86e-02	3.98e-01	5.33e-01	2.76e-17	6.97e-28	7.41e-28
 6.36580e+22	3.60e-17	2.13e-12	4.87e-09	1.03e-06	4.52e-05	7.44e-04	7.26e-02	4.05e-01	5.22e-01	3.60e-17	6.72e-26	8.47e-26
 6.45804e+22	4.52e-17	2.59e-12	5.77e-09	1.18e-06	5.07e-05	8.07e-04	7.61e-02	4.10e-01	5.13e-01	4.52e-17	8.44e-26	1.06e-25
 6.55400e+22	5.97e-17	3.30e-12	7.10e-09	1.41e-06	5.82e-05	8.90e-04	8.06e-02	4.17e-01	5.01e-01	5.97e-17	1.11e-25	1.40e-25
 6.65287e+22	7.55e-17	4.06e-12	8.48e-09	1.63e-06	6.56e-05	9.68e-04	8.46e-02	4.23e-01	4.91e-01	7.55e-17	1.41e-25	1.78e-25
 6.74181e+22	9.42e-17	4.92e-12	1.00e-08	1.88e-06	7.32e-05	1.05e-03	8.84e-02	4.29e-01	4.82e-01	9.42e-17	1.76e-25	2.21e-25
 6.84376e+22	1.27e-16	6.38e-12	1.25e-08	2.27e-06	8.51e-05	1.16e-03	9.40e-02	4.36e-01	4.69e-01	1.27e-16	2.37e-25	2.98e-25
 6.94658e+22	1.58e-16	7.73e-12	1.47e-08	2.60e-06	9.49e-05	1.26e-03	9.82e-02	4.41e-01	4.59e-01	1.58e-16	2.95e-25	3.72e-25
 7.05053e+22	2.12e-16	9.98e-12	1.84e-08	3.13e-06	1.10e-04	1.39e-03	1.04e-01	4.48e-01	4.47e-01	2.12e-16	3.96e-25	4.98e-25
 7.15670e+22	2.69e-16	1.23e-11	2.19e-08	3.63e-06	1.24e-04	1.51e-03	1.09e-01	4.53e-01	4.36e-01	2.69e-16	5.01e-25	6.31e-25
 7.26573e+22	3.62e-16	1.59e-11	2.74e-08	4.37e-06	1.44e-04	1.68e-03	1.16e-01	4.59e-01	4.23e-01	3.62e-16	6.74e-25	8.49e-25
 7.37706e+22	4.64e-16	1.97e-11	3.30e-08	5.12e-06	1.63e-04	1.84e-03	1.22e-01	4.64e-01	4.12e-01	4.64e-16	8.65e-25	1.09e-24
 7.47603e+22	5.90e-16	2.44e-11	3.95e-08	5.95e-06	1.84e-04	2.00e-03	1.28e-01	4.69e-01	4.01e-01	5.90e-16	1.10e-24	1.38e-24
 7.58936e+22	8.07e-16	3.20e-11	5.00e-08	7.26e-06	2.16e-04	2.23e-03	1.36e-01	4.75e-01	3.87e-01	8.07e-16	1.50e-24	1.89e-24
 7.69710e+22	9.92e-16	3.83e-11	5.84e-08	8.26e-06	2.39e-04	2.40e-03	1.41e-01	4.79e-01	3.78e-01	9.92e-16	1.85e-24	2.33e-24
 7.79758e+22	1.32e-15	4.90e-11	7.22e-08	9.89e-06	2.76e-04	2.66e-03	1.49e-01	4.83e-01	3.64e-01	1.32e-15	2.45e-24	3.08e-24
 7.89820e+22	1.62e-15	5.87e-11	8.44e-08	1.13e-05	3.07e-04	2.86e-03	1.55e-01	4.86e-01	3.55e-01	1.62e-15	3.02e-24	3.79e-24
 7.99903e+22	2.13e-15	7.44e-11	1.04e-07	1.34e-05	3.53e-04	3.15e-03	1.64e-01	4.90e-01	3.42e-01	2.13e-15	3.96e-24	4.98e-24
 8.10226e+22	2.66e-15	9.04e-11	1.23e-07	1.55e-05	3.96e-04	3.42e-03	1.71e-01	4.93e-01	3.32e-01	2.66e-15	4.95e-24	6.22e-24
 8.20859e+22	3.55e-15	1.16e-10	1.52e-07	1.86e-05	4.61e-04	3.80e-03	1.81e-01	4.97e-01	3.19e-01	3.55e-15	6.61e-24	8.31e-24
 8.31551e+22	4.42e-15	1.41e-10	1.80e-07	2.14e-05	5.16e-04	4.11e-03	1.88e-01	4.99e-01	3.08e-01	4.42e-15	8.22e-24	1.03e-23
 8.42320e+22	5.88e-15	1.81e-10	2.23e-07	2.58e-05	6.01e-04	4.57e-03	1.99e-01	5.01e-01	2.95e-01	5.88e-15	1.09e-23	1.38e-23
 8.53299e+22	7.38e-15	2.20e-10	2.66e-07	2.99e-05	6.78e-04	4.97e-03	2.08e-01	5.02e-01	2.84e-01	7.38e-15	1.37e-23	1.73e-23
 8.64551e+22	9.88e-15	2.84e-10	3.32e-07	3.63e-05	7.94e-04	5.55e-03	2.20e-01	5.04e-01	2.70e-01	9.88e-15	1.84e-23	2.31e-23
 8.76025e+22	1.25e-14	3.48e-10	3.97e-07	4.23e-05	9.01e-04	6.06e-03	2.30e-01	5.04e-01	2.59e-01	1.25e-14	2.32e-23	2.92e-23
 8.87786e+22	1.68e-14	4.52e-10	4.98e-07	5.15e-05	1.06e-03	6.80e-03	2.43e-01	5.04e-01	2.45e-01	1.68e-14	3.12e-23	3.92e-23
 8.99679e+22	2.11e-14	5.52e-10	5.95e-07	6.02e-05	1.21e-03	7.44e-03	2.54e-01	5.03e-01	2.34e-01	2.11e-14	3.93e-23	4.93e-23
 9.09709e+22	2.59e-14	6.61e-10	6.99e-07	6.92e-05	1.36e-03	8.08e-03	2.64e-01	5.02e-01	2.24e-01	2.59e-14	4.82e-23	6.06e-23
 9.20644e+22	3.35e-14	8.29e-10	8.55e-07	8.27e-05	1.58e-03	8.98e-03	2.78e-01	5.00e-01	2.11e-01	3.35e-14	6.24e-23	7.84e-23
 9.31641e+22	4.08e-14	9.87e-10	1.00e-06	9.50e-05	1.77e-03	9.75e-03	2.89e-01	4.98e-01	2.02e-01	4.08e-14	7.61e-23	9.55e-23
 9.42368e+22	5.15e-14	1.21e-09	1.20e-06	1.12e-04	2.04e-03	1.08e-02	3.02e-01	4.95e-01	1.90e-01	5.15e-14	9.60e-23	1.21e-22
 9.53312e+22	6.26e-14	1.44e-09	1.41e-06	1.29e-04	2.30e-03	1.17e-02	3.14e-01	4.91e-01	1.81e-01	6.26e-14	1.17e-22	1.46e-22
 9.64055e+22	7.73e-14	1.74e-09	1.67e-06	1.51e-04	2.63e-03	1.29e-02	3.28e-01	4.87e-01	1.70e-01	7.73e-14	1.44e-22	1.81e-22
 9.75019e+22	9.33e-14	2.05e-09	1.95e-06	1.73e-04	2.97e-03	1.41e-02	3.41e-01	4.82e-01	1.61e-01	9.33e-14	1.74e-22	2.18e-22
 9.85821e+22	1.13e-13	2.43e-09	2.28e-06	2.00e-04	3.36e-03	1.54e-02	3.54e-01	4.76e-01	1.51e-01	1.13e-13	2.10e-22	2.64e-22
 9.96716e+22	1.34e-13	2.85e-09	2.65e-06	2.30e-04	3.79e-03	1.68e-02	3.67e-01	4.70e-01	1.42e-01	1.34e-13	2.51e-22	3.14e-22
 1.00748e+23	1.59e-13	3.32e-09	3.06e-06	2.63e-04	4.27e-03	1.83e-02	3.80e-01	4.64e-01	1.33e-01	1.59e-13	2.97e-22	3.72e-22
 1.01823e+23	1.86e-13	3.83e-09	3.51e-06	3.00e-04	4.78e-03	1.99e-02	3.93e-01	4.57e-01	1.25e-01	1.86e-13	3.48e-22	4.36e-22
 1.02898e+23	2.17e-13	4.41e-09	4.02e-06	3.41e-04	5.36e-03	2.16e-02	4.06e-01	4.49e-01	1.17e-01	2.17e-13	4.05e-22	5.08e-22
 1.03978e+23	2.51e-13	5.03e-09	4.58e-06	3.86e-04	5.98e-03	2.34e-02	4.19e-01	4.41e-01	1.10e-01	2.51e-13	4.69e-22	5.88e-22
 1.05063e+23	2.88e-13	5.73e-09	5.21e-06	4.37e-04	6.67e-03	2.54e-02	4.32e-01	4.33e-01	1.03e-01	2.88e-13	5.39e-22	6.75e-22
 1.06157e+23	3.29e-13	6.48e-09	5.89e-06	4.93e-04	7.42e-03	2.75e-02	4.45e-01	4.24e-01	9.57e-02	3.29e-13	6.15e-22	7.70e-22
 1.07262e+23	3.73e-13	7.30e-09	6.65e-06	5.55e-04	8.25e-03	2.97e-02	4.58e-01	4.15e-01	8.91e-02	3.73e-13	6.98e-22	8.75e-22
 1.08373e+23	4.21e-13	8.19e-09	7.48e-06	6.23e-04	9.13e-03	3.21e-02	4.70e-01	4.05e-01	8.30e-02	4.21e-13	7.87e-22	9.86e-22
 1.09503e+23	4.73e-13	9.16e-09	8.41e-06	7.01e-04	1.01e-02	3.47e-02	4.82e-01	3.95e-01	7.70e-02	4.73e-13	8.85e-22	1.11e-21
 1.10643e+23	5.28e-13	1.02e-08	9.42e-06	7.84e-04	1.12e-02	3.73e-02	4.94e-01	3.85e-01	7.15e-02	5.28e-13	9.89e-22	1.24e-21
 1.11808e+23	5.89e-13	1.14e-08	1.06e-05	8.80e-04	1.24e-02	4.03e-02	5.06e-01	3.75e-01	6.60e-02	5.89e-13	1.10e-21	1.38e-21
 1.12992e+23	6.52e-13	1.26e-08	1.18e-05	9.84e-04	1.36e-02	4.34e-02	5.17e-01	3.64e-01	6.10e-02	6.52e-13	1.22e-21	1.53e-21
 1.14077e+23	7.09e-13	1.37e-08	1.29e-05	1.08e-03	1.47e-02	4.61e-02	5.26e-01	3.55e-01	5.70e-02	7.09e-13	1.33e-21	1.66e-21
 1.15209e+23	7.82e-13	1.51e-08	1.44e-05	1.21e-03	1.62e-02	4.97e-02	5.37e-01	3.43e-01	5.23e-02	7.82e-13	1.47e-21	1.84e-21
 1.16361e+23	8.48e-13	1.65e-08	1.58e-05	1.33e-03	1.76e-02	5.27e-02	5.45e-01	3.34e-01	4.88e-02	8.48e-13	1.59e-21	1.99e-21
 1.17550e+23	9.36e-13	1.83e-08	1.77e-05	1.49e-03	1.94e-02	5.69e-02	5.56e-01	3.22e-01	4.45e-02	9.36e-13	1.76e-21	2.20e-21
 1.18742e+23	1.01e-12	1.98e-08	1.94e-05	1.63e-03	2.08e-02	6.02e-02	5.63e-01	3.13e-01	4.14e-02	1.01e-12	1.90e-21	2.37e-21
 1.19939e+23	1.10e-12	2.18e-08	2.16e-05	1.83e-03	2.29e-02	6.47e-02	5.72e-01	3.00e-01	3.76e-02	1.10e-12	2.08e-21	2.60e-21
 1.21140e+23	1.19e-12	2.36e-08	2.36e-05	2.00e-03	2.46e-02	6.83e-02	5.79e-01	2.91e-01	3.50e-02	1.19e-12	2.24e-21	2.80e-21
 1.22347e+23	1.30e-12	2.60e-08	2.63e-05	2.24e-03	2.68e-02	7.32e-02	5.87e-01	2.79e-01	3.18e-02	1.30e-12	2.45e-21	3.06e-21
 1.23568e+23	1.40e-12	2.81e-08	2.87e-05	2.44e-03	2.87e-02	7.71e-02	5.92e-01	2.70e-01	2.95e-02	1.40e-12	2.64e-21	3.29e-21
 1.24804e+23	1.52e-12	3.10e-08	3.21e-05	2.73e-03	3.13e-02	8.25e-02	5.98e-01	2.58e-01	2.67e-02	1.52e-12	2.88e-21	3.59e-21
 1.26058e+23	1.64e-12	3.36e-08	3.51e-05	2.98e-03	3.35e-02	8.68e-02	6.03e-01	2.49e-01	2.47e-02	1.64e-12	3.10e-21	3.87e-21
 1.27333e+23	1.79e-12	3.71e-08	3.93e-05	3.34e-03	3.65e-02	9.26e-02	6.08e-01	2.38e-01	2.22e-02	1.79e-12	3.39e-21	4.23e-21
 1.28631e+23	1.93e-12	4.04e-08	4.31e-05	3.65e-03	3.90e-02	9.74e-02	6.11e-01	2.28e-01	2.05e-02	1.93e-12	3.67e-21	4.58e-21
 1.29960e+23	2.12e-12	4.49e-08	4.84e-05	4.09e-03	4.24e-02	1.04e-01	6.15e-01	2.17e-01	1.83e-02	2.12e-12	4.03e-21	5.02e-21
 1.31320e+23	2.30e-12	4.93e-08	5.34e-05	4.49e-03	4.53e-02	1.09e-01	6.17e-01	2.08e-01	1.68e-02	2.30e-12	4.39e-21	5.47e-21
 1.32720e+23	2.54e-12	5.52e-08	6.04e-05	5.06e-03	4.92e-02	1.16e-01	6.18e-01	1.96e-01	1.49e-02	2.54e-12	4.85e-21	6.04e-21
 1.34147e+23	2.79e-12	6.10e-08	6.71e-05	5.56e-03	5.26e-02	1.22e-01	6.19e-01	1.87e-01	1.36e-02	2.79e-12	5.33e-21	6.64e-21
 1.35350e+23	3.01e-12	6.65e-08	7.34e-05	6.05e-03	5.57e-02	1.27e-01	6.19e-01	1.80e-01	1.25e-02	3.01e-12	5.76e-21	7.17e-21
 1.36653e+23	3.32e-12	7.43e-08	8.26e-05	6.74e-03	5.98e-02	1.34e-01	6.18e-01	1.70e-01	1.12e-02	3.32e-12	6.37e-21	7.93e-21
 1.37920e+23	3.60e-12	8.10e-08	9.01e-05	7.28e-03	6.30e-02	1.39e-01	6.17e-01	1.63e-01	1.04e-02	3.60e-12	6.90e-21	8.59e-21
 1.39141e+23	3.93e-12	8.99e-08	1.00e-04	8.04e-03	6.72e-02	1.46e-01	6.15e-01	1.54e-01	9.33e-03	3.93e-12	7.56e-21	9.41e-21
 1.40374e+23	4.30e-12	9.88e-08	1.10e-04	8.69e-03	7.08e-02	1.51e-01	6.13e-01	1.48e-01	8.61e-03	4.30e-12	8.29e-21	1.03e-20
 1.41623e+23	4.75e-12	1.11e-07	1.23e-04	9.60e-03	7.54e-02	1.58e-01	6.09e-01	1.40e-01	7.72e-03	4.75e-12	9.18e-21	1.14e-20
 1.42891e+23	5.23e-12	1.22e-07	1.36e-04	1.04e-02	7.93e-02	1.64e-01	6.06e-01	1.34e-01	7.10e-03	5.23e-12	1.01e-20	1.26e-20
 1.44182e+23	5.83e-12	1.38e-07	1.53e-04	1.15e-02	8.45e-02	1.71e-01	6.01e-01	1.26e-01	6.34e-03	5.83e-12	1.13e-20	1.40e-20
 1.45493e+23	6.48e-12	1.53e-07	1.69e-04	1.25e-02	8.89e-02	1.77e-01	5.96e-01	1.20e-01	5.81e-03	6.48e-12	1.26e-20	1.56e-20
 1.46829e+23	7.27e-12	1.74e-07	1.91e-04	1.38e-02	9.46e-02	1.85e-01	5.89e-01	1.12e-01	5.15e-03	7.27e-12	1.42e-20	1.76e-20
 1.48188e+23	8.16e-12	1.96e-07	2.12e-04	1.50e-02	9.95e-02	1.90e-01	5.84e-01	1.07e-01	4.70e-03	8.16e-12	1.59e-20	1.98e-20
 1.49575e+23	9.27e-12	2.25e-07	2.42e-04	1.67e-02	1.06e-01	1.98e-01	5.75e-01	9.94e-02	4.15e-03	9.27e-12	1.82e-20	2.25e-20
 1.50993e+23	1.05e-11	2.55e-07	2.70e-04	1.82e-02	1.11e-01	2.04e-01	5.68e-01	9.40e-02	3.76e-03	1.05e-11	2.06e-20	2.56e-20
 1.52452e+23	1.21e-11	2.96e-07	3.10e-04	2.03e-02	1.19e-01	2.13e-01	5.58e-01	8.71e-02	3.29e-03	1.21e-11	2.39e-20	2.96e-20
 1.53950e+23	1.38e-11	3.39e-07	3.49e-04	2.22e-02	1.25e-01	2.19e-01	5.49e-01	8.19e-02	2.95e-03	1.38e-11	2.74e-20	3.40e-20
 1.55499e+23	1.63e-11	4.01e-07	4.05e-04	2.48e-02	1.33e-01	2.27e-01	5.37e-01	7.54e-02	2.56e-03	1.63e-11	3.25e-20	4.03e-20
 1.57065e+23	1.89e-11	4.62e-07	4.57e-04	2.71e-02	1.40e-01	2.33e-01	5.26e-01	7.06e-02	2.29e-03	1.89e-11	3.77e-20	4.66e-20
 1.58654e+23	2.25e-11	5.51e-07	5.32e-04	3.03e-02	1.49e-01	2.41e-01	5.13e-01	6.46e-02	1.97e-03	2.25e-11	4.52e-20	5.59e-20
 1.60262e+23	2.64e-11	6.39e-07	6.02e-04	3.32e-02	1.56e-01	2.47e-01	5.01e-01	6.03e-02	1.76e-03	2.64e-11	5.30e-20	6.56e-20
 1.61895e+23	3.18e-11	7.70e-07	7.04e-04	3.71e-02	1.66e-01	2.54e-01	4.86e-01	5.48e-02	1.50e-03	3.18e-11	6.45e-20	7.97e-20
 1.63554e+23	3.76e-11	8.99e-07	8.00e-04	4.06e-02	1.74e-01	2.60e-01	4.73e-01	5.09e-02	1.33e-03	3.76e-11	7.65e-20	9.45e-20
 1.65016e+23	4.41e-11	1.05e-06	9.05e-04	4.43e-02	1.82e-01	2.65e-01	4.60e-01	4.71e-02	1.17e-03	4.41e-11	9.00e-20	1.11e-19
 1.66685e+23	5.44e-11	1.27e-06	1.06e-03	4.94e-02	1.93e-01	2.71e-01	4.43e-01	4.26e-02	9.97e-04	5.44e-11	1.12e-19	1.38e-19
 1.68390e+23	6.46e-11	1.49e-06	1.21e-03	5.40e-02	2.01e-01	2.75e-01	4.28e-01	3.91e-02	8.70e-04	6.46e-11	1.33e-19	1.65e-19
 1.69771e+23	7.52e-11	1.71e-06	1.35e-03	5.82e-02	2.09e-01	2.79e-01	4.16e-01	3.64e-02	7.75e-04	7.52e-11	1.56e-19	1.92e-19
 1.71200e+23	9.04e-11	2.02e-06	1.53e-03	6.34e-02	2.18e-01	2.82e-01	4.01e-01	3.34e-02	6.77e-04	9.04e-11	1.89e-19	2.33e-19
 1.72706e+23	1.07e-10	2.34e-06	1.72e-03	6.85e-02	2.26e-01	2.85e-01	3.88e-01	3.08e-02	5.97e-04	1.07e-10	2.24e-19	2.76e-19
 1.74091e+23	1.26e-10	2.71e-06	1.93e-03	7.38e-02	2.34e-01	2.87e-01	3.74e-01	2.85e-02	5.27e-04	1.26e-10	2.65e-19	3.26e-19
 1.75668e+23	1.55e-10	3.25e-06	2.22e-03	8.08e-02	2.44e-01	2.89e-01	3.58e-01	2.57e-02	4.50e-04	1.55e-10	3.30e-19	4.05e-19
 1.77289e+23	1.86e-10	3.82e-06	2.51e-03	8.75e-02	2.53e-01	2.91e-01	3.43e-01	2.34e-02	3.90e-04	1.86e-10	3.98e-19	4.89e-19
 1.78714e+23	2.21e-10	4.43e-06	2.81e-03	9.40e-02	2.61e-01	2.92e-01	3.29e-01	2.15e-02	3.42e-04	2.21e-10	4.76e-19	5.84e-19
 1.80312e+23	2.74e-10	5.32e-06	3.23e-03	1.03e-01	2.70e-01	2.92e-01	3.12e-01	1.93e-02	2.91e-04	2.74e-10	5.96e-19	7.32e-19
 1.81988e+23	3.34e-10	6.29e-06	3.66e-03	1.11e-01	2.79e-01	2.92e-01	2.97e-01	1.74e-02	2.49e-04	3.34e-10	7.30e-19	8.96e-19
 1.83502e+23	4.02e-10	7.34e-06	4.10e-03	1.19e-01	2.87e-01	2.91e-01	2.83e-01	1.58e-02	2.16e-04	4.02e-10	8.86e-19	1.09e-18
 1.85210e+23	5.09e-10	8.91e-06	4.74e-03	1.30e-01	2.97e-01	2.89e-01	2.66e-01	1.40e-02	1.80e-04	5.09e-10	1.13e-18	1.39e-18
 1.86976e+23	6.27e-10	1.06e-05	5.37e-03	1.40e-01	3.05e-01	2.86e-01	2.51e-01	1.25e-02	1.52e-04	6.27e-10	1.41e-18	1.72e-18
 1.88551e+23	7.63e-10	1.24e-05	6.03e-03	1.50e-01	3.12e-01	2.84e-01	2.37e-01	1.12e-02	1.30e-04	7.63e-10	1.73e-18	2.12e-18
 1.90332e+23	9.79e-10	1.51e-05	6.96e-03	1.63e-01	3.21e-01	2.79e-01	2.20e-01	9.78e-03	1.07e-04	9.79e-10	2.25e-18	2.74e-18
 1.92185e+23	1.22e-09	1.81e-05	7.91e-03	1.75e-01	3.28e-01	2.75e-01	2.06e-01	8.63e-03	8.88e-05	1.22e-09	2.83e-18	3.46e-18
 1.93854e+23	1.51e-09	2.13e-05	8.89e-03	1.87e-01	3.34e-01	2.70e-01	1.92e-01	7.65e-03	7.47e-05	1.51e-09	3.53e-18	4.31e-18
 1.95746e+23	1.97e-09	2.63e-05	1.03e-02	2.03e-01	3.41e-01	2.63e-01	1.76e-01	6.54e-03	5.97e-05	1.97e-09	4.69e-18	5.71e-18
 1.97691e+23	2.48e-09	3.13e-05	1.16e-02	2.17e-01	3.46e-01	2.56e-01	1.63e-01	5.71e-03	4.92e-05	2.48e-09	5.96e-18	7.25e-18
 1.99438e+23	3.10e-09	3.71e-05	1.31e-02	2.31e-01	3.50e-01	2.50e-01	1.51e-01	4.99e-03	4.07e-05	3.10e-09	7.53e-18	9.16e-18
 2.01440e+23	4.13e-09	4.61e-05	1.52e-02	2.50e-01	3.55e-01	2.40e-01	1.36e-01	4.18e-03	3.17e-05	4.13e-09	1.02e-17	1.24e-17
 2.03463e+23	5.20e-09	5.49e-05	1.71e-02	2.66e-01	3.57e-01	2.32e-01	1.24e-01	3.60e-03	2.58e-05	5.20e-09	1.30e-17	1.58e-17
 2.05516e+23	6.94e-09	6.80e-05	1.98e-02	2.85e-01	3.60e-01	2.21e-01	1.11e-01	2.99e-03	1.99e-05	6.94e-09	1.77e-17	2.15e-17
 2.07601e+23	8.82e-09	8.11e-05	2.22e-02	3.02e-01	3.60e-01	2.12e-01	1.01e-01	2.55e-03	1.60e-05	8.82e-09	2.29e-17	2.77e-17
 2.09451e+23	1.11e-08	9.61e-05	2.49e-02	3.18e-01	3.60e-01	2.03e-01	9.15e-02	2.18e-03	1.28e-05	1.11e-08	2.93e-17	3.55e-17
 2.11574e+23	1.50e-08	1.20e-04	2.87e-02	3.40e-01	3.58e-01	1.91e-01	8.03e-02	1.77e-03	9.64e-06	1.50e-08	4.05e-17	4.89e-17
 2.13728e+23	1.92e-08	1.42e-04	3.21e-02	3.57e-01	3.56e-01	1.81e-01	7.21e-02	1.49e-03	7.62e-06	1.92e-08	5.24e-17	6.33e-17
 2.15921e+23	2.59e-08	1.76e-04	3.68e-02	3.78e-01	3.52e-01	1.69e-01	6.28e-02	1.20e-03	5.67e-06	2.59e-08	7.25e-17	8.74e-17
 2.18158e+23	3.33e-08	2.10e-04	4.11e-02	3.96e-01	3.47e-01	1.59e-01	5.57e-02	9.91e-04	4.39e-06	3.33e-08	9.50e-17	1.14e-16
 2.20150e+23	4.25e-08	2.50e-04	4.58e-02	4.13e-01	3.42e-01	1.49e-01	4.94e-02	8.21e-04	3.41e-06	4.25e-08	1.24e-16	1.49e-16
 2.22438e+23	5.80e-08	3.10e-04	5.23e-02	4.35e-01	3.34e-01	1.36e-01	4.22e-02	6.45e-04	2.46e-06	5.80e-08	1.73e-16	2.09e-16
 2.24700e+23	7.35e-08	3.65e-04	5.78e-02	4.50e-01	3.27e-01	1.27e-01	3.73e-02	5.33e-04	1.91e-06	7.35e-08	2.24e-16	2.70e-16
 2.26586e+23	9.12e-08	4.24e-04	6.32e-02	4.64e-01	3.20e-01	1.19e-01	3.32e-02	4.47e-04	1.51e-06	9.12e-08	2.84e-16	3.41e-16
 2.28391e+23	1.13e-07	4.91e-04	6.90e-02	4.78e-01	3.12e-01	1.11e-01	2.95e-02	3.74e-04	1.19e-06	1.13e-07	3.59e-16	4.31e-16
 2.30435e+23	1.48e-07	5.89e-04	7.68e-02	4.93e-01	3.02e-01	1.01e-01	2.54e-02	2.98e-04	8.79e-07	1.48e-07	4.82e-16	5.78e-16
 2.32478e+23	1.83e-07	6.81e-04	8.36e-02	5.05e-01	2.93e-01	9.42e-02	2.24e-02	2.47e-04	6.86e-07	1.83e-07	6.10e-16	7.30e-16
 2.34516e+23	2.36e-07	8.09e-04	9.24e-02	5.19e-01	2.83e-01	8.58e-02	1.92e-02	1.97e-04	5.09e-07	2.36e-07	8.11e-16	9.70e-16
 2.36602e+23	2.95e-07	9.39e-04	1.01e-01	5.30e-01	2.73e-01	7.89e-02	1.68e-02	1.61e-04	3.90e-07	2.95e-07	1.04e-15	1.24e-15
 2.38446e+23	3.62e-07	1.08e-03	1.09e-01	5.39e-01	2.64e-01	7.28e-02	1.48e-02	1.33e-04	3.03e-07	3.62e-07	1.30e-15	1.56e-15
 2.40540e+23	4.71e-07	1.28e-03	1.20e-01	5.50e-01	2.51e-01	6.54e-02	1.25e-02	1.04e-04	2.19e-07	4.71e-07	1.75e-15	2.09e-15
 2.42677e+23	5.85e-07	1.48e-03	1.30e-01	5.57e-01	2.41e-01	5.97e-02	1.08e-02	8.40e-05	1.66e-07	5.85e-07	2.23e-15	2.66e-15
 2.44579e+23	7.20e-07	1.70e-03	1.39e-01	5.64e-01	2.31e-01	5.45e-02	9.43e-03	6.86e-05	1.27e-07	7.20e-07	2.82e-15	3.36e-15
 2.46419e+23	8.73e-07	1.93e-03	1.49e-01	5.69e-01	2.22e-01	5.00e-02	8.26e-03	5.65e-05	0.00e+00	8.73e-07	3.51e-15	4.17e-15
 2.48120e+23	1.04e-06	2.17e-03	1.59e-01	5.73e-01	2.13e-01	4.61e-02	7.30e-03	4.72e-05	0.00e+00	1.04e-06	4.29e-15	5.10e-15
 2.49982e+23	1.30e-06	2.51e-03	1.71e-01	5.76e-01	2.02e-01	4.15e-02	6.25e-03	3.76e-05	0.00e+00	1.30e-06	5.51e-15	6.55e-15
 2.51863e+23	1.56e-06	2.83e-03	1.82e-01	5.78e-01	1.94e-01	3.80e-02	5.48e-03	3.10e-05	0.00e+00	1.56e-06	6.78e-15	8.05e-15
 2.53497e+23	1.85e-06	3.16e-03	1.92e-01	5.79e-01	1.85e-01	3.49e-02	4.83e-03	2.58e-05	0.00e+00	1.85e-06	8.25e-15	9.79e-15
 2.55352e+23	2.30e-06	3.64e-03	2.06e-01	5.80e-01	1.75e-01	3.12e-02	4.10e-03	2.04e-05	0.00e+00	2.30e-06	1.06e-14	1.26e-14
 2.57233e+23	2.73e-06	4.07e-03	2.18e-01	5.79e-01	1.67e-01	2.85e-02	3.59e-03	1.69e-05	0.00e+00	2.73e-06	1.29e-14	1.53e-14
 2.59148e+23	3.39e-06	4.68e-03	2.33e-01	5.77e-01	1.57e-01	2.54e-02	3.04e-03	1.32e-05	0.00e+00	3.39e-06	1.66e-14	1.97e-14
 2.61085e+23	4.05e-06	5.26e-03	2.47e-01	5.74e-01	1.48e-01	2.30e-02	2.63e-03	1.07e-05	0.00e+00	4.05e-06	2.05e-14	2.42e-14
 2.62774e+23	4.80e-06	5.86e-03	2.60e-01	5.71e-01	1.41e-01	2.09e-02	2.30e-03	8.83e-06	0.00e+00	4.80e-06	2.49e-14	2.94e-14
 2.64692e+23	5.91e-06	6.71e-03	2.76e-01	5.65e-01	1.32e-01	1.85e-02	1.93e-03	6.89e-06	0.00e+00	5.91e-06	3.19e-14	3.76e-14
 2.66658e+23	7.06e-06	7.52e-03	2.91e-01	5.59e-01	1.24e-01	1.66e-02	1.66e-03	5.55e-06	0.00e+00	7.06e-06	3.92e-14	4.63e-14
 2.68411e+23	8.37e-06	8.39e-03	3.06e-01	5.53e-01	1.17e-01	1.49e-02	1.44e-03	4.51e-06	0.00e+00	8.37e-06	4.79e-14	5.65e-14
 2.70414e+23	1.04e-05	9.62e-03	3.25e-01	5.44e-01	1.08e-01	1.31e-02	1.19e-03	3.45e-06	0.00e+00	1.04e-05	6.18e-14	7.28e-14
 2.72448e+23	1.24e-05	1.08e-02	3.41e-01	5.35e-01	1.01e-01	1.16e-02	1.02e-03	2.75e-06	0.00e+00	1.24e-05	7.62e-14	8.98e-14
 2.74251e+23	1.47e-05	1.20e-02	3.57e-01	5.26e-01	9.45e-02	1.04e-02	8.70e-04	2.20e-06	0.00e+00	1.47e-05	9.33e-14	1.10e-13
 2.76319e+23	1.82e-05	1.38e-02	3.77e-01	5.13e-01	8.67e-02	8.98e-03	7.13e-04	1.66e-06	0.00e+00	1.82e-05	1.21e-13	1.42e-13
 2.78432e+23	2.17e-05	1.54e-02	3.95e-01	5.01e-01	8.04e-02	7.92e-03	6.01e-04	1.30e-06	0.00e+00	2.17e-05	1.49e-13	1.76e-13
 2.80600e+23	2.71e-05	1.77e-02	4.16e-01	4.85e-01	7.31e-02	6.76e-03	4.86e-04	9.60e-07	0.00e+00	2.71e-05	1.95e-13	2.30e-13
 2.82801e+23	3.25e-05	1.99e-02	4.35e-01	4.72e-01	6.72e-02	5.90e-03	4.05e-04	7.41e-07	0.00e+00	3.25e-05	2.42e-13	2.86e-13
 2.84737e+23	3.86e-05	2.21e-02	4.53e-01	4.58e-01	6.20e-02	5.17e-03	3.39e-04	5.78e-07	0.00e+00	3.86e-05	2.99e-13	3.52e-13
 2.86945e+23	4.79e-05	2.53e-02	4.75e-01	4.39e-01	5.58e-02	4.37e-03	2.71e-04	4.21e-07	0.00e+00	4.79e-05	3.88e-13	4.58e-13
 2.89227e+23	5.75e-05	2.84e-02	4.94e-01	4.23e-01	5.08e-02	3.76e-03	2.23e-04	3.19e-07	0.00e+00	5.75e-05	4.86e-13	5.73e-13
 2.91279e+23	6.86e-05	3.17e-02	5.12e-01	4.07e-01	4.63e-02	3.25e-03	1.84e-04	2.43e-07	0.00e+00	6.86e-05	6.03e-13	7.11e-13
 2.93029e+23	7.80e-05	3.44e-02	5.25e-01	3.95e-01	4.32e-02	2.91e-03	1.59e-04	1.99e-07	0.00e+00	7.80e-05	7.05e-13	8.32e-13
 2.94712e+23	9.15e-05	3.80e-02	5.41e-01	3.79e-01	3.95e-02	2.54e-03	1.33e-04	1.54e-07	0.00e+00	9.15e-05	8.59e-13	1.01e-12
 2.96431e+23	1.04e-04	4.12e-02	5.54e-01	3.66e-01	3.66e-02	2.26e-03	1.14e-04	0.00e+00	0.00e+00	1.04e-04	1.01e-12	1.19e-12
 2.97963e+23	1.19e-04	4.47e-02	5.66e-01	3.53e-01	3.40e-02	2.01e-03	9.84e-05	0.00e+00	0.00e+00	1.19e-04	1.19e-12	1.40e-12
 2.99721e+23	1.40e-04	4.94e-02	5.81e-01	3.37e-01	3.08e-02	1.73e-03	8.11e-05	0.00e+00	0.00e+00	1.40e-04	1.45e-12	1.71e-12
 3.01506e+23	1.60e-04	5.37e-02	5.93e-01	3.23e-01	2.84e-02	1.52e-03	6.90e-05	0.00e+00	0.00e+00	1.60e-04	1.71e-12	2.02e-12
 3.03086e+23	1.82e-04	5.82e-02	6.04e-01	3.10e-01	2.61e-02	1.34e-03	5.88e-05	0.00e+00	0.00e+00	1.82e-04	2.02e-12	2.38e-12
 3.04897e+23	2.14e-04	6.43e-02	6.18e-01	2.93e-01	2.35e-02	1.15e-03	4.81e-05	0.00e+00	0.00e+00	2.14e-04	2.47e-12	2.91e-12
 3.06753e+23	2.46e-04	7.02e-02	6.28e-01	2.79e-01	2.14e-02	9.98e-04	4.03e-05	0.00e+00	0.00e+00	2.46e-04	2.94e-12	3.47e-12
 3.08076e+23	2.68e-04	7.39e-02	6.34e-01	2.70e-01	2.03e-02	9.18e-04	3.62e-05	0.00e+00	0.00e+00	2.68e-04	3.27e-12	3.85e-12
