#depth	He	He+	He+2
 1.54284e+22	8.62e-15	1.07e-07	1.00e+00
 3.46912e+22	1.94e-14	1.60e-07	1.00e+00
 4.08365e+22	3.11e-14	2.03e-07	1.00e+00
 4.49962e+22	4.53e-14	2.44e-07	1.00e+00
 4.73071e+22	4.98e-14	2.56e-07	1.00e+00
 4.82242e+22	5.46e-14	2.68e-07	1.00e+00
 4.91298e+22	5.97e-14	2.80e-07	1.00e+00
 5.01664e+22	6.67e-14	2.97e-07	1.00e+00
 5.12318e+22	7.37e-14	3.12e-07	1.00e+00
 5.21562e+22	8.10e-14	3.27e-07	1.00e+00
 5.30317e+22	8.84e-14	3.41e-07	1.00e+00
 5.40221e+22	9.79e-14	3.59e-07	1.00e+00
 5.49951e+22	1.07e-13	3.76e-07	1.00e+00
 5.57681e+22	1.16e-13	3.90e-07	1.00e+00
 5.65961e+22	1.26e-13	4.08e-07	1.00e+00
 5.74965e+22	1.37e-13	4.25e-07	1.00e+00
 5.83375e+22	1.49e-13	4.44e-07	1.00e+00
 5.91256e+22	1.61e-13	4.61e-07	1.00e+00
 5.99982e+22	1.76e-13	4.82e-07	1.00e+00
 6.09256e+22	1.93e-13	5.04e-07	1.00e+00
 6.17487e+22	2.09e-13	5.24e-07	1.00e+00
 6.25171e+22	2.25e-13	5.45e-07	1.00e+00
 6.32358e+22	2.41e-13	5.63e-07	1.00e+00
 6.40164e+22	2.61e-13	5.86e-07	1.00e+00
 6.48375e+22	2.82e-13	6.09e-07	1.00e+00
 6.55628e+22	3.03e-13	6.31e-07	1.00e+00
 6.63575e+22	3.28e-13	6.57e-07	1.00e+00
 6.71969e+22	3.56e-13	6.84e-07	1.00e+00
 6.79222e+22	3.81e-13	7.08e-07	1.00e+00
 6.86930e+22	4.13e-13	7.36e-07	1.00e+00
 6.95102e+22	4.46e-13	7.65e-07	1.00e+00
 7.02426e+22	4.79e-13	7.92e-07	1.00e+00
 7.09022e+22	5.10e-13	8.18e-07	1.00e+00
 7.15190e+22	5.41e-13	8.42e-07	1.00e+00
 7.22275e+22	5.24e-13	8.72e-07	1.00e+00
 7.29884e+22	5.55e-13	9.04e-07	1.00e+00
 7.36729e+22	5.94e-13	9.34e-07	1.00e+00
 7.44180e+22	6.43e-13	9.70e-07	1.00e+00
 7.51750e+22	6.92e-13	1.00e-06	1.00e+00
 7.58072e+22	7.36e-13	1.04e-06	1.00e+00
 7.64889e+22	7.91e-13	1.07e-06	1.00e+00
 7.72260e+22	8.49e-13	1.11e-06	1.00e+00
 7.79097e+22	9.09e-13	1.15e-06	1.00e+00
 7.85703e+22	9.71e-13	1.18e-06	1.00e+00
 7.92049e+22	1.03e-12	1.22e-06	1.00e+00
 7.99080e+22	1.11e-12	1.26e-06	1.00e+00
 8.06454e+22	1.19e-12	1.31e-06	1.00e+00
 8.12932e+22	1.27e-12	1.35e-06	1.00e+00
 8.20011e+22	1.37e-12	1.39e-06	1.00e+00
 8.27554e+22	1.48e-12	1.44e-06	1.00e+00
 8.34017e+22	1.57e-12	1.49e-06	1.00e+00
 8.39831e+22	1.67e-12	1.53e-06	1.00e+00
 8.46483e+22	1.79e-12	1.58e-06	1.00e+00
 8.53650e+22	1.92e-12	1.64e-06	1.00e+00
 8.60252e+22	2.05e-12	1.69e-06	1.00e+00
 8.67600e+22	2.22e-12	1.75e-06	1.00e+00
 8.74853e+22	2.38e-12	1.81e-06	1.00e+00
 8.80698e+22	2.53e-12	1.87e-06	1.00e+00
 8.87008e+22	2.71e-12	1.93e-06	1.00e+00
 8.93908e+22	2.90e-12	1.99e-06	1.00e+00
 9.00368e+22	3.10e-12	2.06e-06	1.00e+00
 9.07561e+22	3.36e-12	2.13e-06	1.00e+00
 9.14682e+22	3.61e-12	2.21e-06	1.00e+00
 9.20457e+22	3.84e-12	2.27e-06	1.00e+00
 9.26713e+22	4.12e-12	2.35e-06	1.00e+00
 9.33504e+22	4.43e-12	2.43e-06	1.00e+00
 9.39699e+22	4.72e-12	2.51e-06	1.00e+00
 9.46460e+22	5.12e-12	2.61e-06	1.00e+00
 9.53159e+22	5.49e-12	2.69e-06	1.00e+00
 9.58737e+22	5.85e-12	2.77e-06	1.00e+00
 9.64945e+22	6.29e-12	2.87e-06	1.00e+00
 9.71554e+22	6.79e-12	2.97e-06	1.00e+00
 9.77431e+22	7.24e-12	3.07e-06	1.00e+00
 9.83817e+22	7.86e-12	3.19e-06	1.00e+00
 9.90173e+22	8.44e-12	3.30e-06	1.00e+00
 9.95462e+22	8.97e-12	3.39e-06	1.00e+00
 1.00131e+23	9.68e-12	3.52e-06	1.00e+00
 1.00749e+23	1.04e-11	3.64e-06	1.00e+00
 1.01305e+23	1.11e-11	3.76e-06	1.00e+00
 1.01923e+23	1.21e-11	3.91e-06	1.00e+00
 1.02537e+23	1.30e-11	4.04e-06	1.00e+00
 1.03052e+23	1.39e-11	4.17e-06	1.00e+00
 1.03631e+23	1.50e-11	4.33e-06	1.00e+00
 1.04224e+23	1.62e-11	4.48e-06	1.00e+00
 1.04744e+23	1.73e-11	4.62e-06	1.00e+00
 1.05326e+23	1.88e-11	4.81e-06	1.00e+00
 1.05906e+23	2.02e-11	4.98e-06	1.00e+00
 1.06397e+23	2.14e-11	5.12e-06	1.00e+00
 1.06947e+23	2.33e-11	5.33e-06	1.00e+00
 1.07516e+23	2.50e-11	5.52e-06	1.00e+00
 1.08020e+23	2.68e-11	5.70e-06	1.00e+00
 1.08583e+23	2.91e-11	5.93e-06	1.00e+00
 1.09160e+23	3.14e-11	6.15e-06	1.00e+00
 1.09667e+23	3.37e-11	6.36e-06	1.00e+00
 1.10155e+23	3.60e-11	6.57e-06	1.00e+00
 1.10709e+23	3.92e-11	6.84e-06	1.00e+00
 1.11283e+23	4.22e-11	7.09e-06	1.00e+00
 1.11798e+23	4.54e-11	7.35e-06	1.00e+00
 1.12382e+23	4.98e-11	7.68e-06	1.00e+00
 1.12961e+23	5.37e-11	7.97e-06	1.00e+00
 1.13436e+23	5.74e-11	8.23e-06	1.00e+00
 1.13952e+23	6.25e-11	8.58e-06	1.00e+00
 1.14485e+23	6.73e-11	8.90e-06	1.00e+00
 1.14923e+23	7.15e-11	9.17e-06	1.00e+00
 1.15376e+23	7.71e-11	9.51e-06	1.00e+00
 1.15810e+23	8.17e-11	9.79e-06	1.00e+00
 1.16159e+23	8.64e-11	1.01e-05	1.00e+00
 1.16501e+23	9.11e-11	1.03e-05	1.00e+00
 1.16835e+23	9.58e-11	1.06e-05	1.00e+00
 1.17213e+23	1.02e-10	1.10e-05	1.00e+00
 1.17589e+23	1.08e-10	1.13e-05	1.00e+00
 1.17899e+23	1.14e-10	1.15e-05	1.00e+00
 1.18190e+23	1.19e-10	1.18e-05	1.00e+00
 1.18518e+23	1.27e-10	1.22e-05	1.00e+00
 1.18858e+23	1.33e-10	1.25e-05	1.00e+00
 1.19165e+23	1.40e-10	1.28e-05	1.00e+00
 1.19516e+23	1.50e-10	1.33e-05	1.00e+00
 1.19843e+23	1.58e-10	1.36e-05	1.00e+00
 1.20136e+23	1.67e-10	1.40e-05	1.00e+00
 1.20437e+23	1.76e-10	1.44e-05	1.00e+00
 1.20703e+23	1.84e-10	1.48e-05	1.00e+00
 1.21006e+23	1.97e-10	1.53e-05	1.00e+00
 1.21308e+23	2.07e-10	1.57e-05	1.00e+00
 1.21607e+23	2.21e-10	1.62e-05	1.00e+00
 1.21910e+23	2.33e-10	1.67e-05	1.00e+00
 1.22178e+23	2.46e-10	1.72e-05	1.00e+00
 1.22485e+23	2.64e-10	1.79e-05	1.00e+00
 1.22779e+23	2.77e-10	1.83e-05	1.00e+00
 1.23056e+23	2.97e-10	1.91e-05	1.00e+00
 1.23335e+23	3.12e-10	1.96e-05	1.00e+00
 1.23617e+23	3.36e-10	2.04e-05	1.00e+00
 1.23889e+23	3.53e-10	2.09e-05	1.00e+00
 1.24148e+23	3.78e-10	2.17e-05	1.00e+00
 1.24412e+23	3.98e-10	2.24e-05	1.00e+00
 1.24681e+23	4.28e-10	2.33e-05	1.00e+00
 1.24949e+23	4.52e-10	2.40e-05	1.00e+00
 1.25218e+23	4.86e-10	2.51e-05	1.00e+00
 1.25491e+23	5.15e-10	2.59e-05	1.00e+00
 1.25730e+23	5.46e-10	2.68e-05	1.00e+00
 1.26000e+23	5.88e-10	2.80e-05	1.00e+00
 1.26271e+23	6.23e-10	2.90e-05	1.00e+00
 1.26544e+23	6.72e-10	3.03e-05	1.00e+00
 1.26821e+23	7.14e-10	3.15e-05	1.00e+00
 1.27103e+23	7.73e-10	3.30e-05	1.00e+00
 1.27387e+23	8.21e-10	3.43e-05	1.00e+00
 1.27671e+23	8.88e-10	3.60e-05	1.00e+00
 1.27949e+23	9.39e-10	3.73e-05	1.00e+00
 1.28217e+23	1.01e-09	3.91e-05	1.00e+00
 1.28488e+23	1.07e-09	4.04e-05	1.00e+00
 1.28761e+23	1.15e-09	4.24e-05	1.00e+00
 1.29042e+23	1.21e-09	4.39e-05	1.00e+00
 1.29332e+23	1.30e-09	4.61e-05	1.00e+00
 1.29626e+23	1.38e-09	4.78e-05	1.00e+00
 1.29927e+23	1.48e-09	5.02e-05	1.00e+00
 1.30236e+23	1.56e-09	5.21e-05	1.00e+00
 1.30555e+23	1.68e-09	5.47e-05	1.00e+00
 1.30880e+23	1.77e-09	5.69e-05	1.00e+00
 1.31212e+23	1.90e-09	5.97e-05	1.00e+00
 1.31547e+23	2.00e-09	6.19e-05	1.00e+00
 1.31884e+23	2.14e-09	6.50e-05	1.00e+00
 1.32211e+23	2.24e-09	6.71e-05	1.00e+00
 1.32524e+23	2.37e-09	7.00e-05	1.00e+00
 1.32844e+23	2.48e-09	7.24e-05	1.00e+00
 1.33176e+23	2.63e-09	7.57e-05	1.00e+00
 1.33511e+23	2.75e-09	7.81e-05	1.00e+00
 1.33852e+23	2.91e-09	8.15e-05	1.00e+00
 1.34191e+23	3.03e-09	8.42e-05	1.00e+00
 1.34525e+23	3.20e-09	8.78e-05	1.00e+00
 1.34864e+23	3.33e-09	9.04e-05	1.00e+00
 1.35206e+23	3.51e-09	9.43e-05	1.00e+00
 1.35556e+23	3.66e-09	9.72e-05	1.00e+00
 1.35913e+23	3.86e-09	1.01e-04	1.00e+00
 1.36278e+23	4.01e-09	1.05e-04	1.00e+00
 1.36651e+23	4.23e-09	1.09e-04	1.00e+00
 1.37030e+23	4.41e-09	1.13e-04	1.00e+00
 1.37419e+23	4.62e-09	1.17e-04	1.00e+00
 1.37800e+23	4.79e-09	1.21e-04	1.00e+00
 1.38168e+23	5.03e-09	1.26e-04	1.00e+00
 1.38543e+23	5.22e-09	1.29e-04	1.00e+00
 1.38925e+23	5.47e-09	1.34e-04	1.00e+00
 1.39319e+23	5.69e-09	1.39e-04	1.00e+00
 1.39729e+23	5.97e-09	1.44e-04	1.00e+00
 1.40152e+23	6.22e-09	1.49e-04	1.00e+00
 1.40592e+23	6.55e-09	1.55e-04	1.00e+00
 1.41045e+23	6.83e-09	1.60e-04	1.00e+00
 1.41513e+23	7.20e-09	1.67e-04	1.00e+00
 1.41997e+23	7.53e-09	1.73e-04	1.00e+00
 1.42501e+23	7.96e-09	1.81e-04	1.00e+00
 1.43019e+23	8.34e-09	1.88e-04	1.00e+00
 1.43483e+23	8.72e-09	1.94e-04	1.00e+00
 1.44017e+23	9.24e-09	2.04e-04	1.00e+00
 1.44554e+23	9.67e-09	2.11e-04	1.00e+00
 1.45096e+23	1.02e-08	2.21e-04	1.00e+00
 1.45650e+23	1.07e-08	2.29e-04	1.00e+00
 1.46218e+23	1.14e-08	2.41e-04	1.00e+00
 1.46796e+23	1.19e-08	2.51e-04	1.00e+00
 1.47385e+23	1.26e-08	2.64e-04	1.00e+00
 1.47977e+23	1.32e-08	2.75e-04	1.00e+00
 1.48468e+23	1.37e-08	2.85e-04	1.00e+00
 1.49002e+23	1.44e-08	2.99e-04	1.00e+00
 1.49534e+23	1.50e-08	3.10e-04	1.00e+00
 1.50064e+23	1.57e-08	3.26e-04	1.00e+00
 1.50601e+23	1.63e-08	3.39e-04	1.00e+00
 1.51147e+23	1.70e-08	3.57e-04	1.00e+00
 1.51700e+23	1.76e-08	3.72e-04	1.00e+00
 1.52262e+23	1.84e-08	3.92e-04	1.00e+00
 1.52835e+23	1.90e-08	4.10e-04	1.00e+00
 1.53422e+23	1.97e-08	4.34e-04	1.00e+00
 1.54021e+23	2.03e-08	4.55e-04	1.00e+00
 1.54635e+23	2.09e-08	4.84e-04	1.00e+00
 1.55254e+23	2.14e-08	5.08e-04	9.99e-01
 1.55774e+23	2.18e-08	5.31e-04	9.99e-01
 1.56336e+23	2.23e-08	5.63e-04	9.99e-01
 1.56903e+23	2.26e-08	5.89e-04	9.99e-01
 1.57460e+23	2.29e-08	6.23e-04	9.99e-01
 1.58027e+23	2.31e-08	6.54e-04	9.99e-01
 1.58582e+23	2.33e-08	6.91e-04	9.99e-01
 1.59149e+23	2.34e-08	7.27e-04	9.99e-01
 1.59709e+23	2.35e-08	7.66e-04	9.99e-01
 1.60273e+23	2.36e-08	8.07e-04	9.99e-01
 1.60830e+23	2.36e-08	8.50e-04	9.99e-01
 1.61386e+23	2.37e-08	8.94e-04	9.99e-01
 1.61943e+23	2.38e-08	9.41e-04	9.99e-01
 1.62502e+23	2.39e-08	9.91e-04	9.99e-01
 1.63064e+23	2.41e-08	1.04e-03	9.99e-01
 1.63632e+23	2.44e-08	1.10e-03	9.99e-01
 1.64206e+23	2.48e-08	1.16e-03	9.99e-01
 1.64783e+23	2.54e-08	1.22e-03	9.99e-01
 1.65370e+23	2.61e-08	1.28e-03	9.99e-01
 1.65963e+23	2.70e-08	1.35e-03	9.99e-01
 1.66568e+23	2.80e-08	1.42e-03	9.99e-01
 1.67130e+23	2.91e-08	1.49e-03	9.99e-01
 1.67709e+23	3.07e-08	1.57e-03	9.98e-01
 1.68297e+23	3.22e-08	1.64e-03	9.98e-01
 1.68900e+23	3.45e-08	1.74e-03	9.98e-01
 1.69506e+23	3.65e-08	1.82e-03	9.98e-01
 1.70117e+23	3.94e-08	1.92e-03	9.98e-01
 1.70731e+23	4.21e-08	2.01e-03	9.98e-01
 1.71350e+23	4.59e-08	2.12e-03	9.98e-01
 1.71974e+23	4.92e-08	2.22e-03	9.98e-01
 1.72605e+23	5.41e-08	2.35e-03	9.98e-01
 1.73244e+23	5.83e-08	2.45e-03	9.98e-01
 1.73893e+23	6.45e-08	2.59e-03	9.97e-01
 1.74553e+23	6.99e-08	2.71e-03	9.97e-01
 1.75226e+23	7.78e-08	2.88e-03	9.97e-01
 1.75914e+23	8.48e-08	3.01e-03	9.97e-01
 1.76620e+23	9.50e-08	3.20e-03	9.97e-01
 1.77344e+23	1.04e-07	3.35e-03	9.97e-01
 1.78092e+23	1.17e-07	3.57e-03	9.96e-01
 1.78795e+23	1.27e-07	3.71e-03	9.96e-01
 1.79440e+23	1.41e-07	3.92e-03	9.96e-01
 1.80081e+23	1.52e-07	4.07e-03	9.96e-01
 1.80714e+23	1.68e-07	4.29e-03	9.96e-01
 1.81352e+23	1.82e-07	4.46e-03	9.96e-01
 1.81994e+23	2.01e-07	4.70e-03	9.95e-01
 1.82648e+23	2.18e-07	4.89e-03	9.95e-01
 1.83317e+23	2.42e-07	5.15e-03	9.95e-01
 1.83995e+23	2.62e-07	5.37e-03	9.95e-01
 1.84685e+23	2.92e-07	5.67e-03	9.94e-01
 1.85389e+23	3.17e-07	5.91e-03	9.94e-01
 1.86110e+23	3.55e-07	6.25e-03	9.94e-01
 1.86847e+23	3.87e-07	6.52e-03	9.93e-01
 1.87604e+23	4.35e-07	6.92e-03	9.93e-01
 1.88379e+23	4.76e-07	7.24e-03	9.93e-01
 1.89176e+23	5.36e-07	7.69e-03	9.92e-01
 1.89982e+23	5.88e-07	8.04e-03	9.92e-01
 1.90800e+23	6.65e-07	8.55e-03	9.91e-01
 1.91628e+23	7.29e-07	8.96e-03	9.91e-01
 1.92467e+23	8.26e-07	9.53e-03	9.90e-01
 1.93287e+23	9.02e-07	9.96e-03	9.90e-01
 1.94082e+23	1.01e-06	1.05e-02	9.89e-01
 1.94915e+23	1.11e-06	1.11e-02	9.89e-01
 1.95618e+23	1.21e-06	1.15e-02	9.88e-01
 1.96354e+23	1.34e-06	1.21e-02	9.88e-01
 1.97113e+23	1.47e-06	1.27e-02	9.87e-01
 1.97791e+23	1.59e-06	1.32e-02	9.87e-01
 1.98561e+23	1.77e-06	1.39e-02	9.86e-01
 1.99365e+23	1.95e-06	1.46e-02	9.85e-01
 2.00089e+23	2.13e-06	1.53e-02	9.85e-01
 2.00908e+23	2.37e-06	1.61e-02	9.84e-01
 2.01759e+23	2.62e-06	1.70e-02	9.83e-01
 2.02522e+23	2.88e-06	1.78e-02	9.82e-01
 2.03384e+23	3.23e-06	1.88e-02	9.81e-01
 2.04275e+23	3.58e-06	1.98e-02	9.80e-01
 2.05071e+23	3.94e-06	2.07e-02	9.79e-01
 2.05971e+23	4.44e-06	2.20e-02	9.78e-01
 2.06905e+23	4.95e-06	2.32e-02	9.77e-01
 2.07742e+23	5.46e-06	2.44e-02	9.76e-01
 2.08691e+23	6.21e-06	2.60e-02	9.74e-01
 2.09671e+23	6.92e-06	2.74e-02	9.73e-01
 2.10557e+23	7.70e-06	2.89e-02	9.71e-01
 2.11573e+23	8.83e-06	3.09e-02	9.69e-01
 2.12597e+23	9.87e-06	3.27e-02	9.67e-01
 2.13631e+23	1.13e-05	3.49e-02	9.65e-01
 2.14689e+23	1.27e-05	3.70e-02	9.63e-01
 2.15620e+23	1.42e-05	3.90e-02	9.61e-01
 2.16673e+23	1.63e-05	4.18e-02	9.58e-01
 2.17751e+23	1.83e-05	4.43e-02	9.56e-01
 2.18863e+23	2.12e-05	4.75e-02	9.52e-01
 2.19992e+23	2.39e-05	5.04e-02	9.50e-01
 2.20993e+23	2.70e-05	5.34e-02	9.47e-01
 2.22142e+23	3.13e-05	5.75e-02	9.42e-01
 2.23311e+23	3.54e-05	6.10e-02	9.39e-01
 2.24326e+23	3.98e-05	6.45e-02	9.35e-01
 2.25296e+23	4.44e-05	6.80e-02	9.32e-01
 2.26223e+23	4.93e-05	7.16e-02	9.28e-01
 2.27269e+23	5.63e-05	7.64e-02	9.24e-01
 2.28311e+23	6.27e-05	8.03e-02	9.20e-01
 2.29350e+23	7.15e-05	8.56e-02	9.14e-01
 2.30407e+23	7.97e-05	9.01e-02	9.10e-01
 2.31487e+23	9.13e-05	9.62e-02	9.04e-01
 2.32576e+23	1.02e-04	1.01e-01	8.99e-01
 2.33676e+23	1.17e-04	1.08e-01	8.92e-01
 2.34790e+23	1.31e-04	1.14e-01	8.86e-01
 2.35679e+23	1.43e-04	1.19e-01	8.81e-01
 2.36596e+23	1.60e-04	1.25e-01	8.75e-01
 2.37539e+23	1.75e-04	1.31e-01	8.69e-01
 2.38384e+23	1.92e-04	1.36e-01	8.64e-01
 2.39348e+23	2.15e-04	1.44e-01	8.56e-01
 2.40321e+23	2.36e-04	1.50e-01	8.50e-01
 2.41168e+23	2.58e-04	1.56e-01	8.43e-01
 2.42135e+23	2.89e-04	1.65e-01	8.35e-01
 2.43120e+23	3.17e-04	1.72e-01	8.28e-01
 2.43993e+23	3.47e-04	1.79e-01	8.21e-01
 2.44992e+23	3.89e-04	1.88e-01	8.11e-01
 2.46007e+23	4.27e-04	1.96e-01	8.03e-01
 2.47042e+23	4.79e-04	2.07e-01	7.93e-01
 2.48087e+23	5.27e-04	2.16e-01	7.84e-01
 2.49144e+23	5.92e-04	2.27e-01	7.73e-01
 2.50213e+23	6.51e-04	2.37e-01	7.63e-01
 2.51155e+23	7.14e-04	2.46e-01	7.53e-01
 2.52238e+23	8.04e-04	2.59e-01	7.40e-01
 2.53339e+23	8.82e-04	2.69e-01	7.30e-01
 2.54464e+23	9.97e-04	2.84e-01	7.15e-01
 2.55600e+23	1.09e-03	2.95e-01	7.04e-01
 2.56753e+23	1.23e-03	3.10e-01	6.89e-01
 2.57928e+23	1.36e-03	3.22e-01	6.76e-01
 2.58831e+23	1.46e-03	3.32e-01	6.67e-01
 2.59703e+23	1.59e-03	3.43e-01	6.55e-01
 2.60592e+23	1.71e-03	3.53e-01	6.45e-01
 2.61501e+23	1.87e-03	3.66e-01	6.32e-01
 2.62419e+23	2.01e-03	3.76e-01	6.22e-01
 2.63350e+23	2.20e-03	3.89e-01	6.08e-01
 2.64290e+23	2.36e-03	4.00e-01	5.97e-01
 2.65243e+23	2.59e-03	4.14e-01	5.83e-01
 2.66211e+23	2.79e-03	4.26e-01	5.71e-01
 2.67196e+23	3.06e-03	4.41e-01	5.56e-01
 2.68197e+23	3.29e-03	4.53e-01	5.44e-01
 2.69221e+23	3.62e-03	4.69e-01	5.28e-01
 2.70264e+23	3.91e-03	4.82e-01	5.14e-01
 2.71332e+23	4.29e-03	4.98e-01	4.98e-01
 2.72435e+23	4.66e-03	5.13e-01	4.83e-01
 2.73581e+23	5.14e-03	5.30e-01	4.65e-01
 2.74742e+23	5.60e-03	5.45e-01	4.49e-01
 2.75921e+23	6.20e-03	5.64e-01	4.30e-01
 2.77100e+23	6.72e-03	5.79e-01	4.14e-01
 2.78278e+23	7.43e-03	5.98e-01	3.95e-01
 2.79473e+23	8.06e-03	6.13e-01	3.79e-01
 2.80690e+23	8.94e-03	6.32e-01	3.59e-01
 2.81921e+23	9.72e-03	6.49e-01	3.42e-01
 2.83171e+23	1.08e-02	6.68e-01	3.21e-01
 2.84436e+23	1.18e-02	6.85e-01	3.04e-01
 2.85723e+23	1.31e-02	7.04e-01	2.83e-01
 2.87027e+23	1.44e-02	7.21e-01	2.65e-01
 2.88351e+23	1.61e-02	7.41e-01	2.43e-01
 2.89681e+23	1.76e-02	7.57e-01	2.26e-01
 2.91021e+23	1.98e-02	7.75e-01	2.05e-01
 2.92384e+23	2.18e-02	7.91e-01	1.88e-01
 2.93778e+23	2.46e-02	8.08e-01	1.67e-01
 2.95200e+23	2.73e-02	8.22e-01	1.50e-01
 2.96661e+23	3.12e-02	8.37e-01	1.31e-01
 2.97948e+23	3.39e-02	8.47e-01	1.19e-01
 2.98868e+23	3.67e-02	8.54e-01	1.09e-01
 2.99924e+23	4.05e-02	8.61e-01	9.81e-02
 3.01046e+23	4.46e-02	8.67e-01	8.80e-02
 3.02090e+23	4.92e-02	8.72e-01	7.90e-02
 3.03281e+23	5.58e-02	8.75e-01	6.89e-02
 3.04438e+23	6.22e-02	8.76e-01	6.14e-02
 3.05328e+23	6.83e-02	8.76e-01	5.59e-02
 3.06132e+23	7.50e-02	8.74e-01	5.12e-02
 3.06909e+23	8.25e-02	8.70e-01	4.71e-02
 3.07635e+23	9.08e-02	8.66e-01	4.37e-02
 3.08275e+23	9.93e-02	8.60e-01	4.11e-02
