#depth	N	N+	N+2	N+3	N+4	N+5	N+6	N+7
 1.54284e+22	0.00e+00	0.00e+00	3.76e-24	1.02e-18	9.86e-14	2.28e-08	3.07e-04	1.00e+00
 3.46912e+22	0.00e+00	1.68e-29	2.98e-23	5.43e-18	3.52e-13	5.25e-08	4.63e-04	1.00e+00
 4.08365e+22	0.00e+00	7.12e-29	9.97e-23	1.46e-17	7.48e-13	8.59e-08	5.90e-04	9.99e-01
 4.49962e+22	0.00e+00	2.26e-28	2.63e-22	3.19e-17	1.36e-12	1.27e-07	7.14e-04	9.99e-01
 4.73071e+22	0.00e+00	3.03e-28	3.36e-22	3.90e-17	1.59e-12	1.40e-07	7.50e-04	9.99e-01
 4.82242e+22	0.00e+00	4.02e-28	4.26e-22	4.73e-17	1.84e-12	1.55e-07	7.86e-04	9.99e-01
 4.91298e+22	0.00e+00	5.29e-28	5.38e-22	5.71e-17	2.13e-12	1.70e-07	8.22e-04	9.99e-01
 5.01664e+22	0.00e+00	7.44e-28	7.15e-22	7.19e-17	2.54e-12	1.91e-07	8.70e-04	9.99e-01
 5.12318e+22	0.00e+00	1.01e-27	9.28e-22	8.89e-17	2.99e-12	2.12e-07	9.16e-04	9.99e-01
 5.21562e+22	0.00e+00	1.35e-27	1.18e-21	1.08e-16	3.48e-12	2.34e-07	9.61e-04	9.99e-01
 5.30317e+22	0.00e+00	1.77e-27	1.48e-21	1.30e-16	4.01e-12	2.56e-07	1.01e-03	9.99e-01
 5.40221e+22	0.00e+00	2.43e-27	1.94e-21	1.62e-16	4.75e-12	2.86e-07	1.06e-03	9.99e-01
 5.49951e+22	0.00e+00	3.20e-27	2.44e-21	1.95e-16	5.48e-12	3.14e-07	1.11e-03	9.99e-01
 5.57681e+22	0.00e+00	4.05e-27	2.97e-21	2.29e-16	6.20e-12	3.41e-07	1.15e-03	9.99e-01
 5.65961e+22	0.00e+00	5.29e-27	3.73e-21	2.76e-16	7.15e-12	3.74e-07	1.21e-03	9.99e-01
 5.74965e+22	0.00e+00	6.87e-27	4.65e-21	3.31e-16	8.22e-12	4.09e-07	1.26e-03	9.99e-01
 5.83375e+22	0.00e+00	8.91e-27	5.78e-21	3.95e-16	9.42e-12	4.47e-07	1.32e-03	9.99e-01
 5.91256e+22	0.00e+00	1.12e-26	7.03e-21	4.64e-16	1.07e-11	4.85e-07	1.37e-03	9.99e-01
 5.99982e+22	0.00e+00	1.48e-26	8.88e-21	5.63e-16	1.24e-11	5.34e-07	1.43e-03	9.99e-01
 6.09256e+22	0.00e+00	1.95e-26	1.12e-20	6.79e-16	1.43e-11	5.87e-07	1.50e-03	9.98e-01
 6.17487e+22	0.00e+00	2.49e-26	1.37e-20	8.04e-16	1.63e-11	6.39e-07	1.56e-03	9.98e-01
 6.25171e+22	0.00e+00	3.16e-26	1.68e-20	9.46e-16	1.85e-11	6.93e-07	1.63e-03	9.98e-01
 6.32358e+22	1.91e-33	3.88e-26	1.99e-20	1.09e-15	2.06e-11	7.45e-07	1.69e-03	9.98e-01
 6.40164e+22	2.55e-33	4.99e-26	2.46e-20	1.30e-15	2.36e-11	8.12e-07	1.76e-03	9.98e-01
 6.48375e+22	3.37e-33	6.34e-26	3.01e-20	1.53e-15	2.67e-11	8.82e-07	1.83e-03	9.98e-01
 6.55628e+22	4.34e-33	7.88e-26	3.62e-20	1.77e-15	3.00e-11	9.51e-07	1.90e-03	9.98e-01
 6.63575e+22	5.84e-33	1.02e-25	4.50e-20	2.12e-15	3.44e-11	1.04e-06	1.98e-03	9.98e-01
 6.71969e+22	7.77e-33	1.30e-25	5.52e-20	2.51e-15	3.92e-11	1.13e-06	2.06e-03	9.98e-01
 6.79222e+22	9.98e-33	1.61e-25	6.61e-20	2.90e-15	4.39e-11	1.22e-06	2.14e-03	9.98e-01
 6.86930e+22	1.33e-32	2.07e-25	8.16e-20	3.45e-15	5.02e-11	1.33e-06	2.23e-03	9.98e-01
 6.95102e+22	1.75e-32	2.62e-25	9.96e-20	4.06e-15	5.68e-11	1.44e-06	2.32e-03	9.98e-01
 7.02426e+22	2.26e-32	3.26e-25	1.20e-19	4.71e-15	6.38e-11	1.56e-06	2.41e-03	9.98e-01
 7.09022e+22	2.84e-32	3.97e-25	1.41e-19	5.39e-15	7.07e-11	1.67e-06	2.49e-03	9.98e-01
 7.15190e+22	3.51e-32	4.77e-25	1.65e-19	6.11e-15	7.80e-11	1.78e-06	2.57e-03	9.97e-01
 7.22275e+22	4.53e-32	5.95e-25	1.98e-19	7.13e-15	8.79e-11	1.92e-06	2.66e-03	9.97e-01
 7.29884e+22	5.87e-32	7.43e-25	2.39e-19	8.29e-15	9.88e-11	2.07e-06	2.76e-03	9.97e-01
 7.36729e+22	7.44e-32	9.11e-25	2.84e-19	9.54e-15	1.10e-10	2.23e-06	2.86e-03	9.97e-01
 7.44180e+22	9.82e-32	1.16e-24	3.47e-19	1.13e-14	1.25e-10	2.42e-06	2.98e-03	9.97e-01
 7.51750e+22	1.27e-31	1.44e-24	4.17e-19	1.31e-14	1.40e-10	2.61e-06	3.09e-03	9.97e-01
 7.58072e+22	1.57e-31	1.74e-24	4.88e-19	1.48e-14	1.55e-10	2.79e-06	3.19e-03	9.97e-01
 7.64889e+22	2.02e-31	2.15e-24	5.86e-19	1.72e-14	1.74e-10	3.01e-06	3.31e-03	9.97e-01
 7.72260e+22	2.59e-31	2.66e-24	7.01e-19	2.00e-14	1.95e-10	3.24e-06	3.43e-03	9.97e-01
 7.79097e+22	3.29e-31	3.27e-24	8.32e-19	2.30e-14	2.17e-10	3.48e-06	3.55e-03	9.96e-01
 7.85703e+22	4.14e-31	3.99e-24	9.84e-19	2.63e-14	2.41e-10	3.73e-06	3.68e-03	9.96e-01
 7.92049e+22	5.14e-31	4.81e-24	1.15e-18	2.99e-14	2.66e-10	3.98e-06	3.79e-03	9.96e-01
 7.99080e+22	6.65e-31	6.00e-24	1.39e-18	3.48e-14	3.00e-10	4.30e-06	3.94e-03	9.96e-01
 8.06454e+22	8.51e-31	7.41e-24	1.65e-18	4.02e-14	3.35e-10	4.64e-06	4.09e-03	9.96e-01
 8.12932e+22	1.07e-30	8.99e-24	1.95e-18	4.59e-14	3.71e-10	4.96e-06	4.22e-03	9.96e-01
 8.20011e+22	1.38e-30	1.13e-23	2.35e-18	5.36e-14	4.18e-10	5.37e-06	4.39e-03	9.96e-01
 8.27554e+22	1.79e-30	1.40e-23	2.82e-18	6.22e-14	4.69e-10	5.80e-06	4.56e-03	9.95e-01
 8.34017e+22	2.23e-30	1.69e-23	3.30e-18	7.07e-14	5.17e-10	6.19e-06	4.71e-03	9.95e-01
 8.39831e+22	2.73e-30	2.02e-23	3.83e-18	7.97e-14	5.67e-10	6.59e-06	4.85e-03	9.95e-01
 8.46483e+22	3.49e-30	2.49e-23	4.57e-18	9.22e-14	6.35e-10	7.10e-06	5.03e-03	9.95e-01
 8.53650e+22	4.44e-30	3.06e-23	5.42e-18	1.06e-13	7.06e-10	7.63e-06	5.22e-03	9.95e-01
 8.60252e+22	5.57e-30	3.71e-23	6.38e-18	1.21e-13	7.82e-10	8.17e-06	5.39e-03	9.95e-01
 8.67600e+22	7.35e-30	4.70e-23	7.78e-18	1.42e-13	8.85e-10	8.88e-06	5.62e-03	9.94e-01
 8.74853e+22	9.37e-30	5.78e-23	9.23e-18	1.63e-13	9.82e-10	9.54e-06	5.83e-03	9.94e-01
 8.80698e+22	1.15e-29	6.87e-23	1.07e-17	1.83e-13	1.07e-09	1.01e-05	6.01e-03	9.94e-01
 8.87008e+22	1.45e-29	8.41e-23	1.26e-17	2.10e-13	1.19e-09	1.09e-05	6.22e-03	9.94e-01
 8.93908e+22	1.85e-29	1.03e-22	1.50e-17	2.41e-13	1.32e-09	1.17e-05	6.45e-03	9.94e-01
 9.00368e+22	2.31e-29	1.25e-22	1.75e-17	2.74e-13	1.46e-09	1.25e-05	6.67e-03	9.93e-01
 9.07561e+22	3.04e-29	1.58e-22	2.13e-17	3.20e-13	1.64e-09	1.36e-05	6.95e-03	9.93e-01
 9.14682e+22	3.86e-29	1.93e-22	2.52e-17	3.66e-13	1.82e-09	1.46e-05	7.21e-03	9.93e-01
 9.20457e+22	4.76e-29	2.31e-22	2.92e-17	4.12e-13	1.98e-09	1.55e-05	7.44e-03	9.93e-01
 9.26713e+22	6.05e-29	2.83e-22	3.45e-17	4.72e-13	2.20e-09	1.66e-05	7.71e-03	9.92e-01
 9.33504e+22	7.74e-29	3.48e-22	4.09e-17	5.40e-13	2.42e-09	1.78e-05	8.01e-03	9.92e-01
 9.39699e+22	9.56e-29	4.17e-22	4.75e-17	6.09e-13	2.66e-09	1.90e-05	8.27e-03	9.92e-01
 9.46460e+22	1.26e-28	5.26e-22	5.76e-17	7.09e-13	2.97e-09	2.06e-05	8.62e-03	9.91e-01
 9.53159e+22	1.58e-28	6.37e-22	6.73e-17	8.02e-13	3.25e-09	2.20e-05	8.93e-03	9.91e-01
 9.58737e+22	1.95e-28	7.60e-22	7.78e-17	8.99e-13	3.53e-09	2.34e-05	9.22e-03	9.91e-01
 9.64945e+22	2.49e-28	9.35e-22	9.22e-17	1.03e-12	3.90e-09	2.51e-05	9.57e-03	9.90e-01
 9.71554e+22	3.19e-28	1.15e-21	1.09e-16	1.17e-12	4.29e-09	2.69e-05	9.94e-03	9.90e-01
 9.77431e+22	3.95e-28	1.38e-21	1.26e-16	1.32e-12	4.67e-09	2.86e-05	1.03e-02	9.90e-01
 9.83817e+22	5.18e-28	1.73e-21	1.52e-16	1.52e-12	5.18e-09	3.09e-05	1.07e-02	9.89e-01
 9.90173e+22	6.52e-28	2.09e-21	1.77e-16	1.72e-12	5.64e-09	3.29e-05	1.11e-02	9.89e-01
 9.95462e+22	7.97e-28	2.47e-21	2.04e-16	1.91e-12	6.09e-09	3.49e-05	1.14e-02	9.89e-01
 1.00131e+23	1.02e-27	3.04e-21	2.41e-16	2.18e-12	6.68e-09	3.74e-05	1.19e-02	9.88e-01
 1.00749e+23	1.29e-27	3.70e-21	2.82e-16	2.46e-12	7.29e-09	3.99e-05	1.23e-02	9.88e-01
 1.01305e+23	1.61e-27	4.45e-21	3.27e-16	2.76e-12	7.89e-09	4.24e-05	1.27e-02	9.87e-01
 1.01923e+23	2.12e-27	5.59e-21	3.93e-16	3.18e-12	8.72e-09	4.58e-05	1.33e-02	9.87e-01
 1.02537e+23	2.66e-27	6.75e-21	4.58e-16	3.58e-12	9.46e-09	4.88e-05	1.37e-02	9.86e-01
 1.03052e+23	3.27e-27	8.01e-21	5.26e-16	3.98e-12	1.02e-08	5.16e-05	1.42e-02	9.86e-01
 1.03631e+23	4.25e-27	9.97e-21	6.27e-16	4.56e-12	1.12e-08	5.55e-05	1.48e-02	9.85e-01
 1.04224e+23	5.36e-27	1.21e-20	7.31e-16	5.13e-12	1.21e-08	5.91e-05	1.53e-02	9.85e-01
 1.04744e+23	6.62e-27	1.44e-20	8.43e-16	5.72e-12	1.31e-08	6.27e-05	1.58e-02	9.84e-01
 1.05326e+23	8.68e-27	1.80e-20	1.01e-15	6.56e-12	1.44e-08	6.75e-05	1.65e-02	9.83e-01
 1.05906e+23	1.09e-26	2.18e-20	1.17e-15	7.36e-12	1.55e-08	7.18e-05	1.70e-02	9.83e-01
 1.06397e+23	1.33e-26	2.57e-20	1.34e-15	8.16e-12	1.67e-08	7.59e-05	1.76e-02	9.82e-01
 1.06947e+23	1.74e-26	3.21e-20	1.60e-15	9.33e-12	1.83e-08	8.16e-05	1.83e-02	9.82e-01
 1.07516e+23	2.19e-26	3.89e-20	1.87e-15	1.05e-11	1.98e-08	8.69e-05	1.89e-02	9.81e-01
 1.08020e+23	2.73e-26	4.66e-20	2.16e-15	1.17e-11	2.13e-08	9.22e-05	1.96e-02	9.80e-01
 1.08583e+23	3.58e-26	5.84e-20	2.59e-15	1.35e-11	2.34e-08	9.93e-05	2.04e-02	9.80e-01
 1.09160e+23	4.56e-26	7.13e-20	3.04e-15	1.52e-11	2.54e-08	1.06e-04	2.11e-02	9.79e-01
 1.09667e+23	5.74e-26	8.64e-20	3.54e-15	1.71e-11	2.74e-08	1.13e-04	2.19e-02	9.78e-01
 1.10155e+23	7.16e-26	1.04e-19	4.10e-15	1.91e-11	2.96e-08	1.20e-04	2.26e-02	9.77e-01
 1.10709e+23	9.42e-26	1.30e-19	4.93e-15	2.19e-11	3.25e-08	1.29e-04	2.35e-02	9.76e-01
 1.11283e+23	1.21e-25	1.60e-19	5.81e-15	2.48e-11	3.53e-08	1.38e-04	2.44e-02	9.75e-01
 1.11798e+23	1.54e-25	1.95e-19	6.81e-15	2.80e-11	3.83e-08	1.47e-04	2.53e-02	9.75e-01
 1.12382e+23	2.07e-25	2.51e-19	8.33e-15	3.27e-11	4.25e-08	1.60e-04	2.64e-02	9.73e-01
 1.12961e+23	2.67e-25	3.09e-19	9.85e-15	3.71e-11	4.62e-08	1.71e-04	2.74e-02	9.72e-01
 1.13436e+23	3.33e-25	3.71e-19	1.14e-14	4.15e-11	4.98e-08	1.81e-04	2.83e-02	9.72e-01
 1.13952e+23	4.40e-25	4.68e-19	1.38e-14	4.78e-11	5.48e-08	1.95e-04	2.94e-02	9.70e-01
 1.14485e+23	5.65e-25	5.76e-19	1.62e-14	5.42e-11	5.96e-08	2.08e-04	3.05e-02	9.69e-01
 1.14923e+23	6.92e-25	6.82e-19	1.86e-14	6.01e-11	6.39e-08	2.20e-04	3.14e-02	9.68e-01
 1.15376e+23	8.94e-25	8.43e-19	2.21e-14	6.85e-11	6.97e-08	2.35e-04	3.25e-02	9.67e-01
 1.15810e+23	1.09e-24	9.91e-19	2.51e-14	7.56e-11	7.44e-08	2.47e-04	3.34e-02	9.66e-01
 1.16159e+23	1.31e-24	1.16e-18	2.86e-14	8.33e-11	7.93e-08	2.60e-04	3.43e-02	9.65e-01
 1.16501e+23	1.57e-24	1.35e-18	3.23e-14	9.14e-11	8.44e-08	2.73e-04	3.52e-02	9.65e-01
 1.16835e+23	1.87e-24	1.56e-18	3.62e-14	9.97e-11	8.95e-08	2.85e-04	3.60e-02	9.64e-01
 1.17213e+23	2.36e-24	1.89e-18	4.23e-14	1.12e-10	9.68e-08	3.03e-04	3.72e-02	9.63e-01
 1.17589e+23	2.83e-24	2.20e-18	4.79e-14	1.23e-10	1.03e-07	3.17e-04	3.81e-02	9.62e-01
 1.17899e+23	3.38e-24	2.55e-18	5.40e-14	1.35e-10	1.09e-07	3.32e-04	3.90e-02	9.61e-01
 1.18190e+23	3.99e-24	2.93e-18	6.04e-14	1.47e-10	1.16e-07	3.47e-04	3.99e-02	9.60e-01
 1.18518e+23	4.91e-24	3.49e-18	6.95e-14	1.64e-10	1.24e-07	3.65e-04	4.10e-02	9.59e-01
 1.18858e+23	5.88e-24	4.06e-18	7.85e-14	1.80e-10	1.32e-07	3.83e-04	4.19e-02	9.58e-01
 1.19165e+23	7.02e-24	4.71e-18	8.85e-14	1.97e-10	1.41e-07	4.00e-04	4.29e-02	9.57e-01
 1.19516e+23	9.00e-24	5.79e-18	1.05e-13	2.24e-10	1.53e-07	4.26e-04	4.43e-02	9.55e-01
 1.19843e+23	1.06e-23	6.67e-18	1.17e-13	2.44e-10	1.62e-07	4.44e-04	4.53e-02	9.54e-01
 1.20136e+23	1.31e-23	7.95e-18	1.35e-13	2.72e-10	1.74e-07	4.68e-04	4.65e-02	9.53e-01
 1.20437e+23	1.57e-23	9.23e-18	1.53e-13	2.98e-10	1.85e-07	4.89e-04	4.75e-02	9.52e-01
 1.20703e+23	1.85e-23	1.06e-17	1.71e-13	3.26e-10	1.97e-07	5.10e-04	4.85e-02	9.51e-01
 1.21006e+23	2.35e-23	1.30e-17	2.02e-13	3.68e-10	2.13e-07	5.40e-04	4.99e-02	9.50e-01
 1.21308e+23	2.83e-23	1.52e-17	2.29e-13	4.05e-10	2.28e-07	5.65e-04	5.11e-02	9.48e-01
 1.21607e+23	3.59e-23	1.85e-17	2.69e-13	4.59e-10	2.47e-07	5.98e-04	5.26e-02	9.47e-01
 1.21910e+23	4.37e-23	2.19e-17	3.08e-13	5.09e-10	2.65e-07	6.27e-04	5.38e-02	9.46e-01
 1.22178e+23	5.34e-23	2.59e-17	3.54e-13	5.65e-10	2.84e-07	6.57e-04	5.51e-02	9.44e-01
 1.22485e+23	7.00e-23	3.25e-17	4.26e-13	6.51e-10	3.12e-07	7.01e-04	5.69e-02	9.42e-01
 1.22779e+23	8.37e-23	3.78e-17	4.82e-13	7.16e-10	3.32e-07	7.31e-04	5.81e-02	9.41e-01
 1.23056e+23	1.09e-22	4.72e-17	5.78e-13	8.21e-10	3.64e-07	7.77e-04	5.98e-02	9.39e-01
 1.23335e+23	1.31e-22	5.51e-17	6.56e-13	9.05e-10	3.88e-07	8.11e-04	6.11e-02	9.38e-01
 1.23617e+23	1.73e-22	7.01e-17	7.97e-13	1.05e-09	4.28e-07	8.65e-04	6.30e-02	9.36e-01
 1.23889e+23	2.09e-22	8.20e-17	9.08e-13	1.16e-09	4.57e-07	9.04e-04	6.44e-02	9.35e-01
 1.24148e+23	2.73e-22	1.03e-16	1.09e-12	1.33e-09	5.02e-07	9.60e-04	6.63e-02	9.33e-01
 1.24412e+23	3.32e-22	1.22e-16	1.25e-12	1.48e-09	5.38e-07	1.00e-03	6.78e-02	9.31e-01
 1.24681e+23	4.44e-22	1.55e-16	1.53e-12	1.73e-09	5.96e-07	1.07e-03	6.99e-02	9.29e-01
 1.24949e+23	5.47e-22	1.86e-16	1.77e-12	1.93e-09	6.42e-07	1.12e-03	7.15e-02	9.27e-01
 1.25218e+23	7.31e-22	2.38e-16	2.17e-12	2.25e-09	7.11e-07	1.20e-03	7.38e-02	9.25e-01
 1.25491e+23	9.24e-22	2.90e-16	2.56e-12	2.55e-09	7.72e-07	1.26e-03	7.56e-02	9.23e-01
 1.25730e+23	1.16e-21	3.52e-16	3.00e-12	2.88e-09	8.37e-07	1.33e-03	7.75e-02	9.21e-01
 1.26000e+23	1.57e-21	4.55e-16	3.70e-12	3.38e-09	9.32e-07	1.42e-03	8.00e-02	9.19e-01
 1.26271e+23	1.99e-21	5.56e-16	4.37e-12	3.83e-09	1.01e-06	1.50e-03	8.20e-02	9.17e-01
 1.26544e+23	2.71e-21	7.25e-16	5.43e-12	4.52e-09	1.13e-06	1.60e-03	8.47e-02	9.14e-01
 1.26821e+23	3.48e-21	8.97e-16	6.47e-12	5.17e-09	1.24e-06	1.70e-03	8.69e-02	9.11e-01
 1.27103e+23	4.83e-21	1.19e-15	8.15e-12	6.16e-09	1.39e-06	1.82e-03	9.00e-02	9.08e-01
 1.27387e+23	6.21e-21	1.47e-15	9.73e-12	7.05e-09	1.52e-06	1.93e-03	9.23e-02	9.06e-01
 1.27671e+23	8.67e-21	1.96e-15	1.23e-11	8.44e-09	1.72e-06	2.07e-03	9.56e-02	9.02e-01
 1.27949e+23	1.10e-20	2.39e-15	1.45e-11	9.57e-09	1.87e-06	2.19e-03	9.79e-02	9.00e-01
 1.28217e+23	1.51e-20	3.14e-15	1.82e-11	1.14e-08	2.10e-06	2.35e-03	1.01e-01	8.96e-01
 1.28488e+23	1.90e-20	3.82e-15	2.14e-11	1.29e-08	2.28e-06	2.47e-03	1.04e-01	8.94e-01
 1.28761e+23	2.59e-20	4.98e-15	2.66e-11	1.52e-08	2.55e-06	2.65e-03	1.07e-01	8.90e-01
 1.29042e+23	3.30e-20	6.14e-15	3.16e-11	1.73e-08	2.79e-06	2.80e-03	1.10e-01	8.87e-01
 1.29332e+23	4.56e-20	8.10e-15	3.98e-11	2.07e-08	3.13e-06	3.01e-03	1.14e-01	8.83e-01
 1.29626e+23	5.80e-20	9.95e-15	4.72e-11	2.35e-08	3.42e-06	3.18e-03	1.16e-01	8.80e-01
 1.29927e+23	7.98e-20	1.31e-14	5.92e-11	2.80e-08	3.85e-06	3.41e-03	1.20e-01	8.76e-01
 1.30236e+23	1.02e-19	1.62e-14	7.05e-11	3.21e-08	4.22e-06	3.61e-03	1.24e-01	8.73e-01
 1.30555e+23	1.41e-19	2.13e-14	8.86e-11	3.82e-08	4.76e-06	3.89e-03	1.28e-01	8.68e-01
 1.30880e+23	1.81e-19	2.63e-14	1.06e-10	4.38e-08	5.22e-06	4.12e-03	1.31e-01	8.65e-01
 1.31212e+23	2.48e-19	3.46e-14	1.33e-10	5.21e-08	5.88e-06	4.44e-03	1.36e-01	8.60e-01
 1.31547e+23	3.16e-19	4.25e-14	1.58e-10	5.95e-08	6.44e-06	4.70e-03	1.39e-01	8.56e-01
 1.31884e+23	4.31e-19	5.56e-14	1.97e-10	7.07e-08	7.25e-06	5.06e-03	1.44e-01	8.51e-01
 1.32211e+23	5.30e-19	6.64e-14	2.28e-10	7.92e-08	7.84e-06	5.31e-03	1.47e-01	8.47e-01
 1.32524e+23	6.99e-19	8.42e-14	2.78e-10	9.23e-08	8.72e-06	5.67e-03	1.52e-01	8.43e-01
 1.32844e+23	8.64e-19	1.01e-13	3.23e-10	1.04e-07	9.46e-06	5.97e-03	1.55e-01	8.39e-01
 1.33176e+23	1.15e-18	1.29e-13	3.97e-10	1.22e-07	1.06e-05	6.39e-03	1.60e-01	8.33e-01
 1.33511e+23	1.41e-18	1.54e-13	4.60e-10	1.37e-07	1.14e-05	6.72e-03	1.64e-01	8.29e-01
 1.33852e+23	1.85e-18	1.95e-13	5.59e-10	1.59e-07	1.27e-05	7.18e-03	1.69e-01	8.24e-01
 1.34191e+23	2.27e-18	2.32e-13	6.47e-10	1.78e-07	1.38e-05	7.55e-03	1.72e-01	8.20e-01
 1.34525e+23	2.96e-18	2.92e-13	7.84e-10	2.07e-07	1.53e-05	8.05e-03	1.78e-01	8.14e-01
 1.34864e+23	3.58e-18	3.43e-13	8.99e-10	2.30e-07	1.65e-05	8.44e-03	1.81e-01	8.10e-01
 1.35206e+23	4.65e-18	4.30e-13	1.09e-09	2.67e-07	1.83e-05	9.00e-03	1.86e-01	8.05e-01
 1.35556e+23	5.65e-18	5.09e-13	1.25e-09	2.98e-07	1.97e-05	9.45e-03	1.90e-01	8.00e-01
 1.35913e+23	7.35e-18	6.37e-13	1.51e-09	3.46e-07	2.19e-05	1.01e-02	1.96e-01	7.94e-01
 1.36278e+23	8.93e-18	7.55e-13	1.74e-09	3.86e-07	2.37e-05	1.06e-02	2.00e-01	7.89e-01
 1.36651e+23	1.16e-17	9.47e-13	2.10e-09	4.49e-07	2.63e-05	1.13e-02	2.06e-01	7.83e-01
 1.37030e+23	1.42e-17	1.12e-12	2.42e-09	5.02e-07	2.85e-05	1.19e-02	2.10e-01	7.78e-01
 1.37419e+23	1.84e-17	1.41e-12	2.93e-09	5.84e-07	3.17e-05	1.27e-02	2.16e-01	7.71e-01
 1.37800e+23	2.19e-17	1.63e-12	3.32e-09	6.44e-07	3.40e-05	1.33e-02	2.21e-01	7.66e-01
 1.38168e+23	2.81e-17	2.03e-12	3.99e-09	7.43e-07	3.76e-05	1.41e-02	2.26e-01	7.59e-01
 1.38543e+23	3.34e-17	2.35e-12	4.52e-09	8.21e-07	4.04e-05	1.48e-02	2.31e-01	7.54e-01
 1.38925e+23	4.25e-17	2.89e-12	5.38e-09	9.42e-07	4.45e-05	1.57e-02	2.37e-01	7.48e-01
 1.39319e+23	5.15e-17	3.42e-12	6.18e-09	1.05e-06	4.82e-05	1.65e-02	2.42e-01	7.42e-01
 1.39729e+23	6.54e-17	4.20e-12	7.36e-09	1.21e-06	5.32e-05	1.75e-02	2.48e-01	7.35e-01
 1.40152e+23	8.02e-17	5.01e-12	8.53e-09	1.36e-06	5.78e-05	1.85e-02	2.53e-01	7.28e-01
 1.40592e+23	1.03e-16	6.20e-12	1.02e-08	1.57e-06	6.40e-05	1.97e-02	2.60e-01	7.20e-01
 1.41045e+23	1.26e-16	7.42e-12	1.19e-08	1.77e-06	6.98e-05	2.07e-02	2.66e-01	7.14e-01
 1.41513e+23	1.63e-16	9.25e-12	1.43e-08	2.05e-06	7.75e-05	2.21e-02	2.73e-01	7.05e-01
 1.41997e+23	2.02e-16	1.12e-11	1.67e-08	2.32e-06	8.48e-05	2.34e-02	2.79e-01	6.98e-01
 1.42501e+23	2.64e-16	1.40e-11	2.03e-08	2.71e-06	9.46e-05	2.50e-02	2.86e-01	6.89e-01
 1.43019e+23	3.30e-16	1.70e-11	2.39e-08	3.08e-06	1.04e-04	2.65e-02	2.93e-01	6.81e-01
 1.43483e+23	4.07e-16	2.04e-11	2.78e-08	3.48e-06	1.13e-04	2.80e-02	2.99e-01	6.73e-01
 1.44017e+23	5.42e-16	2.61e-11	3.43e-08	4.11e-06	1.28e-04	3.01e-02	3.08e-01	6.62e-01
 1.44554e+23	6.68e-16	3.13e-11	3.99e-08	4.64e-06	1.39e-04	3.17e-02	3.14e-01	6.54e-01
 1.45096e+23	8.85e-16	3.99e-11	4.89e-08	5.46e-06	1.56e-04	3.40e-02	3.22e-01	6.43e-01
 1.45650e+23	1.11e-15	4.85e-11	5.77e-08	6.23e-06	1.72e-04	3.60e-02	3.29e-01	6.34e-01
 1.46218e+23	1.48e-15	6.23e-11	7.12e-08	7.37e-06	1.94e-04	3.88e-02	3.38e-01	6.23e-01
 1.46796e+23	1.87e-15	7.63e-11	8.45e-08	8.44e-06	2.13e-04	4.11e-02	3.46e-01	6.13e-01
 1.47385e+23	2.54e-15	9.93e-11	1.06e-07	1.01e-05	2.42e-04	4.44e-02	3.55e-01	6.00e-01
 1.47977e+23	3.20e-15	1.21e-10	1.25e-07	1.15e-05	2.67e-04	4.70e-02	3.63e-01	5.90e-01
 1.48468e+23	3.95e-15	1.46e-10	1.46e-07	1.31e-05	2.91e-04	4.96e-02	3.69e-01	5.81e-01
 1.49002e+23	5.23e-15	1.85e-10	1.79e-07	1.54e-05	3.28e-04	5.31e-02	3.78e-01	5.68e-01
 1.49534e+23	6.42e-15	2.22e-10	2.08e-07	1.74e-05	3.57e-04	5.59e-02	3.85e-01	5.59e-01
 1.50064e+23	8.48e-15	2.82e-10	2.55e-07	2.05e-05	4.01e-04	5.99e-02	3.93e-01	5.46e-01
 1.50601e+23	1.05e-14	3.39e-10	2.98e-07	2.32e-05	4.39e-04	6.32e-02	4.00e-01	5.36e-01
 1.51147e+23	1.40e-14	4.35e-10	3.69e-07	2.75e-05	4.96e-04	6.79e-02	4.09e-01	5.22e-01
 1.51700e+23	1.74e-14	5.26e-10	4.33e-07	3.13e-05	5.44e-04	7.16e-02	4.16e-01	5.12e-01
 1.52262e+23	2.32e-14	6.77e-10	5.37e-07	3.73e-05	6.17e-04	7.70e-02	4.25e-01	4.97e-01
 1.52835e+23	2.92e-14	8.27e-10	6.38e-07	4.29e-05	6.81e-04	8.16e-02	4.32e-01	4.86e-01
 1.53422e+23	3.95e-14	1.08e-09	7.99e-07	5.16e-05	7.77e-04	8.79e-02	4.41e-01	4.70e-01
 1.54021e+23	5.01e-14	1.33e-09	9.56e-07	5.97e-05	8.63e-04	9.34e-02	4.48e-01	4.57e-01
 1.54635e+23	6.82e-14	1.74e-09	1.21e-06	7.24e-05	9.91e-04	1.01e-01	4.57e-01	4.41e-01
 1.55254e+23	8.65e-14	2.14e-09	1.45e-06	8.41e-05	1.10e-03	1.07e-01	4.64e-01	4.27e-01
 1.55774e+23	1.07e-13	2.59e-09	1.71e-06	9.64e-05	1.22e-03	1.13e-01	4.70e-01	4.15e-01
 1.56336e+23	1.40e-13	3.28e-09	2.10e-06	1.15e-04	1.38e-03	1.21e-01	4.77e-01	4.00e-01
 1.56903e+23	1.74e-13	3.96e-09	2.48e-06	1.32e-04	1.53e-03	1.28e-01	4.83e-01	3.87e-01
 1.57460e+23	2.23e-13	4.95e-09	3.01e-06	1.56e-04	1.72e-03	1.37e-01	4.89e-01	3.72e-01
 1.58027e+23	2.76e-13	5.98e-09	3.56e-06	1.79e-04	1.91e-03	1.45e-01	4.94e-01	3.59e-01
 1.58582e+23	3.47e-13	7.35e-09	4.28e-06	2.10e-04	2.14e-03	1.54e-01	4.99e-01	3.45e-01
 1.59149e+23	4.28e-13	8.88e-09	5.07e-06	2.43e-04	2.39e-03	1.63e-01	5.03e-01	3.31e-01
 1.59709e+23	5.29e-13	1.07e-08	6.02e-06	2.82e-04	2.66e-03	1.73e-01	5.07e-01	3.18e-01
 1.60273e+23	6.46e-13	1.29e-08	7.11e-06	3.27e-04	2.96e-03	1.83e-01	5.10e-01	3.04e-01
 1.60830e+23	7.84e-13	1.54e-08	8.35e-06	3.77e-04	3.29e-03	1.93e-01	5.12e-01	2.91e-01
 1.61386e+23	9.45e-13	1.82e-08	9.77e-06	4.33e-04	3.65e-03	2.04e-01	5.14e-01	2.78e-01
 1.61943e+23	1.13e-12	2.16e-08	1.14e-05	4.97e-04	4.05e-03	2.14e-01	5.15e-01	2.66e-01
 1.62502e+23	1.35e-12	2.53e-08	1.33e-05	5.70e-04	4.48e-03	2.26e-01	5.16e-01	2.54e-01
 1.63064e+23	1.60e-12	2.97e-08	1.54e-05	6.52e-04	4.96e-03	2.37e-01	5.16e-01	2.41e-01
 1.63632e+23	1.88e-12	3.46e-08	1.78e-05	7.44e-04	5.48e-03	2.49e-01	5.15e-01	2.30e-01
 1.64206e+23	2.21e-12	4.03e-08	2.05e-05	8.49e-04	6.06e-03	2.61e-01	5.14e-01	2.18e-01
 1.64783e+23	2.57e-12	4.66e-08	2.36e-05	9.65e-04	6.67e-03	2.73e-01	5.12e-01	2.07e-01
 1.65370e+23	2.99e-12	5.38e-08	2.71e-05	1.10e-03	7.37e-03	2.86e-01	5.10e-01	1.96e-01
 1.65963e+23	3.53e-12	6.19e-08	3.10e-05	1.24e-03	8.10e-03	2.99e-01	5.06e-01	1.85e-01
 1.66568e+23	4.09e-12	7.12e-08	3.56e-05	1.42e-03	8.94e-03	3.13e-01	5.03e-01	1.74e-01
 1.67130e+23	4.60e-12	7.96e-08	3.97e-05	1.57e-03	9.67e-03	3.24e-01	4.99e-01	1.66e-01
 1.67709e+23	5.30e-12	9.15e-08	4.55e-05	1.78e-03	1.07e-02	3.38e-01	4.94e-01	1.56e-01
 1.68297e+23	5.93e-12	1.02e-07	5.07e-05	1.97e-03	1.15e-02	3.50e-01	4.89e-01	1.48e-01
 1.68900e+23	6.81e-12	1.17e-07	5.81e-05	2.24e-03	1.28e-02	3.65e-01	4.82e-01	1.38e-01
 1.69506e+23	7.60e-12	1.30e-07	6.45e-05	2.47e-03	1.37e-02	3.76e-01	4.77e-01	1.31e-01
 1.70117e+23	8.67e-12	1.48e-07	7.36e-05	2.80e-03	1.51e-02	3.91e-01	4.69e-01	1.22e-01
 1.70731e+23	9.62e-12	1.64e-07	8.14e-05	3.07e-03	1.63e-02	4.03e-01	4.63e-01	1.15e-01
 1.71350e+23	1.09e-11	1.86e-07	9.25e-05	3.46e-03	1.78e-02	4.18e-01	4.54e-01	1.07e-01
 1.71974e+23	1.21e-11	2.05e-07	1.02e-04	3.79e-03	1.91e-02	4.29e-01	4.47e-01	1.01e-01
 1.72605e+23	1.37e-11	2.32e-07	1.16e-04	4.26e-03	2.10e-02	4.44e-01	4.37e-01	9.37e-02
 1.73244e+23	1.51e-11	2.56e-07	1.28e-04	4.66e-03	2.25e-02	4.55e-01	4.29e-01	8.82e-02
 1.73893e+23	1.70e-11	2.90e-07	1.45e-04	5.23e-03	2.46e-02	4.70e-01	4.19e-01	8.14e-02
 1.74553e+23	1.88e-11	3.20e-07	1.60e-04	5.71e-03	2.63e-02	4.81e-01	4.11e-01	7.63e-02
 1.75226e+23	2.13e-11	3.61e-07	1.81e-04	6.40e-03	2.87e-02	4.95e-01	3.99e-01	7.01e-02
 1.75914e+23	2.35e-11	4.00e-07	2.00e-04	7.00e-03	3.08e-02	5.06e-01	3.90e-01	6.55e-02
 1.76620e+23	2.66e-11	4.53e-07	2.28e-04	7.84e-03	3.36e-02	5.21e-01	3.78e-01	5.98e-02
 1.77344e+23	2.97e-11	5.03e-07	2.53e-04	8.59e-03	3.60e-02	5.32e-01	3.68e-01	5.56e-02
 1.78092e+23	3.36e-11	5.72e-07	2.88e-04	9.64e-03	3.94e-02	5.46e-01	3.55e-01	5.04e-02
 1.78795e+23	3.70e-11	6.27e-07	3.15e-04	1.04e-02	4.16e-02	5.54e-01	3.46e-01	4.73e-02
 1.79440e+23	4.14e-11	7.02e-07	3.53e-04	1.14e-02	4.48e-02	5.65e-01	3.35e-01	4.34e-02
 1.80081e+23	4.53e-11	7.66e-07	3.85e-04	1.23e-02	4.72e-02	5.73e-01	3.27e-01	4.08e-02
 1.80714e+23	5.01e-11	8.50e-07	4.29e-04	1.35e-02	5.07e-02	5.83e-01	3.15e-01	3.74e-02
 1.81352e+23	5.50e-11	9.31e-07	4.68e-04	1.44e-02	5.33e-02	5.90e-01	3.07e-01	3.50e-02
 1.81994e+23	6.13e-11	1.04e-06	5.22e-04	1.58e-02	5.70e-02	5.99e-01	2.96e-01	3.21e-02
 1.82648e+23	6.76e-11	1.14e-06	5.71e-04	1.69e-02	6.00e-02	6.05e-01	2.88e-01	3.00e-02
 1.83317e+23	7.56e-11	1.27e-06	6.40e-04	1.85e-02	6.42e-02	6.13e-01	2.76e-01	2.73e-02
 1.83995e+23	8.37e-11	1.40e-06	7.02e-04	1.99e-02	6.75e-02	6.19e-01	2.68e-01	2.54e-02
 1.84685e+23	9.40e-11	1.58e-06	7.88e-04	2.18e-02	7.22e-02	6.26e-01	2.56e-01	2.31e-02
 1.85389e+23	1.05e-10	1.75e-06	8.67e-04	2.34e-02	7.59e-02	6.31e-01	2.48e-01	2.14e-02
 1.86110e+23	1.18e-10	1.97e-06	9.79e-04	2.56e-02	8.11e-02	6.37e-01	2.36e-01	1.93e-02
 1.86847e+23	1.33e-10	2.20e-06	1.08e-03	2.76e-02	8.53e-02	6.41e-01	2.28e-01	1.78e-02
 1.87604e+23	1.51e-10	2.49e-06	1.23e-03	3.02e-02	9.12e-02	6.45e-01	2.16e-01	1.59e-02
 1.88379e+23	1.71e-10	2.79e-06	1.36e-03	3.26e-02	9.59e-02	6.48e-01	2.07e-01	1.46e-02
 1.89176e+23	1.97e-10	3.21e-06	1.56e-03	3.58e-02	1.02e-01	6.51e-01	1.96e-01	1.30e-02
 1.89982e+23	2.24e-10	3.60e-06	1.73e-03	3.86e-02	1.08e-01	6.53e-01	1.88e-01	1.19e-02
 1.90800e+23	2.59e-10	4.15e-06	1.98e-03	4.24e-02	1.15e-01	6.54e-01	1.76e-01	1.05e-02
 1.91628e+23	2.96e-10	4.69e-06	2.21e-03	4.57e-02	1.20e-01	6.54e-01	1.68e-01	9.57e-03
 1.92467e+23	3.46e-10	5.43e-06	2.53e-03	5.02e-02	1.28e-01	6.53e-01	1.58e-01	8.42e-03
 1.93287e+23	3.92e-10	6.08e-06	2.81e-03	5.37e-02	1.34e-01	6.52e-01	1.51e-01	7.69e-03
 1.94082e+23	4.58e-10	7.02e-06	3.20e-03	5.86e-02	1.41e-01	6.49e-01	1.41e-01	6.82e-03
 1.94915e+23	5.25e-10	7.95e-06	3.57e-03	6.30e-02	1.48e-01	6.46e-01	1.34e-01	6.14e-03
 1.95618e+23	5.89e-10	8.82e-06	3.92e-03	6.70e-02	1.53e-01	6.43e-01	1.28e-01	5.62e-03
 1.96354e+23	6.82e-10	1.01e-05	4.41e-03	7.22e-02	1.60e-01	6.38e-01	1.20e-01	5.02e-03
 1.97113e+23	7.71e-10	1.12e-05	4.87e-03	7.70e-02	1.67e-01	6.33e-01	1.14e-01	4.55e-03
 1.97791e+23	8.72e-10	1.26e-05	5.36e-03	8.18e-02	1.72e-01	6.28e-01	1.08e-01	4.14e-03
 1.98561e+23	1.02e-09	1.44e-05	6.04e-03	8.81e-02	1.80e-01	6.21e-01	1.01e-01	3.68e-03
 1.99365e+23	1.17e-09	1.63e-05	6.72e-03	9.42e-02	1.87e-01	6.14e-01	9.54e-02	3.30e-03
 2.00089e+23	1.33e-09	1.83e-05	7.43e-03	1.00e-01	1.93e-01	6.06e-01	9.01e-02	2.97e-03
 2.00908e+23	1.58e-09	2.12e-05	8.41e-03	1.08e-01	2.01e-01	5.96e-01	8.36e-02	2.61e-03
 2.01759e+23	1.83e-09	2.41e-05	9.39e-03	1.15e-01	2.08e-01	5.87e-01	7.81e-02	2.32e-03
 2.02522e+23	2.10e-09	2.73e-05	1.04e-02	1.23e-01	2.15e-01	5.77e-01	7.32e-02	2.07e-03
 2.03384e+23	2.52e-09	3.18e-05	1.18e-02	1.32e-01	2.23e-01	5.64e-01	6.74e-02	1.79e-03
 2.04275e+23	2.94e-09	3.64e-05	1.32e-02	1.41e-01	2.30e-01	5.52e-01	6.24e-02	1.58e-03
 2.05071e+23	3.41e-09	4.13e-05	1.47e-02	1.50e-01	2.36e-01	5.40e-01	5.81e-02	1.40e-03
 2.05971e+23	4.11e-09	4.85e-05	1.67e-02	1.61e-01	2.44e-01	5.24e-01	5.29e-02	1.20e-03
 2.06905e+23	4.84e-09	5.58e-05	1.87e-02	1.72e-01	2.51e-01	5.09e-01	4.85e-02	1.04e-03
 2.07742e+23	5.67e-09	6.37e-05	2.08e-02	1.82e-01	2.56e-01	4.95e-01	4.48e-02	9.08e-04
 2.08691e+23	6.94e-09	7.55e-05	2.38e-02	1.96e-01	2.63e-01	4.76e-01	4.02e-02	7.63e-04
 2.09671e+23	8.16e-09	8.72e-05	2.66e-02	2.08e-01	2.69e-01	4.59e-01	3.66e-02	6.55e-04
 2.10557e+23	9.65e-09	1.00e-04	2.97e-02	2.20e-01	2.74e-01	4.43e-01	3.33e-02	5.64e-04
 2.11573e+23	1.20e-08	1.20e-04	3.41e-02	2.36e-01	2.80e-01	4.21e-01	2.94e-02	4.63e-04
 2.12597e+23	1.43e-08	1.38e-04	3.80e-02	2.49e-01	2.84e-01	4.03e-01	2.65e-02	3.93e-04
 2.13631e+23	1.79e-08	1.65e-04	4.33e-02	2.65e-01	2.87e-01	3.80e-01	2.33e-02	3.22e-04
 2.14689e+23	2.16e-08	1.92e-04	4.84e-02	2.80e-01	2.90e-01	3.61e-01	2.07e-02	2.69e-04
 2.15620e+23	2.57e-08	2.21e-04	5.36e-02	2.93e-01	2.91e-01	3.43e-01	1.85e-02	2.27e-04
 2.16673e+23	3.23e-08	2.65e-04	6.10e-02	3.11e-01	2.92e-01	3.19e-01	1.60e-02	1.81e-04
 2.17751e+23	3.90e-08	3.07e-04	6.78e-02	3.25e-01	2.93e-01	3.00e-01	1.41e-02	1.50e-04
 2.18863e+23	4.95e-08	3.70e-04	7.70e-02	3.43e-01	2.91e-01	2.77e-01	1.20e-02	1.18e-04
 2.19992e+23	6.02e-08	4.31e-04	8.54e-02	3.57e-01	2.89e-01	2.58e-01	1.04e-02	9.58e-05
 2.20993e+23	7.29e-08	5.00e-04	9.43e-02	3.71e-01	2.86e-01	2.39e-01	9.04e-03	7.79e-05
 2.22142e+23	9.33e-08	6.03e-04	1.07e-01	3.87e-01	2.81e-01	2.17e-01	7.53e-03	5.97e-05
 2.23311e+23	1.14e-07	7.01e-04	1.17e-01	4.00e-01	2.75e-01	2.00e-01	6.45e-03	4.78e-05
 2.24326e+23	1.38e-07	8.08e-04	1.28e-01	4.12e-01	2.70e-01	1.84e-01	5.56e-03	3.86e-05
 2.25296e+23	1.65e-07	9.23e-04	1.39e-01	4.22e-01	2.64e-01	1.70e-01	4.81e-03	3.14e-05
 2.26223e+23	1.96e-07	1.05e-03	1.51e-01	4.30e-01	2.57e-01	1.56e-01	4.17e-03	2.56e-05
 2.27269e+23	2.43e-07	1.23e-03	1.66e-01	4.41e-01	2.48e-01	1.41e-01	3.46e-03	1.97e-05
 2.28311e+23	2.89e-07	1.39e-03	1.78e-01	4.48e-01	2.41e-01	1.29e-01	2.98e-03	1.59e-05
 2.29350e+23	3.59e-07	1.63e-03	1.95e-01	4.55e-01	2.31e-01	1.15e-01	2.46e-03	1.22e-05
 2.30407e+23	4.28e-07	1.85e-03	2.09e-01	4.60e-01	2.22e-01	1.04e-01	2.09e-03	9.71e-06
 2.31487e+23	5.34e-07	2.16e-03	2.28e-01	4.65e-01	2.11e-01	9.22e-02	1.70e-03	7.28e-06
 2.32576e+23	6.38e-07	2.45e-03	2.43e-01	4.68e-01	2.02e-01	8.31e-02	1.43e-03	5.74e-06
 2.33676e+23	7.97e-07	2.86e-03	2.63e-01	4.70e-01	1.90e-01	7.26e-02	1.15e-03	4.24e-06
 2.34790e+23	9.55e-07	3.24e-03	2.81e-01	4.70e-01	1.81e-01	6.49e-02	9.53e-04	3.29e-06
 2.35679e+23	1.11e-06	3.59e-03	2.95e-01	4.69e-01	1.73e-01	5.90e-02	8.18e-04	2.67e-06
 2.36596e+23	1.32e-06	4.05e-03	3.13e-01	4.67e-01	1.63e-01	5.25e-02	6.78e-04	2.07e-06
 2.37539e+23	1.53e-06	4.48e-03	3.28e-01	4.65e-01	1.55e-01	4.74e-02	5.77e-04	1.66e-06
 2.38384e+23	1.77e-06	4.94e-03	3.43e-01	4.61e-01	1.47e-01	4.29e-02	4.92e-04	1.34e-06
 2.39348e+23	2.13e-06	5.59e-03	3.62e-01	4.56e-01	1.38e-01	3.77e-02	4.00e-04	1.01e-06
 2.40321e+23	2.47e-06	6.17e-03	3.78e-01	4.51e-01	1.30e-01	3.38e-02	3.37e-04	8.02e-07
 2.41168e+23	2.85e-06	6.79e-03	3.94e-01	4.46e-01	1.23e-01	3.03e-02	2.84e-04	6.38e-07
 2.42135e+23	3.41e-06	7.64e-03	4.14e-01	4.38e-01	1.14e-01	2.65e-02	2.30e-04	4.79e-07
 2.43120e+23	3.95e-06	8.42e-03	4.30e-01	4.31e-01	1.07e-01	2.36e-02	1.92e-04	3.75e-07
 2.43993e+23	4.57e-06	9.25e-03	4.46e-01	4.23e-01	1.00e-01	2.10e-02	1.60e-04	2.95e-07
 2.44992e+23	5.46e-06	1.04e-02	4.66e-01	4.13e-01	9.23e-02	1.81e-02	1.28e-04	2.18e-07
 2.46007e+23	6.33e-06	1.14e-02	4.83e-01	4.04e-01	8.60e-02	1.60e-02	1.05e-04	1.68e-07
 2.47042e+23	7.60e-06	1.29e-02	5.03e-01	3.92e-01	7.85e-02	1.37e-02	8.27e-05	0.00e+00
 2.48087e+23	8.83e-06	1.41e-02	5.20e-01	3.81e-01	7.27e-02	1.20e-02	6.75e-05	0.00e+00
 2.49144e+23	1.06e-05	1.59e-02	5.40e-01	3.68e-01	6.60e-02	1.02e-02	5.25e-05	0.00e+00
 2.50213e+23	1.24e-05	1.75e-02	5.56e-01	3.57e-01	6.07e-02	8.90e-03	4.25e-05	0.00e+00
 2.51155e+23	1.43e-05	1.92e-02	5.71e-01	3.46e-01	5.60e-02	7.78e-03	3.46e-05	0.00e+00
 2.52238e+23	1.73e-05	2.16e-02	5.91e-01	3.31e-01	5.03e-02	6.52e-03	2.64e-05	0.00e+00
 2.53339e+23	2.00e-05	2.37e-02	6.05e-01	3.19e-01	4.60e-02	5.66e-03	2.13e-05	0.00e+00
 2.54464e+23	2.43e-05	2.67e-02	6.24e-01	3.04e-01	4.10e-02	4.69e-03	1.60e-05	0.00e+00
 2.55600e+23	2.82e-05	2.93e-02	6.38e-01	2.91e-01	3.73e-02	4.04e-03	1.27e-05	0.00e+00
 2.56753e+23	3.41e-05	3.30e-02	6.55e-01	2.76e-01	3.30e-02	3.33e-03	9.46e-06	0.00e+00
 2.57928e+23	3.99e-05	3.63e-02	6.68e-01	2.63e-01	2.98e-02	2.83e-03	7.41e-06	0.00e+00
 2.58831e+23	4.46e-05	3.89e-02	6.77e-01	2.54e-01	2.76e-02	2.52e-03	6.18e-06	0.00e+00
 2.59703e+23	5.14e-05	4.23e-02	6.88e-01	2.42e-01	2.51e-02	2.17e-03	4.94e-06	0.00e+00
 2.60592e+23	5.76e-05	4.53e-02	6.97e-01	2.33e-01	2.32e-02	1.92e-03	4.09e-06	0.00e+00
 2.61501e+23	6.65e-05	4.95e-02	7.06e-01	2.21e-01	2.09e-02	1.64e-03	3.23e-06	0.00e+00
 2.62419e+23	7.47e-05	5.31e-02	7.14e-01	2.12e-01	1.92e-02	1.44e-03	2.65e-06	0.00e+00
 2.63350e+23	8.65e-05	5.80e-02	7.23e-01	2.01e-01	1.73e-02	1.22e-03	2.07e-06	0.00e+00
 2.64290e+23	9.73e-05	6.22e-02	7.29e-01	1.92e-01	1.58e-02	1.07e-03	1.69e-06	0.00e+00
 2.65243e+23	1.13e-04	6.80e-02	7.36e-01	1.81e-01	1.42e-02	9.01e-04	1.31e-06	0.00e+00
 2.66211e+23	1.27e-04	7.29e-02	7.42e-01	1.72e-01	1.29e-02	7.83e-04	1.06e-06	0.00e+00
 2.67196e+23	1.48e-04	7.98e-02	7.47e-01	1.61e-01	1.15e-02	6.55e-04	8.07e-07	0.00e+00
 2.68197e+23	1.67e-04	8.56e-02	7.51e-01	1.52e-01	1.04e-02	5.65e-04	6.46e-07	0.00e+00
 2.69221e+23	1.95e-04	9.38e-02	7.55e-01	1.42e-01	9.17e-03	4.68e-04	4.86e-07	0.00e+00
 2.70264e+23	2.21e-04	1.01e-01	7.57e-01	1.33e-01	8.25e-03	4.00e-04	3.84e-07	0.00e+00
 2.71332e+23	2.58e-04	1.10e-01	7.58e-01	1.23e-01	7.24e-03	3.28e-04	2.86e-07	0.00e+00
 2.72435e+23	2.96e-04	1.19e-01	7.59e-01	1.15e-01	6.44e-03	2.76e-04	2.20e-07	0.00e+00
 2.73581e+23	3.49e-04	1.31e-01	7.57e-01	1.05e-01	5.58e-03	2.22e-04	1.59e-07	0.00e+00
 2.74742e+23	4.01e-04	1.42e-01	7.55e-01	9.74e-02	4.93e-03	1.85e-04	0.00e+00	0.00e+00
 2.75921e+23	4.77e-04	1.57e-01	7.51e-01	8.81e-02	4.22e-03	1.46e-04	0.00e+00	0.00e+00
 2.77100e+23	5.44e-04	1.68e-01	7.46e-01	8.13e-02	3.73e-03	1.22e-04	0.00e+00	0.00e+00
 2.78278e+23	6.45e-04	1.85e-01	7.38e-01	7.30e-02	3.18e-03	9.60e-05	0.00e+00	0.00e+00
 2.79473e+23	7.39e-04	1.99e-01	7.30e-01	6.68e-02	2.80e-03	7.90e-05	0.00e+00	0.00e+00
 2.80690e+23	8.81e-04	2.20e-01	7.18e-01	5.93e-02	2.36e-03	6.11e-05	0.00e+00	0.00e+00
 2.81921e+23	1.01e-03	2.37e-01	7.07e-01	5.36e-02	2.06e-03	4.96e-05	0.00e+00	0.00e+00
 2.83171e+23	1.21e-03	2.61e-01	6.89e-01	4.69e-02	1.72e-03	3.77e-05	0.00e+00	0.00e+00
 2.84436e+23	1.40e-03	2.81e-01	6.74e-01	4.19e-02	1.48e-03	3.01e-05	0.00e+00	0.00e+00
 2.85723e+23	1.69e-03	3.10e-01	6.51e-01	3.59e-02	1.22e-03	2.23e-05	0.00e+00	0.00e+00
 2.87027e+23	1.97e-03	3.35e-01	6.31e-01	3.15e-02	1.04e-03	1.74e-05	0.00e+00	0.00e+00
 2.88351e+23	2.40e-03	3.70e-01	6.00e-01	2.63e-02	8.40e-04	1.24e-05	0.00e+00	0.00e+00
 2.89681e+23	2.80e-03	3.99e-01	5.75e-01	2.27e-02	7.09e-04	9.51e-06	0.00e+00	0.00e+00
 2.91021e+23	3.42e-03	4.40e-01	5.38e-01	1.85e-02	5.61e-04	6.56e-06	0.00e+00	0.00e+00
 2.92384e+23	4.04e-03	4.74e-01	5.06e-01	1.54e-02	4.62e-04	4.82e-06	0.00e+00	0.00e+00
 2.93778e+23	4.99e-03	5.21e-01	4.61e-01	1.20e-02	3.53e-04	3.13e-06	0.00e+00	0.00e+00
 2.95200e+23	5.98e-03	5.62e-01	4.22e-01	9.58e-03	2.79e-04	2.15e-06	0.00e+00	0.00e+00
 2.96661e+23	7.48e-03	6.15e-01	3.70e-01	7.01e-03	2.03e-04	1.29e-06	0.00e+00	0.00e+00
 2.97948e+23	8.68e-03	6.48e-01	3.37e-01	5.66e-03	1.64e-04	9.19e-07	0.00e+00	0.00e+00
 2.98868e+23	9.91e-03	6.79e-01	3.06e-01	4.59e-03	1.33e-04	6.58e-07	0.00e+00	0.00e+00
 2.99924e+23	1.17e-02	7.17e-01	2.67e-01	3.46e-03	1.00e-04	4.20e-07	0.00e+00	0.00e+00
 3.01046e+23	1.38e-02	7.52e-01	2.31e-01	2.59e-03	7.51e-05	2.66e-07	0.00e+00	0.00e+00
 3.02090e+23	1.62e-02	7.85e-01	1.97e-01	1.90e-03	5.51e-05	1.65e-07	0.00e+00	0.00e+00
 3.03281e+23	1.98e-02	8.22e-01	1.56e-01	1.25e-03	3.59e-05	0.00e+00	0.00e+00	0.00e+00
 3.04438e+23	2.38e-02	8.51e-01	1.25e-01	8.39e-04	2.38e-05	0.00e+00	0.00e+00	0.00e+00
 3.05328e+23	2.78e-02	8.71e-01	1.01e-01	5.90e-04	1.63e-05	0.00e+00	0.00e+00	0.00e+00
 3.06132e+23	3.25e-02	8.87e-01	8.04e-02	4.12e-04	1.10e-05	0.00e+00	0.00e+00	0.00e+00
 3.06909e+23	3.81e-02	8.99e-01	6.29e-02	2.84e-04	7.16e-06	0.00e+00	0.00e+00	0.00e+00
 3.07635e+23	4.49e-02	9.06e-01	4.84e-02	1.96e-04	4.55e-06	0.00e+00	0.00e+00	0.00e+00
 3.08275e+23	5.27e-02	9.10e-01	3.72e-02	1.38e-04	2.90e-06	0.00e+00	0.00e+00	0.00e+00
