#depth	O	O+	O+2	O+3	O+4	O+5	O+6	O+7	O+8	O[1]	O[2]	O[3]
 4.62852e+21	2.90e-10	5.57e-06	3.34e-03	1.05e-01	2.73e-01	2.92e-01	3.08e-01	1.87e-02	2.78e-04	2.90e-10	7.06e-19	8.67e-19
 1.03696e+22	1.36e-09	1.96e-05	8.40e-03	1.81e-01	3.31e-01	2.72e-01	1.99e-01	8.11e-03	8.13e-05	1.36e-09	3.55e-18	4.34e-18
 1.20384e+22	2.96e-09	3.59e-05	1.28e-02	2.29e-01	3.50e-01	2.51e-01	1.53e-01	5.12e-03	4.21e-05	2.96e-09	8.14e-18	9.91e-18
 1.29501e+22	4.88e-09	5.23e-05	1.66e-02	2.61e-01	3.57e-01	2.34e-01	1.27e-01	3.75e-03	2.72e-05	4.88e-09	1.39e-17	1.69e-17
 1.34539e+22	6.00e-09	6.10e-05	1.84e-02	2.75e-01	3.59e-01	2.27e-01	1.17e-01	3.28e-03	2.26e-05	6.00e-09	1.74e-17	2.11e-17
 1.37951e+22	7.85e-09	7.44e-05	2.10e-02	2.94e-01	3.60e-01	2.17e-01	1.06e-01	2.75e-03	1.77e-05	7.85e-09	2.32e-17	2.81e-17
 1.41572e+22	9.94e-09	8.85e-05	2.36e-02	3.11e-01	3.60e-01	2.07e-01	9.58e-02	2.35e-03	1.42e-05	9.94e-09	3.00e-17	3.63e-17
 1.45466e+22	1.34e-08	1.10e-04	2.72e-02	3.32e-01	3.59e-01	1.95e-01	8.44e-02	1.91e-03	1.07e-05	1.34e-08	4.16e-17	5.03e-17
 1.49418e+22	1.72e-08	1.31e-04	3.05e-02	3.49e-01	3.57e-01	1.85e-01	7.57e-02	1.61e-03	8.47e-06	1.72e-08	5.45e-17	6.59e-17
 1.52910e+22	2.18e-08	1.56e-04	3.41e-02	3.66e-01	3.54e-01	1.76e-01	6.79e-02	1.35e-03	6.70e-06	2.18e-08	7.10e-17	8.58e-17
 1.56913e+22	2.96e-08	1.94e-04	3.91e-02	3.88e-01	3.49e-01	1.63e-01	5.88e-02	1.08e-03	4.92e-06	2.96e-08	1.00e-16	1.21e-16
 1.60968e+22	3.78e-08	2.30e-04	4.36e-02	4.05e-01	3.44e-01	1.53e-01	5.22e-02	8.97e-04	3.84e-06	3.78e-08	1.31e-16	1.59e-16
 1.65093e+22	5.17e-08	2.86e-04	4.99e-02	4.27e-01	3.37e-01	1.41e-01	4.47e-02	7.04e-04	2.77e-06	5.17e-08	1.87e-16	2.26e-16
 1.69135e+22	6.50e-08	3.36e-04	5.50e-02	4.42e-01	3.30e-01	1.32e-01	3.97e-02	5.87e-04	2.17e-06	6.50e-08	2.42e-16	2.92e-16
 1.73071e+22	8.74e-08	4.12e-04	6.22e-02	4.62e-01	3.21e-01	1.20e-01	3.39e-02	4.62e-04	1.58e-06	8.74e-08	3.39e-16	4.09e-16
 1.76871e+22	1.07e-07	4.74e-04	6.77e-02	4.75e-01	3.14e-01	1.13e-01	3.03e-02	3.89e-04	1.25e-06	1.07e-07	4.28e-16	5.17e-16
 1.80495e+22	1.39e-07	5.66e-04	7.52e-02	4.90e-01	3.04e-01	1.03e-01	2.62e-02	3.12e-04	9.36e-07	1.39e-07	5.76e-16	6.94e-16
 1.84160e+22	1.73e-07	6.55e-04	8.19e-02	5.02e-01	2.96e-01	9.60e-02	2.31e-02	2.59e-04	7.31e-07	1.73e-07	7.34e-16	8.85e-16
 1.87380e+22	2.11e-07	7.51e-04	8.86e-02	5.13e-01	2.87e-01	8.92e-02	2.05e-02	2.16e-04	5.77e-07	2.11e-07	9.25e-16	1.11e-15
 1.91068e+22	2.76e-07	8.98e-04	9.81e-02	5.27e-01	2.76e-01	8.08e-02	1.75e-02	1.70e-04	4.21e-07	2.76e-07	1.25e-15	1.51e-15
 1.94828e+22	3.41e-07	1.04e-03	1.06e-01	5.37e-01	2.66e-01	7.44e-02	1.53e-02	1.40e-04	3.24e-07	3.41e-07	1.59e-15	1.92e-15
 1.98680e+22	4.43e-07	1.23e-03	1.17e-01	5.47e-01	2.54e-01	6.69e-02	1.29e-02	1.09e-04	2.35e-07	4.43e-07	2.14e-15	2.58e-15
 2.02604e+22	5.54e-07	1.43e-03	1.27e-01	5.56e-01	2.43e-01	6.10e-02	1.12e-02	8.82e-05	1.77e-07	5.54e-07	2.76e-15	3.31e-15
 2.06033e+22	6.81e-07	1.64e-03	1.37e-01	5.62e-01	2.34e-01	5.58e-02	9.76e-03	7.21e-05	1.36e-07	6.81e-07	3.48e-15	4.18e-15
 2.09318e+22	8.26e-07	1.86e-03	1.47e-01	5.68e-01	2.24e-01	5.12e-02	8.55e-03	5.94e-05	0.00e+00	8.26e-07	4.33e-15	5.20e-15
 2.12379e+22	9.89e-07	2.10e-03	1.56e-01	5.72e-01	2.15e-01	4.71e-02	7.55e-03	4.95e-05	0.00e+00	9.89e-07	5.31e-15	6.36e-15
 2.15295e+22	1.17e-06	2.34e-03	1.66e-01	5.75e-01	2.07e-01	4.35e-02	6.70e-03	4.16e-05	0.00e+00	1.17e-06	6.44e-15	7.71e-15
 2.18642e+22	1.46e-06	2.70e-03	1.78e-01	5.78e-01	1.97e-01	3.92e-02	5.73e-03	3.31e-05	0.00e+00	1.46e-06	8.25e-15	9.87e-15
 2.22038e+22	1.74e-06	3.04e-03	1.89e-01	5.79e-01	1.88e-01	3.58e-02	5.01e-03	2.73e-05	0.00e+00	1.74e-06	1.01e-14	1.21e-14
 2.25004e+22	2.07e-06	3.40e-03	2.00e-01	5.80e-01	1.79e-01	3.28e-02	4.41e-03	2.27e-05	0.00e+00	2.07e-06	1.23e-14	1.47e-14
 2.28367e+22	2.56e-06	3.91e-03	2.15e-01	5.79e-01	1.69e-01	2.94e-02	3.75e-03	1.79e-05	0.00e+00	2.56e-06	1.58e-14	1.88e-14
 2.31795e+22	3.06e-06	4.38e-03	2.27e-01	5.78e-01	1.61e-01	2.67e-02	3.26e-03	1.47e-05	0.00e+00	3.06e-06	1.93e-14	2.30e-14
 2.34828e+22	3.63e-06	4.89e-03	2.39e-01	5.76e-01	1.53e-01	2.43e-02	2.85e-03	1.21e-05	0.00e+00	3.63e-06	2.35e-14	2.80e-14
 2.38291e+22	4.49e-06	5.62e-03	2.56e-01	5.72e-01	1.43e-01	2.15e-02	2.40e-03	9.41e-06	0.00e+00	4.49e-06	3.01e-14	3.58e-14
 2.41804e+22	5.36e-06	6.29e-03	2.70e-01	5.67e-01	1.35e-01	1.94e-02	2.07e-03	7.63e-06	0.00e+00	5.36e-06	3.69e-14	4.38e-14
 2.44903e+22	6.35e-06	7.01e-03	2.84e-01	5.62e-01	1.28e-01	1.75e-02	1.80e-03	6.22e-06	0.00e+00	6.35e-06	4.49e-14	5.33e-14
 2.48454e+22	7.86e-06	8.04e-03	3.02e-01	5.55e-01	1.19e-01	1.54e-02	1.50e-03	4.79e-06	0.00e+00	7.86e-06	5.77e-14	6.84e-14
 2.52061e+22	9.36e-06	8.98e-03	3.17e-01	5.47e-01	1.11e-01	1.38e-02	1.28e-03	3.84e-06	0.00e+00	9.36e-06	7.08e-14	8.38e-14
 2.55261e+22	1.11e-05	1.00e-02	3.33e-01	5.39e-01	1.04e-01	1.23e-02	1.10e-03	3.09e-06	0.00e+00	1.11e-05	8.63e-14	1.02e-13
 2.58940e+22	1.37e-05	1.15e-02	3.53e-01	5.28e-01	9.61e-02	1.07e-02	9.07e-04	2.34e-06	0.00e+00	1.37e-05	1.11e-13	1.32e-13
 2.62678e+22	1.64e-05	1.28e-02	3.70e-01	5.18e-01	8.95e-02	9.50e-03	7.69e-04	1.85e-06	0.00e+00	1.64e-05	1.37e-13	1.62e-13
 2.66493e+22	2.02e-05	1.46e-02	3.91e-01	5.04e-01	8.19e-02	8.18e-03	6.28e-04	1.39e-06	0.00e+00	2.02e-05	1.76e-13	2.08e-13
 2.70399e+22	2.43e-05	1.64e-02	4.09e-01	4.91e-01	7.54e-02	7.15e-03	5.23e-04	1.07e-06	0.00e+00	2.43e-05	2.20e-13	2.59e-13
 2.73840e+22	2.88e-05	1.83e-02	4.27e-01	4.78e-01	6.98e-02	6.29e-03	4.41e-04	8.39e-07	0.00e+00	2.88e-05	2.69e-13	3.17e-13
 2.77730e+22	3.56e-05	2.09e-02	4.49e-01	4.61e-01	6.31e-02	5.34e-03	3.55e-04	6.16e-07	0.00e+00	3.56e-05	3.49e-13	4.10e-13
 2.81755e+22	4.26e-05	2.33e-02	4.68e-01	4.46e-01	5.77e-02	4.63e-03	2.93e-04	4.70e-07	0.00e+00	4.26e-05	4.33e-13	5.09e-13
 2.85955e+22	5.35e-05	2.69e-02	4.92e-01	4.25e-01	5.13e-02	3.84e-03	2.29e-04	3.31e-07	0.00e+00	5.35e-05	5.73e-13	6.71e-13
 2.90163e+22	6.36e-05	2.99e-02	5.11e-01	4.09e-01	4.67e-02	3.31e-03	1.88e-04	2.52e-07	0.00e+00	6.36e-05	7.11e-13	8.29e-13
 2.92457e+22	6.63e-05	3.07e-02	5.16e-01	4.05e-01	4.56e-02	3.19e-03	1.79e-04	2.35e-07	0.00e+00	6.63e-05	7.47e-13	8.71e-13
 2.93056e+22	6.70e-05	3.09e-02	5.17e-01	4.03e-01	4.53e-02	3.15e-03	1.77e-04	2.31e-07	0.00e+00	6.70e-05	7.58e-13	8.84e-13
 2.93379e+22	6.83e-05	3.12e-02	5.19e-01	4.02e-01	4.48e-02	3.10e-03	1.73e-04	2.24e-07	0.00e+00	6.83e-05	7.76e-13	9.04e-13
 2.93799e+22	6.99e-05	3.17e-02	5.21e-01	3.99e-01	4.42e-02	3.04e-03	1.69e-04	2.16e-07	0.00e+00	6.99e-05	7.98e-13	9.30e-13
 2.94345e+22	7.17e-05	3.22e-02	5.24e-01	3.97e-01	4.36e-02	2.97e-03	1.64e-04	2.07e-07	0.00e+00	7.17e-05	8.25e-13	9.60e-13
 2.95055e+22	7.45e-05	3.30e-02	5.28e-01	3.93e-01	4.27e-02	2.88e-03	1.57e-04	1.95e-07	0.00e+00	7.45e-05	8.65e-13	1.01e-12
 2.95978e+22	7.81e-05	3.40e-02	5.33e-01	3.89e-01	4.16e-02	2.76e-03	1.49e-04	1.81e-07	0.00e+00	7.81e-05	9.18e-13	1.07e-12
 2.97177e+22	8.33e-05	3.53e-02	5.39e-01	3.82e-01	4.01e-02	2.61e-03	1.38e-04	1.63e-07	0.00e+00	8.33e-05	9.94e-13	1.15e-12
 2.98737e+22	9.04e-05	3.72e-02	5.48e-01	3.74e-01	3.82e-02	2.43e-03	1.26e-04	1.43e-07	0.00e+00	9.04e-05	1.10e-12	1.28e-12
 3.00764e+22	1.00e-04	3.97e-02	5.58e-01	3.63e-01	3.59e-02	2.20e-03	1.11e-04	0.00e+00	0.00e+00	1.00e-04	1.26e-12	1.45e-12
 3.03399e+22	1.15e-04	4.32e-02	5.72e-01	3.49e-01	3.31e-02	1.94e-03	9.39e-05	0.00e+00	0.00e+00	1.15e-04	1.50e-12	1.73e-12
 3.06289e+22	1.31e-04	4.66e-02	5.85e-01	3.36e-01	3.06e-02	1.72e-03	8.06e-05	0.00e+00	0.00e+00	1.31e-04	1.76e-12	2.01e-12
 3.09509e+22	1.55e-04	5.17e-02	6.01e-01	3.19e-01	2.75e-02	1.46e-03	6.54e-05	0.00e+00	0.00e+00	1.55e-04	2.18e-12	2.48e-12
 3.12722e+22	1.75e-04	5.56e-02	6.12e-01	3.05e-01	2.53e-02	1.29e-03	5.58e-05	0.00e+00	0.00e+00	1.75e-04	2.56e-12	2.89e-12
 3.15929e+22	2.05e-04	6.13e-02	6.26e-01	2.89e-01	2.27e-02	1.10e-03	4.54e-05	0.00e+00	0.00e+00	2.05e-04	3.15e-12	3.53e-12
 3.19225e+22	2.33e-04	6.62e-02	6.37e-01	2.75e-01	2.07e-02	9.58e-04	3.82e-05	0.00e+00	0.00e+00	2.33e-04	3.73e-12	4.15e-12
 3.22639e+22	2.74e-04	7.30e-02	6.50e-01	2.58e-01	1.84e-02	8.05e-04	3.06e-05	0.00e+00	0.00e+00	2.74e-04	4.62e-12	5.10e-12
 3.26131e+22	3.12e-04	7.89e-02	6.60e-01	2.44e-01	1.66e-02	6.93e-04	2.54e-05	0.00e+00	0.00e+00	3.12e-04	5.52e-12	6.04e-12
 3.29722e+22	3.70e-04	8.73e-02	6.71e-01	2.26e-01	1.46e-02	5.72e-04	2.00e-05	0.00e+00	0.00e+00	3.70e-04	6.95e-12	7.50e-12
 3.33361e+22	4.21e-04	9.43e-02	6.79e-01	2.13e-01	1.31e-02	4.89e-04	1.64e-05	0.00e+00	0.00e+00	4.21e-04	8.32e-12	8.87e-12
 3.37060e+22	4.98e-04	1.04e-01	6.88e-01	1.96e-01	1.14e-02	4.00e-04	1.28e-05	0.00e+00	0.00e+00	4.98e-04	1.05e-11	1.10e-11
 3.40849e+22	5.70e-04	1.13e-01	6.94e-01	1.82e-01	1.02e-02	3.37e-04	1.03e-05	0.00e+00	0.00e+00	5.70e-04	1.27e-11	1.31e-11
 3.44752e+22	6.74e-04	1.24e-01	7.00e-01	1.66e-01	8.77e-03	2.72e-04	7.94e-06	0.00e+00	0.00e+00	6.74e-04	1.62e-11	1.64e-11
 3.48754e+22	7.76e-04	1.35e-01	7.04e-01	1.53e-01	7.68e-03	2.25e-04	6.30e-06	0.00e+00	0.00e+00	7.76e-04	1.98e-11	1.97e-11
 3.52881e+22	9.22e-04	1.49e-01	7.06e-01	1.38e-01	6.53e-03	1.78e-04	4.73e-06	0.00e+00	0.00e+00	9.22e-04	2.55e-11	2.48e-11
 3.57057e+22	1.06e-03	1.61e-01	7.07e-01	1.26e-01	5.68e-03	1.46e-04	3.71e-06	0.00e+00	0.00e+00	1.06e-03	3.13e-11	2.98e-11
 3.61295e+22	1.26e-03	1.77e-01	7.05e-01	1.12e-01	4.78e-03	1.13e-04	2.75e-06	0.00e+00	0.00e+00	1.26e-03	4.04e-11	3.74e-11
 3.65600e+22	1.44e-03	1.91e-01	7.02e-01	1.01e-01	4.12e-03	9.17e-05	2.13e-06	0.00e+00	0.00e+00	1.44e-03	4.95e-11	4.48e-11
 3.69993e+22	1.71e-03	2.10e-01	6.96e-01	8.88e-02	3.42e-03	7.02e-05	1.55e-06	0.00e+00	0.00e+00	1.71e-03	6.42e-11	5.64e-11
 3.74474e+22	1.97e-03	2.27e-01	6.89e-01	7.92e-02	2.91e-03	5.58e-05	1.18e-06	0.00e+00	0.00e+00	1.97e-03	7.92e-11	6.80e-11
 3.79070e+22	2.36e-03	2.50e-01	6.77e-01	6.81e-02	2.37e-03	4.13e-05	8.31e-07	0.00e+00	0.00e+00	2.36e-03	1.04e-10	8.67e-11
 3.83077e+22	2.57e-03	2.61e-01	6.71e-01	6.27e-02	2.11e-03	3.52e-05	6.88e-07	0.00e+00	0.00e+00	2.57e-03	1.19e-10	9.75e-11
 3.86317e+22	2.90e-03	2.79e-01	6.60e-01	5.61e-02	1.83e-03	2.84e-05	5.38e-07	0.00e+00	0.00e+00	2.90e-03	1.44e-10	1.15e-10
 3.90529e+22	3.39e-03	3.03e-01	6.44e-01	4.83e-02	1.51e-03	2.15e-05	3.91e-07	0.00e+00	0.00e+00	3.39e-03	1.82e-10	1.42e-10
 3.95183e+22	3.91e-03	3.26e-01	6.27e-01	4.16e-02	1.25e-03	1.63e-05	2.86e-07	0.00e+00	0.00e+00	3.91e-03	2.27e-10	1.74e-10
 4.00413e+22	4.75e-03	3.60e-01	6.01e-01	3.38e-02	9.72e-04	1.12e-05	1.88e-07	0.00e+00	0.00e+00	4.75e-03	3.06e-10	2.27e-10
 4.05681e+22	5.43e-03	3.85e-01	5.80e-01	2.88e-02	8.02e-04	8.43e-06	1.37e-07	0.00e+00	0.00e+00	5.43e-03	3.78e-10	2.74e-10
 4.10996e+22	6.57e-03	4.22e-01	5.48e-01	2.29e-02	6.18e-04	5.66e-06	0.00e+00	0.00e+00	0.00e+00	6.57e-03	5.05e-10	3.57e-10
 4.16533e+22	7.62e-03	4.53e-01	5.21e-01	1.88e-02	4.96e-04	4.04e-06	0.00e+00	0.00e+00	0.00e+00	7.62e-03	6.34e-10	4.40e-10
 4.22359e+22	9.34e-03	4.97e-01	4.79e-01	1.42e-02	3.69e-04	2.54e-06	0.00e+00	0.00e+00	0.00e+00	9.34e-03	8.61e-10	5.84e-10
 4.28432e+22	1.10e-02	5.33e-01	4.44e-01	1.11e-02	2.87e-04	1.70e-06	0.00e+00	0.00e+00	0.00e+00	1.10e-02	1.10e-09	7.34e-10
 4.33991e+22	1.30e-02	5.72e-01	4.07e-01	8.48e-03	2.22e-04	1.11e-06	0.00e+00	0.00e+00	0.00e+00	1.30e-02	1.41e-09	9.26e-10
 4.38750e+22	1.45e-02	5.98e-01	3.80e-01	6.94e-03	1.84e-04	8.16e-07	0.00e+00	0.00e+00	0.00e+00	1.45e-02	1.67e-09	1.09e-09
 4.43305e+22	1.70e-02	6.35e-01	3.43e-01	5.28e-03	1.43e-04	5.36e-07	0.00e+00	0.00e+00	0.00e+00	1.70e-02	2.10e-09	1.35e-09
 4.48036e+22	1.94e-02	6.65e-01	3.11e-01	4.10e-03	1.15e-04	3.66e-07	0.00e+00	0.00e+00	0.00e+00	1.94e-02	2.55e-09	1.63e-09
 4.52997e+22	2.31e-02	7.04e-01	2.70e-01	2.91e-03	8.56e-05	2.19e-07	0.00e+00	0.00e+00	0.00e+00	2.31e-02	3.28e-09	2.08e-09
 4.58062e+22	2.68e-02	7.34e-01	2.37e-01	2.14e-03	6.65e-05	1.40e-07	0.00e+00	0.00e+00	0.00e+00	2.68e-02	4.03e-09	2.53e-09
 4.63262e+22	3.24e-02	7.69e-01	1.97e-01	1.41e-03	4.75e-05	0.00e+00	0.00e+00	0.00e+00	0.00e+00	3.24e-02	5.27e-09	3.28e-09
 4.68063e+22	3.73e-02	7.91e-01	1.70e-01	1.03e-03	3.72e-05	0.00e+00	0.00e+00	0.00e+00	0.00e+00	3.73e-02	6.34e-09	3.91e-09
 4.71640e+22	4.24e-02	8.09e-01	1.48e-01	7.63e-04	2.96e-05	0.00e+00	0.00e+00	0.00e+00	0.00e+00	4.24e-02	7.52e-09	4.61e-09
 4.75588e+22	4.99e-02	8.28e-01	1.21e-01	5.17e-04	2.19e-05	0.00e+00	0.00e+00	0.00e+00	0.00e+00	4.99e-02	9.35e-09	5.70e-09
 4.79819e+22	5.92e-02	8.42e-01	9.83e-02	3.44e-04	1.60e-05	0.00e+00	0.00e+00	0.00e+00	0.00e+00	5.92e-02	1.16e-08	7.05e-09
 4.83709e+22	7.02e-02	8.51e-01	7.85e-02	2.28e-04	1.17e-05	0.00e+00	0.00e+00	0.00e+00	0.00e+00	7.02e-02	1.45e-08	8.73e-09
 4.87420e+22	8.38e-02	8.55e-01	6.13e-02	1.48e-04	8.33e-06	0.00e+00	0.00e+00	0.00e+00	0.00e+00	8.38e-02	1.81e-08	1.09e-08
 4.90929e+22	1.01e-01	8.52e-01	4.71e-02	9.60e-05	5.86e-06	0.00e+00	0.00e+00	0.00e+00	0.00e+00	1.01e-01	2.26e-08	1.36e-08
 4.94157e+22	1.21e-01	8.43e-01	3.57e-02	6.26e-05	4.08e-06	0.00e+00	0.00e+00	0.00e+00	0.00e+00	1.21e-01	2.80e-08	1.69e-08
 4.97099e+22	1.45e-01	8.28e-01	2.69e-02	4.14e-05	2.81e-06	0.00e+00	0.00e+00	0.00e+00	0.00e+00	1.45e-01	3.46e-08	2.08e-08
 4.99775e+22	1.74e-01	8.06e-01	2.00e-02	2.78e-05	1.92e-06	0.00e+00	0.00e+00	0.00e+00	0.00e+00	1.74e-01	4.21e-08	2.54e-08
 5.02213e+22	2.06e-01	7.79e-01	1.49e-02	1.91e-05	1.31e-06	0.00e+00	0.00e+00	0.00e+00	0.00e+00	2.06e-01	5.06e-08	3.04e-08
 5.04434e+22	2.43e-01	7.46e-01	1.10e-02	1.35e-05	8.89e-07	0.00e+00	0.00e+00	0.00e+00	0.00e+00	2.43e-01	5.97e-08	3.58e-08
 5.06455e+22	2.84e-01	7.08e-01	8.20e-03	9.74e-06	6.05e-07	0.00e+00	0.00e+00	0.00e+00	0.00e+00	2.84e-01	6.91e-08	4.14e-08
 5.07733e+22	3.11e-01	6.82e-01	6.84e-03	8.08e-06	4.81e-07	0.00e+00	0.00e+00	0.00e+00	0.00e+00	3.11e-01	7.46e-08	4.46e-08
 5.08225e+22	3.22e-01	6.71e-01	6.35e-03	7.49e-06	4.37e-07	0.00e+00	0.00e+00	0.00e+00	0.00e+00	3.22e-01	7.68e-08	4.59e-08
 5.08619e+22	3.32e-01	6.62e-01	5.95e-03	7.01e-06	4.01e-07	0.00e+00	0.00e+00	0.00e+00	0.00e+00	3.32e-01	7.89e-08	4.72e-08
 5.09120e+22	3.45e-01	6.50e-01	5.46e-03	6.45e-06	3.59e-07	0.00e+00	0.00e+00	0.00e+00	0.00e+00	3.45e-01	8.15e-08	4.87e-08
 5.09726e+22	3.61e-01	6.34e-01	4.92e-03	5.82e-06	3.14e-07	0.00e+00	0.00e+00	0.00e+00	0.00e+00	3.61e-01	8.47e-08	5.06e-08
 5.10344e+22	3.78e-01	6.18e-01	4.44e-03	5.28e-06	2.74e-07	0.00e+00	0.00e+00	0.00e+00	0.00e+00	3.78e-01	8.77e-08	5.23e-08
 5.10936e+22	3.94e-01	6.02e-01	4.01e-03	4.79e-06	2.40e-07	0.00e+00	0.00e+00	0.00e+00	0.00e+00	3.94e-01	9.06e-08	5.40e-08
 5.11527e+22	4.11e-01	5.85e-01	3.61e-03	4.34e-06	2.10e-07	0.00e+00	0.00e+00	0.00e+00	0.00e+00	4.11e-01	9.34e-08	5.57e-08
 5.12117e+22	4.29e-01	5.68e-01	3.25e-03	3.95e-06	1.83e-07	0.00e+00	0.00e+00	0.00e+00	0.00e+00	4.29e-01	9.62e-08	5.73e-08
 5.12726e+22	4.47e-01	5.50e-01	2.91e-03	3.58e-06	1.59e-07	0.00e+00	0.00e+00	0.00e+00	0.00e+00	4.47e-01	9.89e-08	5.89e-08
 5.13359e+22	4.66e-01	5.32e-01	2.59e-03	3.23e-06	1.37e-07	0.00e+00	0.00e+00	0.00e+00	0.00e+00	4.66e-01	1.02e-07	6.04e-08
 5.14008e+22	4.85e-01	5.12e-01	2.30e-03	2.91e-06	0.00e+00	0.00e+00	0.00e+00	0.00e+00	0.00e+00	4.85e-01	1.04e-07	6.18e-08
 5.14675e+22	5.06e-01	4.92e-01	2.03e-03	2.61e-06	0.00e+00	0.00e+00	0.00e+00	0.00e+00	0.00e+00	5.06e-01	1.06e-07	6.32e-08
 5.15353e+22	5.27e-01	4.71e-01	1.79e-03	2.35e-06	0.00e+00	0.00e+00	0.00e+00	0.00e+00	0.00e+00	5.27e-01	1.08e-07	6.44e-08
 5.16052e+22	5.48e-01	4.50e-01	1.56e-03	2.10e-06	0.00e+00	0.00e+00	0.00e+00	0.00e+00	0.00e+00	5.48e-01	1.10e-07	6.55e-08
 5.16790e+22	5.70e-01	4.28e-01	1.36e-03	1.88e-06	0.00e+00	0.00e+00	0.00e+00	0.00e+00	0.00e+00	5.70e-01	1.12e-07	6.64e-08
 5.17534e+22	5.92e-01	4.07e-01	1.18e-03	1.68e-06	0.00e+00	0.00e+00	0.00e+00	0.00e+00	0.00e+00	5.92e-01	1.13e-07	6.71e-08
 5.18115e+22	6.08e-01	3.91e-01	1.07e-03	1.55e-06	0.00e+00	0.00e+00	0.00e+00	0.00e+00	0.00e+00	6.08e-01	1.14e-07	6.74e-08
 5.18502e+22	6.18e-01	3.81e-01	9.94e-04	1.46e-06	0.00e+00	0.00e+00	0.00e+00	0.00e+00	0.00e+00	6.18e-01	1.14e-07	6.76e-08
 5.18870e+22	6.28e-01	3.71e-01	9.27e-04	1.39e-06	0.00e+00	0.00e+00	0.00e+00	0.00e+00	0.00e+00	6.28e-01	1.14e-07	6.77e-08
 5.19298e+22	6.40e-01	3.59e-01	8.54e-04	1.30e-06	0.00e+00	0.00e+00	0.00e+00	0.00e+00	0.00e+00	6.40e-01	1.15e-07	6.79e-08
 5.19768e+22	6.52e-01	3.47e-01	7.82e-04	1.22e-06	0.00e+00	0.00e+00	0.00e+00	0.00e+00	0.00e+00	6.52e-01	1.15e-07	6.80e-08
 5.20234e+22	6.64e-01	3.35e-01	7.18e-04	1.14e-06	0.00e+00	0.00e+00	0.00e+00	0.00e+00	0.00e+00	6.64e-01	1.15e-07	6.80e-08
 5.20689e+22	6.75e-01	3.24e-01	6.61e-04	1.07e-06	0.00e+00	0.00e+00	0.00e+00	0.00e+00	0.00e+00	6.75e-01	1.15e-07	6.79e-08
 5.21150e+22	6.86e-01	3.13e-01	6.08e-04	1.01e-06	0.00e+00	0.00e+00	0.00e+00	0.00e+00	0.00e+00	6.86e-01	1.15e-07	6.78e-08
 5.21624e+22	6.97e-01	3.03e-01	5.58e-04	9.49e-07	0.00e+00	0.00e+00	0.00e+00	0.00e+00	0.00e+00	6.97e-01	1.15e-07	6.77e-08
 5.22111e+22	7.07e-01	2.92e-01	5.11e-04	8.90e-07	0.00e+00	0.00e+00	0.00e+00	0.00e+00	0.00e+00	7.07e-01	1.14e-07	6.75e-08
 5.22604e+22	7.18e-01	2.81e-01	4.68e-04	8.36e-07	0.00e+00	0.00e+00	0.00e+00	0.00e+00	0.00e+00	7.18e-01	1.14e-07	6.72e-08
 5.23096e+22	7.28e-01	2.72e-01	4.30e-04	7.86e-07	0.00e+00	0.00e+00	0.00e+00	0.00e+00	0.00e+00	7.28e-01	1.14e-07	6.70e-08
 5.23597e+22	7.38e-01	2.62e-01	3.94e-04	7.40e-07	0.00e+00	0.00e+00	0.00e+00	0.00e+00	0.00e+00	7.38e-01	1.13e-07	6.67e-08
 5.24117e+22	7.47e-01	2.52e-01	3.60e-04	6.95e-07	0.00e+00	0.00e+00	0.00e+00	0.00e+00	0.00e+00	7.47e-01	1.13e-07	6.63e-08
 5.24654e+22	7.57e-01	2.43e-01	3.29e-04	6.52e-07	0.00e+00	0.00e+00	0.00e+00	0.00e+00	0.00e+00	7.57e-01	1.12e-07	6.59e-08
 5.25196e+22	7.66e-01	2.34e-01	3.01e-04	6.13e-07	0.00e+00	0.00e+00	0.00e+00	0.00e+00	0.00e+00	7.66e-01	1.12e-07	6.55e-08
 5.25744e+22	7.75e-01	2.25e-01	2.75e-04	5.77e-07	0.00e+00	0.00e+00	0.00e+00	0.00e+00	0.00e+00	7.75e-01	1.11e-07	6.51e-08
 5.26312e+22	7.83e-01	2.16e-01	2.51e-04	5.43e-07	0.00e+00	0.00e+00	0.00e+00	0.00e+00	0.00e+00	7.83e-01	1.10e-07	6.47e-08
 5.26901e+22	7.92e-01	2.08e-01	2.28e-04	5.10e-07	0.00e+00	0.00e+00	0.00e+00	0.00e+00	0.00e+00	7.92e-01	1.10e-07	6.42e-08
 5.27503e+22	8.00e-01	2.00e-01	2.08e-04	4.79e-07	0.00e+00	0.00e+00	0.00e+00	0.00e+00	0.00e+00	8.00e-01	1.09e-07	6.38e-08
 5.28116e+22	8.08e-01	1.92e-01	1.89e-04	4.50e-07	0.00e+00	0.00e+00	0.00e+00	0.00e+00	0.00e+00	8.08e-01	1.08e-07	6.33e-08
 5.28744e+22	8.16e-01	1.84e-01	1.72e-04	4.24e-07	0.00e+00	0.00e+00	0.00e+00	0.00e+00	0.00e+00	8.16e-01	1.07e-07	6.28e-08
 5.29394e+22	8.23e-01	1.77e-01	1.56e-04	3.98e-07	0.00e+00	0.00e+00	0.00e+00	0.00e+00	0.00e+00	8.23e-01	1.06e-07	6.21e-08
 5.30065e+22	8.30e-01	1.70e-01	1.42e-04	3.74e-07	0.00e+00	0.00e+00	0.00e+00	0.00e+00	0.00e+00	8.30e-01	1.06e-07	6.14e-08
 5.30753e+22	8.37e-01	1.63e-01	1.29e-04	3.51e-07	0.00e+00	0.00e+00	0.00e+00	0.00e+00	0.00e+00	8.37e-01	1.05e-07	6.08e-08
 5.31457e+22	8.44e-01	1.56e-01	1.17e-04	3.30e-07	0.00e+00	0.00e+00	0.00e+00	0.00e+00	0.00e+00	8.44e-01	1.04e-07	6.01e-08
 5.32182e+22	8.50e-01	1.50e-01	1.06e-04	3.10e-07	0.00e+00	0.00e+00	0.00e+00	0.00e+00	0.00e+00	8.50e-01	1.03e-07	5.94e-08
 5.32931e+22	8.57e-01	1.43e-01	9.63e-05	2.91e-07	0.00e+00	0.00e+00	0.00e+00	0.00e+00	0.00e+00	8.57e-01	1.02e-07	5.87e-08
 5.33703e+22	8.63e-01	1.37e-01	8.74e-05	2.74e-07	0.00e+00	0.00e+00	0.00e+00	0.00e+00	0.00e+00	8.63e-01	1.01e-07	5.80e-08
 5.34490e+22	8.68e-01	1.32e-01	7.95e-05	2.57e-07	0.00e+00	0.00e+00	0.00e+00	0.00e+00	0.00e+00	8.68e-01	1.01e-07	5.74e-08
 5.35283e+22	8.74e-01	1.26e-01	7.25e-05	2.42e-07	0.00e+00	0.00e+00	0.00e+00	0.00e+00	0.00e+00	8.74e-01	9.98e-08	5.67e-08
 5.36091e+22	8.79e-01	1.21e-01	6.62e-05	2.28e-07	0.00e+00	0.00e+00	0.00e+00	0.00e+00	0.00e+00	8.79e-01	9.91e-08	5.61e-08
 5.36930e+22	8.84e-01	1.16e-01	6.04e-05	2.14e-07	0.00e+00	0.00e+00	0.00e+00	0.00e+00	0.00e+00	8.84e-01	9.84e-08	5.54e-08
 5.37774e+22	8.89e-01	1.11e-01	5.54e-05	2.02e-07	0.00e+00	0.00e+00	0.00e+00	0.00e+00	0.00e+00	8.89e-01	9.77e-08	5.48e-08
 5.38612e+22	8.93e-01	1.07e-01	5.11e-05	1.91e-07	0.00e+00	0.00e+00	0.00e+00	0.00e+00	0.00e+00	8.93e-01	9.71e-08	5.42e-08
 5.39469e+22	8.98e-01	1.02e-01	4.71e-05	1.80e-07	0.00e+00	0.00e+00	0.00e+00	0.00e+00	0.00e+00	8.98e-01	9.65e-08	5.37e-08
 5.40344e+22	9.02e-01	9.84e-02	4.36e-05	1.70e-07	0.00e+00	0.00e+00	0.00e+00	0.00e+00	0.00e+00	9.02e-01	9.60e-08	5.32e-08
 5.41235e+22	9.05e-01	9.46e-02	4.05e-05	1.61e-07	0.00e+00	0.00e+00	0.00e+00	0.00e+00	0.00e+00	9.05e-01	9.56e-08	5.27e-08
 5.42148e+22	9.09e-01	9.09e-02	3.77e-05	1.52e-07	0.00e+00	0.00e+00	0.00e+00	0.00e+00	0.00e+00	9.09e-01	9.52e-08	5.23e-08
 5.43082e+22	9.13e-01	8.73e-02	3.51e-05	1.44e-07	0.00e+00	0.00e+00	0.00e+00	0.00e+00	0.00e+00	9.13e-01	9.48e-08	5.18e-08
 5.44031e+22	9.16e-01	8.40e-02	3.29e-05	1.36e-07	0.00e+00	0.00e+00	0.00e+00	0.00e+00	0.00e+00	9.16e-01	9.44e-08	5.14e-08
 5.44993e+22	9.19e-01	8.06e-02	3.09e-05	1.28e-07	0.00e+00	0.00e+00	0.00e+00	0.00e+00	0.00e+00	9.19e-01	9.40e-08	5.09e-08
 5.45985e+22	9.22e-01	7.75e-02	2.90e-05	0.00e+00	0.00e+00	0.00e+00	0.00e+00	0.00e+00	0.00e+00	9.22e-01	9.38e-08	5.05e-08
 5.47002e+22	9.26e-01	7.45e-02	2.74e-05	0.00e+00	0.00e+00	0.00e+00	0.00e+00	0.00e+00	0.00e+00	9.26e-01	9.35e-08	5.01e-08
 5.48010e+22	9.28e-01	7.16e-02	2.60e-05	0.00e+00	0.00e+00	0.00e+00	0.00e+00	0.00e+00	0.00e+00	9.28e-01	9.34e-08	4.98e-08
 5.48980e+22	9.31e-01	6.91e-02	2.49e-05	0.00e+00	0.00e+00	0.00e+00	0.00e+00	0.00e+00	0.00e+00	9.31e-01	9.31e-08	4.94e-08
 5.49880e+22	9.33e-01	6.69e-02	2.39e-05	0.00e+00	0.00e+00	0.00e+00	0.00e+00	0.00e+00	0.00e+00	9.33e-01	9.28e-08	4.91e-08
 5.50714e+22	9.35e-01	6.49e-02	2.31e-05	0.00e+00	0.00e+00	0.00e+00	0.00e+00	0.00e+00	0.00e+00	9.35e-01	9.26e-08	4.88e-08
 5.51480e+22	9.37e-01	6.32e-02	2.25e-05	0.00e+00	0.00e+00	0.00e+00	0.00e+00	0.00e+00	0.00e+00	9.37e-01	9.24e-08	4.85e-08
 5.52218e+22	9.38e-01	6.16e-02	2.19e-05	0.00e+00	0.00e+00	0.00e+00	0.00e+00	0.00e+00	0.00e+00	9.38e-01	9.23e-08	4.83e-08
 5.52957e+22	9.40e-01	6.01e-02	2.14e-05	0.00e+00	0.00e+00	0.00e+00	0.00e+00	0.00e+00	0.00e+00	9.40e-01	9.22e-08	4.81e-08
 5.53684e+22	9.42e-01	5.84e-02	2.09e-05	0.00e+00	0.00e+00	0.00e+00	0.00e+00	0.00e+00	0.00e+00	9.42e-01	9.20e-08	4.79e-08
 5.54378e+22	9.43e-01	5.69e-02	2.04e-05	0.00e+00	0.00e+00	0.00e+00	0.00e+00	0.00e+00	0.00e+00	9.43e-01	9.18e-08	4.76e-08
 5.55013e+22	9.44e-01	5.57e-02	2.01e-05	0.00e+00	0.00e+00	0.00e+00	0.00e+00	0.00e+00	0.00e+00	9.44e-01	9.17e-08	4.74e-08
 5.55635e+22	9.46e-01	5.44e-02	1.97e-05	0.00e+00	0.00e+00	0.00e+00	0.00e+00	0.00e+00	0.00e+00	9.46e-01	9.16e-08	4.72e-08
 5.56247e+22	9.47e-01	5.32e-02	1.94e-05	0.00e+00	0.00e+00	0.00e+00	0.00e+00	0.00e+00	0.00e+00	9.47e-01	9.15e-08	4.71e-08
 5.56828e+22	9.48e-01	5.20e-02	1.91e-05	0.00e+00	0.00e+00	0.00e+00	0.00e+00	0.00e+00	0.00e+00	9.48e-01	9.14e-08	4.69e-08
 5.57404e+22	9.49e-01	5.09e-02	1.88e-05	0.00e+00	0.00e+00	0.00e+00	0.00e+00	0.00e+00	0.00e+00	9.49e-01	9.13e-08	4.67e-08
 5.57956e+22	9.50e-01	4.98e-02	1.86e-05	0.00e+00	0.00e+00	0.00e+00	0.00e+00	0.00e+00	0.00e+00	9.50e-01	9.12e-08	4.65e-08
 5.58475e+22	9.51e-01	4.88e-02	1.84e-05	0.00e+00	0.00e+00	0.00e+00	0.00e+00	0.00e+00	0.00e+00	9.51e-01	9.11e-08	4.64e-08
 5.58995e+22	9.52e-01	4.78e-02	1.81e-05	0.00e+00	0.00e+00	0.00e+00	0.00e+00	0.00e+00	0.00e+00	9.52e-01	9.10e-08	4.62e-08
 5.59493e+22	9.53e-01	4.68e-02	1.79e-05	0.00e+00	0.00e+00	0.00e+00	0.00e+00	0.00e+00	0.00e+00	9.53e-01	9.08e-08	4.61e-08
 5.59944e+22	9.54e-01	4.60e-02	1.78e-05	0.00e+00	0.00e+00	0.00e+00	0.00e+00	0.00e+00	0.00e+00	9.54e-01	9.07e-08	4.59e-08
 5.60355e+22	9.55e-01	4.52e-02	1.76e-05	0.00e+00	0.00e+00	0.00e+00	0.00e+00	0.00e+00	0.00e+00	9.55e-01	9.06e-08	4.57e-08
 5.60728e+22	9.55e-01	4.45e-02	1.75e-05	0.00e+00	0.00e+00	0.00e+00	0.00e+00	0.00e+00	0.00e+00	9.55e-01	9.04e-08	4.56e-08
 5.61068e+22	9.56e-01	4.39e-02	1.74e-05	0.00e+00	0.00e+00	0.00e+00	0.00e+00	0.00e+00	0.00e+00	9.56e-01	9.03e-08	4.54e-08
 5.61377e+22	9.57e-01	4.33e-02	1.73e-05	0.00e+00	0.00e+00	0.00e+00	0.00e+00	0.00e+00	0.00e+00	9.57e-01	9.02e-08	4.53e-08
 5.61659e+22	9.57e-01	4.28e-02	1.72e-05	0.00e+00	0.00e+00	0.00e+00	0.00e+00	0.00e+00	0.00e+00	9.57e-01	9.01e-08	4.52e-08
 5.61915e+22	9.58e-01	4.23e-02	1.71e-05	0.00e+00	0.00e+00	0.00e+00	0.00e+00	0.00e+00	0.00e+00	9.58e-01	8.99e-08	4.50e-08
 5.62148e+22	9.58e-01	4.20e-02	1.70e-05	0.00e+00	0.00e+00	0.00e+00	0.00e+00	0.00e+00	0.00e+00	9.58e-01	8.98e-08	4.50e-08
 5.62404e+22	9.59e-01	4.14e-02	1.69e-05	0.00e+00	0.00e+00	0.00e+00	0.00e+00	0.00e+00	0.00e+00	9.59e-01	8.95e-08	4.49e-08
 5.62736e+22	9.59e-01	4.07e-02	1.68e-05	0.00e+00	0.00e+00	0.00e+00	0.00e+00	0.00e+00	0.00e+00	9.59e-01	8.91e-08	4.47e-08
 5.63094e+22	9.60e-01	3.99e-02	1.66e-05	0.00e+00	0.00e+00	0.00e+00	0.00e+00	0.00e+00	0.00e+00	9.60e-01	8.86e-08	4.46e-08
 5.63421e+22	9.61e-01	3.93e-02	1.65e-05	0.00e+00	0.00e+00	0.00e+00	0.00e+00	0.00e+00	0.00e+00	9.61e-01	8.83e-08	4.44e-08
 5.63717e+22	9.61e-01	3.88e-02	1.64e-05	0.00e+00	0.00e+00	0.00e+00	0.00e+00	0.00e+00	0.00e+00	9.61e-01	8.80e-08	4.43e-08
 5.63988e+22	9.62e-01	3.83e-02	1.63e-05	0.00e+00	0.00e+00	0.00e+00	0.00e+00	0.00e+00	0.00e+00	9.62e-01	8.77e-08	4.42e-08
 5.64233e+22	9.62e-01	3.79e-02	1.62e-05	0.00e+00	0.00e+00	0.00e+00	0.00e+00	0.00e+00	0.00e+00	9.62e-01	8.74e-08	4.41e-08
 5.64503e+22	9.63e-01	3.73e-02	1.61e-05	0.00e+00	0.00e+00	0.00e+00	0.00e+00	0.00e+00	0.00e+00	9.63e-01	8.71e-08	4.40e-08
 5.64794e+22	9.63e-01	3.68e-02	1.59e-05	0.00e+00	0.00e+00	0.00e+00	0.00e+00	0.00e+00	0.00e+00	9.63e-01	8.68e-08	4.39e-08
 5.65058e+22	9.64e-01	3.64e-02	1.58e-05	0.00e+00	0.00e+00	0.00e+00	0.00e+00	0.00e+00	0.00e+00	9.64e-01	8.66e-08	4.38e-08
 5.65348e+22	9.64e-01	3.59e-02	1.57e-05	0.00e+00	0.00e+00	0.00e+00	0.00e+00	0.00e+00	0.00e+00	9.64e-01	8.65e-08	4.37e-08
 5.65661e+22	9.65e-01	3.54e-02	1.56e-05	0.00e+00	0.00e+00	0.00e+00	0.00e+00	0.00e+00	0.00e+00	9.65e-01	8.63e-08	4.36e-08
 5.65946e+22	9.65e-01	3.49e-02	1.54e-05	0.00e+00	0.00e+00	0.00e+00	0.00e+00	0.00e+00	0.00e+00	9.65e-01	8.60e-08	4.35e-08
 5.66206e+22	9.65e-01	3.47e-02	1.53e-05	0.00e+00	0.00e+00	0.00e+00	0.00e+00	0.00e+00	0.00e+00	9.65e-01	8.60e-08	4.35e-08
 5.66490e+22	9.66e-01	3.42e-02	1.52e-05	0.00e+00	0.00e+00	0.00e+00	0.00e+00	0.00e+00	0.00e+00	9.66e-01	8.59e-08	4.35e-08
 5.66859e+22	9.66e-01	3.35e-02	1.50e-05	0.00e+00	0.00e+00	0.00e+00	0.00e+00	0.00e+00	0.00e+00	9.66e-01	8.56e-08	4.33e-08
 5.67258e+22	9.67e-01	3.29e-02	1.48e-05	0.00e+00	0.00e+00	0.00e+00	0.00e+00	0.00e+00	0.00e+00	9.67e-01	8.54e-08	4.32e-08
 5.67621e+22	9.68e-01	3.24e-02	1.47e-05	0.00e+00	0.00e+00	0.00e+00	0.00e+00	0.00e+00	0.00e+00	9.68e-01	8.53e-08	4.32e-08
 5.67951e+22	9.68e-01	3.20e-02	1.45e-05	0.00e+00	0.00e+00	0.00e+00	0.00e+00	0.00e+00	0.00e+00	9.68e-01	8.51e-08	4.31e-08
 5.68251e+22	9.68e-01	3.16e-02	1.44e-05	0.00e+00	0.00e+00	0.00e+00	0.00e+00	0.00e+00	0.00e+00	9.68e-01	8.50e-08	4.30e-08
 5.68525e+22	9.69e-01	3.12e-02	1.43e-05	0.00e+00	0.00e+00	0.00e+00	0.00e+00	0.00e+00	0.00e+00	9.69e-01	8.47e-08	4.29e-08
 5.68774e+22	9.69e-01	3.09e-02	1.42e-05	0.00e+00	0.00e+00	0.00e+00	0.00e+00	0.00e+00	0.00e+00	9.69e-01	8.48e-08	4.29e-08
 5.69046e+22	9.70e-01	3.04e-02	1.41e-05	0.00e+00	0.00e+00	0.00e+00	0.00e+00	0.00e+00	0.00e+00	9.70e-01	8.46e-08	4.28e-08
 5.69341e+22	9.70e-01	3.00e-02	1.39e-05	0.00e+00	0.00e+00	0.00e+00	0.00e+00	0.00e+00	0.00e+00	9.70e-01	8.44e-08	4.27e-08
 5.69609e+22	9.70e-01	2.97e-02	1.38e-05	0.00e+00	0.00e+00	0.00e+00	0.00e+00	0.00e+00	0.00e+00	9.70e-01	8.43e-08	4.26e-08
 5.69902e+22	9.71e-01	2.92e-02	1.36e-05	0.00e+00	0.00e+00	0.00e+00	0.00e+00	0.00e+00	0.00e+00	9.71e-01	8.41e-08	4.25e-08
 5.70219e+22	9.71e-01	2.88e-02	1.34e-05	0.00e+00	0.00e+00	0.00e+00	0.00e+00	0.00e+00	0.00e+00	9.71e-01	8.39e-08	4.23e-08
 5.70507e+22	9.72e-01	2.84e-02	1.33e-05	0.00e+00	0.00e+00	0.00e+00	0.00e+00	0.00e+00	0.00e+00	9.72e-01	8.37e-08	4.22e-08
 5.70770e+22	9.72e-01	2.80e-02	1.32e-05	0.00e+00	0.00e+00	0.00e+00	0.00e+00	0.00e+00	0.00e+00	9.72e-01	8.35e-08	4.21e-08
 5.71009e+22	9.72e-01	2.78e-02	1.31e-05	0.00e+00	0.00e+00	0.00e+00	0.00e+00	0.00e+00	0.00e+00	9.72e-01	8.34e-08	4.20e-08
 5.71270e+22	9.73e-01	2.74e-02	1.29e-05	0.00e+00	0.00e+00	0.00e+00	0.00e+00	0.00e+00	0.00e+00	9.73e-01	8.33e-08	4.19e-08
 5.71610e+22	9.73e-01	2.69e-02	1.28e-05	0.00e+00	0.00e+00	0.00e+00	0.00e+00	0.00e+00	0.00e+00	9.73e-01	8.31e-08	4.18e-08
 5.71978e+22	9.74e-01	2.63e-02	1.26e-05	0.00e+00	0.00e+00	0.00e+00	0.00e+00	0.00e+00	0.00e+00	9.74e-01	8.29e-08	4.16e-08
 5.72312e+22	9.74e-01	2.59e-02	1.24e-05	0.00e+00	0.00e+00	0.00e+00	0.00e+00	0.00e+00	0.00e+00	9.74e-01	8.27e-08	4.15e-08
 5.72616e+22	9.74e-01	2.56e-02	1.23e-05	0.00e+00	0.00e+00	0.00e+00	0.00e+00	0.00e+00	0.00e+00	9.74e-01	8.26e-08	4.14e-08
 5.72893e+22	9.75e-01	2.53e-02	1.22e-05	0.00e+00	0.00e+00	0.00e+00	0.00e+00	0.00e+00	0.00e+00	9.75e-01	8.24e-08	4.13e-08
 5.73145e+22	9.75e-01	2.50e-02	1.21e-05	0.00e+00	0.00e+00	0.00e+00	0.00e+00	0.00e+00	0.00e+00	9.75e-01	8.21e-08	4.11e-08
 5.73374e+22	9.75e-01	2.48e-02	1.20e-05	0.00e+00	0.00e+00	0.00e+00	0.00e+00	0.00e+00	0.00e+00	9.75e-01	8.21e-08	4.10e-08
 5.73625e+22	9.76e-01	2.44e-02	1.19e-05	0.00e+00	0.00e+00	0.00e+00	0.00e+00	0.00e+00	0.00e+00	9.76e-01	8.19e-08	4.09e-08
 5.73896e+22	9.76e-01	2.41e-02	1.18e-05	0.00e+00	0.00e+00	0.00e+00	0.00e+00	0.00e+00	0.00e+00	9.76e-01	8.18e-08	4.08e-08
 5.74193e+22	9.76e-01	2.37e-02	1.17e-05	0.00e+00	0.00e+00	0.00e+00	0.00e+00	0.00e+00	0.00e+00	9.76e-01	8.16e-08	4.06e-08
 5.74514e+22	9.77e-01	2.33e-02	1.15e-05	0.00e+00	0.00e+00	0.00e+00	0.00e+00	0.00e+00	0.00e+00	9.77e-01	8.14e-08	4.05e-08
 5.74806e+22	9.77e-01	2.31e-02	1.14e-05	0.00e+00	0.00e+00	0.00e+00	0.00e+00	0.00e+00	0.00e+00	9.77e-01	8.10e-08	4.03e-08
 5.75125e+22	9.77e-01	2.27e-02	1.13e-05	0.00e+00	0.00e+00	0.00e+00	0.00e+00	0.00e+00	0.00e+00	9.77e-01	8.02e-08	3.99e-08
 5.75471e+22	9.78e-01	2.24e-02	1.12e-05	0.00e+00	0.00e+00	0.00e+00	0.00e+00	0.00e+00	0.00e+00	9.78e-01	7.95e-08	3.96e-08
 5.75785e+22	9.78e-01	2.20e-02	1.11e-05	0.00e+00	0.00e+00	0.00e+00	0.00e+00	0.00e+00	0.00e+00	9.78e-01	7.87e-08	3.92e-08
 5.76071e+22	9.78e-01	2.18e-02	1.10e-05	0.00e+00	0.00e+00	0.00e+00	0.00e+00	0.00e+00	0.00e+00	9.78e-01	7.84e-08	3.91e-08
 5.76384e+22	9.78e-01	2.15e-02	1.09e-05	0.00e+00	0.00e+00	0.00e+00	0.00e+00	0.00e+00	0.00e+00	9.78e-01	7.78e-08	3.88e-08
 5.76792e+22	9.79e-01	2.11e-02	1.07e-05	0.00e+00	0.00e+00	0.00e+00	0.00e+00	0.00e+00	0.00e+00	9.79e-01	7.69e-08	3.82e-08
 5.77231e+22	9.79e-01	2.07e-02	1.06e-05	0.00e+00	0.00e+00	0.00e+00	0.00e+00	0.00e+00	0.00e+00	9.79e-01	7.63e-08	3.78e-08
 5.77631e+22	9.80e-01	2.03e-02	1.05e-05	0.00e+00	0.00e+00	0.00e+00	0.00e+00	0.00e+00	0.00e+00	9.80e-01	7.55e-08	3.73e-08
 5.77996e+22	9.80e-01	2.00e-02	1.04e-05	0.00e+00	0.00e+00	0.00e+00	0.00e+00	0.00e+00	0.00e+00	9.80e-01	7.47e-08	3.68e-08
 5.78327e+22	9.80e-01	1.98e-02	1.03e-05	0.00e+00	0.00e+00	0.00e+00	0.00e+00	0.00e+00	0.00e+00	9.80e-01	7.42e-08	3.65e-08
 5.78690e+22	9.81e-01	1.94e-02	1.02e-05	0.00e+00	0.00e+00	0.00e+00	0.00e+00	0.00e+00	0.00e+00	9.81e-01	7.37e-08	3.62e-08
 5.79162e+22	9.81e-01	1.90e-02	1.00e-05	0.00e+00	0.00e+00	0.00e+00	0.00e+00	0.00e+00	0.00e+00	9.81e-01	7.28e-08	3.56e-08
 5.79672e+22	9.81e-01	1.85e-02	9.86e-06	0.00e+00	0.00e+00	0.00e+00	0.00e+00	0.00e+00	0.00e+00	9.81e-01	7.20e-08	3.51e-08
 5.80135e+22	9.82e-01	1.81e-02	9.74e-06	0.00e+00	0.00e+00	0.00e+00	0.00e+00	0.00e+00	0.00e+00	9.82e-01	7.13e-08	3.46e-08
 5.80557e+22	9.82e-01	1.78e-02	9.63e-06	0.00e+00	0.00e+00	0.00e+00	0.00e+00	0.00e+00	0.00e+00	9.82e-01	7.07e-08	3.42e-08
 5.80941e+22	9.82e-01	1.76e-02	9.54e-06	0.00e+00	0.00e+00	0.00e+00	0.00e+00	0.00e+00	0.00e+00	9.82e-01	7.00e-08	3.38e-08
 5.81362e+22	9.83e-01	1.73e-02	9.42e-06	0.00e+00	0.00e+00	0.00e+00	0.00e+00	0.00e+00	0.00e+00	9.83e-01	6.91e-08	3.33e-08
 5.81816e+22	9.83e-01	1.69e-02	9.30e-06	0.00e+00	0.00e+00	0.00e+00	0.00e+00	0.00e+00	0.00e+00	9.83e-01	6.83e-08	3.28e-08
 5.82230e+22	9.83e-01	1.66e-02	9.21e-06	0.00e+00	0.00e+00	0.00e+00	0.00e+00	0.00e+00	0.00e+00	9.83e-01	6.76e-08	3.24e-08
 5.82606e+22	9.84e-01	1.64e-02	9.11e-06	0.00e+00	0.00e+00	0.00e+00	0.00e+00	0.00e+00	0.00e+00	9.84e-01	6.67e-08	3.18e-08
 5.82948e+22	9.84e-01	1.62e-02	9.04e-06	0.00e+00	0.00e+00	0.00e+00	0.00e+00	0.00e+00	0.00e+00	9.84e-01	6.64e-08	3.16e-08
 5.83324e+22	9.84e-01	1.59e-02	8.94e-06	0.00e+00	0.00e+00	0.00e+00	0.00e+00	0.00e+00	0.00e+00	9.84e-01	6.56e-08	3.12e-08
 5.83729e+22	9.84e-01	1.56e-02	8.85e-06	0.00e+00	0.00e+00	0.00e+00	0.00e+00	0.00e+00	0.00e+00	9.84e-01	6.49e-08	3.07e-08
 5.84097e+22	9.85e-01	1.55e-02	8.78e-06	0.00e+00	0.00e+00	0.00e+00	0.00e+00	0.00e+00	0.00e+00	9.85e-01	6.44e-08	3.04e-08
 5.84501e+22	9.85e-01	1.52e-02	8.67e-06	0.00e+00	0.00e+00	0.00e+00	0.00e+00	0.00e+00	0.00e+00	9.85e-01	6.35e-08	2.99e-08
 5.84937e+22	9.85e-01	1.49e-02	8.58e-06	0.00e+00	0.00e+00	0.00e+00	0.00e+00	0.00e+00	0.00e+00	9.85e-01	6.27e-08	2.94e-08
 5.85334e+22	9.85e-01	1.47e-02	8.50e-06	0.00e+00	0.00e+00	0.00e+00	0.00e+00	0.00e+00	0.00e+00	9.85e-01	6.22e-08	2.91e-08
 5.85768e+22	9.86e-01	1.44e-02	8.40e-06	0.00e+00	0.00e+00	0.00e+00	0.00e+00	0.00e+00	0.00e+00	9.86e-01	6.12e-08	2.85e-08
 5.86238e+22	9.86e-01	1.41e-02	8.30e-06	0.00e+00	0.00e+00	0.00e+00	0.00e+00	0.00e+00	0.00e+00	9.86e-01	6.05e-08	2.80e-08
 5.86665e+22	9.86e-01	1.39e-02	8.23e-06	0.00e+00	0.00e+00	0.00e+00	0.00e+00	0.00e+00	0.00e+00	9.86e-01	5.99e-08	2.77e-08
 5.87133e+22	9.86e-01	1.36e-02	8.12e-06	0.00e+00	0.00e+00	0.00e+00	0.00e+00	0.00e+00	0.00e+00	9.86e-01	5.90e-08	2.71e-08
 5.87638e+22	9.87e-01	1.33e-02	8.02e-06	0.00e+00	0.00e+00	0.00e+00	0.00e+00	0.00e+00	0.00e+00	9.87e-01	5.82e-08	2.67e-08
 5.88098e+22	9.87e-01	1.31e-02	7.94e-06	0.00e+00	0.00e+00	0.00e+00	0.00e+00	0.00e+00	0.00e+00	9.87e-01	5.77e-08	2.64e-08
 5.88602e+22	9.87e-01	1.28e-02	7.84e-06	0.00e+00	0.00e+00	0.00e+00	0.00e+00	0.00e+00	0.00e+00	9.87e-01	5.68e-08	2.59e-08
 5.89146e+22	9.88e-01	1.25e-02	7.74e-06	0.00e+00	0.00e+00	0.00e+00	0.00e+00	0.00e+00	0.00e+00	9.88e-01	5.62e-08	2.55e-08
 5.89641e+22	9.88e-01	1.22e-02	7.66e-06	0.00e+00	0.00e+00	0.00e+00	0.00e+00	0.00e+00	0.00e+00	9.88e-01	5.55e-08	2.51e-08
 5.90091e+22	9.88e-01	1.21e-02	7.58e-06	0.00e+00	0.00e+00	0.00e+00	0.00e+00	0.00e+00	0.00e+00	9.88e-01	5.49e-08	2.47e-08
 5.90585e+22	9.88e-01	1.18e-02	7.49e-06	0.00e+00	0.00e+00	0.00e+00	0.00e+00	0.00e+00	0.00e+00	9.88e-01	5.42e-08	2.42e-08
 5.91118e+22	9.88e-01	1.15e-02	7.40e-06	0.00e+00	0.00e+00	0.00e+00	0.00e+00	0.00e+00	0.00e+00	9.88e-01	5.32e-08	2.36e-08
 5.91603e+22	9.89e-01	1.14e-02	7.33e-06	0.00e+00	0.00e+00	0.00e+00	0.00e+00	0.00e+00	0.00e+00	9.89e-01	5.29e-08	2.34e-08
 5.92134e+22	9.89e-01	1.11e-02	7.23e-06	0.00e+00	0.00e+00	0.00e+00	0.00e+00	0.00e+00	0.00e+00	9.89e-01	5.22e-08	2.29e-08
 5.92708e+22	9.89e-01	1.08e-02	7.14e-06	0.00e+00	0.00e+00	0.00e+00	0.00e+00	0.00e+00	0.00e+00	9.89e-01	5.15e-08	2.24e-08
 5.93230e+22	9.89e-01	1.06e-02	7.07e-06	0.00e+00	0.00e+00	0.00e+00	0.00e+00	0.00e+00	0.00e+00	9.89e-01	5.08e-08	2.20e-08
 5.93705e+22	9.90e-01	1.05e-02	7.00e-06	0.00e+00	0.00e+00	0.00e+00	0.00e+00	0.00e+00	0.00e+00	9.90e-01	5.02e-08	2.17e-08
 5.94225e+22	9.90e-01	1.03e-02	6.91e-06	0.00e+00	0.00e+00	0.00e+00	0.00e+00	0.00e+00	0.00e+00	9.90e-01	4.95e-08	2.13e-08
 5.94787e+22	9.90e-01	1.00e-02	6.83e-06	0.00e+00	0.00e+00	0.00e+00	0.00e+00	0.00e+00	0.00e+00	9.90e-01	4.86e-08	2.07e-08
 5.95299e+22	9.90e-01	9.84e-03	6.76e-06	0.00e+00	0.00e+00	0.00e+00	0.00e+00	0.00e+00	0.00e+00	9.90e-01	4.81e-08	2.05e-08
 5.95859e+22	9.90e-01	9.62e-03	6.67e-06	0.00e+00	0.00e+00	0.00e+00	0.00e+00	0.00e+00	0.00e+00	9.90e-01	4.74e-08	2.01e-08
 5.96464e+22	9.91e-01	9.37e-03	6.59e-06	0.00e+00	0.00e+00	0.00e+00	0.00e+00	0.00e+00	0.00e+00	9.91e-01	4.65e-08	1.96e-08
 5.97014e+22	9.91e-01	9.21e-03	6.52e-06	0.00e+00	0.00e+00	0.00e+00	0.00e+00	0.00e+00	0.00e+00	9.91e-01	4.61e-08	1.93e-08
 5.97618e+22	9.91e-01	8.99e-03	6.43e-06	0.00e+00	0.00e+00	0.00e+00	0.00e+00	0.00e+00	0.00e+00	9.91e-01	4.54e-08	1.89e-08
 5.98269e+22	9.91e-01	8.74e-03	6.35e-06	0.00e+00	0.00e+00	0.00e+00	0.00e+00	0.00e+00	0.00e+00	9.91e-01	4.45e-08	1.84e-08
 5.98862e+22	9.91e-01	8.58e-03	6.28e-06	0.00e+00	0.00e+00	0.00e+00	0.00e+00	0.00e+00	0.00e+00	9.91e-01	4.41e-08	1.81e-08
 5.99511e+22	9.92e-01	8.37e-03	6.19e-06	0.00e+00	0.00e+00	0.00e+00	0.00e+00	0.00e+00	0.00e+00	9.92e-01	4.33e-08	1.77e-08
 6.00212e+22	9.92e-01	8.15e-03	6.10e-06	0.00e+00	0.00e+00	0.00e+00	0.00e+00	0.00e+00	0.00e+00	9.92e-01	4.27e-08	1.73e-08
 6.00850e+22	9.92e-01	7.96e-03	6.03e-06	0.00e+00	0.00e+00	0.00e+00	0.00e+00	0.00e+00	0.00e+00	9.92e-01	4.20e-08	1.69e-08
 6.01431e+22	9.92e-01	7.81e-03	5.96e-06	0.00e+00	0.00e+00	0.00e+00	0.00e+00	0.00e+00	0.00e+00	9.92e-01	4.15e-08	1.66e-08
 6.02067e+22	9.92e-01	7.62e-03	5.88e-06	0.00e+00	0.00e+00	0.00e+00	0.00e+00	0.00e+00	0.00e+00	9.92e-01	4.08e-08	1.62e-08
 6.02754e+22	9.93e-01	7.41e-03	5.80e-06	0.00e+00	0.00e+00	0.00e+00	0.00e+00	0.00e+00	0.00e+00	9.93e-01	4.01e-08	1.58e-08
 6.03379e+22	9.93e-01	7.26e-03	5.74e-06	0.00e+00	0.00e+00	0.00e+00	0.00e+00	0.00e+00	0.00e+00	9.93e-01	3.97e-08	1.55e-08
 6.04064e+22	9.93e-01	7.08e-03	5.66e-06	0.00e+00	0.00e+00	0.00e+00	0.00e+00	0.00e+00	0.00e+00	9.93e-01	3.90e-08	1.51e-08
 6.04803e+22	9.93e-01	6.86e-03	5.58e-06	0.00e+00	0.00e+00	0.00e+00	0.00e+00	0.00e+00	0.00e+00	9.93e-01	3.82e-08	1.47e-08
 6.05476e+22	9.93e-01	6.73e-03	5.51e-06	0.00e+00	0.00e+00	0.00e+00	0.00e+00	0.00e+00	0.00e+00	9.93e-01	3.79e-08	1.44e-08
 6.06213e+22	9.93e-01	6.54e-03	5.43e-06	0.00e+00	0.00e+00	0.00e+00	0.00e+00	0.00e+00	0.00e+00	9.93e-01	3.72e-08	1.40e-08
 6.07009e+22	9.94e-01	6.35e-03	5.35e-06	0.00e+00	0.00e+00	0.00e+00	0.00e+00	0.00e+00	0.00e+00	9.94e-01	3.66e-08	1.37e-08
 6.07734e+22	9.94e-01	6.20e-03	5.28e-06	0.00e+00	0.00e+00	0.00e+00	0.00e+00	0.00e+00	0.00e+00	9.94e-01	3.60e-08	1.33e-08
 6.08527e+22	9.94e-01	6.03e-03	5.20e-06	0.00e+00	0.00e+00	0.00e+00	0.00e+00	0.00e+00	0.00e+00	9.94e-01	3.53e-08	1.30e-08
 6.09384e+22	9.94e-01	5.82e-03	5.12e-06	0.00e+00	0.00e+00	0.00e+00	0.00e+00	0.00e+00	0.00e+00	9.94e-01	3.45e-08	1.25e-08
 6.10164e+22	9.94e-01	5.69e-03	5.05e-06	0.00e+00	0.00e+00	0.00e+00	0.00e+00	0.00e+00	0.00e+00	9.94e-01	3.41e-08	1.22e-08
 6.11019e+22	9.94e-01	5.52e-03	4.96e-06	0.00e+00	0.00e+00	0.00e+00	0.00e+00	0.00e+00	0.00e+00	9.94e-01	3.35e-08	1.19e-08
 6.11941e+22	9.95e-01	5.35e-03	4.88e-06	0.00e+00	0.00e+00	0.00e+00	0.00e+00	0.00e+00	0.00e+00	9.95e-01	3.28e-08	1.15e-08
 6.12781e+22	9.95e-01	5.20e-03	4.81e-06	0.00e+00	0.00e+00	0.00e+00	0.00e+00	0.00e+00	0.00e+00	9.95e-01	3.23e-08	1.12e-08
 6.13544e+22	9.95e-01	5.08e-03	4.75e-06	0.00e+00	0.00e+00	0.00e+00	0.00e+00	0.00e+00	0.00e+00	9.95e-01	3.18e-08	1.09e-08
 6.14382e+22	9.95e-01	4.93e-03	4.67e-06	0.00e+00	0.00e+00	0.00e+00	0.00e+00	0.00e+00	0.00e+00	9.95e-01	3.12e-08	1.06e-08
 6.15285e+22	9.95e-01	4.73e-03	4.60e-06	0.00e+00	0.00e+00	0.00e+00	0.00e+00	0.00e+00	0.00e+00	9.95e-01	3.06e-08	1.02e-08
 6.16276e+22	9.96e-01	4.41e-03	4.51e-06	0.00e+00	0.00e+00	0.00e+00	0.00e+00	0.00e+00	0.00e+00	9.96e-01	2.98e-08	9.82e-09
 6.17460e+22	9.96e-01	4.09e-03	4.41e-06	0.00e+00	0.00e+00	0.00e+00	0.00e+00	0.00e+00	0.00e+00	9.96e-01	2.90e-08	9.36e-09
 6.18700e+22	9.96e-01	3.86e-03	4.31e-06	0.00e+00	0.00e+00	0.00e+00	0.00e+00	0.00e+00	0.00e+00	9.96e-01	2.82e-08	8.91e-09
 6.19933e+22	9.96e-01	3.65e-03	4.22e-06	0.00e+00	0.00e+00	0.00e+00	0.00e+00	0.00e+00	0.00e+00	9.96e-01	2.75e-08	8.49e-09
 6.21184e+22	9.97e-01	3.44e-03	4.13e-06	0.00e+00	0.00e+00	0.00e+00	0.00e+00	0.00e+00	0.00e+00	9.97e-01	2.67e-08	8.08e-09
 6.22461e+22	9.97e-01	3.24e-03	4.04e-06	0.00e+00	0.00e+00	0.00e+00	0.00e+00	0.00e+00	0.00e+00	9.97e-01	2.60e-08	7.67e-09
 6.23755e+22	9.97e-01	3.04e-03	3.95e-06	0.00e+00	0.00e+00	0.00e+00	0.00e+00	0.00e+00	0.00e+00	9.97e-01	2.53e-08	7.28e-09
 6.25063e+22	9.97e-01	2.86e-03	3.86e-06	0.00e+00	0.00e+00	0.00e+00	0.00e+00	0.00e+00	0.00e+00	9.97e-01	2.45e-08	6.89e-09
 6.26387e+22	9.97e-01	2.68e-03	3.77e-06	0.00e+00	0.00e+00	0.00e+00	0.00e+00	0.00e+00	0.00e+00	9.97e-01	2.38e-08	6.52e-09
 6.27728e+22	9.97e-01	2.51e-03	3.69e-06	0.00e+00	0.00e+00	0.00e+00	0.00e+00	0.00e+00	0.00e+00	9.97e-01	2.31e-08	6.17e-09
 6.29085e+22	9.98e-01	2.34e-03	3.60e-06	0.00e+00	0.00e+00	0.00e+00	0.00e+00	0.00e+00	0.00e+00	9.98e-01	2.23e-08	5.83e-09
 6.30457e+22	9.98e-01	2.18e-03	3.52e-06	0.00e+00	0.00e+00	0.00e+00	0.00e+00	0.00e+00	0.00e+00	9.98e-01	2.16e-08	5.51e-09
 6.31844e+22	9.98e-01	2.03e-03	3.44e-06	0.00e+00	0.00e+00	0.00e+00	0.00e+00	0.00e+00	0.00e+00	9.98e-01	2.09e-08	5.19e-09
 6.33246e+22	9.98e-01	1.89e-03	3.36e-06	0.00e+00	0.00e+00	0.00e+00	0.00e+00	0.00e+00	0.00e+00	9.98e-01	2.02e-08	4.89e-09
 6.34663e+22	9.98e-01	1.75e-03	3.28e-06	0.00e+00	0.00e+00	0.00e+00	0.00e+00	0.00e+00	0.00e+00	9.98e-01	1.95e-08	4.59e-09
 6.36093e+22	9.98e-01	1.62e-03	3.20e-06	0.00e+00	0.00e+00	0.00e+00	0.00e+00	0.00e+00	0.00e+00	9.98e-01	1.88e-08	4.30e-09
