#depth	He	He+	He+2
 5.73803e+21	4.47e-05	6.84e-02	9.32e-01
 1.52434e+22	7.02e-05	8.49e-02	9.15e-01
 2.09634e+22	8.84e-05	9.48e-02	9.05e-01
 2.45734e+22	1.07e-04	1.04e-01	8.96e-01
 2.71085e+22	1.19e-04	1.09e-01	8.91e-01
 2.88593e+22	1.31e-04	1.14e-01	8.86e-01
 3.05253e+22	1.44e-04	1.19e-01	8.81e-01
 3.21065e+22	1.57e-04	1.24e-01	8.76e-01
 3.39192e+22	1.76e-04	1.31e-01	8.69e-01
 3.57480e+22	1.93e-04	1.37e-01	8.63e-01
 3.75978e+22	2.16e-04	1.44e-01	8.56e-01
 3.94719e+22	2.37e-04	1.50e-01	8.49e-01
 4.11194e+22	2.59e-04	1.57e-01	8.43e-01
 4.30029e+22	2.90e-04	1.65e-01	8.35e-01
 4.49139e+22	3.18e-04	1.72e-01	8.27e-01
 4.65982e+22	3.49e-04	1.79e-01	8.20e-01
 4.85255e+22	3.90e-04	1.89e-01	8.11e-01
 5.04835e+22	4.29e-04	1.97e-01	8.03e-01
 5.22193e+22	4.70e-04	2.05e-01	7.94e-01
 5.42139e+22	5.27e-04	2.16e-01	7.84e-01
 5.62408e+22	5.79e-04	2.25e-01	7.75e-01
 5.83098e+22	6.50e-04	2.37e-01	7.63e-01
 6.04048e+22	7.16e-04	2.47e-01	7.53e-01
 6.25337e+22	8.05e-04	2.60e-01	7.40e-01
 6.47029e+22	8.88e-04	2.71e-01	7.29e-01
 6.59529e+22	9.15e-04	2.74e-01	7.25e-01
 6.66061e+22	9.45e-04	2.78e-01	7.21e-01
 6.74552e+22	9.91e-04	2.83e-01	7.16e-01
 6.85591e+22	1.05e-03	2.90e-01	7.09e-01
 6.99941e+22	1.14e-03	3.01e-01	6.98e-01
 7.16102e+22	1.23e-03	3.10e-01	6.89e-01
 7.34617e+22	1.36e-03	3.23e-01	6.75e-01
 7.52391e+22	1.46e-03	3.33e-01	6.66e-01
 7.69201e+22	1.58e-03	3.45e-01	6.54e-01
 7.86609e+22	1.71e-03	3.55e-01	6.43e-01
 8.04794e+22	1.87e-03	3.69e-01	6.29e-01
 8.23003e+22	2.01e-03	3.80e-01	6.18e-01
 8.41243e+22	2.21e-03	3.95e-01	6.03e-01
 8.59639e+22	2.37e-03	4.06e-01	5.91e-01
 8.78241e+22	2.60e-03	4.21e-01	5.76e-01
 8.97376e+22	2.80e-03	4.34e-01	5.63e-01
 9.17206e+22	3.09e-03	4.51e-01	5.46e-01
 9.37118e+22	3.34e-03	4.65e-01	5.32e-01
 9.57136e+22	3.67e-03	4.82e-01	5.14e-01
 9.77714e+22	3.98e-03	4.97e-01	4.99e-01
 9.99021e+22	4.41e-03	5.17e-01	4.79e-01
 1.02046e+23	4.77e-03	5.33e-01	4.62e-01
 1.04207e+23	5.30e-03	5.54e-01	4.41e-01
 1.06370e+23	5.74e-03	5.71e-01	4.23e-01
 1.08536e+23	6.35e-03	5.92e-01	4.02e-01
 1.10729e+23	6.90e-03	6.10e-01	3.83e-01
 1.12955e+23	7.67e-03	6.32e-01	3.60e-01
 1.15167e+23	8.34e-03	6.51e-01	3.41e-01
 1.17360e+23	9.27e-03	6.73e-01	3.18e-01
 1.19544e+23	1.01e-02	6.92e-01	2.98e-01
 1.21716e+23	1.12e-02	7.13e-01	2.75e-01
 1.23878e+23	1.22e-02	7.32e-01	2.56e-01
 1.26026e+23	1.36e-02	7.53e-01	2.34e-01
 1.28162e+23	1.48e-02	7.70e-01	2.15e-01
 1.30282e+23	1.65e-02	7.89e-01	1.95e-01
 1.32406e+23	1.81e-02	8.05e-01	1.77e-01
 1.34535e+23	2.02e-02	8.22e-01	1.58e-01
 1.36674e+23	2.21e-02	8.36e-01	1.42e-01
 1.38527e+23	2.42e-02	8.48e-01	1.28e-01
 1.40636e+23	2.71e-02	8.60e-01	1.13e-01
 1.42771e+23	2.99e-02	8.70e-01	9.99e-02
 1.44399e+23	3.23e-02	8.77e-01	9.09e-02
 1.45974e+23	3.53e-02	8.83e-01	8.20e-02
 1.47660e+23	3.86e-02	8.87e-01	7.39e-02
 1.49213e+23	4.22e-02	8.91e-01	6.70e-02
 1.50714e+23	4.62e-02	8.93e-01	6.09e-02
 1.52164e+23	5.07e-02	8.94e-01	5.55e-02
 1.53525e+23	5.56e-02	8.93e-01	5.10e-02
 1.54786e+23	6.09e-02	8.92e-01	4.71e-02
 1.55955e+23	6.69e-02	8.89e-01	4.39e-02
 1.57033e+23	7.32e-02	8.86e-01	4.12e-02
 1.58025e+23	8.02e-02	8.81e-01	3.89e-02
 1.58920e+23	8.77e-02	8.75e-01	3.71e-02
 1.59708e+23	9.55e-02	8.69e-01	3.56e-02
 1.60406e+23	1.03e-01	8.62e-01	3.44e-02
 1.61042e+23	1.12e-01	8.55e-01	3.35e-02
 1.61645e+23	1.21e-01	8.47e-01	3.28e-02
 1.62210e+23	1.30e-01	8.38e-01	3.22e-02
 1.62724e+23	1.40e-01	8.28e-01	3.18e-02
 1.63196e+23	1.50e-01	8.19e-01	3.16e-02
 1.63633e+23	1.60e-01	8.09e-01	3.14e-02
 1.64021e+23	1.69e-01	7.99e-01	3.15e-02
 1.64356e+23	1.78e-01	7.90e-01	3.16e-02
 1.64655e+23	1.87e-01	7.81e-01	3.17e-02
 1.64918e+23	1.95e-01	7.73e-01	3.18e-02
 1.65157e+23	2.02e-01	7.66e-01	3.19e-02
 1.65408e+23	2.11e-01	7.57e-01	3.20e-02
 1.65676e+23	2.20e-01	7.48e-01	3.22e-02
 1.65936e+23	2.29e-01	7.39e-01	3.24e-02
 1.66134e+23	2.36e-01	7.32e-01	3.25e-02
 1.66268e+23	2.41e-01	7.26e-01	3.26e-02
 1.66398e+23	2.46e-01	7.21e-01	3.26e-02
 1.66558e+23	2.53e-01	7.14e-01	3.26e-02
 1.66735e+23	2.61e-01	7.07e-01	3.26e-02
 1.66907e+23	2.68e-01	6.99e-01	3.26e-02
 1.67075e+23	2.75e-01	6.92e-01	3.26e-02
 1.67246e+23	2.83e-01	6.84e-01	3.26e-02
 1.67427e+23	2.92e-01	6.76e-01	3.25e-02
 1.67611e+23	3.01e-01	6.67e-01	3.25e-02
 1.67797e+23	3.10e-01	6.58e-01	3.24e-02
 1.67988e+23	3.19e-01	6.49e-01	3.23e-02
 1.68186e+23	3.29e-01	6.39e-01	3.21e-02
 1.68389e+23	3.40e-01	6.28e-01	3.20e-02
 1.68597e+23	3.51e-01	6.18e-01	3.18e-02
 1.68810e+23	3.62e-01	6.07e-01	3.15e-02
 1.69031e+23	3.74e-01	5.95e-01	3.12e-02
 1.69257e+23	3.86e-01	5.83e-01	3.09e-02
 1.69492e+23	3.99e-01	5.70e-01	3.05e-02
 1.69735e+23	4.13e-01	5.57e-01	3.01e-02
 1.69982e+23	4.27e-01	5.44e-01	2.96e-02
 1.70235e+23	4.41e-01	5.30e-01	2.91e-02
 1.70502e+23	4.56e-01	5.16e-01	2.86e-02
 1.70780e+23	4.71e-01	5.01e-01	2.80e-02
 1.71065e+23	4.87e-01	4.86e-01	2.73e-02
 1.71360e+23	5.03e-01	4.70e-01	2.66e-02
 1.71669e+23	5.20e-01	4.54e-01	2.59e-02
 1.71990e+23	5.37e-01	4.38e-01	2.51e-02
 1.72318e+23	5.53e-01	4.22e-01	2.42e-02
 1.72654e+23	5.70e-01	4.07e-01	2.34e-02
 1.73004e+23	5.86e-01	3.91e-01	2.25e-02
 1.73364e+23	6.03e-01	3.75e-01	2.15e-02
 1.73742e+23	6.20e-01	3.60e-01	2.06e-02
 1.74138e+23	6.36e-01	3.45e-01	1.96e-02
 1.74548e+23	6.51e-01	3.30e-01	1.86e-02
 1.74977e+23	6.67e-01	3.16e-01	1.76e-02
 1.75432e+23	6.81e-01	3.02e-01	1.67e-02
 1.75912e+23	6.96e-01	2.89e-01	1.57e-02
 1.76417e+23	7.09e-01	2.76e-01	1.47e-02
 1.76955e+23	7.23e-01	2.63e-01	1.38e-02
 1.77528e+23	7.35e-01	2.52e-01	1.28e-02
 1.78127e+23	7.48e-01	2.41e-01	1.19e-02
 1.78719e+23	7.58e-01	2.31e-01	1.11e-02
 1.79289e+23	7.68e-01	2.22e-01	1.04e-02
 1.79848e+23	7.76e-01	2.14e-01	9.71e-03
 1.80396e+23	7.84e-01	2.07e-01	9.10e-03
 1.80932e+23	7.91e-01	2.01e-01	8.55e-03
 1.81454e+23	7.97e-01	1.95e-01	8.05e-03
 1.81952e+23	8.03e-01	1.89e-01	7.59e-03
 1.82413e+23	8.09e-01	1.84e-01	7.19e-03
 1.82861e+23	8.14e-01	1.79e-01	6.81e-03
 1.83308e+23	8.18e-01	1.75e-01	6.47e-03
 1.83741e+23	8.23e-01	1.71e-01	6.14e-03
 1.84158e+23	8.27e-01	1.67e-01	5.84e-03
 1.84560e+23	8.31e-01	1.63e-01	5.57e-03
 1.84948e+23	8.35e-01	1.59e-01	5.31e-03
 1.85322e+23	8.39e-01	1.56e-01	5.07e-03
 1.85684e+23	8.42e-01	1.53e-01	4.85e-03
 1.86034e+23	8.46e-01	1.50e-01	4.64e-03
 1.86370e+23	8.49e-01	1.47e-01	4.44e-03
 1.86694e+23	8.52e-01	1.44e-01	4.26e-03
 1.87008e+23	8.55e-01	1.41e-01	4.09e-03
 1.87305e+23	8.58e-01	1.39e-01	3.93e-03
 1.87596e+23	8.60e-01	1.36e-01	3.77e-03
 1.87879e+23	8.63e-01	1.33e-01	3.63e-03
 1.88137e+23	8.65e-01	1.31e-01	3.51e-03
 1.88371e+23	8.67e-01	1.29e-01	3.39e-03
 1.88584e+23	8.69e-01	1.27e-01	3.28e-03
 1.88778e+23	8.71e-01	1.26e-01	3.19e-03
 1.88955e+23	8.73e-01	1.24e-01	3.11e-03
 1.89116e+23	8.74e-01	1.23e-01	3.03e-03
 1.89262e+23	8.76e-01	1.21e-01	2.96e-03
 1.89395e+23	8.77e-01	1.20e-01	2.91e-03
 1.89541e+23	8.79e-01	1.19e-01	2.83e-03
 1.89730e+23	8.80e-01	1.17e-01	2.75e-03
 1.89935e+23	8.82e-01	1.16e-01	2.69e-03
 1.90121e+23	8.83e-01	1.14e-01	2.61e-03
 1.90291e+23	8.85e-01	1.13e-01	2.55e-03
 1.90445e+23	8.86e-01	1.12e-01	2.49e-03
 1.90585e+23	8.87e-01	1.10e-01	2.43e-03
 1.90713e+23	8.88e-01	1.09e-01	2.39e-03
 1.90853e+23	8.90e-01	1.08e-01	2.33e-03
 1.91035e+23	8.91e-01	1.07e-01	2.27e-03
 1.91231e+23	8.92e-01	1.06e-01	2.22e-03
 1.91410e+23	8.93e-01	1.04e-01	2.16e-03
 1.91573e+23	8.94e-01	1.04e-01	2.13e-03
 1.91751e+23	8.96e-01	1.02e-01	2.06e-03
 1.91943e+23	8.97e-01	1.01e-01	2.01e-03
 1.92118e+23	8.98e-01	9.96e-02	1.96e-03
 1.92278e+23	8.99e-01	9.87e-02	1.93e-03
 1.92452e+23	9.01e-01	9.74e-02	1.87e-03
 1.92641e+23	9.02e-01	9.62e-02	1.83e-03
 1.92812e+23	9.03e-01	9.50e-02	1.78e-03
 1.92968e+23	9.04e-01	9.42e-02	1.75e-03
 1.93139e+23	9.05e-01	9.30e-02	1.70e-03
 1.93324e+23	9.07e-01	9.18e-02	1.66e-03
 1.93492e+23	9.08e-01	9.08e-02	1.62e-03
 1.93676e+23	9.09e-01	8.95e-02	1.58e-03
 1.93875e+23	9.10e-01	8.84e-02	1.54e-03
 1.94056e+23	9.11e-01	8.74e-02	1.50e-03
 1.94221e+23	9.12e-01	8.63e-02	1.46e-03
 1.94370e+23	9.13e-01	8.54e-02	1.43e-03
 1.94534e+23	9.14e-01	8.43e-02	1.39e-03
 1.94712e+23	9.15e-01	8.33e-02	1.36e-03
 1.94873e+23	9.16e-01	8.23e-02	1.33e-03
 1.95020e+23	9.17e-01	8.16e-02	1.30e-03
 1.95180e+23	9.18e-01	8.06e-02	1.27e-03
 1.95354e+23	9.19e-01	7.97e-02	1.24e-03
 1.95544e+23	9.20e-01	7.85e-02	1.20e-03
 1.95750e+23	9.21e-01	7.75e-02	1.18e-03
 1.95937e+23	9.22e-01	7.66e-02	1.15e-03
 1.96141e+23	9.23e-01	7.54e-02	1.11e-03
 1.96362e+23	9.25e-01	7.44e-02	1.08e-03
 1.96564e+23	9.25e-01	7.34e-02	1.05e-03
 1.96747e+23	9.27e-01	7.25e-02	1.03e-03
 1.96913e+23	9.27e-01	7.18e-02	1.00e-03
 1.97096e+23	9.28e-01	7.08e-02	9.78e-04
 1.97333e+23	9.29e-01	6.98e-02	9.49e-04
 1.97590e+23	9.30e-01	6.89e-02	9.25e-04
 1.97823e+23	9.31e-01	6.79e-02	8.98e-04
 1.98035e+23	9.32e-01	6.69e-02	8.71e-04
 1.98228e+23	9.33e-01	6.62e-02	8.55e-04
 1.98440e+23	9.34e-01	6.50e-02	8.24e-04
 1.98668e+23	9.35e-01	6.43e-02	8.06e-04
 1.98876e+23	9.36e-01	6.35e-02	7.85e-04
 1.99065e+23	9.36e-01	6.28e-02	7.69e-04
 1.99272e+23	9.37e-01	6.18e-02	7.44e-04
 1.99496e+23	9.38e-01	6.11e-02	7.27e-04
 1.99700e+23	9.39e-01	6.04e-02	7.11e-04
 1.99923e+23	9.40e-01	5.94e-02	6.87e-04
 2.00164e+23	9.41e-01	5.87e-02	6.70e-04
 2.00383e+23	9.41e-01	5.80e-02	6.55e-04
 2.00623e+23	9.42e-01	5.70e-02	6.31e-04
 2.00882e+23	9.43e-01	5.62e-02	6.15e-04
 2.01118e+23	9.44e-01	5.55e-02	5.99e-04
 2.01377e+23	9.45e-01	5.45e-02	5.77e-04
 2.01656e+23	9.46e-01	5.38e-02	5.62e-04
 2.01910e+23	9.47e-01	5.29e-02	5.45e-04
 2.02141e+23	9.47e-01	5.22e-02	5.29e-04
 2.02352e+23	9.48e-01	5.16e-02	5.17e-04
 2.02582e+23	9.49e-01	5.08e-02	5.01e-04
 2.02831e+23	9.49e-01	5.02e-02	4.89e-04
 2.03058e+23	9.50e-01	4.96e-02	4.77e-04
 2.03306e+23	9.51e-01	4.87e-02	4.61e-04
 2.03574e+23	9.52e-01	4.80e-02	4.48e-04
 2.03818e+23	9.52e-01	4.75e-02	4.38e-04
 2.04085e+23	9.53e-01	4.66e-02	4.22e-04
 2.04373e+23	9.54e-01	4.59e-02	4.09e-04
 2.04636e+23	9.54e-01	4.53e-02	3.99e-04
 2.04923e+23	9.55e-01	4.45e-02	3.85e-04
 2.05234e+23	9.56e-01	4.38e-02	3.72e-04
 2.05516e+23	9.56e-01	4.32e-02	3.63e-04
 2.05826e+23	9.57e-01	4.24e-02	3.48e-04
 2.06160e+23	9.58e-01	4.16e-02	3.37e-04
 2.06465e+23	9.59e-01	4.10e-02	3.27e-04
 2.06798e+23	9.59e-01	4.02e-02	3.14e-04
 2.07158e+23	9.60e-01	3.95e-02	3.04e-04
 2.07485e+23	9.61e-01	3.88e-02	2.93e-04
 2.07783e+23	9.61e-01	3.83e-02	2.85e-04
 2.08110e+23	9.62e-01	3.75e-02	2.73e-04
 2.08462e+23	9.63e-01	3.69e-02	2.64e-04
 2.08783e+23	9.63e-01	3.63e-02	2.56e-04
 2.09135e+23	9.64e-01	3.56e-02	2.46e-04
 2.09514e+23	9.65e-01	3.49e-02	2.37e-04
 2.09859e+23	9.65e-01	3.44e-02	2.30e-04
 2.10238e+23	9.66e-01	3.36e-02	2.20e-04
 2.10646e+23	9.67e-01	3.30e-02	2.11e-04
 2.11018e+23	9.67e-01	3.24e-02	2.04e-04
 2.11426e+23	9.68e-01	3.17e-02	1.95e-04
 2.11865e+23	9.69e-01	3.10e-02	1.87e-04
 2.12266e+23	9.69e-01	3.05e-02	1.80e-04
 2.12704e+23	9.70e-01	2.98e-02	1.72e-04
 2.13178e+23	9.71e-01	2.91e-02	1.65e-04
 2.13608e+23	9.71e-01	2.85e-02	1.58e-04
 2.14001e+23	9.72e-01	2.80e-02	1.52e-04
 2.14430e+23	9.72e-01	2.74e-02	1.46e-04
 2.14894e+23	9.73e-01	2.68e-02	1.40e-04
 2.15316e+23	9.74e-01	2.63e-02	1.34e-04
 2.15700e+23	9.74e-01	2.58e-02	1.30e-04
 2.16121e+23	9.75e-01	2.53e-02	1.24e-04
 2.16575e+23	9.75e-01	2.47e-02	1.19e-04
 2.16989e+23	9.76e-01	2.43e-02	1.15e-04
 2.17442e+23	9.76e-01	2.37e-02	1.10e-04
 2.17931e+23	9.77e-01	2.32e-02	1.05e-04
 2.18376e+23	9.77e-01	2.28e-02	1.01e-04
 2.18864e+23	9.78e-01	2.22e-02	9.61e-05
 2.19391e+23	9.78e-01	2.17e-02	9.20e-05
 2.19870e+23	9.79e-01	2.13e-02	8.81e-05
 2.20395e+23	9.79e-01	2.07e-02	8.36e-05
 2.20962e+23	9.80e-01	2.02e-02	7.98e-05
 2.21478e+23	9.80e-01	1.98e-02	7.62e-05
 2.21947e+23	9.81e-01	1.94e-02	7.33e-05
 2.22462e+23	9.81e-01	1.89e-02	6.96e-05
 2.23114e+23	9.82e-01	1.83e-02	6.55e-05
 2.23847e+23	9.82e-01	1.77e-02	6.14e-05
 2.24601e+23	9.83e-01	1.72e-02	5.74e-05
 2.25370e+23	9.83e-01	1.66e-02	5.37e-05
 2.26151e+23	9.84e-01	1.60e-02	5.01e-05
 2.26940e+23	9.84e-01	1.55e-02	4.68e-05
 2.27738e+23	9.85e-01	1.50e-02	4.37e-05
 2.28544e+23	9.86e-01	1.45e-02	4.08e-05
 2.29358e+23	9.86e-01	1.40e-02	3.80e-05
 2.30177e+23	9.86e-01	1.35e-02	3.55e-05
 2.31004e+23	9.87e-01	1.30e-02	3.30e-05
 2.31841e+23	9.87e-01	1.26e-02	3.08e-05
 2.32685e+23	9.88e-01	1.21e-02	2.87e-05
 2.33536e+23	9.88e-01	1.17e-02	2.67e-05
 2.34394e+23	9.89e-01	1.13e-02	2.48e-05
 2.35257e+23	9.89e-01	1.09e-02	2.31e-05
 2.36126e+23	9.89e-01	1.05e-02	2.15e-05
 2.37001e+23	9.90e-01	1.01e-02	2.00e-05
 2.37883e+23	9.90e-01	9.75e-03	1.86e-05
 2.38773e+23	9.91e-01	9.40e-03	1.73e-05
 2.39669e+23	9.91e-01	9.06e-03	1.60e-05
 2.40572e+23	9.91e-01	8.73e-03	1.49e-05
 2.41481e+23	9.92e-01	8.41e-03	1.38e-05
 2.42399e+23	9.92e-01	8.10e-03	1.28e-05
 2.43340e+23	9.92e-01	7.80e-03	1.19e-05
 2.44298e+23	9.92e-01	7.50e-03	1.10e-05
 2.45265e+23	9.93e-01	7.22e-03	1.02e-05
 2.46244e+23	9.93e-01	6.94e-03	9.43e-06
 2.47232e+23	9.93e-01	6.67e-03	8.72e-06
 2.48232e+23	9.94e-01	6.42e-03	8.06e-06
 2.49243e+23	9.94e-01	6.17e-03	7.44e-06
 2.50269e+23	9.94e-01	5.92e-03	6.87e-06
 2.51311e+23	9.94e-01	5.69e-03	6.33e-06
 2.52373e+23	9.95e-01	5.46e-03	5.83e-06
 2.53463e+23	9.95e-01	5.23e-03	5.36e-06
 2.54579e+23	9.95e-01	5.01e-03	4.92e-06
 2.55712e+23	9.95e-01	4.80e-03	4.51e-06
 2.56866e+23	9.95e-01	4.60e-03	4.14e-06
 2.58041e+23	9.96e-01	4.40e-03	3.79e-06
 2.59238e+23	9.96e-01	4.21e-03	3.46e-06
 2.60458e+23	9.96e-01	4.02e-03	3.16e-06
 2.61707e+23	9.96e-01	3.84e-03	2.88e-06
 2.62987e+23	9.96e-01	3.66e-03	2.62e-06
 2.64297e+23	9.97e-01	3.49e-03	2.38e-06
 2.65637e+23	9.97e-01	3.32e-03	2.16e-06
 2.67009e+23	9.97e-01	3.16e-03	1.96e-06
 2.68413e+23	9.97e-01	3.01e-03	1.77e-06
 2.69855e+23	9.97e-01	2.86e-03	1.59e-06
 2.71335e+23	9.97e-01	2.71e-03	1.43e-06
 2.72839e+23	9.97e-01	2.57e-03	1.29e-06
 2.74353e+23	9.98e-01	2.44e-03	1.16e-06
 2.75882e+23	9.98e-01	2.31e-03	1.04e-06
 2.77430e+23	9.98e-01	2.19e-03	9.37e-07
 2.78994e+23	9.98e-01	2.08e-03	8.42e-07
 2.80573e+23	9.98e-01	1.97e-03	7.55e-07
 2.82169e+23	9.98e-01	1.86e-03	6.77e-07
 2.83782e+23	9.98e-01	1.76e-03	6.07e-07
 2.85412e+23	9.98e-01	1.67e-03	5.43e-07
 2.87059e+23	9.98e-01	1.58e-03	4.86e-07
 2.88717e+23	9.99e-01	1.49e-03	4.35e-07
 2.90390e+23	9.99e-01	1.41e-03	3.88e-07
 2.92087e+23	9.99e-01	1.33e-03	3.47e-07
 2.93794e+23	9.99e-01	1.26e-03	3.10e-07
 2.95508e+23	9.99e-01	1.19e-03	2.76e-07
 2.97245e+23	9.99e-01	1.12e-03	2.46e-07
 2.99004e+23	9.99e-01	1.06e-03	2.19e-07
 3.00721e+23	9.99e-01	1.00e-03	1.96e-07
 3.02328e+23	9.99e-01	9.52e-04	1.76e-07
 3.03819e+23	9.99e-01	9.07e-04	1.60e-07
 3.05223e+23	9.99e-01	8.67e-04	1.46e-07
 3.06564e+23	9.99e-01	8.30e-04	1.34e-07
 3.07849e+23	9.99e-01	7.96e-04	1.23e-07
 3.08522e+23	9.99e-01	7.91e-04	1.22e-07
