#depth	O	O+	O+2	O+3	O+4	O+5	O+6	O+7	O+8	O[1]	O[2]	O[3]
 4.62852e+21	8.24e-28	1.26e-21	6.84e-17	3.29e-13	4.21e-10	2.34e-07	4.49e-04	4.36e-02	9.56e-01	0.00e+00	0.00e+00	0.00e+00
 1.04464e+22	4.05e-26	3.65e-20	1.18e-15	3.47e-12	2.63e-09	8.54e-07	1.09e-03	6.76e-02	9.31e-01	0.00e+00	0.00e+00	0.00e+00
 1.22303e+22	3.83e-25	2.55e-19	6.18e-15	1.36e-11	7.55e-09	1.79e-06	1.78e-03	8.54e-02	9.13e-01	0.00e+00	0.00e+00	0.00e+00
 1.31223e+22	1.35e-24	7.61e-19	1.56e-14	2.92e-11	1.36e-08	2.69e-06	2.31e-03	9.68e-02	9.01e-01	0.00e+00	0.00e+00	0.00e+00
 1.34940e+22	1.89e-24	1.02e-18	2.00e-14	3.58e-11	1.59e-08	3.00e-06	2.48e-03	9.99e-02	8.98e-01	0.00e+00	0.00e+00	0.00e+00
 1.36151e+22	2.33e-24	1.22e-18	2.34e-14	4.07e-11	1.75e-08	3.21e-06	2.59e-03	1.02e-01	8.95e-01	0.00e+00	0.00e+00	0.00e+00
 1.37228e+22	3.08e-24	1.56e-18	2.87e-14	4.82e-11	2.00e-08	3.51e-06	2.74e-03	1.05e-01	8.93e-01	0.00e+00	0.00e+00	0.00e+00
 1.38333e+22	3.93e-24	1.92e-18	3.44e-14	5.58e-11	2.23e-08	3.79e-06	2.88e-03	1.07e-01	8.90e-01	0.00e+00	0.00e+00	0.00e+00
 1.39283e+22	4.89e-24	2.32e-18	4.04e-14	6.38e-11	2.47e-08	4.07e-06	3.00e-03	1.09e-01	8.88e-01	0.00e+00	0.00e+00	0.00e+00
 1.40327e+22	6.55e-24	3.00e-18	5.01e-14	7.62e-11	2.83e-08	4.46e-06	3.18e-03	1.12e-01	8.84e-01	0.00e+00	0.00e+00	0.00e+00
 1.41374e+22	8.25e-24	3.66e-18	5.94e-14	8.76e-11	3.15e-08	4.80e-06	3.33e-03	1.15e-01	8.82e-01	0.00e+00	0.00e+00	0.00e+00
 1.42427e+22	1.13e-23	4.81e-18	7.50e-14	1.06e-10	3.64e-08	5.30e-06	3.55e-03	1.18e-01	8.78e-01	0.00e+00	0.00e+00	0.00e+00
 1.43481e+22	1.43e-23	5.88e-18	8.89e-14	1.22e-10	4.05e-08	5.70e-06	3.71e-03	1.21e-01	8.76e-01	0.00e+00	0.00e+00	0.00e+00
 1.44400e+22	1.82e-23	7.29e-18	1.07e-13	1.42e-10	4.54e-08	6.16e-06	3.89e-03	1.23e-01	8.73e-01	0.00e+00	0.00e+00	0.00e+00
 1.45302e+22	2.32e-23	8.98e-18	1.27e-13	1.64e-10	5.07e-08	6.65e-06	4.08e-03	1.26e-01	8.70e-01	0.00e+00	0.00e+00	0.00e+00
 1.46323e+22	3.22e-23	1.19e-17	1.62e-13	2.00e-10	5.89e-08	7.36e-06	4.35e-03	1.30e-01	8.66e-01	0.00e+00	0.00e+00	0.00e+00
 1.47329e+22	4.07e-23	1.46e-17	1.93e-13	2.30e-10	6.57e-08	7.93e-06	4.55e-03	1.32e-01	8.63e-01	0.00e+00	0.00e+00	0.00e+00
 1.48317e+22	5.62e-23	1.94e-17	2.44e-13	2.79e-10	7.61e-08	8.76e-06	4.84e-03	1.36e-01	8.59e-01	0.00e+00	0.00e+00	0.00e+00
 1.49319e+22	7.28e-23	2.42e-17	2.96e-13	3.27e-10	8.57e-08	9.50e-06	5.09e-03	1.39e-01	8.56e-01	0.00e+00	0.00e+00	0.00e+00
 1.50337e+22	1.02e-22	3.24e-17	3.78e-13	4.00e-10	9.99e-08	1.05e-05	5.43e-03	1.43e-01	8.51e-01	0.00e+00	0.00e+00	0.00e+00
 1.51335e+22	1.30e-22	4.02e-17	4.54e-13	4.64e-10	1.12e-07	1.14e-05	5.69e-03	1.47e-01	8.48e-01	0.00e+00	0.00e+00	0.00e+00
 1.52307e+22	1.81e-22	5.35e-17	5.79e-13	5.67e-10	1.30e-07	1.26e-05	6.06e-03	1.51e-01	8.43e-01	0.00e+00	0.00e+00	0.00e+00
 1.53293e+22	2.36e-22	6.71e-17	7.01e-13	6.63e-10	1.47e-07	1.37e-05	6.37e-03	1.54e-01	8.39e-01	0.00e+00	0.00e+00	0.00e+00
 1.54298e+22	3.33e-22	9.06e-17	9.05e-13	8.17e-10	1.72e-07	1.52e-05	6.81e-03	1.59e-01	8.34e-01	0.00e+00	0.00e+00	0.00e+00
 1.55317e+22	4.38e-22	1.15e-16	1.11e-12	9.63e-10	1.95e-07	1.66e-05	7.17e-03	1.63e-01	8.30e-01	0.00e+00	0.00e+00	0.00e+00
 1.56354e+22	6.27e-22	1.57e-16	1.44e-12	1.20e-09	2.29e-07	1.86e-05	7.68e-03	1.68e-01	8.25e-01	0.00e+00	0.00e+00	0.00e+00
 1.57395e+22	8.25e-22	1.99e-16	1.76e-12	1.41e-09	2.60e-07	2.02e-05	8.10e-03	1.72e-01	8.20e-01	0.00e+00	0.00e+00	0.00e+00
 1.58442e+22	1.19e-21	2.73e-16	2.31e-12	1.76e-09	3.07e-07	2.27e-05	8.68e-03	1.77e-01	8.14e-01	0.00e+00	0.00e+00	0.00e+00
 1.59463e+22	1.53e-21	3.40e-16	2.78e-12	2.05e-09	3.45e-07	2.45e-05	9.12e-03	1.81e-01	8.10e-01	0.00e+00	0.00e+00	0.00e+00
 1.60453e+22	2.17e-21	4.60e-16	3.59e-12	2.53e-09	4.05e-07	2.74e-05	9.75e-03	1.86e-01	8.04e-01	0.00e+00	0.00e+00	0.00e+00
 1.61451e+22	2.77e-21	5.69e-16	4.30e-12	2.93e-09	4.54e-07	2.96e-05	1.02e-02	1.90e-01	8.00e-01	0.00e+00	0.00e+00	0.00e+00
 1.62458e+22	3.88e-21	7.61e-16	5.50e-12	3.59e-09	5.30e-07	3.29e-05	1.09e-02	1.96e-01	7.93e-01	0.00e+00	0.00e+00	0.00e+00
 1.63492e+22	5.04e-21	9.56e-16	6.68e-12	4.21e-09	5.99e-07	3.58e-05	1.15e-02	2.00e-01	7.88e-01	0.00e+00	0.00e+00	0.00e+00
 1.64561e+22	7.14e-21	1.29e-15	8.63e-12	5.20e-09	7.04e-07	4.00e-05	1.23e-02	2.06e-01	7.82e-01	0.00e+00	0.00e+00	0.00e+00
 1.65647e+22	9.23e-21	1.61e-15	1.04e-11	6.08e-09	7.93e-07	4.34e-05	1.30e-02	2.10e-01	7.77e-01	0.00e+00	0.00e+00	0.00e+00
 1.66756e+22	1.31e-20	2.18e-15	1.35e-11	7.50e-09	9.33e-07	4.85e-05	1.39e-02	2.17e-01	7.69e-01	0.00e+00	0.00e+00	0.00e+00
 1.67890e+22	1.69e-20	2.72e-15	1.63e-11	8.77e-09	1.05e-06	5.28e-05	1.46e-02	2.22e-01	7.64e-01	0.00e+00	0.00e+00	0.00e+00
 1.69057e+22	2.38e-20	3.66e-15	2.09e-11	1.08e-08	1.24e-06	5.90e-05	1.57e-02	2.28e-01	7.56e-01	0.00e+00	0.00e+00	0.00e+00
 1.70226e+22	3.05e-20	4.55e-15	2.52e-11	1.26e-08	1.39e-06	6.41e-05	1.65e-02	2.33e-01	7.51e-01	0.00e+00	0.00e+00	0.00e+00
 1.71397e+22	4.24e-20	6.05e-15	3.21e-11	1.54e-08	1.63e-06	7.14e-05	1.76e-02	2.39e-01	7.43e-01	0.00e+00	0.00e+00	0.00e+00
 1.72596e+22	5.45e-20	7.52e-15	3.86e-11	1.79e-08	1.83e-06	7.76e-05	1.85e-02	2.45e-01	7.37e-01	0.00e+00	0.00e+00	0.00e+00
 1.73831e+22	7.57e-20	1.00e-14	4.93e-11	2.19e-08	2.15e-06	8.66e-05	1.98e-02	2.51e-01	7.29e-01	0.00e+00	0.00e+00	0.00e+00
 1.75029e+22	9.42e-20	1.21e-14	5.79e-11	2.51e-08	2.38e-06	9.32e-05	2.07e-02	2.56e-01	7.23e-01	0.00e+00	0.00e+00	0.00e+00
 1.76180e+22	1.26e-19	1.56e-14	7.20e-11	3.01e-08	2.74e-06	1.03e-04	2.20e-02	2.63e-01	7.15e-01	0.00e+00	0.00e+00	0.00e+00
 1.77359e+22	1.58e-19	1.89e-14	8.50e-11	3.45e-08	3.06e-06	1.11e-04	2.31e-02	2.68e-01	7.09e-01	0.00e+00	0.00e+00	0.00e+00
 1.78576e+22	2.14e-19	2.46e-14	1.06e-10	4.16e-08	3.54e-06	1.23e-04	2.46e-02	2.74e-01	7.01e-01	0.00e+00	0.00e+00	0.00e+00
 1.79809e+22	2.65e-19	2.97e-14	1.25e-10	4.75e-08	3.93e-06	1.32e-04	2.57e-02	2.79e-01	6.95e-01	0.00e+00	0.00e+00	0.00e+00
 1.81062e+22	3.54e-19	3.81e-14	1.55e-10	5.68e-08	4.52e-06	1.46e-04	2.73e-02	2.86e-01	6.86e-01	0.00e+00	0.00e+00	0.00e+00
 1.82305e+22	4.38e-19	4.59e-14	1.81e-10	6.49e-08	5.02e-06	1.57e-04	2.86e-02	2.91e-01	6.80e-01	0.00e+00	0.00e+00	0.00e+00
 1.83534e+22	5.80e-19	5.86e-14	2.23e-10	7.72e-08	5.76e-06	1.73e-04	3.03e-02	2.98e-01	6.72e-01	0.00e+00	0.00e+00	0.00e+00
 1.84777e+22	7.09e-19	6.98e-14	2.59e-10	8.75e-08	6.36e-06	1.86e-04	3.16e-02	3.03e-01	6.65e-01	0.00e+00	0.00e+00	0.00e+00
 1.86035e+22	9.34e-19	8.86e-14	3.18e-10	1.04e-07	7.29e-06	2.04e-04	3.35e-02	3.10e-01	6.57e-01	0.00e+00	0.00e+00	0.00e+00
 1.87317e+22	1.15e-18	1.06e-13	3.70e-10	1.18e-07	8.06e-06	2.20e-04	3.50e-02	3.15e-01	6.50e-01	0.00e+00	0.00e+00	0.00e+00
 1.88631e+22	1.51e-18	1.34e-13	4.54e-10	1.40e-07	9.24e-06	2.42e-04	3.71e-02	3.22e-01	6.41e-01	0.00e+00	0.00e+00	0.00e+00
 1.89969e+22	1.85e-18	1.61e-13	5.30e-10	1.59e-07	1.02e-05	2.60e-04	3.88e-02	3.27e-01	6.34e-01	0.00e+00	0.00e+00	0.00e+00
 1.91337e+22	2.44e-18	2.04e-13	6.51e-10	1.89e-07	1.17e-05	2.86e-04	4.11e-02	3.34e-01	6.25e-01	0.00e+00	0.00e+00	0.00e+00
 1.92732e+22	3.01e-18	2.45e-13	7.60e-10	2.16e-07	1.30e-05	3.08e-04	4.30e-02	3.39e-01	6.17e-01	0.00e+00	0.00e+00	0.00e+00
 1.94160e+22	3.96e-18	3.11e-13	9.34e-10	2.56e-07	1.49e-05	3.40e-04	4.56e-02	3.47e-01	6.08e-01	0.00e+00	0.00e+00	0.00e+00
 1.95555e+22	4.75e-18	3.65e-13	1.07e-09	2.87e-07	1.64e-05	3.62e-04	4.74e-02	3.51e-01	6.01e-01	0.00e+00	0.00e+00	0.00e+00
 1.96908e+22	6.17e-18	4.58e-13	1.30e-09	3.39e-07	1.87e-05	3.97e-04	5.01e-02	3.58e-01	5.91e-01	0.00e+00	0.00e+00	0.00e+00
 1.98283e+22	7.41e-18	5.37e-13	1.49e-09	3.80e-07	2.04e-05	4.24e-04	5.20e-02	3.63e-01	5.84e-01	0.00e+00	0.00e+00	0.00e+00
 1.99686e+22	9.53e-18	6.68e-13	1.80e-09	4.45e-07	2.32e-05	4.64e-04	5.49e-02	3.70e-01	5.75e-01	0.00e+00	0.00e+00	0.00e+00
 2.01132e+22	1.17e-17	7.97e-13	2.09e-09	5.05e-07	2.57e-05	4.98e-04	5.73e-02	3.75e-01	5.67e-01	0.00e+00	0.00e+00	0.00e+00
 2.02635e+22	1.50e-17	9.92e-13	2.53e-09	5.92e-07	2.91e-05	5.45e-04	6.04e-02	3.82e-01	5.57e-01	0.00e+00	0.00e+00	0.00e+00
 2.04187e+22	1.86e-17	1.19e-12	2.96e-09	6.77e-07	3.24e-05	5.88e-04	6.32e-02	3.87e-01	5.49e-01	0.00e+00	0.00e+00	0.00e+00
 2.05804e+22	2.41e-17	1.50e-12	3.60e-09	7.97e-07	3.70e-05	6.45e-04	6.67e-02	3.94e-01	5.38e-01	2.41e-17	6.18e-28	6.57e-28
 2.07465e+22	3.00e-17	1.81e-12	4.25e-09	9.15e-07	4.13e-05	6.98e-04	6.99e-02	4.00e-01	5.30e-01	3.00e-17	5.75e-26	7.25e-26
 2.09183e+22	3.92e-17	2.29e-12	5.19e-09	1.08e-06	4.72e-05	7.67e-04	7.39e-02	4.07e-01	5.19e-01	3.92e-17	7.53e-26	9.48e-26
 2.10959e+22	4.92e-17	2.79e-12	6.16e-09	1.25e-06	5.29e-05	8.32e-04	7.74e-02	4.13e-01	5.09e-01	4.92e-17	9.45e-26	1.19e-25
 2.12808e+22	6.52e-17	3.57e-12	7.59e-09	1.49e-06	6.09e-05	9.19e-04	8.20e-02	4.20e-01	4.97e-01	6.52e-17	1.25e-25	1.58e-25
 2.14707e+22	8.24e-17	4.38e-12	9.06e-09	1.73e-06	6.85e-05	9.98e-04	8.61e-02	4.25e-01	4.87e-01	8.24e-17	1.58e-25	1.99e-25
 2.16412e+22	1.03e-16	5.31e-12	1.07e-08	1.98e-06	7.65e-05	1.08e-03	9.01e-02	4.31e-01	4.78e-01	1.03e-16	1.98e-25	2.49e-25
 2.18371e+22	1.39e-16	6.90e-12	1.34e-08	2.40e-06	8.91e-05	1.20e-03	9.58e-02	4.38e-01	4.65e-01	1.39e-16	2.67e-25	3.36e-25
 2.20342e+22	1.73e-16	8.36e-12	1.58e-08	2.75e-06	9.93e-05	1.30e-03	1.00e-01	4.43e-01	4.55e-01	1.73e-16	3.33e-25	4.19e-25
 2.22329e+22	2.32e-16	1.08e-11	1.97e-08	3.31e-06	1.15e-04	1.44e-03	1.06e-01	4.50e-01	4.43e-01	2.32e-16	4.47e-25	5.62e-25
 2.24357e+22	2.94e-16	1.33e-11	2.35e-08	3.84e-06	1.30e-04	1.56e-03	1.11e-01	4.55e-01	4.32e-01	2.94e-16	5.66e-25	7.12e-25
 2.26441e+22	3.98e-16	1.73e-11	2.94e-08	4.65e-06	1.51e-04	1.74e-03	1.18e-01	4.61e-01	4.19e-01	3.98e-16	7.65e-25	9.63e-25
 2.28557e+22	5.07e-16	2.13e-11	3.53e-08	5.41e-06	1.70e-04	1.90e-03	1.24e-01	4.66e-01	4.08e-01	5.07e-16	9.76e-25	1.23e-24
 2.30715e+22	6.95e-16	2.81e-11	4.47e-08	6.61e-06	2.00e-04	2.12e-03	1.32e-01	4.72e-01	3.94e-01	6.95e-16	1.34e-24	1.68e-24
 2.32755e+22	8.54e-16	3.36e-11	5.22e-08	7.52e-06	2.22e-04	2.28e-03	1.37e-01	4.76e-01	3.84e-01	8.54e-16	1.65e-24	2.07e-24
 2.34640e+22	1.12e-15	4.27e-11	6.42e-08	8.96e-06	2.55e-04	2.51e-03	1.45e-01	4.81e-01	3.72e-01	1.12e-15	2.17e-24	2.73e-24
 2.36542e+22	1.38e-15	5.12e-11	7.50e-08	1.02e-05	2.83e-04	2.70e-03	1.51e-01	4.84e-01	3.62e-01	1.38e-15	2.67e-24	3.36e-24
 2.38465e+22	1.83e-15	6.53e-11	9.26e-08	1.22e-05	3.27e-04	2.99e-03	1.59e-01	4.88e-01	3.49e-01	1.83e-15	3.53e-24	4.44e-24
 2.40406e+22	2.27e-15	7.87e-11	1.09e-07	1.40e-05	3.65e-04	3.23e-03	1.66e-01	4.91e-01	3.39e-01	2.27e-15	4.37e-24	5.50e-24
 2.42369e+22	3.00e-15	1.01e-10	1.35e-07	1.68e-05	4.23e-04	3.58e-03	1.75e-01	4.95e-01	3.26e-01	3.00e-15	5.80e-24	7.30e-24
 2.44359e+22	3.73e-15	1.22e-10	1.59e-07	1.93e-05	4.73e-04	3.87e-03	1.82e-01	4.97e-01	3.16e-01	3.73e-15	7.21e-24	9.07e-24
 2.46384e+22	4.98e-15	1.56e-10	1.97e-07	2.32e-05	5.51e-04	4.30e-03	1.93e-01	5.00e-01	3.03e-01	4.98e-15	9.62e-24	1.21e-23
 2.48435e+22	6.20e-15	1.89e-10	2.33e-07	2.67e-05	6.18e-04	4.66e-03	2.01e-01	5.01e-01	2.92e-01	6.20e-15	1.20e-23	1.51e-23
 2.50522e+22	8.28e-15	2.44e-10	2.90e-07	3.23e-05	7.22e-04	5.19e-03	2.12e-01	5.03e-01	2.79e-01	8.28e-15	1.60e-23	2.01e-23
 2.52653e+22	1.04e-14	2.98e-10	3.46e-07	3.76e-05	8.17e-04	5.66e-03	2.22e-01	5.04e-01	2.68e-01	1.04e-14	2.02e-23	2.53e-23
 2.54840e+22	1.40e-14	3.85e-10	4.34e-07	4.57e-05	9.61e-04	6.34e-03	2.35e-01	5.04e-01	2.54e-01	1.40e-14	2.71e-23	3.40e-23
 2.57074e+22	1.76e-14	4.72e-10	5.19e-07	5.34e-05	1.09e-03	6.94e-03	2.45e-01	5.04e-01	2.42e-01	1.76e-14	3.42e-23	4.30e-23
 2.59297e+22	2.34e-14	6.04e-10	6.46e-07	6.46e-05	1.28e-03	7.76e-03	2.59e-01	5.03e-01	2.29e-01	2.34e-14	4.54e-23	5.70e-23
 2.61419e+22	2.85e-14	7.20e-10	7.54e-07	7.40e-05	1.44e-03	8.41e-03	2.69e-01	5.02e-01	2.19e-01	2.85e-14	5.54e-23	6.96e-23
 2.63478e+22	3.68e-14	9.02e-10	9.22e-07	8.84e-05	1.67e-03	9.35e-03	2.83e-01	4.99e-01	2.07e-01	3.68e-14	7.16e-23	8.99e-23
 2.65564e+22	4.48e-14	1.07e-09	1.08e-06	1.02e-04	1.88e-03	1.01e-02	2.94e-01	4.97e-01	1.97e-01	4.48e-14	8.71e-23	1.09e-22
 2.67604e+22	5.65e-14	1.31e-09	1.30e-06	1.20e-04	2.16e-03	1.12e-02	3.08e-01	4.93e-01	1.86e-01	5.65e-14	1.10e-22	1.38e-22
 2.69687e+22	6.85e-14	1.56e-09	1.51e-06	1.38e-04	2.43e-03	1.22e-02	3.20e-01	4.89e-01	1.76e-01	6.85e-14	1.33e-22	1.67e-22
 2.71713e+22	8.40e-14	1.87e-09	1.79e-06	1.60e-04	2.78e-03	1.34e-02	3.33e-01	4.84e-01	1.66e-01	8.40e-14	1.64e-22	2.06e-22
 2.73783e+22	1.01e-13	2.21e-09	2.09e-06	1.85e-04	3.13e-03	1.46e-02	3.46e-01	4.79e-01	1.56e-01	1.01e-13	1.97e-22	2.48e-22
 2.75832e+22	1.22e-13	2.61e-09	2.44e-06	2.13e-04	3.55e-03	1.60e-02	3.60e-01	4.74e-01	1.47e-01	1.22e-13	2.38e-22	2.98e-22
 2.77890e+22	1.45e-13	3.05e-09	2.82e-06	2.44e-04	4.00e-03	1.74e-02	3.73e-01	4.67e-01	1.38e-01	1.45e-13	2.83e-22	3.55e-22
 2.79926e+22	1.71e-13	3.54e-09	3.25e-06	2.79e-04	4.49e-03	1.90e-02	3.86e-01	4.60e-01	1.30e-01	1.71e-13	3.34e-22	4.18e-22
 2.81958e+22	1.99e-13	4.08e-09	3.73e-06	3.17e-04	5.03e-03	2.06e-02	3.99e-01	4.53e-01	1.22e-01	1.99e-13	3.90e-22	4.89e-22
 2.83993e+22	2.32e-13	4.67e-09	4.26e-06	3.60e-04	5.63e-03	2.24e-02	4.12e-01	4.46e-01	1.14e-01	2.32e-13	4.53e-22	5.68e-22
 2.86036e+22	2.67e-13	5.33e-09	4.85e-06	4.08e-04	6.28e-03	2.43e-02	4.25e-01	4.37e-01	1.07e-01	2.67e-13	5.23e-22	6.55e-22
 2.88091e+22	3.06e-13	6.05e-09	5.50e-06	4.61e-04	7.00e-03	2.63e-02	4.38e-01	4.29e-01	9.95e-02	3.06e-13	5.99e-22	7.51e-22
 2.90166e+22	3.48e-13	6.83e-09	6.22e-06	5.20e-04	7.78e-03	2.84e-02	4.51e-01	4.20e-01	9.27e-02	3.48e-13	6.83e-22	8.56e-22
 2.92264e+22	3.94e-13	7.69e-09	7.02e-06	5.85e-04	8.64e-03	3.08e-02	4.63e-01	4.11e-01	8.63e-02	3.94e-13	7.74e-22	9.70e-22
 2.94373e+22	4.43e-13	8.60e-09	7.88e-06	6.57e-04	9.56e-03	3.32e-02	4.75e-01	4.01e-01	8.03e-02	4.43e-13	8.72e-22	1.09e-21
 2.96516e+22	4.97e-13	9.62e-09	8.86e-06	7.38e-04	1.06e-02	3.59e-02	4.87e-01	3.91e-01	7.44e-02	4.97e-13	9.79e-22	1.23e-21
 2.98684e+22	5.54e-13	1.07e-08	9.90e-06	8.25e-04	1.17e-02	3.86e-02	4.99e-01	3.81e-01	6.90e-02	5.54e-13	1.09e-21	1.37e-21
 3.00894e+22	6.16e-13	1.19e-08	1.11e-05	9.26e-04	1.29e-02	4.17e-02	5.11e-01	3.70e-01	6.37e-02	6.16e-13	1.22e-21	1.52e-21
 3.02949e+22	6.71e-13	1.29e-08	1.22e-05	1.02e-03	1.40e-02	4.43e-02	5.20e-01	3.61e-01	5.97e-02	6.71e-13	1.33e-21	1.66e-21
 3.05065e+22	7.41e-13	1.43e-08	1.36e-05	1.14e-03	1.54e-02	4.78e-02	5.31e-01	3.50e-01	5.47e-02	7.41e-13	1.47e-21	1.84e-21
 3.07215e+22	8.05e-13	1.56e-08	1.49e-05	1.25e-03	1.67e-02	5.07e-02	5.40e-01	3.40e-01	5.11e-02	8.05e-13	1.59e-21	1.99e-21
 3.09414e+22	8.83e-13	1.72e-08	1.67e-05	1.40e-03	1.84e-02	5.48e-02	5.51e-01	3.28e-01	4.66e-02	8.83e-13	1.75e-21	2.19e-21
 3.11626e+22	9.58e-13	1.87e-08	1.82e-05	1.54e-03	1.98e-02	5.79e-02	5.58e-01	3.19e-01	4.35e-02	9.58e-13	1.90e-21	2.38e-21
 3.13854e+22	1.05e-12	2.06e-08	2.04e-05	1.72e-03	2.18e-02	6.23e-02	5.68e-01	3.07e-01	3.96e-02	1.05e-12	2.09e-21	2.61e-21
 3.16095e+22	1.13e-12	2.23e-08	2.22e-05	1.88e-03	2.34e-02	6.58e-02	5.74e-01	2.98e-01	3.69e-02	1.13e-12	2.25e-21	2.81e-21
 3.18351e+22	1.23e-12	2.46e-08	2.48e-05	2.10e-03	2.56e-02	7.05e-02	5.83e-01	2.86e-01	3.35e-02	1.23e-12	2.46e-21	3.07e-21
 3.20626e+22	1.33e-12	2.66e-08	2.70e-05	2.30e-03	2.74e-02	7.43e-02	5.88e-01	2.77e-01	3.11e-02	1.33e-12	2.65e-21	3.31e-21
 3.22926e+22	1.45e-12	2.93e-08	3.02e-05	2.57e-03	2.99e-02	7.95e-02	5.95e-01	2.65e-01	2.82e-02	1.45e-12	2.90e-21	3.62e-21
 3.25254e+22	1.56e-12	3.17e-08	3.30e-05	2.80e-03	3.20e-02	8.37e-02	6.00e-01	2.56e-01	2.61e-02	1.56e-12	3.12e-21	3.90e-21
 3.27620e+22	1.70e-12	3.50e-08	3.68e-05	3.13e-03	3.48e-02	8.94e-02	6.05e-01	2.44e-01	2.35e-02	1.70e-12	3.41e-21	4.26e-21
 3.30024e+22	1.83e-12	3.81e-08	4.04e-05	3.43e-03	3.72e-02	9.40e-02	6.09e-01	2.35e-01	2.17e-02	1.83e-12	3.69e-21	4.60e-21
 3.32479e+22	2.00e-12	4.22e-08	4.53e-05	3.84e-03	4.04e-02	1.00e-01	6.13e-01	2.23e-01	1.95e-02	2.00e-12	4.04e-21	5.04e-21
 3.34985e+22	2.18e-12	4.62e-08	4.99e-05	4.21e-03	4.32e-02	1.05e-01	6.15e-01	2.14e-01	1.79e-02	2.18e-12	4.40e-21	5.48e-21
 3.37557e+22	2.39e-12	5.15e-08	5.63e-05	4.73e-03	4.69e-02	1.12e-01	6.17e-01	2.03e-01	1.60e-02	2.39e-12	4.85e-21	6.04e-21
 3.40193e+22	2.62e-12	5.68e-08	6.23e-05	5.20e-03	5.01e-02	1.18e-01	6.19e-01	1.94e-01	1.46e-02	2.62e-12	5.31e-21	6.62e-21
 3.42914e+22	2.89e-12	6.39e-08	7.09e-05	5.87e-03	5.45e-02	1.25e-01	6.19e-01	1.82e-01	1.29e-02	2.89e-12	5.90e-21	7.34e-21
 3.45474e+22	3.15e-12	7.00e-08	7.76e-05	6.36e-03	5.76e-02	1.30e-01	6.19e-01	1.75e-01	1.19e-02	3.15e-12	6.43e-21	8.01e-21
 3.47825e+22	3.47e-12	7.80e-08	8.69e-05	7.05e-03	6.17e-02	1.37e-01	6.17e-01	1.66e-01	1.07e-02	3.47e-12	7.10e-21	8.85e-21
 3.50156e+22	3.77e-12	8.53e-08	9.50e-05	7.63e-03	6.50e-02	1.42e-01	6.16e-01	1.59e-01	9.89e-03	3.77e-12	7.74e-21	9.63e-21
 3.52461e+22	4.12e-12	9.47e-08	1.06e-04	8.42e-03	6.93e-02	1.49e-01	6.13e-01	1.50e-01	8.88e-03	4.12e-12	8.48e-21	1.05e-20
 3.54780e+22	4.51e-12	1.04e-07	1.16e-04	9.10e-03	7.29e-02	1.54e-01	6.11e-01	1.44e-01	8.19e-03	4.51e-12	9.30e-21	1.16e-20
 3.57117e+22	4.99e-12	1.17e-07	1.30e-04	1.01e-02	7.77e-02	1.62e-01	6.07e-01	1.36e-01	7.35e-03	4.99e-12	1.03e-20	1.28e-20
 3.59496e+22	5.51e-12	1.29e-07	1.43e-04	1.09e-02	8.17e-02	1.67e-01	6.03e-01	1.30e-01	6.75e-03	5.51e-12	1.14e-20	1.42e-20
 3.61930e+22	6.15e-12	1.46e-07	1.62e-04	1.21e-02	8.70e-02	1.75e-01	5.98e-01	1.22e-01	6.02e-03	6.15e-12	1.28e-20	1.59e-20
 3.64397e+22	6.83e-12	1.63e-07	1.79e-04	1.31e-02	9.15e-02	1.80e-01	5.93e-01	1.16e-01	5.51e-03	6.83e-12	1.42e-20	1.77e-20
 3.66907e+22	7.71e-12	1.85e-07	2.03e-04	1.45e-02	9.74e-02	1.88e-01	5.86e-01	1.09e-01	4.88e-03	7.71e-12	1.61e-20	2.00e-20
 3.69467e+22	8.66e-12	2.09e-07	2.25e-04	1.58e-02	1.02e-01	1.94e-01	5.80e-01	1.03e-01	4.45e-03	8.66e-12	1.82e-20	2.26e-20
 3.72091e+22	9.88e-12	2.40e-07	2.57e-04	1.75e-02	1.09e-01	2.02e-01	5.71e-01	9.62e-02	3.91e-03	9.88e-12	2.08e-20	2.58e-20
 3.74773e+22	1.12e-11	2.73e-07	2.88e-04	1.91e-02	1.15e-01	2.08e-01	5.63e-01	9.09e-02	3.54e-03	1.12e-11	2.37e-20	2.94e-20
 3.77528e+22	1.30e-11	3.19e-07	3.31e-04	2.13e-02	1.22e-01	2.16e-01	5.53e-01	8.41e-02	3.09e-03	1.30e-11	2.76e-20	3.42e-20
 3.80344e+22	1.49e-11	3.64e-07	3.72e-04	2.33e-02	1.28e-01	2.22e-01	5.44e-01	7.90e-02	2.78e-03	1.49e-11	3.18e-20	3.94e-20
 3.83238e+22	1.76e-11	4.32e-07	4.33e-04	2.61e-02	1.37e-01	2.31e-01	5.31e-01	7.26e-02	2.41e-03	1.76e-11	3.78e-20	4.68e-20
 3.86168e+22	2.04e-11	4.98e-07	4.88e-04	2.85e-02	1.44e-01	2.37e-01	5.21e-01	6.80e-02	2.15e-03	2.04e-11	4.40e-20	5.44e-20
 3.89142e+22	2.44e-11	5.96e-07	5.69e-04	3.19e-02	1.53e-01	2.44e-01	5.06e-01	6.21e-02	1.85e-03	2.44e-11	5.29e-20	6.55e-20
 3.92152e+22	2.86e-11	6.92e-07	6.44e-04	3.48e-02	1.60e-01	2.50e-01	4.95e-01	5.79e-02	1.64e-03	2.86e-11	6.23e-20	7.70e-20
 3.95208e+22	3.47e-11	8.35e-07	7.54e-04	3.90e-02	1.70e-01	2.57e-01	4.79e-01	5.26e-02	1.40e-03	3.47e-11	7.61e-20	9.40e-20
 3.98191e+22	4.06e-11	9.64e-07	8.47e-04	4.23e-02	1.78e-01	2.62e-01	4.67e-01	4.91e-02	1.25e-03	4.06e-11	8.94e-20	1.10e-19
 4.01079e+22	4.89e-11	1.16e-06	9.83e-04	4.69e-02	1.87e-01	2.68e-01	4.51e-01	4.47e-02	1.08e-03	4.89e-11	1.09e-19	1.34e-19
 4.04067e+22	5.81e-11	1.35e-06	1.11e-03	5.11e-02	1.96e-01	2.72e-01	4.38e-01	4.14e-02	9.51e-04	5.81e-11	1.30e-19	1.60e-19
 4.06619e+22	6.74e-11	1.55e-06	1.24e-03	5.50e-02	2.03e-01	2.76e-01	4.25e-01	3.86e-02	8.49e-04	6.74e-11	1.51e-19	1.86e-19
 4.09371e+22	8.15e-11	1.84e-06	1.43e-03	6.04e-02	2.13e-01	2.80e-01	4.10e-01	3.51e-02	7.32e-04	8.15e-11	1.84e-19	2.27e-19
 4.12125e+22	9.50e-11	2.11e-06	1.59e-03	6.49e-02	2.20e-01	2.83e-01	3.97e-01	3.26e-02	6.51e-04	9.50e-11	2.16e-19	2.66e-19
 4.14880e+22	1.15e-10	2.51e-06	1.82e-03	7.10e-02	2.30e-01	2.86e-01	3.81e-01	2.97e-02	5.63e-04	1.15e-10	2.64e-19	3.25e-19
 4.17745e+22	1.37e-10	2.93e-06	2.05e-03	7.68e-02	2.38e-01	2.88e-01	3.67e-01	2.72e-02	4.92e-04	1.37e-10	3.15e-19	3.88e-19
 4.20305e+22	1.61e-10	3.38e-06	2.29e-03	8.24e-02	2.46e-01	2.90e-01	3.54e-01	2.51e-02	4.35e-04	1.61e-10	3.74e-19	4.60e-19
 4.23183e+22	1.99e-10	4.04e-06	2.63e-03	9.00e-02	2.56e-01	2.91e-01	3.37e-01	2.27e-02	3.71e-04	1.99e-10	4.65e-19	5.72e-19
 4.26209e+22	2.41e-10	4.76e-06	2.97e-03	9.74e-02	2.65e-01	2.92e-01	3.22e-01	2.06e-02	3.20e-04	2.41e-10	5.67e-19	6.96e-19
 4.28957e+22	2.88e-10	5.55e-06	3.34e-03	1.05e-01	2.73e-01	2.92e-01	3.08e-01	1.88e-02	2.79e-04	2.88e-10	6.84e-19	8.40e-19
 4.32063e+22	3.63e-10	6.73e-06	3.85e-03	1.14e-01	2.83e-01	2.91e-01	2.91e-01	1.67e-02	2.34e-04	3.63e-10	8.71e-19	1.07e-18
 4.35261e+22	4.44e-10	7.96e-06	4.37e-03	1.24e-01	2.91e-01	2.90e-01	2.76e-01	1.50e-02	1.99e-04	4.44e-10	1.07e-18	1.32e-18
 4.38102e+22	5.37e-10	9.31e-06	4.90e-03	1.32e-01	2.99e-01	2.88e-01	2.62e-01	1.36e-02	1.72e-04	5.37e-10	1.31e-18	1.61e-18
 4.41319e+22	6.84e-10	1.13e-05	5.66e-03	1.44e-01	3.08e-01	2.85e-01	2.45e-01	1.19e-02	1.42e-04	6.84e-10	1.69e-18	2.07e-18
 4.44651e+22	8.47e-10	1.35e-05	6.42e-03	1.55e-01	3.16e-01	2.82e-01	2.30e-01	1.06e-02	1.19e-04	8.47e-10	2.12e-18	2.59e-18
 4.47640e+22	1.04e-09	1.59e-05	7.21e-03	1.66e-01	3.23e-01	2.78e-01	2.16e-01	9.46e-03	1.01e-04	1.04e-09	2.62e-18	3.20e-18
 4.51030e+22	1.35e-09	1.95e-05	8.35e-03	1.81e-01	3.31e-01	2.73e-01	1.99e-01	8.16e-03	8.19e-05	1.35e-09	3.45e-18	4.21e-18
 4.54527e+22	1.68e-09	2.32e-05	9.45e-03	1.94e-01	3.37e-01	2.67e-01	1.85e-01	7.17e-03	6.81e-05	1.68e-09	4.36e-18	5.32e-18
 4.58161e+22	2.23e-09	2.88e-05	1.10e-02	2.11e-01	3.44e-01	2.60e-01	1.69e-01	6.09e-03	5.39e-05	2.23e-09	5.88e-18	7.16e-18
 4.61834e+22	2.80e-09	3.43e-05	1.24e-02	2.25e-01	3.48e-01	2.53e-01	1.56e-01	5.30e-03	4.43e-05	2.80e-09	7.49e-18	9.12e-18
 4.65065e+22	3.50e-09	4.07e-05	1.40e-02	2.39e-01	3.52e-01	2.46e-01	1.44e-01	4.62e-03	3.65e-05	3.50e-09	9.51e-18	1.16e-17
 4.68774e+22	4.67e-09	5.06e-05	1.62e-02	2.58e-01	3.56e-01	2.36e-01	1.29e-01	3.86e-03	2.84e-05	4.67e-09	1.29e-17	1.57e-17
 4.72524e+22	5.89e-09	6.02e-05	1.82e-02	2.74e-01	3.58e-01	2.28e-01	1.18e-01	3.32e-03	2.30e-05	5.89e-09	1.66e-17	2.02e-17
 4.76326e+22	7.87e-09	7.45e-05	2.10e-02	2.94e-01	3.60e-01	2.16e-01	1.06e-01	2.75e-03	1.77e-05	7.87e-09	2.28e-17	2.76e-17
 4.80187e+22	1.00e-08	8.89e-05	2.36e-02	3.11e-01	3.60e-01	2.07e-01	9.56e-02	2.34e-03	1.42e-05	1.00e-08	2.95e-17	3.58e-17
 4.84125e+22	1.35e-08	1.11e-04	2.73e-02	3.32e-01	3.59e-01	1.95e-01	8.41e-02	1.90e-03	1.06e-05	1.35e-08	4.11e-17	4.97e-17
 4.88102e+22	1.72e-08	1.32e-04	3.06e-02	3.50e-01	3.57e-01	1.85e-01	7.56e-02	1.60e-03	8.44e-06	1.72e-08	5.35e-17	6.48e-17
 4.92131e+22	2.34e-08	1.64e-04	3.52e-02	3.72e-01	3.53e-01	1.73e-01	6.57e-02	1.28e-03	6.23e-06	2.34e-08	7.53e-17	9.11e-17
 4.96197e+22	2.98e-08	1.95e-04	3.92e-02	3.89e-01	3.49e-01	1.63e-01	5.86e-02	1.07e-03	4.89e-06	2.98e-08	9.86e-17	1.19e-16
 5.00311e+22	4.07e-08	2.42e-04	4.50e-02	4.11e-01	3.43e-01	1.50e-01	5.04e-02	8.48e-04	3.56e-06	4.07e-08	1.40e-16	1.69e-16
 5.04482e+22	5.21e-08	2.88e-04	5.00e-02	4.27e-01	3.37e-01	1.40e-01	4.45e-02	7.01e-04	2.75e-06	5.21e-08	1.84e-16	2.23e-16
 5.08104e+22	6.58e-08	3.38e-04	5.53e-02	4.43e-01	3.30e-01	1.31e-01	3.94e-02	5.82e-04	2.15e-06	6.58e-08	2.40e-16	2.90e-16
 5.12189e+22	8.90e-08	4.17e-04	6.27e-02	4.63e-01	3.20e-01	1.20e-01	3.36e-02	4.55e-04	1.55e-06	8.90e-08	3.38e-16	4.08e-16
 5.16081e+22	1.09e-07	4.79e-04	6.81e-02	4.76e-01	3.13e-01	1.12e-01	3.00e-02	3.84e-04	1.23e-06	1.09e-07	4.27e-16	5.15e-16
 5.19721e+22	1.43e-07	5.75e-04	7.59e-02	4.92e-01	3.03e-01	1.03e-01	2.58e-02	3.06e-04	9.11e-07	1.43e-07	5.78e-16	6.98e-16
 5.23361e+22	1.74e-07	6.60e-04	8.22e-02	5.03e-01	2.95e-01	9.56e-02	2.30e-02	2.57e-04	7.22e-07	1.74e-07	7.28e-16	8.77e-16
 5.27001e+22	2.25e-07	7.82e-04	9.07e-02	5.17e-01	2.85e-01	8.73e-02	1.98e-02	2.05e-04	5.38e-07	2.25e-07	9.69e-16	1.17e-15
 5.30777e+22	2.81e-07	9.10e-04	9.89e-02	5.28e-01	2.75e-01	8.03e-02	1.73e-02	1.67e-04	4.11e-07	2.81e-07	1.25e-15	1.51e-15
 5.34166e+22	3.45e-07	1.04e-03	1.07e-01	5.37e-01	2.66e-01	7.41e-02	1.52e-02	1.39e-04	3.20e-07	3.45e-07	1.58e-15	1.90e-15
 5.38010e+22	4.49e-07	1.24e-03	1.18e-01	5.48e-01	2.53e-01	6.66e-02	1.28e-02	1.08e-04	2.31e-07	4.49e-07	2.13e-15	2.56e-15
 5.41914e+22	5.58e-07	1.44e-03	1.28e-01	5.56e-01	2.43e-01	6.08e-02	1.11e-02	8.77e-05	1.76e-07	5.58e-07	2.72e-15	3.27e-15
 5.45375e+22	6.86e-07	1.65e-03	1.37e-01	5.62e-01	2.33e-01	5.56e-02	9.71e-03	7.16e-05	1.35e-07	6.86e-07	3.43e-15	4.13e-15
 5.48730e+22	8.34e-07	1.87e-03	1.47e-01	5.68e-01	2.24e-01	5.10e-02	8.50e-03	5.89e-05	0.00e+00	8.34e-07	4.28e-15	5.14e-15
 5.51828e+22	9.97e-07	2.11e-03	1.57e-01	5.72e-01	2.15e-01	4.70e-02	7.51e-03	4.91e-05	0.00e+00	9.97e-07	5.24e-15	6.29e-15
 5.55214e+22	1.25e-06	2.44e-03	1.69e-01	5.76e-01	2.04e-01	4.23e-02	6.41e-03	3.91e-05	0.00e+00	1.25e-06	6.75e-15	8.09e-15
 5.58620e+22	1.48e-06	2.73e-03	1.79e-01	5.78e-01	1.96e-01	3.88e-02	5.65e-03	3.25e-05	0.00e+00	1.48e-06	8.23e-15	9.85e-15
 5.62049e+22	1.84e-06	3.15e-03	1.93e-01	5.79e-01	1.85e-01	3.48e-02	4.82e-03	2.58e-05	0.00e+00	1.84e-06	1.06e-14	1.26e-14
 5.65514e+22	2.21e-06	3.55e-03	2.04e-01	5.80e-01	1.76e-01	3.18e-02	4.20e-03	2.11e-05	0.00e+00	2.21e-06	1.30e-14	1.55e-14
 5.68526e+22	2.62e-06	3.96e-03	2.16e-01	5.79e-01	1.68e-01	2.90e-02	3.69e-03	1.75e-05	0.00e+00	2.62e-06	1.58e-14	1.88e-14
 5.71945e+22	3.25e-06	4.56e-03	2.31e-01	5.77e-01	1.58e-01	2.58e-02	3.12e-03	1.37e-05	0.00e+00	3.25e-06	2.02e-14	2.41e-14
 5.75405e+22	3.84e-06	5.08e-03	2.44e-01	5.75e-01	1.50e-01	2.35e-02	2.72e-03	1.13e-05	0.00e+00	3.84e-06	2.46e-14	2.92e-14
 5.78916e+22	4.76e-06	5.83e-03	2.60e-01	5.70e-01	1.41e-01	2.08e-02	2.29e-03	8.80e-06	0.00e+00	4.76e-06	3.15e-14	3.74e-14
 5.82481e+22	5.69e-06	6.53e-03	2.74e-01	5.66e-01	1.33e-01	1.87e-02	1.97e-03	7.11e-06	0.00e+00	5.69e-06	3.86e-14	4.59e-14
 5.85615e+22	6.73e-06	7.28e-03	2.88e-01	5.60e-01	1.25e-01	1.69e-02	1.71e-03	5.80e-06	0.00e+00	6.73e-06	4.70e-14	5.58e-14
 5.89188e+22	8.30e-06	8.33e-03	3.06e-01	5.53e-01	1.16e-01	1.49e-02	1.43e-03	4.47e-06	0.00e+00	8.30e-06	6.01e-14	7.14e-14
 5.92837e+22	9.90e-06	9.31e-03	3.22e-01	5.45e-01	1.09e-01	1.33e-02	1.22e-03	3.58e-06	0.00e+00	9.90e-06	7.38e-14	8.76e-14
 5.96092e+22	1.17e-05	1.04e-02	3.38e-01	5.37e-01	1.02e-01	1.19e-02	1.05e-03	2.88e-06	0.00e+00	1.17e-05	9.00e-14	1.07e-13
 5.99831e+22	1.45e-05	1.19e-02	3.58e-01	5.25e-01	9.40e-02	1.03e-02	8.61e-04	2.17e-06	0.00e+00	1.45e-05	1.16e-13	1.38e-13
 6.03625e+22	1.73e-05	1.33e-02	3.75e-01	5.14e-01	8.74e-02	9.13e-03	7.30e-04	1.71e-06	0.00e+00	1.73e-05	1.43e-13	1.69e-13
 6.07492e+22	2.14e-05	1.52e-02	3.96e-01	5.00e-01	7.99e-02	7.86e-03	5.95e-04	1.28e-06	0.00e+00	2.14e-05	1.84e-13	2.18e-13
 6.11456e+22	2.57e-05	1.70e-02	4.15e-01	4.87e-01	7.35e-02	6.85e-03	4.95e-04	9.87e-07	0.00e+00	2.57e-05	2.29e-13	2.72e-13
 6.14953e+22	3.05e-05	1.90e-02	4.33e-01	4.74e-01	6.80e-02	6.03e-03	4.17e-04	7.73e-07	0.00e+00	3.05e-05	2.80e-13	3.33e-13
 6.18905e+22	3.77e-05	2.17e-02	4.55e-01	4.56e-01	6.14e-02	5.11e-03	3.34e-04	5.66e-07	0.00e+00	3.77e-05	3.63e-13	4.30e-13
 6.22993e+22	4.51e-05	2.42e-02	4.74e-01	4.41e-01	5.61e-02	4.42e-03	2.76e-04	4.31e-07	0.00e+00	4.51e-05	4.50e-13	5.34e-13
 6.27259e+22	5.64e-05	2.78e-02	4.98e-01	4.20e-01	4.99e-02	3.67e-03	2.16e-04	3.06e-07	0.00e+00	5.64e-05	5.91e-13	7.01e-13
 6.31582e+22	6.78e-05	3.11e-02	5.17e-01	4.03e-01	4.52e-02	3.14e-03	1.76e-04	2.29e-07	0.00e+00	6.78e-05	7.39e-13	8.76e-13
 6.34810e+22	7.69e-05	3.37e-02	5.31e-01	3.91e-01	4.20e-02	2.81e-03	1.52e-04	1.86e-07	0.00e+00	7.69e-05	8.62e-13	1.02e-12
 6.37839e+22	8.98e-05	3.70e-02	5.47e-01	3.75e-01	3.85e-02	2.45e-03	1.27e-04	1.45e-07	0.00e+00	8.98e-05	1.04e-12	1.24e-12
 6.40963e+22	1.02e-04	4.01e-02	5.60e-01	3.62e-01	3.56e-02	2.17e-03	1.09e-04	0.00e+00	0.00e+00	1.02e-04	1.22e-12	1.45e-12
 6.44213e+22	1.20e-04	4.44e-02	5.76e-01	3.45e-01	3.22e-02	1.87e-03	8.95e-05	0.00e+00	0.00e+00	1.20e-04	1.50e-12	1.78e-12
 6.47477e+22	1.37e-04	4.79e-02	5.89e-01	3.32e-01	2.97e-02	1.65e-03	7.63e-05	0.00e+00	0.00e+00	1.37e-04	1.76e-12	2.08e-12
 6.50757e+22	1.61e-04	5.30e-02	6.04e-01	3.14e-01	2.68e-02	1.41e-03	6.22e-05	0.00e+00	0.00e+00	1.61e-04	2.16e-12	2.55e-12
 6.54071e+22	1.83e-04	5.72e-02	6.16e-01	3.01e-01	2.45e-02	1.23e-03	5.27e-05	0.00e+00	0.00e+00	1.83e-04	2.54e-12	3.00e-12
 6.57431e+22	2.15e-04	6.31e-02	6.30e-01	2.84e-01	2.20e-02	1.04e-03	4.26e-05	0.00e+00	0.00e+00	2.15e-04	3.11e-12	3.68e-12
 6.60852e+22	2.45e-04	6.83e-02	6.41e-01	2.70e-01	2.00e-02	9.08e-04	3.57e-05	0.00e+00	0.00e+00	2.45e-04	3.67e-12	4.33e-12
 6.64354e+22	2.89e-04	7.54e-02	6.54e-01	2.52e-01	1.77e-02	7.59e-04	2.85e-05	0.00e+00	0.00e+00	2.89e-04	4.53e-12	5.35e-12
 6.67906e+22	3.29e-04	8.15e-02	6.63e-01	2.38e-01	1.60e-02	6.54e-04	2.36e-05	0.00e+00	0.00e+00	3.29e-04	5.36e-12	6.32e-12
 6.71525e+22	3.89e-04	9.00e-02	6.74e-01	2.21e-01	1.41e-02	5.40e-04	1.86e-05	0.00e+00	0.00e+00	3.89e-04	6.64e-12	7.83e-12
 6.75215e+22	4.44e-04	9.73e-02	6.82e-01	2.07e-01	1.26e-02	4.60e-04	1.52e-05	0.00e+00	0.00e+00	4.44e-04	7.89e-12	9.29e-12
 6.78995e+22	5.26e-04	1.08e-01	6.90e-01	1.91e-01	1.09e-02	3.75e-04	1.18e-05	0.00e+00	0.00e+00	5.26e-04	9.84e-12	1.16e-11
 6.82859e+22	6.02e-04	1.16e-01	6.96e-01	1.77e-01	9.71e-03	3.16e-04	9.54e-06	0.00e+00	0.00e+00	6.02e-04	1.17e-11	1.38e-11
 6.86830e+22	7.16e-04	1.29e-01	7.01e-01	1.61e-01	8.33e-03	2.53e-04	7.26e-06	0.00e+00	0.00e+00	7.16e-04	1.47e-11	1.73e-11
 6.90859e+22	8.18e-04	1.39e-01	7.04e-01	1.49e-01	7.33e-03	2.10e-04	5.80e-06	0.00e+00	0.00e+00	8.18e-04	1.76e-11	2.06e-11
 6.94960e+22	9.68e-04	1.53e-01	7.06e-01	1.34e-01	6.25e-03	1.67e-04	4.38e-06	0.00e+00	0.00e+00	9.68e-04	2.20e-11	2.58e-11
 6.99159e+22	1.11e-03	1.65e-01	7.06e-01	1.22e-01	5.42e-03	1.36e-04	3.43e-06	0.00e+00	0.00e+00	1.11e-03	2.65e-11	3.10e-11
 7.03484e+22	1.33e-03	1.83e-01	7.03e-01	1.08e-01	4.52e-03	1.05e-04	2.50e-06	0.00e+00	0.00e+00	1.33e-03	3.36e-11	3.93e-11
 7.07799e+22	1.51e-03	1.96e-01	7.00e-01	9.79e-02	3.93e-03	8.58e-05	1.97e-06	0.00e+00	0.00e+00	1.51e-03	3.98e-11	4.66e-11
 7.12100e+22	1.79e-03	2.16e-01	6.93e-01	8.61e-02	3.27e-03	6.59e-05	1.44e-06	0.00e+00	0.00e+00	1.79e-03	4.99e-11	5.84e-11
 7.16539e+22	2.05e-03	2.32e-01	6.86e-01	7.70e-02	2.80e-03	5.27e-05	1.10e-06	0.00e+00	0.00e+00	2.05e-03	5.98e-11	6.99e-11
 7.21155e+22	2.45e-03	2.55e-01	6.74e-01	6.62e-02	2.28e-03	3.92e-05	7.81e-07	0.00e+00	0.00e+00	2.45e-03	7.61e-11	8.89e-11
 7.25845e+22	2.79e-03	2.74e-01	6.63e-01	5.85e-02	1.93e-03	3.09e-05	5.93e-07	0.00e+00	0.00e+00	2.79e-03	9.11e-11	1.06e-10
 7.30629e+22	3.34e-03	3.01e-01	6.45e-01	4.94e-02	1.55e-03	2.24e-05	4.10e-07	0.00e+00	0.00e+00	3.34e-03	1.16e-10	1.36e-10
 7.35531e+22	3.81e-03	3.22e-01	6.30e-01	4.30e-02	1.30e-03	1.73e-05	3.06e-07	0.00e+00	0.00e+00	3.81e-03	1.40e-10	1.63e-10
 7.40586e+22	4.59e-03	3.54e-01	6.05e-01	3.53e-02	1.02e-03	1.21e-05	2.05e-07	0.00e+00	0.00e+00	4.59e-03	1.81e-10	2.11e-10
 7.45780e+22	5.25e-03	3.79e-01	5.85e-01	3.01e-02	8.47e-04	9.15e-06	1.50e-07	0.00e+00	0.00e+00	5.25e-03	2.19e-10	2.55e-10
 7.51153e+22	6.36e-03	4.16e-01	5.53e-01	2.40e-02	6.51e-04	6.14e-06	0.00e+00	0.00e+00	0.00e+00	6.36e-03	2.85e-10	3.33e-10
 7.56711e+22	7.36e-03	4.46e-01	5.26e-01	1.98e-02	5.25e-04	4.42e-06	0.00e+00	0.00e+00	0.00e+00	7.36e-03	3.50e-10	4.08e-10
 7.62510e+22	8.99e-03	4.89e-01	4.86e-01	1.51e-02	3.93e-04	2.81e-06	0.00e+00	0.00e+00	0.00e+00	8.99e-03	4.63e-10	5.40e-10
 7.68569e+22	1.05e-02	5.25e-01	4.52e-01	1.18e-02	3.07e-04	1.90e-06	0.00e+00	0.00e+00	0.00e+00	1.05e-02	5.80e-10	6.77e-10
 7.74807e+22	1.30e-02	5.73e-01	4.05e-01	8.54e-03	2.23e-04	1.13e-06	0.00e+00	0.00e+00	0.00e+00	1.30e-02	7.76e-10	9.06e-10
 7.80212e+22	1.44e-02	5.98e-01	3.81e-01	7.05e-03	1.86e-04	8.37e-07	0.00e+00	0.00e+00	0.00e+00	1.44e-02	9.03e-10	1.05e-09
 7.84690e+22	1.68e-02	6.33e-01	3.45e-01	5.41e-03	1.46e-04	5.57e-07	0.00e+00	0.00e+00	0.00e+00	1.68e-02	1.11e-09	1.30e-09
 7.89427e+22	1.92e-02	6.64e-01	3.13e-01	4.20e-03	1.17e-04	3.80e-07	0.00e+00	0.00e+00	0.00e+00	1.92e-02	1.34e-09	1.57e-09
 7.94500e+22	2.29e-02	7.02e-01	2.72e-01	2.98e-03	8.71e-05	2.27e-07	0.00e+00	0.00e+00	0.00e+00	2.29e-02	1.71e-09	2.00e-09
 7.99667e+22	2.65e-02	7.32e-01	2.39e-01	2.20e-03	6.77e-05	1.45e-07	0.00e+00	0.00e+00	0.00e+00	2.65e-02	2.09e-09	2.44e-09
 8.04956e+22	3.20e-02	7.68e-01	1.99e-01	1.45e-03	4.84e-05	0.00e+00	0.00e+00	0.00e+00	0.00e+00	3.20e-02	2.71e-09	3.17e-09
 8.09837e+22	3.68e-02	7.90e-01	1.72e-01	1.06e-03	3.80e-05	0.00e+00	0.00e+00	0.00e+00	0.00e+00	3.68e-02	3.24e-09	3.77e-09
 8.13506e+22	4.19e-02	8.08e-01	1.49e-01	7.86e-04	3.01e-05	0.00e+00	0.00e+00	0.00e+00	0.00e+00	4.19e-02	3.84e-09	4.45e-09
 8.17593e+22	4.94e-02	8.27e-01	1.23e-01	5.30e-04	2.22e-05	0.00e+00	0.00e+00	0.00e+00	0.00e+00	4.94e-02	4.77e-09	5.51e-09
 8.21935e+22	5.85e-02	8.41e-01	9.96e-02	3.54e-04	1.63e-05	0.00e+00	0.00e+00	0.00e+00	0.00e+00	5.85e-02	5.91e-09	6.82e-09
 8.25908e+22	6.94e-02	8.51e-01	7.96e-02	2.34e-04	1.19e-05	0.00e+00	0.00e+00	0.00e+00	0.00e+00	6.94e-02	7.33e-09	8.45e-09
 8.29708e+22	8.30e-02	8.55e-01	6.23e-02	1.52e-04	8.49e-06	0.00e+00	0.00e+00	0.00e+00	0.00e+00	8.30e-02	9.13e-09	1.05e-08
 8.33292e+22	9.96e-02	8.52e-01	4.80e-02	9.87e-05	5.98e-06	0.00e+00	0.00e+00	0.00e+00	0.00e+00	9.96e-02	1.14e-08	1.31e-08
 8.36593e+22	1.20e-01	8.44e-01	3.65e-02	6.43e-05	4.17e-06	0.00e+00	0.00e+00	0.00e+00	0.00e+00	1.20e-01	1.41e-08	1.64e-08
 8.39606e+22	1.44e-01	8.29e-01	2.74e-02	4.24e-05	2.87e-06	0.00e+00	0.00e+00	0.00e+00	0.00e+00	1.44e-01	1.74e-08	2.02e-08
 8.42346e+22	1.72e-01	8.08e-01	2.05e-02	2.85e-05	1.97e-06	0.00e+00	0.00e+00	0.00e+00	0.00e+00	1.72e-01	2.12e-08	2.47e-08
 8.44842e+22	2.04e-01	7.80e-01	1.52e-02	1.95e-05	1.34e-06	0.00e+00	0.00e+00	0.00e+00	0.00e+00	2.04e-01	2.54e-08	2.96e-08
 8.47115e+22	2.41e-01	7.48e-01	1.13e-02	1.37e-05	9.09e-07	0.00e+00	0.00e+00	0.00e+00	0.00e+00	2.41e-01	3.00e-08	3.49e-08
 8.49183e+22	2.81e-01	7.10e-01	8.38e-03	9.89e-06	6.19e-07	0.00e+00	0.00e+00	0.00e+00	0.00e+00	2.81e-01	3.48e-08	4.04e-08
 8.50490e+22	3.09e-01	6.84e-01	6.99e-03	8.19e-06	4.92e-07	0.00e+00	0.00e+00	0.00e+00	0.00e+00	3.09e-01	3.76e-08	4.36e-08
 8.50990e+22	3.20e-01	6.74e-01	6.49e-03	7.59e-06	4.47e-07	0.00e+00	0.00e+00	0.00e+00	0.00e+00	3.20e-01	3.87e-08	4.49e-08
 8.51390e+22	3.30e-01	6.64e-01	6.08e-03	7.11e-06	4.10e-07	0.00e+00	0.00e+00	0.00e+00	0.00e+00	3.30e-01	3.97e-08	4.61e-08
 8.51898e+22	3.42e-01	6.52e-01	5.59e-03	6.54e-06	3.68e-07	0.00e+00	0.00e+00	0.00e+00	0.00e+00	3.42e-01	4.11e-08	4.76e-08
 8.52514e+22	3.59e-01	6.36e-01	5.04e-03	5.90e-06	3.21e-07	0.00e+00	0.00e+00	0.00e+00	0.00e+00	3.59e-01	4.27e-08	4.94e-08
 8.53142e+22	3.75e-01	6.21e-01	4.55e-03	5.35e-06	2.81e-07	0.00e+00	0.00e+00	0.00e+00	0.00e+00	3.75e-01	4.42e-08	5.12e-08
 8.53740e+22	3.92e-01	6.04e-01	4.10e-03	4.85e-06	2.46e-07	0.00e+00	0.00e+00	0.00e+00	0.00e+00	3.92e-01	4.57e-08	5.29e-08
 8.54327e+22	4.07e-01	5.89e-01	3.72e-03	4.43e-06	2.16e-07	0.00e+00	0.00e+00	0.00e+00	0.00e+00	4.07e-01	4.70e-08	5.44e-08
 8.54946e+22	4.25e-01	5.72e-01	3.33e-03	4.00e-06	1.88e-07	0.00e+00	0.00e+00	0.00e+00	0.00e+00	4.25e-01	4.85e-08	5.61e-08
 8.55607e+22	4.44e-01	5.53e-01	2.96e-03	3.60e-06	1.62e-07	0.00e+00	0.00e+00	0.00e+00	0.00e+00	4.44e-01	4.99e-08	5.77e-08
 8.56252e+22	4.64e-01	5.34e-01	2.64e-03	3.25e-06	1.39e-07	0.00e+00	0.00e+00	0.00e+00	0.00e+00	4.64e-01	5.13e-08	5.93e-08
 8.56886e+22	4.83e-01	5.15e-01	2.35e-03	2.94e-06	0.00e+00	0.00e+00	0.00e+00	0.00e+00	0.00e+00	4.83e-01	5.25e-08	6.06e-08
 8.57535e+22	5.02e-01	4.96e-01	2.09e-03	2.66e-06	0.00e+00	0.00e+00	0.00e+00	0.00e+00	0.00e+00	5.02e-01	5.36e-08	6.19e-08
 8.58236e+22	5.23e-01	4.75e-01	1.84e-03	2.38e-06	0.00e+00	0.00e+00	0.00e+00	0.00e+00	0.00e+00	5.23e-01	5.47e-08	6.32e-08
 8.58979e+22	5.46e-01	4.52e-01	1.60e-03	2.12e-06	0.00e+00	0.00e+00	0.00e+00	0.00e+00	0.00e+00	5.46e-01	5.57e-08	6.43e-08
 8.59706e+22	5.67e-01	4.31e-01	1.39e-03	1.90e-06	0.00e+00	0.00e+00	0.00e+00	0.00e+00	0.00e+00	5.67e-01	5.65e-08	6.52e-08
 8.60416e+22	5.87e-01	4.11e-01	1.22e-03	1.71e-06	0.00e+00	0.00e+00	0.00e+00	0.00e+00	0.00e+00	5.87e-01	5.72e-08	6.59e-08
 8.60997e+22	6.03e-01	3.96e-01	1.10e-03	1.58e-06	0.00e+00	0.00e+00	0.00e+00	0.00e+00	0.00e+00	6.03e-01	5.75e-08	6.62e-08
 8.61400e+22	6.15e-01	3.84e-01	1.03e-03	1.49e-06	0.00e+00	0.00e+00	0.00e+00	0.00e+00	0.00e+00	6.15e-01	5.77e-08	6.64e-08
 8.61769e+22	6.25e-01	3.74e-01	9.58e-04	1.41e-06	0.00e+00	0.00e+00	0.00e+00	0.00e+00	0.00e+00	6.25e-01	5.78e-08	6.66e-08
 8.62192e+22	6.35e-01	3.64e-01	8.87e-04	1.33e-06	0.00e+00	0.00e+00	0.00e+00	0.00e+00	0.00e+00	6.35e-01	5.80e-08	6.68e-08
 8.62683e+22	6.48e-01	3.51e-01	8.10e-04	1.24e-06	0.00e+00	0.00e+00	0.00e+00	0.00e+00	0.00e+00	6.48e-01	5.82e-08	6.69e-08
 8.63183e+22	6.61e-01	3.39e-01	7.40e-04	1.16e-06	0.00e+00	0.00e+00	0.00e+00	0.00e+00	0.00e+00	6.61e-01	5.82e-08	6.69e-08
 8.63650e+22	6.72e-01	3.28e-01	6.81e-04	1.09e-06	0.00e+00	0.00e+00	0.00e+00	0.00e+00	0.00e+00	6.72e-01	5.82e-08	6.69e-08
 8.64106e+22	6.83e-01	3.17e-01	6.26e-04	1.02e-06	0.00e+00	0.00e+00	0.00e+00	0.00e+00	0.00e+00	6.83e-01	5.81e-08	6.68e-08
 8.64570e+22	6.93e-01	3.06e-01	5.77e-04	9.64e-07	0.00e+00	0.00e+00	0.00e+00	0.00e+00	0.00e+00	6.93e-01	5.81e-08	6.67e-08
 8.65058e+22	7.04e-01	2.96e-01	5.29e-04	9.05e-07	0.00e+00	0.00e+00	0.00e+00	0.00e+00	0.00e+00	7.04e-01	5.79e-08	6.65e-08
 8.65565e+22	7.15e-01	2.85e-01	4.84e-04	8.48e-07	0.00e+00	0.00e+00	0.00e+00	0.00e+00	0.00e+00	7.15e-01	5.78e-08	6.63e-08
 8.66067e+22	7.25e-01	2.75e-01	4.44e-04	7.97e-07	0.00e+00	0.00e+00	0.00e+00	0.00e+00	0.00e+00	7.25e-01	5.76e-08	6.60e-08
 8.66572e+22	7.35e-01	2.65e-01	4.07e-04	7.50e-07	0.00e+00	0.00e+00	0.00e+00	0.00e+00	0.00e+00	7.35e-01	5.73e-08	6.57e-08
 8.67095e+22	7.44e-01	2.55e-01	3.73e-04	7.05e-07	0.00e+00	0.00e+00	0.00e+00	0.00e+00	0.00e+00	7.44e-01	5.71e-08	6.54e-08
 8.67637e+22	7.54e-01	2.46e-01	3.40e-04	6.62e-07	0.00e+00	0.00e+00	0.00e+00	0.00e+00	0.00e+00	7.54e-01	5.68e-08	6.50e-08
 8.68186e+22	7.63e-01	2.37e-01	3.11e-04	6.22e-07	0.00e+00	0.00e+00	0.00e+00	0.00e+00	0.00e+00	7.63e-01	5.65e-08	6.47e-08
 8.68741e+22	7.72e-01	2.28e-01	2.84e-04	5.85e-07	0.00e+00	0.00e+00	0.00e+00	0.00e+00	0.00e+00	7.72e-01	5.62e-08	6.43e-08
 8.69315e+22	7.81e-01	2.19e-01	2.59e-04	5.50e-07	0.00e+00	0.00e+00	0.00e+00	0.00e+00	0.00e+00	7.81e-01	5.58e-08	6.39e-08
 8.69907e+22	7.89e-01	2.11e-01	2.36e-04	5.17e-07	0.00e+00	0.00e+00	0.00e+00	0.00e+00	0.00e+00	7.89e-01	5.55e-08	6.34e-08
 8.70513e+22	7.97e-01	2.02e-01	2.15e-04	4.86e-07	0.00e+00	0.00e+00	0.00e+00	0.00e+00	0.00e+00	7.97e-01	5.51e-08	6.29e-08
 8.71131e+22	8.05e-01	1.94e-01	1.95e-04	4.57e-07	0.00e+00	0.00e+00	0.00e+00	0.00e+00	0.00e+00	8.05e-01	5.47e-08	6.25e-08
 8.71765e+22	8.13e-01	1.87e-01	1.78e-04	4.29e-07	0.00e+00	0.00e+00	0.00e+00	0.00e+00	0.00e+00	8.13e-01	5.44e-08	6.20e-08
 8.72420e+22	8.21e-01	1.79e-01	1.61e-04	4.03e-07	0.00e+00	0.00e+00	0.00e+00	0.00e+00	0.00e+00	8.21e-01	5.39e-08	6.14e-08
 8.73096e+22	8.28e-01	1.72e-01	1.47e-04	3.79e-07	0.00e+00	0.00e+00	0.00e+00	0.00e+00	0.00e+00	8.28e-01	5.35e-08	6.07e-08
 8.73787e+22	8.35e-01	1.65e-01	1.33e-04	3.56e-07	0.00e+00	0.00e+00	0.00e+00	0.00e+00	0.00e+00	8.35e-01	5.30e-08	6.00e-08
 8.74494e+22	8.42e-01	1.58e-01	1.21e-04	3.35e-07	0.00e+00	0.00e+00	0.00e+00	0.00e+00	0.00e+00	8.42e-01	5.26e-08	5.94e-08
 8.75222e+22	8.48e-01	1.52e-01	1.10e-04	3.14e-07	0.00e+00	0.00e+00	0.00e+00	0.00e+00	0.00e+00	8.48e-01	5.21e-08	5.87e-08
 8.75976e+22	8.55e-01	1.45e-01	9.95e-05	2.95e-07	0.00e+00	0.00e+00	0.00e+00	0.00e+00	0.00e+00	8.55e-01	5.17e-08	5.80e-08
 8.76750e+22	8.61e-01	1.39e-01	9.02e-05	2.77e-07	0.00e+00	0.00e+00	0.00e+00	0.00e+00	0.00e+00	8.61e-01	5.13e-08	5.73e-08
 8.77542e+22	8.67e-01	1.33e-01	8.20e-05	2.61e-07	0.00e+00	0.00e+00	0.00e+00	0.00e+00	0.00e+00	8.67e-01	5.09e-08	5.67e-08
 8.78342e+22	8.72e-01	1.28e-01	7.47e-05	2.45e-07	0.00e+00	0.00e+00	0.00e+00	0.00e+00	0.00e+00	8.72e-01	5.05e-08	5.61e-08
 8.79155e+22	8.78e-01	1.22e-01	6.81e-05	2.31e-07	0.00e+00	0.00e+00	0.00e+00	0.00e+00	0.00e+00	8.78e-01	5.01e-08	5.54e-08
 8.79998e+22	8.83e-01	1.17e-01	6.22e-05	2.17e-07	0.00e+00	0.00e+00	0.00e+00	0.00e+00	0.00e+00	8.83e-01	4.97e-08	5.48e-08
 8.80845e+22	8.87e-01	1.12e-01	5.70e-05	2.04e-07	0.00e+00	0.00e+00	0.00e+00	0.00e+00	0.00e+00	8.87e-01	4.93e-08	5.42e-08
 8.81685e+22	8.92e-01	1.08e-01	5.24e-05	1.93e-07	0.00e+00	0.00e+00	0.00e+00	0.00e+00	0.00e+00	8.92e-01	4.90e-08	5.36e-08
 8.82546e+22	8.96e-01	1.04e-01	4.83e-05	1.82e-07	0.00e+00	0.00e+00	0.00e+00	0.00e+00	0.00e+00	8.96e-01	4.87e-08	5.30e-08
 8.83435e+22	9.00e-01	9.96e-02	4.46e-05	1.72e-07	0.00e+00	0.00e+00	0.00e+00	0.00e+00	0.00e+00	9.00e-01	4.84e-08	5.25e-08
 8.84332e+22	9.04e-01	9.58e-02	4.14e-05	1.63e-07	0.00e+00	0.00e+00	0.00e+00	0.00e+00	0.00e+00	9.04e-01	4.82e-08	5.21e-08
 8.85236e+22	9.08e-01	9.20e-02	3.85e-05	1.54e-07	0.00e+00	0.00e+00	0.00e+00	0.00e+00	0.00e+00	9.08e-01	4.79e-08	5.16e-08
 8.86168e+22	9.12e-01	8.84e-02	3.59e-05	1.45e-07	0.00e+00	0.00e+00	0.00e+00	0.00e+00	0.00e+00	9.12e-01	4.77e-08	5.11e-08
 8.87123e+22	9.15e-01	8.50e-02	3.35e-05	1.37e-07	0.00e+00	0.00e+00	0.00e+00	0.00e+00	0.00e+00	9.15e-01	4.75e-08	5.07e-08
