#depth	Ne	Ne+	Ne+2	Ne+3	Ne+4	Ne+5	Ne+6	Ne+7	Ne+8	Ne+9	Ne+10
 4.62852e+21	5.71e-30	4.37e-24	2.23e-19	1.62e-15	2.72e-12	1.11e-09	1.70e-07	1.59e-05	5.06e-03	1.32e-01	8.63e-01
 1.04464e+22	7.42e-28	3.41e-22	1.05e-17	4.64e-14	4.82e-11	1.20e-08	1.08e-06	6.01e-05	1.18e-02	1.93e-01	7.95e-01
 1.22303e+22	1.12e-26	3.86e-21	8.88e-17	2.98e-13	2.36e-10	4.47e-08	2.97e-06	1.23e-04	1.85e-02	2.33e-01	7.48e-01
 1.31223e+22	4.91e-26	1.45e-20	2.85e-16	8.19e-13	5.60e-10	9.10e-08	5.13e-06	1.81e-04	2.34e-02	2.57e-01	7.19e-01
 1.34940e+22	7.26e-26	2.06e-20	3.88e-16	1.07e-12	7.03e-10	1.10e-07	5.92e-06	2.00e-04	2.49e-02	2.63e-01	7.11e-01
 1.36151e+22	9.27e-26	2.57e-20	4.70e-16	1.26e-12	8.10e-10	1.23e-07	6.47e-06	2.12e-04	2.59e-02	2.68e-01	7.06e-01
 1.37228e+22	1.28e-25	3.42e-20	6.05e-16	1.57e-12	9.76e-10	1.44e-07	7.28e-06	2.31e-04	2.72e-02	2.73e-01	7.00e-01
 1.38333e+22	1.68e-25	4.38e-20	7.52e-16	1.90e-12	1.15e-09	1.64e-07	8.05e-06	2.47e-04	2.84e-02	2.78e-01	6.94e-01
 1.39283e+22	2.16e-25	5.48e-20	9.15e-16	2.25e-12	1.32e-09	1.85e-07	8.82e-06	2.63e-04	2.95e-02	2.82e-01	6.88e-01
 1.40327e+22	3.01e-25	7.38e-20	1.19e-15	2.82e-12	1.61e-09	2.16e-07	9.95e-06	2.86e-04	3.10e-02	2.87e-01	6.81e-01
 1.41374e+22	3.91e-25	9.33e-20	1.46e-15	3.37e-12	1.87e-09	2.45e-07	1.09e-05	3.06e-04	3.23e-02	2.92e-01	6.76e-01
 1.42427e+22	5.57e-25	1.28e-19	1.93e-15	4.28e-12	2.29e-09	2.90e-07	1.24e-05	3.34e-04	3.40e-02	2.98e-01	6.68e-01
 1.43481e+22	7.23e-25	1.61e-19	2.36e-15	5.10e-12	2.66e-09	3.28e-07	1.37e-05	3.57e-04	3.54e-02	3.02e-01	6.62e-01
 1.44400e+22	9.51e-25	2.07e-19	2.93e-15	6.15e-12	3.12e-09	3.74e-07	1.51e-05	3.82e-04	3.69e-02	3.07e-01	6.55e-01
 1.45302e+22	1.24e-24	2.62e-19	3.61e-15	7.36e-12	3.64e-09	4.24e-07	1.66e-05	4.09e-04	3.84e-02	3.12e-01	6.49e-01
 1.46323e+22	1.78e-24	3.62e-19	4.80e-15	9.40e-12	4.48e-09	5.04e-07	1.89e-05	4.47e-04	4.05e-02	3.18e-01	6.41e-01
 1.47329e+22	2.31e-24	4.57e-19	5.88e-15	1.12e-11	5.20e-09	5.70e-07	2.08e-05	4.77e-04	4.21e-02	3.23e-01	6.35e-01
 1.48317e+22	3.28e-24	6.26e-19	7.75e-15	1.42e-11	6.37e-09	6.74e-07	2.36e-05	5.21e-04	4.44e-02	3.29e-01	6.26e-01
 1.49319e+22	4.35e-24	8.06e-19	9.66e-15	1.72e-11	7.50e-09	7.70e-07	2.62e-05	5.59e-04	4.63e-02	3.34e-01	6.19e-01
 1.50337e+22	6.26e-24	1.12e-18	1.28e-14	2.20e-11	9.24e-09	9.16e-07	2.99e-05	6.12e-04	4.89e-02	3.40e-01	6.10e-01
 1.51335e+22	8.17e-24	1.42e-18	1.58e-14	2.63e-11	1.08e-08	1.04e-06	3.29e-05	6.54e-04	5.09e-02	3.45e-01	6.03e-01
 1.52307e+22	1.16e-23	1.95e-18	2.09e-14	3.34e-11	1.32e-08	1.23e-06	3.75e-05	7.15e-04	5.36e-02	3.52e-01	5.94e-01
 1.53293e+22	1.54e-23	2.50e-18	2.60e-14	4.04e-11	1.55e-08	1.41e-06	4.15e-05	7.66e-04	5.59e-02	3.57e-01	5.87e-01
 1.54298e+22	2.22e-23	3.47e-18	3.47e-14	5.18e-11	1.92e-08	1.68e-06	4.75e-05	8.41e-04	5.90e-02	3.63e-01	5.77e-01
 1.55317e+22	2.97e-23	4.50e-18	4.36e-14	6.30e-11	2.27e-08	1.93e-06	5.28e-05	9.04e-04	6.16e-02	3.68e-01	5.69e-01
 1.56354e+22	4.33e-23	6.32e-18	5.87e-14	8.14e-11	2.83e-08	2.31e-06	6.08e-05	9.95e-04	6.51e-02	3.75e-01	5.59e-01
 1.57395e+22	5.77e-23	8.18e-18	7.36e-14	9.89e-11	3.34e-08	2.66e-06	6.77e-05	1.07e-03	6.80e-02	3.80e-01	5.51e-01
 1.58442e+22	8.44e-23	1.15e-17	9.91e-14	1.28e-10	4.17e-08	3.20e-06	7.79e-05	1.18e-03	7.19e-02	3.87e-01	5.40e-01
 1.59463e+22	1.10e-22	1.46e-17	1.22e-13	1.53e-10	4.86e-08	3.64e-06	8.61e-05	1.26e-03	7.48e-02	3.92e-01	5.32e-01
 1.60453e+22	1.57e-22	2.01e-17	1.62e-13	1.95e-10	5.99e-08	4.33e-06	9.85e-05	1.38e-03	7.89e-02	3.98e-01	5.21e-01
 1.61451e+22	2.03e-22	2.53e-17	1.98e-13	2.32e-10	6.96e-08	4.91e-06	1.09e-04	1.48e-03	8.20e-02	4.03e-01	5.14e-01
 1.62458e+22	2.86e-22	3.45e-17	2.60e-13	2.94e-10	8.52e-08	5.82e-06	1.24e-04	1.62e-03	8.63e-02	4.09e-01	5.03e-01
 1.63492e+22	3.75e-22	4.40e-17	3.22e-13	3.53e-10	9.99e-08	6.65e-06	1.37e-04	1.73e-03	8.99e-02	4.14e-01	4.95e-01
 1.64561e+22	5.34e-22	6.04e-17	4.26e-13	4.50e-10	1.23e-07	7.92e-06	1.57e-04	1.90e-03	9.48e-02	4.20e-01	4.83e-01
 1.65647e+22	6.96e-22	7.66e-17	5.25e-13	5.39e-10	1.44e-07	9.03e-06	1.74e-04	2.04e-03	9.86e-02	4.24e-01	4.75e-01
 1.66756e+22	9.88e-22	1.05e-16	6.93e-13	6.86e-10	1.77e-07	1.08e-05	2.00e-04	2.24e-03	1.04e-01	4.30e-01	4.64e-01
 1.67890e+22	1.28e-21	1.33e-16	8.54e-13	8.21e-10	2.07e-07	1.23e-05	2.21e-04	2.40e-03	1.08e-01	4.34e-01	4.55e-01
 1.69057e+22	1.81e-21	1.82e-16	1.12e-12	1.04e-09	2.55e-07	1.46e-05	2.54e-04	2.63e-03	1.14e-01	4.40e-01	4.43e-01
 1.70226e+22	2.34e-21	2.28e-16	1.38e-12	1.24e-09	2.97e-07	1.66e-05	2.80e-04	2.82e-03	1.18e-01	4.44e-01	4.35e-01
 1.71397e+22	3.25e-21	3.08e-16	1.79e-12	1.56e-09	3.62e-07	1.97e-05	3.20e-04	3.08e-03	1.24e-01	4.49e-01	4.23e-01
 1.72596e+22	4.19e-21	3.87e-16	2.19e-12	1.86e-09	4.21e-07	2.24e-05	3.54e-04	3.30e-03	1.29e-01	4.53e-01	4.15e-01
 1.73831e+22	5.82e-21	5.21e-16	2.86e-12	2.34e-09	5.14e-07	2.65e-05	4.04e-04	3.61e-03	1.36e-01	4.57e-01	4.03e-01
 1.75029e+22	7.26e-21	6.37e-16	3.41e-12	2.73e-09	5.88e-07	2.96e-05	4.41e-04	3.83e-03	1.40e-01	4.60e-01	3.95e-01
 1.76180e+22	9.73e-21	8.30e-16	4.31e-12	3.35e-09	7.03e-07	3.45e-05	4.96e-04	4.15e-03	1.47e-01	4.64e-01	3.85e-01
 1.77359e+22	1.22e-20	1.02e-15	5.17e-12	3.92e-09	8.06e-07	3.87e-05	5.44e-04	4.42e-03	1.51e-01	4.67e-01	3.77e-01
 1.78576e+22	1.64e-20	1.34e-15	6.58e-12	4.83e-09	9.68e-07	4.52e-05	6.14e-04	4.79e-03	1.58e-01	4.70e-01	3.66e-01
 1.79809e+22	2.04e-20	1.63e-15	7.84e-12	5.63e-09	1.11e-06	5.06e-05	6.71e-04	5.09e-03	1.64e-01	4.73e-01	3.58e-01
 1.81062e+22	2.72e-20	2.11e-15	9.89e-12	6.89e-09	1.32e-06	5.87e-05	7.54e-04	5.51e-03	1.71e-01	4.75e-01	3.48e-01
 1.82305e+22	3.37e-20	2.56e-15	1.17e-11	8.00e-09	1.50e-06	6.56e-05	8.22e-04	5.84e-03	1.76e-01	4.77e-01	3.40e-01
 1.83534e+22	4.44e-20	3.29e-15	1.47e-11	9.72e-09	1.78e-06	7.58e-05	9.21e-04	6.30e-03	1.83e-01	4.80e-01	3.30e-01
 1.84777e+22	5.43e-20	3.96e-15	1.73e-11	1.12e-08	2.02e-06	8.41e-05	1.00e-03	6.66e-03	1.89e-01	4.81e-01	3.22e-01
 1.86035e+22	7.11e-20	5.06e-15	2.15e-11	1.36e-08	2.38e-06	9.70e-05	1.12e-03	7.18e-03	1.96e-01	4.83e-01	3.12e-01
 1.87317e+22	8.73e-20	6.09e-15	2.54e-11	1.57e-08	2.70e-06	1.08e-04	1.22e-03	7.60e-03	2.02e-01	4.84e-01	3.05e-01
 1.88631e+22	1.14e-19	7.79e-15	3.17e-11	1.90e-08	3.20e-06	1.24e-04	1.36e-03	8.19e-03	2.10e-01	4.85e-01	2.95e-01
 1.89969e+22	1.40e-19	9.40e-15	3.74e-11	2.20e-08	3.63e-06	1.38e-04	1.48e-03	8.66e-03	2.16e-01	4.86e-01	2.88e-01
 1.91337e+22	1.84e-19	1.20e-14	4.67e-11	2.67e-08	4.30e-06	1.60e-04	1.65e-03	9.33e-03	2.25e-01	4.87e-01	2.78e-01
 1.92732e+22	2.26e-19	1.45e-14	5.52e-11	3.09e-08	4.88e-06	1.78e-04	1.80e-03	9.87e-03	2.31e-01	4.87e-01	2.70e-01
 1.94160e+22	2.96e-19	1.86e-14	6.89e-11	3.74e-08	5.78e-06	2.05e-04	2.01e-03	1.06e-02	2.40e-01	4.87e-01	2.61e-01
 1.95555e+22	3.56e-19	2.20e-14	8.00e-11	4.26e-08	6.47e-06	2.25e-04	2.16e-03	1.12e-02	2.46e-01	4.87e-01	2.54e-01
 1.96908e+22	4.58e-19	2.77e-14	9.84e-11	5.11e-08	7.58e-06	2.58e-04	2.40e-03	1.20e-02	2.54e-01	4.86e-01	2.45e-01
 1.98283e+22	5.52e-19	3.27e-14	1.14e-10	5.82e-08	8.49e-06	2.83e-04	2.59e-03	1.26e-02	2.61e-01	4.85e-01	2.39e-01
 1.99686e+22	7.06e-19	4.10e-14	1.40e-10	6.95e-08	9.90e-06	3.22e-04	2.86e-03	1.35e-02	2.69e-01	4.84e-01	2.30e-01
 2.01132e+22	8.62e-19	4.92e-14	1.65e-10	8.01e-08	1.12e-05	3.58e-04	3.10e-03	1.42e-02	2.76e-01	4.83e-01	2.23e-01
 2.02635e+22	1.11e-18	6.18e-14	2.02e-10	9.57e-08	1.31e-05	4.07e-04	3.43e-03	1.52e-02	2.85e-01	4.81e-01	2.15e-01
 2.04187e+22	1.37e-18	7.49e-14	2.40e-10	1.11e-07	1.49e-05	4.54e-04	3.74e-03	1.60e-02	2.93e-01	4.79e-01	2.08e-01
 2.05804e+22	1.77e-18	9.49e-14	2.97e-10	1.34e-07	1.75e-05	5.19e-04	4.14e-03	1.72e-02	3.02e-01	4.77e-01	1.99e-01
 2.07465e+22	2.20e-18	1.16e-13	3.55e-10	1.56e-07	2.00e-05	5.81e-04	4.52e-03	1.82e-02	3.10e-01	4.74e-01	1.92e-01
 2.09183e+22	2.87e-18	1.48e-13	4.41e-10	1.89e-07	2.36e-05	6.66e-04	5.02e-03	1.95e-02	3.20e-01	4.71e-01	1.84e-01
 2.10959e+22	3.60e-18	1.82e-13	5.31e-10	2.22e-07	2.71e-05	7.48e-04	5.49e-03	2.06e-02	3.28e-01	4.68e-01	1.77e-01
 2.12808e+22	4.77e-18	2.35e-13	6.67e-10	2.71e-07	3.21e-05	8.62e-04	6.12e-03	2.22e-02	3.39e-01	4.64e-01	1.68e-01
 2.14707e+22	6.02e-18	2.90e-13	8.08e-10	3.19e-07	3.71e-05	9.71e-04	6.71e-03	2.35e-02	3.48e-01	4.60e-01	1.61e-01
 2.16412e+22	7.54e-18	3.56e-13	9.70e-10	3.74e-07	4.25e-05	1.09e-03	7.30e-03	2.48e-02	3.56e-01	4.56e-01	1.55e-01
 2.18371e+22	1.01e-17	4.66e-13	1.23e-09	4.62e-07	5.09e-05	1.26e-03	8.20e-03	2.68e-02	3.67e-01	4.50e-01	1.46e-01
 2.20342e+22	1.26e-17	5.71e-13	1.48e-09	5.40e-07	5.82e-05	1.41e-03	8.92e-03	2.82e-02	3.76e-01	4.46e-01	1.40e-01
 2.22329e+22	1.68e-17	7.43e-13	1.87e-09	6.63e-07	6.95e-05	1.63e-03	9.97e-03	3.03e-02	3.87e-01	4.39e-01	1.32e-01
 2.24357e+22	2.12e-17	9.19e-13	2.27e-09	7.82e-07	8.01e-05	1.84e-03	1.09e-02	3.21e-02	3.96e-01	4.33e-01	1.26e-01
 2.26441e+22	2.85e-17	1.20e-12	2.88e-09	9.65e-07	9.60e-05	2.13e-03	1.22e-02	3.45e-02	4.07e-01	4.26e-01	1.18e-01
 2.28557e+22	3.61e-17	1.49e-12	3.50e-09	1.14e-06	1.11e-04	2.41e-03	1.34e-02	3.65e-02	4.16e-01	4.19e-01	1.12e-01
 2.30715e+22	4.86e-17	1.96e-12	4.48e-09	1.42e-06	1.34e-04	2.81e-03	1.51e-02	3.93e-02	4.27e-01	4.10e-01	1.05e-01
 2.32755e+22	5.93e-17	2.36e-12	5.28e-09	1.63e-06	1.51e-04	3.11e-03	1.63e-02	4.12e-02	4.35e-01	4.04e-01	1.00e-01
 2.34640e+22	7.64e-17	2.98e-12	6.53e-09	1.97e-06	1.78e-04	3.56e-03	1.80e-02	4.39e-02	4.45e-01	3.96e-01	9.38e-02
 2.36542e+22	9.30e-17	3.57e-12	7.69e-09	2.27e-06	2.01e-04	3.94e-03	1.94e-02	4.60e-02	4.52e-01	3.89e-01	8.93e-02
 2.38465e+22	1.19e-16	4.51e-12	9.50e-09	2.73e-06	2.36e-04	4.51e-03	2.16e-02	4.91e-02	4.61e-01	3.80e-01	8.33e-02
 2.40406e+22	1.45e-16	5.39e-12	1.12e-08	3.15e-06	2.68e-04	5.00e-03	2.33e-02	5.15e-02	4.68e-01	3.73e-01	7.90e-02
 2.42369e+22	1.85e-16	6.78e-12	1.38e-08	3.78e-06	3.15e-04	5.73e-03	2.59e-02	5.49e-02	4.77e-01	3.62e-01	7.33e-02
 2.44359e+22	2.24e-16	8.12e-12	1.63e-08	4.37e-06	3.57e-04	6.37e-03	2.80e-02	5.77e-02	4.84e-01	3.54e-01	6.92e-02
 2.46384e+22	2.85e-16	1.02e-11	2.00e-08	5.26e-06	4.20e-04	7.32e-03	3.11e-02	6.15e-02	4.93e-01	3.43e-01	6.38e-02
 2.48435e+22	3.43e-16	1.21e-11	2.36e-08	6.07e-06	4.77e-04	8.13e-03	3.37e-02	6.46e-02	4.99e-01	3.34e-01	5.99e-02
 2.50522e+22	4.32e-16	1.51e-11	2.90e-08	7.29e-06	5.62e-04	9.34e-03	3.74e-02	6.89e-02	5.06e-01	3.22e-01	5.48e-02
 2.52653e+22	5.18e-16	1.80e-11	3.41e-08	8.43e-06	6.39e-04	1.04e-02	4.07e-02	7.24e-02	5.12e-01	3.13e-01	5.10e-02
 2.54840e+22	6.46e-16	2.24e-11	4.19e-08	1.01e-05	7.54e-04	1.20e-02	4.53e-02	7.73e-02	5.19e-01	3.00e-01	4.63e-02
 2.57074e+22	7.66e-16	2.64e-11	4.92e-08	1.17e-05	8.60e-04	1.34e-02	4.93e-02	8.14e-02	5.23e-01	2.89e-01	4.27e-02
 2.59297e+22	9.30e-16	3.22e-11	5.94e-08	1.39e-05	1.01e-03	1.54e-02	5.47e-02	8.66e-02	5.28e-01	2.76e-01	3.86e-02
 2.61419e+22	1.07e-15	3.69e-11	6.80e-08	1.57e-05	1.13e-03	1.70e-02	5.88e-02	9.04e-02	5.31e-01	2.66e-01	3.58e-02
 2.63478e+22	1.25e-15	4.36e-11	8.03e-08	1.84e-05	1.30e-03	1.92e-02	6.47e-02	9.57e-02	5.33e-01	2.53e-01	3.23e-02
 2.65564e+22	1.41e-15	4.95e-11	9.13e-08	2.07e-05	1.45e-03	2.12e-02	6.95e-02	1.00e-01	5.35e-01	2.43e-01	2.97e-02
 2.67604e+22	1.61e-15	5.71e-11	1.06e-07	2.38e-05	1.66e-03	2.37e-02	7.58e-02	1.05e-01	5.36e-01	2.31e-01	2.68e-02
 2.69687e+22	1.78e-15	6.41e-11	1.20e-07	2.67e-05	1.85e-03	2.61e-02	8.14e-02	1.10e-01	5.35e-01	2.21e-01	2.44e-02
 2.71713e+22	1.96e-15	7.22e-11	1.36e-07	3.02e-05	2.08e-03	2.90e-02	8.80e-02	1.15e-01	5.34e-01	2.09e-01	2.21e-02
 2.73783e+22	2.14e-15	8.02e-11	1.53e-07	3.39e-05	2.32e-03	3.19e-02	9.45e-02	1.20e-01	5.32e-01	1.99e-01	2.00e-02
 2.75832e+22	2.31e-15	8.87e-11	1.71e-07	3.79e-05	2.59e-03	3.51e-02	1.01e-01	1.25e-01	5.30e-01	1.88e-01	1.80e-02
 2.77890e+22	2.47e-15	9.72e-11	1.91e-07	4.23e-05	2.88e-03	3.85e-02	1.08e-01	1.30e-01	5.26e-01	1.78e-01	1.62e-02
 2.79926e+22	2.61e-15	1.06e-10	2.12e-07	4.70e-05	3.20e-03	4.21e-02	1.16e-01	1.35e-01	5.21e-01	1.68e-01	1.46e-02
 2.81958e+22	2.73e-15	1.15e-10	2.34e-07	5.20e-05	3.54e-03	4.59e-02	1.23e-01	1.40e-01	5.16e-01	1.58e-01	1.31e-02
 2.83993e+22	2.85e-15	1.24e-10	2.58e-07	5.76e-05	3.90e-03	5.00e-02	1.30e-01	1.45e-01	5.10e-01	1.49e-01	1.17e-02
 2.86036e+22	2.95e-15	1.33e-10	2.84e-07	6.37e-05	4.31e-03	5.43e-02	1.38e-01	1.50e-01	5.03e-01	1.40e-01	1.05e-02
 2.88091e+22	3.03e-15	1.42e-10	3.13e-07	7.04e-05	4.75e-03	5.90e-02	1.46e-01	1.55e-01	4.95e-01	1.31e-01	9.39e-03
 2.90166e+22	3.11e-15	1.52e-10	3.44e-07	7.78e-05	5.23e-03	6.39e-02	1.54e-01	1.59e-01	4.87e-01	1.23e-01	8.37e-03
 2.92264e+22	3.19e-15	1.63e-10	3.78e-07	8.61e-05	5.77e-03	6.91e-02	1.62e-01	1.64e-01	4.77e-01	1.15e-01	7.44e-03
 2.94373e+22	3.26e-15	1.74e-10	4.16e-07	9.54e-05	6.35e-03	7.47e-02	1.70e-01	1.68e-01	4.67e-01	1.07e-01	6.61e-03
 2.96516e+22	3.32e-15	1.86e-10	4.60e-07	1.06e-04	7.01e-03	8.07e-02	1.78e-01	1.72e-01	4.57e-01	9.92e-02	5.84e-03
 2.98684e+22	3.39e-15	2.00e-10	5.09e-07	1.18e-04	7.72e-03	8.69e-02	1.86e-01	1.76e-01	4.46e-01	9.21e-02	5.16e-03
 3.00894e+22	3.47e-15	2.15e-10	5.67e-07	1.32e-04	8.55e-03	9.39e-02	1.94e-01	1.80e-01	4.33e-01	8.51e-02	4.53e-03
 3.02949e+22	3.55e-15	2.29e-10	6.20e-07	1.45e-04	9.28e-03	9.98e-02	2.01e-01	1.83e-01	4.23e-01	7.97e-02	4.07e-03
 3.05065e+22	3.64e-15	2.49e-10	6.97e-07	1.63e-04	1.03e-02	1.08e-01	2.09e-01	1.86e-01	4.09e-01	7.31e-02	3.54e-03
 3.07215e+22	3.75e-15	2.68e-10	7.69e-07	1.80e-04	1.12e-02	1.14e-01	2.16e-01	1.89e-01	3.98e-01	6.81e-02	3.17e-03
 3.09414e+22	3.87e-15	2.94e-10	8.74e-07	2.05e-04	1.25e-02	1.24e-01	2.24e-01	1.91e-01	3.83e-01	6.20e-02	2.73e-03
 3.11626e+22	4.06e-15	3.20e-10	9.72e-07	2.27e-04	1.36e-02	1.31e-01	2.30e-01	1.93e-01	3.72e-01	5.77e-02	2.44e-03
 3.13854e+22	4.26e-15	3.56e-10	1.12e-06	2.60e-04	1.52e-02	1.41e-01	2.38e-01	1.95e-01	3.56e-01	5.23e-02	2.09e-03
 3.16095e+22	4.49e-15	3.90e-10	1.25e-06	2.89e-04	1.66e-02	1.49e-01	2.44e-01	1.96e-01	3.44e-01	4.85e-02	1.86e-03
 3.18351e+22	4.80e-15	4.40e-10	1.44e-06	3.32e-04	1.85e-02	1.60e-01	2.51e-01	1.96e-01	3.28e-01	4.38e-02	1.59e-03
 3.20626e+22	5.13e-15	4.87e-10	1.63e-06	3.70e-04	2.01e-02	1.69e-01	2.56e-01	1.97e-01	3.16e-01	4.04e-02	1.41e-03
 3.22926e+22	5.58e-15	5.57e-10	1.90e-06	4.27e-04	2.24e-02	1.81e-01	2.62e-01	1.96e-01	3.00e-01	3.63e-02	1.20e-03
 3.25254e+22	6.06e-15	6.24e-10	2.16e-06	4.78e-04	2.44e-02	1.90e-01	2.67e-01	1.96e-01	2.88e-01	3.34e-02	1.06e-03
 3.27620e+22	6.74e-15	7.25e-10	2.55e-06	5.54e-04	2.72e-02	2.03e-01	2.72e-01	1.94e-01	2.72e-01	2.98e-02	8.92e-04
 3.30024e+22	7.46e-15	8.24e-10	2.92e-06	6.23e-04	2.97e-02	2.14e-01	2.76e-01	1.93e-01	2.59e-01	2.72e-02	7.81e-04
 3.32479e+22	8.51e-15	9.76e-10	3.48e-06	7.27e-04	3.32e-02	2.28e-01	2.80e-01	1.91e-01	2.43e-01	2.41e-02	6.53e-04
 3.34985e+22	9.63e-15	1.13e-09	4.02e-06	8.21e-04	3.62e-02	2.40e-01	2.83e-01	1.88e-01	2.30e-01	2.19e-02	5.67e-04
 3.37557e+22	1.13e-14	1.36e-09	4.87e-06	9.63e-04	4.05e-02	2.55e-01	2.85e-01	1.84e-01	2.14e-01	1.92e-02	4.69e-04
 3.40193e+22	1.31e-14	1.60e-09	5.68e-06	1.09e-03	4.42e-02	2.67e-01	2.87e-01	1.81e-01	2.02e-01	1.72e-02	4.02e-04
 3.42914e+22	1.59e-14	1.97e-09	6.97e-06	1.29e-03	4.95e-02	2.84e-01	2.88e-01	1.76e-01	1.86e-01	1.49e-02	3.28e-04
 3.45474e+22	1.84e-14	2.28e-09	7.97e-06	1.44e-03	5.32e-02	2.95e-01	2.89e-01	1.72e-01	1.76e-01	1.36e-02	2.87e-04
 3.47825e+22	2.22e-14	2.76e-09	9.50e-06	1.66e-03	5.84e-02	3.09e-01	2.89e-01	1.67e-01	1.63e-01	1.20e-02	2.40e-04
 3.50156e+22	2.58e-14	3.19e-09	1.08e-05	1.83e-03	6.26e-02	3.19e-01	2.88e-01	1.63e-01	1.54e-01	1.09e-02	2.10e-04
 3.52461e+22	3.13e-14	3.86e-09	1.29e-05	2.10e-03	6.84e-02	3.33e-01	2.86e-01	1.58e-01	1.42e-01	9.54e-03	1.75e-04
 3.54780e+22	3.68e-14	4.49e-09	1.47e-05	2.33e-03	7.30e-02	3.43e-01	2.85e-01	1.54e-01	1.34e-01	8.65e-03	1.53e-04
 3.57117e+22	4.54e-14	5.48e-09	1.75e-05	2.66e-03	7.95e-02	3.56e-01	2.82e-01	1.48e-01	1.24e-01	7.57e-03	1.27e-04
 3.59496e+22	5.41e-14	6.42e-09	2.01e-05	2.95e-03	8.48e-02	3.67e-01	2.80e-01	1.43e-01	1.16e-01	6.81e-03	1.10e-04
 3.61930e+22	6.81e-14	7.91e-09	2.40e-05	3.37e-03	9.23e-02	3.80e-01	2.76e-01	1.37e-01	1.06e-01	5.91e-03	9.06e-05
 3.64397e+22	8.19e-14	9.33e-09	2.76e-05	3.74e-03	9.84e-02	3.90e-01	2.72e-01	1.32e-01	9.86e-02	5.29e-03	7.80e-05
 3.66907e+22	1.05e-13	1.16e-08	3.31e-05	4.28e-03	1.07e-01	4.02e-01	2.67e-01	1.25e-01	8.95e-02	4.55e-03	6.36e-05
 3.69467e+22	1.28e-13	1.38e-08	3.81e-05	4.74e-03	1.14e-01	4.12e-01	2.63e-01	1.20e-01	8.29e-02	4.05e-03	5.43e-05
 3.72091e+22	1.66e-13	1.73e-08	4.60e-05	5.43e-03	1.23e-01	4.23e-01	2.56e-01	1.13e-01	7.47e-02	3.45e-03	4.37e-05
 3.74773e+22	2.05e-13	2.07e-08	5.31e-05	6.03e-03	1.31e-01	4.32e-01	2.51e-01	1.08e-01	6.87e-02	3.04e-03	3.69e-05
 3.77528e+22	2.72e-13	2.63e-08	6.44e-05	6.92e-03	1.42e-01	4.43e-01	2.43e-01	1.01e-01	6.14e-02	2.56e-03	2.93e-05
 3.80344e+22	3.40e-13	3.17e-08	7.48e-05	7.69e-03	1.51e-01	4.50e-01	2.37e-01	9.56e-02	5.60e-02	2.23e-03	2.45e-05
 3.83238e+22	4.57e-13	4.06e-08	9.10e-05	8.82e-03	1.63e-01	4.59e-01	2.28e-01	8.88e-02	4.96e-02	1.86e-03	1.92e-05
 3.86168e+22	5.75e-13	4.91e-08	1.06e-04	9.79e-03	1.73e-01	4.66e-01	2.22e-01	8.36e-02	4.50e-02	1.61e-03	1.59e-05
 3.89142e+22	7.80e-13	6.31e-08	1.29e-04	1.12e-02	1.86e-01	4.73e-01	2.12e-01	7.70e-02	3.95e-02	1.33e-03	1.24e-05
 3.92152e+22	9.85e-13	7.64e-08	1.49e-04	1.24e-02	1.97e-01	4.77e-01	2.05e-01	7.22e-02	3.57e-02	1.15e-03	1.02e-05
 3.95208e+22	1.35e-12	9.85e-08	1.82e-04	1.42e-02	2.11e-01	4.82e-01	1.95e-01	6.61e-02	3.11e-02	9.40e-04	7.83e-06
 3.98191e+22	1.67e-12	1.17e-07	2.08e-04	1.55e-02	2.21e-01	4.84e-01	1.88e-01	6.19e-02	2.82e-02	8.17e-04	6.52e-06
 4.01079e+22	2.24e-12	1.49e-07	2.49e-04	1.76e-02	2.35e-01	4.87e-01	1.78e-01	5.67e-02	2.47e-02	6.73e-04	5.06e-06
 4.04067e+22	2.82e-12	1.79e-07	2.87e-04	1.93e-02	2.47e-01	4.87e-01	1.71e-01	5.27e-02	2.22e-02	5.77e-04	4.14e-06
 4.06619e+22	3.48e-12	2.12e-07	3.26e-04	2.10e-02	2.57e-01	4.88e-01	1.64e-01	4.94e-02	2.01e-02	5.01e-04	3.45e-06
 4.09371e+22	4.57e-12	2.64e-07	3.85e-04	2.34e-02	2.71e-01	4.87e-01	1.55e-01	4.52e-02	1.76e-02	4.17e-04	2.72e-06
 4.12125e+22	5.63e-12	3.12e-07	4.36e-04	2.54e-02	2.82e-01	4.85e-01	1.49e-01	4.22e-02	1.59e-02	3.61e-04	2.26e-06
 4.14880e+22	7.27e-12	3.82e-07	5.09e-04	2.80e-02	2.95e-01	4.83e-01	1.40e-01	3.87e-02	1.40e-02	3.01e-04	1.79e-06
 4.17745e+22	9.20e-12	4.61e-07	5.85e-04	3.06e-02	3.07e-01	4.80e-01	1.33e-01	3.57e-02	1.25e-02	2.55e-04	1.44e-06
 4.20305e+22	1.13e-11	5.44e-07	6.61e-04	3.31e-02	3.18e-01	4.76e-01	1.27e-01	3.31e-02	1.12e-02	2.20e-04	1.19e-06
 4.23183e+22	1.47e-11	6.70e-07	7.72e-04	3.65e-02	3.32e-01	4.71e-01	1.19e-01	3.01e-02	9.80e-03	1.82e-04	9.33e-07
 4.26209e+22	1.88e-11	8.10e-07	8.88e-04	3.99e-02	3.45e-01	4.66e-01	1.12e-01	2.76e-02	8.63e-03	1.52e-04	7.44e-07
 4.28957e+22	2.34e-11	9.66e-07	1.01e-03	4.33e-02	3.57e-01	4.60e-01	1.06e-01	2.54e-02	7.67e-03	1.29e-04	6.01e-07
 4.32063e+22	3.10e-11	1.20e-06	1.19e-03	4.78e-02	3.71e-01	4.52e-01	9.85e-02	2.28e-02	6.59e-03	1.05e-04	4.60e-07
 4.35261e+22	3.96e-11	1.46e-06	1.37e-03	5.21e-02	3.84e-01	4.44e-01	9.21e-02	2.07e-02	5.76e-03	8.67e-05	3.62e-07
 4.38102e+22	4.97e-11	1.74e-06	1.56e-03	5.64e-02	3.96e-01	4.36e-01	8.63e-02	1.89e-02	5.07e-03	7.27e-05	2.90e-07
 4.41319e+22	6.59e-11	2.17e-06	1.83e-03	6.21e-02	4.10e-01	4.25e-01	7.95e-02	1.69e-02	4.32e-03	5.83e-05	2.19e-07
 4.44651e+22	8.47e-11	2.64e-06	2.11e-03	6.76e-02	4.22e-01	4.15e-01	7.37e-02	1.52e-02	3.74e-03	4.77e-05	1.69e-07
 4.47640e+22	1.07e-10	3.16e-06	2.40e-03	7.30e-02	4.34e-01	4.05e-01	6.86e-02	1.38e-02	3.26e-03	3.96e-05	1.34e-07
 4.51030e+22	1.44e-10	3.98e-06	2.83e-03	8.05e-02	4.47e-01	3.92e-01	6.24e-02	1.21e-02	2.73e-03	3.10e-05	0.00e+00
 4.54527e+22	1.85e-10	4.84e-06	3.26e-03	8.73e-02	4.58e-01	3.80e-01	5.74e-02	1.09e-02	2.34e-03	2.52e-05	0.00e+00
 4.58161e+22	2.53e-10	6.16e-06	3.87e-03	9.63e-02	4.72e-01	3.65e-01	5.16e-02	9.45e-03	1.93e-03	1.94e-05	0.00e+00
 4.61834e+22	3.26e-10	7.49e-06	4.45e-03	1.04e-01	4.82e-01	3.52e-01	4.72e-02	8.41e-03	1.65e-03	1.56e-05	0.00e+00
 4.65065e+22	4.16e-10	9.05e-06	5.08e-03	1.12e-01	4.91e-01	3.40e-01	4.32e-02	7.51e-03	1.41e-03	1.26e-05	0.00e+00
 4.68774e+22	5.71e-10	1.15e-05	6.03e-03	1.23e-01	5.01e-01	3.23e-01	3.84e-02	6.47e-03	1.15e-03	9.53e-06	0.00e+00
 4.72524e+22	7.36e-10	1.40e-05	6.91e-03	1.33e-01	5.09e-01	3.10e-01	3.49e-02	5.72e-03	9.67e-04	7.59e-06	0.00e+00
 4.76326e+22	1.00e-09	1.78e-05	8.16e-03	1.46e-01	5.17e-01	2.93e-01	3.08e-02	4.91e-03	7.84e-04	5.71e-06	0.00e+00
 4.80187e+22	1.30e-09	2.16e-05	9.36e-03	1.56e-01	5.23e-01	2.79e-01	2.77e-02	4.31e-03	6.56e-04	4.50e-06	0.00e+00
 4.84125e+22	1.80e-09	2.76e-05	1.11e-02	1.71e-01	5.28e-01	2.61e-01	2.42e-02	3.65e-03	5.22e-04	3.31e-06	0.00e+00
 4.88102e+22	2.32e-09	3.36e-05	1.27e-02	1.83e-01	5.32e-01	2.47e-01	2.17e-02	3.19e-03	4.34e-04	2.59e-06	0.00e+00
 4.92131e+22	3.22e-09	4.30e-05	1.50e-02	2.00e-01	5.34e-01	2.29e-01	1.87e-02	2.68e-03	3.42e-04	1.88e-06	0.00e+00
 4.96197e+22	4.15e-09	5.21e-05	1.71e-02	2.13e-01	5.35e-01	2.16e-01	1.67e-02	2.33e-03	2.82e-04	1.46e-06	0.00e+00
 5.00311e+22	5.76e-09	6.66e-05	2.03e-02	2.31e-01	5.34e-01	1.99e-01	1.43e-02	1.94e-03	2.20e-04	1.05e-06	0.00e+00
 5.04482e+22	7.47e-09	8.09e-05	2.31e-02	2.45e-01	5.31e-01	1.86e-01	1.26e-02	1.67e-03	1.80e-04	7.99e-07	0.00e+00
 5.08104e+22	9.54e-09	9.71e-05	2.61e-02	2.60e-01	5.28e-01	1.73e-01	1.11e-02	1.45e-03	1.48e-04	6.17e-07	0.00e+00
 5.12189e+22	1.31e-08	1.23e-04	3.05e-02	2.79e-01	5.22e-01	1.58e-01	9.45e-03	1.20e-03	1.14e-04	4.40e-07	0.00e+00
 5.16081e+22	1.62e-08	1.44e-04	3.39e-02	2.92e-01	5.16e-01	1.48e-01	8.44e-03	1.05e-03	9.57e-05	3.48e-07	0.00e+00
 5.19721e+22	2.14e-08	1.77e-04	3.89e-02	3.09e-01	5.08e-01	1.36e-01	7.25e-03	8.86e-04	7.54e-05	2.55e-07	0.00e+00
 5.23361e+22	2.64e-08	2.07e-04	4.31e-02	3.23e-01	5.00e-01	1.26e-01	6.45e-03	7.75e-04	6.29e-05	2.01e-07	0.00e+00
 5.27001e+22	3.43e-08	2.50e-04	4.88e-02	3.39e-01	4.90e-01	1.16e-01	5.55e-03	6.53e-04	5.00e-05	1.49e-07	0.00e+00
 5.30777e+22	4.34e-08	2.98e-04	5.46e-02	3.54e-01	4.79e-01	1.06e-01	4.83e-03	5.59e-04	4.04e-05	0.00e+00	0.00e+00
 5.34166e+22	5.36e-08	3.47e-04	6.03e-02	3.68e-01	4.69e-01	9.80e-02	4.26e-03	4.84e-04	3.33e-05	0.00e+00	0.00e+00
 5.38010e+22	7.03e-08	4.24e-04	6.85e-02	3.85e-01	4.54e-01	8.81e-02	3.60e-03	4.00e-04	2.58e-05	0.00e+00	0.00e+00
 5.41914e+22	8.80e-08	4.99e-04	7.60e-02	3.99e-01	4.41e-01	8.04e-02	3.12e-03	3.40e-04	2.08e-05	0.00e+00	0.00e+00
 5.45375e+22	1.09e-07	5.82e-04	8.38e-02	4.12e-01	4.28e-01	7.35e-02	2.72e-03	2.91e-04	1.69e-05	0.00e+00	0.00e+00
 5.48730e+22	1.33e-07	6.72e-04	9.17e-02	4.23e-01	4.14e-01	6.73e-02	2.38e-03	2.51e-04	1.38e-05	0.00e+00	0.00e+00
 5.51828e+22	1.60e-07	7.67e-04	9.96e-02	4.34e-01	4.02e-01	6.19e-02	2.10e-03	2.18e-04	1.14e-05	0.00e+00	0.00e+00
 5.55214e+22	2.00e-07	9.03e-04	1.10e-01	4.46e-01	3.85e-01	5.57e-02	1.79e-03	1.82e-04	9.03e-06	0.00e+00	0.00e+00
 5.58620e+22	2.39e-07	1.02e-03	1.19e-01	4.55e-01	3.72e-01	5.11e-02	1.58e-03	1.58e-04	7.48e-06	0.00e+00	0.00e+00
 5.62049e+22	2.98e-07	1.20e-03	1.31e-01	4.65e-01	3.55e-01	4.57e-02	1.35e-03	1.32e-04	5.89e-06	0.00e+00	0.00e+00
 5.65514e+22	3.58e-07	1.37e-03	1.42e-01	4.73e-01	3.41e-01	4.15e-02	1.17e-03	1.13e-04	4.80e-06	0.00e+00	0.00e+00
 5.68526e+22	4.26e-07	1.54e-03	1.52e-01	4.80e-01	3.27e-01	3.78e-02	1.03e-03	9.71e-05	3.95e-06	0.00e+00	0.00e+00
 5.71945e+22	5.30e-07	1.80e-03	1.67e-01	4.87e-01	3.09e-01	3.35e-02	8.68e-04	7.99e-05	3.07e-06	0.00e+00	0.00e+00
 5.75405e+22	6.26e-07	2.03e-03	1.79e-01	4.92e-01	2.95e-01	3.03e-02	7.58e-04	6.85e-05	2.51e-06	0.00e+00	0.00e+00
 5.78916e+22	7.75e-07	2.35e-03	1.95e-01	4.97e-01	2.78e-01	2.67e-02	6.37e-04	5.61e-05	1.94e-06	0.00e+00	0.00e+00
 5.82481e+22	9.27e-07	2.66e-03	2.10e-01	5.00e-01	2.63e-01	2.39e-02	5.48e-04	4.72e-05	1.56e-06	0.00e+00	0.00e+00
 5.85615e+22	1.09e-06	2.99e-03	2.24e-01	5.02e-01	2.49e-01	2.14e-02	4.74e-04	4.00e-05	1.26e-06	0.00e+00	0.00e+00
 5.89188e+22	1.35e-06	3.45e-03	2.43e-01	5.03e-01	2.32e-01	1.87e-02	3.95e-04	3.24e-05	9.61e-07	0.00e+00	0.00e+00
 5.92837e+22	1.60e-06	3.89e-03	2.59e-01	5.03e-01	2.17e-01	1.65e-02	3.37e-04	2.70e-05	7.62e-07	0.00e+00	0.00e+00
 5.96092e+22	1.89e-06	4.35e-03	2.76e-01	5.01e-01	2.04e-01	1.47e-02	2.88e-04	2.25e-05	6.07e-07	0.00e+00	0.00e+00
 5.99831e+22	2.33e-06	5.02e-03	2.98e-01	4.97e-01	1.87e-01	1.25e-02	2.36e-04	1.78e-05	4.53e-07	0.00e+00	0.00e+00
 6.03625e+22	2.77e-06	5.64e-03	3.17e-01	4.93e-01	1.73e-01	1.10e-02	1.99e-04	1.46e-05	3.54e-07	0.00e+00	0.00e+00
 6.07492e+22	3.40e-06	6.46e-03	3.40e-01	4.86e-01	1.58e-01	9.31e-03	1.62e-04	1.15e-05	2.61e-07	0.00e+00	0.00e+00
 6.11456e+22	4.07e-06	7.29e-03	3.61e-01	4.78e-01	1.45e-01	8.00e-03	1.34e-04	9.20e-06	1.99e-07	0.00e+00	0.00e+00
 6.14953e+22	4.80e-06	8.13e-03	3.82e-01	4.70e-01	1.33e-01	6.94e-03	1.12e-04	7.47e-06	1.54e-07	0.00e+00	0.00e+00
 6.18905e+22	5.87e-06	9.29e-03	4.07e-01	4.58e-01	1.19e-01	5.78e-03	8.96e-05	5.73e-06	0.00e+00	0.00e+00	0.00e+00
 6.22993e+22	6.98e-06	1.04e-02	4.30e-01	4.47e-01	1.08e-01	4.91e-03	7.35e-05	4.53e-06	0.00e+00	0.00e+00	0.00e+00
 6.27259e+22	8.62e-06	1.19e-02	4.58e-01	4.31e-01	9.50e-02	4.00e-03	5.73e-05	3.37e-06	0.00e+00	0.00e+00	0.00e+00
 6.31582e+22	1.02e-05	1.33e-02	4.81e-01	4.17e-01	8.50e-02	3.35e-03	4.64e-05	2.62e-06	0.00e+00	0.00e+00	0.00e+00
 6.34810e+22	1.16e-05	1.44e-02	4.97e-01	4.07e-01	7.85e-02	2.95e-03	3.99e-05	2.19e-06	0.00e+00	0.00e+00	0.00e+00
 6.37839e+22	1.33e-05	1.57e-02	5.17e-01	3.94e-01	7.11e-02	2.53e-03	3.33e-05	1.76e-06	0.00e+00	0.00e+00	0.00e+00
 6.40963e+22	1.50e-05	1.70e-02	5.33e-01	3.82e-01	6.52e-02	2.22e-03	2.84e-05	1.45e-06	0.00e+00	0.00e+00	0.00e+00
 6.44213e+22	1.75e-05	1.87e-02	5.54e-01	3.67e-01	5.83e-02	1.87e-03	2.32e-05	1.14e-06	0.00e+00	0.00e+00	0.00e+00
 6.47477e+22	1.97e-05	2.01e-02	5.70e-01	3.55e-01	5.32e-02	1.62e-03	1.97e-05	9.36e-07	0.00e+00	0.00e+00	0.00e+00
 6.50757e+22	2.29e-05	2.20e-02	5.90e-01	3.39e-01	4.72e-02	1.36e-03	1.60e-05	7.27e-07	0.00e+00	0.00e+00	0.00e+00
 6.54071e+22	2.57e-05	2.36e-02	6.06e-01	3.26e-01	4.27e-02	1.17e-03	1.35e-05	5.91e-07	0.00e+00	0.00e+00	0.00e+00
 6.57431e+22	2.98e-05	2.58e-02	6.25e-01	3.10e-01	3.77e-02	9.73e-04	1.09e-05	4.55e-07	0.00e+00	0.00e+00	0.00e+00
 6.60852e+22	3.36e-05	2.78e-02	6.41e-01	2.97e-01	3.38e-02	8.31e-04	9.09e-06	3.65e-07	0.00e+00	0.00e+00	0.00e+00
 6.64354e+22	3.91e-05	3.04e-02	6.60e-01	2.80e-01	2.95e-02	6.80e-04	7.22e-06	2.76e-07	0.00e+00	0.00e+00	0.00e+00
 6.67906e+22	4.41e-05	3.26e-02	6.74e-01	2.66e-01	2.62e-02	5.76e-04	5.97e-06	2.18e-07	0.00e+00	0.00e+00	0.00e+00
 6.71525e+22	5.12e-05	3.56e-02	6.92e-01	2.49e-01	2.26e-02	4.66e-04	4.69e-06	1.62e-07	0.00e+00	0.00e+00	0.00e+00
 6.75215e+22	5.79e-05	3.82e-02	7.06e-01	2.36e-01	2.00e-02	3.91e-04	3.83e-06	1.27e-07	0.00e+00	0.00e+00	0.00e+00
 6.78995e+22	6.75e-05	4.17e-02	7.22e-01	2.19e-01	1.70e-02	3.12e-04	2.96e-06	0.00e+00	0.00e+00	0.00e+00	0.00e+00
 6.82859e+22	7.65e-05	4.48e-02	7.34e-01	2.06e-01	1.48e-02	2.58e-04	2.39e-06	0.00e+00	0.00e+00	0.00e+00	0.00e+00
 6.86830e+22	8.95e-05	4.90e-02	7.49e-01	1.89e-01	1.24e-02	2.03e-04	1.81e-06	0.00e+00	0.00e+00	0.00e+00	0.00e+00
 6.90859e+22	1.01e-04	5.26e-02	7.60e-01	1.77e-01	1.08e-02	1.66e-04	1.45e-06	0.00e+00	0.00e+00	0.00e+00	0.00e+00
 6.94960e+22	1.18e-04	5.72e-02	7.72e-01	1.61e-01	8.95e-03	1.30e-04	1.09e-06	0.00e+00	0.00e+00	0.00e+00	0.00e+00
 6.99159e+22	1.35e-04	6.15e-02	7.81e-01	1.49e-01	7.63e-03	1.04e-04	8.52e-07	0.00e+00	0.00e+00	0.00e+00	0.00e+00
 7.03484e+22	1.59e-04	6.73e-02	7.92e-01	1.35e-01	6.20e-03	7.92e-05	6.21e-07	0.00e+00	0.00e+00	0.00e+00	0.00e+00
 7.07799e+22	1.80e-04	7.19e-02	7.98e-01	1.24e-01	5.29e-03	6.42e-05	4.88e-07	0.00e+00	0.00e+00	0.00e+00	0.00e+00
 7.12100e+22	2.11e-04	7.82e-02	8.06e-01	1.12e-01	4.29e-03	4.89e-05	3.58e-07	0.00e+00	0.00e+00	0.00e+00	0.00e+00
 7.16539e+22	2.41e-04	8.39e-02	8.11e-01	1.02e-01	3.59e-03	3.88e-05	2.74e-07	0.00e+00	0.00e+00	0.00e+00	0.00e+00
 7.21155e+22	2.85e-04	9.16e-02	8.15e-01	9.00e-02	2.85e-03	2.88e-05	1.94e-07	0.00e+00	0.00e+00	0.00e+00	0.00e+00
 7.25845e+22	3.25e-04	9.82e-02	8.18e-01	8.15e-02	2.37e-03	2.27e-05	1.47e-07	0.00e+00	0.00e+00	0.00e+00	0.00e+00
 7.30629e+22	3.87e-04	1.07e-01	8.19e-01	7.13e-02	1.84e-03	1.66e-05	0.00e+00	0.00e+00	0.00e+00	0.00e+00	0.00e+00
 7.35531e+22	4.44e-04	1.15e-01	8.19e-01	6.39e-02	1.51e-03	1.29e-05	0.00e+00	0.00e+00	0.00e+00	0.00e+00	0.00e+00
 7.40586e+22	5.35e-04	1.26e-01	8.17e-01	5.49e-02	1.15e-03	9.17e-06	0.00e+00	0.00e+00	0.00e+00	0.00e+00	0.00e+00
 7.45780e+22	6.17e-04	1.36e-01	8.14e-01	4.86e-02	9.29e-04	7.02e-06	0.00e+00	0.00e+00	0.00e+00	0.00e+00	0.00e+00
 7.51153e+22	7.51e-04	1.49e-01	8.08e-01	4.10e-02	6.91e-04	4.87e-06	0.00e+00	0.00e+00	0.00e+00	0.00e+00	0.00e+00
 7.56711e+22	8.81e-04	1.61e-01	8.02e-01	3.56e-02	5.42e-04	3.61e-06	0.00e+00	0.00e+00	0.00e+00	0.00e+00	0.00e+00
 7.62510e+22	1.09e-03	1.78e-01	7.91e-01	2.93e-02	3.91e-04	2.42e-06	0.00e+00	0.00e+00	0.00e+00	0.00e+00	0.00e+00
 7.68569e+22	1.30e-03	1.94e-01	7.80e-01	2.47e-02	2.97e-04	1.72e-06	0.00e+00	0.00e+00	0.00e+00	0.00e+00	0.00e+00
 7.74807e+22	1.62e-03	2.14e-01	7.64e-01	1.97e-02	2.08e-04	1.11e-06	0.00e+00	0.00e+00	0.00e+00	0.00e+00	0.00e+00
 7.80212e+22	1.85e-03	2.28e-01	7.53e-01	1.73e-02	1.70e-04	8.65e-07	0.00e+00	0.00e+00	0.00e+00	0.00e+00	0.00e+00
 7.84690e+22	2.18e-03	2.44e-01	7.39e-01	1.45e-02	1.31e-04	6.21e-07	0.00e+00	0.00e+00	0.00e+00	0.00e+00	0.00e+00
 7.89427e+22	2.54e-03	2.61e-01	7.24e-01	1.23e-02	1.03e-04	4.57e-07	0.00e+00	0.00e+00	0.00e+00	0.00e+00	0.00e+00
 7.94500e+22	3.08e-03	2.83e-01	7.04e-01	9.87e-03	7.48e-05	3.04e-07	0.00e+00	0.00e+00	0.00e+00	0.00e+00	0.00e+00
 7.99667e+22	3.62e-03	3.02e-01	6.86e-01	8.13e-03	5.74e-05	2.15e-07	0.00e+00	0.00e+00	0.00e+00	0.00e+00	0.00e+00
 8.04956e+22	4.43e-03	3.27e-01	6.62e-01	6.28e-03	4.07e-05	1.35e-07	0.00e+00	0.00e+00	0.00e+00	0.00e+00	0.00e+00
 8.09837e+22	5.12e-03	3.46e-01	6.44e-01	5.17e-03	3.19e-05	0.00e+00	0.00e+00	0.00e+00	0.00e+00	0.00e+00	0.00e+00
 8.13506e+22	5.82e-03	3.62e-01	6.27e-01	4.31e-03	2.54e-05	0.00e+00	0.00e+00	0.00e+00	0.00e+00	0.00e+00	0.00e+00
 8.17593e+22	6.83e-03	3.83e-01	6.06e-01	3.39e-03	1.91e-05	0.00e+00	0.00e+00	0.00e+00	0.00e+00	0.00e+00	0.00e+00
 8.21935e+22	7.94e-03	4.03e-01	5.86e-01	2.65e-03	1.44e-05	0.00e+00	0.00e+00	0.00e+00	0.00e+00	0.00e+00	0.00e+00
 8.25908e+22	9.16e-03	4.22e-01	5.67e-01	2.07e-03	1.09e-05	0.00e+00	0.00e+00	0.00e+00	0.00e+00	0.00e+00	0.00e+00
 8.29708e+22	1.05e-02	4.39e-01	5.49e-01	1.59e-03	8.20e-06	0.00e+00	0.00e+00	0.00e+00	0.00e+00	0.00e+00	0.00e+00
 8.33292e+22	1.20e-02	4.55e-01	5.32e-01	1.22e-03	6.21e-06	0.00e+00	0.00e+00	0.00e+00	0.00e+00	0.00e+00	0.00e+00
 8.36593e+22	1.35e-02	4.68e-01	5.17e-01	9.34e-04	4.74e-06	0.00e+00	0.00e+00	0.00e+00	0.00e+00	0.00e+00	0.00e+00
 8.39606e+22	1.51e-02	4.79e-01	5.05e-01	7.18e-04	3.65e-06	0.00e+00	0.00e+00	0.00e+00	0.00e+00	0.00e+00	0.00e+00
 8.42346e+22	1.66e-02	4.88e-01	4.95e-01	5.55e-04	2.84e-06	0.00e+00	0.00e+00	0.00e+00	0.00e+00	0.00e+00	0.00e+00
 8.44842e+22	1.82e-02	4.95e-01	4.86e-01	4.34e-04	2.24e-06	0.00e+00	0.00e+00	0.00e+00	0.00e+00	0.00e+00	0.00e+00
 8.47115e+22	1.98e-02	5.00e-01	4.80e-01	3.43e-04	1.79e-06	0.00e+00	0.00e+00	0.00e+00	0.00e+00	0.00e+00	0.00e+00
 8.49183e+22	2.14e-02	5.03e-01	4.76e-01	2.76e-04	1.46e-06	0.00e+00	0.00e+00	0.00e+00	0.00e+00	0.00e+00	0.00e+00
 8.50490e+22	2.21e-02	5.02e-01	4.76e-01	2.45e-04	1.31e-06	0.00e+00	0.00e+00	0.00e+00	0.00e+00	0.00e+00	0.00e+00
 8.50990e+22	2.24e-02	5.02e-01	4.76e-01	2.33e-04	1.25e-06	0.00e+00	0.00e+00	0.00e+00	0.00e+00	0.00e+00	0.00e+00
 8.51390e+22	2.28e-02	5.02e-01	4.75e-01	2.23e-04	1.21e-06	0.00e+00	0.00e+00	0.00e+00	0.00e+00	0.00e+00	0.00e+00
 8.51898e+22	2.32e-02	5.02e-01	4.74e-01	2.11e-04	1.15e-06	0.00e+00	0.00e+00	0.00e+00	0.00e+00	0.00e+00	0.00e+00
 8.52514e+22	2.39e-02	5.03e-01	4.73e-01	1.97e-04	1.08e-06	0.00e+00	0.00e+00	0.00e+00	0.00e+00	0.00e+00	0.00e+00
 8.53142e+22	2.44e-02	5.03e-01	4.73e-01	1.85e-04	1.02e-06	0.00e+00	0.00e+00	0.00e+00	0.00e+00	0.00e+00	0.00e+00
 8.53740e+22	2.50e-02	5.03e-01	4.72e-01	1.74e-04	9.59e-07	0.00e+00	0.00e+00	0.00e+00	0.00e+00	0.00e+00	0.00e+00
 8.54327e+22	2.54e-02	5.02e-01	4.73e-01	1.64e-04	9.11e-07	0.00e+00	0.00e+00	0.00e+00	0.00e+00	0.00e+00	0.00e+00
 8.54946e+22	2.60e-02	5.02e-01	4.72e-01	1.54e-04	8.61e-07	0.00e+00	0.00e+00	0.00e+00	0.00e+00	0.00e+00	0.00e+00
 8.55607e+22	2.66e-02	5.01e-01	4.72e-01	1.45e-04	8.12e-07	0.00e+00	0.00e+00	0.00e+00	0.00e+00	0.00e+00	0.00e+00
 8.56252e+22	2.72e-02	5.00e-01	4.72e-01	1.36e-04	7.69e-07	0.00e+00	0.00e+00	0.00e+00	0.00e+00	0.00e+00	0.00e+00
 8.56886e+22	2.79e-02	4.99e-01	4.73e-01	1.28e-04	7.29e-07	0.00e+00	0.00e+00	0.00e+00	0.00e+00	0.00e+00	0.00e+00
 8.57535e+22	2.84e-02	4.98e-01	4.74e-01	1.21e-04	6.93e-07	0.00e+00	0.00e+00	0.00e+00	0.00e+00	0.00e+00	0.00e+00
 8.58236e+22	2.90e-02	4.97e-01	4.74e-01	1.13e-04	6.56e-07	0.00e+00	0.00e+00	0.00e+00	0.00e+00	0.00e+00	0.00e+00
 8.58979e+22	2.98e-02	4.96e-01	4.74e-01	1.06e-04	6.19e-07	0.00e+00	0.00e+00	0.00e+00	0.00e+00	0.00e+00	0.00e+00
 8.59706e+22	3.05e-02	4.94e-01	4.76e-01	1.00e-04	5.89e-07	0.00e+00	0.00e+00	0.00e+00	0.00e+00	0.00e+00	0.00e+00
 8.60416e+22	3.10e-02	4.91e-01	4.78e-01	9.50e-05	5.63e-07	0.00e+00	0.00e+00	0.00e+00	0.00e+00	0.00e+00	0.00e+00
 8.60997e+22	3.14e-02	4.90e-01	4.79e-01	9.12e-05	5.44e-07	0.00e+00	0.00e+00	0.00e+00	0.00e+00	0.00e+00	0.00e+00
 8.61400e+22	3.18e-02	4.89e-01	4.79e-01	8.86e-05	5.31e-07	0.00e+00	0.00e+00	0.00e+00	0.00e+00	0.00e+00	0.00e+00
 8.61769e+22	3.22e-02	4.88e-01	4.80e-01	8.62e-05	5.19e-07	0.00e+00	0.00e+00	0.00e+00	0.00e+00	0.00e+00	0.00e+00
 8.62192e+22	3.25e-02	4.87e-01	4.81e-01	8.38e-05	5.06e-07	0.00e+00	0.00e+00	0.00e+00	0.00e+00	0.00e+00	0.00e+00
 8.62683e+22	3.30e-02	4.86e-01	4.81e-01	8.09e-05	4.92e-07	0.00e+00	0.00e+00	0.00e+00	0.00e+00	0.00e+00	0.00e+00
 8.63183e+22	3.35e-02	4.84e-01	4.82e-01	7.83e-05	4.79e-07	0.00e+00	0.00e+00	0.00e+00	0.00e+00	0.00e+00	0.00e+00
 8.63650e+22	3.39e-02	4.83e-01	4.83e-01	7.60e-05	4.68e-07	0.00e+00	0.00e+00	0.00e+00	0.00e+00	0.00e+00	0.00e+00
 8.64106e+22	3.45e-02	4.83e-01	4.83e-01	7.38e-05	4.56e-07	0.00e+00	0.00e+00	0.00e+00	0.00e+00	0.00e+00	0.00e+00
 8.64570e+22	3.49e-02	4.82e-01	4.83e-01	7.18e-05	4.47e-07	0.00e+00	0.00e+00	0.00e+00	0.00e+00	0.00e+00	0.00e+00
 8.65058e+22	3.54e-02	4.81e-01	4.84e-01	6.96e-05	4.36e-07	0.00e+00	0.00e+00	0.00e+00	0.00e+00	0.00e+00	0.00e+00
 8.65565e+22	3.60e-02	4.80e-01	4.84e-01	6.76e-05	4.26e-07	0.00e+00	0.00e+00	0.00e+00	0.00e+00	0.00e+00	0.00e+00
 8.66067e+22	3.66e-02	4.80e-01	4.84e-01	6.57e-05	4.16e-07	0.00e+00	0.00e+00	0.00e+00	0.00e+00	0.00e+00	0.00e+00
 8.66572e+22	3.72e-02	4.79e-01	4.84e-01	6.38e-05	4.07e-07	0.00e+00	0.00e+00	0.00e+00	0.00e+00	0.00e+00	0.00e+00
 8.67095e+22	3.78e-02	4.79e-01	4.84e-01	6.20e-05	3.98e-07	0.00e+00	0.00e+00	0.00e+00	0.00e+00	0.00e+00	0.00e+00
 8.67637e+22	3.85e-02	4.78e-01	4.83e-01	6.02e-05	3.89e-07	0.00e+00	0.00e+00	0.00e+00	0.00e+00	0.00e+00	0.00e+00
 8.68186e+22	3.92e-02	4.78e-01	4.83e-01	5.85e-05	3.81e-07	0.00e+00	0.00e+00	0.00e+00	0.00e+00	0.00e+00	0.00e+00
 8.68741e+22	3.99e-02	4.78e-01	4.82e-01	5.68e-05	3.72e-07	0.00e+00	0.00e+00	0.00e+00	0.00e+00	0.00e+00	0.00e+00
 8.69315e+22	4.07e-02	4.78e-01	4.81e-01	5.52e-05	3.64e-07	0.00e+00	0.00e+00	0.00e+00	0.00e+00	0.00e+00	0.00e+00
 8.69907e+22	4.16e-02	4.78e-01	4.80e-01	5.36e-05	3.56e-07	0.00e+00	0.00e+00	0.00e+00	0.00e+00	0.00e+00	0.00e+00
 8.70513e+22	4.26e-02	4.79e-01	4.79e-01	5.20e-05	3.48e-07	0.00e+00	0.00e+00	0.00e+00	0.00e+00	0.00e+00	0.00e+00
 8.71131e+22	4.35e-02	4.79e-01	4.77e-01	5.04e-05	3.41e-07	0.00e+00	0.00e+00	0.00e+00	0.00e+00	0.00e+00	0.00e+00
 8.71765e+22	4.46e-02	4.80e-01	4.75e-01	4.89e-05	3.33e-07	0.00e+00	0.00e+00	0.00e+00	0.00e+00	0.00e+00	0.00e+00
 8.72420e+22	4.57e-02	4.81e-01	4.73e-01	4.74e-05	3.25e-07	0.00e+00	0.00e+00	0.00e+00	0.00e+00	0.00e+00	0.00e+00
 8.73096e+22	4.70e-02	4.82e-01	4.71e-01	4.60e-05	3.18e-07	0.00e+00	0.00e+00	0.00e+00	0.00e+00	0.00e+00	0.00e+00
 8.73787e+22	4.83e-02	4.84e-01	4.68e-01	4.45e-05	3.10e-07	0.00e+00	0.00e+00	0.00e+00	0.00e+00	0.00e+00	0.00e+00
 8.74494e+22	4.96e-02	4.85e-01	4.65e-01	4.31e-05	3.03e-07	0.00e+00	0.00e+00	0.00e+00	0.00e+00	0.00e+00	0.00e+00
 8.75222e+22	5.11e-02	4.87e-01	4.62e-01	4.17e-05	2.96e-07	0.00e+00	0.00e+00	0.00e+00	0.00e+00	0.00e+00	0.00e+00
 8.75976e+22	5.27e-02	4.89e-01	4.59e-01	4.03e-05	2.88e-07	0.00e+00	0.00e+00	0.00e+00	0.00e+00	0.00e+00	0.00e+00
 8.76750e+22	5.44e-02	4.91e-01	4.55e-01	3.89e-05	2.81e-07	0.00e+00	0.00e+00	0.00e+00	0.00e+00	0.00e+00	0.00e+00
 8.77542e+22	5.61e-02	4.93e-01	4.51e-01	3.76e-05	2.74e-07	0.00e+00	0.00e+00	0.00e+00	0.00e+00	0.00e+00	0.00e+00
 8.78342e+22	5.81e-02	4.95e-01	4.47e-01	3.63e-05	2.67e-07	0.00e+00	0.00e+00	0.00e+00	0.00e+00	0.00e+00	0.00e+00
 8.79155e+22	6.01e-02	4.98e-01	4.42e-01	3.50e-05	2.60e-07	0.00e+00	0.00e+00	0.00e+00	0.00e+00	0.00e+00	0.00e+00
 8.79998e+22	6.23e-02	5.01e-01	4.37e-01	3.38e-05	2.53e-07	0.00e+00	0.00e+00	0.00e+00	0.00e+00	0.00e+00	0.00e+00
 8.80845e+22	6.45e-02	5.03e-01	4.32e-01	3.26e-05	2.46e-07	0.00e+00	0.00e+00	0.00e+00	0.00e+00	0.00e+00	0.00e+00
 8.81685e+22	6.69e-02	5.06e-01	4.27e-01	3.15e-05	2.40e-07	0.00e+00	0.00e+00	0.00e+00	0.00e+00	0.00e+00	0.00e+00
 8.82546e+22	6.94e-02	5.09e-01	4.21e-01	3.03e-05	2.33e-07	0.00e+00	0.00e+00	0.00e+00	0.00e+00	0.00e+00	0.00e+00
 8.83435e+22	7.20e-02	5.12e-01	4.16e-01	2.92e-05	2.26e-07	0.00e+00	0.00e+00	0.00e+00	0.00e+00	0.00e+00	0.00e+00
 8.84332e+22	7.46e-02	5.15e-01	4.10e-01	2.82e-05	2.20e-07	0.00e+00	0.00e+00	0.00e+00	0.00e+00	0.00e+00	0.00e+00
 8.85236e+22	7.76e-02	5.19e-01	4.04e-01	2.71e-05	2.13e-07	0.00e+00	0.00e+00	0.00e+00	0.00e+00	0.00e+00	0.00e+00
 8.86168e+22	8.07e-02	5.22e-01	3.97e-01	2.61e-05	2.06e-07	0.00e+00	0.00e+00	0.00e+00	0.00e+00	0.00e+00	0.00e+00
 8.87123e+22	8.41e-02	5.26e-01	3.90e-01	2.51e-05	2.00e-07	0.00e+00	0.00e+00	0.00e+00	0.00e+00	0.00e+00	0.00e+00
 8.88090e+22	8.76e-02	5.29e-01	3.83e-01	2.41e-05	1.93e-07	0.00e+00	0.00e+00	0.00e+00	0.00e+00	0.00e+00	0.00e+00
 8.89072e+22	9.15e-02	5.33e-01	3.76e-01	2.31e-05	1.86e-07	0.00e+00	0.00e+00	0.00e+00	0.00e+00	0.00e+00	0.00e+00
 8.90084e+22	9.57e-02	5.36e-01	3.68e-01	2.21e-05	1.79e-07	0.00e+00	0.00e+00	0.00e+00	0.00e+00	0.00e+00	0.00e+00
 8.91116e+22	1.00e-01	5.40e-01	3.60e-01	2.12e-05	1.72e-07	0.00e+00	0.00e+00	0.00e+00	0.00e+00	0.00e+00	0.00e+00
 8.92117e+22	1.04e-01	5.43e-01	3.52e-01	2.02e-05	1.65e-07	0.00e+00	0.00e+00	0.00e+00	0.00e+00	0.00e+00	0.00e+00
 8.93051e+22	1.09e-01	5.47e-01	3.45e-01	1.92e-05	1.59e-07	0.00e+00	0.00e+00	0.00e+00	0.00e+00	0.00e+00	0.00e+00
 8.93913e+22	1.13e-01	5.49e-01	3.37e-01	1.83e-05	1.53e-07	0.00e+00	0.00e+00	0.00e+00	0.00e+00	0.00e+00	0.00e+00
 8.94722e+22	1.18e-01	5.52e-01	3.30e-01	1.74e-05	1.48e-07	0.00e+00	0.00e+00	0.00e+00	0.00e+00	0.00e+00	0.00e+00
 8.95471e+22	1.22e-01	5.54e-01	3.24e-01	1.67e-05	1.43e-07	0.00e+00	0.00e+00	0.00e+00	0.00e+00	0.00e+00	0.00e+00
 8.96197e+22	1.27e-01	5.57e-01	3.17e-01	1.59e-05	1.38e-07	0.00e+00	0.00e+00	0.00e+00	0.00e+00	0.00e+00	0.00e+00
 8.96926e+22	1.31e-01	5.59e-01	3.10e-01	1.52e-05	1.33e-07	0.00e+00	0.00e+00	0.00e+00	0.00e+00	0.00e+00	0.00e+00
 8.97633e+22	1.36e-01	5.61e-01	3.04e-01	1.46e-05	1.28e-07	0.00e+00	0.00e+00	0.00e+00	0.00e+00	0.00e+00	0.00e+00
 8.98298e+22	1.40e-01	5.62e-01	2.98e-01	1.40e-05	1.24e-07	0.00e+00	0.00e+00	0.00e+00	0.00e+00	0.00e+00	0.00e+00
 8.98929e+22	1.45e-01	5.64e-01	2.92e-01	1.34e-05	0.00e+00	0.00e+00	0.00e+00	0.00e+00	0.00e+00	0.00e+00	0.00e+00
 8.99561e+22	1.49e-01	5.65e-01	2.85e-01	1.29e-05	0.00e+00	0.00e+00	0.00e+00	0.00e+00	0.00e+00	0.00e+00	0.00e+00
 9.00167e+22	1.54e-01	5.66e-01	2.80e-01	1.24e-05	0.00e+00	0.00e+00	0.00e+00	0.00e+00	0.00e+00	0.00e+00	0.00e+00
 9.00738e+22	1.59e-01	5.68e-01	2.74e-01	1.19e-05	0.00e+00	0.00e+00	0.00e+00	0.00e+00	0.00e+00	0.00e+00	0.00e+00
 9.01305e+22	1.63e-01	5.68e-01	2.68e-01	1.14e-05	0.00e+00	0.00e+00	0.00e+00	0.00e+00	0.00e+00	0.00e+00	0.00e+00
 9.01849e+22	1.68e-01	5.69e-01	2.63e-01	1.10e-05	0.00e+00	0.00e+00	0.00e+00	0.00e+00	0.00e+00	0.00e+00	0.00e+00
 9.02361e+22	1.73e-01	5.70e-01	2.57e-01	1.06e-05	0.00e+00	0.00e+00	0.00e+00	0.00e+00	0.00e+00	0.00e+00	0.00e+00
 9.02863e+22	1.78e-01	5.71e-01	2.52e-01	1.02e-05	0.00e+00	0.00e+00	0.00e+00	0.00e+00	0.00e+00	0.00e+00	0.00e+00
 9.03351e+22	1.83e-01	5.71e-01	2.46e-01	9.85e-06	0.00e+00	0.00e+00	0.00e+00	0.00e+00	0.00e+00	0.00e+00	0.00e+00
 9.03811e+22	1.87e-01	5.71e-01	2.41e-01	9.51e-06	0.00e+00	0.00e+00	0.00e+00	0.00e+00	0.00e+00	0.00e+00	0.00e+00
 9.04230e+22	1.92e-01	5.71e-01	2.37e-01	9.21e-06	0.00e+00	0.00e+00	0.00e+00	0.00e+00	0.00e+00	0.00e+00	0.00e+00
 9.04610e+22	1.96e-01	5.71e-01	2.32e-01	8.93e-06	0.00e+00	0.00e+00	0.00e+00	0.00e+00	0.00e+00	0.00e+00	0.00e+00
 9.04957e+22	2.00e-01	5.71e-01	2.28e-01	8.68e-06	0.00e+00	0.00e+00	0.00e+00	0.00e+00	0.00e+00	0.00e+00	0.00e+00
