#depth	O	O+	O+2	O+3	O+4	O+5	O+6	O+7	O+8	O[1]	O[2]	O[3]
 4.62852e+21	1.63e-15	4.00e-11	6.80e-08	1.25e-05	4.18e-04	4.09e-03	2.17e-01	5.15e-01	2.64e-01	1.63e-15	1.70e-25	1.78e-25
 1.03435e+22	1.57e-14	2.94e-10	4.06e-07	6.01e-05	1.55e-03	1.03e-02	3.36e-01	4.94e-01	1.58e-01	1.57e-14	3.71e-24	4.14e-24
 1.19476e+22	3.74e-14	6.43e-10	8.43e-07	1.18e-04	2.76e-03	1.57e-02	4.00e-01	4.64e-01	1.17e-01	3.74e-14	9.64e-24	1.07e-23
 1.27240e+22	5.46e-14	9.08e-10	1.18e-06	1.61e-04	3.62e-03	1.91e-02	4.32e-01	4.45e-01	1.00e-01	5.46e-14	1.47e-23	1.62e-23
 1.30625e+22	6.09e-14	1.01e-09	1.30e-06	1.76e-04	3.92e-03	2.03e-02	4.41e-01	4.39e-01	9.53e-02	6.09e-14	1.66e-23	1.84e-23
 1.32459e+22	6.98e-14	1.14e-09	1.47e-06	1.99e-04	4.35e-03	2.19e-02	4.54e-01	4.31e-01	8.92e-02	6.98e-14	1.94e-23	2.14e-23
 1.34433e+22	7.86e-14	1.27e-09	1.64e-06	2.21e-04	4.76e-03	2.34e-02	4.65e-01	4.23e-01	8.40e-02	7.86e-14	2.22e-23	2.45e-23
 1.36590e+22	9.09e-14	1.46e-09	1.88e-06	2.52e-04	5.35e-03	2.55e-02	4.79e-01	4.12e-01	7.76e-02	9.09e-14	2.62e-23	2.89e-23
 1.38740e+22	1.02e-13	1.62e-09	2.09e-06	2.79e-04	5.82e-03	2.72e-02	4.89e-01	4.04e-01	7.31e-02	1.02e-13	2.98e-23	3.28e-23
 1.40879e+22	1.16e-13	1.85e-09	2.38e-06	3.17e-04	6.50e-03	2.95e-02	5.03e-01	3.93e-01	6.74e-02	1.16e-13	3.48e-23	3.82e-23
 1.43031e+22	1.29e-13	2.04e-09	2.64e-06	3.49e-04	7.06e-03	3.13e-02	5.13e-01	3.85e-01	6.34e-02	1.29e-13	3.94e-23	4.32e-23
 1.45198e+22	1.47e-13	2.31e-09	2.99e-06	3.96e-04	7.85e-03	3.40e-02	5.26e-01	3.74e-01	5.84e-02	1.47e-13	4.57e-23	5.01e-23
 1.47392e+22	1.62e-13	2.55e-09	3.31e-06	4.36e-04	8.52e-03	3.61e-02	5.35e-01	3.65e-01	5.47e-02	1.62e-13	5.15e-23	5.63e-23
 1.49623e+22	1.83e-13	2.87e-09	3.75e-06	4.94e-04	9.46e-03	3.90e-02	5.47e-01	3.53e-01	5.01e-02	1.83e-13	5.95e-23	6.50e-23
 1.51887e+22	2.02e-13	3.16e-09	4.14e-06	5.44e-04	1.02e-02	4.15e-02	5.57e-01	3.44e-01	4.68e-02	2.02e-13	6.69e-23	7.31e-23
 1.54195e+22	2.27e-13	3.56e-09	4.70e-06	6.16e-04	1.14e-02	4.48e-02	5.68e-01	3.32e-01	4.27e-02	2.27e-13	7.71e-23	8.41e-23
 1.56551e+22	2.51e-13	3.93e-09	5.21e-06	6.81e-04	1.23e-02	4.76e-02	5.77e-01	3.23e-01	3.97e-02	2.51e-13	8.71e-23	9.49e-23
 1.58970e+22	2.82e-13	4.43e-09	5.91e-06	7.73e-04	1.36e-02	5.15e-02	5.88e-01	3.10e-01	3.61e-02	2.82e-13	1.00e-22	1.09e-22
 1.61257e+22	3.08e-13	4.83e-09	6.46e-06	8.41e-04	1.46e-02	5.41e-02	5.94e-01	3.02e-01	3.38e-02	3.08e-13	1.12e-22	1.21e-22
 1.63373e+22	3.40e-13	5.36e-09	7.22e-06	9.37e-04	1.59e-02	5.77e-02	6.03e-01	2.92e-01	3.11e-02	3.40e-13	1.26e-22	1.37e-22
 1.65499e+22	3.70e-13	5.82e-09	7.87e-06	1.02e-03	1.70e-02	6.06e-02	6.09e-01	2.83e-01	2.91e-02	3.70e-13	1.40e-22	1.52e-22
 1.67641e+22	4.06e-13	6.43e-09	8.77e-06	1.13e-03	1.84e-02	6.46e-02	6.16e-01	2.73e-01	2.66e-02	4.06e-13	1.57e-22	1.70e-22
 1.69788e+22	4.42e-13	7.01e-09	9.58e-06	1.23e-03	1.96e-02	6.77e-02	6.22e-01	2.65e-01	2.49e-02	4.42e-13	1.74e-22	1.89e-22
 1.71943e+22	4.86e-13	7.75e-09	1.07e-05	1.37e-03	2.13e-02	7.20e-02	6.28e-01	2.55e-01	2.28e-02	4.86e-13	1.96e-22	2.12e-22
 1.74118e+22	5.30e-13	8.46e-09	1.17e-05	1.49e-03	2.27e-02	7.53e-02	6.32e-01	2.47e-01	2.13e-02	5.30e-13	2.18e-22	2.36e-22
 1.76320e+22	5.83e-13	9.37e-09	1.30e-05	1.66e-03	2.45e-02	8.00e-02	6.38e-01	2.37e-01	1.94e-02	5.83e-13	2.45e-22	2.66e-22
 1.78546e+22	6.37e-13	1.03e-08	1.43e-05	1.80e-03	2.61e-02	8.36e-02	6.41e-01	2.29e-01	1.81e-02	6.37e-13	2.74e-22	2.97e-22
 1.80805e+22	7.03e-13	1.14e-08	1.60e-05	2.01e-03	2.82e-02	8.87e-02	6.46e-01	2.19e-01	1.64e-02	7.03e-13	3.09e-22	3.36e-22
 1.83094e+22	7.71e-13	1.25e-08	1.75e-05	2.19e-03	3.00e-02	9.27e-02	6.49e-01	2.11e-01	1.52e-02	7.71e-13	3.47e-22	3.76e-22
 1.85424e+22	8.54e-13	1.40e-08	1.97e-05	2.44e-03	3.25e-02	9.83e-02	6.52e-01	2.01e-01	1.38e-02	8.54e-13	3.94e-22	4.28e-22
 1.87792e+22	9.42e-13	1.55e-08	2.17e-05	2.67e-03	3.45e-02	1.03e-01	6.53e-01	1.94e-01	1.27e-02	9.42e-13	4.44e-22	4.82e-22
 1.90211e+22	1.05e-12	1.74e-08	2.46e-05	2.98e-03	3.73e-02	1.09e-01	6.55e-01	1.84e-01	1.15e-02	1.05e-12	5.09e-22	5.53e-22
 1.92678e+22	1.17e-12	1.93e-08	2.72e-05	3.27e-03	3.97e-02	1.14e-01	6.56e-01	1.77e-01	1.06e-02	1.17e-12	5.79e-22	6.29e-22
 1.95208e+22	1.31e-12	2.19e-08	3.09e-05	3.66e-03	4.30e-02	1.20e-01	6.56e-01	1.67e-01	9.45e-03	1.31e-12	6.69e-22	7.27e-22
 1.97777e+22	1.46e-12	2.45e-08	3.45e-05	4.02e-03	4.58e-02	1.26e-01	6.56e-01	1.60e-01	8.67e-03	1.46e-12	7.68e-22	8.35e-22
 2.00400e+22	1.65e-12	2.79e-08	3.94e-05	4.52e-03	4.95e-02	1.33e-01	6.55e-01	1.51e-01	7.70e-03	1.65e-12	8.94e-22	9.73e-22
 2.03043e+22	1.86e-12	3.14e-08	4.40e-05	4.97e-03	5.26e-02	1.39e-01	6.53e-01	1.44e-01	7.05e-03	1.86e-12	1.03e-21	1.12e-21
 2.05301e+22	2.06e-12	3.49e-08	4.87e-05	5.42e-03	5.57e-02	1.44e-01	6.51e-01	1.38e-01	6.46e-03	2.06e-12	1.17e-21	1.27e-21
 2.07824e+22	2.34e-12	4.00e-08	5.55e-05	6.06e-03	5.98e-02	1.52e-01	6.47e-01	1.29e-01	5.76e-03	2.34e-12	1.37e-21	1.50e-21
 2.10368e+22	2.64e-12	4.50e-08	6.18e-05	6.61e-03	6.33e-02	1.57e-01	6.44e-01	1.24e-01	5.28e-03	2.64e-12	1.59e-21	1.73e-21
 2.12519e+22	2.92e-12	4.99e-08	6.82e-05	7.17e-03	6.66e-02	1.62e-01	6.41e-01	1.18e-01	4.86e-03	2.92e-12	1.80e-21	1.96e-21
 2.14900e+22	3.32e-12	5.70e-08	7.73e-05	7.95e-03	7.11e-02	1.70e-01	6.35e-01	1.11e-01	4.35e-03	3.32e-12	2.11e-21	2.30e-21
 2.17253e+22	3.70e-12	6.34e-08	8.52e-05	8.59e-03	7.46e-02	1.75e-01	6.31e-01	1.07e-01	4.01e-03	3.70e-12	2.40e-21	2.62e-21
 2.19571e+22	4.24e-12	7.26e-08	9.63e-05	9.47e-03	7.92e-02	1.82e-01	6.25e-01	1.01e-01	3.61e-03	4.24e-12	2.84e-21	3.10e-21
 2.21982e+22	4.78e-12	8.17e-08	1.07e-04	1.03e-02	8.35e-02	1.88e-01	6.19e-01	9.55e-02	3.29e-03	4.78e-12	3.28e-21	3.58e-21
 2.24146e+22	5.40e-12	9.19e-08	1.19e-04	1.12e-02	8.77e-02	1.94e-01	6.13e-01	9.10e-02	3.02e-03	5.40e-12	3.80e-21	4.15e-21
 2.26592e+22	6.25e-12	1.06e-07	1.36e-04	1.24e-02	9.32e-02	2.01e-01	6.05e-01	8.53e-02	2.69e-03	6.25e-12	4.54e-21	4.96e-21
 2.29092e+22	7.07e-12	1.20e-07	1.51e-04	1.35e-02	9.80e-02	2.07e-01	5.98e-01	8.08e-02	2.44e-03	7.07e-12	5.27e-21	5.76e-21
 2.31661e+22	8.38e-12	1.41e-07	1.73e-04	1.49e-02	1.04e-01	2.15e-01	5.88e-01	7.55e-02	2.17e-03	8.38e-12	6.46e-21	7.07e-21
 2.34351e+22	9.71e-12	1.63e-07	1.96e-04	1.64e-02	1.10e-01	2.22e-01	5.79e-01	7.09e-02	1.94e-03	9.71e-12	7.72e-21	8.45e-21
 2.36764e+22	1.12e-11	1.86e-07	2.20e-04	1.78e-02	1.16e-01	2.28e-01	5.70e-01	6.69e-02	1.76e-03	1.12e-11	9.18e-21	1.01e-20
 2.39466e+22	1.34e-11	2.21e-07	2.55e-04	1.99e-02	1.23e-01	2.36e-01	5.58e-01	6.18e-02	1.54e-03	1.34e-11	1.14e-20	1.25e-20
 2.42203e+22	1.57e-11	2.55e-07	2.87e-04	2.17e-02	1.29e-01	2.41e-01	5.48e-01	5.81e-02	1.38e-03	1.57e-11	1.37e-20	1.50e-20
 2.44985e+22	1.91e-11	3.05e-07	3.33e-04	2.42e-02	1.37e-01	2.49e-01	5.34e-01	5.36e-02	1.21e-03	1.91e-11	1.73e-20	1.90e-20
 2.47826e+22	2.25e-11	3.55e-07	3.78e-04	2.64e-02	1.44e-01	2.55e-01	5.22e-01	5.00e-02	1.07e-03	2.25e-11	2.11e-20	2.31e-20
 2.50744e+22	2.79e-11	4.30e-07	4.42e-04	2.95e-02	1.54e-01	2.63e-01	5.07e-01	4.57e-02	9.27e-04	2.79e-11	2.72e-20	2.98e-20
 2.53704e+22	3.33e-11	5.04e-07	5.03e-04	3.23e-02	1.61e-01	2.68e-01	4.94e-01	4.25e-02	8.20e-04	3.33e-11	3.35e-20	3.68e-20
 2.56720e+22	4.18e-11	6.16e-07	5.91e-04	3.62e-02	1.71e-01	2.75e-01	4.77e-01	3.86e-02	7.03e-04	4.18e-11	4.38e-20	4.82e-20
 2.59782e+22	5.04e-11	7.27e-07	6.75e-04	3.96e-02	1.80e-01	2.81e-01	4.63e-01	3.56e-02	6.17e-04	5.04e-11	5.48e-20	6.03e-20
 2.62432e+22	6.04e-11	8.49e-07	7.63e-04	4.31e-02	1.88e-01	2.85e-01	4.50e-01	3.30e-02	5.47e-04	6.04e-11	6.77e-20	7.46e-20
 2.65404e+22	7.61e-11	1.04e-06	8.93e-04	4.79e-02	1.99e-01	2.90e-01	4.32e-01	2.99e-02	4.67e-04	7.61e-11	8.90e-20	9.81e-20
 2.68482e+22	9.29e-11	1.23e-06	1.02e-03	5.24e-02	2.08e-01	2.94e-01	4.17e-01	2.74e-02	4.07e-04	9.29e-11	1.13e-19	1.24e-19
 2.71698e+22	1.20e-10	1.53e-06	1.21e-03	5.86e-02	2.19e-01	2.99e-01	3.97e-01	2.45e-02	3.41e-04	1.20e-10	1.52e-19	1.68e-19
 2.74668e+22	1.43e-10	1.77e-06	1.35e-03	6.31e-02	2.28e-01	3.01e-01	3.84e-01	2.26e-02	3.02e-04	1.43e-10	1.87e-19	2.06e-19
 2.76957e+22	1.68e-10	2.02e-06	1.50e-03	6.74e-02	2.35e-01	3.03e-01	3.72e-01	2.11e-02	2.71e-04	1.68e-10	2.26e-19	2.50e-19
 2.79571e+22	2.08e-10	2.40e-06	1.71e-03	7.34e-02	2.45e-01	3.05e-01	3.56e-01	1.92e-02	2.34e-04	2.08e-10	2.90e-19	3.20e-19
 2.82319e+22	2.50e-10	2.79e-06	1.91e-03	7.90e-02	2.53e-01	3.07e-01	3.42e-01	1.76e-02	2.05e-04	2.50e-10	3.60e-19	3.99e-19
 2.85240e+22	3.17e-10	3.39e-06	2.21e-03	8.66e-02	2.64e-01	3.07e-01	3.24e-01	1.58e-02	1.74e-04	3.17e-10	4.78e-19	5.29e-19
 2.88216e+22	3.89e-10	4.00e-06	2.51e-03	9.36e-02	2.73e-01	3.08e-01	3.09e-01	1.43e-02	1.50e-04	3.89e-10	6.06e-19	6.71e-19
 2.90806e+22	4.70e-10	4.65e-06	2.80e-03	1.00e-01	2.81e-01	3.07e-01	2.95e-01	1.30e-02	1.31e-04	4.70e-10	7.58e-19	8.39e-19
 2.93718e+22	5.97e-10	5.62e-06	3.22e-03	1.09e-01	2.91e-01	3.06e-01	2.79e-01	1.16e-02	1.10e-04	5.97e-10	1.00e-18	1.11e-18
 2.96736e+22	7.35e-10	6.62e-06	3.63e-03	1.18e-01	3.00e-01	3.04e-01	2.64e-01	1.05e-02	9.43e-05	7.35e-10	1.28e-18	1.42e-18
 2.99449e+22	8.99e-10	7.75e-06	4.07e-03	1.26e-01	3.08e-01	3.02e-01	2.50e-01	9.44e-03	8.11e-05	8.99e-10	1.62e-18	1.80e-18
 3.02534e+22	1.16e-09	9.44e-06	4.70e-03	1.37e-01	3.18e-01	2.99e-01	2.33e-01	8.28e-03	6.71e-05	1.16e-09	2.19e-18	2.43e-18
 3.05695e+22	1.44e-09	1.12e-05	5.31e-03	1.47e-01	3.26e-01	2.95e-01	2.19e-01	7.38e-03	5.67e-05	1.44e-09	2.83e-18	3.14e-18
 3.08496e+22	1.78e-09	1.31e-05	5.95e-03	1.57e-01	3.33e-01	2.91e-01	2.06e-01	6.59e-03	4.82e-05	1.78e-09	3.61e-18	4.02e-18
 3.11679e+22	2.31e-09	1.60e-05	6.85e-03	1.70e-01	3.42e-01	2.85e-01	1.90e-01	5.71e-03	3.93e-05	2.31e-09	4.93e-18	5.48e-18
 3.14975e+22	2.91e-09	1.91e-05	7.74e-03	1.82e-01	3.49e-01	2.79e-01	1.77e-01	5.02e-03	3.26e-05	2.91e-09	6.45e-18	7.19e-18
 3.17928e+22	3.62e-09	2.25e-05	8.68e-03	1.94e-01	3.55e-01	2.74e-01	1.65e-01	4.43e-03	2.73e-05	3.62e-09	8.34e-18	9.29e-18
 3.21277e+22	4.76e-09	2.76e-05	1.00e-02	2.10e-01	3.61e-01	2.65e-01	1.50e-01	3.77e-03	2.18e-05	4.76e-09	1.15e-17	1.29e-17
 3.24704e+22	6.02e-09	3.28e-05	1.13e-02	2.23e-01	3.66e-01	2.58e-01	1.38e-01	3.27e-03	1.78e-05	6.02e-09	1.52e-17	1.70e-17
 3.27722e+22	7.50e-09	3.87e-05	1.26e-02	2.37e-01	3.70e-01	2.50e-01	1.27e-01	2.85e-03	1.48e-05	7.50e-09	1.97e-17	2.20e-17
 3.31139e+22	9.90e-09	4.74e-05	1.45e-02	2.54e-01	3.75e-01	2.40e-01	1.15e-01	2.40e-03	1.16e-05	9.90e-09	2.74e-17	3.07e-17
 3.34649e+22	1.26e-08	5.65e-05	1.63e-02	2.69e-01	3.77e-01	2.31e-01	1.04e-01	2.05e-03	9.33e-06	1.26e-08	3.64e-17	4.07e-17
 3.37758e+22	1.58e-08	6.65e-05	1.81e-02	2.84e-01	3.79e-01	2.22e-01	9.52e-02	1.77e-03	7.61e-06	1.58e-08	4.74e-17	5.31e-17
 3.41278e+22	2.09e-08	8.15e-05	2.07e-02	3.02e-01	3.80e-01	2.11e-01	8.47e-02	1.46e-03	5.87e-06	2.09e-08	6.63e-17	7.43e-17
 3.44903e+22	2.67e-08	9.73e-05	2.33e-02	3.19e-01	3.80e-01	2.01e-01	7.61e-02	1.23e-03	4.65e-06	2.67e-08	8.85e-17	9.93e-17
 3.48132e+22	3.35e-08	1.15e-04	2.59e-02	3.34e-01	3.79e-01	1.91e-01	6.87e-02	1.05e-03	3.72e-06	3.35e-08	1.16e-16	1.31e-16
 3.51798e+22	4.49e-08	1.41e-04	2.96e-02	3.54e-01	3.76e-01	1.79e-01	6.00e-02	8.47e-04	2.79e-06	4.49e-08	1.65e-16	1.85e-16
 3.55541e+22	5.72e-08	1.68e-04	3.30e-02	3.71e-01	3.73e-01	1.69e-01	5.35e-02	7.07e-04	2.18e-06	5.72e-08	2.19e-16	2.47e-16
 3.59384e+22	7.73e-08	2.08e-04	3.77e-02	3.91e-01	3.68e-01	1.56e-01	4.61e-02	5.60e-04	1.60e-06	7.73e-08	3.14e-16	3.55e-16
 3.63272e+22	9.87e-08	2.47e-04	4.20e-02	4.08e-01	3.63e-01	1.46e-01	4.07e-02	4.62e-04	1.23e-06	9.87e-08	4.21e-16	4.75e-16
 3.67218e+22	1.34e-07	3.06e-04	4.79e-02	4.28e-01	3.55e-01	1.34e-01	3.46e-02	3.61e-04	8.88e-07	1.34e-07	6.06e-16	6.85e-16
 3.71127e+22	1.69e-07	3.60e-04	5.29e-02	4.43e-01	3.48e-01	1.25e-01	3.04e-02	2.97e-04	6.84e-07	1.69e-07	8.02e-16	9.08e-16
 3.74297e+22	2.08e-07	4.16e-04	5.77e-02	4.56e-01	3.42e-01	1.17e-01	2.71e-02	2.49e-04	5.42e-07	2.08e-07	1.03e-15	1.16e-15
 3.77724e+22	2.68e-07	4.97e-04	6.41e-02	4.72e-01	3.33e-01	1.07e-01	2.34e-02	2.00e-04	4.05e-07	2.68e-07	1.40e-15	1.58e-15
 3.81193e+22	3.31e-07	5.74e-04	6.99e-02	4.84e-01	3.25e-01	9.97e-02	2.07e-02	1.66e-04	3.16e-07	3.31e-07	1.79e-15	2.04e-15
 3.84248e+22	4.06e-07	6.61e-04	7.59e-02	4.95e-01	3.17e-01	9.27e-02	1.83e-02	1.38e-04	2.48e-07	4.06e-07	2.29e-15	2.60e-15
 3.87755e+22	5.23e-07	7.88e-04	8.39e-02	5.09e-01	3.07e-01	8.43e-02	1.57e-02	1.09e-04	1.82e-07	5.23e-07	3.12e-15	3.54e-15
 3.91356e+22	6.50e-07	9.16e-04	9.15e-02	5.19e-01	2.97e-01	7.74e-02	1.36e-02	8.90e-05	1.39e-07	6.50e-07	4.05e-15	4.61e-15
 3.94564e+22	7.98e-07	1.06e-03	9.91e-02	5.29e-01	2.88e-01	7.12e-02	1.19e-02	7.30e-05	0.00e+00	7.98e-07	5.20e-15	5.92e-15
 3.98219e+22	1.03e-06	1.26e-03	1.09e-01	5.40e-01	2.76e-01	6.39e-02	1.01e-02	5.66e-05	0.00e+00	1.03e-06	7.12e-15	8.11e-15
 4.01904e+22	1.28e-06	1.46e-03	1.19e-01	5.48e-01	2.65e-01	5.83e-02	8.71e-03	4.58e-05	0.00e+00	1.28e-06	9.20e-15	1.05e-14
 4.05116e+22	1.56e-06	1.67e-03	1.28e-01	5.54e-01	2.55e-01	5.32e-02	7.57e-03	3.72e-05	0.00e+00	1.56e-06	1.18e-14	1.34e-14
 4.08007e+22	1.84e-06	1.87e-03	1.36e-01	5.59e-01	2.47e-01	4.94e-02	6.75e-03	3.15e-05	0.00e+00	1.84e-06	1.43e-14	1.63e-14
 4.10994e+22	2.25e-06	2.14e-03	1.46e-01	5.64e-01	2.37e-01	4.48e-02	5.83e-03	2.54e-05	0.00e+00	2.25e-06	1.84e-14	2.10e-14
 4.14042e+22	2.67e-06	2.41e-03	1.56e-01	5.67e-01	2.28e-01	4.12e-02	5.14e-03	2.11e-05	0.00e+00	2.67e-06	2.26e-14	2.59e-14
 4.16716e+22	3.14e-06	2.69e-03	1.65e-01	5.70e-01	2.20e-01	3.80e-02	4.56e-03	1.77e-05	0.00e+00	3.14e-06	2.75e-14	3.15e-14
 4.19743e+22	3.84e-06	3.09e-03	1.77e-01	5.72e-01	2.10e-01	3.42e-02	3.90e-03	1.41e-05	0.00e+00	3.84e-06	3.54e-14	4.05e-14
 4.22821e+22	4.54e-06	3.46e-03	1.88e-01	5.73e-01	2.01e-01	3.13e-02	3.43e-03	1.17e-05	0.00e+00	4.54e-06	4.34e-14	4.96e-14
 4.25551e+22	5.32e-06	3.85e-03	1.98e-01	5.73e-01	1.93e-01	2.87e-02	3.02e-03	9.72e-06	0.00e+00	5.32e-06	5.29e-14	6.05e-14
 4.28686e+22	6.56e-06	4.43e-03	2.13e-01	5.72e-01	1.82e-01	2.55e-02	2.56e-03	7.63e-06	0.00e+00	6.56e-06	6.83e-14	7.82e-14
 4.31836e+22	7.69e-06	4.93e-03	2.25e-01	5.71e-01	1.74e-01	2.33e-02	2.24e-03	6.30e-06	0.00e+00	7.69e-06	8.33e-14	9.53e-14
 4.35009e+22	9.42e-06	5.66e-03	2.40e-01	5.67e-01	1.64e-01	2.06e-02	1.89e-03	4.93e-06	0.00e+00	9.42e-06	1.07e-13	1.23e-13
 4.38233e+22	1.11e-05	6.32e-03	2.54e-01	5.64e-01	1.56e-01	1.86e-02	1.64e-03	4.02e-06	0.00e+00	1.11e-05	1.31e-13	1.50e-13
 4.41523e+22	1.36e-05	7.26e-03	2.71e-01	5.58e-01	1.46e-01	1.64e-02	1.37e-03	3.10e-06	0.00e+00	1.36e-05	1.70e-13	1.95e-13
 4.44849e+22	1.60e-05	8.09e-03	2.86e-01	5.53e-01	1.38e-01	1.47e-02	1.18e-03	2.51e-06	0.00e+00	1.60e-05	2.08e-13	2.39e-13
 4.46682e+22	1.66e-05	8.29e-03	2.89e-01	5.51e-01	1.36e-01	1.43e-02	1.14e-03	2.37e-06	0.00e+00	1.66e-05	2.18e-13	2.50e-13
 4.47526e+22	1.75e-05	8.56e-03	2.94e-01	5.49e-01	1.34e-01	1.38e-02	1.09e-03	2.23e-06	0.00e+00	1.75e-05	2.32e-13	2.66e-13
 4.48622e+22	1.88e-05	8.99e-03	3.01e-01	5.46e-01	1.30e-01	1.32e-02	1.02e-03	2.02e-06	0.00e+00	1.88e-05	2.54e-13	2.91e-13
 4.50047e+22	2.03e-05	9.47e-03	3.08e-01	5.43e-01	1.27e-01	1.25e-02	9.49e-04	1.82e-06	0.00e+00	2.03e-05	2.81e-13	3.22e-13
 4.51899e+22	2.29e-05	1.03e-02	3.19e-01	5.37e-01	1.21e-01	1.15e-02	8.49e-04	1.55e-06	0.00e+00	2.29e-05	3.27e-13	3.74e-13
 4.54308e+22	2.61e-05	1.12e-02	3.32e-01	5.30e-01	1.15e-01	1.05e-02	7.48e-04	1.30e-06	0.00e+00	2.61e-05	3.87e-13	4.43e-13
 4.57438e+22	3.19e-05	1.28e-02	3.52e-01	5.19e-01	1.06e-01	9.06e-03	6.17e-04	9.83e-07	0.00e+00	3.19e-05	4.97e-13	5.69e-13
 4.60712e+22	3.72e-05	1.42e-02	3.68e-01	5.09e-01	9.98e-02	8.08e-03	5.30e-04	7.90e-07	0.00e+00	3.72e-05	6.05e-13	6.92e-13
 4.64169e+22	4.60e-05	1.63e-02	3.90e-01	4.95e-01	9.12e-02	6.89e-03	4.29e-04	5.85e-07	0.00e+00	4.60e-05	7.91e-13	9.04e-13
 4.67726e+22	5.41e-05	1.82e-02	4.08e-01	4.82e-01	8.47e-02	6.05e-03	3.63e-04	4.60e-07	0.00e+00	5.41e-05	9.74e-13	1.11e-12
 4.71410e+22	6.68e-05	2.09e-02	4.31e-01	4.66e-01	7.69e-02	5.11e-03	2.92e-04	3.37e-07	0.00e+00	6.68e-05	1.28e-12	1.45e-12
 4.75227e+22	7.95e-05	2.34e-02	4.51e-01	4.51e-01	7.05e-02	4.41e-03	2.41e-04	2.57e-07	0.00e+00	7.95e-05	1.60e-12	1.81e-12
 4.78182e+22	8.98e-05	2.54e-02	4.65e-01	4.39e-01	6.62e-02	3.96e-03	2.10e-04	2.12e-07	0.00e+00	8.98e-05	1.87e-12	2.12e-12
 4.80987e+22	1.05e-04	2.80e-02	4.82e-01	4.25e-01	6.11e-02	3.46e-03	1.77e-04	1.66e-07	0.00e+00	1.05e-04	2.29e-12	2.58e-12
 4.83860e+22	1.18e-04	3.04e-02	4.96e-01	4.13e-01	5.71e-02	3.09e-03	1.53e-04	1.35e-07	0.00e+00	1.18e-04	2.69e-12	3.03e-12
 4.86823e+22	1.38e-04	3.37e-02	5.14e-01	3.97e-01	5.24e-02	2.68e-03	1.28e-04	0.00e+00	0.00e+00	1.38e-04	3.30e-12	3.71e-12
 4.89846e+22	1.57e-04	3.66e-02	5.29e-01	3.84e-01	4.85e-02	2.36e-03	1.10e-04	0.00e+00	0.00e+00	1.57e-04	3.91e-12	4.37e-12
 4.92532e+22	1.78e-04	3.97e-02	5.43e-01	3.70e-01	4.50e-02	2.09e-03	9.39e-05	0.00e+00	0.00e+00	1.78e-04	4.62e-12	5.15e-12
 4.95609e+22	2.09e-04	4.40e-02	5.60e-01	3.53e-01	4.07e-02	1.78e-03	7.69e-05	0.00e+00	0.00e+00	2.09e-04	5.74e-12	6.35e-12
 4.98696e+22	2.36e-04	4.75e-02	5.74e-01	3.39e-01	3.76e-02	1.57e-03	6.58e-05	0.00e+00	0.00e+00	2.36e-04	6.75e-12	7.43e-12
 5.01797e+22	2.75e-04	5.25e-02	5.90e-01	3.22e-01	3.40e-02	1.33e-03	5.39e-05	0.00e+00	0.00e+00	2.75e-04	8.32e-12	9.09e-12
 5.04993e+22	3.12e-04	5.69e-02	6.03e-01	3.08e-01	3.10e-02	1.16e-03	4.53e-05	0.00e+00	0.00e+00	3.12e-04	9.91e-12	1.07e-11
 5.07366e+22	3.38e-04	5.98e-02	6.12e-01	2.98e-01	2.92e-02	1.06e-03	4.04e-05	0.00e+00	0.00e+00	3.38e-04	1.11e-11	1.19e-11
 5.09011e+22	3.57e-04	6.19e-02	6.17e-01	2.92e-01	2.80e-02	9.89e-04	3.74e-05	0.00e+00	0.00e+00	3.57e-04	1.20e-11	1.29e-11
 5.10658e+22	3.88e-04	6.53e-02	6.25e-01	2.82e-01	2.63e-02	9.00e-04	3.33e-05	0.00e+00	0.00e+00	3.88e-04	1.34e-11	1.44e-11
 5.12800e+22	4.28e-04	6.94e-02	6.34e-01	2.71e-01	2.45e-02	8.04e-04	2.90e-05	0.00e+00	0.00e+00	4.28e-04	1.54e-11	1.64e-11
 5.15584e+22	4.92e-04	7.58e-02	6.46e-01	2.55e-01	2.20e-02	6.82e-04	2.38e-05	0.00e+00	0.00e+00	4.92e-04	1.87e-11	1.97e-11
 5.17997e+22	5.22e-04	7.86e-02	6.52e-01	2.48e-01	2.08e-02	6.29e-04	2.15e-05	0.00e+00	0.00e+00	5.22e-04	2.05e-11	2.14e-11
 5.19928e+22	5.73e-04	8.33e-02	6.59e-01	2.37e-01	1.93e-02	5.61e-04	1.88e-05	0.00e+00	0.00e+00	5.73e-04	2.34e-11	2.42e-11
 5.22439e+22	6.41e-04	8.94e-02	6.67e-01	2.25e-01	1.76e-02	4.87e-04	1.58e-05	0.00e+00	0.00e+00	6.41e-04	2.75e-11	2.81e-11
 5.25703e+22	7.46e-04	9.82e-02	6.77e-01	2.08e-01	1.55e-02	4.01e-04	1.25e-05	0.00e+00	0.00e+00	7.46e-04	3.42e-11	3.44e-11
 5.28851e+22	8.21e-04	1.04e-01	6.84e-01	1.97e-01	1.41e-02	3.50e-04	1.06e-05	0.00e+00	0.00e+00	8.21e-04	3.95e-11	3.93e-11
 5.31848e+22	9.36e-04	1.13e-01	6.91e-01	1.83e-01	1.25e-02	2.93e-04	8.61e-06	0.00e+00	0.00e+00	9.36e-04	4.79e-11	4.69e-11
 5.35745e+22	1.11e-03	1.25e-01	6.98e-01	1.65e-01	1.06e-02	2.31e-04	6.49e-06	0.00e+00	0.00e+00	1.11e-03	6.17e-11	5.92e-11
 5.39630e+22	1.25e-03	1.34e-01	7.02e-01	1.53e-01	9.36e-03	1.92e-04	5.21e-06	0.00e+00	0.00e+00	1.25e-03	7.41e-11	6.99e-11
 5.43499e+22	1.47e-03	1.48e-01	7.05e-01	1.37e-01	7.95e-03	1.51e-04	3.93e-06	0.00e+00	0.00e+00	1.47e-03	9.47e-11	8.72e-11
 5.47474e+22	1.67e-03	1.59e-01	7.07e-01	1.25e-01	6.88e-03	1.23e-04	3.08e-06	0.00e+00	0.00e+00	1.67e-03	1.15e-10	1.04e-10
 5.51587e+22	1.97e-03	1.76e-01	7.06e-01	1.11e-01	5.75e-03	9.48e-05	2.27e-06	0.00e+00	0.00e+00	1.97e-03	1.49e-10	1.31e-10
 5.55768e+22	2.23e-03	1.89e-01	7.04e-01	9.96e-02	4.92e-03	7.61e-05	1.76e-06	0.00e+00	0.00e+00	2.23e-03	1.81e-10	1.56e-10
 5.60036e+22	2.66e-03	2.09e-01	6.98e-01	8.64e-02	4.03e-03	5.71e-05	1.26e-06	0.00e+00	0.00e+00	2.66e-03	2.36e-10	1.99e-10
 5.64321e+22	3.00e-03	2.24e-01	6.92e-01	7.72e-02	3.44e-03	4.56e-05	9.71e-07	0.00e+00	0.00e+00	3.00e-03	2.86e-10	2.37e-10
 5.68626e+22	3.57e-03	2.47e-01	6.80e-01	6.60e-02	2.79e-03	3.37e-05	6.87e-07	0.00e+00	0.00e+00	3.57e-03	3.74e-10	3.01e-10
 5.73019e+22	4.06e-03	2.66e-01	6.70e-01	5.79e-02	2.34e-03	2.63e-05	5.18e-07	0.00e+00	0.00e+00	4.06e-03	4.56e-10	3.60e-10
 5.77526e+22	4.88e-03	2.94e-01	6.51e-01	4.83e-02	1.85e-03	1.88e-05	3.55e-07	0.00e+00	0.00e+00	4.88e-03	6.00e-10	4.62e-10
 5.81527e+22	5.34e-03	3.08e-01	6.41e-01	4.33e-02	1.61e-03	1.54e-05	2.85e-07	0.00e+00	0.00e+00	5.34e-03	6.90e-10	5.25e-10
 5.84871e+22	6.13e-03	3.32e-01	6.23e-01	3.73e-02	1.35e-03	1.19e-05	2.14e-07	0.00e+00	0.00e+00	6.13e-03	8.46e-10	6.33e-10
 5.88321e+22	6.89e-03	3.53e-01	6.06e-01	3.27e-02	1.15e-03	9.40e-06	1.66e-07	0.00e+00	0.00e+00	6.89e-03	1.00e-09	7.40e-10
 5.91406e+22	7.67e-03	3.73e-01	5.89e-01	2.87e-02	9.92e-04	7.54e-06	1.31e-07	0.00e+00	0.00e+00	7.67e-03	1.17e-09	8.57e-10
 5.94910e+22	8.91e-03	4.03e-01	5.63e-01	2.39e-02	8.13e-04	5.56e-06	0.00e+00	0.00e+00	0.00e+00	8.91e-03	1.46e-09	1.05e-09
 5.98458e+22	1.01e-02	4.28e-01	5.41e-01	2.04e-02	6.85e-04	4.29e-06	0.00e+00	0.00e+00	0.00e+00	1.01e-02	1.73e-09	1.23e-09
 6.01577e+22	1.14e-02	4.54e-01	5.16e-01	1.73e-02	5.77e-04	3.29e-06	0.00e+00	0.00e+00	0.00e+00	1.14e-02	2.06e-09	1.45e-09
 6.05145e+22	1.34e-02	4.90e-01	4.82e-01	1.38e-02	4.62e-04	2.31e-06	0.00e+00	0.00e+00	0.00e+00	1.34e-02	2.58e-09	1.79e-09
 6.08776e+22	1.54e-02	5.21e-01	4.52e-01	1.13e-02	3.80e-04	1.69e-06	0.00e+00	0.00e+00	0.00e+00	1.54e-02	3.11e-09	2.15e-09
 6.11933e+22	1.76e-02	5.51e-01	4.22e-01	9.20e-03	3.14e-04	1.24e-06	0.00e+00	0.00e+00	0.00e+00	1.76e-02	3.73e-09	2.55e-09
 6.15483e+22	2.09e-02	5.91e-01	3.81e-01	6.96e-03	2.45e-04	8.17e-07	0.00e+00	0.00e+00	0.00e+00	2.09e-02	4.72e-09	3.20e-09
 6.19170e+22	2.46e-02	6.26e-01	3.44e-01	5.30e-03	1.94e-04	5.49e-07	0.00e+00	0.00e+00	0.00e+00	2.46e-02	5.82e-09	3.92e-09
 6.22450e+22	2.88e-02	6.60e-01	3.07e-01	4.01e-03	1.54e-04	3.68e-07	0.00e+00	0.00e+00	0.00e+00	2.88e-02	7.13e-09	4.77e-09
 6.26128e+22	3.51e-02	7.00e-01	2.62e-01	2.76e-03	1.14e-04	2.16e-07	0.00e+00	0.00e+00	0.00e+00	3.51e-02	9.22e-09	6.13e-09
 6.29843e+22	4.23e-02	7.33e-01	2.23e-01	1.91e-03	8.61e-05	1.30e-07	0.00e+00	0.00e+00	0.00e+00	4.23e-02	1.16e-08	7.68e-09
 6.32707e+22	4.91e-02	7.56e-01	1.93e-01	1.41e-03	6.86e-05	0.00e+00	0.00e+00	0.00e+00	0.00e+00	4.91e-02	1.39e-08	9.17e-09
 6.35531e+22	5.85e-02	7.80e-01	1.61e-01	9.69e-04	5.14e-05	0.00e+00	0.00e+00	0.00e+00	0.00e+00	5.85e-02	1.73e-08	1.13e-08
 6.38476e+22	6.96e-02	7.97e-01	1.32e-01	6.61e-04	3.87e-05	0.00e+00	0.00e+00	0.00e+00	0.00e+00	6.96e-02	2.13e-08	1.39e-08
 6.40272e+22	7.67e-02	8.04e-01	1.19e-01	5.35e-04	3.32e-05	0.00e+00	0.00e+00	0.00e+00	0.00e+00	7.67e-02	2.37e-08	1.54e-08
 6.40964e+22	7.99e-02	8.06e-01	1.13e-01	4.90e-04	3.11e-05	0.00e+00	0.00e+00	0.00e+00	0.00e+00	7.99e-02	2.48e-08	1.62e-08
 6.41512e+22	8.29e-02	8.09e-01	1.08e-01	4.49e-04	2.91e-05	0.00e+00	0.00e+00	0.00e+00	0.00e+00	8.29e-02	2.59e-08	1.69e-08
 6.42210e+22	8.70e-02	8.11e-01	1.02e-01	4.01e-04	2.67e-05	0.00e+00	0.00e+00	0.00e+00	0.00e+00	8.70e-02	2.74e-08	1.79e-08
 6.42989e+22	9.17e-02	8.13e-01	9.50e-02	3.54e-04	2.43e-05	0.00e+00	0.00e+00	0.00e+00	0.00e+00	9.17e-02	2.92e-08	1.90e-08
 6.43732e+22	9.64e-02	8.14e-01	8.90e-02	3.15e-04	2.22e-05	0.00e+00	0.00e+00	0.00e+00	0.00e+00	9.64e-02	3.09e-08	2.01e-08
 6.44440e+22	1.01e-01	8.15e-01	8.33e-02	2.80e-04	2.03e-05	0.00e+00	0.00e+00	0.00e+00	0.00e+00	1.01e-01	3.27e-08	2.12e-08
 6.45116e+22	1.06e-01	8.15e-01	7.83e-02	2.51e-04	1.86e-05	0.00e+00	0.00e+00	0.00e+00	0.00e+00	1.06e-01	3.45e-08	2.24e-08
 6.45786e+22	1.12e-01	8.15e-01	7.32e-02	2.23e-04	1.70e-05	0.00e+00	0.00e+00	0.00e+00	0.00e+00	1.12e-01	3.65e-08	2.36e-08
 6.46454e+22	1.17e-01	8.14e-01	6.86e-02	2.00e-04	1.55e-05	0.00e+00	0.00e+00	0.00e+00	0.00e+00	1.17e-01	3.84e-08	2.49e-08
 6.47123e+22	1.23e-01	8.13e-01	6.39e-02	1.77e-04	1.41e-05	0.00e+00	0.00e+00	0.00e+00	0.00e+00	1.23e-01	4.06e-08	2.63e-08
 6.47786e+22	1.29e-01	8.11e-01	5.96e-02	1.58e-04	1.29e-05	0.00e+00	0.00e+00	0.00e+00	0.00e+00	1.29e-01	4.28e-08	2.77e-08
 6.48420e+22	1.35e-01	8.09e-01	5.56e-02	1.41e-04	1.17e-05	0.00e+00	0.00e+00	0.00e+00	0.00e+00	1.35e-01	4.52e-08	2.92e-08
 6.49040e+22	1.42e-01	8.06e-01	5.19e-02	1.26e-04	1.07e-05	0.00e+00	0.00e+00	0.00e+00	0.00e+00	1.42e-01	4.75e-08	3.07e-08
 6.49650e+22	1.48e-01	8.03e-01	4.83e-02	1.12e-04	9.67e-06	0.00e+00	0.00e+00	0.00e+00	0.00e+00	1.48e-01	5.00e-08	3.23e-08
 6.50240e+22	1.55e-01	8.00e-01	4.52e-02	1.01e-04	8.86e-06	0.00e+00	0.00e+00	0.00e+00	0.00e+00	1.55e-01	5.24e-08	3.38e-08
 6.50849e+22	1.63e-01	7.95e-01	4.19e-02	8.99e-05	7.99e-06	0.00e+00	0.00e+00	0.00e+00	0.00e+00	1.63e-01	5.52e-08	3.56e-08
 6.51468e+22	1.70e-01	7.91e-01	3.89e-02	8.03e-05	7.24e-06	0.00e+00	0.00e+00	0.00e+00	0.00e+00	1.70e-01	5.80e-08	3.74e-08
 6.52053e+22	1.79e-01	7.85e-01	3.60e-02	7.16e-05	6.53e-06	0.00e+00	0.00e+00	0.00e+00	0.00e+00	1.79e-01	6.10e-08	3.93e-08
 6.52609e+22	1.86e-01	7.80e-01	3.36e-02	6.47e-05	5.96e-06	0.00e+00	0.00e+00	0.00e+00	0.00e+00	1.86e-01	6.37e-08	4.10e-08
 6.53176e+22	1.95e-01	7.74e-01	3.11e-02	5.79e-05	5.38e-06	0.00e+00	0.00e+00	0.00e+00	0.00e+00	1.95e-01	6.67e-08	4.30e-08
 6.53765e+22	2.05e-01	7.67e-01	2.87e-02	5.15e-05	4.82e-06	0.00e+00	0.00e+00	0.00e+00	0.00e+00	2.05e-01	7.01e-08	4.51e-08
 6.54310e+22	2.14e-01	7.60e-01	2.66e-02	4.64e-05	4.37e-06	0.00e+00	0.00e+00	0.00e+00	0.00e+00	2.14e-01	7.31e-08	4.70e-08
 6.54829e+22	2.22e-01	7.53e-01	2.48e-02	4.22e-05	3.99e-06	0.00e+00	0.00e+00	0.00e+00	0.00e+00	2.22e-01	7.60e-08	4.89e-08
 6.55396e+22	2.33e-01	7.44e-01	2.28e-02	3.76e-05	3.56e-06	0.00e+00	0.00e+00	0.00e+00	0.00e+00	2.33e-01	7.96e-08	5.12e-08
 6.55972e+22	2.44e-01	7.35e-01	2.10e-02	3.36e-05	3.18e-06	0.00e+00	0.00e+00	0.00e+00	0.00e+00	2.44e-01	8.33e-08	5.35e-08
 6.56491e+22	2.54e-01	7.27e-01	1.94e-02	3.05e-05	2.87e-06	0.00e+00	0.00e+00	0.00e+00	0.00e+00	2.54e-01	8.66e-08	5.56e-08
 6.56993e+22	2.63e-01	7.19e-01	1.81e-02	2.78e-05	2.61e-06	0.00e+00	0.00e+00	0.00e+00	0.00e+00	2.63e-01	8.97e-08	5.76e-08
 6.57551e+22	2.76e-01	7.08e-01	1.65e-02	2.49e-05	2.32e-06	0.00e+00	0.00e+00	0.00e+00	0.00e+00	2.76e-01	9.36e-08	6.00e-08
 6.58119e+22	2.88e-01	6.96e-01	1.51e-02	2.23e-05	2.06e-06	0.00e+00	0.00e+00	0.00e+00	0.00e+00	2.88e-01	9.74e-08	6.25e-08
 6.58624e+22	3.00e-01	6.86e-01	1.40e-02	2.03e-05	1.85e-06	0.00e+00	0.00e+00	0.00e+00	0.00e+00	3.00e-01	1.01e-07	6.46e-08
 6.59111e+22	3.10e-01	6.77e-01	1.30e-02	1.86e-05	1.68e-06	0.00e+00	0.00e+00	0.00e+00	0.00e+00	3.10e-01	1.04e-07	6.67e-08
 6.59665e+22	3.24e-01	6.64e-01	1.18e-02	1.67e-05	1.48e-06	0.00e+00	0.00e+00	0.00e+00	0.00e+00	3.24e-01	1.08e-07	6.92e-08
 6.60234e+22	3.37e-01	6.52e-01	1.08e-02	1.51e-05	1.32e-06	0.00e+00	0.00e+00	0.00e+00	0.00e+00	3.37e-01	1.12e-07	7.16e-08
 6.60774e+22	3.51e-01	6.39e-01	9.84e-03	1.36e-05	1.17e-06	0.00e+00	0.00e+00	0.00e+00	0.00e+00	3.51e-01	1.16e-07	7.39e-08
 6.61297e+22	3.65e-01	6.26e-01	9.02e-03	1.24e-05	1.04e-06	0.00e+00	0.00e+00	0.00e+00	0.00e+00	3.65e-01	1.19e-07	7.61e-08
 6.61807e+22	3.78e-01	6.13e-01	8.25e-03	1.13e-05	9.26e-07	0.00e+00	0.00e+00	0.00e+00	0.00e+00	3.78e-01	1.22e-07	7.83e-08
 6.62319e+22	3.92e-01	6.01e-01	7.57e-03	1.03e-05	8.27e-07	0.00e+00	0.00e+00	0.00e+00	0.00e+00	3.92e-01	1.26e-07	8.04e-08
 6.62849e+22	4.06e-01	5.87e-01	6.88e-03	9.39e-06	7.31e-07	0.00e+00	0.00e+00	0.00e+00	0.00e+00	4.06e-01	1.29e-07	8.25e-08
 6.63384e+22	4.20e-01	5.73e-01	6.28e-03	8.58e-06	6.49e-07	0.00e+00	0.00e+00	0.00e+00	0.00e+00	4.20e-01	1.32e-07	8.46e-08
 6.63924e+22	4.35e-01	5.59e-01	5.70e-03	7.82e-06	5.72e-07	0.00e+00	0.00e+00	0.00e+00	0.00e+00	4.35e-01	1.36e-07	8.66e-08
 6.64477e+22	4.51e-01	5.44e-01	5.16e-03	7.12e-06	5.03e-07	0.00e+00	0.00e+00	0.00e+00	0.00e+00	4.51e-01	1.39e-07	8.85e-08
 6.65016e+22	4.66e-01	5.29e-01	4.69e-03	6.51e-06	4.45e-07	0.00e+00	0.00e+00	0.00e+00	0.00e+00	4.66e-01	1.41e-07	9.03e-08
 6.65556e+22	4.81e-01	5.15e-01	4.25e-03	5.96e-06	3.92e-07	0.00e+00	0.00e+00	0.00e+00	0.00e+00	4.81e-01	1.44e-07	9.19e-08
 6.66118e+22	4.96e-01	5.00e-01	3.84e-03	5.45e-06	3.45e-07	0.00e+00	0.00e+00	0.00e+00	0.00e+00	4.96e-01	1.47e-07	9.36e-08
 6.66694e+22	5.12e-01	4.85e-01	3.47e-03	4.98e-06	3.02e-07	0.00e+00	0.00e+00	0.00e+00	0.00e+00	5.12e-01	1.49e-07	9.51e-08
 6.67282e+22	5.28e-01	4.69e-01	3.11e-03	4.55e-06	2.64e-07	0.00e+00	0.00e+00	0.00e+00	0.00e+00	5.28e-01	1.51e-07	9.65e-08
 6.67870e+22	5.43e-01	4.54e-01	2.80e-03	4.16e-06	2.31e-07	0.00e+00	0.00e+00	0.00e+00	0.00e+00	5.43e-01	1.53e-07	9.77e-08
 6.68464e+22	5.59e-01	4.39e-01	2.51e-03	3.82e-06	2.01e-07	0.00e+00	0.00e+00	0.00e+00	0.00e+00	5.59e-01	1.55e-07	9.88e-08
 6.69080e+22	5.74e-01	4.24e-01	2.25e-03	3.49e-06	1.75e-07	0.00e+00	0.00e+00	0.00e+00	0.00e+00	5.74e-01	1.57e-07	9.97e-08
 6.69719e+22	5.90e-01	4.08e-01	2.00e-03	3.19e-06	1.52e-07	0.00e+00	0.00e+00	0.00e+00	0.00e+00	5.90e-01	1.58e-07	1.01e-07
 6.70300e+22	6.04e-01	3.95e-01	1.81e-03	2.96e-06	1.34e-07	0.00e+00	0.00e+00	0.00e+00	0.00e+00	6.04e-01	1.59e-07	1.01e-07
 6.70797e+22	6.15e-01	3.83e-01	1.66e-03	2.77e-06	0.00e+00	0.00e+00	0.00e+00	0.00e+00	0.00e+00	6.15e-01	1.60e-07	1.02e-07
 6.71291e+22	6.26e-01	3.72e-01	1.52e-03	2.60e-06	0.00e+00	0.00e+00	0.00e+00	0.00e+00	0.00e+00	6.26e-01	1.60e-07	1.02e-07
 6.71829e+22	6.38e-01	3.61e-01	1.38e-03	2.43e-06	0.00e+00	0.00e+00	0.00e+00	0.00e+00	0.00e+00	6.38e-01	1.61e-07	1.02e-07
 6.72401e+22	6.50e-01	3.48e-01	1.25e-03	2.26e-06	0.00e+00	0.00e+00	0.00e+00	0.00e+00	0.00e+00	6.50e-01	1.61e-07	1.02e-07
 6.72962e+22	6.62e-01	3.37e-01	1.13e-03	2.11e-06	0.00e+00	0.00e+00	0.00e+00	0.00e+00	0.00e+00	6.62e-01	1.62e-07	1.03e-07
 6.73516e+22	6.73e-01	3.26e-01	1.03e-03	1.98e-06	0.00e+00	0.00e+00	0.00e+00	0.00e+00	0.00e+00	6.73e-01	1.62e-07	1.03e-07
 6.74090e+22	6.84e-01	3.15e-01	9.31e-04	1.85e-06	0.00e+00	0.00e+00	0.00e+00	0.00e+00	0.00e+00	6.84e-01	1.62e-07	1.03e-07
 6.74688e+22	6.95e-01	3.04e-01	8.39e-04	1.73e-06	0.00e+00	0.00e+00	0.00e+00	0.00e+00	0.00e+00	6.95e-01	1.62e-07	1.02e-07
 6.75293e+22	7.05e-01	2.94e-01	7.58e-04	1.62e-06	0.00e+00	0.00e+00	0.00e+00	0.00e+00	0.00e+00	7.05e-01	1.62e-07	1.02e-07
 6.75906e+22	7.16e-01	2.84e-01	6.83e-04	1.51e-06	0.00e+00	0.00e+00	0.00e+00	0.00e+00	0.00e+00	7.16e-01	1.61e-07	1.02e-07
 6.76531e+22	7.26e-01	2.73e-01	6.15e-04	1.41e-06	0.00e+00	0.00e+00	0.00e+00	0.00e+00	0.00e+00	7.26e-01	1.61e-07	1.02e-07
 6.77159e+22	7.36e-01	2.63e-01	5.54e-04	1.32e-06	0.00e+00	0.00e+00	0.00e+00	0.00e+00	0.00e+00	7.36e-01	1.60e-07	1.01e-07
 6.77799e+22	7.46e-01	2.54e-01	4.99e-04	1.24e-06	0.00e+00	0.00e+00	0.00e+00	0.00e+00	0.00e+00	7.46e-01	1.60e-07	1.01e-07
 6.78463e+22	7.55e-01	2.45e-01	4.48e-04	1.16e-06	0.00e+00	0.00e+00	0.00e+00	0.00e+00	0.00e+00	7.55e-01	1.59e-07	1.01e-07
 6.79144e+22	7.64e-01	2.35e-01	4.02e-04	1.09e-06	0.00e+00	0.00e+00	0.00e+00	0.00e+00	0.00e+00	7.64e-01	1.59e-07	1.00e-07
 6.79832e+22	7.73e-01	2.26e-01	3.61e-04	1.02e-06	0.00e+00	0.00e+00	0.00e+00	0.00e+00	0.00e+00	7.73e-01	1.58e-07	9.97e-08
 6.80537e+22	7.82e-01	2.18e-01	3.23e-04	9.55e-07	0.00e+00	0.00e+00	0.00e+00	0.00e+00	0.00e+00	7.82e-01	1.57e-07	9.91e-08
 6.81262e+22	7.91e-01	2.09e-01	2.90e-04	8.94e-07	0.00e+00	0.00e+00	0.00e+00	0.00e+00	0.00e+00	7.91e-01	1.56e-07	9.85e-08
 6.81993e+22	7.99e-01	2.01e-01	2.60e-04	8.38e-07	0.00e+00	0.00e+00	0.00e+00	0.00e+00	0.00e+00	7.99e-01	1.55e-07	9.80e-08
 6.82738e+22	8.07e-01	1.93e-01	2.33e-04	7.86e-07	0.00e+00	0.00e+00	0.00e+00	0.00e+00	0.00e+00	8.07e-01	1.55e-07	9.74e-08
 6.83512e+22	8.14e-01	1.85e-01	2.09e-04	7.37e-07	0.00e+00	0.00e+00	0.00e+00	0.00e+00	0.00e+00	8.14e-01	1.54e-07	9.68e-08
 6.84310e+22	8.22e-01	1.78e-01	1.87e-04	6.90e-07	0.00e+00	0.00e+00	0.00e+00	0.00e+00	0.00e+00	8.22e-01	1.53e-07	9.61e-08
 6.85122e+22	8.29e-01	1.71e-01	1.68e-04	6.47e-07	0.00e+00	0.00e+00	0.00e+00	0.00e+00	0.00e+00	8.29e-01	1.52e-07	9.55e-08
 6.85953e+22	8.36e-01	1.64e-01	1.51e-04	6.07e-07	0.00e+00	0.00e+00	0.00e+00	0.00e+00	0.00e+00	8.36e-01	1.51e-07	9.49e-08
 6.86816e+22	8.43e-01	1.57e-01	1.35e-04	5.69e-07	0.00e+00	0.00e+00	0.00e+00	0.00e+00	0.00e+00	8.43e-01	1.50e-07	9.43e-08
 6.87706e+22	8.49e-01	1.51e-01	1.22e-04	5.33e-07	0.00e+00	0.00e+00	0.00e+00	0.00e+00	0.00e+00	8.49e-01	1.50e-07	9.38e-08
 6.88608e+22	8.55e-01	1.44e-01	1.10e-04	5.01e-07	0.00e+00	0.00e+00	0.00e+00	0.00e+00	0.00e+00	8.55e-01	1.49e-07	9.32e-08
 6.89520e+22	8.61e-01	1.39e-01	1.00e-04	4.71e-07	0.00e+00	0.00e+00	0.00e+00	0.00e+00	0.00e+00	8.61e-01	1.48e-07	9.28e-08
 6.90450e+22	8.66e-01	1.34e-01	9.11e-05	4.44e-07	0.00e+00	0.00e+00	0.00e+00	0.00e+00	0.00e+00	8.66e-01	1.48e-07	9.23e-08
 6.91403e+22	8.72e-01	1.28e-01	8.32e-05	4.18e-07	0.00e+00	0.00e+00	0.00e+00	0.00e+00	0.00e+00	8.72e-01	1.47e-07	9.18e-08
 6.92396e+22	8.77e-01	1.23e-01	7.61e-05	3.93e-07	0.00e+00	0.00e+00	0.00e+00	0.00e+00	0.00e+00	8.77e-01	1.46e-07	9.09e-08
 6.93426e+22	8.82e-01	1.18e-01	6.99e-05	3.70e-07	0.00e+00	0.00e+00	0.00e+00	0.00e+00	0.00e+00	8.82e-01	1.45e-07	8.99e-08
 6.94460e+22	8.86e-01	1.14e-01	6.46e-05	3.49e-07	0.00e+00	0.00e+00	0.00e+00	0.00e+00	0.00e+00	8.86e-01	1.45e-07	8.92e-08
 6.95496e+22	8.90e-01	1.10e-01	6.01e-05	3.30e-07	0.00e+00	0.00e+00	0.00e+00	0.00e+00	0.00e+00	8.90e-01	1.44e-07	8.85e-08
 6.96584e+22	8.94e-01	1.06e-01	5.59e-05	3.12e-07	0.00e+00	0.00e+00	0.00e+00	0.00e+00	0.00e+00	8.94e-01	1.44e-07	8.77e-08
 6.97732e+22	8.98e-01	1.02e-01	5.21e-05	2.94e-07	0.00e+00	0.00e+00	0.00e+00	0.00e+00	0.00e+00	8.98e-01	1.44e-07	8.70e-08
 6.98908e+22	9.02e-01	9.79e-02	4.88e-05	2.77e-07	0.00e+00	0.00e+00	0.00e+00	0.00e+00	0.00e+00	9.02e-01	1.43e-07	8.62e-08
 7.00106e+22	9.06e-01	9.44e-02	4.59e-05	2.62e-07	0.00e+00	0.00e+00	0.00e+00	0.00e+00	0.00e+00	9.06e-01	1.43e-07	8.56e-08
 7.01347e+22	9.09e-01	9.09e-02	4.32e-05	2.47e-07	0.00e+00	0.00e+00	0.00e+00	0.00e+00	0.00e+00	9.09e-01	1.43e-07	8.50e-08
 7.02633e+22	9.13e-01	8.75e-02	4.09e-05	2.33e-07	0.00e+00	0.00e+00	0.00e+00	0.00e+00	0.00e+00	9.13e-01	1.43e-07	8.44e-08
 7.03912e+22	9.16e-01	8.42e-02	3.89e-05	2.20e-07	0.00e+00	0.00e+00	0.00e+00	0.00e+00	0.00e+00	9.16e-01	1.43e-07	8.38e-08
 7.05119e+22	9.18e-01	8.15e-02	3.72e-05	2.09e-07	0.00e+00	0.00e+00	0.00e+00	0.00e+00	0.00e+00	9.18e-01	1.43e-07	8.33e-08
 7.06258e+22	9.21e-01	7.90e-02	3.59e-05	1.99e-07	0.00e+00	0.00e+00	0.00e+00	0.00e+00	0.00e+00	9.21e-01	1.43e-07	8.29e-08
 7.07361e+22	9.23e-01	7.67e-02	3.47e-05	1.90e-07	0.00e+00	0.00e+00	0.00e+00	0.00e+00	0.00e+00	9.23e-01	1.43e-07	8.25e-08
 7.08432e+22	9.25e-01	7.45e-02	3.36e-05	1.82e-07	0.00e+00	0.00e+00	0.00e+00	0.00e+00	0.00e+00	9.25e-01	1.43e-07	8.22e-08
 7.09469e+22	9.28e-01	7.25e-02	3.26e-05	1.74e-07	0.00e+00	0.00e+00	0.00e+00	0.00e+00	0.00e+00	9.28e-01	1.43e-07	8.18e-08
 7.10465e+22	9.29e-01	7.05e-02	3.18e-05	1.67e-07	0.00e+00	0.00e+00	0.00e+00	0.00e+00	0.00e+00	9.29e-01	1.43e-07	8.14e-08
 7.11408e+22	9.31e-01	6.87e-02	3.10e-05	1.61e-07	0.00e+00	0.00e+00	0.00e+00	0.00e+00	0.00e+00	9.31e-01	1.43e-07	8.11e-08
 7.12305e+22	9.33e-01	6.70e-02	3.04e-05	1.55e-07	0.00e+00	0.00e+00	0.00e+00	0.00e+00	0.00e+00	9.33e-01	1.43e-07	8.07e-08
 7.13147e+22	9.35e-01	6.55e-02	2.98e-05	1.50e-07	0.00e+00	0.00e+00	0.00e+00	0.00e+00	0.00e+00	9.35e-01	1.43e-07	8.04e-08
 7.13961e+22	9.36e-01	6.40e-02	2.93e-05	1.45e-07	0.00e+00	0.00e+00	0.00e+00	0.00e+00	0.00e+00	9.36e-01	1.43e-07	8.02e-08
 7.14772e+22	9.38e-01	6.24e-02	2.88e-05	1.40e-07	0.00e+00	0.00e+00	0.00e+00	0.00e+00	0.00e+00	9.38e-01	1.43e-07	7.99e-08
 7.15557e+22	9.39e-01	6.10e-02	2.84e-05	1.35e-07	0.00e+00	0.00e+00	0.00e+00	0.00e+00	0.00e+00	9.39e-01	1.43e-07	7.96e-08
 7.16311e+22	9.40e-01	5.97e-02	2.79e-05	1.31e-07	0.00e+00	0.00e+00	0.00e+00	0.00e+00	0.00e+00	9.40e-01	1.43e-07	7.94e-08
 7.17037e+22	9.42e-01	5.84e-02	2.76e-05	1.27e-07	0.00e+00	0.00e+00	0.00e+00	0.00e+00	0.00e+00	9.42e-01	1.43e-07	7.91e-08
 7.17738e+22	9.43e-01	5.71e-02	2.72e-05	1.23e-07	0.00e+00	0.00e+00	0.00e+00	0.00e+00	0.00e+00	9.43e-01	1.43e-07	7.89e-08
 7.18415e+22	9.44e-01	5.59e-02	2.69e-05	0.00e+00	0.00e+00	0.00e+00	0.00e+00	0.00e+00	0.00e+00	9.44e-01	1.43e-07	7.86e-08
 7.19068e+22	9.45e-01	5.47e-02	2.66e-05	0.00e+00	0.00e+00	0.00e+00	0.00e+00	0.00e+00	0.00e+00	9.45e-01	1.43e-07	7.84e-08
 7.19699e+22	9.46e-01	5.36e-02	2.63e-05	0.00e+00	0.00e+00	0.00e+00	0.00e+00	0.00e+00	0.00e+00	9.46e-01	1.43e-07	7.82e-08
 7.20307e+22	9.47e-01	5.26e-02	2.61e-05	0.00e+00	0.00e+00	0.00e+00	0.00e+00	0.00e+00	0.00e+00	9.47e-01	1.43e-07	7.79e-08
 7.20894e+22	9.48e-01	5.15e-02	2.58e-05	0.00e+00	0.00e+00	0.00e+00	0.00e+00	0.00e+00	0.00e+00	9.48e-01	1.43e-07	7.77e-08
 7.21460e+22	9.49e-01	5.05e-02	2.56e-05	0.00e+00	0.00e+00	0.00e+00	0.00e+00	0.00e+00	0.00e+00	9.49e-01	1.43e-07	7.75e-08
 7.22007e+22	9.50e-01	4.95e-02	2.54e-05	0.00e+00	0.00e+00	0.00e+00	0.00e+00	0.00e+00	0.00e+00	9.50e-01	1.43e-07	7.72e-08
 7.22520e+22	9.51e-01	4.86e-02	2.52e-05	0.00e+00	0.00e+00	0.00e+00	0.00e+00	0.00e+00	0.00e+00	9.51e-01	1.43e-07	7.70e-08
 7.22987e+22	9.52e-01	4.78e-02	2.50e-05	0.00e+00	0.00e+00	0.00e+00	0.00e+00	0.00e+00	0.00e+00	9.52e-01	1.43e-07	7.67e-08
 7.23412e+22	9.53e-01	4.71e-02	2.48e-05	0.00e+00	0.00e+00	0.00e+00	0.00e+00	0.00e+00	0.00e+00	9.53e-01	1.43e-07	7.65e-08
 7.23799e+22	9.54e-01	4.64e-02	2.47e-05	0.00e+00	0.00e+00	0.00e+00	0.00e+00	0.00e+00	0.00e+00	9.54e-01	1.43e-07	7.63e-08
 7.24151e+22	9.54e-01	4.58e-02	2.46e-05	0.00e+00	0.00e+00	0.00e+00	0.00e+00	0.00e+00	0.00e+00	9.54e-01	1.42e-07	7.61e-08
 7.24471e+22	9.55e-01	4.53e-02	2.45e-05	0.00e+00	0.00e+00	0.00e+00	0.00e+00	0.00e+00	0.00e+00	9.55e-01	1.42e-07	7.59e-08
 7.24762e+22	9.55e-01	4.48e-02	2.44e-05	0.00e+00	0.00e+00	0.00e+00	0.00e+00	0.00e+00	0.00e+00	9.55e-01	1.42e-07	7.58e-08
 7.25082e+22	9.56e-01	4.42e-02	2.42e-05	0.00e+00	0.00e+00	0.00e+00	0.00e+00	0.00e+00	0.00e+00	9.56e-01	1.41e-07	7.55e-08
 7.25426e+22	9.56e-01	4.35e-02	2.41e-05	0.00e+00	0.00e+00	0.00e+00	0.00e+00	0.00e+00	0.00e+00	9.56e-01	1.41e-07	7.53e-08
 7.25740e+22	9.57e-01	4.30e-02	2.40e-05	0.00e+00	0.00e+00	0.00e+00	0.00e+00	0.00e+00	0.00e+00	9.57e-01	1.41e-07	7.52e-08
 7.26084e+22	9.58e-01	4.23e-02	2.38e-05	0.00e+00	0.00e+00	0.00e+00	0.00e+00	0.00e+00	0.00e+00	9.58e-01	1.40e-07	7.50e-08
 7.26455e+22	9.58e-01	4.15e-02	2.36e-05	0.00e+00	0.00e+00	0.00e+00	0.00e+00	0.00e+00	0.00e+00	9.58e-01	1.39e-07	7.47e-08
 7.26792e+22	9.59e-01	4.10e-02	2.35e-05	0.00e+00	0.00e+00	0.00e+00	0.00e+00	0.00e+00	0.00e+00	9.59e-01	1.39e-07	7.45e-08
 7.27100e+22	9.60e-01	4.05e-02	2.33e-05	0.00e+00	0.00e+00	0.00e+00	0.00e+00	0.00e+00	0.00e+00	9.60e-01	1.38e-07	7.43e-08
 7.27379e+22	9.60e-01	4.00e-02	2.32e-05	0.00e+00	0.00e+00	0.00e+00	0.00e+00	0.00e+00	0.00e+00	9.60e-01	1.38e-07	7.42e-08
 7.27634e+22	9.60e-01	3.95e-02	2.31e-05	0.00e+00	0.00e+00	0.00e+00	0.00e+00	0.00e+00	0.00e+00	9.60e-01	1.37e-07	7.39e-08
 7.27865e+22	9.61e-01	3.92e-02	2.30e-05	0.00e+00	0.00e+00	0.00e+00	0.00e+00	0.00e+00	0.00e+00	9.61e-01	1.37e-07	7.38e-08
 7.28119e+22	9.61e-01	3.88e-02	2.29e-05	0.00e+00	0.00e+00	0.00e+00	0.00e+00	0.00e+00	0.00e+00	9.61e-01	1.37e-07	7.37e-08
 7.28449e+22	9.62e-01	3.83e-02	2.27e-05	0.00e+00	0.00e+00	0.00e+00	0.00e+00	0.00e+00	0.00e+00	9.62e-01	1.37e-07	7.37e-08
 7.28878e+22	9.62e-01	3.75e-02	2.24e-05	0.00e+00	0.00e+00	0.00e+00	0.00e+00	0.00e+00	0.00e+00	9.62e-01	1.37e-07	7.36e-08
 7.29341e+22	9.63e-01	3.67e-02	2.22e-05	0.00e+00	0.00e+00	0.00e+00	0.00e+00	0.00e+00	0.00e+00	9.63e-01	1.36e-07	7.34e-08
 7.29762e+22	9.64e-01	3.60e-02	2.19e-05	0.00e+00	0.00e+00	0.00e+00	0.00e+00	0.00e+00	0.00e+00	9.64e-01	1.36e-07	7.32e-08
 7.30145e+22	9.64e-01	3.55e-02	2.17e-05	0.00e+00	0.00e+00	0.00e+00	0.00e+00	0.00e+00	0.00e+00	9.64e-01	1.36e-07	7.31e-08
 7.30494e+22	9.65e-01	3.51e-02	2.16e-05	0.00e+00	0.00e+00	0.00e+00	0.00e+00	0.00e+00	0.00e+00	9.65e-01	1.36e-07	7.30e-08
 7.30812e+22	9.65e-01	3.46e-02	2.14e-05	0.00e+00	0.00e+00	0.00e+00	0.00e+00	0.00e+00	0.00e+00	9.65e-01	1.35e-07	7.29e-08
 7.31101e+22	9.66e-01	3.42e-02	2.12e-05	0.00e+00	0.00e+00	0.00e+00	0.00e+00	0.00e+00	0.00e+00	9.66e-01	1.35e-07	7.26e-08
 7.31364e+22	9.66e-01	3.39e-02	2.11e-05	0.00e+00	0.00e+00	0.00e+00	0.00e+00	0.00e+00	0.00e+00	9.66e-01	1.35e-07	7.26e-08
 7.31652e+22	9.66e-01	3.35e-02	2.09e-05	0.00e+00	0.00e+00	0.00e+00	0.00e+00	0.00e+00	0.00e+00	9.66e-01	1.35e-07	7.25e-08
 7.31963e+22	9.67e-01	3.31e-02	2.08e-05	0.00e+00	0.00e+00	0.00e+00	0.00e+00	0.00e+00	0.00e+00	9.67e-01	1.35e-07	7.25e-08
 7.32303e+22	9.67e-01	3.26e-02	2.05e-05	0.00e+00	0.00e+00	0.00e+00	0.00e+00	0.00e+00	0.00e+00	9.67e-01	1.35e-07	7.23e-08
 7.32671e+22	9.68e-01	3.19e-02	2.03e-05	0.00e+00	0.00e+00	0.00e+00	0.00e+00	0.00e+00	0.00e+00	9.68e-01	1.34e-07	7.21e-08
 7.33006e+22	9.68e-01	3.15e-02	2.01e-05	0.00e+00	0.00e+00	0.00e+00	0.00e+00	0.00e+00	0.00e+00	9.68e-01	1.34e-07	7.19e-08
 7.33311e+22	9.69e-01	3.11e-02	1.99e-05	0.00e+00	0.00e+00	0.00e+00	0.00e+00	0.00e+00	0.00e+00	9.69e-01	1.34e-07	7.17e-08
 7.33588e+22	9.69e-01	3.08e-02	1.97e-05	0.00e+00	0.00e+00	0.00e+00	0.00e+00	0.00e+00	0.00e+00	9.69e-01	1.34e-07	7.16e-08
 7.33892e+22	9.70e-01	3.03e-02	1.95e-05	0.00e+00	0.00e+00	0.00e+00	0.00e+00	0.00e+00	0.00e+00	9.70e-01	1.33e-07	7.14e-08
 7.34220e+22	9.70e-01	2.98e-02	1.93e-05	0.00e+00	0.00e+00	0.00e+00	0.00e+00	0.00e+00	0.00e+00	9.70e-01	1.33e-07	7.12e-08
