#depth	H	H+	H2
 4.62852e+21	2.21e-06	1.00e+00	8.35e-30
 1.03435e+22	3.80e-06	1.00e+00	2.53e-29
 1.19476e+22	5.02e-06	1.00e+00	4.29e-29
 1.27240e+22	5.77e-06	1.00e+00	5.49e-29
 1.30625e+22	6.02e-06	1.00e+00	5.93e-29
 1.32459e+22	6.37e-06	1.00e+00	6.57e-29
 1.34433e+22	6.69e-06	1.00e+00	7.25e-29
 1.36590e+22	7.13e-06	1.00e+00	8.30e-29
 1.38740e+22	7.48e-06	1.00e+00	9.24e-29
 1.40879e+22	7.96e-06	1.00e+00	1.06e-28
 1.43031e+22	8.35e-06	1.00e+00	1.20e-28
 1.45198e+22	8.88e-06	1.00e+00	1.40e-28
 1.47392e+22	9.32e-06	1.00e+00	1.60e-28
 1.49623e+22	9.93e-06	1.00e+00	1.91e-28
 1.51887e+22	1.04e-05	1.00e+00	2.23e-28
 1.54195e+22	1.11e-05	1.00e+00	2.73e-28
 1.56551e+22	1.17e-05	1.00e+00	3.24e-28
 1.58970e+22	1.25e-05	1.00e+00	4.08e-28
 1.61257e+22	1.30e-05	1.00e+00	4.78e-28
 1.63373e+22	1.37e-05	1.00e+00	5.89e-28
 1.65499e+22	1.43e-05	1.00e+00	6.97e-28
 1.67641e+22	1.52e-05	1.00e+00	8.70e-28
 1.69788e+22	1.58e-05	1.00e+00	1.03e-27
 1.71943e+22	1.67e-05	1.00e+00	1.29e-27
 1.74118e+22	1.74e-05	1.00e+00	1.54e-27
 1.76320e+22	1.84e-05	1.00e+00	1.95e-27
 1.78546e+22	1.92e-05	1.00e+00	2.34e-27
 1.80805e+22	2.03e-05	1.00e+00	2.98e-27
 1.83094e+22	2.12e-05	1.00e+00	3.60e-27
 1.85424e+22	2.25e-05	1.00e+00	4.62e-27
 1.87792e+22	2.34e-05	1.00e+00	5.62e-27
 1.90211e+22	2.49e-05	1.00e+00	7.27e-27
 1.92678e+22	2.60e-05	1.00e+00	8.90e-27
 1.95208e+22	2.76e-05	1.00e+00	1.16e-26
 1.97777e+22	2.89e-05	1.00e+00	1.43e-26
 2.00400e+22	3.07e-05	1.00e+00	1.89e-26
 2.03043e+22	3.22e-05	1.00e+00	2.33e-26
 2.05301e+22	3.36e-05	1.00e+00	2.85e-26
 2.07824e+22	3.56e-05	1.00e+00	3.69e-26
 2.10368e+22	3.72e-05	1.00e+00	4.50e-26
 2.12519e+22	3.87e-05	1.00e+00	5.42e-26
 2.14900e+22	4.09e-05	1.00e+00	6.90e-26
 2.17253e+22	4.25e-05	1.00e+00	8.25e-26
 2.19571e+22	4.47e-05	1.00e+00	1.03e-25
 2.21982e+22	4.67e-05	1.00e+00	1.26e-25
 2.24146e+22	4.86e-05	1.00e+00	1.52e-25
 2.26592e+22	5.12e-05	1.00e+00	1.93e-25
 2.29092e+22	5.35e-05	1.00e+00	2.35e-25
 2.31661e+22	5.64e-05	1.00e+00	2.99e-25
 2.34351e+22	5.92e-05	1.00e+00	3.73e-25
 2.36764e+22	6.18e-05	1.00e+00	4.55e-25
 2.39466e+22	6.55e-05	1.00e+00	5.92e-25
 2.42203e+22	6.84e-05	1.00e+00	7.26e-25
 2.44985e+22	7.24e-05	1.00e+00	9.43e-25
 2.47826e+22	7.60e-05	1.00e+00	1.17e-24
 2.50744e+22	8.06e-05	1.00e+00	1.54e-24
 2.53704e+22	8.46e-05	1.00e+00	1.92e-24
 2.56720e+22	8.98e-05	1.00e+00	2.54e-24
 2.59782e+22	9.44e-05	1.00e+00	3.19e-24
 2.62432e+22	9.88e-05	1.00e+00	3.94e-24
 2.65404e+22	1.05e-04	1.00e+00	5.18e-24
 2.68482e+22	1.10e-04	1.00e+00	6.54e-24
 2.71698e+22	1.17e-04	1.00e+00	8.75e-24
 2.74668e+22	1.23e-04	1.00e+00	1.07e-23
 2.76957e+22	1.27e-04	1.00e+00	1.28e-23
 2.79571e+22	1.34e-04	1.00e+00	1.62e-23
 2.82319e+22	1.40e-04	1.00e+00	1.98e-23
 2.85240e+22	1.48e-04	1.00e+00	2.57e-23
 2.88216e+22	1.56e-04	1.00e+00	3.22e-23
 2.90806e+22	1.62e-04	1.00e+00	3.95e-23
 2.93718e+22	1.72e-04	1.00e+00	5.10e-23
 2.96736e+22	1.80e-04	1.00e+00	6.39e-23
 2.99449e+22	1.89e-04	1.00e+00	7.93e-23
 3.02534e+22	2.00e-04	1.00e+00	1.04e-22
 3.05695e+22	2.10e-04	1.00e+00	1.31e-22
 3.08496e+22	2.21e-04	1.00e+00	1.64e-22
 3.11679e+22	2.34e-04	1.00e+00	2.17e-22
 3.14975e+22	2.47e-04	1.00e+00	2.77e-22
 3.17928e+22	2.59e-04	1.00e+00	3.50e-22
 3.21277e+22	2.76e-04	1.00e+00	4.69e-22
 3.24704e+22	2.91e-04	1.00e+00	5.86e-22
 3.27722e+22	3.07e-04	1.00e+00	7.43e-22
 3.31139e+22	3.27e-04	1.00e+00	1.00e-21
 3.34649e+22	3.46e-04	1.00e+00	1.30e-21
 3.37758e+22	3.64e-04	1.00e+00	1.66e-21
 3.41278e+22	3.88e-04	1.00e+00	2.27e-21
 3.44903e+22	4.11e-04	1.00e+00	2.98e-21
 3.48132e+22	4.34e-04	1.00e+00	3.86e-21
 3.51798e+22	4.65e-04	1.00e+00	5.39e-21
 3.55541e+22	4.93e-04	1.00e+00	7.12e-21
 3.59384e+22	5.29e-04	9.99e-01	1.02e-20
 3.63272e+22	5.61e-04	9.99e-01	1.36e-20
 3.67218e+22	6.04e-04	9.99e-01	1.98e-20
 3.71127e+22	6.40e-04	9.99e-01	2.65e-20
 3.74297e+22	6.73e-04	9.99e-01	3.46e-20
 3.77724e+22	7.16e-04	9.99e-01	4.81e-20
 3.81193e+22	7.54e-04	9.99e-01	6.40e-20
 3.84248e+22	7.94e-04	9.99e-01	8.42e-20
 3.87755e+22	8.45e-04	9.99e-01	1.21e-19
 3.91356e+22	8.93e-04	9.99e-01	1.70e-19
 3.94564e+22	9.41e-04	9.99e-01	2.30e-19
 3.98219e+22	1.00e-03	9.99e-01	3.42e-19
 4.01904e+22	1.06e-03	9.99e-01	4.89e-19
 4.05116e+22	1.12e-03	9.99e-01	6.77e-19
 4.08007e+22	1.17e-03	9.99e-01	9.76e-19
 4.10994e+22	1.23e-03	9.99e-01	1.34e-18
 4.14042e+22	1.29e-03	9.99e-01	1.97e-18
 4.16716e+22	1.34e-03	9.99e-01	2.74e-18
 4.19743e+22	1.42e-03	9.99e-01	4.46e-18
 4.22821e+22	1.48e-03	9.99e-01	8.94e-18
 4.25551e+22	1.54e-03	9.98e-01	1.39e-17
 4.28686e+22	1.63e-03	9.98e-01	3.10e-17
 4.31836e+22	1.71e-03	9.98e-01	5.89e-17
 4.35009e+22	1.80e-03	9.98e-01	1.38e-16
 4.38233e+22	1.89e-03	9.98e-01	7.21e-16
 4.41523e+22	2.00e-03	9.98e-01	2.52e-15
 4.44849e+22	2.09e-03	9.98e-01	3.18e-14
 4.46682e+22	2.11e-03	9.98e-01	9.12e-14
 4.47526e+22	2.14e-03	9.98e-01	1.33e-13
 4.48622e+22	2.19e-03	9.98e-01	1.49e-13
 4.50047e+22	2.23e-03	9.98e-01	1.69e-13
 4.51899e+22	2.31e-03	9.98e-01	2.14e-13
 4.54308e+22	2.40e-03	9.98e-01	2.57e-13
 4.57438e+22	2.54e-03	9.97e-01	3.62e-13
 4.60712e+22	2.66e-03	9.97e-01	4.44e-13
 4.64169e+22	2.82e-03	9.97e-01	6.07e-13
 4.67726e+22	2.96e-03	9.97e-01	7.50e-13
 4.71410e+22	3.15e-03	9.97e-01	9.75e-13
 4.75227e+22	3.31e-03	9.97e-01	1.22e-12
 4.78182e+22	3.44e-03	9.97e-01	1.42e-12
 4.80987e+22	3.60e-03	9.96e-01	1.70e-12
 4.83860e+22	3.74e-03	9.96e-01	1.96e-12
 4.86823e+22	3.92e-03	9.96e-01	2.32e-12
 4.89846e+22	4.08e-03	9.96e-01	2.68e-12
 4.92532e+22	4.24e-03	9.96e-01	3.07e-12
 4.95609e+22	4.46e-03	9.96e-01	3.65e-12
 4.98696e+22	4.63e-03	9.95e-01	4.15e-12
 5.01797e+22	4.86e-03	9.95e-01	4.86e-12
 5.04993e+22	5.07e-03	9.95e-01	5.57e-12
 5.07366e+22	5.20e-03	9.95e-01	6.08e-12
 5.09011e+22	5.29e-03	9.95e-01	6.42e-12
 5.10658e+22	5.45e-03	9.95e-01	7.02e-12
 5.12800e+22	5.62e-03	9.94e-01	7.74e-12
 5.15584e+22	5.89e-03	9.94e-01	8.97e-12
 5.17997e+22	6.01e-03	9.94e-01	9.58e-12
 5.19928e+22	6.20e-03	9.94e-01	1.06e-11
 5.22439e+22	6.44e-03	9.94e-01	1.19e-11
 5.25703e+22	6.79e-03	9.93e-01	1.39e-11
 5.28851e+22	7.03e-03	9.93e-01	1.55e-11
 5.31848e+22	7.35e-03	9.93e-01	1.78e-11
 5.35745e+22	7.81e-03	9.92e-01	2.14e-11
 5.39630e+22	8.17e-03	9.92e-01	2.45e-11
 5.43499e+22	8.66e-03	9.91e-01	2.92e-11
 5.47474e+22	9.09e-03	9.91e-01	3.38e-11
 5.51587e+22	9.67e-03	9.90e-01	4.06e-11
 5.55768e+22	1.02e-02	9.90e-01	4.72e-11
 5.60036e+22	1.09e-02	9.89e-01	5.74e-11
 5.64321e+22	1.14e-02	9.89e-01	6.65e-11
 5.68626e+22	1.22e-02	9.88e-01	8.11e-11
 5.73019e+22	1.29e-02	9.87e-01	9.57e-11
 5.77526e+22	1.39e-02	9.86e-01	1.19e-10
 5.81527e+22	1.45e-02	9.85e-01	1.36e-10
 5.84871e+22	1.54e-02	9.85e-01	1.60e-10
 5.88321e+22	1.62e-02	9.84e-01	1.87e-10
 5.91406e+22	1.70e-02	9.83e-01	2.15e-10
 5.94910e+22	1.82e-02	9.82e-01	2.60e-10
 5.98458e+22	1.93e-02	9.81e-01	3.07e-10
 6.01577e+22	2.05e-02	9.79e-01	3.64e-10
 6.05145e+22	2.23e-02	9.78e-01	4.54e-10
 6.08776e+22	2.40e-02	9.76e-01	5.55e-10
 6.11933e+22	2.58e-02	9.74e-01	6.73e-10
 6.15483e+22	2.85e-02	9.71e-01	8.73e-10
 6.19170e+22	3.14e-02	9.69e-01	1.12e-09
 6.22450e+22	3.47e-02	9.65e-01	1.45e-09
 6.26128e+22	3.96e-02	9.60e-01	2.01e-09
 6.29843e+22	4.52e-02	9.55e-01	2.78e-09
 6.32707e+22	5.05e-02	9.50e-01	3.61e-09
 6.35531e+22	5.78e-02	9.42e-01	4.99e-09
 6.38476e+22	6.65e-02	9.34e-01	6.88e-09
 6.40272e+22	7.22e-02	9.28e-01	8.31e-09
 6.40964e+22	7.47e-02	9.25e-01	8.98e-09
 6.41512e+22	7.71e-02	9.23e-01	9.64e-09
 6.42210e+22	8.04e-02	9.20e-01	1.06e-08
 6.42989e+22	8.41e-02	9.16e-01	1.18e-08
 6.43732e+22	8.79e-02	9.12e-01	1.30e-08
 6.44440e+22	9.19e-02	9.08e-01	1.44e-08
 6.45116e+22	9.58e-02	9.04e-01	1.58e-08
 6.45786e+22	1.00e-01	9.00e-01	1.75e-08
 6.46454e+22	1.04e-01	8.96e-01	1.91e-08
 6.47123e+22	1.09e-01	8.91e-01	2.12e-08
 6.47786e+22	1.14e-01	8.86e-01	2.34e-08
 6.48420e+22	1.19e-01	8.81e-01	2.59e-08
 6.49040e+22	1.25e-01	8.75e-01	2.85e-08
 6.49650e+22	1.31e-01	8.69e-01	3.17e-08
 6.50240e+22	1.36e-01	8.64e-01	3.44e-08
 6.50849e+22	1.42e-01	8.58e-01	3.83e-08
 6.51468e+22	1.49e-01	8.51e-01	4.23e-08
 6.52053e+22	1.56e-01	8.44e-01	4.71e-08
 6.52609e+22	1.62e-01	8.38e-01	5.13e-08
 6.53176e+22	1.70e-01	8.30e-01	5.68e-08
 6.53765e+22	1.78e-01	8.22e-01	6.35e-08
 6.54310e+22	1.86e-01	8.14e-01	6.99e-08
 6.54829e+22	1.93e-01	8.07e-01	7.59e-08
 6.55396e+22	2.02e-01	7.98e-01	8.47e-08
 6.55972e+22	2.12e-01	7.88e-01	9.45e-08
 6.56491e+22	2.20e-01	7.80e-01	1.04e-07
 6.56993e+22	2.29e-01	7.71e-01	1.13e-07
 6.57551e+22	2.40e-01	7.60e-01	1.26e-07
 6.58119e+22	2.51e-01	7.49e-01	1.41e-07
 6.58624e+22	2.61e-01	7.39e-01	1.55e-07
 6.59111e+22	2.70e-01	7.30e-01	1.67e-07
 6.59665e+22	2.83e-01	7.17e-01	1.87e-07
 6.60234e+22	2.95e-01	7.05e-01	2.06e-07
 6.60774e+22	3.08e-01	6.92e-01	2.29e-07
 6.61297e+22	3.20e-01	6.80e-01	2.52e-07
 6.61807e+22	3.33e-01	6.67e-01	2.79e-07
 6.62319e+22	3.45e-01	6.55e-01	3.05e-07
 6.62849e+22	3.59e-01	6.41e-01	3.38e-07
 6.63384e+22	3.72e-01	6.28e-01	3.70e-07
 6.63924e+22	3.86e-01	6.14e-01	4.09e-07
 6.64477e+22	4.01e-01	5.99e-01	4.53e-07
 6.65016e+22	4.15e-01	5.85e-01	4.97e-07
 6.65556e+22	4.30e-01	5.70e-01	5.46e-07
 6.66118e+22	4.45e-01	5.55e-01	6.01e-07
 6.66694e+22	4.60e-01	5.40e-01	6.61e-07
 6.67282e+22	4.76e-01	5.24e-01	7.30e-07
 6.67870e+22	4.91e-01	5.09e-01	8.01e-07
 6.68464e+22	5.07e-01	4.93e-01	8.79e-07
 6.69080e+22	5.22e-01	4.78e-01	9.64e-07
 6.69719e+22	5.39e-01	4.61e-01	1.06e-06
 6.70300e+22	5.52e-01	4.48e-01	1.15e-06
 6.70797e+22	5.64e-01	4.36e-01	1.24e-06
 6.71291e+22	5.75e-01	4.25e-01	1.32e-06
 6.71829e+22	5.88e-01	4.12e-01	1.42e-06
 6.72401e+22	6.01e-01	3.99e-01	1.53e-06
 6.72962e+22	6.13e-01	3.87e-01	1.64e-06
 6.73516e+22	6.24e-01	3.76e-01	1.76e-06
 6.74090e+22	6.36e-01	3.64e-01	1.88e-06
 6.74688e+22	6.48e-01	3.52e-01	2.03e-06
 6.75293e+22	6.59e-01	3.41e-01	2.16e-06
 6.75906e+22	6.70e-01	3.30e-01	2.32e-06
 6.76531e+22	6.81e-01	3.19e-01	2.49e-06
 6.77159e+22	6.92e-01	3.08e-01	2.66e-06
 6.77799e+22	7.02e-01	2.98e-01	2.84e-06
 6.78463e+22	7.13e-01	2.87e-01	3.03e-06
 6.79144e+22	7.23e-01	2.77e-01	3.25e-06
 6.79832e+22	7.33e-01	2.67e-01	3.46e-06
 6.80537e+22	7.43e-01	2.57e-01	3.70e-06
 6.81262e+22	7.52e-01	2.48e-01	3.96e-06
 6.81993e+22	7.61e-01	2.39e-01	4.22e-06
 6.82738e+22	7.70e-01	2.30e-01	4.49e-06
 6.83512e+22	7.79e-01	2.21e-01	4.80e-06
 6.84310e+22	7.88e-01	2.12e-01	5.12e-06
 6.85122e+22	7.96e-01	2.04e-01	5.46e-06
 6.85953e+22	8.04e-01	1.96e-01	5.82e-06
 6.86816e+22	8.11e-01	1.89e-01	6.21e-06
 6.87706e+22	8.19e-01	1.81e-01	6.62e-06
 6.88608e+22	8.26e-01	1.74e-01	7.06e-06
 6.89520e+22	8.32e-01	1.68e-01	7.49e-06
 6.90450e+22	8.38e-01	1.62e-01	7.95e-06
 6.91403e+22	8.45e-01	1.55e-01	8.49e-06
 6.92396e+22	8.51e-01	1.49e-01	9.05e-06
 6.93426e+22	8.56e-01	1.44e-01	9.65e-06
 6.94460e+22	8.61e-01	1.39e-01	1.02e-05
 6.95496e+22	8.66e-01	1.34e-01	1.09e-05
 6.96584e+22	8.71e-01	1.29e-01	1.16e-05
 6.97732e+22	8.75e-01	1.25e-01	1.23e-05
 6.98908e+22	8.80e-01	1.20e-01	1.31e-05
 7.00106e+22	8.84e-01	1.16e-01	1.40e-05
 7.01347e+22	8.88e-01	1.12e-01	1.49e-05
 7.02633e+22	8.92e-01	1.08e-01	1.59e-05
 7.03912e+22	8.96e-01	1.04e-01	1.69e-05
 7.05119e+22	8.99e-01	1.01e-01	1.78e-05
 7.06258e+22	9.02e-01	9.80e-02	1.87e-05
 7.07361e+22	9.05e-01	9.53e-02	1.96e-05
 7.08432e+22	9.07e-01	9.27e-02	2.05e-05
 7.09469e+22	9.10e-01	9.03e-02	2.13e-05
 7.10465e+22	9.12e-01	8.80e-02	2.21e-05
 7.11408e+22	9.14e-01	8.59e-02	2.29e-05
 7.12305e+22	9.16e-01	8.40e-02	2.36e-05
 7.13147e+22	9.18e-01	8.22e-02	2.43e-05
 7.13961e+22	9.20e-01	8.04e-02	2.49e-05
 7.14772e+22	9.21e-01	7.87e-02	2.56e-05
 7.15557e+22	9.23e-01	7.70e-02	2.62e-05
 7.16311e+22	9.25e-01	7.54e-02	2.68e-05
 7.17037e+22	9.26e-01	7.39e-02	2.73e-05
 7.17738e+22	9.27e-01	7.25e-02	2.76e-05
 7.18415e+22	9.29e-01	7.11e-02	2.79e-05
 7.19068e+22	9.30e-01	6.97e-02	2.81e-05
 7.19699e+22	9.31e-01	6.85e-02	2.83e-05
 7.20307e+22	9.33e-01	6.72e-02	2.85e-05
 7.20894e+22	9.34e-01	6.60e-02	2.87e-05
 7.21460e+22	9.35e-01	6.49e-02	2.89e-05
 7.22007e+22	9.36e-01	6.37e-02	2.90e-05
 7.22520e+22	9.37e-01	6.27e-02	2.91e-05
 7.22987e+22	9.38e-01	6.18e-02	2.91e-05
 7.23412e+22	9.39e-01	6.10e-02	2.92e-05
 7.23799e+22	9.40e-01	6.02e-02	2.92e-05
 7.24151e+22	9.40e-01	5.96e-02	2.92e-05
 7.24471e+22	9.41e-01	5.90e-02	2.92e-05
 7.24762e+22	9.42e-01	5.84e-02	2.92e-05
 7.25082e+22	9.42e-01	5.77e-02	2.91e-05
 7.25426e+22	9.43e-01	5.69e-02	2.92e-05
 7.25740e+22	9.44e-01	5.63e-02	2.92e-05
 7.26084e+22	9.44e-01	5.56e-02	2.92e-05
 7.26455e+22	9.45e-01	5.47e-02	2.92e-05
 7.26792e+22	9.46e-01	5.41e-02	2.92e-05
 7.27100e+22	9.46e-01	5.35e-02	2.92e-05
 7.27379e+22	9.47e-01	5.30e-02	2.92e-05
 7.27634e+22	9.47e-01	5.25e-02	2.91e-05
 7.27865e+22	9.48e-01	5.21e-02	2.92e-05
 7.28119e+22	9.48e-01	5.17e-02	2.91e-05
 7.28449e+22	9.49e-01	5.11e-02	2.92e-05
 7.28878e+22	9.50e-01	5.01e-02	2.93e-05
 7.29341e+22	9.51e-01	4.92e-02	2.94e-05
 7.29762e+22	9.52e-01	4.84e-02	2.95e-05
 7.30145e+22	9.52e-01	4.79e-02	2.96e-05
 7.30494e+22	9.53e-01	4.74e-02	2.96e-05
 7.30812e+22	9.53e-01	4.69e-02	2.97e-05
 7.31101e+22	9.54e-01	4.64e-02	2.97e-05
 7.31364e+22	9.54e-01	4.61e-02	2.98e-05
 7.31652e+22	9.54e-01	4.57e-02	2.97e-05
 7.31963e+22	9.55e-01	4.52e-02	2.99e-05
 7.32303e+22	9.55e-01	4.46e-02	2.99e-05
 7.32671e+22	9.56e-01	4.39e-02	3.00e-05
 7.33006e+22	9.57e-01	4.34e-02	3.01e-05
 7.33311e+22	9.57e-01	4.30e-02	3.01e-05
 7.33588e+22	9.57e-01	4.26e-02	3.02e-05
 7.33892e+22	9.58e-01	4.21e-02	3.02e-05
 7.34220e+22	9.58e-01	4.15e-02	3.03e-05
 7.34518e+22	9.59e-01	4.11e-02	3.04e-05
 7.34846e+22	9.59e-01	4.06e-02	3.04e-05
 7.35199e+22	9.60e-01	4.00e-02	3.06e-05
 7.35520e+22	9.60e-01	3.96e-02	3.07e-05
 7.35872e+22	9.61e-01	3.91e-02	3.06e-05
 7.36252e+22	9.61e-01	3.85e-02	3.06e-05
 7.36598e+22	9.62e-01	3.81e-02	3.06e-05
 7.36913e+22	9.62e-01	3.77e-02	3.06e-05
 7.37258e+22	9.63e-01	3.72e-02	3.05e-05
 7.37630e+22	9.63e-01	3.66e-02	3.06e-05
 7.37969e+22	9.64e-01	3.63e-02	3.06e-05
 7.38277e+22	9.64e-01	3.58e-02	3.05e-05
 7.38558e+22	9.64e-01	3.57e-02	3.07e-05
 7.38865e+22	9.65e-01	3.53e-02	3.07e-05
 7.39197e+22	9.65e-01	3.49e-02	3.08e-05
 7.39561e+22	9.65e-01	3.45e-02	3.09e-05
 7.39954e+22	9.66e-01	3.40e-02	3.11e-05
 7.40311e+22	9.66e-01	3.36e-02	3.11e-05
 7.40637e+22	9.67e-01	3.33e-02	3.13e-05
 7.40993e+22	9.67e-01	3.29e-02	3.14e-05
 7.41378e+22	9.67e-01	3.25e-02	3.16e-05
 7.41728e+22	9.68e-01	3.22e-02	3.18e-05
 7.42111e+22	9.68e-01	3.18e-02	3.18e-05
 7.42526e+22	9.69e-01	3.13e-02	3.21e-05
 7.42902e+22	9.69e-01	3.09e-02	3.22e-05
 7.43245e+22	9.69e-01	3.07e-02	3.25e-05
 7.43621e+22	9.70e-01	3.04e-02	3.26e-05
 7.44027e+22	9.70e-01	2.99e-02	3.28e-05
 7.44396e+22	9.70e-01	2.97e-02	3.31e-05
 7.44801e+22	9.71e-01	2.93e-02	3.33e-05
 7.45238e+22	9.71e-01	2.88e-02	3.36e-05
 7.45635e+22	9.71e-01	2.86e-02	3.39e-05
 7.46071e+22	9.72e-01	2.82e-02	3.41e-05
 7.46541e+22	9.72e-01	2.77e-02	3.45e-05
 7.46969e+22	9.73e-01	2.74e-02	3.48e-05
 7.47358e+22	9.73e-01	2.72e-02	3.52e-05
 7.47785e+22	9.73e-01	2.68e-02	3.54e-05
 7.48245e+22	9.74e-01	2.64e-02	3.58e-05
 7.48665e+22	9.74e-01	2.61e-02	3.63e-05
 7.49124e+22	9.74e-01	2.58e-02	3.66e-05
 7.49620e+22	9.75e-01	2.54e-02	3.71e-05
 7.50071e+22	9.75e-01	2.51e-02	3.77e-05
 7.50566e+22	9.75e-01	2.47e-02	3.81e-05
 7.51099e+22	9.76e-01	2.43e-02	3.87e-05
 7.51585e+22	9.76e-01	2.40e-02	3.94e-05
 7.52027e+22	9.76e-01	2.38e-02	3.99e-05
 7.52512e+22	9.76e-01	2.35e-02	4.04e-05
 7.53035e+22	9.77e-01	2.31e-02	4.11e-05
 7.53511e+22	9.77e-01	2.28e-02	4.18e-05
 7.54032e+22	9.77e-01	2.25e-02	4.24e-05
 7.54595e+22	9.78e-01	2.21e-02	4.32e-05
 7.55107e+22	9.78e-01	2.19e-02	4.41e-05
 7.55669e+22	9.78e-01	2.16e-02	4.48e-05
 7.56275e+22	9.79e-01	2.12e-02	4.58e-05
 7.56827e+22	9.79e-01	2.09e-02	4.68e-05
 7.57431e+22	9.79e-01	2.06e-02	4.77e-05
 7.58083e+22	9.80e-01	2.02e-02	4.90e-05
 7.58677e+22	9.80e-01	1.99e-02	5.01e-05
 7.59217e+22	9.80e-01	1.97e-02	5.12e-05
 7.59809e+22	9.80e-01	1.94e-02	5.22e-05
 7.60449e+22	9.81e-01	1.91e-02	5.36e-05
 7.61030e+22	9.81e-01	1.88e-02	5.49e-05
 7.61668e+22	9.81e-01	1.86e-02	5.61e-05
 7.62356e+22	9.82e-01	1.82e-02	5.77e-05
 7.62982e+22	9.82e-01	1.80e-02	5.92e-05
 7.63668e+22	9.82e-01	1.77e-02	6.06e-05
 7.64409e+22	9.83e-01	1.73e-02	6.25e-05
 7.65083e+22	9.83e-01	1.71e-02	6.43e-05
 7.65822e+22	9.83e-01	1.68e-02	6.60e-05
 7.66619e+22	9.83e-01	1.64e-02	6.81e-05
 7.67345e+22	9.84e-01	1.62e-02	7.02e-05
 7.68132e+22	9.84e-01	1.59e-02	7.21e-05
 7.68974e+22	9.84e-01	1.56e-02	7.46e-05
 7.69740e+22	9.84e-01	1.54e-02	7.69e-05
 7.70567e+22	9.85e-01	1.51e-02	7.90e-05
 7.71448e+22	9.85e-01	1.48e-02	8.18e-05
 7.72251e+22	9.85e-01	1.45e-02	8.42e-05
 7.72981e+22	9.86e-01	1.43e-02	8.65e-05
 7.73780e+22	9.86e-01	1.40e-02	8.86e-05
 7.74644e+22	9.86e-01	1.38e-02	9.14e-05
 7.75562e+22	9.86e-01	1.35e-02	9.39e-05
 7.76530e+22	9.87e-01	1.32e-02	9.70e-05
 7.77410e+22	9.87e-01	1.30e-02	9.97e-05
 7.78212e+22	9.87e-01	1.28e-02	1.02e-04
 7.79090e+22	9.87e-01	1.26e-02	1.04e-04
 7.80038e+22	9.87e-01	1.23e-02	1.07e-04
 7.80900e+22	9.88e-01	1.21e-02	1.10e-04
 7.81846e+22	9.88e-01	1.19e-02	1.12e-04
 7.82866e+22	9.88e-01	1.16e-02	1.15e-04
 7.83795e+22	9.88e-01	1.14e-02	1.18e-04
 7.84813e+22	9.89e-01	1.11e-02	1.22e-04
 7.86106e+22	9.89e-01	1.08e-02	1.26e-04
 7.87490e+22	9.89e-01	1.05e-02	1.30e-04
 7.88852e+22	9.89e-01	1.02e-02	1.34e-04
 7.90253e+22	9.90e-01	9.96e-03	1.38e-04
 7.91673e+22	9.90e-01	9.68e-03	1.42e-04
 7.93107e+22	9.90e-01	9.41e-03	1.46e-04
 7.94556e+22	9.91e-01	9.14e-03	1.50e-04
 7.96020e+22	9.91e-01	8.88e-03	1.54e-04
 7.97498e+22	9.91e-01	8.63e-03	1.59e-04
 7.98989e+22	9.91e-01	8.38e-03	1.63e-04
 8.00495e+22	9.92e-01	8.13e-03	1.67e-04
 8.02013e+22	9.92e-01	7.90e-03	1.71e-04
 8.03544e+22	9.92e-01	7.66e-03	1.75e-04
 8.05088e+22	9.92e-01	7.44e-03	1.80e-04
 8.06641e+22	9.92e-01	7.22e-03	1.84e-04
 8.08205e+22	9.93e-01	7.00e-03	1.89e-04
 8.09778e+22	9.93e-01	6.79e-03	1.93e-04
 8.11363e+22	9.93e-01	6.59e-03	1.98e-04
 8.12961e+22	9.93e-01	6.39e-03	2.02e-04
 8.14569e+22	9.93e-01	6.19e-03	2.07e-04
 8.16188e+22	9.94e-01	6.01e-03	2.12e-04
 8.17818e+22	9.94e-01	5.82e-03	2.17e-04
 8.19458e+22	9.94e-01	5.64e-03	2.22e-04
 8.21121e+22	9.94e-01	5.47e-03	2.27e-04
 8.22820e+22	9.94e-01	5.30e-03	2.32e-04
 8.24542e+22	9.94e-01	5.13e-03	2.38e-04
 8.26281e+22	9.95e-01	4.96e-03	2.44e-04
 8.28038e+22	9.95e-01	4.80e-03	2.50e-04
 8.29810e+22	9.95e-01	4.65e-03	2.57e-04
 8.31601e+22	9.95e-01	4.49e-03	2.63e-04
 8.33410e+22	9.95e-01	4.35e-03	2.70e-04
 8.35244e+22	9.95e-01	4.20e-03	2.76e-04
 8.37106e+22	9.95e-01	4.06e-03	2.83e-04
 8.39005e+22	9.96e-01	3.92e-03	2.90e-04
 8.40949e+22	9.96e-01	3.78e-03	2.97e-04
 8.42927e+22	9.96e-01	3.65e-03	3.05e-04
 8.44937e+22	9.96e-01	3.52e-03	3.12e-04
 8.46977e+22	9.96e-01	3.39e-03	3.19e-04
 8.49051e+22	9.96e-01	3.27e-03	3.26e-04
 8.51160e+22	9.96e-01	3.14e-03	3.34e-04
 8.53306e+22	9.96e-01	3.03e-03	3.41e-04
 8.55500e+22	9.96e-01	2.91e-03	3.48e-04
 8.57743e+22	9.96e-01	2.80e-03	3.56e-04
 8.60032e+22	9.97e-01	2.68e-03	3.63e-04
 8.62367e+22	9.97e-01	2.58e-03	3.70e-04
 8.64751e+22	9.97e-01	2.47e-03	3.77e-04
 8.67173e+22	9.97e-01	2.37e-03	3.84e-04
 8.69624e+22	9.97e-01	2.27e-03	3.90e-04
 8.72100e+22	9.97e-01	2.17e-03	3.97e-04
 8.74595e+22	9.97e-01	2.08e-03	4.03e-04
 8.77099e+22	9.97e-01	1.99e-03	4.09e-04
 8.79618e+22	9.97e-01	1.91e-03	4.14e-04
 8.82162e+22	9.97e-01	1.82e-03	4.19e-04
 8.84722e+22	9.97e-01	1.74e-03	4.23e-04
 8.87298e+22	9.97e-01	1.67e-03	4.28e-04
 8.89891e+22	9.98e-01	1.60e-03	4.31e-04
 8.92493e+22	9.98e-01	1.52e-03	4.35e-04
 8.95104e+22	9.98e-01	1.46e-03	4.37e-04
 8.97738e+22	9.98e-01	1.39e-03	4.40e-04
 9.00398e+22	9.98e-01	1.33e-03	4.41e-04
 9.03071e+22	9.98e-01	1.27e-03	4.43e-04
 9.05758e+22	9.98e-01	1.21e-03	4.43e-04
 9.08459e+22	9.98e-01	1.16e-03	4.44e-04
 9.11173e+22	9.98e-01	1.10e-03	4.43e-04
 9.13899e+22	9.98e-01	1.05e-03	4.43e-04
 9.16637e+22	9.98e-01	1.00e-03	4.42e-04
 9.19387e+22	9.98e-01	9.53e-04	4.41e-04
 9.22148e+22	9.98e-01	9.07e-04	4.40e-04
 9.24617e+22	9.98e-01	8.72e-04	4.39e-04
