#depth	N	N+	N+2	N+3	N+4	N+5	N+6	N+7
 4.62852e+21	2.68e-17	3.02e-12	9.94e-09	2.26e-06	1.10e-04	3.83e-02	3.56e-01	6.06e-01
 1.02567e+22	2.70e-16	2.25e-11	5.45e-08	8.94e-06	2.96e-04	6.87e-02	4.32e-01	4.99e-01
 1.17563e+22	8.29e-16	6.01e-11	1.27e-07	1.78e-05	4.83e-04	9.11e-02	4.67e-01	4.41e-01
 1.25060e+22	1.44e-15	9.77e-11	1.92e-07	2.51e-05	6.19e-04	1.05e-01	4.83e-01	4.12e-01
 1.28394e+22	1.74e-15	1.15e-10	2.21e-07	2.82e-05	6.73e-04	1.10e-01	4.88e-01	4.02e-01
 1.30312e+22	2.19e-15	1.41e-10	2.65e-07	3.27e-05	7.48e-04	1.16e-01	4.94e-01	3.88e-01
 1.32418e+22	2.74e-15	1.71e-10	3.14e-07	3.77e-05	8.29e-04	1.23e-01	5.00e-01	3.76e-01
 1.34769e+22	3.61e-15	2.19e-10	3.89e-07	4.51e-05	9.44e-04	1.32e-01	5.07e-01	3.60e-01
 1.37156e+22	4.52e-15	2.68e-10	4.63e-07	5.23e-05	1.05e-03	1.40e-01	5.12e-01	3.47e-01
 1.39524e+22	5.92e-15	3.40e-10	5.73e-07	6.25e-05	1.20e-03	1.50e-01	5.18e-01	3.31e-01
 1.41902e+22	7.33e-15	4.11e-10	6.78e-07	7.22e-05	1.33e-03	1.58e-01	5.22e-01	3.19e-01
 1.44265e+22	9.46e-15	5.17e-10	8.32e-07	8.61e-05	1.51e-03	1.69e-01	5.26e-01	3.03e-01
 1.46650e+22	1.16e-14	6.24e-10	9.84e-07	9.95e-05	1.68e-03	1.79e-01	5.29e-01	2.90e-01
 1.48800e+22	1.42e-14	7.47e-10	1.16e-06	1.15e-04	1.86e-03	1.89e-01	5.31e-01	2.78e-01
 1.50843e+22	1.70e-14	8.79e-10	1.34e-06	1.30e-04	2.04e-03	1.98e-01	5.33e-01	2.67e-01
 1.53048e+22	2.11e-14	1.07e-09	1.61e-06	1.52e-04	2.29e-03	2.10e-01	5.34e-01	2.54e-01
 1.55230e+22	2.49e-14	1.25e-09	1.84e-06	1.72e-04	2.50e-03	2.19e-01	5.35e-01	2.43e-01
 1.57421e+22	3.06e-14	1.51e-09	2.19e-06	2.01e-04	2.81e-03	2.32e-01	5.35e-01	2.30e-01
 1.59610e+22	3.58e-14	1.74e-09	2.50e-06	2.26e-04	3.06e-03	2.42e-01	5.35e-01	2.20e-01
 1.61811e+22	4.35e-14	2.08e-09	2.96e-06	2.63e-04	3.42e-03	2.55e-01	5.33e-01	2.08e-01
 1.64012e+22	5.04e-14	2.39e-09	3.36e-06	2.94e-04	3.72e-03	2.65e-01	5.32e-01	1.99e-01
 1.66214e+22	6.06e-14	2.84e-09	3.95e-06	3.40e-04	4.15e-03	2.79e-01	5.29e-01	1.87e-01
 1.68425e+22	6.97e-14	3.23e-09	4.46e-06	3.79e-04	4.50e-03	2.90e-01	5.26e-01	1.79e-01
 1.70648e+22	8.30e-14	3.81e-09	5.21e-06	4.37e-04	5.00e-03	3.04e-01	5.22e-01	1.68e-01
 1.72886e+22	9.49e-14	4.32e-09	5.87e-06	4.86e-04	5.41e-03	3.15e-01	5.19e-01	1.60e-01
 1.75143e+22	1.12e-13	5.06e-09	6.82e-06	5.57e-04	6.00e-03	3.30e-01	5.14e-01	1.50e-01
 1.77427e+22	1.28e-13	5.73e-09	7.67e-06	6.19e-04	6.49e-03	3.42e-01	5.09e-01	1.42e-01
 1.79746e+22	1.50e-13	6.68e-09	8.89e-06	7.08e-04	7.19e-03	3.57e-01	5.03e-01	1.33e-01
 1.82100e+22	1.71e-13	7.55e-09	9.98e-06	7.86e-04	7.77e-03	3.69e-01	4.97e-01	1.26e-01
 1.84500e+22	2.00e-13	8.79e-09	1.16e-05	9.00e-04	8.61e-03	3.85e-01	4.89e-01	1.17e-01
 1.86947e+22	2.28e-13	9.93e-09	1.30e-05	9.98e-04	9.30e-03	3.97e-01	4.83e-01	1.10e-01
 1.89455e+22	2.66e-13	1.16e-08	1.50e-05	1.14e-03	1.03e-02	4.13e-01	4.73e-01	1.02e-01
 1.91995e+22	3.03e-13	1.31e-08	1.69e-05	1.26e-03	1.11e-02	4.26e-01	4.66e-01	9.59e-02
 1.94575e+22	3.53e-13	1.52e-08	1.95e-05	1.44e-03	1.23e-02	4.42e-01	4.56e-01	8.83e-02
 1.97054e+22	3.95e-13	1.69e-08	2.16e-05	1.58e-03	1.31e-02	4.53e-01	4.48e-01	8.35e-02
 1.99065e+22	4.38e-13	1.87e-08	2.38e-05	1.72e-03	1.40e-02	4.64e-01	4.41e-01	7.89e-02
 2.01343e+22	5.00e-13	2.12e-08	2.69e-05	1.92e-03	1.52e-02	4.78e-01	4.31e-01	7.33e-02
 2.03601e+22	5.52e-13	2.33e-08	2.95e-05	2.08e-03	1.62e-02	4.88e-01	4.24e-01	6.93e-02
 2.05832e+22	6.23e-13	2.63e-08	3.32e-05	2.31e-03	1.75e-02	5.02e-01	4.14e-01	6.43e-02
 2.08081e+22	6.92e-13	2.90e-08	3.64e-05	2.51e-03	1.86e-02	5.12e-01	4.06e-01	6.08e-02
 2.10354e+22	7.81e-13	3.26e-08	4.09e-05	2.78e-03	2.01e-02	5.25e-01	3.96e-01	5.63e-02
 2.12655e+22	8.66e-13	3.60e-08	4.49e-05	3.01e-03	2.13e-02	5.35e-01	3.88e-01	5.31e-02
 2.14994e+22	9.79e-13	4.06e-08	5.05e-05	3.33e-03	2.30e-02	5.48e-01	3.77e-01	4.90e-02
 2.17368e+22	1.09e-12	4.49e-08	5.56e-05	3.61e-03	2.44e-02	5.57e-01	3.68e-01	4.60e-02
 2.19786e+22	1.23e-12	5.07e-08	6.26e-05	4.00e-03	2.63e-02	5.70e-01	3.57e-01	4.23e-02
 2.22246e+22	1.37e-12	5.62e-08	6.90e-05	4.34e-03	2.79e-02	5.80e-01	3.48e-01	3.96e-02
 2.24761e+22	1.56e-12	6.37e-08	7.80e-05	4.81e-03	3.02e-02	5.92e-01	3.37e-01	3.62e-02
 2.27330e+22	1.75e-12	7.11e-08	8.63e-05	5.22e-03	3.20e-02	6.01e-01	3.28e-01	3.38e-02
 2.29967e+22	1.99e-12	8.06e-08	9.79e-05	5.81e-03	3.46e-02	6.13e-01	3.15e-01	3.07e-02
 2.32618e+22	2.23e-12	8.98e-08	1.08e-04	6.29e-03	3.67e-02	6.22e-01	3.06e-01	2.86e-02
 2.35287e+22	2.54e-12	1.02e-07	1.23e-04	6.98e-03	3.96e-02	6.33e-01	2.94e-01	2.60e-02
 2.37996e+22	2.86e-12	1.14e-07	1.36e-04	7.57e-03	4.19e-02	6.41e-01	2.85e-01	2.41e-02
 2.40755e+22	3.27e-12	1.30e-07	1.55e-04	8.40e-03	4.53e-02	6.51e-01	2.73e-01	2.18e-02
 2.43436e+22	3.67e-12	1.45e-07	1.71e-04	9.04e-03	4.76e-02	6.58e-01	2.65e-01	2.03e-02
 2.46013e+22	4.14e-12	1.64e-07	1.93e-04	9.94e-03	5.10e-02	6.66e-01	2.54e-01	1.84e-02
 2.48461e+22	4.57e-12	1.79e-07	2.10e-04	1.06e-02	5.34e-02	6.72e-01	2.47e-01	1.72e-02
 2.50741e+22	5.15e-12	2.01e-07	2.33e-04	1.15e-02	5.64e-02	6.78e-01	2.38e-01	1.59e-02
 2.53131e+22	5.72e-12	2.22e-07	2.56e-04	1.23e-02	5.93e-02	6.83e-01	2.30e-01	1.48e-02
 2.55314e+22	6.30e-12	2.43e-07	2.80e-04	1.32e-02	6.22e-02	6.88e-01	2.23e-01	1.37e-02
 2.57803e+22	7.18e-12	2.75e-07	3.14e-04	1.43e-02	6.59e-02	6.93e-01	2.14e-01	1.25e-02
 2.60336e+22	7.99e-12	3.04e-07	3.45e-04	1.54e-02	6.92e-02	6.97e-01	2.06e-01	1.16e-02
 2.62927e+22	9.16e-12	3.46e-07	3.89e-04	1.68e-02	7.34e-02	7.02e-01	1.97e-01	1.05e-02
 2.65567e+22	1.02e-11	3.85e-07	4.30e-04	1.80e-02	7.71e-02	7.05e-01	1.89e-01	9.69e-03
 2.68270e+22	1.18e-11	4.40e-07	4.86e-04	1.97e-02	8.18e-02	7.09e-01	1.80e-01	8.74e-03
 2.71032e+22	1.33e-11	4.92e-07	5.39e-04	2.12e-02	8.59e-02	7.11e-01	1.73e-01	8.02e-03
 2.73494e+22	1.50e-11	5.50e-07	5.97e-04	2.28e-02	9.01e-02	7.13e-01	1.66e-01	7.37e-03
 2.76317e+22	1.75e-11	6.34e-07	6.79e-04	2.49e-02	9.55e-02	7.15e-01	1.57e-01	6.61e-03
 2.79182e+22	1.99e-11	7.12e-07	7.55e-04	2.68e-02	1.00e-01	7.16e-01	1.50e-01	6.04e-03
 2.81717e+22	2.25e-11	7.99e-07	8.38e-04	2.88e-02	1.05e-01	7.16e-01	1.44e-01	5.52e-03
 2.84629e+22	2.65e-11	9.26e-07	9.57e-04	3.15e-02	1.11e-01	7.16e-01	1.36e-01	4.93e-03
 2.87592e+22	3.03e-11	1.05e-06	1.07e-03	3.39e-02	1.16e-01	7.15e-01	1.29e-01	4.48e-03
 2.90622e+22	3.60e-11	1.22e-06	1.23e-03	3.71e-02	1.23e-01	7.13e-01	1.22e-01	3.97e-03
 2.93693e+22	4.15e-11	1.39e-06	1.37e-03	4.00e-02	1.29e-01	7.11e-01	1.16e-01	3.60e-03
 2.96818e+22	4.96e-11	1.63e-06	1.58e-03	4.38e-02	1.36e-01	7.07e-01	1.08e-01	3.18e-03
 3.00023e+22	5.74e-11	1.86e-06	1.78e-03	4.73e-02	1.43e-01	7.03e-01	1.02e-01	2.84e-03
 3.02833e+22	6.66e-11	2.12e-06	1.99e-03	5.09e-02	1.49e-01	6.99e-01	9.69e-02	2.57e-03
 3.05988e+22	8.02e-11	2.49e-06	2.28e-03	5.56e-02	1.56e-01	6.93e-01	9.05e-02	2.27e-03
 3.09321e+22	9.47e-11	2.89e-06	2.59e-03	6.02e-02	1.64e-01	6.87e-01	8.49e-02	2.01e-03
 3.12368e+22	1.11e-10	3.32e-06	2.92e-03	6.49e-02	1.71e-01	6.80e-01	7.98e-02	1.80e-03
 3.15088e+22	1.27e-10	3.74e-06	3.23e-03	6.92e-02	1.77e-01	6.73e-01	7.56e-02	1.63e-03
 3.17491e+22	1.44e-10	4.16e-06	3.53e-03	7.31e-02	1.82e-01	6.68e-01	7.22e-02	1.50e-03
 3.20208e+22	1.69e-10	4.78e-06	3.97e-03	7.86e-02	1.89e-01	6.59e-01	6.77e-02	1.33e-03
 3.23079e+22	1.95e-10	5.41e-06	4.40e-03	8.37e-02	1.96e-01	6.51e-01	6.38e-02	1.20e-03
 3.25746e+22	2.26e-10	6.14e-06	4.88e-03	8.92e-02	2.02e-01	6.43e-01	6.02e-02	1.08e-03
 3.28806e+22	2.72e-10	7.21e-06	5.59e-03	9.67e-02	2.11e-01	6.30e-01	5.56e-02	9.42e-04
 3.31880e+22	3.17e-10	8.19e-06	6.20e-03	1.03e-01	2.17e-01	6.21e-01	5.23e-02	8.47e-04
 3.34972e+22	3.82e-10	9.60e-06	7.05e-03	1.11e-01	2.25e-01	6.08e-01	4.83e-02	7.38e-04
 3.38126e+22	4.48e-10	1.10e-05	7.87e-03	1.18e-01	2.32e-01	5.96e-01	4.50e-02	6.55e-04
 3.40897e+22	5.21e-10	1.25e-05	8.71e-03	1.26e-01	2.39e-01	5.84e-01	4.21e-02	5.85e-04
 3.44032e+22	6.31e-10	1.47e-05	9.92e-03	1.36e-01	2.47e-01	5.69e-01	3.86e-02	5.05e-04
 3.47244e+22	7.42e-10	1.68e-05	1.10e-02	1.44e-01	2.53e-01	5.56e-01	3.59e-02	4.48e-04
 3.50557e+22	9.09e-10	1.98e-05	1.26e-02	1.55e-01	2.61e-01	5.39e-01	3.27e-02	3.83e-04
 3.53943e+22	1.08e-09	2.29e-05	1.41e-02	1.65e-01	2.67e-01	5.23e-01	3.01e-02	3.34e-04
 3.56925e+22	1.27e-09	2.62e-05	1.56e-02	1.75e-01	2.73e-01	5.08e-01	2.78e-02	2.93e-04
 3.60305e+22	1.57e-09	3.10e-05	1.78e-02	1.88e-01	2.80e-01	4.89e-01	2.51e-02	2.49e-04
 3.63810e+22	1.88e-09	3.60e-05	2.00e-02	2.00e-01	2.85e-01	4.72e-01	2.29e-02	2.14e-04
 3.66941e+22	2.23e-09	4.13e-05	2.22e-02	2.11e-01	2.90e-01	4.56e-01	2.09e-02	1.86e-04
 3.70475e+22	2.77e-09	4.92e-05	2.53e-02	2.26e-01	2.96e-01	4.35e-01	1.87e-02	1.56e-04
 3.74102e+22	3.34e-09	5.72e-05	2.83e-02	2.39e-01	3.00e-01	4.16e-01	1.68e-02	1.32e-04
 3.77304e+22	3.98e-09	6.57e-05	3.13e-02	2.51e-01	3.03e-01	3.99e-01	1.53e-02	1.14e-04
 3.80920e+22	4.98e-09	7.83e-05	3.56e-02	2.68e-01	3.06e-01	3.77e-01	1.35e-02	9.38e-05
 3.84652e+22	6.03e-09	9.12e-05	3.98e-02	2.82e-01	3.09e-01	3.57e-01	1.20e-02	7.86e-05
 3.87968e+22	7.24e-09	1.05e-04	4.39e-02	2.96e-01	3.10e-01	3.40e-01	1.08e-02	6.68e-05
 3.91714e+22	9.11e-09	1.26e-04	4.98e-02	3.13e-01	3.10e-01	3.17e-01	9.38e-03	5.41e-05
 3.95589e+22	1.11e-08	1.47e-04	5.54e-02	3.28e-01	3.10e-01	2.98e-01	8.25e-03	4.47e-05
 3.99053e+22	1.35e-08	1.70e-04	6.13e-02	3.42e-01	3.09e-01	2.80e-01	7.30e-03	3.72e-05
 4.02978e+22	1.72e-08	2.04e-04	6.93e-02	3.60e-01	3.06e-01	2.58e-01	6.22e-03	2.94e-05
 4.07024e+22	2.11e-08	2.38e-04	7.68e-02	3.75e-01	3.03e-01	2.39e-01	5.41e-03	2.40e-05
 4.11230e+22	2.74e-08	2.89e-04	8.73e-02	3.93e-01	2.98e-01	2.17e-01	4.50e-03	1.84e-05
 4.15471e+22	3.36e-08	3.36e-04	9.62e-02	4.07e-01	2.93e-01	2.00e-01	3.88e-03	1.48e-05
 4.19760e+22	4.37e-08	4.07e-04	1.09e-01	4.24e-01	2.85e-01	1.79e-01	3.19e-03	1.12e-05
 4.24114e+22	5.39e-08	4.74e-04	1.19e-01	4.36e-01	2.78e-01	1.64e-01	2.72e-03	8.91e-06
 4.27939e+22	6.62e-08	5.49e-04	1.31e-01	4.48e-01	2.70e-01	1.49e-01	2.31e-03	7.08e-06
 4.32297e+22	8.61e-08	6.62e-04	1.46e-01	4.61e-01	2.59e-01	1.32e-01	1.87e-03	5.25e-06
 4.36523e+22	1.04e-07	7.55e-04	1.58e-01	4.69e-01	2.50e-01	1.20e-01	1.60e-03	4.22e-06
 4.39946e+22	1.24e-07	8.54e-04	1.69e-01	4.76e-01	2.42e-01	1.10e-01	1.37e-03	3.42e-06
 4.43764e+22	1.55e-07	9.98e-04	1.85e-01	4.84e-01	2.31e-01	9.77e-02	1.13e-03	2.61e-06
 4.47600e+22	1.85e-07	1.13e-03	1.98e-01	4.89e-01	2.22e-01	8.86e-02	9.61e-04	2.09e-06
 4.51461e+22	2.29e-07	1.31e-03	2.15e-01	4.94e-01	2.11e-01	7.84e-02	7.87e-04	1.59e-06
 4.55404e+22	2.76e-07	1.48e-03	2.30e-01	4.97e-01	2.01e-01	7.03e-02	6.60e-04	1.24e-06
 4.58887e+22	3.28e-07	1.67e-03	2.44e-01	4.99e-01	1.92e-01	6.33e-02	5.57e-04	9.88e-07
 4.62846e+22	4.10e-07	1.94e-03	2.64e-01	4.99e-01	1.80e-01	5.52e-02	4.47e-04	7.32e-07
 4.66884e+22	4.93e-07	2.19e-03	2.80e-01	4.99e-01	1.70e-01	4.91e-02	3.71e-04	5.68e-07
 4.71022e+22	6.15e-07	2.54e-03	3.01e-01	4.96e-01	1.58e-01	4.24e-02	2.94e-04	4.16e-07
 4.74933e+22	7.22e-07	2.82e-03	3.16e-01	4.94e-01	1.49e-01	3.80e-02	2.48e-04	3.29e-07
 4.78065e+22	8.41e-07	3.11e-03	3.31e-01	4.90e-01	1.41e-01	3.42e-02	2.10e-04	2.63e-07
 4.81655e+22	1.02e-06	3.52e-03	3.50e-01	4.85e-01	1.32e-01	2.99e-02	1.70e-04	1.99e-07
 4.85315e+22	1.19e-06	3.90e-03	3.66e-01	4.80e-01	1.24e-01	2.66e-02	1.42e-04	1.56e-07
 4.88572e+22	1.38e-06	4.31e-03	3.82e-01	4.74e-01	1.16e-01	2.37e-02	1.19e-04	0.00e+00
 4.92312e+22	1.68e-06	4.87e-03	4.02e-01	4.65e-01	1.07e-01	2.05e-02	9.51e-05	0.00e+00
 4.96079e+22	1.96e-06	5.38e-03	4.19e-01	4.57e-01	1.00e-01	1.81e-02	7.87e-05	0.00e+00
 4.99381e+22	2.28e-06	5.92e-03	4.35e-01	4.49e-01	9.35e-02	1.61e-02	6.53e-05	0.00e+00
 5.03174e+22	2.75e-06	6.68e-03	4.56e-01	4.38e-01	8.55e-02	1.38e-02	5.16e-05	0.00e+00
 5.07023e+22	3.21e-06	7.36e-03	4.73e-01	4.29e-01	7.92e-02	1.21e-02	4.22e-05	0.00e+00
 5.10945e+22	3.88e-06	8.30e-03	4.94e-01	4.16e-01	7.19e-02	1.02e-02	3.29e-05	0.00e+00
 5.14898e+22	4.52e-06	9.13e-03	5.11e-01	4.05e-01	6.62e-02	8.92e-03	2.67e-05	0.00e+00
 5.18891e+22	5.46e-06	1.03e-02	5.32e-01	3.91e-01	5.97e-02	7.52e-03	2.06e-05	0.00e+00
 5.22935e+22	6.36e-06	1.13e-02	5.49e-01	3.78e-01	5.46e-02	6.51e-03	1.66e-05	0.00e+00
 5.27044e+22	7.70e-06	1.27e-02	5.70e-01	3.63e-01	4.88e-02	5.44e-03	1.27e-05	0.00e+00
 5.31212e+22	8.98e-06	1.40e-02	5.87e-01	3.50e-01	4.43e-02	4.67e-03	1.01e-05	0.00e+00
 5.35456e+22	1.09e-05	1.57e-02	6.08e-01	3.33e-01	3.93e-02	3.86e-03	7.57e-06	0.00e+00
 5.39778e+22	1.27e-05	1.73e-02	6.25e-01	3.19e-01	3.54e-02	3.29e-03	5.94e-06	0.00e+00
 5.44200e+22	1.55e-05	1.95e-02	6.45e-01	3.02e-01	3.10e-02	2.68e-03	4.39e-06	0.00e+00
 5.48721e+22	1.82e-05	2.14e-02	6.61e-01	2.87e-01	2.76e-02	2.26e-03	3.39e-06	0.00e+00
 5.51694e+22	1.95e-05	2.22e-02	6.69e-01	2.80e-01	2.61e-02	2.08e-03	3.00e-06	0.00e+00
 5.53882e+22	2.15e-05	2.36e-02	6.79e-01	2.72e-01	2.44e-02	1.87e-03	2.57e-06	0.00e+00
 5.56211e+22	2.33e-05	2.48e-02	6.87e-01	2.64e-01	2.29e-02	1.70e-03	2.24e-06	0.00e+00
 5.58725e+22	2.58e-05	2.64e-02	6.97e-01	2.54e-01	2.12e-02	1.52e-03	1.89e-06	0.00e+00
 5.61422e+22	2.85e-05	2.79e-02	7.06e-01	2.45e-01	1.96e-02	1.36e-03	1.60e-06	0.00e+00
 5.63838e+22	3.11e-05	2.94e-02	7.14e-01	2.37e-01	1.82e-02	1.23e-03	1.37e-06	0.00e+00
 5.66462e+22	3.48e-05	3.14e-02	7.24e-01	2.27e-01	1.67e-02	1.08e-03	1.14e-06	0.00e+00
 5.69874e+22	4.01e-05	3.42e-02	7.36e-01	2.14e-01	1.49e-02	9.14e-04	8.92e-07	0.00e+00
 5.73349e+22	4.53e-05	3.67e-02	7.46e-01	2.03e-01	1.34e-02	7.90e-04	7.19e-07	0.00e+00
 5.76442e+22	5.10e-05	3.94e-02	7.55e-01	1.93e-01	1.21e-02	6.84e-04	5.83e-07	0.00e+00
 5.79998e+22	5.97e-05	4.33e-02	7.66e-01	1.80e-01	1.06e-02	5.67e-04	4.43e-07	0.00e+00
 5.83497e+22	6.64e-05	4.60e-02	7.74e-01	1.70e-01	9.61e-03	4.94e-04	3.63e-07	0.00e+00
 5.86922e+22	7.73e-05	5.03e-02	7.83e-01	1.58e-01	8.44e-03	4.11e-04	2.78e-07	0.00e+00
 5.90386e+22	8.71e-05	5.39e-02	7.90e-01	1.48e-01	7.55e-03	3.53e-04	2.23e-07	0.00e+00
 5.93902e+22	1.02e-04	5.92e-02	7.98e-01	1.36e-01	6.57e-03	2.90e-04	1.68e-07	0.00e+00
 5.97413e+22	1.15e-04	6.34e-02	8.03e-01	1.27e-01	5.87e-03	2.48e-04	1.34e-07	0.00e+00
 6.00919e+22	1.35e-04	6.99e-02	8.09e-01	1.16e-01	5.08e-03	2.03e-04	0.00e+00	0.00e+00
 6.04417e+22	1.55e-04	7.54e-02	8.12e-01	1.07e-01	4.50e-03	1.71e-04	0.00e+00	0.00e+00
 6.07907e+22	1.83e-04	8.34e-02	8.15e-01	9.74e-02	3.89e-03	1.39e-04	0.00e+00	0.00e+00
 6.11387e+22	2.10e-04	9.02e-02	8.17e-01	8.93e-02	3.43e-03	1.16e-04	0.00e+00	0.00e+00
 6.14855e+22	2.51e-04	1.00e-01	8.16e-01	8.02e-02	2.94e-03	9.32e-05	0.00e+00	0.00e+00
 6.18241e+22	2.89e-04	1.09e-01	8.15e-01	7.31e-02	2.60e-03	7.79e-05	0.00e+00	0.00e+00
 6.21522e+22	3.46e-04	1.21e-01	8.11e-01	6.54e-02	2.24e-03	6.22e-05	0.00e+00	0.00e+00
 6.24758e+22	4.00e-04	1.31e-01	8.07e-01	5.94e-02	1.98e-03	5.18e-05	0.00e+00	0.00e+00
 6.27935e+22	4.81e-04	1.46e-01	7.99e-01	5.27e-02	1.71e-03	4.10e-05	0.00e+00	0.00e+00
 6.31070e+22	5.59e-04	1.59e-01	7.91e-01	4.76e-02	1.51e-03	3.39e-05	0.00e+00	0.00e+00
 6.33743e+22	6.51e-04	1.73e-01	7.82e-01	4.30e-02	1.34e-03	2.80e-05	0.00e+00	0.00e+00
 6.36380e+22	7.56e-04	1.89e-01	7.71e-01	3.88e-02	1.19e-03	2.31e-05	0.00e+00	0.00e+00
 6.39382e+22	9.14e-04	2.10e-01	7.54e-01	3.40e-02	1.03e-03	1.79e-05	0.00e+00	0.00e+00
 6.42383e+22	1.07e-03	2.29e-01	7.39e-01	3.03e-02	9.06e-04	1.45e-05	0.00e+00	0.00e+00
 6.44926e+22	1.25e-03	2.49e-01	7.22e-01	2.71e-02	8.05e-04	1.18e-05	0.00e+00	0.00e+00
 6.47772e+22	1.51e-03	2.76e-01	6.99e-01	2.34e-02	6.91e-04	9.05e-06	0.00e+00	0.00e+00
 6.50656e+22	1.79e-03	3.02e-01	6.75e-01	2.05e-02	6.02e-04	7.09e-06	0.00e+00	0.00e+00
 6.53101e+22	2.09e-03	3.27e-01	6.52e-01	1.80e-02	5.29e-04	5.64e-06	0.00e+00	0.00e+00
 6.55789e+22	2.54e-03	3.62e-01	6.20e-01	1.52e-02	4.47e-04	4.17e-06	0.00e+00	0.00e+00
 6.58526e+22	3.02e-03	3.95e-01	5.89e-01	1.30e-02	3.83e-04	3.16e-06	0.00e+00	0.00e+00
 6.60845e+22	3.54e-03	4.27e-01	5.58e-01	1.11e-02	3.29e-04	2.42e-06	0.00e+00	0.00e+00
 6.63376e+22	4.31e-03	4.70e-01	5.17e-01	9.06e-03	2.70e-04	1.70e-06	0.00e+00	0.00e+00
 6.65976e+22	5.19e-03	5.12e-01	4.75e-01	7.34e-03	2.21e-04	1.20e-06	0.00e+00	0.00e+00
 6.68146e+22	6.13e-03	5.51e-01	4.36e-01	6.01e-03	1.82e-04	8.58e-07	0.00e+00	0.00e+00
 6.70107e+22	7.17e-03	5.90e-01	3.98e-01	4.88e-03	1.49e-04	6.12e-07	0.00e+00	0.00e+00
 6.72317e+22	8.74e-03	6.38e-01	3.50e-01	3.69e-03	1.14e-04	3.90e-07	0.00e+00	0.00e+00
 6.74542e+22	1.06e-02	6.84e-01	3.02e-01	2.74e-03	8.55e-05	2.43e-07	0.00e+00	0.00e+00
 6.76276e+22	1.24e-02	7.22e-01	2.64e-01	2.09e-03	6.57e-05	1.59e-07	0.00e+00	0.00e+00
 6.77741e+22	1.44e-02	7.54e-01	2.30e-01	1.60e-03	5.06e-05	0.00e+00	0.00e+00	0.00e+00
 6.79369e+22	1.72e-02	7.90e-01	1.92e-01	1.15e-03	3.63e-05	0.00e+00	0.00e+00	0.00e+00
 6.81082e+22	2.08e-02	8.24e-01	1.54e-01	7.86e-04	2.46e-05	0.00e+00	0.00e+00	0.00e+00
 6.82487e+22	2.46e-02	8.49e-01	1.25e-01	5.55e-04	1.70e-05	0.00e+00	0.00e+00	0.00e+00
 6.83644e+22	2.87e-02	8.68e-01	1.03e-01	4.03e-04	1.20e-05	0.00e+00	0.00e+00	0.00e+00
 6.84709e+22	3.33e-02	8.83e-01	8.37e-02	2.94e-04	8.45e-06	0.00e+00	0.00e+00	0.00e+00
 6.85716e+22	3.89e-02	8.94e-01	6.74e-02	2.14e-04	5.84e-06	0.00e+00	0.00e+00	0.00e+00
 6.86635e+22	4.53e-02	9.01e-01	5.40e-02	1.58e-04	4.03e-06	0.00e+00	0.00e+00	0.00e+00
 6.87447e+22	5.24e-02	9.04e-01	4.36e-02	1.20e-04	2.82e-06	0.00e+00	0.00e+00	0.00e+00
 6.88173e+22	6.02e-02	9.04e-01	3.54e-02	9.33e-05	2.00e-06	0.00e+00	0.00e+00	0.00e+00
 6.88846e+22	6.90e-02	9.02e-01	2.87e-02	7.37e-05	1.42e-06	0.00e+00	0.00e+00	0.00e+00
 6.89480e+22	7.92e-02	8.97e-01	2.33e-02	5.90e-05	1.02e-06	0.00e+00	0.00e+00	0.00e+00
 6.90076e+22	9.06e-02	8.90e-01	1.89e-02	4.80e-05	7.29e-07	0.00e+00	0.00e+00	0.00e+00
 6.90633e+22	1.03e-01	8.81e-01	1.53e-02	3.97e-05	5.27e-07	0.00e+00	0.00e+00	0.00e+00
 6.91160e+22	1.18e-01	8.70e-01	1.25e-02	3.33e-05	3.85e-07	0.00e+00	0.00e+00	0.00e+00
 6.91666e+22	1.34e-01	8.56e-01	1.01e-02	2.82e-05	2.82e-07	0.00e+00	0.00e+00	0.00e+00
 6.92158e+22	1.51e-01	8.41e-01	8.23e-03	2.42e-05	2.08e-07	0.00e+00	0.00e+00	0.00e+00
 6.92625e+22	1.70e-01	8.23e-01	6.72e-03	2.10e-05	1.55e-07	0.00e+00	0.00e+00	0.00e+00
 6.93046e+22	1.89e-01	8.05e-01	5.57e-03	1.86e-05	0.00e+00	0.00e+00	0.00e+00	0.00e+00
 6.93422e+22	2.08e-01	7.87e-01	4.70e-03	1.68e-05	0.00e+00	0.00e+00	0.00e+00	0.00e+00
 6.93774e+22	2.27e-01	7.69e-01	4.00e-03	1.53e-05	0.00e+00	0.00e+00	0.00e+00	0.00e+00
 6.94117e+22	2.47e-01	7.50e-01	3.41e-03	1.40e-05	0.00e+00	0.00e+00	0.00e+00	0.00e+00
 6.94459e+22	2.67e-01	7.30e-01	2.90e-03	1.28e-05	0.00e+00	0.00e+00	0.00e+00	0.00e+00
 6.94792e+22	2.87e-01	7.10e-01	2.48e-03	1.18e-05	0.00e+00	0.00e+00	0.00e+00	0.00e+00
 6.95106e+22	3.08e-01	6.90e-01	2.14e-03	1.10e-05	0.00e+00	0.00e+00	0.00e+00	0.00e+00
 6.95354e+22	3.23e-01	6.75e-01	1.91e-03	1.04e-05	0.00e+00	0.00e+00	0.00e+00	0.00e+00
 6.95533e+22	3.35e-01	6.63e-01	1.76e-03	1.00e-05	0.00e+00	0.00e+00	0.00e+00	0.00e+00
 6.95709e+22	3.47e-01	6.51e-01	1.62e-03	9.63e-06	0.00e+00	0.00e+00	0.00e+00	0.00e+00
 6.95911e+22	3.60e-01	6.38e-01	1.47e-03	9.21e-06	0.00e+00	0.00e+00	0.00e+00	0.00e+00
 6.96137e+22	3.76e-01	6.22e-01	1.32e-03	8.77e-06	0.00e+00	0.00e+00	0.00e+00	0.00e+00
 6.96363e+22	3.92e-01	6.07e-01	1.18e-03	8.35e-06	0.00e+00	0.00e+00	0.00e+00	0.00e+00
 6.96574e+22	4.06e-01	5.92e-01	1.07e-03	8.00e-06	0.00e+00	0.00e+00	0.00e+00	0.00e+00
 6.96785e+22	4.22e-01	5.77e-01	9.66e-04	7.65e-06	0.00e+00	0.00e+00	0.00e+00	0.00e+00
 6.97005e+22	4.37e-01	5.62e-01	8.70e-04	7.31e-06	0.00e+00	0.00e+00	0.00e+00	0.00e+00
 6.97232e+22	4.53e-01	5.46e-01	7.80e-04	6.97e-06	0.00e+00	0.00e+00	0.00e+00	0.00e+00
 6.97464e+22	4.70e-01	5.30e-01	6.98e-04	6.64e-06	0.00e+00	0.00e+00	0.00e+00	0.00e+00
 6.97692e+22	4.86e-01	5.14e-01	6.27e-04	6.34e-06	0.00e+00	0.00e+00	0.00e+00	0.00e+00
 6.97921e+22	5.02e-01	4.98e-01	5.63e-04	6.06e-06	0.00e+00	0.00e+00	0.00e+00	0.00e+00
 6.98159e+22	5.18e-01	4.81e-01	5.04e-04	5.77e-06	0.00e+00	0.00e+00	0.00e+00	0.00e+00
 6.98405e+22	5.35e-01	4.65e-01	4.49e-04	5.50e-06	0.00e+00	0.00e+00	0.00e+00	0.00e+00
 6.98651e+22	5.51e-01	4.48e-01	4.02e-04	5.24e-06	0.00e+00	0.00e+00	0.00e+00	0.00e+00
 6.98898e+22	5.67e-01	4.32e-01	3.59e-04	4.99e-06	0.00e+00	0.00e+00	0.00e+00	0.00e+00
 6.99154e+22	5.84e-01	4.16e-01	3.21e-04	4.75e-06	0.00e+00	0.00e+00	0.00e+00	0.00e+00
 6.99416e+22	6.00e-01	3.99e-01	2.86e-04	4.51e-06	0.00e+00	0.00e+00	0.00e+00	0.00e+00
 6.99682e+22	6.16e-01	3.83e-01	2.56e-04	4.29e-06	0.00e+00	0.00e+00	0.00e+00	0.00e+00
 6.99953e+22	6.32e-01	3.68e-01	2.28e-04	4.08e-06	0.00e+00	0.00e+00	0.00e+00	0.00e+00
 7.00232e+22	6.48e-01	3.52e-01	2.04e-04	3.88e-06	0.00e+00	0.00e+00	0.00e+00	0.00e+00
 7.00518e+22	6.63e-01	3.37e-01	1.83e-04	3.68e-06	0.00e+00	0.00e+00	0.00e+00	0.00e+00
 7.00813e+22	6.78e-01	3.21e-01	1.64e-04	3.49e-06	0.00e+00	0.00e+00	0.00e+00	0.00e+00
 7.01122e+22	6.94e-01	3.06e-01	1.46e-04	3.31e-06	0.00e+00	0.00e+00	0.00e+00	0.00e+00
 7.01436e+22	7.08e-01	2.92e-01	1.32e-04	3.14e-06	0.00e+00	0.00e+00	0.00e+00	0.00e+00
 7.01753e+22	7.22e-01	2.78e-01	1.19e-04	2.98e-06	0.00e+00	0.00e+00	0.00e+00	0.00e+00
 7.02076e+22	7.36e-01	2.64e-01	1.08e-04	2.83e-06	0.00e+00	0.00e+00	0.00e+00	0.00e+00
 7.02412e+22	7.49e-01	2.51e-01	9.78e-05	2.69e-06	0.00e+00	0.00e+00	0.00e+00	0.00e+00
 7.02758e+22	7.61e-01	2.39e-01	8.93e-05	2.56e-06	0.00e+00	0.00e+00	0.00e+00	0.00e+00
 7.03110e+22	7.73e-01	2.27e-01	8.20e-05	2.44e-06	0.00e+00	0.00e+00	0.00e+00	0.00e+00
 7.03474e+22	7.84e-01	2.16e-01	7.56e-05	2.32e-06	0.00e+00	0.00e+00	0.00e+00	0.00e+00
 7.03850e+22	7.95e-01	2.05e-01	7.00e-05	2.22e-06	0.00e+00	0.00e+00	0.00e+00	0.00e+00
 7.04241e+22	8.05e-01	1.95e-01	6.51e-05	2.12e-06	0.00e+00	0.00e+00	0.00e+00	0.00e+00
 7.04655e+22	8.15e-01	1.85e-01	6.08e-05	2.02e-06	0.00e+00	0.00e+00	0.00e+00	0.00e+00
 7.05094e+22	8.25e-01	1.75e-01	5.70e-05	1.93e-06	0.00e+00	0.00e+00	0.00e+00	0.00e+00
 7.05555e+22	8.34e-01	1.66e-01	5.37e-05	1.85e-06	0.00e+00	0.00e+00	0.00e+00	0.00e+00
 7.06046e+22	8.42e-01	1.58e-01	5.08e-05	1.77e-06	0.00e+00	0.00e+00	0.00e+00	0.00e+00
 7.06579e+22	8.51e-01	1.49e-01	4.81e-05	1.69e-06	0.00e+00	0.00e+00	0.00e+00	0.00e+00
 7.07159e+22	8.59e-01	1.41e-01	4.57e-05	1.61e-06	0.00e+00	0.00e+00	0.00e+00	0.00e+00
 7.07788e+22	8.67e-01	1.33e-01	4.35e-05	1.54e-06	0.00e+00	0.00e+00	0.00e+00	0.00e+00
 7.08453e+22	8.74e-01	1.26e-01	4.17e-05	1.48e-06	0.00e+00	0.00e+00	0.00e+00	0.00e+00
 7.09130e+22	8.80e-01	1.20e-01	4.00e-05	1.42e-06	0.00e+00	0.00e+00	0.00e+00	0.00e+00
 7.09804e+22	8.86e-01	1.14e-01	3.87e-05	1.37e-06	0.00e+00	0.00e+00	0.00e+00	0.00e+00
 7.10479e+22	8.91e-01	1.09e-01	3.75e-05	1.32e-06	0.00e+00	0.00e+00	0.00e+00	0.00e+00
 7.11176e+22	8.96e-01	1.04e-01	3.64e-05	1.28e-06	0.00e+00	0.00e+00	0.00e+00	0.00e+00
 7.11899e+22	9.01e-01	9.89e-02	3.53e-05	1.23e-06	0.00e+00	0.00e+00	0.00e+00	0.00e+00
 7.12625e+22	9.06e-01	9.44e-02	3.44e-05	1.19e-06	0.00e+00	0.00e+00	0.00e+00	0.00e+00
 7.13335e+22	9.10e-01	9.02e-02	3.35e-05	1.16e-06	0.00e+00	0.00e+00	0.00e+00	0.00e+00
 7.14014e+22	9.13e-01	8.67e-02	3.28e-05	1.13e-06	0.00e+00	0.00e+00	0.00e+00	0.00e+00
 7.14690e+22	9.17e-01	8.31e-02	3.20e-05	1.10e-06	0.00e+00	0.00e+00	0.00e+00	0.00e+00
 7.15375e+22	9.20e-01	7.97e-02	3.13e-05	1.07e-06	0.00e+00	0.00e+00	0.00e+00	0.00e+00
 7.16047e+22	9.23e-01	7.66e-02	3.07e-05	1.04e-06	0.00e+00	0.00e+00	0.00e+00	0.00e+00
 7.16700e+22	9.26e-01	7.37e-02	3.01e-05	1.01e-06	0.00e+00	0.00e+00	0.00e+00	0.00e+00
 7.17335e+22	9.29e-01	7.10e-02	2.96e-05	9.91e-07	0.00e+00	0.00e+00	0.00e+00	0.00e+00
 7.17953e+22	9.32e-01	6.84e-02	2.91e-05	9.71e-07	0.00e+00	0.00e+00	0.00e+00	0.00e+00
 7.18554e+22	9.34e-01	6.61e-02	2.86e-05	9.52e-07	0.00e+00	0.00e+00	0.00e+00	0.00e+00
 7.19135e+22	9.36e-01	6.40e-02	2.82e-05	9.35e-07	0.00e+00	0.00e+00	0.00e+00	0.00e+00
 7.19698e+22	9.38e-01	6.20e-02	2.78e-05	9.21e-07	0.00e+00	0.00e+00	0.00e+00	0.00e+00
 7.20244e+22	9.40e-01	6.01e-02	2.74e-05	9.08e-07	0.00e+00	0.00e+00	0.00e+00	0.00e+00
 7.20773e+22	9.42e-01	5.84e-02	2.71e-05	8.97e-07	0.00e+00	0.00e+00	0.00e+00	0.00e+00
 7.21277e+22	9.43e-01	5.69e-02	2.68e-05	8.87e-07	0.00e+00	0.00e+00	0.00e+00	0.00e+00
 7.21772e+22	9.45e-01	5.54e-02	2.65e-05	8.80e-07	0.00e+00	0.00e+00	0.00e+00	0.00e+00
 7.22254e+22	9.46e-01	5.41e-02	2.62e-05	8.74e-07	0.00e+00	0.00e+00	0.00e+00	0.00e+00
 7.22693e+22	9.47e-01	5.31e-02	2.60e-05	8.70e-07	0.00e+00	0.00e+00	0.00e+00	0.00e+00
 7.23091e+22	9.48e-01	5.21e-02	2.58e-05	8.68e-07	0.00e+00	0.00e+00	0.00e+00	0.00e+00
 7.23455e+22	9.49e-01	5.14e-02	2.56e-05	8.67e-07	0.00e+00	0.00e+00	0.00e+00	0.00e+00
 7.23785e+22	9.49e-01	5.07e-02	2.54e-05	8.67e-07	0.00e+00	0.00e+00	0.00e+00	0.00e+00
 7.24086e+22	9.50e-01	5.01e-02	2.53e-05	8.68e-07	0.00e+00	0.00e+00	0.00e+00	0.00e+00
 7.24359e+22	9.50e-01	4.96e-02	2.51e-05	8.69e-07	0.00e+00	0.00e+00	0.00e+00	0.00e+00
 7.24659e+22	9.51e-01	4.90e-02	2.50e-05	8.70e-07	0.00e+00	0.00e+00	0.00e+00	0.00e+00
 7.24983e+22	9.52e-01	4.83e-02	2.48e-05	8.71e-07	0.00e+00	0.00e+00	0.00e+00	0.00e+00
 7.25277e+22	9.52e-01	4.79e-02	2.47e-05	8.72e-07	0.00e+00	0.00e+00	0.00e+00	0.00e+00
 7.25545e+22	9.52e-01	4.75e-02	2.46e-05	8.77e-07	0.00e+00	0.00e+00	0.00e+00	0.00e+00
 7.25789e+22	9.53e-01	4.72e-02	2.45e-05	8.79e-07	0.00e+00	0.00e+00	0.00e+00	0.00e+00
 7.26056e+22	9.53e-01	4.67e-02	2.44e-05	8.81e-07	0.00e+00	0.00e+00	0.00e+00	0.00e+00
 7.26345e+22	9.54e-01	4.63e-02	2.42e-05	8.84e-07	0.00e+00	0.00e+00	0.00e+00	0.00e+00
 7.26607e+22	9.54e-01	4.60e-02	2.41e-05	8.92e-07	0.00e+00	0.00e+00	0.00e+00	0.00e+00
 7.26846e+22	9.54e-01	4.57e-02	2.40e-05	8.90e-07	0.00e+00	0.00e+00	0.00e+00	0.00e+00
 7.27108e+22	9.55e-01	4.54e-02	2.39e-05	8.96e-07	0.00e+00	0.00e+00	0.00e+00	0.00e+00
 7.27391e+22	9.55e-01	4.50e-02	2.38e-05	8.93e-07	0.00e+00	0.00e+00	0.00e+00	0.00e+00
 7.27700e+22	9.55e-01	4.46e-02	2.36e-05	8.96e-07	0.00e+00	0.00e+00	0.00e+00	0.00e+00
 7.28035e+22	9.56e-01	4.42e-02	2.35e-05	8.96e-07	0.00e+00	0.00e+00	0.00e+00	0.00e+00
 7.28401e+22	9.56e-01	4.37e-02	2.33e-05	8.98e-07	0.00e+00	0.00e+00	0.00e+00	0.00e+00
 7.28797e+22	9.57e-01	4.33e-02	2.32e-05	9.01e-07	0.00e+00	0.00e+00	0.00e+00	0.00e+00
 7.29157e+22	9.57e-01	4.30e-02	2.31e-05	9.03e-07	0.00e+00	0.00e+00	0.00e+00	0.00e+00
 7.29484e+22	9.57e-01	4.28e-02	2.29e-05	9.07e-07	0.00e+00	0.00e+00	0.00e+00	0.00e+00
 7.29782e+22	9.57e-01	4.26e-02	2.28e-05	9.15e-07	0.00e+00	0.00e+00	0.00e+00	0.00e+00
 7.30054e+22	9.58e-01	4.24e-02	2.27e-05	9.18e-07	0.00e+00	0.00e+00	0.00e+00	0.00e+00
 7.30351e+22	9.58e-01	4.21e-02	2.26e-05	9.19e-07	0.00e+00	0.00e+00	0.00e+00	0.00e+00
 7.30737e+22	9.58e-01	4.16e-02	2.24e-05	9.20e-07	0.00e+00	0.00e+00	0.00e+00	0.00e+00
 7.31155e+22	9.59e-01	4.12e-02	2.23e-05	9.23e-07	0.00e+00	0.00e+00	0.00e+00	0.00e+00
 7.31534e+22	9.59e-01	4.10e-02	2.22e-05	9.29e-07	0.00e+00	0.00e+00	0.00e+00	0.00e+00
 7.31880e+22	9.59e-01	4.08e-02	2.21e-05	9.34e-07	0.00e+00	0.00e+00	0.00e+00	0.00e+00
 7.32194e+22	9.59e-01	4.06e-02	2.21e-05	9.40e-07	0.00e+00	0.00e+00	0.00e+00	0.00e+00
 7.32480e+22	9.59e-01	4.05e-02	2.20e-05	9.46e-07	0.00e+00	0.00e+00	0.00e+00	0.00e+00
 7.32794e+22	9.60e-01	4.03e-02	2.20e-05	9.53e-07	0.00e+00	0.00e+00	0.00e+00	0.00e+00
 7.33132e+22	9.60e-01	4.00e-02	2.19e-05	9.58e-07	0.00e+00	0.00e+00	0.00e+00	0.00e+00
 7.33440e+22	9.60e-01	3.99e-02	2.19e-05	9.67e-07	0.00e+00	0.00e+00	0.00e+00	0.00e+00
 7.33720e+22	9.60e-01	3.97e-02	2.18e-05	9.70e-07	0.00e+00	0.00e+00	0.00e+00	0.00e+00
 7.34027e+22	9.61e-01	3.95e-02	2.18e-05	9.74e-07	0.00e+00	0.00e+00	0.00e+00	0.00e+00
 7.34359e+22	9.61e-01	3.92e-02	2.17e-05	9.78e-07	0.00e+00	0.00e+00	0.00e+00	0.00e+00
 7.34661e+22	9.61e-01	3.91e-02	2.17e-05	9.88e-07	0.00e+00	0.00e+00	0.00e+00	0.00e+00
 7.34935e+22	9.61e-01	3.90e-02	2.16e-05	9.87e-07	0.00e+00	0.00e+00	0.00e+00	0.00e+00
 7.35236e+22	9.61e-01	3.87e-02	2.16e-05	9.91e-07	0.00e+00	0.00e+00	0.00e+00	0.00e+00
 7.35561e+22	9.61e-01	3.85e-02	2.15e-05	9.96e-07	0.00e+00	0.00e+00	0.00e+00	0.00e+00
 7.35856e+22	9.62e-01	3.84e-02	2.15e-05	1.00e-06	0.00e+00	0.00e+00	0.00e+00	0.00e+00
 7.36125e+22	9.62e-01	3.82e-02	2.14e-05	1.00e-06	0.00e+00	0.00e+00	0.00e+00	0.00e+00
 7.36420e+22	9.62e-01	3.80e-02	2.14e-05	1.01e-06	0.00e+00	0.00e+00	0.00e+00	0.00e+00
 7.36738e+22	9.62e-01	3.78e-02	2.13e-05	1.01e-06	0.00e+00	0.00e+00	0.00e+00	0.00e+00
 7.37028e+22	9.62e-01	3.77e-02	2.13e-05	1.02e-06	0.00e+00	0.00e+00	0.00e+00	0.00e+00
 7.37291e+22	9.62e-01	3.75e-02	2.12e-05	1.02e-06	0.00e+00	0.00e+00	0.00e+00	0.00e+00
 7.37580e+22	9.63e-01	3.73e-02	2.12e-05	1.02e-06	0.00e+00	0.00e+00	0.00e+00	0.00e+00
 7.37892e+22	9.63e-01	3.71e-02	2.11e-05	1.02e-06	0.00e+00	0.00e+00	0.00e+00	0.00e+00
 7.38233e+22	9.63e-01	3.68e-02	2.10e-05	1.02e-06	0.00e+00	0.00e+00	0.00e+00	0.00e+00
 7.38602e+22	9.63e-01	3.65e-02	2.10e-05	1.02e-06	0.00e+00	0.00e+00	0.00e+00	0.00e+00
 7.39006e+22	9.64e-01	3.62e-02	2.09e-05	1.02e-06	0.00e+00	0.00e+00	0.00e+00	0.00e+00
 7.39442e+22	9.64e-01	3.59e-02	2.08e-05	1.02e-06	0.00e+00	0.00e+00	0.00e+00	0.00e+00
 7.39839e+22	9.64e-01	3.57e-02	2.07e-05	1.03e-06	0.00e+00	0.00e+00	0.00e+00	0.00e+00
 7.40200e+22	9.64e-01	3.55e-02	2.06e-05	1.02e-06	0.00e+00	0.00e+00	0.00e+00	0.00e+00
 7.40596e+22	9.65e-01	3.52e-02	2.06e-05	1.02e-06	0.00e+00	0.00e+00	0.00e+00	0.00e+00
 7.41024e+22	9.65e-01	3.49e-02	2.05e-05	1.03e-06	0.00e+00	0.00e+00	0.00e+00	0.00e+00
 7.41413e+22	9.65e-01	3.47e-02	2.04e-05	1.02e-06	0.00e+00	0.00e+00	0.00e+00	0.00e+00
 7.41839e+22	9.66e-01	3.43e-02	2.03e-05	1.02e-06	0.00e+00	0.00e+00	0.00e+00	0.00e+00
 7.42299e+22	9.66e-01	3.41e-02	2.02e-05	1.02e-06	0.00e+00	0.00e+00	0.00e+00	0.00e+00
 7.42717e+22	9.66e-01	3.39e-02	2.02e-05	1.03e-06	0.00e+00	0.00e+00	0.00e+00	0.00e+00
 7.43098e+22	9.66e-01	3.37e-02	2.01e-05	1.02e-06	0.00e+00	0.00e+00	0.00e+00	0.00e+00
 7.43516e+22	9.67e-01	3.33e-02	2.00e-05	1.02e-06	0.00e+00	0.00e+00	0.00e+00	0.00e+00
 7.43966e+22	9.67e-01	3.31e-02	1.99e-05	1.02e-06	0.00e+00	0.00e+00	0.00e+00	0.00e+00
 7.44377e+22	9.67e-01	3.29e-02	1.98e-05	1.02e-06	0.00e+00	0.00e+00	0.00e+00	0.00e+00
 7.44826e+22	9.67e-01	3.25e-02	1.97e-05	1.02e-06	0.00e+00	0.00e+00	0.00e+00	0.00e+00
 7.45311e+22	9.68e-01	3.22e-02	1.96e-05	1.01e-06	0.00e+00	0.00e+00	0.00e+00	0.00e+00
 7.45753e+22	9.68e-01	3.20e-02	1.96e-05	1.02e-06	0.00e+00	0.00e+00	0.00e+00	0.00e+00
 7.46154e+22	9.68e-01	3.18e-02	1.95e-05	1.01e-06	0.00e+00	0.00e+00	0.00e+00	0.00e+00
 7.46595e+22	9.69e-01	3.15e-02	1.94e-05	1.01e-06	0.00e+00	0.00e+00	0.00e+00	0.00e+00
 7.47070e+22	9.69e-01	3.12e-02	1.93e-05	1.01e-06	0.00e+00	0.00e+00	0.00e+00	0.00e+00
 7.47503e+22	9.69e-01	3.10e-02	1.92e-05	1.00e-06	0.00e+00	0.00e+00	0.00e+00	0.00e+00
 7.47976e+22	9.69e-01	3.06e-02	1.91e-05	9.99e-07	0.00e+00	0.00e+00	0.00e+00	0.00e+00
 7.48488e+22	9.70e-01	3.03e-02	1.90e-05	9.96e-07	0.00e+00	0.00e+00	0.00e+00	0.00e+00
 7.48954e+22	9.70e-01	3.01e-02	1.89e-05	9.92e-07	0.00e+00	0.00e+00	0.00e+00	0.00e+00
 7.49464e+22	9.70e-01	2.97e-02	1.88e-05	9.87e-07	0.00e+00	0.00e+00	0.00e+00	0.00e+00
 7.50015e+22	9.71e-01	2.94e-02	1.87e-05	9.84e-07	0.00e+00	0.00e+00	0.00e+00	0.00e+00
 7.50516e+22	9.71e-01	2.92e-02	1.86e-05	9.79e-07	0.00e+00	0.00e+00	0.00e+00	0.00e+00
 7.51065e+22	9.71e-01	2.88e-02	1.85e-05	9.73e-07	0.00e+00	0.00e+00	0.00e+00	0.00e+00
 7.51658e+22	9.71e-01	2.85e-02	1.84e-05	9.68e-07	0.00e+00	0.00e+00	0.00e+00	0.00e+00
 7.52198e+22	9.72e-01	2.83e-02	1.83e-05	9.63e-07	0.00e+00	0.00e+00	0.00e+00	0.00e+00
 7.52789e+22	9.72e-01	2.78e-02	1.81e-05	9.54e-07	0.00e+00	0.00e+00	0.00e+00	0.00e+00
 7.53428e+22	9.72e-01	2.75e-02	1.80e-05	9.48e-07	0.00e+00	0.00e+00	0.00e+00	0.00e+00
 7.54009e+22	9.73e-01	2.73e-02	1.79e-05	9.42e-07	0.00e+00	0.00e+00	0.00e+00	0.00e+00
 7.54537e+22	9.73e-01	2.70e-02	1.78e-05	9.38e-07	0.00e+00	0.00e+00	0.00e+00	0.00e+00
 7.55116e+22	9.73e-01	2.66e-02	1.77e-05	9.27e-07	0.00e+00	0.00e+00	0.00e+00	0.00e+00
 7.55742e+22	9.74e-01	2.63e-02	1.76e-05	9.24e-07	0.00e+00	0.00e+00	0.00e+00	0.00e+00
 7.56311e+22	9.74e-01	2.61e-02	1.74e-05	9.15e-07	0.00e+00	0.00e+00	0.00e+00	0.00e+00
 7.56934e+22	9.74e-01	2.56e-02	1.73e-05	9.03e-07	0.00e+00	0.00e+00	0.00e+00	0.00e+00
 7.57608e+22	9.75e-01	2.53e-02	1.72e-05	8.96e-07	0.00e+00	0.00e+00	0.00e+00	0.00e+00
 7.58220e+22	9.75e-01	2.51e-02	1.71e-05	8.90e-07	0.00e+00	0.00e+00	0.00e+00	0.00e+00
 7.58778e+22	9.75e-01	2.49e-02	1.70e-05	8.84e-07	0.00e+00	0.00e+00	0.00e+00	0.00e+00
 7.59389e+22	9.76e-01	2.44e-02	1.68e-05	8.71e-07	0.00e+00	0.00e+00	0.00e+00	0.00e+00
 7.60048e+22	9.76e-01	2.42e-02	1.67e-05	8.66e-07	0.00e+00	0.00e+00	0.00e+00	0.00e+00
 7.60648e+22	9.76e-01	2.40e-02	1.66e-05	8.57e-07	0.00e+00	0.00e+00	0.00e+00	0.00e+00
 7.61306e+22	9.76e-01	2.35e-02	1.65e-05	8.43e-07	0.00e+00	0.00e+00	0.00e+00	0.00e+00
 7.62016e+22	9.77e-01	2.32e-02	1.63e-05	8.37e-07	0.00e+00	0.00e+00	0.00e+00	0.00e+00
 7.62662e+22	9.77e-01	2.30e-02	1.62e-05	8.28e-07	0.00e+00	0.00e+00	0.00e+00	0.00e+00
 7.63370e+22	9.77e-01	2.25e-02	1.60e-05	8.12e-07	0.00e+00	0.00e+00	0.00e+00	0.00e+00
 7.64135e+22	9.78e-01	2.22e-02	1.59e-05	8.03e-07	0.00e+00	0.00e+00	0.00e+00	0.00e+00
 7.64830e+22	9.78e-01	2.20e-02	1.58e-05	7.96e-07	0.00e+00	0.00e+00	0.00e+00	0.00e+00
 7.65463e+22	9.78e-01	2.18e-02	1.57e-05	7.89e-07	0.00e+00	0.00e+00	0.00e+00	0.00e+00
 7.66157e+22	9.79e-01	2.13e-02	1.55e-05	7.73e-07	0.00e+00	0.00e+00	0.00e+00	0.00e+00
 7.66905e+22	9.79e-01	2.11e-02	1.54e-05	7.64e-07	0.00e+00	0.00e+00	0.00e+00	0.00e+00
 7.67587e+22	9.79e-01	2.09e-02	1.53e-05	7.57e-07	0.00e+00	0.00e+00	0.00e+00	0.00e+00
 7.68333e+22	9.80e-01	2.04e-02	1.51e-05	7.41e-07	0.00e+00	0.00e+00	0.00e+00	0.00e+00
 7.69139e+22	9.80e-01	2.01e-02	1.50e-05	7.31e-07	0.00e+00	0.00e+00	0.00e+00	0.00e+00
 7.69873e+22	9.80e-01	1.99e-02	1.48e-05	7.23e-07	0.00e+00	0.00e+00	0.00e+00	0.00e+00
 7.70540e+22	9.80e-01	1.97e-02	1.47e-05	7.16e-07	0.00e+00	0.00e+00	0.00e+00	0.00e+00
 7.71272e+22	9.81e-01	1.93e-02	1.46e-05	7.00e-07	0.00e+00	0.00e+00	0.00e+00	0.00e+00
 7.72062e+22	9.81e-01	1.90e-02	1.44e-05	6.91e-07	0.00e+00	0.00e+00	0.00e+00	0.00e+00
 7.72780e+22	9.81e-01	1.88e-02	1.43e-05	6.83e-07	0.00e+00	0.00e+00	0.00e+00	0.00e+00
 7.73568e+22	9.82e-01	1.84e-02	1.41e-05	6.65e-07	0.00e+00	0.00e+00	0.00e+00	0.00e+00
 7.74418e+22	9.82e-01	1.82e-02	1.40e-05	6.56e-07	0.00e+00	0.00e+00	0.00e+00	0.00e+00
 7.75191e+22	9.82e-01	1.79e-02	1.39e-05	6.47e-07	0.00e+00	0.00e+00	0.00e+00	0.00e+00
 7.76039e+22	9.83e-01	1.75e-02	1.37e-05	6.29e-07	0.00e+00	0.00e+00	0.00e+00	0.00e+00
 7.76954e+22	9.83e-01	1.72e-02	1.35e-05	6.19e-07	0.00e+00	0.00e+00	0.00e+00	0.00e+00
 7.77787e+22	9.83e-01	1.70e-02	1.34e-05	6.10e-07	0.00e+00	0.00e+00	0.00e+00	0.00e+00
 7.78545e+22	9.83e-01	1.68e-02	1.33e-05	6.01e-07	0.00e+00	0.00e+00	0.00e+00	0.00e+00
 7.79375e+22	9.84e-01	1.64e-02	1.31e-05	5.85e-07	0.00e+00	0.00e+00	0.00e+00	0.00e+00
 7.80272e+22	9.84e-01	1.62e-02	1.30e-05	5.75e-07	0.00e+00	0.00e+00	0.00e+00	0.00e+00
 7.81088e+22	9.84e-01	1.60e-02	1.28e-05	5.67e-07	0.00e+00	0.00e+00	0.00e+00	0.00e+00
 7.81982e+22	9.84e-01	1.56e-02	1.27e-05	5.50e-07	0.00e+00	0.00e+00	0.00e+00	0.00e+00
 7.83133e+22	9.85e-01	1.51e-02	1.25e-05	5.30e-07	0.00e+00	0.00e+00	0.00e+00	0.00e+00
 7.84362e+22	9.85e-01	1.48e-02	1.23e-05	5.18e-07	0.00e+00	0.00e+00	0.00e+00	0.00e+00
 7.85615e+22	9.86e-01	1.43e-02	1.20e-05	5.00e-07	0.00e+00	0.00e+00	0.00e+00	0.00e+00
 7.86924e+22	9.86e-01	1.40e-02	1.18e-05	4.86e-07	0.00e+00	0.00e+00	0.00e+00	0.00e+00
 7.88223e+22	9.86e-01	1.37e-02	1.16e-05	4.70e-07	0.00e+00	0.00e+00	0.00e+00	0.00e+00
 7.89547e+22	9.87e-01	1.33e-02	1.14e-05	4.56e-07	0.00e+00	0.00e+00	0.00e+00	0.00e+00
 7.90879e+22	9.87e-01	1.30e-02	1.12e-05	4.42e-07	0.00e+00	0.00e+00	0.00e+00	0.00e+00
 7.92224e+22	9.87e-01	1.27e-02	1.10e-05	4.28e-07	0.00e+00	0.00e+00	0.00e+00	0.00e+00
 7.93580e+22	9.88e-01	1.23e-02	1.08e-05	4.14e-07	0.00e+00	0.00e+00	0.00e+00	0.00e+00
 7.94948e+22	9.88e-01	1.20e-02	1.06e-05	4.00e-07	0.00e+00	0.00e+00	0.00e+00	0.00e+00
 7.96328e+22	9.88e-01	1.17e-02	1.04e-05	3.87e-07	0.00e+00	0.00e+00	0.00e+00	0.00e+00
 7.97717e+22	9.89e-01	1.14e-02	1.02e-05	3.74e-07	0.00e+00	0.00e+00	0.00e+00	0.00e+00
 7.99117e+22	9.89e-01	1.11e-02	1.00e-05	3.61e-07	0.00e+00	0.00e+00	0.00e+00	0.00e+00
 8.00527e+22	9.89e-01	1.08e-02	9.80e-06	3.49e-07	0.00e+00	0.00e+00	0.00e+00	0.00e+00
 8.01946e+22	9.89e-01	1.05e-02	9.61e-06	3.37e-07	0.00e+00	0.00e+00	0.00e+00	0.00e+00
 8.03373e+22	9.90e-01	1.03e-02	9.42e-06	3.25e-07	0.00e+00	0.00e+00	0.00e+00	0.00e+00
 8.04807e+22	9.90e-01	9.99e-03	9.23e-06	3.14e-07	0.00e+00	0.00e+00	0.00e+00	0.00e+00
 8.06250e+22	9.90e-01	9.73e-03	9.04e-06	3.02e-07	0.00e+00	0.00e+00	0.00e+00	0.00e+00
 8.07703e+22	9.91e-01	9.47e-03	8.85e-06	2.91e-07	0.00e+00	0.00e+00	0.00e+00	0.00e+00
 8.09166e+22	9.91e-01	9.22e-03	8.66e-06	2.81e-07	0.00e+00	0.00e+00	0.00e+00	0.00e+00
 8.10637e+22	9.91e-01	8.97e-03	8.48e-06	2.71e-07	0.00e+00	0.00e+00	0.00e+00	0.00e+00
 8.12116e+22	9.91e-01	8.73e-03	8.30e-06	2.61e-07	0.00e+00	0.00e+00	0.00e+00	0.00e+00
 8.13605e+22	9.91e-01	8.50e-03	8.12e-06	2.51e-07	0.00e+00	0.00e+00	0.00e+00	0.00e+00
 8.15105e+22	9.92e-01	8.27e-03	7.94e-06	2.41e-07	0.00e+00	0.00e+00	0.00e+00	0.00e+00
 8.16639e+22	9.92e-01	8.03e-03	7.75e-06	2.31e-07	0.00e+00	0.00e+00	0.00e+00	0.00e+00
 8.18199e+22	9.92e-01	7.80e-03	7.57e-06	2.22e-07	0.00e+00	0.00e+00	0.00e+00	0.00e+00
 8.19771e+22	9.92e-01	7.58e-03	7.39e-06	2.13e-07	0.00e+00	0.00e+00	0.00e+00	0.00e+00
 8.21361e+22	9.93e-01	7.36e-03	7.22e-06	2.04e-07	0.00e+00	0.00e+00	0.00e+00	0.00e+00
 8.22963e+22	9.93e-01	7.15e-03	7.04e-06	1.95e-07	0.00e+00	0.00e+00	0.00e+00	0.00e+00
 8.24581e+22	9.93e-01	6.94e-03	6.86e-06	1.87e-07	0.00e+00	0.00e+00	0.00e+00	0.00e+00
 8.26215e+22	9.93e-01	6.74e-03	6.69e-06	1.79e-07	0.00e+00	0.00e+00	0.00e+00	0.00e+00
 8.27870e+22	9.93e-01	6.54e-03	6.52e-06	1.71e-07	0.00e+00	0.00e+00	0.00e+00	0.00e+00
 8.29548e+22	9.94e-01	6.34e-03	6.34e-06	1.63e-07	0.00e+00	0.00e+00	0.00e+00	0.00e+00
 8.31255e+22	9.94e-01	6.14e-03	6.17e-06	1.55e-07	0.00e+00	0.00e+00	0.00e+00	0.00e+00
 8.33005e+22	9.94e-01	5.95e-03	6.00e-06	1.47e-07	0.00e+00	0.00e+00	0.00e+00	0.00e+00
 8.34790e+22	9.94e-01	5.76e-03	5.82e-06	1.40e-07	0.00e+00	0.00e+00	0.00e+00	0.00e+00
 8.36601e+22	9.94e-01	5.57e-03	5.65e-06	1.33e-07	0.00e+00	0.00e+00	0.00e+00	0.00e+00
 8.38443e+22	9.95e-01	5.38e-03	5.48e-06	0.00e+00	0.00e+00	0.00e+00	0.00e+00	0.00e+00
 8.40313e+22	9.95e-01	5.20e-03	5.31e-06	0.00e+00	0.00e+00	0.00e+00	0.00e+00	0.00e+00
 8.42215e+22	9.95e-01	5.02e-03	5.14e-06	0.00e+00	0.00e+00	0.00e+00	0.00e+00	0.00e+00
 8.44150e+22	9.95e-01	4.84e-03	4.97e-06	0.00e+00	0.00e+00	0.00e+00	0.00e+00	0.00e+00
 8.46126e+22	9.95e-01	4.67e-03	4.80e-06	0.00e+00	0.00e+00	0.00e+00	0.00e+00	0.00e+00
 8.48147e+22	9.96e-01	4.49e-03	4.63e-06	0.00e+00	0.00e+00	0.00e+00	0.00e+00	0.00e+00
 8.50212e+22	9.96e-01	4.32e-03	4.46e-06	0.00e+00	0.00e+00	0.00e+00	0.00e+00	0.00e+00
 8.52320e+22	9.96e-01	4.16e-03	4.29e-06	0.00e+00	0.00e+00	0.00e+00	0.00e+00	0.00e+00
 8.54473e+22	9.96e-01	3.99e-03	4.12e-06	0.00e+00	0.00e+00	0.00e+00	0.00e+00	0.00e+00
 8.56672e+22	9.96e-01	3.83e-03	3.96e-06	0.00e+00	0.00e+00	0.00e+00	0.00e+00	0.00e+00
 8.58926e+22	9.96e-01	3.66e-03	3.79e-06	0.00e+00	0.00e+00	0.00e+00	0.00e+00	0.00e+00
 8.61241e+22	9.96e-01	3.50e-03	3.63e-06	0.00e+00	0.00e+00	0.00e+00	0.00e+00	0.00e+00
 8.63597e+22	9.97e-01	3.35e-03	3.47e-06	0.00e+00	0.00e+00	0.00e+00	0.00e+00	0.00e+00
 8.65963e+22	9.97e-01	3.20e-03	3.31e-06	0.00e+00	0.00e+00	0.00e+00	0.00e+00	0.00e+00
 8.68343e+22	9.97e-01	3.06e-03	3.16e-06	0.00e+00	0.00e+00	0.00e+00	0.00e+00	0.00e+00
 8.70749e+22	9.97e-01	2.91e-03	3.01e-06	0.00e+00	0.00e+00	0.00e+00	0.00e+00	0.00e+00
 8.73173e+22	9.97e-01	2.78e-03	2.86e-06	0.00e+00	0.00e+00	0.00e+00	0.00e+00	0.00e+00
 8.75615e+22	9.97e-01	2.65e-03	2.72e-06	0.00e+00	0.00e+00	0.00e+00	0.00e+00	0.00e+00
 8.78076e+22	9.97e-01	2.52e-03	2.58e-06	0.00e+00	0.00e+00	0.00e+00	0.00e+00	0.00e+00
 8.80560e+22	9.98e-01	2.39e-03	2.45e-06	0.00e+00	0.00e+00	0.00e+00	0.00e+00	0.00e+00
 8.83055e+22	9.98e-01	2.27e-03	2.32e-06	0.00e+00	0.00e+00	0.00e+00	0.00e+00	0.00e+00
 8.85561e+22	9.98e-01	2.16e-03	2.20e-06	0.00e+00	0.00e+00	0.00e+00	0.00e+00	0.00e+00
 8.88096e+22	9.98e-01	2.04e-03	2.08e-06	0.00e+00	0.00e+00	0.00e+00	0.00e+00	0.00e+00
 8.90653e+22	9.98e-01	1.93e-03	1.96e-06	0.00e+00	0.00e+00	0.00e+00	0.00e+00	0.00e+00
 8.93230e+22	9.98e-01	1.83e-03	1.85e-06	0.00e+00	0.00e+00	0.00e+00	0.00e+00	0.00e+00
 8.95837e+22	9.98e-01	1.72e-03	1.74e-06	0.00e+00	0.00e+00	0.00e+00	0.00e+00	0.00e+00
 8.98467e+22	9.98e-01	1.63e-03	1.63e-06	0.00e+00	0.00e+00	0.00e+00	0.00e+00	0.00e+00
 9.01118e+22	9.98e-01	1.53e-03	1.53e-06	0.00e+00	0.00e+00	0.00e+00	0.00e+00	0.00e+00
 9.03794e+22	9.99e-01	1.44e-03	1.43e-06	0.00e+00	0.00e+00	0.00e+00	0.00e+00	0.00e+00
 9.06495e+22	9.99e-01	1.35e-03	1.34e-06	0.00e+00	0.00e+00	0.00e+00	0.00e+00	0.00e+00
 9.09222e+22	9.99e-01	1.26e-03	1.25e-06	0.00e+00	0.00e+00	0.00e+00	0.00e+00	0.00e+00
 9.11976e+22	9.99e-01	1.18e-03	1.17e-06	0.00e+00	0.00e+00	0.00e+00	0.00e+00	0.00e+00
