#depth	Ne	Ne+	Ne+2	Ne+3	Ne+4	Ne+5	Ne+6	Ne+7	Ne+8	Ne+9	Ne+10
 4.62852e+21	1.29e-19	1.62e-14	9.89e-11	7.01e-08	1.37e-05	5.85e-04	6.22e-03	2.92e-02	4.86e-01	3.94e-01	8.37e-02
 1.02567e+22	1.26e-18	1.33e-13	6.65e-10	3.70e-07	5.77e-05	1.92e-03	1.52e-02	5.05e-02	5.72e-01	3.15e-01	4.56e-02
 1.17563e+22	3.40e-18	3.40e-13	1.59e-09	7.96e-07	1.13e-04	3.36e-03	2.31e-02	6.52e-02	6.04e-01	2.72e-01	3.22e-02
 1.25060e+22	5.31e-18	5.24e-13	2.38e-09	1.15e-06	1.56e-04	4.42e-03	2.84e-02	7.38e-02	6.17e-01	2.50e-01	2.67e-02
 1.28394e+22	6.12e-18	6.02e-13	2.72e-09	1.29e-06	1.74e-04	4.84e-03	3.04e-02	7.69e-02	6.20e-01	2.42e-01	2.50e-02
 1.30312e+22	7.29e-18	7.16e-13	3.22e-09	1.50e-06	1.99e-04	5.43e-03	3.32e-02	8.10e-02	6.24e-01	2.33e-01	2.30e-02
 1.32418e+22	8.53e-18	8.40e-13	3.75e-09	1.73e-06	2.27e-04	6.05e-03	3.60e-02	8.51e-02	6.27e-01	2.24e-01	2.12e-02
 1.34769e+22	1.03e-17	1.02e-12	4.55e-09	2.06e-06	2.66e-04	6.94e-03	3.99e-02	9.05e-02	6.31e-01	2.13e-01	1.90e-02
 1.37156e+22	1.19e-17	1.19e-12	5.29e-09	2.37e-06	3.02e-04	7.75e-03	4.33e-02	9.51e-02	6.32e-01	2.04e-01	1.74e-02
 1.39524e+22	1.41e-17	1.42e-12	6.33e-09	2.81e-06	3.53e-04	8.85e-03	4.78e-02	1.01e-01	6.34e-01	1.93e-01	1.55e-02
 1.41902e+22	1.60e-17	1.63e-12	7.30e-09	3.21e-06	4.00e-04	9.84e-03	5.17e-02	1.06e-01	6.34e-01	1.84e-01	1.41e-02
 1.44265e+22	1.84e-17	1.91e-12	8.62e-09	3.76e-06	4.63e-04	1.12e-02	5.68e-02	1.12e-01	6.34e-01	1.73e-01	1.26e-02
 1.46650e+22	2.05e-17	2.17e-12	9.88e-09	4.28e-06	5.23e-04	1.24e-02	6.13e-02	1.17e-01	6.32e-01	1.65e-01	1.14e-02
 1.48800e+22	2.26e-17	2.44e-12	1.12e-08	4.84e-06	5.89e-04	1.37e-02	6.60e-02	1.23e-01	6.30e-01	1.57e-01	1.03e-02
 1.50843e+22	2.46e-17	2.71e-12	1.26e-08	5.43e-06	6.55e-04	1.50e-02	7.05e-02	1.28e-01	6.28e-01	1.49e-01	9.43e-03
 1.53048e+22	2.71e-17	3.07e-12	1.45e-08	6.23e-06	7.47e-04	1.68e-02	7.64e-02	1.34e-01	6.23e-01	1.40e-01	8.39e-03
 1.55230e+22	2.91e-17	3.38e-12	1.62e-08	6.94e-06	8.27e-04	1.83e-02	8.12e-02	1.39e-01	6.19e-01	1.34e-01	7.66e-03
 1.57421e+22	3.16e-17	3.79e-12	1.86e-08	7.95e-06	9.41e-04	2.04e-02	8.76e-02	1.46e-01	6.14e-01	1.25e-01	6.79e-03
 1.59610e+22	3.37e-17	4.16e-12	2.07e-08	8.85e-06	1.04e-03	2.21e-02	9.28e-02	1.50e-01	6.08e-01	1.19e-01	6.19e-03
 1.61811e+22	3.62e-17	4.65e-12	2.36e-08	1.01e-05	1.18e-03	2.46e-02	9.98e-02	1.57e-01	6.01e-01	1.11e-01	5.47e-03
 1.64012e+22	3.85e-17	5.08e-12	2.63e-08	1.13e-05	1.30e-03	2.66e-02	1.05e-01	1.62e-01	5.94e-01	1.05e-01	4.98e-03
 1.66214e+22	4.11e-17	5.67e-12	3.01e-08	1.29e-05	1.48e-03	2.95e-02	1.13e-01	1.69e-01	5.85e-01	9.82e-02	4.39e-03
 1.68425e+22	4.36e-17	6.20e-12	3.35e-08	1.44e-05	1.63e-03	3.19e-02	1.19e-01	1.73e-01	5.78e-01	9.29e-02	3.99e-03
 1.70648e+22	4.66e-17	6.92e-12	3.84e-08	1.65e-05	1.85e-03	3.52e-02	1.26e-01	1.80e-01	5.67e-01	8.63e-02	3.51e-03
 1.72886e+22	4.94e-17	7.59e-12	4.29e-08	1.84e-05	2.04e-03	3.80e-02	1.33e-01	1.85e-01	5.58e-01	8.14e-02	3.17e-03
 1.75143e+22	5.30e-17	8.53e-12	4.95e-08	2.12e-05	2.32e-03	4.19e-02	1.41e-01	1.91e-01	5.46e-01	7.54e-02	2.78e-03
 1.77427e+22	5.65e-17	9.40e-12	5.57e-08	2.38e-05	2.56e-03	4.52e-02	1.47e-01	1.95e-01	5.36e-01	7.09e-02	2.51e-03
 1.79746e+22	6.08e-17	1.06e-11	6.47e-08	2.76e-05	2.91e-03	4.98e-02	1.56e-01	2.01e-01	5.22e-01	6.53e-02	2.19e-03
 1.82100e+22	6.55e-17	1.18e-11	7.33e-08	3.12e-05	3.23e-03	5.38e-02	1.63e-01	2.05e-01	5.11e-01	6.12e-02	1.96e-03
 1.84500e+22	7.10e-17	1.35e-11	8.61e-08	3.65e-05	3.69e-03	5.93e-02	1.72e-01	2.11e-01	4.96e-01	5.61e-02	1.70e-03
 1.86947e+22	7.76e-17	1.53e-11	9.87e-08	4.15e-05	4.10e-03	6.39e-02	1.80e-01	2.15e-01	4.84e-01	5.23e-02	1.52e-03
 1.89455e+22	8.58e-17	1.77e-11	1.18e-07	4.90e-05	4.71e-03	7.05e-02	1.90e-01	2.20e-01	4.67e-01	4.76e-02	1.30e-03
 1.91995e+22	9.47e-17	2.02e-11	1.36e-07	5.60e-05	5.25e-03	7.60e-02	1.97e-01	2.23e-01	4.53e-01	4.42e-02	1.15e-03
 1.94575e+22	1.06e-16	2.38e-11	1.64e-07	6.67e-05	6.04e-03	8.38e-02	2.07e-01	2.27e-01	4.35e-01	3.99e-02	9.83e-04
 1.97054e+22	1.18e-16	2.71e-11	1.87e-07	7.53e-05	6.65e-03	8.95e-02	2.14e-01	2.29e-01	4.23e-01	3.72e-02	8.81e-04
 1.99065e+22	1.29e-16	3.05e-11	2.13e-07	8.48e-05	7.30e-03	9.53e-02	2.20e-01	2.31e-01	4.10e-01	3.47e-02	7.90e-04
 2.01343e+22	1.47e-16	3.58e-11	2.53e-07	9.91e-05	8.24e-03	1.03e-01	2.29e-01	2.33e-01	3.94e-01	3.17e-02	6.84e-04
 2.03601e+22	1.62e-16	4.06e-11	2.89e-07	1.11e-04	9.02e-03	1.10e-01	2.35e-01	2.35e-01	3.81e-01	2.95e-02	6.14e-04
 2.05832e+22	1.85e-16	4.77e-11	3.43e-07	1.30e-04	1.01e-02	1.18e-01	2.43e-01	2.36e-01	3.65e-01	2.69e-02	5.31e-04
 2.08081e+22	2.09e-16	5.47e-11	3.93e-07	1.46e-04	1.11e-02	1.25e-01	2.49e-01	2.36e-01	3.53e-01	2.50e-02	4.76e-04
 2.10354e+22	2.41e-16	6.50e-11	4.69e-07	1.70e-04	1.25e-02	1.35e-01	2.57e-01	2.36e-01	3.36e-01	2.26e-02	4.10e-04
 2.12655e+22	2.75e-16	7.51e-11	5.41e-07	1.92e-04	1.36e-02	1.43e-01	2.62e-01	2.36e-01	3.24e-01	2.10e-02	3.65e-04
 2.14994e+22	3.24e-16	9.04e-11	6.51e-07	2.25e-04	1.53e-02	1.54e-01	2.69e-01	2.35e-01	3.07e-01	1.89e-02	3.12e-04
 2.17368e+22	3.75e-16	1.05e-10	7.54e-07	2.55e-04	1.68e-02	1.62e-01	2.75e-01	2.34e-01	2.94e-01	1.74e-02	2.77e-04
 2.19786e+22	4.51e-16	1.29e-10	9.15e-07	3.00e-04	1.89e-02	1.74e-01	2.81e-01	2.32e-01	2.77e-01	1.55e-02	2.35e-04
 2.22246e+22	5.30e-16	1.52e-10	1.07e-06	3.40e-04	2.07e-02	1.84e-01	2.86e-01	2.30e-01	2.64e-01	1.42e-02	2.06e-04
 2.24761e+22	6.52e-16	1.88e-10	1.30e-06	4.02e-04	2.33e-02	1.97e-01	2.92e-01	2.27e-01	2.47e-01	1.26e-02	1.73e-04
 2.27330e+22	7.81e-16	2.24e-10	1.53e-06	4.57e-04	2.55e-02	2.08e-01	2.96e-01	2.24e-01	2.35e-01	1.15e-02	1.51e-04
 2.29967e+22	9.81e-16	2.81e-10	1.89e-06	5.44e-04	2.88e-02	2.23e-01	3.00e-01	2.19e-01	2.18e-01	1.00e-02	1.25e-04
 2.32618e+22	1.19e-15	3.37e-10	2.22e-06	6.18e-04	3.15e-02	2.35e-01	3.04e-01	2.15e-01	2.06e-01	9.08e-03	1.08e-04
 2.35287e+22	1.52e-15	4.28e-10	2.75e-06	7.32e-04	3.53e-02	2.50e-01	3.07e-01	2.09e-01	1.90e-01	7.92e-03	8.92e-05
 2.37996e+22	1.86e-15	5.17e-10	3.25e-06	8.34e-04	3.86e-02	2.62e-01	3.09e-01	2.04e-01	1.78e-01	7.11e-03	7.67e-05
 2.40755e+22	2.43e-15	6.62e-10	4.04e-06	9.89e-04	4.33e-02	2.79e-01	3.10e-01	1.98e-01	1.63e-01	6.14e-03	6.25e-05
 2.43436e+22	2.96e-15	7.90e-10	4.69e-06	1.11e-03	4.68e-02	2.90e-01	3.11e-01	1.92e-01	1.53e-01	5.54e-03	5.42e-05
 2.46013e+22	3.84e-15	1.00e-09	5.75e-06	1.30e-03	5.19e-02	3.05e-01	3.11e-01	1.85e-01	1.40e-01	4.81e-03	4.45e-05
 2.48461e+22	4.60e-15	1.17e-09	6.58e-06	1.44e-03	5.56e-02	3.16e-01	3.10e-01	1.80e-01	1.32e-01	4.36e-03	3.90e-05
 2.50741e+22	5.76e-15	1.43e-09	7.78e-06	1.63e-03	6.04e-02	3.29e-01	3.09e-01	1.74e-01	1.22e-01	3.86e-03	3.30e-05
 2.53131e+22	7.06e-15	1.71e-09	9.03e-06	1.83e-03	6.49e-02	3.40e-01	3.08e-01	1.68e-01	1.14e-01	3.46e-03	2.84e-05
 2.55314e+22	8.61e-15	2.04e-09	1.04e-05	2.04e-03	6.96e-02	3.51e-01	3.05e-01	1.63e-01	1.06e-01	3.10e-03	2.44e-05
 2.57803e+22	1.11e-14	2.54e-09	1.25e-05	2.33e-03	7.58e-02	3.64e-01	3.02e-01	1.55e-01	9.72e-02	2.69e-03	2.02e-05
 2.60336e+22	1.37e-14	3.05e-09	1.45e-05	2.60e-03	8.13e-02	3.75e-01	2.99e-01	1.49e-01	9.00e-02	2.39e-03	1.72e-05
 2.62927e+22	1.79e-14	3.82e-09	1.75e-05	2.98e-03	8.85e-02	3.89e-01	2.95e-01	1.41e-01	8.16e-02	2.06e-03	1.41e-05
 2.65567e+22	2.24e-14	4.62e-09	2.03e-05	3.33e-03	9.47e-02	3.99e-01	2.90e-01	1.35e-01	7.51e-02	1.82e-03	1.19e-05
 2.68270e+22	2.96e-14	5.84e-09	2.46e-05	3.82e-03	1.03e-01	4.12e-01	2.85e-01	1.27e-01	6.75e-02	1.55e-03	9.62e-06
 2.71032e+22	3.74e-14	7.10e-09	2.87e-05	4.28e-03	1.10e-01	4.23e-01	2.79e-01	1.21e-01	6.16e-02	1.35e-03	8.03e-06
 2.73494e+22	4.70e-14	8.57e-09	3.34e-05	4.76e-03	1.18e-01	4.32e-01	2.74e-01	1.15e-01	5.63e-02	1.18e-03	6.73e-06
 2.76317e+22	6.27e-14	1.09e-08	4.04e-05	5.45e-03	1.27e-01	4.43e-01	2.66e-01	1.07e-01	5.01e-02	9.96e-04	5.37e-06
 2.79182e+22	7.96e-14	1.33e-08	4.71e-05	6.08e-03	1.36e-01	4.52e-01	2.59e-01	1.01e-01	4.55e-02	8.63e-04	4.44e-06
 2.81717e+22	1.00e-13	1.60e-08	5.47e-05	6.75e-03	1.44e-01	4.60e-01	2.53e-01	9.49e-02	4.13e-02	7.49e-04	3.69e-06
 2.84629e+22	1.35e-13	2.04e-08	6.60e-05	7.70e-03	1.55e-01	4.69e-01	2.44e-01	8.77e-02	3.64e-02	6.24e-04	2.91e-06
 2.87592e+22	1.72e-13	2.49e-08	7.70e-05	8.57e-03	1.65e-01	4.75e-01	2.36e-01	8.20e-02	3.27e-02	5.36e-04	2.38e-06
 2.90622e+22	2.32e-13	3.19e-08	9.31e-05	9.77e-03	1.77e-01	4.82e-01	2.26e-01	7.52e-02	2.86e-02	4.42e-04	1.85e-06
 2.93693e+22	2.98e-13	3.89e-08	1.09e-04	1.09e-02	1.88e-01	4.87e-01	2.18e-01	7.00e-02	2.56e-02	3.76e-04	1.51e-06
 2.96818e+22	4.03e-13	4.97e-08	1.31e-04	1.23e-02	2.01e-01	4.92e-01	2.08e-01	6.38e-02	2.22e-02	3.09e-04	1.17e-06
 3.00023e+22	5.27e-13	6.17e-08	1.55e-04	1.38e-02	2.13e-01	4.96e-01	1.99e-01	5.87e-02	1.96e-02	2.58e-04	9.25e-07
 3.02833e+22	6.68e-13	7.47e-08	1.79e-04	1.52e-02	2.24e-01	4.98e-01	1.91e-01	5.44e-02	1.75e-02	2.20e-04	7.51e-07
 3.05988e+22	8.99e-13	9.48e-08	2.14e-04	1.71e-02	2.38e-01	5.00e-01	1.81e-01	4.93e-02	1.51e-02	1.79e-04	5.79e-07
 3.09321e+22	1.18e-12	1.18e-07	2.53e-04	1.91e-02	2.51e-01	5.00e-01	1.71e-01	4.48e-02	1.32e-02	1.48e-04	4.52e-07
 3.12368e+22	1.53e-12	1.45e-07	2.94e-04	2.11e-02	2.64e-01	4.99e-01	1.63e-01	4.10e-02	1.16e-02	1.24e-04	3.59e-07
 3.15088e+22	1.91e-12	1.73e-07	3.36e-04	2.30e-02	2.75e-01	4.98e-01	1.55e-01	3.79e-02	1.03e-02	1.05e-04	2.93e-07
 3.17491e+22	2.29e-12	2.00e-07	3.75e-04	2.47e-02	2.85e-01	4.96e-01	1.49e-01	3.54e-02	9.39e-03	9.23e-05	2.47e-07
 3.20208e+22	2.94e-12	2.44e-07	4.34e-04	2.72e-02	2.97e-01	4.93e-01	1.41e-01	3.23e-02	8.23e-03	7.69e-05	1.96e-07
 3.23079e+22	3.68e-12	2.91e-07	4.96e-04	2.96e-02	3.09e-01	4.90e-01	1.34e-01	2.96e-02	7.30e-03	6.51e-05	1.58e-07
 3.25746e+22	4.58e-12	3.46e-07	5.63e-04	3.21e-02	3.20e-01	4.86e-01	1.27e-01	2.72e-02	6.48e-03	5.53e-05	1.29e-07
 3.28806e+22	6.12e-12	4.35e-07	6.67e-04	3.57e-02	3.36e-01	4.80e-01	1.18e-01	2.43e-02	5.52e-03	4.43e-05	0.00e+00
 3.31880e+22	7.61e-12	5.16e-07	7.56e-04	3.87e-02	3.47e-01	4.74e-01	1.12e-01	2.22e-02	4.88e-03	3.75e-05	0.00e+00
 3.34972e+22	1.00e-11	6.40e-07	8.85e-04	4.27e-02	3.62e-01	4.67e-01	1.04e-01	1.99e-02	4.18e-03	3.03e-05	0.00e+00
 3.38126e+22	1.27e-11	7.69e-07	1.01e-03	4.64e-02	3.74e-01	4.59e-01	9.75e-02	1.80e-02	3.65e-03	2.52e-05	0.00e+00
 3.40897e+22	1.57e-11	9.13e-07	1.15e-03	5.01e-02	3.85e-01	4.52e-01	9.17e-02	1.64e-02	3.21e-03	2.11e-05	0.00e+00
 3.44032e+22	2.08e-11	1.14e-06	1.34e-03	5.52e-02	4.00e-01	4.42e-01	8.45e-02	1.45e-02	2.72e-03	1.69e-05	0.00e+00
 3.47244e+22	2.60e-11	1.35e-06	1.52e-03	5.95e-02	4.11e-01	4.33e-01	7.91e-02	1.31e-02	2.37e-03	1.40e-05	0.00e+00
 3.50557e+22	3.45e-11	1.68e-06	1.79e-03	6.55e-02	4.25e-01	4.22e-01	7.24e-02	1.15e-02	1.99e-03	1.11e-05	0.00e+00
 3.53943e+22	4.41e-11	2.04e-06	2.05e-03	7.11e-02	4.37e-01	4.11e-01	6.70e-02	1.03e-02	1.71e-03	9.03e-06	0.00e+00
 3.56925e+22	5.54e-11	2.43e-06	2.33e-03	7.66e-02	4.48e-01	4.00e-01	6.21e-02	9.27e-03	1.48e-03	7.44e-06	0.00e+00
 3.60305e+22	7.34e-11	3.02e-06	2.72e-03	8.39e-02	4.60e-01	3.87e-01	5.65e-02	8.10e-03	1.24e-03	5.84e-06	0.00e+00
 3.63810e+22	9.44e-11	3.67e-06	3.12e-03	9.08e-02	4.71e-01	3.75e-01	5.18e-02	7.17e-03	1.05e-03	4.69e-06	0.00e+00
 3.66941e+22	1.19e-10	4.39e-06	3.54e-03	9.77e-02	4.81e-01	3.63e-01	4.77e-02	6.39e-03	9.02e-04	3.82e-06	0.00e+00
 3.70475e+22	1.59e-10	5.48e-06	4.15e-03	1.07e-01	4.92e-01	3.48e-01	4.28e-02	5.52e-03	7.42e-04	2.94e-06	0.00e+00
 3.74102e+22	2.06e-10	6.67e-06	4.76e-03	1.15e-01	5.01e-01	3.34e-01	3.89e-02	4.84e-03	6.23e-04	2.33e-06	0.00e+00
 3.77304e+22	2.59e-10	7.96e-06	5.39e-03	1.24e-01	5.09e-01	3.22e-01	3.55e-02	4.29e-03	5.31e-04	1.88e-06	0.00e+00
 3.80920e+22	3.46e-10	9.93e-06	6.29e-03	1.34e-01	5.18e-01	3.06e-01	3.17e-02	3.68e-03	4.34e-04	1.44e-06	0.00e+00
 3.84652e+22	4.48e-10	1.21e-05	7.22e-03	1.45e-01	5.24e-01	2.92e-01	2.84e-02	3.20e-03	3.60e-04	1.12e-06	0.00e+00
 3.87968e+22	5.67e-10	1.45e-05	8.16e-03	1.55e-01	5.30e-01	2.79e-01	2.58e-02	2.82e-03	3.04e-04	8.97e-07	0.00e+00
 3.91714e+22	7.59e-10	1.81e-05	9.52e-03	1.68e-01	5.35e-01	2.63e-01	2.27e-02	2.39e-03	2.45e-04	6.74e-07	0.00e+00
 3.95589e+22	9.85e-10	2.20e-05	1.09e-02	1.80e-01	5.39e-01	2.48e-01	2.02e-02	2.06e-03	2.01e-04	5.20e-07	0.00e+00
 3.99053e+22	1.26e-09	2.64e-05	1.24e-02	1.92e-01	5.41e-01	2.35e-01	1.80e-02	1.79e-03	1.67e-04	4.07e-07	0.00e+00
 4.02978e+22	1.71e-09	3.33e-05	1.44e-02	2.07e-01	5.42e-01	2.19e-01	1.56e-02	1.49e-03	1.32e-04	2.98e-07	0.00e+00
 4.07024e+22	2.21e-09	4.04e-05	1.65e-02	2.21e-01	5.42e-01	2.05e-01	1.38e-02	1.28e-03	1.07e-04	2.28e-07	0.00e+00
 4.11230e+22	3.07e-09	5.16e-05	1.94e-02	2.39e-01	5.40e-01	1.88e-01	1.17e-02	1.05e-03	8.25e-05	1.61e-07	0.00e+00
 4.15471e+22	3.96e-09	6.24e-05	2.21e-02	2.54e-01	5.37e-01	1.76e-01	1.02e-02	8.93e-04	6.69e-05	0.00e+00	0.00e+00
 4.19760e+22	5.48e-09	7.96e-05	2.59e-02	2.73e-01	5.32e-01	1.60e-01	8.61e-03	7.25e-04	5.08e-05	0.00e+00	0.00e+00
 4.24114e+22	7.10e-09	9.64e-05	2.95e-02	2.89e-01	5.26e-01	1.48e-01	7.47e-03	6.12e-04	4.07e-05	0.00e+00	0.00e+00
 4.27939e+22	9.14e-09	1.16e-04	3.33e-02	3.05e-01	5.18e-01	1.36e-01	6.48e-03	5.18e-04	3.26e-05	0.00e+00	0.00e+00
 4.32297e+22	1.26e-08	1.47e-04	3.89e-02	3.25e-01	5.07e-01	1.23e-01	5.38e-03	4.16e-04	2.45e-05	0.00e+00	0.00e+00
 4.36523e+22	1.58e-08	1.74e-04	4.33e-02	3.40e-01	4.98e-01	1.13e-01	4.69e-03	3.55e-04	1.99e-05	0.00e+00	0.00e+00
 4.39946e+22	1.95e-08	2.04e-04	4.79e-02	3.54e-01	4.89e-01	1.05e-01	4.12e-03	3.06e-04	1.63e-05	0.00e+00	0.00e+00
 4.43764e+22	2.56e-08	2.48e-04	5.44e-02	3.71e-01	4.76e-01	9.49e-02	3.48e-03	2.52e-04	1.26e-05	0.00e+00	0.00e+00
 4.47600e+22	3.18e-08	2.91e-04	6.02e-02	3.85e-01	4.64e-01	8.72e-02	3.02e-03	2.15e-04	1.02e-05	0.00e+00	0.00e+00
 4.51461e+22	4.12e-08	3.51e-04	6.78e-02	4.01e-01	4.49e-01	7.85e-02	2.55e-03	1.77e-04	7.93e-06	0.00e+00	0.00e+00
 4.55404e+22	5.15e-08	4.13e-04	7.51e-02	4.15e-01	4.36e-01	7.14e-02	2.19e-03	1.49e-04	6.32e-06	0.00e+00	0.00e+00
 4.58887e+22	6.35e-08	4.80e-04	8.26e-02	4.28e-01	4.22e-01	6.52e-02	1.89e-03	1.26e-04	5.10e-06	0.00e+00	0.00e+00
 4.62846e+22	8.28e-08	5.82e-04	9.29e-02	4.43e-01	4.04e-01	5.78e-02	1.57e-03	1.02e-04	3.86e-06	0.00e+00	0.00e+00
 4.66884e+22	1.03e-07	6.81e-04	1.02e-01	4.55e-01	3.88e-01	5.21e-02	1.33e-03	8.54e-05	3.05e-06	0.00e+00	0.00e+00
 4.71022e+22	1.34e-07	8.21e-04	1.15e-01	4.68e-01	3.69e-01	4.58e-02	1.09e-03	6.85e-05	2.29e-06	0.00e+00	0.00e+00
 4.74933e+22	1.62e-07	9.41e-04	1.25e-01	4.78e-01	3.54e-01	4.15e-02	9.43e-04	5.81e-05	1.84e-06	0.00e+00	0.00e+00
 4.78065e+22	1.95e-07	1.07e-03	1.35e-01	4.85e-01	3.40e-01	3.78e-02	8.17e-04	4.96e-05	1.50e-06	0.00e+00	0.00e+00
 4.81655e+22	2.43e-07	1.25e-03	1.48e-01	4.94e-01	3.23e-01	3.35e-02	6.83e-04	4.06e-05	1.16e-06	0.00e+00	0.00e+00
 4.85315e+22	2.93e-07	1.43e-03	1.60e-01	5.01e-01	3.08e-01	3.01e-02	5.85e-04	3.42e-05	9.26e-07	0.00e+00	0.00e+00
 4.88572e+22	3.51e-07	1.62e-03	1.72e-01	5.06e-01	2.93e-01	2.71e-02	5.02e-04	2.89e-05	7.43e-07	0.00e+00	0.00e+00
 4.92312e+22	4.39e-07	1.90e-03	1.88e-01	5.11e-01	2.75e-01	2.37e-02	4.14e-04	2.33e-05	5.63e-07	0.00e+00	0.00e+00
 4.96079e+22	5.28e-07	2.16e-03	2.02e-01	5.14e-01	2.60e-01	2.11e-02	3.50e-04	1.94e-05	4.45e-07	0.00e+00	0.00e+00
 4.99381e+22	6.30e-07	2.44e-03	2.17e-01	5.16e-01	2.45e-01	1.88e-02	2.98e-04	1.62e-05	3.53e-07	0.00e+00	0.00e+00
 5.03174e+22	7.84e-07	2.84e-03	2.36e-01	5.17e-01	2.28e-01	1.62e-02	2.43e-04	1.30e-05	2.64e-07	0.00e+00	0.00e+00
 5.07023e+22	9.41e-07	3.22e-03	2.53e-01	5.17e-01	2.13e-01	1.43e-02	2.04e-04	1.07e-05	2.06e-07	0.00e+00	0.00e+00
 5.10945e+22	1.17e-06	3.75e-03	2.74e-01	5.14e-01	1.96e-01	1.22e-02	1.64e-04	8.39e-06	1.52e-07	0.00e+00	0.00e+00
 5.14898e+22	1.41e-06	4.25e-03	2.93e-01	5.10e-01	1.82e-01	1.06e-02	1.37e-04	6.83e-06	0.00e+00	0.00e+00	0.00e+00
 5.18891e+22	1.75e-06	4.93e-03	3.16e-01	5.04e-01	1.65e-01	8.97e-03	1.09e-04	5.31e-06	0.00e+00	0.00e+00	0.00e+00
 5.22935e+22	2.09e-06	5.57e-03	3.37e-01	4.98e-01	1.52e-01	7.74e-03	8.96e-05	4.28e-06	0.00e+00	0.00e+00	0.00e+00
 5.27044e+22	2.60e-06	6.45e-03	3.63e-01	4.87e-01	1.37e-01	6.45e-03	7.06e-05	3.27e-06	0.00e+00	0.00e+00	0.00e+00
 5.31212e+22	3.12e-06	7.29e-03	3.85e-01	4.78e-01	1.25e-01	5.50e-03	5.74e-05	2.60e-06	0.00e+00	0.00e+00	0.00e+00
 5.35456e+22	3.87e-06	8.42e-03	4.13e-01	4.64e-01	1.11e-01	4.51e-03	4.46e-05	1.95e-06	0.00e+00	0.00e+00	0.00e+00
 5.39778e+22	4.64e-06	9.52e-03	4.37e-01	4.50e-01	9.97e-02	3.79e-03	3.57e-05	1.52e-06	0.00e+00	0.00e+00	0.00e+00
 5.44200e+22	5.78e-06	1.10e-02	4.66e-01	4.33e-01	8.72e-02	3.05e-03	2.73e-05	1.12e-06	0.00e+00	0.00e+00	0.00e+00
 5.48721e+22	6.96e-06	1.24e-02	4.92e-01	4.16e-01	7.73e-02	2.51e-03	2.14e-05	8.52e-07	0.00e+00	0.00e+00	0.00e+00
 5.51694e+22	7.58e-06	1.32e-02	5.04e-01	4.07e-01	7.28e-02	2.28e-03	1.90e-05	7.47e-07	0.00e+00	0.00e+00	0.00e+00
 5.53882e+22	8.43e-06	1.42e-02	5.19e-01	3.97e-01	6.77e-02	2.04e-03	1.66e-05	6.36e-07	0.00e+00	0.00e+00	0.00e+00
 5.56211e+22	9.27e-06	1.51e-02	5.32e-01	3.87e-01	6.32e-02	1.83e-03	1.46e-05	5.49e-07	0.00e+00	0.00e+00	0.00e+00
 5.58725e+22	1.04e-05	1.62e-02	5.48e-01	3.76e-01	5.81e-02	1.61e-03	1.25e-05	4.59e-07	0.00e+00	0.00e+00	0.00e+00
 5.61422e+22	1.16e-05	1.74e-02	5.64e-01	3.64e-01	5.34e-02	1.42e-03	1.07e-05	3.84e-07	0.00e+00	0.00e+00	0.00e+00
 5.63838e+22	1.28e-05	1.86e-02	5.78e-01	3.53e-01	4.95e-02	1.26e-03	9.27e-06	3.27e-07	0.00e+00	0.00e+00	0.00e+00
 5.66462e+22	1.45e-05	2.01e-02	5.95e-01	3.39e-01	4.49e-02	1.09e-03	7.79e-06	2.67e-07	0.00e+00	0.00e+00	0.00e+00
 5.69874e+22	1.69e-05	2.22e-02	6.16e-01	3.21e-01	3.95e-02	8.99e-04	6.22e-06	2.06e-07	0.00e+00	0.00e+00	0.00e+00
 5.73349e+22	1.93e-05	2.43e-02	6.34e-01	3.06e-01	3.51e-02	7.55e-04	5.07e-06	1.63e-07	0.00e+00	0.00e+00	0.00e+00
 5.76442e+22	2.20e-05	2.64e-02	6.52e-01	2.90e-01	3.12e-02	6.37e-04	4.15e-06	1.29e-07	0.00e+00	0.00e+00	0.00e+00
 5.79998e+22	2.60e-05	2.93e-02	6.73e-01	2.71e-01	2.68e-02	5.11e-04	3.21e-06	0.00e+00	0.00e+00	0.00e+00	0.00e+00
 5.83497e+22	2.94e-05	3.17e-02	6.88e-01	2.56e-01	2.38e-02	4.31e-04	2.65e-06	0.00e+00	0.00e+00	0.00e+00	0.00e+00
 5.86922e+22	3.44e-05	3.49e-02	7.07e-01	2.38e-01	2.04e-02	3.46e-04	2.06e-06	0.00e+00	0.00e+00	0.00e+00	0.00e+00
 5.90386e+22	3.93e-05	3.80e-02	7.21e-01	2.23e-01	1.78e-02	2.87e-04	1.66e-06	0.00e+00	0.00e+00	0.00e+00	0.00e+00
 5.93902e+22	4.62e-05	4.19e-02	7.38e-01	2.04e-01	1.50e-02	2.26e-04	1.27e-06	0.00e+00	0.00e+00	0.00e+00	0.00e+00
 5.97413e+22	5.25e-05	4.54e-02	7.51e-01	1.90e-01	1.30e-02	1.86e-04	1.02e-06	0.00e+00	0.00e+00	0.00e+00	0.00e+00
 6.00919e+22	6.19e-05	5.00e-02	7.66e-01	1.73e-01	1.09e-02	1.45e-04	7.71e-07	0.00e+00	0.00e+00	0.00e+00	0.00e+00
 6.04417e+22	7.11e-05	5.44e-02	7.77e-01	1.59e-01	9.27e-03	1.17e-04	6.08e-07	0.00e+00	0.00e+00	0.00e+00	0.00e+00
 6.07907e+22	8.36e-05	5.97e-02	7.89e-01	1.43e-01	7.64e-03	9.08e-05	4.57e-07	0.00e+00	0.00e+00	0.00e+00	0.00e+00
 6.11387e+22	9.63e-05	6.49e-02	7.98e-01	1.30e-01	6.44e-03	7.25e-05	3.56e-07	0.00e+00	0.00e+00	0.00e+00	0.00e+00
 6.14855e+22	1.14e-04	7.12e-02	8.07e-01	1.16e-01	5.21e-03	5.50e-05	2.62e-07	0.00e+00	0.00e+00	0.00e+00	0.00e+00
 6.18241e+22	1.31e-04	7.70e-02	8.14e-01	1.05e-01	4.37e-03	4.37e-05	2.04e-07	0.00e+00	0.00e+00	0.00e+00	0.00e+00
 6.21522e+22	1.54e-04	8.41e-02	8.20e-01	9.26e-02	3.51e-03	3.30e-05	1.49e-07	0.00e+00	0.00e+00	0.00e+00	0.00e+00
 6.24758e+22	1.76e-04	9.06e-02	8.23e-01	8.32e-02	2.92e-03	2.61e-05	0.00e+00	0.00e+00	0.00e+00	0.00e+00	0.00e+00
 6.27935e+22	2.07e-04	9.86e-02	8.26e-01	7.28e-02	2.32e-03	1.95e-05	0.00e+00	0.00e+00	0.00e+00	0.00e+00	0.00e+00
 6.31070e+22	2.37e-04	1.06e-01	8.27e-01	6.48e-02	1.91e-03	1.53e-05	0.00e+00	0.00e+00	0.00e+00	0.00e+00	0.00e+00
 6.33743e+22	2.70e-04	1.13e-01	8.27e-01	5.78e-02	1.57e-03	1.20e-05	0.00e+00	0.00e+00	0.00e+00	0.00e+00	0.00e+00
 6.36380e+22	3.06e-04	1.20e-01	8.27e-01	5.14e-02	1.30e-03	9.48e-06	0.00e+00	0.00e+00	0.00e+00	0.00e+00	0.00e+00
 6.39382e+22	3.57e-04	1.30e-01	8.25e-01	4.42e-02	1.01e-03	6.97e-06	0.00e+00	0.00e+00	0.00e+00	0.00e+00	0.00e+00
 6.42383e+22	4.07e-04	1.38e-01	8.22e-01	3.87e-02	8.15e-04	5.36e-06	0.00e+00	0.00e+00	0.00e+00	0.00e+00	0.00e+00
 6.44926e+22	4.58e-04	1.46e-01	8.18e-01	3.41e-02	6.67e-04	4.20e-06	0.00e+00	0.00e+00	0.00e+00	0.00e+00	0.00e+00
 6.47772e+22	5.29e-04	1.56e-01	8.13e-01	2.91e-02	5.17e-04	3.08e-06	0.00e+00	0.00e+00	0.00e+00	0.00e+00	0.00e+00
 6.50656e+22	6.03e-04	1.66e-01	8.08e-01	2.50e-02	4.09e-04	2.32e-06	0.00e+00	0.00e+00	0.00e+00	0.00e+00	0.00e+00
 6.53101e+22	6.76e-04	1.75e-01	8.02e-01	2.18e-02	3.31e-04	1.79e-06	0.00e+00	0.00e+00	0.00e+00	0.00e+00	0.00e+00
 6.55789e+22	7.78e-04	1.86e-01	7.95e-01	1.83e-02	2.53e-04	1.29e-06	0.00e+00	0.00e+00	0.00e+00	0.00e+00	0.00e+00
 6.58526e+22	8.77e-04	1.96e-01	7.88e-01	1.55e-02	1.99e-04	9.65e-07	0.00e+00	0.00e+00	0.00e+00	0.00e+00	0.00e+00
 6.60845e+22	9.77e-04	2.05e-01	7.81e-01	1.33e-02	1.60e-04	7.36e-07	0.00e+00	0.00e+00	0.00e+00	0.00e+00	0.00e+00
 6.63376e+22	1.12e-03	2.16e-01	7.72e-01	1.10e-02	1.22e-04	5.22e-07	0.00e+00	0.00e+00	0.00e+00	0.00e+00	0.00e+00
 6.65976e+22	1.26e-03	2.27e-01	7.63e-01	9.12e-03	9.38e-05	3.75e-07	0.00e+00	0.00e+00	0.00e+00	0.00e+00	0.00e+00
 6.68146e+22	1.40e-03	2.36e-01	7.55e-01	7.68e-03	7.45e-05	2.78e-07	0.00e+00	0.00e+00	0.00e+00	0.00e+00	0.00e+00
 6.70107e+22	1.55e-03	2.45e-01	7.47e-01	6.49e-03	5.98e-05	2.08e-07	0.00e+00	0.00e+00	0.00e+00	0.00e+00	0.00e+00
 6.72317e+22	1.76e-03	2.56e-01	7.37e-01	5.22e-03	4.53e-05	1.42e-07	0.00e+00	0.00e+00	0.00e+00	0.00e+00	0.00e+00
 6.74542e+22	1.98e-03	2.66e-01	7.28e-01	4.19e-03	3.47e-05	0.00e+00	0.00e+00	0.00e+00	0.00e+00	0.00e+00	0.00e+00
 6.76276e+22	2.19e-03	2.74e-01	7.20e-01	3.47e-03	2.78e-05	0.00e+00	0.00e+00	0.00e+00	0.00e+00	0.00e+00	0.00e+00
 6.77741e+22	2.41e-03	2.82e-01	7.12e-01	2.90e-03	2.26e-05	0.00e+00	0.00e+00	0.00e+00	0.00e+00	0.00e+00	0.00e+00
 6.79369e+22	2.70e-03	2.92e-01	7.03e-01	2.33e-03	1.77e-05	0.00e+00	0.00e+00	0.00e+00	0.00e+00	0.00e+00	0.00e+00
 6.81082e+22	3.05e-03	3.01e-01	6.94e-01	1.82e-03	1.36e-05	0.00e+00	0.00e+00	0.00e+00	0.00e+00	0.00e+00	0.00e+00
 6.82487e+22	3.38e-03	3.09e-01	6.87e-01	1.47e-03	1.09e-05	0.00e+00	0.00e+00	0.00e+00	0.00e+00	0.00e+00	0.00e+00
 6.83644e+22	3.72e-03	3.15e-01	6.80e-01	1.21e-03	8.87e-06	0.00e+00	0.00e+00	0.00e+00	0.00e+00	0.00e+00	0.00e+00
 6.84709e+22	4.10e-03	3.22e-01	6.73e-01	9.93e-04	7.29e-06	0.00e+00	0.00e+00	0.00e+00	0.00e+00	0.00e+00	0.00e+00
 6.85716e+22	4.52e-03	3.28e-01	6.67e-01	8.15e-04	5.99e-06	0.00e+00	0.00e+00	0.00e+00	0.00e+00	0.00e+00	0.00e+00
 6.86635e+22	4.97e-03	3.34e-01	6.60e-01	6.74e-04	4.97e-06	0.00e+00	0.00e+00	0.00e+00	0.00e+00	0.00e+00	0.00e+00
 6.87447e+22	5.44e-03	3.39e-01	6.55e-01	5.64e-04	4.18e-06	0.00e+00	0.00e+00	0.00e+00	0.00e+00	0.00e+00	0.00e+00
 6.88173e+22	5.92e-03	3.43e-01	6.50e-01	4.78e-04	3.56e-06	0.00e+00	0.00e+00	0.00e+00	0.00e+00	0.00e+00	0.00e+00
 6.88846e+22	6.42e-03	3.48e-01	6.46e-01	4.07e-04	3.06e-06	0.00e+00	0.00e+00	0.00e+00	0.00e+00	0.00e+00	0.00e+00
 6.89480e+22	6.96e-03	3.51e-01	6.41e-01	3.49e-04	2.64e-06	0.00e+00	0.00e+00	0.00e+00	0.00e+00	0.00e+00	0.00e+00
 6.90076e+22	7.52e-03	3.54e-01	6.38e-01	3.02e-04	2.30e-06	0.00e+00	0.00e+00	0.00e+00	0.00e+00	0.00e+00	0.00e+00
 6.90633e+22	8.10e-03	3.57e-01	6.34e-01	2.63e-04	2.01e-06	0.00e+00	0.00e+00	0.00e+00	0.00e+00	0.00e+00	0.00e+00
 6.91160e+22	8.71e-03	3.60e-01	6.31e-01	2.30e-04	1.78e-06	0.00e+00	0.00e+00	0.00e+00	0.00e+00	0.00e+00	0.00e+00
 6.91666e+22	9.33e-03	3.62e-01	6.29e-01	2.04e-04	1.59e-06	0.00e+00	0.00e+00	0.00e+00	0.00e+00	0.00e+00	0.00e+00
 6.92158e+22	9.98e-03	3.64e-01	6.26e-01	1.81e-04	1.43e-06	0.00e+00	0.00e+00	0.00e+00	0.00e+00	0.00e+00	0.00e+00
 6.92625e+22	1.07e-02	3.65e-01	6.24e-01	1.63e-04	1.29e-06	0.00e+00	0.00e+00	0.00e+00	0.00e+00	0.00e+00	0.00e+00
 6.93046e+22	1.13e-02	3.67e-01	6.22e-01	1.49e-04	1.19e-06	0.00e+00	0.00e+00	0.00e+00	0.00e+00	0.00e+00	0.00e+00
 6.93422e+22	1.19e-02	3.68e-01	6.20e-01	1.37e-04	1.11e-06	0.00e+00	0.00e+00	0.00e+00	0.00e+00	0.00e+00	0.00e+00
 6.93774e+22	1.26e-02	3.70e-01	6.17e-01	1.28e-04	1.04e-06	0.00e+00	0.00e+00	0.00e+00	0.00e+00	0.00e+00	0.00e+00
 6.94117e+22	1.33e-02	3.72e-01	6.14e-01	1.20e-04	9.76e-07	0.00e+00	0.00e+00	0.00e+00	0.00e+00	0.00e+00	0.00e+00
 6.94459e+22	1.40e-02	3.74e-01	6.12e-01	1.12e-04	9.22e-07	0.00e+00	0.00e+00	0.00e+00	0.00e+00	0.00e+00	0.00e+00
 6.94792e+22	1.47e-02	3.76e-01	6.09e-01	1.06e-04	8.76e-07	0.00e+00	0.00e+00	0.00e+00	0.00e+00	0.00e+00	0.00e+00
 6.95106e+22	1.55e-02	3.78e-01	6.07e-01	1.00e-04	8.36e-07	0.00e+00	0.00e+00	0.00e+00	0.00e+00	0.00e+00	0.00e+00
 6.95354e+22	1.60e-02	3.79e-01	6.05e-01	9.68e-05	8.10e-07	0.00e+00	0.00e+00	0.00e+00	0.00e+00	0.00e+00	0.00e+00
 6.95533e+22	1.65e-02	3.81e-01	6.03e-01	9.41e-05	7.90e-07	0.00e+00	0.00e+00	0.00e+00	0.00e+00	0.00e+00	0.00e+00
 6.95709e+22	1.70e-02	3.83e-01	6.00e-01	9.15e-05	7.71e-07	0.00e+00	0.00e+00	0.00e+00	0.00e+00	0.00e+00	0.00e+00
 6.95911e+22	1.76e-02	3.84e-01	5.98e-01	8.88e-05	7.52e-07	0.00e+00	0.00e+00	0.00e+00	0.00e+00	0.00e+00	0.00e+00
 6.96137e+22	1.83e-02	3.87e-01	5.95e-01	8.59e-05	7.30e-07	0.00e+00	0.00e+00	0.00e+00	0.00e+00	0.00e+00	0.00e+00
 6.96363e+22	1.90e-02	3.89e-01	5.92e-01	8.31e-05	7.10e-07	0.00e+00	0.00e+00	0.00e+00	0.00e+00	0.00e+00	0.00e+00
 6.96574e+22	1.96e-02	3.91e-01	5.90e-01	8.08e-05	6.93e-07	0.00e+00	0.00e+00	0.00e+00	0.00e+00	0.00e+00	0.00e+00
 6.96785e+22	2.04e-02	3.93e-01	5.86e-01	7.84e-05	6.75e-07	0.00e+00	0.00e+00	0.00e+00	0.00e+00	0.00e+00	0.00e+00
 6.97005e+22	2.11e-02	3.95e-01	5.83e-01	7.62e-05	6.59e-07	0.00e+00	0.00e+00	0.00e+00	0.00e+00	0.00e+00	0.00e+00
 6.97232e+22	2.20e-02	3.98e-01	5.80e-01	7.40e-05	6.43e-07	0.00e+00	0.00e+00	0.00e+00	0.00e+00	0.00e+00	0.00e+00
 6.97464e+22	2.29e-02	4.01e-01	5.76e-01	7.18e-05	6.27e-07	0.00e+00	0.00e+00	0.00e+00	0.00e+00	0.00e+00	0.00e+00
 6.97692e+22	2.37e-02	4.03e-01	5.73e-01	6.98e-05	6.12e-07	0.00e+00	0.00e+00	0.00e+00	0.00e+00	0.00e+00	0.00e+00
 6.97921e+22	2.47e-02	4.06e-01	5.69e-01	6.79e-05	5.98e-07	0.00e+00	0.00e+00	0.00e+00	0.00e+00	0.00e+00	0.00e+00
 6.98159e+22	2.56e-02	4.09e-01	5.65e-01	6.60e-05	5.84e-07	0.00e+00	0.00e+00	0.00e+00	0.00e+00	0.00e+00	0.00e+00
 6.98405e+22	2.67e-02	4.12e-01	5.61e-01	6.41e-05	5.70e-07	0.00e+00	0.00e+00	0.00e+00	0.00e+00	0.00e+00	0.00e+00
 6.98651e+22	2.78e-02	4.15e-01	5.57e-01	6.24e-05	5.57e-07	0.00e+00	0.00e+00	0.00e+00	0.00e+00	0.00e+00	0.00e+00
 6.98898e+22	2.89e-02	4.18e-01	5.53e-01	6.07e-05	5.45e-07	0.00e+00	0.00e+00	0.00e+00	0.00e+00	0.00e+00	0.00e+00
 6.99154e+22	3.01e-02	4.22e-01	5.48e-01	5.91e-05	5.32e-07	0.00e+00	0.00e+00	0.00e+00	0.00e+00	0.00e+00	0.00e+00
 6.99416e+22	3.14e-02	4.25e-01	5.43e-01	5.74e-05	5.20e-07	0.00e+00	0.00e+00	0.00e+00	0.00e+00	0.00e+00	0.00e+00
 6.99682e+22	3.27e-02	4.29e-01	5.39e-01	5.59e-05	5.09e-07	0.00e+00	0.00e+00	0.00e+00	0.00e+00	0.00e+00	0.00e+00
 6.99953e+22	3.40e-02	4.32e-01	5.34e-01	5.44e-05	4.98e-07	0.00e+00	0.00e+00	0.00e+00	0.00e+00	0.00e+00	0.00e+00
 7.00232e+22	3.55e-02	4.36e-01	5.29e-01	5.30e-05	4.87e-07	0.00e+00	0.00e+00	0.00e+00	0.00e+00	0.00e+00	0.00e+00
 7.00518e+22	3.69e-02	4.39e-01	5.24e-01	5.16e-05	4.77e-07	0.00e+00	0.00e+00	0.00e+00	0.00e+00	0.00e+00	0.00e+00
 7.00813e+22	3.85e-02	4.43e-01	5.19e-01	5.02e-05	4.66e-07	0.00e+00	0.00e+00	0.00e+00	0.00e+00	0.00e+00	0.00e+00
 7.01122e+22	4.01e-02	4.47e-01	5.13e-01	4.89e-05	4.56e-07	0.00e+00	0.00e+00	0.00e+00	0.00e+00	0.00e+00	0.00e+00
 7.01436e+22	4.17e-02	4.50e-01	5.08e-01	4.76e-05	4.46e-07	0.00e+00	0.00e+00	0.00e+00	0.00e+00	0.00e+00	0.00e+00
 7.01753e+22	4.35e-02	4.54e-01	5.02e-01	4.64e-05	4.37e-07	0.00e+00	0.00e+00	0.00e+00	0.00e+00	0.00e+00	0.00e+00
 7.02076e+22	4.53e-02	4.58e-01	4.96e-01	4.52e-05	4.28e-07	0.00e+00	0.00e+00	0.00e+00	0.00e+00	0.00e+00	0.00e+00
 7.02412e+22	4.72e-02	4.62e-01	4.91e-01	4.40e-05	4.19e-07	0.00e+00	0.00e+00	0.00e+00	0.00e+00	0.00e+00	0.00e+00
 7.02758e+22	4.90e-02	4.66e-01	4.85e-01	4.29e-05	4.10e-07	0.00e+00	0.00e+00	0.00e+00	0.00e+00	0.00e+00	0.00e+00
 7.03110e+22	5.10e-02	4.70e-01	4.79e-01	4.19e-05	4.02e-07	0.00e+00	0.00e+00	0.00e+00	0.00e+00	0.00e+00	0.00e+00
 7.03474e+22	5.30e-02	4.74e-01	4.73e-01	4.08e-05	3.94e-07	0.00e+00	0.00e+00	0.00e+00	0.00e+00	0.00e+00	0.00e+00
 7.03850e+22	5.50e-02	4.77e-01	4.67e-01	3.99e-05	3.86e-07	0.00e+00	0.00e+00	0.00e+00	0.00e+00	0.00e+00	0.00e+00
 7.04241e+22	5.72e-02	4.81e-01	4.62e-01	3.89e-05	3.78e-07	0.00e+00	0.00e+00	0.00e+00	0.00e+00	0.00e+00	0.00e+00
 7.04655e+22	5.94e-02	4.85e-01	4.55e-01	3.79e-05	3.70e-07	0.00e+00	0.00e+00	0.00e+00	0.00e+00	0.00e+00	0.00e+00
 7.05094e+22	6.16e-02	4.89e-01	4.50e-01	3.69e-05	3.63e-07	0.00e+00	0.00e+00	0.00e+00	0.00e+00	0.00e+00	0.00e+00
 7.05555e+22	6.40e-02	4.93e-01	4.43e-01	3.60e-05	3.55e-07	0.00e+00	0.00e+00	0.00e+00	0.00e+00	0.00e+00	0.00e+00
 7.06046e+22	6.66e-02	4.97e-01	4.37e-01	3.50e-05	3.46e-07	0.00e+00	0.00e+00	0.00e+00	0.00e+00	0.00e+00	0.00e+00
 7.06579e+22	6.93e-02	5.01e-01	4.30e-01	3.40e-05	3.38e-07	0.00e+00	0.00e+00	0.00e+00	0.00e+00	0.00e+00	0.00e+00
 7.07159e+22	7.23e-02	5.05e-01	4.23e-01	3.29e-05	3.29e-07	0.00e+00	0.00e+00	0.00e+00	0.00e+00	0.00e+00	0.00e+00
 7.07788e+22	7.55e-02	5.09e-01	4.15e-01	3.18e-05	3.20e-07	0.00e+00	0.00e+00	0.00e+00	0.00e+00	0.00e+00	0.00e+00
 7.08453e+22	7.88e-02	5.14e-01	4.07e-01	3.07e-05	3.10e-07	0.00e+00	0.00e+00	0.00e+00	0.00e+00	0.00e+00	0.00e+00
 7.09130e+22	8.24e-02	5.18e-01	3.99e-01	2.97e-05	3.01e-07	0.00e+00	0.00e+00	0.00e+00	0.00e+00	0.00e+00	0.00e+00
 7.09804e+22	8.59e-02	5.22e-01	3.92e-01	2.86e-05	2.92e-07	0.00e+00	0.00e+00	0.00e+00	0.00e+00	0.00e+00	0.00e+00
 7.10479e+22	8.94e-02	5.26e-01	3.85e-01	2.77e-05	2.83e-07	0.00e+00	0.00e+00	0.00e+00	0.00e+00	0.00e+00	0.00e+00
 7.11176e+22	9.30e-02	5.30e-01	3.77e-01	2.65e-05	2.74e-07	0.00e+00	0.00e+00	0.00e+00	0.00e+00	0.00e+00	0.00e+00
 7.11899e+22	9.70e-02	5.33e-01	3.69e-01	2.52e-05	2.64e-07	0.00e+00	0.00e+00	0.00e+00	0.00e+00	0.00e+00	0.00e+00
 7.12625e+22	1.01e-01	5.37e-01	3.62e-01	2.40e-05	2.56e-07	0.00e+00	0.00e+00	0.00e+00	0.00e+00	0.00e+00	0.00e+00
 7.13335e+22	1.05e-01	5.40e-01	3.55e-01	2.28e-05	2.47e-07	0.00e+00	0.00e+00	0.00e+00	0.00e+00	0.00e+00	0.00e+00
 7.14014e+22	1.09e-01	5.43e-01	3.48e-01	2.18e-05	2.39e-07	0.00e+00	0.00e+00	0.00e+00	0.00e+00	0.00e+00	0.00e+00
 7.14690e+22	1.13e-01	5.46e-01	3.40e-01	2.07e-05	2.31e-07	0.00e+00	0.00e+00	0.00e+00	0.00e+00	0.00e+00	0.00e+00
 7.15375e+22	1.18e-01	5.49e-01	3.33e-01	1.98e-05	2.23e-07	0.00e+00	0.00e+00	0.00e+00	0.00e+00	0.00e+00	0.00e+00
 7.16047e+22	1.22e-01	5.52e-01	3.26e-01	1.88e-05	2.15e-07	0.00e+00	0.00e+00	0.00e+00	0.00e+00	0.00e+00	0.00e+00
 7.16700e+22	1.26e-01	5.54e-01	3.19e-01	1.80e-05	2.07e-07	0.00e+00	0.00e+00	0.00e+00	0.00e+00	0.00e+00	0.00e+00
 7.17335e+22	1.31e-01	5.56e-01	3.13e-01	1.72e-05	2.00e-07	0.00e+00	0.00e+00	0.00e+00	0.00e+00	0.00e+00	0.00e+00
 7.17953e+22	1.35e-01	5.59e-01	3.06e-01	1.64e-05	1.93e-07	0.00e+00	0.00e+00	0.00e+00	0.00e+00	0.00e+00	0.00e+00
 7.18554e+22	1.40e-01	5.60e-01	3.00e-01	1.57e-05	1.87e-07	0.00e+00	0.00e+00	0.00e+00	0.00e+00	0.00e+00	0.00e+00
 7.19135e+22	1.45e-01	5.62e-01	2.93e-01	1.50e-05	1.80e-07	0.00e+00	0.00e+00	0.00e+00	0.00e+00	0.00e+00	0.00e+00
 7.19698e+22	1.49e-01	5.64e-01	2.87e-01	1.44e-05	1.74e-07	0.00e+00	0.00e+00	0.00e+00	0.00e+00	0.00e+00	0.00e+00
 7.20244e+22	1.54e-01	5.65e-01	2.81e-01	1.38e-05	1.68e-07	0.00e+00	0.00e+00	0.00e+00	0.00e+00	0.00e+00	0.00e+00
 7.20773e+22	1.59e-01	5.66e-01	2.75e-01	1.32e-05	1.62e-07	0.00e+00	0.00e+00	0.00e+00	0.00e+00	0.00e+00	0.00e+00
 7.21277e+22	1.64e-01	5.67e-01	2.69e-01	1.27e-05	1.57e-07	0.00e+00	0.00e+00	0.00e+00	0.00e+00	0.00e+00	0.00e+00
 7.21772e+22	1.69e-01	5.68e-01	2.63e-01	1.22e-05	1.52e-07	0.00e+00	0.00e+00	0.00e+00	0.00e+00	0.00e+00	0.00e+00
 7.22254e+22	1.74e-01	5.69e-01	2.57e-01	1.17e-05	1.47e-07	0.00e+00	0.00e+00	0.00e+00	0.00e+00	0.00e+00	0.00e+00
 7.22693e+22	1.78e-01	5.70e-01	2.52e-01	1.13e-05	1.42e-07	0.00e+00	0.00e+00	0.00e+00	0.00e+00	0.00e+00	0.00e+00
 7.23091e+22	1.83e-01	5.70e-01	2.47e-01	1.09e-05	1.38e-07	0.00e+00	0.00e+00	0.00e+00	0.00e+00	0.00e+00	0.00e+00
 7.23455e+22	1.87e-01	5.71e-01	2.42e-01	1.06e-05	1.34e-07	0.00e+00	0.00e+00	0.00e+00	0.00e+00	0.00e+00	0.00e+00
 7.23785e+22	1.91e-01	5.71e-01	2.38e-01	1.03e-05	1.31e-07	0.00e+00	0.00e+00	0.00e+00	0.00e+00	0.00e+00	0.00e+00
 7.24086e+22	1.95e-01	5.71e-01	2.34e-01	1.00e-05	1.28e-07	0.00e+00	0.00e+00	0.00e+00	0.00e+00	0.00e+00	0.00e+00
 7.24359e+22	1.98e-01	5.71e-01	2.31e-01	9.79e-06	1.25e-07	0.00e+00	0.00e+00	0.00e+00	0.00e+00	0.00e+00	0.00e+00
 7.24659e+22	2.03e-01	5.71e-01	2.26e-01	9.49e-06	0.00e+00	0.00e+00	0.00e+00	0.00e+00	0.00e+00	0.00e+00	0.00e+00
 7.24983e+22	2.07e-01	5.71e-01	2.22e-01	9.23e-06	0.00e+00	0.00e+00	0.00e+00	0.00e+00	0.00e+00	0.00e+00	0.00e+00
 7.25277e+22	2.10e-01	5.71e-01	2.19e-01	9.00e-06	0.00e+00	0.00e+00	0.00e+00	0.00e+00	0.00e+00	0.00e+00	0.00e+00
 7.25545e+22	2.14e-01	5.70e-01	2.16e-01	8.78e-06	0.00e+00	0.00e+00	0.00e+00	0.00e+00	0.00e+00	0.00e+00	0.00e+00
 7.25789e+22	2.17e-01	5.70e-01	2.13e-01	8.58e-06	0.00e+00	0.00e+00	0.00e+00	0.00e+00	0.00e+00	0.00e+00	0.00e+00
 7.26056e+22	2.21e-01	5.70e-01	2.09e-01	8.35e-06	0.00e+00	0.00e+00	0.00e+00	0.00e+00	0.00e+00	0.00e+00	0.00e+00
 7.26345e+22	2.25e-01	5.69e-01	2.05e-01	8.12e-06	0.00e+00	0.00e+00	0.00e+00	0.00e+00	0.00e+00	0.00e+00	0.00e+00
 7.26607e+22	2.29e-01	5.69e-01	2.02e-01	7.91e-06	0.00e+00	0.00e+00	0.00e+00	0.00e+00	0.00e+00	0.00e+00	0.00e+00
 7.26846e+22	2.32e-01	5.69e-01	1.99e-01	7.77e-06	0.00e+00	0.00e+00	0.00e+00	0.00e+00	0.00e+00	0.00e+00	0.00e+00
 7.27108e+22	2.36e-01	5.68e-01	1.96e-01	7.55e-06	0.00e+00	0.00e+00	0.00e+00	0.00e+00	0.00e+00	0.00e+00	0.00e+00
 7.27391e+22	2.39e-01	5.68e-01	1.94e-01	7.39e-06	0.00e+00	0.00e+00	0.00e+00	0.00e+00	0.00e+00	0.00e+00	0.00e+00
 7.27700e+22	2.44e-01	5.67e-01	1.90e-01	7.16e-06	0.00e+00	0.00e+00	0.00e+00	0.00e+00	0.00e+00	0.00e+00	0.00e+00
 7.28035e+22	2.47e-01	5.66e-01	1.87e-01	6.98e-06	0.00e+00	0.00e+00	0.00e+00	0.00e+00	0.00e+00	0.00e+00	0.00e+00
 7.28401e+22	2.52e-01	5.65e-01	1.83e-01	6.73e-06	0.00e+00	0.00e+00	0.00e+00	0.00e+00	0.00e+00	0.00e+00	0.00e+00
 7.28797e+22	2.57e-01	5.64e-01	1.79e-01	6.51e-06	0.00e+00	0.00e+00	0.00e+00	0.00e+00	0.00e+00	0.00e+00	0.00e+00
 7.29157e+22	2.62e-01	5.63e-01	1.76e-01	6.32e-06	0.00e+00	0.00e+00	0.00e+00	0.00e+00	0.00e+00	0.00e+00	0.00e+00
 7.29484e+22	2.66e-01	5.62e-01	1.72e-01	6.14e-06	0.00e+00	0.00e+00	0.00e+00	0.00e+00	0.00e+00	0.00e+00	0.00e+00
 7.29782e+22	2.71e-01	5.60e-01	1.69e-01	5.96e-06	0.00e+00	0.00e+00	0.00e+00	0.00e+00	0.00e+00	0.00e+00	0.00e+00
 7.30054e+22	2.74e-01	5.60e-01	1.67e-01	5.83e-06	0.00e+00	0.00e+00	0.00e+00	0.00e+00	0.00e+00	0.00e+00	0.00e+00
 7.30351e+22	2.79e-01	5.58e-01	1.63e-01	5.65e-06	0.00e+00	0.00e+00	0.00e+00	0.00e+00	0.00e+00	0.00e+00	0.00e+00
 7.30737e+22	2.84e-01	5.56e-01	1.59e-01	5.45e-06	0.00e+00	0.00e+00	0.00e+00	0.00e+00	0.00e+00	0.00e+00	0.00e+00
 7.31155e+22	2.89e-01	5.55e-01	1.56e-01	5.26e-06	0.00e+00	0.00e+00	0.00e+00	0.00e+00	0.00e+00	0.00e+00	0.00e+00
 7.31534e+22	2.95e-01	5.53e-01	1.52e-01	5.08e-06	0.00e+00	0.00e+00	0.00e+00	0.00e+00	0.00e+00	0.00e+00	0.00e+00
 7.31880e+22	2.99e-01	5.51e-01	1.49e-01	4.92e-06	0.00e+00	0.00e+00	0.00e+00	0.00e+00	0.00e+00	0.00e+00	0.00e+00
 7.32194e+22	3.04e-01	5.50e-01	1.46e-01	4.78e-06	0.00e+00	0.00e+00	0.00e+00	0.00e+00	0.00e+00	0.00e+00	0.00e+00
 7.32480e+22	3.09e-01	5.48e-01	1.43e-01	4.65e-06	0.00e+00	0.00e+00	0.00e+00	0.00e+00	0.00e+00	0.00e+00	0.00e+00
 7.32794e+22	3.14e-01	5.46e-01	1.40e-01	4.49e-06	0.00e+00	0.00e+00	0.00e+00	0.00e+00	0.00e+00	0.00e+00	0.00e+00
 7.33132e+22	3.19e-01	5.44e-01	1.37e-01	4.35e-06	0.00e+00	0.00e+00	0.00e+00	0.00e+00	0.00e+00	0.00e+00	0.00e+00
 7.33440e+22	3.24e-01	5.42e-01	1.34e-01	4.23e-06	0.00e+00	0.00e+00	0.00e+00	0.00e+00	0.00e+00	0.00e+00	0.00e+00
 7.33720e+22	3.27e-01	5.40e-01	1.32e-01	4.13e-06	0.00e+00	0.00e+00	0.00e+00	0.00e+00	0.00e+00	0.00e+00	0.00e+00
 7.34027e+22	3.33e-01	5.38e-01	1.29e-01	3.99e-06	0.00e+00	0.00e+00	0.00e+00	0.00e+00	0.00e+00	0.00e+00	0.00e+00
 7.34359e+22	3.38e-01	5.36e-01	1.26e-01	3.87e-06	0.00e+00	0.00e+00	0.00e+00	0.00e+00	0.00e+00	0.00e+00	0.00e+00
 7.34661e+22	3.43e-01	5.33e-01	1.24e-01	3.76e-06	0.00e+00	0.00e+00	0.00e+00	0.00e+00	0.00e+00	0.00e+00	0.00e+00
 7.34935e+22	3.46e-01	5.32e-01	1.22e-01	3.68e-06	0.00e+00	0.00e+00	0.00e+00	0.00e+00	0.00e+00	0.00e+00	0.00e+00
 7.35236e+22	3.52e-01	5.29e-01	1.19e-01	3.56e-06	0.00e+00	0.00e+00	0.00e+00	0.00e+00	0.00e+00	0.00e+00	0.00e+00
 7.35561e+22	3.56e-01	5.27e-01	1.17e-01	3.46e-06	0.00e+00	0.00e+00	0.00e+00	0.00e+00	0.00e+00	0.00e+00	0.00e+00
 7.35856e+22	3.61e-01	5.24e-01	1.14e-01	3.36e-06	0.00e+00	0.00e+00	0.00e+00	0.00e+00	0.00e+00	0.00e+00	0.00e+00
 7.36125e+22	3.64e-01	5.23e-01	1.13e-01	3.28e-06	0.00e+00	0.00e+00	0.00e+00	0.00e+00	0.00e+00	0.00e+00	0.00e+00
 7.36420e+22	3.69e-01	5.20e-01	1.10e-01	3.18e-06	0.00e+00	0.00e+00	0.00e+00	0.00e+00	0.00e+00	0.00e+00	0.00e+00
 7.36738e+22	3.74e-01	5.18e-01	1.08e-01	3.10e-06	0.00e+00	0.00e+00	0.00e+00	0.00e+00	0.00e+00	0.00e+00	0.00e+00
 7.37028e+22	3.79e-01	5.15e-01	1.06e-01	3.01e-06	0.00e+00	0.00e+00	0.00e+00	0.00e+00	0.00e+00	0.00e+00	0.00e+00
 7.37291e+22	3.82e-01	5.14e-01	1.04e-01	2.94e-06	0.00e+00	0.00e+00	0.00e+00	0.00e+00	0.00e+00	0.00e+00	0.00e+00
 7.37580e+22	3.87e-01	5.11e-01	1.02e-01	2.85e-06	0.00e+00	0.00e+00	0.00e+00	0.00e+00	0.00e+00	0.00e+00	0.00e+00
 7.37892e+22	3.90e-01	5.09e-01	1.01e-01	2.79e-06	0.00e+00	0.00e+00	0.00e+00	0.00e+00	0.00e+00	0.00e+00	0.00e+00
 7.38233e+22	3.96e-01	5.06e-01	9.82e-02	2.70e-06	0.00e+00	0.00e+00	0.00e+00	0.00e+00	0.00e+00	0.00e+00	0.00e+00
 7.38602e+22	4.00e-01	5.04e-01	9.64e-02	2.62e-06	0.00e+00	0.00e+00	0.00e+00	0.00e+00	0.00e+00	0.00e+00	0.00e+00
 7.39006e+22	4.06e-01	5.00e-01	9.38e-02	2.52e-06	0.00e+00	0.00e+00	0.00e+00	0.00e+00	0.00e+00	0.00e+00	0.00e+00
 7.39442e+22	4.11e-01	4.97e-01	9.16e-02	2.43e-06	0.00e+00	0.00e+00	0.00e+00	0.00e+00	0.00e+00	0.00e+00	0.00e+00
 7.39839e+22	4.17e-01	4.94e-01	8.93e-02	2.35e-06	0.00e+00	0.00e+00	0.00e+00	0.00e+00	0.00e+00	0.00e+00	0.00e+00
 7.40200e+22	4.21e-01	4.91e-01	8.78e-02	2.29e-06	0.00e+00	0.00e+00	0.00e+00	0.00e+00	0.00e+00	0.00e+00	0.00e+00
 7.40596e+22	4.27e-01	4.88e-01	8.53e-02	2.19e-06	0.00e+00	0.00e+00	0.00e+00	0.00e+00	0.00e+00	0.00e+00	0.00e+00
 7.41024e+22	4.32e-01	4.84e-01	8.33e-02	2.12e-06	0.00e+00	0.00e+00	0.00e+00	0.00e+00	0.00e+00	0.00e+00	0.00e+00
 7.41413e+22	4.37e-01	4.82e-01	8.17e-02	2.06e-06	0.00e+00	0.00e+00	0.00e+00	0.00e+00	0.00e+00	0.00e+00	0.00e+00
 7.41839e+22	4.44e-01	4.77e-01	7.91e-02	1.97e-06	0.00e+00	0.00e+00	0.00e+00	0.00e+00	0.00e+00	0.00e+00	0.00e+00
 7.42299e+22	4.49e-01	4.74e-01	7.72e-02	1.90e-06	0.00e+00	0.00e+00	0.00e+00	0.00e+00	0.00e+00	0.00e+00	0.00e+00
 7.42717e+22	4.55e-01	4.70e-01	7.51e-02	1.83e-06	0.00e+00	0.00e+00	0.00e+00	0.00e+00	0.00e+00	0.00e+00	0.00e+00
 7.43098e+22	4.58e-01	4.68e-01	7.39e-02	1.78e-06	0.00e+00	0.00e+00	0.00e+00	0.00e+00	0.00e+00	0.00e+00	0.00e+00
 7.43516e+22	4.65e-01	4.63e-01	7.17e-02	1.71e-06	0.00e+00	0.00e+00	0.00e+00	0.00e+00	0.00e+00	0.00e+00	0.00e+00
 7.43966e+22	4.70e-01	4.60e-01	7.00e-02	1.65e-06	0.00e+00	0.00e+00	0.00e+00	0.00e+00	0.00e+00	0.00e+00	0.00e+00
 7.44377e+22	4.74e-01	4.57e-01	6.86e-02	1.61e-06	0.00e+00	0.00e+00	0.00e+00	0.00e+00	0.00e+00	0.00e+00	0.00e+00
 7.44826e+22	4.81e-01	4.52e-01	6.64e-02	1.54e-06	0.00e+00	0.00e+00	0.00e+00	0.00e+00	0.00e+00	0.00e+00	0.00e+00
 7.45311e+22	4.86e-01	4.49e-01	6.48e-02	1.48e-06	0.00e+00	0.00e+00	0.00e+00	0.00e+00	0.00e+00	0.00e+00	0.00e+00
 7.45753e+22	4.92e-01	4.45e-01	6.30e-02	1.43e-06	0.00e+00	0.00e+00	0.00e+00	0.00e+00	0.00e+00	0.00e+00	0.00e+00
 7.46154e+22	4.96e-01	4.42e-01	6.19e-02	1.39e-06	0.00e+00	0.00e+00	0.00e+00	0.00e+00	0.00e+00	0.00e+00	0.00e+00
 7.46595e+22	5.02e-01	4.38e-01	6.00e-02	1.33e-06	0.00e+00	0.00e+00	0.00e+00	0.00e+00	0.00e+00	0.00e+00	0.00e+00
 7.47070e+22	5.07e-01	4.34e-01	5.86e-02	1.29e-06	0.00e+00	0.00e+00	0.00e+00	0.00e+00	0.00e+00	0.00e+00	0.00e+00
 7.47503e+22	5.12e-01	4.31e-01	5.74e-02	1.25e-06	0.00e+00	0.00e+00	0.00e+00	0.00e+00	0.00e+00	0.00e+00	0.00e+00
 7.47976e+22	5.18e-01	4.26e-01	5.55e-02	1.19e-06	0.00e+00	0.00e+00	0.00e+00	0.00e+00	0.00e+00	0.00e+00	0.00e+00
 7.48488e+22	5.24e-01	4.22e-01	5.41e-02	1.15e-06	0.00e+00	0.00e+00	0.00e+00	0.00e+00	0.00e+00	0.00e+00	0.00e+00
 7.48954e+22	5.28e-01	4.19e-01	5.29e-02	1.11e-06	0.00e+00	0.00e+00	0.00e+00	0.00e+00	0.00e+00	0.00e+00	0.00e+00
 7.49464e+22	5.35e-01	4.14e-01	5.11e-02	1.06e-06	0.00e+00	0.00e+00	0.00e+00	0.00e+00	0.00e+00	0.00e+00	0.00e+00
 7.50015e+22	5.41e-01	4.10e-01	4.97e-02	1.02e-06	0.00e+00	0.00e+00	0.00e+00	0.00e+00	0.00e+00	0.00e+00	0.00e+00
 7.50516e+22	5.45e-01	4.06e-01	4.85e-02	9.88e-07	0.00e+00	0.00e+00	0.00e+00	0.00e+00	0.00e+00	0.00e+00	0.00e+00
